OMI_NO2_yc_0.0167deg/OMI_NO2_yc_0.0167deg/OMI_NO2_2005_06-08.asc
ncols      200
nrows      200
xllcorner       110.913
yllcorner       33.7933
cellsize     0.0166667
NODATA_Value      -999.000
[rows 116 to 144 of 200, columns 0 to 66 of 200]
5.01403 4.88032 4.99228 5.01139 4.71958 4.69076 4.75367 4.89599 4.83412 4.67769 4.50698 4.58452 4.51839 4.51927 4.53380 4.45979 4.36701 4.41052 4.39374 4.34214 4.26535 4.23536 4.17416 3.89717 3.67915 3.53254 3.44784 3.20910 3.21443 3.17059 3.20311 3.23314 3.15532 3.02966 3.04392 3.09816 2.94048 2.81212 2.81068 2.91980 2.84128 2.78112 2.82835 2.93811 3.11436 3.14974 3.18679 3.27559 3.20688 3.00028 2.98027 2.93492 2.90336 2.93514 2.93526 3.09888 3.22308 3.17915 3.28320 3.44913 3.69645 3.90662 4.07098 4.16612 4.46282 4.19939 3.77015
5.20440 4.93914 4.88454 4.95371 4.53464 4.48946 4.50637 4.59613 4.50569 4.47204 4.37211 4.52626 4.50924 4.45719 4.45101 4.32433 4.31583 4.26009 4.25331 4.21967 4.15778 4.10601 4.08851 3.84460 3.69067 3.51252 3.46972 3.26549 3.21649 3.18523 3.18251 3.16959 3.09232 2.88673 2.86541 2.86520 2.77751 2.63560 2.64700 2.78915 2.79596 2.75101 2.78161 2.86755 3.01232 3.10877 3.17367 3.28179 3.40714 3.30383 3.20825 3.15474 3.19550 3.39485 3.53035 3.75292 3.92600 4.02286 4.06135 4.05903 4.15007 4.19944 4.22356 4.17478 4.51303 4.73532 4.33011
5.35714 5.03590 4.90022 5.01318 4.77244 4.68613 4.73133 4.79081 4.72887 4.71931 4.53792 4.48531 4.44814 4.42624 4.40075 4.26157 4.22618 4.10162 4.06845 4.04660 4.02388 3.99509 3.98787 3.81818 3.66328 3.48326 3.39474 3.14668 2.98230 2.92884 2.89996 2.88934 2.88067 2.69283 2.70394 2.75310 2.80293 2.66462 2.66413 2.76651 2.79673 2.75029 2.74772 2.84899 2.98548 3.12544 3.16211 3.26204 3.40444 3.51347 3.81657 3.93920 3.95788 3.97342 4.00792 3.96237 3.99320 4.00253 4.01781 4.03572 4.12960 4.27559 4.36213 4.32369 4.59083 5.04377 4.61899
5.39541 5.37469 5.25905 5.42415 5.22166 4.90462 4.88608 4.87574 4.77741 4.76098 4.56101 4.39173 4.31100 4.23927 4.22669 4.19603 4.12937 4.04679 4.00254 3.99917 3.96309 3.90850 3.83192 3.67249 3.39997 3.26516 3.17474 3.02837 2.79637 2.79013 2.78228 2.82506 2.89471 2.83710 2.81812 2.84018 2.89820 2.78573 2.72383 2.75408 2.80274 2.75388 2.71163 2.77554 2.89067 3.01508 3.06841 3.23437 3.35623 3.47657 3.95904 4.00726 3.99788 3.96972 3.98717 3.92973 3.93156 4.08630 4.14727 4.14906 4.16218 4.48613 4.60395 4.54175 4.54820 5.04459 4.80797
5.36244 5.48022 5.34509 5.36420 5.24672 4.81430 4.68480 4.64060 4.52304 4.54279 4.45703 4.31958 4.27499 4.19582 4.17470 4.17179 4.07468 4.00180 3.88335 3.81354 3.72778 3.70530 3.67063 3.59954 3.29719 3.21200 3.06888 3.03076 2.78864 2.82305 2.84823 2.89516 2.96179 2.94136 2.86429 2.86123 2.87280 2.81270 2.62107 2.62852 2.71647 2.75146 2.74548 2.78154 2.85020 2.98330 3.07746 3.20002 3.28545 3.43834 3.81184 4.03987 4.07277 4.06617 4.11105 4.05260 3.98920 4.08881 4.12575 4.11938 4.13772 4.44256 4.59175 4.50340 4.47867 4.76126 4.84770
5.36797 5.42342 5.29467 5.23754 5.03206 4.65413 4.50578 4.50265 4.42491 4.48406 4.44430 4.31902 4.23465 4.11584 4.05752 4.02240 3.90124 3.86794 3.72115 3.67954 3.58796 3.56150 3.48910 3.44273 3.32760 3.27039 3.14995 3.14140 2.90389 2.83467 2.79007 2.76502 2.77401 2.73601 2.73404 2.75455 2.78958 2.83643 2.69978 2.70236 2.74907 2.82993 2.83971 2.88826 2.93086 2.99223 3.14794 3.29403 3.38597 3.52451 3.74917 4.23013 4.23123 4.18835 4.15989 4.09560 3.96873 4.05252 4.10279 4.10183 4.13352 4.28509 4.52387 4.46622 4.45045 4.62076 5.01231
5.34276 5.36798 5.32278 5.23411 5.14585 4.76483 4.54950 4.53036 4.41299 4.46314 4.40944 4.28088 4.08242 3.98820 3.94080 3.94018 3.88295 3.82235 3.61549 3.56726 3.50592 3.52160 3.49761 3.43970 3.31347 3.17169 2.95033 2.89480 2.68162 2.53211 2.55667 2.61780 2.69292 2.73411 2.83765 2.87181 2.88189 2.94342 2.90698 2.84399 2.90250 3.05396 3.11019 3.12325 3.17473 3.21752 3.32990 3.49173 3.51546 3.59044 3.59670 4.23521 4.26690 4.27022 4.26149 4.20769 4.01675 4.06337 4.12515 4.13121 4.15369 4.20574 4.56335 4.49506 4.47397 4.48483 5.00199
5.31777 5.32941 5.37373 5.26245 5.17473 4.79862 4.45360 4.36503 4.21077 4.22683 4.25437 4.21488 4.01013 3.94060 3.84614 3.82179 3.78594 3.79943 3.68781 3.58235 3.45360 3.37931 3.27888 3.11747 2.93582 2.84538 2.71446 2.68318 2.66937 2.63339 2.71594 2.73921 2.77940 2.80579 2.87834 2.96010 2.97270 3.04606 3.10857 3.01349 3.02473 3.15273 3.22531 3.26849 3.32030 3.40121 3.47762 3.40877 3.47768 3.55709 3.59138 4.13246 4.32335 4.32650 4.30649 4.18840 4.00325 4.05508 4.07464 4.09204 4.09973 4.03538 4.29105 4.22362 4.09162 3.98483 4.22287
5.22449 5.28191 5.17078 4.96559 4.81335 4.52303 4.23901 4.13895 4.05920 4.02166 4.05899 4.04013 3.91731 3.82207 3.70076 3.64850 3.58029 3.53646 3.30060 3.17684 3.07921 3.00225 2.96825 2.84596 2.71861 2.77396 2.74701 2.71045 2.73355 2.70171 2.75578 2.78307 2.83446 2.87891 2.90839 3.05060 3.06791 3.12470 3.20950 3.21236 3.24651 3.37355 3.49485 3.57023 3.58753 3.64410 3.62685 3.46191 3.40709 3.45203 3.47990 3.84566 4.27684 4.23359 4.24766 4.06418 3.83895 3.74972 3.69859 3.66411 3.60955 3.50495 3.71113 3.83179 3.80175 3.80826 3.92772
5.21021 5.20784 5.09799 4.86126 4.79461 4.57143 4.22153 4.07482 3.99605 3.91436 3.92273 3.98380 3.89742 3.52301 3.43770 3.39175 3.34569 3.32671 3.14882 3.00282 2.92188 2.82434 2.83802 2.83715 2.77672 2.79446 2.86262 2.81139 2.80196 2.80256 2.85658 2.93630 3.01149 3.07155 3.09797 3.22472 3.27178 3.32020 3.42570 3.51101 3.47939 3.54943 3.64841 3.71216 3.58121 3.60519 3.63322 3.52850 3.44309 3.47395 3.51622 3.59491 3.86889 3.73718 3.60500 3.44280 3.42623 3.34639 3.37903 3.49477 3.55404 3.53690 3.64528 3.90408 3.94352 3.97223 3.96806
5.14380 5.15590 5.18132 4.97978 4.94277 4.84279 4.45085 4.26523 4.16746 4.14100 4.06583 4.07147 4.02349 3.58462 3.40349 3.33680 3.29617 3.29789 3.21913 3.07027 3.01117 2.95046 2.96084 2.95993 2.96491 2.93325 3.04176 3.04495 2.99810 2.98684 2.97700 3.07193 3.12924 3.18719 3.22883 3.34628 3.42403 3.45600 3.54144 3.63076 3.56274 3.57978 3.66410 3.72204 3.64301 3.58910 3.67269 3.64106 3.48882 3.47675 3.53683 3.50983 3.55758 3.58358 3.56221 3.54419 3.54108 3.49829 3.52181 3.63887 3.72865 3.74353 3.68796 3.86425 3.87460 3.90456 3.88992
5.00559 4.98474 4.95732 4.88367 4.75033 4.67787 4.40749 4.22872 4.03952 4.00975 3.87486 3.90819 3.85473 3.65086 3.40698 3.37444 3.37095 3.38255 3.36551 3.25993 3.19828 3.14964 3.12277 3.11967 3.15094 3.04394 3.14150 3.16508 3.08197 3.08294 3.05294 3.17903 3.27189 3.33499 3.36320 3.41195 3.49118 3.49974 3.54700 3.62208 3.60395 3.57786 3.60769 3.69318 3.72011 3.60006 3.62090 3.64190 3.53419 3.52092 3.59616 3.60185 3.67720 3.79069 3.83242 3.84455 3.79514 3.77010 3.76059 3.81538 3.87726 3.87155 3.82461 3.88858 3.93634 3.97734 3.94833
4.78759 4.80636 4.76959 4.83815 4.66383 4.58932 4.32041 4.08856 3.93002 3.94994 3.84588 3.89835 3.86751 3.81909 3.46313 3.43435 3.43420 3.44500 3.44607 3.35534 3.23816 3.21373 3.13697 3.14557 3.22597 3.15950 3.18344 3.23759 3.18574 3.22340 3.24787 3.31428 3.40697 3.47082 3.49964 3.53346 3.58166 3.59941 3.63398 3.73233 3.82782 3.78699 3.80781 3.84848 3.96271 3.86585 3.84066 3.92234 3.86276 3.81267 3.81606 3.87795 3.94504 4.07040 4.11223 4.10207 3.87450 3.75503 3.68158 3.72957 3.83215 3.85282 3.80430 3.80144 3.87600 3.90502 3.86368
4.90397 4.91853 4.94924 5.01756 4.82870 4.66944 4.47363 4.16446 4.04438 4.02753 3.95524 3.90885 3.89541 3.93751 3.53819 3.47380 3.46427 3.50730 3.54524 3.55012 3.46906 3.48751 3.34504 3.33032 3.37440 3.38931 3.36501 3.44248 3.40590 3.43203 3.46339 3.46587 3.53316 3.61252 3.68742 3.75841 3.81500 3.88588 3.90024 3.99814 4.10684 4.05067 4.06570 4.09922 4.33722 4.32064 4.30394 4.36559 4.31061 4.27273 4.17866 4.23281 4.19269 4.27898 4.26726 4.28503 3.98678 3.86046 3.74836 3.74702 3.82275 3.79567 3.75686 3.71971 3.85373 4.07984 4.07508
4.94562 4.94562 4.94933 4.89617 4.88467 4.64344 4.52222 4.19348 4.05861 4.00150 3.99027 3.88499 3.92551 3.99980 3.78000 3.65259 3.68099 3.69559 3.70142 3.68347 3.59924 3.61186 3.44085 3.38533 3.43093 3.49459 3.45600 3.56422 3.57359 3.51989 3.60582 3.62568 3.74435 3.85542 4.01024 4.08897 4.11127 4.12989 4.13172 4.20657 4.30967 4.31578 4.30782 4.32119 4.49187 4.51514 4.43041 4.46232 4.41889 4.38464 4.20389 4.24807 4.21012 4.29013 4.29440 4.30761 4.10195 3.89700 3.74286 3.73795 3.84566 3.85496 3.85537 3.83934 3.91921 4.23339 4.24063
4.99933 4.99004 4.98009 4.92746 5.00000 4.67625 4.61693 4.38550 4.22130 4.14971 4.13824 4.05906 4.05253 4.16592 4.06029 3.75340 3.74912 3.74352 3.75487 3.77812 3.76101 3.78186 3.68241 3.53389 3.53604 3.61339 3.58902 3.69853 3.82386 3.73482 3.81851 3.85144 3.90624 3.97343 4.08297 4.18222 4.21802 4.25954 4.32142 4.40987 4.48032 4.54144 4.36755 4.36337 4.48067 4.56294 4.48504 4.51167 4.51656 4.56814 4.37373 4.34945 4.31025 4.31879 4.31271 4.30865 4.20326 3.94908 3.88904 4.00987 4.03143 4.01896 3.97845 3.98803 4.05871 4.27973 4.36919
4.96127 4.99126 5.02489 5.00316 5.07098 4.74126 4.60418 4.47931 4.23455 4.09079 3.97157 3.86881 3.82335 3.88937 3.87335 3.74810 3.75337 3.80104 3.82463 3.83151 3.81109 3.79968 3.76619 3.53092 3.52280 3.74876 3.79136 3.85935 4.02023 3.96277 3.88760 3.90841 4.04947 4.18299 4.34970 4.51796 4.61866 4.67002 4.71167 4.78669 4.67342 4.75815 4.49631 4.46757 4.60627 4.78055 4.71750 4.57841 4.56937 4.60635 4.43120 4.31534 4.25293 4.31370 4.28736 4.29077 4.27984 3.93976 3.83463 4.01711 4.03442 4.06312 4.05622 4.15279 4.26259 4.47895 4.67452
4.84682 4.78728 4.72341 4.61686 4.50969 4.33226 4.18215 4.08476 3.85417 3.73135 3.67986 3.67445 3.64795 3.81308 3.90301 3.85370 3.83799 3.88117 3.92059 3.93696 3.93041 3.89441 3.94161 3.82223 3.85399 4.02354 4.12703 4.23355 4.45478 4.56950 4.48860 4.62106 4.60247 4.49366 4.66961 4.89152 4.92644 4.91873 4.87863 4.92716 4.88372 4.95236 4.87115 4.65665 4.67291 4.79381 4.77953 4.58986 4.67634 4.75897 4.69082 4.60265 4.61012 4.62259 4.46432 4.41297 4.44017 4.13714 4.04721 4.23371 4.33165 4.40494 4.45941 4.56467 4.66562 4.94663 5.33289
4.05770 3.94774 3.88868 3.92135 3.92170 4.05265 3.96329 3.93866 3.87963 3.86006 3.78467 3.78955 3.77907 3.88692 4.03003 3.98336 3.93026 3.98622 4.07780 4.12298 4.15706 4.17588 4.28698 4.34753 4.36197 4.46455 4.60754 4.63166 4.71250 4.90356 4.79884 4.99018 5.17753 4.92033 5.00014 5.10523 5.15903 5.16103 5.05788 5.09625 5.04482 5.00519 5.04276 4.71152 4.77268 4.90823 4.98692 4.82981 4.86070 4.92652 4.87188 4.71299 4.64496 4.66893 4.61884 4.59202 4.73658 4.63473 4.59223 4.62999 4.82020 4.98038 5.17493 5.37113 5.50805 5.61199 5.96137
3.80527 3.75454 3.72094 3.77639 3.80961 3.89961 3.83639 3.86556 3.81523 3.82893 3.76575 3.75872 3.75586 3.80191 4.03263 4.06287 4.07527 4.23667 4.33133 4.41811 4.49854 4.53801 4.64355 4.67947 4.60267 4.68132 4.91119 5.01412 5.16398 5.40661 5.30978 5.31993 5.50011 5.26174 5.26141 5.36873 5.42172 5.44684 5.28521 5.30447 5.31776 5.24023 5.25421 4.94341 4.77800 4.81819 4.89623 4.82253 4.80599 5.10019 5.09534 4.98164 4.87717 4.92798 5.02286 4.86459 5.02147 5.08677 5.21473 5.36527 5.70408 5.72389 5.80275 5.86400 5.91795 5.98289 6.20785
3.33491 3.54220 3.55883 3.62588 3.82682 3.89577 3.83613 3.89267 3.79898 3.83450 3.82178 3.92110 4.01529 4.07664 4.30363 4.46876 4.45257 4.53499 4.62010 4.65611 4.65744 4.70283 4.81451 4.87578 4.93572 4.95140 5.09183 5.19911 5.34776 5.62715 5.60141 5.54099 5.70476 5.55258 5.47453 5.55933 5.59133 5.57944 5.34868 5.26756 5.21125 5.14420 5.14679 5.01999 4.72155 4.74314 4.83703 4.81717 4.73624 5.09458 5.13379 5.16003 5.14064 5.30595 5.54809 5.43629 5.56049 5.54415 5.52123 5.59191 5.84710 5.88402 5.92887 5.94464 5.95581 5.99593 6.18646
3.43682 3.53906 3.61245 3.55853 3.89111 3.94583 3.98143 4.10735 4.18621 4.27102 4.31437 4.35358 4.41240 4.42094 4.51052 4.60582 4.54916 4.55052 4.65185 4.74808 4.80869 4.89559 5.02383 5.12784 5.21463 5.22862 5.37137 5.56341 5.62694 5.84329 5.83354 5.67514 5.66078 5.51338 5.28445 5.30163 5.41105 5.40923 5.22946 5.10910 5.09221 5.08647 5.07633 5.12841 4.68718 4.66216 4.76192 4.89570 4.95472 5.38874 5.56154 5.59027 5.67881 5.79880 5.91287 5.77097 5.73346 5.70675 5.66841 5.69646 5.88308 6.00387 6.01585 5.99716 5.98669 5.97681 6.09092
3.51029 3.80664 3.90193 3.91093 4.03724 4.06250 4.16507 4.31507 4.48377 4.50666 4.48373 4.49933 4.51170 4.47907 4.47450 4.68282 4.75790 4.79970 4.91766 5.00725 5.02051 5.07723 5.29374 5.50234 5.61263 5.56743 5.56509 5.70169 5.71698 5.88964 5.73138 5.52374 5.44269 5.34425 5.09833 5.08011 5.28713 5.29473 5.21041 5.06732 5.05027 5.09399 5.05825 5.09417 4.97327 5.02574 5.12541 5.25782 5.24785 5.33599 5.71242 5.82917 5.92954 6.03519 6.05934 6.01591 5.85941 5.84324 5.84547 5.85703 5.90476 5.95652 6.03765 6.09800 6.18006 6.26999 6.44130
3.66355 3.99250 4.01382 3.96923 4.00309 4.06654 4.10471 4.24705 4.61963 4.63018 4.63409 4.67541 4.67783 4.68396 4.69200 5.02386 5.17779 5.11101 5.11990 5.19958 5.30910 5.36300 5.50946 5.70084 5.76456 5.76014 5.77560 5.77921 5.75691 5.84539 5.74063 5.52408 5.41911 5.38768 5.17760 5.09972 5.26621 5.27138 5.18058 4.91463 4.76663 4.69279 4.73625 4.85151 4.93115 4.99242 5.01451 5.12279 5.12998 5.21090 5.69716 5.83373 5.90077 6.16743 6.18394 6.27433 6.10201 6.17523 6.24459 6.34554 6.36656 6.49301 6.54136 6.51028 6.52746 6.53122 6.56917
3.54911 3.84912 3.92354 3.91482 3.95494 4.07380 4.16721 4.25377 4.67064 4.74375 4.78492 4.85646 4.90924 4.85745 4.80466 4.92852 5.17359 5.12677 5.11716 5.21391 5.41726 5.53992 5.62500 5.80694 5.82352 5.79515 5.76417 5.72765 5.66628 5.68507 5.64425 5.32530 5.19690 5.11682 5.00195 4.89872 4.93844 4.95194 4.86461 4.69672 4.63600 4.64851 4.71638 4.80742 4.80276 4.88007 4.96351 5.10344 5.20465 5.24201 5.73339 5.93197 5.94897 6.21765 6.25456 6.32617 6.44810 6.52474 6.49516 6.52189 6.43920 6.45918 6.52711 6.53169 6.48380 6.46348 6.49280
3.76686 3.89926 4.02427 3.98593 3.96941 4.03310 4.11914 4.23017 4.51908 4.94940 4.99908 5.03243 5.00408 4.95992 4.96719 5.00190 5.36545 5.36987 5.33835 5.34685 5.42438 5.54383 5.52047 5.70033 5.69122 5.66374 5.59883 5.56590 5.50547 5.46738 5.50925 5.22060 5.01663 4.84833 4.66537 4.50703 4.56437 4.75350 4.79655 4.72506 4.56600 4.50705 4.51283 4.61829 4.70242 4.82668 5.03009 5.10544 5.23884 5.28743 5.65774 5.92205 5.94753 6.08100 6.18399 6.17091 6.32655 6.47097 6.44463 6.42737 6.35566 6.29709 6.42018 6.49529 6.43887 6.39479 6.34950
3.99325 4.01269 4.11262 4.14179 4.20869 4.30020 4.38903 4.48903 4.59835 5.07890 5.20845 5.26541 5.18467 5.15069 5.16493 5.12808 5.33138 5.39808 5.30731 5.11392 5.10930 5.32566 5.27904 5.43111 5.49636 5.50143 5.50280 5.49183 5.32162 5.18559 5.11422 4.78896 4.52216 4.43300 4.40495 4.29573 4.29018 4.53711 4.60571 4.56610 4.49155 4.50188 4.51510 4.61314 4.77573 4.85180 5.16909 5.27345 5.40981 5.40386 5.53260 5.72251 5.77832 5.84461 6.07898 6.05790 6.20043 6.40468 6.38574 6.21179 6.00690 6.08332 6.14795 6.21879 6.22308 6.20461 6.19186
4.36366 4.38958 4.48383 4.55200 4.58059 4.57288 4.56658 4.56747 4.54041 5.00517 5.25684 5.28954 5.22545 5.12265 5.10309 5.00444 5.06808 5.24972 5.12486 4.94382 4.89785 5.10687 5.10010 5.18308 5.25479 5.27319 5.25557 5.23280 5.08163 4.97099 4.91584 4.72567 4.33570 4.21319 4.12059 4.00704 3.93300 4.17887 4.31351 4.32289 4.45147 4.64888 4.71265 4.76636 4.91641 4.88644 5.11732 5.13452 5.15740 5.18546 5.29378 5.55188 5.65888 5.64926 5.88667 5.79414 5.71251 5.68893 5.55723 5.60505 5.67996 5.92224 6.05018 6.12814 6.18803 6.18623 6.18886
4.50014 4.48894 4.52745 4.55871 4.55961 4.55322 4.54726 4.52614 4.52291 4.81100 5.05763 5.01260 4.90051 4.71175 4.72688 4.69136 4.71592 5.04679 5.04339 4.90653 4.79332 4.84919 4.82900 4.83888 4.94142 5.01466 5.01208 5.03356 4.85346 4.61201 4.49289 4.36134 3.95196 3.86029 3.79059 3.73624 3.67414 3.83165 4.07407 4.15747 4.16500 4.34248 4.39156 4.43175 4.53759 4.55228 4.69872 4.84603 4.85752 4.92825 4.93051 5.11083 5.16289 5.00272 5.01164 5.08253 5.02712 5.11074 5.25139 5.42365 5.59821 5.73561 5.97414 6.06325 6.16434 6.12993 6.12671
