OMI_NO2_yc_0.0167deg/OMI_NO2_yc_0.0167deg/OMI_NO2_200608.asc
ncols      200
nrows      200
xllcorner       110.913
yllcorner       33.7933
cellsize     0.0166667
NODATA_Value      -999.000
[rows 29 to 57 of 200, columns 67 to 133 of 200]
2.17013 2.17013 2.17013 2.02814 1.93690 1.93690 1.92058 1.88146 1.82609 1.74492 1.69434 1.69100 1.68768 1.68437 1.68099 1.67766 1.67432 1.67102 1.66765 1.66430 1.66097 1.65766 1.65432 1.94098 2.63422 2.63282 2.63115 2.62946 2.62779 2.62614 2.97454 3.24871 3.28264 3.31560 3.35224 3.38847 3.22946 3.19818 3.11724 3.02782 2.93615 2.84409 2.82737 2.82756 2.85672 3.33434 3.53452 3.56554 3.57228 3.57228 3.57228 3.59567 4.09305 4.12121 4.12121 4.12121 4.12121 4.12121 4.35318 5.23947 6.31132 7.50726 8.51299 9.37134 9.99582 5.68485 5.16510
2.17013 2.17013 2.17013 2.02764 1.76392 1.66932 1.60472 1.60154 1.60071 1.60071 1.60071 1.60071 1.60071 1.60071 1.60071 1.60071 1.60071 1.60071 1.60071 1.60071 1.60071 1.60071 1.60071 1.60071 2.49230 2.61101 2.61101 2.61101 2.61101 2.61101 2.95437 3.62132 3.62132 3.62132 3.62132 3.62132 3.19433 2.83380 2.82737 2.82737 2.84398 2.89291 2.94266 2.99226 3.01287 3.29315 3.57228 3.57228 3.57228 3.57228 3.57228 3.57228 3.91081 4.12121 4.15343 4.89723 5.82459 6.64770 7.42377 9.86850 10.2476 10.2654 10.2832 10.3011 10.3188 7.75890 5.39970
2.17013 2.17013 2.17013 1.60071 1.60071 1.60071 1.60071 1.60071 1.60071 1.60071 1.60071 1.60071 1.60071 1.60071 1.60071 1.60071 1.60071 1.60071 1.60071 1.60071 1.60071 1.60071 1.60071 1.60071 2.18561 2.61101 2.61101 2.61101 2.61101 2.61101 2.78547 3.62132 3.62132 3.62132 3.62132 3.62132 3.49955 2.88521 2.92912 2.97887 3.01203 3.01287 3.01287 3.01287 3.01287 3.17163 3.75724 3.77514 3.79285 3.82938 4.55182 5.52061 6.49235 7.58435 8.22954 8.41599 8.42927 8.44217 8.44564 9.56414 10.5830 10.5830 10.5830 10.5830 10.5830 9.55215 5.64063
0.00000 0.00000 0.00000 0.00000 1.60071 1.60071 1.60071 1.60071 1.60071 1.60071 1.60071 1.60071 1.60071 1.60071 1.60071 1.60071 1.60071 1.60071 1.60071 1.60071 1.60071 1.60071 1.60071 1.60071 1.71706 2.59244 2.61101 2.61101 2.61101 2.61101 2.65476 3.61850 3.62499 3.69808 3.79765 3.89715 3.98196 3.17086 3.01287 3.01287 3.01287 3.01287 3.01287 3.01287 3.01287 3.02289 3.91546 5.43247 7.15848 7.82338 8.03394 8.03394 8.03559 8.38962 8.44564 8.44564 8.44564 8.46023 8.50081 8.93847 10.5830 10.5830 10.5317 10.4307 10.3297 10.1511 5.63712
0.00000 0.00000 0.00000 0.00000 1.60071 1.60071 1.60071 1.60071 1.60071 1.60071 1.60071 1.60071 1.60071 1.60071 1.60071 1.60071 1.60071 1.60071 1.60071 1.60071 1.60071 1.60071 1.60071 1.60071 1.60071 2.39104 2.61101 2.61101 2.61101 2.63583 2.68558 3.60665 3.96589 3.99231 3.99231 3.99231 3.99231 3.46882 3.01287 3.01287 3.01287 3.01287 3.01287 3.01287 3.01287 3.01287 3.75734 5.26559 8.03394 8.03394 8.03394 8.03394 8.03399 8.25968 8.50909 8.55017 8.59123 8.61766 8.59118 8.52498 10.0596 10.2451 10.1954 10.1954 10.1954 10.1954 7.52855
3.74979 3.74979 3.74979 3.74979 1.60071 1.60071 1.60071 1.60071 1.60071 1.60071 1.60071 1.60071 1.60071 1.60071 1.60071 1.60071 1.60071 1.60071 1.60071 1.60071 1.60071 1.60071 1.60071 1.60071 1.60071 2.09507 2.67202 2.72179 2.77156 2.79651 2.79651 3.37977 3.99231 3.99231 3.99231 3.99231 3.99231 3.90205 3.03347 3.01287 3.01287 3.01287 3.01287 3.01287 3.01287 3.01287 3.56442 4.03027 7.76907 8.06470 8.10576 8.14679 8.18781 8.25826 8.59812 8.52876 8.45296 8.37713 8.32834 8.32741 9.19508 10.1954 10.1954 10.1954 10.1954 10.1954 9.08408
3.74979 3.74979 3.74979 3.74979 1.60071 1.60071 1.60071 1.60071 1.60071 1.60071 1.60071 1.60071 1.60071 1.60071 1.60071 1.60071 1.60071 1.60071 1.60071 1.60071 1.60071 1.63334 2.02168 2.36118 2.59533 2.72850 2.78897 2.79651 2.79651 2.79651 2.79651 3.13664 3.99231 3.99231 3.99231 3.99231 3.99231 3.99231 3.22063 3.01287 3.01287 3.01287 3.01287 3.01287 3.02129 3.09099 3.47478 4.11884 6.83519 8.20646 8.21102 8.25521 8.30859 8.36195 8.34838 8.32741 8.32741 8.32741 8.32741 8.32741 8.59700 10.1954 10.1954 10.1954 10.1816 10.0796 9.89397
3.74979 3.74979 3.74979 3.74979 1.60071 1.60071 1.60071 1.60071 1.60071 1.60071 1.60071 1.60071 1.60071 1.60071 1.60071 1.60071 1.61045 1.65558 1.93970 2.35593 2.63462 2.82666 2.88381 2.90847 2.93276 2.95689 3.01217 3.06764 3.09178 3.11599 3.14020 3.29263 3.99231 3.99231 3.99231 3.99231 3.99231 3.99231 3.54853 3.01287 3.03046 3.10775 3.18974 3.27189 3.34563 3.35791 3.41070 4.22336 5.58455 8.34743 8.39623 8.40543 8.40543 8.40543 8.37656 8.32741 8.32741 8.32741 8.32741 8.32741 8.33103 9.68615 9.94674 9.96375 10.0312 10.1600 10.3012
4.64002 4.69303 4.74303 5.12644 6.61918 3.52277 2.61943 2.66860 2.71703 2.76530 2.81418 2.86335 2.91163 2.96020 3.04392 3.24112 3.37659 3.45210 3.48430 3.48440 3.48440 3.48440 3.48440 3.48440 3.48440 3.48440 3.49217 3.54571 3.54612 3.54612 3.54612 3.55423 3.97584 3.99231 3.99231 3.99231 3.99231 3.99231 3.95710 3.31283 3.35305 3.35791 3.35791 3.39810 3.50391 3.61071 3.71640 4.35076 4.52337 8.15012 8.40543 8.40543 8.40543 8.40543 8.40196 8.33126 8.32741 8.32929 8.42092 8.56008 8.66638 9.42029 10.4312 10.4742 10.4844 10.5352 10.5919
5.18448 5.18448 5.18448 5.31289 6.61918 4.96246 3.09993 3.09993 3.09993 3.09993 3.10299 3.22019 3.34295 3.42659 3.47906 3.48440 3.48440 3.48440 3.48440 3.48440 3.48440 3.48440 3.48440 3.48440 3.48440 3.48440 3.48440 3.52998 3.54612 3.54612 3.54612 3.54612 3.84625 3.99231 3.99231 3.99231 3.99231 3.99231 3.99231 3.55158 3.47470 3.58153 3.68836 3.75492 3.75584 3.75584 3.75584 4.14722 4.32204 7.19539 8.65109 8.68768 8.72571 8.86075 9.06489 9.21722 9.39695 9.61517 9.72935 9.78300 9.55580 9.78947 11.8300 11.9334 12.0100 12.0170 12.0170
5.18448 5.18448 5.18448 5.18945 6.45370 5.73109 3.09993 3.16043 3.30163 3.39779 3.46518 3.48440 3.48440 3.48440 3.48440 3.48440 3.48440 3.48440 3.48440 3.48440 3.48440 3.48440 3.48440 3.48440 3.48440 3.48440 3.48440 3.50648 3.54612 3.54612 3.54612 3.54612 3.73354 3.99231 3.99231 4.00329 4.16771 4.38124 4.59469 4.40143 3.75584 3.75584 3.75584 3.75584 3.75584 3.75584 3.75584 3.75584 3.75584 5.76645 9.73879 9.92716 10.1144 10.1897 10.1897 10.1629 10.0857 10.0857 10.0857 10.0857 9.86617 9.75611 11.4010 12.0170 12.0184 12.2800 12.7358
5.18448 5.18448 5.18448 5.17004 5.65444 5.56346 3.46765 3.48316 3.48440 3.48440 3.48440 3.48440 3.48440 3.48440 3.48440 3.48440 3.48440 3.48440 3.48440 3.48440 3.48440 3.48440 3.48440 3.48440 3.48440 3.48440 3.48440 3.48667 3.54243 3.54612 3.54612 3.54624 3.72267 4.32298 4.53651 4.73897 4.78816 4.78816 4.78816 4.78321 3.83354 3.75584 3.75584 3.75584 3.75584 3.75584 3.75584 3.75584 3.75584 3.89477 9.82451 10.1897 10.1897 10.1897 10.1897 10.1893 10.1338 10.1824 10.2448 10.3072 10.2415 10.0351 11.1845 13.1193 13.5737 13.7681 13.7681
5.06378 4.92334 4.81176 4.72726 4.92598 5.24402 3.80954 3.48440 3.48440 3.48440 3.48440 3.48440 3.48440 3.48440 3.48440 3.48440 3.48440 3.48440 3.48440 3.48440 3.48440 3.48440 3.48440 3.48440 3.48440 3.48440 3.48440 3.48440 3.54328 3.68233 3.78909 3.89573 4.02065 4.78816 4.78816 4.78816 4.78816 4.78816 4.78816 4.78816 4.09573 3.75584 3.75584 3.75584 3.75584 3.75584 3.75584 3.75584 3.75584 3.75584 8.21179 10.1919 10.2374 10.2998 10.3622 10.4245 10.4012 10.4806 10.9233 11.3791 11.8348 11.3200 11.3730 13.7140 13.7681 13.7681 13.7681
4.66779 4.66779 4.66779 4.66779 4.79111 5.24402 4.19417 3.48440 3.48440 3.48440 3.48440 3.48440 3.48440 3.48440 3.48440 3.48440 3.48440 3.48440 3.48440 3.48440 3.48440 3.48440 3.48440 3.48440 3.48006 3.43292 3.37483 3.31671 3.41980 3.94404 3.94404 3.94404 3.94760 4.70045 4.78816 4.78816 4.78816 4.78816 4.78816 4.78816 4.52151 3.75661 3.75584 3.75584 3.75584 3.75502 3.73479 3.71885 3.76334 3.81273 5.59524 8.88256 9.10763 10.4651 10.5505 10.6482 10.8695 12.0794 12.0998 12.0998 12.0998 11.6040 11.2042 12.8880 13.7681 13.7681 13.7681
4.66779 4.66779 4.66779 4.66779 4.69726 5.24126 4.57871 3.48440 3.48440 3.48440 3.48440 3.48440 3.48440 3.48440 3.48440 3.48440 3.48440 3.48440 3.48440 3.48440 3.48440 3.45503 3.39693 3.33880 3.28503 3.26282 3.22405 3.18528 3.14741 3.66660 3.73921 3.70008 3.66131 4.27481 4.78816 4.78816 4.78816 4.78816 4.78787 4.68027 4.52041 3.78536 3.67095 3.66972 3.71615 3.76160 3.81808 3.87342 3.88197 3.88452 4.05369 8.51805 8.91593 10.6952 10.8161 10.8161 10.8161 11.7751 12.0998 12.0998 12.0998 11.9475 11.2062 12.0102 13.9056 14.0051 13.7731
4.56321 4.53657 4.51006 4.48335 4.45684 4.79367 4.55871 2.96434 2.92533 2.88670 2.84816 2.80927 2.77014 2.73137 2.69273 2.65420 2.61507 2.56472 2.47204 2.37515 2.27865 2.21052 2.17163 2.13311 2.09434 2.06704 2.06632 2.06632 2.06632 2.36997 2.73631 2.73631 2.73631 3.47116 4.78816 4.78816 4.78816 4.20258 4.09124 4.06662 4.06662 3.90350 3.83141 3.87897 3.88197 3.88197 3.92645 4.02387 4.12135 4.21628 4.24527 7.40282 8.94834 10.1254 10.8161 10.8161 10.8161 11.2943 12.0998 12.0998 12.0988 11.7941 10.9171 10.5856 12.1712 11.7359 11.5265
4.14466 4.16694 4.15102 4.00002 4.00002 4.13005 4.23077 2.40303 2.27666 2.27666 2.27666 2.27666 2.27666 2.27491 2.23341 2.17528 2.11718 2.07040 2.06632 2.06632 2.06632 2.06632 2.06632 2.06632 2.06632 2.06632 2.06632 2.06632 2.06632 2.12695 2.72384 2.73631 2.73631 3.11916 4.78816 4.78816 4.78816 4.24588 4.06662 4.06662 4.06662 4.04269 3.90657 3.99721 4.09468 4.19215 4.24516 4.24527 4.24527 4.24527 4.24527 5.82492 8.94834 9.57785 10.8161 10.8161 10.5442 10.0582 10.6767 10.1929 9.64820 9.40829 9.46552 9.52301 10.7187 11.5265 11.5265
4.25699 4.23705 4.23180 4.01117 4.00002 4.07803 4.24237 2.82068 2.27666 2.27666 2.25495 2.19740 2.13926 2.08289 2.06632 2.06632 2.06632 2.06632 2.06632 2.06632 2.06632 2.06632 2.06632 2.06632 2.06632 2.06632 2.06632 2.06632 2.06632 2.06632 2.52910 2.73631 2.73631 2.84623 4.78816 4.78816 4.78816 4.44801 4.07883 4.19948 4.34563 4.49193 4.31530 4.24527 4.24527 4.24527 4.24527 4.24527 4.24527 4.24527 4.24527 4.35499 8.15853 8.08899 8.93961 8.39801 8.12455 8.12455 8.92589 9.40829 9.40829 9.40829 9.42173 9.64107 10.3762 11.5265 11.5265
4.30107 4.23705 4.23705 4.07727 4.00002 4.03418 4.23557 3.19255 2.16139 2.10325 2.08659 2.24850 2.41042 2.32133 2.06632 2.06632 2.06632 2.06632 2.06632 2.06632 2.06632 2.06632 2.06632 2.06632 2.06632 2.06632 2.06632 2.06632 2.06632 2.06632 2.27390 2.73631 2.73631 2.73631 4.37951 4.97387 5.26640 5.46440 4.60464 4.61156 4.61156 4.61156 4.44236 4.24527 4.24527 4.24527 4.24527 4.24527 4.24527 4.24527 4.24527 4.24527 6.06386 6.92968 7.85592 8.03656 7.92202 7.81330 8.00236 9.41757 10.0703 10.4902 10.9100 10.9173 10.8970 11.7154 12.0145
4.35606 4.26051 4.27232 4.17949 4.02716 4.01240 4.04714 3.54261 2.47915 2.60280 2.69884 2.71463 2.71463 2.61393 2.06632 2.06632 2.06632 2.06632 2.06632 2.06632 2.06632 2.06632 2.06632 2.06632 2.06632 2.06632 2.06632 2.06632 2.06632 2.06632 2.07885 2.72958 2.93548 3.08169 4.52388 5.87804 5.87804 5.87804 4.81636 4.61156 4.61156 4.61156 4.58148 4.23926 4.21441 4.19987 4.18602 4.17283 4.16027 4.14828 4.13685 4.12591 4.85435 6.32688 6.64792 7.24972 7.56467 7.87950 8.19853 9.94839 11.2166 11.3593 11.5360 11.4748 11.2208 11.8381 12.4250
4.89170 4.66731 4.51729 4.45743 4.32462 4.30663 4.10547 3.93035 2.71961 2.71463 2.71463 2.71463 2.71463 2.71333 2.18184 2.06632 2.06632 2.06632 2.06632 2.06632 2.06632 2.06632 2.06632 2.06632 2.06632 2.06632 2.06632 2.06766 2.07777 2.08947 2.10117 2.75328 3.28125 3.28125 4.06350 5.87804 5.87804 5.87804 5.11874 4.61156 4.45811 4.30572 4.28937 4.14854 4.09327 4.09327 4.09327 4.09327 4.09327 4.10213 4.17051 4.50310 4.96466 7.43090 8.05729 8.32775 8.35343 8.51433 8.71935 9.52491 11.8924 11.8978 11.8978 11.8423 11.2360 11.4517 12.4250
4.71470 4.60622 4.42732 4.42586 4.30645 4.29711 4.16875 4.02510 2.91088 2.71463 2.71463 2.71463 2.71463 2.71463 2.43168 2.06632 2.06632 2.06632 2.06632 2.06708 2.16946 2.33205 2.17018 2.06638 2.07333 2.08503 2.09673 2.10709 2.10867 2.10867 2.10867 2.31100 3.28090 3.28125 3.67574 5.77535 5.72457 5.67303 5.38238 4.54032 4.45150 4.24280 4.24586 4.21301 4.11656 4.14250 4.25278 4.61896 5.02667 5.43515 5.74576 5.77698 5.76046 7.19098 7.99570 8.11484 8.22397 8.20762 8.17615 8.18301 9.71320 9.72074 9.66416 11.3516 11.3871 11.2298 12.1389
4.67211 4.67094 4.45602 4.42732 4.33567 4.26763 4.16884 3.92817 3.22492 2.88662 3.00474 3.12268 3.23595 3.34431 3.41015 3.33679 3.48192 3.61931 3.74894 3.87260 3.94987 4.00322 3.47551 2.80391 2.86399 2.91939 2.97769 3.04009 3.10535 3.17369 3.24622 3.32458 5.18756 5.80583 5.77117 4.73589 4.72960 4.72960 4.72960 4.50903 4.55844 4.33718 4.36224 4.35993 4.84195 5.22529 5.46313 5.47731 5.47731 5.46299 5.43203 5.39607 5.35566 6.17518 7.75353 7.75353 7.75353 7.75353 7.75353 7.75353 8.71296 9.12561 9.12561 10.6057 11.1998 9.77719 9.24889
4.12300 4.04220 3.90691 3.79405 3.82890 4.04277 4.05476 3.85338 4.07578 4.44184 4.44408 4.44408 4.44408 4.44408 4.44426 4.61734 4.66117 4.67033 4.68203 4.69373 4.70239 4.70285 4.47842 3.53288 3.53288 3.53288 3.53288 3.53288 3.53288 3.53288 3.53288 3.53288 4.51068 5.87804 5.87804 4.83889 4.72960 4.72960 4.72960 4.72960 4.72960 4.44491 4.36549 4.36549 5.09182 5.46974 5.44086 5.40638 5.36595 5.34373 5.34373 5.34373 5.34373 5.41074 7.62607 7.75353 7.75353 7.75353 7.75353 7.59109 7.75394 7.97657 7.36183 7.40332 8.74663 7.72984 7.56235
3.54242 3.54242 3.54004 3.52377 3.63959 4.17464 4.17464 3.97067 4.01747 4.44408 4.44408 4.44408 4.44408 4.44768 4.45548 4.55792 4.70037 4.70285 4.70285 4.70285 4.70285 4.70285 4.65783 3.54961 3.53288 3.53288 3.53288 3.53288 3.53288 3.53288 3.53288 3.53288 3.69423 5.80885 5.87804 5.00373 4.72960 4.72960 4.72960 4.72960 4.72960 4.51050 4.22148 4.04176 4.29197 5.34529 5.34373 5.34373 5.34373 5.34373 5.34373 5.34373 5.34373 5.34373 6.84110 7.21314 6.76653 6.26572 5.69870 5.34501 5.50770 6.19695 6.19695 6.52042 8.81274 7.95655 7.72256
3.54242 3.54242 3.54242 3.52832 3.52650 4.11901 4.17464 4.02805 3.94636 4.41859 4.45255 4.46032 4.46812 4.48117 4.56341 4.67977 4.70285 4.69849 4.64905 4.60345 4.70139 4.70285 4.70285 3.90301 3.53288 3.53288 3.53288 3.53288 3.53288 3.53288 3.53288 3.53288 3.53288 5.08444 5.87804 5.21816 4.72960 4.72649 4.61030 4.38847 4.05967 3.63627 3.58934 3.58250 3.58613 5.08324 5.21802 5.20052 5.18403 5.15053 5.06551 4.98628 4.91670 4.85452 4.88048 5.07275 5.05785 5.04317 5.02864 5.02382 5.05769 5.50840 5.96681 6.35913 9.08430 8.74585 8.00181
3.54242 3.54242 3.54242 3.53547 3.52357 3.95347 4.17793 4.08866 3.95582 4.35665 4.61126 4.71010 4.80896 4.89582 4.86669 4.81431 4.60185 4.52546 4.51887 4.51887 4.64354 4.70285 4.70285 4.25113 3.53288 3.53288 3.53288 3.53288 3.53288 3.53288 3.53288 3.53288 3.53288 4.19867 4.56700 4.12642 3.71357 3.42516 3.31415 3.31085 3.31028 3.31223 3.41487 3.41928 3.42216 4.20058 4.68789 4.66037 4.64404 4.63512 4.65035 4.66829 4.68682 4.70605 4.73046 4.98337 5.03959 5.07845 5.15332 5.23105 5.28074 5.32901 5.82101 6.79821 9.48569 10.6940 9.57187
4.46193 4.51314 4.56435 4.60993 4.45513 4.79414 5.28599 5.13699 4.24955 4.58285 4.86938 4.81658 4.77104 4.73312 4.72425 4.72425 4.63607 4.51887 4.51887 4.51887 4.57548 4.70285 4.70285 4.49452 3.53288 3.53288 3.53288 3.53288 3.53288 3.53288 3.51361 3.40238 3.27937 3.16332 3.04803 3.04857 3.30512 3.31028 3.31028 3.31144 3.34987 3.39817 3.45827 3.48843 3.50896 3.77754 4.81861 4.83166 4.83166 4.83166 4.83166 4.83166 4.82178 4.73473 4.66069 4.71128 4.80335 5.33743 5.34879 5.34879 5.34879 5.34879 7.14499 8.61361 9.88095 11.1349 10.1210
4.85761 4.93115 5.00528 5.07935 4.95312 4.92734 5.44027 5.34418 4.29437 4.39453 4.72425 4.72425 4.72425 4.72425 4.72425 4.72425 4.69830 4.51890 4.51887 4.51887 4.52736 4.69555 4.70285 4.66666 3.56223 3.53288 3.53079 3.44856 3.32550 3.20241 3.09863 3.08671 3.08671 3.08671 3.06334 3.03941 3.31160 3.43019 3.46573 3.49567 3.50463 3.50463 3.50463 3.50463 3.49907 3.47911 4.52055 4.60107 4.49158 4.39834 4.33219 4.27094 4.21972 4.22088 4.21349 4.22176 4.27238 5.01963 5.08933 5.07109 5.05286 5.03491 6.28176 8.26694 9.10707 11.1349 10.6784
