OMI_NO2_yc_0.0167deg/OMI_NO2_yc_0.0167deg/OMI_NO2_200506.asc
ncols      200
nrows      200
xllcorner       110.913
yllcorner       33.7933
cellsize     0.0166667
NODATA_Value      -999.000
[rows 58 to 86 of 200, columns 0 to 66 of 200]
2.88705 2.77504 2.63534 2.66516 2.77683 2.79656 2.80456 2.84381 2.84215 2.86100 2.87859 2.81618 2.97736 3.02307 3.02272 3.02272 3.04991 3.60327 3.91261 4.40989 4.53231 4.54015 4.80867 4.96562 5.07032 5.07002 5.10810 5.68078 6.11558 6.24275 6.38523 6.52773 6.65035 6.66606 6.77548 7.01276 7.01276 7.01276 7.13035 7.26537 7.42878 7.43152 7.43423 7.43697 7.45368 8.04607 8.36460 7.61692 7.44313 7.15945 7.02987 7.03618 7.03979 7.04458 6.70254 6.21890 5.88939 5.89185 5.57428 5.37034 5.33515 5.29994 4.66227 4.39468 4.38026 4.36581 4.35667
2.56131 2.92232 3.31872 3.65762 3.84051 4.02826 3.99526 3.66131 2.91083 2.91083 2.91083 2.86130 2.92305 3.03121 3.04968 3.06816 3.08665 3.51937 3.93280 4.21084 4.54054 4.55281 4.73322 4.95158 5.12265 5.20762 5.36310 5.94070 6.59972 6.78525 6.79825 6.81138 6.82436 6.83737 6.87236 7.05984 7.06280 7.06551 7.13149 7.26746 7.47738 7.49296 7.52853 7.56727 7.60601 8.08454 8.48533 8.11810 7.48398 7.32360 7.15255 7.15279 7.15444 7.15633 7.00595 6.27509 5.88593 5.77768 5.52826 5.22222 5.21918 5.17755 4.78485 4.38265 4.39150 4.40033 4.40916
4.51060 4.55255 4.55261 4.55768 4.35089 4.31052 4.18966 3.96636 2.97355 2.95406 2.97753 2.98428 3.03708 3.34795 3.36882 3.38978 3.41059 3.71486 4.13228 4.25609 4.76810 4.82238 5.02638 5.45068 5.74766 5.84674 5.84674 6.04934 6.65796 6.91145 6.91145 6.91145 6.91145 6.91145 6.91816 7.09418 7.15858 7.20054 7.25423 7.46050 7.66098 7.70991 7.62454 7.53602 7.44782 7.67558 8.24483 8.33325 7.42713 7.39946 7.17356 7.13913 7.07681 7.01216 6.94971 6.12754 5.70260 5.42247 5.25805 4.78527 4.73522 4.72371 4.67242 4.44440 4.44440 4.44440 4.44440
4.67021 4.67850 4.68677 4.68999 4.54749 4.41225 4.40501 4.12275 3.36681 3.06899 3.06899 3.06899 3.02310 3.49099 3.49104 3.49104 3.49104 3.69351 4.20133 4.41197 4.97150 5.31116 5.31713 5.62783 5.76533 5.84674 5.84674 5.87059 6.54207 6.99323 7.03527 7.07720 7.11919 7.16118 7.19646 7.30185 7.35734 7.29901 7.24445 7.32636 7.36973 7.39517 7.42988 7.51118 7.59264 7.72537 7.96959 8.05359 7.30287 6.97503 6.75263 6.62540 6.62341 6.62341 6.62341 6.10055 5.62287 5.25467 5.24291 4.74162 4.72371 4.72371 4.72224 4.46779 4.44440 4.41856 4.35942
4.68999 4.68999 4.68999 4.68999 4.66960 4.49487 4.49190 4.21385 3.69122 3.06899 3.06899 3.06899 2.99718 3.42451 3.58817 3.75697 3.90940 4.09988 4.42430 4.56076 4.77791 5.33224 5.35434 5.62140 5.87321 6.04960 6.09161 6.12935 6.52138 7.15128 7.20459 7.23616 7.26136 7.24643 7.27302 7.36589 7.49302 7.57936 7.66187 7.82546 7.99651 8.06501 8.11122 8.06578 7.99347 7.91703 7.42620 7.61465 7.37538 6.87052 6.79624 6.62341 6.62341 6.62341 6.62341 6.34855 5.74027 5.27833 5.25467 4.84735 4.72371 4.70549 4.64758 4.40413 4.24971 4.22097 4.25299
4.68999 4.68999 4.68999 4.68999 4.68999 4.53963 4.49190 4.30951 4.00681 3.06952 3.11468 3.29996 3.44282 3.83468 4.07218 4.10145 4.13092 4.16626 4.47598 4.67966 4.71077 5.38507 5.46282 5.61960 5.97627 6.21683 6.29421 6.35917 6.59313 7.43914 7.74521 7.74169 7.74451 7.78745 7.78881 7.81699 7.94925 7.94925 7.94925 7.95387 8.02533 7.94192 7.86831 7.84180 7.84180 7.84180 7.53683 7.57065 7.59882 6.92397 6.86474 6.64051 6.62341 6.62341 6.62341 6.57788 5.77219 5.39510 5.18742 4.83825 4.53790 4.51040 4.54527 4.47086 4.33917 4.37104 4.37669
4.68999 4.68999 4.68999 4.68999 4.68999 4.60801 4.49895 4.53726 4.42710 3.79645 3.78987 3.82758 3.85060 3.97503 4.25646 4.25670 4.27104 4.32039 4.57346 4.84143 4.90233 5.35399 5.75624 5.83100 6.33488 6.60990 6.76115 6.81868 6.86202 7.20315 7.79981 7.80114 7.80240 7.80373 7.80500 7.79338 7.87673 7.81550 7.74447 7.70250 7.86050 7.86791 7.85758 7.85334 7.84881 7.84456 7.66176 7.48801 7.61853 7.18114 6.87052 6.72035 6.62341 6.61645 6.56502 6.50574 5.79820 5.35007 5.08922 4.95897 4.65303 4.69242 4.70911 4.68769 4.46206 4.44651 4.41048
4.59245 4.55297 4.47758 4.48394 4.57618 4.64505 4.58515 4.56659 4.67128 4.21434 3.81613 3.80877 3.80380 4.07072 4.52235 4.57615 4.61684 4.62673 4.83175 5.02233 5.04310 5.21379 5.89990 5.95151 6.34457 6.58525 6.75934 6.75377 6.74798 6.83243 7.66525 7.65924 7.59544 7.51763 7.43947 7.37602 7.48051 7.52009 7.51420 7.50871 7.61154 7.67490 7.66533 7.66533 7.66533 7.66533 7.61438 7.27021 7.59647 7.42264 6.77851 6.64417 6.36271 6.27023 6.22566 6.18880 5.90933 5.59846 5.17003 5.12826 4.84772 4.82742 4.79066 4.77960 4.51513 4.49557 4.53468
4.30199 4.37432 4.46028 4.49234 4.48043 4.48811 4.43855 4.41682 4.52170 4.40918 3.80828 3.81052 3.81052 4.02439 4.58983 4.61186 4.64465 4.70886 4.90918 5.15986 5.13750 5.13773 5.72633 5.89292 6.11164 6.41418 6.67894 6.68245 6.64177 6.57624 7.26608 7.37254 7.36140 7.36459 7.36777 7.37094 7.39015 7.38581 7.37669 7.36741 7.41612 7.52499 7.50350 7.49384 7.48367 7.43786 7.38265 6.91169 7.01812 6.84006 6.10280 5.89002 5.87201 5.87966 5.87966 5.85513 5.75526 5.44437 5.18712 5.17011 4.97163 4.96150 4.99608 4.99773 4.79708 4.65859 4.64508
4.46609 4.50631 4.54651 4.58679 4.60651 4.60651 4.57520 4.50525 4.54680 4.63195 3.86648 3.81441 3.85425 4.01701 4.69093 4.87256 4.90766 4.91130 4.96917 5.26372 5.17895 5.18215 5.48960 5.94369 5.99680 6.34219 6.51276 6.49697 6.46854 6.46856 6.98227 7.40165 7.40165 7.40165 7.40165 7.40165 7.37574 7.30335 7.29300 7.27760 7.27223 7.27249 7.20956 7.16167 7.10766 7.07766 7.05800 6.71836 6.65417 6.50722 6.10626 5.66721 5.64635 5.60786 5.51345 5.43039 5.35010 5.01924 5.03800 5.07779 4.89577 4.78534 4.75198 4.71858 4.63751 4.53745 4.53745
4.61778 4.61909 4.62039 4.62170 4.62300 4.62431 4.62394 4.53255 4.57434 4.76822 4.28824 4.06673 4.09221 4.09974 4.69797 4.94346 4.94346 4.94346 4.94450 5.28947 5.20336 5.23998 5.32244 5.71725 5.68309 6.10604 6.32658 6.46854 6.46854 6.46854 6.72979 7.39301 7.37760 7.36221 7.34680 7.33141 7.31108 7.20414 7.19951 7.20684 7.19663 7.10534 7.03581 6.92895 6.88196 6.84582 6.77776 6.51503 6.27860 6.13642 5.84816 5.24206 5.17016 5.13663 5.10529 5.08706 5.08676 4.90159 4.81640 4.91004 4.81153 4.68447 4.68447 4.68447 4.67083 4.53792 4.53745
4.62805 4.62805 4.62805 4.62805 4.62805 4.62805 4.62805 4.71473 4.78694 4.88597 4.62356 4.09221 4.09221 4.09221 4.49149 4.94346 4.94403 4.97446 5.02185 5.34659 5.36102 5.34811 5.34811 5.56573 5.68920 5.96278 6.20304 6.41567 6.40029 6.38489 6.40611 7.26809 7.29586 7.29586 7.29634 7.29794 7.28135 7.16262 7.07745 7.00309 6.94472 6.84698 6.70815 6.42305 6.37095 6.31548 6.19014 5.99315 5.55380 5.35496 5.26262 5.10036 5.04251 5.08102 5.08676 5.08676 5.08676 4.98652 4.78904 4.90450 4.86181 4.68447 4.68447 4.68447 4.64474 4.41797 4.28699
4.62805 4.62805 4.62805 4.62805 4.62805 4.62805 4.62805 4.66547 4.78694 4.84498 4.86072 4.10106 4.09221 4.10689 4.34596 5.04420 5.09860 5.11821 5.13623 5.35216 5.45238 5.41987 5.43774 5.54792 5.80068 5.87641 6.07015 6.34127 6.38996 6.48760 6.58907 7.02068 7.02965 6.96455 6.90224 6.83263 6.77744 6.70123 6.66495 6.66495 6.66495 6.64711 6.49668 6.12009 5.92770 5.78101 5.73587 5.71827 5.40869 5.39124 5.26262 5.18123 5.04237 5.06577 5.08676 5.08676 5.08676 5.06709 4.78989 4.86997 4.87756 4.56298 4.44982 4.34402 4.27566 4.18500 4.11539
4.62805 4.62805 4.62805 4.62805 4.62805 4.62805 4.62805 4.62831 4.76632 4.80824 4.97018 4.38511 4.26402 4.31723 4.40001 5.12044 5.23086 5.24861 5.25102 5.36579 5.62552 5.63217 5.73247 5.83620 6.23055 6.37626 6.72297 7.03370 7.21420 7.21955 7.22131 7.00094 6.75206 6.75133 6.75038 6.74938 6.74843 6.71634 6.62121 6.47577 6.32437 6.17256 6.00469 5.84403 5.72444 5.72343 5.72250 5.71881 5.47803 5.43070 5.28541 5.25227 5.05222 5.05036 5.08676 5.08676 5.07216 4.98999 4.66769 4.53771 4.50238 4.31852 4.25932 4.23914 4.21684 4.15305 4.03290
4.63316 4.63586 4.63854 4.64122 4.64157 4.63182 4.65108 4.69534 4.81620 4.91636 5.19520 4.86799 4.46977 4.51379 4.55719 5.45978 5.87464 5.99148 6.10831 6.25206 6.48937 6.25625 6.25283 6.25287 6.44927 6.61934 6.80638 6.97923 7.14887 7.14572 7.14266 7.05025 6.66908 6.66625 6.64846 6.51812 6.36540 6.20138 6.01113 6.00280 6.00066 5.99855 5.93672 5.82396 5.62659 5.62448 5.62233 5.62023 5.47509 5.41795 5.34693 5.26262 5.11485 4.95628 4.89388 4.79225 4.65817 4.58707 4.42224 4.29761 4.30399 4.15069 4.02012 4.00667 4.03161 4.07542 3.99203
4.67804 4.66435 4.66340 4.70782 4.79376 4.89649 4.97011 4.99097 4.94072 4.97289 5.09500 5.10343 4.80309 4.80213 4.80181 5.58082 6.28907 6.28907 6.28907 6.28569 6.50490 6.20787 6.22498 6.28722 6.33799 6.58874 6.68768 6.84710 7.09264 7.09515 7.09216 6.98625 6.41763 6.22622 6.09600 6.07830 6.08297 6.08754 5.94906 5.92107 5.91415 5.90734 5.86882 5.78827 5.53284 5.51436 5.50756 5.50067 5.42746 5.18747 5.17084 4.70106 4.55430 4.37870 4.30863 4.18300 4.17867 4.17867 4.16595 4.12103 4.14534 4.12569 4.02999 4.09185 4.11960 4.11960 4.00383
4.96980 5.00130 4.96754 4.88827 4.76977 4.64476 4.51983 4.42256 4.41559 4.56894 4.68952 4.95499 4.81870 4.80181 4.80129 5.18803 6.30276 6.32839 6.35206 6.37716 6.54248 6.33625 6.28293 6.32035 6.34203 6.57761 6.67853 6.82218 6.88754 6.80040 6.65750 6.61392 6.32179 6.15013 6.15013 6.15013 6.15013 6.15013 5.93135 5.82724 5.82724 5.82754 5.82291 5.64914 5.41763 5.31027 5.29686 5.30780 5.31174 5.15158 5.20920 4.76419 4.62860 4.45071 4.41244 4.24667 4.27805 4.34575 4.41187 4.40225 4.40002 4.35612 4.15840 4.16978 4.18120 4.19260 4.06012
4.46498 4.41114 4.41006 4.40898 4.40790 4.40682 4.40575 4.40467 4.40359 4.49191 4.59786 4.91313 4.84579 4.84990 4.92197 5.06036 6.37570 6.45131 6.45131 6.45131 6.55571 6.45833 6.32871 6.34716 6.40409 6.40271 6.19592 6.31021 6.48105 6.61794 6.61794 6.61794 6.45116 6.15153 6.15035 6.15131 6.15233 6.15336 6.00833 5.83252 5.83354 5.83999 5.86494 5.64174 5.50701 5.42147 5.47703 5.50833 5.50832 5.37027 5.35522 5.12570 4.77319 4.73629 4.66543 4.55845 4.56297 4.57425 4.58402 4.54179 4.50028 4.45978 4.25377 4.22636 4.22636 4.22636 4.14367
4.39765 4.39765 4.39765 4.39765 4.39765 4.39765 4.40144 4.49955 4.63114 4.79894 4.71230 4.99638 5.12344 5.03939 5.03939 5.03939 6.07770 6.45131 6.45131 6.45210 6.52635 6.57535 6.39152 6.41059 6.45630 6.43980 6.12373 6.24183 6.40406 6.62004 6.62106 6.62209 6.56906 6.17535 6.15712 6.15718 6.15718 6.15670 6.09793 5.89859 5.95344 6.00229 6.03178 5.85638 5.63662 5.55435 5.55382 5.55333 5.55630 5.54504 5.66084 5.73549 5.25569 5.17160 4.80278 4.70600 4.58990 4.58990 4.58990 4.56302 4.51290 4.46159 4.30542 4.22636 4.22636 4.22636 4.21527
4.41050 4.39765 4.40052 4.49549 4.62676 4.77394 4.96021 5.06346 5.13166 5.15734 4.94907 4.97782 5.16771 5.04326 5.03939 5.03939 5.72413 6.48678 6.51248 6.53737 6.55483 6.70084 6.41652 6.41945 6.44904 6.47514 6.24903 6.18930 6.35685 6.60018 6.62314 6.61209 6.61773 6.22538 6.13470 6.18785 6.24223 6.29710 6.32742 6.02699 6.01778 6.01760 6.01760 5.95092 5.64587 5.61764 5.69138 5.78003 5.86397 5.86158 5.87533 5.87941 5.45921 5.24519 4.89167 4.77796 4.59110 4.58990 4.58990 4.58357 4.51548 4.47624 4.35707 4.24791 4.31301 4.37941 4.44578
4.69791 4.75140 4.92865 5.03708 5.10749 5.15526 5.15734 5.15734 5.15734 5.15734 5.05251 4.89105 5.17386 5.10242 5.09207 5.12099 5.45093 6.55542 6.55871 6.56201 6.56526 6.75006 6.44417 6.43485 6.49550 6.60638 6.57688 6.40019 6.67624 6.77538 6.82445 6.88652 6.93199 6.51324 6.33385 6.34048 6.34048 6.34048 6.34048 6.08958 6.01760 6.04680 6.13392 6.22239 5.98471 5.93544 5.89857 5.90330 5.90805 5.88485 5.88536 5.87941 5.69203 5.24519 5.05422 4.80260 4.63960 4.58990 4.58990 4.60220 4.59612 4.62333 4.61711 4.45139 4.41296 4.37328 4.32487
5.23941 5.14487 5.15734 5.15734 5.15734 5.15734 5.15734 5.15886 5.17919 5.22257 5.26217 5.04685 5.25517 5.25343 5.18141 5.20824 5.31551 6.71369 6.87720 6.96994 7.06361 7.26307 7.06458 7.04864 7.07735 7.12884 7.15270 6.87832 7.03114 7.13524 7.15496 7.16758 7.17991 6.94635 6.53937 6.59418 6.60640 6.63265 6.72478 6.64782 6.60401 6.67616 6.68989 6.70186 6.48437 6.32083 6.25974 6.26767 6.27510 6.21641 6.02730 5.87941 5.86863 5.30150 5.20815 4.81850 4.77013 4.70419 4.75530 4.78971 4.70725 4.55529 4.44126 4.20147 4.17333 4.15000 4.13582
5.49455 5.23759 5.26214 5.28817 5.31420 5.34840 5.40108 5.48053 5.59188 5.67986 5.75596 5.62304 5.66863 5.81814 5.94311 6.02887 6.05924 6.91074 7.24832 7.23766 7.22685 7.24460 7.37845 7.48766 7.52434 7.56724 7.59552 7.40985 7.33554 7.47078 7.46175 7.46157 7.46157 7.41146 6.83197 6.99791 7.08656 7.16163 7.16960 7.06053 6.84505 6.84394 6.84284 6.84175 6.72163 6.46509 6.37744 6.37199 6.37090 6.34177 6.13781 5.86361 5.91312 5.64655 5.49661 5.31947 5.24586 4.86254 4.85859 4.86642 4.75366 4.38074 4.31313 4.25663 4.28931 4.34313 4.39646
5.63308 5.54072 5.63753 5.74098 5.83989 5.92063 5.98379 6.01991 6.00573 5.99028 5.97581 5.88780 5.71685 5.86348 6.01952 6.04744 6.04744 6.57139 7.20736 7.22526 7.26187 7.30892 7.44688 7.57081 7.56536 7.56029 7.55978 7.49756 7.22385 7.41739 7.45304 7.53386 7.61705 7.69639 7.12404 7.07560 7.07876 7.07331 7.06861 7.04337 6.82384 6.82377 6.82377 6.82377 6.80115 6.48048 6.43609 6.43330 6.47384 6.52506 6.46283 6.31069 6.34687 6.29147 5.88351 5.73380 5.43163 5.00370 4.84482 4.85595 4.88893 4.48300 4.48889 4.44513 4.37531 4.34769 4.32001
5.68181 5.88663 5.99915 5.99241 5.99614 6.01023 6.02464 6.03908 6.05353 6.06794 6.08241 6.09151 5.84553 5.99751 6.13298 6.23558 6.28759 6.49575 7.22664 7.24391 7.24237 7.24359 7.32795 7.48913 7.48913 7.48913 7.51605 7.60245 7.41925 7.61889 7.69634 7.69114 7.69114 7.69114 7.29868 7.02021 7.06806 7.06711 7.04369 7.01087 6.76460 6.70096 6.66820 6.63538 6.61353 6.66321 6.69240 6.70305 6.75110 6.78587 6.70343 6.51796 6.40142 6.39394 5.91781 5.77467 5.40458 5.18681 4.85803 4.86370 4.84052 4.49298 4.29557 4.21933 4.15626 4.15626 4.15626
5.88263 5.99726 6.20634 6.21208 6.21208 6.21208 6.21208 6.21208 6.21208 6.20851 6.14750 6.06824 5.97549 6.10142 6.26290 6.43305 6.43676 6.44278 7.16295 7.24237 7.24237 7.24237 7.29835 7.55096 7.65296 7.74067 7.80681 7.81396 7.67337 7.59498 7.69904 7.67156 7.63878 7.60596 7.37969 6.82752 6.88446 6.85265 6.84326 6.84326 6.69185 6.69908 6.84870 7.00167 7.14659 7.28992 7.33554 6.78779 6.78921 6.79204 6.72787 6.52384 6.14601 6.07417 5.76744 5.43674 5.38795 5.31666 4.79408 4.78079 4.78079 4.59373 4.29344 4.24119 4.15626 4.15626 4.15626
5.92213 5.93910 6.20684 6.21208 6.21208 6.20896 6.14983 6.06929 6.00403 5.96853 5.99069 6.03148 6.05060 6.12858 6.25719 6.42720 6.43676 6.43676 6.95571 7.29212 7.39090 7.48961 7.59644 7.75602 7.81560 7.83897 7.86304 7.89196 7.89229 7.59585 7.48952 7.46742 7.46634 7.46675 7.49673 6.89107 7.05969 7.19465 7.34980 7.50580 7.55236 7.47312 7.47942 7.48225 7.48489 7.49184 7.52176 6.91988 6.77730 6.73850 6.65433 6.47870 5.97941 5.97906 5.92054 5.43969 5.41640 5.35633 4.95247 4.78079 4.78079 4.72937 4.29690 4.26294 4.16656 4.15626 4.12112
5.92213 5.91928 6.08616 6.07162 5.99590 5.95489 5.97546 6.01716 6.04392 6.04442 6.04442 6.04442 6.02500 6.01380 6.24648 6.39820 6.54955 6.65052 7.07712 7.65314 7.68015 7.70714 7.73714 7.85915 7.96708 7.96768 7.96768 7.97260 7.96755 7.72881 7.46210 7.56389 7.69232 7.77128 7.84533 7.64796 7.67169 7.72908 7.72976 7.72976 7.68250 7.48547 7.48547 7.48547 7.46919 7.43065 7.42403 6.99318 6.65814 6.65814 6.63861 6.52458 6.06489 5.97906 5.97906 5.58047 5.43402 5.36722 5.15047 4.78079 4.78079 4.78079 4.36095 4.17353 3.98701 3.86488 3.77812
5.66906 5.61234 5.80191 6.00191 6.03880 6.04442 6.04442 6.04442 6.02615 5.98186 5.93994 5.93023 6.03106 6.18959 6.55203 6.79978 6.94573 6.97046 7.07283 7.74364 7.69902 7.68217 7.67381 7.72946 7.84956 7.83991 7.83023 7.81971 7.82218 7.76044 7.50519 7.64201 7.95507 8.00072 7.99363 7.84104 7.66957 7.69342 7.68546 7.67751 7.65762 7.38382 7.32545 7.27875 7.24828 7.24015 7.25424 7.06835 6.53406 6.52614 6.51738 6.37602 6.21531 5.97906 5.97906 5.77966 5.43424 5.39541 5.31338 4.71727 4.61962 4.53558 4.18609 3.93279 3.79177 3.72716 3.74550
