OMI_NO2_yc_0.0167deg/OMI_NO2_yc_0.0167deg/OMI_NO2_200502.asc
ncols      200
nrows      200
xllcorner       110.913
yllcorner       33.7933
cellsize     0.0166667
NODATA_Value      -999.000
[rows 29 to 57 of 164, columns 0 to 66 of 200]
       :*                 2*               <*                 <*                2*                 8*                 :*                 =*                 2*               ?*                2*                  9*               3*      *     2      *     9     *    9       *        =      *       $     *     $      *     $     *     $       <*            ;*           
     ?*                 8*                ;*              9*                  =*                    ?*                 8*                  ;*                  9*                  ?*                   2*              ?*                  9*                   <*              ?*                    >*                   8*             
*        :     *       >     *       >      *     3      *    $     *       $       *     $      *    $    <*                3*                 :*                   <*               2*                 8*               >*                 =*                       >*                    >*                 8*  
             :*                 :*               8*                   2*                     8*                 8*              3*                 ;*                9*                   ?*               >*                    8*            ;*    *        :       *     >      *        3      *         =     *       $     
9.37136 9.70351 10.0365 7.94433 7.18033 7.20932 7.20932 7.20932 6.76531 5.66519 5.21844 4.62685 4.62685 3.90598 3.62927 3.61211 3.48270 3.38601 3.37988 3.39303 3.21336 3.27512 2.57495 2.44826 2.36420 2.18773 2.36071 3.18199 3.19293 3.19837 3.19914 3.15612 3.16492 3.17696 3.16766 3.15338 3.13299 3.10434 3.26718 3.27750 3.52187 3.66025 3.48933 3.32231 3.59960 3.86441 3.82914 3.87077 3.87350 4.45398 4.58070 4.55899 4.53734 4.52040 4.51916 4.51916 4.51916 4.51916 4.70694 4.69001 4.57053 4.33637 4.47098 4.83408 4.95184 5.02336 5.06113
10.6418 10.4080 10.4377 9.24491 7.35038 7.37993 7.40909 7.43882 7.43198 6.05015 5.71630 4.62577 4.62570 3.93201 3.33102 3.38872 3.41370 3.35999 3.42547 3.43527 3.22345 3.16909 2.76437 2.39538 2.39449 2.18702 2.21126 3.11357 3.27707 3.29604 3.30560 3.11217 3.02487 3.06182 2.94697 2.78879 2.65470 2.50508 2.44847 2.44831 2.61511 3.16963 3.16963 3.16963 3.33489 3.91414 3.84443 3.84335 3.81569 4.12406 4.51916 4.51916 4.51916 4.51916 4.51264 4.45153 4.37822 4.24354 4.13146 4.11200 4.20322 4.58382 4.58913 5.05068 5.09489 5.09489 5.09489
11.7161 10.9947 10.9947 10.7898 7.93212 7.84878 7.84878 7.84878 7.84878 6.86988 6.27091 4.74326 4.77873 4.53162 3.64269 3.68048 3.81656 3.60637 3.74991 3.99485 3.87009 3.43680 3.34466 2.64021 2.63499 2.39065 2.29970 2.84523 3.28635 3.12891 2.94274 2.62114 2.31396 2.25393 2.24161 2.24163 2.25797 2.25949 2.30835 2.44675 2.45087 3.09216 3.18567 3.19840 3.21424 3.91121 3.88947 3.92026 3.94030 4.14090 4.51908 4.47863 4.38427 4.15928 3.91857 3.73218 3.56929 3.48642 3.53299 3.83271 3.92941 4.65315 4.62993 4.89350 5.14026 5.24941 5.09843
12.1747 10.9947 10.9947 11.0253 8.91402 7.99232 8.04890 8.15045 8.29198 7.95902 7.16824 6.23496 6.14312 6.35274 5.17985 5.56350 5.89387 5.07547 4.62757 4.62678 4.49290 3.46407 3.45414 2.82033 2.66420 2.55796 2.38125 2.44377 2.36345 2.36250 2.37073 2.30400 2.09107 2.13801 2.24161 2.24161 2.25413 2.26263 2.28546 2.47417 2.48793 2.89732 3.22263 3.25485 3.30458 3.85571 4.22229 4.19028 3.95235 3.74297 3.81557 3.61856 3.46940 3.47317 3.50338 3.53360 3.55275 3.57133 3.68606 4.00052 4.21303 4.87702 5.13582 5.32222 5.79210 5.87688 5.47506
12.8756 11.5946 11.5007 11.5599 10.7175 8.98521 9.33129 9.63348 9.89566 10.2366 9.19519 8.46077 7.93987 8.13866 6.56904 6.15889 6.15630 5.58753 4.62658 4.65768 4.69203 3.83953 3.59595 3.28965 2.80328 2.77191 2.46047 2.44301 2.34527 2.34853 2.37073 2.36433 2.10323 2.09599 2.23982 2.26722 2.28740 2.30550 2.31225 2.49647 2.56314 2.75294 3.35650 3.32236 3.17489 3.24631 3.64481 3.32631 3.21543 3.19473 3.41105 3.60952 3.76201 3.88703 4.00326 4.11501 4.22248 4.31186 4.32914 4.45365 4.70433 5.05543 5.52934 5.65912 6.12236 6.23884 5.97320
13.9990 12.9476 12.9918 13.3057 13.3217 10.6525 10.7504 11.0022 11.2539 11.3783 10.3688 9.29899 8.14844 8.15874 7.06362 6.22915 6.26358 6.17719 4.80896 4.79255 4.79255 4.30724 3.62761 3.57172 2.82644 2.80328 2.55356 2.44370 2.37986 2.33896 2.38409 2.39854 2.21171 2.15306 2.23666 2.32652 2.36097 2.40343 2.42849 2.54933 2.59351 2.53125 2.72820 2.62498 2.61127 2.62644 3.43916 3.35503 3.36181 3.30982 3.73868 4.32334 4.32334 4.34777 4.40789 4.46820 4.52852 4.58893 4.63905 4.63551 4.85264 4.93553 5.56075 5.61877 5.84126 6.12889 5.99214
15.8341 13.9665 13.9866 14.2382 14.4734 12.5098 11.3772 11.3743 11.2812 11.0391 10.4834 9.79709 8.31716 8.34230 7.68956 6.32552 6.32552 6.32552 5.15311 4.79255 4.79255 4.69218 3.64485 3.62761 3.07284 2.80682 2.69671 2.47480 2.46699 2.40478 2.42912 2.46382 2.37329 2.25451 2.28870 2.40124 2.38320 2.34543 2.29017 2.31819 2.40875 2.41529 2.55297 2.67920 2.70441 2.72079 3.26541 3.47435 3.45430 3.43400 3.59922 4.47914 4.52333 4.54279 4.52671 4.51025 4.49573 4.48631 4.48153 4.48819 4.63206 4.75798 5.27862 5.49922 5.58384 6.03048 6.03113
15.7039 14.8436 14.4356 14.1625 13.7531 12.6051 10.5616 10.3202 10.1703 10.1681 10.1622 10.0287 8.55849 8.34290 8.09318 6.43130 6.32624 6.32690 5.61835 4.79524 4.79590 4.79189 3.91748 3.56765 3.32807 2.87217 2.85731 2.55652 2.58138 2.52127 2.53967 2.55427 2.52701 2.34360 2.38150 2.28879 2.26173 2.23805 2.23512 2.27988 2.43691 2.45033 2.49116 2.66121 2.65819 2.65369 2.97509 3.73072 3.62662 3.57823 3.51661 4.22572 4.38540 4.38892 4.39261 4.39627 4.39809 4.39480 4.39125 4.38764 4.42289 4.68016 5.07696 5.67787 5.91525 5.96557 6.00473
14.7627 13.6064 12.8613 12.6000 12.5971 12.5497 10.3525 10.1526 10.1394 10.1262 10.1131 10.0018 8.93476 8.41205 8.38723 6.81007 6.42473 6.42952 6.16494 4.85301 4.82826 4.80818 4.36771 3.65434 3.64776 3.08384 3.06219 2.94463 2.83553 2.76038 2.72765 2.73100 2.69601 2.64558 2.65272 2.43814 2.38347 2.27916 2.21450 2.21991 2.38245 2.39299 2.39556 2.57998 2.61105 2.61081 2.63833 3.68933 3.58962 3.57674 3.50900 3.94162 4.38070 4.38081 4.38081 4.38081 4.38081 4.39182 4.46503 4.55320 4.70074 5.15810 5.46266 5.99575 6.29196 6.44506 6.56887
13.6716 13.2487 12.5670 12.3482 12.3350 12.3219 10.8698 9.88196 9.88196 9.88196 9.88196 9.83146 9.23331 8.55608 8.52994 7.30051 6.42852 6.34904 6.29148 4.94200 4.72712 4.68654 4.55504 3.56270 3.52776 3.14502 2.84413 2.78394 2.63274 2.60524 2.52741 2.54309 2.58491 2.67549 2.72551 2.59166 2.42692 2.34550 2.22528 2.22528 2.35156 2.39552 2.39552 2.50702 2.61291 2.61817 2.61779 3.38919 3.66569 3.60683 3.53948 3.68674 4.38081 4.38179 4.43408 4.53613 4.76719 5.02468 5.20545 5.36818 5.47077 5.73083 6.30464 6.41800 6.56163 6.58323 6.58323
13.5948 13.5063 12.6250 12.3152 12.3110 12.3110 11.7161 9.86037 9.82775 9.79502 9.74073 9.66395 9.22035 8.16815 7.99083 7.08938 5.30723 5.04599 4.77126 4.53343 4.45608 4.43858 4.43204 3.74688 3.43247 3.27275 2.75089 2.73555 2.61990 2.59881 2.54286 2.55277 2.63592 2.67931 2.73455 2.67985 2.43974 2.38915 2.22528 2.22528 2.31528 2.40248 2.40780 2.45149 2.63207 2.63214 2.62791 3.02778 3.72265 3.60683 3.58723 3.64965 4.76637 5.10581 5.31567 5.46392 5.47830 5.46706 5.45582 5.44980 5.44864 5.43582 6.17645 6.18028 6.26080 6.23330 6.14774
13.4922 13.4623 12.7299 12.1925 12.0806 12.0479 11.9822 9.76161 9.34997 9.20158 9.06847 8.94563 8.63184 7.09973 6.95784 6.53541 4.67223 4.44970 4.43375 4.40687 4.38038 4.35612 4.32872 3.97907 3.34603 3.33209 2.77902 2.68167 2.61948 2.57234 2.55649 2.54535 2.60983 2.65443 2.73455 2.73337 2.48225 2.42995 2.24533 2.24114 2.29672 2.41240 2.40668 2.40098 2.57597 2.60504 2.63922 2.87768 4.16119 4.31577 4.52959 4.49567 5.09183 5.47123 5.43166 5.32927 5.22874 5.12465 5.01554 4.90120 4.78262 4.72727 5.20053 5.35046 5.28681 5.13309 4.88940
13.1293 13.2695 12.8120 11.9649 11.7651 11.6728 11.5939 9.99901 8.64507 8.55854 8.47200 8.38551 8.27850 7.12267 6.76611 6.62269 4.96683 4.33108 4.30702 4.29234 4.28690 4.27678 4.27570 4.23056 3.35641 3.31959 3.00825 2.68167 2.66059 2.56722 2.56684 2.54535 2.57591 2.64487 2.73789 2.75110 2.58457 2.44093 2.27867 2.22358 2.23541 2.38685 2.39300 2.40582 2.69657 3.13747 3.25793 3.33990 4.28831 4.58699 4.53401 4.43678 4.50276 4.82696 4.74179 4.73889 4.66790 4.43263 4.19090 3.94890 3.70703 3.47678 3.68514 4.47157 4.63213 4.82782 4.85117
12.6388 12.7020 12.5999 11.5618 11.4474 11.3609 11.2744 10.6315 8.34153 8.32989 8.30072 8.34689 8.54769 7.29901 6.60963 6.59234 5.31572 4.26382 4.26382 4.26382 4.27189 4.27570 4.27570 4.27570 3.63898 3.31959 3.23774 2.68467 2.68342 2.59051 2.58674 2.55732 2.55536 2.63124 2.69796 2.72612 2.64184 2.43895 2.32015 2.23468 2.24586 2.41700 2.43947 2.43131 2.54723 3.20338 3.18129 3.19341 3.76143 4.51551 4.45423 4.27386 3.94298 4.08907 3.85810 3.62204 3.45696 3.45615 3.46194 3.47798 3.51692 3.55664 3.60207 4.52926 4.71668 4.94588 4.92629
12.5695 12.4058 12.2954 11.5039 11.1735 11.0706 10.9764 11.0522 9.13067 9.01260 9.25962 9.43131 9.43694 7.93525 6.57878 6.57878 5.86159 4.27571 4.26382 4.26382 4.26831 4.27570 4.27570 4.28567 3.98769 3.32393 3.31020 2.88067 2.76813 2.71901 2.64492 2.62247 2.62202 2.68639 2.78302 2.84694 2.82669 2.57525 2.48405 2.32777 2.32298 2.35462 2.35697 2.34520 2.33474 2.99583 3.13613 3.14045 3.31167 3.74706 3.36995 3.28878 3.17743 3.40329 3.49808 3.51186 3.54635 3.58116 3.61589 3.64045 3.64208 3.64286 3.64364 4.16405 4.66168 4.80644 4.69991
12.2661 12.1497 12.2025 11.9374 11.3412 11.5311 11.7117 11.7203 10.5720 9.43694 9.43694 9.43694 9.43694 8.71266 6.57175 6.56560 6.43511 5.03746 4.73716 4.75862 4.77234 4.71101 4.69785 4.67285 4.60647 3.60180 3.53925 3.30485 2.95340 2.91525 2.74653 2.67117 2.61130 2.58356 2.65111 2.73201 2.72376 2.56360 2.47952 2.34113 2.32950 2.32568 2.32610 2.32652 2.32694 2.71950 3.13488 3.13488 3.20153 3.45856 3.39048 3.30374 3.26180 3.37944 3.62844 3.64942 3.64967 3.64967 3.64967 3.64967 3.63486 3.59065 3.55054 3.62441 4.29260 4.27390 4.19351
12.6882 12.5875 12.5358 12.4754 11.5098 11.4411 11.4213 11.4019 11.0247 9.08037 9.05958 9.03997 9.02045 8.88155 6.60205 6.44368 6.44185 5.49815 4.68658 4.65050 4.61726 4.57992 4.56792 4.56206 4.46750 3.74184 3.40142 3.34295 2.71143 2.67020 2.53074 2.49029 2.45142 2.44981 2.54233 2.66608 2.67070 2.57665 2.46613 2.34292 2.32732 2.32733 2.32733 2.32733 2.32733 2.44677 3.13431 3.13369 3.16772 3.35451 3.45400 3.29047 3.30043 3.33391 3.64813 3.62702 3.60058 3.56346 3.52674 3.49907 3.48411 3.48898 3.47375 3.43844 4.02958 4.17554 4.07741
12.9401 12.3879 12.3336 12.3273 11.6595 11.2913 11.2913 11.2913 11.2913 9.44381 9.00722 8.98063 8.94069 8.87754 6.98951 6.16220 6.09606 5.69336 4.75605 4.80576 4.76423 4.53019 4.12047 3.98653 3.95268 3.75950 3.29126 3.24908 2.75462 2.49143 2.48120 2.46853 2.44983 2.45148 2.48899 2.61977 2.66491 2.63928 2.46715 2.37327 2.32733 2.32733 2.32733 2.32621 2.32333 2.32042 2.97128 3.12333 3.13308 3.24966 3.48785 3.27268 3.24692 3.22778 3.46861 3.49644 3.49038 3.49289 3.48920 3.45288 3.41366 3.37450 3.35655 3.35655 3.68005 4.22997 4.08932
13.2694 12.3820 12.3131 12.2454 11.8978 11.1305 11.0910 11.0515 11.0121 9.89866 8.59329 8.53233 8.48558 8.46265 7.46907 6.12654 6.04585 5.88187 4.66409 4.54263 4.53562 4.43987 3.88262 3.84031 3.79646 3.74020 3.17227 3.11516 2.89344 2.40817 2.40701 2.42320 2.43401 2.45222 2.45664 2.58455 2.66491 2.66491 2.49969 2.40234 2.32341 2.32050 2.31759 2.31571 2.30325 2.28207 2.64149 3.04726 3.02609 3.13239 3.37901 3.30409 3.23082 3.23363 3.37178 3.46722 3.42800 3.38878 3.35858 3.35655 3.35655 3.35655 3.35655 3.35655 3.39501 4.22181 4.22984
13.2511 12.0497 12.0079 11.9570 11.9344 10.9587 10.7187 10.6167 10.5202 10.2042 8.43353 8.32473 8.20527 8.08571 7.63873 5.72004 5.70769 5.67551 4.74965 4.42424 4.37626 4.35014 3.83205 3.70417 3.69005 3.68778 3.31542 3.08111 3.06711 2.45877 2.40475 2.41980 2.42449 2.45196 2.45222 2.52380 2.66053 2.65732 2.54430 2.40305 2.27569 2.25454 2.23337 2.21227 2.20495 2.22458 2.37101 3.03058 3.03971 3.11060 3.30281 3.39119 3.24399 3.25306 3.27512 3.35655 3.35655 3.35655 3.35655 3.36573 3.41122 3.46054 3.50974 3.55898 3.60770 4.16631 4.48410
13.2727 12.3322 12.0780 11.9354 11.8405 11.1715 10.3655 10.2382 10.1186 9.99903 8.38554 7.91072 7.89616 7.86020 7.77614 5.85606 5.52914 5.51168 4.91639 4.31023 4.30905 4.30905 3.99758 3.68778 3.68778 3.68778 3.52258 3.08111 3.08111 2.69120 2.40475 2.41188 2.41719 2.42997 2.40745 2.40263 2.55825 2.55204 2.48557 2.33747 2.21475 2.23684 2.26969 2.31838 2.36491 2.41003 2.45273 3.04098 3.21424 3.27193 3.47598 3.70154 3.41076 3.38837 3.39363 3.43416 3.48449 3.53510 3.58576 3.62719 3.63228 3.63365 3.63785 3.64801 3.65838 3.87927 4.59140
13.4215 12.8406 12.2356 12.1182 11.9471 11.5563 9.95169 9.86539 9.76008 9.57420 8.60352 7.50261 7.35454 7.22766 7.12987 6.09256 5.48574 5.48574 5.21204 4.30905 4.30905 4.30905 4.17728 3.68778 3.68778 3.68778 3.67856 3.12399 3.04043 2.87357 2.39050 2.38942 2.34887 2.27738 2.29304 2.29532 2.48669 2.57727 2.59545 2.47996 2.41613 2.46697 2.53009 2.58597 2.61825 2.61048 2.57889 2.86800 3.24234 3.24036 3.36738 3.69891 3.59879 3.50758 3.58320 3.64878 3.65004 3.65104 3.65557 3.66549 3.67545 3.68542 3.69255 3.69373 3.69473 3.69879 4.53166
13.6044 13.3672 12.4260 12.3782 11.8457 11.4970 9.41608 8.85301 8.67251 8.57277 8.43697 7.14359 7.12326 7.12326 7.12326 6.52607 5.48681 5.48574 5.46250 4.36659 4.30960 4.31251 4.30230 3.75152 3.67316 3.64423 3.61522 3.23655 2.99123 2.99570 2.52474 2.45948 2.48029 2.36364 2.39990 2.41467 2.47807 2.53997 2.54192 2.65729 2.60822 2.56236 2.52301 2.47940 2.46828 2.47644 2.49038 2.59554 3.23513 3.23929 3.31877 3.62993 3.74783 3.52239 3.61667 3.68713 3.69500 3.70398 3.70942 3.70947 3.70947 3.70947 3.70947 3.72906 3.80329 3.88416 4.51210
13.2621 12.8879 11.3694 10.9673 10.5252 10.3767 9.29188 8.41492 8.37565 8.27837 8.18135 7.07146 6.61224 6.53456 6.45774 6.21205 5.28984 5.12176 5.08037 4.29155 3.93408 3.87628 4.03371 3.94209 3.69323 3.70208 3.66203 3.37694 3.06849 3.06730 2.82253 2.56527 2.56705 2.49379 2.52642 2.56495 2.59346 2.53505 2.50615 2.53099 2.54262 2.46556 2.50811 2.51772 2.51820 2.51820 2.51820 2.51820 3.08562 3.23929 3.32070 3.65236 4.09653 3.97580 4.02954 3.80314 3.70947 3.70983 3.72483 3.75186 3.82085 3.91926 4.13533 4.36020 4.51903 4.73771 5.05139
11.7576 11.7576 10.8780 9.56843 9.29819 8.96813 8.52670 7.26345 7.23725 7.23509 7.23509 6.75489 5.97371 5.97371 5.97337 5.92204 5.22259 4.86313 4.82395 4.36460 3.75799 3.62020 3.52553 3.52548 3.19618 3.01616 2.87450 2.84757 3.02278 3.00426 2.90100 2.44327 2.43298 2.64663 2.58878 2.65733 2.67203 2.54084 2.51099 2.51863 2.62826 2.45976 2.51820 2.51820 2.51820 2.51820 2.56539 2.67679 3.11383 3.62190 3.68585 3.82277 4.24135 4.16425 4.09054 4.02656 3.84034 4.01792 4.24274 4.45266 4.61906 4.78848 4.91445 5.01914 5.12295 5.16266 5.16266
