OMI_NO2_yc_0.0167deg/OMI_NO2_yc_0.0167deg/OMI_NO2_200701.asc
ncols      200
nrows      200
xllcorner       110.913
yllcorner       33.7933
cellsize     0.0166667
NODATA_Value      -999.000
[rows 87 to 115 of 158, columns 0 to 66 of 200]
15.0771 23.8198 23.2945 20.6054 21.0041 21.5415 22.0867 22.9133 24.0425 24.4647 24.6747 24.8469 25.0592 25.5320 25.4256 25.3883 25.2374 22.5331 22.5099 23.2212 24.4679 24.5476 24.5889 24.6299 24.4870 24.2223 24.2219 24.2226 24.2233 24.1737 23.2724 23.2391 23.2476 25.0427 24.2995 24.2723 24.7055 24.9382 24.9430 24.9477 25.0148 27.7850 26.6917 26.4696 26.1638 25.9942 25.2803 22.2685 21.6972 17.3638 16.1943 15.6288 15.1571 14.0475 13.6922 13.2626 13.2626 13.2626 12.7803 12.5285 12.5285 12.5285 12.5285 12.2245 12.0173 11.2792 11.3777
15.4756 24.5938 26.8158 23.9236 23.8036 24.0586 24.3326 24.5353 25.1637 25.2166 25.2092 25.2019 25.1945 25.7141 25.6443 25.6809 25.7270 24.0485 23.3482 23.5533 25.0826 25.0922 25.0922 25.0922 24.7326 24.2574 24.1887 24.1671 24.1455 24.1239 23.4045 23.1070 23.0965 24.4265 24.3626 24.2027 24.5003 25.0133 25.0586 25.1608 25.6636 26.5992 25.5766 25.6266 26.1782 26.5479 26.2477 20.5516 19.8851 17.2761 15.4849 15.4849 15.3306 14.2412 13.8636 13.2239 13.2081 13.1922 12.9077 12.2660 12.0599 11.8534 11.6472 11.2924 10.7238 10.5865 10.9850
18.7518 24.4032 28.5331 26.1905 24.9899 24.9625 24.9080 24.8535 25.1531 25.3349 25.3349 25.3349 25.3349 25.6882 25.8271 25.7948 25.8000 24.7910 23.3428 23.3724 24.6479 24.7129 24.5187 24.3245 23.9260 23.7107 24.0748 24.0748 24.0748 24.0748 23.6820 23.0950 23.1178 23.8858 25.0480 25.2422 25.8902 27.0913 27.6887 28.1840 28.2667 28.2653 27.3257 26.5521 26.5501 26.5481 26.5108 22.1917 19.8697 18.5098 15.4654 15.4410 15.1858 13.9913 13.1662 12.3440 12.1060 11.9160 11.6842 10.9812 10.9614 10.9614 10.9606 10.8859 10.3134 10.1606 10.5839
19.7865 22.1710 28.4930 27.0655 24.8203 24.8203 24.8203 24.8202 24.9883 25.3301 25.3272 25.3244 25.3215 25.4631 25.8352 25.5600 25.3822 24.9066 22.5704 22.3897 23.3750 23.9979 23.9979 23.9979 23.9346 23.4856 24.0748 24.0757 24.0696 23.8946 23.6065 24.7467 25.2327 25.8220 27.7044 27.4978 27.5237 27.9895 28.2467 28.2447 28.2427 28.2421 27.7490 26.5328 26.5171 26.3488 26.1424 23.4763 19.0569 18.6378 14.2870 13.9848 13.9470 13.2653 12.2904 11.9656 11.8802 11.8200 11.6748 11.1130 10.8926 10.7917 10.6903 10.6500 10.2678 10.0728 10.4438
19.8339 19.9696 27.9634 28.1412 24.8568 24.8019 24.7986 24.7955 24.8122 25.1727 25.0157 24.8334 24.6509 24.4731 24.8850 24.7755 24.7797 24.7750 22.6575 22.1277 22.6737 23.5782 23.4699 23.2655 23.0180 22.2312 22.5192 22.3800 22.1480 22.0849 22.0849 24.4875 25.1648 25.1648 26.7891 27.4867 27.4924 27.7433 28.0850 27.8783 27.6720 27.4650 27.1765 25.3668 25.1180 25.0555 25.0258 24.1207 18.6116 18.2540 14.9456 13.6890 13.4732 12.9858 11.4256 11.2027 10.8184 10.5928 10.4567 10.2383 10.2443 10.1964 10.1459 10.0951 9.83023 9.46352 9.59071
19.8339 19.8339 25.7776 28.4390 25.1058 24.1002 23.7544 23.4588 23.2108 24.0554 24.5508 24.6174 24.6843 24.7509 25.2075 25.3765 24.8792 23.5536 22.0646 20.7626 20.8894 22.1621 22.0324 21.9985 22.0031 21.5761 21.7110 22.0017 21.5590 21.5067 21.4651 22.7807 24.2610 24.2169 24.7383 25.2587 25.1280 24.9644 25.4261 25.4330 25.3824 25.3310 25.2815 24.0209 23.6334 23.5688 23.3809 22.8063 18.6660 16.8365 14.8267 12.4974 12.4111 12.2392 10.9290 10.5980 10.1553 10.0683 10.0413 9.97857 9.87933 9.79057 9.63700 9.47421 9.29523 9.19288 9.25951
19.4352 19.1729 21.9511 26.3420 24.7681 23.5933 23.6601 23.6955 23.7216 24.2356 25.1115 25.1423 25.1218 25.0175 25.0374 25.1752 24.9100 23.0534 22.4862 20.7032 20.7573 21.5492 21.5751 21.5492 21.5296 21.2760 21.0770 21.6219 21.0368 20.9267 20.9321 21.3727 23.5674 23.5018 23.5485 24.1337 24.4840 24.5256 24.9052 25.1625 25.1470 25.1274 25.0974 23.9856 22.6265 22.4540 22.4033 22.2257 19.4017 16.1685 15.3557 11.8678 11.8124 11.7632 10.7568 10.0869 9.60282 9.25578 9.08902 8.92348 8.76015 8.86905 8.86389 8.85286 8.83344 8.89480 8.94141
19.4775 19.4871 20.1377 26.9477 26.2247 24.1354 24.1647 24.1054 23.9739 23.9222 24.9305 24.7249 24.4916 24.3320 24.2169 24.8137 25.2234 23.6712 22.9998 20.9357 20.8640 21.3511 21.5545 21.5595 21.5378 21.3892 20.8414 21.4440 21.0347 20.7711 20.7490 20.7231 22.8435 23.1887 23.1553 23.6242 23.9840 24.0108 24.1371 24.5441 24.4982 24.4568 24.4259 23.8647 21.7607 21.6459 21.5308 21.4371 20.2375 15.6000 15.3614 11.6633 11.0535 10.9163 10.2616 9.38364 9.12961 8.82549 8.83443 8.84169 8.74675 8.86099 8.86521 8.86320 8.83438 8.87096 8.91214
20.0515 19.7480 19.5766 25.2741 26.5584 23.7888 23.4106 23.2612 23.0786 22.8884 23.7386 23.9221 23.5418 23.1426 22.7429 22.6844 23.0134 21.5846 20.5690 20.4618 20.3902 20.6711 20.9934 20.9568 20.9467 20.9432 20.4123 20.7799 20.7657 20.4065 20.3830 20.3595 21.7053 22.8323 22.8171 23.1298 23.6133 23.7675 23.7979 24.2623 24.2308 24.1169 23.9931 23.6384 21.3000 20.7658 20.5386 20.3117 19.5208 15.9927 14.8686 12.4482 10.8074 10.7649 10.5393 9.36755 9.23477 8.84278 8.84866 8.85704 8.81416 8.83127 8.89455 8.87657 8.83713 8.81961 8.86427
19.4022 18.6083 18.4470 22.1669 25.7355 22.9651 21.7575 21.3004 20.9247 20.5630 20.7625 21.2324 21.2031 21.2031 21.2031 21.3452 22.1063 21.7200 20.3697 20.3321 20.2851 20.4499 20.9293 20.9241 20.9176 20.9111 20.5002 20.5028 20.7422 20.2867 20.2867 20.2867 20.8766 22.8066 22.8065 22.9530 23.4773 23.6211 23.4014 23.2748 23.1337 22.9053 22.6866 22.6258 20.9951 20.1086 20.0626 20.0148 19.4912 16.8421 14.3071 12.9678 10.3635 10.3200 10.2632 9.51929 9.38935 8.88926 8.86260 8.83608 8.80621 8.67605 8.78937 8.78920 8.77750 8.74906 8.78753
18.5520 17.9044 17.7950 18.7980 22.6779 21.1367 19.8749 19.8749 19.8749 19.8749 20.0238 21.1982 21.2032 21.2033 21.2035 21.2270 21.8477 22.1287 20.4369 20.4201 20.3394 20.3523 20.8751 20.8952 20.8952 20.8952 20.6215 20.3504 20.8284 20.3055 20.2864 20.3146 20.5218 22.3581 22.2772 22.1236 22.2714 22.1358 22.1379 22.1441 22.2676 22.2197 22.1719 22.1240 21.0955 19.2651 19.0067 18.7628 18.2056 16.4919 12.6001 11.9245 10.0427 10.0088 9.98468 9.54200 9.29362 8.84954 8.76657 8.76657 8.73581 8.54362 8.61798 8.53483 8.41785 8.21866 8.15904
17.4646 17.6832 17.6757 17.6807 21.9211 21.8504 19.8760 19.8754 19.8755 19.8756 19.8758 20.9311 21.2027 21.1965 21.1902 21.1843 21.4895 22.1339 20.7872 20.4310 20.3576 20.3380 20.7526 20.8832 20.8756 20.8680 20.8065 20.6042 21.1956 21.0769 21.1448 21.3192 21.3402 21.5649 21.7076 21.7076 21.9000 21.7463 21.8045 21.8301 21.9932 21.6077 20.7775 19.9800 18.8706 16.6031 15.9549 15.4599 15.1829 14.3671 11.1128 10.4249 10.0958 9.98675 9.97404 9.65920 9.14811 8.72670 8.43813 8.33520 8.25425 8.19147 8.20385 8.22891 8.22568 8.16508 8.13729
16.4258 17.8222 17.6757 17.6757 20.6224 22.2689 20.1582 19.8539 19.8256 19.8222 19.8279 20.4358 21.0036 20.8734 20.7433 20.6132 20.6342 21.1353 20.7333 20.3631 20.3233 20.4312 20.9421 21.4440 21.6742 21.9046 22.0228 21.4926 21.6872 21.6117 21.3255 21.3197 21.3137 21.4227 21.6831 21.7195 21.4312 20.1012 19.1327 18.3254 17.6978 17.4024 17.3889 17.3829 17.2191 15.8244 15.2428 15.2459 15.2410 14.5381 12.2029 10.2412 9.95404 9.63443 9.56789 9.47864 8.84077 8.57914 8.22537 8.19991 8.18301 8.15919 8.09223 8.18093 8.18874 8.17556 8.10226
15.1892 17.8043 17.2170 16.9558 18.2610 21.3398 19.6439 18.7213 18.6483 18.6877 18.5577 18.7005 19.8093 19.8270 19.8634 19.8996 19.9751 21.0143 21.5821 21.5333 21.7667 21.7979 21.8900 21.9783 21.9724 21.9665 21.9606 21.5084 21.4676 21.7285 21.3360 21.3815 21.4273 21.4863 21.8619 21.8732 21.2790 18.2713 17.5857 17.1447 17.1804 17.3442 17.3423 17.2180 17.0090 15.8510 14.9482 14.8683 14.7846 14.3211 13.0741 9.97413 9.86497 9.46469 9.42324 9.40061 8.83957 8.58168 8.16194 8.18339 8.20485 8.22629 8.16483 8.24867 8.21764 8.18017 8.20942
13.8173 15.4278 15.5124 15.5731 15.8278 20.5614 19.9038 18.6359 18.6793 18.9217 18.9799 19.0158 20.1950 20.4327 20.4649 20.4958 20.5271 21.7146 22.5640 22.1878 22.1805 22.1192 22.1449 22.0553 22.1094 22.1597 22.2101 21.9415 21.7065 22.0028 21.4831 21.4468 21.4110 21.3760 21.6037 21.6891 21.6514 18.4535 17.4651 16.4052 16.1977 16.1171 15.9320 15.8272 15.7906 15.2201 14.2672 14.1663 14.1123 13.9998 13.7629 10.2512 9.86552 9.47519 9.44395 9.45995 9.11836 8.80666 8.28932 8.25037 8.20912 8.16788 8.08582 8.11895 8.16913 8.16913 8.19809
13.1061 15.1888 16.1505 16.1505 16.1505 19.7780 20.8009 18.8921 18.8698 19.0208 19.1467 19.1782 19.9311 20.5342 20.5225 20.6936 20.9324 21.8576 23.2641 23.3821 23.5254 22.7892 22.2352 22.0793 22.0459 22.0265 22.0044 21.7097 21.1234 21.3292 20.9857 20.9261 20.7676 20.5755 20.5265 20.5642 20.3721 18.1635 16.5578 15.6802 15.4631 15.5453 15.6369 15.6097 15.5711 15.1692 14.0283 13.3071 12.8535 12.3958 11.7222 10.5078 9.93514 9.66176 9.48937 9.46718 9.24884 8.73560 8.24130 8.13124 8.13124 8.13124 8.11578 8.06783 8.16758 8.16450 8.15070
10.9746 14.6438 16.0844 16.1490 16.1926 18.4330 21.0308 19.1814 18.8146 19.0930 19.4903 19.7294 20.2754 21.5543 21.8029 21.8709 21.8709 22.0989 23.5109 23.7157 23.5077 23.0449 22.0997 21.9891 21.9368 21.9300 21.9724 21.9965 21.3467 21.4034 20.2219 19.8960 19.8626 19.8626 19.8945 20.2317 20.2354 19.1719 16.6306 16.1300 15.4402 15.0285 14.5151 14.0586 13.6151 12.9636 12.0216 11.5085 11.5085 11.5078 11.2668 10.7646 9.74268 9.50482 9.11592 9.04744 8.97472 8.73421 8.34157 8.09815 8.07333 8.04863 8.02386 7.91238 8.00564 7.99197 7.98814
8.52100 14.3215 16.1574 16.3799 16.3873 17.1043 22.8366 21.2698 20.4691 20.4863 20.5259 20.5364 20.5479 21.7485 21.8709 21.8715 21.8737 21.8758 23.1275 23.7819 23.5155 23.5177 22.3262 22.3347 22.3547 22.4650 22.5287 22.5290 21.7908 21.6821 20.3059 19.8626 19.8626 19.8647 19.8970 19.9431 19.5594 18.9912 15.1832 14.2989 12.9566 12.8545 12.7422 12.6685 12.6153 12.5006 11.7825 10.9807 10.8831 10.7931 10.5876 10.4513 9.41094 9.53024 8.65726 8.60358 8.58187 8.65401 8.29811 7.95024 7.95024 7.95024 7.95024 7.89222 7.93351 7.98640 7.94540
6.39187 13.7170 15.9934 16.3802 16.3802 16.3802 22.4842 22.1607 20.4894 20.4918 20.5150 20.5457 20.5478 21.3560 21.8866 21.9243 22.0263 22.1298 23.0119 24.1512 24.0882 24.1015 23.0488 22.6640 22.5197 22.5290 22.5203 22.4913 21.9179 21.5775 20.6769 19.7220 19.7021 19.6803 19.6282 18.7218 17.6696 17.6451 14.8271 13.5096 12.7377 12.4117 12.3802 12.3302 12.3204 12.4544 12.0457 11.5105 11.5151 11.7192 11.8292 11.8476 10.9585 10.5425 9.01282 8.53899 8.53909 8.65807 8.44929 8.03721 8.08167 8.13086 8.26619 8.33653 8.06615 7.68123 7.64595
6.22543 11.5068 14.9395 15.7198 15.5700 15.4261 18.9417 21.2330 20.5418 20.5067 20.5810 20.7183 20.8140 21.3104 22.3963 22.4442 22.3743 22.2999 22.5462 23.7698 23.9749 23.9049 23.2308 22.4369 22.2085 22.1501 22.1322 22.1395 21.7983 21.3077 20.9420 19.5300 19.5279 19.5260 19.5240 19.2365 17.6190 17.5699 15.7470 13.8842 13.5132 12.9756 13.1089 13.1783 13.3256 13.3313 13.0348 12.5277 12.0813 12.0796 12.0398 11.8295 11.3524 10.5703 9.64653 8.64359 8.68182 8.82660 8.84487 8.47007 8.58391 8.70516 8.74868 8.75764 8.41688 7.75154 7.73323
6.62744 8.99784 13.6646 15.1528 15.2005 15.2203 16.8291 21.2621 20.5767 20.4191 20.3578 20.2897 20.2155 20.1669 21.3105 21.3024 21.2790 21.2584 21.3729 22.5360 23.0304 23.0574 22.8362 21.7554 21.4894 21.3406 21.2665 21.1778 20.9530 20.2649 20.1951 18.8967 18.3152 17.8441 17.3801 16.9233 14.9626 14.0970 13.8868 13.9722 13.6265 13.1617 13.1309 13.0750 13.0514 13.0514 12.9306 12.6277 12.1486 12.1887 12.2278 12.0378 11.9184 10.7678 10.4940 9.03035 9.19205 9.40844 9.41930 8.95613 8.90881 9.01654 9.13049 9.24223 9.11842 8.67730 8.56411
7.03305 7.52834 13.4804 14.6469 14.9049 14.8744 14.9655 20.2418 20.0543 19.7957 19.8153 19.8585 19.9345 20.2015 21.6478 22.6669 23.3074 23.9667 24.5379 23.5425 23.0216 23.1896 22.8993 21.6335 21.0007 20.1538 19.7297 19.3138 18.8906 17.8164 17.3605 16.4027 15.9550 15.7992 15.5947 15.3902 14.3052 13.4856 13.4872 13.8949 13.6757 13.2104 12.9607 12.8513 12.7338 12.6774 12.6267 12.4971 12.4183 12.4768 12.6137 12.7268 12.8979 12.0123 11.7501 10.0453 9.97306 10.0641 10.1891 9.73017 9.67363 9.69716 9.76248 9.83784 9.78897 9.40261 8.88321
8.42499 7.95071 12.3893 14.7076 15.2913 15.2147 15.1898 19.0669 20.8570 21.0558 21.6864 22.3427 22.8519 23.2219 23.7833 24.7041 24.7604 24.7973 24.8509 24.4144 23.2072 23.5550 23.3844 20.6830 18.4123 17.6873 17.6829 17.6674 17.6518 17.1592 16.8149 16.2496 15.2780 15.2298 15.2280 15.1746 14.7064 13.2867 13.2110 13.3987 13.3785 13.0389 12.8654 12.8860 12.8255 12.8983 13.0117 12.9752 13.0460 13.0688 13.0684 13.0567 13.0199 12.6308 12.3167 11.0779 10.3370 10.3388 10.4709 10.0841 9.89377 9.96028 9.97035 9.97035 9.94931 9.59719 8.94395
8.80720 7.95142 10.6854 15.4634 17.0971 17.7572 18.3540 21.1844 24.0452 23.4334 23.4545 23.5334 23.5270 23.5460 23.7382 25.0125 25.1401 25.2439 25.2970 25.2467 23.4848 23.6438 23.5870 21.6364 18.3677 17.5268 17.3324 17.1275 16.9224 16.5750 16.2961 16.1792 15.0214 14.8990 14.8256 14.8037 14.7893 13.2242 13.0669 13.1717 13.4546 13.1261 12.9132 12.8672 13.1613 13.3533 13.3487 13.1775 13.0617 12.9476 12.9475 12.9457 12.9415 12.8447 12.3790 11.7801 10.5689 10.6647 10.7968 10.5533 10.1657 10.1958 10.3009 10.4599 10.6188 10.5057 10.1441
8.99713 8.10874 9.24932 20.2404 20.2702 20.4494 21.1598 22.6929 24.9941 24.2543 24.1952 24.3189 24.2928 24.0176 24.0169 24.9589 25.2961 25.2961 25.2968 25.3234 24.0990 23.6365 23.6749 22.7131 18.1458 17.0945 16.6530 16.5973 16.5419 16.3883 16.0616 16.0571 15.1690 14.8037 14.8037 14.8037 14.8013 13.6951 12.9163 12.7766 13.1435 13.1002 12.9204 12.7808 12.9740 13.3596 13.3886 13.3206 13.2542 13.1711 13.2078 13.3020 13.3939 13.4914 13.0360 12.8669 11.1646 11.2617 11.4373 11.4950 11.1074 11.2300 11.2838 11.2838 11.2838 11.1234 10.7393
13.8172 15.7684 17.2068 26.2314 27.2483 27.8054 26.5008 26.4989 25.8806 24.6668 24.3466 24.3779 24.4216 24.1985 24.1658 24.7499 25.5245 25.5644 25.5089 25.2441 24.2932 22.8130 22.9448 22.4898 18.9334 17.1644 16.5133 16.5020 16.5020 16.4817 16.0645 16.0216 15.3604 14.1008 13.5447 12.9889 12.4351 12.0510 12.1851 12.1414 12.9865 13.3727 13.3182 13.0924 13.1073 13.5856 13.6224 13.6268 13.6098 13.7023 13.8098 13.9142 14.0108 14.1113 13.8792 13.6487 12.1908 11.7801 11.7826 11.8927 11.3836 11.3104 11.3468 11.3865 11.4313 11.4578 11.2553
26.8001 26.2629 23.0906 26.9538 28.5907 28.0718 26.7678 26.6123 26.4322 24.9573 24.6918 24.6978 24.6979 24.6301 24.5363 24.6077 24.9540 24.6710 24.4820 24.4873 24.4309 22.7349 22.6701 22.4251 20.0432 17.0985 16.2545 15.8780 15.3606 14.8068 13.9030 13.2948 12.7302 11.6000 11.5874 11.5874 11.5874 11.6031 12.0155 12.0333 12.6623 13.4094 13.4466 13.4095 13.4964 13.9764 14.3136 14.3934 14.3888 14.3536 14.2736 14.2765 14.2757 14.2763 14.1287 13.6988 12.8064 11.9019 11.9378 12.0849 11.8254 11.6641 11.7049 11.7423 11.7970 11.8569 11.6579
27.2170 27.2747 24.0603 24.5725 29.4863 28.2208 27.1853 26.6960 26.7666 25.5557 25.2842 25.4314 25.6486 25.7247 24.6327 24.6101 24.8011 24.8855 24.9360 24.9754 24.9678 23.4875 21.7239 21.0469 19.4973 14.9176 13.4487 13.0249 12.9587 12.9284 12.6418 12.3994 12.3943 11.5081 11.1664 11.0781 10.9840 10.8885 11.1177 11.1325 11.3543 13.1079 13.1148 13.3762 13.5982 13.7469 14.1228 14.1228 14.3380 14.3700 14.3025 14.3370 14.3678 14.3970 14.4204 13.8857 13.4532 12.0023 12.0199 12.1438 12.1051 11.9629 12.0305 12.1055 12.3346 12.6082 12.7086
27.3624 27.3624 25.3727 23.7907 29.8211 29.4705 28.7386 27.8155 27.9183 26.7645 25.9375 25.7738 25.7559 25.7379 24.8757 24.4393 24.4706 24.4370 24.3135 24.1903 24.0782 22.3844 19.4387 18.7274 18.5696 14.4343 12.8256 12.4197 12.3686 12.3019 12.0830 11.7237 11.7188 11.2371 10.5070 10.4896 10.3815 10.2540 10.3101 10.5283 10.5680 12.6509 13.0269 13.2088 13.5621 13.5620 14.0144 14.0343 14.1595 14.2345 14.3448 14.3785 14.3846 14.4747 14.4933 14.1126 13.8778 12.1598 12.1278 12.4245 12.8662 13.1653 13.4206 13.6721 13.7514 13.7769 13.7320
