OMI_NO2_yc_0.0167deg/OMI_NO2_yc_0.0167deg/OMI_NO2_200508.asc
ncols      200
nrows      200
xllcorner       110.913
yllcorner       33.7933
cellsize     0.0166667
NODATA_Value      -999.000
[rows 0 to 28 of 196, columns 67 to 133 of 200]
5.48820 5.90567 6.61150 6.77593 6.68116 5.22316 3.86817 3.92224 3.92226 3.92871 3.93971 3.94992 3.98380 4.18938 4.23590 4.22358 4.14650 4.06898 4.06463 3.99652 4.25950 4.40605 4.14419 3.85910 3.86036 4.95877 4.93306 4.84451 4.76160 4.49491 4.42463 4.61439 4.79838 4.98796 5.06397 5.06425 6.22721 6.45105 6.42325 6.30045 6.18975 6.07126 5.83074 5.76195 5.75965 5.75525 5.74705 5.74705 5.74451 5.71379 5.67703 5.62494 5.80144 6.22105 6.20730 6.16446 6.12355 6.08351 6.04581 6.00901 6.28443 6.82647 6.08666 5.58465 5.20396 4.92151 4.69419
6.30238 6.30621 6.47109 6.50889 6.42629 5.92292 4.04363 3.91733 3.84624 3.77491 3.70351 3.63653 3.57420 3.72418 3.69109 3.66382 3.65950 3.59150 3.49477 3.46906 3.63565 3.90163 3.94152 3.56729 3.56727 4.11926 4.42715 4.33694 4.20651 4.31437 4.89870 4.87603 4.85333 4.83188 4.82001 4.81075 5.28823 5.59084 5.53498 5.50577 5.48026 5.45453 5.27445 5.22476 5.20114 5.15162 4.90102 4.66277 4.63221 4.61291 4.59443 4.57678 4.59757 4.96481 4.98368 5.00047 5.36640 5.74253 5.70757 5.58381 5.48335 5.50472 4.63066 4.37583 4.32762 4.31623 4.31718
5.90855 5.66166 5.57795 5.46345 5.13806 4.89060 3.86372 3.42449 3.42442 3.42481 3.42521 3.42560 3.42599 3.53777 3.61860 3.61402 3.58863 3.53073 3.39777 3.35983 3.38756 3.72942 3.95025 3.73720 3.76356 3.92575 4.03397 4.01011 3.63553 3.68573 4.25758 4.36542 4.39339 4.41703 4.42139 4.42139 4.59671 4.95428 4.95428 4.95428 4.95428 4.95428 4.87305 4.79724 4.79724 4.79725 4.56472 4.47689 4.50527 4.55251 4.59687 4.63868 4.67147 4.99659 4.94473 4.84915 4.94169 5.15099 4.97930 4.93452 4.90465 4.98637 4.74791 4.54383 4.65222 4.73525 4.78788
5.48876 5.16665 5.12418 5.16615 4.91108 4.75697 4.22125 3.43049 3.43049 3.43049 3.41930 3.39676 3.37520 3.40188 3.50176 3.48253 3.48019 3.49289 3.41605 3.42934 3.47148 3.88196 4.30142 4.22674 4.05791 4.10379 4.14545 4.18338 3.94355 3.90627 4.17419 4.42139 4.42139 4.42139 4.42139 4.42139 4.47671 4.95428 4.95428 4.95474 4.95565 4.95656 4.92921 4.80133 4.80224 4.80314 4.83460 4.76036 4.69623 4.67796 4.61283 4.54076 4.47058 4.60376 4.59109 4.73981 4.98011 5.37922 5.32121 5.37823 5.43271 5.55156 5.44034 4.95661 4.87662 4.80065 4.74732
5.38834 4.98380 4.96712 5.13768 5.00812 4.71766 4.48827 3.47570 3.34569 3.32627 3.31646 3.31427 3.31478 3.36290 3.57011 3.62853 3.68240 3.72174 3.59651 3.53311 3.47386 3.63361 3.99014 4.11112 4.22817 4.22817 4.22817 4.22817 4.02648 3.90616 3.98984 4.42053 4.42167 4.42239 4.42312 4.42384 4.42457 4.87720 4.96007 4.96051 4.96051 4.96051 4.96047 4.81204 4.74863 4.69297 4.61067 4.52210 4.40444 4.35212 4.33685 4.33092 4.32520 4.47736 4.52611 4.87333 5.27944 5.80837 5.84495 5.96917 6.10647 6.09870 5.20628 4.78720 4.74476 4.74476 4.74476
5.43041 5.05094 4.97297 5.09705 5.15127 4.55935 4.47696 3.76956 3.32795 3.38767 3.43182 3.47973 3.52596 3.51681 3.65418 3.67369 3.60386 3.52943 3.37427 3.22637 3.22107 3.33968 3.75008 4.03397 4.20138 4.21686 4.15413 4.08504 3.88296 3.62494 3.66974 4.31839 4.42636 4.42637 4.42637 4.42637 4.42637 4.72858 4.92727 4.85305 4.83155 4.73904 4.60775 4.48421 4.37760 4.33628 4.33299 4.36209 4.32306 4.32300 4.32300 4.36450 4.51544 4.78778 4.96883 5.27135 5.86310 6.20154 6.25495 6.19776 6.19776 6.19776 5.44337 4.91628 4.74476 4.74476 4.74476
5.54188 5.24661 5.04313 5.15921 5.35335 4.67658 4.25381 4.12645 3.54024 3.51591 3.48423 3.40938 3.32931 3.24376 3.24689 3.37628 3.37628 3.37628 3.34474 3.18637 3.13706 3.10906 3.43733 3.61660 3.70218 3.77658 3.77030 3.77030 3.70583 3.44830 3.47180 4.12592 4.42637 4.42637 4.42637 4.42637 4.43405 4.59458 4.81625 4.61298 4.55318 4.49665 4.43664 4.41914 4.33195 4.33195 4.37330 4.57192 4.67659 4.82066 4.97742 5.09283 5.09865 5.13514 5.26091 5.22003 5.84485 6.09275 6.23744 6.06068 5.98694 5.91306 5.41491 4.61546 4.23841 4.16460 4.09079
5.54347 5.25491 4.66581 4.45637 4.51497 3.97341 3.58775 3.69323 3.37307 3.18570 3.13103 3.13071 3.12296 3.09540 3.08655 3.18395 3.12682 3.06932 3.01602 2.93563 2.96608 3.00633 3.20395 3.41172 3.51856 3.78492 3.81198 3.83987 3.86169 3.56058 3.57334 4.03867 4.73906 4.75122 4.73122 4.71024 4.67774 4.64523 4.64522 4.52565 4.51147 4.51254 4.45239 4.45090 4.80305 5.08557 5.22737 5.25147 5.15383 5.06142 5.02178 4.98333 4.94602 4.90985 4.88949 4.66889 5.07017 5.36154 5.63516 5.49664 5.48667 5.48330 5.37907 4.45456 4.03100 4.02409 3.99881
4.80254 4.54309 3.96003 3.87198 4.01327 3.88061 3.33139 3.36738 3.34482 3.02699 3.00307 3.01338 3.03918 3.08680 3.13748 3.23290 3.30508 3.36970 3.43413 3.37196 3.36244 3.38415 3.40716 3.59534 3.83249 4.09786 4.14042 4.14042 4.13307 3.72816 3.51918 3.66066 4.43380 4.64523 4.64510 4.64328 4.64144 4.64719 4.65542 4.57271 4.49864 4.46096 4.38519 4.32874 4.64454 4.95629 4.91434 4.87735 4.80462 4.70563 4.70105 4.69657 4.69197 4.68748 4.67939 4.41511 4.70282 5.12804 5.49603 5.35694 5.26979 5.22041 5.14882 4.31897 3.92489 3.83968 3.81131
4.26002 4.17154 3.70118 3.61397 3.73997 3.82795 3.40117 3.38541 3.73829 3.23777 3.27525 3.27285 3.25929 3.24497 3.22996 3.24825 3.26986 3.25497 3.24217 3.25769 3.28391 3.31309 3.34554 3.38874 3.38317 3.47104 3.54057 3.40739 3.28175 3.19957 3.16907 3.24973 4.03899 4.56994 4.57821 4.58830 4.59831 4.45779 4.23340 4.18263 4.15093 4.15093 4.14749 4.13830 4.24455 4.79539 4.79539 4.79539 4.78924 4.64771 4.61049 4.57074 4.53088 4.49108 4.46874 4.22659 4.22555 4.78711 5.16959 5.09105 4.96677 4.91958 4.84067 4.30532 3.58368 3.42939 3.33270
3.73636 3.73929 3.61737 3.24642 3.34292 3.49747 3.40735 3.27885 3.49742 3.17442 2.94624 2.94624 2.94624 2.95402 2.98020 3.02346 3.12446 3.16555 3.20891 3.21985 3.19658 3.05549 2.89796 2.74069 2.59896 2.67886 3.18152 3.18665 3.19712 3.19969 3.19510 3.20559 3.74325 4.55639 4.60079 4.60079 4.60079 4.53130 4.18583 4.18328 4.15136 4.15093 4.14599 4.11115 4.08439 4.60253 4.68916 4.66297 4.58639 4.38325 4.37264 4.37264 4.34505 4.22621 4.09169 3.94934 3.77801 4.30447 4.51561 4.48490 4.34369 4.22525 4.16123 4.02001 3.08057 2.95356 2.95738
4.04045 4.06438 4.03911 3.52429 3.49747 3.49747 3.48111 3.28399 3.38531 3.54397 3.02408 3.05839 3.09668 3.12586 3.12687 3.12698 3.17608 3.04040 2.88300 2.72541 2.59141 2.57504 2.57504 2.57504 2.57504 2.57504 3.11852 3.23289 3.23296 3.22988 3.20985 3.20985 3.53857 4.29894 4.60079 4.59611 4.55708 4.51135 4.12060 4.04099 4.00057 3.96913 3.94336 3.95174 3.95784 4.28093 4.59988 4.54996 4.44202 4.12218 3.94454 3.79117 3.66531 3.63072 3.61421 3.64223 3.56644 3.86827 4.01806 4.03334 3.89666 3.76746 3.64651 3.52957 3.25062 3.08719 3.08215
4.11083 4.06888 4.05870 3.62865 3.49747 3.49747 3.49747 3.48804 3.49893 4.00571 3.18960 3.12687 3.08431 2.93226 2.77486 2.61746 2.54604 2.57504 2.57504 2.57504 2.57504 2.57504 2.57504 2.57504 2.57504 2.57504 2.91976 3.23296 3.23239 3.21048 3.15652 3.16696 3.36044 3.86679 4.34925 4.31378 4.30867 4.30952 4.10752 3.99474 3.97672 3.92221 3.88314 3.83102 3.69253 3.63246 3.98706 3.87491 3.79280 3.68403 3.66675 3.66890 3.67109 3.67327 3.65508 3.58411 3.45947 3.48626 3.64635 3.57707 3.49150 3.45138 3.45143 3.45143 3.34888 3.14383 3.09708
4.34784 4.06888 4.06854 3.74876 3.49747 3.49747 3.51130 3.61223 3.66165 3.63442 3.00685 2.60237 2.48747 2.48205 2.48205 2.48205 2.50804 2.57504 2.57504 2.57504 2.57504 2.57504 2.56097 2.51814 2.47454 2.43090 2.49359 3.05688 3.02722 3.01637 2.99991 3.04656 3.29721 3.67072 4.25262 4.29694 4.25530 4.21640 4.09152 3.90806 3.79902 3.60515 3.51478 3.42651 3.25901 3.26289 3.70129 3.79099 3.79335 3.71080 3.56279 3.45530 3.36636 3.27397 3.19738 3.19984 3.21996 3.21044 3.57340 3.58033 3.52005 3.44990 3.43038 3.40578 3.35519 3.08464 2.97784
4.60960 4.06888 4.12655 4.07876 3.73687 3.59650 3.40502 3.09699 2.86578 2.85651 2.76649 2.48205 2.48205 2.48205 2.48205 2.48422 2.51184 2.50145 2.44753 2.40387 2.36026 2.31663 2.28708 2.28625 2.28625 2.28625 2.28625 2.88483 3.01637 3.01686 3.00758 3.00078 3.25151 3.49005 3.87820 4.10854 4.02013 3.89721 3.76172 3.50720 3.46521 3.39771 3.39912 3.39949 3.32098 3.29674 3.45323 3.47010 3.36173 3.18579 3.14333 3.14403 3.17254 3.17373 3.15812 3.14272 3.14783 3.06063 3.35760 3.44770 3.35493 3.23020 3.22057 3.21891 3.21728 3.02724 2.86225
5.31790 4.34309 4.16374 3.81672 2.87013 2.85651 2.85651 2.85651 2.85651 2.86617 2.89476 2.60139 2.58415 2.61514 2.64622 2.67506 2.68111 2.41163 2.28625 2.28625 2.28625 2.28625 2.28625 2.28527 2.26105 2.22999 2.20220 2.59709 3.02414 3.02509 3.01974 3.00129 3.13628 3.26820 3.48432 3.63858 3.61131 3.61417 3.61460 3.50700 3.49347 3.45521 3.44903 3.46563 3.42510 3.33367 3.30096 3.19477 3.17915 3.11532 3.00985 2.99759 3.00641 3.04310 3.04309 3.04318 3.03423 2.98414 3.17517 3.39577 3.31347 3.16878 3.13991 3.12208 3.10369 2.97988 2.78691
4.82012 3.98356 3.72958 3.70198 2.99948 2.94041 2.97143 3.00248 3.03351 3.05489 3.05557 2.85846 2.66621 2.65716 2.64813 2.63911 2.62997 2.46888 2.20943 2.17328 2.13976 2.10961 2.08235 2.05818 2.04656 2.03980 2.03298 2.14389 2.85249 2.77614 2.75732 2.91559 3.05656 3.18515 3.44742 3.65236 3.71982 3.74524 3.77073 3.66468 3.53136 3.47745 3.41513 3.40102 3.39236 3.28445 3.28231 3.19437 3.17520 3.15741 3.03842 3.02338 3.02805 3.06986 3.05438 3.03834 3.01705 2.97262 3.01673 3.32164 3.21962 3.09315 3.03375 3.01810 3.00302 2.95480 2.69302
4.73594 4.30689 3.94661 3.96828 3.24495 2.82047 2.81127 2.80222 2.79317 2.78414 2.77512 2.71638 2.39745 2.37035 2.33315 2.29977 2.26981 2.21386 1.92887 1.92647 1.92647 1.92647 1.92647 1.91184 1.82719 1.73361 1.63987 1.55649 2.36150 2.54829 2.60945 2.97998 3.10721 3.26661 3.51121 3.69174 3.81603 3.81603 3.81603 3.73179 3.48123 3.46915 3.40189 3.40189 3.40189 3.31512 3.27797 3.21903 3.15688 3.14855 3.00792 2.91991 2.90236 2.95243 2.96698 2.97028 2.97571 2.96768 2.94920 3.38982 3.35947 3.16954 2.85938 2.77864 2.72186 2.67253 2.44149
4.63091 4.53726 4.04616 4.04616 3.50067 2.77177 2.77177 2.77177 2.77177 2.77177 2.77177 2.57935 2.29372 2.22262 2.22262 2.22262 2.22262 2.22262 1.98874 1.90666 1.81883 1.72514 1.63144 1.55239 1.54327 1.54457 1.55237 1.56033 2.06016 2.68344 2.70555 3.01108 3.12589 3.30069 3.43750 3.61144 3.81397 3.81603 3.81603 3.80596 3.48724 3.46179 3.38684 3.37062 3.36362 3.30767 3.23439 3.21811 3.12732 3.13021 3.07338 2.92998 2.93004 2.96425 2.99803 2.99268 2.98302 2.96191 2.93171 3.04979 3.02984 2.78211 2.56194 2.46395 2.43187 2.37206 2.27328
4.63091 4.63085 4.12927 4.04616 3.77911 2.77177 2.77177 2.77177 2.77177 2.77177 2.77177 2.59687 2.38644 2.22262 2.22262 2.19699 2.10655 2.01282 1.77339 1.54902 1.54340 1.54928 1.55754 1.56502 1.57183 1.57720 1.57786 1.57786 1.70567 2.69429 2.70506 2.91531 3.10836 3.26290 3.33223 3.52028 3.68461 3.73467 3.72254 3.71469 3.47059 3.37003 3.32258 3.28564 3.24015 3.17159 3.19110 3.20098 3.09597 3.06446 3.01784 2.74126 2.71735 2.73463 2.81401 2.80901 2.80410 2.78016 2.69483 2.65916 2.68275 2.38666 2.26059 2.12149 2.08601 2.07827 2.07416
4.63091 4.63091 4.30591 4.04616 4.01685 2.81261 2.77177 2.77177 2.77177 2.77177 2.77177 2.69110 2.50182 2.02137 1.91062 1.84264 1.83730 1.83131 1.77454 1.56943 1.57577 1.57786 1.57786 1.57786 1.57786 1.57895 1.59097 1.60582 1.62105 2.50280 2.77756 2.89021 3.18672 3.18714 3.18750 3.34607 3.46851 3.63425 3.60807 3.54329 3.32787 3.08799 2.99198 2.86190 2.83414 2.82578 3.05569 3.14984 3.11956 3.08447 3.10335 2.72424 2.63438 2.60253 2.53061 2.44192 2.36596 2.29418 2.27239 2.27250 2.41278 2.24069 2.20268 2.08576 2.07827 2.07893 2.08431
4.63091 4.63091 4.48273 4.04616 4.04616 3.06169 2.77177 2.77749 2.79780 2.81876 2.83973 2.84028 2.53962 2.03285 1.82255 1.81782 1.81486 1.81478 1.81395 1.60951 1.60051 1.61535 1.63020 1.64504 1.65989 1.67365 1.67647 1.67647 1.67647 2.16798 2.80367 2.81390 3.16109 3.11976 3.05466 3.09594 3.11907 3.29703 3.26665 3.25204 3.18845 2.94976 2.96189 2.88927 2.91969 2.94543 3.07808 3.24510 3.20749 3.03641 2.99821 2.72353 2.45570 2.45011 2.34690 2.28976 2.29284 2.30325 2.28986 2.27808 2.42660 2.34600 2.25022 2.16831 2.13077 2.13641 2.13733
4.63091 4.63091 4.62079 4.09006 4.07145 3.38644 2.83898 2.85423 2.85493 2.85474 2.63697 2.57745 2.45050 2.18315 1.76516 1.73966 1.71415 1.68865 1.66314 1.66607 1.67647 1.67647 1.67647 1.67647 1.67647 1.67647 1.67631 1.64319 1.58547 1.64689 2.50164 2.43852 2.70203 2.81995 2.82895 2.96975 3.22831 3.31886 3.30468 3.34207 3.38103 3.10417 3.06682 2.95928 2.91771 2.89959 2.92196 3.15481 3.17200 3.01425 2.99703 2.93281 2.49996 2.50453 2.45227 2.34574 2.35015 2.34662 2.29806 2.27354 2.35489 2.37983 2.18679 2.13126 2.03729 2.02967 2.02194
4.65544 4.67644 4.69739 4.33365 4.12933 3.70202 2.83873 2.79653 2.75403 2.71151 2.50518 2.39893 2.32342 2.21561 1.68964 1.65081 1.65081 1.65081 1.65081 1.65850 1.67852 1.67318 1.62460 1.56974 1.51479 1.45997 1.40527 1.38347 1.38631 1.40751 2.20119 2.57948 2.91423 3.31518 3.45800 3.53108 3.70969 3.65595 3.50143 3.48926 3.47725 3.29564 3.20281 3.15101 3.11309 3.13327 3.15321 3.40987 3.46268 3.36893 3.26660 3.26177 2.63860 2.52971 2.51935 2.34152 2.33845 2.33723 2.30450 2.27090 2.30559 2.38504 2.16166 2.11546 1.97811 1.97312 1.97219
4.81787 4.74876 4.67970 4.45759 4.15773 3.97214 2.66862 2.67305 2.67777 2.68248 2.60407 2.44799 2.44597 2.31014 1.95899 1.72832 1.70300 1.64817 1.59326 1.53926 1.50622 1.45754 1.45124 1.45124 1.45124 1.45124 1.47262 1.58711 1.71233 2.03115 2.72721 3.22896 3.31121 3.62410 3.63171 3.61099 3.69923 3.71879 3.52205 3.50683 3.50683 3.43881 3.31486 3.28057 3.18129 3.18129 3.18129 3.32743 3.47182 3.43779 3.24371 3.21781 2.82040 2.52600 2.52400 2.37372 2.32714 2.32705 2.31484 2.28731 2.28008 2.31047 2.14261 2.07742 2.11249 2.14999 2.18920
4.63420 4.63420 4.63420 4.61391 4.32090 4.31486 2.89247 2.73107 2.73107 2.73107 2.72515 2.49270 2.47736 2.25433 1.95777 1.45518 1.42558 1.42558 1.42558 1.42558 1.44355 1.45124 1.47933 1.59775 1.72297 1.84815 1.95204 1.96278 1.96037 2.01734 2.44013 3.13943 3.16758 3.45639 3.55824 3.55824 3.62184 3.71210 3.59075 3.50683 3.50683 3.49266 3.31330 3.28560 3.14107 3.11195 3.08907 3.12160 3.31667 3.29670 3.13503 3.09702 2.92206 2.52034 2.52591 2.46046 2.39816 2.44030 2.47962 2.44223 2.42820 2.27526 2.26664 2.26661 2.26658 2.26125 2.21797
4.63420 4.63420 4.63420 4.63420 4.39693 4.31502 3.23834 2.73107 2.73107 2.73107 2.73107 2.56280 2.47736 2.29521 2.00449 1.50245 1.42558 1.42558 1.46113 1.58267 1.71815 1.85884 1.95593 1.96265 1.94922 1.92694 1.90465 1.88240 1.86251 1.86057 2.27867 2.90478 3.11504 3.36386 3.55824 3.56069 3.60916 3.65660 3.57887 3.39214 3.36279 3.33341 3.17409 3.13834 3.05677 3.02438 3.02525 3.06068 3.30396 3.33437 3.26215 3.19418 3.18034 2.77915 2.79177 2.76912 2.57761 2.57761 2.57761 2.53449 2.51162 2.31375 2.20520 2.17403 2.13836 2.10519 2.12554
4.63420 4.63420 4.63420 4.63420 4.49331 4.31502 3.58442 2.73107 2.73107 2.73107 2.73107 2.65177 2.47736 2.44969 2.01611 1.78457 1.71848 1.84371 1.93338 1.93081 1.91193 1.91248 1.89032 1.86816 1.85933 1.85933 1.85933 1.85933 1.85933 1.88569 2.25388 2.75073 3.27085 3.47694 3.74361 3.80742 3.81544 3.56387 3.50949 3.33132 3.30509 3.31976 3.28276 3.25468 3.28597 3.32204 3.40148 3.45251 3.46975 3.45463 3.39915 3.18596 3.13291 2.85709 2.81266 2.81054 2.64081 2.62393 2.62139 2.58491 2.53311 2.42350 2.18078 2.18078 2.18078 2.18078 2.18078
4.63420 4.63420 4.63420 4.63420 4.58956 4.31508 3.93051 2.73107 2.73107 2.73107 2.72610 2.70626 2.46686 2.43569 2.08497 1.94168 1.89491 1.87257 1.85030 1.83434 1.83366 1.85431 1.86959 1.91993 1.97419 2.02853 2.08286 2.13716 2.19150 2.21940 2.41158 2.68878 3.39351 3.52828 3.72949 3.81908 3.87780 3.78824 3.71437 3.67665 3.64574 3.71009 3.67005 3.50865 3.48836 3.42513 3.39244 3.34930 3.31217 3.30734 3.31256 3.15677 3.08011 2.85486 2.68025 2.64189 2.63338 2.63338 2.63338 2.62041 2.55991 2.57714 2.29965 2.32927 2.37276 2.41621 2.45967
