OMI_NO2_yc_0.0167deg/OMI_NO2_yc_0.0167deg/OMI_NO2_2005_01-12.asc
ncols      200
nrows      200
xllcorner       110.913
yllcorner       33.7933
cellsize     0.0166667
NODATA_Value      -999.000
[rows 0 to 28 of 164, columns 67 to 133 of 200]
15.9326 16.8035 15.6891 15.0587 13.5888 12.5417 10.0847 10.1793 9.95313 9.91069 9.19809 8.66709 8.88052 8.82391 8.42953 8.19393 8.20684 8.25258 8.08711 7.84845 7.65555 6.50016 6.02149 5.85706 5.29763 5.12176 4.81684 4.38751 4.26191 4.03739 3.75993 3.67881 3.66590 3.75810 3.86887 3.89706 3.92303 4.05985 4.13995 4.25796 4.35406 4.37223 4.30629 4.38423 4.44519 4.57633 4.81071 5.09898 5.35387 5.39756 5.38705 5.49014 5.62545 5.81179 6.23012 6.62913 6.74948 6.87458 6.92642 6.85653 6.86617 6.74716 6.26342 6.11301 6.15347 6.22181 6.23438
14.2069 14.4786 13.8760 13.2636 12.4081 11.3373 9.83770 9.74820 9.80018 10.0899 9.79390 9.42408 9.26606 9.09727 8.58868 8.11586 8.14973 8.19795 8.05875 7.87494 7.77740 6.73186 5.98284 5.80622 5.42376 5.18995 4.96614 4.51971 4.39254 4.18331 3.89161 3.87990 3.86928 3.96916 4.12066 4.19870 4.19064 4.30148 4.41321 4.54877 4.68889 4.69566 4.69186 4.84040 4.93040 5.04227 5.15682 5.20103 5.38539 5.51059 5.55766 5.77321 5.84547 5.95089 6.26450 6.65476 6.72695 6.83628 6.97549 7.02177 7.07516 6.86707 6.60770 6.42858 6.40733 6.38400 6.33697
13.3101 12.6900 12.0497 11.4899 11.2218 10.7857 10.1764 10.0526 9.87383 9.89652 9.63390 9.15199 9.01626 8.89574 8.38284 7.91602 7.81831 7.67795 7.63450 7.43492 7.27451 6.65121 5.72662 5.46309 5.21706 4.84935 4.65188 4.34986 4.29695 4.18857 4.08177 4.08949 4.06512 4.14249 4.29974 4.38699 4.29735 4.33067 4.39965 4.56267 4.75654 4.82934 4.86122 4.94761 4.99494 5.06685 5.17297 5.21012 5.43049 5.54412 5.56827 5.73747 5.77851 5.87878 6.10439 6.50562 6.69010 6.83067 6.90740 6.90133 6.74391 6.58843 6.44125 6.16572 6.19808 6.19111 6.10847
12.4980 12.0103 11.5290 11.2494 10.9341 10.6127 9.91568 9.50310 9.46135 9.31353 9.11802 8.62107 8.34557 8.05052 7.59807 7.21086 7.13678 6.99405 6.91599 6.64946 6.51448 6.01668 5.37746 4.94106 4.84443 4.60236 4.51515 4.32156 4.23080 4.18615 4.19986 4.24929 4.19504 4.21509 4.37058 4.47050 4.43914 4.51924 4.56417 4.75262 4.93549 5.03258 5.08763 5.18312 5.24131 5.25021 5.31689 5.34359 5.49442 5.64998 5.71645 5.90001 5.96670 6.05265 6.11901 6.33233 6.48480 6.56688 6.66789 6.72112 6.50213 6.49756 6.34244 6.16773 6.08526 6.07000 6.01459
12.5699 12.0848 11.3997 10.9802 10.3633 10.0716 9.45996 9.04461 8.89428 8.76998 8.53776 8.08329 7.68763 7.39373 7.06059 6.66018 6.48547 6.27368 6.14783 5.92495 5.87397 5.59807 5.18483 4.61520 4.56925 4.46824 4.38140 4.24316 4.21549 4.21781 4.19783 4.30061 4.30929 4.30395 4.40507 4.50863 4.48672 4.54328 4.58960 4.82664 4.98194 5.15591 5.17137 5.23000 5.36757 5.40756 5.53996 5.57754 5.63449 5.75819 5.71237 5.90940 6.01374 6.15523 6.19123 6.43019 6.68645 6.76284 6.84690 6.93629 6.74536 6.74222 6.50934 6.40176 6.12800 6.12525 6.11052
11.6326 11.2008 10.5001 10.3345 9.86381 9.63743 9.03376 8.51313 8.04313 7.83636 7.58284 7.23700 6.75861 6.38656 6.18285 5.97707 5.87865 5.74353 5.70339 5.57323 5.45192 5.27068 4.97046 4.50035 4.41585 4.39835 4.43302 4.33360 4.28668 4.25467 4.16695 4.30502 4.36276 4.37419 4.48611 4.64021 4.70136 4.76776 4.77287 4.92606 5.02251 5.13378 5.18167 5.24562 5.45443 5.46734 5.57292 5.58977 5.65167 5.81271 5.78276 6.07270 6.19377 6.45756 6.46603 6.65095 6.83304 6.93959 7.07483 7.14109 7.03980 6.94183 6.78106 6.63217 6.35156 6.25154 6.18881
10.9665 10.5585 9.71012 9.33563 8.80459 8.47833 8.05578 7.67671 7.16374 7.08256 6.81373 6.67377 6.22969 5.95162 5.89581 5.80799 5.77971 5.69836 5.61532 5.31095 5.06887 4.77524 4.63008 4.44889 4.28010 4.32022 4.40380 4.34169 4.28011 4.29499 4.23595 4.39686 4.51588 4.56806 4.59628 4.67439 4.69279 4.73721 4.75259 4.85232 4.99738 5.08004 5.15516 5.21537 5.43931 5.50248 5.65345 5.72081 5.80720 6.00491 5.95661 6.26178 6.30588 6.52727 6.47207 6.58060 6.78203 6.90916 6.97540 7.03778 7.00854 6.81152 6.73292 6.53485 6.35294 6.18409 6.08316
9.48573 8.98171 8.43542 8.15829 7.79051 7.59270 7.24010 6.97881 6.53417 6.49697 6.29720 6.25856 5.94328 5.67400 5.60025 5.42139 5.30393 5.12342 4.97131 4.87586 4.74722 4.59597 4.55135 4.42521 4.17242 4.27849 4.31395 4.36204 4.38589 4.44919 4.42856 4.49291 4.59416 4.64395 4.64548 4.71061 4.72771 4.79995 4.80602 4.85183 4.97489 5.08852 5.22758 5.33020 5.50110 5.67874 5.78405 5.79732 5.82352 5.94709 5.93330 6.16805 6.29172 6.51909 6.53115 6.57340 6.78079 6.92156 6.98853 7.06494 7.04957 6.84926 6.77400 6.50334 6.38881 6.24078 6.17478
8.82943 8.50836 8.06746 7.80611 7.55361 7.41605 7.13003 6.91261 6.42493 6.24224 6.02168 5.82774 5.49626 5.06197 4.90881 4.84013 4.80385 4.75958 4.62608 4.43986 4.32175 4.19291 4.11776 4.05224 4.01322 4.21421 4.28871 4.39641 4.44922 4.55152 4.54679 4.61297 4.76893 4.85018 4.81457 4.84583 4.84692 4.90908 4.92476 4.97491 5.09884 5.19979 5.26539 5.32587 5.38294 5.59980 5.69886 5.81124 5.81451 5.93987 5.95643 6.12352 6.23444 6.43911 6.49010 6.49005 6.71451 6.87859 6.99352 7.08952 7.06900 6.98999 6.84349 6.63019 6.47528 6.27575 6.12181
8.08604 7.86961 7.61096 7.36812 7.03905 6.90545 6.52608 6.37697 5.82426 5.50261 5.27322 5.09715 4.94528 4.60669 4.46123 4.41014 4.37593 4.32162 4.25577 4.12244 4.06683 4.03138 3.99913 3.92228 3.88426 4.03895 4.14768 4.30754 4.40703 4.54669 4.59305 4.65425 4.75824 4.85424 4.78439 4.82993 4.85353 4.97747 5.03166 5.03367 5.07388 5.18128 5.17263 5.21249 5.27876 5.55335 5.63512 5.77613 5.81471 5.88472 5.91077 6.04618 6.05438 6.29869 6.39129 6.39292 6.56983 6.86518 6.97046 7.09738 7.05898 7.08023 6.85643 6.72795 6.50466 6.33437 6.15659
7.76589 7.42921 7.19735 6.91412 6.51079 6.32035 5.97124 5.89339 5.36129 5.07632 4.83198 4.63827 4.54036 4.38961 4.14498 4.11702 4.05576 3.99613 4.04645 4.03285 3.97370 3.92373 3.84145 3.73886 3.78854 3.87879 4.03632 4.15405 4.22422 4.44210 4.52212 4.61082 4.72813 4.93570 4.92689 4.96413 4.97883 5.05662 5.13458 5.14141 5.16027 5.25859 5.16959 5.22640 5.31641 5.47519 5.63406 5.79915 5.86543 5.90024 5.94891 6.14904 6.09401 6.32336 6.37529 6.37749 6.51818 6.82555 6.91135 7.07585 7.06568 7.15169 6.81616 6.66031 6.38719 6.28575 6.06518
7.64462 7.04633 6.62207 6.25472 5.83622 5.67242 5.41969 5.30597 4.87732 4.64891 4.48459 4.33626 4.19425 4.07145 3.81378 3.74629 3.70222 3.67367 3.66324 3.72314 3.69263 3.66737 3.64388 3.56815 3.64136 3.74052 3.82211 3.94157 4.04919 4.34469 4.48866 4.59363 4.67302 4.87686 4.86002 4.86043 4.89589 4.96198 5.07156 5.07990 5.09244 5.12449 5.05945 5.12734 5.29928 5.43509 5.75482 5.95128 6.03189 6.05942 6.07169 6.30002 6.25414 6.45952 6.47561 6.48395 6.62484 6.84302 6.95282 7.18258 7.18305 7.39554 7.12254 6.86999 6.64619 6.52096 6.29877
6.59968 6.05727 5.73364 5.54050 5.25433 5.19708 5.00146 4.93835 4.68165 4.36776 4.16871 3.99061 3.79923 3.70691 3.57507 3.48124 3.47104 3.48055 3.47466 3.55340 3.61178 3.56540 3.57269 3.51196 3.55926 3.69181 3.84559 3.97788 4.11856 4.32487 4.49009 4.59516 4.67938 4.87137 4.88387 4.90691 4.96242 5.08728 5.21228 5.22155 5.22151 5.24233 5.23856 5.26197 5.43538 5.46938 5.72411 5.88288 6.02361 6.09358 6.13652 6.40749 6.41741 6.57219 6.62243 6.64038 6.74852 6.90065 6.99861 7.20736 7.25692 7.41091 7.27633 6.96417 6.78373 6.60128 6.46125
6.17389 5.77109 5.45413 5.25890 4.98100 4.89004 4.72013 4.58668 4.37273 4.00272 3.86437 3.73447 3.62942 3.60161 3.56448 3.45772 3.49421 3.48720 3.50483 3.47820 3.56951 3.43543 3.40799 3.40010 3.40708 3.62890 3.86528 3.99886 4.10008 4.26585 4.41650 4.57086 4.61261 4.75308 4.79726 4.85209 4.88104 5.05802 5.21120 5.29230 5.29547 5.24455 5.29238 5.26780 5.47831 5.54063 5.74649 5.95859 6.11125 6.21713 6.16825 6.38594 6.40727 6.56209 6.56680 6.66655 6.77138 6.87135 6.90270 7.05107 7.17960 7.29931 7.27871 6.99483 6.80057 6.62897 6.52639
5.76110 5.32110 4.91521 4.65618 4.41896 4.31288 4.18481 4.02020 3.88938 3.77641 3.69319 3.57898 3.49144 3.49108 3.47956 3.38827 3.42039 3.38062 3.36039 3.28502 3.44602 3.38247 3.35010 3.36489 3.32291 3.48915 3.69336 3.92709 4.03709 4.20357 4.33270 4.46365 4.53498 4.68442 4.80921 4.90559 4.97844 5.16583 5.26805 5.38625 5.37579 5.38341 5.40031 5.42066 5.61365 5.64812 5.77117 5.98792 6.08469 6.31877 6.30650 6.54213 6.53225 6.66051 6.63183 6.68565 6.72218 6.86051 6.85307 6.99115 7.18700 7.20867 7.21031 6.98604 6.82076 6.68843 6.63488
5.33070 4.93986 4.63037 4.43170 4.12650 4.02979 3.93196 3.84508 3.74617 3.73127 3.70668 3.63053 3.55736 3.56026 3.50837 3.45082 3.41966 3.34653 3.30697 3.24675 3.37065 3.38537 3.33084 3.38415 3.40512 3.55621 3.73591 4.01273 4.20856 4.34984 4.51690 4.64740 4.71347 4.83104 4.96114 5.02477 5.11389 5.29213 5.39282 5.48889 5.47030 5.43786 5.39845 5.40292 5.45853 5.58432 5.74888 5.98527 6.06483 6.23013 6.19200 6.46492 6.42603 6.54477 6.59203 6.67559 6.68425 6.77365 6.67774 6.74231 6.94475 7.01956 7.05927 6.92935 6.70315 6.55694 6.60098
4.99461 4.65562 4.36882 4.26280 4.00099 3.93848 3.84009 3.77156 3.66856 3.66014 3.70432 3.63451 3.48791 3.49632 3.46738 3.46156 3.44277 3.36645 3.31032 3.27320 3.37454 3.46435 3.45122 3.42861 3.47046 3.61539 3.80649 4.04083 4.36858 4.48680 4.63725 4.73271 4.76518 4.81532 4.95271 5.03731 5.12931 5.29727 5.38893 5.46114 5.40671 5.42082 5.32623 5.40033 5.45066 5.55270 5.74927 5.94226 6.06298 6.20934 6.20010 6.50695 6.48407 6.60758 6.61158 6.63902 6.68851 6.78773 6.73625 6.81114 6.92938 7.05850 7.05844 7.01106 6.80358 6.73427 6.89184
4.78090 4.45912 4.18315 4.11353 3.88349 3.86081 3.76639 3.68636 3.52193 3.45621 3.54981 3.51392 3.41808 3.42106 3.45309 3.46407 3.45882 3.37758 3.33188 3.31930 3.40795 3.58554 3.62257 3.56319 3.56406 3.63404 3.79763 3.96852 4.32204 4.49783 4.66787 4.80955 4.86611 4.94291 5.06426 5.14324 5.14935 5.29587 5.46294 5.60031 5.51635 5.54349 5.42360 5.48488 5.51596 5.57432 5.83386 5.95354 6.13437 6.25321 6.21386 6.43420 6.38496 6.51059 6.56939 6.61020 6.64630 6.67233 6.64145 6.64660 6.74799 6.99285 6.98543 7.01794 6.84619 6.79386 6.99831
4.71579 4.48253 4.20074 4.04137 3.83809 3.69783 3.61560 3.58431 3.46883 3.32834 3.37424 3.37000 3.36504 3.36558 3.39593 3.39604 3.44364 3.35763 3.37729 3.34635 3.38262 3.47349 3.54283 3.48083 3.48091 3.53725 3.71408 3.88914 4.15041 4.39538 4.52675 4.67353 4.69868 4.72573 4.86966 5.03185 5.05472 5.16782 5.36734 5.52674 5.44333 5.51142 5.41362 5.46813 5.64780 5.64819 5.94375 6.03997 6.20818 6.32454 6.27721 6.45689 6.41712 6.47436 6.55440 6.62180 6.65372 6.64201 6.66618 6.66001 6.75508 6.96316 7.04232 7.13223 7.04441 6.92905 7.05701
4.43198 4.24457 3.98644 3.80785 3.66678 3.45794 3.41729 3.42246 3.34878 3.22367 3.23952 3.29689 3.29166 3.27662 3.31724 3.36533 3.45042 3.34929 3.37212 3.34041 3.37433 3.42471 3.57740 3.59872 3.60087 3.63268 3.72591 3.86083 4.02246 4.23025 4.34179 4.56387 4.68022 4.75340 4.84430 5.04764 5.10943 5.18186 5.39953 5.54604 5.50216 5.59235 5.53215 5.49882 5.69553 5.61443 5.93151 6.05282 6.17715 6.28692 6.19935 6.35309 6.37572 6.40943 6.50764 6.58328 6.60714 6.64382 6.65427 6.58846 6.64851 6.84790 6.98433 7.06726 7.05473 6.81242 6.89552
4.24560 4.14067 3.92395 3.72897 3.62098 3.38212 3.32251 3.34700 3.30832 3.20529 3.19270 3.29795 3.31963 3.29989 3.31565 3.34902 3.41913 3.34041 3.38633 3.35700 3.41526 3.44705 3.57046 3.65533 3.65256 3.68361 3.72093 3.84419 3.98056 4.13300 4.29034 4.49988 4.59388 4.71603 4.78111 5.02501 5.16306 5.22064 5.42820 5.56398 5.51998 5.56169 5.49379 5.45706 5.67245 5.65949 5.89925 5.99301 6.07985 6.20157 6.12328 6.21461 6.25265 6.32948 6.42574 6.43122 6.45796 6.57640 6.63526 6.64019 6.59097 6.82622 7.06223 7.18249 7.23625 6.96890 7.04545
4.18629 4.13178 3.96562 3.76337 3.61140 3.39267 3.25702 3.30196 3.30622 3.28529 3.25619 3.36653 3.40927 3.38847 3.37351 3.38876 3.46069 3.40635 3.45060 3.39955 3.46883 3.43882 3.55832 3.64882 3.65812 3.62653 3.63226 3.74036 3.87989 3.98445 4.22300 4.40602 4.54315 4.75909 4.87254 5.08091 5.28209 5.32269 5.44970 5.58958 5.56419 5.59032 5.51628 5.49117 5.66506 5.69392 5.85825 5.94225 6.04064 6.19215 6.17769 6.29053 6.29155 6.32128 6.45009 6.44615 6.45832 6.59957 6.68595 6.70523 6.56563 6.84925 7.18672 7.33837 7.43888 7.31121 7.36481
4.12768 4.05580 3.89433 3.75443 3.64423 3.56559 3.39860 3.40459 3.42896 3.40487 3.36971 3.39886 3.47863 3.47942 3.44145 3.40379 3.45996 3.42131 3.48505 3.45327 3.53686 3.48599 3.60380 3.67890 3.73327 3.68640 3.70943 3.78889 3.94714 4.04202 4.34864 4.56588 4.70380 4.93488 5.00308 5.15612 5.37985 5.41910 5.47482 5.70137 5.70903 5.78410 5.67230 5.71598 5.84969 5.84967 5.93273 6.05176 6.14946 6.35082 6.35917 6.58520 6.54252 6.44297 6.54015 6.53191 6.49933 6.58666 6.68953 6.76025 6.59023 6.80726 7.17052 7.29864 7.35726 7.28218 7.27683
4.22197 4.14742 4.01346 3.88749 3.71614 3.64877 3.46236 3.41964 3.47980 3.48461 3.47662 3.43764 3.49182 3.53645 3.53963 3.52712 3.53715 3.49368 3.55442 3.52277 3.59909 3.56883 3.65644 3.73041 3.80652 3.74278 3.77426 3.83348 3.97445 4.01982 4.36875 4.79659 4.96113 5.22450 5.31293 5.39978 5.60299 5.60676 5.57928 5.77825 5.72105 5.79255 5.64753 5.67121 5.76705 5.78756 5.87205 5.96592 6.08393 6.25975 6.27431 6.52091 6.51022 6.41498 6.48809 6.53502 6.51293 6.61643 6.69668 6.70814 6.56094 6.64293 7.01630 7.27199 7.40703 7.41214 7.33891
4.25583 4.13481 3.96637 3.82693 3.67603 3.65986 3.47207 3.40162 3.43917 3.44690 3.46498 3.44809 3.47504 3.55531 3.57489 3.53717 3.51909 3.48656 3.56673 3.58559 3.66956 3.63417 3.69528 3.74583 3.83908 3.80115 3.83794 3.90351 4.07180 4.16882 4.38265 4.91067 5.08453 5.28943 5.38799 5.43207 5.59057 5.61971 5.54123 5.68137 5.65247 5.76988 5.71959 5.70496 5.81290 5.80217 5.85011 5.86281 6.01122 6.15775 6.19481 6.39204 6.52329 6.43188 6.41751 6.49104 6.47032 6.58551 6.68288 6.75528 6.70154 6.70416 7.06771 7.33815 7.48733 7.53214 7.51975
4.35422 4.28471 4.11410 3.98324 3.79731 3.71323 3.54419 3.36451 3.39639 3.46489 3.51780 3.56575 3.56658 3.62248 3.67207 3.66318 3.65153 3.63519 3.70238 3.68294 3.77056 3.68237 3.70662 3.76379 3.88673 3.92538 3.96939 3.98895 4.02858 4.12455 4.19677 4.74573 5.03675 5.21910 5.43434 5.48941 5.62177 5.65705 5.58626 5.67324 5.67934 5.80314 5.77364 5.71360 5.82920 5.78606 5.82576 5.82909 5.98279 6.12659 6.13795 6.21366 6.46775 6.40982 6.40737 6.50984 6.46805 6.54732 6.68735 6.88490 6.89853 6.79622 7.02664 7.34456 7.52488 7.56985 7.60276
4.32463 4.35539 4.12114 3.97097 3.84076 3.74938 3.67484 3.53579 3.51217 3.59891 3.62183 3.62674 3.58004 3.65367 3.70809 3.64964 3.68916 3.63825 3.67384 3.68495 3.78697 3.72376 3.77633 3.81150 3.85277 3.89811 3.91618 3.98501 4.01305 4.12637 4.17690 4.59459 4.95629 5.10643 5.36552 5.45449 5.57373 5.67345 5.61740 5.65665 5.64071 5.75667 5.79084 5.76399 5.89920 5.91319 5.96017 6.00192 6.12249 6.04230 6.06325 6.18203 6.40049 6.33299 6.24723 6.34133 6.34059 6.42630 6.54823 6.82180 6.95234 6.89875 7.09335 7.48652 7.68466 7.68375 7.75041
4.15347 4.27191 4.07010 3.88156 3.78695 3.75839 3.69081 3.57300 3.53794 3.65727 3.68978 3.73637 3.74947 3.86471 3.93926 3.81556 3.86434 3.82208 3.83178 3.80096 3.84377 3.79505 3.84284 3.89078 3.94878 4.00747 4.06813 4.06928 4.06245 4.08118 4.14145 4.40672 4.89582 5.07778 5.32198 5.48694 5.57144 5.70415 5.68005 5.75352 5.76114 5.94323 6.10282 6.00879 5.99073 5.96107 5.96240 6.01571 6.05303 6.03592 5.97235 6.06706 6.28762 6.39130 6.33129 6.41918 6.47598 6.54543 6.69159 7.02418 7.25091 7.14010 7.24259 7.60679 7.84762 7.88459 7.96309
4.15530 4.23777 4.14884 3.99347 3.91665 3.89113 3.87399 3.72437 3.69546 3.85754 3.91207 3.95659 3.95170 4.02746 4.09495 3.99514 4.02681 3.99386 3.98042 3.87031 3.90960 3.87227 3.94709 3.93700 3.94350 3.95904 4.03681 4.05439 4.05721 4.06181 4.12278 4.23035 4.73508 5.08701 5.32263 5.63740 5.77591 5.98992 5.95848 5.93860 5.81520 5.93461 6.03266 6.03886 6.04606 6.05100 6.00748 6.10193 6.14139 6.20585 6.07091 6.18407 6.31974 6.51482 6.53433 6.56396 6.60648 6.60939 6.77235 7.04122 7.30045 7.33572 7.36975 7.70920 8.05841 8.09340 8.23639
