OMI_NO2_yc_0.0167deg/OMI_NO2_yc_0.0167deg/OMI_NO2_2006678.asc
ncols      200
nrows      200
xllcorner       110.913
yllcorner       33.7933
cellsize     0.0166667
NODATA_Value      -999.000
[rows 58 to 86 of 165, columns 67 to 133 of 200]
12.3387 2.96565 2.98267 3.04736 3.11877 3.17381 3.23961 3.32263 3.37129 3.50408 3.58810 3.68626 4.17968 4.33163 4.46028 4.78341 5.08216 5.16922 5.29017 5.38137 5.53615 5.77975 6.19201 6.26247 6.35314 6.68433 7.11348 7.15314 7.30180 7.40413 7.55429 7.54769 7.65105 7.67639 7.68409 7.63797 7.51515 7.35188 7.38012 7.23695 7.28270 7.25485 7.38620 7.39653 7.07930 6.74736 6.52380 6.54184 6.35985 6.24616 5.94195 5.83984 5.77763 5.80465 5.62829 5.68006 5.67864 5.67715 5.40238 5.43172 5.34352 5.48546 5.39705 5.33439 5.42138 4.89798 5.01370
11.7431 3.16078 3.22248 3.32065 3.30925 3.39799 3.33103 3.36119 3.42518 3.45514 3.52847 3.55007 4.09250 4.21653 4.43486 4.60578 4.81606 4.97130 5.06474 5.22016 5.30653 5.51740 5.88644 6.05064 6.21223 6.55027 7.03530 7.15190 7.23427 7.28722 7.48596 7.40598 7.57382 7.55819 7.48014 7.45412 7.33031 7.14561 7.19083 7.08882 7.03560 7.08052 7.39687 7.73474 7.31627 7.11672 6.71386 6.60749 6.34333 6.14455 5.91029 5.81901 5.73305 5.84067 5.77119 5.90699 5.99401 5.97256 5.52566 5.32306 5.07616 5.14667 5.10553 5.14243 5.32545 5.00519 5.08448
10.9217 3.29170 3.23098 3.36402 3.26705 3.42545 3.33041 3.37841 3.47878 3.47463 3.51669 3.54984 3.93800 4.13316 4.42238 4.55380 4.73929 4.94227 5.02902 5.10490 5.13259 5.33758 5.66589 5.93075 6.11320 6.32530 6.74764 6.99935 7.02362 7.14153 7.32248 7.28235 7.44132 7.43496 7.36241 7.27437 7.19138 6.97429 7.21586 7.26223 7.14973 7.09351 7.18120 7.43343 7.06746 6.82964 6.47942 6.38922 6.26661 5.92503 5.77516 5.67108 5.59019 5.68640 5.59206 5.51924 5.50251 5.36723 5.11604 4.97941 4.90815 5.07826 4.93847 4.98952 5.19993 5.02091 5.08356
10.1851 3.17831 3.14656 3.26158 3.25895 3.45360 3.48278 3.54157 3.60926 3.66157 3.66738 3.73983 3.97021 4.24473 4.41542 4.51208 4.52952 4.74333 4.88264 4.96069 4.99961 5.20066 5.45747 5.87367 6.04128 6.20978 6.60189 6.99902 6.97809 6.91971 6.98138 7.05014 7.20071 7.28953 7.34594 7.27720 7.33738 6.98224 7.07394 6.96113 6.84821 6.67287 6.77546 7.01854 6.85607 6.57029 6.24465 6.09921 6.05122 5.62898 5.40360 5.19902 5.00555 4.95452 5.06486 5.04266 5.14333 5.14997 5.04125 4.78629 4.77049 4.97372 4.80840 4.88327 5.17780 5.02733 5.00124
10.1565 3.56358 3.61589 3.68367 3.71784 3.74261 3.79595 3.79431 3.82889 3.90302 3.84617 3.92909 4.04059 4.44570 4.50697 4.66188 4.58321 4.71662 4.90910 4.99512 5.04056 5.24091 5.51420 5.92069 6.12379 6.21680 6.40650 6.62972 6.63441 6.63262 6.79114 7.06914 7.28100 7.36115 7.20572 7.05392 7.00627 6.69628 6.81269 6.83149 6.81985 6.52413 6.61901 6.79435 6.89432 6.61156 6.24966 5.95475 5.78974 5.34091 5.05104 4.98466 4.88639 4.85162 5.05091 5.02879 5.14329 5.12464 5.11375 4.86020 4.87706 5.18399 4.91218 4.92630 5.14884 4.86337 4.65993
10.7803 3.80408 3.80710 3.91377 3.98239 3.91837 4.01212 3.98423 3.99551 4.08696 4.02104 4.07759 4.09732 4.51379 4.59437 4.83060 4.71080 4.76734 4.90929 4.96858 4.92463 5.17258 5.41344 5.71938 5.98426 6.15480 6.40165 6.63592 6.94212 6.92060 6.85119 6.94831 6.98045 7.17413 7.10478 7.04852 6.95302 6.76517 6.75244 6.81369 6.83635 6.57814 6.63479 6.59087 6.62116 6.32391 6.07342 5.75655 5.67645 5.48866 5.06208 5.05835 4.88195 4.80290 5.02622 5.12400 5.27898 5.35405 5.28770 4.98485 4.82382 5.03786 4.75075 4.71585 4.98025 4.71513 4.60817
10.8978 3.92052 3.93702 4.10472 4.17734 4.08673 4.16811 4.10693 4.05509 4.15460 4.13026 4.19407 4.30372 4.59671 4.72153 4.75268 4.58615 4.57465 4.66025 4.75221 4.74585 5.11689 5.26416 5.46243 5.80818 6.04066 6.24448 6.22722 6.54181 6.47479 6.46192 6.63267 6.70327 7.03674 6.96644 6.98739 6.81899 6.70194 6.69726 6.70824 6.72812 6.62087 6.65035 6.61148 6.48132 6.44331 6.28378 5.86605 5.82032 5.72084 5.37037 5.36812 5.21554 5.09533 5.13295 5.23807 5.22709 5.27287 5.17260 5.06274 4.84440 5.12480 5.02952 4.83266 5.12694 4.86607 4.83090
10.9716 4.03710 4.01643 4.12708 4.16232 4.06071 4.11237 4.17202 4.13474 4.21277 4.21982 4.20680 4.35452 4.53786 4.77731 4.80689 4.74156 4.74279 4.77621 4.86174 4.85959 5.13831 5.28753 5.41760 5.60830 5.72107 6.07102 6.01422 6.30644 6.35356 6.32261 6.42985 6.50704 6.85944 6.84484 6.95776 6.78795 6.69702 6.63761 6.72704 6.75445 6.65738 6.64303 6.69850 6.53087 6.52278 6.44948 6.04668 5.96958 5.77986 5.48975 5.26536 5.05609 4.82823 4.79211 5.08573 5.02265 5.05501 4.99120 4.95890 4.84876 5.23752 5.24810 5.07858 5.42187 5.13210 5.12763
10.7469 3.98908 4.00884 4.12624 4.22034 4.19758 4.17483 4.30773 4.18557 4.17624 4.24833 4.17866 4.36251 4.49622 4.91231 5.01880 5.07578 5.06667 4.98609 4.83107 4.88247 5.16570 5.43075 5.46949 5.73294 5.69313 5.84290 5.80481 5.97648 6.18665 6.18425 6.26888 6.42596 6.71101 6.85329 6.94562 6.81099 6.78782 6.74465 6.80399 6.85339 6.75600 6.84218 7.02958 6.95853 6.90615 6.61714 5.83999 5.56595 5.44809 5.40196 5.24757 5.17399 4.93402 4.79132 5.15081 5.12691 5.19700 5.26616 5.43614 5.25558 5.51486 5.51484 5.33297 5.45605 5.27432 5.28690
10.8205 3.98347 4.00878 4.02811 4.04376 4.02811 3.95440 4.13749 4.05435 4.06315 4.30457 4.40307 4.61063 4.73333 5.05006 5.19133 5.25598 5.34844 5.36071 5.30473 5.36563 5.51606 5.63382 5.63907 5.92450 5.88302 5.98009 6.09207 6.17114 6.59910 6.62399 6.58380 6.79780 6.96542 7.14103 7.21217 7.00983 6.91901 6.89080 6.96541 6.99775 7.02813 6.91874 6.73019 6.51315 6.38778 6.33503 5.75073 5.49498 5.42931 5.32747 5.17189 5.11588 4.91227 4.79190 5.14798 5.27049 5.29092 5.33193 5.50253 5.17310 5.33992 5.37131 5.29706 5.40049 5.34628 5.30670
10.7465 4.00996 4.02354 4.05879 4.08185 4.12107 4.17019 4.43615 4.57081 4.61066 4.73101 4.81688 4.93713 5.10746 5.37878 5.58648 5.64244 5.83131 5.87703 5.83181 5.72591 5.82182 5.85472 5.84757 6.06291 6.09717 6.11978 6.20757 6.27005 6.62362 6.73974 6.61068 6.78293 6.87957 7.08501 7.23752 7.15054 7.06781 6.97282 6.85856 6.73320 6.75781 6.68279 6.54379 6.50515 6.33757 6.36308 6.09907 5.64962 5.59859 5.44498 5.40867 5.30087 5.22686 5.02915 5.15967 5.37084 5.28583 5.33551 5.49007 5.17667 5.21276 5.22541 5.14647 5.17456 5.03505 4.98475
10.5084 4.38572 4.41271 4.54520 4.75900 4.88724 5.01897 5.08386 5.14771 5.13376 5.16627 5.25309 5.27924 5.45880 5.63334 5.91888 5.94428 5.99954 5.96877 5.96879 5.80767 5.92445 5.99989 5.95827 6.10871 6.26545 6.27639 6.24512 6.29050 6.46696 6.69747 6.62308 6.73801 6.86033 7.14376 7.07396 7.02167 7.06480 6.99839 6.98341 6.92519 6.88234 6.91299 6.70108 6.71864 6.49750 6.49354 6.34320 5.73780 5.66668 5.56519 5.50819 5.32545 5.34752 5.12299 5.04535 5.39116 5.26487 5.37760 5.50941 5.33405 5.27155 5.20943 5.13407 5.10067 4.94759 4.96311
7.18914 4.95399 5.14569 5.13945 5.27961 5.35668 5.44063 5.55574 5.56952 5.64674 5.67208 5.80986 5.80408 6.00007 5.99796 6.08645 6.15920 6.21478 6.25121 6.19274 6.11265 6.12058 6.18609 6.05394 6.13593 6.36341 6.36795 6.34508 6.54417 6.72607 6.89261 6.80207 6.64600 6.70153 6.92442 7.02839 7.01404 7.09872 7.07588 7.08434 7.07817 6.97735 7.06410 6.87381 6.88992 6.77824 6.71281 6.66931 6.11675 5.88713 5.86818 5.73501 5.57624 5.54727 5.36147 5.14328 5.41178 5.26173 5.30348 5.38170 5.24249 5.11193 5.05158 5.06933 5.02336 4.86995 4.90505
8.95182 8.49167 7.84577 7.83665 7.69769 7.55618 7.76858 8.32617 7.89728 7.87678 8.00555 7.55727 7.27952 7.10203 6.97096 6.89822 6.70415 6.50259 6.41358 6.36171 6.13081 6.20568 5.90689 5.69846 4.91126 4.91126 5.07487 5.05062 5.11716 5.08091 5.02772 5.10594 5.07121 5.02047 5.00704 5.10431 5.12923 5.18244 5.11574 5.00935 4.93885 4.93155 4.98500 4.81701 4.72409 4.72079 4.71330 4.71077 4.65858 4.58161 4.46387 4.43535 4.41067 4.29288 4.19644 4.13343 4.09070 4.02968 3.90887 3.77372 3.74602 3.64871 3.58609 3.46161 3.17270 3.03124 3.03158
8.33113 8.16395 7.92535 7.90873 7.79084 8.12102 8.00351 8.13123 7.75416 7.80342 7.48925 7.01677 6.79436 6.70660 6.67610 6.70660 6.66324 6.35254 6.24470 6.21507 6.03955 6.10598 5.92167 5.68468 4.60490 4.36395 5.08972 5.02334 5.08661 5.03078 4.94891 5.07660 5.07006 5.03794 5.00932 5.11710 5.16319 5.16168 5.16865 5.06696 4.90157 4.87912 4.91249 4.77014 4.56496 4.52844 4.55250 4.53273 4.50442 4.34836 4.21628 4.16333 4.14112 4.11050 4.03711 4.03679 4.01816 4.01527 3.84924 3.74561 3.60852 3.54189 3.42101 3.32907 3.11234 2.94915 2.92729
8.59463 8.46901 8.15237 7.95122 7.75582 7.57790 7.32747 7.54564 7.10257 7.35446 7.32927 6.95411 6.68339 6.47688 6.37320 6.36250 6.35847 5.94290 5.90277 5.92327 5.75869 5.48020 5.33522 4.97061 4.53232 4.13933 5.01001 4.99231 5.07793 5.06343 5.00794 5.08905 5.10864 5.08208 5.09737 5.15400 5.20665 5.15396 5.06835 4.88818 4.78802 4.75358 4.83344 4.74490 4.49348 4.42297 4.42530 4.37878 4.32329 4.21182 4.10482 4.04487 3.99795 3.96641 3.89316 3.86836 3.81925 3.70518 3.47834 3.39631 3.30340 3.24323 3.18872 3.14672 3.00894 2.76597 2.68181
8.58471 8.35592 8.02627 7.85602 7.68144 7.56007 7.39856 7.70462 7.23888 7.32774 7.50393 6.86991 6.40650 6.15182 6.14262 6.16650 6.08081 5.65505 5.37986 5.31826 5.23373 5.05059 5.14179 4.86369 4.59269 4.35709 4.93846 5.05031 5.09175 5.10062 5.08631 5.12078 5.15307 5.11221 5.06845 5.04429 5.12915 5.08258 5.01649 4.74562 4.71380 4.67581 4.73988 4.65235 4.41078 4.31049 4.22655 4.11695 4.06821 3.96814 3.91013 3.85793 3.78430 3.81318 3.82493 3.85389 3.83994 3.74074 3.59314 3.46950 3.36030 3.22343 3.08481 2.96173 2.85591 2.82791 2.70643
8.37472 8.29445 8.08598 7.93793 7.78624 7.67325 7.41888 7.39678 7.20858 7.16865 7.52349 6.75924 6.27470 6.01172 6.04143 6.01811 5.98419 5.75192 5.47296 5.49674 5.50688 5.33811 5.36259 5.15829 4.82899 4.38320 4.83979 5.11229 5.14173 5.10035 5.07013 4.98984 5.07608 5.04389 5.01085 4.97151 5.05236 5.05044 5.04393 4.72751 4.69484 4.63827 4.58711 4.58643 4.46856 4.38296 4.36962 4.16286 4.08412 3.98631 3.93083 3.95288 3.87805 3.90888 3.90766 3.93332 3.88940 3.67813 3.49353 3.21231 3.08605 3.03170 3.00146 2.97725 2.95370 2.91771 2.78991
7.81665 7.74554 7.50830 7.38285 7.11302 7.04860 6.91876 6.80607 6.81132 6.73170 6.99353 6.47708 5.93570 5.71343 5.85426 5.87071 5.84534 5.76554 5.71629 5.74924 5.74585 5.59489 5.53011 5.40513 5.05104 4.48169 4.87199 4.94455 4.96705 4.94302 4.95372 4.88959 4.91420 4.86598 4.82346 4.78769 4.83628 4.83295 4.86621 4.63469 4.56222 4.53226 4.44770 4.43583 4.35791 4.24004 4.26073 4.09897 4.07267 4.02290 3.91940 3.95365 3.88012 3.84806 3.77281 3.72844 3.65201 3.52065 3.43759 3.26202 3.12554 3.04722 2.97500 2.92570 2.94067 2.90918 2.85570
7.78239 7.77372 7.50614 7.43992 7.21296 7.17811 7.04097 6.96448 6.64283 6.59974 6.66574 6.37205 5.83507 5.54166 5.70476 5.70756 5.71037 5.66593 5.65742 5.63764 5.66092 5.54875 5.29846 5.32179 5.03653 4.49307 4.70249 4.71677 4.76627 4.74796 4.79616 4.74638 4.71159 4.69338 4.62629 4.64235 4.69562 4.74904 4.77510 4.61183 4.43859 4.41657 4.35562 4.37212 4.35286 4.21994 4.25152 4.08660 4.02759 3.93116 3.73730 3.66469 3.56049 3.57043 3.56701 3.59788 3.54734 3.40562 3.22505 3.06762 2.93449 2.90614 2.88568 2.87254 2.87599 2.83396 2.90929
7.89186 7.96965 7.65640 7.54794 7.32668 7.39551 7.14131 7.05719 6.66131 6.55624 6.57997 6.40350 5.94237 5.65401 5.85216 5.81995 5.79148 5.69105 5.64221 5.60718 5.64639 5.60519 5.26017 5.13141 4.93500 4.55079 4.62025 4.61255 4.68907 4.71434 4.66621 4.61784 4.55340 4.60851 4.53308 4.55879 4.58345 4.56588 4.56667 4.49642 4.27126 4.26605 4.24080 4.19775 4.24999 4.10579 4.02921 3.82055 3.67589 3.64481 3.55649 3.51752 3.45476 3.44517 3.41671 3.41173 3.37207 3.25496 3.12022 3.07940 2.99618 2.94288 2.95010 2.93719 2.94079 2.91061 2.96029
8.07203 8.15909 7.58771 7.31693 7.25467 7.25739 7.02711 7.02569 6.69465 6.48365 6.49641 6.39106 5.96538 5.60788 5.74549 5.71972 5.70790 5.61311 5.55674 5.50552 5.51097 5.50330 5.26022 5.02290 4.89887 4.60219 4.49048 4.54711 4.60244 4.65627 4.65264 4.59220 4.49967 4.56916 4.51164 4.49121 4.52222 4.51368 4.52400 4.51709 4.25595 4.22992 4.20024 4.03331 3.98101 3.89764 3.85365 3.76558 3.60045 3.55878 3.39827 3.28457 3.23544 3.26560 3.26604 3.29423 3.29599 3.20127 3.11804 3.09559 3.02694 2.95574 2.95870 2.92506 2.90089 2.86479 2.93805
8.26469 8.24498 7.73933 7.21824 7.19475 7.20650 6.95382 6.87481 6.39767 6.18450 6.19643 6.04021 5.87922 5.38851 5.51828 5.43641 5.41655 5.29896 5.28767 5.23210 5.21658 5.15496 5.02130 4.65157 4.46876 4.20519 4.50547 4.65428 4.66493 4.72044 4.67377 4.61514 4.53194 4.57152 4.55820 4.49734 4.53892 4.53743 4.55716 4.54748 4.34305 4.21165 4.18599 4.08097 3.95169 3.88479 3.81381 3.74215 3.51776 3.48794 3.39453 3.26901 3.23264 3.24808 3.24160 3.26660 3.26612 3.17961 3.08396 3.02947 2.92038 2.82944 2.83902 2.76772 2.71697 2.63950 2.79432
8.32960 8.23775 7.96791 7.18080 7.17147 7.02540 6.84031 6.81364 6.44715 6.19003 6.18767 5.96369 5.96847 5.45467 5.48703 5.33848 5.32993 5.15127 5.14429 5.06576 5.03153 4.87674 4.67467 4.30075 4.21157 4.17787 4.47271 4.58596 4.57980 4.67240 4.63942 4.59745 4.50241 4.50383 4.52901 4.45231 4.45917 4.44696 4.45418 4.44246 4.36783 4.17109 4.15850 3.92716 3.78017 3.67624 3.58752 3.53273 3.38353 3.32838 3.23779 3.09506 3.04130 3.08363 3.09872 3.14970 3.13798 3.05523 2.97097 2.90431 2.84159 2.76765 2.77942 2.71942 2.64528 2.56688 2.68650
8.25287 8.16365 8.06440 7.40983 7.17637 7.02962 6.90812 6.85175 6.50450 6.11432 6.03363 5.80881 5.84049 5.54044 5.71084 5.59448 5.57952 5.41201 5.39600 5.35325 5.39639 5.31463 5.17032 4.86212 4.76095 4.73745 4.39818 4.36661 4.42071 4.54705 4.59031 4.54099 4.42794 4.34715 4.38172 4.33969 4.34281 4.41272 4.46418 4.47618 4.44257 4.12689 4.07231 3.89537 3.65059 3.52498 3.48644 3.46145 3.39548 3.28350 3.24630 3.16693 3.09348 3.13135 3.13448 3.15020 3.15020 3.11012 3.02388 2.94461 2.90823 2.85457 2.82932 2.80951 2.71997 2.69600 2.84432
7.44126 7.35645 7.34127 6.85299 6.45579 6.46242 6.40285 6.34018 6.12121 5.83434 5.76499 5.66437 5.82219 5.65631 5.97558 5.82795 5.74762 5.52132 5.44430 5.49874 5.65950 5.55944 5.26014 4.99614 4.79925 4.79299 4.65371 4.43459 4.43632 4.53556 4.59236 4.56031 4.52983 4.47838 4.39542 4.36981 4.37900 4.41261 4.42924 4.41902 4.42296 4.16056 4.07013 4.03430 3.74339 3.61525 3.59658 3.55722 3.51178 3.33823 3.23120 3.11709 3.01929 3.05032 3.03487 3.04085 3.03590 3.02107 2.91282 2.81597 2.74423 2.66525 2.55929 2.63297 2.65888 2.72029 2.89167
7.11742 7.10835 7.14543 6.93410 6.37379 6.33489 6.21719 6.27136 6.10276 5.80237 5.65210 5.50546 5.57485 5.26130 5.47979 5.34482 5.23033 5.14109 5.14685 5.29365 5.61570 5.55924 5.31938 5.12410 4.93084 4.99283 4.91302 4.70573 4.67540 4.78093 4.84669 4.79721 4.74369 4.62290 4.43859 4.37410 4.37269 4.40861 4.44462 4.44019 4.44062 4.28674 4.12040 4.12888 3.84027 3.65882 3.57025 3.49005 3.44694 3.28909 3.10589 2.95531 2.80952 2.87283 2.87585 2.87911 2.87906 2.90708 2.81403 2.75298 2.65778 2.62143 2.57484 2.67278 2.85196 2.83032 3.00303
7.11259 7.09249 7.18485 7.15913 6.53807 6.32948 6.12988 6.08834 5.81392 5.61620 5.31369 5.30013 5.42576 5.19151 5.40304 5.37855 5.28062 5.16666 5.23116 5.34224 5.77097 5.84830 5.67028 5.36665 5.19464 5.19761 5.15990 5.03539 4.80965 4.84719 4.85009 4.77120 4.70357 4.57649 4.48394 4.38981 4.40560 4.42988 4.49305 4.52273 4.55529 4.47833 4.22829 4.24682 4.04016 3.79009 3.62512 3.56581 3.55424 3.45085 3.23335 3.06535 2.87346 2.92600 2.92151 2.97194 2.98220 3.04445 2.93800 2.80162 2.58545 2.52801 2.55678 2.67019 2.82171 2.81543 2.95073
7.06620 6.99682 7.02374 6.95759 6.57879 6.30610 6.19199 6.07390 5.89015 5.80348 5.39858 5.34759 5.44634 5.29582 5.37452 5.37486 5.31343 5.17226 5.22456 5.21282 5.58642 5.69786 5.59787 5.18081 5.01455 4.99757 4.94969 4.92420 4.79506 4.84490 4.90440 4.87798 4.82087 4.73885 4.65737 4.50769 4.54613 4.56630 4.61268 4.61330 4.61297 4.55585 4.27561 4.23590 4.11770 3.85903 3.69897 3.61697 3.52671 3.41981 3.21913 3.06891 2.89487 2.92295 2.92512 2.91363 2.87593 2.91111 2.83401 2.71223 2.57701 2.51113 2.49562 2.63848 2.81752 2.84970 2.90731
