OMI_NO2_yc_0.0167deg/OMI_NO2_yc_0.0167deg/OMI_NO2_200607.asc
ncols      200
nrows      200
xllcorner       110.913
yllcorner       33.7933
cellsize     0.0166667
NODATA_Value      -999.000
[rows 60 to 79 of 165, columns 0 to 45 of 200]
2.83403 2.32195 2.28847 2.21010 2.19691 2.19691 2.19762 2.24019 2.30737 2.37454 2.44171 2.50884 2.47501 2.53229 2.54321 2.54321 2.54321 4.40905 5.10204 5.10204 5.10204 5.55699 7.24798 7.24798 7.24798 7.24798 7.26670 7.34760 7.42358 7.49074 7.55018 7.60138 6.81939 6.52523 6.12261 5.88298 5.32568 5.13734 5.13734 5.13734 5.11111 4.72539 4.78521 4.85017 4.91515 4.97745
2.83622 2.51982 2.51577 2.48767 2.48274 2.54987 2.61633 2.64088 2.64088 2.64088 2.64088 2.64088 2.59152 2.54321 2.54321 2.54321 2.54321 3.66174 5.10204 5.10204 5.24334 5.56108 7.38352 7.54019 7.59445 7.64307 7.67862 7.68149 7.68149 7.68149 7.68149 7.68149 7.12791 6.65599 6.23117 5.88385 5.58392 5.24521 5.31027 5.37525 5.43861 5.08221 4.97492 4.95959 4.94402 4.92856
2.83622 2.89029 2.95444 2.83560 2.64088 2.64088 2.64088 2.64088 2.64088 2.64088 2.64088 2.64088 2.61327 2.54321 2.54321 2.54321 2.54321 2.91449 5.10204 5.10204 5.56842 6.25087 7.24940 7.62391 7.58899 7.55507 7.52263 7.49085 7.46038 7.43082 7.40205 7.34559 7.13079 6.74369 6.43522 5.99781 5.81933 5.18476 5.16930 5.15373 5.13836 4.86978 4.66180 4.66016 4.65809 4.65600
2.83622 2.84481 2.95227 2.93078 2.64463 2.64243 2.64398 2.64553 2.64708 2.64863 2.65018 2.65174 2.68562 3.19613 3.24587 3.29402 3.33965 3.38399 4.97707 5.25100 5.31033 6.07287 6.58020 7.15960 7.15960 7.15960 7.14722 7.11318 7.08176 7.05317 7.03427 7.05682 7.09295 6.93371 6.73246 6.29739 6.15229 5.54320 5.49931 5.54526 5.59111 5.33037 4.63466 4.63421 4.63421 4.63421
2.82606 2.81743 2.90624 2.92232 2.68614 2.63867 2.63611 2.63359 2.63107 2.62864 2.62628 2.62392 2.62235 3.39565 3.56012 3.56012 3.56012 3.56012 4.52188 5.30810 5.35162 6.01579 6.45064 7.30820 7.30862 7.30902 7.32154 7.35766 7.39447 7.43120 7.46499 7.49135 7.51750 7.42043 7.21817 6.75092 6.43163 5.99053 5.68599 5.68599 5.68599 5.61363 4.64241 4.63421 4.63421 4.63421
2.64343 2.64343 2.71676 2.78651 2.67125 2.59332 2.59332 2.60238 2.63399 2.66671 2.69935 2.73199 2.76466 3.35202 3.87561 3.91918 3.97540 4.14751 4.72824 5.87138 5.90253 6.18487 6.46648 7.41059 7.48728 7.51346 7.53963 7.56581 7.59201 7.61816 7.64016 7.64260 7.64260 7.59330 7.36834 6.88000 6.43163 6.20588 5.68599 5.68599 5.68599 5.68599 4.82879 4.63223 4.60407 4.56780
2.64343 2.64343 2.66748 2.78635 2.80873 2.90443 2.93707 2.96065 2.96172 2.96172 2.96172 2.96172 2.96172 3.30661 4.05147 4.50396 4.63122 4.68441 4.77082 5.96058 6.05075 6.16951 6.60263 7.34475 7.64260 7.64260 7.64260 7.64260 7.64260 7.64260 7.64260 7.64260 7.64260 7.64159 7.44350 7.06111 6.45531 6.43868 5.65027 5.58023 5.54396 5.50771 4.87297 4.38541 4.37732 4.37732
2.64343 2.64343 2.64343 2.76850 2.79584 2.95852 2.96172 2.96172 2.96172 2.96172 2.97783 3.02992 3.08332 3.28243 4.33882 4.77390 4.98267 5.00083 5.00083 5.79072 6.15177 6.15177 6.57292 7.09640 7.64260 7.64260 7.64260 7.64260 7.64260 7.64342 7.66846 7.70482 7.74116 7.77747 7.68778 7.43773 6.87089 6.74251 5.79000 5.42910 5.42910 5.42910 5.08896 4.37477 4.26220 4.09053
2.64343 2.64343 2.64343 2.73908 2.84911 3.03510 3.11547 3.16887 3.22223 3.27560 3.31289 3.31419 3.31419 3.32640 4.34533 4.69126 5.00083 5.00083 5.00083 5.45660 6.15177 6.15177 6.44649 6.86191 7.69923 7.73551 7.77185 7.80821 7.84452 7.88006 7.89130 7.89130 7.89130 7.89130 7.83930 7.58183 7.00914 6.74251 6.16667 5.32391 5.15208 4.98042 4.72295 3.59172 3.52834 3.52834
2.64343 2.64343 2.64343 2.83555 3.25647 3.28983 3.31419 3.31419 3.31419 3.31419 3.31419 3.31419 3.31419 3.31419 4.05578 4.53613 4.97766 5.00297 5.00466 5.11753 5.99901 5.97159 6.19723 6.89358 7.83455 7.89130 7.89130 7.89083 7.86758 7.83184 7.79590 7.76035 7.72435 7.68874 7.63719 7.21797 6.46772 6.26806 5.91319 4.74096 4.75332 4.76554 4.77784 3.91572 3.75063 3.76291
2.64343 2.64343 2.64343 2.65513 3.22589 3.27436 3.31419 3.31419 3.31419 3.31654 3.36091 3.41678 3.46880 3.51741 3.89131 4.35771 4.61857 4.72004 4.68430 4.64856 5.36331 5.49783 5.48620 6.32775 7.05416 7.31414 7.27860 7.24299 7.23063 7.22211 7.19523 7.16776 7.14027 7.11280 7.09945 6.63345 5.82697 6.00389 5.94403 4.75073 4.50743 4.44591 4.38439 3.96288 3.66269 3.64665
2.58233 2.57348 2.56463 2.55577 3.02089 3.20713 3.28536 3.49789 3.60543 3.65775 3.68059 3.69400 3.70725 3.72038 3.74638 3.82797 4.00547 4.35027 4.35027 4.35027 4.83367 5.27103 5.27102 5.91866 6.64033 7.06812 6.99142 6.91475 6.83793 6.76977 6.71995 6.67073 6.62151 6.57174 6.47516 6.16833 5.21340 5.32380 5.40301 4.64950 4.08960 4.08960 4.08960 3.95627 3.60980 3.60980
3.38267 3.41559 3.44882 3.48215 3.65870 3.84152 3.77128 3.90052 4.01265 4.01265 4.01265 4.01248 4.01060 4.00833 4.00184 3.82704 3.82929 4.30910 4.33456 4.33071 4.52308 5.19798 5.16823 5.51184 6.15488 6.49630 6.49630 6.46086 6.38072 6.29535 6.20442 6.10771 6.00377 5.89349 5.84879 5.83913 4.97322 5.20532 5.40301 5.02711 4.08960 4.08960 4.08960 4.05459 3.61095 3.60980
3.52100 3.52100 3.52100 3.52100 3.55455 3.83873 3.78289 3.80050 3.99391 3.99164 3.98936 3.98727 3.98686 3.98686 3.98686 3.84966 3.79573 4.10628 4.22520 4.19931 4.21089 4.91385 4.82769 4.79919 5.63017 5.99246 5.91142 5.84887 5.84879 5.84879 5.84879 5.84879 5.84879 5.84879 5.84879 5.84879 5.28140 5.08682 5.40301 5.35704 4.14687 4.11948 4.13935 4.15926 3.81669 3.75574
3.52100 3.52100 3.52100 3.52100 3.52100 3.78729 3.80671 3.72352 3.96838 3.98686 3.98686 3.98686 3.98686 3.98813 4.00169 3.92905 3.85594 4.00497 4.27480 4.29147 4.30325 4.19376 4.12097 4.12097 5.07882 5.69006 5.84879 5.84879 5.84879 5.84879 5.84879 5.84879 5.84879 5.81145 5.70419 5.59537 5.23602 4.49711 4.82282 4.71392 4.35458 4.23102 4.23102 4.23102 4.00160 3.79835
3.52100 3.52100 3.52100 3.52100 3.52100 3.70475 3.83800 3.73551 3.92857 4.02873 4.04542 4.06208 4.07875 4.09416 4.09727 4.05172 3.93374 3.94395 4.28353 4.30369 4.30369 4.24644 4.12097 4.12097 4.73263 5.55391 5.82506 5.72256 5.61352 5.50470 5.39572 5.28698 5.17808 5.10652 5.10496 5.10496 5.09192 4.22240 4.62342 4.65918 4.47688 4.23102 4.29684 4.42111 4.44973 4.38329
3.52100 3.52100 3.52100 3.52100 3.52100 3.63242 4.01195 3.89586 3.95050 4.09727 4.09727 4.09727 4.09727 4.09727 4.09727 4.08337 3.93380 3.93374 4.18257 4.30571 4.33803 4.36963 4.27177 4.32309 4.47727 4.76496 5.11128 5.10496 5.10496 5.10496 5.10496 5.10496 5.10496 5.10510 5.12819 5.16573 5.20354 4.69801 4.74417 4.95292 5.01581 4.76923 4.82587 4.82387 4.80204 4.58357
3.52100 3.52100 3.52100 3.52100 3.52100 3.52228 3.98487 3.93530 3.87593 4.09342 4.09727 4.09727 4.09727 4.11436 4.15664 4.20099 4.17204 4.25045 4.43845 4.70037 4.74078 4.77098 4.75772 4.78057 4.81921 4.94746 5.49662 5.56551 5.60341 5.64116 5.67870 5.71673 5.74532 5.75131 5.73353 5.70091 5.66833 5.59672 5.34622 5.22962 5.22470 4.83873 4.75683 4.73966 4.72174 4.57416
3.55984 3.58700 3.61417 3.64133 3.66850 3.69567 4.02986 4.18151 4.09159 4.29329 4.39089 4.44412 4.49746 4.53672 4.56189 4.58617 4.83578 4.98514 4.98955 5.13612 5.14482 5.14482 5.15682 5.17237 5.17237 5.23148 5.64653 5.80292 5.77841 5.74967 5.71970 5.68839 5.66563 5.66759 5.67090 5.67437 5.67802 5.67731 5.37715 5.13259 5.13033 4.80653 4.55945 4.55945 4.55945 4.55945
4.65701 4.75040 4.83188 4.90304 4.96620 5.02268 5.06753 5.07705 4.76937 4.85525 4.97501 4.99014 5.00564 5.01771 5.01873 5.01873 5.01061 5.04509 5.08599 5.21514 5.29087 5.32348 5.36819 5.45051 5.45882 5.49968 5.62870 5.69513 5.69081 5.69081 5.69081 5.69081 5.69081 5.69081 5.69081 5.69081 5.69081 5.69081 5.51638 5.13556 5.13033 4.97014 4.55945 4.55945 4.55945 4.55945
