OMI_NO2_yc_0.0167deg/OMI_NO2_yc_0.0167deg/OMI_NO2_200602.asc
ncols      200
nrows      200
xllcorner       110.913
yllcorner       33.7933
cellsize     0.0166667
NODATA_Value      -999.000
[rows 130 to 142 of 164, columns 58 to 86 of 200]
12.7429 13.4849 13.6649 13.5263 13.3050 12.9771 12.9457 12.9142 13.0728 13.1300 13.2036 13.2036 13.2036 13.2036 13.2036 13.2036 13.2036 13.2598 13.6156 13.7937 13.8226 13.8226 14.1368 15.4849 17.7644 17.8972 18.1735 19.5515 19.8218
12.6085 13.2755 13.5525 13.4438 13.3725 12.8730 12.8614 12.8614 12.9910 13.0953 13.2036 13.2036 13.1999 13.1733 13.1429 13.1126 13.0822 13.0518 13.3631 13.4238 13.3761 13.3237 13.2980 14.7166 16.6347 17.3139 17.7203 18.8568 19.4799
12.0260 12.4738 13.0417 13.3104 13.3140 12.9113 12.7239 12.6934 12.7306 12.8474 12.9295 12.9141 12.8875 12.8836 12.8836 12.8836 12.8836 12.8836 13.0988 13.2711 13.2284 13.2274 13.2261 14.3569 15.8793 17.3419 17.6162 18.4073 19.1439
11.5703 11.8153 12.6257 12.9519 13.0707 12.8840 12.5414 12.5414 12.5521 12.7508 12.8343 12.8836 12.8825 12.8777 12.8721 12.8657 12.8592 12.8523 12.8908 13.0638 12.8901 12.7766 12.6634 13.3116 14.4131 16.7471 16.8700 17.3047 18.2518
11.4618 11.5200 12.5243 13.0073 13.2239 13.2125 12.7417 12.7313 12.6894 12.8692 13.0239 13.1189 13.1260 13.0903 13.0442 12.9998 12.9557 12.9123 12.9083 13.0592 12.9880 12.9080 12.8365 13.1509 14.0212 16.5152 16.9123 17.3094 17.7992
10.8017 10.7982 12.1651 13.1021 13.2132 13.1643 12.7249 12.4334 12.3345 12.6263 13.0066 13.0608 13.0052 12.9953 12.9967 12.9948 12.9085 12.7601 12.6116 12.5528 12.4655 12.3804 12.3212 12.3547 13.5765 15.3139 16.4983 17.1215 17.6342
10.3358 10.2454 11.1809 12.5012 12.6534 12.7208 12.4981 12.0799 12.0315 12.0896 12.6792 12.7370 12.6704 12.5220 12.3739 12.2275 12.1657 12.1657 12.1657 12.2104 12.2885 12.2464 12.2464 12.2464 13.3626 14.4886 16.4882 16.9533 17.5477
10.1760 10.1002 10.5495 11.8829 12.1328 12.3105 12.2610 11.6071 11.4985 11.4101 12.0086 12.1248 12.1658 12.1657 12.1657 12.1657 12.1657 12.1657 12.1657 12.1712 12.2995 12.2464 12.2464 12.2464 13.0574 13.7286 16.4185 16.7751 17.4456
9.69199 9.72675 9.96173 11.5604 11.9444 12.0424 11.9844 11.4953 11.1827 11.1824 11.6445 12.0230 12.1657 12.1657 12.1657 12.1657 12.1665 12.1832 12.2057 12.2283 12.3537 12.2427 12.2017 12.1943 12.6925 13.5176 15.6616 16.5161 17.2207
9.77763 9.75572 9.73344 11.2253 11.8650 11.8559 11.8510 11.7029 11.2342 11.2568 11.5142 12.0962 12.3015 12.3303 12.3527 12.3754 12.3970 12.4029 12.4029 12.4029 12.4610 12.3060 12.1636 12.1635 12.3464 13.4551 14.5891 15.7030 16.1450
9.60464 9.58249 9.56124 10.6701 11.9939 12.0843 12.0810 12.0745 11.4862 11.4197 11.4522 12.1827 12.3514 12.4029 12.4029 12.4029 12.4029 12.3999 12.3772 12.3514 12.3396 12.2831 12.0436 12.0672 12.1109 13.3205 13.6907 15.0135 15.4028
9.48549 9.48528 9.47495 10.2582 11.8067 12.1312 12.1234 12.1253 11.7617 11.4790 11.4866 12.0503 12.3389 12.4189 12.3951 12.3716 12.3528 12.3404 12.4028 12.4937 12.5851 12.5631 12.2406 12.2237 12.1939 12.9767 13.3090 14.7549 15.1962
9.02851 9.00394 8.98958 9.53399 11.5905 12.2144 12.1304 12.0416 11.8245 11.2285 11.1536 11.5696 12.2118 12.3763 12.4382 12.5273 12.6116 12.6921 12.7182 12.7115 12.7352 12.7290 12.3762 12.3800 12.4395 13.0450 13.7308 14.7653 15.3811
