OMI_NO2_yc_0.0167deg/OMI_NO2_yc_0.0167deg/OMI_NO2_200505.asc
ncols      200
nrows      200
xllcorner       110.913
yllcorner       33.7933
cellsize     0.0166667
NODATA_Value      -999.000
[rows 29 to 57 of 200, columns 0 to 66 of 200]
1.07301 1.00573 0.960188 0.960188 0.960188 1.36185 1.63856 1.64236 1.65597 1.70451 1.83316 1.91181 2.03979 2.09120 2.10926 2.11911 2.15946 2.71263 2.96600 2.97757 3.39289 3.36876 3.35926 3.38196 3.40468 3.42742 3.44032 3.44037 4.19446 4.32085 4.68462 5.04053 5.05450 5.06033 6.24874 6.37967 6.94579 8.13009 8.51870 8.63186 8.67893 8.67893 8.65773 8.63130 8.63130 8.63130 8.63130 8.63130 8.63130 8.65479 8.31539 8.04028 7.89738 7.92637 7.37174 7.18101 6.49217 5.58256 5.58256 5.57947 5.57362 5.56778 5.56722 5.24461 3.15759 3.08056 2.77428
1.07301 1.04696 0.966151 1.05043 1.19533 1.51714 1.92209 1.99936 2.00120 2.08844 2.16102 2.16679 2.21679 2.24147 2.23101 2.18832 2.19297 2.56708 3.00288 3.04665 3.28612 3.43958 3.44037 3.44037 3.44037 3.44037 3.44037 3.44037 3.99351 4.32085 4.53183 5.01940 5.05058 5.03245 5.82839 6.31875 6.56091 7.89298 8.67893 8.67893 8.67893 8.67893 8.67405 8.63178 8.63130 8.63130 8.63896 8.66460 8.69096 8.71732 8.61327 8.14054 8.00430 7.97081 7.55777 7.16418 6.82890 5.61424 5.62587 5.63966 5.65524 5.67006 5.65426 5.53408 3.52439 2.82603 2.77426
1.64883 1.71994 1.80195 1.89083 1.92154 1.93657 2.18626 2.18998 2.11779 2.10068 2.16538 2.16837 2.21690 2.29043 2.31659 2.31371 2.33790 2.51090 3.04032 3.09346 3.17697 3.44037 3.44037 3.44037 3.44037 3.44037 3.44037 3.44037 3.79115 4.30391 4.34371 4.94142 4.98296 4.98189 5.41257 6.30706 6.32064 7.53045 8.55694 8.67893 8.67893 8.67880 8.64933 8.64888 8.70029 8.72667 8.74536 8.74176 8.70861 8.81143 8.84936 8.01197 7.86690 7.75626 7.52475 7.03596 7.00398 5.73260 5.65955 5.60039 5.53964 5.47898 5.44472 5.43139 4.31149 2.80036 2.80208
1.79013 1.79013 1.87356 1.92154 1.92154 1.92154 2.14547 2.21269 2.20385 2.19119 2.26678 2.31262 2.32242 2.36679 2.36893 2.35240 2.34126 2.35872 2.98317 3.09346 3.09414 3.39613 3.44037 3.44037 3.44025 3.42854 3.40912 3.38967 3.52278 4.24823 4.24823 4.82317 4.96832 4.98189 5.05570 6.27923 6.30706 7.21130 8.12128 8.59171 8.56909 8.55060 8.56849 8.72320 9.07186 9.31894 9.56585 9.75252 9.60866 9.69356 9.60957 8.39955 8.20581 8.12160 8.02735 6.88614 6.78833 5.83660 5.47720 5.47712 5.47855 5.47999 5.48111 5.48119 5.16651 2.95400 2.83920
1.79013 1.79013 1.84847 1.99465 2.06085 2.12695 2.31870 2.42053 2.38062 2.27814 2.29224 2.32052 2.32052 2.35240 2.36893 2.36044 2.34126 2.34126 2.82681 3.08849 3.10138 3.28691 3.43477 3.42228 3.40982 3.40900 3.41594 3.42280 3.43611 4.26095 4.32396 4.96403 5.41477 5.47393 5.47087 6.45286 6.76606 7.34460 8.24214 9.30762 9.48796 9.65970 9.82430 10.0027 10.2914 10.2472 10.1145 9.96753 9.66107 9.62027 9.57026 8.49358 7.85134 7.67270 7.63083 6.49787 6.29702 5.91553 5.48119 5.48119 5.48119 5.48119 5.48119 5.48119 5.38755 3.66366 2.84097
2.06333 2.16254 2.24321 2.23010 2.22900 2.22900 2.30348 2.42057 2.41504 2.36125 2.37266 2.40482 2.41502 2.43868 2.47955 2.48734 2.49331 2.49838 2.80159 3.15766 3.17455 3.21482 3.49656 3.49717 3.49717 3.49717 3.50200 3.50737 3.54700 4.14683 4.34407 4.76279 5.47650 5.53333 5.65051 6.25779 6.94753 7.35156 8.42698 9.30021 9.52847 9.44672 9.35204 9.26234 9.35255 9.35283 9.32928 9.28843 9.21524 9.22207 9.18162 8.65128 7.65132 7.62915 7.62715 6.79583 6.29702 6.10517 5.48119 5.48119 5.48119 5.48119 5.45885 5.37361 5.23689 4.28975 2.98675
2.24678 2.25132 2.25132 2.23501 2.22900 2.22900 2.25151 2.42077 2.42237 2.45458 2.46300 2.47065 2.47645 2.47797 2.50577 2.48643 2.45853 2.43471 2.56441 2.90487 2.97881 3.03270 3.35939 3.46954 3.51484 3.53616 3.52977 3.52311 3.48507 3.74608 4.06155 4.26289 5.20989 5.99791 6.28589 6.44568 7.22959 7.21906 8.17989 8.57271 9.09027 9.07646 9.07583 9.04600 9.08335 9.20399 9.16080 9.15033 9.10397 9.17403 9.17529 9.04907 7.72158 7.63490 7.62715 7.09407 6.29702 6.26713 5.45020 5.34177 5.25274 5.16381 5.09719 5.09339 5.09020 4.77332 3.11392
2.20781 2.25132 2.25132 2.24144 2.22900 2.22900 2.22900 2.42272 2.44717 2.46702 2.43946 2.37316 2.43032 2.40172 2.42728 2.45148 2.55982 2.76242 2.82349 2.95247 3.36015 3.37919 3.46929 3.51977 3.47809 3.46870 3.48304 3.49736 3.51169 3.67321 4.11293 4.16181 5.18708 5.78322 6.28601 6.28672 7.02639 7.13167 7.84588 8.27615 8.99960 8.96186 8.91698 8.90128 8.91001 9.13694 9.15033 9.15033 9.14094 9.11495 9.17529 9.17529 8.06293 7.63406 7.55668 7.24519 6.07401 5.99783 5.30891 5.09339 5.09339 5.09339 5.08812 5.07572 5.06326 4.87167 3.65244
2.14538 2.25132 2.25132 2.24919 2.22925 2.22900 2.19804 2.25024 2.24968 2.21005 2.23476 2.24205 2.38792 2.44470 2.46785 2.50105 2.57065 2.91570 2.94259 2.99042 3.34176 3.43310 3.45150 3.50803 3.51981 3.52055 3.52055 3.52055 3.52055 3.54758 4.12650 4.35001 5.03792 5.51240 6.28411 6.33272 7.00317 7.53355 8.18201 8.80918 8.86881 8.90128 8.90128 8.90128 8.90128 9.05814 9.15033 9.15033 9.15033 9.06516 9.08972 9.02306 8.31313 7.35627 7.29475 7.28238 6.03996 5.95889 5.50349 4.99766 4.89505 4.78759 4.68543 4.59035 4.44834 4.19342 3.62720
2.04963 2.19120 2.15693 2.02190 2.03404 2.00518 1.96324 2.07845 2.20318 2.20725 2.26688 2.26489 2.33415 2.47438 2.53509 2.62714 2.68181 3.00288 3.05987 3.08133 3.28747 3.47354 3.47354 3.50719 3.52055 3.52055 3.52055 3.52055 3.52055 3.52055 3.99394 4.31361 4.97294 5.70879 6.64076 6.95534 7.21418 7.80813 8.02868 8.80918 8.83440 8.90128 8.90128 8.90128 8.90160 8.98564 9.04094 8.97422 8.90744 8.78507 8.88399 8.86547 8.65979 7.20565 7.02065 6.92719 5.86614 5.41870 5.08493 4.27723 4.19518 4.06349 3.82851 3.60438 3.41690 3.33224 3.34615
1.75629 1.78050 1.73730 1.72202 1.84195 1.95478 1.95408 1.98890 2.15056 2.19956 2.29151 2.33277 2.36977 2.49274 2.56681 2.68313 2.73996 2.93776 3.07666 3.07999 3.17547 3.47354 3.47354 3.49053 3.52055 3.52055 3.52055 3.52353 3.64428 3.82543 4.34556 4.83546 5.20409 5.96685 6.49026 6.96251 6.99676 7.78107 7.82715 8.76381 8.81313 8.93648 9.00121 9.05607 9.12850 9.15202 8.90055 8.89126 8.93020 8.88981 8.48336 8.52237 8.50575 6.97926 6.39870 6.22066 5.53803 4.89460 4.60170 3.56284 3.38832 3.27618 3.27028 3.26705 3.26378 3.26054 3.27225
1.59492 1.67359 1.72647 1.72647 1.78561 2.03251 2.09370 2.14930 2.31500 2.32231 2.34128 2.35457 2.35457 2.43961 2.54397 2.62985 2.73996 2.83907 3.07666 3.07696 3.09339 3.44313 3.47354 3.47578 3.59446 3.77805 3.97081 4.16338 4.23830 4.25263 4.47100 4.88800 5.08629 5.76780 6.01817 6.76012 6.75551 7.43756 7.73230 8.47244 8.75910 8.79316 8.84399 8.88208 8.88988 8.89246 8.77711 8.67547 8.64892 8.60681 7.92014 7.60175 7.44547 6.45006 5.30992 5.00598 4.59513 3.86244 3.84987 3.38389 3.26366 3.26626 3.26884 3.27139 3.27392 3.27642 3.28805
1.59906 1.77921 1.92401 1.99901 2.05525 2.17175 2.18676 2.18388 2.27006 2.29726 2.33153 2.42307 2.43734 2.48550 2.64202 2.72967 2.89062 2.92896 3.25750 3.28584 3.33047 3.75463 4.08885 4.28425 4.43478 4.46501 4.46777 4.46777 4.46777 4.46776 4.53810 5.08258 5.24564 5.67058 6.18354 7.05553 7.32904 7.62494 8.00764 8.28949 8.49823 8.53592 8.59753 8.56135 8.52097 8.48954 8.40275 8.18493 8.15470 8.13129 7.54044 6.73350 6.59574 6.15541 4.73402 4.58861 4.53933 3.84530 3.84089 3.55344 3.30920 3.30920 3.30920 3.30920 3.30920 3.32339 3.38503
1.47248 1.86768 1.95253 1.94770 1.94076 2.01477 2.06123 2.05659 2.12117 2.18711 2.25027 2.62532 2.62532 2.62411 2.75673 2.87391 2.98113 3.19924 3.63718 3.92883 4.04829 4.21182 4.49456 4.52733 4.57340 4.63840 4.67041 4.70396 4.76951 4.86797 4.96331 5.53278 5.69353 6.04476 6.55091 7.21035 7.68056 7.78595 8.23894 8.25187 8.32208 8.30076 8.34299 8.34077 8.33522 8.33238 8.24349 7.90544 7.74775 7.62868 7.39854 6.52380 6.45437 6.44963 4.97904 4.58861 4.58861 3.96217 3.84089 3.68011 3.30925 3.34220 3.40282 3.46341 3.52400 3.57042 3.57381
1.44779 1.68035 1.90994 1.92265 1.92265 1.96267 2.05645 2.05670 2.07297 2.09603 2.09565 2.47641 2.50947 2.52097 2.71851 3.22174 3.42493 3.52759 3.63810 3.83119 3.96837 4.47762 4.77863 4.77778 4.72609 4.90262 4.99986 5.07976 5.19011 5.27512 5.36013 5.79950 6.03899 6.20913 6.56530 7.01599 7.65290 7.63273 8.06227 8.13690 8.24892 8.25330 8.23329 8.13638 8.00887 7.88425 7.84461 7.71655 7.60288 7.60288 7.58060 6.68532 6.45437 6.45437 5.51733 4.60597 4.59302 4.17745 3.94350 3.95679 3.54716 3.57344 3.57344 3.57344 3.57344 3.58976 3.63985
1.44779 1.51296 1.93604 1.98744 1.99550 2.00638 2.11348 2.12366 2.12495 2.12442 2.12802 2.40354 2.54462 2.54557 2.61185 3.27411 3.32228 3.46004 3.51312 3.85908 3.81635 4.33134 4.51139 4.57801 4.63884 5.08855 5.42820 5.49558 5.50092 5.50092 5.50092 5.73297 6.03646 6.02508 6.35756 6.80389 7.45652 7.60569 7.88070 8.03835 8.05211 8.00824 7.96561 7.84888 7.84461 7.84461 7.84461 7.80122 7.60288 7.60288 7.60288 7.00698 6.47013 6.52253 6.14904 4.83282 4.81398 4.53023 4.07577 4.07577 3.68139 3.64610 3.69665 3.74829 3.80149 3.83839 3.84155
1.44779 1.44779 1.85573 2.00016 1.96968 1.94120 2.04139 2.10550 2.12249 2.13289 2.14333 2.31897 2.53597 2.53597 2.53597 3.07089 3.27412 3.29787 3.33896 3.65648 3.79343 4.33236 4.71864 4.88150 4.88150 5.02575 5.50092 5.50092 5.50092 5.50092 5.50092 5.61076 6.03646 5.99593 6.29948 6.59588 7.05175 7.38007 7.47277 7.85414 7.91336 7.97361 7.97361 7.88888 7.84461 7.84461 7.84461 7.84495 7.67735 7.69046 7.74434 7.48393 6.74995 6.68925 6.64110 5.09249 4.89462 4.81480 4.24156 4.28879 4.04603 3.84695 3.87837 3.93358 3.99129 4.05408 4.12042
1.39333 1.38921 1.66973 1.91521 1.90435 1.93835 2.04406 2.18259 2.18406 2.17931 2.17577 2.25950 2.54684 2.48838 2.43311 2.63333 3.08806 3.22575 3.56206 3.76729 3.96798 4.26434 4.64900 4.88150 4.88150 4.88409 5.42211 5.50092 5.50092 5.50092 5.49780 5.43808 5.84554 5.76494 5.91400 6.23224 6.67122 7.32525 7.34141 7.83111 7.88391 7.97361 7.97361 7.93995 7.88925 7.94253 7.99586 8.03990 7.90733 7.72237 7.63436 7.43826 6.65560 6.38402 6.29965 5.55149 5.02606 5.05442 4.47577 4.50672 4.41584 4.16426 4.20167 4.20952 4.21598 4.22035 4.22468
1.47181 1.54716 1.63175 2.05291 1.95256 1.95256 1.97816 2.18310 2.11838 2.05274 1.99818 1.95526 2.36444 2.38697 2.38700 2.41211 3.05266 3.10577 3.52976 3.65255 3.96798 4.10670 4.59903 4.84881 4.88150 4.88150 5.20424 5.45341 5.35720 5.26102 5.16797 5.14163 5.54680 5.68675 5.81578 6.01770 6.48856 7.10095 7.23383 7.59781 7.78430 7.89167 7.87032 7.83950 7.65747 7.54612 7.42323 7.30927 7.19684 6.93618 6.89699 6.88236 6.42714 6.15124 6.24885 5.98059 5.12057 5.14460 4.82640 4.70539 4.65804 4.27342 4.27840 4.28409 4.28976 4.29543 4.30111
1.58861 1.58861 1.58861 1.98081 1.85723 1.77959 1.70184 1.87393 1.92721 1.92967 1.94870 1.94879 2.27390 2.39045 2.39511 2.39975 2.82602 3.11804 3.40993 3.59964 3.97996 4.02564 4.61899 4.79794 4.82525 4.73437 4.74587 5.21943 5.22484 5.23015 5.23547 5.24040 5.52005 5.77695 5.75980 5.78318 6.20368 6.70258 7.15445 7.30783 7.40618 7.37646 7.32932 7.28466 7.17017 7.08534 7.08531 7.11962 7.17034 7.04141 7.04545 7.09821 6.84689 6.53639 6.52304 6.43142 5.33709 5.24066 5.02603 4.81335 4.81830 4.47408 4.41819 4.41819 4.41819 4.41819 4.41819
1.53880 1.53912 1.53947 1.63768 1.58892 1.56098 1.55266 1.70572 1.83981 1.83268 1.85425 1.85296 2.16631 2.47466 2.47466 2.47466 2.62723 3.18364 3.31493 3.64319 3.84070 3.90922 4.28858 4.50728 4.74498 4.78581 4.82720 5.40915 5.61456 5.69869 5.78393 5.90952 6.14284 6.38380 6.48127 6.46091 6.67840 6.95782 7.25893 7.23593 7.35048 7.29498 7.27524 7.32699 7.35682 7.30159 7.35228 7.36862 7.36875 7.26999 7.14148 7.14420 7.01407 6.60700 6.54662 6.54351 5.64664 5.26051 5.13808 4.82327 4.82327 4.57941 4.41819 4.41827 4.44149 4.48246 4.52340
1.39175 1.39294 1.40568 1.45645 1.58079 1.52678 1.53311 1.60407 1.83086 1.83372 1.83292 1.82561 2.02750 2.56016 2.59824 2.63719 2.69123 3.26515 3.31323 3.76369 4.04351 4.43367 4.80397 5.20223 5.45962 5.50023 5.54055 5.97272 6.43449 6.51445 6.61964 6.80149 6.95217 7.00685 7.14155 7.05581 7.04237 7.18027 7.26630 7.32574 7.51129 7.56043 7.49762 7.49762 7.49918 7.41395 7.37314 7.37586 7.37846 7.35666 7.14968 7.14705 7.13167 6.66491 6.54662 6.54662 6.02347 5.26051 5.23263 4.82953 4.85677 4.75030 4.53836 4.57921 4.59694 4.59694 4.59694
1.57999 1.58849 1.59016 1.59016 1.81914 1.77207 1.80802 1.84527 2.08316 2.13423 2.16473 2.19886 2.26646 2.99304 3.10401 3.24818 3.38372 3.70627 4.08029 4.60418 4.92538 4.94223 5.06357 5.57531 5.77644 5.94401 6.19640 6.45158 7.08234 7.24465 7.37709 7.39196 7.39196 7.26323 7.24201 7.23170 7.28148 7.39533 7.42501 7.44652 7.53405 7.66044 7.70565 7.85224 7.99980 7.76647 7.37912 7.37912 7.37912 7.37912 7.20816 7.14705 7.14705 6.80873 6.56276 6.55811 6.39696 5.39571 5.37876 5.04637 4.97967 4.92865 4.59694 4.59083 4.57123 4.54708 4.49901
1.58819 1.59016 1.59016 1.59016 2.04829 2.01715 2.01851 2.07007 2.31081 2.45644 2.58032 2.77637 2.91672 3.68925 3.88794 3.88804 3.88804 3.92950 4.32488 4.61057 5.18988 5.42324 5.71191 6.39383 6.62112 6.82605 6.85678 6.85678 7.25297 7.38279 7.37713 7.37105 7.36546 7.26731 7.21273 7.21890 7.26801 7.35851 7.53087 7.70536 7.88472 8.08311 7.99716 7.96767 7.96229 7.96583 7.39472 7.37912 7.37912 7.37912 7.28952 7.16828 7.20012 7.03012 6.72874 6.70233 6.66800 5.68869 5.39820 5.08101 4.85216 4.79235 4.36020 4.25429 4.20622 4.16271 4.14311
1.56120 1.71974 1.99195 2.24511 2.68148 2.95361 3.11072 3.24780 3.16834 2.92566 2.92576 3.03560 3.04903 3.53487 3.90485 4.01789 4.14667 4.43419 4.84087 4.99268 6.05444 6.19121 6.19032 6.51983 6.65966 6.73298 6.73025 6.72737 6.90591 7.18482 7.18482 7.18482 7.18482 7.15167 7.22121 7.38966 7.57421 7.71547 7.75930 7.79048 7.80019 7.93402 7.88996 7.84301 7.84301 7.93873 7.58813 7.32346 7.26125 7.19907 7.14749 7.24796 7.18317 7.02146 6.53056 6.30595 6.18855 5.55530 5.02738 4.84736 4.57837 4.57631 4.29428 4.10892 4.03854 3.96682 3.89500
3.13726 3.09973 3.12917 3.15991 3.22620 3.41470 3.28541 3.28541 3.26822 2.93548 2.94628 3.14001 3.32193 3.74323 4.40475 4.42220 4.42360 4.57411 4.76101 5.01147 5.72563 6.18550 6.18550 6.39639 6.63903 6.71245 6.72609 6.72609 6.75614 7.17296 7.29560 7.48733 7.67898 7.82577 7.70570 7.70570 7.71079 7.71169 7.75453 7.76842 7.78178 7.87461 7.87684 7.74547 7.65068 7.56771 7.34063 6.77445 6.66983 6.53744 6.40579 6.42264 6.41123 6.37800 6.08237 5.83328 5.78292 5.51536 4.77718 4.63483 4.24438 4.14498 3.95917 3.81425 3.81288 3.81288 3.81288
3.45961 3.20924 3.20429 3.20429 3.20429 3.46885 3.31352 3.41995 3.53167 3.38231 3.37463 3.46519 3.58462 3.68052 4.42363 4.42363 4.42363 4.52925 4.64979 4.98853 5.34800 6.20706 6.21492 6.32035 6.68425 6.74015 6.85019 7.04633 7.24592 7.75914 7.99305 8.00092 8.00880 8.01567 7.82789 7.82119 7.67787 7.64365 7.57973 7.43681 7.36399 7.26737 7.14365 6.96952 6.88135 6.83217 6.85991 6.16159 6.05772 6.04157 6.04552 6.12653 6.26845 6.28801 6.10682 5.71376 5.45535 5.22839 4.26930 3.99142 3.61645 3.57994 3.56707 3.55419 3.54128 3.52837 3.51550
3.51443 3.28447 3.21623 3.23189 3.24762 3.48727 3.76021 3.79913 3.80845 3.66293 3.46737 3.51642 3.70285 3.71372 4.45961 4.56695 4.57616 4.63702 4.78684 5.00044 5.18079 6.24375 6.36250 6.54167 7.15629 7.39386 7.58696 7.59040 7.58617 7.73248 8.10561 8.18392 8.25719 8.32882 8.16385 8.08623 7.97246 7.73180 7.32242 6.90353 6.83967 6.76559 6.65955 6.62815 6.62575 6.64159 6.74896 6.36410 6.07015 6.10352 6.11654 6.12024 6.24613 6.19425 6.02812 5.60586 5.23849 5.21087 4.28780 3.86797 3.58957 3.48359 3.48359 3.48359 3.48359 3.48359 3.48350
3.76606 3.63506 3.43293 3.43299 3.43299 3.55174 3.83374 3.90489 3.91988 3.88518 3.58022 3.59651 3.76214 3.76490 4.30680 4.59706 4.59657 4.60271 4.77914 4.83083 5.48910 6.38813 7.01414 7.10463 7.42930 7.55739 7.72171 7.62761 7.91948 8.07802 8.45184 8.38457 8.30456 8.22682 8.07117 7.95569 7.92759 7.70937 7.57565 6.92927 6.82581 6.73951 6.71228 6.72967 6.75948 6.77226 6.83818 6.72368 6.07261 6.01192 5.95120 5.89449 6.00587 6.07350 6.05985 5.71342 5.28273 5.23849 4.61047 3.89793 3.67456 3.48359 3.47867 3.43398 3.38062 3.32726 3.27399
