OMI_NO2_yc_0.0167deg/OMI_NO2_yc_0.0167deg/OMI_NO2_200502.asc
ncols      200
nrows      200
xllcorner       110.913
yllcorner       33.7933
cellsize     0.0166667
NODATA_Value      -999.000
[rows 58 to 86 of 164, columns 0 to 66 of 200]
14.0215 14.2579 14.1667 13.8475 13.4938 13.0443 12.5915 12.3242 12.0446 11.6316 11.3471 11.4146 11.5542 11.6294 11.5874 11.5632 11.5631 11.0560 10.6937 10.4984 10.4984 10.4984 10.4984 9.27626 8.72756 8.72756 8.72756 8.72756 8.72756 8.72756 8.70564 8.20152 7.66228 7.50901 6.72554 6.35111 6.03829 5.72539 5.41699 5.45260 5.58275 5.75727 5.50098 5.21048 4.92735 4.60894 3.95920 3.48188 3.48188 3.59910 4.49809 4.89879 5.07510 5.07510 5.07510 5.07510 6.52556 7.46769 7.46769 7.46769 7.46769 7.65024 9.56850 9.59851 9.59851 8.81027 8.59283
12.8210 12.7495 12.2756 12.0159 11.7205 11.3958 11.1393 10.9138 10.7494 10.7394 10.7394 10.8479 11.3519 11.5616 11.5631 11.5631 11.5631 11.2504 10.8038 10.5038 10.4984 10.4984 10.4984 9.80206 8.72756 8.72756 8.72136 8.60735 8.45431 8.30126 8.10782 7.67773 6.73336 6.42059 5.68161 5.30872 5.26775 5.06018 4.81801 4.59245 4.35378 4.56056 4.56594 4.56594 4.56594 4.53509 4.07898 3.48188 3.48188 3.48188 4.29191 4.76483 5.10193 5.11432 5.12664 5.13902 5.86082 7.53859 7.54845 7.55836 7.56821 7.57812 9.15103 9.72319 9.54078 8.77319 7.88821
10.7295 11.2057 11.1079 10.8905 10.7434 10.7394 10.7394 10.7394 10.7394 10.7394 10.7394 10.7394 11.2166 11.5094 11.5631 11.5631 11.5631 11.4449 10.8316 10.5917 10.4984 10.4984 10.4983 10.1318 8.60646 8.33949 8.07643 7.72742 7.41042 7.08712 6.82592 6.79244 6.00525 5.61972 5.11816 4.34692 4.13532 4.09029 4.07958 4.06495 3.99903 4.21972 4.38285 4.37000 4.35731 4.34462 4.01203 3.76569 3.77599 3.78835 4.27898 4.91885 5.39186 5.39186 5.39186 5.39103 5.42853 7.56454 7.45087 7.10823 6.74838 6.36202 6.79121 7.60057 7.36926 7.28965 6.60626
10.0248 10.4466 10.7394 10.7394 10.7394 10.7394 10.7394 10.7394 10.7392 10.7342 10.7264 10.7185 10.9693 11.3955 11.5187 11.5109 11.5030 11.4941 10.8334 10.5768 10.2103 10.0480 9.70282 9.19033 7.61712 6.82705 6.61958 6.57331 6.43357 6.26987 6.10625 5.94410 5.28685 4.72706 4.67275 3.96665 3.95946 3.95946 3.95946 3.95946 3.90637 3.97313 4.28954 4.28954 4.28954 4.28954 4.14017 3.86303 3.89666 3.93772 4.13381 5.04189 5.24718 5.22626 5.20480 5.19074 5.19570 5.28382 5.21678 5.22429 5.22459 5.22459 5.38679 7.30728 7.34459 7.44788 7.06874
9.92151 10.1259 10.6426 10.6348 10.6270 10.6191 10.6113 10.6035 10.5957 10.5930 10.5930 10.5930 10.6440 11.1979 11.4160 11.3950 11.2586 11.0908 10.1632 9.33605 8.89067 8.58285 8.43438 8.36049 7.19464 6.20128 6.03774 5.90675 5.87631 5.87631 5.87631 5.87631 5.65808 4.72706 4.72706 4.11426 3.96078 3.98167 4.00899 4.03641 4.04619 4.03897 4.43228 4.51326 4.54611 4.57898 4.57383 4.20693 4.18560 4.18560 4.18697 5.04477 5.20913 5.21020 5.22064 5.22459 5.22459 5.22459 5.22459 5.22601 5.35573 5.56967 5.78317 7.52882 8.33061 8.44114 8.08168
9.83639 9.86990 10.5581 10.5930 10.5930 10.5930 10.5930 10.5930 10.5930 10.5930 10.5930 10.5933 10.6005 10.7980 10.5643 10.0505 9.60148 9.17141 8.73768 8.19125 8.05045 7.84840 7.62719 7.45738 6.85430 5.98340 5.87631 5.87371 5.82005 5.74680 5.67335 5.60003 5.52546 4.45861 4.23082 4.17078 4.21093 4.21743 4.21743 4.21743 4.21658 4.19012 4.41201 4.59910 4.59910 4.59910 4.60240 4.34491 4.21074 4.22128 4.23045 4.75411 5.24091 5.22459 5.23106 5.38381 5.59763 5.81124 6.02496 6.23736 6.32114 6.32114 6.32114 7.13924 8.44114 8.44114 8.40845
9.83639 9.83639 10.3699 10.5930 10.5930 10.5930 10.5930 10.5930 10.5969 10.5569 10.1926 9.77056 9.34671 8.98259 8.95461 8.86866 8.63879 8.41050 8.14498 7.28173 7.22795 7.23499 7.16147 7.08821 6.62514 5.75020 5.31554 5.24482 5.22516 5.22516 5.22516 5.22516 5.22516 4.60037 4.07591 4.11451 4.21743 4.21473 4.20776 4.20006 4.19167 4.18718 4.23931 4.61393 4.62236 4.63080 4.63595 4.50948 4.23211 4.23481 4.28542 4.58356 5.86277 6.05292 6.26028 6.32114 6.32114 6.32114 6.32114 6.32114 6.32114 6.32114 6.32114 6.47014 8.39662 8.44114 8.44114
9.83639 9.83639 10.1482 10.5930 10.5944 10.5274 10.1409 9.71920 9.32631 8.99923 8.97797 8.88186 8.64242 8.35589 8.00264 7.51406 7.39685 7.29121 7.18663 6.73992 6.66211 6.77165 6.77787 6.77787 6.57204 5.84157 5.22530 5.22516 5.22516 5.22516 5.22516 5.22516 5.22516 4.97756 4.06037 4.05159 4.18925 4.18311 4.13859 4.08644 4.03422 3.98331 3.96847 4.52875 4.55634 4.51588 4.48785 4.46214 4.48777 4.54678 4.56277 4.56563 6.11756 6.32458 6.32114 6.32114 6.32114 6.32114 6.32114 6.32114 6.32114 6.32114 6.32114 6.32114 7.83209 8.44114 8.44114
9.83652 9.73597 9.41202 9.51346 9.04419 8.63892 8.55259 8.43180 8.16132 7.86672 7.59085 7.44720 7.44162 7.44162 7.42732 7.19998 7.14743 7.14743 7.14743 6.86924 6.65781 6.73424 6.77787 6.77787 6.74265 5.97396 5.36137 5.22516 5.22516 5.22835 5.26142 5.30508 5.35318 5.37473 4.10537 3.90441 3.97959 3.97522 3.96746 3.93413 3.86441 3.80280 3.73421 4.11380 4.56936 4.58717 4.58717 4.58717 4.57294 4.56277 4.56277 4.56277 5.54973 6.33137 6.32114 6.32114 6.32114 6.32114 6.31865 6.31276 6.30690 6.30100 6.29514 6.28927 7.08095 8.39754 8.36838
8.32337 8.02379 8.04939 8.08973 7.94055 7.75167 7.56279 7.44348 7.44162 7.44162 7.44162 7.44162 7.44162 7.44162 7.43621 7.28872 7.14743 7.14743 7.14743 6.99888 6.65781 6.69252 6.77787 6.77787 6.77787 6.12380 5.65441 5.29387 5.34080 5.36610 5.32346 5.27126 5.21913 5.17927 4.38565 3.77756 3.81178 3.85411 3.79671 3.77828 3.80491 3.81446 3.82421 3.98260 4.67904 4.68872 4.69828 4.70798 4.63533 4.46298 4.45709 4.45124 4.86099 6.21519 6.19200 6.18613 6.18026 6.17439 6.17103 6.17049 6.15666 6.13708 6.16027 6.27354 6.50394 7.00179 6.65650
8.03067 7.99335 7.95598 7.75611 7.44162 7.44162 7.44162 7.44162 7.44162 7.44162 7.44162 7.44162 7.44162 7.44162 7.44142 7.36257 7.09951 7.06977 7.04000 6.98338 6.49936 6.46376 6.58354 6.66684 6.74745 6.49745 6.18544 5.37218 5.32408 5.30189 5.33475 5.36708 5.39198 5.41944 5.03087 3.74785 3.79598 3.96014 3.96014 3.96014 3.96014 3.96014 3.96014 3.96023 4.65927 4.79582 4.79582 4.79582 4.74168 4.41266 4.40347 4.38266 4.37660 5.95335 6.08021 6.06062 6.04106 6.02352 6.09299 6.20965 6.33970 6.47538 6.56835 6.57120 6.57120 6.53743 6.52395
7.89234 7.88018 7.86801 7.74487 7.21043 7.16215 7.13255 7.10300 7.07323 7.04363 7.01408 6.98437 6.95465 6.92511 6.89556 6.87248 6.63863 6.58993 6.61168 6.71105 6.40395 6.33514 6.42926 6.44109 6.38956 6.33766 6.27006 5.58434 5.45008 5.47212 5.46524 5.45477 5.45477 5.45477 5.43326 3.89158 3.75157 3.94895 3.96014 3.96014 3.95887 3.94240 3.92151 3.90070 4.29361 4.69465 4.67380 4.65290 4.63125 4.25882 4.21638 4.21636 4.21636 5.29583 6.12288 6.25517 6.39085 6.52457 6.57120 6.57120 6.57120 6.57120 6.57120 6.52691 6.44152 6.33829 6.22358
7.73415 7.73415 7.73415 7.61231 7.02068 6.88413 6.88413 6.88413 6.88413 6.88413 6.88413 6.88413 6.88413 6.88413 6.88745 6.92463 6.93971 6.86617 6.90989 6.85705 6.51063 6.25787 6.31648 6.30678 6.13409 5.89853 5.49485 5.45477 5.45477 5.45477 5.45477 5.45950 5.50518 5.56007 5.61506 4.63669 4.01813 3.91434 3.80866 3.78778 3.76822 3.76385 3.76385 3.76385 3.89304 4.59928 4.59953 4.59953 4.59953 4.38863 4.40984 4.54552 4.68126 5.28468 6.58108 6.57120 6.57120 6.57037 6.51650 6.43107 6.34582 6.26038 6.17504 6.13398 6.13398 6.13083 6.08809
7.73335 7.73415 7.73415 7.69006 7.19037 6.88413 6.88413 6.88413 6.88413 6.88413 6.88413 6.90889 6.94963 6.95256 6.94699 6.90958 7.04079 6.88758 6.89572 6.76976 6.44787 5.68891 5.45006 5.65697 5.73391 5.78883 5.68083 5.71783 5.77283 5.82777 5.88271 5.93297 5.94229 5.94229 5.94229 5.46068 4.23537 4.02708 3.76385 3.76385 3.76385 3.76385 3.76385 3.76385 3.78364 4.60537 4.84415 4.97989 5.11568 5.00819 4.81040 4.81040 4.81796 5.06563 6.40099 6.33537 6.24998 6.16546 6.13398 6.13398 6.13398 6.13398 6.13398 6.13398 6.13398 6.13398 6.10084
7.69857 7.73415 7.73415 7.73309 7.36543 6.91384 6.88413 6.89447 6.92907 6.92993 6.92771 6.92649 6.92973 6.97074 6.96042 6.82809 6.72298 6.30775 6.00886 5.96013 5.91160 5.83889 5.89407 6.02915 6.12324 6.12324 6.00076 5.94229 5.94229 5.94229 5.94229 5.94229 5.94229 5.94229 5.94229 5.90379 4.34371 4.15055 3.76385 3.76385 3.82912 4.26729 4.76548 5.26324 5.74121 5.55093 5.19356 5.19931 5.40548 5.60818 5.63024 5.93345 6.23046 6.32191 6.21595 6.13413 6.13398 6.13398 6.13398 6.13398 6.13398 6.13398 6.13398 6.13398 6.13398 6.13398 6.11675
7.64030 7.73415 7.73415 7.73625 7.51263 7.05908 6.89704 6.90466 6.88948 6.90836 6.86751 6.70447 6.50373 6.28385 6.12468 6.12033 6.12584 6.04299 5.84580 5.84580 5.84580 5.89032 5.90806 5.95504 6.12324 6.12324 6.04167 5.94229 5.94229 5.94229 5.94229 5.94229 5.94229 5.94229 5.94229 5.94229 4.99348 4.85137 4.92052 5.37757 5.81027 5.86944 5.87398 6.07349 6.37716 6.59025 6.31042 6.60713 6.70507 6.68458 6.32570 6.32191 6.32191 6.32191 6.27010 6.13841 6.13398 6.13398 6.13398 6.13398 6.13398 6.13398 6.13398 6.13398 6.13398 6.13414 6.13586
7.67225 7.81795 7.87232 7.93425 7.83426 7.13946 6.78009 6.61807 6.43950 6.24375 6.12122 6.12033 6.12033 6.12033 6.12033 6.12033 6.12033 6.13156 5.84580 5.84580 5.84580 5.87407 5.90806 5.90870 6.09544 6.12324 6.08235 5.94229 5.94229 5.94229 5.94229 5.94229 6.17727 6.67482 7.17259 7.67078 7.49706 6.34414 6.22695 6.36975 6.67281 6.97746 7.27838 7.38608 7.38904 7.39196 6.85907 6.72199 6.72492 6.72789 6.44271 6.38995 6.39598 6.40201 6.40168 6.24353 6.23220 6.23825 6.24431 6.25038 6.25641 6.26244 6.26849 6.27502 6.30736 6.20483 5.78037
8.16403 8.10794 8.17244 8.35770 8.47480 8.03644 6.37678 6.12033 6.12033 6.12033 6.12033 6.12033 6.12033 6.12033 6.12033 6.12033 6.12033 6.15171 5.90454 5.84580 5.84580 5.84681 5.87587 5.85371 5.94581 6.02510 5.99789 5.96764 6.31612 6.81701 7.31752 7.81845 8.08414 8.08515 8.08356 8.08195 8.04063 7.80098 7.72052 7.43807 7.44099 7.44389 7.44472 7.44472 7.44472 7.44472 7.13800 6.76884 6.76884 6.76884 6.59148 6.47619 6.47619 6.47619 6.50294 6.43375 6.39464 6.43560 6.47618 6.51717 6.54983 6.29506 5.85693 5.35910 4.75606 4.29398 4.28242
8.77730 8.88902 8.81671 8.82108 8.81676 8.24936 6.99274 6.02808 6.01045 5.99292 5.97535 5.95769 5.94016 5.92263 5.90489 5.88743 5.86983 5.85276 5.67904 5.46685 5.44469 5.43336 5.48997 5.49829 5.61320 6.67195 7.16993 7.88710 8.11027 8.10584 8.10130 8.09676 8.09222 8.08986 8.08986 8.08986 8.08986 7.97356 7.85356 7.44472 7.44472 7.44472 7.44472 7.44472 7.44895 7.49248 7.46493 6.92568 6.97563 7.02857 6.96823 6.84196 6.89500 6.94804 6.97424 6.90843 6.62831 6.22350 5.72407 5.15488 4.51465 4.28242 4.28242 4.28242 4.28242 4.28242 4.32560
9.20054 9.18928 8.91247 8.90287 8.90287 8.30318 7.38950 5.79017 5.79017 5.79017 5.79017 5.79017 5.79017 5.79017 5.79017 5.79017 5.79017 5.77685 5.67815 5.43793 5.47186 5.51074 5.58995 5.64691 5.65035 7.45981 7.80215 7.96122 8.08997 8.08986 8.08986 8.08986 8.08986 8.08986 8.08986 8.08170 8.03861 7.93115 7.77098 7.65526 7.72547 7.77846 7.83145 7.88449 7.93330 7.94276 7.94276 7.41865 7.26689 7.26689 7.21751 6.97424 6.79371 6.34989 5.84602 5.25792 4.38867 4.28242 4.28242 4.28242 4.28247 4.33908 4.44554 4.55172 4.65827 4.76467 4.82783
9.21352 9.21352 8.99702 8.90287 8.90287 8.54578 7.75025 6.15410 5.79017 5.79017 5.79017 5.79017 5.79017 5.78942 5.71608 5.60066 5.50831 5.43160 5.51636 5.63532 5.58402 5.57948 5.59881 5.63344 5.63304 6.70018 7.78870 7.84501 7.99623 7.94921 7.90219 7.85508 7.80806 7.76103 7.71401 7.67511 7.67113 7.66163 7.50232 7.76812 7.94276 7.94276 7.94276 7.94276 7.94276 7.94276 7.94276 7.63079 6.94198 6.49586 5.98704 5.05650 4.65714 4.65590 4.65590 4.65469 4.45332 4.45951 4.56585 4.67225 4.77859 4.82832 4.82832 4.82832 4.82832 4.82832 4.82832
9.20665 9.21352 9.10570 8.90287 8.90287 8.69397 7.90140 6.85711 5.79017 5.79017 5.75573 5.64617 5.55491 5.46555 5.45088 5.47987 5.48579 5.48939 5.48637 5.63892 5.53735 5.52469 5.50735 5.35588 5.30882 5.58312 7.37983 7.40677 7.67110 7.67113 7.67113 7.67113 7.67113 7.67113 7.67113 7.67113 7.67113 7.67113 7.54854 7.65158 7.94276 7.94276 7.94276 7.99708 8.31800 8.67527 9.03185 9.01508 5.09125 5.32882 6.42499 7.12995 7.11811 4.35136 4.23521 4.11975 4.40465 4.82832 4.82832 4.82832 4.82832 4.82832 4.82832 4.82832 4.82832 4.82832 4.82832
9.11647 9.21352 9.20428 8.92071 8.90287 8.84024 8.04598 7.38857 5.60696 5.51045 5.44898 5.46201 5.45678 5.45023 5.44176 5.43162 5.42148 5.41145 5.40768 5.51042 5.46343 5.46343 5.46343 5.25138 5.21431 5.21431 6.94708 7.37562 7.63374 7.58628 7.61770 7.67113 7.67113 7.67113 7.67113 7.67113 7.67113 7.67113 7.60443 7.64855 8.40151 8.76060 9.11718 9.42012 9.45580 9.74071 10.3292 10.8267 9.14168 8.79411 8.74831 8.56415 8.37842 4.57538 4.07747 4.07747 4.16072 4.82643 4.82832 4.82832 4.82832 4.82832 4.82832 4.82832 4.82832 4.82832 4.82832
9.00168 9.20476 9.17668 8.90416 8.70642 8.61010 7.91314 7.38704 5.90303 5.40829 5.40768 5.40768 5.40768 5.40768 5.40768 5.40768 5.40768 5.40768 5.40768 5.44061 5.50120 5.46343 5.46343 5.30936 5.19129 5.17565 6.01961 6.96114 7.04217 7.09728 7.34684 7.67113 7.67113 7.67113 7.67128 7.86011 8.21718 8.57416 8.91751 9.00525 9.38424 9.85283 10.3960 10.8844 11.3251 11.5357 11.5084 11.5084 10.4899 8.71800 8.72121 8.65559 8.53078 6.34431 4.28314 4.31344 4.34351 4.96004 5.15442 5.18449 5.21456 5.24455 5.27462 5.30484 5.33491 5.36498 5.39505
8.56747 8.72342 8.60775 8.52763 8.46278 8.38389 7.84066 7.10868 6.32684 5.40768 5.40768 5.40768 5.40768 5.40768 5.40768 5.40768 5.40768 5.40518 5.38728 5.36791 5.42063 5.36425 5.34387 5.26729 5.13182 5.13182 5.33158 6.85626 6.97393 7.10445 7.20800 7.96083 8.32099 8.68127 9.04111 9.21244 9.27873 9.89862 10.6445 10.7873 11.2450 11.5464 11.5490 11.5516 11.5541 11.5567 11.5593 11.5618 11.3579 8.82669 8.78373 8.80154 9.00232 8.19040 4.85242 4.85242 4.85242 5.19379 5.64976 5.72020 5.79063 5.86106 5.93149 6.00193 6.07236 6.14279 6.21322
8.43667 8.43380 8.30834 8.15068 7.99284 7.94095 7.67592 7.04823 6.73662 5.43999 5.43057 5.44056 5.45916 5.48365 5.45351 5.40326 5.39364 5.38652 5.39251 5.40094 5.44944 5.46416 5.47427 5.47076 5.29708 5.30504 5.29991 6.83982 7.64340 8.01169 8.28855 9.13089 9.42863 10.1518 10.9151 11.6664 12.2876 12.3881 12.3881 11.8273 11.3139 11.5640 11.5640 11.5640 11.5640 11.5640 11.5640 11.5640 11.5644 9.63846 8.79173 8.79563 8.98758 8.99631 5.43492 4.88907 4.89427 5.14744 6.30733 6.30760 6.30760 6.30760 6.30760 6.30760 6.30760 6.30760 6.30760
7.89383 7.87997 7.95529 7.95745 7.96243 7.96608 7.86276 7.27568 6.94440 6.00772 5.63327 5.64122 5.64468 5.64468 5.59051 5.46332 5.46332 5.46332 5.46332 5.46332 5.48972 5.53870 5.49849 5.38150 5.06457 4.84786 4.64528 6.23290 8.19990 8.27811 8.25126 8.81013 11.3716 12.3881 12.3881 12.3881 12.3881 12.3881 12.3881 12.2728 11.3440 11.5755 11.5747 11.5778 11.5809 11.5840 11.5871 11.5903 11.5929 10.6290 8.82029 8.82029 8.96035 9.03934 6.99610 4.90116 4.90116 4.91237 6.13096 6.30760 6.30760 6.30760 6.30760 6.30760 6.50369 6.93065 7.35739
7.84511 7.82280 7.86021 7.79541 7.74266 7.72116 7.67457 7.23790 6.85761 6.42524 5.64468 5.64468 5.64468 5.64468 5.63846 5.47103 5.46676 5.53983 5.62403 5.63910 5.62390 5.22664 4.72778 4.46777 4.04202 3.57799 3.26918 3.80015 8.04818 8.19327 8.25221 8.62179 10.6038 12.7261 12.8311 12.9360 13.0411 13.1463 13.2512 13.3202 12.2102 11.6744 11.5932 11.6103 11.8030 12.0291 12.2410 12.4399 11.8327 11.4179 8.88103 8.82029 8.91198 9.03934 8.29766 4.90116 4.90116 4.90116 5.72872 6.55687 6.98383 7.41101 7.83775 8.26515 8.49559 8.49603 8.49603
7.54651 7.51929 7.59485 7.62107 7.62118 7.66702 7.67342 7.35286 6.94169 6.78129 5.68148 5.64468 5.64468 5.68869 5.77245 5.65111 5.58322 5.32367 4.89354 4.57758 4.27127 3.91365 3.58716 3.61180 3.62341 3.80713 3.94705 4.08698 7.85851 9.01553 9.15463 9.18965 10.5555 13.1197 13.3218 13.3218 13.3218 13.3264 13.4805 13.6937 13.2053 12.5607 12.5945 12.7610 12.7950 12.7950 12.7848 12.7299 12.0980 11.3710 9.63106 8.82029 8.65891 8.06261 7.15549 4.74974 4.57258 4.40335 5.48674 8.49603 8.49603 8.49603 8.49603 8.49603 8.49603 8.49603 8.49603
