OMI_NO2_yc_0.0167deg/OMI_NO2_yc_0.0167deg/OMI_NO2_200601.asc
ncols      200
nrows      200
xllcorner       110.913
yllcorner       33.7933
cellsize     0.0166667
NODATA_Value      -999.000
[rows 0 to 28 of 164, columns 67 to 133 of 200]
14.5434 14.6317 16.2335 18.9707 19.2599 19.2465 19.2624 19.7237 20.1196 20.4607 20.4956 20.3361 20.3057 20.3057 20.3057 19.9147 17.8577 17.8577 17.8577 11.2729 7.26283 7.15506 5.90072 5.88877 5.88877 5.88877 5.88877 5.88877 5.88877 5.88877 5.88877 5.88877 5.88877 5.88877 5.88877 5.88062 5.85605 5.85605 6.05506 8.23936 8.23936 8.04087 7.19100 6.38565 5.77094 5.29377 4.91372 4.74462 4.82082 5.10865 5.10865 5.21040 5.23150 5.33598 5.79395 6.24819 6.65571 6.95295 7.00518 7.30522 7.58079 7.63374 7.65593 7.67707 7.78046 9.30261 9.31227
22.5160 23.4806 23.5241 21.6181 20.5432 20.5967 20.3057 20.3057 20.3057 20.3057 20.3057 20.3057 20.3057 20.3057 20.3057 20.2974 18.1831 17.8577 17.8577 14.1710 7.47672 7.26283 6.17589 5.88877 5.87310 5.81082 5.76876 5.72779 5.68832 5.65026 5.61312 5.57722 5.54262 5.50893 5.45295 5.25878 4.79849 4.58698 4.41248 4.50853 4.33552 4.17951 4.15454 4.15270 4.15270 4.15270 4.18572 4.63942 5.17652 5.75819 5.92283 5.99452 7.23101 8.05255 8.09886 8.12519 7.89553 7.82845 7.79307 7.77433 7.78760 7.78904 7.78904 7.78904 7.78904 8.82775 9.24182
26.6678 26.6469 24.3853 23.8775 20.5432 20.5604 20.3057 20.3057 20.3057 20.3057 20.3057 20.3057 20.3057 20.3057 20.3057 20.3057 19.0079 17.8577 17.8577 16.8157 7.94583 7.26283 6.55899 5.88877 5.73519 5.24607 5.24607 5.24446 5.18111 5.09171 5.00844 4.93066 4.80565 4.48098 4.38964 4.37701 4.10356 3.98271 3.98271 4.10474 4.34875 4.54086 4.73158 5.00277 5.25800 5.48143 5.66419 5.99994 6.52926 6.85188 6.95695 6.89951 7.28310 8.23315 8.23315 8.23315 8.04451 7.86410 7.83926 7.78904 7.78904 7.78904 7.78904 7.77325 7.74285 8.28339 9.02395
26.6192 26.6621 24.9702 25.2523 20.5432 20.5420 20.2948 20.3057 20.3057 20.3057 20.3057 20.3057 20.3057 20.3057 20.3057 20.3057 19.7103 17.8577 17.8577 17.8577 10.0183 7.19088 6.67998 5.55451 5.42293 4.90463 4.81562 4.75103 4.72996 4.72996 4.72996 4.72996 4.72602 4.35247 4.17461 4.05253 4.11646 4.50955 4.60698 4.94789 5.64635 5.70377 5.75127 5.74378 5.72614 5.70794 5.69068 5.75168 6.17273 6.28259 6.36803 6.35662 6.34275 7.56527 7.57293 7.57058 7.51871 7.33823 7.29310 6.82418 6.79339 6.76228 6.77838 7.43903 7.44006 7.60851 8.53249
26.5549 26.6571 25.6243 25.9544 21.1056 20.5432 20.2776 20.3057 20.3057 20.3057 20.3057 20.3057 20.3057 20.3057 20.2910 20.0618 19.6621 16.0630 15.3578 14.8449 10.7293 6.11831 6.09722 5.14592 5.08296 4.81262 4.69744 4.60761 4.51576 4.42385 4.33189 4.23997 4.14905 3.89128 3.55463 3.43228 3.56483 4.34903 4.35266 4.43293 5.39141 5.43078 5.45323 5.47570 5.49818 5.52062 5.54310 5.56878 6.00972 6.12788 6.30497 6.30621 6.18711 7.18020 7.44203 7.44203 7.43808 7.25460 7.23872 6.71410 6.63744 6.63744 6.63744 7.32504 7.44006 7.44649 8.35504
26.4899 26.6570 26.2825 25.0875 23.8494 21.1429 21.0005 20.3057 20.2349 19.9439 19.6134 19.2532 18.8592 18.4268 17.9745 17.8577 17.8577 14.9560 13.8813 13.6577 11.3411 5.46201 4.98905 4.63130 4.49667 4.26758 4.10990 4.11556 4.12646 4.13736 4.14827 4.15919 4.17010 4.06600 3.70262 3.51182 3.52092 4.30636 4.45221 4.46248 5.39865 5.62864 5.62864 5.62864 5.62864 5.62864 5.62864 5.62864 5.94333 6.09667 6.29602 6.30621 6.21632 6.80806 7.44203 7.44203 7.44203 7.39225 7.39315 7.09688 6.97611 7.08125 7.18634 7.86785 8.32564 8.44381 8.22300
27.2795 27.8928 28.4840 26.4797 28.7611 21.2623 20.7058 18.2555 17.8812 17.8135 17.6124 17.3973 17.1816 16.5708 14.9358 13.2522 11.5123 8.95046 6.82880 5.72659 5.41958 4.58132 4.22253 4.30743 4.42888 4.37638 4.22820 4.23123 4.23123 4.23123 4.23123 4.23123 4.23123 4.21264 3.82735 3.53552 3.53552 4.03898 4.45226 4.45226 5.09040 5.62864 5.62864 5.62864 5.62864 5.62864 5.62864 5.62864 5.83398 6.09076 6.23869 6.31089 6.34832 6.68156 7.87669 7.99989 8.12563 8.27155 8.35901 8.16017 7.76196 7.77896 7.79629 8.29718 8.89885 8.73743 8.40981
26.8026 27.8565 29.2207 26.5290 29.3967 18.7729 17.8838 15.5437 13.6406 11.9165 10.3516 8.79911 7.24801 6.09311 5.95901 5.87698 5.84973 5.74453 5.05637 5.05368 5.05368 4.72208 4.28044 4.30219 4.45941 4.44900 4.23531 4.23123 4.23123 4.23123 4.23123 4.23123 4.23123 4.23123 3.97175 3.55566 3.53552 3.76625 4.45226 4.45226 4.77192 5.62864 5.62864 5.62864 5.62954 5.66209 5.71060 5.75904 5.92447 6.40016 6.70256 7.16708 7.22098 7.25627 8.58926 8.72924 8.73787 8.63303 8.42998 8.20875 7.51163 7.38146 7.25290 7.33453 7.98803 7.94190 7.86865
22.7600 21.2864 20.5085 17.5138 16.2474 10.3502 6.96665 6.10868 5.84973 5.84973 5.84973 5.84973 5.84973 5.84973 5.84973 5.84973 5.84973 5.84973 5.18122 5.05368 5.05368 4.92962 4.28407 4.28044 4.43156 4.45954 4.27327 4.23123 4.23123 4.23153 4.23860 4.24866 4.25884 4.26934 4.11912 3.63650 3.54942 3.56913 4.51410 4.64284 4.78576 6.01557 6.17375 6.25788 6.34265 6.39260 6.42476 6.45741 6.51869 7.07424 7.10548 7.52067 7.47392 7.42510 7.84004 7.94031 7.80914 7.79090 7.69183 7.54068 6.95706 6.82519 6.76813 6.74888 7.46248 7.46401 7.46401
11.3639 11.0275 10.6868 10.5309 10.0985 9.74228 6.41973 6.26926 5.84973 5.84973 5.84973 5.84973 5.84973 5.84973 5.84973 5.84973 5.84973 5.84973 5.39718 5.05368 5.05368 5.04163 4.38359 4.28044 4.38188 4.45954 4.43029 4.42624 4.44082 4.45525 4.45954 4.48050 4.55104 4.62920 4.64601 4.05739 3.89469 3.95278 4.70039 5.07860 5.08882 6.09975 6.49025 6.46128 6.40265 6.34418 6.29213 6.26733 6.24549 6.75035 6.87305 7.32262 7.45393 7.48455 7.66452 7.98657 7.98760 7.98760 7.63926 7.25924 6.88194 6.65797 6.65797 6.65797 7.31594 7.46401 7.46401
11.0187 11.0152 10.7943 10.6162 9.76943 11.4199 6.42953 6.40440 5.87526 5.84973 5.84973 5.84973 5.84973 5.84973 5.84973 5.84973 5.84973 5.84973 5.65380 5.05368 5.05368 5.05368 4.58278 4.28044 4.33685 4.52177 4.59748 4.67946 4.76890 4.86664 4.97398 5.05468 5.05755 5.05755 5.05755 4.39017 3.98661 4.01225 4.35592 4.85228 4.78425 5.45646 6.38767 6.41802 6.47988 6.54135 6.59770 6.62535 6.65071 7.03719 7.28770 7.59311 7.88730 7.91401 7.96963 8.45375 8.51206 8.56149 8.39852 7.77054 7.64357 7.47837 7.55508 7.63282 7.94745 8.11893 8.17754
10.9785 10.9785 10.8747 10.5790 9.93799 11.4580 7.47927 6.40091 5.95786 5.71623 5.66059 5.61370 5.56774 5.52269 5.47838 5.43440 5.39207 5.35041 5.30679 4.82322 4.83619 4.88871 4.67314 4.16910 4.20794 4.37668 4.35273 4.32372 4.29521 4.26241 4.23362 4.21035 4.18767 4.16534 4.14342 4.01214 4.48785 4.47729 4.53326 5.12784 5.13587 5.55073 7.56197 7.58464 7.61100 7.63738 7.66377 7.69012 7.71648 7.92164 8.22414 8.38194 8.88999 8.91108 8.93198 9.34194 9.47915 9.47915 9.42864 8.43355 8.36382 8.24966 8.24966 8.24966 8.24966 8.24966 8.24966
9.87237 9.82179 9.75340 9.16177 8.79577 8.97362 7.55329 5.41408 5.23506 4.74941 4.63973 4.63973 4.63973 4.63973 4.63973 4.63973 4.63973 4.63973 4.63973 4.63973 4.63973 4.64812 4.61021 3.94023 3.98474 4.01341 3.99551 3.99927 4.00304 4.01130 4.01602 4.01720 4.02037 4.02356 4.02676 3.96431 4.39090 4.50846 4.51165 5.01104 5.16579 5.31856 7.55278 7.88442 7.88442 7.88442 7.88442 7.88442 7.88442 7.94017 8.31626 8.32194 8.88819 8.94001 8.94001 9.18376 9.47915 9.47915 9.47522 8.67621 8.35715 8.22752 8.23703 8.35983 8.49150 8.62677 8.76606
9.54817 9.54817 9.54817 9.15152 8.88562 8.50381 8.83292 5.41393 5.35566 4.82525 4.63973 4.63973 4.63973 4.64924 4.66857 4.68791 4.70501 4.70261 4.69573 4.68887 4.69341 4.70110 4.69771 4.36582 4.26274 4.16004 4.03766 4.04086 4.04406 4.04726 4.05045 4.05247 4.05251 4.05251 4.05251 4.04782 4.26403 4.52461 4.52461 4.82887 5.17235 5.19237 6.96719 7.88442 7.88442 7.88442 7.88442 7.88442 7.88442 7.88442 8.27203 8.31633 8.71075 8.94001 8.94001 9.07646 9.67811 9.82874 9.97905 9.61796 9.08365 9.13433 9.18852 9.19440 9.19440 9.19440 9.19440
9.21802 8.99525 8.77234 8.67141 8.94253 8.32173 9.61064 5.68898 5.19020 4.98150 4.76260 4.77903 4.79509 4.80158 4.79818 4.79488 4.79373 4.81218 4.83497 4.85791 4.86930 4.86930 4.86930 4.56196 4.28397 4.24236 4.05251 4.05251 4.05251 4.05251 4.05251 4.05251 4.05251 4.04802 4.03896 4.03027 4.15180 4.44385 4.42773 4.51075 5.13290 5.17235 6.25849 7.88442 7.88442 7.88442 7.88442 7.88442 7.93898 8.12649 8.58961 8.88734 9.28165 9.75680 9.90701 10.0057 10.4715 10.5416 10.5390 10.3465 9.35691 9.36547 9.34124 9.41349 9.48589 9.55807 9.63043
7.82686 7.61283 7.39864 7.23002 7.21423 6.70926 7.54063 5.81803 4.99807 5.11453 4.87499 4.86930 4.86930 4.86930 4.86930 4.86930 4.86930 4.86930 4.86930 4.86930 4.86930 4.86749 4.84558 4.66425 4.24459 4.23134 4.03186 4.00325 3.99598 3.98898 3.98222 3.97572 3.96945 3.96628 3.96628 3.96628 4.02209 4.34396 4.34396 4.34453 4.96643 5.18896 5.69403 8.25193 8.52646 8.76779 9.03131 9.31857 9.53787 9.54650 9.58046 9.61091 9.63513 9.98992 10.1384 10.2896 10.6216 10.8150 10.8899 10.9658 10.0954 10.0894 10.0661 10.1915 10.3230 10.4614 10.6064
5.00581 4.59603 4.18599 3.77748 3.50235 3.82311 5.25440 5.45503 4.97539 5.04601 4.93548 4.86930 4.86930 4.86930 4.86930 4.86930 4.86930 4.86930 4.86930 4.86930 4.86930 4.82750 4.61971 4.59953 4.15816 4.15145 4.03569 3.96628 3.96628 3.96628 3.96628 3.96628 3.96628 3.96628 3.96058 3.90406 3.84407 4.45874 4.53424 4.59011 5.15291 5.92034 6.13216 8.85166 9.54650 9.54650 9.58748 9.81838 10.0727 10.3274 10.5314 10.5588 10.7565 10.9904 11.0232 11.0299 11.0450 11.0740 11.0827 11.0877 11.0877 11.0877 10.9124 10.8910 10.8910 10.8910 10.8910
3.60621 3.60621 3.61088 3.63488 3.60457 3.61304 5.17418 5.63481 5.00327 4.98554 5.00433 4.86930 4.86930 4.86930 4.86930 4.86930 4.86930 4.86930 4.86930 4.86930 4.86930 4.86923 4.64409 4.61971 4.25415 4.15145 4.08707 3.96628 3.92997 3.86328 3.80037 3.74090 3.68463 3.63124 3.58454 3.57575 3.57575 4.37634 4.70541 4.70553 4.97317 6.43140 6.78785 9.10172 10.8042 11.1068 11.3874 11.4486 11.4839 11.5230 11.5436 10.9778 10.9550 11.0094 11.0567 11.0567 11.0577 11.0864 11.0877 11.0837 11.0579 11.0291 11.1065 11.2935 11.3871 11.4809 11.5747
3.99596 4.03185 4.06183 4.06480 4.05612 4.00725 5.24199 5.65886 5.18671 4.97539 5.02297 4.86930 4.86930 4.86930 4.86930 4.86906 4.86755 4.86587 4.86419 4.86251 4.86080 4.83432 4.58057 4.42750 4.12125 3.85830 3.78609 3.58725 3.56112 3.56000 3.55887 3.55774 3.55663 3.57531 3.61951 3.66381 3.70812 4.29892 5.07570 5.14378 5.27237 8.10050 8.42116 9.35381 11.5540 11.5540 11.5540 11.5333 11.4764 11.4187 11.3612 10.8922 10.7496 10.7462 10.8451 10.8162 10.7874 10.7801 10.7608 10.7361 10.7330 10.7330 11.2909 12.1456 12.1456 12.1456 12.1456
3.95253 3.94269 3.93285 3.92298 3.91300 3.81985 4.59771 5.43235 5.15533 4.72427 4.79840 4.82327 4.82159 4.81992 4.81824 4.81677 4.81660 4.81660 4.81660 4.81660 4.81660 4.46778 4.13997 4.08515 3.98011 3.79045 3.92634 3.76283 3.71365 3.75908 3.80455 3.84995 3.89538 3.92101 3.92112 3.93212 4.00634 4.39752 5.65577 5.78159 5.90755 8.06455 9.59891 9.39858 10.7610 10.9397 10.8821 10.8451 10.8445 10.8445 10.8445 10.6287 10.4820 10.4822 10.6812 10.7020 10.7020 10.7145 10.7330 10.7330 10.7330 10.7330 10.9393 12.1456 12.1456 12.1464 12.1682
3.81375 3.81375 3.81375 3.81375 3.81375 3.75096 4.06803 5.34505 5.28268 4.66684 4.70292 4.82236 4.81660 4.81660 4.81660 4.81660 4.82449 4.97359 5.17321 5.37384 5.63418 5.74656 5.29087 5.24905 5.49812 5.01456 4.97611 4.62007 4.29107 4.37495 4.45883 4.54290 4.62687 4.71085 4.79473 4.86761 4.87755 4.99348 6.56298 6.71081 6.71081 7.86929 10.3340 9.96519 9.93670 10.8445 10.8445 10.8445 10.8445 10.8445 10.8445 10.7171 10.4820 10.4820 10.6259 10.7020 10.7020 10.7054 10.7349 10.7595 10.7903 10.8212 10.8534 12.1492 12.3262 12.3562 12.3653
3.81375 3.81375 3.81001 3.79448 3.77706 3.73925 3.72304 5.26016 5.34647 4.85054 4.75325 5.30742 5.58274 5.81111 6.30719 6.86891 7.42435 7.83769 8.20070 8.56291 8.86514 9.11246 7.96229 7.38431 7.40193 6.30769 5.73081 5.52634 4.87755 4.87755 4.87755 4.87755 4.87755 4.87755 4.87755 4.87755 4.87755 4.88472 6.17955 6.73609 6.74792 7.05941 10.3239 10.2977 9.45428 10.8445 10.8445 10.8445 10.8445 10.8445 10.8445 10.8183 10.4853 10.4820 10.5878 10.8249 10.8558 10.8866 10.9408 10.9527 10.9527 10.9537 10.9643 11.8986 12.5508 12.7581 12.9652
3.73448 3.73560 3.77086 3.83488 3.93978 4.04775 4.15617 5.98802 7.02267 7.07770 7.31085 8.51408 9.39411 9.72771 9.79525 9.79525 9.79525 9.79525 9.79525 9.79525 9.79525 9.79525 8.73937 7.67959 7.40424 6.75385 5.73561 5.72693 4.94462 4.90534 4.91323 4.92112 4.92901 4.93690 4.94480 4.95269 4.96058 4.96689 5.78647 6.84562 6.84562 6.84562 9.57342 10.3340 9.37335 10.8414 10.8445 10.8445 10.8445 10.8445 10.8445 10.8445 10.7088 10.7161 10.7526 11.1138 11.1730 11.7686 12.0635 11.7667 11.9742 12.1806 12.3769 13.1261 14.0301 14.0301 14.0301
4.46648 4.52144 4.51468 4.49603 4.43696 4.37488 4.31275 5.94750 8.03658 8.10636 8.43808 8.89320 9.79525 9.79525 9.79525 9.74365 9.58275 9.42547 9.27507 9.13067 8.99291 8.86039 8.31338 7.41673 7.44472 7.12888 5.78689 5.68118 5.08524 4.83232 4.96742 4.96742 4.96742 4.96742 4.96742 4.96742 4.96742 4.96742 5.40565 6.79980 6.84562 6.84562 8.49631 10.3340 9.58998 10.3796 10.8445 10.8445 10.8445 10.8623 11.8460 13.3739 14.0033 14.5830 15.6023 15.7826 16.2543 16.4369 15.5332 12.6175 12.6175 12.6175 12.6175 12.8287 14.0301 14.0301 14.0301
4.30155 4.26862 4.26862 4.26862 4.26862 4.25851 4.19590 4.81053 7.51433 7.30836 7.43936 7.39184 8.22318 8.06289 7.89663 7.76695 7.70129 7.63907 7.57808 7.51857 7.46010 7.40294 7.31330 6.52782 6.69596 6.68199 5.48705 5.19090 4.77220 4.27643 4.86416 4.97093 4.98743 5.00524 5.02300 5.04076 5.05853 5.07627 5.32462 6.53252 6.84562 6.84562 7.56793 10.8447 11.5170 12.8841 16.1953 17.7264 19.2532 20.7644 21.3096 21.3096 19.7578 17.8356 17.8356 17.1491 16.4369 16.4369 16.3819 12.8776 12.6175 12.6175 12.6175 12.6192 13.8786 14.0001 13.9808
4.26862 4.26862 4.26862 4.26862 4.26862 4.24197 3.92866 3.94224 6.31199 6.10215 6.25486 6.36981 7.06328 7.27459 7.27459 7.27459 7.27459 7.27459 7.27459 7.27459 7.27459 7.27459 7.27459 6.64653 6.44139 6.31276 5.41148 4.84119 4.77009 4.23083 4.69314 5.09788 5.10107 5.10303 5.10499 5.10699 5.15708 5.43307 5.83351 7.49603 8.72867 9.19496 9.83624 17.5869 18.2127 17.8302 21.3096 21.3096 21.3096 21.3096 21.3096 21.3143 20.7849 17.9496 18.0124 17.8356 16.6641 16.7107 16.7577 14.2993 13.0324 13.0794 13.1265 13.1735 13.5694 13.7699 13.7699
4.28713 4.29183 4.29654 4.30123 4.30593 4.31064 4.02432 3.96649 5.81704 6.14269 6.21777 6.41662 6.84920 7.31499 7.31696 7.31895 7.32092 7.32288 7.30048 7.19675 6.93387 6.63914 6.37876 6.09722 6.09815 6.18912 5.76231 4.95957 4.94502 4.44422 4.75704 5.75328 6.07896 6.39014 6.70089 7.01207 7.27479 7.31175 7.31175 8.52489 10.1060 10.1339 10.1579 15.5216 18.4773 17.6767 21.8077 22.0729 22.1669 22.2611 22.3551 22.4446 22.4658 18.8914 18.6067 18.6067 17.2191 17.0153 17.0153 15.6189 13.1959 13.1959 13.1959 13.1959 13.4271 13.7699 13.7699
4.38832 4.38832 4.38832 4.38832 4.38832 4.38832 4.17337 4.02112 5.22582 6.22259 6.18811 6.43443 6.57053 7.17287 7.07569 6.98332 6.81516 6.53878 6.30607 6.14216 6.10891 6.16083 6.21601 6.27637 6.36315 6.62594 6.57426 6.04023 6.37584 6.16623 6.10912 7.06883 7.37649 7.39250 7.40849 7.42454 7.44055 7.45658 7.47258 8.29598 10.0164 10.3671 10.3671 13.2745 18.6921 18.1565 20.8194 22.4664 22.4664 22.4664 22.4664 22.4664 22.4664 19.5764 18.6067 18.6067 17.6287 17.0153 17.0153 16.6956 13.2279 13.1959 13.1794 13.1362 13.1816 13.6230 13.5795
4.38832 4.38832 4.38832 4.38832 4.38832 4.38832 4.27223 4.01765 4.34152 6.08032 5.83913 5.93381 6.02693 6.59612 6.49735 6.37944 6.32994 6.42758 6.65326 6.92190 7.17814 7.39494 7.60824 7.80556 7.87907 8.18760 8.32734 6.58921 6.75472 6.54177 6.09982 6.87234 7.49391 7.49391 7.49391 7.49391 7.49391 7.49391 7.49391 8.02770 9.51045 10.3665 10.3565 11.2167 18.5723 18.4484 19.4024 22.4664 22.4664 22.4664 22.4664 22.4664 22.4664 20.3900 18.6067 18.6067 18.0974 16.9085 16.8649 16.8213 13.7795 12.9148 12.8876 12.8873 12.8884 13.4070 13.4613
