OMI_NO2_yc_0.0167deg/OMI_NO2_yc_0.0167deg/OMI_NO2_200704.asc
ncols      200
nrows      200
xllcorner       110.913
yllcorner       33.7933
cellsize     0.0166667
NODATA_Value      -999.000
[rows 58 to 86 of 200, columns 0 to 66 of 200]
2.15247 2.15247 2.14861 1.87795 1.86126 1.86162 1.86530 1.86133 2.35938 2.61277 2.53499 3.10369 3.42188 3.47437 3.83348 3.83938 4.55850 4.69323 4.76815 4.83914 4.91368 5.40795 5.36646 5.37805 5.43620 6.29523 6.74038 7.60332 7.88253 7.92668 7.56481 7.82421 7.86411 7.92091 7.92611 7.92900 7.96659 8.07865 8.51321 8.50923 8.44099 8.48861 7.93515 7.82152 7.38607 7.44155 7.54121 7.13560 7.11930 7.50371 7.54747 6.68050 6.21180 6.21391 6.31861 6.17885 6.19844 6.19209 6.17298 6.15085 5.74855 5.54642 5.47297 5.66208 5.66586 5.69277 5.58525
2.15247 2.15247 2.15247 1.97879 1.91824 1.88293 1.92856 1.98191 2.29380 2.71580 2.62870 3.08913 3.66518 3.72721 4.09356 4.25466 4.80950 5.06237 5.06237 5.06213 5.02764 5.38351 5.96731 6.21294 6.41163 6.80346 7.24752 7.67225 7.92832 7.94030 7.74350 7.74721 7.90560 7.95790 7.98689 7.98233 7.98067 8.08604 8.42740 8.53592 8.50321 8.70573 8.30743 8.28056 7.91761 7.87953 7.87953 7.57053 7.19102 7.50265 7.54276 7.02804 6.19172 6.16847 6.20252 6.00700 5.85811 5.71918 5.60240 5.45763 5.19365 4.98302 4.90253 5.02378 5.20903 5.26028 5.29820
2.34197 2.45427 2.56650 2.48928 2.24804 2.01958 2.01116 2.00313 2.05050 2.58183 2.66642 3.20729 3.90013 3.90013 4.07010 4.30356 4.60665 4.98896 4.93035 4.78414 4.81783 5.07596 6.25177 6.46847 6.52422 6.69063 7.29968 7.52796 8.00476 8.00655 7.95756 7.66658 7.92559 7.94659 7.98744 8.03540 8.13680 8.32034 8.66873 9.00706 9.01128 9.00002 8.73979 8.36812 8.08903 7.80717 7.79905 7.67856 7.07841 7.17251 7.22674 6.87635 5.81256 5.57334 5.52791 5.38000 5.20942 5.11476 5.02041 4.96864 4.90825 4.68911 4.66431 4.69081 4.92601 4.93788 5.02521
2.63524 2.58757 2.54493 2.46471 2.20324 2.00371 1.98102 1.98102 1.98102 2.42376 2.56426 2.97673 3.87806 3.87904 3.89107 4.10952 4.11206 4.54138 4.49540 4.52583 4.82186 5.17820 6.17057 6.74335 6.75657 6.79871 7.33130 7.49737 8.16700 8.23432 8.30877 8.05676 8.38490 8.50896 8.81762 8.89980 8.41418 8.45269 8.60924 8.96777 8.93108 8.91178 8.86691 8.29227 8.14445 7.55280 7.46348 7.32612 6.55697 6.44927 6.66856 6.50764 5.59916 5.18000 5.07754 4.89181 4.81308 4.82164 4.81597 4.81734 4.81500 4.59926 4.50020 4.43451 4.60945 4.59679 4.56314
2.44902 2.44902 2.44902 2.44902 2.22490 2.05580 1.98102 1.98124 2.01568 2.31751 2.63502 2.82863 3.57961 3.68052 3.65690 3.92928 4.05486 4.81964 4.94041 4.97885 5.11607 5.57402 6.22022 7.23746 7.27112 7.29026 7.68902 8.06196 8.63248 8.93609 9.00215 8.73396 8.65095 8.72361 8.88033 8.98838 8.64195 8.57035 8.47753 8.84587 8.76373 8.58691 8.48609 7.80392 7.52366 6.98693 6.84427 6.79258 6.31969 5.96707 6.24596 6.22132 5.59101 4.99214 4.98610 4.89980 4.66345 4.64960 4.58502 4.52189 4.45842 4.28031 4.17298 4.16163 4.24579 4.34171 4.31402
2.44902 2.44528 2.43806 2.43187 2.30868 2.18790 2.11070 2.14534 2.14864 2.20713 2.67795 2.81466 3.47975 3.74901 3.74901 3.88133 4.06279 4.79753 5.15941 5.15941 5.16781 5.69267 6.20530 7.31486 7.65424 7.73351 7.89414 8.45342 8.82039 9.34725 9.44653 9.44792 9.02694 9.22330 9.36748 9.54763 9.12536 8.71447 8.01938 7.98154 7.82710 7.49227 7.33508 7.40828 7.22775 6.87763 6.62739 6.57225 6.33060 5.78693 5.94292 6.03910 5.59039 4.81510 4.64811 4.55447 4.37675 4.40593 4.39114 4.35792 4.32273 4.23207 4.02623 4.00456 4.04084 4.22891 4.23175
2.41690 2.52614 2.60319 2.60891 2.51384 2.33459 2.15190 2.14773 2.14773 2.14773 2.62508 2.73583 3.31730 3.74901 3.74901 3.78011 4.12173 4.67484 5.39660 5.48798 5.58281 6.04109 6.77291 7.58178 8.34549 8.45157 8.55699 9.17264 9.32014 9.74542 9.71493 9.69709 9.06494 9.03824 8.87041 8.80995 8.40593 7.79365 7.38759 7.42171 7.67104 7.34165 7.33746 7.27513 6.93937 6.74935 6.36717 6.30254 6.20005 5.43895 5.50400 5.76984 5.51652 4.87945 4.54415 4.49333 4.30787 4.29367 4.29044 4.30558 4.31890 4.32992 4.12854 4.12708 4.14264 4.38824 4.46732
2.58570 2.61966 2.58847 2.60832 2.61889 2.44903 2.31327 2.29503 2.31273 2.33030 2.63306 2.93499 3.36525 4.41807 4.48687 4.55643 5.08764 5.48189 6.43687 6.48519 6.54511 6.92327 8.30733 8.65561 9.83233 9.91765 9.95937 10.3729 10.4831 10.5664 10.3347 9.92677 9.61823 9.34132 9.22422 9.42747 9.48181 8.90625 8.62700 8.31788 8.61467 7.40584 7.16191 7.13857 6.64595 6.57459 6.22849 6.18484 6.14295 5.47038 5.16817 5.36592 5.26041 5.11294 4.84739 4.84654 4.69972 4.63085 4.65863 4.64899 4.64826 4.65945 4.50115 4.39772 4.34862 4.50324 4.52767
3.08487 3.13285 3.13304 3.13304 3.13304 2.94506 2.80787 2.77477 2.81231 2.84957 2.99027 3.41780 3.53882 5.19867 5.29233 5.32335 5.62027 6.02336 7.05614 7.17286 7.19724 7.33941 8.88537 9.20317 9.84064 9.92124 9.57143 9.36481 9.52681 9.45243 9.50148 9.50016 9.46445 9.25999 9.16159 9.21950 9.34600 8.82584 8.61764 8.13695 8.47868 7.63641 7.11562 7.06233 6.63475 6.34573 5.99027 5.75426 5.70239 5.33185 4.90289 5.08707 5.21259 5.21120 4.91818 4.87438 4.80830 4.63407 4.68307 4.59181 4.47914 4.33776 4.06614 3.73548 3.54636 3.42388 3.60655
3.07651 3.12174 3.15018 3.17720 3.20420 3.10257 2.97512 2.90563 2.90068 2.87744 2.85441 3.28247 3.34913 5.03954 5.44670 5.44670 5.50761 6.25475 7.24400 7.55974 7.53807 7.45910 8.12782 8.53017 8.60196 8.76268 8.73198 8.78992 9.13072 9.14346 9.33871 9.30458 9.29524 9.18012 9.05363 9.06922 9.30261 8.97083 8.67625 8.07516 7.97996 7.44613 6.55125 6.49272 6.31769 6.00845 5.88134 5.63673 5.62838 5.48616 4.84751 4.91905 5.10986 5.07973 4.84848 4.62201 4.45459 4.19057 4.14034 3.91948 3.66620 3.50334 3.41762 3.29839 3.28390 3.27098 3.49900
3.17206 3.22770 3.25821 3.23960 3.20759 3.11938 2.90163 2.79536 2.77151 2.76983 2.76983 3.06634 3.28221 4.58024 5.40293 5.30205 5.25742 5.74997 6.84801 7.36605 7.36922 7.39824 7.75798 8.26235 8.41526 8.90841 8.94967 8.94967 8.99802 9.00107 9.20243 9.21505 9.18576 9.13296 8.98460 9.02627 8.99697 8.72099 8.34597 7.96677 7.63167 7.52187 6.39872 6.39872 6.36800 5.93422 5.88088 5.55222 5.51217 5.52282 4.77781 4.67103 4.69753 4.56884 4.34283 3.91737 3.73034 3.42886 3.52808 3.48667 3.36637 3.39267 3.41944 3.35590 3.35029 3.34696 3.31238
3.06021 3.07691 3.09601 3.08371 3.08371 3.08124 2.86655 2.79262 2.76983 2.76983 2.76995 2.91448 3.30342 4.09893 5.43886 5.23545 5.27075 5.56010 6.67787 7.45045 7.45426 7.43256 7.55718 8.10635 8.23405 8.51298 8.65480 8.62551 8.63606 8.74180 8.96335 9.16388 9.23867 9.28068 9.09252 9.05132 8.93782 8.70032 8.32215 8.12552 7.64643 7.89653 6.48288 6.48357 6.49616 6.09846 6.08202 5.75350 5.76165 5.79966 5.06018 4.39959 4.02377 3.78001 3.68069 3.49300 3.49789 3.44227 3.61934 3.71491 3.59787 3.56962 3.36905 3.27294 3.16411 3.15381 3.08611
2.99905 3.01896 3.06633 3.08371 3.08371 3.09055 2.95370 2.87544 2.86131 2.89951 2.94476 2.99195 3.57584 3.94944 5.90497 5.66148 5.62899 5.66740 6.57415 7.22638 7.25847 7.25847 7.27404 7.89295 8.15194 8.38960 8.80352 8.87821 8.94590 9.01929 9.08326 9.29367 9.31846 9.35466 9.24396 9.15650 9.15366 8.88991 8.56870 8.51085 8.38790 8.56353 7.21622 7.02019 7.15530 6.80450 6.32536 5.83001 5.39798 5.18269 4.69725 4.08481 4.00596 3.85261 3.88218 3.75462 3.67693 3.68911 3.67694 3.83808 3.74008 3.68155 3.28047 3.22302 3.10130 3.08558 3.03976
3.15534 3.26245 3.30517 3.36227 3.42074 3.47671 3.38759 3.21877 3.12568 3.13289 3.13300 3.13300 3.56017 3.79904 5.61731 5.56018 5.30361 5.20892 6.12955 7.17014 7.36100 7.43759 7.56372 8.05062 8.40688 8.54427 9.04048 9.11327 9.17626 9.37726 9.55034 9.57249 9.52954 9.50972 9.43416 9.29969 9.46379 9.45022 9.28888 9.26332 9.23301 9.01268 7.96919 7.18349 7.17469 7.03988 5.60225 5.38753 5.04373 5.07751 5.05822 4.27772 4.28158 4.01539 4.00373 3.93013 3.72490 3.70923 3.59299 3.78900 3.70852 3.61593 3.33833 3.19680 3.09320 3.07340 3.07340
3.33363 3.43823 3.47673 3.55247 3.55530 3.55082 3.51170 3.25998 3.14657 3.12875 3.10225 3.03338 3.17189 3.52820 4.84200 5.56477 5.39345 5.45028 6.07980 7.82094 8.18685 8.25926 8.27754 8.36312 8.63909 9.06936 9.51642 9.87482 9.96618 10.0066 10.0501 9.73946 9.53903 9.51836 9.55985 10.1459 10.1238 10.0234 9.73413 9.41954 9.40204 8.94473 8.25974 6.89100 6.78728 6.68351 6.00719 5.69482 5.20879 5.18265 5.18265 4.51219 4.30023 4.09360 4.00373 3.99925 3.67927 3.65199 3.51450 3.76222 3.72776 3.61576 3.46435 3.19680 3.13032 3.07340 3.09878
3.28847 3.32354 3.33444 3.38776 3.41229 3.40725 3.37975 3.10749 2.99332 2.96197 2.95028 2.98008 3.04319 3.67442 4.69848 6.08443 5.79338 5.78849 6.00967 8.01159 8.68644 8.79078 8.89005 8.91381 8.94471 9.33910 9.53528 9.93700 9.92478 9.90720 9.93604 9.75764 9.39115 9.38008 9.38008 9.92590 10.0066 9.91182 9.56332 9.04153 8.95242 8.57073 8.29660 6.57028 6.57028 6.57028 6.31596 5.71893 5.36041 5.18500 5.18577 4.74163 4.24305 4.11684 3.91241 3.90020 3.65353 3.50332 3.38276 3.53045 3.61653 3.62197 3.64726 3.32949 3.40727 3.50795 3.67115
3.04112 3.09806 3.07299 3.01329 2.98509 2.88156 2.80113 2.79140 2.87347 3.03830 3.03845 3.05477 3.18681 3.81045 4.67041 6.50501 6.46179 6.32962 6.32974 7.64427 8.78585 8.80293 8.85021 8.96436 9.11420 9.64859 9.85332 9.83180 9.80988 9.80369 9.79208 9.69619 9.16906 9.08055 9.01145 9.29023 9.67352 9.67352 9.47472 9.00529 8.92516 8.81944 8.98542 6.82783 6.81553 6.84042 6.77726 5.93447 5.57696 5.18639 5.18411 4.98290 4.15003 4.12921 3.83736 3.82845 3.71428 3.47185 3.53183 3.63514 3.99132 4.16055 4.30125 3.96165 3.80865 3.77588 3.69612
2.56249 2.59730 2.68511 2.64959 2.78109 2.79362 2.85707 3.01099 3.18248 3.56208 3.71933 3.85751 3.87998 4.14102 4.67923 6.55913 6.66348 6.35270 6.40307 7.10075 8.98594 9.33317 9.46604 9.52342 9.57657 9.63514 9.80781 9.80939 9.81097 9.81204 9.63755 9.47470 9.13237 8.97929 8.98286 9.08154 9.66929 9.60700 9.48979 9.12722 8.91014 8.90817 9.10868 7.33925 6.82922 6.82646 6.82331 6.17021 5.73159 5.17466 5.16844 5.16701 4.24317 4.21268 4.14693 4.26556 4.47370 4.13659 4.22101 3.99556 4.07904 4.04123 3.97048 3.52715 3.03637 2.85558 2.67348
2.37742 2.58256 3.05340 3.14487 3.36049 3.54343 3.63448 3.63516 3.63516 3.82784 3.87998 3.87998 3.87998 3.93913 4.55072 6.29605 6.96782 6.77255 6.80178 6.97024 9.13852 9.59157 9.59699 9.60229 9.60639 9.61426 9.83301 9.83687 9.84072 9.84457 9.77783 9.50653 9.26604 8.90046 8.83870 8.77669 9.26507 9.39122 9.39628 9.26598 8.89884 8.89884 8.99057 7.94910 7.05499 7.21715 7.37931 7.23692 6.54371 5.67165 5.51097 5.70982 5.17004 4.83178 4.93537 5.05396 5.18370 4.63148 4.30675 3.94543 3.65783 3.60187 3.57695 3.47719 3.02477 3.14416 3.24744
3.67977 3.64040 3.78048 3.59580 3.60480 3.63516 3.63516 3.63516 3.63516 3.76393 3.91925 3.96764 4.06359 4.32039 4.93888 6.45920 7.68191 7.51611 7.33875 7.38574 8.81377 9.64065 9.64066 9.64066 9.64066 9.63738 9.81924 9.80802 9.74601 9.68394 9.62031 9.26605 9.18199 8.73279 8.72763 8.72983 9.07000 9.50529 9.65514 9.85436 9.53262 9.71767 9.91869 9.24389 7.82510 8.13279 8.50204 8.77500 7.93592 6.79167 5.82139 5.80950 5.53762 5.25455 5.25682 5.25241 5.29816 4.94278 4.29039 4.13014 3.77311 3.82574 3.84499 3.84497 3.66570 3.77120 4.03000
3.79609 3.64164 3.92327 3.90757 3.92595 3.97608 4.02462 4.15681 4.38098 4.72255 5.16496 5.38125 5.55114 5.56436 5.53347 6.38025 7.79860 7.89770 7.52429 7.56129 8.20887 9.63769 9.60085 9.53883 9.47679 9.41475 9.49169 9.59009 9.63266 9.67626 9.72105 9.56659 9.54549 9.27963 9.29652 9.43710 9.67924 10.5060 10.5097 10.6114 10.3419 10.6052 11.0076 10.9993 9.09450 9.03744 8.92625 8.78791 7.92682 7.55050 5.29941 5.37040 5.44190 5.51340 5.58500 5.65547 5.68011 5.62395 4.51166 4.46944 4.05758 4.23467 4.43315 4.65590 4.65079 4.51168 4.78890
3.81717 3.70495 4.06587 4.72149 4.68245 4.89727 5.11452 5.24479 5.28786 5.29480 5.55065 5.56436 5.56436 5.58186 5.61357 6.05410 7.79845 8.13794 7.74942 7.74246 7.88901 9.17264 9.35881 9.36413 9.36893 9.37505 9.60811 10.0347 10.1223 10.2104 10.2983 10.2654 9.99556 9.74733 9.43487 9.37957 9.46273 10.5391 11.0883 11.5521 11.9251 11.5402 11.5209 11.4268 8.79851 8.73278 8.74055 8.74833 8.48131 8.42093 6.09061 5.68011 5.68011 5.68011 5.68011 5.68011 5.68011 5.68011 5.54532 5.67656 4.96307 4.84730 4.84730 4.84730 4.75936 4.47569 4.54854
5.06698 5.09177 4.90938 5.64357 5.42250 5.43006 5.43738 5.44479 5.45211 5.46571 5.71109 5.85964 5.93197 6.04040 6.13542 6.22545 7.66607 8.15907 7.89774 7.65656 7.68191 8.57729 9.30662 9.39347 9.48047 9.56664 9.64719 10.1350 10.0905 10.0584 10.0235 9.98635 9.76985 9.91480 9.66825 10.0000 10.1602 10.8126 11.5482 11.5528 11.7073 11.2431 11.2490 11.2548 9.38535 8.76596 8.76596 8.76596 8.64879 8.44496 6.92706 5.68011 5.68011 5.68011 5.68011 5.68011 5.68011 5.68011 5.68011 5.68011 5.16360 4.84730 4.63273 4.19857 4.15079 3.88412 3.84220
5.42264 5.45365 5.05729 5.68152 5.58498 5.54386 5.57861 5.62555 5.68950 5.76781 6.01565 6.33528 6.39951 6.40998 6.41479 6.45593 7.64521 8.33222 8.45174 8.08186 8.14341 8.46945 9.49439 9.49009 9.45104 9.40860 9.36462 9.86566 10.1996 10.5280 10.8825 11.2505 11.0194 10.8553 10.2751 10.1724 10.1763 10.4080 11.5735 11.5736 11.7367 11.2577 11.2575 11.2575 9.94984 8.76596 8.76596 8.76596 8.74169 8.44907 7.76398 5.65914 5.60964 5.55995 5.51045 5.46069 5.41106 5.36143 5.30262 5.23039 4.96041 4.62075 4.52523 3.93000 3.94702 3.85665 3.84903
4.84490 5.08683 4.79675 5.14180 5.48192 5.40129 5.44880 5.48488 5.50441 5.53100 5.86714 6.63752 6.73770 6.83778 6.93309 6.94253 7.71533 8.45987 8.73581 8.22142 8.13959 8.18250 9.02689 9.34181 9.40722 9.48093 9.55349 10.1303 11.2743 11.2272 11.1801 11.1330 11.0164 10.8735 10.5008 10.1828 10.1828 10.1842 11.3314 11.4754 11.3388 11.2335 11.0794 11.0421 10.1709 8.37934 8.32998 8.28008 8.23065 7.93661 7.76920 5.21353 5.00723 4.98466 4.96202 4.93953 4.91693 4.89427 4.88078 4.88067 4.83764 4.57472 4.60776 4.18398 4.13014 4.05742 3.92877
4.47539 5.00566 5.04054 5.24548 5.86483 5.65899 5.74775 5.83675 5.92580 5.98816 6.07098 6.91718 6.95683 6.95683 6.94447 6.86619 7.22868 7.96822 8.22901 8.15977 8.20206 8.25541 8.80765 9.53859 9.50949 9.47307 9.41970 9.57621 10.8390 10.9639 10.9302 10.8965 10.8473 10.6138 10.4004 9.71313 9.53443 9.35552 9.78175 10.2499 10.2395 10.7769 10.7599 10.7599 10.3759 8.10246 8.03097 7.77386 7.50733 7.09377 6.65326 5.43443 4.88076 4.88067 4.88067 4.88067 4.88471 4.89630 4.90647 4.91527 4.91960 4.67556 4.64770 4.31585 4.13014 4.10892 3.95478
4.43192 5.36159 5.60100 5.69326 6.35061 6.06430 5.99050 5.99050 5.99050 5.98975 5.95404 6.62554 6.73167 6.65468 6.58871 6.60035 6.82771 7.83051 8.16602 8.26394 8.19705 8.17179 8.28878 9.08027 9.14952 9.12536 9.11923 9.14034 10.2025 10.6726 10.5671 10.4219 10.2769 9.96812 9.77588 9.12893 9.07108 9.07108 9.28548 10.2395 10.2174 10.3452 10.3548 10.1548 9.91997 6.91165 6.56768 6.55826 6.55826 6.50805 6.23726 5.79738 5.09550 5.29019 5.28234 4.91410 4.91965 4.91983 4.91983 4.91216 4.89409 4.69703 4.58574 4.36627 4.05158 4.04321 4.03846
4.42720 5.28343 5.77274 5.73400 6.18738 6.16630 5.89606 5.83808 5.78267 5.73029 5.72820 6.24102 6.73682 6.84656 6.95870 7.04866 6.92610 7.72259 7.97103 8.19463 8.22767 8.30540 8.39997 8.87561 9.11902 9.05801 8.94911 8.84021 9.30738 10.0181 9.98041 9.98041 9.98041 9.88389 9.75579 9.22528 8.82840 8.69514 8.56533 9.32557 9.33089 9.35558 9.60140 9.60176 9.60448 7.53481 6.87014 7.00443 7.12796 7.24206 7.13409 6.88151 5.98632 5.95816 5.86323 4.88185 4.85769 4.83955 4.82158 4.81117 4.81111 4.69766 4.53899 4.47264 4.04325 4.04317 4.04031
4.42165 4.80771 5.63088 5.55634 5.75029 6.02801 5.77775 5.84807 5.95215 6.05629 6.14092 6.44275 7.05512 7.05712 7.05712 7.05715 7.08811 7.62678 8.05765 8.47569 8.48261 8.50645 8.57624 8.51103 8.82668 8.85612 8.93699 9.02053 9.19346 9.72485 9.72067 9.55249 9.38237 9.18443 8.83109 8.54002 8.03003 8.13712 8.28035 8.73881 8.90933 8.90232 8.96815 9.03843 9.02082 8.15765 7.45440 7.47035 7.51785 7.56616 7.36522 6.95960 6.10569 5.87749 5.87746 5.05386 4.81111 4.81111 4.81111 4.81111 4.81111 4.76315 4.53899 4.53899 4.09586 4.04317 4.04216
