OMI_NO2_yc_0.0167deg/OMI_NO2_yc_0.0167deg/OMI_NO2_200701.asc
ncols      200
nrows      200
xllcorner       110.913
yllcorner       33.7933
cellsize     0.0166667
NODATA_Value      -999.000
[rows 58 to 86 of 158, columns 0 to 66 of 200]
4.75243 4.89711 5.02405 4.98247 4.72427 4.81832 4.89752 4.92875 6.49964 6.80417 6.49837 6.57458 6.68034 7.27153 7.36493 7.30253 7.51218 8.91779 9.66395 9.72875 10.3792 12.7108 13.1543 14.3060 16.9221 21.6005 22.7811 23.4616 25.8812 26.9669 27.0581 27.0997 27.4162 30.6487 31.4156 32.0912 32.6885 32.8855 34.5900 34.1191 32.5378 29.4733 29.1450 28.8321 28.5938 28.3805 27.9608 27.4120 26.8281 26.0472 24.4823 23.3251 23.3251 23.3251 22.8576 22.2167 22.1079 19.7858 19.7152 19.9595 19.9336 19.6809 19.5335 18.9559 18.1199 17.7534 16.1488
5.45905 5.60617 5.76893 5.87515 5.45138 5.54240 5.66110 5.76855 6.68175 7.49856 7.06032 7.04642 7.03251 7.43744 7.54796 7.54796 7.37803 8.95652 10.5565 10.7821 11.0776 14.0061 14.3258 15.6255 16.4646 22.6346 23.2321 24.0725 25.7704 27.7613 28.1299 28.4921 28.8552 30.6343 30.7275 30.9829 31.7691 31.7562 32.0043 32.0579 31.5887 28.6185 28.3368 28.5776 28.6079 28.5576 28.0499 27.6882 26.8508 26.2784 25.1268 23.4021 23.1940 23.0436 22.7619 21.6369 21.4843 19.7985 19.1716 19.3225 19.4257 19.3079 19.1086 18.7010 17.5115 17.3251 16.3134
6.46035 6.58852 6.59121 6.51790 6.06562 5.85324 5.85324 5.85324 6.32447 7.50128 7.19967 7.07628 7.05087 7.24198 7.35402 7.24519 7.57043 9.53040 11.7423 11.8163 12.1816 14.8337 15.8610 16.8114 17.8892 23.4007 25.5192 27.0910 27.9523 30.1644 30.1578 30.1577 30.1577 30.7893 30.5176 30.6311 31.8153 31.8754 32.1596 32.4438 32.2445 29.9680 28.6514 28.8992 28.9836 28.8875 28.0138 27.4392 26.2531 25.7081 24.5095 22.7760 22.1948 22.1948 22.1948 21.2944 20.9767 19.9305 18.6883 18.6527 18.6072 18.3095 18.0180 17.8809 16.6974 16.5681 15.9774
6.52772 6.59169 6.59366 6.56449 6.28280 5.85998 5.86160 5.83036 5.91787 7.08997 6.97091 6.63743 6.62017 6.82124 7.20509 7.27525 7.62493 11.0230 14.4700 15.2055 15.2618 16.9716 18.2352 18.5139 19.3813 22.6576 26.3421 27.3161 27.6176 30.2558 30.4618 30.4993 30.5368 30.9668 31.1257 31.1364 32.3354 32.6615 32.7196 32.9113 32.6868 31.0042 28.1427 28.1264 28.1239 28.0672 27.5076 26.7776 25.8031 25.2489 24.1551 22.4328 21.2072 20.9683 20.7327 19.9389 19.2639 18.8594 17.1032 17.0634 17.2480 17.1912 17.2698 17.1916 16.3027 15.9851 15.7173
6.53318 6.59282 6.49975 6.39551 6.27503 5.73607 5.69256 5.71184 5.78214 6.93184 7.35694 7.09798 7.22988 7.41171 7.96850 8.11235 8.43881 11.5315 15.7338 16.8074 17.0393 18.1523 19.9191 19.9620 20.4663 21.7900 27.3005 27.5912 27.8254 29.8300 30.6613 30.7364 30.8111 30.9201 31.5651 31.1648 31.9027 32.3491 32.2701 32.4499 32.3366 31.4692 27.3037 27.1619 27.2588 27.0982 26.6976 25.6525 24.8183 24.0311 23.0092 21.4284 20.2891 20.0811 20.0492 19.7955 18.8772 18.8406 17.0876 16.8760 16.6336 16.6859 16.8459 16.9232 16.3426 15.7265 15.5598
6.05423 6.29576 6.67047 6.77794 6.75529 6.37915 6.21693 6.26206 6.31239 7.54894 8.88239 8.95251 9.22177 9.48660 10.1029 10.3962 10.4820 11.5994 16.2663 17.5533 17.6235 18.0200 19.6266 19.8068 20.3092 20.9752 26.7416 27.6069 28.1849 29.1812 30.0717 30.0221 29.9747 29.9289 30.4972 30.3441 30.4874 30.6439 30.5942 30.7536 30.8398 30.1944 26.7175 25.5470 25.7153 25.7467 25.6717 24.5976 24.0525 23.0366 23.1391 21.6194 20.4352 19.9643 20.0896 20.2167 19.1191 19.0223 17.8777 17.0042 16.6360 16.4312 16.3542 16.3215 15.8880 15.0425 14.9002
7.15452 7.03727 7.48748 7.50686 7.49268 7.24557 7.13651 7.39019 7.64454 8.60874 10.2901 10.5050 10.7431 10.9746 11.9004 12.6140 12.8718 13.4537 17.8763 20.3866 20.6482 20.9116 22.0672 22.4239 22.5301 22.5806 25.9331 28.2559 28.5932 29.0122 29.8735 29.8735 29.9090 30.1599 30.6379 30.0520 30.0184 30.1572 30.1247 30.2724 30.6163 30.0866 27.7136 25.3116 25.3887 25.4382 25.3117 24.3911 24.0446 22.8152 22.8455 21.9564 20.7235 19.8392 19.7300 19.6300 18.5561 17.7718 17.0654 15.7076 15.5348 15.3809 15.3862 15.5192 15.4637 14.8740 14.8682
7.61622 6.95992 7.51558 7.47951 7.43142 7.38036 7.99208 7.95108 7.92051 8.15283 10.0791 11.6858 12.9741 13.0992 13.7343 14.6576 14.7786 14.9097 17.9176 21.1583 21.3625 21.3777 22.1068 22.5721 22.6191 22.6285 24.3928 28.5832 28.9851 29.7349 31.0555 31.4301 31.7064 31.7671 31.7674 30.3783 30.1998 30.4110 30.4231 30.4226 30.7842 30.0567 28.4318 24.7615 24.7420 24.7790 24.7268 23.9241 23.1048 21.8949 21.6378 21.3102 20.1503 19.5279 19.2961 19.2961 18.8360 17.6814 17.5764 15.7494 15.6077 15.3809 15.3812 15.4831 15.5139 14.9978 14.9126
7.12761 6.40071 6.95150 7.15447 7.18517 7.15004 7.87173 7.97102 7.99356 8.01630 10.0038 12.0609 13.8051 13.8282 14.0589 15.1871 15.2076 15.2280 16.9537 21.0293 21.6091 21.6782 22.4525 23.3593 23.7995 24.1046 24.6395 30.1189 30.1964 30.8093 31.5580 31.8495 31.7303 31.5864 31.4460 30.2051 29.7966 30.4037 30.9014 31.3146 30.6620 29.8437 28.7142 24.7798 24.2949 24.3652 24.3790 23.9744 22.9959 22.2300 21.6268 21.6187 20.3111 19.8612 19.3511 19.3764 19.3722 17.9266 17.8916 16.4076 15.8888 15.6168 15.6422 15.7147 15.7856 15.2869 14.8724
7.75229 7.25478 7.25653 7.60788 7.60813 7.58763 7.92830 8.21107 8.21107 8.21107 9.45930 11.4840 13.8380 13.9196 13.9584 15.1827 15.3488 15.4307 16.1812 21.6322 22.9993 23.2102 23.5231 24.2508 24.4168 24.2876 24.1348 28.1893 29.6193 29.6861 30.6142 31.6523 32.2210 32.7960 33.3500 33.1869 31.9692 32.0693 32.1834 32.1994 31.5891 30.2741 28.9952 26.3288 24.6510 24.7625 24.8726 24.7954 23.3421 22.8281 21.9275 22.0530 21.1073 20.5183 19.7779 19.7403 19.7421 18.6525 18.1274 17.1234 15.8647 15.4179 15.2064 15.0475 15.0181 14.6288 14.1070
7.80324 7.56658 7.04866 7.60816 7.60813 7.60063 7.66240 8.22259 8.17632 8.16661 8.92025 11.0262 13.4222 14.0608 14.3166 15.3588 15.8703 15.9580 16.1552 20.5726 22.5471 22.4286 22.4044 23.2124 23.6249 24.3398 25.0550 28.1115 31.7862 32.3715 33.4526 34.2708 34.3395 34.4084 34.4770 34.4067 32.6434 32.7380 32.9696 33.0223 32.9201 30.9089 29.2836 27.3327 25.2129 25.2507 25.3422 25.2963 23.9706 23.3411 22.0748 22.0694 21.4984 20.3151 19.6532 19.1633 18.9236 18.0759 16.8084 16.2144 14.3741 14.0686 13.8513 13.7518 13.6592 13.4667 12.9558
7.73881 7.71299 6.87845 7.46951 7.50748 7.56495 7.58789 8.38628 8.54331 8.71114 9.10568 11.3351 13.5837 14.7846 15.0043 15.7349 16.4333 16.4155 16.3977 18.8820 22.2050 22.3697 22.4480 23.3851 25.8459 27.2345 27.2164 27.9340 32.4590 32.8087 33.8341 34.7436 34.8076 34.8076 34.7094 34.2416 32.1799 31.2457 30.9326 30.3609 29.7740 27.8759 26.4473 25.6460 24.8135 24.6988 24.6717 24.5333 23.2869 22.0675 20.5851 20.0128 19.6246 18.5575 18.2122 17.6051 17.5665 17.4109 15.9110 15.8549 13.9599 13.5711 13.3550 13.3505 13.3199 13.2580 12.5835
7.65967 7.65967 7.30099 8.08379 8.74085 8.96230 9.17164 9.43453 9.55281 9.62544 9.69838 11.0290 13.0218 14.7651 14.8914 15.4052 16.5056 16.5960 16.6866 17.9509 22.0402 22.4941 22.4883 23.1912 24.7410 27.3611 27.3847 27.4365 31.7194 32.1099 32.5888 32.7464 32.2583 31.6782 31.1976 31.1029 29.9895 28.8857 28.7332 28.6816 28.6813 27.7767 25.8798 24.6220 23.7886 23.3881 23.2559 23.1166 22.4652 20.8411 19.8225 19.0640 19.0354 18.2998 17.9864 17.4297 17.2553 17.0552 15.9046 15.6712 14.3917 13.4794 13.1894 13.1747 13.1453 13.0411 12.5468
8.29951 8.42151 8.41492 8.90175 9.94473 9.98235 9.97384 9.89176 10.0137 10.0393 10.1274 10.8359 12.3443 14.9368 15.0694 15.3074 16.6362 16.7145 16.7477 16.9902 21.5564 22.7811 23.0850 24.0268 25.3290 29.3785 29.8526 30.1112 30.1506 30.2213 31.0358 31.5271 31.3008 31.3008 31.3008 31.3002 30.7824 28.7850 28.4367 28.1201 27.9333 27.5387 25.4189 23.8562 23.2937 22.6635 22.5417 22.4696 22.3113 20.5008 19.7514 18.4321 18.1878 17.5561 16.6713 16.2269 15.9969 16.0801 15.7583 15.2673 14.4791 12.8836 12.4907 12.4443 12.4239 12.3735 12.2890
8.74314 8.74532 8.73918 8.61723 10.0544 10.0617 9.94356 9.71969 10.3020 10.4303 10.4424 10.8058 12.0004 14.6610 15.3917 15.8358 17.2486 17.8599 18.1307 18.4014 22.0256 24.5709 24.5709 24.9360 26.1108 28.8639 30.0764 30.0402 29.9829 29.9792 30.4596 31.2507 30.9659 30.9136 30.8370 30.7541 30.6442 27.7040 27.2538 26.9097 26.7503 26.6034 24.7219 22.9669 22.6294 21.8632 21.7866 21.6202 21.5156 20.1098 19.3911 18.0471 18.1752 18.0060 15.9357 15.9145 15.9145 15.9145 15.7884 15.0856 14.9518 12.8397 12.5177 12.4231 12.4231 12.3942 12.3128
9.15302 9.09634 8.99838 8.58554 9.40870 9.50947 9.50758 9.50264 9.96904 10.6270 10.7381 10.9581 12.1733 15.7208 17.1401 17.2699 18.1382 18.8155 18.8179 18.8204 20.5890 24.0257 24.0081 24.0439 25.4363 26.9760 29.4714 29.4631 29.4342 29.4544 29.8111 30.5960 30.3495 30.2596 30.2286 30.1488 30.0982 28.1781 27.1458 26.6264 26.1767 25.7149 24.8262 23.4195 22.7323 21.9295 21.8251 21.7726 21.7276 20.8466 19.8557 18.4935 18.2401 18.2355 16.3421 15.9145 15.9137 15.8953 15.8678 14.9922 14.6046 12.9980 12.3517 12.1206 12.0676 12.0083 11.9002
8.60410 8.59051 8.72662 8.75049 9.37905 10.0315 10.1538 10.2743 10.3897 11.1693 11.1849 11.1849 12.0341 14.8853 17.1779 17.2317 17.8215 18.8352 18.8422 19.0025 19.7451 23.7371 23.9403 23.9327 25.1470 25.7516 29.4139 29.4813 29.5052 29.5424 29.8048 30.4602 30.4892 30.0155 29.4133 28.8547 28.2666 26.9250 24.7795 24.3225 24.2864 24.2864 24.2746 23.6277 22.6498 22.0343 21.5862 21.4746 21.3072 20.8515 19.6723 18.6734 17.8307 17.5688 16.0397 14.7185 14.4573 14.2132 13.9786 13.4372 13.0598 12.6770 12.1553 12.0029 12.1341 12.2653 12.3485
9.39232 9.53031 9.54695 9.52326 9.48417 10.3210 10.3210 10.3210 10.2507 11.0476 11.2010 11.2095 11.8156 13.6797 17.3803 17.7608 18.3114 19.9058 20.1811 20.4412 20.6399 23.2347 24.0504 24.0809 25.0128 25.6580 28.7666 29.7641 29.3268 28.7400 28.2460 28.2211 27.5830 26.7010 26.5982 26.5070 26.4161 26.1583 24.0447 23.6653 23.4724 23.3814 23.2902 22.8941 21.5731 21.1075 20.2669 20.0302 19.7081 19.4240 18.1779 17.3277 16.2142 16.2142 15.5835 13.8867 13.8660 13.8879 13.9227 13.7978 13.2501 13.1764 12.5561 12.1876 12.1548 12.1272 12.0663
9.50073 9.55783 9.56949 9.58110 9.32023 10.3283 10.3762 10.3855 10.5400 11.2054 11.9665 12.4283 13.2711 14.9627 18.8411 19.6138 19.9535 21.4092 21.8343 21.8746 21.8809 22.9313 24.3397 24.6090 25.4874 26.7569 27.2121 26.8876 26.8055 26.7753 26.7976 26.2241 26.1677 25.7464 25.7451 25.7451 25.7451 25.7397 23.8849 22.8978 22.4688 22.2082 21.9473 21.5991 19.8188 19.5132 18.6934 18.5708 18.4140 18.2624 17.3784 16.9802 16.0278 16.1431 16.1991 13.8636 13.8847 13.9587 14.0212 14.0484 13.3306 13.3017 12.6110 12.1935 12.1398 12.1480 12.1367
9.67742 9.64038 9.64038 9.64038 9.69824 11.5041 12.5553 13.1013 13.4996 13.7385 14.5316 14.6259 14.7643 15.6349 19.0782 20.3644 20.4821 21.6361 22.4691 22.7390 23.0032 23.6703 25.7071 25.7080 26.0075 27.3664 27.2984 26.8685 26.8682 26.8456 26.8097 26.1852 25.5339 24.8604 24.4385 24.0740 23.7089 23.3482 22.1374 20.7267 20.5401 20.4526 20.3650 20.3019 19.1989 18.8901 18.4864 18.4479 18.5909 18.6823 18.3228 17.8623 17.0417 16.9661 17.0214 15.0415 14.3037 14.3316 14.3583 14.3646 13.8284 13.5170 12.9994 12.3754 12.1854 12.1750 12.1808
10.1737 9.90344 9.97427 10.0449 10.2441 12.8948 14.4867 14.5432 14.5998 14.5462 15.0064 15.1932 15.4084 16.3038 18.8520 21.5911 21.8759 22.6669 23.5727 23.5662 23.4551 23.3416 25.3141 25.4189 25.3088 26.4805 26.3533 25.7298 25.4437 25.2470 24.1454 22.9702 22.4276 22.6708 22.6664 22.6664 22.6664 22.6664 22.2794 20.5062 20.6731 20.8264 20.9772 21.1269 20.4783 19.7313 19.4380 19.0961 19.1816 19.1964 18.9435 18.1208 17.5168 17.1533 17.1484 15.9010 14.3458 14.3396 14.3402 14.3451 14.0998 13.5841 13.3258 12.6137 12.3467 12.3678 12.3823
11.5252 10.6501 10.6575 10.6643 10.6711 12.2458 14.9229 15.0837 15.2501 15.4116 15.9088 16.6216 16.6934 17.1838 18.4476 20.8969 20.7293 20.9432 22.0116 21.8201 21.7509 21.7093 23.2996 24.1476 24.1154 25.1637 25.5028 25.2212 24.9547 24.9547 24.4925 23.1303 22.3655 22.4618 22.4683 22.3707 22.2730 22.1789 22.0177 21.1026 21.0996 21.1205 21.1742 21.2346 20.9665 20.2172 20.1438 19.5178 19.6430 19.7884 19.8417 18.9081 18.6701 18.2149 18.4144 17.8834 14.4890 14.4917 14.4917 14.4917 14.4496 13.7105 13.6297 12.7944 12.3889 12.3889 12.3889
12.0796 10.9141 11.0948 11.2902 11.4992 12.2705 15.2590 15.2816 15.0514 14.8355 15.4258 16.9519 17.7491 18.8179 20.2791 20.1556 20.1082 20.2449 21.6767 21.8531 21.8924 21.9318 22.6791 23.8083 23.7827 24.4878 25.0829 24.9397 24.4135 24.3157 24.1809 22.5504 21.7140 21.5858 21.9212 21.9451 21.9680 22.0063 22.0700 21.4407 21.5372 21.8386 22.1431 22.5120 22.6835 21.5705 21.7370 21.2412 21.2224 21.2035 21.1281 20.1642 19.7639 18.8734 18.8734 18.8441 14.9364 14.4917 14.4917 14.4917 14.4917 13.9122 13.7101 13.1159 12.5066 12.5290 12.5725
13.5300 12.2867 11.9813 11.8445 11.7204 12.3853 15.6583 17.3338 18.1591 18.9856 19.9377 22.2069 22.4081 22.4880 23.1872 21.2104 20.5613 20.6383 21.7658 22.2386 22.2411 22.2537 22.4430 23.5571 23.5180 23.8988 24.7197 24.6577 24.1698 24.1137 24.0969 22.7097 21.3814 20.7462 20.9297 20.8419 20.6683 20.5865 20.4679 22.3549 23.7597 23.9454 24.0172 24.0172 23.9678 22.2236 21.9961 21.5393 21.2195 21.1997 21.1090 20.4204 19.8953 18.9904 18.8719 18.8987 16.2186 14.6962 14.7870 14.8777 14.9686 14.7240 14.3278 13.7679 12.8331 12.7091 12.7003
15.4811 15.4832 15.8114 16.7735 17.7189 18.0371 19.1518 20.4673 20.4673 20.4673 20.4673 21.7741 22.4275 22.4458 23.1008 22.0435 20.6495 20.7811 21.7381 22.6805 22.8095 22.9283 22.9525 23.0704 22.7821 22.6881 23.5200 23.2327 22.5948 22.0600 21.7958 21.1853 20.0029 19.6328 20.1988 20.7385 20.8612 20.8493 20.8256 21.8047 23.9008 23.9024 23.8812 23.8596 23.8381 22.5124 21.7739 21.5169 20.9940 21.0818 21.1270 20.8743 20.2909 19.7274 19.4499 19.5141 17.9454 15.1347 15.1347 15.1323 15.1039 14.9585 14.2141 13.9308 12.7509 12.4867 12.4595
20.3517 19.7329 18.0371 18.0371 18.0439 18.0664 18.5022 20.5157 20.5476 20.5665 20.5853 21.3543 22.6988 22.8486 23.3511 23.1684 20.8319 20.6263 20.8756 21.8965 21.6714 21.4413 21.2640 21.2012 21.0708 21.1394 22.5020 22.8551 22.8955 22.4436 22.5937 22.4844 20.8337 19.9220 20.0204 20.5931 20.5894 20.5891 20.5891 20.7539 23.6991 23.8884 24.3870 24.8919 25.3958 25.1348 24.3838 24.7376 21.6987 21.6016 21.5797 21.4305 20.5156 20.0222 19.2440 19.1300 18.5305 14.8110 14.6742 14.6104 14.5734 14.5588 13.8696 13.6597 12.5087 12.3326 12.3338
20.0909 20.3068 18.2809 18.2049 18.2209 18.2215 18.3181 20.2297 20.4229 20.3109 20.1957 20.2240 21.7529 21.6804 21.8172 22.2946 19.7560 19.3672 19.4907 21.0810 21.2764 21.4965 21.7282 21.9601 22.0153 22.1771 23.1172 23.5138 23.4937 22.5958 22.5337 22.5346 21.1895 20.0104 20.0145 21.0502 21.7785 22.3491 22.9352 23.5330 26.4617 27.3769 27.3258 27.3372 27.3487 27.1102 25.1756 25.1632 22.1747 20.9947 20.8656 20.6497 19.6472 19.1438 18.1308 18.1296 18.1270 14.7175 13.9863 13.9717 13.9590 13.9470 13.5312 13.0748 12.3166 12.3718 12.3023
18.1264 20.3517 18.7996 18.3047 18.3998 18.4959 18.5944 19.6571 19.8754 19.9675 20.0604 20.1541 21.8082 22.5568 22.6549 22.9271 21.4414 20.4534 20.8112 22.5550 23.1291 23.1982 23.2553 23.3204 23.2375 23.2338 23.4816 23.6402 23.7065 23.1554 22.8898 22.9716 23.5595 24.1761 24.2693 24.5246 24.9494 24.9561 24.9561 24.9561 26.5694 27.6156 27.0092 26.9158 26.8216 26.7270 24.7534 24.3157 22.5006 20.3427 20.3768 20.3613 19.7319 19.2616 18.1798 18.0638 18.0448 15.6630 13.7114 13.5744 13.4343 13.2593 12.9854 12.5242 12.0220 11.7231 11.7266
17.2305 22.9032 21.6145 20.0539 20.0892 20.1245 20.1598 20.8009 21.2551 21.5294 22.0388 22.5855 23.7935 24.9775 25.2163 25.2932 24.4459 22.1930 22.2281 23.2333 23.9670 23.9966 24.0645 24.1340 24.1342 24.0672 24.1354 24.1999 24.2154 23.8875 23.2354 23.2354 23.6931 24.9971 24.3433 24.3553 24.9275 24.9470 24.9378 24.9286 25.6729 27.5694 26.5085 26.5127 26.5232 26.5577 25.2627 24.3366 23.7266 20.4296 20.4354 20.2864 19.3332 17.9965 16.6876 15.7877 15.2124 14.2022 12.7171 12.6108 12.5485 12.5285 12.5263 12.0714 11.8999 11.1848 11.3999
