OMI_NO2_yc_0.0167deg/OMI_NO2_yc_0.0167deg/OMI_NO2_200711.asc
ncols      200
nrows      200
xllcorner       110.913
yllcorner       33.7933
cellsize     0.0166667
NODATA_Value      -999.000
[rows 58 to 86 of 165, columns 67 to 133 of 200]
36.7664 39.1977 39.3416 39.5236 39.1442 38.9981 39.9494 39.8225 39.5317 39.2451 40.3255 36.6930 35.8010 35.8018 37.1246 37.2707 36.9806 36.6902 37.0521 39.2405 38.7199 34.8823 34.8816 34.8306 34.6928 34.5538 5.00743 4.99678 5.44040 6.31023 6.35867 7.06822 7.67079 8.78648 9.09291 10.4551 10.9117 11.2977 11.9228 11.9515 12.0220 12.4805 14.3396 14.4018 16.1189 16.7594 16.7869 17.8836 20.9553 21.4623 21.4848 23.6116 25.1356 25.0490 24.9625 24.8758 24.7892 24.7506 25.0944 25.5017 25.0735 25.2562 25.4850 25.5261 25.3676 25.4194 25.4185
36.5177 39.3191 39.2729 38.9681 38.4407 37.8731 38.3103 38.6142 38.5884 38.5516 39.2362 37.2856 34.6647 34.3488 35.3439 36.5092 36.5092 36.5092 36.5102 38.8863 38.9879 35.2338 34.3146 34.2266 34.2255 34.2255 4.95298 4.99131 5.10590 6.96654 7.47568 7.96829 8.58370 9.18159 9.49548 10.2911 11.1340 11.3521 12.2635 12.3308 12.3522 12.3833 14.3772 14.6260 15.5266 17.0821 17.1174 17.5153 20.4599 21.6198 21.6198 22.6139 24.7496 24.7506 24.7506 24.7770 24.9749 25.2036 25.5843 26.0738 25.4379 25.0940 24.9572 25.5917 26.2248 27.2263 28.0878
36.9938 37.7414 37.7278 37.7499 37.7561 37.4311 37.7111 38.1565 37.9442 37.7341 38.0315 38.1338 34.2800 34.2780 34.5336 36.2859 36.2068 36.0987 36.0071 37.7446 38.6667 36.3725 34.2255 34.2255 34.2532 34.7099 5.16114 5.18592 5.18592 6.79044 7.72559 7.85067 8.72632 9.25449 9.93870 10.2512 11.4558 11.4573 12.3408 12.4458 12.4866 12.5274 13.9894 14.7693 14.8905 17.0192 17.1200 17.1269 19.7258 21.4407 21.6427 21.8927 24.8760 25.2393 25.4919 25.7183 25.7731 25.7971 26.3015 26.7593 27.5672 28.3787 29.3165 29.5944 28.7120 28.3942 28.0655
37.1931 37.6919 37.5437 37.3038 37.1490 36.7012 36.7897 37.6889 37.5923 37.4387 37.1609 38.3283 33.3254 33.7445 33.8153 35.5584 36.0691 36.0921 36.1151 37.2081 38.9022 38.4427 35.6982 36.4358 37.1940 37.4197 5.33345 5.38517 5.48273 6.36423 8.02587 8.05097 8.68743 9.07536 9.99675 10.0341 11.4374 11.6546 12.2915 12.5718 12.5712 12.5932 13.4814 14.8048 14.8223 16.3257 17.2166 17.2358 18.9750 21.5344 22.3760 22.5988 25.0259 26.1112 27.2469 28.2790 29.2167 30.1162 30.5712 29.9597 29.4932 29.0310 29.0111 29.0155 27.3460 25.7695 25.3712
36.3691 37.0222 36.6363 35.2546 35.2239 34.9323 34.5583 35.5633 35.4837 35.3834 35.4036 36.4525 33.7388 33.6726 34.1491 35.1589 36.4421 36.9029 37.4578 38.5489 41.8310 41.4289 37.7262 37.4914 37.1472 36.7582 6.18307 6.07851 6.11757 6.23297 8.35340 8.51475 8.94551 9.45841 10.4680 10.6800 11.6700 12.3262 12.6432 13.0166 13.0880 13.1369 13.3687 14.9025 14.9313 15.6823 17.6769 17.8599 18.8607 22.9411 25.9667 27.4672 29.2443 30.2976 30.2110 30.1811 30.2070 30.2258 30.2446 29.9659 29.5114 28.9053 28.7127 28.5363 27.5600 25.1959 25.1865
35.8527 36.8421 36.5900 34.3350 34.1553 34.1427 34.1004 35.0865 35.4827 35.4848 35.4865 35.8588 35.2389 33.2727 33.9993 34.3454 37.5048 37.2124 36.7894 36.1624 38.4523 38.4702 36.8840 35.7783 35.7586 35.7628 6.47057 6.55432 6.68727 6.86301 8.47414 9.27610 9.49096 10.1487 10.7644 11.0915 11.5658 12.5932 12.7187 13.1539 13.1649 13.2699 13.6955 15.8022 17.1465 18.5230 22.6483 24.3949 25.6946 27.7398 30.1447 30.7878 30.6827 30.5036 30.5229 30.5350 30.5173 30.2865 30.0070 29.6440 28.8906 28.5082 28.3960 28.3631 28.2780 25.1592 24.8654
35.4052 36.1877 36.2479 34.5536 34.1427 34.1949 34.1705 34.7157 35.1339 34.8594 34.5909 34.3237 34.8538 30.8146 31.9008 31.8088 34.5578 34.7727 34.3903 34.2782 36.3200 37.4875 36.6991 35.1704 35.1337 35.0974 6.65168 7.43601 7.50524 7.51702 8.21389 9.52944 9.53617 10.1478 10.6252 11.2850 11.6747 13.7563 14.3858 15.7064 17.1056 18.4131 19.4288 21.4810 22.5543 22.5972 24.5555 26.1369 26.1957 27.3492 29.0600 30.5907 30.5471 30.0502 29.7777 29.5180 29.2867 29.2355 29.2355 29.2352 28.6736 28.3561 28.1581 28.1284 28.0986 25.8741 24.5692
34.6634 35.1851 35.1365 33.7732 32.7323 32.8305 32.5014 32.1972 33.2719 33.2699 33.1927 33.1003 34.0025 30.0723 30.7298 30.5953 31.6661 32.7120 32.5613 33.7150 34.9585 36.9884 36.8065 34.6627 34.6448 34.6528 6.79534 7.48053 7.61610 7.79402 8.07597 9.92010 10.1194 11.2552 12.7473 14.4586 15.4824 18.1709 19.7117 20.7788 20.9897 21.0431 21.1589 22.2455 23.9095 24.2845 24.9176 26.6358 26.6379 27.2780 28.9450 30.0138 29.7706 29.3503 29.0789 29.0492 29.0194 28.9896 28.9598 28.9301 28.5096 28.0901 27.7590 27.5951 27.4294 26.1217 23.8966
29.2807 29.2995 29.2995 29.3286 30.4074 32.0035 32.5962 39.1442 39.4258 39.4168 40.4728 42.2338 42.3560 42.3673 42.3673 42.3673 42.1362 41.5131 41.5110 41.6010 41.7285 41.8167 41.7755 37.8130 36.1912 35.9124 38.7442 39.0431 39.0424 39.6028 40.1212 40.2537 39.2057 39.6416 38.9676 38.0603 37.4473 37.4137 37.1225 34.9308 34.7642 34.7303 34.6926 34.6537 34.6294 31.1669 28.7317 28.4147 28.4147 28.3198 27.8460 19.6915 19.6435 18.1025 17.1864 17.0418 16.9042 16.7736 16.6938 16.9832 17.2761 17.5275 17.6010 18.0028 17.8237 17.8107 18.7088
30.6907 32.0555 33.4145 34.7982 36.0572 37.1696 37.3489 39.7586 40.6669 40.3336 40.4646 42.3673 42.3673 42.3673 42.3652 42.4271 42.4972 41.7087 41.5893 41.3122 41.0651 40.8547 40.7974 38.2602 35.2274 35.1805 37.1971 38.5007 38.4612 41.0244 42.0294 41.9586 40.4389 40.3606 39.6394 38.3610 37.1954 37.1955 37.1920 35.0876 34.5917 34.5880 34.5845 34.5810 34.5774 32.3380 28.7117 27.3392 26.8702 26.4974 26.3645 18.1616 18.2195 17.4446 16.5179 16.4716 16.4707 16.4404 16.3967 16.5726 17.0823 17.7168 18.3693 19.4364 19.9713 19.7149 19.8392
36.8808 37.3353 37.3114 37.2875 37.2635 37.2608 37.3027 38.8378 40.2303 39.9499 39.6171 41.4741 41.7383 41.6604 41.4917 41.2729 40.9889 40.0611 39.7157 39.3247 39.2411 39.1610 39.0808 38.1434 33.4444 33.3642 34.2755 36.8870 36.8205 38.4527 40.5198 40.5218 40.3455 40.2823 39.9071 38.6689 37.1125 37.1138 37.1152 35.6664 34.4351 34.2275 33.8908 33.5444 33.1985 31.9460 27.7378 26.1128 26.1146 26.1164 26.1182 17.6083 17.6757 17.3862 16.5209 16.3056 16.2910 16.3963 16.9534 17.5831 18.9478 19.6248 19.8761 20.2569 20.4254 20.2101 20.1717
37.0932 38.1941 38.3008 38.3676 38.4355 38.4811 38.7938 40.0046 41.3346 42.3265 43.2259 45.7608 47.5335 46.7613 39.6677 39.6375 39.6072 39.0812 38.5503 38.2473 38.1548 38.1246 38.0944 38.0636 33.3333 32.5277 32.6270 35.7987 36.2569 36.8251 40.0788 40.0561 39.9048 39.8252 39.8646 38.6845 37.6701 37.6368 37.5229 36.4143 33.6666 32.9395 32.9292 32.9292 32.9292 32.8712 28.3858 26.4385 25.9709 25.8710 25.7715 17.1873 17.2216 17.4404 16.9221 16.5447 16.5476 18.2825 18.5493 18.5493 19.2168 19.6425 20.0959 20.3491 20.6323 20.5054 20.3263
39.6120 42.3634 43.6783 44.8656 46.0388 47.1641 48.0689 48.2153 48.3538 48.4989 48.5975 48.3188 47.9289 47.8593 39.8172 39.0188 39.0188 38.7797 38.0223 37.8297 37.6873 37.6873 37.6873 37.6873 34.6185 32.2112 32.2145 34.5163 36.2973 36.4349 39.9256 40.5203 40.5627 40.4007 40.1680 38.8774 37.4405 36.8278 36.7412 36.2619 33.6428 32.5272 32.4522 32.3776 32.3028 32.2281 28.9223 26.1919 25.0916 25.0916 25.0916 17.0678 17.1873 17.4261 17.0747 16.5799 16.5774 17.6504 18.5700 18.5657 18.9615 19.3658 19.8706 20.0110 20.2935 20.4326 23.7545
46.1743 48.2194 48.4878 48.5416 48.5248 48.5248 48.5248 48.5248 48.5060 48.6286 48.6286 48.4726 47.9289 47.9289 42.4473 39.0188 39.0188 38.9950 38.0637 37.9098 37.6661 37.2344 36.6467 36.0590 34.7014 32.9972 33.0793 33.7301 36.4617 36.2316 38.2021 39.2956 38.8593 38.2809 38.1019 37.6494 36.7331 36.1266 36.1266 36.1094 33.8177 32.1441 32.1368 32.1368 32.1368 32.1368 30.2762 26.8277 25.0916 25.0916 25.0916 16.0338 15.9641 15.9144 15.9293 16.2828 16.4050 16.7148 18.3531 18.3164 18.5687 19.3672 19.8614 20.1481 20.3609 20.3574 22.9036
45.3422 47.9024 48.4616 48.5248 48.5248 48.5248 48.5248 48.5248 48.4503 48.6286 48.6286 48.6082 47.9470 47.9289 44.9178 38.5658 37.9306 37.1144 35.5813 34.4757 33.3874 33.0107 32.7912 32.5715 32.3307 31.2376 31.0843 31.2833 33.7481 33.9486 35.3363 38.0884 38.0884 37.8721 37.8426 37.7088 36.9890 36.1266 36.1266 36.1346 34.5773 32.6076 32.3436 32.4129 32.4727 32.3870 31.6125 26.4751 25.2861 25.0934 25.1134 15.4901 15.4268 15.3787 15.5689 15.6361 15.9502 15.9625 17.8412 18.4453 18.4556 19.3995 19.7434 20.0479 20.2222 20.2952 21.5492
44.7892 47.3236 48.3810 48.5248 48.5248 48.5248 48.5248 48.4155 48.0837 47.7004 46.9949 46.2805 45.0172 44.1513 42.6560 33.4459 33.1983 33.1807 32.7794 32.3193 32.0321 31.9881 32.0286 32.0782 32.1281 31.5289 31.2215 31.2215 32.7919 33.9305 34.1795 38.0165 38.1354 38.0408 37.9789 37.9488 37.3661 36.2293 36.2099 36.1885 35.5026 33.9474 32.9256 32.7882 32.6594 32.6884 32.7728 27.5883 26.1097 25.5682 25.5748 14.4229 14.1733 13.8451 14.7694 15.6013 16.1423 16.1846 17.2020 18.6828 18.7910 19.5288 19.8618 19.8434 19.9372 20.0539 20.1495
44.6136 46.9369 47.2739 47.0900 46.5772 46.0535 45.5295 45.1157 44.7585 43.8777 43.6245 43.6245 43.2302 42.9249 42.9249 35.2680 33.1807 33.1823 33.0398 32.3766 32.1068 31.9079 31.8071 31.6971 31.7680 32.2016 32.4636 33.2711 34.4863 36.7567 37.3786 37.6592 37.5195 37.3263 37.1579 37.1464 36.5959 35.2520 34.8625 34.6453 34.5925 34.5073 32.9706 32.9513 32.9321 32.9126 32.8931 29.3667 26.1655 24.6700 23.9900 13.0703 13.2903 13.3742 13.8601 15.4171 16.1178 16.2042 16.3488 18.5979 18.6993 19.1010 19.5512 19.4586 19.3143 19.2172 18.9224
43.9584 45.9198 44.6561 44.6448 44.7267 44.7248 44.6596 44.5654 44.4673 43.7798 43.1796 43.0845 42.7410 42.1564 42.0563 37.0996 31.9723 32.3686 33.1744 33.2153 33.8488 34.4047 35.2002 35.9629 36.5594 36.5161 35.7439 35.7055 35.7299 37.0376 37.4325 37.0759 36.5690 36.3146 36.0182 35.8088 35.4885 34.4547 33.9974 33.9938 34.0045 34.3579 32.5699 32.1978 31.8842 31.4329 30.9876 28.6468 23.2904 21.7608 21.4613 12.9429 13.1317 13.4279 13.5188 15.3782 16.1471 16.4882 16.5670 18.2563 19.1058 18.9324 18.6815 18.4992 18.4219 18.6711 18.7061
43.0838 44.7541 43.8984 43.6406 43.7193 43.6370 43.6176 43.6277 43.6381 42.6708 41.1866 40.5696 39.8806 38.6868 38.0813 37.0768 36.9738 37.3425 37.3419 36.8317 36.5428 36.1936 36.1919 36.1903 36.1886 36.1870 35.5708 35.8497 36.4332 36.1845 36.4255 36.1851 35.7567 35.7537 35.6881 35.6847 35.4929 34.5149 33.8332 33.5876 33.2826 33.0180 31.5693 30.7326 30.6008 30.6058 30.6058 30.2823 23.9408 23.0391 22.1592 13.6601 13.8088 14.0585 14.0588 15.2960 16.5768 17.0079 17.0079 17.5254 18.6844 18.6715 18.6054 18.5944 18.6604 18.9799 19.2037
42.4883 43.9751 43.5499 42.4977 42.0211 41.3658 40.7039 40.0691 39.4341 38.1234 36.6311 36.4031 36.3483 36.4849 36.5220 36.5371 37.2628 37.3013 37.3003 36.9829 36.5615 36.1961 36.2857 36.8332 37.3821 37.8979 38.0161 37.7714 37.7714 36.5845 36.0889 35.9016 35.1536 34.8477 34.5320 34.2549 33.9891 33.1743 32.4579 32.2626 32.1183 32.1396 31.5931 30.4726 30.4312 30.3896 30.3483 30.3067 25.2220 23.0917 21.5673 13.6163 13.8021 14.0212 14.0588 14.4478 16.3830 17.0010 17.1583 17.3528 18.9508 19.2907 19.4076 19.5356 19.6315 19.6418 19.5832
39.2089 40.2090 38.7389 37.8938 38.0585 38.1832 38.2110 38.2116 38.2116 37.8148 36.4940 36.0850 36.0850 36.3805 36.5160 36.5160 37.0590 37.3003 37.5940 38.0095 37.9511 38.2027 38.4587 38.4871 38.4044 38.2431 37.9098 36.8290 36.5666 36.0090 34.1379 34.5812 34.1284 33.7022 33.4156 33.1408 32.9510 32.5674 31.8261 31.7675 31.7403 31.7587 31.7005 30.1915 30.1670 30.1670 30.1670 30.1670 27.0554 23.2845 21.8658 13.5144 13.9495 14.2846 14.7047 14.9168 16.6335 17.9357 18.2362 18.2362 19.0599 19.7632 19.7231 19.6287 19.5838 19.5169 19.3952
37.9424 40.2829 39.0771 38.0985 38.0870 38.2116 38.2116 38.2116 38.2116 38.1054 36.7335 36.0850 36.0850 36.3325 37.0345 37.5810 38.3906 39.2753 39.4029 39.2382 38.4785 38.0576 37.6407 37.4261 37.2947 37.2430 37.1875 35.9240 35.7187 35.6469 33.6833 33.5077 33.1669 32.8277 32.8033 32.7600 32.7600 32.5725 31.8836 31.7388 31.7388 31.7435 31.8108 30.2392 29.0547 28.2341 27.3805 26.4752 24.7197 22.7128 21.9881 13.4743 14.1022 14.3894 15.2259 15.1942 16.0499 17.5893 18.1025 18.0529 18.2419 19.5056 19.4780 19.4008 19.3992 19.3971 19.2822
36.7862 40.4522 39.2952 38.3419 38.0578 38.1849 38.2116 38.2116 38.2116 38.3231 37.7664 37.4227 37.6946 38.0153 38.1621 37.9355 37.8011 38.1704 38.0286 37.9650 37.5501 37.2867 36.9998 36.9998 36.9970 36.9782 36.9569 36.1190 35.5543 35.5530 34.3475 33.2926 33.2684 32.5999 32.3839 31.9988 31.2108 30.3537 29.9051 28.8635 28.0669 27.2416 25.8789 24.1927 22.8644 22.5549 22.2445 21.9537 21.8872 21.8872 21.8343 13.1596 13.6982 13.7070 14.8924 14.9640 15.2382 16.9659 17.9388 17.9778 18.0178 19.3004 19.6915 19.6783 19.7071 19.7560 19.7134
36.2602 39.8430 39.5164 38.4739 37.8425 37.8415 37.6517 37.0708 36.4860 36.3488 37.0047 36.5957 36.8497 36.8655 37.2207 37.2268 37.2268 37.7992 37.6754 37.4291 36.9673 36.3843 35.8170 35.5531 35.3043 35.0489 34.7987 34.1659 32.8408 32.2686 31.4481 28.9461 28.6836 26.3886 25.1070 24.4072 24.3133 24.2683 25.6379 25.1479 24.8828 24.6165 24.1562 23.4681 21.8872 21.8872 21.8872 21.8874 21.8898 21.8930 21.8960 13.1540 13.7046 13.8793 14.9469 15.4076 15.5795 16.8827 18.4857 18.6425 18.6425 19.3432 20.3098 20.2671 20.1712 20.0727 19.9069
35.5626 37.5452 38.2031 36.5801 35.2222 34.7277 34.5499 34.5476 34.5476 34.5476 36.1890 36.1148 36.7186 36.6484 36.8825 36.8851 36.8147 36.9643 34.1061 33.9714 33.7773 32.9867 32.5543 32.1714 31.8090 31.4722 31.1364 30.7531 29.5029 29.4649 29.4661 27.6682 27.5196 25.8491 24.2096 23.9478 23.7064 23.4765 24.2831 24.2414 24.2441 24.2468 24.1285 23.8863 22.1968 21.9754 21.8089 21.4825 21.0675 20.6279 20.1618 13.1540 13.5735 13.9736 14.6305 15.5011 15.5639 16.2475 18.2497 18.7152 18.7377 18.8613 20.3656 20.0512 18.7597 18.2676 17.7515
32.2352 33.4536 36.1901 34.7575 33.6654 33.4851 33.4912 33.4222 33.3137 33.2057 34.3384 35.0164 35.8875 35.7451 35.3517 34.8577 34.1807 34.0103 32.4520 31.5335 31.2420 30.7662 30.7020 30.6966 30.6966 30.6964 30.6816 30.6590 29.7698 29.3888 29.1868 27.8802 26.6952 25.7211 23.0463 23.0044 22.9652 22.9398 23.5951 23.8874 23.5779 23.2970 22.9392 21.9866 20.0338 18.1241 17.6897 17.5075 17.4142 17.3202 17.2248 13.3861 13.6219 14.2329 14.4345 15.7631 15.8028 15.3934 17.1874 18.2177 18.1739 18.1301 18.3756 18.1758 17.2124 17.1416 17.1399
30.6614 30.8084 35.0833 33.9307 33.1256 32.8302 32.6242 31.9943 31.2350 30.4304 30.1503 31.6488 31.6072 31.4272 31.3071 30.9373 30.9083 31.0219 31.9429 30.7706 30.7479 30.4154 30.2034 30.1729 30.1503 30.0735 29.8440 29.6106 28.8683 27.9428 27.8889 27.6563 25.7500 25.8932 22.5319 22.1877 21.9675 21.7668 21.8446 22.1057 21.5781 21.4712 21.3645 20.3931 19.4036 16.8543 16.8274 16.8006 16.7736 16.7468 16.7198 13.7592 13.7609 14.3355 14.3770 15.5512 15.8037 15.2521 16.0097 18.0328 18.0902 17.9601 17.8200 17.7674 16.9346 16.4561 16.3182
31.5845 31.6325 33.4824 31.4237 29.7274 28.0706 27.4381 27.6054 27.5882 27.5730 27.5730 30.2817 31.1896 31.8488 31.6706 30.6369 30.6369 30.6369 31.8540 30.6273 30.6270 30.3180 29.7693 29.5261 29.2924 29.1135 29.1019 29.1468 29.1393 27.4821 27.3007 27.1224 25.1875 24.9326 22.4297 21.3064 21.1740 21.0658 20.9889 22.1563 22.1980 21.3203 21.1461 20.4641 19.9370 16.7390 16.5958 16.5958 16.5958 16.5958 16.5958 13.7687 13.8541 14.3632 14.5966 15.5219 16.2273 15.9605 15.8448 17.3542 17.2137 17.1862 17.2062 17.3790 17.3113 16.9545 17.0412
31.8222 31.8150 31.7681 29.4228 28.3533 27.2709 27.2692 27.4695 27.5730 27.5730 27.5730 29.1600 30.8746 31.8422 31.8450 30.7290 30.6115 30.3633 31.2749 29.9613 29.7147 29.5998 29.3160 29.4715 29.6279 29.7684 29.9071 30.0011 29.9815 27.2182 26.6279 26.6160 25.6492 24.7904 23.6755 22.0978 22.4957 22.8992 23.2857 24.4719 24.4892 22.2752 21.1093 20.6938 20.0455 17.7494 16.5958 16.5958 16.5958 16.5958 16.5941 15.4798 15.6468 15.7621 15.8219 16.0486 16.7719 16.6113 16.0281 17.1571 18.0406 18.5002 18.5811 18.6561 18.3319 17.3993 17.4179
