OMI_NO2_yc_0.0167deg/OMI_NO2_yc_0.0167deg/OMI_NO2_200706.asc
ncols      200
nrows      200
xllcorner       110.913
yllcorner       33.7933
cellsize     0.0166667
NODATA_Value      -999.000
[rows 145 to 173 of 200, columns 67 to 133 of 200]
14.2618 14.2240 14.2374 14.2393 14.2413 14.2433 14.2453 14.2473 14.3971 14.4816 14.7366 14.7205 14.7029 14.5975 14.7467 16.0628 16.8625 17.9867 17.9935 18.8586 20.1606 20.1606 20.1606 20.1606 20.7742 21.5737 21.5737 21.5737 21.5737 21.5737 21.5737 21.5737 21.5737 21.4193 20.4110 20.5189 20.7734 20.7734 20.7723 20.4215 18.6706 18.5013 18.4969 18.4925 18.4880 18.4835 18.4737 18.3327 18.1354 17.9381 17.7407 17.5904 17.6745 17.8581 18.0223 17.9885 16.5781 15.3695 14.7449 13.1352 12.0676 11.9850 11.6977 11.6061 11.5079 11.4027 11.3059
14.4448 14.2491 14.2469 14.1500 14.0037 13.8574 13.7113 13.5650 13.9318 14.1904 14.4539 14.3377 14.1969 14.0476 14.0739 16.3907 16.7024 17.9122 17.9034 18.2426 20.0432 20.0296 20.0159 20.0023 20.1896 21.3881 21.3745 21.3608 21.3472 21.3336 21.3200 21.3063 21.2927 21.2630 20.4242 20.2831 20.6264 20.6381 20.6348 20.6198 18.7500 18.3772 18.3209 18.1335 17.9406 17.7476 17.5600 17.5240 17.6700 17.8295 17.9812 18.1046 18.1474 18.1592 18.1703 18.1752 16.8821 14.1364 14.1103 12.5609 11.3763 11.2274 11.2088 11.2088 11.2088 11.2088 11.2088
13.7284 13.3102 13.1417 13.0679 13.0260 12.9101 12.7862 12.6623 12.6288 13.6494 13.9019 13.8904 13.8845 13.7344 13.7204 15.2658 16.2982 17.4148 17.6444 17.6532 19.6423 19.8114 19.8114 19.8114 19.8114 21.0126 21.2245 21.2245 21.2245 21.2245 21.2245 21.2245 21.2245 21.2245 20.6245 20.2553 20.5088 20.6266 20.4826 20.2896 18.6904 17.6934 17.5100 17.5332 17.6896 17.8538 18.0029 18.1288 18.1573 18.1644 18.1666 18.1688 18.1789 18.1809 18.1809 18.1809 17.7475 14.4547 14.1364 13.1971 11.5961 11.2548 11.2088 11.2088 11.2088 11.2088 11.2088
13.0412 12.7394 12.6399 12.5404 12.4585 12.4504 12.4504 12.4504 12.4504 13.4505 13.8858 13.8860 13.8860 13.7829 13.7204 14.4035 16.2982 17.0723 17.6444 17.6444 19.1385 19.8114 19.8114 19.8114 19.8114 20.6000 21.2245 21.2245 21.2245 21.2245 21.2245 21.2245 21.2245 21.1385 20.4359 19.5013 19.3689 19.3747 18.8954 18.4658 17.1443 16.9241 18.0231 18.1555 18.1776 18.1802 18.1809 18.1809 18.1809 18.1809 18.1819 18.2337 18.3154 18.3991 18.4849 18.5729 18.4698 15.7194 14.3929 14.0336 11.8561 11.2342 11.2088 11.2088 11.2088 11.2088 11.2088
12.5360 12.4737 12.4504 12.4504 12.4504 12.4453 12.3580 12.2423 12.1263 12.7610 13.8840 13.8860 13.8860 13.8285 13.7204 13.7565 16.0786 16.7298 17.6444 17.6444 18.6262 19.8114 19.8114 19.8114 19.8114 20.1364 21.0371 20.8992 20.7595 20.4207 19.7681 18.8605 17.9502 17.1264 16.4187 15.9976 15.7327 16.8859 16.9901 17.0243 16.6412 16.8059 18.8992 18.9982 19.1002 19.2049 19.3131 19.4238 19.5378 19.6552 19.7745 19.8181 19.8181 19.8181 19.8181 19.8181 19.8083 17.5974 14.7626 14.7479 12.4800 11.2088 11.2088 11.1626 10.8607 10.5191 10.1778
12.4566 12.5301 12.3862 12.2703 12.1545 12.0438 12.0152 12.0152 12.0152 12.2516 13.9964 13.8860 13.8860 13.8697 13.7206 13.7115 15.2048 16.3055 17.1872 17.0515 17.3622 18.7411 18.4529 18.1657 17.7615 17.1116 17.1172 16.1949 15.2751 14.5545 14.1476 14.0239 14.3024 14.6774 14.9669 15.1652 14.6398 15.1782 15.5104 15.5104 15.5475 16.7985 19.6422 19.8181 19.8181 19.8181 19.8181 19.8181 19.8181 19.8181 19.8181 19.8181 19.8181 19.8181 19.8181 19.8181 19.8181 19.0085 14.8225 14.5876 13.0807 10.2927 9.95026 9.65486 9.61551 9.61551 9.61551
12.0682 12.1062 12.0152 12.0152 12.0152 12.0151 11.9972 11.9499 11.8959 11.8416 13.5966 13.5577 13.4777 13.3821 13.1247 13.0318 13.6617 15.5401 15.7264 15.6128 15.3244 15.2074 14.7256 14.2273 13.8471 13.7966 13.5773 13.4845 13.8707 14.4066 14.8941 15.3180 15.4180 15.4180 15.4161 15.2108 14.9241 14.8387 15.5104 15.5104 15.5104 16.4498 18.8214 19.8181 19.8181 19.8181 19.8181 19.8181 19.8181 19.8181 19.8181 19.8181 19.8181 19.8181 19.6770 19.1778 18.6612 18.1120 14.5603 13.0086 12.1088 9.75104 9.61551 9.61551 9.61551 9.62256 9.65872
11.3017 11.3613 11.6144 11.5604 11.5049 11.4060 11.2997 11.2201 11.1445 11.0655 12.3561 13.2053 12.7853 12.6345 12.4833 12.3339 12.2449 13.8831 13.8070 13.6250 13.4001 13.6943 13.7966 13.7973 14.1082 14.6360 15.0051 15.2748 15.4180 15.4180 15.4180 15.4180 15.4180 15.4180 15.4180 15.2323 15.2037 14.5395 15.4751 15.5104 15.5104 16.1384 17.9403 19.8181 19.8181 19.8181 19.8181 19.8049 19.7680 19.7135 19.3022 18.7480 18.1943 17.6409 17.1850 16.8860 16.5428 16.1478 13.4301 10.4860 10.4758 9.84423 9.65118 9.68470 9.71817 9.74463 9.74201
10.8149 10.6770 11.0145 10.9723 10.8872 10.8582 10.8470 10.8225 10.7981 10.7736 11.1872 12.9174 12.0056 12.0499 12.0941 12.1377 12.1527 12.6642 13.1347 13.3939 13.6213 14.3414 14.9899 15.4141 15.5835 15.5625 15.5144 15.2537 15.2316 15.2107 15.1898 15.1687 15.1477 15.1268 15.1058 14.8579 14.6952 14.0514 14.5297 14.8228 14.7933 15.0595 16.1032 18.7966 18.7731 18.5799 18.0390 17.4978 16.9812 16.4822 16.2865 15.9914 15.4768 14.3953 13.2142 12.4297 11.6961 10.9644 10.3372 9.80464 9.80464 9.72698 9.64823 9.64823 9.64823 9.64823 9.64823
10.4486 10.4275 10.6600 10.8381 10.8224 10.8070 10.8025 10.8196 10.8633 10.9091 10.9814 12.8982 11.7067 11.6633 11.6382 11.6130 11.7976 12.6135 13.7693 14.5482 14.8143 14.9080 15.1502 15.1502 15.1502 15.1502 15.1502 14.9343 14.8821 14.8821 14.8821 14.8821 14.8821 14.8821 14.8821 14.7182 14.3693 14.0488 13.9327 14.5955 14.5776 14.3369 14.7007 16.6348 16.7133 16.3497 15.9497 15.0454 13.9809 12.7476 11.4520 10.6543 10.0953 10.0595 10.0595 10.0595 10.0595 10.0595 10.1461 9.85965 9.80464 9.75968 9.64823 9.64823 9.64823 9.64823 9.64823
10.4721 10.4717 10.6086 10.9228 10.9595 10.9964 11.0333 11.0621 11.0640 11.0640 11.0640 12.3813 12.1233 12.2726 12.8717 13.4171 13.7686 13.7888 14.4396 14.7513 14.8160 14.8337 15.1459 15.1502 15.1502 15.1502 15.1502 15.0126 14.8821 14.8821 14.8821 14.8821 14.8821 14.8821 14.8821 14.8338 14.3589 14.3221 13.6354 13.2318 12.6162 12.2777 12.2776 12.6133 12.4493 11.1052 10.1361 10.0595 10.0595 10.0595 10.0595 10.0595 10.0595 10.0595 10.0595 10.0595 10.0595 10.0595 10.0673 9.99844 9.80464 9.79181 9.64837 9.70086 9.72307 9.73019 9.73703
10.5328 10.5697 10.6443 11.0639 11.0640 11.0640 11.0640 11.0640 11.0231 10.6180 10.1259 10.3919 12.2839 13.7803 13.7803 13.7803 13.7803 13.7803 14.2065 14.6719 14.8160 14.8160 15.0849 15.1502 15.1502 15.1502 15.1502 15.0909 14.8821 14.8868 14.9000 14.9138 14.9300 14.9080 14.7252 14.5190 13.7549 13.4234 12.5364 11.0179 10.1158 9.44806 8.53714 8.66459 10.0595 10.0595 10.0595 10.0595 10.0595 10.0595 10.0595 10.0595 10.0595 10.0595 10.0595 10.0595 10.0595 10.0595 10.0595 10.0662 9.80464 9.80464 9.66832 9.73681 9.78422 9.78422 9.83645
10.6385 10.6282 10.5907 11.0400 11.0570 10.7349 10.2432 9.75127 9.30043 9.21404 9.21404 9.42519 11.4339 13.7062 13.7803 13.7803 13.7803 13.7803 13.9651 14.6001 14.8313 14.8439 15.0584 15.2304 15.2510 15.2891 15.3728 15.4334 14.9648 14.7376 14.5488 14.3541 14.1514 13.9910 13.9649 13.5012 12.4173 11.5525 10.6585 9.17561 8.25394 8.25394 8.25394 8.27561 9.92854 10.0595 10.0595 10.0595 10.0595 10.0595 10.0595 10.0595 10.0595 10.0595 10.0595 10.0595 10.0595 10.0595 10.0595 10.1179 9.81280 9.81140 10.0674 10.5321 10.8962 11.3145 11.6809
10.7258 10.4151 9.92149 9.71060 9.38368 9.21404 9.21404 9.21404 9.21404 9.21441 9.24005 9.27928 11.0146 13.0781 13.8949 13.9102 13.9258 13.9412 13.9652 14.6215 14.6910 14.6311 14.9901 16.1554 16.1452 16.1070 16.0029 15.9302 14.9282 14.3611 14.3282 13.8230 13.1640 12.5039 11.9105 11.8097 11.4429 10.9925 10.9419 9.65866 8.28919 8.25394 8.25394 8.25394 9.43052 10.0595 10.0595 10.0595 10.0595 10.0595 10.0595 10.0595 10.0595 10.0595 10.0595 10.0595 10.0595 10.0945 10.2192 10.3603 11.6753 12.2051 12.3318 12.1614 11.7331 11.7331 11.7331
9.50021 8.88047 8.84562 9.04915 9.21972 9.23533 9.25067 9.26628 9.28165 9.29678 9.28670 9.26419 10.4194 12.1449 13.8264 13.7986 13.7246 13.6504 13.5734 13.9066 14.1032 14.0295 14.1842 15.9266 15.9286 15.9286 15.9173 15.4777 14.2729 12.5909 11.9643 11.8097 11.8097 11.8097 11.8097 11.8097 11.6167 10.9925 10.9925 10.2081 8.67188 8.25394 8.25394 8.25394 8.91053 10.0595 10.0595 10.0595 10.0595 10.0595 10.0595 10.0595 10.0639 10.1580 10.2871 10.4164 10.5595 10.6801 10.7114 10.7377 12.0329 12.5487 12.4747 12.0594 11.6032 11.5440 11.5199
9.40031 8.64740 8.64740 9.05743 9.26016 9.26016 9.26016 9.26016 9.26016 9.24506 9.19524 9.14397 9.67969 11.0871 13.2646 13.3023 13.2250 13.1482 13.0738 13.3193 14.0763 14.0338 14.0332 15.2598 14.9047 14.2451 13.5968 13.3548 13.1831 11.6848 11.6015 11.5394 11.4773 11.4151 11.3532 11.2911 11.1966 11.2198 11.2617 10.9691 9.55333 8.69210 8.71841 8.74463 8.92291 10.5888 10.6295 10.6556 10.7221 10.8749 11.0303 11.1859 11.3371 11.3990 11.4253 11.4357 11.2589 11.0232 10.7872 10.5512 11.1908 13.1327 13.0405 11.4652 11.2172 11.1343 11.1343
8.64410 8.63731 8.64740 8.83909 9.15352 9.04083 8.93456 8.82787 8.72196 8.63046 8.55392 8.42563 8.49780 10.0278 11.5843 12.4882 12.4469 12.4055 12.3641 12.1477 12.5339 11.7821 11.2055 11.5574 11.9729 11.9106 11.8485 11.8086 11.8083 10.6076 10.2409 10.2409 10.2409 10.2409 10.2409 10.2409 10.2409 11.3484 11.6071 11.5831 10.4925 9.10207 9.07339 9.07965 9.17828 10.7302 11.2424 11.3716 11.4610 11.3869 11.1550 10.9193 10.6831 10.4474 10.2112 9.99127 9.94415 9.94415 9.94415 9.94415 10.0632 12.9700 13.1235 11.7317 11.2846 11.1343 11.1343
7.14994 6.84968 6.56317 6.43702 7.71434 7.77117 7.73582 7.65918 7.58248 7.50577 7.44900 7.44601 7.49411 9.02130 10.1700 11.8692 11.4389 10.9995 10.5596 10.3064 10.9049 10.7587 10.7376 11.0991 11.8083 11.8083 11.8083 11.8083 11.8083 11.0632 10.2409 10.2409 10.2409 10.2409 10.2409 10.2409 10.2409 11.0577 11.6071 11.5946 10.9368 9.63964 9.50588 9.69804 9.83739 10.4148 10.5791 10.3434 10.1071 9.94841 9.94415 9.94415 9.94415 9.94415 9.94415 9.94415 9.94415 9.94415 9.94415 9.94415 9.94415 12.0953 13.1235 12.0807 11.3607 11.1279 11.1264
6.77505 6.66394 6.33348 6.21837 7.20318 7.48740 7.44607 7.44601 7.44601 7.44601 7.44601 7.42056 7.27309 8.18848 9.03857 10.1714 10.3050 10.3050 10.3050 10.3050 10.5724 10.9154 10.7376 10.8732 11.8083 11.8083 11.8083 11.8083 11.8083 11.5187 10.2409 10.2409 10.2409 10.2409 10.2405 10.2137 10.1766 10.7253 11.6042 11.6560 11.5059 10.5473 10.2926 10.3322 10.3322 10.2497 9.94415 9.94415 9.94415 9.94415 9.94415 9.94415 9.94415 9.94415 9.94415 9.94415 9.94415 9.94415 9.94415 9.94415 9.94415 11.1015 13.1235 12.4302 11.4363 11.1126 11.1047
6.50457 6.38467 5.93057 5.92617 6.69162 7.44601 7.44601 7.43765 7.31205 7.14861 6.98515 6.84721 6.83129 7.40547 8.86407 9.68079 10.3050 10.3050 10.3050 10.3050 10.3163 10.9744 10.7376 10.7399 11.6964 11.8083 11.8083 11.8083 11.8083 11.8041 10.4179 10.2837 10.3231 10.3624 10.4021 10.4681 10.5447 10.7579 11.7114 11.4719 11.1856 10.8807 10.3411 10.3322 10.3322 10.3290 9.97633 9.94415 9.94415 9.94415 9.94415 9.94415 9.94415 9.94415 9.94415 9.94415 9.94415 9.94415 9.94415 9.94415 9.94415 10.1640 13.0670 12.7794 11.4614 11.5648 12.0203
6.38486 6.38486 6.03772 5.92534 6.09260 7.18802 7.02413 6.86909 6.83129 6.83129 6.83129 6.83129 6.83129 7.16684 8.47709 9.01756 10.0981 10.0566 10.0179 9.97600 9.93145 10.6181 11.1578 11.2356 11.6303 11.5662 11.3263 11.0612 10.7947 10.5307 10.4706 10.5618 10.5618 10.5377 10.2883 9.94642 9.54991 9.17720 10.8362 10.9282 10.9282 10.9282 10.4891 10.3322 10.3322 10.3322 10.0847 9.94415 9.94415 9.94415 9.94415 9.94415 9.94415 9.94415 9.94415 9.94415 9.94415 9.94415 9.94415 9.94415 9.93576 9.90924 13.4389 15.5021 14.6220 14.0863 13.6277
6.32764 6.12137 5.66033 5.10736 5.00504 6.54874 6.53366 6.37555 6.20621 6.02492 5.82982 5.62322 5.48093 5.57243 7.20593 8.20112 9.77197 10.0257 10.1068 9.96810 9.74385 9.92203 10.8587 10.5925 10.3659 10.3040 10.2788 10.2786 10.2786 10.2666 10.1244 9.99356 9.60514 9.19171 9.10663 9.10663 9.10663 9.10663 10.4677 10.9282 10.9282 10.9282 10.6842 10.3322 10.3322 10.3322 10.1961 9.94415 9.94415 9.94415 9.94415 9.94415 9.94415 9.94415 9.94415 9.94289 9.92229 9.89520 9.86813 9.84104 9.82235 9.82175 12.5711 16.4876 15.1667 14.3473 13.5075
5.80799 5.64720 5.51749 5.00409 5.01915 5.13649 5.26550 5.38618 5.49948 5.60620 5.70661 5.79769 5.81397 5.78394 6.86808 7.74824 8.40119 9.07930 8.96300 8.98646 9.04423 9.11360 10.1739 10.2786 10.2786 10.2751 10.0741 9.72321 9.31718 8.86346 8.71109 8.88066 8.71504 8.55352 8.40283 8.23991 8.24398 8.99268 9.83645 10.5050 10.4297 10.3547 10.2251 9.61442 9.53265 9.45761 9.35385 8.92393 8.84326 8.76845 8.69340 8.60914 8.50694 8.40366 8.30222 8.20134 8.11979 8.04357 7.96806 7.85157 7.69753 7.54315 8.01375 13.3410 14.0217 14.5308 13.1601
5.81978 5.40872 5.34070 5.68925 5.80780 5.82099 5.81754 5.77974 5.73311 5.68650 5.62965 5.56020 5.49803 5.48460 6.25174 7.07149 7.44413 8.89839 8.87488 8.79986 8.76918 8.73850 9.19857 9.18999 8.56575 7.90227 7.55232 7.40860 7.27544 7.15144 7.05176 7.22242 7.26785 7.23717 7.20774 7.19992 7.20764 7.98792 8.23267 8.59032 8.59032 8.59032 8.59032 8.14133 7.99435 7.99435 7.99277 7.67072 7.55638 7.52929 7.50219 7.48430 7.47550 7.40794 7.32884 7.24975 7.17070 7.09160 7.01260 6.97555 6.97555 6.97555 6.97678 11.4911 13.4376 14.7013 13.3060
5.40955 4.91110 4.83297 5.17050 5.28812 5.21869 5.15288 5.12139 5.09854 5.10032 5.13423 5.18051 5.22671 5.25912 5.72736 6.49794 6.80293 8.12556 8.34840 7.72133 7.12729 6.25578 6.07184 6.91673 6.91673 6.91673 6.91673 6.91673 6.91673 6.91673 6.91673 7.04152 7.19992 7.19992 7.19992 7.19992 7.19992 7.72535 8.12056 8.59032 8.59032 8.59032 8.47945 8.05842 7.93039 7.99822 8.16896 8.12705 8.02341 8.13452 8.19555 7.07534 6.98703 6.97555 6.97555 6.97555 6.97555 6.97555 6.97555 6.97555 6.97555 6.97555 6.97555 9.57335 13.1422 14.7013 13.5838
4.85839 4.56202 4.46994 4.71191 5.06533 5.09964 5.14592 5.19220 5.23838 5.26028 5.26028 5.26028 5.26028 5.26028 5.51947 6.22171 6.64883 6.79940 6.87612 6.46671 6.13460 6.01058 5.76754 6.81443 6.91673 6.91673 6.91673 6.91673 6.91833 6.92950 6.94174 6.99403 7.23032 7.23736 7.24413 7.25072 7.25709 7.55434 8.01050 8.26643 8.19571 8.08937 8.09464 8.36946 9.01165 9.07388 9.06650 8.94594 8.46720 8.46720 8.46720 7.35300 6.97555 6.97555 6.97555 6.97555 6.97555 6.97555 6.97555 6.97555 6.97555 6.97555 6.97555 7.68130 12.9196 14.5718 13.4372
4.80989 4.56073 4.56403 4.68762 5.24822 5.26028 5.26028 5.26028 5.26028 5.26028 5.25348 5.19375 5.12290 5.05205 5.08491 5.90552 6.50930 6.58458 6.88202 6.70150 6.25557 6.25867 5.95132 6.61754 7.03444 7.04354 7.05237 7.06097 7.06830 7.07023 7.10115 7.14463 7.36737 7.40069 7.26612 7.38456 7.61053 7.59209 8.04081 8.24764 8.34359 8.34359 8.36062 8.50959 8.93812 9.06635 9.06635 9.06294 8.52196 8.46720 8.46720 7.78192 6.97555 6.97555 6.97555 6.97555 6.97555 6.97555 6.97555 6.97555 6.97555 6.97555 6.97555 6.98830 11.6813 14.1166 14.0616
3.99925 4.04271 4.64943 4.69456 5.26649 5.37350 5.39537 5.37395 5.33279 5.29270 5.25970 5.27319 5.29605 5.31825 5.33724 5.98675 6.43681 6.62539 6.82517 6.87815 6.37444 6.36881 6.12089 6.44692 7.16229 7.20272 7.24118 7.27073 7.21242 7.05390 6.78455 6.50229 6.62098 6.78241 6.76541 6.91743 7.45778 7.45778 7.93622 8.17622 8.34359 8.34359 8.34362 8.48816 8.75545 9.06635 9.06635 9.06635 8.69011 8.46720 8.46720 8.15008 6.97555 6.97555 6.97555 6.97555 6.97555 6.97555 6.97555 6.97555 6.97555 6.97555 6.97555 6.94493 9.46052 12.5183 12.5713
3.88079 4.00217 4.46734 4.69701 5.26549 5.41642 5.35860 5.33984 5.33984 5.33984 5.33984 5.33984 5.33984 5.33984 5.33984 5.79762 6.16480 6.43132 6.42719 6.48117 6.65042 6.79662 6.55699 6.35271 6.94809 6.77015 6.48781 6.21264 6.02058 5.93002 5.92987 5.92987 6.16365 6.76541 6.76541 6.77452 7.41370 7.45778 7.76984 8.10894 8.34359 8.34359 8.34359 8.44508 8.57518 9.06428 9.06635 9.06635 8.86180 8.46720 8.46720 8.43054 7.04241 6.97555 6.97555 6.97555 6.97555 6.97555 6.97055 6.89713 6.80187 6.70666 6.61140 6.54680 7.21764 11.1772 11.7713
