OMI_NO2_yc_0.0167deg/OMI_NO2_yc_0.0167deg/OMI_NO2_2005_06-08.asc
ncols      200
nrows      200
xllcorner       110.913
yllcorner       33.7933
cellsize     0.0166667
NODATA_Value      -999.000
[rows 145 to 173 of 200, columns 0 to 66 of 200]
4.55844 4.55732 4.58593 4.62236 4.64560 4.69697 4.73043 4.71470 4.68356 4.73743 4.97158 5.01615 4.97141 4.81876 4.88892 4.77825 4.77473 4.89089 4.90948 4.72775 4.53997 4.55225 4.69603 4.75414 4.66132 4.63160 4.54363 4.48905 4.39219 4.22723 4.17642 4.10036 3.83769 3.78576 3.68160 3.59938 3.54556 3.63606 3.82421 4.03902 4.04935 4.17962 4.24624 4.29192 4.39847 4.41065 4.39991 4.52832 4.40370 4.34805 4.21694 4.42369 4.64196 4.64405 4.68147 4.93777 4.91612 4.99423 5.26653 5.35839 5.58967 5.59071 5.89058 5.89867 6.00943 5.89920 5.83252
4.61333 4.68250 4.75769 4.80667 4.85191 4.88800 4.91200 4.81981 4.77103 4.76548 4.82917 4.91667 4.85468 4.71546 4.79067 4.68730 4.52517 4.41065 4.41388 4.40889 4.33116 4.33235 4.32547 4.31119 4.20570 4.24618 4.23401 4.21183 4.13026 3.97194 3.92500 3.88628 3.76301 3.69365 3.61785 3.59994 3.58432 3.59397 3.74621 3.93399 3.96082 4.01012 4.04264 3.96306 3.96379 3.91099 3.76041 3.90854 3.86805 3.96645 3.99089 4.18179 4.52779 4.58890 4.58985 4.77251 4.82516 4.84527 5.20373 5.28069 5.50387 5.41800 5.59837 5.50262 5.60209 5.58767 5.55333
4.86203 4.93929 4.98826 5.02906 5.04094 5.04138 5.07304 4.84104 4.74376 4.79554 4.75264 4.78367 4.75478 4.71763 4.73602 4.67175 4.36708 4.21472 4.23240 4.30472 4.24895 4.14594 4.04281 4.03840 3.91044 3.84441 3.95309 3.96269 3.89970 3.80304 3.67543 3.61969 3.56519 3.53175 3.47057 3.48141 3.51668 3.42968 3.64569 3.71661 3.64094 3.53089 3.53242 3.48800 3.46313 3.51135 3.46332 3.53731 3.66017 3.77307 3.84404 4.01280 4.45163 4.55443 4.51445 4.57486 4.73240 4.70614 4.92128 5.04080 5.34085 5.31665 5.44481 5.51652 5.58796 5.58383 5.49113
5.04245 5.13602 5.19058 5.25556 5.29457 5.32102 5.30974 5.05191 4.75583 4.62281 4.46775 4.53491 4.55945 4.52674 4.52303 4.48371 4.15604 3.87441 3.75751 3.85852 3.85559 3.82393 3.76919 3.85605 3.79800 3.73216 3.80012 3.81310 3.75565 3.65148 3.46134 3.39970 3.33982 3.40103 3.37987 3.38199 3.50129 3.36408 3.44461 3.38572 3.21550 3.17070 3.26388 3.27724 3.30154 3.45862 3.49100 3.47933 3.73264 3.82572 3.84536 3.93292 4.40768 4.54843 4.59703 4.57566 4.79610 4.80924 4.96228 5.13352 5.22589 5.17031 5.08698 5.18766 5.24613 5.37764 5.28856
4.90541 5.18200 5.13813 5.07095 4.92290 4.81089 4.71052 4.52016 4.19782 4.11954 4.06445 4.14783 4.20893 4.24098 4.35667 4.32536 4.12595 3.79967 3.64798 3.77133 3.82116 3.79635 3.69187 3.72357 3.64706 3.52197 3.44231 3.46319 3.44033 3.44391 3.31599 3.29743 3.25449 3.27511 3.21179 3.14698 3.16212 2.99936 3.07640 3.15121 3.08019 3.07077 3.16155 3.20729 3.19894 3.31090 3.34751 3.31205 3.52434 3.72089 3.72743 3.93463 4.44210 4.60174 4.62892 4.54653 4.54894 4.50966 4.45706 4.62943 4.73686 4.85031 4.85477 4.90437 4.89677 4.96154 4.94898
4.33120 4.75345 4.55290 4.43275 4.33944 4.31309 4.26751 4.25270 4.01956 3.97725 3.94229 3.97833 4.10425 4.16990 4.27685 4.28293 4.16840 3.71361 3.49762 3.52339 3.60926 3.51323 3.35568 3.33351 3.30802 3.29145 3.33364 3.35950 3.36270 3.35429 3.25278 3.16579 3.06599 2.99891 2.95218 2.94774 2.89475 2.89072 2.96689 3.11388 3.08183 3.06955 3.05684 3.05171 3.06085 3.14859 3.28817 3.32014 3.43095 3.76578 3.75705 3.85124 4.12059 4.17831 4.18830 4.12087 4.15611 4.32674 4.32793 4.46907 4.57776 4.62640 4.62127 4.54440 4.55144 4.69656 4.78568
3.73985 4.27774 4.31046 4.29595 4.27141 4.27237 4.27301 4.28113 4.05755 3.94295 3.89655 3.84618 3.87059 3.88418 3.86964 3.77361 3.63565 3.21399 2.94341 2.83520 3.03577 3.07284 2.99961 3.05288 3.01903 3.01482 3.09132 3.04892 3.03240 3.00623 2.91242 2.88178 2.85280 2.85525 2.88336 2.85738 2.82870 2.95900 2.96911 3.11613 3.12490 3.13828 3.13592 3.15264 3.14259 3.16234 3.34413 3.36242 3.32537 3.70011 3.67673 3.65066 3.88552 3.99919 4.11830 4.08719 4.07521 4.13179 4.03838 4.09312 4.33535 4.43969 4.50226 4.40381 4.41926 4.51866 4.66174
3.66005 4.07413 4.27397 4.24889 4.22983 4.20509 4.17785 4.14074 3.98888 3.77060 3.49119 3.33740 3.31907 3.47791 3.47721 3.37372 3.28579 3.06181 2.78976 2.65872 2.91036 3.01626 2.89534 2.89194 2.81283 2.81515 2.78540 2.78139 2.72135 2.71438 2.60853 2.52718 2.48224 2.49889 2.56191 2.47801 2.64394 3.03054 3.06487 3.19069 3.25382 3.24371 3.22718 3.19844 3.14462 3.08787 3.24114 3.26253 3.23822 3.54502 3.64015 3.63388 3.76754 3.93874 4.02732 3.97009 3.89820 3.84452 3.80322 3.82690 4.11590 4.26369 4.34802 4.29915 4.29075 4.34803 4.48107
3.64501 3.80558 4.13726 4.06198 3.98256 3.87665 3.78947 3.71429 3.65416 3.56746 3.29439 3.23920 3.09596 2.98375 3.16415 3.05758 2.97515 2.81809 2.61136 2.36039 2.37611 2.47630 2.30970 2.36817 2.31692 2.30450 2.18349 2.28011 2.30627 2.40556 2.40336 2.38051 2.37446 2.41151 2.53306 2.46763 2.49661 2.92926 3.06471 3.13866 3.20008 3.16884 3.13383 3.11406 3.12005 3.12009 3.17290 3.22273 3.21718 3.38492 3.56247 3.54157 3.58618 3.77645 3.82216 3.83616 3.80356 3.79978 3.77578 3.78926 4.03234 4.25275 4.31814 4.28351 4.19683 4.10214 4.23389
3.34227 3.27402 3.68249 3.60393 3.57019 3.55973 3.54709 3.56532 3.52056 3.51385 3.19705 3.03269 2.98267 2.64339 2.83097 2.60287 2.51900 2.40918 2.22993 2.05436 2.02365 2.04292 2.03903 2.14890 2.19668 2.19239 2.14034 2.24058 2.23203 2.35625 2.39736 2.41239 2.41461 2.42257 2.52941 2.48272 2.44092 2.74790 3.01993 3.05632 3.19652 3.19927 3.18877 3.17690 3.19242 3.15943 3.15109 3.14752 3.12516 3.21056 3.48546 3.52857 3.54735 3.75192 3.83181 3.85753 3.81884 3.80526 3.77238 3.75178 3.80274 3.95504 3.97581 3.98916 3.91394 3.89313 4.11158
2.94256 2.99020 3.41596 3.45658 3.37251 3.28640 3.23330 3.17862 3.10875 3.16291 2.98024 2.80276 2.81194 2.49914 2.38412 2.31217 2.28355 2.26016 2.17204 2.11010 2.15040 2.19573 2.17823 2.25439 2.33829 2.32869 2.29664 2.31594 2.38172 2.47916 2.52736 2.56403 2.56132 2.56823 2.64886 2.66474 2.59136 2.77889 3.10346 3.15600 3.26141 3.22262 3.17428 3.14075 3.11255 3.07056 3.07480 3.08926 3.11080 3.16516 3.44500 3.55509 3.51889 3.62608 3.73143 3.74365 3.68529 3.63606 3.58596 3.57293 3.57446 3.72288 3.89390 3.94547 3.92175 3.89394 4.14531
2.98989 2.97343 2.95539 2.93408 2.99282 2.96075 2.89348 2.87122 2.85248 2.89746 2.85942 2.60799 2.63702 2.52593 2.40803 2.37416 2.30771 2.29450 2.26681 2.13697 2.16937 2.20274 2.18336 2.20108 2.26817 2.27159 2.25490 2.18951 2.30925 2.39397 2.48724 2.57967 2.58698 2.59353 2.66613 2.73170 2.65476 2.76094 2.99232 3.06107 3.12030 3.09052 3.08449 3.07185 3.07448 3.06658 3.07702 3.08344 3.12233 3.15166 3.21880 3.39037 3.37528 3.42940 3.58383 3.61252 3.59544 3.53108 3.51063 3.53176 3.54381 3.60046 3.84579 3.81238 3.72344 3.64409 3.99102
2.84048 2.81562 2.82096 2.83483 2.86219 2.84378 2.79621 2.77880 2.77853 2.80746 2.89082 2.57278 2.56827 2.50140 2.29502 2.25222 2.29454 2.31349 2.31230 2.16161 2.18395 2.18888 2.19843 2.19959 2.22937 2.25640 2.23573 2.17068 2.31669 2.40917 2.57673 2.64328 2.66017 2.67002 2.66257 2.72384 2.60429 2.60715 2.85773 3.01856 3.06955 3.05450 3.02489 2.97924 2.96761 3.08377 3.09641 3.09447 3.13151 3.12565 3.14851 3.29184 3.30481 3.27658 3.43084 3.45873 3.49325 3.46877 3.47988 3.42528 3.36858 3.29426 3.59399 3.67216 3.87504 3.95293 4.16121
2.87514 2.84775 2.85914 2.85772 2.85954 2.84543 2.79773 2.74955 2.73156 2.70867 2.85222 2.54359 2.47722 2.44429 2.33059 2.23439 2.27165 2.30249 2.33445 2.18063 2.13774 2.12285 2.08318 2.00194 2.00684 2.19077 2.29210 2.41689 2.66516 2.76547 2.77499 2.70877 2.60088 2.56794 2.55867 2.63733 2.57505 2.52518 2.65022 2.76661 2.88839 2.92313 2.89877 2.88485 2.86677 2.99510 2.98173 2.94219 2.91828 2.89637 2.95062 3.04087 3.17679 3.17073 3.42476 3.45705 3.44812 3.38094 3.35309 3.38337 3.42793 3.44515 3.54409 3.61189 3.82785 3.95980 4.02509
2.88762 2.83791 2.81049 2.76690 2.73553 2.68488 2.64259 2.59315 2.58225 2.54101 2.57920 2.46662 2.36913 2.32825 2.46598 2.26314 2.26487 2.29575 2.32682 2.22166 2.15137 2.19030 2.24367 2.31862 2.39643 2.58428 2.60326 2.57416 2.60797 2.65961 2.66006 2.63560 2.51887 2.44666 2.42194 2.50247 2.52296 2.49523 2.51459 2.58018 2.77282 2.83568 2.78497 2.75905 2.70014 2.79329 2.89886 2.91026 2.90073 2.89264 2.90848 2.92713 3.07253 3.04162 3.18925 3.36658 3.45372 3.45406 3.46506 3.51325 3.56759 3.56923 3.57624 3.69370 3.83863 4.14104 4.07409
2.62667 2.57777 2.54280 2.50634 2.44857 2.38636 2.32007 2.25746 2.20998 2.20298 2.27192 2.28691 2.24583 2.25300 2.34481 2.25219 2.24226 2.30590 2.38433 2.36353 2.30478 2.32799 2.29332 2.42209 2.37024 2.43323 2.53466 2.54793 2.52950 2.51361 2.52176 2.56073 2.45077 2.39197 2.39202 2.45467 2.52973 2.54750 2.57021 2.56392 2.61894 2.68058 2.69047 2.74053 2.72063 2.76508 2.88915 2.86890 2.86814 2.86071 2.88415 2.96012 3.10294 3.18817 3.31401 3.59022 3.58955 3.59304 3.56171 3.59133 3.61143 3.60805 3.56682 3.68722 3.70251 4.12176 4.10665
2.33131 2.29952 2.26566 2.20416 2.17262 2.22163 2.22879 2.22778 2.22654 2.25020 2.28145 2.30112 2.29208 2.31961 2.38559 2.42928 2.28698 2.27520 2.23085 2.16732 2.05822 2.07325 2.09541 2.22640 2.26376 2.29222 2.44173 2.42005 2.39810 2.37297 2.36535 2.40949 2.35702 2.36763 2.42305 2.47328 2.59752 2.61747 2.62091 2.62971 2.65728 2.79221 2.79544 2.79479 2.75980 2.75607 2.96721 3.00665 3.04726 3.08193 3.08700 3.08091 3.11042 3.23327 3.26264 3.53061 3.57689 3.59029 3.53900 3.56842 3.55296 3.54785 3.49572 3.54410 3.56657 3.91192 4.01449
2.22496 2.26420 2.29155 2.27124 2.25258 2.28863 2.27880 2.25654 2.25154 2.25286 2.25610 2.24721 2.28220 2.30404 2.32252 2.49039 2.16628 1.97726 1.99449 2.01612 1.94088 1.94851 1.94762 2.00197 2.12845 2.12669 2.25418 2.31073 2.30235 2.30982 2.32935 2.38770 2.41532 2.36647 2.43626 2.44660 2.54424 2.50593 2.45203 2.41189 2.60047 2.76856 2.80321 2.82268 2.83446 2.85601 3.01550 3.06576 3.05462 3.07585 3.06965 3.07573 3.04435 3.18640 3.20705 3.39666 3.50320 3.49327 3.40298 3.36450 3.33128 3.34183 3.34631 3.35295 3.48647 3.65353 3.87930
2.35172 2.34607 2.33702 2.32553 2.26922 2.24441 2.21877 2.17755 2.25002 2.27337 2.30015 2.30811 2.34509 2.38044 2.44125 2.49237 2.27352 1.95893 1.85310 1.82099 1.79025 1.81918 1.86092 1.86648 2.12259 2.16880 2.24950 2.39082 2.43049 2.49262 2.52442 2.57610 2.50470 2.27414 2.33333 2.32224 2.37874 2.41630 2.41625 2.41813 2.56796 2.76453 2.83049 2.84950 2.82964 2.83845 2.93227 3.06645 3.05505 3.04982 3.01609 2.98399 2.91279 2.95114 3.02077 3.14433 3.36005 3.36634 3.29143 3.25889 3.23772 3.20864 3.20504 3.11523 3.30185 3.40324 3.84227
2.33147 2.33052 2.31584 2.30734 2.24323 2.24355 2.24635 2.21174 2.30991 2.35521 2.37283 2.37553 2.39517 2.42903 2.50129 2.47852 2.44173 2.02639 1.86532 1.82035 1.80814 1.81265 1.87302 1.91843 2.15213 2.31112 2.34315 2.53570 2.56330 2.54225 2.48238 2.44447 2.35708 2.22513 2.29054 2.35577 2.37918 2.46954 2.50487 2.53275 2.60848 2.73263 2.84395 2.87347 2.85542 2.85998 2.88307 2.93785 2.90275 2.90918 2.91648 2.90697 2.88111 2.85830 3.03197 3.07415 3.26133 3.32474 3.26144 3.21204 3.17701 3.15932 3.30190 3.24849 3.39830 3.54378 3.54051
2.16923 2.19951 2.20827 2.24665 2.20377 2.22552 2.22276 2.18676 2.24014 2.30880 2.30232 2.30232 2.30296 2.32759 2.37842 2.38321 2.51661 2.15819 1.98291 1.91968 1.97668 2.03893 2.13653 2.17104 2.25180 2.46334 2.46900 2.48116 2.40255 2.28992 2.15503 2.11851 2.13093 2.21922 2.34812 2.46998 2.47813 2.58831 2.60488 2.61993 2.63160 2.75024 2.89076 2.92640 2.90247 2.88655 2.87072 2.86299 2.87902 2.86220 2.90588 2.90997 2.92738 2.86394 3.13295 3.21398 3.41702 3.47901 3.49110 3.53182 3.60438 3.52088 3.64168 3.42784 3.37398 3.58396 3.21517
2.22313 2.25364 2.26023 2.29968 2.24653 2.22929 2.23494 2.18817 2.20588 2.29353 2.28166 2.27558 2.30583 2.36899 2.44903 2.49797 2.63053 2.37263 2.18116 2.09920 2.09128 2.08486 2.08849 2.08915 2.07947 2.25124 2.25120 2.23163 2.20872 2.19455 2.12141 2.15169 2.17719 2.23100 2.30462 2.42048 2.40819 2.54966 2.58232 2.56411 2.57726 2.62312 2.69225 2.72380 2.66006 2.63812 2.65162 2.66806 2.78300 2.76700 2.88886 2.99076 3.01558 2.93502 3.11924 3.33004 3.73775 3.88690 3.77930 3.63347 3.58111 3.42317 3.53915 3.32399 3.23415 3.52988 3.27863
2.06921 2.08675 2.05334 2.14409 2.10192 2.11647 2.13100 2.08212 2.08504 2.20558 2.19185 2.16256 2.16275 2.18745 2.23817 2.28166 2.30058 2.31805 2.20658 2.07830 2.01172 2.02264 2.05820 2.08352 2.09635 2.22561 2.29860 2.31563 2.30790 2.30083 2.15227 2.14739 2.14986 2.13657 2.14584 2.21503 2.18724 2.27460 2.39360 2.38605 2.43119 2.44639 2.56165 2.65609 2.61849 2.61140 2.62077 2.64237 2.75494 2.74895 2.79075 2.91498 2.91793 2.81934 2.79697 3.14492 3.30080 3.43411 3.35609 3.42717 3.45693 3.31858 3.44393 3.37895 3.28043 3.51350 3.48562
2.01641 2.01377 1.95468 1.98273 2.00441 2.00038 1.98642 1.95336 1.92098 1.98275 1.98956 1.93051 1.91948 1.89525 1.85365 2.03090 2.03764 2.16798 2.13952 1.98151 1.91443 1.97748 2.13083 2.18089 2.21090 2.25221 2.33629 2.32160 2.26785 2.27395 2.10171 2.05758 2.07562 2.06534 2.07278 2.09315 2.11738 2.18831 2.35413 2.35084 2.40283 2.38243 2.50449 2.60517 2.55417 2.54999 2.54959 2.55942 2.63091 2.64405 2.59120 2.57236 2.44980 2.31155 2.23116 2.71682 3.05863 3.42234 3.26300 3.47555 3.53066 3.33826 3.45327 3.38471 3.33322 3.53644 3.70572
2.01202 2.00159 1.88222 1.86229 1.91246 1.89342 1.88834 1.82629 1.76648 1.75484 1.78211 1.78268 1.82457 1.84554 1.81010 1.92026 1.93002 2.06013 2.09550 2.11882 2.05131 2.05261 2.16759 2.15024 2.09099 2.09700 2.17329 2.19026 2.14064 2.16852 2.09974 2.03133 2.05872 2.03544 2.04266 2.04854 2.09737 2.08475 2.21837 2.25014 2.32550 2.30825 2.38215 2.53259 2.51818 2.51041 2.49643 2.40957 2.31468 2.22975 2.14665 2.21305 2.25980 2.27820 2.19519 2.44803 2.80563 3.12888 2.94978 3.13362 3.26817 3.07540 3.14729 3.08611 3.06731 3.17543 3.43960
1.87760 1.89018 1.75889 1.69034 1.69151 1.64591 1.63045 1.66896 1.68038 1.71218 1.79119 1.79472 1.83828 1.80640 1.80167 1.77410 1.77914 1.88480 1.98337 2.08897 2.02733 1.98913 2.08493 2.10600 2.04674 2.05200 2.11625 2.18905 2.14082 2.17304 2.12620 2.00247 2.01256 1.94702 1.92462 1.96763 2.08980 2.11937 2.22991 2.28508 2.33991 2.29813 2.31207 2.38909 2.33806 2.26890 2.22680 2.15918 2.08521 2.15550 2.14186 2.18407 2.28576 2.30074 2.22881 2.26130 2.73125 3.12397 2.99772 3.07274 3.18773 3.05022 3.13684 3.04969 3.00772 3.06172 3.26360
1.79675 1.73589 1.59040 1.54930 1.61059 1.69341 1.72583 1.81234 1.80444 1.78695 1.79059 1.75968 1.75373 1.72106 1.73716 1.70512 1.75418 1.80933 1.96236 2.05069 2.04498 1.98672 2.07248 2.13589 2.09219 2.07074 2.05517 2.12487 2.07046 2.04705 2.02217 1.90923 1.95780 1.90562 1.91443 2.03018 2.11285 2.14504 2.19760 2.24041 2.23535 2.16133 2.11914 2.17273 2.18400 2.18508 2.18860 2.16378 2.03192 2.13379 2.12029 2.13831 2.31411 2.35849 2.33797 2.29671 2.83580 2.96778 2.88818 2.91447 2.97494 2.81974 2.77097 2.68325 2.60964 2.65856 2.80813
1.71401 1.77600 1.59919 1.50525 1.52365 1.63820 1.61883 1.62681 1.60362 1.58374 1.61419 1.62551 1.65680 1.66108 1.71036 1.66482 1.74862 1.75479 1.95106 2.01491 2.06459 1.93737 1.94707 1.99157 1.91833 1.85083 1.81867 1.91010 1.93724 1.93491 1.98676 1.98662 1.99461 1.91508 1.89092 1.95947 2.00968 2.03759 2.01588 2.09280 2.11060 2.10014 2.10409 2.14043 2.16579 2.16773 2.17335 2.16904 2.04813 2.10606 2.14975 2.18103 2.33190 2.43047 2.39490 2.28655 2.48176 2.77106 2.65659 2.62282 2.70117 2.64312 2.66104 2.62423 2.64172 2.78971 2.80342
1.75378 1.75382 1.61900 1.45457 1.41125 1.49553 1.51636 1.53905 1.57787 1.56978 1.60215 1.62281 1.66012 1.66716 1.70191 1.60084 1.70964 1.71971 1.76435 1.77470 1.73100 1.63118 1.61810 1.73211 1.71231 1.68651 1.65798 1.70763 1.83662 1.84578 1.88398 1.89331 1.83816 1.76917 1.74776 1.78318 1.85570 1.99535 2.01468 2.04021 2.07455 2.08923 2.13019 2.17493 2.27756 2.31244 2.34774 2.37475 2.33645 2.25527 2.24822 2.27152 2.25138 2.18434 2.12214 1.99389 1.98913 2.62404 2.56160 2.51796 2.64432 2.64171 2.67393 2.59978 2.58226 2.64132 2.66078
