OMI_NO2_yc_0.0167deg/OMI_NO2_yc_0.0167deg/OMI_NO2_200703.asc
ncols      200
nrows      200
xllcorner       110.913
yllcorner       33.7933
cellsize     0.0166667
NODATA_Value      -999.000
[rows 87 to 115 of 184, columns 0 to 66 of 200]
7.54788 7.14676 7.17756 7.23240 7.72499 10.3813 10.4829 10.7906 11.0632 11.2777 11.4623 11.6747 11.8165 11.8989 11.7726 11.5398 11.6360 11.6864 11.6864 11.7091 12.8224 13.0936 13.1098 13.4426 13.0917 13.0917 13.0917 13.0917 13.0917 13.0917 13.0917 13.0917 13.0080 12.7345 12.5575 12.3916 12.3424 12.3424 12.3052 9.96425 9.62674 9.51174 8.76906 8.36693 8.30129 8.22765 8.15409 8.05402 6.80274 6.69467 6.69964 6.65860 6.59010 6.51247 6.42748 6.33874 6.31850 6.14577 6.04812 6.04812 6.04812 6.04040 4.82555 4.53300 4.48124 4.44184 4.43937
8.34488 7.66134 7.83507 8.20240 8.50249 10.9544 11.5480 11.9331 12.1254 12.2074 12.2673 12.2008 12.2004 12.2004 12.1078 11.6864 11.6864 11.6864 11.6864 11.6864 12.3407 13.0936 13.0936 13.4173 13.0917 13.0917 13.0791 12.9801 12.8201 12.5406 12.2546 11.9687 11.7650 11.5697 11.4248 11.3097 11.1945 11.0794 10.9552 9.26106 8.27106 8.20371 8.09726 8.04454 8.03990 8.03967 8.03232 8.02086 7.15524 6.43205 6.34236 6.31549 6.31549 6.31549 6.31549 6.31549 6.31707 6.22965 6.00150 5.94973 5.89797 5.85390 5.01906 4.43937 4.43937 4.43937 4.43937
9.24170 8.97760 9.21892 9.24342 9.24342 10.7709 11.6774 11.9654 12.2808 12.2808 12.2808 12.2133 12.2004 12.2004 12.1937 11.6520 11.5100 11.3904 11.2711 11.1517 11.2327 12.2697 12.2010 12.3603 11.8939 11.6306 11.3572 11.1074 10.8585 10.8897 11.0379 11.0379 11.0379 10.9791 10.8554 10.7622 10.6691 10.5759 10.4935 9.67523 8.07298 8.06801 8.04998 7.98409 7.99541 7.98078 7.97581 7.97581 7.63336 6.31549 6.31549 6.31549 6.31549 6.31381 6.27641 6.22465 6.17314 6.12045 5.85945 5.84855 5.84855 5.84855 5.35839 4.43937 4.43937 4.43937 4.43937
9.28905 9.25730 9.24342 9.24342 9.24342 10.0697 11.2803 11.2503 11.7113 11.5918 11.4724 11.3040 11.1533 11.0340 10.9146 10.4630 10.3384 10.3384 10.3384 10.3384 10.3625 11.2742 11.4531 11.2967 11.0128 10.7262 10.6191 10.5639 10.5636 10.6022 10.8913 10.7981 10.7050 10.5850 10.4811 10.4811 10.4811 10.4811 10.4811 10.3373 8.07397 8.02844 8.02844 7.95807 7.97581 7.97581 7.97581 7.97581 7.97465 6.58151 6.28396 6.23219 6.18042 6.13031 6.11592 6.11592 6.11592 6.12107 5.93634 5.84855 5.84855 5.84855 5.69706 4.43979 4.43937 4.43937 4.42352
9.28905 9.27259 9.24342 9.24342 9.24342 9.31805 10.0553 10.0598 10.8193 10.9328 10.9328 10.9024 10.8524 10.8524 10.8524 10.5717 10.3384 10.3191 10.2621 10.1433 9.99827 10.2977 10.6693 10.6224 10.7284 10.4546 10.3747 10.2948 10.2151 10.1812 10.5231 10.5910 10.5910 10.5846 10.3365 10.0515 9.75242 9.43779 9.10592 8.75486 8.12017 8.02844 8.02844 7.97777 7.97581 7.97581 7.88163 7.62984 7.37575 6.66479 6.11592 6.04245 6.03211 6.11592 6.11592 6.11592 6.11592 6.11961 6.02430 5.84855 5.84855 5.81790 5.64975 4.24234 3.86790 3.68155 3.51122
9.28905 9.28756 9.24561 9.24342 9.24342 9.24342 9.93370 10.0598 10.5838 10.9328 10.9328 10.9209 10.8524 10.8465 10.7947 10.4867 10.0089 9.89100 9.81415 9.79059 9.81002 9.90401 10.3109 10.2900 10.3553 10.1808 10.1808 10.0907 9.84628 9.58870 9.45534 9.28421 8.94049 8.57669 8.28654 8.25351 8.24375 8.23376 8.22422 8.20633 8.07836 7.91239 7.84816 7.59621 7.31998 7.04289 6.85787 6.69906 6.48781 6.20517 5.38414 5.30120 5.43880 5.78944 5.76665 5.74416 5.68845 5.50768 5.32319 4.94047 4.75103 4.59538 4.57718 3.69511 3.16799 3.16799 3.16799
9.26490 9.23933 9.19526 9.16802 9.14861 9.12943 9.62873 9.93812 10.1920 10.8054 10.7530 10.5936 10.3512 10.1916 10.0892 10.0167 9.67495 9.68933 9.70328 9.71359 9.70409 9.70145 9.84805 10.0886 9.98285 8.47435 8.13619 7.90952 7.88365 7.86051 7.84057 7.83364 7.80550 7.77815 7.65019 7.56060 7.54249 7.52430 7.49487 7.32624 7.09859 6.68295 6.50312 6.35447 6.19688 6.04871 5.91144 5.86473 5.86473 5.86473 5.32038 5.11427 4.98409 5.19223 5.00903 4.80412 4.62800 4.55635 4.55405 4.37883 4.25942 4.17593 4.09311 3.73962 3.42500 3.45499 3.48489
8.50239 8.50239 8.54731 8.61271 8.57680 8.54084 8.82782 9.35646 9.15814 9.88182 9.81763 9.80122 9.79528 9.80415 9.83282 9.85662 9.53203 9.48035 9.42596 9.37517 9.33052 9.27516 9.43537 9.93140 9.92443 7.96782 7.68914 7.68914 7.68914 7.68914 7.68914 7.68447 7.68316 7.68316 7.61310 7.37981 7.17656 6.97308 6.75090 6.55987 6.41369 6.11961 5.96422 5.93629 5.80688 5.72069 5.63533 5.42663 5.19644 4.96590 4.45627 3.79924 3.71460 3.72074 3.68523 3.60186 3.52325 3.50453 3.58866 3.54645 3.46846 3.46846 3.46846 3.48920 3.58696 3.46715 3.33748
7.79939 7.75144 7.71667 7.96721 7.90034 7.82045 7.87826 8.91539 8.79795 9.48475 9.82055 9.85159 9.87953 9.84709 9.77570 9.69902 9.39215 9.26274 9.26274 9.26274 9.26274 9.26274 9.30732 9.82511 9.93328 8.61198 7.68914 7.68914 7.68914 7.68914 7.68914 7.61244 7.35777 7.11034 6.77867 6.34558 6.17033 6.00942 5.88007 5.83465 5.79796 5.66025 5.39765 5.23074 4.76882 4.33194 4.18702 4.16500 4.16500 4.16500 4.12422 3.46310 3.43689 3.45502 3.50440 3.50440 3.50440 3.50440 3.56825 3.58619 3.45594 3.34309 3.21342 3.08392 3.10705 3.11076 3.11076
7.53999 7.42615 7.31951 7.67408 7.88571 7.91724 7.92103 8.82125 8.91453 9.23667 9.69803 9.62343 9.57434 9.59160 9.59160 9.59160 9.42939 9.26274 9.26274 9.24711 9.16878 9.08442 8.99822 9.23957 9.43989 8.72078 7.40958 7.34786 7.15917 6.95301 6.76279 6.62534 6.04233 5.92104 5.84842 5.70387 5.68758 5.59941 5.47490 5.35039 5.22605 5.07950 4.81599 4.81516 4.61271 4.16500 4.16500 4.16500 4.16500 4.16500 4.16500 3.68714 3.43689 3.43851 3.49957 3.50440 3.49765 3.39754 3.31120 3.23081 3.01878 2.96819 2.96819 2.96819 3.06330 3.11076 3.11076
7.29600 7.29600 7.29600 7.51972 7.96796 8.06829 8.15113 8.65565 8.91510 8.79516 9.39594 9.27137 9.18783 9.12966 9.04590 8.96163 8.78413 8.46364 8.37927 8.31034 8.30401 8.30401 8.30401 8.36760 8.71488 8.46266 6.80475 6.67532 6.69062 6.72353 6.74047 6.74041 5.98864 5.65557 5.53099 5.29833 5.12963 5.09329 5.09329 5.11092 5.14900 5.18469 4.92732 4.81516 4.75038 4.16531 4.16500 4.16500 4.16500 4.16500 4.16500 3.95254 3.43521 3.36629 3.27624 3.15671 3.03380 3.00413 3.02684 3.09674 3.04169 2.96819 2.96819 2.96819 3.02918 3.11076 3.11076
7.47217 7.71204 7.91880 8.10650 8.25541 8.24260 8.24260 8.13269 7.87301 7.85957 8.57354 8.60477 8.60477 8.62619 8.63288 8.63288 8.60818 8.30484 8.30401 8.30401 8.30765 8.31687 8.34207 8.39067 8.41736 8.39838 7.13572 6.69653 6.57358 6.44906 6.32461 6.20034 5.76830 5.24933 5.25858 5.22061 5.17736 5.21129 5.24315 5.26015 5.26020 5.26020 5.08977 4.81516 4.81427 4.24969 4.16500 4.16500 4.16500 4.12051 4.02172 3.91085 3.13857 3.03668 3.00952 3.00413 3.00413 3.00413 3.00783 3.09518 3.08243 2.93308 2.84626 2.76468 2.70634 2.68842 2.56641
8.15315 8.15315 8.15315 8.15315 8.24153 8.24260 8.24260 8.21791 7.87708 7.86632 8.37519 8.61240 8.60477 8.61972 8.63288 8.63288 8.63417 8.35949 8.34116 8.37472 8.40466 8.42899 8.42641 8.36569 8.26998 8.07492 7.14927 6.14433 6.14271 6.14326 6.14678 6.15052 6.08392 5.38527 5.39300 5.36131 5.26020 5.26020 5.26020 5.26020 5.26020 5.26020 5.21747 4.82216 4.81516 4.39401 4.06204 3.98051 3.89890 3.86085 3.84223 3.80728 3.34482 2.97897 2.97031 3.17657 3.20454 3.21203 2.94013 2.87070 2.85518 2.65630 2.55657 2.52207 2.49394 2.60771 2.62940
8.15315 8.15315 8.15315 8.15315 8.21480 8.24260 8.24260 8.24260 7.93400 7.84968 8.06657 8.63816 8.53994 8.54093 8.57428 8.59294 8.60998 8.48994 8.39772 8.33510 8.27259 8.21001 8.15842 8.14935 7.92348 7.54906 7.01162 6.17018 6.17522 6.17968 6.18212 6.18432 6.18648 5.63395 5.42509 5.42264 5.42896 5.44374 5.45677 5.46967 5.48258 5.48881 5.44237 5.06971 4.89321 4.58206 4.11622 4.03970 3.95774 3.88106 3.83967 3.81476 3.66093 3.13080 3.13083 3.27296 3.39857 3.42782 3.18133 3.01040 3.04550 2.81136 2.53273 2.52020 2.50772 2.55795 2.56325
7.46186 7.43173 7.40187 7.37211 7.35725 7.67536 7.66182 7.64172 7.45445 7.31640 7.34757 8.29172 8.18874 8.18072 8.22745 8.16694 8.10525 8.05327 7.95678 7.78488 7.59269 7.37665 7.15141 6.92219 6.73202 6.51606 6.42603 6.21269 6.21269 6.21269 6.21269 6.21269 6.21269 5.92400 5.44693 5.44693 5.52769 5.54746 5.50065 5.43007 5.35946 5.28758 5.21172 4.85268 4.51409 4.32924 3.76624 3.76019 3.75653 3.74843 3.75838 3.77234 3.78607 3.27281 3.17945 3.22227 3.38068 3.31469 3.09910 2.69443 2.67321 2.56472 2.37194 2.37907 2.37907 2.38826 2.39831
7.00450 6.97964 6.95483 6.93010 6.90532 7.24472 7.27818 7.16056 6.99250 6.74792 6.80930 7.73660 7.49821 7.24840 7.28901 7.13272 6.90023 6.77408 6.87461 6.84371 6.82687 6.82684 6.82684 6.82684 6.80400 6.56676 6.45512 6.24369 6.21269 6.21269 6.21269 6.21269 6.21269 6.16720 5.43977 5.34609 5.32289 5.26834 5.19319 5.14145 5.08980 5.04620 5.02094 4.70316 4.27929 4.24897 3.72561 3.69852 3.71613 3.73822 3.74222 3.74192 3.69308 3.33064 2.95627 2.90445 2.97200 2.96370 2.95365 2.56273 2.59689 2.59689 2.39406 2.38014 2.38589 2.39665 2.41772
6.82220 6.81165 6.69906 6.57475 6.46525 6.54354 6.74291 6.66635 6.59293 6.47516 6.47057 6.84090 6.55263 6.36208 6.49837 6.57856 6.57085 6.57167 6.71936 6.79039 6.82684 6.82684 6.82684 6.82771 6.85548 6.71416 6.59157 6.33490 6.14067 6.12627 6.09615 6.01515 5.93001 5.79514 5.18041 4.91309 4.90673 4.95077 4.95052 4.95043 4.94755 4.94331 4.93906 4.74348 4.41128 4.32525 3.89243 3.69710 3.61675 3.54134 3.47050 3.40396 3.37703 3.31522 2.83958 2.83525 2.90394 2.96370 2.96370 2.66439 2.59666 2.60712 2.48411 2.40296 2.40352 2.40404 2.42214
6.29262 6.22306 6.21010 6.21010 6.21010 6.21556 6.43818 6.37723 6.27905 6.13350 6.03897 6.27377 6.42245 6.26832 6.40140 6.59804 6.63351 6.66899 6.82806 6.99886 7.15297 7.19351 7.23405 7.27372 7.28650 7.18337 6.98738 6.51954 5.90034 5.77247 5.62886 5.53617 5.44771 5.40880 5.22138 4.84670 4.85440 4.93989 4.93565 4.93148 4.93013 4.93013 4.87554 4.63477 4.26648 4.03891 3.67448 3.37703 3.37703 3.37703 3.37703 3.37703 3.37703 3.37703 2.97527 2.83542 2.86522 2.97330 2.97855 2.80382 2.59775 2.61727 2.55728 2.39978 2.40352 2.40352 2.41803
6.21010 6.21108 6.22202 6.17357 6.10063 6.02984 6.09350 6.14565 6.15892 6.22853 6.31259 6.43736 6.83159 6.65453 6.67136 6.89233 6.89233 6.89233 6.98387 7.11239 7.28650 7.28650 7.28663 7.38222 7.55709 7.64528 7.42193 6.31474 5.44012 5.40880 5.40739 5.40323 5.39899 5.39474 5.36961 4.85641 4.82847 4.88669 4.77000 4.63606 4.50227 4.36850 4.28920 4.26098 4.07983 3.93406 3.76851 3.37703 3.37703 3.37703 3.37703 3.37685 3.33705 3.26708 3.06324 2.85153 2.85333 2.97177 2.98408 2.92495 2.58331 2.61727 2.61689 2.40778 2.40498 2.42107 2.45080
6.21683 6.14993 6.07493 6.05187 6.05187 6.05187 6.10801 6.20630 6.20630 6.25505 6.37440 6.37482 6.76646 6.72723 6.63416 6.86983 6.89233 6.89233 6.95184 7.10126 7.48938 7.59694 7.68590 7.67913 7.59325 7.57213 7.38601 6.59992 5.50028 5.39132 5.38849 5.38841 5.37225 5.25580 5.12197 4.62989 4.29436 4.26085 4.28856 4.28856 4.28856 4.28856 4.28856 4.28856 4.13031 3.96365 3.86125 3.40614 3.35374 3.28499 3.21499 3.14525 3.13231 3.24638 3.37463 3.27802 3.40973 3.37255 3.30663 3.37007 2.94001 2.28018 2.27950 2.21681 2.13516 2.21862 2.30497
6.05187 6.05187 6.05187 6.05187 6.05187 6.05187 6.05731 6.20063 6.20630 6.21519 6.37183 6.37440 6.60323 6.79690 6.63364 6.81792 7.01009 7.10178 7.20752 7.34324 7.50989 7.52963 7.53972 7.54940 7.55960 7.56572 7.40223 6.85432 5.48253 5.01590 4.87228 4.72745 4.58872 4.54751 4.52336 4.33597 3.91550 4.07634 4.39121 4.42395 4.45549 4.48757 4.51995 4.55178 4.44192 4.24110 4.12423 3.97198 3.87567 4.00318 4.15262 4.32495 4.48686 4.55227 4.59018 4.43850 4.37108 4.39478 4.50212 4.75125 4.50595 2.69283 2.88738 2.69881 1.93352 1.93453 1.94072
6.09964 6.10299 6.10628 6.10957 6.11292 6.11624 6.11953 6.22103 6.26410 6.26668 6.40132 6.43991 6.58057 7.03879 6.98431 7.13985 7.20346 7.19745 7.19892 6.93933 7.07798 7.14948 7.13558 7.14461 7.18174 7.21875 7.19990 6.12006 4.75367 4.12382 4.10995 4.09682 4.09400 4.09400 4.09400 4.08260 3.57616 3.80443 4.79734 4.79734 4.79409 4.74109 4.67106 4.60111 4.50984 4.46512 4.43812 4.65486 4.61885 4.67493 4.70601 4.70732 4.72102 4.89290 5.11396 5.24646 5.25032 5.45444 5.58617 5.61792 5.40798 3.55532 3.25262 3.32864 2.32839 2.18430 2.19908
6.23257 6.25410 6.27563 6.29716 6.31869 6.34036 6.36188 6.41764 6.51319 6.72436 7.04803 7.36225 7.53762 7.47036 7.39757 7.28789 7.08197 7.08213 7.08987 6.91773 6.99024 7.16583 7.21686 7.24484 7.24491 7.24491 7.24491 6.38288 5.28556 4.09400 4.09400 4.09400 4.09400 4.09400 4.09400 4.09400 3.75918 3.52381 4.64464 4.61903 4.59493 4.66984 4.76140 4.85297 4.91869 4.91348 4.73756 4.87222 4.99498 5.21593 5.43741 5.65826 5.86552 5.91451 5.91451 5.93857 5.72172 5.75150 5.88351 6.03430 6.02039 4.27863 3.47731 3.47731 2.79539 2.19987 2.21780
6.50881 6.50881 6.50881 6.50881 6.52325 6.73199 7.01082 7.26088 7.38977 7.41788 7.48071 7.61870 7.62774 7.57747 7.51950 7.46735 7.25698 7.30071 7.34550 7.20361 7.12684 7.24491 7.24491 7.24491 7.24491 7.24491 7.24491 6.78500 5.79101 4.18118 4.07308 4.06476 4.05647 4.02616 3.94941 3.87051 3.63470 3.36030 4.41239 4.80669 4.85564 4.85542 4.85599 4.88402 4.92701 4.97003 5.20520 5.69731 5.91943 5.91451 5.94116 5.99808 6.05504 6.11199 6.16894 6.19687 6.02397 5.89082 5.91780 6.06493 6.06493 4.81850 3.48613 3.54471 3.31307 2.44971 2.51465
6.70204 6.85876 7.13626 7.37435 7.58142 7.59992 7.55521 7.54272 7.63521 7.67055 7.72382 7.92230 7.96356 7.98760 7.88092 7.82664 7.59966 7.53432 7.53511 7.44159 7.25540 7.24922 7.24976 7.23683 7.21731 7.19859 7.18061 7.08251 6.07685 4.63423 3.91919 3.84762 3.73448 3.62560 3.56313 3.50275 3.48130 3.58049 4.28618 4.91848 4.96150 5.00453 5.04697 5.06192 5.06192 5.07849 5.25942 5.77912 6.12980 6.16654 6.19684 6.19687 6.19687 6.19687 6.19687 6.19687 6.13489 5.89082 5.89473 6.08848 6.18922 5.57797 3.72524 3.73299 3.71016 2.62544 2.51948
7.54340 7.61540 7.57425 7.57043 7.57883 7.66932 7.79239 7.91766 8.03541 7.94083 7.96719 8.01765 8.01727 8.01796 7.92053 7.85819 7.66396 7.51194 7.48927 7.43452 7.18641 7.15598 7.13603 7.13029 7.13029 7.12955 7.09806 7.04763 6.18351 4.96529 3.55820 3.49819 3.48032 3.49300 3.53488 3.57790 3.62091 3.72641 4.18608 5.06192 5.07135 5.11330 5.15794 5.20259 5.24725 5.27530 5.28459 5.78687 6.23236 6.19687 6.19687 6.19687 6.19687 6.19687 6.19610 6.15914 6.10216 6.03181 6.09309 6.20193 6.32061 6.13146 3.87364 3.73299 3.73299 3.02263 2.51948
7.61787 7.90108 8.02598 8.14414 8.24979 8.29028 8.29888 8.29888 8.30608 8.16729 8.12260 8.07058 8.02564 8.02747 7.87109 7.73229 7.57338 7.39977 7.39977 7.39957 7.17203 7.13823 7.11458 7.06315 6.97119 6.87095 6.80156 6.75097 6.32066 5.46053 3.64356 3.61238 3.65534 3.68567 3.68683 3.69115 3.72876 3.79726 4.03399 5.23464 5.27299 5.27573 5.27573 5.27573 5.27573 5.27573 5.27573 5.59528 6.18491 6.19687 6.19687 6.17345 6.11691 6.06010 6.00411 5.98668 6.02357 6.12888 6.23918 6.30433 6.36670 6.39309 4.50369 3.96615 4.05216 3.82718 3.37707
8.00798 8.29927 8.29888 8.29824 8.29565 8.29302 8.29048 8.28801 8.28563 8.22405 8.12396 8.09847 8.03202 8.03202 7.92910 7.72757 7.64916 7.40062 7.39551 7.35346 7.09418 6.91160 6.79745 6.74812 6.74559 6.75509 6.76461 6.77437 6.71113 5.86398 4.21023 3.72212 3.76740 3.81269 3.85796 3.89893 3.90658 3.90782 4.00809 5.13525 5.35049 5.37162 5.39282 5.41424 5.43538 5.45677 5.47803 5.64475 6.28988 6.37201 6.33584 6.33378 6.40041 6.47247 6.54459 6.61400 6.64941 6.68826 6.81640 6.82684 6.93148 7.12552 6.02440 4.98196 5.19807 5.35814 4.73317
7.90051 8.30133 8.32597 8.32913 8.33443 8.33992 8.34534 8.35074 8.35623 8.35501 8.20825 8.20952 8.12908 8.13267 8.09721 7.84332 7.70545 7.36508 7.24723 7.21021 7.03326 6.83465 6.80098 6.81410 6.82089 6.82471 6.81111 6.77416 6.73688 6.20488 5.11213 3.97152 3.97522 3.97896 3.98267 3.98639 3.99012 3.99347 4.05247 5.13608 5.74613 5.74613 5.74613 5.74230 5.70249 5.65381 5.60465 5.59382 6.31928 6.63130 6.66126 6.70216 6.70718 6.70718 6.70718 6.71532 6.85129 7.03150 7.29979 7.50544 7.79594 8.00373 7.25781 5.55514 5.81059 6.06589 5.37138
