OMI_NO2_yc_0.0167deg/OMI_NO2_yc_0.0167deg/OMI_NO2_200702.asc
ncols      200
nrows      200
xllcorner       110.913
yllcorner       33.7933
cellsize     0.0166667
NODATA_Value      -999.000
[rows 116 to 144 of 184, columns 67 to 133 of 200]
11.1911 11.7871 11.9702 12.1547 12.3240 12.4916 12.5512 12.5580 12.7258 12.7180 12.7073 12.7006 13.1070 13.4983 13.4983 13.4983 13.4983 13.5350 13.7549 13.7552 13.8054 13.9111 13.9999 14.3164 14.4690 15.0810 15.5627 15.8574 17.5971 18.1243 18.3102 18.4677 18.6251 19.1912 20.2406 20.3912 20.4391 20.4795 20.5198 20.5603 20.6008 21.2712 22.9385 22.9738 22.9753 22.9488 23.1310 23.7818 24.0826 24.0214 24.4470 25.3033 25.9680 26.6316 26.9661 27.0270 27.1507 27.5526 27.9629 28.3619 28.6057 28.2008 28.3049 29.1217 29.3053 29.3188 29.7503
12.3238 12.7374 12.7743 12.7981 12.8103 12.8272 12.9534 13.1034 13.3645 13.4961 13.6108 13.7272 14.0339 14.8546 14.9809 15.1088 15.2387 15.3700 15.7597 15.9397 16.0306 16.0354 15.7708 15.7103 15.9401 16.8173 17.2533 17.3006 18.7601 19.5979 19.6369 19.6841 19.7313 19.8685 20.8422 21.0779 21.3345 21.6230 21.9052 22.1791 22.4920 23.0268 24.0781 24.3684 24.6683 24.9640 25.2176 26.0456 26.6403 27.0345 27.1435 27.6064 27.7186 28.0872 28.4863 28.8849 29.2100 29.2542 29.2542 29.2542 29.3338 28.5013 28.4972 28.9263 29.3188 29.3188 29.3260
13.8159 14.3238 14.6356 14.8096 14.9439 15.0317 15.0589 15.0735 14.9489 14.8576 14.8722 14.8869 14.9081 15.7631 15.8613 15.8759 15.8905 15.8999 15.9779 15.9513 15.7934 15.6476 15.6361 16.2495 16.2959 17.2194 18.2609 18.6463 19.7047 21.6506 21.7360 22.0442 22.3437 22.6345 23.3802 24.1518 24.4282 24.6841 24.9502 25.2321 25.6212 25.8821 26.0577 26.3500 26.9241 27.5212 28.0680 28.7803 29.2305 29.4740 28.9009 29.0257 29.2333 29.2542 29.2542 29.2542 29.2542 29.2542 29.2542 29.2542 29.3736 28.6797 28.4972 28.6255 29.3178 29.3188 29.3188
14.7774 15.0681 15.3598 15.3640 15.3852 15.2696 15.2441 15.2441 15.1636 14.9991 14.9991 14.9991 14.9991 15.5761 15.8327 15.6744 15.5163 15.3633 15.4149 15.6190 15.6190 15.6190 15.6190 16.0265 17.8017 20.5420 21.2530 21.3197 21.4189 23.9303 23.9606 24.2478 24.6695 25.2066 25.6105 26.3678 26.6107 26.8536 27.0965 27.3488 27.6912 28.0449 28.3529 28.5913 28.6088 28.5855 28.5339 28.7364 30.3284 30.3465 29.6629 29.3190 29.2722 29.2542 29.2542 29.2542 29.2542 29.2542 29.2542 29.2542 29.2992 28.9674 28.4972 28.4972 29.1444 29.3188 29.3188
14.8743 15.0210 15.4168 15.3887 15.3885 15.3041 15.2441 15.2441 15.2212 14.9997 14.9243 14.7662 14.6079 14.7532 15.3195 15.3195 15.3195 15.3195 15.3374 15.6142 15.6190 15.6027 15.5089 15.5768 16.6242 20.7216 21.9127 22.3553 22.5922 25.3366 26.4032 26.6232 26.7179 26.7179 26.6943 27.3227 27.5621 27.9143 28.2681 28.6064 28.6922 28.6664 28.6165 28.5224 28.4997 28.4954 28.4874 28.3936 29.9966 30.3158 29.8325 29.3255 29.2213 29.1460 29.1401 29.1345 29.1287 29.1230 29.1173 29.1116 29.1065 29.0994 28.3574 28.3523 28.6807 29.0237 28.8922
14.8743 14.9057 15.4145 15.3949 15.3885 15.3391 15.1895 15.0336 14.8756 14.5088 14.3889 14.3920 14.4020 14.4613 15.3306 15.3311 15.2365 15.1699 15.1085 15.7328 16.1452 16.3349 16.6027 16.8852 17.7928 21.6375 23.1566 23.2836 23.2803 25.0126 26.6440 26.6407 26.6375 26.6342 26.6310 27.8184 28.6164 28.5923 28.5650 28.5396 28.5195 28.5176 28.5148 28.4318 28.4290 28.4290 28.4290 28.3499 29.2655 30.2606 29.9839 29.3187 29.1806 29.0297 29.0297 29.0297 29.0297 29.0297 29.0166 28.9924 28.9701 29.1701 28.3570 28.3239 28.2922 28.3327 28.2395
14.8869 14.8880 15.4257 15.3942 15.2314 15.0681 14.8456 14.8535 14.8638 14.7554 14.7690 14.8767 14.9780 15.0788 15.2066 15.1733 15.2208 15.2310 15.2310 16.2141 17.2257 17.2257 17.2257 17.2257 17.6618 20.7379 22.9953 23.2474 23.2474 24.1954 26.6177 26.6177 26.6131 26.5868 26.5577 27.2390 28.5197 28.5176 28.5176 28.5176 28.5184 28.5405 28.5717 28.5360 28.5454 28.5765 28.6077 28.5825 28.8375 30.5285 30.4647 29.0726 28.8957 28.6976 28.6651 28.6411 28.6149 28.5368 28.4792 28.4416 28.4040 28.4417 27.9537 27.5871 27.5106 27.5386 27.5113
14.5729 14.4140 14.6701 14.8673 15.2284 15.3293 15.3051 15.3862 15.4873 15.4651 15.3139 15.3139 15.3139 15.3139 15.2813 15.2310 15.2310 15.2310 15.2310 15.6629 17.2257 17.2257 17.2257 17.2257 17.3731 19.6753 22.7999 23.3032 23.3245 23.5162 26.7420 26.7862 26.7982 26.8318 26.8682 27.0295 28.8230 28.9247 28.9558 28.9870 29.0192 29.0386 29.0498 29.0170 28.9838 28.9950 29.0063 28.9896 28.9552 30.4856 30.8530 29.1085 28.5229 28.1848 28.0187 27.9058 27.7984 27.7303 27.6530 27.5631 27.4031 27.3153 27.3839 26.8073 26.7342 26.7137 26.7465
13.5098 13.3989 13.6895 14.2278 15.6120 15.7033 15.6132 15.5589 15.5589 15.5262 15.3198 15.3420 15.3651 15.3883 15.4037 15.3758 15.4035 15.4313 15.4591 15.5092 17.3686 17.5370 17.5647 17.5926 17.6252 18.7545 22.8573 23.5352 23.5347 23.5448 26.5070 27.1950 27.2081 27.2212 27.2344 27.2475 28.6769 29.1789 29.1901 29.1908 29.0525 28.8641 28.6752 28.5145 28.4206 28.0799 27.7560 27.9105 27.7123 28.2885 29.1260 28.1204 27.3793 27.2758 27.1424 27.0680 26.9676 26.8646 26.7616 26.6646 26.6374 26.6396 27.1210 26.4809 26.4784 26.4822 26.6151
13.0725 12.9771 13.0132 13.5656 14.4821 14.8722 14.7207 14.5362 14.4406 14.3470 15.5272 15.6954 15.7170 15.7384 15.7598 15.7900 15.8177 15.8435 15.8692 15.8950 17.2452 17.9275 17.9373 17.9470 17.9519 18.2983 22.2716 23.6642 23.6885 23.6004 25.4824 26.7838 26.5628 26.3424 26.1212 25.9008 26.5405 27.5621 27.1572 26.7676 26.5224 26.3253 26.1357 25.9468 26.3790 26.1897 25.9956 26.4247 26.4286 26.4358 27.7466 26.9438 26.1751 26.8100 26.6684 26.6399 26.6374 26.6374 26.6374 26.6374 26.6374 26.6374 27.0508 26.6219 26.4784 26.4784 26.5646
12.3173 12.3148 12.3530 13.1131 13.7848 14.7206 14.7195 14.5433 14.5647 14.5842 15.4956 15.9696 15.9696 15.9696 15.9696 15.9941 16.0175 16.0065 15.9905 15.9745 16.7346 17.9507 17.9507 17.9507 17.9507 18.0415 20.1763 21.5425 21.4914 21.3592 22.6127 24.8596 24.6552 24.4651 24.2837 24.0527 23.8902 25.2610 25.2578 25.0455 24.8332 24.6225 24.4141 24.2854 24.8594 25.0931 25.1316 25.4884 25.8615 25.8240 27.0216 27.1591 25.8408 26.7437 26.6374 26.6374 26.6374 26.6374 26.6374 26.6374 26.6374 26.6374 26.8997 26.8426 26.4784 26.4784 26.5104
12.7894 12.5642 12.5642 13.1334 13.5216 14.8410 14.8420 14.6108 14.5877 14.5877 15.1670 15.9696 15.9696 15.9620 15.9487 15.9446 15.9611 15.9561 15.9561 15.9561 16.1831 17.9486 17.9507 17.9507 17.9498 17.9330 19.0758 20.7065 20.6997 20.2443 20.1633 22.5218 22.1166 21.7560 21.3951 21.0907 21.1179 23.4588 24.2184 24.2483 24.3034 24.3584 24.4087 24.4124 24.7463 25.0793 25.0549 25.1749 25.8138 25.8003 26.4506 27.4501 25.9679 26.5851 26.7465 26.7511 26.7625 26.7740 26.7852 26.7969 26.8080 26.8197 26.9413 27.2681 26.6948 26.7062 26.7178
12.9993 12.5642 12.5642 12.9618 13.3442 14.6003 14.8424 14.6711 14.5877 14.5820 14.8182 15.9372 15.9239 15.9181 15.9181 15.9188 15.9535 15.9561 15.9604 15.9904 15.9208 16.9919 16.7802 16.3533 15.9481 15.5317 15.5400 17.5673 18.0908 18.1345 18.1444 20.8845 21.2243 21.2275 21.2375 21.2474 21.2575 22.7695 24.5436 24.6158 24.6014 24.5859 24.5702 24.5605 24.7479 25.2918 25.3005 25.3084 25.9936 26.0531 26.1628 27.6520 26.5565 26.5371 27.0791 27.0840 27.0840 27.0840 27.0840 27.0840 27.0840 27.0840 27.0881 27.6588 27.2312 27.4967 27.8078
12.9736 12.5965 12.5252 12.7466 13.2967 14.1260 14.7691 14.6407 14.4792 14.4673 14.4739 15.7499 15.8173 15.5688 15.2461 14.9230 14.8522 14.8032 14.6059 14.3636 14.2041 14.3669 14.4963 14.4963 14.4963 14.4963 14.5442 16.9061 18.1642 18.3135 18.3135 20.3170 21.3888 21.3663 21.3663 21.3603 21.3341 22.1943 24.1711 24.5944 24.5931 24.5931 24.5931 24.5931 24.6164 25.2864 25.2741 25.1732 25.5393 25.7148 25.6103 26.6426 26.5778 26.3370 27.1501 27.1658 27.1738 27.1818 27.1897 27.1978 27.3418 27.6160 27.8899 28.5682 28.6993 28.8187 28.9616
12.4615 12.7252 12.4383 12.4829 13.1916 13.5885 14.3776 14.0162 13.4928 13.1735 12.8553 13.5102 13.6190 13.5445 13.5445 13.5445 13.7901 14.2014 14.2014 14.2014 14.2014 14.2863 14.4963 14.4963 14.4963 14.4963 14.4963 16.1705 17.9928 18.3135 18.3241 19.5360 21.0656 20.8826 20.7370 20.5977 20.4782 20.7213 22.6593 23.6047 23.5021 23.3994 23.2966 23.1935 23.0908 23.5263 23.6439 23.6588 23.9186 24.5267 24.5990 25.2050 26.3794 26.5851 27.5031 27.6749 27.9229 28.3936 28.8853 29.3763 29.7317 29.9559 30.1652 30.3948 30.5622 30.6377 30.6011
12.3271 13.2141 12.4814 12.4644 13.1134 13.1764 12.4488 12.4140 12.1765 12.1626 12.1626 12.8071 13.5445 13.5445 13.5445 13.5520 13.6358 14.2579 14.2909 14.3185 14.3460 14.3860 14.6881 14.7238 14.7514 14.7790 14.8067 15.7659 18.0085 18.5945 18.5969 18.7444 19.4494 19.4191 19.4362 19.4554 19.4745 19.5025 21.3096 22.9384 23.1018 23.1185 23.1352 23.1530 23.2886 23.8610 24.4034 24.6504 24.9955 25.8944 26.2810 26.4921 28.1535 28.8024 29.9354 30.6745 30.8396 30.7813 30.6808 30.5205 30.3570 30.1935 30.0462 29.9763 30.0185 30.1902 30.1906
13.3019 13.2392 12.5729 12.4752 13.0306 13.3808 12.9186 12.7810 12.6594 12.6495 12.7108 13.0252 13.8767 13.9043 13.9329 13.9648 13.9811 14.5116 14.6687 14.6841 14.6995 14.7149 14.9487 15.0544 15.1831 15.3313 15.4798 15.7591 17.9261 18.8560 18.8668 18.8738 19.6542 19.7167 19.9126 20.1392 20.3651 20.5912 22.0727 23.8006 24.6157 24.9181 25.2416 25.5652 25.7701 26.0723 26.7132 26.7711 26.7636 26.8257 27.4099 27.7050 29.0447 29.8671 30.0434 30.1912 30.1074 30.0225 29.9596 29.9562 29.9562 29.9562 29.9562 29.9561 29.9951 30.1562 30.1906
14.0829 14.1016 13.7266 13.2981 13.6642 14.1686 13.8894 13.5336 13.3607 13.1281 13.1435 13.1838 14.1120 14.1607 14.1753 14.1787 14.1787 14.5001 14.8356 14.8423 14.9443 15.0772 15.3479 15.7327 16.0350 16.3115 16.5790 16.8380 18.6994 20.2895 20.6040 20.8303 21.6538 22.0536 22.0829 22.2245 22.3686 22.5128 23.3853 24.9704 26.0499 26.0650 26.0576 26.0501 26.0426 26.1062 27.0170 27.3379 27.6406 27.7239 28.1156 28.3216 28.8255 29.5157 29.6005 29.9512 29.9562 29.9562 29.9562 29.9562 29.9562 29.9562 29.9562 29.9562 29.9853 30.1012 30.1906
14.7245 14.6951 14.5423 13.7717 13.9146 14.5471 14.4245 13.8245 13.6742 13.2075 13.2075 13.2075 13.9390 14.2720 14.5745 14.8769 15.2515 15.7749 16.6511 17.0158 17.2845 17.5182 17.7950 18.1376 18.1395 18.1395 18.1395 18.1395 19.2052 21.1477 21.4568 21.5723 22.1854 22.8822 23.3881 23.5268 23.6623 23.7978 24.0255 24.8389 25.8062 26.0297 26.2368 26.5391 26.8417 27.0964 27.7133 28.0851 28.2891 28.4514 28.7655 28.8595 28.8697 29.3741 29.5514 29.8922 29.9570 29.9587 29.9603 29.9620 29.9637 29.9654 29.9670 29.9687 29.9888 30.0621 30.2081
14.7358 14.7241 14.6383 13.9888 13.7763 14.5134 14.5459 13.9035 13.8045 13.2243 13.2075 14.8681 16.3657 17.0534 17.1732 17.2853 17.3237 17.3257 17.8281 17.8867 17.8867 17.8882 17.9452 18.2679 18.4822 18.7007 18.9211 19.1459 19.8824 22.0772 22.7334 22.8439 23.0624 23.7060 24.0106 24.0773 24.0849 24.0924 24.1000 24.8065 25.8030 27.1362 27.3017 27.5088 27.7194 27.9300 28.4204 28.7739 28.7805 28.7870 28.8545 29.0320 29.0386 29.3547 29.7438 29.9507 30.0215 30.0215 30.0215 30.0215 30.0215 30.0215 30.0215 30.0215 30.0300 30.0674 30.2416
14.7358 14.7395 14.7147 14.4315 13.9638 14.4604 14.5882 14.1512 13.9345 13.6006 13.5978 14.9919 16.7955 17.4040 17.4104 17.4245 17.7087 18.3779 19.2555 19.9584 20.5471 21.1345 21.6680 20.6170 19.8458 19.8523 19.8566 19.8567 19.9662 22.1625 23.0354 23.0354 23.0641 23.8550 24.0694 24.2321 24.2321 24.2321 24.3003 24.9985 25.7893 27.9487 28.1347 28.1392 28.1392 28.1392 28.3136 28.8299 28.8299 28.8299 28.8526 29.0610 29.0485 29.1525 29.5534 29.6039 29.6865 29.6190 29.5521 29.4862 29.4199 29.3532 29.2868 29.2033 29.1284 29.0955 29.0002
16.1692 16.2354 16.1997 16.1017 15.3465 15.1577 15.0370 14.9260 14.5309 14.5768 15.0255 16.2547 19.0051 20.4577 21.1454 21.8136 22.2104 22.2240 22.2291 22.2407 22.2407 22.2407 22.2407 21.3537 19.8567 19.8567 19.8567 19.8567 19.8567 21.5413 23.0017 23.0354 23.0354 23.6868 24.0293 24.5166 24.7310 24.9455 25.0906 25.3224 25.8971 27.4043 28.0153 27.9979 27.9807 27.9634 27.9674 28.5979 28.6021 28.5848 28.5529 28.7899 28.8202 28.8616 28.8536 28.7048 29.0005 29.0354 29.0978 29.1933 29.4392 29.7008 29.9631 30.2420 30.5133 30.7594 30.9146
16.2587 16.3222 16.5515 16.8034 16.8671 16.9658 17.0537 17.5831 19.5695 19.8252 19.4377 19.4411 21.2187 22.0581 22.2240 22.2240 22.2240 22.2240 22.2248 22.2402 22.2570 22.3346 22.4176 22.2618 20.2071 20.2834 20.3665 20.4496 20.5327 21.6515 23.7857 24.2439 24.5602 24.5923 24.4949 24.8240 24.8571 24.8709 24.8846 24.9363 25.7311 26.4969 27.9463 27.9583 27.9703 27.9824 27.9944 28.5244 28.8083 29.0505 29.2818 30.1926 30.5427 30.7987 31.0185 31.0533 31.5165 31.7620 31.9594 31.9889 31.7858 31.5967 31.4701 31.3457 31.2212 31.0022 30.6678
18.8043 19.3682 19.7429 19.4485 19.2587 18.8020 18.3201 18.3679 19.7881 20.1781 19.6570 19.7035 21.0472 22.3549 22.9642 23.0474 23.1308 23.2138 23.2969 23.3929 23.4891 23.5281 23.5615 23.5949 21.6671 21.2778 21.3916 21.8936 22.4850 23.7208 25.7071 25.3702 25.3839 25.1801 24.6985 24.9434 25.0604 25.0689 25.1276 25.1946 25.8914 26.2162 28.1888 28.4037 28.4613 28.5182 28.5749 29.9334 31.3417 31.3402 31.3396 31.9545 32.2539 32.2393 32.1896 31.9591 31.4031 30.6324 30.5090 30.5219 30.6168 30.6817 30.6837 30.6837 30.6837 30.6491 30.5351
20.4897 20.5418 20.5935 20.2270 20.0201 19.5348 19.0195 18.9070 19.7455 20.5573 20.3442 20.3780 21.1819 22.7424 23.7672 23.8006 23.8341 23.8675 23.9009 23.9404 23.9592 23.9592 24.0145 24.5276 23.7779 23.2223 23.7687 23.9306 24.2059 24.5923 26.4461 25.7202 25.7875 25.7997 25.2112 25.4106 25.6982 25.7563 25.7627 25.7608 26.1619 26.5962 27.8277 28.6719 28.6873 28.7034 28.7195 29.4154 31.4257 31.4127 31.3974 31.7727 32.2597 32.5102 33.0998 32.4268 31.9068 30.6832 30.6837 30.6837 30.6837 30.6837 30.6837 30.6837 30.6837 30.6799 30.5407
20.3989 20.3517 20.3043 20.0348 19.5466 19.1550 18.5544 18.3660 18.7697 20.1109 20.4508 20.6995 20.9567 22.6042 23.9394 23.9425 23.9425 24.0069 24.2630 24.9747 25.9161 26.9201 27.9299 28.3464 27.8640 26.1211 26.3991 26.5781 26.5809 26.5809 27.0286 26.4392 26.2316 26.3200 25.8127 25.9776 26.2416 26.5405 26.8415 27.1427 27.3169 26.7186 27.1741 28.7872 28.7857 28.7620 28.7312 28.7911 31.2837 31.5820 32.1462 32.9703 34.4107 34.8161 34.8172 33.3194 32.3484 30.7496 30.6837 30.6837 30.6837 30.6837 30.6837 30.6837 30.6837 30.6837 30.5727
20.1607 20.1607 20.1607 20.1216 19.5111 19.3589 18.6739 18.3660 18.3934 20.0051 20.3116 20.6995 20.6995 23.5041 25.4278 26.3211 27.2960 28.2784 29.1155 29.3427 29.3591 29.3622 29.3622 29.3622 29.2685 26.7250 26.7305 26.9440 27.3914 27.8462 28.4835 28.9837 28.2637 28.5655 28.4320 28.2659 28.1002 28.0568 28.0544 28.0519 28.0357 26.8146 26.7188 28.3771 28.6599 28.8298 29.3006 29.8054 32.6240 33.7443 33.7446 33.7680 34.7459 34.7691 34.7667 34.0336 32.3472 30.6925 30.0707 30.0505 30.0300 30.0101 29.9893 29.9693 29.9490 29.9285 29.8348
20.1607 20.1607 20.1607 20.1607 19.6684 19.4953 18.8683 18.3660 18.3713 19.5841 20.2386 21.0864 21.7226 25.2177 28.5508 29.5660 29.5976 29.6290 29.6613 29.7803 30.1206 30.5004 30.8918 31.2833 31.6746 30.4417 30.2407 30.5132 30.5520 30.5835 30.6757 30.9658 28.9174 28.9075 28.6411 28.1933 28.0894 27.9892 27.9892 27.9892 27.9892 27.2737 27.2966 28.7550 30.2932 30.6412 30.6447 30.6447 32.2099 33.7091 33.7091 33.7091 34.5117 34.7410 34.7410 34.5126 32.5754 31.1131 29.8156 29.7416 29.6667 29.5923 29.5179 29.4431 29.3689 29.2849 28.9867
20.5338 20.5612 20.5885 20.6160 20.3476 20.0079 19.7206 19.3253 19.8560 21.2100 23.0959 24.0879 24.2480 26.2945 29.8236 31.2872 31.6781 32.0673 32.4568 32.7594 32.7943 32.6912 32.6912 32.6912 32.6912 31.7978 30.7102 30.7102 30.7102 30.7102 30.7201 31.2344 29.3931 28.9062 28.8077 28.1933 28.1487 28.1631 28.6776 29.2381 29.8474 29.6124 28.6550 28.8349 30.5099 30.5037 30.4738 30.4439 31.2202 33.4483 33.4184 33.3885 33.9318 34.3605 34.3305 34.2080 31.7078 30.3415 28.4645 28.4164 28.3309 28.1433 27.8454 27.3948 26.8378 26.2440 25.8229
