OMI_NO2_yc_0.0167deg/OMI_NO2_yc_0.0167deg/OMI_NO2_200702.asc
ncols      200
nrows      200
xllcorner       110.913
yllcorner       33.7933
cellsize     0.0166667
NODATA_Value      -999.000
[rows 29 to 57 of 184, columns 0 to 66 of 200]
4.99248 4.94656 4.19271 3.38644 3.38139 3.45687 3.71190 3.98411 4.21263 4.39296 4.40846 4.21170 4.92416 5.01760 5.19291 5.65403 5.64621 5.63843 5.63063 5.66527 6.00002 6.07314 6.23748 6.19682 6.39233 7.07526 7.09634 7.17858 8.21218 8.41595 8.66551 9.45644 9.75677 9.81655 12.2210 13.3613 13.4500 13.6566 14.3846 15.0689 15.5207 15.9738 16.3785 16.5037 17.7656 18.3887 18.8661 19.1241 19.1456 19.1366 19.3158 19.4973 19.6746 18.8000 16.3483 15.9345 12.5402 11.7043 10.2561 10.2561 8.69319 6.78365 6.78365 6.78365 6.78365 6.78365 6.78365
5.14956 5.00123 4.70316 4.19803 4.13651 4.30552 4.32266 4.30956 4.29640 4.28315 4.33966 4.18402 4.57957 4.95337 4.98150 5.59089 5.60670 5.60279 5.57487 5.54479 5.82092 5.91033 6.18503 6.18843 6.25696 7.34977 7.36369 7.36372 8.07681 8.61381 8.72208 9.30844 9.88494 9.87065 11.1737 13.7597 14.2465 14.9206 15.7527 16.6939 16.8921 17.1293 17.3679 17.6053 18.7439 19.9367 20.3560 20.3573 20.2374 19.8624 19.8269 19.7158 19.7189 19.2573 16.9270 16.0156 13.8429 12.0295 10.4713 10.1411 9.52947 6.60591 6.57442 6.54297 6.51157 6.48886 6.48941
6.38819 6.06879 5.59145 4.81983 4.25109 4.24033 4.23814 4.23810 4.23810 4.23810 4.33625 4.27693 4.29293 4.98336 4.95707 5.42537 5.53998 5.51383 5.51172 5.51172 5.69651 5.89834 6.15261 6.19626 6.19626 7.15092 7.36239 7.35986 7.69682 8.52157 8.34838 8.64254 9.52586 9.83508 11.1414 14.6707 15.6569 16.2297 16.9027 17.9946 18.0321 18.0343 18.0859 18.1512 18.6229 20.0827 20.7636 20.8394 20.8881 20.4800 20.5321 20.4529 20.5169 20.4749 17.6607 15.7187 14.7338 11.5891 10.7155 9.72146 9.69716 6.62244 6.22958 6.38919 6.63001 6.86221 7.07101
6.73397 6.22407 5.83689 4.99828 4.37013 4.23810 4.23821 4.24048 4.24351 4.24634 4.29835 4.30558 4.05457 4.73673 4.88195 5.22207 5.53550 5.53792 5.54035 5.54279 5.60866 5.93426 6.07127 6.14777 6.14204 6.73159 6.93263 6.63405 6.60491 7.95095 8.33964 8.77611 9.79174 10.5778 11.1113 14.2295 16.2178 16.6608 17.4180 18.7498 18.8425 18.9148 18.9397 18.9510 18.9839 20.6059 21.2943 21.4159 21.4260 21.0337 20.9417 20.5668 20.4242 20.4037 18.4789 15.6084 15.2199 11.9636 11.3020 9.87894 10.1191 8.28502 7.12723 7.20860 7.20860 7.20860 7.20860
6.83741 6.53498 6.13245 5.18379 4.63552 4.29143 4.28028 4.24055 4.19945 4.15853 4.19128 4.27858 4.07028 4.47427 4.90866 5.08290 5.55573 5.54273 5.52426 5.50579 5.48737 5.64000 5.43611 5.18112 4.80785 5.02735 5.84843 5.84696 5.84775 7.52656 8.21980 8.48617 9.03192 10.5203 10.6085 13.6404 16.4741 16.7023 17.6534 18.7727 19.0551 19.0575 19.0575 19.0575 19.0575 20.2095 21.2230 21.4823 21.4823 21.1930 20.9779 20.6644 20.3851 20.3938 19.6635 15.7385 15.2972 13.8487 12.7165 11.2366 10.6811 9.57613 7.20860 7.20860 7.20860 7.20526 7.18523
7.10250 6.81189 6.19799 5.32573 4.80985 4.21529 4.17475 4.19699 4.21981 4.24270 4.27562 4.37412 4.20121 4.30131 5.04682 5.08194 5.36733 5.13988 4.79576 4.43389 4.06581 4.11512 4.35998 4.59767 4.63115 4.81558 5.95228 5.96343 5.96584 7.03336 8.21808 8.45483 8.85077 10.2079 10.6021 12.8926 15.6422 16.6561 17.4347 18.4901 19.0575 19.0575 19.0575 19.0575 19.0575 19.7043 21.0741 21.4823 21.4823 21.3011 20.9482 20.7569 20.3110 20.2801 20.0403 16.2607 15.3438 14.7185 12.7317 11.9910 10.6811 10.4930 7.28715 7.22542 7.27025 7.31892 7.38344
7.74836 7.20292 6.59129 5.70808 5.09841 4.47983 4.21722 4.15209 4.08833 4.02595 3.97121 4.06836 4.04209 4.24202 4.47563 4.09990 3.96005 3.95310 3.99830 4.04351 4.07600 4.16111 4.45058 4.65413 4.66866 4.66969 5.84124 5.96742 6.01091 6.65034 8.05791 8.35343 8.83812 9.55801 10.6040 12.1311 14.5951 16.6561 17.1162 18.2085 19.0587 19.0719 19.0884 19.1045 19.1208 19.2603 20.9252 21.4878 21.4821 21.3991 20.6826 20.6370 20.0712 20.0503 20.0366 17.0644 15.1757 14.3995 12.1167 11.1891 8.94480 8.45433 7.48094 7.36301 7.36271 7.36187 7.36187
6.87226 6.09287 5.78175 4.98742 4.45671 4.14995 3.82004 3.79699 3.77648 3.77177 3.76992 3.89256 3.96017 4.20368 4.15681 3.70592 3.91322 4.07740 4.07740 4.07740 4.08146 4.09221 4.43379 4.63299 4.73248 4.80241 5.79361 6.31714 6.35221 6.48133 8.08909 8.53728 8.94298 9.19966 10.7965 11.6386 14.0329 16.7011 17.0916 18.2563 19.4055 19.3419 19.2698 19.2476 19.2254 19.2337 20.6639 21.6482 21.6779 21.3990 19.9379 19.4342 18.5743 18.0653 17.6613 15.6318 12.5300 12.1845 10.9593 9.68828 8.40867 7.63926 7.50851 7.36187 7.36187 7.36187 7.36187
6.48704 5.77038 5.76680 5.20949 4.50423 4.26281 3.86871 3.82827 3.85476 3.88502 3.93792 4.09831 4.26125 4.40557 4.65783 4.00309 4.07755 4.33063 4.34460 4.35865 4.38317 4.44851 4.74036 5.06316 5.21638 5.22269 5.90223 6.73666 6.74280 6.74899 8.03787 8.77143 9.16544 9.43282 10.5789 11.2893 14.1982 15.9880 17.0215 17.8789 19.1330 19.2269 19.3606 19.4526 19.5371 19.6216 19.4161 19.1325 18.9448 18.8347 18.0106 17.6079 17.2572 16.9727 16.9679 16.4605 12.5032 12.3166 11.7064 9.62910 9.07463 7.53516 7.46747 7.22728 7.21200 7.19677 7.18154
6.57638 5.91514 5.84993 5.57746 4.84841 4.60907 4.18155 4.04505 4.09024 4.11598 4.11609 4.21981 4.46369 4.53692 4.79422 4.40095 4.16395 4.52012 4.59017 4.65234 4.69996 4.70302 4.81054 5.13086 5.29428 5.29428 5.62487 6.79589 6.79589 6.79589 7.58889 8.63498 9.06604 9.45639 9.98144 11.4193 13.9458 15.5057 17.5210 18.1281 19.5437 19.9023 19.9045 19.8985 19.8999 19.9014 19.5106 18.3076 18.4030 18.3369 17.7399 17.0497 16.8204 16.3674 16.3227 16.2657 12.7012 12.0768 11.6574 9.82960 9.26374 7.47234 7.22695 6.97696 6.95887 6.99235 6.96326
6.75713 6.20377 5.92325 5.84932 4.97763 4.74148 4.32514 4.12270 4.11609 4.11609 4.11609 4.14220 4.46282 4.53431 4.80415 4.80499 4.35644 4.61252 4.68664 4.68381 4.68100 4.67817 4.68589 5.03542 5.30949 5.31597 5.35436 6.78742 6.91773 7.00577 7.40856 9.03048 9.72263 10.5128 10.8084 12.4732 14.2564 15.7051 17.7133 18.0790 19.1706 19.6831 19.6474 19.5984 19.5492 19.5004 19.4505 17.9395 17.9508 17.9531 17.6758 16.7671 16.7249 16.1589 16.1548 16.1542 13.7257 12.0864 11.8128 10.6367 9.24655 8.14002 7.18226 6.94253 6.76253 6.66170 6.62346
6.75988 6.38187 5.87980 5.87472 5.19304 4.72030 4.40814 4.14495 4.07501 4.09601 4.15487 4.21425 4.55976 4.62933 4.79600 5.01705 4.37692 4.49152 4.65006 4.65006 4.65924 4.74798 4.86497 5.22939 5.71455 5.89799 6.07757 7.45757 8.02084 8.22244 8.42209 10.1174 10.6267 11.2292 11.3580 12.2857 13.7273 15.4632 16.7440 17.7818 18.6827 19.4979 19.4866 19.4886 19.4909 19.4929 19.4932 18.3957 17.9726 17.9743 17.9336 16.8100 16.7838 16.2613 16.1517 16.1517 14.7584 11.9625 11.7280 11.0167 8.50764 8.15212 6.90277 6.80574 6.62346 6.62346 6.62346
6.75988 6.59449 5.82793 5.82793 5.51915 4.70878 4.60548 4.35002 4.25624 4.30076 4.33380 4.36928 4.61566 4.75558 4.89717 5.29009 5.09824 5.02306 5.36667 5.48377 5.61022 5.67186 5.70547 5.97087 6.70877 7.01828 7.14004 7.99635 8.70696 8.71998 8.73302 9.82029 10.6382 11.1919 11.3795 11.6317 13.1746 15.3580 15.8376 17.7394 18.2549 19.4932 19.4932 19.4932 19.4932 19.4932 19.4932 18.8739 17.9408 17.9743 17.9743 17.0343 16.7758 16.3016 15.9058 15.7725 15.2962 11.5881 11.5613 11.1662 9.11748 8.37143 7.21681 6.88080 6.63156 6.68282 6.74987
6.95315 7.03053 6.18262 6.17431 6.22316 5.40248 5.33526 4.90911 4.70003 4.70504 4.71484 4.72168 4.85759 5.02099 5.12495 5.65558 5.83017 5.52460 5.83928 5.89489 5.99403 6.08806 6.18205 6.28889 7.03936 7.25410 7.25410 7.71547 8.75572 8.75572 8.75577 9.31548 10.5417 10.9740 11.3013 11.2991 12.6627 14.8475 15.3976 17.3539 17.9129 19.4298 19.4932 19.4932 19.4932 19.4932 19.4932 19.3512 17.9079 17.8795 17.7497 16.9473 16.3118 16.0705 15.6584 15.6621 15.6658 12.3221 11.6192 11.4671 10.3255 8.79494 8.33551 7.63449 7.39784 7.33093 7.37036
7.71165 7.72669 6.92251 6.62601 6.63834 5.89769 5.58883 5.18407 4.90608 4.78493 4.80548 4.80005 4.72555 4.81018 4.71293 4.95214 5.66889 5.76288 6.08445 6.23658 6.24616 6.24616 6.24616 6.24616 6.79542 7.25410 7.26114 7.39729 8.76394 8.77212 8.77662 8.86847 10.5227 10.7591 11.3205 11.3338 12.0459 14.3069 15.4428 16.6033 17.8032 19.2040 19.5525 19.5560 19.5470 19.4704 19.3407 19.2097 17.8063 17.5269 17.5269 17.1249 16.3766 16.3926 15.9083 15.9908 16.0752 14.0307 12.6375 12.6768 12.0679 9.58547 9.40258 8.07720 7.72985 7.41467 7.41467
7.82576 7.82617 7.25164 6.64724 6.53911 6.02571 5.43403 5.25637 4.93917 4.51181 4.31060 4.13223 4.17888 4.73296 4.87822 5.24785 6.10860 6.19840 6.37620 6.54901 6.57458 6.59978 6.62530 6.65078 6.97313 7.67687 7.73134 7.74398 8.89481 9.10638 9.11928 9.13143 10.4560 10.9799 11.6145 11.7209 11.8444 14.0726 15.8575 16.1765 18.1483 18.9102 19.3530 19.2199 19.0991 19.0963 19.1995 19.3015 18.5460 17.9134 17.9966 17.9402 16.9691 16.9827 16.4551 16.3804 16.3943 15.1977 12.7725 12.7716 12.3718 10.3544 9.51249 8.50881 7.91080 7.42557 7.44984
6.52149 6.47999 6.20311 5.60407 5.37680 5.07737 4.64079 4.44993 4.29639 4.21892 4.29637 4.39040 4.43634 5.31208 5.54939 5.74256 6.37507 6.68639 6.76286 6.98642 6.98740 6.98846 6.98955 6.99031 7.06958 7.89167 7.99828 7.99828 8.83092 9.33557 9.33557 9.33557 10.1320 11.1189 11.5873 11.8749 11.8749 13.1009 15.8499 15.8894 17.6388 18.6564 19.5152 19.6159 19.7166 19.7666 19.7644 19.7630 19.3653 18.1638 18.2014 18.2063 17.1284 16.9644 16.5297 16.2416 16.1964 15.7999 13.1061 13.0369 12.8596 11.6102 9.85611 9.41561 8.42746 7.86897 7.81701
5.38767 5.59493 5.30822 4.61638 4.58799 4.58651 4.44904 4.43701 4.32120 4.34740 4.43634 4.43634 4.43634 5.07655 5.54939 5.67733 6.11835 6.68827 6.69982 6.98893 7.00733 7.01674 7.02605 7.03536 7.04475 7.71886 7.98726 7.98600 8.51231 9.32082 9.31988 9.33401 9.64744 11.3938 11.8442 12.7187 13.1066 13.7065 16.3238 16.9650 17.9836 19.1989 19.5265 19.4736 19.4260 19.3841 19.3513 19.3185 19.2671 17.7628 17.6591 17.6239 16.8359 16.4500 16.2055 15.7850 15.7791 15.7732 13.6405 13.1284 13.0946 12.4835 9.96773 9.79564 8.51422 8.00373 7.77306
3.75489 5.08557 5.08557 4.73370 4.65161 4.66551 4.56221 4.51672 4.45674 4.39699 4.52789 4.54405 4.55392 4.96904 5.68781 5.76111 6.03010 6.84251 6.86308 7.09070 7.16507 7.16507 7.16507 7.16507 7.17772 7.56420 8.02168 8.03419 8.27089 9.50598 9.76306 10.0461 10.3215 12.6289 13.1314 13.8507 13.8684 13.8682 15.5985 16.5566 16.7543 18.6756 19.1487 19.1358 19.1508 19.1596 19.1597 19.1598 19.1598 18.1156 17.6231 17.6231 17.0991 16.4508 16.3567 15.7309 15.7309 15.7309 14.2741 13.0887 12.7015 11.6129 9.82813 9.40612 8.73590 8.05624 7.66070
2.91116 5.08454 5.08557 4.95434 4.85010 4.85010 4.75709 4.64509 4.60980 4.48911 4.56775 4.61454 4.61513 4.78362 5.70612 5.68146 5.89274 6.55049 6.74944 6.94303 7.16613 7.17864 7.19114 7.27724 7.47432 7.80733 8.69469 9.03555 9.38503 10.9196 11.1246 11.1926 11.2621 12.8190 13.9965 13.8459 13.8543 13.8571 14.8535 16.5890 16.6039 18.1939 19.1322 19.1600 19.1600 19.1600 19.1600 19.1600 19.1600 18.5712 17.6231 17.6231 17.3620 16.4508 16.4507 15.7658 15.1688 14.4993 12.8872 10.1915 9.74618 9.57799 9.21246 9.34888 9.12010 8.22999 7.66390
2.44165 4.87542 5.07561 4.95176 4.75062 4.70300 4.61345 4.46077 4.42064 4.26086 4.24139 4.33027 4.30205 4.27892 5.30656 5.38081 5.61926 6.25630 7.02569 7.40294 8.07109 8.32296 8.60740 8.91448 9.09573 9.23913 9.95066 10.0662 10.0662 11.1340 11.5706 11.5706 11.5706 12.3429 14.2662 13.9795 13.8984 13.9106 14.1499 16.5851 16.6149 17.4548 19.0771 19.1602 19.1600 19.1600 19.1600 19.1600 19.1600 19.0174 17.6322 17.4801 16.8843 15.0807 14.3433 13.1329 12.6912 12.6847 12.3144 9.94226 9.70301 9.68302 9.05148 9.08869 9.04001 8.08654 7.16750
2.44095 3.87343 4.43600 4.42022 4.30504 4.30736 4.30647 4.21395 4.23651 4.16308 4.09773 4.24067 4.38335 4.57772 5.58337 6.08025 6.54383 7.25355 8.22821 8.35621 9.04598 9.20208 9.31069 9.31942 9.31942 9.31942 9.72915 10.0662 10.0662 10.7909 11.6022 11.6534 11.7007 11.8304 14.2840 14.1334 13.8203 13.8429 13.8297 15.9549 16.5066 16.6199 18.7759 19.0702 18.9991 18.9860 18.9709 18.6684 18.1064 17.4898 15.5012 14.5936 14.5381 13.6178 13.3530 13.0156 12.4186 12.2783 12.1319 9.70208 9.11153 9.07246 8.77884 8.72350 8.82373 8.31233 7.12820
2.39590 3.25266 4.43909 4.44697 4.34081 4.32020 4.31609 4.21621 4.19503 4.30061 5.02547 5.26242 5.35744 5.36711 5.97323 6.61493 6.90911 7.58290 8.75578 8.94847 9.42595 9.61124 9.64728 9.68363 9.71985 9.75588 9.99750 10.6442 10.7316 10.9938 11.4887 11.4755 11.4666 11.4678 13.3543 14.0795 13.5341 13.6559 13.6572 15.0229 16.3632 16.3646 17.8779 18.5692 17.8525 17.2373 16.5895 16.2735 16.2598 16.3256 15.3703 14.2918 14.1516 13.3654 12.7030 12.4436 11.7810 11.8392 11.8974 10.3476 9.20972 9.19402 9.07821 8.63338 8.82373 8.69472 7.47441
2.40020 2.65446 4.37210 4.39119 4.29421 4.23055 4.21422 4.44732 4.67304 4.68815 5.77079 5.86092 6.06455 6.22147 6.69751 7.55216 7.57103 8.26517 8.97832 9.44048 9.73410 10.0307 10.0391 10.0857 10.1371 10.1884 10.2370 10.9175 10.9688 10.9918 11.4987 11.5080 11.5080 11.5080 12.6266 14.1581 13.6027 13.6845 13.6860 14.2972 16.3519 16.3348 16.3509 16.7084 16.3818 16.3004 16.2291 16.1615 16.0816 15.9485 15.4757 13.7409 13.7814 13.4589 12.7400 12.7973 12.0577 11.9526 11.9156 10.9165 9.37081 9.25331 9.25548 8.73886 8.86179 8.88414 8.06866
2.20216 2.18416 4.03208 4.32432 4.28167 4.21572 4.21572 4.42757 4.72681 4.57060 5.08451 5.42094 6.10454 6.39232 6.50449 7.55637 7.55660 8.08738 8.64716 9.48164 9.67886 10.1745 10.2174 10.2220 10.2219 10.2197 10.2169 10.7414 11.0251 11.0383 11.4812 11.6039 11.6171 11.6303 12.0156 14.4163 14.0971 14.1742 14.4493 14.7567 16.6858 16.7732 16.7492 17.0349 16.1662 16.0247 15.9872 15.9457 15.9322 15.9489 15.9583 13.8360 13.6387 13.4719 12.3897 12.3452 11.7821 11.5353 11.5425 11.2094 9.54991 9.31971 9.32692 9.04546 8.85568 8.96105 8.53531
2.18416 2.18416 3.54849 4.32405 4.21017 3.99519 3.86678 3.81746 4.36529 4.36607 4.65899 5.40492 5.72059 6.37379 6.37136 7.42485 7.60056 7.98990 8.49023 9.55929 9.60870 10.1592 10.1764 10.1736 10.1710 10.1705 10.1705 10.6522 11.3257 11.3897 11.7722 12.1016 12.1855 12.3588 12.5595 15.0926 15.3780 14.8722 15.0471 15.0766 16.0515 16.2952 16.2557 16.4529 16.0417 15.6423 15.6930 15.7437 15.7667 15.7592 15.7522 14.2635 13.4125 13.4050 12.3661 12.2269 11.9642 11.6236 11.6236 11.6087 9.85532 9.38210 9.32885 9.03473 8.27632 8.11295 7.86760
2.15774 2.06020 2.66423 3.78811 3.75685 3.69440 3.68591 3.68591 4.23635 4.32282 4.35710 5.32610 5.45474 6.37552 6.49518 7.30388 7.68088 7.84511 8.44550 9.29065 9.64120 10.1902 10.4523 10.5497 10.6469 10.7442 10.8423 11.1242 11.9335 11.9972 12.2721 12.6886 12.7661 12.7565 12.7029 14.1208 15.1731 14.8588 15.0852 15.0898 15.6460 16.2177 16.2762 16.4522 16.5080 15.7174 15.7174 15.7174 15.7174 15.7174 15.7174 14.9072 13.3932 13.3932 12.6209 12.2269 12.1100 11.6236 11.5942 11.3792 9.83354 8.72493 8.44248 8.42638 7.96488 7.78492 7.78492
1.87132 1.86798 2.05904 3.64035 3.75685 3.70810 3.68669 3.70501 4.13879 4.38343 4.49594 5.27476 5.65661 6.23384 6.72676 7.37599 8.10387 8.24084 9.08101 9.58862 10.1530 10.4862 10.8133 10.7823 10.7518 10.7605 10.8743 11.0501 11.7290 11.8826 11.9364 12.3619 12.3619 12.3619 12.3619 13.0359 14.8811 15.0013 15.1847 15.2308 15.5774 16.3184 16.3629 16.3994 16.7985 15.7699 15.7174 15.7174 15.7174 15.7174 15.7174 15.5665 13.4080 13.3932 12.8672 12.0199 11.7660 10.9574 10.7034 10.6708 9.82214 8.62853 8.42205 8.41823 8.18727 7.78560 7.80716
1.86798 1.86798 1.86798 3.58753 4.02768 4.00850 3.99276 4.05782 4.42924 4.88274 5.03113 5.56468 6.35776 6.65093 7.48579 7.80461 8.69258 8.70285 9.00220 9.22625 9.94839 10.1250 10.7500 10.8971 11.0442 11.1540 11.1601 11.1611 11.6501 11.8826 11.8826 12.3062 12.3653 12.4883 12.6704 12.9215 15.4018 15.5177 15.4391 15.2647 15.3211 16.2367 16.3129 16.2992 16.6854 15.9755 15.5998 15.5845 15.5692 15.5538 15.5343 15.3920 13.2632 12.5035 12.0345 11.1987 11.1948 10.7632 10.5836 10.5128 9.91383 8.20667 7.92734 7.78857 7.62288 6.92527 6.74497
