OMI_NO2_yc_0.0167deg/OMI_NO2_yc_0.0167deg/OMI_NO2_200508.asc
ncols      200
nrows      200
xllcorner       110.913
yllcorner       33.7933
cellsize     0.0166667
NODATA_Value      -999.000
[rows 87 to 115 of 196, columns 67 to 133 of 200]
2.97202 2.97202 2.97202 2.97372 2.98170 2.95877 3.40445 3.53764 3.53274 3.48800 3.41914 3.62691 4.38286 4.56074 4.56074 4.56074 4.56074 4.56074 4.56074 5.28765 6.01142 5.72176 5.70426 5.77851 5.86546 6.19372 6.73178 6.93507 7.13873 7.33093 7.45962 7.57526 7.08693 7.04951 7.15628 7.26865 7.33517 7.16629 6.68896 6.24813 6.47461 6.57567 7.05128 7.15603 7.13483 7.09485 6.40550 6.46092 6.51753 6.57411 6.43482 6.21055 5.81969 5.82761 5.82415 5.80131 5.82258 5.72842 4.71579 4.33863 4.18917 4.11651 4.11053 4.10425 4.08792 4.08924 3.98037
2.86359 2.83182 2.79814 2.76243 2.79249 2.79859 3.12539 3.50305 3.50305 3.47121 3.40004 3.41854 4.18667 4.56074 4.56074 4.56074 4.56074 4.56114 4.62070 5.10029 6.38294 6.23996 6.38484 6.59290 6.91638 7.21147 7.77206 7.90770 8.06404 8.30286 8.46337 8.58477 8.29449 7.98024 8.01184 8.11851 8.22533 8.23154 8.15363 7.29412 7.45265 7.45774 7.68642 7.78832 7.68655 7.61554 6.82219 6.69760 6.70223 6.71857 6.62735 6.52875 6.02341 6.01714 6.01638 5.96200 6.00672 6.07330 5.27165 4.58666 4.53661 4.39949 4.42998 4.46083 4.49895 4.52948 4.51028
2.72867 2.72867 2.72867 2.72867 2.76746 2.79569 2.91382 3.50305 3.50588 3.51229 3.42915 3.43942 3.91722 4.56279 4.69448 4.80798 5.01213 5.50158 6.19379 6.92901 9.44421 9.17515 9.76712 9.04786 9.11603 9.26281 9.78426 10.0249 10.1477 10.1839 10.2125 10.2412 10.0848 9.45360 9.19779 9.20109 9.20460 9.14007 8.98244 8.04387 8.05421 8.05750 8.19703 8.38104 8.28466 8.08072 7.29439 6.91733 6.96263 6.99586 6.96697 6.79682 6.45847 6.39101 6.46575 6.48013 6.49038 6.49038 5.87803 4.96884 4.82955 4.58678 4.57322 4.57322 4.58428 4.62353 4.61314
2.98960 3.00442 3.01932 3.03414 3.05328 3.07501 3.08778 3.71302 3.83144 3.86953 3.88923 4.25363 5.06866 6.71516 7.58328 8.24602 8.81968 9.10633 9.13135 9.13135 11.0154 10.7083 10.9964 10.3737 9.92554 9.92554 10.1719 10.3941 10.3678 10.2555 10.1419 10.0340 9.92062 9.28697 9.15844 9.15697 9.15697 9.15452 8.99540 8.48930 8.29541 8.51535 8.71118 8.57677 8.60400 8.31911 7.78121 7.06785 7.00464 6.93822 6.86602 6.59131 6.56773 6.56773 6.56773 6.52976 6.49038 6.49038 6.13914 5.13051 4.79927 4.58872 4.45151 4.41068 4.37040 4.33844 4.30003
3.10580 3.10580 3.10580 3.10580 3.11164 3.45771 3.66128 4.75372 5.96187 6.47878 6.88733 6.99819 7.03159 8.73257 9.13028 9.13135 9.13135 9.13135 9.13135 9.13135 10.5097 10.9571 10.7892 10.6909 9.77137 9.67088 9.68298 9.90284 9.82657 9.82090 9.83153 9.95611 10.1116 9.90922 9.77861 9.91373 10.0835 10.5607 10.6551 10.0144 9.30751 9.41581 9.41871 8.76576 8.63056 8.28976 7.86620 6.81707 6.81707 6.81707 6.81707 6.66420 6.56817 6.57929 6.59496 6.57410 6.35293 6.31721 6.18845 5.04389 4.55909 4.48211 4.29297 4.29297 4.29333 4.29848 4.30207
3.33860 3.47720 3.64966 3.93624 4.22813 4.55351 4.67447 5.32989 7.10030 7.10030 7.07964 6.99729 6.99729 8.10640 9.06253 9.13135 9.13135 9.12869 9.05706 8.95995 9.67243 10.6725 10.0436 10.4952 9.54390 9.59709 9.67485 10.5318 10.7403 10.8961 11.0407 11.0717 11.0835 11.2388 11.2244 11.6290 12.0616 12.2071 11.8692 10.3542 9.30585 9.39318 9.39076 8.91903 8.57023 8.33458 8.13662 6.85561 6.85409 6.86976 6.88543 6.82515 6.66700 6.67154 6.67154 6.66899 6.28366 6.24516 6.24520 5.34519 4.58464 4.56017 4.32219 4.30369 4.32431 4.40655 4.50099
4.24893 4.40383 4.52477 4.53233 4.53233 4.60899 4.67406 4.73428 6.97392 7.10030 7.09962 7.00603 6.98492 7.31978 8.52237 8.50992 8.38539 8.62121 8.92506 9.00291 9.39590 11.1514 10.3774 11.0205 10.1998 9.93647 9.93647 10.7347 11.0815 11.3907 11.8367 12.2846 12.7499 13.2452 12.5496 12.4076 12.4918 12.5549 12.5536 10.7521 9.65424 9.42194 9.44427 9.21427 8.65954 8.52388 8.29608 7.16528 6.92088 6.92088 6.92088 6.91168 6.68162 6.67224 6.67212 6.64560 6.34263 6.14971 6.11502 5.50250 4.77662 4.98219 4.76380 4.36835 4.40304 4.39131 4.38216
4.53233 4.53233 4.53233 4.53233 4.53233 4.57072 4.67406 4.65440 6.10866 6.65892 6.45800 6.52072 6.62907 6.70068 8.21307 8.62222 8.62814 8.78707 9.25730 9.25730 9.26849 11.1379 10.5647 10.8558 10.5363 10.2471 10.6925 11.6285 12.8888 13.4893 13.9564 14.4238 14.8602 15.0108 13.8585 12.9789 13.1312 13.3016 13.4886 12.6396 10.9200 9.86230 10.0306 10.1019 9.47797 9.46568 8.22886 7.30024 6.70589 6.63692 6.56785 6.49876 6.38009 6.32514 6.29295 6.28732 6.31349 6.39465 6.75590 6.82271 6.28495 6.04010 5.64137 4.40883 4.41164 4.41050 4.37785
4.50615 4.44662 4.36398 4.20372 4.04809 3.90868 3.99594 3.90422 4.67521 5.97016 5.97016 6.27410 6.79895 6.79895 7.72765 8.54891 8.62814 8.63695 9.20794 9.25730 9.26462 11.0614 11.5708 11.9025 12.8963 12.5897 13.0631 13.8191 15.2160 15.3690 15.5470 15.7575 15.9726 16.2113 15.8967 14.5904 14.7560 14.9551 15.1407 15.0136 13.4323 11.1881 10.5996 10.4896 9.43012 9.23211 8.11988 7.17461 6.36008 6.36013 6.36017 6.36205 6.55635 6.89698 7.27226 7.65315 7.83227 7.44104 7.44862 7.37398 6.48658 6.29185 6.36043 4.96608 4.87599 4.96709 5.11744
3.93840 3.70676 3.64676 3.64182 3.64182 3.64182 3.82797 3.89052 4.07290 5.95352 5.97016 6.04791 6.79530 6.79895 7.19692 8.45649 8.63229 8.95882 9.85345 10.8079 11.8701 13.7826 15.1661 15.3217 16.4622 15.5778 15.6875 15.8756 17.0252 17.3074 17.3893 17.4721 17.5553 17.5601 17.5240 15.9747 15.7446 15.7054 15.6564 15.6074 14.0645 11.6780 10.1754 10.1516 9.13989 8.72148 8.17230 7.29017 6.73169 7.14437 7.56348 7.98485 8.15549 8.10465 8.10286 8.10172 8.10059 7.72362 7.61103 7.61035 6.77877 6.79725 6.80980 5.90874 5.17299 5.17299 5.22929
3.95947 3.60254 3.59903 3.59550 3.59198 3.58846 3.71278 3.83876 3.83575 5.45901 5.90936 5.90635 6.58634 6.79279 6.95154 9.09813 11.9592 13.0775 14.0775 15.1228 15.3664 15.8865 16.9691 16.1498 17.7323 16.9499 16.3260 16.3260 17.0188 17.4613 17.4291 17.3937 17.3327 17.2649 17.1972 16.1252 15.4120 15.4229 15.4229 15.4229 14.5829 12.5051 10.1512 10.1110 9.70116 9.35586 9.55968 9.06357 8.19332 8.15391 8.15283 8.15256 8.15256 8.11082 8.09764 8.09764 8.09764 7.86164 7.61034 7.61034 7.02048 6.75036 6.80992 6.52272 5.30046 5.38248 5.52007
3.98128 3.60631 3.55184 3.55184 3.55184 3.55184 3.63079 3.96279 4.01391 5.25226 6.79984 7.10789 7.84866 8.48791 8.65020 10.9936 13.9977 14.8078 14.8282 15.4070 15.4370 15.5650 17.0142 16.2789 17.3194 17.3917 16.2997 16.2245 16.5306 17.2073 17.1252 17.0530 17.0462 17.0462 17.0403 16.5823 15.2966 15.3331 15.3050 15.2795 15.0880 13.6288 11.2692 11.2829 11.0360 10.2080 10.1803 9.33005 8.39533 8.15256 8.15256 8.15256 8.15256 8.12788 8.09764 8.09764 8.12177 8.09339 7.80851 7.89064 7.62650 7.14604 7.33626 7.37113 5.97460 5.73628 5.77082
3.98138 3.73298 3.57888 3.64264 3.70655 3.78620 3.89814 4.44578 4.53732 5.16239 7.82620 7.82560 8.03881 8.65439 8.65439 9.63163 13.2442 14.8078 14.8078 15.2279 15.4365 15.3838 16.6612 16.2703 16.6070 17.4251 15.9927 15.9867 16.1254 16.9621 16.9386 16.9143 16.8894 16.8644 16.8454 16.8215 15.2828 15.2746 15.3178 15.3586 15.3677 14.9365 12.2382 11.3735 11.1959 10.3432 10.1819 9.60768 8.61868 8.16065 8.21822 8.28405 8.34984 8.40778 8.42665 8.49243 8.53413 8.53290 8.20762 8.17364 8.07023 7.21691 7.36282 7.34353 6.49222 5.66808 5.65202
4.32050 4.28364 3.97908 4.01597 4.05270 4.07349 4.06742 4.40454 4.53742 4.54531 7.45104 7.82560 7.84665 8.61677 8.65439 8.69337 12.5444 15.2648 15.9350 15.9752 15.1281 15.1571 16.2439 16.5501 16.3675 17.8075 16.7933 16.3515 16.3515 16.7308 16.8314 16.8425 16.8749 16.9134 16.9519 16.9662 15.8506 15.3546 15.3677 15.3677 15.3677 15.1470 13.1650 11.4103 11.4315 10.6492 10.3915 10.1468 9.21337 8.58144 8.58971 8.58971 8.58971 8.58971 8.54412 8.53479 8.53061 8.51244 8.26797 8.13104 8.15278 7.50006 7.67544 7.67176 7.23396 6.66043 6.87611
4.56462 4.59537 4.11647 4.06742 4.06742 4.06742 4.06742 4.28619 4.53742 4.53742 6.49022 8.00197 8.21955 9.15998 9.79114 10.1248 12.9558 16.4014 17.5962 17.4659 15.5100 15.4660 16.1482 16.9525 16.1544 17.7361 17.2390 16.3531 16.3850 16.6761 16.9514 16.8496 16.5045 16.1217 15.7171 15.3196 15.1835 15.0225 14.8093 14.5414 14.2726 13.9656 13.1229 11.6559 11.5381 10.7943 10.0735 9.91351 9.53766 8.66567 8.70679 8.74912 8.79252 8.86706 8.89059 8.89631 8.97164 9.06102 9.03047 8.70422 8.44835 8.18972 8.03140 7.96894 8.02610 8.12905 8.18781
4.60008 4.60008 4.26886 4.06917 4.09006 4.12880 4.23748 4.45227 4.94575 5.08231 6.33214 9.09006 9.09008 9.66236 10.4335 10.4335 11.5268 15.6085 17.6125 17.6125 16.0026 15.4660 15.8072 17.0478 16.2885 17.3894 17.7711 16.1521 15.7224 15.3848 15.1490 14.5790 14.5549 14.2860 13.9897 13.6694 13.3935 13.2775 13.2060 13.0240 12.8357 12.6412 12.0542 11.5028 11.5090 11.3485 10.7509 10.7763 10.8331 9.90148 9.87630 9.92627 9.97579 9.99356 9.95419 9.65324 9.39453 9.13329 8.82291 8.31719 8.34368 8.38986 8.51601 8.77186 8.93625 9.05610 9.15202
4.73461 4.76607 4.68519 4.58290 4.70838 4.81860 4.83315 4.83476 5.22147 5.25386 5.38575 8.93625 9.09008 9.29107 10.4335 10.4335 10.4604 14.6323 17.1871 17.6138 16.7030 15.5511 15.4505 16.5124 15.1214 14.6460 14.6560 13.1626 12.5983 12.1468 12.3497 12.2219 12.1804 11.9436 11.7527 11.5945 11.4260 11.3561 11.4696 11.4447 11.4129 11.3816 11.1334 10.9421 11.0822 11.0167 10.5285 10.2636 10.2308 10.7351 11.0028 10.8793 10.6799 10.4673 10.2384 9.99942 10.0049 10.0143 10.0238 9.71328 9.62145 9.63424 9.77819 10.9608 10.9678 10.9155 10.6108
4.79240 4.77717 4.76205 4.74685 4.73165 4.71653 4.70134 4.68622 4.98201 5.10612 5.09349 7.75160 8.90437 8.89198 10.0520 10.2104 10.2350 12.7569 14.9240 14.9230 13.2672 10.3495 9.14653 9.21536 9.36792 9.70904 10.4374 10.3330 10.2435 10.2435 10.6262 10.7920 10.7920 10.7920 10.7922 10.7941 10.7964 10.7987 10.9065 10.9605 10.9612 10.9612 10.9364 10.5009 10.7546 10.7427 10.4184 9.83326 9.57209 9.93598 10.3096 10.2404 10.2498 10.2593 10.2673 10.1472 10.0653 10.0653 10.0653 9.86657 9.64397 9.64397 9.66862 10.7259 10.9678 10.9678 10.7242
4.44546 4.44546 4.44546 4.44546 4.44546 4.44546 4.43961 4.40797 4.56679 4.76149 4.70861 6.07519 7.68716 7.10707 7.45921 7.56023 7.00937 6.50031 6.77535 9.24687 9.26242 8.36877 8.14995 8.70518 9.18887 9.50664 10.3555 10.3888 10.2435 10.2441 10.4789 10.7971 10.7994 10.8017 10.8038 10.8041 10.8041 10.8041 10.8531 10.9407 10.9274 10.9140 10.8673 10.2416 10.1954 9.92060 9.49353 8.94181 8.93986 9.33846 10.2682 10.2682 10.2682 10.2682 10.2682 10.2098 10.0653 10.0653 10.0653 10.0212 9.88200 10.1106 10.3567 11.3046 12.1199 12.3488 12.2532
4.33159 4.30125 4.27198 4.24384 4.21677 4.15139 3.96975 3.78934 3.66965 3.82622 3.76697 3.86392 4.75443 4.82074 5.34021 6.43561 6.43561 6.43561 6.43561 8.58349 9.26242 8.70310 8.14995 8.49603 9.12537 9.47848 10.1281 10.4390 10.2674 10.2555 10.2963 10.7828 10.7694 10.7561 10.7428 10.7294 10.7160 10.7027 10.6773 10.4965 10.0759 9.61515 9.16361 9.07423 9.47842 9.57573 9.50199 9.03413 8.93986 9.06003 10.2675 10.1875 10.0971 10.2335 10.4494 10.6582 10.6987 10.9012 11.1108 11.2878 10.9234 10.8672 10.8766 11.2427 12.0669 12.1842 12.5630
3.96775 3.78934 3.60006 3.39863 3.21075 3.14949 3.26740 3.41063 3.52564 3.85883 3.90220 3.90220 4.67383 4.82355 4.92060 6.40989 6.43561 6.43561 6.43193 7.40802 8.75160 8.39450 8.13129 8.17998 8.92254 9.13149 9.55228 10.0202 9.81652 9.66930 9.63365 10.5662 10.6965 10.6965 10.6700 10.3479 9.91664 9.45137 8.98785 9.02543 9.07394 9.07394 9.07394 9.07394 9.34579 9.57573 9.60343 9.49030 9.49762 9.74141 11.1535 11.3623 11.2125 11.2872 11.3110 11.3472 11.2705 11.2524 11.2877 11.3472 11.3423 11.4441 11.6736 11.9463 13.1211 13.3547 14.1315
3.01953 3.12838 3.25970 3.40532 3.53170 3.54317 3.54317 3.54317 3.54317 3.76596 3.90220 3.90220 4.42178 4.81648 4.70376 5.64141 5.69543 5.43821 5.20029 5.23313 7.26925 7.22948 7.39239 7.44070 8.33740 8.64732 9.03751 9.82334 9.75587 9.63333 9.60727 9.92361 9.92659 9.46367 8.99428 8.89063 8.89063 8.89063 8.89063 8.97429 9.20760 9.38321 9.55883 9.73445 10.1544 11.0178 11.1488 10.9109 10.5420 10.5719 11.6338 11.9891 11.5411 11.6086 11.6740 11.7441 11.9068 12.3595 12.6021 12.8564 12.8782 12.7521 13.2455 14.3772 15.7559 16.5612 17.1268
3.53003 3.54317 3.54317 3.54317 3.54317 3.54317 3.54317 3.52908 3.48200 3.47505 3.54171 3.40201 3.49730 4.05822 4.01316 4.40229 4.80635 4.80635 4.80635 4.80635 6.44355 7.16203 7.30351 7.43807 8.13163 8.52959 8.87051 9.36950 8.98861 8.29284 7.77407 8.06131 8.89063 8.93157 9.09862 9.27413 9.44963 9.62682 9.81042 10.0037 10.2069 10.2355 10.3045 10.3714 10.4721 11.5427 11.6870 11.8078 11.5231 11.6675 12.7670 13.5788 13.0344 13.0675 13.1515 13.2207 13.3489 14.1833 14.6772 15.2905 15.8210 16.0475 16.2508 16.5281 17.1070 17.5545 17.7083
3.51460 3.47825 3.44199 3.40567 3.36940 3.13583 3.00144 2.90194 2.83442 2.85260 3.10958 3.11001 3.11755 3.94077 4.00983 4.18342 4.80635 4.80635 4.80635 4.80635 5.60775 7.16203 7.18988 6.94931 6.81301 6.68776 7.03205 7.74525 8.26323 8.45826 8.75234 9.08955 10.4837 10.7137 10.7601 10.8210 10.8831 10.9442 11.0125 11.0825 11.2786 11.3553 11.3612 11.3826 11.4242 12.5050 12.8992 13.1230 12.8907 12.7832 13.4840 14.9412 14.3163 14.1094 14.5918 15.1979 15.7685 16.8551 17.2102 17.2112 17.2121 16.9789 16.9031 17.0726 17.5623 18.3535 18.1870
3.28232 3.27434 3.27434 3.27434 3.27434 2.93742 2.82306 2.82333 2.82360 2.82387 3.06640 3.11164 3.11191 3.70755 4.01187 4.02157 4.75433 4.80907 4.81686 5.05935 5.50020 5.41681 4.60979 4.75812 5.23951 6.27634 8.09096 9.01708 9.65964 9.93462 10.2376 10.2438 11.2213 11.4880 11.3634 11.3180 11.3180 11.3195 11.3438 11.3756 11.4911 11.6157 11.6519 11.6721 11.6722 12.3403 13.0639 13.1899 13.0979 12.9154 13.7678 16.4831 16.5093 16.4529 16.5577 16.5378 16.5179 16.8229 17.2192 17.2190 17.2190 17.0742 16.9084 16.5941 16.7203 17.4284 17.4592
3.31148 3.27574 3.27506 3.27441 3.27377 3.10312 2.83852 2.82963 2.82963 2.82963 2.99687 3.11622 3.11572 3.44315 4.01875 4.26202 5.19996 5.86917 6.26687 6.42979 6.48205 5.43826 4.68886 4.87781 5.12131 6.41549 7.66215 8.77629 9.67404 9.77996 10.2476 10.2476 10.8889 11.5291 11.4815 11.4169 11.4488 11.4792 11.4868 11.4868 11.5197 11.6699 11.6441 11.6126 11.5808 11.8542 13.6389 14.3620 15.0613 15.3031 15.4552 17.2801 17.2618 16.4852 16.4852 16.4852 16.4852 16.5854 17.2186 17.2190 17.2190 17.1631 16.9090 16.4259 16.6319 17.4478 17.8606
3.32492 3.25598 3.23045 3.20487 3.17927 3.12080 2.72854 2.66239 2.63686 2.61123 2.76119 3.29405 3.71579 4.19639 5.52014 5.70234 6.01626 6.49887 6.49887 6.49887 6.49887 6.06763 4.68886 4.77373 5.02011 6.21524 7.12708 8.64767 9.60562 9.76478 10.3112 10.4113 10.7376 11.6815 11.6157 11.4256 11.3939 11.3623 11.3306 11.2988 11.2675 11.3982 11.4173 11.4173 11.4173 11.4462 15.0363 15.5667 15.7628 15.4354 15.4077 16.8472 17.5049 16.5622 16.5701 16.5802 16.6318 16.7799 17.5402 17.8178 17.9698 18.1212 17.9193 17.6487 17.2895 17.8466 18.3694
3.12468 3.02958 3.02958 3.02958 3.02958 3.02958 2.73524 2.72100 3.13427 3.55666 4.01843 4.73712 4.74185 4.74185 5.47702 5.70234 5.79793 6.49839 6.49887 6.49887 6.49887 6.48067 4.97500 4.90930 5.14393 6.08039 6.86707 8.99695 9.78523 10.2805 10.7366 11.0764 11.1971 11.3889 11.3875 11.2475 11.2320 11.2320 11.2320 11.2320 11.2320 11.3349 11.4173 11.4173 11.4173 11.4173 13.7922 15.5533 15.7297 15.5407 15.5489 16.6673 18.0436 17.5459 17.5846 17.7264 17.8269 17.8219 18.1293 18.3907 18.3015 18.2124 17.8801 17.6198 16.9068 17.1451 17.9194
3.19773 3.16116 3.09250 3.11860 3.51539 3.93746 4.12400 4.21054 4.21967 4.21967 4.21967 4.64293 4.74185 4.74185 5.20291 5.70234 5.70574 6.45798 6.73782 6.95908 7.18065 7.40139 6.73205 6.08955 6.15253 6.83365 7.68669 9.36146 10.0811 10.7292 10.9068 11.3029 11.3029 11.3617 11.3876 11.2864 11.2320 11.2320 11.2320 11.2320 11.2320 11.2772 11.4173 11.4408 11.4993 11.5583 12.7089 16.2640 16.5586 16.6510 16.4640 16.8820 18.3011 17.6935 17.3519 17.2627 17.1635 17.0332 17.1237 17.6528 17.6016 17.5504 17.3704 17.0472 16.5061 15.8689 16.5631
