OMI_NO2_yc_0.0167deg/OMI_NO2_yc_0.0167deg/OMI_NO2_200612.asc
ncols      200
nrows      200
xllcorner       110.913
yllcorner       33.7933
cellsize     0.0166667
NODATA_Value      -999.000
[rows 87 to 115 of 165, columns 0 to 66 of 200]
26.5425 26.5388 26.6366 28.1429 28.9770 29.7779 30.5268 30.5877 29.4142 29.3564 29.2984 28.9925 28.1509 28.2459 28.3406 28.4002 28.3999 28.3920 28.4316 22.9558 22.4529 22.0415 20.7173 21.0111 21.0112 21.0234 21.2234 21.0240 25.5037 27.5243 28.0037 28.0903 28.0997 28.1091 28.1601 30.5578 31.5840 31.6668 32.2433 32.6959 32.7416 32.7865 32.7851 33.0589 35.8780 33.6212 30.8090 31.8417 37.8815 36.6506 34.9171 26.0390 23.5899 28.5117 27.8234 27.1542 28.4928 34.7283 34.7954 35.0101 32.2402 28.9107 27.9765 27.7508 27.7316 27.1597 24.6972
25.8774 25.8073 26.1112 30.3224 30.2902 30.2386 30.2082 30.1700 29.0904 29.0383 29.0383 29.0348 28.4534 28.3928 28.3803 28.3681 28.3565 28.3544 28.4867 24.8146 22.4543 22.3931 20.7230 20.9712 21.0084 21.0495 21.1695 21.0835 24.9858 27.7490 27.9972 28.1107 28.2220 28.3331 28.4453 29.7463 31.6082 31.5748 31.7323 32.0476 31.7824 31.2088 30.5889 29.9663 31.9814 30.8954 24.6075 23.5866 29.8827 31.1099 31.1099 26.0767 23.5899 23.6924 22.6685 22.6685 22.7236 30.1791 32.3592 33.2060 32.1597 29.0475 27.7180 27.4797 27.4792 27.4619 24.9509
25.5517 25.5367 25.4297 29.2855 30.2080 30.2080 30.2080 30.2080 29.4477 29.0318 29.0148 28.9819 28.5237 28.2806 28.2569 28.2333 28.2096 28.1860 28.2223 26.4050 22.2526 22.3002 20.9544 20.8637 21.1585 21.3354 21.4665 21.5727 23.8957 27.8979 28.4434 28.4421 28.4415 28.4415 28.4415 28.6876 30.3188 29.8076 29.2773 28.7295 28.3529 28.3490 28.3551 28.3562 29.6860 31.6535 25.3075 23.1612 28.3467 31.1099 31.1099 28.5373 23.5899 24.5259 22.6685 22.6685 22.6685 27.2057 32.3180 32.8636 33.0127 29.7026 27.8011 27.3392 26.9240 26.5434 24.4928
25.4940 25.3353 25.2668 27.5514 29.8910 29.8427 29.7863 29.7292 29.3269 28.6763 28.6572 28.6540 28.3977 28.0167 28.0225 28.0770 28.1422 28.2109 28.3542 28.3791 23.0580 23.0852 22.2536 21.8095 22.0314 22.0314 22.0228 21.9356 22.6578 27.5757 28.4415 28.4415 28.4415 28.4415 28.4416 28.4094 28.3416 28.3481 28.3544 28.3547 28.3391 28.3202 28.3013 28.2824 28.5975 31.6455 27.0476 22.9588 26.2823 31.1099 31.1099 30.1914 23.5899 25.6371 22.8465 22.8844 22.9345 24.8204 31.7098 31.7940 32.4967 29.0852 26.0827 25.8358 25.8077 25.8077 24.8447
25.0882 24.8779 24.8678 25.6908 29.5913 29.5825 29.5818 29.5818 29.5255 28.6866 28.7117 28.7771 28.8131 28.4398 28.6075 28.7265 28.8345 28.9391 28.9690 29.1197 25.1419 23.4531 22.8383 21.7441 21.8082 21.7866 21.7651 21.6699 21.3125 26.5623 28.1316 28.1173 28.1049 28.0926 28.0803 28.0580 27.9373 27.9157 27.8486 27.6948 27.5530 27.4146 27.2762 27.1376 27.0289 29.1599 26.8851 22.6443 24.3938 32.2795 33.3466 34.6860 28.6704 26.0474 23.4738 23.0542 23.0542 23.0938 26.7928 29.0163 30.6130 28.9984 25.7186 24.8848 24.4406 23.9941 23.4851
25.1867 24.8332 24.8307 24.7088 29.0637 29.4873 29.3914 29.3535 29.3149 29.3276 29.4488 29.5566 29.6032 29.0415 28.9657 28.9655 28.6706 27.7682 26.8081 25.8432 24.3487 23.4497 23.2215 21.6961 21.4899 21.4830 21.4830 21.4427 21.2126 24.8013 27.5095 27.5365 27.3978 27.2595 27.1211 26.9827 26.7637 26.5952 26.5050 26.5032 26.5032 26.5032 26.5059 26.7243 27.0241 27.7371 27.8528 22.8681 23.1306 36.4341 38.6299 38.4295 37.5154 26.0284 23.8726 22.5679 22.3210 22.1070 23.3506 25.4876 25.8780 26.3161 24.0891 23.5019 23.5570 23.3397 23.1635
25.3023 24.6542 24.5494 24.4207 27.4288 29.4393 29.4980 29.4987 29.4987 29.5756 29.4310 28.5948 27.6573 26.2530 24.9508 23.8567 23.0943 23.0741 23.0741 23.0504 23.2759 23.3190 23.2638 21.6251 21.2498 21.1545 21.1084 21.0473 20.9064 22.9024 26.4411 26.6137 26.6137 26.6137 26.5772 26.2152 25.7293 25.2389 25.0526 24.9665 24.8804 24.7950 24.7068 24.4035 24.0180 23.5951 24.5615 22.8300 21.1048 29.7184 33.6141 32.8764 32.8212 23.8122 23.5041 22.7798 22.9290 23.0723 23.1989 24.0590 24.0722 26.0438 24.2364 22.8524 22.3589 21.9859 21.5652
24.9739 24.4455 24.3659 24.3659 25.9348 28.7530 27.9308 27.0748 26.1834 24.9993 23.8221 23.6236 23.5095 23.1977 22.8197 22.7661 22.7126 22.6591 22.6055 22.5856 22.7703 22.9665 22.9740 21.7758 21.1104 21.3344 21.9202 22.4899 22.9683 23.3935 23.7788 23.6220 23.2071 23.0483 22.9992 23.2758 23.6132 23.8602 23.9615 23.8979 23.7808 23.6635 23.5464 23.4392 23.3767 23.2941 23.4015 23.4440 22.5423 30.3647 37.5198 38.3654 39.3312 23.9012 23.2314 21.7321 21.1633 20.6325 20.4205 22.0673 22.5642 24.3346 22.8436 21.1623 21.1135 21.1007 21.0743
26.3378 25.8369 25.5705 25.5168 25.4846 25.4540 25.3984 25.3461 25.2911 24.3590 22.8682 22.7896 22.7896 22.7678 22.5759 22.6223 23.1429 23.7705 24.3800 24.9629 25.4838 26.0836 26.5648 26.2992 25.8766 25.9656 25.9656 25.9799 26.1607 26.2391 23.3517 23.8333 24.2268 24.4616 24.6935 24.9253 25.1574 24.1999 23.8758 23.8802 24.0633 24.8062 25.2100 25.5922 25.9214 26.2298 26.4863 27.9718 28.6910 32.9649 40.3304 40.3304 40.3304 21.0465 21.0399 20.5442 20.3669 20.3618 20.3607 21.3456 22.5259 23.5046 23.1156 21.1593 20.9988 21.0229 21.0229
26.1628 25.6233 25.2770 25.2770 25.2864 25.3215 25.3215 25.3215 25.3215 24.8843 22.8751 22.7897 22.8284 25.4305 27.0269 27.4786 27.5902 27.6041 27.6181 27.6321 27.6461 27.7351 27.7978 27.5374 26.4382 26.4183 26.5678 26.8037 27.1779 28.1636 26.1606 25.5078 25.7465 25.8068 25.7976 25.7884 25.7791 24.7503 23.8927 23.8851 24.0756 26.5101 26.5008 26.4482 26.3956 26.3496 26.1074 27.5823 28.4092 31.0539 39.8758 40.3304 40.3304 21.0652 21.0193 20.7074 20.3607 20.3607 20.3607 20.7534 22.3767 22.9401 23.5784 21.4458 20.8846 20.8689 20.8591
26.3354 25.7601 25.2822 25.2959 25.3140 25.3716 25.3940 25.4119 25.4492 25.4942 23.2893 23.1908 23.2393 25.2976 27.8330 27.7654 27.7665 27.7766 27.8929 28.0375 28.1835 28.4997 28.8450 28.9674 27.4685 27.4407 27.5924 27.6635 27.6640 28.5228 27.3439 25.5668 25.7525 25.7525 25.7525 25.7525 25.7525 25.2821 23.8417 23.7825 23.7233 25.8051 26.3430 26.3430 26.3430 26.3430 26.2800 26.8743 28.2540 29.8958 38.1837 40.3304 40.3304 21.1704 21.0193 20.8964 20.1949 20.1025 20.0102 19.9285 21.5902 22.0821 23.5274 21.6338 20.8039 20.9074 20.9355
26.9723 26.0669 25.5236 25.5011 25.5101 25.5942 25.6764 25.7410 25.7860 25.7876 23.9433 23.3609 23.2948 24.1753 28.1606 28.2980 28.7595 29.2136 29.5612 29.8805 30.1994 30.1896 29.6226 29.6385 28.2167 27.7574 27.7088 27.7186 27.7284 28.2832 28.2848 25.5523 25.8565 25.8661 25.8415 25.7921 25.7427 25.6608 23.9345 23.8286 23.8384 25.2629 26.5336 26.5806 26.6284 26.6764 26.7244 26.6668 28.8231 29.5547 36.6862 40.3304 40.3304 21.2880 21.0193 21.0186 19.7881 19.6470 19.6470 19.6470 20.9257 22.3987 23.6408 22.2503 20.9628 21.3271 22.0404
27.1039 26.2812 25.7773 25.7040 25.7688 25.7985 25.8384 25.8463 25.8103 25.8238 24.6977 24.4846 25.3481 25.7611 29.9875 30.4693 30.4790 30.4879 30.4970 30.5059 30.5149 30.5219 29.8734 29.8220 28.7815 27.9853 27.9099 27.9099 27.9099 28.1391 28.8703 25.9246 25.8593 25.8486 25.8680 25.9121 25.9564 26.0004 24.8093 24.2209 24.2651 24.9575 26.9520 26.9532 26.9532 26.9532 27.0926 26.9470 28.0602 29.9195 34.3709 40.3304 40.3304 21.3683 21.0349 21.0193 20.1286 19.6425 19.5584 19.4460 20.0718 22.9600 24.5626 25.6379 24.4876 24.7419 24.8444
27.3214 26.6927 26.1254 25.9172 25.9852 26.0835 26.6598 26.9485 27.2454 27.4926 26.7002 25.6066 26.4444 26.4458 29.2410 30.5700 30.5318 30.5318 30.5318 30.5318 30.5318 30.5318 30.0781 29.8495 29.2468 28.1384 28.0614 28.0511 28.0397 28.0362 28.9416 27.0186 26.1201 26.2103 26.2103 26.2103 26.2103 26.2103 25.5189 24.2584 24.1663 24.3056 26.9211 27.2499 27.4339 27.6178 27.6622 27.2567 26.4504 29.4112 31.0305 37.3061 36.4920 20.1723 20.0992 19.9002 19.9178 20.2725 21.4058 22.4877 23.3576 25.1315 26.0402 27.8106 26.0975 27.2011 30.6778
27.6024 27.2789 26.6722 26.5104 26.5391 26.5391 27.2180 27.5096 27.5096 27.5096 27.1572 25.3817 26.2786 26.4529 28.2454 30.7818 30.6715 30.7194 30.7671 30.8149 30.8627 30.9106 30.7306 30.2070 29.8802 28.3021 28.1320 28.1282 28.1265 27.9674 28.3021 27.3540 25.6550 25.7542 25.6588 25.5743 25.7008 25.9076 25.9691 24.5555 24.8368 24.9472 26.6732 27.2287 27.0188 26.8089 26.5989 26.3878 24.5566 27.4547 27.8305 33.0528 33.1866 22.5756 23.6738 24.5791 25.3539 23.9380 24.3728 25.0562 25.7045 26.8781 28.3087 29.7304 28.9733 28.6342 32.7039
28.4753 28.3137 27.5046 27.1740 27.2052 27.3178 27.8667 28.6128 28.7758 28.9376 29.0823 26.4488 27.1330 27.7190 28.2363 31.6139 30.9787 30.9787 30.9817 30.9858 30.8014 30.5772 30.3189 29.1681 28.7369 26.8416 26.3346 26.0451 25.7845 25.6818 25.9838 26.7414 25.5400 26.1418 26.4669 26.7967 26.8956 26.8758 26.8547 24.8307 23.9872 23.7485 24.8274 26.3896 26.2583 26.1247 25.9892 25.8480 24.3812 25.4169 25.2772 29.2859 29.2859 27.9168 28.9445 28.2897 28.7672 27.5401 27.3313 27.1668 27.0068 27.0442 28.0765 28.9333 30.1785 29.1654 32.5552
29.7868 29.9017 29.0860 28.8360 28.9044 28.9548 29.0535 29.9207 29.9253 29.9253 30.0367 28.3054 28.8327 30.3599 31.1637 30.9106 29.4136 29.1693 28.9421 28.7153 28.6945 28.7503 28.8004 28.2099 27.7439 26.5006 26.0876 26.2738 26.5268 26.7854 27.0494 28.6352 27.0119 27.1132 27.0669 27.0263 27.1906 27.4173 27.6360 26.3207 24.9455 25.1962 25.4038 25.2370 25.2363 25.2696 25.3091 25.3518 24.8203 23.6430 25.8643 29.0668 29.2859 31.3967 31.3500 29.6466 29.0252 27.7236 26.7505 26.7460 26.7460 26.7513 27.7472 28.3331 30.3250 29.1931 31.5987
30.3561 30.3955 30.2392 30.4655 31.0174 31.6719 32.2337 33.4383 34.0512 34.4654 34.7926 34.2440 34.1202 35.1798 35.4466 32.2032 29.1137 28.9175 28.9573 28.9977 29.0289 29.1807 29.3982 29.2660 28.6663 27.9658 27.0611 26.8936 26.9298 27.1054 27.2986 28.5922 28.2268 27.9939 28.2959 28.4646 28.4874 28.4874 28.4874 27.9238 25.5097 25.5447 25.5898 25.3881 25.3858 25.3922 25.3922 25.3922 25.3645 23.0261 26.4516 27.6947 29.2859 29.7744 29.5444 29.0831 28.4910 28.0327 26.7601 26.8144 26.8713 26.9282 27.4880 28.5413 30.2204 29.5160 30.8739
34.3714 34.7300 34.3847 33.8438 33.5058 33.3961 33.3585 33.7239 34.1440 34.1748 34.2057 34.0890 34.1276 35.6294 36.0389 34.0838 29.6599 29.3878 29.6279 29.8831 30.1285 30.2076 30.2292 30.1057 28.6833 28.0641 26.8542 27.5892 28.3467 28.3488 28.3541 28.8732 29.2893 28.3053 28.5157 28.5212 28.5275 28.5633 28.6139 28.6554 26.0535 25.7479 25.7534 25.5903 25.4749 25.4803 25.4958 25.5376 25.5810 24.1107 25.9118 26.5630 29.3806 29.3915 29.4093 29.4620 28.4910 28.4603 27.2440 27.1852 27.2354 27.3202 27.5052 28.3207 29.3657 29.7046 29.8104
34.1295 34.1728 34.0170 33.5969 33.3600 33.3908 33.4216 33.5974 34.2372 34.2517 34.2653 34.2940 33.4084 35.2852 37.0963 36.9220 31.2256 30.4509 30.4878 30.5096 30.5301 30.5507 30.5714 30.5920 29.4218 28.7799 27.2780 27.3642 28.4810 28.4850 28.4852 28.5615 29.8181 28.3472 28.6954 28.7405 28.7933 28.8440 28.8818 28.9197 27.1651 26.0154 26.0533 26.0022 25.8452 26.0584 26.3354 26.5786 26.8128 26.3943 27.0929 30.0508 33.4471 29.3915 29.3915 29.6682 28.6503 28.6070 27.7786 27.5049 27.5491 27.6739 27.8618 28.4026 28.5057 29.0997 27.7771
33.9838 34.1785 34.1653 33.7062 33.7076 33.7252 33.6915 33.5483 34.1967 34.2239 34.1379 34.2472 33.0282 35.0453 37.4537 37.7672 32.8637 30.7464 30.7036 30.7036 30.7036 30.7036 30.7036 30.7036 29.9754 29.0280 27.5884 27.1409 28.6132 28.8051 28.9633 29.1215 30.3575 29.4635 29.1166 29.1452 29.1744 29.1765 29.1765 29.1765 28.2598 26.1963 26.1967 26.7287 27.5819 27.5540 27.4655 27.3771 27.2885 27.1944 26.4695 30.2567 33.2295 29.6302 29.7438 29.9732 29.6360 29.5789 29.2527 28.4977 28.1332 27.6320 27.0386 26.6441 26.7378 27.5135 26.9132
33.9303 34.1636 33.9882 33.3635 33.1474 32.9835 32.8527 32.8326 33.5997 34.1290 34.1290 34.1311 33.1801 34.7323 36.5930 37.7672 34.4558 31.0009 30.8326 30.9620 31.0910 31.2205 31.3499 31.4793 31.3119 30.1833 29.1699 28.4290 29.3077 29.7165 29.7166 29.7166 30.3098 30.2074 29.2598 29.1978 29.2056 29.2133 29.2189 29.1537 28.9229 26.0644 25.8744 25.9315 27.3157 27.2516 27.1551 27.0459 26.9364 26.8269 25.7882 28.0883 31.0377 30.9886 31.0117 30.5059 29.9775 29.2663 28.3928 27.0059 27.0700 27.1833 27.3791 27.6241 27.9639 27.3098 24.8409
32.7291 33.0933 33.0602 32.7012 32.5038 32.5017 32.4708 32.4415 32.7900 33.7174 33.7344 33.7521 33.3447 34.4082 36.1199 38.2334 36.5561 32.1216 31.9117 31.9117 31.9117 31.9120 31.9187 32.0251 32.1057 30.9470 30.2046 29.3032 28.8780 29.2780 29.2055 29.1329 29.1906 30.2204 29.3037 29.0585 28.9511 28.8439 28.7387 28.6343 28.3225 26.1440 25.3285 25.2054 26.4847 26.6005 26.5668 26.4264 26.2631 26.0949 25.3037 25.9013 27.6083 27.7796 26.7302 26.3642 27.2489 27.6226 27.6597 26.6258 26.4863 26.3998 26.1918 25.9858 25.9468 25.6535 24.4475
31.2633 32.1732 32.2504 32.0866 31.8375 31.9255 31.9731 32.0208 32.1081 33.3170 33.3724 33.3724 33.3002 34.0504 35.5405 37.5267 36.9928 32.3000 32.0200 32.0965 32.1700 32.2406 32.3034 32.2808 32.2732 31.5027 30.6826 29.4546 28.6249 28.9943 28.9369 28.8796 28.8222 29.5893 28.5268 27.9751 27.6405 27.3060 26.9711 26.6953 26.6485 25.8760 24.8458 24.8194 25.6136 25.3854 25.2140 25.1835 25.1549 25.1235 24.9542 24.2361 25.7865 24.1595 24.2759 24.3941 25.2656 26.0779 26.0718 25.4101 24.9896 24.9468 24.9465 24.9465 25.0507 25.1276 24.6741
32.1757 32.7579 32.5440 32.4498 32.0235 32.0192 31.6945 31.3327 30.9511 31.5129 31.6018 31.2755 30.9142 30.6178 31.8126 33.3650 34.2726 32.6888 31.8584 31.7935 31.7532 31.7131 31.6729 31.6304 31.5502 31.0619 30.0524 29.1760 28.1691 27.8036 27.6590 27.3252 26.9735 27.2444 27.0539 26.5709 26.5336 26.5095 26.4854 26.4728 26.4728 26.2395 24.7236 24.7204 25.2074 25.2281 25.0868 25.0629 25.0604 25.0604 25.0604 24.3338 24.8930 24.4432 24.3437 24.2375 24.5226 25.6769 25.8587 25.5383 24.9465 24.9457 24.8638 24.7293 24.6387 24.6416 24.2561
30.4364 30.7572 30.1476 29.8993 29.2919 29.1277 29.2385 29.3882 29.5716 30.3416 31.4731 31.6388 31.6975 31.2544 31.3869 32.0915 33.7772 32.7574 31.5286 31.3763 31.3213 31.2024 30.7089 30.1558 29.6984 29.4752 28.9221 28.4734 28.4106 26.9866 26.5615 26.5390 26.5340 26.6977 27.2178 26.5491 26.4728 26.4689 26.4622 26.4540 26.4253 26.3897 24.8854 24.5717 24.6155 25.4432 24.9956 24.9888 24.9821 24.9753 24.9432 24.3486 23.8383 24.0618 24.0066 23.7501 23.5063 24.6864 24.8922 24.6330 24.0992 23.9622 23.9084 23.7633 23.5183 23.4292 23.1519
30.6845 30.9615 30.4095 30.4051 30.1124 30.0464 30.0745 30.0762 30.0780 30.2319 31.6910 31.7017 31.7017 31.2336 31.4522 31.5880 33.0711 32.1499 30.2424 29.8442 29.6696 29.5602 29.7974 30.0826 30.3098 30.3114 30.0592 29.5987 29.2287 27.9166 26.4060 26.3992 26.3924 26.3856 27.1010 26.4548 26.2846 26.2529 26.2241 26.1967 26.1692 26.0738 25.0168 24.1205 24.0186 24.7622 24.2637 24.1618 24.0046 23.6263 23.2401 22.6571 20.5242 22.3999 22.2130 22.1938 22.1938 23.2183 24.1023 23.9527 23.4876 23.1799 22.9345 22.8322 22.7721 22.7726 22.7586
30.6580 30.9635 30.5215 30.3966 30.1942 29.9022 29.6853 29.6564 29.6279 29.6489 30.7599 30.8271 30.5840 29.8369 30.3817 30.3522 31.4603 32.0914 30.3870 30.0522 30.0522 30.0522 30.0522 30.0522 30.0522 30.0522 29.9190 29.5477 29.0933 28.6004 26.3797 26.2415 26.0633 25.8722 26.2582 25.7001 25.5715 25.4697 25.3677 25.2661 25.1849 25.1784 24.7366 23.4287 23.4287 23.6097 21.9948 21.4998 20.9411 20.6595 20.4063 20.1528 19.0439 22.1938 22.0887 21.7850 21.4474 21.7278 22.7477 22.7990 22.5103 22.2158 22.0591 21.8228 21.6171 21.5037 21.5129
30.5409 30.8857 30.6896 30.4154 30.3877 29.9835 29.5145 29.4759 29.4380 29.3573 29.6383 29.9382 29.9382 29.4972 30.2839 30.7816 31.2460 32.1506 30.8533 30.0843 30.0522 30.0290 29.8983 29.7539 29.6092 29.4650 29.2807 28.8132 28.0679 27.8134 25.1596 24.7496 24.7363 24.7363 24.9702 25.1805 25.1621 25.1592 25.1326 25.1059 25.0792 25.0513 24.8715 23.0385 22.7119 22.4902 20.3607 19.8552 19.8516 19.7621 19.6356 19.5093 18.9438 19.9801 19.5970 19.4127 19.2616 19.2964 20.8325 20.7306 20.5406 20.1437 19.7270 19.3413 18.8039 17.8876 17.1251
