OMI_NO2_yc_0.0167deg/OMI_NO2_yc_0.0167deg/OMI_NO2_200605.asc
ncols      200
nrows      200
xllcorner       110.913
yllcorner       33.7933
cellsize     0.0166667
NODATA_Value      -999.000
[rows 29 to 57 of 187, columns 0 to 66 of 200]
2.56438 2.67990 2.68787 2.68787 2.68787 2.68787 2.68787 2.68787 2.66917 2.66025 2.65623 2.41882 2.40456 2.40413 2.40329 2.44458 2.46969 2.46935 2.47201 2.50309 2.47377 2.92522 2.94199 2.95179 2.98456 3.06995 3.14206 3.70825 4.84704 5.09067 5.15746 5.22327 5.45914 5.50521 5.50520 5.50520 5.50520 5.50520 5.53641 5.93789 5.94663 5.94663 6.62178 8.40538 8.33070 7.91444 7.73628 7.68722 7.58375 7.50856 7.53068 7.58605 7.64178 7.44189 6.83325 6.83325 6.83077 6.34459 6.27150 6.18554 6.28054 6.28240 6.28179 5.68260 5.39784 4.90156 4.76635
2.56608 2.65624 2.70473 2.70703 2.70938 2.71178 2.71426 2.71678 2.70300 2.68350 2.68529 2.47377 2.38720 2.38666 2.38770 2.42296 2.52798 2.54456 2.55696 2.58821 2.54908 3.05241 3.20531 3.27420 3.32346 3.32549 3.32549 3.54698 4.81027 5.25204 5.25204 5.25204 5.38043 5.50520 5.50520 5.50520 5.50520 5.50520 5.50520 5.82343 5.94663 5.94663 6.09150 8.38472 8.39668 8.01182 7.75094 7.78798 7.72726 7.69800 7.72194 7.72226 7.72226 7.70839 6.91587 6.83325 6.83325 6.51947 6.26344 6.21127 6.14057 6.06974 5.99952 5.57727 5.03447 4.92713 4.82550
2.57812 2.62786 2.73185 2.73185 2.73185 2.73185 2.73185 2.73185 2.72555 2.69191 2.69375 2.56131 2.39819 2.39505 2.37776 2.32192 2.44323 2.38694 2.32629 2.30162 2.34859 3.14157 3.32549 3.32549 3.32549 3.32549 3.32549 3.34589 4.44081 5.25204 5.25204 5.25204 5.30207 5.50520 5.50520 5.50520 5.50520 5.50520 5.50520 5.67771 5.94663 5.94663 5.95535 8.03780 8.52022 8.31223 7.97763 7.95574 7.80997 7.72244 7.67646 7.66883 7.66696 7.66757 7.17194 6.77068 6.76676 6.54092 5.81519 5.79657 5.79645 5.79645 5.79645 5.65448 4.94275 4.91551 4.76921
2.57120 2.58093 2.72160 2.73345 2.73574 2.73804 2.74033 2.74262 2.74452 2.69957 2.63018 2.50017 2.19620 2.12800 2.07295 2.06310 2.20758 2.27420 2.27420 2.28913 2.31165 2.89215 3.32549 3.32549 3.32549 3.32549 3.32549 3.32549 3.90229 5.24033 5.25204 5.25229 5.25494 5.48040 5.51169 5.51386 5.51604 5.51820 5.52470 5.60643 6.06443 6.12963 6.17883 7.66753 8.64728 8.46148 8.09189 8.00986 7.88387 7.73415 7.48070 7.44209 7.39778 7.35071 7.14504 6.37692 6.33458 6.28401 5.43944 5.31263 5.27029 5.22796 5.18551 5.14113 4.32983 4.22298 4.06131
2.56929 2.59132 2.69237 2.74471 2.74471 2.69711 2.59079 2.48042 2.37006 2.30060 2.29391 2.29391 2.09083 2.06310 2.06310 2.06310 2.14161 2.27420 2.27420 2.28597 2.32822 2.61574 3.35872 3.36834 3.37786 3.38742 3.40981 3.44546 3.68284 5.13729 5.39579 5.42382 5.44999 5.62248 5.75677 5.82181 5.90355 5.98549 6.06276 6.09897 6.44957 6.61015 6.67165 7.21196 7.92196 7.83775 7.50011 7.29925 7.16863 6.98751 6.53621 6.51391 6.51391 6.51391 6.51391 5.77389 5.57911 5.54952 4.99293 4.59547 4.56591 4.53632 4.50672 4.47710 4.27268 4.19167 4.10817
2.56409 2.59425 2.57534 2.41399 2.30366 2.24086 2.23498 2.21410 2.18807 2.20645 2.26379 2.25632 2.10821 2.01959 2.01347 2.00744 2.01696 2.20317 2.20021 2.18880 2.86344 2.99849 3.86027 3.93416 3.96027 3.98633 3.99932 3.99932 4.02102 5.23068 5.83789 5.86920 5.92489 6.04863 6.28970 6.32190 6.34055 6.35630 6.36649 6.37635 6.63732 7.07674 7.10926 7.23882 7.94561 7.92230 7.59964 7.20467 7.13391 6.87174 6.50930 6.32371 6.29411 6.26455 6.23490 5.82623 5.33250 5.33250 5.09722 4.43766 4.43775 4.44532 4.45771 4.46994 4.38033 4.22269 4.16886
1.83058 1.99334 1.99788 1.84598 1.81060 1.78472 1.76062 1.75576 1.75576 1.80322 2.07291 2.07291 2.01260 1.97450 2.07738 2.17463 2.01663 2.03674 2.09004 2.09004 2.80522 3.09779 3.74358 3.99932 3.99932 3.99932 3.99932 4.01052 4.04282 4.82282 6.12304 6.20866 6.26925 6.32943 6.39319 6.38832 6.39973 6.42499 6.45592 6.48661 6.57098 7.25382 7.28102 7.30233 8.09109 8.16002 7.88518 7.05462 6.92885 6.67591 6.46085 6.15010 6.14454 6.13900 6.13345 6.04673 5.24787 5.23484 5.22780 4.42365 4.36039 4.35966 4.35409 4.30753 4.18945 3.90725 3.84158
1.23083 1.68464 1.85756 1.80443 1.82569 1.88584 1.94188 2.06063 2.03330 2.14140 2.44498 2.56275 2.63068 2.41735 2.41398 2.41398 2.22935 1.97077 2.09004 2.09898 2.59153 3.11450 3.47101 3.93788 3.95630 3.97923 4.00598 4.06339 4.10836 4.40460 6.28716 6.35166 6.36525 6.38589 6.40939 6.42814 6.42591 6.41286 6.39981 6.38698 6.38331 6.93102 7.12011 7.12011 7.71017 7.95570 7.82544 7.20397 6.84460 6.66296 6.53090 6.08733 6.08200 6.10111 6.14513 6.18921 5.52982 5.24186 5.24186 4.69486 4.34702 4.31745 4.09248 4.05242 4.05234 3.86030 3.84794
1.74515 2.18497 2.43697 2.55054 2.51458 2.61881 2.71548 2.76705 2.69780 2.64724 2.72734 2.77187 2.78050 2.59496 2.55412 2.56293 2.54010 2.17610 2.31763 2.34187 2.62272 3.41097 3.54627 4.16963 4.23850 4.29289 4.34440 4.35252 4.35199 4.43535 5.87200 6.37508 6.37508 6.37508 6.37821 6.38331 6.38331 6.38331 6.38331 6.38331 6.38331 6.68882 7.12011 7.12011 7.52282 7.95570 7.87027 7.44369 6.84460 6.74278 6.62704 6.29678 6.22630 6.25125 6.25135 6.25135 5.91105 5.24186 5.24186 4.98656 4.34956 4.37623 4.15586 4.12517 4.14475 4.02418 3.93185
3.08792 3.25478 3.16435 3.09460 2.88329 2.86135 2.86135 2.86135 2.83054 2.73624 2.72640 2.74015 2.71475 2.75352 2.90430 2.97012 3.05024 2.88201 2.80092 2.85944 2.95060 3.93923 3.99246 4.25260 4.35199 4.35199 4.35199 4.35199 4.35199 4.37779 5.31318 6.37508 6.37508 6.37508 6.37564 6.38315 6.38331 6.38331 6.38331 6.38331 6.38331 6.45365 7.11333 7.12011 7.33571 7.96407 7.96435 7.77175 6.98671 6.96401 6.73252 6.49818 6.22559 6.21658 6.20753 6.19227 6.10541 5.12802 5.00065 4.92080 4.40875 4.36703 4.21997 4.04991 4.04396 3.96721 3.82114
2.86437 3.26225 3.11587 2.95752 2.78851 2.67018 2.64080 2.62158 2.59794 2.46270 2.48989 2.60023 2.61126 2.77522 3.23002 3.28913 3.33400 3.22974 3.01942 2.98788 2.98788 3.78541 3.99563 4.13608 4.35199 4.35199 4.35199 4.35199 4.35199 4.35199 4.76752 6.33052 6.37508 6.37508 6.37508 6.38132 6.38173 6.37602 6.37012 6.36419 6.35829 6.35697 6.94662 7.16363 7.24148 8.05583 8.06100 7.86610 7.10925 6.93491 6.65417 6.54950 5.99840 5.94378 5.88920 5.83645 5.79964 5.16278 4.72713 4.69557 4.35534 4.14695 4.09601 3.83011 3.79452 3.74742 3.51775
1.73056 2.75877 2.78526 2.76183 2.72561 2.61946 2.62841 2.62841 2.64450 2.61642 2.64641 2.78281 2.84373 2.86379 3.33805 3.36845 3.36845 3.33055 3.03703 2.98788 2.98788 3.55408 3.99563 4.02830 4.35225 4.36850 4.37680 4.38512 4.39342 4.40171 4.49335 5.92342 6.31087 6.32414 6.34124 6.36336 6.38530 6.40761 6.46165 6.52620 6.59084 6.65111 6.99419 7.43610 7.48605 7.64284 7.59894 7.41464 6.82842 6.38722 6.10652 5.97037 5.25321 5.10158 5.06995 5.04284 5.03927 4.80577 4.02978 4.02608 3.86712 3.52538 3.51777 3.38259 3.31345 3.30679 3.14074
1.44721 2.62604 2.85692 2.84060 2.79629 2.72171 2.77413 2.83322 2.87622 2.84394 2.78640 2.83197 2.86358 2.87070 3.22891 3.39796 3.40528 3.41258 3.16852 3.07311 3.07590 3.48722 4.36068 4.39737 4.67510 4.79741 4.82150 4.84538 4.86952 4.89361 4.93161 5.82396 6.79239 6.79671 6.82917 6.87212 6.86085 6.90322 6.94216 6.98716 7.03078 7.07223 7.18715 7.74485 7.71687 7.44919 7.28274 7.17641 6.81858 6.16887 6.01542 5.82706 5.37972 5.00617 4.99858 4.99099 4.98337 4.97285 4.10063 3.95478 3.93795 3.49200 3.46926 3.41865 3.31767 3.36651 3.31211
1.45750 2.29744 2.76604 2.78332 2.80867 2.78955 2.76248 2.74485 2.72764 2.69854 2.58756 2.71027 2.95183 2.95200 3.16352 3.46385 3.43371 3.38903 3.25091 3.13526 3.11616 3.27212 4.61059 4.61204 4.75676 4.96725 4.96725 4.96725 4.96725 4.96725 4.97662 5.41912 6.79235 6.97482 6.99376 6.99280 7.08889 7.15656 7.16933 7.16534 7.15330 7.13940 7.12561 7.51183 7.61554 7.45793 7.19031 7.11427 6.92044 6.11321 6.02763 5.76668 5.57208 4.95981 4.95921 4.95862 4.95802 4.95742 4.45813 3.94727 3.98194 3.71483 3.60685 3.66016 3.49444 3.46749 3.43770
1.36012 1.75347 2.52150 2.61458 2.66130 2.68900 2.68225 2.67160 2.65645 2.64077 2.56655 2.55798 2.84894 2.80449 2.83202 3.22862 3.21408 3.21408 3.20401 3.14732 3.11616 3.11616 4.42551 4.61089 4.64901 4.95884 4.96792 4.97748 4.98779 4.99810 5.00290 5.14879 6.47418 6.92262 6.90115 6.88054 6.97348 7.05454 7.03980 7.02538 7.01994 7.01903 7.01811 7.24783 7.53375 7.47802 7.13471 7.11832 6.93919 6.28689 6.07721 5.77256 5.74472 5.01131 4.94928 4.94928 4.92081 4.86506 4.70636 4.14276 4.16075 3.99573 3.67523 3.67523 3.61979 3.62051 3.63359
1.33117 1.34578 2.35084 2.53211 2.53525 2.54972 2.49206 2.43841 2.38797 2.33752 2.30146 2.29481 2.61108 2.65985 2.65403 3.09375 3.15517 3.14939 3.14352 3.07776 3.01183 2.99918 3.96087 4.48966 4.57570 4.88109 4.98511 4.98224 4.97864 4.97505 4.97217 4.99587 5.86373 6.79153 6.79944 6.79944 6.84542 7.01462 7.01462 7.01462 7.01462 7.01462 7.01462 7.07744 7.53055 7.53155 7.16950 7.13467 6.96663 6.51393 6.08165 5.84764 5.73490 5.17160 4.81840 4.76267 4.73543 4.73543 4.73543 4.29925 4.16075 4.13706 3.69115 3.67415 3.64330 3.58415 3.54516
0.633651 0.635765 1.63004 1.98008 2.00731 2.13760 2.19344 2.21775 2.21775 2.21775 2.21775 2.21775 2.44517 2.59969 2.61011 2.88553 3.04092 3.00162 2.96237 2.87511 2.91737 2.99246 3.60955 4.45886 4.48858 4.71517 4.97195 4.97195 4.97195 4.97195 4.97195 4.98592 5.52276 6.55904 6.79944 6.79944 6.79992 6.99185 7.01462 7.01462 7.01462 7.01462 7.01462 7.01462 7.42395 7.53210 7.25804 7.13467 6.99754 6.67492 5.95984 5.74971 5.54175 5.27870 4.73576 4.74506 4.75830 4.77151 4.78688 4.59629 4.28338 4.31973 3.83925 3.57296 3.56916 3.56392 3.56992
0.622463 0.633200 1.23142 1.79781 1.98439 2.07996 2.19699 2.25031 2.26159 2.25964 2.23171 2.20309 2.30725 2.51706 2.47807 2.60637 2.89055 2.88353 2.87648 2.83950 2.79227 2.92347 3.20930 4.41820 4.43663 4.58483 4.96240 4.95861 4.83838 4.70488 4.58190 4.68834 5.28445 6.22386 6.79944 6.79944 6.79944 6.93322 7.08799 7.18666 7.28156 7.37512 7.46904 7.29332 7.26893 7.50349 7.26932 7.00762 6.89136 6.76370 5.97352 5.87762 5.70443 5.66520 4.96479 4.97219 4.99522 5.01390 5.03847 5.00660 4.48556 4.46596 4.15651 3.63118 3.63584 3.63125 3.61765
0.765588 0.792454 1.11401 1.81441 2.05156 2.02349 2.13230 2.14805 2.11635 2.08970 2.08901 2.08445 2.11478 2.44573 2.43914 2.45798 2.84112 2.84603 2.84603 2.84446 2.75064 2.91475 2.94290 4.34205 4.33886 4.34192 4.50778 4.50842 4.48835 4.48474 4.48834 4.63357 5.35611 6.34863 7.24217 7.39583 7.50079 7.62534 7.71802 7.71954 7.71163 7.66593 7.60659 7.39793 6.90065 7.32778 7.24365 7.03785 6.97416 6.80877 6.20450 5.93923 5.72860 5.72296 5.26585 5.08194 5.06790 5.05901 5.11489 5.14216 4.76826 4.57678 4.52509 3.76506 3.75123 3.75343 3.71925
0.930619 0.885984 1.02667 1.70689 1.82340 1.81160 1.95451 2.04646 2.06224 2.05523 2.04820 2.04574 2.04652 2.36609 2.42306 2.42305 2.75341 2.84093 2.83794 2.83608 2.75099 2.77242 2.77803 3.63277 3.90302 3.96803 4.12617 4.41536 5.01978 5.13750 5.24545 5.26444 5.69572 6.51810 7.15278 7.43821 7.42506 7.37796 7.42537 7.37720 7.33154 7.30816 7.27594 7.23409 6.56908 6.94376 7.04003 7.02559 7.04620 6.85807 6.41866 5.90166 5.70774 5.62693 5.40239 5.08707 5.08976 5.09245 5.12140 5.17803 5.01330 4.60950 4.61257 4.00789 3.77721 3.77721 3.75104
0.950445 0.892505 0.910662 1.56394 1.84464 1.81399 1.88174 2.03863 2.03502 2.03057 2.02614 2.02170 2.01726 2.25102 2.41053 2.40886 2.62074 2.78950 2.75336 2.70926 2.64176 2.62988 2.72138 3.22448 3.71434 3.76749 3.85866 4.18449 5.08908 5.18444 5.18444 5.18444 5.38826 6.25397 6.81306 7.25361 7.19897 7.18096 7.20813 7.19526 7.17762 7.17350 7.18832 7.19988 6.73690 6.75904 6.98803 6.87860 6.78907 6.58782 6.40469 5.83734 5.74317 5.64963 5.59294 5.11819 5.12115 5.12568 5.13333 5.21537 5.21615 4.70808 4.66035 4.30181 3.76509 3.72921 3.68858
0.775805 0.817500 0.811311 1.25399 1.77157 1.75976 1.76334 1.98366 2.00696 2.00726 2.00726 2.00726 2.00652 2.12624 2.33530 2.28433 2.33631 2.61583 2.59368 2.58217 2.58217 2.59148 2.71909 2.99788 3.71434 3.74002 3.83406 4.08861 4.82290 5.18788 5.20097 5.21500 5.26125 6.05819 6.71051 7.15314 7.23501 7.24875 7.23626 7.19483 7.19189 7.18873 7.13734 7.05431 6.73477 6.33221 6.74676 6.73816 6.73249 6.66870 6.60917 6.00999 5.90206 5.76337 5.76385 5.32747 5.22222 5.22222 5.22223 5.28410 5.33118 4.94845 4.59658 4.50798 3.75472 3.74593 3.74593
0.639804 0.750442 0.781282 1.10378 1.66195 1.76638 1.75925 1.89910 1.97887 1.93698 1.88764 1.83941 1.79034 1.78623 2.14089 2.13404 2.13569 2.52125 2.53390 2.52611 2.51843 2.51072 2.59541 2.68074 3.59734 3.60392 3.90568 4.08844 4.67892 5.35607 5.38698 5.41693 5.44473 5.91659 6.74848 7.02309 7.27542 7.27542 7.22938 7.09317 7.01510 6.94274 6.91304 6.91304 6.84874 6.25985 6.67890 6.75876 6.74548 6.71013 6.62474 6.19163 5.94891 5.76809 5.76385 5.49448 5.23087 5.23703 5.24311 5.26936 5.34710 5.20039 4.58297 4.58297 3.94975 3.74593 3.74604
0.576813 0.728741 0.781282 0.926289 1.29843 1.39984 1.35103 1.34101 1.59628 1.63240 1.62471 1.61697 1.61149 1.61128 1.95159 2.01612 2.01666 2.32494 2.47121 2.50397 2.53827 2.57443 2.63453 2.68183 3.57327 3.84130 4.18022 4.34665 4.57949 5.46244 5.48251 5.48251 5.48251 5.67606 6.58352 6.73693 7.06047 6.97934 6.93328 6.91809 6.91304 6.91304 6.91304 6.91304 6.91304 6.38779 6.51293 6.76324 6.74548 6.73668 6.62522 6.36819 5.96429 5.82094 5.78380 5.67991 5.24576 5.24576 5.24576 5.24622 5.32659 5.32990 4.69688 4.57680 4.25664 3.87925 3.92196
0.484088 0.702278 0.781282 0.801423 1.04389 1.06087 1.22167 1.23128 1.49066 1.61469 1.63251 1.64280 1.65364 1.66599 1.95615 2.18554 2.22406 2.44687 2.68899 2.73765 2.81779 2.89763 2.96755 3.03027 3.63875 4.04215 4.23082 4.39874 4.49356 5.25613 5.48875 5.53358 5.58507 5.69363 6.18348 6.49690 6.82278 6.93304 6.93304 6.92414 6.91304 6.90479 6.87666 6.84762 6.81863 6.51752 6.34977 6.77418 6.76589 6.77457 6.68287 6.58993 6.00983 5.85751 5.70393 5.69311 5.20771 5.16049 5.17435 5.18840 5.24965 5.26967 4.92089 4.52353 4.44282 3.90542 3.90298
0.402788 0.644361 0.749900 0.749790 1.01337 1.06036 1.21550 1.26838 1.43370 1.68433 1.71243 1.71546 1.71805 1.71830 1.92721 2.37591 2.46936 2.63320 3.01782 3.04919 3.04919 3.04919 3.04919 3.04919 3.41205 4.04215 4.15078 4.44100 4.55147 5.13875 5.66769 5.67431 5.67508 5.71084 5.97819 6.46531 6.60026 6.84520 6.81701 6.78841 6.75989 6.74312 6.74626 6.75077 6.75937 6.66757 6.32804 6.75461 6.80755 6.79104 6.71842 6.71416 6.18632 6.03349 5.81196 5.86201 5.46186 5.18501 5.21336 5.24171 5.22516 5.04139 4.96374 4.36320 4.34695 3.85788 3.71998
0.401705 0.401705 0.624935 0.685565 0.946244 1.07024 1.09105 1.20072 1.23325 1.66909 1.80030 1.88990 1.98328 2.07675 2.19049 2.68363 2.68557 2.68617 3.01462 3.04919 3.05288 3.07400 3.09727 3.14677 3.36580 4.29193 4.38960 4.74857 4.77346 5.05803 5.71069 5.68948 5.66756 5.63116 5.57784 6.17032 6.23618 6.62268 6.63393 6.62527 6.63286 6.63301 6.63056 6.62749 6.62954 6.65713 6.30241 6.62889 6.86547 6.89872 6.89744 6.83382 6.43718 6.17973 5.86106 5.89389 5.70545 5.16943 5.15533 5.14095 5.12657 4.94663 4.88865 4.38954 4.19130 3.89345 3.55269
0.401705 0.401705 0.568408 0.685565 0.862852 1.19039 1.35079 1.51276 1.61989 1.95079 2.19663 2.24515 2.27442 2.30376 2.33303 2.84559 2.97856 3.01191 3.25054 3.39939 3.47992 3.54633 3.61046 3.64837 3.65367 4.26653 4.32954 4.63057 4.68612 4.78247 5.42241 5.50198 5.50198 5.50198 5.47124 5.89810 6.17068 6.45396 6.59858 6.67978 6.73695 6.76398 6.88208 7.01239 7.13382 7.22093 7.04889 6.94130 6.96657 6.92986 6.91588 6.82417 6.62166 6.21908 5.89602 5.80781 5.76955 5.06517 5.03167 5.03167 5.03167 4.94506 4.82930 4.59385 4.16906 4.08787 3.60743
1.02193 1.55278 1.88830 1.98514 2.14822 2.14909 2.18735 2.17264 2.12343 2.21704 2.47369 2.52194 2.52194 2.52194 2.52194 2.88429 3.19627 3.26491 3.43854 3.65016 3.65334 3.65334 3.65334 3.65334 3.65334 4.11203 4.32954 4.54920 4.68612 4.73903 5.23645 5.50198 5.52801 5.67204 5.81697 6.17669 6.69933 6.89735 7.18807 7.26276 7.30086 7.23619 7.23116 7.21359 7.19634 7.19970 7.07380 6.85351 6.96420 6.95911 6.97655 6.83229 6.79459 6.24937 6.02888 5.86668 5.87086 5.36001 5.12756 5.13176 5.13595 5.12035 4.91574 4.85658 4.42214 4.45738 3.97414
