OMI_NO2_yc_0.0167deg/OMI_NO2_yc_0.0167deg/OMI_NO2_200609.asc
ncols      200
nrows      200
xllcorner       110.913
yllcorner       33.7933
cellsize     0.0166667
NODATA_Value      -999.000
[rows 0 to 28 of 165, columns 0 to 66 of 200]
0.179450 0.179450 0.179450 0.179450 0.179450 0.179450 0.179450 0.179450 0.179450 0.208798 0.530525 0.894405 1.13024 1.31280 1.44418 1.46280 1.46280 1.46280 1.46280 1.46280 3.27129 4.95351 4.95351 4.95351 4.95351 4.95351 4.95197 4.73687 4.42560 4.68688 4.55239 4.16867 4.03510 3.92172 3.81823 3.72321 3.63575 3.55505 3.65512 3.90233 2.91786 2.26486 2.53261 2.99044 2.99044 2.99044 2.99044 2.99809 3.47391 4.05590 4.49066 4.82826 5.09749 5.24261 5.24498 5.24498 5.72535 6.19263 6.19263 6.19263 6.19068 5.98838 5.70110 5.85195 5.94882 5.53115 5.11018
0.209226 0.214676 0.219550 0.224572 0.233411 0.430806 0.659997 0.831305 0.964416 1.06325 1.10690 1.29518 1.28721 1.27858 1.27039 1.26214 1.25423 1.24636 1.23870 1.23119 2.22167 3.57196 3.65759 3.43455 3.23398 3.40510 3.47811 3.37219 3.32086 3.32501 3.40838 3.40782 3.40782 3.40782 3.40782 3.40782 3.40782 3.40782 3.46665 3.89672 3.32477 2.26486 2.34811 3.21668 3.44325 3.61193 3.74264 3.97635 5.23132 5.24498 5.24498 5.24498 5.24498 5.24498 5.24498 5.24498 5.42778 5.83992 5.57980 5.36188 5.17896 5.11294 5.11294 5.44327 5.90662 5.76245 5.11018
0.401308 0.564700 0.701072 0.816563 0.914395 0.945806 0.945806 0.945806 0.945806 0.945806 0.945806 1.08879 1.12205 1.11555 1.10948 1.10382 1.09853 1.09356 1.09960 1.13735 1.57004 2.54911 2.69306 2.68446 2.68446 2.88603 3.24240 3.24240 3.24240 3.24933 3.40124 3.40782 3.40782 3.40782 3.40782 3.40782 3.40782 3.41328 3.47948 3.92734 3.84505 2.95049 3.06779 3.70278 3.87943 3.87943 3.87943 3.87943 4.96858 5.48645 5.66960 5.84115 5.83842 5.73783 5.65655 5.59037 5.57698 6.15866 6.27435 6.36518 6.45254 6.13144 5.11294 5.18041 5.89416 5.90049 5.21077
0.945680 0.945806 0.945806 0.945806 0.945729 0.945202 0.944984 0.944780 0.944589 0.944409 0.944240 1.00639 1.07923 1.07923 1.09671 1.13958 1.18268 1.22577 1.25888 1.26104 1.33273 2.45110 2.68332 2.68446 2.68446 2.78147 3.24240 3.24240 3.24240 3.24240 3.34616 3.40782 3.41714 3.48793 3.53381 3.52694 3.51957 3.50901 3.44917 3.61218 3.69642 4.25190 4.48403 5.07718 5.89356 6.02365 6.14817 6.22527 6.45985 6.68823 6.46278 6.26325 6.18713 6.18713 6.18713 6.18713 6.18713 6.52910 6.66095 6.66095 6.66095 6.53699 5.11418 5.11294 5.68622 5.90662 5.50989
0.945806 0.945806 0.945806 0.945806 0.945739 0.944071 0.944017 0.944017 0.944017 0.944326 0.970689 1.03022 1.19156 1.23521 1.26083 1.26104 1.26104 1.26104 1.26104 1.26104 1.26104 2.17444 2.50570 2.48742 2.41408 2.34939 2.75063 2.66922 2.53476 2.38855 2.38683 2.76230 2.77084 2.68258 2.61169 2.61033 2.61033 2.61033 2.61033 2.76739 3.09938 4.67383 5.15081 5.29789 5.99864 5.80927 5.64172 5.51692 5.57833 6.18324 6.18713 6.18713 6.18713 6.18713 6.18713 6.18713 6.18713 6.40505 6.66095 6.66095 6.66095 6.66095 5.38393 5.11222 5.36635 5.79397 5.54723
0.955848 0.945806 0.945806 0.945806 0.945806 0.947069 0.980124 1.02321 1.06632 1.10910 1.12583 1.12583 1.23135 1.26104 1.26104 1.26104 1.26104 1.26104 1.26104 1.26104 1.26104 1.26104 1.40174 1.53189 1.49519 1.45853 1.66268 1.70130 1.69438 1.69438 1.74659 2.58404 2.61033 2.61033 2.61033 2.61033 2.61033 2.61033 2.61402 2.68665 3.18723 4.32912 5.29530 5.31248 5.46261 5.50436 5.50436 5.50436 5.50436 6.03409 6.18713 6.18713 6.18713 6.18699 6.18577 6.18434 6.18292 6.24657 6.39370 6.34267 6.29143 6.22802 5.07427 4.00285 3.80618 4.31035 4.10537
1.04624 0.954703 1.00651 1.06393 1.12143 1.14511 1.12583 1.12583 1.12583 1.12583 1.12583 1.12583 1.18570 1.26104 1.26104 1.26104 1.26104 1.25863 1.22952 1.19284 1.15616 1.11951 1.13756 1.38043 1.38396 1.38396 1.54509 1.69438 1.69438 1.69438 1.69438 2.33348 2.61033 2.61033 2.62357 2.67139 2.72102 2.77063 2.81653 2.82593 3.21155 3.86550 5.31248 5.31237 5.39405 5.50166 5.50023 5.49880 5.49738 5.80258 6.17729 6.17586 6.17444 6.17315 6.17294 6.17294 6.13619 5.98036 5.76770 5.59994 5.43576 5.28406 4.61591 3.23639 3.23639 3.77729 4.03007
1.25350 1.18257 1.18822 1.18822 1.18822 1.17480 1.12583 1.12583 1.12583 1.12583 1.12583 1.12583 1.14037 1.23115 1.19478 1.15812 1.12146 1.08720 1.07965 1.07965 1.07965 1.07965 1.08481 1.33109 1.38396 1.38396 1.48286 1.69438 1.69438 1.69451 1.72299 2.10708 2.73812 2.78777 2.82752 2.83733 2.84540 2.85345 2.86150 2.86956 3.10056 3.35334 5.23431 5.29855 5.31611 5.48767 5.49017 5.49017 5.49017 5.57538 6.17117 6.09891 5.93499 5.77081 5.60654 5.44245 5.31502 5.30609 5.27046 5.25354 5.25354 5.25354 5.03309 3.23635 3.23080 3.37803 3.39322
1.32534 1.19649 1.18822 1.18822 1.18822 1.18805 1.13126 1.12804 1.12360 1.11458 1.10544 1.09642 1.08778 1.09193 1.09529 1.09726 1.09912 1.10110 1.10295 1.10495 1.10679 1.10878 1.11063 1.27345 1.41897 1.42863 1.50960 1.81192 1.86958 1.92715 1.95633 2.02025 2.86454 2.89642 2.90108 2.90111 2.90111 2.90111 2.90111 2.90111 3.00213 3.29605 4.86642 5.29829 5.29829 5.43829 5.49492 5.50292 5.51093 5.51894 5.42995 5.30626 5.30609 5.30609 5.30609 5.30609 5.30609 5.30609 5.28427 5.25236 5.24591 5.23884 5.23054 3.46200 3.19409 3.18350 2.93110
1.46067 1.34052 1.28113 1.27830 1.26632 1.25425 1.18935 1.15499 1.15031 1.15031 1.15031 1.15031 1.15031 1.15310 1.15672 1.15726 1.18118 1.21726 1.25339 1.28950 1.32554 1.35043 1.34055 1.29687 1.60980 1.67289 1.68222 1.96819 1.98517 1.98517 1.98517 1.98517 2.62867 2.90111 2.90111 2.90111 2.90111 2.90111 2.90111 2.90111 2.91256 3.28836 4.42968 5.31996 5.32796 5.40856 5.53111 5.53111 5.53111 5.53111 5.42580 5.30609 5.30609 5.28487 5.18771 5.07680 4.95884 4.83610 4.70022 4.52021 4.38973 4.25428 4.11405 3.42778 3.19409 3.19409 3.01594
1.43601 1.36544 1.23026 1.22102 1.22087 1.22087 1.19121 1.16953 1.20570 1.24174 1.27785 1.31401 1.35005 1.38689 1.42865 1.46429 1.47651 1.45707 1.40896 1.36058 1.31223 1.27512 1.27274 1.25005 1.48449 1.67911 1.67911 1.89589 1.98517 1.98517 1.98517 1.98517 2.32562 2.90111 2.90111 2.90165 2.90987 2.92054 2.93122 2.94189 2.95235 3.24170 3.83729 4.79127 4.66937 4.55584 4.62555 4.50038 4.36273 4.21939 4.02837 3.61637 3.43792 3.28865 3.26829 3.26415 3.26415 3.26415 3.26409 3.20186 3.19409 3.19409 3.19409 3.19409 3.19409 3.19409 3.11129
1.37796 1.37763 1.23736 1.22087 1.22087 1.22087 1.24757 1.46896 1.47010 1.47010 1.47010 1.47010 1.46982 1.44064 1.39716 1.35031 1.30194 1.27298 1.27274 1.27274 1.27274 1.27274 1.27274 1.27199 1.30769 1.67911 1.67911 1.82759 1.98517 1.98517 1.98501 1.98300 2.04645 2.91671 2.94310 2.95324 2.95571 2.95571 2.95571 2.95571 2.95571 3.13670 3.35065 3.35065 3.35065 3.35065 3.51489 3.59202 3.58259 3.57316 3.56514 3.32013 3.26415 3.26415 3.26415 3.26415 3.26415 3.26415 3.26415 3.22018 3.19409 3.19409 3.19409 3.19409 3.19409 3.19409 3.18763
1.37796 1.37796 1.28494 1.22087 1.22087 1.22087 1.22087 1.43195 1.46760 1.43038 1.38199 1.33362 1.28555 1.26633 1.26911 1.27274 1.27274 1.27274 1.27274 1.27274 1.27274 1.27274 1.27274 1.27274 1.20242 1.62787 1.66450 1.73878 1.97690 1.97295 1.96854 1.96746 1.96746 2.74283 2.95571 2.95571 2.95571 2.95571 2.95571 2.95571 2.95571 3.02888 3.31480 3.27342 3.23205 3.19070 3.29892 3.56418 3.56418 3.56418 3.56418 3.41827 3.26415 3.26415 3.26415 3.26415 3.26415 3.27600 3.41314 3.47265 3.24337 3.26203 3.28213 3.30373 3.32404 3.26970 3.17693
1.37796 1.37796 1.34816 1.22120 1.21169 1.15417 1.08967 1.20489 1.27748 1.26633 1.26633 1.26633 1.26633 1.26633 1.26699 1.27269 1.27274 1.27274 1.27274 1.27274 1.27141 1.24259 1.19945 1.15130 1.04117 1.27042 1.56529 1.60528 1.96746 1.96746 1.96746 1.96746 1.96746 2.43799 2.95571 2.95571 2.95571 2.94513 2.90543 2.86406 2.82270 2.78671 3.13913 3.17076 3.17076 3.17076 3.18359 3.54924 3.69963 3.87029 4.04096 4.16375 4.08209 4.25292 4.42359 4.59442 4.76492 4.92373 4.95725 4.83412 3.30384 3.17509 3.04976 2.92444 2.80276 2.76664 2.76664
1.37796 1.37796 1.37796 1.07696 0.956157 0.949175 0.949175 1.05007 1.26633 1.26633 1.26633 1.26633 1.26633 1.26633 1.26633 1.27027 1.24441 1.20152 1.15362 1.09976 1.04109 1.02346 1.02346 1.02346 1.00498 1.01012 1.56529 1.56626 1.92745 1.96746 1.96746 1.96746 1.96735 2.02998 2.87578 2.84963 2.80827 2.77750 2.80256 2.86026 2.91795 2.97576 3.63012 4.14599 4.31666 4.48732 4.65782 5.06738 5.25728 5.25728 5.25728 5.25728 5.00778 4.95725 4.92951 4.84733 4.76373 4.68014 4.59668 4.52475 3.15053 2.76664 2.76664 2.76664 2.76664 2.76664 2.76638
1.37796 1.37796 1.37796 1.15872 0.949175 0.949175 0.949175 0.960657 1.25636 1.26633 1.26633 1.22228 1.13762 1.05288 0.968218 0.944905 1.02346 1.02472 1.03060 1.03653 1.04284 1.04874 1.05505 1.06098 1.06721 0.941188 1.51499 1.62731 1.85295 1.98348 2.00808 2.03248 2.05724 2.11672 2.92159 3.17060 3.22830 3.28600 3.31706 3.31706 3.31706 3.31706 3.92912 4.86387 4.86387 4.86387 4.86387 4.97260 5.25728 5.32006 5.45069 5.58139 5.19251 4.57268 4.51684 4.51542 4.51542 4.51542 4.51542 4.51542 3.67663 2.76664 2.73848 2.56518 2.37171 2.17778 1.98470
1.59616 1.60521 1.61440 1.56904 1.12704 1.12515 1.09465 0.990104 1.13927 1.13680 1.05655 1.02053 1.02502 1.02965 1.03418 1.05570 1.26380 1.27127 1.27162 1.26839 1.23011 1.18199 1.13400 1.08604 1.04934 1.31056 1.88853 2.15277 2.30888 2.50950 2.50950 2.50950 2.50950 2.50950 2.89811 3.31706 3.31706 3.31706 3.31706 3.31706 3.31706 3.31706 3.51938 4.86434 4.94026 5.07096 5.20166 5.33832 5.82164 5.92445 5.92445 5.92445 5.67425 4.51542 4.51542 4.51542 4.51542 4.51537 4.44717 4.31814 3.73469 2.08334 1.91795 1.89753 1.89753 1.89753 1.89753
1.76016 1.72086 1.56572 1.39632 0.935828 0.735493 0.659141 0.656980 0.856422 1.04719 1.04645 1.02172 0.985728 0.949732 0.913768 0.877708 0.950596 0.949698 0.901661 0.856891 0.866760 0.914025 0.961470 1.00894 1.04504 1.29862 1.90143 2.17416 2.25334 2.50950 2.50950 2.50950 2.50950 2.50950 2.59312 3.30633 3.31706 3.31706 3.31933 3.40713 3.53783 3.66846 3.79929 5.27018 5.54501 5.53104 5.53104 5.53104 5.75843 5.92445 5.92445 5.92445 5.92403 4.70908 4.38407 4.25510 4.12595 3.99697 3.93602 3.93602 3.84232 1.92916 1.89753 1.89753 1.89753 1.89753 1.89753
1.02509 0.953930 0.936282 0.925486 0.810981 0.665702 0.668000 0.670147 0.702190 0.775480 0.740247 0.728917 0.728917 0.728917 0.728917 0.729187 0.795074 0.924226 0.971671 1.01914 1.04708 1.04728 1.04728 1.04728 1.04728 1.09388 1.84353 2.10624 2.20007 2.50950 2.55177 2.71490 2.87593 3.02506 3.16573 3.82868 4.17381 4.35247 4.52135 4.61432 4.66886 4.72164 4.77228 5.52073 5.88847 5.53104 5.53104 5.53104 5.62080 5.85938 5.73000 5.60114 5.47188 4.62199 3.93602 3.93602 3.93602 3.93602 3.93602 3.93602 3.93602 2.46558 1.89753 1.89753 1.89753 1.89753 1.89753
0.745515 0.875201 0.871198 0.871028 0.863108 0.685392 0.676174 0.676174 0.676258 0.723200 0.728917 0.730942 0.758695 0.794279 0.829893 0.865222 0.891061 1.04486 1.04728 1.04728 1.04728 1.04728 1.04728 1.04728 1.06791 2.14675 2.77340 3.11808 3.34066 3.98537 4.13014 4.13405 4.13405 4.13405 4.13405 4.45562 4.83396 4.83396 4.83396 4.83396 4.83396 4.83396 4.83396 5.22376 5.98204 5.65639 5.78514 5.92189 6.05584 5.44265 5.34504 5.34504 5.34504 5.06725 3.93602 3.93602 3.93602 3.93602 3.93602 3.93602 3.93602 3.05437 1.89753 1.89753 1.89753 1.89753 1.89753
0.674298 0.871028 0.871028 0.871028 0.871028 0.739667 0.676174 0.681589 0.713603 0.781866 0.837544 0.871117 0.878933 0.878933 0.878933 0.878933 0.878933 0.995041 1.04728 1.04728 1.04728 1.04728 1.04728 1.04728 1.04728 2.37798 2.93675 3.25973 3.47338 3.89284 4.13405 4.13405 4.13405 4.13405 4.13405 4.20313 4.82516 4.83396 4.83396 4.83396 4.85980 4.95799 5.06056 5.25389 6.41111 6.20642 6.12613 6.12613 6.12613 5.71152 5.34504 5.34850 5.41894 5.51236 4.38791 4.29876 4.39472 4.49136 4.58761 4.68357 4.78030 4.27197 1.89536 1.86819 1.83393 1.79967 1.76543
0.590514 0.870669 0.871028 0.871028 0.871028 0.832231 0.792451 0.822619 0.826190 0.844473 0.878933 0.878933 0.878933 0.878933 0.878933 0.878933 0.878933 0.936878 1.04728 1.04728 1.04728 1.04728 1.04728 1.04728 1.04728 2.02889 2.77340 3.23821 3.41039 3.75269 4.13405 4.13405 4.13405 4.13405 4.13405 4.13428 4.74324 4.99405 5.09662 5.19923 5.27595 5.28044 5.31251 5.36821 6.39869 6.60200 6.58195 6.67792 6.77436 6.72843 6.18568 6.27877 6.30468 6.30468 5.53887 4.89565 4.89565 4.89106 4.86976 4.84692 4.82408 4.72207 1.84686 1.71674 1.71674 1.71674 1.71674
0.553825 0.841644 0.871028 0.871028 0.871028 0.870641 0.830279 0.826190 0.826190 0.830436 0.878548 0.878933 0.878933 0.878933 0.891580 0.922032 0.952571 0.990103 1.04694 1.04728 1.04728 1.04728 1.04728 1.04728 1.04728 1.62763 2.64241 3.20592 3.32445 3.62397 4.13405 4.14565 4.26598 4.46521 4.67617 4.88688 5.24579 5.55506 5.61066 5.66621 5.72192 5.77736 5.80090 5.80090 6.53688 7.14150 7.08576 7.08576 7.08576 7.08568 6.43423 6.30468 6.38209 6.60417 6.42861 4.81774 4.79491 4.77666 4.77513 4.77513 4.77513 4.77513 2.73330 1.71674 1.71674 1.71772 1.72445
0.553825 0.743660 0.798417 0.793515 0.788288 0.783385 0.765220 0.752905 0.748970 0.752884 0.820382 0.857820 0.884468 0.911375 0.925333 0.921818 0.917898 0.914251 0.898909 0.888848 0.883581 0.878718 0.873451 0.871589 0.883503 1.03461 2.51743 3.08572 3.42070 3.94594 5.11975 5.32108 5.41163 5.42329 5.42329 5.42329 5.46386 5.79697 5.80090 5.80090 5.80090 5.80090 5.80090 5.80090 6.17751 7.15607 7.08642 7.18579 7.41110 7.63653 7.48275 7.30676 7.45500 7.45835 7.44628 5.07690 4.77513 4.77513 4.77513 4.77513 4.77513 4.77768 3.59018 1.73591 1.74357 1.75030 1.75123
0.553825 0.616194 0.668431 0.668431 0.673511 0.709151 0.746800 0.765892 0.796489 0.819452 0.848571 0.873529 0.873529 0.873529 0.874585 0.886177 0.900421 0.914652 0.925348 0.937514 0.956507 0.975516 0.994508 1.02361 1.05586 1.08639 2.44575 3.12883 3.70345 4.09111 5.23851 5.42329 5.42329 5.42329 5.42329 5.42329 5.42329 5.72182 5.80090 5.80090 5.80090 5.80116 5.89495 6.06411 6.28695 7.72474 8.07238 8.23909 8.23943 8.23943 8.13048 7.45976 7.45835 7.45835 7.45835 5.93428 4.77574 4.78021 4.78532 4.79043 4.79554 4.79812 4.29404 1.75123 1.75123 1.75123 1.75123
0.602331 0.687667 0.782286 0.823025 0.858704 0.863823 0.887266 0.882490 0.908668 0.943863 0.973062 0.954896 0.969153 0.983409 0.996572 0.999250 0.999250 0.999250 1.00039 1.03171 1.06250 1.09303 1.12358 1.14100 1.14108 1.14108 2.12268 2.86059 3.70345 3.88345 4.97052 5.42329 5.42329 5.42329 5.42329 5.43757 5.47381 5.68624 6.17934 6.37683 6.57461 6.77188 6.87588 6.90424 6.93279 7.97781 8.29666 8.23943 8.23943 8.23943 8.23943 7.62285 7.46083 7.46595 7.47107 6.82362 4.79746 4.79812 4.79812 4.79812 4.79812 4.79812 4.76010 1.97505 1.75123 1.75123 1.75123
1.05674 1.12037 1.09692 1.14261 1.18949 1.23638 1.25982 1.18544 1.11779 1.11779 1.11478 1.00441 0.999250 0.999250 1.00075 1.01898 1.04188 1.06478 1.08744 1.12690 1.14108 1.14108 1.14108 1.14108 1.14108 1.14108 1.77043 2.86525 3.78341 3.93688 4.96659 5.79106 5.72944 5.61181 5.50782 5.40326 5.29293 5.41691 7.02648 7.04582 7.04582 7.04582 7.04582 7.04582 7.04582 7.70294 8.35983 8.23179 8.13757 8.01886 7.90020 7.65429 7.48134 7.48134 7.48134 7.45451 5.04283 4.79812 4.79812 4.79812 4.79812 4.79812 4.79812 2.91645 1.75123 1.75199 1.78455
1.54808 1.44091 1.28511 1.25982 1.25982 1.25982 1.25982 1.24091 1.11891 1.11779 1.12162 1.05833 1.04686 1.06976 1.09115 1.09582 1.09582 1.09582 1.09582 1.11140 1.14108 1.14108 1.14108 1.14108 1.14108 1.14108 1.32217 3.07508 3.66927 3.98580 4.44377 5.29709 5.25461 5.25461 5.25461 5.25461 5.25461 5.25461 6.59938 7.04582 7.04582 7.04582 7.04582 7.02318 6.93787 7.14623 8.10057 7.74788 7.72262 7.72262 7.72262 7.69852 7.48382 7.48134 7.48134 7.48195 5.90261 4.83633 4.85834 4.88033 4.90234 4.92436 4.94637 3.72525 2.07944 2.10239 2.09918
1.70011 1.44091 1.31696 1.25982 1.25982 1.25982 1.25982 1.25982 1.18726 1.19327 1.21233 1.16243 1.09582 1.09582 1.09582 1.09582 1.09582 1.09582 1.09582 1.09895 1.14037 1.14108 1.20989 1.33327 1.44249 1.53978 1.62689 2.89025 3.39356 3.91248 4.06366 5.24678 5.25461 5.25461 5.25461 5.25461 5.25461 5.25461 6.01129 6.99535 6.90628 6.81729 6.72829 6.66186 6.65821 6.67792 7.94838 7.81390 7.78045 7.80246 7.82447 7.84646 7.68940 7.64923 7.67124 7.69262 6.97486 5.01584 5.01584 5.01584 5.03838 5.19846 5.40461 4.97289 2.03096 2.00282 1.99317
