OMI_NO2_yc_0.0167deg/OMI_NO2_yc_0.0167deg/OMI_NO2_200502.asc
ncols      200
nrows      200
xllcorner       110.913
yllcorner       33.7933
cellsize     0.0166667
NODATA_Value      -999.000
[rows 116 to 144 of 164, columns 0 to 66 of 200]
5.21302 5.42215 5.59568 5.64860 5.64860 5.64860 5.64860 7.16318 8.96413 8.96413 8.96413 8.97836 10.6332 10.8570 10.9293 10.9391 10.7828 10.7335 10.7335 10.7291 10.6841 10.6292 10.5743 10.5195 7.75577 4.42467 4.34241 4.26007 4.21434 4.21427 4.21427 4.21427 4.33979 4.55845 4.55845 4.55845 4.27897 4.21693 4.21693 4.21693 4.21693 4.21693 4.21693 13.7166 16.9242 16.9242 16.9242 16.9242 16.9242 17.2274 17.3420 17.3420 17.3420 17.3420 17.3420 17.1799 15.8297 14.2420 12.6556 11.7477 11.6491 11.6491 11.6491 11.6491 11.6491 16.7686 19.3530
5.58976 5.64860 5.64860 5.64860 5.64860 5.64860 5.64860 6.15064 8.96413 8.96413 8.96413 8.94192 9.79679 10.5240 10.4198 10.2910 10.2744 10.3847 10.3298 10.2793 10.2695 10.2695 10.2695 10.2695 9.15268 4.21427 4.21427 4.21427 4.21427 4.21427 4.21427 4.21427 4.25013 4.55793 4.55845 4.55845 4.35553 4.21693 4.21693 4.21693 4.21693 4.21693 4.21693 9.53027 16.9242 16.9242 16.9242 16.9242 16.9242 17.1193 17.3420 16.9626 15.4509 13.8645 12.2762 10.8519 10.6144 10.6144 10.6144 11.0319 11.6377 11.6012 11.5637 11.5265 11.4891 14.4140 18.7228
5.54079 5.64860 5.64860 5.62076 5.50829 5.39027 5.27216 5.15405 7.84041 8.23337 8.15971 8.31868 8.88131 9.58602 9.62060 9.66810 9.80651 10.2695 10.2695 10.2695 10.2695 10.2695 10.2695 10.2695 10.1993 4.79714 4.21427 4.21427 4.21427 4.21427 4.21427 4.21427 4.21427 4.50355 4.55845 4.55845 4.43208 4.21693 4.21465 4.19860 4.18063 4.16234 4.14425 4.77977 16.4126 16.8396 16.8275 16.1291 14.5341 13.0209 11.7536 10.5333 10.4451 10.4331 10.4210 10.4089 10.3969 10.3847 10.3727 10.4290 10.7045 10.7037 10.7037 10.7037 10.7037 11.5426 17.6012
5.10608 4.90935 4.79124 4.70107 4.69535 4.69566 4.74301 4.83148 7.02354 9.18265 9.54429 9.58602 9.58602 9.58602 9.60186 9.66810 9.67873 10.2378 10.2695 10.2662 10.2272 10.1781 9.89020 9.02976 8.02920 4.86843 3.71033 3.63652 3.56339 3.48986 3.41632 3.34320 3.26939 3.39533 3.46718 3.39324 3.39503 3.84250 3.82668 3.82452 3.82452 3.82452 3.82452 3.82452 11.3681 12.4276 10.8399 9.93904 9.93500 9.94002 10.3267 10.3528 10.3528 10.3528 10.3528 10.3528 10.3528 10.3528 10.3503 10.2982 10.5491 10.4867 10.4080 10.3295 10.4222 10.6292 15.0659
4.91595 4.73870 4.78428 4.83857 4.88965 4.94776 4.94011 4.88209 5.86283 9.18646 9.12843 9.07012 9.01210 8.95398 8.89664 8.95213 8.87902 8.63503 7.84616 6.72735 5.47967 4.03183 2.88450 2.84745 2.84745 2.84745 2.84745 2.84745 2.84745 2.84745 2.84745 2.84745 2.84745 2.95647 3.19163 3.19163 3.19328 3.77401 3.82452 3.82452 3.82452 3.82452 3.82452 3.82452 6.25499 9.93500 9.93500 9.93500 9.93500 9.92723 10.1473 10.1856 10.1070 10.0284 9.94962 9.87094 9.79219 9.71336 9.63726 9.61543 9.87852 10.1878 10.6727 10.8980 10.9903 10.9903 13.2300
4.54289 4.38449 4.21931 4.20782 4.20782 4.20782 4.20782 4.20782 4.25645 8.26868 8.62852 8.38739 7.49477 6.44612 5.23638 3.95619 2.42819 2.33350 2.84745 2.84745 2.84745 2.84745 2.84745 2.84745 2.84745 2.84745 2.84745 2.84745 2.84745 2.84745 2.84745 2.84745 2.84745 2.87003 3.18781 3.19163 3.19163 3.63404 3.82452 3.82452 3.81592 3.75349 3.68214 3.61072 3.79006 9.44130 9.64968 9.60207 9.55446 9.51466 9.55511 9.61543 9.61543 9.61543 9.61543 9.61543 9.61543 9.61543 9.61543 9.61543 9.80196 10.1499 10.9888 10.9903 10.9903 10.9903 11.6195
4.50196 4.40445 4.20782 4.20782 4.20782 4.20643 4.06340 3.82443 3.58571 4.12163 3.06976 1.81040 1.75281 1.75281 1.75281 1.85056 1.94536 2.09330 2.84745 2.84745 2.84745 2.84745 2.84745 2.84745 2.84745 2.84745 2.84745 2.84745 2.84745 2.84745 2.84745 2.84493 2.79488 2.72680 2.91734 2.91202 2.84054 3.06977 3.33073 3.25931 3.19650 3.18745 3.18745 3.18745 3.18745 7.72410 9.51029 9.51029 9.51029 9.51029 9.52824 9.61543 9.61543 9.61543 9.61543 9.61543 9.61543 9.61543 9.61543 9.61543 9.72504 9.96628 10.7975 10.5758 10.0245 9.47373 8.92244
4.48365 4.26779 3.75924 3.51759 3.27863 3.04111 2.94542 2.94542 2.94542 2.66111 1.75281 1.75281 1.75281 1.75281 1.75281 1.80669 1.94536 1.94698 2.75353 2.84745 2.84745 2.84745 2.84745 2.83016 2.76478 2.69681 2.62866 2.56063 2.49261 2.42452 2.35644 2.29088 2.27290 2.27290 2.42263 2.55456 2.55456 2.71339 3.18745 3.18745 3.18745 3.18745 3.18745 3.18745 3.18745 5.58958 9.51029 9.51029 9.51029 9.51029 9.51049 9.60610 9.61543 9.61543 9.61543 9.61543 9.61543 9.61543 9.52269 8.87883 8.17743 7.76035 7.93156 8.64844 8.64844 8.64844 8.64844
3.28361 3.23955 3.00616 2.94542 2.94542 2.94542 2.94542 2.94542 2.94542 2.90852 1.80794 1.75281 1.75281 1.75281 1.75281 1.79026 2.02192 2.07584 2.44340 2.53059 2.46250 2.39447 2.32644 2.27565 2.27290 2.27290 2.27290 2.27290 2.27290 2.27290 2.27290 2.27290 2.27290 2.27290 2.34931 2.55456 2.55456 2.58196 3.17732 3.18745 3.18745 3.18745 3.18745 3.18745 3.18745 3.38919 9.20817 9.51029 9.51029 9.51029 9.51029 9.57922 9.61543 9.61543 9.40747 8.69522 7.96049 7.22576 6.58377 6.49290 6.49290 6.80018 7.05854 8.62983 8.64844 8.64844 8.64844
3.23955 3.23955 3.08531 2.94542 2.94542 2.94542 2.94547 2.96485 2.99968 3.03459 2.36914 1.99097 2.04325 2.09549 2.14782 2.17411 2.33266 2.36666 2.33228 2.27290 2.27290 2.27290 2.27290 2.27290 2.27290 2.27290 2.27290 2.27290 2.27290 2.27290 2.27290 2.27290 2.27290 2.27290 2.28365 2.54684 2.55456 2.55456 3.06309 3.18745 3.18745 3.18745 3.18745 3.18745 3.18745 3.17664 7.59801 9.44600 9.41642 9.38734 8.98912 8.26674 7.56626 6.80220 6.24616 6.19460 6.16509 6.13601 6.10680 6.07741 6.04833 6.86511 7.36400 8.68845 9.07780 9.09736 9.11697
3.28664 3.31889 3.27889 3.10633 3.14124 3.17607 3.21078 3.22629 3.22629 3.22629 2.89852 2.17411 2.17411 2.17411 2.17411 2.17411 2.28879 2.36666 2.35692 2.27306 2.27290 2.27290 2.27290 2.27290 2.27290 2.27160 2.24163 2.20060 2.15973 2.11848 2.07768 2.03658 1.99547 1.95468 1.91335 2.08386 2.11326 2.07200 2.32891 2.49377 2.44949 2.40587 2.36197 2.31798 2.27436 2.24108 4.47449 7.59044 6.85602 6.12098 5.75564 5.77085 5.86079 5.86079 5.86079 5.86079 5.86079 5.86079 5.86079 5.86079 5.86079 6.58187 7.50252 8.20738 9.10877 9.08992 9.06624
3.48879 3.48879 3.48155 3.23677 3.22629 3.22629 3.22629 3.22629 3.22995 3.24053 3.17657 2.23494 2.24372 2.25984 2.27590 2.29202 2.21111 1.94214 1.90096 1.78150 1.72541 1.68404 1.64324 1.60222 1.56104 1.52154 1.51033 1.51033 1.51033 1.51033 1.51033 1.51033 1.51033 1.51033 1.51033 1.64837 1.79199 1.79199 1.95203 2.23928 2.23928 2.23928 2.23928 2.23928 2.23928 2.23928 2.32560 5.56544 5.75564 5.75564 5.75564 5.75568 5.84887 5.85465 5.83054 5.80541 5.78029 5.75510 5.72997 5.70483 5.67966 6.01655 7.27413 7.38785 8.36582 7.97964 7.59291
3.58439 3.59511 3.60584 3.42758 3.36479 3.37551 3.38624 3.39697 3.40401 3.40417 3.40417 2.71043 2.44094 2.44094 2.44094 2.44094 2.32306 1.60410 1.60410 1.55038 1.51033 1.51033 1.51033 1.51033 1.51033 1.51033 1.51033 1.51033 1.51033 1.51033 1.51033 1.51033 1.51033 1.51033 1.51033 1.57508 1.79199 1.79199 1.85264 2.23928 2.23928 2.23928 2.23928 2.23928 2.22624 2.16995 2.11019 4.53164 5.59002 5.55022 5.51034 5.47058 5.56595 5.62666 5.62556 5.62556 5.62556 5.62556 5.62556 5.62556 5.62556 5.67206 7.22543 7.26882 7.45030 7.45299 7.45299
3.66668 3.66668 3.66668 3.54795 3.40417 3.40417 3.40417 3.40417 3.40417 3.39490 3.37516 2.99736 2.44094 2.44094 2.44094 2.44094 2.43953 1.67745 1.60410 1.57519 1.51033 1.51033 1.51033 1.51033 1.51033 1.51033 1.51033 1.51033 1.51033 1.51033 1.51033 1.51033 1.51033 1.51033 1.51033 1.51112 1.71679 1.66817 1.60910 1.95675 1.93641 1.87666 1.81696 1.75725 1.71064 1.70718 1.70718 3.00107 5.40091 5.40091 5.40091 5.40091 5.48419 5.62556 5.62556 5.62556 5.62556 5.62556 5.62556 5.63732 6.04959 6.58991 8.12230 8.74678 8.50215 7.44853 7.37817
3.66668 3.66668 3.66668 3.61757 3.38907 3.36932 3.34958 3.32985 3.31011 3.29964 3.29964 3.18768 2.44094 2.44094 2.44094 2.44094 2.44094 1.86590 1.60410 1.59860 1.51172 1.51033 1.51033 1.51033 1.51033 1.51033 1.51033 1.49552 1.46324 1.43098 1.39875 1.36652 1.33424 1.30198 1.26976 1.24206 1.25371 1.25989 1.25989 1.56872 1.70718 1.70718 1.70718 1.70718 1.70718 1.70718 1.70718 1.78148 5.18341 5.40091 5.40091 5.40091 5.42642 5.62547 5.62556 5.68728 6.18994 6.71081 7.16639 7.55975 7.68026 7.66579 8.27909 8.72379 8.60403 7.19410 7.06412
3.62597 3.60625 3.58650 3.56620 3.32268 3.29964 3.29964 3.29964 3.29964 3.29964 3.29964 3.29878 2.59053 2.44094 2.44094 2.44094 2.44094 2.05569 1.60635 1.63966 1.50743 1.41726 1.38503 1.35280 1.32052 1.28826 1.25603 1.23859 1.23859 1.23859 1.23859 1.23859 1.23859 1.23859 1.23859 1.23859 1.24816 1.25989 1.25989 1.48212 1.93237 2.18138 2.39515 2.58057 2.74284 2.41133 1.70718 1.70718 4.23510 5.40091 5.40091 5.55346 6.11887 6.80129 7.26932 7.62239 7.68026 7.65043 7.56041 7.46887 7.37733 7.30014 7.71807 8.52384 8.52384 7.62969 7.06412
3.56214 3.56214 3.56214 3.56214 3.39174 3.29964 3.29964 3.29964 3.29964 3.29964 3.30210 3.32604 2.96291 2.56749 2.61089 2.65443 2.69787 2.54583 1.94573 1.95582 1.58588 1.23859 1.23859 1.23859 1.23859 1.23859 1.23859 1.23859 1.23859 1.23859 1.23859 1.23859 1.23859 1.23859 1.38475 1.68322 1.94170 2.17559 2.36739 2.60416 2.86852 2.86852 2.86852 2.86852 2.86852 2.71746 1.70718 2.29505 4.37370 6.75379 7.19213 7.49336 7.51070 7.55888 7.53341 7.43991 7.34664 7.28312 7.27965 7.27787 7.27606 7.27427 7.39441 8.00253 7.96432 7.51071 6.42818
3.56214 3.56214 3.56320 3.57389 3.49786 3.38670 3.41566 3.44466 3.47360 3.50260 3.52912 3.53412 3.38901 2.79266 2.79266 2.79266 2.79266 2.76596 1.97682 1.95582 1.77505 1.23859 1.23859 1.23859 1.23859 1.23859 1.23859 1.23859 1.35028 1.81211 1.85369 2.08603 2.29421 2.47930 2.57764 2.58596 2.59399 2.61495 2.62406 2.64408 2.84308 2.84239 2.83998 2.83760 3.76426 4.74442 5.32880 5.71078 5.73539 7.28561 7.31117 7.21778 7.12558 7.14203 7.25299 7.25299 7.25299 7.25299 7.25299 7.25299 7.25299 7.25299 7.25312 7.52216 7.54907 7.51862 6.17616
3.63527 3.64828 3.66024 3.66256 3.64781 3.53421 3.53412 3.53412 3.53412 3.53412 3.53412 3.53412 3.52341 2.85361 2.73884 2.67381 2.60879 2.54386 2.09898 2.03310 2.02527 1.36760 1.35165 1.72935 2.37726 2.92922 3.40393 3.81781 4.13164 3.99033 2.69700 2.70290 2.70515 2.70515 2.70515 2.70515 2.70515 2.71463 2.71936 2.71936 2.79760 2.81733 2.81733 2.81733 4.12463 5.57409 5.63994 5.70171 5.70171 6.59899 7.08451 7.08451 7.08451 7.09930 7.25232 7.25299 7.25299 7.25770 7.27252 7.28763 7.30274 7.31789 7.33298 7.55305 7.65927 7.67440 6.90634
3.52175 3.47833 3.43505 3.39170 3.34835 3.19621 3.13327 3.08985 3.04649 3.00307 2.95972 2.91644 2.87301 2.22000 1.72487 1.72487 1.72487 1.80299 2.60088 3.31934 3.77547 3.78884 4.02260 4.19287 4.19287 4.19287 4.19287 4.19287 4.19287 4.19287 2.96996 2.70515 2.70515 2.70515 2.70515 2.70515 2.70515 2.71089 2.71936 2.71936 2.77596 2.81733 2.81733 2.81733 3.11036 5.54191 5.60388 5.70171 5.69630 6.09830 7.05713 7.04540 7.03367 7.02195 7.28864 7.36829 7.38341 7.39383 7.39415 7.39415 7.51413 7.87342 8.21246 8.07912 8.29473 8.40718 8.24715
2.95070 2.95070 2.95070 2.95070 2.95070 2.87624 2.82226 2.82226 2.82226 2.82226 2.82226 2.82226 2.81211 2.71516 3.16701 3.61905 4.01200 4.32182 4.46731 4.67102 4.67102 4.45050 4.19287 4.19287 4.19287 4.19287 4.19287 4.19287 4.19287 4.19287 3.41720 2.70515 2.70515 2.70515 2.70515 2.70515 2.70515 2.70724 2.71936 2.71515 2.73485 2.78236 2.76673 2.75109 2.73545 4.89556 5.49168 5.56763 5.56268 5.57831 6.86924 6.98008 6.98008 6.98008 7.29097 7.81192 8.15589 8.47344 8.76802 9.04202 9.21999 9.22571 9.22185 8.51318 8.29045 8.18603 8.08707
2.95070 2.95070 2.95070 2.95070 2.95070 2.91059 2.82189 2.80463 2.77820 2.75176 2.72534 2.69890 2.68263 2.79239 4.33770 4.36803 4.36803 4.36803 4.39877 4.67104 4.67102 4.57640 4.19287 4.19287 4.19287 4.19287 4.19287 4.19287 4.19287 4.19287 3.86353 2.67864 2.64354 2.60844 2.57331 2.53825 2.50312 2.46806 2.57252 2.58066 2.59301 2.67808 2.67808 2.67808 2.67808 3.96969 5.46966 5.52798 5.62295 6.12385 7.32847 8.05269 8.36439 8.65437 8.97908 9.22571 9.22571 9.22571 9.21147 9.11898 9.01461 8.91023 8.80976 8.39108 8.03500 8.06071 8.08569
2.95070 2.94795 2.92542 2.89898 2.87254 2.83844 2.69349 2.68243 2.68243 2.68243 2.68243 2.68243 2.68243 2.68243 3.93551 4.36803 4.36803 4.36803 4.36803 4.63292 4.67102 4.66710 4.21922 4.15020 4.11510 4.08000 4.04494 4.00984 3.97471 3.93959 3.89345 2.53944 2.40822 2.40822 2.40822 2.40822 2.40822 2.40822 2.51575 2.58012 2.58021 2.66917 2.67708 2.58288 2.41264 2.54800 5.47621 6.58363 8.25445 8.30984 8.47061 8.89445 8.89445 8.89445 8.88582 9.08992 8.98875 8.88415 8.79401 8.78213 8.79208 8.81693 8.84196 8.75137 8.09721 8.13828 8.13828
2.83845 2.81477 2.81087 2.81087 2.81087 2.81087 2.71098 2.68243 2.68243 2.68243 2.68243 2.68243 2.68243 2.68243 3.39138 4.22431 4.10984 3.99564 3.88088 3.96328 3.95492 3.84118 3.85318 3.89594 3.89594 3.89594 3.89594 3.89594 3.89594 3.89594 3.89594 2.97497 2.40822 2.40822 2.40822 2.40822 2.40822 2.35971 2.25192 2.17760 1.95699 1.79182 1.54707 1.42152 1.42152 1.42152 4.70287 5.92725 8.30138 8.30984 8.24673 8.67934 8.63141 8.52708 8.45362 8.71666 8.79818 8.82315 8.84774 8.86803 8.87721 8.87159 8.86575 8.85993 8.19312 8.11068 8.10721
2.81087 2.81087 2.81087 2.81087 2.81087 2.81087 2.71374 2.53448 2.42037 2.30544 2.19170 2.07667 1.96283 1.84790 1.99659 3.44807 3.44854 3.44854 3.44854 3.57601 3.75153 3.75153 3.81101 3.89594 3.89594 3.89594 3.89594 3.89594 3.89594 3.89594 3.89594 3.40589 2.25092 2.05521 1.83174 1.57381 1.27280 1.02604 1.02254 1.22568 1.19875 1.25594 1.34277 1.32808 1.31362 1.29915 3.23106 5.15402 7.41483 7.72804 7.65783 8.09165 8.38343 8.40263 8.42176 8.62135 8.77540 8.76954 8.76416 8.76304 8.76304 8.76304 8.76304 8.76304 8.34900 8.04973 8.04973
2.67531 2.60823 2.54099 2.47396 2.40693 2.33969 2.16442 1.76294 1.76294 1.76294 1.76294 1.76294 1.76294 1.76294 1.76294 3.16641 3.44854 3.44854 3.44854 3.50794 3.72736 3.70942 3.71285 3.81755 3.79958 3.78134 3.60837 3.16936 2.72614 2.28262 1.83929 1.40954 0.684127 0.627887 0.600881 0.573624 0.546568 0.520568 0.513829 0.731627 0.771670 0.853464 1.10839 1.10839 1.10839 1.10839 1.45031 4.56213 6.33874 7.59879 7.59879 7.81751 8.43178 8.43178 8.43178 8.52755 8.76304 8.76304 8.76304 8.76304 8.76304 8.74187 8.68845 8.63483 8.39689 7.81428 7.76056
2.29126 2.29126 2.29154 2.29701 2.30437 2.31175 2.30696 1.82224 1.80552 1.81289 1.82024 1.82762 1.83498 1.84235 1.84972 2.74861 3.55005 3.55743 3.56478 3.56789 3.40312 3.07192 2.64688 2.34888 1.94061 1.51553 1.24474 1.24034 1.24034 1.24034 1.24034 1.24034 0.782327 0.513829 0.513829 0.513829 0.513829 0.513829 0.513829 0.664485 0.771670 0.785036 1.10239 1.10839 1.10839 1.10839 1.10839 3.86461 5.39676 7.59879 7.59879 7.60347 8.37043 8.48470 8.51947 8.57036 8.51828 8.45626 8.40259 8.34892 8.29515 8.26271 8.26241 8.22814 8.02400 7.52984 7.51791
2.39668 2.40404 2.41114 2.41304 2.41304 2.41304 2.41304 2.03755 1.88471 1.88471 1.88471 1.88471 1.88471 1.88471 1.88471 2.18604 3.03246 2.60714 2.18159 1.75674 1.23725 1.09593 1.09593 1.18537 1.24034 1.24034 1.24034 1.24034 1.24034 1.24034 1.24034 1.24034 1.00426 0.513829 0.513829 0.513829 0.513829 0.513829 0.513829 0.597369 0.771670 0.771670 1.04135 1.14382 1.23038 1.31748 1.40466 3.09191 4.95304 7.67243 7.92106 7.96457 8.44352 8.74121 8.74121 8.74121 8.36965 8.24639 8.07302 7.85966 7.64630 7.43294 7.21945 7.04037 7.02050 7.33316 7.26964
2.41304 2.41304 2.41304 2.41304 2.41304 2.41304 2.41304 2.17809 1.88471 1.88446 1.75603 1.52085 1.28581 1.05039 0.815089 0.650830 1.19694 1.24998 1.24998 1.24998 1.17079 1.09593 1.09593 1.14739 1.24034 1.24034 1.24034 1.24034 1.24034 1.24034 1.24034 1.24034 1.17900 0.515462 0.524866 0.599821 0.685164 0.770579 0.856066 0.961005 1.31636 1.40606 1.68834 1.88156 1.88195 1.88195 1.88195 2.18502 5.07618 7.08032 7.98557 7.97998 8.00114 8.37695 8.16347 7.95023 7.48885 7.06048 7.02050 7.02050 7.02050 6.97508 6.73778 6.47838 6.21952 6.18747 6.38949
