OMI_NO2_yc_0.0167deg/OMI_NO2_yc_0.0167deg/OMI_NO2_200504.asc
ncols      200
nrows      200
xllcorner       110.913
yllcorner       33.7933
cellsize     0.0166667
NODATA_Value      -999.000
[rows 116 to 144 of 200, columns 0 to 66 of 200]
5.91643 5.94877 5.83358 5.78592 5.82882 5.87082 5.87786 5.87190 5.87165 5.87179 6.23135 6.29947 6.23078 6.21555 6.10523 6.05260 5.94591 5.87681 5.21587 4.68586 4.40107 4.42568 4.39413 4.28621 4.28540 4.22551 3.89340 3.61952 3.47373 3.34839 3.30747 3.29276 3.16234 3.16300 3.18126 3.22499 3.25648 3.35772 3.47750 3.33512 3.04265 3.09957 3.15451 3.16990 3.17258 3.37310 3.53651 3.52429 3.54459 3.59648 3.63420 3.63153 3.68910 4.40251 4.52215 4.52056 4.48946 4.44720 4.44476 4.43699 4.40356 4.31462 4.17584 4.15743 4.14094 4.26074 4.29002
6.02859 6.02017 5.91678 5.84038 5.86373 5.86854 5.87060 5.86728 5.86631 5.86535 6.06909 6.29201 6.23362 6.13158 6.02515 5.82645 5.71318 5.73613 5.42862 4.91294 4.42377 4.35233 4.22364 3.91018 3.84704 3.82659 3.69622 3.44660 3.41211 3.31102 3.31102 3.31102 3.20568 3.16028 3.12874 3.12163 3.11592 3.13765 3.74231 3.61830 3.25011 3.19431 3.19749 3.20491 3.21585 3.36483 3.69949 3.73237 3.74721 3.81102 3.85356 3.85432 3.85090 4.30683 4.55680 4.47373 4.40599 4.26788 4.22905 4.19629 4.18492 4.18086 4.15797 4.18118 4.20125 4.22892 4.21769
6.00910 6.00910 5.97572 5.82799 5.86358 5.86157 5.85721 5.85617 5.85593 5.85593 5.89568 6.09441 6.01609 5.97279 6.03295 5.84200 5.64769 5.53521 5.29198 4.59956 4.10490 4.06535 4.06371 3.87008 3.81623 3.81623 3.77678 3.44652 3.43977 3.28012 3.23359 3.19254 3.08897 2.97941 2.96547 2.98414 3.03049 3.01700 3.38583 3.56233 3.45396 3.42534 3.45769 3.48579 3.52201 3.63566 3.89715 4.02258 4.06323 4.10395 4.11141 4.11124 4.05738 4.10834 4.34711 4.29512 4.30135 4.23266 4.23882 4.25076 4.26206 4.27343 4.23726 4.21048 4.19966 4.22123 4.29352
6.00910 6.00910 6.00910 5.84883 5.85666 5.86316 5.85724 5.85654 5.85566 5.88063 5.94890 6.12639 6.20628 6.14250 6.11804 5.82505 5.33679 5.28632 5.28625 4.68902 4.21082 4.06371 4.06371 3.94602 3.79400 3.74890 3.69992 3.31895 3.21738 3.09883 3.04921 3.03763 3.00846 2.86690 2.80580 2.95378 2.89164 2.83845 3.11595 3.63136 3.69709 3.69601 3.74728 3.79885 3.84214 3.86098 3.96168 4.11239 4.12962 4.17502 4.19204 4.21562 4.16144 4.18105 4.37283 4.40657 4.38766 4.31206 4.24457 4.24345 4.27401 4.38431 4.47455 4.54763 4.64195 4.70165 4.65160
6.00910 6.00910 6.00910 5.90252 5.84088 5.89406 5.94315 5.98416 6.01524 6.03259 6.00607 6.04840 6.15439 6.09338 6.07954 6.01623 5.40722 5.25653 5.24903 4.86658 4.26535 3.93306 3.90209 3.81881 3.51405 3.51038 3.51141 3.28068 3.16149 3.10960 2.95844 2.82664 2.69279 2.45672 2.42456 2.75197 2.83329 2.91239 3.03581 3.75621 3.90739 3.88236 3.88528 3.90250 3.92075 3.94056 3.98566 4.18182 4.22069 4.28000 4.38303 4.39952 4.35825 4.32557 4.35176 4.41559 4.44855 4.51372 4.60822 4.70715 4.77105 4.75505 4.72904 4.69261 4.69261 4.69261 4.66337
6.00166 6.05249 6.16766 6.21447 6.03592 6.08118 6.06703 6.07045 6.06337 6.07488 6.08834 6.10681 6.25936 6.24243 6.20908 6.16428 5.54510 4.98385 4.88932 4.72211 4.23322 3.96674 3.95666 3.95930 3.59984 3.54973 3.50539 3.21550 2.86210 2.70361 2.55696 2.55696 2.57635 2.55385 2.53930 2.83994 3.03045 3.08871 3.13357 3.66436 3.99900 3.99713 3.98706 4.01371 4.03931 4.05686 4.09447 4.23088 4.30434 4.31829 4.41387 4.48101 4.51935 4.53125 4.59454 4.76556 4.69881 4.67821 4.73153 4.73673 4.73673 4.73673 4.73617 4.69476 4.69120 4.70343 4.70097
6.58013 6.67539 6.69863 6.70958 6.26195 6.20962 6.19079 6.16727 6.16214 6.15660 6.11961 6.01606 6.01464 5.97200 5.82441 5.77640 5.48753 4.83162 4.77352 4.77326 4.33106 4.03569 3.95001 3.83318 3.45265 3.14299 3.04925 2.97692 2.70095 2.75193 2.69549 2.76430 2.83826 2.84498 2.79592 2.98913 3.11176 3.15748 3.21435 3.56344 4.08770 4.13468 4.08230 4.07815 4.07302 4.06963 4.12650 4.26149 4.46548 4.53161 4.65443 4.67839 4.64641 4.54034 4.49353 4.58565 4.55679 4.53574 4.57296 4.60006 4.61392 4.64322 4.67237 4.67176 4.68824 4.70523 4.71722
6.39229 6.71705 6.72950 6.74162 6.46233 6.23245 6.09610 5.96255 5.82997 5.69508 5.62495 5.62112 5.66759 5.81937 5.77729 5.77319 5.69017 4.92933 4.77302 4.69231 4.28325 3.76384 3.48184 3.46050 3.33813 3.12346 3.18519 3.26383 2.98288 2.97667 2.91014 2.84123 2.79883 2.76395 2.80972 2.86461 3.03524 3.05620 3.10462 3.29792 3.97324 4.08755 4.11307 4.15928 4.22861 4.29617 4.32214 4.34806 4.50467 4.50269 4.49399 4.49280 4.45547 4.36109 4.31786 4.34638 4.47775 4.59503 4.65432 4.75386 4.76925 4.76928 4.76902 4.74453 4.71537 4.70770 4.70090
6.11877 6.74755 6.61860 6.48526 6.23319 5.78221 5.63641 5.65188 5.64936 5.61086 5.60073 5.59116 5.58187 5.74569 5.73626 5.67421 5.53236 4.75851 4.23965 4.17349 4.04698 3.56778 3.37770 3.37029 3.35178 3.16389 3.18692 3.14634 2.90536 2.81004 2.75620 2.68732 2.68732 2.68732 2.72956 2.76513 3.00638 3.01217 3.04012 3.20876 3.99620 4.37560 4.35853 4.31100 4.26645 4.21250 4.13990 4.09304 4.14798 4.16821 4.12016 4.14503 4.14488 4.25959 4.36958 4.43039 4.60226 4.76671 4.77893 4.86038 4.87467 4.88185 4.88933 4.90303 4.91439 4.92659 4.92808
5.70517 6.16551 6.18199 6.18199 6.17201 5.81989 5.63862 5.54363 5.49637 5.47148 5.46359 5.46359 5.46359 5.44719 5.26195 5.13177 5.12428 4.77528 4.14179 4.15079 4.16739 3.70038 3.37061 3.28421 3.26892 3.07324 3.09346 3.09346 2.94466 2.79721 2.78465 2.68681 2.67982 2.67094 2.68398 2.72667 2.94172 3.00079 3.06457 3.17960 3.69805 4.14589 4.04044 3.90435 3.86133 3.82998 3.81700 3.84100 3.91073 4.09475 4.11628 4.17030 4.19271 4.22815 4.36482 4.53813 4.70073 4.87073 4.88162 4.92727 4.94388 4.92761 4.91133 4.89501 4.87076 4.86024 4.86016
5.71652 6.02581 6.18199 6.18199 6.18199 5.93134 5.67488 5.57001 5.49572 5.48082 5.46359 5.46162 5.42138 5.29686 4.97197 4.86861 4.81038 4.78113 4.29168 4.23671 4.23920 3.89390 3.44833 3.26298 3.26298 3.11978 3.08711 3.09283 3.00800 2.78445 2.80075 2.72818 2.73841 2.76193 2.78824 2.88151 2.98542 3.00418 2.92762 2.93485 3.17055 3.95664 3.85420 3.80618 3.76968 3.77070 3.77212 3.80433 3.85407 4.08490 4.10343 4.11339 4.13785 4.13264 4.29632 4.42407 4.59610 4.75016 4.79916 4.81098 4.86898 4.86898 4.86898 4.83966 4.71699 4.59327 4.48083
5.81252 5.82941 6.18021 6.18199 6.18199 6.04557 5.71696 5.56075 5.38399 5.30507 5.21997 5.16150 5.14177 5.17675 4.98565 4.87020 4.86179 4.86175 4.46894 4.27061 4.28968 4.14686 3.64211 3.36234 3.34742 3.28336 3.22401 3.30158 3.29446 2.99627 2.97719 2.89959 2.85114 2.83427 2.81369 2.84561 2.87552 2.91780 2.87046 2.84598 3.02329 3.78973 3.84746 3.83084 3.75878 3.74654 3.73431 3.73120 3.80032 3.95604 4.08629 4.11161 4.09666 4.09769 4.25021 4.42589 4.59033 4.66920 4.77502 4.71761 4.61226 4.48123 4.36712 4.28411 4.29715 4.32468 4.34982
5.87324 5.64269 6.08280 6.04475 5.91761 5.76241 5.47591 5.32176 5.21793 5.22308 5.18279 5.16959 5.16069 5.15175 5.03338 4.81866 4.78845 4.76417 4.52914 4.17230 3.97321 3.74741 3.52759 3.21922 3.11939 3.09415 3.11214 3.20494 3.20180 2.93110 2.85816 2.82885 2.78185 2.77806 2.77806 2.80812 2.85895 2.93136 2.88648 2.84214 2.93947 3.47856 3.81135 3.79450 3.73547 3.73379 3.74652 3.75961 3.84604 3.93589 4.18285 4.18803 4.15090 4.12947 4.15817 4.25572 4.39373 4.36612 4.51302 4.69347 4.59191 4.55071 4.57358 4.59480 4.60500 4.59801 4.59801
5.59368 5.08918 5.29818 5.46672 5.44681 5.43532 5.42345 5.27839 5.17498 5.14816 5.12511 5.08012 5.03330 4.93148 4.74144 4.30039 4.00178 3.80639 3.67312 3.32654 3.32061 3.32198 3.33145 3.19885 3.06024 3.05797 3.03997 3.16140 3.15765 2.95837 2.82609 2.82406 2.78100 2.78147 2.77430 2.76894 2.82440 2.87597 2.85715 2.82544 2.88632 3.12620 3.91805 3.85879 3.83137 3.78903 3.78903 3.78903 3.84086 3.83838 4.04030 4.01959 3.92970 3.83730 3.85379 4.05355 4.26921 4.32905 4.48444 4.78904 4.74257 4.59864 4.58511 4.57203 4.58127 4.58405 4.59266
5.06687 4.90184 4.86566 5.40477 5.41694 5.44444 5.45121 5.33510 5.20346 5.07010 4.81366 4.32426 4.16481 4.06533 4.06085 3.92435 3.68039 3.67616 3.67609 3.39255 3.32061 3.32024 3.31901 3.25560 3.02359 3.00909 3.00409 3.11428 3.14981 3.02540 2.80034 2.80874 2.80130 2.82611 2.89951 2.98644 2.94751 3.00415 3.07612 3.03868 3.02968 3.03555 3.86677 3.94067 3.90485 3.77264 3.71246 3.65305 3.62370 3.66963 3.83211 3.96652 3.90433 3.86558 3.87348 4.05179 4.29645 4.50235 4.67018 4.93746 5.01578 4.85225 4.86836 4.89108 4.89157 4.88715 4.92599
5.18941 5.00896 4.68984 5.29032 5.29414 5.14300 5.00192 4.85477 4.64936 4.57912 4.55771 4.07728 4.06085 4.06081 4.05737 3.99980 3.70893 3.65828 3.64703 3.44886 3.24658 3.22438 3.22179 3.28722 3.19287 3.25174 3.40088 3.37432 3.16651 3.21876 3.14536 3.21742 3.23617 3.25036 3.25651 3.25651 3.17288 3.10825 3.17279 3.11120 3.08102 3.08102 3.51267 3.69336 3.66054 3.59955 3.57909 3.59050 3.61031 3.70957 3.77802 4.02616 3.94906 3.90492 3.88544 4.32073 4.79799 4.85399 4.80840 4.96157 5.10938 5.02722 5.05009 5.13493 5.21997 5.30480 5.34894
4.90449 4.79849 4.59269 4.61960 4.73189 4.72842 4.72842 4.72371 4.62673 4.51304 4.50602 4.12783 3.97665 3.97115 3.96903 3.96818 3.68323 3.54186 3.53125 3.54973 3.42136 3.60454 3.78642 3.87775 3.76887 3.76152 3.82711 3.87068 3.55584 3.51819 3.33474 3.31521 3.30114 3.25651 3.25651 3.25651 3.22627 3.08589 3.17628 3.13557 3.07373 3.05553 3.17247 3.73497 3.77079 3.75299 3.62070 3.60216 3.58075 3.62255 3.62893 3.77564 3.60881 3.45099 3.32299 3.53953 4.35050 4.96317 5.17277 5.36474 5.60826 5.56479 5.43933 5.44156 5.44407 5.44658 5.44942
4.98975 4.81233 4.68690 4.46552 4.70212 4.72842 4.72842 4.72842 4.65581 4.51150 4.48730 4.26538 3.96903 3.96903 3.97041 4.08699 4.08528 3.97600 4.14645 4.22423 4.00151 3.97297 3.97297 3.97297 3.93337 3.92111 3.92111 3.91305 3.68563 3.51835 3.38117 3.31521 3.31400 3.25690 3.24190 3.23469 3.25379 3.12405 3.08882 3.05616 2.87129 2.84499 2.85695 3.56666 3.63899 3.60377 3.41058 3.47660 3.55303 3.64237 3.71216 3.54367 3.33733 3.30462 3.27751 3.32145 4.23547 4.97818 5.27518 5.42729 5.63923 5.63694 5.45713 5.45358 5.45358 5.45358 5.44108
5.20586 4.81682 4.75154 4.50107 4.61638 4.72842 4.72842 4.72842 4.68466 4.54702 4.51832 4.56849 4.31450 4.50602 4.69616 4.77247 4.72030 4.25849 4.24435 4.24435 4.07894 3.97297 3.97443 3.97983 3.96075 3.93920 3.94500 3.95420 3.82365 3.53342 3.46560 3.38351 3.43449 3.40412 3.39883 3.43358 3.48300 3.43532 3.25242 3.15046 2.92160 2.78620 2.82554 3.37934 3.81622 3.90130 3.78273 3.71065 3.72804 3.75176 3.78719 3.73821 3.40628 3.34105 3.31437 3.31655 4.00093 4.81397 5.17437 5.41682 5.60142 5.63690 5.42106 5.30582 5.24769 5.26524 5.30975
5.43409 4.86401 4.77411 4.57647 4.53169 4.77360 4.80790 4.94407 5.14789 5.19576 5.22072 5.29067 4.85267 4.77451 4.77565 4.77679 4.77792 4.38450 4.25138 4.25239 4.19897 4.04695 4.07659 4.14398 4.21967 4.23666 4.31443 4.38317 4.24798 3.92989 3.86458 3.72696 3.76455 3.69474 3.57965 3.63788 3.64836 3.59669 3.41049 3.30291 3.26280 3.12432 3.19881 3.39010 4.02240 4.03459 3.95923 3.75940 3.75233 3.74603 3.76175 3.75955 3.46108 3.31974 3.31967 3.31970 3.71998 4.51022 4.81721 5.01712 5.17583 5.44763 5.59650 5.76832 5.92627 5.98628 6.03452
5.67866 4.94011 4.79558 4.70241 4.67186 5.25851 5.57005 5.65495 5.65625 5.54044 5.30146 5.30244 5.01424 4.78434 4.79182 4.80860 4.86123 4.72722 4.53552 4.62454 4.70592 4.59350 4.63353 4.65541 4.65563 4.55216 4.54051 4.54051 4.42791 4.20839 4.08901 3.95766 3.98225 3.92633 3.70760 3.80339 3.89918 4.00029 3.86055 3.59250 3.57332 3.27313 3.25883 3.25019 3.92877 4.00986 4.00555 3.75963 3.73517 3.73517 3.75304 3.75771 3.48358 3.04381 2.84841 2.65735 2.62819 3.73806 4.52040 4.93763 5.48203 6.19658 6.20468 6.21275 6.22194 6.23347 6.27137
5.72989 5.11632 4.78571 4.72703 4.68017 5.18706 5.66021 5.65964 5.63743 5.55763 5.31036 5.30616 5.25127 5.11364 5.17815 5.23341 5.25277 5.23182 4.88842 4.87418 4.87300 4.74510 4.65605 4.65605 4.66215 4.66334 4.71248 4.81340 4.81371 4.56922 4.28028 4.20297 4.24789 4.35690 4.10656 4.08003 4.08714 4.08732 3.95061 3.63698 3.58138 3.33559 3.25196 3.25490 3.69989 4.03330 4.03592 3.80375 3.52572 3.35586 3.19030 3.02108 2.89955 2.58853 2.64392 2.69484 2.74232 3.82003 4.86689 5.07687 5.40519 6.28642 6.33328 6.37083 6.40723 6.44136 6.44912
5.72989 5.39606 4.76031 4.66189 4.58612 4.69132 5.50872 5.47993 5.47014 5.54919 5.56442 5.47151 5.46607 5.26371 5.25277 5.25277 5.25277 5.25277 5.00354 4.87615 4.88517 4.88389 4.83075 4.94481 5.05904 5.05127 5.01038 5.07530 5.13820 4.97540 4.79679 4.60518 4.45742 4.45243 4.23800 4.11894 4.12148 4.12179 4.05142 3.75284 3.62719 3.46960 3.28934 3.28934 3.39821 3.46124 3.25794 3.09946 2.93350 2.94251 2.99374 3.06408 3.12169 2.86071 2.83250 2.87580 2.91909 3.48326 4.56527 4.90294 5.38921 6.25201 6.45795 6.48108 6.51600 6.55131 6.58664
5.05177 4.89776 4.47019 4.45322 4.45126 4.44899 5.24030 5.42433 5.41291 5.40994 5.59455 5.56541 5.57624 5.43741 5.37918 5.39003 5.40083 5.41167 5.34172 5.26724 5.38860 5.44040 5.26299 5.30051 5.35951 5.40974 5.31333 5.31628 5.31053 5.12252 4.93641 4.70237 4.45568 4.45568 4.33294 4.12179 4.12179 4.12179 4.10915 3.82847 3.62719 3.56584 3.28934 3.29103 3.30215 3.15820 3.15412 3.18441 3.19019 3.28740 3.34266 3.43564 3.50096 3.34369 3.21083 3.28736 3.36397 3.65651 4.74016 5.37323 5.74734 6.46676 6.87071 6.88285 6.88330 6.88596 6.93058
4.70996 4.69763 4.47114 4.40243 4.41021 4.41632 4.82673 5.31019 5.31019 5.31019 5.49943 5.65053 5.65053 5.56446 5.43180 5.43180 5.43180 5.43260 5.50618 5.67490 5.83473 5.98868 5.69865 5.43874 5.43854 5.43854 5.33994 5.30857 5.30857 5.19509 5.02185 4.78179 4.45706 4.45568 4.42152 4.12249 4.12195 4.13016 4.13851 3.96585 3.70547 3.72598 3.61055 3.65518 3.69678 3.58592 3.50025 3.51914 3.57609 3.64357 3.64959 3.66873 3.67107 3.64475 3.54593 3.58882 3.63211 3.71079 4.73860 5.67660 5.82236 6.37816 7.03921 7.09828 7.15735 7.21373 7.22815
4.67282 4.67282 4.55361 4.40061 4.40891 4.41457 4.50640 5.29867 5.31019 5.31019 5.41181 5.64460 5.65249 5.65229 5.57016 5.72953 5.88940 6.04877 6.14229 6.16457 6.16481 6.16337 5.94718 5.43854 5.43854 5.43854 5.37680 5.30072 5.29110 5.24055 5.02374 4.83003 4.48292 4.42779 4.42760 4.15230 4.10386 4.10237 4.09363 3.97695 3.83466 3.80871 3.81226 3.83279 3.83322 3.75432 3.56571 3.55600 3.55485 3.63638 3.67742 3.73478 3.79803 3.84131 3.77441 3.75862 3.87133 3.97186 4.63102 6.00802 6.09385 6.41162 7.21998 7.22815 7.22815 7.22815 7.22815
4.67282 4.67282 4.65170 4.40663 4.40673 4.41252 4.41666 5.09182 5.34084 5.38624 5.55109 5.99523 6.18018 6.31734 6.18669 6.14557 6.14385 6.14137 6.13890 6.15135 6.15312 6.15065 6.07153 5.40719 5.35656 5.35676 5.34321 5.22047 5.21815 5.21568 5.01462 4.86540 4.50074 4.35760 4.34866 4.19220 4.06067 4.02203 3.99150 3.96533 3.80552 3.79732 3.79404 3.80800 3.80186 3.81881 3.62215 3.65303 3.69312 3.81460 3.86337 3.88127 3.92284 3.93560 3.89047 3.81253 3.96948 4.12871 4.47414 5.78574 6.06392 6.27605 7.01860 7.09543 7.05438 7.01322 6.97212
4.67282 4.67282 4.67282 4.45865 4.40655 4.48661 4.70033 5.18766 5.87688 5.98906 6.01090 6.25739 6.34629 6.34381 6.22722 6.12018 6.11942 6.12144 6.12967 6.15139 6.17387 6.19078 6.14922 5.66884 5.42556 5.43270 5.42719 5.19704 5.17068 5.17068 5.03833 4.89418 4.48659 4.23279 4.19056 4.12088 3.98804 3.98139 3.97168 3.96199 3.80432 3.76678 3.78703 3.94411 3.99121 4.00878 3.83577 3.77836 3.78804 3.83039 3.90919 3.90922 3.93945 3.94322 3.93723 3.81417 3.87482 4.12871 4.26768 5.49838 6.06392 6.17828 6.56922 6.68726 6.69357 6.69997 6.70634
4.67282 4.67282 4.67282 4.75096 4.93218 4.86579 4.93988 5.02889 5.96668 5.99782 5.99782 6.15733 6.35179 6.37246 6.34956 6.22035 6.24893 6.27546 6.29581 6.29030 6.23448 6.23448 6.20028 5.90712 5.42501 5.42501 5.42501 5.25875 5.09308 5.02041 4.89018 4.71221 4.49470 4.16983 4.16011 4.14123 3.95774 3.94654 3.92317 3.89865 3.84005 3.82207 3.83422 4.01485 4.04388 4.04467 3.93257 3.79320 3.79399 3.80006 3.91063 3.91717 3.93949 3.95298 3.96122 3.96222 3.92942 4.21807 4.26183 5.27741 6.21226 6.28991 6.65580 6.77340 6.67374 6.61921 6.57734
