OMI_NO2_yc_0.0167deg/OMI_NO2_yc_0.0167deg/OMI_NO2_200504.asc
ncols      200
nrows      200
xllcorner       110.913
yllcorner       33.7933
cellsize     0.0166667
NODATA_Value      -999.000
[rows 116 to 144 of 200, columns 67 to 133 of 200]
4.28151 4.06151 4.03007 3.79622 3.57041 3.36183 3.25180 3.23387 3.68101 4.08264 4.14499 4.20289 4.24643 4.29322 4.28976 4.28546 4.49773 4.56139 4.56399 5.24303 5.37067 5.54908 6.45968 6.57196 6.58209 6.76351 8.52954 8.52954 8.44413 8.16178 8.68430 8.97772 9.12317 9.36373 10.2481 10.2845 10.4675 10.4819 10.4816 10.6129 10.7710 10.8681 10.5643 11.0423 11.0754 11.0969 11.6528 12.9401 12.9182 12.8040 13.3376 13.7607 14.1065 13.8794 13.8002 13.9307 15.0044 15.0912 15.1525 15.1988 15.9775 15.9451 16.0325 15.7426 15.2548 15.4074 15.5833
4.21988 3.94866 3.89683 3.71506 3.58947 3.55912 3.58705 3.71389 3.82331 4.31902 4.31902 4.31886 4.29767 4.29591 4.29023 4.25432 4.36022 4.47514 4.44241 4.92645 5.34139 5.34931 6.42783 6.58209 6.58209 6.56071 8.30771 8.61103 8.67611 8.31798 8.82021 9.34521 9.42551 9.54342 10.2429 10.4522 10.6769 10.8284 10.9631 11.0887 11.1800 11.1982 10.8906 11.0325 11.0848 11.0370 11.1185 12.1233 12.3535 12.5232 12.9603 13.2420 13.7529 13.9423 13.9663 13.9619 14.9867 15.1122 15.0893 15.0665 15.6406 15.8426 15.7858 15.8788 15.0284 14.9662 14.8999
4.37616 4.43802 4.42838 4.36578 4.05174 3.90546 3.80120 3.79839 3.71782 4.30639 4.30938 4.27580 4.22314 4.17652 4.13872 4.12025 4.18644 4.42640 4.42640 4.67089 5.32976 5.37163 6.16021 6.84439 6.95800 7.07164 8.40154 9.09968 9.13664 8.80561 9.05561 9.58100 9.68010 9.86807 10.3337 11.1665 11.2128 11.2856 11.3309 11.3842 11.5380 11.5817 11.4478 11.1193 11.0664 11.1150 11.1718 12.1214 12.6188 12.7176 12.9388 13.1994 13.5213 13.7500 13.7271 13.7087 14.5000 14.9001 14.9013 14.9013 15.1844 15.5325 15.2506 15.2940 14.9302 14.7517 14.6323
4.64784 4.66954 4.51710 4.44346 4.12937 3.93957 3.78437 3.71326 3.60219 4.09960 4.27893 4.30092 4.31382 4.32253 4.34653 4.36418 4.41372 4.82016 4.94028 5.06610 5.90905 6.00052 6.30757 7.40819 7.40970 7.40970 8.20647 9.28191 9.28783 9.06324 9.13338 9.56779 9.77031 9.93977 10.0400 11.2888 11.4174 11.5029 11.4945 11.4862 11.5296 11.4852 11.3907 11.3049 11.2684 11.2762 11.2762 11.7962 12.5184 12.5692 12.7250 13.0862 13.3051 13.7015 13.7003 13.6990 14.1723 14.5287 14.3124 14.0887 14.0040 14.6923 14.5956 14.7083 14.6125 14.2865 14.1511
4.64895 4.66762 4.52724 4.44182 4.08513 3.81258 3.60155 3.55455 3.55426 4.02752 4.51162 4.54324 4.58671 4.61225 4.65914 4.69964 4.71420 5.02109 5.17448 5.17448 5.76053 6.01522 6.03612 7.28654 7.50949 7.53486 7.91575 9.51459 9.54871 9.41742 9.09574 9.39407 9.66881 9.77074 9.86259 10.7503 11.2302 11.2869 11.2190 11.1513 11.1713 11.2375 11.2363 11.3140 11.2668 11.2455 11.2472 11.4645 12.3546 12.3626 12.4211 12.7980 12.8240 13.1681 12.9735 12.7495 12.7150 13.0713 13.0061 12.9730 12.9398 13.5719 13.6929 13.6502 13.7662 13.2362 13.0962
4.69837 4.69210 4.53375 4.28813 4.08331 3.78210 3.68588 3.67662 3.72807 4.02034 4.74750 4.76457 4.76532 4.74356 4.74734 4.75389 4.77288 5.00791 5.35610 5.46987 5.83067 6.14770 5.97674 6.64901 7.18151 7.02634 6.89890 9.40395 9.56685 9.55652 9.01727 9.20055 9.50635 9.50061 9.57636 9.88580 10.9619 11.1265 11.1385 11.1414 11.1591 11.2658 11.2689 11.3129 11.3394 11.2840 11.2584 11.2549 11.8128 11.7586 11.6783 11.8139 11.7776 12.1403 12.2891 12.2497 12.2462 12.7540 12.6405 12.5586 12.4768 12.8015 13.1199 12.9037 13.0342 12.4720 12.0620
4.68160 4.65270 4.48675 4.11494 4.01030 3.69016 3.88500 3.87409 3.87759 3.90824 4.78393 4.77331 4.77016 4.80729 4.89017 4.98891 5.40498 5.49793 5.88119 5.75783 5.62579 5.56713 5.62171 6.07120 7.38411 7.42926 7.45805 8.92426 9.45631 9.37705 8.82122 8.91320 9.21040 9.33692 9.53123 9.54456 10.8057 11.1040 11.1578 11.1578 11.1503 11.2158 11.2047 11.1823 11.2404 11.1216 10.9963 10.8410 11.1348 11.1980 11.2293 11.3884 11.5051 11.6716 11.7344 11.6921 11.6614 12.1866 12.1958 12.1409 12.0206 11.8830 11.6816 11.3461 11.5308 11.2854 10.6136
4.67435 4.68356 4.59942 4.27949 4.20515 3.87333 3.94295 4.40876 4.62016 4.71307 5.48702 5.70746 5.64761 5.52989 5.36226 5.16685 5.23267 5.43334 5.86981 5.95116 5.95116 5.98392 6.05137 6.12928 7.21055 7.24211 7.16848 8.13721 9.26307 9.26307 8.93090 8.85701 9.08990 9.33006 9.48097 9.52373 10.2563 11.0120 11.0932 11.0673 11.0483 11.0637 11.0008 10.8470 10.7734 10.5769 10.5312 10.5326 10.7953 11.1633 11.0689 11.0360 11.2160 11.2527 11.3069 11.1596 11.0049 11.1469 11.1192 10.9011 10.7875 10.7114 10.7539 10.7508 11.0081 11.2923 10.6205
4.89339 4.84998 4.74094 4.53336 4.30894 4.21213 4.10359 4.61295 4.81871 4.66487 4.84894 4.98902 4.98218 4.98288 4.98762 4.98762 5.08688 5.44122 5.80208 6.09140 6.15904 6.23765 6.30553 6.30553 6.77810 7.16098 7.16098 7.62627 9.24729 9.26034 9.06160 8.74587 8.89427 9.22233 9.27869 9.39972 9.59696 10.8715 10.9678 10.8302 10.6861 10.5675 10.5739 10.6064 10.6856 10.7677 10.8302 10.8857 10.9547 10.9271 10.8055 10.5690 10.3225 10.2008 10.2955 10.2380 10.1604 10.3729 10.6728 10.6326 10.6494 10.6737 10.7330 10.7840 10.8944 11.3623 11.0023
4.85059 4.77358 4.61317 4.33934 3.81399 3.65181 3.31743 3.84131 4.39942 4.39942 4.60752 4.98218 4.98218 5.01492 5.11764 5.21311 5.30690 5.74652 5.92673 6.25187 6.25187 6.25351 6.30340 6.30009 6.49864 7.10251 7.03045 7.01264 8.87627 8.92852 8.83794 8.66006 8.85855 9.21541 9.40473 9.81960 9.85859 10.6482 10.9323 11.0099 11.0520 11.0221 11.0173 10.9727 10.9238 11.0009 11.0654 11.0383 10.9748 10.7206 10.6557 10.4160 10.0730 10.0560 10.2079 10.3021 10.3264 10.4751 10.9276 10.9059 10.9079 10.9079 10.9240 10.9210 10.8005 11.1862 11.0903
4.36789 4.23938 4.22636 4.08519 3.62070 3.54395 3.36260 3.57761 4.39828 4.47963 4.69420 5.23285 5.29391 5.33516 5.32261 5.30906 5.30205 5.54683 5.75075 6.11190 6.11847 6.12642 6.06987 6.03868 6.02401 6.42031 6.46364 6.46364 8.04636 8.63547 8.63547 8.87079 9.19875 9.46586 9.69451 10.1479 10.2212 10.5901 10.8523 10.7598 10.7089 10.7221 10.7689 10.7894 10.7729 10.7570 10.8809 10.8435 10.8460 10.7532 10.7559 10.6202 10.3268 10.2059 10.2850 10.4062 10.4062 10.4251 10.9449 10.8987 10.7803 10.6753 10.5719 10.5724 10.5729 10.9017 11.1003
4.37405 4.36729 4.36876 4.27986 4.06463 3.97757 4.02768 4.15990 4.98941 5.15181 5.18409 5.32603 5.36564 5.47317 5.60860 5.76459 5.90929 6.18675 6.54837 6.19519 6.06509 6.06509 6.02205 5.96870 5.96870 6.25787 6.51634 6.57002 7.67493 8.80422 8.83099 8.97224 9.43816 9.55270 9.85374 10.1879 10.3855 10.4476 10.9158 10.7546 10.7191 10.6836 10.6625 10.6851 10.6818 10.6351 10.7090 10.7849 10.7818 10.7085 10.6838 10.5822 10.2793 10.0479 10.0172 10.0951 9.92670 9.72595 9.77748 9.76505 9.96364 9.93457 9.90507 9.91609 9.90826 10.0457 10.3795
4.57536 4.48061 4.35739 4.22850 4.25198 4.59844 4.65949 4.74710 5.43123 5.80234 5.92536 6.10769 6.10357 6.15049 6.17193 6.17597 6.17570 6.19948 6.55815 6.32891 6.10306 6.14994 6.18040 6.14742 6.19439 6.35625 6.73050 6.72372 7.32216 8.65992 8.65327 8.74035 9.26099 9.39888 9.74639 9.87184 10.1018 10.0106 10.3710 10.3557 10.3145 10.2720 10.2306 10.2379 10.1990 10.1484 10.0962 10.2348 10.1917 10.0862 9.99527 9.91542 9.56560 9.12072 8.98226 9.03765 9.04011 9.04011 9.22577 9.36164 9.68029 9.69688 9.70911 9.74651 9.80331 9.84833 10.3808
4.62511 4.71409 4.76482 4.78608 4.64002 5.10635 5.22909 5.30117 5.66198 6.07584 6.06946 6.19065 6.13923 6.14615 6.20118 6.26099 6.31883 6.37678 6.70165 6.72184 6.30340 6.29118 6.27871 6.18020 6.15812 6.15198 6.58125 6.61639 6.73986 8.02544 7.94109 7.87893 8.25353 8.40541 8.63755 8.82915 9.28683 9.28786 9.54927 9.87214 9.87983 9.87983 9.87983 9.89431 9.84610 9.78035 9.64754 9.83801 9.77621 9.66821 9.54187 9.48267 9.25237 8.92214 8.93947 9.03820 9.09066 9.10681 9.24389 9.44895 9.65797 9.72229 9.64793 9.61104 10.0120 10.2001 10.5878
4.99404 5.06241 5.09620 5.14655 4.94429 5.18530 5.40641 5.42376 5.61393 6.09491 6.14216 6.25430 6.40760 6.37303 6.36331 6.35171 6.33991 6.32771 6.47160 6.65029 6.18489 6.14315 6.14315 6.08291 6.04678 6.04858 6.30637 6.43802 6.39865 7.42466 7.61665 7.61665 7.96839 8.35436 8.51435 8.77562 9.20181 9.28763 9.27831 9.82524 9.81858 9.79528 9.78129 9.72377 9.62047 9.55487 9.38990 9.44716 9.44499 9.43067 9.39515 9.40597 9.42533 9.21110 9.09889 9.04020 8.99562 8.96201 8.99187 9.24705 9.54533 10.0331 10.2964 10.5294 10.9864 11.1123 10.9117
5.36713 5.38582 5.40954 5.49120 5.40277 5.46834 5.93003 5.96606 5.99441 6.17697 6.14066 6.07809 6.33719 6.31054 6.31054 6.31088 6.31155 6.31155 6.36705 6.65392 6.32107 6.14612 6.14922 6.11837 6.05903 6.06033 6.14637 6.36400 6.36400 7.12887 7.61665 7.61665 7.80727 8.31520 8.34282 8.70345 8.97506 9.17054 9.14396 9.51423 9.80763 9.76708 9.63973 9.49048 9.18565 9.12639 9.12210 9.21253 9.45735 9.45843 9.45110 9.48393 9.55270 9.40194 9.17047 9.33259 9.64258 9.87602 10.1074 10.6527 10.7929 11.1638 11.1964 11.2244 11.3973 11.5883 11.3773
5.45193 5.45381 5.47821 5.70715 5.60752 5.43982 5.78879 5.75520 5.68992 5.80722 5.88131 5.88131 6.17847 6.31054 6.31054 6.31062 6.31261 6.31567 6.31891 6.61911 6.47356 6.15671 6.15671 6.14855 6.06092 6.06033 6.07135 6.34494 6.35010 6.81523 7.63095 7.68787 7.89121 8.61455 8.83254 9.28435 9.46990 9.49918 9.56494 9.69909 9.94509 9.92676 9.97032 10.0232 9.99869 10.0643 10.1756 10.1729 10.2173 10.2726 10.3051 10.4271 10.6187 10.7113 10.3870 10.5255 10.5575 10.5775 10.5874 10.8562 10.9474 11.2451 11.3445 11.3543 11.4031 11.6783 11.4894
5.37640 5.33880 5.36813 5.63395 5.73778 5.51162 5.56821 5.61617 5.61623 5.75046 5.88131 5.88137 6.07840 6.31581 6.31891 6.32515 6.35164 6.37898 6.40617 6.63513 6.76190 6.34729 6.42678 6.52167 6.54626 6.62578 6.72060 6.85217 6.98551 7.22993 8.32629 8.32745 8.50188 9.54216 9.75147 9.97104 10.1534 10.0701 10.0573 10.0465 10.2842 10.4557 10.5398 10.6322 10.5964 10.5192 10.6266 10.7857 11.0179 11.2462 11.4474 11.3285 11.2529 11.2906 10.6223 10.6152 10.6238 10.6430 10.6430 10.8309 10.9833 11.1559 11.3402 11.2546 11.1570 11.3630 11.3604
5.42085 5.50174 5.53417 5.73634 5.94167 5.74678 5.75574 5.88851 5.93223 6.07152 6.30686 6.35894 6.46929 6.68843 6.71179 6.70816 6.68406 6.66081 6.64213 6.71514 6.93336 7.01796 7.05528 7.05539 7.01055 6.97139 6.97139 6.98196 7.07544 7.11045 8.29738 8.46584 8.54397 9.65780 10.1513 10.2223 10.2906 10.2786 10.3052 10.3515 10.6235 10.9662 11.1145 11.2576 11.3818 11.3633 11.4278 11.4555 11.6490 11.6598 11.6685 11.5597 11.4023 11.4624 10.9133 10.7882 10.7982 10.8373 10.8715 10.9150 10.9959 10.9662 10.9712 10.9504 10.9375 11.1323 11.3001
6.08284 6.13056 6.14791 6.22592 6.52521 6.41887 6.32434 6.26899 6.22396 6.25336 6.45190 6.45476 6.44589 6.61078 6.62141 6.64828 6.67602 6.69953 6.71731 6.74562 7.08057 7.19557 7.29709 7.37688 7.44502 7.47277 7.56270 7.64607 7.82703 7.90212 8.78677 9.23021 9.25170 9.98301 10.7389 10.7760 10.8101 10.8747 10.9989 11.1625 11.3383 11.7463 11.7527 11.7405 11.7284 11.5716 11.5224 11.5103 11.6531 11.6915 11.6794 11.5951 11.3757 11.4211 11.0929 10.7758 10.7146 10.6790 10.5904 10.5932 10.7406 10.7406 10.7873 10.8172 10.8410 10.9560 11.3007
6.31979 6.36557 6.41116 6.44115 6.71525 6.63352 6.26782 6.21802 6.18686 6.42182 6.73647 6.82726 6.84256 7.00607 7.07941 7.10492 7.13337 7.16788 7.22044 7.27334 7.61944 7.86446 8.02162 8.03180 8.02877 7.94912 7.94452 7.94325 7.98475 8.04411 8.55675 9.17957 9.19646 9.79508 10.8343 11.1093 11.2788 11.3250 11.2485 11.2345 11.2294 11.4887 11.5863 11.5863 11.5863 11.4977 11.4161 11.4610 11.5960 11.7607 11.8078 11.7898 11.5141 11.3680 11.0944 10.5303 10.5245 10.6198 10.7224 10.7693 10.9729 11.0326 11.0888 11.1300 11.1489 11.1501 11.2590
6.44689 6.44698 6.44901 6.46990 6.68365 6.82471 6.41184 6.39477 6.35013 6.53188 6.89828 7.08393 7.12891 7.25386 7.37661 7.40744 7.43480 7.41269 7.40497 7.40370 7.59059 7.87602 8.01067 8.01354 8.01300 7.95316 7.92899 7.92939 7.99185 8.30127 8.68080 9.65642 9.78922 10.0362 11.0268 11.2765 11.2878 11.3083 11.2368 11.2312 11.2312 11.3690 11.5839 11.5823 11.5807 11.5866 11.6563 11.6503 11.6147 11.7427 11.6894 11.6327 11.4236 11.3021 11.3038 10.6551 10.6779 10.7969 10.9476 10.9260 11.0379 11.0810 11.0872 11.1932 11.3154 11.4536 11.5905
6.69452 6.81887 6.87149 6.90516 7.03271 7.30392 7.03661 6.95039 6.93466 7.04438 7.32901 7.23955 7.24407 7.29436 7.43009 7.43009 7.43009 7.41272 7.39806 7.39806 7.44983 7.86576 7.97496 8.02162 8.08682 8.12541 8.15387 8.22905 8.25193 8.71370 8.79461 9.75868 9.80110 9.83703 10.8759 11.2765 11.2772 11.3058 11.2696 11.2664 11.2899 11.3277 11.5641 11.6029 11.5851 11.5286 11.5509 11.5117 11.5144 11.6957 11.7475 11.7320 11.5283 11.3271 11.4501 10.8889 10.8944 10.8601 10.9279 11.0627 11.2741 11.4775 11.5961 11.6721 11.6720 11.6687 11.6654
7.03849 7.23355 7.29262 7.35169 7.41083 7.56670 7.37523 7.09821 7.05163 7.01615 7.34938 7.23322 7.24407 7.25312 7.42732 7.43009 7.43009 7.42093 7.39806 7.42549 7.50024 7.95759 8.18827 8.33315 8.34346 8.32952 8.25945 8.25945 8.25943 8.53285 8.78592 9.57369 9.85735 9.88289 10.7009 11.3819 11.4271 11.4652 11.4807 11.5102 11.5173 11.4949 11.4035 11.3599 11.3006 11.2547 11.2494 11.2997 11.3465 11.4940 11.6668 11.7294 11.7270 11.7048 11.8192 11.6157 11.5287 11.5610 11.3648 11.3737 11.3960 11.4862 11.4573 11.4538 11.4399 11.4110 11.3821
7.23456 7.40751 7.41297 7.41297 7.41297 7.52592 7.50607 7.09821 7.08124 7.01024 7.27914 7.25609 7.24407 7.24407 7.39434 7.48515 7.56066 7.63463 7.68032 7.72769 7.72970 7.98737 8.25963 8.41187 8.44854 8.48722 8.47385 8.51598 8.56379 8.70288 9.14483 9.69298 10.2136 10.2322 10.5290 11.1097 11.2361 11.2515 11.2675 11.2861 11.2452 11.2510 11.2359 11.2925 11.3550 11.4479 11.5754 11.6812 11.6786 11.6332 12.1001 12.2259 12.2785 12.0839 11.9966 11.8000 11.4257 11.4079 11.0891 11.1155 11.1312 11.2857 11.2857 11.2987 11.3260 11.3260 11.3402
7.22815 7.36599 7.41297 7.41297 7.41297 7.47873 7.56971 7.12817 7.02247 6.90603 7.05434 7.17049 7.15991 7.19714 7.57948 7.92956 7.96615 8.00275 8.01149 8.03671 8.06873 8.19625 8.57421 8.75469 8.77981 8.78434 8.75746 8.74095 8.74095 8.72435 9.17712 9.52635 10.2504 10.2173 10.3443 10.9689 11.2273 11.2422 11.2152 11.3270 11.3823 11.3867 11.4843 11.5761 11.5503 11.4334 11.3043 11.2602 11.1284 11.0718 12.1931 12.4651 12.4354 12.0951 11.9220 11.8679 11.4098 11.4100 11.1814 11.1182 11.1205 11.2259 11.2446 11.2561 11.3572 11.3828 11.3906
6.93102 6.97993 7.03364 6.99248 6.95143 6.92911 7.05422 6.82901 6.69981 6.74990 6.91781 7.17809 7.09896 7.12923 7.46343 8.13384 8.13142 8.13048 8.13873 8.15751 8.19109 8.22865 8.68872 8.89619 9.00473 9.03812 9.06328 9.07230 9.15194 9.28466 9.65806 10.0641 11.0735 11.2064 11.3466 11.4869 11.3837 11.3838 11.3228 11.3539 11.3014 11.1705 11.0812 11.0999 10.9838 10.9707 10.9592 11.0135 11.0387 11.0266 11.6953 12.4024 12.3902 12.1763 11.9160 11.9496 11.4394 11.4689 11.3964 11.2729 11.1649 11.1945 11.2070 11.2063 11.2917 11.3265 11.3356
6.71317 6.76726 6.96039 6.98846 6.95331 6.91785 6.98898 6.90564 6.91752 6.91600 6.95002 7.84305 7.73378 7.83532 7.95783 8.88205 8.91623 8.94713 8.96734 9.06429 9.09046 9.11124 9.40462 9.63980 9.77922 9.78294 9.77781 10.1621 10.2353 10.2441 10.3438 10.7363 11.4255 11.5547 11.5439 11.5127 11.1514 11.0038 10.8047 10.6370 10.6184 10.6064 10.5983 10.7819 10.7848 10.7757 10.7752 10.8097 10.8787 10.8806 11.1015 12.3152 12.3320 12.3089 12.0641 12.0821 11.7708 11.6345 11.6034 11.3519 11.2232 11.2406 11.2843 11.3047 11.3742 11.4646 11.4760
6.53508 6.49115 6.57719 6.52296 6.52265 6.51151 6.57344 6.64297 6.88126 6.86520 6.83835 7.80991 7.85768 7.96610 7.96701 8.80890 8.96243 8.97022 8.99008 9.32547 9.35565 9.38090 9.53296 9.81975 10.0375 10.0632 10.0885 10.3941 10.5589 10.5730 10.5532 10.8829 11.0366 11.0758 10.9328 10.8669 10.5626 10.5624 10.5386 10.4908 10.5598 10.5607 10.5607 10.7035 10.7762 10.7787 10.7813 10.7904 10.9436 11.0098 11.0597 12.1697 12.4058 12.3637 12.0603 11.9375 11.7911 11.5561 11.5630 11.4574 11.4209 11.3256 11.3040 11.2438 11.1880 11.2229 11.0219
