OMI_NO2_yc_0.0167deg/OMI_NO2_yc_0.0167deg/OMI_NO2_200705.asc
ncols      200
nrows      200
xllcorner       110.913
yllcorner       33.7933
cellsize     0.0166667
NODATA_Value      -999.000
[rows 145 to 173 of 200, columns 0 to 66 of 200]
6.93059 6.93059 6.93059 6.93059 6.93059 7.72578 8.66768 8.73183 8.51560 8.41450 8.40814 8.39099 8.34464 8.13346 7.73499 7.51606 7.06460 6.88967 6.64508 6.64508 6.64508 6.64559 6.67348 6.75253 6.78922 6.71996 6.62743 6.51453 6.03146 5.90746 5.94555 5.54136 5.33693 5.06286 5.00233 5.00233 5.00233 4.98957 4.96296 4.94548 5.04772 5.06680 5.03879 5.24974 5.38445 5.57203 5.73926 5.78528 6.05899 6.16167 6.30025 6.37538 6.42095 6.43400 6.75348 6.83386 6.96572 7.04335 7.01562 6.98788 6.94858 7.32395 7.95632 8.00781 8.06091 8.75739 8.85170
6.84331 6.93059 6.92101 6.87306 6.82113 6.96431 8.44762 8.58954 8.46254 8.29143 8.28048 8.28030 8.27967 8.17213 7.74933 7.64120 7.20614 7.15875 6.82713 6.84444 6.87338 6.77579 6.62590 6.50125 6.34618 6.28862 6.25343 6.23386 5.95899 5.81407 5.91362 5.67603 5.32702 5.07761 4.92365 4.86158 4.77512 4.70145 4.64169 4.58238 4.73625 4.71187 4.70298 5.00513 5.32675 5.57285 5.77476 5.75438 6.00170 6.17558 6.28700 6.39959 6.47656 6.49399 6.63559 6.73914 6.78704 6.96506 6.96506 6.96506 6.95402 7.20353 7.81987 8.00781 8.03024 8.48697 8.68807
6.31272 6.57439 6.53199 6.52801 6.52801 6.52801 8.02854 8.46541 8.54722 8.34416 8.36327 8.38238 8.40149 8.33069 7.97149 7.77442 7.44712 7.06508 6.64555 6.37267 6.21671 6.18549 6.18549 6.20920 6.23379 6.23379 6.22145 6.19196 5.96168 5.68237 5.55798 5.48809 4.97348 4.73792 4.48401 4.45967 4.45967 4.45967 4.45967 4.45967 4.60046 4.70298 4.70298 4.85774 5.29389 5.50881 5.73615 5.76869 5.96731 6.23393 6.31530 6.45768 6.53684 6.53979 6.56649 6.71876 6.70409 6.90661 6.90037 6.88001 6.85795 6.96134 7.51284 7.82454 7.81050 7.95869 8.14383
6.07523 6.70249 6.75979 6.81710 6.87445 6.93176 7.87302 8.57079 8.70439 8.45013 8.42747 8.42747 8.40889 8.18453 7.68696 7.06891 6.79349 6.42544 6.35810 6.18549 6.18448 6.16374 6.07002 5.94697 5.84222 5.70865 5.58735 5.48328 5.34551 5.18682 5.21316 5.38474 4.89047 4.72126 4.45950 4.45944 4.45939 4.45934 4.45928 4.45923 4.52600 4.70252 4.70270 4.72352 5.29125 5.46801 5.71934 5.84168 5.96282 6.17783 6.20626 6.32835 6.37002 6.36298 6.33613 6.46479 6.49581 6.64125 6.68363 6.64507 6.61712 6.65159 6.99440 7.43177 7.36765 7.50690 7.86059
6.24431 6.96801 6.96950 6.96950 6.96950 6.96950 7.28011 8.61231 8.58536 8.29842 8.00316 7.77984 7.57438 7.53347 7.48658 6.85196 6.69615 6.07302 5.90274 5.59428 5.43239 5.30790 5.25614 5.24107 5.24814 5.23630 5.22117 5.20605 5.18968 4.91258 5.10067 5.38623 5.03415 4.78045 4.46187 4.44981 4.44840 4.44703 4.44694 4.44939 4.47181 4.71550 4.74819 4.76685 5.22484 5.42924 5.67049 5.83785 5.89659 6.06253 6.06580 6.11533 6.15370 6.17300 6.15248 6.21723 6.29687 6.36640 6.48780 6.46485 6.43118 6.41521 6.61489 7.20723 7.23965 7.34667 7.72182
5.88822 6.70302 6.73073 6.66603 6.60502 6.54717 6.49261 7.78199 7.60810 7.23721 7.13122 6.99936 6.87146 6.71614 6.32343 5.71963 5.60168 5.20368 5.07591 5.00430 4.94460 4.92267 4.90103 4.87965 4.87181 4.86107 4.84034 4.81986 4.79963 4.79366 5.02588 5.32850 5.20560 4.81232 4.51451 4.44781 4.46674 4.48781 4.50762 4.52488 4.52818 4.69042 4.77884 4.79241 5.09371 5.35783 5.58700 5.78172 5.78551 5.98058 5.98814 6.04520 6.10943 6.17599 6.18326 6.21322 6.38224 6.39100 6.41723 6.38425 6.34255 6.30255 6.42924 6.89928 7.01172 6.97067 7.19342
4.93357 5.85528 6.15738 6.09846 6.00508 5.99423 6.03286 6.54785 6.49513 6.03926 6.00145 5.96614 5.92625 5.90864 5.73841 5.37350 5.19704 4.98403 4.76051 4.74384 4.69601 4.68924 4.69061 4.69397 4.70374 4.72534 4.72946 4.73363 4.73780 4.74672 4.92805 5.14881 5.18321 4.70078 4.67883 4.73292 4.75693 4.75974 4.74623 4.73293 4.71952 4.79432 4.92875 4.90177 5.06666 5.47682 5.66057 5.87446 5.93773 6.10878 6.17755 6.21196 6.22780 6.22776 6.14279 6.05640 6.11761 6.07219 6.00838 5.95444 5.89506 5.83494 5.81215 5.89149 5.79752 5.70410 5.79370
4.77797 5.55177 5.99706 6.06415 6.15040 6.18515 6.18515 6.28339 6.29917 5.65159 5.64189 5.63418 5.63221 5.62818 5.49344 5.05164 4.71609 4.63629 4.61161 4.62366 4.60344 4.60558 4.60764 4.60764 4.60809 4.62657 4.59426 4.54161 4.42165 4.29464 4.28440 4.39220 4.55648 4.55714 4.65754 4.71221 4.67687 4.66082 4.66082 4.66082 4.65195 4.64626 4.90356 4.91101 4.94126 5.23108 5.25545 5.38596 5.41605 5.44077 5.47288 5.40012 5.41601 5.49556 5.50748 5.49992 5.57096 5.66640 5.66146 5.64627 5.59596 5.54558 5.50249 5.53825 5.59180 5.59180 5.61710
5.66225 5.76898 6.17469 6.18515 6.18515 6.18515 6.10101 5.94217 6.10580 5.27215 5.17191 5.07850 4.97845 4.88220 4.85611 4.54928 4.29853 4.31053 4.58830 4.55991 4.50399 4.44995 4.41128 4.35932 4.25829 4.18160 4.12385 4.07461 4.09714 4.13061 4.18264 4.42074 4.34204 4.32708 4.55812 4.64127 4.61761 4.59398 4.55886 4.49664 4.44235 4.40262 4.65328 4.70731 4.66786 4.65197 4.68112 4.86886 5.06142 5.12353 5.31260 5.31971 5.38496 5.43343 5.44804 5.41843 5.40996 5.50335 5.45858 5.45713 5.45713 5.45713 5.45529 5.49856 5.59180 5.59180 5.58692
5.66225 5.72411 5.58814 5.34091 5.18070 5.02037 4.94417 4.94417 5.22880 4.87235 4.80486 4.77475 4.72872 4.68277 4.63674 4.38362 4.07241 3.99002 4.24436 4.36253 4.30690 4.24105 4.17784 4.12654 4.13028 4.14009 4.15902 4.15902 4.15902 4.14985 4.13078 4.29394 4.21777 4.11709 4.22573 4.36778 4.33688 4.29736 4.26932 4.26824 4.26824 4.26824 4.44228 4.65197 4.65197 4.65197 4.65206 4.81321 5.00132 5.00664 5.23465 5.23119 5.26736 5.30237 5.32951 5.31922 5.31833 5.39725 5.41946 5.44338 5.44787 5.44841 5.44133 5.45393 5.58115 5.58448 5.58209
5.66225 5.69574 5.29951 4.83552 4.76194 4.68830 4.61471 4.54113 4.60069 4.56559 4.45170 4.50256 4.50256 4.50256 4.50256 4.38225 4.04103 3.95977 4.03542 4.12250 4.10967 4.12436 4.13028 4.12922 4.08369 4.01403 4.06316 4.03143 3.99476 3.96722 3.96639 3.97070 3.89073 3.89749 3.95701 4.23071 4.26824 4.27163 4.28191 4.29240 4.30286 4.31332 4.38200 4.71801 4.71220 4.68953 4.66486 4.73159 4.91027 4.98680 5.17715 5.29191 5.35071 5.37971 5.27239 5.28692 5.30223 5.36633 5.44707 5.47999 5.50803 5.54024 5.57700 5.61495 5.87545 6.02884 6.09725
5.67852 5.63669 4.91478 4.37770 4.37770 4.37770 4.37770 4.37770 4.38850 4.63293 4.41544 4.48962 4.40019 4.29812 4.19640 4.09186 3.75734 3.74922 3.84309 4.02792 3.93550 3.85467 3.80305 3.71669 3.67485 3.65887 3.81677 3.86735 3.85594 3.84458 3.83739 3.84908 4.06014 4.07992 4.05080 4.37869 4.47912 4.50192 4.51814 4.53416 4.54336 4.52817 4.51826 4.83854 4.89181 4.90154 4.91406 5.01803 5.29394 5.53683 5.73325 5.80969 5.75064 5.74769 5.59916 5.61555 5.63904 5.67384 5.80032 5.83661 5.87387 5.84742 5.81407 5.78208 5.98143 6.16363 6.14317
5.81424 5.66225 5.18359 4.42542 4.37293 4.35002 4.32552 4.29192 4.17371 4.29978 4.05795 4.01105 3.98693 3.91263 3.78647 3.65805 3.39217 3.25998 3.22541 3.43200 3.46577 3.48638 3.59501 3.61820 3.63526 3.65259 3.77569 3.93710 3.95737 3.97798 3.99951 4.02119 4.35660 4.41137 4.36074 4.60739 4.85083 4.84417 4.82176 4.77291 4.72797 4.71110 4.68519 4.94262 5.15987 5.16113 5.18503 5.24159 5.54506 5.90152 6.02437 6.08359 5.95491 5.93525 5.78807 5.69789 5.65053 5.60460 5.64866 5.63560 5.70107 5.70930 5.70961 5.67170 5.75430 6.07725 6.06474
5.45228 5.17313 4.88234 4.21091 3.93731 3.84054 3.73239 3.59646 3.46073 3.45370 3.61857 3.53854 3.45932 3.41654 3.43043 3.44695 3.41713 3.37431 3.41554 3.63123 3.74840 3.74578 3.79027 3.81651 3.81414 3.80895 3.82835 4.03825 4.02250 4.00689 3.99179 3.97718 4.16175 4.27044 4.19953 4.31487 4.84268 4.80754 4.80717 4.83540 4.87131 4.92067 4.97462 5.17143 5.68474 5.77655 5.83712 5.86330 6.10043 6.33558 6.33782 6.24521 5.95243 5.85937 5.70479 5.60631 5.60062 5.59342 5.63558 5.69947 5.76131 5.78744 5.78835 5.72128 5.60260 5.99808 6.01584
5.15454 4.49973 4.16672 3.58570 3.18185 2.99795 2.83444 2.71342 2.65140 2.68210 3.35635 3.40525 3.43844 3.43605 3.43364 3.43126 3.41247 3.31816 3.32347 3.46481 3.63328 3.62507 3.63825 3.69524 3.68762 3.68215 3.68188 3.87069 3.91320 3.90305 3.85763 3.80640 3.86412 4.07229 4.06447 4.15810 5.07441 5.19016 5.21788 5.24533 5.26750 5.26902 5.26902 5.28401 5.78509 5.74210 5.66788 5.59362 5.66939 5.93741 6.08521 6.07643 5.84885 5.78552 5.70247 5.56076 5.56069 5.56069 5.57454 5.68953 5.73617 5.80617 5.77868 5.69072 5.44015 5.66078 5.76771
3.64018 3.04877 2.82288 2.81622 2.65171 2.65140 2.65140 2.65140 2.65140 2.65090 3.17411 3.36131 3.40984 3.40282 3.39853 3.39425 3.38995 3.29395 3.27963 3.36498 3.59679 3.59388 3.58661 3.65442 3.65944 3.65155 3.61429 3.68112 3.74296 3.70163 3.69559 3.69536 3.72240 4.03970 4.04457 4.12862 4.94571 5.26941 5.28437 5.30665 5.32893 5.35744 5.44756 5.55215 5.71426 5.85252 5.95883 6.07108 6.06524 5.78676 6.04221 6.04221 5.88327 5.78112 5.74426 5.56933 5.57574 5.58195 5.57492 5.59729 5.55908 5.59518 5.56894 5.56780 5.34061 5.49671 5.76615
3.06816 2.87045 2.75166 2.81813 2.66914 2.63302 2.62802 2.62302 2.61802 2.61353 2.94886 3.32703 3.38705 3.39168 3.40932 3.42755 3.44581 3.40218 3.37503 3.33196 3.49998 3.53728 3.53652 3.55213 3.52207 3.47849 3.46428 3.51148 3.69536 3.69536 3.69536 3.69536 3.69901 3.99919 4.08071 4.17525 4.82174 5.60502 5.70850 5.80955 5.91640 6.02090 6.04235 6.04235 6.08316 6.16115 6.16115 6.16115 6.15944 5.76407 6.00600 6.00678 5.88770 5.81063 5.77339 5.58446 5.54407 5.52986 5.52533 5.50199 5.46682 5.54622 5.56832 5.54424 5.32185 5.27167 5.61539
3.06816 2.96608 2.75166 2.79214 2.70574 2.61511 2.63340 2.65469 2.67596 2.69725 2.84394 3.43436 3.50242 3.52693 3.52181 3.48104 3.43594 3.36379 3.29278 3.36446 3.41987 3.52496 3.52173 3.51328 3.46429 3.46403 3.46378 3.42547 3.67731 3.74538 3.76795 3.79053 3.80945 4.08167 4.39992 4.46264 4.89837 6.01352 6.04235 6.04235 6.04235 6.04235 6.04235 6.03963 6.03533 6.13259 6.12214 6.07816 6.01628 5.68625 5.71104 5.80504 5.75229 5.65331 5.63118 5.51605 5.44649 5.41054 5.37468 5.33430 5.24436 5.24223 5.24273 5.21364 5.02195 4.81758 5.22884
3.06816 3.05832 2.76426 2.77638 2.93150 2.77417 2.77715 2.77715 2.76863 2.73554 2.71625 3.24099 3.31905 3.30713 3.27008 3.26200 3.25855 3.25167 3.16887 3.37831 3.34487 3.51568 3.45664 3.38686 3.29223 3.22347 3.15431 3.12219 3.51925 3.78429 3.77390 3.76351 3.75314 3.88506 4.33622 4.33071 4.56072 5.69962 5.87366 5.86160 5.84949 5.83732 5.82523 5.79973 5.75028 5.77525 5.68202 5.58543 5.50978 5.32892 5.24344 5.44974 5.41678 5.22356 5.07013 4.96673 4.91911 4.88636 4.81941 4.74909 4.63331 4.57442 4.60692 4.56028 4.45533 4.25092 4.90413
3.06816 3.06816 2.83453 2.70544 2.87387 2.66955 2.63535 2.60717 2.58655 2.58269 2.56691 2.95007 3.19034 3.23226 3.19576 3.18591 3.17323 3.11679 2.96843 2.99749 2.88013 3.01790 3.00001 2.98768 2.96827 2.95005 2.93264 2.91746 3.09145 3.53659 3.51741 3.49844 3.55874 3.70087 4.20299 4.25979 4.37172 5.30433 5.72656 5.66685 5.57523 5.47538 5.36313 5.26831 5.20508 5.19774 5.24744 5.24744 5.24744 5.22700 5.03189 5.31231 5.26587 5.05521 4.83390 4.61119 4.50516 4.46084 4.43167 4.39477 4.33284 4.25527 4.76613 4.90841 4.86806 4.53046 4.78434
2.81640 2.77316 2.62383 2.37520 2.43061 2.41992 2.36656 2.35309 2.34089 2.33412 2.35553 2.57488 2.87287 2.92697 2.82944 2.76798 2.71059 2.69455 2.61665 2.57223 2.57356 2.68191 2.72014 2.70646 2.70506 2.74117 2.74236 2.74236 2.76083 3.31312 3.33080 3.31996 3.38867 3.60493 4.01368 4.17329 4.19665 4.62195 5.11794 5.06101 5.01972 4.99071 4.97738 4.96598 4.95361 4.95685 5.03715 5.02583 5.01353 5.00197 4.80819 4.75468 4.72289 4.54948 4.29042 4.07680 3.96204 3.90830 3.88253 3.84436 3.79455 3.68291 4.11175 4.40943 4.36164 4.26608 4.17281
2.42854 2.42854 2.40888 2.27023 2.26517 2.44902 2.36048 2.31301 2.26424 2.21282 2.14613 2.17406 2.38132 2.49999 2.48930 2.46990 2.46136 2.45285 2.42347 2.30109 2.34892 2.36973 2.46484 2.45274 2.44071 2.47709 2.48831 2.47757 2.46687 2.86818 3.06088 3.06088 3.06823 3.30961 3.61097 3.96627 4.05209 4.35479 4.64968 4.65388 4.65388 4.65388 4.65388 4.65388 4.65388 4.65388 4.74388 4.70965 4.65058 4.59151 4.44315 4.31865 4.26293 4.20271 3.86150 3.71877 3.63470 3.58613 3.55653 3.55067 3.55007 3.46861 3.64054 4.18861 4.14841 4.12749 4.04232
2.44946 2.35612 2.20982 2.18491 1.99731 2.21801 2.10836 2.10836 2.10836 2.10836 2.10836 2.10513 2.16394 2.34050 2.39247 2.37625 2.38674 2.39725 2.40775 2.29252 2.36252 2.30091 2.38354 2.38354 2.38311 2.39806 2.43888 2.42700 2.41210 2.63180 3.05875 3.10112 3.15583 3.46860 3.68911 4.15895 4.16531 4.26191 4.64782 4.65869 4.66158 4.64378 4.60878 4.57488 4.54203 4.46531 4.36030 4.28666 4.18240 4.03225 3.98169 4.04356 4.03403 4.03403 3.73447 3.64526 3.58209 3.53201 3.48838 3.44464 3.40131 3.35023 3.29642 4.04197 4.05463 4.04544 4.00643
1.71614 1.66360 1.66360 1.81227 1.86229 2.12750 2.12868 2.13678 2.15030 2.16380 2.17730 2.19031 2.17487 2.39023 2.47486 2.43391 2.43294 2.41729 2.39067 2.27631 2.23175 2.20436 2.28965 2.27900 2.27773 2.33443 2.46423 2.54655 2.63814 2.77888 3.35208 3.34984 3.36349 3.54352 3.74420 4.13819 4.22052 4.21375 4.54288 4.44623 4.33286 4.24088 4.16757 4.09750 4.03048 3.99740 3.99949 4.00504 3.98916 3.86719 3.86916 4.02215 4.03403 4.02722 3.78579 3.54441 3.45768 3.38274 3.37857 3.37452 3.37068 3.36093 3.22024 3.79111 4.04544 4.04544 4.03112
1.66360 1.66360 1.66360 1.73481 1.89179 2.02480 2.21535 2.21312 2.21312 2.20062 2.16287 2.12306 2.02309 2.21759 2.33224 2.26832 2.23740 2.26513 2.32244 2.34190 2.32739 2.52327 2.72019 2.86653 2.96670 3.03539 3.01065 2.98172 2.98172 2.98172 3.38198 3.40489 3.40106 3.50518 3.71001 3.92394 3.83900 3.75602 3.93360 3.99412 3.99740 3.99740 3.99740 3.99740 3.99740 3.99740 3.99749 4.00467 4.00501 3.88089 3.82627 3.89013 3.89970 3.85609 3.73408 3.38623 3.36030 3.30480 3.30859 3.31722 3.32587 3.33455 3.23680 3.52694 4.03621 4.04478 4.05223
1.66360 1.66360 1.66360 1.66751 1.90157 1.88175 2.00976 2.01713 2.00958 2.01713 2.05320 2.09180 2.11923 2.29964 2.64022 2.70373 2.71889 2.75628 2.81526 2.86310 2.78366 2.96665 3.01844 3.07386 3.07365 3.07472 3.07477 3.02245 3.04340 3.06434 3.29903 3.50100 3.49081 3.52849 3.77904 3.89951 3.71785 3.65350 3.79417 3.90380 3.89969 3.88969 3.87958 3.86961 3.85954 3.84950 3.82647 3.79154 3.75388 3.59470 3.48893 3.52884 3.60951 3.59026 3.56068 3.34354 3.26299 3.25208 3.24374 3.23466 3.22543 3.21632 3.15281 3.13015 3.86131 3.85551 3.85445
2.01427 2.08169 2.14514 2.20518 2.32217 2.28710 2.28568 2.30202 2.33298 2.36393 2.39489 2.42333 2.40828 2.35935 2.72819 2.76301 2.91032 2.95697 2.95818 2.94873 2.86869 2.98246 3.07012 3.17384 3.19634 3.21754 3.21861 3.12658 3.11028 3.11208 3.19591 3.55204 3.52753 3.54468 3.75371 3.81987 3.65517 3.56201 3.63739 3.80316 3.80971 3.79891 3.77763 3.73435 3.68744 3.63778 3.60104 3.58365 3.56924 3.48047 3.34527 3.36237 3.51161 3.51211 3.51211 3.44478 3.15261 3.17367 3.16269 3.16269 3.16335 3.20253 3.25639 3.17693 3.97151 4.24112 4.31748
2.34533 2.34850 2.35167 2.35484 2.38438 2.44776 2.48613 2.44830 2.44438 2.44382 2.42863 2.41092 2.38549 2.23202 2.63976 2.70316 2.84773 2.91628 2.90852 2.90951 2.98412 3.15244 3.27076 3.38277 3.41186 3.43059 3.44964 3.39546 3.34097 3.35434 3.35547 3.75943 3.76325 3.73980 3.71149 3.71720 3.60917 3.43610 3.39794 3.62873 3.61978 3.58807 3.55956 3.55306 3.55016 3.55004 3.55004 3.53269 3.49775 3.42747 3.20192 3.16406 3.24821 3.44992 3.51211 3.49298 3.25391 3.32039 3.36407 3.42561 3.48646 3.50882 3.49651 3.36801 3.78844 4.24671 4.22448
2.39035 2.39035 2.39035 2.39035 2.39600 2.45028 2.48106 2.41598 2.36124 2.31176 2.26970 2.23062 2.19235 2.17487 2.57827 2.82035 2.90313 3.07554 3.07692 3.07828 3.10082 3.25659 3.41651 3.48798 3.52551 3.49911 3.46864 3.41886 3.26903 3.24125 3.21423 3.45989 3.57365 3.56922 3.57044 3.57599 3.55102 3.31694 3.18672 3.36218 3.45176 3.50441 3.46370 3.42463 3.38711 3.35098 3.31621 3.29647 3.30130 3.30670 3.16066 3.20123 3.33980 3.62332 3.87006 3.90298 3.59082 3.51052 3.49541 3.48700 3.47876 3.47068 3.47405 3.44067 3.55155 4.25375 4.26570
