OMI_NO2_yc_0.0167deg/OMI_NO2_yc_0.0167deg/OMI_NO2_2005_01-12.asc
ncols      200
nrows      200
xllcorner       110.913
yllcorner       33.7933
cellsize     0.0166667
NODATA_Value      -999.000
[rows 29 to 57 of 164, columns 0 to 66 of 200]
2.29254 2.30061 2.30217 2.38187 2.48913 2.48945 2.51733 2.45244 2.50057 2.49281 2.55385 2.72632 2.71131 2.77640 2.82010 2.94874 3.03126 3.05501 3.12660 3.33784 3.50415 3.75928 3.95083 4.29424 4.47091 4.63457 4.92055 5.12509 5.46466 5.60966 5.62851 5.97934 6.53294 7.32995 7.75440 8.24477 8.91851 9.29956 9.52396 9.89316 10.5491 10.9619 10.9853 11.3529 11.5845 11.8176 11.6588 11.7600 11.8669 11.9002 11.9084 12.0250 11.9355 11.5210 11.1975 10.8510 10.1001 8.77272 7.81989 6.83037 6.05746 5.60289 5.20902 4.72820 4.43869 4.33689 4.27971
2.34253 2.31923 2.31880 2.36597 2.47663 2.49119 2.50968 2.45637 2.46727 2.47092 2.51207 2.71346 2.71000 2.74032 2.81017 2.86887 2.95709 3.08029 3.20208 3.32653 3.55214 3.76754 3.98170 4.36248 4.69788 4.84260 5.02415 5.35198 5.57265 5.79205 5.83583 6.12333 6.58070 7.30163 7.93533 8.24185 8.90532 9.28420 9.58508 9.98266 10.6122 11.1519 11.4035 11.6790 12.0708 12.2722 12.1227 12.2987 12.3812 12.5279 12.5850 12.5847 12.3662 12.0348 11.5261 11.0428 10.6092 8.91673 8.05169 6.93897 6.00727 5.45157 5.04172 4.52319 4.33411 4.25458 4.30946
2.33973 2.32478 2.30422 2.34620 2.41855 2.48788 2.47909 2.43161 2.42919 2.44352 2.49008 2.64643 2.71677 2.73837 2.79453 2.79742 2.86919 2.97689 3.11028 3.22577 3.42603 3.69592 3.96570 4.30046 4.73055 4.85123 4.94374 5.40555 5.47017 5.78414 5.93328 6.18527 6.49919 7.02117 7.80991 7.96541 8.70586 9.19668 9.56673 9.99103 10.4724 11.1050 11.5031 11.8078 12.3253 12.6046 12.5727 12.6581 12.5922 12.5402 12.4844 12.3329 12.0950 11.9089 11.2119 10.8389 10.4710 9.07814 8.17648 7.12457 6.10373 5.50253 4.97497 4.45429 4.41035 4.35377 4.38083
2.33764 2.32483 2.29730 2.32395 2.36332 2.51918 2.52610 2.42296 2.38624 2.38889 2.42274 2.58933 2.73274 2.77107 2.80010 2.82456 2.90634 2.95914 3.14871 3.26413 3.36947 3.69166 4.04534 4.29575 4.75515 5.01454 5.14246 5.72461 5.79072 6.19707 6.45090 6.63913 6.90087 7.35054 8.29113 8.44766 9.06107 9.43926 9.73551 10.1963 10.7255 11.6970 12.1733 12.5539 12.9262 13.2833 13.0603 13.1486 13.0963 13.1348 12.9361 12.6994 12.4462 12.3175 11.3659 10.9314 10.4992 9.38217 8.43904 7.35821 6.38113 5.67184 5.16393 4.60990 4.38478 4.29415 4.27459
2.36292 2.33777 2.33274 2.36138 2.43004 2.58534 2.56895 2.44578 2.41197 2.42509 2.44467 2.59639 2.80212 2.86833 2.89698 2.89096 2.91708 3.02326 3.27136 3.35583 3.38102 3.78767 4.11694 4.37941 4.78974 5.18577 5.28524 5.68375 5.84309 6.07197 6.36964 6.54445 6.78132 7.06307 7.84800 8.23966 8.82496 9.36145 9.82717 10.4421 10.9079 11.8506 12.4196 12.9622 13.1666 13.6422 13.4808 13.4380 13.2161 13.1197 12.8810 12.5894 12.2102 12.1514 11.2056 10.7636 10.3220 9.53602 8.51403 7.53177 6.53702 5.74853 5.16427 4.59597 4.37706 4.35950 4.33811
2.43800 2.42892 2.42065 2.43699 2.48380 2.54522 2.53781 2.46034 2.42191 2.42676 2.41947 2.52839 2.75048 2.80993 2.85979 2.87765 2.91156 3.06987 3.27959 3.40626 3.39521 3.74281 3.97253 4.24801 4.53104 5.05341 5.19698 5.47698 5.85363 5.99627 6.18984 6.33972 6.58759 6.81424 7.56681 8.20492 8.59447 9.27923 9.97483 10.5041 10.9388 11.6758 12.2945 12.8856 12.8372 13.2250 13.1475 13.1005 12.8849 12.7451 12.4712 12.1574 11.6126 11.5535 10.8345 10.3235 10.0251 9.28892 8.30189 7.50648 6.50985 5.53451 4.88776 4.41519 4.32576 4.41639 4.40377
2.50063 2.49568 2.48547 2.50006 2.52886 2.52527 2.57807 2.52159 2.41559 2.40782 2.42194 2.50700 2.73076 2.74951 2.77547 2.80201 2.83489 3.01088 3.11595 3.31489 3.34017 3.58575 3.79502 4.10953 4.35597 4.84874 5.17887 5.37521 5.88558 6.11810 6.29660 6.47597 6.82723 7.03856 7.62440 8.24806 8.59409 9.15938 9.95891 10.4987 10.8748 11.5460 12.1508 12.7859 12.7719 13.0671 13.1513 12.8916 12.6824 12.5746 12.2937 12.1094 11.5361 11.3837 10.8754 10.1907 9.90783 9.25618 8.24329 7.30871 6.45841 5.35731 4.69721 4.39908 4.36222 4.42935 4.49351
2.57169 2.56755 2.52262 2.47796 2.39265 2.34910 2.41723 2.49579 2.40762 2.40011 2.40896 2.44492 2.61021 2.67450 2.70319 2.72772 2.81233 2.97888 3.10430 3.35735 3.39645 3.62142 3.73582 4.09319 4.28434 4.76202 5.23175 5.45184 5.94291 6.35416 6.48927 6.62043 7.00769 7.19697 7.65756 8.27863 8.55000 8.98021 9.60313 10.1948 10.5594 11.0596 11.6539 12.0836 12.0752 12.2983 12.6136 12.3940 12.1175 12.0162 11.6157 11.4344 10.7936 10.5262 10.1795 9.40602 9.09446 8.52961 7.71377 6.83538 6.22091 5.44530 4.80238 4.51107 4.45179 4.42404 4.49247
2.32433 2.34068 2.32128 2.31394 2.29841 2.28824 2.29601 2.38609 2.31759 2.33155 2.35865 2.39968 2.56821 2.69992 2.73875 2.78288 2.91718 3.06133 3.28518 3.51728 3.67265 3.94084 4.06394 4.42012 4.55608 4.96175 5.63006 5.79152 6.14310 6.73159 6.84276 6.88989 7.30703 7.46199 7.74585 8.34039 8.98480 9.44422 10.0959 10.8066 11.0654 11.3487 11.9896 12.3834 12.3358 12.4126 12.6460 12.1553 11.7486 11.6997 11.2601 11.1524 10.4258 10.1282 9.67677 9.10673 8.57679 8.25047 7.59344 6.65844 6.07028 5.49523 4.76607 4.47218 4.42655 4.28729 4.41909
2.23443 2.27946 2.31006 2.29170 2.30447 2.24610 2.27607 2.38440 2.38424 2.40803 2.46117 2.51580 2.61810 2.78448 2.83021 2.90030 3.09536 3.22924 3.43950 3.66074 3.81959 4.09340 4.17464 4.40454 4.50518 4.80230 5.42966 5.66686 6.03266 6.69234 6.83871 6.91322 7.26731 7.59082 7.74569 8.35769 8.94554 9.52765 10.0160 10.7795 11.1804 11.4520 11.9379 12.4084 12.2972 12.2875 12.1381 11.8007 11.1683 11.0039 10.5460 10.4545 9.96687 9.73111 9.23141 8.80326 8.10673 7.83192 7.22287 6.36090 5.76595 5.30529 4.78051 4.38135 4.32673 4.20345 4.17630
2.24837 2.25899 2.31319 2.30957 2.36042 2.28215 2.30418 2.37997 2.44094 2.49225 2.56338 2.63434 2.68815 2.90602 2.95296 3.00643 3.19541 3.34525 3.50046 3.69931 3.84471 4.07357 4.11256 4.30181 4.51115 4.74257 5.30767 5.72941 6.04494 6.59894 6.92944 7.03888 7.28156 7.72948 7.95672 8.50096 9.16489 9.89013 10.3971 10.9696 11.4497 11.7467 12.0911 12.4068 12.2123 12.2311 11.9967 11.6605 10.9661 10.7605 10.2984 10.1710 9.79918 9.57727 9.08752 8.72311 7.96289 7.70016 7.09563 6.15648 5.61196 5.22790 4.83689 4.45859 4.38920 4.23474 4.20389
2.32371 2.33938 2.43634 2.44162 2.49378 2.41215 2.47527 2.54101 2.67864 2.68610 2.74173 2.82216 2.82736 3.02980 3.09938 3.13092 3.27513 3.39713 3.47329 3.72871 3.80816 4.03428 4.06426 4.21917 4.51911 4.73650 5.26740 5.86095 6.13687 6.63365 7.27129 7.44699 7.63395 8.06115 8.20185 8.69930 9.23102 9.98134 10.5943 11.0670 11.5790 11.7917 12.0595 12.1942 11.8129 11.8534 11.6469 11.4032 10.7926 10.5324 10.1829 9.89426 9.57392 9.34481 9.02263 8.70988 8.09276 7.77416 7.32001 6.48072 5.78442 5.32157 5.01218 4.60866 4.51651 4.28973 4.23584
2.35480 2.39501 2.51897 2.56517 2.64260 2.54801 2.60815 2.66015 2.70056 2.72521 2.75269 2.84196 2.81762 2.95585 3.07799 3.18526 3.29090 3.45062 3.50508 3.73770 3.82155 4.06030 4.18892 4.33565 4.73385 4.93570 5.41430 6.03121 6.25280 6.67102 7.36677 7.63830 7.85955 8.20161 8.35254 8.82332 9.27142 9.91674 10.5846 10.8179 11.2711 11.3931 11.5870 11.7056 11.3179 11.3967 11.2491 11.0470 10.4355 10.0887 9.87409 9.58645 9.33681 9.13658 8.90576 8.54660 8.04253 7.49360 7.21870 6.51455 5.98529 5.47583 5.19908 4.76791 4.68441 4.43101 4.37133
2.55232 2.60471 2.67366 2.70397 2.75646 2.65022 2.59860 2.65305 2.65655 2.73576 2.74951 2.87867 2.87145 2.99820 3.15012 3.23244 3.33013 3.48820 3.60676 3.81423 3.99177 4.18495 4.41702 4.50132 4.87898 5.05854 5.46048 6.20096 6.64052 7.10394 7.70443 8.09533 8.29489 8.47645 8.69496 9.13761 9.54475 10.1665 10.7973 11.1233 11.4900 11.6944 11.7692 11.9314 11.5898 11.6307 11.5504 11.3961 10.8708 10.4066 10.1415 9.71590 9.44419 9.31064 9.08684 8.72460 8.28490 7.62965 7.49879 6.91768 6.30970 5.86458 5.51599 5.14414 4.97594 4.79903 4.66914
2.73479 2.76447 2.79819 2.80044 2.81337 2.76802 2.60020 2.66884 2.66694 2.76356 2.75216 2.87459 2.87907 2.91164 3.13604 3.27498 3.42669 3.55815 3.68093 3.83317 4.03516 4.16913 4.45062 4.53110 4.83123 5.09311 5.45332 6.13835 6.85159 7.28550 7.94725 8.35589 8.46511 8.52994 8.62274 9.03368 9.44137 9.86041 10.4875 10.8725 11.1271 11.3262 11.3136 11.5246 11.4306 11.4420 11.2182 11.0218 10.5831 10.1273 9.76696 9.42640 9.11388 8.93035 8.84076 8.59256 8.22570 7.62362 7.47841 7.17766 6.45818 6.10353 5.70564 5.42999 5.17855 5.01045 4.78258
2.55486 2.58025 2.68989 2.73833 2.81578 2.81634 2.65028 2.69609 2.72097 2.78242 2.78414 2.90642 2.97666 2.96786 3.21834 3.36971 3.52368 3.61586 3.75469 3.96642 4.17299 4.38009 4.69562 4.90169 5.18665 5.52426 5.97598 6.48048 7.31485 7.56339 8.14991 8.60675 8.77537 8.87265 8.94399 9.52923 9.84192 10.2048 10.7935 11.2936 11.4426 11.6362 11.5884 11.7106 11.6756 11.5939 11.3102 11.0537 10.7714 10.2831 9.79483 9.61077 9.28980 9.08008 9.04119 8.94190 8.48288 7.96046 7.60759 7.48911 6.74975 6.33927 5.93984 5.66313 5.41603 5.24403 5.03222
2.67067 2.65693 2.75023 2.74876 2.77650 2.72546 2.60622 2.57560 2.66058 2.67264 2.71460 2.77627 2.85811 2.84137 3.05849 3.23031 3.38823 3.53873 3.80680 4.09565 4.28083 4.56617 4.76434 5.03570 5.14564 5.51616 5.94877 6.48361 7.23745 7.59655 8.27589 8.73834 8.98028 9.09274 8.96843 9.63631 9.77237 10.1395 10.5753 11.1114 11.3875 11.5816 11.5986 11.8752 11.7184 11.6281 11.3349 11.0337 10.8355 10.4323 9.87710 9.68274 9.29282 9.20570 9.05959 8.95168 8.49249 8.04189 7.65470 7.66391 6.92916 6.39386 6.01091 5.66824 5.53757 5.30686 5.11080
2.81035 2.74347 2.76253 2.69177 2.50582 2.48298 2.46540 2.37358 2.54621 2.56844 2.66105 2.71260 2.84459 2.87308 3.08027 3.32503 3.47409 3.66260 3.89150 4.21308 4.35337 4.63528 4.76339 5.11380 5.16234 5.55414 6.00493 6.64210 7.25906 7.85148 8.35970 8.86822 9.25441 9.39968 9.20906 9.91073 10.0604 10.4734 10.8043 11.4383 11.7743 11.8666 11.8398 12.1185 12.0906 11.8284 11.4495 11.1655 10.9832 10.5837 10.0259 9.83322 9.50670 9.58155 9.39052 9.39134 8.96515 8.32798 7.85882 7.76417 7.29523 6.50131 6.09956 5.70465 5.61135 5.34705 5.21981
2.73841 2.64054 2.69570 2.61438 2.44006 2.42930 2.46678 2.40758 2.60058 2.63586 2.69076 2.71353 2.81929 2.89309 3.01015 3.29502 3.39819 3.64756 3.80344 4.15814 4.35502 4.55077 4.75126 5.13411 5.29075 5.64538 6.09582 6.66598 7.22114 8.02270 8.53230 9.10166 9.58171 9.84857 9.75206 10.1799 10.1375 10.4862 10.7335 11.3144 11.7449 11.9893 12.1059 12.5007 12.4302 12.1570 11.5525 11.3482 11.2526 11.0036 10.6179 10.3181 10.0358 10.0109 9.88248 9.78365 9.38832 8.83603 8.44276 8.19884 7.90890 7.04222 6.54419 6.06200 5.91394 5.64244 5.49490
2.75283 2.62588 2.72676 2.63565 2.54007 2.55368 2.58906 2.51267 2.55434 2.60061 2.61067 2.69560 2.74812 2.86797 2.94645 3.21296 3.33277 3.59594 3.76434 4.11053 4.40800 4.53581 4.86940 5.08177 5.36015 5.61050 6.09080 6.62266 7.18896 7.99793 8.49564 9.08693 9.52659 9.87947 9.67917 9.91260 9.95898 10.1940 10.5652 11.0411 11.4591 11.7639 11.7599 12.0467 12.0148 12.0298 11.5401 11.2823 11.1930 11.1283 10.7906 10.3842 10.2310 10.1112 10.0235 9.79408 9.50388 9.01430 8.56397 8.15927 8.08902 7.34505 6.71773 6.12860 5.83969 5.64881 5.45127
3.02277 2.91391 2.99648 2.82260 2.73618 2.67520 2.68631 2.58716 2.56987 2.66482 2.65350 2.73206 2.76692 2.89524 3.00411 3.27263 3.48787 3.72223 3.93674 4.22769 4.57962 4.70487 5.15178 5.39425 5.85942 6.15200 6.69830 7.19131 7.75361 8.33986 9.00483 9.40698 9.75536 10.4154 10.2677 10.5150 10.5662 10.6865 11.0452 11.3956 11.9593 12.4389 12.3422 12.6203 12.6302 12.6644 12.1949 12.0021 11.7816 11.6530 11.1712 10.7319 10.4687 10.2566 10.2699 9.93161 9.69520 9.27148 8.64829 8.12402 8.01860 7.54626 6.92488 6.28180 5.93833 5.87244 5.70796
2.89195 2.84497 2.91332 2.80002 2.70868 2.67202 2.68576 2.63088 2.60182 2.74071 2.72608 2.82794 2.88475 2.98551 3.10659 3.36598 3.67898 3.89813 4.22282 4.52962 4.96813 5.17734 5.43012 5.62161 6.06810 6.37352 6.89038 7.33301 7.90772 8.44217 9.27488 9.52479 9.84172 10.5246 10.3965 10.4860 10.5753 10.6329 11.0121 11.2895 11.6800 12.1891 12.2005 12.3246 12.3860 12.4482 12.1376 11.8468 11.6120 11.5198 11.1961 10.6814 10.4109 10.2035 10.2611 9.89063 9.72024 9.44455 8.79047 8.21358 8.04543 7.89773 7.20133 6.56347 6.20038 6.08056 5.98808
2.74928 2.83450 2.85835 2.74541 2.67875 2.62646 2.62432 2.58584 2.59238 2.71488 2.72973 2.87218 3.03299 3.13583 3.33044 3.58379 3.95022 4.14412 4.45739 4.80918 5.16486 5.45417 5.59540 5.87582 6.27913 6.90848 7.60202 8.09806 8.42876 8.72019 9.79524 9.95360 10.1420 10.8206 10.7928 10.8301 10.9705 11.0602 11.2674 11.3877 11.5626 12.0611 12.3122 12.3865 12.4278 12.5581 12.2636 11.8590 11.6233 11.4468 11.2062 10.5933 10.2692 10.1313 9.96889 9.64476 9.51838 9.43924 9.08602 8.54689 8.31192 8.20866 7.58811 6.86021 6.36111 6.14564 6.10406
2.64465 2.68539 2.68009 2.56310 2.52363 2.51815 2.56187 2.56726 2.63903 2.74718 2.80897 2.95590 3.16908 3.32951 3.52022 3.70607 4.10206 4.24527 4.46204 4.90489 5.24717 5.64623 5.78421 6.05370 6.39134 7.20538 7.75179 8.21594 8.51112 8.74040 9.49696 9.92702 10.0592 10.7975 10.8067 11.0285 11.1019 11.2016 11.3926 11.5221 11.7350 12.1341 12.4232 12.5322 12.5435 12.4984 12.1472 11.6904 11.3658 11.0691 10.8705 10.2008 9.99615 9.79072 9.53732 9.37533 9.22071 9.20076 8.94174 8.28089 7.97888 7.82554 7.57548 6.93832 6.41937 6.10469 6.05107
2.49735 2.54061 2.50598 2.45708 2.44718 2.51773 2.58325 2.60272 2.64618 2.68474 2.76296 2.84768 3.08209 3.36711 3.59199 3.79315 4.15901 4.32798 4.42301 4.86302 5.27941 5.69083 5.94358 6.12017 6.38027 7.19627 7.70168 8.08122 8.33020 8.57879 9.04093 9.82870 9.88980 10.5486 10.8165 11.1601 11.2851 11.5707 11.7664 11.8765 11.9825 12.2750 12.5729 12.7205 12.6218 12.6516 12.3015 11.8578 11.5744 11.4477 11.3486 10.7590 10.4790 10.1463 9.66908 9.37871 9.10990 9.06628 8.88941 8.11502 7.91343 7.73771 7.68588 6.93514 6.47074 6.02077 5.90528
2.58019 2.60250 2.54515 2.46969 2.41738 2.41892 2.44673 2.48031 2.50447 2.52111 2.63514 2.75554 2.98459 3.27638 3.49610 3.72943 4.07242 4.36221 4.48823 4.85771 5.36743 5.65494 6.04179 6.13421 6.37413 6.93995 7.64891 8.09305 8.38429 8.64141 8.89049 9.85825 10.0160 10.7822 11.1299 11.4433 11.5154 11.8236 12.0318 12.3334 12.4066 12.7039 12.8710 12.9578 12.7657 12.8601 12.5161 12.3904 12.0629 11.7785 11.4945 10.9523 10.5155 10.0210 9.65871 9.42573 9.25295 9.04073 8.95008 8.14696 7.84019 7.61951 7.61142 6.91776 6.49661 6.07015 5.83190
2.52433 2.58255 2.53084 2.50227 2.42698 2.39603 2.43591 2.50060 2.57006 2.63199 2.74623 2.83441 3.10247 3.40476 3.70104 3.99878 4.29539 4.66775 4.76943 4.91300 5.39391 5.63132 6.21503 6.36757 6.59042 6.97603 7.77358 8.10336 8.58432 8.83519 9.01425 9.75731 10.0085 10.6935 11.0484 11.3745 11.4549 11.6484 11.7602 11.9936 12.0427 12.3928 12.4411 12.5053 12.3525 12.2685 11.8959 11.7225 11.3905 11.1709 10.7687 10.4902 10.0642 9.50638 9.18971 8.83230 8.63129 8.40641 8.41233 7.79710 7.48178 7.23363 7.23195 6.80808 6.33425 6.01053 5.68766
2.47350 2.55542 2.54591 2.60097 2.58970 2.60069 2.70817 2.75812 2.79061 2.83386 2.90801 2.97651 3.21433 3.48361 3.82511 4.26817 4.56635 4.90350 5.06809 5.23250 5.70543 5.98504 6.42407 6.72778 7.00315 7.35488 8.28834 8.60202 9.17858 9.51036 9.66082 10.1910 10.5853 11.1803 11.4977 11.9531 12.1267 12.2318 12.4219 12.6031 12.6783 13.1697 13.0202 13.0213 12.6898 12.4278 12.2050 12.0378 11.6585 11.2674 10.7484 10.5524 10.1219 9.51296 9.14631 8.80472 8.61527 8.26483 8.26592 7.73093 7.34563 7.15335 7.11116 6.98447 6.42805 6.09410 5.75277
2.46453 2.57050 2.59567 2.74684 2.70555 2.69125 2.74636 2.83290 2.89649 2.99248 3.08535 3.20034 3.39357 3.66320 3.98175 4.53994 4.88104 5.12686 5.25817 5.45524 5.90459 6.45774 6.81564 7.31592 7.54891 7.79792 8.49181 8.86097 9.29311 9.60616 9.80785 10.0507 10.4912 11.0125 11.3525 11.8252 12.0459 12.1482 12.3068 12.4593 12.4893 12.7437 12.5994 12.5460 12.3046 11.8896 11.8475 11.7785 11.3758 10.9940 10.6510 10.4399 10.1164 9.42450 9.01533 8.73437 8.55084 8.17572 8.13759 7.78206 7.22139 6.92448 6.79621 6.71040 6.24770 5.82071 5.49723
