OMI_NO2_yc_0.0167deg/OMI_NO2_yc_0.0167deg/OMI_NO2_200505.asc
ncols      200
nrows      200
xllcorner       110.913
yllcorner       33.7933
cellsize     0.0166667
NODATA_Value      -999.000
[rows 145 to 173 of 200, columns 0 to 66 of 200]
9.29572 9.31502 9.33432 9.03209 8.82036 8.82036 8.82036 8.82117 8.83380 8.85028 8.59381 7.64936 7.69752 5.83377 4.74126 4.71239 5.24217 5.27105 5.23627 5.17760 5.12702 5.10954 5.11400 5.29490 5.29546 5.29546 5.29546 5.26538 4.99727 4.99410 5.02489 5.28260 5.11000 5.08383 5.18945 5.26968 5.17011 5.13290 5.04032 4.85312 4.64186 4.43061 4.23219 4.10481 4.02302 3.99310 3.96674 4.14986 4.83711 5.21590 6.03883 6.67218 7.34478 7.53105 7.71410 7.79637 7.97512 8.36480 8.61142 8.99331 8.24815 7.29809 7.28593 7.20404 6.89676 6.90381 7.16726
9.50343 9.52403 9.54466 9.39819 9.01299 9.02948 9.04600 9.06175 9.06560 9.06560 9.06316 8.01972 7.90407 6.82860 4.34850 4.32218 4.84221 5.11695 5.11695 5.10636 5.06947 5.06947 5.06947 5.23678 5.29546 5.29546 5.29546 5.29546 5.06106 4.99410 4.95627 5.08046 4.90280 4.72874 4.63738 4.66103 4.32385 4.14906 4.03030 4.00623 4.00610 3.99028 3.96395 3.93760 3.98627 4.40982 4.88602 5.42945 6.42846 6.64075 6.66101 6.71806 6.95368 7.28746 7.41285 7.61280 7.62923 8.11478 8.14729 8.68781 8.47483 7.02568 6.99880 6.96845 6.63728 6.66471 6.71397
9.65174 9.65174 9.65174 9.63832 9.09441 9.06560 9.05714 8.92616 8.75506 8.57877 8.34531 7.87723 7.55864 7.32916 4.41765 4.31744 4.60800 5.11695 5.11695 5.11646 5.07315 5.06947 5.06947 5.14801 5.20741 5.04828 4.82518 4.60191 4.30985 4.04375 3.89570 3.92771 4.02311 4.01254 3.92432 4.11008 3.97872 3.71559 3.68235 3.64873 3.71548 4.12615 4.57414 4.99871 5.34496 5.40210 5.40735 5.40784 5.81059 6.03813 6.00554 5.98892 6.13099 6.54976 6.66237 6.96416 6.96416 7.42833 7.49294 7.85787 7.95679 6.64895 6.18729 6.08676 5.96678 6.38338 6.47788
9.65174 9.65174 9.60065 9.39697 8.83218 8.51756 8.29982 8.18216 8.10474 8.03267 8.01761 7.90070 7.46280 7.46280 5.41771 4.31744 4.36108 5.06233 4.94803 4.73691 4.41739 4.08593 3.80675 3.55267 3.89420 3.86249 3.86234 3.86077 3.77362 3.62565 3.52025 3.46472 3.71770 3.86355 3.86515 4.05473 4.11726 4.05510 4.49096 4.98242 5.31078 5.35833 5.36082 5.36311 5.36693 5.37075 5.37458 5.37802 5.54713 5.97218 5.97218 5.95044 6.10119 6.38554 6.59828 6.94534 6.94405 7.21226 7.31222 7.40952 7.64860 6.95869 6.02161 6.00961 5.89555 6.29291 6.28986
9.10292 8.88857 8.66763 8.56051 8.31483 8.03986 8.01761 8.01761 8.01761 8.01761 8.01761 8.01583 7.53677 7.35910 6.21149 3.90496 3.76772 3.72538 3.65354 3.62940 3.50490 3.27807 3.27807 3.27807 3.61784 3.69770 3.57149 3.44676 3.40206 3.41334 3.41626 3.41626 3.80964 4.51452 5.03274 5.62301 6.02356 5.30220 5.19355 5.36427 5.36946 5.37145 5.37222 5.37070 5.36762 5.36459 5.36152 5.35847 5.38790 5.91155 5.94287 5.92713 6.01026 6.12104 6.39202 6.57983 6.61220 6.77760 6.99176 7.01423 7.39611 7.14437 5.56340 5.43099 5.30317 6.24023 6.34778
8.47676 8.38039 8.34175 8.34175 8.30659 8.01945 7.99733 7.91865 7.83636 7.75412 7.67182 7.58963 7.19415 6.82585 6.54567 3.64771 3.46818 3.54932 3.62940 3.62940 3.60268 3.28189 3.27807 3.27819 3.31514 3.41241 3.41856 3.42151 3.56845 4.15877 4.63408 5.13066 5.75528 5.98414 5.93144 5.97796 6.06420 5.44590 5.14043 5.27943 5.32298 5.32172 5.32172 5.32172 5.32172 5.32172 5.32172 5.32262 5.33188 5.71743 5.84659 5.79128 5.77648 5.88621 6.13748 6.23221 6.24753 6.30286 6.61255 6.58404 6.42880 6.22826 4.94021 4.56415 4.53512 5.65207 6.01253
8.34175 8.34175 8.34175 8.34175 8.34175 7.71317 7.51167 7.50805 7.51676 7.53999 7.56346 7.58699 7.52276 6.98320 6.94523 4.72482 3.56219 3.59698 3.71526 3.72294 3.73065 3.46578 3.39469 3.38333 3.54947 4.26452 4.87104 5.44104 5.86471 5.84912 5.55970 5.56394 5.64925 6.08508 6.02575 6.04027 6.14656 5.72382 5.16056 5.24528 5.36783 5.37199 5.37626 5.38052 5.38485 5.37302 5.31416 5.22086 5.10862 5.25560 5.44063 5.33859 5.25020 5.36676 5.61815 5.91761 5.82963 5.66728 5.94143 5.79094 5.74647 5.74243 5.22124 4.44202 4.44170 5.21499 6.00273
8.54947 8.57894 8.60827 8.63761 8.66695 8.19649 7.81521 7.83868 7.85344 7.85368 7.85368 7.85368 7.89032 7.36109 7.25789 5.84118 3.63714 3.63714 3.73763 3.71591 3.86332 4.47668 5.05912 5.74700 6.25565 6.08338 5.89355 5.89355 5.89355 5.89355 5.63646 5.57525 5.57525 6.03429 6.15992 6.16156 6.25105 6.10192 5.19656 5.20462 5.37323 5.32736 5.22144 5.10245 4.98345 4.88087 4.82526 4.80290 4.82598 4.93876 5.28900 5.33551 5.20224 5.13414 5.05331 5.29789 5.26865 5.26461 5.62185 5.73488 5.73786 5.74647 5.63925 4.48785 4.48488 4.89449 6.04096
8.64403 8.59080 8.53757 8.48418 8.43094 8.17330 7.49423 7.45164 7.40893 7.36634 7.32376 7.28117 7.24659 7.58446 7.23742 6.57484 4.02422 4.75036 5.47814 6.03396 6.53466 6.51836 6.29264 6.29264 6.29264 6.23798 5.89611 5.89355 5.89355 5.89355 5.73553 5.57525 5.57525 5.84969 6.11284 6.03921 6.03833 5.98619 5.00940 4.76796 4.81970 4.80932 4.79617 4.79716 4.83170 4.88498 4.94151 4.96591 4.82957 4.70740 4.93305 4.92999 4.95099 4.72012 4.80686 5.14946 5.27201 5.28073 5.53623 5.75673 5.76103 5.76950 5.78430 4.90448 4.58692 4.68835 5.95889
7.98978 7.98978 7.98978 7.98978 7.98978 7.98435 7.28485 7.22648 7.22648 7.21821 7.12664 7.01340 6.89293 7.14790 6.92819 6.48403 6.64083 7.18887 6.99128 6.57371 6.57371 6.57236 6.31988 6.29264 6.29264 6.29264 5.98415 5.89155 5.88479 5.86862 5.80389 5.52522 5.51038 5.58768 5.91420 5.63782 5.59508 5.58007 5.03576 4.80410 4.95605 5.18045 5.25812 5.29172 5.18367 5.11222 5.04767 5.01734 5.10818 5.17157 5.39889 5.56892 5.59308 5.25913 5.33679 5.53462 5.83189 5.84828 6.01292 6.35515 6.37406 6.38161 6.38142 5.89229 5.08757 5.02883 5.52059
7.98978 7.98978 7.98978 7.98978 7.98978 7.94963 7.32439 6.97138 6.85420 6.70321 6.62387 6.56625 6.51581 6.81185 6.84097 6.63663 6.18142 7.18887 7.16658 6.59540 6.57327 6.56924 6.37772 6.25424 6.23392 6.21365 6.03526 5.79587 5.78570 5.78495 5.77996 5.46431 5.33362 5.25229 5.63098 5.43791 5.44946 5.54749 5.43462 5.33037 5.27203 5.38013 5.30146 5.26736 5.33540 5.34263 5.37038 5.41802 5.46840 5.52187 5.59202 5.75538 5.75538 5.51139 5.42742 5.47068 5.89147 5.90704 5.94951 6.36289 6.31269 6.26127 6.21001 6.09433 4.97922 4.96017 5.29469
7.98867 7.90137 7.75981 7.61825 7.47472 7.32248 7.01391 6.57394 6.52016 6.50864 6.50864 6.50864 6.50864 6.66040 6.97778 6.78611 5.90004 6.94173 7.04628 6.54919 6.34777 6.30590 6.24619 6.16233 6.16233 6.16233 6.14160 5.75513 5.64481 5.54993 5.45995 5.30626 5.18505 5.18505 5.47176 5.48890 5.35846 5.38601 5.26264 5.16281 5.18653 5.31311 5.40189 5.45141 5.50388 5.55913 5.58229 5.59929 5.62517 5.65101 5.66026 5.84643 5.88357 5.81473 5.55497 5.64042 5.93528 6.04050 6.01159 6.14972 6.15873 6.15683 6.15490 6.15562 5.32843 5.03810 5.20236
7.42489 7.32774 7.25572 7.18364 7.11360 7.09248 7.05232 6.51868 6.50864 6.50386 6.46823 6.42702 6.38584 6.36676 6.84528 6.48772 5.82174 6.25956 6.86915 6.60070 6.28766 6.28766 6.28001 6.16447 6.16233 6.16233 6.16233 5.67479 5.43832 5.43666 5.43265 5.33576 4.97373 4.80964 4.81783 5.33989 5.18471 5.47640 5.69419 5.65726 5.75597 5.83842 5.95034 5.97631 6.00205 6.02779 6.05338 6.06207 6.06207 6.06207 6.06207 6.11498 6.17973 6.18488 5.83378 5.88462 5.96115 6.17152 6.23277 6.31209 6.38764 6.45835 6.50874 6.36585 5.85895 5.46923 5.45648
7.12157 7.09248 7.09248 7.07532 6.98047 6.88320 6.79307 6.42512 6.29478 6.25838 6.25286 6.25286 6.25286 6.23488 6.64378 6.35182 5.88428 5.75342 6.81514 6.72365 6.22989 6.22172 6.21416 6.11183 6.07366 6.06608 6.06934 5.79995 5.12469 4.93482 4.74740 4.60820 4.50296 4.51127 4.54017 5.42698 5.36489 5.72022 6.16804 6.02176 6.00001 5.95269 6.05505 6.06207 6.06207 6.06207 6.06207 6.06207 6.06460 6.07125 6.09308 6.17777 6.36624 6.44644 6.27652 6.25671 6.33285 6.59105 6.58765 6.36623 6.10189 5.80562 5.46743 5.34612 5.28209 5.21816 5.16687
6.66593 6.52518 6.39407 6.28096 6.21737 6.15969 6.10201 5.90477 5.67641 5.61873 5.56096 5.50337 5.44569 5.40582 5.62084 5.59249 5.40877 5.39327 6.50071 6.71309 6.24110 6.16562 6.18517 6.07811 5.79473 5.57180 5.33876 5.16055 4.65522 4.60331 4.60331 4.60331 4.60331 4.60331 4.60331 5.20504 5.39871 5.54030 6.16809 6.06988 6.00001 5.96561 6.00787 6.06854 6.09921 6.15746 6.22348 6.28945 6.35294 6.41234 6.45647 6.49941 6.74204 6.74219 6.58537 6.04899 5.78841 5.60228 5.38207 5.28289 5.23114 5.17297 5.16245 5.16403 5.16893 5.17393 5.17892
5.71471 5.71471 5.71471 5.70588 5.68182 5.65748 5.63310 5.55987 5.27441 5.25013 5.22579 5.20141 5.17714 5.15279 5.32051 5.73138 5.41303 5.40778 6.08234 6.69728 6.13523 5.70822 5.46653 5.27003 5.16032 5.16032 5.16032 5.16032 4.83832 4.60331 4.60331 4.60331 4.60331 4.60331 4.60331 4.84189 5.49890 5.41864 6.20069 6.22590 6.21769 6.27270 6.27016 6.43790 6.47326 6.48098 6.48098 6.48098 6.48098 6.48098 6.40204 6.10788 6.03634 5.65377 5.24499 4.89999 4.88202 4.92436 5.14811 5.15274 5.17155 5.17672 5.18114 5.18403 5.18353 5.18294 5.18233
5.42161 5.39727 5.37296 5.35748 5.35723 5.35723 5.35723 5.35717 5.08882 5.04716 5.04716 5.04716 5.03694 4.94159 4.88400 5.35850 5.18847 4.94478 4.83774 5.62444 5.51939 5.28565 5.28565 5.28535 5.17404 5.16032 5.16032 5.16032 5.05224 4.60345 4.60249 4.59938 4.59415 4.58826 4.58237 4.58045 5.52919 5.59403 6.20056 6.40518 6.48391 6.48853 6.41862 6.57566 6.59165 6.59675 6.48710 6.12631 5.59036 4.98579 4.45023 4.22606 4.54461 4.82651 4.82910 4.76344 4.80600 4.81016 5.09418 5.14240 5.15571 5.16011 5.16011 5.16011 5.16011 5.15789 5.09779
5.35723 5.35723 5.35723 5.35723 5.35723 5.35723 5.35723 5.35723 5.14293 4.89863 4.78420 4.64346 4.35004 4.11352 3.89633 4.10360 4.35460 4.47909 4.46959 5.38036 5.60881 5.30138 5.28565 5.28562 5.20742 5.15337 5.14642 5.13936 5.13228 4.66889 4.56898 4.56621 4.56554 4.56644 4.57319 4.58101 5.21511 5.61861 6.03885 6.41225 6.46819 6.48874 6.44450 6.11186 5.42739 4.78118 4.25751 4.07837 4.06152 4.06152 4.06152 4.06152 4.30558 4.84010 4.84109 4.79697 4.79943 4.81041 4.97427 5.14232 5.15175 5.16011 5.11884 5.03304 4.94711 4.86331 4.83767
5.35723 5.35723 5.35723 5.35553 5.28041 5.16593 5.05141 4.92324 4.58600 4.14365 3.92629 3.73521 3.70718 3.70718 3.70718 3.96966 4.24616 4.48397 4.46959 4.99993 5.67271 5.44913 5.37287 5.39971 5.32888 5.11513 5.11500 5.11500 5.11500 4.85172 4.57047 4.57829 4.58611 4.59303 4.59409 4.59409 4.86285 5.63941 5.74689 6.03431 5.80158 5.57764 5.35489 5.00955 4.06152 4.06152 4.06152 4.06152 4.06152 4.06152 4.06152 4.06152 4.09089 4.80940 4.81592 4.79718 4.71650 4.73777 4.76888 4.93200 4.83119 4.72726 4.66675 4.65086 4.63497 4.61919 4.60330
5.23743 5.12302 5.00854 4.89073 4.70095 4.48368 4.26633 4.06274 4.00751 3.72014 3.70718 3.70718 3.70775 3.72838 3.75890 3.95480 4.30600 4.64035 4.68694 4.83009 5.84511 5.67811 5.45189 5.45189 5.43421 5.12256 5.11500 5.11500 5.11500 5.06215 4.60198 4.59409 4.59409 4.60586 4.65870 4.66983 4.68859 4.65143 4.49042 5.14705 5.14527 5.19343 5.17758 5.14520 3.99422 3.84938 3.83043 3.81148 3.79235 3.77344 3.75442 3.73544 3.71652 4.33125 4.54763 4.55466 4.50805 4.54154 4.54810 4.53066 4.52188 4.49112 4.47956 4.46713 4.45468 4.44224 4.42980
4.73108 4.51372 4.29645 4.08422 4.01725 4.01725 4.01397 3.96457 3.90036 3.79771 3.82682 3.85734 3.88730 3.89720 3.89720 3.96789 4.39809 4.59635 4.70966 4.70285 5.56109 5.79303 5.44010 5.43565 5.43244 5.17918 5.08914 5.08594 5.08273 5.14064 4.82198 4.69066 4.70027 4.69793 4.65405 4.65250 4.65250 4.53816 4.39238 4.85423 4.93634 5.00361 5.01276 5.01276 4.30045 3.70865 3.70865 3.70865 3.70865 3.70865 3.70865 3.71417 3.72468 4.11813 4.57152 4.56331 4.51239 4.50577 4.49404 4.47207 4.44796 4.41734 4.41268 4.41268 4.40899 4.37154 4.32614
4.01417 3.96499 3.90036 3.83435 3.74858 3.65781 3.57027 3.52883 3.50219 3.58350 3.71432 3.68776 3.66111 3.63447 3.60787 3.58354 3.93580 4.02646 4.48846 4.64125 5.10522 5.78829 5.46104 5.39919 5.41553 5.37095 5.27017 5.28596 5.29982 5.25326 4.98523 4.65250 4.65250 4.65250 4.65250 4.65250 4.65250 4.61100 4.39935 4.72999 4.93627 4.98201 5.01276 5.01276 4.72997 3.70865 3.70970 3.73138 3.76360 3.79195 3.82030 3.84317 3.86100 3.96732 4.49995 4.50132 4.49579 4.44513 4.46294 4.46005 4.40849 4.34490 4.28956 4.24407 4.20235 4.19430 4.18800
3.33671 3.29491 3.26830 3.24355 3.23831 3.23831 3.23831 3.23831 3.23755 3.26630 3.49759 3.49551 3.49304 3.49057 3.48809 3.48561 3.76152 3.91196 4.36779 4.64131 4.81107 6.00176 5.86596 5.68767 5.68603 5.53561 5.18613 5.18509 5.18509 5.18509 5.16508 4.68062 4.65250 4.65250 4.65250 4.65250 4.65250 4.65003 4.44021 4.60587 4.94561 4.99072 5.05782 5.07312 5.08487 3.98780 3.86269 3.86938 3.86550 3.86549 3.86549 3.86549 3.86549 3.86572 4.41923 4.45299 4.34590 4.28847 4.30323 4.25874 4.22866 4.20697 4.17180 4.14975 4.12602 4.10034 4.08158
3.22108 3.21861 3.21613 3.21365 3.21117 3.20870 3.20623 3.20376 3.20205 3.20200 3.42096 3.46734 3.46734 3.46734 3.46734 3.46960 3.67474 3.95813 4.39985 4.92868 4.69698 5.61581 5.82754 5.52198 5.52198 5.52171 5.22642 5.18509 5.18509 5.18509 5.18509 4.84149 4.65250 4.65180 4.63932 4.62385 4.60957 4.59524 4.49957 4.56051 5.00646 5.00482 5.01682 5.06269 5.14346 4.47673 3.86549 3.86549 3.86549 3.86549 3.84070 3.72116 3.59259 3.46372 3.74476 4.00011 3.99779 4.04820 4.20800 4.18667 4.15470 4.10996 4.08100 4.08100 4.08100 4.08100 4.08100
3.20200 3.20200 3.20200 3.20200 3.20200 3.20200 3.20200 3.20200 3.20200 3.20200 3.34387 3.47486 3.49580 3.51696 3.48390 3.21907 2.94836 2.73942 2.67743 3.81463 3.83983 4.53269 5.47764 5.19277 5.16183 5.14701 4.95988 4.82574 4.80785 4.79141 4.77573 4.65411 4.34898 4.33820 4.33684 4.33775 4.33925 4.34627 4.32198 4.29389 4.72925 4.76162 4.77332 4.85892 5.14346 4.76595 3.76363 3.63470 3.50613 3.37727 3.27318 3.26386 3.26386 3.26386 3.45553 3.88755 3.85445 3.85776 4.12840 4.14130 4.14031 4.11517 4.08259 4.08100 4.08115 4.09164 4.10832
3.20200 3.20200 3.20200 3.20200 3.20200 3.20200 3.20253 3.21731 3.23850 3.25966 3.31115 3.26358 2.92017 2.52313 2.19202 2.15726 2.17484 2.32283 2.40885 3.52072 3.70408 3.84505 5.21847 5.00844 4.83681 4.75244 4.67979 4.72695 4.72877 4.72911 4.72911 4.72738 4.38389 4.34366 4.35119 4.35873 4.36475 4.36526 4.36173 4.29189 4.62538 4.59703 4.24377 3.87686 3.61346 3.29635 3.26386 3.26386 3.26386 3.26386 3.26386 3.26386 3.26386 3.26386 3.29522 3.83594 3.84780 3.84780 4.05075 4.12732 4.10108 4.06219 4.05099 4.06121 4.06587 4.06002 4.04817
3.20200 3.20200 3.20586 3.22536 3.24654 3.26772 3.26992 3.02777 2.66644 2.27450 1.92873 2.13812 2.15233 2.15199 2.15828 2.24195 2.33554 2.50968 2.56666 3.20606 3.63540 3.56513 4.44136 4.71007 4.50602 4.50602 4.51575 4.72267 4.72911 4.72911 4.72911 4.72911 4.53116 4.36526 4.36526 4.36526 4.34702 4.10408 3.68705 3.25012 3.08165 3.10466 3.08597 3.07930 3.13486 3.12683 3.10073 3.07468 3.04844 3.02234 2.99634 2.97005 2.94395 2.91796 2.89166 3.30528 3.42351 3.39543 3.47355 3.62714 3.61462 3.62790 3.79242 3.88299 3.80892 3.68846 3.54370
3.25460 3.27577 3.28587 3.06789 2.70178 2.31956 1.95678 1.88191 1.90508 2.00803 2.09025 2.26362 2.32626 2.33483 2.33796 2.27817 2.24137 2.33406 2.42548 2.73487 3.49050 3.49050 3.97442 4.80142 4.52041 4.53913 4.56014 4.75004 4.83753 4.86247 4.88786 4.91376 4.78335 4.18213 3.73891 3.24831 2.72191 2.48278 2.48229 2.51401 2.63608 2.72440 2.72443 2.74068 2.76171 2.77516 2.77516 2.77516 2.77516 2.77516 2.77516 2.77516 2.77516 2.77494 2.76656 3.02984 3.32197 3.23270 3.15966 3.25218 3.09111 2.91786 2.88911 2.89278 2.81721 2.79807 2.79807
2.73528 2.36269 2.01111 1.98846 2.05332 2.09530 2.13485 2.17247 2.28619 2.29884 2.29861 2.30051 2.29236 2.30890 2.32587 2.34327 2.36227 2.49982 2.69117 2.73548 3.62609 3.68979 3.76575 5.20604 4.98071 4.90235 4.90235 4.99208 4.97912 4.64178 4.07391 3.43890 2.84926 2.50266 2.51428 2.53997 2.56297 2.48940 2.48137 2.48459 2.60087 2.72265 2.72440 2.73550 2.75497 2.77516 2.77516 2.77516 2.77516 2.77516 2.76297 2.73460 2.71393 2.69325 2.68019 2.67123 2.46938 2.41686 2.41864 2.42464 2.44510 2.44510 2.52154 2.87345 2.98379 3.09327 3.20286
