OMI_NO2_yc_0.0167deg/OMI_NO2_yc_0.0167deg/OMI_NO2_200612.asc
ncols      200
nrows      200
xllcorner       110.913
yllcorner       33.7933
cellsize     0.0166667
NODATA_Value      -999.000
[rows 116 to 144 of 165, columns 67 to 133 of 200]
14.0366 12.8445 12.9291 13.1602 13.1389 13.1254 13.1346 12.7042 12.9831 13.0134 13.6261 13.7479 13.6961 13.4204 13.1618 12.9417 12.7151 12.6757 13.0767 14.8937 21.8608 22.5323 22.9438 23.7978 23.6414 23.8306 25.0541 25.8070 25.7817 25.7276 25.6736 25.6238 25.6401 25.6412 25.6412 25.6412 25.9331 26.2615 26.0519 29.6806 31.8562 31.5697 31.0162 30.1113 30.1109 30.1109 30.1109 30.1108 30.0281 30.2784 30.3778 30.2227 30.0721 30.0275 30.3421 32.3337 32.7334 31.2971 31.4859 29.8529 26.9712 23.5423 22.8300 22.3877 22.1486 22.0135 21.8778
14.1004 13.0652 12.8315 13.2495 13.2495 13.2495 13.2881 13.0966 12.9719 12.8795 13.0642 13.1299 12.9508 13.0193 13.0669 13.0669 13.0669 13.0669 13.2655 14.0839 21.5877 24.0075 24.1443 24.7785 24.3143 24.1062 24.5816 25.6700 25.6412 25.6367 25.5793 25.5067 25.4341 25.3615 25.2890 25.2164 25.2796 25.9411 25.6629 27.2898 31.0098 31.1323 31.1007 30.1021 29.9156 29.7607 29.6056 29.4506 29.3784 29.5592 30.0533 29.9862 28.1577 25.6636 23.0162 22.1190 20.4305 20.4295 20.9710 21.0832 21.6026 21.6026 21.6026 21.6026 21.6026 21.5880 21.5303
14.3704 13.7729 13.1561 13.7753 13.5455 13.2831 12.9676 12.4397 11.9990 12.3462 12.5591 13.0669 13.0626 13.0075 12.9356 12.8607 12.7826 12.7011 12.6853 13.2106 18.8697 24.3227 24.1819 24.3306 24.0519 23.6402 23.7072 25.2438 25.2497 25.1832 25.1696 25.1713 25.1729 25.1745 25.1761 25.1776 25.1790 25.8931 25.7393 26.1098 30.1377 30.6584 30.5723 29.7879 29.5925 29.6633 29.7112 28.2550 25.7757 23.1490 20.9877 18.0400 17.0307 16.7351 16.4409 17.5058 19.3053 19.4659 20.1418 20.3406 21.0842 21.0240 20.9635 20.9029 20.8424 20.7965 20.7937
14.5057 13.7922 12.1700 12.3621 12.4335 12.4335 12.4335 12.4302 11.8726 12.0583 12.0000 12.6479 12.5847 12.5624 12.5403 12.5067 12.3509 12.0934 11.8150 12.2233 14.3883 23.4402 23.5685 23.5773 23.9719 23.3556 23.3556 24.6973 25.1780 25.1780 25.1780 25.1780 25.1780 25.1771 25.1964 25.2259 25.2564 25.8451 25.9964 25.8296 28.8007 31.1971 30.0071 26.7889 23.8234 20.9886 17.9926 16.7113 16.5129 16.3146 16.3518 16.3456 16.3581 16.3592 16.3592 17.0064 19.2645 19.0872 19.4421 19.8857 20.6617 20.7937 20.7937 20.7937 20.7937 20.7937 20.7937
13.6186 13.3382 12.1872 12.1852 12.3940 12.3697 12.3454 12.3211 11.8686 11.5816 11.5323 12.0335 11.9954 11.7211 11.4662 11.2222 11.1004 11.0667 11.0363 11.5642 12.6018 21.0563 23.3830 23.3564 23.8748 23.4138 23.3810 24.1420 25.1564 25.2033 25.2845 25.3685 25.4555 25.5442 25.6073 25.6596 25.7121 25.7649 24.3959 21.9203 20.3300 17.8540 15.7159 15.8482 16.5586 16.3426 16.1263 16.0239 16.0239 16.0239 16.1091 16.3592 16.3592 16.3592 16.3592 16.5176 18.9436 19.1946 19.1547 19.8857 20.3739 20.5060 20.2557 20.0053 19.7550 19.4965 19.1523
13.0583 12.7905 12.0595 11.4683 11.9368 11.6566 11.3783 11.0928 10.6825 10.4087 10.1501 10.3626 10.7191 10.6887 10.6585 10.6281 10.5980 10.5889 10.5650 10.8652 11.6079 17.9035 23.4147 23.4763 23.9686 24.1301 23.9716 24.3130 25.7486 25.8929 25.8930 25.8930 25.8122 24.4108 22.4565 20.3651 18.1326 16.4235 17.0837 16.1274 15.9611 15.1398 14.7448 14.6680 15.9521 16.0239 16.0239 16.0239 16.0239 16.0239 16.0268 16.3273 16.3592 16.3311 16.2107 16.0837 17.5767 18.2336 17.6648 18.1994 18.4171 18.9141 18.7987 18.6833 18.5678 18.4607 18.4390
10.0152 9.30512 8.48425 7.94799 10.0490 9.84884 9.68676 9.50630 9.43225 9.60824 9.52992 9.64431 10.3688 10.3365 10.3040 10.2716 10.2392 10.1998 10.1912 10.2969 11.1200 14.6157 23.6843 23.8636 24.0440 24.6266 24.1597 24.2127 24.6424 23.1406 21.0976 18.9155 16.6875 16.0924 16.0795 15.9004 15.6121 15.3033 16.0259 15.1807 15.0356 14.6897 14.6472 14.6472 15.6474 16.0239 16.0054 15.8917 15.7645 15.6374 15.5101 15.5769 15.5913 15.4923 15.4853 15.4811 15.9762 17.2328 16.5854 17.0764 17.6313 18.4344 18.4390 18.4390 18.4390 18.4209 18.3277
7.30837 7.15602 6.89671 6.68069 8.86894 8.89313 8.81011 8.75372 8.72114 8.90525 8.97084 8.98573 10.1118 10.1912 10.1912 10.1718 10.0911 10.0059 9.92065 9.83675 10.6004 12.6067 21.7326 23.5845 22.0208 20.6512 18.6368 16.6432 15.3851 16.0466 15.9498 15.6745 15.3486 15.0041 14.6546 14.4888 14.4720 14.4720 15.3320 15.1372 14.7497 14.4988 14.2028 14.0501 14.6067 15.2721 15.1635 15.1500 15.1500 15.1500 15.1500 15.1148 15.1417 14.9241 14.7082 14.4966 14.6524 15.9730 15.5391 15.6933 16.6935 17.3380 17.3976 17.2558 17.1020 16.9663 16.9053
6.82196 6.80029 6.68140 6.52979 8.01246 8.71255 8.70616 8.70616 8.70616 8.82867 8.96946 8.91290 9.65728 9.96329 9.87805 9.81225 9.80776 9.80776 9.80776 9.80776 10.3747 11.5710 15.6363 15.3680 15.2095 14.9334 15.1392 15.0971 14.7536 14.7179 14.5108 14.4720 14.4720 14.4500 14.4042 14.3585 14.3127 14.2670 14.7701 15.1010 14.4015 14.0977 13.6389 13.6564 13.9692 15.2274 15.1662 14.9546 14.7386 14.5227 14.3068 14.2087 14.5184 14.5554 14.5545 14.5517 14.5672 15.2317 14.9397 14.7122 15.9599 16.5203 16.8467 16.8349 16.8348 16.8348 16.8348
6.80117 6.80117 6.73638 6.61228 7.39414 8.77446 8.68645 8.60562 8.52042 8.48108 8.61604 8.58740 9.08982 9.80776 9.80776 9.80776 9.80776 9.80776 9.80776 9.80776 10.1491 11.1609 13.9782 15.2241 15.2395 14.9606 15.0138 14.9812 14.8126 14.3290 14.3061 14.2727 14.2393 14.2279 14.2403 14.2526 14.2650 14.2773 14.5396 15.5462 14.6125 14.5128 13.5032 13.2266 12.9542 14.2357 14.2210 14.2140 14.2113 14.2085 14.2057 14.2029 14.3892 14.5326 14.5093 14.4643 14.4192 14.8855 14.8690 14.6315 15.5259 16.3804 16.9983 17.0268 17.0552 17.0836 17.1120
6.80117 6.79887 6.66428 6.49674 6.63305 8.53557 8.32709 8.32272 8.32272 8.32309 8.55639 8.58740 8.76312 9.80776 9.80776 9.80776 9.80776 9.80933 9.83169 9.87099 10.0261 10.8770 13.1033 15.3227 15.3312 15.0640 14.8262 14.8747 14.8704 14.3202 14.3092 14.3092 14.3092 14.3092 14.3092 14.3092 14.2977 14.1739 14.0623 15.1177 14.2449 14.1873 14.1077 14.2802 14.5101 14.3618 14.1923 14.1906 14.1889 14.1871 14.1808 14.1715 14.2165 14.3482 14.3229 14.3212 14.3195 14.6395 14.9760 14.9351 15.3438 16.4220 17.2039 17.2166 17.2166 17.2166 17.2166
6.18966 5.99004 5.92706 6.28201 6.07377 8.43169 8.33341 8.33300 8.35943 8.38588 8.56986 8.70359 8.73040 9.82586 10.0045 10.0433 10.0847 10.1245 10.1436 10.1456 10.1454 10.7892 12.1272 15.0253 15.1730 15.0451 14.5540 14.8875 14.8797 14.6450 14.8337 15.0793 15.1583 14.9921 14.8009 14.6169 14.4504 14.3854 14.3258 15.0518 15.0536 14.8948 14.9539 14.6718 14.6702 14.4820 14.1690 14.1615 14.1539 14.1464 14.1435 14.1435 14.1441 14.2973 14.3188 14.3188 14.3188 14.4349 14.9933 14.9417 14.9704 16.2908 17.0327 17.2100 17.0379 16.7935 16.5492
5.70302 5.64162 5.58022 5.93238 6.32911 8.08326 8.61178 8.39250 8.21998 8.04368 7.96092 8.02772 7.87437 8.51171 8.87344 8.71027 8.54116 8.36848 8.19212 8.01255 7.80176 7.97096 8.91880 11.7010 12.9661 12.7854 13.2719 13.9092 13.3896 13.9796 14.6519 14.2656 14.0094 13.9787 13.9787 13.9787 13.9787 13.9787 13.9787 14.4915 15.0231 14.8838 15.0446 14.6559 14.6484 14.5829 14.1437 14.1435 14.1435 14.1435 14.1435 14.1435 14.1435 14.2391 14.3188 14.3188 14.3053 14.0643 14.4434 14.2579 13.9959 14.6856 15.3865 15.5397 15.2939 15.0694 14.8451
5.29824 5.29216 5.27975 5.45914 6.48181 5.95352 5.75106 5.57494 5.59227 5.61002 5.64455 6.03433 6.11263 6.64847 7.17403 6.99218 6.80413 6.60607 6.39864 6.17979 5.99120 6.41176 7.26437 8.85423 11.1805 10.7781 10.6260 11.6489 11.6102 12.1379 13.9651 13.9786 13.9787 13.9787 13.9787 13.9787 13.9787 13.9779 13.9715 14.2036 15.0534 14.8550 15.0726 14.6813 14.6388 14.6388 14.2152 14.1435 14.1435 14.1400 13.9341 13.6114 13.2887 13.0022 12.8186 12.4961 12.1870 12.1054 12.7849 13.1125 12.9202 13.1786 14.0083 14.4156 14.3649 14.3649 14.3649
5.24773 5.23524 5.21659 5.19202 6.31536 6.20139 6.23993 6.35394 6.53362 6.71883 6.90415 7.36279 7.58863 7.50070 6.04809 6.03453 6.03453 6.03453 6.03543 6.03892 6.04257 6.18633 7.11370 7.82722 9.85380 9.99884 9.99932 11.4002 11.6102 11.6305 13.8092 13.9750 13.9787 13.9775 13.9707 13.9632 13.9556 13.9488 13.9476 13.9671 15.0162 14.8818 14.9123 14.7730 14.1518 13.8296 13.2127 12.6884 12.3662 12.0470 11.9301 11.9301 11.9301 11.9306 12.0004 11.8598 11.6959 11.4722 11.5707 12.4327 12.3866 12.4332 13.4788 14.2948 14.3138 14.2944 14.2102
5.35414 5.43184 5.52244 5.62925 6.55311 7.14834 7.27963 7.23758 7.20783 7.20783 7.20783 7.38380 7.60622 7.60630 6.39434 6.04080 6.04446 6.04812 6.05088 6.05105 6.05105 6.05135 6.96206 7.64282 9.18397 9.99884 9.99884 10.9403 11.6102 11.6007 13.2149 13.9066 13.9548 13.9484 13.9476 13.9476 13.9005 13.6892 13.4639 13.2385 13.8285 13.7747 13.4681 13.0244 12.4220 12.3337 12.0434 11.5874 11.4619 11.2832 10.9969 10.7077 10.4182 10.1291 10.0154 9.97134 9.84583 9.78015 9.77509 12.0185 11.8873 11.6836 12.2060 13.2633 13.4571 13.3054 13.2187
5.77701 5.77701 5.77701 5.77701 6.20441 7.14564 7.25072 7.26307 7.20783 7.20865 7.21158 7.27587 7.61607 7.61905 6.85328 6.05105 6.05105 6.05105 6.05105 6.05105 6.05105 6.05105 6.70849 7.46727 8.46576 9.98996 9.93981 10.3684 11.4414 11.3852 12.2578 13.3947 13.3178 13.0567 12.7341 12.4107 12.1343 12.0223 11.9245 11.8265 12.1438 12.3632 12.1035 11.9172 10.9191 10.7056 10.5033 9.88613 9.71883 9.54524 9.37164 9.19951 9.02692 8.85464 8.71693 8.68550 8.51338 8.29642 8.13239 9.96846 10.5165 10.4411 10.8734 12.3599 13.2057 13.2136 13.2215
5.77701 5.77701 5.77701 5.77701 5.85278 7.11435 7.21873 7.28872 7.22746 7.22148 7.22159 7.22167 7.56656 7.61999 7.25750 6.05105 6.05105 6.05105 6.05105 6.05105 6.05105 6.04265 6.36703 6.96253 7.29881 9.10299 9.03145 8.90660 9.13119 8.75954 9.02744 11.3351 11.3610 11.3430 11.3423 11.3423 11.3423 11.3423 11.3423 11.3235 11.0935 10.7766 9.69684 8.79880 8.43235 8.20550 7.81611 8.16815 8.19949 8.08509 8.06678 8.04968 8.03193 7.98676 7.92777 7.91692 7.81440 7.75533 7.73827 8.97093 10.3917 10.5434 10.6353 12.0165 13.2889 13.2889 13.2889
5.76758 5.71978 5.66798 5.61612 5.56569 6.73445 7.19669 7.29457 7.25470 7.22159 7.22159 7.22450 7.46541 7.64454 7.61394 6.17311 6.11950 6.08591 5.98984 5.88755 5.78556 5.69192 5.56505 5.18796 5.84630 7.30282 8.06247 8.06247 8.21068 8.26509 8.26509 10.8573 11.1237 10.8420 10.4523 9.84554 8.95383 8.04468 7.07575 6.11832 5.55866 6.04806 6.07008 6.08337 6.29533 6.67448 6.65738 7.33640 7.89006 7.84651 7.80390 7.76176 7.72044 7.70624 7.70624 7.69687 7.68755 7.68755 7.68755 8.26497 10.3200 10.5446 10.5446 11.4145 13.2104 13.2889 13.2889
5.55455 5.55349 5.55953 5.56557 5.57161 6.30902 7.22528 7.36972 7.36634 7.31881 7.32776 7.34001 7.66497 8.13932 8.34590 7.62991 7.46899 7.75203 8.08795 8.42063 8.74654 9.06536 9.37684 9.33206 10.1178 11.1811 12.6360 12.2097 8.40474 8.51631 8.43667 7.48191 6.33581 5.89080 5.30821 4.93997 4.85632 4.79000 4.78430 4.78430 4.78430 5.30558 5.80626 5.98585 6.01881 6.56363 6.53060 6.85405 7.71677 7.70624 7.70624 7.70624 7.70624 7.70624 7.70624 7.70317 7.68755 7.68755 7.68755 7.74800 10.0702 10.3526 10.2520 10.6175 12.2865 12.6323 12.5036
5.51640 5.49680 5.47412 5.45146 5.42539 5.69524 6.96310 10.2698 10.9851 11.1507 11.3292 11.5064 11.5216 11.6353 11.6366 11.3603 10.9657 10.9632 10.9611 10.9589 10.9571 10.9551 10.9533 10.7408 10.7099 10.7728 11.8811 11.4831 7.00050 6.22937 5.81224 5.37341 4.61810 4.73778 4.78430 4.78430 4.78430 4.78430 4.78430 4.78430 4.77874 5.09447 5.59815 5.85885 5.81143 6.27262 6.43760 6.49824 7.68036 7.70624 7.70624 7.70624 7.70624 7.69591 7.66101 7.62498 7.57347 7.53438 7.49834 7.46240 8.87354 9.59343 9.60116 9.61493 10.9913 11.6812 11.4898
5.24216 5.22694 5.21173 5.19649 5.18465 5.22843 6.48987 9.88962 11.4132 11.3061 11.2357 11.1854 11.1212 11.1407 11.0931 10.9564 10.7023 10.6615 10.6212 10.5813 10.5408 10.4664 10.3043 10.0168 9.70523 9.61540 9.65385 9.67022 6.73478 5.40156 5.41784 5.67063 4.62383 4.68101 4.78430 4.78430 4.77606 4.73687 4.69471 4.65263 4.61605 4.79554 5.38653 5.81266 5.81026 6.06526 6.43094 6.39771 7.33426 7.59440 7.55841 7.52242 7.48646 7.46077 7.45974 7.45974 7.45057 7.38495 7.26778 7.15055 7.96715 9.00129 9.03816 8.94663 9.73541 11.0852 10.9934
5.09774 5.00409 4.93063 4.84256 4.75454 4.44848 5.23253 7.60975 9.97372 9.93420 9.87946 9.84625 9.82326 9.88220 9.96228 9.96093 9.75146 9.64830 9.53129 9.41476 9.29775 9.21325 9.20930 9.16445 8.93718 9.02093 9.07550 9.17177 7.36641 5.13098 5.18914 5.68810 4.85939 4.77914 4.70306 4.64792 4.61406 4.61112 4.61112 4.60585 4.50901 4.40865 4.92904 5.27845 5.19025 5.54904 6.19072 6.19110 6.83265 7.45330 7.42547 7.39603 7.33022 7.18622 7.03959 6.89296 6.74305 6.63699 6.60755 6.57814 6.74775 7.69371 7.85495 7.80034 8.14705 9.90383 10.0167
4.72001 4.65226 4.63764 4.63764 4.63764 4.41353 4.73952 6.51145 9.84815 9.84815 9.82749 9.82285 9.78877 9.69450 9.69787 9.58123 9.31989 9.20930 9.20930 9.20930 9.20930 9.20930 9.20930 9.20852 8.95524 9.00514 9.03050 9.16813 8.31152 5.23596 5.47966 6.10461 5.80004 5.12688 4.57179 4.29625 4.16609 4.03497 3.89795 3.76533 3.72433 3.71655 4.16142 4.59792 4.73189 5.02462 5.77490 5.86425 6.03811 6.85549 6.73664 6.61942 6.53822 6.50271 6.44814 6.39362 6.33920 6.26898 6.21144 6.15752 6.20744 7.21307 7.72987 7.86955 8.06917 9.44004 9.80466
4.65342 4.63764 4.63764 4.63764 4.63764 4.49161 4.51369 5.54719 9.57904 9.64095 9.51220 9.38207 9.29925 9.29604 9.41458 9.43546 9.34805 9.20930 9.20930 9.20930 9.20930 9.20930 9.20930 9.20930 9.07144 9.24768 9.53986 9.87027 9.92566 5.46628 5.20597 5.34212 5.16907 4.08865 3.92126 3.67467 3.66689 3.66023 3.65941 3.65941 3.65941 3.65941 3.88422 4.28482 4.57238 4.79656 5.43605 5.58466 5.70298 6.23956 6.18428 6.12967 6.07559 6.05300 6.02356 5.97941 5.90833 5.96070 6.19301 6.27566 6.28342 6.93278 7.53841 7.59354 7.56011 8.61709 9.36015
4.66013 4.63770 4.63764 4.65553 4.73372 4.74964 4.55433 5.28447 8.24222 9.32133 9.31816 9.29615 9.29604 9.29604 9.37452 9.42360 9.32479 9.04555 8.96539 8.88533 8.80790 8.82622 8.85852 8.89313 9.04204 9.21843 9.56867 9.63892 9.74377 6.14062 4.86524 4.94747 5.36743 4.08027 4.02799 3.67198 3.71877 3.81468 3.90049 3.97325 4.04600 4.11713 4.28249 4.72575 5.15866 5.13553 5.67268 5.82008 5.77748 5.72055 5.67217 5.62666 5.55294 5.47310 5.42184 5.38536 5.37568 5.48594 6.04773 6.04773 6.04773 6.44677 7.32157 7.49602 7.49602 8.06809 9.35765
4.78947 4.85291 4.93105 4.99625 5.00115 5.00606 4.63449 5.06780 7.00987 8.95681 8.87683 8.77727 8.69174 8.60927 8.51220 8.47081 8.40407 8.22166 8.04114 7.88538 7.72218 7.46933 7.20525 6.94159 6.76375 6.91714 6.75306 6.47110 6.29460 5.34920 4.78724 4.61255 5.04931 4.64266 4.62039 4.30534 4.13400 4.06789 4.01182 3.96890 3.92598 3.88446 3.89830 4.29468 4.73813 4.76611 5.18243 5.51411 5.51389 5.46668 5.41785 5.38274 5.37568 5.37568 5.37568 5.37568 5.37568 5.37568 5.93173 6.04773 6.04773 6.19473 7.19935 7.48691 7.40269 7.46262 8.95366
5.11887 5.12386 5.13874 5.16710 5.19551 5.21647 4.89555 4.67197 5.05289 6.05437 5.72579 5.40253 5.10824 4.90704 4.77141 4.88626 4.71472 4.41468 4.31619 4.31364 4.27664 4.22854 4.18069 4.13272 4.08704 4.49322 4.32621 4.04170 4.12126 4.13465 4.08394 3.88319 4.20730 4.28873 4.30744 4.14565 3.87301 3.87301 3.87301 3.87301 3.87301 3.87301 3.87301 4.20529 4.58658 4.68617 4.89782 5.30645 5.39563 5.39167 5.37568 5.37568 5.37568 5.37568 5.37568 5.37568 5.37028 5.31462 5.57445 5.84982 5.84796 5.83889 6.42838 6.78729 6.77938 6.79484 8.12868
5.34821 5.33508 5.23135 5.13574 5.04007 4.94445 4.63299 4.31456 4.04007 3.70570 3.88885 3.85719 4.10346 3.94963 3.78393 3.82560 3.74773 3.70508 3.95566 3.91040 3.89936 3.89988 3.90078 3.90166 3.88911 4.18128 4.18144 3.75857 3.83877 4.01551 4.06148 3.87345 3.99738 4.07465 4.09325 4.06521 3.71965 3.69657 3.68815 3.67160 3.63029 3.58802 3.54606 3.72348 4.07491 4.29082 4.35462 4.82961 4.95421 4.94065 4.88033 4.82183 4.76433 4.70761 4.65126 4.59521 4.54410 4.53337 4.62225 5.11752 5.67283 5.71299 6.21190 6.75580 6.85001 6.85595 7.59125
