OMI_NO2_yc_0.0167deg/OMI_NO2_yc_0.0167deg/OMI_NO2_2005_01-12.asc
ncols      200
nrows      200
xllcorner       110.913
yllcorner       33.7933
cellsize     0.0166667
NODATA_Value      -999.000
[rows 29 to 57 of 164, columns 67 to 133 of 200]
4.06945 4.01426 4.06989 4.03005 3.92469 3.89375 3.97571 3.87007 3.88314 4.02095 4.09363 4.14985 4.15017 4.11283 4.18007 4.07532 4.10366 4.11515 4.13109 3.99196 4.08044 4.01856 4.08964 4.10825 4.12343 4.13837 4.22951 4.22325 4.18749 4.21352 4.32756 4.37831 4.84461 5.41301 5.57777 5.70246 5.73983 5.88831 5.87286 5.86930 5.71433 5.74807 5.85073 5.78283 5.76361 5.72789 5.74190 5.91726 5.97034 6.10183 5.93576 6.08066 6.20942 6.41330 6.52662 6.59976 6.59985 6.54419 6.67571 6.88302 7.32063 7.47347 7.53990 7.81024 8.35058 8.41818 8.59779
4.19121 4.16551 4.21730 4.21590 4.07928 3.98700 4.02610 3.94356 3.95771 4.00493 4.07445 4.11693 4.12135 4.17065 4.19450 4.07458 4.15671 4.17243 4.14706 4.03282 4.10482 4.07041 4.16871 4.18843 4.24642 4.29294 4.39473 4.49017 4.46688 4.45189 4.47613 4.51658 4.65450 5.06959 5.21559 5.33323 5.37911 5.50084 5.49413 5.51273 5.42329 5.36325 5.44007 5.41289 5.45892 5.45755 5.50461 5.67756 5.80264 5.93034 5.84062 5.93951 6.08692 6.27729 6.40215 6.51306 6.54622 6.48196 6.59295 6.81754 7.28531 7.48964 7.63151 7.82244 8.37547 8.56346 8.73096
4.22854 4.07470 4.03417 4.06431 3.97526 3.87582 3.92742 3.88996 3.91282 3.94893 4.04775 4.15083 4.18081 4.18490 4.12184 3.98537 4.06546 4.06338 4.06753 4.05748 4.12079 4.10514 4.22727 4.22515 4.26556 4.27995 4.34994 4.48281 4.49354 4.46757 4.46615 4.47171 4.52222 4.84537 5.12603 5.24652 5.28541 5.43822 5.55524 5.59926 5.55145 5.48501 5.56309 5.56589 5.58987 5.57045 5.58837 5.69972 5.85623 5.94855 5.92388 5.90067 6.06867 6.28557 6.44602 6.57782 6.63410 6.61138 6.60755 6.84566 7.32717 7.60780 7.84432 7.99776 8.40013 8.66492 8.78786
4.21742 4.14265 4.03407 4.09882 4.07929 3.94076 3.94249 3.98338 3.99563 4.05139 4.03281 4.12118 4.15251 4.09965 4.07426 3.94792 4.08705 4.06160 4.08133 4.15502 4.22131 4.25477 4.33497 4.32271 4.34332 4.39284 4.40822 4.56493 4.57985 4.53997 4.59020 4.51319 4.51823 4.81684 5.16931 5.25694 5.25405 5.38947 5.50398 5.61619 5.62096 5.55649 5.62259 5.64053 5.63278 5.61827 5.63612 5.68607 5.87332 6.00413 6.03363 5.87606 6.10195 6.37386 6.52867 6.67144 6.73869 6.76597 6.69415 6.99392 7.36832 7.68096 7.90821 8.05011 8.23628 8.51822 8.78996
4.27546 4.22788 4.11278 4.15988 4.20869 4.05015 4.00460 4.07705 4.07152 4.16745 4.11171 4.14027 4.18702 4.14538 4.20590 4.05031 4.22120 4.26593 4.22818 4.25746 4.38568 4.38138 4.41587 4.40322 4.37554 4.37201 4.35891 4.46717 4.51156 4.48459 4.54035 4.45628 4.49556 4.67614 5.09255 5.16697 5.29884 5.43145 5.53177 5.67002 5.63326 5.56828 5.58833 5.60619 5.60593 5.60709 5.62460 5.64945 5.78883 5.91487 5.97624 6.01734 6.25482 6.48472 6.65502 6.79195 6.85037 6.90470 6.81128 6.96409 7.28747 7.65467 7.89403 8.14757 8.35155 8.81876 9.03634
4.28925 4.27779 4.23444 4.22018 4.22631 4.15462 4.13098 4.18678 4.17474 4.27374 4.20659 4.21044 4.29046 4.25858 4.25039 4.14048 4.29404 4.30263 4.29142 4.33730 4.45490 4.32218 4.31141 4.29902 4.26675 4.30960 4.32404 4.39290 4.56069 4.58282 4.59826 4.53928 4.66359 4.72257 5.10307 5.19842 5.33814 5.41066 5.51051 5.69811 5.70337 5.64355 5.62925 5.62303 5.60934 5.61171 5.61327 5.69570 5.84405 6.02201 6.16688 6.22272 6.37438 6.60812 6.80782 6.95534 7.06213 7.13793 7.03833 7.11030 7.41345 7.75771 8.07135 8.30116 8.60544 8.95867 9.27204
4.43630 4.44759 4.44752 4.42749 4.42556 4.37740 4.32296 4.40462 4.40008 4.39798 4.32482 4.31517 4.38477 4.33975 4.19184 4.12544 4.19025 4.17946 4.10790 4.10643 4.18146 4.18710 4.18397 4.22045 4.20912 4.23741 4.24777 4.28252 4.44990 4.50727 4.49735 4.43805 4.54246 4.61517 4.92549 5.08021 5.19767 5.26640 5.31896 5.52144 5.53960 5.49051 5.59796 5.61519 5.62919 5.70936 5.79390 5.86193 5.92906 6.11743 6.30164 6.35597 6.47221 6.78569 7.01703 7.15096 7.39892 7.51507 7.50368 7.54305 7.92916 8.29445 8.77782 8.93478 9.31227 9.55118 9.91174
4.37858 4.39130 4.40604 4.36480 4.39433 4.42028 4.38641 4.41287 4.37565 4.31310 4.23781 4.21682 4.22435 4.11000 3.97160 4.13661 4.14225 4.21292 4.25531 4.24832 4.27595 4.34776 4.29742 4.31265 4.30243 4.32151 4.32159 4.37383 4.50492 4.58714 4.63820 4.63000 4.70450 4.82220 4.94350 4.90733 5.05536 5.21579 5.27718 5.44442 5.57293 5.59827 5.71941 5.80516 5.82468 5.86621 5.89057 5.94651 5.98437 6.16459 6.38535 6.44915 6.54496 7.07999 7.48125 7.67733 7.89045 7.99018 7.99136 7.96630 8.21960 8.55985 9.04661 9.18502 9.55205 9.81200 10.2958
4.33407 4.28763 4.29615 4.24492 4.22845 4.22530 4.20292 4.26780 4.27960 4.23747 4.11914 4.10184 4.10256 4.02606 3.96314 4.17509 4.26894 4.30604 4.35888 4.35052 4.35720 4.42486 4.45469 4.44029 4.45430 4.47219 4.45794 4.52337 4.60064 4.70811 4.72574 4.71377 4.72872 4.85493 4.90700 4.95943 5.01000 5.27337 5.38604 5.56996 5.74927 5.67631 5.74660 5.77682 5.84586 5.94047 5.95170 6.06673 6.18161 6.34433 6.58729 6.72620 6.83802 7.33775 7.77343 7.96731 8.10053 8.32431 8.35829 8.25774 8.43518 8.79833 9.23426 9.46622 9.83796 10.2428 10.7611
4.16104 4.11315 4.14389 4.13105 4.16573 4.18336 4.21028 4.26859 4.26731 4.19609 4.17554 4.16333 4.17486 4.11941 4.10427 4.17368 4.41969 4.38978 4.48390 4.53174 4.59966 4.64005 4.64195 4.61712 4.62386 4.60301 4.58789 4.62306 4.65936 4.73071 4.82896 4.88797 4.89308 4.99132 4.99276 5.11718 5.11815 5.37849 5.52274 5.70955 5.94071 5.94381 5.93227 6.01411 6.06502 6.18131 6.22006 6.34863 6.42300 6.52956 6.69835 6.87535 6.92554 7.32961 8.00066 8.19044 8.23004 8.55902 8.74371 8.77777 8.85397 9.28852 9.60745 9.84995 10.1702 10.7232 11.1209
4.16505 4.09730 4.15572 4.08141 4.10176 4.10648 4.18037 4.27541 4.27199 4.24779 4.27178 4.23802 4.28372 4.26286 4.34597 4.45488 4.83549 4.84755 4.94946 4.95370 4.86503 4.80683 4.57466 4.55656 4.55549 4.61256 4.58405 4.62775 4.67056 4.70732 4.81506 4.89356 4.93729 5.00556 5.05227 5.11702 5.13451 5.29769 5.42463 5.54904 5.90881 6.00291 5.97449 6.10051 6.03105 6.03705 6.03026 6.09138 6.15787 6.24739 6.46002 6.70112 6.77016 7.07296 7.75468 8.13939 8.24422 8.67548 8.95173 9.00728 9.02148 9.39586 9.64005 10.1105 10.5857 11.1279 11.4454
4.20315 4.11940 4.19304 4.14358 4.17115 4.17944 4.34635 4.52564 4.58482 4.64302 4.73928 4.69351 4.76419 4.62908 4.58259 4.64175 4.89969 4.90254 4.87371 4.88834 4.83118 4.81750 4.61399 4.55785 4.50368 4.56691 4.53503 4.54686 4.57265 4.59663 4.71949 4.85132 4.92900 4.90133 5.00439 5.01491 5.13856 5.23330 5.38482 5.47566 5.82554 5.87346 5.81103 5.92939 5.87532 5.90546 5.98349 6.05200 6.12040 6.14059 6.31473 6.54437 6.69260 7.13400 7.82591 8.37415 8.62574 8.93316 9.26465 9.39547 9.31462 9.54163 9.82926 10.3156 10.8988 11.4845 11.9723
4.37177 4.26780 4.33961 4.33114 4.34526 4.34116 4.79113 4.96300 4.96823 4.94420 5.01309 4.83267 4.77872 4.67786 4.64008 4.67568 4.92030 5.05000 5.00065 4.92068 4.88226 4.84763 4.76286 4.58083 4.53277 4.57151 4.59476 4.63458 4.64823 4.66575 4.75688 4.94573 5.04810 4.93754 5.02769 5.01133 5.18140 5.30404 5.26662 5.34274 5.67875 5.84353 5.92229 6.05277 5.88411 5.81241 5.84793 5.83725 5.91147 5.99158 6.15140 6.36705 6.61202 6.98530 7.75642 8.34904 8.82571 9.03195 9.28211 9.48579 9.40790 9.58487 10.0260 10.5379 11.2497 11.6925 12.2783
4.71875 4.62103 4.71336 4.71181 4.76927 4.73781 4.99808 5.15302 5.11525 5.02653 5.09649 4.82256 4.69914 4.64018 4.56185 4.56690 4.70739 4.94799 4.90759 4.79994 4.78357 4.71836 4.74548 4.45572 4.41514 4.39330 4.42610 4.47185 4.52962 4.51468 4.56957 4.83607 4.94895 4.82840 4.92029 4.98076 5.13638 5.31352 5.36576 5.36946 5.59122 5.78861 5.84830 5.91364 5.86221 5.82428 5.92360 6.00035 6.05017 6.14317 6.27309 6.48230 6.78008 7.04570 7.73002 8.46237 9.02065 9.31323 9.71347 10.1102 9.99068 10.0894 10.3705 10.8204 11.6080 12.0657 12.8694
4.85854 4.72692 4.77896 4.77666 4.82193 4.78724 4.91845 5.16884 5.10647 5.05013 5.12931 4.85923 4.77185 4.67473 4.55124 4.48680 4.60513 4.82608 4.89243 4.75548 4.69889 4.67619 4.75272 4.51400 4.49070 4.46129 4.46863 4.46078 4.50016 4.47511 4.51326 4.74922 4.93081 4.88557 4.93987 5.01060 5.04368 5.17033 5.21900 5.18081 5.35167 5.73812 5.83996 5.94012 6.02604 5.97627 6.05010 6.15298 6.19727 6.22762 6.30634 6.51114 6.86793 7.20513 7.85330 8.70334 9.12026 9.42875 9.76696 10.2818 10.3860 10.4774 10.6731 11.2243 12.0074 12.6159 13.4828
5.06015 4.93720 4.90825 4.87851 4.89049 4.86978 4.92809 5.20588 5.10816 5.00075 5.09652 4.78316 4.72578 4.64044 4.56603 4.52765 4.60189 4.70596 4.82410 4.74074 4.66423 4.67133 4.68958 4.54020 4.40167 4.35084 4.36548 4.37876 4.40857 4.40411 4.46759 4.61023 4.83274 4.85205 4.85631 4.94369 5.00504 5.03097 5.14748 5.11347 5.31593 5.58329 5.75545 5.96293 6.02867 6.01739 6.03271 6.16504 6.25360 6.33089 6.50961 6.74712 6.97090 7.31624 7.75485 8.59036 9.01430 9.53058 9.83644 10.5426 10.9320 11.0340 11.1973 11.7181 12.3986 12.9746 13.7250
4.98606 4.88164 4.82687 4.82682 4.81171 4.79759 4.83692 5.06458 5.13222 5.00429 5.09777 4.89160 4.84271 4.73529 4.60367 4.52379 4.51706 4.54349 4.70820 4.64668 4.57169 4.58200 4.56687 4.50216 4.32305 4.32455 4.39498 4.40378 4.42674 4.42017 4.45260 4.49017 4.68659 4.75094 4.76466 4.82026 4.90998 5.01113 5.10444 5.11290 5.24526 5.40014 5.61966 5.88942 5.95764 6.07670 6.04861 6.20199 6.30509 6.30666 6.51438 6.79840 7.05614 7.51552 7.84202 8.91120 9.47309 9.96320 10.2207 10.9903 11.4824 11.6197 11.6336 12.0235 12.6463 13.2298 13.8723
5.03822 4.92705 4.88436 4.86054 4.90514 4.85140 4.89016 5.00820 5.20451 5.00653 5.03329 4.81554 4.76857 4.72551 4.57863 4.48507 4.42869 4.42694 4.54455 4.55134 4.49639 4.47759 4.50182 4.60328 4.39323 4.38735 4.40898 4.41193 4.39650 4.36915 4.37459 4.38706 4.54648 4.70074 4.79640 4.84224 4.93004 5.02871 5.11400 5.16141 5.24800 5.41515 5.62760 5.84630 5.91163 6.07210 6.04660 6.15349 6.32070 6.35864 6.52832 6.91831 7.22382 7.79752 8.09167 9.10666 9.76589 10.1266 10.3249 10.8812 11.4651 11.6925 11.6791 11.8792 12.5674 13.1274 13.7310
5.30849 5.13559 5.08287 5.00564 5.06258 4.97647 4.98597 4.87157 5.23939 5.00611 5.01334 4.75012 4.63867 4.58164 4.39124 4.29395 4.23218 4.31461 4.40492 4.47097 4.44986 4.43150 4.41226 4.50268 4.31909 4.22327 4.24798 4.29010 4.32018 4.37849 4.44755 4.48106 4.55701 4.74947 4.93499 4.94839 5.08483 5.22461 5.28690 5.37159 5.43268 5.58684 5.75525 5.94402 6.04088 6.20691 6.27331 6.37363 6.61323 6.70681 6.82351 7.19479 7.46029 7.97697 8.33219 8.97019 9.66305 10.0582 10.4171 10.8633 11.5895 12.0213 12.1086 12.1461 12.6864 13.2071 13.8315
5.33196 5.09135 4.97674 4.87196 5.00702 4.94468 4.95447 4.83796 5.03865 4.80295 4.80557 4.60682 4.54916 4.54166 4.44244 4.38581 4.27947 4.32310 4.42687 4.47586 4.48624 4.47546 4.46999 4.54548 4.49336 4.39836 4.44493 4.48641 4.52409 4.59899 4.70895 4.69578 4.75705 4.97944 5.16818 5.24216 5.35511 5.44780 5.53636 5.48996 5.53852 5.66795 5.87339 6.12389 6.26481 6.39555 6.58158 6.67747 6.84027 6.89354 6.91956 7.18837 7.52353 7.92932 8.47713 8.88946 9.62808 10.1756 10.6096 10.9925 11.5790 12.0055 12.1511 12.0914 12.5482 13.2333 13.9644
5.62381 5.28222 5.16545 5.12084 5.16271 5.11885 5.14414 4.94673 5.04495 4.81679 4.70348 4.53228 4.43196 4.42164 4.38001 4.33918 4.20119 4.17034 4.26945 4.30915 4.35922 4.37923 4.36762 4.42875 4.49784 4.37339 4.42917 4.46790 4.57909 4.69677 4.84961 4.77042 4.83902 4.97545 5.22960 5.34704 5.44893 5.52164 5.74687 5.68903 5.77638 6.01934 6.24536 6.44128 6.54470 6.67751 6.85979 6.85094 6.94586 7.04062 7.13586 7.33518 7.76156 8.08717 8.65394 8.96838 9.60143 10.1400 10.4345 10.7882 11.2474 11.6800 11.9370 11.9707 12.4086 13.0657 13.7115
5.90588 5.49979 5.35457 5.27092 5.23317 5.20345 5.11188 4.93907 4.98930 4.82112 4.72649 4.56368 4.47219 4.41428 4.31904 4.29789 4.19253 4.13980 4.24726 4.22940 4.32762 4.38816 4.41783 4.49030 4.65402 4.52913 4.56518 4.55425 4.66652 4.76966 4.95335 4.91012 4.94196 5.01810 5.29407 5.40966 5.49690 5.53293 5.73139 5.74990 5.80143 6.01837 6.16452 6.34414 6.42306 6.52626 6.74101 6.87870 7.02280 7.16182 7.26289 7.35477 7.71668 7.95959 8.41406 8.78598 9.33410 9.91124 10.1228 10.5310 10.8230 11.3491 11.7599 11.8992 12.3128 12.9759 13.5744
6.05462 5.68710 5.47677 5.38780 5.38439 5.31910 5.18076 5.05871 5.02141 4.84694 4.75978 4.60213 4.57950 4.51739 4.43164 4.44949 4.34936 4.22930 4.30371 4.30169 4.53452 4.59171 4.64643 4.68709 4.80728 4.81716 4.78081 4.75278 4.82922 4.93604 5.05507 4.99664 4.99629 4.99507 5.14003 5.27110 5.25093 5.26682 5.44613 5.54629 5.62444 5.85364 5.99653 6.31730 6.46772 6.70139 6.91521 7.08538 7.14717 7.25031 7.31241 7.41903 7.66118 7.92896 8.24384 8.62240 9.01892 9.47575 9.80697 10.3475 10.7015 11.2190 11.7304 11.9055 12.0601 12.5431 13.1587
5.92426 5.68367 5.32368 5.17016 5.14552 5.08990 4.99604 4.92159 4.90998 4.77135 4.74670 4.63287 4.64731 4.51787 4.46173 4.51857 4.46019 4.32629 4.38768 4.44174 4.58303 4.69340 4.71526 4.77565 4.84690 4.93165 4.85472 4.81924 4.86295 4.98872 5.02182 5.00145 5.00978 5.00972 5.10807 5.27402 5.27489 5.33009 5.48307 5.65384 5.72046 5.89924 6.04392 6.28809 6.46609 6.70748 6.90117 7.06655 7.17973 7.30166 7.36686 7.44895 7.52639 7.79081 8.02551 8.56541 9.00556 9.60157 9.92757 10.3319 10.7193 11.0659 11.5035 11.8406 12.0050 12.3975 12.8855
5.83534 5.67795 5.34827 5.14621 5.10146 5.00642 5.01783 4.89460 4.85301 4.69354 4.71991 4.67278 4.75747 4.68147 4.62803 4.70402 4.63941 4.52435 4.55180 4.65406 4.69302 4.77715 4.77507 4.79946 4.79716 4.96803 4.91143 4.87244 4.90922 5.05226 5.06781 5.05422 5.09848 5.06990 5.06988 5.25627 5.30125 5.39459 5.47552 5.67069 5.69998 5.80679 5.95608 6.11432 6.31522 6.55137 6.81333 6.92836 7.02013 7.10986 7.21838 7.38421 7.52623 7.90406 8.11348 8.50853 8.92491 9.41835 9.75606 10.1130 10.4981 10.7773 11.1726 11.5593 11.7455 11.9270 12.4055
5.82106 5.72627 5.51602 5.27115 5.14104 5.01080 5.02836 4.90997 4.93072 4.71140 4.76927 4.82785 4.92982 4.84093 4.75214 4.82381 4.76442 4.64537 4.58975 4.74239 4.73374 4.88326 4.88858 4.82539 4.79771 4.95886 4.95052 4.87426 4.92914 5.06549 5.11482 5.10510 5.15138 5.11119 5.08039 5.22138 5.26953 5.33223 5.39272 5.57671 5.70288 5.81410 5.96678 6.08836 6.31239 6.48913 6.81721 6.99276 7.13046 7.28944 7.36744 7.45800 7.52211 7.75085 7.91777 8.19051 8.57059 9.03408 9.39101 9.67967 9.95891 10.1248 10.5128 10.8346 11.1152 11.2782 11.7756
5.66559 5.59461 5.56624 5.30871 5.23562 5.10015 5.07907 4.95254 5.00165 4.77514 4.74320 4.79288 4.91836 4.84753 4.73938 4.79869 4.82258 4.77877 4.72406 4.83211 4.84316 4.93263 4.98729 4.94248 4.88415 4.94868 5.04788 4.99940 5.07323 5.15728 5.22228 5.21149 5.18712 5.05327 4.96022 5.01290 5.04950 5.13407 5.26294 5.48302 5.68127 5.83839 5.96485 6.11230 6.38234 6.50329 6.70511 6.91601 7.04683 7.22716 7.36632 7.49773 7.57857 7.74398 7.86314 8.08031 8.36150 8.65863 8.93720 9.24041 9.40984 9.56546 10.0234 10.3679 10.8476 11.0856 11.4606
5.69882 5.66369 5.61650 5.42620 5.36419 5.21235 5.15623 5.05591 4.97933 4.75290 4.69137 4.76572 4.89752 4.87940 4.72864 4.74346 4.72005 4.72880 4.67739 4.69112 4.75342 4.76322 4.88772 4.90549 4.85460 4.87936 5.04380 5.02045 5.00260 5.01092 4.97628 4.89571 4.86798 4.75754 4.68242 4.75285 4.89485 5.02538 5.24155 5.50364 5.86459 6.05819 6.10248 6.25001 6.51379 6.67526 6.81448 7.13050 7.27306 7.43536 7.56571 7.60897 7.61401 7.67774 7.84870 8.03864 8.25970 8.54172 8.72372 9.09262 9.35657 9.48562 9.85561 10.2214 10.6760 10.8163 11.0637
5.37217 5.39886 5.40108 5.38855 5.20228 5.03053 5.01719 4.93723 4.89233 4.67464 4.64376 4.66927 4.78533 4.81995 4.73651 4.72171 4.74738 4.79515 4.74269 4.72399 4.83615 4.78773 4.95261 4.94254 4.86342 4.77953 4.80932 4.86142 4.79577 4.86302 4.83628 4.83458 4.82020 4.73330 4.64899 4.76577 4.95864 5.13804 5.34947 5.53323 5.79416 6.00027 6.09102 6.27385 6.55778 6.76652 6.77958 7.15404 7.25649 7.39864 7.51039 7.51888 7.51206 7.58378 7.79928 7.99915 8.23504 8.61528 8.71926 9.04839 9.33197 9.37672 9.62982 10.0740 10.3930 10.5080 10.5876
