OMI_NO2_yc_0.0167deg/OMI_NO2_yc_0.0167deg/OMI_NO2_200704.asc
ncols      200
nrows      200
xllcorner       110.913
yllcorner       33.7933
cellsize     0.0166667
NODATA_Value      -999.000
[rows 29 to 57 of 200, columns 0 to 66 of 200]
1.17588 1.15946 1.16236 1.29624 1.43613 1.85160 1.88662 1.84835 1.86754 1.94686 1.94575 1.94855 1.99154 2.02140 2.02609 2.02383 2.05901 2.17484 2.29155 2.43114 2.56908 2.63676 2.66724 2.61155 2.56183 2.56183 2.56183 2.56633 3.55870 3.69062 3.71886 3.80493 3.98914 5.34895 7.12400 7.89722 7.89722 7.89976 7.91840 7.37417 7.18978 7.23130 8.30739 8.39176 8.39176 8.39176 8.55489 8.75182 8.58832 8.65460 8.44051 8.23898 8.21491 8.24887 8.26759 6.61915 6.36094 6.76392 7.11315 7.09487 6.45549 6.14159 6.11547 6.12773 5.96437 5.81531 4.81072
1.20486 1.18248 1.17508 1.27756 1.41181 1.72985 1.86473 1.80960 1.81291 1.91603 1.92690 1.93793 2.00976 2.18061 2.34936 2.49866 2.65816 2.71754 2.69814 2.68746 2.68746 2.68818 2.69237 2.66300 2.57603 2.58067 2.58531 2.58860 3.31258 3.69893 3.72265 3.76755 3.97101 4.52994 6.92292 7.82370 7.98175 8.00066 8.00348 7.68437 7.22667 7.22667 7.95497 8.39176 8.39783 8.40596 8.49024 8.69814 8.70108 8.65107 8.90975 8.87257 8.53187 8.53942 8.56860 7.60845 6.58584 6.73020 7.25890 7.26972 6.94259 6.42492 6.31491 6.33302 6.27275 6.13615 5.23900
1.20423 1.19700 1.19254 1.26698 1.36439 1.65566 1.89031 1.86008 1.87204 1.96650 2.00482 2.06211 2.60244 2.65218 2.67794 2.67763 2.68018 2.72615 2.72081 2.70535 2.70999 2.71391 2.71436 2.71233 2.59862 2.58873 2.58873 2.59002 3.05819 3.72145 3.76378 3.81395 4.06531 4.34408 6.30244 7.65694 8.09144 8.10646 8.12135 8.07417 7.37023 7.36699 7.74677 8.60041 8.63029 8.67303 8.75900 9.06530 9.12359 8.98869 9.18365 9.23281 8.70235 8.67908 8.69261 8.39645 6.72482 6.74405 7.35041 7.43624 7.33108 6.59458 6.32597 6.25322 6.15986 5.99308 5.30750
1.20602 1.20350 1.19664 1.23185 1.31094 1.52871 1.89195 1.89197 1.89198 1.94882 2.00703 2.00013 2.49265 2.65853 2.68998 2.68705 2.68779 2.78218 2.80088 2.78041 2.78840 2.79758 2.80651 2.81234 2.75835 2.74953 2.77688 2.80297 3.03140 4.10977 4.15937 4.19886 4.23206 4.28939 5.60362 7.50766 8.25948 8.28959 8.31803 8.35014 7.79788 7.66433 7.74700 8.86222 8.97622 9.00905 9.03488 9.26170 9.34143 9.24760 9.59640 9.94248 9.80413 9.83811 10.0535 10.2311 7.45015 6.60104 6.89833 7.12931 7.07265 6.30544 5.93743 5.79378 5.69700 5.52790 5.14126
1.21205 1.20423 1.19814 1.19654 1.19432 1.30744 1.84667 1.86974 1.86503 1.89071 2.01217 2.01988 2.32070 2.74548 2.78534 2.80231 2.80908 2.87766 2.93159 2.90310 2.88829 2.88351 2.87893 2.87771 2.87110 2.85230 2.85230 2.85230 2.85753 4.05141 4.21909 4.28698 4.34154 4.31798 4.86488 7.32504 8.50364 8.61934 8.64600 8.66897 8.35963 7.95094 8.17391 9.16139 9.79954 10.0268 10.2476 10.5852 10.9471 10.8959 10.9626 10.8619 10.6382 10.2543 10.2202 10.2149 8.44507 6.21687 6.21375 6.49267 6.33797 5.93795 5.60303 5.56772 5.61592 5.59898 5.43246
1.38523 1.32136 1.31059 1.29817 1.30430 1.34649 1.79052 1.88766 1.88766 1.88946 2.05973 2.07165 2.12727 2.74965 2.79253 2.80914 2.80436 2.82580 2.91155 2.89810 2.86934 2.85493 2.82689 2.79720 2.77990 2.74520 2.73123 2.71945 2.67982 3.49207 3.95784 4.11367 4.28775 4.28367 4.58501 6.56849 8.25865 8.67461 8.67461 8.67461 9.61462 9.71061 9.75130 10.1474 10.9278 11.0000 11.0721 11.2070 11.4308 11.3183 11.2262 10.7258 10.5255 9.93875 9.82518 9.72338 9.05285 5.76446 5.76491 6.22086 6.26788 6.14943 5.61478 5.72411 5.75368 5.70628 5.55733
1.53866 1.37705 1.36256 1.32916 1.32904 1.32904 1.69126 1.88766 1.88640 1.88122 2.00336 2.05095 2.03785 2.52856 2.72816 2.69052 2.66021 2.63092 2.72036 2.73225 2.67609 2.67752 2.69377 2.71125 2.67254 2.58534 2.50313 2.43114 2.38763 2.94973 3.77384 3.94824 4.28362 4.28345 4.37472 5.66958 7.94128 8.78221 8.87500 8.96780 9.66258 10.3347 10.1644 10.2053 11.1558 11.1956 11.1104 11.0166 11.1206 10.9675 10.7283 10.4273 10.2144 9.82576 9.68769 9.68769 9.65069 6.36075 5.75866 6.05012 6.26788 6.26756 5.70776 5.62465 5.62711 5.52420 5.36175
1.54302 1.42090 1.36712 1.32600 1.31114 1.31070 1.53448 1.84984 1.84557 1.84522 1.92657 2.03239 2.04454 2.31871 2.77871 2.64016 2.66125 2.69826 2.79604 2.84243 2.67785 2.57885 2.50668 2.43496 2.40666 2.39966 2.38088 2.38071 2.38052 2.61755 3.72044 3.91482 4.29187 4.37052 4.40183 5.32133 7.89911 9.19087 9.23126 9.23126 9.31025 10.6420 10.1665 10.1655 10.5811 10.6935 10.6756 10.6756 10.8434 10.8869 10.7022 10.5763 10.1961 9.72353 9.11342 8.80158 8.48750 6.76646 5.62293 5.67407 5.91964 5.82784 5.38841 5.06140 5.25077 5.24456 5.15158
1.51344 1.44974 1.34705 1.33838 1.32998 1.33061 1.39788 1.86747 1.88640 1.90583 1.96552 2.15740 2.18040 2.21375 2.88539 2.76981 2.62640 2.54419 2.50002 2.51464 2.45217 2.40526 2.40526 2.40526 2.40686 2.43051 2.43870 2.46809 2.49938 2.53932 3.77514 4.03634 4.30571 4.45814 4.45814 5.02155 6.98401 8.89522 9.22740 9.22606 9.22482 10.5275 10.1734 10.1633 10.3334 10.6756 10.6756 10.6756 10.7087 10.5400 10.0108 9.66565 8.90709 8.71614 8.05834 7.99872 7.94258 7.12127 5.24728 5.23756 5.53773 5.54855 5.39040 4.85041 4.99971 5.06952 5.02176
1.54563 1.53654 1.37520 1.36415 1.35232 1.35984 1.36768 1.91074 1.96764 1.96764 1.96959 2.14931 2.09261 2.02373 2.39787 2.49870 2.36663 2.36663 2.37057 2.51187 2.53926 2.48758 2.51885 2.55015 2.57984 2.58706 2.57143 2.56164 2.56164 2.56164 3.46225 3.98480 4.19844 4.45482 4.45364 4.68065 6.06520 8.51630 9.16892 9.15048 9.13194 9.98898 10.2759 10.0478 9.88206 10.0177 9.70115 9.36468 9.16151 9.31602 9.25000 9.20061 8.88868 8.71348 8.00959 7.85122 7.84068 7.60336 5.28841 5.08792 5.26490 5.37784 5.36960 4.79313 4.81679 5.04996 5.09244
1.54563 1.54563 1.41538 1.36989 1.36989 1.36989 1.36989 1.77777 1.88215 1.82137 1.76503 1.85207 1.90650 1.90792 2.09437 2.55795 2.38305 2.38799 2.39298 2.60212 2.70463 2.60466 2.58674 2.57902 2.56817 2.55713 2.53574 2.50806 2.49599 2.48394 3.02692 3.77721 3.92362 4.26555 4.25170 4.24530 5.22932 7.58162 8.96581 8.93098 8.58641 8.49767 9.45781 8.70272 8.57840 8.95186 9.14838 9.17814 9.20590 9.40812 9.27135 9.11868 8.92619 8.43168 7.79349 7.19032 6.99020 6.79161 5.64506 5.13032 5.26593 5.55484 5.60380 5.28596 5.00796 5.17714 5.18117
1.54563 1.54563 1.46934 1.34419 1.28303 1.22803 1.17858 1.41172 1.72671 1.73198 1.73486 1.80685 1.90531 1.89648 1.89299 2.47338 2.35043 2.30703 2.29460 2.39304 2.57947 2.50806 2.44706 2.43797 2.43201 2.42623 2.42444 2.42194 2.42173 2.42173 2.65769 3.66491 3.84135 4.20859 4.35514 4.44358 5.21980 6.60355 7.55639 7.34259 7.29801 7.32335 9.11749 8.78616 8.78619 8.88805 9.02438 8.82442 8.62446 8.55762 8.28992 7.83857 7.63533 7.21611 7.05890 6.43278 6.46545 6.49654 6.17662 5.28259 5.19322 5.40090 5.31803 5.13906 4.85932 4.98385 5.10778
1.35558 1.24360 1.14044 1.04213 1.02191 1.00215 0.982332 1.10513 1.55340 1.55351 1.53648 1.58063 1.78156 1.78156 1.78156 2.15584 2.32607 2.23274 2.22594 2.23952 2.51622 2.49680 2.42449 2.42540 2.43761 2.45525 2.48000 2.54150 2.63572 2.73102 2.83836 4.06843 4.23299 4.54593 4.80008 4.79050 5.16392 6.09563 7.09130 7.38722 7.38722 7.38722 8.03781 7.75194 7.43088 7.33287 7.80464 7.82615 7.83073 7.91849 7.99526 7.66134 7.65840 7.42858 7.29555 6.47208 6.32649 6.25963 6.04521 5.09355 4.87438 5.05322 5.15837 5.15565 4.88724 4.88857 5.13301
0.839655 0.842473 0.842473 0.873153 0.882112 0.882112 0.882112 0.907109 1.47224 1.53383 1.53383 1.53451 1.75662 1.76723 1.76058 1.90188 2.38421 2.26923 2.29820 2.32716 2.58404 2.68751 2.69100 2.79218 2.87525 2.95298 3.02334 3.04587 3.02980 3.01572 3.00165 3.85455 4.22878 4.38582 4.78984 4.78984 4.86910 5.91710 6.74433 7.38776 7.39276 7.39866 7.54149 7.60116 7.32765 7.33181 7.68557 7.84473 7.84196 7.82520 7.91462 7.53490 7.40515 7.20516 7.00293 6.49007 6.16172 6.16172 6.14489 5.36430 4.87438 4.96164 5.15837 5.15837 4.98105 4.85915 5.09240
0.761176 0.842473 0.842473 0.861192 0.882112 0.882112 0.887498 0.941542 1.45887 1.60039 1.62443 1.64978 1.85007 1.95898 1.98995 2.04012 2.65412 2.51928 2.50559 2.49646 2.60501 2.75508 2.98765 3.14116 3.13203 3.12259 3.11359 3.11291 3.11534 3.11974 3.12472 3.68768 4.36787 4.40320 5.00194 5.12018 5.21358 5.77747 6.38465 7.33783 7.42262 7.42262 7.44076 7.77561 7.34219 7.34939 7.47008 7.58305 7.51893 7.50266 7.67446 7.47121 7.31571 7.27632 7.00331 6.73967 6.06898 5.95588 5.84284 5.28052 4.92700 5.04777 5.43450 5.55249 5.58468 5.47929 5.61798
0.694428 0.950229 1.02609 1.12524 1.18692 1.25687 1.31822 1.34597 1.74885 1.94359 1.93358 1.93279 2.03290 2.15845 2.15260 2.15030 2.50834 2.63755 2.58410 2.57129 2.58882 2.81338 2.90891 3.18692 3.18692 3.18692 3.18692 3.18749 3.24450 3.34022 3.43711 3.78888 4.86278 4.96186 5.39794 5.54296 5.53992 5.69954 6.09558 7.17100 7.44371 7.45570 7.46768 7.79420 7.48391 7.37866 7.38600 7.49880 7.50204 7.50204 7.62495 7.53857 7.18246 7.06978 6.73407 6.59353 5.91310 6.02044 6.16159 6.06191 5.77727 5.81764 5.81459 5.80945 5.79886 5.52289 5.50957
0.981097 1.40204 1.42046 1.42046 1.36882 1.35717 1.38666 1.40426 1.64796 1.95097 1.92994 1.92994 1.96948 2.14670 2.15570 2.18927 2.35314 2.64885 2.52830 2.52703 2.52703 2.74462 2.84771 3.30163 3.42087 3.51770 3.61466 3.71099 3.74854 3.74652 3.74652 3.76426 4.91222 4.98369 5.25610 5.56087 5.57123 5.60334 6.05461 6.83847 7.47947 7.46887 7.45758 7.64601 7.61200 7.33347 7.32460 7.34295 7.29357 7.23066 7.24086 7.33383 7.18078 7.33036 7.27638 7.20928 6.70383 6.47584 6.51518 6.47397 5.98258 6.02987 6.08301 6.13623 6.18936 6.05398 5.98534
0.946473 1.40277 1.42046 1.42046 1.38772 1.35717 1.40981 1.43488 1.53775 1.96256 1.94166 1.97574 2.01202 2.24595 2.28838 2.28978 2.32575 2.60855 2.51643 2.51128 2.50613 2.89943 3.36006 3.61531 3.74928 3.74928 3.74928 3.75803 3.80085 3.85104 3.90839 3.96528 4.70878 4.96562 5.07707 5.51079 5.50091 5.47067 5.81605 6.27194 7.28488 7.33206 7.36794 7.39904 7.63518 7.15018 7.14946 7.30268 7.53684 7.68020 7.85671 8.16011 7.89952 7.88325 7.84776 7.60995 7.27114 6.69081 6.58529 6.47937 6.26366 6.32709 6.36736 6.40511 6.44296 6.39037 6.21934
0.937203 1.29857 1.42046 1.42046 1.40894 1.35717 1.40346 1.49092 1.53732 2.06333 2.08077 2.06952 2.06436 2.20629 2.27082 2.28526 2.34236 2.61027 2.67000 2.70324 2.74969 2.95202 3.70487 3.88524 4.18544 4.22920 4.27298 4.30796 4.30881 4.34640 4.36980 4.36980 4.61749 4.89969 4.91085 5.42273 5.49842 5.56453 5.86685 6.29835 7.25992 7.36541 7.15961 7.03838 7.34177 7.75357 7.96955 8.01186 8.13722 8.05653 7.95059 8.05102 7.75840 7.50302 7.39452 6.98993 6.84944 6.14253 6.16596 6.19431 6.35167 6.51551 6.55507 6.58221 6.60948 6.63172 6.98374
0.961898 1.17054 1.44821 1.50785 1.59936 1.60115 1.64462 1.70342 1.72888 2.13431 2.25104 2.25524 2.28187 2.49976 2.80521 2.83206 2.83262 2.93851 3.13234 3.06869 3.06610 3.06430 3.80996 3.94271 4.29854 4.30783 4.30783 4.30805 4.30937 4.33549 4.42327 4.51312 4.72154 5.22363 5.33908 5.86648 6.09419 6.02236 6.01430 6.28322 6.52420 6.88920 6.88920 6.88920 6.98561 7.20958 7.45168 7.34565 7.34644 7.35157 7.33634 7.46418 7.41826 7.16133 7.14638 7.08970 7.05625 6.42075 6.26731 6.28775 6.37641 6.60102 6.68347 6.68363 6.68363 6.68363 6.97988
1.72617 1.74373 2.08884 2.12767 2.13481 2.00843 1.91383 1.91250 1.91202 2.18179 2.38015 2.34769 2.34743 2.43331 2.83178 2.82939 2.82672 2.87585 3.08095 3.05805 3.06351 3.08356 3.58673 3.98857 4.30446 4.49875 4.58980 4.68061 4.77030 4.85465 4.94553 4.89611 4.81441 5.19234 5.15371 5.35587 5.70066 5.70085 5.70225 6.05522 6.24376 6.87174 6.88901 6.87920 6.78298 6.67605 7.16727 7.15221 7.19272 7.27094 7.27094 7.35092 7.48783 7.17557 7.19538 7.18969 7.15099 6.76379 6.34097 6.34097 6.35171 6.58618 6.67606 6.68363 6.68363 6.68363 6.82647
2.17019 1.82469 2.10582 2.13481 2.13481 2.08061 1.91383 1.91306 1.91202 2.07810 2.34470 2.33364 2.33918 2.32236 2.74746 2.76996 2.75394 2.75592 2.90731 3.22950 3.24369 3.24340 3.45550 4.10257 4.43348 4.90669 4.89111 4.83637 4.68403 4.60184 4.56994 4.55842 4.55883 4.90227 5.04478 5.15823 5.71184 5.75599 5.83852 6.01924 6.08154 6.66099 6.80362 6.79827 6.78704 6.55959 7.01972 7.18275 7.26776 7.32878 7.34766 7.38616 7.61445 7.30241 7.24618 7.24282 7.16398 7.01274 6.33984 6.32450 6.30489 6.45947 6.60710 6.68662 6.77364 6.66955 6.68231
2.23531 1.87257 2.03894 2.14513 2.12146 2.05744 1.77516 1.66887 1.61954 1.61317 2.04936 2.11149 2.21590 2.21563 2.54090 2.69631 2.69418 2.69679 2.75174 3.22169 3.25514 3.25162 3.24498 4.00898 4.14130 4.83917 4.83870 4.81362 4.52022 4.51429 4.53090 4.59936 4.67599 4.98049 5.30496 5.41745 6.05328 6.16919 6.19587 6.16870 6.03406 6.40621 6.84578 6.92007 6.99435 6.86247 7.14612 7.50045 7.50045 7.40729 7.37560 7.37560 7.56935 7.39471 7.24136 7.22263 7.14324 7.05370 6.27961 6.12941 6.19954 6.53797 6.86154 7.15826 7.15924 6.48991 6.41017
2.21270 1.90729 1.72972 1.65435 1.56715 1.51894 1.44433 1.40044 1.45486 1.46731 1.96876 2.03259 2.20448 2.20466 2.41066 2.68939 2.68939 2.70054 2.77829 3.08179 3.18842 3.17180 3.17011 3.70968 4.03245 4.69257 4.94249 5.02930 4.85276 4.83820 4.91706 5.01463 5.01831 5.12985 5.48809 5.52209 5.91665 6.20857 6.29974 6.39883 6.31717 6.50298 7.16265 7.16657 7.16657 7.02733 6.95867 7.46732 7.45310 7.38627 7.28871 7.24111 7.29942 7.12377 6.69410 6.58352 6.50860 6.53552 6.34333 6.24609 6.31093 6.52984 6.78125 7.01023 7.08162 6.72090 6.47310
1.59513 1.52755 1.44182 1.51811 1.51874 1.51874 1.48217 1.40044 1.42844 1.45828 1.85680 2.00903 2.15736 2.21351 2.32702 2.78899 2.83637 2.87246 2.90227 3.01725 3.25498 3.35282 3.45060 3.81086 4.46750 4.92296 5.34375 5.34375 5.18526 4.96323 4.96323 4.99866 5.06778 5.17136 5.61515 5.69960 5.98701 6.42464 6.43176 6.46618 6.34644 6.27027 6.88573 7.00015 6.98589 6.91493 6.65095 7.08680 7.11821 6.98814 6.78213 6.71170 6.76796 6.96740 6.79463 6.95431 7.04983 7.02379 6.91924 6.58270 6.61259 6.77295 7.12033 7.29592 7.40244 7.21181 6.62941
1.58200 1.57210 1.43634 1.50396 1.51874 1.51874 1.51579 1.40672 1.40919 1.45920 1.76157 2.05830 2.17377 2.31972 2.37653 2.99448 3.15165 3.26346 3.39014 3.54392 3.74323 3.77276 3.80109 3.86335 4.64634 4.84419 5.53884 5.59499 5.66100 5.37375 5.45750 5.56894 5.65736 5.65736 5.64895 5.65907 5.73783 6.32317 6.33316 6.39517 6.37406 6.35729 6.74360 6.80815 6.76148 6.72227 6.52212 6.69148 6.87859 7.00651 7.05649 7.15610 7.23852 7.35073 7.20150 7.19838 7.19047 7.12838 7.08049 6.57225 6.51156 6.54033 6.84751 6.98938 7.13540 7.12203 6.48492
1.58200 1.58200 1.46271 1.48246 1.51874 1.52201 1.52865 1.44296 1.44223 1.63871 1.97351 2.50488 2.65598 2.98449 3.06161 3.53894 3.80151 3.83397 3.86900 3.94476 4.05658 4.07007 4.08669 4.15626 4.79892 5.12167 5.89088 6.04671 6.04734 5.70348 5.58864 5.59007 5.64947 5.66590 5.70700 5.75349 5.88718 6.51317 6.87997 7.29261 7.58616 7.52649 7.31938 6.78586 6.79150 6.94712 6.92403 6.94478 7.30145 7.30175 7.24959 7.18604 7.16035 7.20827 7.07873 7.00718 6.96121 6.91802 6.90143 6.56117 6.38463 6.37310 6.62907 6.83965 6.99968 7.01133 6.66093
1.74150 1.80221 1.74608 1.70341 1.77575 1.81085 1.83386 2.04115 2.54177 2.48595 2.46914 2.91874 2.92025 3.08904 3.14381 3.46441 3.90262 3.91214 3.98463 4.10637 4.27069 4.36228 4.41855 4.41862 4.73991 5.26569 5.73670 6.12284 6.17245 6.02406 5.79738 5.84691 5.94776 6.15242 6.38539 6.63339 6.98874 7.44553 7.75735 7.99796 8.12297 7.81344 7.89532 7.52732 7.60476 7.63672 7.41006 6.88711 7.12092 7.12222 7.06418 6.93066 6.90471 6.96609 6.94601 6.88083 6.86404 6.84941 6.84186 6.63875 6.30618 6.30614 6.43709 6.79944 6.90963 7.01096 6.91370
2.19589 2.19221 2.08467 1.86188 1.86106 1.86103 1.86103 1.89452 2.53307 2.52719 2.42958 2.85860 2.92175 3.06265 3.29517 3.51150 4.21321 4.27480 4.27342 4.26364 4.33845 4.57737 4.62097 4.70305 4.84669 5.64849 5.89416 6.46469 6.50035 6.66594 6.46701 6.79045 7.14053 7.36795 7.46052 7.52076 7.64804 7.89092 8.24356 8.31589 8.39728 8.36228 8.07994 7.73743 7.45153 7.40960 7.35510 6.71513 6.85554 7.00511 7.07102 6.84425 6.72412 6.71056 6.71706 6.58892 6.57050 6.54630 6.53203 6.47245 6.00764 5.97833 5.97160 6.19407 6.22648 6.37384 6.33563
