OMI_NO2_yc_0.0167deg/OMI_NO2_yc_0.0167deg/OMI_NO2_200509.asc
ncols      200
nrows      200
xllcorner       110.913
yllcorner       33.7933
cellsize     0.0166667
NODATA_Value      -999.000
[rows 58 to 86 of 200, columns 0 to 66 of 200]
1.39048 1.39048 1.49150 1.74408 1.86368 1.86368 1.86368 1.86368 1.86368 1.86368 1.86368 1.86368 1.86368 1.88335 3.36112 3.57535 3.84283 3.81187 3.78086 4.02502 4.58603 5.00480 5.00496 5.00496 5.06914 5.58224 5.95254 6.15931 6.33595 6.37395 6.37395 6.37395 6.37395 6.37307 6.45819 6.96553 7.09909 7.11423 7.12109 7.13440 7.26438 7.26468 7.29511 7.31829 7.32158 7.33898 6.69945 5.67701 5.08632 5.10140 5.11659 5.04219 4.40746 3.72470 3.34849 3.38508 3.42170 3.44768 3.42502 3.25361 2.83708 2.79818 2.78952 2.78952 2.78952 2.78952 2.79038
1.39048 1.39048 1.46790 1.63726 1.86368 1.86368 1.86368 1.86313 1.84698 1.82374 1.80050 1.78289 1.76808 1.75328 2.93101 3.40443 3.84544 3.86413 3.88335 4.00297 4.65895 5.12736 5.16197 5.18345 5.71427 6.34295 6.41802 6.42562 6.43284 6.43817 6.43230 6.42550 6.44647 6.48271 6.53134 7.03903 7.30980 7.35463 7.39310 7.43088 7.42530 7.42660 7.40350 7.32856 7.53013 7.57273 7.43331 6.04314 5.34211 5.20700 5.19320 5.17939 4.54780 4.11080 3.41020 3.36873 3.32722 3.29622 3.29449 3.27518 2.81461 2.82622 2.85565 2.91554 2.98507 3.06210 3.14621
1.73273 1.74869 1.75997 1.78078 1.98633 1.97380 1.95859 1.94385 1.94469 1.95259 1.96052 1.96297 1.96247 1.96196 3.02905 3.96323 4.72834 4.76020 4.77075 4.78515 5.32242 5.76382 5.91683 5.96757 6.08616 6.85561 6.89809 6.93751 6.98378 7.03283 7.07474 7.11419 7.12599 7.12599 7.12599 7.34637 7.64431 7.68956 7.68956 7.68956 7.61411 7.56378 7.51745 7.30527 7.44695 7.53008 7.51284 6.36663 5.52556 5.12096 5.07949 5.03800 4.59216 4.23295 3.39010 3.36392 3.38717 3.41046 3.46195 3.55595 3.20533 3.13217 3.18353 3.18924 3.18924 3.18924 3.18924
1.88918 1.88918 1.88294 1.83709 1.93121 1.95934 1.95934 1.95934 1.97263 2.01226 2.05264 2.09306 2.13348 2.17386 2.89399 4.28674 4.95692 5.16372 5.20405 5.24152 5.57748 6.11559 6.38670 6.38670 6.38670 6.93120 7.12599 7.12599 7.12599 7.12599 7.12599 7.12599 7.12599 7.12599 7.12599 7.20375 7.59977 7.68956 7.68455 7.67306 7.61710 7.52428 7.50620 7.25001 7.32150 7.37248 7.26379 6.61377 5.56197 4.92983 4.91482 4.90233 4.76418 4.41534 3.85987 3.59345 3.67464 3.76483 3.82027 3.82045 3.48518 3.18924 3.18924 3.18924 3.18924 3.18924 3.18924
1.88918 1.88918 1.88918 2.14498 2.26260 2.31220 2.35258 2.39300 2.42009 2.42078 2.42078 2.42078 2.42078 2.42078 2.67383 4.45290 4.91522 5.24914 5.24914 5.24914 5.40687 5.97805 6.38670 6.38670 6.38670 6.67581 7.12599 7.12599 7.12599 7.12599 7.12599 7.12599 7.12599 7.14880 7.21580 7.27919 7.49826 7.63895 7.62974 7.61969 7.56945 7.38417 7.31083 6.99204 6.88074 6.97812 6.97691 6.89244 5.63807 5.05571 5.04690 5.19949 5.35328 4.98469 4.61267 3.82045 3.82045 3.82045 3.82045 3.82045 3.63794 3.18924 3.18924 3.18924 3.18924 3.18924 3.18924
1.88918 1.88918 1.88918 2.26451 2.44714 2.42080 2.42078 2.42078 2.42078 2.42078 2.42078 2.42078 2.42078 2.42078 2.42261 4.27753 4.74791 5.24914 5.24914 5.24914 5.26452 5.82794 6.37217 6.38670 6.38670 6.42139 7.09594 7.12599 7.13870 7.20228 7.26659 7.33224 7.41334 7.47523 7.50327 7.52962 7.54676 7.47750 7.39243 7.32914 7.29256 7.18403 7.16657 6.98250 6.84132 6.97558 6.97691 6.97691 6.03162 5.59894 5.59894 5.59894 5.59894 5.18063 4.95003 3.86587 3.82045 3.82045 3.82045 3.82045 3.78361 3.19631 3.18924 3.18924 3.18924 3.18924 3.18038
1.88918 1.88918 1.88918 2.12090 2.45219 2.42497 2.42078 2.42078 2.42078 2.42078 2.42078 2.42078 2.42078 2.42078 2.42078 3.85269 4.58050 5.24914 5.24914 5.24914 5.24914 5.65276 6.25459 6.39638 6.50231 6.64786 7.18489 7.45500 7.52309 7.55404 7.58107 7.59791 7.54901 7.48607 7.42323 7.36096 7.34862 7.33852 7.29235 7.29235 7.29235 7.21499 7.16657 7.04965 6.83512 6.94998 6.97691 6.97691 6.50964 5.59894 5.59894 5.59894 5.59894 5.35025 5.00041 4.19839 3.82045 3.82045 3.82045 3.82045 3.82045 3.30024 3.14531 3.11979 3.09820 3.08085 3.07297
1.88918 1.88918 1.88918 1.94787 2.44926 2.43320 2.42078 2.42078 2.42078 2.42078 2.42078 2.42078 2.42078 2.42078 2.42078 3.42607 4.45863 5.20473 5.27695 5.42902 5.62400 6.01730 6.72872 7.06250 7.10457 7.10816 7.26833 7.59251 7.53451 7.47165 7.40876 7.35024 7.33797 7.33797 7.33797 7.33797 7.33799 7.35994 7.29235 7.29235 7.29235 7.24598 7.16657 7.11205 6.83512 6.91804 6.97691 6.97691 6.92248 5.66929 5.62222 5.64102 5.65992 5.59958 5.09924 4.69896 3.94140 3.92783 3.91416 3.90057 3.90004 3.51603 3.20306 3.22331 3.24088 3.24525 3.24525
1.88918 1.88918 1.88918 1.88918 2.37653 2.44292 2.42078 2.42078 2.42078 2.42078 2.42078 2.43375 2.46594 2.49823 2.57754 3.26742 4.66930 5.21013 5.80924 6.14655 6.14420 6.19408 6.76467 7.09815 7.14073 7.18198 7.22437 7.29488 7.28743 7.28149 7.27528 7.26442 7.24435 7.22332 7.20328 7.18216 7.16109 7.16340 7.06922 7.03886 7.01379 6.97827 6.95095 6.93653 6.78307 6.92684 7.17773 7.19656 7.21549 6.34019 5.85196 5.88314 5.95364 6.02429 5.58681 5.47208 3.98534 3.99920 4.06800 4.14676 4.21378 3.90340 3.24525 3.24822 3.26829 3.29308 3.32041
1.73122 1.72939 1.72751 1.72546 2.17254 2.40522 2.45333 2.50128 2.54280 2.60311 2.76345 2.91229 3.02962 3.13665 3.20399 3.32399 4.08323 4.36529 4.80439 5.40739 5.51323 5.61631 6.09187 6.56627 6.56163 6.54193 6.52286 6.52892 6.52839 6.50851 6.48962 6.47458 6.46967 6.46476 6.45984 6.45492 6.45108 6.46253 6.43652 6.40518 6.40518 6.40518 6.49599 6.50876 6.68494 6.83697 7.25830 7.32853 7.39918 7.05881 6.16264 6.21928 6.38382 6.60342 6.44672 6.36715 4.92689 4.31940 4.39765 4.48428 4.58048 4.57822 3.44447 3.47933 3.48475 3.48475 3.48475
1.93589 1.93589 1.93589 1.93589 2.32369 2.90380 3.11441 3.23493 3.33529 3.41423 3.42490 3.42490 3.42248 3.40411 3.38288 3.47885 3.99176 4.35682 4.84618 5.50490 5.55303 5.53888 5.75322 6.29888 6.40660 6.40660 6.40660 6.41684 6.45081 6.45081 6.45081 6.45081 6.45081 6.45081 6.45081 6.45081 6.45081 6.45092 6.45877 6.40518 6.40518 6.42228 6.53434 6.61963 6.80872 7.00718 7.56928 7.55229 7.44606 7.30580 6.95071 7.23482 7.29153 7.29528 7.40235 8.14054 7.04137 4.94368 4.94368 4.94368 4.94368 4.94368 3.71535 3.48475 3.48475 3.48475 3.48475
2.13378 2.60617 2.95059 3.20864 3.41219 3.38403 3.33488 3.28934 3.26811 3.24688 3.22572 3.35095 3.60635 3.84863 4.06859 4.18964 4.32279 4.43143 4.85833 5.23636 5.50453 5.50453 5.60687 6.17856 6.40660 6.40660 6.40660 6.40681 6.44529 6.45081 6.45081 6.45081 6.45081 6.45081 6.45081 6.45081 6.43676 6.38691 6.46868 6.56115 6.60819 6.63825 6.68013 6.71275 6.72733 6.81603 7.10712 7.13134 7.12938 7.13044 7.22346 7.30457 7.30457 7.30457 7.32943 8.28374 8.08460 5.00103 4.94368 4.94368 4.94368 4.94368 4.06652 3.48475 3.48475 3.48475 3.48475
3.39902 3.46882 3.46882 3.46882 3.46882 3.22411 3.18401 3.35713 3.62785 3.87006 4.08801 4.19061 4.19061 4.19061 4.19061 4.19061 4.28389 4.38083 4.80786 5.02124 5.50453 5.50453 5.51066 6.03273 6.40660 6.40660 6.40660 6.40660 6.42990 6.45081 6.45081 6.44335 6.39722 6.34561 6.29417 6.24812 6.21866 6.22502 6.34793 6.62003 6.52578 6.45366 6.39485 6.44256 6.47436 6.66452 6.92561 7.13044 7.13044 7.13044 7.16641 7.30457 7.30457 7.30457 7.30457 7.95501 8.33670 5.85064 4.94368 4.94368 4.94368 4.94368 4.41772 3.48475 3.48475 3.48475 3.48475
3.08355 3.46882 3.46882 3.46882 3.46882 3.88411 4.34332 4.23929 4.19061 4.19061 4.19061 4.19061 4.19061 4.19061 4.19061 4.19061 4.24184 4.38083 4.70682 4.86589 5.44638 5.50453 5.50453 5.80738 6.39528 6.40660 6.40360 6.36326 6.32404 6.31703 6.27359 6.23756 6.24019 6.24830 6.25016 6.19177 6.11777 6.04380 5.97305 6.34022 6.33885 6.33885 6.33894 6.43161 6.44438 6.65198 6.83077 7.13044 7.13044 7.13044 7.13177 7.28221 7.30457 7.30457 7.30457 7.65653 8.33670 6.95099 4.94368 4.94368 4.94368 4.94368 4.76890 3.48475 3.49648 3.53411 3.57262
2.57450 3.46882 3.46882 3.46882 3.46882 3.74559 4.44231 4.30847 4.19061 4.19061 4.19061 4.19061 4.19061 4.19061 4.19061 4.19061 4.19973 4.37842 4.60573 4.85833 5.23849 5.51410 5.50886 5.62893 6.18835 6.25475 6.21425 6.21112 6.21460 6.25103 6.24369 6.17458 6.10054 6.02661 5.95868 5.94565 5.94565 5.94565 5.94565 6.20648 6.33885 6.33885 6.33885 6.40630 6.44243 6.60313 6.74420 7.13044 7.13044 7.13044 7.13044 7.21615 7.30457 7.30457 7.28370 7.34691 8.16776 7.78283 4.66955 4.58426 4.55404 4.52345 4.49367 3.45115 3.31866 3.28758 3.25554
1.97673 3.40061 3.46882 3.46882 3.46882 3.44789 4.29245 4.38737 4.19061 4.19061 4.19061 4.19061 4.19061 4.19061 4.19487 4.22390 4.25697 4.45738 4.69553 5.13760 5.29967 5.45871 5.43988 5.46560 5.98575 6.21460 6.20223 6.16102 6.11866 6.04488 5.95048 5.94245 5.93624 5.93039 5.92415 5.91830 5.91206 5.90619 5.89998 6.01332 6.28701 6.26587 6.24811 6.26509 6.28226 6.34349 6.39662 6.86997 6.85776 6.82335 6.78917 6.76298 6.75779 6.71203 6.57979 6.29787 6.33021 5.97300 4.50406 4.21410 4.21434 4.21434 4.21434 3.57097 3.20914 3.20914 3.20914
1.98884 3.12227 3.51162 3.51996 3.52810 3.53808 4.02148 4.48789 4.27900 4.29823 4.33650 4.37437 4.41947 4.51609 4.61708 4.69364 4.76561 4.90949 5.00207 5.23118 5.23270 5.33553 5.32882 5.28556 5.60841 5.97302 5.94170 5.93932 5.93627 5.91105 5.81261 5.80098 5.79118 5.78206 5.77281 5.76379 5.75445 5.74547 5.73614 5.73059 6.09730 6.11142 6.11358 6.10813 6.08017 6.05631 6.00279 6.50571 6.66732 6.59615 6.38621 6.17261 5.77991 5.45885 5.28158 5.27904 5.28854 5.29841 4.82476 4.21434 4.21434 4.21434 4.21434 3.81158 3.20914 3.20914 3.20914
3.51773 3.71005 4.00465 3.96794 3.93526 3.90516 3.85073 4.36906 4.51596 4.65792 4.71882 4.77962 4.83376 4.84230 4.84230 4.84230 4.84245 4.96047 5.12284 5.21965 5.21472 5.25426 5.28784 5.30063 5.48216 5.85424 5.84368 5.85928 5.91372 5.97383 5.96687 5.85873 5.72038 5.72038 5.72038 5.72038 5.72038 5.72038 5.72038 5.72038 5.96724 6.11358 6.11358 6.11347 6.04139 5.88625 5.61603 5.72697 5.75713 5.61488 5.63916 5.74065 5.59125 5.24375 5.21375 5.18369 5.18247 5.29841 5.17128 4.21814 4.21434 4.21434 4.21434 4.05191 3.20914 3.20914 3.20914
3.45822 3.44790 3.80380 3.85645 3.94513 4.03632 4.03401 4.50316 4.74261 4.89570 4.90887 4.92206 4.93528 4.94841 4.93833 4.90918 4.87983 4.89271 5.09702 5.19141 5.24725 5.27756 5.36307 5.40842 5.55175 5.94927 6.03649 6.06766 6.06783 6.06783 6.03368 5.94768 5.72044 5.72038 5.72038 5.72038 5.72038 5.72038 5.72038 5.73131 5.84765 5.79855 5.65632 5.51404 5.39086 5.37090 5.19026 5.39833 5.79593 5.87866 5.93366 5.91498 5.78173 5.06567 5.06567 5.06567 5.07357 5.29050 5.29841 4.44116 4.21434 4.21434 4.21434 4.21072 3.29097 3.20914 3.20914
3.43947 3.43947 3.92987 4.25133 4.25396 4.25396 4.24570 4.42490 4.80014 4.98600 4.96521 4.92283 4.88046 4.83813 4.81900 4.81900 4.81900 4.82284 5.08561 5.21832 5.39056 5.47260 5.63832 5.67980 5.68162 5.98461 6.06783 6.06783 6.06783 6.06783 6.06099 5.98744 5.77610 5.72038 5.72594 5.76789 5.81644 5.86503 5.90577 5.91896 5.89297 5.41293 5.39149 5.44669 5.48744 5.52822 5.44116 5.46339 5.89640 5.89640 5.89640 5.89640 5.89640 5.24049 5.06567 5.06567 5.06567 5.21962 5.29841 4.79153 4.21434 4.21434 4.21434 4.21434 3.52792 3.20914 3.20914
3.43947 3.43947 3.69470 4.25396 4.25396 4.25396 4.25396 4.19899 4.66714 4.77820 4.81900 4.81900 4.81900 4.81900 4.82130 4.89591 4.99803 5.09271 5.36357 5.47859 5.58052 5.58052 5.63992 5.67980 5.67980 5.87925 6.06783 6.06783 6.06783 6.06953 6.10057 6.07879 5.96996 5.84997 5.86798 5.84961 5.82467 5.80548 5.84619 5.91586 5.98605 5.77499 5.59964 5.59964 5.59334 5.56623 5.47979 5.39252 5.87270 5.89640 5.89640 5.89640 5.89640 5.54922 5.06567 5.06567 5.06567 5.15086 5.29841 5.14131 4.21488 4.21434 4.21434 4.21434 3.76836 3.20914 3.20914
3.43947 3.43947 3.45115 4.19611 4.25396 4.25396 4.25396 4.16853 4.48540 4.70402 4.82401 4.90596 5.00742 5.10135 5.18703 5.21346 5.21346 5.21346 5.34387 5.45500 5.57703 5.58052 5.60683 5.67980 5.68300 5.80859 6.08753 6.11039 6.13059 6.14913 6.13829 6.09192 6.01183 5.79755 5.86153 5.93174 6.00195 6.06634 6.07873 6.07873 6.07873 5.95164 5.59964 5.59964 5.59933 5.56837 5.51554 5.38605 5.75977 5.89640 5.89640 5.89640 5.89640 5.80233 5.06700 5.06567 5.06567 5.09585 5.29926 5.37600 4.61260 4.54550 4.65844 4.74454 4.58416 3.58790 3.61838
3.43947 3.43947 3.43947 3.97057 4.25396 4.25396 4.25396 4.20722 4.30695 4.67506 5.19010 5.21346 5.21346 5.21346 5.21346 5.21346 5.21346 5.21372 5.30853 5.48981 5.63613 5.75191 5.84308 5.95234 6.01307 6.03037 6.09274 6.12062 6.12062 6.13284 6.17257 6.20974 6.24076 6.13057 6.07873 6.07873 6.07873 6.07873 6.07873 6.07873 6.07873 6.07002 5.64070 5.62185 5.63751 5.63691 5.66589 5.59336 5.89234 6.15484 6.21802 6.28145 6.34472 6.40798 5.99212 5.91648 6.00140 6.08203 6.81325 6.95402 6.35785 5.73582 5.70788 5.70716 5.68281 4.14080 4.05698
3.43947 3.43947 3.43947 3.68850 4.25396 4.25396 4.26171 4.27192 4.16894 4.63948 5.14389 5.27663 5.30943 5.34269 5.38569 5.46164 5.58888 5.72517 5.87115 6.02149 6.20619 6.32538 6.34070 6.34992 6.36106 6.39257 6.48555 6.59274 6.64889 6.69332 6.70976 6.72555 6.74478 6.72260 6.69049 6.74239 6.79412 6.84609 6.89777 6.94951 7.00136 7.05319 6.79820 6.65535 6.69158 6.77814 6.85035 6.82782 6.79987 6.74903 6.74903 6.74903 6.74579 6.73536 6.51080 6.15578 6.14153 6.13206 6.53061 6.89768 6.68672 5.70716 5.70716 5.70716 5.70716 4.51344 4.05698
5.54801 5.65904 5.76853 5.88007 6.15304 6.29832 6.44473 6.57982 6.20061 6.29571 6.55467 6.77202 6.87569 6.97887 7.07257 7.13354 7.14322 7.14322 7.14265 6.39699 6.45238 6.70353 6.78988 6.87478 6.95472 7.02709 7.07217 7.10709 7.13585 7.16462 7.12901 7.01202 6.89654 6.80346 7.21255 7.22344 7.22344 7.22344 7.22344 7.22344 7.22344 7.22344 7.07619 6.74435 6.74435 6.77046 6.86713 6.83575 6.80247 6.72513 6.71444 6.70375 6.69631 6.68087 6.58489 6.13477 6.13862 6.14885 6.34820 6.89768 6.89709 5.87891 5.70716 5.70716 5.70716 4.91058 4.05698
7.06272 7.15746 7.25226 7.34706 7.31946 7.27517 7.30928 7.42285 7.08125 6.84690 7.02279 7.21772 7.26643 7.31366 7.36089 7.40806 7.45540 7.52592 7.61381 7.12776 7.02602 7.37423 7.37592 7.37572 7.36575 7.36482 7.27710 7.04564 6.89843 6.75258 6.67074 6.67050 6.67064 6.67579 7.05001 7.22344 7.22344 7.22344 7.22344 7.22344 7.22344 7.22344 7.23933 6.78371 6.72872 6.72365 6.83127 6.80891 6.78045 6.68331 6.63891 6.60036 6.56176 6.53832 6.54518 6.30285 6.20482 6.20482 6.23773 6.88498 6.89768 6.26076 5.70716 5.70716 5.70716 5.30792 4.05698
7.39811 7.34919 7.30294 7.25943 7.26248 7.47232 7.50767 7.47528 7.48476 7.68121 7.62901 7.68161 7.68114 7.70793 7.74865 7.78938 7.82998 7.84748 7.84748 7.44649 7.03125 7.35415 7.28343 7.13746 6.98477 6.83447 6.76656 6.68752 6.67050 6.67050 6.67050 6.67050 6.67050 6.67395 6.85706 7.22344 7.22344 7.24086 7.37851 7.53913 7.69967 7.85957 7.97538 7.16765 6.72294 6.70588 6.76893 6.76119 6.68414 6.58860 6.55548 6.55548 6.55548 6.55548 6.55548 6.43134 6.20482 6.20482 6.20482 6.68892 6.89768 6.64357 5.70716 5.70716 5.70716 5.65657 4.10549
7.03150 7.03150 7.03150 7.03150 7.03535 7.36914 7.39919 7.39919 7.40912 7.65139 7.65601 7.79269 7.83352 7.84748 7.84748 7.84748 7.84748 7.84353 7.74087 7.36682 6.63023 6.74142 6.77767 6.77767 6.77455 6.76669 6.76669 6.71274 6.67050 6.67050 6.67050 6.67050 6.67532 6.77739 6.94522 7.63350 7.80818 7.93975 7.95112 7.93957 7.92463 7.88727 7.85401 7.47406 6.62398 6.61531 6.67405 6.73273 6.66834 6.61301 6.55548 6.55548 6.55548 6.55548 6.55548 6.53101 6.21074 6.20482 6.20482 6.47951 6.89768 6.89232 5.84038 5.70716 5.70716 5.70716 4.45204
7.03150 7.03150 7.03150 7.03150 7.03057 7.22621 7.31143 7.26608 7.22530 7.40906 7.54902 7.84376 7.84972 7.83964 7.72657 7.58060 7.43457 7.29249 7.24923 7.19136 6.43358 6.61364 6.77767 6.77767 6.77742 6.76745 6.76669 6.73838 6.74234 6.87013 6.99784 7.12557 7.24847 7.27570 7.27113 7.67593 7.90744 7.87808 7.84721 7.81638 7.78892 7.78461 7.78461 7.75627 6.67692 6.61531 6.64396 6.73810 6.67762 6.63527 6.55548 6.55548 6.55548 6.55548 6.55548 6.55548 6.31902 6.20482 6.20482 6.31217 6.89768 6.89768 6.21766 5.70175 5.59636 5.49036 4.75928
