OMI_NO2_yc_0.0167deg/OMI_NO2_yc_0.0167deg/OMI_NO2_2005_06-08.asc
ncols      200
nrows      200
xllcorner       110.913
yllcorner       33.7933
cellsize     0.0166667
NODATA_Value      -999.000
[rows 116 to 144 of 200, columns 67 to 133 of 200]
3.89151 4.09345 4.24559 4.41085 4.26180 4.18068 4.12758 3.99186 4.02627 4.03052 3.93049 3.99872 4.09638 4.57199 4.81679 5.17024 5.38029 5.82768 6.17108 6.31643 6.40318 6.46165 6.50406 6.38757 6.83413 6.95830 7.34145 7.69268 8.34628 8.72557 8.74675 9.26481 9.16795 9.30605 9.32114 9.61698 11.1847 11.3275 11.2927 11.4755 11.6060 11.7089 11.9127 12.0873 12.4443 12.2399 12.1570 13.6358 13.8722 13.8407 14.0518 14.1177 15.0162 15.1306 14.9178 16.4981 16.9310 17.0602 16.9661 17.0775 16.6782 16.5366 16.5139 16.6990 16.6169 15.2561 14.4350
4.36139 4.43169 4.51762 4.59072 4.48482 4.44063 4.37318 4.33219 4.42520 4.51548 4.69401 5.14868 5.31575 5.65249 5.84882 6.23116 6.19301 6.35235 6.78831 6.74409 6.77638 6.73555 6.78117 6.32451 6.65165 6.61419 6.99920 7.14197 7.81966 8.37212 8.53031 9.29057 9.49987 9.67825 9.77356 9.89408 11.4756 12.0320 12.0249 12.1244 12.2309 12.3638 12.5317 12.5973 13.1544 13.1104 12.8863 13.6566 14.2787 13.6979 13.8733 13.8682 14.1050 14.2443 13.9063 15.0169 16.1852 16.5063 16.5163 16.5455 16.0659 15.5056 15.1375 14.8832 15.0819 14.5914 13.5250
4.54958 4.63072 4.74722 4.77220 4.63421 4.59058 4.45542 4.60543 4.71467 4.70714 4.81781 5.64452 5.63868 5.52737 5.30138 5.46076 5.32686 5.35315 6.01607 6.01184 6.23420 6.15605 6.20178 5.92583 6.07728 6.33623 6.86677 7.11692 8.35725 9.24395 9.55104 9.99224 10.2135 10.2708 10.2010 10.2519 11.2067 12.2847 12.3101 12.3747 12.4303 12.6475 12.7753 12.7642 13.2644 13.3195 13.0990 13.4103 14.6436 13.9567 13.9362 13.8014 13.6515 13.8943 13.8100 14.1148 15.2944 14.9139 14.5307 14.2404 14.4136 14.1765 14.1341 14.1186 14.3844 14.1348 13.0772
4.63699 4.67950 4.70904 4.74071 4.67320 4.62306 4.44413 4.45760 4.60244 4.60135 4.57405 5.28067 5.37228 5.27293 5.06662 5.16912 5.35869 5.37398 5.77740 5.79152 5.93988 5.80804 5.77360 5.66267 5.56473 6.56647 6.89772 7.04347 7.95605 9.73689 10.0841 10.1898 10.3320 10.3984 10.3175 10.3992 10.6283 12.0894 12.1702 12.2408 12.3209 12.6160 12.8272 12.8030 13.0344 13.1470 12.9215 12.9245 14.1221 13.8073 13.5483 13.5117 13.3096 13.4999 13.3225 13.5095 13.9374 14.0061 14.0812 14.0365 14.2280 13.7743 13.6342 13.5665 13.8977 13.8795 13.2431
4.60363 4.66146 4.65526 4.74521 4.81205 4.73995 4.60212 4.53561 4.70091 4.72510 4.79084 5.35751 5.65248 5.63426 5.40662 5.38751 5.48128 5.43301 5.65203 5.82139 5.99157 5.99285 6.00633 6.01055 5.92778 6.77046 7.13171 7.26042 7.79368 9.16502 10.0735 10.1371 10.2391 10.3336 10.3154 10.3680 10.4180 11.6991 12.1587 12.2049 12.2350 12.3610 12.6047 12.5003 12.4977 12.8307 12.7802 12.7678 13.3523 13.4369 12.9218 12.7329 12.5718 12.7681 12.6986 12.9697 13.0644 13.4560 13.1408 13.0160 13.0297 12.7158 12.5182 12.4961 12.5562 12.4488 12.0145
4.68119 4.66822 4.66858 4.69860 4.81728 4.77663 4.73277 4.69844 4.93675 5.06789 5.10061 5.35126 5.72678 5.61817 5.35281 5.36137 5.58977 5.64419 5.79610 6.15345 6.25193 6.41594 6.40171 6.34853 6.26627 6.81950 7.33106 7.50559 7.85914 8.72494 9.95642 9.98940 10.0523 10.1558 10.1031 9.99300 9.93115 10.7628 12.2002 12.1736 12.2113 12.2738 12.6457 12.5484 12.4043 12.6830 12.5269 12.1877 12.2264 12.6484 12.1072 11.9417 11.8322 11.8438 11.7308 11.9538 11.8563 12.5702 12.2192 12.1162 12.1692 11.8268 11.3587 11.1766 11.1373 11.5152 11.4358
4.86738 4.75495 4.83753 4.86290 5.08972 5.17690 5.13482 4.96871 5.02624 5.09842 5.04548 5.10836 5.63166 5.59601 5.38605 5.41426 5.58923 5.64629 5.65340 6.07045 6.15977 6.25205 6.21425 6.30746 6.27553 6.28920 7.23946 7.41539 7.61507 8.22794 9.71784 9.89009 9.88962 9.98918 9.88173 9.69364 9.58266 9.81510 11.6708 11.8477 11.8017 11.6234 11.9534 11.8522 11.7960 11.9932 12.1406 11.8558 11.6678 12.0734 11.6180 11.3072 11.2809 11.2488 11.2859 11.4423 11.5934 12.1121 11.9572 11.5278 11.1396 11.1671 10.8972 10.9128 10.8704 11.2788 11.3511
4.61510 4.87840 4.98438 4.83460 4.93734 4.96803 5.03243 4.98003 5.03872 5.25621 5.21037 5.20476 5.56761 5.57929 5.38008 5.25242 5.36676 5.43333 5.48199 5.65340 5.82771 5.89228 5.95001 5.96246 6.10293 5.86764 7.41228 7.58618 7.75923 7.96414 8.72658 9.49886 9.49586 9.73547 9.69671 9.66758 9.49515 9.44638 10.6025 11.2544 11.2646 11.0078 11.3531 11.2077 10.9491 10.8462 11.1511 11.0751 10.8430 11.0136 10.8477 10.4007 10.4099 10.3071 10.1305 9.92358 9.69007 10.1367 10.9609 10.9561 10.8216 10.7102 10.4721 10.5777 10.4085 10.4194 10.4866
4.34873 4.60722 4.64176 4.65034 4.78794 4.95225 5.14632 5.17245 5.13644 5.34815 5.21629 5.11819 5.32837 5.55094 5.39163 5.30159 5.54315 5.64445 5.85766 6.04197 6.33591 6.35713 6.47901 6.37069 6.53469 6.23737 7.30544 7.57446 7.80080 8.21112 8.34256 9.56201 9.38647 9.42274 9.27273 9.23742 9.03050 8.84324 9.22738 10.5786 10.4530 10.1598 10.4589 10.3665 9.99553 9.81330 9.96288 10.1242 9.58148 9.28888 9.10497 8.39388 8.27825 8.33533 8.54214 8.81217 9.04481 9.43613 10.5880 10.6368 10.3625 10.0391 9.56855 9.28232 9.10751 8.99166 9.17400
4.25869 4.48580 4.58706 4.69679 4.73184 4.84658 4.97512 5.08214 4.92608 5.00541 4.80691 4.73986 5.10354 5.79360 5.58584 5.44930 5.64862 5.58504 5.80757 5.85874 6.19229 6.16504 6.23152 6.08969 6.40218 6.28429 7.19902 7.80426 8.05841 8.21993 7.87221 8.64399 8.55814 8.45157 8.31235 8.19473 8.02770 7.95816 8.02906 9.59981 10.0441 9.77057 9.90938 9.55618 9.25759 9.27112 9.41271 9.63581 9.03742 8.52121 8.58219 8.25567 8.33988 8.43799 8.38253 8.68547 8.65018 8.68493 9.25496 9.27606 8.94876 8.56501 8.47720 8.62615 8.74137 8.65476 8.97139
4.03377 4.32165 4.50446 4.60934 4.67263 4.71519 4.79869 5.01960 4.77761 4.87555 4.72866 4.57162 4.57554 5.58957 5.52869 5.38740 5.58251 5.47167 5.68070 5.58254 5.83662 5.76419 5.82425 5.73362 6.26661 6.31214 6.81722 7.39264 7.63550 7.72722 7.72562 7.61302 7.64560 7.63866 7.81584 7.87723 7.85783 7.84180 7.80258 8.50613 9.56499 9.38521 9.40961 8.81110 8.33750 8.35959 8.37466 8.87851 8.67366 8.43055 8.50946 8.34989 8.27635 8.09706 7.76824 8.07818 8.34071 8.62514 8.77726 8.59319 8.46266 8.40023 8.42823 8.62825 8.69395 8.52726 8.72378
3.96275 4.28091 4.53025 4.59813 4.69860 4.71156 4.78936 5.06924 4.84150 4.89175 4.88137 4.72512 4.65121 5.60939 5.86846 5.70571 5.84088 5.76506 5.98094 5.92385 6.09754 6.16537 6.26019 6.33077 6.74603 6.82800 7.08412 7.48539 7.73091 7.70120 7.89275 7.56241 7.72266 7.70348 7.88218 7.92510 7.90897 7.86203 7.86530 7.98449 9.08750 8.79886 8.68261 8.48932 8.14325 8.35145 8.42176 8.82716 8.71079 8.23617 8.03530 7.62574 7.81851 8.02224 8.05490 8.31005 8.60332 8.72891 8.78870 8.52935 8.32160 8.21583 8.25803 8.59014 8.67856 8.54230 8.63190
3.87937 4.18091 4.53796 4.64295 4.80920 4.86114 4.92544 5.19297 5.10814 4.99135 4.99997 4.75067 4.60494 5.22964 5.78559 5.62227 5.91908 6.06633 6.37894 6.62094 6.77334 6.89678 7.02867 7.00292 7.28319 7.23714 7.33338 7.53779 7.90774 7.91942 8.09682 7.51790 7.68553 7.60709 7.73486 7.77016 7.75736 7.80712 7.75599 7.79622 8.44599 8.73834 8.66916 8.54891 8.05288 8.15139 8.06166 8.33157 8.60244 8.50621 8.45371 8.12998 8.08765 8.09648 8.04146 8.23141 8.62743 8.69263 8.67431 8.34440 8.12439 8.19004 8.18459 8.54358 8.68128 8.47034 8.41542
4.10832 4.25827 4.64434 4.80329 4.84968 4.86802 4.82739 4.92323 4.88631 4.74199 4.85605 4.71396 4.60084 4.97649 5.97885 6.06037 6.32580 6.50609 6.76020 6.95149 6.83383 6.95623 6.95579 6.83216 7.09615 7.10709 7.26096 7.39218 7.78723 7.86325 8.13695 7.72353 7.89326 7.84031 7.97370 7.98813 7.90927 8.00914 7.93584 7.96025 8.10716 8.64967 8.49444 8.48908 8.28067 8.58427 8.68496 8.72608 9.08807 9.06613 8.89331 8.69060 8.30871 7.91168 8.04151 8.22841 8.79003 8.86030 8.63464 8.47114 8.07927 8.10935 8.11113 8.37675 8.63919 8.56239 8.65948
4.23188 4.23269 4.56027 4.61237 4.67760 4.75470 4.83267 4.96239 5.11972 4.97776 5.10998 5.13650 5.04935 5.18013 6.25700 6.19347 6.20414 6.35114 6.51770 6.63911 6.56762 6.57104 6.71627 6.58116 6.79653 6.69371 6.82052 6.82570 7.28079 7.39416 7.50076 7.42792 7.59418 7.55511 7.72905 7.72045 7.57781 7.60932 7.54539 7.63552 7.69536 8.57819 8.67737 8.68792 8.59868 8.73841 8.77266 8.80165 9.12660 9.12737 8.97051 8.74150 8.40319 7.86707 8.06791 8.26783 8.85607 8.84654 8.56909 8.35007 8.54181 8.91317 8.97532 9.08946 9.37123 9.27219 9.31537
4.42657 4.47591 4.77886 4.85907 4.87108 4.90248 5.10977 5.27404 5.52267 5.62694 5.50653 5.43750 5.19112 5.16989 5.89029 6.05064 6.12274 6.24162 6.35258 6.40125 6.37293 6.27903 6.29151 6.14568 6.31367 6.28878 6.45715 6.45909 6.90290 7.21649 7.27543 7.47801 7.46690 7.44422 7.51243 7.55817 7.60520 7.73610 7.81001 7.85395 7.84673 8.37311 8.66404 8.68389 8.66894 8.73245 8.69588 8.65625 8.81969 8.78476 8.78370 8.72705 8.65462 8.08778 8.10287 8.34620 8.63634 8.79147 8.64569 8.54631 8.69307 9.22817 9.24507 9.30740 9.48495 9.32346 9.38938
4.67618 4.74330 4.97386 5.15137 5.32618 5.38101 5.50837 5.58148 5.60742 5.73672 5.67855 5.55394 5.40810 5.25935 5.47509 5.64621 5.71635 5.80277 5.92473 5.99542 6.04961 6.04297 6.15389 6.06573 6.24177 6.25743 6.40899 6.41477 6.70663 7.03673 7.07634 7.44264 7.47559 7.72514 7.85609 7.86291 7.79865 7.76140 7.85498 7.88309 7.85968 8.01620 8.65466 8.67665 8.81835 8.97435 8.98745 8.95674 9.04059 9.12712 9.19997 9.10042 9.09174 8.70828 8.56116 8.80048 9.08736 9.18255 9.04535 8.95844 8.95139 9.67213 9.66463 9.76797 9.94825 9.72951 9.86679
5.54395 5.73949 5.74362 5.77057 5.88061 5.87378 5.92817 5.95388 5.90773 6.01178 5.95728 5.77999 5.71090 5.46126 5.62905 5.91084 5.97300 6.03859 6.16778 6.14964 6.25014 6.23804 6.33863 6.31555 6.47850 6.51897 6.73849 6.91841 7.11936 7.44235 7.75532 8.19828 8.24573 8.39271 8.08942 8.12725 8.10701 7.99809 8.14072 8.23071 8.30376 8.37911 8.92996 9.10356 9.19501 9.27785 9.13276 8.98912 8.93486 9.05451 9.35932 9.36702 9.43403 9.30653 8.92313 9.04507 9.19360 9.21751 8.88524 8.80268 8.50144 9.78573 9.89831 9.99235 10.1660 9.91817 10.1044
6.06611 6.15757 6.17489 6.18618 6.22735 6.22401 6.22881 6.22314 6.22171 6.29239 6.24307 6.08367 5.97901 5.69764 5.75786 6.18980 6.21789 6.25655 6.31550 6.28586 6.30859 6.29588 6.33768 6.46731 6.82216 7.07691 7.64030 8.05591 8.37279 8.74156 9.16094 9.51156 9.36765 9.43766 8.54051 8.47674 8.46199 8.22927 8.26184 8.31058 8.33289 8.44576 8.73334 9.05295 9.05426 9.12414 9.08628 9.12091 9.12839 9.11545 9.38855 9.37181 9.59146 9.39652 8.93069 8.79201 8.75803 8.65202 8.36316 8.47349 8.39550 9.78373 10.3142 10.4924 10.5730 10.3390 10.4081
6.29889 6.30465 6.29585 6.29398 6.32483 6.32601 6.32102 6.29317 6.29834 6.34739 6.29930 6.20282 6.03246 5.90219 5.87370 6.28460 6.48961 6.60671 6.69245 6.74376 6.88448 7.11640 7.67496 8.10406 8.42233 8.99618 9.28411 9.38999 9.40849 9.44511 9.51159 9.73138 9.62558 9.57077 8.93731 8.52904 8.52667 8.38619 8.29257 8.48007 8.54667 8.64690 8.69233 9.09362 9.07977 9.13602 9.05469 9.03529 9.03011 8.95193 9.33197 9.38240 9.53209 9.44731 8.94778 8.46817 8.59065 8.84207 8.89796 9.38346 9.52799 10.0437 10.5272 10.5197 10.4964 10.2665 10.3984
6.35128 6.36191 6.36773 6.36708 6.37697 6.35895 6.35200 6.31743 6.35860 6.35100 6.35455 6.33229 6.18936 6.15006 6.09370 6.45628 6.91572 7.25693 7.66959 8.05449 8.38584 8.71926 8.86220 8.95539 8.94255 9.14086 9.33521 9.34538 9.32768 9.34784 9.47315 9.69092 9.69983 9.49996 9.30145 8.58021 8.60230 8.54142 8.35360 8.55615 8.68502 8.73736 8.80770 9.27472 9.33554 9.34853 9.25840 9.21814 9.21570 9.08113 9.59160 9.89044 10.5809 11.2973 11.5305 9.98192 9.85901 9.84550 9.71582 9.82508 9.74870 9.87481 10.6738 10.6575 10.6187 10.4001 10.5092
6.33262 6.39283 6.46196 6.54054 6.58581 6.47435 6.50584 6.47652 6.48315 6.55685 6.62402 6.57789 6.58513 6.81815 7.17040 7.79145 8.60023 9.01930 9.09998 9.24250 9.34282 9.53391 9.57749 9.55869 9.51169 9.47270 9.67751 9.66452 9.62913 9.62830 9.67620 9.79839 9.78846 9.68780 9.68870 8.78089 8.73405 8.70137 8.56565 8.59599 8.80990 8.78757 8.87705 9.24158 9.36099 9.34022 9.24679 9.67391 10.3756 11.0988 11.8710 12.3456 12.1936 12.4586 12.3323 10.5004 9.77373 9.57527 9.58187 9.70116 9.66529 9.76385 10.4818 10.5019 10.4619 10.1711 10.2361
6.77685 6.83442 6.87165 6.88497 6.86221 6.67855 6.62724 6.59613 6.52696 6.51724 6.50368 6.42948 6.53089 7.15195 7.85987 8.49621 9.12511 9.38824 9.42010 9.50265 9.60668 9.70239 9.67697 9.60696 9.55451 9.43392 9.76665 9.74570 9.71191 9.65834 9.69165 9.79156 9.79941 9.89642 9.87448 9.19716 8.75853 8.70908 8.61696 8.43530 8.65102 8.59373 8.95428 9.81270 10.7743 11.4469 12.2789 12.4416 12.6132 12.5910 12.3798 12.4262 12.2471 12.5745 12.5937 11.2360 9.59016 9.35390 9.45091 9.55675 9.50906 9.75828 10.2293 10.3367 10.3967 10.2085 10.2652
6.78125 6.86572 6.85047 6.84545 6.78600 6.68871 6.52286 6.39656 6.33004 6.37196 6.48155 6.61125 6.70056 7.33251 7.83867 8.74526 9.03928 9.21941 9.21323 9.27801 9.37990 9.39529 9.37397 9.29449 9.25885 9.14042 9.44732 9.45409 9.44275 9.38105 9.52558 9.62396 9.61597 9.87452 9.79997 9.55945 8.83306 8.79773 8.91014 9.41052 10.2722 11.2089 11.7603 11.6999 12.0265 12.1600 12.3061 12.4509 12.5774 12.5158 12.2867 12.4369 12.3395 12.6695 12.8478 12.3749 9.51672 9.25996 9.32910 9.35366 9.31293 9.64029 10.1119 10.1762 10.2134 10.0281 9.99046
6.61599 6.70277 6.66384 6.63409 6.61320 6.59437 6.45772 6.38066 6.54024 6.56648 6.67535 6.86761 6.90254 7.21594 7.68287 8.88576 9.16244 9.27839 9.22299 9.29981 9.40897 9.43449 9.36984 9.31837 9.24996 9.14045 9.39869 9.52217 9.66618 9.74431 9.85096 9.71965 9.61095 9.83795 9.71323 9.60691 9.52394 9.77474 9.62977 10.1372 10.8817 11.3652 11.4940 11.3932 11.5427 11.7308 11.8694 12.0994 12.2603 12.2256 12.1429 12.3915 12.5940 12.8740 13.1380 13.2016 10.2108 9.08250 9.10839 9.14456 9.12119 9.25214 9.88311 9.99143 9.95309 9.74193 9.64159
6.42049 6.61896 6.62919 6.58882 6.58819 6.56342 6.50814 6.53084 6.65203 6.75790 6.89275 7.11192 7.18349 7.38005 7.92694 8.76336 9.35673 9.53100 9.58502 9.63173 9.70320 9.73087 9.69882 9.73063 9.79358 9.75820 9.93187 10.1094 10.1599 10.0914 10.0230 9.91956 9.64898 9.75341 9.67409 9.62603 9.82847 10.0782 9.91454 10.0666 11.1533 11.6824 11.5091 11.4402 11.4146 11.6881 11.9593 12.2632 12.3674 12.3693 12.4273 12.6227 12.9586 13.1610 13.2780 13.3707 11.6679 9.31446 9.22800 9.20736 9.10069 9.12137 9.71584 9.92311 10.0430 9.97193 9.91137
6.24932 6.48399 6.58167 6.54857 6.58067 6.58689 6.55197 6.64588 6.70204 6.84525 6.96733 7.12823 7.17257 7.31136 7.60861 8.14503 9.03429 9.29303 9.49607 9.55136 9.72674 9.81973 9.92788 9.95331 9.94067 9.76638 9.74722 9.79991 9.80067 9.77598 9.81821 9.90344 9.63952 9.71090 9.68846 9.62076 9.59024 9.95055 9.96432 9.96038 11.1291 11.9054 11.8602 12.0270 12.0598 12.2387 12.6399 12.7917 12.7838 12.6037 12.7546 12.8311 13.2034 13.3127 13.3494 13.3343 12.6939 9.20349 9.03057 9.08298 9.08279 9.10321 10.0535 10.4166 10.4059 10.2249 9.96558
6.22735 6.43755 6.53292 6.47702 6.47457 6.47421 6.38420 6.48234 6.48966 6.70599 6.88200 7.09398 7.24909 7.43150 7.65904 8.08264 9.12610 9.51904 9.76694 9.84715 9.85522 9.81944 9.81290 9.86425 9.84307 9.72925 9.79909 9.85978 9.98794 10.0667 10.1032 10.1264 9.98339 9.79320 9.82421 9.81724 9.74662 10.2519 10.3941 10.2831 10.7293 11.7905 11.7858 12.0563 12.1058 12.2201 12.7577 12.8399 12.9184 12.6598 12.6753 12.8009 12.8416 12.8542 12.9478 13.1867 13.2554 9.75461 9.19029 6.84519 7.00140 6.80234 10.5001 10.5247 10.5084 10.4229 9.99650
6.11738 6.22466 6.28608 6.23878 6.21369 6.18843 6.10727 6.37020 6.43055 6.68125 6.87221 7.09357 7.45292 7.68208 7.86692 8.28622 9.03912 9.64174 9.76435 9.80799 9.81816 9.87297 9.96780 10.1343 10.2449 10.1684 10.1774 10.2050 10.2661 10.3150 10.3627 10.4106 10.3845 10.0758 10.0728 9.84587 9.75294 10.1059 10.4691 10.3790 10.5435 11.7103 11.8768 12.0484 12.0940 12.2597 12.5613 12.6740 12.7011 12.4631 12.4169 12.6358 12.6329 12.7325 12.8356 7.68139 7.20756 7.21077 6.83608 6.83197 7.02401 6.52804 10.3960 10.3193 9.94825 9.71401 9.38218
