OMI_NO2_yc_0.0167deg/OMI_NO2_yc_0.0167deg/OMI_NO2_200702.asc
ncols      200
nrows      200
xllcorner       110.913
yllcorner       33.7933
cellsize     0.0166667
NODATA_Value      -999.000
[rows 29 to 57 of 184, columns 67 to 133 of 200]
6.67153 6.65126 6.71296 6.63482 6.00356 6.07416 6.23723 6.21747 6.09647 6.16570 5.87400 5.86248 5.78139 5.63323 5.62697 5.60410 5.52174 5.53826 5.54762 5.20715 5.15704 5.14549 5.13395 5.12238 5.11087 5.11743 5.30543 5.42937 5.41738 6.56303 7.72044 7.89482 7.90783 7.83446 7.79983 7.87896 8.38781 8.58033 8.57224 8.46379 8.38775 8.29623 8.19266 8.21195 8.03612 7.84884 7.85378 7.88642 8.04090 8.52477 8.55396 8.87396 9.19559 9.18862 9.18862 9.19452 9.27146 9.19354 9.65618 11.5667 11.5738 11.6709 12.7262 12.7349 12.7349 12.7349 12.7357
6.49926 6.63257 6.82773 7.07772 6.43418 6.38862 6.36998 6.26187 6.04847 6.03366 5.67256 5.60452 5.56774 5.50133 5.51587 5.50794 5.37871 5.35665 5.34975 5.12797 4.99500 5.01243 5.02987 5.03936 5.03636 5.03341 5.18375 5.37943 5.37567 5.96961 7.56678 7.91190 7.92402 7.87872 7.78871 7.80548 8.01816 8.33384 8.24237 8.10738 7.91853 7.90671 7.92216 7.93759 7.92655 7.95980 7.98217 7.98277 8.02134 8.46136 8.55658 8.62992 9.29594 9.34257 9.44027 9.53215 9.55292 9.42377 9.33152 11.2838 11.5738 11.5842 12.5210 12.7375 12.7388 12.7400 12.7405
7.22196 7.06113 7.03980 7.16400 6.43546 6.28918 6.28537 6.17287 5.96217 5.89431 5.65677 5.48506 5.48506 5.48627 5.48901 5.49169 5.41976 5.36050 5.36317 5.28048 5.11094 5.17990 5.24959 5.32635 5.41646 5.51317 5.72877 5.43905 5.34764 5.60699 7.27349 7.75999 7.73388 7.61456 7.43833 7.35554 7.44882 8.02944 8.08003 8.10758 8.00166 8.01813 8.03261 8.03120 7.98479 7.98277 7.98277 7.98277 8.02155 8.44376 8.78160 8.87905 9.47706 9.55292 9.55292 9.55292 9.55292 9.50969 9.41227 10.7725 11.8605 11.9399 12.4012 12.7405 12.7416 12.7440 12.7463
7.20860 7.10394 7.03608 7.08369 6.60088 6.22854 6.21125 6.13869 5.97797 5.88261 5.80014 5.49768 5.53964 5.63150 5.72198 5.81130 5.86363 5.82182 5.89078 5.95219 5.75122 5.75059 5.77464 5.79906 5.82348 5.84109 5.90804 5.65286 5.36392 5.37228 6.74835 7.20623 7.40531 7.40519 7.33583 7.33810 7.41744 7.91276 8.18429 8.18429 8.09807 8.03261 8.03261 8.03261 8.01095 8.08339 8.18113 8.27888 8.34518 8.51679 8.92002 8.92088 9.27677 9.58983 9.67928 9.76904 9.85877 9.92052 9.66986 10.2571 11.9593 11.9618 12.2363 13.1127 13.9834 14.8562 15.7892
7.16649 7.13087 7.00928 7.04142 6.77331 6.29842 6.32985 6.33927 6.26768 6.17102 6.22356 6.18646 6.21851 6.19877 6.17863 6.15824 6.15028 6.04868 6.04804 6.07245 5.90469 5.84141 5.84041 5.83867 5.83693 5.83520 5.86203 5.80907 5.34450 5.33863 6.30001 7.02418 7.32544 7.33436 7.27991 7.25778 7.29339 7.54428 8.06399 8.05561 8.01845 7.95401 8.03373 8.11341 8.16668 8.14907 8.13994 8.13073 8.12224 8.25226 8.75969 8.96795 9.23015 9.66756 9.66055 9.65349 9.64641 9.63807 9.71096 10.5372 13.2743 14.4241 15.7306 17.9888 18.4000 18.7831 19.1099
7.44680 7.49042 7.36415 7.36625 7.22200 6.54517 6.48978 6.46098 6.36860 6.15216 6.12277 6.07358 5.99415 5.99787 6.02375 6.04968 6.07529 6.00913 5.90802 5.89852 5.78708 5.63162 5.62430 5.61742 5.61056 5.60468 5.60793 5.72643 5.21505 5.19875 5.77831 6.64014 6.93090 7.04094 7.03187 7.02326 7.03829 7.17433 7.91714 8.07269 8.15755 8.05314 8.03448 8.06591 8.11386 8.20578 8.35095 8.49639 8.64094 8.78141 9.10442 9.35113 9.37024 9.79834 10.5389 11.3107 12.0821 12.8557 13.3439 13.4623 15.7621 17.2152 17.8120 19.7828 20.0082 20.1047 20.4156
7.36187 7.36187 7.27897 7.17741 7.16319 6.36493 6.26924 6.24861 6.16036 6.00118 6.00111 6.05788 5.99270 6.01202 6.01086 6.00963 6.00807 5.99009 5.84499 5.84326 5.81540 5.60074 5.60642 5.61317 5.62408 5.64863 5.66937 5.78965 5.44398 5.30249 5.60801 6.64989 6.94983 7.20531 7.29847 7.38826 7.48703 7.67103 8.16007 8.52937 8.58209 8.60605 8.68877 8.78778 8.86390 8.92112 8.92549 8.92516 8.89874 8.81542 9.20244 12.2401 13.0566 13.6048 13.6751 13.7263 13.7774 13.8264 13.8581 13.8847 15.3081 17.7561 18.6345 20.9037 22.1454 22.8449 23.3248
7.36187 7.36187 7.34825 7.14610 7.12874 6.48279 6.27225 6.30429 6.22129 6.03548 5.89634 5.83973 6.08725 6.11951 6.13946 6.15998 6.18303 6.20851 6.11881 6.10538 6.13583 5.96630 5.94516 5.96898 5.98981 5.99703 6.00302 6.07341 5.89419 5.57807 5.58620 6.66829 6.98814 7.57676 7.68180 7.65982 7.66106 7.91670 8.27063 8.87757 8.90096 8.92696 9.02540 9.02581 8.94232 8.85049 8.74226 8.62935 8.54220 8.54876 9.13730 13.0397 14.0866 14.0601 14.1069 14.1069 14.1069 14.1069 14.1103 14.1459 14.9414 18.6352 20.7533 22.2626 23.3020 23.3406 23.3406
7.16627 7.16141 7.18165 7.02575 6.88110 6.54230 6.19287 6.09200 6.02170 6.03266 6.10563 6.11160 6.36217 6.46032 6.46385 6.47602 6.49828 6.50550 6.44734 6.34606 6.34819 6.22434 6.10811 6.10473 6.09576 6.08582 6.06254 6.04930 5.99045 5.48149 5.47368 6.37127 6.91052 7.36004 7.76111 7.75825 7.76539 7.87813 8.19054 8.78618 8.79544 8.67798 8.64821 8.56682 8.54898 8.56212 8.58637 8.61070 8.63498 8.65103 9.06821 11.4883 14.1083 14.0344 14.0963 14.1343 14.1779 14.2215 14.2617 14.2697 14.7719 17.2879 20.6552 21.8093 23.2734 23.5360 23.7345
6.89593 6.81820 6.71563 6.58282 6.44737 6.35483 6.14533 6.12426 6.09852 6.06150 6.15112 6.14859 6.29368 6.48152 6.48143 6.48496 6.51551 6.49054 6.45306 6.27449 6.23810 6.17510 6.04497 6.01418 5.98568 5.95733 5.94280 5.99026 6.15072 5.60360 5.36743 5.92870 6.71064 7.03453 7.67843 7.55847 7.43414 7.32896 7.63531 8.02198 8.43718 8.45482 8.52695 8.61599 8.64026 8.65140 8.65140 8.65140 8.65140 8.65140 8.92499 9.91114 14.1552 14.2057 14.1355 14.2697 14.2697 14.2697 14.2697 14.2697 14.5292 15.7348 20.2670 21.3841 23.2724 24.1507 24.2039
6.62346 6.62346 6.62346 6.62238 6.46750 6.40474 6.15752 6.11905 6.10698 6.03958 6.12077 6.10377 6.13302 6.37393 6.35267 6.32323 6.32477 6.33215 6.33202 6.20703 6.12042 6.09107 5.95738 5.96398 6.03836 6.12340 6.20391 6.24661 6.33034 5.87241 5.39739 5.46139 6.34977 6.44096 6.95325 7.17774 7.16941 7.19506 7.53970 7.82285 8.53007 8.53881 8.54843 8.64944 8.65140 8.65140 8.65140 8.65914 8.69917 8.74277 8.91676 9.44108 13.2806 14.2712 14.1082 14.2697 14.2715 14.2758 14.2800 14.2843 14.3458 15.6028 18.8377 21.1998 23.5082 24.2948 24.4896
6.62346 6.62296 6.62038 6.61882 6.57000 6.53983 6.13096 6.00406 5.99430 5.92896 6.00333 6.07238 6.10658 6.26778 6.29654 6.28713 6.27224 6.26808 6.23988 6.18868 6.13383 6.21734 6.22598 6.24633 6.25666 6.20687 6.14303 6.07916 6.06517 5.79929 5.23783 5.02012 6.20149 6.38393 6.71190 7.27519 7.29486 7.30305 7.48459 7.76211 8.37651 8.55291 8.55495 8.63948 8.70780 8.75352 8.79910 8.83711 8.84265 8.84479 8.85881 9.45139 11.7137 14.3184 14.1376 14.5022 14.5848 14.6648 14.7449 14.8249 14.8894 15.6717 16.2947 19.5252 20.5486 20.1838 19.9584
6.82859 6.93131 7.03662 7.14101 7.17175 7.00162 6.47049 6.17567 6.18591 6.11743 6.12163 6.17797 6.15059 6.15609 6.18091 6.15914 6.20815 6.34353 6.44139 6.52617 6.31782 6.22968 6.12672 5.98593 5.92313 5.90658 5.90392 5.90127 5.93192 5.95790 5.23151 5.07038 6.00534 6.35360 6.43983 7.16160 7.37865 7.38032 7.42799 7.83378 8.19222 8.69013 8.73370 8.81487 8.89735 8.89735 8.89826 8.90446 8.92436 8.96613 9.00881 9.52242 10.3630 14.5761 14.4393 14.9601 14.8934 14.0289 13.0802 12.0853 11.0411 10.7782 11.4890 16.0110 18.6731 19.8599 21.2403
7.39810 7.40240 7.40611 7.40981 7.41345 7.22692 6.81935 6.27755 6.24180 6.09481 5.95183 6.01293 6.03957 6.16168 6.32965 6.42281 6.41373 6.37159 6.32070 6.25686 6.09434 5.99249 5.98633 5.88420 5.88703 5.91134 5.93736 5.96341 5.99444 6.07618 5.46305 5.24668 5.76463 6.43300 6.57216 7.05959 7.58846 7.69073 7.76615 8.20940 8.41871 9.16413 9.21597 9.24656 9.39715 9.45233 9.49384 9.53037 9.55279 9.55317 9.55285 9.85696 10.0855 12.6178 12.3382 11.5069 11.4679 11.6925 11.9580 12.2172 12.4691 13.0869 13.7764 15.6032 20.1256 21.7232 22.4396
7.41467 7.41467 7.41467 7.41467 7.41467 7.31569 6.96835 6.21254 6.17244 6.19884 6.12561 6.28583 6.31253 6.27293 6.26715 6.22118 6.22969 6.25164 6.28996 6.30285 6.27633 6.12891 6.16781 6.12508 6.12983 6.14892 6.16753 6.18627 6.20498 6.29975 5.93942 5.54344 5.90605 6.89935 6.97147 7.15975 7.93349 7.96226 7.92730 8.24816 8.51981 9.00163 9.15165 9.08667 9.36754 9.53442 9.54113 10.1565 10.6512 10.8512 11.0462 11.3688 11.8877 12.1001 12.2803 11.9914 12.6315 12.6303 12.6290 12.6276 12.6262 12.8207 13.7029 14.1865 19.3646 22.0379 22.2854
7.47595 7.50210 7.52824 7.55439 7.59772 7.67358 7.39031 6.82215 6.69250 6.66946 6.43116 6.45687 6.48412 6.49733 6.53025 6.51533 6.52527 6.55899 6.61029 6.63791 6.65749 6.46498 6.42806 6.37977 6.31795 6.31392 6.30270 6.27179 6.23927 6.33123 6.22381 5.61790 5.72033 6.83899 6.78260 6.83595 7.53379 7.75255 7.71422 7.84453 8.40033 8.68431 9.13710 9.10040 9.17174 9.40105 9.35210 10.3757 11.5341 11.5372 11.5403 11.5731 11.9550 11.9968 12.2758 11.8680 12.5909 12.6238 12.6164 12.6057 12.5950 12.6077 13.6354 13.6811 17.6074 21.9047 22.0451
7.82696 7.86950 7.87600 7.89616 7.88249 7.83353 7.57698 7.06627 6.71018 6.70104 6.50914 6.47366 6.48907 6.51925 6.57613 6.60951 6.62775 6.62880 6.63229 6.63484 6.61359 6.46959 6.31546 6.26805 6.16272 6.14187 6.14678 6.16542 6.16022 6.20501 6.23245 5.75651 5.69151 6.84787 6.85399 6.92708 7.28808 7.81662 7.76423 7.71791 8.25514 8.28730 8.91373 8.94570 8.95489 9.31416 9.35018 9.79490 11.5454 11.5454 11.5454 11.5454 11.8907 11.9571 12.2039 11.9850 12.2826 12.5875 12.5842 12.5842 12.5842 12.5842 13.4197 13.6944 15.6710 21.6445 22.3794
7.74528 7.68462 7.66070 7.72642 7.74880 7.74880 7.68578 7.22066 6.71065 6.72256 6.61935 6.56850 6.61120 6.60767 6.58851 6.57604 6.52723 6.49387 6.46175 6.42558 6.38000 6.31784 6.10175 6.09336 6.01996 5.99453 5.94707 5.85355 5.74898 5.67558 5.74320 5.66690 5.63501 6.43582 6.68363 6.70531 6.77461 7.56325 7.58883 7.59456 8.06547 8.37479 8.77696 8.95774 8.95857 9.18814 9.35463 9.37236 11.3767 11.5454 11.5432 11.5341 11.7759 11.9266 12.0617 12.1438 11.9357 12.5842 12.5842 12.6210 12.7022 12.7835 13.4882 14.0510 14.2527 20.7466 22.2043
7.66070 7.66070 7.66070 7.69260 7.75638 7.79129 7.82866 7.45968 6.86752 6.73570 6.61453 6.43516 6.38223 6.30977 6.26223 6.28607 6.23235 6.19701 6.17372 6.17996 6.20719 6.23362 6.06106 5.93940 5.79394 5.65628 5.56745 5.52765 5.47417 5.40433 5.49131 5.41161 5.32505 5.88654 6.51290 6.55300 6.75893 7.44773 7.80472 7.87127 8.10561 8.53306 8.65598 8.95857 8.95857 9.04765 9.35272 9.34338 10.7795 11.5119 11.5030 11.5010 11.6569 11.9097 11.9498 12.2747 11.8100 12.7178 12.7166 12.6786 12.5963 12.5138 12.8084 13.4066 13.3777 17.8856 21.7439
7.66747 7.63745 7.56544 7.49491 7.48080 7.33983 7.18820 6.91817 6.49254 6.34556 6.26209 6.03567 6.04788 6.04919 6.04819 6.14203 6.17702 6.19293 6.20375 6.19897 6.19930 6.19625 5.95372 5.52143 5.42591 5.29211 5.21628 5.14362 5.12102 5.11598 5.23056 5.28057 5.29077 5.62708 6.64726 6.64964 6.83662 7.19411 7.83589 7.83445 7.87471 8.46937 8.48611 8.86135 8.88557 8.87580 9.20883 9.25962 10.1144 11.4502 11.4434 11.4829 11.5993 12.0006 12.0581 12.3434 11.9041 12.2860 12.4200 12.4484 12.4772 12.5058 12.7065 13.6455 13.6706 15.5913 21.6222
6.84130 6.73860 6.67779 6.61883 6.71211 6.78670 6.78148 6.75756 6.32028 6.15355 6.14490 5.91148 5.93129 5.96935 5.99300 6.04937 6.10459 6.09051 6.08001 6.02045 5.95535 5.88462 5.77137 5.13977 5.11928 5.04771 5.04304 5.05752 5.11960 5.18528 5.33074 5.47684 5.43786 5.45395 6.64330 6.61010 6.74995 6.94477 7.79895 7.89065 7.89822 8.39510 8.56211 8.81280 8.98877 8.98569 9.19958 9.45719 9.79036 11.7874 11.8652 11.8958 11.9143 12.3097 12.3599 12.5433 12.4377 12.3766 12.4966 12.3009 12.1001 11.8986 11.7084 12.4012 12.2261 12.4470 20.6967
6.55278 6.55278 6.55278 6.55278 6.59110 6.75160 6.75167 6.75167 6.46385 6.22675 6.22900 6.05896 6.00593 6.02349 5.96143 5.86392 5.85122 5.83065 5.77398 5.76823 5.77300 5.77473 5.77479 5.35182 5.20352 5.21764 5.25723 5.30848 5.31219 5.31224 5.35211 5.48343 5.45269 5.43193 6.59635 6.91523 6.94011 7.09463 7.74980 8.16206 8.18067 8.40485 8.62942 8.75258 9.12202 9.16191 9.28175 9.73531 9.75629 11.3808 11.5167 11.3998 11.2780 11.2485 11.1414 10.9603 10.6781 10.4111 10.9235 10.9148 10.9118 10.9090 10.9065 11.6217 11.8679 11.8533 17.6174
6.55278 6.55278 6.55278 6.55318 6.55504 6.71699 6.75717 6.77692 6.65546 6.33326 6.17176 5.91121 5.65606 5.57897 5.53646 5.53781 5.64039 5.75489 5.78954 5.80022 5.84456 5.98119 6.05768 5.90953 5.47436 5.45657 5.41805 5.42883 5.43957 5.45095 5.47871 5.56858 5.54936 5.49560 6.29693 6.84139 6.84049 7.02499 7.42732 8.23036 8.30272 8.44009 8.81983 8.85512 9.25503 9.34642 9.38516 9.88472 10.0259 10.3583 10.5934 10.5892 10.5817 10.6362 10.6982 10.6934 10.6843 10.2011 10.8503 10.8794 10.8788 10.8681 10.8537 11.3635 11.8117 11.8101 14.9790
6.68445 6.61897 6.62109 6.64559 6.70283 6.75727 6.74709 6.63591 6.42287 6.00655 5.89159 5.81392 5.62068 5.67128 5.69274 5.70406 5.78591 5.89493 5.97039 5.97307 5.98744 6.22825 6.23794 6.21630 5.60905 5.54103 5.56530 5.58455 5.59130 5.57092 5.53695 5.51131 5.46116 5.45982 5.85530 6.90193 7.11250 7.30889 7.63385 8.41061 8.60587 8.59598 8.93674 8.98415 9.22390 9.45370 9.45340 9.71874 10.0383 10.1979 10.5652 10.5619 10.5619 10.5937 10.6933 10.6933 10.6933 10.2843 10.6434 10.8431 10.8294 10.8257 10.8257 11.1491 11.8101 11.8101 13.3755
7.13728 6.71211 6.66210 6.58429 6.46460 6.41892 6.46940 6.47140 6.43964 6.13913 5.97774 5.95064 5.68698 5.71756 5.74333 5.74535 5.78090 5.85979 5.94336 5.92886 5.91242 6.07028 6.14431 6.11398 5.68588 5.35210 5.38915 5.34634 5.28164 5.20059 5.07987 5.01896 4.97863 5.37063 5.59242 6.98292 7.24625 7.32029 7.50165 7.98715 8.55720 8.55713 8.80807 9.01054 9.11124 9.43119 9.42411 9.48633 10.0149 10.0500 10.5524 10.5619 10.5619 10.5625 10.6724 10.6609 10.6465 10.3612 10.4031 10.8257 10.8257 10.8257 10.8256 10.9581 11.8096 11.8093 12.1478
7.23725 6.41535 6.41535 6.41535 6.41535 6.41535 6.45232 6.47214 6.47505 6.22708 6.01159 5.96670 5.69522 5.65460 5.67157 5.65422 5.64389 5.64816 5.70191 5.70034 5.66338 5.68644 5.79637 5.73996 5.55161 5.02739 5.02618 5.03829 4.97491 4.95493 4.97397 4.95652 4.94232 5.15793 5.38049 6.70474 7.09895 7.29643 7.38499 7.67519 8.58374 8.65326 8.80631 9.11113 9.11113 9.36268 9.42218 9.42218 9.86710 10.0184 10.4217 10.5333 10.5189 10.5087 10.6114 10.6397 10.6403 10.4892 10.2035 10.8384 10.8236 10.7703 10.7155 10.6656 11.4974 11.5023 11.4409
7.61276 6.41617 6.41535 6.41609 6.42971 6.46540 6.51438 6.58027 6.61134 6.46138 6.13100 5.87750 5.68899 5.59303 5.64132 5.64234 5.64234 5.46861 5.43567 5.48964 5.45096 5.43563 5.59529 5.49174 5.36459 4.88210 4.84858 4.92746 4.88521 4.84118 4.79674 4.78797 4.83016 4.95534 5.37797 6.40581 7.02878 7.42951 7.48437 7.81511 8.43969 8.79340 8.81336 9.21052 9.22997 9.37553 9.53910 9.52908 9.75179 10.1086 10.3802 10.6571 10.6612 10.6683 10.7563 10.8299 10.8445 10.8204 10.3314 10.5784 10.5825 10.6084 10.6383 10.6680 11.3895 11.6999 11.7357
7.71332 6.66640 6.54906 6.58294 6.60395 6.60288 6.60122 6.62998 6.63117 6.50403 6.26232 5.83099 5.74070 5.63410 5.64826 5.61564 5.57503 5.43861 5.28307 5.30856 5.18796 5.05928 5.13373 5.20980 5.17099 4.90775 4.66609 4.80723 4.82507 4.82507 4.83214 4.85954 4.92491 4.96906 5.48991 6.14167 7.06059 7.40293 7.49281 7.83505 8.14106 8.85955 8.86785 9.17045 9.29621 9.33288 9.62148 9.65075 9.71650 10.2873 10.4548 10.9015 10.9293 10.9542 11.0143 11.1193 11.1358 11.1524 10.9679 11.0873 11.2139 11.2079 11.2019 11.2131 11.7452 12.2741 12.2857
6.70733 6.61707 6.55128 6.55128 6.55128 6.55128 6.55128 6.57212 6.59222 6.52571 6.32728 5.83122 5.67005 5.50847 5.50416 5.40319 5.26420 5.08180 4.81568 4.88300 4.85993 4.81901 4.87821 5.10491 5.10446 5.03413 4.67029 4.79100 4.88213 4.90876 4.92827 4.92745 4.95189 4.96710 5.33239 5.72114 7.32377 7.45624 7.75622 8.04035 8.20724 9.00513 9.10649 9.30425 9.60145 9.60835 9.82353 9.87474 9.84644 10.3205 10.5638 11.0684 11.0990 11.0965 11.0997 11.1113 11.1015 11.0918 10.9659 10.9584 11.1424 11.1654 11.1855 11.1883 11.4903 12.1850 12.1850
