OMI_NO2_yc_0.0167deg/OMI_NO2_yc_0.0167deg/OMI_NO2_200612.asc
ncols      200
nrows      200
xllcorner       110.913
yllcorner       33.7933
cellsize     0.0166667
NODATA_Value      -999.000
[rows 87 to 115 of 165, columns 67 to 133 of 200]
24.2558 24.2405 23.4302 23.1409 23.1253 22.9174 22.5728 22.2231 21.8380 19.9289 16.1713 14.7334 14.3724 14.3684 14.4107 13.6526 12.1906 12.0864 11.7961 11.4227 11.6643 11.9795 12.2339 12.4883 12.6945 12.7990 12.8021 12.7626 12.7626 13.8516 18.9837 20.1051 20.5131 20.5321 20.5723 22.2278 22.3801 22.3810 22.3765 21.5066 21.3011 21.2629 21.2211 21.1829 21.1448 21.1142 21.4109 22.9195 24.2460 19.9351 19.9542 20.1009 20.6855 20.8635 21.0882 21.2889 21.4689 21.6140 21.7570 21.9000 22.0433 22.2606 23.0417 23.4588 23.0789 23.0789 23.6619
24.0211 23.7017 22.7909 21.8053 21.4303 21.2482 21.2021 21.1616 21.1068 20.1060 16.5554 15.4796 15.3914 15.3155 15.2517 14.3526 13.5575 12.9259 13.0788 12.5776 12.7363 12.8722 12.9199 13.0199 13.1504 13.2653 13.2819 13.1874 13.2788 13.7126 18.1147 19.9963 20.6100 20.6185 20.6271 21.8385 22.4105 22.3758 22.3411 21.7134 21.1875 21.1874 21.1911 21.1911 21.0272 20.2746 19.5255 19.9343 21.5385 20.3310 19.9818 19.9992 22.0289 22.2859 22.2859 22.2859 22.2859 22.2859 22.2859 22.2853 22.2816 22.3036 22.6004 23.6408 22.8058 22.5709 22.5290
22.6751 22.5533 22.2451 21.1554 20.9729 20.6428 20.2747 19.8866 19.5483 19.3882 16.3911 15.5661 15.0705 14.4449 14.0692 13.1784 13.0661 13.5916 13.8624 13.2904 13.3423 13.5673 13.6750 13.7305 13.7554 13.7802 13.7995 13.6310 13.6470 13.6993 16.6181 19.8440 20.5443 20.5828 20.5397 21.2478 22.2402 22.2129 22.1857 21.7284 20.3622 19.5010 18.6895 17.8823 17.2678 17.2498 17.2818 17.9828 20.1362 21.1954 19.9436 19.9515 21.4546 22.2548 22.2451 22.2333 22.1324 21.9958 21.9954 21.9957 20.8526 20.0868 19.7632 20.9012 21.1512 21.1512 21.1512
22.3489 21.6772 21.2338 19.6571 19.3726 19.3147 19.2953 19.2935 19.1115 18.7529 16.6420 14.2073 14.1000 13.8783 13.9282 13.8260 13.8625 14.2951 14.5654 14.0479 13.7523 13.8701 13.8831 13.8831 13.8831 13.8831 13.9238 14.0725 14.3544 14.7044 15.7184 20.2535 21.1876 21.6543 21.8037 21.4621 20.8976 20.1748 19.4519 18.4524 17.0838 16.9639 16.9641 16.9609 16.9275 16.8797 16.8358 17.2427 18.8778 21.1694 19.1636 19.0364 19.9985 21.4828 21.4949 21.5084 21.6141 21.7526 21.7526 21.7526 20.4762 19.1885 19.2461 20.2753 21.0996 21.2275 21.3563
21.0383 20.4874 20.4798 19.6271 19.1258 18.7891 18.4524 18.1172 17.9619 17.9839 17.0898 14.3731 14.4150 14.2198 14.1919 14.2233 14.0650 14.4993 14.7503 14.5588 14.2826 14.5469 14.8803 15.2038 15.5251 15.8461 16.1268 16.1843 16.1940 16.1945 16.5879 19.1892 19.5847 19.3273 18.6124 18.3970 18.5888 18.5535 18.5198 18.4108 16.8572 16.7865 16.7732 16.7568 16.7405 16.8375 17.2027 17.7462 18.5591 20.2573 19.1261 19.3765 19.6891 21.7512 21.7342 21.7130 21.6917 21.6705 21.6894 21.8391 21.4642 19.6872 19.9209 20.6044 21.6020 21.6020 21.6020
21.6963 20.4698 20.1257 19.3173 18.4917 18.5438 18.5970 18.6501 18.7030 18.7562 18.6596 15.7827 15.2754 15.2215 15.1194 15.1685 14.9664 15.3920 15.6152 15.7396 15.8187 16.0309 16.1272 16.1250 16.1250 16.2106 16.5988 17.0228 17.5855 18.0840 18.5164 18.1490 17.8716 18.5972 18.6343 18.6619 18.5195 18.4214 18.4175 18.4136 17.0916 16.7284 16.7164 16.7163 17.4519 18.7831 18.7931 18.7890 19.4116 20.0776 20.1883 19.2717 19.2521 21.3304 21.8070 21.9877 22.1679 22.3491 22.4891 22.4992 22.4718 20.2655 20.0597 20.2631 21.6790 21.8381 21.9525
21.0378 20.2528 20.0032 19.8065 18.9111 18.9560 18.9969 19.0374 19.0782 19.1189 19.1450 17.1467 15.2801 15.6139 15.6028 15.7723 15.7807 15.9733 16.0959 16.1104 16.0544 16.4598 17.0042 17.4548 17.9053 18.2701 18.3325 18.3556 18.4862 18.5371 18.5744 18.7549 17.9295 18.4689 18.5862 18.5773 18.4784 18.3112 18.3056 18.2996 17.3391 16.5876 16.5408 16.5190 16.6921 18.5573 18.5564 18.5485 19.0286 19.3252 21.1049 19.7807 19.9690 21.5552 22.4992 22.4992 22.4992 22.4992 22.4992 22.5265 22.6039 21.2118 20.3561 20.5275 21.6273 21.9864 21.9707
20.9477 20.1824 19.7666 19.7652 19.1535 19.1166 19.1158 19.1154 19.1516 19.2120 19.2728 18.2626 16.1293 16.2885 16.0819 16.0898 16.2344 16.5452 17.2119 17.6513 18.0881 18.2465 18.2192 18.2416 18.2543 18.2671 18.2798 18.3016 18.4217 18.5413 18.5413 18.8748 18.0103 18.1909 18.4162 18.4018 18.3603 18.1198 18.1039 18.0900 17.5037 16.4086 16.3683 16.3645 16.3148 17.9263 18.3135 18.2528 18.4816 18.7943 21.4784 20.0924 20.0175 20.8223 22.3588 22.3912 22.4688 22.5518 22.6373 22.6953 22.7035 21.9586 20.3115 20.3513 21.1532 21.9264 21.9320
21.0226 20.4313 19.7573 19.7461 19.3685 19.2742 19.3523 19.4303 19.4716 19.4883 19.5050 19.3119 17.1948 17.2686 17.5007 17.8582 18.1104 17.8829 18.2367 18.2768 18.2964 18.3988 18.3570 18.3614 18.3962 18.4321 18.4951 18.6223 18.7474 18.8424 18.9348 19.3312 18.8502 17.9933 18.3400 18.3369 18.3335 18.1179 18.0722 18.0328 17.7448 16.2217 16.1180 16.0448 16.0274 17.0844 18.1623 18.0932 17.7875 17.8712 18.9452 19.9130 19.7145 19.9699 22.6713 22.7385 22.7463 22.7487 22.7487 22.7487 22.7487 22.6164 20.3955 20.3448 20.7332 21.8844 22.0103
20.8758 20.5350 19.7808 19.6594 19.5786 19.5157 19.5169 19.8791 20.5218 21.1781 21.8525 22.4291 20.3876 18.6268 18.3857 18.3960 18.5666 18.5300 18.9317 18.6988 18.4616 18.6963 18.8125 18.9682 19.1374 19.3068 19.4494 19.5291 19.6059 19.6829 19.7598 19.8062 19.3094 17.9963 18.2288 18.2194 18.1616 17.9585 17.7919 17.7413 17.6831 16.0668 15.8009 15.3800 14.9157 14.8694 16.3213 16.0274 16.0510 16.7049 17.3540 19.6329 19.5865 19.5529 22.0747 22.5909 22.5569 22.5353 22.6792 22.8783 23.0189 23.0742 22.2065 22.4932 23.1459 25.0332 25.6157
20.9355 20.7583 20.1134 20.4429 21.1465 21.5791 22.2588 22.5745 22.6092 22.6304 22.6314 22.7410 21.7965 19.8237 19.6088 19.7541 20.0246 20.1189 20.1504 20.3414 19.8047 19.9489 20.0439 20.0309 20.0309 20.0309 20.0309 20.0309 20.0309 20.0533 20.1639 20.2870 19.8331 18.1839 17.9896 18.1740 18.1291 17.8225 16.7617 16.2625 15.7830 14.3773 13.5970 13.5905 13.6614 13.7287 15.8415 16.1301 16.1233 16.5314 17.0640 19.1292 19.3449 19.3456 21.8202 23.8699 23.9786 24.0757 23.9704 23.8024 23.7045 23.7039 23.9207 24.1890 24.3777 25.7398 26.5574
22.7436 23.4755 23.4900 23.2757 23.3570 23.0626 23.0656 23.5516 24.2268 24.9026 25.5771 26.1434 25.7997 22.3701 21.2556 20.9864 20.9779 21.0594 20.8124 20.9093 19.8184 19.6486 19.6542 19.5737 19.5363 19.5822 19.6595 19.7391 19.8224 19.8821 19.8480 19.7773 19.3618 17.1885 15.7138 15.5597 15.1432 14.6921 13.4786 13.3337 13.2375 13.1487 13.0873 13.6731 13.8768 13.8956 15.1938 16.0759 15.9636 15.9400 16.5313 18.2793 19.1767 18.7364 20.1858 23.7039 23.7039 23.9170 24.4163 24.9160 25.4170 25.9887 26.9289 28.2429 28.9826 29.5648 29.9429
24.9737 25.3927 25.6419 25.8931 26.7499 27.2390 27.6419 28.0541 28.2762 28.4983 28.7204 28.9421 29.1575 26.3671 24.9007 25.1055 25.5800 26.0022 25.8246 24.5203 21.0992 20.7180 19.2610 19.3383 19.4618 19.4984 19.5028 19.5047 19.4313 19.1183 18.7866 18.4644 17.9555 16.5046 14.2805 14.5764 14.5033 14.4215 13.4964 13.1185 12.9520 12.7725 12.5875 12.7301 13.0097 12.8284 13.4253 14.8927 14.7908 14.7932 15.8607 17.9221 20.0181 20.1731 21.0238 26.4235 27.0419 27.6900 28.0918 28.4924 28.8923 29.2207 29.2533 29.6663 29.7384 30.2874 31.8032
31.5364 32.0566 32.0036 31.4456 31.2847 31.0909 30.4348 30.7736 31.1117 31.4510 31.7900 32.1280 32.4670 31.1373 28.8680 27.8819 27.4855 27.5990 27.4173 26.7941 22.4252 21.6971 19.7356 19.5206 19.2884 18.9895 18.6908 18.3918 18.1664 18.1807 18.1555 18.0644 17.8233 16.9564 14.3395 13.8707 13.6923 13.5196 12.7104 11.9841 11.9878 11.9914 11.9950 12.1451 13.0676 13.2610 13.4879 15.4352 15.7012 15.8650 17.4565 19.7934 21.8051 22.4592 22.7984 27.7667 29.2140 29.2533 29.2533 29.2533 29.6654 30.9950 32.3559 34.0060 35.5513 36.6456 37.7548
32.8292 32.9113 32.9141 32.2891 32.0879 32.1199 32.9722 33.1185 33.1236 33.1287 33.1335 33.1170 33.0872 32.3089 29.6712 28.8394 28.1699 28.2808 28.2821 27.8749 23.3270 21.9863 19.7083 18.4574 18.3420 18.3397 18.2448 18.1018 17.9586 17.8156 17.7306 17.7020 17.6575 17.2486 15.0201 13.6411 13.4509 13.6251 13.5089 12.6813 12.8596 13.0384 13.2168 13.3223 13.9278 14.1487 14.1674 15.7459 16.7182 17.1149 18.4018 21.2907 22.9413 23.8375 23.7898 27.3481 31.4823 32.8586 34.2658 35.6803 36.7140 36.9848 37.1561 37.3237 37.6728 37.6442 38.3728
33.3363 33.3363 33.3363 32.7727 32.2754 32.2666 32.8257 33.2648 33.3268 33.3876 33.4497 33.5330 33.6298 33.6703 30.9122 29.5122 28.2943 27.9619 27.6599 26.9813 23.7916 21.6610 19.9316 18.0899 17.8734 17.7327 17.6845 17.6845 17.6845 17.6849 17.6881 17.6920 17.6959 17.3934 16.0673 14.7443 14.6196 14.6240 14.6024 13.4559 13.4594 13.5372 13.8731 14.3902 15.2287 16.2490 16.7472 17.5427 18.5835 18.6520 19.2499 23.4864 27.1507 29.7802 30.3436 33.0373 36.9553 37.1002 37.1454 37.1137 37.0833 37.0755 37.0755 37.0837 37.4738 37.5000 37.9335
33.4052 33.4514 33.4737 33.1314 32.5283 32.4297 32.9460 33.8481 33.8481 33.8456 33.5351 32.9988 32.4406 31.8680 29.2147 27.6679 27.7961 27.5496 27.4578 26.9288 24.3828 21.2299 20.2053 17.7825 17.6905 17.6944 17.6983 17.7025 17.7071 17.7113 17.7126 17.7133 17.7140 17.7597 17.3683 15.6152 15.4184 15.6462 16.1576 15.7074 15.7570 16.1961 16.3816 16.4802 16.6722 17.6862 19.2206 21.1499 23.8608 25.5442 27.0597 29.9974 33.0805 34.1657 32.5428 32.8597 37.0529 37.1396 37.1749 37.2102 37.2454 37.2808 37.3159 37.3778 37.7409 37.9311 38.1292
33.5756 33.5381 33.5243 33.3623 32.6838 32.3460 31.9171 32.7200 32.1726 31.5928 31.3559 31.3659 31.3744 31.3731 30.1593 27.2928 27.5627 27.0217 26.9771 26.7834 25.3126 21.2682 20.7885 18.1853 17.7210 17.7170 17.7177 17.7180 17.7180 17.7180 17.7180 17.7180 17.7019 17.7744 17.8975 17.3669 17.3180 17.5124 17.4661 17.2543 17.3000 18.5843 20.4133 22.1541 23.8775 26.0971 26.8352 27.0166 27.6292 27.8959 27.9331 29.4133 33.2987 34.6367 34.1634 33.9604 36.9563 37.5625 37.6567 37.7676 37.8836 38.0048 38.1323 38.2296 38.2346 38.2346 38.2346
33.6162 33.4036 32.9519 32.4670 31.1622 29.6218 29.5214 30.9318 31.2155 31.1631 30.7506 30.1263 29.5024 28.8809 28.2712 26.8547 27.1793 26.9926 26.9926 26.9626 26.2737 21.4356 21.0249 18.9303 17.7451 17.7164 17.6841 17.6375 17.5319 17.4033 17.2746 17.1502 17.0544 17.0618 17.4698 17.8885 18.2216 19.9755 21.6980 23.4544 25.4109 26.0437 26.2250 26.4191 26.7798 27.4593 28.2840 28.5626 29.0486 29.5282 29.8016 30.7594 35.9502 37.4376 37.9368 36.4744 37.3057 38.2193 38.2346 38.2346 38.2431 38.3138 38.3967 38.4795 38.5540 38.5826 38.6044
31.0186 31.2593 31.2083 31.1612 30.6032 28.7902 27.9704 28.2711 28.4296 27.7016 27.3342 27.1772 27.0210 26.8643 26.7076 25.5776 25.2980 25.2150 24.8763 24.5360 23.7396 21.2025 20.2830 18.8023 17.4158 17.2549 17.1760 17.1117 17.1061 17.1237 17.1413 17.2849 17.8687 18.4910 19.4985 20.5810 24.5357 25.7233 25.8658 25.9948 27.9431 28.4801 28.7774 29.0586 29.1160 29.1669 30.0300 30.0607 30.0978 30.1812 30.1274 30.1680 35.1995 37.7719 38.9033 36.8320 37.2626 38.5739 38.6569 38.7326 38.7540 38.7052 38.6441 38.5831 38.5303 38.5235 38.5235
28.0677 28.2310 27.5419 26.7860 25.6296 23.7968 23.0935 23.7542 25.4647 25.4476 25.2969 25.1196 24.9424 24.7647 24.5878 23.7520 22.6623 23.2235 23.0950 23.0414 22.6860 20.8901 19.5050 18.8459 17.2415 17.1554 17.1797 17.6249 18.2222 18.8192 19.4160 19.8836 19.8978 19.9555 20.3474 20.7444 23.6709 25.9108 26.1489 26.1489 28.2038 29.1160 29.1483 29.2220 29.2915 29.3649 30.1232 30.7483 31.1031 31.4586 31.8197 32.1788 35.0919 38.0742 39.2065 37.7718 37.1554 38.5620 38.5857 38.5317 38.5235 38.5235 38.5235 38.9289 40.5306 42.1117 43.5406
25.0363 25.5440 25.4879 25.4953 25.4032 24.0776 23.1518 23.2184 24.2152 24.0921 24.0714 24.0777 24.0838 24.0886 23.9614 23.5630 22.0172 22.6402 22.8275 22.7270 22.5205 21.0962 19.3376 19.6192 18.9518 19.8473 20.4906 20.6911 20.7288 20.8319 20.9678 21.1049 21.2425 21.2909 21.4508 21.7740 23.5477 27.4073 28.2944 28.3792 30.2376 32.7943 33.1530 33.4627 33.7726 34.0823 34.7186 35.4707 35.4707 35.4648 35.3223 35.1223 35.6419 37.0236 37.7364 38.4787 36.9430 38.0514 38.8733 40.4490 42.1235 43.6457 45.0691 46.0879 45.9042 45.6890 45.6111
24.7587 25.7015 25.7082 25.7150 25.7219 24.8357 23.4173 23.3767 24.0188 24.2004 23.9754 23.6552 23.3257 22.9981 22.8024 22.6930 21.2894 21.4959 22.6996 23.2543 23.8190 23.6249 21.5653 21.4831 20.4481 21.0997 21.2902 21.3917 21.4918 21.5263 21.5263 21.5263 21.5264 21.5529 21.6529 22.1581 22.7287 28.0537 30.0858 30.3389 31.0839 34.3904 34.3910 34.3840 34.3561 34.2170 34.0325 34.7914 34.6096 34.3865 34.3001 34.2712 34.5051 36.3157 37.7228 39.6977 41.9163 44.0050 46.0056 45.7800 45.4551 45.2842 45.2104 45.1366 45.0681 45.0540 45.0540
24.5716 25.6721 25.7333 25.6228 25.4859 24.6595 22.8376 22.0813 22.2171 22.4846 22.3801 22.3718 22.3718 22.3718 22.3718 22.3722 21.5430 21.0829 24.5127 24.7556 24.7630 24.2925 21.4266 20.7909 20.7864 21.1878 21.5372 21.5813 21.6277 21.6741 21.7205 21.7578 21.7648 21.7429 21.7012 22.1575 22.3486 26.6166 30.0377 30.1789 30.1199 33.4646 33.5858 33.3638 33.1626 33.0728 33.0560 33.6121 33.8182 33.8349 33.9062 33.9775 34.0058 35.3350 36.6152 37.4988 42.0901 43.0282 45.0540 45.0540 45.0553 45.0643 45.0745 45.0847 45.0954 45.1051 45.1153
23.7756 24.2491 24.2109 23.9449 23.7060 23.3830 22.0110 21.2509 21.4796 22.3747 22.3875 22.4011 22.4146 22.4281 22.4417 22.4548 22.1217 20.8763 23.1445 24.3805 24.0876 23.7336 21.8270 20.6284 20.7940 21.0206 21.5614 21.5219 21.4801 21.4384 21.3967 21.3641 21.3617 21.3617 21.3617 21.8154 22.1904 24.4532 28.8741 29.3546 29.2466 31.3304 32.2095 32.0314 32.0124 32.0835 32.1713 32.7340 33.6281 33.4373 33.1886 32.9398 32.7349 33.7060 35.6319 36.4534 40.8582 42.6864 44.9729 45.1805 45.1895 45.1907 45.1907 45.1907 45.1907 45.1907 45.1907
22.4939 23.0261 23.6165 23.5800 23.4957 23.3974 22.1446 21.3192 21.3420 22.3609 22.4162 22.3811 22.3413 21.9809 21.2746 20.5315 19.7615 19.0510 20.0802 22.6658 22.5923 22.6309 22.3330 20.4515 20.4687 20.7546 21.3617 21.3617 21.3617 21.3619 21.3667 21.4429 21.5471 21.6512 21.7553 22.1032 22.5785 22.8685 27.9102 29.3707 29.5954 30.7984 32.3731 32.6261 32.6510 32.4968 32.3424 32.2110 32.7097 32.7434 32.7434 32.7434 32.7434 33.2749 35.2701 36.2035 39.0878 42.7017 44.3646 45.1907 45.1907 45.1907 45.1907 45.1907 45.0443 44.7504 44.4571
22.1292 22.1992 22.9482 22.8478 22.8047 22.7617 21.9631 20.9302 20.3004 20.4189 20.1321 19.3769 18.5030 17.9718 17.8310 17.7017 17.5725 17.6005 17.6689 21.4443 21.5431 21.3762 21.4242 20.0281 19.8182 20.0996 21.4737 21.6059 21.7380 21.8700 21.9973 22.0533 22.0814 22.1095 22.1975 22.5870 23.4942 23.5148 27.2726 30.6048 30.9097 31.4906 32.3426 32.1727 32.0837 32.0835 32.0835 32.0835 32.5011 32.7434 32.7434 32.7434 32.7434 32.8436 34.8604 36.0837 37.4849 42.1408 43.2488 44.4271 44.1329 43.8392 43.4988 42.8083 42.1932 41.7262 41.2588
21.1401 20.5179 20.8089 19.9191 18.9414 17.7939 16.3169 14.9848 14.6274 15.2038 16.2155 16.0974 16.0765 15.9918 15.7082 15.4137 15.1199 14.8733 14.9321 17.9928 19.5145 19.4208 19.8841 19.4624 19.4266 19.8343 22.0222 22.1709 22.1709 22.1835 22.4541 22.9543 23.4779 24.0152 24.5044 24.7757 25.6277 25.6312 27.7910 32.6306 33.0953 33.0953 32.2957 32.0835 32.0835 32.0835 32.0835 32.0835 32.2768 32.7428 32.5818 32.2946 32.0080 31.7210 32.7646 34.3043 34.7350 38.9674 40.5617 42.2103 41.7418 41.2743 40.8543 40.7828 40.7828 40.7828 40.1709
16.2475 15.0074 14.7800 14.6105 14.2921 14.0948 13.8862 13.2947 13.4133 13.4681 14.2671 13.9739 13.6799 13.4703 13.4602 13.4602 13.4586 13.2910 13.4031 16.0995 19.8904 19.9912 20.2318 20.4549 20.2299 20.5811 23.1876 24.1927 24.7672 25.3448 25.6371 25.6451 25.5749 25.5196 25.4655 25.4130 25.9523 26.1668 26.7944 31.9829 33.0953 33.0953 32.5622 31.9562 31.6698 31.3830 31.0964 30.8096 30.5372 30.8508 30.7708 30.7708 30.7666 30.6561 31.2404 33.1986 33.6702 35.3568 38.2958 40.5093 40.7799 40.2114 37.4863 34.3937 30.9115 27.1045 23.8650
