OMI_NO2_yc_0.0167deg/OMI_NO2_yc_0.0167deg/OMI_NO2_200509.asc
ncols      200
nrows      200
xllcorner       110.913
yllcorner       33.7933
cellsize     0.0166667
NODATA_Value      -999.000
[rows 29 to 57 of 200, columns 0 to 66 of 200]
1.93463 1.93463 1.93463 1.93463 1.93463 1.94273 2.09906 2.10998 2.14282 2.10965 2.09297 2.18033 2.14359 2.04046 1.87536 1.87145 1.87145 1.87145 1.87145 1.87145 1.87145 1.87145 1.87145 1.87145 1.87145 1.80712 1.77802 1.62806 1.57760 1.57760 1.57760 1.57760 1.85006 2.73455 2.73455 2.73455 3.91926 4.60614 5.50407 5.49122 5.45421 5.41711 5.38000 6.42839 8.06878 8.05375 8.20730 8.37771 8.52964 8.67346 8.89253 9.02872 9.01790 8.82439 8.89350 8.89350 8.89350 8.80856 7.74063 7.59453 5.86167 5.76783 3.08658 2.76924 2.72293 2.63555 2.01049
1.93475 1.97027 2.03382 2.09737 2.16092 2.22447 2.28690 2.29670 2.28242 2.23594 2.16497 2.12737 2.09921 2.06388 1.89489 1.85097 1.84881 1.84679 1.84465 1.84259 1.84048 1.83840 1.83632 1.83421 1.83215 1.79346 1.77790 1.75307 1.68884 1.74459 1.80028 1.85583 1.94061 2.36409 2.32282 2.28391 2.78469 4.18108 4.82986 5.02632 5.02632 5.02632 5.02632 5.32678 8.44413 8.78001 8.92929 9.06112 9.19289 9.31719 9.34611 9.34611 9.32216 8.90215 8.90462 8.91374 8.92289 8.93202 8.16003 7.79784 6.11184 5.59953 3.95266 2.54068 2.54068 2.54068 2.11667
2.32741 2.35548 2.35548 2.35548 2.35548 2.35548 2.32746 2.28119 2.28210 2.26192 2.13107 2.11650 2.07222 2.06539 1.93841 1.90363 1.96147 2.01918 2.07690 2.13467 2.19245 2.25023 2.30801 2.36579 2.42357 2.49523 2.71229 2.64673 2.20388 2.20182 2.20182 2.20182 2.20182 2.16271 2.14908 2.14908 2.15650 3.93092 4.61956 5.02632 5.02663 5.12506 5.30068 5.47654 8.42223 9.34022 9.35192 9.36106 9.37020 9.37933 9.38847 9.39761 9.40674 9.05265 8.96129 8.96129 8.96129 8.96129 8.59034 7.81251 6.73302 5.59953 4.88893 2.54068 2.54068 2.54068 2.36665
2.35548 2.35548 2.34786 2.32935 2.31245 2.30216 2.29026 2.22920 2.21872 2.20522 2.05786 2.03298 1.93086 1.91596 2.33679 2.49329 2.49567 2.49567 2.49567 2.49567 2.49567 2.49567 2.49567 2.49567 2.49567 2.49567 2.64550 2.71435 2.27630 2.20182 2.20182 2.20182 2.20182 2.17574 2.14908 2.14908 2.14908 3.38626 4.72544 5.61258 5.87545 6.04028 6.12769 6.21510 7.72426 9.40946 9.41390 9.41390 9.41390 9.41390 9.41390 9.41390 9.41390 9.16298 8.96129 8.96129 8.96129 8.96129 8.90276 7.85063 7.36039 5.59953 5.52731 2.74962 2.54068 2.54068 2.54049
2.17502 2.16500 2.16306 2.17196 2.17928 2.17996 2.17996 2.15866 2.14955 2.14955 2.04806 2.01487 1.94468 1.91411 2.19988 2.48058 2.49567 2.49567 2.49567 2.49567 2.49567 2.49567 2.49567 2.49567 2.49567 2.49537 2.56444 2.71435 2.40320 2.20182 2.20182 2.21130 2.28630 2.36063 2.40843 2.49584 2.58325 3.17478 5.36063 6.41681 6.41681 6.41681 6.41681 6.41681 6.97102 9.29376 9.41390 9.41390 9.41390 9.41390 9.41390 9.41390 9.41390 9.27268 8.96129 8.96129 8.96129 8.96129 8.96129 8.23682 7.79724 5.78984 5.59953 3.85891 2.60694 2.73776 2.84854
2.17956 2.17996 2.17996 2.17996 2.17996 2.17996 2.17996 2.16892 2.14955 2.14955 2.07497 2.01487 1.97532 1.91411 2.06193 2.46899 2.49567 2.49567 2.49567 2.49567 2.49566 2.49026 2.48019 2.47014 2.45703 2.42111 2.40603 2.54742 2.49710 2.64797 2.73538 2.81331 2.82572 2.82402 2.77456 2.77298 2.77298 2.77298 4.84662 6.36951 6.41681 6.41681 6.41681 6.41681 6.45973 8.95355 9.41390 9.41390 9.41390 9.41390 9.41390 9.41390 9.41390 9.38004 8.96378 8.96129 8.96129 8.96129 8.96035 8.40231 7.04487 5.14586 3.85700 3.28707 3.08543 3.08553 3.08553
2.17996 2.17996 2.17996 2.17996 2.17996 2.17996 2.17996 2.17894 2.15102 2.14955 2.10454 2.01487 2.00223 1.91411 1.93710 2.44977 2.48801 2.48085 2.44659 2.40732 2.37144 2.34311 2.32074 2.30008 2.28264 2.27966 2.27966 2.36670 2.40559 2.79125 2.82572 2.82572 2.82572 2.82572 2.78585 2.77298 2.77298 2.77298 4.05751 6.09028 6.41681 6.41681 6.41681 6.41681 6.41681 8.09785 9.41350 9.41390 9.41390 9.41390 9.41390 9.41390 9.41390 9.40717 8.78639 8.34254 7.97705 7.45769 6.77142 6.23347 5.34840 4.54696 3.12090 3.12269 3.10720 3.10945 3.11398
2.17996 2.17996 2.17996 2.17996 2.17996 2.17996 2.17996 2.17996 2.15901 2.14955 2.13671 1.99327 1.95111 1.88500 1.87711 2.22802 2.30887 2.28438 2.27966 2.27966 2.27966 2.27966 2.27966 2.27966 2.27966 2.27966 2.27966 2.32467 2.40169 2.67206 2.82572 2.82572 2.82572 2.82572 2.79878 2.77298 2.77298 2.77298 3.13255 5.80049 6.41681 6.41681 6.41681 6.41353 6.39612 7.24655 9.25676 9.35571 9.32413 9.03137 8.65171 8.27200 7.87400 7.24941 6.63284 6.20152 5.88001 5.71229 5.71231 5.71231 5.50614 5.18424 3.17593 3.17992 3.17437 3.13532 3.10124
2.17996 2.17996 2.17996 2.17996 2.16477 2.10677 2.04409 1.96171 1.90201 1.89103 1.83817 1.75273 1.74476 1.80851 1.85762 2.08326 2.29038 2.28443 2.28959 2.29460 2.29993 2.30499 2.31051 2.31570 2.32133 2.32670 2.33241 2.35097 2.50166 2.67714 2.99614 2.98941 2.98120 2.97311 2.94692 2.88764 2.87854 2.86994 2.86040 5.34929 6.21617 6.19727 6.17826 6.17578 6.34933 6.76105 8.39990 7.78688 7.36169 6.96663 6.64313 6.31906 6.01332 5.94140 5.86312 5.71231 5.70966 5.59870 5.38365 5.16391 4.83824 4.26544 3.13458 2.87037 2.82416 2.81213 2.81213
2.00749 1.94692 1.87549 1.80118 1.74883 1.73667 1.72830 1.72657 1.72836 1.80593 1.81191 1.79964 1.76703 1.77165 1.85452 2.01254 2.54632 2.54750 2.53773 2.51821 2.49861 2.47911 2.45957 2.44004 2.42052 2.40102 2.38161 2.36211 2.49152 2.57247 3.13250 3.13943 3.13943 3.13943 3.13535 3.04011 3.03776 3.03776 3.06660 4.94137 6.54146 6.72010 6.87961 7.01523 6.86916 6.54523 7.36945 6.20412 5.95719 5.91256 5.76302 5.59997 5.43728 5.26339 5.02825 4.64651 4.47984 4.41515 4.40938 4.40938 4.39720 3.86744 3.29237 2.82716 2.82613 2.81242 2.81213
1.74011 1.73081 1.72657 1.72657 1.72657 1.72657 1.73040 1.74488 1.73342 1.77781 1.80457 1.79838 1.82594 1.86356 2.07014 2.12848 2.33330 2.31660 2.30678 2.30678 2.30678 2.30678 2.30678 2.30678 2.30678 2.30678 2.30678 2.30678 2.37467 2.50338 2.99098 3.13943 3.13943 3.16068 3.60066 4.05674 4.48418 4.86581 5.18180 5.43659 6.74013 6.43016 6.11553 5.81744 5.69546 5.72140 6.21037 5.27314 4.88187 4.73099 4.68150 4.64839 4.61848 4.59527 4.59265 4.43610 4.40938 4.40938 4.40938 4.40938 4.40938 4.07974 3.58064 2.82716 2.82716 2.81625 2.81213
1.85940 1.88371 1.90799 1.92539 1.92417 1.92157 1.91369 1.88787 1.88524 1.91691 1.99903 1.99903 1.99903 1.99903 2.12854 2.18712 2.27866 2.30678 2.30678 2.30678 2.30678 2.30678 2.30678 2.30678 2.30678 2.30678 2.30678 2.30678 2.32327 2.97478 3.81916 4.54644 4.92452 5.24092 5.32544 5.30584 5.30803 5.34260 5.37721 5.41178 5.69802 5.80237 5.81929 5.81964 5.81611 5.74439 5.71745 5.22047 4.60853 4.59276 4.59265 4.59265 4.59265 4.59265 4.59265 4.48070 4.40938 4.40938 4.40938 4.40938 4.40938 4.27671 3.80325 2.89269 2.82716 2.82111 2.81213
1.97273 1.94523 1.91351 1.88674 1.88524 1.88524 1.88524 1.88524 1.88524 1.88730 1.99039 1.99903 1.99903 1.99903 2.07363 2.18712 2.24857 2.30678 2.30678 2.30678 2.30678 2.30678 2.30678 2.30678 2.33112 2.38099 2.43088 2.48077 2.56041 4.47375 5.13057 5.44925 5.48378 5.51838 5.55298 5.55311 5.50394 5.50394 5.50394 5.50394 5.62585 5.74485 5.62610 5.54724 5.47890 5.46076 5.46502 5.47770 4.59265 4.59265 4.59265 4.59265 4.59265 4.59265 4.59265 4.52530 4.40938 4.40938 4.40938 4.40938 4.40938 4.40352 3.88263 3.15084 2.80488 2.80169 2.91750
1.88524 1.88524 1.88524 1.88524 1.88524 1.88524 1.88524 1.88524 1.88524 1.88524 1.95421 1.99903 1.99903 1.99903 2.01924 2.18656 2.21850 2.30678 2.30678 2.32183 2.37048 2.44408 2.55748 2.67126 2.76090 2.82492 2.88899 2.95297 2.98624 4.03646 5.34273 5.54736 5.57172 5.57172 5.57172 5.56854 5.48270 5.41776 5.36124 5.31187 5.29236 5.56044 5.48810 5.46076 5.46076 5.46076 5.46076 5.61234 4.75619 4.59265 4.59265 4.59265 4.59265 4.59265 4.59265 4.56994 4.40935 4.40509 4.39793 4.39077 4.39150 4.40049 4.08229 3.39935 2.76822 2.76221 2.87180
1.88524 1.88524 1.88524 1.88524 1.88524 1.88524 1.88524 1.88524 1.88524 1.88524 1.91597 1.99903 1.99903 1.99903 2.01243 2.27255 2.43804 2.66419 2.78126 2.87999 2.94539 2.98562 2.98624 2.98624 2.98624 2.98624 2.98624 2.98624 2.98624 3.26658 5.33262 5.48188 5.53275 5.46505 5.40628 5.35476 5.28330 5.27117 5.27117 5.27117 5.27117 5.48180 5.52654 5.46076 5.46076 5.46076 5.46076 5.54876 5.11276 4.59006 4.58793 4.58566 4.57861 4.56933 4.56005 4.55174 4.37239 4.35496 4.36636 4.37772 4.38118 4.37639 4.24131 3.59601 2.70379 2.67215 2.67797
1.88524 1.88524 1.88524 1.88524 1.88524 1.88524 1.88524 1.88645 1.90354 1.92718 1.97790 2.16231 2.24749 2.31933 2.37774 2.63483 2.86658 2.95728 2.98624 2.98624 2.98624 2.98624 2.98624 2.98624 2.98624 2.98624 2.98624 2.98977 3.07355 3.17766 4.78525 5.22384 5.32200 5.32200 5.32200 5.32926 5.30304 5.26401 5.26134 5.25869 5.25602 5.36075 5.54605 5.44473 5.44014 5.43802 5.43830 5.51705 5.55926 4.54383 4.53667 4.53372 4.54694 4.56310 4.57924 4.59441 4.45385 4.37261 4.37261 4.37261 4.35517 4.27901 4.19454 3.47388 2.69849 2.48807 2.51720
1.88524 1.89536 1.91732 1.93928 1.96123 1.99942 2.05675 2.11288 2.15317 2.18685 2.19526 2.30782 2.38339 2.38339 2.38339 2.49366 2.86658 2.92721 2.98624 2.98624 2.98624 2.98624 2.98736 3.01456 3.12888 3.24310 3.34276 3.42840 3.46155 3.47498 4.28650 5.27810 5.45073 5.46783 5.48124 5.48743 5.41545 5.23533 5.23533 5.23533 5.23533 5.24641 5.57992 5.59815 5.64354 5.72194 5.79792 5.82920 6.02763 4.76990 4.58507 4.59715 4.59766 4.55373 4.47604 4.39852 4.23067 4.01375 3.93191 3.85036 3.78602 3.78057 3.78057 3.37513 2.81416 2.51793 2.51793
2.02549 2.06990 2.10531 2.14067 2.17608 2.19523 2.19526 2.19526 2.19526 2.19526 2.19529 2.24783 2.39055 2.39500 2.39944 2.40944 2.85506 2.94791 3.13254 3.15045 3.16840 3.33762 3.47813 3.53940 3.54831 3.54831 3.54831 3.54831 3.54831 3.54831 3.76667 5.30987 5.44368 5.48743 5.48743 5.48743 5.47492 5.30229 5.39660 5.49460 5.59259 5.68869 5.85932 5.90631 5.85117 5.86841 5.89740 5.92047 5.92034 4.98522 4.21224 4.13467 4.05543 4.01775 4.01367 4.00958 3.97131 3.78057 3.78057 3.78057 3.78057 3.78057 3.78057 3.64293 2.92788 2.54883 2.51793
2.22874 2.20414 2.20858 2.21302 2.21747 2.22192 2.22635 2.23079 2.23524 2.23968 2.24409 2.24841 2.41795 2.43398 2.43398 2.43398 2.74519 2.92695 3.19846 3.20680 3.20680 3.36720 3.54831 3.54831 3.54831 3.54831 3.54831 3.54831 3.54831 3.54831 3.54831 4.94156 5.45243 5.64371 5.74165 5.83969 5.93662 5.77236 5.72288 5.74062 5.76072 5.78083 5.88013 6.07585 5.99204 6.00213 6.00533 6.00516 5.88397 5.20811 4.01220 4.00812 4.00581 4.00580 4.00580 4.00580 4.00522 3.80077 3.78057 3.78057 3.78057 3.78057 3.78057 3.77997 3.09241 2.67658 2.51793
2.35340 2.24584 2.24584 2.24584 2.24584 2.24584 2.24584 2.24584 2.24584 2.24584 2.24584 2.24584 2.35778 2.43398 2.43398 2.43398 2.60403 2.91716 3.13527 3.20680 3.20680 3.23765 3.54190 3.54831 3.54831 3.54831 3.54831 3.56842 3.62097 3.67997 3.74661 4.83738 5.84659 6.01578 6.03586 6.05597 6.07606 5.95834 5.86150 5.86386 5.86386 5.86386 5.86686 6.11412 6.08406 5.99655 5.99246 5.98855 5.97744 5.54110 4.18328 4.00580 4.00580 4.00580 4.00580 4.00580 4.00580 3.85477 3.78057 3.78057 3.78057 3.78057 3.78057 3.78057 3.40065 2.81872 2.51223
2.44536 2.24584 2.24584 2.24584 2.24584 2.24584 2.24584 2.24584 2.24584 2.24584 2.24584 2.24584 2.29471 2.43398 2.43398 2.43398 2.46904 2.91103 3.06271 3.20680 3.20680 3.20680 3.47387 3.60974 3.66928 3.74997 3.84416 3.91405 3.93470 3.95492 3.97516 4.30834 5.90142 6.09087 6.11595 6.11595 6.11595 6.04006 5.86386 5.90992 6.03830 6.16851 6.29857 6.49168 6.38514 5.98752 5.98752 5.98752 5.98752 5.66941 4.67338 4.00580 4.00580 4.00580 4.00580 4.00580 4.00580 3.90929 3.78057 3.78057 3.77898 3.77562 3.77227 3.69868 3.44430 2.98327 2.70417
2.50202 2.25855 2.24584 2.24584 2.24584 2.24584 2.24584 2.24584 2.24584 2.24584 2.24584 2.24584 2.24821 2.41750 2.43398 2.43398 2.43398 2.80758 3.03534 3.34297 3.43117 3.53626 3.77079 3.97248 3.99049 3.99335 3.99335 3.99335 3.99335 3.99335 3.99335 3.99335 5.59745 6.02996 6.11617 6.18962 6.31973 6.43370 6.33029 6.41192 6.41357 6.41357 6.41357 6.44891 6.54197 6.02816 5.98752 5.98752 5.98752 5.80164 5.16986 4.00580 4.00580 4.01194 4.02851 4.04321 4.05657 4.02747 3.84349 3.73855 3.60267 3.46840 3.33414 3.27020 3.28446 3.24065 3.04152
2.42958 2.32171 2.24584 2.24584 2.24584 2.24584 2.24584 2.24584 2.24584 2.24584 2.24584 2.27635 2.34209 2.52398 2.66389 2.74751 2.84695 3.09409 3.28327 3.69046 3.70361 3.70361 3.71843 3.98249 3.99335 3.99335 3.99335 3.99335 3.99335 3.99335 4.00076 4.13049 5.29020 6.33189 6.60894 6.66567 6.66567 6.66567 6.46202 6.41458 6.43060 6.45145 6.47235 6.49356 6.62115 6.31036 6.10136 6.11808 6.13479 6.09632 5.63765 4.33028 4.21083 4.21800 4.17853 4.03525 3.88674 3.73617 3.37492 3.32705 3.32705 3.32705 3.32705 3.32542 3.26475 3.14385 3.09208
2.31870 2.40502 2.24410 2.24182 2.25066 2.30575 2.36480 2.42272 2.49156 2.58388 2.67807 2.73661 2.79019 3.01208 3.15363 3.27624 3.31882 3.40879 3.65913 3.98531 4.11408 4.14543 4.17673 4.28335 4.33614 4.35544 4.39562 4.54284 4.69703 4.84791 4.99140 5.02839 5.27246 6.47214 6.63577 6.63266 6.62450 6.61635 6.67502 6.74662 6.75231 6.70677 6.69456 6.69456 6.74223 6.58340 6.07721 5.99416 5.91108 5.82885 5.33100 4.45338 3.83289 3.68438 3.57221 3.56547 3.56493 3.56168 3.39023 3.30263 3.22115 3.13123 3.04127 2.95294 2.92364 2.91485 3.07047
1.75818 2.05378 2.15321 2.18700 2.21731 2.21787 2.21466 2.21106 2.20380 2.19232 2.18636 2.18636 2.25031 3.73530 3.99606 4.32637 4.28937 4.25201 4.38384 4.55119 4.72711 4.71088 4.69466 4.71135 4.93149 5.04933 5.15007 5.15693 5.15669 5.15669 5.15669 5.15669 5.15669 6.24236 6.57594 6.62211 6.62211 6.62211 6.66746 6.76541 6.71726 6.57336 6.42630 6.32234 6.25515 6.34884 5.72156 5.51438 5.36587 5.23131 4.91932 4.39346 3.55308 3.54947 3.54586 3.50571 3.41659 3.32984 3.13303 2.93212 2.92364 2.92364 2.92364 2.92364 2.92364 2.92364 2.97962
1.55204 1.90219 2.13854 2.18543 2.16739 2.13906 2.11070 2.08233 2.05397 2.02557 1.99721 1.96888 1.94051 3.19216 3.55989 3.90882 3.90800 3.90800 4.02268 4.23000 4.61836 4.61836 4.61836 4.62701 5.11660 5.15669 5.15669 5.15669 5.15669 5.15669 5.15669 5.15669 5.15669 5.84429 6.52687 6.57721 6.49408 6.41100 6.33893 6.38793 6.35378 6.33089 6.45321 6.68220 6.88830 6.08707 5.56100 5.34480 5.37966 5.40082 5.20507 4.57903 3.47918 3.29849 3.21214 3.16233 3.16207 3.16207 3.10913 2.92364 2.92364 2.92364 2.92364 2.92364 2.92364 2.92364 2.90939
1.39048 1.53568 1.74784 1.87349 1.86368 1.86368 1.86368 1.86368 1.86368 1.86368 1.86368 1.86368 1.86368 2.81063 3.45928 3.90449 3.90800 3.90800 3.96685 4.11614 4.60279 4.61836 4.61836 4.61836 4.95749 5.15669 5.15669 5.15669 5.15669 5.15669 5.15669 5.15669 5.15669 5.34050 6.10427 6.23293 6.26779 6.37277 6.56927 6.85654 7.03970 7.16675 7.20897 7.20897 7.20897 6.62643 5.83941 5.30199 5.21563 5.12932 5.02819 4.32038 3.60732 3.16207 3.16207 3.16207 3.16207 3.16207 3.15696 2.93325 2.92364 2.92364 2.92364 2.92364 2.92364 2.92364 2.91654
1.39048 1.44089 1.59009 1.86368 1.86368 1.86368 1.86368 1.86368 1.86368 1.86368 1.86368 1.86368 1.86368 2.47786 3.43677 3.81580 3.90800 3.90800 3.91653 4.09370 4.48988 4.61836 4.61836 4.61836 4.75691 5.15669 5.15669 5.15669 5.17931 5.22132 5.26351 5.30552 5.34967 5.55555 6.42377 6.83525 6.98885 7.06220 7.06286 7.13240 7.18252 7.18343 7.21621 7.23893 7.26381 7.10686 5.77584 5.11058 5.02428 5.02428 5.02428 4.51362 3.97235 3.16207 3.16207 3.16207 3.16207 3.16207 3.16207 2.98561 2.92364 2.92364 2.92364 2.93131 2.95251 2.97398 2.97481
1.39048 1.40589 1.50577 1.83384 1.86368 1.86368 1.86368 1.86368 1.86368 1.86368 1.86368 1.86368 1.86368 2.14470 3.43677 3.70324 3.90800 3.90800 3.90800 4.04633 4.36162 4.64233 4.69842 4.75444 4.81140 5.28756 5.38506 5.42713 5.46281 5.66732 5.90282 6.11456 6.30457 6.37395 6.65667 6.99648 7.06286 7.06290 7.06967 7.12505 7.22906 7.25006 7.30672 7.31829 7.31829 7.31829 6.11966 5.34556 5.02428 5.02428 5.02428 4.72434 4.26141 3.23848 3.16207 3.16207 3.16207 3.16225 3.18173 3.08413 2.96428 2.97892 2.96330 2.93140 2.88593 2.84022 2.81514
