OMI_NO2_yc_0.0167deg/OMI_NO2_yc_0.0167deg/OMI_NO2_200705.asc
ncols      200
nrows      200
xllcorner       110.913
yllcorner       33.7933
cellsize     0.0166667
NODATA_Value      -999.000
[rows 116 to 144 of 200, columns 67 to 133 of 200]
3.68492 3.50341 3.64017 3.78468 3.84043 3.91262 4.00077 4.00519 3.90795 4.06353 4.16331 4.24286 4.30647 4.66970 4.97961 5.00179 5.01693 5.33043 6.86345 7.54735 8.05413 8.33537 8.38019 8.87214 8.47640 8.34462 8.84323 8.90936 8.92336 9.53130 10.3790 10.3823 10.3857 10.4217 10.5973 10.7298 10.7332 10.7372 10.7430 10.7486 11.0587 11.4998 12.5645 12.3925 12.3916 12.5011 12.6674 12.8063 12.8979 13.0043 13.0324 12.7543 12.7737 12.7660 12.7472 12.7232 12.6963 13.4628 13.6378 13.6106 13.8292 14.9822 15.4717 15.4685 15.3911 15.2526 14.9669
4.14508 4.13680 4.15734 4.45913 4.54040 4.60924 4.66429 4.71153 4.41325 4.42185 4.43555 4.45684 4.47378 4.65427 5.19014 5.27914 5.31150 5.51747 6.59035 7.86198 8.13062 8.69537 8.70780 9.07509 9.03261 8.49791 8.90140 9.02323 9.02390 9.20251 10.4662 10.4681 10.4688 10.4873 10.6030 10.8106 10.8137 10.8162 10.8169 10.8176 10.8848 11.5503 12.3304 12.5165 12.4407 12.4497 12.6648 12.6953 12.8154 12.7877 13.1153 12.4615 12.4993 12.5024 12.4864 12.4795 12.4488 12.9286 13.3830 13.2531 13.2205 14.0537 14.7422 14.6068 14.5459 14.5465 14.4503
4.46770 4.58783 4.51601 4.90061 4.91103 4.91136 4.91649 4.94010 4.68078 4.64642 4.66783 4.68165 4.69976 4.73022 5.34057 5.49894 5.50136 5.56191 6.12730 7.94287 7.96714 8.68591 8.72920 8.89824 9.16362 8.51150 8.83733 9.03905 9.03905 9.03969 10.2398 10.4868 10.4893 10.4940 10.5554 10.8150 10.8254 10.8254 10.8254 10.8254 10.8060 11.3056 11.8707 12.3823 12.1357 12.0742 12.3744 12.3963 12.4924 12.4150 12.6106 12.3220 12.2630 12.2694 12.2366 12.2104 12.2269 12.3688 12.7512 12.7853 12.8109 13.5821 14.3450 14.3717 14.3499 14.3263 14.2443
4.68272 4.67562 4.53734 4.93923 5.02051 5.04707 5.06716 5.06877 4.87279 4.72466 4.72466 4.72466 4.72466 4.72466 5.15454 5.46640 5.50136 5.50187 5.82707 7.63256 7.94349 8.44587 8.72920 8.74446 9.21525 8.54561 8.75932 9.04451 9.04704 9.04884 9.82529 10.4912 10.4912 10.4912 10.5293 10.6901 10.6774 10.5839 10.4905 10.3477 10.1735 10.3717 10.8723 11.7713 11.4153 11.3504 11.5429 11.7488 11.9176 12.0607 12.2934 12.4899 12.5058 12.5991 12.6437 12.6880 12.7137 12.7082 13.0355 13.0700 13.0525 13.4672 13.9325 13.9939 13.8863 13.7782 13.6745
4.78767 4.76603 4.67458 4.88877 5.06877 5.06877 5.06877 5.06877 4.96148 4.72466 4.72466 4.72466 4.72466 4.72466 4.96313 5.42748 5.50136 5.50136 5.72675 7.06240 7.94349 8.19190 8.78272 8.83139 9.11629 8.69993 8.64146 9.04428 9.03875 9.00479 9.31478 10.2410 10.0478 9.85359 9.70853 9.74416 9.81075 9.74055 9.67012 9.64933 9.67918 9.78511 10.5190 11.6235 11.6508 11.6579 11.7711 12.1274 12.1734 12.3293 12.3801 12.6860 12.5736 12.5919 12.5747 12.5491 12.5232 12.5033 12.7340 12.8976 12.8890 12.5802 12.5749 12.9258 12.9258 12.9258 12.9018
4.81867 4.76961 4.71486 4.76471 5.06877 5.06877 5.06877 5.06877 5.04634 4.72831 4.72466 4.72466 4.72466 4.72466 4.77812 5.38530 5.50136 5.50668 5.67307 6.58815 8.08786 8.14943 8.84987 8.83974 8.84233 8.71802 8.17198 8.46588 8.40160 8.29375 8.20945 9.34900 9.45753 9.48738 9.51322 9.60165 9.80133 9.80133 9.80133 9.80468 9.81071 9.79527 10.3701 11.2611 11.5250 11.4500 11.4185 11.8112 11.7984 11.9743 12.0088 12.4726 12.4575 12.4460 12.4654 12.4654 12.4654 12.4654 12.5776 12.8807 12.8807 12.7180 12.3032 12.6793 12.5701 12.4490 12.3519
4.82153 4.78493 4.75417 4.64883 5.06143 5.06877 5.06877 5.06877 5.06877 4.79455 4.72466 4.72466 4.72466 4.73282 4.82838 5.45114 5.82507 5.92095 5.98173 6.44222 7.87727 7.81699 8.23669 8.43152 8.38834 8.57819 7.80420 8.06189 8.21141 8.21822 8.22570 9.09239 9.52921 9.49568 9.44909 9.51312 9.72223 9.72324 9.70096 9.67536 9.64694 9.64001 9.97805 10.8135 11.3866 11.2930 11.2813 11.5817 11.7315 11.8717 12.0054 12.3385 12.5189 12.4349 12.4654 12.4654 12.4647 12.3682 12.2113 12.4678 12.3497 12.1950 11.7738 12.2318 12.3258 12.2787 12.2313
4.82919 4.80320 4.76747 4.64921 4.94676 5.01930 4.98676 4.95435 4.91984 5.00692 5.25958 5.38368 5.50773 5.62363 5.65234 5.80309 6.06054 6.16225 6.19069 6.49579 7.45862 7.74214 7.83346 8.06013 8.01809 8.11434 7.85830 7.91506 8.09535 8.04134 7.98665 8.41638 9.17022 9.15284 9.14775 9.30415 9.53230 9.61583 9.61076 9.60569 9.59657 9.57993 9.64670 10.4499 11.3295 11.1971 11.1920 11.3639 11.6512 11.6908 11.9150 12.1101 12.4267 12.1247 12.0528 11.8872 11.7221 11.6423 11.5760 11.8396 11.9468 11.8801 11.4207 11.6713 11.9549 11.9508 11.9472
4.64237 4.59749 4.52673 4.42483 4.54569 4.73330 4.76279 4.81053 4.85634 5.11963 5.63847 5.62932 5.62043 5.62224 5.64184 5.68922 5.95195 6.15395 6.14532 6.24316 6.76645 7.24924 7.19679 7.46069 7.42088 7.45133 7.56798 7.52131 7.72788 7.72225 7.71586 7.82730 8.98583 8.99121 8.98989 9.08493 9.31197 9.45383 9.44078 9.42767 9.41862 9.41711 9.41578 10.0213 11.1099 11.0824 11.0794 11.1083 11.3935 11.2304 11.2867 11.1914 11.5433 11.2342 11.3002 11.2291 11.1544 11.0902 11.0802 11.2610 11.5862 11.5403 11.1263 10.8712 11.2008 11.2176 11.0597
4.49570 4.43991 4.41256 4.49597 4.54647 4.75802 4.75171 4.72900 4.70799 4.92161 5.55240 5.56463 5.56390 5.55333 5.52569 5.51992 5.75593 6.11614 6.13574 6.10042 6.20580 7.03575 7.03575 7.26094 7.39223 7.39233 7.56953 7.41128 7.65572 7.66530 7.66530 7.66530 8.68740 8.94090 8.92907 8.94880 9.17279 9.39179 9.39264 9.39264 9.39264 9.39264 9.39260 9.68610 10.5565 10.5688 10.2798 10.0401 10.3451 10.3795 10.4328 10.4771 10.8608 10.8814 10.9042 10.8988 10.8169 10.6845 10.5563 10.4682 10.4735 10.3220 10.0721 9.72327 10.4630 11.2950 11.4566
4.04671 4.12880 4.33889 4.44572 4.42497 4.63129 4.64858 4.64805 4.64946 4.78567 5.37049 5.51704 5.51704 5.51704 5.51704 5.51704 5.67133 6.01229 6.13574 6.13266 6.00641 6.95654 7.03575 7.14209 7.39223 7.39223 7.53336 7.37869 7.60727 7.65016 7.63843 7.62658 8.26972 8.90924 8.90924 8.90924 9.11576 9.34860 9.33680 9.22083 9.10199 8.98312 8.85863 8.68665 9.02754 9.48334 9.28881 9.17520 9.34950 9.51089 9.39992 9.55962 9.80673 10.3675 10.4329 10.4385 10.4269 10.4605 10.4941 10.5423 10.6194 10.6982 10.7550 10.3439 11.0001 11.8009 12.1373
3.93505 3.99904 4.09412 4.33655 4.44778 4.57142 4.65292 4.65292 4.65292 4.72724 5.20687 5.51704 5.51704 5.51704 5.51704 5.51704 5.59537 5.90574 6.13574 6.13574 6.03406 6.68030 7.03575 7.04502 7.36655 7.37312 7.39982 7.36484 7.51772 7.61837 7.61837 7.61859 7.88376 8.73241 8.62257 8.43349 8.36206 8.34607 8.24442 8.13021 8.01935 7.90822 7.80281 7.76613 7.98421 8.91287 8.97183 8.96443 9.07322 9.40055 9.29573 9.48428 9.69603 10.3468 10.5558 10.6444 10.6714 10.6988 10.7262 10.7392 10.7186 10.6712 10.6063 10.5325 11.0593 11.7666 12.2918
3.93751 3.95998 4.02486 4.31075 4.46915 4.50579 4.65292 4.65292 4.65292 4.67065 5.04158 5.51704 5.51704 5.51704 5.51704 5.51704 5.52770 5.79908 6.13404 6.13574 6.07135 6.37710 7.00272 6.98674 7.19978 7.33094 7.33345 7.29756 7.32136 7.39372 7.27756 7.15872 7.04372 7.55981 7.51926 7.49762 7.57458 7.73363 7.74567 7.72288 7.70072 7.67930 7.65857 7.64355 7.69247 8.51212 8.74291 8.69320 8.64789 9.05026 8.89834 8.96010 9.16289 10.0133 10.2516 10.3870 10.3873 10.3873 10.3873 10.3873 10.3873 10.3873 10.3873 10.4633 10.8362 11.5622 12.3563
3.94830 3.93836 3.96591 4.27937 4.45974 4.44083 4.65226 4.65292 4.65292 4.65292 4.85746 5.49729 5.51704 5.51704 5.51704 5.51704 5.51568 5.68579 5.99570 6.01539 5.93241 5.87128 6.45302 6.31009 6.27366 6.36067 6.18225 6.09560 6.44748 6.80421 6.80157 6.80157 6.80047 7.22899 7.41433 7.35785 7.34708 7.53999 7.57911 7.57709 7.57378 7.57050 7.56713 7.56920 7.59736 7.96368 8.27347 8.31349 8.32292 8.66093 8.73543 8.73709 9.10697 9.80302 10.2532 10.3808 10.3873 10.3873 10.3873 10.3876 10.4539 10.5692 10.6846 10.8545 10.9879 11.4663 12.2964
3.94897 3.91958 3.95690 4.20336 4.42882 4.43228 4.61080 4.65307 4.67224 4.70456 4.86239 5.29732 5.34194 5.29260 5.24933 5.20603 5.16381 5.21697 5.46042 5.61010 5.61815 5.56370 5.89249 6.00749 6.06513 5.92356 5.88997 5.84082 6.15138 6.66727 6.70158 6.71266 6.72483 6.98849 7.43236 7.39783 7.41792 7.51131 7.56929 7.58058 7.58058 7.58055 7.57895 7.58075 7.58785 7.85170 8.24581 8.33326 8.33093 8.51210 8.76268 8.67975 8.97445 9.49637 10.2215 10.4046 10.5736 10.6913 10.8090 10.9264 10.9780 10.9896 11.0062 11.0371 11.1815 11.3561 11.9495
4.01385 4.02981 4.05978 4.28537 4.56190 4.74778 4.85402 4.92069 4.93956 4.93619 4.99552 5.13698 5.12373 5.11075 5.08612 5.05893 5.05831 5.12878 5.41814 5.69124 5.73798 5.65004 5.78238 5.94366 5.97051 5.89044 5.85580 5.86870 5.99840 6.69839 6.78203 6.77940 6.77678 6.81872 7.44592 7.36038 7.35800 7.41588 7.49707 7.53289 7.55117 7.56975 7.58965 7.60609 7.61736 7.74104 8.23551 8.37995 8.39123 8.44511 8.89865 8.88569 9.16729 9.73437 10.6191 10.9060 11.0622 11.0770 11.0918 11.1066 11.1212 11.1269 11.1278 11.1503 11.3543 11.4170 11.8972
4.47002 4.57713 4.58659 4.77885 5.13948 5.23783 5.08636 4.86524 4.85425 4.85246 4.85834 4.81685 4.86450 4.98501 5.12127 5.26123 5.37472 5.43827 5.61383 5.65900 5.67326 5.68152 5.78047 6.00336 6.00336 5.95256 5.83498 5.83498 5.99993 6.80913 7.04579 7.05833 7.07102 7.08356 7.62638 7.69029 7.69055 7.73953 7.85394 7.89388 7.89391 7.89391 7.89391 7.89391 7.89391 7.91338 8.45770 8.80577 8.96740 9.14079 9.61187 9.59034 9.61199 10.0222 10.7698 10.9655 11.2038 11.2378 11.2718 11.3133 11.3881 11.4670 11.5454 11.6023 11.8028 11.9309 12.1481
5.38376 5.47002 5.13353 4.94857 5.20036 5.25267 5.18371 4.97930 5.10072 5.24022 5.38009 5.46295 5.48800 5.49787 5.49908 5.49908 5.49908 5.49908 5.59189 5.67624 5.67828 5.67884 5.70203 5.99539 6.00336 5.99857 5.84457 5.83498 5.95653 6.71935 7.14066 7.14478 7.15516 7.16564 7.50104 7.79618 7.73236 7.73466 7.84498 7.89047 7.89391 7.93059 8.09695 8.27574 8.45447 8.63292 9.09724 9.48738 9.53895 9.54158 9.65832 9.68536 9.62876 9.95129 10.7192 11.2687 11.6970 11.7774 11.8579 11.9309 11.9704 12.0059 12.0452 12.0916 12.2450 12.2368 12.0881
5.69248 5.75203 5.53960 5.25262 5.75264 5.94969 5.86691 5.66244 5.58438 5.58438 5.58438 5.54768 5.50357 5.49908 5.49908 5.49908 5.49908 5.49908 5.54048 5.67475 5.67828 5.67828 5.68598 5.92320 6.00336 6.00336 5.89588 5.84847 5.93025 6.49819 7.17231 7.18224 7.18230 7.18230 7.30247 7.88269 7.82920 7.95898 8.22740 8.47883 8.66266 8.80736 8.83392 8.88854 8.94679 9.00476 9.27527 9.71579 9.79953 9.84102 9.93147 10.1684 10.2906 10.4734 11.0954 11.6655 12.1237 12.2232 12.3039 12.4086 12.5257 12.6449 12.7625 12.8746 13.0123 13.0965 12.5729
6.09958 6.23540 6.30247 5.94837 6.20901 6.30414 6.10952 5.89723 5.76281 5.78795 5.81257 5.81940 5.57181 5.49908 5.49908 5.49908 5.49908 5.49908 5.50150 5.66097 5.67818 5.67828 5.68321 5.84647 6.05203 6.09331 6.08325 5.99402 5.99603 6.33744 7.20111 7.32305 7.46584 7.72517 7.99488 9.01581 9.07640 9.20115 9.33362 9.38301 9.32147 9.38283 9.43265 9.44197 9.44788 9.45380 9.52828 9.99030 10.0483 10.1423 10.2400 10.5569 10.7846 10.9096 11.5652 12.4351 13.0110 13.1578 13.2036 13.2185 13.2185 13.2185 13.2185 13.2185 13.2185 13.2031 12.6105
6.68500 6.70182 6.70726 6.29519 6.34873 6.53831 6.36043 6.14878 5.92398 5.92398 5.92398 5.92140 5.67155 5.49908 5.49908 5.49908 5.49908 5.49908 5.49908 5.61734 5.71891 5.76299 5.81692 6.00219 6.32677 6.41173 6.49184 6.42414 6.58911 6.85746 8.33373 8.82055 8.94717 8.95154 8.90793 9.36685 9.55297 9.55054 9.61729 9.74572 9.66505 9.79746 9.93252 10.0702 10.2111 10.3545 10.5010 10.7669 10.8516 10.8517 10.8517 11.0141 11.1949 11.2277 11.5612 12.5085 13.0168 13.2185 13.2185 13.2185 13.2185 13.2185 13.2184 13.1827 13.1178 13.0529 12.6829
6.70735 6.70735 6.70735 6.43789 6.29581 6.54338 6.44301 6.20931 5.95454 5.92398 5.92398 5.92412 5.77564 5.50508 5.50446 5.51895 5.64007 5.85018 6.06498 6.25957 6.35525 6.52060 6.62677 6.68698 6.90664 7.06052 7.21039 7.29199 7.30799 7.28867 8.27506 8.95054 8.96213 9.01646 9.11006 9.47777 10.2354 10.3628 10.4259 10.8281 10.7262 10.6933 10.6933 10.6933 10.6933 10.6933 10.6934 10.7667 10.8495 10.8522 10.8525 10.9443 11.1640 11.2340 11.3896 12.3029 12.8761 13.2078 13.1901 13.1267 13.0605 12.9944 12.9283 12.8979 12.8859 12.8514 12.6450
6.70735 6.70735 6.70886 6.58937 6.26025 6.57332 6.53171 6.30909 6.10839 6.07307 6.16895 6.33493 6.46431 6.32670 6.51156 6.71190 6.80899 6.83513 6.86101 6.91968 6.85298 7.14333 7.29385 7.42591 7.51931 7.61190 7.67150 7.68240 7.66866 7.66966 8.35255 9.53085 9.57231 9.57495 9.57705 9.61664 10.4535 10.5496 10.5519 10.8010 10.8298 10.7401 10.7423 10.7446 10.7468 10.7491 10.7514 10.7808 10.9132 10.9238 10.9286 10.9518 11.2045 11.3085 11.2716 12.0060 12.6128 12.9401 12.8651 12.8304 12.7982 12.7662 12.7341 12.7020 12.6806 12.6819 12.5927
6.79781 6.84227 6.90702 6.95330 6.59129 6.99557 7.16371 7.08961 7.05842 7.08299 7.20437 7.25567 7.27657 7.09830 7.05026 7.21597 7.46899 7.73104 8.01040 8.23041 8.16770 7.73365 7.70366 7.79116 7.93088 7.98090 7.97276 7.96105 7.85581 7.80988 8.11670 9.61964 9.65773 9.66060 9.66347 9.66638 10.3131 10.6248 10.6415 10.7840 10.9803 10.8326 10.8356 10.8385 10.8414 10.8442 10.8471 10.8480 10.9756 10.9717 10.9067 10.8562 10.9449 10.9883 10.9570 11.3472 12.2630 12.6930 12.7128 12.7028 12.6928 12.6828 12.6718 12.6367 12.5908 12.5450 12.4805
7.49107 7.58843 7.66410 7.73964 7.68983 7.77098 7.82783 7.66946 7.44274 7.31785 7.45496 7.67757 7.90546 8.08959 8.23002 8.34961 8.38574 8.39638 8.38808 8.38670 8.27238 7.85985 7.64830 7.66459 7.77083 7.84115 7.84129 7.84129 7.77680 7.74665 7.97393 9.36741 9.69902 9.69902 9.69911 9.69927 10.0854 10.6305 10.6661 10.7001 11.0519 10.8514 10.8480 10.8480 10.8579 10.9205 10.9912 11.0619 10.9685 10.8335 10.8674 10.8946 10.8394 10.8560 10.9218 11.0739 12.1802 12.4978 12.5645 12.5530 12.5416 12.5302 12.5198 12.5335 12.5579 12.5763 12.5860
7.95798 7.97220 7.99263 8.03057 7.99641 7.99226 8.18902 8.16082 8.38938 8.43323 8.48456 8.49078 8.49078 8.49187 8.39291 8.38670 8.38670 8.38670 8.38670 8.38670 8.34247 8.00618 7.64830 7.64830 7.74743 7.82805 7.84129 7.84129 7.80982 7.74131 7.90207 8.97081 9.69943 9.69960 9.69968 9.69968 9.82792 10.6088 10.6758 10.7019 11.0789 11.0562 11.0858 11.1716 11.2476 11.2709 11.2805 11.2429 11.1257 10.9986 11.0966 11.1232 11.1194 11.0299 10.9937 10.9886 11.9641 12.5051 12.6717 12.6709 12.6170 12.5239 12.4239 12.3239 12.2238 12.1300 12.0446
8.13897 8.16324 8.16102 8.13171 8.08543 7.99692 8.37494 8.31772 8.74524 8.73311 8.70264 8.75611 8.81009 8.83567 8.41349 8.38670 8.38670 8.38670 8.38670 8.38670 8.38610 8.15772 7.66949 7.64830 7.71629 7.80646 7.84546 7.85809 7.86768 7.78904 7.86759 8.62173 9.72930 9.82577 9.94576 10.1511 10.3550 11.0559 11.3287 11.4360 11.7294 11.4640 10.9225 10.8598 10.7984 10.7372 10.6813 10.6730 10.6746 10.9227 11.2860 11.2829 11.2417 11.0561 10.8742 10.8196 11.3052 11.9128 12.0412 11.9421 11.8959 11.8889 11.8889 11.8889 11.8889 11.8889 11.8889
8.53274 8.56196 8.61141 8.67086 8.72968 8.65669 9.05658 9.01229 9.23006 9.34700 9.21533 9.21533 9.21533 9.21963 8.50878 8.38670 8.38670 8.38670 8.38670 8.38670 8.38670 8.24275 7.80321 7.66345 7.71317 7.82985 7.96611 8.13258 8.30803 8.41873 8.58622 9.28203 10.4731 10.6390 10.6994 10.6740 10.6518 11.0277 11.3242 11.3051 11.4166 11.4666 10.6760 10.6735 10.6319 10.5810 10.5299 10.4792 10.4280 10.5000 10.9348 10.8870 10.8760 10.7727 10.6069 10.5515 10.7205 11.5916 11.8846 11.8889 11.8889 11.8889 11.8889 11.8889 11.8889 11.8888 11.8197
8.85170 8.85170 8.85170 8.85170 8.85170 8.76627 8.96803 9.03966 9.08599 9.38513 9.22589 9.21533 9.21533 9.21585 8.71976 8.38661 8.38399 8.38025 8.37844 8.42774 8.52602 8.58090 8.44513 8.28722 8.43414 8.68786 9.11108 9.09569 9.05643 9.06050 9.22705 9.63154 10.5769 10.8701 10.9460 11.0225 11.1113 11.3143 11.6089 11.3892 11.4212 11.3968 10.3786 10.2768 10.2676 10.2676 10.2676 10.2676 10.2675 10.2586 10.8388 10.8221 10.8017 10.7439 10.5950 10.5235 10.5428 11.4309 11.8303 11.8889 11.8923 11.8654 11.7496 11.6283 11.5073 11.3861 11.3342
