OMI_NO2_yc_0.0167deg/OMI_NO2_yc_0.0167deg/OMI_NO2_200510.asc
ncols      200
nrows      200
xllcorner       110.913
yllcorner       33.7933
cellsize     0.0166667
NODATA_Value      -999.000
[rows 87 to 115 of 200, columns 0 to 66 of 200]
12.5281 12.7378 12.9231 14.1066 14.3405 14.4745 15.6747 16.8826 15.6406 15.8665 15.5494 15.5035 15.4665 15.4571 15.5340 15.6050 15.6673 15.7297 15.8540 16.1557 16.3646 16.4525 16.3996 16.8141 16.7551 16.3580 15.3325 15.2319 15.2343 15.2365 15.1449 14.9701 14.7955 14.3080 14.0754 14.0752 14.0825 14.2053 14.3172 14.3443 14.3679 13.8936 11.5666 11.5366 11.5364 11.1206 11.4567 11.6044 11.6317 11.5460 11.4545 11.5269 11.5974 10.4049 8.83532 7.88384 7.04351 7.01503 6.19437 5.62463 4.61578 4.49237 4.39389 4.10429 3.76397 3.96113 4.03551
13.4710 14.0181 14.5755 15.5392 16.3238 16.6230 17.0163 18.2900 16.9501 16.5532 15.7422 15.6079 15.7092 15.8103 15.9289 16.1587 16.3467 16.3884 16.3517 16.2683 16.1509 16.0882 16.1187 16.6444 16.8783 16.8722 15.6760 14.9611 14.7841 14.6071 14.5241 14.5241 14.5123 14.3520 14.1419 14.1691 14.1889 14.2233 14.3711 14.3711 14.3711 14.3607 11.9905 11.5198 11.4560 11.0734 11.1241 11.0651 11.0697 10.9385 10.7902 10.7721 10.9089 10.5759 8.19542 7.71861 6.17709 6.02664 5.69002 5.35681 4.44875 4.41018 4.43543 4.36703 3.82997 3.96607 4.08848
16.0913 16.1164 16.1164 16.2309 16.8093 16.8690 16.9492 18.2112 17.8008 17.2052 16.7050 16.2908 16.3316 16.3215 16.2985 16.1733 16.0140 16.0011 16.0011 16.0510 16.1204 16.1167 15.9954 16.1345 16.3991 16.2234 15.6137 14.5302 14.5095 14.4810 14.4525 14.4240 14.4073 14.3977 14.1993 14.1898 14.1898 14.1899 14.3413 14.3644 14.3005 13.9824 12.2888 10.9834 10.8167 10.4860 10.3349 10.3292 10.3202 10.1730 10.0510 9.99993 10.1042 10.0691 8.26506 7.34845 5.86953 5.40106 5.17434 4.94450 4.66841 4.47085 4.50259 4.53435 4.08314 4.02569 4.16152
16.1164 16.1164 16.1164 16.1164 16.9813 17.1792 17.1792 17.8852 18.2041 17.2060 16.9651 16.0076 15.9457 15.9457 15.9457 15.9890 16.0011 15.9935 15.8604 15.7080 15.6259 15.4525 15.3968 15.5052 16.1366 16.1087 15.9679 14.5612 14.4071 14.4071 14.4071 14.4071 14.4071 14.4071 14.2657 14.1887 13.9067 13.3101 12.7980 12.2969 11.7600 11.4774 11.1035 10.2727 10.1026 9.93016 9.76774 9.84974 9.88521 9.87638 9.76476 9.62576 9.59144 9.44464 8.58097 6.92955 6.11965 5.35096 5.34975 5.05458 4.95601 4.59124 4.57627 4.57627 4.29010 3.97249 4.14329
16.1164 16.1164 16.1164 16.1355 16.8908 17.6352 17.8797 18.0977 18.3098 17.0724 17.0147 16.0667 15.9457 15.9340 15.7669 15.5991 15.4908 15.3214 15.2775 15.2797 15.3729 15.3480 15.3194 15.2919 15.9371 16.0377 16.0382 14.9970 14.4071 14.3757 14.2221 13.9333 13.3768 12.7763 12.1099 11.3588 11.0399 11.0356 11.0189 11.0113 10.8408 10.6701 10.4918 9.60677 9.51911 9.49955 9.50851 9.56356 9.45258 9.32586 9.29854 9.29658 9.14509 8.80286 8.37145 5.78834 5.41200 5.44470 5.44484 5.15333 5.07325 4.64602 4.56006 4.54619 4.44235 3.91279 4.09505
16.2588 16.5441 16.8292 17.0956 17.3016 18.0669 18.0677 18.0677 18.2953 17.3336 16.8554 15.9874 15.3397 15.1347 15.0861 15.1016 15.2513 15.2257 15.1972 15.1693 15.2538 15.2799 15.2775 15.2399 15.6401 15.8989 15.7775 14.5600 12.6218 12.0565 11.6091 11.2972 11.2531 11.2305 11.0745 10.7037 10.5144 10.3403 10.2082 10.3405 10.3751 10.3344 10.2245 9.59734 9.12502 9.03311 9.08434 9.23940 8.99633 8.66366 8.34998 8.03807 7.88466 7.86051 7.86051 6.39462 5.40470 5.43406 5.43072 5.22666 5.04120 4.75857 4.52285 4.52069 4.49172 3.95090 4.04492
17.1530 17.1566 17.1664 17.1762 17.1860 17.9398 17.8966 17.6267 17.5373 16.8666 16.2312 15.8777 15.1296 15.1124 15.0904 15.0700 15.1861 15.1968 15.1539 15.1110 15.1362 15.1403 15.0467 14.9739 14.8621 13.7140 12.8905 12.1058 11.1426 10.9565 10.7777 10.5993 10.4207 10.2646 10.2369 10.1006 10.0103 9.97286 9.90011 9.89875 9.88284 9.86417 9.91673 9.68773 8.83463 8.62445 8.42382 7.98441 7.84582 7.81539 7.81539 7.81539 7.82687 7.83723 7.46749 6.57195 5.36491 5.37029 5.38550 5.22194 4.85430 4.64738 4.35387 4.34162 4.33363 4.02596 3.84906
17.4260 17.4193 17.1820 16.8553 16.5288 16.7522 17.1883 17.1694 17.0306 16.8536 15.7178 15.3864 14.7562 14.9318 14.8806 14.8294 14.8698 14.9597 14.8948 14.8300 14.7648 14.4667 13.9335 13.4140 12.8447 11.6372 11.3484 11.1882 10.3668 10.2949 10.3578 10.4219 10.4869 10.5113 10.5046 10.4373 10.2521 10.2791 10.3463 10.2884 10.0303 9.75965 9.48884 9.24321 8.32101 8.24930 8.24930 7.99730 7.80961 7.81493 7.58515 7.16893 6.74291 6.15327 5.96496 5.86793 5.17852 4.99423 4.94117 4.91452 4.57878 4.45116 4.00840 3.88412 3.71095 3.53980 3.52595
16.4922 16.1790 16.0884 16.0266 15.6890 15.4807 16.1251 15.7994 15.6518 16.0151 15.1082 15.0719 14.5392 14.7214 14.6583 14.6115 14.6330 14.7676 14.3691 13.8770 13.2520 12.8483 12.7456 12.6412 12.6176 12.0411 11.5588 11.5730 11.0876 10.8813 10.8038 10.7264 10.6490 10.6161 10.6161 10.6051 10.0489 9.69148 9.42055 9.23402 9.23357 9.23541 9.23541 9.23541 8.61999 8.24930 8.13363 7.66826 6.96579 6.38427 6.11273 6.03144 5.95027 5.63089 5.51225 5.43722 4.92500 4.34348 4.13521 3.90698 3.72550 3.60457 3.35777 3.39172 3.36823 3.34979 3.38700
15.4191 15.0188 14.6185 14.2792 14.2166 14.2166 15.3254 15.5482 15.4899 15.7088 15.5676 15.4976 15.1214 15.2100 14.9940 14.3561 13.6002 13.0807 12.9267 12.7835 12.7706 12.7671 12.7668 12.7668 12.7639 12.4501 11.4357 11.3581 10.9456 10.6197 10.6160 10.6057 10.5876 10.5696 10.5515 10.5420 9.80739 9.22796 9.22796 9.22796 9.23095 9.23541 9.18249 8.85520 8.15321 7.01876 6.69300 6.56248 6.04110 5.72083 5.60106 5.46532 5.26099 4.79596 4.46352 4.30026 4.12566 3.43003 3.28976 3.15921 3.04534 3.02330 3.05775 3.32037 3.28551 3.22673 3.19238
14.2166 14.2166 14.2166 14.2166 14.2166 14.2166 14.7630 15.1969 15.1741 15.2642 15.5290 14.7758 13.8380 12.6561 12.6037 12.5554 12.5554 12.6212 12.7706 12.7706 12.7653 12.7005 12.6219 12.5445 12.4698 12.4502 11.3906 11.2434 11.0970 10.5143 10.5498 10.5420 10.5420 10.5420 10.5420 10.5420 10.2639 9.22796 9.21323 8.91447 8.47116 8.02803 7.63122 7.50804 7.40113 6.25323 6.11182 6.02963 5.62124 5.06187 4.76925 4.70054 4.68849 4.36586 3.92865 3.77416 3.62249 3.03789 2.88534 2.89598 2.85057 2.88019 2.82247 3.00536 3.09189 3.09189 3.10188
13.8873 14.2166 14.2166 14.2166 14.2166 14.1963 14.0645 14.1097 13.3068 12.5487 12.7121 12.8710 12.8660 12.1483 12.5524 12.5554 12.5558 12.5652 12.6229 12.5407 12.4685 12.4512 12.4487 12.4355 12.4174 12.4040 11.7135 11.1814 11.1804 10.5137 10.5410 10.5420 10.5411 10.5177 10.4688 10.1925 9.73952 8.15918 7.54286 7.39152 7.38510 7.37328 7.30537 7.23138 7.15729 6.21449 5.77847 5.77801 5.56405 4.80106 4.41491 4.28239 4.16191 4.00794 3.57158 3.51440 3.42620 3.05484 2.55932 2.62156 2.66590 2.75096 2.76678 2.89378 3.12316 3.22642 3.33282
12.7038 14.1162 13.8781 13.2165 12.3369 11.5235 10.9148 11.8736 12.0903 12.0903 12.4455 12.8710 12.8714 12.3344 12.4329 12.5704 12.5751 12.5759 12.5012 12.4376 12.4195 12.4002 12.3802 12.3753 12.3753 12.3774 12.0873 11.1321 11.0986 10.6113 10.2600 10.1401 9.70056 9.27389 8.87263 8.69915 8.69107 7.94841 7.23956 7.16558 7.09151 7.03716 7.03819 7.03819 6.99274 6.40294 5.48958 5.36387 5.25098 4.52255 4.07803 4.00536 3.91957 3.79950 3.23182 3.19977 3.19977 3.15074 2.52680 2.56794 2.68665 2.84201 2.99229 3.13121 3.48536 3.50116 3.50456
10.7016 11.7433 11.0818 10.8291 10.8291 10.8291 10.8291 11.4703 12.0907 12.0949 12.1942 12.8734 12.8735 12.5794 12.2133 12.5208 12.4958 12.4707 12.4167 12.3077 12.2700 12.2293 12.1855 12.1452 12.0952 11.8836 11.5521 10.6622 10.6480 10.4794 9.43387 8.46075 8.38663 8.29516 8.20394 8.11228 8.02908 7.77832 6.66954 6.65213 6.69293 6.78140 6.34379 6.17049 6.08274 5.94641 4.83255 4.71655 4.64240 4.12534 3.41584 3.39361 3.39361 3.39361 3.23202 3.19977 3.19129 3.11323 2.80241 2.83523 3.06335 3.10705 3.24732 3.34034 3.72256 3.96701 4.08457
9.96220 10.4908 10.6128 10.5956 10.5787 10.5661 10.5547 10.7505 11.8290 11.8159 11.7961 12.3284 12.3924 12.1763 11.3519 12.0465 12.0219 11.9803 11.9378 11.7939 11.6666 11.4281 11.1442 10.8990 10.7359 10.7852 10.7802 10.5731 10.3177 10.1690 9.18559 7.70965 7.65168 7.65136 7.65136 7.65258 7.72041 7.82612 6.85186 6.72358 6.77128 6.77128 6.14801 5.76517 5.69901 5.61935 4.65608 4.31452 4.31452 4.10690 3.44744 3.39361 3.39251 3.34031 3.12758 2.95105 2.86879 2.91926 3.03290 3.17151 3.37264 3.51340 3.63177 3.63523 3.82138 4.11253 4.09608
9.64049 9.87688 10.3055 10.3114 10.3169 10.3182 10.2915 10.1026 11.0255 11.0712 10.8876 11.1294 11.4528 11.4177 11.0830 11.5221 11.5593 11.3285 11.0983 10.8009 10.6460 10.7571 10.8069 10.8050 10.7509 10.6464 10.4592 10.2386 9.95025 9.95025 9.39970 8.07249 7.73108 7.83693 7.94277 8.04727 8.08533 8.08493 7.37746 6.66683 6.60070 6.53457 6.21003 5.57470 5.57470 5.57470 5.03488 4.31452 4.31452 4.26598 3.43041 3.20289 3.17800 3.22965 3.22372 3.19335 3.28330 3.32398 3.36765 3.49202 3.63765 3.83780 3.60698 3.46621 3.46075 3.83653 3.80517
9.74879 9.42970 10.0008 9.82852 9.60969 9.39029 9.19818 9.16825 9.91496 10.6371 10.6294 10.5615 11.0102 10.7816 10.3465 10.2123 10.7463 10.8339 10.8740 10.8622 10.7460 10.6465 10.5279 10.4837 10.4837 10.4837 10.4323 10.3372 10.0747 10.1466 9.91846 9.02653 8.08533 8.08252 7.92499 7.68026 7.43533 7.19080 7.00495 6.49332 6.49155 6.49155 6.46734 5.63384 5.57470 5.56013 5.31824 4.24022 4.21018 4.23818 3.80701 3.51873 3.58658 3.63033 3.65371 3.61323 3.70447 3.77980 3.81612 3.88090 3.88936 4.01486 3.66352 3.29528 3.27676 3.59010 3.71893
8.78074 8.37171 8.88769 9.16825 9.16825 9.16825 9.16476 9.15493 9.31463 9.84904 9.62670 9.56369 10.1817 10.3550 10.2921 9.96949 10.7424 10.7039 10.6758 10.6757 10.5727 10.5529 10.5345 10.4947 10.5849 10.6908 10.7764 10.7471 10.5398 10.3764 10.0810 9.08654 7.50627 7.16953 7.08193 7.08193 7.08193 7.08193 7.08193 6.62154 6.49155 6.48637 6.40241 5.70066 5.20106 5.06788 4.96993 4.75733 4.70209 4.72653 4.43225 3.87974 3.90916 3.93850 3.94979 3.83031 3.78853 3.74213 3.69567 3.66940 3.71891 3.84453 3.78640 3.26958 3.26475 3.42937 3.69916
8.60889 8.23572 8.52014 9.15025 9.14110 9.13251 9.12708 9.12695 9.11799 9.41650 9.51767 9.54335 9.89633 10.2807 10.2801 9.88895 10.3792 10.6758 10.6758 10.6700 10.6457 10.7708 10.8721 10.9024 10.9176 10.9027 10.7092 10.3273 9.96819 9.44925 9.38052 8.72660 7.61350 7.08193 7.08193 7.08193 7.07651 7.04168 6.92276 6.51985 6.03708 5.89458 5.83092 5.57267 4.88386 4.79748 4.70565 4.68819 4.36554 4.29857 4.28906 3.96156 3.90753 3.86883 3.83011 3.67272 3.63789 3.64092 3.72608 3.84806 4.03953 4.07210 3.88105 3.31966 3.25568 3.29050 3.68948
8.73162 8.32657 8.32788 9.04138 9.08722 9.00039 8.99380 9.01977 9.05454 9.34297 9.58059 9.58059 9.67192 10.2789 10.2805 10.0132 10.0407 10.5912 10.5488 10.5122 10.5737 10.9614 10.7549 10.4514 10.1958 9.96612 9.91424 9.80782 9.75927 9.39341 9.27490 8.83097 8.09915 6.94507 6.84129 6.69432 6.55214 6.43920 6.41052 6.34447 5.73968 5.64093 5.54889 5.44430 4.54955 4.46167 4.46167 4.55226 4.25754 4.21590 4.18274 3.90546 3.79102 3.80144 3.88781 3.92226 3.99750 4.11612 4.15273 4.15273 4.19372 4.22118 3.89930 3.55629 3.60145 3.88695 4.49722
8.63778 8.19546 8.01740 8.46460 8.99847 9.11124 9.14384 9.14384 9.14384 9.20748 9.58028 9.57594 9.53969 10.0546 10.1547 9.98533 9.68253 10.4065 10.2514 10.0028 9.75257 9.90343 9.96070 9.84285 9.71474 9.61178 9.50882 9.34819 9.12928 8.75310 8.57538 8.51278 8.26987 6.73307 6.41002 6.34374 6.25184 6.15980 6.06782 5.98501 5.53546 5.38072 5.37959 5.29287 4.71459 4.36266 4.32524 4.35960 4.21292 4.11382 4.18658 4.16513 4.11826 4.20929 4.22451 4.19682 4.15273 4.15273 4.15273 4.17117 4.31548 4.93898 5.05643 4.88241 4.35346 4.30184 4.38048
8.19555 7.94406 7.76169 7.95894 9.04654 9.04488 9.03933 9.02969 8.98419 8.92854 9.22745 9.25890 9.23969 9.54672 9.87482 9.80673 9.30578 9.14679 9.02285 8.91603 8.81100 8.91527 9.08308 8.95001 8.76478 8.65477 8.54595 8.49510 8.55288 8.55846 8.42770 8.33074 8.02311 6.75666 5.72658 5.69169 5.68272 5.67409 5.66176 5.56190 5.19374 4.69577 4.55933 4.50820 4.38941 4.02878 4.10459 4.18973 4.29469 4.12982 4.13412 4.21428 4.22950 4.22467 4.22467 4.21468 4.25689 4.39267 4.52851 4.64398 4.60031 5.20917 5.21111 4.82346 4.02653 3.99368 4.01567
7.75166 7.75981 7.43950 7.42688 8.43601 8.67617 8.62620 8.58035 8.57045 8.56536 8.73271 8.90839 8.85734 8.90495 9.49255 9.48013 8.75115 8.46202 8.43496 8.34235 8.24124 8.18686 8.51315 8.44553 8.37270 8.42879 8.41959 8.35981 8.29869 8.20721 7.97489 7.96158 7.79981 7.29381 5.63996 5.52016 5.39108 5.26212 5.13648 5.09858 5.05776 4.56712 4.63324 4.70931 4.78277 4.37896 4.31879 4.31879 4.43605 4.13877 4.13412 4.17162 4.33806 4.39573 4.50793 4.57024 4.51659 4.42883 4.34119 4.25531 4.22576 4.57154 5.05513 4.78389 4.53098 4.62554 4.77268
7.31343 7.71146 7.25323 7.20542 7.75657 8.53706 8.49122 8.44013 8.38911 8.34323 8.39983 8.77137 8.77159 8.76863 9.25767 9.29539 8.76459 8.08660 7.99246 7.98948 8.04719 8.05592 8.39377 8.47655 8.21790 8.14240 8.13547 8.13547 8.16003 8.16367 8.02480 7.84229 7.61513 7.23637 5.58732 5.09858 5.09555 5.01543 4.90136 4.78721 4.67431 4.76984 4.82997 4.82997 4.82997 4.55322 4.31879 4.31879 4.43431 4.35288 4.31461 4.35068 4.55473 4.38236 4.29221 4.24651 4.17483 4.16595 4.21178 4.25612 4.29945 4.41438 5.12095 4.95313 4.87764 4.91693 4.91342
6.75717 7.58513 7.10238 7.01871 7.05899 8.28961 8.33485 8.33485 8.33485 8.36671 8.45895 8.55538 8.42861 8.33055 8.62925 9.00160 8.86783 7.98561 7.96361 7.93592 7.86296 7.83878 8.02378 8.31830 8.17239 8.13547 8.11798 8.00370 7.89358 7.77386 7.59547 7.43303 7.39266 7.10827 5.99359 4.77656 4.66558 4.63168 4.63168 4.63168 4.63168 4.70163 4.82997 4.82997 4.84055 4.75656 4.29462 4.23266 4.17426 4.16638 4.12525 4.11140 4.27387 4.22975 4.27900 4.33290 4.36769 4.39374 4.39389 4.39074 4.38719 4.38370 4.89466 5.04131 4.84605 4.89699 4.86858
6.35438 7.26299 7.04014 6.93105 6.93668 7.94938 8.50583 8.59950 8.69317 8.75497 8.75640 8.54476 8.40905 8.57205 8.77528 8.87859 8.85794 8.00304 7.84871 7.83878 7.83878 7.83878 7.87059 8.17097 7.93762 7.73340 7.62177 7.60692 7.60988 7.53048 7.41064 7.11150 6.99214 6.77287 6.39586 4.72252 4.63168 4.63168 4.63168 4.63079 4.58600 4.51202 4.62908 4.57264 4.49788 4.41723 3.97009 3.89853 3.93856 4.12950 4.21760 4.26110 4.42617 4.45645 4.42065 4.41772 4.40404 4.38290 4.37989 4.37952 4.37640 4.31867 4.48535 4.90232 4.72672 4.78073 4.78797
6.33949 7.14793 7.39666 7.28703 7.38844 7.80133 8.75640 8.79843 8.89674 9.04745 9.21339 9.29935 8.98335 8.98630 8.98630 8.88268 8.85758 8.29383 7.85237 7.84946 7.85565 7.86382 7.87052 7.81536 7.70571 7.49155 7.37758 7.26356 7.16644 7.16821 7.16821 7.03759 6.96501 6.81549 6.58501 5.20987 4.43891 4.33142 4.26738 4.20399 4.18481 4.20417 4.33913 4.44060 4.48387 4.52720 4.31239 4.09547 4.09932 4.19911 4.28416 4.28853 4.36765 4.48986 4.40886 4.40878 4.39444 4.30116 4.22356 4.14593 4.07144 4.05153 4.07369 4.74737 4.74152 4.75819 4.92774
6.96116 7.28923 7.77109 7.51397 7.62155 7.74064 9.07923 9.35832 9.42591 9.44121 9.44121 9.44121 9.06591 8.98630 8.98750 8.93387 8.87424 8.60942 7.88272 7.87744 7.85037 7.74518 7.63107 7.48986 7.30573 7.14002 7.12087 7.06547 7.01093 6.97664 6.91681 6.74260 6.35459 6.15702 5.79683 4.75511 4.14295 4.18510 4.21200 4.25339 4.29489 4.33627 4.43821 4.57929 4.57745 4.57485 4.46922 4.05609 4.05146 4.10142 4.21933 4.23496 4.24807 4.39124 4.20140 4.13189 4.07036 4.05129 4.05153 4.05153 4.05153 4.05153 4.07335 4.82981 5.66099 6.03105 6.35088
7.33112 7.52346 8.39250 7.90080 7.89975 7.90010 8.74297 9.44451 9.44481 9.44511 9.44651 9.45399 9.23743 9.01601 9.02327 9.00607 8.91044 8.96407 8.12226 8.07951 7.41977 7.36721 7.32489 7.27967 7.16164 6.97783 6.93266 6.90776 6.88389 6.79784 6.55649 6.25552 5.33284 5.08694 5.11248 4.88423 4.47086 4.47226 4.49485 4.50214 4.50909 4.51490 4.50017 4.66837 4.64970 4.61946 4.61442 4.27770 4.17495 4.12822 4.24034 4.21463 4.17308 4.17844 4.07308 4.04237 4.04237 4.04948 4.05942 4.14329 4.24612 4.34899 4.43055 4.93883 6.46069 6.44714 6.57380
