OMI_NO2_yc_0.0167deg/OMI_NO2_yc_0.0167deg/OMI_NO2_200607.asc
ncols      200
nrows      200
xllcorner       110.913
yllcorner       33.7933
cellsize     0.0166667
NODATA_Value      -999.000
[rows 40 to 59 of 165, columns 46 to 91 of 200]
5.92263 5.65680 5.09994 5.02795 5.02795 5.02795 5.02795 4.94137 4.53486 4.52094 4.39948 4.39902 4.39902 4.39902 3.55287 3.37131 2.57439 2.23425 2.20158 2.13401 2.05181 1.98215 1.92246 1.87071 1.84307 1.84264 1.84264 1.84264 1.84264 1.84264 1.70693 1.47971 1.47259 1.35164 1.26638 1.26583 1.26583 1.26583 1.26583 1.26583 1.26583 1.26583 1.26583 1.26583 1.26583 1.26583
4.85091 5.02066 5.02795 5.02795 5.02795 5.02795 5.02795 5.02356 4.56315 4.53486 4.41684 4.39902 4.39902 4.39461 3.74868 3.15564 2.61830 1.92187 1.85733 1.84264 1.84264 1.84264 1.84264 1.84264 1.84264 1.84264 1.84264 1.84264 1.84264 1.84264 1.78311 1.47961 1.47971 1.38645 1.28207 1.26583 1.26583 1.26583 1.26583 1.26583 1.26583 1.26583 1.26583 1.26583 1.27007 1.30309
4.84509 4.96667 5.02795 5.02795 5.02795 5.02795 5.02795 5.02795 4.65851 4.39457 4.19276 4.05038 3.92861 3.81130 3.51229 2.75129 2.64348 1.88816 1.84264 1.84264 1.84264 1.84264 1.84264 1.84264 1.84264 1.84264 1.84264 1.84264 1.84264 1.84264 1.84154 1.49744 1.47971 1.41851 1.30663 1.26583 1.27026 1.30346 1.34194 1.38031 1.41879 1.45716 1.49565 1.53383 1.56785 1.57323
4.96097 4.99510 5.02795 5.01100 4.87261 4.71033 4.54805 4.38569 3.98575 3.70817 3.73765 3.77900 3.77900 3.77900 3.75341 2.80000 2.75129 2.06822 1.84264 1.84264 1.84264 1.84264 1.84264 1.84264 1.84264 1.84264 1.84264 1.84264 1.84545 1.87814 1.91874 1.66412 1.57171 1.56745 1.55307 1.53429 1.56807 1.57323 1.57323 1.57323 1.57323 1.57323 1.57323 1.57075 1.56061 1.54996
4.73015 4.59941 4.37056 4.22522 4.20125 4.20125 4.20125 4.20125 4.06343 3.70817 3.71790 3.77897 3.77900 3.77900 3.77900 3.06412 2.75129 2.35556 1.85245 1.84264 1.84270 1.86531 1.90597 1.94656 1.98719 2.02785 2.06850 2.10910 2.14695 2.15491 2.15491 1.92407 1.66415 1.65442 1.62239 1.58661 1.57323 1.57316 1.56665 1.55597 1.54532 1.53466 1.52400 1.51583 1.51806 1.57055
4.35969 4.35966 4.22814 4.20125 4.20125 4.20125 4.20125 4.20125 4.17036 3.71167 3.70817 3.77152 3.77900 3.76730 3.71419 3.31870 2.91601 2.83840 2.10666 2.09633 2.13686 2.15491 2.15491 2.15491 2.15491 2.15491 2.15491 2.15426 2.14893 2.14091 2.13233 2.02569 1.80705 1.82953 1.90154 2.04965 2.10824 2.16756 2.23368 2.30359 2.37385 2.44376 2.51402 2.58405 2.65119 2.66896
4.31886 4.35969 4.27885 4.20012 4.19285 4.18481 4.13870 4.05489 3.97120 3.46039 3.28610 3.33625 3.33377 3.28118 3.26849 3.22911 3.02757 3.01684 2.26495 2.03796 2.02943 2.02083 2.01228 2.00376 1.99519 1.98662 1.97809 1.96787 1.96264 1.96119 1.96033 1.96102 2.16010 2.21479 2.43712 2.61701 2.66896 2.66896 2.66896 2.66896 2.66896 2.66896 2.66896 2.66896 2.66896 2.66896
3.96290 4.09979 3.99779 3.76389 3.72480 3.68782 3.68586 3.71575 3.74458 3.48654 3.33933 3.28431 3.13035 3.12722 3.12557 3.12557 2.93955 2.90600 2.47804 1.96962 1.98044 1.99945 2.00875 2.00781 2.00694 2.00604 2.00517 2.00653 2.00767 2.00767 2.00767 2.00767 2.14704 2.24572 2.38583 2.57877 2.66207 2.66896 2.66896 2.66896 2.66896 2.66896 2.66896 2.66896 2.66896 2.66896
3.84665 4.07027 4.06398 3.88656 3.87909 3.87909 3.87909 3.87909 3.87909 3.71297 3.44827 3.40466 3.11961 3.09160 3.06331 3.03671 2.90090 2.71507 2.47236 2.05162 2.03776 2.01783 2.00767 2.00767 2.00767 2.00767 2.00767 2.00767 2.00767 2.00767 2.00767 2.00767 2.08559 2.24572 2.32686 2.55252 2.64728 2.66896 2.66896 2.66896 2.66896 2.66896 2.66896 2.66896 2.66896 2.66896
3.83770 4.04241 4.07027 3.94104 3.87909 3.85238 3.79886 3.74873 3.70154 3.59617 3.25217 3.21828 2.87830 2.73092 2.61272 2.49452 2.32920 2.16353 2.16342 2.02665 2.00767 2.00767 2.00767 2.00767 2.00767 2.00767 2.00767 2.00767 2.00767 2.00767 2.00767 2.00767 2.03711 2.23255 2.27316 2.53089 2.63087 2.66896 2.66896 2.66896 2.66244 2.64358 2.62283 2.59994 2.57494 2.54700
4.03917 4.10657 4.29526 4.03130 3.56239 3.54291 3.53534 3.44154 3.32334 3.20309 2.76517 2.62865 2.43022 2.33919 2.33919 2.33919 2.33322 2.17000 2.16353 2.07712 2.00767 2.00767 2.00767 2.00767 2.00767 2.00767 2.00767 2.00767 2.00767 2.00767 2.00767 2.00767 2.01289 2.17989 2.19204 2.42271 2.49422 2.53943 2.51495 2.48032 2.45583 2.45538 2.45538 2.45538 2.45538 2.45538
4.32354 4.16626 4.30353 4.05235 3.19498 3.07679 2.96634 2.94200 2.94200 2.94200 2.69460 2.59734 2.49310 2.33919 2.33919 2.33919 2.33919 2.21382 2.16353 2.12856 2.00682 2.00767 2.00767 2.00767 2.00812 2.01136 2.01507 2.01878 2.02250 2.02622 2.02993 2.03365 2.03610 2.09078 2.03313 2.21994 2.35574 2.42568 2.45538 2.45538 2.45538 2.54021 2.75547 3.02208 3.36027 3.80359
4.58954 4.44378 3.85162 3.81416 3.05802 2.94200 2.94200 2.94200 2.94200 2.94200 2.77129 2.59734 2.55598 2.33919 2.33919 2.33919 2.33894 2.25454 2.16970 2.17269 2.03677 2.02499 2.02871 2.03242 2.03568 2.03616 2.03616 2.03616 2.03616 2.03616 2.03616 2.03616 2.03616 2.09082 2.00481 2.07616 2.23068 2.27631 2.63708 2.81576 3.05321 3.14583 2.98453 2.82217 2.65981 2.49798
4.66037 4.54612 4.02519 3.81434 3.30670 2.94200 2.94200 2.94200 2.94200 2.94041 2.84099 2.56667 2.55073 2.27097 2.21996 2.19223 2.16303 2.17502 2.26277 2.25826 2.14858 2.06413 2.04506 2.02599 2.00690 1.98777 1.96866 1.94956 1.93049 1.91144 1.89768 1.91077 1.92962 1.94554 1.85098 1.83952 1.78011 1.50806 1.69733 1.73629 1.73629 1.73629 1.73629 1.73629 1.73629 1.73629
4.85981 4.84165 4.45696 4.09158 3.85290 3.20651 3.20947 3.21242 3.21560 3.21983 3.18078 2.58804 2.57049 2.20675 1.99107 1.95692 1.92287 1.88884 1.99496 1.99772 1.95793 1.84172 1.84186 1.84322 1.84892 1.86630 1.90383 1.94179 1.97975 2.01767 2.05019 2.05597 2.05597 2.05509 1.97529 1.88914 1.80541 1.61526 1.58978 1.73629 1.73629 1.73629 1.73629 1.73629 1.73629 1.73629
4.96663 4.96184 4.93279 4.26878 4.17250 3.15259 3.11951 3.11951 3.11951 3.11951 3.11951 2.60559 2.49730 2.21268 1.83660 1.83649 1.82866 1.81540 1.91741 1.97590 1.98868 1.92055 1.96617 2.00275 2.03500 2.05556 2.05597 2.05597 2.05597 2.05597 2.05597 2.05597 2.05597 2.05597 2.01658 1.89207 1.82453 1.70560 1.51861 1.73629 1.73629 1.73629 1.73629 1.73629 1.73629 1.73629
4.92151 4.92151 4.92151 4.46069 4.20993 3.41722 3.11951 3.11951 3.12370 3.15236 3.18708 2.80717 2.54441 2.40823 1.74472 1.76060 1.80982 1.86650 1.98890 2.14526 2.16393 2.08298 2.05597 2.05597 2.05597 2.05597 2.05597 2.05597 2.05597 2.05597 2.05597 2.05597 2.05597 2.05597 2.04641 1.90427 1.84573 1.77816 1.47738 1.71052 1.73629 1.73629 1.73629 1.73629 1.73629 1.73629
4.92151 4.91224 4.87855 4.61564 4.09692 3.73609 3.32567 3.37440 3.42023 3.42835 3.46899 3.21193 2.75268 2.80090 2.03950 2.00451 2.00451 2.00451 2.01414 2.16083 2.16393 2.12195 2.05597 2.05597 2.05597 2.05597 2.05597 2.05597 2.05597 2.05597 2.05597 2.05597 2.05597 2.05597 2.05131 1.94927 1.86439 1.80371 1.54933 1.60243 1.73629 1.73629 1.73629 1.73629 1.73629 1.73629
4.70007 4.67435 4.67304 4.64628 3.99551 3.93365 3.53095 3.58754 3.64416 3.69907 3.71505 3.58715 2.88544 2.88544 2.26448 2.00451 2.00451 2.00451 2.00451 2.13046 2.16393 2.15981 2.05940 2.05597 2.05597 2.05597 2.05597 2.05597 2.05590 2.05572 2.05555 2.05537 2.05520 2.05503 2.05350 1.99012 1.88095 1.80371 1.65336 1.52693 1.73629 1.73629 1.73629 1.73629 1.66489 1.49268
4.72441 4.78938 4.85450 4.91942 4.43855 4.17767 3.79249 3.71505 3.71505 3.71505 3.71505 3.71173 2.94645 2.88544 2.47761 2.00451 2.00451 2.00451 2.00451 2.08870 2.16389 2.16369 2.08947 2.05543 2.05525 2.05508 2.05491 2.05473 2.05463 2.05463 2.05463 2.05463 2.05463 2.05463 2.05463 2.02866 1.89183 1.81089 1.73686 1.49862 1.44153 1.30626 1.25351 1.37163 1.50408 1.66216
