OMI_NO2_yc_0.0167deg/OMI_NO2_yc_0.0167deg/OMI_NO2_200506.asc
ncols      200
nrows      200
xllcorner       110.913
yllcorner       33.7933
cellsize     0.0166667
NODATA_Value      -999.000
[rows 87 to 115 of 200, columns 0 to 66 of 200]
5.58858 5.73201 5.80484 6.04768 6.03591 6.04277 6.06105 6.07827 6.14839 6.29481 6.44254 6.58355 6.64175 6.68114 6.84303 7.09983 7.32370 7.40690 7.50283 7.60827 7.62794 7.63520 7.63621 7.64647 7.57041 7.60091 7.65924 7.71902 7.83003 7.87770 7.50968 7.38861 7.68622 7.68743 7.68656 7.62655 7.36706 7.36948 7.33638 7.29762 7.26727 7.08433 7.02075 7.02075 7.02065 7.01086 7.00714 6.99662 6.31471 6.26717 6.25188 6.10267 6.17403 5.80810 5.77829 5.62368 5.00817 4.81344 4.57037 4.07305 3.77940 3.67954 3.63579 3.65988 3.53982 3.64934 3.67229
5.64472 5.94569 5.97110 6.25251 6.34452 6.46940 6.59161 6.71948 6.85095 6.93987 7.02777 7.09300 7.14711 7.20119 7.25914 7.51802 7.59010 7.60552 7.60552 7.67277 7.64663 7.69432 7.76661 7.83274 7.76191 7.77150 7.76487 7.75470 7.77935 7.81471 7.60214 7.29812 7.53051 7.58166 7.53266 7.48184 7.14804 7.12477 7.13420 7.12403 7.11374 6.91873 6.72546 6.71001 6.69479 6.68915 6.69123 6.72477 6.20703 5.95200 5.91250 5.69630 5.58487 4.96155 4.75932 4.66301 4.38114 4.25504 4.24472 3.97789 3.49210 3.46921 3.46904 3.55969 3.58371 3.81363 3.83978
5.72343 6.10214 6.28641 6.77306 7.05319 7.11599 7.17010 7.21861 7.22613 7.22381 7.22131 7.21880 7.21629 7.21378 7.22244 7.40574 7.54795 7.63596 7.70283 7.76949 7.76473 7.78143 7.77347 7.75972 7.64556 7.58442 7.58200 7.58200 7.58860 7.64441 7.53927 7.10493 7.18305 7.35020 7.35020 7.35020 7.14323 7.04032 7.07388 7.07389 7.07389 6.95784 6.67025 6.65617 6.64208 6.62800 6.61389 6.46964 6.03015 5.49308 5.38007 5.24881 5.14384 4.84578 4.77477 4.81483 4.72445 4.42634 4.38354 4.28486 3.52590 3.54443 3.57364 3.62563 3.64892 3.80376 3.84680
5.89352 6.49797 6.75539 6.93586 7.19482 7.19231 7.18980 7.18729 7.18523 7.18503 7.18503 7.18503 7.18504 7.18516 7.19489 7.46853 7.77472 7.85932 7.86542 7.85096 7.74056 7.73678 7.73678 7.73635 7.66555 7.57667 7.53684 7.49080 7.44475 7.47057 7.49500 7.15735 7.07404 7.35020 7.34660 7.33306 7.19671 6.98850 7.00704 7.00040 6.98631 6.95076 6.59437 6.57423 6.46508 6.29250 6.12296 5.93073 5.72543 5.38825 5.37539 5.31310 5.06757 4.99690 4.83038 4.72708 4.60727 4.12173 4.03248 4.49169 3.81938 3.57722 3.57722 3.60763 3.65086 3.76156 3.84717
5.80371 6.19967 6.73874 6.79405 7.18456 7.18503 7.18503 7.18503 7.18504 7.18515 7.18530 7.18877 7.19605 7.20322 7.20997 7.41267 7.76735 7.85936 7.86579 7.86075 7.76428 7.73642 7.70475 7.65377 7.57727 7.42072 7.41452 7.41394 7.40883 7.42830 7.47717 7.29026 6.94868 7.22297 7.25391 7.25335 7.21560 6.92270 6.88805 6.84466 6.67707 6.46467 5.92918 5.69145 5.64277 5.60817 5.57627 5.52058 5.39088 5.18161 5.13632 5.06879 4.67762 4.64261 4.42642 4.41402 4.41402 4.18838 3.99531 4.35035 4.12769 3.57722 3.57722 3.58691 3.65085 3.71815 3.84717
5.67378 5.97423 6.64003 6.73874 7.11931 7.18515 7.18530 7.18673 7.19344 7.20061 7.20776 7.21157 7.21157 7.21157 7.21157 7.30072 7.62409 7.83718 7.85100 7.80055 7.67603 7.56465 7.53767 7.53084 7.53661 7.38856 7.38072 7.37522 7.37426 7.37612 7.44215 7.36449 6.81599 6.91313 6.97390 6.90265 6.77008 6.22294 6.01018 5.85404 5.80844 5.80793 5.57210 5.42729 5.51056 5.51342 5.51339 5.47020 5.27568 5.03691 4.82478 4.80142 4.54735 4.54958 4.41868 4.41402 4.41402 4.34134 3.99535 4.15704 4.38993 3.62399 3.57722 3.57722 3.63981 3.67996 3.87899
5.43628 5.90622 6.38358 6.73942 7.00940 7.19801 7.20515 7.21100 7.21157 7.21157 7.21157 7.19446 7.15653 7.11869 7.06986 6.99702 7.29091 7.64258 7.65026 7.64188 7.59569 7.50308 7.50171 7.48721 7.45592 7.26937 7.16758 7.09078 7.01434 6.93749 6.91356 6.92500 6.51545 6.32467 6.42823 6.31687 6.26721 5.96561 5.75009 5.71341 5.69744 5.68985 5.53335 5.26348 5.25200 5.19668 5.10952 5.06484 4.98067 4.84979 4.62197 4.61523 4.52257 4.52908 4.45500 4.41402 4.41402 4.41402 4.07557 4.00627 4.44382 3.83796 3.59092 3.60384 3.68502 3.82000 4.11397
5.14129 5.82313 6.13017 6.75816 6.90843 7.21157 7.21157 7.19525 7.13697 7.05998 6.98071 6.89429 6.80696 6.71962 6.63806 6.59135 6.80423 7.34960 7.35518 7.24887 7.12953 7.05625 6.98190 6.91392 6.78928 6.63257 6.60960 6.61018 6.59252 6.53184 6.46868 6.36055 6.11912 5.78125 6.06704 6.07722 6.07808 5.91855 5.55516 5.40751 5.34587 5.36051 5.20840 4.82342 4.88506 4.97210 4.97210 4.97210 4.92942 4.83676 4.55124 4.53833 4.51866 4.51451 4.49058 4.40511 4.40280 4.37372 4.10074 4.03718 4.34720 4.08567 3.86049 3.95769 4.02073 3.96895 4.12194
4.78627 5.47707 5.85164 6.35635 6.48405 6.84779 6.77271 6.66699 6.56728 6.48400 6.40272 6.33828 6.29076 6.24331 6.20099 6.18509 6.28168 6.80770 6.82279 6.76655 6.75927 6.78550 6.81211 6.81130 6.74297 6.55562 6.49454 6.42792 6.37958 6.37428 6.37426 6.31983 6.27562 5.78487 5.93892 5.87193 5.66224 5.40985 4.79980 4.70185 4.78372 5.10802 5.09569 4.81419 4.81223 4.94638 4.94562 4.94399 4.93376 4.81636 4.59826 4.50077 4.49884 4.46173 4.34989 4.01114 3.71169 3.39621 3.28178 3.50919 3.48298 3.77235 3.99093 4.02742 4.02396 3.82873 3.81200
4.47609 4.65267 5.29068 5.68053 6.14241 6.28352 6.25764 6.20712 6.19228 6.17996 6.16774 6.16305 6.16305 6.16305 6.16011 6.15478 6.15976 6.60233 6.86357 6.73179 6.70921 6.61629 6.57457 6.48876 6.40865 6.24079 6.23705 6.22699 6.21692 6.20677 6.14984 5.96612 5.75965 5.22246 4.99811 5.06923 5.04672 5.04672 4.69064 4.59468 4.57986 4.98199 5.01641 4.85056 4.78131 4.89004 4.90277 4.88475 4.86676 4.83777 4.64124 4.27864 4.02436 3.59663 3.28312 2.91105 2.76407 2.66668 2.56374 2.76763 2.89636 3.43497 3.55626 3.49713 3.22945 3.01621 3.24241
4.21670 4.29115 5.01234 5.28602 5.82946 5.99117 6.11538 6.11007 6.10476 6.09944 6.09412 6.08880 6.08349 6.07817 6.07580 6.07373 6.05636 6.28373 6.69074 6.48465 6.42493 6.28077 6.31577 6.31590 6.31590 6.19649 6.12377 5.97724 5.82519 5.63275 5.48156 5.40910 5.32292 5.14948 4.81161 5.04672 5.04672 5.04601 4.79686 4.56264 4.53170 4.75388 4.92079 4.78792 4.64915 4.73097 4.77215 4.59628 4.28983 3.97520 3.67952 3.25351 3.17094 2.93910 2.71970 2.58838 2.55456 2.55866 2.52847 2.61748 2.85030 2.77845 2.82583 3.20078 3.20078 3.15094 3.15157
4.05629 4.11516 4.58504 5.16923 5.56572 5.86824 6.07580 6.07580 6.07580 6.07580 6.07580 6.07403 6.05702 6.03626 5.98683 5.91821 5.86492 5.93453 6.42250 6.41272 6.38599 6.30504 6.21726 6.06161 5.90087 5.65748 5.50040 5.43805 5.38592 5.38077 5.38074 5.36859 5.30421 5.22562 4.76089 4.92505 4.94515 4.92783 4.80752 4.47112 4.46730 4.51118 4.77693 4.48368 3.99516 3.70259 3.46307 3.29244 3.27586 3.28654 3.32050 3.16924 3.14346 3.01476 2.74080 2.59063 2.48631 2.44863 2.44515 2.45764 2.80667 2.81887 2.71565 3.14430 3.20078 3.18183 3.09012
4.06970 4.06654 4.29325 5.10013 5.32206 5.81275 6.05627 6.07433 6.05763 6.03707 6.00376 5.93687 5.88323 5.83324 5.81200 5.81200 5.81200 5.81882 6.24750 6.20130 5.95179 5.73082 5.53914 5.49771 5.42312 5.36443 5.32822 5.30980 5.28760 5.26542 5.24326 5.23323 5.21276 5.17323 4.84238 4.74306 4.76874 4.70123 4.61654 4.10416 3.83090 3.54262 3.56761 3.50887 3.28936 3.28577 3.28577 3.28577 3.28577 3.28588 3.30309 3.17283 3.05290 2.94262 2.65051 2.52963 2.44515 2.44515 2.44515 2.44515 2.66785 2.83095 2.74628 2.97966 3.20078 3.20058 3.10226
4.09791 4.05571 4.17762 4.86583 5.15745 5.66867 5.92621 5.95555 5.90153 5.85138 5.81406 5.81200 5.81200 5.81199 5.80476 5.79124 5.77779 5.75409 5.92671 5.73256 5.44479 5.36367 5.24198 5.26435 5.24571 5.24026 5.22182 5.20002 5.16469 5.12903 5.09339 5.05771 5.01997 4.93126 4.74771 4.25932 4.06749 3.83651 3.60953 3.37503 3.31362 3.27093 3.35513 3.49075 3.29939 3.24946 3.23432 3.19970 3.16483 3.13008 3.13896 3.09472 2.94119 2.91493 2.68474 2.54637 2.45496 2.44515 2.44515 2.44515 2.53133 2.83095 2.79037 2.81215 3.20078 3.20078 3.13297
4.07759 3.97157 4.01651 4.37569 4.97810 5.23524 5.64645 5.81200 5.81200 5.81200 5.80505 5.78633 5.75336 5.71886 5.64734 5.55653 5.46578 5.38526 5.48223 5.65999 5.34327 5.34179 5.23355 5.05541 5.00882 4.96846 4.84389 4.83042 4.82597 4.82166 4.81511 4.75724 4.67848 4.36439 3.90884 3.42576 3.38034 3.38142 3.38077 3.28397 3.16955 3.17816 3.17742 3.30644 3.14029 3.00971 2.98932 2.98825 2.98753 2.98680 3.00011 3.01721 2.81276 2.80402 2.69548 2.54807 2.48125 2.44515 2.44753 2.45768 2.48745 2.84105 2.87717 2.76079 3.17756 3.25074 3.17983
3.85280 3.85705 3.89545 4.06960 4.75513 4.88517 5.48775 5.73129 5.69776 5.66369 5.62085 5.54996 5.49170 5.43500 5.40251 5.35488 5.30607 5.25723 5.21380 5.46963 5.30983 5.33464 5.25203 4.98910 4.91831 4.91831 4.81012 4.71742 4.64223 4.56779 4.49556 4.47472 4.47473 4.32340 3.82923 3.54124 3.35398 3.38973 3.45950 3.47147 3.33686 3.36774 3.26487 3.21709 3.15166 3.04610 3.05322 3.06042 3.06761 3.07475 3.08516 3.12827 2.99255 2.93860 2.88379 2.76734 2.72028 2.74209 2.85278 2.93559 2.98817 2.94592 2.89598 2.80676 3.11059 3.42225 3.38964
3.86987 3.83308 3.87744 3.97093 4.47953 4.79927 5.29350 5.59992 5.52591 5.40699 5.30363 5.24018 5.17837 5.11648 5.07468 5.07353 5.07353 5.07353 5.07353 5.30785 5.32543 5.32526 5.26418 4.98807 4.75729 4.67467 4.53913 4.47836 4.47634 4.47652 4.47669 4.47686 4.47703 4.50985 4.04667 3.85142 3.56057 3.61385 3.58753 3.57943 3.36658 3.34765 3.30947 3.21956 3.20940 3.13818 3.13818 3.13818 3.13270 3.12205 3.11140 3.15088 3.08038 3.00675 3.05152 3.02854 3.05691 2.93181 2.88733 2.87554 2.87683 2.87806 2.87923 2.85649 2.89210 3.33156 3.35624
4.93892 4.64935 4.59050 4.49525 4.53555 4.72405 4.77516 5.01677 5.04745 5.04271 5.03796 5.03321 5.02847 5.02372 5.01898 5.01423 5.00949 5.00475 4.99506 5.05635 5.13481 5.00294 4.92015 4.80739 4.58214 4.58214 4.54526 4.48184 4.47794 4.52215 4.62474 4.71529 4.75760 4.75683 4.32978 3.85255 3.61508 3.58090 3.58090 3.58090 3.42726 3.34335 3.32990 3.20316 3.18336 3.09947 3.08071 3.07007 3.06491 3.09213 3.16437 3.25097 3.29663 3.18054 3.13048 3.03606 2.99057 2.92599 2.93772 2.96103 2.98589 3.01480 3.04398 3.07200 3.03839 3.50112 3.58975
5.10601 4.77335 4.45549 4.41141 4.31974 4.45267 4.49990 4.88018 4.99516 4.99516 4.99516 4.99516 4.99516 4.99516 4.99060 4.95739 4.91917 4.88101 4.84801 4.86628 5.01335 4.90547 4.91611 4.86881 4.60108 4.64380 4.74297 4.74577 4.79614 4.78544 4.70985 4.65239 4.64889 4.64889 4.54250 3.86651 3.66926 3.53702 3.53533 3.52468 3.42254 3.27443 3.27438 3.19699 3.13160 3.05352 3.04900 3.06588 3.09074 3.08670 3.03517 3.04661 3.13501 3.18734 3.20003 3.14374 3.10450 3.10763 3.11200 3.11784 3.12223 3.12249 3.12249 3.12249 3.08875 3.32375 3.58975
5.10601 4.92652 4.45947 4.44728 4.32652 4.37863 4.48990 4.72347 4.99190 4.99516 4.99096 4.95830 4.91997 4.88193 4.84833 4.84355 4.84370 4.84375 4.84375 4.84446 4.98800 5.00042 5.12435 5.22417 5.09695 4.97212 4.88621 4.67908 4.61549 4.57661 4.53773 4.49885 4.45997 4.42112 4.39238 3.85340 3.68103 3.49746 3.45946 3.41210 3.33555 3.15185 3.14938 3.11538 3.10231 3.11343 3.06408 3.07134 3.07167 3.07167 3.07167 3.07281 3.16500 3.20383 3.22817 3.18373 3.12606 3.12493 3.12249 3.12249 3.12249 3.12249 3.12249 3.12249 3.11064 3.14313 3.58964
5.10601 5.02827 4.50956 4.45121 4.35749 4.29665 4.48087 4.53200 4.88917 4.88271 4.84880 4.84349 4.84365 4.84375 4.84375 4.84375 4.84377 4.84581 4.84918 4.85253 4.92198 5.07701 5.22861 5.07364 4.82578 4.59089 4.54712 4.43233 4.39194 4.39091 4.38269 4.34656 4.30546 4.26438 4.22330 3.90381 3.43477 3.27508 3.15529 3.17103 3.18951 3.16069 3.14431 3.14449 3.16134 3.14228 3.07167 3.07087 3.06909 3.06939 3.07200 3.07476 3.14438 3.19491 3.22792 3.19775 3.13737 3.12580 3.12251 3.12249 3.12249 3.12249 3.12249 3.12249 3.12240 3.07029 3.49255
5.10601 5.10241 4.57680 4.38791 4.27245 4.14350 4.23082 4.31925 4.71437 4.84373 4.84375 4.84375 4.84377 4.84576 4.84830 4.84365 4.83492 4.77227 4.68673 4.60125 4.50425 4.51853 4.89028 4.93985 4.87222 4.39218 4.34594 4.27407 4.20488 4.15546 4.11820 4.11039 4.10820 4.10278 4.01599 3.78594 3.35548 3.32893 3.09617 3.08950 3.08327 3.04247 3.01263 3.00587 3.01128 3.01194 2.91140 2.90777 2.90830 2.90640 2.90193 2.89726 2.93550 3.00574 3.05262 3.04930 3.08870 3.12601 3.12319 3.12249 3.12249 3.12249 3.12249 3.12945 3.12249 3.09894 3.36012
4.88829 4.77403 4.33954 4.11999 4.10383 4.03267 4.06361 4.26475 4.47664 4.77591 4.76537 4.75484 4.74429 4.70409 4.64679 4.60569 4.56861 4.58453 4.62809 4.67228 4.71129 4.71455 4.88518 4.91146 4.84250 4.13041 4.02077 4.01903 4.00769 3.98945 3.92251 3.75288 3.56197 3.37401 3.27093 3.26766 3.26380 3.25538 3.01657 2.95260 2.95260 2.93364 2.89851 2.90354 2.91367 2.93486 2.85690 2.83684 2.83854 2.84027 2.84197 2.84369 2.85615 2.96149 3.00492 3.02089 3.07150 3.15449 3.15961 3.19631 3.27273 3.35180 3.45903 3.55871 3.53600 3.62183 3.70514
4.65005 4.65005 4.30912 3.94595 3.94463 3.86738 3.80766 4.10712 4.17866 4.77841 4.78565 4.75362 4.72636 4.72695 4.74390 4.75194 4.75997 4.76698 4.76798 4.76798 4.76798 4.71040 4.78902 4.88340 4.84133 4.33337 3.94994 3.81452 3.61773 3.41491 3.29132 3.27044 3.27087 3.27131 3.27174 3.27217 3.27138 3.26233 3.11553 2.96817 2.97368 2.97428 2.92169 2.92169 2.92188 2.94059 2.90078 2.86671 2.86671 2.86671 2.86671 2.86868 2.87888 3.01344 3.10149 3.16211 3.25004 3.45712 3.56118 3.63654 3.68822 3.73300 3.73803 3.72944 3.66058 3.60939 3.62301
4.69318 4.71667 4.53411 4.04509 4.03535 3.96979 3.89548 4.04747 4.20500 4.59214 4.76294 4.76763 4.76757 4.76747 4.76737 4.76727 4.76716 4.76706 4.76696 4.76686 4.76676 4.74051 4.71862 4.68897 4.49721 4.02585 3.35489 3.29979 3.29842 3.27590 3.27572 3.27572 3.27572 3.27572 3.26007 3.21218 3.16302 3.08738 3.05510 2.98258 2.98060 2.98060 2.93344 2.92181 2.92304 2.94398 2.93995 2.89969 2.91081 2.92190 2.93301 2.94214 2.96658 3.15278 3.35210 3.46072 3.50851 3.71223 3.71412 3.70273 3.71839 3.75712 3.80245 3.84767 3.87326 3.86806 3.95839
4.77977 4.76411 4.69246 4.15266 4.09860 4.06590 3.95872 3.94915 4.22664 4.44248 4.76630 4.76630 4.76630 4.76630 4.76630 4.76630 4.76630 4.77962 4.85635 4.93611 4.93778 4.88547 4.53428 4.11778 4.13979 4.05146 3.30710 3.29979 3.29979 3.27957 3.27095 3.22967 3.18077 3.13190 3.09862 3.09764 3.09764 3.08176 3.07037 3.02688 3.01218 3.02329 3.00275 2.98670 2.99659 3.00205 3.01165 2.94121 2.94051 2.99568 3.07195 3.14938 3.21339 3.29721 3.46881 3.56330 3.58768 3.75329 3.81329 4.03414 4.11713 4.11397 4.11081 4.10876 4.10838 4.07626 4.08016
4.71060 4.71060 4.71060 4.23998 4.10005 4.09863 3.96880 3.89736 4.16805 4.28255 4.76008 4.76630 4.76630 4.77867 4.85466 4.94029 4.97491 4.93922 4.83972 4.73749 4.71309 4.71290 4.61134 4.11721 4.14957 4.11125 3.46518 3.27123 3.22234 3.15824 3.10525 3.10443 3.11910 3.13376 3.14842 3.16309 3.17774 3.18872 3.14110 3.11241 3.05595 3.04340 3.00825 2.97424 2.98052 3.03252 3.15166 3.19133 3.26666 3.30449 3.31918 3.32757 3.32761 3.33152 3.53437 3.60268 3.63572 3.74461 3.82830 3.96772 4.10871 4.10871 4.10871 4.10871 4.10871 4.09003 4.07189
4.71060 4.71060 4.71060 4.36675 4.10007 4.10005 4.00553 3.92827 4.03312 4.23955 4.75687 4.93862 5.00379 4.97742 4.87859 4.77059 4.71313 4.71309 4.71309 4.71490 4.76756 4.84388 4.86772 4.53415 4.11731 4.02352 3.55647 3.16702 3.18170 3.18621 3.18695 3.19483 3.19483 3.19446 3.18042 3.16003 3.13964 3.11924 3.04989 2.97124 2.77534 2.78862 2.85006 3.18537 3.24028 3.25002 3.32098 3.35074 3.32761 3.32761 3.32761 3.32760 3.32601 3.32324 3.46923 3.56739 3.62766 3.69870 3.82541 3.89328 4.10871 4.10871 4.10871 4.10871 4.10871 4.10274 4.07189
4.73807 4.71060 4.71060 4.48616 4.11669 4.11595 4.16737 4.17452 4.22003 4.50545 4.67581 4.80946 4.72142 4.71309 4.71309 4.71460 4.76604 4.84217 4.92420 5.00648 5.00571 4.97308 4.91709 4.68798 4.15990 4.03915 3.78049 3.16907 3.14844 3.12294 3.08357 3.06316 3.04274 3.02272 3.01636 3.01636 3.01723 3.01981 3.02424 3.09239 2.99387 2.97894 2.98131 3.19739 3.27396 3.27726 3.30260 3.40850 3.36690 3.36765 3.36855 3.36925 3.37185 3.37546 3.47118 3.62207 3.71592 3.74530 3.82541 3.83179 4.09600 4.10871 4.10871 4.10871 4.10871 4.10871 4.07934
