OMI_NO2_yc_0.0167deg/OMI_NO2_yc_0.0167deg/OMI_NO2_2006678.asc
ncols      200
nrows      200
xllcorner       110.913
yllcorner       33.7933
cellsize     0.0166667
NODATA_Value      -999.000
[rows 87 to 115 of 165, columns 67 to 133 of 200]
6.75031 6.73130 6.84201 6.88118 6.72173 6.28369 6.08332 5.94247 5.75531 5.73984 5.37381 5.29980 5.43426 5.30823 5.25885 5.30056 5.24639 5.08732 5.15344 5.11097 5.35250 5.50423 5.40803 4.73856 4.44314 4.36334 5.09543 5.10513 4.95282 4.92471 4.98838 4.99922 4.95803 4.94352 4.81455 4.64761 4.63967 4.63538 4.64461 4.65122 4.62697 4.60588 4.36785 4.20658 4.10344 3.82604 3.61668 3.53901 3.47271 3.42801 3.32108 3.09311 2.81592 2.75877 2.74598 2.75946 2.75097 2.75716 2.70539 2.62444 2.49366 2.44061 2.42729 2.53268 2.75529 2.89037 2.92218
6.97979 6.95789 7.03545 7.03663 6.99126 6.45191 6.17476 6.13034 6.01806 5.99114 5.60472 5.42508 5.49634 5.43771 5.37164 5.40066 5.33480 4.95807 5.02224 5.01332 5.11139 5.27337 5.17999 4.77385 4.13457 4.16406 5.14204 5.12268 5.00068 4.89394 5.02191 5.01135 4.95791 4.92550 4.81886 4.66922 4.62421 4.64363 4.64879 4.67438 4.64497 4.61479 4.47288 4.18087 4.09543 3.88632 3.75985 3.63476 3.52337 3.46392 3.34690 3.10470 2.82664 2.76164 2.76833 2.78907 2.78912 2.79485 2.71841 2.59937 2.53040 2.47456 2.44996 2.47821 2.67580 2.81107 2.82294
6.99612 6.90779 6.95150 6.91535 6.89973 6.51007 6.14088 6.04764 6.02200 6.00109 5.76883 5.49706 5.50962 5.46184 5.40609 5.37638 5.35656 4.92187 5.00196 5.00680 5.07075 5.37350 5.48190 5.46482 5.30856 5.28087 4.98861 4.99117 4.94397 4.80810 4.92816 5.02240 5.01500 4.99170 4.94714 4.81192 4.68287 4.65538 4.63687 4.60507 4.54882 4.50079 4.40526 4.17108 4.06069 3.93484 3.81604 3.61173 3.51409 3.44778 3.33738 3.12067 2.89369 2.81026 2.78862 2.78265 2.81738 2.81404 2.75717 2.68254 2.62536 2.56234 2.50776 2.48489 2.64371 2.84354 2.83489
6.61503 6.60235 6.62094 6.57287 6.56309 6.28806 5.81856 5.81693 5.93344 6.04448 5.88839 5.51206 5.51727 5.48477 5.47239 5.48609 5.50136 5.29971 5.39503 5.56960 5.65265 5.95194 6.08881 6.10406 6.03739 6.04572 5.04230 5.07206 5.09204 4.89532 4.93174 5.03166 4.98748 4.86548 4.84398 4.65557 4.47128 4.43566 4.41561 4.38338 4.36313 4.37816 4.32430 4.08422 3.91765 3.86757 3.76319 3.49582 3.41956 3.32644 3.18367 3.02323 2.75582 2.65296 2.62977 2.70339 2.76511 2.71345 2.65617 2.58976 2.60337 2.59273 2.54497 2.52227 2.65341 3.31821 3.57234
6.33837 6.33387 6.41124 6.40137 6.40371 6.34904 5.83076 5.80710 5.86027 6.03058 5.94632 5.52591 5.45764 5.49644 5.60686 5.72644 6.02417 5.86971 5.81587 5.79789 5.73201 5.89184 6.16829 6.16186 6.02730 6.02771 4.91913 4.94360 4.96351 4.75207 4.68849 4.77202 4.75137 4.59901 4.55969 4.44832 4.34704 4.29296 4.28488 4.25866 4.20917 4.27664 4.29000 4.14752 3.91194 3.85338 3.68078 3.47689 3.39863 3.29428 3.25595 3.19903 2.91059 2.79004 2.73261 2.79851 2.80214 2.74725 2.68438 2.64034 2.64357 2.74478 2.74111 2.73439 2.80931 3.42974 3.76895
6.38887 6.37010 6.43339 6.39984 6.32484 6.29894 5.79500 5.65805 5.63678 5.94853 6.05600 5.80824 5.79844 5.79470 5.78177 5.71123 5.92099 5.79956 5.70897 5.70225 5.65131 5.71335 6.13755 6.20419 6.11452 6.09875 4.66468 4.69375 4.68703 4.49000 4.32192 4.41768 4.51418 4.42129 4.39553 4.35188 4.36889 4.27288 4.25569 4.22508 4.16555 4.27382 4.21574 4.11451 3.82977 3.74570 3.56285 3.53732 3.50102 3.48139 3.46113 3.45690 3.12700 3.00296 2.93880 2.97848 2.97757 2.93133 2.87511 2.81162 2.80163 2.96999 3.02537 3.01341 3.04676 3.26941 3.83498
6.10548 6.04062 6.05159 5.99513 5.96633 6.01565 5.82729 5.80501 5.88614 6.18888 6.20497 5.97587 5.71659 5.57811 5.57443 5.49512 5.73824 5.67670 5.54914 5.53841 5.48853 5.45553 5.83638 5.96472 5.96922 5.98024 4.26968 4.44934 4.51744 4.45910 4.22545 4.26130 4.42010 4.39350 4.33575 4.32373 4.31972 4.20640 4.21088 4.19651 4.17235 4.26538 4.19601 4.13900 3.84069 3.68012 3.56626 3.51253 3.43738 3.44618 3.42027 3.39210 3.12245 2.92917 2.90426 2.94623 2.94481 2.94878 3.00859 3.03430 3.10134 3.20473 3.43517 3.38074 3.33021 3.39092 4.02342
6.00392 6.04100 6.24955 6.30502 6.39809 6.42568 6.17410 6.01059 5.92962 6.11368 6.19368 6.11482 5.74433 5.66577 5.67138 5.56266 5.83143 5.76898 5.57368 5.48415 5.43062 5.38189 5.65703 5.92498 5.92567 6.22132 4.28354 4.41525 4.53225 4.50540 4.20364 4.16612 4.37824 4.45712 4.43356 4.43135 4.46604 4.27614 4.22459 4.20986 4.18215 4.28851 4.24777 4.19055 3.93909 3.71083 3.62630 3.50710 3.45399 3.42543 3.39991 3.35847 3.17978 2.94447 3.01050 3.06651 3.12312 3.11704 3.11640 3.08315 3.08264 3.12707 3.44803 3.47940 3.39071 3.47516 4.09537
6.54192 6.57539 6.61393 6.48883 6.45250 6.41792 6.23749 6.01356 5.94389 6.01814 6.11433 6.12096 5.66677 5.55448 5.54838 5.43620 5.61707 5.61624 5.51496 5.54699 5.49580 5.42120 5.55446 5.94522 5.93054 6.17716 4.10037 4.17381 4.37541 4.37534 4.18648 4.11151 4.22950 4.39191 4.39565 4.37177 4.41642 4.25643 4.17013 4.14759 4.11875 4.19866 4.21195 4.11297 3.95435 3.71906 3.63590 3.45300 3.42056 3.37053 3.40706 3.50316 3.47915 3.25154 3.26601 3.27328 3.30026 3.27817 3.33355 3.39259 3.51021 3.55722 3.90204 4.08961 4.07831 4.12572 4.52727
6.66938 6.59403 6.62520 6.53238 6.51738 6.50351 6.37915 6.13302 6.00015 5.98509 6.02618 6.05643 5.56534 5.31771 5.30629 5.19699 5.26347 5.33289 5.26223 5.39601 5.31013 5.21197 5.21860 5.58274 5.48858 5.46348 4.07336 4.03217 4.25774 4.27006 4.14416 4.00445 4.02702 4.26736 4.30748 4.31147 4.32906 4.24840 4.10099 4.08279 4.07092 4.13788 4.20408 4.14052 4.01680 3.80591 3.68908 3.67150 3.75371 3.76109 3.80457 3.93873 3.95472 3.70715 3.95898 4.07319 4.28533 4.30628 4.31128 4.28943 4.31225 4.22197 4.32071 4.46390 4.35540 4.27452 4.47919
6.51799 6.43458 6.42984 6.24442 6.22769 6.15697 6.02657 5.88142 5.72171 5.67841 5.68729 5.76511 5.37121 5.03500 5.09339 5.08728 5.09215 5.26965 5.13058 5.14369 4.98776 4.82475 4.69805 4.85553 5.02387 5.15068 4.08996 4.09299 4.27508 4.32062 4.20425 3.99595 4.00715 4.15445 4.27693 4.33238 4.35122 4.35716 4.16179 4.17624 4.19079 4.24827 4.29920 4.31888 4.27867 4.12932 3.94221 3.90978 3.92852 3.87217 3.87249 4.00512 4.14811 4.18699 4.47186 4.48140 4.55847 4.41377 4.34232 4.33237 4.32312 4.23573 4.37813 4.59160 4.55188 4.39792 4.41780
6.29500 6.20164 6.17426 6.02905 6.03107 6.01904 5.90932 5.81820 5.61545 5.60108 5.57586 5.70515 5.49017 5.01048 5.03217 5.04295 4.87357 4.90146 4.58068 4.46272 4.53072 4.56182 4.58388 4.71928 5.14266 5.31734 4.07354 4.11929 4.16020 4.23822 4.16066 3.97397 3.98065 4.08024 4.32930 4.41506 4.48758 4.52145 4.32027 4.32526 4.37762 4.50833 4.58718 4.61546 4.50198 4.30191 4.07731 4.04807 4.10916 4.23879 4.26419 4.36269 4.47837 4.42196 4.53367 4.47043 4.45818 4.31225 4.28641 4.32680 4.36519 4.30002 4.35918 4.72057 4.68256 4.52408 4.49336
6.38747 6.33122 6.29545 6.17302 6.13117 6.11062 6.05514 5.95755 5.67224 5.62014 5.53958 5.68178 5.52586 4.74573 4.59647 4.52218 4.44711 4.67190 4.68609 4.70907 4.84166 4.88155 4.93409 5.04137 6.03131 6.76680 4.16705 4.31953 4.33611 4.53061 4.49132 4.27868 4.26233 4.29470 4.55297 4.67910 4.76288 4.75106 4.66903 4.59113 4.60584 4.72122 4.74535 4.87590 4.85930 4.71189 4.62256 4.56019 4.55606 4.49787 4.41665 4.46807 4.69583 4.67185 4.75811 4.80595 4.83442 4.73809 4.68207 4.70653 4.71935 4.68402 4.76552 5.06130 4.90329 4.81886 4.76517
6.48891 6.41047 6.35053 6.21480 6.11271 6.08397 6.03574 5.98241 5.76432 5.75906 5.70787 5.79017 5.33659 4.54785 4.42109 4.49404 4.49051 4.63550 4.88819 4.82018 4.99117 5.02353 5.09964 4.85177 5.77019 6.84481 4.27368 4.45199 4.50004 4.66552 4.69221 4.55745 4.54588 4.61508 4.87925 5.09584 5.25535 5.22351 5.14626 5.05855 5.06950 5.19214 5.16450 5.23837 5.19609 4.96478 4.81248 4.60397 4.55181 4.50694 4.34673 4.45230 4.72017 4.81080 4.92975 4.93916 4.99547 4.89966 4.84986 4.86651 4.86734 4.81698 4.87019 5.12275 4.84700 4.79731 4.68040
6.59774 6.39462 6.41787 6.31433 6.24729 6.19610 6.14218 6.13259 5.93643 5.95972 5.89045 5.91609 5.71894 4.81365 4.49270 4.52314 4.54790 4.58934 5.05329 4.75302 5.07122 5.11654 4.91033 4.91033 5.46518 7.00760 4.87238 5.03573 4.90751 4.99834 5.04790 4.94921 5.03924 5.04803 5.19707 5.37538 5.46963 5.45790 5.42036 5.20444 5.14939 5.21437 5.14633 5.18915 5.20326 5.02541 4.88566 4.61225 4.54074 4.60296 4.49516 4.59117 4.80542 4.90671 4.95365 4.94570 5.13270 5.06011 4.98400 4.97736 5.02038 4.97285 5.02472 5.20982 5.06732 5.04620 5.02666
6.78683 6.31960 6.31503 6.23992 6.15717 6.01585 5.96052 5.99305 5.72855 5.70317 5.77072 5.82594 5.77325 4.97288 4.53597 4.54512 4.56594 4.51752 5.01150 4.85315 4.92448 5.07777 4.86393 4.85973 5.08987 6.86201 5.35227 5.39302 5.15273 5.30289 5.29934 5.21175 5.16506 5.18979 5.25981 5.45274 5.54725 5.49847 5.46592 5.31127 5.19842 5.22925 5.21662 5.29652 5.40132 5.32936 5.20875 4.98055 4.82657 4.86808 4.69215 4.78760 4.92761 5.04383 5.10390 4.88556 5.08316 5.03624 5.00291 4.97268 5.04622 4.99424 5.12338 5.26918 5.42788 5.53989 5.48233
7.12412 6.41630 6.41630 6.32645 6.31601 6.14866 6.16641 6.24827 6.13901 6.04489 6.11662 6.05236 5.96656 5.31956 4.52120 4.52083 4.54343 4.49113 4.96215 4.96493 4.97572 5.21232 5.01640 5.00331 5.07772 6.60151 5.72158 5.65924 5.35791 5.46466 5.40551 5.39384 5.21042 5.28764 5.33167 5.46632 5.61971 5.61744 5.67749 5.61977 5.48986 5.59631 5.56594 5.67070 5.77605 5.74662 5.55818 5.36073 5.17116 5.20977 5.04404 5.10163 5.19119 5.34671 5.48907 5.34630 5.54384 5.49291 5.40195 5.31657 5.34729 5.30004 5.52323 5.68941 5.71452 5.84790 5.81096
7.15140 6.46466 6.57243 6.56145 6.71897 6.58570 6.56555 6.54547 6.41922 6.21227 6.18577 6.15156 6.11442 5.70187 4.82843 4.80147 4.80314 4.77808 4.94058 5.16775 5.06373 5.26806 5.34439 5.37124 5.33507 6.67476 5.86416 5.72455 5.43990 5.45255 5.29798 5.30901 5.38039 5.52045 5.59377 5.87445 6.07058 6.05150 6.11518 6.12718 5.83347 5.84260 5.78239 5.87518 5.90556 5.88190 5.70004 5.56500 5.27581 5.28550 5.12971 5.07918 5.17482 5.38633 5.45148 5.18020 5.39304 5.43348 5.36390 5.29541 5.34650 5.34513 5.48539 5.71601 5.69194 5.86952 5.87924
7.52945 6.96331 6.79941 6.63179 6.73059 6.53057 6.47589 6.46434 6.40228 6.28705 6.17529 6.24797 6.21686 6.01181 5.06489 4.89724 4.89331 4.88169 4.86556 5.25948 5.02533 5.04028 5.08944 5.00234 4.83930 5.94341 4.93259 4.76839 4.87969 5.09200 5.10049 5.46908 5.53524 5.72152 5.84430 6.03778 6.32154 6.40545 6.50379 6.62009 5.96338 5.88456 5.79842 5.87183 5.88475 5.85176 5.68878 5.56373 5.30660 5.28991 5.15649 5.06602 5.19010 5.20878 5.20345 4.96792 5.12983 5.26327 5.18553 5.10958 5.19420 5.18760 5.25481 5.54071 5.51360 5.62378 5.60841
7.59285 7.06822 6.81490 6.73061 6.69458 6.53703 6.40725 6.41673 6.39512 6.38728 6.16600 6.30909 6.22269 6.11629 5.41567 4.89630 4.82268 4.73600 4.55679 4.88118 4.51829 4.51451 4.74079 4.91309 4.87751 5.44421 5.17625 5.36446 5.46986 5.68399 5.73344 6.13090 6.39257 6.37341 6.46428 6.55113 6.80324 6.84606 6.88415 6.90132 6.29711 5.93022 5.84496 5.91595 5.92499 5.88873 5.77025 5.55017 5.39773 5.28646 5.22929 4.95434 5.09728 5.20304 5.16130 4.98808 5.02508 5.25208 5.25645 5.21225 5.31011 5.31738 5.31889 5.66361 5.64000 5.53523 5.44882
7.85975 7.60635 7.04972 7.00559 6.85526 6.70189 6.50620 6.49056 6.44917 6.45096 6.24581 6.36033 6.27447 6.21266 5.66314 4.54033 4.51761 4.49939 4.40860 4.77220 4.70299 4.56122 4.72831 4.78663 4.62871 4.62517 6.78015 6.72549 6.54242 6.37290 6.22493 6.39916 6.64955 6.53257 6.61295 6.61566 6.82179 6.88115 6.89721 6.90427 6.45034 5.87743 5.73792 5.76406 5.74550 5.66955 5.62338 5.39894 5.33355 5.13420 5.05091 4.81194 4.85112 5.00064 5.01577 4.91021 4.70514 5.01768 5.02548 4.96021 5.05564 5.04642 5.03565 5.32405 5.33051 5.25742 5.27098
7.56039 7.38524 6.96578 6.91147 6.83651 6.68992 6.50409 6.55359 6.62112 6.73870 6.54325 6.49913 6.35969 6.26914 6.01991 4.64760 4.53221 4.49228 4.37962 4.39396 4.43838 4.11573 4.29444 4.44928 4.43349 4.52395 7.04497 6.82809 6.65699 6.53939 6.26878 6.33893 6.71181 6.50179 6.48749 6.45618 6.59420 6.71915 6.77455 6.81409 6.52998 5.86331 5.71934 5.77301 5.76095 5.69369 5.66438 5.46900 5.43579 5.16391 5.05818 4.85926 4.77961 4.95047 5.00136 4.88728 4.62647 4.81936 4.82508 4.81221 4.97292 4.95665 4.93611 5.18965 5.29484 5.36798 5.42231
7.17826 7.12117 7.02313 6.96007 7.03154 6.86556 6.79932 6.75203 6.71040 6.78987 6.56941 6.46359 6.41619 6.24569 6.04958 4.95285 4.28941 4.24229 4.23781 4.07894 4.38368 4.05954 4.25673 4.46133 4.47498 4.56531 7.15798 6.97294 6.73834 6.61293 6.20526 6.19114 6.59116 6.48420 6.39523 6.37193 6.41509 6.58215 6.67983 6.66899 6.45689 5.86683 5.63940 5.67983 5.63353 5.48105 5.31411 5.10093 4.92729 4.86833 4.86378 4.75255 4.57279 4.77609 4.75197 4.61537 4.46910 4.52458 4.56350 4.55544 4.71729 4.72872 4.67483 4.80456 4.83328 4.74102 4.70465
7.37900 7.38599 7.44385 7.29333 7.29330 7.04751 6.93371 6.75203 6.70379 6.75547 6.63296 6.40837 6.30541 6.08138 5.97528 5.31471 4.22015 4.20417 4.20137 4.05002 4.38757 4.14506 4.23670 4.47815 4.45834 4.47021 7.37611 7.12862 6.70408 6.63817 6.10027 6.03043 6.32243 6.37886 6.25669 6.22834 6.17042 6.32082 6.41890 6.39186 6.12073 5.63201 5.17627 5.07317 4.96020 4.89766 4.89416 4.86132 4.72490 4.72377 4.81613 4.80870 4.46221 4.54112 4.51928 4.31082 4.12107 4.06731 4.08997 4.01518 4.05108 4.01367 3.96611 3.98760 4.20034 4.18782 4.34613
7.60664 7.51188 7.52837 7.35237 7.33323 7.15127 7.00885 6.78922 6.72682 6.77236 6.72782 6.42995 6.31937 6.12770 6.03420 5.68570 4.29605 4.19799 4.21024 4.07256 4.29591 4.28281 4.19247 4.42746 4.42960 4.42728 7.37456 7.26334 6.67223 6.61368 6.11585 5.97139 6.20134 6.45919 6.26383 6.13647 5.98339 5.78386 5.76928 5.69086 5.56777 5.31211 4.83056 4.81709 4.75432 4.63112 4.50835 4.45592 4.23398 4.14402 4.19976 4.18646 3.90878 3.93238 4.01256 3.93004 3.80528 3.73333 3.81785 3.72233 3.79098 3.79841 3.83050 3.82451 4.01823 4.09231 4.25825
7.39507 7.21268 7.22253 6.98640 6.91827 6.83514 6.74438 6.63738 6.58432 6.63734 6.60847 6.43637 6.30128 6.21587 6.09477 5.89489 4.80986 4.21807 4.22980 4.16503 4.23669 4.39830 4.18172 4.37246 4.43619 4.45920 7.23951 7.34536 6.82186 6.59029 6.28274 5.91883 6.07306 5.60068 5.34279 5.36529 5.26749 5.05686 4.99771 4.99878 4.84948 4.59192 4.31532 4.31567 4.27773 4.21917 4.09601 4.08580 3.95941 3.88282 3.98797 4.07134 3.88645 3.73663 3.75904 3.66510 3.56938 3.51765 3.65319 3.64494 3.70932 3.70792 3.74046 3.69024 3.73251 3.75144 3.85139
7.19549 7.04349 7.11549 6.97945 6.89533 6.86381 6.75890 6.68449 6.64321 6.70502 6.67949 6.60115 6.40699 6.34541 6.28672 6.19139 5.38242 4.21177 4.22780 4.21806 4.12757 4.54761 4.36840 4.59394 4.63907 4.63414 7.25553 7.62195 7.12965 6.36917 5.94277 5.39706 5.24613 4.75625 4.51293 4.59372 4.47866 4.36067 4.30004 4.38998 4.36404 4.40452 4.32086 4.24933 4.16989 4.13607 4.11345 4.10733 4.03766 3.81366 3.79144 3.82954 3.70307 3.60394 3.65704 3.64360 3.52169 3.46263 3.56181 3.58957 3.64893 3.62934 3.61206 3.55150 3.57906 3.61798 3.67768
7.18675 7.09368 7.17130 7.08156 6.92763 6.90290 6.86604 6.78999 6.70767 6.73318 6.68841 6.62562 6.42081 6.40568 6.35933 6.30751 5.81199 4.49411 4.30317 4.29542 4.12068 4.64447 4.54446 4.58742 4.63177 4.49696 5.44166 5.30814 4.92033 4.38343 4.18650 4.27475 4.24522 4.12792 4.02583 4.29394 4.30881 4.25231 4.16046 4.18562 4.19428 4.19923 4.10928 3.94733 3.84706 3.77035 3.67429 3.55829 3.50572 3.29484 3.30993 3.46960 3.48587 3.55272 3.56052 3.51024 3.41553 3.35762 3.39784 3.41793 3.45968 3.45856 3.44398 3.39441 3.41976 3.59474 3.67570
7.18166 7.04987 7.10860 7.04246 6.82334 6.76879 6.70581 6.49947 6.37215 6.35718 6.26598 6.18234 6.23703 6.22815 6.21438 6.18896 5.88670 4.88484 4.23774 4.22835 4.05444 4.21606 4.15728 3.93612 3.77525 3.71965 3.74240 4.14641 4.12202 4.03194 3.92945 4.07480 4.11499 4.08687 3.92324 3.96727 3.85154 3.77998 3.64351 3.66611 3.80088 3.82875 3.79842 3.63829 3.59249 3.55977 3.56702 3.52498 3.52658 3.28570 3.26681 3.37555 3.41294 3.45721 3.42219 3.41784 3.27291 3.20436 3.23144 3.44533 3.54257 3.58556 3.57437 3.53754 3.54571 3.69490 3.74866
