OMI_NO2_yc_0.0167deg/OMI_NO2_yc_0.0167deg/OMI_NO2_200511.asc
ncols      200
nrows      200
xllcorner       110.913
yllcorner       33.7933
cellsize     0.0166667
NODATA_Value      -999.000
[rows 58 to 86 of 200, columns 0 to 66 of 200]
2.46641 2.50929 2.60549 2.69543 2.65831 2.61224 2.63413 2.65353 2.65653 2.72797 3.24227 3.64083 3.40636 3.45290 3.63375 4.15977 6.26186 6.65075 7.17449 7.51712 8.32996 13.5140 14.0072 14.2302 14.3663 14.4170 14.9554 18.1946 19.1556 19.8825 20.0366 20.3231 22.8421 24.0939 24.7284 25.2477 25.3956 25.4814 25.5959 26.8963 26.9987 27.0063 27.0138 26.1571 26.0673 26.0748 26.0670 25.9050 25.3301 24.8231 24.6144 23.9165 22.4046 20.9567 20.6126 19.7498 18.9050 18.5500 18.1633 17.6802 15.4637 15.0056 14.9456 14.8981 13.5497 10.4763 9.49620
2.91703 2.80669 2.80669 2.80669 2.77299 2.66405 2.86657 3.44961 3.52239 3.59831 4.28493 5.49621 5.69570 5.94290 6.07726 6.12195 8.04820 9.26743 9.35118 9.36844 9.38569 13.4606 15.4401 15.5657 15.6920 15.7858 15.8285 18.5749 20.5670 21.8787 22.5895 23.0464 24.3107 25.5520 25.5623 25.5726 25.5906 25.6763 25.7498 26.7220 27.0919 27.0919 27.0412 26.3365 25.6453 25.4263 25.1134 24.8118 24.0956 23.0087 22.6040 22.0631 20.6021 18.9047 18.7656 18.3285 17.3317 17.1401 17.1358 17.1358 15.6858 14.3642 13.9643 13.5451 13.0025 10.8219 9.88221
2.96900 2.82413 2.83090 2.84000 2.84876 2.71448 2.88007 4.13170 4.24442 4.36489 4.82154 6.12669 6.21757 6.22312 6.24038 6.25820 7.35032 9.36612 9.50180 9.52007 9.53141 11.7499 15.8812 16.2346 16.8516 17.4686 18.0861 20.0000 22.2108 22.8267 23.1663 23.1663 23.7689 25.5188 25.6106 25.6106 25.6106 25.6765 25.6003 25.9931 26.2640 25.8954 25.6182 25.3229 24.0187 23.6939 23.3535 23.1313 22.7304 21.4939 21.2745 21.1535 20.1954 18.4932 18.3841 18.3392 16.9695 16.3279 15.8330 15.3412 14.3489 12.6475 12.5554 12.4830 12.4809 11.1183 10.1054
3.00582 2.90659 2.96511 3.09567 3.22310 3.27195 3.32060 4.37557 4.55917 4.56094 4.68088 6.05747 6.33819 6.28964 6.28863 6.28900 6.74058 9.08782 9.55192 9.68957 9.81354 10.3094 17.9023 18.4901 18.4901 18.4901 18.4901 19.0159 22.0418 22.6370 23.1663 23.2376 23.6403 24.9847 25.0813 24.7294 24.4023 24.1169 23.9605 24.5262 25.5586 25.1834 25.0550 25.0376 23.8190 22.6159 22.6123 22.6123 22.5939 21.3666 20.9986 20.8494 19.6354 17.6138 16.6303 16.1451 15.1327 14.7475 14.7186 14.7186 14.5342 12.7020 12.4773 12.4773 12.4773 11.8037 10.3404
3.39440 3.47448 3.42050 3.42155 3.42172 3.39713 3.37169 4.20179 4.71814 4.88570 5.04343 6.12062 6.79229 6.40143 6.29392 6.38573 6.53834 8.94850 9.96365 10.1113 10.1113 10.1113 15.8030 18.4901 18.5448 18.7985 19.0701 19.4280 22.4280 23.7019 24.5142 24.4979 24.3006 23.5268 24.0557 24.2065 24.3148 24.4464 24.6044 24.9285 26.1443 25.4586 25.1840 25.1569 24.5652 22.5566 22.4896 22.3069 21.8861 20.5868 19.1406 18.7979 18.2092 16.8549 15.9669 15.9669 15.4269 14.7704 14.7057 14.6990 14.6879 13.1665 12.4316 12.3382 12.2202 11.9977 9.95748
3.72008 3.60151 3.42172 3.49243 3.72382 3.95335 4.06256 4.61081 5.29719 5.30107 5.30886 5.95002 7.02635 6.90934 6.76414 6.79625 6.79625 8.26746 10.2270 10.6578 10.9299 11.2015 14.3712 20.1242 20.3726 20.3929 20.1167 19.7978 21.4834 23.3890 24.2867 24.4745 24.5759 24.1344 24.5869 24.5796 24.5525 24.5343 24.5848 24.6233 25.8356 25.6005 25.0242 25.2968 25.6280 21.9445 20.9394 20.6742 20.5942 20.0819 18.5808 18.4128 18.0213 16.7879 15.3969 15.3161 15.1431 14.7326 14.6137 14.5020 14.3836 13.3472 11.6342 11.4624 11.3151 11.2217 9.78537
4.34442 4.35924 4.26130 4.42031 4.44726 4.44726 4.32730 4.57299 5.52227 5.63502 5.74014 5.93714 7.27833 7.27862 6.94825 6.98926 7.03108 8.33751 11.6333 12.0445 12.1168 12.2074 12.9607 19.8503 20.1430 20.1140 20.3909 20.7278 21.7221 24.1392 25.0665 25.5858 25.8112 25.7591 24.5780 24.4145 24.4143 24.4141 24.5427 24.9379 26.1208 26.8607 26.2395 26.2076 26.0949 22.3573 19.8910 19.8120 19.7876 19.6495 18.1241 17.7805 17.6812 16.7972 15.1317 14.9970 14.8637 14.2587 13.8875 13.7376 13.5953 13.1698 11.1225 10.9713 10.8916 10.8042 10.1856
5.40182 4.88733 4.57002 4.59239 4.74229 4.92479 4.96213 4.93726 5.85733 6.03080 6.13679 6.23743 7.42659 7.80473 7.63701 7.72162 7.87271 8.53325 12.6643 13.7186 14.1676 14.6941 15.1340 19.4206 21.7141 21.9556 22.1951 22.4091 22.6100 24.9141 25.8498 26.1868 26.2190 26.2295 24.9832 24.9611 25.4040 25.8469 26.2869 26.3715 25.9160 26.3608 25.7583 25.4038 25.4045 23.8178 19.4800 19.4751 19.4776 19.4718 18.1984 17.3343 17.2254 16.3480 14.7779 14.3948 14.2195 13.5845 13.0885 12.8646 12.6527 12.2797 10.7849 10.1786 10.1001 10.0323 10.2547
5.92330 5.46721 5.47286 5.28174 5.31598 5.31776 5.23896 6.03731 7.01947 7.28347 7.30625 7.34692 8.51415 9.74543 10.0303 10.5673 10.9478 11.1078 14.1860 16.5313 16.8505 16.9742 17.0491 19.1227 23.1846 23.2265 23.2685 23.3105 23.3524 25.0627 26.6033 27.2067 27.6379 28.0725 27.5424 26.6523 26.6760 26.6998 26.7072 26.6678 26.1809 26.3912 26.1501 25.4382 25.4401 25.2938 19.9825 19.2512 19.1383 18.9600 18.1205 16.5968 16.2853 15.3653 13.8134 12.8703 12.5344 12.1211 11.5591 11.2977 11.1336 11.1095 10.5977 9.89415 9.71784 9.53855 9.61036
6.02506 5.78718 5.69545 5.35380 5.37570 5.40230 5.45043 5.96903 7.12172 7.68085 7.83451 7.97024 8.76940 11.0995 11.1929 11.4966 11.6516 11.7250 13.4487 17.2281 17.5393 17.5685 17.5901 18.1454 22.9739 23.5307 23.7985 24.2329 24.6674 25.9077 28.3924 28.6589 28.6695 28.6695 28.2371 26.9238 26.8485 26.8485 26.8289 26.6808 26.3175 26.3332 26.0998 25.1037 24.7870 24.5408 20.7464 17.8383 17.4694 17.0469 16.5453 15.1592 14.7948 14.1621 12.7305 11.7725 11.7725 11.6892 11.2233 10.9813 10.7541 10.5193 10.0986 8.97711 8.89721 8.84169 8.83180
6.00158 6.19065 5.98561 5.79531 5.79797 5.88606 5.97435 6.55488 7.91858 8.61087 8.69109 8.77121 9.01383 11.2359 11.6905 11.8459 12.0622 12.0763 12.7479 16.8473 17.7749 17.7885 17.8946 18.1688 22.3205 25.2421 25.4086 25.4086 25.4086 25.6395 28.1038 28.6121 28.6695 28.6695 28.5445 27.0168 26.6130 26.4082 26.1633 25.6295 25.0253 24.4516 24.6141 23.8684 23.0112 22.6332 20.8326 16.2189 16.0707 16.0495 16.0334 14.9250 14.4368 14.1598 12.8937 11.3988 11.1641 10.9280 10.2386 9.92563 9.91747 9.91747 9.87994 8.98326 8.76270 8.76270 8.76270
5.82829 5.98548 5.85765 5.95797 5.98206 6.03234 6.04778 6.55325 8.18270 8.88509 8.93517 8.95344 8.94183 10.7287 11.7988 11.8140 12.0928 12.1094 12.2463 16.1870 18.1321 18.3524 18.3960 18.3960 20.5381 25.4086 25.4086 25.4031 25.2785 25.1093 26.8749 27.6183 27.3674 26.8624 26.3411 25.1853 24.3400 23.9666 23.5474 23.1777 22.9042 22.2907 22.9601 22.7548 21.8707 21.8175 21.6027 16.4189 15.7059 15.6079 15.4444 14.5546 13.6926 13.5029 12.1752 10.6718 10.5804 10.5804 10.2630 9.94507 9.91407 9.87570 9.82807 9.15606 8.57799 8.52433 8.36621
5.40997 5.79633 6.13436 6.17018 6.07050 6.07064 6.08558 6.21893 7.88149 8.67570 8.79304 8.74354 8.74010 9.84087 11.9123 12.0533 12.4160 12.6786 12.7132 14.9881 18.2450 18.2980 18.1412 17.9844 18.6113 23.1785 23.6598 23.3935 23.2807 23.1830 23.8807 25.0665 24.8361 24.5696 24.3495 23.7436 22.6640 22.5712 22.5167 22.3736 22.1970 21.6889 22.3106 22.2993 21.4346 21.1506 20.4997 16.8911 14.9037 14.7408 14.6432 14.3159 13.3667 13.2822 12.2971 10.8194 10.3545 10.3122 10.0589 9.56725 9.45419 9.41360 9.27437 8.84774 7.79752 7.55203 7.40742
5.40997 5.42940 6.06620 6.00697 5.82914 5.71522 5.58902 5.56434 7.28680 8.39406 8.88851 9.03827 9.18785 9.84955 12.0517 12.5009 12.7223 13.1257 13.2512 13.9411 16.7948 17.3243 17.3826 17.4528 17.9854 21.1790 23.4080 23.5483 23.6500 23.7860 24.0206 23.7307 23.8113 23.7937 23.7340 23.5045 22.1612 21.7478 21.6561 21.5815 21.4041 21.0118 20.2187 19.3823 17.9708 16.5794 16.1747 15.3476 13.4570 13.3324 13.2063 13.0008 11.8984 11.6143 11.5095 10.7794 10.1629 10.0842 9.86399 9.15269 8.87558 8.66023 8.54175 8.35116 7.31426 7.15089 7.11918
4.53544 4.23177 5.03256 5.50727 5.59484 5.58394 5.75047 5.94661 7.38746 9.07492 9.71696 9.84222 9.96757 10.3464 12.1553 13.0849 13.0929 13.5107 13.5943 13.7199 16.4060 18.1859 18.5834 18.9624 19.3210 21.1193 24.1609 24.1941 24.2342 24.2752 24.3208 23.0485 22.6644 22.6068 22.5443 22.4799 21.2360 20.3009 19.3786 18.3917 17.2668 16.2569 15.3168 15.5830 15.5384 15.1568 15.1253 14.9656 12.5829 12.3382 12.3304 12.3226 11.4060 10.7796 10.5967 10.1450 9.48527 9.31770 9.20306 8.57399 8.21398 8.24645 8.28997 8.34298 7.49092 7.01231 7.01975
4.10193 4.10809 4.49174 5.94611 6.67238 6.92053 7.07770 7.20518 7.67653 8.58241 9.15694 9.06159 8.96399 9.00238 10.7803 12.9716 13.2568 13.9403 14.7496 15.3018 17.3306 19.5271 19.6182 19.6216 19.6886 20.8366 23.8366 24.8383 24.7619 24.6847 24.6077 23.4822 22.3510 21.9566 21.0130 20.0606 18.3950 16.3529 16.2727 16.2521 16.1677 16.1282 15.2413 15.4305 15.4218 15.1468 15.0125 14.9874 13.2247 12.0518 11.9035 11.7552 11.1068 10.1631 10.0881 9.85021 9.19655 9.23272 9.32252 9.08199 8.67794 8.69071 8.73668 8.78127 8.16034 6.96336 6.99037
4.24524 4.24524 4.23312 5.91493 6.88883 7.08214 7.09385 7.10768 7.23889 8.12198 8.24220 8.43733 8.80007 9.26899 11.3008 14.6730 15.3571 15.7306 16.5890 16.7597 17.6840 20.4182 20.8601 21.0296 21.1266 20.8781 21.8653 24.3347 24.3076 23.6665 22.5962 21.1168 18.7660 18.1057 18.0771 18.0564 17.7625 16.2111 16.0695 16.0695 16.0718 16.0740 15.4229 15.3139 15.3668 15.1818 14.7868 14.6530 13.5132 10.8862 10.6235 10.3541 10.3353 10.3684 10.2990 10.2410 9.67667 9.61894 9.63186 9.44009 8.89247 8.79551 8.84914 8.91730 8.77941 7.30554 7.22377
4.27105 4.29871 4.32639 5.37774 6.81076 7.56974 7.77339 8.01425 8.44518 9.84246 10.5343 10.9611 11.2178 11.3658 12.5857 15.4071 16.7140 16.9468 17.4713 17.5130 17.7806 20.2285 20.8711 20.8461 20.8487 21.0260 20.8486 21.2063 20.1438 19.7151 19.7151 19.5484 18.3870 18.0437 18.0437 18.0437 17.9721 16.5661 16.0375 15.9598 15.8628 15.7566 15.2550 14.5661 14.6606 14.6363 14.2591 14.1839 13.8033 10.6441 10.3527 10.4023 10.4347 10.7001 10.4489 10.3787 9.86148 9.59618 9.64273 9.65135 9.08119 8.96801 8.96926 8.95584 8.93495 7.61338 7.12501
5.07175 5.39253 5.71336 5.93160 7.62118 9.05772 9.56422 9.84239 9.92682 10.9372 11.6626 11.6574 11.6674 11.7513 12.6365 14.9024 17.4877 17.4885 17.4885 17.4885 17.5141 19.8329 21.5379 21.9232 22.2930 22.3963 21.6601 20.0337 19.7151 19.7151 19.7151 19.7661 18.9618 18.5006 18.7063 18.9139 19.1191 17.0334 15.5790 15.6165 15.6900 15.7990 15.7304 14.7459 14.9996 15.0458 14.5697 14.2090 14.1482 11.8016 10.5093 10.5546 10.6000 10.8941 10.4023 10.4150 10.1306 9.78524 9.79351 9.79351 9.29045 8.95584 8.95584 8.95584 8.95686 8.16083 7.16423
6.43263 6.43263 6.43263 6.20085 8.19367 9.43787 9.90683 9.90683 9.90759 10.4877 11.8128 11.9148 12.0058 12.0165 12.4843 14.0493 17.3162 17.8479 18.2298 18.6115 18.9707 20.1426 22.3665 22.4003 22.4537 22.6823 22.5725 21.1837 20.6672 20.8972 21.1267 21.2749 20.5944 19.6129 19.6338 19.6911 19.7516 18.4634 15.9691 15.9754 15.9962 16.0082 16.0277 15.0481 15.2199 15.2741 15.1498 14.4872 14.5366 13.5350 10.9045 10.9865 11.0759 11.3430 10.6925 10.6165 10.4663 9.92941 9.98587 10.0425 9.68996 9.12648 9.12279 9.14441 9.16173 8.85457 7.34572
6.43263 6.43263 6.43263 6.40183 7.17972 9.13188 9.93633 10.0110 10.0595 10.1840 11.9822 12.0165 12.0714 12.4120 12.9114 14.8901 17.9180 19.0851 19.4312 19.8558 20.2807 20.9869 23.2338 23.8573 24.0454 24.0539 23.8551 22.7357 21.3218 21.3675 21.4925 21.6278 21.3205 20.2478 19.8563 19.7813 19.6989 19.0629 16.3595 16.2099 16.2556 16.3058 16.3269 15.5991 15.4717 15.9556 16.4686 16.1155 16.3946 16.1577 12.2893 11.6869 11.7672 11.9112 11.6930 11.3779 11.1132 10.4397 10.4406 10.4693 10.2266 9.41198 9.32962 9.36091 9.47165 9.53808 8.17490
6.43263 6.42145 6.32433 6.19749 5.78785 8.87432 9.95853 10.0763 10.1525 10.5084 12.3763 13.4392 14.1911 14.6567 15.0815 16.9469 19.1843 21.7952 21.8736 21.8711 21.8658 21.8922 23.1459 24.2419 24.6567 25.0726 25.4248 24.7421 22.6893 22.0315 21.9617 21.8926 21.5286 20.4384 19.5386 19.5468 19.5635 19.6139 17.2138 16.9116 17.1151 17.5631 18.0300 18.1240 17.8891 18.3594 18.3792 17.8020 17.1566 17.0381 14.1448 12.0923 12.0923 12.0923 12.0830 11.5127 11.2514 11.1698 11.1799 11.2031 11.2689 10.3612 10.2991 10.3662 10.2769 10.1755 9.08881
6.10880 5.96998 5.94539 6.00581 5.63620 8.49074 11.4955 12.7176 13.4517 13.9085 15.4857 17.0061 17.0761 17.1512 17.2860 18.4289 19.4839 22.3190 22.5904 22.8890 23.3072 23.7920 24.8405 26.0339 25.9644 25.8912 25.8179 25.1561 23.4938 22.3442 22.4592 22.5749 22.6122 21.8636 20.7554 20.8707 21.1171 21.4835 20.2590 19.4228 19.7114 19.7580 19.8092 19.5074 18.0226 18.5213 18.5502 18.4534 17.3782 17.3831 15.9442 12.3914 12.3785 12.3884 12.5181 11.7393 11.5897 11.4494 11.4576 11.4521 11.3569 10.3299 9.61471 9.46855 9.40549 9.34617 9.02561
8.45313 8.59373 8.70126 8.77536 8.48980 9.39384 13.8636 15.0926 15.1125 15.1898 15.9330 18.2634 18.6566 19.2446 19.8194 21.2106 22.9346 24.4951 25.0359 25.2536 25.3241 25.3135 25.4231 25.8200 25.8222 25.7845 25.7468 26.1857 25.2632 23.3853 23.3118 23.3293 23.5460 23.1709 22.3325 22.3892 22.5914 22.6070 21.8266 20.0011 19.9632 19.9670 20.0480 19.9330 18.4306 18.7403 18.7645 18.7979 17.9348 17.6498 17.1419 13.2185 12.3955 12.4743 12.5752 11.7211 11.2877 10.9252 10.8763 10.8270 10.7781 10.1579 9.18645 9.15960 9.15719 9.09406 8.93825
8.95958 8.89834 8.90356 9.01778 9.13562 8.28631 13.1575 16.1155 16.6843 17.3092 17.9969 21.4587 22.0931 22.3888 22.6392 23.0217 24.1409 24.6804 25.1336 25.1155 25.1256 25.1394 25.2030 25.6813 25.8277 25.8435 25.8594 26.1555 25.8996 24.5187 24.3803 24.6989 24.8183 24.2278 23.3994 22.6530 22.6530 22.6530 22.4583 20.1600 19.9670 19.9670 20.0201 20.1021 18.8721 18.7288 18.9911 19.0061 18.5385 17.8446 17.7224 14.7415 12.4515 12.4079 12.3642 11.7593 11.1613 10.7536 10.7536 10.7329 10.6569 10.2277 8.89649 8.64889 8.50675 8.42569 8.37629
9.67013 10.2557 11.7899 13.2800 14.7962 14.5645 16.7171 20.0049 20.3551 20.7540 21.1497 22.3210 22.6460 22.6598 22.6737 22.7329 24.1489 24.4344 25.2229 25.2294 25.2294 25.2294 25.2294 25.6201 25.9278 25.9701 26.0124 26.1104 26.3849 25.3019 24.8183 24.8183 24.8183 24.4404 23.7756 22.6603 22.6685 22.6819 22.7535 20.9557 20.2849 20.4039 20.5442 20.7191 20.0106 18.8772 18.8987 18.8866 18.8439 18.0633 17.9954 16.2733 12.3851 12.3191 12.3047 12.0027 10.9116 10.3278 10.1006 9.95905 9.87284 9.83327 8.59479 8.36819 8.36819 8.36819 8.36819
15.2464 18.1725 18.7623 18.8988 18.8988 17.7303 17.6006 20.9904 21.3954 21.3954 21.3954 22.0831 22.7040 22.7040 22.7040 22.7040 23.8846 24.2427 25.0899 25.2348 25.2718 25.3142 25.3563 25.6039 26.0567 26.0626 26.0626 26.0630 26.5930 25.6028 24.9981 25.0488 25.1300 25.0540 24.5270 23.3854 23.3380 23.4398 23.4768 22.3442 20.7980 20.7771 20.7686 20.8715 20.4885 19.0066 18.8396 18.8234 18.8071 18.2574 17.9339 17.0880 13.1703 12.0768 11.9858 11.8753 10.5083 10.0633 9.86357 9.81868 9.72401 9.62960 8.86154 8.41534 8.42547 8.43561 8.44574
16.8220 17.6610 18.8988 18.8988 18.8988 18.3207 16.7145 20.2050 21.4532 21.3954 21.3954 21.7733 22.7040 22.7040 22.7040 22.7117 23.6183 24.2745 24.9535 25.3974 25.3539 25.2059 25.0991 25.0246 25.0950 24.9652 24.7676 24.5745 24.8293 26.1884 25.9936 25.8891 26.1416 26.4314 25.7914 24.4942 23.5854 23.6000 23.6602 23.2716 21.2252 21.0615 21.0771 21.1735 20.8882 19.2602 18.7547 18.7616 18.7300 18.4637 17.7460 17.3185 14.2154 11.7565 11.7094 11.6620 10.6633 9.73537 9.02590 8.97630 8.97630 8.97630 8.90165 8.43158 8.33079 8.24287 8.13343
16.8595 16.9489 18.8988 18.8988 18.8988 18.8441 16.7463 18.6788 21.5415 21.3954 21.3954 21.4977 22.7177 22.4921 22.3726 22.3274 22.9438 24.1466 24.3526 24.9129 24.8802 24.9298 24.9620 25.0334 24.9727 25.1850 25.2799 25.4015 25.6596 26.8438 27.3392 27.4169 27.4921 27.5185 27.2315 26.4627 24.8156 24.8960 24.9393 24.9406 22.8377 22.1639 22.1016 22.0731 21.8243 19.6603 18.7733 18.6115 18.5062 18.4139 17.6934 17.5433 15.8166 11.9376 11.8441 11.8441 11.2964 10.1253 8.96650 8.86401 8.73716 8.61041 8.44828 8.00687 7.84199 7.72773 7.59325
