OMI_NO2_yc_0.0167deg/OMI_NO2_yc_0.0167deg/OMI_NO2_200501.asc
ncols      200
nrows      200
xllcorner       110.913
yllcorner       33.7933
cellsize     0.0166667
NODATA_Value      -999.000
[rows 58 to 86 of 199, columns 0 to 66 of 200]
3.69080 3.67596 3.68672 3.86083 3.71706 3.62057 3.65108 3.53163 3.52593 3.53361 3.71929 4.11523 4.16613 4.21788 4.12971 4.28982 4.94052 5.49117 5.53870 5.66525 6.03516 6.56967 6.98307 7.86985 8.41966 9.04071 9.57989 9.74382 9.98616 10.2190 10.3670 10.5267 11.7057 13.0666 13.0501 12.9056 12.0473 11.9718 11.9402 11.1195 10.3694 10.0809 10.0799 10.0022 9.22200 9.18671 9.18671 9.05597 8.77607 7.76879 7.64082 7.65019 7.63693 7.46369 7.23145 7.03529 6.71908 5.91204 5.91204 5.91204 5.78029 5.70102 5.68378 5.66632 5.65644 5.25467 4.59566
3.38681 3.36960 3.68092 3.93564 3.90708 3.64993 3.66243 3.57715 3.51274 3.51631 3.64241 4.52022 4.53239 4.54434 4.48734 4.56803 5.01051 6.05539 6.34676 6.48842 6.71821 7.34265 7.89140 8.54509 9.44382 9.78710 10.4524 10.5905 10.5966 10.5924 10.5698 10.5550 10.9948 12.7462 12.8810 12.8819 12.1825 11.9478 11.9475 11.5761 10.4158 10.1495 10.0998 10.1420 9.42588 9.15915 9.14256 9.11362 8.74246 8.04862 7.56464 7.51408 7.47142 7.34475 7.22512 6.97166 6.86747 5.87703 5.85108 5.85961 5.78539 5.57227 5.52318 5.51513 5.50264 5.37515 4.46204
3.40748 3.41259 3.59547 3.90776 4.03727 3.70630 3.68176 3.62605 3.49800 3.53699 3.78903 4.69961 4.91365 5.00926 5.10086 5.46209 5.64765 6.66462 7.09743 7.27842 7.42322 8.01342 8.52784 8.76539 9.86806 9.91830 10.5114 10.5722 10.5469 10.5268 10.5251 10.5263 10.5803 12.5032 12.9083 12.9083 12.5070 11.9805 11.9770 12.0053 10.7032 10.6030 10.6568 10.8798 10.4394 9.53747 9.55017 9.57131 9.36428 9.03712 8.34038 8.46144 8.58412 8.51202 8.45871 8.27062 8.29159 6.13416 5.84514 5.84554 5.82076 5.47805 5.34140 5.33280 5.32070 5.27252 4.45347
3.39302 3.37557 3.38566 3.71330 3.90154 3.62622 3.49207 3.44279 3.97655 4.10471 4.30878 4.92352 5.22443 5.23664 5.26034 5.45896 5.66141 6.61068 7.69992 7.70522 7.71703 8.04326 8.55817 8.84565 9.98621 10.3214 10.4597 10.6249 10.6370 10.6488 10.6606 10.6725 10.7056 12.4162 14.0799 14.1459 14.1283 13.4943 13.6487 13.7786 12.8290 12.2399 12.0719 12.1142 12.3102 11.0752 10.9765 11.0567 10.9910 10.6490 9.51049 9.52474 9.62230 9.62636 9.51088 9.22823 8.94726 6.92858 6.09778 6.11821 6.02980 5.37262 4.78205 4.60787 4.43560 4.24336 4.14268
3.19948 3.13596 3.10109 3.29200 3.59923 3.62278 3.57463 3.64384 4.08575 4.33937 4.47765 4.95970 5.51615 5.56510 5.60259 5.70528 6.06387 6.25492 7.81591 8.03555 8.08343 8.26461 8.80298 9.14127 9.82976 10.4823 10.5274 10.7325 10.7479 10.7479 10.7479 10.7479 10.7746 11.7969 14.6048 14.7532 14.8683 14.1871 13.9539 13.9944 13.4389 12.4866 12.3728 12.4075 12.7460 12.1876 11.5935 11.7590 11.9391 11.7094 10.9409 10.5642 10.6925 10.8096 10.4200 10.0486 9.20664 7.14249 5.37637 5.18305 5.11138 4.80377 4.17172 4.12576 4.09595 4.06215 4.02769
3.42016 3.51244 3.58865 3.73834 4.02276 4.09199 3.93152 3.98048 4.24055 4.64817 4.71891 5.00096 5.69733 5.69534 5.69207 5.69242 6.14626 5.95241 7.50165 8.11104 8.11104 8.12553 8.67482 9.12770 9.44109 10.4922 10.5224 10.7545 10.8411 10.9467 11.1012 11.2559 11.3979 11.5544 14.8097 15.0421 15.0787 14.6914 14.1078 14.0870 13.8646 12.8009 12.9839 13.1274 13.6862 13.9898 12.7673 12.7638 12.6167 12.3595 11.6269 10.3840 10.1791 9.97869 9.62239 9.47750 8.75847 7.32977 5.09092 5.04824 5.01718 4.87149 4.11386 4.05405 4.00635 3.95259 3.86235
3.66662 3.82784 3.89361 3.96375 4.21947 4.33815 4.12413 4.08079 4.12692 4.65330 4.64017 4.79162 5.62962 5.73556 5.83670 5.93795 6.39282 6.45168 7.38547 8.80424 8.94494 9.08532 9.58946 9.46914 9.37298 10.6688 10.9124 11.1605 11.4173 11.4896 11.6407 11.8358 12.0299 11.7181 13.8904 14.6624 14.5772 14.3766 13.4586 13.3322 13.3188 13.1964 13.0583 12.8202 12.9215 13.4304 11.9902 11.4136 11.3236 11.3101 11.1580 9.80038 9.76013 9.76013 9.58763 9.32435 8.81046 7.84395 5.08151 4.97204 4.91397 4.82999 4.08545 3.87368 3.87352 3.87352 3.84792
3.67352 4.02291 4.02291 4.02291 4.14701 4.70524 4.62693 4.55688 4.63083 5.23392 5.48678 5.73157 6.59894 6.98019 7.03376 7.08736 7.37467 7.64564 7.82407 9.52216 9.70984 9.74944 10.0852 10.2162 10.1298 11.2632 11.8699 11.9361 12.0300 12.0476 11.9414 11.8478 11.7654 11.4210 12.5921 14.2494 14.1915 13.9584 12.9738 12.4658 12.2159 11.9712 11.8522 11.8863 11.9887 12.9008 12.2649 11.3236 11.3236 11.3234 11.2508 10.1193 9.70464 9.67627 9.60024 9.25285 8.95812 8.10567 5.32884 4.75673 4.75521 4.75521 4.24759 3.87352 3.87166 3.86040 3.83457
3.48552 4.08813 4.09480 4.10145 4.10830 5.27547 5.38852 5.24757 5.29123 5.64452 6.02112 6.14669 6.80257 7.36975 7.37009 7.37758 7.50312 7.91427 7.80063 9.57166 10.5846 10.8892 11.1617 11.6964 11.3290 11.4468 11.5786 11.6657 11.7763 11.8556 11.9157 11.9194 11.9023 11.6976 11.5517 13.1037 12.9083 12.8872 12.4654 11.8946 11.8867 11.8648 11.8088 11.8537 11.8529 12.7499 12.7915 11.3353 11.2343 11.1832 11.0935 10.4164 9.59567 9.53754 9.47610 9.08901 9.00220 8.22141 5.89405 4.71937 4.70474 4.69010 4.38094 3.81320 3.79381 3.78537 3.75440
3.28667 3.90286 3.92256 3.86749 3.81408 4.54299 5.10164 5.40692 5.43502 5.56078 6.09247 6.13542 6.61609 7.47989 7.55708 7.65593 7.77356 8.56607 8.75246 9.73118 11.4072 11.5076 11.6183 12.1184 11.6435 11.7020 11.7683 11.7649 11.7512 11.6632 11.5736 11.4837 11.4111 11.4024 10.8618 12.6924 12.7708 12.7708 12.6428 11.8138 11.7800 11.7787 11.7062 11.7066 11.6220 12.1952 12.4789 11.4792 10.9323 10.8227 10.6640 10.2627 8.97408 8.92726 8.84000 8.63453 8.49508 7.93861 6.22125 4.57832 4.56203 4.52835 4.36759 3.71812 3.67217 3.69447 3.76082
3.05682 3.49329 3.78407 3.78761 3.79116 4.22550 5.14130 5.40091 5.57822 5.64108 6.22823 6.38046 6.74562 7.87003 7.91784 7.91792 7.93724 8.46223 8.88005 9.11303 11.5951 11.8364 11.8364 12.1197 11.8434 11.6771 11.7305 11.7482 11.6963 11.4146 11.4165 11.4191 11.4217 11.4243 11.0109 11.9455 12.3084 12.2730 12.2380 11.4132 11.0654 10.9389 10.7581 10.6504 10.5860 10.8542 11.3699 10.8052 9.64657 9.59363 9.60765 9.52151 8.34706 8.21936 8.21026 8.16927 8.06903 7.79039 6.65978 4.69588 4.73431 4.81603 4.90143 4.20329 4.16210 4.22105 4.25908
3.14607 3.37476 3.94194 4.00899 4.07613 4.23229 5.46980 5.64735 5.90872 5.95420 6.32077 6.54402 6.73441 7.79191 8.11566 8.23377 8.33260 8.65317 9.41344 8.94457 10.8960 11.8800 11.8828 12.0114 12.0698 11.7294 11.7611 11.7947 11.7938 11.5126 11.4511 11.4511 11.4511 11.4511 11.2694 11.2887 12.0016 12.0216 12.0417 11.5888 10.4431 10.4059 10.4093 10.4051 10.3750 10.6416 11.5779 11.7131 10.3538 10.3625 10.4773 10.0019 8.93125 8.38468 8.38893 8.36222 8.19707 8.17992 7.44799 5.57804 5.40028 5.45643 5.51198 4.76481 4.33016 4.32768 4.32143
3.45177 3.43707 4.07525 4.13388 4.18334 4.23342 5.32832 5.63224 5.99104 6.10592 6.39150 6.87600 7.04600 8.02352 8.56613 8.56613 8.56613 8.67448 9.39057 9.10827 9.90428 11.8900 11.8900 11.8970 12.2067 11.7294 11.7422 11.7947 11.7974 11.7742 11.8315 12.0685 12.2337 12.3651 12.4889 12.1817 13.0431 13.1923 13.2921 13.3566 11.7954 11.8125 11.9443 11.8651 11.2000 11.2660 12.2059 12.3828 11.4003 10.7103 10.7743 10.4335 9.13388 8.41895 8.53072 8.57280 8.50406 8.47995 7.91856 6.17016 5.54068 5.53805 5.52859 5.02117 4.29012 4.26654 4.25609
3.47836 3.51256 4.04810 4.41036 4.53805 4.66515 5.49615 6.11159 6.42572 6.50715 6.53255 7.03911 7.07838 7.75787 8.56613 8.56613 8.56613 8.61667 9.15013 9.26559 9.03879 11.6021 11.8844 11.9826 12.4763 13.2805 13.5641 13.8857 14.0989 14.0170 13.4364 13.3256 13.2901 13.2701 13.2453 13.0424 13.8933 14.1775 14.2758 14.2160 12.6878 11.9447 11.9053 11.9033 11.0846 10.9961 11.7327 12.0920 11.5194 9.76100 9.55302 9.40033 8.47331 8.27089 8.38055 8.38055 8.31259 8.22671 7.92442 6.46321 5.47666 5.45867 5.44835 5.24317 4.28023 4.25204 4.25304
3.69541 3.69394 4.22471 4.95529 4.95529 4.95529 5.33899 6.15885 6.30592 6.46863 6.45794 6.84480 6.98364 7.34209 8.46158 8.45494 8.52020 8.59983 9.05293 9.67753 9.28590 11.1709 12.3143 12.2944 12.5382 13.6154 13.6851 13.6408 13.6763 13.7168 13.0252 12.8684 12.8229 12.7839 12.7085 12.6315 13.4846 13.7768 13.7430 13.7331 12.9499 11.5413 11.4538 11.3845 10.6012 10.1497 10.6141 11.3433 11.3330 9.69764 9.37702 9.37702 8.71876 8.27246 8.34774 8.34317 8.29809 8.15192 8.09251 6.86350 5.45134 5.45366 5.45512 5.44065 4.39353 4.25304 4.25304
3.83996 3.86267 4.05464 5.11063 5.18047 5.21147 5.30986 6.33008 6.43538 6.81237 6.94059 7.30636 7.74394 8.02366 8.64486 8.76316 8.76894 8.76894 8.97889 9.70605 9.41651 10.1931 12.1971 12.1657 12.2386 13.6441 14.2394 14.2800 14.2178 14.1474 12.9804 12.5750 12.5187 12.4742 12.4707 12.4897 13.2161 13.4360 13.3593 13.3194 13.1290 11.1604 11.1034 11.1140 10.7248 10.1524 10.3856 11.3049 11.3433 10.4104 9.36915 9.35965 9.01097 8.29917 8.24387 8.29901 8.30119 8.16925 8.15286 7.43928 5.52015 5.46314 5.47177 5.48041 4.69563 4.29322 4.32595
4.43105 4.43105 4.38544 5.22683 5.57583 5.62350 5.67111 6.55884 6.82140 7.49049 7.60826 7.76244 8.32268 8.45671 8.95514 9.15454 9.23532 9.38235 9.66615 10.3350 10.6087 10.3863 12.5009 12.7980 12.7568 13.7402 14.6705 14.6160 14.4805 14.4925 13.7404 12.9649 13.0741 13.2030 13.3388 13.4545 14.0065 14.1197 13.9497 13.9701 13.9891 12.1753 11.6061 11.6211 11.4816 10.5787 10.5853 11.1260 11.3762 11.1467 9.36798 9.34330 9.24817 8.35243 8.22081 8.36932 8.42754 8.16213 7.88804 7.53824 5.81351 5.55480 5.57524 5.59550 5.10653 4.51899 4.52952
5.57927 5.68044 5.59337 5.92373 6.56081 6.63335 6.70739 7.33409 7.82600 8.36055 8.74137 8.77914 9.32025 9.46302 9.81958 10.2013 10.3071 10.3465 10.2941 10.5135 11.2112 10.9898 12.2241 12.8867 12.8662 13.4215 14.9822 15.0035 14.9220 14.8943 14.4287 13.6503 13.6507 13.6510 13.6514 13.6518 13.8918 14.0160 13.6060 13.5495 13.4928 12.3177 10.9471 10.9013 10.8813 9.83349 9.75123 10.1233 10.6466 10.7738 9.22905 8.77151 8.88495 8.32777 7.97178 8.07079 8.11138 7.86364 7.30921 7.25489 6.05162 5.58761 5.60168 5.61568 5.41705 4.73963 4.77694
6.31331 6.38369 6.33711 6.01055 6.93407 6.97861 7.02263 7.37544 8.10378 8.38836 9.02368 9.11536 9.52747 9.87449 10.0253 10.4626 10.5707 10.7990 11.2084 11.6745 12.8483 11.7775 11.8169 12.8708 12.8712 13.0841 14.7610 15.0098 14.9604 14.9013 14.7841 13.6631 13.6570 13.6570 13.6570 13.6570 13.6560 13.3328 12.8566 12.8319 12.7906 12.3906 10.8994 11.0473 11.2467 10.6527 10.3737 10.4593 10.9814 10.7943 9.78947 8.42343 8.30598 8.11732 7.79644 7.76913 7.84774 7.80436 6.99542 6.94005 6.11263 5.29359 5.23892 5.18394 5.12093 4.77198 4.73374
6.75865 6.83517 6.91157 6.50507 7.21238 7.47248 7.54791 7.73034 8.71631 8.88552 9.80754 10.0247 10.5313 11.2788 11.5577 11.8768 12.1393 12.2595 12.2604 12.4441 13.1026 12.4316 11.5341 12.6768 12.8740 12.8818 14.3977 15.0113 14.9932 14.9020 14.9020 13.8699 13.6372 13.5849 13.5869 13.6128 13.6415 13.4541 12.9973 12.9411 13.1063 13.2811 12.2768 12.0896 12.0336 10.8250 9.26837 9.23250 9.79571 9.80925 9.64981 7.97733 7.86872 7.82378 7.56939 7.39631 7.50463 7.46287 6.83179 6.62559 6.22101 5.01570 4.99734 4.99711 5.00317 4.83268 4.73885
7.38969 7.38969 7.41531 7.20100 7.42845 8.09165 8.49799 8.98756 10.0190 10.5215 11.2643 11.6647 11.7104 12.1933 12.2190 12.1884 12.2595 12.2595 12.2595 12.4007 12.7774 13.0395 11.5772 12.3098 13.0449 13.1213 14.1429 15.3856 15.4038 15.3264 15.3308 14.6145 14.1101 14.1913 14.2181 14.2350 14.3619 14.2604 13.5844 13.2499 13.1663 13.0901 12.4658 12.0024 12.0645 11.6634 9.66433 9.69701 9.59513 9.56033 9.59951 8.47259 7.86620 7.87490 7.72562 7.67759 7.84469 7.89264 7.51609 7.09345 7.02275 5.25917 4.98171 4.96541 4.94281 4.79622 4.65198
7.64469 7.79228 7.91431 7.78025 8.27924 10.3315 10.4068 10.3735 10.7100 10.9797 11.3031 11.7542 11.7985 12.1965 12.4098 12.4104 12.5367 12.5809 12.6276 12.8317 13.1015 14.2128 12.6064 12.7289 13.9218 13.9796 14.0792 15.5002 15.5286 15.4697 15.4181 14.9347 14.2129 14.3904 14.5913 14.7885 14.8556 14.7381 14.1724 13.7492 13.7522 13.7512 13.4792 12.6270 12.6923 12.7727 10.2893 10.1576 10.0912 9.95727 9.95727 9.40526 8.05625 8.05625 7.96671 7.80816 7.88907 7.95589 7.77852 7.07833 7.05762 5.62997 4.91441 4.91685 4.91930 4.86485 4.65790
8.09439 8.23675 8.36535 8.50782 8.59355 10.5957 11.0492 11.1463 11.3165 11.5624 11.7102 12.3455 12.3847 12.6521 13.0418 12.9840 12.8864 12.9305 12.9722 13.0558 13.2453 14.0273 13.1957 12.3821 13.3266 13.4273 13.3071 14.3184 14.5177 14.5462 14.7191 14.9094 14.9693 14.9790 14.9773 14.9756 14.9743 14.9709 14.3923 14.0298 14.0725 14.1681 14.2465 13.1003 12.9786 13.0020 11.0121 10.1808 10.1529 9.95727 9.95727 9.92453 8.26002 8.07637 8.06244 7.89341 7.88155 7.88495 7.88352 7.12566 7.04716 6.19190 4.92068 4.92068 4.92310 4.92423 4.68390
9.72233 9.74444 9.76585 9.77193 9.50127 10.6718 11.6060 11.6774 11.7587 12.0280 12.1035 12.6907 12.8102 12.8601 13.3303 13.2046 12.7355 12.6930 12.6529 12.6851 12.8810 13.3534 13.2531 12.2056 12.5251 12.8408 12.9455 13.9037 14.6895 14.7016 15.0169 15.0269 14.9872 14.9741 14.9741 14.9741 14.9741 14.9741 14.6293 14.2855 14.2855 14.2855 14.2855 13.4970 12.9786 12.9801 11.7146 10.1808 10.1810 9.99464 9.97366 9.98347 8.95244 8.14124 8.14174 7.96615 7.89038 7.87075 7.84089 7.34048 7.07409 6.76435 4.95033 4.94299 4.94526 4.94914 4.76116
11.0235 11.1920 11.3605 11.5287 11.4503 11.6659 13.1216 13.1726 13.2237 13.4389 13.5382 13.9225 14.2413 14.3351 14.9218 15.1291 14.2179 14.5205 14.8600 15.1404 14.0738 14.0044 14.1370 12.9310 13.2003 13.1356 13.1304 13.5938 14.6850 14.6850 14.9301 15.0266 15.0011 14.9741 14.9741 14.9741 14.9741 14.9729 14.8881 14.2916 14.2940 14.2963 14.2987 13.9252 12.9966 13.0031 12.4342 10.2296 10.2416 10.1102 9.98953 9.95132 9.56393 8.04977 8.01046 7.87552 7.70564 7.70279 7.71227 7.47838 7.01293 6.89053 5.12183 4.96493 5.00114 4.92738 4.73496
12.6281 12.6281 12.6281 12.6281 12.6166 11.9102 13.4222 13.6741 13.7735 14.1140 14.4616 14.8816 15.6346 16.0183 16.3317 16.5852 15.4670 15.2807 15.5553 15.8431 15.2480 14.8022 14.6373 13.8596 13.6894 13.1628 13.1020 13.1927 14.6280 14.6469 14.7904 14.9817 14.9669 14.9225 14.9191 14.9157 14.9123 14.9102 15.0403 14.4294 14.3371 14.3392 14.3429 14.2591 13.0696 12.9424 12.8792 10.1860 10.0228 9.91033 9.75491 9.76759 9.78261 8.32131 7.96710 7.78852 7.43469 7.29657 7.19705 7.08226 6.52750 6.50164 5.16669 4.18209 4.06769 4.05856 4.06722
12.6679 12.7281 12.7646 12.7983 12.8320 12.5752 13.8325 14.7089 14.8373 14.9810 15.3052 15.4753 16.2292 16.4357 16.7378 16.9728 16.3119 15.7441 15.5158 15.2650 14.4609 13.6561 13.6561 13.6561 13.6561 13.3159 13.0660 13.0663 14.3040 14.6210 14.6697 14.9626 14.9619 14.9135 14.9102 14.9271 14.8871 14.8188 14.7725 14.4651 13.9543 13.8329 13.7100 13.6193 12.6845 12.1681 12.1265 10.5007 9.93699 9.90536 9.57097 9.37848 9.18099 8.18408 7.10218 7.00465 6.68056 6.80812 6.92385 6.94613 6.49156 6.36518 5.56940 4.08126 4.06809 4.06809 4.06913
12.5556 12.5292 12.5263 12.5263 12.5263 12.5809 13.5582 14.9980 15.2615 15.4743 15.7313 15.8095 16.3539 16.4889 16.2559 16.3468 15.9856 15.0978 15.0978 15.0978 14.7513 13.6561 13.6561 13.6561 13.6561 13.4976 13.0492 13.0076 13.7347 14.2295 14.0842 14.2654 14.3623 14.3933 14.4463 14.4987 13.9337 13.4890 13.4285 13.5578 13.0628 13.0967 13.1307 13.1713 12.7542 11.8263 11.6926 10.2743 8.90592 8.69209 8.37076 8.26039 8.20270 7.97836 6.46981 6.37893 6.09692 6.27590 6.30352 6.33488 5.99833 5.66108 5.39081 4.32971 4.17659 4.17801 4.17929
12.5263 12.5385 12.7122 12.9367 13.1607 13.3314 13.9743 15.2569 15.2375 15.1690 15.4030 15.4634 15.7469 16.1951 16.1919 16.2675 16.2392 15.0441 14.9744 14.9430 14.8358 13.4258 13.3587 13.2755 13.1922 13.1027 12.4599 12.4060 12.8612 13.6620 13.8955 14.2641 14.4386 14.4349 14.3567 14.2993 14.0417 13.3798 13.3499 13.0545 12.2235 12.0491 11.8890 11.7218 11.4685 10.3221 10.2332 9.41284 7.59780 7.59780 7.43991 7.30967 7.30967 7.30967 6.18619 5.73628 5.59323 5.67283 5.82169 5.98807 5.89898 5.45824 5.40263 4.62025 4.07517 4.06212 4.04912
