OMI_NO2_yc_0.0167deg/OMI_NO2_yc_0.0167deg/OMI_NO2_200609.asc
ncols      200
nrows      200
xllcorner       110.913
yllcorner       33.7933
cellsize     0.0166667
NODATA_Value      -999.000
[rows 87 to 115 of 165, columns 0 to 66 of 200]
20.4093 20.4093 21.0908 20.8730 19.3916 18.7102 18.7102 18.7102 18.7102 18.7102 18.7102 18.7102 18.7112 18.7118 18.7118 18.7118 18.7118 18.7118 18.6394 18.1913 17.6560 17.3887 18.4819 18.3708 18.3614 18.3272 18.2924 18.2576 18.2222 18.1873 18.1526 18.0520 17.5027 17.4633 17.4279 16.9623 16.3598 16.3572 16.3545 16.6483 17.5700 15.4375 14.1150 14.1058 14.0776 14.0483 14.0189 13.9901 13.9476 13.8757 13.8030 13.7304 13.6793 13.6527 13.6260 13.5993 12.4760 11.6342 10.1408 10.0175 9.47393 9.01481 8.48489 8.48489 8.48489 8.48489 8.48489
20.4093 20.4093 20.5305 21.1127 20.2203 18.8513 18.9548 19.0592 19.1631 19.2667 19.3713 19.4748 19.0208 18.3129 18.1606 17.7577 17.1868 16.6167 16.1183 15.9950 15.9601 15.8844 17.5393 17.6492 17.6238 17.6226 17.6226 17.6226 17.6226 17.6212 17.5712 17.4994 16.9925 16.7709 16.6985 16.4960 15.8469 15.7749 15.7027 15.6445 16.6747 15.5874 13.7306 13.7106 13.6989 13.6553 13.6094 13.5634 13.5330 13.5323 13.5323 13.4029 13.0609 12.7152 12.3701 12.0246 11.3519 10.9612 10.0515 9.77321 9.45216 9.02329 8.25997 8.15043 8.05169 7.95747 7.86724
21.9418 22.0643 22.1690 22.7778 22.7443 20.7991 20.6405 20.6405 20.6278 20.5234 20.4010 20.1313 18.8353 16.4147 15.9968 15.8286 15.8286 15.8215 15.8094 15.7971 15.7850 15.7724 16.7186 17.1142 17.0418 16.9699 16.8977 16.8258 16.7533 16.6829 16.6604 16.6604 16.4359 16.0760 16.0760 16.0680 15.4034 15.3687 15.3687 15.3687 16.1051 16.1394 13.6160 13.5701 13.5347 13.5323 13.3692 13.0239 12.6784 12.3332 11.9879 11.7718 11.7601 11.5798 11.3359 11.1165 10.8473 10.0553 9.75035 8.89830 8.66067 8.32708 7.83327 7.72443 7.72443 7.72443 7.72443
22.0523 22.3396 22.3396 22.5204 22.7060 21.3129 20.2818 20.0746 19.5742 19.1308 18.7047 18.4269 18.2317 15.7370 15.7084 15.6962 15.6841 15.6789 15.6789 15.6789 15.6789 15.6789 16.0954 16.6604 16.6604 16.6604 16.6604 16.6604 16.6604 16.6604 16.6604 16.6604 16.6264 16.0956 16.0760 16.0760 15.5486 15.3279 15.2820 15.2360 15.5517 16.2100 13.2762 12.6417 12.2962 11.8934 11.4954 11.2813 11.0803 10.8911 10.7127 10.5442 10.3907 10.3180 10.1993 10.1993 10.1993 9.79176 9.85492 8.79822 8.75239 8.32722 7.97410 7.72500 7.74509 7.77644 7.81011
20.4233 19.9952 19.5621 19.2742 21.2186 20.0055 18.7316 18.3902 18.3558 18.3558 18.3558 18.3558 18.3558 16.1211 15.6789 15.6789 15.6789 15.6789 15.6789 15.6789 15.6789 15.6789 15.8812 16.6604 16.6604 16.6604 16.6604 16.6604 16.6604 16.6604 16.6604 16.6604 16.6826 16.4439 15.9959 15.9500 15.4972 15.0681 14.7943 14.3814 14.0036 13.5747 11.6598 10.6411 10.4766 10.3570 10.3497 10.3497 10.3497 10.3497 10.3497 10.3497 10.3497 10.3482 10.2098 10.1993 10.1993 9.96876 9.85879 9.16268 8.88482 8.51068 8.27166 7.85943 7.86284 7.85332 7.84415
18.8294 17.6620 16.4462 15.4925 17.5538 18.4565 18.3712 18.3558 18.3558 18.3558 18.3558 18.3558 18.3558 16.7246 15.6789 15.6789 15.6789 15.6789 15.6789 15.6789 15.6789 15.6789 15.6981 16.6294 16.6604 16.6604 16.6604 16.6604 16.6604 17.0708 17.9421 18.7738 19.5434 18.4959 15.6181 15.5376 15.2900 14.7928 13.3592 12.7690 12.7690 12.6934 11.6815 10.3497 10.3497 10.3497 10.3497 10.3497 10.3497 10.3497 10.3497 10.3497 10.3497 10.3497 10.2498 10.1993 10.1993 10.1676 10.0893 10.1446 9.15143 8.76594 8.48207 7.84177 7.84177 7.84177 7.84177
16.2780 15.9387 15.2329 15.2329 16.5230 18.4566 18.4079 18.3558 18.3558 18.3558 18.3558 18.3558 18.3558 17.3279 15.6789 15.6789 15.6789 15.6789 15.6789 15.6789 15.6789 15.6789 15.6789 16.4345 16.6604 16.8843 17.6848 18.4767 19.2672 19.6476 19.5674 19.5262 19.5262 19.4383 15.8073 15.5001 15.4444 14.7947 13.9090 12.7690 12.7690 12.7299 12.2329 10.3497 10.3497 10.3497 10.3497 10.3497 10.3497 10.3497 10.3497 10.3497 10.3497 10.3497 10.2899 10.0710 9.84532 9.61983 9.39892 9.85205 9.09882 8.87767 8.65706 8.03293 7.95432 7.78042 7.56106
16.2751 16.2068 15.2476 15.2329 15.5459 18.4034 18.4441 18.3564 18.3558 18.3558 18.3558 18.3558 18.3558 17.9310 15.6125 15.4302 15.2599 15.1025 15.2035 15.6789 15.6789 15.7551 16.4525 17.7975 18.9690 19.5365 19.5263 19.5262 19.5262 19.5262 19.5273 19.5613 19.6107 19.6601 17.3499 15.7323 15.7818 14.9089 14.4495 12.7003 12.6898 12.6765 12.5441 10.3983 10.2413 10.2340 10.2268 10.2194 10.2132 10.2111 10.2095 10.1154 9.89588 9.67594 9.43898 9.21437 9.21995 9.22565 9.23134 9.51661 9.08439 8.47819 8.18495 7.55671 7.12291 7.07706 7.07706
16.2751 16.2751 15.5217 15.2329 15.2649 17.6540 18.4566 18.3807 18.3199 18.0587 17.7584 17.4578 17.1790 16.9111 15.0813 15.0185 15.0498 15.0672 15.6286 17.4959 18.3777 19.1710 19.3449 19.6966 20.3032 20.3176 20.3673 20.4165 20.4654 20.5150 20.5632 20.5782 20.5782 20.5782 19.6650 16.5298 16.5049 15.2195 14.4667 12.7668 12.4684 12.4487 12.3473 10.8276 10.2275 10.2331 10.2388 10.1785 9.97023 9.75237 9.53414 9.40836 9.40769 9.40769 9.36942 9.11531 8.96108 8.83023 8.69945 8.60734 8.56508 7.74697 7.67676 7.42615 7.09144 7.12154 7.15168
15.9175 15.8778 15.3686 14.5432 14.3580 15.4619 16.8082 16.5276 16.2698 16.2053 16.1834 16.1796 16.1457 16.1054 15.9850 16.4775 17.1414 17.8212 18.0388 19.3141 19.7533 19.7628 19.8288 19.9429 20.6576 20.4735 20.4486 20.4239 20.3990 20.3743 20.3494 20.3248 20.2999 20.2752 20.2402 16.7710 16.2219 15.3977 14.2332 13.0765 12.3213 12.3213 12.2764 11.2497 10.0019 9.78352 9.56928 9.47385 9.53696 9.55492 9.50119 9.41378 8.96608 8.83499 8.74240 8.65283 8.59609 8.62495 8.65505 8.68520 8.98841 7.94133 7.87687 7.78318 7.31002 7.31002 7.31002
15.4031 15.3594 15.0643 13.6851 13.6851 14.0262 16.2352 16.2294 16.1159 16.0899 16.2799 16.9691 17.7212 18.4782 18.6454 18.4155 18.4757 18.5359 18.5962 19.4537 20.6007 20.6665 20.6758 20.6758 20.5607 20.2480 20.2480 20.2480 20.2480 20.2480 20.2480 20.2480 20.2480 20.2480 20.2480 18.2063 16.2219 15.8344 14.2332 13.5909 12.1041 11.8800 11.6579 10.9950 9.60515 9.55114 9.49594 9.39985 9.29184 9.28105 9.36891 9.45722 9.20812 9.23211 9.33848 9.25006 8.82013 8.82136 8.82136 8.82136 9.01163 8.42057 7.93855 7.90286 7.34595 7.31002 7.31002
15.3773 15.4044 15.5795 14.5881 14.7341 15.3084 16.5033 16.7629 17.6094 18.7813 19.3085 19.3393 19.3393 19.3393 19.1943 18.7768 18.7768 18.7768 18.7768 19.0598 20.6758 20.6758 20.6758 20.6758 20.6757 20.2726 20.2480 20.2480 20.2480 20.2480 20.2480 20.2480 20.2480 20.2480 20.2381 19.5027 15.7654 15.2535 13.2752 12.9062 11.5744 11.5634 11.6605 11.2169 9.54956 9.58144 9.67007 9.75845 9.84597 9.87814 9.87814 9.87814 9.70480 9.52487 9.52487 9.49214 8.83811 8.82136 8.82136 8.82136 8.84861 8.90442 7.95447 7.90846 7.48023 7.30371 7.22143
16.6998 17.0585 17.2689 16.4232 15.7580 15.9123 16.7485 17.0508 17.7204 19.3393 19.3393 19.3393 19.3393 19.3393 19.3130 18.7847 18.7768 18.7768 18.7768 18.7788 20.3903 20.6758 20.6758 20.6758 20.6825 20.4052 20.2480 20.2480 20.2466 20.1272 19.9440 19.7747 19.5478 19.2883 19.0615 18.9482 15.7154 14.5362 13.3547 12.9771 12.3608 12.2394 12.2483 11.9241 10.2815 9.87814 9.87814 9.87814 9.87814 9.87814 9.87814 9.87814 9.80425 9.52487 9.52487 9.52487 8.99860 8.82517 9.05786 9.39999 9.11908 9.16724 7.95117 7.71855 7.32639 6.91899 6.89719
17.3485 17.4151 17.4818 17.1228 15.8983 15.8985 16.5287 17.0482 17.0895 19.1367 19.3393 19.3393 19.3393 19.3393 19.3393 18.8851 18.7768 18.7768 18.7768 18.7768 19.7639 20.6758 20.6758 20.5844 20.3832 20.0812 19.6489 19.5016 19.3263 19.1737 19.0819 18.9906 18.9645 18.9853 18.9971 18.9971 17.3111 14.5681 13.7151 12.9771 12.6230 12.2483 12.2483 12.1572 10.6710 9.87814 9.87814 9.87814 9.87814 9.87814 9.87814 9.87814 9.87377 9.59785 9.85951 10.1630 10.1493 10.0998 10.0775 9.89378 9.19894 8.24988 7.93751 7.50340 7.34692 6.89689 6.89680
17.5130 17.5130 17.5130 17.4920 16.0216 15.8983 16.3151 16.9399 17.0508 18.3412 19.3393 19.3393 19.3393 19.3393 19.3393 19.0118 18.7768 18.8057 18.9412 19.0864 19.4726 19.8920 19.7403 19.6577 19.6061 19.4026 19.1231 19.0390 18.9861 18.9970 18.9971 18.9971 18.9971 18.9971 18.9971 18.9971 18.6850 14.7347 14.0602 13.0511 12.9431 12.3653 12.3931 12.4207 11.4019 10.1059 10.1336 10.1613 10.1890 10.3163 10.5867 10.8397 11.0758 11.2402 11.2258 11.1269 10.9115 10.3455 10.3673 10.4524 10.4562 9.40778 9.73959 8.51507 8.39706 7.36186 7.53460
17.5130 17.5130 17.5130 17.5130 16.4931 15.8983 16.1568 16.7762 17.0508 17.5075 19.3393 19.3449 19.4522 19.5975 19.7427 19.6869 19.4633 19.5582 19.5456 19.5051 19.3845 19.2290 18.9955 18.7588 18.5733 18.5496 18.6973 18.7474 18.7252 18.7032 18.6812 18.6589 18.6370 18.6149 18.5928 18.5707 18.5488 15.5006 14.0703 13.8267 13.8913 13.1576 13.1281 13.1865 12.8042 11.1470 11.3942 11.6431 11.8754 12.0297 12.0190 11.9117 11.8033 11.6910 11.6152 11.6152 11.6112 11.0870 11.0800 11.1241 11.1680 10.4075 10.6598 9.49748 8.97120 7.86775 7.76828
17.5749 17.5965 17.6179 17.6392 17.1335 16.0676 16.2513 17.0322 17.6359 17.8042 19.8806 20.4196 20.4790 20.5002 20.5134 20.2642 18.9313 18.7645 18.5499 18.3538 18.2391 18.2543 18.2742 18.2742 18.2742 18.2801 18.4186 18.6351 18.7054 18.7756 18.8457 18.9160 18.9861 19.0564 19.1264 19.1969 19.2669 17.8519 14.9782 14.7837 14.7636 14.2176 13.9792 14.0855 14.0731 12.4925 12.1841 12.0319 11.8744 11.7170 11.6201 11.6184 11.6300 11.6701 11.7156 11.7596 11.8036 11.4571 11.2543 11.2548 11.3115 11.0110 10.7308 10.4318 9.48782 8.76973 8.38478
17.8958 17.7558 17.5874 17.4188 17.2064 17.0287 17.1168 17.7022 18.1730 18.2660 19.2730 20.3817 20.2795 20.1394 19.9370 19.8077 18.4010 18.2226 18.2249 18.2273 18.2296 18.2544 18.2948 18.2972 18.2995 18.3655 19.2442 19.4632 19.4672 19.4672 19.4672 19.4672 19.4672 19.4672 19.4672 19.4672 19.4672 19.3015 15.2615 14.8508 14.7772 14.7912 14.1814 14.0374 13.9142 12.4490 11.6235 11.6337 11.6757 11.7201 11.7649 11.8088 11.8539 11.9248 12.0029 12.0850 12.1709 12.0529 11.8454 11.9382 11.9748 11.9111 11.0821 11.4341 9.83660 9.35457 8.46284
17.0200 16.9916 17.0170 17.0606 17.1042 17.2647 17.4110 17.8089 17.9727 17.8288 18.0649 19.8423 19.7465 19.6742 19.6730 19.6730 18.6942 18.2424 18.2424 18.2424 18.2424 18.2472 18.3022 18.3029 18.3029 18.3029 19.0679 19.4054 19.4672 19.4672 19.4672 19.4672 19.4672 19.4672 19.4672 19.4672 19.4672 19.4675 16.7035 14.8832 14.5828 14.7211 13.9695 14.2472 14.5185 13.5538 11.9306 12.0375 12.1214 12.2093 12.3017 12.3990 12.4807 12.4877 12.4877 12.4877 12.4877 12.4248 11.9757 11.9748 11.9748 11.9748 11.2745 11.5924 10.0874 9.68764 8.40352
17.4327 17.5370 17.6229 17.6907 17.7587 17.8503 17.9291 18.0136 18.0786 17.8354 17.8364 19.1988 19.6730 19.6730 19.6730 19.6730 19.0148 18.2424 18.2424 18.2424 18.2424 18.2424 18.2888 18.3029 18.3029 18.3029 18.8438 19.3312 19.4672 19.4672 19.4672 19.4672 19.4806 19.5099 19.5241 19.0274 18.2807 17.6454 16.8524 15.6153 15.7033 16.1525 16.0398 16.1566 16.3574 15.8128 12.4902 12.4877 12.4877 12.4877 12.4877 12.4877 12.4877 12.4877 12.4877 12.4877 12.4877 12.4877 12.0502 11.9748 11.9709 11.8293 11.2939 10.9792 10.2440 9.51566 8.48422
17.7922 17.7991 17.8019 17.8101 17.8184 17.8404 17.9535 17.9853 18.1360 17.8844 17.8364 18.5296 19.6730 19.6730 19.6730 19.6730 19.3352 18.2424 18.2424 18.2424 18.2424 18.2424 18.2706 18.3029 18.3029 18.3029 18.6283 19.2955 19.5323 19.5630 19.5923 19.2738 18.6155 18.1304 17.6646 17.7092 18.0030 18.1863 18.2018 16.8270 16.2975 16.2968 16.4442 16.4491 16.4491 16.4361 12.9682 12.4877 12.4877 12.4877 12.4877 12.4877 12.4877 12.4877 12.4877 12.4877 12.4471 12.2198 11.7133 11.3341 11.1262 10.9957 10.8650 10.3530 10.3646 9.49519 8.72786
17.8154 17.8238 17.8294 17.8295 17.8295 17.8295 17.9293 17.9549 18.1216 17.9817 17.8364 17.9329 19.6006 19.6730 19.6730 19.6730 19.6240 18.2743 18.2424 18.2424 18.2118 17.9963 17.8129 18.3932 18.4225 18.4518 18.5659 19.1827 18.9020 18.6058 18.1245 17.9909 18.1846 18.1889 18.1889 18.1889 18.1889 18.1889 18.1889 17.4662 16.3661 16.2873 16.4038 16.4491 16.4491 16.4254 13.9944 12.3870 12.3485 12.3100 12.2713 12.2329 12.0832 11.7942 11.5056 11.2165 10.9671 10.8413 10.6354 10.4040 10.3283 10.3123 10.3192 9.88436 10.2006 9.60685 8.90201
17.8295 17.8295 17.8295 17.8295 17.8295 17.8295 17.8914 17.9540 18.0778 18.0788 17.8364 17.8364 19.0281 19.6730 19.6713 19.5216 19.2754 17.9014 17.3518 17.1056 16.8898 16.8589 16.8401 18.0354 17.4595 16.5447 15.6305 15.7364 16.8536 18.0635 18.0449 18.0262 18.0078 17.9892 17.9705 17.9521 17.9334 17.9148 17.8963 17.6803 15.7129 15.2417 15.3408 15.5356 15.4791 15.4149 14.1522 11.6750 11.5296 11.3257 11.1215 10.9176 10.8249 10.8201 10.7638 10.7077 10.6524 10.6606 10.6924 10.4983 10.5185 10.6511 10.7953 10.6988 10.4610 9.95972 9.37645
17.8295 17.8295 17.8295 17.8226 17.7713 17.7129 17.6776 17.7198 17.7400 17.7182 17.1638 16.8179 17.0349 18.0439 17.7406 17.5854 17.5263 16.9376 16.4339 16.2798 15.6177 14.7034 13.8076 14.0030 14.5858 14.5858 14.5858 15.1615 15.8351 17.7880 17.7883 17.7533 17.7036 17.6538 17.6041 17.5543 17.5046 17.4547 17.4052 17.3906 15.4857 14.4112 14.3773 14.7696 14.5194 14.2685 13.8954 11.2947 11.1055 11.0681 10.9665 10.8639 10.7613 10.7094 10.7094 10.7531 10.9188 11.0920 11.2648 11.1777 11.2184 11.2300 11.2300 11.1677 10.4669 9.95212 9.32897
16.9206 16.8612 16.8027 16.7424 16.5418 16.2751 16.0086 15.8978 15.7082 15.6753 15.5040 15.3668 15.3912 16.9486 17.0006 16.8795 16.4155 15.2748 13.9632 13.1238 12.7893 12.7075 12.6253 12.9723 14.0757 13.9939 13.9119 14.2727 14.9645 16.7757 17.1388 17.1241 17.1241 17.1241 17.1241 17.1241 17.1241 17.1241 17.1241 17.0778 16.0960 14.3119 14.3342 13.9352 13.7214 13.6953 13.5961 11.6707 10.7757 10.7105 10.7683 10.9384 11.1116 11.2846 11.4574 11.5868 11.5940 11.5940 11.5940 11.2108 10.6937 10.5804 10.4672 10.3698 9.90736 9.43233 8.92751
16.1501 15.8836 15.6167 15.3585 15.2846 15.2846 15.2475 15.2201 15.0712 15.0529 14.7688 14.4996 14.2428 14.5637 14.2326 13.3760 12.8611 12.6912 11.9735 11.9703 11.9703 11.9703 11.9703 12.0064 13.4936 13.5846 13.5846 13.7557 14.8516 15.9847 17.1241 17.1241 17.1241 17.1241 17.1227 17.0531 16.9530 16.8612 16.7768 16.7315 16.5671 14.4207 14.2406 13.9318 13.4061 13.2371 12.9864 11.9903 11.3043 11.4770 11.5913 11.5940 11.5940 11.5940 11.5940 11.5940 11.5940 11.5940 11.5940 11.3211 10.3571 10.3571 10.3571 10.3571 10.1146 9.53826 9.10818
14.4594 14.3095 14.1595 13.9781 13.6388 13.2774 12.9532 12.7913 12.7966 13.2116 13.2204 13.0530 12.8622 12.8211 12.7140 12.7140 12.7140 12.7140 12.0501 11.9703 11.9703 11.9703 11.9703 11.9703 13.0469 13.5846 13.5846 13.5851 14.7155 15.2568 17.1157 17.0291 16.9310 16.8410 16.7592 16.7335 16.7420 16.7409 16.5958 16.3949 16.0970 14.1698 13.3760 13.1036 12.2778 12.0919 12.0895 11.8585 11.5926 11.5940 11.5940 11.5940 11.5940 11.5940 11.5940 11.5940 11.5940 11.5940 11.5940 11.5858 10.4476 10.3571 10.3571 10.3525 10.1652 9.53716 9.10309
13.2313 13.0200 12.8088 12.6289 12.6070 12.4934 12.2369 11.9856 11.9242 12.2662 12.7461 12.8042 12.8471 12.8470 12.7365 12.7140 12.7140 12.7140 12.2164 11.9703 11.9703 11.9703 11.9703 11.9703 12.5631 13.5846 13.5953 13.6441 14.4420 14.8343 16.4752 16.7498 16.7596 16.7695 16.6586 16.3711 15.9104 15.4558 15.1583 14.9094 14.7443 13.8546 12.7188 12.7188 12.3054 12.0895 12.0895 11.9846 11.5805 11.5940 11.5940 11.5940 11.5940 11.5940 11.5940 11.5940 11.5940 11.5940 11.5940 11.5515 10.5097 9.93611 9.73498 9.53548 9.43962 9.37586 8.92926
12.6070 12.5632 12.3287 12.0717 11.8149 11.6715 11.6711 11.6711 11.8062 12.0520 12.7461 12.7717 12.8471 12.8471 12.7850 12.7140 12.7140 12.7140 12.3829 11.9703 11.9703 11.9703 11.9767 12.1455 12.4757 13.5867 13.5391 13.4498 13.8525 14.5243 15.6034 16.1919 15.7255 15.2598 14.9186 14.7463 14.7406 14.7406 14.7406 14.7406 14.7406 14.4354 12.7419 12.7188 12.5164 12.0895 12.0895 12.0834 11.5961 11.5940 11.5940 11.5940 11.5906 11.5795 11.5681 11.4427 11.1903 10.9376 10.6852 10.4735 9.97100 9.31607 9.26486 9.21559 9.17295 9.12223 9.34723
