OMI_NO2_yc_0.0167deg/OMI_NO2_yc_0.0167deg/OMI_NO2_200701.asc
ncols      200
nrows      200
xllcorner       110.913
yllcorner       33.7933
cellsize     0.0166667
NODATA_Value      -999.000
[rows 29 to 57 of 158, columns 0 to 66 of 200]
4.55566 4.61696 5.60174 5.67521 5.49728 5.56285 5.48474 5.49461 5.43915 5.36361 5.34630 5.44193 5.78131 5.87778 6.05132 6.27616 6.83224 6.90598 6.88665 7.11676 7.40094 8.88492 8.93694 8.94057 8.99063 9.50457 9.84724 9.81107 9.88682 10.5497 10.5410 10.5690 12.4288 15.1559 15.8522 15.9217 15.9895 16.2161 16.9626 17.5577 19.1748 19.9669 20.8205 21.6579 21.6579 21.6372 21.5978 21.5978 20.8074 18.9382 18.9382 18.8970 19.2913 20.3099 20.2654 20.1171 20.1662 18.5662 18.0088 17.1417 12.1299 10.7683 9.66236 9.30381 9.33112 8.89031 8.88200
4.82704 4.88626 5.38569 5.81282 5.41290 5.39495 5.29549 5.24906 5.26317 5.24768 5.33296 5.63318 6.05062 6.08109 6.13088 6.27026 6.57728 6.82032 6.81954 6.96810 7.23837 8.37238 8.80017 8.76633 8.80590 9.09064 9.74212 9.71357 9.69521 10.6536 10.9203 10.9482 11.8320 14.9431 16.0319 16.0319 16.0319 16.1499 16.5937 17.5563 18.5910 19.9740 20.4014 21.7171 21.7436 21.7795 21.7899 21.8548 21.8104 19.3235 19.2815 19.3157 19.4192 20.8026 20.9207 21.0078 21.4217 20.2798 19.1056 17.8672 13.8500 10.9603 10.2972 9.44030 9.44113 9.09985 8.70546
4.61961 4.78040 4.98114 5.87958 5.41130 5.48570 5.51188 5.46038 5.47641 5.36677 5.33181 5.53490 5.82990 6.00865 6.03539 6.20515 6.36554 6.76135 6.72559 6.72624 7.04931 7.75762 8.56440 8.53402 8.55759 8.63552 9.62794 9.64406 9.64472 10.3565 11.0059 11.0398 11.1809 14.4976 16.2255 16.2595 16.2934 16.3646 16.7024 17.7939 18.4324 20.4518 20.5335 22.1458 22.2703 22.2973 22.2545 22.2380 22.2420 20.4233 20.0257 20.4107 20.7201 22.5338 23.1225 23.1018 23.0997 22.0578 19.6190 18.5089 16.0433 10.9447 10.7432 9.42219 9.50459 9.43335 9.21971
4.56762 4.92827 5.02756 6.14583 5.81443 5.67618 5.66557 5.48968 5.44434 5.35366 5.27543 5.41944 5.63567 5.97900 6.00618 6.12914 6.15811 6.44820 6.41860 6.36390 6.88960 7.40553 8.68726 8.72123 8.77976 8.87417 9.73943 10.0167 10.0500 10.3466 11.3650 11.3743 11.3934 13.6607 16.4994 16.6319 16.6718 16.7118 16.9924 17.7269 18.2051 20.4810 20.7453 22.1731 23.0165 23.4203 23.8391 24.2464 24.6864 23.6927 22.1852 22.2846 22.3020 23.3926 24.0530 23.9338 23.7971 23.4604 20.2723 19.1180 17.8212 10.6613 10.3239 10.1728 10.2202 10.1737 9.71615
4.90816 5.18324 5.21356 5.95078 6.00633 5.71186 5.69312 5.52490 5.41993 5.33202 5.16802 5.23056 5.36579 5.73665 5.73860 5.76212 5.80946 6.01830 6.14759 6.14759 6.81892 7.33132 8.81750 8.90118 8.91051 9.00782 9.57035 10.1248 10.1176 10.0969 11.2094 11.2965 11.2395 12.5402 15.8648 16.3643 16.3284 16.3461 16.5973 17.1262 18.0705 21.0988 23.3947 24.3475 25.4403 25.5204 25.5752 25.5834 25.6448 25.2918 22.9426 22.9759 22.8952 23.1092 23.7681 23.5935 23.2125 23.0706 20.2693 18.9455 17.9889 11.8775 10.0005 9.84734 9.68787 9.49874 8.86150
4.93876 5.12416 5.07171 5.45554 5.87399 5.44920 5.43902 5.34421 5.23465 5.20135 5.02619 5.05339 5.26473 5.55301 5.72279 5.86350 6.42760 6.57554 6.84307 6.89097 7.30684 8.08427 8.96747 9.26340 9.24503 9.26814 9.49742 10.2438 10.2363 10.2666 11.4498 12.0276 12.1680 12.6747 16.3202 17.3777 17.5017 17.6139 17.7656 18.0507 19.2315 20.9426 23.8481 24.2849 25.8514 25.9668 26.0466 25.8384 25.6304 25.5276 23.0077 22.4989 22.3311 22.0471 22.6288 22.2912 21.6162 21.2568 19.1018 16.8583 15.3049 11.8686 8.05047 8.04458 8.07194 8.05318 7.72805
4.89409 4.98460 5.00363 5.11743 5.98434 5.51533 5.47963 5.40855 5.26696 5.22261 5.07315 5.01843 5.21670 5.37488 5.68010 5.76645 7.06902 7.10597 7.56051 7.56415 7.65621 8.60957 8.99991 9.42730 9.42730 9.46620 9.63395 10.6456 10.8028 10.9028 11.7332 12.7635 12.7935 12.8570 15.8424 17.6797 17.7415 17.7643 17.8054 18.1485 19.0202 20.2300 23.7298 24.2885 25.4659 25.4412 25.1696 24.2144 23.2305 22.9266 21.0161 19.5092 19.3367 19.2179 19.9552 19.9901 19.7400 19.6200 18.7224 16.2290 14.9289 13.3526 7.79012 7.76792 7.78393 7.76932 7.70283
4.90614 4.92286 5.07969 4.99277 5.88852 5.64249 5.46597 5.42413 5.23683 5.16535 5.06183 4.96177 5.11644 5.21915 5.64416 5.66689 6.87899 7.08679 7.48491 7.59352 7.60062 8.47965 8.84951 9.48978 9.50380 9.55756 10.1527 10.8531 11.2068 11.2704 11.6554 13.0426 13.1704 13.1930 14.9699 17.7213 17.9747 18.1480 18.3214 18.7809 19.4006 20.3614 23.9981 24.9850 24.0180 23.4729 23.4729 23.2316 22.1406 22.1406 21.3431 19.3306 19.3306 19.2912 19.7517 19.9900 19.8176 19.5642 19.0576 16.5976 15.0762 14.3687 7.95716 7.62808 7.75182 7.88131 7.90468
4.99746 5.02025 5.14278 5.04083 5.74072 5.91082 5.59817 5.61606 5.42156 5.36187 5.31536 5.16788 5.22438 5.28155 5.59416 5.75048 6.67963 7.19276 7.46269 7.72202 7.73507 8.35373 8.80673 9.54417 9.63264 9.70034 10.2689 11.0067 11.8024 11.9426 12.2517 13.5961 14.2359 14.4084 15.2540 18.4628 18.8198 18.8198 18.8198 19.0083 19.3203 20.3138 22.9377 24.9190 24.4243 23.4729 23.4651 23.4429 22.2622 22.0760 21.9655 19.2389 19.0698 19.0165 19.2054 19.5277 19.4299 19.0563 18.9291 16.7427 14.9412 14.0658 9.45666 7.77796 7.81429 7.83620 7.81602
5.31026 5.31026 5.37927 5.22016 5.65146 6.24454 5.72042 5.73190 5.57176 5.47297 5.45464 5.27975 5.29928 5.38451 5.56602 5.86025 6.48163 7.29838 7.43898 7.87974 7.95469 8.39797 9.20363 9.87492 10.2120 10.2898 10.5976 11.2177 12.5051 12.5095 12.5531 13.5417 14.5020 14.4966 14.5323 17.9001 18.7307 18.7052 18.6774 18.7407 19.0207 19.8553 21.8587 24.4369 24.6178 23.2316 23.2253 23.2311 22.4832 21.9056 21.9056 19.7080 18.8483 18.9227 19.1344 19.7039 19.7896 19.5793 19.5718 17.7668 14.9612 13.3888 10.7125 8.12208 8.18475 8.31179 8.38674
5.31026 5.31026 5.33632 5.26779 5.33368 6.27915 5.86862 5.78259 5.64999 5.49634 5.48449 5.43807 5.47613 5.57560 5.64428 6.09604 6.47285 7.60944 7.67483 8.32642 8.49226 8.61798 9.57449 9.90433 10.3099 10.2820 10.3235 10.8613 12.1170 12.2743 12.2466 12.7592 14.1445 14.1612 14.1669 16.5677 18.4210 18.4937 18.4992 18.5138 18.8585 19.4283 20.9425 24.1092 24.7696 23.4203 22.9728 22.8624 22.3847 21.2469 21.0966 19.6312 17.6684 17.4508 17.2631 17.3807 17.1172 16.6229 16.2555 15.2100 12.8313 10.9877 10.5625 9.28459 9.33946 9.17329 9.06837
5.24278 5.18511 5.12487 5.11982 5.00574 5.96083 5.81520 5.60112 5.52931 5.34645 5.34778 5.45363 5.72936 5.90768 6.05610 6.29123 6.40111 7.78211 7.80593 8.17667 8.48116 8.47501 9.14853 9.43438 10.0630 10.0630 10.0630 10.5728 11.6352 12.2702 12.3243 12.7169 14.0295 14.6641 14.9174 16.2848 19.1620 19.5292 19.7361 19.9549 20.5434 21.4257 22.8180 22.4699 22.8526 21.9402 21.2431 21.2659 21.2939 20.1520 20.1403 19.7806 17.2021 17.2744 17.3340 17.4722 17.5608 17.5780 17.5617 17.1044 15.3759 13.4685 13.0323 11.7571 11.5000 11.2370 10.8677
4.88344 4.88117 4.88117 4.94040 4.80070 5.51273 5.82866 5.66874 5.82993 5.74074 5.89443 6.08469 6.36102 6.35656 6.35214 6.33755 6.31839 7.48581 7.77722 7.95934 8.47085 8.56809 9.14512 9.59816 11.0209 11.4195 11.6837 12.2496 13.2896 14.4765 14.6870 15.3679 17.0004 17.9541 18.0489 18.5715 22.2101 22.8501 23.1312 23.4277 23.8490 24.3305 24.9419 23.8827 23.6172 23.2733 22.1111 22.1198 22.1232 21.3153 20.8892 20.9609 18.3839 18.0119 18.0847 18.1648 18.0820 18.0832 18.0326 17.7783 16.2244 13.9175 13.1268 12.4040 11.8626 11.8177 11.2609
4.77017 4.92140 5.18145 5.49288 5.39641 5.99749 6.78736 6.31380 6.29482 6.10841 6.10292 6.16750 6.45288 6.54894 6.59520 6.66129 6.70550 7.67319 8.36595 8.46789 9.37953 9.47299 9.73834 10.2850 12.2025 13.0409 13.0409 13.1477 13.8034 15.3320 15.5694 16.0629 17.8477 19.3624 19.5554 19.6218 22.5828 23.7723 23.9578 24.0571 24.1359 24.3888 24.8780 24.3530 23.8284 24.2470 23.0996 23.3883 23.7149 22.9802 21.1493 21.1485 19.3797 18.0539 18.0531 18.1477 17.9977 17.9898 17.9291 17.8998 16.6152 14.5264 13.0936 12.6481 11.9590 11.8379 11.3506
6.10056 6.24133 6.27314 6.28147 5.89979 5.92278 7.39014 7.02145 6.94982 6.85266 6.73419 6.76061 6.93234 7.06379 7.01410 7.01286 6.99064 7.56423 8.50187 8.51977 9.17791 9.51943 9.60117 10.3677 11.6105 13.1657 13.1866 13.2129 14.8497 16.3631 16.7007 16.8104 18.5045 19.8974 20.3524 20.4472 22.1171 23.9125 24.4548 24.8649 25.2752 25.8235 26.6774 26.8853 25.7379 26.1289 24.5067 23.8747 23.8747 23.7260 21.1892 21.1192 20.2308 18.0260 18.0260 18.1075 18.0483 17.9758 17.9399 17.9229 16.9923 15.5485 13.4344 13.1729 12.4912 12.4055 12.2421
6.28089 6.28037 6.25956 6.22884 6.01018 5.80656 7.29963 7.26159 6.94020 6.83880 6.62892 6.61655 6.67791 6.83935 7.15728 7.28144 7.28548 7.54937 8.81972 8.83036 9.18981 9.75695 9.76349 10.4227 11.1988 13.5006 13.5242 13.6197 14.7691 16.5624 17.5010 17.6537 19.0277 20.6081 21.9702 22.3797 23.5199 26.4118 26.7681 26.7708 26.7708 26.8695 27.2283 27.4964 26.0115 26.1810 25.1837 23.8747 23.8747 23.8747 21.8861 21.1213 21.0399 18.2529 18.2299 18.3191 18.5487 18.4259 18.4887 18.5157 17.8436 16.6836 14.1594 13.7127 12.8886 12.8054 12.7269
5.86809 5.84506 5.83732 5.83732 5.81538 5.61999 6.62024 7.15447 6.73697 6.72280 6.49142 6.47710 6.48468 6.70466 7.02311 7.27890 7.26393 7.24503 8.64910 8.73559 8.85585 9.67165 9.76087 10.3444 10.9464 13.7795 14.0909 14.1618 14.6784 16.8752 18.7554 18.8539 19.7556 21.1547 23.2142 23.2142 23.2610 26.2267 26.7260 26.8580 26.9129 27.0257 27.2846 27.4721 26.4262 26.1435 25.9640 24.0914 24.1672 24.2427 23.1755 21.6366 21.6798 19.5102 18.6546 18.6792 19.0090 18.8529 18.9644 19.0193 18.7425 17.7981 14.8942 13.9323 13.2141 12.9820 13.0103
5.83664 5.83732 5.80041 5.72070 5.65609 5.43445 5.91156 6.82478 6.56711 6.50671 6.27935 6.21018 6.37773 6.60138 6.88720 7.31086 7.33064 7.32665 8.46853 8.86324 8.87330 9.61501 10.2490 10.5097 11.1069 13.3907 14.3688 14.4287 14.5089 16.5207 19.0636 19.2297 19.7441 21.1891 23.3592 23.7530 23.8080 26.0260 27.2960 27.5499 27.6160 27.6999 27.8899 27.8522 27.2507 26.5002 26.8369 24.5876 24.4356 24.4581 24.3199 22.0963 22.3084 21.2237 19.7231 19.9188 20.2467 20.1508 20.1903 20.2457 20.2500 19.0406 17.2495 15.3335 14.2038 13.4524 13.4779
5.19044 5.25750 5.17409 5.12535 5.06173 4.97903 5.04117 6.42165 6.34757 6.29047 6.14552 6.04155 6.15482 6.50998 6.87557 7.48547 7.60359 7.46840 7.98813 8.72330 8.80479 9.35799 10.3060 10.5886 11.6917 13.3199 15.0514 15.0514 15.0514 16.3305 18.9022 19.6565 19.8114 21.6274 23.0992 24.2322 24.3090 25.6172 27.5635 27.8186 27.7817 27.7431 27.8349 27.7433 27.7174 27.6451 28.0769 26.8801 26.2685 26.4682 26.5224 24.3216 23.7777 23.3458 20.7615 20.7662 20.8815 20.8300 20.5318 20.5109 20.5140 19.5343 18.6575 15.8915 15.0909 13.6941 13.4823
4.43165 4.81490 4.78316 4.75172 4.73491 4.80362 4.91724 6.25137 6.51056 6.50591 6.54947 6.51555 6.69216 7.06926 7.64866 8.19209 8.28242 8.07053 7.75846 8.86745 8.97982 9.24930 10.2280 10.6347 11.6625 12.6988 15.3001 15.3721 15.4439 16.1442 18.7706 20.1777 20.1659 21.5610 22.4940 24.2838 24.2656 24.6643 27.5642 28.0262 28.2838 28.4647 28.7588 28.9864 29.0672 29.1858 29.1872 28.1471 26.5693 26.5712 26.5723 25.2113 23.8458 23.9174 21.3290 20.9104 20.8479 20.6463 20.1911 20.0319 20.0857 19.4295 18.9338 16.3240 15.9153 13.0764 12.9916
3.95491 4.70931 4.70722 4.70513 4.78149 5.03784 5.50580 6.47744 7.14462 7.10877 7.05341 6.91607 6.93053 7.12935 7.66083 8.05659 8.27076 8.26020 7.62910 9.72482 9.85637 9.97500 11.0929 11.8097 12.5403 13.1626 15.9088 16.0940 16.0940 16.1647 18.5162 20.6585 20.7754 21.9039 22.8383 25.1033 25.4585 25.6598 28.2888 29.0742 29.3367 29.4132 29.5191 29.5877 29.5191 29.5141 29.5301 29.1537 27.0072 27.1698 27.1727 26.8157 24.6550 24.7964 23.4825 22.5849 22.7335 21.7535 21.6933 21.9077 22.1116 21.5582 20.6164 18.5037 17.2782 13.5959 12.9226
3.64385 4.77080 5.06945 5.16582 5.18984 5.14402 5.47442 5.91766 6.72459 6.63378 6.59612 6.83431 6.89340 7.05891 7.55430 8.03080 8.44513 8.48584 7.90460 9.68122 9.95631 10.0514 10.8421 11.6658 12.2468 13.0884 15.2620 16.1109 16.0988 16.0867 18.1324 21.5361 21.8679 22.4609 23.6592 25.1718 26.1067 26.2216 28.0764 29.5344 29.8090 29.9689 30.2584 30.6918 30.8798 31.1432 31.2933 31.2118 29.3990 29.2990 29.4927 29.5179 27.0627 26.7169 25.9232 23.9436 23.9436 22.7545 22.2822 22.1041 22.1826 21.9530 20.6076 19.4212 17.2364 14.6194 12.8603
3.51416 4.44707 5.10260 5.10260 5.10260 5.10260 5.43254 5.75085 6.81994 6.83995 6.85562 7.04699 7.14701 7.22536 7.58695 8.05835 8.72533 8.74788 8.51485 9.48545 10.2784 10.3842 10.8360 11.7766 12.2972 13.3724 14.7439 16.3328 16.3295 16.3342 17.6262 21.3699 22.3898 22.7768 24.4488 25.3038 27.1536 27.4298 28.5995 31.1372 31.5966 31.7869 31.7490 31.7798 31.6212 31.5242 31.4650 31.4423 30.0102 29.5227 29.5227 29.5227 27.9215 26.7169 26.6179 24.0394 23.9012 23.0820 22.2811 21.9279 21.9322 21.9349 20.4031 19.9932 17.1902 15.7063 12.9504
3.52926 4.04176 5.20984 5.21906 5.22829 5.23750 5.49957 5.96888 6.85015 7.02617 6.96382 7.07098 7.22473 7.23651 7.49520 8.01847 8.81683 8.87611 8.83757 9.06973 10.2832 10.3639 10.5406 11.6198 12.2317 13.3271 14.2780 16.7497 16.9273 17.0970 17.4444 21.6077 23.6365 23.6654 25.1582 25.4577 28.2601 28.3912 28.6344 31.2084 31.4519 31.4911 31.4497 31.5384 31.5179 31.4311 31.3969 31.3417 30.4718 29.2920 29.2033 29.1145 28.2875 26.1310 26.0422 24.1673 23.4419 23.1133 22.0296 21.5909 21.4567 21.4300 20.1666 19.5847 17.9087 17.0796 13.2521
3.54147 3.71673 5.11619 5.25414 5.25414 5.25466 5.31265 5.96129 6.60481 7.08315 7.10650 7.24201 7.55919 7.65821 7.47095 7.84125 8.59880 8.95000 9.01425 9.09961 10.6374 10.7421 10.9318 11.9775 12.8436 13.9400 14.5305 17.1895 17.3798 17.3798 17.3829 20.1512 23.6765 23.6975 24.8247 25.4473 27.5020 28.3786 28.4620 30.4115 31.3319 31.5288 31.4799 31.4595 31.3295 30.9646 30.9068 30.8042 30.4725 28.7540 28.7492 28.7492 28.6836 25.9965 25.6858 24.4571 22.8824 22.7169 21.3469 20.9701 20.8031 20.9053 20.1250 19.3157 18.2449 17.1235 13.3675
3.55404 3.71921 4.74469 5.31003 5.34880 5.42115 5.49020 6.09021 6.68656 7.53896 7.53106 7.52977 7.79988 7.82320 7.64215 7.99263 8.88381 9.38468 9.33704 9.14735 11.0680 11.1693 11.4840 12.1884 13.0986 14.1014 14.5766 16.6013 17.4828 17.4926 17.5048 19.0914 23.4084 23.9979 24.8570 26.4766 28.3020 30.6942 31.4480 32.1770 30.9392 31.0764 31.1642 31.2222 31.3565 30.9919 30.8617 30.4929 30.2519 28.4614 27.9196 27.7660 27.6230 25.7585 24.7341 24.3360 22.1852 22.1640 21.3093 20.7906 20.5929 20.5160 19.9056 18.4972 17.8631 16.2658 13.6884
3.71751 3.85235 4.52467 5.69334 5.74124 5.74888 5.75654 6.12701 6.63814 7.75869 7.83971 7.90149 8.17189 8.17996 8.01871 7.80682 8.72365 9.38110 9.34398 9.35236 11.4279 11.8292 11.9828 12.3533 13.2869 14.1488 14.6071 16.1044 18.6183 19.6666 20.7057 22.0081 27.0299 29.1387 30.2050 31.5262 31.7521 33.9163 34.0023 34.2333 31.4867 31.5338 31.5767 31.4853 31.5065 31.0343 30.6524 29.8467 29.6050 28.3430 27.3218 27.3006 27.2797 26.3109 24.4467 24.4342 22.1616 21.5980 20.9625 20.0814 19.9400 20.0101 20.0365 18.6556 18.7088 16.8694 15.3391
4.01199 4.03546 4.21872 5.72088 5.81264 5.81989 5.82713 6.34237 7.19851 7.86659 7.89137 7.65957 7.61359 7.74258 7.75200 7.43447 8.46721 9.43182 9.42752 9.35930 10.9254 11.9146 12.0177 12.3757 16.5705 18.7549 20.5793 22.1933 24.8337 24.8878 24.9002 24.9095 28.1514 30.6745 30.6974 31.8245 31.7819 33.4393 33.9188 34.0980 31.8492 31.0957 31.3218 31.3504 31.4540 31.2212 30.9945 29.9953 29.7602 28.8071 26.9667 26.5506 26.1385 25.4893 23.6902 23.3430 21.6531 20.4914 20.4776 20.5830 20.3560 20.1502 19.9622 18.6458 18.3879 16.9397 15.9093
4.30884 4.29922 4.36396 5.08423 4.98423 4.60430 4.22001 4.31564 6.21313 6.83919 7.06706 6.91944 6.91957 7.17372 7.09263 6.86054 7.56528 8.70681 9.03547 9.12640 10.4015 12.0996 12.8197 13.6991 17.9878 20.6467 21.6162 21.8333 24.7172 24.9478 25.1195 25.3407 26.8052 30.3466 30.3892 31.3351 31.7252 32.8615 34.2318 34.3640 32.8670 31.1930 31.3847 31.4351 31.2032 30.5650 29.8246 28.5849 27.7850 26.4690 24.4213 23.7605 23.5353 23.4201 22.5290 22.2167 21.4695 19.7152 19.7427 20.0267 19.9747 19.8288 19.7463 18.9926 18.5051 17.6253 16.3673
