OMI_NO2_yc_0.0167deg/OMI_NO2_yc_0.0167deg/OMI_NO2_200703.asc
ncols      200
nrows      200
xllcorner       110.913
yllcorner       33.7933
cellsize     0.0166667
NODATA_Value      -999.000
[rows 29 to 57 of 184, columns 67 to 133 of 200]
5.96547 5.48457 3.66545 3.67971 3.40336 3.37327 3.37912 3.77979 4.00524 3.93762 3.96106 4.31045 4.19635 4.09246 3.99364 3.89485 3.86332 3.90228 4.07470 4.23337 4.27643 4.07683 4.07683 4.08049 3.98500 3.62856 3.62855 3.62610 6.77537 10.2867 10.7199 11.1615 11.2298 11.2298 10.0873 9.15165 9.15165 9.19638 9.25524 9.25524 9.25518 9.03353 7.56011 7.52242 7.49329 7.47446 7.45915 7.41295 7.36578 7.31872 7.31922 7.51033 7.92747 8.62937 9.52748 11.4811 11.9234 5.52349 5.17016 5.28657 5.28657 5.28657 5.28657 5.28657 5.28657 5.28657 5.28657
5.97759 5.82025 3.51738 3.34528 3.10791 2.95595 2.92498 3.08858 3.64217 3.67542 3.67662 3.80249 3.86332 3.86913 4.00743 4.17615 4.32001 4.42201 4.43074 4.43074 4.42210 4.09302 4.07683 4.07683 4.08979 3.51738 3.35605 3.21599 5.53200 11.2298 11.2298 11.2298 11.2298 11.2298 10.8996 9.15977 9.15013 9.13949 9.19007 9.15351 9.11734 9.10143 7.76793 7.42583 7.38494 7.49794 7.70328 7.95892 8.23561 8.53546 8.82835 8.88163 8.89231 9.50920 9.74376 11.9889 12.0028 7.13562 5.10832 5.27998 5.28657 5.28657 5.28657 5.28657 5.28657 5.28657 5.28657
5.24577 5.25718 3.49112 3.02066 3.02090 2.95240 2.95392 2.97217 3.63708 3.67662 3.73735 3.95865 4.26802 4.39578 4.43074 4.43074 4.43074 4.43074 4.43074 4.43074 4.40747 4.05334 3.85639 3.76847 3.76895 3.52152 3.16854 3.16854 3.82877 11.2169 11.2298 11.2298 11.2298 11.2298 11.2298 9.46328 9.00704 8.99795 9.08788 9.05719 8.99821 8.93922 8.51605 8.47353 8.78408 8.88163 8.88163 8.88364 8.88755 8.89122 8.89516 8.89882 8.90274 9.28363 9.59325 11.4819 12.0511 8.59335 5.10087 5.24001 5.28657 5.28657 5.28657 5.28657 5.28657 5.22210 5.01208
5.39062 5.42489 4.12140 3.10104 3.09353 2.95713 2.97884 3.15501 3.75795 4.09556 4.16679 4.17973 4.43769 4.47516 4.49956 4.52373 4.54483 4.46876 4.35716 4.25866 4.18745 4.07536 3.93314 3.95253 3.97193 4.07075 3.64635 3.67848 3.71091 10.3581 11.3515 11.3566 11.3616 11.3668 11.3717 10.2658 9.02472 8.96969 8.98007 9.00715 9.01087 9.01469 9.01848 9.02227 9.02602 9.02119 9.01041 8.99745 8.98281 8.96819 8.95355 8.93889 8.92427 9.02743 9.59916 10.8496 12.2077 9.99419 4.99702 5.18515 5.28489 5.15218 4.93673 4.72127 4.57181 4.71380 5.02013
4.71677 4.67277 4.25186 3.75531 3.92513 3.98134 4.07710 4.11184 4.34378 4.72879 4.74813 4.76614 5.01645 5.11923 4.94471 4.78809 4.65135 4.60928 4.60928 4.60888 4.52697 4.35077 4.00798 3.89877 3.79654 3.83249 4.20026 4.17255 4.17255 8.93522 11.4347 11.4152 11.3400 11.2614 11.1827 10.9345 8.96669 8.91514 8.93635 8.98494 8.97028 8.95566 8.94104 8.92636 8.91180 8.90576 8.90576 8.90576 8.90576 8.90576 8.90576 8.90576 8.90576 8.90576 9.45556 10.1968 12.2762 12.0914 4.44904 4.18818 4.46225 4.65853 4.97031 5.28232 5.52822 5.54714 5.54714
4.43840 4.53986 4.58436 4.30984 4.30984 4.25441 4.19214 4.19214 4.22872 4.75245 4.64902 4.53243 4.49474 4.61144 4.58980 4.46625 4.33567 4.21366 4.09953 3.99270 3.94911 3.94897 3.72011 3.58627 3.47210 3.36735 3.84213 4.16468 4.08654 7.21550 11.1578 11.0820 11.0617 11.0449 11.0281 11.0113 9.36866 8.82539 8.83181 8.90517 8.90576 8.90576 8.90576 8.90576 8.90576 8.90576 8.90576 8.90576 8.90576 8.90576 8.90576 8.90576 8.98597 9.38263 10.1941 11.3899 16.7035 17.5235 7.27686 5.01975 5.49231 5.54714 5.54714 5.54714 5.54714 5.56459 5.72413
4.66320 4.66320 4.66299 4.34306 4.30984 4.28703 4.13531 4.04263 3.95900 4.19775 4.20148 4.10037 4.00667 4.03690 3.96081 3.94911 3.94892 3.88585 3.77180 3.65091 3.49693 3.33820 3.11929 3.05693 3.01434 2.94662 3.17143 3.75493 3.73762 5.42597 10.9998 10.9998 10.9998 10.9998 10.9998 10.9998 10.1219 8.82539 8.82539 8.88974 8.90576 8.90576 8.90576 8.90576 8.90576 8.90576 8.90576 8.90576 9.05241 9.48292 9.97720 10.5448 11.0619 11.1513 11.2929 12.8122 16.9493 18.9572 13.1345 5.72776 5.60995 5.90825 6.09861 6.28738 6.47796 6.64962 6.68022
4.66320 4.66320 4.63284 4.29054 4.10413 4.03223 3.92140 3.92470 3.93704 3.88866 3.83017 3.81123 3.69734 3.60451 3.46908 3.31037 3.15213 3.05653 3.01201 2.97429 2.95523 2.89856 2.85623 2.83167 2.80650 2.80650 2.86539 3.77910 3.73762 4.01275 10.8764 10.9998 10.9998 10.9998 10.9998 10.9998 10.8981 8.91550 8.82539 8.86789 8.90576 8.90576 8.90576 8.90692 9.13907 9.58628 10.0954 10.6810 11.0999 11.1325 11.2041 11.2766 11.3487 11.3774 11.3774 12.6143 15.4208 18.9572 15.3751 6.57945 5.69702 6.67879 6.68022 6.68022 6.68022 6.68022 6.68022
4.47630 4.38572 4.32516 4.19166 4.02117 4.00093 3.87196 3.75867 3.72177 3.68598 3.15440 2.99129 2.96989 2.96978 2.96978 2.96978 2.96672 2.92101 2.86168 2.80232 2.75754 2.75487 2.75831 2.80584 2.80650 2.80650 2.80686 3.48877 3.73762 3.73762 9.61428 10.9998 10.9998 10.9998 10.9998 10.9998 10.9998 9.49982 8.82539 8.86311 9.23271 9.69246 10.2171 10.8202 11.1070 11.1187 11.1844 11.2569 11.3295 11.3765 11.3774 11.3774 11.3774 11.3774 11.3774 11.9238 14.1114 18.9572 17.0394 7.95454 5.49172 6.52157 6.68022 6.68022 6.68022 6.68022 6.68022
4.24083 4.22058 4.20033 4.10886 3.89497 3.92836 3.84781 3.65922 3.67836 3.67910 3.17958 2.96978 2.96978 2.94336 2.88414 2.82480 2.76852 2.75487 2.75487 2.75487 2.75487 2.75487 2.75487 2.79710 2.81748 2.82693 2.83640 3.19224 3.75785 3.73762 8.07751 10.9998 10.9998 10.9998 10.9998 10.9277 10.3638 9.67740 10.2447 10.8360 11.1025 11.1102 11.1647 11.2370 11.3098 11.3707 11.3774 11.3774 11.3774 11.3774 11.3774 11.3774 11.3774 11.3774 11.3774 11.4065 13.1025 18.3800 17.7009 8.58571 5.92690 6.24980 6.65329 6.64868 6.64434 6.64023 6.63636
4.19179 4.23726 4.28918 4.33039 4.04317 4.03999 4.00935 3.68143 3.67910 3.66775 3.33439 2.84722 2.78792 2.75496 2.75487 2.75487 2.75487 2.75487 2.75487 2.75525 2.76296 2.77560 2.78851 2.82531 2.85503 2.85848 2.86190 2.93493 3.97705 3.80059 5.77417 8.54061 7.87684 7.25781 6.71826 6.27532 6.07388 5.92429 7.06116 7.12260 7.09031 6.98354 6.78574 6.54485 6.31614 6.06585 5.82517 5.56589 5.31313 5.06162 4.82059 4.56958 4.31390 4.05336 3.78309 3.51242 4.72930 7.15069 7.74696 7.74696 6.64828 6.02477 6.63452 6.63720 6.81234 7.11814 7.46548
4.20344 4.18400 4.16218 4.14046 4.08937 4.10606 4.06255 3.70634 3.56747 3.51180 3.46312 2.85010 2.83506 2.83851 2.84200 2.84544 2.85277 2.86562 2.87855 2.89111 2.89631 2.89654 2.89654 2.93646 3.05105 3.13031 3.21498 3.29480 3.82442 3.68332 3.38103 2.07183 2.07238 2.07238 2.09296 2.16325 2.23578 2.30834 2.39009 2.44663 2.53793 2.65345 2.68179 2.71019 2.73861 2.76695 2.79530 2.82369 2.85125 2.85937 2.85937 2.85937 2.85937 2.85937 2.85937 2.85937 3.35116 6.50630 7.74696 7.74696 7.42400 6.52250 7.54775 8.08963 8.73907 9.27308 9.80729
3.83522 3.83522 3.81201 3.74212 3.87037 3.93453 3.91096 3.72189 3.55006 3.55006 3.55006 3.03894 2.86358 2.87201 2.88146 2.89093 2.89651 2.90071 2.95652 3.03135 3.11114 3.19656 3.28802 3.33116 3.33239 3.29354 3.32324 3.37588 3.64096 3.55765 3.49323 2.23930 2.24308 2.34238 2.42117 2.45013 2.47694 2.50370 2.55881 2.76798 2.79751 2.85937 2.85937 2.85937 2.85937 2.85937 2.85937 2.85937 2.85937 2.85937 2.85937 2.85937 2.85937 2.85937 2.85937 2.85937 2.85937 5.39772 7.74696 7.80578 8.45465 9.25567 9.83244 10.1801 10.2368 10.2368 10.2368
3.69782 3.62664 3.57865 3.57733 3.70440 3.91096 3.91096 3.82204 3.55020 3.55750 3.56885 3.28329 2.91767 2.98961 3.06659 3.14885 3.23691 3.32542 3.34620 3.32664 3.31325 3.35772 3.40169 3.46965 3.63135 3.76678 3.79957 3.78081 3.74973 3.85750 3.84285 2.96926 2.56830 2.56830 2.56830 2.56830 2.56830 2.56830 2.56840 2.73760 2.78488 2.85181 2.85937 2.85937 2.85937 2.85937 2.85937 2.85937 2.85937 2.85937 2.85937 2.85937 2.85937 2.85937 2.85937 2.86161 2.95778 4.75526 9.67074 10.6738 10.8266 10.8266 10.6315 10.8082 11.6489 12.4937 13.3541
3.57733 3.57733 3.57733 3.57733 3.63193 3.91440 3.92528 3.89772 3.52026 3.45157 3.39757 3.39400 3.35943 3.34620 3.35229 3.43619 3.49870 3.56583 3.63500 3.72751 3.82360 3.85037 3.87629 3.87643 3.81763 3.75480 3.69988 3.67932 3.67932 3.82184 3.87038 3.26698 2.56830 2.56830 2.56830 2.56830 2.56830 2.56830 2.56830 2.65233 2.78469 2.83177 2.85937 2.85937 2.85937 2.85937 2.85937 2.85937 2.85937 2.85937 2.85937 2.85937 2.91950 3.06474 3.21064 3.35431 3.40398 3.82923 9.88294 10.8266 10.8266 10.8266 10.9842 15.1966 15.4702 15.5626 15.6389
3.54564 3.57489 3.54144 3.49879 3.45835 3.72343 3.69009 3.66503 3.44035 3.37087 3.39696 3.41126 3.77156 3.92406 4.01424 4.01980 3.93554 3.89282 3.89282 3.88860 3.84347 3.78810 3.73264 3.69337 3.69018 3.67932 3.67932 3.67932 3.67932 3.73095 3.89356 3.52762 2.56830 2.56830 2.56830 2.56830 2.56830 2.56830 2.56830 2.58861 2.78368 2.81157 2.85937 2.85937 2.85937 2.85937 2.85937 2.85937 2.88944 3.02597 3.17181 3.31773 3.40338 3.40398 3.40398 3.40398 3.40398 3.40398 7.75888 11.1998 11.8065 12.2942 12.6898 14.8564 15.6559 15.6559 15.6559
3.22729 3.33061 3.31552 3.30968 3.30383 3.54107 3.62575 3.60816 3.52803 3.43802 3.40914 3.39198 3.69122 4.01943 4.01943 4.01943 3.95260 3.80882 3.75336 3.70213 3.69182 3.69182 3.69182 3.69182 3.69182 3.68111 3.69659 3.76384 3.84219 3.93060 3.93143 3.75988 2.56830 2.56830 2.56830 2.56830 2.56830 2.56830 2.57289 2.60706 2.75605 2.79164 2.85907 2.85937 2.86967 2.98703 3.13293 3.27883 3.39467 3.40398 3.40398 3.40398 3.40398 3.40398 3.40398 3.49231 3.73701 3.93738 7.89124 12.8025 12.8120 12.8210 12.9006 14.1675 15.8640 15.9349 16.0060
3.01123 3.28597 3.28868 3.28069 3.25696 3.38800 3.50096 3.48050 3.46807 3.39169 3.39169 3.39169 3.49255 3.95616 3.90070 3.84528 3.81580 3.70180 3.69182 3.69182 3.69182 3.69182 3.69594 3.74996 3.82577 3.90271 3.96620 3.96986 3.96986 3.96817 3.95544 3.85698 2.73479 2.56830 2.57461 2.61072 2.65744 2.71441 2.77519 2.78469 2.78556 2.87346 3.08051 3.23994 3.37550 3.40398 3.40398 3.40398 3.40398 3.40398 3.40398 3.44351 3.67313 3.85835 4.00363 4.08139 4.05756 4.03002 5.49715 12.7461 13.5966 13.6821 13.6972 13.9156 16.2816 16.3197 16.3197
2.99285 3.16733 3.23570 3.22843 3.23428 3.30435 3.43280 3.42734 3.42021 3.30508 3.24088 3.18921 3.14850 3.63631 3.70914 3.70255 3.69590 3.61571 3.55616 3.57782 3.63436 3.69803 3.76509 3.77473 3.76655 3.75354 3.73448 3.72614 3.71796 3.71144 3.73361 3.76634 3.12314 2.71993 2.77823 2.78469 2.78469 2.83642 2.98050 3.12632 3.27135 3.32929 3.37020 3.40200 3.37028 3.32908 3.28788 3.25666 3.43199 3.64322 3.81317 3.93234 3.92603 3.92171 3.92171 3.92171 3.92171 3.92171 4.11785 10.8386 13.6972 13.6972 13.6972 13.6972 15.7685 16.3197 16.3348
3.20396 3.20856 3.36276 3.36276 3.36276 3.34016 3.24323 3.19685 3.15230 3.08861 3.05156 3.05156 3.05156 3.34380 3.61128 3.62258 3.68255 3.72367 3.68486 3.72654 3.72654 3.72654 3.72654 3.72654 3.72654 3.72574 3.74020 3.84341 3.96472 4.10458 4.22740 4.20326 3.60840 2.80887 2.94170 3.06007 3.12525 3.13716 3.05689 2.97490 2.89284 2.81085 2.82772 3.04739 3.20005 3.47805 3.69999 3.87625 3.92171 3.92171 3.92171 3.92171 3.92171 3.92171 3.92171 3.92171 3.92171 3.92171 3.92171 7.66443 13.6972 13.6972 13.6829 13.5628 14.9921 16.5986 16.6985
3.20396 3.15407 3.30193 3.26948 3.22327 3.19553 3.14776 3.13990 3.13990 3.11315 3.05156 3.05225 3.07027 3.23213 3.80572 3.87763 3.88481 3.88444 3.74900 3.72654 3.72654 3.72654 3.76291 3.87036 3.99435 4.13737 4.23444 4.19378 4.13912 4.08439 4.02906 3.97281 3.77264 2.76047 2.69154 2.63695 2.63563 2.63563 2.63563 2.63563 2.73948 3.06570 3.34804 3.82866 3.92171 3.92171 3.92171 3.92171 3.92171 3.92171 3.92171 3.92171 3.92171 3.92171 3.92171 3.92171 3.92171 3.92171 3.92183 5.01701 12.6774 13.2256 13.0067 12.9679 13.6353 16.7047 16.5458
3.20396 3.19602 3.15057 3.19526 3.19526 3.19526 3.15988 3.13990 3.15074 3.17695 3.16745 3.31607 3.45826 3.60771 3.88481 3.88481 3.88481 3.88481 3.84468 3.87489 3.99278 4.12888 4.22382 4.21733 4.20909 4.20091 3.99335 3.77233 3.77140 3.77048 3.77021 3.77021 3.82850 2.65035 2.63563 2.63563 2.67869 2.98423 3.27072 3.50259 3.64676 3.65364 3.65364 3.85180 3.92171 3.92171 3.92171 3.92171 3.92171 3.92171 3.92171 3.92171 3.92171 3.92171 3.92171 3.92335 3.92665 3.92995 3.93314 3.96949 9.81040 12.2451 11.7518 11.3247 10.9517 13.8434 13.6350
3.20396 3.20396 3.14028 3.19524 3.20187 3.30313 3.43074 3.57300 3.76218 3.92514 3.91791 3.87952 3.87338 3.86720 3.88938 3.95952 4.04059 4.13459 4.19255 4.19097 4.19097 4.19097 4.19086 4.19005 4.18910 4.18817 4.09911 3.77021 3.77021 3.77021 3.77021 3.77021 3.80149 3.15866 3.20165 3.44611 3.62717 3.65364 3.65364 3.65364 3.65364 3.65364 3.65364 3.77966 3.92171 3.92171 3.92171 3.92171 3.92171 3.92171 3.92171 3.92258 3.92576 3.92905 3.94382 4.01670 4.08937 4.15495 4.21440 4.26851 6.72217 10.4164 9.90329 8.94727 7.99125 9.03782 10.6540
3.35495 3.51752 3.64908 3.78050 3.98277 4.01099 3.95899 3.85846 3.82372 3.78898 3.82105 3.93552 4.02182 4.12216 4.19026 4.19097 4.19097 4.19097 4.19096 4.19040 4.18947 4.18853 4.18770 4.18757 4.18757 4.18757 4.18340 3.80039 3.77021 4.07065 4.83218 5.48903 5.69530 3.94011 3.65364 3.65364 3.65364 3.65364 3.65364 3.65364 3.65364 3.63815 3.57047 3.70756 3.92171 3.92171 3.92171 3.92205 3.92487 3.98754 4.07258 4.14175 4.20248 4.25766 4.30154 4.30713 4.30713 4.30713 4.33379 4.40735 5.07603 6.94619 6.77710 6.77710 6.77710 7.52748 10.4354
3.94327 3.89695 3.85073 3.83169 3.83270 3.83270 3.85442 3.84217 3.91856 4.01029 4.09794 4.19097 4.19097 4.19097 4.19097 4.19072 4.18982 4.18890 4.18795 4.18757 4.18757 4.18757 4.18757 4.18757 4.18757 4.27742 4.94278 5.37470 5.85220 6.19782 6.20476 6.20476 6.20476 4.47004 3.65364 3.65364 3.65364 3.63244 3.53875 3.45121 3.37506 3.31702 3.31418 3.61773 3.90360 3.92727 3.93056 3.93351 3.93399 4.18527 4.30713 4.30713 4.30713 4.30713 4.31977 4.38777 4.46737 4.56480 4.63707 4.66244 4.70703 5.49197 5.44952 5.24214 5.03477 4.87372 8.28908
3.83075 3.83075 3.85996 3.95820 4.01499 4.11200 4.18571 4.12686 4.16466 4.22479 4.28577 4.44850 4.51776 4.57640 4.63559 4.69466 4.75420 4.81378 4.87391 4.93423 4.99343 5.05564 5.54256 6.23395 6.82235 7.28387 7.39111 7.31328 7.16801 7.21269 7.25738 7.30206 7.34757 6.26078 3.51777 3.44386 3.36861 3.31457 3.30999 3.30999 3.31103 3.31349 3.31596 3.49380 3.84376 3.93399 3.93399 3.93830 3.96709 4.12846 4.38469 4.46651 4.56539 4.66430 4.75059 4.78154 4.80083 4.80235 4.80235 4.80235 4.80235 4.85178 4.83251 4.83902 4.83902 4.82537 7.10856
3.92620 4.05104 4.15088 4.14443 4.06300 4.02930 4.02273 5.08966 5.93222 5.93128 5.93034 6.00223 6.04354 6.04354 6.04354 6.04354 6.04354 6.04354 6.21493 6.79298 7.30595 7.74433 7.90976 7.90976 7.90976 7.90976 7.90976 7.87246 7.59693 7.49413 7.20477 6.94092 6.70372 6.40253 3.36176 3.30999 3.31050 3.31282 3.31547 3.34314 3.38736 3.43015 3.47293 3.58935 4.04342 4.15850 4.19128 4.27483 4.37797 4.48749 4.77787 4.80235 4.80235 4.80235 4.80235 4.80235 4.80235 4.80235 4.80235 4.80235 4.80235 4.85015 4.67388 4.56796 4.47108 4.39781 5.79935
4.10910 4.10910 4.10910 4.10910 4.07869 4.01791 4.01697 4.67084 5.92926 5.92926 5.92926 5.97020 6.04354 6.04354 6.08338 6.58003 7.12436 7.58939 7.89404 7.90976 7.90976 7.90976 7.90976 7.90976 7.90976 7.77604 7.46816 7.19133 6.72357 6.53728 6.53802 6.56846 6.60205 6.62609 4.40701 3.53230 3.57711 3.62004 3.66264 3.68022 3.68022 3.68022 3.68022 3.70491 4.20097 4.45107 4.55021 4.59428 4.59428 4.59428 4.74778 4.80235 4.80235 4.80235 4.80235 4.80235 4.80235 4.75662 4.66239 4.57788 4.50166 4.47652 4.48520 4.38659 4.38659 4.38659 4.67783
4.10910 4.10910 4.10910 4.10910 4.10844 4.02445 4.01553 4.25513 5.92926 5.92926 5.92926 6.25285 6.93120 7.42441 7.82508 7.90976 7.90976 7.90976 7.90976 7.90976 7.90976 7.75104 7.43543 7.13668 6.86710 6.70805 6.68257 6.65842 6.69779 6.78294 6.79910 6.78956 6.77694 6.77383 5.55321 3.64215 3.68022 3.68022 3.68022 3.69074 3.75707 3.83150 3.90590 3.95690 4.20841 4.58327 4.59428 4.59428 4.59428 4.59428 4.68539 4.80235 4.80098 4.73543 4.64329 4.56066 4.48608 4.44781 4.44406 4.43695 4.42894 4.42046 4.54241 4.37510 4.30248 4.22073 4.19275
