OMI_NO2_yc_0.0167deg/OMI_NO2_yc_0.0167deg/OMI_NO2_200508.asc
ncols      200
nrows      200
xllcorner       110.913
yllcorner       33.7933
cellsize     0.0166667
NODATA_Value      -999.000
[rows 145 to 173 of 196, columns 0 to 66 of 200]
4.07837 4.07837 4.07850 4.11532 4.18377 4.34248 4.44420 4.44033 4.35831 4.34685 4.25166 4.16374 4.19348 4.09653 4.08191 4.07427 4.03748 4.46182 4.58867 4.26227 3.94603 3.92351 3.90111 3.87816 4.24976 4.30033 4.22386 4.27694 4.17226 3.78368 3.73337 3.71492 3.69982 3.69711 3.67969 3.57505 3.45546 3.49064 3.52364 3.55186 3.55591 3.90824 4.07561 4.22720 4.45281 4.50236 4.44356 4.85887 4.81003 4.76698 4.74328 4.82319 5.07881 5.14918 5.15409 5.16061 5.16566 5.25169 5.80439 5.80895 5.82787 5.79800 5.72152 5.55081 5.47803 5.21851 5.07766
4.25392 4.39488 4.56779 4.69026 4.83692 4.95428 5.03295 4.75314 4.63478 4.57115 4.48311 4.17941 4.09361 3.92300 3.85505 3.82448 3.79381 3.79635 3.92779 3.88642 3.70551 3.68837 3.68782 3.68782 3.78803 3.94743 3.93230 4.06089 4.07011 3.79198 3.69112 3.67484 3.59757 3.51489 3.43154 3.64967 3.57702 3.55531 3.51469 3.45159 3.39181 3.53453 3.66637 3.67413 3.91543 4.11316 4.10706 4.57528 4.69814 4.69514 4.69514 4.76342 4.98633 5.17013 5.17397 5.17794 5.18205 5.18630 5.78529 5.86734 5.75200 5.59166 5.39503 4.94883 4.84521 4.69131 4.65749
5.05466 5.19751 5.32478 5.45909 5.49602 5.49602 5.49602 4.63573 4.24509 4.10927 4.05960 3.85459 3.78875 3.72578 3.64938 3.64938 3.64938 3.64938 3.81660 3.84888 3.68937 3.63861 3.61722 3.59584 3.59767 3.82751 3.82660 3.89536 3.90493 3.68772 3.43319 3.37099 3.36552 3.31750 3.26268 3.38995 3.40198 3.25871 3.19050 3.11924 3.04461 3.05376 3.43284 3.53218 3.75124 4.08328 4.12012 4.33014 4.68270 4.67821 4.67358 4.71124 4.89238 5.17726 5.10676 5.03232 4.95779 4.88339 5.06043 5.25446 5.25446 5.18103 5.15611 4.88234 4.81181 4.74055 4.65850
5.49602 5.49602 5.49602 5.49602 5.49602 5.49602 5.49602 4.78272 4.19685 4.07414 4.06333 3.94323 3.78739 3.71302 3.60014 3.57161 3.54312 3.51462 3.58982 3.70012 3.61521 3.55038 3.55038 3.54533 3.48549 3.65361 3.65664 3.60085 3.66066 3.54645 3.20931 3.14231 3.08213 3.07640 3.04789 3.02089 3.20559 2.99763 2.97209 2.97209 2.97209 2.97213 3.36681 3.50033 3.62497 4.03818 4.13316 4.10727 4.58335 4.52999 4.45550 4.39130 4.45984 4.75304 4.77499 4.78189 4.79144 4.80097 4.90762 5.25445 5.25446 5.20908 5.15683 4.99700 4.86864 4.88237 4.78499
5.49602 5.49602 5.49602 5.49602 5.49602 5.49602 5.48482 5.03830 4.06376 3.84512 3.75690 3.62889 3.31823 3.28435 3.44301 3.46614 3.46614 3.46614 3.48504 3.68039 3.58593 3.47613 3.34398 3.19916 3.11787 3.23580 3.35652 3.32758 3.41216 3.42236 3.09582 2.99433 2.90889 2.82342 2.76658 2.76515 3.07065 2.97340 2.97209 2.97209 2.97209 2.97209 3.20453 3.35526 3.34297 3.63393 3.74419 3.65764 4.02791 4.22859 4.22706 4.23254 4.35230 4.63745 4.76452 4.76361 4.75622 4.74753 4.74480 5.12963 5.18362 5.22103 5.27083 5.13279 4.83951 4.81399 4.64235
5.47080 5.32378 5.16072 4.99766 4.83440 4.67134 4.51938 4.44222 3.70780 3.58326 3.56962 3.54646 3.36327 3.28423 3.39049 3.45125 3.33650 3.14808 2.95308 3.00932 3.02466 2.95648 2.94033 2.94033 2.93391 2.97912 3.23618 3.13340 3.10914 3.10847 2.83749 2.74489 2.74243 2.73997 2.73749 2.73504 2.91549 2.98307 2.95521 2.96151 2.96781 2.97413 2.97697 2.97793 3.03126 3.26438 3.58369 3.61863 3.80569 4.22949 4.23303 4.22955 4.29790 4.49718 4.71243 4.71075 4.73057 4.75263 4.74504 4.97959 5.09744 5.04232 5.13529 4.84008 4.53239 4.48681 4.37575
4.50303 4.48699 4.48699 4.48699 4.48699 4.48699 4.48699 4.48699 3.87203 3.57904 3.51389 3.44144 3.12088 2.74172 2.57950 2.50777 2.40654 2.37990 2.35930 2.47205 2.71345 2.65954 2.59333 2.50296 2.36035 2.24621 2.58158 2.60986 2.65410 2.82504 2.78596 2.72268 2.73224 2.74191 2.75158 2.76125 2.81575 3.06514 2.98629 2.99106 2.99593 3.00094 3.00862 3.02057 3.05767 3.17955 3.57023 3.61856 3.62479 4.15824 4.20702 4.20801 4.25465 4.36782 4.66883 4.64634 4.60010 4.53435 4.49694 4.60381 4.81259 4.74454 4.89172 4.60406 4.36657 4.23856 4.15718
4.36674 4.35299 4.33975 4.32694 4.31466 4.30281 4.25237 4.16139 3.73333 3.13784 2.60481 2.39222 2.11979 2.06317 2.06772 2.23647 2.22479 2.16922 2.11239 2.06568 2.34411 2.26992 2.18451 2.12304 2.12036 2.12059 2.42219 2.62654 2.63732 2.85062 2.88616 2.78953 2.79232 2.79549 2.79875 2.80246 2.80815 3.10168 3.04649 3.05915 3.07231 3.08545 3.09580 3.09319 3.09117 3.09871 3.50153 3.55869 3.54927 3.88346 4.09361 4.06755 4.03225 4.09084 4.30794 4.26217 4.19844 4.15323 4.10932 4.09136 4.37703 4.36896 4.47607 4.38005 4.20196 3.97752 3.93970
4.27452 4.22837 4.15456 4.07854 3.91726 3.68868 3.47035 3.27402 3.11781 2.86160 2.40000 2.38862 2.12613 1.97110 1.90176 1.97479 1.98727 1.98561 1.98514 1.98466 2.07247 2.13090 2.13266 2.13447 2.13634 2.13797 2.27388 2.66893 2.66887 2.80013 2.90392 2.83295 2.81601 2.81864 2.82048 2.81974 2.81689 3.02321 3.10230 3.09674 3.09674 3.11077 3.13727 3.15288 3.17263 3.24506 3.31883 3.41598 3.39121 3.51594 3.84258 3.80758 3.80399 3.91513 3.99629 4.03909 4.03909 4.03909 4.03909 4.03909 4.30234 4.36896 4.37289 4.31673 4.04317 3.53259 3.44373
3.85075 3.67101 3.49648 3.29668 3.21327 3.14427 3.06904 2.97776 2.84082 2.85608 2.29829 2.11548 1.94738 1.77047 1.76472 1.85632 1.98142 1.98142 1.98142 1.98142 2.01790 2.13815 2.13594 2.12093 2.10379 2.08670 2.07518 2.55386 2.58089 2.62959 2.81929 2.83266 2.81694 2.81384 2.81147 2.81501 2.84183 2.91943 3.17966 3.11739 3.12964 3.17567 3.20198 3.20051 3.18867 3.13765 3.08628 3.13331 3.16169 3.32075 3.73474 3.80316 3.80316 3.88925 3.96565 4.03909 4.03836 4.03238 4.02538 4.01837 4.03348 3.86077 3.78976 3.86679 3.74392 3.37906 3.30908
2.81610 2.75973 2.70620 2.62906 2.55136 2.51267 2.48271 2.46264 2.46173 2.77032 2.37298 2.10258 2.04866 1.76355 1.76317 1.79317 1.97261 1.95213 1.93163 1.91109 1.89067 2.02055 2.03042 2.02836 2.02836 2.02836 2.02764 2.38008 2.56900 2.56879 2.79681 2.87129 2.88690 2.91782 2.94873 2.97601 2.98008 3.00616 3.20105 3.14121 3.14616 3.10839 3.07758 3.07728 3.07371 3.07240 3.07223 3.10801 3.15940 3.26597 3.56653 3.79896 3.79196 3.84423 3.91001 4.00675 4.00061 3.99801 3.97581 3.94572 3.90164 3.78907 3.78673 3.87045 3.74427 3.49287 3.24289
2.55686 2.50095 2.47227 2.46173 2.46173 2.46173 2.46173 2.46173 2.46173 2.66297 2.56683 2.10117 2.10030 1.81150 1.75980 1.75924 1.83595 1.84967 1.84967 1.84967 1.84967 1.94165 2.02768 2.02474 2.02185 2.02548 2.03273 2.22774 2.59497 2.60325 2.81703 2.99471 2.98228 2.95113 2.96089 2.97583 2.98977 2.98046 3.07509 3.07728 3.07728 3.07728 3.07728 3.07728 3.07519 3.07047 3.06371 3.06757 3.13642 3.17915 3.36101 3.76046 3.76115 3.79687 3.88944 3.96607 3.95984 3.93444 3.93250 3.93340 3.92591 3.84763 3.78163 3.72337 3.55288 3.30237 2.99486
2.51701 2.46173 2.46173 2.46169 2.46114 2.46045 2.45976 2.45907 2.45838 2.55738 2.76221 2.09769 2.09721 1.91425 1.75838 1.75885 1.80967 1.84967 1.84890 1.84688 1.85335 1.88434 2.04389 2.05468 2.06406 2.06695 2.06695 2.09103 2.60431 2.67312 2.83501 2.94291 2.94694 2.96681 2.97158 2.97094 2.97030 2.96966 2.99487 3.07992 3.02393 2.95599 2.88482 2.81014 2.77312 3.02382 3.02335 3.02161 3.09695 3.10567 3.22025 3.56404 3.63191 3.59078 3.80703 3.86095 3.89078 3.86689 3.82012 3.70649 3.59790 3.44905 3.35209 3.35698 3.83138 4.02456 3.75475
2.55785 2.45893 2.45823 2.45758 2.45743 2.45743 2.45743 2.45743 2.45743 2.47294 2.86359 2.18638 2.09721 2.02235 1.77581 1.78781 1.82432 1.90969 1.92732 1.94677 1.95743 1.96686 2.11107 2.16242 2.20700 2.26817 2.37851 2.56835 3.20767 3.48545 3.51610 3.27680 3.02747 2.96295 2.94417 2.86929 2.78660 2.69925 2.60673 2.64797 2.66878 2.66878 2.66878 2.66878 2.66878 2.95442 2.95611 2.90326 2.86678 2.81141 2.90906 3.15770 3.42176 3.41841 3.60229 3.59980 3.58333 3.48741 3.41320 3.41143 3.42995 3.43219 3.39592 3.41847 4.03178 4.41226 4.06197
2.53131 2.38772 2.35782 2.33381 2.30979 2.28578 2.26180 2.23786 2.21388 2.14345 2.24039 2.01514 1.79932 1.68289 1.99689 1.98427 1.94464 2.04983 2.05503 2.07312 2.12896 2.19279 2.34400 2.60855 2.74629 2.86419 2.93443 2.93503 3.19049 3.45971 3.36643 3.11652 2.78186 2.56124 2.48573 2.48118 2.48118 2.48118 2.48129 2.54044 2.68344 2.67012 2.60035 2.52289 2.43942 2.61947 2.81783 2.81842 2.80403 2.77455 2.82932 2.95345 3.24841 3.15845 3.21417 3.32693 3.48610 3.54330 3.60534 3.66623 3.70642 3.74426 3.69874 3.73344 4.10880 4.81625 4.53781
2.15812 2.12003 2.10482 2.10466 2.04511 1.93789 1.83120 1.73720 1.65455 1.61974 1.72069 1.75413 1.61009 1.61009 1.87298 2.06121 2.03503 2.18830 2.30738 2.36460 2.36592 2.36592 2.40155 2.91609 2.93503 2.93503 2.93503 2.93503 2.93525 2.93503 2.93503 2.88283 2.64167 2.49255 2.50510 2.51551 2.52594 2.54726 2.59529 2.60860 2.43940 2.36793 2.36488 2.36488 2.35861 2.45406 2.78745 2.78714 2.78539 2.75421 2.77878 2.95946 3.24257 3.41702 3.61258 3.85107 3.85238 3.85238 3.85238 3.85238 3.85238 3.85238 3.78905 3.75547 3.82595 4.77634 4.81306
1.93248 1.80638 1.71004 1.61853 1.59569 1.61680 1.63510 1.63923 1.64029 1.65240 1.69398 1.75371 1.67731 1.72211 1.93237 2.33908 2.23394 2.27572 2.36592 2.36592 2.36592 2.36592 2.36592 2.76489 2.93503 2.93434 2.89749 2.84081 2.78395 2.72713 2.67041 2.62112 2.43273 2.44529 2.59877 2.64083 2.68724 2.72202 2.72207 2.70659 2.43670 2.43571 2.45844 2.47515 2.44880 2.44705 2.94919 3.00914 3.08553 3.16577 3.17158 3.17158 3.29654 3.54137 3.59079 3.85238 3.85238 3.85238 3.85238 3.85032 3.81302 3.76034 3.68370 3.60999 3.56991 4.44502 4.79608
1.55711 1.61096 1.69302 1.71597 1.73377 1.75172 1.74672 1.72873 1.70870 1.67412 1.64846 1.64747 1.70531 1.77267 1.79319 2.31592 2.27734 2.23222 2.36571 2.35389 2.28531 2.20949 2.13387 2.27224 2.64735 2.59129 2.57125 2.57125 2.57125 2.58707 2.64672 2.71673 2.67830 2.50664 2.69786 2.67866 2.65948 2.64028 2.62231 2.61792 2.58388 2.56385 2.54812 2.53947 2.59506 2.63903 3.01522 3.15263 3.15344 3.19553 3.17158 3.17158 3.18460 3.52085 3.51794 3.75763 3.72520 3.66686 3.60452 3.54065 3.52315 3.52315 3.52315 3.52315 3.52315 4.06059 4.79608
1.79566 1.78875 1.77004 1.73681 1.69851 1.66082 1.64777 1.64777 1.64777 1.64777 1.64777 1.64777 1.65988 1.77744 1.79119 2.19406 2.36712 2.27509 2.01707 1.88800 1.88087 1.88087 1.88087 1.89060 2.51498 2.58663 2.64555 2.71636 2.84129 2.98347 3.06036 3.13375 2.90100 2.37332 2.60314 2.61977 2.64162 2.63212 2.61926 2.60545 2.63203 2.63942 2.63942 2.63942 2.63942 2.63942 2.84674 3.15717 3.14175 3.11475 3.02072 2.94004 2.85412 3.03242 3.15246 3.41786 3.52549 3.52635 3.52723 3.52812 3.52903 3.52996 3.53319 3.55230 3.57506 3.78538 5.00742
1.63289 1.59193 1.62060 1.64777 1.64777 1.64777 1.64778 1.65240 1.66077 1.66914 1.67752 1.68589 1.68224 1.85068 1.85954 2.07364 2.42602 2.32656 2.07489 1.88087 1.88087 1.88518 1.91097 2.01012 2.63969 3.07820 3.15550 3.22819 3.25503 3.25503 3.25503 3.20649 2.99566 2.46521 2.58548 2.68356 2.64762 2.64961 2.65433 2.65902 2.66371 2.66844 2.67312 2.67783 2.68253 2.68721 2.71421 2.81590 2.74250 2.76538 2.77037 2.76700 2.77076 2.89135 3.21975 3.36240 3.56454 3.59034 3.62795 3.66924 3.71222 3.80059 3.97841 4.14676 4.33324 4.46033 4.64560
1.58681 1.58681 1.60426 1.67103 1.67940 1.68777 1.69613 1.69990 1.69990 1.69990 1.69990 1.69990 1.69072 1.78313 1.85954 1.90537 2.41939 2.39216 2.35345 2.11673 2.24605 2.37729 2.44899 2.44209 2.57251 3.05743 3.02593 2.92064 2.80885 2.66555 2.50488 2.38014 2.30155 2.25603 2.49890 2.72644 2.72669 2.72669 2.72669 2.72669 2.72669 2.72669 2.72669 2.72669 2.72669 2.71989 2.68736 2.69460 2.74699 2.73343 2.79585 2.82395 2.84509 2.87205 3.35772 3.54976 3.96247 4.01408 4.16962 4.37009 4.59985 4.79771 4.88624 4.98557 5.04819 5.04840 4.06614
1.58681 1.58681 1.58773 1.68886 1.68287 1.66714 1.65141 1.63565 1.61994 1.60421 1.58850 1.57279 1.55896 1.70879 1.78709 1.72209 2.16028 2.29953 2.66232 2.27303 2.24911 2.24911 2.22285 2.15873 2.10209 2.49170 2.45449 2.37110 2.29938 2.26718 2.26718 2.26718 2.26718 2.22915 2.38271 2.67598 2.64315 2.61128 2.58077 2.55142 2.52321 2.49601 2.46224 2.41275 2.36438 2.32175 2.29585 2.31553 2.53641 2.52501 2.69887 2.91982 2.91877 2.89261 3.23980 3.72097 4.64735 4.92733 5.03875 5.04840 5.04840 5.04840 5.04840 5.04840 5.04840 5.04840 4.34209
1.35584 1.33611 1.31645 1.41546 1.46921 1.46921 1.46921 1.47134 1.47571 1.47488 1.42631 1.36199 1.29282 1.41645 1.58473 1.58961 1.93582 2.24639 2.47014 2.24854 2.07547 2.02854 2.00157 2.00116 2.00116 2.13310 2.26718 2.26718 2.26718 2.25913 2.12566 2.10966 2.09429 2.04498 2.08323 2.34776 2.37749 2.35319 2.32890 2.30461 2.28030 2.25600 2.23898 2.23837 2.23837 2.23837 2.23837 2.22923 2.44499 2.42519 2.42376 2.71261 2.65365 2.62775 2.88369 4.00557 4.78929 5.04840 5.04840 5.04840 5.04840 5.04840 5.04840 5.04840 5.04840 5.04840 4.67851
1.29845 1.29842 1.29629 1.36444 1.48107 1.48360 1.43864 1.37123 1.30212 1.23929 1.22791 1.22791 1.22791 1.35864 1.53778 1.53972 1.62340 2.05843 2.14551 2.19454 2.00116 2.00116 2.00116 2.00116 2.00116 2.03097 2.26387 2.26718 2.26718 2.25924 2.07089 2.02799 2.00954 1.98815 1.92915 2.11541 2.23837 2.23837 2.23837 2.23837 2.23837 2.23733 2.21231 2.17732 2.14234 2.10734 2.07145 2.04247 2.18835 2.26622 2.26118 2.53738 2.62558 2.62558 2.62574 3.76664 4.52200 5.04840 5.04840 5.04840 5.04840 5.04840 5.04840 5.04840 5.04840 5.04840 5.01241
1.28332 1.27700 1.21554 1.14436 1.30784 1.24525 1.22791 1.22791 1.22817 1.23582 1.24800 1.26182 1.27766 1.38477 1.55276 1.50653 1.50653 1.97771 2.06849 2.27817 2.00223 2.00116 2.00014 1.97984 1.95216 1.92451 2.11350 2.16156 2.13943 2.12522 2.01384 1.95277 1.95277 1.95277 1.90675 2.03173 2.22963 2.19614 2.16114 2.12615 2.09117 2.05722 2.04708 2.04343 2.03829 2.03314 2.02888 2.02844 2.12092 2.26260 2.26260 2.42380 2.62558 2.62558 2.62558 3.26962 4.30044 5.04840 5.04840 5.04840 5.04840 5.04840 5.04840 5.04840 5.04840 5.04840 5.04840
1.04368 0.952605 0.919801 0.919801 1.16892 1.24013 1.25287 1.26739 1.28364 1.28919 1.28919 1.28919 1.28919 1.31586 1.58176 1.50785 1.50237 1.79895 2.00713 2.15040 1.94600 1.85743 1.83074 1.82338 1.82338 1.82338 1.94385 2.12496 2.12496 2.12496 2.05637 1.90514 1.81846 1.73182 1.66633 1.79973 2.03567 2.04722 2.04722 2.04521 2.04010 2.03495 2.02994 2.02844 2.02844 2.02844 2.02844 2.02844 2.06865 2.26260 2.26260 2.32202 2.62558 2.62558 2.62558 2.78293 4.10280 5.04840 5.04840 5.04840 5.04022 4.99660 4.95054 4.90696 4.86515 4.82474 4.74840
0.915298 0.904258 0.891123 0.875279 1.10130 1.28919 1.28919 1.28919 1.28919 1.28919 1.27915 1.24419 1.20807 1.17195 1.39267 1.37250 1.34146 1.48924 1.91746 1.99026 1.97775 1.82338 1.82338 1.82338 1.82338 1.81596 1.72914 1.91825 1.82963 1.72567 1.61054 1.49442 1.49438 1.49438 1.50583 1.73866 1.95610 2.03676 2.03161 2.02847 2.02844 2.02864 2.02971 2.03094 2.03216 2.03343 2.03473 2.03605 2.04039 2.28701 2.31038 2.31935 2.76060 2.82133 2.84239 2.86462 4.30389 4.45566 4.39068 4.34478 4.27144 4.21426 4.15893 4.10352 4.00046 3.83941 3.70696
0.857684 0.857665 0.857665 0.857665 0.959215 1.23728 1.20116 1.16504 1.12892 1.09278 1.06670 1.06554 1.06554 1.06554 1.25270 1.35343 1.33879 1.34377 1.87230 1.92728 2.03619 1.67645 1.54663 1.41654 1.28296 1.14564 1.10201 1.38720 1.52314 1.51152 1.50796 1.44107 1.42485 1.41507 1.40212 1.60674 1.85294 2.04875 2.05043 2.05214 2.05391 2.05541 2.05557 2.05557 2.05557 2.05557 2.05557 2.05557 2.05557 2.26680 2.37683 2.37697 2.73213 2.87157 2.78863 2.70552 3.42190 4.17693 3.99938 3.96653 3.93993 3.83858 3.73266 3.62689 3.56866 3.52831 3.32906
0.857665 0.857665 0.857665 0.857665 0.858133 1.04871 1.06554 1.06554 1.06622 1.07282 1.08105 1.08973 1.09880 1.10830 1.17693 1.21093 1.20963 1.20962 1.38136 1.35553 1.26812 0.946599 0.910591 0.895178 0.883434 0.874518 0.851779 0.996661 1.39056 1.39111 1.38620 1.34163 1.32053 1.32053 1.32053 1.46583 1.74879 2.05539 2.05888 2.07861 2.10146 2.12541 2.15057 2.17691 2.20460 2.23451 2.27316 2.31563 2.36057 2.40922 2.42827 2.43876 2.44862 2.40680 2.40680 2.40680 2.52373 4.00798 3.75843 3.65255 3.55456 3.36860 3.17128 2.99674 2.84118 2.72469 2.71322
