OMI_NO2_yc_0.0167deg/OMI_NO2_yc_0.0167deg/OMI_NO2_200603.asc
ncols      200
nrows      200
xllcorner       110.913
yllcorner       33.7933
cellsize     0.0166667
NODATA_Value      -999.000
[rows 116 to 144 of 200, columns 0 to 66 of 200]
6.99484 7.00780 7.02127 7.17376 7.15835 7.08342 6.77795 6.73819 6.74402 6.74983 6.75566 6.72365 6.73124 6.86270 6.74045 6.16936 5.46062 5.42307 5.39031 5.49607 5.42118 5.07766 4.87240 4.79212 4.73879 4.52775 4.48646 4.44584 4.35465 4.32795 4.52937 4.52944 4.52944 4.38464 3.67665 3.93700 3.93571 3.90487 3.80835 3.78195 3.74886 3.71571 3.70072 3.71032 3.70486 3.94717 3.95670 3.90513 3.88937 3.87265 3.88384 4.48395 4.72333 5.45538 5.51040 5.49943 5.39362 5.41821 5.44701 5.47637 5.50572 5.57359 5.65651 5.33776 5.30174 5.28925 5.21791
7.05771 7.06605 7.07435 7.18780 7.22904 7.17818 6.92098 6.78555 6.78268 6.77057 6.76338 6.74817 6.70746 6.74195 6.64890 6.35492 5.38764 5.39300 5.39902 5.49686 5.52135 5.10881 4.61878 4.55208 4.54908 4.38883 4.35926 4.35626 4.32966 4.26269 4.45335 4.46722 4.43397 4.38161 3.60134 3.67552 3.72101 3.71755 3.66970 3.65766 3.65921 3.64956 3.63788 3.60722 3.57764 3.70937 3.80544 3.70733 3.68510 3.66410 3.65561 4.47339 4.70558 5.30364 5.39567 5.51032 5.47237 5.46038 5.44933 5.43823 5.42720 5.42307 5.50802 5.27583 5.14780 5.14780 5.14936
7.09153 7.09570 7.09472 7.14160 7.18820 7.13897 6.95542 6.72989 6.73280 6.74493 6.75215 6.74721 6.68587 6.68824 6.63910 6.47652 5.37706 5.27396 5.26469 5.31774 5.39759 5.21181 4.64154 4.51356 4.51111 4.38748 4.30614 4.28951 4.27093 4.11705 4.20105 4.30440 4.30440 4.30347 3.71084 3.48740 3.64592 3.60997 3.55093 3.52199 3.54411 3.54701 3.54853 3.54038 3.54236 3.60929 3.83264 3.87958 3.94361 3.98938 4.02307 4.54082 5.00980 5.19568 5.33006 5.40520 5.40428 5.39295 5.39295 5.39295 5.39295 5.39295 5.46887 5.37839 5.14780 5.14780 5.14862
6.86719 6.83406 6.82619 6.86376 7.02646 7.04496 7.00097 6.69249 6.68703 6.68703 6.68703 6.68703 6.64502 6.63013 6.64541 6.47698 5.63828 5.26055 5.26055 5.27764 5.38567 5.24074 4.74734 4.47223 4.43272 4.34101 4.23221 4.17198 4.06700 3.85185 3.73949 3.81645 3.71035 3.60528 3.35911 3.18563 3.67026 3.68710 3.68549 3.62776 3.66176 3.63739 3.61641 3.58821 3.55746 3.55956 3.82714 3.93922 4.02630 4.02630 4.02630 4.26362 5.00847 5.12652 5.33006 5.37791 5.43589 5.43177 5.45228 5.46986 5.48351 5.49727 5.57446 5.68782 5.42126 5.48361 5.55187
6.90167 6.88593 6.88625 6.88625 7.02797 7.04989 7.02847 6.75912 6.68703 6.68703 6.68703 6.68703 6.66451 6.62467 6.64308 6.51295 5.88340 5.16123 5.12148 5.07434 5.14761 5.01903 4.55476 4.04981 3.86201 3.70756 3.38889 3.34168 3.33908 3.27958 3.17109 3.37626 3.36119 3.30802 3.23429 3.04561 3.51535 3.55449 3.53245 3.46526 3.53220 3.53409 3.53261 3.53547 3.53722 3.55787 3.76450 3.92883 4.09012 4.11088 4.13652 4.18627 5.12779 5.28964 5.65515 5.69644 5.68088 5.71437 5.81112 5.91145 6.01640 6.12135 6.18176 6.03912 5.78283 5.69095 5.69095
7.10725 7.05045 7.06042 7.07057 7.16267 7.21397 7.17406 6.95243 6.77164 6.74969 6.71801 6.67886 6.63455 6.52242 6.49137 6.40896 6.00949 4.94248 4.91787 4.90179 4.82356 4.74386 4.46287 3.92538 3.76093 3.74517 3.31282 3.27923 3.21922 3.14480 2.92763 2.99843 3.04443 3.01497 2.99857 3.02738 3.40594 3.65051 3.67266 3.65120 3.70622 3.75467 3.78808 3.81483 3.80808 3.81737 3.92605 4.13507 4.30376 4.33384 4.34133 4.39524 5.14548 5.56276 6.09536 6.23352 6.26083 6.22339 6.22106 6.22106 6.22106 6.22106 6.22105 6.06548 5.89450 5.64445 5.54257
7.08771 6.96757 6.92661 6.83538 6.77671 6.81653 6.74562 6.65207 6.52346 6.49023 6.46676 6.45079 6.43534 6.35948 6.33534 6.34815 6.16082 4.98578 4.88515 4.88515 4.84533 4.74010 4.50793 3.91059 3.55982 3.46436 3.01605 2.87148 2.85096 2.83472 2.69602 2.70719 2.86556 2.86232 2.85768 3.03860 3.37550 3.75516 3.75053 3.76120 3.83824 3.89076 3.89106 3.89106 3.87701 3.88482 3.93758 4.35590 4.55895 4.71434 4.79756 4.82768 5.21670 5.81104 6.20660 6.35401 6.30482 6.23516 6.14933 6.04595 5.94411 5.84197 5.74030 5.53578 5.29818 4.95347 4.96276
6.47220 6.39783 6.33564 6.31221 6.31268 6.44137 6.42873 6.44359 6.41171 6.40797 6.40252 6.39683 6.39119 6.35049 6.29899 6.31571 6.19532 5.16718 4.65314 4.57262 4.49848 4.32347 4.12323 3.70061 3.32962 3.25706 2.98067 2.79096 2.78633 2.78169 2.70583 2.61361 2.81867 2.82691 2.82691 2.92578 3.20392 3.72631 3.73830 3.75056 3.86259 3.96604 4.00337 4.03843 4.06166 4.06777 4.06370 4.47344 4.67797 4.79865 4.79540 4.83271 4.99657 5.52197 5.65265 5.77806 5.64958 5.47501 5.38623 5.36146 5.30968 5.25763 5.20571 5.10646 4.92220 4.90955 4.91079
6.25647 6.27904 6.28094 6.27387 6.26681 6.33351 6.35844 6.37844 6.36561 6.35034 6.35015 6.35164 6.36050 6.36280 6.30565 6.25091 6.08815 5.18055 4.34509 4.32600 4.30691 4.20636 4.05635 3.74871 3.34703 3.21910 3.03871 2.75300 2.74834 2.74374 2.71867 2.56814 2.71884 2.78585 2.80423 2.85771 3.20744 3.67090 3.84655 3.87442 3.93489 4.01562 4.01783 4.01556 4.04303 4.08398 4.14635 4.45285 4.86720 5.09636 5.16064 5.17658 5.17179 5.10452 5.20167 5.57391 5.56329 5.42165 5.18748 5.18477 5.20765 5.23073 5.25377 5.27321 5.12881 5.14590 5.17300
6.14317 6.21371 6.23311 6.23311 6.23311 6.27776 6.34484 6.37018 6.38140 6.33903 6.31654 6.29140 6.25712 6.21848 6.10363 5.98736 5.84453 5.23790 4.04338 4.02407 4.00578 3.94085 3.84081 3.77120 3.32333 3.13800 3.05827 2.68117 2.68289 2.69046 2.69850 2.64465 2.75907 2.93707 2.95141 2.95153 3.22318 3.58114 3.95059 4.02854 4.15112 4.31224 4.41652 4.50802 4.56486 4.55506 4.56992 4.64775 5.13400 5.22864 5.25947 5.24551 5.23155 5.18942 5.24833 5.66436 5.73373 5.66575 5.40955 5.38956 5.38956 5.38956 5.38956 5.38956 5.26929 5.20970 5.21647
5.82704 6.19012 6.00108 5.98775 5.97387 5.97285 6.07480 6.04896 5.97326 5.93771 5.93771 5.93771 5.93771 5.93771 5.89244 5.83512 5.69528 5.44514 4.05690 3.93513 3.93513 3.92266 3.81562 3.80193 3.45501 3.18658 3.16175 2.73983 2.72455 2.72502 2.73768 2.80748 2.90526 3.19004 3.27154 3.35063 3.68757 4.07625 4.60960 4.62910 4.65197 4.72543 4.75233 4.71897 4.68633 4.64545 4.61933 4.60131 5.06222 5.20300 5.25732 5.25732 5.25732 5.23963 5.20301 5.59366 5.73373 5.68829 5.47728 5.38956 5.38956 5.38956 5.38956 5.39107 5.32830 5.21801 5.26773
5.47954 6.21962 5.93442 5.89391 5.89082 5.89077 6.01038 6.03675 5.98949 5.94300 5.93771 5.93771 5.93771 5.93771 5.92060 5.84687 5.73113 5.58163 4.40060 3.95169 3.96009 3.96866 3.86825 3.81365 3.58772 3.36236 3.42061 3.17919 3.16570 3.25187 3.32529 3.34138 3.34782 3.52893 3.59332 3.64888 3.91427 4.16052 4.61644 4.65454 4.64482 4.70647 4.76007 4.76733 4.77433 4.76661 4.76135 4.76850 5.07076 5.37246 5.46504 5.47905 5.49204 5.50355 5.46077 5.57656 5.76140 5.74284 5.56167 5.40713 5.40228 5.39323 5.38418 5.37362 5.36638 5.51773 5.53677
4.82357 6.19790 5.96278 5.84751 5.84293 5.83837 5.91574 5.98194 5.94713 5.85943 5.75490 5.66480 5.56917 5.46403 5.34567 5.20530 5.03423 4.83685 4.25319 3.80972 3.80441 3.79903 3.84884 3.93793 3.83906 3.54212 3.63008 3.59087 3.55804 3.55804 3.58929 3.64749 3.70423 3.84595 3.97810 3.97148 4.03523 4.34544 4.54682 4.78920 4.79530 4.85734 4.93302 4.94788 4.95399 4.95544 4.95232 4.96766 5.09550 5.55949 5.63730 5.66627 5.67574 5.68509 5.63772 5.64327 5.76193 5.78519 5.59246 5.35186 5.34766 5.34766 5.34766 5.34766 5.34766 5.48788 5.53388
4.21547 5.76647 5.52696 5.27913 5.18274 5.08614 5.04152 5.12008 4.99115 4.83782 4.74234 4.71254 4.70156 4.69940 4.71104 4.75436 4.77196 4.65845 4.43113 3.82745 3.82620 3.82620 3.86001 3.96455 3.94358 3.56293 3.73498 3.78780 3.81541 3.89096 3.93530 3.95262 3.97055 4.00912 4.13950 4.15636 4.16424 4.50367 4.48985 4.92588 4.95482 4.97443 5.00725 5.04203 5.05146 5.05437 5.02970 5.02968 5.03726 5.53442 5.62069 5.65710 5.64741 5.63772 5.60479 5.59770 5.66128 5.76741 5.64492 5.37869 5.34766 5.35033 5.35822 5.36573 5.37323 5.46625 5.57248
4.01944 4.62545 4.78882 4.62094 4.59076 4.61756 4.67613 4.88139 4.90658 4.86505 4.76678 4.77779 4.77784 4.77356 4.74746 4.72765 4.72573 4.56982 4.43507 3.97399 3.96334 4.02430 4.10181 4.30824 4.37090 4.09693 4.07233 4.09073 4.03902 4.06772 4.09667 4.12557 4.15427 4.18274 4.32419 4.37311 4.39849 4.68305 4.56091 5.07008 5.08203 5.05991 5.01615 5.07218 5.08985 5.10752 5.10158 5.11563 5.12829 5.37738 5.56007 5.63284 5.63292 5.63301 5.61724 5.59713 5.64520 5.80179 5.72765 5.49837 5.41843 5.44503 5.46706 5.49115 5.51531 5.57031 5.74715
4.10009 4.56607 5.01093 4.89986 4.92775 4.91837 4.88916 4.84209 4.80258 4.73141 4.58506 4.52721 4.49802 4.47309 4.46871 4.45766 4.47725 4.40160 4.33223 4.25442 4.29116 4.32512 4.34442 4.45814 4.51058 4.35308 4.23298 4.32455 4.27633 4.27027 4.27022 4.26987 4.26946 4.26848 4.34011 4.40021 4.39980 4.57986 4.66837 4.97309 5.13939 5.15429 5.09313 5.15028 5.15040 5.15000 5.13697 5.12603 5.10486 5.20492 5.47529 5.53022 5.54651 5.57343 5.60731 5.78991 5.95499 5.88478 5.82004 5.67934 5.67171 5.74653 5.82106 5.89344 5.96619 6.03869 6.27087
4.83506 4.73623 4.83960 4.72632 4.68589 4.68589 4.68589 4.67638 4.65774 4.62882 4.51638 4.43923 4.43687 4.44336 4.44588 4.45782 4.49544 4.50263 4.43852 4.44267 4.40501 4.39858 4.39215 4.43884 4.54670 4.50614 4.23850 4.33603 4.28488 4.26318 4.26282 4.27026 4.31850 4.32638 4.34821 4.46689 4.48456 4.55787 4.85460 4.85389 5.17118 5.15157 5.06730 5.07331 5.06447 5.04451 5.01669 5.00578 5.04719 5.10473 5.53243 5.64331 5.69828 5.69367 5.68906 5.77222 6.12016 6.74301 6.74069 6.65846 6.59275 6.58810 6.50401 6.39398 6.28766 6.18485 6.18233
4.95264 4.69264 4.81655 4.74060 4.62830 4.61097 4.59370 4.57461 4.53147 4.52012 4.53941 4.45590 4.45848 4.45227 4.45143 4.45143 4.46352 4.48770 4.40013 4.39017 4.34544 4.34534 4.34534 4.35817 4.51338 4.56540 4.26845 4.40918 4.43341 4.45138 4.50572 4.55260 4.55872 4.48829 4.42409 4.65026 4.79614 4.93699 5.34276 5.13388 5.03879 5.03700 5.00516 5.00643 5.05657 5.09810 5.13735 5.15246 5.15581 5.15888 5.44918 5.60038 5.66014 5.66014 5.66014 5.69111 5.78692 6.60410 6.41004 6.20095 5.99514 5.89192 5.86832 5.86832 5.86832 5.86832 5.91312
5.07377 4.69119 4.75606 4.72351 4.52528 4.52533 4.52533 4.52533 4.50408 4.49721 4.56632 4.45875 4.45143 4.45143 4.45143 4.45143 4.45324 4.48706 4.43031 4.39045 4.35616 4.39503 4.44936 4.50373 4.69645 4.89256 4.75902 4.78717 4.92370 5.01092 5.14977 5.28858 5.42735 5.55158 5.44969 5.56338 5.61679 5.61748 5.54222 5.37182 5.16477 5.19871 5.22336 5.16562 5.18466 5.18713 5.18717 5.17055 5.17099 5.17157 5.33377 5.59043 5.67418 5.71211 5.74700 5.77532 5.47796 6.10168 6.12183 6.04728 5.94193 5.91946 5.93268 5.93632 5.92912 5.92196 5.91954
5.11897 4.78713 4.69607 4.78290 4.54084 4.53989 4.54491 4.54999 4.54197 4.53192 4.58621 4.53605 4.50133 4.51753 4.56510 4.63616 4.75348 4.89028 5.01010 5.08656 5.15917 5.30629 5.51498 5.72347 5.92451 6.12231 6.10016 5.90597 5.85805 5.70028 5.70045 5.70104 5.70161 5.70326 5.57891 5.59702 5.65272 5.65764 5.60518 5.53989 5.34598 5.31861 5.35235 5.30723 5.35454 5.38937 5.42372 5.44324 5.47443 5.51560 5.60059 6.02106 6.11602 6.15707 6.16902 6.18094 5.91853 6.16507 6.23860 6.13101 5.98243 5.90417 5.88377 5.87301 5.87301 5.87301 5.87301
5.23804 4.94788 4.65590 4.98831 4.81645 4.80083 4.84516 4.88944 4.92887 4.95136 5.07881 5.22814 5.32796 5.46899 5.60603 5.82549 6.00931 6.18744 6.33451 6.38770 6.43659 6.33553 6.33553 6.33553 6.31784 6.30446 6.29494 5.95613 5.89675 5.77810 5.80459 5.85632 5.90806 5.95875 5.89960 5.79927 5.75999 5.77025 5.76374 5.97343 5.81225 5.70433 5.71628 5.67090 5.67015 5.68733 5.69926 5.69994 5.70518 5.71026 5.71026 6.03331 6.13579 6.16959 6.15123 6.13285 5.94346 5.95651 6.18222 6.08617 5.95899 5.87382 5.87301 5.87301 5.87394 5.89683 5.92874
5.40586 5.09439 4.68973 5.48959 5.35322 5.27962 5.37056 5.46156 5.57567 5.80799 6.01507 6.23570 6.39365 6.53754 6.65388 6.66434 6.66434 6.66893 6.71388 6.70541 6.70596 6.39244 6.39742 6.42613 6.47652 6.48665 6.57749 6.32683 6.24096 6.11732 6.05288 6.05307 6.06095 6.07288 6.05744 5.89944 5.87185 5.86774 5.87738 6.02591 5.99876 5.79301 5.79015 5.75686 5.71730 5.72875 5.74935 5.77217 5.79228 5.82267 5.85311 5.94542 6.02558 6.09997 6.10114 6.10114 6.04691 5.82183 6.23906 6.16040 6.08009 6.00205 6.01320 6.04161 6.07135 6.08094 6.08481
5.99005 5.78462 5.55694 6.00973 6.07421 5.85823 5.90796 5.98230 6.06498 6.46493 6.76038 6.88139 6.96791 7.02623 7.08227 7.13867 7.19471 7.24764 7.27623 7.24703 7.17102 6.69981 6.66223 6.68553 6.68901 6.65492 6.69287 6.50984 6.33016 6.22958 6.13782 6.14957 6.15361 6.15361 6.15361 5.98914 5.93321 5.89689 5.89308 5.97254 6.05225 5.84996 5.83779 5.85311 5.81249 5.85496 5.86093 5.85352 5.83595 5.83322 5.83077 5.87112 6.00682 6.09086 6.13328 6.15962 6.19146 5.96310 6.38711 6.32844 6.19230 6.09194 6.07315 6.08116 6.08566 6.07665 6.06117
6.88691 6.96711 6.65484 6.53746 6.88960 6.49011 6.54436 6.57608 6.57614 6.75026 7.15907 7.20175 7.25440 7.28440 7.30470 7.26742 7.22051 7.17530 7.11419 7.08016 7.08631 6.85461 6.74520 6.75839 6.76898 6.75093 6.68581 6.58872 6.35124 6.25311 6.10630 6.10248 6.09863 6.09480 6.08695 5.97770 5.93947 5.91997 5.95012 6.01488 6.19577 5.98484 5.89076 5.89092 5.83444 5.86910 5.89594 5.92165 5.93053 5.95640 5.98384 5.99875 6.12961 6.19383 6.25122 6.26191 6.26896 6.10159 6.24770 6.27713 6.10080 5.96411 5.91158 5.89552 5.88054 5.91045 6.00293
7.08964 7.03811 6.93928 6.39268 7.09483 6.67656 6.61899 6.63998 6.69027 6.76972 7.33400 7.33812 7.31871 7.27074 7.21857 7.21858 7.22912 7.23903 7.24875 7.25270 7.24723 7.08772 6.87395 6.87724 6.87724 6.87083 6.68383 6.62607 6.34721 6.24584 6.02036 5.96962 5.92121 5.87280 5.82842 5.87272 6.05679 5.99509 5.91777 5.83398 5.97504 5.83929 5.95137 5.96173 5.90634 5.97422 6.03458 6.04522 6.04210 6.04428 6.04766 6.04611 6.12286 6.19575 6.30529 6.30529 6.30529 6.21653 6.18551 6.37082 6.31674 6.26981 6.31230 6.41792 6.52869 6.60153 6.60284
7.11338 7.14642 7.09564 6.52971 7.21948 7.07913 6.93398 6.90018 6.84042 6.77821 7.11868 7.26587 7.24202 7.25393 7.25404 7.25404 7.25404 7.25404 7.25403 7.25289 7.24954 7.19751 6.84746 6.87529 6.83934 6.79090 6.60174 6.45763 6.18314 5.98742 5.77102 5.65049 5.55305 5.45557 5.35809 5.26254 5.37855 5.29265 5.23298 5.20926 5.65863 5.68481 5.92874 5.96961 5.94414 5.96638 6.06386 6.06097 6.05064 6.04420 6.04601 6.04790 6.08841 6.18995 6.30324 6.32475 6.32521 6.30455 6.65605 6.99490 6.89154 6.71383 6.66262 6.69802 6.74711 6.79621 6.83902
7.51808 7.51825 7.22532 6.68425 6.92630 6.93407 6.74194 6.74194 6.74194 6.74194 6.96585 7.26664 7.24796 7.25203 7.25545 7.25593 7.25639 7.25558 7.25609 7.22609 7.11526 7.05039 6.55741 6.47469 6.40874 6.30759 6.15296 5.95808 5.74400 5.39094 5.13224 5.06631 5.06816 5.06998 5.07188 5.07369 5.21188 5.28414 5.21166 5.19216 5.50197 5.70295 5.89162 6.02957 6.01945 5.93137 6.02853 5.98016 5.92761 5.86678 5.81841 5.77004 5.72564 5.80629 5.83847 5.85089 5.80568 5.79359 5.98015 6.84208 6.96696 6.91938 7.04416 6.99474 6.97391 6.95311 6.93860
7.51825 7.51825 7.26492 6.61657 6.65305 7.00777 6.75389 6.74884 6.73810 6.72741 6.78822 7.23056 7.20759 7.20928 7.25146 7.28707 7.32261 7.35604 7.33113 7.13884 6.69680 6.61383 6.12409 5.89822 5.85252 5.85211 5.86237 5.78577 5.71726 5.40978 5.16948 5.08857 5.08602 5.07493 5.05338 5.03184 5.09191 5.24290 5.05688 5.00032 5.08471 5.19279 5.24535 5.49089 5.43887 5.37024 5.51908 5.53875 5.54015 5.52600 5.52734 5.52909 5.53076 5.62497 5.70108 5.78622 5.76954 5.75291 5.84844 6.50754 6.89835 6.76356 6.98148 6.93808 6.93808 6.93808 6.93808
7.51825 7.51825 7.46330 6.76963 6.46969 6.94464 6.67452 6.65001 6.68405 6.73118 6.77830 7.24924 7.29629 7.22395 7.15334 7.07308 6.99278 6.91617 6.89629 6.88978 6.44793 6.40658 6.13337 5.78499 5.79245 5.77077 5.75425 5.68964 5.64084 5.33426 5.02018 4.88559 4.85434 4.83223 4.82070 4.80808 4.79343 4.96838 4.86788 4.78639 4.80237 4.92865 4.92800 5.30474 5.30719 5.34334 5.48397 5.54784 5.54784 5.50142 5.43150 5.36572 5.29998 5.36856 5.57847 5.69528 5.70419 5.70419 5.75037 6.26227 6.89837 6.78710 6.97477 6.99644 7.05158 7.10935 7.16704
