OMI_NO2_yc_0.0167deg/OMI_NO2_yc_0.0167deg/OMI_NO2_200511.asc
ncols      200
nrows      200
xllcorner       110.913
yllcorner       33.7933
cellsize     0.0166667
NODATA_Value      -999.000
[rows 58 to 86 of 200, columns 67 to 133 of 200]
9.45543 9.50786 9.53482 9.53482 9.51302 9.47005 9.62144 9.46592 9.41799 8.89627 8.27534 8.10681 8.17054 8.05786 7.40341 7.45243 7.45753 7.45524 6.65495 6.54365 6.54365 6.54365 6.54365 6.51919 6.04827 5.91670 5.83644 5.83644 5.83644 5.83644 5.96918 5.99415 5.95162 5.95511 5.95319 5.94972 6.09737 7.15300 7.73542 7.71731 7.75374 7.84751 7.88516 7.80313 7.77557 7.73662 7.69550 8.70233 9.11441 8.96941 8.96842 8.98946 9.01051 9.03259 9.23654 9.25137 9.35328 10.9503 11.3995 11.4303 11.4303 11.4585 11.9608 11.9688 12.8583 16.0800 16.5425
9.35233 9.30930 9.26629 9.22326 9.20199 9.20199 9.31772 9.37803 9.36837 9.20940 8.46031 8.33950 8.35425 8.35523 7.51945 7.45932 7.45932 7.45932 6.95878 6.54365 6.53157 6.49799 6.46390 6.42992 6.10722 5.92725 5.82831 5.81250 5.80662 5.80317 5.88087 5.96896 5.89297 5.86822 5.84891 5.83102 5.78129 6.75373 7.56155 7.74613 7.72022 7.69383 7.69579 7.50137 7.46362 7.48141 7.50287 8.01352 9.02711 9.04327 9.04435 9.04435 9.04435 9.04435 9.19076 9.25137 9.25137 10.4277 11.2983 11.3916 11.3761 11.3605 11.7710 11.8679 11.7786 14.3122 14.3141
9.20199 9.20199 9.20199 9.20199 9.19611 9.14484 9.17846 9.44649 9.62019 9.59000 8.67758 8.33748 8.28987 8.25582 7.59971 7.25818 7.22413 7.19015 6.96573 6.20649 6.18295 6.16957 6.15412 6.14129 6.03555 5.87606 5.80858 5.73623 5.75421 5.78641 5.82385 5.62882 5.48980 5.40462 5.32149 5.23657 5.18804 5.96192 7.19173 7.57340 7.59630 7.62277 7.69760 7.58493 7.55925 7.56222 7.56222 7.62129 8.97312 9.02350 9.00792 8.99236 8.97680 8.96121 9.04518 9.13715 9.12154 9.74011 11.0353 11.2019 10.8697 10.5936 10.7403 10.8407 10.7815 11.1206 11.7885
9.34881 9.10080 9.05931 9.05694 9.06092 9.11027 9.14559 9.11957 9.38026 9.35729 8.57992 8.09764 8.02937 8.02937 7.66044 7.07718 7.06354 7.04812 7.01801 6.22879 6.17630 6.24926 6.32467 6.39751 6.44467 6.26453 6.22406 6.05471 6.07030 6.05844 6.04341 5.37650 5.20994 5.19113 5.19878 5.21728 5.24984 5.50977 7.07539 7.68618 7.69338 7.68684 7.72652 7.63107 7.54270 7.53612 7.52964 7.52310 8.48894 8.99441 9.00220 9.01004 9.01784 9.02562 9.00660 8.84884 8.71235 8.71145 9.55790 9.88225 10.0783 10.2100 10.3779 10.7637 10.7672 10.7464 11.3694
9.37324 9.08219 9.12207 9.12254 9.12254 9.12254 9.11517 9.00505 9.19658 9.26258 8.77521 8.09531 7.97775 8.00169 7.87318 7.06248 7.00820 6.94844 6.89906 6.75222 6.63739 6.63895 6.64342 6.64790 6.65238 6.45431 6.38238 6.10014 6.09033 6.10805 6.13592 5.74168 5.44452 5.46355 5.49410 5.51385 5.51905 5.54026 6.72849 7.55124 7.71521 7.71543 7.74216 7.72501 7.58405 7.58390 7.58376 7.58361 8.09265 9.15065 9.04900 8.91285 8.77570 8.64896 8.69652 8.82098 9.04889 9.23524 9.75117 10.3468 10.3957 10.2646 10.1007 10.5039 10.3302 10.2347 10.7865
9.04302 8.64130 8.59505 8.54669 8.50628 8.47955 8.41917 8.28332 8.32230 8.56471 8.34532 8.16872 8.20296 8.09186 8.04133 7.44471 7.34948 7.37113 7.39286 7.33449 7.10462 7.12082 7.12232 7.12138 7.11665 6.95926 6.85993 6.65404 6.57945 6.60310 6.61910 6.37700 5.76730 5.74200 5.74200 5.74200 5.74200 5.74200 6.16275 7.31381 7.71987 7.71987 7.72120 7.77934 7.59099 7.49542 7.35121 7.20714 7.14536 8.45299 8.63952 8.84509 9.04729 9.23833 9.26491 9.16421 9.11270 8.92527 8.98020 9.61198 9.78112 9.75066 9.77705 10.1161 10.1066 10.0266 10.1946
8.81331 8.42309 8.26519 8.22093 8.16833 8.03759 7.87325 7.69512 7.48532 7.82217 7.84177 7.80925 8.28796 8.28831 8.28831 7.86463 7.53459 7.55016 7.55537 7.55270 7.26306 7.19122 7.14317 7.09794 7.05699 7.04965 7.19865 7.10303 6.93865 6.96235 6.98576 6.96445 6.23613 5.74224 5.74200 5.74200 5.74200 5.74200 5.77381 6.99123 7.65812 7.51901 7.37487 7.28357 6.97503 6.83901 6.88093 7.08217 7.30075 8.58485 9.24906 9.26488 9.25364 9.07608 8.86346 8.57783 8.30041 8.24596 8.31814 9.18583 9.82477 9.79163 9.77284 9.72462 9.68670 9.68645 9.70177
8.54445 8.21115 7.80309 7.66272 7.52240 7.44606 7.44593 7.43901 7.34948 7.65827 7.90390 7.92285 8.53592 8.62464 8.65185 8.46951 7.81789 7.70999 7.60378 7.50169 7.32044 7.23033 7.23054 7.23054 7.23054 7.22606 7.26311 7.30086 7.02924 7.02838 7.02838 7.02838 6.49109 5.77337 5.74200 5.73542 5.68953 5.63978 5.59300 6.28713 6.89811 6.94443 6.94529 7.07925 7.23751 7.56375 7.74326 7.76342 7.77984 8.30024 8.88753 8.64118 8.41472 8.36987 8.35340 8.30056 8.21463 8.20371 8.20347 8.77393 9.68267 9.77278 9.77278 9.74583 9.68670 9.68670 9.67315
8.41835 7.89028 7.51508 7.52047 7.54122 7.56195 7.58269 7.60169 7.51118 7.57410 7.99101 7.95107 8.50196 8.58041 8.46947 8.34362 7.49904 7.35347 7.35347 7.35347 7.32990 7.23057 7.23054 7.23054 7.22360 7.19524 7.16601 7.28487 7.02224 6.94982 6.93563 6.90662 6.53263 5.66843 5.45228 5.39953 5.38948 5.49741 5.34572 5.54851 7.04510 7.37250 7.57113 7.59154 7.59513 7.83632 7.89300 7.95171 7.98557 8.11045 8.34034 8.32387 8.31056 8.30936 8.30936 8.29717 8.20347 8.20347 8.20347 8.48199 9.49518 9.75558 9.73118 9.70052 9.59693 9.57198 9.55942
8.92904 8.04140 7.75436 7.60527 7.60527 7.60527 7.60527 7.60392 7.52425 7.40834 7.66669 7.64259 7.96790 8.22406 8.20298 8.17321 7.59359 7.24225 7.21254 7.18270 7.15251 7.01879 6.97055 6.94077 6.92448 6.93381 6.95448 7.15182 6.96410 6.77387 6.73502 6.73483 6.62758 5.99538 5.83308 5.95146 6.01555 5.97393 5.17230 4.99457 7.00896 7.66465 7.71843 7.76240 7.72491 7.94461 7.94235 7.92728 7.92443 7.96084 8.30801 8.30936 8.29608 8.27171 8.24735 8.22293 8.10465 8.06831 8.04389 8.08633 9.02080 9.55726 9.54255 9.45850 9.28328 9.14826 9.03795
9.19515 8.09081 7.91328 7.59303 7.53325 7.42475 7.26486 7.10626 6.94360 6.82768 7.00656 7.27975 7.49665 7.91949 7.91080 7.91080 7.59352 7.04944 7.05016 7.06097 7.07176 7.01625 6.93492 6.89374 6.78961 6.67319 6.65420 6.84025 6.86840 6.63572 6.67839 6.68893 6.62565 6.40148 5.92703 5.87851 5.87752 5.87753 5.39689 4.87995 6.07419 7.68799 7.74040 7.73713 7.70090 7.87988 7.96421 7.97724 7.99027 8.00329 8.11302 8.10415 8.09289 8.09277 8.09266 8.09254 7.97129 7.90536 7.96168 8.02987 8.39227 9.02080 8.94306 8.90751 8.84322 8.80649 8.80654
8.53144 7.83861 7.39193 6.86336 6.72867 6.67728 6.67717 6.67717 6.67772 6.68784 6.71718 7.18356 7.31281 7.92743 7.94740 7.94724 7.77670 6.97641 6.83506 6.74137 6.64603 6.56515 6.47962 6.53730 6.65426 6.77217 6.81017 6.88537 6.99679 6.59807 6.49965 6.43506 6.42840 6.39392 5.86446 5.85324 5.85040 5.84787 5.65418 4.86718 5.12448 7.64421 7.83126 7.84235 7.82215 7.88968 8.03283 8.03283 8.03283 8.03283 8.06517 8.09166 8.09366 8.14613 8.22052 8.29492 8.26718 8.18557 8.17649 8.15588 8.13235 8.65395 8.74651 8.66234 8.54991 8.40133 8.27651
7.45625 7.56599 7.07121 6.84753 6.67717 6.66421 6.63948 6.61254 6.54114 6.45169 6.34106 6.59137 6.78980 7.46490 7.50078 7.43576 7.42153 6.55737 6.33938 6.33483 6.33029 6.40757 6.79990 6.75462 6.73292 6.66363 6.59181 6.55391 6.75325 6.55743 6.44981 6.46887 6.48032 6.48615 5.99752 5.90834 5.90834 5.90834 5.90314 5.03020 4.91861 6.82856 7.84120 7.84360 7.84324 7.82347 8.03283 8.03286 8.07269 8.14712 8.23800 8.35464 8.42682 8.43529 8.40843 8.37690 8.29942 8.10021 8.09151 8.09304 8.10511 7.97108 8.10220 8.05647 8.00492 7.89366 7.92071
7.10120 7.49035 6.72385 6.48771 6.04924 5.93703 5.83650 5.73827 5.68344 5.65946 5.65001 5.80622 6.27504 7.08131 7.37923 7.37923 7.37923 6.82264 6.30205 6.31253 6.32628 6.28722 6.67738 6.64755 6.62880 6.65450 6.68283 6.71538 6.87376 6.86781 6.63056 6.64356 6.65655 6.66954 6.23321 5.90834 5.90834 5.90834 5.90834 5.35055 4.91861 5.80547 7.77541 7.86985 7.94317 7.96609 8.26739 8.35053 8.37447 8.35606 8.32716 8.35143 8.33478 8.33260 8.34450 8.36080 8.37276 8.17050 8.17539 8.17952 8.19764 8.07014 8.08119 8.12090 8.15886 8.03757 8.00953
7.01793 6.94026 6.25631 6.03660 5.70317 5.63851 5.63616 5.63380 5.63248 5.63534 5.64334 5.65705 6.22074 6.97002 7.59195 7.63386 7.67581 7.40763 6.54526 6.44690 6.34784 6.29511 6.58101 6.81843 6.81491 6.81478 6.81478 6.82120 6.88742 7.09112 6.73362 6.72789 6.72789 6.72789 6.44466 5.90834 5.90834 5.90834 5.91542 5.71069 5.03181 5.11927 7.68977 8.06730 8.02686 8.01240 8.25803 8.33172 8.32711 8.33031 8.34642 8.40542 8.42367 8.42367 8.42367 8.43195 8.47576 8.34912 8.33917 8.38711 8.41953 8.31590 8.15681 8.18140 8.18140 8.07988 8.00953
7.06953 7.15540 6.68478 6.03178 5.87187 5.70016 5.73327 5.76643 5.79956 5.83304 5.87637 5.89832 6.19682 6.90063 7.71553 7.64163 7.52548 7.38433 6.34646 6.17422 6.16810 6.16810 6.29042 6.83854 6.81478 6.81478 6.81478 6.81537 6.84104 7.06610 6.81128 6.72035 6.71774 6.71477 6.62710 5.91324 5.93521 5.95221 5.97197 5.94806 5.04556 5.03394 6.69678 8.05116 8.06687 8.06498 8.22039 8.36484 8.36484 8.36484 8.36816 8.43467 8.51334 8.56123 8.60913 8.64877 8.65283 8.53098 8.42047 8.42047 8.42047 8.41752 8.13215 8.18140 8.18200 8.13012 8.02720
7.19948 7.17522 7.14289 6.36998 6.23340 5.89008 5.88791 5.88791 5.88791 5.88791 5.89132 5.84435 5.84182 6.31196 7.27117 7.35271 7.35727 7.35727 6.56833 6.16046 6.15544 6.15040 6.14538 6.73150 6.78498 6.78041 6.77583 6.76674 6.78348 6.91950 6.86999 6.67820 6.71925 6.76528 6.77908 5.94315 5.70485 5.56052 5.49069 5.51599 5.66255 5.86727 6.29176 7.97775 8.05979 8.06039 8.17976 8.44424 8.49209 8.54000 8.58455 8.60620 8.65283 8.65283 8.65283 8.65308 8.65980 8.60019 8.44650 8.45604 8.46556 8.47524 8.27049 8.25506 8.26398 8.24890 8.09772
7.12501 7.12501 7.15007 6.66905 6.28195 5.98441 5.86355 5.80485 5.76850 5.74201 5.69084 5.64897 5.64966 5.95878 7.05983 7.32014 7.31557 7.31100 6.84730 6.12041 6.11448 6.10346 6.08701 6.46963 6.71642 6.72972 6.73523 6.74503 6.78815 6.78601 6.79242 6.56219 6.42419 6.27570 6.17933 5.73097 5.58369 5.79822 5.91860 5.91899 5.91899 5.89590 5.83580 7.54988 8.22464 8.27196 8.31835 8.57543 8.58609 8.58016 8.57443 8.56994 8.69477 8.71864 8.72906 8.73924 8.74295 8.72727 8.58154 8.58936 8.60789 8.71610 8.62801 8.48404 8.84236 9.20388 9.41546
7.18587 7.20676 7.22833 7.05259 6.29710 6.15783 5.83679 5.86900 5.87883 5.87883 5.81880 5.62209 5.62209 5.75428 6.77540 7.28876 7.27744 7.26250 7.04092 6.08028 5.97104 5.94623 5.92686 6.07102 6.60247 6.48119 6.35168 6.21771 6.09082 6.06555 6.20175 6.27071 6.46036 6.65198 6.81249 6.47851 5.91524 5.86254 5.80246 5.73839 5.67257 5.62983 5.62429 6.57855 8.26449 8.26144 8.26728 8.48440 8.55930 8.56020 8.56090 8.56095 8.69028 8.75416 8.75416 8.75682 8.83988 8.96079 9.01878 9.16937 9.58363 9.95464 10.2278 9.71680 9.77897 9.82305 9.76352
7.32566 7.40976 7.51021 7.63966 6.72905 6.56033 5.90101 5.87883 5.88709 5.91410 5.93633 5.69552 5.58975 5.54295 6.36883 6.67728 6.52093 6.37734 6.22963 6.01964 5.87453 5.87521 5.87589 5.87658 5.95604 6.01804 6.01872 6.07916 6.25013 6.47316 6.75229 6.86775 6.83568 6.79788 6.75984 6.57030 5.62765 5.61119 5.60542 5.60368 5.60368 5.60368 5.60368 5.77561 8.08179 8.25590 8.25592 8.42181 8.56095 8.56095 8.56095 8.62186 8.82024 9.05682 9.17772 9.30413 9.58503 9.94514 10.2931 10.6207 10.7132 10.7591 10.8186 10.1969 9.97719 9.93731 9.83302
7.89997 7.93442 7.98920 8.08858 7.41941 6.82002 6.21957 5.92334 5.88637 5.82540 5.76130 5.50550 5.50483 5.54775 6.13881 6.37388 6.17166 6.17166 6.17166 6.11204 5.88252 5.88252 5.88374 5.91445 6.10781 6.40255 6.58979 6.77143 6.85922 6.99026 7.09967 7.01853 6.98875 7.03740 7.08612 7.12679 5.76655 5.60368 5.60368 5.60368 5.60368 5.60368 5.60368 5.60368 7.29151 8.25590 8.29456 8.50347 8.83892 8.95970 9.08794 9.18919 9.41886 9.98223 10.3783 10.7767 10.9596 11.0416 11.0620 11.0643 11.1116 11.1586 11.1924 10.7761 9.98136 9.98777 9.94665
8.12764 8.10449 8.05540 8.00479 7.77903 6.76135 6.52573 5.90858 5.91757 5.92657 5.93560 5.80251 5.65057 5.67044 5.87425 6.75007 6.38671 6.40253 6.41844 6.43271 6.50687 6.74000 6.97240 7.25717 7.45786 7.54719 7.60850 7.62932 7.62824 7.65616 7.68845 7.62994 7.52236 7.52193 7.52193 7.52193 6.24159 5.60368 5.60368 5.60368 5.60368 5.61001 5.65659 5.70975 6.50286 8.73442 8.81303 8.89052 9.55239 9.99808 10.4342 10.8361 11.0753 11.2897 11.3633 11.4001 11.4174 11.4179 11.4168 11.4238 11.5010 11.5781 11.6554 11.4982 10.0688 10.0142 10.0142
8.14743 8.14489 8.10803 8.01240 7.94778 7.02845 6.92420 6.17188 6.09434 6.07777 6.06148 5.97936 5.72100 5.68987 5.65944 6.98679 6.76141 6.88987 7.07745 7.34054 7.57338 7.72999 7.87498 7.92342 7.92342 7.76707 7.62824 7.62824 7.62824 7.64099 7.68845 7.67475 7.52642 7.52432 7.52845 7.53257 6.72569 5.65427 5.70166 5.74891 5.79627 5.83323 5.79928 5.75225 5.76682 8.59454 9.28410 9.61035 10.8928 11.2247 11.2247 11.2247 11.2247 11.3436 11.4816 11.5587 11.6359 11.7131 11.7788 11.7188 11.7136 11.7136 11.7136 11.7105 10.3955 10.0142 10.0142
7.97274 7.69752 7.58703 7.53286 7.56980 7.14584 6.76120 6.26669 5.93508 5.93508 5.93508 5.93203 5.66835 5.65301 5.68911 6.99868 7.70361 7.70280 7.83350 7.87590 7.89398 7.92342 7.92360 7.92408 7.92457 7.86773 7.63050 7.63086 7.63135 7.63274 7.72142 7.74807 7.61654 7.59998 7.63787 7.65553 7.27215 5.74892 5.68645 5.64530 5.60422 5.62007 5.71317 5.81263 5.90409 8.07203 9.85148 9.85148 10.5533 11.2721 11.3493 11.4265 11.5037 11.6398 11.7876 11.7876 11.7876 11.7876 11.7876 11.7372 11.7381 11.7670 11.7959 11.8248 11.0689 10.1832 10.2121
7.72404 7.34687 7.34687 7.34687 7.41843 7.36808 6.74283 6.55775 5.93508 5.95248 5.99671 6.07522 5.98097 5.98910 6.06262 6.78320 8.20016 7.87880 7.87929 7.87978 7.88537 7.92819 7.92859 7.92860 7.93579 7.95492 7.72195 7.70403 7.76841 7.86809 8.04148 8.15843 8.03067 7.53716 7.49992 7.48357 7.41768 5.71786 5.67667 5.77613 5.87554 5.92191 5.92191 5.92191 5.93029 6.69434 10.0355 10.1142 10.5246 11.5871 11.5944 11.6024 11.6167 11.6445 11.8912 11.9236 11.9532 11.9863 12.0200 12.0059 11.9548 11.9516 11.9484 11.9469 11.6992 10.1446 9.99523
8.02892 7.34720 7.35460 7.36472 7.38760 7.50106 6.93877 6.86501 6.32731 6.38681 6.47431 6.52010 6.33774 6.09445 6.09445 6.34824 8.11242 7.89702 7.89604 7.91587 7.93570 7.99501 8.03866 8.13188 8.26301 8.38184 8.29549 8.17042 8.20973 8.21379 8.25967 8.31549 8.24515 7.57230 7.55437 7.64277 7.73117 6.46193 5.92491 5.93256 5.95753 5.98531 6.01479 6.05509 6.08882 6.11146 9.59432 10.3388 10.4290 11.6321 11.7694 11.7806 11.7853 11.7901 12.0539 12.1275 12.1315 12.1320 12.1323 12.0920 11.9456 11.9731 11.9662 11.8156 11.6135 9.70054 9.19535
8.33640 7.40235 7.25333 7.12325 6.91609 6.93299 6.73099 6.52233 6.52233 6.52233 6.52233 6.52095 6.43580 6.07120 6.05947 6.05210 7.66585 8.10856 8.11932 8.22547 8.34404 8.48801 8.60648 8.64583 8.64004 8.63412 8.55530 8.17854 8.17171 8.16579 8.21861 8.38241 8.46296 7.97091 7.73630 7.77393 7.81973 7.06568 6.15809 6.19256 6.20975 6.22413 6.23676 6.23863 6.23863 6.23863 8.19983 10.4309 10.4309 11.3823 11.8041 11.8041 11.8041 11.8041 11.9874 12.1715 12.1990 12.2266 12.2429 12.0939 11.6842 11.4912 11.3380 11.3110 11.2691 10.1289 9.08367
7.96637 7.08467 6.64264 6.54749 6.54562 6.65997 6.72271 6.48584 6.46578 6.43886 6.36460 6.28304 6.20862 5.74806 5.68262 5.70664 6.84463 8.22497 8.51829 8.52482 8.51890 8.52745 8.56121 8.56121 8.56121 8.56121 8.58541 8.32923 8.37153 8.49122 8.57992 8.72547 8.78445 8.50819 8.05435 8.06653 8.07047 7.63274 6.30738 6.23863 6.23863 6.23863 6.23863 6.23863 6.23863 6.23863 6.73856 10.3842 10.4309 11.0156 11.8378 11.8654 11.8929 11.9205 12.0215 12.1601 11.9725 11.7848 11.6021 11.5268 11.2501 11.0302 10.9371 10.8586 10.8035 10.3511 8.84465
7.46775 7.03629 6.50997 6.50987 6.46767 6.33865 6.37600 6.12436 6.00495 5.95869 6.02905 6.12173 6.21446 6.02359 5.92970 5.92978 6.63743 7.92699 8.51483 8.49266 8.46725 8.44365 8.70868 8.82053 8.94405 9.06601 9.14591 8.95830 8.79938 8.82377 8.84158 8.91625 8.95096 8.83066 8.15160 8.11943 8.11943 7.97340 6.43182 6.23863 6.23863 6.23863 6.23863 6.23863 6.25243 6.37643 6.52741 9.55218 10.6046 10.8908 11.8696 11.8302 11.5926 11.3434 11.1013 11.2639 11.2158 11.1544 11.0991 11.0752 10.9011 10.6292 10.6543 10.6841 10.7140 10.6823 8.96226
