OMI_NO2_yc_0.0167deg/OMI_NO2_yc_0.0167deg/OMI_NO2_200711.asc
ncols      200
nrows      200
xllcorner       110.913
yllcorner       33.7933
cellsize     0.0166667
NODATA_Value      -999.000
[rows 116 to 144 of 165, columns 0 to 66 of 200]
27.1650 27.1264 27.4333 27.4777 29.7141 29.9400 30.3454 29.8347 29.2585 28.6812 28.1043 27.5654 27.4121 27.3619 28.1345 28.6419 28.6166 28.6405 28.1371 28.1127 28.2330 28.1484 28.3794 27.4948 27.2780 27.1788 26.9016 26.6138 25.1031 24.3856 23.9238 23.6236 23.4623 23.3521 23.2569 22.8002 22.7412 22.7412 22.7121 22.0965 22.0384 22.5054 22.9294 22.0707 20.5359 20.0797 19.9301 19.7164 19.9352 20.0615 20.0871 20.0314 19.3524 19.3501 19.3923 19.8594 21.5498 24.5813 28.1997 28.9423 29.2265 29.4673 29.7138 30.4100 30.4711 30.8281 30.9524
26.2835 26.2374 26.2785 26.1914 26.9773 27.0288 27.0798 27.0318 26.9824 26.9329 26.8833 26.8337 26.7843 26.7349 27.1320 28.0004 27.8726 27.7034 27.3912 26.7877 26.5508 26.2599 26.3255 25.9099 25.0126 24.8240 24.8143 24.8143 24.2628 23.2834 23.2439 23.1524 23.1524 23.1524 23.1524 22.8630 22.8658 23.3274 23.7865 23.8174 23.7814 23.7835 23.7947 22.8436 20.9468 20.1771 20.1533 19.8223 19.9552 20.1207 20.1664 20.2598 20.6717 21.5769 22.2498 22.6597 23.9841 24.9058 29.1079 29.4351 29.5730 29.5730 29.7443 30.3587 30.5217 30.6267 30.9203
25.1794 24.9565 24.9239 24.8689 25.1392 25.7842 26.0643 26.2136 26.1267 26.0394 25.9381 25.8282 25.7182 25.6083 25.5572 25.5775 25.2469 24.9368 25.0794 24.7188 25.1328 25.2507 25.3650 25.8103 24.8143 24.8143 24.8143 24.8143 24.7617 23.3729 23.2766 23.1550 23.2680 23.7210 24.1718 24.4333 24.3818 24.2271 24.0526 23.9518 23.9414 23.8960 23.8899 23.4000 21.3138 20.1218 19.9350 19.6480 19.7039 19.9855 19.9878 19.9430 21.4582 22.9504 22.9504 22.9504 23.6094 24.2450 28.2995 29.1402 29.2704 29.1587 29.1368 29.5839 29.7097 29.6921 30.2445
24.2751 24.1340 23.9713 23.7053 23.5807 24.3705 24.7652 25.4065 25.3835 25.3606 25.3521 25.3476 25.2661 25.1505 25.0269 24.7290 24.6547 24.6547 24.8874 24.6751 24.9541 25.2507 25.2012 26.1223 24.8202 24.8143 24.8143 24.8143 24.9284 24.4241 24.2459 24.4213 24.5472 24.3960 24.2217 24.0272 23.6572 23.6537 23.6537 23.6925 23.7787 23.3859 23.0326 22.4640 20.2687 19.7714 20.0062 19.8011 19.6513 19.9321 19.9430 19.9430 20.5481 22.9504 22.9504 22.9504 23.2181 24.2450 26.5583 28.4276 28.6596 28.5645 28.5899 29.1228 29.7642 29.8232 30.3216
23.4266 23.4036 23.3837 23.2702 23.2587 23.9615 24.4138 25.3508 25.2811 25.1666 25.0440 24.9181 24.8836 24.8836 24.8836 24.7675 24.6547 24.6547 24.7163 24.7194 24.7725 25.2407 25.2396 25.9896 25.0687 25.1840 25.5473 25.8029 25.9168 25.3597 24.0769 23.9651 23.8575 23.8188 23.6998 23.2852 22.7099 22.3522 21.9751 21.4784 21.4701 21.2051 21.0221 20.9672 19.6338 19.7938 20.0680 19.9503 19.6951 19.9232 19.9977 19.9997 20.0142 22.6939 23.0135 22.9747 22.8430 23.8560 25.0015 28.1054 28.7685 28.8730 28.8981 29.2831 30.0071 30.0797 30.4679
23.3811 23.3603 23.3298 23.2156 23.0519 23.2326 23.7076 24.5408 24.6155 24.5807 24.5458 24.5111 24.4762 24.4414 24.4067 24.3180 24.1082 24.0734 24.0385 23.7013 23.4504 23.7103 23.6862 23.8935 23.3011 23.6729 24.5122 24.4770 24.4709 24.2730 22.6620 22.0531 21.5551 21.1497 20.7853 20.5851 20.4731 20.3666 20.2260 20.2150 20.4159 20.5264 20.5245 20.5333 19.6666 19.2733 20.1225 20.0647 19.8264 19.9867 20.1313 20.0913 19.9839 21.6696 22.7738 22.7014 22.7282 23.5411 24.2514 28.3087 29.0777 29.0591 29.0588 29.4934 30.1005 30.2922 30.7273
22.5323 22.3288 22.1080 21.8095 21.6108 21.6990 22.7641 23.5268 24.0033 24.0033 24.0033 24.0033 24.0033 24.0033 23.9922 23.8189 23.3871 23.1549 22.9352 22.3538 22.2452 22.5576 23.0479 23.2453 23.0780 22.0093 23.2359 22.7864 22.3368 22.0813 21.4184 20.6696 20.3517 20.1283 19.9557 19.9124 19.8982 19.9512 19.9042 19.8809 19.9336 20.2955 20.3212 20.3442 19.7315 18.4491 19.9534 20.0084 19.9966 20.3049 20.5557 20.5021 20.5448 21.4679 23.6393 23.7567 23.9349 24.3651 24.8557 27.7477 29.6095 29.6571 29.9982 30.7042 31.6147 32.2761 32.1829
21.6614 21.7514 21.7514 21.7223 21.6108 21.6153 22.4951 23.2213 24.0096 23.9870 23.8003 23.5792 23.3581 23.1373 22.9273 22.8753 22.7155 22.6437 22.6423 22.2572 21.1504 20.7182 21.1161 20.6238 20.2303 18.8397 20.7587 20.8274 20.5373 20.2472 19.8754 18.9778 18.7690 18.6271 18.5820 18.5380 18.4990 18.6055 18.5881 18.5245 18.4662 18.8144 19.0711 19.4540 19.3004 18.6818 19.8589 20.2695 20.2250 20.3872 21.2740 21.2123 21.3423 21.5724 24.4816 24.6709 24.6709 24.7468 25.2845 27.3989 30.4773 30.9547 30.8671 30.9374 31.1937 31.6537 31.6215
21.6626 21.8680 21.8667 21.8627 21.7303 21.7250 22.0485 22.3313 23.2099 23.0137 22.9794 22.9318 22.8330 22.7339 22.6352 22.5365 22.3417 22.1100 22.0109 21.7906 18.7460 18.4584 19.1189 19.2236 18.4999 17.2441 18.1668 19.3606 19.4074 19.5231 19.5428 18.8619 18.4894 18.2430 18.2430 18.2430 18.2430 18.3181 18.3770 18.3734 18.3625 18.6097 18.8793 19.4093 19.4293 18.9897 19.4463 20.6976 20.8089 20.8761 21.9472 21.6635 21.6635 21.7661 24.2010 25.3704 25.6590 25.8780 25.8897 26.4479 29.8917 30.5954 30.5326 30.6585 30.8688 31.4785 31.5458
21.3612 21.6395 21.5984 21.5557 21.1046 20.8404 20.7427 20.6513 21.5806 21.6701 21.5120 21.3881 21.3153 21.2375 21.1444 21.0736 20.9835 20.8453 20.8005 20.6945 18.6909 18.1163 18.2596 18.5083 18.2036 17.5434 17.4577 19.4172 19.4222 19.5359 19.5428 19.1784 18.6031 18.2430 18.2430 18.2396 18.2287 18.2516 18.3427 18.3693 18.4094 18.6257 19.2841 19.9439 20.0964 19.6615 19.2327 20.9464 20.9948 21.2344 22.7677 23.2565 23.8283 24.3358 24.8930 25.6448 25.6448 25.6448 25.7082 25.8082 29.1448 30.5502 30.4838 30.4966 30.7437 31.1418 31.3330
20.7211 21.1049 21.0557 20.9867 20.4528 19.9279 19.8450 19.7559 20.3400 20.7244 20.6842 20.6575 20.6307 20.7810 20.8695 20.7960 20.7069 20.6183 20.5491 20.5402 19.3660 18.1433 18.1609 18.4837 18.2983 17.8083 17.0916 18.9776 19.4202 19.5049 19.5428 19.4813 18.6778 18.2777 18.2592 18.2982 18.3393 18.3817 18.5421 18.5572 18.5569 18.5761 19.4288 19.9764 20.3901 20.3202 19.8955 22.1186 23.4020 23.6543 24.3187 24.6275 24.4193 24.4193 24.5994 26.2194 26.8213 27.3999 27.9799 28.6670 29.2224 30.0296 30.2548 30.1622 30.3743 30.5778 30.9327
19.6471 20.2770 20.4648 20.4380 20.1643 19.4640 19.4511 19.4552 19.8394 20.6071 20.6036 20.5321 20.4399 20.4785 20.5600 20.5457 20.5457 20.5424 20.5402 20.5402 19.8991 18.2276 18.1524 18.3683 18.3484 18.1103 17.0992 18.1828 19.4264 19.5172 19.6276 19.6706 19.1113 18.5990 18.4309 18.4243 18.4211 18.4102 18.6085 18.9189 19.0950 19.3010 20.1714 20.8695 21.3345 21.2551 20.5274 21.6514 24.0212 24.6084 25.5667 26.8805 27.0760 27.6300 28.1143 29.0772 29.3194 29.3430 29.3394 29.3703 29.2256 29.3812 29.8489 29.8047 30.0217 30.1405 30.5473
18.8395 19.6988 20.3716 20.3716 20.3278 19.4657 19.4506 19.4163 19.4330 20.2682 20.1312 20.0452 19.9792 19.9638 20.1739 20.1151 20.0562 19.9957 19.9332 19.8743 19.6021 18.3719 18.0449 18.0810 18.1947 18.0419 17.3653 17.4812 19.4955 19.5266 19.6248 19.6192 19.3139 18.5039 18.1827 18.1397 18.0983 18.0953 18.6273 19.5906 19.6772 19.7337 20.0649 20.7410 21.2797 23.4245 23.9035 24.3331 27.4565 27.5147 27.6189 28.7081 28.2916 28.2621 28.2406 28.7062 29.2340 29.2265 29.2693 29.4669 29.6381 29.4162 29.9018 29.7594 29.7534 29.7216 30.0453
17.3034 18.0632 18.8407 18.7975 18.6935 17.9267 17.6909 17.6268 17.5890 18.4139 18.5934 18.5934 18.5934 18.5934 19.0059 19.0598 19.0598 19.0566 18.9869 18.8972 18.8023 18.2203 17.5767 17.5493 17.8661 17.7891 17.6562 17.1541 18.8386 19.3189 19.3721 19.3316 19.2746 18.4618 18.0766 18.1475 18.2221 18.2670 18.3321 19.5405 19.5675 19.5842 19.6401 20.5742 21.0405 23.4090 25.0697 24.6116 26.9963 27.8791 27.7998 28.5536 28.4016 28.3949 28.4628 28.7979 29.8223 29.8490 29.8098 29.7286 29.7119 29.3497 29.3871 29.2169 29.1249 28.6010 28.1754
16.5833 17.4920 18.1886 18.3873 18.3873 17.9376 17.5818 17.5818 17.5859 18.1578 18.5934 18.5861 18.5598 18.4379 18.6021 18.6550 18.5217 18.3912 18.3181 18.2734 18.2300 17.9433 17.1379 16.9908 17.1060 17.2967 17.6854 16.9851 17.9653 19.3330 19.5152 19.6663 19.7319 19.1973 18.4077 18.2289 18.1058 17.9819 17.8581 18.7034 18.9290 18.7763 18.7346 19.6442 20.4570 21.9455 25.1178 24.8513 25.6891 27.3447 27.2491 28.0096 28.4763 28.6955 28.5849 28.4762 29.3595 29.3839 29.3159 29.3153 29.2145 28.3809 27.5579 26.6000 25.6301 25.4314 25.3320
16.5455 16.9708 17.4373 17.7643 17.7154 17.4074 16.8120 16.7467 16.5770 16.7831 17.3245 17.1820 17.0583 17.0303 17.2574 17.6704 17.6540 17.6070 17.5566 17.5064 17.4588 17.2393 16.4984 16.1182 16.1029 16.5233 17.3318 16.6354 16.7476 18.7552 18.6136 18.3247 18.1662 17.8771 17.2198 17.1998 17.1998 17.1998 17.1998 17.7633 18.5270 18.5270 18.3924 18.6874 19.2869 19.6705 23.6531 24.2813 24.2690 27.1312 27.1031 27.4642 27.8764 28.1444 28.1839 28.1839 28.6184 28.2428 27.2058 26.1275 25.2409 24.8727 24.3372 24.4558 24.4582 24.6073 24.6846
16.4748 16.6016 16.7764 17.2015 17.0486 16.8219 15.6592 15.4640 15.3909 15.6369 16.5318 16.4881 16.4347 16.3762 16.3237 16.8786 16.7950 16.6901 16.5104 16.3547 16.1418 15.8137 15.1447 14.4119 14.2300 14.9362 15.9762 15.9869 15.9182 17.6352 18.2813 18.0207 18.0191 18.0189 17.3538 17.1998 17.1998 17.1998 17.0681 16.8986 17.7298 17.3953 17.1704 17.4560 18.4089 19.2066 22.1719 23.9368 23.6657 25.9156 26.8622 27.1393 27.6197 27.1081 26.5241 25.7237 24.9977 24.5428 24.5428 24.5428 24.5634 24.6149 24.3000 24.3523 24.4361 24.3110 24.1014
16.0405 15.9758 15.9810 16.4943 16.5655 16.5007 15.0639 14.7550 14.6902 14.7722 15.5081 15.5484 15.3987 15.2536 15.1578 15.2532 15.0702 14.9075 14.8069 15.0807 15.0519 14.9771 14.7171 14.0758 14.0525 14.5400 15.7099 16.0638 15.9182 16.8073 18.3051 18.0735 18.0191 18.0191 17.5059 16.7423 16.3963 15.9805 15.7015 15.6918 16.7752 17.0257 17.0538 17.1632 17.9445 18.9288 20.8683 23.8577 23.7393 24.5992 25.0300 24.2293 24.7531 24.8327 25.1476 25.1476 25.1292 24.5686 24.3640 24.0657 23.7696 23.5392 23.0323 22.5856 22.5485 22.5269 22.5181
15.0313 15.3270 15.4155 15.6632 15.7812 15.6982 14.6258 13.9171 13.8342 13.8422 14.5319 14.9600 14.9600 14.9562 14.9151 14.8077 14.7152 14.6762 14.6711 14.9126 15.0138 15.0136 14.7478 14.2746 14.0525 14.2122 15.4906 16.0539 15.9182 16.0337 18.0739 17.6214 17.0274 16.5629 16.1674 15.5560 15.5542 15.6369 15.7173 15.7272 16.3957 16.9752 16.8860 16.8326 17.4574 18.4948 19.5427 24.0313 24.0714 24.0181 23.5461 23.4415 24.1115 23.9510 23.9530 23.6753 23.3413 22.7111 22.4527 22.4443 22.4333 22.4142 22.1416 21.6916 21.7029 21.6955 21.8083
14.0377 14.8099 14.9697 15.1341 15.3701 15.3701 14.7629 13.7546 13.7546 13.7622 14.2429 14.8711 14.8205 14.7737 14.7642 14.7384 14.6381 14.5913 14.5446 14.6466 14.7938 14.7472 14.5516 14.2840 13.8230 13.8002 14.7740 15.5357 15.3162 15.1797 15.7310 15.8943 15.6637 15.6431 15.6227 15.4454 15.4771 15.6000 15.7270 15.8580 16.0194 16.1180 16.1901 16.2612 16.7572 17.8113 18.4376 21.9667 22.6964 22.3090 21.5370 21.0386 21.7470 22.1227 22.2317 22.3160 22.2087 21.8969 21.4616 21.2409 21.0724 20.9915 21.0145 20.7669 21.1049 21.3340 21.5427
13.2081 14.1776 14.3012 14.3591 14.6286 14.5849 14.2763 12.7823 12.6792 12.5775 12.7393 13.6506 13.6111 13.5586 13.5059 13.4556 13.4898 13.4921 13.4921 13.5481 13.8328 13.7370 13.6378 13.5751 12.8805 12.7453 13.2338 14.5618 14.7056 14.6395 15.0636 15.9224 15.8103 15.9698 16.1449 16.1471 15.9663 16.0613 16.1566 16.2518 16.3077 16.3110 16.3141 16.3169 16.3191 17.1151 18.0200 19.5818 21.2310 21.0146 20.6632 20.0167 20.5012 21.0337 20.9741 21.0467 20.9247 20.8817 20.7043 20.7442 20.7371 20.7078 20.7387 20.4496 21.0207 21.3180 21.4137
12.7054 13.0449 13.5344 13.6079 13.8318 13.8676 13.8466 12.3913 12.2325 12.2325 12.3271 13.2380 13.4379 13.4379 13.4379 13.4301 13.3543 13.2231 13.0730 12.9235 13.0769 13.0437 13.0484 13.1882 12.7924 12.7359 13.0103 14.8696 15.3784 15.5006 15.6210 16.5938 16.4679 16.4882 16.5905 16.6747 16.3519 16.3109 16.2853 16.2629 16.2403 16.2179 16.1953 16.1732 16.1266 16.5415 17.6356 18.5167 20.5788 20.3691 20.2529 19.3845 19.6051 20.5621 20.6348 20.8316 20.8252 20.7339 20.4617 20.3295 20.2460 20.1883 20.4301 20.3510 21.0186 21.8063 22.3423
13.1388 12.5593 13.3378 13.3030 13.4773 13.6299 13.6058 12.5058 11.9421 11.9180 11.9011 12.4785 12.7326 12.5446 12.3568 12.7098 13.6971 14.5840 15.4190 16.2320 16.4914 12.5994 12.6269 12.7908 13.0469 13.0737 13.0987 14.9804 15.7010 15.8760 16.0738 16.9076 17.1381 16.7984 16.7889 16.7795 16.4237 16.2490 16.2520 16.2520 16.2520 16.2520 16.2520 16.2520 16.2330 16.3448 17.3313 17.6173 20.1865 20.1209 20.1730 19.6271 19.3659 20.4351 20.3645 20.3467 20.3952 20.3952 20.2920 20.1865 20.3775 20.7658 21.2785 21.6974 21.8734 22.2657 22.5426
13.6073 12.3773 13.3588 12.9114 13.0252 13.2832 13.1805 12.3687 11.3657 11.8197 12.7858 14.0834 15.7152 16.6469 17.5531 18.0043 17.9536 17.6338 17.6153 17.5832 17.6540 13.4330 12.6935 12.7931 13.0493 12.9258 12.7813 14.2041 16.1307 16.8528 16.8593 17.1251 17.5865 16.7806 16.7806 16.7806 16.6033 16.2520 16.2520 16.2520 16.2520 16.2116 16.1286 16.0458 15.9616 15.9088 16.8804 17.3552 19.4278 19.9564 19.8704 19.6128 19.0066 20.0271 20.2502 20.2715 20.4821 20.8845 21.2423 21.3559 21.5396 21.5397 21.5898 21.8267 21.7238 22.1553 22.4932
13.5782 12.4875 12.7341 12.5069 12.3629 14.1430 16.0547 16.7642 16.8079 17.1884 17.1416 17.1488 17.8494 17.7797 17.6924 17.6272 17.5635 17.3022 17.3054 17.3372 17.3962 15.0083 12.5706 12.4705 12.6030 12.6800 12.6800 13.3065 16.0765 16.7385 16.8593 16.8713 17.7032 16.8521 16.7806 16.7806 16.7521 16.2439 16.1299 16.0482 15.9757 15.9643 16.0523 16.1446 16.2367 16.2098 16.4587 17.1900 18.4640 19.9912 20.1930 20.3897 20.0928 20.4343 21.0173 21.4208 21.8390 21.8913 21.8910 21.5822 21.5397 21.4536 21.1230 21.0300 21.3215 22.3117 22.5799
12.9180 12.2105 11.6815 12.0827 11.8821 14.2744 17.8426 17.7659 16.8264 16.7795 16.7838 16.7916 17.3299 17.4947 17.5147 17.5147 17.4955 17.3326 17.1667 17.0223 16.9076 15.9751 12.2924 12.3327 12.5308 12.6800 12.6800 12.8892 15.4689 16.5193 16.8593 16.8593 17.4150 17.0700 16.6507 16.5732 16.4962 16.1264 16.0408 16.1320 16.2138 16.2753 16.2796 16.4523 16.8525 17.1955 17.6114 18.6582 19.2398 21.6724 21.7938 22.0821 22.4132 21.9892 21.7329 21.4352 21.1199 20.8064 20.4093 19.8722 19.3964 19.1014 19.0835 19.2615 20.3162 22.2563 22.5616
12.3851 12.0631 11.5276 12.4311 12.3684 12.9431 17.6815 17.7398 17.0902 16.8436 16.8436 16.8436 17.1905 17.3865 17.2422 17.0978 16.9725 16.9353 16.8982 16.8982 16.8982 17.0381 12.5107 12.3115 12.4651 12.6841 12.6859 12.7460 14.6054 16.4508 17.3998 17.7688 17.9755 17.0977 16.5091 16.5113 16.5130 16.3972 17.0184 17.4267 17.8033 18.1703 18.5272 18.6087 18.3745 18.1831 18.3298 19.3764 20.0634 21.9138 21.5882 21.2332 20.8708 20.2182 19.1244 19.0442 19.0846 19.2345 19.2303 19.1102 18.8693 18.9131 18.8838 18.9361 19.4863 22.2868 23.8516
11.6262 11.6197 11.9624 12.5033 12.5507 12.5813 16.6024 17.6697 17.2182 16.6483 16.4963 16.3445 16.3886 16.8401 16.8326 16.8251 16.8175 16.8050 16.7455 16.7376 16.7300 16.8736 13.7305 12.0913 12.4388 12.8379 13.2997 13.7532 15.0990 17.5043 18.2993 18.3471 18.3443 17.5134 16.5415 16.5415 16.5415 16.4831 18.3128 18.6504 18.4262 18.1897 18.3042 18.6824 19.1520 19.5198 19.4505 19.8667 20.2863 20.3400 19.9725 19.9214 19.8787 19.7817 18.6147 18.4529 18.3013 18.1772 17.9927 17.8951 17.8517 18.5099 18.9490 18.9516 19.2520 21.6669 23.6135
11.4344 11.4344 11.6835 12.0618 12.3928 12.3281 14.7681 17.1692 16.8014 16.0945 16.0945 16.0945 16.1239 16.7485 16.7655 16.7655 16.7655 16.7655 16.7188 16.7004 16.6893 16.7549 15.6110 13.0562 13.7705 14.4251 14.5296 14.5430 15.0620 17.0625 18.1963 18.4675 18.4751 18.0636 16.8110 16.5256 16.1922 15.8239 16.7846 17.9048 17.9528 18.0643 19.5589 19.7018 19.3734 19.4192 19.3332 19.6130 20.4361 20.4974 19.4969 19.2626 19.2065 19.1186 18.3270 17.8004 17.8180 17.8780 17.9356 17.9259 17.8521 18.1668 18.7649 18.7298 18.9604 20.6022 23.2927
