OMI_NO2_yc_0.0167deg/OMI_NO2_yc_0.0167deg/OMI_NO2_200704.asc
ncols      200
nrows      200
xllcorner       110.913
yllcorner       33.7933
cellsize     0.0166667
NODATA_Value      -999.000
[rows 29 to 57 of 200, columns 67 to 133 of 200]
4.67497 3.98189 3.61530 3.64003 3.66449 3.68903 3.71608 3.73647 3.65349 3.39656 3.39264 3.44377 3.49881 3.55163 3.59985 3.53025 3.59423 3.83806 3.93371 4.02408 4.12040 4.35190 4.46738 4.21284 4.16006 4.29819 4.34070 4.34070 4.30821 4.21845 4.16227 4.20644 4.33725 4.37762 4.54101 4.94576 5.20479 5.17777 5.10746 5.06164 5.01225 4.96091 5.06922 5.26580 5.26426 5.26907 5.50621 5.64489 6.50693 6.58714 6.78695 6.78695 6.99651 7.44392 7.81176 8.31710 8.24139 8.28607 11.8166 12.3130 12.3159 12.3171 12.3183 12.3195 12.4993 12.5751 13.4417
4.89217 4.32008 3.76559 3.75725 3.76146 3.73898 3.71137 3.69324 3.71340 3.45319 3.46240 3.57392 3.61336 3.67501 3.75575 3.79346 3.83710 4.22471 4.26743 4.26743 4.26743 4.33845 4.46738 4.30977 4.08280 4.25451 4.12195 4.05872 3.99319 3.93974 3.93147 3.94422 4.20008 4.20982 4.30854 4.53453 5.05326 5.03237 4.97626 4.91617 4.91181 4.91181 4.94593 5.26248 5.26426 5.26426 5.45356 5.51625 6.31928 6.48488 6.69284 6.59664 6.48990 6.98768 7.16135 8.05261 8.05394 8.05436 11.0275 12.3199 12.3199 12.3199 12.3199 12.3199 12.4370 12.5289 13.1585
4.83993 4.44086 3.77760 3.64436 3.66099 3.71132 3.76496 3.80585 3.80839 3.67434 3.64883 3.79277 3.98961 4.00884 4.00884 3.99516 3.86542 4.16702 4.26743 4.26743 4.26743 4.27969 4.45456 4.38719 4.02328 4.16955 3.98284 3.93525 3.93084 3.90968 3.90107 3.90107 4.11120 4.15629 4.21027 4.31114 4.89694 4.98734 4.97126 4.91181 4.91181 4.91181 4.91071 5.15174 5.20937 5.20547 5.32015 5.33476 5.68238 5.99630 6.11754 6.19324 6.19324 6.61944 6.98726 7.94351 8.05436 8.05436 9.53276 12.3199 12.3199 12.3139 12.2832 12.2494 12.2676 12.3954 12.7446
4.63046 4.54599 3.93963 3.79563 3.80839 3.80839 3.80839 3.80839 3.80839 3.80839 3.80839 3.82896 4.00811 4.00884 4.00898 4.02407 3.93124 4.13383 4.23887 4.21582 4.20486 4.19579 4.36260 4.40445 4.02718 4.06777 4.04905 3.93083 3.92605 3.89149 3.85120 3.82742 3.94717 4.09954 4.13760 4.25669 4.69112 4.93098 4.89450 4.78565 4.76597 4.75158 4.69471 4.73616 4.80123 4.63253 4.58355 4.80579 5.05423 5.87521 6.00632 6.19727 6.19269 6.32587 6.90494 7.52392 7.80946 7.75379 7.80933 11.6654 11.8254 11.7526 11.7045 11.6594 11.6211 11.7895 11.9450
4.92051 4.78821 4.14961 3.80839 3.80839 3.80839 3.80839 3.80839 3.81132 3.83037 3.85185 3.87336 4.06004 4.13476 4.15965 4.16964 4.09098 4.14539 4.25681 4.19487 4.19487 4.19487 4.30745 4.40519 4.12381 4.00667 4.07750 3.85508 3.83310 3.84065 3.85024 3.87746 3.92726 3.91540 3.86271 3.94389 4.17275 4.76388 4.72072 4.56717 4.39723 4.21607 4.08090 4.10369 4.35743 4.33169 4.33028 4.61465 4.60220 5.58300 5.69864 5.95941 5.94906 5.95478 6.52325 6.89871 7.30524 7.27770 7.27870 10.1159 11.6931 11.7266 11.7600 11.7935 11.8269 12.0083 12.1030
5.07465 4.79308 4.40953 3.84525 3.86078 3.88228 3.90377 3.92523 3.94379 3.94622 3.94622 3.94622 4.04400 4.16964 4.16964 4.16964 4.13019 4.06198 4.30318 4.19487 4.19487 4.19909 4.26535 4.46027 4.31853 4.10545 4.15154 3.94155 3.92127 3.92451 3.88972 3.87061 3.85741 3.67238 3.65973 3.83304 3.93400 3.98509 3.90076 3.87638 3.86805 3.86901 3.86997 3.89584 4.13904 4.16960 4.17072 4.57399 4.65775 5.36103 5.72237 5.93388 5.95468 5.93605 6.31002 6.85049 7.50051 7.53195 7.56338 8.83602 11.9053 11.9053 11.9053 11.9053 11.9053 11.9906 11.9972
4.87212 4.35182 4.31874 4.02685 3.94622 3.94622 3.94622 3.94622 3.94622 3.94622 3.94622 3.94622 3.97631 4.16594 4.16269 4.15940 4.17751 4.09568 4.41447 4.37640 4.43125 4.48705 4.53493 4.57204 4.46811 4.13759 4.16606 4.04461 3.93146 3.93250 3.93259 3.93259 3.93259 3.80677 3.71872 3.83056 3.94683 3.88339 3.93909 4.00282 4.06654 4.13019 4.19391 4.23277 4.20273 4.18254 4.18733 4.44678 4.59610 4.92369 5.65422 5.89473 6.09679 6.09679 6.18151 6.84192 7.51257 7.58045 7.58045 7.63522 11.5279 11.9094 11.6461 10.8782 11.4129 11.0919 11.0158
4.85802 4.33735 4.24905 4.07624 3.92221 3.91934 3.91824 3.92492 3.93246 3.94477 3.99433 4.05200 4.11010 4.38114 4.50836 4.58903 4.63936 4.49838 4.60945 4.62729 4.58199 4.58199 4.58199 4.58199 4.57427 4.18932 4.17231 4.14416 3.93259 3.93259 3.93259 3.93302 3.97187 3.97253 3.88541 3.99839 4.25544 4.23233 4.23935 4.25728 4.27553 4.29377 4.30642 4.28001 4.23430 4.13830 4.09402 4.27790 4.57752 4.64523 5.63763 5.78366 6.09679 6.09679 6.09680 6.68739 7.47700 7.83307 7.95837 8.08472 9.23257 8.99355 8.40832 8.44563 10.3174 11.1091 11.4571
4.85379 4.44924 4.22554 4.18671 4.05696 4.11746 4.17619 4.22559 4.25527 4.27457 4.25916 4.24169 4.22444 4.42759 4.65502 4.65502 4.65502 4.56683 4.52680 4.67382 4.58199 4.58199 4.58199 4.58199 4.58199 4.27735 4.16901 4.18334 4.07482 4.13853 4.20229 4.26664 4.29828 4.29790 4.10735 4.12000 4.39451 4.37408 4.35696 4.32210 4.27005 4.21795 4.17148 4.16402 4.16350 4.09953 4.09189 4.16708 4.57752 4.61591 5.58140 5.99656 6.48396 6.64021 6.79853 7.18240 8.01255 8.49311 8.53519 8.57733 8.60744 8.60870 8.60870 8.61149 9.65656 11.1680 11.3594
5.08137 4.85683 4.54948 4.54822 4.27632 4.24941 4.22405 4.20669 4.20989 4.21859 4.22474 4.22498 4.22498 4.30005 4.65502 4.65502 4.65502 4.62326 4.45605 4.71897 4.58206 4.56572 4.54144 4.51855 4.49698 4.29865 4.12236 4.13579 4.27051 4.32602 4.33364 4.34017 4.34098 4.34098 4.18956 4.10517 4.28658 4.28211 4.18097 4.16402 4.16402 4.16402 4.16402 4.16402 4.16402 4.12317 4.08325 4.06080 5.27322 5.55175 6.05166 6.64227 6.96168 7.12477 7.12504 7.15964 7.95823 8.63082 8.72519 8.75014 8.77435 8.79792 8.82087 8.84100 9.07696 11.1276 11.2602
5.14931 4.92276 4.48483 4.45891 4.25222 4.21527 4.22335 4.22498 4.22498 4.22498 4.22498 4.22498 4.22498 4.22579 4.59397 4.65007 4.62514 4.59289 4.41347 4.61391 4.52096 4.48568 4.49329 4.50091 4.50836 4.41400 4.15966 4.15966 4.23846 4.34098 4.34098 4.32999 4.28107 4.22899 4.08825 3.93307 4.08261 4.23566 4.16402 4.15896 4.13890 4.11780 4.09673 4.07569 4.05459 4.00904 3.92371 3.92339 4.90492 5.49006 5.72607 6.70789 6.86695 7.12504 7.12504 7.12315 7.59448 8.59926 8.91274 8.95414 8.99530 9.06223 9.13355 9.20468 9.26877 11.0804 11.6078
5.11664 4.97197 4.63886 4.48162 4.33376 4.22498 4.22498 4.22498 4.22498 4.22498 4.22498 4.22034 4.21099 4.22484 4.43696 4.62608 4.65181 4.67954 4.59179 4.65441 4.63567 4.51099 4.51099 4.51099 4.51099 4.49190 4.16383 4.16152 4.18781 4.23742 4.19106 4.14995 4.14133 4.09877 4.02524 3.86873 3.91299 4.14362 4.04385 4.02057 4.01959 4.01959 4.01892 4.01094 4.00030 3.98338 3.87289 3.84955 4.35767 5.39710 5.38734 6.46437 6.61090 6.97076 6.95792 6.96398 7.32236 8.85444 9.46163 9.55232 9.60746 9.63655 9.66806 9.73986 9.81838 10.9755 12.2329
5.13828 5.03898 4.77738 4.48162 4.39237 4.22932 4.25435 4.28203 4.30972 4.33741 4.36510 4.38940 4.32197 4.31842 4.40055 4.70039 4.70039 4.70039 4.64827 4.58570 4.71255 4.51099 4.51099 4.51099 4.52563 4.55623 4.27316 4.17446 4.10593 3.90930 3.87170 3.81599 3.81812 3.79165 3.76069 3.70572 3.67758 3.87651 3.88992 3.90663 3.89533 3.88397 3.87329 3.86990 3.86917 3.87214 3.79938 3.75949 3.99006 5.68706 5.79338 6.57200 7.06827 7.44914 7.59179 7.64935 7.85851 9.20665 10.1583 10.2337 10.2876 10.3414 10.3888 10.3958 10.3958 10.7794 12.6526
5.26265 5.31441 5.22143 4.90546 4.88535 4.39971 4.40238 4.40238 4.40238 4.40238 4.40238 4.40238 4.34412 4.31842 4.32164 4.66109 4.70039 4.70038 4.67660 4.53314 4.71033 4.44179 4.35021 4.27816 4.19612 4.10345 3.87938 3.73368 3.70959 3.59883 3.55224 3.52805 3.51751 3.52335 3.52685 3.51385 3.50030 3.63299 3.78026 3.90221 3.90133 3.88749 3.86861 3.84871 3.82770 3.80546 3.78760 3.78645 3.82456 5.54353 5.94520 6.36726 7.21064 7.61391 8.06157 8.11026 8.18900 8.90405 10.3851 10.3958 10.3958 10.3958 10.3958 10.3958 10.3852 10.3481 12.3917
5.73820 5.73549 5.53911 5.19007 5.06694 4.46490 4.40132 4.40112 4.40111 4.40930 4.42276 4.44395 4.43206 4.41418 4.46867 4.77327 5.01897 5.06749 5.11264 4.62863 4.15163 3.95113 3.86567 3.86567 3.86567 3.86567 3.78123 3.61824 3.61824 3.58292 3.50664 3.50902 3.51475 3.53001 3.53001 3.51048 3.45850 3.51287 3.64413 3.81386 3.79198 3.78564 3.77805 3.76896 3.75986 3.75599 3.77977 3.80761 3.83695 5.08748 5.98507 6.05534 7.17915 7.40790 8.11405 8.11405 8.14448 8.39391 10.2725 10.3531 10.3148 10.2754 10.2360 10.1974 10.1832 10.2020 11.7270
5.69646 5.76511 5.65611 5.41582 5.18754 4.80153 4.58811 4.65288 4.72358 4.78719 4.84795 4.96585 5.10933 5.04214 5.17258 5.25124 5.12462 5.13376 5.13376 4.85753 4.15070 4.01576 3.86567 3.86567 3.86567 3.86567 3.83888 3.61827 3.61824 3.61786 3.49968 3.45644 3.42956 3.40656 3.37219 3.34856 3.31200 3.33573 3.50859 3.72123 3.73398 3.72699 3.75244 3.78938 3.82629 3.85800 3.86204 3.86204 3.86204 4.52724 5.94717 5.98507 6.89425 7.17347 7.96100 7.98442 7.94184 8.08071 9.55085 10.2135 10.2448 10.2649 10.2851 10.3046 10.3100 10.3100 10.9837
6.08767 6.19856 6.14840 5.97008 5.58648 5.38756 5.05118 5.17091 5.29404 5.43068 5.60663 5.69742 5.74064 5.51638 5.42903 5.42121 5.14936 5.13376 5.13376 5.02141 4.27721 4.07911 3.86957 3.86567 3.86722 3.87046 3.87386 3.64206 3.60404 3.59724 3.48547 3.34022 3.33616 3.32893 3.32243 3.32081 3.29815 3.28627 3.47315 3.69689 3.81645 3.85207 3.86204 3.86204 3.86204 3.86204 3.86208 3.86889 3.88007 4.22801 5.52162 5.73303 6.28521 7.03303 7.64562 7.99028 8.01168 8.13802 9.05438 10.3068 10.3567 10.3759 10.3952 10.4145 10.4337 10.4530 10.5121
6.29782 6.50834 6.64795 6.66653 6.38269 6.36908 5.65344 5.68126 5.72448 5.76280 5.76869 5.76869 5.76869 5.62288 5.42903 5.42903 5.22877 5.13376 5.13732 5.10870 4.56186 4.11957 3.93240 3.87517 3.87303 3.86897 3.86491 3.67940 3.57533 3.57525 3.55633 3.33315 3.32671 3.32482 3.33071 3.36633 3.39077 3.40546 3.54008 3.71781 3.86204 3.86502 3.87512 3.86892 3.85689 3.84556 3.83471 3.81802 3.79672 3.86982 5.04520 5.57671 5.83811 7.10491 7.43128 8.01606 8.01606 8.09348 8.48117 10.2844 10.5413 10.6006 10.6643 10.7516 10.9367 11.1365 11.3407
7.15795 7.12678 7.16755 7.11524 6.83672 6.61359 5.94285 5.76869 5.76869 5.76869 5.76869 5.76869 5.76869 5.73679 5.50506 5.55060 5.45035 5.24224 5.25136 5.21450 4.73475 3.99661 3.91643 3.85803 3.85803 3.85803 3.85803 3.74271 3.57525 3.57525 3.56847 3.40649 3.38893 3.42110 3.45700 3.46004 3.47894 3.43100 3.48720 3.63710 3.81169 3.79897 3.77892 3.77320 3.77320 3.77320 3.77320 3.78524 3.81796 3.84670 4.78296 5.74049 5.80411 7.27167 7.61189 8.58349 8.68002 8.84326 9.40143 10.9655 11.5591 11.7109 11.8506 11.9650 11.9746 11.9719 11.9378
7.16490 7.18365 7.28258 7.23951 7.06998 6.63321 6.17992 5.76869 5.76743 5.73914 5.69980 5.66067 5.62139 5.58219 5.54293 5.51728 5.49802 5.16846 5.15763 5.15763 4.94834 4.06286 3.94842 3.85803 3.85803 3.85803 3.85787 3.76898 3.46559 3.39694 3.33393 3.35043 3.42959 3.42110 3.53056 3.59784 3.59421 3.42483 3.39522 3.73274 3.92080 3.95811 3.99020 4.02400 4.05870 4.09427 4.13076 4.15449 4.15489 4.15786 4.82908 5.92921 6.17496 7.22805 7.95146 8.77860 9.05555 9.12799 9.79268 10.7366 11.8157 11.7563 11.6922 11.6289 11.5656 11.5022 11.4702
7.16490 7.16867 7.26663 7.25329 7.18604 6.65205 6.37613 5.56675 5.52764 5.51673 5.51673 5.51673 5.51673 5.51673 5.51673 5.51673 5.51673 5.25562 5.15763 5.15763 5.03106 4.31000 3.96588 3.85972 3.77458 3.68844 3.60300 3.55491 3.30418 3.27779 3.26589 3.26467 3.38146 3.39391 3.48642 3.62640 3.63942 3.53129 3.41132 4.10362 4.21619 4.22165 4.22265 4.22265 4.22265 4.22265 4.22265 4.22265 4.22265 4.22265 4.60777 5.59169 6.18050 6.80337 8.12864 8.58735 8.90630 8.83243 9.12821 9.71913 11.2634 11.4702 11.4702 11.4702 11.4702 11.4702 11.4702
7.11372 7.12500 7.19151 7.23858 7.16196 6.79261 6.51434 5.64798 5.51128 5.50788 5.50448 5.50108 5.49768 5.49511 5.49358 5.49205 5.46261 5.23319 4.96037 4.87516 4.63190 4.03896 3.68205 3.53355 3.46288 3.46313 3.46393 3.46393 3.34288 3.29341 3.29341 3.29341 3.37038 3.43738 3.46163 3.67207 3.67340 3.62706 3.42941 3.91423 4.22265 4.22265 4.22265 4.22265 4.22265 4.22811 4.23889 4.24966 4.27417 4.35180 4.60477 5.58327 6.48611 6.56552 8.21838 8.36487 8.73198 8.73198 8.95628 9.49438 10.7781 11.4719 11.4986 11.5336 11.5704 11.6091 11.6501
6.65289 6.76102 6.76715 6.89107 6.71830 6.46391 6.05180 5.81898 5.47166 5.47214 5.41412 5.32510 5.23619 5.14621 4.96123 4.71326 4.46767 4.24980 4.36335 4.28126 4.24726 3.85911 3.59118 3.55557 3.46393 3.46393 3.46393 3.46393 3.38249 3.29341 3.29341 3.29341 3.31628 3.43719 3.43738 3.62228 3.67340 3.67259 3.44946 3.69031 4.24664 4.25900 4.26978 4.28054 4.29566 4.35770 4.42987 4.50196 4.56036 4.56563 4.57465 5.45439 6.30475 6.48814 7.77967 8.27319 8.66217 8.66127 8.71452 9.18954 10.2672 11.6280 11.6259 11.5988 11.5719 11.5449 11.5178
6.67914 7.05028 7.11987 7.33638 6.88658 6.46048 5.78177 5.64394 5.00968 4.79083 4.60752 4.46443 4.31683 4.11699 3.98271 3.90108 3.85601 3.85592 4.15482 4.26171 4.26171 3.96948 3.64869 3.58633 3.47041 3.46393 3.46393 3.46393 3.42212 3.29341 3.29341 3.29159 3.27710 3.37239 3.38718 3.48105 3.58932 3.57237 3.41327 3.41508 4.23945 4.33814 4.41031 4.48240 4.55025 4.56563 4.56563 4.56563 4.56563 4.56563 4.56927 5.29066 5.92454 6.09021 6.83393 7.84101 8.12894 8.30188 8.27463 8.77452 9.63357 11.1261 11.4955 11.4874 11.4790 11.4703 11.4612
6.60350 6.96318 6.91040 6.93929 6.56270 5.79370 5.10517 4.85453 4.22970 4.09484 4.01315 3.93157 3.86336 3.85592 3.85592 3.85592 3.85592 3.85592 4.02613 4.26171 4.26171 4.06728 3.73313 3.58943 3.50448 3.45358 3.43663 3.41969 3.39669 3.21922 3.19835 3.18321 3.18078 3.23872 3.32476 3.36150 3.56077 3.58412 3.57830 3.48333 4.31809 4.56563 4.56563 4.56563 4.56682 4.57499 4.58979 4.61386 4.63968 4.66730 4.69073 5.26661 5.85197 5.85928 6.12516 7.66565 7.85419 8.21879 8.21879 8.59654 9.37400 10.4788 11.4111 11.4111 11.4111 11.4111 11.4398
6.35364 6.18676 5.92359 5.84678 6.03544 5.23239 4.86848 4.47320 4.11572 3.85592 3.85592 3.85592 3.85592 3.85592 3.85592 3.85592 3.85592 3.85592 3.89924 4.25691 4.25619 4.15676 3.80660 3.57579 3.49026 3.35131 3.35131 3.35131 3.35131 3.21834 3.18078 3.18078 3.18078 3.18228 3.38444 3.47150 3.74229 3.82840 3.81787 3.58273 4.09966 4.62115 4.64687 4.67439 4.70178 4.71847 4.72767 4.72780 4.72780 4.72780 4.72780 5.03006 5.85863 5.85770 5.85675 7.50892 7.85255 8.44732 8.50241 8.66947 9.01230 9.59109 10.9338 11.1171 11.2599 11.4028 11.5171
6.27573 6.07214 5.77472 5.78441 5.90737 5.11839 4.87060 4.33404 4.27311 3.85592 3.85592 3.85592 3.85470 3.85200 3.84929 3.84658 3.84387 3.84116 3.83885 4.15738 4.24434 4.23276 3.86978 3.59979 3.55171 3.35274 3.35131 3.35131 3.35131 3.25739 3.14621 3.09278 3.03600 2.93974 3.23831 3.36311 3.41510 3.47247 3.38212 3.49225 3.87435 4.65680 4.66649 4.64479 4.62230 4.59899 4.57489 4.55110 4.53611 4.52221 4.50775 4.56620 5.83389 5.84889 5.84937 7.14171 8.10830 8.63869 8.80213 8.84199 8.90997 9.40464 10.7598 11.5069 11.4848 11.4629 11.4408
6.27702 6.22868 5.77916 5.77472 5.85931 5.36546 4.90970 4.30415 4.24120 3.85540 3.84275 3.84004 3.83856 3.83856 3.83856 3.83856 3.83856 3.83856 3.83856 4.02871 4.24434 4.24434 3.95737 3.68271 3.57207 3.39743 3.30990 3.20459 3.07858 2.88401 2.68764 2.61540 2.54627 2.52394 2.70216 3.16332 3.23723 3.50812 3.52887 3.64986 3.83472 4.44557 4.61640 4.62998 4.64349 4.65712 4.67065 4.68276 4.68471 4.68471 4.68471 4.68471 5.63605 5.85606 5.85606 6.52275 8.18523 8.54403 8.90683 8.89565 8.86762 9.21613 9.85805 11.3758 11.3758 11.3758 11.3758
5.68785 5.45767 5.05706 4.89062 4.88119 4.68651 4.05505 3.75506 3.60446 3.93485 3.83856 3.83856 3.83444 3.81209 3.78765 3.76325 3.73884 3.71627 3.69755 3.73843 4.04800 4.01054 3.78104 3.34835 2.89268 2.62396 2.39483 2.34097 2.30772 2.33048 2.69808 2.69904 2.69904 2.69904 2.70408 3.23421 3.30726 3.59639 3.63759 3.67182 3.86781 4.34738 4.68471 4.68471 4.68471 4.68471 4.68471 4.68471 4.68315 4.67481 4.66571 4.67026 5.40059 5.93320 5.98029 6.08133 8.17716 8.36664 8.81640 8.81640 8.81640 9.08151 9.32811 11.1403 11.3758 11.3758 11.3758
