OMI_NO2_yc_0.0167deg/OMI_NO2_yc_0.0167deg/OMI_NO2_200601.asc
ncols      200
nrows      200
xllcorner       110.913
yllcorner       33.7933
cellsize     0.0166667
NODATA_Value      -999.000
[rows 87 to 115 of 164, columns 67 to 133 of 200]
47.1210 46.3088 43.8883 43.8518 43.8127 33.8143 31.4109 31.5955 31.7804 33.0564 34.3645 34.3645 34.3673 34.8842 34.9192 34.9230 34.9236 34.9189 34.8327 34.8268 34.6901 33.4485 32.2695 32.0229 31.7775 31.4721 17.1968 17.1968 15.9965 17.4815 17.5011 17.4457 17.3903 16.6017 16.2304 15.8856 15.5141 15.3923 15.3775 15.5322 15.4104 15.9451 16.6009 16.6486 16.5456 16.7927 16.6817 16.5337 16.4003 16.4344 16.5866 16.8089 18.4110 18.3665 18.1789 17.9191 17.4275 17.2293 17.0365 15.4043 14.6894 13.6607 13.8541 14.2552 14.6481 14.7221 15.7289
46.9049 46.7918 43.7665 43.6078 43.6078 37.6610 32.0469 32.0469 32.0469 32.5476 34.0525 33.8066 33.5611 33.8786 33.8829 33.6889 33.4942 33.2973 33.0312 32.8167 32.7570 32.1228 30.3445 30.3445 30.3445 30.2689 17.0983 16.8464 15.8086 16.1529 16.4887 16.2433 16.0061 15.6921 15.4379 15.3133 14.9295 14.9256 14.8521 15.0614 14.9503 15.1608 15.7429 15.9027 15.9155 16.2269 16.3773 16.3763 16.2589 16.0762 16.0099 15.7925 17.1300 17.2301 17.2013 17.1829 16.9456 17.3261 17.8246 17.4075 16.1427 15.1239 14.3983 14.3772 14.3558 14.3350 14.8972
46.7300 46.6464 44.5345 43.6635 43.6750 41.4032 34.3730 34.6289 34.8714 35.0413 32.1494 31.7711 31.7711 32.3208 32.8446 32.8461 32.8490 32.8490 32.8042 32.7570 32.7570 32.6534 30.4030 30.3445 30.3445 30.3419 15.4471 15.4076 15.2134 14.6235 15.5642 15.5656 15.5530 15.4408 15.2023 15.0863 14.5253 14.3863 14.3593 14.5461 14.6472 14.7821 15.4849 15.7469 15.5537 15.5559 15.6418 15.4493 15.3733 15.3733 15.2087 15.1706 16.3444 17.5872 18.1169 18.6882 18.9551 18.8175 18.8175 18.6256 16.1342 15.5339 14.1981 14.0245 13.8511 13.6777 13.6845
46.1402 46.1402 45.1259 43.7218 43.7218 43.5631 35.5349 35.0511 35.0511 35.0511 32.9845 31.7711 31.7711 32.0524 32.8446 32.8451 32.8490 32.8490 32.8296 32.7570 32.7570 32.7570 31.0302 30.3456 30.5145 30.8179 15.4076 15.3576 15.2088 14.0218 15.2486 15.1392 15.0421 15.0299 14.9109 14.8858 14.5564 14.2519 13.8351 13.5069 13.2684 12.8473 12.9604 14.5729 14.8975 14.9579 15.3661 15.3733 15.5087 15.9366 16.2717 16.6703 17.7418 19.1949 19.0317 18.8584 18.5819 18.0968 17.9234 17.7500 15.5456 14.5939 12.9148 12.8713 12.8059 12.6327 12.4502
46.1402 46.1402 45.7975 43.7218 43.7218 43.7218 37.7720 35.0511 35.0511 35.0511 33.8206 31.7032 31.5232 31.3741 32.3194 32.2097 32.7489 32.9362 32.9570 33.9864 34.6150 35.1234 34.5783 33.5845 33.9335 33.9932 14.4239 14.6113 14.6087 13.6917 14.7536 15.0279 14.7764 14.3532 13.8378 13.3149 12.6707 12.0778 12.0448 12.0329 12.2524 12.2321 12.4944 13.5548 14.3615 14.3798 15.7731 16.4666 16.9315 17.0887 17.1702 18.0636 18.9200 17.8079 17.7750 17.7750 17.7690 17.3644 17.1809 17.0118 15.6564 13.9455 12.4300 11.6873 11.5871 11.6342 11.6859
45.3869 45.2047 45.0231 42.7524 42.2414 42.0590 38.3201 33.0254 32.8463 32.6740 32.1075 29.1195 29.1279 29.1383 30.4117 30.7548 32.1547 33.1258 33.1258 35.3379 36.8297 36.9073 36.7318 34.0410 34.0410 34.0410 12.8170 14.1149 13.5503 12.4877 12.2651 12.5419 12.3594 12.3344 12.3076 12.2503 12.2311 11.9206 12.1300 12.3511 12.7635 13.0573 13.3229 13.9049 15.4317 15.5777 17.1552 17.8538 17.8538 17.8538 17.8263 18.0545 18.9016 17.6441 17.2110 17.2407 17.2783 17.0376 17.0182 17.1810 16.9566 14.3473 13.5465 12.1816 12.1816 12.1816 12.1816
43.4380 43.1432 42.7452 41.5481 41.0755 41.0858 39.9308 32.4359 32.4437 32.4442 32.4442 29.6057 29.1642 29.1856 30.1803 30.8164 31.6736 33.2276 33.2428 34.4740 37.0252 36.9678 36.6801 30.9412 29.8958 29.5080 10.0895 11.8397 11.8916 11.7313 11.2694 12.5604 12.5566 12.5510 12.5084 12.3264 12.2689 13.4360 13.6385 13.6216 13.7226 13.8900 13.8900 13.8971 15.4111 15.6345 16.4116 17.3356 17.1608 16.9859 16.8133 17.4569 19.6556 18.9832 18.2140 18.0863 17.9498 17.8258 17.7401 17.7401 17.7401 15.0707 14.4016 12.9856 13.4978 14.0112 14.5237
40.6206 40.5178 40.5178 40.7024 41.1149 41.1150 41.1357 33.9624 32.9971 33.2052 33.4133 31.6191 30.5496 30.7363 30.3545 29.5072 29.8004 31.5610 31.5610 31.8520 34.7403 34.7433 34.7433 30.7535 27.6128 27.4421 8.85358 11.6762 11.6848 11.6087 10.5565 12.2460 12.3775 12.3612 12.3443 12.2216 12.1715 13.0040 13.6228 13.6374 13.6787 13.9443 13.9610 13.9754 14.9692 15.6515 15.7488 16.6034 16.4358 16.3384 16.2411 16.6345 19.3516 19.1607 17.8654 17.8654 17.8101 17.4460 16.9268 16.5187 16.1151 16.2040 16.7718 15.3260 15.0642 15.0642 15.0642
40.5866 40.6215 40.6564 40.7231 41.3114 41.3578 41.3719 37.1166 34.0476 34.0476 34.0476 32.8812 30.7676 30.7668 30.6729 29.4586 29.4279 31.4331 31.6462 31.6658 34.9775 36.0557 36.2832 33.6309 24.4657 24.4657 8.38100 10.7731 11.5970 11.5711 10.7649 11.7391 12.5209 12.6409 12.7656 12.5659 12.2052 12.6585 13.6604 13.6603 13.6661 13.8777 13.7959 13.7107 14.0846 15.2361 15.1752 15.9307 16.1260 16.1260 16.1260 16.0780 18.3265 18.5842 16.7440 16.3838 16.1657 16.2611 16.3115 16.4208 16.5710 16.9930 18.2498 17.6400 17.1382 17.3569 17.5841
40.7749 40.7749 40.7749 40.7596 41.1459 41.2208 41.1429 38.5784 32.5651 32.2219 31.8575 31.3483 30.7153 30.7094 30.7089 29.3808 29.1481 30.8197 31.7668 31.7668 34.0609 36.6430 36.6430 35.8878 24.4852 24.4657 8.35259 9.97548 12.1356 12.2654 11.6102 11.7119 13.2290 13.2290 13.2290 13.0587 12.5659 12.9983 14.6890 15.0733 15.4232 14.5624 13.4239 13.4149 13.4413 14.9661 14.8566 14.9356 15.1671 14.8682 14.5695 14.6631 18.7136 20.8004 19.3328 18.6905 18.6905 18.6905 18.6279 18.5339 18.5339 18.5388 19.8959 19.7834 18.8907 18.8307 18.4873
40.0680 39.9415 39.8068 39.6902 40.0622 40.4747 40.4747 39.9971 30.9306 30.7089 30.7089 30.7089 30.7089 30.7089 30.7089 29.7043 29.1481 30.1860 31.7668 31.7668 32.8412 36.6430 36.6430 36.6430 27.7669 24.4657 8.32963 8.74542 12.3302 12.3710 12.1207 11.4377 13.9969 14.4321 14.8386 15.1969 14.0977 13.9947 15.0863 15.4336 15.5812 15.8402 14.6647 15.2725 15.8806 14.6344 13.6522 13.6915 14.3509 14.3882 14.3882 14.4081 17.5386 20.8047 19.9015 18.6905 18.6905 18.5610 18.2604 17.8350 17.5489 17.2636 17.8722 18.1716 16.1315 15.7355 15.6992
39.6787 39.6787 39.6787 39.6787 39.8425 40.4747 40.4747 40.4747 33.1612 30.7089 30.7089 30.7089 30.7089 30.7089 30.7089 30.0733 29.1390 29.5965 31.7668 31.7527 31.7644 36.4452 36.6430 36.6430 31.7939 24.4657 9.77290 10.7458 14.2740 15.6414 16.1042 13.5663 14.7601 15.2557 15.2557 15.5907 15.3525 15.5041 16.8106 18.1594 18.6232 18.6553 16.8886 16.5589 16.5631 15.6010 13.6806 13.7534 14.2021 14.3696 14.2593 14.1493 15.7713 19.7931 19.2815 16.7380 16.4525 16.2969 16.2969 16.1742 16.1335 15.7820 15.6624 16.2374 15.6092 15.7041 16.2088
39.6787 39.6732 39.6362 39.5948 39.5600 40.2453 40.2663 40.2247 35.5771 30.3759 30.3344 30.2920 30.1472 29.9311 29.7152 29.3283 28.0880 28.0149 30.5022 30.4551 30.4240 34.5803 36.6430 36.6430 34.5210 24.4657 13.4531 13.4531 14.8505 16.2573 17.1476 16.0022 16.2461 17.9225 18.6222 18.9870 18.3019 17.2680 17.5776 18.7150 18.7156 18.6571 17.4407 16.4158 16.4800 16.3982 13.8029 13.7190 13.5193 13.5470 13.5470 13.5470 14.3737 18.5549 19.0348 15.9415 15.0728 14.5335 13.9935 13.3791 12.8914 13.1801 13.7664 16.0198 18.0690 21.7958 22.4904
39.1067 39.0708 39.0660 39.0660 39.0052 39.3448 39.4621 39.2877 37.2150 29.1727 28.9983 28.8245 28.7534 28.7534 28.7534 28.7534 27.7895 27.6525 29.4868 30.2068 30.2129 32.6766 37.0362 37.2923 37.3152 25.2547 13.4531 13.4531 14.5514 22.2991 22.6418 20.4613 17.9356 19.0160 19.0392 19.0626 18.8938 17.3717 17.4020 18.0785 18.1764 18.3011 18.0059 16.4653 16.4667 16.4667 14.4097 13.5775 13.5071 12.9249 12.7670 12.5874 12.7698 15.0586 15.6474 13.9114 12.9029 13.0045 13.1061 13.5117 16.0315 16.0621 16.0621 17.4078 18.5777 23.4917 25.9563
38.2668 38.0479 37.8285 37.6095 37.4508 37.8490 38.5192 38.5192 38.4655 29.6021 28.6427 28.5349 28.4278 28.3207 28.2129 28.1065 27.8675 27.8124 29.6515 32.1615 32.1676 33.7873 46.3494 46.3494 46.3494 46.3494 13.5132 13.5677 13.6223 21.3918 22.8505 21.5964 18.1502 19.0121 19.1875 19.2493 19.4363 18.1080 17.9853 18.4105 18.5714 18.5888 18.7642 17.0760 17.0866 17.3157 16.3041 14.6204 14.7935 12.7639 12.6423 12.7100 12.8614 14.9680 16.1492 15.1784 13.2842 13.2842 13.2842 13.2319 14.7980 14.3734 13.4837 16.7136 26.4260 34.7357 36.4544
37.4439 37.4439 37.2453 36.8045 36.3630 36.0330 36.5530 36.1149 35.6734 30.6035 27.9297 27.9297 27.9297 27.9297 27.9297 27.9297 27.9297 27.9297 28.8565 32.1676 32.1676 32.2282 44.3216 46.3494 46.3494 46.3494 13.7951 13.8743 13.8743 18.9559 22.9577 22.7475 18.9131 19.0026 19.8104 19.9617 20.0003 19.4119 19.2652 19.7483 20.3581 20.6416 20.7123 19.2754 18.3383 18.3963 18.1376 15.2324 15.2667 13.7875 12.9351 12.9351 12.9351 14.4335 15.9339 15.0448 11.7369 11.0508 10.3831 9.76856 10.3970 11.2136 11.2136 12.2102 27.0816 31.7499 36.4544
34.8619 34.4214 34.1788 34.1785 34.1785 34.1785 35.0647 35.2538 35.2538 32.5912 27.9297 27.9297 27.9297 27.9297 27.9297 27.9297 27.9297 27.9297 28.1278 32.1277 32.1676 32.1676 39.1306 46.3494 46.3494 46.3494 13.1982 13.9959 14.4452 16.8971 23.6996 23.7488 20.4747 18.9653 20.1555 20.1676 20.1676 20.1676 20.1735 20.3244 20.9105 21.0190 21.1910 20.6859 18.9405 19.0758 19.2140 16.6587 15.9800 14.8972 12.8102 12.5202 12.1206 12.0099 12.4129 12.5470 10.2114 9.64784 9.64784 9.64784 9.95032 11.2136 11.2136 11.2136 23.0871 29.3836 36.4544
22.9098 22.8873 22.9200 22.9517 22.9826 22.9986 22.9936 24.4564 27.0538 28.5614 29.2369 29.2451 29.2451 29.2451 29.2451 29.2451 29.2451 29.2424 29.2176 29.1880 29.1585 29.0009 28.8971 28.5456 28.0179 25.8323 26.4125 28.1098 28.2294 28.7162 28.6961 28.6826 28.6823 28.6823 28.6829 28.7235 28.7884 30.3692 31.3861 31.6052 31.5619 30.8143 31.0003 31.0227 31.0909 31.1258 31.1258 30.6557 29.0797 33.6846 22.4786 22.4756 22.4886 22.5015 22.6287 23.3475 24.1143 25.3077 26.9203 28.4755 29.6671 29.9977 25.6147 27.2390 27.6351 26.7323 26.4096
22.9003 23.0840 23.0912 23.0979 23.1030 23.0828 23.0487 23.8659 26.6924 27.9985 28.9263 29.0283 28.9986 28.9691 28.9395 28.9099 28.8804 28.8535 28.8487 28.8487 28.8487 28.7770 28.6464 28.4054 28.2743 25.9469 25.8322 27.9278 28.0761 28.7928 28.8792 28.9442 29.0090 29.0656 28.8847 28.5681 28.2364 29.0618 30.5021 30.1572 29.7481 28.3002 27.8002 27.2329 26.7126 25.8127 25.3739 28.8911 27.6267 30.6378 22.5588 23.6113 25.0426 26.4739 27.9052 29.0506 29.4753 29.5519 29.8041 30.4864 30.5630 30.6397 27.3730 27.3796 28.2667 27.6837 26.8573
22.3989 23.0235 22.9953 22.9672 22.9409 22.9348 22.9186 23.4853 25.8828 27.2699 28.5572 28.8487 28.8487 28.8487 28.8487 28.8487 28.8487 28.8487 28.8487 28.8479 28.8035 28.7067 28.6455 28.4939 28.2938 26.6836 25.6960 25.8171 25.5875 25.7823 25.6605 25.4004 25.1405 24.7867 24.5635 24.4130 24.2624 24.3797 25.9204 25.0683 24.3187 23.2905 22.5244 23.3240 25.4332 24.6077 24.6077 27.5999 28.0329 29.4921 29.4515 29.8309 29.8309 29.8309 29.8309 29.9316 30.0259 30.0259 30.0317 30.7325 30.8071 30.8071 28.9449 26.9167 28.2667 28.0892 26.7518
21.7662 22.9352 22.9352 22.9352 22.9352 22.9352 22.9236 23.2725 25.2913 26.6652 28.1941 28.6081 28.5598 28.4964 28.4159 28.3354 28.2549 28.1744 28.0938 28.0142 27.9779 27.9776 28.3198 28.3240 27.9874 26.9833 25.0268 23.9405 23.3350 23.3982 23.4346 23.1806 22.8634 22.1548 21.4188 20.7201 20.0558 19.4489 21.2443 21.5097 21.3978 21.0297 20.5133 20.5351 23.5211 22.1059 21.8470 23.6072 27.6395 28.5431 29.5358 29.8309 29.8309 29.8309 29.8309 29.8982 30.0259 30.0259 30.0259 30.4835 30.7179 30.6266 30.1116 26.1375 27.7216 27.6170 26.2771
21.2846 22.9998 23.0094 23.0212 23.0329 23.0446 23.0179 23.0967 24.4136 25.7803 27.3108 28.0436 28.0320 28.0186 28.0223 28.0260 28.0296 28.0333 27.9745 27.7641 27.5473 27.3304 27.3376 27.2684 24.6732 24.1865 21.8026 21.0036 19.6498 19.2128 19.0648 18.4995 18.0189 17.9241 17.9089 17.8937 17.8786 17.8642 19.3299 20.4356 20.4356 20.3555 19.7523 19.7518 22.0207 22.0834 21.5065 22.1954 27.6201 27.7841 28.7972 29.8309 29.8309 29.8075 29.7045 29.6094 29.7338 29.6468 29.5555 29.6981 30.2432 30.2432 30.2432 26.6424 27.4818 27.2229 25.9939
20.7008 22.8590 22.8231 22.7400 22.6566 22.5734 22.5849 22.9153 23.9279 25.7013 26.8005 27.8208 27.7560 27.5355 27.3149 27.0943 26.8738 26.6532 26.4815 26.3876 26.2890 26.1910 26.1990 26.4221 24.3310 23.5345 21.0802 17.5656 17.0535 17.3177 17.8550 17.8608 17.8608 17.8608 17.8608 17.8608 17.8608 17.8608 18.6271 20.4356 20.4356 20.4356 19.8592 19.7518 20.9464 22.5060 21.5065 21.5143 26.9040 27.6201 27.6644 29.1756 29.0418 28.9312 28.9001 28.8759 29.1345 29.1893 29.1690 29.1468 29.5034 29.1831 28.8519 26.3448 25.1176 25.6169 25.2182
20.0641 22.0493 22.5078 22.5036 22.4303 22.1818 21.9244 21.9891 22.3616 23.7701 24.2861 25.8675 26.1588 26.0607 25.9622 25.8641 25.7657 25.6676 25.5831 25.5721 25.5721 25.5721 25.5815 25.9784 24.5932 23.2633 21.9390 18.2395 16.9129 17.2834 17.7528 17.8608 17.8608 17.8608 17.8608 17.8608 17.8591 17.8528 17.9710 20.4512 20.5380 20.5637 20.1706 19.8718 20.1798 23.5143 21.8225 21.1692 25.2036 27.6935 26.3344 28.4699 28.5425 28.5425 28.5062 28.4068 28.5444 28.6714 28.5877 28.5344 28.2570 28.1223 28.1351 27.4541 24.3933 24.9704 24.4321
18.9797 20.1409 20.8217 20.4429 20.1333 19.9987 19.8729 19.9628 20.4563 21.4400 22.1504 24.6534 25.5721 25.5721 25.5721 25.5721 25.5721 25.5721 25.5721 25.5721 25.5721 25.5721 25.5704 25.8603 25.1599 23.2317 22.6122 19.0856 16.9348 17.2233 17.5364 17.7905 17.7823 17.7740 17.7654 17.7567 17.7501 17.7498 17.7492 19.6751 19.8302 19.3598 18.6455 17.5996 17.1292 19.1585 16.8163 16.5245 18.8444 23.2038 26.1713 27.8115 28.3207 28.2353 28.1864 28.2006 28.3290 28.6928 28.7023 28.2976 27.4531 26.4795 25.7875 25.0958 22.4418 23.1498 23.1498
16.6583 17.7188 19.5218 19.5197 19.5175 19.5154 19.5132 19.6206 20.2159 21.1806 21.9062 23.9500 25.4855 25.5342 25.5257 25.5173 25.5089 25.5005 25.4920 25.4836 25.4752 25.4667 25.4599 25.6390 25.6056 23.1280 23.0837 20.1487 16.9760 17.1444 17.3436 17.7480 17.7444 17.7408 17.7372 17.7336 17.7300 17.7264 17.7235 17.4893 17.2354 17.2374 17.2011 16.3894 15.8513 16.5063 14.9111 11.7564 10.8847 12.6769 25.8730 26.9740 28.2525 28.2347 27.6680 26.8376 26.0183 26.0894 25.4596 25.1419 24.7679 23.9516 23.5242 23.1067 21.0617 20.1833 19.6822
16.5515 16.9350 19.4404 19.4403 19.4402 19.4400 19.4399 19.4547 19.8703 21.0734 21.9043 23.1980 25.1174 25.4593 25.4593 25.4593 25.4593 25.4593 25.4593 25.4593 25.4593 25.4593 25.4593 25.5229 25.8790 23.3852 22.9863 21.1475 17.4652 16.9056 17.2101 17.7376 17.7402 17.7422 17.7442 17.7462 17.7382 17.7105 17.6822 17.5521 17.1306 17.0859 17.0355 12.4654 10.4179 10.6968 10.2556 4.78181 4.79603 6.13392 23.9930 23.3715 25.0593 24.2227 23.9409 23.9132 23.8869 23.2203 22.4278 22.0464 21.9760 21.6592 21.5412 21.5412 20.7944 19.1863 19.3072
16.5479 16.5482 19.1701 19.4396 19.4396 19.4396 19.4396 19.4396 19.7160 20.7660 21.9043 22.5304 24.7413 25.3341 25.2768 25.2195 25.1655 25.1334 25.1052 25.0772 25.0490 25.0211 24.9928 24.9629 25.0876 23.2400 22.1888 21.1375 17.9924 16.6601 17.1305 17.5802 17.6410 17.6107 17.5804 17.5488 17.5124 17.4918 17.4717 17.4476 16.9789 16.9356 16.9398 14.1870 10.4028 10.4096 11.4963 4.78181 4.78181 5.65460 20.9430 20.9946 23.3839 23.8149 23.8149 23.8149 23.8149 23.0946 21.9760 21.9760 21.9760 21.7871 21.4400 20.9770 20.1900 16.9075 15.8647
16.4387 16.3670 18.3420 19.1563 19.0936 19.0310 18.9683 18.9058 19.0133 19.8317 21.0873 21.2716 23.7158 24.7900 24.8129 24.8358 24.8555 24.8533 24.8470 24.8407 24.8344 24.8071 24.4929 24.0904 23.8056 22.1855 19.8925 19.3937 18.7211 16.3722 16.9849 17.2837 17.4933 17.4786 17.4639 17.4506 17.4520 17.4574 17.4628 17.4682 17.1508 16.9877 16.9889 15.8810 10.4506 10.4506 11.6521 5.68199 4.78181 5.28888 21.0238 21.0238 22.6184 23.8149 23.8149 23.8149 23.7459 22.8864 20.3391 19.3533 18.4454 17.5657 16.6624 16.7844 16.7337 14.3247 12.8342
