OMI_NO2_yc_0.0167deg/OMI_NO2_yc_0.0167deg/OMI_NO2_2006678.asc
ncols      200
nrows      200
xllcorner       110.913
yllcorner       33.7933
cellsize     0.0166667
NODATA_Value      -999.000
[rows 0 to 28 of 165, columns 0 to 66 of 200]
1.82757 1.83830 1.78679 1.82322 1.76461 1.86228 1.84716 1.80816 1.71409 1.61359 1.66613 1.66491 1.69041 1.65672 1.63916 1.62885 1.51903 1.63825 1.63905 1.80925 1.74517 1.60255 1.66254 1.85498 2.19107 2.32141 2.88746 3.21503 3.39616 3.47258 3.52184 3.51787 3.72294 3.91965 3.98156 4.00522 4.06491 4.21947 4.25922 4.32480 6.74627 7.10530 7.47739 7.36001 7.71716 7.71959 7.97835 8.24653 7.23096 7.76777 8.69230 8.94717 8.95625 8.90854 8.73934 8.72164 8.58593 8.01837 5.74641 5.74244 6.10737 5.59035 6.32453 6.10196 6.70502 7.60815 7.54284
1.89295 1.88084 1.80432 1.84880 1.72191 1.81881 1.81539 1.78613 1.73769 1.63474 1.62358 1.64685 1.69874 1.72973 1.74037 1.73470 1.66608 1.83492 1.81029 2.01733 2.00901 1.96976 1.99314 2.27874 2.52382 2.48912 2.58229 3.11455 3.83473 3.83473 3.83473 3.83473 4.03587 4.12086 4.20748 4.19227 4.14788 4.20676 4.25905 4.25905 5.87156 6.64116 7.05752 6.83213 7.14784 7.23640 7.44994 7.86096 6.88022 7.12129 8.06369 8.23927 8.35175 8.34809 8.45877 8.62172 8.64356 8.42286 6.72978 6.55870 6.74529 7.34864 7.24932 7.24966 7.47626 7.41341 7.27486
1.84271 1.84272 1.76361 1.78364 1.68403 1.73910 1.83183 1.81275 1.83958 1.82264 1.81046 1.83860 1.88223 1.97870 1.88938 1.85405 1.77747 1.93163 1.86565 2.01359 2.01136 1.97653 1.93678 2.16823 2.42955 2.43077 2.48164 2.80296 3.75333 3.86889 3.98207 3.97967 4.09827 4.10976 4.23646 4.18718 4.04493 4.29598 4.59587 4.79029 5.56228 6.47609 6.78129 6.67081 7.02665 7.12973 7.20163 7.59919 7.68653 7.24400 8.21062 8.52812 8.50162 8.50727 8.54897 8.72599 8.79016 9.00944 8.11939 7.62103 7.62155 7.40626 7.17084 7.06083 7.17395 7.04283 6.81489
1.54189 1.51861 1.48012 1.50078 1.62567 1.67596 1.82364 1.81190 1.80862 1.77270 1.73080 1.75418 1.80029 1.90235 1.77153 1.77127 1.77643 1.89885 1.85904 1.94834 1.96813 1.93881 1.87248 2.11979 2.44443 2.45527 2.47548 2.63792 3.44461 3.54713 3.90714 4.09124 4.35977 4.59985 4.98820 5.25306 5.35377 5.47138 5.42247 5.29929 5.38821 6.36130 6.54133 6.57093 6.98263 7.40886 7.44465 7.64357 7.76250 6.37960 7.14166 7.60126 7.58200 8.31875 8.31259 8.51511 8.45899 8.32222 7.62522 7.14757 7.09480 6.81591 6.74076 6.44737 6.40618 6.27661 6.12610
1.56536 1.58202 1.56441 1.61441 1.69130 1.67691 1.78597 1.81304 1.81033 1.78994 1.75172 1.75224 1.83576 1.89590 1.79546 1.78652 1.79770 1.89402 1.88432 1.95167 2.02889 2.03692 1.91607 2.19911 2.65470 2.84985 3.08897 3.63402 4.34839 4.69693 5.02483 5.18950 5.30534 5.37803 5.46421 5.50245 5.39653 5.41619 5.46554 5.24581 5.16402 6.21384 6.47297 6.64100 6.91055 7.29929 7.47955 7.44964 7.56942 7.02975 7.61753 8.24994 8.25360 8.20317 8.01363 7.98368 7.71618 7.40424 6.63904 6.34801 6.27409 6.02071 6.21731 5.96287 6.08183 6.02594 5.96450
1.87455 1.78436 1.71782 1.73576 1.81471 1.82228 1.91503 2.00821 1.98457 2.00437 1.97949 1.95682 2.03686 2.06781 1.98825 1.94458 1.94624 1.96558 1.94858 2.14841 2.13146 2.13830 2.39356 3.08805 3.43744 3.51888 3.68141 4.10876 4.63798 4.89272 4.99617 5.14496 5.20705 5.26085 5.34163 5.39987 5.31452 5.33224 5.43061 5.09864 5.02925 5.68023 6.14795 6.47936 6.53618 6.78774 6.74604 6.62079 6.70268 6.58143 6.96094 7.18833 6.98323 6.76433 6.67138 6.66586 6.53027 6.39390 5.96738 6.05946 6.09574 5.89262 6.22376 5.97879 6.06912 6.02531 5.97587
1.99527 1.90487 1.84619 1.83494 1.90233 1.90391 1.98050 2.10534 2.05516 2.04670 2.06423 2.12294 2.20251 2.24586 2.17196 2.06148 2.09143 2.11316 2.14400 2.32364 2.42830 2.46542 2.63238 3.61411 3.85081 3.97890 3.96600 4.13965 4.54015 4.81120 4.78248 5.05487 5.12733 5.20210 5.28023 5.36526 5.29498 5.30809 5.38223 5.13944 4.99537 5.06171 5.23978 5.53786 5.59646 5.91552 5.97357 5.95268 6.01612 6.07088 6.33684 6.74341 6.68499 6.54376 6.31784 6.26160 6.13330 6.05817 5.80921 5.88876 5.91984 5.77953 6.04539 5.88826 5.91203 5.79660 5.75256
1.87142 1.79794 1.72365 1.69332 1.74031 1.74436 1.82935 1.91345 1.90505 1.90555 2.00122 2.14392 2.15334 2.20929 2.15687 2.07745 2.08049 2.09955 2.20170 2.27875 2.48881 2.52774 2.77694 3.70760 3.94367 4.03180 4.00871 4.10527 4.48473 4.81162 4.81539 5.05267 5.16751 5.22965 5.24449 5.34117 5.33373 5.38024 5.42747 5.23788 5.03505 4.95598 5.12024 5.47032 5.51244 5.80960 5.98648 5.99650 6.06580 6.00653 5.97543 6.48948 6.44354 6.38941 6.30198 6.17415 6.03282 5.92436 5.65903 5.71727 5.71746 5.54990 5.73275 5.69994 5.63358 5.46457 5.33192
1.75631 1.75516 1.69538 1.68454 1.72321 1.70955 1.74270 1.75423 1.79620 1.79460 1.92059 2.05096 2.08249 2.14428 2.12932 2.09960 2.11229 2.10559 2.16985 2.23073 2.44131 2.53694 2.60954 3.58460 4.05274 4.29542 4.30711 4.43252 4.76885 4.94762 4.94441 4.95911 5.00805 5.04924 5.08444 5.27910 5.34903 5.36731 5.38635 5.29759 4.97590 4.90907 5.08025 5.43344 5.62903 5.87887 6.28335 6.34527 6.31411 6.10337 5.82055 6.32747 6.37013 6.34441 6.25623 6.05691 5.87188 5.76733 5.57284 5.58633 5.52358 5.39502 5.37704 5.21466 4.99493 4.97445 4.68681
1.78727 1.80136 1.72047 1.66451 1.69536 1.69328 1.73914 1.74432 1.81241 1.80839 1.94510 2.09552 2.17712 2.23937 2.26519 2.25149 2.26573 2.29255 2.36315 2.48584 2.68620 2.87073 2.85955 3.54247 4.16033 4.40304 4.36470 4.42365 4.56625 4.75057 4.78132 4.78598 4.89499 4.93140 4.96775 5.13724 5.38022 5.40254 5.40278 5.36148 5.11418 5.11164 5.28059 5.67578 5.83164 5.81779 6.10493 6.05613 6.00035 5.90444 5.66162 5.88703 5.95728 5.87869 5.82083 5.69853 5.51191 5.54128 5.52889 5.56301 5.53538 5.45834 5.40071 5.32825 5.11103 5.10524 4.75219
1.59862 1.68015 1.68533 1.60287 1.65535 1.65575 1.69458 1.69940 1.71910 1.73004 1.90188 2.14390 2.24465 2.26001 2.29580 2.28630 2.28896 2.32803 2.39241 2.60446 2.80928 3.05045 3.02629 3.29312 4.07526 4.30210 4.31405 4.37108 4.43467 4.70071 4.79252 4.80055 4.86708 4.90238 4.87469 4.89246 5.10096 5.11107 5.10186 5.01924 5.02207 5.11556 5.18044 5.48853 5.70080 5.66930 5.77042 5.79853 5.79690 5.81775 5.58944 5.58059 5.65259 5.61448 5.66904 5.68200 5.49111 5.50768 5.44267 5.46237 5.42409 5.32369 5.29692 5.23650 5.00052 4.97385 4.74801
1.52180 1.66363 1.73394 1.60382 1.66623 1.66818 1.70198 1.71996 1.73424 1.76122 1.82963 2.13747 2.24065 2.22674 2.36577 2.39976 2.42143 2.42463 2.49255 2.67663 2.83056 2.95557 2.95452 3.03170 3.74327 4.05790 4.16290 4.15143 4.13393 4.31621 4.34701 4.29080 4.30618 4.39444 4.46796 4.64754 4.84851 4.92383 4.92957 4.87643 5.06733 5.19903 5.25687 5.54185 5.76514 5.76555 5.84283 5.89007 5.89320 5.96847 5.78303 5.69632 5.72438 5.67455 5.60319 5.56997 5.34551 5.32487 5.22858 5.19423 5.11386 5.02525 4.98956 4.92354 4.75401 4.61451 4.43540
1.41717 1.64767 1.72063 1.61099 1.67260 1.67723 1.70444 1.74403 1.75512 1.80413 1.82256 2.20225 2.30152 2.31329 2.46723 2.52365 2.50560 2.49309 2.56012 2.66369 2.83423 2.95398 2.97370 3.01791 3.40024 3.63713 3.75755 3.78810 3.84358 4.02670 4.23322 4.31791 4.38244 4.48280 4.52284 4.64367 4.80444 4.88511 4.88436 4.79982 4.94382 5.00186 5.12393 5.36402 5.54765 5.60706 5.63994 5.72096 5.70272 5.75503 5.59856 5.43431 5.40693 5.50942 5.38925 5.05995 4.90067 4.84922 4.84142 4.82520 4.79977 4.69361 4.66340 4.66440 4.60739 4.46214 4.41576
1.39868 1.65627 1.71365 1.65871 1.72755 1.76156 1.80083 1.85941 1.87828 1.94688 1.94923 2.23204 2.36269 2.39892 2.50992 2.68579 2.69702 2.69094 2.77043 2.83591 3.00214 3.12374 3.19798 3.16766 3.35120 3.77883 4.00812 4.08904 4.11495 4.16488 4.36912 4.37945 4.39413 4.46822 4.52530 4.64799 4.80801 4.94197 4.94800 4.83821 5.00422 5.03432 5.24118 5.35753 5.38844 5.45478 5.47822 5.58289 5.60114 5.65235 5.70611 5.64192 5.68966 5.72835 5.51824 5.02236 4.86024 4.79455 4.78204 4.78596 4.78403 4.72308 4.67981 4.69070 4.68136 4.47262 4.46433
1.45800 1.75949 1.92165 1.97805 1.94098 1.96723 1.99780 2.03083 2.04829 2.13493 2.16390 2.34508 2.53780 2.58243 2.65156 2.89113 2.85393 2.79676 2.85144 2.92486 2.99404 3.08641 3.13520 3.15424 3.20142 3.88597 4.05554 4.09418 4.05318 4.05005 4.31366 4.33973 4.35158 4.41118 4.53440 4.66465 4.78606 4.94011 5.02781 4.99440 5.17025 5.29942 5.61611 5.57933 5.44001 5.60171 5.72156 5.90481 6.06468 6.05088 6.03322 5.90422 5.72504 5.67925 5.57659 5.10843 4.87808 4.84895 4.81155 4.80607 4.79964 4.75587 4.66942 4.67517 4.67062 4.44958 4.36931
2.11467 2.19221 2.28528 2.33998 2.18957 2.18796 2.20606 2.24042 2.27077 2.39267 2.45562 2.59091 2.79060 2.82368 2.82262 2.99404 2.95381 2.78641 2.80434 2.89788 2.93328 3.01409 3.04713 3.12523 3.13561 3.55420 3.97413 4.13364 4.08200 4.09789 4.28083 4.43907 4.38152 4.41335 4.44782 4.66156 4.83832 4.93605 5.06081 5.01804 5.12377 5.35316 5.79411 5.93270 5.83605 5.98087 5.98893 6.06396 6.14238 6.10643 6.07629 6.01787 5.73623 5.75646 5.70352 5.40852 5.02867 5.04743 4.87236 4.79017 4.75270 4.68927 4.50049 4.46751 4.41774 4.24695 4.08926
2.37827 2.36266 2.41978 2.43073 2.35968 2.37548 2.37982 2.39933 2.39041 2.45050 2.51449 2.56677 2.77818 2.79022 2.79017 2.85612 2.92220 2.70922 2.69326 2.77181 2.80227 2.84626 2.86343 2.88682 2.92145 3.04709 3.65510 3.92105 3.86689 3.86258 4.01404 4.30992 4.34619 4.45104 4.53594 4.68073 4.81423 4.87079 5.18514 5.18945 5.38842 5.67130 5.89676 5.96719 5.82111 5.86146 5.89904 5.96177 6.09446 6.09368 6.03096 6.04438 5.77334 5.61041 5.43670 5.31985 4.73365 4.64137 4.45589 4.27578 4.25248 4.25193 4.14190 4.13938 4.11454 4.03982 3.85379
2.34986 2.38381 2.48367 2.52461 2.50851 2.49046 2.46873 2.48419 2.48151 2.52841 2.52811 2.58499 2.67610 2.71754 2.74989 2.75444 2.94340 2.73884 2.71002 2.77614 2.80770 2.79728 2.70891 2.68919 2.74221 2.71286 3.33406 3.72810 3.78221 3.78692 3.83854 4.06794 4.12464 4.19930 4.38671 4.58094 4.83676 4.92340 5.11450 5.04031 5.24135 5.62006 5.72349 5.82151 5.71993 5.68324 5.73303 5.75096 5.76218 5.75990 5.67059 5.70723 5.59638 5.33646 5.14090 5.16453 4.75832 4.53288 4.49608 4.25676 4.22403 4.20176 4.10052 4.05607 4.05314 4.04481 3.87541
2.49878 2.53974 2.62097 2.64858 2.63605 2.58484 2.54554 2.55511 2.54387 2.57263 2.58707 2.60904 2.67786 2.74602 2.77510 2.76455 2.86034 2.74466 2.64270 2.60519 2.60151 2.58937 2.53726 2.53304 2.61679 2.64537 3.02621 3.58427 3.75355 3.75751 3.89302 4.15640 4.38068 4.59903 4.76817 4.79930 4.97606 4.86378 4.98729 5.03339 5.16224 5.50290 5.63564 5.79567 5.74237 5.65643 5.73076 5.73717 5.75766 5.73293 5.67029 5.65785 5.55140 5.23294 5.06046 5.05341 4.84941 4.39915 4.41376 4.17857 4.11776 4.10840 4.10438 4.07535 4.12700 4.16290 3.96366
2.49839 2.54219 2.58861 2.62424 2.62578 2.58837 2.59175 2.58705 2.55774 2.57478 2.58569 2.60844 2.65141 2.75275 2.80581 2.77260 2.71406 2.60659 2.48093 2.45068 2.43657 2.44105 2.42810 2.42151 2.46738 2.68981 2.93207 3.72495 4.07823 4.18470 4.39565 4.49612 4.69849 4.88535 5.01265 5.02758 4.98961 4.92715 5.24385 5.36710 5.51446 5.74996 5.87665 5.93329 5.94549 5.81972 5.90786 5.91193 5.94458 5.87517 5.87390 5.85380 5.66475 5.29866 4.96553 4.92824 4.94792 4.35054 4.39548 4.28190 4.20833 4.24806 4.17612 3.91664 3.82736 3.78115 3.71130
2.42232 2.46469 2.45666 2.40099 2.45571 2.44483 2.46517 2.49278 2.48181 2.54935 2.58387 2.60044 2.56598 2.71951 2.75572 2.73754 2.74382 2.69668 2.54650 2.50050 2.50116 2.51472 2.50886 2.55022 2.57459 2.82715 2.94509 3.57017 4.07211 4.14933 4.20227 4.44167 4.67075 4.97811 5.11903 5.15725 5.12500 4.91054 5.20114 5.40497 5.47192 5.71934 5.88480 5.94862 5.96065 5.85266 5.87768 5.88833 5.91338 5.83245 5.83726 5.66261 5.59879 5.43717 5.24787 5.27692 5.15325 4.76598 4.44706 4.29460 4.02545 3.96066 3.96492 3.80623 3.76068 3.77288 3.74886
2.47643 2.50557 2.54279 2.44912 2.58617 2.60955 2.54462 2.55500 2.52430 2.58218 2.60082 2.61226 2.65495 2.77709 2.81378 2.80689 2.78089 2.75787 2.61828 2.58549 2.61362 2.64444 2.62612 2.65279 2.59105 2.82532 3.00901 3.36172 4.02056 4.18399 4.23427 4.44579 4.76319 5.12940 5.30643 5.38675 5.34415 5.22099 5.46066 5.67898 5.79518 5.89383 5.88209 5.95552 5.98200 5.89865 5.85428 5.93021 6.00456 6.02111 6.09289 5.99481 5.94433 5.68184 5.48427 5.36739 5.13414 4.88346 4.30820 4.31981 4.04992 4.04462 4.06497 3.94930 3.82749 3.83776 3.85715
2.20432 2.16178 2.11141 2.16306 2.40446 2.49522 2.46970 2.48690 2.48327 2.50476 2.50662 2.44591 2.45972 2.53636 2.60847 2.74973 2.79087 2.82083 2.80000 2.75007 2.72078 2.72628 2.68972 2.72504 2.66021 2.78498 3.10336 3.26222 4.02304 4.25535 4.25511 4.33213 4.82197 5.21823 5.37735 5.44712 5.40186 5.20187 5.39374 5.67028 5.82247 5.91966 5.96159 6.02874 6.12786 6.15856 6.02217 6.13239 6.19302 6.18114 6.19730 6.11710 5.96580 5.72098 5.55981 5.33380 5.13341 5.07633 4.38473 4.31466 4.13118 4.08140 4.10338 4.02598 3.82947 3.82556 3.82466
2.06882 2.07315 2.10659 2.17748 2.32742 2.46626 2.44414 2.44382 2.42375 2.39588 2.37488 2.36617 2.43641 2.56067 2.71163 2.81463 2.83985 2.82930 2.78647 2.70638 2.65571 2.66440 2.61981 2.63804 2.57653 2.60947 3.07852 3.15441 3.75215 4.23174 4.24424 4.25335 4.81817 5.34199 5.53221 5.47962 5.40604 5.16760 5.34037 5.78657 5.91929 5.97495 6.05268 6.08488 6.22032 6.20514 6.04619 6.09697 6.10830 6.08971 6.07854 5.96212 5.70291 5.31287 5.29491 4.97747 4.77560 4.68753 4.33662 4.01655 3.88160 3.76312 3.73780 3.66816 3.37071 3.33321 3.28963
2.03523 2.02582 2.05353 2.09339 2.21350 2.43475 2.42706 2.41612 2.44841 2.48331 2.51151 2.53474 2.56926 2.67075 2.68246 2.73207 2.79481 2.78714 2.76242 2.66201 2.61902 2.68887 2.74770 2.83895 2.81483 2.57149 2.95050 3.13910 3.48172 4.16911 4.15589 4.12859 4.52122 5.04014 5.28869 5.20679 5.15510 4.92339 5.12050 5.67937 5.81105 5.82912 5.87084 5.87506 5.80649 5.86560 5.75595 5.73713 5.76891 5.79607 5.83006 5.71396 5.56223 4.84123 4.96453 4.83242 4.44107 4.29415 4.19210 3.67661 3.60086 3.41820 3.42850 3.44903 3.31257 3.28556 3.31522
2.03469 1.99497 2.03706 2.04892 2.21919 2.55767 2.61333 2.58143 2.54243 2.56431 2.55350 2.55684 2.54169 2.68426 2.67521 2.68125 2.76824 2.78990 2.81594 2.81124 2.81116 2.79966 2.83396 2.85188 2.89647 2.61664 2.76300 3.10351 3.28295 3.88128 4.05599 4.03683 4.28318 4.80669 5.12682 4.99639 4.89647 4.70117 4.78867 5.24011 5.39251 5.44611 5.47563 5.53751 5.53618 5.58894 5.61547 5.57231 5.67173 5.70918 5.78639 5.53922 5.50760 4.63627 4.50149 4.54402 4.11725 3.97907 3.93756 3.56536 3.46522 3.33509 3.42049 3.44657 3.34104 3.16690 3.31580
2.07903 2.02520 2.07315 2.03274 2.10848 2.41021 2.45634 2.40205 2.37651 2.41353 2.51000 2.53969 2.51859 2.66859 2.73681 2.74018 2.83469 2.84259 2.84588 2.83630 2.82248 2.76379 2.78466 2.77966 2.81916 2.65283 2.51590 2.94599 3.08930 3.57083 3.96682 3.85154 3.96408 4.52901 4.84758 4.71232 4.62684 4.55506 4.75847 5.16028 5.85810 6.00891 6.06034 6.12262 6.13855 6.16979 6.17349 6.00166 6.06228 6.06692 6.00558 5.80385 5.51170 4.88213 4.43790 4.74446 4.43757 4.14693 4.11666 3.69200 3.31717 3.15104 3.09680 3.06697 2.97836 2.79344 2.93507
1.98332 1.91353 1.93957 1.92667 1.99152 2.23477 2.38221 2.37306 2.36755 2.45653 2.54054 2.63257 2.65529 2.76237 2.82072 2.77493 2.83354 2.84637 2.83906 2.84065 2.82015 2.67157 2.69132 2.69552 2.75306 2.67664 2.16712 2.64383 2.92493 3.22250 3.81211 3.77781 3.96452 4.42208 4.91083 4.81224 4.73045 4.66277 4.84146 5.01297 6.05812 6.26713 6.28228 6.34309 6.34653 6.38265 6.34975 6.18163 6.06771 6.21369 6.14109 6.07182 5.87981 5.53998 5.16455 5.24215 4.97959 4.44984 4.02678 3.73654 3.06528 2.96648 2.84531 2.86585 2.85123 2.65664 2.73004
1.92567 1.94024 1.98184 1.98742 2.02131 2.17216 2.42671 2.48127 2.51497 2.62379 2.65104 2.72755 2.72633 2.76894 2.79815 2.74730 2.73215 2.68766 2.69730 2.69726 2.68532 2.64344 2.66168 2.64227 2.73004 2.78834 2.24964 2.40322 3.02013 3.20753 3.75457 3.84860 4.02116 4.22940 4.85933 4.86441 4.77153 4.76444 4.84529 4.83368 5.71835 6.17341 6.20540 6.25323 6.30023 6.38864 6.35274 6.34703 6.26773 6.44573 6.36720 6.30762 6.44186 6.13299 5.84403 5.49707 5.36081 4.68620 4.28050 4.01223 3.26565 3.00504 2.79963 2.90560 2.95174 2.78055 2.70865
