OMI_NO2_yc_0.0167deg/OMI_NO2_yc_0.0167deg/OMI_NO2_200504.asc
ncols      200
nrows      200
xllcorner       110.913
yllcorner       33.7933
cellsize     0.0166667
NODATA_Value      -999.000
[rows 145 to 173 of 200, columns 0 to 66 of 200]
4.67282 4.67282 4.67282 4.70990 4.99229 4.89721 4.93794 5.01618 5.75853 6.09120 6.11548 6.20178 6.49753 6.50414 6.50158 6.32196 6.30814 6.30814 6.30814 6.30663 6.23813 6.23448 6.22481 6.09662 5.40594 5.29132 5.22293 5.09355 4.93434 4.82261 4.66457 4.33154 4.31421 4.13752 4.08314 4.05878 3.88754 3.82438 3.82408 3.82486 3.83205 3.85167 3.85156 3.96507 4.05688 4.05688 4.01543 3.80382 3.80382 3.80382 3.87888 3.92558 3.93811 3.96184 3.99007 4.10708 4.04479 4.22598 4.34527 4.69236 5.87680 5.83624 5.99296 6.26664 6.32724 6.35416 6.37058
4.70813 4.76036 4.81467 4.86905 5.13233 5.11104 5.07942 5.14321 5.49589 6.15165 6.14774 6.14835 6.49294 6.55362 6.56348 6.44526 6.38723 6.39710 6.40697 6.41683 6.37511 6.26325 6.11512 5.94845 5.47269 5.15685 4.99461 4.79946 4.41574 4.34847 4.32379 4.15153 4.11975 4.14134 4.01671 4.01671 3.92178 3.82723 3.82723 3.82723 3.82743 3.85097 3.85166 3.90056 4.05688 4.05688 4.05690 3.85554 3.85583 3.84116 3.84805 3.98781 3.98364 4.00387 3.96796 4.02575 3.96716 4.15214 4.46784 4.61633 5.99040 6.37833 6.55495 6.85405 6.92505 6.95459 6.98205
4.93994 4.93169 4.92130 4.91087 5.02768 5.10787 5.00915 5.06834 5.11317 6.04126 6.09624 6.09624 6.44061 6.66695 6.66695 6.59551 6.47095 6.47095 6.47095 6.47095 6.43268 6.07541 5.52329 5.16002 4.73407 4.53676 4.51670 4.51513 4.34484 4.28905 4.28905 4.19950 4.09008 4.14438 4.01671 4.01671 3.97224 3.82723 3.82723 3.82723 3.83092 3.85699 3.86735 3.85659 4.00687 3.97714 3.91887 3.80349 3.72296 3.72631 3.75958 4.02012 4.06546 4.04600 4.02936 4.08349 4.36808 4.43506 4.65248 4.59894 5.71109 6.44497 6.50671 6.94831 6.96286 6.91658 6.87021
4.85006 4.85509 4.85509 4.85509 4.87533 5.12345 4.99707 5.03808 5.07742 5.73813 6.09624 6.09624 6.29335 6.66695 6.66695 6.64794 6.41218 6.14580 5.79518 5.44629 5.09042 4.86041 4.65027 4.60408 4.54265 4.51592 4.51513 4.51513 4.40951 4.28905 4.28905 4.25047 4.07098 4.08632 3.98049 3.97416 3.94314 3.73514 3.69529 3.68319 3.67261 3.67956 3.84759 3.83799 3.90566 3.96593 3.99086 3.97371 3.88701 3.85498 3.82297 3.92873 4.02133 3.92845 3.83416 3.78884 3.95879 4.06717 4.23771 4.26949 4.94083 6.17861 6.12900 6.59684 6.75971 6.75971 6.75971
4.67135 4.85509 4.85509 4.85509 4.85448 5.06805 5.01690 5.01171 5.07742 5.37667 6.08591 6.02414 5.97713 6.20122 5.85346 5.50661 5.06007 4.93411 4.93411 4.93411 4.92550 4.84297 4.68422 4.57315 4.48266 4.44332 4.42344 4.40284 4.33275 4.10115 4.03997 3.96125 3.83396 3.78331 3.64572 3.59246 3.55747 3.66717 3.72694 3.69764 3.66310 3.63874 3.85141 3.87804 3.89215 3.95275 3.92071 3.87900 3.71647 3.64538 3.57636 3.54532 3.64475 3.59747 3.54358 3.51899 3.67281 3.91569 3.98658 4.08427 4.32229 6.09207 6.09762 6.40165 6.75971 6.74946 6.72481
4.35878 4.85509 4.85509 4.85509 4.85509 4.93995 4.93963 4.81468 4.72246 4.54600 5.08511 4.83073 4.56337 4.96276 5.04320 5.02628 4.91174 4.79645 4.77954 4.76259 4.75317 4.69331 4.59299 4.37237 4.23138 4.13222 4.04450 3.98012 3.92394 3.65757 3.60337 3.59949 3.58024 3.56709 3.45020 3.44139 3.40686 3.49213 3.63618 3.63511 3.61187 3.57984 3.70296 3.72558 3.66028 3.68562 3.61019 3.52162 3.40774 3.35867 3.33485 3.31265 3.47130 3.50665 3.46999 3.46953 3.59686 3.83897 3.93838 4.08365 4.11981 5.80390 6.09762 6.22420 6.45870 6.42905 6.42899
3.91121 4.64995 4.52128 4.40637 4.30308 4.29244 4.18857 3.95466 3.92330 3.92741 4.19773 4.37949 4.37949 4.70563 4.93541 4.84653 4.70351 4.52633 4.43372 4.34124 4.24971 4.17064 4.11542 3.98758 3.91733 3.87888 3.85371 3.85309 3.85309 3.69840 3.59189 3.55932 3.51478 3.45786 3.31550 3.36568 3.34018 3.35449 3.52883 3.44417 3.38639 3.36864 3.40024 3.41462 3.39084 3.39724 3.40886 3.40886 3.36224 3.31245 3.31705 3.32170 3.41536 3.53526 3.50906 3.50592 3.59610 3.78135 3.96190 4.09657 4.13444 5.39819 6.15297 6.16445 6.51446 6.52627 6.55537
3.19905 4.16405 4.23184 4.23184 4.23184 4.24113 4.10028 3.85636 3.78748 3.70262 3.68358 3.93069 3.79925 3.84622 4.11966 4.07728 4.06061 4.09776 4.10136 4.10136 4.10136 4.10197 4.10872 4.03803 3.93750 3.88461 3.85641 3.82509 3.79057 3.67349 3.47150 3.44073 3.34624 3.20256 2.95014 3.15686 3.16890 3.16061 3.40937 3.47959 3.51952 3.52829 3.52918 3.41944 3.42247 3.43855 3.48564 3.49023 3.47569 3.39379 3.39379 3.39379 3.41505 3.60399 3.58505 3.56627 3.61127 3.73128 3.97558 4.05890 4.14402 4.90711 6.13080 6.16334 6.67396 7.06385 7.23630
3.18729 3.91456 4.16451 4.04757 3.88877 3.71904 3.23498 2.99031 2.91465 2.92066 2.91503 3.42378 3.49325 3.54482 4.02533 4.01602 3.98728 3.98456 3.97111 3.94232 3.91367 3.88502 3.86235 3.82150 3.64059 3.50614 3.42981 3.37609 3.28377 3.13331 2.77495 2.67679 2.64672 2.61388 2.64426 3.09035 3.29218 3.29218 3.46474 3.56059 3.56059 3.56059 3.56076 3.48695 3.44093 3.43735 3.49120 3.49484 3.49452 3.40412 3.39101 3.38980 3.43026 3.56527 3.58174 3.55750 3.57398 3.72467 3.93315 4.13768 4.44473 4.87399 6.74560 6.88617 7.02920 7.34692 7.28920
2.90734 2.98588 3.15338 3.07361 3.03587 3.00890 2.82480 2.73891 2.72785 2.73856 2.73976 3.05746 3.31443 3.30103 3.49456 3.58740 3.58740 3.60145 3.62858 3.62858 3.62858 3.62858 3.63262 3.62993 3.39569 3.16350 3.05028 2.95694 2.92480 2.93806 2.75213 2.69018 2.69018 2.67559 2.65778 2.88660 3.29218 3.29218 3.39364 3.56059 3.56059 3.56059 3.56059 3.53593 3.44550 3.44872 3.49345 3.54698 3.61747 3.58732 3.59075 3.65112 3.65191 3.63446 3.61410 3.47735 3.26385 3.17756 3.61065 4.75709 4.91135 4.96863 6.75474 7.02029 7.05740 7.13014 7.14922
2.18640 2.23710 2.77336 2.78052 2.78052 2.78052 2.70718 2.61563 2.64367 2.65653 2.68639 2.80131 3.29469 3.29469 3.41262 3.58740 3.58740 3.59013 3.62824 3.63493 3.54452 3.41536 3.28912 3.17234 3.06063 2.91169 2.88994 2.95928 2.94378 2.94378 2.82426 2.69018 2.69018 2.68490 2.65778 2.71291 3.25269 3.29034 3.32339 3.55458 3.54133 3.52793 3.50818 3.53558 3.45058 3.47284 3.66109 3.83274 3.82384 3.71662 3.53535 3.40809 3.20707 2.99269 2.76387 2.64097 2.67166 2.82001 3.02823 4.82787 5.01254 5.05452 6.31552 6.99404 6.96732 7.49289 7.79031
2.18640 2.18640 2.66539 2.78052 2.78052 2.78052 2.76846 2.59564 2.64357 2.64514 2.68454 2.68639 3.19679 3.29684 3.35172 3.60406 3.50024 3.37197 3.27484 3.15030 3.11250 3.11250 3.11278 3.11970 3.10474 2.92136 2.87463 2.94228 2.93346 2.93748 2.99172 2.73225 2.61415 2.57182 2.60054 2.62456 2.99679 3.19577 3.17424 3.28597 3.28122 3.29626 3.32498 3.44507 3.50421 3.46236 3.53175 3.61308 3.42063 3.19596 2.74375 2.67744 2.71604 2.75463 2.79363 2.84297 2.87508 2.98009 3.11899 4.48658 5.03461 4.92611 5.73107 6.91906 6.91906 7.72829 8.18281
2.18640 2.18640 2.50550 2.78052 2.78052 2.78052 2.78052 2.61566 2.63701 2.63347 2.69694 2.71928 2.98438 3.07330 2.92100 3.00143 3.01480 2.99536 2.99544 2.99770 2.97828 2.95888 2.93944 2.92554 2.90042 2.84588 2.96569 3.10711 3.21265 3.29501 3.28914 2.81274 2.36395 2.35774 2.44797 2.52453 2.73226 3.17657 3.22405 3.32351 3.40760 3.41451 3.40271 3.24913 3.21741 2.87080 2.67036 2.91926 3.00440 3.05392 2.92545 2.91005 2.94433 2.97866 3.01252 3.02184 3.01168 3.04344 3.18704 3.87758 5.08102 4.93137 5.24846 6.91906 6.91906 7.36633 8.38256
2.18640 2.18640 2.31611 2.77441 2.75604 2.73806 2.72097 2.60975 2.49106 2.46632 2.57609 2.75692 2.74071 2.57774 2.57477 2.73694 2.86647 2.86566 2.86376 2.85164 2.81153 2.89135 3.00851 3.10706 3.20662 3.23718 3.17088 3.19798 3.25926 3.24389 3.24389 3.04166 2.36442 2.36096 2.43238 2.57507 2.67985 3.27377 3.30679 3.16358 3.01520 2.79645 2.58862 2.54800 2.74051 2.70625 2.74708 3.04246 3.25761 3.28096 3.15549 3.02467 3.02467 3.02467 3.02396 3.01701 2.99679 2.98986 3.11646 3.19200 4.92867 4.87686 4.82546 6.62958 6.78462 6.84757 8.22692
2.22540 2.21947 2.21471 2.63625 2.76906 2.91877 3.05469 3.12767 2.82049 2.56153 2.57560 2.73824 2.73323 2.58974 2.53063 2.58490 2.79693 2.93740 3.08434 3.16433 3.30507 3.34020 3.34020 3.32835 3.28222 3.28036 3.17037 3.18047 3.25836 3.24898 3.29067 3.24823 2.61637 2.43608 2.46311 2.75931 2.96540 2.88323 2.44094 2.35924 2.39748 2.34099 2.27246 2.20838 2.40184 2.75761 2.75422 2.87677 3.17708 3.17174 3.10992 2.89846 2.89035 2.88215 2.87477 2.87339 2.86439 2.86040 2.86939 2.87256 4.20406 4.75979 4.67825 6.02049 6.64193 6.62410 7.57174
2.31357 2.51816 2.70700 3.04276 3.16891 3.13279 3.08989 3.03635 2.90395 2.49726 2.47281 2.58685 2.68249 2.84557 2.91153 3.07986 3.39092 3.41490 3.41490 3.36787 3.32850 3.31735 3.30601 3.28382 3.20400 3.17364 3.10451 3.10885 3.18869 3.25159 3.33127 3.43004 3.02384 2.70741 2.78949 2.89004 2.95323 2.75952 2.00892 2.00842 2.08656 2.10734 2.10734 2.10734 2.19969 2.65649 2.68843 2.73889 3.07460 3.13037 3.12826 2.89428 2.87339 2.87441 2.88720 2.90296 2.89980 2.88827 2.89038 2.89217 3.55792 4.78963 4.56281 5.22736 6.09542 5.86949 6.33421
2.85573 2.75822 2.71515 2.75619 2.87352 2.85080 2.83570 2.83065 2.84488 2.51045 2.43165 2.51225 2.70556 3.27232 3.12998 3.09047 3.11913 3.16999 3.14510 3.10024 3.03942 3.02676 3.01448 3.00985 2.97532 2.95831 2.98266 3.15490 3.28512 3.44981 3.70352 3.68458 3.33423 2.63352 2.62776 2.70841 2.84077 2.92281 2.11729 2.00842 2.06041 2.10734 2.10734 2.10734 2.11215 2.59660 2.68841 2.68782 2.97830 3.10150 3.07469 2.94725 2.87485 2.84789 2.81073 2.78164 2.75922 2.63896 2.59951 2.56527 2.59157 3.86084 3.67486 3.86567 4.88442 4.85809 5.05654
2.79155 2.62924 2.62975 2.63970 2.82982 2.83569 2.83569 2.83569 2.84381 2.63312 2.43491 2.45999 2.56026 3.04218 3.06418 3.01978 2.96160 3.07625 3.07625 3.07270 3.01130 3.00980 3.00782 3.09572 3.18226 3.25867 3.35218 3.41797 3.42614 3.43091 3.61056 3.62861 3.47199 2.80294 2.62776 2.65775 2.81353 2.92844 2.44381 2.00836 2.02949 2.09180 2.08168 2.07390 2.06622 2.33522 2.51203 2.50642 2.57149 2.77596 2.76969 2.72624 2.67078 2.68552 2.69863 2.70069 2.69984 2.40783 2.37431 2.35979 2.32977 3.23042 3.57695 3.49585 4.73462 4.82726 4.84850
2.86721 2.63663 2.63068 2.63068 2.78366 2.83569 2.83569 2.83569 2.83816 2.76162 2.43600 2.43491 2.55267 2.83991 3.11060 3.02859 2.93577 3.04979 3.03777 3.12407 3.18312 3.27333 3.38253 3.40315 3.39620 3.35162 3.35162 3.39881 3.42552 3.42495 3.55133 3.61655 3.54102 2.94604 2.57939 2.54495 2.72693 2.85608 2.68917 1.93543 1.93678 2.08182 2.10627 2.12112 2.13588 2.27262 2.50054 2.52337 2.54494 2.75665 2.80334 2.79419 2.70129 2.69956 2.67744 2.64735 2.61729 2.37804 2.20873 2.16033 2.10791 2.52438 3.45611 3.59588 4.54438 4.91189 4.91189
2.88065 2.69044 2.63068 2.63068 2.72565 2.83569 2.83569 2.83569 2.83569 2.83746 2.48029 2.43303 2.49621 2.56491 3.06819 3.03129 3.06295 3.27775 3.44830 3.46904 3.43845 3.40204 3.40174 3.40145 3.40115 3.35614 3.34902 3.35724 3.30746 3.14139 3.02658 2.90914 2.69565 2.42618 2.40537 2.40920 2.61428 2.82534 2.87220 2.07971 1.94600 2.10204 2.15934 2.15934 2.15934 2.21696 2.47048 2.52337 2.52941 2.67832 2.75579 2.72572 2.60136 2.50093 2.43868 2.38434 2.33006 2.15090 1.92515 1.93262 1.93730 1.98037 3.29458 3.58106 4.23210 4.91189 4.91189
2.88065 2.76051 2.63068 2.63068 2.66224 2.83565 2.83262 2.81461 2.77037 2.72287 2.47905 2.29624 2.18773 2.08459 2.59622 3.18926 3.33436 3.35253 3.46640 3.46640 3.45506 3.38197 3.35965 3.33271 3.20495 2.99121 2.77318 2.59248 2.51363 2.51194 2.53220 2.61292 2.61292 2.48166 2.41231 2.41231 2.51977 2.79764 2.87464 2.41165 1.94600 2.04557 2.15934 2.15934 2.16210 2.17710 2.45064 2.51265 2.46867 2.46980 2.45163 2.39732 2.30119 2.24910 2.24910 2.24910 2.24910 2.20880 1.92515 1.92990 1.93649 1.92867 2.86273 3.49022 3.88730 4.87150 4.86283
2.73130 2.63968 2.40614 2.35186 2.29749 2.44201 2.39167 2.24732 2.08158 1.92892 1.88040 1.88633 1.88670 1.94374 2.33710 2.96139 3.36167 3.28667 3.46464 3.41442 3.27571 2.96421 2.78550 2.62794 2.58977 2.54969 2.46939 2.46942 2.50753 2.51206 2.51592 2.60492 2.61292 2.53887 2.41231 2.41231 2.43073 2.72890 2.64758 2.31680 1.95535 2.00349 2.16002 2.14113 2.11934 2.09035 2.25521 2.21450 2.18790 2.20674 2.24637 2.23999 2.20343 2.11401 2.10240 2.09065 2.07907 2.06741 1.77600 1.72443 1.73625 1.73465 2.19734 3.26825 3.44662 4.65655 4.68158
2.31620 2.26067 2.09852 1.97099 1.78408 1.80306 1.79718 1.73474 1.72476 1.70664 1.81842 1.89088 1.87480 1.90336 2.04992 2.57003 3.06913 2.84473 2.87828 2.79739 2.79564 2.67356 2.58977 2.58977 2.58977 2.58216 2.47459 2.47351 2.49692 2.50763 2.50519 2.58742 2.63698 2.58708 2.20190 1.96741 1.71241 1.76977 1.76808 1.73822 1.71072 1.68858 1.87933 1.89473 1.89473 1.89473 2.02371 2.09669 2.04837 2.06316 2.12018 2.13541 2.13353 2.03858 2.03275 2.03275 2.03275 2.01788 1.79088 1.62702 1.60830 1.56690 1.55942 2.89092 3.17517 4.34480 4.81676
1.85999 1.65085 1.42141 1.31400 1.29724 1.38255 1.60356 1.57945 1.55852 1.54647 1.73562 2.10372 2.29981 2.50266 2.62840 2.02914 2.43307 2.63165 2.72339 2.80517 2.80087 2.73372 2.58640 2.58212 2.57784 2.57224 2.46910 2.44049 2.45759 2.45040 2.23765 2.02737 1.82510 1.55237 1.45498 1.42748 1.42230 1.60316 1.72005 1.68139 1.68139 1.68139 1.82474 1.89473 1.89473 1.89473 1.95934 2.13002 2.04837 2.04992 2.09252 2.06426 2.00345 1.91748 1.87090 1.82790 1.77908 1.72800 1.57816 1.36241 1.37557 1.37740 1.37201 2.24964 2.84650 3.53744 4.32673
1.23758 1.23265 1.21810 1.17881 1.16999 1.17723 1.63294 1.86901 2.07801 2.27533 2.48244 2.66023 2.66866 2.67056 2.59871 2.20573 2.04873 2.59219 2.62442 2.76670 2.76670 2.75733 2.56652 2.56084 2.56084 2.51950 2.21627 1.86650 1.56455 1.31818 1.24966 1.29830 1.49109 1.49134 1.45535 1.42230 1.42230 1.49346 1.74902 1.68139 1.68139 1.68139 1.76824 1.89087 1.84147 1.77328 1.70841 1.83181 1.64514 1.54911 1.47066 1.43092 1.36485 1.32904 1.30676 1.24515 1.18938 1.15072 1.13943 1.28334 1.29704 1.31083 1.31874 1.72106 2.73153 3.15865 4.23879
1.19333 1.23720 1.52838 1.70569 1.94719 2.17621 2.37337 2.41920 2.41920 2.41920 2.45032 2.63123 2.67167 2.66864 2.60902 2.44885 1.79395 2.55206 2.57343 2.76177 2.75122 2.69482 2.30181 1.95607 1.64962 1.37489 1.29990 1.19840 1.19851 1.24264 1.24717 1.26306 1.45004 1.48362 1.45740 1.39617 1.38644 1.38319 1.61200 1.46725 1.39310 1.32100 1.28536 1.30649 1.24417 1.20050 1.16181 1.18437 1.09282 1.01874 1.01652 1.04545 1.05948 1.06743 1.12510 1.12515 1.12546 1.13223 1.14158 1.28142 1.32641 1.35530 1.36178 1.39203 2.59593 2.84098 4.01179
2.22825 2.45258 2.48325 2.32282 2.26144 2.26144 2.32813 2.41920 2.41920 2.41920 2.42105 2.59132 2.67683 2.66864 2.62934 2.54832 1.87308 2.22316 2.31137 2.14464 1.85357 1.60294 1.47116 1.34826 1.35635 1.36448 1.36833 1.24809 1.25122 1.20233 1.15955 1.16505 1.28595 1.41884 1.45755 1.38631 1.38937 1.40128 1.35802 1.21946 1.22903 1.23911 1.24010 1.06394 1.03928 1.03928 1.03928 1.08010 1.07878 1.00789 1.01079 1.03548 1.06481 1.07416 1.13865 1.15914 1.17263 1.18031 1.18540 1.27960 1.35612 1.38344 1.38368 1.38368 2.19956 2.74310 3.71217
2.48325 2.48325 2.48325 2.38605 2.26144 2.26144 2.27980 2.41871 2.41920 2.41854 2.41577 2.52118 2.70393 2.69800 2.69314 2.55809 2.25739 1.94160 1.85346 1.79054 1.64501 1.65314 1.62052 1.42180 1.42546 1.43124 1.42059 1.37721 1.40426 1.38111 1.33526 1.36108 1.44346 1.62124 1.62207 1.50722 1.43956 1.43956 1.41584 1.26678 1.24014 1.24014 1.24014 1.11705 1.03928 1.03928 1.03928 1.06408 1.12574 1.03689 1.05083 1.08588 1.11610 1.12301 1.17536 1.23270 1.25698 1.28001 1.30258 1.36954 1.49410 1.53350 1.55634 1.57484 1.92227 2.78076 3.36145
2.48325 2.48608 2.50662 2.50105 2.32157 2.33820 2.35620 2.52117 2.60630 2.67071 2.73185 2.83377 2.93389 2.80625 2.77896 2.64271 2.51256 1.98523 1.85946 1.76523 1.48175 1.41867 1.36308 1.35128 1.35287 1.34282 1.34664 1.42705 1.52170 1.49995 1.39208 1.39208 1.41265 1.59413 1.62207 1.55890 1.43956 1.43956 1.43511 1.29691 1.24014 1.24014 1.24112 1.18125 1.06045 1.06210 1.06292 1.06403 1.13104 1.10926 1.12184 1.35205 1.39834 1.43122 1.46481 1.51273 1.51914 1.52561 1.53198 1.54620 1.68171 1.68328 1.68095 1.68424 1.70445 2.73456 3.17049
