OMI_NO2_yc_0.0167deg/OMI_NO2_yc_0.0167deg/OMI_NO2_200501.asc
ncols      200
nrows      200
xllcorner       110.913
yllcorner       33.7933
cellsize     0.0166667
NODATA_Value      -999.000
[rows 116 to 144 of 199, columns 67 to 133 of 200]
14.2008 14.2803 14.3918 14.6344 14.8376 15.6454 15.7474 15.1612 14.1914 14.2474 14.3035 14.3596 14.4253 14.5938 14.7880 14.9419 15.0826 15.2190 16.0612 16.2715 16.2566 16.0059 16.0048 15.2572 18.4303 18.6377 18.6918 23.0540 27.4478 27.5794 27.8809 28.2827 28.8202 29.3602 29.7105 32.5475 33.7097 35.5565 35.7644 35.8451 35.9697 36.9633 37.6091 37.3330 36.9534 36.2281 36.0191 36.1438 36.1302 35.0805 35.2257 36.0271 36.4093 39.8745 41.2933 41.2556 41.2205 41.2592 41.3410 41.4843 41.6620 41.1386 40.7620 41.2023 41.2338 41.1603 41.0312
14.6609 14.7223 14.7683 15.0257 15.0904 15.8165 16.1154 16.0037 14.7276 14.8776 15.0280 15.1779 15.3187 15.3563 15.3660 15.3548 15.3176 15.2794 15.7919 16.2831 16.2586 16.3320 16.3915 15.9258 17.8893 19.7076 20.2412 23.5745 29.2251 30.6667 31.0638 31.3326 31.4658 31.5955 31.6912 32.9781 35.5550 36.9679 37.7553 37.0776 36.1678 35.7158 36.2925 36.5959 37.1850 37.5090 37.9970 38.4936 38.8736 37.9510 36.8865 37.1222 36.5909 38.8078 41.0436 41.2709 41.4985 41.6725 41.6705 41.7300 41.8421 41.5885 40.8945 41.0423 41.0064 41.0236 41.0871
14.5451 14.5388 14.7367 15.6858 15.9059 16.5465 17.1022 17.1187 15.6732 15.5300 15.5603 15.5914 15.6240 15.6572 15.6914 15.7475 15.8292 15.9101 16.2495 17.1497 17.1623 16.8346 16.4193 15.9512 18.6167 22.0524 22.1899 23.9311 29.0829 30.7621 31.0540 32.2918 32.2918 32.2918 32.2817 32.2796 34.2692 34.1474 34.6423 34.4726 34.4726 34.6506 36.5397 38.1268 39.2949 39.5844 39.6208 39.6492 39.6466 38.6984 37.3209 38.0246 37.5917 39.0918 42.0680 42.1975 42.2689 42.3317 42.3202 42.1180 42.0684 42.0376 41.0665 41.0441 41.0962 41.0962 41.1024
15.9837 16.4111 16.8524 18.0301 18.3768 18.7277 19.0630 19.0034 17.2873 16.3504 16.2846 16.1373 16.1146 16.0921 16.0696 16.0439 15.8844 15.3303 14.7603 15.1667 14.6358 14.5788 14.8606 14.8571 17.0117 21.4593 21.9450 22.6025 27.7045 30.3819 30.4745 32.2661 32.2918 32.2918 32.2918 32.2157 32.2088 32.4949 34.6313 34.7269 34.8139 34.9066 36.1818 39.0262 39.5076 39.9489 40.1346 40.3214 40.5094 40.3780 38.5969 39.1191 38.6107 38.9089 41.9033 41.6831 41.6432 41.6120 41.6050 41.4966 41.4883 41.5044 40.7962 40.4126 40.5016 40.5060 40.5050
18.2439 18.2544 18.2544 19.0126 19.3333 19.3333 19.3333 19.1651 17.9379 16.3504 16.2968 15.9946 15.6799 15.1124 14.5170 13.8928 13.3967 13.3659 13.3648 14.1542 14.5070 14.5168 14.8689 14.8949 16.0439 20.0976 21.9895 22.1047 26.7622 30.8619 30.8917 32.4968 33.0213 33.1285 33.1709 33.2818 33.5114 33.5966 35.5264 36.0098 36.0804 36.1961 36.8189 39.7480 40.5912 41.2425 41.0964 40.7574 40.4148 40.1898 39.2654 39.0978 38.8912 38.3846 40.9803 41.2314 41.2789 41.3275 41.3520 41.2649 41.1892 41.1892 40.8112 40.0114 40.0861 40.1097 40.0778
18.2714 18.3320 18.3390 18.8409 19.4039 19.4082 19.4125 19.2722 18.1577 15.2175 14.5375 13.7498 13.4601 13.4587 13.4541 13.4493 13.4485 13.4485 13.4485 13.9253 14.5870 14.5870 14.8433 14.9545 15.2522 18.5420 22.0138 22.0257 25.6986 30.6049 31.1646 32.2375 33.0550 32.9762 32.9620 33.2371 33.8846 33.9340 35.3117 36.4789 36.6157 36.6835 36.5456 38.1381 39.1695 39.4428 39.2239 39.0970 38.9711 38.8487 38.3422 38.0028 38.3981 37.8389 40.0617 41.3520 41.3520 41.3520 41.3520 41.3147 41.1892 41.1792 40.7221 39.3431 38.9755 38.6348 38.2703
17.9381 18.4063 18.4063 18.5402 18.8283 18.1837 17.5846 16.9968 16.6115 13.6987 13.4922 13.4610 13.4485 13.4485 13.4485 13.4485 13.4485 13.4485 13.4417 13.5780 14.3576 14.2169 14.2352 14.3353 14.1901 16.4696 21.1522 21.8470 24.4130 29.4995 30.9851 31.6123 32.9620 33.0139 33.2977 33.7116 34.9825 35.2953 35.4715 35.1453 34.5842 34.0407 33.8308 35.1042 37.9035 38.4201 38.8130 38.8130 38.8130 38.8130 38.3075 37.9659 38.4444 37.8389 39.3215 41.3056 41.3520 41.1366 40.5127 39.8473 38.9906 38.2427 37.9567 38.0088 37.9757 37.7943 37.5096
17.0361 17.6234 17.3132 17.1457 17.5368 16.9082 16.9021 16.8961 16.6883 14.4026 13.4846 13.4512 13.4097 13.3867 13.3638 13.3381 13.2659 13.1772 13.0954 13.0290 13.4486 13.4987 13.5650 13.9869 13.9871 15.2061 19.7260 21.9217 23.4817 29.1131 31.9538 32.5044 34.9834 35.2287 35.0397 34.5648 34.8761 34.7176 34.5023 33.8506 33.8391 33.8476 33.8562 34.4063 37.3736 38.1451 38.8146 38.7935 38.7725 38.7513 38.2852 38.0045 38.4120 37.3859 37.6474 38.9992 38.5768 38.0300 37.9630 37.9055 37.7437 37.4304 37.1435 36.9482 36.8978 36.9256 36.8047
16.0646 17.0236 17.0810 17.0706 17.6738 16.8409 16.8125 16.7863 16.6432 14.9863 13.2927 13.2117 13.1193 13.0284 12.9378 12.8497 12.8082 12.7832 12.7582 12.7333 13.0405 13.2405 13.2155 13.3628 13.2819 13.5120 17.5203 22.1707 22.8894 29.1989 32.6663 32.2232 33.7866 33.7372 33.5199 33.4922 33.9703 34.4774 34.4495 33.8892 33.6881 33.6561 33.6241 33.8628 36.0601 37.6828 38.4906 38.5728 38.1738 37.5374 36.8099 34.8132 34.8510 35.0197 35.0923 37.5931 37.7700 37.4831 37.1930 36.9027 36.6918 36.6196 36.4355 36.2284 36.2569 36.1877 36.3508
16.8544 17.1803 17.4571 17.4735 17.3322 16.4363 16.0722 16.0070 15.9048 14.7161 12.2110 12.1808 12.2991 12.3079 12.3144 12.3211 12.3278 12.3345 12.3412 12.3479 12.5344 12.8998 12.8181 12.7793 13.2478 13.8544 15.8022 20.5498 21.5004 27.1473 31.7260 32.1882 32.9291 33.1999 33.1999 33.1999 33.4240 34.2379 34.2379 33.9054 33.5633 33.5633 33.5633 33.5973 34.8579 36.1224 35.9232 35.5664 35.2496 35.1930 35.1443 33.5709 34.1942 34.5458 34.0826 36.1802 36.6305 36.5372 36.3342 36.0596 35.7728 35.5360 35.4333 35.3718 35.6609 35.8443 36.4532
17.0574 17.0417 17.4056 17.2685 16.7232 16.0318 15.0839 14.9835 14.8804 14.3150 12.3341 12.2933 12.3554 12.3686 12.3615 12.3540 12.3464 12.3261 12.2275 12.3404 13.0111 14.1971 14.9541 15.8071 16.1844 16.4444 16.5372 19.2543 21.5318 26.4290 31.8923 33.1999 33.1999 33.1999 33.1999 33.1999 33.2123 34.1683 34.2379 34.0925 33.5264 33.4805 33.4346 33.3887 33.9088 34.1228 34.3465 35.0705 34.9717 34.7913 34.6007 32.8418 32.6612 33.2423 33.0483 34.6170 35.5816 35.4534 35.3674 35.3529 35.3505 35.3423 35.3945 35.8486 36.4613 37.0437 37.6969
15.4790 15.4470 15.8911 15.9582 15.7353 15.4537 14.2604 14.2405 14.2279 14.0274 12.6986 12.3464 12.3230 12.2863 12.2077 12.6033 13.2658 13.9003 14.6143 15.3136 15.5920 16.2900 16.6265 16.6550 16.6728 16.6908 16.6659 17.8292 21.5059 24.7667 30.2795 32.5225 32.4658 32.4099 32.3443 32.2409 32.1321 32.7124 32.9095 32.7677 32.2063 32.0895 32.0104 31.9311 32.0937 32.3738 32.1844 32.8880 32.8462 32.7100 32.4769 31.3390 29.5651 30.4512 31.0162 32.7603 35.1177 35.2815 35.2844 35.6101 36.1283 36.6112 37.0169 37.0830 37.0974 37.2707 37.5053
15.3806 15.4135 15.6996 16.0182 16.0246 15.5958 14.7561 14.4412 14.4592 14.4101 13.3338 13.1676 13.7756 14.5060 15.1823 15.6556 15.9337 16.2117 16.4461 16.4871 16.5050 16.7967 17.0743 17.0743 17.0743 17.0743 17.0743 17.5170 20.7870 23.3362 28.0665 31.2781 31.1986 31.1192 31.0490 31.0172 30.9894 31.3714 31.9585 31.9585 31.6029 31.3185 31.1677 31.0169 31.0147 31.8467 31.9714 32.2620 32.2099 32.1549 32.2125 32.0263 28.9340 30.3970 31.3482 32.5298 35.9599 36.4463 36.9104 37.0903 37.0903 37.0896 37.0830 37.0830 37.0881 37.2710 37.3154
15.9744 15.9744 16.0394 16.5092 16.5135 15.9084 15.6087 15.4041 15.9003 16.3729 16.1358 15.3885 15.6291 16.2290 16.4770 16.5172 16.5172 16.5172 16.5172 16.5172 16.5172 16.6433 17.0512 17.0236 17.0527 17.1253 17.1982 17.2384 19.1309 21.9287 26.6549 30.8402 30.9716 30.9716 30.9716 30.9716 30.8969 30.8599 31.5445 31.3748 31.2649 31.3066 31.4244 31.5460 31.6565 32.3726 32.5929 32.5400 32.3933 32.3933 32.3933 32.4449 29.9349 31.5393 33.1681 33.7113 37.1198 37.0903 37.0903 37.0903 37.2275 37.6070 37.9705 38.3221 38.6587 38.1771 37.2658
15.9744 15.9759 16.1887 16.7904 17.0442 16.6847 16.8136 17.0274 17.2589 17.4900 17.4386 16.1087 16.0951 16.4068 16.5122 16.4943 16.4757 16.4571 16.4405 16.4900 16.5719 16.6621 17.2019 17.3311 17.3747 17.3747 17.3747 17.3319 17.8979 21.2572 25.8265 29.9649 30.8982 30.7290 30.5593 30.4070 30.4744 30.6087 31.5353 31.7443 31.7383 31.6791 31.6791 31.6791 31.6791 32.0931 32.5929 32.5869 32.7321 33.3051 33.7625 34.0686 32.3403 32.0569 33.2394 33.4381 36.7316 37.6255 37.9701 38.3167 38.5577 38.5986 38.6773 38.7214 38.6479 38.3997 36.8386
16.9944 17.3718 17.5387 17.5942 17.7878 17.6625 17.5088 17.7491 17.7385 17.7220 17.6280 16.2626 16.0020 16.1919 16.4631 16.5629 16.6635 16.7639 16.8628 16.9017 16.9103 16.9189 17.2542 17.4160 17.4246 17.4333 17.4419 17.4505 17.8495 20.3855 24.0886 28.0667 30.1366 30.2092 30.0531 29.8553 29.5039 29.1776 29.5181 29.6710 29.4029 29.1301 28.8519 28.5706 28.4907 29.1444 30.4686 30.9440 30.9249 30.6305 30.5319 30.9345 31.5232 32.3892 34.3734 35.5383 37.6730 38.9022 38.9863 38.9898 38.8874 38.7703 38.6327 38.5797 38.5749 38.5644 37.3367
17.4673 17.5791 17.6899 17.8070 18.0977 17.9896 17.6783 17.7357 17.7683 17.8498 17.9468 16.9708 16.4753 16.6934 17.0801 17.0888 17.0974 17.1060 17.1309 17.2087 17.2890 17.3690 17.6457 18.0097 18.2310 18.8115 19.4275 20.2158 20.8159 21.9651 24.1752 26.7157 25.9160 25.6009 25.5740 25.5740 25.5740 25.5740 25.9377 26.7019 26.7019 27.2764 28.3727 29.1895 29.7741 29.8092 30.5711 31.3678 32.0532 32.5052 33.0576 33.2743 33.3182 33.3564 34.6180 35.8638 37.1025 38.7406 38.5643 38.4525 38.4206 38.3862 38.3542 38.3696 38.3479 38.3268 37.6469
17.2677 17.2677 17.2677 17.2734 17.6383 17.7905 18.0405 18.1925 18.3157 18.3432 18.3527 17.8607 17.2735 17.3819 17.9979 18.0837 18.1641 18.2443 18.3079 18.3128 18.4075 18.8845 19.5359 20.6971 21.3073 21.5467 21.7273 21.7350 21.6406 22.0640 23.2854 26.6993 25.5812 25.5740 25.5740 25.5740 25.5740 25.5740 25.6470 26.6873 26.7019 27.8876 29.8111 29.8902 30.0096 30.1290 30.5991 32.3665 33.5404 33.3515 33.2974 33.3274 33.4164 33.5047 33.7069 34.8624 35.8185 38.2929 38.2716 38.2684 38.2647 38.2601 38.2535 38.2765 38.2931 38.2698 38.0048
17.5495 17.6882 17.8273 17.9601 18.1928 18.4046 18.5538 18.6697 18.7424 18.7881 18.8262 18.7307 18.1732 18.2040 18.2907 18.3128 18.3701 18.8178 19.4848 20.2366 20.8932 21.1592 21.2896 21.6738 21.7041 21.6807 21.6802 21.6802 21.6802 21.8489 22.6412 26.3928 25.7023 25.4549 25.4314 25.4081 25.3842 25.3758 25.4698 26.4639 26.8219 27.0255 29.8748 30.0009 29.9325 29.8641 29.9154 30.9185 33.0539 33.0403 33.0866 33.1261 33.0050 32.8236 32.7695 33.9717 34.7261 37.9172 37.9897 37.9822 37.9789 37.9766 37.9095 37.8273 37.7712 37.6908 37.6820
18.3639 18.3639 18.3639 18.3645 18.4274 18.7671 18.8694 18.9612 19.0157 19.0542 19.0729 19.0858 18.4816 18.8138 19.6221 20.5155 21.2307 21.5503 21.6237 21.6091 21.5946 21.5887 21.6082 21.9117 22.1303 22.1515 22.1727 22.1939 22.2152 22.2171 22.8685 25.4453 25.4420 25.0827 25.3408 25.5989 25.8569 26.1000 26.2407 26.3486 26.2746 26.2584 28.2848 29.5006 29.6477 29.7949 29.9467 30.5147 32.7835 32.9081 32.5596 32.3988 32.3386 32.3386 32.3503 33.4338 34.6184 37.2592 37.9425 37.8472 37.7510 37.6570 37.6279 37.6289 37.6786 37.6820 37.6820
18.9932 19.0309 19.0692 19.1073 19.1197 19.4201 19.5407 19.3570 19.3981 19.8279 20.4959 21.1638 21.3472 21.3535 21.5052 21.8130 21.7773 21.7472 21.7438 21.7438 21.7438 21.7438 21.7438 21.8954 22.2236 22.2526 22.3555 22.5688 22.9068 23.1893 23.6970 25.9714 27.1699 26.5100 26.5100 26.5100 26.5100 26.5100 26.5100 26.5389 26.5167 26.6854 27.6688 30.0317 29.9708 29.8378 29.7048 29.8996 31.5675 32.7034 32.3601 32.3386 32.3386 32.3386 32.3243 32.7178 34.3725 36.2686 37.6287 37.6279 37.6279 37.6279 37.6279 37.6472 37.7415 37.8205 37.8806
19.1197 19.1197 19.1197 19.1197 19.1141 19.0878 19.4735 19.3600 19.3265 21.4184 22.0837 22.0519 21.7636 21.2617 21.3009 21.7435 21.7438 21.7451 21.7825 21.8363 21.8898 21.9445 22.1361 22.4628 23.5521 23.8758 24.1107 24.2352 24.2354 24.2354 24.1286 25.4422 27.4636 26.5100 26.5100 26.5991 26.7672 26.9353 27.1098 27.2347 26.9336 26.7685 26.6300 29.1991 29.5054 29.5054 29.5054 29.6663 30.6745 32.7138 32.4712 32.2673 32.1604 32.0535 31.9609 32.1191 33.8954 35.5091 37.6004 37.6376 37.6830 37.7290 37.7898 37.8697 37.9753 38.2133 38.2931
19.0796 18.7090 18.3628 17.9996 17.6192 17.5275 19.0788 19.1812 19.0760 20.3384 21.9963 22.0411 22.0189 21.4222 21.4545 21.9423 22.0804 22.2971 22.5448 22.7766 23.0077 23.2385 23.3320 23.3320 24.0263 24.2296 24.1779 24.2317 24.2442 24.2484 24.1622 25.0758 27.9200 27.1938 27.3000 27.4587 27.4114 27.2777 27.1378 27.0942 27.0949 27.2769 27.5286 29.2991 30.8436 31.0338 31.2224 31.3862 31.9420 34.0445 34.1717 33.9891 34.0750 34.1586 32.6540 32.1899 33.7746 35.3024 37.4319 37.4807 37.5358 37.5909 37.6023 37.5485 37.5187 37.8374 37.8123
17.4451 17.4921 17.3269 16.9643 16.6806 16.4027 18.3273 19.7108 19.5300 19.7125 22.3395 22.3839 22.4304 22.0922 22.2547 22.8470 23.3317 23.4031 23.3892 23.3454 23.3026 23.2611 23.2210 23.1695 23.4574 23.7423 23.6498 24.1151 24.8777 25.4800 25.6033 26.6753 28.3375 29.3340 30.1072 30.0749 30.0797 30.2262 30.3686 30.4021 30.2732 30.1158 30.0784 30.3642 32.1232 31.9869 31.8446 31.7365 31.9925 33.2684 34.1441 33.9290 34.0174 34.1220 33.0727 32.1452 33.1395 35.2532 37.4857 37.5405 37.4833 37.3815 37.2898 37.1418 36.9083 36.8181 36.5033
17.3392 17.0565 16.9442 17.0242 17.0253 17.0253 17.8145 20.2925 19.9766 19.7547 22.0191 22.7065 22.7954 22.3148 22.0940 22.1793 22.4012 22.2654 22.1426 22.0362 21.9281 21.8182 21.7069 21.7950 22.6721 23.8802 23.9927 24.0511 23.4747 22.4849 22.1108 24.7176 27.3211 28.8370 30.6828 30.5714 30.0286 30.0286 30.0286 30.0286 29.9978 29.8329 29.8329 29.8329 31.2470 31.6548 31.6981 31.7739 31.9957 32.8495 34.5746 34.4103 34.3134 34.3506 33.9455 32.8883 33.3762 34.6861 36.4079 36.8368 36.4945 36.1205 35.7651 35.4925 35.3055 35.4547 35.6847
17.2778 17.3315 17.4361 17.5482 17.5385 17.4940 17.4789 19.9982 19.9174 19.4404 20.3696 21.9858 22.9304 22.0002 21.0538 21.1294 21.5963 21.5963 21.5963 21.7204 22.3626 22.6346 22.7008 22.5694 21.8149 22.0536 21.9007 21.7306 21.7675 21.7671 21.7671 23.4764 27.1752 28.0318 30.6828 30.6805 30.0762 30.0300 30.0337 30.0374 30.0469 29.9451 30.0109 30.0988 30.9333 32.0981 32.1769 32.2231 32.2948 32.6735 34.8761 35.3217 35.4553 35.7582 35.6871 33.7526 33.3957 33.6037 34.7184 35.9100 35.8520 35.8392 35.8165 35.7932 35.7352 35.3177 35.0767
17.2698 17.1818 17.0516 16.9185 16.8866 16.8847 16.8847 18.3812 19.5687 19.2755 19.3861 21.7585 22.7910 22.5233 21.0017 21.2007 22.2711 22.4864 22.5848 22.5486 21.8396 21.4015 21.2099 21.0164 20.8944 21.6785 22.0777 22.1150 22.4399 22.5152 22.5615 23.1243 27.6481 28.0137 30.6721 30.8283 30.4431 30.3962 30.5535 30.7106 30.8620 30.7627 30.6890 30.7367 30.8835 32.4525 32.7142 33.0420 33.3704 33.9568 35.3884 36.1182 35.3315 34.9551 34.6267 32.6716 32.3781 32.9126 33.8592 36.0595 35.8237 35.4330 34.8926 34.3527 33.8470 33.7361 34.0432
16.8847 16.8847 16.8847 16.8847 16.8847 16.8847 16.8847 17.3828 19.7863 19.7149 19.4887 21.7081 23.3890 23.9495 21.8393 21.9622 21.9350 21.9224 21.6808 21.4388 21.2530 21.2406 21.2406 21.2406 21.2406 21.7263 22.4451 22.4451 22.6917 22.9303 23.0724 23.2298 27.2083 29.4890 30.9223 31.8571 31.5504 31.1546 31.1546 31.1546 31.1546 31.0262 31.0049 31.3708 31.7351 33.1721 33.8236 33.7349 33.5993 33.6166 34.2301 35.7349 34.8653 34.4554 34.4554 33.1655 32.3781 32.7246 32.6075 34.7229 34.1086 33.7361 33.7361 33.7361 33.7361 33.7361 33.7922
16.8847 16.8847 16.8847 16.8847 16.8847 16.8847 16.8847 16.8875 19.6312 21.0462 21.4262 22.2162 22.6927 23.4907 21.3397 20.7672 20.8673 21.2406 21.2406 21.2406 21.2406 21.3138 21.6088 21.9190 22.2294 22.6374 23.0665 23.1978 23.5238 23.9775 23.9928 23.9929 26.1950 30.5191 30.5214 31.9496 31.7540 31.1564 31.3732 31.7402 32.1054 32.4376 32.2556 32.1550 32.0045 32.3444 33.3342 33.2877 33.2877 33.3357 33.6557 35.5587 35.2821 34.4306 34.0217 32.6291 30.7126 30.4348 31.0818 33.4844 33.8700 33.6893 33.3168 32.8815 32.4462 31.9809 31.6488
