OMI_NO2_yc_0.0167deg/OMI_NO2_yc_0.0167deg/OMI_NO2_200711.asc
ncols      200
nrows      200
xllcorner       110.913
yllcorner       33.7933
cellsize     0.0166667
NODATA_Value      -999.000
[rows 87 to 115 of 165, columns 0 to 66 of 200]
20.6644 20.9339 20.6031 19.6394 19.8905 19.9444 20.3660 20.7376 20.7726 22.3184 23.0903 23.1428 23.8628 24.1568 24.1761 25.0995 28.1501 27.1487 26.2959 27.5933 27.4251 27.2170 27.4957 28.0057 27.8071 27.6012 27.3771 27.1016 26.9736 26.9507 28.2291 28.3262 28.3276 29.3224 30.4994 30.4994 30.4896 30.4484 29.7363 29.4469 29.1408 28.8243 29.4121 29.5675 29.2643 29.1852 29.1585 28.0486 27.9975 27.9975 27.9975 27.9824 27.4747 27.4564 27.4564 27.7977 27.9860 27.9860 28.0009 28.2610 28.2641 28.2641 28.2641 28.6372 29.8055 29.7713 31.2766
22.0260 22.0428 21.9332 20.3342 20.3388 20.3582 20.5654 21.1205 21.1400 21.8748 23.4479 23.5124 24.2477 25.1522 25.5998 26.3398 29.8023 30.4457 28.6235 25.9277 25.5871 25.5871 25.7739 26.9217 26.9217 26.9217 26.9217 26.9217 26.9217 26.9217 27.8376 28.3276 28.3297 28.8013 30.2876 29.9859 29.6704 29.2927 28.4462 27.8186 27.8079 27.8079 28.4254 29.1852 29.1852 29.1852 29.1852 28.3561 27.9975 27.9975 27.9975 27.9975 27.5926 27.4564 27.4564 27.6634 27.9860 27.9860 27.9860 28.2133 28.2641 28.2400 28.1934 28.1673 29.5302 29.6317 30.7486
22.2831 22.2900 22.2963 20.9389 20.6855 21.1970 21.7258 23.2882 23.9424 24.5892 26.6180 27.0853 27.6282 28.1605 28.2819 28.2954 30.6296 31.6043 29.7120 26.8173 25.5871 25.5871 25.5871 26.7456 26.9217 26.9217 26.9217 26.9217 26.8702 26.6098 26.7867 27.3488 27.0385 26.9370 28.5242 28.8013 28.8013 28.7513 28.4015 27.8108 27.8079 27.8079 28.1374 29.1852 29.1852 29.1852 29.1852 28.6898 27.9969 27.9975 27.9975 27.9975 27.7261 27.4564 27.4564 27.5290 27.9857 27.9726 27.9271 28.0448 28.1116 28.0887 28.0887 28.0808 28.9799 29.4348 30.0120
21.8995 21.7937 21.6879 22.8346 24.2948 24.3495 24.3927 25.4186 25.8363 25.8363 26.6701 27.2732 27.4835 28.0381 28.2819 28.2819 29.8761 31.6043 30.6521 27.7597 25.5871 25.5871 25.5871 26.2652 26.5149 26.2288 25.9469 25.6650 25.4348 25.4133 25.4824 26.6000 26.6295 26.7143 28.1037 28.8013 28.8013 28.7661 28.5939 27.8128 27.8079 27.8079 27.8679 29.1673 29.1852 29.1852 29.1852 29.0892 27.9317 27.9975 27.9975 27.9975 27.8590 27.4505 27.4081 27.3153 27.6108 27.5371 27.4481 27.4584 27.5390 27.4524 27.3682 27.2445 27.5997 28.4177 28.6441
21.5726 21.6152 21.6584 22.3785 24.4529 24.4529 24.4529 25.0556 25.8363 25.8363 26.1719 27.2732 27.3391 27.9217 28.2764 28.2819 29.1442 31.5640 31.3036 28.3342 24.8021 24.5135 24.2313 24.4901 25.3797 25.3648 25.3460 25.3271 25.3081 25.2887 25.2629 26.0246 26.2115 26.0803 26.8861 28.4646 28.5440 28.5046 28.4353 27.7636 27.7204 27.7165 27.7125 28.8401 29.0819 29.0781 29.0589 28.9880 27.9201 27.7288 27.6787 27.5437 27.3104 26.5598 26.4188 26.3424 26.2062 26.0244 25.8412 25.7207 25.7973 25.6795 25.6818 26.0395 26.4942 27.7377 28.0342
21.6565 21.6429 21.6287 21.6755 24.1958 24.3146 24.3004 24.5089 25.6554 25.6412 25.6379 26.8546 26.9859 27.2274 27.2294 26.9633 27.0332 29.3541 29.5607 28.0897 24.1009 23.5176 23.4992 23.5775 24.8080 24.8249 24.8199 24.7562 24.6804 24.6084 24.5456 24.9810 25.6453 25.6860 26.1335 27.9275 28.2850 28.2934 28.2267 27.8386 27.6654 27.6445 27.6441 28.4417 28.9279 28.8865 28.7371 28.5784 27.7393 26.2747 26.0961 25.9761 25.8405 25.3494 25.2990 25.2918 24.9416 24.6901 24.9375 25.4727 26.1072 26.5495 26.8499 26.8504 26.8329 27.5187 27.7566
21.3393 21.3631 21.3631 21.3631 23.2702 24.0917 24.0917 24.0647 25.1223 25.0977 24.9142 25.4045 25.8427 26.0813 26.2061 26.1697 26.2701 28.8230 29.6289 29.0962 25.3478 23.7808 23.8239 23.8299 24.8099 25.0452 25.0110 25.0292 25.0404 25.0491 25.0368 25.1193 26.0177 25.9493 25.8604 26.9842 27.6242 27.6831 27.5281 27.2050 26.7589 26.5174 26.3672 26.6374 27.1348 26.9361 26.8595 26.8448 26.8197 24.9980 25.0566 25.0967 25.1374 24.8781 24.9776 25.3059 25.4176 25.3267 25.5377 25.9806 26.0803 26.1125 26.0971 26.0966 26.0966 26.5114 27.0544
21.0495 21.3089 21.2214 21.0016 21.9296 23.2709 23.0413 22.8399 23.6218 24.1131 24.0670 24.2350 25.1792 25.5807 26.2580 26.1561 26.1066 27.9431 29.4418 29.2316 26.0967 23.2608 23.1881 23.1161 23.5635 23.9532 23.7904 23.6340 23.5008 23.3707 23.2606 23.1712 23.9399 24.0730 24.0281 24.6834 25.4904 26.1675 26.2621 26.1146 25.6711 25.4189 25.3933 25.8605 27.0822 27.3441 27.6066 27.8646 27.9541 25.4393 25.2143 25.5531 25.8764 26.0069 25.9841 25.9841 25.9300 25.3998 25.4103 25.7954 26.0063 26.0966 26.0966 26.0966 26.0966 26.2241 27.0539
18.9588 19.4241 19.2819 19.2720 19.6808 22.0103 22.0527 22.0975 22.6082 23.5705 23.6152 23.6607 24.6698 25.1091 26.1248 25.8927 25.3377 25.4344 26.4995 25.8917 24.2399 22.1050 22.0082 21.9328 22.1624 22.9289 22.9289 22.9289 22.9289 22.9289 22.9289 22.9289 23.4522 24.0100 24.0115 24.3733 25.1798 25.9813 26.3421 26.6140 26.4808 26.5406 26.7435 26.7858 27.9146 27.9651 28.1913 28.4883 28.7700 27.4582 26.2895 26.3228 26.3228 26.2331 25.9856 25.9841 25.9841 25.4719 25.4103 25.6175 25.9692 26.0966 26.0971 26.3326 26.1166 26.1476 26.9754
18.7142 19.7582 19.8029 19.8367 19.8381 22.2132 22.5144 22.5186 22.3235 22.8766 22.3174 21.9880 21.9094 21.4159 21.9787 21.5163 21.3786 21.6131 23.4277 23.5498 23.3327 21.9326 21.9223 21.9223 21.9422 22.8768 22.9289 22.9289 22.9289 22.9289 22.9289 22.9346 23.1804 24.3588 24.5306 24.8577 26.1832 27.0347 27.2976 27.4149 27.0244 26.8475 27.0609 27.3858 28.5551 29.0583 29.1286 29.1286 29.1286 28.5256 26.1236 26.3228 26.3228 26.3035 26.0029 25.9841 25.9841 25.5979 25.4167 25.8051 26.8017 27.4838 27.9855 28.2101 26.4566 26.2127 26.7223
18.9566 19.7229 19.7827 19.8368 19.9240 19.9536 19.2993 18.9584 19.1562 20.1525 20.7077 20.8340 20.7534 20.2484 21.0953 21.4549 21.3786 21.4410 23.1142 23.5498 23.5498 22.3078 21.9223 21.9223 21.9223 22.6245 22.9720 23.1126 23.2015 23.2561 23.3108 23.3599 23.3692 24.8741 25.1089 25.1313 26.0526 26.8207 27.5968 28.0317 28.0557 28.1080 28.0559 28.0559 28.6668 29.1286 29.1286 29.1286 29.1286 29.1186 26.2965 26.3228 26.3228 26.3228 26.0900 26.3887 26.9073 27.1826 27.3869 27.5797 27.9320 28.2068 28.2591 28.2796 27.2304 26.3094 26.5531
19.5814 19.9936 20.1329 20.2941 20.6540 20.5595 19.9125 20.0850 20.0850 20.4705 20.8340 20.8340 20.8340 20.3743 20.8069 21.4721 21.3904 21.3786 22.6915 23.5498 23.5502 22.9919 22.1496 22.2946 22.4128 22.8995 23.4879 23.4021 23.3680 23.3680 23.3680 23.3680 23.3926 24.4075 25.2264 25.2895 25.9974 27.3699 28.7592 28.8983 28.7001 28.3479 28.2000 28.2108 28.6091 29.3056 29.3168 29.3278 29.3388 29.3499 27.3144 26.8850 27.5491 28.1991 28.4753 28.3040 28.4112 28.3876 28.1766 28.3585 28.6539 29.1525 29.3572 29.6198 29.4986 28.1339 28.3071
20.0552 20.6863 21.3273 21.5339 21.5757 21.5362 20.2618 20.2932 20.3446 20.5773 21.1963 21.2477 21.2989 21.0973 21.1137 22.1897 22.3777 22.4760 23.5145 25.0696 25.2810 25.3082 23.5293 23.3890 23.3687 23.5670 24.4588 24.5012 24.5438 24.5882 24.6367 24.6863 24.7117 25.1521 26.4600 26.4641 26.8608 27.7904 29.6322 29.7533 29.5072 28.6628 28.4538 28.4256 28.7333 29.8004 30.0145 30.5879 31.1999 31.8176 31.5674 30.4202 30.8017 30.8970 30.5614 29.4677 29.4739 29.6048 29.2218 29.5121 29.7200 30.3696 30.5271 30.4341 30.3289 28.5441 28.2762
22.0015 22.1764 22.6436 22.6822 22.6865 22.6865 21.6999 21.3889 21.3889 21.4038 22.1390 22.5009 22.8798 23.2044 23.1081 24.7859 24.6075 23.7311 24.0973 25.8780 25.9034 25.9173 24.4837 23.7285 23.7441 23.7611 24.6727 24.8111 24.8337 24.8558 24.8724 24.8879 24.9035 24.9475 26.5886 26.7822 26.6517 27.6478 29.5702 30.8001 31.0594 30.2289 29.9393 30.2633 30.7678 32.1011 32.5772 32.6982 32.7650 32.7989 32.7545 30.9838 31.4435 31.6514 31.7978 30.5643 30.7171 30.7627 30.2729 30.3031 30.3023 30.3940 30.5517 30.5485 30.5453 29.5367 28.5484
22.1356 22.1479 22.6623 22.6865 22.6865 22.7468 22.4680 22.2087 22.6029 22.9981 23.8748 24.1743 24.1904 24.2063 23.7956 24.7945 25.1239 24.0761 24.1224 25.9984 26.2925 26.3036 25.6878 24.0661 24.0794 24.1063 24.8542 25.3141 25.4676 25.6306 25.7932 25.9562 26.1191 26.2791 27.5051 28.2576 28.1419 28.5728 29.8779 32.4806 32.2514 31.3045 31.3241 32.2313 32.2891 32.7919 32.5741 32.1027 31.6308 31.1586 30.6869 31.4815 32.2788 32.3522 32.3285 31.1502 30.7403 30.7315 30.3538 30.2544 30.2737 30.3074 30.5025 30.5174 30.5174 30.1711 28.5247
22.3799 22.7167 23.4659 23.9700 24.3208 24.6114 24.4182 23.5930 23.5937 23.5937 23.9159 24.3899 24.4367 24.4832 24.3098 24.8069 25.5346 24.8778 24.7789 27.1054 28.0745 28.4557 28.8121 26.9052 26.9514 27.2691 27.2699 27.0890 27.0984 27.0984 27.0984 27.0984 27.0984 27.0984 27.6635 28.8393 28.6929 28.7761 29.1695 32.5904 32.3200 31.0540 30.0479 30.5068 30.2471 30.1920 30.4528 30.4528 30.4513 30.4327 30.4091 30.9517 32.0432 32.2728 32.2728 31.5238 30.7315 30.7315 30.5161 30.1839 30.2737 30.2779 30.4656 30.5174 30.5174 30.5158 28.8482
24.2330 24.3354 24.6336 24.9694 25.0109 25.0523 25.0785 24.2343 24.3500 24.5353 24.8783 25.9415 26.3341 26.7421 27.3391 27.4620 28.8367 28.8288 28.1443 29.5628 30.1174 30.1172 30.1172 28.6610 27.4307 27.4307 27.4036 27.1006 27.0984 27.0984 27.0984 27.0984 27.0984 27.0984 27.1875 28.3840 27.8404 27.2128 26.9995 29.1807 29.8622 29.2100 28.5611 28.9866 29.7555 29.9564 30.4067 30.3830 30.3608 30.3558 30.3558 30.4769 31.8832 32.2623 32.2728 31.9298 30.7315 30.7315 30.6776 30.1135 30.2737 30.2713 30.3343 30.3489 30.2473 30.1464 29.3335
24.6809 25.4689 25.7337 26.1117 26.4977 26.9499 27.4024 26.9172 26.5767 26.7427 27.0617 28.7048 29.2017 29.4932 29.5635 28.5150 29.3119 29.2661 28.1856 29.0333 30.2288 30.1172 30.1172 29.6891 27.4367 27.4307 27.4307 27.1634 27.0984 27.0725 26.9617 26.8935 26.8432 26.7925 26.7350 26.1720 25.9441 25.6580 26.0882 27.6677 29.9382 29.4211 28.5077 28.4106 29.6645 29.7370 30.3558 30.3558 30.3558 30.3558 30.3558 30.3558 31.5135 32.1446 32.2728 32.2487 30.8181 30.7265 30.6522 29.9741 29.9951 29.8958 29.9188 30.0643 30.0320 30.0036 29.7310
26.8147 28.3995 28.7246 28.8605 28.9208 28.9212 29.0745 28.5687 27.6402 27.9423 28.0424 28.9591 29.5635 29.5635 29.5635 29.0067 29.0850 29.3163 28.5000 28.4635 30.3804 30.1172 30.1172 30.1172 27.9379 27.2561 27.1349 26.8673 26.6618 26.6372 26.6976 26.7152 26.7152 26.7152 26.7152 26.4084 25.9784 25.8952 26.4079 27.0362 29.8816 29.5709 28.4952 28.2133 29.4092 29.7043 30.3387 30.4164 30.4250 30.4336 30.4423 30.4509 31.1548 32.1004 32.2349 32.0371 30.7601 30.1275 30.0116 29.4619 29.7315 29.8053 29.7964 30.0206 30.0271 30.0014 29.8739
27.1111 29.0112 29.1434 29.3436 29.5856 29.8585 29.9789 29.7316 28.0424 28.0424 28.0424 28.5859 29.6748 29.7439 29.8127 29.8318 29.0288 29.4836 29.0494 28.2846 30.2466 29.9972 29.8822 29.7670 28.6121 27.2361 27.3258 27.2967 27.0708 27.0896 27.1084 27.1274 27.1743 27.3660 27.5794 27.7169 27.2131 27.0692 27.2027 27.4254 29.8894 30.1709 29.0781 28.7635 28.9979 29.8890 30.2340 30.2748 30.0596 29.8303 29.5294 29.2180 29.1603 30.1845 30.3210 30.2214 29.7859 29.2754 29.2416 29.0630 29.2801 29.4513 29.3077 29.3512 29.2652 29.1154 29.0673
28.4643 30.4188 31.1078 31.1238 31.1267 31.1883 31.2494 31.3109 29.8667 29.6788 29.7481 29.8782 31.2778 31.2854 31.1583 30.9984 29.5956 29.3608 29.1138 28.0962 29.8047 30.0585 30.0579 30.0579 29.8891 27.7052 27.6205 27.5642 27.2333 27.3450 27.4926 27.6387 27.7584 27.7317 27.6844 27.6372 26.9890 26.6151 26.2582 26.3974 27.7919 28.7410 27.5912 26.8264 26.3518 27.8429 27.9905 28.1558 28.0424 27.9540 27.9349 27.9259 27.8962 29.1430 29.4487 29.3897 29.0848 28.3399 28.1701 27.9462 27.7951 28.1194 27.9011 27.8669 28.2365 28.1962 28.1554
29.7681 30.4796 31.6230 31.6037 31.5187 31.5187 31.5187 31.5187 30.5125 29.6160 29.4569 29.3019 30.3389 30.5243 30.4969 30.5068 29.7541 28.8067 28.7802 27.9343 28.8275 29.6700 29.5140 29.4767 29.4665 27.9904 27.4221 27.6292 27.5715 27.4768 27.3577 27.2384 27.1497 27.0776 27.0049 26.9324 26.4960 26.0251 25.6246 25.7805 26.3746 28.0315 27.2024 26.4040 25.9814 27.1476 27.3699 27.0979 27.0955 26.9165 26.6826 26.4487 26.2148 27.0454 27.8999 28.0933 27.9476 27.1119 26.8693 26.6857 26.4350 27.1780 27.1797 27.1672 27.7500 27.7979 27.7979
30.3093 30.1082 31.9505 31.9507 31.7516 31.6298 31.5163 31.4026 30.7807 29.5475 29.5786 29.6060 30.4081 31.1807 31.2076 31.2373 31.0158 29.2659 29.2298 28.8347 28.8163 30.2978 30.1844 30.3887 30.5643 29.7918 28.0831 28.0697 27.6540 27.1242 27.1702 27.2180 27.2339 27.2339 27.2339 27.2339 27.1059 26.4670 26.0392 25.9288 26.0393 27.9468 27.4757 26.3671 25.9422 26.0029 26.7118 26.1062 25.8814 25.8242 25.8242 25.8070 25.6510 25.9475 27.2927 27.3445 27.3395 26.8758 26.6309 26.6309 26.4144 27.0397 27.1797 27.1698 27.5264 27.7979 27.7979
30.6213 29.6939 31.4483 31.7899 31.7904 31.8365 31.9167 31.9969 31.9835 30.5200 30.5839 30.6958 31.2528 32.6185 32.7743 32.9009 32.8777 31.3550 31.2131 31.3238 30.6533 31.5315 30.6653 30.6653 30.6653 30.6217 28.3834 28.1752 28.0025 27.2339 27.2339 27.2339 27.2339 27.2339 27.2339 27.2339 27.2337 26.5790 25.9951 25.5225 25.2663 26.6005 26.5796 25.1324 25.0509 24.5465 26.2187 25.8587 25.6768 25.5437 25.2800 25.0907 25.0606 25.0859 26.9184 27.2060 27.3395 27.0660 26.6309 26.6309 26.4814 27.0168 28.0832 28.7951 29.5974 30.7026 31.3078
30.1798 30.5157 31.7034 32.8250 32.8940 33.0617 33.1531 33.1723 33.0517 32.0419 31.8591 31.8977 31.8661 32.9039 32.7067 32.4553 32.2279 31.5619 31.7660 31.7660 30.8747 31.5980 30.6680 30.6653 30.6653 30.6653 29.2158 28.1752 28.1710 27.3188 27.2339 27.2339 27.1886 26.9133 26.6331 26.3592 26.0855 25.4335 24.8526 24.5139 24.5004 25.4657 26.5154 25.4185 24.9951 24.3050 25.4518 25.4951 25.3554 25.3554 25.1762 25.0606 25.0606 25.0606 26.3317 27.1105 28.5255 29.4838 29.5704 30.2373 30.8079 31.2696 31.7775 31.7355 31.6541 32.2106 32.2609
30.2724 30.3349 30.5943 32.1936 32.0215 32.2432 31.9816 31.7983 31.7794 31.6127 31.3614 31.1101 30.8705 31.7608 32.1882 32.1882 32.1882 31.6424 31.7517 31.7660 31.2087 31.4271 30.8973 30.6653 30.6653 30.6653 30.1611 28.0704 27.7630 26.8440 26.2197 25.9459 25.7171 25.7189 25.7251 25.7251 25.7291 25.6111 25.1045 24.7436 24.7994 25.2971 26.2253 25.1670 24.6277 24.2887 24.7079 25.5609 25.3554 25.3554 25.2651 25.0542 25.0379 25.0218 25.6647 27.0023 29.8367 31.8720 31.2257 31.0029 30.7615 30.3664 30.8828 30.6995 30.4699 30.6122 30.6913
28.2484 28.4871 28.6696 30.8802 31.1764 31.5873 31.3940 31.1426 30.8953 30.8104 30.8104 30.8104 30.8104 31.3847 32.1882 32.1882 32.1882 31.7639 31.6971 31.7649 31.5399 31.1032 31.0591 30.0966 29.7445 29.3921 29.0397 26.9421 26.6005 26.2834 25.7116 25.7503 25.8870 26.0231 25.9224 25.9402 25.9849 25.9853 25.4243 24.9519 24.8914 24.9348 26.1910 25.2162 24.0934 23.9393 23.5005 25.0831 24.8061 24.7769 24.6946 24.1466 23.8305 23.4789 23.2236 24.7142 25.9077 29.3808 29.0549 28.8423 28.8093 28.6920 29.2498 29.3626 29.2612 29.2752 29.6745
28.2324 28.2647 28.2852 29.4651 30.2915 30.5722 30.7814 30.7792 30.7770 30.7749 30.7727 30.7705 30.7684 30.9638 32.1418 32.1396 32.1207 31.5373 30.5826 30.2772 29.7453 29.0705 29.7520 28.7719 28.7719 28.7719 28.8194 27.9187 26.9369 26.9552 26.3006 26.3866 26.3601 26.3180 26.0190 25.8223 25.7800 25.7376 25.3077 24.7947 24.6514 24.5743 25.5514 24.7993 22.9145 22.5741 21.7597 22.9444 22.7567 22.3801 22.0441 21.4162 21.1018 21.0183 20.9388 22.2703 22.8669 27.7525 27.9773 28.1231 27.9848 27.8410 28.0991 28.5941 28.8464 29.4476 29.1354
27.3666 27.2631 27.6338 28.2755 30.1474 30.3893 30.7554 30.7554 30.7554 30.7554 30.7554 30.7184 30.2943 29.7679 30.4407 30.0903 29.5554 29.3609 28.5782 28.7846 28.7547 28.6398 29.6579 28.5976 28.5958 28.5977 28.5551 28.2790 26.5250 26.4216 25.6360 25.4237 25.3774 25.2920 25.0434 24.6442 24.4937 24.2981 23.9038 23.1936 22.8700 22.7126 22.4859 21.3296 19.4491 19.6579 19.7535 20.1432 20.3909 20.3472 20.2700 19.8994 19.3834 19.3391 19.2979 19.9763 20.8288 24.7545 26.4425 27.1121 27.4292 27.7461 28.3904 29.2746 29.5253 30.2656 30.2311
