OMI_NO2_yc_0.0167deg/OMI_NO2_yc_0.0167deg/OMI_NO2_200509.asc
ncols      200
nrows      200
xllcorner       110.913
yllcorner       33.7933
cellsize     0.0166667
NODATA_Value      -999.000
[rows 0 to 28 of 200, columns 67 to 133 of 200]
9.10817 7.75295 7.11561 6.90301 6.77315 6.76761 6.76761 6.76761 6.76761 6.73336 6.50142 6.26649 6.05937 5.87522 5.76891 5.76726 5.76726 5.74068 4.61864 4.53140 4.57385 3.69078 3.32364 3.32364 3.32364 3.32364 3.32364 3.32364 3.32364 3.27929 3.15477 3.04622 2.95276 2.91558 2.91558 2.91558 2.91558 2.90541 2.19950 2.12620 2.10407 1.74008 1.73096 1.73436 2.18102 3.21833 4.96919 6.91522 6.48238 6.02588 5.73338 5.53157 6.26749 6.52016 6.61722 7.14267 7.46511 7.71217 7.88583 7.81999 7.63072 6.85992 6.56396 6.53489 6.53489 6.53489 6.53489
8.13652 7.50471 6.76736 6.76761 6.76535 6.59555 6.34892 6.13222 5.94008 5.78842 5.76726 5.76726 5.76726 5.76726 5.76726 5.76726 5.76726 5.76726 5.05509 4.53140 4.53140 3.93962 3.32301 3.32364 3.32364 3.30418 3.18727 3.07403 2.97666 2.91736 2.91558 2.91558 2.91558 2.91558 2.91558 2.91558 2.91561 2.91681 2.50659 2.22173 2.24443 2.13641 2.16410 2.23263 2.86266 4.19061 4.21597 4.84695 4.82674 4.96247 5.09632 5.21737 6.29740 6.93803 6.93607 7.52742 7.47966 7.14520 6.87122 6.83031 7.05407 6.60169 6.53489 6.53489 6.53489 6.53489 6.53489
8.05466 7.76287 6.32367 6.00770 5.83054 5.76726 5.76726 5.76726 5.76726 5.76726 5.76726 5.76726 5.76726 5.76726 5.76726 5.76726 5.76726 5.76726 5.37112 4.53175 4.53140 4.18193 3.20890 3.10297 3.00167 2.92511 2.91558 2.91558 2.91558 2.91558 2.91659 2.91791 2.91873 2.91946 2.92011 2.87345 2.80942 2.78957 2.62769 2.24138 2.23519 2.25350 2.34138 2.51160 2.80269 4.36664 4.54413 5.22510 5.46001 5.46001 5.45860 5.30735 5.54115 6.14520 5.88386 6.19095 6.72998 6.69799 6.66717 6.63656 6.75303 6.49717 6.22300 6.19165 6.16067 6.13031 6.10089
7.58234 7.71493 6.28552 5.76726 5.76726 5.76726 5.76726 5.76726 5.76726 5.76726 5.76726 5.76726 5.76726 5.76726 5.76726 5.76726 5.76726 5.76726 5.57179 4.18184 3.82313 3.64882 2.91075 2.90987 2.89172 2.87495 2.85999 2.84659 2.83822 2.91802 2.91999 2.91897 2.91527 2.91159 2.91205 2.87283 2.74766 2.68513 2.59168 2.75277 2.94040 3.08682 3.22279 3.23223 3.28738 4.19214 4.52405 4.70458 4.82382 4.64688 4.48958 4.42482 4.49525 5.39287 5.39654 5.48046 6.20996 6.21449 6.21449 6.21449 6.27584 6.26130 5.86141 5.86141 5.86141 5.86141 5.86141
7.43819 7.71708 6.85804 5.78032 5.76726 5.76726 5.76726 5.76726 5.76726 5.76726 5.76726 5.76726 5.76726 5.76726 5.72691 5.52746 5.28058 4.92605 4.58719 3.48952 3.08985 3.01355 2.86684 2.86972 2.87545 2.88118 2.88656 2.88903 2.89074 2.96593 2.99235 2.95036 2.88351 2.81235 2.73194 2.63957 2.38176 2.36150 2.36150 2.99201 3.23927 3.23927 3.27086 3.28682 3.30875 3.85787 4.50419 4.50678 4.40775 4.40422 4.40422 4.40422 4.40422 5.20066 5.39654 5.39654 6.03961 6.21449 6.21449 6.21449 6.21983 6.38173 5.87569 5.86139 5.85785 5.85162 5.84542
7.29405 7.76917 7.33165 5.92166 5.72089 5.71129 5.66756 5.53486 5.38295 5.21224 5.01612 4.68884 4.25421 3.54319 3.04682 2.91740 2.87202 2.86658 2.86658 2.84696 2.45150 2.42899 2.67421 2.88393 2.91709 2.89070 2.81486 2.73581 2.65234 2.61378 2.58655 2.55245 2.55245 2.55245 2.55245 2.55245 2.41727 2.36150 2.36150 2.72075 3.25445 3.27171 3.30582 3.34642 3.34746 3.55964 4.51090 4.51413 4.44213 4.40422 4.40422 4.40422 4.40422 4.93228 5.39654 5.39654 5.78514 6.21449 6.21530 6.30485 6.45474 6.48628 5.99056 5.83216 5.82950 5.82950 5.82950
6.49070 7.20314 6.73012 5.28214 4.37028 4.09377 3.87635 3.79905 3.59480 3.38663 3.18208 3.11309 3.11309 2.96602 2.86658 2.86658 2.86658 2.83073 2.71472 2.62538 2.30894 2.04888 2.13272 2.39523 2.50314 2.43573 2.43362 2.43362 2.43362 2.45135 2.55245 2.55245 2.55245 2.55245 2.55245 2.55258 2.48231 2.39480 2.41551 2.50419 3.28998 3.30357 3.30662 3.34650 3.34746 3.41926 4.31717 4.51413 4.48376 4.40422 4.40422 4.40422 4.40422 4.66396 5.46962 5.58673 5.83703 6.63685 6.75201 6.77851 6.74467 6.54418 5.94886 5.61693 5.43057 5.28345 5.28448
4.52167 4.93501 5.08330 5.00180 3.71666 3.46527 3.25710 3.11694 3.11309 3.11309 3.11309 3.11309 3.09759 2.89779 2.63831 2.51937 2.40032 2.31712 2.31413 2.32766 2.35662 2.01548 2.02444 2.11488 2.42381 2.43362 2.43362 2.43362 2.43362 2.43362 2.53493 2.55245 2.55971 2.58015 2.60085 2.62142 2.59933 2.43867 2.43867 2.43867 3.10233 3.30357 3.30357 3.33480 3.34746 3.39044 4.01152 4.50185 4.46732 4.41139 4.51507 4.63112 4.74517 4.88193 5.70614 5.65541 5.58184 6.17034 6.13421 5.97878 5.82292 5.67915 5.13246 4.75453 4.95995 5.14421 5.16079
4.44497 4.51817 4.55197 4.36311 3.51392 3.11309 3.11309 3.11284 3.01348 2.83490 2.65641 2.47783 2.31474 2.28458 2.31196 2.31413 2.31413 2.31413 2.31413 2.31413 2.43243 2.08746 2.01548 2.08561 2.32828 2.43362 2.43362 2.43362 2.43695 2.45571 2.54243 2.61593 2.62935 2.62962 2.62962 2.62962 2.62947 2.46095 2.43867 2.43867 2.83361 3.28484 3.27002 3.27042 3.34172 3.48198 3.92463 4.75452 4.89524 4.90480 4.84318 4.81075 4.72241 4.63297 4.83994 4.86919 4.77618 5.20670 5.68461 5.88551 6.10635 6.32186 5.92895 5.23887 5.16079 5.16079 5.16079
4.01903 4.09531 4.32933 4.26292 3.61589 2.72038 2.54197 2.36364 2.28441 2.28441 2.28441 2.28441 2.28441 2.28441 2.30494 2.31413 2.31413 2.31413 2.31413 2.31413 2.39698 2.25786 2.01548 2.06891 2.21388 2.45008 2.47078 2.49148 2.50886 2.51080 2.54160 2.62962 2.62962 2.62570 2.60793 2.57032 2.52562 2.38934 2.30574 2.27691 2.36484 3.13380 3.12721 3.16365 3.88880 3.89021 3.91359 4.69116 4.67622 4.56275 4.35019 4.27019 4.26696 4.26873 4.58047 5.03269 5.25104 5.70407 6.35766 6.35766 6.35649 6.34849 6.13397 5.37352 5.11562 5.10445 5.09311
3.67593 3.47207 3.19643 2.95265 2.91225 2.31931 2.28441 2.28441 2.28441 2.28441 2.28441 2.28441 2.28441 2.28441 2.29601 2.31413 2.31413 2.31413 2.31413 2.31413 2.35472 2.37985 2.05629 2.11002 2.18285 2.49759 2.49900 2.42592 2.34080 2.25562 2.17310 2.37596 2.35347 2.31260 2.28544 2.27674 2.27502 2.25445 2.21548 2.21443 2.21992 2.75977 2.72656 2.57589 3.06515 3.22332 3.24357 3.93083 4.31147 4.30253 4.25344 4.38333 4.55051 4.73632 4.90743 5.35967 5.34840 5.34616 6.11616 6.17139 6.16358 6.16255 6.14319 5.38287 4.91690 4.91690 4.91690
3.08897 3.08897 2.96662 2.93423 2.93423 2.52185 2.28441 2.28441 2.28441 2.28441 2.28441 2.28441 2.28441 2.28441 2.28603 2.31338 2.31413 2.29393 2.24202 2.21992 2.15898 1.96267 1.78854 1.69294 1.75769 1.90613 1.95371 1.94971 1.95775 1.96559 1.97219 2.23266 2.36611 2.37232 2.37886 2.38667 2.39461 2.39846 2.35509 2.36228 2.36469 2.36469 2.36469 2.36469 2.71619 3.31520 3.23024 3.48823 4.18660 4.17885 4.36089 4.73537 4.73537 4.73537 4.73804 5.25309 5.30365 5.30365 5.86705 6.16255 6.16255 6.16255 6.16255 5.71243 4.93878 4.91690 4.91690
3.08897 3.08897 3.00988 2.93423 2.93423 2.74621 2.28441 2.28441 2.28441 2.28520 2.35817 2.46491 2.56081 2.64311 2.63244 2.42561 2.26492 2.18821 2.13775 2.06511 2.02905 1.60528 1.38429 1.34591 1.68334 1.83192 2.04487 2.04314 2.04141 2.03978 2.03940 2.18065 2.42077 2.42077 2.42077 2.42077 2.42077 2.42077 2.37650 2.36469 2.36469 2.36469 2.36394 2.35741 2.40764 3.26769 3.24808 3.16729 4.15982 4.17484 4.19721 4.70392 4.73537 4.73537 4.73537 5.10301 5.30365 5.30365 5.59573 6.16255 6.16255 6.16255 6.20205 6.06129 5.24498 5.05168 4.98805
2.89668 2.87920 2.88050 2.93423 2.93609 3.16657 2.76725 2.79907 2.86317 2.92142 2.90287 2.79722 2.69041 2.58689 2.55609 2.30763 2.02905 2.02905 2.02905 2.02905 2.04309 1.82704 1.43999 1.40196 1.73087 1.86723 2.03220 2.03940 2.03940 2.03940 2.03940 2.07115 2.41727 2.42077 2.42077 2.42077 2.42077 2.42077 2.39168 2.35952 2.35177 2.34401 2.33701 2.33579 2.33579 3.00218 3.28332 3.10035 3.91930 4.17484 4.17484 4.49497 4.73537 4.73537 4.73537 4.95041 5.30365 5.34204 5.33372 6.05321 6.01576 5.94282 5.83028 5.65139 4.64773 4.43483 4.41736
2.82686 2.82686 2.83675 2.93423 2.93423 3.30958 3.10415 2.83735 2.73073 2.62396 2.55709 2.55609 2.55609 2.55609 2.55609 2.49175 2.07712 2.13340 2.19871 2.27292 2.33301 2.23281 1.49828 1.45904 1.64855 1.85923 1.98464 2.03940 2.03940 2.03940 2.03940 2.03940 2.33599 2.42077 2.42077 2.41766 2.40996 2.40220 2.38092 2.33579 2.33579 2.33579 2.33579 2.33579 2.33579 2.68272 3.28629 3.14185 3.60281 4.17484 4.16295 4.14655 4.41381 4.32219 4.23106 4.20277 4.61885 4.49796 4.45453 5.19661 5.47353 5.38827 5.29850 5.20874 4.55241 3.99460 3.92231
2.82686 2.82686 2.82622 2.82525 2.67665 2.87097 2.89390 2.55609 2.55609 2.55609 2.55613 2.61414 2.73563 2.87823 3.04858 3.23744 2.46868 2.33578 2.33578 2.33578 2.33578 2.33578 1.62681 1.48739 1.53755 1.85923 1.92368 2.03940 2.03940 2.03940 2.03940 2.03789 2.21432 2.40431 2.39655 2.39191 2.39187 2.39187 2.39070 2.33865 2.33579 2.33579 2.33579 2.33576 2.33531 2.39397 3.34190 3.32318 3.39501 3.43396 3.36921 3.41907 3.78023 3.83980 3.85414 3.96324 4.60814 4.79380 4.87278 4.97367 4.95625 4.95162 4.95162 4.95162 4.68814 3.94716 3.91769
2.69535 2.58866 2.48259 2.39245 2.35440 2.55100 2.99461 2.71968 2.82480 2.98448 3.17662 3.27970 3.27970 3.27970 3.27970 3.27970 2.70991 2.33578 2.33578 2.33578 2.33578 2.33578 1.85796 1.49795 1.45218 1.84477 1.86563 2.03030 2.03280 2.02505 2.01729 2.01105 2.08113 2.39187 2.39187 2.39187 2.39190 2.39267 2.39437 2.35102 2.32518 2.32002 2.30702 2.26897 2.22981 2.19133 3.37586 3.90443 3.73874 3.57541 3.65799 3.76107 4.03929 4.36614 4.44270 4.45213 4.76537 5.00031 5.00031 4.99719 4.95260 4.95162 4.95162 4.95162 4.92192 4.04584 3.91769
2.44030 2.44032 2.44192 2.41348 2.33176 2.34082 3.24148 3.27970 3.27970 3.27970 3.27970 3.27970 3.27970 3.27970 3.27970 3.27970 3.01678 2.33578 2.33578 2.33578 2.33578 2.33578 2.08912 1.49773 1.41625 1.75174 1.83423 1.95239 2.01050 2.01050 2.03583 2.08999 2.14869 2.39999 2.41702 2.42365 2.43069 2.43251 2.40743 2.31052 2.19042 2.15642 2.13021 2.21498 2.45092 2.62379 3.34508 4.42035 4.35945 4.15979 4.03820 4.03938 4.08246 4.45919 4.46496 4.46637 4.63365 5.01739 5.01879 5.02021 4.98586 4.97434 4.97577 4.97717 4.97859 4.37682 3.94748
2.44999 2.45438 2.45619 2.44124 2.30029 2.30029 3.08609 3.27970 3.27970 3.27970 3.27970 3.27970 3.27970 3.27970 3.27970 3.27970 3.27264 2.40048 2.33578 2.33578 2.30171 2.15532 1.89712 1.05582 1.03122 1.75260 2.03208 2.14426 2.28723 2.33402 2.34626 2.31950 2.29186 2.24084 2.18003 2.11947 2.05895 2.00186 1.97038 1.92110 1.76765 1.74099 1.71448 2.02689 2.71887 2.69818 2.77587 4.12432 4.36418 4.28840 4.07492 4.08842 4.10191 4.36780 4.48277 4.48277 4.51155 5.02052 5.03095 5.03095 5.01026 4.98227 4.98227 4.98227 4.98227 4.70360 3.95624
2.45619 2.45619 2.45619 2.45569 2.32088 2.30029 2.84968 3.27970 3.27970 3.27970 3.28034 3.28238 3.28435 3.27516 3.17544 3.06203 2.94516 2.29860 1.98046 1.85253 1.75068 1.75598 1.83971 1.89511 1.91881 2.02572 1.68214 1.67421 1.90751 1.88731 1.85328 1.81927 1.78635 1.77685 1.77685 1.77685 1.77685 1.77685 1.77685 1.77677 1.64527 1.62733 1.62733 1.65697 2.63952 2.69387 2.70805 3.74584 4.35853 4.44567 4.11628 4.10810 4.10810 4.22567 4.48277 4.48277 4.48277 4.90184 5.03095 5.03095 5.02515 4.98238 4.98227 4.98227 4.98227 4.88341 3.86676
2.54240 2.55729 2.57217 2.58715 2.67373 2.74531 2.90366 3.11127 3.02069 2.93447 2.84873 2.75750 2.66579 2.51954 2.35732 2.20987 2.06920 2.03326 2.03326 2.03326 2.03326 2.03326 2.03326 2.01069 1.98485 2.03742 1.67658 1.66617 1.74137 1.77685 1.77685 1.77685 1.77685 1.77685 1.77685 1.77685 1.77685 1.77685 1.77685 1.77685 1.68585 1.62786 1.64211 1.66235 2.41674 2.75023 2.75225 3.28111 4.31608 4.46587 4.19275 4.10810 4.10810 4.11966 4.45665 4.48277 4.48277 4.75434 5.03095 5.03095 4.97146 4.78981 4.67986 4.57534 4.46469 4.42075 3.74792
2.84373 2.89442 2.94010 2.98148 3.06637 3.14975 3.15471 2.66705 2.56731 2.54526 2.41297 2.26552 2.11812 2.03368 2.03326 2.03326 2.03326 2.03326 2.03326 2.03326 2.03326 2.03326 2.03326 2.02405 1.98485 1.98514 1.74153 1.66617 1.70349 1.77685 1.77685 1.77685 1.77685 1.77685 1.77685 1.77685 1.77685 1.77685 1.78616 1.80638 1.77628 1.69683 1.70283 1.70283 2.10720 2.75225 2.75225 2.83082 4.21529 4.46587 4.29279 4.10810 4.10810 4.10810 4.33744 4.51398 4.40693 4.42769 4.79182 4.68036 4.69376 4.87975 5.01202 5.17790 5.38586 5.60240 5.39439
3.05632 3.05632 3.05632 3.05632 3.07799 3.15257 3.05602 2.58487 2.17377 2.04837 2.03326 2.03326 2.03326 2.03326 2.03326 2.03326 2.03326 2.03326 2.03326 2.03326 2.03326 2.03326 2.03326 2.03302 1.98924 1.98485 1.75462 1.66617 1.66864 1.77017 1.77685 1.77685 1.77685 1.77685 1.78163 1.80091 1.82114 1.84139 1.85233 1.85235 1.84124 1.70423 1.70283 1.70283 1.76761 2.72708 2.75225 2.75225 3.76910 4.44403 4.37490 4.13666 4.06257 3.98476 3.96302 4.20519 4.24642 4.30660 5.87615 6.19747 6.35383 6.40142 6.41029 6.46081 6.46931 6.46931 6.43361
3.05632 3.05632 3.01008 2.86588 2.72049 2.66761 2.62065 2.46100 2.03326 2.03326 2.03326 2.03326 2.03326 2.03326 2.03326 2.03326 2.03326 2.03326 2.03326 2.03326 2.03326 2.03326 2.03326 2.03326 2.00236 1.98485 1.77592 1.65745 1.66617 1.73997 1.77861 1.79542 1.81566 1.83591 1.85137 1.85235 1.85235 1.85235 1.85235 1.85235 1.85235 1.73377 1.71515 1.75845 1.80315 2.61785 2.92613 2.98158 3.36193 3.95474 3.95113 3.96988 3.99848 4.04458 4.09137 4.52494 4.66985 4.72454 5.97297 6.52740 6.52740 6.52730 6.47644 6.46931 6.46931 6.46931 6.46931
2.77401 2.62668 2.52542 2.52227 2.52227 2.59535 2.62065 2.60221 2.05593 2.03326 2.03326 2.03326 2.03326 2.03326 2.03326 2.03326 2.03326 2.03326 2.03326 2.03326 2.03326 2.03326 2.03326 2.03326 2.01571 1.98485 1.91384 1.60876 1.71062 1.76747 1.84892 1.85235 1.85235 1.85288 1.86668 1.88617 1.90567 1.92515 1.94463 1.96410 1.98573 2.05897 2.14564 2.17163 2.19616 2.63902 3.18402 3.22997 3.30527 3.97890 4.17394 4.21968 4.23840 4.24067 4.24293 4.45538 4.75067 4.75350 5.51205 6.54849 6.55134 6.55418 6.52386 6.50178 6.50460 6.50744 6.51029
2.52227 2.52227 2.52227 2.52227 2.52227 2.57199 2.62065 2.62065 2.20155 2.03326 2.03326 2.03326 2.03326 2.03326 2.03326 2.03326 2.03326 2.03326 2.03326 2.03326 2.03326 2.03326 2.03326 2.13216 2.46153 2.76762 3.13297 2.43762 1.84962 1.87659 1.94990 1.97291 1.99239 2.01965 2.04093 2.05690 2.08925 2.12938 2.16931 2.20930 2.25512 2.33826 2.45372 2.50535 2.55301 2.68414 3.58998 3.61192 3.62427 4.04430 4.28301 4.28526 4.31958 4.41007 4.50152 4.60799 4.79720 4.79951 5.07620 6.58882 6.58882 6.58882 6.57368 6.53073 6.53073 6.53073 6.53073
2.52227 2.52227 2.52227 2.52227 2.52227 2.54858 2.62065 2.62065 2.36549 2.03326 2.03326 2.03326 2.03326 2.03326 2.03326 2.03174 2.01123 1.97956 1.93533 1.91635 2.15090 2.44982 2.74888 2.94912 2.91442 3.13345 3.16897 3.02485 2.35609 2.30317 2.28866 2.29805 2.33800 2.36966 2.39474 2.44685 2.49431 2.53122 2.56528 2.59683 2.62183 2.62628 2.68811 2.69118 2.69118 2.69118 3.43589 3.66466 3.67998 3.96449 4.47510 4.56826 4.62669 4.62771 4.62771 4.62771 4.74358 4.79951 4.80095 6.38520 6.58882 6.58882 6.58773 6.53462 6.53073 6.53073 6.53073
2.50481 2.48066 2.45648 2.43233 2.40803 2.38838 2.42453 2.39885 2.28168 1.75263 1.70812 1.66345 1.61875 1.57403 1.52935 1.48617 1.63905 1.96962 2.31287 2.63104 2.69565 2.69565 2.69565 2.69565 2.69565 2.86745 3.01728 3.05397 2.71838 2.39681 2.45528 2.51721 2.55235 2.58484 2.61461 2.62470 2.62470 2.62470 2.62470 2.62470 2.62470 2.62470 2.67161 2.69118 2.69550 2.76504 3.29576 3.92148 3.99769 4.03398 4.59572 4.62771 4.62771 4.62771 4.62771 4.62771 4.67880 4.79951 4.79951 5.90771 6.58882 6.58882 6.58882 6.55643 6.55176 6.56825 6.58477
2.16450 2.15960 2.13161 2.10076 2.06987 2.03902 2.02532 1.99902 1.96791 1.51063 1.44839 1.44839 1.51936 1.84140 2.18515 2.52877 2.69565 2.69565 2.69565 2.69565 2.69565 2.69565 2.69565 2.69818 2.76317 2.92219 3.19784 3.26404 3.28534 2.80808 2.63598 2.62562 2.62470 2.62470 2.62470 2.62470 2.62470 2.62470 2.62470 2.62470 2.62477 2.67376 2.79410 2.92320 3.01043 3.03233 3.16667 4.00523 4.00581 4.00581 4.42216 4.62771 4.62771 4.62771 4.62771 4.62771 4.63229 4.78617 4.80369 5.44865 6.62533 6.64183 6.65834 6.65057 6.66564 6.77969 6.89651
