OMI_NO2_yc_0.0167deg/OMI_NO2_yc_0.0167deg/OMI_NO2_200609.asc
ncols      200
nrows      200
xllcorner       110.913
yllcorner       33.7933
cellsize     0.0166667
NODATA_Value      -999.000
[rows 0 to 28 of 165, columns 67 to 133 of 200]
5.11018 5.11018 5.11018 5.11018 5.11018 5.11018 5.11018 5.13314 5.33462 5.33462 5.33462 5.33462 5.33462 5.33462 5.33462 5.33462 3.85167 2.14703 2.14703 2.14703 2.14703 2.14667 2.18177 2.44758 2.48266 2.50766 2.52463 2.54272 2.59032 2.63173 2.60764 2.56847 2.54447 2.61568 2.60519 2.88276 3.30183 3.33317 3.55912 4.08182 4.10594 4.13141 4.15240 4.13889 4.11483 4.09265 4.16035 4.17775 4.18248 4.20576 4.70649 4.35968 3.89956 3.88345 3.90210 3.91032 3.90339 3.90339 3.90339 3.90339 3.90339 3.90339 3.75526 3.23661 2.81255 2.81332 2.61050
5.11018 5.11018 5.11018 5.11018 5.11018 5.11018 5.11018 5.11085 5.30152 5.33462 5.33462 5.33462 5.33462 5.33462 5.33462 5.33462 3.42956 2.13387 2.12662 2.12100 2.11651 2.11289 2.23811 3.93114 3.94548 3.85685 3.71591 3.59161 3.48115 3.38585 3.35672 3.33206 3.30628 3.32833 3.33244 3.34375 3.75020 3.72796 3.72929 4.16489 4.13255 4.09734 4.06488 4.05736 4.05736 4.05736 4.23546 4.31296 4.31296 4.31296 4.62518 4.54194 3.84989 3.84989 3.86112 3.90339 3.90339 3.90339 3.90339 3.90340 3.90393 3.90466 3.87791 3.63006 3.23085 3.32724 3.28983
5.11018 5.11018 5.11018 5.11018 5.11018 5.11018 5.11018 5.11018 5.22261 5.33462 5.32002 4.96765 4.58348 4.29354 4.06673 3.88463 3.31927 2.13894 2.11164 2.10866 2.08760 2.04587 2.01255 3.16007 3.24385 3.18822 3.16621 3.14516 3.12602 3.10755 3.09285 3.09143 3.09143 3.11079 3.15634 3.15634 3.46334 3.58316 3.58316 3.97385 4.05736 4.05736 4.05736 4.05736 4.05736 4.05736 4.17174 4.31296 4.31296 4.31296 4.47439 4.70489 3.84989 3.84992 3.85283 3.89988 3.90529 3.92100 3.98671 4.04332 4.09392 4.14139 4.17911 3.98723 3.55241 3.47355 3.41145
5.11018 5.11018 5.11018 5.11018 5.11018 5.05201 4.82960 4.61516 4.27412 3.78973 3.59283 3.50243 3.44941 3.39999 3.35376 3.26421 2.88928 2.16192 1.99449 1.97381 1.96184 1.96166 1.96166 2.70843 3.09215 3.09215 3.09215 3.09165 3.09143 3.09143 3.09143 3.09143 3.09143 3.09341 3.15313 3.15634 3.31988 3.58316 3.58316 3.86502 4.05736 4.05736 4.05736 4.05736 4.05736 4.05736 4.10784 4.31296 4.31496 4.31865 4.35519 4.67209 3.93975 3.81188 3.76627 3.93657 4.14619 4.18106 4.18421 4.18421 4.18421 4.18421 4.18421 4.03766 3.65214 3.47355 3.45316
4.60290 4.32271 4.08397 3.87823 3.69900 3.55981 3.48706 3.43033 3.38866 3.18790 3.18144 3.01203 2.77230 2.53269 2.29287 2.09530 2.07825 2.02846 1.96166 1.96166 1.96166 1.96166 1.96166 2.47084 3.09215 3.09215 3.09215 3.09183 3.09143 3.09143 3.09143 3.09143 3.09143 3.09143 3.13457 3.15634 3.18586 3.57369 3.58316 3.75613 4.05736 4.05736 4.05869 4.06233 4.06602 4.06970 4.07628 4.31141 4.29487 4.25715 4.21933 4.39701 3.90876 3.63302 3.63302 3.79011 4.18421 4.18421 4.18421 4.18421 4.18421 4.18421 4.18421 4.08810 3.75343 3.44644 3.44441
3.46668 3.42428 3.42428 3.42428 3.42428 3.42428 3.33262 3.09490 2.85471 2.40455 2.14580 2.07550 2.07550 2.07550 2.07550 2.07550 2.07550 2.06789 1.96412 1.96166 1.96166 1.96166 1.96166 2.20895 3.09215 3.09215 3.09215 3.09206 3.09143 3.09143 3.09143 3.09143 3.09143 3.09143 3.11398 3.15634 3.15713 3.46407 3.59112 3.65898 4.07268 4.07636 4.07435 4.04169 4.00393 3.96622 3.92846 4.07525 4.14807 4.14807 4.14807 4.27597 4.07536 3.63302 3.63302 3.64460 4.14601 4.18421 4.19152 4.21415 4.23717 4.26010 4.28338 4.26074 4.01604 3.55302 3.56896
3.65073 3.39246 3.18089 2.94116 2.70155 2.46172 2.31377 2.31188 2.31188 2.16158 2.07550 2.07550 2.07550 2.07550 2.07550 2.07550 2.07550 2.08175 1.99099 1.96166 1.96166 1.96166 1.96166 1.98096 3.05228 3.09215 3.09215 3.09215 3.09150 3.09143 3.09060 3.07903 3.06417 3.04930 3.04022 3.17031 3.17753 3.34300 3.59332 3.57088 3.99656 4.02343 4.00862 4.02190 4.04040 4.05878 4.07716 4.21101 4.36965 4.38815 4.40662 4.46544 4.54413 4.02518 4.04836 4.07138 4.43511 4.66873 4.68435 4.68480 4.68482 4.68514 4.68553 4.68181 4.47917 3.87926 3.83015
2.96987 2.33991 2.31188 2.31188 2.31188 2.31188 2.31188 2.31188 2.31188 2.22241 2.07550 2.07550 2.07550 2.07550 2.07550 2.07550 2.07550 2.08417 2.02881 1.95857 1.95599 1.95330 1.95057 1.94775 2.91478 3.16374 3.15936 3.15492 3.14981 3.14476 3.14091 3.14940 3.17567 3.27210 3.39645 3.67140 3.86487 3.97594 3.95174 3.98257 4.37793 4.54382 4.57055 4.59761 4.62380 4.65141 4.67728 4.75738 4.98708 5.01478 5.04139 5.06877 5.26698 4.13718 4.13646 4.13685 4.29433 4.68882 4.68921 4.68961 4.68997 4.69005 4.69005 4.69005 4.52750 4.00700 3.83252
2.89871 2.34241 2.31188 2.31188 2.31188 2.31188 2.31188 2.31188 2.31188 2.28316 2.07552 2.07550 2.07550 2.07550 2.07550 2.07550 2.07550 2.07565 2.04442 1.89995 1.87269 1.84791 1.82315 1.79838 3.32979 4.36650 4.39895 4.43319 4.50588 4.61832 4.73072 4.84340 4.94209 4.96677 4.96677 5.05361 5.18427 5.18751 5.13538 5.11484 5.25823 5.40112 5.40371 5.40629 5.40888 5.41147 5.41406 5.41875 5.63044 5.64400 5.64400 5.64400 5.79071 4.39458 4.13886 4.13886 4.15044 4.65186 4.69005 4.69005 4.69005 4.69005 4.69005 4.70882 4.64265 4.24562 3.93530
2.91767 2.51906 2.31188 2.31188 2.31188 2.31188 2.31188 2.31188 2.31188 2.31188 2.10760 2.07550 2.07550 2.07547 2.06838 2.05564 2.04290 2.03017 1.99528 1.80440 1.76038 1.76038 1.76038 1.78687 2.98368 4.73348 4.79706 4.86063 4.88661 4.98786 4.99225 4.99548 4.99872 5.00195 5.00519 5.02655 5.21746 5.21920 5.19059 5.14006 5.21000 5.41612 5.41612 5.41612 5.41612 5.41612 5.41612 5.41612 5.57589 5.64400 5.64400 5.64400 5.70327 4.80715 4.13886 4.13886 4.13886 4.49843 4.75697 4.80548 4.84958 4.86359 4.87182 4.86129 4.75518 4.38616 3.90115
2.91767 2.71437 2.31188 2.31188 2.31188 2.31188 2.31188 2.31188 2.31032 2.29922 2.14299 2.03694 2.00999 1.97645 1.95002 1.92920 1.90838 1.88756 1.86485 1.72592 1.80123 1.88590 1.97076 2.02893 2.45090 4.79063 4.79063 4.79063 4.79063 4.96845 5.00668 5.00668 5.00668 4.99550 5.00668 5.00668 5.17032 5.21920 5.21491 5.14256 5.14720 5.40755 5.41612 5.41612 5.41612 5.41612 5.41612 5.41612 5.51974 5.64400 5.64400 5.65311 5.68108 5.24689 4.30325 4.36042 4.47162 4.67691 4.85770 4.81745 4.78156 4.77584 4.77584 4.77584 4.75747 4.53416 3.91340
2.93671 2.89139 2.31446 2.27237 2.24229 2.20997 2.17527 2.13774 2.09927 2.07041 1.93579 1.77682 1.77021 1.77005 1.76412 1.75531 1.74650 1.73769 1.73024 1.67895 2.01180 2.03072 2.03072 2.03072 2.02769 4.48934 4.58067 4.48031 4.38550 4.40288 4.39404 4.30816 4.22653 4.45394 5.00668 5.00668 5.10333 5.21920 5.21920 5.16485 5.14006 5.35830 5.41612 5.41612 5.41612 5.42129 5.44636 5.47341 5.54714 5.75540 5.78779 5.85405 5.91193 5.79445 4.71241 4.77551 4.78470 4.78450 4.77643 4.77584 4.77584 4.77584 4.77584 4.77584 4.77584 4.59113 4.13046
2.83008 2.54578 2.13927 2.00227 2.00223 2.00223 2.00223 2.00223 2.00223 1.99774 1.95359 1.75007 1.74092 1.73226 1.72938 1.72938 1.72938 1.68911 1.65681 1.60380 1.73922 1.83086 1.80132 1.77356 1.74983 3.41841 4.01065 4.01065 4.01065 4.06536 4.18350 4.18350 4.18350 4.25612 5.00493 5.00668 5.03654 5.21909 5.21920 5.19453 5.17097 5.35628 5.49496 5.52201 5.54902 5.57492 5.62324 5.68067 5.74102 6.01025 6.07552 6.08469 6.08469 6.09548 4.79422 4.78470 4.78470 4.78470 4.77910 4.77584 4.77584 4.77584 4.77584 4.77584 4.77555 4.63130 4.54710
2.65703 2.35202 2.22340 2.00223 2.00085 1.98958 1.97635 1.96314 1.94991 1.94118 1.94098 1.75361 1.72938 1.72938 1.72938 1.72938 1.72938 1.56725 1.51972 1.51836 1.53735 1.74573 1.74573 1.74573 1.74573 2.96044 4.01065 4.01065 4.01065 4.02296 4.18215 4.18350 4.18350 4.18326 4.81426 4.93085 4.88379 5.24423 5.37851 5.40560 5.34240 5.47066 5.67726 5.72903 5.77130 5.80929 5.80514 5.78981 5.77438 5.91995 5.97153 5.95613 5.94087 5.93403 4.84314 4.54718 4.52793 4.50880 4.48685 4.46145 4.44228 4.42295 4.40387 4.38450 4.36562 4.36115 4.36415
2.65459 2.32664 2.29468 1.96204 1.94292 1.94098 1.94098 1.94098 1.94098 1.94098 1.94098 1.79800 1.72938 1.72938 1.72938 1.72938 1.72938 1.62152 1.51972 1.51972 1.47489 1.72800 1.74573 1.74573 1.75074 2.46690 3.99066 3.98193 3.96370 3.92104 4.00926 3.99637 3.95342 3.91161 4.22769 4.53453 4.52974 4.82433 5.09932 5.09509 5.18190 5.23706 5.53102 5.52388 5.52551 5.52730 5.52917 5.53099 5.53282 5.63893 5.76437 5.76623 5.76808 5.77008 4.94243 4.36852 4.36865 4.36878 4.36869 4.36074 4.36031 4.36044 4.36057 4.36070 4.36083 4.36183 4.36577
1.89753 2.12317 2.29077 2.03801 1.94098 1.94098 1.94098 1.94098 1.94098 1.94098 1.94098 1.85222 1.72938 1.72938 1.72938 1.72938 1.72938 1.68518 1.51972 1.66196 1.76907 1.89788 2.00272 1.98483 1.95643 2.05536 3.77290 3.75291 3.73158 3.73208 3.81371 3.88502 3.90040 3.91590 4.08397 4.55792 4.56617 4.67435 5.10832 5.10963 5.15616 5.24660 5.52674 5.58284 5.57922 5.57543 5.57165 5.56787 5.56409 5.61517 5.82729 5.82740 5.82745 5.82745 5.22634 4.36982 4.36982 4.36982 4.36982 4.36424 4.36096 4.36096 4.36096 4.36096 4.36096 4.36100 4.36517
1.89753 1.98760 2.29077 2.15096 1.94098 1.94098 1.94098 1.94098 1.94098 1.94098 1.94098 1.91783 1.73034 1.72938 1.72938 1.72938 1.72938 1.73863 1.56507 1.67668 1.89530 1.69804 1.82292 1.81528 1.81528 1.81528 3.49775 3.76799 3.76816 3.76668 3.81769 3.95053 3.94742 3.94427 3.96221 4.52718 4.54362 4.54124 5.01047 5.07122 5.07715 5.20569 5.41513 5.55160 5.55160 5.55160 5.55160 5.55160 5.55160 5.55593 5.81249 5.82745 5.82745 5.82745 5.47394 4.35960 4.36982 4.36982 4.36982 4.36718 4.36064 4.35889 4.35698 4.36137 4.44588 4.55482 4.66750
1.89753 1.89930 2.24336 2.25998 1.94479 1.94098 1.94098 1.94098 1.94098 1.94098 1.94098 1.94277 1.78000 1.77657 1.80272 1.82888 1.84356 1.82947 1.64442 1.57700 1.84945 1.59531 1.69731 1.71250 1.71072 1.70896 3.02030 3.64715 3.64547 3.64547 3.66282 3.92225 3.92539 3.92539 3.92539 4.35264 4.53231 4.53231 4.83915 5.07077 5.07077 5.16509 5.33709 5.55160 5.55160 5.55160 5.55160 5.55160 5.55160 5.55160 5.74745 5.82745 5.82745 5.82745 5.75849 4.26621 4.36584 4.36393 4.36403 4.38418 4.54490 4.67373 4.78458 4.88894 4.91330 4.91330 4.91577
1.89753 1.89753 2.10954 2.29077 2.02689 1.94098 1.95196 1.98995 2.02916 2.06841 2.10762 2.14503 1.82235 1.60375 1.57293 1.54205 1.52289 1.54473 1.51086 1.43553 1.75373 1.69150 1.59685 1.68583 1.68583 1.68583 2.59775 3.64547 3.65778 3.71046 3.76844 4.06749 4.19693 4.26932 4.34502 4.47616 4.53231 4.53231 4.67018 5.07077 5.07077 5.11817 5.25893 5.55160 5.55160 5.55160 5.55160 5.55160 5.54989 5.52908 5.63035 5.75256 5.72638 5.70143 5.69629 4.44151 4.43619 4.46365 4.48911 4.49429 4.76053 4.91330 4.91330 4.91330 4.91330 4.91330 4.91470
1.89744 1.87770 1.91972 2.20244 2.12790 2.12504 2.15330 2.15453 2.15453 2.15453 2.15453 2.15453 1.92161 1.56780 1.60400 1.64020 1.67617 1.69029 1.67130 1.49211 1.72035 1.83852 1.57055 1.76058 1.78366 1.80797 2.38136 4.13299 4.19218 4.19641 4.19641 4.38008 4.53231 4.53231 4.53231 4.53231 4.53231 4.53231 4.54071 5.03119 5.07077 5.07674 5.20556 5.50316 5.50785 5.48167 5.45547 5.42929 5.40571 5.41668 5.49728 5.73648 5.75845 5.77923 5.78409 4.76771 4.49160 4.49429 4.49429 4.49429 4.62209 4.91330 4.91330 4.91330 4.91330 4.91330 4.91364
1.73126 1.71674 1.71702 2.05044 2.11505 2.15435 2.15453 2.15869 2.20297 2.25727 2.31163 2.36588 2.34640 1.69749 1.69029 1.69029 1.69029 1.69029 1.69029 1.68097 1.84890 2.05567 1.73339 1.86109 1.88460 1.88460 1.95639 4.14452 4.19641 4.19641 4.19641 4.29552 4.53231 4.53231 4.53231 4.53231 4.53231 4.54652 4.58067 4.86655 4.97962 4.95342 5.02147 5.29158 5.41557 5.43754 5.45951 5.48149 5.50259 5.50858 5.52203 5.79244 5.82028 5.83348 5.84691 5.18109 4.47632 4.62259 4.63912 4.65580 4.68489 5.08481 5.12468 5.14114 5.15778 5.17446 5.19092
1.71674 1.71674 1.71674 1.93304 2.19302 2.28253 2.34623 2.39636 2.40641 2.40641 2.40641 2.40641 2.40641 1.80175 1.69029 1.69029 1.69029 1.69029 1.69029 1.69029 1.75166 2.05567 1.87488 1.76803 1.88460 1.88460 1.88460 3.78192 4.19641 4.19641 4.20467 4.25673 4.62918 4.69712 4.76043 4.82400 4.88733 4.93644 4.96583 5.04707 5.19318 5.20726 5.31129 5.62289 5.72568 5.73887 5.75227 5.76549 5.77875 5.79177 5.79574 5.99300 6.07159 6.07159 6.06839 5.74372 4.52966 4.84876 4.84114 4.83358 4.82595 5.08829 5.22978 5.22222 5.21459 5.20703 5.19941
1.73211 1.73979 1.74748 1.84980 2.36179 2.38273 2.40641 2.40641 2.40641 2.40641 2.40641 2.40641 2.40641 1.95925 1.69029 1.69029 1.69029 1.69029 1.69029 1.69029 1.69049 2.34040 2.41313 2.10898 2.35468 2.39162 2.45633 3.81173 4.60351 4.65514 4.69844 4.71647 4.97383 5.03207 5.01474 4.98746 4.96077 4.93319 4.90652 4.89540 5.06160 5.05698 5.05826 5.36042 5.42704 5.41329 5.39919 5.38553 5.37129 5.35784 5.34339 5.44365 5.55355 5.53587 5.52082 5.48680 4.28112 4.75229 4.75229 4.75229 4.75229 4.88365 5.17129 5.17129 5.17129 5.17129 5.17129
1.75123 1.75123 1.75123 1.75123 2.25120 2.36842 2.40639 2.40641 2.40641 2.40641 2.40641 2.40641 2.40641 2.15246 1.69029 1.69029 1.69029 1.69029 1.69029 1.69029 1.67873 2.44662 2.76860 2.49493 2.72119 2.79077 2.80522 3.48561 4.44868 4.44538 4.43106 4.41628 4.58541 4.71788 4.70636 4.70424 4.70225 4.70025 4.69827 4.69628 4.82694 4.88534 4.88336 5.09724 5.28425 5.28688 5.28688 5.28688 5.28688 5.28688 5.28688 5.33424 5.50626 5.50626 5.50626 5.50626 4.46773 4.66433 4.75229 4.75229 4.75229 4.76611 5.15027 5.17184 5.18012 5.19088 5.19936
1.75123 1.75123 1.75123 1.75123 2.04239 2.36185 2.39866 2.40641 2.40641 2.40641 2.40641 2.40641 2.40641 2.36676 1.70288 1.65975 1.60700 1.54642 1.47639 1.39432 1.32824 2.15351 2.88923 2.74319 2.76255 2.88825 2.88942 3.18074 4.51795 4.52223 4.53743 4.55317 4.59474 4.68716 4.68716 4.68716 4.68716 4.68716 4.68716 4.68716 4.75925 4.88020 4.88020 4.98591 5.26715 5.28688 5.28688 5.28688 5.28688 5.28688 5.28688 5.29044 5.49573 5.50626 5.50626 5.50626 4.77321 4.47070 4.76122 4.77198 4.78274 4.78595 4.99689 5.09305 5.02005 4.94448 4.87131
1.75123 1.75123 1.75123 1.75123 1.83453 2.36075 2.38435 2.40641 2.40641 2.40879 2.42505 2.44512 2.46727 2.49184 1.75199 1.57324 1.61359 1.65385 1.69411 1.73476 1.81953 2.25695 3.28598 3.27144 2.93733 2.94193 2.94193 2.95000 4.46773 4.55805 4.55805 4.55805 4.56430 4.68472 4.68716 4.68716 4.68716 4.68716 4.68716 4.68716 4.70158 4.87727 4.88020 4.89283 5.23357 5.28688 5.28688 5.28688 5.28688 5.28688 5.28688 5.28710 5.46006 5.54560 5.56960 5.59362 5.16840 4.31338 4.57664 4.44099 4.30520 4.17705 4.37369 4.84973 4.84973 4.84973 4.84973
1.82986 1.87170 1.90994 1.94532 1.96565 2.38041 2.51926 2.55696 2.58012 2.60126 2.60379 2.60379 2.60379 2.60379 2.19193 1.79597 1.87818 1.96364 2.04909 2.13428 2.16977 2.19146 3.35659 3.40246 3.01300 2.94208 2.94193 2.94193 4.17761 4.55805 4.55805 4.55805 4.55805 4.65852 4.68716 4.68716 4.68716 4.68716 4.68716 4.68716 4.68716 4.83107 4.88020 4.88020 5.11847 5.28688 5.29748 5.32147 5.34551 5.36954 5.39359 5.41491 5.45267 5.46002 5.35144 5.24286 4.92588 3.63738 4.10511 4.14662 4.14662 4.14662 4.17345 4.81865 4.84973 4.84973 4.84973
2.08180 2.06176 2.03840 2.01087 1.99322 2.26795 2.60379 2.60379 2.60379 2.60379 2.60914 2.67678 2.76227 2.84773 2.73423 2.16644 2.16977 2.16977 2.16977 2.16977 2.16977 2.16977 3.15057 3.40246 3.14423 2.94256 2.94193 2.94193 3.85411 4.55805 4.55805 4.55805 4.55805 4.62587 4.68716 4.68716 4.68716 4.68716 4.68716 4.68716 4.68431 4.77409 4.93409 4.95815 5.09402 5.41269 5.42504 5.35559 5.24707 5.13849 5.02991 4.92391 4.93947 5.10956 5.10956 5.10956 5.10074 3.75413 4.03463 4.26720 4.30619 4.34509 4.38374 4.89089 5.16466 5.20348 5.24255
1.99317 1.99317 1.99317 1.99317 1.99317 2.06252 2.64179 2.73087 2.81629 2.90187 2.98194 2.99980 2.99980 2.99980 2.97980 2.20388 2.16977 2.16977 2.16977 2.16977 2.16977 2.16977 2.89392 3.40246 3.30157 2.94306 2.94193 2.94193 3.49887 4.55805 4.55805 4.55805 4.55805 4.59321 4.68653 4.67754 4.68954 4.75215 4.81674 4.88062 4.94806 5.07157 5.50647 5.60465 5.71232 5.44506 5.29364 5.28605 5.31697 5.34796 5.37928 5.41014 5.44594 5.68229 5.72275 5.75408 5.77936 4.83933 4.63419 4.98688 4.98688 4.98765 4.99630 5.24383 5.72089 5.73161 5.74240
