OMI_NO2_yc_0.0167deg/OMI_NO2_yc_0.0167deg/OMI_NO2_200510.asc
ncols      200
nrows      200
xllcorner       110.913
yllcorner       33.7933
cellsize     0.0166667
NODATA_Value      -999.000
[rows 145 to 173 of 200, columns 0 to 66 of 200]
14.1196 14.1196 12.6411 12.3837 12.3837 9.94603 9.27608 9.28304 9.29032 8.55309 7.98738 7.50705 7.51227 7.51750 7.51140 7.48751 7.46313 7.76202 8.27343 8.27789 8.20558 8.04465 7.67207 7.38394 7.27702 7.10194 6.54516 6.19552 6.19266 6.09535 6.00469 5.77455 5.57942 5.45686 5.33519 5.16240 4.95364 4.74179 4.67031 4.62457 4.58439 4.69928 5.32220 5.61877 5.62180 6.05915 6.12223 7.39816 7.52569 7.51883 7.51848 7.51123 7.47515 7.67235 7.63120 7.50786 7.48633 7.79265 9.02946 10.2593 10.3478 10.2806 10.2866 11.2386 12.0113 12.0943 12.1103
14.1196 14.1196 13.1108 12.3837 12.3837 10.7943 9.40320 9.38435 9.38435 8.86383 8.19735 7.54976 7.48877 7.45502 7.39605 7.34712 7.23856 7.08942 7.73589 7.61628 7.52896 7.52882 7.42927 7.19676 7.14585 6.99499 6.38274 5.72413 5.57590 5.52998 5.50247 5.27885 4.96133 4.72974 4.61353 4.58423 4.57853 4.57853 4.57853 4.57853 4.57853 4.58070 5.11048 5.59610 5.58676 5.86704 6.07613 6.86837 7.47107 7.43198 7.39294 7.36110 7.35811 7.40285 7.48633 7.48633 7.48633 7.59228 8.59450 10.1421 10.5237 10.4421 10.4662 10.9955 11.7140 11.5357 11.3564
14.1196 14.1196 13.8329 12.3939 12.3837 11.3989 9.45185 9.04951 8.69982 8.17974 7.41133 7.35634 7.12402 6.94168 6.79409 6.65530 6.57577 6.57544 7.18948 7.51629 7.38276 7.21839 7.04557 6.63991 6.53295 6.53122 6.21435 5.44075 5.08407 4.85129 4.67598 4.66655 4.54940 4.54940 4.54940 4.56222 4.57853 4.57364 4.56429 4.55495 4.54559 4.54024 4.83412 5.51173 5.52897 5.61614 5.94650 6.19566 7.35811 7.35811 7.35811 7.35811 7.35811 7.36412 7.48137 7.50781 7.53873 7.53366 8.11583 9.60096 9.88379 9.58537 9.40366 9.42992 10.2615 10.4746 10.4371
14.1196 13.8319 12.7451 10.6202 9.68018 8.77507 7.60945 7.74959 7.70190 7.52198 6.72868 6.75663 6.57599 6.57544 6.57544 6.49905 6.31197 6.12472 6.21495 6.81838 6.78777 6.78777 6.72834 6.33504 5.93182 5.61928 5.29892 4.91032 4.63533 4.63533 4.63533 4.67572 4.55024 4.45083 4.27017 4.30581 4.54343 4.54022 4.54022 4.52361 4.48464 4.44557 4.54404 5.20825 5.42010 5.42679 5.87517 5.91605 7.11262 7.35726 7.32350 7.25258 7.23139 7.21635 7.28678 7.29295 7.24697 7.23571 7.45284 8.44789 9.04250 8.81894 8.62294 8.67125 9.70939 10.2263 10.0199
8.08495 7.26304 6.92859 7.54047 8.14649 8.14649 7.50553 7.31259 7.12101 7.11985 6.59618 6.45163 6.21678 6.02815 5.84050 5.72938 5.72853 5.71166 5.59298 6.36686 6.19081 5.87825 5.62531 5.45854 5.28382 5.28382 5.28049 5.06859 4.63526 4.53898 4.35933 4.20338 3.93871 3.83252 3.83250 3.91632 4.47541 4.44150 4.40240 4.37998 4.37986 4.37986 4.39161 5.01968 5.35093 5.30556 5.52843 5.62315 6.20721 7.02818 7.04691 7.10282 7.10911 7.05405 6.98059 6.95203 6.83688 6.72340 6.77549 7.73251 8.71707 8.53195 8.23025 8.05357 8.62071 9.42189 9.52501
6.89586 6.89586 6.89586 7.06172 8.13745 8.14649 7.47500 6.99294 6.58798 6.36893 5.87140 5.67678 5.78012 5.65684 5.51377 5.37050 5.22711 5.10094 5.08203 5.32921 5.54037 5.54037 5.54037 5.53083 5.29527 5.19063 5.01098 4.74930 4.05670 3.91845 3.91816 3.87822 3.81776 3.72971 3.69064 3.67215 4.24309 4.40914 4.43443 4.45967 4.48497 4.50802 4.52625 4.77397 4.89414 4.77394 4.82758 5.11426 5.28567 6.92237 6.82006 6.70219 6.58407 6.52118 6.52269 6.63706 6.60872 6.48466 6.35529 6.81954 7.85946 7.94491 7.79141 7.73992 8.26961 9.00670 9.32183
6.89586 6.89586 6.89586 6.89586 6.90458 6.42055 6.06132 6.11331 6.12642 5.96254 5.62353 5.20259 5.17648 5.06324 5.05805 5.05296 5.04788 5.04275 5.03756 5.10565 5.49136 5.39818 5.21292 5.02922 4.67339 4.49672 4.49200 4.40751 3.92612 3.64785 3.58518 3.56530 3.64239 3.66699 3.68892 3.71085 4.05674 4.45159 4.44491 4.43837 4.41835 4.35056 4.28284 4.30153 4.53401 4.58421 4.62417 4.56439 4.47451 5.95539 6.46762 6.46673 6.42397 6.30182 6.17985 6.13890 6.09441 6.09142 6.08865 6.26444 7.40558 7.73159 7.60031 7.52307 7.93521 8.65990 9.29676
6.89586 6.89586 6.89586 6.89586 6.51835 6.17037 6.07116 5.76011 5.25913 5.22800 5.13260 4.68472 4.74472 4.74471 4.73179 4.71907 4.70631 4.59292 4.37537 4.15652 4.41430 4.43850 4.42725 4.34428 4.05743 3.68364 3.48009 3.31174 3.14434 3.32156 3.32310 3.32299 3.42409 3.73906 3.73418 3.72929 3.81030 4.40184 4.33720 4.28781 4.26283 4.28695 4.34797 4.43917 4.72186 4.78756 4.80069 4.70023 4.60295 5.18875 6.18279 6.07038 5.99505 5.99311 5.98542 5.98750 6.02686 5.99087 5.95940 6.00996 6.99939 7.62796 7.64014 7.52307 7.75401 8.46141 9.21084
6.89586 6.89586 6.89586 6.89586 6.79469 6.17445 6.11058 5.29134 4.94679 4.92231 4.92121 4.48124 4.46480 4.44703 4.23176 4.02612 3.81990 3.62820 3.48885 3.30608 3.39268 3.60037 3.40779 3.28634 3.26951 3.03405 3.02528 3.02509 2.97620 3.32585 3.33916 3.34503 3.36350 3.71472 3.68651 3.65649 3.62980 4.16075 4.33259 4.34177 4.34177 4.34177 4.39480 4.54827 4.65953 4.68340 4.57094 4.40366 4.22159 4.32047 5.91990 5.95099 5.91848 5.88599 5.86117 5.86197 5.94875 5.95490 5.95490 5.95490 6.62862 7.58141 7.67382 7.54745 7.71486 8.73948 9.40562
6.89586 6.89586 6.89586 6.89586 6.89586 6.29746 6.17037 5.40472 5.07391 4.93707 5.01211 4.59520 4.39274 3.62922 3.15572 2.97432 2.75655 2.66262 2.64204 2.66310 2.77219 3.46320 3.51355 3.46967 3.36030 3.11437 3.14029 3.14790 3.11231 3.31597 3.37424 3.33938 3.30451 3.56016 3.68964 3.69008 3.69008 3.97797 4.34177 4.34094 4.27198 4.15952 4.05472 4.13605 4.16755 4.38611 4.37951 4.34043 4.15019 4.11056 5.25569 5.85960 5.85960 5.85960 5.85960 5.85960 5.91874 5.95490 5.95019 5.94155 6.20713 7.41554 7.50318 7.75268 7.85601 8.64523 9.09856
6.89586 6.89586 6.89586 6.89586 6.78901 6.07602 5.62752 5.01544 4.69451 4.40670 4.37938 4.15596 3.94783 3.61698 2.99744 3.01127 3.05858 3.07316 3.02663 2.91948 2.81224 3.16819 3.28920 3.27341 3.26566 3.07730 3.20741 3.21413 3.21078 3.12727 3.31291 3.31291 3.31291 3.47496 3.69008 3.69013 3.69255 3.76575 4.03394 3.92394 3.88049 3.88049 3.86380 3.98972 4.01798 4.24412 4.25942 4.25928 4.14328 4.08770 4.61466 5.85960 5.85960 5.86120 5.86459 5.86154 5.88492 5.95009 5.95142 5.95668 6.00938 7.03696 7.51329 7.88406 8.44526 9.50277 10.0382
5.68897 5.21367 4.91725 4.64410 4.47798 4.63227 4.66565 4.74094 4.74087 4.51393 4.30352 4.15948 3.92960 3.87995 3.01146 2.86502 2.75792 2.65033 2.58923 2.58899 2.59888 2.88284 3.38634 3.39361 3.40049 3.15964 3.22799 3.23257 3.23257 3.10062 3.31291 3.31295 3.31530 3.39715 3.68107 3.70349 3.70479 3.71425 3.82388 3.82778 3.79528 3.76278 3.74697 3.85482 3.95348 4.14172 4.26033 4.26513 4.20951 4.10478 4.14983 5.73974 5.87655 5.87158 5.86482 5.86449 5.91317 6.10616 6.22480 6.34161 6.46275 7.34127 8.08691 8.20889 8.80943 9.58226 10.7205
4.41368 4.61561 4.63897 4.63897 4.63897 4.63897 4.66126 4.70080 4.74087 4.53796 4.11814 3.93829 3.56089 3.46257 2.87143 2.58899 2.62815 2.70424 2.78029 2.85618 2.92214 2.94068 3.32310 3.35655 3.35655 3.20654 3.17953 3.23260 3.23492 3.13371 3.28480 3.32629 3.32761 3.36351 3.62528 3.64855 3.61604 3.58593 3.66273 3.74699 3.74729 3.74769 3.74810 3.80582 3.97062 4.08578 4.29720 4.32885 4.36712 4.25724 4.29434 5.22369 5.99489 6.10855 6.22877 6.35538 6.42854 6.50060 6.55045 6.56401 6.59017 7.07687 8.35398 8.65480 9.13432 9.72337 11.0281
4.63897 4.63897 4.63897 4.63897 4.63897 4.63897 4.37422 3.82842 4.03837 3.94828 3.76468 3.72028 3.55913 3.59908 3.38406 2.89469 2.93128 2.93128 2.93141 2.93497 2.93989 2.94485 3.19927 3.37750 3.38413 3.31876 3.16388 3.28444 3.29021 3.27770 3.27336 3.45688 3.50439 3.55365 3.73382 3.64607 3.65085 3.65567 3.76219 3.92072 3.96219 4.00257 4.04275 4.10746 4.37098 4.43013 4.63088 4.71181 4.75583 4.74936 4.81661 5.25323 6.64467 6.64246 6.63944 6.64741 6.67830 6.73814 6.84918 6.87491 6.88785 7.03618 8.73513 9.03438 9.30678 9.80680 11.1131
4.46583 4.44787 4.43054 4.41373 4.39750 4.38173 4.21905 3.42960 3.85851 4.00751 4.05465 4.01562 3.93824 3.90210 3.84111 3.10695 3.05393 3.05668 3.05935 3.05853 3.05884 3.06078 3.14960 3.47509 3.47456 3.46515 3.21960 3.43305 3.49851 3.56038 3.48488 3.59138 3.58984 3.58812 3.70861 3.65826 3.67476 3.70859 3.84091 4.02671 4.10878 4.15595 4.22824 4.30632 4.52523 4.62356 4.77710 4.86747 4.88146 4.89896 4.92094 4.94893 6.47604 6.77558 6.81053 6.83430 6.83535 6.83476 6.94681 6.97389 6.98750 7.00712 8.43704 9.07647 9.13201 9.73037 10.8809
4.22401 4.22401 4.22719 4.27850 4.33855 4.39103 4.43732 3.87300 3.83879 3.97941 4.01644 3.97402 3.91325 3.87244 3.87015 3.29332 3.01843 3.02261 3.02675 3.03087 3.04061 3.06457 3.11968 3.52536 3.65270 3.71648 3.52336 3.58108 3.63037 3.63037 3.54711 3.62457 3.67448 3.72566 3.86001 3.88752 3.86714 3.94132 4.10855 4.34441 4.49571 4.55028 4.57972 4.58936 4.70521 4.80215 4.85438 4.98770 5.00477 5.02375 5.06628 5.07615 5.93695 6.83291 6.82661 6.82024 6.81390 6.80944 6.92025 7.00015 7.00015 7.00015 7.88232 9.02558 9.05036 9.20278 9.62329
4.35861 4.40871 4.45111 4.46131 4.46131 4.46131 4.46131 4.09747 3.75892 3.97941 3.98872 4.01529 3.85337 3.63549 3.45341 3.15391 3.09766 3.12193 3.17622 3.24846 3.31300 3.35718 3.36764 3.54432 3.73193 3.73047 3.66713 3.70603 3.85814 3.90929 3.92451 3.85636 3.92968 4.00890 4.14817 4.31330 4.26792 4.29554 4.33055 4.45828 4.58463 4.58958 4.58999 4.60186 4.68282 4.84861 4.87386 5.03940 5.04737 5.04466 5.05907 5.06039 5.28572 6.80246 6.80928 6.80928 6.80928 6.80928 6.85564 7.00015 6.99772 6.82600 6.87121 7.75822 7.22627 7.14473 7.47157
4.46131 4.46131 4.46131 4.46131 4.46131 4.46131 4.46131 4.35037 3.58147 3.63556 3.44666 3.28402 3.15241 3.04782 3.05830 3.12829 3.26306 3.31036 3.32164 3.31462 3.30761 3.32842 3.37826 3.46966 3.83840 3.88170 3.86974 3.82681 3.93347 3.90459 3.88356 4.03775 4.26414 4.27207 4.29216 4.42556 4.31755 4.29637 4.30301 4.48082 4.59100 4.63783 4.65452 4.65974 4.67370 4.86721 4.86337 4.98124 5.02715 5.02419 5.03443 5.05007 5.05007 6.39815 6.80928 6.80928 6.80247 6.61271 6.24495 6.04344 5.69388 5.49451 5.53725 6.47590 6.56215 6.60069 6.99380
4.46812 4.45060 4.39698 4.34110 4.21832 3.89617 3.57513 3.27132 2.79134 2.88488 2.95952 2.98750 3.12748 3.17307 3.17689 3.18283 3.28708 3.35390 3.40373 3.45343 3.50325 3.52921 3.52921 3.51907 3.72521 3.77532 3.75199 3.66067 3.78337 3.83049 3.83049 3.95884 4.27207 4.27207 4.27364 4.44524 4.43606 4.41280 4.45349 4.58946 4.63269 4.65587 4.65023 4.64457 4.63895 4.80952 4.84913 4.92079 5.02419 5.02301 4.99524 4.96708 4.87903 5.43950 6.12053 5.74934 5.38515 5.20382 5.20207 5.32597 5.43838 5.46762 5.53643 6.23041 6.57346 6.57213 6.79117
4.28430 3.88516 3.62249 3.36388 3.16689 3.15451 3.14626 3.12703 2.93854 2.82419 2.93597 2.94487 3.11330 3.28186 3.30136 3.35114 3.46531 3.52921 3.52917 3.48898 3.41242 3.33617 3.25965 3.19350 3.39509 3.75242 3.75242 3.69631 3.74306 3.83049 3.83160 3.88103 4.32028 4.38766 4.42858 4.55004 4.57027 4.46003 4.45461 4.54157 4.59971 4.63457 4.63656 4.62116 4.58534 4.67064 4.72614 4.67320 4.70497 4.60384 4.46835 4.27512 4.13590 4.13501 5.18318 5.24736 5.28147 5.31390 5.34483 5.39972 5.53058 5.53058 5.50042 5.82642 6.34835 6.22328 6.26698
3.36829 3.15451 3.14856 3.12957 3.11177 3.09555 3.08645 3.07594 2.95842 2.88214 3.08590 3.13572 3.22748 3.43401 3.39024 3.32199 3.28449 3.28873 3.22052 3.18450 3.18450 3.18450 3.18450 3.18450 3.20993 3.72606 3.75334 3.74476 3.76437 3.94013 3.97987 3.99015 4.28634 4.34064 4.22573 4.18800 4.14742 4.32421 4.34424 4.33314 4.31709 4.29869 4.25527 4.15152 4.06161 4.04100 4.05585 3.91157 4.00178 3.94702 3.89854 3.89315 3.98855 4.03774 4.77061 5.08344 5.07100 5.05835 5.00393 4.90255 4.93446 4.82496 4.72658 4.88192 5.68462 5.75202 5.76989
3.36468 3.07514 3.05076 3.00361 2.90380 2.80998 2.72244 2.64806 2.62642 2.82367 3.01650 2.99294 2.93410 2.97028 3.02258 3.01206 3.02535 3.10811 3.12648 3.12012 3.11379 3.10742 3.10187 3.12774 3.16877 3.57689 3.81080 3.79949 3.73642 3.77094 3.67844 3.54623 3.57032 3.73445 3.69501 3.69080 3.73405 3.86183 3.95923 3.85487 3.68954 3.61510 3.55625 3.46336 3.36887 3.28116 3.39979 3.37456 3.43781 3.49175 3.44536 3.44557 3.66570 3.62676 3.88664 4.49983 4.37040 4.23835 4.14999 4.11359 4.19289 4.26350 4.24500 4.40236 5.21193 5.68681 5.68681
2.77121 2.54597 2.46340 2.42396 2.42321 2.42114 2.39393 2.35922 2.32457 2.42181 2.58657 2.65981 2.63817 2.58339 2.86328 2.86788 2.86434 2.94093 2.99050 3.02211 3.06951 3.11727 3.16382 3.17734 3.15826 3.21247 3.50440 3.37235 3.17672 3.19643 3.27316 3.27316 3.30282 3.54329 3.46420 3.38993 3.38966 3.35305 3.59326 3.53602 3.35419 3.24859 3.19699 3.17823 3.16514 3.16404 2.89600 2.78453 2.82497 3.03084 2.96396 2.86297 3.02902 2.98749 2.97671 4.02313 4.07324 4.02107 3.96889 3.91663 3.95463 4.21081 4.21081 4.31941 4.86959 5.67605 5.68681
2.55063 2.46324 2.38099 2.34630 2.31165 2.27900 2.27157 2.27157 2.27157 2.31328 2.52501 2.63837 2.63837 2.53328 2.80862 2.86726 2.87633 2.93142 3.09624 3.13684 3.11590 3.00931 2.86374 2.72103 2.59473 2.56178 3.12475 3.19072 3.14627 3.12915 3.13654 3.06014 2.98402 3.17898 3.25219 3.22173 3.19729 3.09942 3.22584 3.24547 3.15855 3.13544 3.16016 3.17565 3.17565 3.17204 2.87194 2.59325 2.49396 2.62115 2.61751 2.61733 2.74957 2.86106 2.80884 3.45308 3.88387 3.88387 3.88387 3.88387 3.88488 4.17004 4.21081 4.25111 4.53875 5.25774 5.26360
2.40541 2.34316 2.27157 2.27157 2.27157 2.27157 2.27157 2.27157 2.27157 2.27157 2.44703 2.65661 2.69022 2.65969 2.82277 3.00781 3.02755 2.89201 2.72495 2.70963 2.58376 2.54316 2.54110 2.53905 2.51670 2.47604 2.79597 3.05270 3.02682 3.02702 2.97000 2.95581 2.89766 2.92668 2.92226 2.84979 2.90517 2.93395 3.06476 3.23246 3.17841 3.13379 3.11147 3.00589 2.91605 2.82982 2.66054 2.35765 2.32250 2.42005 2.47701 2.42494 2.46123 2.72944 2.72944 3.00996 3.88387 3.88387 3.88387 3.88427 3.81443 3.85626 3.87094 3.74316 3.95497 4.79402 5.20054
2.37372 2.36998 2.27524 2.27157 2.26381 2.23905 2.21705 2.19837 2.18651 2.17484 2.24203 2.76418 2.80835 2.76766 2.67851 2.68589 2.56080 2.50976 2.35655 2.52802 2.49554 2.45613 2.41673 2.37752 2.35841 2.35841 2.47671 3.03896 3.00429 2.94250 2.83983 2.73522 2.72495 2.74826 2.84646 2.84648 2.88689 2.93238 2.94341 3.18274 3.12581 3.03840 3.02982 2.82400 2.76976 2.72340 2.63099 2.16145 2.14425 2.21372 2.40314 2.40314 2.40330 2.68121 2.72335 2.73067 3.69899 3.70807 3.57282 3.43727 3.37195 3.43897 3.66492 3.58478 3.67739 4.19774 4.97306
2.02433 1.96589 1.96082 1.96519 1.96074 1.97394 1.98431 1.99141 1.99163 1.97392 1.96039 2.51842 2.69560 2.68387 2.58167 2.51668 2.46093 2.42153 2.24085 2.30955 2.35841 2.35849 2.37239 2.39625 2.42010 2.44399 2.46398 2.75246 2.78723 2.79554 2.78449 2.72495 2.72495 2.72408 2.81235 2.79943 2.79610 2.83714 2.83167 3.05312 3.07462 2.94473 2.89833 2.72092 2.61629 2.61629 2.61603 2.21235 2.14068 2.14816 2.36776 2.39202 2.39425 2.55764 2.69586 2.67781 3.03455 3.34856 3.26315 3.17000 3.07166 2.96825 3.23021 3.27991 3.39627 3.84145 4.77613
1.80903 1.82113 1.89986 1.99104 1.99163 1.97845 1.94313 1.90743 1.87175 1.85378 1.85391 2.24036 2.60387 2.56454 2.45952 2.39420 2.34370 2.34801 2.28214 2.28501 2.43242 2.45621 2.46619 2.46619 2.46619 2.46619 2.46619 2.61135 2.78686 2.79241 2.77454 2.68973 2.65258 2.62838 2.69691 2.74576 2.76775 2.87244 2.89575 2.92835 2.94678 2.85504 2.84726 2.79115 2.62024 2.62712 2.66543 2.43441 2.29606 2.33212 2.38715 2.38065 2.35885 2.38897 2.46659 2.35023 2.35835 2.94341 2.94150 2.94295 2.94459 2.97641 3.23356 3.46920 3.60789 3.89181 4.72672
1.84338 1.83251 1.81349 1.91212 1.87663 1.85412 1.85964 1.87513 1.89353 1.91242 1.92957 1.99572 2.53949 2.50247 2.42075 2.51626 2.45467 2.47644 2.44635 2.30915 2.49458 2.50209 2.50438 2.50662 2.50886 2.50974 2.48784 2.48658 2.74734 2.73339 2.73096 2.69534 2.67661 2.69509 2.75043 2.85286 2.85392 2.98250 3.01680 3.02099 3.04988 2.99877 3.01318 3.05904 2.89290 2.90252 2.88972 2.70464 2.35103 2.31045 2.31310 2.31667 2.28962 2.28653 2.19877 2.18749 2.18961 2.98051 3.22636 3.29223 3.35877 3.38998 3.47523 3.81748 3.79772 3.77792 4.44360
