OMI_NO2_yc_0.0167deg/OMI_NO2_yc_0.0167deg/OMI_NO2_200511.asc
ncols      200
nrows      200
xllcorner       110.913
yllcorner       33.7933
cellsize     0.0166667
NODATA_Value      -999.000
[rows 145 to 173 of 200, columns 0 to 66 of 200]
17.3650 17.3650 16.4661 16.8024 20.3645 20.6986 20.6371 20.4333 20.2257 20.1317 20.1612 20.1165 19.9563 19.9563 19.7208 19.4127 19.3773 19.1248 18.8356 18.4206 17.3033 17.2161 17.1452 16.6632 16.0452 14.9721 13.8866 13.7015 12.1384 10.9730 10.9208 10.8922 10.8403 10.7896 10.7378 10.6182 10.4974 10.1353 9.85508 9.52232 9.20056 8.82779 8.72299 8.67455 8.88724 9.01236 9.01095 9.00917 8.94233 8.77600 8.71964 8.64517 8.60588 8.54344 8.65900 8.63095 8.65136 9.12804 9.13439 9.13180 9.13270 9.23509 9.24303 9.24303 9.24303 9.24303 9.24303
17.3650 17.3650 16.8347 15.7403 18.8387 19.6290 19.4205 19.3523 19.2894 19.2595 19.4508 19.3869 19.1408 19.0628 18.9621 17.7863 17.4351 17.3426 17.2548 16.7466 15.3605 14.5063 13.9580 13.8242 13.8214 13.6162 13.0116 12.8438 11.7915 10.7230 10.4449 10.2744 10.0132 9.70469 9.32971 9.01711 8.72841 8.44746 8.29332 8.23227 8.17117 8.15360 8.16580 8.06785 8.33364 8.84432 8.84432 8.84432 8.79794 8.59059 8.54099 8.47171 8.47810 8.39182 8.53301 8.53421 8.53643 9.02091 9.13180 9.13180 9.13180 9.20716 9.24303 9.24303 9.24303 9.22462 9.17338
17.3650 17.3650 17.3312 15.1496 16.5900 18.4983 18.4983 18.4983 18.4983 18.4983 18.7346 18.7853 18.6526 18.5850 18.5507 17.1047 16.1146 15.5506 15.0229 14.9010 14.3935 13.7568 13.7096 13.6618 13.5505 13.3648 12.1343 11.7042 10.7810 9.21948 8.68379 8.39756 8.22128 8.09171 8.02983 7.96873 7.92658 7.96420 7.88479 7.84794 7.81114 7.79687 7.94745 7.94978 8.06251 8.83897 8.78436 8.68280 8.57833 8.23913 8.17385 8.22423 8.44064 8.40984 8.47105 8.53421 8.53421 8.87817 9.13180 9.13180 9.13167 9.14875 9.16711 9.14778 9.13170 9.13410 9.15586
17.3650 17.3650 17.3650 15.4754 15.2677 18.4220 18.4983 18.4983 18.4983 18.4983 18.6215 18.2735 17.5600 16.8085 16.2071 15.6306 14.7559 14.6670 14.5596 14.2782 13.7391 12.9098 12.5778 12.2345 11.9484 11.5978 9.37684 8.59428 8.40017 8.17721 7.92525 7.92525 7.92525 7.92514 7.90409 7.86725 7.83043 7.84098 7.78565 7.78523 7.78523 7.78335 7.84134 7.77784 7.67811 8.31474 8.42759 8.42759 8.42759 8.24105 8.17385 8.17433 8.39980 8.44064 8.41207 8.53421 8.53428 8.74457 9.09572 9.08932 9.06981 9.06609 9.14580 9.07578 8.99130 8.90680 8.83582
17.3650 17.3650 17.3650 16.0908 14.8471 17.7382 18.4706 17.9944 17.3644 16.7214 16.1081 16.0745 15.9506 15.2748 14.6873 14.1122 12.7042 12.1161 11.6234 11.3520 11.2606 11.0258 10.8009 10.5599 10.3170 10.1873 9.00903 8.10055 8.25487 8.29997 7.91590 7.88055 7.84373 7.80699 7.79123 7.79123 7.79123 7.80664 7.73084 7.60286 7.50126 7.40158 7.44835 7.53305 7.53305 8.01379 8.42759 8.42759 8.42759 8.29783 8.17375 8.14853 8.23392 8.28338 8.27828 8.51794 8.47118 8.55433 8.91814 8.89850 8.81761 8.76781 8.80506 8.77279 8.74051 8.70815 8.67580
17.3650 17.3650 17.3650 17.1932 14.5865 15.5833 15.8668 15.6539 15.4343 15.0723 14.7801 14.5029 14.1675 12.3641 12.0875 12.0875 11.6081 11.1728 10.9240 10.6334 10.3401 10.0531 10.1871 10.1871 10.1871 10.1871 9.58595 7.98483 8.17764 8.24998 7.81109 7.79123 7.79123 7.78319 7.70001 7.59845 7.49685 7.39966 7.41657 7.36849 7.36849 7.36849 7.40173 7.53305 7.53305 7.74222 8.37426 8.33014 8.28195 8.13217 7.86127 7.79612 7.78937 7.95799 7.99525 8.32692 8.32717 8.34422 8.63323 8.56157 8.52927 8.49758 8.55874 8.59842 8.59842 8.59312 8.53076
16.8823 17.2415 17.6785 18.2204 13.3728 12.9292 14.3894 14.0765 13.8681 13.7609 13.6563 13.5544 13.4553 12.2546 11.2174 10.9003 10.4718 9.85179 9.81310 9.80730 9.80730 9.73637 10.1291 10.1644 10.1184 10.0724 9.82987 7.89451 8.10454 8.14297 7.83997 7.66591 7.56785 7.47774 7.46290 7.46635 7.46983 7.47337 7.52075 7.47198 7.44109 7.40006 7.36025 7.46628 7.41561 7.36309 8.11676 8.13760 8.09887 8.07439 7.84556 7.84605 7.82259 7.97563 7.99190 8.28148 8.37990 8.35651 8.49501 8.28231 8.19233 8.08970 8.04147 8.09981 7.97770 7.86089 7.80092
20.7471 20.7471 20.7471 20.7471 13.5482 10.2238 12.7269 12.9465 12.9074 12.8134 12.5728 12.3314 12.0890 11.4412 10.3347 10.3347 10.3347 9.89384 9.80730 9.79917 9.76104 9.69564 9.84772 10.0195 10.0195 9.96099 9.62436 7.55621 7.29793 7.14470 7.37648 7.50869 7.50856 7.50745 7.48669 7.42825 7.36886 7.30650 7.24129 7.19080 7.12631 7.04541 6.94270 7.00189 7.06031 7.04520 7.62406 7.91057 7.86098 7.76082 7.40992 7.25974 7.18339 7.21586 7.25913 7.38007 7.52743 7.45810 7.45555 7.26446 7.16797 7.11325 7.15939 7.51555 7.51555 7.51555 7.51555
20.7471 20.7471 20.7471 20.7471 16.0761 10.0138 11.6581 12.2087 11.9418 11.7165 11.6158 11.5149 11.4128 11.2112 9.54643 9.39910 9.27683 8.91474 8.49546 8.34294 8.22117 8.07301 7.68022 7.37744 6.90314 6.49512 6.41907 6.31039 6.24253 6.26762 6.50654 7.05659 6.97093 6.84302 6.72423 6.61856 6.49380 6.35476 6.26527 6.42621 6.42993 6.42653 6.44467 6.61445 6.89676 6.88615 6.98307 7.19130 7.14134 7.13561 6.94373 6.82395 6.82443 6.94566 6.95815 6.98034 7.25239 7.22698 7.26121 7.17968 7.10864 7.10864 7.10864 7.46102 7.51555 7.51555 7.51555
20.7471 20.7471 20.7471 20.7471 18.8180 9.33974 9.10956 9.86471 9.81376 9.78693 9.78693 9.78693 9.78693 9.78693 8.36560 7.94701 7.94701 7.86847 7.22654 6.93259 6.64584 6.38497 6.25821 6.25545 6.17518 6.09215 6.00917 5.88788 5.53649 5.53190 5.57494 6.34969 6.32706 6.27365 6.23027 6.21193 6.21368 6.23226 6.25086 6.41740 6.54899 6.52234 6.49305 6.49803 6.87145 6.87507 6.88121 7.06897 7.13831 7.24748 7.28974 7.26427 7.42824 7.49824 6.95377 6.82629 7.15911 7.22652 7.25355 7.22265 7.10864 7.10864 7.10864 7.35623 7.54709 7.59039 7.58823
20.7471 20.7471 20.7471 20.7471 20.7400 10.1819 8.90593 9.49401 9.78693 9.78693 9.78693 9.78693 9.78693 9.76075 8.56883 7.32247 6.99488 6.69366 6.38098 6.24113 6.17738 6.10879 5.94719 5.61611 5.45852 5.31891 5.18485 5.08847 4.82011 4.82822 4.89239 5.95253 6.27819 6.27819 6.27819 6.27819 6.27751 6.25725 6.22798 6.26685 6.44631 6.44730 6.44730 6.44730 6.79159 7.00412 7.16888 7.44093 7.75473 7.80989 7.75772 7.49823 7.49823 7.49823 7.18628 6.81300 7.04851 7.22652 7.24422 7.26380 7.11585 7.09501 7.08120 7.20795 7.41599 7.33597 7.26185
20.7471 20.7471 20.7471 20.7471 20.7471 11.8391 8.98936 9.18483 9.78693 9.76337 9.49900 9.16867 8.83738 8.47679 7.91888 6.40625 6.24730 6.07735 5.87489 5.67235 5.59732 5.52814 5.48823 5.09377 4.88429 4.78706 4.68925 4.59246 4.42705 4.54105 4.60340 5.62460 6.27706 6.26748 6.23851 6.20926 6.18066 6.17167 6.17167 6.18261 6.42999 6.59362 6.75774 6.92206 7.29683 7.54934 7.54934 7.57796 7.79881 7.80989 7.80774 7.51801 7.49823 7.49823 7.42627 6.85792 6.95299 7.13435 7.11679 7.11134 6.95275 6.88769 6.83465 6.80079 7.10975 7.05619 7.02655
20.7471 20.7471 20.7471 20.7471 20.7471 14.3155 9.17418 8.88150 8.63792 8.00604 7.60557 7.27385 6.94875 6.74139 6.50606 5.66949 5.61240 5.61119 5.60509 5.46742 5.41319 5.32639 5.23961 4.92316 4.55050 4.55050 4.55050 4.55050 4.52600 4.46537 4.52398 5.25578 6.08138 6.17198 6.17167 6.17167 6.19169 6.33504 6.49936 6.66368 6.98879 7.12158 7.12158 7.12158 7.21810 7.54934 7.54934 7.56103 7.72819 7.83604 7.86087 7.64874 7.54564 7.54556 7.53639 7.28782 7.18224 7.02332 7.00583 6.99265 6.82778 6.59397 6.55427 6.53332 6.85006 6.90424 6.90361
20.1433 18.9158 17.5934 14.9879 12.5953 9.53240 6.51088 6.09387 6.18235 6.27264 6.25464 6.24428 6.24261 6.29007 6.31484 5.81656 5.54309 5.44116 5.34015 5.16812 5.08496 5.08140 5.07808 4.99797 4.56465 4.55017 4.52725 4.49067 4.45409 4.34336 4.43800 4.90952 5.86404 6.31535 6.47698 6.63868 6.78026 6.79853 6.79595 6.79329 6.88146 7.06297 7.06158 7.07575 7.10333 7.51833 7.57116 7.59946 7.68070 7.82669 7.80040 7.63984 7.52732 7.55981 7.58216 7.44802 7.20585 6.97352 6.91954 6.97598 6.93516 6.50644 6.53088 6.55592 6.64893 6.63605 6.60859
8.25688 7.82959 7.48630 7.40534 7.40534 7.27868 5.85713 5.81957 5.93354 6.21249 6.20851 6.20451 6.15313 6.08390 6.03850 5.63815 5.18097 5.18097 5.18097 5.15342 5.07734 5.07734 5.06757 5.02787 4.56763 4.43102 4.41734 4.41734 4.41319 4.32691 4.39076 4.55425 5.55933 6.71755 6.74412 6.74412 6.74412 6.75718 6.80648 6.85796 6.92702 7.11814 7.18589 7.19312 7.16117 7.44097 7.55329 7.53945 7.57933 7.81987 7.85739 7.78854 7.69926 7.67926 7.67086 7.68411 7.36744 7.25123 7.15911 7.22621 7.34387 6.90714 6.88061 6.92253 6.80857 6.49301 6.49301
7.40534 7.40534 7.40534 7.40534 7.40534 7.40534 6.01357 5.78561 5.80216 6.03368 5.95975 5.86217 5.81329 5.81890 5.89185 5.78133 5.17879 5.17842 5.17805 5.17713 5.03437 4.97898 4.95590 4.95476 4.66968 4.38501 4.35886 4.33288 4.31093 4.26298 4.19071 4.18477 5.27562 6.34266 6.73713 6.76602 6.78375 6.78632 6.80458 6.82984 6.83411 7.04129 7.24249 7.29471 7.34955 7.31551 7.26638 7.26035 7.52262 7.72192 7.67462 7.70177 7.93207 7.93499 7.93499 7.93398 7.68848 7.56496 7.40423 7.44866 7.54368 7.17978 6.95501 6.95501 6.92521 6.49815 6.49301
7.13976 7.40534 7.40534 7.40534 7.40534 7.40534 6.29175 5.76622 5.78535 5.76868 5.80293 5.80288 5.80288 5.80288 5.86492 5.88250 5.25116 5.16984 5.16984 5.16984 5.04767 4.92563 4.90276 4.87998 4.73020 4.30864 4.31615 4.37563 4.43995 4.50266 4.11186 4.11465 5.06225 6.00178 6.91028 6.94379 6.93673 6.93018 6.86135 6.77984 6.72106 6.75708 7.02940 6.99666 7.06070 7.14144 7.22179 7.25459 7.52177 7.85046 7.70596 7.70227 7.79542 7.69951 7.56353 7.42862 7.54817 7.71233 7.47823 7.45767 7.53863 7.34537 6.95501 6.95501 6.95501 6.58806 6.48980
6.43560 7.40534 7.40534 7.40534 7.40534 7.40534 6.63302 5.77380 5.78165 5.75758 5.80288 5.80288 5.80288 5.80288 5.84174 5.88307 5.43876 5.14394 5.11824 5.09260 5.03703 4.85613 4.84994 4.84417 4.82108 4.64331 4.59516 4.63469 4.76864 4.90382 4.98720 5.23128 5.49884 5.63262 6.54991 6.52399 6.52173 6.52173 6.52173 6.52776 6.59334 6.68950 7.14501 7.25192 7.25459 7.25459 7.25459 7.24573 7.22113 7.63495 7.34982 7.18741 7.28492 7.37632 7.37632 7.37632 7.43178 7.71762 7.55086 7.45767 7.51870 7.50916 6.95183 6.82550 6.69879 6.32472 5.98649
5.44554 7.40534 7.40534 7.40534 7.40534 7.40534 7.00081 5.80929 5.77091 5.78044 5.77681 5.80288 5.79981 5.77747 5.76743 5.80616 5.53000 5.05649 5.04787 5.10279 5.28213 5.26620 5.38347 5.55309 5.72167 5.80198 5.70814 5.87064 5.96679 6.06162 6.12813 6.15285 6.01953 5.54642 6.18820 6.52176 6.56460 6.64533 6.72607 6.80080 6.81595 6.81646 7.08850 7.23913 7.10947 6.95637 6.80352 6.65934 6.62610 7.24551 7.24204 7.14730 7.23359 7.37632 7.37632 7.37632 7.37632 7.65776 7.60754 7.34681 7.25162 7.11668 6.59217 6.46438 6.46898 6.31228 5.90607
4.01908 7.38571 7.40534 7.40534 7.40534 7.40534 7.36472 5.87314 5.77266 5.84653 5.79984 5.69796 5.59579 5.53145 5.48104 5.36532 5.28358 6.14823 6.34764 6.47693 6.48138 6.32122 6.11571 6.16861 6.25304 6.40403 6.15398 6.18677 6.18677 6.18677 6.15337 6.14796 6.17406 5.70390 6.02945 6.77808 6.81595 6.81595 6.81595 6.79213 6.65411 6.50113 6.48880 6.64929 6.62610 6.62610 6.62610 6.62610 6.62610 7.07259 7.30547 7.14869 7.18461 7.38127 7.39323 7.41624 7.39066 7.26191 6.97388 6.97715 7.10203 7.07321 6.74023 6.43976 6.42736 6.41480 5.93939
3.49835 6.94942 7.40534 7.38314 7.15975 6.86509 6.63768 5.63841 5.45903 5.54576 5.43768 5.19158 5.26315 5.31217 5.34322 5.16858 5.09823 6.35150 6.67161 6.81689 6.99885 7.14756 6.90980 7.00767 7.08538 6.95562 6.28069 6.18677 6.19092 6.25294 6.33262 6.32551 6.43341 6.09056 5.85152 6.70267 6.61015 6.45260 6.29554 6.16175 6.14257 6.13815 6.16336 6.54644 6.56361 6.55936 6.55638 6.55505 6.55360 6.81770 7.23188 7.05869 6.97430 7.14422 7.11114 7.04983 7.03690 6.98358 6.66517 6.69049 6.89280 6.95495 6.85550 6.49438 6.49414 6.44181 6.07957
3.59871 5.18380 5.64953 5.64075 5.77911 5.78041 5.70869 5.12231 5.22505 5.97050 6.29007 6.00261 6.05488 6.15842 6.26093 6.28709 6.20372 6.97844 7.55269 7.57756 7.56778 7.55802 7.23482 7.09214 7.08511 7.00802 6.38920 6.24634 6.31034 6.32215 6.31730 6.24275 6.35986 6.28920 5.90045 5.99479 6.01738 6.01738 6.01738 6.01738 6.01126 5.97685 5.94180 6.33020 6.44828 6.38020 6.32477 6.28297 6.24126 6.27353 6.92722 6.85204 6.73432 6.88126 6.91662 6.88299 6.82174 6.72508 6.38208 6.20202 6.37209 6.24199 6.10870 5.60390 5.29415 5.06085 5.10107
5.76823 5.69498 5.57424 5.47239 5.44464 5.44464 5.44464 5.16714 5.68433 6.45104 6.82373 6.56916 6.51481 6.62323 6.73156 6.74796 6.36925 6.69742 7.46928 7.46957 7.47091 7.47238 7.35227 7.18221 7.24813 7.28152 6.69468 6.34018 6.40198 6.46813 6.53446 6.48031 6.54908 6.57444 5.90449 5.89099 5.88236 5.83412 5.78675 5.76463 5.75993 5.78374 5.83049 6.03508 5.98517 6.00418 6.00904 5.99866 5.98841 5.97897 6.44075 6.41887 6.14131 6.14007 6.17157 6.10087 6.05755 6.05712 5.90391 5.59537 5.55649 5.29763 4.96055 4.74174 4.68902 4.68902 4.80293
5.44464 5.44464 5.44464 5.44464 5.44464 5.44464 5.44464 5.29279 5.30066 6.06627 6.48276 6.49770 6.81919 6.82202 6.82389 6.82577 6.50023 6.45713 7.48401 7.51314 7.51323 7.51323 7.50857 7.34095 7.38059 7.43908 7.13797 6.65981 6.61708 6.61299 6.58362 6.43039 6.30632 6.38568 5.74854 5.62012 5.70893 5.75125 5.81011 5.85316 5.88494 5.91648 5.92858 6.03029 5.97625 5.97266 5.96702 5.95212 5.93708 5.92240 6.01045 6.07455 5.92616 5.90573 6.04918 5.93286 5.78157 5.63053 5.44498 5.11760 5.10634 5.07936 4.84949 4.78609 4.68902 4.68902 4.70072
5.44464 5.44464 5.44464 5.40503 5.28881 5.18641 5.09786 5.05096 4.88934 5.89598 6.34929 6.45841 6.75578 6.83297 6.83297 6.83297 6.62201 6.41235 7.25404 7.52484 7.58431 7.64928 7.71376 7.63201 7.55673 7.58140 7.37585 6.70225 6.50669 6.56350 6.64611 6.62093 6.14355 6.04857 5.89672 5.62069 5.76731 5.91921 5.92858 5.92858 5.92858 5.92858 5.92657 5.94548 6.00229 5.92729 5.91789 5.91776 5.91776 5.91776 5.95394 5.93467 5.71463 5.42053 5.46889 5.43707 5.43707 5.43707 5.43707 5.18780 5.08118 5.14476 4.84949 4.83342 4.68985 4.69018 4.68121
5.30401 5.19952 5.10929 5.05293 5.05098 5.05098 5.05098 5.05098 4.80707 5.73408 6.18161 6.45841 6.62563 6.83297 6.83297 6.84689 6.83612 6.56396 7.17979 7.78326 7.81616 7.84573 7.92765 7.92456 7.74149 7.73670 7.62545 6.71676 6.08948 5.91061 5.67608 5.54118 5.09824 4.94415 5.32870 5.46815 5.61323 5.92858 5.92837 5.91851 5.90348 5.88844 5.87543 5.87368 5.99681 5.91776 5.89390 5.74295 5.57275 5.40290 5.26229 5.45107 5.44920 5.24884 5.39842 5.43707 5.43707 5.43707 5.43707 5.29603 5.06321 5.12604 4.74533 4.68627 4.52873 4.46221 4.42828
5.05098 5.05098 5.05098 5.05098 5.05098 5.05098 5.05098 5.05098 4.86677 5.46652 6.00649 6.45342 6.46099 6.99313 7.12060 7.25633 7.34450 7.13122 7.42186 7.74106 7.73549 7.72614 7.65367 7.61957 7.39518 7.35790 7.30583 6.40490 5.49273 5.38803 5.36529 5.36529 5.10530 4.92524 5.21594 5.46308 5.46260 5.86717 5.87887 5.87368 5.87368 5.87368 5.83978 5.68129 5.62121 5.38546 5.23904 5.22021 5.22021 5.22021 5.22021 5.40667 5.45451 5.32307 5.34990 5.35510 5.24086 5.09786 4.91480 4.70252 4.49146 4.86148 4.64047 4.54590 4.55017 4.58122 4.65277
5.05098 5.05098 5.05098 5.05098 5.05098 5.05098 5.05098 5.10196 5.07074 5.29928 6.01770 6.62493 6.79789 7.47526 7.77162 7.82861 7.87287 7.90478 7.90370 7.64270 7.61150 7.54802 7.42079 7.26309 6.99536 6.75081 6.65159 6.33848 5.57294 5.36529 5.36529 5.36338 5.19016 4.89559 5.05837 5.41348 5.41325 5.70428 5.82785 5.66386 5.49372 5.31865 5.17000 5.14667 5.19402 5.20308 5.15395 5.14170 5.12974 5.07135 4.93255 4.94471 4.94841 4.73104 4.43291 4.43787 4.34693 4.28530 4.26344 4.24998 4.26545 4.57737 4.85073 4.93920 4.87705 4.60233 4.60229
5.05098 5.05098 5.05098 5.38791 5.66382 5.70034 5.73456 5.71789 5.63372 5.31110 6.09379 6.67083 6.98103 7.20188 7.62042 7.55393 7.48550 7.41426 7.29183 6.84960 6.50799 6.40375 6.37293 6.37139 6.35302 6.25010 6.24821 6.24675 5.79873 5.31049 5.29200 5.27539 5.22095 4.84222 4.84754 4.83359 4.67876 4.63375 4.74042 4.72227 4.71007 4.70321 4.70321 4.69857 4.65656 4.60094 4.36525 4.23446 4.09353 3.95129 3.86007 3.87893 4.08602 4.04594 3.88203 4.02844 4.03576 4.09591 4.16010 4.22399 4.22862 4.27558 4.63528 4.64099 4.55526 4.16205 4.09624
