OMI_NO2_yc_0.0167deg/OMI_NO2_yc_0.0167deg/OMI_NO2_200603.asc
ncols      200
nrows      200
xllcorner       110.913
yllcorner       33.7933
cellsize     0.0166667
NODATA_Value      -999.000
[rows 29 to 57 of 200, columns 67 to 133 of 200]
2.61791 2.49389 2.41986 2.33348 2.31579 2.05299 1.98399 1.99361 2.08984 2.10267 2.09963 2.16900 2.20479 2.20117 2.22739 2.28808 2.29963 2.31915 2.32555 2.40154 2.39860 2.40657 2.41528 2.42389 2.95464 3.91218 4.05051 4.43545 4.77305 4.80136 4.81924 4.84351 4.89743 4.92181 4.99132 5.08380 5.08845 4.90260 4.63273 4.63170 4.63171 4.59066 4.55229 4.54203 4.53250 4.51466 4.46425 4.44923 4.44038 4.64518 5.00710 5.02599 5.03338 5.03571 5.03803 5.05489 5.27043 5.29580 5.02152 4.73441 5.01733 5.25937 5.37618 5.46016 5.50486 5.56341 6.05656
2.55698 2.39523 2.33792 2.25504 2.27312 2.12004 2.00984 2.01472 2.09118 2.13217 2.14415 2.19526 2.29270 2.30463 2.31399 2.39886 2.40437 2.40713 2.40306 2.43971 2.45823 2.46921 2.48192 2.49463 2.63400 3.98050 4.05595 4.50963 4.75210 4.85668 4.85730 4.85712 4.89714 4.90287 4.98587 5.04562 5.09393 4.98956 4.64482 4.63188 4.63003 4.59220 4.50122 4.50196 4.50196 4.50166 4.45408 4.44861 4.44861 4.56788 4.95941 5.03069 5.03764 5.02825 5.04472 5.10840 5.32731 5.56459 5.47249 4.91619 5.07687 5.50848 5.56880 5.65062 5.67024 5.66877 5.92621
2.65478 2.48029 2.41578 2.35250 2.35233 2.26941 2.10548 2.11569 2.14966 2.19499 2.19499 2.19956 2.31407 2.31953 2.31937 2.36883 2.40620 2.41688 2.43163 2.46166 2.50692 2.51200 2.55014 2.59745 2.64798 3.86542 4.15279 4.51136 4.70525 4.86915 4.87722 4.88409 4.92235 4.93952 4.95104 4.98351 5.07234 5.01660 4.71019 4.63152 4.63152 4.62668 4.50553 4.50196 4.50196 4.50196 4.47045 4.44861 4.44567 4.47580 4.88067 5.07367 5.14249 5.21121 5.25446 5.25045 5.27626 5.63491 5.70176 5.13555 5.16403 5.59223 5.64827 5.70025 5.73672 5.76567 5.87303
2.76278 2.51063 2.40555 2.39342 2.38712 2.35270 2.12067 2.11824 2.12826 2.19268 2.18615 2.17949 2.25982 2.31419 2.33061 2.36045 2.40173 2.40478 2.43332 2.49903 2.66995 2.72441 2.74543 2.75952 2.79519 3.55164 4.21332 4.44843 4.60425 4.75285 4.90412 4.90417 4.92629 4.94767 4.95145 4.95966 5.06363 5.03688 4.79939 4.63350 4.63152 4.63152 4.53592 4.50194 4.49674 4.48571 4.46312 4.47001 4.53695 4.61073 5.01194 5.26433 5.24167 5.23583 5.27000 5.30617 5.31626 5.84670 6.05122 5.58157 5.33999 5.76798 5.93579 5.95103 5.96587 5.96790 5.97068
2.82844 2.51415 2.40101 2.36473 2.34784 2.33865 2.09808 2.05896 2.05822 2.14768 2.19004 2.23648 2.33389 2.45656 2.50204 2.54709 2.53768 2.57867 2.60697 2.60456 2.73515 2.74130 2.73982 2.73591 2.70729 3.05542 4.10556 4.24880 4.53736 4.62378 4.89449 4.89856 4.90503 4.92925 4.92366 4.92698 4.99386 5.01274 4.83636 4.58497 4.54595 4.51303 4.41997 4.35715 4.41263 4.50929 4.60570 4.60113 4.62424 4.65625 5.04384 5.43613 5.52042 5.54978 5.55650 5.56132 5.56609 5.89277 6.32718 6.00896 5.49763 5.69276 5.95236 5.95870 5.94739 5.93627 5.95643
2.80750 2.55509 2.41145 2.36630 2.36928 2.40094 2.25076 2.20364 2.25729 2.31960 2.36748 2.40352 2.45087 2.61311 2.62423 2.58906 2.50250 2.48221 2.47982 2.50975 2.62659 2.66637 2.66319 2.66000 2.65682 2.68819 3.99313 4.09069 4.40299 4.40288 4.64651 4.70330 4.70398 4.91461 4.90561 4.90418 4.88341 4.85317 4.60738 4.24435 4.24758 4.26649 4.37214 4.93833 4.97804 4.98516 4.99165 4.96325 4.95111 4.95308 5.18245 5.59174 5.69486 5.67809 5.67805 5.67805 5.67870 5.74859 6.40213 6.36072 5.65782 5.76800 6.04534 6.14121 6.12465 6.14835 6.14802
2.91275 2.72217 2.52239 2.45455 2.48817 2.50858 2.41230 2.27021 2.30860 2.34392 2.39365 2.37391 2.34198 2.41006 2.46272 2.49599 2.49336 2.46057 2.46579 2.47568 2.48754 2.54788 2.53043 2.51315 2.49801 2.48354 3.45753 3.85657 4.09653 4.08535 4.21919 4.33085 4.25724 4.42777 4.38757 4.32509 4.37495 4.53860 4.51102 4.27515 4.20943 4.20704 4.21202 4.90005 4.98126 4.98167 4.97855 4.95719 4.91890 4.91577 5.01954 5.45162 5.65550 5.67833 5.71216 5.74935 5.78585 5.82818 6.37469 6.62111 5.87592 5.78009 5.95504 6.10327 6.10062 6.24122 6.45147
3.04280 2.88286 2.61843 2.53504 2.52469 2.52816 2.49063 2.27379 2.24938 2.26568 2.36262 2.40247 2.44022 2.49725 2.56808 2.57333 2.57229 2.51445 2.51318 2.50050 2.33043 2.46225 2.47745 2.49238 2.50516 2.51732 2.93303 3.43052 3.58527 3.62678 3.68017 3.95286 4.00536 4.27026 4.44557 4.51640 4.53322 4.59894 4.55780 4.31040 4.18075 4.18304 4.18338 4.66425 4.94516 4.92427 4.90059 4.87472 4.93478 4.94850 4.97314 5.42444 5.84142 5.85918 5.84756 5.84504 5.84252 5.84193 6.08700 6.63293 6.11783 5.85698 6.16694 6.69846 6.87613 6.87900 6.88042
3.09396 2.91073 2.66935 2.58816 2.56977 2.56964 2.59624 2.42010 2.44761 2.48156 2.52748 2.54772 2.55853 2.57802 2.68597 2.69838 2.70935 2.67188 2.66361 2.67991 2.50189 2.62306 2.63474 2.63257 2.61842 2.60242 2.71927 3.45275 3.52967 3.55907 3.58365 4.13804 4.23414 4.36069 4.52310 4.52577 4.51524 4.52997 4.52383 4.29450 4.12499 4.08881 4.05725 4.31125 4.80506 4.79982 4.79730 4.79532 4.90193 4.94424 4.94424 5.30460 5.70131 5.84915 5.83472 5.83444 5.83275 5.86610 5.98360 6.93402 6.90175 6.33964 6.49288 6.80797 7.00097 7.01580 7.07665
2.98989 2.97481 2.84449 2.76065 2.73226 2.74130 2.71727 2.56106 2.51111 2.49435 2.55729 2.64186 2.64199 2.64199 2.72170 2.74905 2.74905 2.72533 2.68112 2.67838 2.54287 2.54638 2.58502 2.57118 2.56346 2.54669 2.52993 3.26509 3.39282 3.43678 3.39495 3.76876 4.04351 4.09710 4.26252 4.22316 4.18011 4.15452 4.19307 4.04220 3.99248 3.98749 3.98630 4.05824 4.79090 4.79517 4.79517 4.79517 4.85536 4.94424 4.94424 5.19550 5.57245 5.86639 5.91917 5.98561 6.05506 6.08953 6.08064 6.71588 7.18488 6.42406 6.63087 6.85879 7.12969 7.09376 7.08624
2.98528 3.03878 3.00178 2.87202 2.80836 2.73481 2.63604 2.53555 2.46342 2.46342 2.49916 2.64199 2.64199 2.64395 2.69826 2.76955 2.77854 2.78475 2.69004 2.68108 2.61989 2.46722 2.43376 2.41593 2.40489 2.41963 2.43642 2.90041 3.19683 3.31096 3.28305 3.46866 3.91434 3.89715 4.14333 4.14806 4.13235 4.09497 4.16762 4.07984 4.00115 3.98943 3.98630 3.98630 4.64298 4.79517 4.79517 4.79167 4.79707 4.92686 4.98728 5.20827 5.65245 6.11093 6.05953 6.02613 5.99840 5.94335 5.86902 6.09729 7.19436 6.75867 6.82180 6.97953 7.40344 7.44789 7.43670
3.03517 3.04706 3.07305 2.91970 2.84444 2.81199 2.67528 2.62353 2.52291 2.53337 2.54458 2.71097 2.73299 2.73758 2.74657 2.83860 2.83671 2.83338 2.75675 2.72244 2.72369 2.53508 2.49196 2.49204 2.47630 2.44433 2.41092 2.65477 3.17471 3.27995 3.28029 3.29231 3.81471 3.88543 4.09706 4.14806 4.14594 4.09529 4.13998 4.11135 4.00313 3.97443 3.96038 3.94988 4.37711 4.74278 4.78694 4.87023 4.94267 5.08663 5.08280 5.03413 5.01176 5.29103 5.26973 5.12223 5.06343 5.03510 5.07236 5.24247 6.46631 6.76127 6.80716 6.90317 7.18409 7.34879 7.28219
3.11989 3.13111 3.18774 3.03695 2.94463 2.88294 2.73472 2.65888 2.50787 2.48760 2.47236 2.62346 2.73699 2.75597 2.77222 2.87115 2.91081 2.93148 2.91206 2.81414 2.78581 2.59757 2.45783 2.44479 2.45024 2.45585 2.46130 2.51828 3.23964 3.34211 3.38377 3.39096 3.71704 4.00465 4.16159 4.27079 4.27688 4.24706 4.24224 4.22173 4.14651 4.10491 4.11963 4.19377 4.44020 4.91828 4.90318 4.85253 4.81114 4.87234 4.94476 4.93617 4.88219 5.12482 5.35775 5.27105 5.27035 5.27035 5.27147 5.43271 6.14540 6.99792 7.00655 7.06078 7.29677 7.73246 7.73577
3.08138 3.06045 3.06908 2.98166 2.87901 2.83316 2.77696 2.72425 2.72534 2.72336 2.74631 2.85983 3.08392 3.13984 3.19835 3.20166 3.10739 3.07235 3.03813 2.90191 2.88651 2.77703 2.63015 2.59956 2.59285 2.58613 2.57942 2.57651 3.18339 3.41678 3.48952 3.48537 3.56584 4.05543 4.13587 4.26664 4.24437 4.20027 4.15914 4.19796 4.26324 4.30972 4.36499 4.36388 4.37938 4.81067 4.82092 4.81373 4.81365 4.84290 4.97514 4.98131 5.03078 5.25157 5.66163 5.65359 5.74359 5.85208 5.95543 6.17184 6.49910 7.90693 8.06210 8.15099 8.18441 8.62232 8.64072
3.09266 3.09130 3.09214 3.07548 2.95464 2.98404 2.99829 2.92169 2.96233 2.94830 3.00103 3.08501 3.34780 3.33846 3.32608 3.28457 3.11219 3.12923 3.14647 3.09610 3.05807 2.94379 2.62610 2.57001 2.57384 2.58351 2.59566 2.60466 2.94397 3.25935 3.40099 3.37242 3.37560 3.85063 4.03405 4.30862 4.40127 4.48768 4.52044 4.52070 4.50882 4.46625 4.44946 4.43822 4.42997 4.76986 4.89988 4.90063 4.92805 4.97396 5.10257 5.14042 5.25393 5.57798 6.34128 6.42287 6.38127 6.38859 6.40091 6.48757 6.72807 7.87009 8.44944 8.60038 8.55766 8.70012 8.77141
3.08484 3.13041 3.21905 3.29310 3.21616 3.26963 3.39457 3.28050 3.28761 3.19557 3.18556 3.16328 3.35864 3.42008 3.43175 3.45713 3.30832 3.29735 3.32373 3.32806 3.24826 3.22098 2.79857 2.68241 2.65482 2.65796 2.65827 2.65624 2.79080 3.25041 3.41613 3.45521 3.49003 3.82667 4.34759 4.60187 4.61405 4.60464 4.54757 4.51652 4.48780 4.46240 4.47825 4.52824 4.57951 4.85448 5.18213 5.23857 5.26841 5.27968 5.31218 5.34224 5.35326 5.72008 6.24680 6.54774 6.47244 6.47244 6.47717 6.53495 6.73129 7.28732 8.15144 8.07314 8.03886 8.18406 8.67724
3.62047 3.66360 3.66361 3.65946 3.44017 3.35108 3.40993 3.29294 3.25278 3.24278 3.27243 3.30014 3.45077 3.59433 3.60904 3.61004 3.50250 3.39746 3.39746 3.39746 3.29528 3.27193 2.90074 2.71854 2.65379 2.65153 2.64961 2.65470 2.69693 3.29377 3.49867 3.59653 3.59784 3.66643 4.35529 4.54898 4.60007 4.61932 4.66611 4.73714 4.76572 4.79608 4.80699 4.80627 4.80323 4.89474 5.30735 5.30735 5.30735 5.30735 5.31583 5.34644 5.34472 5.64128 6.01124 6.60395 6.51021 6.39725 6.29326 6.16552 6.29858 6.69863 7.90211 8.23059 8.36548 8.43979 8.94935
3.66295 3.66946 3.67075 3.67098 3.44371 3.28042 3.33730 3.36941 3.39832 3.39127 3.37809 3.37809 3.42988 3.61004 3.61004 3.61004 3.57003 3.39695 3.40382 3.44674 3.38786 3.24820 2.98466 2.78400 2.73637 2.76626 2.79813 2.82467 2.82319 3.22704 3.50594 3.62857 3.64778 3.66165 4.21085 4.60288 4.74313 4.74756 4.77293 4.85568 4.83855 4.82046 4.80763 4.80731 4.80363 4.80543 5.26040 5.30735 5.30735 5.30735 5.32009 5.37597 5.38518 5.47810 5.55512 6.21006 6.15337 6.19783 6.19962 6.19594 6.31976 6.65239 7.56416 8.35063 8.42535 8.41568 8.69813
3.67607 3.66980 3.66876 3.66876 3.53795 3.29515 3.30544 3.36036 3.37694 3.39779 3.36327 3.35915 3.35802 3.56694 3.58799 3.62813 3.66197 3.51082 3.50879 3.49861 3.46212 3.18894 3.06868 2.80844 2.80567 2.78385 2.79792 2.81880 2.83993 3.10654 3.50148 3.68612 3.67441 3.67441 3.96742 4.58086 4.74756 4.74756 4.74901 4.84802 4.84471 4.82475 4.80929 4.79919 4.78412 4.76824 5.09481 5.28745 5.29737 5.21449 5.06196 4.91814 4.76414 4.84452 5.12642 5.78431 6.01735 6.05610 6.02186 5.99054 6.16617 6.61410 7.04621 8.36901 8.49074 8.49903 8.59695
3.70973 3.72132 3.73291 3.74450 3.71648 3.38147 3.23432 3.31874 3.34135 3.38534 3.36843 3.42301 3.48227 3.61185 3.66765 3.66380 3.67298 3.59204 3.53934 3.58187 3.61500 3.38292 3.27399 2.83863 2.88606 2.86569 2.88727 2.90294 2.91887 3.01538 3.58239 3.70094 3.68940 3.69313 3.75665 4.48181 4.66027 4.66316 4.67350 4.75419 4.78906 4.72680 4.73117 4.76257 4.77915 4.69345 4.69711 4.80548 4.60460 4.50696 4.47047 4.44369 4.44847 4.50617 4.95224 5.37862 5.88311 5.98780 5.99052 5.99178 6.08733 6.57510 6.82958 8.09722 8.53410 8.56116 8.47853
3.77644 3.79987 3.81073 3.82161 3.83165 3.55775 3.29367 3.42130 3.49985 3.68064 3.82026 3.85467 3.88280 3.95544 4.05199 4.11153 4.16306 4.14028 4.01650 4.05781 4.10101 4.00994 3.82009 3.41296 3.38310 3.32953 3.34074 3.35295 3.36512 3.37736 3.95892 4.03332 3.98225 3.99970 4.02038 4.53547 4.76899 4.74698 4.75422 4.80705 4.88922 4.76690 4.54960 4.34173 4.15414 3.98899 4.02404 4.41975 4.41769 4.41422 4.41212 4.41361 4.45437 4.45671 5.03930 5.30078 6.09155 6.22446 6.28572 6.22311 6.15142 6.53977 6.82823 7.41806 8.41929 8.39194 8.44087
3.79380 3.83277 3.83736 3.89623 3.96413 3.86043 3.53547 3.53686 3.58162 3.73998 4.19586 4.25225 4.28613 4.30990 4.35660 4.35487 4.35937 4.36228 4.20110 4.17342 4.15967 4.12781 3.78576 3.58563 3.51756 3.49119 3.48532 3.49144 3.49733 3.50324 3.83681 4.02745 3.91298 3.89440 3.90518 4.15306 4.74240 4.74981 4.62754 4.46435 4.38990 4.16767 4.07577 4.06052 4.05882 4.02794 3.99768 4.36282 4.44185 4.44361 4.44400 4.42818 4.48666 4.57538 5.33985 5.74925 5.99869 5.94374 5.90487 5.90440 5.91947 6.26375 6.70609 6.90657 8.57969 8.76024 8.75330
3.89777 4.04492 4.10821 4.11722 4.11418 4.00793 3.63758 3.52879 3.60727 3.66874 4.15473 4.19823 4.20140 4.20591 4.26390 4.27165 4.26747 4.26457 4.15893 4.08811 4.09133 4.09458 3.86348 3.66417 3.50890 3.50439 3.45567 3.45127 3.44710 3.45001 3.61824 3.97547 4.00378 4.03498 4.06494 4.17434 4.37761 4.16783 4.12615 4.12601 4.21403 4.19599 4.09024 4.06244 4.06034 4.05480 3.98866 4.23707 4.44949 4.44151 4.43355 4.44138 4.57339 4.80375 5.28455 5.90794 5.86618 5.85818 5.94956 5.94956 5.94956 6.16455 6.62694 6.78211 7.93050 8.51048 8.42464
3.99742 4.04367 4.02984 4.01560 4.00440 3.96094 3.65776 3.46670 3.54692 3.58016 4.02507 4.18210 4.21830 4.25323 4.26496 4.23922 4.24665 4.25278 4.20257 4.06952 4.06952 4.06952 3.96535 3.69661 3.45993 3.51799 3.48567 3.52809 3.57047 3.60579 3.64199 4.10363 4.15859 4.19157 4.21188 4.21513 4.28182 4.09919 4.12363 4.17587 4.20864 4.16200 4.01336 3.99327 4.00347 3.98096 3.93299 4.07287 4.46420 4.46420 4.46420 4.46420 4.48401 4.80227 5.04253 5.91027 5.88754 5.83347 5.92418 5.92538 5.91504 6.01268 6.51286 6.78236 7.24620 8.35250 8.19818
4.01810 4.00092 3.98847 3.99994 4.03305 4.06434 3.83228 3.64416 3.70565 3.77425 4.17057 4.43590 4.43573 4.43573 4.38756 4.25261 4.25261 4.25261 4.24886 4.08155 4.06952 4.05380 3.98562 3.80315 3.64107 3.67614 3.59392 3.61904 3.66152 3.70397 3.73593 4.09544 4.26399 4.32128 4.41823 4.54992 4.66152 4.34599 4.33029 4.29989 4.24844 4.06886 3.97340 3.92877 3.97889 3.97889 3.95348 3.94213 4.44772 4.46420 4.46420 4.46420 4.46419 4.70928 4.82606 5.86520 5.89525 5.83059 5.90464 5.95476 5.96341 5.98194 6.47398 6.87199 6.92787 7.73208 7.73958
4.17948 4.20188 4.20991 4.22846 4.22537 4.22413 4.03495 3.78531 3.74169 3.79422 4.06387 4.42823 4.43595 4.43610 4.43112 4.26124 4.25344 4.23950 4.17810 3.99371 3.85499 3.79879 3.78913 3.84381 3.78333 3.77356 3.82877 3.86803 3.93089 4.04925 4.19322 4.56075 4.88102 4.87832 4.91446 4.91580 4.82285 4.41503 4.29071 4.29071 4.28998 4.09214 4.01365 3.91769 3.97702 3.97889 3.97327 3.92507 4.33311 4.47648 4.47417 4.47184 4.46953 4.62042 4.83982 5.69277 5.94814 5.88337 5.90407 5.98469 5.99461 5.99825 6.24510 6.63314 6.67561 7.08020 7.34408
4.25376 4.25139 4.22078 4.21466 4.21089 4.20713 4.09372 3.82142 3.72203 3.79300 3.93819 4.40948 4.44761 4.44315 4.39046 4.16208 4.01433 3.95640 3.95612 3.94752 3.91813 4.02111 4.12404 4.23317 4.31936 4.28560 4.37615 4.39749 4.47860 4.50421 4.50421 4.60401 4.99616 4.91609 4.91217 4.90522 4.87943 4.51518 4.24595 4.23915 4.23123 4.07835 3.95553 3.86710 3.91566 3.89781 3.85199 3.84455 4.11480 4.39974 4.38296 4.36599 4.34917 4.37079 4.69865 5.30047 5.82316 5.80751 5.77226 5.86530 5.86383 5.86035 6.00754 6.39269 6.55148 6.74101 7.31861
4.21837 4.21656 4.19843 4.18795 4.19547 4.20339 4.18021 3.87592 3.76294 3.80359 3.81095 4.24319 4.25813 4.24721 4.28429 4.20072 4.10438 4.20012 4.29334 4.34455 4.28749 4.33999 4.41192 4.47632 4.55186 4.36839 4.42677 4.33168 4.32340 4.31613 4.31007 4.30856 4.75668 4.71883 4.69639 4.69314 4.68989 4.48514 4.12668 4.07318 4.05857 3.93020 3.70332 3.63330 3.62331 3.64356 3.63757 3.67780 3.83933 4.21345 4.22333 4.24645 4.26965 4.29241 4.59884 5.02355 5.77362 5.74322 5.66282 5.72211 5.71329 5.66310 5.68547 6.01436 6.23375 6.22267 6.86805
4.24420 4.25880 4.26483 4.25703 4.26422 4.26108 4.21390 3.88892 3.63454 3.68110 3.85905 4.23060 4.34860 4.41165 4.48044 4.50488 4.28763 4.30292 4.32645 4.34661 4.38636 4.40911 4.39863 4.38443 4.40545 4.31650 4.38946 4.32047 4.29456 4.29129 4.29034 4.30345 4.60987 4.70017 4.65552 4.65004 4.63694 4.46923 4.09097 3.84866 3.79614 3.77302 3.54542 3.52689 3.55060 3.60188 3.60311 3.62780 3.75693 4.20067 4.24975 4.24613 4.24242 4.23873 4.41193 4.62263 5.29532 5.25394 5.17327 5.18671 5.23331 5.23934 5.26082 5.67363 6.02538 6.00689 5.96325
