OMI_NO2_yc_0.0167deg/OMI_NO2_yc_0.0167deg/OMI_NO2_200705.asc
ncols      200
nrows      200
xllcorner       110.913
yllcorner       33.7933
cellsize     0.0166667
NODATA_Value      -999.000
[rows 87 to 115 of 200, columns 67 to 133 of 200]
3.22825 3.21508 3.19167 3.17407 3.10540 2.72831 2.49816 2.49096 2.47393 2.45943 3.54209 4.23117 4.32971 4.46759 4.46816 4.48405 4.50689 5.33942 6.91668 6.60882 6.93510 7.06054 7.07883 7.07286 7.06440 6.96409 6.28775 5.54669 5.53821 5.52768 5.47986 5.16201 5.12618 5.09917 5.08753 4.50374 3.28385 3.43288 3.55272 3.55533 3.54774 3.52453 3.37388 3.48431 3.54826 3.78442 3.74818 3.72566 4.09984 4.23470 4.24580 4.95676 5.11386 5.96161 6.20713 6.20207 6.20395 6.30834 6.57922 6.89831 7.10763 7.22167 7.29523 7.25942 7.20379 6.31929 6.18853
3.15137 3.18472 3.18740 3.17954 3.16514 2.82264 2.49832 2.46952 2.46096 2.48812 3.19066 4.40444 4.44955 4.68061 4.71383 4.72450 4.72829 4.87906 7.22323 6.71870 6.72730 6.81109 6.85875 6.86201 6.86523 6.82749 6.44967 5.34290 5.32554 5.31009 5.30998 5.08687 4.99894 5.00214 5.00536 4.87287 3.23587 3.33669 3.55528 3.64028 3.68751 3.71268 3.54617 3.54154 3.53379 3.65756 3.61305 3.56333 3.79770 4.17451 4.22208 5.15813 5.65448 6.28249 6.90362 7.00972 7.14127 7.18595 7.18032 7.28380 7.35313 7.15920 7.15449 7.14612 7.13773 6.58651 6.16271
3.12731 3.13687 3.09863 3.07087 3.04959 2.83167 2.52147 2.42795 2.42782 2.47402 2.89078 4.41545 4.51515 4.66575 4.74039 4.74039 4.74039 4.74039 6.85557 6.81223 6.81141 6.85464 6.91877 6.89821 6.87744 6.85719 6.67583 5.51138 5.36287 5.36287 5.36287 5.24275 5.05088 5.09504 5.14829 5.20400 3.79473 3.51478 3.57465 3.60695 3.58537 3.63765 3.60449 3.61548 3.70870 3.88364 3.96301 3.96303 4.07008 5.18059 5.33591 5.77964 6.42005 6.59122 7.24172 7.08054 7.09393 7.09478 7.08781 7.20385 7.28435 7.08656 7.02787 7.01979 7.01172 6.75344 6.03729
2.94255 3.01934 3.02007 3.02007 3.02007 2.92196 2.58187 2.42782 2.42782 2.42828 2.67011 4.07947 4.51515 4.58477 4.74039 4.74039 4.74039 4.73860 6.16880 6.86946 6.75072 6.74275 6.85343 6.85522 6.85522 6.85522 6.72840 5.86675 5.39054 5.44468 5.49864 5.53202 5.31414 5.38753 5.46983 5.54909 4.61006 3.91888 3.92607 4.04399 4.07293 4.04802 3.96003 3.78836 3.77694 3.81976 3.87634 3.80769 3.79362 4.97129 5.31647 5.37878 6.38363 6.47061 7.27722 7.15723 7.15129 7.14465 7.13793 7.04986 7.04976 6.94622 6.78012 6.74912 6.72295 6.67962 5.70624
2.91426 3.00575 3.02007 3.02007 3.02007 3.01112 2.66121 2.43142 2.42782 2.42782 2.59513 3.55953 4.50809 4.52123 4.70659 4.69610 4.67246 4.65074 5.38727 6.96368 6.72706 6.73921 6.84136 6.87045 6.92404 7.03535 7.08452 6.65920 5.88214 5.88313 5.88379 5.88463 5.66155 5.50662 5.42799 5.34953 4.86165 3.98817 3.90007 3.84828 3.82589 3.82589 3.82848 3.67530 3.72735 3.82472 4.00186 4.00327 4.05254 4.79549 5.57649 5.57322 6.19972 6.59129 6.94508 6.93254 6.87662 6.87662 6.87662 6.83360 6.81272 6.86053 6.63952 6.64601 6.51034 6.23620 5.22357
2.89198 2.98745 3.02007 3.02007 3.02007 3.02007 2.77485 2.48835 2.42782 2.42813 2.52899 3.15429 4.44380 4.56259 4.61304 4.66391 4.71138 4.81767 5.07715 7.28054 7.01031 7.08728 7.08220 7.06153 7.05228 6.98526 6.88561 6.54716 5.42455 5.41368 5.41368 5.41368 5.29876 5.11179 5.12388 5.15595 5.10351 4.08480 4.04822 4.03416 4.01264 4.06708 4.11618 4.00304 3.99740 4.02324 4.17714 4.13592 4.11766 4.35653 5.58152 5.58152 5.80854 6.59129 6.76514 7.00697 6.89574 6.90417 6.91259 6.90069 6.73581 6.57599 6.08944 5.72335 5.59938 5.68081 5.36843
2.87113 2.96901 3.02007 3.02007 3.02007 3.02011 2.88958 2.58299 2.49475 2.56112 2.65592 3.06266 4.87560 5.30725 5.48793 5.73767 5.90179 6.00716 6.06529 7.10042 6.89967 6.90377 6.88709 6.80187 6.80187 6.80187 6.81190 6.68457 5.73964 5.52529 5.55756 5.58988 5.60128 5.35894 5.37283 5.37309 5.37928 4.48538 4.30128 4.22435 4.17438 4.17776 4.17776 4.08807 3.99393 4.01279 4.15288 4.14861 4.11766 4.12783 5.44740 5.73904 5.70086 6.49444 6.65830 7.09151 6.88322 6.66897 6.47091 6.26732 6.03235 6.19026 6.17754 6.09214 6.15349 6.15590 6.06544
2.85618 2.92739 3.14875 3.18812 3.21468 3.24205 3.24012 3.14679 3.05490 3.08008 3.06000 3.26232 4.86083 5.93618 6.00610 6.08294 6.09360 6.09360 6.09892 6.87574 6.97859 6.98029 7.00703 6.94250 6.95441 6.97937 6.99431 6.92434 6.24705 5.67957 5.68400 5.68845 5.69862 5.52465 5.48615 5.53315 5.57424 4.93950 4.44424 4.33214 4.24356 4.22928 4.23323 4.20066 4.04942 4.13602 4.33389 4.46022 4.47781 4.55763 5.37093 6.07282 6.11811 6.31014 6.54059 6.73663 6.47311 6.49146 6.49772 6.49720 6.40641 6.43936 6.59643 6.45275 6.57189 6.70762 6.86410
2.80044 2.84269 3.17523 3.26482 3.26590 3.26509 3.23603 3.18408 2.98240 2.91402 2.88739 3.05001 4.28254 5.86586 6.13544 6.20687 6.27575 6.30534 6.32961 6.70858 7.27125 7.14724 7.21068 7.15574 7.11691 7.12034 7.12336 7.09030 6.71113 5.85104 5.89258 5.93372 5.96948 5.85677 5.66971 5.66833 5.66694 5.30993 4.52068 4.42804 4.36560 4.39544 4.48272 4.56899 4.52828 4.67608 4.83886 5.00300 4.99193 5.09460 5.52218 6.56450 6.56400 6.27123 6.21874 6.47422 6.55772 6.48797 6.48787 6.48897 6.42892 6.65088 7.40743 7.33677 7.33889 7.33889 7.34022
2.87342 2.87464 3.01803 3.14368 3.03635 2.92405 2.83773 2.75297 2.69609 2.65517 2.61586 2.80667 3.90909 5.74781 6.25992 6.27294 6.34100 6.34104 6.34104 6.38452 7.35987 7.10008 7.19700 7.16645 7.09653 7.13294 7.17585 7.21307 7.10623 5.99670 5.94186 5.94186 5.94186 5.92027 5.64594 5.64955 5.73362 5.76880 4.89570 5.04653 5.12934 5.10920 5.21464 5.32014 5.30191 5.32846 5.31781 5.43870 5.36996 5.39347 5.45334 6.63837 6.74875 6.54963 6.32339 6.40675 6.69298 6.48384 6.44997 6.41657 6.40326 6.35915 7.43751 7.48564 7.51765 7.54708 7.57516
2.36616 2.24256 2.30293 2.62397 2.62233 2.62233 2.62233 2.61919 2.60561 2.60561 2.60561 2.61870 3.44072 5.34378 6.23672 6.25992 6.32494 6.34104 6.34104 6.34104 7.20350 7.11552 7.27247 7.31699 7.25993 7.26130 7.26130 7.26130 7.16866 6.29301 5.94186 6.01570 6.16899 6.32203 6.36018 6.50072 6.68451 6.99353 6.31551 6.32966 6.57923 6.49888 6.69152 6.90143 6.97742 6.40912 5.51722 5.61387 5.53135 5.48041 5.46558 6.18677 6.56070 6.44032 6.04369 6.00440 6.53477 6.54831 6.54905 6.55936 6.56968 6.50269 7.36892 7.64929 7.65309 7.65323 7.65350
2.15773 2.15773 2.16930 2.60343 2.62233 2.62233 2.62233 2.62227 2.60751 2.60561 2.60561 2.60561 3.20018 4.80451 6.01195 6.25992 6.30057 6.38682 6.43577 6.48445 7.17342 7.24285 7.33459 7.36391 7.30052 7.34545 7.44537 7.59103 7.66643 7.34056 7.29145 7.60548 7.79063 7.91545 7.99565 8.05035 8.09900 7.99252 7.56047 7.31792 7.30130 7.07948 6.96548 6.95975 6.93877 6.66329 5.44114 5.52024 5.45192 5.33983 5.29656 5.64067 6.44207 6.45238 6.13741 6.06633 6.41225 6.64701 6.59426 6.59426 6.59426 6.54613 7.09330 7.72324 7.77846 7.83240 7.88459
2.15773 2.15773 2.15773 2.49475 2.62233 2.62233 2.62233 2.62233 2.61248 2.60561 2.60561 2.60561 2.95983 4.29805 5.81506 6.37710 6.42603 6.53391 6.52868 6.49658 6.80008 7.14248 6.97993 6.89784 7.03368 7.33015 7.21593 7.05533 6.88240 6.85558 7.70612 7.59562 7.53432 7.53432 7.52623 7.42336 7.42112 7.41004 7.40480 7.34207 7.39138 7.32001 7.16658 7.20226 7.19690 6.81539 5.62437 5.36643 5.37367 5.27907 5.27907 5.32503 6.41713 6.46204 6.26797 6.06633 6.23624 6.69045 6.65788 6.71045 6.76304 6.79105 7.01924 7.90158 7.90279 7.90558 7.90558
2.15773 2.15773 2.15773 2.37437 2.62233 2.62233 2.62233 2.62233 2.61809 2.63793 2.68678 2.72574 2.81372 3.73926 5.28478 5.87510 5.74703 5.68498 5.62992 5.57685 5.55545 5.83493 5.75255 5.83364 5.90733 6.51092 6.51047 6.49237 6.47114 6.34459 7.32228 7.46218 7.47846 7.49452 7.51015 7.45192 7.43916 7.46517 7.76791 7.67059 7.69462 7.65396 7.14695 7.10022 7.09510 6.83460 5.92822 5.33600 5.39757 5.28099 5.27907 5.27907 6.11771 6.48348 6.44781 6.22468 6.30263 6.92525 6.84710 6.84662 6.85168 7.00289 7.16289 8.44375 8.72981 8.95591 9.17887
2.15773 2.15805 2.16131 2.24339 2.42944 2.41450 2.47681 2.52183 2.56576 2.55516 2.54951 2.55425 2.60873 3.30691 4.27580 5.08296 5.40309 5.50501 5.58458 5.58458 5.55889 5.74738 5.64804 5.72525 5.70363 6.17808 6.26738 6.25454 6.24396 6.44216 7.18872 7.58095 7.58095 7.58095 7.58095 7.54650 7.50722 7.53241 7.77130 7.80919 7.78217 7.78250 7.20626 7.10800 7.11012 6.97563 6.30738 5.33505 5.44103 5.40521 5.42452 5.45475 5.94921 6.65283 6.74817 6.73263 6.88381 7.63675 8.00847 8.20539 8.42732 8.49979 8.43847 9.22769 9.62214 9.73609 9.93567
2.43603 2.51573 2.62132 2.72524 2.64515 2.69360 2.67888 2.67880 2.68369 2.71282 2.77696 2.85677 2.93668 3.41168 4.24392 4.95522 5.45351 5.44733 5.53888 5.53148 5.48826 5.57629 5.53802 5.65092 5.66611 5.98137 6.27405 6.27619 6.27830 6.40497 6.96179 7.63841 7.66298 7.68967 7.71389 7.72544 7.63450 7.63051 7.75275 7.89735 7.82063 7.81564 7.43280 7.13185 7.15270 7.15181 6.70704 5.51193 5.96013 6.20785 6.42748 6.64574 6.95410 8.07381 8.18942 8.07165 7.95972 8.38185 8.93871 8.95971 9.12859 9.30571 9.44578 10.4536 11.9116 12.1368 12.0926
2.89106 2.92264 2.92496 2.92698 2.80760 2.83267 2.92639 3.04149 3.16237 3.16264 3.12092 3.14894 3.17697 3.34375 3.91359 4.66709 5.38146 5.41074 5.48491 5.52438 5.51892 5.53325 5.48814 5.57258 5.61234 5.74460 6.20868 6.20898 6.22753 6.28328 6.67814 7.62749 7.63448 7.63087 7.62984 7.62984 7.55756 7.52922 7.57020 7.85794 7.77755 7.92714 8.07194 7.74083 7.95064 8.15975 8.01958 7.11158 7.19318 7.36055 7.38412 7.40497 7.43138 8.31282 8.68369 8.78006 8.70407 8.97253 9.97482 10.1622 10.3005 10.4345 10.5459 10.9169 12.8027 12.8637 12.6530
3.02682 3.15060 3.27450 3.39829 3.41005 3.32956 3.36166 3.37246 3.37246 3.35448 3.22665 3.22625 3.22625 3.24618 3.67958 4.58760 5.15582 5.41074 5.44426 5.52438 5.52438 5.45252 5.50737 5.50834 5.60410 5.63508 6.20962 6.27786 6.28021 6.28021 6.55483 7.42126 7.62984 7.62984 7.67186 7.83282 7.96818 8.08842 8.26020 8.80082 8.90181 8.98634 9.43441 8.74928 8.70072 8.73302 8.58689 7.80758 7.42127 7.79416 7.89651 7.99883 8.09722 8.74758 9.43328 9.51293 9.36838 9.41616 10.7871 11.2411 11.2931 11.3450 11.3957 11.2464 13.2148 13.5578 13.5268
3.57985 3.57985 3.57985 3.57985 3.54322 3.37246 3.37246 3.37246 3.37246 3.37246 3.25098 3.22625 3.22625 3.22625 3.55313 4.34777 4.89289 5.41074 5.41287 5.51969 5.55734 5.52889 5.56935 5.57069 5.67649 5.67649 6.06185 6.28069 6.36650 6.51786 6.86936 7.71863 8.39782 8.59955 8.75951 8.80037 8.82516 8.78036 8.80552 9.13700 9.32970 9.35990 9.66833 9.59212 9.51258 9.64548 9.60315 8.92984 7.83569 8.27254 8.33308 8.45924 8.59293 8.92043 10.0399 10.1021 10.0108 10.0571 11.6732 12.5743 12.7007 12.8250 12.9471 12.8820 14.1629 14.9490 14.9981
3.57985 3.57985 3.57985 3.57985 3.57892 3.39020 3.37246 3.37246 3.37246 3.37246 3.29201 3.22625 3.22625 3.22625 3.43160 4.07903 4.61781 5.28270 5.26583 5.47295 5.65097 5.62103 5.62640 5.65893 5.82956 5.85661 6.24560 7.05158 7.08255 7.04809 7.09151 7.68619 8.90208 8.89665 8.89119 8.88577 8.88171 8.82440 8.80275 8.97805 9.42439 9.50739 9.60466 9.86943 9.59233 9.54049 9.49948 9.64466 8.43041 8.98596 9.06798 9.07677 9.07677 9.07677 10.0702 10.2392 10.1869 9.99556 11.9999 13.2089 13.2372 13.3519 13.4724 13.4805 14.1749 15.4813 15.4794
3.57985 3.57985 3.57985 3.57985 3.57985 3.44269 3.37246 3.37246 3.37246 3.37246 3.33698 3.22446 3.18802 3.13814 3.17234 3.65094 4.54544 5.12569 5.44739 5.60452 6.00246 6.07474 5.89338 5.60071 5.70500 5.73472 5.81206 6.88744 6.90561 6.90561 6.91859 7.26465 8.80263 8.86848 8.82564 8.77949 8.73334 8.65608 8.56230 8.56915 9.01838 9.11442 9.13299 9.60996 9.53806 9.58077 9.63969 9.90486 8.99526 9.01149 9.07449 9.07677 9.07677 9.07677 9.72968 10.2536 10.3773 10.2715 11.6806 13.6039 13.7827 13.7886 13.7886 13.7470 13.7601 15.5918 15.6816
3.51821 3.57985 3.57985 3.57985 3.57985 3.50216 3.41809 3.46455 3.47447 3.43124 3.36883 3.33783 3.41669 3.49437 3.57463 4.03441 4.75467 5.09839 5.71132 5.74008 6.13731 6.19762 6.04545 5.60640 5.67184 5.72373 5.71414 6.59131 6.86401 6.85297 6.84201 6.91776 8.05887 8.50672 8.50337 8.50337 8.50337 8.49718 8.43177 8.45426 8.91127 9.19579 9.21919 9.56483 9.68044 9.64414 9.64548 9.80984 9.43803 8.89506 9.09899 9.20538 9.37491 9.54471 9.98342 10.9418 10.9683 10.8232 11.6289 13.5853 14.1192 14.2104 14.3014 14.3922 14.2184 15.8479 16.1685
3.67595 4.05555 4.10054 4.14114 4.15355 4.04014 3.44014 3.33291 3.26171 3.24403 3.24403 3.48573 3.59032 3.56273 3.53514 3.78802 4.42208 4.77106 5.69273 5.71807 5.91943 6.10725 5.98351 5.55845 5.54674 5.70156 5.70546 6.25522 6.88815 6.89348 6.89880 6.92422 7.66628 8.60275 8.61368 8.64267 8.67303 8.70326 8.67029 8.65568 8.96380 9.34030 9.38758 9.60434 9.89550 9.85393 9.91486 10.1407 10.4657 9.53811 10.0563 10.2200 10.3563 10.4933 10.6394 11.6629 11.8627 11.8986 12.0619 13.8650 14.6795 14.7323 14.8015 14.8709 14.7722 15.9035 16.8664
3.71540 3.87163 3.80310 3.74082 3.70703 3.68364 3.13806 3.05158 3.03033 3.03543 3.03792 3.16685 3.35746 3.24748 3.22820 3.36298 3.87800 4.40422 5.07278 5.42503 5.49480 5.85748 5.81335 5.50788 5.49492 5.91250 5.91964 6.12718 7.10602 7.11315 7.12567 7.16481 7.49804 8.90862 8.93507 8.94357 8.95070 8.95800 8.93353 8.89353 9.08566 9.57762 9.81328 10.0417 10.6826 10.9317 11.1575 11.2896 11.7528 10.7942 11.1978 11.2295 11.2371 11.2468 11.2565 11.8731 12.2773 12.3456 12.1766 13.8815 15.1720 15.1934 15.2449 15.3167 15.3229 15.8923 17.3483
3.37908 3.61429 3.62737 3.63270 3.62350 3.58931 3.21270 3.03078 3.04361 3.03408 3.02664 3.04733 3.34899 3.17599 3.17555 3.21407 3.64490 4.38974 4.72986 5.42503 5.42503 5.77355 5.85239 5.61934 5.54102 6.00963 6.03891 6.06337 7.11468 7.28421 7.30385 7.30571 7.34677 8.81082 8.99326 8.99326 8.99325 8.98528 9.06396 9.54883 9.91893 10.8804 11.2084 11.3656 11.6884 11.6885 11.6208 11.5929 11.7988 11.1882 11.3021 11.3112 11.3333 11.3611 11.3890 11.8297 12.6863 12.7199 12.6298 13.7252 15.6102 15.8877 15.9525 16.0034 15.9970 15.9300 17.8354
3.45781 3.57256 3.60715 3.59396 3.59396 3.58386 3.34383 3.02614 3.02614 3.02614 3.02614 3.02614 3.29231 3.21616 3.17555 3.17555 3.51508 4.22041 4.43613 5.37430 5.42503 5.62010 5.86380 5.72874 5.57324 5.98652 6.13181 6.13343 6.81796 7.30538 7.30538 7.34592 7.50856 8.65708 9.39808 9.50767 9.59842 9.69502 9.70195 10.2235 10.4045 11.0899 11.3298 11.3305 11.5211 11.6827 11.6544 11.6799 11.8395 11.7279 11.4924 11.6235 11.6286 11.6466 11.7386 11.8903 13.0855 13.2195 13.2152 13.7153 15.4116 16.0227 16.0090 15.9886 15.9682 15.7890 17.3300
3.52530 3.45540 3.59396 3.59396 3.59396 3.59363 3.48039 3.02629 3.02614 3.02614 3.02614 3.02614 3.19088 3.27820 3.17555 3.17555 3.40036 3.99730 4.40130 5.07683 5.44290 5.50436 5.97849 5.89283 5.61448 5.95861 6.29518 6.41137 7.00301 8.21498 8.53228 8.83355 9.05768 9.53188 9.96884 10.0258 10.1017 10.1798 10.2578 10.6360 11.1420 11.6333 11.6407 11.5561 11.6347 11.8663 11.8848 11.9373 12.0409 12.4331 11.8987 12.2735 12.4170 12.5438 12.6005 12.6488 13.4129 13.7164 13.7149 13.6468 14.8124 15.8702 15.8702 15.8713 15.8761 15.7729 16.7504
3.61822 3.37450 3.59396 3.59396 3.59396 3.59396 3.55492 3.09815 3.02614 3.02614 3.02614 3.02614 3.08103 3.33550 3.17617 3.18332 3.30240 3.79989 4.43810 4.87067 5.89416 6.29304 7.08279 7.51361 7.30383 7.72934 8.26694 8.45395 8.59742 10.0114 10.0895 10.0895 10.0945 10.1550 10.4080 10.4213 10.4388 10.4620 10.4914 10.5858 11.2812 11.7070 12.2872 12.1795 12.2503 12.5572 12.5926 12.6913 12.7615 13.1378 12.6274 12.7313 12.7278 12.7278 12.7278 12.7278 13.1397 13.7169 13.7150 13.5690 14.3783 15.8624 15.8905 15.8946 15.8949 15.8372 16.2199
3.67280 3.34448 3.58143 3.59396 3.59396 3.59396 3.57075 3.22868 3.02614 3.03267 3.09302 3.17060 3.26593 3.73735 3.90364 4.13305 4.38210 5.01987 6.97840 7.44518 8.40102 8.40744 8.57230 8.84947 8.12174 8.22372 8.68667 8.70418 8.72176 9.76231 10.2137 10.2420 10.2702 10.3408 10.6013 10.6735 10.6855 10.6919 10.6919 10.6919 11.2408 11.5770 12.5767 12.3194 12.3219 12.5075 12.5982 12.8013 12.8168 13.0338 12.7955 12.7318 12.7282 12.7277 12.7133 12.6883 12.7679 13.6357 13.6251 13.5857 14.0502 15.5965 15.7833 15.7086 15.6339 15.5488 15.3533
