OMI_NO2_yc_0.0167deg/OMI_NO2_yc_0.0167deg/OMI_NO2_200505.asc
ncols      200
nrows      200
xllcorner       110.913
yllcorner       33.7933
cellsize     0.0166667
NODATA_Value      -999.000
[rows 145 to 173 of 200, columns 67 to 133 of 200]
7.30285 7.22603 7.54607 7.42848 7.32421 7.31764 7.31764 7.31764 7.31764 7.31764 7.24217 7.11231 7.50619 9.15390 9.15390 9.18758 9.98481 10.8638 11.0906 11.0906 11.4842 11.5796 11.6036 11.6301 11.6599 11.6897 11.7102 11.7161 11.6670 11.5656 11.4059 11.1092 10.4799 10.2530 10.1088 9.53986 10.8600 11.3205 11.3022 11.5994 11.5994 11.5994 11.5994 11.5994 11.5994 11.5994 11.5994 11.6038 11.7362 12.0534 14.3613 14.1947 16.1057 16.2481 15.9069 16.5852 16.5316 16.4380 16.4380 16.4380 16.5825 16.3579 16.1385 16.5629 17.0676 16.9981 16.8465
6.78209 6.82123 7.16104 7.31764 7.31764 7.31764 7.31764 7.31764 7.31764 7.31764 7.28359 7.11231 7.11486 8.86446 9.15390 9.15340 9.76997 10.4982 11.0455 11.0265 11.3669 11.7244 11.7291 11.6645 11.5572 11.4500 11.3020 11.0427 10.8320 10.6736 10.5731 10.5713 10.2499 10.1716 10.1716 9.67403 10.2149 11.4010 11.1431 11.5971 11.6070 11.6340 11.6610 11.6172 11.4466 11.2746 11.1017 10.9398 11.1563 11.2582 13.1944 13.3075 14.4645 15.7796 15.8030 16.4263 16.6810 16.1808 15.8021 15.4216 15.2387 15.3423 15.3632 15.9376 15.8093 15.8539 15.5396
6.71881 6.82123 7.00283 7.31764 7.31764 7.31764 7.31764 7.32684 7.37129 7.41210 7.44795 7.33003 7.34580 8.12533 9.02030 9.02592 9.49472 10.2342 11.1039 11.0403 11.1186 11.6357 11.5465 11.4065 11.2917 11.1771 11.1032 11.1407 11.1842 11.2279 11.2716 11.3152 11.1468 11.0028 11.0464 10.7892 10.5623 12.1962 11.9157 12.1167 12.0651 11.8658 11.6659 11.5369 11.5346 11.5346 11.5346 11.5346 11.6862 11.8435 12.5394 13.3603 13.7618 15.6190 15.3300 15.2038 15.4342 15.1644 14.8250 14.4726 14.1879 14.2881 13.9820 14.3117 14.3365 14.9076 14.8395
6.56530 6.75746 6.83026 7.28745 7.32160 7.34551 7.36068 7.35773 7.32381 7.29145 7.26016 7.10286 7.03384 7.66772 9.87472 9.77319 9.83817 10.5230 11.3867 11.4170 11.2604 11.7358 11.6913 11.6775 11.6775 11.6775 11.6775 11.6775 11.6775 11.6775 11.6775 11.6775 11.5745 11.2777 11.2777 11.1737 10.6420 11.3959 11.2061 11.2080 11.5346 11.5346 11.5346 11.5346 11.5289 11.4197 11.2713 11.1232 11.0366 10.9896 10.8739 12.3836 12.2659 14.1334 13.9865 13.6422 13.7675 13.3798 13.1798 13.0948 13.0100 13.4271 13.4784 13.5096 13.5053 13.9006 13.7605
6.53528 6.78588 6.83471 7.11397 7.19576 7.16958 7.15091 7.14100 7.07697 6.98467 6.89105 6.72541 6.58154 6.79101 9.15374 9.40052 9.24539 9.95505 10.4778 10.9549 10.9549 11.3651 11.6775 11.6775 11.6775 11.6775 11.6775 11.6775 11.6775 11.6775 11.6775 11.6775 11.6668 11.2947 11.2777 11.2776 10.7349 10.9479 11.2763 11.0181 11.3671 11.2276 11.0794 10.9312 10.7823 10.6072 10.4178 10.1974 9.97718 10.1529 10.0382 11.2975 11.7736 12.2250 12.5135 12.4287 12.6777 12.7449 12.5783 12.7108 12.9480 13.0455 12.6697 12.5782 12.9344 13.4176 13.2635
6.09817 6.42477 6.58651 6.70066 6.85645 6.76507 6.67369 6.58417 6.55440 6.55440 6.55425 6.51527 6.44662 6.41338 8.10855 8.91685 8.91685 9.52621 10.1161 10.9549 10.9549 11.1381 11.6775 11.6775 11.6775 11.6775 11.6775 11.6775 11.6775 11.6775 11.6775 11.6775 11.6775 11.3933 11.2622 11.2019 10.7928 10.4764 11.0858 10.4944 10.5863 10.6010 10.3087 9.99038 9.67692 9.49447 9.36505 9.26588 9.17902 9.22863 9.27676 9.98111 11.3484 11.6057 12.2581 12.3935 12.8065 13.3509 13.3902 13.4627 13.4271 13.3025 12.3053 11.7454 11.3346 11.3546 11.5413
6.02807 6.01017 6.16708 6.17683 6.55167 6.55440 6.55440 6.53103 6.46363 6.39495 6.32655 6.29698 6.29698 6.29698 7.37311 8.89492 8.91685 9.26114 9.88822 10.8457 10.9549 10.9656 11.6229 11.6775 11.6775 11.6775 11.6775 11.6775 11.6775 11.6561 11.5939 11.5307 11.4676 11.2295 10.9067 10.7996 10.5172 9.81664 10.1764 9.84456 9.16413 9.12634 9.09904 9.09904 9.09904 9.09904 9.09904 9.09904 9.09904 9.17270 9.27676 9.54045 11.6418 12.0586 13.0447 13.1398 13.0423 13.3421 13.2405 12.8650 12.4029 11.9519 10.7944 10.4472 10.3774 10.9115 11.5413
6.04096 5.87955 6.10872 6.12312 6.38662 6.41187 6.34331 6.29803 6.29698 6.29698 6.29698 6.29698 6.29698 6.29698 7.00024 8.52121 8.91685 9.00148 9.87647 10.5150 10.9549 10.9549 11.4065 11.6775 11.6492 11.5861 11.5153 11.3746 11.2180 11.0824 10.9878 10.8496 10.6530 10.3182 9.62865 9.41137 9.22283 8.82957 9.20039 9.63075 8.96964 9.09287 9.09904 9.09904 9.09904 9.09904 9.09904 9.31480 9.72280 10.1236 10.5928 10.6391 11.5007 12.0373 12.4486 12.4008 11.9492 11.8266 11.5756 11.6002 11.6002 11.6002 11.1782 10.4304 10.2063 10.1827 11.0744
5.93643 5.81179 5.82888 5.88322 6.06992 6.29698 6.29698 6.29698 6.29698 6.29698 6.29698 6.29698 6.29698 6.29698 6.76699 8.02564 8.91685 8.91685 9.69603 10.0926 10.6626 10.4532 10.5215 10.9838 10.8553 10.7612 10.6172 10.4974 10.3942 10.2500 10.0339 9.86105 9.74667 9.68666 9.23482 9.17979 9.17979 8.94436 8.85139 9.64923 9.16859 9.03932 9.09904 9.31057 9.71780 10.0964 10.3874 10.4144 10.2747 10.1347 10.1378 10.1287 10.4346 10.8571 10.6953 10.9833 10.9826 11.1697 11.4346 11.5228 11.3658 11.1689 10.8924 9.55350 9.47563 9.33412 10.5683
5.72086 5.73275 5.67880 5.87712 5.93678 6.29677 6.29698 6.29698 6.29698 6.29698 6.29568 6.24291 6.14703 6.03289 6.07713 7.25902 8.39026 8.29059 8.45484 8.63907 9.61930 9.61391 9.56458 10.3839 10.3460 10.2405 10.1125 10.0250 9.93727 9.89051 9.91557 9.94197 9.96844 9.99485 9.70586 9.54002 9.56649 9.47623 9.23636 9.75189 9.97059 9.94748 10.2900 10.3205 10.1801 10.0397 9.95545 9.95393 9.95309 9.95279 10.0454 10.1051 10.1052 10.1370 10.1456 10.7999 10.6253 10.4691 10.7533 10.7043 10.7395 10.7453 10.7530 9.82762 9.35463 8.79031 10.2711
5.71843 5.73779 5.63059 5.86149 5.80026 6.04379 6.00086 5.88417 5.76757 5.61103 5.40013 5.23993 5.12329 5.02426 4.96919 6.85634 8.07714 8.58341 8.74736 9.18889 9.60141 9.79535 9.70133 10.2542 10.4458 10.3606 10.3559 10.3559 10.3559 10.3559 10.3559 10.3559 10.3559 10.3559 10.1785 9.84824 9.84824 9.83445 9.48113 10.3241 10.5364 9.83978 9.94372 9.95279 9.95279 9.95279 9.95279 9.95189 9.90779 9.84006 9.82409 9.84344 9.63179 9.48832 9.40922 9.86439 10.0236 10.0139 10.4774 10.6506 10.7819 10.7851 10.7886 10.3052 9.31670 8.83451 9.63872
5.45440 5.40671 5.25335 5.08444 4.99791 5.10699 5.20047 5.10434 5.00832 4.95186 4.95137 4.94703 4.94012 4.93322 4.92631 6.43447 7.68800 8.66071 8.57876 8.99399 9.10026 9.39359 9.38332 9.74567 10.3559 10.3559 10.3559 10.3559 10.3559 10.3559 10.3559 10.3559 10.3559 10.3559 10.3133 9.85144 9.84824 9.84824 9.58611 9.72446 10.4168 9.96790 9.88723 9.88821 9.82044 9.75264 9.68483 9.60528 9.43932 9.26428 9.18433 9.30414 9.42210 9.60145 9.87786 9.98623 9.99237 9.99600 10.3072 10.6346 10.7991 10.8110 10.6873 10.4209 9.36391 9.09028 8.89017
5.26349 5.18136 5.04793 4.74007 4.65270 4.70842 4.94733 4.94043 4.93352 4.92662 4.91976 4.91720 4.91720 4.91527 4.85594 5.79056 7.02174 8.14191 8.23100 8.63194 8.82940 9.36601 9.38332 9.45606 10.3414 10.3559 10.3559 10.3559 10.3559 10.3559 10.3559 10.3559 10.3559 10.3559 10.3559 9.94687 9.84824 9.86495 9.80269 9.63348 10.4414 10.1924 9.49138 9.58281 9.45552 9.39536 9.34343 9.29944 9.39915 9.54286 9.58738 9.83160 9.90462 9.90726 9.98491 10.0093 10.0093 10.0076 10.0011 10.3183 10.2328 10.1036 10.0298 10.0051 9.52214 9.21753 8.31811
5.07071 5.01349 4.97786 4.73868 4.62714 4.62071 4.87851 4.91720 4.91720 4.91720 4.87715 4.79126 4.70529 4.62143 4.59476 5.14664 6.85652 7.67522 8.23100 8.47473 8.80019 9.21205 9.38332 9.38332 10.1097 10.3559 10.3559 10.3559 10.3559 10.3559 10.3559 10.3559 10.3805 10.4654 10.5531 10.3699 10.2210 10.2901 10.2462 9.92688 10.2175 10.6565 9.39825 9.42945 9.52370 9.53483 9.53368 9.53368 9.53368 9.53368 9.53368 9.73284 9.90731 9.90594 9.81709 9.69333 9.49742 9.30324 9.20051 9.70129 9.79957 9.92094 9.89040 9.88199 9.69123 9.25986 8.46723
5.13420 5.03512 5.00756 4.83439 4.62154 4.61743 4.76163 4.81247 4.72654 4.64055 4.59483 4.59476 4.59476 4.59476 4.59476 4.70029 6.79044 7.20059 8.23100 8.31780 8.80019 9.02925 9.38332 9.38332 9.80550 10.3559 10.3559 10.3900 10.4770 10.5648 10.6277 10.6519 10.6509 10.5897 10.5924 10.6246 10.4081 10.3318 10.2711 10.1593 9.80405 10.9966 9.78399 9.50956 9.53368 9.53368 9.53368 9.53368 9.53368 9.53277 9.39775 9.26764 9.31426 9.07850 8.92466 9.07642 9.00717 8.92418 8.90680 9.33007 9.63890 9.86780 9.87738 9.87738 9.85746 9.29462 8.67911
5.17161 5.02674 4.99997 4.84277 4.47311 4.36205 4.36981 4.59476 4.59476 4.59476 4.59476 4.59476 4.59476 4.59476 4.59476 4.59476 6.37626 6.89574 8.06113 8.23117 8.72955 8.85168 9.38956 9.38158 9.48055 10.4838 10.5098 10.4995 10.4360 10.4553 10.5996 10.7995 10.8970 10.8682 10.7487 10.4736 10.1021 10.0910 10.0910 10.0910 9.59807 10.7313 10.2553 9.48927 9.53368 9.53295 9.40149 9.17330 8.94337 8.67320 8.46758 8.36140 8.63189 8.53657 8.56202 8.83831 8.96973 9.00135 9.00964 9.17964 9.64783 9.84024 10.1008 10.3512 10.6070 10.5708 10.2340
5.01179 4.78921 4.67302 4.66027 4.37690 4.29499 4.29802 4.56817 4.59476 4.59476 4.59476 4.59476 4.59476 4.59476 4.59741 4.61029 5.93652 6.94320 7.70770 8.40323 8.54284 8.55330 8.95740 9.07855 9.15124 10.3654 10.8234 11.0441 11.1905 11.0437 10.6788 10.3012 10.0539 9.94649 9.83911 9.73173 9.41941 9.23166 9.12428 9.01690 8.82895 10.1567 10.6960 9.22166 9.04209 8.74325 8.53932 8.42788 8.30666 8.23603 8.24312 8.25061 8.63918 8.94120 8.97683 9.03452 9.19538 9.30369 9.41633 9.57503 10.8619 11.2302 11.3295 11.3348 11.3348 11.2235 10.6422
4.83767 4.74997 4.66106 4.66106 4.48919 4.29499 4.28898 4.45803 4.57559 4.58845 4.60258 4.61660 4.64083 4.68294 4.72260 4.75199 5.35550 6.11178 6.22475 7.35561 7.42634 7.47489 7.67055 7.75088 7.61019 8.02110 8.43284 8.05513 7.77471 7.67796 7.66467 7.66467 7.66467 7.66467 7.66467 7.66467 7.53728 7.37936 7.37936 7.37936 7.38658 9.13867 10.1659 8.60144 8.28704 8.29772 8.29772 8.29772 8.29772 8.29772 8.29796 8.37962 8.73954 9.30012 9.44155 9.61242 9.81207 9.86787 9.90895 9.91523 10.8180 11.3005 11.3336 11.3348 11.3347 11.6025 11.7234
4.58554 4.52794 4.39705 4.38444 4.30143 4.09719 4.12642 4.23248 4.50473 4.53417 4.56243 4.59071 4.60879 4.60929 4.63999 4.69621 4.88199 5.53184 5.50192 6.91776 7.17561 6.85109 6.57935 6.30881 6.10773 6.38502 7.66467 7.66467 7.66467 7.66467 7.66467 7.66467 7.66467 7.66467 7.66467 7.66467 7.61483 7.37936 7.37936 7.37936 7.37936 8.56421 9.88037 9.03378 8.24116 8.30601 8.42146 8.56953 8.71760 8.86567 9.02037 9.14231 9.29179 9.77635 9.85812 9.86572 9.89361 9.91172 9.90687 9.90201 10.3798 11.2758 11.2991 11.3063 11.2999 12.1109 13.2216
4.41921 4.41235 4.34355 4.29738 4.24828 4.00668 3.98251 3.96878 4.57292 4.63892 4.69494 4.75490 4.81934 4.88897 4.91965 4.91965 4.92694 5.69657 5.58971 5.98830 6.20436 6.11573 6.09685 6.09685 6.09685 6.09873 7.46169 7.66467 7.66467 7.66467 7.66467 7.66467 7.66467 7.66467 7.66467 7.66467 7.66390 7.40787 7.37936 7.37936 7.34255 7.93497 9.04533 9.18604 8.83828 9.03576 9.08620 9.14164 9.20677 9.28528 9.36671 9.39897 9.42406 9.75627 9.83308 9.82743 9.83228 9.87621 9.87623 9.87623 9.96141 11.1567 11.0953 11.0319 10.9219 11.2293 13.1755
4.28065 4.23524 4.15433 4.12896 4.11800 3.99872 4.03371 4.07070 4.62016 4.91965 4.91965 4.91965 4.91977 4.93000 4.94666 4.96335 4.97889 5.59273 5.66153 5.69242 6.17712 6.13865 6.09685 6.09685 6.09685 6.09685 6.97373 7.66467 7.66467 7.66467 7.66467 7.66467 7.66467 7.66467 7.66467 7.60757 7.35171 6.89861 6.52054 6.24733 6.01106 6.47191 7.82691 8.97700 9.07151 9.22672 9.45056 9.48347 9.50609 9.51530 9.51530 9.51530 9.51530 9.65786 9.80881 9.82023 9.81658 9.75080 9.58692 9.40072 9.20940 10.2758 10.6551 10.6853 10.6472 10.6297 12.8261
4.16761 4.14527 4.09267 4.01830 4.00259 4.00862 4.12627 4.12929 4.39801 4.92604 4.94257 4.95925 4.97580 4.98225 4.98225 4.98225 4.98225 5.41177 5.71743 5.62914 6.04544 6.16179 6.09685 6.09685 6.09685 6.09685 6.48395 7.66467 7.66467 7.66467 7.58322 7.31714 7.06206 6.91959 6.59039 6.25628 6.22533 6.16354 6.12265 6.14675 6.16901 6.31555 7.81348 8.82229 9.13948 9.21503 9.51460 9.51530 9.51530 9.51530 9.51530 9.51530 9.51060 9.43235 9.40749 9.26491 9.02685 9.04300 9.12729 9.12727 9.11925 9.69476 10.5596 10.5983 10.6238 10.6250 12.3383
4.08100 4.08100 4.07237 4.00272 4.00259 4.00590 4.11596 4.16481 4.22295 4.95975 4.98225 4.98225 4.98225 4.98225 4.98225 4.98225 4.98225 5.23080 5.76694 5.62914 5.85042 6.17958 6.10204 6.09685 6.09685 6.16568 6.34703 7.28336 7.18233 7.05541 7.00415 7.10790 7.19745 7.20125 6.79284 6.15888 6.15267 6.14998 6.17674 6.17488 6.17488 6.17488 7.59586 8.39527 9.11644 9.16681 9.44169 9.51530 9.51107 9.34786 9.08280 8.78712 8.46038 8.37576 8.66463 8.94236 8.94309 8.91706 8.97299 8.84933 8.71425 8.94641 10.6210 10.6233 10.6233 10.5860 11.5353
4.08100 4.08223 4.09573 4.04729 4.05067 4.06405 4.12460 4.19189 4.19189 4.75186 4.98225 4.98225 4.98225 4.98225 4.98225 4.98225 4.98225 5.05035 5.78013 5.90561 6.07156 6.61816 6.75472 6.89880 7.00901 7.06858 7.06120 7.14686 7.19899 7.19899 7.19899 7.19675 7.19179 7.18681 7.03149 6.13845 6.13845 6.12287 6.11275 6.07904 6.03896 5.99879 6.97665 7.58297 8.74850 8.61793 8.44266 8.28875 7.88764 7.71059 7.66412 7.61765 7.57103 7.52355 7.70873 7.87764 7.71743 7.60949 7.74663 7.81745 7.83522 7.85462 9.18008 9.34281 9.45196 9.40337 9.63996
4.12498 4.14044 4.14360 4.10025 4.06519 4.06519 4.08948 4.19189 4.19189 4.50262 4.97982 4.95047 4.88313 4.79123 4.69495 4.59861 4.50174 4.40573 4.94002 5.89227 6.14634 6.42057 6.60275 6.68804 6.65598 6.62384 6.59178 6.60108 6.65922 6.62211 6.58508 6.55029 6.51814 6.48608 6.45137 5.34163 5.15102 5.12643 5.14649 5.16286 5.16286 5.16286 5.69735 6.38065 6.48805 6.44653 6.51887 6.90557 6.90951 6.90951 6.90951 6.90951 6.90951 6.90951 7.10203 7.29011 7.36374 7.43519 7.61638 7.82388 7.81621 7.80703 8.49248 9.11276 9.30883 9.36738 9.36738
4.03632 4.02434 4.01243 3.97156 3.87329 3.79969 3.71496 3.71586 3.62597 3.59906 4.21809 4.15861 4.12908 4.12409 4.12337 4.12287 4.12285 4.12285 4.30321 4.99377 5.61328 5.75561 6.05313 6.20209 6.17884 6.15571 6.13297 6.11723 6.21997 6.20691 6.18909 6.17154 6.15419 6.13710 6.12030 5.43526 4.94806 4.93819 4.93715 4.94970 5.04475 5.16286 5.43847 6.38065 6.38065 6.41777 6.47391 6.79913 6.91213 6.96606 7.03970 7.11341 7.18708 7.25858 7.37139 7.54491 7.53178 7.52270 7.55857 7.78261 7.79815 7.75533 7.99597 8.96829 9.05209 9.16891 9.12992
3.38957 3.22476 3.04861 2.89749 3.29337 3.31058 3.39033 3.50346 3.60562 3.69321 4.03425 4.12285 4.12285 4.12285 4.12285 4.12285 4.08756 4.07362 4.17292 4.52689 5.34787 5.39068 5.65280 5.80136 5.82466 5.82466 5.82466 5.82466 5.90391 5.93977 5.93977 5.93977 5.93977 5.93977 5.93977 5.59608 4.85873 4.85873 4.85982 4.88702 4.96293 5.16286 5.20405 6.35002 6.33027 6.29537 6.69550 6.94805 7.28078 7.29854 7.28647 7.28207 7.28175 7.28252 7.30590 7.37860 7.33375 7.28694 7.24014 7.45312 7.43524 7.42752 7.43719 8.61279 8.76983 9.04954 9.05190
2.80619 2.89507 3.00460 3.11419 3.53836 3.70969 3.71757 3.74886 3.75757 3.75757 3.92038 4.12285 4.12285 4.12285 4.12285 4.12409 4.11945 4.12688 4.20992 4.43473 5.36597 5.43795 5.57934 5.75635 5.82466 5.82466 5.82466 5.82466 5.86807 5.93977 5.93977 5.93977 5.93977 5.93977 5.93977 5.85625 4.86443 4.85873 4.85120 4.83500 4.82401 5.00431 4.95326 5.88364 6.11933 6.12937 6.75810 6.98557 7.28792 7.29363 7.30187 7.30398 7.30315 7.30304 7.30304 7.18383 7.15038 7.15038 7.15038 7.34864 7.43922 7.42747 7.40367 8.15712 8.62551 8.67298 8.48679
3.30428 3.32493 3.35747 3.45621 3.70458 3.92352 3.97693 3.98379 3.75991 3.75757 3.80568 4.12242 4.14372 4.18485 4.22598 4.26584 4.25018 4.19593 4.20134 4.42112 5.09957 5.43795 5.50092 5.71156 5.82466 5.82466 5.82466 5.82466 5.83370 5.93826 5.93977 5.93977 5.93977 5.93076 5.89803 5.86400 4.95766 4.67822 4.62391 4.63350 4.66679 4.80905 4.80005 5.60275 6.40298 6.45531 6.74639 7.05916 7.23105 7.30304 7.30304 7.30304 7.30304 7.30304 7.30304 7.22436 7.15038 7.15038 7.15038 7.14976 7.08152 6.96629 6.94773 7.34443 8.25438 8.08177 7.89713
