OMI_NO2_yc_0.0167deg/OMI_NO2_yc_0.0167deg/OMI_NO2_200608.asc
ncols      200
nrows      200
xllcorner       110.913
yllcorner       33.7933
cellsize     0.0166667
NODATA_Value      -999.000
[rows 145 to 173 of 200, columns 67 to 133 of 200]
10.0944 10.0943 10.5145 11.0764 11.4575 11.5960 11.6620 11.7602 11.9270 12.0937 12.2556 12.3037 12.3037 12.3037 12.3037 12.3037 12.3037 12.3037 12.3747 12.6252 13.2711 13.7325 13.8851 13.9174 13.9174 14.0427 13.7264 12.3464 10.7818 11.4042 11.9991 12.2927 12.5857 12.8787 13.1722 13.3922 12.5415 11.4651 11.2888 11.1130 10.9380 10.8628 10.8628 10.8628 10.8628 10.8628 10.8628 10.8628 10.8628 10.8628 10.8628 10.8451 10.2659 9.64910 10.1541 10.1486 9.94955 9.65290 9.35637 9.06105 8.93879 8.93879 8.93879 8.93879 8.93879 8.72750 8.51035
10.0944 10.0944 10.3339 10.8166 11.5339 11.8314 12.2351 12.3037 12.3037 12.3037 12.3037 12.3037 12.3037 12.3045 12.4614 12.7128 12.9393 13.1442 13.2847 13.2921 13.5874 14.3729 14.9228 15.4836 16.0431 16.4728 16.6407 15.9208 13.1378 12.8993 13.4032 13.4046 13.4046 13.3362 13.2043 13.0722 12.5076 10.8628 10.8628 10.8628 10.8628 10.8628 10.8628 10.8628 10.8628 10.8628 10.8628 10.8628 10.8628 10.8628 10.8628 10.8602 10.3005 9.13543 9.22544 9.03602 8.93879 8.93879 8.93879 8.93879 8.93879 8.93879 8.93879 8.93801 8.58832 7.92817 7.29370
9.80256 9.55070 9.36026 9.97480 11.0648 11.9053 12.3037 12.3037 12.3037 12.3304 12.5554 12.7974 13.0269 13.3522 13.5858 13.7431 13.9004 14.1172 14.5747 15.0574 15.5334 16.9418 16.9721 16.9721 16.9721 16.9721 16.9585 16.2552 14.1335 12.6287 12.9748 13.0760 12.9442 12.8808 12.8808 12.8808 12.8302 10.9540 10.8628 10.8628 10.8628 10.8628 10.8628 10.8628 10.8628 10.8628 10.8628 10.8608 10.8087 10.7348 10.6609 10.5897 10.1463 8.61936 8.58277 8.93879 8.93879 8.93879 8.93879 8.93202 8.52706 7.89102 7.25495 6.61993 6.33304 6.33304 6.51631
9.15064 9.15064 9.15053 9.85519 10.3048 11.8936 12.6347 13.2639 13.6211 13.9311 14.1126 14.2698 14.4165 14.4827 14.7608 15.0861 15.4114 15.6770 15.7024 15.7024 15.7024 16.6800 16.9721 16.9721 16.9721 16.8626 16.5318 15.5845 13.7634 11.2019 11.9270 12.8808 12.8808 12.8808 12.8808 12.8808 12.8808 11.5329 10.8628 10.8628 10.8628 10.8628 10.8628 10.8613 10.8111 10.7372 10.6634 10.5914 10.5696 10.5696 10.5696 10.5696 10.5477 8.92664 8.32772 8.92003 8.46559 7.83005 7.19346 6.56443 6.33292 6.32209 6.30717 6.29203 6.27670 6.26191 6.37462
8.98334 8.81131 8.53727 8.78734 8.81514 10.9152 13.2898 14.4479 14.4479 14.4644 14.7139 15.0392 15.3645 15.6551 15.7024 15.7024 15.7024 15.7024 15.7024 15.7024 15.7024 16.2597 16.5818 16.2460 15.9102 15.6839 15.6777 15.3508 14.0927 11.6592 11.3503 12.8440 12.8581 12.8512 12.8444 12.8375 12.8305 12.0337 10.7775 10.7671 10.7098 10.6269 10.5435 10.4620 10.4293 10.4200 10.4109 10.4018 10.3924 10.3833 10.3742 10.3436 9.80736 8.08067 5.67900 5.82445 5.81526 5.80040 5.78525 5.76987 5.75519 5.75048 5.75048 5.75048 5.75048 5.75048 5.81221
7.88594 7.78415 7.78415 8.12777 8.59729 9.72760 12.7164 15.0338 15.3839 15.7231 15.8219 15.8420 15.8625 15.8834 15.9046 15.9261 15.9481 15.9205 15.6072 15.2438 14.8736 14.9119 16.0596 16.0844 16.1095 16.1352 16.1613 16.1219 14.0450 12.4711 10.9943 12.2215 12.6737 12.6737 12.6737 12.6732 12.6386 12.2708 10.3919 10.3191 10.2935 10.2935 10.2935 10.2935 10.2935 10.2935 10.2935 10.2772 9.76399 9.02030 8.27455 7.55132 7.33532 6.96878 4.82264 5.18330 5.75048 5.75048 5.75048 5.75048 5.75048 5.75048 5.75048 5.75048 5.75048 5.75048 5.75059
7.24366 7.21304 6.99874 6.56265 8.02548 9.08494 13.1025 15.7709 16.2598 16.2598 16.2598 16.2598 16.2598 16.2312 15.8943 15.4744 15.0547 14.6908 14.6418 14.6418 14.6418 14.6637 16.1284 16.2289 16.2289 16.2048 15.9699 15.6834 14.3549 13.4835 11.0007 11.6324 12.6402 12.5849 12.5295 12.4746 12.4539 12.4458 10.5400 10.2935 10.2935 10.2935 10.2935 10.2811 9.78322 9.03924 8.29585 7.56606 7.33532 7.33532 7.33532 7.33532 7.33532 7.32644 5.23627 4.80830 5.74808 5.75048 5.75048 5.75048 5.75048 5.75048 5.75153 5.81198 5.90698 6.00206 6.09686
6.16333 5.63315 5.32110 5.31766 7.25139 8.96224 11.9328 14.7958 16.2598 16.2491 15.9555 15.5356 15.1159 14.7248 14.6418 14.6418 14.6418 14.6418 14.6418 14.6418 14.6418 14.5578 15.3562 15.5855 15.3019 15.0424 14.9938 14.9938 14.3203 13.1580 11.1263 10.7825 11.9454 11.6475 11.2985 10.9498 10.6010 10.2520 10.1478 10.2840 9.80511 9.05847 8.31478 7.58381 7.33532 7.33532 7.33532 7.33532 7.33532 7.33532 7.33532 7.33532 7.33532 7.33532 5.99893 4.65987 5.51906 5.75048 5.75328 5.82097 5.91596 6.01100 6.10495 6.13950 6.13950 6.13950 6.13950
5.32064 5.32064 5.32064 5.32064 5.78004 8.95469 10.4152 13.1613 15.1770 14.7678 14.6418 14.6418 14.6418 14.6418 14.6418 14.6418 14.6396 14.4642 14.1808 13.8973 13.6137 13.4141 14.0480 14.9545 14.5049 13.6916 12.7492 11.6510 10.4355 8.86499 8.36948 8.10594 9.24018 9.77946 9.77946 9.77480 9.42736 8.86960 8.31713 7.59949 7.33532 7.33532 7.33532 7.33532 7.33532 7.33532 7.33532 7.33532 7.33532 7.33532 7.33532 7.33532 7.33532 7.33532 6.77039 4.73938 5.31633 6.01995 6.11223 6.13950 6.13950 6.13950 6.13950 6.13950 6.13950 6.13950 6.13782
5.32064 5.32064 5.32734 5.34790 5.26369 8.35027 9.18846 11.6686 14.1342 14.6418 14.6418 14.6418 14.6087 14.3633 14.0797 13.7962 13.5269 13.4467 13.4785 13.5126 13.4058 12.8348 11.9548 10.1885 9.56207 9.55359 9.55359 9.55359 9.51704 8.20878 8.08073 8.09977 8.53129 8.88379 8.32625 7.77070 7.56082 7.56082 7.54201 7.33577 7.33532 7.33532 7.33532 7.33532 7.33532 7.33532 7.33532 7.33532 7.33532 7.33532 7.33464 7.32374 7.30934 7.29498 7.23878 5.23271 5.16275 6.13012 6.13950 6.13950 6.13950 6.13950 6.13422 5.99640 5.80168 5.60641 5.41337
5.36348 5.38443 5.39870 5.39911 5.34346 7.08309 9.04071 10.9888 13.0934 14.3055 14.0661 13.8087 13.5694 13.5639 13.6051 13.6499 13.5771 12.9654 12.1594 11.1632 10.2630 10.2117 10.2117 9.61918 9.55359 9.55359 9.55359 9.55359 9.53589 8.57664 7.97927 7.98351 7.96864 7.58425 7.56082 7.56082 7.56082 7.56082 7.56082 7.38194 7.33532 7.33532 7.33532 7.33532 7.33532 7.33532 7.33476 7.32406 7.30974 7.29527 7.28160 7.27810 7.27810 7.27810 7.27810 5.80792 5.04889 5.86685 6.12871 5.97730 5.78219 5.58747 5.39763 5.34050 5.34050 5.34050 5.34050
5.39911 5.39792 5.38424 5.36608 5.29237 5.40140 9.46788 10.1946 11.5470 13.6795 13.6800 13.6800 13.6222 13.0681 12.2847 11.3199 10.3285 10.2117 10.2117 10.2117 10.2117 10.2117 10.2117 9.76544 9.54096 9.50126 9.46071 9.42016 9.39730 8.90113 7.92161 7.94928 7.98277 7.71799 7.56082 7.56082 7.56082 7.56082 7.56052 7.44818 7.33335 7.33258 7.33131 7.32011 7.30491 7.28975 7.27515 7.27067 7.26988 7.26911 7.26834 7.26755 7.26677 7.26600 7.26060 6.65404 5.45992 5.70804 5.99104 5.97243 5.99646 6.02021 6.04524 6.06899 6.09302 6.11778 6.14153
5.22076 5.11912 5.03780 4.96322 4.92940 4.46788 8.61511 9.81671 11.0045 12.6786 12.4063 11.4711 10.4202 10.2117 10.2117 10.2117 10.2117 10.2117 10.2117 10.2117 10.1992 10.1420 10.0812 9.78027 9.39810 9.39720 9.39720 9.39720 9.39720 9.20514 8.02930 7.90851 7.96696 7.85071 7.54530 7.54472 7.54414 7.54355 7.54296 7.47919 7.28695 7.27258 7.25863 7.25470 7.25470 7.25470 7.25470 7.25470 7.25470 7.25470 7.25086 7.18981 7.10896 7.02825 6.95218 6.86523 5.85184 5.69296 6.24593 6.25754 6.25754 6.25754 6.25754 6.25754 6.25754 6.25754 6.25754
4.65144 4.62599 4.60059 4.57530 4.55365 4.97242 6.76338 6.56400 6.04823 8.24794 10.2117 10.2117 10.2117 10.2117 10.2117 10.2117 10.2041 10.1508 10.0900 10.0291 9.98100 9.97715 9.97715 9.93017 9.40413 9.39720 9.39720 9.39720 9.36509 9.01714 8.18199 7.89821 7.94781 7.95888 7.58008 7.53558 7.52481 7.51398 7.50353 7.49140 7.26182 7.25470 7.25470 7.25470 7.25470 7.25470 7.25179 7.19224 7.11156 7.03087 6.95400 6.93440 6.93440 6.93440 6.93440 6.90222 6.23654 5.64562 6.08188 6.25754 6.25754 6.25754 6.25754 6.25754 6.25754 6.26675 6.50140
4.39692 4.65817 5.31060 5.87441 6.35861 6.79385 7.15136 4.56666 4.85714 6.97205 10.2098 10.2117 10.2079 10.1596 10.0988 10.0379 9.98473 9.97715 9.97715 9.97715 9.97715 9.97715 9.97715 9.97715 9.38173 8.97198 8.64598 8.32008 8.02618 7.97535 7.92796 7.89821 7.91840 7.93620 7.68185 7.48335 7.45742 7.42962 7.39979 7.36767 7.26989 7.25470 7.25239 7.19490 7.11422 7.03350 6.95573 6.93440 6.93440 6.93440 6.93440 6.93440 6.93440 6.93440 6.93440 6.93192 6.62504 5.64959 5.87044 6.25754 6.25754 6.27584 6.53257 6.86386 7.19502 7.51655 7.61307
6.24207 6.53239 6.53786 6.53786 6.53786 6.65869 7.23288 5.68390 4.37586 6.09706 9.40209 10.0467 9.98975 9.97715 9.97715 9.97715 9.97715 9.97715 9.97715 9.97075 9.65248 9.16366 8.67484 8.18559 7.93003 7.97601 7.97601 7.97150 7.95931 7.94588 7.90257 7.82579 7.79795 7.83715 7.69723 7.25470 7.25470 7.25470 7.25294 7.19753 7.11681 7.03609 6.95756 6.93440 6.93440 6.93440 6.93440 6.93440 6.93440 6.93440 6.93440 6.93440 6.93440 6.93440 6.93440 6.93440 6.80008 5.92378 5.98580 6.87491 7.22634 7.53906 7.61307 7.61307 7.61307 7.61307 7.61307
6.53786 6.53786 6.53786 6.53786 6.53786 6.50383 7.00202 6.24945 3.62833 4.93966 7.99086 9.97715 9.97715 9.97715 9.97715 9.91021 9.47682 8.98779 8.49897 8.01612 7.84536 7.84536 7.84536 7.84536 7.86265 7.88259 7.86042 7.84552 7.84536 7.84536 7.83747 7.78032 7.72865 7.79258 7.81493 7.27753 7.11937 7.03859 6.95967 6.93440 6.93440 6.93440 6.93440 6.93440 6.93440 6.93440 6.93440 6.93440 6.93440 6.93440 6.93440 6.93440 6.93440 6.97486 7.37911 7.87172 8.26563 7.89464 7.00115 7.41511 7.61307 7.61307 7.61307 7.61307 7.61307 7.63041 7.93781
6.53786 6.51219 6.40933 6.30119 6.19315 6.13308 6.54160 6.66126 3.96181 4.01520 6.71955 9.78390 9.30095 8.81191 8.32309 7.90079 7.84536 7.84536 7.84536 7.84536 7.84536 7.84536 7.84536 7.84536 7.84536 7.84536 7.84536 7.84536 7.84536 7.84536 7.84019 7.80231 7.69050 7.70633 7.75862 7.32218 6.93440 6.93440 6.93440 6.93440 6.93440 6.93440 6.93440 6.93440 6.93440 6.93440 6.93440 6.93440 6.93440 6.96958 7.36582 7.85803 8.35044 8.80122 8.88918 8.88918 8.82896 8.54225 7.01770 7.20364 7.61307 7.64320 7.97602 8.38763 8.79890 9.19284 9.29654
6.22067 6.13815 6.13292 6.13292 6.13292 6.13292 6.40969 6.79505 5.32702 3.05850 6.45478 7.82590 7.84536 7.84536 7.84536 7.84536 7.84536 7.84536 7.84536 7.84536 7.84536 7.84536 7.84536 7.84536 7.84536 7.84536 7.84536 7.83569 7.81078 7.78569 7.76298 7.76666 7.64635 7.63495 7.74597 7.60919 6.93440 6.93440 6.93440 6.93440 6.93440 6.93440 6.93440 6.93440 6.93440 6.96431 7.36130 7.89313 8.43013 8.93175 9.07087 9.11547 9.16006 9.20398 9.24857 9.29317 9.29080 8.82559 7.62681 7.31535 8.86738 9.35339 9.43924 9.44657 9.45430 9.46166 9.46917
6.13292 6.13292 6.13781 6.20874 6.31024 6.42627 6.82442 7.70015 7.07378 2.43962 4.86315 7.77559 7.84536 7.84536 7.84536 7.84536 7.84536 7.84536 7.84536 7.84536 7.84536 7.84536 7.84536 7.83854 7.81431 7.78927 7.76417 7.74874 7.74856 7.74856 7.74856 8.35175 8.59587 8.76914 8.64540 8.59960 7.96905 7.87042 7.91434 7.95880 8.00353 8.07326 8.49753 9.03427 9.56983 10.0771 10.2169 10.2203 10.2203 10.2203 10.2203 10.2203 10.2203 10.2267 10.2996 10.3890 10.4765 9.43773 8.66427 7.64509 8.89125 9.58406 9.58406 9.58406 9.58406 9.58406 9.58406
6.25164 6.34512 6.44551 6.45407 6.43191 6.41000 6.49275 7.68208 7.04896 3.22766 3.04720 7.66908 7.84527 7.84536 7.84536 7.84536 7.84536 7.84536 7.84536 7.84095 7.81791 7.79282 7.76772 7.74943 7.74856 7.74856 7.74856 7.74856 7.74856 7.74856 7.74856 8.75394 9.09759 9.62848 9.45499 9.08385 8.69590 8.28738 8.65722 9.15002 9.64185 10.1073 10.2203 10.2203 10.2203 10.2203 10.2203 10.2203 10.2203 10.2260 10.2973 10.3869 10.4766 10.5596 10.5767 10.5767 10.5767 9.70584 9.22114 7.67521 8.22578 9.58406 9.58406 9.58406 9.58406 9.58406 9.58406
6.15138 6.15138 6.15138 6.15138 5.87542 5.25720 4.63963 4.45782 4.22455 3.62655 2.43962 6.37452 7.82458 7.84536 7.84536 7.84285 7.82154 7.79640 7.77131 7.75063 7.74856 7.74856 7.74856 7.74856 7.74856 7.74856 7.74856 7.67230 7.47620 7.27872 7.08124 7.83190 8.54273 9.53191 9.84064 9.93570 10.3429 10.1018 10.2203 10.2203 10.2203 10.2203 10.2203 10.2203 10.2203 10.2254 10.2951 10.3851 10.4744 10.5584 10.5767 10.5767 10.5767 10.5767 10.5767 10.5767 10.5767 9.96012 9.35686 8.12625 7.69129 9.45321 9.58406 9.58406 9.57683 9.50096 9.40811
6.00216 5.41293 4.79520 4.17724 3.83524 3.83431 3.83431 4.06665 4.22455 4.08076 2.44390 4.52489 7.74812 7.80002 7.77494 7.75237 7.74856 7.74856 7.74856 7.74856 7.74856 7.74856 7.74323 7.60404 7.40656 7.20899 7.01151 6.89029 6.88883 6.89145 7.26073 8.16220 9.18674 9.95819 10.4661 10.7751 11.0386 10.4062 10.2203 10.2203 10.2203 10.2245 10.2933 10.3826 10.4724 10.5570 10.5767 10.5767 10.5767 10.5767 10.5767 10.5767 10.5767 10.5767 10.5767 10.5767 10.5767 10.2145 9.35686 8.71272 7.63378 8.74147 9.39886 9.30612 9.22046 9.20353 9.20353
3.86304 3.83431 3.83431 3.83431 3.83431 3.83431 3.83431 3.97873 4.27911 4.37800 3.46816 3.43164 7.43679 7.74843 7.74856 7.74856 7.74856 7.74856 7.71494 7.53440 7.33692 7.13944 6.94715 6.88883 6.88883 6.88883 7.17701 7.71761 8.15294 8.50913 8.63965 8.68903 9.42297 9.68060 10.4661 10.5755 11.0386 10.6968 10.2910 10.3807 10.4704 10.5555 10.5767 10.5767 10.5767 10.5767 10.5767 10.5767 10.5767 10.5767 10.5767 10.5767 10.5438 10.4195 10.5767 10.5767 10.5480 10.2305 8.87903 8.55237 7.30786 7.78775 9.20353 9.20353 9.20353 9.20353 9.20353
3.83431 3.83431 3.83431 3.83431 3.85527 3.91981 3.98586 4.14173 4.59521 4.59521 4.19643 3.18095 6.13029 7.71752 7.66190 7.46476 7.26720 7.06972 6.90585 6.88883 6.88883 6.88883 7.10054 7.64855 8.09658 8.45661 8.52025 8.37849 8.24243 8.11151 7.98632 7.86651 8.52780 8.57069 8.91257 10.0674 10.3754 10.2910 10.5712 10.5767 10.5767 10.5767 10.5767 10.5767 10.5767 10.5767 10.5767 10.5761 10.4637 10.2879 10.1339 9.99841 9.87731 9.72301 10.0575 9.86379 9.65126 9.61978 8.54656 8.39997 7.61574 7.29174 9.03406 9.20353 9.22116 9.34851 9.49481
3.84400 3.90308 3.96906 4.03499 4.08009 4.08142 4.08142 4.09657 4.58358 4.59521 4.52265 3.21393 4.61058 7.15351 6.88917 6.32642 6.12023 6.00540 6.03557 6.45827 6.82305 7.12011 7.26077 7.17398 7.08387 7.00110 6.98061 6.98061 6.98061 6.98061 6.89860 6.73635 7.26359 7.49107 7.60868 9.14956 9.91383 10.2040 10.4741 10.5767 10.5767 10.5767 10.5767 10.5426 10.3719 10.2077 10.0634 9.93611 9.86860 9.71703 9.53625 9.35590 9.19413 9.16801 9.42386 9.59450 9.52993 9.46497 8.66120 8.28776 7.88492 7.20377 8.47119 9.45798 9.56565 9.56273 9.54177
4.07452 4.08142 4.08142 4.08142 4.08142 4.08142 4.08142 4.08142 4.46046 4.59521 4.59521 3.77895 3.32843 7.10867 6.98032 6.22472 6.28337 6.68487 6.96157 6.98061 6.98061 6.98061 6.98061 6.98061 6.98061 6.98061 6.91759 6.74427 6.57153 6.40231 6.31518 6.30599 6.68645 7.11989 7.13060 8.08014 8.97966 9.40201 9.47858 9.57083 9.39477 9.24239 9.10815 8.99835 8.92933 8.73220 8.50175 8.27284 8.06114 7.98270 7.93442 7.88555 7.83639 7.78826 7.73354 7.67489 7.68664 7.76634 7.81967 7.86703 7.89423 6.86626 7.34307 8.99700 8.99700 8.99700 8.99700
4.08142 4.08142 4.08292 4.09773 4.11554 4.13354 4.15136 4.16917 4.44933 4.69975 4.71235 4.79427 5.94068 7.84741 8.22437 7.43486 6.76717 6.75496 6.74286 6.73103 6.71943 6.70801 6.66184 6.52320 6.38178 6.24263 6.15536 6.15360 6.15360 6.15360 6.15360 6.15360 6.17573 6.27702 6.27486 6.71170 7.70347 8.08069 8.17241 8.41860 8.41410 8.26791 8.08756 7.90670 7.74114 7.70934 7.70934 7.70934 7.70934 7.70934 7.70934 7.70934 7.71748 7.77644 7.84507 7.94387 8.02549 8.03633 8.01539 7.95529 7.95529 7.20498 6.83511 8.75800 8.99700 8.99700 8.99700
4.41899 4.43692 4.45327 4.45642 4.45642 4.45642 4.45650 4.46877 4.63361 4.90073 4.92027 5.03801 6.82705 7.27245 8.04513 7.52266 6.65438 6.65438 6.63249 6.51406 6.38426 6.25440 6.15860 6.15360 6.15360 6.15360 6.15360 6.15360 6.15360 6.15360 6.14860 6.13715 6.12719 6.23182 6.22805 6.54606 7.70928 7.77171 7.81271 7.82275 7.74379 7.70934 7.70934 7.70934 7.70934 7.70934 7.70934 7.70934 7.71683 7.77508 7.84326 7.91130 7.97145 7.98042 7.98042 8.01360 8.03633 8.03633 8.03183 7.95596 7.95529 7.59468 6.81987 8.02587 8.97484 8.72417 8.44517
