OMI_NO2_yc_0.0167deg/OMI_NO2_yc_0.0167deg/OMI_NO2_200501.asc
ncols      200
nrows      200
xllcorner       110.913
yllcorner       33.7933
cellsize     0.0166667
NODATA_Value      -999.000
[rows 0 to 28 of 199, columns 67 to 133 of 200]
23.9075 23.7043 21.4762 21.7025 20.3056 16.6504 16.6401 17.9771 18.0117 18.0117 18.0117 18.0117 18.0118 17.7948 14.8884 14.8582 14.8777 14.9056 14.9315 12.9110 12.5436 12.3466 10.7048 10.0577 9.67057 9.28530 9.09663 8.89205 8.65133 8.19625 7.42067 5.59614 5.62387 5.61752 5.60642 5.71911 6.03311 6.31522 6.52248 7.18767 7.63642 7.85390 8.02425 7.96551 7.81383 8.07204 8.04541 8.60994 9.06864 8.70713 8.19736 8.13737 7.80603 7.92908 8.04382 8.00339 8.07677 8.07579 8.06396 8.26058 8.26489 7.54664 7.31774 6.87587 6.96710 7.05920 7.14307
22.3947 22.2913 21.2674 21.2104 20.8380 17.3950 16.7255 17.6027 17.9958 17.9871 17.9787 17.9705 17.9624 17.9524 16.0958 15.4983 15.5061 15.5098 15.3856 14.1060 12.6376 12.1960 10.3098 9.15480 8.99559 8.81599 8.71161 8.55835 8.16550 7.11287 6.59875 6.24171 6.42793 6.65169 6.86602 7.05398 7.16258 7.29895 7.45791 7.67032 7.75629 7.74101 7.74101 7.73040 7.59099 7.80535 7.89780 8.19005 8.81483 8.66046 7.92775 7.93548 8.05041 8.18178 8.79517 8.89624 8.97408 8.89659 8.63020 8.58115 8.56176 7.84120 7.66190 7.02690 6.94537 7.06737 7.26238
22.5185 21.4415 21.0953 20.4870 20.8235 18.2407 16.7560 17.1303 17.9160 17.9160 17.9160 17.9160 17.9160 17.8222 16.5244 14.8188 14.3373 13.8445 13.4097 12.8378 11.3370 11.0648 10.0100 8.44570 8.00489 7.58899 7.38122 7.29202 7.41922 7.11860 7.05144 6.97928 7.13095 7.33932 7.53726 7.67733 7.57193 7.45925 7.45925 7.51572 7.75047 7.81103 7.87819 7.94813 7.93501 8.12520 8.38137 8.66961 9.22076 9.35873 9.13075 9.00945 8.97772 8.52637 8.47612 8.43191 8.32040 8.20165 7.84818 7.75177 7.67217 7.40308 7.35342 7.16025 7.40050 7.51320 7.55509
22.5444 21.6922 21.3772 20.2475 20.8249 19.5013 16.7579 16.7884 17.6490 17.5111 17.3057 16.9752 16.5380 16.1373 15.0235 12.6668 12.2317 11.8234 11.4911 11.1082 9.97307 9.41084 8.77313 6.87764 6.83279 7.41221 7.62779 7.61627 7.70741 7.55068 7.38822 7.52967 7.57637 7.59719 7.61829 7.63919 7.61089 7.46240 7.48412 7.62188 8.04016 8.08855 8.18540 8.34717 8.42372 8.51692 8.79017 8.76881 9.12776 9.06696 8.87631 8.38989 8.24785 7.82469 7.51913 7.58695 7.54150 7.57494 7.68773 7.87907 7.95426 7.82318 7.17711 7.53125 7.61073 7.61578 7.62087
22.3432 21.7142 21.1004 19.5736 19.6943 19.0148 16.2278 15.7062 15.8535 15.7879 15.1972 14.6497 14.2593 13.8842 12.7573 10.7658 10.1082 9.74452 9.38073 9.14675 8.91224 8.56392 8.49289 6.87529 6.62220 7.19710 7.86727 8.04796 8.12718 7.95268 7.35723 7.38203 7.44691 7.43103 7.43103 7.43103 7.44164 7.34969 7.47960 7.66732 8.10977 8.29434 8.29859 8.34772 8.35262 8.18504 8.34967 8.28310 8.47647 8.42516 8.31252 7.77108 7.68204 7.53874 7.29037 7.58131 7.64303 7.61202 7.63375 7.84537 7.87797 7.91054 7.38793 7.46602 7.62799 7.63193 7.66215
19.9689 19.1197 17.8475 17.4747 17.1672 17.1428 14.7568 13.2779 13.2557 13.5146 13.4171 13.2019 12.8060 12.3454 11.1594 9.65250 9.02443 8.93498 8.84277 8.74757 8.62077 8.26728 8.34488 8.05887 7.53062 7.57893 8.21119 8.23013 8.23013 8.17175 7.43245 7.39396 7.48746 7.62569 7.76125 7.89251 8.00702 7.91543 7.82777 7.83356 8.07507 8.02539 7.96002 7.89841 7.87970 7.72103 7.78061 7.77422 7.89593 7.98001 8.03627 7.88202 7.71312 7.80033 7.51773 7.72820 7.80119 7.77433 7.76355 7.99817 7.99817 7.99984 7.70262 7.46141 7.72495 7.77543 7.78768
18.2771 18.0667 16.6661 16.2173 15.5471 15.8152 14.5980 12.5679 12.1368 11.3762 10.4513 9.83185 9.39166 9.01724 8.73189 8.34307 8.35284 8.51435 8.74098 8.95509 9.09656 8.79398 8.57569 8.42880 7.53212 7.53138 8.02615 8.25450 8.34736 8.45873 7.92464 7.89583 7.99468 8.07957 8.05130 7.97932 7.98956 7.92917 7.85582 7.81029 7.87354 7.61905 7.54882 7.48807 7.49748 7.39522 7.52347 7.72349 8.02230 8.50362 8.49121 8.41183 7.91538 7.90343 7.63084 7.62349 7.78265 7.75568 7.72733 8.01706 8.06941 8.10704 8.01292 7.49030 7.67972 7.74479 7.76323
17.0550 16.3940 14.7857 14.0785 12.9235 12.5802 11.6631 9.52771 9.48826 9.10853 8.80342 8.80342 8.80342 8.87952 9.07189 8.82763 9.07259 9.14254 9.14254 9.14254 9.13769 8.98333 8.54193 8.49121 7.50284 7.73750 8.11141 8.57465 8.62213 8.64291 8.26381 8.02995 8.03262 8.13254 8.09518 7.87260 7.81437 7.74881 7.52644 7.40798 7.37821 7.19550 7.06733 7.18625 7.45086 7.69090 7.76132 7.81614 7.86341 8.17783 8.13340 8.11790 7.68291 7.53403 7.38504 7.20931 7.50870 7.51537 7.48595 7.97482 8.06592 8.04383 8.08165 7.73030 7.92865 8.18470 8.30025
13.3964 13.3457 12.6112 12.0180 10.8154 10.7074 10.6163 8.73701 8.22004 8.00845 7.66618 7.79040 7.90999 7.94613 7.83196 7.47440 7.22077 7.06942 6.95191 6.83427 6.71688 6.54353 6.24865 6.16839 6.61479 7.08580 7.39859 8.02902 8.01526 7.97986 7.94907 7.85709 7.98431 7.93731 7.61469 7.36107 7.19316 7.00687 6.84959 7.04887 7.28887 7.59269 7.49578 7.50257 7.54318 7.64410 7.65023 7.71114 7.75375 8.02884 8.07539 8.08119 7.90100 7.56476 7.47948 7.10066 7.31356 7.32996 7.60247 8.14610 8.53343 8.67067 8.74780 8.50426 8.31665 8.44503 8.44107
12.7479 12.1168 11.6082 10.5703 8.95945 8.49547 8.46440 7.66396 7.01820 7.27642 7.00165 6.92011 6.92011 6.92011 6.92011 6.80859 6.59729 6.43649 6.40733 6.38433 6.36247 6.27100 6.06475 5.83338 6.21932 6.75932 7.24229 7.75321 7.96467 7.84797 7.70124 7.34781 7.40119 7.20075 6.81639 6.88305 7.03842 7.24384 7.50826 7.59635 7.59635 7.77254 7.51781 7.51015 7.50331 7.58894 7.56827 7.60729 7.63595 7.83751 7.93829 7.88396 7.80437 7.25732 7.24091 7.07232 7.33292 7.68025 8.08913 8.60297 9.06157 9.06221 9.06293 8.98422 8.49608 8.44977 8.28156
12.9490 11.7379 11.6750 10.6136 9.68631 9.21294 9.21240 8.78088 7.31960 7.31960 7.14343 6.87661 6.81154 6.74677 6.70231 6.64319 6.42250 6.26760 6.20572 6.11474 5.99559 5.88113 5.78283 5.54439 5.80277 6.38899 6.99464 7.09296 7.05789 7.02457 7.03348 7.03421 7.43350 7.71909 7.64910 7.49361 7.42357 7.45261 7.54291 7.70670 7.73569 7.68289 7.34369 7.23497 7.23063 7.33490 7.36230 7.38343 7.40594 7.57120 7.86181 7.93405 8.00644 7.71161 7.49296 7.40285 7.58296 7.94356 8.16600 8.50817 9.02224 8.82174 8.62108 8.42171 7.87882 7.87280 7.84354
13.7642 12.0991 12.1789 11.1498 10.2308 9.27118 8.91379 8.57775 7.18056 6.99942 6.90671 6.57751 6.55003 6.50649 6.42323 6.33050 5.97422 5.67701 5.58672 5.61089 5.68265 5.75298 5.78338 5.65874 5.66481 6.24474 6.72156 7.07952 7.32644 7.57905 7.82600 7.86509 7.97124 8.14955 8.05416 7.79321 7.65017 7.65017 7.66141 7.85458 7.91272 7.89520 7.61385 7.49315 7.55396 7.54918 7.42081 7.52508 7.64850 7.78088 8.07377 8.07994 8.08590 7.95566 7.52578 7.43663 7.51576 7.66356 7.70263 7.96115 8.49439 8.60521 8.69935 8.79493 8.61518 8.26459 8.18023
13.2249 11.1649 10.5669 9.46983 8.36750 7.55175 7.33737 7.28424 6.84799 6.49951 6.36702 6.14244 6.06499 6.04326 6.06949 6.12716 6.02681 5.84394 5.79417 5.82997 5.86854 5.90609 5.92985 5.88707 5.62429 6.13594 7.42682 7.97836 8.02474 8.05157 8.05157 8.02031 7.98786 8.21854 8.20577 7.88324 7.78098 7.84444 7.92847 8.15120 8.22984 8.27289 8.01309 7.79399 7.86960 7.90039 7.65986 7.65328 7.71407 7.76272 8.07418 8.10690 8.04713 7.74644 7.23796 7.15955 7.25124 7.51888 7.83832 8.36416 9.04813 9.22998 9.22998 9.22998 9.14397 8.62729 8.53914
11.4804 10.0665 9.04672 8.57005 7.75410 7.21491 6.96969 6.86880 6.57221 6.09550 6.09808 6.10710 6.20321 6.27350 6.31777 6.33369 6.27907 6.05984 6.09736 6.11389 6.02919 5.90884 5.78065 5.66888 5.45944 5.73648 7.13652 7.91622 8.00040 8.05157 8.06119 8.09079 8.03398 8.33598 8.41839 8.21210 8.04093 8.13140 8.21995 8.40534 8.58950 8.61903 8.37325 8.00931 7.93246 7.93951 7.78630 7.68809 7.77531 7.63634 7.67614 7.51612 7.29658 7.33544 7.38690 7.46816 7.65190 7.81907 8.26391 8.70659 9.42754 10.0024 10.2408 10.4793 10.7081 10.4209 10.1031
11.0897 10.3087 8.75420 8.47654 7.26902 6.65084 6.29143 6.10247 5.93559 6.26153 6.31164 6.32936 6.42396 6.43579 6.43579 6.43579 6.38928 5.98246 5.83352 5.70993 5.65693 5.63963 5.62052 5.58530 5.46569 5.49880 6.39766 7.55645 7.88661 7.99413 8.04297 8.08262 7.98378 8.10905 8.18586 8.13373 8.33544 8.46936 8.48156 8.54013 8.72115 8.75013 8.61165 8.28714 8.10809 7.92696 7.50706 6.90823 6.99093 7.18825 7.66478 7.94756 7.96204 7.97605 7.99098 8.01439 8.24911 8.89836 9.31084 9.78572 10.5612 11.1670 11.1674 11.1751 11.1855 11.0288 10.5488
9.15473 8.45858 7.66463 7.59276 6.55950 6.00562 5.68327 5.59565 5.59681 6.14717 6.33996 6.33898 6.37860 6.31818 6.19297 6.06785 5.98688 5.78371 5.50144 5.46770 5.46310 5.45867 5.45423 5.43372 5.36386 5.29022 5.92117 7.37067 8.04487 8.05799 8.05046 8.01358 8.09491 8.12618 8.23524 8.15225 8.49415 8.76774 8.78510 8.80264 8.98565 8.88880 8.47659 7.77478 7.04896 6.87435 6.87232 6.60739 6.89565 7.23313 7.68489 8.12929 8.12929 8.17431 8.29742 8.39701 8.66715 9.28620 9.53378 9.88438 10.5132 11.2426 11.3056 11.3614 11.4145 11.3715 10.8664
7.87839 7.63891 7.44669 7.33903 6.88111 6.23409 5.67683 5.53224 5.52443 5.76731 6.04902 5.91342 5.82932 5.93324 5.93344 5.93344 5.93344 5.83166 5.49646 5.43234 5.41402 5.32338 5.22407 5.11420 5.03413 5.13338 5.64117 6.72247 7.83770 7.94407 7.90899 7.83065 7.86403 7.79722 8.06588 8.08444 8.37634 8.78753 8.51114 8.15918 7.87265 7.65328 7.64245 7.30666 6.94379 6.87644 6.87644 6.70447 6.75050 7.23574 7.54345 8.21231 8.27719 8.44129 8.63711 8.63420 8.73545 9.20550 9.50352 9.99473 10.5289 11.4039 11.5409 11.7011 11.8752 12.0565 11.7353
7.16241 7.06716 6.87929 6.78815 6.73283 6.36519 5.50098 5.19764 5.04018 5.10380 5.76387 5.77986 5.78050 5.90833 5.93215 5.92958 5.92477 5.83489 5.36666 5.16113 5.07434 5.03658 5.00725 4.97379 4.96228 5.00614 5.40563 6.06936 7.47619 7.86399 7.76647 7.75196 7.84101 7.82581 7.76271 7.47212 7.16956 7.47388 7.51328 7.50724 7.52384 7.56190 7.52091 7.35348 7.09731 6.91179 6.95355 6.93190 6.79373 7.44136 7.61154 8.24050 8.37821 8.40949 8.69745 8.71250 8.73627 9.07824 9.53170 9.96243 10.6398 11.9072 12.2876 12.3197 12.3698 12.4197 12.2815
7.16241 7.12981 6.80236 6.52275 6.35313 6.05845 5.19417 5.04418 4.98439 5.00158 5.66082 5.77391 5.77348 5.78319 5.72191 5.57770 5.41006 5.29050 5.18383 5.02299 5.00065 4.95346 4.87290 4.84960 4.89612 4.92106 5.36790 5.91553 7.26637 8.06730 7.73162 7.22361 6.86832 6.44871 6.42738 6.56657 6.52784 7.04344 7.27022 7.23702 7.25217 7.36937 7.39742 7.46450 7.46830 7.21537 7.24888 7.26990 6.95544 7.44100 7.61646 8.21542 8.45940 8.46022 8.67053 8.78163 8.76582 8.99320 9.57886 9.83494 10.7241 11.8310 12.4617 12.4841 12.4853 12.4872 12.4350
6.50172 6.35866 6.12150 5.89584 5.82818 5.69461 5.28038 5.18572 5.06409 5.00636 5.25213 5.39998 5.25177 5.20780 5.23196 5.17999 5.15794 5.09985 5.07370 4.95266 4.91185 4.93740 4.99793 5.03537 5.13068 5.19439 5.41353 5.70730 6.13840 6.55637 6.36315 6.02989 6.07044 6.13321 6.15491 6.42332 6.42359 6.70643 7.26673 7.33372 7.40198 7.58392 7.64463 7.66163 7.68844 7.33437 7.29561 7.29780 7.08337 7.29543 7.56960 8.03273 8.45973 8.46093 8.56950 8.84449 8.88834 9.14701 9.70236 9.88121 10.6261 11.6112 12.4936 12.4979 12.4990 12.4990 12.4981
6.11871 6.03145 5.85560 5.59938 5.36723 5.18822 4.74025 4.58315 4.53703 4.44742 4.66343 5.19205 5.22584 5.26354 5.17887 5.11345 5.13664 5.21758 5.29129 5.27549 5.25791 5.30172 5.34530 5.38037 5.44324 5.51389 5.57579 5.71378 5.84073 5.99406 6.44841 6.06591 6.03071 6.15865 6.14935 6.46843 6.58838 6.70835 7.47111 7.49346 7.42607 7.43314 7.41693 7.34586 7.29350 7.26418 7.26733 7.27337 7.19367 7.13901 7.62073 7.91313 8.53178 8.55423 8.54760 8.76888 8.75502 8.95056 9.38274 9.70012 10.1567 11.1464 12.3622 12.3870 12.3626 12.3325 12.3012
5.55803 5.55790 5.51372 5.30566 4.93534 4.77024 4.47064 4.49494 4.69173 4.83147 4.99935 5.55872 5.88809 5.98899 5.80162 5.48589 5.48589 5.48589 5.48589 5.47308 5.39991 5.43095 5.46041 5.46775 5.47953 5.53835 5.53784 5.71165 5.76090 5.81287 6.49541 6.30594 6.19869 6.36658 6.32846 6.43151 6.53017 6.48746 6.93233 7.10431 7.10351 7.15402 7.25409 7.25563 7.26680 7.26716 7.25282 7.24100 7.22641 6.94421 7.43225 7.69029 8.03480 8.04361 8.01478 8.15850 8.28602 8.39372 8.75693 9.27700 9.40867 10.4196 11.8027 11.9375 11.9169 11.9014 11.8395
5.52960 5.52707 5.53697 5.56077 5.54147 5.62679 5.50456 5.37947 5.43109 5.47866 5.49097 5.65732 6.09784 6.07950 6.01270 5.50530 5.50008 5.52084 5.54352 5.56834 5.61393 5.63122 5.64826 5.66541 5.68316 5.76458 5.78972 5.92308 5.92855 6.09008 6.58652 6.62702 6.29106 6.22455 6.10295 6.19954 6.43382 6.44273 6.68441 7.10472 7.09846 7.09403 7.20348 7.19989 7.20596 7.22241 7.21709 7.21472 7.21258 7.00107 7.22023 7.63374 7.69248 7.69553 7.69553 7.74638 8.02404 8.03836 8.38706 9.02914 9.07335 9.87326 11.1763 11.4664 11.2942 11.1155 10.9960
6.13614 6.13629 6.13024 6.05755 6.00077 5.97621 5.84418 5.61034 5.65091 5.67981 5.65614 5.67731 6.08515 6.20106 6.24341 5.90964 5.75420 5.75641 5.75641 5.76610 5.88417 5.90061 5.90269 5.93382 5.99352 6.09953 6.18818 6.27970 6.32638 6.21367 6.27562 6.78739 6.45576 6.43077 6.25810 6.30714 6.45506 6.48010 6.53453 7.11672 7.15903 7.17521 7.18595 7.18144 7.18263 7.20746 7.20574 7.20454 7.20454 7.11828 7.10294 7.52229 7.68430 7.73560 7.77113 7.80622 7.83453 7.72582 7.90147 8.36829 8.47278 8.85035 9.96719 10.6415 10.6737 10.6755 10.7113
6.15841 6.26255 5.93204 5.83844 5.78451 5.78451 5.77095 5.55734 5.59316 5.69255 5.73261 5.79097 6.06998 6.29429 6.29429 6.11771 5.75641 5.76679 5.79704 5.82952 5.98105 6.08839 6.14850 6.20177 6.24446 6.31009 6.40038 6.45173 6.52174 6.48034 6.28782 6.91669 6.75056 6.66712 6.47881 6.45623 6.53326 6.57410 6.57410 7.00948 7.20453 7.20453 7.19291 7.18001 7.17609 7.18518 7.17938 7.16911 7.16519 7.19119 7.07447 7.37721 7.56062 7.45816 7.32082 7.17259 7.14319 7.20306 7.38018 7.92932 8.43471 8.62438 9.96883 10.8444 10.9093 10.9567 10.9090
5.95586 6.26255 6.03309 5.85788 5.79175 5.81978 5.84730 5.70669 5.71141 5.75919 5.78016 5.78122 5.92426 6.35285 6.38681 6.40356 5.96107 5.98255 6.02799 6.09181 6.20729 6.33637 6.37744 6.39620 6.40774 6.42890 6.51763 6.47605 6.44360 6.35688 6.10261 6.52084 6.67939 6.58466 6.54719 6.56145 6.60519 6.68207 6.68340 6.91305 7.31668 7.31794 7.31421 7.29879 7.30485 7.33332 7.36119 7.36718 7.37163 7.34405 6.92554 6.84810 7.27276 7.29794 7.31851 7.37841 7.45300 7.62034 7.76023 8.26701 8.96182 8.96152 9.88979 10.8115 10.6375 10.4987 10.4205
5.76699 6.26959 6.20806 5.96174 5.94287 5.92502 5.91931 5.74755 5.51411 5.52349 5.55758 5.56212 5.67130 6.29916 6.43514 6.47720 6.19143 6.03017 6.05597 6.06177 6.09831 6.20834 6.17216 6.13546 6.08803 6.04072 6.14566 6.19218 6.24217 6.09860 5.87334 6.03043 6.54557 6.42906 6.50685 6.64424 6.65343 6.76085 6.76211 6.83014 7.34540 7.40122 7.40618 7.38801 7.38952 7.36187 7.32759 7.31284 7.31577 7.35856 7.21339 6.98659 7.38049 7.60202 7.63360 7.62178 7.61265 7.67817 7.71056 8.00747 8.64481 8.78841 9.33201 10.9229 11.1263 11.2811 11.4352
5.74706 6.17820 6.39088 6.01137 5.98821 5.97676 6.00091 5.94446 5.58163 5.63688 5.68100 5.71227 5.77229 6.20523 6.47068 6.43767 6.23030 5.92844 5.86762 5.82176 5.77040 5.90632 6.12399 6.14479 6.16566 6.17669 6.15353 6.08177 5.96904 5.60421 5.54570 5.61074 6.53664 6.46761 6.45634 6.64424 6.63947 6.70498 6.73228 6.75382 7.15873 7.35370 7.34402 7.30346 7.26912 7.24187 7.20535 7.32255 7.55490 7.54514 7.52868 7.06529 7.24180 7.56576 7.74960 7.89327 8.03347 8.20796 8.44157 8.84533 9.30300 9.58659 9.67341 11.3137 11.5695 11.5434 11.5390
5.82076 6.00088 6.51894 6.18634 6.07658 6.07325 6.07127 6.04816 5.61703 5.55356 5.53664 5.62544 5.68911 5.61937 5.82493 5.71729 5.68163 5.71596 5.72889 5.72966 5.72966 5.82451 6.11015 5.99609 5.85016 5.70897 5.71411 5.82345 5.83557 5.65155 5.58854 5.45128 6.30678 6.43619 6.32708 6.55552 6.56722 6.64737 6.71034 6.73226 6.94782 7.21776 7.19535 7.17886 7.15660 7.14734 7.13236 7.16119 7.50803 7.51632 7.52107 7.23362 7.04693 7.62756 8.49119 8.48121 8.46926 8.45507 8.53641 8.73207 8.96423 9.40304 9.39903 10.6631 11.6303 11.7407 11.8739
