OMI_NO2_yc_0.0167deg/OMI_NO2_yc_0.0167deg/OMI_NO2_200605.asc
ncols      200
nrows      200
xllcorner       110.913
yllcorner       33.7933
cellsize     0.0166667
NODATA_Value      -999.000
[rows 58 to 86 of 187, columns 0 to 66 of 200]
2.77521 2.77639 2.77123 2.42046 2.40526 2.27623 2.26384 2.25866 2.13755 2.13269 2.40984 2.52248 2.56475 2.63339 2.70197 2.96898 3.39042 3.39042 3.41555 3.64896 3.64784 3.64547 3.64311 3.64075 3.63838 3.93962 4.31077 4.58448 5.04566 5.27070 5.80646 6.38828 6.63029 6.79399 6.93876 7.07099 7.22078 7.23607 7.39604 7.42394 7.42903 7.32527 7.34478 7.38093 7.41623 7.43221 7.40512 7.12365 7.15794 7.15494 7.14610 7.00343 6.95151 6.41992 6.14910 5.91368 5.92997 5.60132 5.12486 5.09780 5.07072 5.04385 4.88793 4.82433 4.60400 4.47336 4.17118
2.77639 2.77639 2.77639 2.48309 2.40526 2.28827 2.23553 2.23139 2.17066 2.20898 2.43449 2.70300 2.74226 2.73952 2.73675 2.78677 3.34179 3.34124 3.33944 3.56448 3.61781 3.68226 3.76471 3.84358 4.03598 4.78066 5.49622 5.75920 6.35151 6.41719 6.75776 7.30550 7.33610 7.36548 7.41242 7.37832 7.26634 7.29337 7.41443 7.53120 7.56072 7.49824 7.44037 7.44037 7.44037 7.44037 7.44037 7.18395 7.13714 7.16827 7.15628 7.06746 6.98538 6.67579 6.36306 6.03493 6.00104 5.73811 5.03964 5.03346 5.03346 5.03346 4.96434 4.82433 4.73155 4.45692 4.32886
2.77639 2.77639 2.77639 2.56028 2.40526 2.29814 2.18733 2.18733 2.23424 2.37603 2.41481 2.67694 2.71945 2.70337 2.68788 2.67672 3.15656 3.25590 3.26147 3.75162 4.21713 4.25739 4.32668 4.40318 4.49492 5.25175 5.86920 5.89648 6.40786 6.44832 6.66239 7.23841 7.33610 7.34646 7.41550 7.39317 7.30393 7.39618 7.42248 7.57542 7.57589 7.53983 7.44038 7.44076 7.44071 7.43336 7.42417 7.27824 7.15681 7.19705 7.17386 7.09651 6.94182 6.74992 6.27773 6.02749 5.98789 5.86033 5.22220 5.05623 5.02686 4.98770 4.94228 4.70159 4.61317 4.24783 4.17129
2.77639 2.77639 2.77639 2.65160 2.38892 2.32449 2.16400 2.15657 2.14962 2.29138 2.33939 2.56589 2.71413 2.75355 2.79116 2.82434 3.09730 3.30917 3.38231 3.71146 4.47263 4.51923 4.52658 4.52660 4.52660 5.03135 5.75206 5.89398 6.28380 6.44847 6.49915 7.13433 7.34471 7.34729 7.41414 7.40701 7.31667 7.35778 7.37700 7.49618 7.51861 7.49556 7.36422 7.34009 7.32358 7.31394 7.30392 7.22540 7.02153 7.01998 6.98740 6.97210 6.80919 6.77076 6.14149 5.94724 5.79640 5.63247 5.13587 4.79888 4.83658 4.88656 4.93658 4.62131 4.38485 4.18746 4.01416
2.77639 2.77639 2.77639 2.53756 2.28389 2.31428 2.20868 2.23535 2.30535 2.52407 2.59518 2.66023 2.82053 2.84978 2.91562 2.99217 3.22036 3.58593 3.58936 3.62059 4.49452 4.52660 4.52660 4.52660 4.52660 4.79843 5.64371 5.94198 6.22586 6.53733 6.57480 7.16314 7.43681 7.43950 7.48526 7.46369 7.20194 7.08699 7.20576 7.27650 7.38366 7.38819 7.30920 7.25025 7.22993 7.20963 7.19179 7.18106 6.92831 6.88434 6.68544 6.59155 6.37478 6.28738 5.74541 5.51903 5.45011 5.47691 5.22320 4.82087 4.82338 4.81712 4.79461 4.63601 4.17796 4.09486 3.78031
2.82739 2.85716 2.88281 2.77081 2.49789 2.46490 2.34794 2.30951 2.30440 2.48030 2.61517 2.69788 2.97642 3.15262 3.18742 3.21147 3.27482 3.77338 3.81173 3.84759 4.56628 4.85661 4.89335 4.94133 5.12729 5.38683 6.35702 6.72930 7.00655 7.52843 7.64671 7.85824 7.54085 7.43442 7.46162 7.49919 7.20903 7.03604 7.19490 7.22399 7.33867 7.31933 7.23679 7.11526 7.07655 7.02537 6.97135 6.92034 6.72070 6.61507 6.50136 6.43301 6.34054 6.29430 5.99321 5.66850 5.49241 5.47163 5.24927 4.70352 4.61041 4.59330 4.59246 4.59009 4.09714 4.02260 3.73988
2.92507 2.92551 2.93583 2.89032 2.73555 2.82353 2.75710 2.76504 2.87979 3.09953 3.20929 3.23033 3.33884 3.53784 3.53786 3.53786 3.53924 4.17149 4.47887 4.68197 5.33527 6.03606 6.25090 6.44308 6.52623 6.38069 6.79082 7.17072 7.19042 7.65432 7.66418 7.71019 7.73539 7.43442 7.44451 7.51057 7.29214 7.05664 7.10079 7.12770 7.06953 7.01105 7.01061 6.86868 6.82553 6.79296 6.76267 6.73356 6.62802 6.46684 6.40697 6.31487 6.28478 6.26942 6.12549 5.71486 5.56833 5.55621 5.45293 5.03364 4.81365 4.82631 4.83898 4.85164 4.57126 4.23239 4.05355
3.01619 3.00188 2.98764 3.09800 3.06778 3.29429 3.27761 3.09350 3.09350 3.14900 3.26434 3.28013 3.33159 3.58023 3.67056 3.79798 4.36380 5.46234 5.74011 5.79959 5.95716 6.56625 6.56625 6.56625 6.57136 6.48844 6.59118 7.18294 7.22645 7.55018 7.59728 7.54656 7.67982 7.25016 7.19761 7.20843 7.01694 6.73318 6.56586 6.66089 6.61231 6.56783 6.59186 6.51655 6.49553 6.52892 6.56358 6.59750 6.56629 6.26660 6.20839 6.03634 6.06791 6.25605 6.24791 5.87770 5.74489 5.67762 5.62052 5.30839 4.91204 4.85406 4.75223 4.65049 4.46750 3.95270 3.95156
3.19001 3.32003 3.42626 3.45195 3.30451 3.41602 3.43724 3.25578 3.29806 3.45802 3.74972 3.81030 3.91720 4.17497 4.33117 4.34413 4.47022 5.62302 5.96191 5.97298 5.98792 6.67912 6.75608 6.76721 6.77126 6.75062 6.56802 7.08963 7.11672 7.14148 7.15838 7.13699 7.27254 6.85758 6.80674 6.82499 6.75795 6.45947 6.15175 6.37717 6.41325 6.46758 6.55906 6.61118 6.56120 6.56120 6.56120 6.56120 6.56120 6.29029 6.22235 6.03158 6.01753 6.20782 6.19717 5.86997 5.63580 5.43230 5.30944 5.19554 4.59635 4.52155 4.52155 4.52155 4.52155 4.07621 3.95168
3.44911 3.62386 3.67555 3.70696 3.60427 3.54672 3.56791 3.57388 3.57685 3.96987 4.27409 4.24925 4.20490 4.27162 4.43892 4.43927 4.44982 5.39772 6.06346 6.09214 6.12387 6.50564 6.68326 6.67825 6.68958 6.70773 6.52279 6.76585 6.93866 6.96061 7.03618 7.03618 7.08500 7.00848 6.80139 6.80139 6.80314 6.49955 6.26764 6.42405 6.59490 6.59585 6.60421 6.66788 6.56136 6.56120 6.55413 6.53840 6.50473 6.28333 6.11616 5.90570 5.84779 6.00488 5.97670 5.67423 5.29583 5.06563 5.06664 5.06803 4.71101 4.53014 4.53081 4.50919 4.47739 4.20764 3.84568
3.47748 3.64363 3.71153 3.71124 3.68990 3.53285 3.57400 3.57897 3.59566 3.81630 4.28540 4.35857 4.28233 4.31366 4.54439 4.60067 4.62184 5.20980 6.15759 6.24376 6.24768 6.41868 6.69428 6.70158 6.69449 6.68389 6.57460 6.58647 6.91118 6.92447 7.03620 7.03618 7.03800 7.12664 6.84441 6.86704 6.88452 6.64040 6.39078 6.30379 6.59507 6.57359 6.52665 6.51484 6.34015 6.23677 6.16530 6.10517 6.06671 6.04771 5.95364 5.71114 5.52288 5.57656 5.70006 5.61579 5.25080 5.04539 4.90089 4.75368 4.55582 4.46547 4.42316 4.36466 4.31504 4.23766 3.91738
3.49856 3.58427 3.71124 3.71124 3.71124 3.65488 3.71594 3.72604 3.71013 3.73162 4.29264 4.52471 4.43746 4.42509 4.56275 4.65730 4.64543 4.90214 6.04022 6.24930 6.25273 6.30007 6.68334 6.68381 6.68381 6.68381 6.65434 6.46368 6.89678 6.92450 7.04949 7.07874 7.09092 7.20437 6.81996 6.76650 6.71194 6.51462 6.23378 5.87901 6.19464 6.21591 6.21752 6.21881 6.14057 6.05770 5.97386 5.87303 5.77215 5.68886 5.68033 5.57600 5.44674 5.39639 5.44203 5.30066 4.75491 4.52018 4.44036 4.39464 4.35261 4.42872 4.39093 4.38960 4.38960 4.39052 4.16539
3.52561 3.51771 3.70461 3.69192 3.67679 3.64068 3.68473 3.67335 3.66419 3.66417 4.09436 4.45737 4.41491 4.28110 4.30812 4.64585 4.66508 4.68223 5.85740 6.25410 6.25709 6.26017 6.62595 6.69771 6.70069 6.71115 6.73438 6.53965 6.80619 6.84506 6.90169 6.92221 6.89891 6.92989 6.60926 6.45228 6.45327 6.39387 6.16373 5.82977 6.02018 6.23192 6.19177 6.05476 5.92016 5.65862 5.56408 5.48514 5.38178 5.26961 5.15888 5.08494 4.88381 4.84059 5.07261 5.01838 4.65974 4.39938 4.25807 4.25763 4.26112 4.37544 4.41462 4.41812 4.42161 4.42419 4.31637
3.51168 3.41334 3.58389 3.62928 3.62928 3.61136 3.73308 3.71621 3.66938 3.62188 3.79679 4.25518 4.38764 4.28995 4.31359 4.82292 4.89950 4.91355 5.65910 6.35562 6.35107 6.33358 6.57743 6.80303 6.87656 6.94274 6.99608 6.77019 6.61084 6.74321 6.79584 6.86821 6.86821 6.86821 6.77120 6.45425 6.45425 6.44993 6.17091 5.87501 5.72656 6.01994 5.92584 5.55470 5.45242 5.15911 5.08268 5.01159 4.96491 4.92641 4.88494 4.80271 4.57833 4.38065 4.48124 4.47130 4.44002 4.37168 4.22564 4.21915 4.21267 4.27267 4.34616 4.33967 4.33317 4.32667 4.31074
3.55554 3.45101 3.50349 3.54383 3.47277 3.39602 3.56851 3.63971 3.60320 3.58178 3.63873 4.22234 4.47462 4.38932 4.37280 4.71252 4.98843 5.03072 5.45490 6.36779 6.50326 6.59424 6.80168 7.13474 7.13474 7.13474 7.13474 7.01514 6.51921 6.74321 6.77383 6.86992 6.87095 6.85872 6.79790 6.30415 6.22545 6.14640 5.84608 5.52451 5.14652 5.41744 5.44353 5.17378 5.04040 4.84537 4.71735 4.68093 4.62447 4.56797 4.51440 4.50161 4.43092 4.27601 4.31034 4.33690 4.32936 4.28240 4.12624 4.11403 4.11403 4.13628 4.26053 4.26055 4.26224 4.26487 4.26750
3.21417 3.08032 3.09050 3.27228 3.22363 3.17973 3.37874 3.59457 3.62439 3.65038 3.67780 4.17968 4.65687 4.77707 4.77354 4.99642 5.55678 5.64762 5.73065 6.66082 6.82386 6.83705 6.87315 7.28701 7.30810 7.32127 7.33453 7.34860 6.81185 6.90019 6.85174 6.66709 6.59337 6.55455 6.60358 6.06049 5.98588 5.90809 5.75223 5.52094 4.86632 5.04616 5.30492 5.17069 4.89946 4.76438 4.52188 4.50161 4.50161 4.50161 4.50161 4.50161 4.45750 4.31458 4.29537 4.33690 4.33690 4.28994 4.16621 4.11403 4.11531 4.11795 4.24506 4.26968 4.27064 4.27064 4.27064
2.93240 2.87531 2.85237 3.24883 3.34259 3.38373 3.52069 3.83078 3.90216 4.12176 4.15482 4.51803 5.02957 5.06527 5.23408 5.25586 5.73455 5.82141 5.82267 6.54942 6.95785 6.96793 6.98944 7.30806 7.41029 7.42685 7.44299 7.44798 7.11157 6.76307 6.72374 6.66203 6.65660 6.66727 6.66727 6.24484 5.99684 5.92538 5.82318 5.60802 5.01887 4.95510 5.10885 5.07417 4.78612 4.75595 4.51307 4.50161 4.50161 4.50161 4.50161 4.50161 4.47961 4.35761 4.28040 4.33690 4.33780 4.30746 4.21332 4.12279 4.12477 4.12859 4.21306 4.28365 4.28793 4.29212 4.26210
2.82816 2.88743 2.95577 3.37739 3.63738 3.69030 3.72276 3.93231 3.88468 4.03743 4.01466 4.14303 4.85631 5.06793 5.20595 5.31736 5.59181 5.88271 5.97736 6.43525 7.10674 7.12753 7.13632 7.28932 7.45220 7.46051 7.46900 7.48618 7.35658 6.87343 6.78066 6.72264 6.66727 6.66727 6.66727 6.43436 6.02255 6.00659 5.96984 5.71893 5.28487 4.97402 5.04768 5.08331 4.89447 4.76464 4.58460 4.49848 4.49319 4.48785 4.48256 4.47722 4.46983 4.36688 4.23997 4.29503 4.29602 4.27180 4.21996 4.18267 4.19859 4.20280 4.19855 4.10647 4.03224 3.94729 3.87844
3.39635 3.46947 3.44140 3.55399 3.73575 3.63885 3.55586 3.87529 3.97479 4.12019 4.18450 4.18896 4.79121 5.16434 5.26032 5.45701 5.54625 5.98598 6.02667 6.26807 7.11129 7.17150 7.17983 7.25980 7.50059 7.50059 7.50059 7.50059 7.49007 6.95154 6.78527 6.74893 6.68405 6.70737 6.73513 6.70527 6.12251 6.11548 6.05326 5.78376 5.44198 4.93161 4.95966 5.03027 4.95873 4.71764 4.62385 4.46972 4.48154 4.49517 4.50912 4.52321 4.53661 4.35158 4.19919 4.22930 4.24407 4.22377 4.15988 4.11113 4.08207 4.05581 4.01907 3.76102 3.70934 3.68574 3.68027
3.13018 3.18293 3.06675 3.03989 3.38797 3.39886 3.39563 3.75341 3.99439 4.08233 4.17657 4.17567 4.55571 5.10482 5.28088 5.49854 5.63770 5.99480 6.05791 6.16788 6.98955 7.19062 7.19599 7.21032 7.51089 7.54337 7.55812 7.57302 7.59779 7.26819 7.03949 7.06273 7.01806 7.07082 7.11987 7.16333 6.53414 6.37796 6.33385 6.08957 5.79511 5.12717 5.13088 5.24023 5.25655 4.99004 4.91946 4.68390 4.69478 4.72515 4.75578 4.78660 4.81792 4.58685 4.28960 4.09696 4.12045 4.11603 4.04540 3.97962 3.93184 3.90019 3.88921 3.72219 3.62520 3.61549 3.60578
2.76147 3.02702 3.01462 3.00946 3.28345 3.38098 3.38075 3.57812 3.94280 3.98957 4.16795 4.21287 4.45641 5.27214 5.65901 5.84781 6.01275 6.09842 6.16233 6.28468 6.88888 7.37261 7.38169 7.38832 7.65637 7.81868 7.88949 7.97850 8.05709 7.90504 7.48740 7.41958 7.32533 7.30619 7.30619 7.30619 6.86024 6.44467 6.40959 6.26744 5.88034 5.32378 5.19927 5.30287 5.39026 5.19709 4.98619 4.88077 4.86738 4.86836 4.87101 4.87566 4.88012 4.72546 4.36764 4.04809 4.06469 4.04439 3.94305 3.83698 3.81415 3.81046 3.80678 3.71933 3.55482 3.55114 3.54746
2.62602 3.00640 3.04987 3.10444 3.29487 3.55649 3.62596 3.72026 4.11035 4.25867 4.53086 4.62168 4.67410 5.38894 5.83309 5.87792 6.09156 6.16685 6.33496 6.47868 6.85704 7.60079 7.69082 7.77809 7.97889 8.20902 8.22728 8.22739 8.22739 8.18886 7.53286 7.42079 7.35107 7.30619 7.30619 7.30619 7.09464 6.45501 6.46542 6.45824 6.01160 5.62770 5.28760 5.30800 5.39360 5.33763 4.96131 4.89360 4.81905 4.81570 4.79031 4.75413 4.71798 4.63246 4.19804 3.95175 3.96192 3.95929 3.89833 3.75701 3.73015 3.73015 3.73015 3.71514 3.49039 3.48557 3.48521
2.63191 3.03547 3.25600 3.46195 3.55891 3.90601 3.99925 4.09220 4.43602 4.51507 4.65024 4.75214 4.82627 5.37044 6.02166 6.25813 6.52606 6.68242 6.85476 6.94958 7.12190 7.82887 7.88003 7.87878 7.92922 8.21728 8.21601 8.21476 8.21351 8.21225 7.70670 7.44529 7.33338 7.20050 7.20816 7.21605 7.20722 6.38212 6.30573 6.25852 5.85241 5.59152 5.21700 5.21703 5.30776 5.32617 4.98500 4.82767 4.68546 4.65713 4.64873 4.64873 4.64873 4.64873 4.22874 4.03973 3.93556 3.95698 3.95369 3.83197 3.85868 3.91789 3.97543 3.82186 3.52052 3.43871 3.42066
2.93902 3.22242 3.52751 3.82404 3.94302 4.32169 4.48110 4.57173 4.82554 5.07902 5.22746 5.30773 5.38529 5.64662 6.27830 6.59800 6.69222 6.82523 6.90682 6.95315 7.07912 7.62397 7.86326 7.86138 7.86241 8.13242 8.18289 8.20466 8.22647 8.24902 8.00024 7.46824 7.26824 7.11741 7.12554 7.13336 7.13971 6.50346 6.19363 6.22924 5.97193 5.70493 5.23675 5.21781 5.23663 5.22620 5.04793 4.78352 4.66794 4.64873 4.64873 4.64873 4.65436 4.69456 4.43733 4.30834 4.14244 4.23536 4.27864 4.14489 4.06751 4.04369 4.02734 3.88864 3.55168 3.41497 3.41720
3.76621 3.91629 4.05804 4.15550 4.21846 4.70124 5.08350 5.16237 5.31496 5.61021 5.63544 5.64354 5.69545 5.74983 6.27681 6.69010 6.72545 6.89891 6.96809 7.08998 7.11198 7.47551 7.97924 8.02930 8.07664 8.17449 8.23295 8.27106 8.31024 8.34865 8.29321 7.64927 7.34922 7.15673 7.13971 7.13971 7.13971 6.77206 6.19320 6.22037 6.09938 5.72067 5.35779 5.21924 5.21868 5.21409 5.19005 4.82047 4.84558 4.92595 5.05453 5.17429 5.28051 5.22907 4.70316 4.45953 4.25427 4.22587 4.20568 4.10345 4.02930 4.04472 4.04707 4.00843 3.64520 3.59465 3.68319
4.07009 4.19335 4.47501 4.62409 4.69982 4.88788 5.40493 5.48674 5.58150 5.87893 5.91004 5.88090 5.89071 5.89987 6.29757 6.81447 6.97199 7.11510 7.23804 7.40828 7.36153 7.43607 8.12341 8.16222 8.20144 8.27913 8.37717 8.37830 8.37830 8.37830 8.37830 7.83713 7.40309 7.20404 7.13974 7.14011 7.14059 7.03853 6.18154 6.20177 6.19057 5.77022 5.61756 5.44095 5.52577 5.60407 5.68215 5.53741 5.53486 5.45046 5.44700 5.43987 5.42360 5.38071 4.71037 4.31905 4.19814 4.09824 4.05082 3.99127 3.88530 3.92853 3.93321 3.94742 3.67024 3.69701 3.68751
4.55904 4.60904 4.87889 5.02322 5.11452 5.21258 5.82867 5.86885 5.87616 5.99652 6.08740 6.10716 6.16125 6.22370 6.43834 6.91859 7.11408 7.15534 7.30943 7.38833 7.47948 7.46119 8.15936 8.26622 8.26622 8.27540 8.37575 8.36715 8.35699 8.34749 8.35046 8.01206 7.44547 7.17379 7.03861 7.00512 6.97151 6.93791 6.42299 6.43836 6.55231 6.29468 6.12076 5.75925 5.75726 5.75359 5.74862 5.63205 5.48468 5.38558 5.36152 5.34058 5.30390 5.26646 4.77892 4.02299 3.95389 3.90985 3.96852 3.98302 3.82220 3.84397 3.82048 3.79914 3.62267 3.51899 3.62728
5.02414 5.03282 5.19691 5.31917 5.36526 5.43451 5.90137 6.14530 6.20051 6.24927 6.30337 6.28299 6.29527 6.33891 6.41355 6.95664 7.26556 7.27175 7.40482 7.48892 7.74848 7.73528 8.12649 8.38472 8.39132 8.39793 8.48944 8.51657 8.51247 8.48827 8.39674 8.10509 7.34423 7.00110 6.83075 6.83075 6.83075 6.83075 6.61778 6.49369 6.55668 6.36636 6.18756 5.77803 5.67084 5.55555 5.41819 5.29181 5.32783 5.26572 5.17765 5.16280 5.17535 5.18999 4.92646 4.11631 3.97929 3.95563 3.93869 3.91417 3.87385 3.93440 3.96598 3.98415 3.92420 3.66276 3.81206
5.52306 5.42945 5.56521 5.71282 5.66015 5.65575 5.88479 6.23106 6.24940 6.48671 6.84532 6.85648 6.81600 6.79231 6.76795 7.10911 7.47220 7.53911 7.60737 7.69549 7.88210 7.93117 8.07282 8.38793 8.30751 8.20858 8.16448 8.12021 8.04047 7.98024 7.97666 7.95286 7.42814 7.06244 6.83575 6.83075 6.83075 6.83075 6.72260 6.47882 6.47962 6.25845 5.85639 5.42263 5.21164 5.20010 5.20362 5.21124 5.25711 5.29306 5.14838 5.14195 5.13438 5.11113 4.98179 4.09267 3.79971 3.83960 3.88441 3.88400 3.90302 3.95429 3.97744 3.97703 3.97584 3.65897 3.78304
