OMI_NO2_yc_0.0167deg/OMI_NO2_yc_0.0167deg/OMI_NO2_200706.asc
ncols      200
nrows      200
xllcorner       110.913
yllcorner       33.7933
cellsize     0.0166667
NODATA_Value      -999.000
[rows 29 to 57 of 200, columns 67 to 133 of 200]
1.57857 1.57857 1.57857 1.57857 1.57857 1.57857 1.57857 1.57857 1.57535 1.56236 1.56236 1.56236 1.56236 1.56236 1.56236 1.56236 2.35977 2.90083 3.39869 3.59043 4.73725 4.90438 4.92547 4.90250 4.87685 4.86637 4.86172 4.85706 4.85241 4.84773 4.84301 4.83720 4.74369 5.21611 5.96180 6.19365 6.48919 6.49380 6.49499 6.50108 6.50689 7.46376 7.89126 9.02578 12.0815 12.0898 12.1025 12.1525 12.3802 12.6305 12.7582 12.6839 12.6924 12.7082 12.7339 12.7600 13.4742 13.6316 13.6112 13.5696 12.9836 12.7380 12.7035 12.6392 13.4635 13.5159 9.61948
1.54118 1.53644 1.53170 1.52697 1.52222 1.51745 1.51266 1.50793 1.50285 1.37876 1.36240 1.35305 1.34577 1.34536 1.34536 1.52071 2.30536 3.13176 3.78397 3.80819 4.34103 4.74135 4.74135 4.74135 4.74135 4.74135 4.74135 4.74135 4.74135 4.72146 4.65941 4.59589 4.47980 4.48797 5.67712 5.92165 6.55014 6.59177 6.60653 6.60736 6.61320 7.08223 7.99904 8.06600 11.9708 12.6223 12.8602 13.0603 13.0952 13.1160 13.1192 12.8064 12.8153 12.8255 12.2936 12.2071 12.5490 12.8566 12.8484 12.8484 12.6194 12.2264 12.3954 12.5743 13.3144 13.7634 11.6542
1.45524 1.45524 1.45524 1.45524 1.45524 1.45524 1.45524 1.45541 1.46170 1.32750 1.29241 1.36645 1.73215 2.10312 2.42720 2.61066 2.72419 3.29622 3.65727 3.77212 3.96780 4.74127 4.74135 4.74135 4.74135 4.71623 4.65315 4.58975 4.52625 4.48270 4.48132 4.48132 4.46669 4.38045 5.36840 5.75703 6.56227 6.59701 6.63741 6.64343 6.77100 7.05747 8.54428 8.85525 11.2708 13.1401 13.1600 13.1799 13.1877 13.1867 13.1867 12.9334 12.8255 12.8255 12.3443 12.1469 12.2793 12.6103 12.6096 12.7397 12.8468 12.3964 12.3362 12.3041 12.5998 12.8804 12.5031
1.45524 1.45524 1.45524 1.45753 1.46648 1.47581 1.48517 1.50096 1.77033 2.05855 2.32632 2.58525 2.64312 2.64985 2.64985 2.64985 2.64985 3.12971 3.53287 3.77212 3.77212 4.55654 4.64698 4.58346 4.52006 4.48171 4.48132 4.48132 4.47595 4.44558 4.41022 4.37251 4.33213 4.19842 4.90766 5.73202 6.52351 6.89400 7.18762 7.45640 7.60505 7.64679 8.51365 9.01647 9.84881 13.1867 13.1867 13.1867 13.1867 13.1867 13.1867 13.0462 12.8273 12.9571 12.8120 12.6178 12.7974 13.0612 12.7693 12.8225 12.8877 12.6214 12.4695 12.5372 12.8090 13.3096 13.5449
1.47126 1.48059 1.48995 1.49699 1.63481 2.02693 2.37499 2.67025 2.78329 2.74423 2.64985 2.64985 2.64985 2.64985 2.64985 2.64985 2.64985 2.95341 3.38286 3.73399 3.77212 4.12325 4.48128 4.46357 4.42939 4.39291 4.35399 4.31233 4.27527 4.27120 4.27120 4.27120 4.29384 4.45186 4.89989 6.37631 7.05209 7.34193 7.60470 7.72326 7.72726 7.72726 8.07212 9.00828 9.01121 12.5353 13.1867 13.1867 13.2004 13.3668 13.5757 13.7412 13.4565 13.3229 12.9576 12.2924 12.7719 13.4078 13.1872 13.1985 13.1985 13.0918 12.8602 13.0636 13.3771 14.3189 14.4890
1.49923 1.53408 1.58124 1.83681 2.77824 2.79084 2.79084 2.79084 2.79084 2.77480 2.64985 2.64985 2.64985 2.64985 2.64985 2.64985 2.64985 2.75442 3.20585 3.48200 3.55417 3.57327 4.28287 4.27120 4.27120 4.27120 4.27120 4.27120 4.27231 4.37701 4.53319 4.68886 4.82799 4.82852 5.01009 6.22075 6.82733 7.32371 7.48104 7.72726 7.72726 7.72726 7.74217 8.88165 9.00230 11.0312 13.2625 13.2617 13.2478 13.0977 12.9166 12.7523 12.4774 12.4044 12.3894 11.8789 12.3149 13.4491 13.2523 13.3228 13.5266 13.8021 14.0146 14.2096 14.3884 15.5788 15.9190
1.67215 1.68446 1.68446 1.68446 2.61007 2.79084 2.79084 2.79084 2.79084 2.79084 2.66452 2.64985 2.64985 2.64985 2.64985 2.64985 2.64985 2.64985 2.65289 2.99774 3.33150 3.33217 4.05251 4.27120 4.26537 4.27914 4.42755 4.58358 4.74492 4.80513 4.81394 4.82314 4.82624 4.82624 4.95433 5.79703 6.64635 7.32371 7.35343 7.71927 7.68625 7.45103 7.36914 7.91836 8.32488 8.89744 12.7013 12.7140 12.7140 12.7140 12.7140 12.7140 12.5741 12.4044 12.5430 12.3537 12.5508 14.4158 14.4595 14.5642 14.6066 14.5720 14.4119 14.2802 14.1861 14.8549 15.6056
1.68446 1.68446 1.68446 1.68446 2.21210 2.79084 2.79084 2.79084 2.79084 2.79084 2.69511 2.64985 2.64985 2.64985 2.64985 2.64985 2.64985 2.64985 2.64985 2.83642 3.21680 3.25167 3.78045 4.47833 4.64733 4.79851 4.81489 4.82386 4.82624 4.82671 4.83605 4.84854 4.86098 4.87343 4.93544 5.38791 6.55403 7.36825 7.38192 7.65995 7.75836 7.34416 7.32613 7.55429 8.44101 8.44951 11.8864 12.8805 12.8884 12.9086 12.9482 13.0475 13.2518 14.4009 14.6528 14.1919 13.8342 14.9768 15.0807 14.8943 14.8900 14.8966 14.2291 13.9323 13.9397 14.2472 14.9727
1.69170 1.71347 1.73570 1.75776 1.86250 2.84702 2.89579 2.91233 2.92892 2.94559 2.90772 2.86387 2.87968 2.89534 2.91090 2.93209 2.97157 3.01250 3.18092 3.47138 3.88798 4.32111 4.43958 5.11927 5.15993 5.17238 5.18495 5.19755 5.21000 5.22196 5.22516 5.22516 5.21583 5.19047 5.16551 5.31692 6.54242 7.44004 7.63759 7.79148 8.04115 7.69911 7.54391 8.04517 9.18675 9.39533 11.1045 13.4728 13.5770 13.6810 13.7676 13.7710 13.7438 14.6947 14.8677 14.5773 14.0687 14.7251 15.2987 15.0236 15.0283 15.0330 14.6042 14.0653 14.0732 14.2590 14.9342
2.25855 2.25889 2.25889 2.25889 2.25889 2.92866 3.22166 3.22166 3.22166 3.22166 3.20430 3.16575 3.19105 3.21636 3.29278 3.55601 3.87218 4.19934 4.39878 4.46401 4.43071 4.52243 4.52462 5.00612 5.22516 5.22516 5.25169 5.37405 5.49108 5.59169 5.69014 5.78618 5.88894 5.47426 5.12005 5.21939 6.13754 7.22720 7.57928 7.56666 7.89431 7.67573 7.36027 7.89535 8.95018 9.42130 9.73724 13.6943 13.7439 13.7143 13.6848 13.6593 13.6569 14.2695 14.8399 14.7716 14.1123 14.3247 15.4816 15.0257 15.0905 15.1112 14.9391 14.1756 14.1925 14.2511 14.8703
2.26197 2.25889 2.25889 2.25889 2.25889 2.54910 3.22778 3.25193 3.27722 3.30249 3.33337 3.46432 4.24102 4.75654 5.17629 5.40696 5.56682 5.71133 5.85223 5.98921 6.09406 6.26674 6.42112 6.62406 6.88395 6.95759 7.01136 6.99619 6.98447 6.98445 6.98445 6.98445 6.98445 6.25017 5.12005 5.14307 5.62891 6.82690 7.41322 7.35584 7.49703 7.42191 6.85983 7.19933 8.55990 9.29830 9.26773 12.3729 13.6569 13.6569 13.6569 13.6569 13.6569 13.9015 14.8399 14.8401 14.2176 14.1412 15.4472 15.0962 15.2117 15.2118 15.1843 14.2366 14.1378 14.0976 14.5958
2.63408 2.25964 2.28288 2.31656 2.35029 2.38826 3.22937 3.44376 3.75502 4.08206 4.39998 4.47615 6.40310 6.84162 6.84162 6.84162 6.84162 6.84162 6.84162 6.84162 6.78360 6.69160 6.66662 6.59960 6.94296 6.98445 6.98445 6.98445 6.98445 6.98445 6.98445 6.98445 6.98445 6.65085 5.12005 5.17334 5.15347 6.06738 6.80965 6.71029 7.03778 7.59170 7.28615 7.25055 8.58328 9.11059 9.24248 10.8022 13.6569 13.6569 13.6569 13.6580 13.6753 13.7014 14.7722 14.9279 14.4612 14.2205 14.9765 14.9727 14.9880 14.9478 14.9242 14.2351 13.9468 13.9468 14.3420
3.03816 2.40060 2.41110 2.41703 2.49377 2.59141 3.57697 4.53286 4.54857 4.54857 4.54857 4.50511 5.88744 6.84162 6.84162 6.84162 6.79618 6.71091 6.63363 6.56281 6.53104 6.49859 6.55975 6.56394 6.79642 6.98445 6.98445 6.98445 6.98445 6.98445 6.98445 6.99022 7.16506 7.37834 6.00251 6.23118 5.65293 5.20053 6.91971 7.02889 7.07489 7.74095 7.47845 7.22801 8.27965 8.90142 9.24248 9.43250 13.4809 13.7206 13.7566 13.7911 13.8101 13.8249 14.5315 15.0312 14.7047 14.2783 14.5806 14.9719 14.8726 14.9240 14.9240 14.5409 14.1544 14.2969 14.7376
3.45130 2.59582 2.68641 2.77819 2.79885 2.79885 3.02419 4.52855 4.54857 4.54857 4.54857 4.52106 5.30612 6.71326 6.63539 6.56454 6.53113 6.53113 6.53113 6.53113 6.53113 6.50975 6.53596 6.56394 6.64479 6.98445 6.98445 6.98130 7.05069 7.28708 7.53226 7.83946 7.99889 8.09269 7.03172 6.59344 6.53721 5.02075 6.73516 7.02889 7.02889 7.54120 7.64538 7.26489 7.97982 8.75558 9.29653 9.31801 12.2322 13.8482 13.8482 13.8482 13.8482 13.8482 14.1721 15.0313 14.8846 14.3277 14.5175 15.4830 15.2104 15.5345 15.6813 15.7022 15.2504 15.6340 16.2388
4.62350 3.03882 2.79885 2.79885 2.79885 2.79885 2.79885 4.12112 4.56037 4.58443 4.60589 4.61565 4.74737 6.52282 6.53113 6.53113 6.53113 6.53113 6.53113 6.53113 6.53113 6.52337 6.50930 6.54565 6.54622 7.09785 7.41719 7.73875 8.00384 8.10162 8.19098 8.21228 8.21228 8.21228 7.45230 6.59344 6.59344 5.43309 6.43636 7.02428 7.01539 7.27493 7.72611 7.35098 7.63848 8.72186 9.14049 9.30743 10.6077 13.8232 13.8210 13.8234 13.8557 13.9277 14.0688 15.8027 16.1437 15.4733 15.5062 16.5400 16.3380 17.2026 17.6298 17.8903 16.6093 16.5370 16.5987
5.39528 3.37970 2.79885 2.79885 2.87325 3.03096 3.16659 3.77307 4.63443 4.63425 4.63405 4.63351 4.54138 6.20586 6.48128 6.47489 6.46849 6.46212 6.46070 6.47624 6.49466 6.67261 6.73783 7.09263 7.44403 7.76801 8.06981 8.07919 8.07279 8.06642 8.06002 8.05363 8.04725 8.04076 7.62310 6.37007 6.35675 5.94474 5.57899 6.87431 6.87417 6.91724 7.58433 7.35349 7.23949 8.85510 9.18791 9.56813 9.64739 14.1208 14.6959 14.9917 15.2554 15.4682 15.7365 17.3877 18.3588 17.5130 17.3067 17.8524 17.5842 18.1803 18.3196 18.3407 17.2556 16.8514 16.8725
5.74037 3.89193 3.17089 3.27629 3.33785 3.33793 3.33768 3.36734 4.53310 4.62945 4.62945 4.62945 4.41334 5.60701 6.34255 6.36597 6.38943 6.48557 6.76361 7.03355 7.30071 7.40833 7.26253 7.37274 7.58778 7.63706 8.00547 8.00829 8.00829 8.00829 8.00829 8.00600 7.96140 7.87574 7.70131 7.44626 7.76580 8.04595 7.48333 9.09117 9.32203 9.48823 10.1512 10.2509 9.84540 11.3955 12.0998 12.8338 13.0341 15.8579 18.0672 18.4325 18.7822 19.1317 19.3976 19.8199 20.4943 19.1009 17.6780 17.8163 18.0907 18.0969 18.5367 18.3418 17.1461 15.8801 15.4143
3.78574 3.97387 3.54312 3.33738 3.33738 3.33738 3.33738 3.33738 4.10742 4.63567 4.66212 4.69026 4.56696 5.26372 6.66582 6.91399 7.10465 7.21956 7.14704 7.06603 6.98501 6.90398 6.77394 6.54081 6.84122 6.76033 6.99454 7.01589 6.93023 6.84430 6.75865 6.67513 6.63381 6.63381 6.63381 10.4010 11.2166 11.2166 10.8675 11.4394 11.5506 11.5498 11.8139 12.2103 11.1460 12.0061 12.9260 13.6588 14.3799 15.7330 19.4135 19.4151 19.4151 19.4151 19.4151 19.4865 20.4725 19.7394 17.6717 17.3281 17.4089 16.6916 16.9632 16.6923 16.3349 15.1520 15.0792
3.77883 3.85980 3.79907 3.33738 3.33788 3.36085 3.39597 3.43116 3.70544 4.71073 4.80297 5.06474 5.47466 5.65754 6.11637 6.05567 6.05256 6.05256 6.05256 6.05256 6.05256 6.05256 6.05242 5.78333 6.05539 6.08092 6.26431 6.63381 6.63381 6.63381 6.63381 6.63381 6.63381 6.63381 6.63381 9.33590 11.2166 11.2166 11.1076 11.1612 11.5543 11.5616 11.6344 12.6371 11.8235 11.9450 13.1909 13.6942 14.8947 14.9092 18.8150 19.4151 19.4151 19.4151 19.3699 18.8756 19.1846 18.8062 15.6440 15.4291 15.8625 15.4725 16.2226 16.2454 16.1193 14.6018 14.5301
3.76380 3.68574 3.85636 3.42977 3.42387 3.40573 3.37827 3.35187 3.32719 4.84840 5.37487 5.37753 5.84167 5.62842 6.01156 6.05256 6.05256 6.05256 6.05251 6.02031 5.96130 5.90201 5.84296 5.67771 5.74673 5.99763 6.03675 6.61416 6.63381 6.63381 6.63381 6.63381 6.63381 6.63381 6.61827 8.00058 10.8307 10.5840 10.3925 10.9850 11.6702 11.7018 11.7127 12.4951 12.2269 11.6083 13.1082 13.2245 14.7607 14.8947 17.1327 18.7363 18.1343 17.5344 16.9788 16.8737 17.5111 18.2879 16.0022 15.4804 15.5666 15.1997 15.6391 16.0616 16.0616 14.9238 14.4555
3.41125 3.23636 3.40575 3.39436 3.31849 3.31747 3.31652 3.31633 3.31633 4.20230 5.37473 5.37473 5.68835 5.67015 5.92096 6.02191 5.96258 5.90349 5.84442 5.81732 5.81732 5.81732 5.81732 5.77356 5.58470 5.99346 5.99763 6.42484 6.63381 6.63381 6.63438 6.46593 6.02287 5.53386 5.03643 5.60522 10.4501 10.4809 10.4895 10.8028 11.7127 11.7127 11.7127 12.1166 12.6185 11.5937 12.7762 13.1936 14.1820 14.8759 15.1984 16.9010 16.9035 16.9035 16.9035 16.9035 17.0779 18.2922 16.6417 15.4804 15.4420 15.0108 14.7088 15.1429 14.8385 13.7739 12.8610
3.71405 3.20412 3.25728 3.47237 3.31633 3.31633 3.31633 3.31633 3.31633 3.43667 5.29399 5.34535 5.43411 5.55770 5.59319 5.81732 5.81732 5.81732 5.81732 5.81732 5.81732 5.81732 5.81732 5.81732 5.58686 5.87726 6.00103 6.14215 6.19722 5.72747 5.23001 4.92435 4.95377 4.98369 4.99014 4.99123 9.89783 10.4895 10.4895 10.5549 11.7019 11.7127 11.7032 11.7350 12.7411 11.7210 12.3562 13.1744 13.5698 14.8777 14.8735 16.5076 16.8888 16.8837 16.8788 16.8738 16.8689 17.2592 15.8686 13.6091 13.2042 13.1180 12.9691 14.1094 14.4854 14.4315 13.9608
4.03252 3.20288 3.20267 3.47350 3.32608 3.31633 3.31633 3.28299 3.21189 3.14089 4.45692 5.13949 5.15905 5.50037 5.44215 5.81732 5.82125 5.82801 5.83464 5.84127 5.84790 5.84413 5.80451 5.75545 5.34733 4.97969 4.78964 4.33916 5.00314 5.09410 5.10668 5.11467 5.12262 5.13063 5.13869 5.14662 8.78532 10.6620 10.6578 10.6371 11.2960 11.3851 11.3586 11.3514 12.1227 11.7817 11.6978 12.7224 12.6036 14.0316 14.1524 15.0406 16.1434 16.0581 15.9707 15.8809 15.7635 15.2677 14.5420 12.0788 12.1632 12.3123 12.1884 13.3386 14.2138 14.1557 13.6186
4.38510 3.59352 3.41706 3.55511 3.49365 3.35431 3.29651 3.27235 3.28565 3.29901 3.86621 5.38259 5.39369 5.70867 5.58900 5.99959 6.02584 5.99395 5.94465 5.89554 5.69825 5.17425 4.59504 3.96028 3.68782 3.66229 4.44752 4.47774 4.93129 5.24116 5.24116 5.24116 5.24116 5.24116 5.22626 5.19726 7.52098 10.6234 10.4097 10.1632 10.3429 10.3554 10.1082 9.86002 10.0107 10.2474 9.50230 9.29549 9.08985 9.92392 10.6649 10.7208 12.5919 12.4441 12.3861 12.3285 12.2963 12.3808 12.3565 11.6113 11.5343 11.5744 11.6236 12.1029 13.7083 13.7049 13.1287
4.63565 4.19188 3.63420 3.63322 3.54359 3.37927 3.37927 3.37927 3.37927 3.37927 3.38516 5.16193 5.41599 5.56881 5.48036 5.75071 5.77843 5.35666 4.80043 4.18038 3.70700 3.65335 3.64541 3.64268 3.63995 3.60427 4.16895 4.45956 4.63623 5.21731 5.19690 5.16520 5.13354 5.10186 5.08512 5.08239 5.31151 6.00739 5.95701 5.95701 6.24131 6.64458 6.64458 6.64458 6.70260 7.72637 7.45293 7.43802 7.40635 7.67669 9.62341 9.77237 11.6993 12.3971 12.3979 12.3979 12.3979 12.3979 12.3619 11.7971 11.5343 11.5256 10.9635 10.4051 11.8391 11.6207 11.2762
4.63565 4.54191 3.64872 3.63420 3.61645 3.39803 3.40845 3.43185 3.41797 3.38586 3.35451 4.30445 5.22236 5.03299 4.50412 4.06176 3.76539 3.61917 3.61076 3.60804 3.60534 3.60440 3.60440 3.60440 3.60440 3.58577 3.85418 4.50369 4.55110 5.02787 5.07684 5.07684 5.07684 5.07684 5.07684 5.07684 5.08867 5.91257 5.95701 5.95701 6.09693 6.64458 6.64480 6.66729 6.70300 7.32045 7.27056 7.09755 7.02965 7.00528 9.47558 10.0352 10.9732 12.3979 12.3979 12.3979 12.3979 12.3509 11.9161 11.0862 10.1686 9.70939 9.42717 9.22391 10.3860 11.2310 11.1249
4.72997 4.73787 4.14971 3.91771 3.85475 3.65717 3.55640 3.53610 3.54777 3.57184 3.56742 3.68042 3.77264 3.50314 3.25912 3.19501 3.60440 3.60440 3.60440 3.60440 3.60440 3.60461 3.63072 3.67489 3.71892 3.75778 3.75724 4.54066 4.60767 4.85089 5.07684 5.07684 5.07684 5.07684 5.07684 5.07684 5.07684 5.71985 5.96787 6.00408 6.05385 6.68722 6.67144 6.61322 6.54169 6.77683 7.14182 7.00528 7.00528 7.00528 8.40632 10.0352 10.1980 12.2277 11.7757 11.2541 10.7607 10.3151 10.3488 10.3957 9.80597 9.85134 9.60941 8.96591 9.48137 11.0662 11.0572
4.69037 4.65572 4.33988 3.79884 3.82695 3.76082 3.61418 3.57600 3.53787 3.50361 3.49801 3.49801 3.49801 3.49801 3.35854 3.08649 3.58712 3.60450 3.62963 3.67371 3.71797 3.76180 3.77988 3.77988 3.77988 3.77988 3.74771 4.24704 4.60767 4.68328 5.07661 5.07684 5.07684 5.08010 5.11100 5.14824 5.17959 5.59536 5.99045 5.91841 5.84874 6.36974 6.51853 6.51853 6.51853 6.55719 7.19711 7.00567 7.02328 7.06378 7.42678 10.0972 10.1273 10.3181 10.4272 10.4557 10.4557 10.4557 10.4598 10.6534 9.89234 9.86958 9.82634 8.98476 8.93102 10.8169 10.9987
4.67706 4.66941 4.54727 3.81815 3.74241 3.68363 3.51084 3.49801 3.49801 3.49801 3.49801 3.49801 3.49801 3.49805 3.46859 3.14065 3.58777 3.76091 3.77988 3.77988 3.77988 3.77988 3.77988 3.77988 3.77988 3.77988 3.76172 3.93493 4.60775 4.62897 5.04292 5.17260 5.20069 5.17077 5.10408 5.03105 4.96393 5.18486 5.83096 5.83096 5.83096 6.24899 6.69219 6.85523 7.00927 7.13857 7.67295 7.36344 7.22711 7.19739 7.19605 9.48699 10.2260 10.3037 10.4557 10.4557 10.4557 10.4557 10.4557 10.5748 9.91277 9.64946 9.58056 8.74092 8.48559 9.60614 10.1164
