OMI_NO2_yc_0.0167deg/OMI_NO2_yc_0.0167deg/OMI_NO2_200602.asc
ncols      200
nrows      200
xllcorner       110.913
yllcorner       33.7933
cellsize     0.0166667
NODATA_Value      -999.000
[rows 104 to 116 of 164, columns 87 to 115 of 200]
20.3178 20.1836 19.3862 19.2313 19.2722 19.2150 18.6713 18.5256 18.5022 18.5138 19.1213 18.9295 18.5498 18.5860 18.7884 18.6920 18.6809 18.6701 18.6511 17.0227 16.5532 17.6483 17.7809 19.1429 19.0482 18.8411 18.6331 18.4255 18.2174
18.8127 18.7271 18.5191 18.4591 18.6112 18.6112 18.3219 18.0835 18.0835 18.0833 18.5998 18.6996 18.2342 18.2078 18.5008 18.3822 18.2805 18.1788 18.0290 16.8587 15.5578 16.5567 16.7274 18.0131 18.2936 18.4290 18.5650 18.7008 18.8366
18.7271 18.7271 18.6022 18.4108 18.6050 18.6109 18.4633 18.0806 18.0792 18.0780 18.4429 18.4996 18.0630 17.7423 17.6413 17.5314 17.4457 17.3696 17.3414 17.1244 15.4707 16.7057 17.4455 18.4052 19.1152 19.1397 19.1641 19.1886 19.1986
18.7271 18.7267 18.6565 18.4323 18.5432 18.5928 18.5482 17.7175 17.2599 16.8878 16.7556 16.9978 17.0058 17.2529 17.4171 17.7088 17.6435 17.6434 17.6434 17.6430 15.8363 16.4267 17.5421 18.1060 19.1726 19.1300 19.0873 19.0447 19.0164
18.2394 18.1431 17.9394 17.7684 17.3932 17.1983 16.8083 16.5319 16.5202 16.5209 16.6081 17.1584 17.1646 17.3852 17.4007 17.6709 17.6434 17.6434 17.6228 17.5185 16.1807 15.7074 17.0393 17.5034 18.9984 19.0157 19.0227 19.0679 19.1187
16.8051 16.3810 16.0851 16.3397 16.3907 16.8533 16.8533 16.6904 16.5209 16.5209 16.5217 17.1012 17.1584 17.2996 17.2986 17.3617 17.3193 17.2042 17.1317 17.1464 16.5269 15.3107 16.7539 17.5216 18.9728 19.3537 19.3189 19.2460 19.1675
16.0363 16.0229 15.9989 16.1903 16.2482 16.6759 16.7196 16.6278 16.3579 16.2764 16.1656 16.5655 16.7054 16.6831 16.8518 16.9135 17.1662 17.1344 17.1285 17.1190 17.0031 15.1179 16.1079 17.1383 18.1460 18.9793 18.9266 18.7177 18.4987
15.5943 15.4789 15.3859 15.4135 15.4310 15.4942 15.4961 15.2963 15.8819 15.9341 15.9496 16.3508 16.8148 16.8339 17.0688 17.1030 17.3568 17.3186 17.2736 17.2288 17.1852 15.6397 15.6147 16.4328 17.0982 18.2309 18.0644 18.0182 17.8903
15.2625 14.8639 14.6419 14.4492 14.6529 15.1617 15.5161 15.5161 16.1019 16.3921 16.3921 16.5912 17.2224 17.1998 17.3192 17.3920 17.4592 17.4543 17.3315 17.1367 16.9420 15.7597 14.4748 15.2449 15.8654 17.4443 17.2525 17.0428 16.9255
14.6788 14.3031 14.3031 14.3031 14.5813 14.9270 15.5046 15.5161 15.8655 16.3632 16.3382 16.3431 17.1087 17.1222 17.1301 16.9985 16.7296 16.5136 16.3220 16.2833 16.2500 15.7856 13.3261 13.8433 14.5999 15.9579 16.3980 16.3832 16.3686
14.8814 14.3037 14.3031 14.3031 14.4924 14.7461 15.3327 15.4349 15.5428 16.3177 16.2666 16.1419 16.7383 16.8607 16.8278 16.4167 16.4529 16.7140 16.8335 16.8692 16.8996 16.8949 13.7586 13.4078 14.0920 15.3450 16.2954 16.3198 16.3453
14.9911 14.4266 14.2938 14.2776 14.4297 14.7628 15.2907 15.5297 15.4723 16.1624 16.2665 16.3371 16.8184 17.1802 17.1802 16.9256 16.7376 16.8223 16.9080 16.9080 16.9080 16.9135 14.8090 13.4171 13.8958 14.9661 16.4144 16.4156 16.4156
14.7394 14.3465 14.0790 13.9806 13.9606 14.4874 14.8687 15.4700 15.4700 16.0082 16.3460 16.3460 16.6314 17.1802 17.1802 17.0761 16.7399 16.7879 16.9771 17.0095 17.0450 17.0908 16.0020 13.6456 13.9623 14.8990 15.8933 15.8125 15.6927
