OMI_NO2_yc_0.0167deg/OMI_NO2_yc_0.0167deg/OMI_NO2_200510.asc
ncols      200
nrows      200
xllcorner       110.913
yllcorner       33.7933
cellsize     0.0166667
NODATA_Value      -999.000
[rows 58 to 86 of 200, columns 67 to 133 of 200]
5.77711 5.76867 5.29918 5.11956 4.93050 4.47125 4.32570 4.32570 4.32570 4.32570 4.32570 4.29234 4.12419 4.18271 4.18271 4.02217 3.82583 3.75391 3.68195 3.55830 3.39835 3.34608 3.32149 3.24764 3.35523 3.43401 3.52422 4.85418 4.87526 4.91397 5.03212 5.15640 5.23891 5.28271 5.20543 5.08108 5.00136 5.06436 5.06436 5.06322 5.06384 5.06614 5.11107 5.17556 5.90682 6.17206 6.17963 6.18721 6.32316 6.56150 6.79016 6.95656 6.95656 7.13942 7.50241 7.67136 8.68266 9.31524 9.26583 11.0319 11.3035 11.1252 10.9611 10.9823 10.9972 11.0223 11.0099
5.16002 4.77492 4.72041 4.82619 4.78004 4.56275 4.32570 4.32570 4.32570 4.32570 4.29021 4.20805 3.91030 3.93347 3.86402 3.73696 3.52735 3.52131 3.49407 3.45563 3.34790 3.22553 3.21144 3.17758 3.21128 3.45493 3.53592 4.78467 5.37731 5.37762 5.25567 5.13142 4.97090 4.91939 4.92186 4.93053 4.94330 5.09002 5.10671 5.11538 5.13316 5.15658 5.18738 5.29575 5.71479 6.31901 6.33878 6.35837 6.39209 6.68854 6.83046 7.19083 7.26141 7.32774 7.53241 7.43550 7.48045 7.76679 7.96306 9.05614 10.1828 9.81638 9.36337 8.95405 8.60878 8.33421 8.84549
4.94136 4.65285 4.65693 4.82489 4.80210 4.64146 4.18505 4.10208 4.01989 3.93765 3.89099 3.89081 3.71997 3.72922 3.74898 3.71305 3.42833 3.39220 3.39010 3.38989 3.35922 3.32546 3.40617 3.46561 3.52367 3.77581 3.88406 4.37267 5.00637 4.98272 4.98641 4.99012 4.97726 5.00775 5.28429 5.30689 5.32928 5.45076 5.52447 5.54678 5.54617 5.49698 5.49698 5.56273 5.67847 6.56370 6.60947 6.66008 6.67441 6.88181 6.94451 7.32126 7.30343 7.27218 7.24892 7.24815 7.24214 7.25014 7.27639 7.31469 8.17567 8.08983 8.08983 8.09383 8.22771 8.23619 8.72193
5.11335 4.60443 4.54363 4.44257 4.41414 4.32558 3.97408 3.87898 3.85331 3.80891 3.76335 3.71794 3.58632 3.51987 3.64521 3.64604 3.46882 3.40538 3.42825 3.45156 3.44161 3.55874 3.67828 3.73581 3.76549 3.89805 4.02422 4.06722 4.93975 4.98236 4.98236 4.98236 4.97582 4.95445 5.37891 5.40656 5.40656 5.45847 5.55676 5.55676 5.57531 5.57290 5.61125 5.71220 5.92649 6.52885 6.61401 6.54945 6.52765 6.68857 6.85364 7.10942 7.25575 7.12341 6.96232 6.79022 6.69924 6.71965 6.92102 6.92768 7.88319 8.08983 8.08983 8.08983 8.18355 8.23619 8.55761
5.00921 4.52002 4.42562 4.24397 4.38288 4.34774 3.96026 3.57757 3.55777 3.55418 3.51387 3.47297 3.41962 3.29025 3.45334 3.44242 3.43587 3.52634 3.58004 3.63319 3.67284 3.70540 3.82833 3.82816 3.79024 3.81846 4.02386 4.02422 4.63994 4.98236 4.98236 4.98236 4.98214 4.95300 5.27684 5.40427 5.40132 5.40895 5.77377 5.92993 6.08440 6.17481 6.33139 6.54776 6.47956 6.51017 6.57390 6.57524 6.53354 6.51801 6.67002 6.63455 6.72642 6.72597 6.72115 6.67947 6.68638 6.70930 6.86411 6.92768 7.50068 8.08983 8.08983 8.08983 8.13546 8.23619 8.39342
5.16461 4.92406 4.63509 4.43013 4.42717 4.29432 3.91053 3.28656 3.25576 3.22718 3.23659 3.24657 3.24716 3.17433 3.35239 3.50115 3.57178 3.69697 3.69697 3.69697 3.69617 3.66331 3.81791 3.82833 3.80369 3.78538 3.97633 4.02422 4.29679 4.98159 4.97875 4.97579 4.97284 4.94889 5.20723 5.55540 5.66904 5.82264 6.44581 6.79243 6.97426 7.00626 6.75705 6.74560 6.54973 6.35459 6.35846 6.29055 6.25769 6.26156 6.53615 6.55525 6.69952 6.72597 6.72597 6.68912 6.68025 6.70860 6.79678 6.92768 7.11799 8.08983 8.08983 8.08139 8.05876 8.16491 8.15226
5.26088 4.81063 4.30064 4.24171 4.13986 4.23041 3.97504 3.35585 3.24775 3.28871 3.34950 3.41023 3.46937 3.39924 3.39774 3.56645 3.56685 3.68043 3.69697 3.69697 3.69697 3.67072 3.76093 3.82829 3.81532 3.78045 3.88766 4.01337 4.02553 4.90176 5.09100 5.21091 5.35884 5.49874 5.77958 6.30309 6.48344 6.54069 6.61914 6.75810 6.58076 6.41025 6.51263 6.45896 6.38883 6.16766 6.23377 6.25769 6.25769 6.25769 6.46004 6.55513 6.63935 6.72597 6.72043 6.67193 6.61945 6.61487 6.61475 6.78220 6.75535 7.69705 7.85857 7.79821 7.74486 7.77120 7.66150
5.18225 4.68804 4.44137 4.38496 4.14054 4.29771 4.17602 3.74386 3.46761 3.48735 3.48735 3.48735 3.48735 3.42874 3.36267 3.52424 3.56682 3.64453 3.69607 3.69016 3.68348 3.66718 3.69225 3.81325 3.81119 3.75629 3.79158 4.37494 4.52877 5.20496 5.70342 5.87372 5.98554 6.00783 5.93907 6.21830 6.06300 5.95348 5.92796 6.24418 6.22508 6.22508 6.35588 6.43195 6.43195 6.22392 6.19907 6.24677 6.24046 6.23414 6.30864 6.38705 6.38318 6.50128 6.47897 6.46904 6.43026 6.44703 6.46024 6.60200 6.59716 7.12115 7.62790 7.59825 7.58063 7.43818 7.17833
5.11015 4.86320 4.72020 4.71618 4.64091 4.50209 4.41992 4.04935 3.48735 3.48735 3.48735 3.48735 3.48735 3.45579 3.35275 3.43130 3.54477 3.57987 3.66245 3.66167 3.65591 3.62232 3.57001 3.67152 3.63959 3.76209 3.87754 4.67254 4.92969 5.17436 5.87740 5.77293 5.64726 5.57609 5.48408 5.72747 5.79574 5.79440 5.78846 6.11777 6.20517 6.19886 6.25626 6.39311 6.38680 6.27226 6.11787 6.19303 6.18796 6.18158 6.18956 6.27050 6.26413 6.39216 6.42172 6.39027 6.29775 6.24188 6.20670 6.27228 6.37514 6.59342 7.65713 7.64105 7.66154 7.63955 7.21642
5.55073 5.43696 5.10540 4.89407 4.80007 4.51761 4.49501 4.22143 3.56596 3.47526 3.46765 3.46001 3.45237 3.44368 3.32621 3.33005 3.49004 3.46906 3.55161 3.51603 3.48420 3.47942 3.46558 3.58755 3.73984 3.90117 4.13758 4.45410 4.82088 4.76663 5.37040 5.40604 5.37744 5.36159 5.37213 5.56962 5.68911 5.67777 5.67101 5.86645 6.08763 6.08125 6.08433 6.26265 6.26904 6.24543 6.00402 6.06213 6.08589 6.08120 6.07050 6.12928 6.05499 6.03584 6.03993 5.97183 6.00398 6.02261 6.03487 6.06617 6.35708 6.47751 7.33712 7.46394 7.43870 7.43870 7.13761
5.61457 5.57063 5.13238 4.96720 4.92188 4.54762 4.46895 4.28704 3.75399 3.44701 3.43937 3.41495 3.37229 3.32768 3.20362 3.14759 3.29489 3.38124 3.47955 3.49603 3.56999 3.64481 3.69958 3.75982 3.82444 3.76303 3.90625 3.94211 4.58500 4.57471 4.95691 5.34416 5.34416 5.34416 5.37001 5.49521 5.62393 5.62393 5.62393 5.69155 6.05327 6.05327 6.05327 6.18819 6.24879 6.23805 6.05638 5.98438 5.92598 5.83745 5.75500 5.74054 5.74039 5.72138 5.82681 5.84233 5.97756 6.17973 6.41653 6.56840 6.73379 6.75961 7.11168 7.43870 7.43870 7.43870 7.28619
5.66717 5.68563 5.31249 5.12455 4.98232 4.64996 4.37918 4.25069 3.78163 3.27328 3.23628 3.21608 3.21409 3.21887 3.20862 3.17449 3.21670 3.55962 3.62951 3.66055 3.60672 3.54012 3.48499 3.42061 3.56779 3.57944 3.73459 3.81046 4.40412 4.57440 4.68422 5.34266 5.34416 5.34416 5.34795 5.44899 5.62365 5.62426 5.65446 5.70424 5.99119 6.01433 6.01448 6.08956 6.28649 6.40208 6.31101 5.74110 5.58354 5.53991 5.47385 5.48008 5.56407 5.58081 6.08842 6.37150 6.37292 6.44962 6.53007 6.57634 6.67736 6.75961 6.88848 7.43870 7.43870 7.43870 7.41799
5.66260 5.61746 5.31748 5.01896 4.75682 4.58263 4.23135 4.22375 3.88717 3.33041 3.25060 3.21463 3.17882 3.13814 3.11524 3.11516 3.07108 3.61981 3.62259 3.43770 3.42578 3.42578 3.42578 3.41097 3.51314 3.57944 3.66136 3.81046 4.14697 4.57440 4.57440 5.17831 5.35232 5.39761 5.44736 5.56407 5.79963 5.88267 5.91685 5.93148 6.01295 6.16414 6.26963 6.37245 6.47235 6.42546 6.37811 5.63367 5.47243 5.46470 5.51234 5.54170 5.63486 5.63575 5.91319 6.37181 6.37181 6.42474 6.50256 6.57634 6.62090 6.75961 6.76022 7.34358 7.43870 7.43870 7.43870
5.46734 5.46945 5.36740 5.07157 4.91889 4.82405 4.31517 4.19623 3.92257 3.34672 3.11425 3.11204 3.06739 3.00620 2.94506 2.89001 2.87506 3.23978 3.59529 3.43791 3.42578 3.42578 3.42578 3.41724 3.45465 3.57944 3.59344 3.83166 3.97093 4.69571 4.75030 5.12970 5.61403 5.63201 5.64634 5.70070 5.88009 6.02699 6.12871 6.23063 6.34848 6.45076 6.46897 6.52167 6.44402 6.43017 6.47944 6.04955 5.60551 5.53411 5.53411 5.53411 5.61509 5.63575 5.67819 6.34801 6.37181 6.39877 6.49015 6.63677 6.68549 6.89843 6.95901 7.36718 7.73074 7.78088 7.86394
5.48660 5.48165 5.46854 5.11502 4.91725 4.62560 4.29992 4.09837 3.96138 3.42016 2.94698 2.88798 2.87144 2.87144 2.87144 2.87436 2.87506 2.95860 3.58859 3.48337 3.42578 3.42804 3.45044 3.47703 3.55751 3.76544 3.82800 4.01880 4.12138 4.71215 4.88195 4.96085 5.65977 5.70511 5.80550 5.93263 6.19820 6.36449 6.38417 6.44006 6.49734 6.63416 6.69189 6.70570 6.62888 6.49703 6.49703 6.36438 5.64531 5.53939 5.56249 5.59037 5.69338 5.80545 5.84601 6.38222 6.66304 6.70738 6.81442 6.97790 6.98766 7.10298 7.19983 7.38497 8.00400 8.08847 8.13998
5.46251 5.46159 5.46159 5.20451 5.09390 4.73980 4.62496 4.15791 3.84530 3.48815 2.90501 2.87144 2.87144 2.87144 2.87144 2.87350 2.88222 2.91161 3.46624 3.61698 3.53911 3.56396 3.56869 3.58309 3.74502 3.97002 4.14227 4.27442 4.31957 4.57788 4.99745 5.11611 5.78856 6.09382 6.11709 6.17186 6.33473 6.55128 6.59809 6.60863 6.60863 6.67879 6.74556 6.77342 6.78115 6.63161 6.64837 6.67627 6.04581 5.79624 5.76860 5.76860 5.82162 5.97799 5.96654 6.19203 6.67955 6.66925 6.76431 7.02569 7.19902 7.34516 7.52991 7.57293 8.17421 8.25941 8.25739
5.49074 5.55532 5.62008 5.53197 5.33551 5.01225 4.84912 4.36334 3.86176 3.63752 3.07525 2.88544 2.91639 2.94739 2.97835 3.01057 3.03680 3.03838 3.29095 3.79256 3.72650 3.82029 3.91925 4.00696 4.08269 4.20192 4.42563 4.55853 4.63079 4.80091 5.34933 5.37180 5.68841 6.30114 6.38521 6.43294 6.51791 6.68944 6.71043 6.72684 6.74321 6.77537 6.83315 6.82166 6.80958 6.64845 6.57847 6.56690 6.21221 5.65206 5.56946 5.55799 5.59523 5.92163 6.05835 6.24306 7.07771 7.28599 7.20040 7.16750 7.42653 7.48659 7.59320 7.72763 8.11278 8.34450 8.39116
5.71094 5.71102 5.71102 5.66324 5.33562 5.16796 4.82332 4.52198 4.10621 3.88822 3.40623 3.03473 3.03476 3.03971 3.07339 3.15805 3.25427 3.35466 3.47981 4.17927 4.07290 4.05199 4.12305 4.28324 4.47041 4.77107 4.98381 5.05503 5.02073 5.05311 5.54811 5.73049 5.81174 6.65170 6.69157 6.69157 6.70592 6.65792 6.62710 6.62710 6.62710 6.62981 6.71915 6.72418 6.72418 6.64159 6.52570 6.62341 6.68646 6.02171 6.02429 6.18279 6.31231 6.52766 6.63691 6.68269 7.18349 7.52740 7.63107 7.58694 8.15364 8.31972 8.26103 8.19492 8.23748 8.38828 8.38828
5.70761 5.65012 5.57127 5.48514 5.08014 4.91285 4.45611 4.45538 4.32743 3.96904 3.66017 3.14177 3.20177 3.28240 3.32762 3.31896 3.54045 3.60872 3.65835 4.18925 4.64374 4.82304 4.95963 5.02202 5.08112 5.21744 5.31800 5.36354 5.28626 5.20778 5.45250 5.78689 5.78689 6.37270 6.69157 6.69157 6.69581 6.68156 6.62710 6.62710 6.62710 6.61102 6.78891 7.02439 7.14093 7.21534 7.12248 7.12493 7.13739 6.56904 6.44353 6.52920 6.58466 6.78700 7.20396 7.59776 8.03023 8.21903 8.26726 7.98078 8.42325 8.42825 8.33555 8.19492 8.19591 8.36676 8.38828
5.20641 5.17737 5.16957 5.18163 4.99098 4.85201 4.56254 4.44356 4.50227 4.01925 3.92579 3.50169 3.31635 3.36121 3.41071 3.46024 3.68703 3.81219 3.81378 4.06030 5.00900 5.11131 5.12963 5.13318 5.13318 5.19945 5.28547 5.36354 5.33758 5.20779 5.26363 5.78110 5.78689 6.05070 6.69157 6.68856 6.66166 6.63733 6.53308 6.50103 6.45106 6.38886 6.69166 7.31624 7.30711 7.31363 7.38917 7.42791 7.52954 7.34627 7.02083 7.44459 7.82617 8.20811 8.52475 8.52475 8.52187 8.29306 8.26726 8.07384 8.31908 8.42825 8.40557 8.19642 8.19492 8.30471 8.38828
5.22995 5.25223 5.26870 5.27136 5.16234 4.92190 4.76822 4.46599 4.53839 4.28095 4.08010 3.84633 3.52684 3.53148 3.53281 3.55105 3.68536 3.87838 3.90010 3.90468 4.82488 5.12982 5.13318 5.13318 5.13318 5.16025 5.25903 5.35426 5.36354 5.23072 5.19580 5.59862 5.71108 5.69547 6.47713 6.51627 6.47191 6.44441 6.29204 6.21179 6.18321 6.19846 6.27983 7.30276 7.38026 7.44926 7.97779 8.46499 8.86038 9.22508 8.49873 8.29873 8.29769 8.29910 8.50605 8.52475 8.52475 8.38001 8.26726 8.19867 8.18315 8.42825 8.42529 8.23551 8.17834 8.21820 8.35806
5.23618 5.22909 5.22786 5.22869 5.22355 4.95497 4.93746 4.64632 4.67801 4.59447 4.17729 4.06923 3.58457 3.59692 3.61889 3.62397 3.66854 3.90468 3.90468 3.90468 4.41277 5.10285 5.13318 5.13318 5.13764 5.23685 5.22910 5.21761 5.22446 5.11365 5.03530 5.28915 5.48882 5.39081 5.86858 6.21868 6.20560 6.23453 6.22329 6.28577 6.34835 6.42860 6.79144 7.97377 8.64861 9.01666 9.22517 9.36684 9.35996 9.35996 8.85299 8.32427 8.29769 8.29727 8.44112 8.51101 8.50504 8.44412 8.23562 8.22953 8.06876 8.37163 8.36776 8.25626 8.13373 8.11879 8.26916
5.23882 5.24722 5.25563 5.26319 5.26448 5.04569 4.96270 4.58831 4.23620 4.04032 4.17931 4.20213 3.77877 3.62397 3.62397 3.62397 3.62495 3.88190 3.90468 3.92768 4.15571 5.32130 5.54698 5.68318 5.81500 5.85270 5.41191 5.15458 5.23239 5.23496 5.36322 5.35700 5.13370 5.17031 5.48582 6.38100 6.45650 6.55348 6.89939 7.23218 7.61641 7.97314 8.04732 8.48995 9.11375 9.11257 9.12966 9.38027 9.35344 9.35166 9.19452 8.35206 8.28578 8.28466 8.35751 8.47181 8.47181 8.47114 8.26556 8.25981 8.13493 8.35054 8.32755 8.27503 8.05427 8.05243 8.18934
5.26448 5.26448 5.26439 5.13048 4.87939 4.49232 4.08357 3.89909 3.68291 3.73362 4.00108 4.23947 3.94800 3.62397 3.67711 3.83349 3.99248 4.34390 4.59109 4.72708 4.74412 5.44850 5.82001 5.80502 5.79093 5.77702 5.55131 5.00565 5.08939 5.14867 5.46114 5.57169 5.50826 5.55648 5.91406 7.19911 7.72360 8.05985 8.11124 8.04791 8.07617 8.10716 8.13846 8.28896 9.30807 9.35630 9.40094 9.67602 9.75686 9.80569 9.85535 9.05898 8.71202 8.74636 8.80809 9.05614 9.22875 9.42701 9.47678 9.51984 9.36526 8.31686 8.33163 8.36064 8.09087 7.98537 7.74613
4.91597 4.66488 4.41409 4.29692 4.29692 4.24333 3.99910 3.98923 3.70063 3.76739 4.03641 4.60854 4.61784 4.35800 4.46081 4.46341 4.44205 4.49839 4.65932 4.67589 4.69138 4.97945 5.69031 5.69911 5.71136 5.79589 5.89641 5.37604 5.42019 5.47218 5.91294 6.36007 6.67881 6.98521 7.02471 7.55547 8.06046 8.05913 8.13274 8.71744 8.72336 8.72336 8.72336 8.72336 9.70715 9.96756 9.96756 10.1245 10.2629 10.2594 10.3793 10.0901 9.38826 9.52093 9.72019 10.1004 10.2113 10.2654 10.2798 10.0770 10.2012 8.84674 8.60897 8.46015 7.77110 7.19930 7.17218
4.29692 4.29692 4.29692 4.29766 4.32556 4.36615 4.14060 4.15569 4.01670 4.03071 4.53538 4.90138 4.84429 4.51805 4.50271 4.54618 4.60644 4.71594 4.72007 4.71960 4.77215 4.88841 5.81114 6.02846 6.12579 6.18652 6.47448 6.36580 6.44109 6.70146 6.81634 7.00842 7.00845 7.00877 7.00877 7.17507 8.05753 8.05805 8.07537 8.61734 8.72336 8.72336 8.72336 8.72336 9.39570 10.1980 10.3680 10.5798 11.0313 11.1605 11.2051 11.1180 10.1169 10.1438 10.2226 10.4857 10.8632 11.2904 11.7418 10.5583 9.85272 8.64746 8.06339 8.06339 7.84521 7.18821 7.18821
4.54713 4.61108 4.67503 4.73817 4.77424 4.79683 4.56589 4.32816 4.09631 3.75199 4.11227 4.35075 4.70843 4.90680 4.84795 4.87897 4.97847 5.08569 5.10012 5.20463 5.26053 5.30030 6.09376 6.79749 7.13926 7.44603 7.49559 7.27032 6.80028 6.75271 6.75228 6.99067 7.00842 7.00867 7.00877 7.00877 7.85218 8.05805 8.06943 8.68888 9.26079 9.56241 9.86387 10.1653 10.4542 10.9234 10.9098 10.8538 11.2916 11.4496 11.5429 11.7911 11.2521 11.2400 11.6794 12.1646 12.5832 12.6697 12.6697 11.2458 9.64582 9.13501 8.06339 8.06339 8.05070 7.25280 7.18821
4.83994 4.75640 4.61124 4.46616 4.33218 4.20423 4.04390 3.93367 3.96644 3.69893 3.99101 4.37193 4.93879 5.24631 5.27617 5.35395 5.36323 5.39591 5.64543 6.01017 6.40251 6.75606 6.92995 7.49357 7.49559 7.49559 7.49559 7.46502 6.82516 6.77013 6.74748 6.91349 7.00842 7.07127 7.32554 7.58393 8.31243 9.15027 9.39811 9.79812 10.3640 10.3329 10.2816 10.2239 10.1650 10.5852 10.6724 10.7645 11.4173 12.5629 13.0251 13.2991 13.1728 12.4201 12.4201 12.4360 12.6665 12.6697 12.6697 12.2895 9.65791 9.57287 8.11324 8.06339 8.06339 7.51018 7.21258
4.11507 4.05690 4.06049 4.06406 4.05660 4.04285 4.04601 4.07504 4.10234 4.05353 4.21809 4.71683 5.07017 5.38075 5.73402 6.10239 6.49298 6.85167 6.86828 6.81878 6.81878 6.81878 6.81878 7.34487 7.49559 7.49559 7.49559 7.49692 7.14554 7.16536 7.35093 7.66089 8.06425 8.24325 8.41206 8.40797 8.47686 9.36399 9.33084 9.41683 10.0944 10.0903 10.1736 10.2674 10.3843 10.9801 11.5066 11.7378 12.1529 13.4113 13.5920 13.5920 13.5716 12.5250 12.4201 12.4201 12.6155 12.6886 12.7257 12.7628 10.4625 9.81303 8.73262 8.30483 8.34183 8.09463 7.51653
