OMI_NO2_yc_0.0167deg/OMI_NO2_yc_0.0167deg/OMI_NO2_200608.asc
ncols      200
nrows      200
xllcorner       110.913
yllcorner       33.7933
cellsize     0.0166667
NODATA_Value      -999.000
[rows 116 to 144 of 200, columns 0 to 66 of 200]
3.87672 4.01592 4.07888 4.43820 4.47494 4.47494 4.47494 4.47494 4.47029 4.42024 4.41051 4.36819 4.31694 4.32477 4.36178 4.40030 4.43814 3.86824 3.65150 3.59131 3.57424 3.56900 3.51167 3.49638 3.49003 3.48710 3.55295 3.64603 3.73915 3.81246 3.79595 3.57811 3.47746 3.24792 3.24161 3.23533 3.22898 3.18423 3.10020 3.02683 3.00536 3.26062 3.51243 3.51243 3.51243 3.51243 3.51243 3.51243 3.51243 3.51243 3.51243 3.51243 3.51243 3.51243 3.51225 3.50981 3.50670 3.50360 3.43339 3.34382 3.45425 3.50890 3.51155 5.25363 5.41954 5.41954 5.42114
3.87672 3.94249 4.07327 4.30324 4.48294 4.45838 4.40439 4.35038 4.30102 4.30485 4.36956 4.46990 4.51718 4.55450 4.56479 4.57357 4.58235 4.18397 3.56272 3.51468 3.47970 3.47970 3.46815 3.53994 3.63931 3.73538 3.76261 3.76261 3.76261 3.76261 3.76261 3.60314 3.52393 3.22633 3.11989 3.04135 2.96284 2.92278 2.92278 2.92409 2.96103 3.14852 3.51243 3.51243 3.51243 3.51243 3.51243 3.51243 3.51243 3.51243 3.51242 3.51062 3.50752 3.50442 3.50150 3.50084 3.50084 3.50084 3.48743 3.34647 3.39457 3.50890 3.50996 4.83923 5.43023 5.43519 5.43855
4.01799 4.03195 4.19535 4.26670 4.40440 4.38238 4.41362 4.44676 4.47992 4.50532 4.51329 4.61108 4.61348 4.61369 4.61389 4.61409 4.61429 4.49494 3.57669 3.61734 3.65098 3.73404 3.77526 3.76261 3.76261 3.76261 3.76261 3.76261 3.76261 3.75672 3.68498 3.52153 3.27033 3.05229 2.92278 2.92278 2.92366 2.93185 2.94256 2.95451 2.98843 3.04935 3.51243 3.51243 3.51243 3.51243 3.51243 3.51132 3.50826 3.50524 3.50214 3.50084 3.50084 3.50084 3.50084 3.50084 3.50084 3.50084 3.49794 3.36107 3.28700 3.50093 3.52771 4.42997 5.43865 5.43865 5.43865
4.05624 4.06537 4.20178 4.30469 4.45578 4.50867 4.51061 4.51061 4.51061 4.51061 4.51061 4.58612 4.61721 4.61721 4.61811 4.67100 4.75383 4.83666 4.04487 3.85313 3.78646 3.78646 3.78142 3.76507 3.78680 3.81256 3.79318 3.72566 3.65653 3.59229 3.59753 3.61737 3.41460 3.39449 3.17087 3.22628 3.28810 3.32534 3.35743 3.39045 3.44503 3.49476 3.51243 3.51195 3.50915 3.50605 3.50295 3.50089 3.50084 3.50084 3.50084 3.50084 3.50084 3.50084 3.50043 3.48009 3.44872 3.41733 3.38881 3.32998 3.22664 3.40252 3.52802 4.00758 5.43865 5.43865 5.43865
4.19921 4.23632 4.26704 4.37565 4.43541 4.51061 4.51097 4.53302 4.56885 4.60530 4.64244 4.73229 4.89691 5.01860 5.14206 5.21123 5.24886 5.28723 4.69318 4.15326 4.16470 4.19304 4.20792 4.20802 4.10199 3.98942 3.93241 3.93241 3.94667 4.02035 4.11075 4.21469 4.09356 3.94127 3.56488 3.47762 3.47762 3.47762 3.47762 3.47748 3.48820 3.50687 3.50376 3.50115 3.50084 3.50084 3.50084 3.50084 3.50084 3.50084 3.50084 3.48826 3.45706 3.42568 3.39470 3.38366 3.38366 3.38366 3.38366 3.37804 3.23552 3.29335 3.52802 3.61297 5.41037 5.43865 5.43865
4.56640 4.60528 4.65979 4.77423 4.84196 4.95738 5.00422 5.02828 5.09665 5.17948 5.26234 5.34029 5.52146 5.52204 5.52204 5.52204 5.52204 5.52204 5.21400 4.18784 4.09588 4.00581 3.93339 3.93128 3.95126 4.02824 4.11967 4.22510 4.32273 4.33211 4.33211 4.33211 4.24941 3.94127 3.73508 3.47761 3.47597 3.47287 3.46976 3.46680 3.47118 3.50084 3.50084 3.50084 3.50084 3.50084 3.50084 3.49463 3.46541 3.43403 3.40263 3.38384 3.38366 3.38366 3.38366 3.38366 3.38366 3.38366 3.38366 3.38366 3.28680 3.22731 3.48470 3.52802 5.07249 5.41687 5.35935
4.91307 4.93329 4.93800 4.94943 5.01510 5.13836 5.23164 5.30756 5.32202 5.32202 5.32202 5.32202 5.47721 5.52204 5.52204 5.48638 5.39684 5.30685 5.14449 4.06583 3.94621 4.00829 4.07849 4.19991 4.32669 4.33211 4.33211 4.33211 4.33211 4.33211 4.33211 4.33211 4.33550 4.00301 3.89121 3.47458 3.46603 3.46603 3.46603 3.46603 3.46612 3.49803 3.50084 3.49877 3.47407 3.45934 3.45368 3.45391 3.47720 3.50271 3.52838 3.55377 3.57923 3.60489 3.63035 3.65574 3.68125 3.70692 3.73237 3.75777 3.74357 3.63738 3.75475 3.87176 4.79043 5.43038 5.43678
4.93800 4.93800 4.93800 4.97162 5.31487 5.32226 5.32202 5.32202 5.32202 5.32202 5.32202 5.31182 5.32841 5.33995 5.24986 5.19546 5.15464 5.03066 4.90397 4.22909 4.22376 4.22551 4.22551 4.26130 4.33211 4.33211 4.33172 4.33103 4.33131 4.34180 4.35501 4.36822 4.37761 4.16188 3.92373 3.59375 3.45869 3.45800 3.45730 3.45647 3.43716 3.74728 3.90021 3.89652 3.91523 3.92404 3.92404 3.92404 3.92404 3.92404 3.92404 3.92404 3.92404 3.92404 3.92404 3.92404 3.92404 3.91610 3.84881 3.76942 3.68898 3.54856 3.57623 3.83547 4.42263 5.43722 5.43722
4.93800 4.93800 4.93800 4.93800 5.21644 5.32237 5.32205 5.32112 5.27296 5.19692 5.12032 5.03134 4.96566 4.89560 4.82870 4.76855 4.68006 4.67547 4.67361 4.27584 4.20993 4.19930 4.20353 4.23292 4.32031 4.32662 4.34021 4.35420 4.36712 4.36983 4.36983 4.36983 4.36983 4.31733 3.92033 3.75790 3.44238 3.41146 3.38008 3.34884 3.33605 3.61227 3.92404 3.92404 3.92404 3.92404 3.92404 3.92404 3.92404 3.92404 3.92404 3.92404 3.92404 3.92261 3.86918 3.78979 3.71034 3.63882 3.62669 3.62669 3.62669 3.57809 3.53506 3.76733 4.06888 5.44792 5.48609
4.90989 4.85045 4.78683 4.72622 4.81013 5.02284 4.91557 4.76152 4.67400 4.54711 4.41538 4.30153 4.22638 4.19287 4.31678 4.52894 4.50225 4.47696 4.45273 4.20651 3.97321 3.99816 4.01059 4.04604 4.33880 4.36983 4.36983 4.36983 4.36983 4.36983 4.36983 4.36983 4.36387 4.31773 3.92866 3.74363 3.35913 3.33605 3.33605 3.33605 3.33605 3.47975 3.92404 3.92404 3.92404 3.92404 3.92404 3.92404 3.92404 3.92404 3.88937 3.81013 3.73073 3.65268 3.62669 3.62669 3.62669 3.62669 3.62669 3.62669 3.62669 3.62547 3.64250 3.82020 3.96251 5.46224 5.58931
4.11991 4.10523 4.09453 4.08360 4.05137 4.36438 4.26402 4.08354 4.01029 3.99868 3.99506 3.99169 3.98986 3.96476 3.98578 4.24272 4.24272 4.24299 4.24813 4.15391 3.77275 3.83263 3.83396 3.84595 4.22204 4.36983 4.36983 4.36983 4.36954 4.33741 4.28381 4.23023 4.18258 4.17513 4.00611 3.72218 3.48680 3.33605 3.33605 3.33605 3.33605 3.35868 3.91258 3.92404 3.92404 3.92404 3.90584 3.83047 3.75107 3.67165 3.62687 3.62669 3.62669 3.62669 3.62669 3.62669 3.62669 3.63042 3.70715 3.81191 3.91667 4.00696 3.94443 3.93153 3.98700 5.11414 5.58931
3.99288 3.87303 3.74634 3.61925 3.52422 3.85295 4.07154 3.99847 3.98985 3.98985 3.97657 3.94727 3.91796 3.89841 3.94561 4.22122 4.25949 4.26617 4.26798 4.26075 3.78123 3.83037 3.83316 3.84302 4.10309 4.35525 4.30352 4.24989 4.19660 4.17513 4.17513 4.17513 4.17513 4.17513 4.15307 3.74181 3.62830 3.33605 3.33605 3.33605 3.33605 3.33605 3.79558 3.85089 3.77141 3.69202 3.63080 3.62669 3.62669 3.62669 3.62669 3.62669 3.62669 3.62669 3.68013 3.78485 3.88962 3.99073 4.01876 4.01876 4.01876 4.01876 3.97745 3.92714 3.96917 4.76039 5.58931
3.52543 3.51858 3.51858 3.51858 3.51737 3.60300 4.00786 3.93165 3.88050 3.85117 3.83589 3.84053 3.84574 3.85238 3.95488 4.15469 4.26798 4.26798 4.26798 4.26798 3.88897 3.80192 3.80517 3.77199 3.87129 4.17698 4.17513 4.17513 4.17513 4.17513 4.17513 4.17513 4.17513 4.17513 4.17513 3.88620 3.72031 3.38544 3.33498 3.28321 3.20382 3.12434 3.38614 3.62669 3.62669 3.62669 3.62669 3.62669 3.62669 3.62669 3.65629 3.75788 3.86264 3.96744 4.01876 4.01876 4.01876 4.01876 4.01876 4.01876 4.01876 4.01876 4.00939 3.92813 3.94700 4.40665 5.58931
3.47140 3.42443 3.37750 3.33057 3.28488 3.27094 3.77040 3.86441 3.84444 3.84905 3.85348 3.85402 3.85402 3.85402 3.92005 4.07825 4.26798 4.26798 4.25450 4.22769 3.94114 3.67803 3.71633 3.71266 3.75266 4.17513 4.17513 4.17513 4.17513 4.17513 4.17513 4.17513 4.17513 4.17513 4.17513 4.12192 3.61029 3.33372 3.06636 3.03870 3.03870 3.03870 3.24030 3.62669 3.62669 3.62669 3.63951 3.73087 3.83563 3.94039 4.01559 4.01699 4.00794 3.99794 3.98807 3.97822 3.96824 3.95837 3.94852 3.93854 3.92867 3.91882 3.90886 3.83193 3.86542 4.16623 5.17537
3.27094 3.27094 3.27094 3.27094 3.27094 3.27094 3.56926 3.88969 3.86134 3.85402 3.85402 3.85402 3.85402 3.85402 3.88211 3.98014 4.21075 4.18394 4.17063 4.17949 4.06182 3.71035 3.71805 3.71590 3.70189 4.13125 4.17513 4.17513 4.17513 4.17513 4.17513 4.21145 4.49106 4.82546 5.15914 5.37068 3.91918 3.74483 3.48274 3.54803 3.61482 3.68100 3.75667 3.57068 3.66550 3.76048 3.84250 3.84595 3.83610 3.82623 3.81625 3.80816 3.80738 3.80738 3.80738 3.80738 3.80738 3.80738 3.80738 3.80738 3.86407 4.16062 4.48412 4.62275 4.44401 4.48350 5.00305
3.27094 3.27094 3.27094 3.27094 3.27094 3.27094 3.33137 3.88283 3.87084 3.85402 3.85330 3.83856 3.81848 3.79836 3.78894 3.89854 4.20083 4.27023 4.30741 4.33570 4.32304 4.01432 4.06466 4.11731 4.22386 4.74715 5.04236 5.11162 5.34715 5.68142 6.01486 6.31328 6.36721 6.36721 6.36721 6.36721 5.44172 4.64593 4.34553 4.30999 4.41475 4.51948 4.62134 3.89855 3.80738 3.80738 3.80738 3.80738 3.80738 3.80738 3.80738 3.80738 3.80738 3.80738 3.80738 3.80738 3.82491 4.07575 4.39937 4.72264 4.98944 5.01628 5.01628 4.98711 4.46859 4.46130 4.87037
3.28723 3.33069 3.34781 3.36490 3.38184 3.39695 3.41150 3.85945 4.00782 3.92998 3.91058 3.92012 3.94615 3.97246 3.99615 4.09568 4.36953 4.52123 4.54093 4.56494 4.59030 4.48959 4.51867 4.66136 4.73815 5.29821 6.00406 6.26904 6.36721 6.36721 6.36721 6.36721 6.36721 6.36721 6.36721 6.40352 6.27925 5.03942 4.96184 4.65188 4.65188 4.65188 4.65188 4.08854 3.80738 3.80738 3.80738 3.80738 3.80738 3.80738 3.80738 3.80738 3.80810 3.99089 4.31451 4.63789 4.94374 5.01628 5.01628 5.01628 5.01628 5.01628 5.01628 5.01628 4.70769 4.78454 5.10118
3.44523 3.63606 3.64113 3.64631 3.65164 3.65872 3.66636 3.87985 4.23448 4.15123 4.11896 4.14170 4.15323 4.16497 4.17703 4.25464 4.55625 4.86469 4.86853 4.86853 4.88140 4.91693 5.01202 5.45713 5.62925 5.81440 6.36721 6.36721 6.36721 6.36721 6.36721 6.37345 6.50763 6.69235 6.87721 7.02562 7.03844 5.65051 5.26937 4.66887 4.65188 4.65188 4.65188 4.27864 3.80738 3.80738 3.80738 3.80738 3.80738 3.91231 4.22952 4.55315 4.87568 5.01628 5.01628 5.01628 5.01628 5.01628 5.01628 5.01628 5.03969 5.27774 5.56792 5.85789 5.91483 5.53063 5.38292
3.41005 3.76418 3.77018 3.78334 3.81260 3.84120 3.86857 3.89864 4.31084 4.35135 4.20483 4.20483 4.20483 4.22286 4.27446 4.33947 4.45783 4.95347 5.11409 5.27459 5.42233 5.39289 5.28531 5.47203 5.63442 5.68674 6.36692 6.36721 6.44064 6.62449 6.80921 6.98782 7.03844 7.03844 7.03844 7.03844 7.03844 6.28041 5.31716 4.86460 4.65188 4.65188 4.65188 4.46873 3.80738 3.85501 4.14478 4.46816 4.79166 5.01011 5.01628 5.01628 5.01628 5.01628 5.01628 5.01628 5.01910 5.20164 5.49182 5.78179 6.04835 6.10027 6.10027 6.10027 6.08931 5.57673 5.45827
3.39341 3.84871 3.87166 3.88791 3.88853 3.88853 3.88853 3.88885 4.19186 4.47866 4.37602 4.39326 4.44560 4.50465 4.61342 4.72811 4.82250 5.38810 5.45111 5.45111 5.45111 5.43092 5.28531 5.35581 5.65344 5.77636 6.61691 6.92614 7.03736 7.03844 7.03844 7.03844 7.03844 7.03844 7.03844 7.03844 7.03844 6.88232 5.34470 5.10793 4.65188 4.66457 4.90454 5.20745 4.73416 4.98255 5.01628 5.01628 5.01628 5.01628 5.01628 5.01628 5.01628 5.12782 5.41573 5.70570 5.99295 6.10027 6.10027 6.10027 6.10027 6.10027 6.10027 6.10027 6.10027 5.76974 5.53063
3.31133 3.87961 3.89278 3.94181 4.00287 4.06387 4.12490 4.18565 4.29799 4.67481 4.69991 4.68554 4.80014 4.89007 4.89672 4.89672 4.88839 5.23034 5.45111 5.45111 5.45248 5.52391 5.48684 5.58194 6.05966 6.13784 6.68417 7.03844 7.03844 7.03844 7.03844 7.03844 7.03844 7.03844 7.03844 7.03844 7.03844 7.03844 5.93496 5.79255 5.51630 5.77712 5.86078 5.86078 5.21324 5.01628 5.01628 5.01628 5.01628 5.07113 5.33963 5.62960 5.91968 6.09810 6.10027 6.10027 6.10027 6.10027 6.13510 6.20581 6.27696 6.34767 6.41808 6.48924 6.55995 6.50417 6.13158
3.51139 4.04180 4.19826 4.21026 4.21026 4.21026 4.21026 4.21026 4.21030 4.91791 5.16751 4.90200 4.89672 4.89672 4.89672 4.89672 4.89407 5.11709 5.59404 5.70492 5.81438 5.85385 5.71674 5.60654 5.83445 6.13784 6.49133 7.03844 7.03844 7.03844 7.03483 6.96812 6.88306 6.80266 6.69994 6.52916 6.72949 6.58603 6.55076 6.60793 6.26896 6.04006 6.08904 6.13765 5.83213 5.64408 5.94397 6.30479 6.66536 6.97185 7.06372 7.13443 7.20559 7.27630 7.34700 7.41726 7.48902 7.55928 7.59516 7.59516 7.59516 7.59516 7.59516 7.75795 8.36647 8.99863 7.55310
3.71482 3.99500 4.21026 4.21026 4.21026 4.21026 4.21026 4.21026 4.21026 4.61748 5.19512 4.97999 4.89672 4.90374 4.96968 5.04887 5.12810 5.28979 5.82840 5.76995 5.69812 5.62884 5.53906 5.48471 5.58564 6.07841 6.22116 6.76683 6.73924 6.71319 6.68653 6.62749 6.55613 6.48438 6.43504 6.46467 7.21587 7.40112 7.41801 7.42895 7.28534 6.76551 6.93569 7.22566 7.43584 7.53445 7.59516 7.59516 7.59516 7.59516 7.59516 7.59516 7.59516 7.59516 7.59516 7.59516 7.59516 7.59516 7.59516 7.66103 8.20084 8.83448 9.46812 9.93968 9.96480 9.96480 8.56903
3.78599 3.86640 4.21026 4.21198 4.22226 4.23368 4.24509 4.25648 4.26830 4.39228 5.29049 5.31644 5.31208 5.42832 5.46836 5.47355 5.47861 5.52379 5.55996 5.53786 5.52331 5.50803 5.51810 5.59739 5.58190 5.96027 6.16545 6.89090 6.79053 6.68219 6.57810 6.54966 6.54966 6.54966 6.54966 6.54966 7.03576 7.41756 7.43186 7.48868 7.54316 7.69693 7.84841 7.84841 7.82536 7.59543 7.59516 7.59516 7.59516 7.59516 7.59516 7.59516 7.59516 7.59516 7.59516 7.60724 8.03520 8.66884 9.30295 9.87096 9.96480 9.96480 9.96480 9.96480 9.96480 9.96480 9.55463
3.93790 3.91295 4.58735 4.64669 4.69650 4.74575 4.79548 4.84590 4.89641 4.92034 5.61648 5.93403 5.77116 5.71582 5.68694 5.68089 5.67505 5.69105 5.70788 5.67315 5.68421 5.69612 5.71048 5.83095 5.78541 5.98939 6.33594 6.55009 6.54966 6.54966 6.54966 6.54966 6.54966 6.54966 6.55252 6.58351 6.90598 7.56449 7.60096 7.60561 7.61470 7.72858 7.84841 7.84841 7.84841 7.62945 7.59516 7.59516 7.59516 7.59516 7.59516 7.59516 7.87098 8.50344 9.13732 9.75911 9.96480 9.96480 9.96480 9.96480 9.96480 9.96480 9.96480 9.99118 10.1574 10.3438 10.5302
4.22738 4.43247 5.00165 5.09220 5.11337 5.13993 5.14575 5.11843 5.09067 5.06283 5.35873 5.84247 5.77783 5.73730 5.73730 5.73730 5.72635 5.68586 5.79066 5.76077 5.71296 5.64078 5.56866 5.60268 5.62784 5.70151 6.20826 6.54318 6.54966 6.54966 6.54967 6.56964 6.60779 6.64595 6.68124 6.68840 6.78721 7.60255 7.60255 7.60264 7.61328 7.64455 7.84730 7.84841 7.84841 7.68651 7.59516 7.59516 7.73828 8.33804 8.97168 9.60556 9.96337 9.96480 9.96480 9.96480 9.96480 9.96480 9.96480 9.97184 10.1095 10.2959 10.4823 10.6424 10.6628 10.6628 10.6628
4.61283 4.72442 5.01781 5.21598 5.16695 5.11259 5.07899 5.07854 5.07854 5.07854 5.10643 5.77361 5.74577 5.63053 5.58752 5.54451 5.49196 5.42945 5.53816 5.52400 5.49966 5.49966 5.49966 5.56592 5.62784 5.62784 6.06425 6.46332 6.59395 6.63207 6.67021 6.68840 6.68840 6.68840 6.68840 6.68840 6.68881 7.47696 7.60255 7.60255 7.60899 7.61470 7.79164 7.84841 7.90197 8.32076 8.80604 9.43992 9.93067 9.96480 9.96480 9.96480 9.96480 9.96480 9.96480 9.96480 10.0615 10.2480 10.4344 10.6138 10.6628 10.6590 10.5846 10.4910 10.4052 10.3136 10.2223
5.02780 4.87390 4.77841 5.07854 5.07854 5.07670 5.03342 4.97317 4.91295 4.85273 4.79248 5.27486 5.56951 5.46063 5.39020 5.32836 5.28696 5.28588 5.36890 5.50895 5.49966 5.49966 5.49966 5.53756 5.64813 5.67355 5.93741 6.47582 6.68840 6.68840 6.68840 6.68840 6.68840 6.68840 6.68840 6.68840 6.68840 7.21935 7.60255 7.60255 7.60155 8.02527 8.75172 9.52778 10.1081 10.1702 9.96480 9.96480 9.96480 9.96480 9.96480 9.96480 10.0189 10.2000 10.3864 10.4974 10.4843 10.3991 10.3207 10.2482 10.1809 10.1120 10.0856 10.0754 10.0679 10.0741 10.0862
5.02780 4.85970 4.58894 4.89684 4.83659 4.77824 4.76126 4.76126 4.76126 4.76126 4.76126 4.91395 5.32552 5.30039 5.28588 5.28588 5.28588 5.28588 5.29503 5.51801 5.51075 5.53612 5.56157 5.59418 5.71941 5.71781 5.77101 6.37663 6.68840 6.68840 6.68840 6.68840 6.68840 6.68840 6.68840 6.65407 6.58981 6.80569 7.23360 6.94546 6.66053 9.31247 9.99838 10.2082 10.1620 10.0861 10.0101 10.0482 10.0921 10.2759 10.4826 10.6892 10.8420 10.8674 10.8878 10.4450 10.3023 10.2977 10.2894 10.2821 10.2756 10.2815 10.2936 10.3057 10.3162 10.3175 10.2964
