OMI_NO2_yc_0.0167deg/OMI_NO2_yc_0.0167deg/OMI_NO2_200506.asc
ncols      200
nrows      200
xllcorner       110.913
yllcorner       33.7933
cellsize     0.0166667
NODATA_Value      -999.000
[rows 116 to 144 of 200, columns 67 to 133 of 200]
4.28575 4.36171 4.57077 4.65000 4.43692 4.18959 4.18447 4.23064 4.27678 4.32296 4.08339 3.97431 4.01482 4.02069 4.02069 4.02069 4.16507 4.44765 4.73050 5.02246 5.39171 6.01937 6.40974 7.33166 7.91548 8.16209 8.24706 8.31844 8.60904 8.85747 8.85760 8.84275 8.78024 8.71384 8.64744 9.23433 13.2037 13.3499 13.4138 13.4138 13.4138 13.4138 13.4138 13.9640 14.6390 14.4190 13.9945 13.9945 13.9945 14.0966 14.8644 14.9734 16.3878 17.1275 17.1440 17.3218 17.1857 16.9351 16.6733 16.4012 16.2032 16.1955 16.2202 17.3720 18.2254 16.2620 13.9896
4.42239 4.51496 4.81771 4.97135 4.87579 4.61183 4.47668 4.53615 4.59843 4.66065 4.89512 5.56138 5.84367 6.12681 6.40854 6.69196 6.82960 6.82960 6.82960 6.82960 6.90908 7.15581 7.41490 7.73513 8.27757 8.27006 8.26935 8.22929 8.44384 8.66078 8.61389 8.56240 8.55879 8.55879 8.55879 8.55879 12.2003 13.3053 13.4138 13.4138 13.4138 13.4138 13.4138 13.5633 14.6411 14.5929 14.0228 14.1113 14.2334 14.3549 15.1083 15.3265 15.6116 16.1074 16.0715 16.2173 16.3021 16.3729 16.4452 16.5177 16.5902 16.6623 16.7065 17.5477 18.6143 18.2778 14.5100
4.76827 4.82923 5.22584 5.47810 5.43919 5.23412 5.04302 5.04594 5.04594 5.04594 5.28328 6.82960 6.82960 6.82960 6.82960 6.82960 6.82960 6.83763 6.88887 6.94189 7.03605 7.18515 7.49142 7.55696 8.11119 8.05863 7.99403 7.97155 8.18186 8.47862 8.55879 8.55879 8.55879 8.55879 8.55879 8.56009 10.5729 13.2774 13.4362 13.4462 13.4548 13.4633 13.4719 13.5252 14.6062 14.9788 14.5455 14.4758 14.4532 14.4047 14.6386 14.9092 14.9331 15.7327 16.2623 16.6337 16.8086 16.7950 16.7494 16.7023 16.6553 16.6086 16.5898 17.0346 18.4418 18.8280 15.6088
5.01408 5.07016 5.27090 5.59497 5.60816 5.35471 5.06334 5.04594 5.04594 5.04594 5.04594 6.60673 6.82960 6.83379 6.88096 6.93471 6.98357 7.02260 7.04297 7.07314 7.12539 7.21704 7.58703 7.61732 7.85597 7.97087 7.97120 7.97155 8.12657 8.48483 8.67330 8.72006 8.76685 8.81368 8.86044 8.90589 9.21574 13.1727 13.4492 13.4990 13.5998 13.7130 13.8262 13.8943 14.4338 15.0499 14.6193 14.3086 14.2832 14.2831 14.3297 14.8338 14.8397 15.5354 16.0100 16.4228 16.6245 16.5912 16.5898 16.5898 16.5898 16.5898 16.5892 16.5674 17.9983 18.5150 16.7855
4.98838 5.06656 5.12719 5.54708 5.64114 5.37915 5.14531 5.04594 5.04594 5.04997 5.15420 6.30128 6.97690 7.02136 7.05418 7.08441 7.11457 7.14472 7.15965 7.15965 7.16446 7.28787 7.58958 7.76517 7.93277 8.21234 8.25920 8.30654 8.38950 8.71605 8.91957 8.92928 8.95827 8.98775 9.01724 9.04676 9.07624 12.2364 13.7942 13.8825 13.8736 13.8255 13.7770 13.7289 13.8609 14.9249 14.7053 14.2830 14.2602 14.2199 14.1796 14.5270 14.5664 14.9129 15.3595 15.8330 16.0473 15.9398 15.8325 15.7251 15.6175 15.5099 15.4030 15.3600 16.0633 16.3373 15.3323
4.98428 5.03799 5.07016 5.40368 5.63250 5.43790 5.31539 5.27186 5.39744 5.51778 5.57913 6.14417 7.12585 7.15956 7.17561 7.18584 7.19607 7.20630 7.21652 7.22675 7.23492 7.50016 7.74498 7.98217 8.02458 8.37808 8.42082 8.45091 8.48289 8.81091 9.12592 9.14649 9.14699 9.14699 9.14699 9.14699 9.12315 10.5857 13.8016 13.7302 13.6978 13.6289 13.5476 13.4600 13.3521 14.1967 14.2501 13.4548 13.3475 13.2589 13.1704 13.3014 13.6499 13.8444 14.3642 15.0414 15.4689 15.5394 15.5473 15.5554 15.4750 14.7892 13.9876 13.1869 13.1379 14.5778 14.7324
4.98428 5.00730 5.11814 5.38641 5.82531 5.89283 5.82965 5.64096 5.68130 5.71312 5.72428 5.88858 7.23210 7.24986 7.26144 7.27305 7.28467 7.29626 7.30791 7.31951 7.33116 7.50698 7.78119 8.33147 8.34740 8.59762 8.72411 8.73598 8.74801 8.96445 9.17029 9.09609 8.97806 8.82689 8.67564 8.52413 8.39697 8.45758 12.6452 12.9892 12.8838 12.8432 12.8151 12.7934 12.7918 13.3342 13.9557 13.2797 13.1557 13.1557 13.1557 13.1854 13.6961 13.7495 14.4042 14.9250 15.4874 15.1797 14.3704 13.5608 12.8399 12.7247 12.7247 12.7116 12.7677 14.4024 14.7358
4.88388 4.88808 5.25889 5.31516 5.71061 5.87604 6.24005 6.02947 6.00095 6.01254 6.02414 6.03573 7.29971 7.53113 7.53114 7.53115 7.53116 7.53116 7.53116 7.53116 7.57524 7.73175 8.12555 8.72275 8.91639 9.12996 9.45575 9.54857 9.61973 8.97193 8.05296 8.04098 8.00763 8.00740 7.99961 7.96849 7.93587 7.92689 10.7681 12.8009 12.7918 12.7918 12.7918 12.7918 12.7918 12.9474 13.8766 13.4797 13.1557 13.1557 13.1557 13.1557 13.5300 13.5209 13.2617 12.9176 12.8208 12.8524 12.9126 12.9552 12.9773 12.9984 13.0189 13.0499 13.0729 14.0537 14.8460
4.79297 4.80054 5.06053 5.26071 5.56000 5.86328 6.43435 6.24108 6.04477 6.04477 6.02369 5.95414 6.96401 7.84727 7.94003 8.03280 8.12584 8.21870 8.31147 8.40442 8.45329 8.45424 8.78064 9.15605 9.40611 9.36366 9.62720 9.57993 9.55039 9.26542 7.91339 7.95175 7.91913 7.88646 7.86165 7.86011 7.86011 7.86011 8.89209 12.7983 12.7918 12.7562 12.6315 12.5094 12.3945 12.2882 13.1112 13.6558 13.1200 13.0342 12.4360 11.7096 11.1620 11.0125 11.5072 12.2060 12.8121 13.1232 13.0907 13.0608 13.0424 13.0242 13.0059 12.9877 12.9696 13.4108 14.5909
4.94266 4.92915 5.01197 5.38076 5.46140 5.56804 5.96182 5.91580 5.49915 5.42773 5.37725 5.37538 6.38928 8.45329 8.45329 8.45329 8.45329 8.45329 8.45329 8.45329 8.44205 8.38614 8.55362 8.80152 9.19136 9.21130 9.44061 9.47064 9.44145 9.40922 7.90481 7.86011 7.86011 7.86011 7.86011 7.86011 7.86080 7.87729 8.06990 11.5809 12.3054 12.1992 12.1670 12.1384 12.1099 12.0809 12.2120 12.3935 11.1374 10.4953 10.3694 10.4127 10.4913 10.9209 11.2234 12.1670 12.5062 12.9386 12.9258 12.9194 12.9319 12.9764 13.0224 13.0684 13.1142 13.1720 14.2446
4.62482 4.66843 4.69424 5.09198 5.16133 5.21099 5.54009 5.84211 5.38908 5.37538 5.37538 5.37538 5.61548 8.43388 8.45329 8.45329 8.44663 8.39463 8.33409 8.27358 8.22439 8.27120 8.49284 8.84740 9.50486 9.59504 9.53076 9.39573 9.39619 9.40516 8.29786 7.85925 7.89502 7.94645 7.99507 8.04044 8.08254 8.11381 8.11248 9.72138 12.0295 12.0268 11.8911 11.3411 10.7646 10.1884 10.0827 11.1201 10.7411 10.6769 10.7366 10.7551 10.7551 10.9536 11.0964 12.2176 12.4366 12.9280 13.0527 13.0987 13.1322 13.1338 13.1338 13.1338 13.1338 13.1338 13.9152
4.68700 4.68700 4.68700 4.92222 5.16133 5.16914 5.39442 5.86006 5.50388 5.37538 5.37538 5.37538 5.37211 7.83096 8.34257 8.28206 8.23627 8.30567 8.39967 8.49360 8.58748 8.62999 8.65994 8.99247 9.45932 9.65199 9.67488 9.51696 9.51526 9.51640 8.89094 8.12743 8.16396 8.16430 8.16384 8.15170 8.13450 8.11731 8.09673 8.18411 10.9534 10.5286 10.0877 10.0739 10.0977 10.1216 10.1454 11.0056 11.0737 10.7551 10.7552 10.7807 10.8267 10.9603 11.2377 12.1203 12.5667 12.9788 13.1630 13.1740 13.1850 13.1960 13.2070 13.2180 13.2290 13.2400 13.5192
4.68700 4.68700 4.68700 4.75284 5.16009 5.16133 5.28718 5.78175 5.63790 5.33370 5.27314 5.21268 5.18411 6.97509 8.43414 8.52810 8.62492 8.69993 8.76464 8.82926 8.89398 8.95860 9.02327 9.17822 9.37624 9.56015 9.43941 9.20659 9.41853 9.44127 9.20305 8.04252 8.07089 8.05371 8.03696 8.03190 8.03190 8.03190 8.03190 7.92832 9.28913 10.1211 10.1449 10.1558 10.1539 10.1070 10.0503 10.5155 11.0975 10.9790 11.0504 11.0964 11.1217 11.1518 11.4636 12.0347 12.7564 13.1027 13.3346 13.3405 13.3461 13.3521 13.3577 13.3134 13.0524 12.7667 12.5282
4.68700 4.68700 4.68700 4.68700 5.05530 5.13289 5.13171 5.50766 5.62135 5.32875 5.48743 5.64598 5.77589 6.76276 8.98535 9.04997 9.10375 9.10936 9.10936 9.05415 8.95813 8.87168 8.79105 8.79276 8.92869 9.21893 9.20591 9.14117 9.23155 9.38929 9.39808 8.20012 8.25360 8.26805 8.25545 8.20877 8.17454 8.14045 8.10657 7.98575 8.43048 9.97538 9.95215 9.94134 9.93248 9.96888 10.0148 10.1857 11.1899 11.5396 11.5399 11.5399 11.5399 11.5399 11.7250 12.0545 13.0624 13.2646 13.4879 13.4803 13.2754 12.9839 12.6924 12.4509 12.4260 12.4260 12.4674
4.70059 4.72569 4.81693 4.93635 5.20495 5.43947 5.64225 5.94193 6.55377 6.15402 6.11059 6.11546 6.12482 6.31485 9.18407 9.15287 9.05750 8.96875 8.88593 8.85179 8.85455 8.85455 8.85455 8.88339 8.91975 9.08482 9.00238 8.88362 8.69681 8.84984 8.74379 7.92236 7.83960 7.79123 7.76963 7.78239 7.78239 7.79412 7.84083 7.86349 7.79482 9.78983 10.0365 10.0365 10.0365 10.0365 10.0365 10.0365 10.8976 11.5143 11.5399 11.5399 11.5399 11.5399 11.6141 11.8607 12.8232 12.7722 12.7892 12.5365 12.5236 12.5987 12.7250 12.8976 13.0701 13.2427 13.3739
5.35977 5.60139 5.77677 5.92412 5.95423 5.96968 5.94526 5.90428 6.48920 6.32017 6.22610 6.23094 6.23102 6.22399 8.26118 8.70379 8.59264 8.48185 8.37068 8.25964 8.14872 8.03768 7.92675 7.81860 7.86256 8.06263 8.17351 8.17871 8.07667 8.35091 8.41522 8.01851 7.74984 7.81663 7.86593 7.91510 7.96425 8.00180 8.00417 8.00402 7.85452 9.09002 10.0365 10.0365 10.0514 10.1037 10.1579 10.2119 10.7692 11.4501 11.5399 11.6163 11.7403 11.6473 11.5205 11.6710 12.1677 12.5618 13.0172 13.2176 13.3165 13.4140 13.4639 13.4941 13.5297 13.5652 13.6008
5.88410 5.85905 5.83398 5.80893 5.78459 5.81820 5.89952 6.00573 6.40271 6.47699 6.39325 6.42372 6.45463 6.48558 7.16304 7.75409 7.75409 7.75409 7.75409 7.75409 7.75409 7.75409 7.75409 7.75773 7.85167 8.01039 8.21919 8.22819 8.17770 8.31650 8.51758 8.45375 7.86057 8.00417 8.00417 8.00417 8.00417 8.00417 8.00417 8.00601 7.94620 8.38719 10.1845 10.3095 10.4922 10.6364 10.7793 10.9226 11.2349 12.1783 12.2805 12.0759 11.8231 11.7892 11.8119 12.0964 12.6188 13.0842 13.5084 13.6520 13.6875 13.7230 13.7550 13.7813 13.8580 13.9376 14.0173
5.92973 5.96316 6.05063 6.16046 6.26955 6.36956 6.42960 6.44065 6.57405 6.65208 6.50710 6.50578 6.50578 6.50578 6.84332 7.75409 7.75409 7.75409 7.75409 7.75645 7.76939 7.78359 7.79778 7.80840 7.87670 8.00246 8.31120 8.34513 8.36566 8.36472 8.63058 8.66246 7.90015 8.00417 8.00417 8.05456 8.21247 8.37420 8.53585 8.69558 8.87472 9.19149 11.0419 11.4273 11.4273 11.3456 11.1022 10.8678 10.6372 11.4433 11.9064 11.9577 12.0056 12.0555 12.0818 12.2010 12.7553 13.2288 13.5441 13.8314 13.9111 13.9908 14.0704 14.1291 14.1320 14.1320 14.1320
6.29792 6.37431 6.39651 6.39651 6.39651 6.39774 6.42785 6.42960 6.53376 6.68713 6.53859 6.50578 6.50578 6.50578 6.55521 7.72399 7.76742 7.78161 7.79581 7.81075 7.83959 7.87235 7.90514 7.93785 7.97054 8.06571 8.31559 8.38639 8.47571 8.51340 8.90070 9.09212 8.70122 8.77765 8.93937 9.05063 9.05417 9.05417 9.05662 9.06687 9.10804 9.44850 10.3734 10.9422 10.6718 10.4854 10.4683 10.4507 10.4328 10.8910 11.4701 11.4657 11.9073 12.0829 12.1271 12.2070 12.8094 13.4239 13.7675 14.1320 14.1336 14.1382 14.1428 14.1474 14.1521 14.1567 14.1614
6.39651 6.39651 6.39651 6.39651 6.39651 6.39651 6.41723 6.42960 6.49599 6.69638 6.58273 6.50641 6.51713 6.53133 6.54553 7.51514 7.85178 7.88454 7.91735 7.94703 7.97566 8.01827 8.06094 8.10361 8.14644 8.58053 8.92908 9.24935 9.36191 9.43125 9.57906 9.69037 9.34080 9.08420 9.07012 8.97761 8.96266 8.94797 8.93150 8.90840 8.88536 9.12943 9.45860 10.2763 10.3088 10.3279 10.3350 10.3350 10.3352 10.5208 11.4339 11.6100 12.0002 12.4410 12.4811 12.4857 12.7980 13.4146 13.7192 14.1594 14.1699 14.1663 14.1626 14.1590 14.1552 14.1516 14.1697
6.39651 6.39651 6.39651 6.39651 6.39651 6.39651 6.40538 6.42978 6.51885 6.67768 6.66514 6.57939 6.62007 6.68904 6.76452 7.45577 8.12089 8.16347 8.20617 8.24878 8.26808 8.26808 8.32049 8.44045 8.58054 9.07069 9.47039 9.64320 9.66434 9.68157 9.65882 9.80922 9.69044 9.10962 9.15117 8.90118 8.90134 8.90458 8.92623 8.97344 9.02166 9.24296 9.51041 10.3154 10.5171 10.5479 10.5821 10.6161 10.6501 10.6703 11.6397 11.8958 12.0631 12.6077 12.6114 12.6150 12.6666 13.1367 13.4579 13.6660 13.6473 13.6174 13.5934 13.6210 13.6612 13.7007 13.7204
6.39651 6.39651 6.39651 6.39794 6.40815 6.43855 6.49700 6.54896 6.61407 6.97725 7.18937 7.08227 7.12183 7.13856 7.14896 7.46835 8.45096 8.50684 8.63784 8.78831 8.93884 9.08938 9.18743 9.21795 9.22835 9.43301 9.82162 9.92979 9.92827 9.91554 9.83910 9.96287 9.97568 9.39071 9.44689 9.24094 9.22774 9.27267 9.29929 9.30036 9.30346 9.40028 9.65312 10.2544 10.6874 10.6906 10.6906 10.6906 10.6906 10.6906 11.2914 11.8736 11.9360 12.5988 12.6202 12.6202 12.5943 12.6737 13.2059 13.4186 13.5588 13.6268 13.6895 13.6350 13.5081 13.3945 13.2899
6.56382 6.62778 6.68187 6.70466 6.71682 6.70880 6.67308 6.68164 6.70395 7.13855 7.51903 7.40653 7.44239 7.50937 7.64631 7.81745 9.09522 9.23656 9.25164 9.23907 9.22632 9.21357 9.20084 9.18809 9.17536 9.20644 9.71410 9.78467 9.80778 9.80777 9.77139 9.81033 9.88231 9.67458 9.63291 9.44236 9.30903 9.32082 9.33258 9.34436 9.35302 9.36342 9.66558 9.97221 10.6482 10.6906 10.6906 10.7134 10.7942 10.8779 11.1970 12.0329 11.9142 12.4336 12.6178 12.5928 12.6098 12.5389 12.9083 12.9348 12.9451 12.8335 12.7289 12.6914 12.7138 12.7229 12.7108
6.74224 6.69974 6.66485 6.65982 6.65662 6.65342 6.65022 6.65214 6.67390 7.03804 7.61586 7.90418 8.14947 8.27963 8.33985 8.39684 8.97151 9.13847 9.13012 9.12995 9.12995 9.12995 9.12995 9.12995 9.12995 9.12995 9.58002 9.73894 9.79213 9.78540 9.77717 9.73915 9.88967 9.76566 9.67660 9.58229 9.35346 9.35346 9.35346 9.35346 9.35346 9.35346 9.59111 9.91363 10.6107 10.9214 11.0025 11.0285 10.9872 10.9429 10.9016 11.7827 11.6800 12.0212 12.3955 12.4411 12.4485 12.3322 12.5202 12.4517 12.6057 12.5719 12.5310 12.4901 12.4492 12.4084 12.3302
6.71602 6.77073 6.82768 6.88473 6.94224 7.00780 7.07628 7.14460 7.23196 7.47747 7.94198 8.39538 8.54332 8.54333 8.54333 8.54333 8.82315 9.12995 9.12995 9.12995 9.12995 9.12995 9.12837 9.12197 9.11524 9.10851 9.40093 9.68133 9.75376 9.73655 9.71933 9.73570 9.91574 9.86045 9.68210 9.67380 9.35841 9.35346 9.38101 9.44458 9.49863 9.55274 9.73213 9.90833 10.3631 10.7637 10.7219 10.7125 10.7404 10.8006 10.8473 11.4848 11.7562 11.8963 12.4746 12.5367 12.5951 12.4324 12.3739 12.2905 12.3687 12.3650 12.2174 12.0354 11.8534 11.6715 11.5390
7.18157 7.19170 7.20302 7.21435 7.22517 7.22792 7.22792 7.22792 7.24051 7.39109 7.77624 8.31579 8.52222 8.54333 8.54333 8.54333 8.67268 9.12995 9.12894 9.12290 9.11616 9.10943 9.10211 9.08669 9.06948 9.05227 9.17665 9.59796 9.69563 9.70647 9.70647 9.69941 9.78860 9.82608 9.59079 9.68353 9.46677 9.45287 9.47938 9.46994 9.46994 9.46999 9.51859 9.71811 10.0205 10.5981 10.7773 10.8581 10.9138 10.9864 11.0964 11.4807 12.4024 12.4061 12.5805 12.5805 12.5804 12.4112 12.0272 11.8406 11.7012 11.5670 11.5327 11.5327 11.5352 11.5531 11.5736
7.21211 7.22792 7.22792 7.22792 7.22792 7.22792 7.22792 7.22792 7.23117 7.30461 7.65616 8.20950 8.48222 8.54333 8.54277 8.53721 8.54025 9.07973 9.09799 9.08022 9.06301 9.04581 9.03078 9.03308 9.06081 9.09195 9.13620 9.40650 9.42958 9.47760 9.63643 9.82798 10.0447 10.0403 9.85259 9.84165 9.67670 9.58060 9.62317 9.66659 9.71137 9.75696 9.79870 10.0697 10.2413 10.8438 11.3694 11.4473 11.5236 11.5460 11.5460 11.5534 12.5495 12.3423 12.1570 11.9725 11.7881 11.7144 11.4920 11.6325 11.6238 11.7029 11.7234 11.7439 11.7633 11.7689 11.7719
7.15990 7.22792 7.22792 7.22792 7.22792 7.22792 7.22792 7.22792 7.22792 7.24830 7.61303 8.00831 8.40657 8.52412 8.50553 8.48715 8.48426 8.91351 9.10530 9.13629 9.16741 9.19851 9.22964 9.25632 9.26035 9.38370 9.59930 9.81656 10.0786 10.3138 10.3342 10.3455 10.3811 10.1704 9.99532 9.89634 9.88977 9.87595 9.86192 9.84818 9.83618 9.88364 9.96430 10.2592 10.5391 10.8306 11.5892 11.6348 11.6485 11.6509 11.6532 11.6556 11.7854 11.6802 11.6055 11.5916 11.5779 11.5641 11.3914 11.4801 11.4727 11.5842 11.5982 11.6117 11.6215 11.5916 11.3603
7.10467 7.22792 7.22792 7.22792 7.22792 7.22792 7.22779 7.17931 7.09334 7.09264 7.41447 7.71074 8.36759 8.60318 8.63471 8.66763 8.68637 8.95344 9.27672 9.28436 9.32462 9.52501 9.75732 9.98980 10.2214 10.3304 10.3473 10.3453 10.3450 10.4130 10.4153 10.4172 10.4446 10.3487 10.1617 9.62304 9.74435 9.86047 10.0057 10.1519 10.2954 10.3802 10.4308 10.5292 10.6663 10.7980 11.3731 11.5486 11.5374 11.5374 11.5374 11.5374 11.5470 11.6200 11.4525 11.4615 11.4739 11.4856 11.4966 11.5939 11.6210 11.7093 11.5452 11.2662 10.9871 10.7465 10.7140
