OMI_NO2_yc_0.0167deg/OMI_NO2_yc_0.0167deg/OMI_NO2_200602.asc
ncols      200
nrows      200
xllcorner       110.913
yllcorner       33.7933
cellsize     0.0166667
NODATA_Value      -999.000
[rows 117 to 129 of 164, columns 29 to 57 of 200]
11.3681 14.3513 14.9521 14.9369 15.1933 15.0393 14.8002 14.8098 15.8866 15.8571 16.0364 16.0251 15.8853 15.7098 15.5343 15.3587 15.1888 15.1071 15.0905 15.0824 15.0051 14.9119 14.8188 14.7402 14.7261 15.9349 17.1900 15.7631 15.9681
10.9093 12.3538 13.6436 13.6165 13.9534 14.2447 14.2379 14.2509 15.2212 15.3081 15.3146 15.1755 15.1397 15.1397 15.1397 15.1362 15.0674 14.9561 14.8319 14.7469 14.7283 14.6948 14.6526 14.5591 14.4245 14.7309 16.7604 15.5865 15.7421
10.3230 10.6631 12.8472 12.9152 13.5530 13.9331 13.8677 13.8594 14.5106 14.9325 15.0615 15.1389 15.0806 14.9436 14.7528 14.5654 14.4424 14.3114 14.1269 13.9864 13.8494 13.7432 13.6456 13.5992 13.5992 13.6545 15.2744 15.0564 14.6880
9.83783 9.77106 11.9254 12.4897 13.1713 13.5248 13.5494 13.4446 13.6508 14.1800 14.0821 14.0432 13.9307 13.8728 13.8502 13.8255 13.7861 13.7713 13.7325 13.7202 13.7180 13.6860 13.6081 13.5306 13.4539 13.3881 14.0043 14.7895 13.9510
9.00304 8.90152 10.0077 11.4884 12.6007 12.9758 13.1752 13.1129 13.1962 13.7361 13.8300 13.9389 13.8830 13.8480 13.8287 13.8116 13.8069 13.7555 13.6623 13.5681 13.4960 13.4519 13.4514 13.4514 13.4560 13.4712 13.6469 14.9300 14.2231
8.67298 8.68630 9.01980 11.2347 12.5299 12.7184 13.0448 13.0145 12.9951 13.3064 13.6229 13.7825 13.7958 13.7294 13.6572 13.5851 13.5151 13.4945 13.4752 13.4741 13.4896 13.5051 13.5207 13.5362 13.5470 13.4814 13.3486 14.0599 13.4490
8.72462 8.79595 9.18473 10.8254 12.0853 12.6237 12.8411 12.9567 12.9256 13.0113 13.4450 13.4851 13.4859 13.4483 13.4163 13.3842 13.3524 13.3204 13.3032 13.5210 13.4672 13.3470 13.2268 13.1066 12.9865 12.9324 12.9392 13.2187 13.3637
9.77638 10.0485 10.0755 10.6094 11.6740 12.4839 12.4444 12.6341 12.5636 12.5851 13.0710 13.1989 13.3022 13.3021 13.2912 13.1263 12.9169 12.7142 12.5182 12.4680 12.4585 12.9203 12.9367 12.9626 12.9915 13.0204 13.0425 13.0694 13.1913
9.95583 9.76616 9.57519 9.72658 10.9890 11.9644 12.0130 12.4172 12.3460 12.3012 12.4917 12.5399 12.5049 12.3195 12.1479 12.1058 12.1058 12.1058 12.1079 12.1983 12.3728 12.8577 13.0410 13.0081 12.7445 12.4411 12.1380 11.8802 12.3369
9.07038 8.99824 8.92725 9.00227 10.2139 11.4096 11.5510 11.7273 11.8340 11.8377 11.8907 11.9403 12.0792 12.1058 12.1067 12.1254 12.1511 12.1749 12.1936 12.1880 12.1729 12.1613 12.1505 11.8776 11.8319 11.8263 11.8207 11.8179 12.1302
8.58317 8.56708 8.55115 8.53540 9.46206 11.0253 11.5167 11.5373 11.7884 11.7638 11.7916 11.8351 11.9997 12.1421 12.1619 12.1581 11.9687 11.6927 11.4191 11.1620 11.2614 11.4267 11.8284 11.8433 11.8635 11.8912 11.9188 11.9464 12.3721
8.34481 8.30059 8.25624 8.21193 8.69008 10.3824 11.1545 11.1084 11.4851 11.5021 11.6613 11.7614 11.7767 11.7807 11.5243 11.2734 11.2017 11.2181 11.2351 11.2525 11.3731 11.5160 11.9928 12.0422 12.0495 12.0495 12.0495 12.0707 12.3003
7.82850 7.81600 7.80346 7.78822 8.01310 9.59926 10.7515 10.9497 11.1442 11.0001 11.0143 10.9566 10.9145 11.2694 11.2718 11.2741 11.2847 11.2960 11.3073 11.3181 11.3533 11.5748 12.0451 12.3768 12.5228 12.6686 12.8147 12.9395 12.9149
