OMI_NO2_yc_0.0167deg/OMI_NO2_yc_0.0167deg/OMI_NO2_200706.asc
ncols      200
nrows      200
xllcorner       110.913
yllcorner       33.7933
cellsize     0.0166667
NODATA_Value      -999.000
[rows 58 to 86 of 200, columns 67 to 133 of 200]
4.36836 4.26264 4.24005 3.89933 3.69367 3.68884 3.56730 3.49801 3.49801 3.49801 3.51725 3.55394 3.59087 3.62751 3.64388 3.28839 3.52519 3.77988 3.77988 3.77988 3.77988 3.77988 3.77988 3.77988 3.79586 3.87500 3.95382 3.88955 4.66990 4.74710 4.89281 5.09009 5.03597 5.03664 5.04902 5.19841 5.41523 5.65946 6.59542 6.76951 6.92365 7.19417 7.42959 7.38650 7.34347 7.31585 7.53413 7.53003 7.17861 7.17802 7.17738 8.39785 10.2061 10.2140 10.4227 10.4340 10.4334 10.4328 10.4322 10.4315 9.82316 9.07548 8.74755 7.97703 7.34905 7.68570 8.81476
4.26931 4.27816 4.28701 4.15419 3.75842 3.76726 3.71636 3.62926 3.67335 3.71756 3.74248 3.74992 3.75731 3.76469 3.77207 3.57530 3.63075 4.02125 4.03112 4.04175 4.10066 4.18778 4.27490 4.36195 4.45452 4.58006 4.70902 4.67327 4.81160 5.05511 5.30308 5.88613 6.08597 6.25078 6.40554 6.45984 6.45977 6.43592 6.98124 7.08448 7.04206 7.06305 7.30603 7.30410 7.27005 7.22488 7.21348 7.56137 6.94308 6.89304 6.84197 7.02590 9.94666 9.99858 10.1363 10.2039 10.0038 9.60820 9.20332 8.79033 8.41693 8.33409 8.35028 8.08017 7.40631 7.42820 8.98151
4.46879 4.46879 4.46879 4.46433 3.98399 3.92240 3.96511 3.85148 3.83486 3.83486 3.83486 3.83486 3.83486 3.83486 3.83486 3.72910 3.68108 4.25357 4.33619 4.41268 4.46103 4.57920 4.84752 5.18434 5.48170 5.67619 5.84594 5.91321 5.91830 5.94666 5.92587 6.21296 6.36195 6.31511 6.25110 6.18574 6.11900 6.07745 6.20056 6.22354 6.16083 6.09919 6.35133 6.31245 6.29723 6.29723 6.29723 6.79395 6.19475 6.13528 6.13341 6.10099 8.42069 9.05059 8.72775 8.53407 8.33139 8.32479 8.31887 8.31302 8.30733 8.30176 8.29628 8.24816 7.78589 7.67653 8.80046
4.46879 4.46879 4.46879 4.46879 4.17823 3.92240 3.93413 3.90890 3.83486 3.83486 3.83816 3.89719 3.98187 4.06661 4.15144 4.15674 4.31260 4.75818 5.06734 5.37670 5.65555 5.83048 5.87679 5.85275 5.82815 5.80304 5.78233 5.75894 5.56681 5.62186 5.65175 5.77627 5.95760 5.95287 5.95287 5.95287 5.95287 5.95287 5.95287 5.95287 5.95287 6.00250 6.33984 6.43600 6.44822 6.46007 6.45951 6.67265 6.52445 6.23979 6.22101 6.22828 6.85421 8.02263 8.02605 8.23191 8.25235 8.25235 8.25235 8.25235 8.24548 8.18539 8.11405 8.04270 7.78952 7.53167 8.00473
4.59091 4.61286 4.63719 4.66163 4.59409 4.16425 4.19095 4.22466 4.23609 4.31409 4.37362 4.37648 4.36836 4.44036 4.52561 4.59937 5.59329 5.88431 5.78055 5.78055 5.78055 5.78055 5.78055 5.78055 5.78078 5.79250 5.81052 5.82861 5.68343 5.66106 5.69315 5.70292 5.91229 5.95287 5.95287 5.95287 5.95287 5.95287 5.95287 5.95287 5.95287 5.99918 6.37226 6.48787 6.46876 6.45024 6.44345 6.47870 6.69746 6.23944 6.23944 6.23944 6.31198 7.93815 8.02263 8.15426 8.23664 8.16928 8.09164 7.98177 7.87422 7.82000 7.77697 7.73397 7.51512 6.82921 6.86120
4.85418 4.83243 4.83903 4.83905 4.82550 4.37293 4.24949 4.23950 4.30921 4.39465 4.50164 4.60892 4.70218 4.71475 4.71475 4.71475 5.18608 5.93541 5.78055 5.78055 5.78072 5.79204 5.81016 5.82817 5.84601 5.85234 5.85234 5.85234 5.76194 5.64164 5.69233 5.69315 5.83323 5.95287 5.95287 5.95287 5.95120 5.93066 5.90482 5.87934 5.85660 5.84188 6.22622 6.44661 6.44725 6.44725 6.44725 6.44725 6.76008 6.24542 6.23944 6.23562 6.19740 7.29117 7.87941 7.83201 7.74310 7.69613 7.65940 7.65490 7.65490 7.65490 7.65490 7.65490 7.63799 6.87564 6.82235
4.68820 4.75668 4.73654 4.72297 4.72958 4.57228 4.43108 4.55886 4.67237 4.71475 4.71475 4.71475 4.71475 4.71475 4.71475 4.71475 4.78180 5.99173 5.80985 5.82775 5.84566 5.85234 5.85234 5.85234 5.85234 5.85234 5.85234 5.85234 5.83214 5.63882 5.67718 5.69315 5.73683 5.90872 5.88780 5.86253 5.84162 5.83997 5.84361 5.84689 5.84745 5.84745 6.10633 6.44725 6.44589 6.37590 6.26832 6.16075 6.24468 6.11003 5.97157 5.92466 5.91224 6.42929 7.69525 7.69510 7.66020 7.65490 7.65490 7.65490 7.65490 7.65490 7.65490 7.65490 7.65209 7.09845 6.82235
4.54130 4.77764 4.84591 4.91426 4.97588 4.95918 4.69409 4.68969 4.67557 4.71475 4.71475 4.71475 4.71481 4.72368 4.73869 4.75379 4.66721 5.82540 5.88511 5.85234 5.85234 5.85234 5.85234 5.85234 5.85234 5.85234 5.85234 5.84725 5.82222 5.63470 5.57490 5.58603 5.58073 5.79983 5.83991 5.83762 5.83261 5.82719 5.77698 5.64422 5.50975 5.37553 5.45034 5.90288 5.85227 5.81378 5.81243 5.81150 5.84372 6.18123 6.03974 6.04620 6.05280 6.09217 7.70627 7.85537 7.84112 7.82811 7.83473 7.84116 7.84771 7.85422 7.86068 7.79093 7.50966 6.81316 5.94769
4.65681 5.00309 4.98656 4.98656 4.98656 4.99035 4.78532 4.70789 4.70022 4.74146 4.77161 4.79265 4.81362 4.82582 4.83183 4.83784 4.78144 5.29726 5.85798 5.75999 5.75460 5.74921 5.74353 5.72152 5.68906 5.65662 5.62411 5.57208 5.45273 5.24070 5.00673 5.41397 5.49248 5.57548 5.29078 5.16169 5.03260 4.90351 4.81917 4.81740 4.81185 4.80266 4.92173 5.74772 5.96458 5.96458 5.96458 5.96458 5.96458 6.27079 6.17800 6.17800 6.17800 6.17800 7.22450 7.96119 7.95442 7.92080 7.91475 7.75089 7.45221 7.15303 6.96093 6.81184 6.81077 6.63843 5.98251
4.70098 5.17831 5.15462 5.16182 5.16903 5.17245 5.06786 4.87558 4.87531 4.89947 4.92948 4.92948 4.92948 4.92948 4.92948 4.92948 4.92303 4.79095 5.83241 5.65243 5.62530 5.59826 5.57136 5.53765 5.42675 5.33373 5.28647 5.26536 5.33084 5.38543 5.26606 5.68470 5.88862 5.84196 4.83464 4.81724 4.81087 4.80168 4.79250 4.78336 4.77972 4.77972 4.79606 5.58759 5.96458 5.96458 5.96458 5.96458 5.96458 6.15672 6.20670 6.17800 6.17800 6.17614 6.54718 7.68544 7.38646 7.05471 6.75200 6.60694 6.59686 6.58663 6.71622 6.82619 6.81913 6.75866 6.16863
4.71415 5.10174 5.17245 5.17245 5.17245 5.17245 5.16045 4.89059 4.87558 4.88116 4.92948 4.92948 4.92948 4.92928 4.91513 4.89676 4.92541 4.58065 5.85982 5.59504 5.55845 5.51247 5.46628 5.44365 5.50823 5.55555 5.55639 5.55639 5.55639 5.55639 5.39867 5.51080 6.10121 6.38715 5.20305 4.78254 4.77972 4.77972 4.77972 4.77972 4.77972 4.77972 4.77972 5.29555 5.88052 5.86346 5.84608 5.82803 5.80998 5.85695 6.02856 5.78925 5.67296 5.55647 5.49378 6.35875 6.46972 6.43439 6.39828 6.39783 6.39783 6.39783 6.49864 6.70378 6.59498 6.46837 5.98802
4.71578 5.03662 5.31337 5.38294 5.45970 5.53691 5.61367 5.50427 5.47067 5.51545 5.52058 5.56911 5.62061 5.73602 5.87658 6.00443 6.01195 5.70384 6.34946 5.68445 5.55639 5.55639 5.55639 5.55639 5.55639 5.55639 5.55639 5.56320 5.76105 6.04677 6.24656 6.40431 6.97753 7.02243 5.92380 4.77972 4.77972 4.77972 4.77972 4.77972 4.77972 4.77972 4.77972 4.82870 5.62264 5.69278 5.75870 5.80579 5.84823 5.85577 5.66864 5.39144 5.39144 5.39144 5.39144 5.95548 6.44625 6.44058 6.39812 6.36078 6.21578 6.06379 5.93073 6.17727 6.15066 6.13849 5.99564
5.64886 5.85503 6.35654 6.31641 6.31641 6.31117 6.32377 6.33122 6.20455 6.29757 6.16882 6.20546 6.19093 6.10294 6.00367 5.92138 5.91268 5.73820 5.86597 5.98908 5.55639 5.55639 5.55639 5.56149 5.75402 6.03883 6.32455 6.60313 6.69021 6.69021 6.67307 6.47969 6.79286 7.02243 6.64134 4.78021 4.77972 4.77972 4.77972 4.78371 4.83703 4.90499 4.96975 5.01535 5.74378 5.85311 5.82968 5.82506 5.82506 5.82506 5.78353 5.39734 5.39144 5.39144 5.39144 5.63225 6.62827 6.76682 6.10068 5.69635 5.67480 5.66027 5.65461 6.03005 6.09845 6.09845 6.09142
5.86083 5.92289 6.45218 6.63010 6.72158 6.81837 6.89721 6.89102 6.52241 6.36150 6.11424 5.92213 5.91268 5.91268 5.91268 5.91268 5.91268 5.85744 5.46597 6.26566 5.74631 6.03180 6.31673 6.59723 6.69021 6.69021 6.69021 6.69021 6.69021 6.69021 6.69021 6.53448 6.59803 7.02243 7.02027 5.15304 4.88228 4.95028 5.01362 5.05402 5.04318 5.01764 4.99536 4.99219 5.51881 5.82506 5.82506 5.82506 5.84857 5.92055 5.99157 5.58574 5.54673 5.68524 5.82365 5.91663 6.79931 6.97329 6.43400 5.65461 5.65461 5.65461 5.65461 5.93670 6.09845 6.09845 6.09845
6.07054 6.06889 6.37855 6.89133 6.84638 6.78235 6.71826 6.66292 6.37182 6.13096 6.09634 5.91268 5.91268 5.91268 5.91268 5.91495 6.06451 6.30243 6.05188 7.10083 6.69021 6.69021 6.69021 6.69021 6.69021 6.69021 6.69021 6.69021 6.69021 6.69021 6.72435 6.76070 6.62531 7.16367 7.29968 6.12064 5.04055 5.01503 4.99418 4.99219 4.99219 4.99882 5.06074 5.14933 5.57659 6.09431 6.16202 6.31237 6.50953 6.65814 6.80518 6.39140 5.85700 5.85084 5.84498 5.83890 6.34522 6.88177 6.77276 5.57654 5.54503 5.53924 5.53299 5.71663 5.98714 5.98227 5.97021
6.02983 5.97641 6.09372 6.55326 6.65564 6.65564 6.65564 6.65564 6.56088 6.13096 6.13096 5.95672 6.06227 6.32269 6.58663 6.84833 6.96222 6.98818 6.62852 7.09851 6.94073 6.90991 6.93113 6.95243 6.97352 6.99644 7.13805 7.36634 7.61796 7.89577 8.18328 8.28045 7.52141 7.68667 7.73057 7.31092 5.65264 5.73818 5.83282 5.92750 6.02219 6.11042 6.14490 6.24810 6.38380 6.47322 6.62610 6.69657 6.69657 6.69657 6.69657 6.50023 5.67421 5.67421 5.67421 5.67421 5.81994 6.72670 6.72902 5.79444 5.41034 5.41464 5.43031 5.48840 5.77631 5.75666 5.74380
6.22082 6.24691 6.38666 6.92173 7.20974 7.24089 7.27204 7.30318 7.33441 6.93563 6.87227 7.14578 7.52365 7.52653 7.52653 7.52653 7.52653 7.52653 7.22551 7.10861 7.63291 7.40330 7.60373 7.83768 8.09491 8.37786 8.52558 8.66518 8.82263 9.04975 9.25249 9.35154 8.51314 8.29639 8.34821 8.33366 6.44517 6.14949 6.15407 6.26380 6.41680 6.57005 6.72142 6.77758 6.77533 6.69860 6.69657 6.69657 6.69657 6.69657 6.69657 6.69098 5.78067 5.67421 5.67421 5.67421 5.67537 6.54268 6.78024 6.29809 5.44282 5.42914 5.40410 5.40440 5.61158 5.62879 5.62879
6.50976 6.53211 6.56513 7.05799 7.45845 7.45845 7.45845 7.45845 7.45845 7.21742 6.93376 6.98352 7.51352 7.52653 7.52653 7.52653 7.52903 7.64499 7.66635 7.30470 8.50500 8.47218 8.56132 8.79289 9.03288 9.27271 9.47831 9.57847 9.66114 9.67425 9.67425 9.67425 9.11868 8.40961 8.40333 8.65641 7.60897 6.58576 6.73411 6.77758 6.77758 6.77758 6.77758 6.77758 6.77758 6.71336 6.69657 6.69657 6.69657 6.69657 6.69657 6.69657 6.09305 5.78538 6.21366 6.75543 7.29581 7.29913 6.72276 6.65955 5.45636 5.40408 5.40408 5.40408 5.56664 5.62879 5.63204
6.25319 6.53211 6.53211 6.90227 7.39194 7.45843 7.45315 7.44410 7.43506 7.36937 6.89708 6.88322 7.33871 7.68063 7.86702 8.06788 8.24484 8.25839 8.18182 7.47066 8.67078 9.49624 9.66547 9.67425 9.67425 9.67425 9.67425 9.67425 9.67425 9.67425 9.68991 10.0059 10.3156 9.39107 9.68814 9.76016 9.12550 6.82977 6.77758 6.77758 6.77758 6.77758 6.77758 6.77758 6.77758 6.73036 6.69657 6.68947 6.65842 6.66813 7.03792 7.48856 7.79478 7.82493 7.93814 7.93814 7.93814 7.82033 6.73663 6.72276 5.85507 5.40408 5.41227 5.44105 5.57885 5.70025 5.68563
6.08255 6.45340 6.44585 6.68123 7.12819 7.32780 7.32401 7.32404 7.34112 7.36807 6.96310 6.79729 7.07012 8.09263 8.05728 8.10717 8.20484 8.32228 8.41642 7.78171 8.32205 9.68419 9.67425 9.67425 9.67425 9.67425 9.68767 9.99693 10.4308 10.8617 11.2806 11.3952 11.3952 10.1730 9.78379 9.76054 9.59718 7.34082 6.77758 6.77758 6.77758 6.77758 6.77596 6.75072 6.71774 6.72107 7.06688 7.52474 8.00711 8.44763 8.52907 8.52907 8.50719 7.95369 7.93814 7.93814 7.93814 7.93814 7.02742 6.64097 6.20171 5.36690 5.34272 5.29797 5.31972 5.47307 5.47121
5.96188 6.35698 6.33208 6.47652 6.97267 7.25758 7.22903 7.20053 7.15490 7.09943 6.89829 6.69180 6.82903 8.08887 8.41515 8.42404 8.42404 8.42404 8.42404 7.95333 7.71203 9.67180 9.68561 9.98832 10.4213 10.8531 11.2730 11.3952 11.3952 11.3952 11.3952 11.3952 11.3952 10.6945 9.78637 9.76713 9.76016 8.16066 6.76199 6.72905 6.69603 6.75939 7.17847 7.65473 8.13836 8.54267 8.52907 8.52907 8.52907 8.52907 8.52907 8.52636 8.49835 8.00426 7.79106 7.72186 7.65268 7.58342 7.06260 6.31141 6.28327 5.28744 5.21497 5.21497 5.22514 5.46621 5.47121
5.50835 6.07811 6.09186 6.18475 6.87777 7.07574 7.08271 7.03214 6.97221 6.91237 6.87173 7.02529 7.03168 7.73328 8.42404 8.42404 8.42404 8.42404 8.43161 8.36940 8.21749 10.1079 11.2656 11.3952 11.3952 11.3952 11.3952 11.3952 11.3952 11.3952 11.3952 11.3952 11.3952 11.1644 9.75646 9.70606 9.65693 9.02435 7.33479 7.70578 8.18921 8.57710 8.61007 8.61007 8.61005 8.59081 8.48067 8.44201 8.40781 8.37347 8.32529 8.27031 8.24062 7.88880 7.53001 7.53285 7.53588 7.53870 7.46479 6.36313 6.33220 5.66583 5.27047 5.31399 5.35481 5.55884 5.52541
5.49734 6.00299 6.10337 6.06559 6.66428 6.84788 6.86650 6.85713 6.85713 6.85713 6.85713 6.97177 7.03168 7.26501 8.42350 8.66153 9.00627 9.35336 9.69094 9.67350 9.02154 9.96486 11.5755 11.6556 11.7360 11.8161 11.8965 11.9766 12.0536 11.7918 11.3561 10.9621 10.6052 10.4197 10.8115 11.1813 12.2375 12.3679 10.4584 9.80678 9.83726 9.86776 9.89783 9.92773 9.95762 10.0058 8.83715 8.36182 8.34136 8.32082 8.31435 8.33083 8.41203 8.35912 7.66670 7.64429 7.63083 7.59291 7.55689 6.77819 6.43725 6.19720 5.56238 5.62420 5.68539 5.69771 5.53266
5.42333 5.73494 5.93718 5.92652 6.36854 6.74004 6.87900 6.88083 6.88265 6.88448 6.88631 6.94014 7.06450 7.06892 9.24020 9.83910 9.84092 9.84276 9.84459 9.85284 10.9630 11.3043 13.9292 13.9385 13.8015 13.2154 12.6483 12.1347 11.6714 11.5710 11.8097 12.0550 12.2952 12.4585 12.5160 12.6069 13.2557 13.5351 11.8010 10.4173 10.4440 10.4931 10.5246 10.5705 10.6041 10.6468 9.77631 9.06326 9.15755 9.24793 9.32536 9.33240 9.29019 9.24502 8.23714 7.99838 8.00902 8.04473 8.08080 7.82016 7.27586 7.27038 6.53534 6.40386 6.34876 6.01910 5.37971
5.34363 5.55811 5.95194 5.95194 6.21775 6.70517 6.90131 6.90402 6.90402 6.90402 6.90402 6.90745 7.06438 7.07857 8.41409 9.84770 9.84770 9.84770 9.84770 9.84349 10.4625 10.4048 11.8680 11.8880 11.5311 11.5664 11.8233 12.2491 12.6867 13.2308 13.8002 14.3327 14.8413 15.3271 15.7974 16.3502 14.7102 15.2477 14.8280 13.3171 13.2243 13.3546 13.4946 12.3851 11.0984 11.0984 10.6386 9.67116 9.67116 9.67116 9.35568 9.27373 9.27373 9.27373 8.68908 8.20262 8.22767 8.45355 8.73315 8.96270 7.23537 7.10336 6.66150 6.32018 6.32018 6.22229 5.41594
5.34363 5.41260 5.95188 5.95194 6.05484 6.68891 6.85321 6.90402 6.90402 6.90402 6.90402 6.89066 6.95762 6.99681 7.34658 9.60474 9.27263 8.93805 8.70764 8.81722 9.61279 10.4986 13.5272 16.1191 16.7106 17.2262 17.5821 17.8372 18.0730 18.2004 18.2004 18.2004 18.2004 18.2134 18.3896 18.6999 16.6623 16.6947 16.4069 14.5922 13.5756 13.5756 13.5756 12.9533 11.0984 11.0984 10.9386 9.67116 9.67116 9.67116 9.47560 9.31720 9.38283 9.62830 9.59698 9.04222 9.29795 9.35122 9.35122 9.35122 7.91946 7.10336 6.93478 6.32018 6.32018 6.31741 5.51198
5.10641 5.04268 5.66112 5.74277 5.71631 6.30351 6.43502 6.51581 6.48167 6.44752 6.41296 6.35566 6.32679 6.40998 6.36590 7.81667 8.14278 8.21207 10.3914 12.4552 12.8853 13.6137 15.1180 18.2004 18.2004 18.2004 18.2004 18.2004 18.2004 18.2112 18.3845 18.6107 18.8379 19.0513 19.1014 19.1451 17.6883 16.5130 16.6934 15.3773 13.5756 13.5756 13.5756 13.4748 11.1445 11.1005 11.1332 9.89001 9.84046 10.1340 10.3479 10.1899 10.4015 10.4335 10.3938 9.36560 9.35122 9.35122 9.35122 9.35122 8.70370 7.07125 7.05103 6.51521 6.51295 6.59222 6.08352
4.48817 4.48817 5.14682 5.52476 5.50684 5.92524 6.20742 6.35047 6.30640 6.26232 6.21835 6.21082 6.23413 6.44917 6.70784 7.76663 8.84526 9.00149 9.93470 12.7701 12.8416 13.6199 14.0782 18.0650 18.2004 18.2099 18.3784 18.6057 18.8319 19.0478 19.1014 19.1014 19.1014 19.1014 19.1014 19.1087 18.4724 16.2646 16.7852 15.9897 13.9433 13.5961 13.6393 13.6825 11.8283 11.6172 11.9011 11.1876 10.9736 10.9966 10.9963 10.5034 10.4335 10.4335 10.4335 9.66454 9.47999 9.52553 9.53932 9.55334 9.52585 7.54358 7.39753 7.12374 6.86908 6.86908 6.47899
4.22453 4.20446 4.58018 5.13442 5.07802 5.41467 5.94733 6.20170 6.24275 6.24505 6.25937 6.27540 6.29144 6.85120 7.39886 7.57233 8.99087 9.01090 9.08176 12.6000 12.7701 13.5155 13.8011 17.7384 18.8266 19.0437 19.1014 19.1014 19.1014 19.1014 19.1014 19.1014 19.1014 19.1014 19.1014 19.1014 19.1167 16.2641 16.8018 16.4182 14.9898 14.1340 14.4076 14.6814 13.4925 12.4238 12.4238 11.7369 10.9854 10.9376 10.8870 10.5191 10.2482 10.1636 10.0569 9.81822 9.67597 9.64540 9.64540 9.64540 9.64540 8.31837 7.39753 7.30788 6.86840 6.85624 6.64873
