OMI_NO2_yc_0.0167deg/OMI_NO2_yc_0.0167deg/OMI_NO2_200603.asc
ncols      200
nrows      200
xllcorner       110.913
yllcorner       33.7933
cellsize     0.0166667
NODATA_Value      -999.000
[rows 0 to 28 of 200, columns 67 to 133 of 200]
6.13666 6.35722 6.98460 6.99413 7.32154 7.32044 7.30324 7.26295 7.23850 7.30665 7.06777 6.97573 7.14260 7.10380 7.12083 7.14090 6.72631 5.71867 5.72902 4.56488 4.48984 4.36518 4.19098 4.06902 4.03152 3.99042 3.93909 3.88387 4.01805 3.95302 3.90348 3.90320 3.90320 4.00232 4.09594 4.01891 3.95603 3.91806 3.85291 3.79485 3.74184 3.85254 3.90675 3.69113 3.68089 3.73432 3.71999 3.70085 3.71949 3.95993 3.70793 3.38398 3.43129 3.61690 3.93234 3.99183 4.02657 4.12911 4.45173 4.46792 4.42067 4.37999 4.34055 4.30214 4.26484 4.23899 4.18058
6.02108 5.94849 6.66109 6.70473 6.86424 6.94224 6.92179 6.92728 6.94661 7.03941 6.94934 6.70200 6.96625 6.96278 6.95830 6.90133 6.72215 5.42475 5.15429 4.51828 3.94541 4.02543 4.02538 4.02053 4.01280 3.97729 3.86889 3.85033 3.78852 3.72840 3.62095 3.61267 3.56103 3.53641 3.57601 3.55975 3.55181 3.61162 3.61313 3.61313 3.61313 3.66347 3.88965 3.58969 3.61106 3.66455 3.73494 3.77062 3.74963 3.92576 3.74942 3.43959 3.47137 3.59979 4.01493 4.22029 4.24326 4.24013 4.43026 4.39061 4.23798 4.23798 4.23798 4.23798 4.23798 4.24271 4.25240
6.42347 6.04221 6.44970 6.70584 6.77223 6.95534 6.95534 6.95534 6.95509 7.00597 7.01439 6.62526 6.75016 6.61624 6.23377 5.86083 5.55260 4.97626 4.68020 4.44940 3.67948 3.80811 3.79782 3.78237 3.76336 3.71497 3.46155 3.44344 3.34389 3.37630 3.33742 3.44604 3.44604 3.44680 3.53527 3.54274 3.54274 3.59376 3.61313 3.61313 3.61574 3.63429 3.91250 3.69078 3.66236 3.65203 3.66152 3.62209 3.64434 3.83308 3.88577 3.77793 3.75732 3.75753 4.01109 4.23888 4.24753 4.26177 4.39328 4.50219 4.30595 4.31910 4.33318 4.34677 4.35993 4.37018 4.39229
6.74812 6.04248 6.22799 6.70380 6.69273 6.89565 6.90813 6.83339 6.71740 6.62093 6.38060 5.79556 5.32417 4.95997 4.82236 4.71660 4.56496 4.32419 4.14984 4.14873 3.76545 3.75655 3.74687 3.74260 3.74260 3.73929 3.44873 3.42331 3.36812 3.37881 3.33089 3.43222 3.44604 3.44604 3.50950 3.54274 3.54821 3.59299 3.64612 3.63584 3.61413 3.57955 3.68823 3.58789 3.58814 3.60869 3.77158 3.92362 3.99753 4.10360 4.19602 4.11054 4.11102 4.15142 4.30704 4.65340 4.68763 4.71069 4.77319 4.94740 4.81771 4.79917 4.81874 4.83849 4.85782 4.87594 4.87078
6.89610 5.94913 5.86091 6.42622 6.40203 6.46950 6.30906 5.95765 5.60308 5.23600 5.04995 4.82851 4.54057 4.44385 4.38191 4.32900 4.32196 4.28226 4.15186 4.15330 3.91416 3.74027 3.74260 3.74260 3.74260 3.74427 3.54835 3.43157 3.44949 3.37536 3.39007 3.44474 3.50276 3.52808 3.58877 3.63910 3.63430 3.62751 3.67260 3.68505 3.70639 3.72333 3.81146 4.03971 4.20496 4.23674 4.33709 4.53004 4.53190 4.54708 4.61548 4.52030 4.50147 4.50364 4.54546 4.85406 4.89143 4.88825 4.88628 5.03492 4.91725 4.78826 4.75261 4.71691 4.68813 4.70982 4.76275
6.52462 5.91568 5.74615 5.78494 5.45169 5.14063 4.84658 4.79081 4.76210 4.69996 4.74002 4.66808 4.34617 4.29269 4.28725 4.28180 4.27632 4.26433 4.11142 4.09005 4.01444 3.79828 3.85341 3.85909 3.86524 3.86978 3.77778 3.61160 3.55922 3.49279 3.63047 3.71067 3.77708 3.76325 3.75623 3.81087 3.81417 3.81359 3.85367 3.86056 3.85420 3.85238 3.86088 4.11609 4.24482 4.30466 4.31339 4.56427 4.58775 4.58719 4.67306 4.59531 4.52556 4.54124 4.53906 4.78667 4.87641 4.88499 4.89368 4.89175 4.86390 4.79095 4.88331 4.97165 5.04639 5.06872 5.06271
6.43303 5.87024 5.17530 5.01513 4.67472 4.63288 4.60711 4.52032 4.47053 4.46755 4.52768 4.60838 4.32124 4.22612 4.22023 4.21874 4.21728 4.21632 4.11097 4.04059 4.04410 3.84035 3.86460 3.87127 3.82619 3.75097 3.65725 3.36047 3.32583 3.39311 3.56163 3.68451 3.78109 3.77068 3.75453 3.76717 3.75632 3.74321 3.76001 3.78179 3.77198 3.76232 3.75274 3.91396 4.21412 4.36623 4.36284 4.53940 4.69074 4.71371 4.80583 4.79810 4.67898 4.67319 4.68779 4.88149 5.11095 5.18680 5.27686 5.35033 5.40376 5.23129 5.21222 5.19176 5.17084 5.14988 5.13242
5.87019 5.71072 4.96251 4.88756 4.46412 4.39234 4.43173 4.40195 4.39279 4.38367 4.38585 4.50131 4.35130 4.18716 4.10822 4.04305 3.97563 3.90806 3.94347 4.05292 3.99700 3.80882 3.60367 3.50454 3.47305 3.47996 3.49055 3.34640 3.27780 3.25936 3.40547 3.48311 3.57878 3.58590 3.58562 3.60406 3.61808 3.61898 3.64694 3.72756 3.76689 3.80570 3.84177 3.91938 4.19614 4.50640 4.53420 4.60386 4.84648 4.84302 4.88091 4.96779 4.88084 4.89886 4.97700 5.12103 5.49916 5.50151 5.48939 5.46438 5.41007 5.25224 5.16870 5.18234 5.20377 5.22525 5.24669
5.57500 5.52859 4.82379 4.71275 4.46093 4.21969 4.17309 4.08613 4.00103 3.91925 3.84153 3.89294 3.80503 3.64779 3.60635 3.60093 3.54680 3.47564 3.46789 3.70518 3.66213 3.65895 3.43947 3.45973 3.46880 3.46873 3.46484 3.36861 3.23693 3.21758 3.32662 3.48314 3.58495 3.60562 3.61964 3.67990 3.86849 3.90829 3.92857 3.94830 3.94954 3.94653 3.94619 3.95428 4.13840 4.47352 4.52174 4.52103 4.72989 4.75962 4.79784 4.99341 5.14855 5.12571 5.08153 5.07422 5.41888 5.41734 5.38881 5.37988 5.36442 5.33773 5.29477 5.29477 5.29477 5.29477 5.29477
5.12595 4.95410 4.46839 4.13341 3.96898 3.64400 3.64601 3.69595 3.67106 3.67106 3.67106 3.74052 3.74579 3.52044 3.39277 3.31362 3.27857 3.22451 3.17810 3.50824 3.71854 3.68846 3.60607 3.55955 3.56712 3.56602 3.56992 3.56338 3.48865 3.50977 3.56223 3.76178 3.76552 3.65172 3.65172 3.65876 3.90724 3.91889 3.91889 3.93277 3.94619 3.94619 3.94619 3.94063 4.00565 4.33011 4.40901 4.42906 4.72524 5.10574 5.16989 5.27087 5.34279 5.13491 5.00244 4.98692 5.25342 5.38551 5.38551 5.38537 5.36782 5.34076 5.27078 5.26067 5.24928 5.23692 5.22452
4.73108 4.62939 4.45289 4.05268 4.04483 3.68327 3.64317 3.67914 3.59593 3.52014 3.43762 3.38581 3.47558 3.30425 3.30993 3.24223 3.10548 3.00287 2.88068 2.96123 3.08930 3.22127 3.48948 3.58402 3.57864 3.58228 3.58498 3.59252 3.57189 3.55451 3.54342 3.70485 3.81131 3.65179 3.65172 3.65172 3.84093 3.91889 3.91889 3.91313 3.89657 3.86583 3.86948 3.89380 3.99597 4.44772 4.63076 4.63567 4.71653 5.11139 5.08538 5.16471 5.30185 5.21069 5.02908 5.02859 5.20018 5.45125 5.46162 5.47213 5.48401 5.48373 5.45208 5.45657 5.47306 5.48584 5.49865
4.74946 4.60761 4.57440 4.03315 3.99616 3.72638 3.52639 3.47185 3.32544 3.28986 3.15256 2.99892 2.96634 2.74924 2.63306 2.57864 2.49977 2.42107 2.35636 2.45236 2.70287 3.02822 3.27232 3.58239 3.58502 3.58502 3.58502 3.58573 3.58831 3.56038 3.54334 3.62913 3.80389 3.66352 3.64325 3.63010 3.70777 3.82711 3.83621 3.86855 3.95635 4.01713 4.04406 4.05885 4.10177 4.78972 5.19925 5.27619 5.32426 5.65396 5.78530 5.77361 5.78262 5.68587 5.39537 5.33044 5.40165 5.73697 5.73988 5.73005 5.72025 5.68886 5.64365 5.59581 5.58708 5.58276 5.57843
4.72181 4.57486 4.51934 4.06265 3.84172 3.56095 3.16060 2.99671 2.73355 2.54359 2.50159 2.46317 2.45641 2.38327 2.23886 2.27197 2.26076 2.24995 2.23913 2.25644 2.59599 2.82737 3.07008 3.48520 3.50026 3.49314 3.48728 3.48942 3.52799 3.50570 3.53101 3.57305 3.74892 3.68724 3.64770 3.69273 3.81042 4.11771 4.14309 4.15584 4.19268 4.23232 4.25189 4.26726 4.27317 4.83885 5.44057 5.48856 5.48921 5.63171 5.85794 5.84946 5.81571 5.85303 5.44955 5.35470 5.35684 5.60800 5.65996 5.63948 5.61416 5.58791 5.55405 5.48423 5.46769 5.45145 5.42834
4.34103 4.03652 3.75379 3.24363 2.73359 2.63799 2.52474 2.47011 2.35950 2.19463 2.14310 2.10876 2.12466 2.17022 2.02297 2.11654 2.12610 2.13571 2.14533 2.15496 2.46538 2.65213 2.96051 3.47778 3.54778 3.56767 3.58918 3.59897 3.65724 3.67228 3.77710 3.88059 3.99023 4.05610 3.91314 3.91298 3.91745 4.17936 4.22579 4.23591 4.24516 4.26248 4.25769 4.25289 4.24812 4.54848 5.26754 5.31741 5.29259 5.28230 5.56576 5.54513 5.45527 5.49447 5.18253 5.05313 5.02119 5.17429 5.29008 5.28496 5.28406 5.28406 5.27290 5.20056 5.17702 5.15977 5.15163
3.49989 3.28219 3.05401 2.90955 2.37879 2.35521 2.31512 2.27403 2.27544 2.16992 2.17250 2.18734 2.20544 2.30286 2.15044 2.20819 2.22487 2.22390 2.22272 2.22151 2.44138 2.67440 2.99689 3.45522 3.63446 3.65351 3.71133 3.76878 3.86269 3.92508 3.90783 3.95157 3.95057 4.05079 3.87125 3.88068 3.88626 4.05336 4.15883 4.15848 4.15881 4.17944 4.16867 4.14936 4.12996 4.18536 4.92805 4.99671 4.98355 4.96924 5.16890 5.28803 5.24925 5.29996 5.14953 5.04143 4.98631 5.06741 5.25896 5.24448 5.22781 5.21128 5.21032 5.17605 5.15605 5.16290 5.16973
3.36986 3.29731 3.03838 3.01901 2.48121 2.41792 2.40784 2.36187 2.34898 2.25194 2.18065 2.16597 2.15129 2.20076 2.12592 2.12102 2.16009 2.15584 2.15150 2.14291 2.25109 2.65392 2.88218 3.41631 3.76523 3.82274 3.81294 3.80997 3.82364 3.90069 3.87694 3.95436 3.97227 4.06161 3.89612 3.85458 3.84238 3.92048 4.08167 4.06661 4.05158 4.03165 4.01907 4.01677 4.01452 4.01404 4.70665 4.90094 4.93240 4.93240 5.01766 5.27379 5.25462 5.24531 5.13490 4.87912 4.93232 4.96335 5.14325 5.16955 5.14901 5.12841 5.10706 5.11949 5.20260 5.20511 5.20511
3.28453 3.21289 2.84127 2.73852 2.44262 2.31063 2.29967 2.25523 2.24516 2.21297 2.10612 2.10575 2.10575 2.14165 2.14230 2.06487 2.13398 2.14838 2.18331 2.22881 2.30506 2.86082 2.94418 3.34239 3.72290 3.75065 3.73720 3.72314 3.69483 3.73653 3.69410 3.70771 3.70070 3.72894 3.77352 3.76858 3.76858 3.78706 4.01742 4.01996 4.01996 4.01731 4.01122 4.01122 4.01122 4.01122 4.51616 4.87644 4.93694 4.89612 4.82046 4.99879 4.93165 4.83679 4.88496 4.58986 4.78908 4.79987 4.94103 5.04904 5.04904 5.04904 5.04994 5.06035 5.21055 5.22480 5.23610
2.71908 2.70407 2.47652 2.38096 2.35303 2.29013 2.29013 2.26778 2.24494 2.24226 2.12714 2.10216 2.10625 2.14200 2.26375 2.15057 2.24270 2.26732 2.26232 2.25289 2.22534 2.56151 2.69346 2.89477 3.44389 3.48871 3.46891 3.44952 3.44389 3.51085 3.59152 3.62861 3.66804 3.69414 3.77617 3.76858 3.76858 3.76858 3.96716 4.01996 4.01996 4.01967 4.01209 4.01323 4.00978 3.96113 4.19860 4.62737 4.54141 4.48556 4.46313 4.60737 4.77605 4.73505 4.82633 4.60883 4.70389 4.78190 4.87125 5.02785 5.01529 5.00287 4.99063 4.97942 5.07450 5.08910 5.06525
2.70421 2.71335 2.57642 2.41337 2.42135 2.34706 2.35478 2.34097 2.29244 2.27023 2.23154 2.25125 2.28322 2.30554 2.39051 2.23542 2.09959 2.05821 2.02871 1.99728 1.96611 2.18143 2.54405 2.64632 3.32196 3.43285 3.44342 3.44342 3.44342 3.49039 3.57179 3.61096 3.66735 3.67062 3.77453 3.76862 3.76854 3.76712 3.89911 4.02398 4.02006 3.96775 3.90281 3.83996 3.78549 3.77245 3.87539 4.37937 4.33165 4.30711 4.29394 4.32561 4.61769 4.51058 4.50763 4.40000 4.33338 4.49663 4.54806 4.71831 4.75198 4.74938 4.74101 4.73414 4.79682 4.87128 4.87165
2.85928 2.85432 2.75296 2.44146 2.39764 2.28288 2.21844 2.19455 2.13254 2.13155 2.15332 2.24402 2.25697 2.25266 2.25032 2.12758 1.99580 1.95460 1.95292 1.95334 1.95401 2.02484 2.54742 2.55123 3.17658 3.44975 3.47875 3.48247 3.48615 3.51845 3.61790 3.69310 3.73668 3.74771 3.81471 3.81914 3.80199 3.77820 3.81444 3.87331 3.82239 3.81567 3.81346 3.80709 3.80417 3.80096 3.79626 4.20236 4.22556 4.20150 4.20049 4.19954 4.44765 4.47218 4.41045 4.42094 4.22201 4.47761 4.57267 4.67770 4.71939 4.72105 4.72848 4.76873 4.83367 4.96493 4.96322
2.66441 2.63111 2.59588 2.23974 2.20675 2.16857 2.13419 2.14894 2.13802 2.12742 2.12801 2.16546 2.17815 2.16120 2.15029 2.10022 1.93008 1.89455 1.89274 1.89168 1.89537 1.90083 2.40892 2.51230 2.93529 3.50627 3.56439 3.58266 3.60906 3.68745 3.88896 4.02063 4.07671 4.12381 4.17508 3.97518 3.96567 3.98474 3.97777 3.81589 3.80550 3.79890 3.79182 3.78170 3.78211 3.78479 3.78763 4.09268 4.23236 4.19824 4.21174 4.22809 4.36726 4.59236 4.48455 4.57375 4.32640 4.46400 4.59825 4.65437 4.67900 4.66426 4.64353 4.65981 4.72472 4.87461 4.90566
2.59236 2.59381 2.61389 2.31492 2.20663 2.19036 2.10387 2.08642 2.07463 2.07876 2.06473 2.08206 2.13339 2.13334 2.13332 2.13796 1.99114 1.95958 1.97729 1.99460 2.00521 2.01238 2.43321 2.83151 3.02285 3.89613 4.00638 4.08746 4.15190 4.17346 4.29576 4.36234 4.38862 4.35886 4.36125 4.12476 4.00862 4.00487 4.00111 3.87282 3.83180 3.83463 3.83748 3.83475 3.84556 3.86909 3.89070 4.09280 4.33010 4.30199 4.29748 4.29182 4.29357 4.58807 4.44117 4.49825 4.29627 4.24578 4.43674 4.50235 4.55652 4.57691 4.59857 4.61234 4.70034 4.79175 4.84679
2.61955 2.63070 2.62481 2.41004 2.16894 2.15309 2.05347 2.03724 2.03727 2.05934 2.06346 2.06571 2.12922 2.13278 2.12977 2.13308 2.04486 2.04248 2.02505 2.02213 2.02069 2.02259 2.35422 3.15577 3.17058 4.01417 4.20178 4.22899 4.23300 4.23679 4.32181 4.38928 4.43077 4.38516 4.37270 4.25170 4.01337 4.01195 4.01828 3.95185 3.86803 3.88194 3.89585 3.90654 3.90540 3.89572 3.88777 3.97283 4.27213 4.24081 4.21989 4.21944 4.21944 4.42228 4.46106 4.48658 4.47630 4.39123 4.47996 4.56046 4.59575 4.61632 4.62191 4.62799 4.69769 4.76385 4.82312
2.62050 2.61058 2.59692 2.47897 2.14011 2.12809 2.07069 2.04088 2.03810 2.04888 2.05576 2.05172 2.08750 2.11926 2.11926 2.12242 2.05714 2.04677 2.03827 2.05075 2.06324 2.07494 2.11905 3.13271 3.14593 3.70933 4.20062 4.25484 4.27331 4.28515 4.35321 4.44962 4.54660 4.57016 4.60193 4.63799 4.13429 4.08102 4.09333 4.05349 3.87900 3.87900 3.87900 3.87828 3.87218 3.87215 3.87215 3.88429 4.25145 4.25230 4.23595 4.25674 4.32721 4.51812 4.90431 4.94507 5.02318 4.71600 4.64509 4.60454 4.64093 4.68360 4.68407 4.68407 4.72201 4.77490 4.81893
2.59073 2.53730 2.51538 2.48240 2.06422 2.04733 2.04206 2.02447 2.02447 2.03044 2.04922 2.04922 2.06246 2.12100 2.13289 2.14625 2.13331 2.07427 2.09886 2.09194 2.07962 2.06249 2.04873 2.91521 3.24181 3.59698 4.40147 4.47919 4.50601 4.53350 4.59299 4.73008 4.81069 4.82618 4.79242 4.79052 4.36022 4.09349 4.09349 4.09278 3.89805 3.87900 3.87900 3.87900 3.87361 3.87654 3.89204 3.91397 4.30130 4.49879 4.58113 4.68521 4.73463 4.74987 5.12167 5.04281 5.09257 4.80682 4.73482 4.60603 4.64166 4.68619 4.68804 4.68697 4.69250 4.75756 4.78104
2.61670 2.53695 2.49299 2.49299 2.15013 2.04502 2.04103 2.01472 2.00990 2.00815 2.04021 2.05482 2.06256 2.10828 2.11152 2.09337 2.07383 1.95463 2.06434 2.06483 2.07082 2.09933 2.15375 2.76882 3.47324 3.63487 4.44537 4.60242 4.60659 4.60659 4.61040 4.74560 4.78678 4.83833 4.79434 4.79156 4.57925 4.09349 4.09349 4.09349 3.95726 3.89197 3.91281 3.94125 4.02479 4.11966 4.21005 4.29560 4.51329 4.67161 4.70936 4.74675 4.78127 4.81578 5.06290 5.15727 5.24219 4.89564 4.55413 4.45189 4.42104 4.44334 4.45042 4.44026 4.43481 4.50237 4.52730
2.63320 2.51742 2.43445 2.42767 2.19866 1.98774 1.98073 1.99343 2.00623 2.01086 2.01706 2.01580 2.00268 2.01697 2.04546 2.04481 2.06976 2.02213 2.18495 2.25214 2.29841 2.32706 2.33061 2.55377 3.54035 3.55673 4.27571 4.59571 4.60160 4.60031 4.59866 4.70578 4.74126 4.81396 4.77726 4.77214 4.73206 4.12450 4.09093 4.11979 4.12591 4.11048 4.23688 4.35858 4.41465 4.45057 4.49241 4.53499 4.64936 4.84782 4.85481 4.85848 4.85548 4.85266 4.89930 5.15576 5.14494 4.96054 4.40657 4.38310 4.37616 4.38431 4.40577 4.41876 4.43364 4.62119 4.86051
2.61974 2.43153 2.32348 2.31766 2.18893 1.89839 1.90520 1.95985 2.00191 2.00076 2.00758 2.04283 2.07169 2.10721 2.22079 2.27283 2.31554 2.28382 2.33015 2.41790 2.42649 2.43506 2.44365 2.45715 3.55574 3.67494 4.04362 4.48682 4.53395 4.51686 4.49922 4.50686 4.51961 4.62266 4.73152 4.84828 4.84362 4.49246 4.48344 4.59115 4.62581 4.57671 4.57715 4.57665 4.57614 4.56942 4.56809 4.56809 4.58624 4.79409 4.79760 4.81256 4.81805 4.82012 4.82036 5.06853 5.13306 5.16989 4.49290 4.50547 4.54725 4.56948 4.61785 4.62705 4.63473 4.81727 5.34298
2.66867 2.47643 2.40237 2.37544 2.35169 2.02373 2.01077 2.02980 2.10570 2.11053 2.12811 2.26060 2.28644 2.29503 2.34471 2.36011 2.34962 2.33099 2.32821 2.46917 2.46582 2.44937 2.43219 2.41505 3.17944 3.64709 3.90888 4.37434 4.61132 4.65992 4.70764 4.77087 4.83647 4.90316 4.97655 5.09547 5.07342 4.80803 4.63763 4.63681 4.63596 4.58026 4.57168 4.57132 4.57097 4.56672 4.56289 4.56003 4.55100 4.82352 4.94686 4.96983 4.98380 4.99956 5.01721 5.15026 5.28732 5.33160 4.82364 4.63805 4.69678 4.66545 4.77646 4.91332 5.09607 5.29314 5.94919
