OMI_NO2_yc_0.0167deg/OMI_NO2_yc_0.0167deg/OMI_NO2_200601.asc
ncols      200
nrows      200
xllcorner       110.913
yllcorner       33.7933
cellsize     0.0166667
NODATA_Value      -999.000
[rows 116 to 144 of 164, columns 0 to 66 of 200]
22.8539 22.8539 22.8539 22.8539 22.8828 23.3341 23.3423 23.7307 23.7669 23.7669 23.7669 23.7669 24.2583 24.3895 24.3630 23.9527 23.2887 23.2887 23.2887 23.2887 23.2781 23.1692 22.5155 22.2622 22.4959 22.5119 22.3545 22.1989 21.8734 21.6903 21.6083 20.4151 17.2457 16.3351 15.5093 14.8247 14.1416 13.4580 12.9816 12.8312 12.7431 12.6512 12.4478 12.4168 12.3590 12.3496 12.3414 12.0520 12.3276 12.2189 12.2242 12.2242 12.2242 12.2242 12.2222 12.2172 12.2159 12.3072 13.3905 13.7405 14.5122 14.8738 14.9161 15.8297 16.5727 16.6020 16.6650
22.8539 22.8539 22.8539 22.8539 22.8539 23.2383 23.3404 23.6233 23.7669 23.7669 23.7669 23.7669 24.0757 24.3895 24.3657 24.0675 23.0447 22.8788 22.7395 22.5126 22.2487 22.0153 21.4807 20.8732 20.9166 20.6048 19.5542 18.4518 17.2276 15.9923 14.9089 13.7645 12.6196 12.5862 12.5862 12.5862 12.5862 12.5862 12.5862 12.5862 12.6336 12.6498 12.5054 12.4133 12.3697 12.3360 12.3309 12.3093 13.6080 13.5914 13.7081 13.8161 13.9229 14.0292 14.1344 14.2420 14.3443 14.3749 14.7143 15.0431 15.4658 15.9837 15.9840 16.3918 17.4528 17.4576 17.4625
22.4242 22.8539 22.8539 22.8539 22.8539 23.1138 23.3404 23.5141 23.7546 23.6986 23.6253 23.4189 23.1689 23.0080 22.6381 22.3776 21.5094 21.0200 20.8123 20.4944 19.5325 18.5798 17.4868 15.9289 15.2024 14.1280 13.9893 13.9893 13.9386 13.7213 13.7213 13.6023 12.8324 12.5067 12.4504 12.3940 12.3379 12.2814 12.2303 12.1828 12.3778 12.6385 12.5563 12.4152 12.4057 12.3661 12.3764 12.3213 14.5782 14.4535 14.4046 14.4066 14.4085 14.4104 14.4123 14.4142 14.4091 14.3981 14.5639 15.0443 15.2542 16.0628 16.0693 16.1288 17.4819 17.5359 17.5378
21.4187 22.8308 22.7729 22.6652 22.4375 22.3012 22.3808 22.1296 21.8725 21.6076 21.3579 21.2319 21.2188 21.3188 21.2099 21.1357 19.6418 16.4158 15.4546 14.6916 14.6197 14.6038 14.5390 14.0144 14.3793 14.1267 14.0433 14.0006 13.9564 13.6463 13.5695 13.4495 12.8293 12.2275 12.2378 12.2484 12.2591 12.2697 12.2745 12.2745 12.4480 12.9757 12.9421 12.7039 12.7012 12.6284 12.6255 12.5267 14.4636 14.6622 14.4327 14.4207 14.4078 14.3948 14.3819 14.3690 14.3631 14.3631 14.3911 15.0175 15.0744 16.0271 16.1258 16.1500 17.1038 17.3878 17.3430
18.5706 20.5553 20.2716 20.0386 19.9201 19.8620 20.1917 20.8616 20.8193 20.6831 20.5584 20.4416 20.2926 20.2581 20.2662 20.2307 19.5596 14.1620 14.1085 14.0605 14.0124 13.9677 13.9582 13.6785 14.1027 14.0298 13.9114 13.9114 13.9114 13.7207 13.5987 13.5825 13.2231 12.2747 12.2745 12.2745 12.2745 12.2745 12.2745 12.2745 12.2955 12.9539 12.9728 12.7089 12.6429 12.5498 12.4903 12.4551 13.6403 14.6123 14.3431 14.3971 14.4001 14.4030 14.4098 14.4346 14.4620 14.4892 14.5164 15.0634 15.2391 16.0142 16.3189 16.3220 16.7524 17.2675 17.2705
16.7466 19.4393 19.4581 19.3025 19.1463 18.9891 19.1943 19.6997 19.9505 19.8739 19.8258 19.7790 19.7648 19.8172 19.9211 19.9117 20.0252 14.9568 13.9168 13.9071 13.8974 13.8876 13.8779 13.6478 13.8603 13.8709 13.6608 13.6436 13.6259 13.5083 13.2789 13.2614 13.0603 12.0717 11.8853 11.8677 11.8480 11.8171 11.7845 11.7520 11.7196 12.2131 12.3587 12.1811 12.0801 12.0366 11.9069 11.8015 12.6354 14.4396 14.2846 14.5696 14.5938 14.6180 14.6385 14.6409 14.6418 14.6648 14.6967 15.0858 15.4287 15.9601 16.6283 16.6739 16.9072 17.8043 17.8653
13.9716 16.8844 18.3664 18.3573 18.3487 18.3402 18.6019 19.1403 19.6264 19.5676 19.5579 19.5481 19.5385 19.5376 19.6774 19.6804 19.7620 16.5330 13.7148 13.7148 13.7148 13.7148 13.7148 13.5677 13.5709 13.6512 13.3849 13.3843 13.3843 13.3676 13.0717 13.0497 12.9134 12.1797 11.6800 11.6649 11.6521 11.6473 11.5708 11.4642 11.3572 11.6182 11.9748 11.8911 11.7425 11.7577 11.8076 11.9757 12.5703 14.8508 14.4480 14.8332 14.8651 14.8970 14.9289 14.9609 14.9918 15.0007 15.0007 15.1952 15.6689 15.8984 16.9202 16.9202 16.9352 17.8811 17.9940
13.5185 15.2612 18.2657 18.2657 18.2657 18.2657 18.4012 18.9012 19.5908 19.5214 19.5214 19.5214 19.5214 19.5214 19.6397 19.6804 19.7202 18.3207 13.7148 13.7148 13.7148 13.7148 13.7148 13.7012 13.4601 13.6677 13.4103 13.3568 13.3493 13.3404 12.9841 12.7590 12.5794 12.0474 11.1412 11.0967 11.1286 11.1639 11.2730 11.4124 11.5517 11.8489 12.4012 12.4121 12.4704 12.5069 12.4302 12.4161 12.4450 14.9400 14.6523 15.0003 15.0007 15.0007 15.0007 15.0007 15.0007 15.0007 15.0001 15.0358 15.5114 15.4565 16.4873 16.5073 16.4406 17.0546 17.3812
13.5758 13.8369 18.2425 18.2657 18.2657 18.2657 18.2829 18.7793 19.5189 19.5317 19.5214 19.5214 19.5214 19.5214 19.5933 19.6804 19.6848 19.7191 14.0912 13.7029 13.6965 13.6900 13.6442 13.5267 13.1759 13.1376 12.8701 12.6775 12.5577 12.3826 12.0937 11.8187 11.7400 11.5737 11.6451 11.7358 11.7362 11.7362 11.7362 11.7362 11.7362 11.7590 12.4165 12.4375 12.5032 12.5155 12.4675 12.4308 12.4315 14.4124 14.8182 15.0194 15.0946 15.1045 15.1143 15.1242 15.1340 15.1439 15.1544 15.1679 15.0482 15.0296 15.8177 16.2079 16.2079 16.5957 17.2850
13.5069 13.3780 17.2743 18.2657 18.2657 18.2657 18.2657 18.6602 19.3149 19.5521 19.5214 19.5206 19.5132 19.5042 19.5159 19.6096 19.5571 19.4158 15.1586 12.9533 12.8097 12.6659 12.5566 12.4632 12.1530 11.9621 11.9867 12.0267 11.9405 11.9187 11.8717 11.5892 11.6034 11.5638 11.7320 11.8237 11.8318 11.8325 11.8330 11.8335 11.8339 11.8344 12.3196 12.4808 12.5215 12.5412 12.5135 12.4518 12.4518 13.8083 15.1028 15.0371 15.2108 15.2107 15.2105 15.2104 15.2102 15.2101 15.2099 15.2140 15.1382 15.0830 15.5638 16.2364 16.2434 16.3682 17.3048
13.3669 13.4307 15.8127 18.2657 18.2656 18.2495 18.2173 18.4395 18.9819 19.3627 19.2445 19.1903 19.1427 19.0957 19.0337 19.1451 19.0452 18.0632 15.2205 12.4398 12.3885 12.3380 12.2931 12.3001 12.2377 12.1418 12.2535 12.4332 12.3438 12.0299 12.0196 11.7381 11.6887 11.6486 11.6933 11.8230 11.8160 11.8158 11.8158 11.8158 11.8158 11.8158 12.1461 12.4701 12.4948 12.5336 12.5311 12.4549 12.4518 13.1415 15.2444 14.9233 15.2068 15.2202 15.2385 15.2567 15.2749 15.2931 15.3114 15.3253 15.2742 15.1600 15.3451 16.2515 16.2551 16.2804 16.9965
12.9267 12.9218 13.8913 17.7220 17.6232 17.5401 17.4733 17.5365 18.0427 18.6681 18.4630 17.7955 17.0394 16.2972 15.5580 14.9114 14.2992 14.0615 13.4572 12.1113 12.0605 12.0209 11.9811 11.9415 11.8977 12.1009 12.2108 12.3515 12.3598 11.9687 11.9620 11.7801 11.6511 11.6392 11.6092 11.8153 11.8158 11.8158 11.8158 11.8158 11.8158 11.8158 11.9841 12.4701 12.4791 12.5336 12.5386 12.5011 12.5012 12.6175 15.3678 14.9503 15.3180 15.3204 15.3181 15.3157 15.3133 15.3125 15.3735 15.4646 15.5433 15.4815 15.5802 16.7334 16.9265 17.0102 16.8389
10.9584 11.2651 11.9363 16.5919 16.9923 16.3775 15.6431 14.9036 14.6283 14.7297 14.0059 13.8458 13.8062 13.7665 13.7268 13.7306 13.8277 13.8265 13.3547 12.1641 11.8573 11.8574 11.8613 11.8671 11.8728 12.0572 12.2183 12.3190 12.3903 12.0595 11.9764 11.8859 11.6685 11.6698 11.6106 11.7960 11.8392 11.8407 11.8422 11.8441 11.8558 11.8716 11.9110 12.5400 12.5730 12.6455 12.6631 12.6504 12.6306 12.6347 14.9563 15.1984 15.4841 15.5814 15.6749 15.7683 15.8619 15.9537 15.9839 15.9839 15.9839 15.8772 15.9228 16.6726 17.0031 17.0031 16.8915
10.4751 10.7254 10.9915 12.5723 12.6602 12.5229 12.5122 12.5180 12.8279 13.6050 13.7956 13.7610 13.7668 13.7725 13.7783 13.7887 13.9347 13.9469 13.6218 12.7167 11.9939 11.9996 12.0015 12.0015 12.0015 12.1461 12.2571 12.3122 12.4244 12.1890 12.0075 11.9952 11.7069 11.6997 11.6701 11.7828 11.9062 11.9205 11.9347 11.9485 11.9525 11.9557 11.9724 12.4892 12.6631 12.7313 12.7851 12.8114 12.8119 12.8418 14.7702 16.0651 16.1302 16.2799 16.3635 16.4490 16.5366 16.6264 16.7183 16.8123 16.9089 16.8579 16.7782 16.8519 17.0031 17.0031 16.9746
9.45119 9.87524 10.4547 11.6528 12.6005 12.6005 12.6005 12.6005 12.7981 13.4633 13.8861 13.8205 13.8205 13.8205 13.8205 13.8205 13.9258 13.9718 13.7842 13.1520 12.0015 12.0015 12.0015 12.0015 12.0015 12.1055 12.2581 12.2741 12.4361 12.3072 12.0377 12.0466 11.8541 11.7943 11.8003 11.8153 12.0095 12.0275 12.0481 12.0532 12.0399 12.0233 11.9933 12.2985 12.5843 12.7987 13.3313 13.3916 13.4189 13.4743 14.7143 17.1729 16.8002 16.9683 16.9683 16.9683 16.9683 16.9683 16.9683 16.9683 16.9683 16.9051 16.7772 16.7594 16.9212 16.8793 16.8334
9.37947 9.75645 10.2069 11.2156 12.5642 12.6005 12.6005 12.6005 12.6914 13.2505 13.9109 13.8208 13.8205 13.8205 13.8205 13.8205 13.8815 13.9718 13.9249 13.4394 12.1380 12.0061 12.0139 12.0217 12.0294 12.0847 12.3635 12.3866 12.5604 12.5491 12.1721 12.1698 12.0301 11.8169 11.7027 11.3914 11.7586 11.7649 11.7311 11.7125 11.7125 11.7125 11.7125 11.8873 12.3667 12.5202 13.5347 13.5347 13.5116 13.4931 13.8086 17.1758 16.3742 16.4567 16.2698 16.0793 15.8868 15.6895 15.4909 15.2873 15.0813 14.8637 14.5919 14.4275 14.4664 14.3749 14.2191
9.30783 9.64869 10.1379 10.8935 12.2226 12.6005 12.6005 12.6005 12.6071 13.0335 13.9017 13.8375 13.8205 13.8205 13.8200 13.8080 13.8093 13.9930 13.9649 13.5797 12.6560 12.1300 12.1512 12.1724 12.1936 12.2133 12.4924 12.3974 12.2649 12.1647 11.7553 11.6521 11.5841 11.3484 11.3439 11.1292 11.4890 11.6850 11.6773 11.6697 11.6614 11.6503 11.6389 11.6547 12.0213 11.9545 12.8482 12.8912 12.7992 12.6890 12.6105 13.3458 13.2957 13.6768 13.6768 13.6768 13.6781 13.6812 13.6842 13.6872 13.6902 13.6932 13.6382 13.6582 13.8323 14.0301 14.0789
9.25505 9.52224 10.0814 10.6277 11.8120 12.6005 12.6005 12.6005 12.5993 12.8558 13.6248 13.6739 13.5423 13.4242 13.3063 13.2002 13.0992 13.2466 13.2366 13.4204 12.9092 12.0562 11.9965 11.9367 11.8770 11.8132 11.9971 11.9853 11.9254 11.8235 11.6214 11.5097 11.4982 11.2517 11.2051 11.0608 11.1804 11.5578 11.5540 11.5503 11.5471 11.5467 11.5467 11.5467 11.5504 11.5515 12.1908 12.5837 12.5822 12.5437 12.5420 13.0240 13.3641 13.7707 13.7876 13.7907 13.8086 13.8445 13.8804 13.9163 13.9521 13.9880 13.9790 13.9586 14.0257 14.2984 14.2984
9.21174 9.32292 9.81649 10.1451 11.0163 12.0563 11.8961 11.7354 11.5758 11.6438 12.2270 12.5766 12.6220 12.5786 12.2655 11.8424 11.4187 11.1553 10.8751 10.5774 10.7624 11.3320 11.3156 11.2856 11.2555 11.2298 11.5357 11.8325 11.8182 11.7039 11.6035 11.4574 11.4574 11.3017 11.1826 11.1086 10.9925 11.5443 11.5467 11.5467 11.5467 11.5467 11.5467 11.5467 11.5492 11.5515 11.9343 12.5837 12.5837 12.5598 12.5804 12.8157 13.5501 13.8288 13.9742 14.0101 14.0297 14.0297 14.0297 14.0297 14.0297 14.0898 14.2618 14.4237 14.6335 15.1486 15.3867
8.70614 8.74161 8.96732 9.27859 9.64464 10.8783 11.0968 11.0855 10.8067 10.4970 10.6532 10.7407 10.4356 10.0362 9.90886 9.89214 9.87539 9.92987 10.1447 10.1408 10.4950 10.9931 11.1590 11.1590 11.1590 11.1590 11.3469 11.8398 11.8224 11.7231 11.6577 11.4522 11.4491 11.3696 11.1685 11.1531 10.9190 11.4020 11.5208 11.5178 11.5148 11.5119 11.5089 11.5060 11.5044 11.5049 11.6456 12.5225 12.5190 12.5985 12.7077 12.7243 13.6010 13.8711 14.2754 14.4641 14.6717 14.8796 15.0872 15.2948 15.5027 15.6501 15.6523 15.5895 15.5895 15.8058 15.9293
8.66803 8.66061 8.76018 8.93996 9.09507 9.38121 9.15322 8.75929 8.63314 8.62408 9.04177 9.72131 9.81769 9.84145 9.84377 9.84609 9.84841 9.85482 10.1345 10.1582 10.4405 10.8443 11.2016 11.2039 11.2062 11.2085 11.2391 11.9018 11.7363 11.6647 11.6105 11.3843 11.3677 11.3590 11.1042 11.0929 10.9035 11.1591 11.4571 11.4571 11.4571 11.4572 11.4572 11.4572 11.4575 11.4753 11.5050 12.4517 12.5175 12.4101 12.4425 12.3074 12.9714 14.3690 15.6415 15.6606 15.6606 15.6606 15.6606 15.6606 15.6606 15.6606 15.6606 15.5987 15.5895 15.7105 15.9293
8.00713 7.86923 7.94896 8.28110 8.50091 8.75953 8.65974 8.65974 8.65974 8.65974 8.93198 9.65144 9.82823 9.87831 9.87831 9.87831 9.87831 9.87831 10.0754 10.1811 10.3561 10.6737 11.2175 11.2175 11.2175 11.2175 11.2175 11.8175 11.7328 11.6943 11.6018 11.3827 11.2612 11.2114 11.1083 11.0931 10.9702 10.9970 11.4990 11.5263 11.5536 11.5728 11.4884 11.4017 11.3660 11.3206 11.2565 11.5759 11.6653 11.6650 11.8322 11.8605 12.2966 13.7109 15.6606 15.6606 15.6606 15.6606 15.6606 15.6606 15.6606 15.6606 15.6606 15.6160 15.5895 15.6178 15.9268
7.82983 7.82983 7.87973 8.23582 8.39601 8.78118 8.66762 8.65974 8.65974 8.65974 8.83117 9.48354 9.79953 9.87831 9.87831 9.87831 9.87831 9.87831 9.98694 10.1811 10.2512 10.5676 11.1345 11.2175 11.2025 11.1596 11.1160 11.5294 11.5372 11.4514 11.2735 11.1248 10.9724 11.0047 11.0681 11.1761 11.4395 11.8647 11.8036 11.6565 11.5917 11.5340 11.5944 11.6583 11.6593 11.6623 11.6650 11.6650 11.6650 11.6650 11.7766 11.8605 11.9720 13.0539 15.6089 15.6608 15.6676 15.6772 15.6868 15.6964 15.7060 15.7156 15.7251 15.6448 15.4758 15.4637 15.7217
7.82983 7.82983 7.84508 8.14477 8.37510 8.68903 8.70427 8.65974 8.65974 8.65974 8.73020 9.31551 9.77218 9.87687 9.87831 9.87831 9.87831 9.87831 9.89398 10.1132 10.0728 10.3758 10.7313 10.9840 10.9910 11.0272 11.0650 11.4364 11.7729 11.8245 12.0768 12.3055 12.3902 12.6115 12.8145 13.0062 13.0223 13.2285 12.2141 11.6572 11.6437 11.6285 11.6132 11.5980 11.5898 11.6212 11.5777 11.5721 11.5665 11.5608 11.6116 11.7451 11.7726 12.8217 15.1433 15.7662 15.7690 15.7690 15.7690 15.7690 15.7690 15.7690 15.7690 15.7243 15.4411 15.4411 15.6201
7.82983 7.82983 7.82987 8.06198 8.34649 8.57440 8.74353 8.65974 8.65974 8.65974 8.66172 9.11524 9.75719 9.85713 9.91583 9.92554 9.93495 9.94467 9.96311 10.0998 10.1613 10.4521 10.8669 11.4938 11.6490 11.7854 11.9223 12.2287 13.1539 13.0498 13.0136 12.9650 12.8372 12.8222 12.8208 12.8811 12.9147 13.0924 12.6282 11.6799 11.7262 11.7739 11.8208 11.8672 11.9066 11.8668 11.3101 11.2850 11.2689 11.2528 11.2434 11.3935 11.3886 12.2582 14.6719 16.0798 16.0910 16.1028 16.1142 16.1315 16.1735 16.2178 16.2624 16.3067 16.0587 16.0682 16.1122
7.82983 7.82983 7.82983 7.97152 8.27819 8.40574 8.69384 8.51668 8.45152 8.38657 8.30814 8.49059 9.15011 9.57924 9.93969 9.90597 9.87294 9.78465 9.64342 9.57334 9.50636 9.51532 9.72002 11.9036 11.9717 11.9701 11.9686 11.9732 12.4970 12.4815 12.5206 12.5600 12.6254 12.6713 12.6971 12.7155 12.7306 12.8108 12.8093 11.5764 11.5653 11.5653 11.5653 11.5653 11.5653 11.5653 11.1486 11.0371 11.0371 11.0371 11.0371 11.1575 11.2053 11.6744 14.0744 16.2980 16.3310 16.3640 16.3970 16.4241 16.4268 16.4268 16.4268 16.4268 16.2027 16.0070 15.9251
7.49206 7.39689 7.30146 7.26547 7.58494 7.61862 8.07252 7.98878 7.94200 7.92480 7.92090 8.03716 8.51911 8.79802 9.24617 9.13517 9.02475 8.96985 8.96795 8.99499 9.11060 9.14965 9.51491 11.2486 11.9572 11.9572 11.9572 11.9572 12.3764 12.6661 12.6633 12.6633 12.6819 12.6971 12.6971 12.7060 12.7306 12.7595 12.9245 11.8680 11.5890 11.5994 11.6100 11.6204 11.6308 11.6413 11.3663 11.1368 11.1498 11.1629 11.1758 11.3202 11.5315 11.6994 13.6156 16.3786 16.5058 16.5193 16.4776 16.3984 16.3192 16.2400 16.1608 16.0816 15.8819 15.6871 15.6907
6.92526 6.92526 6.92526 6.92546 7.28408 7.34513 7.44108 7.49126 7.55271 7.44851 7.34356 7.35680 7.95019 8.27686 8.92460 8.93216 8.92535 8.91858 8.91179 8.90571 9.03066 9.03787 9.36950 10.4579 11.8704 11.8636 11.8568 11.8500 12.0957 12.8167 12.8986 12.9089 12.9302 12.9638 12.9741 12.9855 13.0270 13.0391 13.2147 12.5598 11.8826 11.8852 11.8877 11.8903 11.8928 11.8953 11.7422 11.3693 11.3723 11.4104 11.4587 11.5804 12.0279 12.2795 13.8533 15.8493 16.1681 16.0755 16.0380 16.0380 16.0380 16.0380 16.0380 16.0380 15.9861 15.7100 15.7051
6.39604 6.09710 5.79780 5.49880 5.45133 5.64521 5.87521 6.41497 7.13600 7.13009 7.12414 7.11938 7.63478 8.10857 8.62115 8.78879 8.78879 8.78879 8.78879 8.78879 8.87954 8.93524 9.16298 9.65940 11.7869 11.7881 11.7881 11.7881 11.9349 12.7278 12.9793 12.9793 12.9822 13.0121 12.9990 12.9823 13.0244 13.0565 13.1764 12.9647 11.9002 11.9380 11.9864 12.0347 12.0830 12.1912 12.3303 12.0088 12.1690 12.3003 12.4215 12.5202 12.8226 12.9092 13.9841 15.4939 16.0380 16.0380 16.0380 16.0380 16.0380 16.0380 16.0380 16.0380 16.0370 15.7391 15.7100
