OMI_NO2_yc_0.0167deg/OMI_NO2_yc_0.0167deg/OMI_NO2_200703.asc
ncols      200
nrows      200
xllcorner       110.913
yllcorner       33.7933
cellsize     0.0166667
NODATA_Value      -999.000
[rows 145 to 173 of 184, columns 0 to 66 of 200]
8.36146 8.78387 9.87402 11.3869 11.3383 11.3383 11.3383 11.6084 11.8384 11.7496 11.6607 11.5718 10.8081 10.5987 10.5210 10.4431 10.3653 10.2875 10.2098 9.38085 8.54119 8.36072 8.09836 7.81679 7.83127 7.52581 7.03398 7.64348 7.15379 7.10701 7.10701 7.10701 7.10701 7.10701 7.10701 7.10701 7.10701 7.08766 7.09877 7.14179 6.94865 6.94098 6.92941 6.92941 6.92941 6.92941 7.73726 7.86900 8.06785 8.69787 8.70678 8.60535 8.49060 8.36866 8.04794 8.01500 9.44279 10.8594 11.3860 11.3610 11.3361 11.3111 11.2860 11.2313 11.2177 11.2177 11.2177
7.47120 7.47706 9.51522 10.1998 10.1980 10.1089 10.0200 10.0447 10.4241 10.4241 10.4241 10.4241 10.1002 9.75000 9.75000 9.69941 9.59483 9.45765 9.21797 8.66621 7.53670 7.40581 7.35701 7.33400 7.46016 7.51475 6.91892 7.58922 7.21483 7.04616 7.03686 7.02767 7.01805 7.00897 6.99949 6.99019 6.98100 6.96813 6.89177 7.05334 6.82027 6.83864 6.84054 6.85946 6.87034 6.87605 7.47457 7.73188 7.69682 8.00588 7.89667 7.86494 7.85658 7.82402 7.65503 7.28865 8.20181 9.56543 11.1726 11.2177 11.2177 11.2177 11.2177 11.2177 11.2177 11.2177 11.2177
7.28713 7.16456 9.21687 9.75916 9.89664 9.89791 9.89921 9.90475 10.4336 10.4883 10.4926 10.4310 10.1885 9.36561 9.08811 8.87206 8.71250 8.58881 8.57734 8.50916 7.12603 7.06198 7.05008 7.03318 7.03818 7.18172 6.75057 7.12440 7.04386 6.80219 6.82515 6.84811 6.87107 6.89403 6.91699 6.93995 6.96296 6.98589 6.64040 6.76961 6.77074 6.76652 6.73034 6.68588 6.66332 6.64604 7.03097 7.53197 7.51783 7.58178 7.62029 7.54269 7.46512 7.41207 7.40590 6.93156 7.60130 9.33649 10.7016 11.2177 11.2177 11.2177 11.2177 11.2177 11.2177 11.2177 11.2177
6.53851 7.23071 8.60512 9.67810 9.92417 9.92417 9.92417 9.85731 10.0275 9.89496 9.52413 9.22280 9.03392 8.66165 8.55003 8.55003 8.50296 8.37998 8.25582 8.13180 7.33789 7.16123 7.18427 7.20720 7.22990 7.44041 7.31174 7.22187 7.42021 7.00745 7.00745 7.00745 7.00745 7.00745 7.00745 7.00745 7.00693 7.00275 6.73892 6.57818 6.76810 6.69940 6.66931 6.62388 6.55964 6.48207 6.60217 7.22839 7.16496 7.20888 7.41046 7.41046 7.41046 7.41046 7.41046 6.96285 7.43491 8.97864 10.1253 11.2177 11.2177 11.2177 11.2177 11.2177 11.2177 11.2237 11.2622
5.37403 7.30871 7.83440 9.48938 9.54109 9.15602 8.66290 8.21321 8.14214 8.40552 8.26113 8.11597 7.97158 7.72915 7.44112 7.31684 7.24001 7.23896 7.23896 7.23832 7.25570 7.13155 7.03302 6.93437 6.98084 7.48242 7.48383 7.14823 7.55838 7.00823 7.00745 7.00745 7.00742 7.00447 6.99137 6.96684 6.94270 6.92224 6.76985 6.39517 6.59075 6.47452 6.39569 6.27488 6.25736 6.25736 6.28062 7.13184 7.15888 7.15918 7.37467 7.41046 7.41046 7.41046 7.41046 7.07791 7.21410 8.59303 9.56843 11.1984 11.2177 11.2193 11.2513 11.2947 11.3381 11.3755 11.3820
4.21784 6.17218 5.93833 6.12006 6.87849 6.83778 6.81499 6.81499 6.85747 7.43695 7.44617 7.44617 7.44617 7.42178 7.14663 7.03772 6.93906 6.84053 6.74199 6.64416 6.65646 6.68172 6.65758 6.65758 6.72113 7.43242 7.48439 7.22855 7.61443 7.07510 6.99112 6.96647 6.94188 6.92018 6.88502 6.81802 6.75025 6.68232 6.58714 6.12978 6.27950 6.30660 6.28563 6.23060 6.18639 6.16379 6.14196 6.81568 6.99915 6.95707 6.98627 7.00453 6.89772 6.79097 6.68296 6.41996 6.27456 7.32753 8.53858 9.96739 10.4006 10.3547 10.2782 10.1889 10.0429 9.86204 9.67672
4.19142 4.72242 5.37542 5.52133 6.50632 6.81499 6.81499 6.81222 6.80652 7.09545 7.05718 6.94393 6.82935 6.73088 6.65269 6.61500 6.61631 6.61759 6.61889 6.62021 6.63123 6.74563 6.67989 6.68159 6.68324 7.36580 7.46201 7.09961 6.78375 6.36962 6.12042 5.97198 5.81580 5.65809 5.52133 5.42825 5.33360 5.23835 5.14078 4.63760 4.51922 4.78472 4.71373 4.63281 4.51777 4.44796 4.37736 4.35773 4.28217 4.19791 4.24519 4.48110 4.48110 4.48110 4.49212 4.51772 4.57589 5.27164 7.06416 7.98395 9.11365 9.02663 8.93633 8.84445 8.81035 8.81035 8.76233
4.19131 4.43592 4.97419 4.99438 6.21392 6.86028 6.85515 6.85324 6.85463 6.81846 6.77822 6.77822 6.77822 6.76947 6.68052 6.53536 6.47796 6.41952 6.35973 6.29864 6.23621 6.32640 6.03281 5.69891 5.35786 5.16649 5.02637 4.79828 4.67174 4.42400 4.24774 4.24055 4.24055 4.24055 4.24055 4.24055 4.24055 4.24055 4.24055 3.93456 3.69505 4.17736 4.25662 4.25646 4.20237 4.19358 4.19358 4.19358 4.19358 4.19297 4.16108 4.37660 4.40134 4.38043 4.35157 4.29552 4.11411 4.57378 5.97337 6.53963 8.35573 8.23611 8.05876 7.83579 7.56910 7.32501 7.14193
3.94644 3.93841 4.72327 4.76900 5.60436 6.26971 6.19076 6.10959 6.02583 5.92374 5.76047 5.66809 5.57292 5.48864 5.47793 5.56893 5.58123 5.58123 5.43506 5.14923 4.81609 4.50166 4.29331 4.20271 4.10889 4.10641 4.20717 4.20717 4.32601 4.36684 4.24055 4.24055 4.24055 4.24121 4.24478 4.24851 4.25236 4.25622 4.26006 4.08705 3.70537 4.02369 4.28741 4.25628 4.15790 4.05897 3.99380 3.95525 3.92727 3.88930 3.85400 4.01323 4.22161 4.22099 4.21690 4.21471 4.08549 4.27215 4.88718 5.26062 6.78193 7.06224 7.00171 6.96924 6.96910 6.96910 6.96910
3.92786 3.92786 4.53992 4.77067 5.10471 5.57311 5.57311 5.57311 5.57311 5.57289 5.48808 5.47761 5.47761 5.47761 5.30394 5.05988 4.74349 4.28867 3.97880 3.80892 3.68697 3.75524 4.00552 4.07490 4.07490 4.07841 4.20085 4.20717 4.27517 4.41295 4.40027 4.39762 4.34415 4.27982 4.21182 4.14348 4.06089 3.93919 3.82148 3.68534 3.48142 3.53716 3.86873 3.81038 3.76572 3.85101 3.84753 3.81235 3.76545 3.72964 3.72733 3.80136 4.19029 4.11239 4.03881 4.01056 3.92614 4.05013 4.59891 5.18542 6.05009 6.96910 6.96910 6.96910 6.96910 6.96910 6.96910
3.92786 3.92786 4.25477 4.77098 4.81566 5.54573 5.57311 5.57311 5.57311 5.57311 5.34956 4.90233 4.34600 3.78716 3.39834 3.27537 3.67943 3.68170 3.68170 3.68170 3.67502 3.65954 3.80557 3.85159 3.78324 3.71490 3.66326 3.58630 3.54317 3.77046 3.67390 3.56997 3.51932 3.47949 3.44184 3.40605 3.37992 3.37827 3.37827 3.37005 3.32410 3.26041 3.56141 3.55832 3.51143 3.67357 3.72122 3.65745 3.57956 3.50156 3.42355 3.35926 3.80234 4.00290 4.12948 4.13868 4.09492 4.02093 4.42949 5.17435 5.48448 6.96910 6.96910 6.96910 6.96910 6.96910 6.96910
3.92786 3.92786 3.94240 4.72786 4.76753 5.33884 5.40716 4.90386 4.34235 3.78201 3.32933 3.07290 3.02702 2.98715 2.94737 2.90755 3.34469 3.43652 3.40466 3.37280 3.34760 3.34565 3.20005 3.24992 3.17230 3.07238 3.01794 3.07156 3.03959 3.33911 3.37827 3.37827 3.37827 3.37827 3.37827 3.37679 3.34493 3.27733 3.18660 3.10413 3.05012 3.01958 3.22779 3.34582 3.26789 3.29453 3.36704 3.35285 3.35285 3.35285 3.35285 3.35285 3.61603 3.95444 4.13868 4.13868 4.12312 3.98784 4.30844 5.02468 5.18560 6.70244 6.96910 6.96910 6.96501 6.92162 6.86846
3.92786 3.92786 3.92786 4.16501 3.83769 3.46598 2.99909 2.90153 2.86175 2.82264 2.80524 2.71682 2.71432 2.71432 2.71432 2.71432 2.99170 3.27564 3.17578 3.07593 2.97608 2.87629 2.67641 2.60122 2.66590 2.66590 2.71196 3.00412 3.00412 3.25671 3.37793 3.37827 3.35985 3.28774 3.19704 3.10778 3.04893 3.02970 3.04100 3.05246 3.06174 3.06861 3.06105 3.10379 3.10379 3.12362 3.34782 3.35285 3.35285 3.35285 3.35285 3.35275 3.42053 3.87763 4.07705 4.09550 4.08408 3.99049 4.19590 4.83338 5.18485 6.10275 6.88150 6.82829 6.77875 6.73316 6.67546
3.92786 3.92786 3.92786 3.49965 2.86651 2.92832 2.81671 2.80982 2.80982 2.80982 2.79429 2.61331 2.45377 2.32887 2.20414 2.07941 2.01272 2.68560 2.70803 2.70803 2.70803 2.70803 2.65351 2.55352 2.66590 2.66590 2.66590 2.95382 2.99481 2.98262 2.95870 2.87212 2.78721 2.76530 2.76305 2.76096 2.75919 2.75277 2.73970 2.72609 2.71188 2.69264 2.66974 2.67660 2.68309 2.66948 2.83057 2.89133 2.87809 2.86453 2.85082 2.83773 2.83353 3.27229 3.55553 3.69354 3.69354 3.87233 4.00882 4.51437 5.01527 5.38670 6.85528 6.88238 6.91137 6.98217 7.08272
3.92786 3.92786 3.92786 3.90427 2.85322 2.73940 2.60293 2.48797 2.38943 2.29076 2.20770 2.07367 1.91729 1.91729 1.91729 1.91729 1.91729 2.47448 2.70803 2.70803 2.70803 2.70803 2.69712 2.52736 2.64638 2.57755 2.44566 2.50563 2.53766 2.48791 2.47374 2.54809 2.55824 2.55980 2.55980 2.55980 2.55980 2.55980 2.55980 2.55980 2.55980 2.55421 2.55319 2.53779 2.58447 2.58447 2.66896 2.83353 2.83353 2.83353 2.83353 2.83353 2.83353 3.08923 3.46025 3.72698 3.73166 3.87128 4.07568 4.20957 4.99385 4.93866 6.78500 6.95569 6.81614 6.55385 6.25406
2.95506 2.56042 2.16577 1.77161 1.60579 1.92597 2.14259 2.19816 2.19816 2.19816 2.19816 2.15459 1.91729 1.91729 1.91729 1.91729 1.91729 2.18447 2.70803 2.70803 2.70746 2.63990 2.50830 2.21855 2.12590 2.18981 2.20357 2.31271 2.56063 2.55160 2.46324 2.55773 2.55980 2.55980 2.55980 2.55980 2.55980 2.55980 2.55980 2.55980 2.55980 2.55583 2.55319 2.52020 2.58447 2.58447 2.60091 2.87338 2.94831 3.00939 3.03002 3.04113 3.06831 3.20356 3.57041 3.80986 3.82086 3.92908 4.22142 4.23820 4.28410 4.29954 5.09157 5.38712 5.18930 5.11462 5.07707
1.48119 1.48119 1.48119 1.48119 1.54631 1.79724 2.11865 2.19157 2.19816 2.19816 2.19816 2.19810 1.95463 1.91729 1.91729 1.91729 1.91690 1.87432 2.47224 2.36466 2.19125 2.08479 2.04218 1.91122 1.91681 2.22241 2.22241 2.23401 2.54823 2.56063 2.46767 2.52958 2.55980 2.55980 2.55980 2.56032 2.59218 2.64228 2.69256 2.74136 2.77024 2.72252 2.55598 2.54652 2.91288 3.00401 3.02106 3.15778 3.23656 3.23018 3.27156 3.32398 3.36083 3.36221 3.48105 3.70933 3.87355 3.91012 4.21506 4.14954 4.09797 4.04094 4.29906 5.07707 5.07707 5.07707 5.07707
1.48119 1.48119 1.48119 1.48119 1.48542 1.65409 2.10676 2.16784 2.19816 2.19816 2.19816 2.19816 2.03527 1.86132 1.74594 1.59523 1.44367 1.35010 1.74200 2.01048 2.01048 2.01048 2.01048 1.95551 1.83664 2.24024 2.34190 2.40223 2.70350 2.86105 2.80668 2.84444 2.96097 2.99881 3.02130 3.04325 3.03376 3.00591 2.97800 2.95161 2.94524 2.89552 2.49072 2.43042 2.80127 2.91937 2.94255 3.08215 3.36176 3.36299 3.37206 3.38339 3.39471 3.40603 3.48196 3.61106 3.70392 3.64893 3.94120 3.98223 3.99518 4.01869 4.03753 5.00267 5.07707 5.07707 5.07707
1.48119 1.48119 1.48119 1.48119 1.48119 1.59976 2.02800 2.13829 2.19808 2.14246 2.00313 1.85145 1.61793 1.32278 1.30283 1.33063 1.35963 1.38859 1.57933 2.13953 2.16278 2.18592 2.20919 2.24412 2.50048 2.73918 2.90864 2.92464 3.04696 3.14211 3.01238 2.88978 2.95737 2.94528 2.94524 2.94524 2.94524 2.94524 2.93997 2.88817 2.85026 2.83102 2.45078 2.43607 2.70586 3.03563 3.04696 3.06137 3.36806 3.41440 3.41664 3.41664 3.41664 3.41664 3.43324 3.56558 3.62854 3.63982 3.86411 3.98223 3.98641 4.01869 4.01869 4.68547 5.07707 5.07707 5.07707
1.48119 1.48119 1.48119 1.48119 1.48119 1.53160 1.87383 2.11330 1.85771 1.75560 1.77203 1.80102 1.81949 1.58772 1.59079 1.59079 1.59079 1.59079 1.59096 2.16117 2.26230 2.28056 2.29891 2.31725 2.54159 2.70976 3.02157 3.02392 3.02361 3.02316 2.97390 2.84059 2.91173 2.94524 2.94515 2.91107 2.87702 2.85778 2.84391 2.87653 2.90347 2.92663 2.67698 2.53751 2.66227 3.07139 3.08239 3.08239 3.26421 3.41664 3.41664 3.41664 3.41664 3.41664 3.41664 3.53148 3.60526 3.63982 3.79271 3.98223 3.98223 4.01407 4.03815 4.53617 5.35818 5.42476 5.48850
1.48119 1.48119 1.48119 1.48119 1.48119 1.47153 1.52388 2.20837 2.01389 1.87166 1.87166 1.87166 1.87166 1.67179 1.60923 1.63216 1.65510 1.67802 1.70096 2.05611 2.37232 2.37241 2.37241 2.37241 2.51495 2.63434 2.99607 3.03566 3.04159 3.04676 3.04377 2.85774 2.89784 2.91802 2.90260 2.92388 2.96281 2.98996 3.01703 3.04407 3.06304 3.06686 2.90371 2.63789 2.66167 3.10234 3.17832 3.18266 3.24904 3.52543 4.25890 5.56922 5.75242 5.93143 6.10662 6.33736 6.51863 6.34320 6.65629 7.29955 7.39233 7.45323 7.49091 7.43615 8.11248 8.01754 7.89145
1.48119 1.48119 1.48119 1.48119 1.48119 1.96323 1.78451 2.40083 2.40385 2.13902 2.18037 2.22436 2.27144 2.17587 2.04214 2.05559 2.06908 2.08227 2.09516 2.17074 2.59562 2.60678 2.61429 2.62192 2.70038 2.90438 3.15941 3.34236 3.40071 3.25654 3.30520 3.21563 3.22517 3.10218 3.11825 3.13886 3.14188 3.14188 3.14188 3.14188 3.14188 3.14188 3.08134 2.70571 2.70571 3.02678 3.24688 3.24688 3.24688 3.52344 4.46720 7.42818 7.42818 7.42818 7.42818 7.44045 7.51094 6.91524 6.68641 7.02723 6.86398 6.81980 6.74498 6.66011 7.15178 7.38575 7.37394
1.48119 1.48119 1.48119 1.48119 1.48119 3.05715 3.07684 2.90369 3.07538 2.70507 2.71033 2.79974 2.88660 2.90754 2.66170 2.73112 2.79902 2.86554 2.93062 2.99421 3.26713 3.38085 3.42959 3.47950 3.57484 3.79435 3.92471 4.18845 4.21792 3.52091 3.49551 3.38096 3.30215 3.19803 3.14188 3.14188 3.14188 3.14188 3.14188 3.14188 3.14188 3.14188 3.14162 2.75181 2.70571 2.87149 3.23988 3.24688 3.24688 3.40265 3.61800 7.06476 7.04028 6.80335 6.56639 6.39090 6.29206 6.08798 5.93395 6.31221 6.34802 6.39912 6.49210 6.42741 6.62585 6.99291 6.87847
1.48119 1.48119 0.00000 0.00000 0.00000 3.96090 3.89687 2.82883 4.15865 4.12260 3.76943 3.76943 3.76943 3.76943 3.35830 3.29874 3.29874 3.29874 3.29874 3.30074 3.45898 3.63159 3.69956 3.77428 3.81110 3.99481 4.05740 4.25791 4.27260 3.73720 3.50386 3.42303 3.30215 3.25304 3.14188 3.14188 3.14188 3.14188 3.14188 3.14188 3.13609 3.12063 3.10503 2.77000 2.55322 2.56120 2.83984 2.83001 2.76702 2.68172 2.75906 5.34981 6.14889 6.27427 6.42131 6.51860 6.32270 6.03572 5.77285 6.00289 6.08738 6.02094 6.10102 6.05886 6.05398 6.69518 6.70971
0.00000 0.00000 0.00000 0.00000 0.00000 3.96090 3.96090 2.95769 3.84416 4.39456 3.77298 3.76943 3.76943 3.76943 3.48325 3.30034 3.37415 3.49902 3.65089 3.80079 3.87506 3.86421 3.87057 3.87057 3.87057 3.97413 4.05367 4.19161 4.27253 3.90915 3.47900 3.42440 3.24586 3.22600 3.06452 3.03877 3.01962 2.98472 2.94792 2.91107 2.88007 2.85872 2.83751 2.59012 2.24591 2.21373 2.39999 2.43042 2.33754 2.30111 2.44234 4.80160 6.51574 6.46497 6.40147 6.33792 6.23364 5.83053 5.55500 5.61328 5.77881 5.78670 5.94762 5.99446 5.99446 6.51585 6.70971
0.00000 0.00000 0.00000 0.00000 0.00000 3.96090 3.96090 3.26507 3.47455 4.49640 3.91611 3.77113 3.86018 4.03165 4.04380 3.81997 3.89878 3.92566 3.91678 3.89278 3.86870 3.81478 3.77985 3.75923 3.73851 3.79027 3.93525 3.98909 4.12752 3.92975 3.32225 3.28887 3.07666 3.04844 2.92785 2.84574 2.82807 2.82620 2.82620 2.82620 2.82620 2.81339 2.73779 2.55937 1.94690 1.86283 2.01932 2.27655 2.23053 2.15432 2.16065 3.61616 6.22761 6.21486 6.21486 6.21486 6.21486 5.91322 5.61369 5.49147 5.77303 5.77320 5.90502 5.99446 5.99446 6.29000 6.70971
0.00000 0.00000 0.00000 0.00000 0.00000 0.00000 3.96090 3.86060 2.95273 4.21645 4.12053 4.30302 4.36778 4.34951 4.30035 3.75366 3.70983 3.68567 3.67109 3.67094 3.67094 3.66499 3.65171 3.65183 3.65249 3.67233 3.90398 3.91334 4.11520 4.08919 3.32232 3.18825 3.03180 2.98647 2.94211 2.82620 2.82620 2.82451 2.76755 2.68689 2.60157 2.52276 2.51085 2.47862 1.76331 1.62123 1.64277 1.88585 1.91535 1.91535 1.92874 2.51979 6.20736 6.21486 6.21486 6.21486 6.21486 6.04279 5.76309 5.42355 5.77256 5.77303 5.84924 5.99446 5.99446 6.06820 6.70654
1.91309 1.91309 1.91309 1.91309 1.86623 1.80450 2.30807 2.52161 2.50066 3.59879 3.85675 4.20932 4.21607 4.21607 4.21607 3.81430 3.67094 3.67137 3.67221 3.67305 3.67389 3.67449 3.65739 3.65626 3.65632 3.65632 3.86316 3.90789 4.05254 4.12682 3.49988 3.20755 3.07389 2.98647 2.94508 2.71797 2.63285 2.54072 2.49588 2.42013 2.33369 2.24639 2.15811 2.09927 1.60170 1.35352 1.37401 1.72456 1.86144 1.93026 2.00803 2.23584 5.33731 5.52292 5.34518 5.16357 4.97626 4.76125 4.39566 4.00754 3.85268 3.68892 3.55078 3.59132 3.44018 3.27714 3.74751
1.88809 1.82795 1.78614 1.75605 1.74221 1.74214 1.99243 2.37677 2.36826 3.22041 3.70365 3.88857 3.87585 3.76154 3.65413 3.52793 3.48551 3.47050 3.45532 3.43999 3.42448 3.40925 3.40596 3.40101 3.38795 3.37489 3.50611 3.60003 3.66092 3.79280 3.30989 2.72853 2.57839 2.55937 2.38239 2.56692 2.74210 2.72667 2.72385 2.78875 2.86354 2.93725 3.00834 3.07858 2.83561 2.49369 2.56744 2.88688 3.18322 3.19304 3.19304 3.25950 2.56931 1.96888 1.96888 1.96888 1.96888 1.96888 2.19674 2.28486 2.31836 2.35224 2.39397 2.46168 2.48104 2.45564 2.81924
