High_resolution/powerplant/Fengdu/OMI_NO2_2007_06-08.asc
ncols      200
nrows      200
xllcorner       105.978
yllcorner       28.1831
cellsize     0.0166667
NODATA_Value      -999.000
[rows 29 to 57 of 200, columns 0 to 65 of 200]
2.12708 2.06591 2.00471 1.94589 1.93012 1.90129 2.13505 2.14376 2.15807 2.13918 2.22751 2.39012 2.42556 2.46182 2.49850 2.46933 2.37005 2.37415 2.30010 2.46598 2.36243 2.36679 2.36616 2.36107 2.35575 2.26008 2.20457 2.08740 2.20762 2.14895 2.24840 2.24902 2.26016 2.29934 2.39243 2.46438 2.46438 2.46438 2.48253 2.48250 2.48248 2.47358 2.53130 2.52534 2.65613 2.67656 2.63911 2.68858 2.78466 2.83874 2.87230 3.03472 3.02865 2.93699 2.94392 2.98257 3.01143 3.04590 3.06129 3.11286 3.13460 3.17518 3.10549 2.90485 2.86049 2.84145
1.96646 1.96646 1.96646 1.96646 1.96646 1.93397 2.08521 2.18385 2.25291 2.26938 2.31518 2.60289 2.60053 2.60668 2.59920 2.53948 2.36509 2.35652 2.35821 2.48810 2.41503 2.40858 2.40697 2.38968 2.36327 2.26347 2.12794 1.87771 2.09637 2.14284 2.28525 2.33301 2.33834 2.35500 2.31843 2.40315 2.37712 2.35109 2.33068 2.22410 2.21097 2.19089 2.26621 2.40003 2.48586 2.60875 2.63103 2.63191 2.67901 2.71129 2.67898 2.81903 3.18829 3.18802 3.19556 3.18324 3.18475 3.17745 3.17163 3.20898 3.21645 3.30505 3.40581 3.35786 3.26652 3.26292
1.97307 2.03584 2.11126 2.18669 2.26245 2.25084 2.27337 2.38894 2.44870 2.43787 2.38305 2.41825 2.35587 2.48057 2.52264 2.51995 2.32694 2.31746 2.31976 2.45462 2.36651 2.34563 2.32502 2.32075 2.32559 2.29410 2.13921 1.95648 2.12136 2.15868 2.19512 2.12185 2.04942 1.98437 1.95529 2.15218 2.13426 2.11568 2.11791 2.05698 2.04789 1.99597 2.05349 2.29575 2.36330 2.61740 2.67202 2.70254 2.77925 2.81157 2.78249 2.87561 3.20523 3.20503 3.19704 3.19756 3.25512 3.33769 3.40662 3.55529 3.60682 3.58756 3.66242 3.65074 3.51047 3.42956
2.52531 2.55236 2.56503 2.57675 2.58737 2.51395 2.29646 2.46832 2.50383 2.50189 2.48050 2.48488 2.42510 2.50807 2.58566 2.56099 2.41807 2.33386 2.31013 2.48841 2.44136 2.43141 2.41404 2.38247 2.33195 2.23703 2.02237 1.85636 1.80955 1.84806 1.86113 1.82017 1.79658 1.78871 1.79453 2.00738 1.98608 1.97742 1.93082 1.84469 1.82159 1.79975 1.85812 2.03762 2.08383 2.40249 2.44034 2.53029 2.57770 2.61772 2.57379 2.67007 2.96873 2.97129 3.11246 3.23146 3.25573 3.57134 3.56183 3.73389 3.76464 3.65408 3.66355 3.71860 3.54376 3.44428
2.45965 2.45965 2.45965 2.45965 2.45633 2.45597 2.33035 2.40714 2.42199 2.41712 2.40788 2.41098 2.30825 2.32721 2.46053 2.44898 2.40727 2.33588 2.30926 2.43119 2.40430 2.27005 2.19016 1.98012 2.13577 2.11229 2.02073 1.87333 1.81645 1.84032 1.86199 1.84346 1.82534 1.76303 1.69222 1.92285 1.98678 1.98225 1.92322 1.85986 1.79332 1.74735 1.74335 1.89661 2.02875 2.39987 2.45190 2.56961 2.57212 2.50058 2.45431 2.52211 2.77594 2.77845 2.91413 3.03381 3.03119 3.29423 3.34942 3.51787 3.70875 3.60264 3.53960 3.61506 3.51861 3.38665
2.45965 2.45965 2.45965 2.45965 2.45471 2.43857 2.32472 2.30905 2.30357 2.27937 2.28274 2.29475 2.20431 2.16838 2.24913 2.20889 2.18600 2.06278 2.12572 2.23375 2.32662 2.23480 2.17577 2.03785 2.13577 2.12084 2.09941 1.96536 1.89730 1.86084 1.81928 1.72377 1.63326 1.60299 1.56585 1.75718 1.91353 1.89076 1.84494 1.81827 1.77850 1.80745 1.83014 1.93106 2.25054 2.39889 2.48913 2.57724 2.60420 2.58146 2.53826 2.55950 2.78004 2.79099 2.89179 3.09289 3.04311 3.31472 3.34817 3.48316 3.84603 3.74684 3.69650 3.71272 3.69618 3.50447
2.36634 2.34299 2.31960 2.29635 2.40631 2.40903 2.29863 2.22381 2.26864 2.27322 2.27852 2.28727 2.14144 2.07336 2.12347 2.14648 2.18024 2.07645 2.11230 2.17602 2.31711 2.26103 2.21447 2.15935 2.23870 2.25929 2.19099 1.96130 1.75046 1.66692 1.67559 1.64937 1.60403 1.57734 1.51388 1.58354 1.94213 1.99597 1.98165 2.03239 2.04300 2.06807 2.11731 2.11850 2.32115 2.47654 2.59094 2.62333 2.68877 2.68502 2.67678 2.68113 2.90415 2.93664 2.95732 3.20709 3.16264 3.39082 3.37478 3.42407 3.76633 3.75514 3.65962 3.74722 3.78188 3.43282
2.39339 2.39229 2.38605 2.37913 2.51543 2.50735 2.39759 2.20623 2.26510 2.27049 2.27403 2.29788 2.21461 2.07145 2.09610 2.12425 2.13364 2.09015 2.16345 2.16634 2.36300 2.30447 2.22057 2.14748 2.06153 2.07667 1.99665 1.93788 1.76936 1.60523 1.61656 1.58626 1.59116 1.62023 1.60834 1.60707 2.10930 2.14127 2.08572 2.10626 2.16433 2.18236 2.14577 2.17713 2.33957 2.51339 2.61513 2.63275 2.71452 2.71223 2.72270 2.72401 2.97428 3.07434 3.05634 3.26807 3.19068 3.32919 3.34404 3.40743 3.59552 3.74740 3.73429 3.81233 3.77600 3.40622
1.55266 2.35726 2.35660 2.35660 2.50956 2.50068 2.49687 2.20534 2.24761 2.25422 2.22352 2.23061 2.17294 1.96508 1.95687 1.99444 2.01643 2.00907 2.06075 2.02742 2.07373 2.03594 2.04799 2.06374 2.03530 2.07761 2.02883 2.01408 1.92445 1.53819 1.57652 1.49351 1.49295 1.49847 1.49776 1.49453 1.96923 2.06965 2.01516 2.00877 2.02741 2.04441 2.02659 2.06387 2.17257 2.37705 2.50515 2.51188 2.59293 2.59743 2.67530 2.69402 2.90506 3.07659 3.09071 3.30199 3.31702 3.47245 3.48276 3.49047 3.60091 3.87027 3.99955 4.18387 4.03968 3.69679
1.47257 2.39874 2.39874 2.39415 1.94868 2.35290 2.31946 1.94967 1.94054 2.01261 2.00814 2.05707 2.07270 1.94576 1.94966 1.99058 2.01888 2.01342 2.07486 2.05553 2.05553 2.04663 2.06110 2.08444 2.06327 2.12125 2.05248 2.05326 1.98170 1.62627 1.58497 1.49084 1.48996 1.51314 1.58973 1.64162 1.82080 1.88111 1.89617 1.94348 2.00870 2.10690 2.12704 2.10900 2.13640 2.34384 2.46372 2.47284 2.49009 2.53124 2.77075 2.80779 2.95010 3.13714 3.13714 3.29611 3.41556 3.51550 3.58853 3.62683 3.78018 4.22657 4.42112 4.53593 4.14507 3.93498
1.49177 2.23569 2.13010 2.06975 1.65436 2.05044 2.08376 1.87473 1.83277 1.97828 1.98422 2.00764 2.02538 1.95155 1.92079 1.94126 1.96859 1.97707 2.04986 2.07189 2.05133 2.04534 2.03511 2.07234 2.07419 2.13883 2.14908 2.19731 2.25562 2.37711 2.36206 2.13672 2.20833 2.20229 2.27309 2.23451 2.20985 2.14817 2.11558 2.11932 2.11775 2.19772 2.19162 2.14222 2.09977 2.26314 2.39261 2.39003 2.36735 2.43258 2.62900 2.76454 2.85247 3.15918 3.23820 3.54795 3.80651 3.88868 3.89652 3.83662 3.94616 4.17373 4.42112 4.53593 4.16015 4.08603
1.59629 2.01754 1.82287 1.82488 1.57017 1.94706 2.06267 1.95945 1.90528 1.97876 2.00358 2.00358 2.00855 1.97992 1.96418 2.00221 2.08594 2.11068 2.12291 2.14639 2.10572 2.19484 2.25379 2.35933 2.56517 2.57212 2.63760 2.63812 2.65918 3.02807 2.99042 2.36539 2.27894 2.20675 2.22698 2.18634 2.17727 2.10212 2.05894 2.05453 2.05403 2.16514 2.19115 2.15023 2.07634 2.19341 2.31186 2.25247 2.29154 2.34094 2.55309 2.91846 3.07455 3.31092 3.37939 3.57057 3.71798 3.77494 3.72713 3.60200 3.77553 4.03933 4.32927 4.42103 4.30969 4.18112
1.68823 1.54688 1.82488 1.82488 1.57017 1.86773 2.03734 1.99625 1.93521 1.99834 2.05955 2.08033 2.09219 2.05631 1.96755 1.96269 2.14402 2.14585 2.11443 2.24891 2.29327 2.47379 2.47379 2.47677 2.62395 2.58853 2.63812 2.64915 2.65712 2.86763 3.20693 2.42055 2.22244 2.15488 2.18827 2.20373 2.16066 2.08461 2.03780 2.04115 2.04824 2.12111 2.17631 2.18856 2.15914 2.30767 2.45762 2.56893 2.64369 2.59028 2.70127 3.00398 3.01732 3.10440 3.11202 3.27506 3.33624 3.38849 3.27371 3.15033 3.22927 3.54187 3.55014 3.77728 3.94778 3.83873
1.80037 1.54576 1.85263 1.86332 1.65573 1.68609 2.11743 2.16785 2.02388 2.00359 2.04938 2.03843 2.01793 2.05559 1.86243 1.80533 2.08004 2.12984 2.07904 2.21615 2.23937 2.41711 2.41639 2.39865 2.56279 2.48214 2.54662 2.52611 2.54001 2.66526 3.13759 2.54903 2.21934 2.17947 2.21403 2.29445 2.26264 2.17838 2.08275 2.11548 2.21863 2.33897 2.41910 2.48671 2.46928 2.48235 2.54244 2.53043 2.50270 2.34770 2.38247 2.65613 2.70901 2.75724 2.74534 2.89492 2.86143 2.87985 2.77552 2.54881 2.51500 3.01844 3.08092 3.33942 3.32913 3.23830
2.52173 2.20205 2.04833 1.97742 1.85989 1.88551 2.15660 2.18375 2.01642 2.03020 2.11613 2.15007 2.15007 2.16530 1.99156 1.84146 2.06738 2.26140 2.26398 2.38778 2.33925 2.37910 2.36339 2.31603 2.51125 2.44061 2.53951 2.53951 2.56191 2.64777 2.96330 2.86610 2.43243 2.29879 2.22888 2.24154 2.09782 2.02648 1.96919 2.26954 2.49497 2.52403 2.50197 2.53359 2.55281 2.57962 2.71115 2.65929 2.63935 2.64528 2.73455 3.06637 3.23587 3.23380 3.21998 3.41306 3.43168 3.39706 3.37723 3.27433 3.01231 3.28342 3.00892 3.14275 3.15075 3.00381
2.71688 2.42004 2.24224 2.19219 2.22677 2.23084 2.33003 2.33003 2.17196 2.13305 2.18906 2.22091 2.24472 2.30199 2.25610 2.02360 2.24742 2.57873 2.57747 2.64596 2.47920 2.58822 2.69233 2.67847 2.83374 2.93727 3.15057 3.23279 3.33036 3.37478 2.73929 2.50340 2.24170 2.04571 1.99722 2.04848 1.97776 1.97208 1.92653 2.09440 2.52303 2.56080 2.53188 2.58054 2.59555 2.64468 2.81617 2.70182 2.62923 2.64324 2.70319 2.91906 3.16603 3.15890 3.12834 3.26211 3.15547 3.02351 3.06258 2.89740 2.53321 2.87995 2.73705 2.93690 3.03129 2.98807
3.20982 2.84615 2.42501 2.36239 2.35229 2.35966 2.47747 2.53019 2.49994 2.47476 2.51604 2.55312 2.58981 2.63477 2.59086 2.35315 2.45885 2.78581 2.58421 2.81259 2.58598 2.64782 2.78691 2.74007 2.91670 2.91994 2.89728 2.78755 2.71922 2.65814 2.39031 2.13572 2.11038 1.96557 1.95843 1.95258 1.89817 1.89931 2.05311 2.19103 2.75861 2.83984 2.80471 2.81889 2.79786 2.86113 2.97012 2.81369 2.72626 2.74299 2.80734 2.98526 3.08496 3.06143 2.98556 3.11266 3.06351 2.94511 3.09046 2.98109 2.68846 2.92393 2.75218 2.70975 2.74487 2.77958
3.25147 3.04863 2.45909 2.44774 2.56955 2.64352 2.72000 2.76106 2.72610 2.63012 2.66715 2.73124 2.76896 2.80342 2.79818 2.62112 2.56978 2.86559 2.68234 2.87863 2.70888 2.63742 2.58434 2.48174 2.57378 2.55768 2.60254 2.60254 2.59934 2.59857 2.43296 2.03925 2.09177 2.09088 2.04388 2.05824 2.02799 2.01730 2.14055 2.26208 2.59781 2.78589 2.78828 2.82882 2.87599 2.90712 2.96066 2.86705 2.76881 2.77834 2.82179 2.95764 2.97572 3.05481 2.98135 3.02072 2.97656 2.81555 2.82572 2.68224 2.40793 2.64365 2.60747 2.62326 2.70022 2.79681
2.76819 2.61804 2.23129 2.22180 2.33536 2.36630 2.37905 2.37905 2.36926 2.27690 2.30644 2.31001 2.31892 2.36303 2.27861 2.14088 2.00897 2.33500 2.33436 2.73732 3.00288 2.83982 2.42140 2.34198 2.47389 2.46685 2.45259 2.41976 2.39018 2.38729 2.32426 1.77990 1.84660 2.06578 2.01235 2.00443 1.98488 1.97292 2.09677 2.31002 2.51068 2.82556 2.81108 2.80452 2.78467 2.65024 2.75969 2.70885 2.59062 2.66122 2.68990 2.78380 2.77039 2.83980 2.81308 2.82588 2.83345 2.70854 2.58826 2.48077 2.15348 2.48309 2.67308 2.66123 2.68642 2.78319
3.04670 2.78903 2.40737 2.33250 2.37583 2.40338 2.40338 2.40338 2.40338 2.31635 2.33439 2.34074 2.33976 2.41334 2.34976 2.29279 2.19910 2.49169 2.44777 2.83682 3.10467 2.87345 2.41435 2.22312 2.36062 2.37498 2.39796 2.39796 2.39796 2.39796 2.37231 1.88871 1.84811 2.13590 2.14248 2.22562 2.31901 2.30499 2.33686 2.49352 2.52103 2.85863 2.84286 2.76261 2.73614 2.53259 2.79748 2.77844 2.65768 2.63954 2.47166 2.63484 2.61939 2.65283 2.61705 2.63796 2.66643 2.58963 2.57346 2.54132 2.36261 2.51871 2.52448 2.50755 2.55805 2.60036
3.08454 2.86137 2.53926 2.43060 2.45984 2.55028 2.57773 2.62397 2.69856 2.66343 2.72129 2.81347 2.76487 2.72983 2.59899 2.51760 2.43588 2.73986 2.56862 2.91977 3.16308 2.92595 2.66236 2.24806 2.27389 2.38777 2.41885 2.45004 2.47652 2.51007 2.56314 2.37084 2.30859 2.51727 2.44977 2.41437 2.44176 2.40909 2.41209 2.59006 2.61865 2.91222 3.03290 3.07313 3.09004 2.99722 3.15886 3.12179 3.02413 3.02341 2.78058 2.91719 2.93517 3.00816 3.07102 3.09909 3.11788 3.08391 3.07994 2.94297 2.86109 2.77299 2.21005 2.19542 2.25781 2.28935
2.98980 2.87230 2.64948 2.66260 2.64059 2.79429 2.93748 2.94759 2.93885 2.83422 2.67085 2.65451 2.55895 2.56011 2.39929 2.32757 2.21435 2.41753 2.28322 2.56862 2.73603 2.62681 2.56586 2.13757 2.14834 2.43990 2.45993 2.55587 2.64782 2.75717 2.83604 2.71431 2.55562 2.68175 2.83487 2.99997 3.12899 3.21007 3.28471 3.46105 3.58602 3.88762 4.05903 3.93241 3.76988 3.68995 3.70136 3.81244 3.79134 3.72958 3.28825 3.26352 3.26121 3.30863 3.34281 3.29007 3.23793 3.16508 3.06656 2.95587 2.86785 2.88508 2.33550 2.28142 2.24948 2.21644
3.06075 3.17473 3.02093 2.98509 2.94795 2.99159 2.96971 2.93450 2.93476 2.89794 2.75491 2.76791 2.73204 2.71260 2.53864 2.47144 2.32936 2.58625 3.47479 3.44249 3.40986 3.39381 3.47818 3.01251 2.85438 3.07000 3.19751 3.27247 3.32974 3.36808 3.39445 3.40995 3.05923 3.16880 3.43691 3.61740 3.72047 3.78730 3.71632 3.72498 3.74497 3.85358 4.08427 4.01465 3.81372 3.74409 3.73592 3.80806 3.94314 3.98938 3.54953 3.40899 3.38273 3.38538 3.40117 3.34202 3.29984 3.24024 3.12627 2.98237 2.83061 2.75932 2.35057 2.15857 2.17882 2.14399
2.72074 3.02815 2.88038 2.88354 2.88970 2.93815 2.97090 2.98258 3.01691 3.09285 3.31534 3.30942 3.28303 3.21865 3.24506 3.26427 3.23460 3.42286 3.50446 3.49705 3.49221 3.48167 3.58857 3.29020 2.95324 3.20966 3.42177 3.43407 3.48658 3.59484 3.69295 3.82263 3.66015 3.62709 3.76606 3.86702 3.82987 3.82987 3.75926 3.73986 3.75270 3.81241 4.13944 4.18733 3.89383 3.84512 3.92758 3.97529 4.34196 4.43218 3.97035 3.61990 3.63530 3.69097 3.45726 3.40261 3.31405 3.23020 3.12999 2.98239 2.84524 2.84388 2.68005 2.37694 2.43080 2.21941
2.62935 3.03785 3.04707 3.02604 3.03376 3.06457 3.08803 3.08863 3.08503 3.15177 3.30718 3.27438 3.21315 3.08357 3.08105 3.05476 3.06947 3.26877 3.33822 3.44674 3.54635 3.52849 3.59981 3.54081 3.00592 3.24179 3.71448 3.87867 3.96533 3.98558 3.97714 3.96906 3.75829 3.70148 3.91006 4.03377 4.08418 4.12329 4.09069 4.08788 4.12941 4.15717 4.33690 4.42769 4.11308 3.96647 4.05439 4.10174 4.51231 4.68355 4.39872 4.01436 3.94871 4.00280 3.54113 3.38960 3.29711 3.22222 3.12471 2.98395 2.91499 2.81760 2.74342 2.25511 2.33426 2.10588
1.10451 2.94193 3.03579 2.99499 2.97253 2.93373 2.83930 2.79208 2.77965 2.87409 2.99756 3.05865 3.09958 2.99529 3.02328 3.02933 3.02380 3.19708 3.32755 3.36539 3.53596 3.50980 3.55587 3.60448 3.63396 3.65432 3.92669 3.96173 3.94589 3.95989 3.96706 3.95652 3.89444 3.82886 4.05584 4.27453 4.30240 4.30240 4.25427 4.16308 4.17645 4.23489 4.36190 4.58868 4.34698 4.11797 4.17856 4.14576 4.56148 4.78860 4.48472 4.11286 3.93380 3.98356 3.65158 3.34222 3.18912 2.96386 2.85638 2.76852 2.78731 2.75030 2.77865 2.29645 2.35721 2.19256
1.11026 2.60657 2.64909 2.72044 2.72238 2.72414 2.69416 2.68033 2.68344 2.78694 2.90952 3.08751 3.14605 3.05585 3.06671 3.02400 3.01436 3.12650 3.32646 3.37113 3.61155 3.59127 3.63439 3.70639 3.71507 3.71507 3.84713 3.94400 3.93129 3.95334 3.96362 3.93960 3.93823 3.77003 3.92435 4.21239 4.28344 4.28564 4.25974 4.36958 4.30842 4.33106 4.31803 4.63971 4.45397 4.00124 4.03889 3.97440 4.19777 4.61958 4.33301 4.08359 3.60157 3.59653 3.37265 3.05129 3.00084 2.87045 2.83024 2.79137 2.83156 2.79220 2.79915 2.29712 2.23572 2.09454
1.34276 2.70993 2.72464 2.81786 2.82492 2.82137 2.79591 2.76067 2.75974 2.79817 2.85236 3.02610 3.02901 2.91977 3.01167 3.00027 2.99990 3.07365 3.27608 3.34822 3.59922 3.61323 3.64090 3.70280 3.71507 3.71507 3.76963 3.93996 3.93134 3.96097 3.97881 3.96612 3.98693 3.78502 3.85179 4.10322 4.23827 4.27095 4.26539 4.35707 4.30423 4.29847 4.21083 4.47744 4.51534 3.98354 4.09223 4.07622 4.20217 4.50384 4.20505 4.11097 3.40478 3.42121 3.33801 3.05606 3.00027 2.87409 2.82682 2.77145 1.49834 1.38145 1.44184 1.78091 1.78638 1.79006
1.41630 2.67830 2.68718 2.75960 2.77795 2.72665 2.67043 2.61289 2.58294 2.62577 2.74839 2.93319 3.03950 2.99640 3.02733 3.06415 3.06628 3.09310 3.24575 3.29788 3.49894 3.57846 3.60439 3.66325 3.70659 3.71848 3.72796 3.92901 3.95482 3.97755 3.95189 3.90651 3.86794 3.61821 3.60043 3.80840 4.01746 4.15162 4.14577 4.31212 4.42057 4.57722 4.60981 4.77388 4.83482 4.42261 4.40141 4.24945 4.31471 3.97117 3.49440 3.70431 2.73318 2.64864 2.47595 2.16442 1.91506 1.73854 1.33980 1.34023 1.31717 1.22568 1.23371 1.66236 1.73947 1.70347
