High_resolution/powerplant/Fengdu/OMI_NO2_200512.asc
ncols      200
nrows      200
xllcorner       105.978
yllcorner       28.1831
cellsize     0.0166667
NODATA_Value      -999.000
[rows 30 to 59 of 200, columns 132 to 197 of 200]
1.73510 1.73510 1.73510 1.73510 1.73510 1.73510 1.73510 2.07253 2.21635 2.21635 2.21635 2.21635 2.21635 2.21635 2.21635 2.21635 2.21635 2.21635 2.21635 2.21635 2.21635 2.21635 2.24464 2.27220 2.27220 2.20279 1.94767 1.93454 1.92138 1.90824 1.90714 1.96154 2.02296 2.09292 2.16733 2.21045 2.22445 2.30697 2.45610 2.50566 2.49868 2.39153 2.28579 2.18003 2.07063 1.99171 1.98822 1.98822 1.98822 1.98822 1.98822 1.98822 2.34449 2.17122 2.09295 2.09295 2.09295 2.09295 2.09295 1.87814 1.57237 1.57237 1.57237 1.57237 1.57237 1.57237
1.73510 1.73510 1.73510 1.73510 1.73510 1.73510 1.73510 1.94585 2.21635 2.21635 2.21635 2.21635 2.21635 2.21635 2.21635 2.21635 2.21635 2.21635 2.20884 2.18348 2.15921 2.31674 2.56707 2.79505 2.96044 3.10449 2.41474 2.37693 2.45134 2.52576 2.58812 2.59492 2.59492 2.59492 2.59492 2.57216 2.24922 2.13842 2.15285 2.04833 1.98138 1.98065 1.98272 1.98822 1.98822 1.98822 1.98822 1.98822 1.98822 1.98822 1.98822 1.98822 2.11138 2.34931 2.09295 2.09295 2.09295 2.09295 2.09295 1.98788 1.57237 1.57237 1.57237 1.57237 1.57237 1.57237
1.73510 1.73510 1.73510 1.73510 1.73510 1.73510 1.73510 1.81908 2.21635 2.21635 2.21635 2.23348 2.44899 2.66964 2.85480 3.01179 3.14670 3.26390 3.37085 3.47514 3.56795 3.60248 3.60309 3.62524 3.62627 3.62627 2.97457 2.59492 2.59492 2.59492 2.59492 2.59492 2.59492 2.59492 2.59492 2.59492 1.96325 1.84812 1.94537 1.98065 1.98065 1.98065 1.98093 1.98808 1.98822 1.98822 1.98822 1.98822 1.98822 1.98822 1.98822 1.98822 1.98830 2.41738 2.09295 2.09295 2.09295 2.09295 2.09295 2.07495 1.58322 1.57237 1.57237 1.57237 1.57237 1.57237
1.73510 1.73510 1.73510 1.73510 1.73625 1.73954 1.74286 1.74788 2.07234 2.07329 3.16430 3.58815 3.60248 3.60248 3.60248 3.60248 3.60248 3.60248 3.60248 3.60248 3.60248 3.60248 3.60248 3.61966 3.62627 3.62627 3.22569 2.59492 2.59492 2.59492 2.59492 2.59492 2.59492 2.59492 2.59492 2.59492 2.15202 1.84812 1.91121 1.98065 1.98065 1.98065 1.98065 1.98657 1.98822 1.98822 1.98822 1.98822 1.98822 1.98822 1.98822 1.98822 1.98822 2.36247 2.09295 2.09295 2.09295 2.09295 2.09295 2.09790 1.76161 1.67298 1.72202 1.77113 1.77155 1.71911
1.74569 1.74902 1.75235 1.75567 1.75784 1.75789 1.75789 1.75789 1.93490 2.03084 2.90591 3.60248 3.60248 3.60248 3.60248 3.60248 3.60248 3.60248 3.60248 3.60248 3.60248 3.60248 3.60248 3.61346 3.62627 3.62627 3.47672 2.59492 2.59492 2.59492 2.59492 2.59492 2.59492 2.59492 2.59492 2.59492 2.39097 1.84812 1.87707 1.98065 1.98065 1.98065 1.98065 1.98482 1.98822 1.98822 1.98822 1.98822 1.98822 1.98822 1.98822 1.98678 1.97448 2.18870 2.25688 2.22546 2.25815 2.29089 2.32208 2.32848 2.07764 1.67288 1.51134 1.29364 1.15923 1.15923
1.75789 1.75789 1.75789 1.75789 1.75789 1.75789 1.75789 1.75789 1.86304 2.03084 2.41613 3.60248 3.60248 3.60248 3.60248 3.60248 3.60248 3.60248 3.60248 3.60248 3.60248 3.60248 3.60248 3.60735 3.62627 3.62627 3.62514 2.69756 2.59492 2.59492 2.59492 2.59492 2.59492 2.59492 2.59492 2.59492 2.58933 1.89814 1.85019 1.97339 1.98065 1.98065 1.98065 1.98283 1.97893 1.96441 1.94988 1.93537 1.92085 1.90633 1.89182 1.87874 1.87652 1.92215 2.43618 2.23365 2.11455 1.97559 1.81514 1.70201 1.50096 1.15923 1.15923 1.15923 1.15923 1.15923
1.75789 1.75789 1.75789 1.75789 1.75789 1.75789 1.75789 1.75789 1.79120 2.03079 2.03272 3.51382 3.60248 3.60248 3.60248 3.60248 3.60248 3.60248 3.60248 3.60248 3.60248 3.60248 3.60248 3.60273 3.62469 3.62627 3.62627 2.94743 2.59492 2.59492 2.59492 2.59492 2.59492 2.59492 2.59492 2.59492 2.59623 2.07272 1.85605 1.91312 1.91771 1.90320 1.88868 1.87491 1.85950 1.79977 1.73789 1.67613 1.63692 1.65699 1.68392 1.71475 1.75160 1.76973 1.51429 1.17770 1.17770 1.17770 1.17770 1.17770 1.17683 1.15930 1.15923 1.15923 1.15923 1.15923
1.75789 1.75789 1.75789 1.75789 1.75789 1.75789 1.75789 1.75789 1.75789 1.99239 2.03084 3.26702 3.60248 3.60248 3.60248 3.60248 3.60248 3.60248 3.60248 3.60248 3.60248 3.60248 3.60248 3.60248 3.61867 3.62627 3.62627 3.19847 2.59492 2.59793 2.60335 2.60876 2.61419 2.61960 2.62111 2.60295 2.57855 2.19467 1.67676 1.61470 1.54653 1.47666 1.40010 1.35097 1.32574 1.38958 1.47574 1.57742 1.66407 1.66853 1.66853 1.66853 1.66853 1.66853 1.61598 1.17809 1.17770 1.17770 1.17770 1.17770 1.17770 1.16401 1.15923 1.15923 1.15923 1.15923
1.75789 1.75789 1.75789 1.75789 1.75789 1.75789 1.75789 1.75789 1.75789 1.92054 2.03084 2.93228 3.60248 3.60248 3.60248 3.60248 3.60248 3.60248 3.60248 3.60248 3.60248 3.61293 3.77808 3.99438 3.99179 3.67915 3.73089 3.60009 2.51481 2.47746 2.43133 2.37807 2.31562 2.24156 2.16730 2.15814 2.15814 2.06687 1.31283 1.40812 1.53450 1.70886 1.94396 2.13768 1.78799 1.66853 1.66853 1.66853 1.66853 1.66853 1.66853 1.66853 1.66853 1.66853 1.66853 1.25059 1.17770 1.17770 1.17770 1.17770 1.17770 1.16950 1.15923 1.15923 1.15923 1.15923
1.75789 1.75789 1.75789 1.75789 1.75789 1.75789 1.75789 1.75789 1.75789 1.84864 2.03084 2.45572 3.60248 3.60248 3.62107 3.80425 4.05953 4.32206 4.58505 4.84746 5.11034 5.36258 5.46019 5.50652 5.31039 4.09510 4.09510 4.09005 2.43176 2.15814 2.15814 2.15814 2.15814 2.15814 2.15814 2.15814 2.15814 2.15814 2.15814 2.15802 2.14220 2.14089 2.14089 2.14089 1.89215 1.66853 1.66853 1.66853 1.66853 1.66853 1.66853 1.66853 1.66853 1.66853 1.66853 1.37575 1.17770 1.17770 1.17770 1.17770 1.17770 1.17338 1.15923 1.15923 1.15923 1.15923
1.75789 1.75789 1.75789 1.75789 1.75789 1.75789 1.75789 1.75636 1.74222 1.75197 3.30988 3.77177 4.92605 5.23662 5.48073 5.56014 5.56774 5.56774 5.56774 5.56774 5.56774 5.56774 5.56774 5.56774 5.56420 4.23790 4.09510 4.09510 3.08140 2.15814 2.15814 2.15814 2.15814 2.15814 2.15814 2.15814 2.15814 2.15814 2.15814 2.15814 2.14651 2.14089 2.14089 2.14089 2.04088 1.66853 1.66853 1.66853 1.66853 1.66853 1.66853 1.66853 1.66853 1.66853 1.66853 1.50081 1.17770 1.17770 1.17770 1.17770 1.17770 1.17628 1.15923 1.17039 1.19634 1.22242
1.75726 1.74485 1.72790 1.71099 1.69407 1.67713 1.66021 1.64481 1.64203 1.64203 4.43632 5.10340 5.47401 5.56774 5.56774 5.56774 5.56774 5.56774 5.56774 5.56774 5.56774 5.56774 5.56774 5.56774 5.56774 4.61595 4.09510 4.09510 3.54063 2.15814 2.15814 2.15814 2.15814 2.15814 2.15814 2.15814 2.15814 2.15814 2.15814 2.15814 2.15095 2.14089 2.14089 2.14089 2.14089 1.69878 1.66853 1.66853 1.66853 1.66853 1.66853 1.66853 1.66853 1.66853 1.66853 1.61195 1.19719 1.20964 1.22262 1.23568 1.24868 1.26170 1.33969 1.36812 1.36818 1.36818
1.64652 1.64203 1.64203 1.64203 1.64203 1.64203 1.64203 1.64203 1.64203 1.64203 3.53033 5.10340 5.37729 5.56774 5.56774 5.56774 5.56774 5.56774 5.56774 5.56774 5.56774 5.56774 5.56774 5.56774 5.56774 4.99752 4.09510 4.09510 3.87629 2.15814 2.15814 2.15814 2.15814 2.15814 2.15814 2.15814 2.15814 2.15814 2.15814 2.15814 2.15539 2.14089 2.14089 2.14089 2.14089 1.77204 1.66853 1.66394 1.63668 1.60641 1.57613 1.54586 1.51556 1.48529 1.45503 1.43719 1.30813 1.28217 1.28229 1.31318 1.36719 1.42114 1.43454 1.36818 1.36818 1.36818
1.64203 1.64203 1.64203 1.64203 1.64203 1.64203 1.64203 1.64203 1.64203 1.64203 2.62476 5.10340 5.23942 5.56774 5.56774 5.56774 5.56774 5.56774 5.56774 5.56774 5.56774 5.56774 5.56774 5.56774 5.56774 5.37865 4.09510 4.09510 4.08155 2.35277 2.15814 2.15814 2.15814 2.15814 2.15814 2.15814 2.15814 2.15814 2.15814 2.15726 2.10642 2.03559 1.97762 1.91707 1.85653 1.62408 1.46580 1.44011 1.44406 1.49142 1.54560 1.59949 1.65361 1.70762 1.76163 1.81575 1.78016 1.76886 1.82276 1.84593 1.84593 1.84593 1.71407 1.36818 1.36818 1.36818
1.64203 1.64203 1.64203 1.64203 1.64203 1.64203 1.64203 1.64203 1.64203 1.64203 1.79707 5.02518 5.10802 5.54861 5.56774 5.56774 5.56774 5.56774 5.56774 5.56774 5.56774 5.56774 5.56774 5.56774 5.56774 5.56774 4.28768 4.09510 4.09510 3.00816 2.15814 2.15814 2.14644 2.07523 1.99568 1.91612 1.83662 1.75695 1.66745 1.53432 1.45757 1.46802 1.45456 1.41772 1.38547 1.43072 1.89310 1.94722 1.99429 2.00083 2.00083 2.00083 2.00083 2.00083 2.00083 2.00083 1.95073 1.84593 1.84593 1.84593 1.84593 1.84593 1.79438 1.36818 1.36818 1.36818
1.64203 1.64203 1.64203 1.64203 1.64203 1.64203 1.64203 1.64203 1.64203 1.64203 1.64203 4.27353 5.10340 5.47906 5.56774 5.56774 5.56774 5.56774 5.56774 5.56774 5.56774 5.56774 5.56774 5.56774 5.56774 5.52353 4.57112 3.99829 3.95012 3.09848 1.59530 1.47961 1.38897 1.35066 1.32229 1.29744 1.27532 1.25563 1.24008 1.23808 1.23808 1.25908 1.29200 1.29200 1.29200 1.29455 1.94279 2.00083 2.00083 2.00083 2.00083 2.00083 2.00083 2.00083 2.00083 2.00083 1.98917 1.84695 1.84593 1.84593 1.84593 1.84593 1.84302 1.41817 1.36818 1.36818
1.64203 1.64203 1.64203 1.64203 1.64203 1.64203 1.64203 1.64203 1.64203 1.64203 1.64203 3.36787 5.10340 5.38419 5.56774 5.56774 5.56774 5.56774 5.51374 5.37278 5.09297 4.79302 4.49315 4.19285 3.89324 3.63732 3.11762 2.31556 2.13906 1.89397 1.23808 1.23808 1.23808 1.23808 1.23808 1.23808 1.23808 1.23808 1.23808 1.23808 1.23808 1.24526 1.29200 1.29200 1.29200 1.29200 1.77480 2.00083 2.00083 2.00083 2.00083 2.00083 2.00083 2.00083 2.00083 2.00083 2.00083 1.87475 1.84593 1.84593 1.84593 1.84593 1.84593 1.57790 1.36818 1.36818
1.64203 1.64203 1.64203 1.64203 1.64203 1.64203 1.64203 1.64203 1.64203 1.64203 1.64203 2.56209 4.74419 4.62369 4.37028 4.07040 3.77028 3.47024 3.22436 3.06545 3.04514 3.04514 3.04514 3.04514 3.04514 3.04514 2.95477 2.09674 2.09417 2.07208 1.26847 1.23808 1.23808 1.23808 1.23808 1.23808 1.23808 1.23808 1.23808 1.23808 1.23808 1.23808 1.28537 1.29200 1.29200 1.29200 1.60416 2.00083 2.00083 2.00083 2.00083 2.00083 2.00083 2.00083 2.00083 2.00083 2.00083 1.91412 1.84593 1.84593 1.84593 1.84593 1.84593 1.69461 1.36818 1.36818
1.64203 1.64203 1.64203 1.64203 1.76797 2.07653 2.38701 2.69728 3.00733 3.31782 3.62787 3.76658 3.48613 3.46496 3.05980 3.04514 3.04514 3.04514 3.04514 3.04514 3.04514 3.04514 3.04514 3.04514 3.04514 3.04514 3.04514 2.25248 2.09417 2.09417 1.45456 1.23808 1.23808 1.23808 1.23808 1.23808 1.23808 1.23808 1.23808 1.23808 1.23808 1.23808 1.27155 1.29200 1.29200 1.29200 1.43353 2.00083 2.00083 2.00083 2.00083 2.00083 2.00083 2.00083 2.00083 2.00083 2.00083 1.95354 1.84701 1.87031 1.90570 1.94643 1.99404 1.99267 1.36818 1.36818
2.65637 2.96621 3.27690 3.58696 3.77171 3.77299 3.77299 3.77299 3.77299 3.77299 3.77299 3.77299 3.55860 3.47208 3.12125 3.04514 3.04514 3.04514 3.04514 3.04514 3.04514 3.04514 3.04514 3.04514 3.04514 3.04514 3.04514 2.49904 2.09417 2.09417 1.66309 1.23808 1.23808 1.23808 1.23808 1.23808 1.23808 1.23808 1.23808 1.23808 1.23808 1.23808 1.25774 1.29200 1.29200 1.29200 1.30128 1.96246 2.00083 2.00083 2.00083 1.99169 1.97280 1.95392 1.93504 1.91614 1.89728 1.88718 2.28318 2.32368 2.32368 2.32368 2.32368 2.33728 2.43233 0.00000
3.77299 3.77299 3.77299 3.77299 3.77299 3.77299 3.77299 3.77299 3.77299 3.77299 3.77299 3.77299 3.63745 3.47208 3.20611 3.04514 3.04514 3.04514 3.04514 3.04514 3.04514 3.04514 3.04514 3.04514 3.04514 3.04514 3.04514 2.74526 2.09417 2.09417 1.87150 1.23808 1.23808 1.23808 1.23808 1.23808 1.23808 1.23808 1.23808 1.23808 1.23808 1.23808 1.24396 1.28782 1.27003 1.25116 1.23225 1.72258 1.90332 1.88444 1.86556 1.85582 1.85681 1.86851 1.88303 1.89753 1.91209 1.92657 2.30784 2.52330 2.55236 2.58142 2.61042 2.62637 2.62637 0.00000
3.77299 3.77299 3.77299 3.77299 3.77299 3.77299 3.77299 3.77299 3.77299 3.77299 3.77299 3.77299 3.71630 3.47208 3.32523 3.04514 3.04514 3.04514 3.04514 3.04514 3.04514 3.04514 3.04514 3.04514 3.04514 3.04514 3.04514 2.98187 2.10397 2.09417 2.06036 1.25743 1.23808 1.23808 1.23808 1.23801 1.21376 1.17007 1.12640 1.08271 1.03904 0.995314 0.955541 1.14538 1.20972 1.24110 1.27251 1.60695 1.94724 1.96176 1.97627 1.99082 2.00432 2.00716 2.00716 2.00716 2.00716 2.00716 2.23851 2.62637 2.62637 2.62637 2.62637 2.62637 2.62637 0.00000
3.77299 3.77299 3.77299 3.77299 3.77299 3.77299 3.77299 3.77299 3.77299 3.77299 3.77299 3.77299 3.77109 3.49615 3.45962 3.05653 3.04514 3.04514 3.04514 3.04514 3.04514 3.04514 3.04514 3.04514 3.04514 3.04514 3.04514 3.04514 2.28283 2.05322 2.00945 1.30377 1.06776 1.04878 1.03643 1.02415 1.03615 1.06750 1.09888 1.13029 1.16168 1.19309 1.22055 1.36233 1.45586 1.45586 1.45586 1.58723 2.00716 2.00716 2.00716 2.00716 2.00716 2.00716 2.00716 2.00716 2.00716 2.00716 2.11251 2.62637 2.62637 2.62637 2.62637 2.62637 2.62637 0.00000
3.77299 3.77299 3.77299 3.77299 3.77299 3.77299 3.77299 3.77299 3.77299 3.77299 3.77299 3.77299 3.77299 3.57316 3.47208 3.11521 3.04514 3.04514 3.04514 3.04514 3.04514 3.02846 2.93333 2.83885 2.78183 2.72792 2.67420 2.62046 2.29260 2.08657 2.13785 1.65763 1.21768 1.22447 1.22447 1.22447 1.22447 1.22447 1.22447 1.22447 1.22447 1.22447 1.22447 1.30307 1.45586 1.45586 1.45586 1.47213 1.99040 2.00716 2.00716 2.00716 2.00716 2.00716 2.00716 2.00716 2.00716 2.00716 2.02398 2.60698 2.62637 2.62637 2.62637 2.62637 2.62637 2.62637
3.77299 3.77299 3.77299 3.77299 3.77299 3.77299 3.77299 3.77299 3.77299 3.77299 3.77299 3.77299 3.77299 3.65200 3.42802 3.09733 2.93722 2.88332 2.82963 2.77572 2.72186 2.68477 2.72603 2.76668 2.76994 2.76994 2.76994 2.76994 2.62326 2.24434 2.24434 1.94978 1.22447 1.22447 1.22447 1.22447 1.22447 1.22447 1.22447 1.22447 1.22447 1.22447 1.22447 1.24467 1.45495 1.45586 1.45586 1.45586 1.87472 2.00716 2.00716 2.00716 2.00716 2.00716 2.00716 2.00716 2.00716 2.00716 2.00716 2.40622 2.62637 2.62637 2.62637 2.62637 2.62637 2.62637
3.77299 3.77299 3.77299 3.77299 3.77299 3.76900 3.74919 3.68861 3.43026 3.18363 2.97305 2.79033 2.63102 2.53724 2.76980 2.76633 2.76994 2.76994 2.76994 2.76994 2.76994 2.76994 2.76994 2.76994 2.76994 2.76994 2.76994 2.76994 2.74722 2.25644 2.24434 2.18495 1.23589 1.22447 1.22447 1.22447 1.22447 1.22447 1.22447 1.22447 1.22447 1.22447 1.22447 1.22447 1.41587 1.45586 1.45586 1.45586 1.74280 2.00716 2.00716 2.00716 2.00716 2.00716 2.00716 2.00716 2.00716 2.00716 2.00716 2.23070 2.62637 2.62637 2.62637 2.62637 2.62637 2.62637
3.69808 3.48852 3.26800 3.07562 2.90661 2.74914 2.56572 2.40472 2.38399 2.38399 2.38399 2.38399 2.38399 2.38400 2.71874 2.76549 2.76969 2.76994 2.76994 2.76994 2.76994 2.76994 2.76994 2.76994 2.76994 2.76994 2.76994 2.76994 2.76994 2.36980 2.24434 2.24434 1.42284 1.22447 1.22447 1.22447 1.22447 1.22447 1.22447 1.22447 1.22447 1.22447 1.22447 1.22447 1.35657 1.45586 1.45586 1.45586 1.61088 2.00716 2.00716 2.00716 2.00716 2.00716 2.00775 2.01252 2.01811 2.02370 2.02929 2.13051 2.62637 2.62637 2.62637 2.62637 2.62637 2.62637
2.15453 2.38399 2.38399 2.38399 2.38399 2.38399 2.38399 2.38399 2.38399 2.38399 2.38399 2.38399 2.38399 2.38399 2.61900 2.76547 2.76870 2.76994 2.76994 2.76994 2.76994 2.76994 2.76994 2.76994 2.76994 2.76994 2.76994 2.76994 2.76994 2.50604 2.24434 2.24434 1.66953 1.22447 1.22447 1.22447 1.22447 1.22447 1.22447 1.22447 1.22447 1.22447 1.22447 1.22447 1.29731 1.45586 1.45590 1.45935 1.49499 2.01492 2.02742 2.03302 2.03861 2.04419 2.04920 2.05002 2.04803 1.98616 1.89562 1.81298 1.94663 1.77587 1.59536 1.41448 1.23416 1.03387
1.84445 2.38399 2.38399 2.38399 2.38399 2.38399 2.38399 2.38399 2.38399 2.38399 2.38399 2.38399 2.38399 2.38399 2.51914 2.76547 2.76756 2.76994 2.76994 2.76994 2.76994 2.76994 2.76994 2.76994 2.76994 2.76994 2.76994 2.76994 2.76994 2.64210 2.24434 2.24434 1.91604 1.22447 1.22447 1.22447 1.22447 1.22447 1.22447 1.22604 1.23472 1.24426 1.25377 1.26332 1.28776 1.48909 1.49496 1.48527 1.47163 1.71587 1.67226 1.58191 1.49157 1.40131 1.31087 1.22071 1.13226 1.10397 1.10397 1.10397 0.872679 0.734272 0.734272 0.734272 0.734272 0.734272
1.46612 2.38399 2.38399 2.38399 2.38399 2.38399 2.38399 2.38399 2.38399 2.38399 2.38399 2.38399 2.38399 2.38399 2.42043 2.76440 2.76650 2.76994 2.76994 2.76994 2.76994 2.76994 2.76994 2.76994 2.76994 2.76994 2.76994 2.76994 2.76994 2.75686 2.26573 2.24434 2.16323 1.24173 1.24780 1.25732 1.26643 1.26609 1.26198 1.25631 1.24353 1.22987 1.21624 1.20260 1.18896 1.33897 1.36724 1.36544 1.36544 1.21806 1.10397 1.10397 1.10397 1.10397 1.10397 1.10397 1.10397 1.10397 1.10397 1.10397 0.975322 0.734272 0.734272 0.734272 0.734272 0.734272
