High_resolution/powerplant/Fengdu/OMI_NO2_201004.asc
ncols      200
nrows      200
xllcorner       105.978
yllcorner       28.1831
cellsize     0.0166667
NODATA_Value      -999.000
[rows 29 to 57 of 200, columns 132 to 197 of 200]
1.10162 1.41566 1.46182 1.46182 1.46182 1.46182 1.46182 1.36539 1.00212 1.00212 1.00212 1.00212 1.00212 1.00212 1.00212 1.00212 1.00210 0.621767 0.340882 0.337566 0.334248 0.331222 0.330663 0.330663 0.330663 0.330663 0.837399 1.07780 1.07780 1.07780 1.08336 1.13149 1.18846 1.45101 1.64534 1.64534 1.64534 1.64534 1.64534 1.64534 1.64534 1.64534 1.64534 1.64534 1.64534 0.00000 0.00000 0.00000 0.00000 0.00000 0.00000 0.00000 0.00000 0.00000 0.00000 0.00000 0.00000 0.00000 0.00000 0.00000 0.00000 0.00000 0.00000 0.00000 0.00000 0.00000
1.10162 1.33762 1.46182 1.46182 1.46182 1.46182 1.46182 1.45915 1.04680 1.00212 1.00212 1.00212 1.00103 0.997774 0.994454 0.991137 0.987841 0.793518 0.330663 0.330663 0.330663 0.330663 0.330663 0.330663 0.331051 0.365953 0.707770 1.22708 1.28398 1.34107 1.39237 1.40127 1.40127 1.45910 1.64534 1.64534 1.64534 1.64534 1.64534 1.64534 1.64534 1.64534 1.64534 1.64534 1.64534 0.00000 0.00000 0.00000 0.00000 0.00000 0.00000 0.00000 0.00000 0.00000 0.00000 0.00000 0.00000 0.00000 0.00000 0.00000 0.00000 0.00000 0.00000 0.00000 0.00000 0.00000
1.10162 1.22283 1.46182 1.46182 1.46182 1.46182 1.46182 1.45800 1.16785 0.995467 0.992148 0.988830 0.986604 0.986543 0.986543 0.986543 0.986543 0.959324 0.350011 0.348842 0.404576 0.461571 0.518566 0.575497 0.632136 0.654132 0.722178 1.39604 1.40127 1.40127 1.40127 1.40127 1.40127 1.41493 1.64422 1.64534 1.64534 1.64534 1.64534 1.64534 1.64534 1.64534 1.64534 1.64073 1.48865 0.00000 0.00000 0.00000 0.00000 0.00000 0.00000 0.00000 0.00000 0.00000 0.00000 0.00000 0.00000 0.00000 0.00000 0.00000 0.00000 0.00000 0.00000 0.00000 0.00000 0.00000
1.10162 1.10613 1.44502 1.44402 1.41001 1.37596 1.34195 1.31174 1.20901 0.986543 0.986543 0.986543 0.986543 0.981546 0.908148 0.813354 0.718717 0.624027 0.589100 0.653000 0.654132 0.654132 0.654132 0.654132 0.654132 0.654132 0.654132 1.24216 1.40127 1.40127 1.40127 1.40127 1.40127 1.40127 1.57232 1.64534 1.64534 1.64534 1.64495 1.53153 1.32947 1.12708 0.924956 0.727339 0.665093 0.665093 0.00000 0.00000 0.00000 0.00000 0.00000 0.00000 0.00000 0.00000 0.00000 0.00000 0.00000 0.00000 0.00000 0.00000 0.00000 0.00000 0.00000 0.00000 0.00000 0.00000
0.960665 0.892603 1.21071 1.30706 1.30706 1.30706 1.30706 1.30706 1.26206 0.872580 0.766504 0.671867 0.577177 0.487537 0.465986 0.465986 0.465986 0.465986 0.550132 0.654132 0.654132 0.654132 0.654132 0.654132 0.654132 0.654132 0.654132 1.02015 1.40127 1.40127 1.40127 1.40127 1.40127 1.40127 1.43499 1.36018 1.15786 0.955736 0.753903 0.665093 0.665093 0.665093 0.665093 0.665093 0.665093 0.665093 0.00000 0.00000 0.00000 0.00000 0.00000 0.00000 0.00000 0.00000 0.00000 0.00000 0.00000 0.00000 0.00000 0.00000 0.00000 0.00000 0.00000 0.00000 0.00000 0.00000
0.792104 0.792104 1.05120 1.22945 1.13481 1.04017 0.945328 0.850378 0.787964 0.561352 0.465986 0.465986 0.465986 0.465986 0.465986 0.465986 0.465986 0.465986 0.496983 0.654132 0.654132 0.654132 0.654132 0.654132 0.654132 0.654132 0.654132 0.798212 1.40127 1.37220 1.27408 1.17297 1.07186 0.970745 0.874073 0.665093 0.665093 0.665093 0.665093 0.665093 0.665093 0.665093 0.665093 0.665093 0.665093 0.665093 0.00000 0.00000 0.00000 0.00000 0.00000 0.00000 0.00000 0.00000 0.00000 0.00000 0.00000 0.00000 0.00000 0.00000 0.00000 0.00000 0.00000 0.00000 0.00000 0.00000
0.792104 0.792104 0.791338 0.786537 0.786506 0.786506 0.786506 0.786506 0.786506 0.658081 0.465986 0.465986 0.465986 0.465986 0.465986 0.465986 0.465986 0.465986 0.466175 0.631848 0.654132 0.654132 0.654132 0.654132 0.660197 0.703513 0.753151 0.805156 0.982509 0.914086 0.911146 0.911146 0.911146 0.911146 0.907652 0.685155 0.665093 0.665093 0.665093 0.665093 0.665093 0.665093 0.665093 0.665093 0.665093 0.665093 0.665093 0.00000 0.00000 0.00000 0.00000 0.00000 0.00000 0.00000 0.00000 0.00000 0.00000 0.00000 0.00000 0.00000 0.00000 0.00000 0.00000 0.00000 0.00000 0.00000
0.792104 0.792104 0.792104 0.787202 0.786506 0.786506 0.786506 0.786506 0.786506 0.753300 0.467397 0.465986 0.465986 0.465986 0.465986 0.465986 0.465986 0.465986 0.465986 0.579863 0.688608 0.738269 0.787883 0.837521 0.881070 0.887392 0.887392 0.887392 0.901642 0.911146 0.911146 0.911146 0.911146 0.909797 0.891152 0.742724 0.665093 0.665093 0.665093 0.665093 0.665093 0.665093 0.665093 0.665093 0.665093 0.665093 0.665093 0.00000 0.00000 0.00000 0.00000 0.00000 0.00000 0.00000 0.00000 0.00000 0.00000 0.00000 0.00000 0.00000 0.00000 0.00000 0.00000 0.00000 0.00000 0.00000
0.792104 0.792104 0.792104 0.788397 0.786506 0.786506 0.786506 0.786506 0.786506 0.786506 0.530924 0.465986 0.465986 0.465986 0.465986 0.485860 0.535218 0.584832 0.634493 0.743005 0.887392 0.887392 0.887392 0.887392 0.887392 0.887392 0.887392 0.887392 0.881905 0.872991 0.840813 0.800368 0.748031 0.682651 0.665093 0.665093 0.665093 0.665093 0.665093 0.665093 0.665093 0.665093 0.665093 0.665093 0.665093 0.665093 0.665093 0.00000 0.00000 0.00000 0.00000 0.00000 0.00000 0.00000 0.00000 0.00000 0.00000 0.00000 0.00000 0.00000 0.00000 0.00000 0.00000 0.00000 0.00000 0.00000
0.792104 0.792104 0.792104 0.790152 0.786506 0.786506 0.786506 0.786506 0.786506 0.786506 0.634475 0.520336 0.569950 0.619588 0.669226 0.698990 0.699246 0.699246 0.699246 0.709669 0.883685 0.887392 0.881576 0.855688 0.822720 0.781737 0.729239 0.659584 0.619457 0.663440 0.665093 0.665093 0.665093 0.665093 0.665093 0.665093 0.665093 0.665093 0.665093 0.665093 0.665093 0.665093 0.665093 0.665093 0.665093 0.665093 0.668436 0.972051 0.00000 0.00000 0.00000 0.00000 0.00000 0.00000 0.00000 0.00000 0.00000 0.00000 0.00000 0.00000 0.00000 0.00000 0.00000 0.00000 0.00000 0.00000
0.792104 0.792104 0.792104 0.792009 0.786742 0.786501 0.786089 0.785282 0.784225 0.782781 0.754840 0.699246 0.699246 0.699246 0.699246 0.699246 0.707615 0.903099 1.17585 1.44785 1.10260 0.684972 0.622027 0.617585 0.617585 0.617585 0.617585 0.617585 0.617585 0.651199 0.665093 0.665093 0.665093 0.665093 0.665093 0.665093 0.665093 0.665093 0.665093 0.665093 0.665093 0.665637 0.711745 0.786657 0.861568 0.936516 1.00845 1.02786 0.00000 0.00000 0.00000 0.00000 0.00000 0.00000 0.00000 0.00000 0.00000 0.00000 0.00000 0.00000 0.00000 0.00000 0.00000 0.00000 0.00000 0.00000
0.792104 0.792104 0.792104 0.792104 0.784480 0.781768 0.780907 0.780907 0.780907 0.780907 0.780370 0.783558 1.03761 1.30931 1.58176 1.85407 2.11740 2.19377 2.19377 2.19377 1.70581 0.617585 0.617585 0.617585 0.617585 0.617585 0.617585 0.617585 0.617585 0.637082 0.665093 0.665093 0.665093 0.665093 0.665093 0.665093 0.665093 0.699919 0.774758 0.849742 0.924690 0.999021 1.02786 1.02786 1.02786 1.02786 1.02786 1.02786 0.00000 0.00000 0.00000 0.00000 0.00000 0.00000 0.00000 0.00000 0.00000 0.00000 0.00000 0.00000 0.00000 0.00000 0.00000 0.00000 0.00000 0.00000
0.792104 0.792104 0.00000 0.00000 0.780907 0.795853 1.18084 1.72664 2.27005 2.81346 3.35807 2.58294 2.19377 2.19377 2.19377 2.19377 2.19377 2.19377 2.19377 2.19377 2.02620 0.617585 0.617585 0.617585 0.617585 0.617585 0.617585 0.617585 0.617585 0.623067 0.664998 0.665093 0.689435 0.762968 0.837880 0.912791 0.987739 1.02783 1.02786 1.02786 1.02786 1.02786 1.02786 1.02786 1.02786 1.02786 1.02786 1.02786 0.00000 0.00000 0.00000 0.00000 0.00000 0.00000 0.00000 0.00000 0.00000 0.00000 0.00000 0.00000 0.00000 0.00000 0.00000 0.00000 0.00000 0.00000
0.245433 0.245433 0.245433 0.245433 0.501901 3.58451 3.76996 3.76996 3.76996 3.76996 3.76996 3.05072 2.19377 2.19377 2.19377 2.19377 2.19377 2.19377 2.19377 2.19377 2.18998 0.886075 0.617585 0.617585 0.617585 0.617585 0.617585 0.621090 0.641135 0.663290 0.856035 0.975877 1.02648 1.02786 1.02786 1.02786 1.02786 1.02786 1.02786 1.02786 1.02786 1.02786 1.02786 1.02786 1.02786 1.02786 1.02786 1.02786 1.02786 0.00000 0.00000 0.00000 0.00000 0.00000 0.00000 0.00000 0.00000 0.00000 0.00000 0.00000 0.00000 0.00000 0.00000 0.00000 1.06206 1.06206
0.245433 0.245433 0.245433 0.245433 0.245433 3.03806 3.76996 3.76996 3.76996 3.76996 3.76996 3.66189 2.22553 2.19377 2.19377 2.19377 2.19377 2.19377 2.19377 2.19377 2.19377 1.46694 0.618313 0.634373 0.656529 0.678685 0.700841 0.719491 0.721603 0.721603 0.880644 1.02786 1.02786 1.02786 1.02786 1.02786 1.02786 1.02786 1.02786 1.02786 1.02786 1.02786 1.02786 1.02786 1.02786 1.02786 1.02786 1.02786 1.02786 0.00000 0.00000 0.00000 0.00000 0.00000 0.00000 0.00000 0.00000 0.00000 0.00000 1.06206 1.06206 1.06206 1.06206 1.06206 1.06206 1.06206
0.245433 0.245433 0.245433 0.245433 0.245433 2.03906 3.76996 3.76996 3.76996 3.76996 3.76996 3.76996 2.47630 2.19377 2.19377 2.19377 2.19377 2.19377 2.19879 2.20985 2.22094 1.90499 0.715497 0.721603 0.721603 0.721603 0.721603 0.721603 0.721603 0.721603 0.789637 1.02786 1.02786 1.02786 1.02786 1.02786 1.02786 1.02786 1.02786 1.02786 1.02786 1.02786 1.02786 1.02786 1.02786 1.02786 1.02786 1.02786 1.02786 0.00000 0.00000 0.00000 0.00000 0.00000 1.06206 1.06206 1.06206 1.06206 1.06206 1.06206 1.06206 1.06206 1.06206 1.06206 1.06206 1.06206
0.245433 0.245433 0.245433 0.245433 0.245433 1.03872 3.76996 3.76996 3.76996 3.76996 3.76996 3.76996 2.87573 2.19609 2.20648 2.21756 2.22863 2.23979 2.24577 2.24578 2.24578 2.18318 0.748194 0.721603 0.721603 0.721603 0.721603 0.721603 0.721603 0.721603 0.724390 1.00216 1.02786 1.02786 1.02786 1.02786 1.02786 1.02786 1.02786 1.02786 1.02786 1.02786 1.02786 1.02786 1.02786 1.02786 1.02786 1.02786 1.02786 1.04151 1.06206 1.06206 1.06206 1.06206 1.06206 1.06206 1.06206 1.06206 1.06206 1.06206 1.06206 1.06206 1.06206 1.06206 1.06206 1.06206
0.245433 0.245433 0.245433 0.245433 0.245433 0.288780 3.52010 3.76996 3.76996 3.76996 3.76996 3.76996 3.48793 2.24868 2.24578 2.24578 2.24578 2.24578 2.24578 2.24484 2.17787 2.07098 1.13457 0.721603 0.721603 0.721603 0.721603 0.721603 0.721603 0.721603 0.721603 0.913953 1.02786 1.02786 1.02786 1.02786 1.02786 1.02786 1.02786 1.02786 1.02786 1.02786 1.02786 1.02786 1.02724 0.991552 0.935512 0.879472 0.823458 0.992388 1.06206 1.06206 1.06206 1.06206 1.06206 1.06206 1.06206 1.06206 1.06206 1.06206 1.06206 1.06206 1.06206 1.06206 1.06206 1.06206
0.245433 0.245433 0.245433 0.245433 0.245433 0.245433 2.56387 3.76996 3.76996 3.76996 3.76996 3.76996 3.76996 2.41740 2.22379 2.12390 2.01701 1.91012 1.80322 1.69745 1.65782 1.65782 1.33813 0.721603 0.721603 0.721603 0.721603 0.721603 0.721603 0.721603 0.721603 0.822954 1.02786 1.02786 1.02786 1.02786 1.02786 1.02786 1.02786 1.02786 0.999977 0.943910 0.887869 0.831856 0.776414 0.756085 0.756085 0.756085 0.756085 0.901638 1.06206 1.06206 1.06206 1.06206 1.06206 1.06206 1.06206 1.06206 1.06206 1.06206 1.06206 1.06206 1.06206 1.06206 1.06206 1.06206
0.245433 0.245433 0.245433 0.245433 0.245433 0.245433 1.56312 3.76996 3.76761 3.63155 3.41824 3.20446 2.99068 2.09299 1.66452 1.65782 1.65782 1.65782 1.65782 1.65782 1.65782 1.65782 1.53730 0.721603 0.721603 0.721603 0.721603 0.721603 0.721603 0.721603 0.721603 0.738753 1.02109 1.02786 1.02786 1.00770 0.952281 0.896267 0.840227 0.784187 0.756085 0.756085 0.756085 0.756085 0.756085 0.756085 0.756085 0.756085 0.756085 0.812036 1.06206 1.06206 1.06206 1.06206 1.06206 1.06206 1.06206 1.06206 1.06206 1.06206 1.06206 1.06206 1.06206 1.06206 1.06206 1.06206
0.245433 0.245433 0.245433 0.245433 0.245433 0.245433 0.892810 2.88406 2.67118 2.59404 2.59404 2.59404 2.59404 2.28236 1.65782 1.65782 1.65782 1.65782 1.65782 1.65782 1.65782 1.65782 1.65141 0.838356 0.721603 0.721603 0.721603 0.721603 0.721603 0.721603 0.701016 0.606451 0.796651 0.848625 0.792585 0.756737 0.756085 0.756085 0.756085 0.756085 0.756085 0.756085 0.756085 0.756085 0.756085 0.756085 0.756085 0.756085 0.756085 0.756789 1.02767 1.06206 1.06206 1.06206 1.06206 1.06206 1.06206 1.06206 1.06206 1.06206 1.06206 1.06206 1.06206 1.06206 1.06206 1.06206
0.245433 0.245433 0.245433 0.245433 0.00000 0.00000 0.00000 2.59404 2.59404 2.59404 2.59404 2.59404 2.59404 2.58621 1.70881 1.65782 1.65782 1.65782 1.65782 1.65782 1.65782 1.65782 1.65782 1.19020 0.721603 0.715660 0.636404 0.535277 0.434246 0.333167 0.252769 0.246161 0.470964 0.756085 0.756085 0.756085 0.756085 0.756085 0.756085 0.756085 0.756085 0.756085 0.756085 0.756085 0.756085 0.756085 0.756085 0.756085 0.756085 0.756085 0.938782 1.06206 1.06206 1.06206 1.06206 1.06206 1.06206 1.06206 1.06206 1.06206 1.06206 1.06206 1.06206 1.06206 1.06206 1.06206
0.00000 0.00000 0.00000 0.00000 0.00000 0.00000 0.00000 2.59404 2.59404 2.59404 2.59404 2.59404 2.59404 2.59404 1.89041 1.65782 1.65782 1.65782 1.65782 1.65782 1.65777 1.63013 1.57959 1.27519 0.362977 0.267936 0.246161 0.246161 0.246161 0.246161 0.246161 0.246161 0.320194 0.756085 0.756085 0.756085 0.756085 0.756085 0.756085 0.756085 0.756085 0.756085 0.756085 0.756085 0.756085 0.756085 0.756085 0.756085 0.756085 0.756085 0.849183 1.06206 1.06206 1.06206 1.06206 1.06206 1.06206 1.06206 1.06206 1.06206 1.06206 1.06206 1.06206 0.00000 0.00000 0.00000
0.00000 0.00000 0.00000 0.00000 0.00000 0.00000 0.00000 2.59404 2.59404 2.59404 2.59404 2.59404 2.59404 2.59404 2.15840 1.65782 1.64351 1.59452 1.54400 1.49346 1.44297 1.42010 1.42010 1.35414 0.251782 0.246161 0.246161 0.246161 0.246161 0.246161 0.246161 0.246161 0.246161 0.679349 0.756085 0.756085 0.756085 0.756085 0.756085 0.756085 0.756085 0.756085 0.756085 0.756085 0.756085 0.756085 0.756085 0.756085 0.756085 0.756085 0.769089 1.05254 1.06206 1.06206 1.06206 1.06206 1.06206 1.06206 0.00000 0.00000 0.00000 0.00000 0.00000 0.00000 0.00000 0.00000
0.00000 0.00000 0.00000 0.00000 0.00000 0.00000 0.00000 2.59404 2.59404 2.59404 2.59404 2.59404 2.59404 2.59404 2.51891 1.47975 1.42165 1.42010 1.42010 1.42010 1.42010 1.42010 1.41982 1.34905 0.525745 0.246161 0.246161 0.246161 0.246161 0.246161 0.246161 0.246161 0.246161 0.528608 0.756085 0.756085 0.756085 0.756085 0.756085 0.756085 0.756085 0.756085 0.756085 0.756085 0.756085 0.756085 0.756085 0.756643 0.772663 0.795715 0.818745 0.929366 1.06206 0.00000 0.00000 0.00000 0.00000 0.00000 0.00000 0.00000 0.00000 0.00000 0.00000 0.00000 0.00000 0.00000
0.00000 0.00000 0.00000 0.00000 0.00000 0.00000 0.00000 0.00000 2.59404 2.59404 2.59404 2.59404 2.59404 2.59404 2.59404 1.62402 1.42010 1.40147 1.28869 1.16286 1.03690 0.910853 0.785319 0.730271 0.549623 0.246161 0.246161 0.246161 0.246161 0.246161 0.246161 0.246161 0.246161 0.377810 0.756085 0.756085 0.756085 0.756085 0.756085 0.756085 0.756085 0.756085 0.756130 0.769079 0.792120 0.815172 0.838213 0.860696 0.867718 0.867718 0.867718 0.867718 0.00000 0.00000 0.00000 0.00000 0.00000 0.00000 0.00000 0.00000 0.00000 0.00000 0.00000 0.00000 0.00000 0.00000
0.00000 0.00000 0.00000 0.00000 0.00000 0.00000 0.00000 0.00000 2.59404 2.59404 2.59404 2.59404 2.46242 2.21077 1.95898 1.28688 0.850646 0.743377 0.730271 0.730271 0.730271 0.730271 0.730271 0.730271 0.656554 0.246161 0.246161 0.246161 0.246161 0.246161 0.246161 0.246161 0.246161 0.256665 0.726509 0.756085 0.756085 0.756085 0.765585 0.788537 0.811578 0.834630 0.857626 0.867718 0.867718 0.867718 0.867718 0.867718 0.867718 0.867718 0.867718 0.867718 0.867718 0.00000 0.00000 0.00000 0.00000 0.00000 0.00000 0.00000 0.00000 0.00000 0.00000 0.00000 0.00000 0.00000
0.00000 0.00000 0.00000 0.00000 0.00000 0.00000 0.00000 0.00000 2.40435 1.83965 1.58661 1.33483 1.21438 1.21438 1.21438 1.12032 0.731071 0.730271 0.730271 0.730271 0.730271 0.730271 0.730271 0.730271 0.723447 0.285811 0.246161 0.246161 0.246161 0.246161 0.246161 0.246161 0.246161 0.246161 0.640142 0.807994 0.831035 0.854088 0.867617 0.867718 0.867718 0.867718 0.867718 0.867718 0.867718 0.867718 0.867718 0.867718 0.867718 0.867718 0.867718 0.867718 0.867718 0.00000 0.00000 0.00000 0.00000 0.00000 0.00000 0.00000 0.00000 0.00000 0.00000 0.00000 0.00000 0.00000
0.00000 0.00000 0.00000 0.00000 0.00000 0.00000 0.00000 0.00000 0.00000 1.21438 1.21438 1.21438 1.21438 1.21438 1.21438 1.21438 0.782571 0.730271 0.730271 0.730271 0.730271 0.730271 0.730271 0.730271 0.730271 0.466143 0.246161 0.246161 0.246161 0.246161 0.246161 0.246161 0.246161 0.246161 0.867718 0.867718 0.867718 0.867718 0.867718 0.867718 0.867718 0.867718 0.867718 0.867718 0.867718 0.867718 0.867718 0.867718 0.867718 0.867718 0.867718 0.867718 0.867718 0.00000 0.00000 0.00000 0.00000 0.00000 0.00000 0.00000 0.00000 0.00000 0.00000 0.00000 0.00000 0.00000
