High_resolution/powerplant/Fengdu/OMI_NO2_200901.asc
ncols      200
nrows      200
xllcorner       105.978
yllcorner       28.1831
cellsize     0.0166667
NODATA_Value      -999.000
[rows 29 to 57 of 200, columns 66 to 131 of 200]
4.45208 4.45208 4.45208 4.45208 4.45208 4.45208 4.45208 4.45383 5.84247 6.03838 6.03838 6.03006 5.73242 5.29209 4.85285 4.41230 3.98422 3.84984 3.84984 3.84984 3.84984 3.84984 3.84984 3.84984 3.84984 2.86404 1.82603 1.82603 1.82603 1.82603 1.82603 1.82603 1.82603 1.82603 1.82603 1.82603 1.82603 1.82603 1.82603 1.82603 1.82603 1.82603 1.66362 1.53015 1.53015 1.53015 1.53015 1.53015 1.53015 1.53015 1.56586 1.88057 1.92296 1.97490 2.04260 2.13226 2.16748 2.16748 2.12130 1.58515 1.57568 1.57568 1.57568 1.57568 1.57568 1.57568
4.45208 4.45208 4.45208 4.45208 4.45208 4.45208 4.45520 4.75936 5.31786 4.86313 4.42324 3.99166 3.84984 3.84984 3.84984 3.84984 3.84984 3.84984 3.84984 3.84984 3.84984 3.84984 3.84984 3.84984 3.84984 3.45621 1.82603 1.82603 1.82603 1.82603 1.82603 1.82603 1.82603 1.82603 1.82603 1.82603 1.82603 1.82603 1.82603 1.82603 1.82603 1.82603 1.74975 1.53015 1.53015 1.53015 1.53015 1.53015 1.53015 1.53015 1.53015 2.16748 2.16748 2.16748 2.16748 2.16748 2.16748 2.16748 2.16748 1.67091 1.57568 1.57568 1.57568 1.57568 1.57568 1.57568
4.45208 4.45208 4.66421 5.16132 5.66011 6.15890 6.65409 6.84896 5.99434 3.84984 3.84984 3.84984 3.84984 3.84984 3.84984 3.84984 3.84984 3.84984 3.84984 3.84984 3.84984 3.84984 3.84984 3.84984 3.84984 3.84175 2.03225 1.82603 1.82603 1.82603 1.82603 1.82603 1.82603 1.82603 1.82603 1.82603 1.82603 1.82603 1.82603 1.82603 1.75043 1.58585 1.41470 1.45210 1.53015 1.53015 0.00000 0.00000 0.00000 0.00000 0.00000 2.16748 2.16748 2.16748 2.16748 2.16748 2.16748 2.16748 2.16748 1.80812 1.57568 1.57568 1.57568 1.57568 1.57568 1.57568
6.06182 6.56109 6.84752 6.84896 6.84896 6.84896 6.84896 6.84896 6.75327 3.97641 3.84984 3.84984 3.84984 3.84984 3.84984 3.84984 3.84984 3.84984 3.84984 3.84984 3.84984 3.84984 3.84984 3.84984 3.84984 3.84984 2.61612 1.82603 1.82603 1.82603 1.82603 1.82603 1.82603 1.82603 1.82561 1.73097 1.56638 1.40179 1.23712 1.07237 0.983460 0.983292 0.983292 0.983292 0.00000 0.00000 0.00000 0.00000 0.00000 0.00000 0.00000 2.16748 2.16748 2.16748 2.16748 2.16748 2.16748 2.16748 2.16748 2.01310 1.57568 1.57568 1.57568 1.57568 1.57568 1.57568
6.84896 6.84896 6.84896 6.84896 6.84896 6.84896 6.84896 6.84896 6.84896 4.76625 3.84984 3.84984 3.84984 3.84984 3.84984 3.84984 3.84984 3.84984 3.84984 3.84984 3.84984 3.84984 3.84984 3.84984 3.84984 3.84984 3.20809 1.82603 1.82603 1.82282 1.71167 1.54691 1.38224 1.21766 1.05349 0.983292 0.983292 0.983292 0.983292 0.983292 0.983292 0.983292 0.983292 0.983292 0.00000 0.00000 0.00000 0.00000 0.00000 0.00000 0.00000 2.16748 2.16748 2.16748 2.16748 2.16748 2.16748 2.16748 2.16748 2.16748 1.61927 1.57568 1.57568 1.57568 1.57568 1.57568
6.84896 6.84896 6.84896 6.84896 6.84896 6.84896 6.84896 6.84896 6.84896 5.65189 3.84984 3.84984 3.84984 3.84984 3.84984 3.84984 3.84984 3.84984 3.84984 3.84984 3.84984 3.84984 3.84984 3.84984 3.84493 3.72667 3.46119 1.41489 1.19819 1.03664 0.983292 0.983292 0.983292 0.983292 0.983292 0.983292 0.983292 0.983292 0.983292 0.983292 0.983292 0.983292 0.983292 0.983292 0.983292 0.00000 0.00000 0.00000 0.00000 0.00000 0.00000 2.16748 2.16748 2.16748 2.16748 2.16597 2.12101 2.05594 1.99075 1.92615 1.53998 1.38989 1.35747 1.32482 1.30025 1.29403
6.84896 6.84896 6.84896 6.84896 6.84896 6.84896 6.84896 6.84896 6.84896 6.52772 3.85944 3.84984 3.84984 3.84984 3.84984 3.84984 3.84984 3.84984 3.84984 3.84607 3.73175 3.56710 3.40164 3.23715 3.07701 3.03030 3.03030 1.53275 0.983292 0.983292 0.983292 0.983292 0.983292 0.983292 0.983292 0.983292 0.983292 0.983292 0.983292 0.983292 0.983292 0.983292 0.983292 0.983292 0.983292 0.00000 0.00000 0.00000 0.00000 0.00000 0.00000 0.00000 1.23873 1.15380 1.08920 1.02552 1.00554 1.00554 1.00654 1.05343 1.08356 1.06854 1.09572 1.12292 1.14231 1.14308
6.84896 6.84896 6.84896 6.84896 6.84896 6.84896 6.84896 6.84896 6.84896 6.84896 4.42387 3.84984 3.84984 3.84984 3.84706 3.73675 3.57202 3.40672 3.24223 3.08079 3.03030 3.03030 3.03030 3.03030 3.03030 3.03030 3.03030 2.13225 0.983292 0.983292 0.983292 0.983292 0.983292 0.983292 0.983292 0.983292 0.983292 0.983292 0.983292 0.983292 0.983292 0.983292 0.983292 0.983292 0.983292 0.00000 0.00000 0.00000 0.00000 0.00000 0.00000 0.00000 1.00554 1.01352 1.07150 1.12251 1.16114 1.19140 1.21548 1.22309 1.22007 1.14583 1.14308 1.14308 1.14308 1.14308
6.84896 6.84896 6.84896 6.84896 6.84896 6.84896 6.84896 6.84896 6.84896 6.84452 5.11028 3.57694 3.41180 3.24723 3.08472 3.03030 3.03030 3.03030 3.03030 3.03030 3.03030 3.03030 3.03030 3.03030 3.03030 3.03030 3.03030 2.73150 0.983292 0.983292 0.983292 0.983292 0.983292 0.983292 0.983292 0.983292 0.983292 0.983292 0.983292 0.983292 0.983292 0.983292 0.983292 0.983292 0.983292 0.00000 0.00000 0.00000 1.44064 1.44064 1.44064 1.44064 1.32757 1.21988 1.22309 1.22309 1.22309 1.22309 1.22309 1.22309 1.22309 1.16571 1.14308 1.14308 1.14308 1.14308
6.84896 6.84896 6.84896 6.84896 6.84896 6.61957 6.10802 5.59549 5.08320 4.57535 4.08802 3.03030 3.03030 3.03030 3.03030 3.03030 3.03030 3.03030 3.03030 3.03030 3.03030 3.03030 3.03030 3.03030 3.03030 3.03030 3.03030 3.03030 1.28435 0.983292 0.983292 0.983292 0.983292 0.983292 0.983292 0.983292 0.983292 0.983292 0.983292 0.983292 0.983292 0.983292 0.983292 0.925669 0.798873 1.29670 1.44064 1.44064 1.44064 1.44064 1.44064 1.44064 1.41385 1.22373 1.22309 1.22309 1.22309 1.22309 1.22309 1.22309 1.22309 1.18866 1.14308 1.14308 1.14308 1.14308
6.70072 6.20323 5.69045 5.17840 4.66611 4.38321 4.38247 4.38247 4.38247 4.38247 4.37125 3.14686 3.03030 3.03030 3.03030 3.03030 3.03030 3.03030 3.03030 3.03030 3.03030 3.03030 3.03030 3.03030 3.03030 3.03030 3.03030 3.03030 1.88348 0.983292 0.983292 0.983292 0.983292 0.983292 0.983292 0.983292 0.983292 0.982844 0.909809 0.785034 0.660387 0.535613 0.410966 0.343814 0.343750 1.05739 1.44064 1.44064 1.44064 1.44064 1.44064 1.44064 1.44064 1.24220 1.22309 1.22309 1.22309 1.22309 1.22309 1.22309 1.22309 1.21154 1.14308 1.14308 1.14308 1.14308
4.39727 4.38247 4.38247 4.38247 4.38247 4.38247 4.38247 4.38247 4.38247 4.38247 4.38247 3.53556 3.03030 3.03030 3.03030 3.03030 3.03030 3.03030 3.03030 3.03030 3.03030 3.03030 3.03030 3.03030 3.03030 3.03030 3.03030 3.03030 2.48314 0.983292 0.983292 0.983292 0.980350 0.893756 0.769109 0.644335 0.519688 0.395361 0.343750 0.343750 0.343750 0.343750 0.343750 0.343750 0.343750 0.741871 1.44064 1.44064 1.44064 1.44064 1.44064 1.44064 1.44064 1.27460 1.22309 1.22309 1.22309 1.22309 1.22309 1.22309 1.22309 1.22309 1.15451 1.14308 1.14308 1.14308
4.38247 4.38247 4.38247 4.38247 4.38247 4.38247 4.38247 4.38247 4.38247 4.38247 4.38247 3.93522 3.03030 3.03030 3.03030 3.03030 3.03030 3.03030 3.03030 3.03030 3.03030 3.03030 3.03030 3.03030 3.03030 3.03030 3.03030 3.02311 2.85485 0.851787 0.628410 0.503636 0.381931 0.343750 0.343750 0.343750 0.343750 0.343750 0.343750 0.343750 0.343750 0.343750 0.343750 0.343750 0.343750 0.435102 1.43164 1.44064 1.44064 1.44064 1.44064 1.44064 1.44064 1.31726 1.22309 1.22309 1.22309 1.22309 1.22309 1.22309 1.22309 1.22394 1.18578 1.16023 1.16907 1.17785
4.38247 4.38247 4.38247 4.38247 4.38247 4.38247 4.38247 4.38247 4.38247 4.38247 4.38247 4.30594 3.05937 3.03030 3.03030 3.03030 3.03030 3.03030 3.03030 3.03030 3.03030 3.03030 3.02489 2.91146 2.75574 2.59963 2.44399 2.29554 2.25711 0.952389 0.343750 0.343750 0.343750 0.343750 0.343750 0.343750 0.343750 0.343750 0.343750 0.343750 0.343750 0.343750 0.343750 0.343750 0.343750 0.343750 1.20696 1.44064 1.44064 1.44064 1.44064 1.44064 1.44064 1.39576 1.31946 1.32830 1.33708 1.34589 1.35470 1.36348 1.37232 1.38004 1.35774 1.47574 1.58354 1.69128
4.38247 4.38247 4.38247 4.38247 4.38247 4.38247 4.38247 4.38247 4.38247 4.38247 4.38247 4.38247 3.38268 3.03030 3.03030 3.03030 3.03030 3.02644 2.91687 2.76123 2.60566 2.44963 2.29925 2.25711 2.25711 2.25711 2.25711 2.25711 2.25711 1.51205 0.343750 0.343750 0.343750 0.343750 0.343750 0.343750 0.343750 0.343750 0.343750 0.343750 0.343750 0.343750 0.343750 0.343750 0.343750 0.343750 0.891371 1.44064 1.44064 1.44064 1.44064 1.44064 1.44064 1.43955 1.38324 1.38154 1.37827 1.34113 1.29504 1.24889 1.20275 1.15678 1.16395 1.86157 1.88868 1.88868
4.38247 4.38247 4.38247 4.38247 4.38247 4.38247 4.38247 4.38247 4.38247 4.38247 4.38247 4.38247 3.77944 2.92283 2.76677 2.61115 2.45551 2.30350 2.25711 2.25711 2.25711 2.25711 2.25711 2.25711 2.25711 2.25711 2.25711 2.25711 2.25711 2.06386 0.351595 0.343750 0.343750 0.343750 0.343750 0.343750 0.343750 0.343750 0.343750 0.343750 0.343750 0.343750 0.343750 0.343750 0.343750 0.343750 0.575522 1.44064 1.44064 1.44064 1.44064 1.42035 1.33333 1.24110 1.22226 1.18949 1.14664 1.13766 1.13766 1.13766 1.13766 1.13766 1.13766 1.67411 1.88868 1.88868
4.38247 4.38247 4.38247 4.38247 4.38247 4.38247 4.38247 4.38247 4.55880 4.90959 5.26056 5.61153 5.39278 2.25711 2.25711 2.25711 2.25711 2.25711 2.25711 2.25711 2.25711 2.25711 2.25711 2.25711 2.25711 2.25711 2.25711 2.25711 2.25711 2.25711 0.718003 0.343750 0.343750 0.343750 0.343750 0.343750 0.343750 0.343750 0.343750 0.343750 0.343750 0.343750 0.343750 0.343750 0.343750 0.343750 0.488579 1.29480 1.21461 1.12238 1.03005 0.958103 0.952884 0.952884 1.07794 1.13766 1.13766 1.13766 1.13766 1.13766 1.13766 1.13766 1.13766 1.45955 1.88868 1.88868
4.38247 4.38247 4.38247 4.49788 4.84244 5.19324 5.54437 5.89517 6.06981 6.06981 6.06981 6.06981 6.06981 2.81693 2.25711 2.25711 2.25711 2.25711 2.25711 2.25711 2.25711 2.25711 2.25711 2.25711 2.25711 2.25711 2.25711 2.25711 2.25711 2.25711 1.27747 0.343750 0.343750 0.343750 0.343750 0.343750 0.343750 0.343750 0.343750 0.343750 0.344248 0.522372 0.845782 1.16820 1.49161 1.81435 2.00127 1.33546 0.952884 0.952884 0.952884 0.952884 0.952884 0.952884 1.03610 1.13766 1.13766 1.13766 1.13766 1.13766 1.13766 1.13766 1.13766 1.24563 1.88868 1.88868
5.12625 5.47722 5.82801 6.06340 6.06981 6.06981 6.06981 6.06981 6.06981 6.06981 6.06981 6.06981 6.06981 3.94325 2.25711 2.25711 2.25711 2.25711 2.25711 2.25711 2.25711 2.25711 2.25711 2.25711 2.25711 2.25711 2.25711 2.25711 2.25711 2.25711 1.83713 0.343750 0.343750 0.343750 0.343750 0.349389 0.566157 0.889069 1.21198 1.53489 1.85764 2.00226 2.00226 2.00226 2.00226 2.00226 2.00226 1.63809 0.952884 0.952884 0.952884 0.952884 0.952884 0.952884 0.978123 1.13731 1.13766 1.13766 1.13766 1.13766 1.13766 1.13766 1.13766 1.13766 1.78249 1.88868
6.06981 6.06981 6.06981 6.06981 6.06981 6.06981 6.06981 6.06981 6.06981 6.06981 6.06981 6.06981 6.06981 5.06888 2.25711 2.25711 2.25711 2.25711 2.25711 2.25711 2.25711 2.25711 2.25711 2.25711 2.25711 2.25711 2.25711 2.25711 2.68383 3.32162 3.77561 3.25091 2.08347 1.25560 1.57885 1.89579 2.00226 2.00226 2.00226 2.00226 2.00226 2.00226 2.00226 2.00226 2.00226 2.00226 2.00226 1.92733 0.966106 0.952884 0.952884 0.952884 0.952884 0.952884 0.952884 1.12253 1.13766 1.13766 1.13766 1.13766 1.13766 1.13766 1.13766 1.13766 1.56810 1.88868
6.06981 6.06981 6.06981 6.06981 6.06981 6.06981 6.06981 6.06981 6.06981 6.06981 6.06981 6.06981 6.06981 5.98516 2.46719 2.25711 2.25711 2.25711 2.25711 2.25711 2.25711 2.25711 2.25711 2.66189 3.31080 3.77693 4.06479 4.26404 4.30362 4.21590 4.13209 4.30686 3.73665 2.00226 2.00226 2.00226 2.00226 2.00226 2.00226 2.00226 2.00226 2.00226 2.00226 2.00226 2.00226 2.00226 2.00226 2.00226 1.19366 0.952884 0.952884 0.952884 0.952884 0.952884 0.952884 1.14476 1.21933 1.23092 1.24261 1.25425 1.26594 1.27750 1.39763 1.59590 1.93893 2.43945
6.06981 6.06981 6.06981 6.06981 6.06981 6.06981 6.06981 6.06981 6.06981 6.06981 6.06981 6.06981 6.06981 6.06981 3.50742 2.25711 2.25711 2.25711 2.64700 3.29500 3.76991 4.05984 4.26260 4.30723 4.21955 4.13488 4.11109 4.11109 4.11109 4.11109 4.11109 4.21723 4.22406 2.00226 2.00226 2.00226 2.00226 2.00226 2.00226 2.00226 2.00226 2.00226 2.00226 2.00226 2.00226 2.00226 2.00226 2.00226 1.49636 0.952884 0.952884 0.952884 0.952884 0.952884 0.952884 1.18059 1.35565 1.50733 1.68220 1.83795 2.05636 2.27078 2.42034 2.52636 2.62638 2.50759
6.06981 6.06981 6.06981 6.06981 6.06981 6.06981 6.06981 6.06981 6.06981 6.06981 6.06981 6.06981 6.06981 6.06981 4.63357 2.55375 4.05727 4.25867 4.31088 4.22329 4.13779 4.11109 4.11109 4.11109 4.11109 4.11109 4.11109 4.11109 4.11109 4.11109 4.11109 4.13210 4.41419 2.60354 2.00226 2.00226 2.00226 2.00226 2.00226 2.00226 2.00226 2.00226 2.00226 2.00226 2.00226 2.00226 2.00226 2.00226 1.79898 0.952884 0.952884 1.03271 1.40864 1.71597 1.98975 2.28010 2.32438 2.45201 2.55803 2.65810 2.68174 2.68174 2.68174 2.68174 2.68174 2.55219
6.06981 6.06981 6.06981 6.06981 6.06981 6.06981 6.06981 6.06981 6.06981 6.06981 6.06981 5.84626 5.42189 4.99711 4.29328 1.47855 3.95103 4.11109 4.11109 4.11109 4.11109 4.11109 4.11109 4.11109 4.11109 4.11109 4.11109 4.11109 4.11109 4.11109 4.11109 4.11109 4.34556 3.46297 2.00226 2.00226 2.00226 2.00226 2.00226 2.00226 2.00226 2.00226 2.00226 2.00226 2.00226 2.00226 2.00226 2.00226 1.99775 1.19172 2.23070 2.68742 2.85513 3.01407 3.14151 3.14332 2.69711 2.68174 2.68174 2.68174 2.68174 2.68174 2.68174 2.68174 2.68174 2.60370
6.06981 6.06981 6.06981 6.06981 6.06981 6.06981 5.91832 5.49825 5.07367 4.64909 4.22410 4.02266 4.02266 4.02266 4.02266 1.94326 3.42460 4.11109 4.11109 4.11109 4.11109 4.11109 4.11109 4.11109 4.11109 4.11109 4.11109 4.11109 4.11109 4.11109 4.11109 4.11109 4.25594 4.03238 2.00226 2.00226 2.00226 2.00226 2.00226 2.00226 2.00226 2.00226 2.00226 2.00255 2.10610 2.29448 2.48247 2.67085 2.85874 2.76329 2.93983 3.15230 3.15230 3.15230 3.15230 3.15230 2.76969 2.68174 2.68174 2.68174 2.68174 2.68174 2.68174 2.68174 2.68174 2.65509
6.06981 5.97626 5.57522 5.15023 4.72545 4.30108 4.02758 4.02266 4.02266 4.02266 4.02266 4.02266 4.02266 4.02266 4.02266 2.71500 2.65665 4.11109 4.11109 4.11109 4.11109 4.11109 4.11109 4.11109 4.11109 4.11109 4.11109 4.11109 4.11109 4.11109 4.11109 4.11109 4.16640 4.38289 2.20860 2.00226 2.00226 2.00226 2.00526 2.13052 2.31851 2.50688 2.69487 2.88286 2.96731 2.96731 2.96731 2.96731 2.96731 2.85866 2.75515 3.15222 3.15230 3.15230 3.15230 3.15230 2.85984 2.68174 2.68174 2.68174 2.68174 2.68174 2.68174 2.68174 2.68174 2.68174
4.37743 4.04641 4.02266 4.02266 4.02266 4.02266 4.02266 4.02266 4.02266 4.02266 4.02266 4.02266 4.02266 4.02266 4.02266 3.48648 1.60588 4.06666 4.11109 4.11109 4.11109 4.11109 4.11109 4.11109 4.11109 4.11109 4.11109 4.11109 4.11109 4.11109 4.11109 4.01655 3.83638 3.93178 2.93828 2.34292 2.53082 2.71929 2.90419 2.96731 2.96731 2.96731 2.96731 2.96731 2.96731 2.96731 2.96731 2.96731 2.96731 2.94759 2.64354 3.10805 3.15230 3.15230 3.15230 3.15230 2.96731 2.68174 2.68174 2.68174 2.68174 2.68174 2.68174 2.68174 2.68174 2.68174
4.02266 4.02266 4.02266 4.02266 4.02266 4.02266 4.02266 4.02266 4.02266 4.02266 4.02266 4.02266 4.02266 4.02266 4.02266 4.00791 1.63767 3.66048 4.11109 4.11109 4.11109 4.11109 4.11109 4.11109 4.11109 4.11109 4.02219 3.84135 3.66885 3.64006 3.66424 3.78047 3.98464 4.05250 3.73924 2.96731 2.96731 2.96731 2.96731 2.96731 2.96731 2.96731 2.96731 2.96731 2.96731 2.96731 2.96731 2.96731 2.96731 2.96731 2.71878 3.00493 3.15230 3.15230 3.15230 3.15230 3.09631 2.68409 2.68432 2.68516 2.68599 2.68682 2.68765 2.68849 2.68931 2.79019
4.02266 4.02266 4.02266 4.02266 4.02266 4.02266 4.02266 4.02266 4.02266 4.02266 4.02266 4.02266 4.02266 4.02266 4.02266 4.02266 2.39497 3.00422 4.11109 4.11109 4.11109 4.02754 3.84702 3.67253 3.63956 3.66324 3.77429 3.97856 4.17390 4.22502 4.22502 4.22502 4.22502 4.15572 3.93725 2.97061 2.96731 2.96731 2.96731 2.96731 2.96731 2.96731 2.96731 2.96731 2.96731 2.96731 2.96731 2.96731 2.96731 2.96731 2.81372 2.85518 3.15230 3.15230 3.15230 3.15230 3.15230 2.74141 2.69667 2.70370 2.86061 3.07807 3.29404 3.48366 3.66322 3.74269
