High_resolution/powerplant/Fengdu/OMI_NO2_200708.asc
ncols      200
nrows      200
xllcorner       105.978
yllcorner       28.1831
cellsize     0.0166667
NODATA_Value      -999.000
[rows 145 to 173 of 200, columns 132 to 197 of 200]
1.93395 1.28018 1.22736 1.52399 1.53443 1.64282 1.66667 1.65377 1.64192 1.63110 1.62114 1.61196 1.60517 1.60464 1.60464 1.60464 1.53546 1.40741 1.13419 1.14543 1.12055 1.08108 1.08108 1.08108 1.08108 1.08108 1.09008 1.11977 1.15202 1.18837 1.23567 1.29153 1.35915 1.38633 1.35353 1.25609 0.856699 0.845727 0.845727 0.845727 0.845727 0.845727 0.845727 0.845727 0.845727 0.845727 0.845727 1.04305 0.792864 0.783823 0.772854 0.657205 0.618380 0.711939 0.761660 0.761660 0.761660 0.761603 0.757546 0.750823 0.743785 0.736044 0.647834 0.522354 0.590659 0.695588
1.45223 1.11640 1.02895 1.38317 1.49554 1.61610 1.60464 1.60464 1.60464 1.60464 1.60464 1.60464 1.60464 1.60464 1.60464 1.60464 1.56978 1.46846 1.19959 1.20250 1.25095 1.21523 1.25551 1.31059 1.37665 1.45572 1.53061 1.56807 1.60897 1.64433 1.64675 1.64675 1.45945 1.37975 1.37223 1.27031 0.998521 0.845727 0.845727 0.845727 0.845727 0.845727 0.845727 0.845727 0.845727 0.845727 0.845727 0.945212 0.890180 0.783493 0.772612 0.685309 0.593364 0.618021 0.645514 0.631238 0.616124 0.600421 0.591417 0.587053 0.582545 0.578570 0.533604 0.342950 0.383388 0.428055
1.43114 1.20214 1.02895 1.28985 1.44997 1.61594 1.60464 1.60464 1.60464 1.60024 1.59162 1.58301 1.57439 1.56577 1.55714 1.54682 1.52385 1.84465 1.66765 1.61585 1.70579 1.60501 1.64223 1.64675 1.64675 1.64675 1.64675 1.64675 1.64675 1.64675 1.64675 1.64608 1.50649 1.33651 1.31101 1.09612 0.895116 0.845727 0.845727 0.845727 0.845727 0.845727 0.845727 0.845727 0.845727 0.845727 0.845727 0.848737 0.966988 0.763113 0.697206 0.645586 0.511582 0.527286 0.577885 0.577885 0.577885 0.577885 0.577885 0.577885 0.577885 0.577885 0.574111 0.355644 0.360262 0.438325
1.43114 1.32219 0.995945 1.13082 1.40294 1.52756 1.55366 1.54504 1.53642 1.51853 1.49201 1.46546 1.43893 1.41236 1.38584 1.36100 1.35555 1.59505 1.71264 1.75297 1.80017 1.68741 1.64675 1.64675 1.64675 1.64662 1.64337 1.63808 1.63157 1.62334 1.61264 1.60077 1.51105 1.22247 1.22247 1.06569 0.845727 0.845727 0.845727 0.845727 0.845727 0.845727 0.845727 0.845727 0.845727 0.845727 0.845727 0.845727 1.00467 0.762379 0.714174 0.681426 0.524808 0.513420 0.576327 0.577885 0.577885 0.577885 0.577885 0.577239 0.566415 0.550992 0.523598 0.343226 0.258042 0.339411
1.43114 1.42906 0.910900 0.907435 1.26963 1.32821 1.42163 1.39494 1.36844 1.35555 1.35555 1.35555 1.35555 1.35555 1.35555 1.35555 1.35555 1.50757 1.70063 1.75297 1.73842 1.68837 1.63371 1.62609 1.61624 1.60360 1.59920 1.59920 1.59920 1.59920 1.59920 1.59920 1.59877 1.07026 0.988607 0.892907 0.845727 0.845727 0.845727 0.845727 0.845727 0.845727 0.845727 0.845727 0.845727 0.845727 0.845727 0.845727 1.03078 0.778773 0.737337 0.681948 0.563104 0.510614 0.548557 0.530714 0.499877 0.469116 0.440796 0.417801 0.405123 0.396941 0.400870 0.355631 0.311616 0.391762
1.43114 1.43114 0.994734 0.884071 1.07241 1.14082 1.35360 1.35555 1.35555 1.35555 1.35555 1.35555 1.35555 1.35555 1.35238 1.31784 1.27508 1.29913 1.47388 1.34965 1.28548 1.41326 1.59920 1.59920 1.59920 1.59920 1.59920 1.59920 1.59920 1.59920 0.00000 0.00000 0.00000 0.845727 0.845727 0.845727 0.845727 0.845727 0.845727 0.845727 0.845727 0.845727 0.845727 0.845727 0.845727 0.845727 0.845727 0.845727 0.922840 0.767017 0.647720 0.506389 0.409941 0.316560 0.375172 0.421196 0.428456 0.435716 0.457068 0.491201 0.525214 0.559227 0.593178 0.613974 0.581494 0.612362
1.43114 1.43114 1.10817 0.884071 1.01957 1.11579 1.31885 1.35555 1.35555 1.33935 1.29697 1.25432 1.21156 1.16891 1.12929 1.12204 1.13280 1.15680 1.42900 1.41961 1.41679 1.33209 1.25878 0.00000 0.00000 0.00000 0.00000 0.00000 0.00000 0.00000 0.00000 0.00000 0.00000 0.845727 0.845727 0.845727 0.845727 0.845727 0.845727 0.827954 0.780971 0.733636 0.686345 0.638922 0.591543 0.544164 0.496829 0.449450 0.411477 0.632410 0.634171 0.493933 0.467559 0.405615 0.481804 0.560934 0.594886 0.628919 0.646327 0.646327 0.646327 0.646327 0.646327 0.645234 0.585055 0.596704
1.43114 1.43114 1.26897 0.880311 0.888500 1.00426 1.10167 1.19079 1.14805 1.12838 1.14170 1.15535 1.16903 1.18269 1.19635 1.20920 1.21211 1.21211 1.42860 1.49337 1.46610 1.39204 1.18323 0.00000 0.00000 0.00000 0.00000 0.00000 0.00000 0.00000 0.00000 0.00000 0.00000 0.726292 0.625373 0.577906 0.530571 0.483192 0.435857 0.406206 0.405810 0.405810 0.405810 0.405810 0.405810 0.405810 0.473128 0.615657 0.724797 0.833115 0.872917 0.805530 0.718206 0.617599 0.607162 0.646327 0.646327 0.646327 0.646327 0.646327 0.646327 0.646327 0.646327 0.646327 0.602300 0.583930
1.03316 0.845153 0.655494 0.409600 0.393153 0.767625 0.860168 1.18779 1.20525 1.21211 1.21211 1.21211 1.21211 1.21211 1.21211 1.21211 1.21211 1.21211 1.35197 1.50099 1.46615 1.44189 1.18323 0.00000 0.00000 0.00000 0.00000 0.00000 0.00000 0.00000 0.00000 0.00000 0.00000 0.405810 0.405810 0.405810 0.405810 0.405810 0.405810 0.405810 0.454628 0.598448 0.711548 0.799630 0.870317 0.928329 0.959311 0.959699 0.959699 0.949683 0.927536 0.885010 0.718206 0.650043 0.597803 0.624473 0.622937 0.621209 0.619429 0.617650 0.615812 0.613975 0.612076 0.610178 0.570203 0.511423
0.428427 0.428427 0.428427 0.391283 0.382715 0.695250 0.791155 1.17036 1.21211 1.21211 1.21211 1.21211 1.21345 1.23400 1.26221 1.29234 1.32443 1.35879 1.43099 1.48771 1.46159 1.46587 1.24511 0.00000 0.00000 0.00000 0.00000 0.00000 0.00000 0.00000 0.00000 0.00000 0.00000 0.00000 0.405810 0.405810 0.405810 0.405810 0.737072 0.921067 0.958033 0.959699 0.959699 0.959699 0.959699 0.959699 0.959699 0.959699 0.959699 0.955827 0.930221 0.926975 0.735878 0.682433 0.597135 0.597135 0.597135 0.597135 0.597135 0.597135 0.597135 0.597135 0.597135 0.597135 0.578765 0.494397
0.428427 0.428427 0.428427 0.400510 0.383414 0.618387 0.824382 1.16730 1.33767 1.37294 1.41082 1.45154 1.48615 1.46806 1.43786 1.40766 1.37751 1.34731 1.31710 1.30304 1.38344 1.46610 1.33230 1.18323 0.00000 0.00000 0.00000 0.00000 0.00000 0.00000 0.00000 0.00000 0.00000 0.00000 0.405810 0.405810 0.405810 0.405810 0.696161 0.959699 0.959699 0.959699 0.959699 0.959699 0.959699 0.959699 0.959699 0.959699 0.959699 0.959659 0.934583 0.927310 0.783367 0.712301 0.599677 0.597135 0.597135 0.597135 0.597135 0.597135 0.597135 0.597135 0.597478 0.619941 0.654094 0.623572
0.428427 0.428427 0.428427 0.426961 0.427981 0.609837 0.965979 1.16192 1.41821 1.38801 1.35785 1.32764 1.30455 1.30304 1.30304 1.30304 1.30304 1.30304 1.30304 1.30304 1.34438 1.46610 1.39843 1.18109 0.00000 0.00000 0.00000 0.00000 0.00000 0.00000 0.00000 0.00000 0.00000 0.00000 0.405810 0.405810 0.405810 0.405810 0.497744 0.958506 0.959699 0.959699 0.959699 0.959699 0.959699 0.959699 0.959699 0.959699 0.959699 0.959699 0.941171 0.927310 0.838673 0.718206 0.626204 0.597135 0.597713 0.621823 0.666764 0.715550 0.764376 0.813042 0.866742 0.908849 0.938243 0.888475
0.428427 0.428427 0.428427 0.428427 0.428427 0.432186 0.691741 0.781588 1.29607 1.30304 1.30304 1.30304 1.30304 1.30304 1.30304 1.30304 1.30304 1.30277 1.29784 1.29120 1.29361 1.42751 1.39569 1.07448 0.00000 0.00000 0.00000 0.00000 0.00000 0.00000 0.00000 0.00000 0.00000 0.00000 0.405810 0.405810 0.405810 0.405810 0.405810 0.903881 0.959699 0.959699 0.959699 0.959699 0.959699 0.959699 0.959699 0.959699 0.959699 0.959699 0.953532 0.947702 0.945391 0.875322 0.880667 0.883907 0.948276 0.988970 1.00884 1.02489 1.04100 1.05592 1.06326 1.05997 1.05639 1.01950
0.428427 0.428427 0.428427 0.428427 0.430113 0.456591 0.666488 0.714466 1.22959 1.30304 1.30304 1.30304 1.30100 1.29452 1.28788 1.28125 1.27461 1.26825 1.26655 1.25486 1.22828 1.30002 1.29275 1.08838 1.07376 0.00000 0.00000 0.00000 0.00000 0.00000 0.00000 0.00000 0.00000 0.00000 0.00000 0.405810 0.405810 0.405810 0.405810 0.798016 0.959699 0.959699 0.959699 0.960932 0.971065 0.980461 0.988782 0.996230 1.00290 1.00893 1.01256 1.21422 1.26839 1.20056 1.16208 1.06693 1.06340 1.05982 1.05624 1.05265 1.04909 1.04664 1.04656 1.04656 1.04656 1.03137
0.591458 0.604939 0.617091 0.628113 0.637704 0.640014 0.698237 0.760192 1.09853 1.28456 1.27793 1.27130 1.26156 1.23714 1.20855 1.17648 1.14050 1.09954 1.05284 1.02534 1.02534 1.04464 1.07376 1.07376 1.07376 0.00000 0.00000 0.00000 0.00000 0.00000 0.00000 0.00000 0.00000 0.00000 0.00000 0.368854 0.391675 0.481716 0.549242 0.748296 0.979306 0.986782 0.993540 0.999415 0.999755 0.999755 0.999755 0.999755 0.999755 0.982802 0.917703 1.01730 1.05143 0.977829 0.925103 1.03761 1.04656 1.04656 1.04656 1.04656 1.04656 1.04656 1.04656 1.04656 1.04656 1.04523
0.640014 0.644957 0.671194 0.699903 0.728611 0.757305 0.798855 0.854685 0.966888 1.15256 1.11337 1.06858 1.02866 1.02534 1.02534 1.02534 1.02534 1.02534 1.02534 1.02534 1.02534 1.03437 1.07376 1.07376 1.07376 0.00000 0.00000 0.00000 0.00000 0.00000 0.00000 0.00000 0.00000 0.909443 0.909443 0.609682 0.651301 0.786447 0.767338 0.757433 0.994775 0.999755 0.999755 0.988865 0.927234 0.859101 0.791088 0.723034 0.654861 0.603841 0.600849 0.704783 0.870684 0.877488 0.890079 0.998275 1.04656 1.04656 1.04656 1.04656 1.04656 1.04656 1.04656 1.04656 1.04656 1.04656
0.767314 0.791079 0.793536 0.793536 0.793536 0.793536 0.793627 0.850149 0.869141 1.02450 1.02534 1.02534 1.02534 1.02534 1.02534 1.02534 1.02534 1.02534 1.02534 1.02534 1.02534 1.02704 1.07285 1.07376 1.07376 0.00000 0.00000 0.909443 0.909443 0.909443 0.909443 0.909443 0.909443 0.909443 0.909443 0.880352 0.636958 0.798374 0.784356 0.742839 0.797162 0.732528 0.664435 0.607272 0.600849 0.600849 0.600849 0.600849 0.600849 0.600849 0.600849 0.640898 0.870684 0.871835 0.889740 0.956634 1.04656 1.04656 1.04656 1.04656 1.04656 1.04656 1.04656 1.04656 1.04656 1.04656
0.793536 0.793536 0.793536 0.793536 0.793536 0.793536 0.793536 0.837736 0.855306 0.993383 1.02534 1.02534 1.02534 1.02534 1.02534 1.02554 1.02854 1.03301 1.03835 1.04481 1.05277 1.06285 1.06682 1.04602 1.02388 0.918366 0.909443 0.909443 0.909443 0.909443 0.909443 0.909443 0.909443 0.909443 0.909443 0.909443 0.607642 0.791736 0.795522 0.743552 0.661603 0.600849 0.600849 0.600849 0.600849 0.600849 0.600849 0.600849 0.600849 0.600849 0.600849 0.601923 0.845924 0.870684 0.886298 0.914914 1.04656 1.04656 1.04656 1.04656 1.04656 1.04656 1.04656 1.04656 1.04656 1.04656
0.793536 0.793536 0.793536 0.793536 0.793536 0.793536 0.793536 0.822564 0.854993 0.945934 1.03146 1.03650 1.04255 1.04996 1.05927 1.07057 1.07260 1.05940 1.04666 1.03697 1.02934 1.02322 1.01988 1.01055 0.991600 0.944701 0.909443 0.909443 0.909443 0.909443 0.909443 0.909443 0.909443 0.909443 0.909443 0.909443 0.659742 0.750205 0.798374 0.758170 0.703780 0.600849 0.600849 0.600849 0.600849 0.600849 0.600849 0.600849 0.600849 0.600849 0.600849 0.600851 0.783184 0.870684 0.881565 0.890267 1.02958 1.04656 1.04656 1.04656 1.03915 1.02727 1.02311 1.01923 1.01542 1.01159
0.793536 0.793536 0.799802 0.847088 0.895570 0.937960 0.975227 0.991555 0.798589 0.824914 1.07376 1.06726 1.05257 1.04151 1.03297 1.02615 1.02090 1.01983 1.01983 1.01983 1.02001 1.02528 1.03285 1.03848 1.02005 0.992209 0.909443 0.909443 0.909443 0.909443 0.909443 0.909443 0.909443 0.909443 0.909443 0.909443 0.743330 0.695364 0.798374 0.774661 0.741057 0.608230 0.600849 0.600849 0.600849 0.600849 0.600849 0.600849 0.600849 0.600849 0.600849 0.600849 0.719415 0.870826 0.879700 0.885329 0.983003 1.05642 1.07301 1.08966 1.11367 1.14216 1.16296 1.18340 1.20985 1.25898
0.989366 1.02094 1.04642 1.05035 1.05035 1.05035 1.05035 1.05035 0.859059 0.837480 1.01622 1.01989 1.01983 1.01983 1.01983 1.02178 1.02904 1.03658 1.04414 1.05169 1.05905 1.06135 1.06135 1.06135 1.03921 1.02054 0.909443 0.909443 0.909443 0.909443 0.909443 0.909443 0.909443 0.909443 0.909443 0.909443 0.861023 0.629064 0.798374 0.787901 0.742839 0.636775 0.600849 0.600849 0.600849 0.600849 0.602349 0.625107 0.656018 0.687277 0.715439 0.740904 0.802390 1.06267 1.07976 1.06666 1.13775 1.23962 1.24622 1.27542 1.30651 1.33754 1.36870 1.39968 1.42488 1.42713
1.06748 1.07468 1.08237 1.09060 1.09945 1.10897 1.11927 1.13041 0.967952 0.852732 0.993276 1.03277 1.04032 1.04787 1.05546 1.06105 1.06135 1.06135 1.06135 1.06135 1.06135 1.06135 1.06135 1.06135 1.04689 1.03284 0.930012 0.909443 0.909443 0.909443 0.909443 0.909443 0.909443 0.909443 0.909443 0.909443 0.909443 0.595168 0.788499 0.797192 0.781761 0.739972 0.684474 0.714394 0.741372 0.765773 0.786736 0.789452 0.787931 0.787909 0.787909 0.787909 0.786259 1.12235 1.16560 1.16300 1.19206 1.40018 1.42522 1.42713 1.42713 1.42713 1.42713 1.42713 1.42713 1.42713
1.14973 1.14973 1.14973 1.14973 1.16520 1.26031 1.36690 1.47327 1.56200 1.38051 1.25283 1.06135 1.06135 1.06135 1.06135 1.06135 1.06135 1.06135 1.06135 1.06135 1.06135 1.06135 1.06135 1.06135 1.05459 1.03312 0.974530 0.909443 0.909443 0.909443 0.909443 0.909443 0.909443 0.909443 0.909443 0.909443 0.909443 0.597048 0.871489 1.01752 0.986422 0.928362 0.788029 0.787909 0.787909 0.787909 0.790092 0.809003 0.831386 0.853770 0.876140 0.898523 0.917300 1.14768 1.25086 1.23554 1.21465 1.39045 1.42713 1.42713 1.42712 1.42448 1.42004 1.41589 1.41197 1.40829
1.29677 1.40319 1.50775 1.58608 1.63550 1.61336 1.58519 1.56021 1.53708 1.35730 1.29285 1.06135 1.06135 1.06135 1.06135 1.06135 1.06135 1.06135 1.06135 1.06135 1.06135 1.06135 1.06135 1.06135 1.06079 1.03459 1.00486 0.909443 0.909443 0.909443 0.909443 0.909443 0.909443 0.909443 0.909443 0.909443 0.909443 0.155492 0.718186 1.05087 0.992425 0.944922 0.839699 0.850982 0.873365 0.895748 0.915948 0.919420 0.919420 0.919420 0.919420 0.919420 0.919420 1.07127 1.25164 1.24749 1.22117 1.32823 1.40692 1.40352 1.40032 1.39898 1.39898 1.39898 1.39898 1.39898
1.57381 1.55004 1.53017 1.52620 1.52620 1.52620 1.52620 1.52620 1.52620 1.41071 1.32638 1.10213 1.06135 1.06135 1.06135 1.06135 1.06135 1.06135 1.06135 1.06135 1.06135 1.06135 1.06135 1.06135 1.06135 1.04475 1.04241 0.910313 0.909443 0.909443 0.909443 0.00000 0.00000 0.00000 0.00000 0.00000 0.00000 0.155492 0.459303 1.05087 1.02442 0.944922 0.928264 0.919420 0.919420 0.919420 0.921074 0.931709 0.943016 0.953606 0.963544 0.972889 0.981680 1.04906 1.25601 1.25681 1.23217 1.27909 1.39898 1.39898 1.39898 1.39898 1.39898 1.39898 1.39898 1.39898
1.52620 1.52620 1.52620 1.52620 1.52620 1.52620 1.52620 1.52620 1.52620 1.47143 1.32683 1.18802 1.06135 1.06135 1.06135 1.06135 1.06135 1.06135 1.06135 1.06065 1.04782 1.03059 1.01335 0.996065 0.978794 1.01826 1.15679 1.15679 0.00000 0.00000 0.00000 0.00000 0.00000 0.00000 0.00000 0.00000 0.00000 0.00000 0.179795 1.02275 1.05022 0.979839 0.975238 0.964733 0.974002 0.982736 0.989919 0.990865 0.990865 0.990865 0.990865 0.990865 0.990865 0.995596 1.24910 1.25634 1.23985 1.23730 1.39549 1.39898 1.39898 1.39898 1.39898 1.40137 1.40807 1.40430
1.52620 1.52620 1.52620 1.52620 1.52620 1.52551 1.50091 1.46432 1.42781 1.41145 1.33481 1.25767 1.06135 1.06135 1.05617 1.03937 1.02206 1.00481 0.987581 0.971022 0.966557 0.966557 0.966557 0.965311 0.913427 0.840191 0.738630 0.566474 0.00000 0.00000 0.00000 0.00000 0.00000 0.00000 0.00000 0.00000 0.00000 0.00000 0.155492 0.891370 1.05087 1.03997 1.02505 0.991286 0.990865 0.990865 0.990865 0.990865 0.990865 0.990865 0.990865 0.990865 0.990865 0.990865 1.19219 1.25602 1.24740 1.22810 1.35093 1.38411 1.37560 1.36031 1.34330 1.32306 1.29720 1.28184
1.48493 1.44837 1.41184 1.37528 1.33877 1.30287 1.29094 1.29094 1.29094 1.29969 1.35351 1.28034 0.999138 0.979050 0.966993 0.966557 0.966557 0.966557 0.947987 0.873579 0.795775 0.717627 0.639522 0.562965 0.536701 0.540098 0.425356 0.297081 0.00000 0.00000 0.00000 0.00000 0.00000 0.00000 0.00000 0.00000 0.00000 0.00000 0.155492 0.706110 1.05087 1.04788 1.02785 0.997726 0.990865 0.990865 0.990865 0.990865 0.990865 0.990865 0.980773 0.966667 0.952652 0.938134 1.01950 1.05808 1.02127 1.06230 1.14420 1.23249 1.22003 1.21823 1.21714 1.21586 1.21458 1.21330
1.29094 1.29094 1.29094 1.29094 1.29094 1.29094 1.29094 1.29094 1.29094 1.29094 1.34256 1.26364 1.04483 0.911922 0.834075 0.755927 0.677822 0.600019 0.540440 0.566839 0.621396 0.669061 0.711061 0.748421 0.781784 0.810162 0.815568 0.318534 0.297081 0.00000 0.00000 0.00000 0.00000 0.00000 0.00000 0.00000 0.00000 0.00000 0.155492 0.442547 1.05087 1.06346 1.05143 1.03504 1.01154 1.00542 0.991937 0.977433 0.962958 0.948469 0.944062 0.943652 0.943219 0.943219 0.934395 0.914194 0.955048 1.08201 1.16721 1.21327 1.21200 1.21085 1.21067 1.21067 1.21067 1.21067
