High_resolution/powerplant/Fengdu/OMI_NO2_200612.asc
ncols      200
nrows      200
xllcorner       105.978
yllcorner       28.1831
cellsize     0.0166667
NODATA_Value      -999.000
[rows 145 to 173 of 200, columns 132 to 197 of 200]
1.48067 1.53839 1.57999 1.58107 1.58107 1.58107 1.58107 1.58107 1.58107 1.58107 1.58107 1.58107 1.58107 1.02292 0.562928 0.562928 0.562928 0.562928 0.562928 0.562928 0.558836 0.549619 0.549619 0.549619 0.549619 0.549619 0.549619 0.549619 0.711552 0.793800 0.793800 0.793800 0.661684 0.798496 0.965588 0.965588 0.965588 0.964289 0.923747 0.864808 0.805820 0.746881 0.720620 0.752823 0.754094 1.00219 1.22019 1.23238 1.24562 1.26008 1.32170 1.72253 1.72253 1.72253 1.71660 1.33244 1.30177 1.30068 0.978299 0.955187 0.893509 0.210976 0.210530 0.210530 0.210530 0.210530
1.58107 1.58107 1.58107 1.58107 1.58107 1.58107 1.58107 1.58107 1.58107 1.58107 1.58107 1.58107 1.58107 1.28845 0.562928 0.562928 0.562928 0.562928 0.562928 0.562928 0.560821 0.549619 0.549619 0.549619 0.549619 0.549619 0.549619 0.549619 0.648278 0.793800 0.793800 0.793800 0.716213 0.662006 0.914733 0.855744 0.788914 0.703188 0.655758 0.626774 0.597769 0.568765 0.539781 0.594024 0.684030 0.847122 1.27085 1.27085 1.27085 1.27085 1.27248 1.67791 1.72253 1.72253 1.72253 1.45346 1.30177 1.30177 1.04618 0.955187 0.955187 0.366388 0.210530 0.210530 0.210530 0.210629
1.58107 1.58107 1.58107 1.58107 1.58107 1.58107 1.58107 1.58107 1.58107 1.58107 1.58107 1.58107 1.58107 1.53301 0.583901 0.562928 0.562928 0.562928 0.562928 0.562928 0.562393 0.549654 0.549619 0.549619 0.549619 0.549619 0.549619 0.549619 0.585025 0.767736 0.606785 0.477239 0.384826 0.333867 0.533576 0.544052 0.522954 0.521961 0.521961 0.521961 0.521961 0.521961 0.521961 0.556356 0.684030 0.691655 1.24060 1.27085 1.27085 1.27085 1.27085 1.55274 1.72253 1.72253 1.72253 1.58041 1.30177 1.30177 1.12888 0.955187 0.955187 0.598213 0.217021 0.223812 0.230607 0.237303
1.58107 1.58107 1.58107 1.58107 1.58107 1.58107 1.58107 1.58107 1.58107 1.58107 1.58107 1.58107 1.58107 1.58107 0.801376 0.562928 0.562928 0.562928 0.562928 0.562928 0.562928 0.552505 0.553280 0.631600 0.739497 0.832329 0.811244 0.780140 0.757950 0.260066 0.193678 0.193678 0.193678 0.241975 0.400436 0.521961 0.521961 0.521961 0.521961 0.521961 0.521961 0.521961 0.522485 0.532596 0.695108 0.707607 1.14580 1.29722 1.30256 1.30788 1.31320 1.47740 1.72253 1.72253 1.72253 1.69813 1.31086 1.30363 1.23893 0.965331 0.969859 0.803343 0.239640 0.239640 0.239640 0.239640
1.59552 1.59656 1.59760 1.59864 1.59968 1.60071 1.60175 1.60278 1.60381 1.60485 1.60588 1.60693 1.60797 1.60900 1.09567 0.592930 0.616826 0.671629 0.726504 0.781383 0.836449 0.999484 1.03438 0.913677 0.810442 0.739372 0.728513 0.728513 0.728513 0.392413 0.193678 0.193678 0.193678 0.243463 0.345375 0.554291 0.559610 0.564942 0.570268 0.575586 0.580926 0.586251 0.591052 0.591849 0.729190 0.788862 1.06001 1.34074 1.34074 1.34074 1.34074 1.41503 1.72253 1.71549 1.69939 1.68333 1.44009 1.39671 1.43817 1.10456 1.10207 1.09304 0.259949 0.239640 0.239640 0.239640
1.61699 1.61699 1.61699 1.61699 1.61699 1.61699 1.61699 1.61699 1.61699 1.62156 1.67415 1.73964 1.80513 1.87058 1.67633 0.926564 0.957612 0.945507 0.872126 0.804484 0.749080 0.719146 0.728513 0.728513 0.728513 0.728513 0.728513 0.728513 0.728513 0.530360 0.193678 0.193678 0.193678 0.246259 0.325536 0.572534 0.591849 0.591849 0.591849 0.591849 0.591849 0.591849 0.591849 0.591849 0.674333 0.788862 0.883461 1.34060 1.34070 1.33438 1.33556 1.36646 1.75933 1.79827 1.83995 1.88152 1.75797 1.57473 1.57473 1.25672 1.13898 1.19264 0.690536 0.555419 0.671737 0.788054
1.52364 1.61699 1.61699 1.63651 1.70020 1.76564 1.82353 1.82697 1.82026 1.80987 1.75953 1.70232 1.64916 1.57968 1.41560 0.682486 0.706208 0.706705 0.701705 0.701705 0.701705 0.707290 0.728513 0.728513 0.728513 0.728513 0.728513 0.728513 0.728513 0.668083 0.193945 0.193678 0.193678 0.210770 0.321431 0.494516 0.591849 0.591849 0.591849 0.591849 0.591849 0.591849 0.591849 0.591849 0.651624 0.908105 0.988418 1.35944 1.41917 1.44251 1.45836 1.45843 1.78902 1.89785 1.88434 1.86944 1.82010 1.58970 1.59247 1.59996 1.68483 1.70860 1.45899 1.09681 1.09681 1.09681
1.21239 1.55118 1.55490 1.54422 1.50263 1.46250 1.42854 1.42308 1.42308 1.42308 1.42308 1.42308 1.41281 1.12838 1.11470 0.724714 0.633178 0.701705 0.701705 0.701705 0.701705 0.703267 0.728493 0.728513 0.728513 0.728513 0.728513 0.728513 0.728513 0.728513 0.271496 0.193678 0.193678 0.193678 0.309685 0.412478 0.591849 0.591849 0.596577 0.664819 0.744367 0.809008 0.865851 0.917534 0.959504 1.19567 1.20753 1.36514 1.47421 1.48120 1.48765 1.49360 1.66804 1.81572 1.81412 1.81412 1.81412 1.63380 1.59790 1.61284 1.70860 1.70860 1.60201 1.09681 1.09681 1.09681
0.893088 1.42308 1.42308 1.42308 1.42308 1.42308 1.42308 1.42308 1.42308 1.42308 1.42308 1.42308 1.42308 1.18930 1.11470 0.865057 0.606175 0.701705 0.701705 0.701705 0.701705 0.701705 0.724140 0.728513 0.728513 0.728513 0.728513 0.728513 0.728513 0.728513 0.409516 0.193678 0.193678 0.272160 0.455574 0.569959 0.853695 0.912523 0.957813 0.967007 1.00906 1.06774 1.12779 1.18797 1.24806 1.30586 1.31338 1.37425 1.50488 1.50488 1.50488 1.50488 1.59967 1.81412 1.81412 1.81412 1.81412 1.69866 1.59790 1.59792 1.69558 1.70860 1.69989 1.14017 1.09681 1.09681
0.671459 1.42258 1.42308 1.42308 1.42308 1.42308 1.42308 1.42308 1.42308 1.42308 1.42308 1.42308 1.42308 1.27995 1.11470 1.00534 0.582786 0.700917 0.701705 0.701705 0.701705 0.701705 0.717612 0.728513 0.728513 0.728513 0.728513 0.728513 0.728513 0.728513 0.547364 0.193678 0.630054 0.946458 0.995918 1.01554 1.15690 1.24082 1.30096 1.35621 1.36693 1.36693 1.36693 1.36693 1.36693 1.34112 1.31495 1.32604 1.50190 1.50488 1.50488 1.50488 1.54035 1.81412 1.81412 1.81412 1.81412 1.76364 1.59790 1.59790 1.66770 1.70350 1.69031 1.31792 1.11662 1.21213
0.583469 1.29626 1.42308 1.42308 1.42308 1.42308 1.42308 1.42308 1.42308 1.42308 1.42308 1.42308 1.42308 1.38576 1.11641 1.10925 0.612165 0.676055 0.701705 0.701705 0.701705 0.701705 0.712096 0.728513 0.728513 0.728513 0.708559 0.661046 0.615267 0.600948 0.587941 1.00204 1.29624 1.51548 1.45904 1.28090 1.31744 1.36693 1.36693 1.36693 1.36693 1.36693 1.36693 1.36693 1.36693 1.35436 1.31495 1.31819 1.48228 1.54508 1.56478 1.58520 1.60733 1.72398 1.70738 1.69588 1.68485 1.67223 1.50735 1.48717 1.54439 1.67947 1.77875 1.72815 1.53339 1.54431
0.598735 1.05556 1.40094 1.39735 1.39376 1.39018 1.38660 1.38302 1.37943 1.37582 1.37222 1.36864 1.36504 1.36146 1.11716 1.06311 0.692799 0.576436 0.622140 0.612729 0.576938 0.534056 0.499020 0.487323 0.407207 0.359059 0.369142 0.451552 0.516750 0.521834 0.521834 1.12265 1.21898 1.51282 1.50166 1.30306 1.32390 1.41959 1.43721 1.45556 1.47452 1.49437 1.51521 1.53689 1.55970 1.58190 1.54335 1.55960 1.68867 1.81412 1.81412 1.81412 1.81412 1.68117 1.63866 1.63913 1.68441 1.75865 1.75945 1.79553 1.81938 1.85848 1.78233 1.66640 1.54431 1.54431
0.503997 0.727646 1.29874 1.29874 1.29874 1.29874 1.29874 1.29874 1.29874 1.29874 1.29874 1.29874 1.29862 1.28157 1.10875 0.965670 0.716968 0.327461 0.298666 0.238731 0.242786 0.282346 0.323773 0.425471 0.458827 0.441435 0.423145 0.406928 0.392420 0.379451 0.367737 0.719758 0.875304 1.13203 1.17318 1.40635 1.51548 1.60892 1.63018 1.63018 1.63018 1.63018 1.63018 1.63018 1.63018 1.63018 1.57947 1.56088 1.62054 1.81412 1.81412 1.81796 1.89111 1.85386 1.78280 1.81005 1.78797 1.72799 1.60839 1.37866 1.37827 1.52348 1.54431 1.54431 1.53570 1.50408
0.535580 0.512694 1.29145 1.29874 1.29874 1.29874 1.29485 1.26952 1.24093 1.21232 1.18408 1.17475 1.17572 1.19504 1.16889 0.964341 0.899602 0.268267 0.278369 0.304035 0.320868 0.316949 0.313398 0.329417 0.332306 0.332306 0.332306 0.332306 0.332306 0.332306 0.332306 0.535698 0.838922 1.03285 1.17231 1.32438 1.51548 1.57393 1.63018 1.63018 1.63018 1.63018 1.63018 1.63018 1.63018 1.63018 1.59714 1.56658 1.63205 1.87350 1.92720 1.97661 1.93613 1.78914 1.61961 1.61961 1.61961 1.60170 1.55416 1.24926 1.18345 1.24272 1.27653 1.19055 1.11556 1.11229
0.625062 0.635658 1.23078 1.32802 1.33424 1.34101 1.35307 1.39406 1.44288 1.49585 1.55273 1.57373 1.57373 1.57373 1.57366 1.23826 1.22125 0.516788 0.318011 0.313228 0.313228 0.313228 0.313228 0.324754 0.332306 0.332306 0.332306 0.332306 0.332306 0.332306 0.332306 0.378933 0.835057 0.936978 1.17231 1.25236 1.51548 1.53896 1.63018 1.63018 1.63018 1.62962 1.61208 1.60450 1.67027 1.74387 1.80199 1.81597 1.82891 1.85561 1.84084 1.78481 1.72888 1.65996 1.45022 1.41138 1.37402 1.35465 1.35465 1.11335 0.980829 1.01054 1.11229 1.11229 1.11229 1.11229
1.20862 1.53803 1.61873 1.57373 1.57373 1.57373 1.57373 1.57373 1.57373 1.57373 1.57373 1.57373 1.57373 1.57373 1.57373 1.34721 1.22310 0.775390 0.332758 0.313228 0.313228 0.313228 0.313228 0.320830 0.332306 0.332306 0.332306 0.332306 0.332306 0.332306 0.332306 0.332306 0.764411 0.847402 1.15880 1.19011 1.50324 1.48104 1.55776 1.57329 1.64403 1.71818 1.80931 1.86034 1.81081 1.75344 1.69495 1.65147 1.61697 1.55321 1.47583 1.47583 1.47583 1.47583 1.37094 1.35465 1.35465 1.35465 1.35465 1.22888 0.980829 0.988915 1.11223 1.11229 1.11229 1.11229
1.20964 1.41984 1.64422 1.57373 1.57373 1.57373 1.57373 1.57373 1.57373 1.57373 1.57373 1.57373 1.57373 1.57373 1.57373 1.46015 1.22310 0.983745 0.350449 0.313228 0.313228 0.313228 0.313228 0.317486 0.332306 0.332306 0.332306 0.332306 0.332306 0.332306 0.332306 0.332306 0.654149 0.838922 1.03283 1.08834 1.37686 1.47708 1.62923 1.70272 1.64808 1.59075 1.53338 1.50609 1.50609 1.50609 1.50609 1.54736 1.56395 1.55430 1.47583 1.47583 1.47583 1.47583 1.39314 1.35465 1.35465 1.35465 1.35465 1.32010 0.981165 0.980829 1.08055 1.11229 1.11229 1.11229
1.20964 1.32208 1.66720 1.57623 1.57373 1.57373 1.57373 1.57373 1.57373 1.57373 1.57373 1.57373 1.57373 1.57373 1.57373 1.56704 1.24167 1.15438 0.371988 0.313228 0.313228 0.313228 0.313228 0.314594 0.332306 0.332306 0.332306 0.332306 0.332306 0.334475 0.344680 0.347288 0.456368 0.616684 0.742288 0.889103 1.03486 1.20799 1.32237 1.50609 1.50609 1.50609 1.50609 1.50609 1.50609 1.50609 1.50609 1.53261 1.56395 1.56390 1.49029 1.47583 1.47583 1.47583 1.40130 1.29210 1.27503 1.25803 1.24095 1.22396 0.863822 0.733634 0.646146 0.515597 0.464521 0.413372
1.20964 1.24012 1.67048 1.59776 1.57373 1.57373 1.57968 1.59463 1.60973 1.62468 1.63958 1.65453 1.66947 1.68437 1.69932 1.71421 1.44037 1.33679 0.725936 0.449582 0.456778 0.466736 0.476699 0.486869 0.380202 0.359967 0.367843 0.369038 0.361537 0.351778 0.333043 0.318578 0.322456 0.407361 0.501796 0.852920 0.957098 1.20799 1.22272 1.49756 1.50609 1.50609 1.50609 1.50609 1.50609 1.50609 1.50609 1.51786 1.56395 1.56395 1.51853 1.47583 1.47583 1.47583 1.40194 1.11004 1.11004 1.11004 1.10638 1.04204 0.784787 0.613907 0.613247 0.712513 0.901956 0.915566
1.49870 1.50867 2.01714 2.10159 2.06707 2.08202 2.09097 2.09097 2.09097 2.09097 2.09097 2.09097 2.09097 2.09097 2.09097 2.09097 1.81899 1.39806 1.03515 0.667952 0.628456 0.623137 0.618367 0.619773 0.461385 0.351780 0.332234 0.323265 0.331186 0.339934 0.349533 0.360102 0.371824 0.481091 0.532735 1.03716 1.12931 1.20799 1.20799 1.43716 1.50609 1.50609 1.50609 1.50609 1.50609 1.50609 1.50609 1.50674 1.56027 1.56395 1.54112 1.47583 1.47583 1.47583 1.46598 1.04585 0.940223 0.910812 0.892802 0.956795 1.03866 1.11080 1.16773 1.31252 1.31275 1.28613
1.55446 1.55446 1.89384 2.16583 2.09097 2.09097 2.09097 2.09097 2.09097 2.08621 1.94980 1.75507 1.55997 1.36499 1.16988 0.968882 0.822233 0.726295 0.733562 0.709323 0.699421 0.731304 0.771594 0.809204 0.690183 0.458582 0.483691 0.493952 0.493952 0.493952 0.493952 0.493952 0.493952 0.586931 0.675800 1.07702 1.20799 1.20799 1.20799 1.35298 1.50609 1.50609 1.50609 1.50609 1.50609 1.50609 1.50609 1.50609 1.54618 1.56395 1.54500 1.44742 1.43922 1.42740 1.42552 1.18395 1.15326 1.15829 1.15829 1.15829 1.16066 1.17573 1.19268 1.29476 1.31275 1.31275
1.55446 1.55446 1.75102 2.17589 1.86351 1.60802 1.39109 1.19093 1.00583 0.838148 0.783952 0.777481 0.771428 0.765776 0.760453 0.757192 0.757137 0.737293 0.751087 0.822810 0.901747 0.901747 0.901747 0.901747 0.825914 0.493952 0.493952 0.493952 0.493952 0.493952 0.493952 0.493952 0.493952 0.540341 0.675800 0.941396 1.20799 1.20799 1.20799 1.24736 1.50466 1.50609 1.50609 1.50609 1.50588 1.47476 1.40369 1.28339 1.16926 1.04030 0.867861 1.41009 1.54822 1.55373 1.57767 1.36714 1.21181 1.22876 1.24570 1.26266 1.27723 1.27911 1.27911 1.29593 1.31275 1.31275
1.43315 1.39640 1.38453 1.44245 0.952705 0.757137 0.757137 0.757137 0.757137 0.757137 0.757137 0.757137 0.757137 0.757137 0.757137 0.757137 0.757137 0.757137 0.757137 0.797462 0.901546 0.901747 0.901747 0.901747 0.876661 0.493952 0.493952 0.493952 0.493952 0.493952 0.493952 0.493952 0.493952 0.499680 0.669853 0.746361 1.20518 1.20799 1.20799 1.18449 1.38712 1.38611 1.30272 1.17029 1.01167 0.860774 0.796233 0.939393 1.07492 0.928218 0.953625 1.35488 1.70804 1.72797 1.72944 1.57698 1.27911 1.27911 1.27911 1.27911 1.27911 1.27911 1.27911 1.28797 1.31275 1.31275
1.32733 1.32733 1.32801 1.41865 1.12781 0.757137 0.757137 0.757137 0.757137 0.757137 0.757137 0.757137 0.757137 0.757137 0.757137 0.757137 0.757137 0.757137 0.757137 0.780520 0.881699 0.901747 0.901747 0.901747 0.901604 0.555971 0.493952 0.493952 0.493952 0.493952 0.493952 0.493952 0.493952 0.493952 0.628992 0.675800 0.948514 0.894919 0.815695 0.779942 1.01213 1.12877 1.22219 1.37644 1.53059 1.68473 1.80358 1.81148 1.80674 1.08614 1.02586 1.21213 1.72944 1.72944 1.72944 1.69893 1.28333 1.27911 1.27911 1.27911 1.27911 1.27911 1.27911 1.28140 1.31268 1.31275
1.32733 1.32733 1.32733 1.39657 1.30291 0.757137 0.757137 0.757137 0.757137 0.757137 0.757137 0.757137 0.757137 0.757137 0.757137 0.757137 0.757137 0.757137 0.757137 0.769749 0.853830 0.901747 0.901747 0.901747 0.901747 0.671864 0.493952 0.493952 0.493952 0.493952 0.493952 0.493952 0.497068 0.554582 0.917607 1.55284 1.51313 1.50477 1.65881 1.79294 1.81148 1.81148 1.81148 1.81148 1.81148 1.81148 1.81148 1.81148 1.81148 1.28016 1.02586 1.04795 1.70411 1.72944 1.72944 1.72944 1.33998 1.27632 1.27178 1.26725 1.26272 1.25818 1.25365 1.24912 1.25748 1.25418
1.32733 1.32733 1.32733 1.37387 1.42171 0.813384 0.757137 0.757137 0.757137 0.757137 0.757137 0.757137 0.757137 0.757137 0.757137 0.757137 0.751284 0.742399 0.733574 0.727163 0.782454 0.826555 0.813273 0.799944 0.786708 0.663983 0.526489 0.603310 0.680285 0.757311 0.834285 0.911362 0.985170 1.00473 1.41393 2.78306 2.40130 1.81148 1.81148 1.81148 1.81148 1.81148 1.81148 1.81090 1.77563 1.72376 1.67552 1.63065 1.58876 1.27620 0.886875 0.870727 1.23868 1.35408 1.32659 1.30055 1.24179 1.21412 1.21412 1.21412 1.21412 1.21412 1.21412 1.21412 1.21470 1.17896
1.15694 1.14812 1.13923 1.15411 1.21937 0.770385 0.533524 0.524669 0.515814 0.506959 0.498104 0.489249 0.480394 0.471539 0.462684 0.453768 0.450734 0.450734 0.450734 0.451446 0.500063 0.521161 0.559674 0.598187 0.636674 0.730670 1.00448 1.00473 1.00473 1.00473 1.00473 1.00806 1.02364 1.03814 1.07953 2.32743 2.29962 1.71119 1.56864 1.44543 1.41451 1.38536 1.35771 1.33170 1.32249 1.32249 1.32249 1.32249 1.32249 1.23324 0.798739 0.798739 1.01286 1.26779 1.26779 1.26779 1.24830 1.21412 1.21412 1.20030 1.09278 0.967701 0.842625 0.717623 0.511916 0.131396
1.02093 1.02093 1.02093 1.02431 1.11637 0.853733 0.450734 0.450734 0.450734 0.450734 0.450734 0.450734 0.450734 0.453120 0.458257 0.463403 0.468542 0.473685 0.478824 0.482777 0.577594 0.734377 0.759458 0.776143 0.791613 0.828372 1.08873 1.09572 1.10203 1.10778 1.11304 1.11701 1.11737 1.11737 1.11737 1.75544 2.00654 1.70382 1.51282 1.32249 1.32249 1.32249 1.32249 1.32249 1.32249 1.32249 1.32249 1.32249 1.32249 1.32060 0.844108 0.798739 0.886452 1.26150 1.16546 1.04031 0.907819 0.736494 0.611491 0.500240 0.482686 0.482686 0.482686 0.482321 0.434077 0.118121
1.03048 1.02093 1.02093 1.02093 1.09699 1.02884 0.451148 0.455364 0.459583 0.460999 0.462301 0.463681 0.465147 0.463899 0.459190 0.454111 0.448629 0.442701 0.436256 0.430296 0.501915 0.838756 0.875025 0.875025 0.875025 0.875364 1.09234 1.11737 1.11737 1.11737 1.11737 1.11737 1.11737 1.11737 1.11737 1.52772 2.00654 1.80053 1.57963 1.32249 1.32249 1.32249 1.32249 1.32249 1.32249 1.32249 1.32249 1.32249 1.33687 1.36905 0.997899 0.788059 0.786375 0.580667 0.536355 0.536355 0.535452 0.461608 0.418162 0.375306 0.327593 0.274108 0.213691 0.145732 0.118121 0.118121
