High_resolution/powerplant/Fengdu/OMI_NO2_201112.asc
ncols      200
nrows      200
xllcorner       105.978
yllcorner       28.1831
cellsize     0.0166667
NODATA_Value      -999.000
[rows 116 to 144 of 200, columns 66 to 131 of 200]
24.3785 24.3785 24.3785 24.3785 24.3785 24.3785 24.3785 24.3785 24.3785 24.3785 24.3785 24.3785 24.3785 25.4694 31.5431 31.5431 31.5431 31.5431 31.4381 29.3428 26.4980 23.6520 20.8284 19.7388 19.7388 19.7388 19.7388 19.7388 19.7388 19.7388 19.7388 19.7388 19.7388 19.7388 19.7388 11.7549 4.07163 4.07163 4.07163 4.07163 4.07163 4.07163 4.07163 4.07163 4.07163 4.07163 4.07163 4.07163 4.07163 4.07163 4.07163 4.59162 5.70446 6.81730 7.93062 8.76532 5.46163 5.06268 5.06268 5.06268 5.06268 5.06268 5.06268 5.06268 5.06268 5.06268
24.3785 24.3785 24.3785 24.3785 24.3785 24.3785 24.3785 24.3785 24.3785 24.3785 24.3785 24.3785 24.3785 24.3785 30.1660 28.9226 26.0754 23.2317 20.4896 19.7388 19.7388 19.7388 19.7388 19.7388 19.7388 19.7388 19.7388 19.7388 19.7388 19.7388 19.7388 19.7388 19.7388 19.7388 19.7388 16.5007 4.07163 4.07163 4.07163 4.07163 4.07163 4.07163 4.07163 4.07163 4.07163 4.07163 4.10448 4.90066 6.01303 7.12682 8.23966 8.83298 8.83346 8.83346 8.83346 8.83346 6.57922 5.06268 5.06268 5.06268 5.06268 5.06268 5.06268 5.06268 5.06268 5.06268
24.3785 24.3785 24.3785 24.3785 24.3785 24.3785 24.3785 24.3785 24.3785 24.3785 24.3785 24.3785 24.3785 24.3785 20.1742 19.7388 19.7388 19.7388 19.7388 19.7388 19.7388 19.7388 19.7388 19.7388 19.7388 19.7388 19.7388 19.7388 19.7388 19.7388 19.7388 19.7388 19.7388 19.7388 19.7388 19.6605 5.66028 4.07163 4.07163 4.07163 4.07163 4.07163 4.22353 5.20923 6.32302 7.43586 8.51585 8.83346 8.83346 8.83346 8.83346 8.83346 8.83346 8.83346 8.83346 8.83346 7.71354 5.06268 5.06268 5.06268 5.06268 5.06268 5.06268 5.06268 5.06268 5.06268
24.3785 24.3785 24.3785 24.3785 24.3785 24.3785 24.3785 24.3785 24.3785 24.3785 24.3785 0.00000 0.00000 0.00000 19.7388 19.7388 19.7388 19.7388 19.7388 19.7388 19.7388 19.7388 19.7388 19.7388 19.7388 19.7388 19.7388 19.7388 19.7388 19.7388 19.7388 19.7388 19.7388 19.7388 19.7388 19.7388 10.3291 4.07163 4.42781 5.51875 6.63159 7.74538 8.70632 8.83346 8.83346 8.83346 8.83346 8.83346 8.83346 8.83346 8.83346 8.83346 8.83346 8.83346 8.83346 8.83346 8.69771 5.20974 5.06268 5.06268 5.06268 5.06268 5.06268 5.06268 5.06268 5.06268
24.3785 24.3785 24.3785 24.3785 24.3785 24.3785 24.3785 0.00000 0.00000 0.00000 0.00000 0.00000 0.00000 0.00000 19.7388 19.7388 19.7388 19.7388 19.7388 19.7388 19.7388 19.7388 19.7388 19.7388 19.7388 19.7388 19.7388 19.7388 19.7388 19.7388 19.7388 19.7388 19.7388 19.7388 20.0795 20.7657 17.1162 8.05442 8.81108 8.83346 8.83346 8.83346 8.83346 8.83346 8.83346 8.83346 8.83346 8.83346 8.83346 8.83346 8.83346 8.83346 8.83346 8.83346 8.83346 8.83346 8.83346 6.20523 5.06268 5.06268 5.06268 5.06268 5.06268 5.06268 5.06268 5.06268
24.3785 24.3785 24.3785 0.00000 0.00000 0.00000 0.00000 0.00000 0.00000 0.00000 0.00000 0.00000 0.00000 0.00000 0.00000 19.7388 19.7388 19.7388 19.7388 19.7388 19.7388 19.7388 19.7388 19.7388 19.7388 19.7388 19.7388 19.7388 19.7388 19.7460 20.1832 20.8689 21.5554 22.2419 22.5874 22.5874 22.1142 9.40981 8.83346 8.83346 8.83346 8.83346 8.83346 8.83346 8.83346 8.83346 8.83346 8.83346 8.83346 8.83346 8.83346 8.83346 8.83346 8.83346 8.83346 8.83346 8.83346 7.33872 5.06268 5.06268 5.06268 5.06268 5.14904 5.87887 6.73861 7.59873
0.00000 0.00000 0.00000 0.00000 0.00000 0.00000 0.00000 0.00000 0.00000 0.00000 0.00000 0.00000 0.00000 0.00000 0.00000 19.7388 19.7388 19.7388 19.7388 19.7388 19.7388 19.7388 19.7388 19.7388 19.7388 19.7693 20.2860 20.9726 21.6585 22.3379 22.5874 22.5874 22.5874 22.5874 22.5874 22.5874 22.5874 13.1283 8.83346 8.83346 8.83346 8.83346 8.83346 8.83346 8.83346 8.83346 8.83346 8.83346 8.83346 8.83346 8.83346 8.83346 8.83346 8.83346 8.83346 8.83346 8.83346 8.45337 5.39324 6.22542 7.08554 7.94603 8.71904 8.85009 8.85009 8.85009
0.00000 0.00000 0.00000 0.00000 0.00000 0.00000 0.00000 0.00000 0.00000 0.00000 0.00000 0.00000 0.00000 0.00000 0.00000 19.7388 19.7388 19.7388 19.7388 19.7388 19.7388 19.8078 20.3895 21.0754 21.7622 22.4179 22.5874 22.5874 22.5874 22.5874 22.5874 22.5874 22.5874 22.5874 22.5874 22.5874 22.5874 17.3246 8.83346 8.83346 8.83346 8.83346 8.83346 8.83346 8.83346 8.83346 8.83346 8.83346 8.83346 8.83346 8.83346 8.83346 8.83346 8.84621 9.73367 11.1523 12.5697 13.9883 10.0719 8.85009 8.85009 8.85009 8.85009 8.85009 8.85009 8.85009
0.00000 0.00000 0.00000 0.00000 0.00000 0.00000 0.00000 0.00000 0.00000 0.00000 0.00000 0.00000 0.00000 0.00000 0.00000 0.00000 19.7388 19.8616 20.4926 21.1791 21.8653 22.4829 22.5874 22.5874 22.5874 22.5874 22.5874 22.5874 22.5874 22.5874 22.5874 22.5874 22.5874 22.5874 22.5874 22.5874 22.5874 21.3908 8.95862 8.83346 8.83346 8.83346 8.83346 8.83346 8.83346 8.83346 8.83346 8.83346 8.83346 8.95547 10.1319 11.5499 12.9679 14.3731 14.9036 14.9036 14.9036 14.9036 11.9017 8.85009 8.85009 8.85009 8.85009 8.85009 8.85009 8.85009
0.00000 0.00000 0.00000 0.00000 0.00000 0.00000 0.00000 0.00000 0.00000 0.00000 0.00000 0.00000 0.00000 31.8461 31.8461 31.8461 27.4873 22.5321 22.5874 22.5874 22.5874 22.5874 22.5874 22.5874 22.5874 22.5874 22.5874 22.5874 22.5874 22.5874 22.5874 22.5874 22.5874 22.5874 22.5874 22.5874 22.5874 22.5874 11.9576 8.83346 8.83346 8.83346 8.83346 8.83346 8.83346 9.17703 10.5301 11.9475 13.3661 14.6621 14.9036 14.9036 14.9036 14.9036 14.9036 14.9036 14.9036 14.9036 13.7231 8.85009 8.85009 8.85009 8.85009 8.85009 8.85009 8.85009
0.00000 0.00000 0.00000 0.00000 0.00000 0.00000 0.00000 0.00000 0.00000 31.8461 31.8461 31.8461 31.8461 31.8461 31.8461 31.8461 31.0641 22.6828 22.5874 22.5874 22.5874 22.5874 22.5874 22.5874 22.5874 22.5874 22.5874 22.5874 22.5874 22.5874 22.5874 22.5874 22.5874 22.5874 22.5874 22.5874 22.5874 22.5874 16.1506 8.83346 8.83346 9.50968 10.9277 12.3457 13.7649 14.8381 14.9036 14.9036 14.9036 14.9036 14.9036 14.9036 14.9036 14.9036 14.9036 14.9036 14.9036 14.9036 14.8837 9.50569 8.85009 8.85009 8.85009 8.85009 8.85009 8.85009
0.00000 0.00000 0.00000 0.00000 0.00000 31.8461 31.8461 31.8461 31.8461 31.8461 31.8461 31.8461 31.8461 31.8461 31.8461 31.8461 31.8461 24.7413 22.5874 22.5874 22.5874 22.5874 22.5874 22.5874 22.5874 22.5874 22.5874 22.5874 22.5874 22.5874 22.5874 22.5874 22.5874 22.5874 22.5874 22.5874 22.5417 20.9209 17.0063 12.7439 14.1613 14.9036 14.9036 14.9036 14.9036 14.9036 14.9036 14.9036 14.9036 14.9036 14.9036 14.9036 14.9036 14.9036 14.9036 14.9036 14.9036 14.9036 14.9036 11.3018 8.85009 8.85009 8.85009 8.85009 8.85009 8.85009
0.00000 31.8461 31.8461 31.8461 31.8461 31.8461 31.8461 31.8461 31.8461 31.8461 31.8461 31.8461 31.8461 31.8461 31.8461 31.8461 31.8461 27.5805 22.5874 22.5874 22.5874 22.5874 22.5874 22.5874 22.5874 22.5874 22.5874 22.5874 22.5874 22.5874 22.5874 22.5874 22.4384 20.5463 18.1544 15.7655 13.4204 12.6502 12.6507 14.5864 14.9036 14.9036 14.9036 14.9036 14.9036 14.9036 14.9036 14.9036 14.9036 14.9036 14.9036 14.9036 14.9036 14.9036 14.9036 14.9036 14.9036 14.9036 14.9036 13.1213 8.85009 8.85009 8.85009 8.85009 8.85009 8.78776
31.8461 31.8461 31.8461 31.8461 31.8461 31.8461 31.8461 31.8461 31.8461 31.8461 31.8461 31.8461 31.8461 31.8461 31.8461 31.8461 31.8461 30.4187 22.5874 22.5874 22.5874 22.5874 22.5874 22.5874 22.5874 22.5874 22.5874 22.5874 22.2754 20.1697 17.7808 15.3899 13.1481 12.6502 12.6502 12.6502 12.6502 12.6502 12.6502 13.9031 14.9036 14.9036 14.9036 14.9036 14.9036 14.9036 14.9036 14.9036 14.9036 14.9036 14.9036 14.9036 14.9036 14.9036 14.9036 14.9036 14.9036 14.9036 14.9036 14.6948 9.09526 8.67075 8.30905 7.94750 7.58596 7.28675
31.8461 31.8461 31.8461 31.8461 31.8461 31.8461 31.8461 31.8461 31.8461 31.8461 31.8461 31.8461 31.8461 31.8461 31.8461 31.8461 31.8461 31.8461 24.0011 22.5874 22.5874 22.5874 22.5874 22.5874 22.0538 19.7951 17.4062 15.0143 12.9364 12.6502 12.6502 12.6502 12.6502 12.6502 12.6502 12.6502 12.6502 12.6502 12.6502 13.2192 14.9036 14.9036 14.9036 14.9036 14.9036 14.9036 14.9036 14.9036 14.9036 14.9036 14.9036 14.9036 14.9036 14.9036 14.9036 14.9036 14.8570 14.0941 13.0869 12.0798 8.56130 7.25598 7.25598 7.25598 7.25598 7.25598
31.8461 31.8461 31.8461 31.8461 31.8461 31.8461 31.8461 31.8461 31.8461 31.8461 31.8461 31.8461 31.8461 31.8461 31.8461 31.8461 31.8461 31.8461 26.8409 22.5874 21.7745 19.4194 17.0295 14.6397 12.7814 12.6502 12.6502 12.6502 12.6502 12.6502 12.6502 12.6502 12.6502 12.6502 12.6502 12.6502 12.6502 12.6502 12.6502 12.6881 14.7509 14.9036 14.9036 14.9036 14.9036 14.9036 14.9036 14.9036 14.9036 14.9036 14.9036 14.9036 14.7285 13.8059 12.7996 11.7924 10.8318 10.5884 10.5884 10.5884 9.27085 7.25598 7.25598 7.25598 7.25598 7.25598
31.8461 31.8461 31.8461 31.8461 31.8461 31.8461 31.8461 31.8461 31.8461 31.8461 31.8461 31.8461 31.8461 31.8461 31.8461 31.8461 30.9546 28.7452 24.2449 14.2630 12.6860 12.6502 12.6502 12.6502 12.6502 12.6502 12.6502 12.6502 12.6502 12.6502 12.6502 12.6502 12.6502 12.6502 12.6502 12.6502 12.6502 12.6502 12.6502 12.6502 14.1050 14.9036 14.9036 14.9036 14.9036 14.9036 14.9036 14.9036 14.5179 13.5185 12.5113 11.5050 10.6730 10.5884 10.5884 10.5884 10.5884 10.5884 10.5884 10.5884 10.2510 7.27164 7.25598 7.25598 7.25598 7.25598
31.8461 31.8461 31.8461 31.8461 31.8461 31.8461 31.8461 31.8461 31.8461 31.8461 31.8461 31.8461 30.9020 28.6907 26.4705 24.2611 22.9332 22.9225 22.8126 13.4971 12.6502 12.6502 12.6502 12.6502 12.6502 12.6502 12.6502 12.6502 12.6502 12.6502 12.6502 12.6502 12.6502 12.6502 12.6502 12.6502 12.6502 12.6502 12.6502 12.6502 13.4208 14.9036 14.9036 14.8907 14.2374 13.2311 12.2239 11.2167 10.5962 10.5884 10.5884 10.5884 10.5884 10.5884 10.5884 10.5884 10.5884 10.5884 10.5884 10.5884 10.5884 7.93067 7.25598 7.25598 7.25598 7.25598
31.8461 31.8461 31.8461 31.8461 31.8461 31.8461 31.8461 31.8461 30.8422 28.6336 26.4152 24.1952 22.9297 22.9225 22.9225 22.9225 22.9225 22.9225 22.9225 16.5361 12.6502 12.6502 12.6502 12.6502 12.6502 12.6502 12.6502 12.6502 12.6502 12.6502 12.6502 12.6502 12.6502 12.6502 12.6502 12.6502 12.6502 12.6502 12.6502 12.5939 12.1575 12.9255 11.9365 10.9423 10.5884 10.5884 10.5884 10.5884 10.5884 10.5884 10.5884 10.5884 10.5884 10.5884 10.5884 10.5884 10.5884 10.5884 10.5884 10.5884 10.5884 8.92654 7.25598 7.25598 7.25598 7.25598
31.8461 31.8461 31.8461 31.8461 30.7887 28.5694 26.3581 24.1406 22.9252 22.9225 22.9225 22.9225 22.9225 22.9225 22.9225 22.9225 22.9225 22.9225 22.9225 19.6834 12.6502 12.6502 12.6502 12.6502 12.6502 12.6502 12.6502 12.6502 12.6502 12.6502 12.6502 12.6502 12.6502 12.6502 12.6502 12.5431 11.9167 11.2212 10.5256 9.88638 9.76219 10.3712 10.5884 10.5884 10.5884 10.5884 10.5884 10.5884 10.5884 10.5884 10.5884 10.5884 10.5884 10.5884 10.5884 10.5884 10.5884 10.5884 10.5884 10.5884 10.5884 9.92235 7.25598 7.25598 7.25598 7.25598
30.7307 28.5140 26.2948 24.0826 22.9225 22.9225 22.9225 22.9225 22.9225 22.9225 22.9225 22.9225 22.9225 22.9225 22.9225 22.9225 22.9225 22.9225 22.9225 22.4828 12.9975 12.6502 12.6502 12.6502 12.6502 12.6502 12.6502 12.6502 12.6502 12.6502 12.6502 12.4761 11.8101 11.1150 10.4195 9.83093 9.76219 9.76219 9.76219 9.76219 9.76219 10.1217 10.5884 10.5884 10.5884 10.5884 10.5884 10.5884 10.5884 10.5884 10.5884 10.5884 10.5884 10.5884 10.5884 10.5884 10.5884 10.5884 10.5884 10.5884 10.5884 10.5741 7.59989 7.25671 7.29884 7.36487
22.9225 22.9225 22.9225 22.9225 22.9225 22.9225 22.9225 22.9225 22.9225 22.9225 22.9225 22.9225 22.9225 22.9225 22.9225 22.9225 22.9225 22.9225 22.9225 22.9225 15.7045 12.6502 12.6502 12.6502 12.6502 12.6502 12.6502 12.3926 11.7041 11.0084 10.3132 9.79194 9.76219 9.76219 9.76219 9.76219 9.76219 9.76219 9.76219 9.76219 9.76219 9.87277 10.5880 10.5884 10.5884 10.5884 10.5884 10.5884 10.5884 10.5884 10.5884 10.5884 10.5884 10.5884 10.5884 10.5884 10.5884 10.5884 10.5884 10.4855 9.70009 8.78872 7.60253 7.52361 7.54751 7.54751
22.9225 22.9225 22.9225 22.9225 22.9225 22.9225 22.9225 22.9225 22.9225 22.9225 22.9225 22.9225 22.9225 22.9225 22.9225 22.9225 22.9225 22.9225 22.9225 22.9225 18.8512 12.6502 12.6502 12.2930 11.5978 10.9024 10.2064 9.76912 9.76219 9.76219 9.76219 9.76219 9.76219 9.76219 9.76219 9.76219 9.76219 9.76219 9.76219 9.76219 9.76219 9.76219 10.4494 10.5884 10.5884 10.5884 10.5884 10.5884 10.5884 10.5884 10.5884 10.5884 10.5884 10.5884 10.5884 10.3276 9.44349 8.53290 7.62193 6.81351 6.68872 6.68872 6.94918 7.54751 7.54751 7.54751
22.9225 22.9225 22.9225 22.9225 22.9225 22.9225 22.9225 22.9225 22.9225 22.9225 22.9225 22.9225 22.9225 22.9225 22.9225 22.9225 22.9225 22.9225 22.9101 21.4867 18.2146 10.8188 10.1004 9.76219 9.76219 9.76219 9.76219 9.76219 9.76219 9.76219 9.76219 9.76219 9.76219 9.76219 9.76219 9.76219 9.76219 9.76219 9.76219 9.76219 9.76219 9.76219 10.2001 10.5884 10.5884 10.5884 10.5884 10.5884 10.5884 10.5884 10.5877 10.0986 9.18727 8.27630 7.36572 6.71563 6.68872 6.68872 6.68872 6.68872 6.68872 6.68872 6.72264 7.51721 7.54751 7.54751
22.9225 22.9225 22.9225 22.9225 22.9225 22.9225 22.9225 22.9225 22.9225 22.9225 22.9225 22.9225 22.9225 22.9225 22.8996 21.4149 19.0380 16.6622 14.2978 13.3501 13.3501 10.5327 9.76219 9.76219 9.76219 9.76219 9.76219 9.76219 9.76219 9.76219 9.76219 9.76219 9.76219 9.76219 9.76219 9.76219 9.76219 9.76219 9.76219 9.76219 9.76219 9.76219 9.95076 10.5884 10.5884 10.5884 10.5420 9.84204 8.93106 8.02048 7.10989 6.68872 6.68872 6.68872 6.68872 6.68872 6.68872 6.68872 6.68872 6.68872 6.68872 6.68872 6.68872 7.29448 7.54751 7.54751
22.9225 22.9225 22.9225 22.9225 22.9225 22.9225 22.9225 22.9225 22.9225 22.9225 22.8881 21.3431 18.9662 16.5894 14.2346 13.3501 13.3501 13.3501 13.3501 13.3501 13.3501 11.6266 9.76219 9.76219 9.76219 9.76219 9.76219 9.76219 9.76219 9.76219 9.76219 9.76219 9.76219 9.76219 9.76219 9.76219 9.76219 9.76219 9.76219 9.76219 9.76219 9.76219 9.74186 9.61956 8.67485 7.76388 6.90009 6.68872 6.68872 6.68872 6.68872 6.68872 6.68872 6.68872 6.68872 6.68872 6.68872 6.68872 6.68872 6.68872 6.68872 6.68872 6.68872 7.03784 7.54751 7.54751
22.9225 22.9225 22.9225 22.9225 22.9225 22.9225 22.8747 21.2703 18.8935 16.5157 14.1743 13.3501 13.3501 13.3501 13.3501 13.3501 13.3501 13.3501 13.3501 13.3501 13.3501 12.7210 9.76219 9.76219 9.76219 9.76219 9.76219 9.76219 9.76219 9.76219 9.76219 9.76219 9.76219 9.76219 9.76219 9.76219 9.76219 9.76219 9.71609 9.55142 9.38079 9.21022 9.06817 7.57296 6.68872 6.68872 6.68872 6.68872 6.68872 6.68872 6.68872 6.68872 6.68872 6.68872 6.68872 6.68872 6.68872 6.68872 6.68872 6.68872 6.68872 6.68872 6.68872 6.78378 7.54502 7.54751
22.9225 22.9225 22.8594 21.1976 18.8198 16.4439 14.1159 13.3501 13.3501 13.3501 13.3501 13.3501 13.3501 13.3501 13.3501 13.3501 13.3501 13.3501 13.3501 13.3501 13.3501 13.3469 10.2301 9.76219 9.76219 9.76219 9.76219 9.76219 9.76219 9.76219 9.76219 9.76219 9.76219 9.76219 9.69425 9.52454 9.35391 9.18335 9.05895 9.05299 9.05299 9.05299 9.05299 8.28296 6.68872 6.68872 6.68872 6.68872 6.68872 6.68872 6.68872 6.68872 6.68872 6.68872 6.68872 6.68872 6.68872 6.68872 6.68872 6.68872 6.68872 6.68872 6.68872 6.68872 7.38331 7.54751
18.7480 16.3712 14.0594 13.3501 13.3501 13.3501 13.3501 13.3501 13.3501 13.3501 13.3501 13.3501 13.3501 13.3501 13.3501 13.3501 13.3501 13.3501 13.3501 13.3501 13.3501 13.3501 11.3209 9.76219 9.76219 9.76219 9.76219 9.76219 9.76219 9.76198 9.66837 9.49766 9.32710 9.15661 9.05392 9.05299 9.05299 9.05299 9.05299 9.05299 9.05299 9.05299 9.05299 8.93242 6.75019 6.68872 6.68872 6.68872 6.68872 6.68872 6.68872 6.68872 6.68872 6.68872 6.68872 6.68872 6.68872 6.68872 6.68872 6.68872 6.68872 6.68872 6.65855 6.52432 6.41063 5.89472
