High_resolution/powerplant/Fengdu/OMI_NO2_200908.asc
ncols      200
nrows      200
xllcorner       105.978
yllcorner       28.1831
cellsize     0.0166667
NODATA_Value      -999.000
[rows 116 to 144 of 200, columns 66 to 131 of 200]
0.00000 0.00000 0.00000 0.00000 0.00000 5.04325 5.04325 5.04325 5.04325 5.04325 4.60832 4.40741 4.30988 4.17701 4.03746 4.02680 4.02680 4.02680 4.02680 4.02680 4.02680 4.02680 4.02680 4.02680 4.02680 4.02680 3.95959 3.54549 3.08240 2.61913 2.31470 2.30782 2.30782 2.30782 2.30782 2.30782 2.30782 2.30782 2.30782 0.00000 0.00000 0.932431 0.932431 0.932431 0.932431 0.932431 0.963072 1.06990 1.18010 1.28964 1.40005 1.48066 1.48453 1.48453 1.48453 1.48453 1.48453 1.48453 1.48017 0.626788 0.536739 0.536739 0.536739 0.536739 0.536739 0.536739
0.00000 0.00000 0.00000 0.00000 0.00000 0.00000 5.04325 5.04325 5.04325 5.04325 4.02680 4.02680 4.02680 4.02680 4.02680 4.02680 4.02680 4.02680 4.02680 4.02680 4.02680 4.02680 4.01236 3.67957 3.21630 2.75304 2.35699 2.30782 2.30782 2.30782 2.30782 2.30782 2.30782 2.30782 2.30782 2.30782 2.30782 2.30782 2.30782 0.00000 0.00000 0.00000 1.06758 1.18143 1.29184 1.40182 1.48094 1.48453 1.48453 1.48453 1.48453 1.48453 1.48453 1.48453 1.48453 1.48453 1.48453 1.48453 1.48453 0.890109 0.536739 0.536739 0.536739 0.536739 0.536739 0.536739
0.00000 0.00000 0.00000 0.00000 0.00000 0.00000 0.00000 0.00000 0.00000 0.00000 4.02680 4.02680 4.02680 4.02680 4.02680 4.02680 4.02680 4.02680 4.02680 3.81296 3.35021 2.88695 2.43795 2.30782 2.30782 2.30782 2.30782 2.30782 2.30782 2.30782 2.30782 2.30782 2.30782 2.30782 2.30782 2.30782 2.30782 2.30782 2.30782 0.00000 0.00000 0.00000 1.48453 1.48453 1.48453 1.48453 1.48453 1.48453 1.48453 1.48453 1.48453 1.48453 1.48453 1.48453 1.48453 1.48453 1.48453 1.48453 1.48453 1.15779 0.536739 0.536739 0.536739 0.536739 0.536739 0.536739
0.00000 0.00000 0.00000 0.00000 0.00000 0.00000 0.00000 0.00000 0.00000 0.00000 0.00000 4.02680 4.02680 4.02680 4.02680 3.92246 3.48395 3.02068 2.55776 2.30817 2.30782 2.30782 2.30782 2.30782 2.30782 2.30782 2.30782 2.30782 2.30782 2.30782 2.30782 2.30782 2.30782 2.30782 2.30782 2.30782 2.30782 2.30782 2.30782 2.30782 0.00000 0.00000 1.48453 1.48453 1.48453 1.48453 1.48453 1.48453 1.48453 1.48453 1.48453 1.48453 1.48453 1.48453 1.48453 1.48453 1.48453 1.48453 1.48453 1.41496 0.547070 0.536739 0.536739 0.536739 0.536739 0.536739
0.00000 0.00000 0.00000 0.00000 0.00000 0.00000 0.00000 0.00000 0.00000 0.00000 0.00000 3.95596 3.61786 3.15476 2.69150 2.33275 2.30782 2.30782 2.30782 2.30782 2.30782 2.30782 2.30782 2.30782 2.30782 2.30782 2.30782 2.30782 2.30782 2.30782 2.30782 2.30782 2.30782 2.30782 2.30782 2.30782 2.30782 2.30782 2.30782 2.30782 0.00000 0.00000 1.48453 1.48453 1.48453 1.48453 1.48453 1.48453 1.48453 1.48453 1.48453 1.48453 1.48453 1.48453 1.48453 1.48453 1.48453 1.48453 1.48453 1.48453 0.745157 0.536739 0.536739 0.536739 0.536739 0.536739
0.00000 0.00000 0.00000 0.00000 0.00000 0.00000 0.00000 0.00000 0.00000 0.00000 0.00000 2.30782 2.30782 2.30782 2.30782 2.30782 2.29603 2.16251 2.04309 2.26157 2.30782 2.30782 2.30782 2.30782 2.30782 2.30782 2.30782 2.30782 2.30782 2.30782 2.30782 2.30782 2.30782 2.30782 2.30782 2.30782 2.30782 2.30782 2.30782 2.30782 0.00000 0.00000 0.00000 1.48453 1.48453 1.48453 1.48453 1.48453 1.48453 1.48453 1.48453 1.48453 1.48453 1.48453 1.48453 1.48453 1.48453 1.48453 1.48453 1.45710 1.00507 0.536739 0.536739 0.536739 0.536739 0.00000
0.00000 0.00000 0.00000 0.00000 0.00000 0.00000 0.00000 0.00000 0.00000 0.00000 0.00000 0.00000 2.28496 2.15560 2.03832 1.95487 1.89567 1.88384 1.88384 2.09182 2.30782 2.30782 2.30782 2.30782 2.30782 2.30782 2.30782 2.30782 2.30782 2.30782 2.30782 2.30782 2.30782 2.30782 2.30782 2.30782 2.30782 0.00000 0.00000 0.00000 0.00000 0.00000 0.00000 1.48453 1.48453 1.48453 1.48453 1.48453 1.48453 1.48453 1.48453 1.48453 1.48453 1.48453 1.45558 1.35710 1.25649 1.15491 1.05410 0.980202 0.976647 0.00000 0.00000 0.00000 0.00000 0.00000
0.00000 0.00000 0.00000 0.00000 0.00000 0.00000 0.00000 0.00000 1.45985 1.45985 1.45985 1.45985 1.67704 1.88384 1.88384 1.88384 1.88384 1.88384 1.88384 1.97427 2.30782 2.30782 2.30782 2.30782 2.30782 2.30782 2.30782 2.30782 2.30782 2.30782 2.30782 2.30782 2.30782 0.00000 0.00000 0.00000 0.00000 0.00000 0.00000 0.00000 0.00000 0.00000 0.00000 1.48453 1.48453 1.48453 1.48453 1.48453 1.48453 1.45405 1.35502 1.25410 1.15288 1.05166 0.979695 0.976647 0.976647 0.976647 0.976647 0.976647 0.976647 0.976647 0.00000 0.00000 0.00000 0.00000
0.00000 0.00000 0.00000 0.00000 1.45985 1.45985 1.45985 1.45985 1.45985 1.45985 1.45985 1.45985 1.49411 1.87545 1.88384 1.88384 1.88384 1.88384 1.88384 1.89788 2.29193 2.30782 2.30782 2.30782 2.30782 2.30782 2.30782 2.30782 2.30782 2.30782 0.00000 0.00000 0.00000 0.00000 0.00000 0.00000 0.00000 0.00000 0.00000 0.00000 0.00000 0.00000 0.00000 0.00000 1.44431 1.35298 1.25171 1.15085 1.04927 0.979187 0.976647 0.976647 0.976647 0.976647 0.976647 0.976647 0.976647 0.976647 0.976647 0.976647 0.976647 0.976647 0.00000 0.00000 0.00000 0.00000
1.45985 1.45985 1.45985 1.45985 1.45985 1.45985 1.45985 1.45985 1.45985 1.45985 1.45985 1.45985 1.45985 1.80263 1.88384 1.88384 1.88384 1.88384 1.88384 1.88384 2.13194 2.30782 2.30782 2.30782 2.30782 2.30782 0.00000 0.00000 0.00000 0.00000 0.00000 0.00000 0.00000 0.00000 0.00000 0.00000 0.00000 0.00000 0.00000 1.60169 1.60169 1.60169 1.60169 1.60169 1.32179 0.976647 0.976647 0.976647 0.976647 0.976647 0.976647 0.976647 0.976647 0.976647 0.976647 0.976647 0.976647 0.976647 0.976647 0.976647 0.976647 0.976647 0.00000 0.00000 0.00000 0.00000
1.45985 1.45985 1.45985 1.45985 1.45985 1.45985 1.45985 1.45985 1.45985 1.45985 1.45985 1.45985 1.45985 1.68132 1.88384 1.88384 1.88384 1.88384 1.85625 1.78077 1.77680 2.30782 0.00000 0.00000 0.00000 0.00000 0.00000 0.00000 0.00000 0.00000 0.00000 0.00000 0.00000 0.00000 1.60169 1.60169 1.60169 1.60169 1.60169 1.60169 1.60169 1.60169 1.60169 1.60169 1.50086 0.976647 0.976647 0.976647 0.976647 0.976647 0.976647 0.976647 0.976647 0.976647 0.976647 0.976647 0.976647 0.976647 0.976647 0.976647 0.976647 0.976647 0.976647 0.00000 0.00000 0.00000
1.45985 1.45985 1.45985 1.45985 1.45985 1.45985 1.45985 1.45985 1.45985 1.45985 1.45985 1.45985 1.45985 1.50497 1.86458 1.80496 1.70935 1.56885 1.46011 1.45985 1.45985 1.45985 0.00000 0.00000 0.00000 0.00000 0.00000 0.00000 0.00000 1.60169 1.60169 1.60169 1.60169 1.60169 1.60169 1.60169 1.60169 1.60169 1.60169 1.60169 1.60169 1.60169 1.60169 1.60169 1.60131 1.05472 0.976647 0.976647 0.976647 0.976647 0.976647 0.976647 0.976647 0.976647 0.976647 0.976647 0.976647 0.976647 0.976647 0.976647 0.976647 0.976647 0.976647 0.00000 0.00000 0.00000
1.45985 1.45985 1.45985 1.45985 1.45985 1.45985 1.45985 1.45985 1.45985 1.45985 1.45985 1.45985 1.45985 1.45985 1.46407 1.45985 1.45985 1.45985 1.45985 1.45260 1.41314 1.35140 0.00000 0.00000 0.00000 0.00000 0.00000 1.60169 1.60169 1.60169 1.60169 1.60169 1.60169 1.60169 1.60169 1.60169 1.60169 1.60169 1.60169 1.60169 1.60169 1.60169 1.60169 1.60169 1.60169 1.23237 0.976647 0.976647 0.976647 0.976647 0.976647 0.976647 0.976647 0.976647 0.976647 0.976647 0.976647 0.976647 0.976647 0.976647 0.976647 0.976647 1.02502 1.38933 1.38933 1.38933
1.45985 1.45985 1.45985 1.45985 1.45985 1.45985 1.45985 1.45985 1.45985 1.45985 1.45985 1.45985 1.45985 1.45985 1.45985 1.45148 1.41132 1.36800 1.32470 1.28862 1.28477 1.28477 0.00000 0.00000 0.00000 0.00000 0.00000 1.60169 1.60169 1.60169 1.60169 1.60169 1.60169 1.60169 1.60169 1.60169 1.60169 1.60169 1.60169 1.60169 1.60169 1.60169 1.60169 1.60169 1.60169 1.41061 0.976647 0.976647 0.976647 0.976647 0.976647 0.976647 0.976647 0.976647 0.976647 0.976647 0.976647 1.00374 1.08766 1.17339 1.25912 1.34484 1.39986 1.38933 1.38933 1.38933
1.45985 1.45985 1.45985 1.45985 1.45985 1.45985 1.45985 1.45985 1.45985 1.45985 1.45985 1.45033 1.40948 1.36616 1.32288 1.28792 1.28477 1.28477 1.28477 1.28477 1.28477 1.28477 0.00000 0.00000 0.00000 0.00000 0.00000 0.00000 1.60169 1.60169 1.60169 1.60169 1.60169 1.60169 1.60169 1.60169 1.60169 1.60169 1.60169 1.60169 1.60169 1.60169 1.60169 1.60169 1.60169 1.57269 0.993025 0.976647 0.976647 0.976647 0.976647 0.976647 1.00374 1.08766 1.17339 1.25912 1.34484 1.40348 1.40528 1.40528 1.40528 1.40528 1.40507 1.39040 1.38933 1.38933
1.45985 1.45985 1.45985 1.45985 1.45985 1.45985 1.45985 1.44914 1.40766 1.36434 1.32103 1.28725 1.28477 1.28477 1.28477 1.28477 1.28477 1.28477 1.28477 1.28477 1.28477 1.28477 1.28477 0.00000 0.00000 0.00000 0.00000 0.00000 1.60169 1.60169 1.60169 1.60169 1.60169 1.60169 1.60169 1.60169 1.60169 1.60169 1.60169 1.60169 1.60169 1.60169 1.60169 1.60169 1.60169 1.60169 1.14185 1.00374 1.08766 1.17339 1.25912 1.34484 1.40348 1.40528 1.40528 1.40528 1.40528 1.40528 1.40528 1.40528 1.40528 1.40528 1.40528 1.39467 1.38933 1.38933
1.45985 1.45985 1.45985 1.44781 1.40584 1.36252 1.31921 1.28662 1.28477 1.28477 1.28477 1.28477 1.28477 1.28477 1.28477 1.28477 1.28477 1.28477 1.28477 1.28477 1.28477 1.28477 1.28477 0.00000 0.00000 0.00000 0.00000 0.00000 1.60169 1.60169 1.60169 1.60169 1.60169 1.60169 1.60169 1.60169 1.60169 1.60169 1.60169 1.60169 1.60169 1.60169 1.60169 1.60169 1.60169 1.60169 1.39166 1.40348 1.40528 1.40528 1.40528 1.40528 1.40528 1.40528 1.40528 1.40528 1.40528 1.40528 1.40528 1.40528 1.40528 1.40528 1.40528 1.39915 1.38933 1.38933
1.40597 1.36070 1.31740 1.28613 1.28477 1.28477 1.28477 1.28477 1.28477 1.28477 1.28477 1.28477 1.28477 1.28477 1.28477 1.28477 1.28477 1.28477 1.28477 1.28477 1.28477 1.28477 1.28477 0.00000 0.00000 0.00000 0.00000 0.00000 0.00000 1.60169 1.60169 1.60169 1.60169 1.60169 1.60169 1.60169 1.60169 1.60169 1.60169 1.60169 1.60169 1.60169 1.60169 0.00000 0.00000 0.00000 1.40528 1.40528 1.40528 1.40528 1.40528 1.40528 1.40528 1.40528 1.40528 1.40528 1.40528 1.40528 1.40528 1.40528 1.40528 1.40528 1.40528 1.40360 1.38937 1.38933
1.28477 1.28477 1.28477 1.28477 1.28477 1.28477 1.28477 1.28477 1.28477 1.28477 1.28477 1.28477 1.28477 1.28477 1.28477 1.28477 1.28477 1.28477 1.28477 1.28477 1.28477 1.28477 1.28477 1.28477 0.00000 0.00000 0.00000 0.00000 0.00000 1.60169 1.60169 1.60169 1.60169 1.60169 1.60169 1.60169 1.60169 1.60169 0.00000 0.00000 0.00000 0.00000 0.00000 0.00000 0.00000 0.00000 1.40528 1.40528 1.40528 1.40528 1.40528 1.40528 1.40528 1.40528 1.40528 1.40528 1.40528 1.40528 1.40528 1.40528 1.40528 1.40528 1.40528 1.40528 1.39217 1.38933
1.28477 1.28477 1.28477 1.28477 1.28477 1.28477 1.28477 1.28477 1.28477 1.28477 1.28477 1.28477 1.28477 1.28477 1.28477 1.28477 1.28477 1.28477 1.28477 1.28477 1.28477 1.28477 1.28477 1.28477 0.00000 0.00000 0.00000 0.00000 0.00000 1.60169 1.60169 1.60169 1.60169 0.00000 0.00000 0.00000 0.00000 0.00000 0.00000 0.00000 0.00000 0.00000 0.00000 0.00000 0.00000 0.00000 0.00000 1.40528 1.40528 1.40528 1.40528 1.40528 1.40528 1.40528 1.40528 1.40528 1.40528 1.40528 1.40528 1.40528 1.40528 1.40528 1.40528 1.40528 1.39665 1.41199
1.28477 1.28477 1.28477 1.28477 1.28477 1.28477 1.28477 1.28477 1.28477 1.28477 1.28477 1.28477 1.28477 1.28477 1.28477 1.28477 1.28477 1.28477 1.28477 1.28477 1.28477 1.28477 1.28477 0.00000 0.00000 0.00000 0.00000 0.00000 0.00000 0.00000 0.00000 0.00000 0.00000 0.00000 0.00000 0.00000 0.00000 0.00000 0.00000 0.00000 0.00000 0.00000 0.00000 0.00000 0.00000 0.00000 0.00000 1.40528 1.40528 1.40528 1.40528 1.40528 1.40528 1.40528 1.40528 1.40528 1.40528 1.40528 1.40528 1.40528 1.40528 1.40528 1.40528 1.40528 1.62545 1.75583
0.00000 1.28477 1.28477 1.28477 1.28477 1.28477 1.28477 1.28477 1.28477 1.28477 1.28477 1.28477 1.28477 1.28477 1.28477 1.28477 1.28477 1.28477 1.28477 0.00000 0.00000 0.00000 0.00000 0.00000 0.00000 0.00000 0.00000 0.00000 0.00000 0.00000 0.00000 0.00000 0.00000 0.00000 0.00000 0.00000 0.00000 0.00000 0.00000 0.00000 0.00000 0.00000 0.00000 0.00000 0.00000 0.00000 0.00000 1.40528 1.40528 1.40528 1.40528 1.40528 1.40528 1.40528 1.40528 1.40528 1.40528 1.40528 1.40528 1.40528 1.40528 0.00000 0.00000 0.00000 1.75722 1.75722
0.00000 1.28477 1.28477 1.28477 1.28477 1.28477 1.28477 1.28477 1.28477 1.28477 1.28477 1.28477 1.28477 1.28477 1.28477 0.00000 0.00000 0.00000 0.00000 0.00000 0.00000 0.00000 0.00000 0.00000 0.00000 0.00000 0.00000 0.00000 0.00000 0.00000 0.00000 0.00000 0.00000 0.00000 0.00000 0.00000 0.00000 0.00000 0.00000 0.00000 0.00000 0.00000 0.00000 0.00000 0.00000 0.00000 0.00000 0.00000 1.40528 1.40528 1.40528 1.40528 1.40528 1.40528 1.40528 1.40528 0.00000 0.00000 0.00000 0.00000 0.00000 0.00000 0.00000 0.00000 0.00000 1.75722
0.00000 1.28477 1.28477 1.28477 1.28477 1.28477 1.28477 1.28477 1.28477 1.28477 1.28477 0.00000 0.00000 0.00000 0.00000 0.00000 0.00000 0.00000 0.00000 0.00000 0.00000 0.00000 0.00000 0.00000 0.00000 0.00000 0.00000 0.00000 0.00000 0.00000 0.00000 0.00000 0.00000 0.00000 0.00000 0.00000 0.00000 0.00000 0.00000 0.00000 0.00000 0.00000 0.00000 0.00000 0.00000 0.00000 0.00000 0.00000 1.40528 1.40528 1.40528 0.00000 0.00000 0.00000 0.00000 0.00000 0.00000 0.00000 0.00000 0.00000 0.00000 0.00000 0.00000 0.00000 0.00000 1.75722
0.00000 1.28477 1.28477 1.28477 1.28477 1.28477 0.00000 0.00000 0.00000 0.00000 0.00000 0.00000 0.00000 0.00000 0.00000 0.00000 0.00000 0.00000 0.00000 0.00000 0.00000 0.00000 0.00000 0.00000 0.00000 0.00000 0.00000 0.00000 0.00000 0.00000 0.00000 0.00000 0.00000 0.00000 0.00000 0.00000 0.00000 0.00000 0.00000 0.00000 0.00000 0.00000 0.00000 0.00000 0.00000 0.00000 0.00000 0.00000 0.00000 0.00000 0.00000 0.00000 0.00000 0.00000 0.00000 0.00000 0.00000 0.00000 0.00000 0.00000 0.00000 0.00000 0.00000 0.00000 0.00000 1.75722
0.00000 0.00000 0.00000 0.00000 0.00000 0.00000 0.00000 0.00000 0.00000 0.00000 0.00000 0.00000 0.00000 0.00000 0.00000 0.00000 0.00000 0.00000 0.00000 0.00000 0.00000 0.00000 0.00000 0.00000 0.00000 0.00000 0.00000 0.00000 0.00000 0.00000 0.00000 0.00000 0.00000 0.00000 0.00000 0.00000 0.00000 0.00000 0.00000 0.00000 0.00000 0.00000 0.00000 0.00000 0.00000 0.00000 0.00000 0.00000 0.00000 0.00000 0.00000 0.00000 0.00000 0.00000 0.00000 0.00000 0.00000 0.00000 0.00000 0.00000 0.00000 0.00000 0.00000 0.00000 0.00000 0.00000
0.00000 0.00000 0.00000 0.00000 0.00000 0.00000 0.00000 0.00000 0.00000 0.00000 0.00000 0.00000 0.00000 0.00000 0.00000 0.00000 0.00000 0.00000 0.00000 0.00000 0.00000 0.00000 0.00000 0.00000 0.00000 0.00000 0.00000 0.00000 0.00000 0.00000 2.90713 2.90713 0.00000 0.00000 0.00000 0.00000 0.00000 0.00000 0.00000 0.00000 0.00000 0.00000 0.00000 0.00000 0.00000 0.00000 0.00000 0.00000 0.00000 0.00000 0.00000 0.00000 0.00000 0.00000 0.00000 0.00000 0.00000 0.00000 0.00000 0.00000 0.00000 0.00000 0.00000 0.00000 0.00000 0.00000
0.00000 0.00000 0.00000 0.00000 0.00000 0.00000 0.00000 0.00000 0.00000 0.00000 0.00000 0.00000 0.00000 0.00000 0.00000 0.00000 0.00000 0.00000 0.00000 0.00000 0.00000 0.00000 0.00000 0.00000 0.00000 0.00000 2.90713 2.90713 2.90713 2.90713 2.90713 2.90713 2.90713 0.00000 0.00000 0.00000 0.00000 0.00000 0.00000 0.00000 0.00000 0.00000 0.00000 0.00000 0.00000 0.00000 0.00000 0.00000 0.00000 0.00000 0.00000 0.00000 0.00000 0.00000 0.00000 0.00000 0.00000 0.00000 0.00000 0.00000 0.00000 0.00000 0.00000 1.83162 1.83162 1.83162
0.00000 0.00000 0.00000 0.00000 0.00000 0.00000 0.00000 0.00000 0.00000 0.00000 0.00000 0.00000 0.00000 0.00000 0.00000 0.00000 0.00000 0.00000 0.00000 0.00000 0.00000 2.90713 2.90713 2.90713 2.90713 2.90713 2.90713 2.90713 2.90713 2.90713 2.90713 2.90713 2.90713 0.00000 0.00000 0.00000 0.00000 0.00000 0.00000 0.00000 0.00000 0.00000 0.00000 0.00000 0.00000 0.00000 0.00000 0.00000 0.00000 0.00000 0.00000 0.00000 0.00000 0.00000 0.00000 0.00000 0.00000 0.00000 1.83162 1.83162 1.83162 1.83162 1.83162 1.83162 1.83162 1.83162
