High_resolution/powerplant/Fengdu/OMI_NO2_201012.asc
ncols      200
nrows      200
xllcorner       105.978
yllcorner       28.1831
cellsize     0.0166667
NODATA_Value      -999.000
[rows 58 to 86 of 200, columns 0 to 66 of 200]
0.00000 0.00000 0.00000 0.00000 0.00000 0.00000 0.00000 26.0515 20.5240 19.2424 20.5983 22.4286 24.9739 26.0515 26.0515 25.7353 24.3842 22.9512 21.5183 20.0861 18.8463 18.6805 18.6805 18.6805 17.1824 13.7127 13.7127 13.7127 13.7127 13.7127 13.7127 13.7127 13.7127 13.7127 13.7127 13.7127 13.7127 13.7127 13.7127 13.7127 13.7127 10.6233 10.0901 10.0901 10.0901 10.0901 10.0901 10.0901 10.0901 10.0901 10.0901 10.0901 10.0901 10.0901 10.0901 10.0853 9.98770 9.82358 0.00000 0.00000 0.00000 0.00000 0.00000 0.00000 0.00000 0.00000 0.00000
0.00000 0.00000 0.00000 0.00000 0.00000 0.00000 0.00000 0.00000 26.0515 26.0515 25.5834 24.1756 22.7426 21.3112 19.8790 18.7608 18.6805 18.6805 18.6805 18.6805 18.6805 18.6805 18.6805 18.6805 18.4619 13.8538 13.7127 13.7127 13.7127 13.7127 13.7127 13.7127 13.7127 13.7127 13.7127 13.7127 13.7127 13.7127 13.7127 13.7127 13.7127 11.6500 10.0901 10.0901 10.0901 10.0901 10.0901 10.0901 10.0901 10.0901 10.0538 9.92484 9.79138 9.65799 9.52453 9.39582 9.35997 9.35997 0.00000 0.00000 0.00000 0.00000 0.00000 0.00000 0.00000 0.00000 0.00000
0.00000 0.00000 0.00000 0.00000 0.00000 0.00000 0.00000 0.00000 21.2186 19.6697 18.7063 18.6805 18.6805 18.6805 18.6805 18.6805 18.6805 18.6805 18.6805 18.6805 18.6805 18.6805 18.6805 18.6805 18.6805 15.0610 13.7127 13.7127 13.7127 13.7127 13.7127 13.7127 13.7127 13.7127 13.7127 13.7127 13.7127 13.7127 13.7127 13.7127 13.7127 12.6755 10.0901 10.0901 10.0871 9.99537 9.86198 9.72852 9.59506 9.46160 9.36457 9.35997 9.35997 9.35997 9.35997 9.35997 9.35997 9.35997 0.00000 0.00000 0.00000 0.00000 0.00000 0.00000 0.00000 0.00000 0.00000
0.00000 0.00000 0.00000 0.00000 0.00000 0.00000 0.00000 0.00000 18.6805 18.6805 18.6805 18.6805 18.6805 18.6805 18.6805 18.6805 18.6805 18.6805 18.6805 18.6805 18.6805 18.6805 18.6805 18.6805 18.6805 16.4825 13.7127 13.7127 13.7127 13.7127 13.7127 13.7127 13.7127 13.7127 13.7127 13.7127 13.7127 13.7127 13.7127 13.9333 15.0323 16.0912 10.0322 9.53220 9.40158 9.35997 9.35997 9.35997 9.35997 9.35997 9.35997 9.35997 9.35997 9.35997 9.35997 9.35997 9.35997 9.35997 9.35997 0.00000 0.00000 0.00000 0.00000 24.0193 24.0193 24.0193 24.0193
0.00000 0.00000 0.00000 0.00000 0.00000 0.00000 0.00000 0.00000 18.6805 18.6805 18.6805 18.6805 18.6805 18.6805 18.6805 18.6805 18.6805 18.6805 18.6805 18.6805 18.6805 18.6805 18.6805 18.6805 18.6805 17.9070 13.7127 13.7127 13.7127 13.7127 13.7127 13.7127 13.7127 13.7127 14.2299 15.4195 16.6086 17.8001 18.9891 19.9601 20.0507 20.0507 12.3638 9.35997 9.35997 9.35997 9.35997 9.35997 9.35997 9.35997 9.35997 9.35997 9.35997 9.35997 9.35997 9.35997 9.35997 9.35997 9.35997 24.0193 24.0193 24.0193 24.0193 24.0193 24.0193 24.0193 24.0193
0.00000 0.00000 0.00000 0.00000 0.00000 0.00000 0.00000 0.00000 0.00000 18.6805 18.6805 18.6805 18.6805 18.6805 18.6805 18.6805 18.6805 18.6805 18.6805 18.6805 18.6805 18.6805 18.6805 18.6805 18.6805 18.6790 14.3630 13.7127 13.7520 14.6146 15.8043 16.9958 18.1848 19.3764 20.0482 20.0507 20.0507 20.0507 20.0507 20.0507 20.0507 20.0507 15.3980 9.35997 9.35997 9.35997 9.35997 9.35997 9.35997 9.35997 9.35997 9.35997 9.35997 9.35997 9.35997 9.35997 10.4984 13.1549 16.4408 24.0193 24.0193 24.0193 24.0193 24.0193 24.0193 24.0193 24.0193
0.00000 0.00000 0.00000 0.00000 0.00000 0.00000 0.00000 0.00000 0.00000 18.6805 18.6805 18.6805 18.6805 18.6805 18.6805 18.6805 18.6805 18.6805 18.6805 18.6805 18.6805 18.6805 18.6805 18.6805 18.6805 18.6805 17.5609 18.5721 19.7224 20.0507 20.0507 20.0507 20.0507 20.0507 20.0507 20.0507 20.0507 20.0507 20.0507 20.0507 20.0507 20.0507 18.4293 9.35997 9.35997 9.35997 9.35997 9.35997 9.35997 9.35997 9.35997 9.35997 9.79937 12.4309 14.4761 15.9077 16.6672 16.6896 16.9484 23.8355 24.0193 24.0193 24.0193 24.0193 24.0193 24.0193 24.0193
0.00000 0.00000 0.00000 0.00000 0.00000 0.00000 0.00000 0.00000 0.00000 18.6805 18.6805 18.6805 18.6805 18.6805 18.6805 18.6805 18.6805 18.6805 18.6805 18.6805 18.6805 18.6805 18.6805 18.6805 0.00000 0.00000 20.0507 20.0507 20.0507 20.0507 20.0507 20.0507 20.0507 20.0507 20.0507 20.0507 20.0507 20.0507 20.0507 20.0507 20.0507 20.0507 20.0486 10.7742 9.35997 9.35997 9.35997 9.35997 9.35997 9.35997 9.35997 12.0924 16.5519 16.6896 16.6896 16.6896 16.6896 16.6896 16.6977 21.5375 24.0193 24.0193 24.0193 24.0193 24.0193 24.0193 24.0193
0.00000 0.00000 0.00000 0.00000 0.00000 0.00000 0.00000 0.00000 0.00000 0.00000 18.6805 18.6805 18.6805 18.6805 18.6805 18.6805 18.6805 18.6805 18.6805 0.00000 0.00000 0.00000 0.00000 0.00000 0.00000 0.00000 20.0507 20.0507 20.0507 20.0507 20.0507 20.0507 20.0507 20.0507 20.0507 20.0507 20.0507 20.0507 20.0507 20.0507 20.0507 20.0507 20.0507 13.8069 9.35997 9.35997 9.35997 9.35997 9.35997 9.35997 9.35997 9.84885 16.5036 16.8285 17.5372 18.4646 19.6256 21.1298 23.1207 24.0193 24.0193 24.0193 24.0193 24.0193 24.0193 24.0193 24.0193
0.00000 0.00000 0.00000 0.00000 0.00000 0.00000 0.00000 0.00000 0.00000 0.00000 18.6805 18.6805 18.6805 18.6805 0.00000 0.00000 0.00000 0.00000 0.00000 0.00000 0.00000 0.00000 0.00000 0.00000 0.00000 0.00000 0.00000 20.0507 20.0507 20.0507 20.0507 20.0507 20.0507 20.0507 20.0507 20.0507 20.0507 20.0507 20.0507 20.0507 20.0507 20.0507 20.0507 16.8374 9.35997 9.35997 9.35997 9.35997 9.35997 9.35997 9.35997 9.35997 21.1690 23.8440 24.0193 24.0193 24.0193 24.0193 24.0193 24.0193 24.0193 24.0193 24.0193 24.0193 24.0193 24.0193 24.0193
0.00000 0.00000 0.00000 0.00000 0.00000 0.00000 0.00000 0.00000 0.00000 0.00000 0.00000 0.00000 0.00000 0.00000 0.00000 0.00000 0.00000 0.00000 0.00000 0.00000 0.00000 0.00000 0.00000 0.00000 0.00000 0.00000 0.00000 20.0507 20.0507 20.0507 20.0507 20.0507 20.0507 20.0507 20.0507 20.0507 20.0507 20.0507 20.0507 20.0507 20.0507 20.0507 20.2549 20.9755 10.0836 9.35997 9.35997 9.35997 0.00000 0.00000 0.00000 0.00000 24.0193 24.0193 24.0193 24.0193 24.0193 24.0193 24.0193 24.0193 24.0193 24.0193 24.0193 24.0193 24.0193 24.0193 23.6881
0.00000 0.00000 0.00000 0.00000 0.00000 0.00000 0.00000 0.00000 0.00000 0.00000 0.00000 0.00000 0.00000 0.00000 0.00000 0.00000 0.00000 0.00000 0.00000 0.00000 0.00000 0.00000 0.00000 0.00000 0.00000 0.00000 0.00000 20.0507 20.0507 20.0507 20.0507 20.0507 20.0507 20.0507 20.0507 20.0507 20.0507 20.5591 21.8729 23.1966 24.5196 25.8419 26.9621 27.0917 27.0917 0.00000 0.00000 0.00000 0.00000 0.00000 0.00000 0.00000 24.0193 24.0193 24.0193 24.0193 24.0193 24.0193 24.0193 24.0193 24.0193 24.0193 23.9230 22.7154 21.1914 19.6679 18.4750
0.00000 0.00000 0.00000 0.00000 0.00000 0.00000 0.00000 0.00000 0.00000 0.00000 0.00000 0.00000 0.00000 0.00000 0.00000 0.00000 0.00000 0.00000 0.00000 0.00000 0.00000 0.00000 0.00000 0.00000 0.00000 0.00000 0.00000 20.0507 20.0507 20.0507 20.0507 20.0761 20.9745 22.2982 23.6205 24.9442 26.2679 27.0818 27.0917 27.0917 27.0917 27.0917 27.0917 27.0917 27.0917 0.00000 0.00000 0.00000 0.00000 0.00000 0.00000 0.00000 0.00000 24.0193 24.0193 24.0193 24.0193 24.0193 24.0176 23.1795 21.6555 20.1314 18.7037 18.3871 18.3871 18.3871 18.3871
0.00000 0.00000 0.00000 0.00000 0.00000 0.00000 0.00000 0.00000 0.00000 0.00000 0.00000 0.00000 0.00000 0.00000 0.00000 0.00000 0.00000 0.00000 0.00000 0.00000 0.00000 0.00000 0.00000 0.00000 0.00000 0.00000 26.8712 26.8712 23.5403 24.0458 25.3687 26.6657 27.0917 27.0917 27.0917 27.0917 27.0917 27.0917 27.0917 27.0917 27.0917 27.0917 27.0917 27.0917 27.0917 0.00000 0.00000 0.00000 0.00000 0.00000 0.00000 0.00000 0.00000 24.0193 24.0193 23.5946 22.1190 20.5955 19.0731 18.3871 18.3871 18.3871 18.3871 18.3871 18.3871 18.3871 18.3871
0.00000 0.00000 0.00000 0.00000 0.00000 0.00000 0.00000 0.00000 0.00000 0.00000 0.00000 0.00000 0.00000 0.00000 0.00000 0.00000 0.00000 0.00000 0.00000 0.00000 0.00000 26.8712 26.8712 26.8712 26.8712 26.8712 26.8712 26.8712 26.9377 27.0917 27.0917 27.0917 27.0917 27.0917 27.0917 27.0917 27.0917 27.0917 27.0917 27.0917 27.0917 27.0917 27.0917 27.0917 27.0917 27.0917 0.00000 0.00000 0.00000 0.00000 0.00000 0.00000 0.00000 23.5860 19.5908 18.4356 18.3871 18.3871 18.3871 18.3871 18.3871 18.3871 18.3871 18.3871 18.3871 18.3871 18.3871
0.00000 0.00000 0.00000 0.00000 0.00000 0.00000 0.00000 0.00000 0.00000 0.00000 0.00000 0.00000 0.00000 0.00000 0.00000 0.00000 26.8712 26.8712 26.8712 26.8712 26.8712 26.8712 26.8712 26.8712 26.8712 26.8712 26.8712 26.8712 26.8811 27.0856 27.0917 27.0917 27.0917 27.0917 27.0917 27.0917 27.0917 27.0917 27.0917 27.0917 27.0917 27.0917 27.0917 27.0917 27.0917 27.0917 0.00000 0.00000 0.00000 0.00000 0.00000 0.00000 0.00000 0.00000 18.3871 18.3871 18.3871 18.3871 18.3871 18.3871 18.3871 18.3871 18.3871 18.3871 18.3871 18.3871 18.3871
0.00000 0.00000 0.00000 0.00000 0.00000 0.00000 0.00000 0.00000 0.00000 0.00000 0.00000 0.00000 26.8712 26.8712 26.8712 26.8712 26.8712 26.8712 26.8712 26.8712 26.8712 26.8712 26.8712 26.8712 26.8712 26.8712 26.8712 26.8712 26.8712 27.0324 27.0917 27.0917 27.0917 27.0917 27.0917 27.0917 27.0917 27.0917 27.0917 27.0917 27.0917 27.0917 27.0917 27.0917 27.0917 27.0917 0.00000 0.00000 0.00000 0.00000 0.00000 0.00000 0.00000 0.00000 18.3871 18.3871 18.3871 18.3871 18.3871 18.3871 18.3871 18.3871 18.3871 18.3871 18.3871 18.3871 18.3871
0.00000 0.00000 0.00000 0.00000 0.00000 0.00000 0.00000 0.00000 0.00000 0.00000 0.00000 0.00000 26.8712 26.8712 26.8712 26.8712 26.8712 26.8712 26.8712 26.8712 26.8712 26.8712 26.8712 26.8712 26.8712 26.8712 26.8712 26.8712 26.8712 26.9697 27.0917 27.0917 27.0917 27.0917 27.0917 27.0917 27.0917 27.0917 27.0917 27.0917 27.0917 27.0917 27.0917 27.0917 27.0917 26.7520 20.4144 0.00000 0.00000 0.00000 0.00000 0.00000 0.00000 0.00000 18.3871 18.3871 18.3871 18.3871 18.3871 18.3871 18.3871 18.3871 18.3871 18.3871 18.3871 18.3871 18.3871
0.00000 0.00000 0.00000 0.00000 0.00000 0.00000 0.00000 0.00000 0.00000 0.00000 0.00000 0.00000 26.8712 26.8712 26.8712 26.8712 26.8712 26.8712 26.8712 26.8712 26.8712 26.8712 26.8712 26.8712 26.8712 26.8712 26.8712 26.8712 26.8712 26.9068 27.0917 27.0917 27.0917 27.0917 27.0917 27.0917 27.0917 27.0917 27.0917 27.0917 26.2868 24.0071 21.6968 19.3876 17.0773 15.0835 14.8221 0.00000 0.00000 0.00000 0.00000 0.00000 0.00000 0.00000 0.00000 18.3871 18.3871 18.3871 18.3871 18.3871 18.3871 18.3871 18.3871 18.3871 18.3871 18.1602 17.0757
0.00000 0.00000 0.00000 0.00000 0.00000 0.00000 0.00000 0.00000 0.00000 0.00000 0.00000 0.00000 0.00000 26.8712 26.8712 26.8712 26.8712 26.8712 26.8712 26.8712 26.8712 26.8712 26.8712 26.8712 26.8712 26.8712 26.8712 26.8712 26.8712 26.8713 27.0643 27.0917 27.0917 27.0917 27.0671 25.6009 23.2906 20.9802 18.6686 16.3595 14.8540 14.8221 14.8221 14.8221 14.8221 14.8221 14.8221 0.00000 0.00000 0.00000 0.00000 0.00000 0.00000 0.00000 0.00000 18.3871 18.3871 18.3871 18.3871 18.3871 18.3871 18.3276 17.4303 16.2630 15.0962 14.1562 14.0734
0.00000 0.00000 0.00000 0.00000 0.00000 0.00000 0.00000 0.00000 0.00000 0.00000 0.00000 0.00000 0.00000 26.8712 26.8712 26.8712 26.8712 26.8712 26.8712 26.8712 26.8712 26.8712 26.8712 26.8712 26.8712 26.8712 26.8712 26.8712 26.8712 26.9586 26.0150 22.5716 20.2624 17.9521 15.6663 14.8221 14.8221 14.8221 14.8221 14.8221 14.8221 14.8221 14.8221 14.8221 14.8221 14.8221 14.8221 0.00000 0.00000 0.00000 0.00000 0.00000 0.00000 0.00000 0.00000 18.3871 18.3871 18.3871 17.7845 16.6172 15.4507 14.3425 14.0734 14.0734 14.0734 14.0734 14.0734
0.00000 0.00000 0.00000 0.00000 0.00000 0.00000 0.00000 0.00000 0.00000 0.00000 0.00000 0.00000 0.00000 26.8712 26.8712 26.8712 26.8712 26.8712 26.8712 26.8712 26.8712 26.8712 26.8712 26.8712 27.0367 27.9127 28.8707 29.8277 30.7861 31.6557 26.5975 14.8221 14.8221 14.8221 14.8221 14.8221 14.8221 14.8221 14.8221 14.8221 14.8221 14.8221 14.8221 14.8221 14.8221 14.8221 14.8221 14.8221 0.00000 0.00000 0.00000 0.00000 0.00000 0.00000 0.00000 0.00000 15.8717 14.6372 14.0734 14.0734 14.0734 14.0734 14.0734 14.0734 14.0734 14.0734 14.0734
0.00000 0.00000 0.00000 0.00000 0.00000 0.00000 0.00000 0.00000 0.00000 0.00000 0.00000 0.00000 0.00000 0.00000 26.8712 26.8712 26.8712 26.8712 26.8712 27.1380 28.0653 29.0228 29.9808 30.9383 31.7303 31.8118 31.8118 31.8118 31.8118 31.8118 30.9963 15.2434 14.8221 14.8221 14.8221 14.8221 14.8221 14.8221 14.8221 14.8221 14.8221 14.8221 14.8221 14.8221 14.8221 14.8221 14.8221 14.8221 0.00000 0.00000 0.00000 0.00000 0.00000 0.00000 0.00000 0.00000 14.0734 14.0734 14.0734 14.0734 14.0734 14.0734 14.0734 14.0734 14.0734 14.0734 14.0734
0.00000 0.00000 0.00000 0.00000 0.00000 0.00000 0.00000 0.00000 0.00000 0.00000 0.00000 0.00000 0.00000 0.00000 26.7343 28.2180 29.1750 30.1330 31.0905 31.7812 31.8118 31.8118 31.8118 31.8118 31.8118 31.8118 31.8118 31.8118 31.8118 31.8118 31.8118 19.2492 14.8221 14.8221 14.8221 14.8221 14.8221 14.8221 14.8221 14.8221 14.8221 14.8221 14.8221 14.8221 14.8221 14.8221 14.8221 14.8221 0.00000 0.00000 0.00000 0.00000 0.00000 0.00000 0.00000 0.00000 14.0734 14.0734 14.0734 14.0734 14.0734 14.0734 14.0734 14.0734 14.0734 14.0734 14.0734
0.00000 0.00000 0.00000 0.00000 0.00000 0.00000 0.00000 0.00000 0.00000 14.1061 14.1061 14.1061 14.1061 14.1061 17.9759 31.8118 31.8118 31.8118 31.8118 31.8118 31.8118 31.8118 31.8118 31.8118 31.8118 31.8118 31.8118 31.8118 31.8118 31.8118 31.8118 24.0661 14.8221 14.8221 14.8221 14.8221 14.8221 14.8221 14.8221 14.8221 14.8221 14.8221 14.8221 14.8221 14.8221 14.8221 14.8221 14.8221 14.8221 0.00000 0.00000 0.00000 0.00000 0.00000 0.00000 0.00000 0.00000 14.0734 14.0734 14.0734 14.0734 14.0734 14.0734 14.0734 14.0734 14.0734 14.0734
0.00000 0.00000 0.00000 0.00000 14.1061 14.1061 14.1061 14.1061 14.1061 14.1061 14.1061 14.1061 14.1061 14.1061 14.2761 30.4272 31.8118 31.8118 31.8118 31.8118 31.8118 31.8118 31.8118 31.8118 31.8118 31.8118 31.8118 31.8118 31.8118 31.8118 31.8118 28.8882 14.8221 14.8221 14.8221 14.8221 14.8221 14.8221 14.8221 14.8221 14.8221 14.8221 14.8221 14.8221 14.8221 14.8221 14.8221 14.8221 14.8221 0.00000 0.00000 0.00000 0.00000 0.00000 0.00000 0.00000 0.00000 14.0734 14.0734 14.0734 14.0734 14.0734 14.0734 14.0734 14.0734 14.0734 14.0734
14.1061 14.1061 14.1061 14.1061 14.1061 14.1061 14.1061 14.1061 14.1061 14.1061 14.1061 14.1061 14.1061 14.1061 14.1061 25.5287 31.8118 31.8118 31.8118 31.8118 31.8118 31.8118 31.8118 31.8118 31.8118 31.8118 31.8118 31.8118 31.8118 31.8118 31.8118 31.7846 16.7469 14.8221 14.8221 14.8221 14.8221 14.8221 14.8221 14.8221 14.8221 14.8221 14.8221 14.8221 0.00000 0.00000 0.00000 0.00000 0.00000 0.00000 0.00000 0.00000 0.00000 0.00000 0.00000 0.00000 0.00000 14.0734 14.0734 14.0734 14.0734 14.0734 14.0734 14.0734 14.1262 14.4146 14.7310
14.1061 14.1061 14.1061 14.1061 14.1061 14.1061 14.1061 14.1061 14.1061 14.1061 14.1061 14.1061 14.1061 14.1061 14.1061 20.4554 31.8118 31.8118 31.8118 31.8118 31.8118 31.8118 31.8118 31.8118 31.8118 31.8118 31.8118 31.8118 31.8118 31.8118 31.8118 31.8118 21.6429 14.8221 14.8221 14.8221 14.8221 14.8221 0.00000 0.00000 0.00000 0.00000 0.00000 0.00000 0.00000 0.00000 0.00000 0.00000 0.00000 0.00000 0.00000 0.00000 0.00000 0.00000 0.00000 0.00000 0.00000 0.00000 14.0734 14.0734 14.0851 14.3176 14.6341 14.9507 15.2144 15.2425 15.2425
14.1061 14.1061 14.1061 14.1061 14.1061 14.1061 14.1061 14.1061 14.1061 14.1061 14.1061 14.1061 14.1061 14.1061 14.1061 15.5384 31.6542 31.8118 31.8118 31.8118 31.8118 31.8118 31.8118 31.8118 31.8118 31.8118 31.8118 31.6246 30.5481 29.3569 28.1656 26.9750 25.9731 0.00000 0.00000 0.00000 0.00000 0.00000 0.00000 0.00000 0.00000 0.00000 0.00000 0.00000 0.00000 0.00000 0.00000 0.00000 0.00000 0.00000 0.00000 0.00000 0.00000 0.00000 0.00000 0.00000 0.00000 0.00000 14.5078 14.8538 15.1585 15.2425 15.2425 15.2425 15.2425 15.2425 15.2425
