High_resolution/powerplant/Fengdu/OMI_NO2_200507.asc
ncols      200
nrows      200
xllcorner       105.978
yllcorner       28.1831
cellsize     0.0166667
NODATA_Value      -999.000
[rows 29 to 57 of 200, columns 66 to 131 of 200]
3.25816 3.15003 3.29998 3.29150 3.58520 3.60783 3.59806 3.58830 3.56747 3.47308 3.07607 2.48738 2.38792 2.25659 2.26604 2.60167 2.80372 2.80372 2.71079 2.65070 2.59671 2.59516 2.57482 2.54899 2.52314 2.49730 2.47195 2.46294 2.43638 2.39602 2.44785 2.71437 2.52930 2.42036 2.39750 2.44657 2.47435 2.47529 2.41685 2.13112 2.01098 2.01098 2.01098 2.01098 2.01098 2.01098 2.01098 2.02562 2.11990 2.11990 2.06260 2.05144 2.05144 2.05144 2.05151 2.28038 2.32003 2.32597 2.33192 2.38119 2.44293 2.36935 2.46159 2.62745 2.54661 2.46868
3.30704 3.04233 3.23528 3.32700 3.40247 3.26770 3.16819 3.06855 2.98022 2.96615 2.83426 2.18150 2.18150 2.17685 2.12913 2.53702 2.77033 2.77783 2.68462 2.59874 2.49331 2.46579 2.42713 2.38679 2.34643 2.30610 2.26574 2.22601 2.19384 2.14709 2.12024 2.38236 2.43465 2.36166 2.36166 2.42230 2.47529 2.47529 2.43831 2.24916 2.01098 2.01098 2.01098 2.01098 2.01098 2.01098 2.01098 2.01100 2.10709 2.12630 2.09731 2.06844 2.07556 2.08270 2.08982 2.23861 2.35502 2.35502 2.35571 2.39349 2.50071 2.50307 2.35123 2.39413 2.36674 2.36184
3.82439 3.42861 3.72608 3.82775 3.52297 2.96615 2.96615 2.96615 2.96615 2.96615 2.95854 2.23269 2.25903 2.32501 2.11533 2.29665 2.55051 2.58455 2.50239 2.39034 2.26821 2.21945 2.21223 2.21223 2.19777 2.15179 2.10476 2.05764 2.02900 2.02867 2.02867 2.23697 2.47221 2.36166 2.36166 2.39647 2.47367 2.47529 2.45979 2.35738 2.02072 2.01098 2.01155 2.02467 2.04298 2.06126 2.07957 2.09786 2.18482 2.23697 2.19565 2.09875 2.09875 2.09875 2.09922 2.16098 2.39425 2.41925 2.44559 2.45686 2.56933 2.57254 2.38021 2.39947 2.36886 2.36367
4.09160 3.60822 3.65490 3.82775 3.75529 2.97184 2.97187 3.00367 3.03593 3.06500 3.09041 2.63646 2.48228 2.48037 2.23561 2.10266 2.42232 2.41924 2.40298 2.30575 2.23844 2.15645 2.10944 2.06237 2.02977 2.02867 2.02867 2.02867 2.02867 2.02867 2.02867 2.12770 2.48209 2.37351 2.36166 2.37837 2.46836 2.49654 2.51429 2.44247 2.19397 2.10540 2.12314 2.12829 2.12829 2.12829 2.12829 2.12829 2.16958 2.23720 2.23090 2.11137 2.12200 2.13707 2.15317 2.15788 2.41321 2.45357 2.45357 2.45357 2.54665 2.57254 2.42533 2.39415 2.37095 2.34830
4.13472 3.81236 3.63909 3.81687 3.81053 3.22996 3.10755 3.10807 3.10616 3.10461 3.10446 2.76392 2.47674 2.47674 2.38831 1.96178 2.38987 2.36823 2.32084 2.17004 2.09387 2.02867 2.02867 2.02867 2.02867 2.02867 2.02867 2.02867 2.02867 2.02867 2.04505 2.12921 2.54065 2.58195 2.57571 2.62195 2.57483 2.59260 2.59260 2.52287 2.35322 2.12829 2.12829 2.12829 2.12829 2.12829 2.12897 2.13933 2.16734 2.29281 2.31491 2.18648 2.14273 2.13969 2.13668 2.13365 2.29701 2.43123 2.43027 2.42925 2.38330 2.32120 2.21411 2.00479 1.87230 1.75974
4.02283 3.88617 3.64574 3.78683 3.79374 3.43152 3.10446 3.10446 3.10446 3.10446 3.10446 2.89482 2.47674 2.47674 2.47632 2.01520 2.14647 2.23668 2.23568 2.15701 2.11594 2.02983 2.02867 2.02898 2.05396 2.09450 2.13504 2.17562 2.21613 2.25669 2.27981 2.27815 2.62832 2.77122 2.65166 2.65052 2.57548 2.56545 2.56172 2.53080 2.47833 2.14718 2.14451 2.15668 2.13163 2.08338 2.03263 2.01767 2.22437 2.34988 2.37510 2.28444 2.18620 2.18556 2.18495 2.18432 2.26014 2.55300 2.55794 2.52519 2.38899 2.19289 2.11533 1.79661 1.72599 1.69715
3.94089 3.90341 3.65417 3.74657 3.78866 3.60563 3.06693 3.05211 3.03699 3.02161 3.00600 2.91835 2.53680 2.54312 2.54926 2.21267 2.07588 2.27548 2.29029 2.25322 2.20510 2.19960 2.23599 2.27802 2.29234 2.28894 2.28546 2.28192 2.27844 2.27561 2.30520 2.35986 2.58761 3.01408 2.75466 2.75466 2.68375 2.59716 2.53213 2.47117 2.40700 2.10902 1.95721 1.89914 1.87581 1.86993 1.86413 1.86286 2.22994 2.38472 2.48419 2.43130 2.25344 2.25344 2.25344 2.25344 2.25344 2.42130 2.36842 2.33421 2.30770 2.13597 2.13597 1.87714 1.73333 1.70062
3.84330 3.74068 3.50374 3.44194 3.50302 3.47545 2.66735 2.61710 2.60897 2.60087 2.59278 2.58575 2.60461 2.63438 2.66410 2.50820 2.09053 2.41706 2.43469 2.39372 2.26790 2.27230 2.27648 2.27648 2.27910 2.31685 2.36878 2.42527 2.48696 2.55332 2.57678 2.59616 2.63797 2.75147 2.45363 2.36459 2.28316 2.22066 2.22645 2.22380 2.20944 2.07473 1.85579 1.85579 1.85579 1.85579 1.85579 1.85579 2.11283 2.32982 2.48419 2.48027 2.26623 2.25344 2.25344 2.25344 2.25344 2.29894 2.33421 2.35313 2.39914 2.26430 2.29421 2.16121 1.98486 1.96057
3.65001 3.63331 3.49800 3.33031 3.41976 3.41960 2.83864 2.62454 2.66246 2.70003 2.73798 2.77483 2.78577 2.78577 2.78577 2.76248 2.15078 2.34716 2.43502 2.43398 2.31816 2.36961 2.43386 2.49635 2.56160 2.60513 2.64589 2.68667 2.72745 2.76821 2.80906 2.84097 2.85884 2.57792 2.31027 2.26011 2.25958 2.21510 2.22273 2.22273 2.21154 2.17686 1.85796 1.85579 1.85579 1.85579 1.85579 1.85579 2.00328 2.28159 2.48419 2.48419 2.33380 2.31913 2.38123 2.44316 2.50530 2.56770 2.61607 2.64369 2.64388 2.50458 2.44563 2.35787 2.04323 1.99542
3.65252 3.62573 3.57458 3.29496 3.38435 3.38621 3.13222 2.78577 2.78577 2.78577 2.78577 2.78577 2.78577 2.78577 2.76935 2.67612 2.33831 2.43659 2.69977 2.80058 2.68564 2.68514 2.73583 2.77721 2.81720 2.83039 2.83039 2.83921 2.85709 2.87496 2.89279 2.90018 2.90018 2.72906 2.35752 2.26011 2.26011 2.22851 2.22273 2.22273 2.21447 2.20936 1.94446 1.85579 1.85579 1.85579 1.86631 1.88881 1.96310 2.35813 2.60874 2.68974 2.69638 2.66633 2.66633 2.66633 2.66633 2.66633 2.64702 2.64388 2.64388 2.54727 2.44563 2.43752 2.06851 2.02169
3.63087 3.60700 3.60504 3.32569 3.34822 3.38442 3.29768 2.78577 2.78577 2.76935 2.67612 2.57315 2.47319 2.39741 2.34322 2.36572 2.48411 2.70315 2.98508 3.02816 2.90761 2.81967 2.82706 2.83756 2.85534 2.87323 2.89111 2.90018 2.90018 2.90018 2.90018 2.90018 2.90018 2.85523 2.40633 2.26016 2.26011 2.24344 2.22273 2.22400 2.23370 2.24448 2.12079 1.94309 1.96565 1.98823 2.00034 2.00034 1.99895 2.32821 2.58773 2.72510 2.71572 2.66633 2.66633 2.66633 2.66633 2.66633 2.65383 2.64388 2.63678 2.55988 2.40381 2.38699 2.29420 2.31803
3.63098 3.61277 3.61602 3.43885 3.32828 3.27476 3.17487 2.57931 2.42985 2.37579 2.39850 2.43094 2.46042 2.46568 2.46568 2.46568 2.49202 2.73541 2.92090 3.03383 2.97722 2.86075 2.88310 2.90008 2.90018 2.90018 2.90018 2.90018 2.90018 2.90018 2.90018 2.90018 2.90018 2.89562 2.48655 2.23981 2.20341 2.19901 2.32166 2.33943 2.34080 2.32981 2.29043 1.99377 1.95841 1.92265 1.88927 1.85805 1.82992 2.00341 2.42037 2.72510 2.72503 2.67195 2.64443 2.61843 2.59473 2.57299 2.55394 2.54315 2.51694 2.48358 2.43040 2.41941 2.43339 2.46857
3.66919 3.58521 3.48350 3.28196 3.00720 3.02991 3.05924 2.70982 2.46568 2.46568 2.46568 2.46568 2.46568 2.46568 2.46568 2.46568 2.46568 2.67955 2.86170 3.09061 3.07016 2.88946 2.89098 2.90018 2.90018 2.90018 2.90018 2.89199 2.86962 2.84703 2.82442 2.80181 2.77921 2.76115 2.49945 2.19551 2.15121 2.15766 2.31644 2.30096 2.26520 2.21575 2.17725 1.90426 1.83605 1.83335 1.83042 1.83794 1.86096 1.96375 2.23443 2.55952 2.49553 2.40849 2.34781 2.30829 2.27096 2.23550 2.20169 2.22706 2.22193 2.21584 2.28636 2.31820 2.39103 2.62214
3.39196 3.33440 3.31006 3.29607 3.06863 3.06432 3.06432 2.87534 2.46568 2.46568 2.46568 2.46649 2.47136 2.48027 2.48922 2.49600 2.50244 2.63568 2.79957 3.08564 3.10600 2.96278 2.98876 2.93271 2.89998 2.88938 2.87895 2.87590 2.88515 2.89455 2.90378 2.91289 2.92184 2.93067 2.75148 2.35254 2.24340 2.21232 2.03397 1.99293 1.98819 1.98701 1.94150 1.80049 1.73759 1.76091 1.78422 1.79726 1.79477 1.80155 1.92785 2.05224 2.04355 2.03092 2.00828 2.04879 2.09963 2.13004 2.15960 2.23883 2.33475 2.38086 2.44595 2.48791 2.53021 2.85158
3.46313 3.29738 3.26843 3.26560 3.10399 3.05244 3.04335 3.00566 2.54253 2.52885 2.52389 2.51842 2.51003 2.52859 2.55069 2.55576 2.57306 2.64104 2.84583 3.04803 3.15389 3.20562 3.22310 3.06722 2.96151 2.96151 2.96151 2.96151 2.96151 2.96151 2.96151 2.96151 2.96151 2.96151 2.79471 2.33271 2.25362 2.26855 2.08882 1.95260 1.89075 1.80990 1.78944 1.78717 1.78688 1.78688 1.78688 1.78688 1.78688 1.78688 1.87705 2.03610 2.04355 2.04022 2.00841 2.18553 2.35162 2.35162 2.35162 2.37183 2.47334 2.47341 2.49107 2.48943 2.44969 2.66820
3.80092 3.52662 3.23470 3.13688 3.03185 2.92461 2.92412 2.92412 2.55878 2.45979 2.48597 2.51214 2.53828 2.57970 2.64883 2.66120 2.66120 2.66552 2.89558 3.00784 3.16646 3.19310 3.22310 3.13844 2.96151 2.96151 2.96151 2.96151 2.94399 2.90394 2.86379 2.82364 2.78352 2.74047 2.62474 2.33458 2.15987 2.07114 1.93732 1.79673 1.79925 1.79547 1.78688 1.78688 1.78688 1.78688 1.78688 1.78688 1.78688 1.78688 1.84716 1.98934 2.04355 2.04355 2.01452 2.10081 2.32030 2.27391 2.22744 2.18104 2.26176 2.24761 2.22562 2.27538 2.29663 2.52131
4.08562 3.63226 3.33497 3.08173 2.94438 2.69444 2.59887 2.50330 2.50508 2.60296 2.60296 2.60296 2.60296 2.60639 2.66081 2.66120 2.66120 2.65891 2.81315 2.93157 3.15492 3.18007 3.19702 3.13992 2.85859 2.81496 2.77486 2.73468 2.71205 2.71058 2.66443 2.59075 2.50833 2.41993 2.39567 2.18519 2.09972 2.05636 2.00697 1.77184 1.79925 1.79819 1.78691 1.78688 1.78688 1.78688 1.78688 1.78688 1.78688 1.78722 1.81938 1.95079 2.04981 2.05178 1.86632 1.67335 2.03508 2.04947 2.06618 2.08248 2.18645 2.32165 2.38453 2.48186 2.52249 2.62177
3.72394 3.30922 2.94788 2.56422 2.56166 2.38120 2.36719 2.36719 2.41722 2.60296 2.60296 2.60296 2.60076 2.58846 2.62423 2.62053 2.62346 2.63642 2.78607 3.09379 3.09243 2.93404 2.97245 2.97356 2.76971 2.71160 2.67099 2.59809 2.51658 2.42687 2.39567 2.39567 2.39567 2.39567 2.39567 2.24317 2.12997 2.05636 2.05544 1.76827 1.79925 1.79925 1.78856 1.78783 1.78948 1.79114 1.79279 1.79445 1.79611 1.79742 1.80172 1.91403 2.07275 2.09105 2.00026 1.75941 2.06878 2.21105 2.27764 2.33982 2.40071 2.48085 2.48094 2.51521 2.52327 2.57207
3.41387 3.24601 3.00385 2.56378 2.56378 2.43314 2.36719 2.36499 2.35520 2.55865 2.57812 2.58722 2.59925 2.62376 2.69536 2.75267 2.76323 2.76323 2.80069 3.24128 3.17410 2.91748 2.93431 2.88901 2.67280 2.43459 2.39567 2.39567 2.39567 2.39567 2.39567 2.39567 2.39567 2.39567 2.39567 2.31540 2.15586 2.04192 2.02515 1.77353 1.80587 1.80753 1.80123 1.79753 1.79753 1.79753 1.79709 1.79430 1.79117 1.78803 1.78491 1.86396 2.11349 2.24882 2.30992 2.09389 2.28354 2.38868 2.38499 2.38140 2.37812 2.45066 2.46412 2.48675 2.52259 2.56269
3.41387 3.35848 3.06025 2.60267 2.48972 2.38410 2.35275 2.35629 2.37211 2.58302 2.69043 2.69043 2.69043 2.69043 2.72147 2.76323 2.76323 2.76323 2.76323 3.12798 3.24370 2.71779 2.69248 2.72266 2.64582 2.39567 2.39567 2.39567 2.39567 2.39567 2.39073 2.36774 2.34309 2.31845 2.29380 2.26430 2.04635 1.96812 1.95393 1.76313 1.79512 1.80798 1.79799 1.79153 1.78897 1.78641 1.78429 1.78452 1.80900 1.89974 1.98672 2.10959 2.32941 2.44720 2.44576 2.22781 2.25731 2.43941 2.46567 2.49184 2.51767 2.58000 2.63983 2.67354 2.70150 2.68682
3.20490 3.12323 2.74498 2.30263 2.11485 2.14147 2.39540 2.39572 2.39572 2.50983 2.69043 2.69043 2.69043 2.69043 2.70628 2.76323 2.76323 2.76323 2.76323 2.97672 3.23009 2.78040 2.64472 2.67964 2.64076 2.30791 2.25330 2.21104 2.16914 2.12701 2.08996 2.07084 2.05343 2.03616 2.01861 2.00133 1.86338 1.78804 1.75033 1.67914 1.72477 1.79475 1.81071 1.86714 1.86291 1.87836 2.04210 2.11719 2.17883 2.18661 2.19320 2.23808 2.42768 2.69075 2.71800 2.59372 2.45831 2.64369 2.63889 2.61813 2.59652 2.58488 2.59374 2.56019 2.55761 2.53626
2.86946 2.85859 2.66481 2.31566 2.02660 2.01788 2.21453 2.25268 2.24181 2.26436 2.51452 2.50466 2.49456 2.48444 2.47581 2.49273 2.48290 2.47277 2.43932 2.43009 2.62845 2.34290 2.06285 1.96857 1.92049 1.84898 1.81923 1.81923 1.81923 1.81923 1.81923 1.81923 1.81923 1.81923 1.81923 1.81923 1.74517 1.67845 1.64322 1.62476 1.65316 1.78472 1.77950 1.84276 1.84767 1.86429 2.22973 2.25630 2.24427 2.23251 2.22106 2.21146 2.33787 2.60866 2.62281 2.55088 2.33012 2.38819 2.38460 2.38377 2.38377 2.38377 2.40210 2.40622 2.43939 2.44344
2.61094 2.59559 2.50551 2.22596 1.90698 1.90760 2.02490 2.13819 2.13897 2.13974 2.38713 2.43519 2.41094 2.34727 2.28324 2.23619 2.17605 2.11207 2.07153 2.07309 2.29675 2.25626 1.96015 1.91945 1.91491 1.87485 1.81923 1.81923 1.81923 1.81923 1.81923 1.82884 1.86848 1.91028 1.95211 1.99397 2.00832 1.63072 1.59361 1.59537 1.55321 1.75611 1.75074 1.79969 1.81040 1.80445 2.02824 2.14267 2.14267 2.14267 2.14267 2.14267 2.23540 2.46989 2.57340 2.57007 2.32954 2.35580 2.38377 2.38918 2.40413 2.41927 2.44273 2.46468 2.50331 2.52816
2.46737 2.46737 2.46189 2.24223 1.92260 1.91066 1.95167 2.06224 2.00047 1.93878 2.03332 2.09013 2.05077 2.05023 2.05023 2.06251 2.07084 2.07084 2.07084 2.07084 2.21578 2.32058 1.99741 1.92950 1.91491 1.91710 1.87694 1.91880 1.96065 2.00248 2.04428 2.07653 2.07871 2.07871 2.07871 2.07871 2.07871 1.72750 1.59540 1.59540 1.52574 1.69860 1.72900 1.76566 1.79645 1.79645 1.91416 2.14267 2.14267 2.14267 2.14267 2.14267 2.19589 2.35244 2.50178 2.46328 2.38413 2.41480 2.47438 2.48411 2.48246 2.47381 2.46653 2.45325 2.41240 2.37171
2.45583 2.39879 2.33703 2.13898 1.78689 1.65830 1.62890 1.77453 1.77992 1.77992 1.85768 2.05023 2.05023 2.05023 2.05023 2.05268 2.03646 2.00481 1.97335 1.94564 2.04282 2.29708 2.17399 2.13128 2.14850 2.17406 2.09069 2.07871 2.07871 2.07871 2.07871 2.07871 2.07871 2.07871 2.07871 2.07871 2.07871 1.85413 1.59540 1.59540 1.54401 1.63774 1.72900 1.75087 1.79645 1.79645 1.79466 2.07231 2.04239 1.99838 1.95435 1.91026 1.88854 2.02651 2.32274 2.32050 2.34750 2.39925 2.45086 2.42148 2.35608 2.29294 2.22599 2.22092 2.23950 2.27077
2.11146 2.10681 2.10681 2.03954 1.77565 1.62221 1.62221 1.73171 1.77992 1.77992 1.78577 2.00861 1.98477 1.95714 1.93392 1.92109 1.94098 1.94744 1.95346 1.95634 1.97682 2.26828 2.25518 2.20912 2.17439 2.17439 2.11668 2.07871 2.07871 2.07871 2.07871 2.07871 2.07871 2.07871 2.07871 2.07871 2.07871 1.99432 1.59852 1.59567 1.58014 1.57867 1.59051 1.54620 1.55521 1.50387 1.46796 1.74309 1.86003 1.86023 1.86193 1.86393 1.86593 1.98819 2.22878 2.25203 2.20256 2.21493 2.21721 2.17910 2.17801 2.17687 2.17567 2.20008 2.22668 2.26368
2.10681 2.10681 2.10681 2.08968 1.85058 1.61821 1.59552 1.64487 1.71061 1.69780 1.69040 1.87096 1.93697 1.93986 1.93986 1.94009 1.95567 1.95634 1.95634 1.95634 1.95634 2.19012 2.26871 2.21887 2.17543 2.17439 2.14268 2.07871 2.07871 2.07871 2.07871 2.07871 2.07871 2.08103 2.10806 2.14185 2.17566 2.20520 1.79220 1.75380 1.75118 1.62805 1.40218 1.39926 1.45967 1.46969 1.47201 1.62507 1.86480 1.86380 1.86129 1.82462 1.73266 1.72442 1.87720 1.97261 1.96798 2.05199 2.11440 2.12756 2.10772 2.09072 2.07607 2.07122 2.11401 2.10022
2.10681 2.12371 2.16747 2.21164 1.99129 1.65437 1.68642 1.70614 1.72361 1.72361 1.72361 1.82393 1.93986 1.93986 1.93986 1.93986 1.95249 1.95634 1.95634 1.95634 1.95634 2.09406 2.27202 2.23133 2.18399 2.17439 2.16767 2.08581 2.11587 2.14977 2.18323 2.20979 2.23406 2.25596 2.25307 2.24348 2.23390 2.22432 1.89206 1.69827 1.69337 1.66247 1.47095 1.41917 1.48945 1.52690 1.52861 1.56137 1.81344 1.74076 1.66094 1.63626 1.67970 1.73862 1.84926 1.98809 1.97617 2.02576 2.08812 2.13052 2.13471 2.13690 2.13669 2.13147 2.16625 2.16119
2.33602 2.36327 2.36315 2.36232 2.17706 1.74823 1.69903 1.69848 1.71728 1.71857 1.71790 1.75815 1.93282 1.93215 1.93149 1.93128 1.94971 1.96713 1.97210 1.97706 1.98204 2.03832 2.29357 2.25283 2.10629 1.98662 1.95653 2.11500 2.15701 2.14730 2.13804 2.13566 2.13566 2.13566 2.13566 2.13566 2.13566 2.13566 1.96716 1.65582 1.65608 1.72481 1.63028 1.54754 1.63712 1.73446 1.77041 1.80109 1.82126 1.84035 1.85801 1.86432 1.86998 1.87980 1.91520 1.96937 1.99496 2.04095 2.11545 2.07181 2.06450 2.05715 2.05004 2.04794 2.06921 2.09010
