High_resolution/powerplant/Fengdu/OMI_NO2_200502.asc
ncols      200
nrows      200
xllcorner       105.978
yllcorner       28.1831
cellsize     0.0166667
NODATA_Value      -999.000
[rows 60 to 89 of 200, columns 132 to 197 of 200]
3.24004 3.26953 3.30013 3.33195 3.35994 3.40323 3.43452 3.44082 3.44082 3.44082 3.44082 3.44082 3.44082 3.42935 3.31077 3.17008 3.09061 3.06614 3.14251 3.06649 2.93409 2.54947 2.54939 2.54939 2.54939 2.45286 1.12748 1.10942 1.10942 1.40655 1.51682 1.51682 1.51682 1.51682 1.64504 1.77741 1.77741 1.77741 1.77741 1.77741 1.77741 1.77741 1.77738 1.77673 1.77581 1.77488 1.78069 1.83776 1.76898 1.43713 1.10848 1.10848 1.10848 1.11849 1.16173 1.21392 1.27461 1.34612 1.43170 1.53569 1.66519 1.74451 1.74451 1.74451 1.74451 1.74451
3.43910 3.43910 3.43910 3.43910 3.43141 3.44082 3.44082 3.44082 3.44082 3.44012 3.35423 3.20930 3.10610 3.05554 3.11201 3.19065 3.20806 3.20573 3.20549 3.12394 2.99150 2.62837 2.54939 2.54939 2.54939 2.54939 1.56951 1.10942 1.10942 1.32045 1.51682 1.51682 1.51682 1.51682 1.57795 1.77741 1.77741 1.77741 1.77741 1.77692 1.77599 1.77506 1.77415 1.77388 1.77388 1.77362 1.76681 1.80697 1.78486 1.51016 1.40353 1.50254 1.62353 1.73667 1.74451 1.74451 1.74451 1.74451 1.74451 1.74451 1.74451 1.74451 1.74451 1.74451 1.74451 1.74451
3.43910 3.43910 3.43910 3.43910 3.43233 3.44082 3.39355 3.24884 3.12268 3.05766 3.08149 3.16437 3.20549 3.20549 3.20549 3.20549 3.20549 3.20549 3.20549 3.18508 2.98197 2.77694 2.54939 2.54939 2.54939 2.54939 2.06164 1.10942 1.10942 1.21657 1.51682 1.51682 1.51682 1.51682 1.52245 1.76544 1.77617 1.77524 1.77239 1.76286 1.75312 1.74336 1.73363 1.72388 1.71414 1.70463 1.70172 1.73094 1.76548 1.51520 1.66121 1.74451 1.74451 1.74451 1.74451 1.74451 1.74451 1.74451 1.74451 1.74451 1.74451 1.74451 1.74451 1.74451 1.74451 1.55734
3.43624 3.41225 3.36610 3.21131 3.04459 3.05908 3.05520 3.13774 3.20189 3.20549 3.20549 3.20549 3.20549 3.20549 3.20549 3.20549 3.20549 3.20549 3.20549 3.20549 3.01627 2.92553 2.54939 2.54939 2.54939 2.54939 2.43750 1.11976 1.10942 1.11791 1.50385 1.53255 1.57504 1.62221 1.67462 1.73861 1.71995 1.71018 1.70238 1.70172 1.70172 1.70172 1.70172 1.70172 1.70172 1.70172 1.70172 1.71037 1.76593 1.59315 1.58379 1.74451 1.74451 1.74451 1.74451 1.74451 1.74451 1.74451 1.74451 1.74451 1.74451 1.59045 1.21901 0.845701 0.472533 0.286824
3.04295 2.94521 2.90375 2.97104 3.04952 3.15825 3.20549 3.20549 3.20549 3.20549 3.20549 3.20549 3.20549 3.20549 3.20549 3.20549 3.20549 3.20549 3.20549 3.20549 3.07170 2.99920 2.61886 2.54939 2.59687 2.69435 2.80214 1.78889 1.31748 1.39065 1.82717 1.94115 1.94164 1.94164 1.94164 1.80662 1.70172 1.70172 1.69736 1.68280 1.66717 1.65077 1.63354 1.61542 1.59630 1.57613 1.55486 1.53235 1.57671 1.52636 1.52955 1.74451 1.74451 1.74451 1.74451 1.74451 1.74451 1.62046 1.25371 0.880539 0.507518 0.288282 0.286824 0.286824 0.286824 0.286824
3.03034 3.06455 3.06455 3.06455 3.06455 3.12027 3.20549 3.20549 3.20549 3.20549 3.20549 3.20549 3.20549 3.20549 3.20549 3.20549 3.20549 3.19736 3.18192 3.16643 3.17985 3.54510 3.52639 3.40426 3.49476 3.48764 3.12400 2.23789 1.55165 1.55165 1.72844 1.79765 1.77138 1.74239 1.71023 1.60796 1.43949 1.40968 1.38752 1.38676 1.38676 1.38676 1.38676 1.38676 1.38676 1.38676 1.38676 1.38676 1.43407 1.48320 1.49121 1.73790 1.74451 1.64728 1.28865 0.915524 0.542211 0.293384 0.286824 0.286824 0.286824 0.286824 0.286824 0.286824 0.286824 0.286824
3.04488 3.06455 3.06455 3.06455 3.06455 3.08229 3.20544 3.20549 3.20549 3.20549 3.19913 3.18374 3.16827 3.15282 3.13737 3.12191 3.10644 3.09912 3.09912 3.09912 3.12438 3.82583 3.82544 2.72228 2.14860 1.58081 1.36959 1.38217 1.55099 1.55165 1.55165 1.55165 1.55165 1.55165 1.55165 1.54806 1.39226 1.38676 1.38676 1.38676 1.38676 1.38676 1.38676 1.38676 1.38676 1.38676 1.38676 1.38676 1.40311 1.44639 1.27263 0.997040 0.577341 0.301109 0.286824 0.286824 0.286824 0.286824 0.286824 0.286824 0.286824 0.286824 0.286824 0.286824 0.307464 0.508238
2.86303 3.06455 3.06455 3.06893 3.08649 3.10489 3.15623 3.13920 3.12374 3.10828 3.09919 3.09912 3.09912 3.09912 3.09912 3.09912 3.09823 3.09435 3.04836 2.78772 2.49721 2.42887 2.03372 1.45823 1.36959 1.36959 1.36959 1.36959 1.49121 1.55165 1.55165 1.55165 1.55165 1.55165 1.55165 1.55165 1.41714 1.38676 1.38676 1.38676 1.38676 1.38676 1.38676 1.38676 1.38676 1.39122 1.43004 1.47602 1.52204 0.889616 0.754353 0.582395 0.286824 0.286824 0.286824 0.286824 0.287683 0.438015 0.653212 0.826546 0.969050 1.08853 1.18993 1.27713 1.34761 1.36104
2.69429 3.15375 3.17218 3.18621 3.18710 3.18710 3.13589 3.09912 3.09912 3.09912 3.09912 3.09912 3.09887 3.09561 3.08347 2.87600 2.56444 2.22535 1.90049 1.80984 1.75612 1.86560 2.02750 1.67228 1.36959 1.36959 1.36959 1.36959 1.42625 1.55165 1.55165 1.55165 1.55165 1.55165 1.55165 1.55165 1.45228 1.38676 1.38676 1.38676 1.38676 1.38811 1.42098 1.46700 1.51295 1.55449 1.56168 1.56168 1.56168 1.13534 0.713588 0.676345 0.928747 1.05452 1.16098 1.25207 1.33083 1.36104 1.36104 1.36104 1.36104 1.36104 1.36104 1.36104 1.36104 1.36104
2.49177 3.16930 3.18710 3.18710 3.18710 3.18710 3.15799 3.09912 3.09912 3.10076 3.10788 2.97493 2.64106 2.27417 1.87777 1.74735 1.74735 1.74735 1.74735 1.74735 1.74735 1.80137 2.02750 1.88756 1.36959 1.36959 1.36959 1.36959 1.38419 1.55154 1.55165 1.55165 1.55165 1.55165 1.55165 1.55165 1.50284 1.38682 1.41193 1.45792 1.50391 1.54872 1.57658 1.60333 1.63453 1.67123 1.71517 1.76849 1.83490 1.56865 0.286824 0.384443 1.35068 1.36104 1.36104 1.36104 1.36104 1.36104 1.36104 1.36104 1.36104 1.36104 1.36104 1.36104 1.36104 1.36104
2.43968 2.99964 3.18710 3.18183 3.12892 3.06328 2.99036 3.05941 2.73314 2.34425 1.96171 1.74806 1.74735 1.74735 1.74735 1.74735 1.74735 1.74735 1.74735 1.74735 1.74735 1.75391 2.01503 2.02517 1.44723 1.36959 1.36959 1.36959 1.36959 1.49657 1.55165 1.55165 1.55165 1.55165 1.58492 1.67584 1.76579 1.63075 1.68918 1.73681 1.79528 1.86813 1.90148 1.90148 1.90148 1.90148 1.90148 1.90148 1.90148 1.89663 0.480686 0.286824 1.22398 1.36104 1.36104 1.36104 1.36104 1.36104 1.36104 1.36104 1.36104 1.36104 1.36104 1.36182 1.41438 1.49783
2.23489 2.49846 2.90069 2.82108 2.58159 2.29176 2.00498 1.76490 1.74735 1.74735 1.74735 1.74735 1.74735 1.74735 1.74735 1.74735 1.74735 1.74735 1.74735 1.74735 1.74735 1.74735 1.93272 2.02750 1.66011 1.36959 1.36959 1.36959 1.36959 1.42951 1.57127 1.65779 1.74972 1.84173 1.90046 1.90148 1.90148 1.90148 1.90148 1.90148 1.90148 1.90148 1.90148 1.90148 1.90148 1.90148 1.90148 1.90148 1.90148 1.90148 0.994870 0.286824 1.02060 1.36104 1.36104 1.36104 1.36104 1.36104 1.36104 1.36114 1.40684 1.49026 1.57378 1.65638 1.68727 1.68727
1.95427 2.00864 2.09784 1.82099 1.75822 1.75822 1.75822 1.74297 1.74735 1.74735 1.74735 1.74735 1.74735 1.74735 1.74735 1.74735 1.74735 1.74735 1.74735 1.74735 1.74448 1.73123 1.83606 2.02750 1.87544 1.36959 1.37440 1.41358 1.46277 1.58319 1.89595 1.90148 1.90148 1.90148 1.90148 1.90148 1.90148 1.90148 1.90148 1.90148 1.90148 1.90148 1.90148 1.90148 1.90148 1.90148 1.90148 1.90148 1.90148 1.90148 1.51404 0.286824 0.735547 1.36104 1.36104 1.36104 1.39937 1.48276 1.56624 1.64959 1.68727 1.68727 1.68727 1.68727 1.68727 1.68727
1.94845 1.94845 1.80526 1.75822 1.75822 1.75822 1.75822 1.74383 1.74735 1.74735 1.74735 1.74735 1.74735 1.74555 1.73310 1.71895 1.70476 1.69060 1.67642 1.66225 1.65095 1.65003 1.70823 1.85869 1.61282 1.48558 1.63548 1.73961 1.86989 1.90148 1.90148 1.90148 1.90148 1.90148 1.90148 1.90148 1.90148 1.90148 1.90148 1.90148 1.90148 1.90148 1.90148 1.90148 1.90148 1.90148 1.90148 1.90148 1.90148 1.90148 1.88566 0.434565 0.423420 1.46187 1.55867 1.64225 1.68721 1.68727 1.68727 1.68727 1.68727 1.68727 1.68727 1.68727 1.68727 1.68727
1.94845 1.94845 1.86591 1.75822 1.75822 1.75822 1.76016 1.78356 1.71848 1.70664 1.69248 1.67830 1.66413 1.65176 1.65003 1.65003 1.65003 1.65003 1.65003 1.58475 1.42442 1.26553 1.09546 1.09970 1.08794 1.55495 1.90148 1.90148 1.90148 1.90148 1.90148 1.90148 1.90148 1.90148 1.90148 1.90148 1.90148 1.90148 1.90148 1.90148 1.90148 1.90148 1.90148 1.90148 1.90148 1.90148 1.90148 1.90148 1.86164 1.70518 1.54113 1.05996 0.937919 1.58246 1.68727 1.68727 1.68727 1.68727 1.68727 1.68727 1.67960 1.63201 1.57168 1.50156 1.41904 1.32053
1.97150 2.02026 2.05177 1.88984 1.92184 1.95841 1.99307 2.00138 1.74099 1.65003 1.65003 1.65003 1.65003 1.65003 1.65003 1.62079 1.47245 1.31273 1.14636 1.02451 1.00329 0.986715 0.986253 1.03595 1.07742 1.28727 1.90148 1.90148 1.90148 1.90148 1.90148 1.90148 1.90148 1.90148 1.90148 1.90148 1.90148 1.90148 1.90148 1.90148 1.90148 1.90148 1.90148 1.90148 1.88069 1.73702 1.57293 1.40885 1.28466 1.27710 1.27710 1.18387 0.942812 1.41973 1.59146 1.52464 1.44638 1.35334 1.24097 1.10255 0.958050 0.939290 0.939290 0.939290 0.939290 0.939290
2.27267 2.27267 2.27267 2.06675 2.00138 2.00138 2.00138 2.00138 1.83257 1.65003 1.65003 1.64257 1.52049 1.35962 1.19889 1.04389 1.00986 0.989393 0.986253 0.986253 0.986253 0.986253 0.986253 1.01237 1.07742 1.08814 1.83274 1.90148 1.90148 1.90148 1.90148 1.90148 1.90148 1.90148 1.90148 1.90148 1.90148 1.90148 1.90148 1.90148 1.89367 1.76880 1.60471 1.44063 1.29740 1.29783 1.37944 1.44876 1.50505 1.55154 1.59072 1.62033 1.49121 1.41430 0.939290 0.939290 0.939290 0.939290 0.939290 0.939290 0.939290 0.939290 0.939290 0.939290 0.939290 0.939290
2.27267 2.27267 2.27267 2.15304 2.00138 2.00138 1.99934 1.96437 1.76663 1.40421 1.24850 1.07851 1.01600 0.994254 0.986253 0.986253 0.986253 0.986253 0.986253 0.986253 0.986253 0.986253 0.986253 0.995540 1.07742 1.07742 1.57581 1.90148 1.90148 1.90148 1.90148 1.90148 1.90148 1.90148 1.90148 1.90148 1.90035 1.80064 1.55948 1.57204 1.50321 1.52592 1.56908 1.60557 1.63685 1.65866 1.66032 1.66032 1.66032 1.66032 1.66032 1.66032 1.55339 1.48369 0.977661 0.939290 0.939290 0.939290 0.939290 0.939290 0.939290 0.939290 0.939290 0.939290 0.939290 0.939290
2.27267 2.25332 2.19329 2.11188 1.82320 1.65777 1.49698 1.37499 1.31159 0.972939 0.986344 0.986253 0.986253 0.986253 0.986253 0.986253 0.986253 0.986253 0.986253 0.986253 0.986253 0.986253 0.986253 0.986514 1.06373 1.07742 1.30798 1.90148 1.90148 1.90148 1.89935 1.78267 1.63452 1.46573 1.26613 1.10028 0.961002 0.892869 0.879227 1.55484 1.66032 1.66032 1.66032 1.66032 1.66032 1.66032 1.66032 1.66032 1.66032 1.66032 1.66032 1.66032 1.60765 1.49141 1.16826 0.939290 0.939290 0.939290 0.939290 0.939290 0.939290 0.939290 0.933482 0.797085 0.606710 0.416334
1.96534 1.79029 1.62785 1.46668 1.32828 1.32779 1.33795 1.33893 1.33893 1.05459 0.986253 0.986253 0.986253 0.986253 0.986253 0.986253 0.986253 0.986253 0.986253 0.986253 0.986253 0.986253 0.986253 0.984621 0.984959 0.958703 0.922930 1.37406 1.33173 1.24185 1.10662 1.00875 0.926711 0.879477 0.879227 0.879227 0.879227 0.879227 0.879227 1.35361 1.66032 1.66032 1.66032 1.66032 1.66032 1.66032 1.66032 1.66032 1.66032 1.66032 1.66032 1.66032 1.65431 1.49898 1.31476 0.939290 0.939290 0.939290 0.936907 0.813986 0.623461 0.433235 0.248741 0.194763 0.194763 0.194763
1.36704 1.33893 1.33893 1.33893 1.33893 1.33893 1.33893 1.33893 1.33893 1.14255 0.986253 0.986253 0.986253 0.986253 0.986253 0.986253 0.985949 0.952553 0.897296 0.842002 0.786670 0.731413 0.676043 0.622419 0.676649 0.763077 0.640075 0.828195 0.942632 0.882286 0.879227 0.879227 0.879227 0.879227 0.879227 0.879227 0.879227 0.879227 0.879227 1.15242 1.66032 1.66032 1.66032 1.66032 1.66032 1.66032 1.66032 1.66032 1.66032 1.66032 1.66032 1.66032 1.66032 1.54721 1.41892 0.830887 0.640362 0.450061 0.262143 0.194763 0.194763 0.194763 0.194763 0.194763 0.194763 0.194763
1.33913 1.33893 1.33893 1.33893 1.33893 1.33893 1.33893 1.33893 1.33893 1.23563 0.936747 0.904886 0.849592 0.794260 0.739004 0.683633 0.628718 0.606745 0.606745 0.606745 0.606745 0.604535 0.510469 0.368230 0.251064 0.272598 0.253290 0.444493 0.879227 0.879227 0.879227 0.879227 0.879227 0.879227 0.879227 0.879227 0.879227 0.879227 0.879227 0.953251 1.65831 1.66032 1.66032 1.66032 1.66032 1.66032 1.66032 1.66032 1.66032 1.66032 1.66032 1.68254 1.74765 1.58588 1.15060 0.271832 0.194763 0.194763 0.194763 0.194763 0.194763 0.194763 0.194763 0.194763 0.194763 0.194763
1.35800 1.33893 1.33893 1.31408 1.20050 1.07907 0.957631 0.836198 0.714763 0.592904 0.552418 0.606745 0.606745 0.606745 0.606745 0.606745 0.606745 0.606745 0.552399 0.411248 0.268939 0.128945 0.0806492 0.0806492 0.0807183 0.233636 0.253290 0.273144 0.847617 0.879227 0.879227 0.879227 0.879227 0.879227 0.879227 0.879227 0.879227 0.879227 0.879227 0.879227 1.53115 1.66032 1.66032 1.66032 1.66032 1.66032 1.66032 1.67393 1.73358 1.81818 1.94137 2.04277 2.04353 1.94483 1.13142 0.594200 0.194763 0.194763 0.194763 0.194763 0.194763 0.194763 0.194763 0.194763 0.194763 0.194763
0.832792 0.754837 0.633565 0.537227 0.529374 0.529374 0.529374 0.529374 0.529374 0.529374 0.531455 0.606745 0.606745 0.606745 0.583492 0.454335 0.311974 0.169770 0.0817541 0.0806492 0.0806492 0.0806492 0.0806492 0.0806492 0.0806492 0.189001 0.253290 0.253290 0.664375 0.879227 0.879227 0.879227 0.879227 0.879227 0.879227 0.879227 0.879227 0.879227 0.879227 0.879227 1.32987 1.66032 1.66032 1.66756 1.72036 1.79966 1.91367 2.03587 2.04230 1.98187 1.88940 1.79680 1.70419 1.61166 0.968655 0.623183 0.194763 0.194763 0.194763 0.194763 0.194763 0.194763 0.194763 0.194763 0.194763 0.194763
0.308664 0.529155 0.529374 0.529374 0.529374 0.529374 0.529374 0.529374 0.529374 0.530078 0.528687 0.497370 0.355061 0.212761 0.0936964 0.0806492 0.0806492 0.0806492 0.0806492 0.0806492 0.0806492 0.0806492 0.0806492 0.0806492 0.0806492 0.144285 0.253290 0.253290 0.461145 0.879227 0.879227 0.879227 0.879227 0.879227 0.879227 0.879227 0.879227 0.879227 0.879227 0.876180 1.11030 1.77222 1.80873 1.83526 1.75866 1.66619 1.57359 1.48105 1.38975 1.35758 1.35758 1.35758 1.35758 1.35758 1.02988 0.705302 0.194763 0.194763 0.194763 0.194763 0.194763 0.194763 0.194763 0.194763 0.194763 0.194763
0.255351 0.492068 0.529374 0.529374 0.535675 0.559963 0.588498 0.566335 0.472408 0.361264 0.215036 0.0806492 0.0806492 0.0806492 0.0806492 0.0806492 0.0806492 0.0806492 0.0806492 0.0806492 0.0806492 0.0806492 0.0806492 0.0806492 0.0806492 0.0996897 0.253152 0.253290 0.281269 0.856255 0.879227 0.879227 0.879227 0.879227 0.892312 0.940621 0.965234 0.977835 0.995510 1.02561 1.14141 1.36466 1.35758 1.35758 1.35758 1.35758 1.35758 1.35758 1.35758 1.35758 1.35758 1.35758 1.35758 1.35758 1.26629 0.774758 0.252451 0.194763 0.194763 0.194763 0.194763 0.194763 0.194763 0.194763 0.194763 0.194763
0.274446 0.479768 0.639497 0.651526 0.550613 0.409682 0.267373 0.191562 0.191457 0.191457 0.191457 0.0951429 0.0806492 0.0806492 0.0806492 0.0806492 0.0806492 0.0806492 0.0806492 0.0806492 0.0806492 0.0806492 0.0806492 0.0806492 0.0806492 0.0806492 0.227497 0.271037 0.321135 0.799682 1.04861 1.09939 1.14207 1.18294 1.22034 1.21058 1.20426 1.20426 1.20426 1.20426 1.20426 1.32819 1.35758 1.35758 1.35758 1.35758 1.35758 1.35758 1.35758 1.35758 1.35758 1.35758 1.35758 1.35758 1.35758 0.857376 0.455613 0.194763 0.194763 0.194763 0.194763 0.194763 0.194763 0.194763 0.194763 0.194763
0.357685 0.402691 0.310398 0.199507 0.191457 0.191457 0.191457 0.191457 0.191457 0.191457 0.191457 0.124042 0.0806492 0.0806492 0.0806492 0.0806492 0.0806492 0.0806492 0.0806492 0.0806492 0.0788062 0.0725165 0.0660121 0.0595300 0.0530345 0.0465435 0.361990 0.614060 0.677254 1.01690 1.22525 1.21333 1.20428 1.20426 1.20426 1.20426 1.20426 1.20426 1.20426 1.20426 1.20426 1.28911 1.35758 1.35758 1.35758 1.35758 1.35758 1.35758 1.35758 1.35758 1.35758 1.35758 1.35758 1.35758 1.35758 1.00453 0.603973 0.194763 0.194763 0.194763 0.194763 0.194763 0.00000 0.00000 0.00000 0.00000
0.357685 0.357685 0.207827 0.191457 0.191457 0.191457 0.191457 0.191457 0.191457 0.191457 0.191457 0.152918 0.0806492 0.0793027 0.0732278 0.0667278 0.0602368 0.0537458 0.0472459 0.0407683 0.0361069 0.0359146 0.0359146 0.0359146 0.0578882 0.256001 0.685926 1.30757 1.48143 1.48138 1.21827 1.20426 1.20426 1.20426 1.20426 1.20426 1.20426 1.20426 1.20426 1.20426 1.20426 1.25003 1.35758 1.35758 1.35758 1.35758 1.35758 1.35758 1.35758 1.35758 1.35758 1.35758 1.35758 1.35882 1.40072 1.36487 1.04150 0.194763 0.00000 0.00000 0.00000 0.00000 0.00000 0.00000 0.00000 0.00000
0.357685 0.357685 0.248189 0.191457 0.191457 0.191457 0.190681 0.180063 0.164565 0.146132 0.123759 0.0875727 0.0414614 0.0363216 0.0359146 0.0359146 0.0359146 0.0359146 0.0359146 0.0359146 0.0381032 0.186053 0.422422 0.658792 0.873142 0.911357 0.958775 1.48711 1.49019 1.49019 1.33275 1.20426 1.20426 1.20426 1.20426 1.20426 1.20426 1.20426 1.20426 1.20426 1.20426 1.21305 1.35550 1.35758 1.35758 1.35758 1.35758 1.35758 1.35758 1.35758 1.38965 1.43715 1.46954 1.49267 1.49916 1.49916 1.40570 1.35758 0.00000 0.00000 0.00000 0.00000 0.00000 0.00000 0.00000 0.00000
