High_resolution/powerplant/Fengdu/OMI_NO2_200511.asc
ncols      200
nrows      200
xllcorner       105.978
yllcorner       28.1831
cellsize     0.0166667
NODATA_Value      -999.000
[rows 58 to 86 of 200, columns 0 to 64 of 200]
0.00000 0.00000 0.00000 0.00000 0.00000 0.00000 3.84444 3.84444 3.84444 3.84444 3.84444 3.84444 3.84444 3.84444 3.84444 3.84444 3.84444 3.84444 3.84444 3.84444 3.84444 3.84444 3.84444 3.84444 3.84444 3.84444 3.84444 3.84444 3.84444 3.84444 3.84444 3.84444 3.84444 0.00000 10.1047 10.1047 10.1047 10.1047 10.1047 10.1047 10.1047 10.1047 10.1047 10.1047 10.1047 10.1047 10.1047 10.1047 10.1047 10.8958 13.3078 13.3078 13.3078 13.3078 13.3078 13.3078 13.3078 13.3078 13.3078 13.3078 13.3078 13.3078 13.3078 13.3078 11.5648
0.00000 0.00000 0.00000 0.00000 0.00000 0.00000 3.84444 3.84444 3.84444 3.84444 3.84444 3.84444 3.84444 3.84444 3.84444 3.84444 3.84444 3.84444 3.84444 3.84444 3.84444 3.84444 3.84444 3.84444 3.84444 3.84444 3.84444 3.84444 3.84444 3.84444 3.84444 3.84444 3.84444 3.84444 10.1047 10.1047 10.1047 10.1047 10.1047 10.1047 10.1047 10.1047 10.1047 10.1047 10.1047 10.1047 10.1047 10.1047 10.1047 10.1864 13.1775 13.3078 13.3078 13.3078 13.3078 13.3078 13.3078 12.8380 11.8930 10.9453 9.99960 9.05325 8.10689 7.16120 6.58302
0.00000 0.00000 0.00000 0.00000 0.00000 0.00000 3.84444 3.84444 3.84444 3.84444 3.84444 3.84444 3.84444 3.84444 3.84444 3.84444 3.84444 3.84444 3.84444 3.84444 3.84444 3.84444 3.84444 3.84444 3.84444 3.84444 3.84444 3.84444 3.84444 3.84444 3.84444 3.84444 3.84444 3.84444 0.00000 10.1047 10.1047 10.1047 10.1047 10.1047 10.1047 10.1047 10.1047 10.1047 10.1047 10.1047 10.1047 10.1047 10.1047 10.1038 11.9352 11.7866 10.8389 9.89326 8.94757 8.00054 7.05485 6.57696 6.57696 6.57696 6.57696 6.57696 6.57696 6.57696 6.57696
0.00000 0.00000 0.00000 0.00000 0.00000 0.00000 3.70338 3.56567 3.51932 3.47297 3.42662 3.37961 3.33276 3.28641 3.24006 3.19371 3.14670 3.09985 3.05350 3.00715 2.96096 2.91411 2.86710 2.82075 2.77440 2.72805 2.68120 2.63419 2.58784 2.54149 2.49514 2.44846 2.40128 2.32430 0.00000 10.1047 10.1047 10.1047 10.1047 10.1047 10.1047 10.1047 10.1047 10.0080 9.79135 9.57425 9.35716 9.13992 8.92298 8.70663 7.67528 6.57696 6.57696 6.57696 6.57696 6.57696 6.57696 6.57696 6.57696 6.57696 6.57696 6.57696 6.57696 6.57696 6.57696
0.00000 0.00000 0.00000 0.00000 0.00000 0.00000 2.18315 2.18315 2.18315 2.18315 2.18315 2.18315 2.18315 2.18315 2.18315 2.18315 2.18315 2.18315 2.18315 2.18315 2.18315 2.18315 2.18315 2.18315 2.18315 2.18315 2.18315 2.18315 2.18315 2.18315 2.18315 2.18315 2.18315 2.18315 0.00000 10.1047 10.0358 9.82304 9.60595 9.38900 9.17176 8.95467 8.73758 8.61706 8.61676 8.61676 8.61676 8.61676 8.61676 8.61676 8.20639 6.57696 6.57696 6.57696 6.57696 6.57696 6.57696 6.57696 6.57696 6.57696 6.57696 6.57696 6.57696 6.57696 6.57696
0.00000 0.00000 0.00000 0.00000 0.00000 0.00000 0.00000 2.18315 2.18315 2.18315 2.18315 2.18315 2.18315 2.18315 2.18315 2.18315 2.18315 2.18315 2.18315 2.18315 2.18315 2.18315 2.18315 2.18315 2.18315 2.18315 2.18315 2.18315 2.18315 2.18315 2.18315 2.18315 2.18315 2.18315 0.00000 8.81113 8.62133 8.61676 8.61676 8.61676 8.61676 8.61676 8.61676 8.61676 8.61676 8.61676 8.61676 8.61676 8.61676 8.61676 8.59697 6.71750 6.57696 6.57696 6.57696 6.57696 6.57696 6.57696 6.57696 6.57696 6.57696 6.57696 6.57696 6.57696 6.57696
0.00000 0.00000 0.00000 0.00000 0.00000 0.00000 0.00000 2.18315 2.18315 2.18315 2.18315 2.18315 2.18315 2.18315 2.18315 2.18315 2.18315 2.18315 2.18315 2.18315 2.18315 2.18315 2.18315 2.18315 2.18315 2.18315 2.18315 2.18315 2.18315 2.18315 2.18315 2.18315 2.18315 2.18315 2.18315 0.00000 8.61676 8.61676 8.61676 8.61676 8.61676 8.61676 8.61676 8.61676 8.61676 8.61676 8.61676 8.61676 8.61676 8.61676 8.61676 7.22902 6.57696 6.57696 6.57696 6.57696 6.57696 6.57696 6.57696 6.57696 6.57696 6.57696 6.57696 6.57696 6.57696
0.00000 0.00000 0.00000 0.00000 0.00000 0.00000 0.00000 2.18315 2.18315 2.18315 2.18315 2.18315 2.18315 2.18315 2.18315 2.18315 2.18315 2.18315 2.18315 2.18315 2.18315 2.18315 2.18315 2.18315 2.18315 2.18315 2.18315 2.18315 2.18315 2.18315 2.18315 2.18315 2.18315 2.18315 2.18315 0.00000 8.61676 8.61676 8.61676 8.61676 8.61676 8.61676 8.61676 8.61676 8.61676 8.61676 8.61676 8.61676 8.61676 8.61676 8.61676 7.76004 6.57696 6.57696 6.57696 6.57696 6.57696 6.57696 6.57696 6.57696 6.57696 6.57696 6.57696 6.57696 6.57696
0.00000 0.00000 0.00000 0.00000 0.00000 0.00000 0.00000 2.18315 2.18315 2.18315 2.18315 2.18315 2.18315 2.18315 2.18315 2.18315 2.18315 2.18315 2.18315 2.18315 2.18315 2.18315 2.18315 2.18315 2.18315 2.18315 2.18315 2.18315 2.18315 2.18315 2.18315 2.18315 2.18315 2.18315 2.18315 0.00000 8.61676 8.61676 8.61676 8.61676 8.61676 8.61676 8.61676 8.61676 8.61676 8.61676 8.61676 8.61676 8.61676 8.61676 8.61676 8.29104 6.57696 6.57696 6.57696 6.57696 6.57696 6.57696 6.57696 6.57696 6.50781 6.11065 5.67299 5.23378 4.79550
0.00000 0.00000 0.00000 0.00000 0.00000 0.00000 0.00000 2.18315 2.18315 2.18315 2.18315 2.18315 2.18315 2.18315 2.18315 2.18315 2.18315 2.18315 2.18315 2.18315 2.18315 2.18315 2.18315 2.18315 2.18315 2.18315 2.18315 2.18315 2.18315 2.18315 2.18315 2.18315 2.18315 2.18315 2.18315 0.00000 8.61676 8.61676 8.61676 8.61676 8.61676 8.61676 8.61676 8.61676 8.61676 8.61676 8.61676 8.61676 8.61676 8.61676 8.61676 8.61329 6.78584 6.48008 6.06610 5.62782 5.18861 4.75064 4.31174 3.87315 3.50403 3.46197 3.46197 3.46197 3.46197
0.00000 0.00000 0.00000 0.00000 0.00000 0.00000 0.00000 0.00000 2.18315 2.18315 2.18315 2.18402 2.19186 2.20089 2.20993 2.21896 2.22825 2.23729 2.24632 2.25535 2.26442 2.27365 2.28271 2.29178 2.30081 2.30985 2.31904 2.32817 2.33721 2.34624 2.35528 2.36447 2.37360 2.38264 2.40026 0.00000 0.00000 8.61676 8.61676 8.61676 8.61676 8.61676 8.61676 8.61676 8.61676 8.61676 8.62301 8.66046 8.70216 8.74386 8.78554 8.82730 5.64780 3.48689 3.46197 3.46197 3.46197 3.46197 3.46197 3.46197 3.46197 3.46197 3.46197 3.46197 3.46197
0.00000 0.00000 0.00000 0.00000 0.00000 0.00000 0.00000 0.00000 2.47649 2.48829 2.49736 2.50571 2.50694 2.50694 2.50694 2.50694 2.50694 2.50694 2.50694 2.50694 2.50694 2.50694 2.50694 2.50694 2.50694 2.50694 2.50694 2.50694 2.50694 2.50694 2.50694 2.50694 2.50694 2.50694 2.50694 2.50694 0.00000 8.61676 8.61676 8.61996 8.65395 8.69568 8.73733 8.77909 8.82079 8.86246 8.89794 8.90219 8.90219 8.90219 8.90219 8.90219 6.84328 3.46197 3.46197 3.46197 3.46197 3.46197 3.46197 3.46197 3.46197 3.46197 3.46197 3.46197 3.46197
0.00000 0.00000 0.00000 0.00000 0.00000 0.00000 0.00000 0.00000 2.50694 2.50694 2.50694 2.50694 2.50694 2.50694 2.50694 2.50694 2.50694 2.50694 2.50694 2.50694 2.50694 2.50694 2.50694 2.50694 2.50694 2.50694 2.50694 2.50694 2.50694 2.50694 2.50694 2.50694 2.50694 2.50694 2.50694 2.50694 0.00000 8.79054 8.85601 8.89449 8.90219 8.90219 8.90219 8.90219 8.90219 8.90219 8.90219 8.90219 8.90219 8.90219 8.90219 8.90219 8.25814 3.46361 3.46197 3.46197 3.46197 3.46197 3.46197 3.46197 3.46197 3.46197 3.46197 3.46197 3.46197
0.00000 0.00000 0.00000 0.00000 0.00000 0.00000 0.00000 0.00000 2.50694 2.50694 2.50694 2.50694 2.50694 2.50694 2.50694 2.50694 2.50694 2.50694 2.50694 2.50694 2.50694 2.50694 2.50694 2.50694 2.50694 2.50694 2.50694 2.50694 2.50694 2.50694 2.50694 2.50694 2.50694 2.50694 2.50694 2.50694 0.00000 8.90219 8.90219 8.90219 8.90219 8.90219 8.90219 8.90219 8.90219 8.90219 8.90219 8.90219 8.90219 8.90219 8.90219 8.90219 8.90219 4.23658 3.46197 3.46197 3.46197 3.46197 3.46197 3.46197 3.46197 3.46197 3.46197 3.46197 3.46197
0.00000 0.00000 0.00000 0.00000 0.00000 0.00000 0.00000 0.00000 2.50694 2.50694 2.50694 2.50694 2.50694 2.50694 2.50694 2.50694 2.50694 2.50694 2.50694 2.50694 2.50694 2.50694 2.50694 2.50694 2.50694 2.50694 2.50694 2.50694 2.50694 2.50694 2.50694 2.50694 2.50694 2.50694 2.50694 2.50694 0.00000 0.00000 8.90219 8.90219 8.90219 8.90219 8.90219 8.90219 8.90219 8.90219 8.90219 8.90219 8.90219 8.90219 8.90219 8.90219 8.90219 5.65275 3.46197 3.46197 3.46197 3.46197 3.46197 3.46197 3.46197 3.46197 3.46197 3.46197 3.46197
0.00000 0.00000 0.00000 0.00000 0.00000 0.00000 0.00000 0.00000 0.00000 2.50694 2.50694 2.50694 2.50694 2.50694 2.50694 2.50694 2.50694 2.50694 2.50694 2.50694 2.50694 2.50694 2.50694 2.50694 2.50694 2.50694 2.50694 2.50694 2.50694 2.50694 2.50694 2.50694 2.50694 2.50694 2.50694 2.50694 0.00000 0.00000 8.90219 8.90219 8.90219 8.90219 8.90219 8.90219 8.90219 8.90219 8.90219 8.90219 8.90219 8.90219 8.90219 8.90219 8.90219 7.06939 3.46197 3.46197 3.46197 3.46197 3.46197 3.46197 3.46197 3.46197 3.46197 3.46123 3.31011
0.00000 0.00000 0.00000 0.00000 0.00000 0.00000 0.00000 0.00000 0.00000 2.50694 2.50694 2.50694 2.50694 2.50694 2.50694 2.50694 2.50694 2.50694 2.50694 2.50694 2.50694 2.50694 2.50694 2.50694 2.50694 2.50694 2.50694 2.50694 2.50694 2.50694 2.50694 2.50694 2.50694 2.50694 2.50694 2.50694 2.50694 0.00000 8.90219 8.90219 8.90219 8.90219 8.90219 8.90219 8.90219 8.90219 8.90219 8.90219 8.90219 8.90219 8.90219 8.90219 8.90219 8.45560 3.49190 3.46197 3.45618 3.27550 3.01329 2.75107 2.48885 2.22663 1.96442 1.70295 1.59166
0.00000 0.00000 0.00000 0.00000 0.00000 0.00000 0.00000 0.00000 0.00000 2.50694 2.50694 2.50694 2.50694 2.50694 2.50694 2.50694 2.50694 2.50694 2.50694 2.50694 2.50694 2.50988 2.53680 2.56859 2.60015 2.63194 2.66418 2.69585 2.72753 2.75920 2.79087 2.82311 2.85490 2.88646 2.91825 2.94981 3.17352 0.00000 0.00000 8.90219 8.90219 8.90219 8.90219 8.90219 8.90219 8.90219 8.90219 8.90219 8.90219 8.89453 8.46914 7.81121 7.15103 6.49175 2.81165 1.92963 1.67321 1.59166 1.59166 1.59166 1.59166 1.59166 1.59166 1.59166 1.59166
0.00000 0.00000 0.00000 0.00000 0.00000 0.00000 0.00000 0.00000 0.00000 3.08964 3.28680 3.31836 3.35015 3.38171 3.41338 3.44551 3.47741 3.50908 3.54076 3.57243 3.60433 3.63352 3.63815 3.63815 3.63815 3.63815 3.63815 3.63815 3.63815 3.63815 3.63815 3.63815 3.63815 3.63815 3.63815 3.63815 3.63815 0.00000 0.00000 8.90219 8.90219 8.90219 8.90219 8.57909 7.91936 7.26008 6.60080 5.94108 5.28180 4.63018 4.39585 4.39585 4.39585 4.39585 2.83744 1.59166 1.59166 1.59166 1.59166 1.59166 1.59166 1.59166 1.59166 1.59166 1.59166
0.00000 0.00000 0.00000 0.00000 0.00000 0.00000 0.00000 0.00000 0.00000 3.63815 3.63815 3.63815 3.63815 3.63815 3.63815 3.63815 3.63815 3.63815 3.63815 3.63815 3.63815 3.63815 3.63815 3.63815 3.63815 3.63815 3.63815 3.63815 3.63815 3.63815 3.63815 3.63815 3.63815 3.63815 3.63815 3.63815 3.92209 7.71509 7.71509 7.32249 6.05013 5.39040 4.73112 4.39585 4.39585 4.39585 4.39585 4.39585 4.39585 4.39585 4.39585 4.39585 4.39585 4.39585 3.56758 1.59166 1.59166 1.59166 1.59166 1.59166 1.59166 1.59166 1.59166 1.59166 1.59166
0.00000 0.00000 0.00000 0.00000 0.00000 0.00000 0.00000 0.00000 0.00000 0.00000 3.63815 3.63815 3.63815 3.63815 3.63815 3.63815 3.63815 3.63815 3.63815 3.63815 3.63815 3.63815 3.63815 3.63815 3.63815 3.63815 3.63815 3.63815 3.63815 3.67772 4.10686 4.53172 4.86667 5.13801 5.36215 5.55019 5.99072 7.71509 7.71509 7.44889 4.41677 4.39585 4.39585 4.39585 4.39585 4.39585 4.39585 4.39585 4.39585 4.39585 4.39585 4.39585 4.39585 4.39585 4.24893 1.64046 1.59166 1.59166 1.59166 1.59166 1.59166 1.59166 1.59166 1.59166 1.59166
0.00000 0.00000 0.00000 0.00000 0.00000 0.00000 0.00000 0.00000 0.00000 0.00000 3.63815 3.63815 3.63815 3.63815 3.63815 3.63815 3.63815 3.63815 3.63815 3.63815 3.63815 3.63815 3.63815 3.63815 3.63815 4.58452 5.04571 5.28545 5.48567 5.64505 5.67662 5.67662 5.67662 5.67662 5.67662 5.67662 5.75582 7.70777 7.71509 7.71509 5.02497 4.39585 4.39585 4.39585 4.39585 4.39585 4.39585 4.39585 4.39585 4.39585 4.39585 4.39585 4.39585 4.39585 4.39585 2.22373 1.59166 1.59166 1.59166 1.59166 1.59166 1.59166 1.59166 1.59166 1.59166
0.00000 0.00000 0.00000 0.00000 0.00000 0.00000 0.00000 0.00000 0.00000 0.00000 3.63815 3.63815 3.63815 3.63815 3.63815 3.63815 3.63815 3.63815 3.63815 3.63815 3.63815 3.63815 3.63815 3.63815 3.63815 5.15162 5.67662 5.67662 5.67662 5.67662 5.67662 5.67662 5.67662 5.67662 5.67662 5.67662 5.67662 7.25663 7.71509 7.71509 5.90010 4.39585 4.39585 4.39585 4.39585 4.39585 4.39585 4.39585 4.39585 4.39585 4.39585 4.39585 4.39585 4.39585 4.39585 2.95394 1.59166 1.59166 1.59166 1.59166 1.59166 1.59166 1.59166 1.59166 1.59166
0.00000 0.00000 0.00000 0.00000 0.00000 0.00000 0.00000 0.00000 0.00000 0.00000 3.63815 3.63815 3.63815 3.63815 3.63815 3.63815 3.63815 3.63815 3.63815 3.63815 3.63815 3.63815 3.63815 3.63815 3.63815 4.64025 5.67662 5.67662 5.67662 5.67662 5.67662 5.67662 5.67662 5.67662 5.67662 5.67662 5.67662 6.71509 7.71509 7.71509 6.77466 4.39585 4.39585 4.39585 4.39585 4.39585 4.39585 4.39585 4.39585 4.39585 4.39585 4.39585 4.39585 4.39585 4.39585 3.68422 1.59166 1.59166 1.59166 1.59166 1.60499 1.64910 1.69443 1.73967 1.78497
0.00000 0.00000 0.00000 0.00000 0.00000 0.00000 0.00000 0.00000 0.00000 0.00000 3.63815 3.63815 3.63815 3.63815 3.63815 3.63815 3.63815 3.63815 3.63815 3.63815 3.63815 3.63815 3.63815 3.63815 3.63815 3.90772 5.66689 5.67662 5.67662 5.67662 5.67662 5.67757 5.68609 5.69595 5.70584 5.71566 5.72573 6.35747 7.71509 7.71509 7.57070 4.47485 4.39585 4.39585 4.39585 4.39585 4.39585 4.39585 4.39585 4.39585 4.39585 4.39585 4.39585 4.30878 4.03013 3.66259 1.76805 1.79052 1.83588 1.88115 1.91309 1.91432 1.91432 1.91432 1.91432
0.00000 0.00000 0.00000 0.00000 0.00000 0.00000 0.00000 0.00000 0.00000 0.00000 0.00000 3.92351 3.96482 3.98453 4.00438 4.02445 4.04416 4.06394 4.08358 4.10330 4.12350 4.14329 4.16293 4.18264 4.20242 4.22242 5.78235 5.98854 5.99843 6.00828 6.01821 6.02729 6.02863 6.02863 6.02863 6.02863 6.02863 6.29976 7.71509 7.71509 7.71509 5.20483 4.39585 4.39585 4.39585 4.39585 4.33735 4.07044 3.78554 3.50005 3.21495 2.92945 2.64416 2.44594 2.43909 2.43909 2.05369 1.91432 1.91432 1.91432 1.91432 1.91432 1.91432 1.91432 1.91432
0.00000 0.00000 0.00000 0.00000 0.00000 0.00000 0.00000 0.00000 0.00000 0.00000 0.00000 4.34217 4.34217 4.34217 4.34217 4.34217 4.34217 4.34217 4.34217 4.34217 4.34217 4.34217 4.34217 4.34217 4.34217 4.34217 5.51388 6.02863 6.02863 6.02863 6.02863 6.02863 6.02863 6.02863 6.02863 6.02863 6.02863 6.09735 7.71105 7.72629 7.83164 5.94673 3.54055 3.25526 2.96976 2.68447 2.45768 2.43909 2.43909 2.43909 2.43909 2.43909 2.43909 2.43909 2.43909 2.43909 2.18959 1.91432 1.91432 1.91432 1.91432 1.91432 1.91432 1.91432 1.91432
0.00000 0.00000 0.00000 0.00000 0.00000 0.00000 0.00000 0.00000 0.00000 0.00000 0.00000 4.34217 4.34217 4.34217 4.34217 4.34217 4.34217 4.34217 4.34217 4.34217 4.34217 4.34217 4.34217 4.34217 4.34217 4.34217 5.05443 6.02863 6.02863 6.02863 6.02863 6.02863 6.02863 6.06172 6.12505 6.18833 6.25158 6.31479 7.97447 8.52936 8.55058 7.14184 2.43909 2.43909 2.43909 2.43909 2.43909 2.43909 2.43909 2.43909 2.43909 2.43909 2.43909 2.43909 2.43909 2.43909 2.32557 1.91432 1.91432 1.91432 1.91432 1.91432 1.91432 1.91432 1.91432
0.00000 0.00000 0.00000 0.00000 0.00000 0.00000 0.00000 0.00000 0.00000 0.00000 0.00000 4.34217 4.34217 4.34217 4.34217 4.34217 4.34217 4.34217 4.34217 4.34217 4.34217 4.34217 4.34217 4.34217 4.34217 4.34217 4.45529 6.06896 6.16315 6.22643 6.28972 6.35301 6.41617 6.44638 6.44638 6.44638 6.44638 6.44638 7.52795 8.55058 8.55058 8.43449 2.74647 2.43909 2.43909 2.43909 2.43909 2.43909 2.43909 2.43909 2.43909 2.43909 2.43909 2.43909 2.43909 2.43909 2.43143 1.94434 1.91432 1.91432 1.91432 1.91432 1.91432 1.91432 1.91432
