High_resolution/powerplant/Fengdu/OMI_NO2_200903.asc
ncols      200
nrows      200
xllcorner       105.978
yllcorner       28.1831
cellsize     0.0166667
NODATA_Value      -999.000
[rows 116 to 144 of 200, columns 66 to 131 of 200]
14.1887 15.3679 16.2698 16.4388 16.4388 16.4388 16.4388 13.0003 11.8251 11.8053 11.6708 11.5178 11.3646 11.2118 11.1117 11.1096 11.1096 11.0526 10.4422 9.77348 9.20177 8.70740 8.00916 3.56383 3.49992 4.08565 5.10752 5.10752 5.10752 5.10752 5.10752 5.10752 5.10752 5.10752 5.10752 3.23937 1.84299 1.84299 2.14811 2.23108 2.21159 2.17231 2.12485 2.06611 1.99072 1.89310 1.82667 1.76033 1.69027 1.62069 1.55045 1.49812 1.06878 0.563314 0.563314 0.563314 0.563314 0.563314 0.563314 0.563314 0.563314 0.563314 0.563314 0.563314 0.563314 0.563314
16.4388 16.4388 16.4388 16.4388 16.4362 16.3340 16.1810 13.8657 11.2615 11.1280 11.1096 11.1096 10.9395 10.2546 9.63177 9.09502 8.62789 8.21640 7.87026 7.85415 7.85415 7.85415 7.85415 4.64301 3.49992 3.74077 5.10752 5.10752 5.10752 5.10752 5.10752 5.10752 5.10752 5.10752 5.10752 4.18063 1.84299 1.84299 1.90957 1.89513 1.84299 1.82761 1.76193 1.69173 1.62208 1.55208 1.49854 1.49510 1.49510 1.49510 1.49510 1.49510 1.33408 0.563314 0.563314 0.563314 0.563314 0.563314 0.563314 0.563314 0.563314 0.563314 0.563314 0.563314 0.563314 0.901160
17.2502 16.2307 16.0775 15.9247 15.7740 15.7232 15.7232 14.8371 11.1096 11.1096 9.51118 8.36173 8.05918 8.03718 8.03718 8.03718 8.03718 8.03718 7.92222 7.85415 7.85415 7.85415 7.85415 5.96537 3.49992 3.52291 4.98237 5.10752 5.10752 5.10752 5.10752 5.10752 5.10752 5.10752 5.10752 4.99685 1.95322 1.76332 1.69336 1.62347 1.55375 1.49899 1.49510 1.49510 1.49510 1.49510 1.49510 1.49510 1.49510 1.49510 1.49510 1.49510 1.49361 0.669910 0.563314 0.563314 0.563314 0.563314 0.563314 0.563314 0.563314 0.843498 1.41552 1.81037 2.09648 2.22416
16.5755 15.7232 15.7232 15.7232 15.7232 15.7232 15.7232 15.6992 11.5253 11.1096 9.68740 8.03718 8.03718 8.03718 8.03718 8.03718 8.03718 8.03718 7.97549 7.85415 7.85415 7.85415 7.77802 6.49425 3.49992 3.49992 4.39267 5.10752 5.10752 5.10752 5.10752 5.07799 4.85813 4.60346 4.34903 4.09435 2.20344 1.49510 1.49510 1.49510 1.49510 1.49510 1.49510 1.49510 1.49510 1.49510 1.49510 1.49510 1.49510 1.49510 1.49510 1.49510 1.49510 0.933715 0.563314 0.563314 0.563314 0.797925 1.43306 1.77931 2.07325 2.22216 2.22449 2.22449 2.22449 2.22449
17.1275 15.7232 15.7232 15.7232 15.7232 15.7232 15.7232 15.7232 12.7770 11.1096 10.7001 8.04641 8.03718 8.03718 8.03718 8.03718 8.02979 7.68411 7.08829 6.22162 5.43548 4.52493 3.62092 3.49992 3.49992 3.49992 3.94714 4.90009 4.64541 4.39111 4.13631 3.91140 3.87720 3.87720 3.87720 3.87720 2.87416 1.49510 1.49510 1.49510 1.49510 1.49510 1.49510 1.49510 1.49510 1.49510 1.49510 1.49510 1.49510 1.49510 1.49510 1.49510 1.49510 1.30355 1.34761 1.85265 2.20933 2.41364 2.41225 2.22954 2.22449 2.22449 2.22449 2.22449 2.25196 2.49825
17.5969 15.8194 15.7232 15.7232 15.7232 15.7232 15.7232 15.7232 14.0542 11.1096 11.1096 8.27965 7.32529 6.69217 5.96587 5.12420 4.15235 3.77446 3.77446 3.56712 3.49992 3.49844 3.41724 3.28996 3.16281 3.03559 3.00816 3.87720 3.87720 3.87720 3.87720 3.87720 3.87720 3.87720 3.87720 3.87720 3.55708 1.49557 1.49510 1.49510 1.49510 1.49510 1.49510 1.49510 1.49510 1.49510 1.49510 1.49510 1.49510 1.53116 1.98747 2.39666 2.68191 2.84245 2.43366 2.42364 2.42364 2.42364 2.42364 2.32935 2.53945 2.83313 3.12651 3.42034 3.68641 3.73364
17.6461 16.3373 15.7232 15.7232 15.7232 15.6732 14.8976 13.6971 11.7800 8.18434 6.86063 4.37050 3.77446 3.77446 3.77446 3.77446 3.77446 3.67974 3.44923 3.19817 3.05663 2.93071 2.88476 2.88476 2.88476 2.88476 2.88799 3.70881 3.87720 3.87720 3.87720 3.87720 3.87720 3.87720 3.87720 3.87720 3.87720 1.85908 1.49510 1.49510 1.49510 1.49510 1.49510 1.49510 1.49510 1.50011 1.88370 2.32687 2.63199 2.90430 3.06343 3.16528 3.25398 3.33187 3.21187 2.94917 3.07348 3.36686 3.66054 3.82643 3.73364 3.73364 3.73364 3.73364 3.73364 3.73364
17.4124 15.7201 13.0618 11.3925 9.21928 6.45885 5.65661 5.65661 5.65661 5.65661 5.65661 4.88127 3.73458 3.52249 3.29123 3.05985 2.82837 2.69171 2.69073 2.72457 2.88476 2.91990 3.02285 3.14969 3.30847 3.51316 3.77873 3.87720 3.87720 3.87720 3.87720 3.87720 3.87720 3.87720 3.87720 3.87720 3.87720 2.54278 1.49510 1.49510 1.49510 1.49510 1.77283 2.36171 2.82471 3.11434 3.25318 3.33125 3.40078 3.47371 3.61485 3.76222 3.90959 4.05697 4.14857 4.04965 3.93279 3.93279 3.93279 3.91447 3.73541 3.73364 3.73364 3.73364 3.73364 3.73364
9.57369 9.12661 5.67584 5.65661 5.65661 5.65661 5.65661 5.63971 5.29963 4.83688 4.37391 3.85904 2.72842 2.69073 2.69073 2.70067 2.77061 2.86534 2.98305 3.13376 3.63983 3.87462 3.87720 3.87720 3.87720 3.87720 3.87720 3.87720 3.87720 3.87720 3.87720 3.87720 3.87720 3.87720 3.87720 3.87720 3.87720 3.30093 2.19213 2.75017 3.07441 3.27450 3.39984 3.43704 3.47285 3.61337 3.76075 3.90812 4.05549 4.16772 4.17413 4.17413 4.17413 4.17413 4.16669 4.09685 3.93279 3.93279 3.93279 3.93279 3.78021 3.73364 3.73364 3.73364 3.73364 3.73364
9.50234 9.50234 6.43153 5.44593 4.98340 4.52065 4.05811 3.61183 3.48915 3.48915 3.48915 3.48915 3.04319 3.07577 3.25457 3.45815 3.48915 3.48915 3.48915 3.48915 3.72006 3.87720 3.87720 3.87720 3.87720 3.87720 3.87720 3.87720 3.87720 3.87720 3.87720 3.90097 4.00476 4.09033 4.15715 4.21966 4.25967 4.25448 3.51795 3.52105 3.65112 3.75927 3.90665 4.05461 4.16728 4.17413 4.17413 4.17413 4.17413 4.17413 4.17413 4.17413 4.17413 4.17413 4.17403 4.13406 3.94614 3.93279 3.93279 3.93279 3.84332 3.73364 3.73364 3.73329 3.66868 3.55636
7.28326 6.18422 4.43998 3.48958 3.48915 3.48915 3.48915 3.48915 3.48915 3.48915 3.48915 3.48915 3.48915 3.48915 3.48915 3.48915 3.48915 3.48915 3.48915 3.48915 3.60766 3.87720 3.87720 3.87720 3.87720 3.88570 3.98457 4.07499 4.14461 4.19990 4.24483 4.27593 4.27880 4.27880 4.25115 4.14483 4.02765 3.90414 4.00274 4.21606 4.22297 4.17792 4.17413 4.17413 4.17413 4.17413 4.17413 4.17413 4.17413 4.17413 4.17413 4.17413 4.17413 4.17413 4.17413 4.14882 4.00895 3.93279 3.93279 3.93279 3.85876 3.56686 3.45426 3.34243 3.29485 3.29485
4.50668 4.50668 4.29131 3.48915 3.48915 3.48915 3.48915 3.48915 3.48915 3.48915 3.48915 3.48915 3.48915 3.48915 3.48915 3.48915 3.48915 3.48915 3.48915 3.48915 3.50642 3.86606 3.87720 3.87720 3.87720 3.93800 4.27741 4.27880 4.27880 4.26582 4.11671 3.93126 3.74590 3.56072 3.40275 3.57549 3.68384 3.68384 3.90643 4.22336 4.22336 4.19085 4.17413 4.17413 4.17413 4.17413 4.17413 4.17413 4.17413 4.17413 4.17413 4.17413 4.17413 4.17413 4.17413 4.16056 4.04073 3.80387 3.70208 3.60024 3.54559 3.34080 3.29485 3.29485 3.29485 3.29485
4.50668 4.50668 4.49935 3.57930 3.48915 3.48915 3.48915 3.48915 3.48915 3.48915 3.48915 3.48915 3.48915 3.48915 3.48915 3.48915 3.48915 3.48915 3.48915 3.48915 3.48915 3.77088 3.87720 3.87720 3.86968 3.61639 3.88405 3.77768 3.59241 3.41994 3.38378 3.38378 3.38378 3.38378 3.38378 3.47335 3.68384 3.68384 3.75193 4.22309 4.22336 4.20416 4.17413 4.17413 4.17413 4.17413 4.17413 4.17413 4.17413 4.17413 4.17413 4.17413 4.16313 4.10161 4.03370 3.96326 3.83752 3.54552 3.54552 3.54552 3.54552 3.41991 3.27840 3.18494 3.08144 2.97811
4.50668 4.50668 4.50668 3.86994 3.48915 3.48915 3.48915 3.48915 3.48915 3.48915 3.48915 3.48915 3.48915 3.48915 3.48915 3.48915 3.48915 3.48915 3.48915 3.48915 3.57720 3.58004 2.93868 2.56796 2.20458 2.08716 2.98292 3.38378 3.38378 3.38378 3.38378 3.38378 3.38378 3.38378 3.38378 3.38634 3.66210 3.68384 3.68384 4.13630 4.22336 4.21747 4.17415 4.17413 4.17413 4.17413 4.17413 4.17413 4.16946 4.11495 4.04708 3.97920 3.90173 3.81695 3.73525 3.65384 3.54022 3.49941 3.42175 3.31841 3.21492 3.06508 2.77393 2.76411 2.76411 2.76411
4.50668 4.50668 4.50668 4.16787 3.48915 3.48915 3.48915 3.48915 3.48915 3.48915 3.48915 3.48915 3.48915 3.48915 3.48915 3.53049 3.70275 3.88448 4.06611 4.24792 4.34151 4.01180 2.08716 2.08716 2.08716 2.08716 2.61259 3.38378 3.38378 3.38378 3.38378 3.38378 3.38378 3.38378 3.38378 3.38378 3.58628 3.68384 3.68384 3.98153 4.22336 4.22336 4.18159 4.17413 4.17310 4.12838 4.03994 3.89410 3.74946 3.65467 3.57331 3.49185 3.40913 3.32510 3.24129 3.15748 3.08107 3.02693 3.01478 3.01478 3.01478 3.01448 2.79699 2.76411 2.76411 2.76411
4.50668 4.50668 4.50668 4.44614 3.50879 3.48915 3.48915 3.48915 3.48915 3.48915 3.50126 3.64650 3.82805 4.00994 4.19158 4.33196 4.34151 4.34151 4.34151 4.34151 4.34151 4.34151 2.41188 2.08716 2.08716 2.08716 2.15065 3.35427 3.38378 3.38378 3.38378 3.38378 3.38378 3.38378 3.38378 3.38378 3.48748 3.68384 3.68384 3.82686 4.21804 4.15694 3.95653 3.74553 3.59723 3.49268 3.43110 3.40571 3.32510 3.24129 3.15748 3.07367 3.01153 3.00825 3.00825 3.00825 3.01294 3.02748 3.01478 3.01478 3.01478 3.01478 2.87583 2.76411 2.76411 2.76411
4.50668 4.50668 4.50668 4.50668 3.74638 3.48941 3.59016 3.77196 3.95360 4.13532 4.30494 4.34151 4.34151 4.34151 4.34151 4.34151 4.34151 4.34151 4.34151 4.34151 4.34151 4.34151 3.06558 2.08716 2.08716 2.08716 2.08716 3.16113 3.38378 3.38378 3.38378 3.38378 3.38378 3.38378 3.37253 3.26873 3.13383 3.43052 3.28004 3.09249 3.62855 3.60756 3.50695 3.32510 3.24129 3.15748 3.07367 3.01153 3.00825 3.00825 3.00825 3.00825 3.00825 3.00825 3.00825 3.00825 3.00835 3.02881 3.01483 3.01478 3.01478 3.01478 2.95486 2.76411 2.76411 2.76411
4.50668 4.44908 4.18874 3.91046 3.82686 4.26054 4.34151 4.34151 4.34151 4.34151 4.34151 4.34151 4.34151 4.34151 4.34151 4.34151 4.34151 4.34151 4.34151 4.34151 4.34151 4.34151 3.71943 2.08716 2.08716 2.08716 2.08716 2.87112 3.38001 3.29290 3.15227 2.98002 2.76374 2.48478 2.15337 2.08716 2.08716 2.68173 3.03267 3.24139 3.29915 3.07667 2.98577 3.00791 3.00825 3.00825 3.00825 3.00825 3.00825 3.00825 3.00825 3.00825 3.00825 3.00825 3.00825 3.00825 3.00825 3.02335 3.01888 3.01478 3.01478 3.01478 3.00908 2.84207 2.93595 3.03522
3.48174 3.26119 3.24350 3.24350 3.42079 4.34151 4.34151 4.34151 4.34151 4.34151 4.34151 4.34151 4.34151 4.34151 4.34151 4.34151 4.34151 4.34151 4.34151 4.34151 4.34151 4.34151 4.27480 2.18545 2.08716 2.08716 2.08716 2.18977 2.20310 2.08716 2.08716 2.08716 2.13100 2.48783 2.90527 3.32312 3.74097 3.94606 3.80856 3.80856 3.47269 2.97855 2.97855 3.00330 3.00825 3.00825 3.00825 3.00825 3.00825 3.00825 3.00825 3.00825 3.00825 3.00825 3.00825 3.00825 3.00825 3.01649 3.02420 2.94713 2.81811 2.68911 2.56322 2.90646 3.15263 3.15263
3.24350 3.24350 3.24350 3.24350 3.24383 4.19671 4.34151 4.34151 4.34151 4.34151 4.34151 4.34151 4.34151 4.34151 4.34151 4.34151 4.34151 4.34151 4.34151 4.34151 4.34151 4.34151 4.34151 2.77309 2.08716 2.08716 2.08716 2.10534 2.41933 2.83738 3.25503 3.67272 4.04648 4.10770 4.10770 4.10770 4.10770 4.08926 3.81606 3.80856 3.70929 2.97938 2.97855 2.99637 3.00825 3.00825 3.00825 3.00825 3.00825 3.00825 3.00825 3.00825 3.00825 3.00825 3.00825 2.97863 2.89386 2.80953 2.71047 2.52385 2.52385 2.52385 2.52385 2.70880 3.15263 3.18202
3.24350 3.24350 3.24350 3.24350 3.24350 3.87556 4.34151 4.34151 4.34151 4.34151 4.34151 4.35286 4.70033 4.34151 4.34151 4.34151 4.34151 4.34151 4.34151 4.34151 4.34151 4.34151 4.34083 3.50501 2.76949 3.18653 3.60458 4.00425 4.10770 4.10770 4.10770 4.10770 4.10770 4.10770 4.10770 4.10770 4.10770 4.10770 3.86894 3.80856 3.80856 3.11837 2.97855 2.98776 3.00825 3.00825 3.00825 3.00825 3.00825 3.00825 3.00825 2.99087 2.91055 2.82454 2.73860 2.67903 2.65739 2.63180 2.61709 2.52385 2.56943 2.73424 2.90520 3.09500 3.84480 4.01784
3.24350 3.24350 3.24350 3.24350 3.24350 3.55399 4.48158 5.01744 5.44537 5.77372 6.03374 6.24141 6.29037 4.57625 4.34151 4.34151 4.34151 4.34151 4.30347 4.18481 4.06348 3.94203 3.82137 3.81217 4.10723 4.10770 4.10770 4.10770 4.10770 4.10770 4.10770 4.10770 4.10770 4.10770 4.10770 4.10770 4.10770 4.10770 3.95414 3.80856 3.80856 3.35574 2.97855 2.97930 3.00712 3.00825 3.00825 2.99990 2.92724 2.83932 2.73594 2.63778 2.60238 2.56907 2.53059 2.51981 2.60671 2.70045 2.94010 3.27203 3.39760 3.40376 3.40376 3.40376 3.82259 4.03253
3.24752 3.73644 4.37917 4.86173 5.23828 5.55801 6.26912 6.30431 6.30431 6.30431 6.30431 6.30431 6.30431 5.29311 4.22308 4.10163 3.98029 3.85896 3.77555 3.77293 3.77293 3.77293 3.77293 3.77293 4.04949 4.10770 4.10770 4.10770 4.10770 4.10770 4.10770 4.10770 4.10770 4.10770 4.10770 4.10770 4.10770 4.10770 4.07694 3.81276 3.80856 3.59392 2.97855 2.97462 2.92318 2.83086 2.71147 2.58597 2.53019 2.49246 2.51358 2.60451 2.69858 2.79227 2.88661 2.95280 2.95537 2.95537 3.04745 3.40376 3.40376 3.40376 3.40376 3.40376 3.62501 4.03253
5.65731 5.75530 5.75530 5.75530 5.75530 5.75530 6.13810 6.30431 6.30354 6.26417 6.20350 6.14283 6.08211 5.46813 3.77293 3.77293 3.77293 3.77293 3.77293 3.77293 3.77293 3.77293 3.77293 3.77293 3.95252 4.10770 4.10770 4.10770 4.10770 4.10770 4.10770 4.10770 4.10770 4.10770 4.10770 4.10770 4.10770 4.10770 4.10770 3.85959 3.73713 3.58874 2.69157 2.52415 2.48762 2.51218 2.60227 2.69671 2.79026 2.88451 2.95233 2.95537 2.95537 2.95537 2.95537 2.95537 2.95537 2.95537 2.95860 3.36596 3.40376 3.40376 3.40376 3.40376 3.44161 4.01826
5.75530 5.75530 5.75530 5.75530 5.87890 6.28534 6.50604 6.10127 6.04137 6.02002 6.02002 6.02002 6.02002 5.86957 3.77428 3.77293 3.77293 3.77293 3.77293 3.77293 3.77293 3.77293 3.77293 3.77293 3.85558 4.10770 4.10770 4.10770 4.10770 4.10770 4.10770 4.10770 4.10770 4.10770 4.10770 4.10770 4.08485 4.02887 3.99038 3.71709 3.27302 3.07270 2.72768 2.78839 2.88226 2.95186 2.95537 2.95537 2.95537 2.95537 2.95537 2.95537 2.95537 2.95537 2.95537 2.95537 2.95537 2.95537 2.95537 3.24255 3.40376 3.40376 3.40376 3.40376 3.40376 3.87009
6.09141 6.50960 6.92760 7.34522 7.63980 7.65099 7.46363 6.02290 6.02002 6.02002 6.02002 6.02002 6.02002 6.02002 4.35811 3.77293 3.77293 3.77293 3.77293 3.77293 3.77293 3.77293 3.77293 3.77293 3.77892 4.08735 4.10770 4.10770 4.10770 4.10770 4.10770 4.10770 4.09859 4.04342 4.00035 3.94147 3.74129 3.52783 3.31405 3.04790 2.30364 2.28241 2.55160 2.95537 2.95537 2.95537 2.95537 2.95537 2.95537 2.95537 2.95537 2.95537 2.95537 2.95537 2.95537 2.95537 2.95537 2.95537 2.95537 3.11607 3.40376 3.40767 3.47695 3.56953 3.66208 4.01660
7.65099 7.65099 7.65099 7.65099 7.65099 7.65099 7.65099 6.31026 6.02002 6.02002 6.02002 6.02002 6.02002 6.02002 5.11286 3.77293 3.77293 3.77293 3.77293 3.77293 3.77293 3.77293 3.77293 3.77293 3.77293 3.99636 4.10770 4.10770 4.10638 4.05991 3.99474 3.77084 3.55631 3.34718 3.13361 2.94572 2.91808 2.91808 2.91808 2.91808 2.44050 2.28241 2.36027 2.95443 2.95537 2.95537 2.95537 2.95537 2.95537 2.95537 2.95537 2.95537 2.95537 2.95537 2.95537 2.95537 2.95537 2.95579 3.01074 3.14072 3.64085 3.73291 3.75617 3.75617 3.75617 3.82362
7.65099 7.65099 7.65099 7.65099 7.65099 7.65099 7.65099 6.78493 6.02002 6.02002 6.02002 6.02002 6.02002 6.02002 5.62301 3.77293 3.77293 3.77293 3.77293 3.77293 3.77293 3.77293 3.77293 3.77293 3.77293 3.88345 3.81164 3.54948 3.36042 3.16664 2.96508 2.91808 2.91808 2.91808 2.91808 2.91808 2.91808 2.91808 2.91808 2.91808 2.64322 2.28241 2.28241 2.84003 2.95537 2.95537 2.95537 2.95537 2.95537 2.95537 2.95537 2.95537 2.95537 2.95537 2.99329 3.08545 3.17799 3.27011 3.30779 3.30779 3.66362 3.75617 3.75617 3.75090 3.73165 3.71165
7.65099 7.65099 7.65099 7.65099 7.65099 7.65099 7.65099 7.25989 6.02002 5.98765 5.77891 5.49737 5.14463 4.68866 4.07869 3.77293 3.77293 3.77293 3.77293 3.77293 3.77293 3.75995 3.73709 3.72250 3.71219 3.62706 2.92216 2.91808 2.91808 2.91808 2.91808 2.91808 2.91808 2.91808 2.91808 2.91808 2.91808 2.91808 2.91808 2.91808 2.84372 2.28451 2.28241 2.64864 2.95537 2.95537 2.95537 2.95537 2.95537 2.95537 2.97884 3.06758 3.16013 3.25270 3.30736 3.30779 3.30779 3.30779 3.31024 3.31785 3.52311 3.68888 3.66891 3.65416 3.65341 3.65341
