High_resolution/powerplant/Fengdu/OMI_NO2_200602.asc
ncols      200
nrows      200
xllcorner       105.978
yllcorner       28.1831
cellsize     0.0166667
NODATA_Value      -999.000
[rows 150 to 179 of 200, columns 132 to 197 of 200]
0.00000 0.00000 0.00000 0.00000 0.00000 0.00000 0.00000 0.00000 0.00000 0.00000 0.00000 0.00000 0.00000 0.00000 0.00000 0.00000 0.00000 0.00000 0.00000 0.00000 0.00000 0.00000 0.00000 0.00000 0.00000 0.00000 0.00000 0.00000 0.00000 0.00000 0.00000 0.00000 0.00000 1.41370 1.41370 1.42494 1.49025 1.56263 1.63498 1.70736 1.76101 1.76388 1.76388 1.76388 1.76388 1.76388 1.76388 1.76388 1.76388 1.76388 1.74694 1.40234 1.39231 1.39231 1.39231 1.39231 1.39231 1.39231 1.39231 1.39231 1.39231 1.39231 1.39231 1.39231 1.39231 1.39231
0.00000 0.00000 0.00000 0.00000 0.00000 0.00000 0.00000 0.00000 0.00000 0.00000 0.00000 0.00000 0.00000 0.00000 0.00000 0.00000 0.00000 0.00000 0.00000 0.00000 0.00000 0.00000 0.00000 0.00000 0.00000 0.00000 0.00000 0.00000 0.00000 0.00000 0.759667 0.759667 0.759667 1.06761 1.69573 1.75681 1.76388 1.76388 1.76388 1.76388 1.76388 1.76388 1.76388 1.76388 1.76388 1.76388 1.76388 1.76388 1.76388 1.76388 1.76388 1.49126 1.39231 1.39231 1.39231 1.39231 1.39231 1.39231 1.39231 1.39231 1.39231 1.39231 1.39231 1.39231 1.39231 1.39231
0.00000 0.00000 0.00000 0.00000 0.00000 0.00000 0.00000 0.00000 0.00000 0.00000 0.00000 0.00000 0.00000 0.00000 0.00000 0.00000 0.00000 0.00000 0.00000 0.00000 0.00000 0.00000 0.00000 0.00000 0.00000 0.00000 0.759667 0.759667 0.759667 0.759667 0.759667 0.759667 0.759667 0.783165 1.71307 1.76388 1.76388 1.76388 1.76388 1.76388 1.76388 1.76388 1.76388 1.76388 1.76388 1.76388 1.76388 1.76388 1.76388 1.76388 1.76388 1.59719 1.39231 1.39231 1.39231 1.39231 1.39231 1.39231 1.39231 1.39231 1.39231 1.39231 1.39109 1.25926 1.03934 0.819430
0.00000 0.00000 0.00000 0.00000 0.00000 0.00000 0.00000 0.00000 0.00000 0.00000 0.00000 0.00000 0.00000 0.00000 0.00000 0.00000 0.00000 0.00000 0.00000 0.00000 0.00000 0.759667 0.759667 0.759667 0.759667 0.759667 0.759667 0.759667 0.759667 0.759667 0.759667 0.759667 0.759667 0.759667 1.44835 1.76388 1.76388 1.76388 1.76388 1.76388 1.76388 1.76388 1.76388 1.76388 1.76388 1.76388 1.76388 1.76388 1.76388 1.76388 1.76388 1.70339 1.39231 1.39231 1.39231 1.39231 1.39231 1.39109 1.25926 1.03934 0.819430 0.599516 0.380610 0.290537 0.290537 0.290537
0.00000 0.00000 0.00000 0.00000 0.00000 0.00000 0.00000 0.00000 0.00000 0.00000 0.00000 0.00000 0.00000 0.00000 0.00000 0.00000 0.759667 0.759667 0.759667 0.759667 0.759667 0.759667 0.759667 0.759667 0.759667 0.759667 0.759667 0.759667 0.759667 0.759667 0.759667 0.759667 0.759667 0.759667 1.16037 1.76388 1.76388 1.76388 1.76388 1.76388 1.76388 1.76388 1.76388 1.76388 1.76388 1.76388 1.76388 1.76388 1.76388 1.76388 1.76388 1.76362 1.43697 1.25926 1.03934 0.819430 0.599516 0.380610 0.290537 0.290537 0.290537 0.290537 0.290537 0.290537 0.290537 0.290537
0.00000 0.00000 0.00000 0.00000 0.00000 0.00000 0.00000 0.00000 0.00000 0.00000 0.00000 0.00000 0.00000 0.00000 0.00000 0.00000 0.759667 0.759667 0.759667 0.759667 0.759667 0.759667 0.759667 0.759667 0.759667 0.759667 0.759667 0.759667 0.759667 0.759667 0.759667 0.759667 0.759667 0.759667 0.874024 1.76217 1.76388 1.76388 1.76388 1.76388 1.76388 1.76388 1.76388 1.76388 1.76388 1.76388 1.76388 1.76388 1.79912 1.87635 1.95370 2.03082 1.06956 0.290537 0.290537 0.290537 0.290537 0.290537 0.290537 0.290537 0.290537 0.290537 0.290537 0.290537 0.290537 0.290537
0.00000 0.00000 0.00000 0.00000 0.00000 0.00000 0.00000 0.00000 0.00000 0.00000 0.00000 0.00000 0.00000 0.00000 0.00000 0.00000 0.759667 0.759667 0.759667 0.759667 0.759667 0.759667 0.759667 0.759667 0.759667 0.759667 0.759667 0.759667 0.759667 0.759667 0.759667 0.759667 0.759667 0.759667 0.759667 1.58844 1.76388 1.76388 1.76388 1.76388 1.76388 1.76388 1.76388 1.78809 1.86376 1.94096 2.01819 2.09558 2.13747 2.13754 2.13754 2.13754 1.56804 0.290537 0.290537 0.290537 0.290537 0.290537 0.290537 0.290537 0.290537 0.290537 0.290537 0.290537 0.290537 0.290537
0.00000 0.00000 0.00000 0.00000 0.00000 0.00000 0.00000 0.00000 0.00000 0.00000 0.00000 0.00000 0.00000 0.00000 0.00000 0.00000 0.00000 0.759667 0.759667 0.759667 0.759667 0.759667 0.759667 0.759667 0.759667 0.759667 0.759667 0.759667 0.759667 0.759667 0.759667 0.759667 0.759667 0.759667 0.759667 1.30044 1.76388 1.76388 1.77912 1.85113 1.92829 2.00560 2.08287 2.13586 2.13754 2.13754 2.13754 2.13754 2.13754 2.13754 2.13754 2.13754 2.04723 0.335230 0.290537 0.290537 0.290537 0.290537 0.290537 0.290537 0.290537 0.290537 0.290537 0.290537 0.290537 0.290537
0.00000 0.00000 0.00000 0.00000 0.00000 0.00000 0.00000 0.00000 0.00000 0.00000 0.00000 0.00000 0.00000 0.00000 0.00000 0.00000 0.00000 0.759667 0.759667 0.759667 0.759667 0.759667 0.759667 0.759667 0.759667 0.759667 0.759667 0.759667 0.759667 0.759667 0.759667 0.759667 0.759667 0.750296 0.654614 0.869773 1.99297 2.07017 2.13220 2.13754 2.13754 2.13754 2.13754 2.13754 2.13754 2.13754 2.13754 2.13754 2.13754 2.13754 2.13754 2.13754 2.13754 0.769232 0.290537 0.290537 0.290537 0.290537 0.290537 0.290537 0.290537 0.290537 0.290537 0.290537 0.290537 0.290537
0.00000 0.00000 0.00000 0.00000 0.00000 0.00000 0.00000 0.00000 0.00000 0.00000 0.00000 0.00000 0.00000 0.00000 0.00000 0.00000 0.00000 0.759667 0.759667 0.759667 0.759667 0.759667 0.759667 0.759667 0.759667 0.759667 0.759667 0.759667 0.759119 0.689960 0.573289 0.456619 0.339948 0.232648 0.211659 0.250747 2.03008 2.13754 2.13754 2.13754 2.13754 2.13754 2.13754 2.13754 2.13754 2.13754 2.13754 2.13754 2.13754 2.13754 2.13754 2.13754 2.13754 1.29289 0.290537 0.290537 0.290537 0.290537 0.290537 0.290537 0.290537 0.290537 0.290537 0.290537 0.290537 0.292299
0.00000 0.00000 0.00000 0.00000 0.00000 0.00000 0.00000 0.00000 0.00000 0.00000 0.00000 0.00000 0.00000 0.00000 0.00000 0.00000 0.00000 0.00000 0.759667 0.759667 0.759667 0.759667 0.759667 0.759667 0.722841 0.608636 0.491965 0.375239 0.259167 0.211659 0.211659 0.211659 0.211659 0.211659 0.211659 0.211659 1.51644 2.13754 2.13754 2.13754 2.13754 2.13754 2.13754 2.13754 2.13754 2.13754 2.13754 2.13754 2.13754 2.13754 2.13754 2.13754 2.13754 1.81708 0.290537 0.290537 0.290537 0.290537 0.290537 0.290537 0.292064 0.435024 0.671372 0.907249 1.14219 1.37536
0.00000 0.00000 0.00000 0.00000 0.00000 0.00000 0.00000 0.00000 0.00000 0.00000 0.00000 0.00000 0.00000 0.00000 0.00000 0.00000 0.00000 0.00000 0.759667 0.745583 0.643982 0.527288 0.410641 0.293970 0.214070 0.211659 0.211659 0.211659 0.211659 0.211659 0.211659 0.211659 0.211659 0.211659 0.211659 0.211659 0.963950 2.13754 2.13754 2.13754 2.13754 2.13754 2.13754 2.13754 2.13754 2.13754 2.13754 2.13754 2.13754 2.13754 2.13754 2.13754 2.13754 2.13440 0.497381 0.292064 0.435024 0.669962 0.904900 1.13984 1.37325 1.46523 1.46523 1.46523 1.46523 1.46523
0.00000 0.00000 0.00000 0.00000 0.00000 0.00000 0.00000 0.00000 0.00000 0.00000 0.00000 0.00000 0.00000 0.00000 0.00000 0.00000 0.00000 0.00000 0.336821 0.226731 0.211659 0.211659 0.211659 0.211659 0.211659 0.211659 0.211659 0.211659 0.211659 0.211659 0.211659 0.211659 0.211659 0.211659 0.211659 0.211659 0.417109 2.13215 2.13754 2.13754 2.13754 2.13754 2.13754 2.13754 2.13754 2.13754 2.13754 2.13754 2.13754 2.13754 2.13754 1.98709 1.68751 1.38807 1.10452 1.37325 1.46523 1.46523 1.46523 1.46523 1.46523 1.46523 1.46523 1.46523 1.46523 1.46523
0.00000 0.00000 0.00000 0.00000 0.00000 0.00000 0.00000 0.00000 0.00000 0.00000 0.00000 0.00000 0.00000 0.00000 0.00000 0.00000 0.00000 0.00000 0.211659 0.211659 0.211659 0.211659 0.211659 0.211659 0.211659 0.211659 0.211659 0.211659 0.211659 0.211659 0.211659 0.211659 0.211659 0.211659 0.211659 0.211659 0.211659 1.78510 2.13754 2.13754 2.13754 2.13754 2.13754 2.13754 2.13754 2.13754 2.03018 1.73393 1.43464 1.13535 0.835471 0.686767 0.686767 0.686767 0.937562 1.46523 1.46523 1.46523 1.46523 1.46523 1.46523 1.46523 1.46523 1.46523 1.46523 1.46523
0.00000 0.00000 0.00000 0.00000 0.00000 0.00000 0.00000 0.00000 0.00000 0.00000 0.00000 0.00000 0.00000 0.00000 0.00000 0.00000 0.00000 0.00000 0.00000 0.211659 0.211659 0.211659 0.211659 0.211659 0.211659 0.211659 0.211659 0.211659 0.211659 0.211659 0.211659 0.211659 0.211659 0.211659 0.211659 0.211659 0.211659 1.23238 2.13754 2.13754 2.13754 2.06587 1.78065 1.48121 1.18177 0.882041 0.690249 0.686767 0.686767 0.686767 0.686767 0.686767 0.686767 0.686767 0.731519 1.45052 1.46523 1.46523 1.46523 1.46523 1.46523 1.46523 1.46523 1.46523 1.46523 1.46523
0.00000 0.00000 0.00000 0.00000 0.00000 0.00000 0.00000 0.00000 0.00000 0.00000 0.00000 0.00000 0.00000 0.00000 0.00000 0.00000 0.00000 0.00000 0.00000 0.211659 0.211659 0.211659 0.211659 0.211659 0.211659 0.211659 0.211659 0.211659 0.211659 0.211659 0.211659 0.211659 0.211659 0.211659 0.211659 0.211659 0.258539 0.924106 1.52763 1.22834 0.928611 0.700984 0.686767 0.686767 0.686767 0.686767 0.686767 0.686767 0.686767 0.686767 0.686767 0.686767 0.686767 0.686767 0.686767 1.27437 1.46523 1.46523 1.46523 1.46523 1.46523 1.46523 1.46523 1.46523 1.46523 1.46523
0.00000 0.00000 0.00000 0.00000 0.00000 0.00000 0.00000 0.00000 0.00000 0.00000 0.00000 0.00000 0.00000 0.00000 0.00000 0.00000 0.00000 0.00000 0.00000 0.211659 0.211659 0.211659 0.211659 0.211659 0.211659 0.211659 0.211659 0.211659 0.211659 0.211659 0.211659 0.218175 0.475927 0.861648 1.24791 1.63327 1.97230 1.99835 0.768190 0.686767 0.686767 0.686767 0.686767 0.686767 0.686767 0.686767 0.686767 0.686767 0.686767 0.686767 0.686767 0.686767 0.686767 0.686767 0.686767 1.05346 1.46523 1.46523 1.46523 1.46523 1.46523 1.46523 1.46523 1.46523 1.46523 1.46523
0.00000 0.00000 0.00000 0.00000 0.00000 0.00000 0.00000 0.00000 0.00000 0.00000 0.00000 0.00000 0.00000 0.00000 0.00000 0.00000 0.00000 0.00000 0.00000 0.00000 0.211659 0.211659 0.211659 0.211659 0.211659 0.211659 0.211659 0.359902 0.742547 1.12872 1.51435 1.89374 2.02171 2.02171 2.02171 2.02171 2.02171 2.02171 1.12730 0.686767 0.686767 0.686767 0.686767 0.686767 0.686767 0.686767 0.686767 0.686767 0.686767 0.686767 0.686767 0.686767 0.686767 0.686767 0.686767 0.832791 1.46523 1.46523 1.46523 1.46523 1.46523 1.46523 1.46523 1.46404 1.38069 1.24829
0.00000 0.00000 0.00000 0.00000 0.00000 0.00000 0.00000 0.00000 0.00000 0.00000 0.00000 0.00000 0.00000 0.00000 0.00000 0.00000 0.00000 0.00000 0.00000 0.00000 0.211659 0.211659 0.273925 0.623446 1.00953 1.39543 1.78115 2.01881 2.02171 2.02171 2.02171 2.02171 2.02171 2.02171 2.02171 2.02171 2.02171 2.02171 1.50989 0.686767 0.686767 0.686767 0.686767 0.686767 0.686767 0.686767 0.686767 0.686767 0.686767 0.686767 0.686767 0.686767 0.686767 0.686767 0.686767 0.689569 1.38739 1.46523 1.46424 1.38280 1.25011 1.11773 0.985850 0.855159 0.805837 0.805837
0.00000 0.00000 0.00000 0.00000 0.00000 0.00000 0.00000 0.00000 0.00000 0.00000 0.00000 0.00000 0.00000 0.00000 0.00000 0.00000 0.00000 0.00000 0.00000 0.00000 1.08304 1.66223 1.98587 2.02171 2.02171 2.02171 2.02171 2.02171 2.02171 2.02171 2.02171 2.02171 2.02171 2.02171 2.02171 2.02171 2.02171 2.02171 1.88715 0.691573 0.686767 0.686767 0.686767 0.686767 0.686767 0.686767 0.686767 0.686767 0.686767 0.686767 0.686767 0.686767 0.686767 0.686767 0.686767 0.686767 1.03620 0.987169 0.856280 0.805837 0.805837 0.805837 0.805837 0.805837 0.805837 0.805837
0.00000 0.00000 0.00000 0.00000 0.00000 0.00000 0.00000 0.00000 0.00000 0.00000 0.00000 0.00000 0.00000 0.00000 0.00000 0.00000 0.00000 0.00000 0.00000 0.00000 2.02171 2.02171 2.02171 2.02171 2.02171 2.02171 2.02171 2.02171 2.02171 2.02171 2.02171 2.02171 2.02171 2.02171 2.02171 2.02171 2.02171 2.02171 2.02171 0.940114 0.686767 0.686767 0.686767 0.686767 0.686767 0.686767 0.686767 0.686767 0.686767 0.686767 0.686767 0.686767 0.686767 0.686767 0.00000 0.00000 0.805837 0.805837 0.805837 0.805837 0.805837 0.805837 0.805837 0.805837 0.805837 0.805837
0.00000 0.00000 0.00000 0.00000 0.00000 0.00000 0.00000 0.00000 0.00000 0.00000 0.00000 0.00000 0.00000 0.00000 0.00000 0.00000 0.00000 0.00000 0.00000 0.00000 0.00000 2.02171 2.02171 2.02171 2.02171 2.02171 2.02171 2.02171 2.02171 2.02171 2.02171 2.02171 2.02171 2.02171 2.02171 2.02171 2.02171 2.02171 2.02171 1.32180 0.686767 0.686767 0.686767 0.686767 0.686767 0.686767 0.686767 0.686767 0.686767 0.686767 0.00000 0.00000 0.00000 0.00000 0.00000 0.00000 0.805837 0.805837 0.805837 0.805837 0.805837 0.805837 0.805837 0.805837 0.805837 0.805837
0.00000 0.00000 0.00000 0.00000 0.00000 0.00000 0.00000 0.00000 0.00000 0.00000 0.00000 0.00000 0.00000 0.00000 0.00000 0.00000 0.00000 0.00000 0.00000 0.00000 0.00000 2.02171 2.02171 2.02171 2.02171 2.02171 2.02171 2.02171 2.02171 2.02171 2.02171 2.02171 2.02171 2.02171 2.02171 2.02171 2.02171 2.02171 2.02171 1.71026 0.686767 0.686767 0.686767 0.686767 0.686767 0.00000 0.00000 0.00000 0.00000 0.00000 0.00000 0.00000 0.00000 0.00000 0.00000 0.00000 0.00000 0.805837 0.805837 0.805837 0.805837 0.805837 0.805837 0.805837 0.805837 0.805837
0.00000 0.00000 0.00000 0.00000 0.00000 0.00000 0.00000 0.00000 0.00000 0.00000 0.00000 0.00000 0.00000 0.00000 0.00000 0.00000 0.00000 0.00000 0.00000 0.00000 0.00000 2.02171 2.02171 2.02171 2.02171 2.02171 2.02171 2.02171 2.02171 2.02171 2.02171 2.02171 2.02171 2.02171 2.02171 2.02171 2.02171 2.02171 2.02171 2.02171 0.00000 0.00000 0.00000 0.00000 0.00000 0.00000 0.00000 0.00000 0.00000 0.00000 0.00000 0.00000 0.00000 0.00000 0.00000 0.00000 0.00000 0.805837 0.805837 0.805837 0.805837 0.805837 0.805837 0.805837 0.805837 0.805837
0.00000 0.00000 0.00000 0.00000 0.00000 0.00000 0.00000 0.00000 0.00000 0.00000 0.00000 0.00000 0.00000 0.00000 0.00000 0.00000 0.00000 0.00000 0.00000 0.00000 0.00000 0.00000 2.02171 2.02171 2.02171 2.02171 2.02171 2.02171 2.02171 2.02171 2.02171 2.02171 2.02171 2.02171 2.02171 0.00000 0.00000 0.00000 0.00000 0.00000 0.00000 0.00000 0.00000 0.00000 0.00000 0.00000 0.00000 0.00000 0.00000 0.00000 0.00000 0.00000 0.00000 0.00000 0.00000 0.00000 0.00000 0.805837 0.805837 0.805837 0.805837 0.805837 0.805837 0.805837 0.805837 0.805837
0.00000 0.00000 0.00000 0.00000 0.00000 0.00000 0.00000 0.00000 0.00000 0.00000 0.00000 0.00000 0.00000 0.00000 0.00000 0.00000 0.00000 0.00000 0.00000 0.00000 0.00000 0.00000 2.02171 2.02171 2.02171 2.02171 2.02171 2.02171 2.02171 2.02171 2.02171 0.00000 0.00000 0.00000 0.00000 0.00000 0.00000 0.00000 0.00000 0.00000 0.00000 0.00000 0.00000 0.00000 0.00000 0.00000 0.00000 0.00000 0.00000 0.00000 0.00000 0.00000 0.00000 0.00000 0.00000 0.00000 0.00000 0.805837 0.805837 0.805837 0.805837 0.805310 0.777087 0.733085 0.688863 0.644971
0.00000 0.00000 0.00000 0.00000 0.00000 0.00000 0.00000 0.00000 0.00000 0.00000 0.00000 0.00000 0.00000 0.00000 0.00000 0.00000 0.00000 0.00000 0.00000 0.00000 0.00000 0.00000 2.02171 2.02171 2.02171 2.02171 0.00000 0.00000 0.00000 0.00000 0.00000 0.00000 0.00000 0.00000 0.00000 0.00000 0.00000 0.00000 0.00000 0.00000 0.00000 0.00000 0.00000 0.00000 0.00000 0.00000 0.00000 0.00000 0.00000 0.00000 0.00000 0.00000 0.00000 0.00000 0.00000 0.00000 1.25407 1.25407 0.819437 0.689741 0.645848 0.602088 0.586374 0.586374 0.586374 0.586374
0.00000 0.00000 0.00000 0.00000 0.00000 0.00000 0.00000 0.00000 0.00000 0.00000 0.00000 0.00000 0.00000 0.00000 0.00000 0.00000 0.00000 0.00000 0.00000 0.00000 0.00000 0.00000 0.00000 0.00000 0.00000 0.00000 0.00000 0.00000 0.00000 0.00000 0.00000 0.00000 0.00000 0.00000 0.00000 0.00000 0.00000 0.00000 0.00000 0.00000 0.00000 0.00000 0.00000 0.00000 0.00000 0.00000 0.00000 0.00000 0.00000 0.00000 0.00000 0.00000 1.25407 1.25407 1.25407 1.25407 1.25407 1.25407 1.01305 0.586374 0.586374 0.586374 0.586374 0.586374 0.586374 0.586374
0.00000 0.00000 0.00000 0.00000 0.00000 0.00000 0.00000 0.00000 0.00000 0.00000 0.00000 0.00000 0.00000 0.00000 0.00000 0.00000 0.00000 0.00000 0.00000 0.00000 0.00000 0.00000 0.00000 0.00000 0.00000 0.00000 0.00000 0.00000 0.00000 0.00000 0.00000 0.00000 0.00000 0.00000 0.00000 0.00000 0.00000 0.00000 0.00000 0.00000 0.00000 0.00000 0.00000 0.00000 0.00000 0.00000 0.00000 1.25407 1.25407 1.25407 1.25407 1.25407 1.25407 1.25407 1.25407 1.25407 1.25407 1.25407 1.19711 0.591114 0.586374 0.586374 0.586374 0.586374 0.586374 0.586374
0.00000 0.00000 0.00000 0.00000 0.00000 0.00000 0.00000 0.00000 0.00000 0.00000 0.00000 0.00000 0.00000 0.00000 0.00000 0.00000 0.00000 0.00000 0.00000 0.00000 0.00000 0.00000 0.00000 0.00000 0.00000 0.00000 0.00000 0.00000 0.00000 0.00000 0.00000 0.00000 0.00000 0.00000 0.00000 0.00000 0.00000 0.00000 0.00000 0.00000 0.00000 0.00000 1.25407 1.25407 1.25407 1.25407 1.25407 1.25407 1.25407 1.25407 1.25407 1.25407 1.25407 1.25407 1.25407 1.25407 1.25407 1.25407 1.25407 0.722903 0.586374 0.586374 0.586374 0.586374 0.586374 0.586374
