High_resolution/powerplant/Fengdu/OMI_NO2_200507.asc
ncols      200
nrows      200
xllcorner       105.978
yllcorner       28.1831
cellsize     0.0166667
NODATA_Value      -999.000
[rows 58 to 86 of 200, columns 132 to 197 of 200]
2.04313 2.03166 1.92947 1.91149 1.86070 1.69583 1.63587 1.63163 1.60894 1.60520 1.60703 1.64556 1.64615 1.64615 1.64615 1.64615 1.64615 1.64615 1.59555 1.58774 1.66248 1.94427 2.10808 2.17430 2.23376 2.27651 2.21964 1.97408 1.97408 1.85129 1.76041 1.76041 1.76100 1.72829 1.70305 1.70394 1.69038 1.63535 1.64532 1.65594 1.66726 1.67803 1.67985 1.67985 1.67985 1.67985 1.67985 1.67954 1.69367 2.18431 2.18431 2.18431 0.00000 1.62798 1.62798 1.62798 1.62798 1.62798 1.62798 1.62798 1.62798 1.62798 1.62798 1.62798 1.62798 1.62798
1.94030 1.91598 1.80904 1.76944 1.77724 1.64015 1.58126 1.59849 1.60520 1.60520 1.60520 1.62628 1.60202 1.56879 1.53558 1.51078 1.49555 1.48037 1.54436 1.69881 1.71533 1.96392 2.21262 2.27871 2.28047 2.28224 2.28373 2.02474 1.98426 1.91414 1.76954 1.77072 1.77130 1.75328 1.70902 1.70902 1.70889 1.68260 1.67985 1.67985 1.67985 1.67985 1.67985 1.67985 1.66079 1.60853 1.54440 1.46474 1.42520 1.37030 0.00000 0.00000 1.61203 1.62702 1.62706 1.62659 1.62614 1.62573 1.62533 1.62496 1.62461 1.62427 1.62397 1.62366 1.62338 1.62311
1.88117 1.88063 1.82146 1.76451 1.77320 1.65139 1.52269 1.50145 1.48602 1.45753 1.42908 1.41858 1.43920 1.45721 1.47528 1.48501 1.48510 1.48518 1.50077 1.69818 1.69946 1.87278 2.19159 2.29370 2.29370 2.29370 2.29370 2.12406 1.96276 1.93126 1.73738 1.72456 1.71446 1.70344 1.65624 1.64799 1.64128 1.60468 1.57965 1.57205 1.55293 1.49361 1.42062 1.33612 1.27529 1.29613 1.44519 1.44108 1.43706 1.51365 1.61203 1.61203 1.61203 1.61447 1.62001 1.62001 1.62001 1.62001 1.62001 1.62001 1.62001 1.62001 1.62001 1.62001 1.62001 1.62001
1.90734 1.91562 1.89062 1.82173 1.60868 1.52259 1.40571 1.38530 1.41307 1.42480 1.43648 1.44939 1.45581 1.45146 1.44705 1.44259 1.43817 1.43373 1.42930 1.58485 1.62147 1.71581 1.95179 1.88744 1.87393 1.86073 1.84792 1.79816 1.63709 1.63709 1.55993 1.53934 1.53499 1.53065 1.52567 1.52200 1.51407 1.44429 1.32727 1.25156 1.18451 1.17797 1.17797 1.17797 1.17797 1.18268 1.39803 1.40518 1.40518 1.45988 1.61203 1.61203 1.61203 1.61216 1.61974 1.62001 1.62001 1.62001 1.62001 1.62001 1.62001 1.62001 1.62001 1.62001 1.62001 1.62001
1.91439 1.88363 1.86571 1.75557 1.60009 1.49611 1.38952 1.36196 1.38714 1.38899 1.38899 1.38951 1.39390 1.39390 1.39390 1.39390 1.39390 1.39390 1.39390 1.49470 1.58640 1.63999 1.86734 1.84015 1.83927 1.83927 1.83927 1.83874 1.66268 1.63709 1.54863 1.49815 1.49613 1.46007 1.41928 1.38514 1.33948 1.30713 1.17797 1.17797 1.17797 1.17797 1.17797 1.16224 1.12034 1.07807 1.21345 1.22068 1.17844 1.19273 1.61203 1.61203 1.61203 1.61203 1.61863 1.62001 1.62001 1.62001 1.62001 1.62001 1.62001 1.62001 1.66205 1.78350 1.88410 1.96649
1.84942 1.83339 1.84987 1.81154 1.72166 1.56366 1.43621 1.36550 1.38299 1.39212 1.39255 1.39299 1.39390 1.39056 1.37857 1.36556 1.35186 1.34281 1.34975 1.42297 1.65466 1.73960 2.03373 1.85046 1.83927 1.83927 1.83927 1.83927 1.72847 1.60695 1.49348 1.35676 1.28877 1.26943 1.28507 1.33177 1.30948 1.27570 1.07437 1.02029 0.977955 0.935716 0.893383 0.866875 0.866470 0.866470 0.997012 1.09368 1.09368 1.10244 1.59168 1.61203 1.61203 1.61203 1.61712 1.62450 1.65674 1.69379 1.76039 1.90182 2.02032 2.11737 2.18337 2.20952 2.23419 2.25889
1.89833 1.94092 1.93121 1.89284 1.84183 1.58980 1.49179 1.42387 1.42377 1.35347 1.33911 1.32543 1.32771 1.34006 1.36591 1.39445 1.42541 1.45065 1.45222 1.46678 1.79062 1.79787 2.03550 1.89615 1.83927 1.82563 1.78351 1.74051 1.64723 1.35154 1.32734 1.25657 1.25281 1.24934 1.24607 1.11837 1.09899 1.09899 0.944620 0.866470 0.866470 0.866470 0.866470 0.866470 0.866470 0.866470 0.949971 1.09368 1.09368 1.09368 1.38729 1.61203 1.61203 1.61203 1.75195 2.09895 2.17333 2.23050 2.26817 2.27061 2.27061 2.27061 2.27061 2.27061 2.27061 2.27061
1.91532 1.99884 2.03035 2.05103 2.07760 1.87449 1.80933 1.72360 1.68489 1.38469 1.41480 1.44529 1.45222 1.45222 1.45222 1.45222 1.45222 1.45222 1.45222 1.45222 1.70312 1.78843 1.89153 1.79803 1.64240 1.59881 1.58158 1.56627 1.55214 1.33246 1.29614 1.24706 1.24244 1.24244 1.24244 1.14462 1.09180 1.07845 0.981661 0.866470 0.866470 0.866470 0.866470 0.866470 0.866470 0.866470 0.902867 1.09368 1.09368 1.09368 1.24023 1.61203 1.61203 1.61203 1.63299 2.24401 2.27061 2.27061 2.27061 2.27061 2.27061 2.27061 2.27061 2.27061 2.27061 2.27061
2.17263 2.20206 2.22916 2.25917 2.29684 2.13681 1.97341 1.84665 1.84659 1.51068 1.45222 1.45222 1.45222 1.45222 1.45620 1.48969 1.53168 1.57647 1.60057 1.61367 1.59155 1.52509 1.59889 1.66550 1.55064 1.55064 1.54981 1.53928 1.52589 1.37996 1.22754 1.18654 1.16426 1.15090 1.13755 1.06334 0.974573 0.974573 0.953634 0.866470 0.866470 0.866470 0.866470 0.866470 0.866470 0.866470 0.868217 1.08125 1.09368 1.09368 1.15365 1.61203 1.61203 1.61203 1.61203 2.15182 2.27061 2.27061 2.27061 2.27061 2.27061 2.27023 2.26934 2.26840 2.26752 2.26659
2.36364 2.35481 2.34266 2.34473 2.35951 2.24583 2.01009 1.85421 1.88248 1.70428 1.57151 1.62043 1.67347 1.73149 1.77152 1.73839 1.69539 1.65300 1.63708 1.63491 1.59536 1.51330 1.53505 1.61925 1.45492 1.44155 1.42903 1.42622 1.42622 1.36924 1.13025 1.12405 1.11802 1.11802 1.11887 1.10267 0.992284 1.00142 1.00832 0.930268 0.938860 0.951099 0.963337 0.975546 0.987755 0.999964 1.00987 1.06505 1.06574 1.05944 1.06071 1.53427 1.55659 1.55388 1.55116 1.96052 2.24842 2.24752 2.24660 2.24570 2.24481 2.24424 2.24426 2.24426 2.24426 2.24426
2.36986 2.36816 2.33503 2.35186 2.37308 2.36521 2.33442 2.24212 2.20447 2.08602 1.78703 1.74566 1.70084 1.65615 1.62742 1.62506 1.62293 1.62088 1.62053 1.62065 1.61527 1.49481 1.49014 1.58410 1.55458 1.56652 1.57570 1.58483 1.59399 1.60151 1.40688 1.37029 1.31883 1.32391 1.32816 1.32513 1.19147 1.17396 1.16991 1.13456 1.11607 1.11065 1.10524 1.09981 1.09440 1.08898 1.08585 1.03348 0.988923 0.988923 0.989554 1.32925 1.53296 1.53296 1.53296 1.72483 2.22390 2.24426 2.24426 2.24426 2.24426 2.24426 2.24426 2.24426 2.24426 2.24426
2.41297 2.41190 2.39682 2.42923 2.45853 2.47346 2.52107 2.40349 2.26650 2.19927 1.63111 1.62268 1.62285 1.62286 1.62286 1.62286 1.62286 1.62286 1.62286 1.62286 1.62286 1.49853 1.46906 1.54999 1.63512 1.64955 1.64955 1.64955 1.64955 1.64955 1.53493 1.42414 1.28665 1.28256 1.28256 1.28256 1.18910 1.13911 1.13911 1.11520 1.08585 1.08585 1.08585 1.08585 1.08585 1.08585 1.08720 1.07211 1.02534 1.04800 1.07307 1.30185 1.53296 1.53296 1.53296 1.57423 2.15198 2.24426 2.24426 2.24426 2.24426 2.24426 2.24426 2.24426 2.24426 2.22144
2.35904 2.35714 2.37012 2.42943 2.43616 2.44135 2.43108 2.38608 2.22337 2.22337 1.76880 1.62286 1.62286 1.62286 1.62286 1.62286 1.62286 1.62286 1.62286 1.62286 1.62286 1.53396 1.46906 1.52020 1.62367 1.64955 1.64955 1.64955 1.64955 1.64955 1.60299 1.42803 1.31068 1.28256 1.28256 1.28256 1.22607 1.13911 1.13911 1.13253 1.11533 1.14182 1.17106 1.20357 1.23994 1.28087 1.32426 1.31675 1.18955 1.18955 1.18955 1.31055 1.53296 1.53296 1.53296 1.53296 2.02729 2.24426 2.24426 2.24410 2.24033 2.21506 2.14560 2.05150 1.91797 1.80274
2.33882 2.33882 2.33882 2.33468 2.35369 2.40183 2.41111 2.43494 2.22869 2.22145 1.92645 1.62286 1.62286 1.62286 1.62286 1.62286 1.62286 1.62286 1.62286 1.62286 1.62286 1.57771 1.46906 1.49039 1.61075 1.64955 1.64955 1.64940 1.61602 1.55731 1.49613 1.42849 1.34361 1.28908 1.29397 1.29926 1.29286 1.26890 1.29854 1.32223 1.33469 1.33494 1.33494 1.33494 1.33494 1.33494 1.33494 1.33478 1.20165 1.18955 1.18955 1.24989 1.53296 1.53296 1.53296 1.53296 1.68257 2.14118 2.06608 1.91479 1.70944 1.53574 1.53296 1.53296 1.53296 1.53296
2.33882 2.33882 2.33882 2.32037 2.29169 2.29771 2.25415 2.18972 1.96240 1.85544 1.79192 1.62286 1.62286 1.62286 1.62286 1.62286 1.62286 1.62286 1.62286 1.62286 1.62286 1.61954 1.47511 1.46974 1.56495 1.58355 1.53737 1.48741 1.47153 1.48448 1.49856 1.53077 1.46597 1.32292 1.32292 1.32292 1.32292 1.32292 1.32292 1.32269 1.32905 1.33494 1.33494 1.33494 1.33494 1.33494 1.33494 1.33494 1.23168 1.18955 1.18955 1.20356 1.53104 1.53296 1.53296 1.53296 1.53296 1.53296 1.53296 1.53296 1.53296 1.53296 1.53296 1.53296 1.53296 1.53296
2.16336 2.12004 2.07675 2.06020 2.10359 2.11317 2.11397 2.07615 1.94480 1.83955 1.83191 1.62869 1.62286 1.62286 1.62286 1.62286 1.62286 1.62276 1.59717 1.55590 1.50911 1.39777 1.33141 1.26457 1.31377 1.50684 1.52285 1.52285 1.52285 1.52285 1.52086 1.51074 1.47868 1.26679 1.24744 1.22836 1.20929 1.19022 1.17114 1.15230 1.23206 1.33494 1.33494 1.33494 1.33494 1.33494 1.33494 1.33494 1.26179 1.18955 1.18955 1.18955 1.44509 1.53296 1.53296 1.53296 1.53296 1.53296 1.53296 1.53296 1.53296 1.53296 1.53296 1.53296 1.53296 1.53296
2.05095 2.05095 2.05095 2.05095 2.09535 2.11084 2.11397 2.09123 1.99890 1.83955 1.83955 1.66981 1.56086 1.52411 1.49162 1.46268 1.43571 1.36064 1.27385 1.19557 1.12571 1.11283 1.12736 1.15795 1.20562 1.38903 1.42252 1.40347 1.38439 1.36530 1.34821 1.34465 1.29984 1.16043 1.14548 1.14548 1.14548 1.14548 1.14548 1.14548 1.19035 1.33494 1.32918 1.31870 1.30766 1.29627 1.28431 1.27183 1.21966 1.12754 1.11906 1.11432 1.28490 1.53296 1.53296 1.53296 1.53296 1.53296 1.53296 1.53296 1.53296 1.53296 1.53296 1.53296 1.53296 1.53296
2.05095 2.05095 2.05095 2.05095 2.07762 2.10161 2.09932 2.05577 1.86206 1.66396 1.63498 1.52644 1.40318 1.36644 1.27904 1.19088 1.10372 1.06626 1.05694 1.06704 1.08640 1.10673 1.14352 1.24735 1.29112 1.34014 1.27882 1.27018 1.26129 1.25210 1.24261 1.23277 1.14213 0.976998 0.940976 0.924910 0.908453 0.892288 0.874934 0.855577 0.836968 0.870770 0.846130 0.846130 0.846130 0.846130 0.846130 0.846130 0.846130 0.846130 0.846130 0.846130 0.00000 0.00000 0.00000 0.00000 0.00000 0.00000 0.00000 0.00000 0.00000 0.00000 0.00000 0.00000 0.00000 0.00000
2.02393 2.01278 2.00062 2.00419 2.07777 2.14865 2.18764 2.20309 1.96102 1.78354 1.69136 1.61236 1.42323 1.40118 1.41984 1.43872 1.45709 1.47493 1.49205 1.49764 1.49764 1.49764 1.49825 1.65530 1.67526 1.61256 1.10624 1.10624 1.10624 1.10624 1.10624 1.10624 1.04472 0.773888 0.777121 0.772721 0.767937 0.766577 0.766577 0.766577 0.766577 0.766577 0.00000 0.00000 0.00000 0.00000 0.00000 0.00000 0.00000 0.00000 0.00000 0.00000 0.00000 0.00000 0.00000 0.00000 0.00000 0.00000 0.00000 0.00000 0.00000 0.00000 0.00000 0.00000 0.00000 0.00000
1.95040 1.95581 1.96122 1.99031 2.20158 2.22727 2.30942 2.25070 2.00910 1.77306 1.65270 1.64969 1.50587 1.49764 1.49764 1.49764 1.49764 1.49764 1.49764 1.49764 1.49764 1.49764 1.49764 1.60281 1.67488 1.68623 1.12822 1.10624 1.10624 1.10624 1.10624 1.10624 1.10079 0.799418 0.766577 0.766577 0.766577 0.766577 0.766577 0.766577 0.766577 0.766577 0.00000 0.00000 0.00000 0.00000 0.00000 0.00000 0.00000 0.00000 0.00000 0.00000 0.00000 0.00000 0.00000 0.00000 0.00000 0.00000 0.00000 0.00000 0.00000 0.00000 0.00000 0.00000 0.00000 0.00000
1.81145 1.81145 1.81145 1.81145 2.05598 2.02087 2.12356 2.13643 2.02053 1.82976 1.65270 1.65270 1.54867 1.49764 1.49764 1.49764 1.49764 1.49764 1.49764 1.49764 1.49764 1.49764 1.49764 1.55693 1.67488 1.68990 1.27576 1.10624 1.10624 1.10624 1.10404 1.06456 0.996288 0.816898 0.766577 0.766577 0.766577 0.766577 0.766577 0.766577 0.766577 0.766577 0.00000 0.00000 0.00000 0.00000 0.00000 0.00000 0.00000 0.00000 0.00000 0.00000 0.00000 0.00000 0.00000 0.00000 0.00000 0.00000 0.00000 0.00000 0.00000 0.00000 0.00000 0.00000 0.00000 0.00000
1.81145 1.81145 1.81145 1.81145 2.00602 2.06137 2.08592 2.15360 2.11897 1.92836 1.70938 1.71943 1.63780 1.49764 1.49764 1.49764 1.49764 1.49764 1.49764 1.49764 1.49764 1.49764 1.49764 1.51727 1.67488 1.68215 1.41804 1.08130 1.01938 0.932120 0.807859 0.766577 0.766577 0.766577 0.766577 0.766577 0.766577 0.766577 0.766577 0.766577 0.766577 0.766577 0.00000 0.00000 0.00000 0.00000 0.00000 0.00000 0.00000 0.00000 0.00000 0.00000 0.00000 0.00000 0.00000 0.00000 0.00000 0.00000 0.00000 0.00000 0.00000 0.00000 0.00000 0.00000 0.00000 0.00000
1.82646 1.84853 1.87063 1.89269 2.04002 2.17965 2.17139 2.24640 2.24505 2.00870 1.79100 1.74068 1.70163 1.49764 1.49764 1.49764 1.49764 1.49764 1.49764 1.49764 1.49764 1.49794 1.49920 1.50150 1.67290 1.73253 1.58059 0.766577 0.766577 0.766577 0.766577 0.766577 0.766577 0.766577 0.766577 0.766577 0.766577 0.766577 0.766577 0.766577 0.766577 0.766577 0.766577 0.00000 0.00000 0.00000 0.00000 0.00000 0.00000 0.00000 0.00000 0.00000 0.00000 0.00000 0.00000 0.00000 0.00000 0.00000 0.00000 0.00000 0.00000 0.00000 0.00000 0.00000 0.00000 0.00000
1.95808 1.95808 1.95808 1.95808 2.02257 2.19558 2.18655 2.24640 2.24640 2.06644 1.85258 1.74068 1.73924 1.52027 1.49783 1.49902 1.50034 1.50167 1.50300 1.50464 1.50953 1.51564 1.52159 1.52671 1.66496 1.80559 1.80995 0.766577 0.766577 0.766577 0.766577 0.766577 0.766577 0.766577 0.766577 0.00000 0.00000 0.00000 0.00000 0.00000 0.00000 0.00000 0.00000 0.00000 0.00000 0.00000 0.00000 0.00000 0.00000 1.95478 1.95478 0.00000 0.00000 0.00000 0.00000 0.00000 0.00000 0.00000 0.00000 0.00000 0.00000 0.00000 0.00000 0.00000 0.00000 0.00000
1.95808 1.95808 1.95808 1.95808 1.96723 2.19122 2.20061 2.24640 2.24640 2.13282 1.91702 1.74482 1.74588 1.59754 1.50661 1.50677 1.51307 1.54315 1.58398 1.63489 1.68132 1.72852 1.78014 1.83711 2.09079 2.89231 2.86774 2.28198 1.95478 1.95478 1.95478 1.95478 1.95478 1.95478 1.95478 1.95478 1.95478 1.95478 1.95478 1.95478 1.95478 1.95478 1.95478 1.95478 1.95478 1.95478 1.95478 1.95478 1.95478 1.95478 1.95478 0.00000 0.00000 0.00000 0.00000 0.00000 0.00000 0.00000 0.00000 0.00000 0.00000 0.00000 0.00000 0.00000 0.00000 0.00000
1.95808 1.95808 1.95808 1.95808 1.95808 2.14939 2.17952 2.23844 2.21558 2.17443 1.93694 1.79361 1.82064 1.77205 1.62469 1.67746 1.71875 1.70525 1.68578 1.66632 1.64681 1.62719 1.60772 1.58825 1.60093 2.10023 2.09702 1.99206 1.95478 1.95478 1.95478 1.95478 1.95478 1.95478 1.95478 1.95478 1.95478 1.95478 1.95478 1.95478 1.95478 1.95478 1.95478 1.95478 1.95478 1.95478 1.95478 1.95478 1.95478 1.95478 1.95478 0.00000 0.00000 1.27154 1.27154 1.27154 0.00000 0.00000 0.00000 0.00000 0.00000 0.00000 0.00000 0.00000 0.00000 0.00000
1.96149 1.96453 1.96785 1.97148 1.97547 2.00359 2.02041 2.12519 2.09237 2.14813 1.90642 1.90807 1.93649 1.89762 1.54969 1.54969 1.54969 1.54969 1.54969 1.54969 1.54969 1.54969 1.54969 1.54969 1.54969 1.95209 2.09702 2.02215 1.95478 1.95478 1.95478 1.95478 1.95478 1.95478 1.95478 1.95478 1.95478 1.95478 1.95478 1.95478 1.95478 1.95478 1.95478 1.95478 1.95478 1.95478 1.92686 1.85292 1.79274 1.74391 1.66191 1.27154 1.27154 1.27154 1.27154 1.27154 0.00000 0.00000 0.00000 0.00000 0.00000 0.00000 0.00000 0.00000 0.00000 0.00000
2.03602 2.03602 2.03602 2.03602 2.03602 2.04534 2.05636 2.19829 2.38857 2.40493 2.07877 1.93740 1.93740 1.93730 1.61335 1.54969 1.54969 1.54969 1.54969 1.54969 1.54969 1.54969 1.54969 1.54969 1.54969 1.77784 2.09702 2.05224 1.95478 1.95478 1.95478 1.95478 1.95478 1.95478 1.95478 1.95478 1.95478 1.95478 1.95478 1.95478 1.88360 1.77333 1.72795 1.68999 1.65790 1.63037 1.61366 1.61316 1.61316 1.61316 1.60706 1.28369 1.27154 1.27154 1.27154 1.27154 0.00000 0.00000 0.00000 0.00000 0.00000 0.00000 0.00000 0.00000 0.00000 0.00000
2.03602 2.03602 2.03602 2.03602 2.03602 2.04014 2.05636 2.15088 2.40493 2.40446 2.17505 1.86521 1.81621 1.76119 1.60534 1.54969 1.54969 1.54969 1.54969 1.54969 1.54969 1.54969 1.54969 1.54969 1.54969 1.65757 2.09702 2.08230 1.95478 1.95478 1.95478 1.95478 1.95478 1.95478 1.95478 1.95478 1.95478 1.95478 1.95478 1.95478 1.80412 1.61316 1.61316 1.61316 1.61316 1.61316 1.61316 1.61316 1.61316 1.61316 1.61316 1.38078 1.27154 1.27154 1.27154 1.27154 0.00000 0.00000 0.00000 0.00000 0.00000 0.00000 0.00000 0.00000 0.00000 0.00000
