High_resolution/powerplant/Fengdu/OMI_NO2_200707.asc
ncols      200
nrows      200
xllcorner       105.978
yllcorner       28.1831
cellsize     0.0166667
NODATA_Value      -999.000
[rows 30 to 59 of 200, columns 0 to 65 of 200]
0.00000 0.00000 2.46522 1.80142 1.59355 1.62297 1.69794 1.84991 1.91530 1.97068 2.02714 2.08478 2.14377 2.20382 2.26541 2.32817 2.38060 2.38808 2.39112 2.39421 2.35405 2.07748 2.29272 2.32724 2.32987 2.33245 2.33509 2.33731 2.21786 2.00384 1.78410 1.55833 1.34384 1.29879 1.29879 1.29879 1.29879 1.29879 1.24480 0.788808 0.760805 0.656808 0.656808 0.656808 0.656808 0.656808 0.656808 0.656808 0.656808 0.656808 0.656808 0.656808 0.656808 0.656808 0.656808 0.656808 0.656808 1.65952 2.86247 2.86247 2.86247 2.86247 2.86247 2.86247 2.86247 2.86247
0.00000 0.00000 0.00000 2.36754 2.39706 2.44314 2.44365 2.44365 2.44365 2.44365 2.44365 2.44365 2.44365 2.44365 2.44365 2.44365 2.44365 2.44365 2.44365 2.44365 2.44335 2.10724 2.23201 2.28680 2.06798 1.84326 1.61853 1.39444 1.29879 1.29879 1.29879 1.29879 1.29879 1.29879 1.29879 1.29879 1.29879 1.29879 1.29879 0.851743 0.784134 0.661039 0.656808 0.656808 0.656808 0.656808 0.656808 0.656808 0.656808 0.656808 0.656808 0.656808 0.656808 0.656808 0.656808 0.656808 0.656808 1.16318 2.86247 2.86247 2.86247 2.86247 2.86247 2.86247 2.86247 2.86247
0.00000 0.00000 0.00000 2.45550 2.44365 2.44365 2.44365 2.44365 2.44365 2.44365 2.44365 2.44365 2.44365 2.44365 2.44365 2.44365 2.44365 2.44365 2.44693 2.49234 2.55054 2.35848 2.06416 1.30481 1.29879 1.29879 1.29879 1.29879 1.29879 1.29879 1.29879 1.29879 1.29879 1.29879 1.29879 1.29879 1.29879 1.29879 1.29879 0.968701 0.788706 0.709178 0.656808 0.656808 0.656808 0.656808 0.656808 0.656808 0.656808 0.656808 0.656808 0.656808 0.656808 0.656808 0.661667 0.744429 0.827233 0.930906 2.14314 2.65583 2.86247 2.86247 2.86247 2.86247 2.86247 2.86247
0.00000 0.00000 0.00000 2.46494 2.44473 2.44365 2.44365 2.44365 2.44365 2.44365 2.44365 2.44365 2.44365 2.44365 2.46641 2.52424 2.58244 2.64061 2.69553 2.70831 2.70831 2.54455 2.31213 1.35705 1.29879 1.29879 1.29879 1.29879 1.29879 1.29879 1.29879 1.29879 1.29879 1.29879 1.29879 1.29879 1.29879 1.29879 1.29879 1.08563 0.788706 0.749995 0.656808 0.656808 0.656808 0.656808 0.656808 0.656808 0.656808 0.657761 0.729171 0.816246 0.880014 0.928792 0.965904 0.974778 0.974778 0.974778 1.83463 2.39802 2.93826 2.98218 3.02610 3.07007 3.11399 3.15791
0.00000 0.00000 0.00000 2.46522 2.44647 2.44365 2.44365 2.44365 2.44365 2.44907 2.49793 2.55613 2.61430 2.67250 2.70794 2.70831 2.70831 2.70831 2.70831 2.70831 2.70831 2.63093 2.33577 1.64618 1.29879 1.29879 1.29879 1.29879 1.29879 1.29879 1.29879 1.29879 1.29879 1.29879 1.29879 1.29879 1.29879 1.29879 1.29879 1.20256 0.788706 0.777594 0.656808 0.656808 0.656808 0.726450 0.885577 1.00870 1.10201 1.17540 1.23081 1.28169 1.33251 1.38332 1.43421 1.48495 1.53584 1.58658 2.05192 2.56039 3.50263 3.50263 3.50263 3.50263 3.50263 3.50263
0.00000 0.00000 0.00000 0.00000 2.44651 2.47162 2.52982 2.58799 2.64622 2.69897 2.70831 2.70831 2.70831 2.70831 2.70831 2.70831 2.70831 2.70831 2.70831 2.70831 2.70831 2.70161 2.35160 1.95898 1.29879 1.29879 1.29879 1.29879 1.29879 1.29879 1.29879 1.29879 1.29873 1.29560 1.29087 1.28614 1.28141 1.27668 1.27195 1.26115 1.20903 1.31489 1.56617 1.59807 1.61836 1.64430 1.64961 1.64961 1.64961 1.64961 1.64961 1.64961 1.64961 1.64961 1.64961 1.64961 1.64961 1.64961 1.89422 2.40913 3.38188 3.50263 3.50263 3.50263 3.50263 3.50263
0.00000 0.00000 0.00000 0.00000 2.72509 2.70831 2.70831 2.70831 2.70831 2.70831 2.70831 2.70831 2.70831 2.70831 2.70831 2.70831 2.70831 2.70831 2.70831 2.70831 2.70690 2.67133 2.39969 2.24464 1.29418 1.27577 1.27104 1.26631 1.26158 1.25684 1.25211 1.24739 1.24272 1.24111 1.24111 1.24471 1.27744 1.32539 1.38819 1.47415 1.88029 2.00648 1.75036 1.64961 1.64961 1.64961 1.64961 1.64961 1.64961 1.64961 1.64961 1.64961 1.64961 1.64961 1.64961 1.64961 1.64961 1.64961 1.72499 2.39747 2.95195 3.50263 3.50263 3.50263 3.50263 3.50263
0.00000 0.00000 0.00000 0.00000 2.75535 2.70653 2.70831 2.70831 2.70831 2.70242 2.65870 2.60835 2.55807 2.50772 2.45737 2.40703 2.35674 2.30633 2.25599 2.20564 2.15671 2.14199 2.21131 2.27808 1.48991 1.24111 1.24111 1.24111 1.24111 1.24111 1.24153 1.26520 1.30971 1.36740 1.44516 1.54216 1.56162 1.56162 1.56162 1.56162 1.78436 2.00648 1.85804 1.64961 1.64961 1.64961 1.64961 1.64961 1.64961 1.64961 1.64961 1.64961 1.64961 1.64961 1.64961 1.64961 1.64961 1.64961 1.64961 2.30339 2.65167 3.50263 3.50263 3.50263 3.50263 3.50263
0.00000 0.00000 0.00000 0.00000 0.00000 2.32447 2.29376 2.24347 2.19307 2.14861 2.14199 2.14199 2.14199 2.14199 2.14199 2.14199 2.14199 2.14199 2.14199 2.14199 2.14199 2.14199 2.17962 2.27808 1.80273 1.24111 1.25413 1.29518 1.34837 1.41917 1.51656 1.56162 1.56162 1.56162 1.56162 1.56162 1.56162 1.56162 1.56162 1.56162 1.68235 2.00648 1.99118 1.65997 1.64961 1.64961 1.64961 1.64961 1.64961 1.64961 1.64961 1.64961 1.64961 1.64961 1.64961 1.64961 1.64961 1.64961 1.64961 2.13400 2.44818 3.48575 3.50263 3.50263 3.50263 3.50263
0.00000 0.00000 0.00000 0.00000 0.00000 1.99785 2.14199 2.14199 2.14199 2.14199 2.14199 2.14199 2.14199 2.14199 2.14199 2.14199 2.14199 2.14199 2.14199 2.14199 2.14199 2.13259 2.05135 2.08092 1.82529 1.48448 1.56021 1.56162 1.56162 1.56162 1.56162 1.56162 1.56162 1.56162 1.56162 1.56162 1.56162 1.56162 1.56162 1.56162 1.58550 2.00141 2.00648 1.72052 1.64961 1.64961 1.64961 1.64961 1.64961 1.64961 1.64961 1.64961 1.64961 1.64961 1.64961 1.64961 1.64961 1.65257 1.69320 2.06027 2.54563 3.18824 3.50263 3.50263 3.50263 3.50263
0.00000 0.00000 0.00000 0.00000 0.00000 1.63319 2.13420 2.14199 2.14199 2.14199 2.14199 2.14199 2.14199 2.14199 2.14199 2.14199 2.14199 2.09356 1.97498 1.82038 1.61063 1.34517 1.28942 1.50998 1.56162 1.56162 1.56162 1.56162 1.56162 1.56162 1.56162 1.56162 1.56162 1.56162 1.56162 1.56162 1.56162 1.56162 1.56162 1.56162 1.56162 1.92325 2.00648 1.81319 1.64961 1.64961 1.64961 1.64961 1.64961 1.64961 1.64961 1.64961 1.65045 1.68497 1.73714 1.78932 1.84147 1.89067 1.90216 2.04751 2.65023 2.92924 3.50263 3.50235 3.44484 3.34686
0.00000 0.00000 0.00000 0.00000 0.00000 1.28942 2.02443 2.14199 2.14199 2.14199 2.14199 2.14199 2.12852 2.03283 1.89645 1.71519 1.46199 1.28942 1.28942 1.28942 1.28942 1.28942 1.28942 1.44646 1.56162 1.56162 1.56162 1.56162 1.56162 1.56162 1.56162 1.56162 1.56162 1.56162 1.56162 1.56162 1.56162 1.56162 1.56162 1.56162 1.56162 1.82126 2.00648 1.95142 1.65126 1.64961 1.64961 1.64961 1.67676 1.72889 1.77190 1.78825 1.80219 1.78235 1.74498 1.70746 1.67019 1.63257 1.59529 1.56850 2.08171 2.08673 2.21992 2.12265 2.08260 2.08260
0.00000 0.00000 0.00000 0.00000 0.00000 0.00000 1.90024 2.14173 2.08447 1.96333 1.80498 1.58907 1.32971 1.28942 1.28942 1.28942 1.28942 1.28942 1.28942 1.28942 1.28942 1.28942 1.28942 1.38288 1.56162 1.56162 1.56162 1.56162 1.56162 1.56162 1.56162 1.56162 1.56162 1.56162 1.56162 1.56162 1.56162 1.55820 1.53965 1.51931 1.49905 1.56064 1.59753 1.52298 1.43973 1.45619 1.47079 1.48562 1.47315 1.43578 1.40749 1.40586 1.40586 1.40586 1.40586 1.40586 1.40586 1.40586 1.40586 1.40586 1.80210 1.94057 2.05747 2.08260 2.08260 2.08260
0.00000 0.00000 0.00000 0.00000 0.00000 0.00000 1.45006 1.43650 1.28942 1.28942 1.28942 1.28942 1.28942 1.28942 1.28942 1.28942 1.28942 1.28942 1.28942 1.28942 1.28942 1.28942 1.28942 1.31939 1.56159 1.55585 1.53618 1.51582 1.49549 1.47518 1.45489 1.43455 1.41419 1.39388 1.37354 1.35326 1.33290 1.31600 1.31422 1.31422 1.31422 1.27665 1.01388 1.01388 1.26856 1.40586 1.40586 1.40586 1.40586 1.40586 1.40586 1.40586 1.40586 1.40586 1.40586 1.40586 1.40586 1.40586 1.40586 1.40586 1.68104 1.94022 2.00355 2.08260 2.08260 2.08260
0.00000 0.00000 0.00000 0.00000 0.00000 0.00000 1.28942 1.28942 1.28942 1.28942 1.28942 1.28942 1.28942 1.28942 1.28942 1.28942 1.28942 1.28942 1.28942 1.28942 1.28942 1.28942 1.28942 1.28942 1.33093 1.31484 1.31422 1.31422 1.31422 1.31422 1.31422 1.31422 1.31422 1.31422 1.31422 1.31422 1.31422 1.31422 1.31422 1.31422 1.31422 1.31416 1.04529 1.01388 1.13655 1.40586 1.40586 1.40586 1.40586 1.40586 1.40586 1.40586 1.40586 1.40586 1.40586 1.40586 1.40586 1.40586 1.40586 1.40586 1.55999 1.94022 1.96767 2.08260 2.08260 2.08260
0.00000 0.00000 0.00000 0.00000 0.00000 0.00000 1.28942 1.28942 1.28942 1.28942 1.28942 1.28942 1.28942 1.28942 0.00000 0.00000 0.00000 0.00000 0.00000 0.00000 0.00000 0.00000 0.00000 0.00000 1.31422 1.31422 1.31422 1.31422 1.31422 1.31422 1.31422 1.31422 1.31422 1.31422 1.31422 1.31422 1.31422 1.31422 1.31422 1.31422 1.31422 1.31422 1.11404 1.01388 1.01576 1.38247 1.40586 1.40586 1.40586 1.40586 1.40586 1.40586 1.40586 1.40586 1.40586 1.40586 1.40586 1.40586 1.40586 1.40586 1.44200 1.93711 1.94414 2.07625 2.08260 2.08260
0.00000 0.00000 0.00000 0.00000 0.00000 0.00000 0.00000 0.00000 0.00000 0.00000 0.00000 0.00000 0.00000 0.00000 0.00000 0.00000 0.00000 0.00000 0.00000 0.00000 0.00000 0.00000 0.00000 0.00000 1.31422 1.31422 1.31422 1.31422 1.31422 1.31422 1.31422 1.31422 1.31422 1.31422 1.31422 1.31422 1.31422 1.31422 1.31422 1.31422 1.31422 1.31422 1.18291 1.01388 1.01388 1.30608 1.40586 1.40586 1.40586 1.40586 1.40586 1.40586 1.40586 1.40586 1.40586 1.40586 1.40586 1.40586 1.40586 1.40586 1.40309 1.85761 1.97420 2.05895 2.08260 2.08260
0.00000 0.00000 0.00000 0.00000 0.00000 0.00000 0.00000 0.00000 0.00000 0.00000 0.00000 0.00000 0.00000 0.00000 0.00000 0.00000 0.00000 0.00000 0.00000 0.00000 0.00000 0.00000 0.00000 0.00000 1.31422 1.31422 1.31422 1.31422 1.31422 1.31422 1.31422 1.31422 1.31422 1.31422 1.31422 1.31422 1.31422 1.31422 1.31422 1.31422 1.31422 1.31422 1.25178 1.01388 1.01388 1.19410 1.40586 1.40586 1.40586 1.40586 1.40586 1.40586 1.40586 1.40586 1.40586 1.40489 1.37446 1.32144 1.25319 1.16213 1.04476 1.66462 2.08260 2.08260 2.08260 2.08260
0.00000 0.00000 0.00000 0.00000 0.00000 0.00000 0.00000 0.00000 0.00000 0.00000 0.00000 0.00000 0.00000 0.00000 0.00000 0.00000 0.00000 0.00000 0.00000 0.00000 0.00000 0.00000 0.00000 0.00000 1.31422 1.31422 1.31422 1.31422 1.31422 1.31422 1.31422 1.31422 1.31422 1.31422 1.31422 1.31422 1.31422 1.31422 1.31422 1.31422 1.31422 1.31422 1.30851 1.02598 1.01388 1.04280 1.39877 1.40586 1.40586 1.40586 1.40576 1.38139 1.33019 1.26460 1.17767 1.10537 1.18858 1.31601 1.44362 1.57088 1.69815 1.88110 1.82882 1.79710 1.76535 1.73359
0.00000 0.00000 0.00000 0.00000 0.00000 0.00000 0.00000 0.00000 0.00000 0.00000 0.00000 0.00000 0.00000 0.00000 0.00000 0.00000 0.00000 0.00000 0.00000 0.00000 0.00000 0.00000 0.00000 0.00000 0.00000 1.31422 1.31422 1.31422 1.31422 1.31422 1.31422 1.31422 1.31422 1.31422 1.31422 1.31422 1.31422 1.31422 1.31422 1.31422 1.31422 1.31422 1.43758 1.33889 1.34707 1.47501 1.67784 1.75784 1.83735 1.94206 2.08627 2.23929 2.36689 2.49382 2.62177 2.70076 2.70177 2.70177 2.70177 2.70177 2.70177 2.53353 1.62168 1.62168 1.62168 1.62168
0.00000 0.00000 0.00000 0.00000 0.00000 0.00000 0.495416 0.495416 0.495416 0.495416 0.00000 0.00000 0.00000 0.00000 0.00000 0.00000 0.00000 0.00000 0.00000 0.00000 0.00000 0.00000 0.00000 0.00000 0.00000 1.31422 1.31422 1.31422 1.31422 1.32139 1.49523 1.73926 1.98329 2.22792 2.47195 2.71598 2.96001 3.20404 3.44807 3.69240 3.93673 4.18047 4.30114 3.47139 2.70177 2.70177 2.70177 2.70177 2.70177 2.70177 2.70177 2.70177 2.70177 2.70177 2.70177 2.70177 2.70177 2.70177 2.70177 2.70177 2.70177 2.69745 1.70226 1.62168 1.62168 1.62168
0.00000 0.495416 0.495416 0.495416 0.495416 0.495416 0.495416 0.495416 0.495416 0.495416 0.00000 0.00000 0.00000 0.00000 0.00000 0.00000 0.00000 0.00000 3.76880 3.76880 3.76880 3.76880 3.76880 3.76880 3.76880 3.53441 3.50542 3.75035 3.99408 4.23124 4.30114 4.30114 4.30114 4.30114 4.30114 4.30114 4.30114 4.30114 4.30114 4.30114 4.30114 4.30114 4.30114 3.84036 2.70177 2.70177 2.70177 2.70177 2.70177 2.70177 2.70177 2.70177 2.70177 2.70177 2.70177 2.70177 2.70177 2.70177 2.70177 2.70177 2.70177 2.70177 1.94267 1.62168 1.62168 1.62168
0.495416 0.495416 0.495416 0.495416 0.495416 0.495416 0.495416 0.552411 0.754716 1.39489 3.76880 3.76880 3.76880 3.76880 3.76880 3.76880 3.76880 3.76880 3.76880 3.76880 3.76880 3.76880 3.76880 3.76880 3.76880 3.78658 4.28788 4.30114 4.30114 4.30114 4.30114 4.30114 4.30114 4.30114 4.30114 4.30114 4.30114 4.30114 4.30114 4.30114 4.30114 4.30114 4.30114 4.19782 2.71345 2.70177 2.70177 2.70177 2.70177 2.70177 2.70177 2.70177 2.70177 2.70177 2.70177 2.70177 2.70177 2.70177 2.70177 2.70177 2.70177 2.70177 2.18738 1.62168 1.62168 1.62168
0.897364 0.966357 1.02699 1.08063 1.12849 1.17152 1.21027 1.23093 1.39954 2.22499 3.75641 3.76880 3.76880 3.76880 3.76880 3.76880 3.76880 3.76880 3.76880 3.76880 3.76880 3.76880 3.76880 3.76880 3.76880 3.76880 4.18215 4.30114 4.30114 4.30114 4.30114 4.30114 4.30114 4.30114 4.30114 4.30114 4.30114 4.30114 4.30114 4.30114 4.30114 4.30114 4.30114 4.30114 2.98027 2.70177 2.70177 2.70177 2.70177 2.70177 2.70177 2.70177 2.70177 2.70177 2.70177 2.70177 2.70177 2.70177 2.70177 2.70177 2.70177 2.70177 2.43213 1.62168 1.62168 1.62168
1.23104 1.23104 1.23104 1.23104 1.23104 1.23104 1.23104 1.23104 1.24023 2.07974 3.22460 3.76880 3.76880 3.76880 3.76880 3.76880 3.76880 3.76880 3.76880 3.76880 3.76880 3.76880 3.76880 3.76880 3.76880 3.76880 4.05866 4.30114 4.30114 4.30114 4.30114 4.30114 4.30114 4.30114 4.30114 4.30114 4.30114 4.30114 4.30114 4.30114 4.30114 4.30114 4.30114 4.30114 3.34951 2.70177 2.70177 2.70177 2.70177 2.70177 2.70177 2.70177 2.70177 2.70177 2.70177 2.70177 2.70177 2.70177 2.70177 2.70177 2.70177 2.70177 2.65738 1.64101 1.62168 1.62168
1.23104 1.23104 1.23104 1.23104 1.23104 1.23104 1.23104 1.23104 1.23104 1.87711 2.67390 3.76880 3.76880 3.76880 3.76880 3.76880 3.76880 3.76880 3.76880 3.76880 3.76880 3.76880 3.76880 3.76880 3.76880 3.76880 3.93506 4.30114 4.30114 4.30114 4.30114 4.30114 4.30114 4.30114 4.30114 4.30114 4.30114 4.30114 4.30114 4.30114 4.30114 4.30114 4.30114 4.30114 3.71865 2.70177 2.70177 2.70177 2.70177 2.70177 2.70177 2.70177 2.70177 2.70177 2.70177 2.70177 2.70177 2.70177 2.70177 2.70177 2.70177 2.70177 2.70177 1.58631 1.31921 1.25700
1.23104 1.23104 1.23104 1.23104 1.23104 1.23104 1.23104 1.23104 1.23104 1.66517 2.30812 3.76880 3.76880 3.76880 3.76880 3.76880 3.76880 3.76880 3.76880 3.76880 3.76880 3.76880 3.76880 3.76880 3.76880 3.76880 3.81304 4.29970 4.30114 4.30114 4.30114 4.30114 4.30114 4.30114 4.30114 4.30114 4.30114 4.30114 4.30114 4.30114 4.30114 4.30114 4.30114 4.30114 4.08762 2.70177 2.70177 2.70177 2.70177 2.70177 2.70177 2.70177 2.70177 2.70177 2.70177 2.70177 2.70177 2.70177 2.70177 2.70177 0.00000 0.00000 0.00000 0.720128 0.720128 0.720128
1.23104 1.23104 1.23104 1.23104 1.23104 1.23104 1.23104 1.23104 1.23104 1.48736 2.28254 3.51603 3.76880 3.76880 3.76880 3.76880 3.76880 3.76880 3.76880 3.76880 3.76880 3.76880 3.76880 3.76880 3.76880 3.76880 3.76880 4.22038 4.30114 4.30114 4.30114 4.30114 4.30114 4.30114 4.28973 4.24221 4.19232 4.14244 4.09249 4.04237 3.99242 3.94247 3.89253 3.84252 3.70718 2.39941 1.80284 1.77561 1.77561 0.00000 0.00000 0.00000 0.00000 0.00000 0.00000 0.00000 0.00000 0.00000 0.00000 0.00000 0.00000 0.00000 0.00000 0.720128 0.720128 0.720128
1.23104 1.23104 1.23104 1.23104 1.23294 1.31023 1.42682 1.54335 1.65989 1.77418 2.62493 3.11593 3.76880 3.76880 3.76880 3.76880 3.76880 3.76880 3.76880 3.76880 3.76880 3.76880 3.74007 3.50265 3.22261 2.94321 2.66317 3.35551 3.98526 3.93531 3.88525 3.83524 3.78535 3.73541 3.69681 3.69426 3.69426 3.69426 3.69426 3.67132 3.40435 3.15484 2.97185 2.83167 2.74160 2.24699 1.77561 1.77561 1.77561 1.77561 0.00000 0.00000 0.00000 0.00000 0.00000 0.00000 0.00000 0.00000 0.00000 0.00000 0.00000 0.00000 0.00000 0.720128 0.720128 0.720128
1.25145 1.35837 1.47480 1.59139 1.70612 1.74531 1.74531 1.74531 1.74531 1.74531 2.44490 2.79138 3.42246 3.14242 2.86302 2.58330 2.30357 2.02385 1.74413 1.46441 1.18437 0.904646 0.653654 0.611664 0.611664 0.611664 0.611664 1.79612 3.69426 3.69426 3.69426 3.69426 3.69426 3.69426 3.69407 3.49885 3.22212 3.02205 2.87054 2.75797 2.73494 2.73494 2.73494 2.73494 2.73494 2.46024 1.77561 1.77561 1.77561 1.77561 0.00000 0.00000 0.00000 0.00000 0.00000 0.00000 0.00000 0.00000 0.00000 0.00000 0.00000 0.00000 0.00000 0.00000 0.720128 0.720128
