High_resolution/powerplant/Fengdu/OMI_NO2_200705.asc
ncols      200
nrows      200
xllcorner       105.978
yllcorner       28.1831
cellsize     0.0166667
NODATA_Value      -999.000
[rows 87 to 115 of 200, columns 66 to 131 of 200]
2.65254 2.62312 2.67450 2.79728 2.82790 2.78505 2.87438 2.94535 2.91717 2.94143 2.95402 2.95654 2.95516 2.95379 2.95242 2.95105 2.92546 2.62855 2.44430 2.40089 2.39059 2.39045 2.39837 2.48333 2.47745 2.47274 2.50312 2.48889 2.47484 2.46421 2.45338 2.43802 2.39688 2.33471 2.27252 2.21010 2.15899 2.14824 2.12989 2.14434 2.00316 1.89782 1.88524 1.98986 1.95001 1.86506 1.87363 1.88006 1.88037 1.87636 1.86145 1.84503 1.82744 1.80858 1.82484 2.22350 2.22421 2.22421 2.22421 2.22421 2.22421 2.22421 2.22421 2.21293 2.18211 2.18190
2.41771 2.39220 2.38164 2.52478 2.66251 2.65185 2.70501 2.86532 2.86372 2.89378 2.92139 2.92701 2.92701 2.92938 2.94417 2.95993 2.97104 2.70380 2.41803 2.30220 2.31248 2.31268 2.30651 2.33059 2.34349 2.25713 2.30091 2.29944 2.25454 2.20269 2.15105 2.10431 2.08289 2.06761 2.04297 2.01832 1.99366 1.96900 1.95567 1.97539 1.99421 1.84533 1.84993 1.98213 1.99702 1.84028 1.81984 1.80042 1.77954 1.76329 1.76250 1.76250 1.76250 1.76250 1.76250 2.14572 2.22421 2.22421 2.22421 2.22421 2.22421 2.22501 2.26115 2.31453 2.40108 2.49335
2.34073 2.34358 2.35386 2.49411 2.62527 2.61344 2.62027 2.83636 2.86539 2.89318 2.93536 2.95116 2.96253 2.97059 2.96620 2.96084 2.96013 2.74873 2.46488 2.26005 2.26005 2.26005 2.26005 2.27552 2.36205 2.16039 2.10747 2.08901 2.06343 2.03880 2.01414 1.98948 1.96503 1.95565 1.95565 1.95565 1.95363 1.93306 1.90811 1.88393 1.94525 1.72028 1.75769 1.85334 1.94499 1.81098 1.76938 1.77210 1.77483 1.77758 1.78038 1.78310 1.78582 1.78858 1.79135 2.06205 2.25851 2.27562 2.33145 2.38944 2.44742 2.50468 2.52653 2.52925 2.57345 2.55078
2.51220 2.54659 2.57282 2.67690 2.76615 2.72386 2.73839 2.86393 2.92460 2.92532 2.95258 2.95742 2.96013 2.96013 2.96013 2.95865 2.95409 2.81113 2.55157 2.28203 2.30450 2.32702 2.35027 2.37902 2.43005 2.16455 1.97467 1.98963 1.98568 1.98788 1.98523 1.96420 1.94145 1.91863 1.89587 1.87306 1.85231 1.85006 1.85228 1.85443 1.92904 1.79232 1.83280 1.89893 2.04388 1.96146 1.86273 1.86273 1.86273 1.86273 1.86273 1.86273 1.86477 1.90533 1.96058 2.16716 2.48984 2.47671 2.42475 2.37066 2.31660 2.26246 2.20836 2.15431 2.11528 2.10189
2.62167 2.61758 2.62425 2.68618 2.76270 2.68086 2.66632 2.73293 2.84273 2.83805 2.85460 2.85982 2.85961 2.85496 2.85158 2.86448 2.88468 2.87016 2.76771 2.42867 2.43382 2.44188 2.44915 2.45260 2.45581 2.25233 1.96963 1.93776 1.91034 1.88536 1.86524 1.86345 1.86345 1.86345 1.86345 1.86345 1.86345 1.86345 1.86345 1.86345 1.90923 1.86101 1.81219 1.85711 2.04388 2.01580 1.86273 1.86037 1.84720 1.86064 1.87534 1.88961 1.90214 1.87605 1.83514 1.82545 2.12101 2.12209 2.12209 2.12209 2.12209 2.12209 2.12209 2.12209 2.11810 2.10189
2.65681 2.70805 2.74858 2.75175 2.73523 2.64417 2.62580 2.64407 2.81069 2.81151 2.82939 2.86412 2.89105 2.91821 2.94531 2.95757 2.96563 2.96578 2.82936 2.50259 2.43524 2.42859 2.42196 2.41533 2.42487 2.29154 2.00086 1.88187 1.86345 1.86345 1.86345 1.86345 1.86345 1.86345 1.86345 1.86345 1.86345 1.86345 1.86345 1.86293 1.87355 1.88459 1.69015 1.70147 1.85582 1.86431 1.75485 1.75736 1.78501 1.78589 1.78589 1.78589 1.78589 1.78589 1.78589 1.78589 2.06698 2.12209 2.12209 2.12209 2.12209 2.12209 2.12209 2.12209 2.12145 2.10321
2.75175 2.75175 2.75175 2.75175 2.74700 2.66321 2.63511 2.65899 2.84072 2.89653 2.92701 2.95928 2.96948 2.96560 2.95895 2.95231 2.94567 2.93902 2.81395 2.54951 2.41035 2.41035 2.41035 2.41035 2.42141 2.36726 2.06216 1.89965 1.86345 1.86345 1.86345 1.86345 1.85827 1.84829 1.83792 1.82714 1.81591 1.80422 1.79206 1.78590 1.80459 1.82359 1.62771 1.67942 1.80287 1.86403 1.82040 1.78589 1.78589 1.78589 1.78589 1.78589 1.78589 1.78613 1.78688 1.78764 1.98629 2.12536 2.12613 2.13757 2.15940 2.17971 2.19867 2.21641 2.23304 2.23924
2.75175 2.75181 2.76375 2.81903 2.89169 2.92462 2.94726 3.00304 2.98804 2.96323 2.97147 3.00638 2.97479 2.93426 2.93426 2.93426 2.93517 2.94151 2.85795 2.64696 2.42368 2.42667 2.42965 2.43273 2.43761 2.40779 2.14933 1.89531 1.81790 1.80529 1.79193 1.77777 1.77065 1.77022 1.77005 1.78566 1.80952 1.83146 1.85361 1.86928 1.86690 1.85118 1.66467 1.61532 1.73773 1.87200 1.85239 1.79539 1.79615 1.79692 1.79768 1.79844 1.79712 1.78025 1.76105 1.74317 1.82585 1.99389 2.22811 2.25439 2.25439 2.25439 2.25439 2.25439 2.25439 2.24111
2.99092 3.07448 3.14709 3.17644 3.18961 3.21022 3.17033 3.16160 3.15371 3.10885 3.11606 3.14374 3.14261 3.08770 3.09491 3.10212 3.10836 3.09443 3.00688 2.80546 2.39543 2.36251 2.32913 2.29578 2.27319 2.27593 2.16445 1.90291 1.74252 1.73054 1.73120 1.75189 1.77510 1.79826 1.82116 1.82721 1.81624 1.80179 1.78739 1.77297 1.75857 1.75480 1.68095 1.54864 1.65868 1.87789 1.86707 1.77610 1.75318 1.73583 1.71963 1.70450 1.69163 1.68948 1.68948 1.68948 1.71509 1.95796 2.16177 2.25439 2.25439 2.25439 2.25439 2.25439 2.25396 2.23371
3.27703 3.27803 3.27803 3.27803 3.27803 3.29258 3.25058 3.22345 3.22052 3.15710 3.14986 3.13928 3.09542 2.99389 2.96001 2.93141 2.90284 2.88905 2.85556 2.72615 2.25242 2.24108 2.24108 2.24108 2.24128 2.24649 2.18981 2.01224 1.80582 1.79982 1.82185 1.81387 1.79945 1.78504 1.77063 1.75628 1.75041 1.75041 1.75041 1.75041 1.75058 1.75276 1.74652 1.51244 1.53977 1.76064 1.75212 1.71037 1.68948 1.68948 1.68948 1.68948 1.68948 1.68948 1.69016 1.69410 1.69845 1.93423 2.11057 2.29290 2.29576 2.28778 2.27938 2.27088 2.26283 2.26204
3.30758 3.31149 3.31538 3.31927 3.32318 3.33664 3.23199 3.20099 3.19560 3.15226 3.12845 3.09651 2.96168 2.90824 2.88250 2.88250 2.88250 2.88250 2.87790 2.74114 2.34849 2.24211 2.26911 2.30958 2.35522 2.40913 2.41889 2.23573 1.87014 1.80043 1.79112 1.79231 1.79765 1.80323 1.80894 1.81495 1.82090 1.82702 1.83326 1.83946 1.84579 1.85181 1.84886 1.64748 1.60790 1.85301 1.90465 1.88376 1.84270 1.84882 1.85504 1.86149 1.86786 1.87437 1.87989 1.87906 1.86337 2.04510 2.21986 2.50758 2.47429 2.45176 2.42960 2.40746 2.38528 2.35956
3.34398 3.35068 3.35747 3.36435 3.37126 3.39230 3.33023 3.27553 3.26814 3.25014 3.21104 3.21694 3.05671 3.01490 2.96896 2.97488 2.98088 2.99199 3.03117 3.05626 2.81875 2.68718 2.76097 2.81878 2.86868 2.91833 2.85712 2.50551 2.12592 1.92531 1.92526 1.92559 1.92592 1.92622 1.92629 1.92629 1.92629 1.92629 1.92629 1.92629 1.92629 1.92629 1.90860 1.77249 1.65127 1.84448 1.95860 1.95228 1.88127 1.88046 1.88046 1.87502 1.86894 1.86356 1.85816 1.85416 1.86446 1.91789 1.96318 2.27522 2.29953 2.27365 2.24987 2.22799 2.20775 2.19106
3.50986 3.51700 3.55133 3.58831 3.62528 3.64687 3.53544 3.41055 3.38405 3.37803 3.30654 3.30570 3.17288 3.11130 3.06889 3.11060 3.18288 3.25730 3.30309 3.34450 3.21677 2.92685 2.94506 2.96495 2.98503 3.00734 3.03007 2.69497 2.40015 1.96914 1.92629 1.92629 1.92629 1.92629 1.92629 1.92629 1.92629 1.92629 1.92629 1.92629 1.92629 1.92629 1.91444 1.85530 1.65257 1.80958 2.00174 1.99896 1.93243 1.90912 1.90367 1.90376 1.90441 1.90441 1.90441 1.90441 1.90441 1.90832 1.94215 2.17628 2.20155 2.18863 2.18863 2.18863 2.18863 2.18863
3.61453 3.64436 3.64700 3.64700 3.64700 3.64700 3.58853 3.41705 3.38784 3.40698 3.38796 3.44301 3.43939 3.39520 3.35748 3.38570 3.40808 3.42482 3.44138 3.45811 3.40077 3.04221 3.04406 3.04406 3.04406 3.04502 3.05065 2.81710 2.53682 2.04036 1.92629 1.92629 1.92629 1.92629 1.92629 1.92629 1.92629 1.92629 1.92629 1.92629 1.92629 1.92629 1.93172 1.96894 1.71795 1.75828 1.98713 1.98427 1.94637 1.90441 1.90441 1.90441 1.90441 1.90441 1.90441 1.90441 1.90441 1.90441 1.93670 2.07783 2.22832 2.18180 2.16302 2.09544 2.02445 1.95338
3.64700 3.64700 3.64700 3.64700 3.64910 3.69143 3.74481 3.63212 3.62926 3.60687 3.64794 3.68001 3.64786 3.48870 3.48139 3.48890 3.49024 3.49024 3.49024 3.49024 3.48311 3.06188 3.04406 3.04406 3.04406 3.04409 3.05012 2.92578 2.63827 2.14688 1.92629 1.92629 1.92629 1.92629 1.92629 1.92629 1.92629 1.92544 1.91066 1.89092 1.87122 1.85241 1.85841 1.95165 1.81553 1.77433 1.96354 1.95972 1.94174 1.87207 1.86816 1.86429 1.86038 1.85650 1.85261 1.84789 1.81222 1.76069 1.73218 1.72619 1.82147 1.73623 1.68397 1.68049 1.68049 1.68049
3.64348 3.68731 3.74626 3.80604 3.86535 3.88416 3.87789 3.70382 3.60654 3.48163 3.47659 3.50603 3.48831 3.27532 3.23744 3.21686 3.19712 3.17716 3.15689 3.13629 3.11666 3.06009 3.06074 3.06970 3.07923 3.09048 3.12558 3.13398 2.72008 2.43662 2.04798 2.06630 2.08993 2.10866 2.11337 2.11733 2.12131 2.12607 2.14472 2.16300 2.17754 2.19128 2.18828 2.19034 2.13364 2.05544 1.95061 1.91375 1.91365 1.83494 1.78115 1.73357 1.68603 1.63842 1.59084 1.54409 1.52832 1.52832 1.54188 1.56609 1.66018 1.68043 1.68049 1.68049 1.68049 1.68049
3.63948 3.65795 3.65959 3.66114 3.66154 3.66154 3.66154 3.52204 3.38357 3.22360 3.21564 3.27826 3.30177 3.16897 3.11906 3.14757 3.17958 3.21358 3.24978 3.28827 3.32677 3.35209 3.37520 3.39833 3.42144 3.44331 3.47660 3.50611 3.13913 2.84484 2.33949 2.25636 2.23663 2.22152 2.21401 2.20490 2.19581 2.18672 2.17765 2.17395 2.17395 2.17395 2.17395 2.18813 2.19664 1.98555 1.81512 1.69820 1.65060 1.56554 1.52832 1.52832 1.52832 1.52832 1.52832 1.52832 1.52832 1.52832 1.53252 1.56608 1.63050 1.67976 1.68049 1.66862 1.64018 1.61163
3.71411 3.73340 3.75258 3.77192 3.79111 3.81037 3.82920 3.75644 3.60353 3.50084 3.46227 3.51534 3.53905 3.50714 3.45079 3.44901 3.44850 3.44850 3.44850 3.44850 3.44850 3.44850 3.44850 3.44850 3.44349 3.38798 3.33457 3.30812 3.00899 2.70933 2.34397 2.19423 2.18513 2.17637 2.17395 2.17395 2.17420 2.18425 2.19933 2.21439 2.22947 2.24455 2.25960 2.26729 2.26543 2.02459 1.70996 1.60818 1.60818 1.58575 1.52832 1.52832 1.52832 1.52832 1.52832 1.52832 1.52832 1.52832 1.52430 1.52607 1.53081 1.58389 1.56697 1.54347 1.52755 1.51172
3.91325 3.91386 3.91306 3.91226 3.91146 3.91066 3.91029 3.86855 3.65025 3.58320 3.47437 3.49624 3.53848 3.52724 3.45079 3.44963 3.44850 3.44850 3.44850 3.44850 3.43331 3.36840 3.29970 3.22049 3.06727 2.94832 2.84563 2.79373 2.69923 2.68401 2.44612 2.18768 2.20276 2.21783 2.23290 2.24798 2.26280 2.26781 2.26781 2.26781 2.26781 2.26781 2.26781 2.26779 2.26558 2.16137 1.74360 1.60823 1.60818 1.60586 1.53204 1.52832 1.52832 1.52829 1.50871 1.44206 1.35602 1.26987 1.18830 1.23673 1.29486 1.39216 1.42600 1.41279 1.40199 1.39028
3.90283 3.91029 3.91029 3.91029 3.89867 3.86894 3.83901 3.80758 3.59739 3.63393 3.47638 3.47874 3.53757 3.53837 3.46161 3.45026 3.41750 3.34889 3.26914 3.11039 2.95157 2.84250 2.73669 2.64135 2.62274 2.60108 2.57493 2.59607 2.58011 2.55531 2.42655 2.26861 2.26781 2.26781 2.26781 2.26781 2.26781 2.26781 2.26781 2.26781 2.26781 2.26781 2.26781 2.26781 2.26609 2.23424 1.81597 1.59341 1.52500 1.46515 1.32269 1.21930 1.13367 1.04754 0.981111 0.962030 0.962030 0.962030 0.962030 1.06338 1.23666 1.32491 1.35673 1.34760 1.34752 1.34752
3.89123 3.87779 3.84785 3.81792 3.79962 3.79941 3.79941 3.79941 3.62818 3.64181 3.51534 3.47289 3.48315 3.43434 3.22107 2.98728 2.84167 2.73563 2.63834 2.60065 2.57443 2.54823 2.52221 2.49598 2.47205 2.46764 2.46764 2.50221 2.52525 2.52611 2.49587 2.27225 2.26781 2.26781 2.26781 2.26781 2.26781 2.26781 2.26781 2.25044 2.21259 2.17700 2.14349 2.11189 2.06351 1.97096 1.45888 1.10452 0.993621 0.943120 0.947019 0.962030 0.962030 0.962030 0.962030 0.962030 0.962030 0.962030 0.962030 0.995791 1.23666 1.29520 1.34752 1.34752 1.34752 1.34667
3.78164 3.79941 3.79941 3.79941 3.79941 3.79941 3.79941 3.79552 3.63785 3.47676 3.30457 3.08795 2.98982 2.86465 2.72835 2.51016 2.50418 2.49546 2.47188 2.46764 2.46764 2.46764 2.46764 2.46764 2.46764 2.46764 2.46764 2.48941 2.52525 2.52573 2.52661 2.31104 2.22424 2.18796 2.15381 2.12163 2.09124 2.06247 2.03527 2.02059 2.01641 1.97633 1.92798 1.87962 1.81750 1.72896 1.45531 1.01560 0.925151 0.916104 0.909451 0.922365 0.913583 0.904487 0.895570 0.886474 0.877541 0.868461 0.859528 0.863060 1.14204 1.23953 1.31993 1.34773 1.37822 1.41273
3.77579 3.79624 3.79941 3.79134 3.72054 3.62973 3.53855 3.43355 3.28660 3.07281 3.00214 2.79946 2.75416 2.68696 2.65344 2.38639 2.42040 2.46764 2.46764 2.46764 2.46764 2.46764 2.46764 2.46764 2.46764 2.46764 2.46764 2.47661 2.52525 2.50589 2.25636 2.11978 1.99629 1.97744 1.95871 1.94007 1.90454 1.83818 1.77107 1.70410 1.64125 1.61415 1.56427 1.48710 1.40281 1.22863 1.08776 0.734580 0.774576 0.774576 0.774576 0.793919 0.800585 0.824505 0.857883 0.894101 0.933670 0.976990 1.02469 1.05626 1.28755 1.42281 1.42281 1.42281 1.42281 1.42281
3.63866 3.56624 3.44951 3.33930 3.29174 3.26421 3.23708 3.22763 3.21297 2.98924 2.96283 2.79122 2.76073 2.69441 2.68693 2.42995 2.39993 2.47739 2.48633 2.49528 2.50423 2.51320 2.52215 2.53111 2.54005 2.54901 2.55799 2.56717 2.24616 2.19154 1.97316 1.88545 1.68644 1.63685 1.58850 1.54017 1.50692 1.46479 1.40308 1.33588 1.26279 1.18291 1.14680 1.14680 1.14680 1.08062 1.04138 0.815022 0.845059 0.883159 0.923032 0.981942 1.04462 1.05664 1.05664 1.05664 1.05664 1.05664 1.05664 1.05664 1.19729 1.42281 1.42281 1.42281 1.42281 1.42281
3.49064 3.43664 3.22516 3.20246 3.17536 3.14811 3.12108 3.09386 3.06680 3.02350 3.02265 2.90831 2.81814 2.77377 2.74648 2.61029 2.51533 2.58733 2.59733 2.59733 2.59733 2.59733 2.59733 2.59733 2.59733 2.59733 2.59733 2.59796 2.28345 2.16053 2.02170 1.93577 1.49842 1.39199 1.32392 1.24972 1.17090 1.14680 1.14680 1.14680 1.13291 1.10225 1.07155 1.04086 1.01018 0.937402 0.859607 0.893584 1.00666 1.02405 1.02405 1.03049 1.05664 1.05664 1.05664 1.05664 1.05664 1.05664 1.05664 1.05664 1.10726 1.42085 1.41020 1.39852 1.38684 1.37516
3.18564 3.18695 2.87707 2.86343 2.85846 2.85348 2.84850 2.84353 2.83856 2.95861 3.03402 2.97483 2.82228 2.79512 2.73596 2.65161 2.48462 2.52254 2.54334 2.53372 2.52421 2.51492 2.58321 2.59881 2.60302 2.60729 2.60406 2.54354 2.24765 1.94677 1.82149 1.70126 1.35829 1.14634 1.12609 1.09539 1.06472 1.03402 1.00334 0.972625 0.955816 0.955777 0.955777 0.955777 0.955777 0.938021 0.858480 0.873602 0.988716 1.02405 1.02405 1.02418 1.05327 1.05664 1.05664 1.05664 1.05652 1.04918 1.04586 1.09388 1.15119 1.42154 1.45951 1.48133 1.50314 1.52496
2.91648 3.02036 2.79032 2.71949 2.71219 2.70488 2.69758 2.67928 2.65313 2.70126 2.80485 2.79168 2.63017 2.60818 2.55100 2.52753 2.32451 2.34627 2.38949 2.39159 2.39500 2.39241 2.47454 2.46808 2.39230 2.31646 2.24812 2.23659 2.11840 1.80187 1.79329 1.70965 1.53884 0.967584 0.955777 0.955777 0.955777 0.955777 0.955777 0.955777 0.955777 0.955777 0.955777 0.955777 0.955777 0.955135 0.865516 0.859566 0.964424 1.02405 1.03296 1.09355 1.18164 1.24948 1.30609 1.36319 1.42041 1.48486 1.54506 1.55364 1.55364 1.55321 1.55294 1.55294 1.55294 1.55294
2.77704 2.89123 2.78278 2.64512 2.62590 2.60488 2.58224 2.57346 2.57346 2.60517 2.77873 2.77873 2.67348 2.61156 2.56539 2.55243 2.36141 2.28188 2.28420 2.22544 2.16476 2.11022 2.16546 2.24745 2.25385 2.26025 2.26665 2.27290 2.24709 1.83226 1.82931 1.73259 1.70482 1.01720 0.955777 0.955777 0.955777 0.955777 0.955777 0.955777 0.955777 0.955777 0.956888 0.970154 0.986778 1.00344 1.04628 1.11794 1.34621 1.64623 1.79245 1.88718 1.82901 1.55364 1.55364 1.55364 1.55364 1.55364 1.55364 1.55364 1.55364 1.55341 1.55294 1.55294 1.55294 1.55294
2.76229 2.83280 2.81859 2.57371 2.57346 2.57346 2.57346 2.57346 2.57346 2.57424 2.75525 2.73065 2.65192 2.59392 2.50525 2.36265 2.16711 2.04375 2.10103 2.11985 2.12497 2.12995 2.16754 2.27484 2.27484 2.27484 2.27484 2.27484 2.27484 1.90238 1.82931 1.75394 1.72952 1.21679 0.955777 0.964741 0.981403 0.998027 1.01465 1.03130 1.04792 1.06456 1.08010 1.09308 1.15122 1.21608 1.36274 1.53305 1.67413 1.95016 1.95712 1.95712 1.93978 1.56010 1.52749 1.50721 1.48686 1.46659 1.44616 1.42596 1.40546 1.38525 1.36413 1.31421 1.20020 1.13353
