High_resolution/powerplant/Fengdu/OMI_NO2_201012.asc
ncols      200
nrows      200
xllcorner       105.978
yllcorner       28.1831
cellsize     0.0166667
NODATA_Value      -999.000
[rows 58 to 86 of 200, columns 67 to 133 of 200]
0.00000 0.00000 0.00000 0.00000 0.00000 0.00000 0.00000 24.0193 24.0193 24.0193 24.0193 0.00000 0.00000 0.00000 0.00000 0.00000 0.00000 0.00000 0.00000 0.00000 0.00000 0.00000 0.00000 0.00000 0.00000 0.00000 0.00000 0.00000 0.00000 0.00000 0.00000 0.00000 0.00000 0.00000 0.00000 0.00000 0.00000 0.00000 0.00000 0.00000 0.00000 0.00000 0.00000 0.00000 0.00000 0.00000 0.00000 0.00000 0.00000 0.00000 22.7441 22.7441 22.7441 9.24546 4.65559 2.99506 2.99506 2.99506 2.99506 2.99506 2.99506 2.99506 2.99506 2.99506 2.99506 2.99506 2.99506
0.00000 0.00000 0.00000 24.0193 24.0193 24.0193 24.0193 24.0193 24.0193 24.0193 24.0193 0.00000 0.00000 0.00000 0.00000 0.00000 0.00000 0.00000 0.00000 0.00000 0.00000 0.00000 0.00000 0.00000 0.00000 0.00000 0.00000 0.00000 0.00000 0.00000 0.00000 0.00000 0.00000 27.1605 27.1605 27.1605 27.1605 0.00000 0.00000 0.00000 0.00000 0.00000 0.00000 0.00000 0.00000 0.00000 0.00000 0.00000 0.00000 0.00000 0.00000 0.00000 0.00000 2.99506 2.99506 2.99506 2.99506 2.99506 2.99506 2.99506 2.99506 2.99506 2.99506 2.99506 2.99506 2.99506 2.99506
24.0193 24.0193 24.0193 24.0193 24.0193 24.0193 24.0193 24.0193 24.0193 24.0193 24.0193 24.0193 0.00000 0.00000 0.00000 0.00000 0.00000 0.00000 0.00000 0.00000 0.00000 0.00000 0.00000 0.00000 0.00000 0.00000 0.00000 0.00000 0.00000 27.1605 27.1605 27.1605 27.1605 27.1605 27.1605 27.1605 27.1605 27.1605 0.00000 0.00000 0.00000 0.00000 0.00000 0.00000 0.00000 0.00000 0.00000 0.00000 0.00000 0.00000 0.00000 0.00000 0.00000 2.99506 2.99506 2.99506 2.99506 2.99506 2.99506 2.99506 2.99506 2.99506 2.99506 3.00465 3.51171 4.29732 5.08335
24.0193 24.0193 24.0193 24.0193 24.0193 24.0193 24.0193 24.0193 24.0193 24.0193 24.0193 24.0193 0.00000 0.00000 0.00000 0.00000 0.00000 0.00000 0.00000 0.00000 0.00000 0.00000 0.00000 0.00000 0.00000 27.1605 27.1605 27.1605 27.1605 27.1605 27.1605 27.1605 27.1605 27.1605 27.1605 27.1605 27.1605 27.1605 0.00000 0.00000 0.00000 0.00000 0.00000 0.00000 0.00000 0.00000 0.00000 0.00000 0.00000 0.00000 0.00000 0.00000 0.00000 0.00000 2.99506 2.99506 2.99506 2.99506 3.07929 3.75190 4.53834 5.32395 6.10997 6.88599 7.16496 7.16496 7.16496
24.0193 24.0193 24.0193 24.0193 24.0193 24.0193 24.0193 24.0193 24.0193 24.0193 24.0193 24.0193 0.00000 0.00000 0.00000 0.00000 0.00000 0.00000 0.00000 0.00000 0.00000 27.1605 27.1605 27.1605 27.1605 27.1605 27.1605 27.1605 27.1605 27.1605 27.1605 27.1605 27.1605 27.1605 27.1605 27.1605 27.1605 27.1605 0.00000 0.00000 0.00000 0.00000 0.00000 0.00000 0.00000 0.00000 0.00000 0.00000 0.00000 0.00000 0.00000 0.00000 0.00000 0.00000 3.95979 4.77894 5.56414 6.35058 7.05196 7.16496 7.16496 7.16496 7.16496 7.16496 7.16496 7.16496 7.16496
24.0193 24.0193 24.0193 24.0193 24.0193 24.0193 24.0193 24.0193 24.0193 24.0193 24.0193 24.0193 24.0193 0.00000 0.00000 0.00000 0.00000 27.1605 27.1605 27.1605 27.1605 27.1605 27.1605 27.1605 27.1605 27.1605 27.1605 27.1605 27.1605 27.1605 27.1605 27.1605 27.1605 27.1605 27.1605 27.1605 27.1605 27.1605 27.1605 0.00000 0.00000 0.00000 0.00000 0.00000 0.00000 0.00000 0.00000 0.00000 0.00000 0.00000 0.00000 0.00000 0.00000 0.00000 7.16496 7.16496 7.16496 7.16496 7.16496 7.16496 7.16496 7.16496 7.16496 7.16496 7.16496 7.16496 7.16496
24.0193 24.0193 24.0193 24.0193 24.0193 24.0193 24.0193 24.0193 24.0193 24.0193 24.0193 24.0193 24.0193 0.00000 27.1605 27.1605 27.1605 27.1605 27.1605 27.1605 27.1605 27.1605 27.1605 27.1605 27.1605 27.1605 27.1605 27.1605 27.1605 27.1605 27.1605 27.1605 27.1605 27.1605 27.1605 27.1605 27.1605 27.1605 27.1605 0.00000 0.00000 0.00000 0.00000 0.00000 0.00000 0.00000 0.00000 0.00000 0.00000 0.00000 0.00000 0.00000 0.00000 0.00000 7.16496 7.16496 7.16496 7.16496 7.16496 7.16496 7.16496 7.16496 7.16496 7.16496 7.16496 7.16496 7.16496
24.0193 24.0193 24.0193 24.0193 24.0193 24.0193 24.0193 24.0193 24.0193 24.0193 23.7692 22.3837 22.4988 27.1605 27.1605 27.1605 27.1605 27.1605 27.1605 27.1605 27.1605 27.1605 27.1605 27.1605 27.1605 27.1605 27.1605 27.1605 27.1605 27.1605 27.1605 27.1605 27.1605 27.1605 27.1605 27.1605 27.1605 27.0943 24.8980 0.00000 0.00000 0.00000 0.00000 0.00000 0.00000 0.00000 0.00000 0.00000 0.00000 0.00000 0.00000 0.00000 0.00000 0.00000 0.00000 7.16496 7.16496 7.16496 7.16496 7.16496 7.16496 7.16496 7.16496 7.16496 7.16496 7.16496 7.16496
24.0193 24.0193 24.0193 24.0193 24.0193 24.0193 23.9641 22.8478 21.3237 19.7991 18.5257 18.3871 19.1588 27.0579 27.1605 27.1605 27.1605 27.1605 27.1605 27.1605 27.1605 27.1605 27.1605 27.1605 27.1605 27.1605 27.1605 27.1605 27.1605 27.1605 27.1605 27.1605 27.1009 24.5363 21.6059 19.4332 16.2300 12.7364 10.2790 9.87542 0.00000 0.00000 0.00000 0.00000 0.00000 0.00000 0.00000 0.00000 0.00000 0.00000 0.00000 0.00000 0.00000 0.00000 0.00000 7.16496 7.16496 7.16496 7.16496 7.16496 7.16496 7.16496 7.16496 7.16496 7.16496 7.16496 7.19202
24.0193 24.0193 24.0193 23.3102 21.7873 20.2632 18.7943 18.3871 18.3871 18.3871 18.3871 18.3871 18.3871 24.9505 27.1605 27.1605 27.1605 27.1605 27.1605 27.1605 27.1605 27.1605 27.1605 27.1605 27.1605 27.1605 27.1605 27.1009 24.5621 21.6308 19.4644 17.7980 15.5569 12.9283 10.6572 8.39479 7.46081 7.46081 7.46081 8.19925 0.00000 0.00000 0.00000 0.00000 0.00000 0.00000 0.00000 0.00000 0.00000 0.00000 0.00000 0.00000 0.00000 0.00000 0.00000 7.16496 7.16496 7.16496 7.16496 7.16496 7.16496 7.16496 7.16496 7.18708 7.26184 7.28246 7.29133
22.2514 20.7279 19.2038 18.3883 18.3871 18.3871 18.3871 18.3871 18.3871 18.3871 18.3871 18.3871 18.3871 22.0752 27.1605 27.1605 27.1605 27.1605 27.1605 27.1605 27.1605 27.1605 27.1075 24.5966 21.6557 19.4832 17.8127 16.5019 15.5507 13.3875 11.1156 8.84451 7.47376 7.46081 7.46081 7.46081 7.46081 7.46081 7.46081 7.84548 0.00000 0.00000 0.00000 0.00000 0.00000 0.00000 0.00000 0.00000 0.00000 0.00000 0.00000 0.00000 0.00000 0.00000 0.00000 0.00000 7.16496 7.16496 7.16496 7.16496 7.16496 7.16999 7.22255 7.29046 7.38348 7.41657 7.44865
18.3871 18.3871 18.3871 18.3871 18.3871 18.3871 18.3871 18.3871 18.3871 18.3871 18.3871 18.3871 18.3871 19.2713 27.0930 27.1605 27.1605 27.1605 27.1605 27.1605 27.1605 27.1605 19.7067 16.0928 15.8217 13.8459 11.5739 9.29855 7.56871 7.46081 7.46081 7.46081 8.14964 10.5374 12.6122 14.3721 15.8844 10.1509 7.46081 7.73874 9.89660 0.00000 0.00000 0.00000 0.00000 0.00000 0.00000 0.00000 0.00000 0.00000 0.00000 0.00000 0.00000 0.00000 0.00000 0.00000 7.19002 7.24298 7.30734 7.37167 7.43600 7.49534 7.50714 7.50714 7.47157 7.46234 7.46234
18.3871 18.3871 18.3871 18.3871 18.3871 18.3871 18.3871 18.3871 18.3871 18.3871 18.3871 18.3871 18.3871 18.3871 25.1007 27.1605 27.1605 27.1605 27.1605 27.1605 26.9740 23.5748 16.2997 9.75777 7.75689 7.46081 7.46081 8.13069 10.4944 12.5932 14.3558 15.8703 16.8752 16.9302 16.9302 16.9302 16.9302 13.1479 7.46081 7.49652 9.16377 0.00000 0.00000 0.00000 0.00000 0.00000 0.00000 0.00000 0.00000 0.00000 0.00000 0.00000 0.00000 0.00000 0.00000 0.00000 7.50714 7.50714 7.50714 7.50714 7.50714 7.50714 7.50714 7.50714 7.48434 7.46234 7.46234
18.3871 18.3871 18.3871 18.3871 18.3871 18.3871 18.3871 18.3871 18.3871 18.3871 18.3871 18.3871 18.3871 18.3871 22.2242 27.1605 27.1433 24.4950 19.9494 15.4072 11.0516 9.89660 10.9682 10.6327 12.5578 14.3395 15.8562 16.8714 16.9302 16.9302 16.9302 16.9302 16.9302 16.9302 16.9302 16.9302 16.9302 15.4938 7.46081 7.46081 8.20523 0.00000 0.00000 0.00000 0.00000 0.00000 0.00000 0.00000 0.00000 0.00000 0.00000 0.00000 0.00000 0.00000 0.00000 0.00000 7.50714 7.50714 7.50714 7.50714 7.50714 7.50714 7.50714 7.50714 7.50266 7.46298 7.46234
18.3871 18.3871 18.3871 18.3871 18.3871 18.3871 18.3871 18.3871 18.3871 18.3871 18.3871 18.3871 18.3871 17.9782 17.6125 16.3348 11.7905 9.89660 9.89660 9.89660 12.1499 21.7306 22.8183 18.4505 16.9302 16.9302 16.9302 16.9302 16.9302 16.9302 16.9302 16.9302 16.9302 16.9302 16.9302 16.9302 16.9302 16.8802 8.60979 7.46081 7.94850 9.89660 0.00000 0.00000 0.00000 0.00000 0.00000 0.00000 0.00000 0.00000 0.00000 0.00000 0.00000 0.00000 0.00000 0.00000 0.00000 7.50714 7.50714 7.50714 7.50714 7.50714 7.50714 7.50714 7.50714 7.47002 7.46234
18.3871 18.3871 18.3871 18.3871 18.3871 18.3871 18.3871 18.3871 18.3871 18.2210 17.1806 16.0133 14.8468 14.0885 14.0734 10.7987 9.89660 9.89660 9.89660 9.89660 9.93291 22.0701 22.8829 20.0994 16.9302 16.9302 16.9302 16.9302 16.9302 16.9302 16.9302 16.9302 16.9302 16.9302 16.9302 16.9266 16.8035 16.6248 11.2232 6.41075 6.31119 9.38644 0.00000 0.00000 0.00000 0.00000 0.00000 0.00000 0.00000 0.00000 35.9218 35.9218 35.9218 35.9218 35.9218 35.9218 0.00000 7.50714 7.50714 7.50714 7.50714 7.50714 7.50714 7.50714 7.50714 7.48198 7.46234
18.3871 18.3871 18.3871 18.3871 18.3871 18.3565 17.5347 16.3679 15.2010 14.1998 14.0734 14.0734 14.0734 14.0734 14.0734 12.1624 9.89660 9.89660 9.89660 9.89660 9.89660 19.5598 22.8829 22.1475 16.9613 16.9302 16.9302 16.9302 16.9302 16.9302 16.9266 16.8035 16.6248 16.4461 16.2669 16.0588 15.9510 15.8993 13.2238 5.82485 5.82485 7.64624 0.00000 0.00000 0.00000 35.9218 35.9218 35.9218 35.9218 35.9218 35.9218 35.9218 35.9218 35.9218 35.9218 35.9218 0.00000 7.50714 7.50714 7.50714 7.50714 7.50714 7.50714 7.50714 7.50714 7.49929 6.49238
18.3871 18.3871 17.8859 16.7220 15.5547 14.4189 14.0734 14.0734 14.0734 14.0734 14.0734 14.0734 14.0734 14.0734 14.0734 13.5201 9.90287 9.89660 9.89660 9.89660 9.89660 15.9133 22.8829 22.8829 17.8401 16.9266 16.8035 16.6248 16.4461 16.2675 16.0923 16.0131 15.9614 15.9096 15.8584 15.8396 15.8396 15.8396 15.3450 6.00553 6.45976 11.1695 35.9028 35.9218 35.9218 35.9218 35.9218 35.9218 35.9218 35.9218 35.9218 35.9218 35.9218 35.9218 35.9218 35.9218 0.00000 0.00000 7.50714 7.50714 7.50714 7.50714 7.50714 7.50714 7.44102 6.55381 4.28402
15.9093 14.7420 14.0764 14.0734 14.0734 14.0734 14.0734 14.0734 14.0734 14.0734 14.0734 14.0734 14.0734 14.0734 14.0734 14.0734 10.7117 9.89660 9.89660 9.89660 9.89569 10.3893 20.2547 19.2280 17.1754 16.0923 16.0363 16.0210 15.9706 15.9200 15.8682 15.8397 15.8396 15.8396 15.8396 15.5119 14.1058 12.4062 10.4187 13.3640 15.7847 17.1223 31.9675 35.9218 35.9218 35.9218 35.9218 35.9218 35.9218 35.9218 35.9218 35.9218 35.9218 35.9218 35.9218 35.9218 35.9218 0.00000 7.50714 7.26611 6.20217 5.07030 3.93904 2.80658 1.74143 1.49619 1.88798
14.0734 14.0734 14.0734 14.0734 14.0734 14.0734 14.0734 14.0734 14.0734 14.0734 14.0734 14.0734 14.0734 14.0734 14.0734 14.0734 11.5682 8.87957 8.38818 8.01625 7.72532 7.61255 15.0869 17.0236 16.7711 15.9302 15.8775 15.8408 15.8396 15.8396 15.5119 14.1058 12.4062 10.4187 8.06323 5.96391 5.82485 5.82485 5.82485 11.6872 15.8572 15.9570 26.2450 35.9218 35.9218 35.9218 35.9218 35.9218 35.9218 35.9218 35.9218 35.9218 35.9218 35.9218 35.9218 35.9218 35.9218 0.00000 2.45345 1.56411 1.49619 1.49619 1.49619 1.49619 1.49619 1.49619 1.63828
14.0734 14.0734 14.0734 14.0734 14.0734 14.0734 14.0734 14.0734 14.0734 14.0734 14.0734 13.6198 12.3043 11.3177 10.5753 9.99666 9.38569 7.61297 7.61255 7.60766 7.54664 7.46900 12.4123 16.8400 16.8282 15.6022 14.1058 12.4062 10.4187 8.06323 5.96391 5.82485 5.82485 5.82485 5.82485 5.82485 5.82485 5.82485 5.82485 8.50611 15.8572 15.8572 20.7195 35.9218 35.9218 35.9218 35.9218 35.9218 35.9218 35.9218 35.9218 35.9218 35.9218 35.9218 35.9218 35.9218 35.9218 0.00000 1.49619 1.49619 1.49619 1.49619 1.49619 1.49619 1.49619 1.49619 1.49619
14.0734 14.0734 14.0734 14.0734 14.0734 14.0734 14.0734 13.4203 11.4549 10.6806 10.0801 9.71761 9.70093 9.70093 9.70093 9.70186 9.79744 7.93086 7.40642 7.33358 7.31754 7.31754 8.69525 11.6831 9.44471 6.51796 5.82485 5.82485 5.82485 5.82485 5.82485 5.82485 5.82485 5.82485 5.82485 5.82485 5.82485 5.82485 5.82485 5.89392 15.1846 15.8572 17.8895 32.6738 35.9218 35.9218 35.9218 35.9218 35.9218 35.9218 35.9218 35.9218 35.9218 35.9218 35.9218 35.9218 35.9218 35.9218 0.00000 1.49619 1.49619 1.49619 1.49619 1.49619 1.49619 1.49619 1.49619
14.0734 14.0734 14.0734 14.0734 14.0734 14.0734 14.0734 13.3256 9.71365 9.70093 9.70093 9.70093 9.75196 9.90723 10.0655 10.2228 10.2855 8.79794 7.31754 7.31754 7.31754 7.31754 7.31754 7.31754 7.31754 6.81391 5.82485 5.82485 5.82485 5.82485 5.82485 5.82485 5.82485 5.82485 5.82485 5.82485 5.82485 5.82485 5.83078 6.08089 14.5029 18.8244 20.7373 27.7598 35.9218 35.9218 35.9218 35.9218 35.9218 35.9218 35.9218 35.9218 35.9218 35.8161 34.6630 33.2458 31.8273 29.6102 0.00000 1.49619 1.49619 1.49619 1.49619 1.49619 1.49619 1.49619 1.49619
14.0734 14.0734 14.0734 14.0734 14.0734 14.0734 14.0734 14.0734 10.2212 9.85877 10.0170 10.1753 10.2825 10.2855 10.2855 10.2855 10.2855 9.76112 7.31754 7.31754 7.31754 7.31754 7.31754 7.31754 7.31754 7.22186 5.84918 5.82485 5.82485 5.82485 5.82485 5.82485 5.82485 5.83078 6.08089 6.53041 7.10284 7.87387 9.13462 9.90694 16.6121 23.2100 23.2252 24.8000 35.9218 35.9218 35.9218 35.9218 35.7242 34.4617 33.0424 31.6252 30.2067 28.8946 28.6283 28.6283 28.6283 28.6283 0.00000 1.49619 1.49619 1.49619 1.49619 1.49619 1.49619 1.49619 1.49619
14.0734 14.0734 14.0734 14.0734 14.0791 14.2920 14.6085 14.9251 11.8994 10.2855 10.2855 10.2855 10.2855 10.2855 10.2855 10.2855 10.2855 10.2846 7.75769 7.31754 7.31754 7.31754 7.31754 7.31754 7.31754 7.31754 6.18594 5.82485 5.83078 6.08089 6.53041 7.10284 7.85655 8.87735 9.52238 9.84364 10.1648 10.4646 10.5286 10.5286 11.9727 23.1099 23.2252 23.1013 32.0001 32.8418 31.4239 30.0061 28.7859 28.6283 28.6283 28.6283 28.6283 28.6283 28.6283 28.6283 28.6283 28.6283 0.00000 0.00000 1.49619 1.49619 1.49619 1.63413 3.29847 4.79146 5.84002
14.0734 14.1971 14.5116 14.8281 15.1388 15.2425 15.2425 15.2425 13.5199 10.2855 10.2855 10.2855 10.2855 10.2855 10.2855 10.2855 10.2855 10.2855 8.71834 7.31754 7.31754 7.31754 7.31754 7.31789 7.36577 7.44739 7.33501 7.85655 8.87300 9.30658 9.45884 9.78034 10.1017 10.4181 10.5286 10.5286 10.5286 10.5286 11.5253 14.4609 16.6825 20.4950 20.1659 19.6167 23.2749 28.6283 28.6283 28.6283 28.6283 28.6283 28.6283 28.6283 28.6283 28.6283 28.6283 28.6283 28.6283 28.6283 28.6283 11.8523 4.40830 4.67848 5.76531 6.55332 6.73917 6.77002 6.80088
15.0476 15.2404 15.2425 15.2425 15.2425 15.2425 15.2425 15.2425 15.1736 10.5169 10.2855 10.2855 10.2855 10.2855 10.2855 10.2855 10.2855 10.2855 9.68242 7.35259 7.43393 7.51555 7.59720 7.67854 7.71221 7.71221 7.92192 9.71692 10.0382 10.3597 10.5284 10.5286 10.5286 11.5253 14.4609 16.6825 18.3638 19.6806 20.4824 20.5200 20.5200 20.0801 19.5784 19.5784 20.9295 28.6283 28.6283 28.6283 28.6283 28.6283 28.6283 28.6283 28.6283 28.6283 28.6283 28.5832 26.2548 22.8141 14.2224 9.19920 8.19580 6.81038 6.83558 6.83799 6.83799 6.83799 6.83799
15.2425 15.2425 15.2425 15.2425 15.2425 15.2425 15.2425 15.2425 15.2425 11.4279 10.2855 10.2855 10.2855 10.2855 10.3092 10.3885 10.4701 10.5517 10.6257 8.07939 7.71221 7.71221 7.73915 7.88567 8.04648 8.20692 8.32132 10.0807 11.5000 14.4351 16.6633 18.3490 19.6689 20.4814 20.5200 20.5200 20.5200 20.5200 20.5200 20.5200 20.5200 20.3518 19.5784 19.5784 19.6491 27.3499 28.6283 28.6283 28.6283 28.6283 28.6283 28.6233 24.8790 20.4578 17.9005 16.2391 15.2482 14.7452 12.4679 7.78374 7.77892 6.92569 6.83799 6.83799 6.83799 6.83799 6.83799
15.2425 15.2425 15.2425 15.2425 15.2425 15.2425 15.2425 15.2425 15.2425 12.7791 10.3751 10.4567 10.5382 10.6199 10.6779 10.6802 10.6802 10.6802 10.6609 9.00570 8.01465 8.17546 8.30902 8.32319 8.39728 12.3303 13.7213 17.2483 20.4794 20.5200 20.5200 20.5200 20.5200 20.5200 20.5200 20.5200 20.5200 20.5200 20.5200 20.5200 20.5200 20.5178 19.6822 19.5784 19.5784 23.6367 28.5960 25.9571 21.7777 18.5692 16.5959 15.2629 14.7323 14.7319 14.7319 14.7319 14.7319 14.7319 14.0695 7.78374 7.78374 7.18862 6.83799 6.83799 6.83799 6.83799 6.83799
