High_resolution/powerplant/Fengdu/OMI_NO2_200711.asc
ncols      200
nrows      200
xllcorner       105.978
yllcorner       28.1831
cellsize     0.0166667
NODATA_Value      -999.000
[rows 0 to 28 of 200, columns 0 to 65 of 200]
0.00000 0.00000 0.00000 0.00000 0.00000 0.00000 0.00000 0.00000 0.00000 0.00000 0.00000 0.00000 0.00000 0.00000 1.89403 1.89403 1.89403 1.89403 1.89403 1.98100 2.62029 3.12242 3.09804 3.30090 3.33681 3.32105 3.30123 3.39814 4.00483 4.00483 4.00483 4.00483 4.00483 4.00483 4.00483 4.00483 4.00483 4.05661 5.28718 5.12175 4.97653 4.89982 4.89780 4.89780 4.89780 4.89780 4.89780 4.75197 4.12442 4.12442 4.12442 3.92051 3.55743 3.34898 3.21438 3.11572 3.04742 3.04638 3.04638 3.04638 3.04638 3.04638 3.04638 2.92319 2.49088 2.24038
0.00000 0.00000 0.00000 0.00000 0.00000 0.00000 0.00000 0.00000 0.00000 1.89403 1.89403 1.89403 1.89403 1.89403 1.89403 1.98362 2.60366 3.09489 3.43498 3.66310 3.67342 3.64387 3.28636 3.19761 3.18168 3.16173 3.11776 3.10383 3.51909 3.72086 4.00483 4.00483 4.00483 4.00501 4.00877 4.01302 4.01643 4.01881 4.61512 4.89780 4.89780 4.89780 4.89780 4.89780 4.89780 4.89780 4.77498 4.55403 3.39628 3.18019 3.08582 3.04565 3.04638 3.04638 3.04638 3.04638 3.04638 3.04638 3.04638 3.04638 3.04638 3.04638 3.04611 2.93632 2.55472 2.02906
0.00000 0.00000 1.26333 1.26333 1.26333 1.33338 1.57582 1.73761 1.84602 1.84727 1.60151 1.65430 2.05727 2.42847 2.72461 2.94452 2.97843 2.97843 2.97843 2.97843 2.97843 2.97843 2.89153 2.81844 2.81844 2.81844 2.79727 2.79175 2.94730 3.25209 4.00722 4.01178 4.01543 4.01832 4.01906 4.01906 4.01906 4.01906 4.34990 4.89780 4.89780 4.82313 4.53952 4.40660 4.37188 4.34259 4.33643 4.39118 3.47204 3.04638 3.04638 3.04638 3.04638 3.04638 3.04638 3.04638 3.04638 3.04638 3.04638 3.02085 2.95556 2.88983 2.82439 2.77821 2.44565 1.69600
2.53364 2.53364 2.53364 1.78119 1.83064 1.89349 1.89848 1.95355 2.32185 2.66359 2.73776 2.94462 2.97843 2.97843 2.97843 2.97843 2.97843 2.97843 2.97843 2.97843 2.97843 2.97843 2.94090 2.81844 2.81844 2.81844 2.82169 2.88032 3.02087 3.32890 4.01163 4.01906 4.01906 4.01906 4.01906 4.01906 3.99852 3.86122 3.81178 4.24524 4.22513 4.24800 4.40276 4.47159 4.47159 4.47159 4.44821 4.39138 3.89740 3.04638 3.04638 3.04638 3.04638 3.04638 3.04638 3.03161 2.96945 2.90373 2.83798 2.79779 2.79734 2.79734 2.79734 2.79734 2.54510 1.70968
2.53364 2.53364 2.53364 2.09183 2.32877 2.67127 2.95384 3.16216 3.19163 3.19163 3.06216 2.97843 2.97843 2.97843 2.97843 2.97843 2.97843 2.97843 2.97843 2.97843 2.97843 2.97843 2.98207 2.89523 2.95233 3.01477 3.05723 3.04292 3.05031 3.31461 3.88085 4.01025 3.88688 3.74533 3.67076 3.72664 3.82644 4.03591 4.28589 4.46414 4.47159 4.47159 4.47159 4.47159 4.47159 4.47159 4.46881 4.39457 4.29846 3.07070 3.04638 3.03948 2.98331 2.91760 2.85188 2.80090 2.79734 2.79734 2.79734 2.79734 2.79734 2.79734 2.79734 2.79734 2.70179 1.89709
2.53364 2.53364 2.53364 2.42978 3.18939 3.19163 3.19163 3.19163 3.19163 3.19163 3.12702 2.97843 2.97843 2.97843 2.97843 2.97843 2.97843 2.97843 2.97843 3.02342 3.10506 3.17470 3.23219 3.12443 3.06426 3.06426 3.06430 3.05450 3.07251 3.14962 3.45217 3.76286 3.96233 4.21754 4.41195 4.44595 4.44595 4.44595 4.44595 4.45556 4.47159 4.47159 4.47159 4.47159 4.47159 4.47159 4.47159 4.41368 4.34222 3.28806 2.86575 2.80695 2.79734 2.79734 2.79734 2.79734 2.79734 2.79734 2.79734 2.79734 2.79734 2.79734 2.81058 3.01630 3.29680 2.90421
2.53364 2.53364 2.53364 2.28810 3.00244 3.19163 3.19163 3.19163 3.19163 3.19163 3.18372 2.98674 2.97843 2.97843 2.97843 2.99963 3.08069 3.15380 3.21666 3.24570 3.24570 3.24570 3.25065 3.20613 3.15058 3.19782 3.23821 3.31336 3.56171 3.62453 3.92821 4.44595 4.44595 4.44595 4.44595 4.44595 4.44595 4.44595 4.44595 4.44758 4.47095 4.47159 4.47159 4.47154 4.43631 4.37058 4.30488 4.20904 4.14234 3.57891 2.79734 2.79734 2.79734 2.79734 2.79734 2.79734 2.79734 2.79734 2.84129 3.12875 3.55502 4.04959 4.61474 5.01305 5.24391 4.23590
2.53364 2.53364 2.53364 2.47754 2.64320 3.19163 3.19163 3.19163 3.19163 3.19163 3.19163 3.04373 3.04612 3.13189 3.19777 3.24270 3.24570 3.24742 3.26178 3.27866 3.29554 3.31241 3.31211 3.25217 3.18615 3.12012 3.06625 3.19433 3.81225 3.79709 3.80447 4.44595 4.44595 4.44595 4.44595 4.44595 4.44595 4.44595 4.44595 4.44595 4.44355 4.38447 4.31875 4.25305 4.22255 4.22255 4.22255 4.21396 4.14262 3.99775 2.80380 2.79734 2.79734 2.79734 2.92675 3.33296 3.80963 4.37002 4.97157 5.24273 5.24744 5.24744 5.24744 5.24744 5.24744 4.58481
2.53364 2.53364 2.53364 2.53364 2.23830 3.19120 3.19163 3.19163 3.19163 3.19163 3.19163 3.10863 3.15157 3.25648 3.27336 3.29024 3.30713 3.32226 3.31212 3.25093 3.18549 3.11946 3.06572 3.06070 3.06070 3.06053 3.05897 3.05753 3.70005 3.80500 3.70603 4.43616 4.44595 4.44595 4.44595 4.44595 4.44382 4.42904 4.41217 4.39531 4.32469 4.22255 4.22255 4.22255 4.22255 4.22255 4.22255 4.22255 4.15793 4.20578 3.38338 3.57096 4.10856 4.74689 5.23633 5.24744 5.24744 5.24744 5.24744 5.24744 5.24744 5.24744 5.24744 5.24744 5.24744 5.00188
2.53364 2.53364 2.53364 2.53364 2.00437 2.98315 3.14901 3.14660 3.11497 3.00184 2.88389 2.77847 3.09155 3.28002 3.26508 3.20176 3.13408 3.06669 3.01151 3.00494 3.00313 3.00125 2.99944 2.99762 2.99580 2.99410 2.99385 2.99385 3.39893 3.74539 3.66599 4.27272 4.44565 4.43436 4.41749 4.40063 4.38588 4.38380 4.38380 4.38380 4.37396 4.22674 4.22255 4.22255 4.20299 4.11788 3.92272 3.67877 3.97407 4.66892 4.89038 5.24744 5.24744 5.24744 5.24744 5.24744 5.24744 5.24744 5.24744 5.24744 5.24744 5.24739 5.23900 5.22448 5.20995 5.19604
2.53364 2.53364 2.53364 2.52278 1.89349 2.31681 2.78474 2.66931 2.58307 2.57824 2.55997 2.47789 2.71871 3.02321 2.99836 2.99385 2.99385 2.99385 2.99385 2.99385 2.99385 2.99385 2.99385 2.99385 2.99385 2.99385 2.99385 2.99385 3.15896 3.74058 3.69754 4.04330 4.38937 4.38380 4.38380 4.38380 4.38380 4.38380 4.38380 4.37258 4.29669 4.08756 3.82849 3.58458 3.36023 3.20142 3.15265 3.15265 3.36890 4.57315 4.67816 5.24744 5.24744 5.24744 5.24744 5.24744 5.24744 5.24744 5.24191 5.22761 5.21298 5.19850 5.19237 5.19237 5.19237 5.19237
2.08624 1.73972 1.39341 1.05779 0.967220 1.35175 2.55909 2.47652 2.38898 2.30095 2.23151 2.22612 2.42567 2.86342 2.99385 2.99385 2.99385 2.99385 2.99385 2.99385 2.99385 2.99385 2.99385 2.99385 2.99385 2.99189 2.98047 2.96783 2.95946 3.61982 3.69839 3.87517 4.38380 4.38380 4.37863 4.31075 4.22456 4.11924 3.89565 3.66302 3.49483 3.28762 3.15265 3.15265 3.15265 3.15265 3.15265 3.15265 3.15911 4.38613 4.57315 5.13986 5.24744 5.24744 5.24424 5.23054 5.21601 5.20150 5.19249 5.19237 5.19237 5.19237 5.19237 5.19237 5.19237 5.19237
0.960908 0.960908 0.960908 0.960908 0.962078 0.978250 2.09470 2.22612 2.22612 2.22612 2.22612 2.22612 2.29947 2.73837 2.99385 2.99385 2.99385 2.99385 2.99385 2.99385 2.99385 2.99348 2.98446 2.97181 2.95917 2.94847 2.94723 2.94723 2.94723 3.38402 3.70319 3.71351 4.15238 4.03472 3.80668 3.63057 3.47289 3.33421 3.31391 3.31391 3.31391 3.30407 3.15687 3.15265 3.15265 3.15265 3.15265 3.15265 3.15265 3.88974 4.57164 4.91360 5.21903 5.20452 5.19319 5.19237 5.19237 5.19237 5.19237 5.19237 5.19237 5.19237 5.19237 5.19237 5.19237 5.18579
0.960908 0.960908 0.960908 0.960908 0.960908 0.976610 1.75316 2.22612 2.22612 2.22612 2.22612 2.22612 2.22650 2.59109 2.96014 2.99385 2.99385 2.99385 2.98842 2.97580 2.96316 2.95087 2.94723 2.94723 2.94723 2.94962 2.95647 2.96342 2.97037 3.16568 3.58106 3.34841 3.44517 3.32468 3.31391 3.31391 3.31391 3.31391 3.31391 3.31391 3.31391 3.31391 3.20095 3.15265 3.15265 3.15265 3.15236 3.14542 3.13574 3.46316 4.52024 4.65990 5.19237 5.19237 5.19237 5.19237 5.19237 5.19237 5.19237 5.19237 5.19237 5.17606 5.11500 5.05140 4.98782 4.93080
0.960908 0.960908 0.960908 0.960908 0.960908 0.974179 1.31776 2.22612 2.22612 2.22612 2.22612 2.22612 2.22612 2.46340 2.85452 2.97978 2.96715 2.95449 2.94727 2.94723 2.94818 2.95434 2.96129 2.96824 2.97519 2.98332 2.99507 3.00710 3.01911 3.03121 3.22609 3.22563 3.23019 3.31391 3.31391 3.31391 3.31391 3.31391 3.31391 3.31391 3.31391 3.31391 3.25465 3.14744 3.13775 3.12808 3.11869 3.11594 3.11594 3.16338 4.46369 4.52099 5.11877 5.19237 5.19237 5.19237 5.19237 5.16196 5.09839 5.03476 4.97118 4.92392 4.92137 4.92137 4.92137 4.92137
0.960908 0.960908 0.960908 0.960908 0.960908 0.971047 0.982517 2.11726 2.22612 2.22612 2.22612 2.22612 2.22612 2.33720 2.71895 2.94740 2.95221 2.95916 2.96611 2.97306 2.97906 2.98354 2.99528 3.00733 3.01928 3.02776 3.02808 3.02808 3.02808 3.02808 3.16151 3.24171 3.26004 3.31391 3.31391 3.31391 3.31391 3.31391 3.31391 3.29256 3.21512 3.13466 3.05964 3.11345 3.11594 3.11594 3.11594 3.11594 3.11594 3.11594 4.01222 4.51808 4.90746 5.14533 5.08178 5.01815 4.95457 4.92137 4.92137 4.92137 4.92137 4.92137 4.92137 4.92137 4.92137 4.92137
0.960908 0.960908 0.960908 0.960908 0.960908 0.975786 1.02717 1.83381 2.26741 2.27199 2.27638 2.29623 2.34703 2.40763 2.72841 3.00232 3.03761 3.04476 3.05987 3.07522 3.09059 3.10218 3.10580 3.10918 3.11249 3.11579 3.11922 3.12251 3.12580 3.12918 3.19796 3.34944 3.37292 3.31391 3.31391 3.30700 3.24038 3.15995 3.07949 3.02041 3.01744 3.01744 3.01744 3.08664 3.11594 3.11594 3.11594 3.13163 3.18328 3.16825 3.51126 4.11154 4.23524 4.92137 4.92137 4.92137 4.92137 4.92137 4.92137 4.92137 4.92137 4.92137 4.92137 4.92137 4.92239 4.94897
0.960908 0.960908 0.960908 0.960908 0.960908 0.974296 1.22588 1.64137 2.47739 2.52450 2.57161 2.60326 2.60411 2.60951 2.78805 3.03255 3.14310 3.15118 3.15142 3.15142 3.15142 3.15142 3.15142 3.15142 3.15142 3.15142 3.15142 3.15142 3.15142 3.15142 3.15873 3.35491 3.39940 3.18940 3.10478 3.03126 3.01744 3.01744 3.01744 3.01744 3.01656 2.99840 2.98344 3.04762 3.07484 2.99826 2.93308 2.85512 2.74670 2.70014 2.72972 3.22610 3.19128 3.85088 3.84524 3.78847 3.73342 3.67990 3.62809 3.57766 3.52910 3.53595 3.58178 3.62646 3.66831 3.68010
0.960908 0.960908 1.01504 1.15540 1.29659 1.43804 1.53477 1.55757 2.53215 2.60971 2.62549 2.64155 2.65749 2.66816 2.75663 2.97028 3.15142 3.15142 3.15142 3.15142 3.15142 3.15142 3.10869 3.08133 3.06292 3.04478 3.02714 3.00993 2.97620 2.90705 2.83803 2.89636 2.93897 2.85368 2.72233 2.70605 2.69032 2.67841 2.70142 2.73284 2.74795 2.72306 2.69161 2.63071 2.44864 2.30999 2.30999 2.30999 2.30999 2.30999 2.30999 2.60360 2.68068 3.09804 3.33839 3.33839 3.33839 3.37270 3.46203 3.55220 3.64196 3.68010 3.68010 3.68010 3.68010 3.68010
1.37193 1.51325 1.60044 1.60153 1.60153 1.60153 1.55977 1.54539 2.30248 2.66822 2.66842 2.66842 2.66842 2.66842 2.68583 2.91131 3.12343 3.15142 3.15142 3.15142 3.15142 3.15142 2.90598 2.81294 2.80758 2.76604 2.71780 2.66952 2.63618 2.63506 2.63506 2.69510 2.80712 2.87864 2.70629 2.75215 2.77444 2.74769 2.68617 2.61582 2.56146 2.55776 2.55776 2.55776 2.48961 2.30999 2.30999 2.30999 2.30999 2.30999 2.30999 2.48299 2.68068 2.91079 3.44340 3.53351 3.62358 3.67938 3.68010 3.68010 3.68010 3.68010 3.68010 3.68010 3.68010 3.68010
1.60153 1.60153 1.60153 1.60153 1.60153 1.60153 1.57016 1.54539 1.93799 2.66842 2.66842 2.66842 2.66842 2.66842 2.66842 2.85400 3.05244 3.15142 3.15142 3.15142 3.15068 3.11181 2.88621 2.68470 2.64182 2.63506 2.63506 2.63506 2.66066 2.72708 2.79403 2.87076 3.06729 3.14984 2.67611 2.60565 2.55893 2.55776 2.55776 2.55776 2.55776 2.55776 2.55776 2.55776 2.53331 2.30999 2.30999 2.30999 2.30999 2.31709 2.37472 2.52226 2.94721 3.04470 3.65563 3.68010 3.68010 3.68010 3.68010 3.68010 3.68010 3.68010 3.68010 3.68010 3.70302 3.88020
1.60153 1.60153 1.60153 1.60153 1.60153 1.60153 1.58414 1.54539 1.57262 2.61075 2.66842 2.66842 2.66842 2.66842 2.66842 2.77942 2.96640 3.13001 3.07040 3.01012 2.95048 2.92907 2.84341 2.64566 2.70621 2.77316 2.84005 2.90697 2.92963 2.89048 2.85108 2.81153 2.85886 3.02256 2.63321 2.55776 2.55776 2.55776 2.55776 2.55776 2.55776 2.55776 2.55776 2.55776 2.56030 2.32905 2.36076 2.42831 2.49589 2.55635 2.56627 2.57125 2.98061 3.02239 3.47574 3.68010 3.68010 3.68010 3.68010 3.68060 3.83608 4.18396 4.49457 4.77137 5.00183 5.11817
1.60153 1.60153 1.60153 1.60153 1.60153 1.60153 1.59975 1.54645 1.54539 2.34148 2.66842 2.66842 2.66842 2.66842 2.66842 2.70485 2.91487 2.92799 2.93170 2.99194 3.07559 3.15924 3.22291 2.94632 2.92975 2.89008 2.85050 2.81113 2.79012 2.79011 2.79011 2.79011 2.82807 2.95961 2.83353 2.55776 2.55776 2.55776 2.55776 2.55776 2.55776 2.55776 2.54459 2.51248 2.47515 2.51084 2.56627 2.56627 2.56627 2.56627 2.56627 2.56627 2.83036 3.02239 3.26857 3.80304 4.14246 4.45551 4.73444 4.98417 5.11817 5.12002 5.12002 5.12002 5.12002 5.12002
1.60153 1.60153 1.60153 1.60153 1.60153 1.60153 1.60153 1.55252 1.54539 1.97885 2.65985 2.65087 2.64167 2.63256 2.66548 2.76567 3.08321 3.19029 3.23701 3.25356 3.22245 3.16611 3.10974 2.78330 2.70880 2.70337 2.69783 2.69242 2.68706 2.68157 2.67605 2.67068 2.67364 2.77248 3.03182 2.55776 2.55776 2.55776 2.55192 2.52307 2.48748 2.44575 2.41984 2.41979 2.41979 2.42621 2.56627 2.56627 2.56627 2.56627 2.56190 2.55590 2.97127 4.17629 4.50177 5.10276 5.12002 5.12002 5.12002 5.12002 5.12002 5.12002 5.12002 5.12002 5.12002 5.12002
1.60153 1.60153 1.60153 1.60153 1.60153 1.60153 1.60153 1.21781 1.05761 1.11238 2.38783 2.54391 2.65401 2.76401 2.83225 2.83310 2.94629 3.00211 2.94612 2.89678 2.87174 2.87174 2.87174 2.68715 2.58919 2.58919 2.58919 2.58919 2.58919 2.58919 2.58919 2.58919 2.58919 2.66197 3.11296 2.56137 2.49924 2.45958 2.42299 2.41979 2.41979 2.41979 2.41979 2.41979 2.41979 2.32430 2.53964 2.55171 2.61683 2.68894 2.76539 2.84363 3.01491 4.81997 4.87959 5.25407 5.40194 5.43344 5.46487 5.49622 5.52772 5.55907 5.59050 5.62797 5.76301 5.93172
1.60153 1.60153 1.60153 1.60153 1.60153 1.75079 2.08034 1.89501 1.61279 1.76385 2.55900 2.83310 2.79909 2.73326 2.66714 2.60102 2.63313 2.83842 2.86703 2.87174 2.87174 2.87174 2.87174 2.74749 2.58919 2.58919 2.59070 2.60015 2.61067 2.62113 2.63161 2.63264 2.62404 2.66306 3.14985 2.85117 2.59536 2.61286 2.63043 2.64790 2.66359 2.66443 2.66195 2.68508 2.75572 2.84566 3.35044 3.48953 3.49658 3.49658 3.49658 3.49658 3.49658 4.96721 5.43276 5.63182 5.89218 5.89218 5.89218 5.89270 5.97350 6.11081 6.24823 6.37960 6.41349 6.41349
1.64110 1.92838 2.25853 2.58867 2.91867 3.09970 3.10015 2.73706 1.79240 1.79240 2.16507 2.60036 2.56862 2.56862 2.56862 2.56862 2.57202 2.81775 2.85689 2.87174 2.87174 2.87174 2.87174 2.85008 2.78701 2.79747 2.80644 2.80530 2.79608 2.78526 2.77302 2.76647 2.76647 2.78094 3.19170 3.32600 2.76865 2.74878 2.72882 2.74357 2.79951 2.87045 2.94468 2.99343 2.99453 2.99453 3.32584 3.49658 3.49658 3.49658 3.49658 3.49658 3.49658 4.39534 5.43276 5.48881 5.94507 6.08256 6.21992 6.35682 6.41349 6.41349 6.41349 6.41349 6.41349 6.41349
3.05714 3.10015 3.10015 3.10015 3.10015 3.10015 3.10015 3.07785 1.82710 1.79240 1.84175 2.54902 2.56862 2.56862 2.56862 2.56862 2.56862 2.73929 2.84457 2.87171 2.87174 2.87174 2.87174 2.87053 2.80216 2.78879 2.77703 2.76709 2.76647 2.76647 2.76647 2.70429 2.56463 2.42464 2.50799 2.89634 2.80691 2.88064 2.95488 2.99450 2.99453 2.99453 2.99453 2.99453 2.99453 2.99453 3.17973 3.49214 3.49658 3.49658 3.49658 3.49658 3.52827 3.98575 5.73220 5.86972 6.32366 6.41349 6.41349 6.41349 6.41349 6.41349 6.41349 6.41349 6.41349 6.41349
3.10015 3.10015 3.10015 3.10015 3.10015 3.10015 3.10015 3.10015 1.97718 1.79240 1.79240 2.38533 2.56862 2.56862 2.56862 2.56862 2.56862 2.65756 2.83842 2.86663 2.86769 2.85979 2.85061 2.84065 2.78172 2.76647 2.73824 2.60764 2.46771 2.32779 2.18712 2.05436 1.96577 1.87829 2.13427 3.11437 3.01918 2.99453 2.99453 2.99453 2.99453 2.99453 2.99453 2.99453 2.99453 2.99453 3.10476 3.43477 3.51196 3.63035 3.76776 3.90513 4.01085 4.01943 5.70810 5.95407 6.18073 6.41349 6.41349 6.41349 6.41349 6.41349 6.42269 6.66549 7.05396 7.44377
