High_resolution/powerplant/Fengdu/OMI_NO2_200804.asc
ncols      200
nrows      200
xllcorner       105.978
yllcorner       28.1831
cellsize     0.0166667
NODATA_Value      -999.000
[rows 29 to 57 of 200, columns 0 to 65 of 200]
0.00000 0.00000 0.00000 1.03737 1.91457 2.23887 2.42454 2.51580 2.60867 2.71061 2.82355 2.94874 3.08906 3.22673 3.24951 3.24951 3.24951 3.24951 3.24951 3.24946 2.81356 2.75673 2.59632 2.52971 2.52971 2.52971 2.52971 2.53095 2.56154 2.60444 2.64733 2.69025 2.73315 2.76812 2.77138 2.76989 2.42914 2.39831 2.43473 1.97959 1.96721 1.96721 1.96721 1.96721 1.96721 1.96721 1.96721 1.96641 1.92997 1.87433 1.81864 1.76305 2.18662 2.40419 2.41165 2.41165 2.41165 2.41165 2.41165 2.41165 2.44043 2.92232 2.93600 2.93600 2.93600 2.93600
0.00000 0.00000 0.00000 1.03737 3.10287 3.85200 3.40596 3.24951 3.24951 3.24951 3.24951 3.24951 3.24951 3.24951 3.24951 3.24951 3.24951 3.24951 3.24951 3.24951 2.93660 2.75673 2.67889 2.58863 2.63155 2.67445 2.71734 2.75905 2.77138 2.77138 2.77138 2.77138 2.77138 2.77138 2.77138 2.77138 2.51945 2.39831 2.44372 2.08625 1.96721 1.96721 1.96721 1.96466 1.92254 1.86688 1.81124 1.75640 1.73719 1.73719 1.73719 1.73719 2.02483 2.40301 2.41041 2.41165 2.41165 2.41165 2.41165 2.41165 2.41165 2.78662 2.93600 2.94155 2.95374 2.96629
0.00000 0.00000 0.00000 0.00000 3.89537 3.89537 3.58008 3.24951 3.24951 3.24951 3.24951 3.24951 3.24951 3.24951 3.24951 3.24951 3.25261 3.29710 3.35442 3.41181 3.27905 3.03365 3.02785 2.77138 2.77138 2.77138 2.77138 2.77138 2.77138 2.77138 2.77138 2.77138 2.77138 2.77138 2.77138 2.77138 2.61133 2.39831 2.41938 2.23588 1.91509 1.85943 1.80379 1.75070 1.73719 1.73719 1.73719 1.73719 1.73719 1.73719 1.73719 1.73719 1.86290 2.40659 2.42348 2.43928 2.45147 2.46368 2.47589 2.48853 2.52417 2.78326 3.14589 3.18914 3.22533 3.26152
0.00000 0.00000 0.00000 0.00000 0.00000 3.89537 3.82606 3.25596 3.24951 3.24951 3.24951 3.26802 3.32427 3.38156 3.43889 3.49624 3.55046 3.56326 3.56326 3.56326 3.49550 3.07049 3.07049 2.81374 2.77138 2.77138 2.77138 2.77138 2.77138 2.77138 2.77138 2.77138 2.77138 2.77138 2.77138 2.77138 2.70317 2.39831 2.39992 2.40235 1.74547 1.73719 1.73719 1.73720 1.73809 1.73961 1.74114 1.74266 1.74418 1.74571 1.74723 1.74876 1.75725 2.47364 2.52617 2.59240 2.62881 2.66514 2.70170 2.73778 2.75068 2.80060 3.27105 3.27503 3.27503 3.27503
0.00000 0.00000 0.00000 0.00000 0.00000 3.89980 3.95935 3.47522 3.40870 3.46603 3.52332 3.56219 3.56326 3.56326 3.56326 3.56326 3.56326 3.56326 3.56326 3.56326 3.56311 3.12607 3.07049 2.89821 2.77138 2.77138 2.77138 2.77138 2.77138 2.77138 2.77138 2.77138 2.77138 2.77138 2.77056 2.75075 2.72041 2.42057 2.40721 2.46909 1.88941 1.74771 1.74922 1.75074 1.75138 1.75138 1.75138 1.75138 1.74467 1.72991 1.71513 1.70037 1.68560 2.21407 2.45230 2.74357 2.75068 2.75068 2.75068 2.75068 2.75068 2.75068 3.15648 3.26914 3.25554 3.24190
4.42534 4.42534 4.42534 4.42534 4.42534 4.28805 4.16035 3.88306 3.56326 3.56326 3.56326 3.56326 3.56326 3.56326 3.56326 3.56326 3.56326 3.56326 3.56326 3.56326 3.56326 3.24817 3.07049 2.98269 2.77138 2.77138 2.75734 2.72961 2.70200 2.67430 2.64664 2.61903 2.59130 2.56369 2.53681 2.52898 2.52898 2.45343 2.41958 2.45482 2.11124 1.75138 1.74704 1.73268 1.71790 1.70312 1.68835 1.67359 1.66553 1.66551 1.66551 1.66551 1.66551 2.02194 2.43684 2.67189 2.75068 2.75068 2.75076 2.76504 2.78980 2.81453 3.01457 3.21690 3.21686 3.21686
4.42534 4.42534 4.42534 4.42534 4.42534 4.38504 4.16095 4.05291 3.56326 3.56326 3.56326 3.56326 3.56326 3.56326 3.56326 3.56326 3.56326 3.55873 3.53358 3.50598 3.47836 3.25671 2.92464 2.88468 2.57920 2.54255 2.52898 2.52898 2.52898 2.52898 2.52898 2.52898 2.52898 2.52898 2.52898 2.52898 2.52841 2.47551 2.40972 2.41142 2.30238 1.67840 1.66592 1.66551 1.66551 1.66551 1.66551 1.66551 1.66551 1.66551 1.66551 1.66551 1.66551 1.83536 2.43739 2.60225 2.79307 2.81775 2.84243 2.85290 2.85290 2.85290 2.90624 3.21673 3.21686 3.21686
4.42534 4.42534 4.42534 4.42534 4.42534 4.42534 4.18552 4.15892 3.62780 3.55101 3.52341 3.49579 3.46819 3.44055 3.41295 3.38531 3.35771 3.33462 3.33212 3.33212 3.33212 3.26113 2.82809 2.82809 2.61007 2.52898 2.52898 2.52898 2.52898 2.52898 2.52894 2.52586 2.52088 2.51590 2.51092 2.50594 2.50153 2.47918 2.39146 2.39146 2.38006 1.77288 1.66551 1.66551 1.66551 1.66551 1.66551 1.66551 1.66551 1.66551 1.66693 1.68628 1.71105 1.75145 2.49877 2.59976 2.85290 2.85290 2.85290 2.85290 2.85290 2.85290 2.85290 3.15611 3.21686 3.21686
4.42534 4.42534 4.42534 4.42534 4.42534 4.42534 4.11845 3.97223 3.58071 3.33217 3.33212 3.33212 3.33212 3.33212 3.33212 3.33212 3.33212 3.33212 3.33212 3.33212 3.33212 3.33182 2.88258 2.82809 2.69448 2.52750 2.52264 2.51766 2.51268 2.50770 2.50276 2.50086 2.50086 2.50086 2.50086 2.50086 2.50086 2.49963 2.39798 2.39146 2.38384 1.96890 1.66551 1.66551 1.66551 1.66551 1.66824 1.68948 1.71425 1.73900 1.76234 1.76773 1.76773 1.76773 2.33543 2.54072 2.82471 2.85290 2.85290 2.85290 2.85290 2.85290 2.85290 3.04217 3.21686 3.21686
4.42534 4.42534 4.42534 4.42534 4.42534 4.42534 4.18337 3.92922 3.73558 3.33212 3.33212 3.33212 3.33212 3.33212 3.33212 3.33212 3.33212 3.33212 3.33212 3.32948 3.27028 3.18816 2.78219 2.52001 2.44988 2.50099 2.50086 2.50086 2.50086 2.50086 2.50086 2.50086 2.50086 2.50086 2.50086 2.50086 2.50086 2.50086 2.42364 2.39146 2.38759 2.22270 1.66994 1.69270 1.71746 1.74221 1.76423 1.76773 1.76773 1.76773 1.76773 1.76773 1.76773 1.76773 2.14869 2.53906 2.73922 2.88142 2.97755 3.07650 3.17545 3.27430 3.37334 3.57763 4.03446 4.20211
4.42534 4.42534 4.42534 4.42534 4.42534 4.42534 4.35499 3.93071 3.89483 3.34328 3.33212 3.33212 3.33212 3.33212 3.31082 3.23202 3.14994 3.06787 2.98584 2.90645 2.88363 2.88363 2.68457 2.37959 2.37970 2.48643 2.50086 2.50086 2.50086 2.50086 2.50086 2.50086 2.50086 2.50086 2.50086 2.50086 2.50086 2.50086 2.45063 2.39146 2.39093 2.37842 1.83447 1.76773 1.76773 1.76773 1.76773 1.76798 1.77788 1.79269 1.80755 1.82239 1.83722 1.85206 2.20025 3.33695 3.54897 3.85272 3.92437 3.99354 4.06260 4.13165 4.20083 4.24108 4.56347 4.60368
4.42534 4.42534 4.42534 4.42534 4.42534 4.42534 4.42534 3.97880 3.92646 3.40904 3.19372 3.11173 3.02970 2.94754 2.88681 2.88363 2.88363 2.88363 2.88363 2.88363 2.88363 2.88363 2.81054 2.37959 2.37959 2.45231 2.50086 2.50086 2.50086 2.50086 2.50086 2.50086 2.50086 2.50086 2.50086 2.50086 2.50086 2.50086 2.48280 2.41306 2.43533 2.44778 2.06809 1.84150 1.85633 1.87116 1.88602 1.90060 1.90554 1.90554 1.90554 1.92623 1.99154 2.05833 2.18062 3.75284 3.89245 4.23786 4.23972 4.23972 4.23972 4.23972 4.23972 4.23972 4.45103 4.60398
4.42534 4.42534 4.42534 4.38097 4.05898 3.68809 3.31720 3.12231 3.00692 2.91538 2.88363 2.88363 2.88363 2.88363 2.88363 2.88363 2.88363 2.88363 2.88363 2.88363 2.88363 2.88363 2.88322 2.43221 2.37959 2.41806 2.50086 2.50086 2.50086 2.50226 2.54989 2.61957 2.68925 2.75910 2.82884 2.89870 2.96844 3.03823 3.09237 2.62313 2.59818 2.59212 2.39353 1.90554 1.90554 1.91738 1.97877 2.04560 2.11235 2.17921 2.24600 2.29211 2.29362 2.29362 2.29362 3.52002 3.89721 4.17358 4.23972 4.23972 4.23972 4.24711 4.46845 4.83567 5.32489 5.86316
3.57077 3.19988 2.82879 2.50227 2.45356 2.45356 2.45356 2.68781 2.94333 2.93236 2.88363 2.88363 2.88363 2.88363 2.88363 2.88363 2.88363 2.88363 2.88363 2.88363 2.88363 2.89761 2.93525 2.69619 2.62055 2.69695 2.87899 2.95109 3.02101 3.08934 3.11151 3.11151 3.11151 3.11151 3.11151 3.11151 3.11151 3.11151 3.11151 2.74232 2.62947 2.67709 2.87148 2.22988 2.23323 2.28819 2.29362 2.29362 2.29362 2.29362 2.29362 2.29362 2.29362 2.29362 2.29362 3.12941 3.89721 4.09742 4.51395 4.89014 5.34538 5.89144 6.08597 6.08597 6.08597 6.08597
2.45356 2.45356 2.45356 2.45356 2.45356 2.45356 2.45356 2.51790 2.94139 2.94315 2.88986 2.88363 2.88493 2.91258 2.95061 2.98857 3.02653 3.06453 3.10255 3.14058 3.17857 3.20252 3.20290 3.11837 2.99024 2.99024 3.08151 3.11151 3.11151 3.11151 3.11151 3.11151 3.11151 3.11151 3.13022 3.16713 3.20405 3.24103 3.27789 3.06665 2.80718 2.80779 3.12720 2.58257 2.29362 2.29362 2.29362 2.29362 2.29362 2.29362 2.29362 2.29362 2.29362 2.31084 2.44534 3.15834 4.96228 5.57772 6.08597 6.08597 6.08597 6.08597 6.08597 6.08597 6.08597 6.08597
2.45356 2.45356 2.45356 2.45356 2.50348 2.85001 3.17928 3.44872 3.21226 3.13962 3.14108 3.15584 3.19255 3.20290 3.20290 3.20290 3.20290 3.20290 3.20290 3.20290 3.20290 3.20290 3.20290 3.17162 2.99024 2.99024 3.04726 3.11151 3.11966 3.15456 3.19149 3.22840 3.26535 3.30226 3.32051 3.32051 3.32051 3.32051 3.32051 3.20006 2.80718 2.80718 3.02739 2.86792 2.29362 2.29362 2.29362 2.29362 2.29362 2.32159 2.46789 2.65479 2.88199 3.12646 3.16683 3.28734 5.53470 5.58496 6.06244 6.08597 6.08597 6.08597 6.08597 6.08597 6.08597 6.08597
3.66638 3.85715 4.01931 4.16011 4.27109 4.28728 4.28728 4.28728 3.71346 3.26261 3.24299 3.20290 3.20290 3.20290 3.20290 3.20290 3.20290 3.20290 3.20290 3.20290 3.20290 3.20290 3.20159 3.14657 2.87336 2.76941 2.78421 3.28972 3.31844 3.32051 3.32051 3.32051 3.32051 3.32051 3.32051 3.32051 3.32051 3.32051 3.32051 3.30726 2.82550 2.80718 2.92705 3.14656 2.33809 2.33522 2.49091 2.68262 2.91619 3.14488 3.16683 3.16683 3.16683 3.16683 3.16683 3.16683 5.06925 5.57222 5.93344 6.08597 6.08597 6.04745 5.90582 5.75868 5.61168 5.46469
4.28728 4.28728 4.28728 4.28728 4.28728 4.28728 4.28728 4.28728 3.96963 3.26261 3.25901 3.20397 3.20290 3.20290 3.20290 3.20290 3.20290 3.18608 3.10901 3.02668 2.94430 2.86188 2.78089 2.75324 2.61501 2.54058 2.54362 3.24442 3.32051 3.32051 3.32051 3.32051 3.32051 3.32051 3.32051 3.32051 3.32051 3.32051 3.32051 3.32051 2.93777 2.80718 2.83130 3.16212 3.02956 3.15769 3.16683 3.16683 3.16683 3.16683 3.16683 3.17407 3.33158 3.54963 3.76768 3.98573 4.60483 4.67925 4.75128 4.89901 4.72017 4.49491 4.36750 4.24573 4.12404 4.00228
4.28728 4.28728 4.28728 4.28728 4.28728 4.28728 4.28728 4.28728 4.21719 3.27121 3.26261 3.21691 3.15362 3.07124 2.98886 2.90644 2.82415 2.75854 2.75324 2.75324 2.75324 2.75324 2.75324 2.75324 2.66817 2.54058 2.54058 3.02741 3.32051 3.32051 3.32051 3.32051 3.32051 3.32051 3.32051 3.32051 3.32051 3.32051 3.32051 3.32051 3.06323 2.80718 2.83272 3.30050 3.59931 3.81737 4.03522 4.25347 4.47132 4.68937 4.90722 5.11803 5.17838 5.17838 5.20510 5.34699 5.17940 4.60266 4.68545 4.00228 3.91207 3.90733 3.90733 3.90733 3.90733 3.90733
4.28728 4.28728 4.28728 4.28728 4.28728 4.28728 4.29363 4.35294 4.42429 3.66707 3.54215 3.21154 2.75324 2.75324 2.75324 2.75324 2.75324 2.75324 2.75324 2.75324 2.75324 2.75324 2.75324 2.75324 2.72103 2.54058 2.54058 2.80754 3.32051 3.32051 3.32051 3.32051 3.32051 3.33135 3.44572 3.58511 3.72449 3.86425 4.00376 4.14315 4.29933 4.59726 4.78996 4.99701 5.17838 5.17838 5.17838 5.17838 5.19156 5.31973 5.47471 5.62979 5.78477 5.93966 6.06792 6.08101 6.00649 5.03358 5.02629 4.04601 3.90733 3.90733 3.90733 3.90733 3.90733 3.90733
4.28728 4.30631 4.37505 4.44631 4.51762 4.58889 4.65383 4.66576 4.66576 4.09450 3.64109 3.47245 2.75324 2.75324 2.75324 2.75324 2.75324 2.75324 2.75324 2.75324 2.75324 2.75324 2.75324 2.75324 2.75436 2.65835 2.78213 2.97772 3.83216 3.98059 4.12010 4.25986 4.39925 4.52754 4.55293 4.55293 4.55293 4.55293 4.55293 4.55293 4.56253 4.81202 4.81936 4.93346 5.44745 5.60244 5.75751 5.91249 6.05429 6.08101 6.08101 6.08101 6.08101 6.08101 6.08101 6.08101 6.08101 5.21388 5.02662 4.35359 3.90733 3.90733 3.90733 3.90733 3.90733 3.90733
4.61095 4.66318 4.66576 4.66576 4.66576 4.66576 4.66576 4.66576 4.66576 4.35067 3.64109 3.63745 2.84009 2.75324 2.75324 2.75324 2.76399 2.82619 2.89511 2.96391 3.03289 3.10176 3.17056 3.23954 3.30697 3.61921 3.77300 3.77300 4.38010 4.55293 4.55293 4.55293 4.55293 4.55293 4.55293 4.55293 4.55293 4.56406 4.59411 4.62449 4.65490 4.88901 4.98082 5.00229 6.00258 6.08101 6.08101 6.08101 6.08101 6.08101 6.08101 6.08101 6.08101 6.08101 6.08101 6.08101 6.08101 5.46868 5.02662 4.66151 3.90733 3.90733 3.90733 3.90733 3.90733 3.90733
4.66576 4.66576 4.66576 4.66576 4.66576 4.66576 4.66576 4.66576 4.59341 4.38620 3.80271 3.87604 3.39245 3.12592 3.19484 3.26376 3.32187 3.32854 3.32854 3.32854 3.32854 3.32854 3.32854 3.32854 3.32854 3.50930 3.77300 3.77300 4.16008 4.55293 4.55293 4.55684 4.58353 4.61391 4.64431 4.67468 4.70508 4.72435 4.72466 4.72466 4.72466 4.86322 4.99046 4.99046 5.71147 6.08101 6.08101 6.08101 6.08101 6.08101 6.08101 6.08101 6.08101 6.08101 6.08101 6.08101 6.08101 5.72357 5.02662 4.95409 3.92244 3.90733 3.90733 3.90733 3.90733 3.90733
4.61687 4.38515 4.14044 3.92260 3.72724 3.55117 3.39186 3.24688 3.15104 3.34108 4.11662 4.21639 3.91543 3.32854 3.32854 3.32854 3.32854 3.32854 3.32854 3.32854 3.32854 3.32854 3.32854 3.32854 3.32854 3.39941 3.83549 3.94585 4.18834 4.66409 4.69450 4.72098 4.72466 4.72466 4.72466 4.72466 4.72466 4.72466 4.72466 4.72466 4.72466 4.79826 4.99046 4.99046 5.40792 6.08101 6.08101 6.08101 6.08101 6.08101 6.08101 6.08101 6.08101 6.08101 6.08101 6.08101 6.08101 5.97718 5.02789 5.02662 4.15783 3.90733 3.90733 3.90733 3.90733 3.90529
3.15996 3.14619 3.14619 3.14619 3.14619 3.14619 3.14619 3.14619 3.14619 3.22360 3.98705 4.21639 4.15575 3.34035 3.32854 3.32854 3.32854 3.32854 3.32854 3.32854 3.34478 3.44343 3.55367 3.66397 3.77428 3.88534 4.33611 4.37673 4.38010 4.69811 4.72466 4.72466 4.72466 4.72466 4.72466 4.72466 4.72466 4.72466 4.72466 4.72466 4.72466 4.73759 4.98601 4.99046 5.10715 6.07883 6.08101 6.08101 6.08101 6.08101 6.08101 6.08101 6.08101 6.08101 6.08101 6.10083 6.43171 6.86776 5.40215 4.99020 4.41985 3.85240 3.84316 3.84047 3.87573 3.92677
3.14619 3.14619 3.14619 3.14619 3.14619 3.14619 3.14619 3.14619 3.14619 3.14980 3.79915 4.21639 4.21639 3.53158 3.32854 3.38553 3.49590 3.60608 3.71638 3.82662 3.92068 3.93227 3.93227 3.93227 3.93227 3.93227 4.22722 4.37673 4.37673 4.60383 4.72466 4.72466 4.72466 4.72466 4.72466 4.72466 4.72466 4.72466 4.72466 4.72466 4.72466 4.72466 4.93397 4.99046 4.99046 5.89256 6.15260 6.54942 6.98588 7.42193 7.85879 8.29484 8.73090 9.16735 9.60341 10.0204 10.1260 10.1228 6.90945 4.87067 4.66846 4.08910 4.20480 4.33385 4.35323 4.35323
3.14619 3.14619 3.14619 3.14619 3.14619 3.14619 3.14619 3.14619 3.14619 3.14955 3.56100 4.35017 4.42960 4.14385 3.87902 3.93227 3.93227 3.93227 3.93227 3.93227 3.93227 3.93227 3.93227 3.93227 3.93227 3.93227 4.11712 4.37673 4.37673 4.50622 4.72466 4.72466 4.72466 4.72466 4.72466 4.72466 4.72466 4.75540 4.91836 5.09591 5.27393 5.45164 6.50574 7.75846 8.19451 9.23052 10.0868 10.1260 10.1260 10.1260 10.1260 10.1249 10.1005 10.0667 10.0329 9.99910 9.96529 9.93474 8.00090 4.73964 4.73682 4.39869 4.35323 4.35323 4.35323 4.35323
3.14619 3.14619 3.14619 3.14619 3.15733 3.20419 3.25379 3.30333 3.35293 3.39911 3.64160 4.50957 4.61064 4.47205 3.93227 3.93227 3.93227 3.93227 3.93227 3.93227 3.93227 3.93227 3.93227 3.93227 3.93227 3.93227 4.00712 4.37673 4.39163 4.57238 5.06296 5.24240 5.42011 5.59782 5.77568 5.95339 6.13109 6.27821 6.29311 6.29311 6.29311 6.29311 7.10991 9.03547 9.03547 9.33170 10.1067 10.0729 10.0391 10.0053 9.97150 9.93881 9.92943 9.92943 9.92943 9.92943 9.92943 9.92943 9.25708 4.73964 4.73964 4.54182 4.35323 4.35323 4.35323 4.35323
3.21923 3.26877 3.31834 3.36791 3.40634 3.40902 3.40902 3.40902 3.40902 3.40902 3.49790 4.38000 4.61064 4.60596 3.99061 3.93227 3.93227 3.93227 3.93227 3.93227 3.93813 3.95456 3.97122 3.98790 4.00448 4.02114 4.03957 5.59552 5.91460 5.94518 6.22756 6.29311 6.29311 6.29311 6.29311 6.29311 6.29311 6.29311 6.29311 6.29311 6.29019 6.27929 6.44042 8.97206 8.98759 9.00754 9.89422 9.92943 9.92943 9.92943 9.92943 9.92943 9.92943 9.92943 9.92943 9.92943 9.92943 9.92943 9.92891 5.32401 4.73964 4.64225 4.35323 4.35323 4.35323 4.35323
