High_resolution/powerplant/Fengdu/OMI_NO2_200503.asc
ncols      200
nrows      200
xllcorner       105.978
yllcorner       28.1831
cellsize     0.0166667
NODATA_Value      -999.000
[rows 29 to 57 of 200, columns 130 to 194 of 200]
2.05404 2.19196 2.19196 2.19196 2.19196 2.19196 2.03285 1.99635 1.99635 1.99635 1.99635 1.99635 1.99635 1.99635 1.99635 1.99635 1.99635 2.47317 2.61232 2.61804 2.61947 2.47736 2.36090 2.36090 2.36090 2.36090 2.36090 2.36090 2.30245 2.15673 1.98895 1.79210 1.55792 1.41086 1.41057 1.41057 1.57678 1.97628 1.84882 1.66752 1.66752 1.66752 1.66752 1.66752 1.66752 1.66752 1.66752 1.64261 1.55193 1.45800 1.36406 1.26886 1.38307 1.43056 1.43961 1.46020 1.46965 1.46965 1.45580 1.39251 1.38176 1.36925 1.37104 1.38979 1.41866
1.99525 2.19196 2.19196 2.19196 2.19196 2.19196 2.07794 1.99635 1.99635 1.99635 1.99635 1.99635 1.99635 1.99635 1.99635 1.99635 1.99635 2.29127 2.61232 2.61641 2.61947 2.54472 2.36090 2.30313 2.15828 1.99076 1.79424 1.56048 1.41100 1.41057 1.41057 1.41057 1.41057 1.41057 1.41057 1.41057 1.44084 1.96722 1.91783 1.65847 1.57931 1.48523 1.39137 1.29743 1.20349 1.11401 1.03895 0.990024 1.00678 1.02687 1.04689 1.06691 1.42128 1.60882 1.62887 1.63916 1.64251 1.71147 1.75711 1.84544 1.87930 1.90759 1.92056 1.92506 1.92928
1.94599 2.18492 2.19196 2.19196 2.19196 2.19196 2.13371 1.99635 1.99635 1.99635 1.99635 1.99635 1.99635 1.99635 1.99635 1.99635 1.99635 2.10944 2.56283 2.44057 2.30124 2.11551 1.57027 1.41114 1.41057 1.41057 1.41057 1.41057 1.41057 1.41057 1.41330 1.42039 1.41788 1.40307 1.38824 1.37340 1.35856 1.47352 1.40734 1.17009 1.17141 1.19143 1.21151 1.23160 1.25159 1.26719 1.26830 1.26830 1.26830 1.26830 1.26830 1.26830 1.47565 1.77010 1.77010 1.77010 1.77023 1.86087 1.86743 1.91810 1.93450 1.93450 1.93450 1.93450 1.93450
2.03753 2.13376 2.19196 2.19196 2.19196 2.19196 2.18751 2.00387 1.99635 1.99635 1.99635 1.99635 1.99635 1.98742 1.95605 1.91873 1.86800 1.80190 1.75195 1.74175 1.83370 1.84085 1.55000 1.46727 1.47316 1.46310 1.44826 1.43341 1.41861 1.40375 1.38623 1.36428 1.35196 1.35191 1.35191 1.35191 1.35191 1.35394 1.35603 1.29069 1.26830 1.26830 1.26830 1.26830 1.26830 1.26830 1.26830 1.26830 1.26830 1.26830 1.26830 1.26830 1.34867 1.77010 1.77010 1.77010 1.77010 1.84321 1.86743 1.90337 1.93450 1.93450 1.93450 1.93450 1.93450
2.18595 2.07492 2.19113 2.17995 2.16581 2.15162 2.13746 1.98939 1.93465 1.89117 1.83799 1.77555 1.70109 1.63599 1.61989 1.60575 1.59946 1.59940 1.59902 1.59851 1.94041 2.02030 1.65779 1.37742 1.35671 1.35191 1.35191 1.35191 1.35191 1.35191 1.35191 1.35191 1.35191 1.35191 1.35191 1.35191 1.35191 1.35289 1.35603 1.31041 1.26830 1.26830 1.26830 1.26830 1.26830 1.26830 1.26830 1.26830 1.26830 1.26830 1.26830 1.26830 1.26935 1.72225 1.77010 1.77010 1.77010 1.82207 1.86743 1.88864 1.93450 1.93450 1.93450 1.93450 1.93450
2.58102 2.14815 2.00675 1.99889 1.95784 1.89873 1.82216 1.68813 1.60520 1.59946 1.59938 1.59896 1.59845 1.59785 1.59713 1.59624 1.59514 1.59396 1.59379 1.59379 1.99513 2.19974 1.86104 1.35191 1.35191 1.35191 1.35191 1.35191 1.35191 1.35191 1.35191 1.35191 1.35191 1.35191 1.35191 1.35191 1.35191 1.35202 1.35583 1.32998 1.26830 1.26830 1.26830 1.26830 1.26830 1.26830 1.26830 1.26830 1.26830 1.26830 1.26830 1.26830 1.26830 1.59642 1.77010 1.77010 1.77010 1.79635 1.86743 1.87395 1.93447 1.93450 1.93450 1.93450 1.93450
2.57292 2.14382 1.73762 1.61628 1.59379 1.59379 1.59379 1.59472 1.59613 1.59500 1.59389 1.59379 1.59379 1.59379 1.59379 1.59379 1.59379 1.59379 1.59379 1.59379 1.85788 2.19974 2.15339 1.36790 1.35191 1.35191 1.35191 1.35191 1.35191 1.35191 1.35191 1.35191 1.35191 1.35191 1.35191 1.35191 1.35191 1.35191 1.35488 1.34944 1.26863 1.26830 1.26830 1.26830 1.26830 1.26830 1.26830 1.26830 1.26830 1.26830 1.26830 1.26830 1.26830 1.46952 1.77010 1.77010 1.77010 1.77207 1.86441 1.87819 1.95774 1.98767 2.01078 2.03633 2.06457
2.05242 2.05242 1.66171 1.59379 1.59379 1.59379 1.59379 1.59379 1.59379 1.59379 1.59379 1.59379 1.59379 1.59379 1.59379 1.59379 1.59379 1.59379 1.59379 1.59379 1.72063 2.19974 2.19974 1.48288 1.35191 1.35191 1.35191 1.35191 1.35191 1.35191 1.35191 1.35191 1.35191 1.35191 1.35191 1.35191 1.35191 1.35191 1.35395 1.35603 1.28162 1.26830 1.26830 1.26830 1.26830 1.26830 1.26830 1.26830 1.26830 1.26830 1.26864 1.30008 1.35727 1.49568 1.84763 1.87676 1.91192 1.95419 2.02892 2.04319 2.10936 2.14379 2.14379 2.14379 2.14379
2.05242 2.05242 1.76752 1.59379 1.59379 1.59379 1.59379 1.59379 1.59379 1.59379 1.59379 1.59379 1.59379 1.59379 1.59379 1.59379 1.59379 1.59379 1.59379 1.59379 1.60603 2.17701 2.19974 1.65462 1.35191 1.35191 1.35191 1.35191 1.35191 1.35191 1.35191 1.35191 1.35191 1.35191 1.35191 1.35191 1.35191 1.35191 1.35289 1.35603 1.30139 1.26830 1.26830 1.28495 1.33893 1.40217 1.47590 1.56287 1.66718 1.79450 1.95112 1.98208 1.91936 1.85634 1.79362 1.73080 1.66808 1.60536 1.71376 1.76230 1.84559 2.11301 2.11129 2.10890 2.10561
2.05242 2.05242 1.87337 1.59379 1.59379 1.59379 1.59379 1.59379 1.59379 1.59379 1.59379 1.59379 1.59379 1.59379 1.59379 1.59379 1.59379 1.59379 1.59379 1.59379 1.59379 2.05201 2.19974 1.89969 1.35191 1.35191 1.35191 1.35191 1.35191 1.35191 1.35191 1.35191 1.35191 1.35191 1.35191 1.34517 1.35479 1.37761 1.40407 1.43652 1.42557 1.39932 1.44752 1.46573 1.40511 1.34239 1.27957 1.21685 1.15383 1.09111 1.02930 1.00775 1.00775 1.00775 1.00775 1.00775 1.00775 1.00775 1.01017 1.00775 1.00775 0.00000 0.00000 0.00000 0.00000
2.05242 2.05242 1.97923 1.59379 1.59379 1.59379 1.59379 1.59379 1.59379 1.59379 1.59379 1.59379 1.59379 1.59379 1.59379 1.59379 1.59379 1.59379 1.59379 1.59379 1.59496 1.89358 2.06384 1.96785 1.22958 1.17088 1.13315 1.09548 1.06907 1.06859 1.06906 1.06983 1.07047 1.07138 1.07255 1.08959 1.10291 1.10291 1.10291 1.10291 1.08610 1.00775 1.00775 1.00775 1.00775 1.00775 1.00775 1.00775 1.00775 1.00775 1.00775 1.00775 1.00775 1.00775 1.00775 1.00775 1.00775 1.00775 1.00775 1.00775 1.00775 1.00775 0.00000 0.00000 0.00000
2.05242 2.05242 2.05050 1.62837 1.59379 1.59379 1.59379 1.59943 1.63971 1.68594 1.73211 1.77840 1.82451 1.87086 1.91691 1.96332 2.00937 2.05566 2.10183 2.14806 2.19312 1.87220 1.10291 1.10291 0.941252 0.941507 0.989361 1.04912 1.10077 1.10291 1.10291 1.10291 1.10291 1.10291 1.10291 1.10291 1.10291 1.10291 1.10291 1.10291 1.10200 1.01301 1.00775 1.00775 1.00775 1.00775 1.00775 1.00775 1.00775 1.00775 1.00775 1.00775 1.00775 1.00775 1.00775 1.00775 1.00775 1.00775 1.00775 1.00775 1.00775 1.00775 0.00000 0.00000 0.00000
1.52516 1.42955 1.33394 1.75650 2.06805 2.11421 2.16044 2.20103 2.20692 2.20692 2.20692 2.20692 2.20692 2.20692 2.20692 2.20692 2.20692 2.20692 2.20692 2.20692 2.20692 2.11902 1.10612 1.10291 1.10291 1.10291 1.10291 1.10291 1.10291 1.10291 1.10291 1.10291 1.10291 1.10291 1.10291 1.10291 1.10291 1.10291 1.10291 1.10291 1.10291 1.03324 1.00775 1.00775 1.00775 1.00775 1.00775 1.00775 1.00775 1.00775 1.00775 1.00775 1.00775 1.00775 1.00775 1.00775 1.00775 1.00775 1.00775 1.00775 1.00775 1.00775 0.00000 0.00000 0.00000
0.889258 0.889258 0.889258 1.50765 2.20692 2.20692 2.20692 2.20692 2.20692 2.20692 2.20692 2.20692 2.20692 2.20692 2.20692 2.20692 2.20692 2.20692 2.20692 2.20692 2.20692 2.20692 1.26822 1.10291 1.10291 1.10291 1.10291 1.10291 1.10291 1.10291 1.10291 1.10291 1.10291 1.10291 1.10291 1.17486 1.30337 1.39382 1.46073 1.35551 1.10291 1.05441 1.00775 1.00775 1.00775 1.00775 1.00775 1.00775 1.00775 1.00775 1.00775 1.00775 1.00775 1.00775 1.00775 1.00775 1.00775 1.00775 1.00775 1.00775 1.00775 1.00775 0.00000 0.00000 0.00000
0.889258 0.889258 0.889258 1.20560 2.20692 2.20692 2.20692 2.20692 2.20692 2.20692 2.20692 2.20692 2.20692 2.20692 2.20692 2.20692 2.20692 2.20692 2.20692 2.20692 2.20692 2.20692 1.51832 1.10291 1.10291 1.10291 1.10291 1.10291 1.10291 1.10291 1.10644 1.21559 1.33165 1.41442 1.47644 1.50577 1.50594 1.50594 1.50594 1.45595 1.10291 1.07563 1.00775 1.00775 1.00775 1.00775 1.00775 1.00775 1.00775 1.00775 1.00775 1.00775 1.00775 1.00775 1.00775 1.00775 1.00775 1.00775 1.00775 1.00775 1.00775 1.00775 0.00000 0.00000 0.00000
0.889258 0.889258 0.889258 0.934454 2.17596 2.20692 2.20692 2.20692 2.20692 2.20692 2.20692 2.20692 2.20692 2.20692 2.20692 2.20692 2.20692 2.20692 2.20692 2.20692 2.20692 2.20692 1.76854 1.10291 1.10291 1.10291 1.12357 1.25241 1.35744 1.43347 1.49010 1.50594 1.50594 1.50594 1.50594 1.50594 1.50594 1.50594 1.50594 1.50444 1.17190 1.09632 1.00822 1.00775 1.00775 1.00775 1.00775 1.00775 1.00775 1.00775 1.00775 1.00775 1.00775 1.00775 1.00775 1.00775 1.01492 1.04342 1.07342 1.10342 1.13337 1.16336 1.30233 0.00000 0.00000
0.889258 0.889258 0.889258 0.889258 1.91894 2.20692 2.20692 2.20692 2.20692 2.20692 2.20692 2.20692 2.20692 2.20692 2.20692 2.20692 2.20692 2.20692 2.20692 2.20692 2.20692 2.20692 2.01176 1.28557 1.38099 1.45108 1.49934 1.50594 1.50594 1.50594 1.50594 1.50594 1.50594 1.50594 1.50594 1.50594 1.50594 1.50594 1.50594 1.50594 1.32517 1.06099 1.06180 1.10855 1.13850 1.16840 1.19835 1.22840 1.25840 1.28835 1.31830 1.34825 1.37821 1.40824 1.43819 1.46814 1.49092 1.49237 1.49237 1.49237 1.49237 1.49237 1.49237 0.00000 0.00000
0.889258 0.889258 0.889258 0.889258 1.61700 2.20692 2.20692 2.20692 2.20692 2.20692 2.20692 2.20692 2.20692 2.20692 2.20692 2.20692 2.20692 2.20692 2.20692 2.19587 2.09612 2.07218 2.05447 1.54084 1.50594 1.50567 1.49357 1.47535 1.45709 1.43878 1.42058 1.40230 1.38400 1.36577 1.34746 1.32923 1.31098 1.29267 1.27447 1.25619 1.12465 0.572277 1.14274 1.49237 1.49237 1.49237 1.49237 1.49237 1.49237 1.49237 1.49237 1.49237 1.49237 1.49237 1.49237 1.49237 1.49237 1.49237 1.49237 1.49237 1.49237 1.49237 1.49237 0.00000 0.00000
0.889258 0.889258 0.889258 0.889258 1.31495 2.20692 2.20692 2.20692 2.20692 2.20692 2.20692 2.20692 2.20135 2.17710 2.15118 2.12546 2.09957 2.07382 2.04800 2.02221 1.95606 1.93978 1.92690 1.46198 1.26479 1.24683 1.24062 1.24062 1.24062 1.24062 1.24062 1.24062 1.24062 1.24062 1.24062 1.24062 1.24062 1.24062 1.24062 1.24062 1.22909 0.627630 0.938291 1.49237 1.49237 1.49237 1.49237 1.49237 1.49237 1.49237 1.49237 1.49237 1.49237 1.49237 1.49237 1.49237 1.49237 1.49237 1.49237 1.49237 1.49237 1.49237 1.49237 0.00000 0.00000
0.993577 1.10580 1.21790 1.32985 1.54288 2.04182 2.01568 1.98986 1.96404 1.93828 1.91246 1.88671 1.86640 1.86493 1.86493 1.86493 1.86493 1.86493 1.86493 1.86493 1.88051 1.88694 1.88694 1.56849 1.24062 1.24062 1.24062 1.24062 1.24062 1.24062 1.24062 1.24062 1.24062 1.24062 1.24062 1.24062 1.24062 1.24062 1.24062 1.24062 1.24062 0.893938 0.733846 1.49237 1.49237 1.49237 1.49237 1.49237 1.49237 1.49237 1.49237 1.49237 1.49237 1.49237 1.49237 1.49237 1.49237 1.49237 1.49237 1.49237 1.49237 1.49237 1.49237 1.49237 0.00000
2.25290 2.25290 2.25290 2.25290 2.25290 1.91756 1.86493 1.86493 1.86493 1.86493 1.86493 1.86493 1.86493 1.86493 1.86493 1.86493 1.86493 1.86493 1.86493 1.86493 1.87337 1.88694 1.88694 1.71387 1.24062 1.24062 1.24062 1.24062 1.24062 1.24062 1.24062 1.24062 1.24062 1.24062 1.24062 1.24062 1.24062 1.24020 1.14859 0.987344 0.826031 0.650284 0.580834 1.44082 1.49237 1.49237 1.49237 1.49237 1.49237 1.49237 1.49237 1.49237 1.49237 1.49237 1.49237 1.49237 1.49237 1.49237 1.49237 1.49237 1.49237 1.49237 1.49237 1.49237 0.00000
2.25290 2.25290 2.25290 2.25290 2.25290 2.00651 1.86493 1.86493 1.86493 1.86493 1.86493 1.86493 1.86493 1.86493 1.86493 1.86493 1.86493 1.86493 1.86493 1.86493 1.86540 1.88598 1.88694 1.85249 1.24769 1.24062 1.24062 1.24062 1.24062 1.24062 1.24062 1.24062 1.24062 1.23104 1.10433 0.942948 0.781774 0.620875 0.551249 0.551249 0.551249 0.552142 0.571815 1.24408 1.49237 1.49237 1.49237 1.49237 1.49237 1.49237 1.49237 1.49237 1.49237 1.49237 1.49237 1.49237 1.49237 1.49237 1.49237 1.49237 1.49237 1.49237 1.49237 1.49237 0.00000
2.25290 2.25290 2.25290 2.25290 2.25290 2.09546 1.86493 1.86493 1.86493 1.86493 1.86493 1.86493 1.86493 1.86493 1.86493 1.86493 1.86493 1.86493 1.86493 1.86493 1.86493 1.88171 1.88694 1.88694 1.35862 1.24062 1.24062 1.24062 1.24062 1.20960 1.05993 0.898741 0.737447 0.585717 0.551249 0.551249 0.551249 0.551249 0.551249 0.551249 0.551249 0.551249 0.564261 1.03950 1.49237 1.49237 1.49237 1.49237 1.49237 1.49237 1.49237 1.49237 1.49237 1.49237 1.49237 1.49237 1.49237 1.49237 1.49237 1.49237 1.49237 1.49237 1.48969 1.48472 0.00000
2.25290 2.25290 2.25290 2.25290 2.25290 2.18436 1.86493 1.86493 1.86493 1.86493 1.86493 1.86493 1.86493 1.86493 1.86493 1.86493 1.86493 1.86493 1.86493 1.86493 1.86493 1.87524 1.88694 1.88694 1.50419 1.17602 1.01568 0.854364 0.693121 0.562899 0.551249 0.551249 0.551249 0.551249 0.551249 0.551249 0.551249 0.551249 0.551249 0.551249 0.551249 0.551249 0.557505 0.835056 1.49237 1.49207 1.48843 1.48383 1.47922 1.47462 1.47004 1.46544 1.46084 1.45625 1.45166 1.44704 1.44245 1.43786 1.37209 1.15457 0.991550 0.871751 1.01819 1.41755 0.00000
2.25290 2.25290 2.25290 2.25290 2.25290 2.24968 1.88859 1.86493 1.86493 1.86493 1.86493 1.86493 1.86493 1.86493 1.86493 1.86493 1.86493 1.86493 1.86493 1.86493 1.86493 1.86648 1.63469 1.45636 1.05790 0.552076 0.551249 0.551249 0.551249 0.551249 0.551249 0.551833 0.552867 0.553899 0.554928 0.555960 0.556992 0.558026 0.559058 0.560091 0.561125 0.562154 0.565909 0.655547 1.41847 1.41849 1.41755 1.41755 1.41755 1.41755 1.41755 1.41755 1.41755 1.41702 1.26929 1.07447 0.935467 0.831307 0.766122 0.761564 0.761564 0.761564 0.840494 1.41755 1.41755
2.25290 2.25290 2.25290 2.25290 2.25290 2.25290 1.97432 1.86493 1.86493 1.86493 1.86493 1.86493 1.86493 1.86493 1.86493 1.86493 1.86493 1.86096 1.84969 1.83831 1.82687 1.81550 1.28633 1.16145 1.06914 0.560619 0.561652 0.562684 0.563712 0.564746 0.565779 0.566229 0.566229 0.566229 0.566229 0.566229 0.566229 0.566229 0.566229 0.566229 0.566229 0.566229 0.566229 0.592670 1.28663 1.41755 1.41755 1.41755 1.41755 1.38542 1.18096 1.01239 0.889500 0.796090 0.761564 0.761564 0.761564 0.761564 0.761564 0.761564 0.761564 0.761564 0.763802 1.30526 1.41755
2.25290 2.25290 2.25290 2.25290 2.23384 2.18159 1.98173 1.82424 1.81283 1.80140 1.79003 1.77857 1.76722 1.75574 1.74439 1.73295 1.72155 1.71411 1.71396 1.71396 1.71396 1.71396 1.39156 1.12209 1.12106 0.614146 0.566229 0.566229 0.566229 0.566229 0.566229 0.566229 0.566229 0.566229 0.566229 0.566229 0.566229 0.566229 0.566229 0.566229 0.566229 0.566229 0.566229 0.579574 1.10412 1.31188 1.10495 0.957729 0.848316 0.772197 0.761564 0.761564 0.761564 0.761564 0.761564 0.761564 0.761564 0.761564 0.761564 0.761564 0.761564 0.761564 0.761564 1.05046 1.41755
1.80397 1.75114 1.69838 1.64536 1.61160 1.61102 1.63773 1.71396 1.71396 1.71396 1.71396 1.71396 1.71396 1.71396 1.71396 1.71396 1.71396 1.71396 1.71396 1.71396 1.71396 1.71396 1.62922 1.12611 1.12209 0.739059 0.566229 0.566229 0.566229 0.566229 0.566229 0.566229 0.566229 0.566229 0.566229 0.566229 0.566229 0.566229 0.566229 0.566229 0.566887 0.589598 0.623021 0.612120 0.544390 0.762090 0.761564 0.761564 0.761564 0.761564 0.761564 0.761564 0.761564 0.761564 0.761564 0.761564 0.761564 0.761564 0.761564 0.761564 0.761564 0.761564 0.761564 0.881801 1.41755
1.61102 1.61102 1.61102 1.61102 1.61102 1.61102 1.61572 1.71235 1.71396 1.71396 1.71396 1.71396 1.71396 1.71396 1.71396 1.71396 1.71396 1.71396 1.71396 1.71396 1.71396 1.71396 1.71396 1.20537 1.12209 0.865085 0.566229 0.566229 0.566229 0.566229 0.566229 0.566229 0.566229 0.566229 0.566229 0.566229 0.570019 0.598851 0.632303 0.665727 0.698512 0.709247 0.709247 0.705338 0.451308 0.761564 0.761564 0.761564 0.761564 0.761564 0.761564 0.761564 0.761564 0.761564 0.761564 0.761564 0.761564 0.761564 0.761564 0.761564 0.761564 0.761564 0.761564 0.775601 1.37181
