High_resolution/powerplant/Fengdu/OMI_NO2_201112.asc
ncols      200
nrows      200
xllcorner       105.978
yllcorner       28.1831
cellsize     0.0166667
NODATA_Value      -999.000
[rows 87 to 115 of 200, columns 132 to 197 of 200]
0.00000 0.00000 0.00000 0.00000 0.00000 0.00000 0.00000 0.00000 0.00000 0.00000 0.00000 0.00000 0.00000 0.00000 0.00000 0.00000 0.00000 0.00000 0.00000 0.00000 0.00000 0.00000 0.00000 0.00000 0.00000 0.00000 0.00000 0.00000 0.00000 0.00000 0.00000 0.00000 0.00000 0.00000 0.00000 0.00000 0.00000 0.00000 0.00000 0.00000 0.00000 0.00000 0.00000 0.136141 0.136141 0.136141 0.136141 0.136141 0.136141 0.136141 0.136141 0.136141 0.136141 0.136141 0.136141 0.136141 0.136141 0.136141 0.136141 0.136035 0.132648 0.127720 0.122780 0.117804 0.112864 0.107936
0.00000 0.00000 0.00000 0.00000 0.00000 0.00000 0.00000 0.00000 0.00000 0.00000 0.00000 0.00000 0.00000 0.00000 0.00000 0.00000 0.00000 0.00000 0.00000 0.00000 0.00000 0.00000 0.00000 0.00000 0.00000 0.00000 0.00000 0.00000 0.00000 0.00000 0.00000 0.00000 0.00000 0.00000 0.00000 0.00000 0.00000 0.00000 0.00000 0.00000 0.00000 0.00000 0.00000 0.00000 0.0973534 0.0891405 0.0842122 0.0792840 0.0743087 0.0693687 0.0644405 0.0595005 0.0545722 0.0495969 0.0446569 0.0397308 0.0348004 0.0298722 0.0248969 0.0200628 0.0185219 0.0185219 0.0185219 0.0185219 0.0185219 0.0185219
0.00000 0.00000 0.00000 0.00000 0.00000 0.00000 0.00000 0.00000 0.00000 0.00000 0.00000 0.00000 0.00000 0.00000 0.00000 0.00000 0.00000 0.00000 0.00000 0.00000 0.00000 0.00000 0.00000 0.00000 0.00000 0.00000 0.00000 0.00000 0.00000 0.00000 0.00000 0.00000 0.00000 0.00000 0.00000 0.00000 0.00000 0.00000 0.00000 0.00000 0.00000 0.00000 0.00000 0.00000 0.0185219 0.0185219 0.0185219 0.0185219 0.0185219 0.0185219 0.0185219 0.0185219 0.0185219 0.0185219 0.0185219 0.0185219 0.0185219 0.0185219 0.0185219 0.0185219 0.0185219 0.0185219 0.0185219 0.0185219 0.0185219 0.0185219
11.4874 11.4874 11.4874 0.00000 0.00000 0.00000 0.00000 0.00000 0.00000 0.00000 0.00000 0.00000 0.00000 0.00000 0.00000 0.00000 0.00000 0.00000 0.00000 0.00000 0.00000 0.00000 0.00000 0.00000 0.00000 0.00000 0.00000 0.00000 0.00000 0.00000 0.00000 0.00000 0.00000 0.00000 0.00000 0.00000 0.00000 0.00000 0.00000 0.00000 0.00000 0.00000 0.00000 0.00000 0.0185219 0.0185219 0.0185219 0.0185219 0.0185219 0.0185219 0.0185219 0.0185219 0.0185219 0.0185219 0.0185219 0.0185219 0.0185219 0.0185219 0.0185219 0.0185219 0.0185219 0.0185219 0.0185219 0.0185219 0.0185219 0.0185219
11.4874 11.4874 11.4874 0.00000 0.00000 0.00000 0.00000 0.00000 0.00000 0.00000 0.00000 0.00000 0.00000 0.00000 0.00000 0.00000 0.00000 0.00000 0.00000 0.00000 0.00000 0.00000 0.00000 0.00000 0.00000 0.00000 0.00000 0.00000 0.00000 0.00000 0.00000 0.00000 0.00000 0.00000 0.00000 0.00000 0.00000 0.00000 0.00000 0.00000 0.00000 0.00000 0.00000 0.00000 0.0185219 0.0185219 0.0185219 0.0185219 0.0185219 0.0185219 0.0185219 0.0185219 0.0185219 0.0185219 0.0185219 0.0185219 0.0185219 0.0185219 0.0185219 0.0185219 0.0185219 0.0185219 0.0185219 0.0185219 0.0185219 0.0185219
11.4874 11.4874 11.4874 0.00000 0.00000 0.00000 0.00000 0.00000 0.00000 0.00000 0.00000 0.00000 0.00000 0.00000 0.00000 0.00000 0.00000 0.00000 0.00000 0.00000 0.00000 0.00000 0.00000 0.00000 0.00000 0.00000 0.00000 0.00000 0.00000 0.00000 0.00000 0.00000 0.00000 0.00000 0.00000 0.00000 0.00000 0.00000 0.00000 0.00000 0.00000 0.00000 0.00000 0.00000 0.00000 0.0185219 0.0185219 0.0185219 0.0185219 0.0185219 0.0185219 0.0185219 0.0185219 0.0185219 0.0185219 0.0185219 0.0185219 0.0185219 0.0185219 0.0185219 0.0185219 0.0185219 0.0185219 0.0185219 0.0185219 0.0185219
11.4874 11.4874 11.4874 11.4874 0.00000 0.00000 0.00000 0.00000 0.00000 0.00000 0.00000 0.00000 0.00000 0.00000 0.00000 0.00000 0.00000 0.00000 0.00000 3.87336 3.87337 3.87337 3.87337 0.00000 0.00000 0.00000 0.00000 0.00000 0.00000 0.00000 0.00000 0.00000 0.00000 0.00000 0.00000 0.00000 0.00000 0.00000 0.00000 0.00000 0.00000 0.00000 0.00000 0.00000 0.00000 0.0185219 0.0185219 0.0185219 0.0185219 0.0185219 0.0185219 0.0185219 0.0185219 0.0185219 0.0185219 0.0185219 0.0185219 0.0185219 0.0185219 0.0185219 0.0185219 0.0185219 0.0185219 0.0185219 0.0185219 0.0185219
11.4874 11.4874 11.4874 11.4874 0.00000 0.00000 0.00000 0.00000 0.00000 0.00000 0.00000 0.00000 0.00000 0.00000 3.87337 3.87337 3.87337 3.87337 3.87337 3.87337 3.87337 3.87337 3.87337 0.00000 0.00000 0.00000 0.00000 0.00000 0.00000 0.00000 0.00000 0.00000 0.00000 0.00000 0.00000 0.00000 0.00000 0.00000 0.00000 0.00000 0.00000 0.00000 0.00000 0.00000 0.00000 0.0185219 0.0185219 0.0185219 0.0185219 0.0185219 0.0185219 0.0185219 0.0185219 0.0185219 0.0185219 0.0185219 0.0185219 0.0185219 0.0185219 0.0185219 0.0185219 0.0185219 0.0185219 0.0185219 0.0185219 0.0185219
11.4874 11.4874 11.4874 11.4874 0.00000 0.00000 0.00000 0.00000 0.00000 0.00000 3.87337 3.87337 3.87337 3.87337 3.87337 3.87337 3.87337 3.87337 3.87337 3.87337 3.87337 3.87337 3.87337 0.00000 0.00000 0.00000 0.00000 0.00000 0.00000 0.00000 0.00000 0.00000 0.00000 0.00000 0.00000 0.00000 0.00000 0.00000 0.00000 0.00000 0.00000 0.00000 0.00000 0.122712 0.122712 0.111702 0.202690 0.258531 0.314372 0.370213 0.426054 0.482029 0.537736 0.593577 0.649417 0.705258 0.761099 0.817209 0.873318 0.929159 0.985000 1.04084 1.09668 1.15225 1.20836 1.26420
11.4874 11.4874 11.4874 11.4874 0.00000 3.87337 3.87337 3.87337 3.87337 3.87337 3.87337 3.87337 3.87337 3.87337 3.87337 3.87337 3.87337 3.87337 3.87337 3.87337 3.87337 3.87337 3.87337 0.00000 0.122712 0.122712 0.122712 0.122712 0.122712 0.122712 0.122712 0.122712 0.122712 0.122712 0.122712 0.122712 0.122712 0.122712 0.122712 0.122712 0.122712 0.122712 0.122712 0.122712 0.122712 0.169780 1.34029 1.36085 1.36085 1.36085 1.36085 1.36085 1.36085 1.36085 1.36085 1.36085 1.36085 1.36085 1.36085 1.36085 1.36085 1.36085 1.36085 1.36085 1.36085 1.36085
11.4874 11.1279 10.0488 8.94892 4.52099 3.87337 3.87337 3.87337 3.87337 3.87337 3.87337 3.87337 3.87337 3.87337 3.87337 3.87337 3.87337 3.87337 3.87337 3.87337 3.87337 3.87337 3.87337 3.87336 0.122712 0.122712 0.122712 0.122712 0.122712 0.122712 0.122712 0.122712 0.122712 0.122712 0.122712 0.122712 0.122712 0.122712 0.122712 0.122712 0.122712 0.122712 0.122712 0.122712 0.122712 0.122712 1.12586 1.36085 1.36085 1.36085 1.36085 1.36085 1.36085 1.36085 1.36085 1.36085 1.36085 1.36085 1.36085 1.36085 1.36085 1.36085 1.36085 1.36085 1.36085 1.36085
7.40181 6.66241 6.64206 6.64206 5.11048 3.87337 3.87337 3.87337 3.87337 3.87337 3.87337 3.87337 3.87337 3.87337 3.87337 3.87337 3.87337 3.87337 3.87337 3.87337 3.87337 3.87337 3.87337 3.87336 0.122712 0.122712 0.122712 0.122712 0.122712 0.122712 0.122712 0.122712 0.122712 0.122712 0.122712 0.122712 0.122712 0.122712 0.122712 0.122712 0.122712 0.122712 0.122712 0.122712 0.122712 0.122712 0.863862 1.36085 1.36085 1.36085 1.36085 1.36085 1.36085 1.36085 1.36085 1.36085 1.36085 1.36085 1.36085 1.36085 1.36085 1.36085 1.36085 1.36085 1.36085 1.36085
6.64206 6.64206 6.64206 6.64206 5.93764 3.87337 3.87337 3.87337 3.87337 3.87337 3.87337 3.87337 3.87337 3.87337 3.87337 3.87337 3.87337 3.87337 3.87337 3.87337 3.87337 3.87337 3.87337 3.87337 0.122712 0.122712 0.122712 0.122712 0.122712 0.122712 0.122712 0.122712 0.122712 0.122712 0.122712 0.122712 0.122712 0.122712 0.122712 0.122712 0.122712 0.122712 0.122712 0.122712 0.122712 0.122712 0.602188 1.36085 1.36085 1.36085 1.36085 1.36085 1.36085 1.36085 1.36085 1.36085 1.36085 1.36085 1.36085 1.36085 1.36085 1.36085 1.36085 1.36085 1.36085 1.36085
6.64206 6.64206 6.64206 6.64206 6.59139 4.04776 3.87337 3.87337 3.87337 3.87337 3.87337 3.87337 3.87337 3.87337 3.87337 3.87337 3.87337 3.87337 3.87337 3.87337 3.87337 3.87337 3.64842 2.96175 0.344538 0.122712 0.122712 0.122712 0.122712 0.122712 0.122712 0.122712 0.122712 0.122712 0.122712 0.122712 0.122712 0.122712 0.122712 0.122712 0.122712 0.122712 0.122712 0.122712 0.122712 0.122712 0.340421 1.36085 1.36085 1.36085 1.36085 1.36085 1.36085 1.36085 1.36085 1.36085 1.36085 1.36085 1.36085 1.36085 1.36085 1.36085 1.36085 1.36085 1.36085 1.36085
6.64206 6.64206 6.64206 6.64206 6.64206 4.82450 3.87337 3.87337 3.87337 3.87337 3.87337 3.87337 3.87337 3.87337 3.87337 3.87337 3.87337 3.82672 3.28537 2.61175 1.93813 1.26451 0.815537 0.804489 0.788633 0.122712 0.122712 0.122712 0.122712 0.122712 0.122712 0.122712 0.122712 0.122712 0.122712 0.122712 0.122712 0.122712 0.122712 0.122712 0.122712 0.122712 0.122712 0.122712 0.122712 0.122712 0.137076 1.30253 1.36085 1.36085 1.36085 1.36085 1.36085 1.36085 1.36085 1.36085 1.36085 1.36085 1.36085 1.36085 1.36085 1.36085 1.36085 1.36085 1.36085 1.36085
6.64206 6.64206 6.64206 6.64206 6.64206 5.65152 3.87337 3.87337 3.87337 3.87337 3.87337 3.87337 3.87337 3.58397 2.91189 2.23749 1.56404 0.936757 0.804489 0.804489 0.804489 0.804489 0.804489 0.804489 0.804489 0.122712 0.122712 0.122712 0.122712 0.122712 0.122712 0.122712 0.122712 0.122712 0.122712 0.122712 0.122712 0.122712 0.122712 0.122712 0.122712 0.122712 0.122712 0.122712 0.122712 0.122712 0.122712 1.05528 1.36085 1.36085 1.36085 1.36085 1.36085 1.36085 1.36085 1.36085 1.36085 1.36085 1.36085 1.36085 1.36085 1.36085 1.36085 1.36085 1.36085 1.36085
6.64206 6.64206 6.64206 6.64206 6.64206 6.44105 3.91157 3.87337 3.79511 3.21141 2.53748 1.86417 1.19025 0.806023 0.804489 0.804489 0.804489 0.804489 0.804489 0.804489 0.804489 0.804489 0.804489 0.804489 0.804489 0.130253 0.122712 0.122712 0.122712 0.122712 0.122712 0.122712 0.122712 0.122712 0.122712 0.122712 0.122712 0.122712 0.122712 0.122712 0.122712 0.122712 0.122712 0.122712 0.122712 0.122712 0.122712 0.857520 1.36085 1.36085 1.36085 0.00000 0.00000 0.00000 0.00000 0.00000 0.00000 0.00000 0.00000 0.00000 0.00000 0.00000 0.00000 0.00000 0.00000 0.00000
6.64206 6.64206 6.64206 6.64206 6.17689 5.17071 2.62236 1.48977 0.894407 0.804489 0.804489 0.804489 0.804489 0.804489 0.804489 0.804489 0.804489 0.804489 0.804489 0.804489 0.804489 0.804489 0.804489 0.804489 0.804489 0.629983 0.122712 0.122712 0.122712 0.122712 0.00000 0.00000 0.00000 0.00000 0.00000 0.00000 0.00000 0.00000 0.00000 0.00000 0.00000 0.00000 0.00000 0.00000 0.00000 0.00000 0.00000 0.00000 0.00000 0.00000 0.00000 0.00000 0.00000 0.00000 0.00000 0.00000 0.00000 0.00000 0.00000 0.00000 0.00000 0.00000 0.00000 0.00000 0.00000 0.00000
5.77193 4.76540 3.75788 2.74949 2.20848 2.20760 1.55987 0.804489 0.804489 0.804489 0.804489 0.804489 0.804489 0.804489 0.804489 0.804489 0.804489 0.804489 0.804489 0.804489 0.804489 0.804489 0.804489 0.804489 0.804489 0.804489 0.00000 0.00000 0.00000 0.00000 0.00000 0.00000 0.00000 0.00000 0.00000 0.00000 0.00000 0.00000 0.00000 0.00000 0.00000 0.00000 0.00000 0.00000 0.00000 0.00000 0.00000 0.00000 0.00000 0.00000 0.00000 0.00000 0.00000 0.00000 0.00000 0.00000 0.00000 0.00000 0.00000 0.00000 0.00000 0.00000 0.00000 0.00000 0.00000 0.00000
2.20760 2.20760 2.20760 2.20760 2.20760 2.20760 1.97866 0.804489 0.804489 0.804489 0.804489 0.804489 0.804489 0.804489 0.804489 0.804489 0.804489 0.804489 0.804489 0.804489 0.804489 0.804489 0.804489 0.804489 0.804489 0.804489 0.00000 0.00000 0.00000 0.00000 0.00000 0.00000 0.00000 0.00000 0.00000 0.00000 0.00000 0.00000 0.00000 0.00000 0.00000 0.00000 0.00000 0.00000 0.00000 0.00000 0.00000 0.00000 0.00000 0.00000 0.00000 0.00000 0.00000 0.00000 0.00000 0.00000 0.00000 0.00000 0.00000 0.00000 0.00000 0.00000 0.00000 0.00000 0.00000 0.00000
2.20760 2.20760 2.20760 2.20760 2.20760 2.20760 2.20717 0.994526 0.804489 0.804489 0.804489 0.804489 0.804489 0.804489 0.804489 0.804489 0.804489 0.804489 0.804489 0.804489 0.804489 0.804489 0.804489 0.804489 0.804489 0.899082 1.27701 0.00000 0.00000 0.00000 0.00000 0.00000 0.00000 0.00000 0.00000 0.00000 0.00000 0.00000 0.00000 0.00000 0.00000 0.00000 0.00000 0.00000 0.00000 0.00000 0.00000 0.00000 0.00000 0.00000 0.00000 0.00000 0.00000 0.00000 0.00000 0.00000 0.00000 0.00000 0.00000 0.00000 0.00000 0.00000 0.00000 0.00000 0.00000 0.00000
2.20760 2.20760 2.20760 2.20760 2.20760 2.20760 2.20760 1.41306 0.804489 0.804489 0.804489 0.804489 0.804489 0.804489 0.804489 0.804489 0.804489 0.804489 0.804489 0.804489 0.829178 1.01974 1.24123 1.46273 1.68422 1.81150 1.81220 0.00000 0.00000 0.00000 0.00000 0.00000 0.00000 0.00000 0.00000 0.00000 0.00000 0.00000 0.00000 0.00000 0.00000 0.00000 0.00000 0.00000 0.00000 0.00000 0.00000 0.00000 0.00000 0.00000 0.00000 0.00000 0.00000 0.00000 0.00000 0.00000 0.00000 0.00000 0.00000 0.00000 0.00000 0.00000 0.00000 0.00000 0.00000 0.00000
2.20760 2.20760 2.20760 2.20760 2.20760 2.20760 2.20760 1.83201 0.804489 0.804489 0.804489 0.804489 0.804489 0.804489 0.804489 0.804489 0.919973 1.14154 1.36306 1.58456 1.78137 1.81220 1.81220 1.81220 1.81220 1.81220 1.81220 0.00000 0.00000 0.00000 0.00000 0.00000 0.00000 0.00000 0.00000 0.00000 0.00000 0.00000 0.00000 0.00000 0.00000 0.00000 0.00000 0.00000 0.00000 0.00000 0.00000 0.00000 0.00000 0.00000 0.00000 0.00000 0.00000 0.00000 0.00000 0.00000 0.00000 0.00000 0.00000 0.00000 0.00000 0.00000 0.00000 0.00000 0.00000 0.00000
2.20760 2.20760 2.20760 2.20760 2.20760 2.20760 2.20760 2.17448 0.880545 0.804489 0.804489 0.840565 1.04181 1.26330 1.48480 1.70619 1.81220 1.81220 1.81220 1.81220 1.81220 1.81220 1.81220 1.81220 1.81220 1.81220 1.81220 1.81220 0.00000 0.00000 0.00000 0.00000 0.00000 0.00000 0.00000 0.00000 0.00000 0.00000 0.00000 0.00000 0.00000 0.00000 0.00000 0.00000 0.00000 0.00000 0.00000 0.00000 0.00000 0.00000 0.00000 0.00000 0.00000 0.00000 0.00000 0.00000 0.00000 0.00000 0.00000 0.00000 0.00000 0.00000 0.00000 0.00000 0.00000 0.00000
2.20760 2.20760 2.20760 2.20760 2.20760 2.20760 2.20931 2.57990 1.85569 1.38503 1.60653 1.79195 1.81220 1.81220 1.81220 1.81220 1.81220 1.81220 1.81220 1.81220 1.81220 1.81220 1.81220 1.81220 1.81220 1.81220 1.81220 1.81220 0.00000 0.00000 0.00000 0.00000 0.00000 0.00000 0.00000 0.00000 0.00000 0.00000 0.00000 0.00000 0.00000 0.00000 0.00000 0.00000 0.00000 0.00000 0.00000 0.00000 0.00000 0.00000 0.00000 0.00000 0.00000 0.00000 0.00000 0.00000 0.00000 0.00000 0.00000 0.00000 0.00000 0.00000 0.00000 0.00000 0.00000 0.00000
2.20760 2.20760 2.28297 2.84428 3.49181 4.13963 4.78545 5.06268 3.84944 1.81220 1.81220 1.81220 1.81220 1.81220 1.81220 1.81220 1.81220 1.81220 1.81220 1.81220 1.81220 1.81220 1.81220 1.81220 1.81220 1.81220 1.81220 1.81220 0.00000 0.00000 0.00000 0.00000 0.00000 0.00000 0.00000 0.00000 0.00000 0.00000 0.00000 0.00000 0.00000 0.00000 0.00000 0.00000 0.00000 0.00000 0.00000 0.00000 0.00000 0.00000 0.00000 0.00000 0.00000 0.00000 0.00000 0.00000 0.00000 0.00000 0.00000 0.00000 0.00000 0.00000 0.00000 0.00000 0.00000 0.00000
3.75591 4.40402 4.97617 5.06268 5.06268 5.06268 5.06268 5.06268 4.78761 1.84113 1.81220 1.81220 1.81220 1.81220 1.81220 1.81220 1.81220 1.81220 1.81220 1.81220 1.81220 1.81220 1.81220 1.81220 1.81220 1.81220 1.81220 1.81220 0.00000 0.00000 0.00000 0.00000 0.00000 0.00000 0.00000 0.00000 0.00000 0.00000 0.00000 0.00000 0.00000 0.00000 0.00000 0.00000 0.00000 0.00000 0.00000 0.00000 0.00000 0.00000 0.00000 0.00000 0.00000 0.00000 0.00000 0.00000 0.00000 0.00000 0.00000 0.00000 0.00000 0.00000 0.00000 0.00000 0.00000 0.00000
5.06268 5.06268 5.06268 5.06268 5.06268 5.06268 5.06268 5.06268 5.06268 2.53247 1.81220 1.81220 1.81220 1.81220 1.81220 1.81220 1.81220 1.81220 1.81220 1.81220 1.81220 1.81220 1.81220 1.81220 1.81220 1.81220 1.81220 1.81265 1.98341 0.00000 0.00000 0.00000 0.00000 0.00000 0.00000 0.00000 0.00000 0.00000 0.00000 0.00000 0.00000 0.00000 0.00000 0.00000 0.00000 0.00000 0.00000 0.00000 0.00000 0.00000 0.00000 0.00000 0.00000 0.00000 0.00000 0.00000 0.00000 0.00000 0.00000 0.00000 0.00000 0.00000 0.00000 0.00000 0.00000 0.00000
5.06268 5.06268 5.06268 5.06268 5.06268 5.06268 5.06268 5.06268 5.06268 3.49955 1.81220 1.81220 1.81220 1.81220 1.81220 1.81220 1.81220 1.81220 1.81220 1.81220 1.81220 1.81220 1.81220 1.89947 2.35127 2.84390 3.33631 3.82827 4.05552 0.00000 0.00000 0.00000 0.00000 0.00000 0.00000 0.00000 0.00000 0.00000 0.00000 0.00000 0.00000 0.00000 0.00000 0.00000 0.00000 0.00000 0.00000 0.00000 0.00000 0.00000 0.00000 0.00000 0.00000 0.00000 0.00000 0.00000 0.00000 0.00000 0.00000 3.55898 3.55898 3.55898 3.55898 3.55898 3.55898 0.00000
