High_resolution/powerplant/Fengdu/OMI_NO2_200907.asc
ncols      200
nrows      200
xllcorner       105.978
yllcorner       28.1831
cellsize     0.0166667
NODATA_Value      -999.000
[rows 116 to 144 of 200, columns 66 to 131 of 200]
2.99791 2.97505 2.87158 2.30950 2.25877 2.20450 2.08125 1.96115 1.84365 1.72856 1.69125 1.69125 1.69125 1.62195 1.52502 1.52502 1.25719 0.854740 0.854740 0.854740 0.854740 0.854740 0.854740 0.854740 0.854740 0.854740 0.854740 0.854740 0.854740 0.854740 0.00000 0.00000 0.00000 0.00000 0.00000 0.00000 0.00000 0.109968 1.80399 2.01766 2.01766 2.01766 2.01766 2.01766 1.79183 1.61636 1.67770 1.75402 1.85126 1.97467 2.01766 2.01766 2.01766 2.01766 2.01766 2.01766 2.01766 2.01766 1.93103 1.77770 1.77770 1.77770 1.77770 1.77770 1.77770 1.77770
2.82270 2.80841 2.74583 2.01102 1.83871 1.72467 1.69125 1.69125 1.69125 1.69125 1.69125 1.69125 1.69125 1.66741 1.52502 1.52502 1.42282 0.854740 0.854740 0.854740 0.854740 0.854740 0.854740 0.854740 0.854740 0.854740 0.854740 0.854740 0.854740 0.854740 0.00000 0.00000 0.00000 0.109968 0.109968 0.109968 0.109968 0.109968 1.33759 2.01766 2.01766 2.01766 2.01766 2.01766 2.01766 2.01766 2.01766 2.01766 2.01766 2.01766 2.01766 2.01766 2.01766 2.01766 2.01766 2.01766 2.01766 2.01766 1.99985 1.78091 1.77770 1.77770 1.77770 1.77770 1.77770 1.77770
2.58812 2.48892 2.43739 1.91704 1.69125 1.69125 1.69125 1.69125 1.69125 1.69125 1.69125 1.69125 1.69125 1.69125 1.54669 1.52502 1.51818 0.933002 0.854740 0.854740 0.854740 0.854740 0.854740 0.854740 0.854740 0.854740 0.854740 0.854740 0.854740 0.768746 0.109968 0.109968 0.109968 0.109968 0.109968 0.109968 0.109968 0.109968 0.759910 2.01766 2.01766 2.01766 2.01766 2.01766 2.01766 2.01766 2.01766 2.01766 2.01766 2.01766 2.01766 2.01766 2.01766 2.01766 2.01766 2.01766 2.01766 2.01766 2.01766 1.83529 1.77770 1.76897 1.55625 1.25839 0.960127 0.662132
1.70384 1.69125 1.69125 1.69125 1.69125 1.69125 1.69125 1.69125 1.69125 1.69125 1.69125 1.69125 1.69125 1.69125 1.59219 1.52502 1.52502 1.20097 0.854740 0.854740 0.854740 0.854740 0.854740 0.854740 0.854144 0.763277 0.674893 0.668177 0.665451 0.690768 0.201235 0.109968 0.109968 0.109968 0.109968 0.109968 0.109968 0.109968 0.222858 1.97665 2.01766 2.01766 2.01766 2.01766 2.01766 2.01766 2.01766 2.01766 2.01766 2.01766 2.01766 2.01766 2.01766 2.01766 2.01766 2.01766 2.01766 2.01250 1.98645 1.58780 0.830432 0.541163 0.455625 0.455625 0.455625 0.455625
1.69125 1.69125 1.69125 1.69125 1.69125 1.69125 1.69125 1.69125 1.69125 1.69125 1.69125 1.69125 1.69125 1.69125 1.63769 1.52502 1.52502 1.38510 0.854740 0.854740 0.860416 0.841912 0.809059 0.785766 0.768528 0.799875 0.846975 0.849176 0.849176 0.849176 0.472851 0.109968 0.109968 0.109968 0.109968 0.109968 0.109968 0.109968 0.109968 1.51075 2.01766 2.01766 2.01766 2.01766 2.01766 2.01766 2.01766 2.01766 2.01766 2.01766 2.01766 2.01766 2.01766 2.00634 1.97827 1.95003 1.92179 1.89872 1.89653 1.66373 0.455625 0.455625 0.455625 0.455625 0.455625 0.455625
1.69125 1.69125 1.69125 1.69125 1.69125 1.69125 1.69125 1.69125 1.69125 1.69125 1.69125 1.69125 1.69125 1.69125 1.68097 1.56512 1.63717 1.80289 0.985804 0.897862 0.863999 0.849176 0.849176 0.849176 0.849176 0.849176 0.849176 0.849176 0.849176 0.849176 0.662754 0.109968 0.109968 0.109968 0.109968 0.109968 0.109968 0.109968 0.109968 0.933137 2.01766 2.01766 2.01766 2.01766 2.01766 2.01766 2.01766 2.01766 2.01717 1.99831 1.97007 1.94183 1.91361 1.89667 1.89653 1.89653 1.89653 1.89653 1.89653 1.89624 0.652675 0.455625 0.455625 0.455625 0.455625 0.455625
1.69125 1.69125 1.69125 1.69125 1.69125 1.69125 1.69125 1.69125 1.69125 1.69950 1.74685 1.80948 1.90485 2.19463 2.62638 2.39455 2.43565 2.46403 1.28011 0.849176 0.849176 0.849176 0.849176 0.849176 0.849176 0.849176 0.849176 0.849176 0.849176 0.849176 0.797365 0.109968 0.109968 0.109968 0.109968 0.109968 0.109968 0.109968 0.109968 0.356823 2.01594 2.01766 2.01766 2.01766 2.01446 1.99013 1.96188 1.93364 1.90589 1.89653 1.89653 1.89653 1.89653 1.89653 1.89653 1.89653 1.89653 1.89653 1.89653 1.89653 1.08259 0.455625 0.455625 0.455625 0.455625 0.455625
1.69125 1.69125 1.69125 1.69150 1.72044 1.77704 1.84725 1.93616 2.07825 2.44728 2.74895 3.03175 3.29070 3.33967 3.33967 2.75646 2.46403 2.46403 1.77499 0.849176 0.849176 0.849176 0.849176 0.849176 0.849176 0.849176 0.849176 0.849176 0.849176 0.849176 0.849176 0.292551 0.109968 0.109968 0.109968 0.109968 0.109968 0.109968 0.109968 0.109968 1.67852 1.98192 1.95369 1.92544 1.90040 1.89653 1.89653 1.89653 1.89653 1.89653 1.89653 1.89653 1.89653 1.89653 1.89653 1.89653 1.89653 1.89653 1.89653 1.89653 1.51295 0.455625 0.455625 0.455625 0.455625 0.455625
1.81079 1.88966 1.99136 2.12689 2.23101 2.47922 2.76211 3.04454 3.29802 3.33967 3.33967 3.33967 3.33967 3.33967 3.33967 3.01894 2.46403 2.46403 2.26702 0.851959 0.849176 0.849176 0.849176 0.849176 0.849176 0.849176 0.849176 0.849176 0.849176 0.849176 0.849176 0.541866 0.109968 0.109968 0.109968 0.109968 0.361128 0.943523 1.52657 2.10953 2.18646 1.89653 1.89653 1.89653 1.89653 1.89653 1.89653 1.89653 1.89653 1.89653 1.89653 1.89653 1.89653 1.89653 1.89653 1.89653 1.89653 1.89653 1.89653 1.89653 1.86367 0.535026 0.455625 0.455625 0.455625 0.455625
2.02470 2.49204 2.77493 3.05770 3.30489 3.33967 3.33967 3.33967 3.33967 3.33967 3.33967 3.33967 3.33967 3.33967 3.33967 3.31601 2.49316 2.46403 2.46403 1.14942 0.849176 0.849176 0.849176 0.849176 0.849176 0.849176 0.849176 0.849176 0.849176 0.849176 0.849176 0.712220 0.456831 1.03979 1.62276 2.20572 2.53752 2.53898 2.53898 2.53898 2.39662 1.89653 1.89653 1.89653 1.89653 1.89653 1.89653 1.89653 1.89653 1.89653 1.89653 1.89653 1.89653 1.89653 1.89653 1.89653 1.89653 1.89653 1.89653 1.89653 1.89653 0.932034 0.455625 0.455625 0.463580 0.564839
2.77485 3.35672 3.35746 3.35815 3.35841 3.34018 3.33967 3.33967 3.33967 3.33967 3.33967 3.33967 3.33967 3.33967 3.33967 3.33967 2.63443 2.46403 2.46403 1.64416 0.849176 0.849176 0.849176 0.849176 0.849176 0.849176 0.849176 0.859014 1.07070 1.35867 1.66099 2.04046 2.53898 2.53898 2.53898 2.53898 2.53898 2.53898 2.53898 2.53898 2.53371 1.95321 1.89653 1.89653 1.89653 1.89653 1.89653 1.89653 1.89653 1.89653 1.89653 1.89653 1.89653 1.89653 1.89653 1.89653 1.89653 1.89653 1.89653 1.89653 1.80824 1.15897 0.748266 0.876573 0.996925 1.02386
2.63536 3.36013 3.36013 3.36013 3.36013 3.34590 3.33967 3.33967 3.33967 3.33967 3.33967 3.33967 3.33967 3.33967 3.33967 3.33967 2.83993 2.46403 2.46403 2.13906 0.849176 0.849176 0.849176 0.873149 1.08470 1.37780 1.73907 2.18068 2.40808 2.52521 2.53898 2.53898 2.53898 2.53898 2.53898 2.53898 2.53898 2.53898 2.53898 2.53898 2.53898 2.14176 1.89653 1.89653 1.89653 1.89653 1.89653 1.89653 1.89653 1.89653 1.89653 1.89653 1.89653 1.89653 1.89653 1.89639 1.72343 1.39872 1.07415 0.749164 0.513025 0.544529 1.01859 1.02386 1.02386 1.02386
2.45719 3.32815 3.36013 3.36013 3.36013 3.35123 3.33967 3.33967 3.33967 3.33967 3.33967 3.33967 3.33967 3.33967 3.33967 3.33967 3.14578 2.46416 2.50199 2.53849 1.16299 1.40199 1.85518 2.40577 2.53898 2.53898 2.53898 2.53898 2.53898 2.53898 2.53898 2.53898 2.53898 2.53898 2.53898 2.53898 2.53898 2.53898 2.53898 2.53898 2.53898 2.33562 1.89653 1.89653 1.89653 1.89653 1.89653 1.89653 1.89653 1.89653 1.89653 1.87909 1.62761 1.30290 0.978190 0.653620 0.501727 0.501727 0.501727 0.501727 0.501727 0.501727 0.905238 1.02386 1.02386 1.02386
2.42670 3.04766 3.36013 3.36013 3.36013 3.35514 3.33967 3.33967 3.33967 3.33967 3.33967 3.33967 3.27913 2.93235 2.63753 2.34712 1.89543 2.01091 1.71245 1.27628 2.00011 2.53898 2.53898 2.53898 2.53898 2.53898 2.53898 2.53898 2.53898 2.53898 2.53898 2.53898 2.53898 2.53898 2.53898 2.53898 2.53898 2.53898 2.53898 2.53898 2.53898 2.50981 1.91619 1.89653 1.89653 1.89653 1.89653 1.83348 1.53165 1.20708 0.882228 0.575093 0.501727 0.501727 0.501727 0.501727 0.501727 0.501727 0.501727 0.501727 0.501727 0.501727 0.749248 1.02386 1.02386 1.02386
2.42670 2.77570 3.36013 3.36013 3.36013 3.35813 3.33967 3.11493 2.77251 2.51630 2.31671 2.09254 1.73297 1.46100 1.20036 0.989668 0.970658 1.07452 1.22749 1.22749 1.59791 2.53898 2.53898 2.53898 2.53898 2.53898 2.53898 2.53898 2.53898 2.53898 2.53898 2.53898 2.53898 2.53898 2.53898 2.53898 2.53898 2.53898 2.53898 2.53898 2.53898 2.53898 2.08085 1.75956 1.43582 1.11111 0.786405 0.524741 0.501727 0.501727 0.501727 0.501727 0.501727 0.501727 0.501727 0.501727 0.501727 0.501727 0.501727 0.501727 0.501727 0.501727 0.593238 1.02386 1.02386 1.02386
2.42670 2.55765 3.13551 2.94954 2.79050 2.64937 2.11874 1.95937 1.70887 1.44791 1.18747 0.985021 0.970658 0.970658 0.970658 0.970658 0.970658 1.01639 1.22749 1.22749 1.26317 2.47208 2.53898 2.53898 2.53898 2.53898 2.53898 2.53898 2.53898 2.53898 2.53898 2.53898 2.53898 2.53898 2.53898 2.53898 2.53898 2.53898 2.53849 2.47919 2.38041 2.28151 1.55759 0.502843 0.501727 0.501727 0.501727 0.501727 0.501727 0.501727 0.501727 0.501727 0.501727 0.501727 0.501727 0.501727 0.501727 0.501727 0.501727 0.501727 0.501727 0.501727 0.502301 0.958704 1.02386 1.02386
2.61291 2.64906 2.49358 2.42670 2.25737 2.08347 1.41961 0.981008 0.970658 0.970658 0.970658 0.970658 0.970658 0.970658 0.970658 0.970658 0.970658 0.977230 1.21677 1.22749 1.22749 2.10623 2.53898 2.53898 2.53898 2.53898 2.53898 2.53898 2.53898 2.53898 2.53898 2.53898 2.53898 2.53898 2.53531 2.46266 2.36376 2.26486 2.16646 2.12690 2.12690 2.12690 1.94397 0.506277 0.501727 0.501727 0.501727 0.501727 0.501727 0.501727 0.501727 0.501727 0.501727 0.501727 0.501727 0.501727 0.501727 0.501727 0.501727 0.501727 0.501727 0.501727 0.501727 0.803259 1.02386 1.02386
2.44027 2.26892 1.98392 1.79995 1.79767 1.80001 1.44159 0.970658 0.970658 0.970658 0.970658 0.970658 0.970658 0.970658 0.970658 0.970658 0.970658 0.970658 1.12644 1.22749 1.22749 1.70431 2.53898 2.53898 2.53898 2.53898 2.53898 2.53898 2.53898 2.53898 2.52942 2.44602 2.34712 2.24821 2.15298 2.12690 2.12690 2.12690 2.12690 2.12690 2.12690 2.12690 2.12690 0.813102 0.501727 0.501727 0.501727 0.501727 0.501727 0.501727 0.501727 0.501727 0.501727 0.501727 0.501727 0.501727 0.501727 0.501727 0.501727 0.501727 0.501727 0.501727 0.501727 0.739017 1.31403 1.51636
1.99403 1.99403 1.92985 1.81676 1.81676 1.81676 1.61265 0.970658 0.970658 0.970658 0.970658 0.970658 0.970658 0.970658 0.970658 0.970658 0.970658 0.970658 1.05210 1.22749 1.22749 1.32231 2.51931 2.53898 2.53898 2.53898 2.52069 2.42937 2.33047 2.23158 2.14239 2.12690 2.12690 2.12690 2.12690 2.12690 2.12690 2.12690 2.12690 2.12690 2.12690 2.12690 2.12690 1.30367 0.501727 0.501727 0.501727 0.501727 0.501727 0.501727 0.501727 0.501727 0.501727 0.501727 0.501727 0.501727 0.501727 0.501727 0.506340 0.661902 0.890681 1.11936 1.34814 1.49460 1.90043 1.92111
1.99403 1.99403 1.97819 1.81772 1.81676 1.81676 1.75223 0.970658 0.970658 0.970658 0.970658 0.970658 0.970658 0.970658 0.970658 0.970658 0.970658 0.970658 1.00047 1.22749 1.22749 1.22749 2.18899 2.41272 2.31386 2.21508 2.13448 2.12690 2.12690 2.12690 2.12690 2.12690 2.12690 2.12690 2.12690 2.12690 2.12690 2.12690 2.12690 2.12690 2.12690 2.12690 2.12690 1.79429 0.501727 0.501727 0.501727 0.501727 0.501727 0.501727 0.501727 0.501727 0.501727 0.501727 0.529306 0.728445 0.957127 1.18591 1.41007 1.48319 1.48319 1.48319 1.48319 1.48319 1.78277 1.92111
1.99403 1.99403 1.99403 1.85113 1.81676 1.81676 1.81676 1.09429 0.970658 0.970658 0.970658 0.970658 0.970658 0.970658 0.970658 0.965479 0.921427 0.869174 0.879691 1.59907 2.07014 2.43258 2.43265 2.12690 2.12690 2.12690 2.12690 2.12690 2.12690 2.12690 2.12690 2.12690 2.12690 2.12690 2.12690 2.12690 2.12690 2.12690 2.12690 2.12690 2.12690 2.12690 2.12690 2.11910 0.666877 0.501727 0.501727 0.501727 0.501727 0.501727 0.571607 0.794890 1.02377 1.25245 1.45355 1.48319 1.48319 1.48319 1.48319 1.48319 1.48319 1.48319 1.48319 1.48319 1.65261 1.92111
2.10376 1.99403 1.99403 1.90049 1.81676 1.81676 1.81676 1.31614 0.970658 0.970658 0.946690 0.894552 0.842357 0.790162 0.808176 0.941001 1.11380 1.29509 1.41456 2.04779 2.69604 2.69604 2.61483 2.12695 2.12690 2.12690 2.12690 2.12690 2.12690 2.12690 2.12690 2.12690 2.12690 2.12690 2.12690 2.12690 2.12690 2.12690 2.12690 2.12690 2.12690 2.12690 2.12690 2.12690 1.14952 0.502316 0.632752 0.861434 1.09021 1.31899 1.47779 1.48319 1.48319 1.48319 1.48319 1.48319 1.48319 1.48319 1.48319 1.48319 1.48319 1.48319 1.48319 1.48319 1.52502 1.91857
2.35567 1.99403 1.99403 1.94980 1.81287 1.78292 1.74809 1.37775 0.763316 0.711179 0.761813 0.942564 1.12378 1.30471 1.41588 1.41720 1.41720 1.41720 1.41720 1.72393 2.69604 2.69604 2.69604 2.21857 2.12690 2.12690 2.12690 2.12690 2.12690 2.12690 2.12690 2.12690 2.12690 2.12690 2.12690 2.12690 2.12690 2.12690 2.12690 2.12690 2.12690 2.13028 2.19366 2.27899 1.99766 1.38485 1.48319 1.48319 1.48319 1.48319 1.48319 1.48319 1.48319 1.48319 1.48319 1.48319 1.48319 1.48319 1.48319 1.48319 1.48319 1.48319 1.48319 1.48319 1.48319 1.83040
2.56825 1.92401 1.89378 1.85939 1.64006 1.62494 1.68383 1.64297 1.13348 1.31462 1.41676 1.41720 1.41720 1.41720 1.41720 1.41720 1.41720 1.41720 1.41720 1.49479 2.69349 2.69604 2.69604 2.39118 2.12690 2.12690 2.12690 2.12690 2.12690 2.12690 2.12690 2.12690 2.12690 2.12690 2.12690 2.12690 2.12690 2.13580 2.20859 2.29388 2.37921 2.46119 2.48318 2.48318 2.44568 1.52069 1.48319 1.48319 1.48319 1.48319 1.48319 1.48319 1.48319 1.48319 1.48319 1.48319 1.48319 1.48319 1.48319 1.48319 1.48319 1.48319 1.48319 1.48319 1.48319 1.70020
2.63420 1.86067 1.83243 1.92776 1.86982 1.90024 1.93686 1.87004 1.41720 1.41720 1.41720 1.41720 1.41720 1.41720 1.41720 1.41720 1.41720 1.41720 1.41720 1.41720 2.34288 2.69604 2.69604 2.56396 2.12690 2.12690 2.12690 2.12690 2.12690 2.12690 2.12690 2.12690 2.12690 2.14393 2.22345 2.30881 2.39414 2.47060 2.48318 2.48318 2.48318 2.48318 2.48318 2.48318 2.48318 1.78388 1.48319 1.48319 1.48319 1.48319 1.48319 1.48319 1.48319 1.48319 1.48319 1.48319 1.48319 1.48319 1.48319 1.48319 1.48319 1.48319 1.48319 1.48319 1.48319 1.56997
1.77059 1.63702 1.72974 1.72974 1.59760 1.41720 1.41720 1.41720 1.41720 1.41720 1.41720 1.41720 1.41720 1.41720 1.41720 1.41720 1.41720 1.41720 1.41720 1.41720 1.92221 2.69604 2.69604 2.68995 2.17362 2.12690 2.12690 2.12690 2.12690 2.15461 2.23838 2.32371 2.40907 2.47737 2.48318 2.48318 2.48318 2.48318 2.48318 2.48318 2.48318 2.48318 2.48318 2.48318 2.48318 2.08418 1.48319 1.48319 1.48319 1.48319 1.48319 1.48319 1.48319 1.48319 1.48319 1.48319 1.48319 1.48319 1.48319 1.48319 1.48319 1.48452 1.50196 1.52414 1.54634 1.56786
1.50718 1.57879 1.72974 1.72974 1.68358 1.41720 1.41720 1.41720 1.41720 1.41720 1.41720 1.41720 1.41720 1.41720 1.41720 1.41720 1.41720 1.41720 1.41720 1.41720 1.63653 2.69604 2.69604 2.69604 2.34025 2.16790 2.25327 2.33863 2.42396 2.48157 2.48318 2.48318 2.48318 2.48318 2.48318 2.48318 2.48318 2.48318 2.48318 2.48318 2.48318 2.48318 2.48318 2.48318 2.48318 2.37988 1.48749 1.48319 1.48319 1.48319 1.48319 1.48319 1.48319 1.48319 1.48319 1.48319 1.48319 1.48776 1.50853 1.53071 1.55291 1.57377 1.57851 1.57851 1.57851 1.57851
1.50718 1.51733 1.72258 1.72974 1.72968 1.45702 1.41720 1.41720 1.41720 1.41720 1.41720 1.41720 1.41720 1.41720 1.41720 1.41720 1.41720 1.41720 1.42518 1.52690 1.72068 2.67946 2.64887 2.61828 2.54624 2.48318 2.48318 2.48318 2.48318 2.48318 2.48318 2.48318 2.48318 2.48318 2.48318 2.48318 2.48318 2.48318 2.48318 2.48318 2.48318 2.48318 2.48318 2.48318 2.48318 2.48318 1.68441 1.48319 1.48319 1.48319 1.48319 1.48319 1.48319 1.49294 1.51511 1.53728 1.55948 1.57709 1.57851 1.57851 1.57851 1.57851 1.57851 1.57851 1.57851 1.57851
1.50718 1.50718 1.66417 1.72974 1.72974 1.54294 1.41720 1.41720 1.41720 1.41720 1.41720 1.41720 1.41720 1.46386 1.60039 1.76933 1.98311 2.24540 2.56020 2.61683 2.58630 2.57227 2.57227 2.57227 2.56812 2.48588 2.48318 2.48318 2.48318 2.48318 2.48318 2.48318 2.48318 2.48318 2.48318 2.48318 2.48318 2.48318 2.48318 2.48318 2.48318 2.48318 2.48318 2.48318 2.48318 2.48318 1.98518 1.48319 1.48379 1.49948 1.52166 1.54385 1.56603 1.57847 1.57851 1.57851 1.57851 1.57851 1.57851 1.57851 1.57851 1.57851 1.57851 1.57851 1.57851 1.57851
