High_resolution/powerplant/Fengdu/OMI_NO2_201103.asc
ncols      200
nrows      200
xllcorner       105.978
yllcorner       28.1831
cellsize     0.0166667
NODATA_Value      -999.000
[rows 58 to 86 of 200, columns 132 to 197 of 200]
1.77660 1.81386 2.35874 2.37190 2.37190 2.37190 2.37190 2.37190 2.37190 2.37190 2.37190 2.37190 2.56821 2.68202 2.68202 2.68202 2.68202 2.67898 2.65335 2.62317 2.59298 2.56279 2.53025 2.47412 2.35507 1.27042 1.21605 1.21357 1.21357 1.21357 1.15843 0.940996 0.940996 0.940996 0.940996 0.940996 0.940996 0.940996 0.940996 0.940996 0.940996 0.940996 0.940996 0.940996 0.940996 0.940996 0.976631 1.59940 1.60682 0.00000 0.00000 0.00000 0.00000 0.00000 0.837665 0.837665 0.837665 0.837665 0.837665 0.837665 0.837665 0.837665 0.837665 0.837665 0.837665 0.837665
1.77660 1.77660 2.20667 2.37190 2.37190 2.37190 2.37190 2.37190 2.37190 2.37190 2.37190 2.37190 2.47490 2.66291 2.63272 2.60251 2.57235 2.54520 2.52870 2.47295 2.39504 2.28453 2.16240 2.15197 2.15197 1.40844 1.21357 1.21357 1.21357 1.21357 1.21221 0.967823 0.940996 0.940996 0.940996 0.940996 0.940996 0.940996 0.940996 0.940996 0.940996 0.940996 0.940996 0.940996 0.940996 0.940996 0.940996 1.37145 1.60682 0.887925 0.837665 0.837665 0.837665 0.837665 0.837665 0.837665 0.837665 0.837665 0.837665 0.837665 0.837665 0.837665 0.837665 0.837665 0.837665 0.837665
1.77660 1.77660 2.01746 2.37190 2.37190 2.37190 2.37190 2.37190 2.34566 2.23868 2.12600 2.01332 1.93992 2.52545 2.52798 2.47179 2.39320 2.28217 2.16119 2.15197 2.15197 2.15197 2.15197 2.15197 2.15197 1.67326 1.21357 1.21357 1.21357 1.21357 1.21357 1.04706 0.940996 0.940996 0.940996 0.940996 0.940996 0.940996 0.940996 0.940996 0.940996 0.940996 0.940996 0.940996 0.936029 0.919571 0.956366 1.20486 1.44948 0.957648 0.837665 0.837665 0.837665 0.837665 0.837665 0.837665 0.837665 0.837665 0.837665 0.837665 0.837665 0.837665 0.837665 0.837665 0.837665 0.837665
1.77660 1.77660 1.83315 2.36399 2.28951 2.17688 2.06426 1.95158 1.86514 1.85950 1.82265 1.66686 1.44862 1.97886 2.16005 2.15197 2.15197 2.15197 2.15197 2.15197 2.15197 2.15197 2.15197 2.15197 2.15197 2.05447 1.22603 1.21357 1.21357 1.21357 1.21357 1.12760 0.940996 0.940996 0.940996 0.940996 0.940996 0.940996 0.940996 0.937991 0.921127 0.906930 0.952655 1.03362 1.15193 1.34301 1.42684 1.42684 1.42684 1.12972 0.837665 0.837665 0.837665 0.837665 0.837665 0.837665 0.837665 0.837665 0.837665 0.837665 0.837665 0.837665 0.837665 0.837665 0.837665 0.837665
1.63252 1.51984 1.40717 1.75517 1.85950 1.85950 1.82082 1.66327 1.44359 1.13511 0.809031 0.789737 0.789737 1.38488 2.15197 2.15197 2.15197 2.15197 2.15197 2.15197 2.15197 2.15197 2.15197 2.15197 2.15197 2.15197 1.36958 1.21357 1.21357 1.21357 1.21357 1.20062 0.948547 0.940996 0.939467 0.924105 0.905531 0.895931 0.948735 1.03498 1.17555 1.36960 1.42684 1.42684 1.42684 1.42684 1.42684 1.42684 1.42684 1.30211 0.837665 0.837665 0.837665 0.837665 0.837665 0.837665 0.837665 0.837665 0.837665 0.837665 0.837665 0.837665 0.837665 0.837665 0.837665 0.837665
1.26421 1.26421 1.33881 1.63725 1.43914 1.12756 0.806296 0.789737 0.789737 0.789737 0.789737 0.789737 0.789737 0.978561 2.15170 2.15197 2.15197 2.15197 2.15197 2.15197 2.15197 2.15197 2.15197 2.15197 2.15197 2.15197 1.61460 1.21357 1.21357 1.21191 1.12955 1.00283 0.878373 0.886402 0.946427 1.05107 1.20147 1.39189 1.42684 1.42684 1.42684 1.42684 1.42684 1.42684 1.42684 1.42684 1.42684 1.42684 1.42684 1.42254 0.889571 0.837665 0.837665 0.837665 0.837665 0.837665 0.837665 0.837665 0.837665 0.837665 0.837665 0.837665 0.837665 0.837665 0.837665 0.837665
1.86475 2.14527 2.35119 2.24879 0.793504 0.789737 0.789737 0.789737 0.789737 0.789737 0.789737 0.789737 0.789737 0.789737 1.93408 2.15197 2.15197 2.15197 2.15197 2.15197 2.15197 2.15197 2.15197 2.15197 2.15197 2.06232 1.67862 0.919335 0.790021 0.680255 0.684122 0.752135 1.01103 1.40904 1.42684 1.42684 1.42684 1.42684 1.42684 1.42684 1.42684 1.42684 1.42684 1.42684 1.42684 1.42684 1.42684 1.42684 1.42684 1.42684 1.05755 0.837665 0.837665 0.837665 0.837665 0.837665 0.837665 0.837665 0.837665 0.837665 0.837665 0.837665 0.863188 0.923962 0.984949 1.04594
2.36128 2.36128 2.36128 2.36128 1.28222 0.789737 0.789737 0.789737 0.789737 0.789737 0.789737 0.789737 0.789737 0.789737 1.52746 2.15197 2.15197 2.15197 2.15197 2.15197 2.11758 1.89368 1.64001 1.38658 1.13303 0.969254 0.966052 0.791834 0.864912 0.962341 0.966052 0.966052 1.02776 1.42670 1.42684 1.42684 1.42684 1.42684 1.42684 1.42684 1.42684 1.42684 1.42684 1.42684 1.42684 1.42684 1.42684 1.42684 1.42684 1.42684 1.22982 0.837665 0.837665 0.837665 0.837665 0.837665 0.837665 0.862639 0.923352 0.984339 1.04533 1.10631 1.14236 1.14260 1.14260 1.14260
2.36128 2.36128 2.36128 2.36128 1.84328 0.789737 0.789737 0.789737 0.789737 0.789737 0.789737 0.789737 0.789737 0.789737 1.12079 2.14711 1.97503 1.72160 1.46817 1.21460 0.995344 0.966052 0.966052 0.966052 0.966052 0.966052 0.966052 0.966052 0.966052 0.966052 0.966052 0.966052 0.966052 1.35236 1.42684 1.42684 1.42684 1.42684 1.42684 1.42684 1.42684 1.42684 1.42684 1.42684 1.42684 1.42684 1.42684 1.42684 1.42684 1.42684 1.39125 0.848624 0.862090 0.922742 0.983729 1.04472 1.10595 1.14233 1.14260 1.14260 1.14260 1.14260 1.14260 1.14260 1.14260 1.14260
2.36128 2.36128 2.36128 2.36128 2.20841 0.789737 0.789737 0.789737 0.789737 0.789737 0.789737 0.813889 0.894024 0.976443 1.07440 1.06143 0.966052 0.966052 0.966052 0.966052 0.966052 0.966052 0.966052 0.966052 0.966052 0.966052 0.966052 0.966052 0.966052 0.966052 0.966052 0.966052 0.966052 1.21628 1.42684 1.42684 1.42684 1.42684 1.42684 1.42684 1.42684 1.42684 1.42684 1.42684 1.42684 1.42684 1.42684 1.42684 1.42684 1.42684 1.42684 1.11618 1.14227 1.14260 1.14260 1.14260 1.14260 1.14260 1.14260 1.14260 1.14260 1.14260 1.14260 1.14260 1.14260 1.14260
2.36128 2.36128 2.36128 2.36128 2.36089 1.17935 0.793631 0.856391 0.938810 1.02123 1.10369 1.16191 1.16420 1.16420 1.16420 1.03622 0.966052 0.966052 0.966052 0.966052 0.966052 0.966052 0.966052 0.966052 0.966052 0.966052 0.966052 0.966052 0.966052 0.966052 0.966052 0.966052 0.966052 1.08020 1.42684 1.42684 1.42684 1.42684 1.42684 1.42684 1.42684 1.42684 1.42684 1.42684 1.42684 1.42684 1.42684 1.42684 0.00000 0.00000 0.00000 1.14260 1.14260 1.14260 1.14260 1.14260 1.14260 1.14260 1.14260 1.14260 1.14260 1.14260 1.14260 1.14260 1.14260 1.14260
2.36128 2.36128 2.37622 2.41698 2.45819 1.96818 1.14450 1.16420 1.16420 1.16420 1.16420 1.16420 1.16420 1.16420 1.16420 1.09532 0.966052 0.966052 0.966052 0.966052 0.966052 0.966052 0.966052 0.966052 0.966052 0.966052 0.966052 0.966052 0.966052 0.966052 0.966052 0.966052 0.966052 0.973885 1.39717 1.42684 1.42684 1.42684 1.42684 1.42684 1.42684 1.42684 1.42684 0.00000 0.00000 0.00000 0.00000 0.00000 0.00000 0.00000 0.00000 1.14260 1.14260 1.14260 1.14260 1.14260 1.14260 1.14260 1.14260 1.14260 1.14260 1.14260 1.14260 1.14260 1.14260 1.14260
2.48059 2.52178 2.54806 2.54851 2.54851 2.39677 1.16420 1.16420 1.16420 1.16420 1.16420 1.16420 1.16420 1.16420 1.16420 1.15114 0.969381 0.966052 0.966052 0.966052 0.966052 0.966052 0.966052 0.966052 0.966052 0.966052 0.966052 0.966052 0.966052 0.966052 0.966052 0.966052 0.968282 1.04211 1.30967 1.42684 1.42684 1.42684 0.00000 0.00000 0.00000 0.00000 0.00000 0.00000 0.00000 0.00000 0.00000 0.00000 0.00000 0.00000 0.00000 1.14260 1.14260 1.14260 1.14260 1.14260 1.14260 1.14260 1.14260 1.14260 1.14260 1.14260 1.14260 1.14260 1.14260 1.14260
2.54851 2.56752 2.61872 2.67047 2.72224 2.74567 1.45710 1.16420 1.16420 1.16420 1.16420 1.16420 1.16420 1.16420 1.16420 1.16420 1.01547 0.966052 0.966052 0.966052 0.966052 0.966052 0.966052 0.966052 0.966052 0.966052 0.966052 0.966052 1.00877 1.11625 1.22439 1.33253 1.43849 1.47280 1.47280 0.00000 0.00000 0.00000 0.00000 0.00000 0.00000 0.00000 0.00000 0.00000 0.00000 0.00000 0.00000 0.00000 0.00000 0.00000 0.00000 0.00000 1.14260 1.14260 1.14260 1.14260 1.14260 1.14260 1.14260 1.14260 1.14260 1.14260 1.14260 1.14260 1.14260 1.12293
2.71737 2.75014 2.75066 2.75066 2.75066 2.75066 2.09080 1.16420 1.16420 1.16420 1.16420 1.16420 1.16420 1.16420 1.16420 1.16420 1.07460 0.966052 0.966052 0.966052 0.966052 0.966052 0.966052 0.983889 1.08221 1.19044 1.29853 1.40672 1.47214 1.47280 1.47280 1.47280 1.47280 1.47280 1.47280 1.47280 0.00000 0.00000 0.00000 0.00000 0.00000 0.00000 0.00000 0.00000 0.00000 0.00000 0.00000 0.00000 0.00000 0.00000 0.00000 0.00000 1.14260 1.14260 1.14260 1.14260 1.14260 1.14260 1.14260 1.14260 1.12336 1.07847 1.03346 0.988007 0.943001 0.917663
2.75066 2.75066 2.75066 2.75066 2.75066 2.75066 2.50232 1.16420 1.16420 1.16420 1.16420 1.16420 1.16420 1.16420 1.16420 1.16420 1.13374 0.966052 0.969700 1.04830 1.15634 1.26453 1.37272 1.46302 1.47280 1.47280 1.47280 1.47280 1.47280 1.47280 1.47280 1.47280 1.47280 1.47280 1.47280 1.47280 0.00000 0.00000 0.00000 0.00000 0.00000 0.00000 0.00000 0.00000 0.00000 0.00000 0.00000 0.00000 0.00000 0.00000 0.00000 0.00000 1.14260 1.14260 1.14260 1.12417 1.07914 1.03391 0.988907 0.943811 0.917685 0.917573 0.917573 0.917573 0.917573 0.917573
2.75066 2.75066 2.75066 2.75066 2.75066 2.75066 2.73472 1.36093 1.16420 1.16420 1.16420 1.16420 1.16420 1.16420 1.08414 0.868653 0.650883 1.17789 1.44320 1.47280 1.47280 1.47280 1.47280 1.47280 1.47280 1.47280 1.47280 1.47280 1.47280 1.47280 1.47280 1.47280 1.47280 1.47280 1.47280 1.47280 0.00000 0.00000 0.00000 0.00000 0.00000 0.00000 0.00000 0.00000 0.00000 0.00000 0.00000 0.00000 0.00000 0.00000 0.449771 0.449771 0.449771 0.870346 0.944351 0.917775 0.917573 0.917573 0.917573 0.917573 0.917573 0.917573 0.917573 0.917573 0.917573 0.917573
2.75066 2.75066 2.75066 2.75066 2.75066 2.75066 2.75066 2.00940 1.16420 1.14617 0.966739 0.748969 0.531199 0.313330 0.175614 0.173434 0.173434 0.899144 1.47280 1.47280 1.47280 1.47280 1.47280 1.47280 1.47280 1.47280 1.47280 1.47280 1.47280 1.47280 1.47280 1.47280 1.47280 1.47280 1.47280 1.47280 0.00000 0.00000 0.00000 0.00000 0.00000 0.00000 0.00000 0.00000 0.00000 0.449771 0.449771 0.449771 0.449771 0.449771 0.449771 0.449771 0.449771 0.646821 0.917573 0.917573 0.917573 0.917573 0.917573 0.917573 0.917573 0.917573 0.917573 0.917573 0.917573 0.917573
2.75066 2.75066 2.75066 2.75066 2.75066 2.70087 2.59209 2.13008 0.411416 0.211677 0.173434 0.173434 0.173434 0.173434 0.173434 0.173434 0.173434 0.513026 1.47280 1.47280 1.47280 1.47280 1.47280 1.47280 1.47280 1.47280 1.47280 1.47280 1.47280 1.47280 1.47280 1.47280 1.47280 1.47280 1.47280 1.47280 1.47280 0.00000 0.00000 0.00000 0.449771 0.449771 0.449771 0.449771 0.449771 0.449771 0.449771 0.449771 0.449771 0.449771 0.449771 0.449771 0.449771 0.510785 0.917386 0.917573 0.917573 0.917573 0.917573 0.917573 0.917573 0.917573 0.917573 0.917573 0.917573 0.917573
2.73674 2.64113 2.53220 2.42331 2.31448 2.25538 2.25528 2.20549 0.301453 0.173434 0.173434 0.173434 0.173434 0.173434 0.173434 0.173434 0.173434 0.201243 1.39873 1.47280 1.47280 1.47280 1.47280 1.47280 1.47280 1.47280 1.47280 1.47280 1.47280 1.47280 1.47280 1.47280 1.47280 1.47280 1.47280 1.46681 1.16350 0.449771 0.449771 0.449771 0.449771 0.449771 0.449771 0.449771 0.449771 0.449771 0.449771 0.449771 0.449771 0.449771 0.449771 0.449771 0.449771 0.449771 0.842249 0.917573 0.917573 0.917573 0.917573 0.917573 0.917573 0.917573 0.917573 0.917573 0.917573 0.917573
2.26855 2.25528 2.25528 2.25389 2.04446 1.68888 1.33317 0.983288 0.504116 0.173434 0.173434 0.173434 0.173434 0.173434 0.173434 0.173434 0.173434 0.173434 1.04041 1.47280 1.47280 1.47280 1.47280 1.47280 1.47280 1.47280 1.47280 1.47280 1.47280 1.47280 1.47280 1.38804 1.19814 1.00763 0.817290 0.633026 0.539914 0.449771 0.449771 0.449771 0.449771 0.449771 0.449771 0.449771 0.449771 0.449771 0.449771 0.449771 0.449771 0.449771 0.449771 0.449771 0.449771 0.449771 0.706058 0.917573 0.917573 0.917573 0.917573 0.917573 0.917573 0.917573 0.917573 0.917573 0.917573 0.917573
2.07672 1.72073 1.36515 1.01107 0.864669 0.864669 0.864669 0.864669 0.708179 0.173434 0.173434 0.173434 0.173434 0.173434 0.173434 0.173434 0.173434 0.173434 0.654329 1.47280 1.47280 1.47280 1.47280 1.47280 1.47280 1.47280 1.43430 1.25638 1.06613 0.875794 0.685456 0.579882 0.579614 0.579614 0.579614 0.579614 0.574070 0.453822 0.449771 0.449771 0.449771 0.449771 0.449771 0.449771 0.449771 0.449771 0.449771 0.449771 0.449771 0.449771 0.449771 0.449771 0.449771 0.449771 0.569902 0.917573 0.917573 0.917573 0.917573 0.917573 0.917573 0.917573 0.917573 0.958703 1.05597 1.15309
0.867516 0.864669 0.864669 0.864669 0.864669 0.864669 0.864669 0.864669 0.839450 0.197211 0.173434 0.173434 0.173434 0.173434 0.173434 0.173434 0.173434 0.173434 0.280891 1.46032 1.47280 1.46244 1.31488 1.12455 0.934119 0.743960 0.592208 0.579614 0.579614 0.579614 0.579614 0.579614 0.579614 0.579614 0.579614 0.579614 0.579614 0.486478 0.449771 0.449771 0.449771 0.449771 0.449771 0.449771 0.449771 0.449771 0.449771 0.449771 0.449771 0.449771 0.449771 0.449771 0.449771 0.449771 0.459688 0.891563 0.917573 0.917573 0.958218 1.05500 1.15212 1.24924 1.34636 1.40283 1.40317 1.40317
1.11669 0.864669 0.864669 0.864669 0.864669 0.864669 0.864669 0.864669 0.864669 0.461832 0.173434 0.173434 0.173434 0.173434 0.173434 0.173434 0.173434 0.194366 0.240493 0.854891 0.802374 0.622398 0.579614 0.579614 0.579614 0.579614 0.579614 0.579614 0.579614 0.579614 0.579614 0.579614 0.579614 0.579614 0.579614 0.579614 0.579614 0.524681 0.449771 0.449771 0.449771 0.449771 0.449771 0.449771 0.449771 0.449771 0.449771 0.449771 0.449771 0.449771 0.449771 0.449771 0.449771 0.469289 0.524438 0.962870 1.24924 1.34636 1.40283 1.40317 1.40317 1.40317 1.40317 1.40317 1.40317 1.40317
1.52280 0.864669 0.864669 0.864669 0.864669 0.864669 0.864669 0.864669 0.864669 0.680923 0.173434 0.173434 0.179124 0.219455 0.265645 0.311834 0.358024 0.383323 0.383386 0.477378 0.579614 0.579614 0.579614 0.579614 0.579614 0.579614 0.579614 0.579614 0.579614 0.579614 0.579614 0.579614 0.579614 0.579614 0.579614 0.579614 0.579614 0.562851 0.449849 0.449771 0.449771 0.449771 0.449771 0.449771 0.449771 0.449771 0.449771 0.449771 0.462396 0.515192 0.571152 0.627084 0.682989 0.719377 0.720107 0.982882 1.40317 1.40317 1.40317 1.40317 1.40317 1.40317 1.40317 1.40317 1.40317 1.40317
1.92890 0.864669 0.864669 0.864669 0.864669 0.864669 0.864669 0.864690 0.877162 0.862720 0.296715 0.336986 0.377507 0.383386 0.383386 0.383386 0.383386 0.383386 0.383386 0.419067 0.579614 0.579614 0.579614 0.579614 0.579614 0.579614 0.579614 0.579614 0.579614 0.579614 0.579614 0.579614 0.579614 0.579614 0.579614 0.579614 0.579614 0.579614 0.471273 0.449771 0.449771 0.449771 0.449771 0.456935 0.506082 0.561906 0.617839 0.673771 0.717106 0.720107 0.720107 0.720107 0.720107 0.720107 0.720107 0.787997 1.40024 1.40317 1.40317 1.40317 1.40317 1.40317 1.40317 1.40317 1.40317 1.40317
2.21089 0.989395 0.864669 0.868627 0.889738 0.912832 0.935927 0.959001 0.969645 0.969645 0.589198 0.383386 0.383386 0.383386 0.383386 0.383386 0.383386 0.383386 0.383386 0.383759 0.556670 0.579614 0.579614 0.579614 0.579614 0.579614 0.579614 0.579614 0.579614 0.579614 0.579614 0.579614 0.579614 0.579614 0.579614 0.579614 0.579614 0.579614 0.512731 0.496836 0.552742 0.608647 0.664526 0.713321 0.720107 0.720107 0.720107 0.720107 0.720107 0.720107 0.720107 0.720107 0.720107 0.720107 0.720107 0.720107 1.27019 1.40317 1.40317 1.40317 1.40317 1.40317 1.40317 1.40317 1.40317 1.40317
2.15974 1.38267 0.948503 0.967651 0.969645 0.969645 0.966551 0.903962 0.796009 0.645140 0.430971 0.383386 0.383386 0.383386 0.383386 0.383386 0.383386 0.383386 0.383386 0.383386 0.498721 0.579614 0.579614 0.579614 0.579614 0.579614 0.579614 0.579614 0.579614 0.579614 0.579614 0.579614 0.579614 0.579647 0.616720 0.686670 0.756554 0.826504 0.846185 0.720107 0.720107 0.720107 0.720107 0.720107 0.720107 0.720107 0.720107 0.720107 0.720107 0.720107 0.720107 0.720107 0.720107 0.720107 0.720107 0.720107 1.07236 1.40317 1.40317 1.40317 1.40317 1.40317 1.40317 1.40317 1.40317 1.40317
2.04826 1.70850 0.968147 0.911911 0.806787 0.660647 0.454638 0.383386 0.383386 0.383386 0.383386 0.383386 0.383386 0.383386 0.383386 0.383386 0.383386 0.383386 0.383386 0.383386 0.440415 0.579614 0.579614 0.579614 0.579614 0.579614 0.579614 0.579614 0.579614 0.597642 0.664773 0.734723 0.804673 0.874525 0.907402 0.907402 0.907402 0.907402 0.904199 0.732017 0.720107 0.720107 0.720107 0.720107 0.720107 0.720107 0.720107 0.720107 0.720107 0.720107 0.720107 0.720107 0.720107 0.720107 0.720107 0.720107 0.874480 1.40317 1.40317 1.40317 1.40317 1.40317 1.40317 1.40317 1.40317 1.40317
