High_resolution/powerplant/Fengdu/OMI_NO2_200602.asc
ncols      200
nrows      200
xllcorner       105.978
yllcorner       28.1831
cellsize     0.0166667
NODATA_Value      -999.000
[rows 0 to 29 of 200, columns 132 to 197 of 200]
2.57867 0.00000 0.00000 0.00000 0.00000 0.00000 0.00000 0.00000 0.00000 0.00000 0.00000 0.00000 0.00000 0.00000 0.00000 0.00000 0.00000 0.00000 0.00000 0.00000 0.00000 0.00000 0.00000 0.00000 0.00000 0.00000 4.17860 4.17860 4.17860 4.17860 4.17860 4.17860 4.17860 4.17860 4.17860 4.17860 4.17860 4.17860 4.17860 4.17860 4.17860 4.17860 4.17860 4.17860 4.17860 4.17860 4.17860 4.17860 4.17860 4.17860 4.17860 4.17860 0.00000 0.550875 0.550875 0.550875 0.550875 0.550875 0.550875 0.550875 0.550875 0.550875 0.550875 0.550875 0.550875 0.550875
2.57867 2.57867 0.00000 0.00000 0.00000 0.00000 0.00000 0.00000 0.00000 0.00000 0.00000 0.00000 0.00000 0.00000 0.00000 0.00000 0.00000 0.00000 0.00000 0.00000 0.00000 0.00000 0.00000 0.00000 0.00000 0.00000 0.00000 4.17860 4.17860 4.17860 4.17860 4.17860 4.17860 4.17860 4.17860 4.17860 4.17860 4.17860 4.17860 4.17860 4.17860 4.17860 4.17860 4.17860 4.17860 4.17860 4.17860 4.17860 4.17860 4.17860 4.15997 4.10755 0.676906 0.550875 0.550875 0.550875 0.550875 0.550875 0.550875 0.550875 0.550875 0.550875 0.550875 0.550875 0.550875 0.550875
2.47415 1.82292 0.250352 0.250352 0.00000 0.00000 0.00000 0.00000 0.00000 0.00000 0.00000 0.00000 0.00000 0.00000 0.00000 0.00000 0.00000 0.00000 0.00000 0.00000 0.00000 0.00000 0.00000 0.00000 0.00000 0.00000 0.00000 4.17860 4.17860 4.17860 4.17860 4.17860 4.17860 4.17860 4.17860 4.17860 4.17860 4.17860 4.17860 4.17860 4.17860 4.17860 4.17860 4.17860 4.17860 4.17860 4.16387 4.12580 4.08745 4.04909 4.02934 4.02934 1.54278 0.550875 0.550875 0.550875 0.550875 0.550875 0.550875 0.550875 0.550875 0.550875 0.550875 0.550875 0.550875 0.550875
1.41451 1.05858 0.250352 0.250352 0.00000 0.00000 0.00000 0.00000 0.00000 0.00000 0.00000 0.00000 0.00000 0.00000 0.00000 0.00000 0.00000 0.00000 0.00000 0.00000 0.00000 0.00000 0.00000 0.00000 0.00000 0.00000 0.00000 4.17860 4.17860 4.17860 4.17860 4.17860 4.17860 4.17860 4.17860 4.17860 4.17860 4.17860 4.17860 4.17860 4.17860 4.17860 4.16731 4.13001 4.09163 4.05327 4.02964 4.02934 4.02934 4.02934 4.02934 4.02934 2.67546 0.550875 0.550875 0.550875 0.550875 0.550875 0.550875 0.550875 0.550875 0.550875 0.550875 0.550875 0.550875 0.550875
1.41451 1.33071 0.254536 0.250352 0.00000 0.00000 0.00000 0.00000 0.00000 0.00000 0.00000 0.00000 0.00000 0.00000 0.00000 0.00000 0.00000 0.00000 0.00000 0.00000 0.00000 0.00000 0.00000 0.00000 0.00000 0.00000 0.00000 0.00000 4.17860 4.17860 4.17860 4.17860 4.17860 4.17860 4.17860 4.17860 4.17860 4.17860 4.17031 4.13419 4.09580 4.05746 4.03039 4.02934 4.02934 4.02934 4.02934 4.02934 4.02934 4.02934 4.02934 4.02934 3.75483 0.602709 0.550875 0.550875 0.550875 0.550875 0.550875 0.550875 0.550875 0.550875 0.550875 0.550875 0.550875 0.550875
1.41451 1.41451 0.641151 0.250352 0.250352 0.00000 0.00000 0.00000 0.00000 0.00000 0.00000 0.00000 0.00000 0.00000 0.00000 0.00000 0.00000 0.00000 0.00000 0.00000 0.00000 0.00000 0.00000 0.00000 0.00000 0.00000 0.00000 0.00000 4.17860 4.17860 4.17860 4.17860 4.17860 4.17860 4.17284 4.13836 4.10003 4.06164 4.03158 4.02934 4.02934 4.02934 4.02934 4.02934 4.02934 4.02934 4.02934 4.02934 4.02934 4.02934 4.02934 4.02934 4.02934 1.46033 0.550875 0.550875 0.550875 0.550875 0.550875 0.550875 0.550875 0.550875 0.550875 0.550875 0.553319 0.653323
1.41451 1.41306 1.05749 0.250352 0.250352 0.00000 0.00000 0.00000 0.00000 0.00000 0.00000 0.00000 0.00000 0.00000 0.00000 0.00000 0.00000 0.00000 0.00000 0.00000 0.00000 0.00000 0.00000 0.00000 0.00000 0.00000 0.00000 0.00000 4.17860 4.17860 4.17490 4.14257 4.10421 4.06585 4.03324 4.02934 4.02934 4.02934 4.02934 4.02934 4.02934 4.02934 4.02934 4.02934 4.02934 4.02934 4.02934 4.02934 4.02934 4.02934 4.02934 4.02934 4.02934 2.59259 0.550875 0.550875 0.550875 0.550875 0.550875 0.550875 0.553319 0.654728 0.807454 0.960180 1.11046 1.16178
1.39554 1.39030 1.31037 0.255355 0.250352 0.00000 0.00000 0.00000 0.00000 0.00000 0.00000 0.00000 0.00000 0.00000 0.00000 0.00000 0.00000 0.00000 0.00000 0.00000 0.00000 0.00000 0.00000 0.00000 0.00000 0.00000 0.00000 0.00000 0.00000 4.07313 4.03536 4.02934 4.02934 4.02934 4.02934 4.02934 4.02934 4.02934 4.02934 4.02934 4.02934 4.02934 4.02934 4.02934 4.02934 4.02934 4.02934 4.02934 4.02934 4.02934 4.02934 4.02934 4.02934 3.69436 0.580442 0.550875 0.553624 0.656256 0.808981 0.961707 1.11162 1.16178 1.16178 1.16178 1.16178 1.16178
1.38991 1.38991 1.38991 0.641064 0.250352 0.00000 0.00000 0.00000 0.00000 0.00000 0.00000 0.00000 0.00000 0.00000 0.00000 0.00000 0.00000 0.00000 0.00000 0.00000 0.00000 0.00000 0.00000 0.00000 0.00000 0.00000 0.00000 0.00000 0.00000 4.02934 4.02934 4.02934 4.02934 4.02934 4.02934 4.02934 4.02934 4.02934 4.02934 4.02934 4.02934 4.02934 4.02934 4.02934 4.02934 4.02934 4.02934 4.02934 4.02934 4.02934 4.02934 4.02934 4.02784 3.94987 1.51253 0.963234 1.11236 1.16178 1.16178 1.16178 1.16178 1.16178 1.16178 1.16178 1.16178 1.16178
1.38991 1.38991 1.38991 1.05116 0.250352 0.00000 1.32998 1.32998 1.32998 1.32998 1.32998 1.32998 1.32998 1.32998 1.32998 1.32998 1.32998 1.32998 1.32998 1.32998 1.32998 1.32998 1.32998 1.32998 1.32998 1.32998 1.32998 1.32998 1.32998 4.02934 4.02934 4.02934 4.02934 4.02934 4.02934 4.02934 4.02934 4.02934 4.02934 4.02934 4.02934 4.02934 4.02934 4.02934 4.02934 4.02934 4.02934 4.02934 4.02920 3.96280 3.84248 3.72210 3.60318 3.56078 2.50953 1.16178 1.16178 1.16178 1.16178 1.16178 1.16178 1.16178 1.16178 1.16178 1.16178 1.16178
1.58680 1.59983 1.61290 1.56546 0.753647 1.27052 1.32998 1.32998 1.32998 1.32998 1.32998 1.32998 1.32998 1.32998 1.32998 1.32998 1.32998 1.32998 1.32998 1.32998 1.32998 1.32998 1.32998 1.32998 1.32998 1.32998 1.32998 1.32998 1.32998 0.00000 4.02934 4.02934 4.02934 4.02934 4.02934 4.02934 4.02934 4.02934 4.02934 4.02934 4.02934 4.02934 4.02934 4.02934 4.02934 3.97560 3.85541 3.73508 3.61480 3.56078 3.56078 3.56078 3.56078 3.56078 3.27841 1.17017 1.16178 1.16178 1.16178 1.16178 1.16178 1.16178 1.16178 1.16178 1.16178 1.16178
1.65900 1.65900 1.65900 1.65900 1.09281 1.15656 1.32998 1.32998 1.32998 1.32998 1.32998 1.32998 1.32998 1.32998 1.32998 1.32998 1.32998 1.32998 1.32998 1.32998 1.32998 1.32998 1.32998 1.32998 1.32998 1.32998 1.32998 1.32998 1.32998 1.32998 4.02934 4.02934 4.02934 4.02934 4.02934 4.02934 4.02934 4.02934 4.02934 4.02934 4.02934 3.98717 3.86839 3.74801 3.62764 3.56096 3.56078 3.56078 3.56078 3.56078 3.56078 3.56078 3.56078 3.56078 3.56078 1.66528 1.16178 1.16178 1.16178 1.16178 1.16178 1.16178 1.16178 1.16178 1.16178 1.16178
1.65900 1.65900 1.65900 1.65900 1.40505 1.04068 1.32998 1.32998 1.32998 1.32998 1.32998 1.32998 1.32998 1.32998 1.32998 1.32998 1.32998 1.32998 1.32998 1.32998 1.32998 1.32998 1.32998 1.32998 1.32998 1.32998 1.32998 1.32998 1.32998 1.32998 4.02934 4.02934 4.02934 4.02934 4.02934 4.02934 4.02934 3.99734 3.88137 3.76099 3.64057 3.56237 3.56078 3.56078 3.56078 3.56078 3.56078 3.56078 3.56078 3.56078 3.56078 3.56078 3.56078 3.56078 3.56078 2.44247 1.16178 1.16178 1.16178 1.16178 1.16178 1.16178 1.16178 1.16178 1.16178 1.16178
1.65900 1.65900 1.65900 1.65900 1.57720 0.929387 1.32998 1.32998 1.32998 1.32998 1.32998 1.32998 1.32998 1.32998 1.32998 1.32998 1.32998 1.32998 1.32998 1.32998 1.32998 1.32998 1.32998 1.32998 1.32998 1.32998 1.32998 1.32998 1.32998 1.32998 0.00000 4.02934 4.02934 4.00605 3.89435 3.77395 3.65350 3.56518 3.56078 3.56078 3.56078 3.56078 3.56078 3.56078 3.56078 3.56078 3.56078 3.56078 3.56078 3.56078 3.56078 3.56078 3.56078 3.56078 3.56078 3.21844 1.16322 1.16178 1.16178 1.16178 1.16178 1.16178 1.16178 1.16178 1.16178 1.16178
1.64890 1.59564 1.53743 1.47926 1.44522 1.04534 1.32381 1.32998 1.32998 1.32998 1.32998 1.32998 1.32998 1.32998 1.32998 1.32998 1.32998 1.32998 1.32998 1.32998 1.32998 1.32998 1.32998 1.32998 1.32998 1.32998 1.32998 1.32998 1.32998 1.32998 0.00000 3.79545 3.66644 3.56940 3.56078 3.56078 3.56078 3.56078 3.56078 3.56078 3.56078 3.56078 3.56078 3.56078 3.56078 3.56078 3.56078 3.56078 3.56078 3.56078 3.56078 3.56078 3.56078 3.56078 3.56078 3.56078 1.59768 1.16178 1.16178 1.16178 1.16178 1.16178 1.16178 1.16178 0.00000 0.00000
1.44998 1.44501 1.44501 1.44501 1.44501 1.25534 1.23434 1.32998 1.32998 1.32998 1.32998 1.32998 1.32998 1.32998 1.32998 1.32998 1.32998 1.32998 1.32998 1.32998 1.32998 1.32998 1.32998 1.32998 1.32998 1.32998 1.32998 1.32998 1.32998 1.32998 0.00000 3.56078 3.56078 3.56078 3.56078 3.56078 3.56078 3.56078 3.56078 3.56078 3.56078 3.56078 3.56078 3.56078 3.56078 3.56078 3.56078 3.56078 3.56078 3.56078 3.56078 3.56078 3.56078 3.56078 3.56078 3.54024 2.36499 1.16178 1.16178 1.16178 0.00000 0.00000 0.00000 0.00000 0.00000 0.00000
1.44501 1.44501 1.44501 1.44501 1.44501 1.40444 1.12284 1.32998 1.32998 1.32998 1.32998 1.32998 1.32998 1.33060 1.33576 1.34180 1.34789 1.35393 1.36005 1.36611 1.37218 1.37825 1.38429 1.39038 1.39642 1.40255 1.40860 1.41467 1.42074 1.42936 1.47629 0.00000 3.56078 3.56078 3.56078 3.56078 3.56078 3.56078 3.56078 3.56078 3.56078 3.56078 3.56078 3.56078 3.56078 3.56078 3.56078 3.56078 3.56078 3.56078 3.56078 3.55111 3.30614 2.96142 2.61685 2.29254 2.21844 0.00000 0.00000 0.00000 0.00000 0.00000 0.00000 0.00000 0.00000 0.00000
1.68645 1.71451 1.74256 1.77062 1.79868 1.82691 1.65466 1.43958 1.44563 1.45171 1.45776 1.46386 1.46993 1.47539 1.47629 1.47629 1.47629 1.47629 1.47629 1.47629 1.47629 1.47629 1.47629 1.47629 1.47629 1.47629 1.47629 1.47629 1.47629 1.47629 1.47629 0.00000 3.56078 3.56078 3.56078 3.56078 3.56078 3.56078 3.56078 3.56078 3.56078 3.56078 3.56078 3.56078 3.56078 3.56078 3.56078 3.55796 3.34265 2.99807 2.65349 2.31831 2.21844 2.21844 2.21844 2.21844 2.21844 2.21844 0.00000 0.00000 0.00000 0.00000 0.00000 0.00000 0.00000 0.00000
2.02470 2.02470 2.02470 2.02470 2.02470 2.02470 1.94752 1.47629 1.47629 1.47629 1.47629 1.47629 1.47629 1.47629 1.47629 1.47629 1.47629 1.47629 1.47629 1.47629 1.47629 1.47629 1.47629 1.47629 1.47629 1.47629 1.47629 1.47629 1.47629 1.47629 1.47629 0.00000 3.56078 3.56078 3.56078 3.56078 3.56078 3.56078 3.56078 3.56078 3.56078 3.56078 3.56078 3.56064 3.37943 3.03458 2.69000 2.34825 2.21844 2.21844 2.21844 2.21844 2.21844 2.21844 2.22053 2.36490 2.48701 2.90381 4.83052 4.83052 4.83052 4.83052 4.83052 4.83052 4.83052 4.83052
2.02470 2.02470 2.02470 2.02470 2.02470 2.02470 2.01665 1.50010 1.47629 1.47629 1.47629 1.47629 1.47629 1.47629 1.47629 1.47629 1.47629 1.47629 1.47629 1.47629 1.47629 1.47629 1.47629 1.47629 1.47629 1.47629 1.47629 1.47629 1.47629 1.47629 1.47629 0.00000 0.00000 3.56078 3.56078 3.56078 3.56078 3.56078 3.56078 3.56078 3.41513 3.07123 2.72652 2.38207 2.21844 2.21844 2.21844 2.21844 2.21844 2.21844 2.21844 2.21844 2.21844 2.21844 2.22157 3.46416 3.52448 3.66823 4.83052 4.83052 4.83052 4.83052 4.83052 4.83052 4.83052 4.83052
2.02470 2.02470 2.02470 2.02470 2.02470 2.02470 2.02634 1.72300 1.47629 1.47629 1.47629 1.47629 1.47629 1.47629 1.47629 1.47629 1.47629 1.47629 1.47629 1.47629 1.47629 1.47629 1.47629 1.47629 1.47629 1.47629 1.47629 1.47629 1.47629 1.47629 1.47629 0.00000 0.00000 3.56078 3.56078 3.56078 3.44668 3.10787 2.76303 2.41845 2.21952 2.21844 2.21844 2.21844 2.21844 2.21844 2.21844 2.21844 2.21844 2.21844 2.21844 2.21844 2.21844 2.21844 2.21844 3.28656 3.52448 3.52579 4.53473 4.83052 4.83052 4.83052 4.83052 4.83052 4.83052 4.83052
2.02470 2.02470 2.02470 2.09050 2.28886 2.49101 2.69137 2.37082 1.47629 1.47629 1.47629 1.47629 1.47629 1.47629 1.47629 1.47629 1.47629 1.47629 1.47629 1.47629 1.47629 1.47629 1.47629 1.47629 1.47629 1.47629 1.47629 1.47629 1.47629 1.47629 1.47629 1.47629 4.34022 3.91723 2.79981 2.45496 2.22448 2.21844 2.21844 2.21844 2.21844 2.21844 2.21844 2.21844 2.21844 2.21844 2.21844 2.21844 2.21844 2.21844 2.21844 2.21844 2.21844 2.21844 2.21844 3.05468 3.52448 3.52448 4.02037 4.83052 4.83052 4.83052 4.83052 4.83052 4.83052 4.83052
2.22395 2.42610 2.62825 2.76445 2.76817 2.76817 2.76817 2.63589 1.48597 1.47629 1.47629 1.47629 1.47629 1.47629 1.47629 1.47629 1.47629 1.47629 1.47629 1.47629 1.47629 1.47629 1.47629 1.47629 1.47629 1.47629 1.47629 1.47629 1.54996 2.04981 2.44934 3.68930 4.34022 4.33916 2.52719 2.21844 2.21844 2.21844 2.21844 2.21844 2.21844 2.21844 2.21844 2.21844 2.21844 2.21844 2.21844 2.21844 2.21844 2.21844 2.21844 2.21844 2.21844 2.21844 2.21844 2.74052 3.52448 3.52448 3.68224 4.83052 4.83052 4.83052 4.83052 4.83052 4.83052 4.83052
2.76817 2.76817 2.76817 2.76817 2.76817 2.76817 2.76817 2.74005 1.85958 1.47629 1.47629 1.47629 1.47629 1.47629 1.47629 1.47629 1.47629 1.47629 1.47629 1.47629 1.47629 1.47629 1.47629 1.47629 1.49972 2.02915 2.54751 2.90598 3.15007 3.22163 3.26669 3.81706 4.34022 4.34022 3.22006 2.21844 2.21844 2.21844 2.21844 2.21844 2.21844 2.21844 2.21844 2.21844 2.21844 2.21844 2.21844 2.21844 2.21844 2.21844 2.21844 2.21844 2.21844 2.21844 2.20426 2.19027 3.36287 3.29594 3.23380 4.52868 4.83052 4.83052 4.83052 4.83052 4.83052 4.83052
2.75488 2.74848 2.74210 2.73573 2.72935 2.72298 2.71660 2.71013 2.52825 1.47629 1.47629 1.47629 1.47629 1.47629 1.47629 1.47629 1.47629 1.47629 1.47629 1.47629 1.47629 4.34022 4.34022 4.34022 4.34022 4.34022 4.34022 4.34022 4.34022 4.34022 4.34022 4.34022 4.34022 4.34022 3.91434 2.21844 2.21844 2.21844 2.21844 2.21844 2.21844 2.21844 2.21844 2.21844 2.21844 2.21844 2.21844 2.21844 2.21844 2.21844 2.21028 2.08991 1.93373 1.77731 1.63538 1.60956 3.04902 3.22004 3.22004 3.87832 4.83052 4.83052 4.83052 4.83052 4.83052 4.83052
2.63672 2.63672 2.63672 2.63672 2.63672 2.63672 2.63672 2.63672 3.09654 3.58843 0.00000 0.00000 0.00000 0.00000 0.00000 0.00000 0.00000 4.34022 4.34022 4.34022 4.34022 4.34022 4.34022 4.34022 4.34022 4.34022 4.34022 4.34022 4.34022 4.34022 4.34022 4.34022 4.34022 4.34022 4.33555 2.49167 2.21844 2.21844 2.21844 2.21844 2.21844 2.21844 2.21844 2.21844 2.21844 2.21844 2.21473 2.10592 1.94974 1.79356 1.64530 1.60956 1.60956 1.60956 1.60956 1.60956 2.80080 3.22004 3.22004 3.45824 4.82337 4.79001 4.75480 4.71952 4.68418 4.64871
2.63672 2.63672 2.63672 2.63672 2.63672 2.63672 2.63672 2.63672 2.93603 3.58843 0.00000 0.00000 0.00000 4.34022 4.34022 4.34022 4.34022 4.34022 4.34022 4.34022 4.34022 4.34022 4.34022 4.34022 4.34022 4.34022 4.34022 4.34022 4.34022 4.34022 4.34022 4.34022 4.34022 4.34022 4.34022 3.18069 2.21844 2.21844 2.21844 2.21844 2.21844 2.21844 2.21735 2.12206 1.96582 1.80952 1.65711 1.60956 1.60956 1.60956 1.60956 1.60956 1.60956 1.60956 1.60956 1.60956 2.34377 2.95154 2.93397 2.92574 4.00517 4.19260 4.19260 4.19260 4.19260 4.19260
2.63672 2.63672 2.63672 2.63672 2.63672 2.63672 2.63672 2.63672 2.78164 3.61162 4.34022 4.34022 4.34022 4.34022 4.34022 4.34022 4.34022 4.34022 4.34022 4.34022 4.34022 4.34022 4.34022 4.34022 4.34022 4.34022 4.34022 4.34022 4.34022 4.34022 4.34022 4.34022 4.34022 4.34022 4.34022 3.87479 2.21844 2.21844 2.21844 2.13807 1.98189 1.82565 1.67045 1.60956 1.60956 1.60956 1.60956 1.60956 1.60956 1.60956 1.60956 1.60956 1.60956 1.60956 1.60956 1.60956 1.93647 2.90108 2.90108 2.90108 3.47148 4.19260 4.19260 4.19260 4.19260 4.19260
2.63672 2.63672 2.63672 2.63672 2.63672 2.63678 2.68052 2.76127 2.87637 4.15045 4.33967 4.34022 4.34022 4.34022 4.34022 4.34022 4.34022 4.34022 4.34022 4.34022 4.34022 4.34022 4.34022 4.34022 4.34022 4.34022 4.34022 4.34022 4.34022 4.34022 4.34022 4.34022 4.34022 4.34022 4.34022 4.32837 2.27203 1.84173 1.68549 1.60956 1.60956 1.60956 1.60956 1.60956 1.60956 1.60956 1.60956 1.60956 1.60956 1.60956 1.60956 1.60956 1.60956 1.60956 1.60956 1.60956 1.61626 2.84818 2.90108 2.90108 3.12038 4.19260 4.19260 4.19260 4.19260 4.19260
2.63672 2.63672 2.65767 2.73534 2.81609 2.89679 2.93384 2.93384 2.93384 3.83059 4.30636 4.34022 4.34022 4.34022 4.34022 4.34022 4.34022 4.34022 4.34022 4.34022 4.34022 4.34022 4.34022 4.34022 4.34022 4.34022 4.34022 4.34022 4.34022 4.34022 4.34022 4.33890 4.33330 4.32736 4.32141 4.31777 2.78934 1.60956 1.60956 1.60956 1.60956 1.60956 1.60956 1.60956 1.60956 1.60956 1.60956 1.60956 1.60956 1.60956 1.60956 1.60956 1.60956 1.60956 1.60956 1.60956 1.60229 2.64110 2.90108 2.90108 2.91789 4.05100 4.19260 4.19260 4.19260 4.19260
