High_resolution/powerplant/Fengdu/OMI_NO2_200611.asc
ncols      200
nrows      200
xllcorner       105.978
yllcorner       28.1831
cellsize     0.0166667
NODATA_Value      -999.000
[rows 87 to 115 of 200, columns 66 to 131 of 200]
8.31917 8.19104 8.07195 7.95993 6.93712 5.92560 5.86551 5.97025 6.08147 6.20033 6.32631 6.13610 2.95438 2.95438 2.95438 2.95438 2.95438 2.95438 2.95438 2.95438 2.95438 2.95438 2.95438 2.95438 2.95334 2.51512 2.51076 2.04211 1.96609 1.96609 1.96609 1.96609 1.96546 1.94834 1.92388 1.89941 1.87496 1.85850 1.85806 1.85806 1.86040 1.96308 2.34529 2.59193 2.66774 2.43388 2.40431 2.40431 2.40431 2.40431 2.33910 1.48269 1.42566 1.37141 1.31710 1.26289 1.20854 1.06683 0.981637 0.981633 0.981633 0.981633 0.981633 0.973848 0.513228 0.480212
7.25078 7.25078 7.25078 7.25078 6.95112 5.75193 6.36545 6.48762 6.48762 6.48762 6.48762 6.48320 3.56627 2.95438 2.95438 2.95438 2.95438 2.95438 2.95438 2.95438 2.95438 2.95438 2.95438 2.95438 2.95438 2.56084 2.51076 2.16591 1.96104 1.93814 1.91368 1.88923 1.86539 1.85806 1.85806 1.85806 1.85858 1.95007 2.08959 2.20953 2.31244 2.34544 2.46309 2.68854 2.68854 2.48326 2.33773 2.28345 2.22917 2.17489 2.12061 1.37903 1.11889 1.11889 1.11889 1.11889 1.11889 1.08373 0.981633 0.981633 0.981633 0.981633 0.986118 1.03319 0.852583 0.861421
7.25078 7.25078 7.25078 7.25078 7.24568 5.91845 6.13680 6.22188 5.91196 5.54614 5.10915 4.57799 3.30176 2.95438 2.95438 2.95438 2.95438 2.95438 2.95438 2.95438 2.95438 2.95438 2.95438 2.95438 2.94180 2.58878 2.41688 2.20404 1.85963 1.85806 1.85806 1.85806 1.85806 1.93694 2.07831 2.19973 2.30499 2.34544 2.34544 2.37741 2.44165 2.51163 2.59938 2.43775 2.38097 2.21446 2.05479 2.05479 2.05479 2.05479 2.05479 1.66011 1.11889 1.11889 1.11889 1.11889 1.11889 1.11485 1.01241 1.06495 1.12259 1.18018 1.23333 1.26878 1.38723 1.48398
7.09852 6.94652 6.77809 6.58999 6.37857 4.91232 3.50858 2.95438 2.95438 2.95438 2.95438 2.95438 2.95438 2.95438 2.95438 2.95438 2.95438 2.95438 2.95438 2.95344 2.93486 2.90960 2.88432 2.85905 2.84637 2.64278 2.34557 2.32568 1.86988 1.92417 2.06684 2.18986 2.29851 2.39122 2.45667 2.52804 2.60615 2.69208 2.78688 2.83501 2.83501 2.83501 2.83501 2.41356 2.33903 2.27642 2.05503 2.05479 2.05479 2.05479 2.05479 1.95133 1.12272 1.12599 1.17632 1.23396 1.29157 1.34919 1.28098 1.27181 1.44738 1.64609 1.84441 2.01748 2.03051 1.88711
5.86574 5.86574 5.86574 5.86574 5.86574 5.24319 3.54038 2.95438 2.95438 2.95438 2.95438 2.95438 2.95438 2.95438 2.95438 2.95060 2.92794 2.90266 2.87738 2.85307 2.84637 2.84637 2.84637 2.84637 2.84637 2.96867 2.75585 2.98666 2.49722 2.54442 2.62457 2.71228 2.80614 2.83501 2.83501 2.83501 2.83501 2.83501 2.83501 2.83501 2.83501 2.83501 2.83501 2.53114 2.33903 2.32998 2.06578 2.05479 2.05451 2.08509 2.14183 2.19857 1.51465 1.36899 1.37539 1.40465 1.58244 1.77969 1.91305 2.00966 2.03079 2.02989 2.02900 2.02810 2.02720 1.90671
5.86574 5.86574 5.86574 5.86574 5.86574 5.81043 3.73624 3.00170 2.95438 2.95438 2.95438 2.94587 2.92100 2.89573 2.87047 2.84896 2.84637 2.84637 2.84637 2.84637 2.84637 2.93806 3.36643 3.68909 3.91752 4.04478 3.41345 3.31697 2.93905 2.83501 2.83501 2.83513 2.84080 2.84963 2.85853 2.86739 2.87616 2.88502 2.89390 2.90278 2.91157 2.92041 2.92927 2.76199 2.42976 2.47877 2.23722 2.21778 2.27477 2.30088 2.30088 2.28999 1.91632 1.77677 1.97548 2.14292 2.16303 2.16303 2.13531 2.02577 2.02577 2.02577 2.02577 2.02577 2.02577 1.95284
5.86574 5.86574 5.86574 5.86574 5.86574 5.86574 4.37845 3.20014 2.91406 2.88881 2.86352 2.84677 2.84637 2.84637 2.84637 2.84637 2.84601 2.85376 3.18910 3.47002 3.65809 3.76742 3.73648 3.69115 3.64830 3.60781 3.45369 3.41947 3.20477 2.95614 2.96505 2.97379 2.97691 2.97691 2.97691 2.97691 2.97691 2.97691 2.97691 2.97691 3.00525 3.06858 3.13196 3.16567 2.66295 2.65524 2.43930 2.29308 2.23062 2.15761 2.08457 2.02242 2.03893 2.16303 2.16303 2.16303 2.16303 2.16303 2.16174 2.03548 2.02577 2.03500 2.09545 2.16866 2.24811 2.30356
5.86574 5.86574 5.87464 6.05113 6.28693 6.52292 5.53910 3.03204 2.63468 2.61118 2.58975 2.57017 2.55216 2.54035 2.75421 3.01674 3.21394 3.37524 3.40992 3.40992 3.40992 3.40992 3.40992 3.40992 3.40992 3.40992 3.42088 3.45294 3.38764 2.97701 2.97691 2.97691 2.97691 2.97691 2.97691 2.98097 3.03126 3.09467 3.15809 3.22147 3.25655 3.25663 3.25663 3.24969 2.71007 2.51809 2.30794 2.02178 2.01490 2.01490 2.01490 2.01490 2.01490 2.14057 2.16303 2.19059 2.24588 2.30609 2.37161 2.40736 2.49362 2.58770 2.60034 2.60034 2.60034 2.60022
5.85685 6.09270 6.31960 6.37923 6.37923 6.37923 6.14302 2.82169 2.48815 2.48815 2.64468 2.93250 3.16328 3.35002 3.40992 3.40992 3.40992 3.40992 3.40992 3.40992 3.40992 3.40992 3.40992 3.40992 3.40992 3.40992 3.41398 3.44757 3.45886 3.05932 2.97691 2.99565 3.05739 3.12077 3.18418 3.24354 3.25663 3.25663 3.25663 3.25236 3.17923 3.08192 2.98453 2.89408 2.59732 2.36926 2.31560 2.00277 2.01969 2.05999 2.11090 2.16624 2.22663 2.39105 2.55862 2.60034 2.60034 2.60034 2.60034 2.60034 2.60034 2.60034 2.60034 2.60034 2.60034 2.59099
6.37923 6.37923 6.37923 6.37923 6.37923 6.37923 6.33817 3.95318 3.12191 3.31771 3.40974 3.40992 3.40992 3.40992 3.40992 3.40992 3.40992 3.40992 3.40992 3.40992 3.40992 3.40992 3.40992 3.40992 3.40992 3.40992 3.41022 3.45656 3.56292 3.38257 3.21028 3.25495 3.25663 3.25663 3.25663 3.25450 3.18731 3.09000 2.99261 2.89957 2.87532 2.87532 2.87532 2.87532 2.77758 2.59968 2.68080 2.33619 2.39124 2.40284 2.40284 2.40284 2.40284 2.44649 2.60034 2.60034 2.60034 2.60034 2.60034 2.60034 2.60027 2.55846 2.48084 2.40321 2.32555 2.25725
6.37923 6.37923 6.41482 6.61602 6.15444 6.05615 6.00588 4.97523 3.44764 3.40992 3.40992 3.40992 3.40992 3.40992 3.40992 3.40992 3.40992 3.40992 3.40992 3.40992 3.40992 3.40992 3.41219 3.43405 3.46037 3.48673 3.51279 3.54394 3.69387 3.64591 3.25663 3.25583 3.19555 3.09820 3.00085 2.90560 2.87532 2.87532 2.87532 2.87532 2.87532 2.87532 2.87532 2.87532 2.87532 2.87532 2.87532 2.51707 2.40095 2.40284 2.40284 2.40284 2.40284 2.40413 2.58073 2.60034 2.58696 2.51590 2.43825 2.36062 2.28303 2.24719 2.20482 2.04663 1.88247 1.71764
6.75370 6.91285 7.02718 7.04105 6.26411 6.00397 6.00397 5.68367 3.50804 3.40992 3.40992 3.40992 3.40992 3.40992 3.40992 3.40992 3.40992 3.40992 3.41615 3.44120 3.46755 3.49390 3.51797 3.52246 3.52246 3.52246 3.52246 3.53708 3.64294 3.75266 3.11533 2.91239 2.87532 2.87532 2.87532 2.87532 2.87532 2.87532 2.87532 2.87532 2.87532 2.87532 2.87532 2.87532 2.87532 2.87532 2.87532 2.62757 2.39064 2.40284 2.40284 2.40214 2.35347 2.27581 2.31032 2.30299 2.22883 2.21226 2.15667 1.98709 1.81266 1.63834 1.50587 1.48947 1.47950 1.46945
7.04105 7.04105 7.04105 7.04105 6.59906 6.00397 6.00397 6.00397 3.95642 3.40992 3.40992 3.40992 3.40992 3.40992 3.42204 3.44840 3.47472 3.50107 3.52118 3.52246 3.52246 3.52246 3.52246 3.52246 3.52557 3.53543 3.54544 3.56331 3.62063 3.77693 3.27605 2.87532 2.87532 2.87532 2.87532 2.87532 2.87532 2.86980 2.84902 2.82731 2.80563 2.78395 2.76216 2.74045 2.71891 2.69730 2.67555 2.53189 2.18267 2.09893 2.01133 1.92432 1.88545 1.87542 1.92338 1.85831 1.69356 1.52940 1.41025 1.40508 1.40508 1.40508 1.40508 1.40508 1.40508 1.40508
7.04105 7.04105 7.04105 7.04105 6.92878 6.00937 6.00397 6.00397 4.72494 3.41063 3.42921 3.45554 3.48189 3.50822 3.52244 3.52246 3.52246 3.52246 3.52246 3.52246 3.52421 3.53358 3.56123 3.60048 3.63674 3.66623 3.69552 3.72597 3.44662 3.57104 3.36251 2.65331 2.63170 2.61002 2.58821 2.56653 2.54485 2.52873 2.52789 2.52789 2.52789 2.52789 2.52780 2.49771 2.44409 2.39046 2.33683 2.27486 1.94490 1.87121 1.88838 1.96199 2.03977 2.11754 2.15435 1.44976 1.40508 1.40508 1.40508 1.40508 1.40508 1.40508 1.40508 1.40508 1.40508 1.40508
7.04105 7.04105 7.04105 7.04105 7.04105 6.21664 5.84151 5.67126 5.14424 3.58757 3.61353 3.64278 3.67208 3.70133 3.73050 3.75979 3.78986 3.82735 3.86672 3.90606 3.94368 3.97365 3.98537 3.98537 3.98537 3.98537 3.98537 3.98537 3.38780 3.34650 3.42085 2.60967 2.52789 2.52789 2.52789 2.52789 2.52789 2.52789 2.52169 2.47531 2.42168 2.36808 2.31454 2.29102 2.29102 2.29102 2.30470 2.37608 2.16973 2.12834 2.17113 2.17525 2.17525 2.17525 2.17525 1.67322 1.40508 1.40508 1.40508 1.40508 1.40508 1.40508 1.40508 1.40508 1.40508 1.40508
7.79226 7.90707 7.86348 7.79668 7.72457 7.00986 6.30416 6.41944 6.42184 4.14793 3.94702 3.94702 3.94722 3.95405 3.96413 3.97422 3.98351 3.98537 3.98537 3.98537 3.98537 3.98537 3.98537 3.98537 3.98537 3.98537 3.98537 3.98537 3.55141 3.29072 3.42950 2.88808 2.52789 2.52789 2.50624 2.45292 2.39932 2.34567 2.29825 2.29102 2.29102 2.29102 2.30120 2.36969 2.44744 2.52521 2.58928 2.59568 2.38617 2.21585 2.17525 2.17525 2.17525 2.17525 2.17525 1.91532 1.40508 1.40508 1.40508 1.40508 1.40508 1.40508 1.40508 1.40508 1.40508 1.40508
8.24163 8.01957 7.99550 7.99550 7.99550 7.78518 6.44176 6.43989 6.43989 4.75003 3.96215 3.97224 3.98212 3.98537 3.98537 3.98537 3.98537 3.98537 3.98537 3.98537 3.98537 3.98537 3.98537 3.98537 3.98537 3.98537 3.98537 3.98537 3.71520 3.26033 3.39777 3.07769 2.37691 2.32329 2.29131 2.29102 2.29102 2.29102 2.29818 2.36329 2.44110 2.51879 2.58136 2.55740 2.52173 2.48829 2.45779 2.59248 2.46081 2.23922 2.17525 2.17525 2.17525 2.17525 2.17525 2.13530 1.42696 1.40508 1.40508 1.40508 1.40508 1.40508 1.40508 1.40395 1.34635 1.25741
7.99550 7.99550 7.99550 7.99550 7.99550 7.77860 6.54556 6.47475 6.48986 5.52353 3.98537 3.98537 3.98537 3.98537 3.98537 3.98537 3.98537 3.98537 3.98537 3.98537 3.98537 3.98537 3.98537 3.98537 3.98537 4.03185 4.28836 4.56992 4.74519 4.37988 3.63682 3.17109 2.33243 2.25147 2.22970 2.26030 2.30354 2.34447 2.37731 2.36147 2.33663 2.31296 2.29331 2.29070 2.29070 2.29070 2.29070 2.52761 2.53544 2.25345 2.18441 2.17525 2.17525 2.17525 2.17525 2.17525 1.62898 1.40508 1.40508 1.38252 1.29718 1.20828 1.11926 1.03145 1.00006 0.958827
7.99550 7.91369 7.29181 6.57230 5.85230 5.34895 5.90066 6.49741 6.49741 6.32326 4.04471 3.98537 3.98537 3.98537 3.98537 3.98537 3.98537 3.98537 3.98537 3.98537 3.98537 4.08725 4.36568 4.64748 4.92916 5.16424 5.18965 5.18965 5.18779 4.50796 3.75882 2.77239 2.37928 2.22350 2.27829 2.29070 2.29070 2.29070 2.29070 2.29070 2.29070 2.29070 2.29070 2.29070 2.29070 2.29070 2.29070 2.44878 2.59224 2.27153 2.20766 2.17525 2.17525 2.17525 2.17213 2.10720 1.71400 1.15907 1.07017 1.00382 1.01003 0.981199 0.901205 0.818369 0.731768 0.687791
6.06761 5.42915 5.33083 5.33083 5.33083 5.33083 5.52562 6.49741 6.49741 6.49741 4.50388 3.98537 3.97884 3.94630 3.94804 3.98537 3.98754 4.16143 4.44311 4.72492 5.00648 5.18652 5.18965 5.18965 5.18965 5.18965 5.18966 5.20351 5.22986 4.73639 4.31540 2.83187 2.64232 2.29070 2.29070 2.29070 2.29070 2.29070 2.29070 2.29070 2.29070 2.29070 2.29039 2.28436 2.27627 2.26817 2.26002 2.33751 2.53317 2.55278 2.57177 2.47011 2.41262 2.35256 2.29395 2.31484 2.27497 1.28855 1.17665 1.06915 0.941632 0.870343 0.870343 0.870343 0.870343 0.870343
5.33083 5.33083 5.33083 5.28591 5.17007 5.06400 4.96765 5.67798 5.70383 5.59347 4.61591 3.74799 3.74734 3.91886 4.22355 4.80223 5.08186 5.18965 5.18965 5.18965 5.18965 5.18965 5.18965 5.19877 5.22477 5.25113 5.27750 5.28855 5.28574 4.91691 4.50594 3.05563 2.74310 2.25360 2.22749 2.21939 2.21129 2.20318 2.19504 2.18695 2.17892 2.17082 2.16298 2.16090 2.16090 2.15817 2.07308 1.96757 1.97584 2.05336 2.22881 2.56236 2.57779 2.54186 2.45777 2.37336 2.28898 1.19073 0.870343 0.870343 0.870343 0.870343 0.870343 0.870343 0.870343 0.870343
4.70751 4.64050 4.57833 4.54085 4.54016 4.54016 4.54016 4.94759 5.28222 5.10043 4.65650 4.39600 4.59366 4.62982 4.65506 5.17505 5.17837 5.17556 5.17273 5.17531 5.19713 5.22068 5.24422 5.25865 5.25619 5.25338 5.25057 5.24920 5.24920 5.02318 4.37619 3.37297 2.68389 2.32096 2.16090 2.16090 2.16090 2.16090 2.16090 2.16090 2.16090 2.13690 2.02202 1.89842 1.77476 1.65393 1.61542 1.61542 1.68392 1.79054 2.09902 2.26841 2.29621 2.24780 2.24753 2.24753 2.24753 1.62012 0.870343 0.870343 0.870343 0.870343 0.870343 0.870343 0.870343 0.870343
4.54016 4.54016 4.54016 4.54016 4.48408 4.29261 4.09509 4.05520 4.51358 4.49792 4.43921 4.51158 4.60159 4.60133 4.60133 5.02565 5.17377 5.20013 5.22650 5.24749 5.24920 5.24920 5.24920 5.24920 5.24920 5.24920 5.24920 5.24920 5.24920 5.20634 4.38701 3.84041 2.68418 2.48668 2.16090 2.16090 2.16085 2.09463 1.97091 1.84742 1.72376 1.62415 1.61542 1.61542 1.61542 1.60350 1.56262 1.52044 1.49836 1.50092 1.88110 2.02654 2.24753 2.24753 2.24753 2.24753 2.24753 2.04648 0.860359 0.847986 0.836854 0.826562 0.817037 0.808189 0.799929 0.817006
4.45915 4.26252 4.06507 3.86755 3.72618 3.72020 3.72020 3.72222 4.40314 4.49792 4.49622 4.40616 4.61622 4.63598 4.65576 4.96350 5.24920 5.24920 5.24920 5.24920 5.24920 5.24920 5.24920 5.24920 5.24920 5.24920 5.24920 5.24920 5.24920 5.24920 4.53822 4.18462 2.82598 2.52705 1.92792 1.79630 1.67275 1.61542 1.61542 1.61542 1.61542 1.60604 1.56625 1.52404 1.48185 1.45158 1.44936 1.43621 1.42177 1.40126 1.63070 1.67351 1.89236 1.84834 1.80618 1.76675 1.72964 1.69615 0.923840 0.769447 0.769447 0.769447 0.769447 0.769447 0.769447 0.781917
3.72102 3.72020 3.72020 3.72020 3.72020 3.72020 3.72020 3.72013 4.14643 4.53903 4.56540 4.41327 4.67661 4.67661 4.67661 4.83598 5.24920 5.24920 5.24920 5.24920 5.24920 5.24920 5.24920 5.24920 5.24920 5.24920 5.24920 5.24920 5.21112 5.07524 4.41805 3.90739 2.65144 2.13842 1.74962 1.61542 1.61021 1.58659 1.53130 1.47222 1.41321 1.36356 1.34433 1.32753 1.31063 1.29381 1.27789 1.27419 1.26923 1.24827 1.36309 1.44365 1.63923 1.68757 1.68757 1.68757 1.68757 1.68757 1.21010 0.769447 0.769447 0.769447 0.737018 0.640799 0.542889 0.444699
3.72020 3.72020 3.72020 3.72020 3.69343 3.60009 3.50344 3.40697 3.65787 4.59829 4.59829 4.41515 4.61946 4.67661 4.67661 4.72133 5.24859 5.24920 5.24920 5.24920 5.24920 5.24920 5.24920 5.24920 5.17659 5.03577 4.89476 4.75917 4.66750 4.66926 4.39458 3.94186 3.05030 1.99961 1.70741 1.36713 1.31337 1.27789 1.27419 1.27419 1.27419 1.27419 1.27419 1.27419 1.27419 1.27419 1.27419 1.27419 1.27389 1.24970 1.32040 1.44365 1.56673 1.68757 1.68757 1.68757 1.68757 1.68111 1.41183 0.586989 0.489122 0.391207 0.325685 0.323849 0.315739 0.303038
3.74007 3.62888 3.53230 3.43568 3.36582 3.36263 3.36263 3.36263 3.37459 4.48585 4.59829 4.49276 4.49521 4.67661 4.67661 4.67661 5.14657 5.23498 5.22337 5.20692 5.10404 4.97736 4.85786 4.74485 4.69477 4.69928 4.70209 4.70214 4.70214 4.69921 4.54607 3.90980 3.30006 1.75856 1.62173 1.27553 1.27419 1.27419 1.27419 1.27419 1.27419 1.27419 1.27419 1.27419 1.27419 1.27419 1.27419 1.27419 1.27296 1.25100 1.27573 1.44365 1.49424 1.64672 1.54917 1.45130 1.35339 1.26194 1.23808 0.422937 0.315422 0.302711 0.290006 0.277489 0.272885 0.272885
3.43345 3.36263 3.36263 3.36263 3.36263 3.36263 3.36263 3.35792 3.34738 4.07628 4.56192 4.53053 4.33099 4.62558 4.61766 4.59229 4.83293 4.93488 4.82931 4.72826 4.70214 4.70214 4.70214 4.70214 4.70214 4.70184 4.65686 4.57930 4.50177 4.42722 4.40494 3.80335 3.47885 2.04166 1.65929 1.34322 1.26000 1.25673 1.25346 1.25020 1.24694 1.24364 1.24037 1.23711 1.23385 1.23058 1.22731 1.22404 1.22168 1.20467 1.19130 1.41465 1.41489 1.25862 1.24212 1.24128 1.15067 0.976513 0.764438 0.364541 0.272885 0.272885 0.272885 0.272885 0.272885 0.272885
3.64570 3.32313 3.31256 3.30199 3.29144 3.28090 3.27033 3.26447 3.26446 3.60814 4.50012 4.48257 4.16433 4.34078 4.24858 4.16054 4.36231 4.70173 4.69495 4.68602 4.67708 4.66815 4.62826 4.54219 4.45574 4.36957 4.32810 4.31918 4.31024 4.30131 4.29237 3.87482 3.65552 2.32446 1.61473 1.42562 1.22197 1.22197 1.22197 1.22197 1.22197 1.22197 1.22197 1.22197 1.22038 1.21502 1.20947 1.20393 1.19871 1.19085 1.17156 1.34730 1.34042 1.06722 0.783450 0.525968 0.404617 0.404617 0.404617 0.356983 0.272885 0.272885 0.272885 0.272885 0.272885 0.272885
