High_resolution/powerplant/Fengdu/OMI_NO2_200609.asc
ncols      200
nrows      200
xllcorner       105.978
yllcorner       28.1831
cellsize     0.0166667
NODATA_Value      -999.000
[rows 29 to 57 of 200, columns 132 to 197 of 200]
1.59340 1.46341 1.39829 1.39829 1.39829 1.39829 1.39829 1.39829 1.39891 1.39829 1.39829 1.39829 1.41871 1.39475 1.38986 1.38435 1.38551 1.39340 1.43612 1.48778 1.53579 1.58036 1.60864 1.60933 1.60933 1.60933 1.60933 1.60933 1.60933 1.62546 1.68813 1.93415 2.23386 2.61880 2.63191 2.62466 2.62460 2.62460 2.62460 2.62460 2.62460 2.62460 2.62460 2.62460 2.62460 2.62460 2.62460 2.60898 2.75990 2.76629 2.76629 2.76629 2.15030 1.65977 1.65977 1.59898 1.29619 1.29619 1.29619 1.29619 1.29025 1.21120 1.09384 0.951306 0.784239 0.731248
1.59340 1.52063 1.39829 1.39829 1.39829 1.39829 1.39829 1.39805 1.39188 1.38258 1.37259 1.36177 1.35202 1.35898 1.31249 1.30655 1.37674 1.64133 1.60933 1.60933 1.60933 1.60933 1.60933 1.62514 1.65808 1.69125 1.73641 1.89931 2.07315 2.21436 2.30910 2.23731 2.21983 2.62353 2.62460 2.62460 2.62460 2.62460 2.62460 2.62460 2.62460 2.62460 2.62460 2.62387 2.61583 2.60632 2.59704 2.57100 2.62286 2.64522 2.62827 2.61222 2.32438 1.63491 1.66395 1.69341 1.41013 1.31516 1.25044 1.17303 1.08542 1.10664 1.16089 1.21564 1.26999 1.32474
1.59340 1.58718 1.39028 1.37137 1.36045 1.34863 1.33572 1.32206 1.31771 1.31771 1.31771 1.31771 1.31771 1.34587 1.30655 1.30655 1.30675 1.64552 1.65808 1.69100 1.72393 1.75687 1.79217 1.91480 2.06025 2.18948 2.29721 2.31860 2.31803 2.31674 2.31545 2.29398 2.14239 2.52797 2.56209 2.55403 2.54831 2.54514 2.54210 2.53910 2.53620 2.53335 2.53061 2.52841 2.53129 2.53538 2.53949 2.53408 2.54117 2.59774 2.60457 2.61142 2.55628 2.10738 1.97135 1.80971 1.61322 1.54069 1.50522 1.47345 1.44489 1.41897 1.39547 1.51096 1.58123 1.58123
1.59340 1.59340 1.38152 1.31771 1.31771 1.31771 1.31771 1.31771 1.31771 1.31771 1.31771 1.32793 1.36188 1.43644 1.42953 1.47685 1.53190 1.85334 1.80224 1.87331 2.02159 2.15557 2.27876 2.32306 2.32930 2.33553 2.34174 2.34797 2.35476 2.36229 2.36979 2.37730 2.22828 2.44736 2.55619 2.56033 2.56259 2.56259 2.56259 2.56259 2.56259 2.56259 2.56259 2.56259 2.56259 2.56259 2.56259 2.56138 2.53199 2.49143 2.33726 2.16871 1.98629 1.46683 1.39447 1.37305 1.35589 1.33515 1.27921 1.22713 1.17963 1.13624 1.09632 1.09073 1.54457 1.58123
1.59842 1.62605 1.50492 1.37977 1.39986 1.42770 1.48702 1.55348 1.61778 1.69057 1.77530 1.84466 1.85694 1.79329 1.67644 1.79306 2.09135 2.39701 2.39048 2.39642 2.40401 2.40918 2.40933 2.40933 2.40933 2.40933 2.40933 2.40933 2.40933 2.40933 2.40933 2.40933 2.32172 2.36493 2.56259 2.56259 2.56259 2.56259 2.56259 2.56259 2.56197 2.54614 2.52377 2.50140 2.47874 2.42641 2.34695 2.25824 1.98613 1.78974 1.77623 1.72163 1.64687 1.38603 1.25150 1.21603 1.18332 1.16302 1.16553 1.16890 1.17212 1.17532 1.17847 1.19709 1.49432 1.63276
1.86431 1.84735 1.78271 1.66493 1.71833 1.76324 1.74924 1.73389 1.73281 1.73808 1.75764 1.82534 2.09108 2.31213 2.52564 2.66080 2.66604 2.67204 2.56267 2.43599 2.43838 2.44073 2.44305 2.44535 2.44760 2.44982 2.45200 2.45415 2.42471 2.40933 2.40933 2.40933 2.38620 2.27501 2.52414 2.50900 2.48662 2.46418 2.44181 2.41943 2.39766 2.36415 2.30591 2.24095 2.16405 2.09546 2.05274 2.00999 1.84616 1.52636 1.38861 1.37293 1.37293 1.30827 1.19185 1.19185 1.19185 1.19185 1.19185 1.19185 1.19185 1.19185 1.19185 1.19377 1.39428 1.63405
1.73281 1.73281 1.73281 1.73281 1.74040 2.03016 2.04576 2.06788 2.22547 2.39214 2.53093 2.63439 2.64594 2.64594 2.64594 2.68129 2.68129 2.68129 2.65058 2.46658 2.46658 2.46658 2.46658 2.46658 2.46658 2.46590 2.45366 2.43727 2.38991 2.33484 2.31520 2.29552 2.27589 2.12415 2.33548 2.39105 2.39105 2.36916 2.30431 2.20311 2.08659 2.00149 1.95869 1.91594 1.87735 1.87068 1.87068 1.87068 1.81023 1.53156 1.37293 1.37293 1.37293 1.35049 1.19199 1.19185 1.19185 1.19185 1.19185 1.19185 1.19185 1.19185 1.19185 1.19185 1.28671 1.63405
1.73281 1.73281 1.73281 1.73281 1.73281 2.02401 2.07282 2.45840 2.64594 2.64594 2.64594 2.64594 2.64594 2.64594 2.63806 2.68129 2.68129 2.68129 2.69359 2.46547 2.43070 2.41430 2.39793 2.38154 2.36517 2.34947 2.34536 2.34536 2.32360 2.26386 2.26386 2.26386 2.26527 2.15297 2.16801 2.12452 2.00393 1.90794 1.87346 1.87068 1.87068 1.87068 1.87068 1.87068 1.87068 1.87068 1.87068 1.87068 1.86318 1.60931 1.37306 1.37293 1.37293 1.38811 1.19948 1.19185 1.19185 1.19185 1.19185 1.19185 1.19185 1.19185 1.19185 1.19185 1.22464 1.58333
1.73281 1.73281 1.73281 1.73281 1.73281 1.96413 2.07282 2.28167 2.64594 2.64594 2.64594 2.65268 2.67315 2.69269 2.69692 2.75899 2.77429 2.78868 2.72071 2.41587 2.34536 2.34536 2.34536 2.34536 2.34536 2.34536 2.34656 2.35050 2.34810 2.27384 2.24760 2.21856 2.18815 2.11521 1.87122 1.87068 1.87068 1.87068 1.87068 1.87068 1.87068 1.87068 1.87068 1.87068 1.87068 1.87068 1.87068 1.87068 1.87068 1.69135 1.39931 1.34890 1.33844 1.34338 1.24915 1.21562 1.21928 1.22306 1.21854 1.20632 1.19387 1.18104 1.16791 1.15442 1.15601 1.46969
1.73281 1.73281 1.73281 1.73281 1.77428 1.99844 2.19382 2.25420 2.70946 2.74608 2.76125 2.77125 2.77158 2.77158 2.76020 2.79237 2.79986 2.79986 2.78138 2.47759 2.34659 2.35054 2.35460 2.35863 2.36266 2.36458 2.34449 2.31633 2.28813 2.18017 2.16442 2.16442 2.16442 2.16392 1.92438 1.87132 1.86414 1.86212 1.86004 1.85790 1.85565 1.85067 1.82783 1.80113 1.77307 1.74399 1.71401 1.68271 1.64995 1.46348 1.07506 0.902103 0.875314 0.850093 1.02088 0.986047 0.968489 0.950867 0.942631 0.942631 0.943120 0.944543 0.946086 0.947737 0.949913 1.06602
1.73281 1.73281 1.73281 1.74784 2.23048 2.27239 2.37315 2.37315 2.64771 2.77158 2.77158 2.77158 2.77158 2.77158 2.76211 2.72298 2.70342 2.66248 2.62401 2.42200 2.36750 2.36596 2.34594 2.31655 2.28717 2.25989 2.25474 2.25899 2.26356 2.20629 2.17665 2.18212 2.18758 2.19357 2.01082 1.58935 1.53773 1.51099 1.48420 1.45749 1.43070 1.40701 1.40340 1.40340 1.40340 1.40340 1.40340 1.40340 1.40340 1.32845 0.979524 0.739735 0.737190 0.730137 0.930287 0.947793 0.949557 0.951465 0.953516 0.955729 0.967823 1.04364 1.13053 1.21732 1.30410 1.39502
1.73281 1.73281 1.73281 1.73281 2.13855 2.24877 2.37090 2.37917 2.51911 2.73592 2.69439 2.65550 2.61904 2.58490 2.55938 2.54411 2.57615 2.58071 2.57171 2.44057 2.33215 2.31069 2.30703 2.31275 2.31847 2.32418 2.32863 2.32894 2.32894 2.29291 2.24416 2.24416 2.24416 2.24416 2.16730 1.44679 1.40340 1.40340 1.40340 1.40340 1.40340 1.40340 1.40340 1.40340 1.40111 1.39093 1.38013 1.36932 1.35852 1.34111 1.13676 0.678184 0.660406 0.660287 0.865465 0.977922 1.06815 1.16338 1.26085 1.36058 1.44939 1.45979 1.45657 1.45323 1.44989 1.44646
1.77921 1.78554 1.79188 1.79821 2.06612 2.17125 2.23844 2.23661 2.22425 2.55063 2.56705 2.56739 2.56760 2.56761 2.55905 2.52540 2.56542 2.53600 2.51966 2.45974 2.31592 2.31429 2.31115 2.30797 2.30474 2.30144 2.29811 2.29473 2.29130 2.27519 2.24416 2.24416 2.24416 2.24416 2.24782 1.60307 1.40315 1.39430 1.38349 1.37269 1.36187 1.35106 1.34026 1.32946 1.32094 1.32030 1.32030 1.32015 1.31506 1.30758 1.20345 1.13387 1.28574 1.41583 1.49355 1.42370 1.40003 1.40003 1.40003 1.40003 1.40003 1.40003 1.40003 1.40003 1.40003 1.40003
1.81621 1.81621 1.81621 1.81621 1.94226 2.09055 2.11036 2.13055 2.12464 2.41321 2.53595 2.50468 2.46992 2.43466 2.40885 2.38431 2.47406 2.47660 2.47660 2.46494 2.24602 2.24416 2.24416 2.24416 2.24416 2.24416 2.24416 2.24416 2.24416 2.24265 2.23793 2.23312 2.22830 2.22348 2.21869 1.82223 1.33553 1.32030 1.32030 1.32030 1.32030 1.31965 1.31345 1.30596 1.29847 1.29098 1.28349 1.27615 1.27375 1.27375 1.21216 1.30048 1.49422 1.49422 1.49422 1.44450 1.40003 1.40003 1.40003 1.40003 1.40003 1.40003 1.40003 1.40003 1.40003 1.40003
1.81621 1.81621 1.81621 1.81621 1.82107 2.11980 2.07187 2.07187 2.07187 2.20465 2.40501 2.40195 2.40195 2.40195 2.40195 2.39776 2.43994 2.47660 2.47660 2.47660 2.29498 2.24392 2.24085 2.23605 2.23123 2.22642 2.22159 2.21679 2.21197 2.20867 2.20857 2.20857 2.20857 2.20857 2.20857 2.04206 1.34560 1.30434 1.29685 1.28937 1.28187 1.27503 1.27375 1.27375 1.27375 1.27375 1.27375 1.27375 1.27375 1.27375 1.24765 1.19654 1.49422 1.49422 1.49422 1.46533 1.40003 1.40003 1.40003 1.40003 1.40003 1.40003 1.40003 1.40003 1.40003 1.40003
1.81621 1.81621 1.81621 1.81621 1.81621 2.09035 2.07187 2.07187 2.07187 2.08659 2.38955 2.40195 2.40195 2.40195 2.40131 2.39376 2.40137 2.44951 2.44005 2.43060 2.31408 2.20909 2.20857 2.20857 2.20857 2.20857 2.20857 2.20857 2.20857 2.21329 2.23907 2.26919 2.31325 2.38405 2.46113 2.52297 1.50977 1.27375 1.27375 1.27375 1.27375 1.27375 1.27375 1.27375 1.27375 1.27375 1.27375 1.27375 1.27375 1.27375 1.27181 1.12742 1.47117 1.49422 1.49108 1.46709 1.40016 1.40003 1.40003 1.40003 1.40003 1.40003 1.40003 1.40003 1.41078 1.42892
1.81621 1.81621 1.81621 1.81621 1.81621 2.04168 2.07386 2.07040 2.06007 2.04826 2.27536 2.36415 2.35470 2.34525 2.33644 2.33454 2.33485 2.40919 2.40919 2.40919 2.35794 2.20649 2.20857 2.21345 2.23937 2.26949 2.30185 2.33668 2.38142 2.45072 2.49331 2.53229 2.55809 2.55872 2.55872 2.58180 1.92490 1.27669 1.27198 1.26026 1.24738 1.23505 1.22321 1.21189 1.20091 1.19030 1.18010 1.18043 1.19002 1.19923 1.20818 1.12811 1.27742 1.36977 1.37914 1.42071 1.63075 1.61435 1.63272 1.65094 1.66935 1.68750 1.70594 1.72412 1.73179 1.73179
1.81621 1.81621 1.81621 1.81621 1.81621 1.89915 2.03535 1.98909 1.98761 1.98761 2.12062 2.33454 2.33454 2.33454 2.33454 2.33454 2.31810 2.41167 2.43092 2.45328 2.46987 2.30643 2.37434 2.40768 2.41972 2.46120 2.51144 2.56354 2.60958 2.62556 2.63888 2.65242 2.66519 2.67832 2.69196 2.70049 1.97879 1.24733 1.24272 1.25891 1.27644 1.29392 1.31137 1.32877 1.34616 1.36367 1.38112 1.38950 1.38950 1.38950 1.38950 1.36187 1.42496 1.57507 1.57507 1.57507 1.76209 1.73179 1.73179 1.73179 1.73179 1.73179 1.73179 1.73162 1.72618 1.71715
1.81621 1.81621 1.81621 1.81621 1.81621 1.81632 2.04339 1.98761 1.98761 1.98761 1.99839 2.30470 2.31898 2.32764 2.33639 2.34505 2.34708 2.58657 2.62266 2.63213 2.64263 2.49831 2.59948 2.68632 2.73765 2.74478 2.74272 2.74067 2.73861 2.73656 2.73451 2.73276 2.73256 2.73256 2.73256 2.73256 2.29761 1.53153 1.38950 1.38950 1.38950 1.38950 1.38950 1.38950 1.38950 1.38950 1.38950 1.38916 1.36105 1.31555 1.27009 1.23228 1.35418 1.56731 1.56260 1.55845 1.71567 1.73040 1.72281 1.71311 1.70142 1.68702 1.66889 1.64593 1.63724 1.63724
1.69315 1.65908 1.62493 1.59083 1.56021 1.53079 1.78761 1.86118 1.87452 1.88798 1.90889 2.19561 2.30251 2.30452 2.30653 2.30854 2.31055 2.58915 2.72302 2.76201 2.80023 2.69182 2.65097 2.73256 2.73256 2.73256 2.73256 2.73256 2.73256 2.73256 2.73256 2.62357 2.57384 2.55946 2.54488 2.53116 2.26158 1.73196 1.36057 1.35895 1.34458 1.30468 1.26462 1.22515 1.18623 1.14793 1.11012 1.07316 1.05947 1.06006 1.06067 1.06019 1.24706 1.40569 1.41090 1.39121 1.57947 1.63946 1.63724 1.63724 1.63724 1.63724 1.63724 1.63724 1.63724 1.63724
1.40824 1.38583 1.36575 1.34835 1.33078 1.31431 1.48472 1.94219 1.95875 1.95875 1.95875 2.09922 2.31145 2.32095 2.35141 2.38258 2.41377 2.61929 2.81279 2.81279 2.81279 2.75799 2.60445 2.73256 2.73256 2.73256 2.73256 2.73256 2.73256 2.73256 2.73256 2.46950 2.33652 2.34590 2.35819 2.37049 2.25334 1.69163 1.12456 1.08679 1.06215 1.06148 1.06148 1.06148 1.06140 1.05672 1.04935 1.04200 1.03465 1.02729 1.01994 1.01584 1.14804 1.28775 1.34831 1.34831 1.47723 1.65950 1.63724 1.63724 1.63724 1.63724 1.63724 1.63724 1.63724 1.63724
1.30858 1.30801 1.30801 1.30801 1.30801 1.30801 1.35919 1.87692 1.95875 1.95875 1.95875 1.98182 2.39461 2.42895 2.42970 2.42970 2.42970 2.53414 2.81279 2.81279 2.81279 2.80922 2.58133 2.72949 2.73256 2.73650 2.75212 2.76848 2.78490 2.80128 2.81767 2.64019 2.42375 2.42665 2.42665 2.42665 2.37879 1.80276 1.12159 1.05518 1.04783 1.04047 1.03312 1.02577 1.01849 1.01582 1.01582 1.01582 1.01582 1.01582 1.01582 1.01582 1.09563 1.25409 1.34831 1.34831 1.39378 1.74073 1.63724 1.63724 1.63724 1.63724 1.63724 1.63724 1.63724 1.63724
1.30801 1.30801 1.30801 1.30801 1.30801 1.30801 1.30801 1.76071 1.95875 1.95875 1.95875 1.95875 2.30441 2.42970 2.42970 2.42970 2.42970 2.46236 2.77212 2.69815 2.61761 2.53695 2.55497 2.76901 2.84031 2.85274 2.85352 2.85352 2.85352 2.85352 2.85352 2.75591 2.42150 2.36049 2.28904 2.17995 2.04121 1.56651 1.13410 1.01582 1.01582 1.01582 1.01582 1.01582 1.01582 1.01582 1.01582 1.01582 1.01582 1.01582 1.01582 1.01582 1.04868 1.22593 1.34679 1.34831 1.37041 1.67083 1.63724 1.63724 1.63724 1.63724 1.63724 1.63724 1.63724 1.63724
1.30801 1.30801 1.30801 1.30801 1.30801 1.30801 1.30801 1.59916 1.95841 1.95875 1.95869 1.91495 2.03858 2.26565 2.20121 2.13664 2.07216 2.00853 2.18584 2.23872 2.23872 2.23872 2.41841 2.73625 2.85352 2.85352 2.84559 2.74806 2.63543 2.53371 2.44131 2.31889 1.96334 1.87359 1.80026 1.76539 1.76539 1.56712 1.20633 1.01543 1.01582 1.01582 1.01582 1.01582 1.01723 1.01974 1.02224 1.02473 1.02723 1.02974 1.03225 1.03475 1.03468 1.19815 1.27564 1.26837 1.23345 1.33037 1.63724 1.63724 1.63724 1.63724 1.63724 1.63724 1.63724 1.63724
1.30801 1.30801 1.30801 1.30801 1.35289 1.43221 1.50481 1.53825 1.54197 1.50196 1.42153 1.38468 1.42604 1.95757 1.97044 1.97044 1.97044 1.97044 2.11856 2.23872 2.23903 2.24574 2.33599 2.70326 2.44131 2.35689 2.28419 2.25085 2.16563 2.07397 1.98224 1.92163 1.79557 1.76539 1.76539 1.76539 1.76544 1.68087 1.26634 0.981752 0.944774 0.922221 0.899741 0.877421 0.853424 0.828320 0.803296 0.778272 0.753168 0.728063 0.703040 0.678016 0.657082 0.726791 0.758006 0.746795 0.746795 0.554246 0.00000 0.00000 0.00000 0.00000 0.00000 0.00000 0.00000 0.00000
1.59473 1.62438 1.68146 1.73435 1.75809 1.75809 1.75809 1.72000 1.28409 1.38468 1.38468 1.38468 1.38468 1.82125 1.97057 1.97237 1.97466 1.97722 2.07595 2.28951 2.30346 2.30759 2.31086 2.78858 2.21257 2.09409 2.00294 1.92957 1.92357 1.92408 1.92460 1.92511 1.82985 1.77013 1.77054 1.77095 1.77132 1.71985 1.07693 0.784890 0.654917 0.654917 0.654917 0.654917 0.654917 0.654917 0.654917 0.654917 0.654917 0.654917 0.654917 0.656624 0.667383 0.715611 0.763128 0.746795 0.746795 0.621232 0.278956 0.00000 0.00000 0.00000 0.00000 0.00000 0.00000 0.00000
1.84311 1.75818 1.75910 1.76027 1.76148 1.76274 1.76406 1.76543 1.28889 1.35608 1.35867 1.36193 1.36564 1.77507 2.32787 2.38873 2.43893 2.48886 2.52977 2.31344 2.22840 2.10683 1.98480 2.23711 2.05296 1.92772 1.92772 1.92772 1.92772 1.92772 1.92772 1.92772 1.86658 1.78102 1.78553 1.79006 1.79466 1.79462 1.22388 0.878220 0.621694 0.617746 0.613853 0.610218 0.614581 0.622717 0.631460 0.641046 0.651291 0.662613 0.674881 0.685701 0.682873 0.677948 0.669577 0.595727 0.584406 0.560577 0.427302 0.00000 0.00000 0.00000 0.00000 0.00000 0.00000 0.00000
1.97320 2.08556 2.13754 2.19992 2.32013 2.46252 2.62516 2.81345 2.40467 1.89663 1.89661 1.89661 1.89661 1.97280 2.69017 2.70223 2.63855 2.51629 2.39408 1.94386 1.85307 1.85307 1.85307 2.07614 2.17746 1.92772 1.92772 1.92772 1.92772 1.92772 1.92772 1.92772 1.92772 1.92772 1.92772 1.92772 1.92344 1.91096 1.41070 1.00920 0.619099 0.602580 0.618878 0.636001 0.641187 0.641187 0.641187 0.641187 0.637056 0.625941 0.613396 0.599201 0.583007 0.564360 0.548224 0.547170 0.547170 0.547170 0.486366 0.00000 0.00000 0.00000 0.00000 0.00000 0.00000 0.00000
2.15312 2.83316 2.97883 3.11648 3.13037 3.13037 3.13037 3.13037 2.79972 1.89661 1.89661 1.89661 1.89661 1.89661 2.31524 2.29630 2.23772 2.23772 2.23772 1.99393 1.85307 1.85307 1.85307 1.93555 2.32370 1.92783 1.92772 1.92772 1.92744 1.91900 1.90604 1.89214 1.87713 1.86093 1.84337 1.82424 1.81104 1.81077 1.49011 1.13205 0.850723 0.641150 0.634971 0.623547 0.610696 0.596140 0.579497 0.560294 0.547283 0.547170 0.547170 0.547170 0.547170 0.547170 0.547170 0.547170 0.547170 0.547170 0.506632 0.00000 0.00000 0.00000 0.00000 0.00000 0.00000 0.00000
