High_resolution/powerplant/Fengdu/OMI_NO2_200808.asc
ncols      200
nrows      200
xllcorner       105.978
yllcorner       28.1831
cellsize     0.0166667
NODATA_Value      -999.000
[rows 58 to 86 of 200, columns 66 to 131 of 200]
0.00000 0.00000 0.00000 0.00000 0.00000 1.38549 1.38549 1.38549 1.38549 1.38549 1.38549 1.38549 1.38549 1.38549 1.38549 1.38549 1.38549 1.38549 1.38549 1.38549 1.28794 0.469431 0.468514 0.468514 0.468514 0.468514 0.468514 0.468514 0.468514 0.468514 0.468514 0.468514 0.468514 0.468514 0.468514 0.469744 0.718721 0.741696 0.741696 0.741696 0.741696 0.741696 0.741696 0.741696 0.741696 0.744973 0.772639 0.805258 0.837901 0.870520 0.903139 1.48511 1.88656 1.93254 1.84535 1.84523 1.84523 1.84523 1.84523 1.84523 1.84885 1.86295 1.90781 1.96565 2.02382 2.00892
0.00000 0.00000 0.00000 0.00000 0.00000 1.38549 1.38549 1.38549 1.38549 1.38549 1.38549 1.38549 1.38549 1.38549 1.38549 1.38549 1.38549 1.38549 1.38549 1.38549 1.38549 0.608142 0.468514 0.468514 0.468514 0.468514 0.468514 0.468514 0.468514 0.468514 0.468514 0.468514 0.468514 0.468514 0.468514 0.468514 0.650016 0.741871 0.761657 0.794276 0.826920 0.859539 0.892158 0.924827 0.957520 0.986887 0.991840 0.991840 0.991840 0.991840 0.991840 1.35981 1.95187 1.95187 1.85342 1.84523 1.84523 1.84523 1.84523 1.84523 1.84524 2.05516 2.09246 2.09246 2.09246 2.04083
0.00000 0.00000 0.00000 0.00000 0.00000 0.00000 1.38549 1.38549 1.38549 1.38549 1.38549 1.38549 1.38549 1.38549 1.38549 1.38549 1.38549 1.38549 1.38549 1.38549 1.38549 0.844255 0.468514 0.468514 0.468514 0.468514 0.468514 0.468514 0.468514 0.468514 0.468514 0.468514 0.468514 0.468514 0.468514 0.468514 0.847270 0.978983 0.991840 0.991840 0.991840 0.991840 0.991840 0.991840 0.991840 0.991840 0.991840 0.991840 0.991840 0.991840 0.991840 1.11622 1.95187 1.95187 1.86892 1.84523 1.84523 1.84523 1.84523 1.84523 1.84523 2.00369 2.09246 2.09246 2.09246 2.06588
0.00000 0.00000 0.00000 0.00000 0.00000 0.00000 1.38549 1.38549 1.38549 1.38549 1.38549 1.38549 1.38549 1.38549 1.38549 1.38549 1.38549 1.38549 1.38549 1.38549 1.38549 1.08051 0.468514 0.468514 0.468514 0.468514 0.468514 0.468514 0.468514 0.468514 0.468514 0.00000 0.00000 0.00000 0.00000 0.00000 0.991840 0.991840 0.991840 0.991840 0.991840 0.991840 0.991840 0.991840 0.991840 0.991840 0.991840 0.991840 0.991840 0.991840 0.991840 0.991840 1.83294 1.95187 1.88928 1.84523 1.84523 1.84523 1.84523 1.84523 1.84523 1.92023 2.09246 2.09246 2.09246 2.08991
0.00000 0.00000 0.00000 0.00000 0.00000 0.00000 1.38549 1.38549 1.38549 1.38549 1.38549 1.38549 1.38549 1.38549 1.38549 1.38529 1.30690 1.16612 1.02553 0.884743 0.744157 0.586999 0.463031 0.468514 0.00000 0.00000 0.00000 0.00000 0.00000 0.00000 0.00000 0.00000 0.00000 0.00000 0.00000 0.00000 0.991840 0.991840 0.991840 0.991840 0.991840 0.991840 0.991840 0.991840 0.991840 0.991840 0.991840 0.991840 0.991840 0.991840 0.991840 0.991840 1.58982 1.95187 1.91714 1.84523 1.84523 1.84523 1.84523 1.84523 1.84523 1.84762 2.06806 2.07422 2.06300 2.05178
0.00000 0.00000 0.00000 0.00000 0.00000 0.00000 1.38549 1.38549 1.38359 1.29170 1.15112 1.01033 0.869645 0.728959 0.588273 0.447787 0.385593 0.385593 0.385593 0.385593 0.385593 0.385593 0.385593 0.00000 0.00000 0.00000 0.00000 0.00000 0.00000 0.00000 0.00000 0.00000 0.00000 0.00000 0.00000 0.00000 0.00000 0.991840 0.991840 0.991840 0.991840 0.991840 0.991840 0.991840 0.991840 0.991840 0.991840 0.991840 0.991840 0.991840 0.991840 0.991840 1.34619 1.95187 1.94851 1.65971 1.63171 1.61494 1.59808 1.58135 1.56446 1.54788 1.77909 1.88998 1.88996 1.88833
0.00000 3.39196 3.39196 3.39196 3.39196 3.39196 3.39196 1.43284 0.434488 0.385593 0.385593 0.385593 0.385593 0.385593 0.385593 0.385593 0.385593 0.385593 0.385593 0.385593 0.385593 0.385593 0.385593 0.00000 0.00000 0.00000 0.00000 0.00000 0.00000 0.00000 0.00000 0.00000 0.00000 0.00000 0.00000 0.00000 0.00000 0.991840 0.996808 0.991840 0.991840 0.991840 0.991840 0.991840 0.991840 0.991840 0.991840 0.991840 0.991840 0.991840 0.991840 0.991840 1.10338 1.95168 1.95187 1.59903 1.54135 1.52522 1.49560 1.46149 1.42178 1.37486 1.53768 1.86640 1.86122 1.85903
3.39196 3.39196 3.39196 3.39196 3.39196 3.39196 3.39196 2.20492 0.385593 0.385593 0.385593 0.385593 0.385593 0.385593 0.385593 0.385593 0.385593 0.385593 0.385593 0.385593 0.385593 0.385593 0.385593 0.00000 0.00000 0.00000 0.00000 0.00000 0.00000 0.00000 0.00000 0.00000 0.00000 0.00000 1.97093 1.97093 1.97093 1.83020 1.36618 0.991840 0.991840 0.991840 0.991840 0.991840 0.991840 0.991840 0.991840 0.991840 0.991840 1.01953 1.20639 1.39552 1.53989 1.87477 1.95187 1.33243 1.16984 1.13112 1.13112 1.13112 1.13112 1.13112 1.15855 1.83349 1.83892 1.71194
3.39196 3.39196 3.39196 3.39196 3.39196 3.39196 3.39196 2.99193 0.385593 0.385593 0.385593 0.385593 0.385593 0.385593 0.385593 0.385593 0.385593 0.385593 0.385593 0.385593 0.385593 0.385593 0.385593 0.385593 0.00000 0.00000 0.00000 0.00000 0.00000 0.00000 1.97093 1.97093 1.97093 1.97093 1.97093 1.97093 1.97093 1.97083 1.49547 1.01057 0.991840 0.991840 0.991840 0.991840 1.06023 1.34926 1.60681 1.82428 2.00974 2.10374 2.10408 2.10408 2.10408 2.10408 0.00000 1.13112 1.13112 1.13112 1.13112 1.13112 1.17217 1.42815 1.63147 1.54662 1.30290 1.28782
3.39196 3.39196 3.39196 3.39196 3.39196 3.39196 3.39196 3.39196 0.772736 0.385593 0.385593 0.385593 0.385593 0.385593 0.385593 0.385593 0.385593 0.385593 0.385593 0.385593 0.385593 0.385593 0.385593 0.385593 0.00000 0.00000 1.97093 1.97093 1.97093 1.97093 1.97093 1.97093 1.97093 1.97093 1.97093 1.97093 1.97093 1.97093 1.77342 1.56338 1.74184 2.07683 2.10408 2.10408 2.10408 2.10408 2.10408 2.10408 2.10408 2.10408 2.10408 2.10408 2.10408 2.10408 0.00000 1.13112 1.15693 1.40335 1.61467 1.76335 1.86316 1.87679 1.87679 1.69148 1.28782 1.28782
3.39196 3.39196 3.39196 3.39196 3.39196 3.39196 3.39196 3.39196 1.55934 0.385593 0.385593 0.385593 0.385593 0.385593 0.385593 0.385593 0.385593 0.385593 0.385593 0.385593 0.385593 0.385593 0.385593 0.679931 1.97093 1.97093 1.97093 1.97093 1.97093 1.97093 1.97093 1.97093 1.97093 1.97093 1.98450 2.01559 2.03796 2.02452 2.03240 2.05415 2.10408 2.10408 2.10408 2.10408 2.10408 2.10408 2.10408 2.10408 2.10408 2.10408 2.10408 2.10408 2.10901 2.21314 2.62246 2.62246 1.90695 1.87679 1.87679 1.87679 1.87679 1.87679 1.87679 1.85447 1.31233 1.28782
3.39196 3.39196 3.39196 3.39196 3.39196 3.39196 3.39196 3.39196 2.34645 0.385593 0.385593 0.385593 0.385593 0.385593 0.385593 0.385593 0.385593 0.385593 0.385593 0.485154 0.819386 1.10377 1.33862 1.61159 1.97093 1.97093 1.97093 1.97093 1.97093 1.98420 2.01532 2.03840 2.05594 2.06982 2.07737 2.07753 2.07753 2.04640 2.03750 2.04065 2.10274 2.10408 2.10408 2.10408 2.10408 2.10408 2.10408 2.10408 2.10610 2.18046 2.25976 2.31487 2.35419 2.36626 2.59698 2.62246 2.03174 1.87679 1.87679 1.87679 1.87679 1.87679 1.87679 1.87679 1.47747 1.28782
3.39196 3.39196 3.39196 3.39196 3.39196 3.39196 3.39196 3.39196 3.12172 0.397017 0.385593 0.385593 0.385593 0.385593 0.385593 0.474519 1.00844 1.44014 1.75567 1.95505 1.97093 1.97093 1.97093 1.97093 1.98371 2.01506 2.03820 2.05577 2.06959 2.07735 2.07753 2.07753 2.07753 2.07753 2.07753 2.07753 2.07753 2.05795 2.03750 2.03750 2.07807 2.10408 2.10408 2.10408 2.10450 2.17068 2.25322 2.31022 2.35141 2.36327 2.36327 2.36327 2.36327 2.36327 2.49808 2.62246 2.20799 1.95955 1.97013 1.98080 1.99143 2.00215 2.01266 2.02343 1.82230 1.45571
3.39196 3.39196 3.39196 3.39196 3.39196 3.31397 2.98658 2.63951 2.29340 0.813757 0.385593 0.385593 0.385593 0.00000 1.97093 1.97093 1.97093 1.97093 1.97093 1.97093 1.99264 2.03800 2.05562 2.06945 2.07731 2.07753 2.07753 2.07753 2.07753 2.07753 2.07753 2.07753 2.07753 2.07753 2.07753 2.07753 2.07753 2.06950 2.03750 2.03750 2.05596 2.16061 2.24642 2.30539 2.34826 2.36327 2.36327 2.36327 2.36327 2.36327 2.36327 2.36327 2.36327 2.36327 2.42769 2.62246 2.42530 2.06897 2.06897 2.06897 2.06897 2.06897 2.06897 2.06897 2.03181 1.49279
2.69546 2.34887 2.00180 1.65593 1.30862 1.04026 1.02130 1.02130 1.02130 1.02130 0.00000 0.00000 0.00000 0.00000 1.97093 1.97093 1.97093 1.97093 1.97093 1.97093 2.00064 2.07753 2.07753 2.07753 2.07753 2.07753 2.07753 2.07753 2.07753 2.07753 2.07753 2.07753 2.07753 2.07753 2.07753 2.07753 2.07753 2.10417 2.15466 2.23966 2.32884 2.36330 2.36327 2.36327 2.36327 2.36327 2.36327 2.36327 2.36327 2.36327 2.36327 2.36327 2.35738 2.31128 2.27211 2.62064 2.59441 2.07706 2.06897 2.06897 2.06897 2.06897 2.06897 2.06897 2.06897 1.64327
1.02130 1.02130 1.02130 1.02130 1.02130 1.02130 1.02130 1.02130 1.02130 1.02130 0.00000 0.00000 0.00000 0.00000 0.00000 1.97093 1.97093 1.97093 1.97093 1.97093 1.97101 2.07006 2.07753 2.07753 2.07753 2.07753 2.07753 2.07753 2.07753 2.07753 2.07753 2.07753 2.07753 2.09207 2.17265 2.26141 2.35010 2.41197 2.38915 2.37409 2.37409 2.36543 2.36327 2.36327 2.36327 2.36327 2.36327 2.35301 2.30329 2.24952 2.19584 2.14211 2.09429 2.08671 2.08671 2.46420 2.62246 2.13826 2.06897 2.06897 2.06897 2.06897 2.06897 2.02661 1.85765 1.61188
1.02110 1.01185 1.02130 1.02130 1.02130 1.02130 1.02130 1.02130 1.02130 1.02130 1.02130 0.00000 0.00000 0.00000 0.00000 1.97093 1.97093 1.97093 1.97093 1.97093 1.97093 2.04893 2.07753 2.07753 2.07753 2.07753 2.07753 2.07753 2.07753 2.08349 2.15441 2.24307 2.33186 2.40601 2.41412 2.41412 2.41412 2.41412 2.40068 2.37409 2.37409 2.36897 2.34751 2.29527 2.24156 2.18782 2.13411 2.09064 2.08671 2.08671 2.08671 2.08671 2.08671 2.08671 2.08671 2.28557 2.62246 2.22604 2.06897 2.03824 1.87565 1.69810 1.52049 1.38524 1.37680 1.38373
0.934292 0.940830 1.02130 1.02130 1.02130 1.02130 1.02130 1.02130 1.02130 1.02130 1.02130 0.00000 0.00000 0.00000 0.00000 1.97093 1.97093 1.97093 1.97093 1.97093 1.97093 2.01814 2.07753 2.07753 2.07753 2.07868 2.13606 2.22486 2.31355 2.39631 2.41412 2.41412 2.41412 2.41412 2.41412 2.41412 2.41412 2.42013 2.43377 2.25082 2.19065 2.13524 2.08818 2.08671 2.08671 2.08671 2.08671 2.08671 2.08671 2.08671 2.08671 2.08671 2.08671 2.08671 2.08671 2.14119 2.27222 1.81529 1.53870 1.39175 1.37680 1.37680 1.37680 1.37680 1.37680 1.37680
0.930199 0.930491 1.00595 1.02130 1.02130 1.02130 1.02130 1.02130 1.02130 1.02130 1.02130 0.00000 0.00000 0.00000 0.00000 0.00000 1.97093 1.97093 1.97093 1.97093 1.97093 1.97768 2.11655 2.20658 2.29527 2.38285 2.41412 2.41412 2.41412 2.41412 2.41412 2.41412 2.41985 2.43606 2.45261 2.46910 2.48558 2.49613 2.49631 2.19346 2.09753 2.09753 2.08850 2.08671 2.08671 2.08671 2.08671 2.08671 2.08671 2.08671 2.08671 2.07356 1.92959 1.75204 1.57450 1.41640 1.25340 1.26754 1.37680 1.37680 1.37680 1.37680 1.37680 1.37680 1.37680 1.37680
0.930199 0.930199 0.971157 1.02130 1.02130 1.02130 1.02130 1.02130 1.02130 1.02130 1.02130 0.00000 0.00000 0.00000 0.00000 0.00000 1.97093 1.97093 2.02061 2.19240 2.36978 2.54730 2.45467 2.41412 2.41412 2.41412 2.41412 2.41955 2.43573 2.45222 2.46877 2.48521 2.49608 2.49631 2.49631 2.49631 2.49631 2.49631 2.49631 2.30821 2.09753 2.09753 2.09203 2.08671 2.08671 2.08671 2.08671 2.07958 1.94779 1.77018 1.59257 1.42824 1.39453 1.39453 1.39453 1.39453 1.31292 1.23816 1.37087 1.37904 1.37962 1.38021 1.38079 1.38138 1.38196 1.38254
0.930199 0.930199 0.947953 1.02130 1.02130 1.02130 1.02130 1.02130 1.02130 1.02130 1.02130 1.02130 0.00000 0.00000 0.00000 0.00000 2.23957 2.51065 2.69111 2.86981 2.84006 2.64410 2.51875 2.43541 2.45184 2.46844 2.48488 2.49599 2.49631 2.49631 2.49631 2.49631 2.49631 2.49631 2.49631 2.49631 2.49631 2.49631 2.49631 2.42304 2.09753 2.09753 2.09548 2.08387 1.96579 1.78831 1.61077 1.44022 1.39453 1.39453 1.39453 1.39453 1.39453 1.39453 1.39453 1.39453 1.35533 1.23811 1.35895 1.38733 1.38733 1.38733 1.38733 1.38733 1.38733 1.38733
0.930199 0.930112 0.928115 1.01600 1.02130 1.02130 1.02130 1.02130 1.02130 0.00000 0.00000 0.00000 0.00000 3.79598 3.79598 3.79598 3.79598 3.21019 3.16442 3.12866 3.01409 2.67436 2.65563 2.49656 2.49631 2.49631 2.49631 2.49631 2.49631 2.49631 2.49631 2.49631 2.49631 2.49631 2.49631 2.49631 2.49631 2.49631 2.49631 2.49519 2.14371 2.10810 2.11521 1.55194 1.39453 1.39453 1.39453 1.39453 1.39453 1.39453 1.39453 1.39369 1.38808 1.38261 1.38124 1.40122 1.45282 1.23945 1.33243 1.38733 1.38733 1.38733 1.38733 1.38733 1.38733 1.38733
0.868804 0.847956 0.839098 0.839098 0.00000 0.00000 0.00000 0.00000 3.79598 3.79598 3.79598 3.79598 3.76809 3.61403 3.48397 3.38462 3.30782 3.13401 3.05001 3.05001 3.04260 2.70111 2.67702 2.52767 2.49631 2.49631 2.49631 2.49631 2.49631 2.49631 2.49631 2.49631 2.49631 2.49631 2.49631 2.49631 2.49852 2.50546 2.51254 2.51963 2.28079 2.12443 2.12443 1.72737 1.39453 1.39453 1.39314 1.38724 1.38190 1.37736 1.38187 1.42129 1.46708 1.51367 1.56247 1.73382 1.75423 1.38719 1.29662 1.38733 1.38733 1.38733 1.38733 1.38733 1.38733 1.38733
0.839098 0.839098 0.839098 0.859145 3.79598 3.79598 3.79598 3.78388 3.63800 3.50284 3.39896 3.31905 3.26160 3.25296 3.25296 3.25296 3.25296 3.20441 3.05001 3.05001 3.05001 2.82534 2.67702 2.58002 2.49631 2.49631 2.49631 2.49631 2.49631 2.49631 2.49631 2.49631 2.49752 2.50401 2.51109 2.51818 2.52305 2.52320 2.52320 2.52320 2.39559 2.10174 2.03598 1.84526 1.37677 1.38585 1.42748 1.47368 1.52029 1.56698 1.60573 1.60981 1.60981 1.60981 1.60981 1.69702 1.75423 1.55959 1.25000 1.38613 1.38733 1.38733 1.38684 1.38535 1.38383 1.38231
1.11239 1.31134 1.51047 2.00770 3.79598 3.79413 3.34609 3.26757 3.25296 3.25296 3.25296 3.25296 3.25296 3.25296 3.25296 3.25296 3.25296 3.25290 3.07176 3.05001 3.05001 2.93418 2.67702 2.63237 2.49631 2.49631 2.49631 2.49631 2.49682 2.50255 2.50965 2.51672 2.52260 2.52320 2.52320 2.52320 2.53306 2.55825 2.54085 2.22348 2.10803 1.91540 1.96691 2.01049 1.62360 1.60801 1.60981 1.60981 1.60981 1.60981 1.60981 1.60981 1.60981 1.60981 1.60981 1.65559 1.75423 1.67581 1.23735 1.36940 1.38397 1.38245 1.38141 1.38138 1.38138 1.38138
1.76963 1.76963 1.76963 1.76963 3.50661 3.79598 3.35067 3.25296 3.25296 3.25296 3.25296 3.25296 3.25296 3.25296 3.25296 3.25296 3.25296 3.25296 3.12702 3.05001 3.05001 3.02054 2.67809 2.67376 2.50739 2.50111 2.50819 2.51528 2.52184 2.52320 2.52320 2.53254 2.55763 2.57915 2.59734 2.57460 2.47951 2.37307 2.26509 1.71410 1.58998 1.96642 2.09641 2.09641 1.81264 1.60981 1.60981 1.60981 1.60981 1.60981 1.60981 1.60981 1.60981 1.60981 1.60962 1.62132 1.75091 1.74256 1.27226 1.34127 1.38138 1.38138 1.38138 1.38138 1.38138 1.38138
1.76963 1.76963 1.76963 1.76963 2.91370 3.79598 3.48507 3.25296 3.25296 3.25296 3.25296 3.25296 3.25296 3.25296 3.25296 3.25296 3.25296 3.25296 3.19869 3.05001 3.05001 3.05224 2.77852 2.69454 2.58086 2.52320 2.53198 2.55709 2.57863 2.59697 2.57465 2.48049 2.37414 2.26736 2.16057 2.09009 2.08849 2.08849 2.08849 1.78586 1.58853 1.82001 2.09641 2.09641 1.96848 1.60981 1.60981 1.60981 1.60981 1.60981 1.60967 1.60877 1.60776 1.60675 1.60592 1.60585 1.71664 1.74829 1.46933 1.31018 1.38138 1.38101 1.37760 1.37363 1.36960 1.36566
1.76963 1.76963 1.76963 1.76963 2.32120 3.79598 3.68835 3.25370 3.25296 3.25296 3.25296 3.25296 3.22518 3.25296 3.25296 3.25296 3.25296 3.26826 3.31703 3.09979 3.06544 3.04246 2.84082 2.72551 2.68124 2.57508 2.48143 2.37521 2.26842 2.16164 2.09031 2.08849 2.08849 2.08849 2.08849 2.08849 2.08849 2.08849 2.08849 1.92970 1.58853 1.67358 2.09641 2.09641 2.08838 1.64573 1.60972 1.60887 1.60785 1.60684 1.60596 1.60585 1.60585 1.60585 1.60585 1.60585 1.67056 1.74829 1.61251 1.25114 1.31356 1.30994 1.30932 1.30932 1.30932 1.30932
1.76963 1.76963 1.76963 1.76963 1.82454 3.63595 3.53756 3.12827 3.03837 2.98830 2.94341 2.90310 2.88299 3.21684 3.30300 3.34670 3.36571 3.29916 3.20149 2.91835 2.65059 2.50952 2.47089 2.51679 2.41873 2.09206 2.08849 2.08849 2.08849 2.08849 2.08849 2.08849 2.08849 2.08849 2.08849 2.08849 2.08849 2.08849 2.08849 2.06232 1.59992 1.58899 2.03300 2.05969 2.01159 1.74089 1.60601 1.60585 1.60585 1.60585 1.60585 1.60585 1.60585 1.60585 1.60780 1.62475 1.67183 1.74829 1.70700 1.22690 1.30625 1.30932 1.30932 1.30932 1.30932 1.30932
