High_resolution/powerplant/Fengdu/OMI_NO2_2007_06-08.asc
ncols      200
nrows      200
xllcorner       105.978
yllcorner       28.1831
cellsize     0.0166667
NODATA_Value      -999.000
[rows 116 to 144 of 200, columns 132 to 197 of 200]
2.73637 2.79367 2.84949 2.88786 2.91921 2.54055 2.52647 2.52826 2.41994 2.33410 2.28281 2.49354 3.17984 3.17984 0.00000 0.00000 0.00000 0.00000 1.10921 1.10921 1.10921 1.10921 1.11480 1.59258 1.75607 1.69830 1.75798 1.75978 1.75784 1.76583 1.77076 1.77381 1.77610 1.78662 1.80340 1.83165 2.28909 2.50724 2.43024 2.41520 2.41520 2.41520 2.17833 1.91274 1.91274 1.91274 1.69063 1.65661 1.48401 1.27943 1.20315 1.19570 1.02600 1.01698 1.01698 1.08344 1.10640 1.07488 1.06950 1.14469 1.14728 1.13012 1.13334 1.13661 1.13981 1.14309
2.73088 2.73088 2.77274 2.83852 2.88786 2.64993 2.50991 2.49240 2.36309 2.27038 2.27391 2.41364 3.04680 3.01040 0.00000 0.00000 1.18466 1.28058 1.36468 1.43925 1.50570 1.56541 1.61663 1.74858 1.80350 1.65253 1.64857 1.65713 1.66823 1.67921 1.69298 1.70797 1.73285 1.76206 1.91141 1.92990 2.15637 2.41520 2.41520 2.41520 2.41520 2.41520 2.23394 1.88433 1.85735 1.81976 1.59367 1.58405 1.45724 1.29949 1.24868 1.25081 1.12479 1.07261 1.07478 1.12098 1.16795 1.15132 1.10109 1.20551 1.21139 1.20700 1.20700 1.20700 1.20700 1.20700
2.51417 2.47995 2.48025 2.53656 2.56217 2.43525 2.30657 2.31530 2.34805 2.03885 2.17846 2.27105 0.00000 0.00000 0.00000 0.00000 1.60387 1.60074 1.59770 1.59454 1.58193 1.56609 1.55244 1.70440 1.79710 1.73847 1.70414 1.70402 1.71260 1.75854 1.78453 1.81245 1.82834 1.82834 1.93589 1.93589 2.11514 2.37315 2.26787 2.02949 1.79091 1.55264 1.42265 1.69165 1.53621 1.52971 1.40629 1.40276 1.31310 1.19724 1.19724 1.19724 1.13789 1.06033 1.06033 1.08465 1.16061 1.15810 1.08393 1.15751 1.20700 1.20700 1.20793 1.22285 1.24257 1.26230
2.38474 2.38474 2.41520 2.34882 2.37228 2.31450 2.16477 2.15181 2.16780 1.98548 2.12749 2.24503 0.00000 0.00000 0.00000 0.00000 1.55778 1.54706 1.53739 1.51505 1.48899 1.46560 1.44213 1.65088 1.83013 1.84387 1.78486 1.80060 1.82298 1.87603 1.87614 1.87614 1.87614 1.86985 1.82273 1.63203 1.45193 1.39339 1.42238 1.42238 1.42238 1.42238 1.42238 1.56053 1.56375 1.52971 1.52971 1.52953 1.39086 1.26161 1.26161 1.26161 1.23163 1.07907 1.07907 1.08434 1.18390 1.20073 1.16003 1.19919 1.31500 1.33474 1.35301 1.35421 1.33782 1.31825
2.28510 2.25993 2.29898 2.32134 2.39282 2.51810 2.30490 2.28154 2.29117 2.22221 2.66932 2.62909 0.00000 0.00000 0.00000 0.00000 1.46283 1.42631 1.40295 1.39306 1.39339 1.43236 1.50387 1.76129 1.93632 1.97900 1.84894 1.81793 1.81793 1.85074 1.72602 1.54297 1.40664 1.27581 1.21426 1.21426 1.17748 1.25522 1.42008 1.42008 1.42008 1.37310 1.39579 1.44598 1.50107 1.40629 1.40629 1.40671 1.32214 1.27418 1.28174 1.28982 1.29500 1.13847 1.13997 1.15869 1.29147 1.34159 1.32316 1.21312 1.28690 1.26274 1.23684 1.21331 1.21044 1.21044
2.29817 2.29817 2.35491 2.38821 2.42884 2.47009 2.28763 2.22056 2.16737 2.09223 1.91938 1.92517 1.57100 1.55495 1.48282 1.48282 1.43378 1.41407 1.48202 1.55973 1.64711 1.68592 1.68592 1.90053 1.97206 1.96418 1.74789 1.51538 1.33645 1.19977 1.19127 1.23264 1.23264 1.23264 1.19127 1.19127 1.19127 1.20559 1.41611 1.41950 1.42063 1.38743 1.39141 1.43878 1.60119 1.43747 1.44570 1.45575 1.35233 1.27917 1.27276 1.26437 1.25832 1.19939 1.16006 1.15123 1.32788 1.44435 1.40021 1.21044 1.21044 1.21044 1.21044 1.21044 1.21044 1.21044
2.19076 2.12239 2.06041 1.94644 1.75474 1.61919 1.63799 1.70859 1.86619 1.87493 1.62254 1.62456 1.57334 1.58255 1.56344 1.63667 1.70221 1.68409 1.68592 1.68592 1.68592 1.68592 1.68592 1.64853 1.45209 1.33651 1.23615 1.14762 1.14762 1.16020 1.19127 1.23264 1.23284 1.23893 1.20211 1.20967 1.21904 1.22974 1.41947 1.46865 1.47515 1.46177 1.45941 1.55059 1.78007 1.56378 1.51740 1.52278 1.41345 1.38770 1.37901 1.37102 1.37063 1.32316 1.23771 1.23771 1.32980 1.44516 1.43360 1.21119 1.21044 1.21044 1.20302 1.17785 1.15381 1.13162
1.79035 1.76164 1.70099 1.65179 1.58995 1.54031 1.55318 1.70055 1.86619 1.87273 1.70655 1.69036 1.76390 1.89818 1.83733 1.79813 1.79680 1.69493 1.68592 1.68592 1.68592 1.68592 1.68592 1.49860 1.31018 1.31780 1.31609 1.18307 1.19119 1.20293 1.26639 1.35824 1.38100 1.39828 1.31434 1.32002 1.37982 1.50293 1.58428 1.50761 1.50667 1.49233 1.41529 1.59548 1.73104 1.91186 0.916388 0.916388 1.30461 1.27820 1.27820 1.27820 1.27820 1.26840 1.17229 1.17186 1.18655 1.42308 1.42838 1.11177 1.07919 1.06221 1.05051 1.04998 1.04998 1.04946
1.57175 1.62172 1.61807 1.61244 1.54124 1.54031 1.54031 1.74187 1.94500 1.94801 1.93438 1.93438 1.94903 2.08140 2.00732 1.94326 1.90988 1.86500 1.86686 1.85764 1.82962 1.79887 1.76557 1.43383 1.28632 1.30280 1.27139 1.30747 1.34911 1.35401 1.48428 1.62083 1.65069 1.71063 1.79322 1.87462 1.90981 1.89581 1.79552 1.48728 1.48644 1.47745 1.35336 1.25994 0.731797 0.910961 0.733110 0.733110 1.21658 1.23482 1.22893 1.22541 1.22193 1.21840 1.20906 1.18204 1.17915 1.37172 1.41870 1.18977 1.15289 1.15178 1.15070 1.14959 1.14851 1.19436
1.52951 1.59697 1.59118 1.58098 1.50343 1.49746 1.49914 1.62896 1.87907 1.87707 1.80218 1.79159 1.84973 2.00238 1.94802 1.82903 1.77092 1.72627 1.65311 1.62115 1.62006 1.61970 1.61930 1.39465 1.24309 1.32666 1.37749 1.46380 1.60011 1.66396 1.76244 1.76288 1.78682 1.76521 1.86346 1.86346 1.86346 1.86346 1.85718 1.51306 1.48770 1.51296 1.44719 1.26062 0.589176 0.610925 0.458194 0.458194 0.458194 1.10480 1.10480 1.10480 1.10480 1.10480 1.21370 1.15388 1.15388 1.26073 1.36706 1.22589 1.14779 1.14779 1.14779 1.14779 1.14779 1.19436
1.54370 1.60985 1.61600 1.60004 1.53321 1.51794 1.50160 1.55840 1.86343 1.85254 1.80819 1.81193 1.81933 1.91138 1.90789 1.76676 1.71028 1.73058 1.61761 1.60407 1.58538 1.56583 1.67523 1.71623 1.82580 1.76871 1.77410 1.75710 1.83592 1.83592 1.83987 1.80243 1.86346 1.86346 1.96517 1.96517 1.97434 2.05993 2.18977 1.89387 1.71194 1.74130 1.65060 1.35582 0.610925 0.610925 0.458194 0.458194 0.458194 1.10480 1.10480 1.10480 1.10480 1.10480 1.24947 1.15388 1.15388 1.15939 1.36297 1.24796 1.09836 1.07232 1.04626 1.02021 0.994170 1.03465
1.50708 1.53991 1.55014 1.48338 1.42013 1.37844 1.37647 1.38558 1.82775 1.84050 1.78388 1.78254 1.78120 1.86824 1.90755 1.77691 1.61136 1.57774 1.54109 1.53327 1.54123 1.54931 1.65054 1.68245 1.95214 1.78085 1.78085 1.74315 1.82458 1.76939 1.76956 1.75755 1.81289 1.87089 2.05138 2.19273 2.37552 2.41365 2.41365 2.22486 1.69555 1.69555 1.64464 1.24231 0.458194 0.458194 0.366555 0.458194 0.458194 1.10480 1.10480 1.10292 1.09864 1.09520 1.27219 1.14654 1.14135 1.00198 0.973754 0.962610 0.933904 0.928033 0.929209 0.534253 0.530839 0.468626
1.56713 1.55824 1.55500 1.53270 1.50197 1.43415 1.40537 1.40424 1.73921 1.79322 1.74470 1.69020 1.59719 1.46823 1.17157 1.11856 1.52109 1.55402 1.60765 1.60765 1.60765 1.60765 1.71492 1.71492 2.15869 1.91009 1.78085 1.77904 1.81698 1.84988 1.93601 1.98466 2.22770 2.24259 2.24259 2.24259 2.24259 2.24259 2.24259 2.30953 1.66811 1.66811 1.62694 1.33689 1.01659 0.968916 0.911325 0.968916 0.968916 1.06999 1.08575 1.08486 1.08485 1.08485 1.27083 1.16071 1.12727 0.452349 0.525489 0.526564 0.501565 0.498237 0.524437 0.524906 0.524906 0.466583
1.48397 1.46700 1.45269 1.45930 1.44041 1.42970 1.54221 1.57506 1.57186 1.41470 1.20195 1.15928 1.15928 1.09383 0.767079 0.828940 1.50147 1.55402 1.60765 1.60765 1.60765 1.60765 1.71492 1.71492 2.21009 2.06549 2.01085 2.17084 2.32069 2.20954 2.20954 2.10261 2.24259 2.24259 2.24259 2.24259 2.24158 2.40677 2.39820 2.51229 1.74193 1.62197 1.51427 1.21735 1.14580 1.14169 1.06490 1.14169 1.13948 1.24689 1.25887 0.339094 0.335140 0.331647 0.263192 0.328688 0.328688 0.438251 0.506210 0.520343 0.506419 0.496871 0.517404 0.524906 0.524906 0.466627
1.56068 1.57735 1.54073 1.49991 1.32949 1.24748 1.24253 1.31532 1.29547 1.22876 1.13944 1.13944 1.13944 1.12857 0.750156 0.767079 1.31479 1.52184 1.55402 1.55402 1.55402 1.60765 1.71492 1.71492 2.01175 2.33104 2.01840 2.02570 1.99948 1.98085 1.97712 1.97416 2.18689 2.18610 2.18457 2.17931 2.15048 1.63449 1.63449 1.91447 1.18524 0.916388 0.916388 1.25687 1.44884 0.226988 0.340481 0.210533 0.205373 0.205220 0.216028 0.219125 0.219125 0.219125 0.164344 0.219125 0.219125 0.328688 0.443842 0.462527 0.457243 0.449299 0.467081 0.492959 0.499760 0.380503
1.40663 1.35541 1.26598 1.26335 1.19948 1.26365 1.31532 1.38032 1.40035 1.31329 1.22875 1.22875 1.22875 1.25852 1.03227 0.978688 1.30644 1.65056 1.65377 1.68114 1.70842 1.78207 1.84572 1.81155 1.90769 2.41328 2.18864 2.19748 2.17659 1.87297 1.86208 1.86208 2.01840 1.07943 1.02025 0.954593 0.889013 1.23515 1.13667 1.29287 1.07683 0.00000 0.00000 0.340481 0.226988 0.226988 0.340481 0.213435 0.205220 0.205220 0.211752 0.215235 0.214664 0.214071 0.160123 0.212904 0.212331 0.317609 0.422856 0.444370 0.444273 0.443093 0.448824 0.477698 0.475964 0.355653
1.30705 1.24154 1.17976 1.17976 1.10992 1.17982 1.21035 1.30535 1.24835 1.21306 1.18707 1.18707 1.18707 1.30632 1.31556 1.33290 1.46814 1.77578 1.78580 1.78753 1.78753 1.81245 1.84983 1.81245 1.84983 2.06828 2.06444 1.98312 1.95339 1.66768 1.65970 1.55361 1.46045 0.543183 0.538415 0.538415 0.538415 0.861464 0.861464 0.861464 0.538415 0.538415 0.00000 0.00000 0.453975 0.340481 0.340481 0.00000 0.00000 0.00000 0.00000 0.00000 0.00000 0.00000 0.00000 0.00000 0.00000 0.00000 0.303623 0.316845 0.321830 0.321830 0.322249 0.343760 0.345156 0.345156
1.32448 1.27393 1.19114 1.19114 1.11681 1.19114 1.22757 1.33126 1.27368 1.28534 1.28643 1.35274 1.41908 1.57575 1.62998 1.44227 1.47196 1.74242 1.76973 1.76973 1.76973 1.78753 1.86729 1.92843 2.11205 1.96437 1.74241 1.65197 1.58814 1.24301 0.992080 0.954574 1.02952 0.538415 0.538415 0.538415 0.538415 0.861464 0.861464 0.861464 0.538415 0.538415 0.00000 0.00000 0.453975 0.340481 0.340481 0.00000 0.00000 0.00000 0.00000 0.00000 0.00000 0.00000 0.00000 0.00000 0.00000 0.00000 0.303623 0.312258 0.321830 0.321830 0.328383 0.367616 0.406384 1.48797
1.30578 1.27595 1.18334 1.23742 1.23432 1.34835 1.47008 1.57842 1.61656 1.64515 1.58495 1.58104 1.57948 1.60010 1.67104 1.41914 1.42348 1.68666 1.87619 1.94276 2.10167 2.22291 2.41101 2.21274 2.27322 2.06428 1.53946 1.50875 1.50875 1.35100 1.08305 1.08305 1.15442 1.15442 0.717887 0.717887 0.717887 0.922997 0.717887 0.717887 0.430732 0.430732 0.00000 0.00000 0.510722 0.340481 0.340481 0.00000 0.00000 0.00000 0.00000 0.00000 0.00000 0.00000 0.00000 0.00000 0.00000 0.00000 0.356589 1.43426 1.48190 1.49753 1.51042 1.54252 1.60034 1.60034
1.46067 1.57372 1.50936 1.50184 1.47847 1.47959 1.59011 1.62181 1.59941 1.59941 1.57373 1.57120 1.58575 1.60747 1.74684 1.70568 1.72938 1.76513 1.69486 1.63635 2.01139 2.13972 2.38142 2.13972 2.01887 2.13972 1.60537 1.50875 1.50875 1.43875 1.08305 1.08305 1.08305 1.08305 0.615331 0.615331 0.615331 0.807622 0.615331 0.615331 0.358943 0.358943 0.00000 0.00000 0.510722 0.340481 0.340481 0.00000 0.00000 0.00000 0.00000 0.00000 0.00000 2.78963 2.78963 0.00000 0.00000 0.00000 0.00000 0.00000 0.00000 0.00000 0.00000 0.00000 0.00000 0.00000
1.27293 1.49190 1.39670 1.37543 1.42677 1.41511 1.47036 1.46494 1.41699 1.41657 1.45958 1.51666 1.52776 1.56454 1.64900 1.67889 1.65783 1.64600 1.53526 1.53483 1.96922 2.13972 2.38142 2.13972 2.01887 2.13972 1.73655 1.50875 1.50875 1.49954 1.10374 1.08305 1.08305 1.08305 0.615331 0.807622 0.807622 0.957182 0.807622 0.807622 1.29760 1.29760 1.35468 0.636789 0.573110 0.352264 0.351342 0.00000 2.78963 2.78963 2.78963 2.78963 2.78963 2.78963 2.78963 0.00000 0.00000 0.00000 0.00000 0.00000 0.00000 0.00000 0.00000 0.00000 0.00000 0.00000
1.14078 1.47723 1.33444 1.17312 1.23118 1.24573 1.35959 1.39441 1.42743 1.43065 1.44916 1.51613 1.51613 1.53859 1.60377 1.67923 1.59573 1.59573 1.49212 1.53483 1.93103 2.13972 2.13972 1.80134 1.71675 1.80134 1.62854 1.41662 1.41662 1.41662 1.10078 0.910979 0.933174 0.962492 1.15493 1.29760 1.29760 1.40461 1.29760 1.25480 1.25480 1.25480 1.32286 1.47931 1.56666 1.92391 1.91867 2.20383 2.20383 2.19852 2.21237 2.21080 2.18387 1.88099 1.88099 0.972349 0.972349 0.00000 0.00000 0.00000 0.00000 0.00000 0.00000 0.00000 0.00000 0.00000
1.24182 1.62733 1.63268 1.24797 1.31505 1.31228 1.40605 1.41120 1.42329 1.42329 1.42545 1.56661 1.58030 1.63591 1.67955 1.84255 1.89129 1.87521 1.81483 1.86294 2.14074 2.13972 2.12885 1.71178 1.53469 1.54142 1.43997 1.01162 0.942237 0.935397 1.07208 1.14200 1.14216 1.14282 1.24056 1.43457 1.43644 1.57759 1.47297 1.40320 1.41976 1.43630 1.60859 1.68896 1.68896 2.19629 2.21602 2.20383 2.20383 2.21895 2.22630 2.22311 2.18407 1.88221 1.88623 0.992212 1.00113 0.00000 0.00000 0.00000 0.00000 0.00000 0.00000 0.00000 0.00000 0.00000
1.60992 1.80148 1.84306 1.31733 1.33761 1.32834 1.33577 1.33179 1.33658 1.33658 1.35311 1.50976 1.56292 1.60236 1.59903 1.67420 1.69167 1.52593 1.43704 1.36988 1.57876 1.35908 1.32400 0.981659 0.943445 0.962525 0.970593 0.781959 0.760851 0.789275 0.900241 1.04505 1.04315 1.05142 1.13572 1.36308 1.44605 1.58970 1.44870 1.37819 1.37819 1.37819 1.46824 1.68896 1.68896 2.17917 2.22078 2.20383 2.20423 2.21229 2.22380 2.22322 2.24509 1.97839 1.70634 1.16452 1.16452 1.16452 1.16452 1.16452 1.16560 1.22163 1.23276 1.42935 1.44186 1.53285
1.55241 1.68568 1.82408 1.34463 1.27102 1.25589 1.23266 1.20194 1.18777 1.16901 1.16733 1.25719 1.32374 1.32405 1.32117 1.36536 1.43428 1.30635 1.31213 1.30646 1.55627 1.38184 1.37931 1.02898 0.970593 0.957000 0.907263 0.784566 0.794150 0.882222 0.997922 1.29953 1.39662 1.47283 1.43210 1.37819 1.44870 1.44870 1.25129 1.20194 1.20194 1.20194 1.25141 1.40435 1.41379 1.87240 1.93407 1.91094 1.91272 1.91504 1.93759 1.93788 1.96489 1.16452 1.16452 1.16452 1.16452 1.16452 1.16452 1.16452 1.16452 1.20771 1.22211 1.35406 1.43342 1.51253
1.32201 1.28269 1.52496 1.28728 1.14250 1.13681 1.12151 1.10892 1.11649 1.11550 1.11555 1.17588 1.26007 1.28712 1.29788 1.34699 1.39972 1.31522 1.48298 1.48520 1.52661 1.31095 1.18115 1.01680 0.833394 0.814928 0.858102 0.936159 1.10143 1.12301 1.14686 1.32344 1.42482 1.43025 1.40688 1.30383 1.20592 1.20592 1.20194 1.16669 1.16669 1.16669 1.20194 1.38054 1.41379 1.87240 1.92291 1.91625 1.91223 1.91316 1.93346 1.93788 1.95705 1.16452 1.16452 1.16452 1.16196 1.14411 1.12682 1.11422 1.10230 1.09051 1.05777 1.10664 1.37288 1.41098
1.25802 1.14423 1.35655 1.31513 1.11675 1.10950 1.07823 1.08168 1.08928 1.09485 1.10195 1.16322 1.20131 1.23613 1.23377 1.28067 1.09508 0.883080 0.924397 0.847937 0.862659 0.855385 0.909829 0.918216 0.868353 0.871426 0.885879 0.905142 1.05394 1.08665 1.00964 1.10320 1.23016 1.22775 1.17874 1.12456 0.963868 0.963868 0.907425 0.907425 0.907425 0.907425 0.893779 0.894213 1.17500 1.24827 1.26544 1.28454 1.91161 1.91316 1.92586 1.92914 1.93286 1.12142 1.10438 1.07993 1.05844 1.04872 1.03902 1.02610 1.01260 0.956761 0.812776 0.799630 0.963205 0.992210
1.33950 1.15458 1.32828 1.40884 1.14560 1.12746 1.08586 1.08711 1.09438 1.10100 1.10938 1.17341 1.16296 1.20568 1.21079 1.38080 1.21289 1.03299 0.998873 0.994251 0.993623 0.964476 0.980131 0.994563 0.969200 0.995122 1.00034 0.994574 1.07903 1.12668 1.04001 1.08559 1.23096 1.33122 1.28904 1.27319 1.07642 1.07642 1.05070 1.05070 1.06025 1.06025 1.08652 1.14062 1.49653 1.63058 1.62819 1.66396 2.17581 2.15288 2.14823 1.80207 1.64038 0.974406 0.966777 0.943470 0.909411 0.875312 0.841192 0.807154 0.773466 0.759259 0.618826 0.623326 0.711031 0.765593
1.50193 1.19022 1.30444 1.44627 1.28723 1.22035 1.21796 1.25888 1.28965 1.34015 1.39718 1.48574 1.39019 1.41590 1.35938 1.48730 1.29082 1.12242 1.04799 1.05660 1.02001 0.959970 0.959970 0.959970 0.912419 0.940530 0.940530 0.940530 0.959730 1.00767 0.923700 0.937396 1.10945 1.24625 1.21767 1.23713 0.954058 0.947182 1.02579 1.01830 1.00095 0.993093 1.00850 1.03751 1.26199 1.33142 1.23127 1.21704 1.17005 1.05337 0.920160 0.796105 0.758817 0.784745 0.772622 0.761660 0.761660 0.761660 0.761660 0.761660 0.761660 0.761660 0.658135 0.610516 0.693261 0.739274
