High_resolution/powerplant/Fengdu/OMI_NO2_2006_06-08.asc
ncols      200
nrows      200
xllcorner       105.978
yllcorner       28.1831
cellsize     0.0166667
NODATA_Value      -999.000
[rows 58 to 86 of 200, columns 0 to 66 of 200]
1.66530 1.78173 1.75115 2.93667 2.84178 2.95703 2.94848 2.91065 2.89810 2.88413 2.81848 2.83115 2.85488 2.90586 2.88842 2.88452 2.86172 2.87137 2.91982 3.03033 3.08052 3.17678 3.18071 3.65311 4.42008 4.82271 4.57169 4.50796 4.68244 4.97326 4.91050 5.00691 5.08051 5.17777 6.21556 6.51005 6.42301 6.33490 6.35049 6.25870 6.43879 6.61902 6.17547 6.18118 6.14645 6.17415 6.02236 5.89255 6.18555 5.53216 5.55021 5.84503 5.90223 5.62830 5.59681 5.39306 5.06648 4.66837 4.26442 4.05912 3.85040 3.76844 3.48934 3.49113 3.33210 3.36415 3.26621
2.00955 2.14411 2.92761 2.98771 2.99768 2.97135 2.99180 2.91375 2.90992 2.91284 2.83567 2.82656 2.82189 2.81793 2.79035 2.82165 2.84101 2.86110 2.88463 2.96930 3.00644 3.06631 3.07980 3.23148 4.10312 4.52323 4.47277 4.42670 4.79873 5.00170 4.94362 5.01812 5.21324 5.27962 6.31835 6.76110 6.66408 6.62842 6.65084 6.51338 6.73696 6.77943 6.49611 6.29277 6.23255 6.46710 6.54191 6.53812 6.82707 6.12738 5.84712 5.72415 5.61225 5.31938 5.22097 5.11590 4.69290 4.52054 4.15185 3.94268 3.79874 3.67239 3.49795 3.41896 3.27852 3.23652 3.12100
2.81992 2.91497 2.92761 2.92441 2.95294 2.89884 2.96562 2.89726 2.86832 2.87803 2.79707 2.83690 2.85031 2.91350 2.86853 2.87818 2.87907 2.89073 2.89506 2.95921 3.01602 3.06238 3.10406 3.15767 3.83991 4.30587 4.37038 4.26348 4.68354 4.97964 5.00578 5.08339 5.43911 5.51768 6.21684 6.80915 6.62850 6.46498 6.42438 6.34338 6.61174 6.65132 6.78410 6.55993 6.47133 6.73382 6.71711 6.56192 6.62793 6.07361 5.56318 5.34746 5.21320 5.02664 4.80892 4.78935 4.45873 4.34089 3.99905 3.77848 3.68470 3.51891 3.34450 3.16187 3.12035 3.14724 3.11932
2.81992 2.81992 2.84067 2.74516 2.76684 2.81259 2.91961 2.85951 2.84609 2.84602 2.78232 2.84445 2.85929 2.92837 2.88510 2.89392 2.88427 2.87013 2.85528 2.89602 2.98376 3.01455 3.13478 3.17348 3.67483 4.36115 4.61046 4.53337 4.83294 5.19859 5.36053 5.39257 5.46315 5.47822 5.81262 6.59306 6.49610 6.48165 6.65169 6.60545 6.65856 6.51290 6.66109 6.25819 6.09919 6.34283 6.41976 6.30202 6.33589 6.03020 5.44544 5.35009 5.20423 5.13121 4.84147 4.83022 4.52934 4.21448 4.00549 3.66256 3.52635 3.39816 3.28700 2.99280 2.98536 3.03168 3.06080
2.80806 2.78765 2.77609 2.68138 2.60446 2.66648 2.87186 2.77964 2.79995 2.79325 2.71185 2.78091 2.78136 2.82872 2.78628 2.79535 2.79965 2.79759 2.79543 2.83642 2.97074 2.99489 3.12182 3.13650 3.38263 4.56638 4.93757 4.84650 4.92098 5.29420 5.51773 5.49977 5.36499 5.20624 5.19705 6.34297 6.41808 6.45854 6.51655 6.46124 6.55284 6.49603 6.81426 6.61729 6.33006 6.46703 6.59898 6.37691 6.33879 6.20000 5.38101 5.27504 4.93238 4.84403 4.53856 4.40545 4.29342 3.96723 4.01139 3.68883 3.48729 3.33679 3.21673 2.93579 2.85565 2.87642 2.97404
2.59860 2.58273 2.63251 2.61969 2.51231 2.62791 2.72130 2.51546 2.59854 2.65819 2.58402 2.65793 2.67718 2.73998 2.71299 2.72277 2.74172 2.70867 2.70618 2.70645 2.79497 2.84851 2.90868 2.93086 2.95685 3.86453 4.34868 4.41114 4.49638 4.71255 4.91463 4.94510 4.85647 4.68971 4.70105 5.65288 5.99880 6.11500 6.31225 6.26129 6.26922 6.12394 6.26481 6.20375 5.79618 5.77305 5.92510 5.92018 5.88475 5.75528 5.20601 4.92760 4.63645 4.58309 4.41991 4.22985 4.16148 3.86699 3.87170 3.52080 3.24245 3.07747 2.91935 2.79326 2.72614 2.73569 2.80897
2.63529 2.63282 2.67770 2.67567 2.54123 2.65496 2.73671 2.61872 2.56844 2.67405 2.60739 2.64416 2.70305 2.74943 2.72579 2.75303 2.75652 2.76533 2.80283 2.81050 2.76963 2.82714 2.81233 2.82973 2.81233 3.39262 3.89740 3.95291 4.07195 4.23204 4.58725 4.75779 4.77059 4.66404 4.71413 5.15458 5.56729 5.54728 5.69829 5.63529 5.64764 5.59776 5.72089 5.93027 5.52252 5.41914 5.63907 5.59910 5.60008 5.59086 5.31065 4.94029 4.62808 4.48047 4.30394 4.04664 3.90316 3.59827 3.31388 3.15824 2.95555 2.80936 2.65524 2.56957 2.37014 2.35945 2.42358
2.53486 2.56649 2.70259 2.73616 2.65457 2.74520 2.81853 2.76524 2.53568 2.66477 2.64696 2.65430 2.77906 2.81632 2.79482 2.82411 2.81940 2.79801 2.79149 2.76948 2.72695 2.84066 2.84560 2.87239 2.84342 3.11391 3.73256 3.85900 4.10863 4.18673 4.57607 4.86662 4.90912 4.79449 4.80291 4.84353 5.27126 5.29920 5.58608 5.62609 5.59106 5.46764 5.40770 5.52049 5.21936 5.13243 5.40420 5.54231 5.52153 5.41952 5.19265 4.60454 4.23024 3.98127 3.92426 3.71460 3.61925 3.52177 3.01714 2.92447 2.64750 2.48910 2.44866 2.47199 2.29084 2.21226 2.26348
2.68369 2.68061 2.71100 2.70828 2.68977 2.74003 2.75706 2.80252 2.55025 2.64068 2.63220 2.61263 2.68605 2.71316 2.68068 2.71891 2.70963 2.69931 2.72082 2.72600 2.70819 2.86421 2.93181 2.97260 2.99336 3.12135 3.87247 3.95875 4.24303 4.27706 4.57522 4.91990 4.95274 4.86084 4.82989 4.77171 5.27492 5.25719 5.34556 5.24058 5.21219 5.15530 5.17237 5.33481 5.20790 4.97129 5.04496 5.09707 5.01208 4.96486 4.89452 4.34799 4.03753 3.79799 3.66790 3.39123 3.15664 3.06260 2.86061 2.89673 2.67005 2.53482 2.49561 2.51700 2.39604 2.26550 2.27393
3.00101 2.98881 2.94376 2.93374 2.90004 2.79969 2.85230 2.96572 2.72189 2.67281 2.61292 2.59962 2.63870 2.73550 2.72716 2.76031 2.78075 2.77522 2.77388 2.76200 2.75376 2.92991 3.03097 3.05844 3.06433 3.07574 3.63770 3.86114 4.17748 4.19252 4.37474 4.78862 4.85098 4.76953 4.69697 4.61879 5.02300 5.15761 5.22190 5.15410 5.15469 5.08394 5.05363 5.03803 5.03041 4.69848 4.68302 4.79543 4.79227 4.75458 4.56155 4.09907 3.66477 3.32995 3.27840 3.25177 3.10137 3.11344 3.00241 2.94770 2.76679 2.63968 2.57143 2.59644 2.56322 2.46947 2.43973
2.84643 2.83623 2.84881 2.89628 2.94376 2.77434 2.73099 2.86955 2.69897 2.62770 2.58940 2.59563 2.60266 2.76603 2.72386 2.74004 2.76991 2.76320 2.76904 2.77117 2.78599 2.87536 3.11220 3.14246 3.17112 3.12815 3.52838 3.84598 4.12597 4.22587 4.29315 4.79368 4.87647 4.77216 4.69751 4.63451 4.96967 5.20858 5.20839 5.01339 4.98286 4.92006 4.78914 4.67954 4.76779 4.56100 4.53821 4.52416 4.34590 4.12664 3.98070 3.82701 3.56198 3.40797 3.37640 3.37299 3.16207 3.15191 3.12101 2.87532 2.79969 2.67551 2.68605 2.69138 2.68160 2.50978 2.43872
2.90250 2.90156 2.88905 2.91857 3.01517 2.94146 2.76459 2.87921 2.79780 2.67326 2.68179 2.68539 2.63438 2.78624 2.74286 2.75574 2.81535 2.80514 2.81045 2.79373 2.87184 2.95374 3.25064 3.28422 3.32287 3.21668 3.44070 3.88753 4.13609 4.32929 4.39551 4.72951 4.92482 4.81206 4.72047 4.60148 4.74022 5.04889 4.97645 4.62783 4.54469 4.55003 4.53710 4.39750 4.33730 4.01770 3.80411 3.91004 4.03340 4.03074 3.98864 3.88944 3.55867 3.44182 3.37973 3.39951 3.23079 3.17266 3.18397 2.89145 2.83129 2.65326 2.66754 2.64439 2.62951 2.45638 2.33333
2.88473 2.89871 2.89537 2.93572 3.02392 3.04109 2.75813 2.81603 2.89615 2.69997 2.70654 2.70402 2.63696 2.77295 2.78009 2.79010 2.81311 2.81741 2.82147 2.81008 2.87786 2.94972 3.14263 3.18275 3.23430 3.16030 3.35683 3.71079 4.03937 4.21286 4.30644 4.44679 4.64370 4.49419 4.43118 4.28768 4.26541 4.69443 4.77289 4.52476 4.34205 4.23807 4.15100 3.97068 3.93951 3.78608 3.64910 3.65508 3.79430 3.75179 3.71592 3.72523 3.59641 3.48028 3.37760 3.37363 3.25002 3.11544 3.12506 2.94808 2.83775 2.64477 2.60673 2.57575 2.52743 2.49439 2.50754
2.93614 2.93104 2.89536 2.96433 3.00590 2.99726 2.72443 2.68361 2.85715 2.62445 2.61335 2.58482 2.59190 2.66758 2.75401 2.74699 2.76372 2.77210 2.77350 2.75542 2.77878 2.90838 3.04100 3.19913 3.30015 3.33742 3.44337 3.68238 4.02583 3.96185 3.97343 3.92219 4.26974 4.25935 4.24157 4.17317 4.11051 4.22525 4.16119 3.88922 3.68580 3.52994 3.42236 3.27269 3.40512 3.57516 3.47945 3.49368 3.72980 3.75469 3.72050 3.70246 3.60759 3.47680 3.33138 3.31474 3.22505 3.03327 2.95344 2.78605 2.43652 2.45012 2.46402 2.48275 2.46863 2.44423 2.52174
2.88889 2.88889 2.86506 2.94224 2.95528 2.88580 2.68754 2.54963 2.69953 2.61312 2.59526 2.54333 2.56462 2.61330 2.77528 2.80486 2.81227 2.78426 2.82251 2.82905 2.86429 2.97233 3.01492 3.22639 3.33048 3.33759 3.46232 3.49180 3.62815 3.70794 3.81907 3.82917 4.05912 3.96300 3.74655 3.58900 3.55249 3.52910 3.63239 3.62203 3.47827 3.39679 3.38987 3.30542 3.32323 3.58987 3.49857 3.44655 3.58649 3.69415 3.66181 3.64111 3.51541 3.31634 3.07966 2.97846 2.85038 2.60847 2.50669 2.53000 2.34543 2.48798 2.57351 2.60977 2.56514 2.50599 2.50795
2.68959 2.66780 2.61998 2.64040 2.63235 2.59849 2.52698 2.34453 2.54645 2.64804 2.68782 2.64122 2.66084 2.69665 2.84686 2.90438 2.92982 2.89557 2.90380 2.91422 2.93988 2.99885 3.04493 3.22758 3.33067 3.21055 3.32343 3.33526 3.41242 3.38673 3.52487 3.52791 3.54583 3.52204 3.42776 3.49500 3.52282 3.45598 3.54384 3.50716 3.42877 3.36317 3.33722 3.25873 3.28606 3.48317 3.51861 3.42827 3.44683 3.42994 3.30241 3.20100 3.12770 2.95356 2.85201 2.85272 2.88648 2.69979 2.55059 2.55065 2.51040 2.55436 2.58561 2.57517 2.55952 2.52137 2.49172
2.66713 2.63158 2.60519 2.62893 2.65797 2.68413 2.73659 2.47568 2.56651 2.68373 2.66033 2.70951 2.79380 2.86918 2.95270 3.03202 3.03169 3.01372 2.99758 2.99437 2.97988 2.98351 3.03973 3.05950 3.20439 3.12379 3.25800 3.29311 3.38716 3.36168 3.45355 3.53024 3.57523 3.58146 3.44840 3.49892 3.52889 3.42299 3.36406 3.39048 3.39617 3.36849 3.33685 3.23227 3.23712 3.32074 3.44558 3.27896 3.21787 3.09302 3.07313 3.13510 3.18744 3.12073 3.04499 2.92707 2.86702 2.73786 2.48502 2.50085 2.48507 2.51015 2.57013 2.55431 2.57048 2.51976 2.45562
2.69849 2.73169 2.77033 2.91601 2.96681 2.89172 2.84346 2.60822 2.53850 2.75211 2.71321 2.78252 2.87300 2.99202 3.02009 3.05467 3.05673 3.07405 3.05216 3.04923 3.02606 3.01097 3.07365 3.05988 3.18545 3.11588 3.20905 3.26033 3.32816 3.38487 3.36826 3.49427 3.49218 3.50667 3.39665 3.40848 3.43093 3.36874 3.26086 3.26925 3.23336 3.14115 3.05956 2.91477 2.85764 2.83827 3.03977 3.00298 3.01654 2.95703 2.98198 2.95265 2.96472 2.90012 2.84014 2.76709 2.69818 2.70670 2.50527 2.46600 2.47030 2.51203 2.55475 2.51951 2.55811 2.49410 2.47374
2.82798 2.82624 2.84436 2.90598 2.91354 2.86713 2.84644 2.77221 2.66630 2.88425 2.85253 2.89075 2.93333 3.00668 2.98601 2.99620 2.98629 2.97177 2.95285 2.94808 2.92431 2.95723 3.00536 2.97041 3.07534 3.03718 3.11085 3.17926 3.23947 3.32633 3.19097 3.38390 3.39267 3.41627 3.32747 3.31387 3.30264 3.24405 3.12251 3.04253 3.05021 2.83228 2.84831 2.73538 2.76235 2.82097 3.05513 3.09425 3.06823 3.00911 2.97801 2.93592 2.95834 2.93081 2.85432 2.79472 2.70715 2.72796 2.64237 2.59812 2.64233 2.65306 2.58439 2.52656 2.58878 2.57066 2.56432
2.75943 2.80046 2.88923 2.99070 2.96178 2.93411 2.92604 2.91678 2.73280 2.84627 2.83495 2.82207 2.84352 2.93578 2.91731 2.92881 2.96057 3.00011 3.03026 3.05944 3.02955 3.03083 3.01353 2.96255 2.99372 2.99174 3.09172 3.20558 3.30133 3.35536 3.26882 3.35974 3.39358 3.38902 3.32703 3.27879 3.25677 3.21965 3.16646 3.01673 3.10859 2.98205 2.97213 2.92271 2.92472 2.95665 3.05392 3.14542 3.10983 3.07858 3.01423 2.97184 2.97999 2.97130 2.96647 2.93999 2.86090 2.86468 2.82954 2.69009 2.70329 2.71603 2.67471 2.57043 2.58872 2.57817 2.50286
3.09771 3.10247 3.14433 3.13689 3.09011 3.04760 3.01831 3.01818 2.84208 2.86245 2.92555 2.91853 2.95204 3.04471 3.05730 3.06601 3.06728 3.07589 3.09216 3.07437 3.00423 2.99220 2.99913 2.99055 3.01693 3.08936 3.18777 3.23123 3.28846 3.30186 3.29292 3.20319 3.20098 3.21187 3.16792 3.16275 3.11201 3.08093 3.09662 2.92023 3.01491 2.93980 2.91497 2.89316 2.93459 3.00583 3.04002 3.06849 3.04027 3.02292 2.99098 2.98576 3.03242 3.10259 3.11016 3.12130 3.04492 2.95803 2.94203 2.75056 2.69880 2.65003 2.60812 2.47251 2.49642 2.56217 2.46697
3.12239 3.11885 3.13590 3.09015 3.05175 3.01255 2.99941 3.11482 3.03850 2.98324 3.02641 2.98740 2.97600 3.04638 3.05560 3.05408 3.05683 3.08532 3.11556 3.11116 3.03600 3.00572 3.03282 3.02281 3.07277 3.11703 3.19753 3.26142 3.32445 3.34012 3.37705 3.15520 3.17653 3.21006 3.18628 3.22870 3.17762 3.22252 3.30228 3.08899 3.09637 3.13426 3.08272 3.07429 3.07429 3.09498 3.09253 3.11793 3.13571 3.13900 3.12977 3.08989 3.09246 3.13793 3.10211 3.10176 2.98981 2.83682 2.83789 2.75240 2.72265 2.68755 2.67611 2.58989 2.55575 2.56078 2.53746
3.08058 3.08077 3.09584 3.05069 3.02863 2.98584 2.97890 3.16753 3.10771 2.94006 2.97830 3.00253 2.97900 3.03019 3.07150 3.07543 3.07689 3.12057 3.21813 3.27097 3.21397 3.22424 3.29243 3.25899 3.33021 3.30765 3.38707 3.49373 3.55631 3.58144 3.67453 3.45329 3.41849 3.46040 3.37339 3.40067 3.33120 3.35581 3.39532 3.24843 3.11060 3.13388 3.14037 3.13205 3.16118 3.20674 3.20091 3.16496 3.17959 3.13765 3.10018 2.96548 2.90959 2.93588 2.91232 2.94740 2.94436 2.78392 2.75654 2.76406 2.72420 2.67930 2.65982 2.53359 2.51438 2.58302 2.58774
2.98334 2.97879 2.99877 2.99616 2.99301 2.96540 2.96200 3.09228 3.12615 2.94345 2.98043 3.11264 3.09964 3.17634 3.27327 3.33929 3.37991 3.43863 3.51017 3.51411 3.42791 3.44674 3.49106 3.44949 3.55806 3.62424 3.71278 3.84057 3.87588 3.89782 3.94339 3.82249 3.64085 3.72885 3.58173 3.53262 3.38832 3.40884 3.43374 3.39730 3.25278 3.27470 3.29988 3.22214 3.22214 3.25771 3.21406 3.15265 3.13922 3.06576 3.06317 2.88915 2.89468 2.93547 2.87755 2.82296 2.79692 2.70776 2.71174 2.76221 2.74836 2.71221 2.70075 2.59938 2.52304 2.55029 2.54581
3.06615 3.06975 3.07935 3.06340 3.04908 3.02400 3.02266 3.09842 3.18716 3.10076 3.13277 3.26583 3.26982 3.31870 3.39685 3.44602 3.45493 3.54747 3.57851 3.58411 3.51476 3.57855 3.63896 3.63437 3.71962 3.84320 3.89568 3.99618 4.03009 4.04124 4.04877 4.01914 3.79642 3.90839 3.82371 3.68060 3.49220 3.47842 3.52495 3.52607 3.31767 3.29072 3.34971 3.20795 3.17360 3.17255 3.15458 3.13147 3.12583 3.05566 2.97785 2.80329 2.70272 2.67125 2.67825 2.70815 2.76831 2.78032 2.78796 2.80244 2.79595 2.75500 2.71752 2.65044 2.56319 2.58444 2.61338
3.09592 3.11421 3.11661 3.06579 3.02672 3.00153 2.97005 2.95281 3.15835 3.16981 3.29875 3.41749 3.41230 3.42255 3.47211 3.51974 3.56173 3.71354 3.78527 3.80538 3.77153 3.81677 3.84897 3.81940 3.83837 3.97488 3.99410 4.05913 4.09289 4.08835 4.07801 4.07095 3.81300 3.86332 3.86191 3.79996 3.57589 3.64712 3.69268 3.61630 3.40919 3.29048 3.34849 3.24324 3.16960 3.13418 3.09034 3.03732 2.98002 2.95107 2.90283 2.86478 2.72027 2.72655 2.73515 2.72567 2.74711 2.72985 2.71328 2.69283 2.67944 2.64006 2.58905 2.55601 2.51030 2.57353 2.62070
3.05651 3.02400 2.98110 2.94387 2.94009 2.93146 2.91237 2.90235 3.03528 3.04164 3.19341 3.35501 3.43644 3.47133 3.55443 3.64646 3.72856 3.83375 3.89695 3.90600 3.89757 3.89543 3.91613 3.87708 3.81875 3.93478 3.95431 4.00659 4.08375 4.08952 4.08374 4.09776 3.90514 3.81560 3.85256 3.75646 3.52424 3.51164 3.56581 3.55320 3.47233 3.33313 3.19211 3.03841 2.96166 2.93530 2.92148 2.90153 2.89280 2.89972 2.80391 2.80996 2.66522 2.66106 2.65934 2.64298 2.67342 2.67774 2.65801 2.63923 2.61812 2.59167 2.53821 2.52563 2.51875 2.56751 2.61637
2.94044 2.92852 2.93838 2.90526 2.88540 2.87983 2.87821 2.88467 2.98485 3.07476 3.14999 3.34378 3.46225 3.53051 3.58888 3.66077 3.73373 3.82642 3.89393 3.88273 3.91417 3.90123 3.94050 3.94183 3.93525 3.93933 3.95792 4.00308 4.13595 4.15962 4.18281 4.21469 4.11445 3.91746 3.80868 3.72705 3.60888 3.54740 3.65579 3.62131 3.58247 3.36691 3.21007 3.01813 2.96856 2.94650 2.94997 2.93816 2.84715 2.80373 2.73403 2.75401 2.69409 2.68329 2.70092 2.66086 2.66462 2.66906 2.66463 2.64224 2.67199 2.68754 2.60147 2.58749 2.59954 2.64283 2.71916
2.95843 2.92940 2.94034 2.91000 2.92117 2.92198 2.92695 2.92695 2.95958 3.11009 3.11911 3.31335 3.44011 3.53057 3.59493 3.65385 3.72948 3.86281 3.98496 4.02482 4.10122 4.08272 4.07297 4.08280 4.09931 4.02889 4.02009 4.06680 4.19634 4.24186 4.27328 4.30693 4.22912 4.00917 3.90266 3.78721 3.76207 3.55017 3.70105 3.67338 3.71028 3.54335 3.42834 3.16572 3.12042 3.10623 3.11090 3.10770 3.03407 2.96959 2.91956 2.90144 2.86571 2.82123 2.82433 2.70264 2.70953 2.64983 2.68560 2.71276 2.72389 2.70346 2.56621 2.50627 2.52106 2.59480 2.69440
