High_resolution/powerplant/Fengdu/OMI_NO2_201001.asc
ncols      200
nrows      200
xllcorner       105.978
yllcorner       28.1831
cellsize     0.0166667
NODATA_Value      -999.000
[rows 87 to 115 of 200, columns 0 to 66 of 200]
0.00000 0.00000 0.00000 0.00000 9.86487 9.86487 13.3791 19.2018 19.2022 19.2022 19.2185 19.5684 20.0506 20.5327 21.0147 21.2649 21.2649 21.2649 21.2649 21.2649 21.2649 21.2649 21.2649 20.9144 15.9227 17.4408 17.4480 17.4480 17.4480 17.4480 17.4480 17.4480 17.4480 17.4480 17.4480 17.4480 17.4480 17.4480 17.4480 17.4480 13.7325 4.99928 4.86438 4.72984 4.59486 4.46204 4.41497 4.41497 4.41497 4.41497 4.41497 4.41497 4.41497 4.41497 4.41497 4.41497 4.41703 4.65431 4.67546 4.67546 4.67546 4.67546 4.67546 4.67546 4.67546 4.67546 4.67546
0.00000 0.00000 0.00000 0.00000 9.86487 9.86487 10.3499 19.4373 20.1849 20.6670 21.1329 21.2649 21.2649 21.2649 21.2649 21.2649 21.2649 21.2649 21.2649 21.2649 21.2649 21.2649 21.2649 21.2649 17.0501 16.9018 17.4480 17.4480 17.4480 17.4480 17.4480 17.4480 17.4480 17.4480 17.4480 17.1367 15.7518 14.2753 12.7981 11.3240 9.79432 4.57814 4.41497 4.41497 4.41497 4.41497 4.41497 4.41497 4.41497 4.41497 4.41497 4.41497 4.41497 4.41497 4.41497 4.41497 4.41497 4.58355 4.67546 4.67546 4.67546 4.67546 4.67546 4.67546 4.67546 4.67546 4.67546
0.00000 0.00000 0.00000 0.00000 11.7857 13.0633 13.8875 19.8394 21.2649 21.2649 21.2649 21.2649 21.2649 21.2649 21.2649 21.2649 21.2649 21.2649 21.2649 21.2649 21.2649 21.2649 21.2649 21.2649 18.6412 16.3104 17.4480 17.4480 17.4480 17.4480 16.9536 15.5008 14.0251 12.5494 11.0729 9.90780 9.81776 9.81776 9.81776 9.81776 9.81776 5.88841 4.41497 4.41497 4.41497 4.41497 4.41497 4.41497 4.41497 4.41497 4.41497 4.41497 4.41497 4.41497 4.41497 4.41497 4.41497 4.51072 4.67546 4.67546 4.67546 4.67546 4.67546 4.67546 4.67546 4.67546 4.67546
0.00000 0.00000 0.00000 0.00000 13.9902 13.9902 13.9902 18.0271 21.2649 21.2649 21.2649 21.2649 21.2649 21.2649 21.2649 21.2649 21.2649 21.2649 21.2649 21.2649 21.2649 21.2649 21.2649 21.2649 20.2317 15.5163 15.2513 13.7748 12.2991 10.8234 9.84141 9.81776 9.81776 9.81776 9.81776 9.81776 9.81776 9.81776 9.81776 9.81776 9.81776 7.42132 4.41497 4.41497 4.41497 4.41497 4.41497 4.41497 4.41497 4.41497 4.41497 4.41497 4.41497 4.41497 4.41497 4.41497 4.41497 4.43917 4.67421 4.67546 4.67546 4.67546 4.67546 4.67546 4.67546 4.64222 4.57212
0.00000 0.00000 0.00000 0.00000 0.00000 13.9902 13.9902 15.3105 21.2500 21.2649 21.2649 21.2649 21.2649 21.2649 21.2649 21.2649 21.2649 21.2649 21.2649 21.2649 20.9793 20.4023 19.8252 19.2482 18.6510 12.5699 10.2019 9.81776 9.81776 9.81776 9.81776 9.81776 9.81776 9.81776 9.81776 9.81776 9.81776 9.81776 9.81776 9.81776 9.81776 8.95403 4.41497 4.41497 4.41497 4.41497 4.41497 4.41497 4.41497 4.41497 4.41497 4.41497 4.41497 4.41497 4.41497 4.41497 4.41497 4.41497 4.62558 4.66807 4.60825 4.53792 4.46782 4.39752 4.32742 4.29029 4.29029
0.00000 0.00000 0.00000 0.00000 0.00000 13.9902 13.9902 13.9902 20.4897 21.2649 21.2649 21.2649 21.2649 21.2649 21.2649 20.9793 20.4023 19.8252 19.2482 18.6711 18.3797 18.3797 18.5743 19.2022 20.0410 14.6822 9.89194 9.81776 9.81776 9.81776 9.81776 9.81776 9.81776 9.81776 9.81776 9.81776 9.81776 9.81776 9.81776 9.81776 9.81776 9.81452 5.08701 4.41497 4.41497 4.41497 4.41497 4.41497 4.41497 4.41497 4.41497 4.41497 4.41497 4.41497 4.45404 4.57144 4.69093 4.81043 4.63001 4.30062 4.29029 4.29029 4.29029 4.29029 4.29029 4.29029 4.29029
0.00000 0.00000 0.00000 0.00000 0.00000 13.9902 13.9902 13.9902 18.9626 21.2649 20.9793 20.4023 19.8252 19.2482 18.6711 18.3797 18.3797 18.3844 18.7318 19.4164 20.3302 21.6162 22.7474 22.7693 22.7693 18.5380 9.81776 9.81776 9.81776 9.81776 9.81776 9.81776 9.81776 9.81776 9.81776 9.81776 9.81776 9.81776 9.81776 9.81776 9.81776 9.81776 6.61769 4.41497 4.41497 4.41497 4.41497 4.41497 4.41586 4.48955 4.60905 4.72860 4.84810 4.96766 5.04808 5.05024 5.05024 5.05024 4.86202 4.29029 4.29029 4.29029 4.29029 4.29029 4.29029 4.29029 4.29029
0.00000 0.00000 0.00000 0.00000 0.00000 26.8240 17.7512 18.2217 19.3326 18.6711 18.3797 18.3797 18.3797 18.4254 18.9076 19.6479 20.6496 22.0659 22.7693 22.7693 22.7693 22.7693 22.7693 22.7693 22.7693 22.0116 10.0574 9.81776 9.81776 9.81776 9.81776 9.81776 9.81776 9.81776 9.81776 9.81776 9.81776 9.81776 9.81776 9.81776 9.81776 9.81776 8.14901 4.42647 4.52722 4.64672 4.76621 4.88577 5.00444 5.05024 5.05024 5.05024 5.05024 5.05024 5.05024 5.05024 5.05024 5.05024 5.03474 4.33103 4.29029 4.29029 4.29029 4.29029 4.29029 4.29029 4.29029
26.8240 26.8240 26.8240 26.8240 26.8240 26.8240 23.2793 20.4071 20.3816 18.6607 19.0973 19.9000 21.0017 22.4381 22.7693 22.7693 22.7693 22.7693 22.7693 22.7693 22.7693 22.7693 22.7693 22.7693 22.7693 22.7693 13.0103 9.81776 9.81776 9.81776 9.81776 9.81776 9.81776 9.81776 9.81776 9.81776 9.81776 9.81776 9.72954 9.30540 8.84824 8.39155 7.76286 5.08834 5.05024 5.05024 5.05024 5.05024 5.05024 5.05024 5.05024 5.05024 5.05024 5.05024 5.05024 5.05024 5.05024 5.05024 5.05024 4.52899 4.29029 4.29029 4.29029 4.29029 4.29029 4.29029 4.29029
26.8240 26.8240 26.8240 26.8240 26.8240 26.8240 25.8855 23.0326 24.8131 24.0813 22.7693 22.7693 22.7693 22.7693 22.7693 22.7693 22.7693 22.7693 22.7693 22.7693 22.7693 22.7693 22.7693 22.7693 22.7693 22.7693 16.7183 9.81776 9.81776 9.81776 9.81776 9.81776 9.81776 9.67693 9.23109 8.77370 8.31724 7.85989 7.49138 7.45883 7.45883 7.45883 7.45883 5.66883 5.05024 5.05024 5.05024 5.05024 5.05024 5.05024 5.05024 5.05024 5.05024 5.05024 5.05024 5.05024 5.05024 5.05024 5.05024 4.74255 4.29029 4.29029 4.29029 4.29029 4.29029 4.29029 4.29029
26.8240 26.8240 26.8240 26.8240 26.8240 26.8240 26.8240 26.8240 26.8240 25.3590 22.7693 22.7693 22.7693 22.7693 22.7693 22.7693 22.7693 22.7693 22.7693 22.7693 22.7693 22.7693 22.7693 22.7693 22.7693 22.7693 20.4328 9.81776 9.61253 9.15655 8.69939 8.24270 7.78554 7.46944 7.45883 7.45883 7.45883 7.45883 7.45883 7.45883 7.45883 7.45883 7.45883 6.34873 5.05024 5.05024 5.05024 5.05024 5.05024 5.05024 5.05024 5.05024 5.05024 5.05024 5.05024 5.05024 5.05024 5.05024 5.05024 4.95585 4.29067 4.29029 4.29029 4.29029 4.29029 4.29029 4.29029
26.8240 26.8240 26.8240 26.8240 26.8240 26.8240 26.8240 26.8240 26.8240 26.4956 22.8070 22.7693 22.7693 22.7693 22.7693 22.7693 22.7693 22.7693 22.7693 22.7693 22.7693 22.7693 22.7693 21.8561 19.9732 18.0904 16.1765 8.35379 7.45954 7.45883 7.45883 7.45883 7.45883 7.45883 7.45883 7.45883 7.45883 7.45883 7.45883 7.45883 7.45883 7.45883 7.45883 7.02865 5.05024 5.05024 5.05024 5.05024 5.05024 5.05024 5.05024 5.05024 5.05024 5.05024 5.05024 5.05024 5.05024 5.05024 5.05024 5.05024 4.40968 4.29029 4.33100 4.76761 5.30393 5.84054 6.37686
26.8240 26.8240 26.8240 26.8240 26.8240 26.8240 26.8240 26.8240 26.8240 26.8240 23.6532 22.7693 22.7693 22.7693 22.7693 22.7693 22.7693 22.7693 21.8203 19.9544 18.0716 16.1887 14.3068 13.3551 13.3551 13.3551 13.3551 9.76662 7.45883 7.45883 7.45883 7.45883 7.45883 7.45883 7.45883 7.45883 7.45883 7.45883 7.45883 7.45883 7.45883 7.45883 7.45883 7.45305 5.30603 5.05024 5.05024 5.05024 5.05024 5.05024 5.05024 5.05024 5.05024 5.05024 5.05024 5.05024 5.05024 5.27945 6.01996 6.78024 6.74431 6.64502 7.14062 7.24034 7.24034 7.24034 7.24034
26.8240 26.8240 26.8240 26.8240 26.8240 26.8240 26.8240 26.8240 26.8240 26.8240 24.8279 22.7693 22.7693 21.7996 19.9196 18.0527 16.1699 14.2871 13.3551 13.3551 13.3551 13.3551 13.3551 13.3551 13.3551 13.3551 13.3551 11.4518 7.45883 7.45883 7.45883 7.45883 7.45883 7.45883 7.45883 7.45883 7.45883 7.45883 7.45883 7.45883 7.45883 7.45883 7.45883 7.45883 5.98020 5.05024 5.05024 5.05024 5.05024 5.05024 5.05024 5.05307 5.49737 6.25724 7.01671 7.77699 8.53646 9.06672 9.08569 9.08569 8.56372 7.24034 7.24034 7.24034 7.24034 7.24034 7.24034
26.8240 26.8240 26.8240 26.8240 26.8240 26.8240 26.8240 26.8240 26.2288 24.8454 22.4143 16.1511 14.2682 13.3551 13.3551 13.3551 13.3551 13.3551 13.3551 13.3551 13.3551 13.3551 13.3551 13.3551 13.3551 13.3551 13.3551 13.0208 7.57087 7.45883 7.45883 7.45883 7.45883 7.45883 7.45883 7.45883 7.45883 7.45883 7.45883 7.45883 7.45883 7.45883 7.45883 7.45883 6.66038 5.05024 5.11077 5.73465 6.49412 7.25360 8.01307 8.77052 9.08569 9.08569 9.08569 9.08569 9.08569 9.08569 9.08569 9.08569 9.01778 7.30123 7.24034 7.24034 7.24034 7.24034 7.24034
26.8240 26.8240 26.8240 26.4219 25.0746 23.6871 22.3010 20.9142 20.1246 20.1213 20.0807 13.9739 13.3551 13.3551 13.3551 13.3551 13.3551 13.3551 13.3551 13.3551 13.3551 13.3551 13.3551 13.3551 13.3551 13.3551 13.3551 13.3551 8.91638 7.45883 7.45883 7.45883 7.45883 7.45883 7.45883 7.45883 7.45883 7.45883 7.45883 7.45883 7.45883 7.49708 7.68345 7.88437 7.98623 8.24114 8.94929 9.08569 9.08569 9.08569 9.08569 9.08569 9.08569 9.08569 9.08569 9.08569 9.08569 9.08569 9.08569 9.08569 9.08569 7.74860 7.24034 7.24034 7.24034 7.24034 7.24034
23.9164 22.5302 21.1434 20.1608 20.1213 20.1213 20.1213 20.1213 20.1213 20.1213 20.1213 15.8808 13.3551 13.3551 13.3551 13.3551 13.3551 13.3551 13.3551 13.3551 13.3551 13.3551 13.3551 13.3551 13.3551 13.3551 13.3551 13.3551 10.6003 7.45883 7.45883 7.45883 7.45883 7.45883 7.45883 7.45883 7.52161 7.71827 7.91919 8.12001 8.32104 8.48360 8.49826 8.49826 8.49826 8.94880 9.08569 9.08569 9.08569 9.08569 9.08569 9.08569 9.08569 9.08569 9.08569 9.08569 9.08569 9.08569 9.08569 9.08569 9.08569 8.26369 7.24034 7.24034 7.24034 7.24034 7.24034
20.1213 20.1213 20.1213 20.1213 20.1213 20.1213 20.1213 20.1213 20.1213 20.1213 20.1213 17.8269 13.3551 13.3551 13.3551 13.3551 13.3551 13.3551 13.3551 13.3551 13.3551 13.3551 13.3551 13.3551 13.3551 13.3551 13.3551 13.3551 12.2855 7.45883 7.45883 7.55217 7.75309 7.95391 8.15494 8.35575 8.49389 8.49826 8.49826 8.49826 8.49826 8.49826 8.49826 8.49826 8.49826 8.78284 9.08569 9.08569 9.08569 9.08569 9.08569 9.08569 9.08569 9.08569 9.08569 9.08569 9.08569 9.08569 9.08569 9.08569 9.08569 8.77899 7.24034 7.24034 7.24034 7.24034 7.24034
20.1213 20.1213 20.1213 20.1213 20.1213 20.1213 20.1213 20.1213 20.1213 20.1213 20.1213 19.6741 13.4572 13.3551 13.3551 13.3551 13.3551 13.3551 13.3551 13.3551 13.3551 13.3551 13.3551 13.3551 13.3551 13.3551 13.2874 13.1584 13.0141 8.65389 8.39057 8.49816 8.49826 8.49826 8.49826 8.49826 8.49826 8.49826 8.49826 8.49826 8.49826 8.49826 8.49826 8.49826 8.49826 8.61705 9.08569 9.08569 9.08569 9.08569 9.08569 9.08569 9.08569 9.08569 9.08569 9.08569 9.08569 9.08569 9.08569 9.08569 9.08569 9.08329 7.45108 7.24034 7.24034 7.26172 7.65261
20.1213 20.1213 20.1213 20.1213 20.1213 20.1213 20.1213 20.1213 20.1213 20.1213 20.1213 20.1213 14.9571 13.3551 13.3551 13.3551 13.3551 13.3551 13.3551 13.3551 13.3551 13.2886 13.1597 13.0303 12.9004 12.7715 12.7102 12.7102 12.7102 10.1323 8.49826 8.49826 8.49826 8.49826 8.49826 8.49826 8.49826 8.49826 8.49826 8.49826 8.49826 8.49826 8.49826 8.49826 8.49826 8.50214 9.03476 9.08569 9.08569 9.08569 9.08569 9.08569 9.08569 9.08569 9.08569 9.08569 9.08569 9.08569 9.08569 9.08569 9.04168 8.87387 8.49602 8.96367 9.49121 9.99507 10.1294
20.1213 20.1213 20.1213 20.1213 20.1213 20.1213 20.1213 20.1213 20.1213 20.1213 20.1213 20.1213 16.9060 13.3551 13.3551 13.3551 13.2899 13.1610 13.0311 12.9017 12.7728 12.7102 12.7102 12.7102 12.7102 12.7102 12.7102 12.7102 12.7102 11.3270 8.49826 8.49826 8.49826 8.49826 8.49826 8.49826 8.49826 8.49826 8.49826 8.49826 8.49826 8.49826 8.49826 8.49826 8.49826 8.49826 8.87275 9.08569 9.08569 9.08569 9.08569 9.08569 9.08569 9.08569 9.08560 8.99246 8.81728 8.64228 8.46691 8.29201 8.16065 8.15338 8.80487 10.1294 10.1294 10.1294 10.1294
20.1213 20.1213 20.1213 20.1213 20.1213 20.1213 20.1213 20.1213 20.1213 20.1213 20.1213 19.9882 18.4531 13.0320 12.9030 12.7740 12.7102 12.7102 12.7102 12.7102 12.7102 12.7102 12.7102 12.7102 12.7102 12.7102 12.7102 12.7102 12.7102 12.4520 8.56817 8.49826 8.49826 8.49826 8.49826 8.49826 8.49826 8.49826 8.49826 8.49826 8.49826 8.49826 8.49826 8.49826 8.49826 8.49826 8.70691 9.08569 9.08569 9.07459 8.93596 8.76068 8.58569 8.41032 8.23542 8.15338 8.15338 8.15338 8.15338 8.15338 8.15338 8.15338 8.28261 10.1023 10.1294 10.1294 10.1294
20.1213 20.1213 20.1213 20.1213 20.1213 20.1213 20.0254 19.7342 19.4376 19.1409 18.8442 18.6806 18.6599 13.3262 12.7102 12.7102 12.7102 12.7102 12.7102 12.7102 12.7102 12.7102 12.7102 12.7102 12.7102 12.7102 12.7102 12.7102 12.7102 12.7102 9.50523 8.49826 8.49826 8.49826 8.49826 8.49826 8.49826 8.49826 8.49826 8.49826 8.49826 8.49826 8.49826 8.49826 8.52382 8.65327 8.82605 8.53774 8.35382 8.18983 8.15338 8.15338 8.15338 8.15338 8.15338 8.15338 8.15338 8.15338 8.15338 8.15338 8.15338 8.15338 8.15338 9.68179 10.1294 10.1294 10.1294
20.1213 20.0564 19.7767 19.4800 19.1832 18.8865 18.6858 18.6802 18.6802 18.6802 18.6802 18.6802 18.6802 15.0189 12.7102 12.7102 12.7102 12.7102 12.7102 12.7102 12.7102 12.7102 12.7102 12.7102 12.7102 12.7102 12.7102 12.7102 12.7102 12.7102 10.6996 8.49826 8.49826 8.49826 8.49826 8.49826 8.49826 8.49826 8.49826 8.54030 8.67701 8.81750 8.95806 9.09826 9.21327 9.22430 9.22430 8.37598 8.15338 8.15338 8.15338 8.15338 8.15338 8.15338 8.15338 8.15338 8.15338 8.15338 8.15338 8.15338 8.15338 8.15338 8.15338 9.13191 10.1294 10.1294 10.1294
18.9290 18.6972 18.6802 18.6802 18.6802 18.6802 18.6802 18.6802 18.6802 18.6802 18.6802 18.6802 18.6802 16.7308 12.7102 12.7102 12.7102 12.7102 12.7102 12.7102 12.7102 12.7102 12.7102 12.7102 12.7102 12.7102 12.7102 12.7102 12.7102 12.7102 11.8949 8.49826 8.49826 8.49826 8.56077 8.70090 8.84139 8.98180 9.12222 9.22067 9.22430 9.22430 9.22430 9.22430 9.22430 9.22430 9.22430 8.67700 8.15338 8.15338 8.15338 8.15338 8.15338 8.15338 8.15338 8.15338 8.15338 8.15338 8.15338 8.15338 8.15338 8.15338 8.15338 8.58222 10.1294 10.1294 10.1294
18.6802 18.6802 18.6802 18.6802 18.6802 18.6802 18.6802 18.6802 18.6802 18.6802 18.6802 18.6802 18.6802 18.3309 12.8230 12.7102 12.7102 12.7102 12.7102 12.7102 12.7102 12.7102 12.7102 12.7102 12.7102 12.7102 12.7102 12.7102 12.7119 13.6089 15.2386 9.81260 9.00562 9.14611 9.22408 9.22430 9.22430 9.22430 9.22430 9.22430 9.22430 9.22430 9.22430 9.22430 9.22430 9.22430 9.22430 8.97800 8.15338 8.15338 8.15338 8.15338 8.15338 8.15338 8.15338 8.15338 8.15338 8.15338 8.15338 8.15338 8.15338 8.15338 8.15338 8.17492 9.98713 10.1294 10.1294
18.6802 18.6802 18.6802 18.6802 18.6802 18.6802 18.6802 18.6802 18.6802 18.6802 18.6802 18.6802 18.6802 18.6802 14.1860 12.7102 12.7102 12.7102 12.7102 12.7102 12.7102 12.7102 12.7102 12.7119 13.6089 15.2580 16.9070 18.5560 20.2042 20.9719 20.9719 13.6170 9.22430 9.22430 9.22430 9.22430 9.22430 9.22430 9.22430 9.22430 9.22430 9.22430 9.22430 9.22430 9.22430 9.22430 9.22430 9.20899 8.22300 8.15338 8.15338 8.15338 8.15338 8.15338 8.15338 8.15338 8.15338 8.15338 8.15338 8.15338 8.15338 8.15338 8.15338 8.19076 9.23579 9.33199 8.97527
18.6802 18.6802 18.6802 18.6802 18.6802 18.6802 18.6802 18.6802 18.6802 18.6802 18.6802 18.6802 18.6802 18.6802 15.8999 12.7102 12.7102 12.7102 12.7119 13.6089 15.2580 16.9070 18.5560 20.2042 20.9719 20.9719 20.9719 20.9719 20.9719 20.9719 20.9719 16.9515 9.22430 9.22430 9.22430 9.22430 9.22430 9.22430 9.22430 9.22430 9.22430 9.22430 9.22430 9.22430 9.22430 9.22430 9.22430 9.22430 8.50882 8.15338 8.15338 8.15338 8.15338 8.15338 8.15338 8.15338 8.15338 8.15338 8.23241 8.38662 8.54082 8.69503 8.84932 8.96615 8.66450 8.16726 8.16726
18.6802 18.6802 18.6802 18.6802 18.6802 18.6802 18.6802 18.6802 18.6802 18.6802 18.6802 18.6802 18.6802 18.6802 18.3959 15.2580 16.9070 18.5560 20.2042 20.9719 20.9719 20.9719 20.9719 20.9719 20.9719 20.9719 20.9719 20.9719 20.9719 20.9719 20.9719 20.1391 9.36878 9.22430 9.22430 9.22430 9.22430 9.22430 9.22430 9.22430 9.22430 9.22430 9.22430 9.22430 9.22430 9.22430 9.22430 9.22430 8.80970 8.15338 8.15338 8.15338 8.16174 8.28119 8.43540 8.58960 8.74373 8.89802 8.97320 8.97320 8.97320 8.97320 8.97320 8.97320 8.88692 8.16887 8.16726
