High_resolution/powerplant/Fengdu/OMI_NO2_200611.asc
ncols      200
nrows      200
xllcorner       105.978
yllcorner       28.1831
cellsize     0.0166667
NODATA_Value      -999.000
[rows 0 to 28 of 200, columns 66 to 131 of 200]
1.17702 1.20268 1.32710 1.44727 1.45049 1.48102 1.90186 1.88466 1.86897 1.86210 1.86210 1.89069 2.03766 2.17900 2.30323 2.41122 2.44563 2.44563 2.49702 2.56405 2.79725 2.82163 2.82522 3.02606 2.93177 2.91753 2.55859 2.55113 2.55113 2.55113 2.55113 2.55113 2.55113 2.55113 2.69288 2.80816 2.90805 2.93066 2.58617 2.57167 2.56190 2.55346 2.55119 2.55119 2.55119 2.55119 2.34833 2.52467 2.76289 2.64916 2.88698 3.16911 3.06152 2.96722 2.92226 2.92226 2.58705 2.19529 2.19529 2.19529 2.19529 2.19515 2.18303 2.16426 2.07413 1.78322
1.83934 1.89589 1.90127 1.90127 1.83594 1.36181 1.86210 1.94205 2.09574 2.22998 2.34809 2.43648 2.44563 2.44563 2.44563 2.44563 2.44563 2.44563 2.46071 2.56331 2.73182 2.82163 2.82163 2.97799 2.93177 2.93177 2.62907 2.55113 2.55113 2.55113 2.55113 2.55113 2.55113 2.55113 2.76312 2.93415 3.00292 3.00386 2.68037 2.55120 2.55119 2.56317 2.63160 2.70197 2.76711 2.82815 2.80176 2.64324 2.76552 2.63050 2.55008 2.92226 2.92226 2.90444 2.86596 2.82952 2.68924 2.11642 2.10106 2.08642 2.07247 2.05925 2.05416 2.01651 1.94289 1.54479
1.90127 1.90127 1.91261 2.04208 2.18522 1.88784 2.34431 2.44558 2.44563 2.44563 2.44563 2.44563 2.44563 2.44563 2.44563 2.44563 2.44563 2.44563 2.44563 2.54193 2.66559 2.82163 2.82163 2.91348 2.93703 2.93177 2.71396 2.55113 2.55113 2.55113 2.55113 2.55113 2.55113 2.55113 2.65672 2.93023 2.98692 3.00876 2.88974 2.75838 2.80859 2.85845 2.88329 2.91054 2.93502 2.93030 2.89274 2.42821 2.54087 2.50155 2.28166 2.59539 2.64727 2.63590 2.63588 2.63588 2.63582 2.13705 2.05430 2.03539 1.97107 1.90475 1.83859 1.80993 1.80993 1.55673
2.23668 2.35579 2.45489 2.47501 2.47501 2.20708 2.30526 2.44563 2.44563 2.44563 2.44563 2.44563 2.44563 2.44563 2.44563 2.44563 2.44563 2.44563 2.44563 2.50558 2.59946 2.82163 2.82163 2.82821 2.95209 2.93177 2.79854 2.55113 2.55113 2.55113 2.55113 2.55113 2.55303 2.55999 2.57694 2.93434 2.98400 2.97782 2.94119 2.82881 2.78605 2.77778 2.75320 2.72265 2.69523 2.68971 2.68971 2.39895 2.40196 2.40294 2.23100 2.51881 2.61322 2.63802 2.63851 2.63292 2.58111 2.22066 1.92670 1.89020 1.89532 1.90140 1.89083 1.87357 1.85664 1.82077
2.47501 2.47501 2.47501 2.47501 2.47501 2.32503 2.20994 2.44563 2.44563 2.44563 2.44563 2.44563 2.44563 2.44563 2.44563 2.44563 2.44563 2.44563 2.44563 2.46918 2.56349 2.79142 2.82163 2.82163 2.90162 2.93177 2.88312 2.55140 2.55160 2.54293 2.53377 2.52828 2.52293 2.51368 2.52683 2.82941 2.90578 2.82919 2.84149 2.77836 2.72907 2.73310 2.73715 2.74125 2.74532 2.74940 2.75348 2.60862 2.41793 2.44359 2.34809 2.47344 2.56883 2.55529 2.49991 2.43640 2.40505 2.25897 1.87494 1.85220 1.82949 1.80742 1.80091 1.80161 1.80395 1.82952
2.46346 2.47501 2.47501 2.47501 2.47501 2.43982 2.11769 2.44563 2.44563 2.44563 2.44563 2.44563 2.44563 2.44563 2.44445 2.44017 2.43577 2.43137 2.42697 2.42295 2.54769 2.71758 2.73781 2.71604 2.72476 2.82190 2.80896 2.56848 2.54378 2.55036 2.58002 2.61491 2.64764 2.67899 2.68795 2.85800 3.03867 2.90453 2.90934 2.87758 2.80295 2.79733 2.80342 2.80946 2.81566 2.82182 2.82791 2.81886 2.47063 2.47796 2.40113 2.20991 2.27745 2.31731 2.29470 2.28555 2.28555 2.27692 1.83279 1.80354 1.80594 1.79884 1.78164 1.76375 1.74422 1.73274
2.38845 2.51645 2.53301 2.54964 2.56648 2.58494 2.24586 2.40747 2.40852 2.40629 2.40410 2.40187 2.40906 2.47911 2.56191 2.64787 2.73392 2.81992 2.90670 3.00460 3.14326 2.99589 2.66058 2.66873 2.67060 2.98430 3.03310 2.92351 2.89598 2.93619 2.95324 2.96176 2.97025 2.97902 2.98751 3.05332 3.30534 3.18581 3.15333 3.13513 3.03769 2.98935 2.99852 3.00896 3.01358 2.98270 2.94575 2.90886 2.63108 2.56221 2.56095 2.20530 2.20503 2.28070 2.24401 2.19069 2.13705 2.07167 1.86165 1.76113 1.74152 1.73145 1.73145 1.73145 1.73145 1.73145
2.54159 2.77365 2.77586 2.77805 2.78023 2.80514 2.63356 2.63733 2.74694 2.83083 2.91472 2.99849 3.07301 3.08464 3.08840 3.10323 3.11877 3.13432 3.14913 3.15287 3.17756 3.17885 2.69175 2.69164 2.69268 3.07544 3.22063 3.11823 3.00127 3.00127 3.00127 3.00127 3.00127 3.00127 3.00226 3.13107 3.34041 3.25642 3.19767 3.20834 3.14378 3.02478 2.97771 2.93035 2.88881 2.88279 2.88279 2.88279 2.75097 2.54152 2.49579 2.19172 2.01769 2.01383 2.00145 1.98185 1.96241 1.95486 1.87622 1.73145 1.73145 1.73145 1.73145 1.73145 1.73145 1.73170
2.52877 2.94023 2.98416 3.02483 3.06523 3.08137 3.04897 3.03328 3.08464 3.08469 3.09375 3.10930 3.12484 3.14038 3.15215 3.15287 3.15287 3.15287 3.15287 3.15287 3.15496 3.23821 2.76768 2.69164 2.69164 2.91971 3.22063 3.16638 3.03329 3.22335 3.42342 3.61252 3.79095 3.96002 4.11944 4.18210 3.68785 3.34375 3.23419 3.23419 3.18935 2.94059 2.88279 2.88279 2.87389 2.83129 2.78554 2.73975 2.66681 2.33896 2.31639 2.14457 1.87663 1.91279 1.95486 1.95486 1.95501 1.96089 1.95436 1.74803 1.74940 1.75475 1.76033 1.76614 1.77221 1.77982
2.62555 2.99433 3.08137 3.08137 3.08137 3.08313 3.09071 3.04030 3.13090 3.14639 3.15287 3.15287 3.15287 3.15287 3.15287 3.15287 3.15287 3.15287 3.15287 3.15287 3.15287 3.21255 3.04065 3.09437 3.34196 3.62171 4.05241 4.21138 4.16880 4.18210 4.18210 4.18210 4.18210 4.18210 4.18210 4.18210 3.90212 3.37923 3.23723 3.23191 3.16392 2.94378 2.75473 2.70885 2.66528 2.59090 2.49708 2.39601 2.30130 2.31714 2.32265 2.29831 1.96318 1.99792 2.02000 2.03166 2.04358 2.04777 2.04777 1.84613 1.77967 1.77967 1.79629 1.83263 1.87352 1.91742
2.57837 2.89163 3.10260 3.11815 3.13369 3.14746 3.14959 3.07479 3.15282 3.15287 3.15287 3.15287 3.15287 3.15287 3.15287 3.15287 3.15287 3.15287 3.15287 3.15287 3.15287 3.76085 4.45643 4.17056 4.17056 4.19191 4.32616 4.36490 4.21724 4.18210 4.18210 4.18210 4.18210 4.18210 4.18210 4.16138 4.03015 3.24499 3.06068 2.96567 2.95297 2.84276 2.55266 2.47391 2.39911 2.40232 2.42540 2.44845 2.46551 2.49243 2.44419 2.44419 2.12093 2.06455 2.04846 2.04772 2.04297 2.03536 2.03849 1.94790 1.82001 1.85268 1.86601 1.85653 1.84703 1.84514
2.84019 3.07826 3.14961 3.14959 3.14959 3.14959 3.14959 3.09210 3.13844 3.15287 3.15287 3.15287 3.15287 3.15287 3.15287 3.15287 3.15287 3.15287 3.15287 3.15287 3.15287 3.35211 4.56582 4.17136 4.17056 4.17985 4.28285 4.36490 4.25728 4.18210 4.17816 4.12919 4.09667 4.07949 4.06215 4.06548 4.10653 3.45230 3.10956 2.89059 2.81379 2.77436 2.56557 2.51569 2.52309 2.53049 2.53788 2.54528 2.55266 2.55299 2.36272 2.35458 2.12888 1.94772 1.91413 1.92676 1.96854 2.01914 2.06797 2.03834 1.77370 1.79292 1.81214 1.83134 1.85055 1.86217
2.85105 3.06442 3.13606 3.15627 3.20119 3.24844 3.26647 3.12049 3.11285 3.15287 3.15287 3.15287 3.15287 3.15287 3.15287 3.15287 3.15287 3.15287 3.15287 3.15319 3.16132 3.17252 4.43948 4.27498 4.25246 4.31640 4.41219 4.50159 4.42954 4.30953 4.30357 4.34268 4.36238 4.34519 4.32198 4.29629 4.27150 3.74924 3.20910 2.92385 2.92385 2.90665 2.75552 2.60138 2.60138 2.60138 2.60136 2.60128 2.60122 2.59340 2.37868 2.34218 2.21562 2.06054 2.11653 2.14439 2.16360 2.18280 2.19675 2.19741 1.91155 1.86947 1.90375 1.94140 2.03721 2.17057
3.01866 3.22968 3.33963 3.40351 3.41691 3.44043 3.46047 3.26180 3.19224 3.21884 3.23010 3.24130 3.25253 3.27108 3.29951 3.32841 3.39242 3.50385 3.61511 3.72610 3.82956 3.95320 4.91775 4.94497 4.69084 4.62938 4.51048 4.53932 4.53698 4.36894 4.33837 4.30503 4.27222 4.26605 4.26596 4.26592 4.26579 4.00384 3.29537 2.93059 2.92108 2.91549 2.85340 2.60211 2.59666 2.52968 2.43249 2.34926 2.30018 2.24839 2.04655 1.88272 1.88598 2.17902 2.19005 2.19741 2.19444 2.15352 2.10109 2.05193 2.07712 2.20778 2.30683 2.40255 2.43993 2.43993
3.52156 3.74395 3.92094 4.01086 4.03908 4.05336 4.06711 4.02347 3.91490 3.87273 3.97333 4.07320 4.17343 4.26624 4.34909 4.43188 4.47894 4.57213 4.85870 5.15092 5.44326 5.71185 5.87595 5.16179 4.81816 4.81816 4.62651 4.47833 4.47074 4.28038 4.26505 4.26505 4.26505 4.26505 4.26505 4.26505 4.26505 4.23067 3.29590 2.85328 2.64437 2.52798 2.37901 2.12241 2.01640 2.02464 2.06854 2.10410 2.10603 2.10603 2.03505 1.87356 1.85482 2.04331 2.08214 2.02173 2.05019 2.13514 2.23153 2.32466 2.37364 2.43993 2.43993 2.43993 2.43993 2.43993
3.68691 3.84550 4.07001 4.11388 4.10589 4.09091 4.07595 4.02667 4.27516 4.48485 4.47913 4.47913 4.48453 4.68118 4.97366 5.26601 5.55823 5.75771 5.76361 5.76361 5.76361 5.76361 5.81550 5.50706 4.82058 4.81816 4.69832 4.46723 4.46723 4.32429 4.26505 4.25989 4.15901 4.02281 3.88608 3.74979 3.61324 3.47687 2.76187 2.33505 2.14465 2.14465 2.12394 2.10542 2.10603 2.10603 2.10603 2.09575 2.05575 2.01383 1.93772 1.76044 1.77614 1.98365 2.22610 2.32297 2.35119 2.35119 2.35119 2.35119 2.35276 2.43419 2.43993 2.43993 2.43993 2.43993
3.58357 3.65794 3.98163 4.02048 4.04778 4.04778 4.04778 4.03654 4.15480 4.82999 5.08862 5.38097 5.66805 5.76361 5.76361 5.76361 5.76361 5.76361 5.76361 5.76361 5.76361 5.76361 5.76361 5.75615 4.90861 4.78643 4.60858 4.16947 4.03301 3.79817 3.55791 3.42660 3.39084 3.39084 3.39084 3.39084 3.39084 3.39084 2.99130 2.43321 2.14465 2.14465 2.13685 2.06913 2.02719 1.98531 1.94339 1.91175 1.90986 1.90986 1.89107 1.90847 1.98156 2.06969 2.34708 2.35894 2.35119 2.35119 2.35119 2.35119 2.35119 2.40913 2.43993 2.43993 2.43993 2.43993
3.57623 3.58547 3.96962 3.99985 4.15969 4.39346 4.62744 4.86132 5.19725 5.79749 5.76361 5.76361 5.76361 5.76361 5.76361 5.76361 5.76361 5.76361 5.76361 5.76361 5.76361 5.76361 5.76361 5.60898 4.27662 3.95086 3.94289 3.61776 3.59302 3.53934 3.39084 3.39084 3.39084 3.39084 3.39084 3.39084 3.39084 3.39084 3.24824 2.61068 2.31003 2.36331 2.41721 1.95355 1.92300 1.93732 1.95163 1.96595 1.98028 1.99460 2.00494 1.97285 2.07576 2.08970 2.41656 2.41460 2.35119 2.35119 2.35119 2.35119 2.35119 2.38252 2.44034 2.44535 2.45167 2.45797
3.68676 3.83406 4.29939 4.54366 5.04789 5.07537 5.07537 5.07537 5.16010 5.67056 5.76361 5.76361 5.76361 5.76361 5.76361 5.76361 5.76361 5.76361 5.76361 5.76361 5.76361 5.76361 5.76361 5.75555 4.43826 3.94395 3.94395 3.68836 3.59302 3.58200 3.39278 3.39084 3.39084 3.39710 3.45131 3.51624 3.58421 3.65255 3.68823 2.90988 2.59214 2.52621 2.54052 2.22446 2.03214 2.03338 2.03463 2.03587 2.03713 2.03837 2.03962 2.01154 2.10467 2.12564 2.40267 2.49892 2.44605 2.45002 2.45630 2.46262 2.46892 2.48203 2.57761 2.59094 2.60164 2.61233
4.20494 4.20494 4.43858 4.61035 4.91409 5.07537 5.07794 5.11877 5.19325 5.52922 5.76393 5.76361 5.76361 5.76361 5.76361 5.76361 5.76361 5.76361 5.76361 5.76361 5.76361 5.76361 5.76361 5.76349 4.94746 3.95253 3.96515 3.80062 3.65567 3.70894 3.56193 3.57538 3.64499 3.70831 3.72368 3.72836 3.72996 3.73120 3.73245 3.16887 2.72613 2.57691 2.57816 2.40842 2.05297 2.05297 2.05297 2.05297 2.05297 2.05297 2.05297 2.05975 2.11883 2.16323 2.34457 2.54271 2.51555 2.51160 2.52229 2.53300 2.54369 2.55374 2.62288 2.64471 2.65604 2.70599
4.20767 4.24889 4.45145 4.76146 4.97443 5.33311 5.38416 5.39690 5.38941 5.38090 5.81606 5.81878 5.84177 5.86479 5.88777 5.91080 5.93382 5.95684 5.97983 6.00120 6.00692 6.00805 6.00126 5.99233 5.48605 4.32027 4.36474 4.33122 4.21582 4.25323 3.96779 3.78238 3.78633 3.79015 3.79398 3.79786 3.80175 3.80556 3.80937 3.47916 2.88453 2.66168 2.66559 2.64367 2.16224 2.15131 2.15523 2.15904 2.17640 2.21483 2.25341 2.29629 2.35300 2.42669 2.48017 2.59533 2.57774 2.55597 2.55597 2.56243 2.62990 2.71240 2.78669 2.72663 2.62876 2.49238
4.58474 4.61054 4.68957 5.05695 5.09972 5.54345 5.57103 5.58749 5.60380 5.54125 5.99346 5.95554 5.93267 5.89762 5.86035 5.81989 5.77688 5.73012 5.67954 5.62807 5.54341 5.37642 5.21803 5.06183 4.99478 4.38798 4.34541 4.34713 4.35890 4.35890 4.17477 3.88046 3.88046 3.88046 3.88046 3.88046 3.88046 3.88046 3.88046 3.77644 3.01451 2.73592 2.75708 2.79178 2.44902 2.33543 2.37018 2.40488 2.42605 2.42628 2.42628 2.42827 2.43735 2.47011 2.47440 2.62181 2.69706 2.76912 2.82856 2.77758 2.65302 2.51357 2.38046 2.32315 2.32315 2.32315
4.61703 4.61703 4.62011 5.03164 5.07645 5.54070 5.81530 5.96041 6.10574 6.27292 6.03209 5.61280 5.59318 5.59318 5.59318 5.58617 5.46825 5.31204 5.15584 4.99970 4.90672 4.90597 4.90597 4.90597 4.93809 4.58894 4.34541 4.34542 4.35795 4.35890 4.27986 3.88046 3.88046 3.88046 3.88046 3.83834 3.75127 3.66420 3.57702 3.48995 3.23840 3.02498 2.95207 2.95207 2.73397 2.42628 2.42628 2.42628 2.42628 2.42628 2.44599 2.51042 2.58671 2.65385 2.69134 2.72430 2.65626 2.49524 2.37678 2.36423 2.36423 2.36423 2.36423 2.32901 2.32315 2.32315
5.11169 5.25681 5.40214 5.87295 6.11275 6.32074 6.59440 6.59440 6.59440 6.61881 6.37339 5.55490 5.40578 5.24957 5.09337 4.94424 4.90597 4.90597 4.90597 4.90597 4.90597 4.90597 4.90597 4.90597 4.90597 4.79893 4.34566 4.34541 4.34875 4.28214 4.19176 3.65894 3.54259 3.45530 3.36828 3.32338 3.32338 3.32338 3.32338 3.32338 3.28322 3.10496 2.95207 2.95207 2.89192 2.43467 2.48972 2.55564 2.62168 2.68762 2.74526 2.78373 2.82544 2.75467 2.34989 2.36528 2.43544 2.38115 2.36423 2.36423 2.36423 2.36423 2.36423 2.34128 2.32315 2.32315
5.68958 5.68958 5.68958 5.92405 6.12938 6.17862 6.59176 6.53836 6.44464 6.35160 6.16717 4.92615 4.90597 4.90597 4.90597 4.90597 4.90597 4.90597 4.90597 4.90597 4.90597 4.90597 4.88445 4.80485 4.72926 4.66602 3.96943 3.88583 3.81189 3.80183 3.80183 3.45447 3.32338 3.32338 3.32338 3.32338 3.32338 3.32338 3.32338 3.32338 3.30177 3.17114 2.92219 2.90236 2.88255 2.75271 2.74724 2.78430 2.82050 2.85471 2.87928 2.88298 2.89129 2.89468 2.33865 2.24382 2.36400 2.36423 2.36423 2.36423 2.36423 2.36423 2.36423 2.35353 2.32315 2.32315
5.68958 5.68958 5.73141 6.31579 7.15400 7.69464 6.64794 6.18207 6.18207 6.18207 6.19991 5.10032 4.90597 4.90597 4.90597 4.90597 4.86796 4.78660 4.71266 4.64545 4.58401 4.52773 4.48805 4.48571 4.48571 4.46301 3.90327 3.78834 3.79249 3.80183 3.80183 3.55959 3.32338 3.32338 3.32338 3.32338 3.32053 3.30282 3.28301 3.24445 3.18295 3.06402 2.88400 2.92109 2.95752 2.92828 2.89240 2.89572 2.89583 2.89919 2.90511 2.91122 2.90958 2.87883 2.49303 2.19297 2.28398 2.30185 2.29502 2.28819 2.28136 2.27452 2.26765 2.25997 2.21533 2.18424
6.86213 7.40276 7.90179 8.05198 8.44074 8.44074 7.35229 6.18207 6.18207 6.18305 6.21003 5.31026 4.69643 4.63064 4.57045 4.51523 4.48584 4.48571 4.48571 4.48571 4.48571 4.48571 4.48571 4.48571 4.48571 4.48169 4.09574 3.78834 3.78975 3.80183 3.80142 3.63370 3.27320 3.22442 3.17433 3.12331 3.07389 3.03958 3.01602 3.03132 3.06426 3.04394 3.09902 3.12952 3.13931 3.11876 3.00661 3.01527 3.02405 3.02792 3.02792 3.02792 3.00009 2.79308 2.61664 2.12431 2.15655 2.22196 2.20546 2.16217 2.11848 2.07479 2.03111 1.98745 1.91647 1.88084
8.00094 8.00094 8.00094 8.00206 8.47327 8.63086 8.35729 6.60558 6.72220 6.83798 6.73563 5.24381 4.48571 4.48571 4.48288 4.45070 4.41078 4.37106 4.33133 4.29161 4.25189 4.21210 4.17225 4.12521 4.06845 4.01486 3.82536 3.20925 3.11793 3.04095 2.95220 2.90706 3.05560 3.04805 3.04978 3.07049 3.08935 3.10624 3.11496 3.10851 3.10178 3.06016 3.04661 3.07439 3.06598 3.05687 2.90698 2.88219 2.87374 2.86520 2.85668 2.84719 2.83216 2.64243 2.59764 2.00739 2.02225 1.94947 1.92231 1.92192 1.92192 1.92192 1.91086 1.82054 1.73906 1.76324
8.30939 8.43211 8.57450 8.71878 9.01442 9.08792 9.07459 7.11434 6.79317 6.78124 6.76932 5.54875 3.72018 3.65812 3.60352 3.57753 3.55851 3.54044 3.52326 3.50739 3.49191 3.47780 3.46415 3.39607 3.27553 3.15461 3.00508 2.57380 2.48530 2.59610 2.64608 2.64575 2.82281 2.89775 2.91986 2.92049 2.92049 2.92049 2.92049 2.92049 2.92049 2.90413 2.85582 2.87326 2.87312 2.86818 2.76619 2.69534 2.68808 2.68083 2.67358 2.66745 2.66676 2.55077 2.50409 2.09631 2.00147 1.91071 1.84079 1.73841 1.63988 1.56814 1.56781 1.63857 1.73879 2.05646
