High_resolution/powerplant/Fengdu/OMI_NO2_200911.asc
ncols      200
nrows      200
xllcorner       105.978
yllcorner       28.1831
cellsize     0.0166667
NODATA_Value      -999.000
[rows 0 to 28 of 200, columns 0 to 65 of 200]
3.21967 3.29382 3.40331 3.53769 3.62627 3.76488 3.98648 4.15790 4.31093 4.39277 4.39330 4.39330 4.39330 4.40287 4.55241 4.59811 5.09388 5.09501 5.09501 5.09501 5.09501 5.09501 5.27216 5.02912 3.64576 3.64576 3.64576 3.64576 3.64576 3.64576 3.64576 3.64576 3.76161 4.49673 4.49673 4.47705 4.35835 4.26513 4.19434 4.14485 4.13627 4.13627 4.13627 4.13627 4.13627 4.02695 3.77580 3.77580 0.00000 0.00000 0.00000 0.00000 0.00000 0.00000 0.00000 0.00000 0.00000 0.00000 0.00000 0.00000 0.00000 0.00000 0.00000 0.00000 5.49397 5.49397
3.62149 3.74211 3.96680 4.14093 4.29572 4.39086 4.39330 4.39330 4.39330 4.39330 4.39330 4.39330 4.39330 4.39330 4.51094 4.54988 4.96514 5.09501 5.09501 5.09501 5.09501 5.09501 5.18509 5.31611 3.79630 3.64576 3.64576 3.64576 3.66081 3.79921 3.91756 3.99854 4.17971 4.26397 4.19373 4.14456 4.13627 4.13627 4.13627 4.13627 4.13627 4.13627 4.13627 4.13627 4.13627 4.10815 3.77602 3.77580 0.00000 0.00000 0.00000 0.00000 0.00000 0.00000 0.00000 0.00000 0.00000 0.00000 0.00000 5.49397 5.49397 5.49397 5.49397 5.49397 5.49397 5.49397
4.28028 4.38734 4.39330 4.39330 4.39330 4.39330 4.39330 4.39330 4.39330 4.39330 4.39330 4.39330 4.39330 4.39330 4.46183 4.55470 4.78039 5.09501 5.09501 5.09501 5.09501 5.09501 5.11807 5.34615 4.50166 3.80206 3.91921 3.99984 4.03136 4.03300 4.03686 4.04260 4.09087 4.13627 4.13627 4.13627 4.13627 4.13627 4.13627 4.13627 4.13627 4.13627 4.13627 4.13627 4.13627 4.13627 3.88391 3.77580 0.00000 0.00000 0.00000 0.00000 0.00000 0.00000 0.00000 5.49397 5.49397 5.49397 5.49397 5.49397 5.49397 5.49397 5.49397 5.49397 5.49397 5.49397
4.37868 4.39330 4.39330 4.39330 4.39330 4.39330 4.39330 4.39330 4.39330 4.39330 4.39330 4.39330 4.39330 4.39330 4.41864 4.55489 4.63049 5.09501 5.09501 5.09501 5.08830 5.00037 4.88870 5.05751 4.90949 4.07757 4.08054 4.08639 4.11984 4.13627 4.13627 4.13627 4.13627 4.13627 4.13627 4.13627 4.13627 4.13627 4.13627 4.13627 4.13627 4.13627 4.13627 4.13627 4.13627 4.13627 4.01515 3.77580 3.77580 0.00000 0.00000 5.49397 5.49397 5.49397 5.49397 5.49397 5.49397 5.49397 5.49397 5.49397 5.49397 5.49397 5.49397 5.49397 5.49397 5.45108
4.22483 4.39330 4.39330 4.39330 4.39330 4.39330 4.39330 4.39330 4.39330 4.39330 4.39330 4.39330 4.39434 4.44553 4.52505 4.79011 4.90702 4.99593 4.92176 4.88764 4.90591 5.04565 5.24175 5.73860 6.00532 4.20282 4.13627 4.13627 4.13627 4.13627 4.13627 4.13627 4.13627 4.13627 4.13627 4.13627 4.13627 4.13627 4.13627 4.13627 4.13627 4.13627 4.13627 4.13627 4.13627 4.13627 4.10014 3.81558 4.53382 5.49397 5.49397 5.49397 5.49397 5.49397 5.49397 5.49397 5.49397 5.49397 5.49397 5.49397 5.49397 5.49397 5.49397 5.49397 5.49397 5.18693
4.01442 4.39330 4.39330 4.39330 4.39330 4.39330 4.39330 4.39330 4.40559 4.47676 4.55578 4.64475 4.78310 4.79232 4.69371 4.52342 4.30507 5.07459 5.38781 5.47295 5.49278 5.49278 5.49278 5.58776 6.09894 4.74617 4.13627 4.13627 4.13627 4.13627 4.13627 4.13627 4.13627 4.13627 4.13627 4.13627 4.13627 4.13627 4.13627 4.13627 4.13627 4.13627 4.13627 4.16633 4.39022 4.65034 4.90333 4.65172 4.77814 5.49397 5.49397 5.49397 5.49397 5.49397 5.49397 5.49397 5.49397 5.49397 5.49397 5.49397 5.49397 5.49397 5.49397 5.49397 5.49397 5.32686
3.78763 4.38211 4.39330 4.39330 4.42919 4.50803 4.60340 4.74706 4.82339 4.76219 4.66321 4.55453 4.41588 4.36871 4.40199 4.36232 4.17987 4.91919 5.49278 5.49278 5.49278 5.49278 5.49278 5.49278 5.99725 5.38276 4.13627 4.13627 4.13627 4.13627 4.13627 4.13627 4.13627 4.13627 4.13627 4.13627 4.13627 4.13627 4.13627 4.16883 4.39659 4.65556 4.90911 5.10136 5.09565 5.05438 5.01921 4.71897 4.51404 5.46928 5.49397 5.49397 5.49397 5.49397 5.49397 5.49397 5.49397 5.49397 5.49397 5.49397 5.49397 5.49397 5.49397 5.49397 5.49397 5.48302
3.82512 4.41548 4.70711 4.78284 4.79407 4.73142 4.61631 4.45270 4.36193 4.36543 4.39879 4.43205 4.44484 4.44484 4.44484 4.43411 4.18806 4.58324 5.46907 5.49278 5.49278 5.49278 5.49278 5.49278 5.80107 5.97472 4.18104 4.13627 4.13627 4.13627 4.13627 4.13627 4.13627 4.13627 4.13627 4.17155 4.40244 4.66109 4.91469 5.10325 5.09466 5.05352 5.01869 5.01464 5.01464 5.01464 5.01464 4.89330 4.46946 5.08653 5.49397 5.49397 5.49397 5.49397 5.49397 5.49397 5.49397 5.49397 5.49397 5.49397 5.49397 5.49397 5.49397 5.49397 5.49397 5.49397
4.70647 4.34684 4.51329 4.41750 4.36533 4.36236 4.39578 4.42919 4.44484 4.44484 4.44484 4.44484 4.44484 4.44484 4.44484 4.44484 4.26245 4.32334 5.36148 5.49278 5.49278 5.49278 5.49278 5.49278 5.60480 6.09894 4.69386 4.13627 4.13627 4.13627 4.13627 4.17499 4.40766 4.66746 4.91950 5.10582 5.09367 5.05269 5.01828 5.01464 5.01464 5.01464 5.01464 5.01464 5.01464 5.01464 5.01464 5.01131 4.52600 4.75206 5.49397 5.49397 5.49397 5.49397 5.49397 5.49397 5.49397 5.49397 5.49397 5.49397 5.49397 5.49397 5.49974 5.69062 5.96875 6.24735
4.70761 3.78085 4.38237 4.42612 4.44479 4.44484 4.44484 4.44484 4.44484 4.44484 4.44484 4.44484 4.44484 4.44484 4.44484 4.44484 4.34180 4.18161 5.10472 5.49278 5.49278 5.49278 5.49278 5.49278 5.49320 6.01413 5.33043 4.17865 4.41329 4.67372 4.92422 5.10752 5.09280 5.05173 5.01795 5.01464 5.01464 5.01464 5.01464 5.01464 5.01464 5.01464 5.01464 5.01464 5.01464 5.01464 5.01464 5.01464 4.69683 4.53283 5.48703 5.49397 5.49397 5.49397 5.49397 5.49397 5.49397 5.49397 5.51046 5.72912 6.00783 6.28620 6.55880 6.64663 6.64663 6.64663
4.87123 3.92164 4.26209 4.44484 4.44484 4.44484 4.44484 4.44484 4.44484 4.44484 4.44484 4.44484 4.44484 4.44484 4.44484 4.44484 4.41163 4.17987 4.71809 5.48505 5.49278 5.49278 5.49278 5.53808 5.82523 6.41372 6.65254 5.11802 5.09198 5.05074 5.01762 5.01464 5.01464 5.01464 5.01464 5.01464 5.01464 5.01464 5.01464 5.01464 5.01464 5.01464 5.01464 5.01464 5.01464 5.01464 5.01464 5.01464 4.87137 4.46946 5.14369 5.49397 5.49397 5.49397 5.52659 5.76808 6.04656 6.32492 6.58704 6.64663 6.64663 6.64663 6.64663 6.64663 6.64663 6.64663
4.99518 4.20125 4.00592 4.44484 4.44484 4.44484 4.44484 4.44484 4.44484 4.44484 4.44484 4.44484 4.44484 4.44484 4.44484 4.44378 4.42147 4.15928 4.32120 5.34954 5.79428 6.11628 6.37544 6.24346 5.81837 5.44205 5.37869 5.09980 5.01464 5.01464 5.01464 5.01464 5.01464 5.01464 5.01464 5.01464 5.01464 5.01464 5.01464 5.01464 5.01464 5.01464 5.01464 5.01464 5.01464 5.01464 5.01464 5.01464 5.00557 4.50953 4.82357 5.80692 6.08529 6.36377 6.60975 6.64663 6.64663 6.64663 6.64663 6.64663 6.64663 6.64663 6.63180 6.43413 6.23736 6.08717
4.90245 4.61338 3.74443 4.43720 4.44484 4.44484 4.44484 4.44484 4.44484 4.44484 4.44484 4.43802 4.40910 4.37857 4.33334 4.21681 4.25481 4.46777 4.93585 5.75202 5.86320 5.40325 5.00618 4.95444 4.95444 4.95620 5.30196 5.20723 5.01464 5.01464 5.01464 5.01464 5.01464 5.01464 5.01464 5.01464 5.01464 5.01464 5.01464 5.01464 5.01464 5.01464 5.01464 5.01464 5.01464 5.01464 4.98304 4.84985 4.71014 4.83068 5.46628 6.64663 6.64663 6.64663 6.64663 6.64663 6.64663 6.51894 6.30059 6.13606 6.00743 5.90444 5.82381 5.80609 5.80609 5.80609
4.76147 4.86150 3.83090 4.27252 4.44484 4.44484 4.44476 4.42734 4.39677 4.34220 4.21143 4.15359 4.25981 4.41831 4.59651 4.71778 4.62035 4.51328 4.65411 4.63588 4.95396 4.95444 4.95444 4.95444 4.95444 4.95444 5.17740 5.31219 5.01696 5.01464 5.01464 5.01464 5.01464 5.01464 5.01464 5.01464 5.01464 5.01464 5.01464 5.01464 5.01464 5.01464 4.98112 4.84715 4.70760 4.60325 4.63907 4.83298 5.12005 5.79289 6.64663 6.53322 6.32803 6.18922 6.04956 5.93845 5.84801 5.80613 5.80609 5.80609 5.80609 5.80609 5.80609 5.80609 5.80609 5.80609
4.59468 5.02058 4.08081 3.98370 4.34874 4.21735 4.16475 4.16281 4.26567 4.46095 4.76174 4.82737 4.64315 4.41300 4.19533 4.14367 4.14367 4.15477 4.57934 4.60393 4.86863 4.95444 4.95444 4.95444 4.95444 4.95444 5.05108 5.34606 5.09045 5.01464 5.01464 5.01464 5.01464 5.01464 5.01464 5.01464 5.01464 5.01464 4.97915 4.84478 4.70479 4.60362 4.64209 4.83884 5.12917 5.43583 5.21774 4.89606 4.65401 4.49035 4.93322 4.80962 5.44029 5.80609 5.80609 5.80609 5.80609 5.80609 5.80609 5.80609 5.80609 5.80609 5.80609 5.80609 5.80609 5.80609
4.22495 4.13585 3.58594 3.27782 4.30757 4.61701 4.82179 4.83731 4.66570 4.43554 4.21150 4.14367 4.14367 4.14367 4.14367 4.14367 4.14367 4.14367 4.43753 4.60393 4.74934 4.95444 4.95444 4.95444 4.95444 4.95444 4.95886 5.31183 5.19791 5.01464 5.01464 5.01464 5.01464 5.01464 4.97712 4.84245 4.70197 4.60375 4.64542 4.84505 5.08362 5.03610 4.76908 4.55630 4.38754 4.25117 4.20092 4.20092 4.20092 4.20092 4.59942 4.79544 5.15369 5.80609 5.80609 5.80609 5.80609 5.80609 5.80609 5.80609 5.80609 5.80609 5.80609 5.80609 5.80609 5.82001
3.90291 3.59369 3.48492 4.05883 4.60002 4.45809 4.22991 4.14367 4.14367 4.14367 4.14367 4.14367 4.14367 4.14367 4.14367 4.14367 4.14367 4.14367 4.30252 4.60393 4.65607 4.95444 4.95444 4.95444 4.95444 4.95444 4.95444 5.18988 5.30456 5.01537 4.97509 4.83999 4.69915 4.60394 4.64905 4.78828 4.85193 4.65228 4.46850 4.31699 4.21157 4.20092 4.20092 4.20092 4.20092 4.20092 4.20092 4.20092 4.20092 4.20092 4.41019 4.79544 4.87600 5.79709 5.80609 5.80609 5.80609 5.80609 5.80609 5.80609 5.80609 5.83422 6.04247 6.28233 6.52239 6.74804
3.90291 3.80607 3.34642 4.10153 4.14957 4.14367 4.14367 4.14367 4.14367 4.14367 4.14367 4.14367 4.14367 4.14367 4.14367 4.14367 4.14367 4.14367 4.18788 4.60344 4.60503 4.90241 4.95444 4.95444 4.95444 4.95444 4.92866 4.92976 5.02798 4.67094 4.58407 4.66198 4.74995 4.78252 4.69509 4.65623 4.63689 4.21467 4.20092 4.20092 4.20092 4.20092 4.20092 4.20092 4.20092 4.20092 4.20092 4.20092 4.20092 4.20092 4.23588 4.78088 4.79544 5.59086 5.80609 5.80609 5.80609 5.85360 6.07677 6.31663 6.55659 6.76841 6.80012 6.80012 6.80012 6.80012
0.00000 3.90291 3.40078 3.89266 4.15390 4.14371 4.14367 4.14367 4.14367 4.14367 4.14367 4.14367 4.14367 4.14367 4.14367 4.14367 4.14367 4.14367 4.14458 4.54727 4.71887 4.88845 4.93500 4.84332 4.72724 4.62671 4.71074 4.84764 5.10545 4.97373 4.65623 4.65623 4.65623 4.65623 4.65623 4.65623 4.65623 4.32581 4.20092 4.20092 4.20092 4.20092 4.20092 4.20092 4.20092 4.20092 4.20092 4.20092 4.20092 4.20092 4.20092 4.62670 4.79544 5.37575 6.11126 6.35132 6.59118 6.78362 6.80012 6.80012 6.80012 6.80012 6.80012 6.80012 6.80012 6.80260
0.00000 3.90291 3.52561 3.61628 4.15564 4.14574 4.14367 4.14367 4.14367 4.14367 4.14367 4.14367 4.14367 4.14367 4.14782 4.16241 4.17930 4.20798 4.30502 4.59859 4.72052 4.55164 4.61299 4.73943 4.86793 4.99325 5.00074 5.00074 5.09006 5.09005 4.65630 4.65623 4.65623 4.65623 4.65623 4.65623 4.65623 4.45623 4.20092 4.20092 4.20092 4.20092 4.20092 4.20092 4.20092 4.20092 4.20092 4.20092 4.20092 4.33471 4.70728 5.20387 5.61473 6.00520 6.80012 6.80012 6.80012 6.80012 6.80012 6.80012 6.85882 7.04568 7.27712 7.56686 7.93917 8.42701
0.00000 3.90291 3.70707 3.34995 4.10951 4.14933 4.14367 4.14367 4.14367 4.14390 4.15337 4.16906 4.20308 4.31435 4.44937 4.51201 4.56219 4.62160 4.72721 4.88224 5.05367 5.04814 5.00074 5.00074 5.00074 5.00074 5.00074 5.00074 5.04420 5.14229 4.77028 4.65623 4.65623 4.65623 4.65623 4.65623 4.65623 4.58666 4.20092 4.20092 4.20092 4.20092 4.20092 4.20092 4.20092 4.34108 4.71377 5.09207 5.46886 5.71292 5.71777 5.72465 5.78892 5.80039 6.74421 6.97725 7.19292 7.46089 7.80128 8.24949 8.62592 8.63470 8.63470 8.63470 8.63470 8.63470
0.00000 0.00000 3.89459 3.36153 3.90606 4.15687 4.15959 4.20045 4.31215 4.46136 4.59559 4.66127 4.68422 4.62603 4.70346 4.86478 5.03642 5.18624 5.20751 5.20751 5.20751 5.12150 5.00074 5.00074 5.00074 5.00074 5.00074 5.00074 5.00533 5.13529 4.94426 4.65623 4.65623 4.65623 4.65623 4.65623 4.65623 4.65614 4.26200 4.20092 4.20092 4.34730 4.72044 5.09966 5.47523 5.71413 5.71777 5.71777 5.71777 5.71984 5.72407 5.72830 5.78759 5.80846 7.16828 8.63470 8.63470 8.63470 8.63470 8.63470 8.63470 8.63470 8.63470 8.63470 8.63470 8.63470
0.00000 0.00000 3.90291 3.32155 3.83047 4.91177 4.79026 4.76619 4.68383 4.62197 4.68986 4.84746 5.01896 5.17681 5.20751 5.20751 5.20751 5.20751 5.20751 5.20751 5.20751 5.18117 5.00084 5.00074 5.00074 5.00074 5.00074 5.00074 5.00074 5.09401 5.07830 4.65623 4.65623 4.65623 4.65623 4.65623 4.65623 4.80822 4.91926 5.10633 5.48266 5.71504 5.71777 5.71825 5.72189 5.72612 5.73034 5.73457 5.73880 5.74096 5.74096 5.74096 5.77338 5.81266 6.45474 8.63470 8.63470 8.63470 8.63470 8.63470 8.63470 8.63470 8.63470 8.63470 8.63470 8.63470
0.00000 0.00000 0.00000 0.00000 5.80109 4.92281 4.72632 4.82993 5.00177 5.16551 5.20751 5.20751 5.20751 5.20751 5.20751 5.20751 5.20751 5.20751 5.20751 5.20751 5.20751 5.20751 5.03436 5.00074 5.00074 5.00074 5.00074 5.00074 5.00074 5.04816 5.14200 4.75035 4.65623 4.81398 5.19092 5.56801 5.94556 6.17126 6.01394 5.72394 5.72816 5.73239 5.73661 5.74038 5.74096 5.74096 5.74096 5.74096 5.74096 5.74096 5.74096 5.74096 5.75014 5.81268 5.95075 8.60718 8.63470 8.63470 8.63470 8.63470 8.63470 8.63470 8.63470 8.63470 8.72486 9.13166
0.00000 0.00000 0.00000 0.00000 0.00000 4.78958 4.84832 5.20742 5.20751 5.20751 5.20751 5.20751 5.20751 5.20751 5.20751 5.20751 5.20751 5.20751 5.20751 5.20751 5.20751 5.20751 5.09416 5.00074 5.00074 5.00074 5.00074 5.00074 5.00074 4.97931 5.46451 5.67543 5.95025 6.10376 6.01449 5.92405 5.83367 5.74318 5.69417 5.74009 5.74096 5.74096 5.74096 5.74096 5.74096 5.74096 5.74096 5.74096 5.74096 5.74096 5.74096 5.74096 5.74096 5.79907 5.81266 7.71766 8.63470 8.63470 8.63470 8.63470 8.76814 9.19236 9.62574 10.0600 10.4036 10.4307
0.00000 0.00000 0.00000 0.00000 0.00000 4.81498 4.75406 5.15052 5.20751 5.20751 5.20751 5.20751 5.20751 5.20751 5.20751 5.20751 5.20751 5.20751 5.20751 5.20751 5.20751 5.20751 5.15398 5.00074 5.00074 4.97811 4.91120 4.83329 4.66274 4.44484 5.24437 5.55915 5.71726 5.69205 5.69205 5.69205 5.69205 5.69205 5.69205 5.72740 5.74096 5.74096 5.74096 5.74096 5.74096 5.74096 5.74096 5.74096 5.74096 5.74096 5.74096 5.74096 5.74096 5.77628 5.81266 6.81349 8.82005 9.25253 9.68680 10.1204 10.4208 10.4307 10.4307 10.4307 10.4307 10.4307
0.00000 0.00000 0.00000 0.00000 0.00000 4.97323 4.76132 5.02483 5.20751 5.20751 5.20751 5.20751 5.20751 5.20751 5.20751 5.20751 5.20751 5.20751 5.20751 5.20751 5.20751 5.18962 5.05144 4.75974 4.59916 4.37780 4.19833 4.02996 3.95424 3.95369 4.47570 5.37355 5.64314 5.69205 5.69205 5.69205 5.69205 5.69205 5.69205 5.71343 5.74096 5.74096 5.74096 5.74096 5.74096 5.74096 5.74096 5.74096 5.74096 5.74096 5.74096 5.74096 5.58802 5.39393 6.36889 7.07912 10.4296 10.4307 10.4307 10.4307 10.4307 10.4307 10.4307 10.4307 10.4307 10.4307
0.00000 0.00000 0.00000 0.00000 0.00000 0.00000 4.76221 4.86127 5.20751 5.20751 5.20751 5.20751 5.20751 5.20751 5.20751 5.20751 5.20751 5.09659 4.84964 4.59823 4.31737 3.97102 3.73492 3.90194 3.95599 3.95369 3.95369 3.95369 3.95369 3.95369 4.04873 5.34380 5.52449 5.69205 5.69205 5.69205 5.69205 5.69205 5.69205 5.69992 5.74096 5.74096 5.74096 5.74096 5.74096 5.74096 5.74096 5.74084 5.58190 5.28371 4.98467 4.68708 4.54051 4.54116 6.39508 6.74407 10.0169 10.4307 10.4307 10.4307 10.4307 10.4307 10.4307 10.4307 10.4307 10.4307
0.00000 0.00000 0.00000 0.00000 0.00000 0.00000 4.75477 4.75413 5.15814 5.20751 5.20751 5.20391 5.07970 4.88625 4.64164 4.39014 4.11696 3.86733 3.74477 3.62681 3.53814 3.53298 3.53298 3.69830 3.95369 3.95369 3.95369 3.95369 3.95369 3.95369 3.95369 4.98336 5.43185 5.69205 5.69205 5.69205 5.69205 5.69205 5.69205 5.69206 5.73445 5.74096 5.74096 5.74048 5.57589 5.27638 4.97867 4.68000 4.54051 4.54051 4.54051 4.54051 4.60173 4.76995 6.47221 8.39335 10.0268 10.4307 10.4307 10.4307 10.4307 10.4307 10.4307 10.4307 10.4307 10.4307
