High_resolution/powerplant/Fengdu/OMI_NO2_200801.asc
ncols      200
nrows      200
xllcorner       105.978
yllcorner       28.1831
cellsize     0.0166667
NODATA_Value      -999.000
[rows 145 to 173 of 200, columns 65 to 129 of 200]
3.94627 3.94627 3.94627 3.94627 3.94627 3.94627 3.94627 2.15619 0.631307 0.631307 0.631307 0.631307 0.631307 0.631307 0.631307 0.631307 0.631307 0.631307 0.631307 0.631307 0.631307 0.631307 0.631307 0.631307 0.631307 0.631307 0.631307 0.631307 0.631307 1.44784 1.78173 1.78173 1.78173 1.78173 1.78173 1.78173 1.78173 1.78173 1.78173 1.78173 1.78173 1.78173 1.78173 1.78173 1.78173 1.78173 1.78173 1.78173 1.78173 1.78173 1.78173 1.78173 1.75710 1.74395 1.74395 1.74395 1.74395 1.74395 1.74395 1.74395 1.74395 1.74395 1.74395 1.74395 1.74395
3.94627 3.94627 3.94627 3.94627 3.94627 3.94627 3.94627 2.86659 0.631307 0.631307 0.631307 0.631307 0.631307 0.631307 0.631307 0.631307 0.631307 0.631307 0.631307 0.631307 0.631307 0.631307 0.631307 0.631307 0.631307 0.631307 0.631307 0.631307 0.631307 1.20629 1.78173 1.78173 1.78173 1.78173 1.78173 1.78173 1.78173 1.78173 1.78173 1.78173 1.78173 1.78173 1.78173 1.78173 1.78173 1.78173 1.78173 1.78173 1.78173 1.78173 1.78173 1.78173 1.76492 1.74395 1.74395 1.74395 1.74395 1.74395 1.74395 1.74395 1.74395 1.74395 1.74395 1.74395 1.74395
3.94627 3.94627 3.94627 3.94627 3.94627 3.94627 3.94627 3.57658 0.631307 0.631307 0.631307 0.631307 0.631307 0.631307 0.631307 0.631307 0.631307 0.631307 0.631307 0.631307 0.631307 0.631307 0.631307 0.631307 0.631307 0.631307 0.631307 0.631307 0.631307 0.964699 1.78173 1.78173 1.78173 1.78173 1.78173 1.78173 1.78173 1.78173 1.78173 1.78173 1.78173 1.78173 1.78173 1.78173 1.78173 1.78173 1.78727 1.81518 1.84494 1.87471 1.90447 1.93444 1.89452 1.54907 1.52571 1.50235 1.47886 1.45557 1.43195 1.40885 1.38509 1.36207 1.33818 1.31522 1.29146
3.94627 3.94627 3.94627 3.94627 3.94627 3.94627 3.94627 3.94627 0.970096 0.631307 0.631307 0.631307 0.631307 0.631307 0.631307 0.631307 0.631307 0.631307 0.631307 0.631307 0.631307 0.631307 0.631307 0.635605 0.691198 0.761692 0.832043 0.902537 0.972745 1.13414 2.01726 2.04780 2.07778 2.10761 2.13737 2.16713 2.19704 2.22701 2.25677 2.28660 2.31636 2.34627 2.37624 2.40600 2.43576 2.46560 2.48996 2.49202 2.49202 2.49202 2.49202 2.49202 2.43027 1.09970 1.08222 1.08222 1.08222 1.08222 1.08222 1.08222 1.08222 1.08222 1.08222 1.08222 1.08222
3.94627 3.94627 3.94627 3.94627 3.91747 3.86861 3.81932 3.77002 1.82660 1.06903 1.13938 1.20973 1.27994 1.35029 1.42064 1.49113 1.56149 1.63184 1.70219 1.77254 1.84275 1.91324 1.98345 2.04950 2.06411 2.06411 2.06411 2.06411 2.06411 2.06411 2.43642 2.49202 2.49202 2.49202 2.49202 2.49202 2.49202 2.49202 2.49202 2.49202 2.49202 2.49202 2.49202 2.49202 2.49202 2.49202 2.49202 2.49202 2.49202 2.49202 2.49202 2.49202 2.49202 1.32774 1.08222 1.08222 1.08222 1.08222 1.08222 1.08222 1.08222 1.08222 1.08222 1.08222 1.08222
3.23891 3.18953 3.14041 3.09138 3.07072 3.07072 3.07072 3.07072 2.59827 2.06411 2.06411 2.06411 2.06411 2.06411 2.06411 2.06411 2.06411 2.06411 2.06411 2.06411 2.06411 2.06411 2.06411 2.06411 2.06411 2.06411 2.06411 2.06411 2.06411 2.06411 2.34656 2.49202 2.49202 2.49202 2.49202 2.49202 2.49202 2.49202 2.49202 2.49202 2.49202 2.49202 2.49202 2.49202 2.49202 2.49202 2.49202 2.49202 2.49202 2.49202 2.49202 2.49202 2.49202 1.61794 1.08222 1.08222 1.08222 1.08222 1.08222 1.08222 1.08222 1.08222 1.08222 1.08222 1.08222
3.07072 3.07072 3.07072 3.07072 3.07072 3.07072 3.07072 3.07072 2.81371 2.06411 2.06411 2.06411 2.06411 2.06411 2.06411 2.06411 2.06411 2.06411 2.06411 2.06411 2.06411 2.06411 2.06411 2.06411 2.06411 2.06411 2.06411 2.06411 2.06411 2.06411 2.25671 2.49202 2.49202 2.49202 2.49202 2.49202 2.49202 2.49202 2.49202 2.49202 2.49202 2.49202 2.49202 2.49202 2.49202 2.49202 2.49202 2.49202 2.49202 2.49202 2.49202 2.49202 2.49202 1.90822 1.08222 1.08222 1.08222 1.08222 1.08222 1.08222 1.08222 1.08222 1.08222 1.08222 1.08222
3.07072 3.07072 3.07072 3.07072 3.07072 3.07072 3.07072 3.07072 3.01888 2.07418 2.06411 2.06411 2.06411 2.06411 2.06411 2.06411 2.06411 2.06411 2.06411 2.06411 2.06411 2.06411 2.06411 2.06411 2.06411 2.06411 2.06411 2.06411 2.06411 2.06411 2.16686 2.49202 2.49202 2.49202 2.49202 2.49202 2.49202 2.49202 2.49202 2.49202 2.49202 2.49202 2.49202 2.49202 2.49202 2.49202 2.49202 2.49202 2.49202 2.49202 2.49202 2.49202 2.49202 2.19836 1.08222 1.08222 1.08222 1.08222 1.08222 1.08222 1.08222 1.08222 1.08222 1.08222 1.08222
3.07072 3.07072 3.07072 3.07072 3.07072 3.07072 3.07072 3.07072 3.07072 2.23816 2.06411 2.06411 2.06411 2.06411 2.06411 2.06411 2.06411 2.06411 2.06411 2.06411 2.06411 2.06411 2.06411 2.06411 2.06411 2.06411 2.06411 2.06411 2.06411 2.06411 2.08268 2.48637 2.49202 2.49202 2.49202 2.49202 2.49202 2.49202 2.49202 2.49202 2.49202 2.49202 2.49202 2.49202 2.49202 2.49202 2.49202 2.49202 2.49202 2.49202 2.49202 2.49202 2.49202 2.45409 1.11662 1.08222 1.08222 1.08222 1.08222 1.08222 1.08222 1.08222 1.08222 1.08222 1.08222
3.07072 3.07072 3.07072 3.07072 3.07072 3.07072 3.07072 3.07072 3.07072 2.45377 2.06411 2.06411 2.06411 2.06411 2.06411 2.06411 2.06411 2.06411 2.06411 2.06411 2.06411 2.06411 2.06411 2.06411 2.06411 2.06411 2.06411 2.06411 2.06411 2.06411 2.06411 2.41508 2.49202 2.49202 2.49202 2.49202 2.49202 2.49202 2.49202 2.49202 2.49202 2.49202 2.49202 2.49202 2.49202 2.49202 2.49202 2.49202 2.49202 2.49202 2.49202 2.49202 2.49202 2.48845 1.38075 1.13069 1.15386 1.17777 1.20107 1.22484 1.24835 1.27198 1.29555 1.31899 1.34276
3.07072 3.07072 3.07072 3.07072 3.07072 3.07072 3.07072 3.07072 3.07072 2.66890 2.06411 2.06411 2.06411 2.06411 2.06411 2.06411 2.06411 2.06411 2.06411 2.06411 2.06411 2.06411 2.06411 2.06411 2.06411 2.06411 2.06411 2.06411 2.06411 2.06411 2.05017 2.26463 2.37691 2.33395 2.29078 2.24792 2.20517 2.16231 2.11914 2.07618 2.03332 1.99046 1.94770 1.90443 1.86157 1.81872 1.77586 1.73310 1.68973 1.64687 1.60411 1.56125 1.51829 1.47870 1.63494 1.74806 1.74806 1.74806 1.74806 1.74806 1.74806 1.74806 1.74806 1.74806 1.74806
3.07072 3.07072 3.07072 3.07072 3.07072 3.07072 3.07072 3.07072 3.07072 2.88322 2.03949 2.00803 1.97663 1.94517 1.91371 1.88231 1.85085 1.81939 1.78799 1.75653 1.72507 1.69367 1.66221 1.63075 1.59935 1.56789 1.53643 1.50503 1.47357 1.44210 1.42465 1.44347 1.47155 1.47155 1.47155 1.47155 1.47155 1.47155 1.47155 1.47155 1.47155 1.47155 1.47155 1.47155 1.47155 1.47155 1.47155 1.47155 1.47155 1.47155 1.47155 1.47155 1.47155 1.47155 1.57803 1.74806 1.74806 1.74806 1.74806 1.74806 1.74806 1.74806 1.74806 1.74806 1.74806
2.65891 2.61109 2.56261 2.51474 2.46661 2.41839 2.37043 2.32213 2.27409 2.21637 1.45859 1.42465 1.42465 1.42465 1.42465 1.42465 1.42465 1.42465 1.42465 1.42465 1.42465 1.42465 1.42465 1.42465 1.42465 1.42465 1.42465 1.42465 1.42465 1.42465 1.42465 1.43369 1.47155 1.47155 1.47155 1.47155 1.47155 1.47155 1.47155 1.47155 1.47155 1.47155 1.47155 1.47155 1.47155 1.47155 1.47155 1.47155 1.47155 1.47155 1.47155 1.47155 1.47155 1.47155 1.52116 1.74806 1.74806 1.74806 1.74806 1.74806 1.74806 1.74806 1.74806 1.74806 1.74806
2.21431 2.21431 2.21431 2.21431 2.21431 2.21431 2.21431 2.21431 2.21431 2.21431 1.61531 1.42465 1.42465 1.42465 1.42465 1.42465 1.42465 1.42465 1.42465 1.42465 1.42465 1.42465 1.42465 1.42465 1.42465 1.42465 1.42465 1.42465 1.42465 1.42465 1.42465 1.42553 1.46994 1.47155 1.47155 1.47155 1.47155 1.47155 1.47155 1.47155 1.47155 1.47155 1.47155 1.47155 1.47155 1.47155 1.47155 1.47155 1.47155 1.47155 1.47155 1.47155 1.47155 1.47155 1.47548 1.73680 1.74806 1.74806 1.74806 1.74806 1.74806 1.74806 1.74806 1.74806 1.74806
2.21431 2.21431 2.21431 2.21431 2.21431 2.21431 2.21431 2.21431 2.21431 2.21431 1.78321 1.42465 1.42465 1.42465 1.42465 1.42465 1.42465 1.42465 1.42465 1.42465 1.42465 1.42465 1.42465 1.42465 1.42465 1.42465 1.42465 1.42465 1.42465 1.42465 1.42465 1.42465 1.46106 1.47155 1.47155 1.47155 1.47155 1.47155 1.47155 1.47155 1.47155 1.47155 1.47155 1.47155 1.47155 1.47155 1.47155 1.47155 1.47155 1.47155 1.47155 1.47155 1.47155 1.47155 1.47155 1.68383 1.74806 1.74806 1.74806 1.74806 1.74806 1.74806 1.74806 1.74806 1.74806
2.21431 2.21431 2.21431 2.21431 2.21431 2.21431 2.21431 2.21431 2.21431 2.21431 1.95109 1.42465 1.42465 1.42465 1.42465 1.42465 1.42465 1.42465 1.42465 1.42465 1.42465 1.42465 1.42465 1.42465 1.42465 1.42465 1.42465 1.42465 1.42465 1.42465 1.42465 1.42465 1.45130 1.47155 1.47155 1.47155 1.47155 1.47155 1.47155 1.47155 1.47155 1.47155 1.47155 1.47155 1.47155 1.47155 1.47155 1.47155 1.47155 1.47155 1.47155 1.47155 1.47155 1.47155 1.47155 1.62691 1.74806 1.74806 1.74806 1.74806 1.74806 1.74806 1.74806 1.74806 1.74806
2.21431 2.21431 2.21431 2.21431 2.21431 2.21431 2.21431 2.21431 2.21431 2.21431 2.11901 1.42465 1.42465 1.42465 1.42465 1.42465 1.42465 1.42465 1.42465 1.42465 1.42465 1.42465 1.42465 1.42465 1.42465 1.42465 1.42465 1.42465 1.42465 1.42465 1.42465 1.42465 1.44153 1.47155 1.47155 1.47155 1.47155 1.47155 1.47155 1.47155 1.47155 1.47155 1.47155 1.47155 1.47155 1.47155 1.47155 1.47155 1.47155 1.47155 1.47155 1.47155 1.47155 1.47155 1.47155 1.57004 1.74806 1.74806 1.74806 1.74806 1.74806 1.74801 1.74709 1.74583 1.74460
2.21431 2.21431 2.21431 2.21431 2.21431 2.21431 2.21431 2.21431 2.21431 2.21431 2.21400 1.49776 1.42465 1.42465 1.42465 1.42465 1.42465 1.42465 1.42465 1.42465 1.42465 1.42465 1.42465 1.42465 1.42465 1.42465 1.42465 1.42465 1.42465 1.42465 1.42465 1.42465 1.43176 1.47155 1.47155 1.47155 1.47155 1.47192 1.47310 1.47432 1.47553 1.47673 1.47795 1.47916 1.48037 1.48157 1.48279 1.48400 1.48521 1.48642 1.48763 1.48885 1.49006 1.49126 1.49248 1.52875 1.71945 1.71821 1.71697 1.71571 1.71449 1.71327 1.71297 1.71297 1.71297
2.21431 2.21431 2.21431 2.21431 2.21431 2.21431 2.21431 2.21431 2.21431 2.21431 2.21431 1.66531 1.42465 1.42465 1.42465 1.42465 1.44935 1.52080 1.59343 1.66591 1.73855 1.81133 1.88376 1.95615 2.02878 2.10126 2.17390 2.24638 2.31901 2.39179 2.46443 2.53706 2.60950 1.58383 1.49672 1.49794 1.49915 1.49999 1.50002 1.50002 1.50002 1.50002 1.50002 1.50002 1.50002 1.50002 1.50002 1.50002 1.50002 1.50002 1.50002 1.50002 1.50002 1.50002 1.50002 1.50119 1.69999 1.71297 1.71297 1.71297 1.71297 1.71297 1.71297 1.71297 1.71297
2.15045 2.12716 2.10379 2.08034 2.05698 2.03357 2.01016 1.98687 1.96334 1.94001 1.91665 2.19760 2.64601 2.71894 2.79157 2.86406 2.91198 2.91302 2.91302 2.91302 2.91302 2.91302 2.91302 2.91302 2.91302 2.91302 2.91302 2.91302 2.91302 2.91302 2.91302 2.91302 2.91302 1.87733 1.50002 1.50002 1.50002 1.50002 1.50002 1.50002 1.50002 1.50002 1.50002 1.50002 1.50002 1.50002 1.50002 1.50002 1.50002 1.50002 1.50002 1.50002 1.50002 1.50002 1.50002 1.50002 1.65736 1.71297 1.71297 1.71297 1.71297 1.71297 1.71297 1.71297 1.71297
1.79852 1.79852 1.79852 1.79852 1.79852 1.79852 1.79852 1.79852 1.79852 1.79852 1.79852 2.09974 2.91302 2.91302 2.91302 2.91302 2.91302 2.91302 2.91302 2.91302 2.91302 2.91302 2.91302 2.91302 2.91302 2.91302 2.91302 2.91302 2.91302 2.91302 2.91302 2.91302 2.91302 2.17409 1.50002 1.50002 1.50002 1.50002 1.50002 1.50002 1.50002 1.50002 1.50002 1.50002 1.50002 1.50002 1.50002 1.50002 1.50002 1.50002 1.50002 1.50002 1.50002 1.50002 1.50002 1.50002 1.61350 1.71297 1.71297 1.71297 1.71297 1.71297 1.71297 1.71297 1.71297
1.79852 1.79852 1.79852 1.79852 1.79852 1.79852 1.79852 1.79852 1.79852 1.79852 1.79852 1.86906 2.90689 2.91302 2.91302 2.91302 2.91302 2.91302 2.91302 2.91302 2.91302 2.91302 2.91302 2.91302 2.91302 2.91302 2.91302 2.91302 2.91302 2.91302 2.91302 2.91302 2.91302 2.47075 1.50002 1.50002 1.50002 1.50002 1.50002 1.50002 1.50002 1.50002 1.50002 1.50002 1.50002 1.50002 1.50002 1.50002 1.50002 1.50002 1.50002 1.50002 1.50002 1.50002 1.50002 1.50002 1.56967 1.71297 1.71297 1.71297 1.71297 1.71297 1.71297 1.71297 1.71297
1.79852 1.79852 1.79852 1.79852 1.79852 1.79852 1.79852 1.79852 1.79852 1.79852 1.79852 1.79852 2.74072 2.91302 2.91302 2.91302 2.91302 2.91302 2.91302 2.91302 2.91302 2.91302 2.91302 2.91302 2.91302 2.91302 2.91302 2.91302 2.91302 2.91302 2.91302 2.91302 2.91302 2.76747 1.50002 1.50002 1.50002 1.50002 1.50002 1.50002 1.50002 1.50002 1.50002 1.50002 1.50002 1.50002 1.50002 1.50002 1.50002 1.50002 1.50002 1.50002 1.50002 1.50002 1.50002 1.50002 1.52581 1.71297 1.71297 1.71297 1.71297 1.71297 1.71297 1.71297 1.71297
1.79852 1.79852 1.79852 1.79852 1.79852 1.79852 1.79852 1.79852 1.79852 1.79852 1.79852 1.79852 2.50393 2.91302 2.91302 2.91302 2.91302 2.91302 2.91302 2.91302 2.91302 2.91302 2.91302 2.91302 2.91302 2.91302 2.91302 2.91302 2.91302 2.91302 2.91302 2.91302 2.91302 2.91302 1.65107 1.50002 1.50002 1.50002 1.50002 1.50002 1.50002 1.50002 1.50002 1.50002 1.50002 1.50002 1.50002 1.50002 1.50002 1.50002 1.50002 1.50002 1.50002 1.50002 1.50002 1.50002 1.50021 1.69480 1.71297 1.71297 1.71297 1.71297 1.71297 1.71297 1.71297
1.79852 1.79852 1.79852 1.79852 1.79852 1.79852 1.79852 1.79852 1.79852 1.79852 1.79852 1.79852 2.26734 2.91302 2.91302 2.91302 2.91302 2.91302 2.91302 2.91302 2.91302 2.91302 2.91302 2.91302 2.91302 2.91302 2.91302 2.91302 2.91302 2.91302 2.91302 2.91302 2.91302 2.91302 1.94780 1.50002 1.50002 1.50002 1.50002 1.50002 1.50002 1.50002 1.50002 1.50002 1.49511 1.47150 1.44629 1.42120 1.39582 1.37067 1.34552 1.32037 1.29492 1.26983 1.24474 1.21948 1.19409 1.16224 1.10920 1.07339 1.03707 1.00116 0.964943 0.928829 0.892918
1.79852 1.79852 1.79852 1.79852 1.79852 1.79852 1.79852 1.79852 1.79852 1.79852 1.79852 1.79852 2.03045 2.91302 2.91302 2.91302 2.91302 2.91302 2.91302 2.91302 2.91302 2.91302 2.91144 2.87585 2.82708 2.77821 2.72934 2.68047 2.63170 2.58284 2.53407 2.48510 2.43643 2.38746 1.77197 1.13196 1.10669 1.08131 1.05622 1.03113 1.00586 0.980475 0.955385 0.930295 0.909880 0.908283 0.908283 0.908283 0.908283 0.908283 0.908283 0.908283 0.908283 0.908283 0.908283 0.908283 0.908283 0.801154 0.695663 0.695663 0.695663 0.695663 0.695663 0.695663 0.695663
1.79852 1.79852 1.79852 1.79523 1.74142 1.67068 1.60056 1.52944 1.45920 1.38859 1.31784 1.24773 1.20392 2.33279 2.32432 2.27545 2.22668 2.17781 2.12894 2.08017 2.03110 1.98233 1.93505 1.92177 1.92177 1.92177 1.92177 1.92177 1.92177 1.92177 1.92177 1.92177 1.92177 1.92177 1.65489 0.908283 0.908283 0.908283 0.908283 0.908283 0.908283 0.908283 0.908283 0.908283 0.908283 0.908283 0.908283 0.908283 0.908283 0.908283 0.908283 0.908283 0.908283 0.908283 0.908283 0.908283 0.908283 0.844873 0.695663 0.695663 0.695663 0.695663 0.695663 0.695663 0.695663
0.760363 0.689872 0.619129 0.551923 0.535248 0.535248 0.535248 0.535248 0.535248 0.535248 0.535248 0.535248 0.535248 1.62057 1.92177 1.92177 1.92177 1.92177 1.92177 1.92177 1.92177 1.92177 1.92177 1.92177 1.92177 1.92177 1.92177 1.92177 1.92177 1.92177 1.92177 1.92177 1.92177 1.92177 1.86136 0.914668 0.908283 0.908283 0.908283 0.908283 0.908283 0.908283 0.908283 0.908283 0.908283 0.908283 0.908283 0.908283 0.908283 0.908283 0.908283 0.908283 0.908283 0.908283 0.908283 0.908283 0.908283 0.888594 0.695727 0.695663 0.695663 0.695663 0.695663 0.695663 0.695663
0.535248 0.535248 0.535248 0.535248 0.535248 0.535248 0.535248 0.535248 0.535248 0.535248 0.535248 0.535248 0.535248 1.32580 1.92177 1.92177 1.92177 1.92177 1.92177 1.92177 1.92177 1.92177 1.92177 1.92177 1.92177 1.92177 1.92177 1.92177 1.92177 1.92177 1.92177 1.92177 1.92177 1.92177 1.92177 1.06699 0.908283 0.908283 0.908283 0.908283 0.908283 0.908283 0.908283 0.908283 0.908283 0.908283 0.908283 0.908283 0.908283 0.908283 0.908283 0.908283 0.908283 0.908283 0.908283 0.908283 0.908283 0.908283 0.719796 0.695663 0.695663 0.695663 0.695663 0.695663 0.695663
