High_resolution/powerplant/Fengdu/OMI_NO2_200709.asc
ncols      200
nrows      200
xllcorner       105.978
yllcorner       28.1831
cellsize     0.0166667
NODATA_Value      -999.000
[rows 0 to 28 of 200, columns 0 to 65 of 200]
3.05527 3.01932 2.28325 2.30690 2.32460 2.27435 2.20893 2.20608 2.21282 2.21555 2.21555 2.21555 2.21555 2.21555 2.21555 2.12820 2.04473 2.30149 2.88635 2.90539 2.90788 2.90788 2.90788 2.90838 3.26509 3.33078 3.33078 3.33078 3.33078 3.33078 3.32807 3.30359 3.15614 2.65733 2.71560 2.72253 2.72253 2.56659 2.26455 2.15856 2.06084 1.97851 2.18650 2.23049 2.21380 2.22530 2.25544 2.28008 2.29145 2.25076 2.31172 2.41427 2.40192 2.38995 2.37824 2.36676 2.35561 2.34474 2.36086 2.50091 2.21836 1.85102 1.85102 1.82344 2.19117 2.14534
3.05527 3.00907 2.46951 2.35964 2.35964 2.32522 2.21555 2.21555 2.21555 2.21555 2.21555 2.21555 2.22829 2.27052 2.31004 2.32724 2.22209 2.27827 2.83070 2.90788 2.90788 2.90788 2.90788 2.90788 3.12243 3.32706 3.30850 3.27128 3.23757 3.20874 3.18510 3.17386 3.16047 2.65579 2.57568 2.39006 2.16469 1.98270 1.70523 1.67355 1.65130 1.67696 1.86403 1.99458 2.03155 2.04312 2.03905 2.03504 2.03320 2.03301 2.04475 2.20690 2.20690 2.20690 2.20690 2.20690 2.20690 2.20690 2.19828 2.18123 2.04546 1.64299 1.61407 1.59312 1.77579 1.85075
3.05527 3.05527 2.58093 2.35964 2.35964 2.35821 2.22361 2.20664 2.20641 2.23875 2.27430 2.30600 2.32578 2.32228 2.35160 2.36372 2.26414 2.23637 2.66152 2.82942 2.82506 2.82077 2.81798 2.81927 2.88345 3.07075 3.02585 2.95952 2.89367 2.78385 2.66831 2.56445 2.47094 2.08421 1.97613 1.94220 1.86233 1.77685 1.72702 1.75386 1.81884 1.84834 1.89857 2.03320 2.03320 2.03320 2.03320 2.03320 2.03381 2.03653 1.99012 2.12763 2.10590 2.08511 2.06215 2.01640 1.96738 1.92036 1.88077 1.89023 1.88510 1.52800 1.52795 1.52795 1.63865 1.80646
2.52084 2.49837 2.44701 2.25175 2.24988 2.24534 2.20579 2.24339 2.27336 2.27855 2.27855 2.27855 2.27855 2.27855 2.32824 2.36583 2.31172 2.26487 2.52788 2.67771 2.63732 2.60155 2.56631 2.52398 2.51875 2.50460 2.42851 2.38509 2.34567 2.33506 2.31669 2.25659 2.19259 2.00991 1.95233 2.06771 2.08517 1.99290 1.93393 1.84965 1.85255 1.85545 1.86309 2.03674 2.04904 2.05194 2.05485 2.05775 2.06005 2.06023 1.94877 1.94605 1.93271 1.90238 1.87486 1.86991 1.86991 1.86991 1.86991 1.88091 1.92696 1.61620 1.52150 1.59738 1.70408 1.91918
2.41974 2.41974 2.42931 2.25930 2.24456 2.24456 2.22339 2.27611 2.27947 2.30514 2.34175 2.37838 2.41499 2.45160 2.52574 2.63578 2.67604 2.64953 2.71820 2.44901 2.49621 2.55289 2.60949 2.65406 2.62787 2.32114 2.13330 2.06361 1.99073 1.91395 1.85590 1.85454 1.85505 1.85821 1.91505 2.15038 2.16785 2.02099 2.00440 1.87622 1.87536 1.87536 1.87536 2.00063 2.06023 2.06023 2.04836 2.02309 1.99784 1.97256 1.90860 1.80956 1.86991 1.86991 1.86991 1.86991 1.87151 1.87751 1.88378 1.90133 1.94859 1.81065 1.81251 1.83383 1.83383 1.94301
2.41974 2.41974 2.42229 2.40533 2.45697 2.50822 2.55400 2.52270 2.57575 2.58668 2.59382 2.61076 2.62770 2.64474 2.67228 2.79573 2.85042 2.81853 2.85776 2.63366 2.45962 2.40295 2.35418 2.31908 2.33348 2.19708 1.94769 1.94825 1.94871 1.94970 1.95314 1.95314 1.95314 1.95314 1.95335 2.10265 2.17910 2.05528 2.02091 1.90716 1.87536 1.87464 1.85667 1.90174 1.99100 1.96574 1.95233 1.95232 1.95232 1.95232 1.95067 1.78883 1.87751 1.88376 1.89001 1.90218 1.92317 1.93995 1.95645 1.96385 1.99780 1.90370 1.83383 1.83383 1.83383 1.90810
2.41974 2.41974 2.41974 2.54839 2.67601 2.67595 2.68648 2.61325 2.62812 2.64548 2.68058 2.72054 2.75918 2.78680 2.80642 2.86350 2.84098 2.77670 2.72288 2.65193 2.42156 2.43258 2.42949 2.41321 2.39556 2.34394 1.95751 1.95314 1.95314 1.95314 1.95314 1.95314 1.95314 1.95314 1.95318 2.03983 2.17910 2.08743 2.00648 1.91398 1.79931 1.77476 1.76746 1.78419 1.95101 1.95232 1.95365 1.95865 1.96386 1.96907 1.97429 1.83956 1.92001 1.93652 1.95305 1.96365 1.96385 1.96337 1.95577 1.94614 1.94970 1.92514 1.81050 1.79481 1.78892 1.80107
2.41974 2.41974 2.44728 2.52948 2.70955 2.67822 2.64734 2.60102 2.68933 2.71562 2.71541 2.70055 2.68696 2.68221 2.66300 2.69958 2.70159 2.66202 2.60405 2.73328 2.40117 2.38352 2.36906 2.36768 2.36768 2.36768 2.04836 1.95314 1.95314 1.95314 1.95314 1.95314 1.95314 1.95060 1.93667 1.95956 2.11769 2.06173 1.95771 1.92886 1.76746 1.76893 1.77613 1.78392 1.93137 1.97429 1.97816 1.97966 2.00041 2.03537 2.07163 1.98958 1.92302 1.91227 1.90425 1.89617 1.88689 1.87813 1.87454 1.87262 1.87379 1.91879 1.82343 1.79994 1.80289 1.80498
2.56735 2.62679 2.65873 2.52501 2.46382 2.44126 2.44126 2.45800 2.65461 2.65243 2.63117 2.61095 2.59164 2.57492 2.57206 2.60292 2.62900 2.61517 2.53637 2.72081 2.37723 2.36768 2.36768 2.36768 2.36768 2.36768 2.17320 1.95314 1.95314 1.94929 1.93464 1.91928 1.89834 1.87669 1.86651 1.86388 2.03021 2.05324 1.95894 1.97995 1.84206 1.83243 1.84955 1.86708 1.99027 2.12737 2.16732 2.20744 2.22360 2.22129 2.21899 2.15666 1.85825 1.83684 1.83493 1.83335 1.83320 1.83320 1.83320 1.83320 1.83320 1.95470 1.92442 1.91124 1.94606 1.98088
2.65878 2.65878 2.65878 2.57031 2.39123 2.37862 2.35968 2.34191 2.49475 2.57206 2.57206 2.56850 2.54924 2.52800 2.50672 2.51255 2.56314 2.56309 2.54522 2.65185 2.41014 2.27474 2.26592 2.25701 2.24818 2.23392 2.14044 1.77133 1.74715 1.72737 1.72705 1.73092 1.74579 1.76582 1.78589 1.80616 1.99493 2.15731 2.16047 2.16540 2.05473 1.96220 1.97871 1.99482 2.03975 2.20771 2.20771 2.20771 2.20771 2.20771 2.20771 2.20407 1.89267 1.86348 1.88813 1.91279 1.93740 1.96529 2.00918 2.05517 2.10115 2.20275 2.24179 2.15813 2.14984 2.14984
2.42285 2.39064 2.35872 2.19909 2.12446 2.20147 2.18908 2.17838 2.26872 2.41522 2.39630 2.40590 2.44109 2.47695 2.51157 2.54956 2.65408 2.67907 2.66320 2.65632 2.47678 2.18369 2.18065 2.17763 2.17461 2.17702 2.18834 1.84091 1.81177 1.83129 1.84218 1.84964 1.85160 1.85160 1.85160 1.85163 1.96751 2.19132 2.21062 2.22013 2.18072 1.99977 1.99977 1.98466 1.95684 2.11310 2.10705 2.07850 2.04998 2.02149 1.99297 1.96440 2.09871 2.08453 2.10556 2.12692 2.14831 2.16639 2.16851 2.16851 2.16851 2.18859 2.28546 2.17588 2.15160 2.16508
2.06764 2.06764 2.06764 2.02784 1.94485 2.21282 2.26452 2.31497 2.38908 2.56034 2.59614 2.60510 2.59935 2.56620 2.52944 2.49270 2.51956 2.47767 2.40733 2.33319 2.32598 2.22850 2.20082 2.11775 2.03312 1.94853 1.86446 1.84284 1.85160 1.85160 1.85160 1.85160 1.85201 1.85451 1.83519 1.80492 1.84673 2.06895 2.10289 2.06200 2.03259 1.80202 1.74814 1.73473 1.73473 1.85909 1.94267 1.94267 1.94276 1.95769 1.98337 2.00899 2.15237 2.17352 2.16851 2.16851 2.16851 2.16851 2.16851 2.16302 2.14433 2.12385 2.23619 2.19355 2.38312 2.44607
2.06764 2.06764 2.06764 2.05939 1.94118 2.27918 2.34778 2.30055 2.25332 2.36053 2.36743 2.33069 2.29963 2.27792 2.24540 2.21305 2.22775 2.23514 2.18571 2.14303 2.11783 1.89012 1.83293 1.83138 1.83138 1.81294 1.77907 1.75062 1.73155 1.70006 1.66983 1.63957 1.60894 1.57623 1.56532 1.56532 1.61503 1.85961 1.98076 1.96303 1.96303 1.83102 1.73473 1.73473 1.73631 1.81916 1.99018 2.01581 2.04138 2.05208 2.05208 2.05208 2.10967 2.20173 2.16316 2.14452 2.12526 2.10578 2.06866 2.02365 1.99183 1.96182 2.08433 2.12301 2.40836 2.45682
2.06764 2.06764 2.06764 2.06764 1.98182 1.90406 2.06726 2.06726 2.06713 2.15141 2.24268 2.21254 2.17900 2.12883 2.07792 2.02543 2.00393 2.00706 2.00677 2.02180 2.04791 1.65823 1.61485 1.58094 1.54709 1.53291 1.53653 1.54067 1.56294 1.56532 1.56532 1.56532 1.56532 1.56532 1.56532 1.56532 1.58775 1.79201 1.95948 1.96307 1.95872 1.88749 1.78904 1.81470 1.83876 1.85227 2.04476 2.05208 2.05208 2.04584 2.02353 2.00037 1.98257 2.13539 2.06124 2.02969 1.99843 1.96728 1.95382 1.95382 1.95382 1.95440 2.06423 2.16405 2.35644 2.53583
2.06764 2.06764 2.06764 2.06764 2.01348 1.80251 1.99537 1.96359 1.92004 1.92985 2.03121 2.00487 1.95089 1.93559 1.93790 1.94010 1.95697 2.01888 2.00847 1.99901 2.02068 1.64275 1.53539 1.53905 1.54271 1.54506 1.54510 1.54510 1.55868 1.56532 1.56532 1.56532 1.56532 1.56532 1.58298 1.70177 1.69067 1.71075 1.85507 1.88319 1.85844 1.85592 1.84496 1.84414 1.85182 1.88488 1.98098 1.97729 1.95417 1.93730 1.92860 1.89342 1.85591 1.99020 2.01010 2.03090 2.05200 2.07310 2.09420 2.11530 2.13640 2.15692 2.22034 2.34001 2.39188 2.65685
2.06659 1.97822 1.83193 1.68329 1.53908 1.55893 1.78894 1.86906 1.85801 1.85743 1.87354 1.93844 1.92820 1.91779 1.90737 1.89697 1.88833 1.96689 1.97276 1.97551 1.99591 1.79622 1.54510 1.54510 1.54510 1.54510 1.54510 1.55517 1.67334 1.81591 1.94034 2.05926 2.16576 2.25621 2.32959 2.32383 2.08492 1.58313 1.75837 1.86890 1.87925 1.90915 1.93140 1.95686 1.97910 1.97592 1.93541 1.85324 1.81058 1.76791 1.73313 1.72565 1.72047 1.84759 2.08946 2.08835 2.08403 2.07972 2.07541 2.07109 2.06677 2.06246 2.07437 2.25151 2.23582 2.58041
1.50413 1.43984 1.42706 1.41689 1.41523 1.51762 1.67070 1.83644 1.82455 1.81266 1.79005 1.87991 1.88499 1.88499 1.88614 1.88887 1.89162 1.95934 1.98752 1.99462 2.01103 1.97753 1.82613 1.95921 2.08679 2.20867 2.32553 2.43003 2.44942 2.45482 2.44468 2.43446 2.43112 2.44212 2.47669 2.53538 2.56279 1.90985 2.10467 2.08360 1.89826 1.89826 1.89346 1.85906 1.82156 1.78408 1.74106 1.66717 1.66704 1.66704 1.66704 1.66704 1.66704 1.73141 2.02873 2.05677 2.05152 2.03074 2.00893 1.98711 1.97622 1.99721 2.02029 2.23989 2.32738 2.49655
1.44715 1.47109 1.49533 1.51936 1.54352 1.53351 1.60445 1.87885 1.88913 1.89954 1.90184 1.96596 2.01136 2.02315 2.04235 2.07333 2.10449 2.17090 2.22587 2.24801 2.27109 2.32016 2.53102 2.53769 2.52712 2.53153 2.54363 2.55607 2.57918 2.62768 2.68496 2.74972 2.81701 2.88228 2.91596 2.92253 2.92253 2.29914 2.14078 2.11532 1.84150 1.80400 1.76697 1.74467 1.74422 1.74422 1.74416 1.67516 1.65220 1.64306 1.63392 1.62477 1.61563 1.61342 1.80400 1.85836 1.86272 1.90656 1.95144 1.99638 2.03033 2.03240 2.03240 2.17341 2.30411 2.37102
1.85814 1.85814 1.85814 1.85814 1.85814 1.80684 1.68400 1.96268 2.00879 2.03400 2.05798 2.09137 2.17260 2.19469 2.20825 2.20841 2.20899 2.23229 2.28016 2.28307 2.31227 2.30940 2.53815 2.72211 2.75144 2.76474 2.77457 2.78450 2.79441 2.85705 2.92253 2.92253 2.92253 2.92253 2.92253 2.92664 2.94460 2.59259 2.19818 2.17527 1.73676 1.72053 1.71138 1.69398 1.68110 1.67196 1.66288 1.61881 1.58219 1.58219 1.58219 1.58364 1.62174 1.67560 1.84013 2.00841 2.03238 2.03240 2.03240 2.03240 2.03240 2.03240 2.02866 2.10995 2.27372 2.52297
1.85814 1.96366 2.17208 2.36160 2.53467 2.67226 2.43845 2.17795 2.15214 2.15411 2.15608 2.14321 2.21232 2.21825 2.21997 2.22305 2.25189 2.29715 2.39613 2.43298 2.44465 2.37199 2.44024 2.79130 2.80121 2.80743 2.80753 2.80753 2.80759 2.82991 2.92738 2.94506 2.98776 3.03119 3.07230 3.10769 3.12957 2.98294 2.17838 2.13271 1.76011 1.67137 1.67137 1.66689 1.65937 1.65937 1.65937 1.64840 1.63621 1.69006 1.74394 1.79634 1.81214 1.81214 1.86295 2.03024 2.03240 2.02886 2.01610 2.00294 1.99180 2.01450 2.05297 2.15098 2.37970 2.69060
2.85425 2.87243 2.82363 2.77796 2.73443 2.69333 2.44163 2.23408 2.16725 2.16725 2.16725 2.15881 2.22693 2.29053 2.32875 2.36579 2.38124 2.38868 2.45629 2.47132 2.47417 2.44856 2.33326 2.81318 2.82036 2.82984 2.86090 2.89198 2.93031 2.97175 3.09759 3.13377 3.13663 3.13663 3.13663 3.13663 3.13663 3.12137 2.30963 2.13271 1.86656 1.67137 1.67137 1.68425 1.72774 1.78173 1.83558 1.88176 1.81805 1.81214 1.81214 1.81214 1.80801 1.79285 1.80013 1.96254 1.97698 1.99500 2.04252 2.09046 2.13641 2.14853 2.14853 2.15796 2.36173 2.59553
2.60817 2.60817 2.60817 2.60817 2.60817 2.60817 2.49263 2.27251 2.20166 2.24501 2.28870 2.33670 2.34074 2.37899 2.37858 2.37799 2.37233 2.36450 2.40223 2.41775 2.44743 2.49616 2.41318 2.85631 2.96792 3.00062 3.01681 3.03163 3.03805 3.03805 3.09486 3.13663 3.13663 3.13663 3.13663 3.13663 3.13663 3.13631 2.58333 2.15214 2.04191 1.78953 1.83906 1.87473 1.88608 1.88932 1.88932 1.89125 1.83158 1.77726 1.76152 1.74573 1.73400 1.75511 1.81629 2.02616 2.13452 2.16521 2.17555 2.18590 2.19624 2.20658 2.21692 2.23383 2.44579 2.64182
2.60817 2.60817 2.60817 2.60283 2.60976 2.62724 2.60551 2.44353 2.35459 2.35741 2.37292 2.37930 2.30087 2.34069 2.35653 2.40329 2.45203 2.50088 2.58067 2.66506 2.68119 2.69225 2.61718 2.81493 3.03763 3.03805 3.03805 3.03805 3.03805 3.03805 3.06529 3.12370 3.09929 3.07483 3.05042 3.04454 3.05548 3.06672 2.87117 2.34357 2.27196 1.88908 1.87744 1.88497 1.89918 1.91511 1.93031 1.94715 1.88996 1.78328 1.84771 1.91548 1.98324 2.02937 2.04011 2.18355 2.34170 2.35699 2.39712 2.43769 2.47617 2.51269 2.54755 2.57640 2.60630 2.64507
2.46043 2.47984 2.51291 2.56338 2.60195 2.63048 2.65574 2.51109 2.41821 2.41617 2.47203 2.52777 2.53390 2.56299 2.60998 2.61210 2.61223 2.62047 2.64983 2.71423 2.72590 2.72785 2.70243 2.69523 3.02764 3.00164 2.97548 2.94930 2.92314 2.89698 2.87398 2.97482 3.01331 3.04696 3.08061 3.09564 3.09392 3.08348 2.96003 2.33012 2.31936 2.15516 2.13138 2.14260 2.15445 2.18179 2.23417 2.29172 2.33642 2.20039 2.20047 2.20198 2.21091 2.22029 2.23222 2.42304 2.60466 2.62558 2.62732 2.62732 2.62933 2.63985 2.65131 2.67805 2.72957 2.76774
2.61278 2.64626 2.66052 2.66509 2.69115 2.71885 2.74569 2.74249 2.74272 2.68812 2.68915 2.69018 2.67036 2.60532 2.63785 2.65175 2.66551 2.66819 2.65495 2.66593 2.64700 2.62771 2.60843 2.47121 2.83077 2.83402 2.83566 2.86248 2.89338 2.89443 2.88973 2.92743 2.91954 2.88618 2.85568 2.82601 2.79719 2.77593 2.77172 2.23902 2.32702 2.24874 2.20903 2.26662 2.32415 2.38673 2.40085 2.40418 2.40729 2.27917 2.24417 2.25960 2.27433 2.28830 2.30231 2.48677 2.67783 2.70677 2.71839 2.75714 2.81465 2.86359 2.91161 2.94441 2.94192 2.92826
2.70095 2.76805 2.79257 2.81248 2.81567 2.81633 2.81634 2.81178 2.81086 2.70353 2.70185 2.68713 2.66607 2.56132 2.60439 2.59206 2.57427 2.55950 2.55796 2.57385 2.58086 2.58626 2.59007 2.50531 2.69459 2.72378 2.72085 2.69565 2.66622 2.65948 2.65704 2.69740 2.77329 2.77504 2.77504 2.77504 2.77504 2.77504 2.75927 2.36502 2.13786 2.10480 2.35157 2.42775 2.44448 2.46551 2.48519 2.49916 2.51320 2.45204 2.37661 2.38158 2.38158 2.38158 2.38488 2.53036 2.79543 2.87673 2.92464 2.94539 2.94539 2.94539 2.94539 2.94539 2.94503 2.93003
2.74160 2.81634 2.81634 2.81634 2.81153 2.79438 2.77665 2.75772 2.74403 2.61638 2.57254 2.56784 2.57337 2.52086 2.54362 2.57980 2.58521 2.59062 2.59424 2.59565 2.58746 2.56908 2.55223 2.54812 2.62274 2.65778 2.65534 2.65290 2.65151 2.65150 2.65150 2.66236 2.77599 2.79384 2.79308 2.74395 2.69175 2.63965 2.60318 2.39234 2.17024 2.27997 2.38035 2.53511 2.53511 2.53703 2.54594 2.54594 2.54594 2.51939 2.39226 2.44419 2.50019 2.55624 2.60896 2.66491 2.89248 2.94539 2.94539 2.94539 2.94666 2.95096 2.95540 2.95992 2.96496 2.95539
2.64510 2.74961 2.73374 2.71453 2.69588 2.68927 2.68328 2.67727 2.67829 2.66228 2.61314 2.61843 2.61909 2.58919 2.54467 2.58578 2.56734 2.54894 2.53223 2.53485 2.54469 2.54225 2.53981 2.53810 2.59402 2.68789 2.70785 2.72782 2.74264 2.73120 2.71438 2.67130 2.71368 2.67166 2.62027 2.61725 2.61725 2.61725 2.61725 2.55133 2.12841 2.29783 2.27960 2.53511 2.53511 2.53512 2.56536 2.62385 2.69094 2.79536 2.75309 2.78614 2.83423 2.88029 2.92292 2.65269 2.85328 2.95524 2.95981 2.96431 2.96799 2.96882 2.96951 2.97013 2.97022 2.96041
2.51869 2.62949 2.65908 2.65453 2.65426 2.65426 2.65426 2.65426 2.65672 2.69373 2.61654 2.59813 2.57715 2.55190 2.44508 2.52021 2.53076 2.53463 2.53862 2.54746 2.57030 2.57662 2.58277 2.57839 2.63514 2.73365 2.69914 2.64576 2.57883 2.53810 2.50270 2.49371 2.55338 2.61725 2.61725 2.61725 2.61725 2.61725 2.61725 2.61707 2.15288 2.32510 2.30386 2.56524 2.63716 2.65850 2.87948 3.07456 3.10611 3.10872 3.02939 2.97337 2.97780 2.98224 2.98668 2.76763 2.79922 2.96051 2.96937 2.97004 2.97677 2.99007 3.00341 3.01672 3.03004 3.03708
