High_resolution/powerplant/Fengdu/OMI_NO2_200907.asc
ncols      200
nrows      200
xllcorner       105.978
yllcorner       28.1831
cellsize     0.0166667
NODATA_Value      -999.000
[rows 29 to 57 of 200, columns 66 to 131 of 200]
3.62749 3.62749 3.62749 3.62749 3.62749 2.98361 2.73898 2.73898 2.73898 2.73898 2.73898 2.25903 2.05893 2.02964 2.00034 2.15752 2.25392 2.31575 2.37764 2.43953 2.52909 3.71021 3.73920 3.73920 3.73920 3.73920 3.73920 3.73920 3.73920 3.73920 3.73920 3.73920 2.24348 1.88572 1.88572 1.88572 1.88572 1.88572 1.88572 1.88572 1.88572 1.88572 1.88572 1.88572 1.88572 1.88572 1.88572 1.88572 1.88572 1.86800 1.80170 1.73268 1.63458 1.59707 1.58745 1.58745 1.58745 1.58745 1.58745 1.58745 1.58745 1.58745 1.58745 1.58745 1.58745 1.58745
3.62749 3.62749 3.62749 3.62749 3.62749 3.23157 2.73890 2.72219 2.69291 2.66359 2.63433 2.33507 1.97125 2.01250 2.05374 2.25023 2.48617 2.47437 2.40551 2.32934 2.25313 3.16733 3.73920 3.73920 3.73920 3.73920 3.73920 3.73920 3.73920 3.73920 3.73920 3.73920 2.81302 1.88572 1.88572 1.88572 1.88572 1.88572 1.88572 1.88572 1.88572 1.88572 1.88572 1.88572 1.88514 1.83432 1.76697 1.71727 1.67913 1.64635 1.58116 1.58116 1.58430 1.58745 1.58745 1.58745 1.58745 1.58745 1.58745 1.58745 1.58745 1.58745 1.58745 1.58745 1.58745 1.58745
3.62749 3.62749 3.61508 3.58587 3.55657 3.37942 2.60953 2.60134 2.63823 2.68171 2.72516 2.69325 2.07233 2.01819 1.96736 1.96313 2.11292 2.04841 2.04102 2.04102 2.04102 2.61785 3.73920 3.73920 3.73920 3.73920 3.73920 3.73920 3.73920 3.73920 3.73920 3.73920 3.38277 1.88572 1.88572 1.88572 1.88572 1.88572 1.88572 1.88550 1.86145 1.79735 1.74484 1.70422 1.67222 1.66279 1.66280 1.66280 1.66280 1.66188 1.58935 1.58116 1.58238 1.58745 1.58745 1.58745 1.58745 1.58745 1.58745 1.58745 1.58745 1.58745 1.58745 1.58745 1.58745 1.58745
3.53174 3.50244 3.48555 3.49322 3.53318 3.57093 2.78494 2.68244 2.63820 2.58733 2.53653 2.48973 1.95855 1.81785 1.81785 1.81986 2.01804 2.04102 2.04102 2.04102 2.04102 2.26451 3.73920 3.73920 3.73920 3.73920 3.73920 3.73920 3.73920 3.73920 3.73920 3.73920 3.73475 2.10318 1.88455 1.86687 1.82627 1.77121 1.72844 1.69420 1.66648 1.66280 1.66280 1.66280 1.66280 1.66280 1.66280 1.66280 1.66280 1.66280 1.62058 1.58116 1.58118 1.58673 1.58745 1.58745 1.58745 1.58745 1.58745 1.58745 1.58745 1.58745 1.58745 1.58745 1.58745 1.58745
3.46743 3.33208 3.19528 3.05081 2.87401 2.69829 2.54479 2.48050 2.48050 2.48050 2.48050 2.48050 2.16499 1.81785 1.81785 1.81785 1.94094 2.04102 2.04102 2.04102 2.04102 2.05515 3.55088 3.73920 3.73920 3.73920 3.73920 3.73920 3.73920 3.72627 3.56297 3.39372 3.09787 2.28874 1.71569 1.68186 1.66284 1.66280 1.66280 1.66280 1.66280 1.66280 1.66280 1.66280 1.66280 1.66280 1.66280 1.66280 1.66280 1.66280 1.64279 1.58116 1.58116 1.58483 1.58745 1.58745 1.58745 1.58745 1.58745 1.58745 1.58745 1.58745 1.58745 1.58745 1.58745 1.58795
2.64517 2.64414 2.64414 2.64414 2.64414 2.64414 2.59031 2.48050 2.48050 2.48050 2.48050 2.48050 2.37152 1.81785 1.81785 1.81785 1.87770 2.04102 2.04102 2.04102 2.04102 2.04102 2.92209 3.73920 3.72627 3.56297 3.40649 3.24892 2.96993 2.73280 2.54051 2.36242 2.31740 2.22729 1.67556 1.66280 1.66280 1.66280 1.66280 1.66280 1.66280 1.66280 1.66280 1.66280 1.66280 1.66280 1.66280 1.66280 1.66280 1.66280 1.65811 1.58157 1.58116 1.58291 1.58745 1.58745 1.58745 1.58745 1.58745 1.58745 1.58745 1.59566 1.62484 1.65507 1.68531 1.71502
2.64414 2.64414 2.64414 2.64414 2.64414 2.64414 2.63326 2.48264 2.48050 2.48050 2.48050 2.48050 2.48043 1.91557 1.81785 1.81785 1.82906 2.03683 2.04102 2.04340 2.07562 2.11108 2.48164 3.12017 2.87011 2.67485 2.48797 2.33339 2.31740 2.31740 2.31740 2.31740 2.31740 2.31122 1.78648 1.66280 1.66280 1.66280 1.66280 1.66280 1.66280 1.66280 1.66280 1.66280 1.66280 1.66280 1.66280 1.66280 1.66280 1.66280 1.66280 1.60629 1.58116 1.58132 1.58712 1.58745 1.58873 1.61138 1.64159 1.67185 1.70205 1.72407 1.72511 1.72511 1.72511 1.72511
2.64414 2.64414 2.64414 2.64414 2.64414 2.64414 2.64414 2.51724 2.48050 2.48050 2.48050 2.48050 2.48050 2.12179 1.81588 1.76993 1.70577 2.00034 2.16511 2.10556 1.98692 1.86244 1.80308 2.31899 2.31740 2.31740 2.31740 2.31740 2.31740 2.31740 2.31740 2.31740 2.31740 2.31740 1.97520 1.66280 1.66280 1.66280 1.66280 1.66280 1.66280 1.66280 1.66280 1.66280 1.66280 1.66280 1.66280 1.66280 1.66280 1.66280 1.66280 1.63333 1.49389 1.21447 1.39667 1.68859 1.71753 1.72511 1.72511 1.72511 1.72511 1.72511 1.72511 1.72511 1.72511 1.72511
2.64414 2.64414 2.64414 2.64414 2.64414 2.64414 2.64414 2.56268 2.48050 2.48016 2.44183 2.37768 2.31352 2.09738 1.51289 1.39042 1.26583 1.46690 1.70432 1.65921 1.66288 1.70853 1.76595 2.23101 2.31740 2.31740 2.31740 2.31740 2.31740 2.31740 2.31740 2.31740 2.31740 2.31740 2.17005 1.66291 1.66280 1.66280 1.66280 1.66280 1.66280 1.66280 1.66280 1.66280 1.66280 1.66280 1.66280 1.66001 1.58491 1.49553 1.40614 1.21081 0.323105 0.316274 0.827527 1.72511 1.72511 1.72511 1.72511 1.72511 1.72511 1.72511 1.72511 1.72511 1.72511 1.72511
2.65388 2.64414 2.64414 2.64414 2.64414 2.61467 2.55058 2.45042 2.25862 2.19472 2.14132 2.00068 1.84785 1.68955 1.04512 1.01408 1.07163 1.25409 1.87261 1.93014 1.98396 1.99581 1.99581 2.15144 2.31740 2.31740 2.31740 2.31740 2.31740 2.31740 2.31740 2.31740 2.31740 2.31740 2.30008 1.72774 1.66280 1.66280 1.66280 1.66280 1.66280 1.66280 1.66291 1.66609 1.58726 1.49786 1.40852 1.32210 1.30771 1.30791 1.30791 1.29930 0.430826 0.316274 0.420225 1.70552 1.72511 1.72511 1.72511 1.72511 1.72511 1.72511 1.72511 1.72511 1.72511 1.72511
2.77874 2.55983 2.49568 2.43149 2.36728 2.33263 2.28911 2.13905 1.83609 1.70442 1.63674 1.68208 1.73964 1.79709 1.51187 1.30974 1.30974 1.31125 1.91855 1.99581 1.99581 1.99581 1.99581 2.06977 2.31740 2.31740 2.31740 2.31740 2.31740 2.31740 2.31740 2.31740 2.31740 2.31740 2.31740 1.90532 1.66280 1.66418 1.70184 1.67901 1.58955 1.50040 1.41083 1.31840 1.30791 1.30791 1.30791 1.30791 1.30791 1.30791 1.30791 1.30791 0.808362 0.316274 0.316274 1.38241 1.72511 1.72511 1.72511 1.72511 1.72511 1.72511 1.72511 1.72511 1.72511 1.72511
2.37694 2.33257 2.26976 2.14683 2.08988 2.03528 2.02419 2.11783 1.96862 1.87111 1.87111 1.87111 1.87111 1.87111 1.70406 1.30974 1.30974 1.30974 1.71946 1.99581 1.99581 1.99581 1.99581 2.00751 2.30813 2.31740 2.31740 2.31740 2.31740 2.31740 2.31740 2.31740 2.30835 2.15212 1.95115 1.67395 1.59212 1.50134 1.37431 1.30791 1.30791 1.30791 1.30791 1.30791 1.30791 1.30791 1.30791 1.30791 1.30791 1.30791 1.30791 1.30791 1.07318 0.316274 0.316274 0.955193 1.72511 1.72511 1.72511 1.72511 1.72511 1.72511 1.72511 1.72511 1.72511 1.72511
2.29523 2.17737 2.18569 2.25395 2.25652 2.25652 2.25652 2.25652 2.10744 1.87111 1.87111 1.87111 1.87111 1.87111 1.85279 1.33531 1.30974 1.30974 1.51878 1.99581 1.99581 1.99581 1.99581 1.99581 2.21376 2.31740 2.31740 2.30773 2.15004 1.94215 1.75536 1.62273 1.50198 1.52841 1.59961 1.48343 1.26140 1.30791 1.30791 1.30791 1.30791 1.30791 1.30791 1.30791 1.30791 1.30791 1.30791 1.30791 1.30791 1.30791 1.30791 1.30791 1.25533 0.323979 0.316274 0.528444 1.72511 1.72511 1.72511 1.72511 1.72511 1.72511 1.72511 1.72511 1.72511 1.72511
2.33212 2.26645 2.25652 2.25652 2.25652 2.25652 2.25652 2.25652 2.21392 1.87173 1.87111 1.87111 1.87111 1.87111 1.87111 1.49138 1.30974 1.30974 1.33917 1.97474 1.99581 1.99581 1.98894 1.88285 1.81996 1.73425 1.56495 1.44482 1.47277 1.55084 1.60935 1.61266 1.61266 1.61266 1.61266 1.61169 1.20342 1.20673 1.15619 1.11604 1.30136 1.30791 1.30791 1.30791 1.30791 1.30791 1.30791 1.30791 1.30791 1.30791 1.30791 1.30791 1.30791 0.632930 0.316274 0.316274 1.51040 1.72511 1.72511 1.72511 1.72511 1.72511 1.72511 1.72511 1.72511 0.00000
2.33216 2.28874 2.25652 2.25652 2.25652 2.25652 2.25652 2.25652 2.25652 1.93620 1.87111 1.87111 1.87111 1.87111 1.87111 1.66567 1.30974 1.31193 1.35856 1.67766 1.60566 1.46909 1.37596 1.39550 1.45469 1.57320 1.61266 1.61266 1.61266 1.61077 1.54989 1.47109 1.40289 1.34336 1.29089 1.24482 1.05647 1.02594 1.02594 1.02594 1.22114 1.30791 1.30791 1.30791 1.30791 1.30791 1.30791 1.30791 1.30791 1.30791 1.30791 1.30791 1.30791 0.956136 0.316274 0.460406 1.23367 1.72511 1.72511 1.72511 0.00000 0.00000 0.00000 0.00000 0.00000 0.00000
2.33216 2.31107 2.25652 2.25652 2.25652 2.25652 2.25652 2.25652 2.25652 2.04323 1.87111 1.87111 1.87183 1.93504 2.05087 2.13729 1.61095 1.72346 1.82958 1.64511 1.46252 1.51246 1.52598 1.52619 1.53382 1.48195 1.39952 1.34037 1.28833 1.24293 1.22911 1.22911 1.22911 1.22911 1.22911 1.22911 1.13228 1.02393 1.02594 1.02594 1.13854 1.30791 1.30791 1.30791 1.30791 1.30791 1.30791 1.30791 1.30791 1.30791 1.31726 1.45774 1.64437 1.76267 1.66488 1.87289 1.87445 0.00000 0.00000 0.00000 0.00000 0.00000 0.00000 0.00000 0.00000 0.00000
2.33216 2.32999 2.25994 2.25652 2.25652 2.25652 2.25652 2.25652 2.31746 2.34307 2.16448 2.32043 2.50573 2.54380 2.36740 2.12684 1.95818 2.07371 2.11705 2.06410 1.55559 1.57000 1.58674 1.60581 1.61266 1.32732 1.22911 1.22911 1.22911 1.22911 1.22911 1.22911 1.22911 1.22911 1.22911 1.22911 1.22670 1.00335 1.02594 1.02594 1.07208 1.30791 1.30791 1.30791 1.30791 1.30792 1.36308 1.54425 1.73120 1.91790 2.09543 2.14185 2.14193 2.13990 1.90715 1.87445 1.87445 1.87445 0.00000 0.00000 0.00000 0.00000 0.00000 0.00000 0.00000 0.00000
2.33216 2.33216 2.28004 2.29968 2.43818 2.60194 2.79468 3.02520 3.16640 3.11109 2.35960 2.08198 1.74969 1.37484 1.35262 1.35262 2.28038 2.70542 2.80931 2.80931 1.71510 1.61266 1.61266 1.61266 1.61266 1.42696 1.22911 1.22911 1.22911 1.22911 1.22911 1.22911 1.22911 1.22911 1.22911 1.22911 1.22911 1.07484 1.02594 1.02594 1.02899 1.29299 1.44414 1.63108 1.81786 2.00472 2.13632 2.14193 2.14193 2.14193 2.14193 2.14193 2.14193 2.14193 2.00929 1.87445 1.87445 1.87445 0.00000 0.00000 0.00000 0.00000 0.00000 0.00000 0.00000 0.00000
2.51027 2.59746 2.78355 3.16191 3.16621 3.11797 2.99674 2.76189 2.42002 2.08911 1.67673 1.35262 1.35262 0.00000 0.00000 0.00000 2.80931 2.80931 2.80931 2.80931 1.96028 1.61266 1.61266 1.61266 1.61266 1.55185 1.22944 1.22911 1.22911 1.22911 1.22911 1.22911 1.22911 1.22911 1.22911 1.23412 1.31166 1.30550 1.17469 1.29917 1.42358 1.85947 2.14193 2.14193 2.14193 2.14193 2.14193 2.14193 2.14193 2.14193 2.14193 2.14193 2.14193 2.14193 2.07996 1.87445 1.87445 1.87445 0.00000 0.00000 0.00000 0.00000 0.00000 0.00000 0.00000 0.00000
2.73781 2.63681 2.49777 2.56227 2.16883 1.86231 1.75433 1.74524 1.74524 1.74524 1.74524 0.00000 0.00000 0.00000 0.00000 0.00000 0.00000 2.80931 2.80931 2.80931 2.31953 1.61266 1.61266 1.61266 1.61266 1.61266 1.27355 1.22911 1.22911 1.22911 1.23412 1.31166 1.41296 1.50086 1.56630 1.62636 1.61390 1.58221 1.57974 1.58196 1.58196 1.75950 2.14193 2.14193 2.14193 2.14193 2.14193 2.14193 2.14193 2.14193 2.14193 2.14193 2.14193 2.14193 2.12867 1.87717 1.87445 1.87445 1.87445 0.00000 0.00000 0.00000 0.00000 0.00000 0.00000 0.00000
1.90472 1.81933 1.81933 1.77003 1.74524 1.74524 1.74524 1.74524 1.74524 1.74524 1.74524 0.00000 0.00000 0.00000 0.00000 0.00000 0.00000 2.80931 2.80931 2.80931 2.75985 1.64726 1.61266 1.61266 1.61266 1.62018 1.45727 1.41296 1.51388 1.59229 1.65236 1.63991 1.60368 1.58087 1.58051 1.58051 1.58051 1.58051 1.58035 1.60183 1.64465 1.73793 2.14193 2.14193 2.14193 2.14193 2.14193 2.14193 2.14193 2.14193 2.14193 2.14193 2.14193 2.14193 2.14193 1.96265 1.87445 1.87445 1.87445 0.00000 0.00000 0.00000 1.77697 1.77697 1.77754 1.78334
1.81933 1.81933 1.81933 1.79450 1.74524 1.74524 1.74524 1.74524 1.74524 1.74524 1.74524 1.74524 0.00000 0.00000 0.00000 0.00000 0.00000 2.80931 2.80931 2.80931 2.80931 1.95082 1.88844 2.04039 2.18744 2.28658 2.04166 1.62969 1.59385 1.58051 1.58051 1.58051 1.58051 1.60121 1.64414 1.68702 1.73018 1.77306 1.81795 1.84069 1.84072 1.84072 2.08531 2.14193 2.14193 2.14193 2.14193 2.14193 2.14193 2.14193 2.14193 2.14193 2.14193 2.14193 2.14193 2.04900 1.87445 1.87445 1.85864 1.78021 1.78649 1.78879 1.79013 1.79224 1.79407 1.79451
1.81933 1.81933 1.81933 1.81087 1.74524 1.74524 1.74524 1.74524 1.74524 1.74524 1.74524 1.74524 0.00000 0.00000 0.00000 0.00000 0.00000 2.80931 2.80931 2.80931 2.78228 2.47375 2.25254 2.19825 2.14875 2.13977 2.10647 1.61289 1.64501 1.68790 1.73101 1.77401 1.81684 1.83927 1.83927 1.83927 1.83927 1.83927 1.84195 1.84211 1.84072 1.84072 1.98960 2.14193 2.14193 2.14193 2.14193 2.14193 2.14193 2.14193 2.14193 2.14193 2.14193 2.14114 2.09461 1.95468 1.82199 1.81096 1.80517 1.79440 1.79451 1.79451 1.79451 1.79451 1.79451 1.79451
1.81933 1.81933 1.81933 1.81913 1.75842 1.74524 1.74524 1.74524 1.74524 1.74524 1.74524 1.74524 0.00000 0.00000 0.00000 0.00000 0.00000 0.00000 2.54679 2.43029 2.34878 2.29352 2.12797 2.11992 2.11338 2.10765 2.10259 1.90793 1.83927 1.83927 1.83927 1.83927 1.83927 1.83927 1.83927 1.83927 1.83927 1.83927 1.83927 1.84692 1.84072 1.84072 1.91331 2.14193 2.14193 2.14193 2.14193 2.14193 2.14183 2.08348 1.97365 1.86381 1.75402 1.64487 1.58161 1.58383 1.79130 1.80730 1.80730 1.79685 1.79451 1.79451 1.79451 1.79451 1.79451 1.79451
1.81933 1.81933 1.81933 1.81933 1.78676 1.74524 1.74524 1.74524 1.74524 1.74524 1.74524 1.74524 1.74524 0.00000 0.00000 2.02127 2.02127 2.02127 2.12560 2.20894 2.19201 2.18280 2.11236 2.10027 2.10027 2.10027 2.10027 1.97966 1.83927 1.83927 1.83927 1.83927 1.83927 1.83927 1.83927 1.83927 1.83927 1.83927 1.83927 1.84904 1.84072 1.84072 1.85385 2.13382 2.06969 1.96202 1.85208 1.74228 1.63244 1.58101 1.58093 1.58093 1.58093 1.58093 1.58093 1.58093 1.72936 1.80730 1.80730 1.80073 1.79451 1.79451 1.79451 1.79451 1.79451 1.79451
1.81933 1.83926 1.93806 2.04489 2.08089 1.74524 1.74524 1.74524 1.74524 1.75722 1.84365 1.94290 2.04656 2.02127 2.02127 2.02127 2.02127 2.02127 2.02723 2.17722 2.18268 2.18268 2.13303 2.10027 2.10027 2.10027 2.10027 2.05149 1.83927 1.83927 1.83927 1.83927 1.83927 1.83927 1.83927 1.83927 1.83927 1.83927 1.83894 1.83792 1.71277 1.63968 1.56645 1.58457 1.58305 1.58093 1.58093 1.58093 1.58093 1.58093 1.58093 1.58093 1.58093 1.58093 1.58093 1.58093 1.66448 1.80730 1.80730 1.80461 1.79451 1.79451 1.79451 1.79451 1.79451 1.79451
2.22633 2.31324 2.32137 2.32204 2.34114 1.93702 2.00943 2.10857 2.20788 2.29487 2.30758 2.30758 2.16470 2.02127 2.02127 2.02127 2.02127 2.02127 2.02127 2.14775 2.18268 2.18268 2.15918 2.10027 2.10027 2.10027 2.10027 2.09909 1.86339 1.83927 1.83927 1.83927 1.83927 1.83894 1.83368 1.82595 1.77475 1.66671 1.53935 1.42533 1.44947 1.46671 1.46671 1.51318 1.58093 1.58093 1.58093 1.58093 1.58093 1.58093 1.58093 1.58093 1.58093 1.58093 1.58093 1.58093 1.60110 1.80588 1.80730 1.80723 1.79577 1.79451 1.79451 1.79451 1.79451 1.79451
2.43727 2.48684 2.53646 2.58527 2.60254 2.43460 2.30758 2.30758 2.30758 2.30758 2.30758 2.30758 2.24380 2.02127 2.02127 2.02127 2.02127 2.02127 2.02127 2.10231 2.18268 2.18268 2.18183 2.10533 2.10027 2.10027 2.10027 2.10027 1.93404 1.83368 1.82595 1.81367 1.73348 1.61239 1.50029 1.39545 1.34200 1.34200 1.34200 1.34200 1.41664 1.46671 1.47299 1.51118 1.58093 1.58093 1.58093 1.58093 1.58093 1.58093 1.58093 1.58093 1.58093 1.58093 1.58093 1.58093 1.58093 1.76110 1.80730 1.80730 1.79957 1.79451 1.79451 1.79451 1.79451 1.82067
2.60254 2.60254 2.60254 2.60254 2.60254 2.52139 2.30758 2.30758 2.30758 2.30758 2.30758 2.30758 2.30389 2.04037 2.02127 2.02127 2.02127 2.02127 2.02127 2.03746 2.18049 2.18268 2.18268 2.12457 2.10986 2.12310 2.13851 2.14177 1.92969 1.57494 1.47015 1.36940 1.34200 1.34200 1.34200 1.34200 1.35228 1.38569 1.41982 1.45408 1.50206 1.58702 1.60361 1.60409 1.58277 1.58093 1.58093 1.58093 1.58093 1.58093 1.58093 1.58093 1.58093 1.58093 1.58093 1.58093 1.58093 1.69638 1.80730 1.80730 1.80518 1.89306 2.05085 2.24101 2.43622 2.60521
