High_resolution/powerplant/Fengdu/OMI_NO2_200812.asc
ncols      200
nrows      200
xllcorner       105.978
yllcorner       28.1831
cellsize     0.0166667
NODATA_Value      -999.000
[rows 0 to 29 of 200, columns 0 to 65 of 200]
0.00000 0.00000 0.00000 0.00000 0.00000 0.00000 0.00000 0.00000 0.00000 0.00000 0.00000 0.00000 0.00000 0.00000 0.00000 0.00000 0.00000 0.00000 3.40220 3.40220 3.40220 3.40220 3.40220 3.40220 3.40220 3.40220 3.40220 3.40220 3.40220 3.40220 3.40220 3.40220 3.40220 3.40220 3.40220 3.40220 0.00000 0.00000 0.00000 0.00000 0.00000 0.00000 0.00000 0.00000 0.00000 0.00000 0.00000 0.00000 0.00000 0.00000 0.00000 0.00000 0.00000 0.00000 0.00000 0.00000 0.00000 0.00000 0.00000 0.00000 0.00000 0.00000 0.00000 0.00000 0.00000 0.00000
0.00000 0.00000 0.00000 0.00000 0.00000 0.00000 0.00000 0.00000 0.00000 0.00000 0.00000 0.00000 0.00000 4.32452 4.32452 4.32452 3.52018 3.40220 3.40220 3.40220 3.40220 3.40220 3.40220 3.40220 3.40220 3.40220 3.40220 3.40220 3.40220 3.40220 3.40220 3.40220 3.40220 3.40220 3.40220 3.40220 0.00000 0.00000 0.00000 0.00000 0.00000 0.00000 0.00000 0.00000 0.00000 0.00000 0.00000 0.00000 0.00000 0.00000 0.00000 0.00000 0.00000 0.00000 0.00000 0.00000 0.00000 0.00000 0.00000 0.00000 0.00000 0.00000 0.00000 0.00000 0.00000 0.00000
0.00000 0.00000 0.00000 0.00000 0.00000 0.00000 0.00000 0.00000 0.00000 4.32452 4.32452 4.32452 4.32452 4.32452 4.32452 4.32452 3.76045 3.40220 3.40220 3.40220 3.40220 3.40220 3.40220 3.40220 3.40220 3.40220 3.40220 3.40220 3.40220 3.40220 3.40220 3.40220 3.40220 3.40220 3.40220 3.40220 0.00000 0.00000 0.00000 0.00000 0.00000 0.00000 0.00000 0.00000 0.00000 0.00000 0.00000 0.00000 0.00000 0.00000 0.00000 0.00000 0.00000 0.00000 0.00000 0.00000 0.00000 0.00000 0.00000 0.00000 0.00000 0.00000 0.00000 0.00000 0.00000 0.00000
0.00000 0.00000 0.00000 0.00000 0.00000 4.32452 4.32452 4.32452 4.32452 4.32452 4.32452 4.32452 4.32452 4.32452 4.32452 4.32452 4.04539 3.40220 3.40220 3.40220 3.40220 3.40220 3.40220 3.40220 3.40220 3.40220 3.40220 3.40220 3.40220 3.40220 3.40220 3.40220 3.40220 3.40220 3.40220 3.40220 3.40220 0.00000 0.00000 0.00000 0.00000 0.00000 0.00000 0.00000 0.00000 0.00000 0.00000 0.00000 0.00000 0.00000 0.00000 0.00000 0.00000 0.00000 0.00000 0.00000 0.00000 0.00000 0.00000 0.00000 0.00000 0.00000 0.00000 0.00000 0.00000 0.00000
4.32452 4.32452 4.32452 4.32452 4.32452 4.32452 4.32452 4.32452 4.32452 4.32452 4.32452 4.32452 4.32452 4.32452 4.32452 4.32452 4.29187 3.44093 3.40220 3.40220 3.40220 3.40220 3.40220 3.40220 3.40220 3.40220 3.40220 3.40220 3.40220 3.40220 3.40220 3.40220 3.40220 3.40220 3.39520 3.30491 3.17288 0.00000 0.00000 0.00000 0.00000 0.00000 0.00000 0.00000 0.00000 0.00000 0.00000 0.00000 0.00000 0.00000 0.00000 0.00000 0.00000 0.00000 0.00000 0.00000 0.00000 0.00000 0.00000 0.00000 0.00000 0.00000 0.00000 0.00000 0.00000 0.00000
4.32452 4.32452 4.32452 4.32452 4.32452 4.32452 4.32452 4.32452 4.32452 4.32452 4.32452 4.32452 4.32452 4.32452 4.32452 4.32452 4.32452 3.69341 3.40220 3.40220 3.40220 3.40220 3.40220 3.40220 3.40220 3.40220 3.40220 3.40220 3.40220 3.40220 3.35869 3.24496 3.13036 3.01565 2.90794 2.88362 2.88362 0.00000 0.00000 0.00000 0.00000 0.00000 0.00000 0.00000 0.00000 0.00000 0.00000 0.00000 0.00000 0.00000 0.00000 0.00000 0.00000 0.00000 0.00000 0.00000 0.00000 0.00000 0.00000 0.00000 5.08218 5.08218 5.08218 5.08218 7.41628 8.56776
4.32452 4.32452 4.32452 4.32452 4.32452 4.32452 4.32452 4.32452 4.32452 4.32452 4.32452 4.32452 4.32452 4.32452 4.32452 4.32452 4.32452 3.97835 3.40220 3.40220 3.40220 3.40220 3.40220 3.40220 3.40220 3.39333 3.29973 3.18507 3.07041 2.95570 2.88460 2.88362 2.88362 2.88362 2.88362 2.88362 2.88362 2.88362 0.00000 0.00000 0.00000 0.00000 0.00000 0.00000 0.00000 0.00000 0.00000 0.00000 0.00000 0.00000 0.00000 0.00000 0.00000 5.08218 5.08218 5.08218 5.08218 5.08218 5.08218 5.08218 5.08218 5.08218 5.08218 5.08218 6.60592 8.56776
4.32452 4.32452 4.32452 4.32452 4.32452 4.32452 4.32452 4.32452 4.32452 4.32452 4.32452 4.32452 4.32452 4.32452 4.32452 4.32452 4.32452 4.25175 3.41391 3.40220 3.40220 3.35407 3.23983 3.12517 3.01051 2.90467 2.88362 2.88362 2.88362 2.88362 2.88362 2.88362 2.88362 2.88362 2.88362 2.88362 2.88362 2.88362 0.00000 0.00000 0.00000 0.00000 0.00000 0.00000 0.00000 0.00000 0.00000 0.00000 0.00000 5.08218 5.08218 5.08218 5.08218 5.08218 5.08218 5.08218 5.08218 5.08218 5.08218 5.08218 5.08218 5.08218 5.08218 5.08218 5.68228 8.56776
4.32452 4.32452 4.32452 4.32452 4.32452 4.32452 4.32452 4.32452 4.32452 4.32452 4.32452 4.32452 4.32452 4.32452 4.32452 4.32452 4.33390 4.43612 3.53215 3.06528 2.95057 2.88403 2.88362 2.88362 2.88362 2.88362 2.88362 2.88362 2.88362 2.88362 2.88362 2.88362 2.88362 2.88362 2.88362 2.88362 2.88362 2.88362 0.00000 0.00000 0.00000 0.00000 0.00000 0.00000 0.00000 0.00000 0.00000 0.00000 0.00000 5.08218 5.08218 5.08218 5.08218 5.08218 5.08218 5.08218 5.08218 5.08218 5.08218 5.08218 5.08218 5.08218 5.08218 5.08218 5.09264 8.23454
4.32452 4.32452 4.32452 4.32452 4.32452 4.32452 4.32452 4.32452 4.32452 4.32452 4.32452 4.32452 4.36199 4.48463 4.61047 4.73632 4.85277 4.87645 3.98262 2.88362 2.88362 2.88362 2.88362 2.88362 2.88362 2.88362 2.88362 2.88362 2.88362 2.88362 2.88362 2.88362 2.88362 2.88362 2.88362 2.88362 2.88362 2.88362 2.88362 0.00000 0.00000 0.00000 0.00000 0.00000 0.00000 0.00000 0.00000 0.00000 0.00000 5.08218 5.08218 5.08218 5.08218 5.08218 5.08218 5.08218 5.08218 5.08218 5.08218 5.08218 5.08218 5.08218 5.08218 5.08218 5.08218 7.32097
4.32452 4.32452 4.32452 4.32452 4.32452 4.32452 4.32452 4.32606 4.40725 4.53315 4.65904 4.78478 4.87319 4.87645 4.87645 4.87645 4.87645 4.87645 4.59737 2.88421 2.88362 2.88362 2.88362 2.88362 2.88362 2.88362 2.88362 2.88362 2.88362 2.88362 2.88362 2.88362 2.88362 2.88362 2.88362 2.88362 2.88362 2.88362 2.88362 0.00000 0.00000 0.00000 0.00000 0.00000 0.00000 0.00000 0.00000 0.00000 0.00000 0.00000 5.08218 5.08218 5.08218 5.08218 5.08218 5.08218 5.08218 5.08218 5.08218 5.08218 5.08218 5.08218 5.08218 5.08218 5.08218 6.39799
4.32452 4.32452 4.32452 4.34306 4.45577 4.58166 4.70750 4.83175 4.87645 4.87645 4.87645 4.87645 4.87645 4.87645 4.87645 4.87645 4.87645 4.87645 4.87645 3.22007 2.88362 2.88362 2.88362 2.88362 2.88362 2.88362 2.88362 2.88362 2.88362 2.88362 2.88362 2.88362 2.88362 2.88362 2.88362 2.88362 2.88362 2.88362 2.88362 0.00000 0.00000 0.00000 0.00000 0.00000 0.00000 0.00000 0.00000 0.00000 0.00000 0.00000 5.08218 5.08218 5.08218 5.08218 5.08218 5.08218 5.08218 5.08218 5.08218 5.08218 5.08218 5.08218 5.08218 5.08218 5.08218 5.47745
4.50428 4.63018 4.75602 4.86332 4.87645 4.87645 4.87645 4.87645 4.87645 4.87645 4.87645 4.87645 4.87645 4.87645 4.87645 4.87645 4.87645 4.87645 4.87645 3.83499 2.88362 2.88362 2.88362 2.88362 2.88362 2.88362 2.88362 2.88362 2.88362 2.88362 2.88362 2.88362 2.88362 2.88362 2.88362 2.88362 2.88362 2.88362 0.00000 0.00000 0.00000 0.00000 0.00000 0.00000 0.00000 0.00000 0.00000 0.00000 0.00000 0.00000 5.08218 5.08218 5.08218 5.08218 5.08218 5.08218 5.08218 5.08218 5.08218 5.08218 5.08218 5.08218 5.08218 5.08218 5.25602 5.61800
4.87645 4.87645 4.87645 4.87645 4.87645 4.87645 4.87645 4.87645 4.87645 4.87645 4.87645 4.87645 4.87645 4.87645 4.87645 4.87645 4.87645 4.87645 4.87645 4.45050 2.88362 2.88362 2.88362 2.88362 2.88362 2.88362 2.88362 2.88362 2.88362 2.88362 2.88362 2.88362 2.88362 2.88362 0.00000 0.00000 0.00000 0.00000 0.00000 0.00000 0.00000 0.00000 0.00000 0.00000 0.00000 0.00000 0.00000 0.00000 0.00000 0.00000 0.00000 5.08218 5.08218 5.08218 5.08218 5.08218 5.08218 5.19635 5.55044 5.91242 6.27440 6.63613 6.99811 7.35984 7.54798 7.54798
4.87645 4.87645 4.87645 4.87645 4.87645 4.87645 4.87645 4.87645 4.87645 4.87645 4.87645 4.87645 4.87645 4.87645 4.87645 4.87645 4.87645 4.87645 4.87645 4.86509 3.08410 2.88362 2.88362 2.88362 2.88362 2.88362 2.88362 2.88362 2.88362 0.00000 0.00000 0.00000 0.00000 0.00000 0.00000 0.00000 0.00000 0.00000 0.00000 0.00000 0.00000 0.00000 0.00000 0.00000 0.00000 0.00000 0.00000 0.00000 0.00000 0.00000 10.1970 6.05555 5.84510 6.20722 6.56882 6.93055 7.29277 7.54034 7.54798 7.54798 7.54798 7.54798 7.54798 7.54798 7.54798 7.54798
4.87645 4.87645 4.87645 4.87645 4.87645 4.87645 4.87645 4.87645 4.87645 4.87645 4.87645 4.87645 4.87645 4.87645 4.87645 4.87645 4.87645 4.87645 4.87645 4.87645 3.69176 2.88362 2.88362 2.88362 0.00000 0.00000 0.00000 0.00000 0.00000 0.00000 0.00000 0.00000 0.00000 0.00000 0.00000 0.00000 0.00000 0.00000 0.00000 0.00000 0.00000 0.00000 0.00000 10.1970 10.1970 10.1970 10.1970 10.1970 10.1970 10.1970 10.1970 9.48005 7.54798 7.54798 7.54798 7.54798 7.54798 7.54798 7.54798 7.54798 7.54798 7.54798 7.54798 7.54798 7.54798 7.54798
4.87645 4.87645 4.87645 4.87645 4.87645 4.87645 4.87645 4.87645 4.87645 4.87645 4.87645 4.87645 4.87645 4.87645 4.87645 4.87645 4.87645 4.87645 4.87645 4.87645 0.00000 0.00000 0.00000 0.00000 0.00000 0.00000 0.00000 0.00000 0.00000 0.00000 0.00000 0.00000 0.00000 0.00000 0.00000 0.00000 0.00000 10.1970 10.1970 10.1970 10.1970 10.1970 10.1970 10.1970 10.1970 10.1970 10.1970 10.1970 10.1970 10.1970 10.1970 10.1043 7.63275 7.54798 7.54798 7.54798 7.54798 7.54798 7.54798 7.54798 7.54798 7.54798 7.54798 7.54798 7.54798 7.54798
4.87645 4.87645 4.87645 4.87645 4.87645 4.87645 4.87645 4.87645 4.87645 4.87645 4.87645 4.87645 4.87645 4.87645 4.87645 4.87645 0.00000 0.00000 0.00000 0.00000 0.00000 0.00000 0.00000 0.00000 0.00000 0.00000 0.00000 0.00000 0.00000 0.00000 0.00000 0.00000 0.00000 0.00000 0.00000 0.00000 10.1970 10.1970 10.1970 10.1970 10.1970 10.1970 10.1970 10.1970 10.1970 10.1970 10.1970 10.1970 10.1970 10.1970 10.1970 10.1970 8.24899 7.54798 7.54798 7.54798 7.54798 7.54798 7.54798 7.54798 7.54798 7.54798 7.54798 7.54798 7.54798 7.54798
0.00000 4.87645 4.87645 4.87645 4.87645 4.87645 4.87645 4.87645 4.87645 4.87645 4.87645 0.00000 0.00000 0.00000 0.00000 0.00000 0.00000 0.00000 0.00000 0.00000 0.00000 0.00000 0.00000 0.00000 0.00000 0.00000 0.00000 0.00000 0.00000 0.00000 0.00000 0.00000 0.00000 0.00000 0.00000 0.00000 0.00000 10.1970 10.1970 10.1970 10.1970 10.1970 10.1970 10.1970 10.1970 10.1970 10.1970 10.1970 10.1970 10.1970 10.1970 10.1970 8.95807 7.54798 7.54798 7.54798 7.54798 7.54798 7.54798 7.54798 7.54798 7.54798 7.54798 7.54798 7.54798 7.54798
0.00000 4.87645 4.87645 4.87645 4.87645 4.87645 4.87645 0.00000 0.00000 0.00000 0.00000 0.00000 0.00000 0.00000 0.00000 0.00000 0.00000 0.00000 0.00000 0.00000 0.00000 0.00000 0.00000 0.00000 0.00000 0.00000 0.00000 0.00000 0.00000 0.00000 0.00000 0.00000 0.00000 0.00000 0.00000 0.00000 0.00000 10.1970 10.1970 10.1970 10.1970 10.1970 10.1970 10.1970 10.1970 10.1970 10.1970 10.1970 10.1970 10.1970 10.1970 10.1970 9.66749 7.54798 7.54798 7.54798 7.54798 7.54798 7.54798 7.54798 7.54798 7.54798 7.54798 7.54798 7.54798 7.54798
0.00000 4.87645 0.00000 0.00000 0.00000 0.00000 0.00000 0.00000 0.00000 0.00000 0.00000 0.00000 0.00000 0.00000 0.00000 0.00000 0.00000 0.00000 0.00000 0.00000 0.00000 0.00000 0.00000 0.00000 0.00000 0.00000 0.00000 0.00000 0.00000 0.00000 0.00000 0.00000 0.00000 0.00000 0.00000 0.00000 0.00000 10.1970 10.1970 10.1970 10.1970 10.1970 10.1970 10.1970 10.1970 10.1970 10.1970 10.1970 10.1970 10.1970 10.1970 10.1970 10.1756 7.74880 7.54798 7.54798 7.54798 7.54798 7.54798 7.54798 7.58356 7.93327 8.35615 8.77904 9.20221 9.62568
0.00000 0.00000 0.00000 0.00000 0.00000 0.00000 0.00000 0.00000 0.00000 0.00000 0.00000 0.00000 0.00000 0.00000 0.00000 0.00000 0.00000 0.00000 0.00000 0.00000 0.00000 0.00000 0.00000 0.00000 0.00000 0.00000 0.00000 0.00000 0.00000 0.00000 0.00000 0.00000 0.00000 0.00000 0.00000 0.00000 0.00000 10.1970 10.1970 10.1970 10.1970 10.1970 10.1970 10.1970 10.1970 10.1970 10.1970 10.1970 10.1970 10.1970 10.1970 10.1970 10.1970 8.44947 7.86414 8.28673 8.70991 9.13337 9.55655 9.97914 10.3667 10.4405 10.4405 10.4405 10.4405 10.4405
0.00000 0.00000 0.00000 0.00000 0.00000 0.00000 0.00000 0.00000 0.00000 0.00000 0.00000 0.00000 0.00000 0.00000 0.00000 0.00000 0.00000 0.00000 0.00000 0.00000 0.00000 0.00000 0.00000 0.00000 0.00000 0.00000 0.00000 0.00000 0.00000 0.00000 0.00000 0.00000 0.00000 0.00000 0.00000 0.00000 0.00000 0.00000 10.1970 10.1970 10.1970 10.1970 10.1970 10.1970 10.1970 10.1970 10.1970 10.2574 10.4138 10.5715 10.7291 10.8869 11.0445 10.8683 10.4405 10.4405 10.4405 10.4405 10.4405 10.4405 10.4405 10.4405 10.4405 10.4405 10.4405 10.4405
0.00000 0.00000 0.00000 0.00000 0.00000 0.00000 0.00000 0.00000 0.00000 0.00000 0.00000 0.00000 0.00000 0.00000 0.00000 0.00000 0.00000 0.00000 0.00000 0.00000 0.00000 0.00000 0.00000 0.00000 0.00000 0.00000 0.00000 0.00000 0.00000 0.00000 0.00000 0.00000 0.00000 0.00000 0.00000 0.00000 0.00000 0.00000 10.1970 10.1970 10.2162 10.3540 10.5115 10.6693 10.8269 10.9845 11.1422 11.2395 11.2407 11.2407 11.2407 11.2407 11.2407 11.1356 10.4405 10.4405 10.4405 10.4405 10.4405 10.4405 10.4405 10.4405 10.4405 10.4405 10.4405 10.4405
0.00000 0.00000 0.00000 0.00000 0.00000 0.00000 0.00000 0.00000 0.00000 0.00000 0.00000 0.00000 0.00000 0.00000 0.00000 0.00000 0.00000 0.00000 0.00000 0.00000 0.00000 0.00000 0.00000 0.00000 0.00000 0.00000 0.00000 0.00000 0.00000 0.00000 0.00000 0.00000 0.00000 0.00000 0.00000 0.00000 0.00000 0.00000 10.7141 11.0814 11.2207 11.2407 11.2407 11.2407 11.2407 11.2407 11.2407 11.2407 11.2407 11.2407 11.2407 11.2407 11.2407 11.2407 10.5483 10.4405 10.4405 10.4405 10.4405 10.4405 10.4405 10.4405 10.4405 10.4405 10.4405 10.4405
0.00000 0.00000 0.00000 0.00000 0.00000 0.00000 0.00000 0.00000 0.00000 0.00000 0.00000 0.00000 0.00000 0.00000 0.00000 0.00000 0.00000 0.00000 0.00000 0.00000 0.00000 0.00000 0.00000 0.00000 0.00000 0.00000 0.00000 0.00000 0.00000 0.00000 0.00000 0.00000 0.00000 0.00000 0.00000 0.00000 0.00000 0.00000 0.00000 11.2407 11.2407 11.2407 11.2407 11.2407 11.2407 11.2407 11.2407 11.2407 11.2407 11.2407 11.2407 11.2407 11.2407 11.2407 10.7616 10.4405 10.4405 10.4405 10.4405 10.4405 10.4405 10.4405 10.4405 10.4405 10.4405 10.4405
0.00000 0.00000 0.00000 0.00000 0.00000 0.00000 0.00000 0.00000 0.00000 0.00000 0.00000 0.00000 0.00000 0.00000 0.00000 0.00000 0.00000 0.00000 0.00000 0.00000 0.00000 0.00000 0.00000 0.00000 0.00000 0.00000 0.00000 0.00000 0.00000 0.00000 0.00000 0.00000 0.00000 0.00000 0.00000 0.00000 0.00000 0.00000 0.00000 11.2407 11.2407 11.2407 11.2407 11.2407 11.2407 11.2407 11.2407 11.2407 11.2407 11.2407 11.2407 11.2407 11.2407 11.2407 10.9747 10.4405 10.4405 10.4405 10.4405 10.4405 10.4405 10.4405 10.4405 10.4405 10.4405 10.4405
0.00000 0.00000 0.00000 0.00000 0.00000 0.00000 0.00000 0.00000 0.00000 0.00000 0.00000 0.00000 0.00000 0.00000 0.00000 0.00000 0.00000 0.00000 0.00000 0.00000 0.00000 0.00000 0.00000 0.00000 0.00000 0.00000 0.00000 0.00000 0.00000 0.00000 0.00000 0.00000 0.00000 0.00000 0.00000 0.00000 0.00000 0.00000 0.00000 11.2407 11.2407 11.2407 11.2407 11.2407 11.2407 11.2407 11.2407 11.2407 11.2407 11.2407 11.2407 11.2407 11.2407 11.2407 11.1811 10.4473 10.4405 10.4405 10.4405 10.4405 10.4405 10.4405 10.4405 10.4419 10.8120 11.4761
0.00000 0.00000 0.00000 0.00000 0.00000 0.00000 0.00000 0.00000 0.00000 7.43277 0.00000 0.00000 0.00000 0.00000 0.00000 0.00000 0.00000 0.00000 0.00000 0.00000 0.00000 0.00000 0.00000 0.00000 0.00000 0.00000 0.00000 0.00000 0.00000 0.00000 0.00000 0.00000 0.00000 0.00000 0.00000 0.00000 0.00000 0.00000 0.00000 11.2407 11.2407 11.2407 11.2407 11.2407 11.2407 11.2407 11.2407 11.2407 11.2407 11.2407 11.2407 11.2407 11.2407 11.2407 11.2407 10.6006 10.4405 10.7045 11.3640 12.0290 12.6931 13.3567 14.0208 14.6831 14.9766 14.9766
0.00000 0.00000 0.00000 7.43277 7.43277 7.43277 7.43277 7.43277 7.43277 7.43277 0.00000 0.00000 0.00000 0.00000 0.00000 0.00000 0.00000 0.00000 0.00000 0.00000 0.00000 0.00000 0.00000 0.00000 0.00000 0.00000 0.00000 0.00000 0.00000 0.00000 0.00000 0.00000 0.00000 0.00000 0.00000 0.00000 0.00000 0.00000 0.00000 0.00000 11.2407 11.2407 11.2407 11.2407 11.2407 11.2407 11.2407 11.2407 11.2407 11.2407 11.1718 10.7683 10.3198 9.87189 9.42370 11.5621 14.5724 14.9729 14.9766 14.9766 14.9766 14.9766 14.9766 14.9766 14.9766 14.9766
