High_resolution/powerplant/Fengdu/OMI_NO2_200509.asc
ncols      200
nrows      200
xllcorner       105.978
yllcorner       28.1831
cellsize     0.0166667
NODATA_Value      -999.000
[rows 145 to 173 of 200, columns 66 to 131 of 200]
1.73285 1.67265 1.67802 1.67944 1.67944 1.64590 1.16972 1.15338 0.952039 0.786865 0.679465 0.594581 0.587925 0.587925 0.587925 0.587925 0.587925 0.587925 0.587851 0.583076 0.956210 1.16029 1.17550 1.21076 1.24863 1.26138 1.27535 1.29033 1.30410 1.49636 1.51624 1.51630 1.51630 1.51630 1.51630 1.51630 1.51621 1.51384 1.51050 1.50715 1.73614 1.86673 1.86673 1.86673 1.86673 1.86780 1.88680 1.88738 1.88738 1.88738 1.88738 1.88738 1.88738 1.83674 1.76679 1.76679 1.75841 1.54073 1.53211 1.53211 1.53211 1.53211 1.53211 1.53211 1.52535 1.50927
1.67944 1.67944 1.67944 1.67930 1.64274 1.57825 1.06996 0.876224 0.743604 0.587192 0.580774 0.572672 0.563919 0.554453 0.544154 0.532905 0.520569 0.507035 0.492220 0.486441 0.767249 1.22718 1.18375 1.20106 1.30892 1.31171 1.31177 1.31177 1.31177 1.45727 1.51630 1.51630 1.51630 1.51448 1.51112 1.50778 1.50453 1.50355 1.50355 1.50355 1.64194 1.86673 1.86673 1.86673 1.86673 1.86673 1.88139 1.88738 1.88738 1.88738 1.88738 1.88738 1.88738 1.86117 1.76679 1.76679 1.76679 1.59719 1.53164 1.52015 1.50405 1.48792 1.47036 1.39965 1.30925 1.22824
1.67141 1.61595 1.55616 1.49217 1.46572 1.47091 1.09258 0.668625 0.600150 0.488887 0.486441 0.486441 0.486441 0.486441 0.486441 0.490043 0.508593 0.525766 0.540238 0.552622 0.591921 1.08509 1.09833 1.11095 1.30793 1.31177 1.31177 1.31177 1.31177 1.41394 1.51175 1.50840 1.50506 1.50355 1.50355 1.50355 1.50355 1.50355 1.50355 1.50355 1.53901 1.86291 1.86673 1.86673 1.86673 1.86673 1.87489 1.88738 1.88738 1.88738 1.88738 1.88738 1.88738 1.88341 1.76364 1.75473 1.74747 1.60320 1.45036 1.39636 1.31537 1.23437 1.15484 1.12843 1.12843 1.12843
1.58021 1.57862 1.57862 1.57862 1.57862 1.57862 1.31944 0.486441 0.486441 0.486441 0.488317 0.505586 0.523252 0.538112 0.550784 0.560089 0.561076 0.561076 0.561076 0.561076 0.561076 0.945950 1.09833 1.09833 1.25963 1.31101 1.30784 1.30449 1.30115 1.36041 1.50355 1.50355 1.50355 1.50355 1.50355 1.50355 1.50355 1.50355 1.50355 1.50355 1.50355 1.80945 1.86673 1.86673 1.86673 1.86673 1.86859 1.88720 1.88742 1.88762 1.88786 1.88813 1.88843 1.88874 1.75877 1.67239 1.56659 1.41427 1.16722 1.13729 1.13901 1.14071 1.14241 1.13984 1.11958 1.09745
1.57862 1.57862 1.57862 1.57862 1.57862 1.57787 1.48756 0.542413 0.535931 0.548909 0.559238 0.561076 0.561076 0.561076 0.561076 0.561076 0.561076 0.561076 0.561076 0.561076 0.561076 0.777000 1.09502 1.09168 1.18874 1.29919 1.29898 1.29841 1.29770 1.31603 1.45779 1.44742 1.43729 1.42699 1.41678 1.40654 1.39630 1.38611 1.37578 1.36569 1.35527 1.59707 1.74018 1.73060 1.71476 1.69704 1.67717 1.67489 1.66000 1.64849 1.63831 1.57767 1.45449 1.28364 1.23006 1.19694 1.13273 1.06819 1.03763 1.01383 0.990002 0.966200 0.942344 0.922779 0.920913 0.920913
1.57862 1.56446 1.53052 1.49610 1.45912 1.42131 1.40511 0.712260 0.557057 0.556347 0.555636 0.554926 0.554212 0.553497 0.552787 0.552078 0.551368 0.551842 0.592821 0.653743 0.714758 0.795540 1.06888 1.07088 1.10981 1.28290 1.28223 1.28208 1.28208 1.28208 1.22181 1.21423 1.21423 1.21423 1.21423 1.21423 1.21423 1.21423 1.21056 1.19908 1.18730 1.33436 1.56490 1.48685 1.42168 1.35760 1.29352 1.21095 1.04286 0.870547 0.698475 0.576644 0.517567 0.506050 0.590498 0.713285 0.713285 0.713285 0.883450 0.920913 0.920913 0.920913 0.920913 0.920913 0.920913 0.920913
1.35206 1.31650 1.30818 1.30080 1.29984 1.29984 1.29984 0.852581 0.544139 0.544139 0.544139 0.544139 0.544139 0.544139 0.569484 0.630957 0.692613 0.753078 0.773089 0.773089 0.773089 0.773089 0.999132 1.06864 1.06932 1.26005 1.28208 1.28208 1.28208 1.28208 1.23586 1.21423 1.21423 1.21041 1.19885 1.18714 1.17539 1.16361 1.15555 1.15530 1.15530 1.12420 0.912759 0.893509 0.858221 0.821190 0.784093 0.724949 0.506126 0.506050 0.506050 0.506050 0.506050 0.506050 0.548720 0.713285 0.713285 0.713285 0.840569 0.920913 0.920913 0.920913 0.920913 0.920913 0.920913 0.920913
1.29984 1.29984 1.29984 1.29984 1.29984 1.29984 1.29984 1.04962 0.544139 0.544139 0.555976 0.613168 0.674846 0.736548 0.772837 0.773089 0.773089 0.773089 0.773089 0.773089 0.773089 0.773089 0.905364 1.06864 1.06864 1.19999 1.28208 1.28208 1.27808 1.26658 1.22244 1.17516 1.16348 1.15552 1.15530 1.15530 1.15530 1.15530 1.15530 1.15055 1.11802 1.08033 0.845621 0.762666 0.760897 0.760897 0.760897 0.760897 0.549136 0.506050 0.506050 0.506050 0.506050 0.506050 0.511749 0.708456 0.713285 0.713285 0.789370 0.921658 0.920913 0.920913 0.920913 0.920913 0.920913 0.920913
1.29984 1.29984 1.29984 1.29984 1.29984 1.29984 1.30492 1.25830 0.726999 0.718759 0.768624 0.773089 0.773089 0.773089 0.773089 0.773089 0.773089 0.773089 0.773089 0.773089 0.773089 0.773089 0.811876 1.08909 1.16034 1.24577 1.24289 1.23111 1.22333 1.22315 1.20477 1.15530 1.15530 1.15530 1.15530 1.15338 1.12481 1.08775 1.05068 1.01837 1.01386 1.01386 0.875908 0.760897 0.760897 0.760897 0.760897 0.760897 0.628450 0.506050 0.506050 0.506050 0.506050 0.506050 0.506050 0.672377 0.713285 0.713285 0.728144 0.932725 0.920913 0.921586 0.951125 0.996167 1.04123 1.09328
1.29984 1.29984 1.29994 1.35015 1.44263 1.53519 1.62259 1.59341 0.980454 0.773089 0.773089 0.773089 0.773089 0.773089 0.773089 0.773089 0.773089 0.773089 0.786447 0.853874 0.926900 0.999962 1.07302 1.36535 1.42296 1.41053 1.22635 1.22315 1.22315 1.22315 1.21851 1.15518 1.13162 1.09455 1.05751 1.02236 1.01386 1.01386 1.01386 1.01386 1.01386 1.01386 0.930960 0.763007 0.760897 0.760897 0.760897 0.760897 0.707718 0.506050 0.506050 0.506050 0.506050 0.506050 0.506050 0.630598 0.725703 0.841691 0.967206 1.13944 1.10146 1.15061 1.23124 1.31473 1.39833 1.47490
1.41605 1.50854 1.60092 1.64326 1.64326 1.64326 1.64326 1.64326 1.14562 0.773089 0.773089 0.773089 0.773089 0.780636 0.842961 0.915987 0.989048 1.06207 1.12174 1.12741 1.12741 1.12741 1.12741 1.27376 1.42296 1.42296 1.27066 1.22315 1.20623 1.16923 1.13216 1.03715 1.01386 1.01386 1.01386 1.01386 1.01386 1.01386 1.01386 1.01386 1.01386 1.01386 0.973119 0.790732 0.760897 0.760897 0.760897 0.760897 0.759748 0.533272 0.506050 0.532311 0.669110 0.803367 0.923150 1.09606 1.27664 1.29428 1.35523 1.48576 1.39226 1.47112 1.48947 1.48947 1.49051 1.49290
1.64326 1.64326 1.64326 1.64326 1.64326 1.64326 1.64326 1.64326 1.33204 0.848909 0.905039 0.978135 1.05113 1.11664 1.12741 1.12741 1.12741 1.12741 1.12741 1.12741 1.12741 1.12741 1.12741 1.17996 1.41195 1.37587 1.24314 1.10191 1.08176 1.08171 1.08171 1.03737 1.01386 1.01386 1.01686 1.02905 1.04132 1.05397 1.06635 1.07889 1.09134 1.10385 1.11116 0.924790 0.888386 0.900687 0.949465 1.08044 1.20140 1.18537 1.20581 1.28932 1.30639 1.31728 1.38291 1.48259 1.58158 1.67742 1.72126 1.82324 1.70431 1.71360 1.74603 1.77834 1.80965 1.83961
1.64326 1.64326 1.64326 1.64326 1.65388 1.67541 1.69696 1.71849 1.50123 1.18383 1.13425 1.15056 1.16683 1.18314 1.19961 1.21596 1.23227 1.24859 1.26486 1.28136 1.30303 1.35872 1.42044 1.48230 1.52011 1.53351 1.51084 1.36632 1.38271 1.39910 1.41541 1.38672 1.34385 1.35650 1.36580 1.36633 1.36633 1.36633 1.36633 1.36633 1.36633 1.35004 1.30180 1.13577 1.45710 1.53606 1.59281 1.61289 1.63160 1.59829 1.52968 1.63205 1.73427 1.83504 1.88102 1.89911 1.89280 1.89789 1.89789 1.93758 2.02276 1.90715 1.90715 1.90715 1.90715 1.90715
1.74204 1.76386 1.78485 1.80508 1.81680 1.82028 1.82363 1.82686 1.79127 1.61664 1.51579 1.51579 1.51579 1.51579 1.51579 1.51579 1.51663 1.54727 1.59265 1.63807 1.67812 1.68413 1.68413 1.68413 1.67637 1.66990 1.66893 1.48880 1.47009 1.47009 1.47009 1.44500 1.36633 1.36633 1.36633 1.36633 1.34965 1.30131 1.25250 1.20364 1.15456 1.12178 1.12094 1.10346 1.69867 1.77080 1.77578 1.75455 1.73212 1.71496 1.91061 1.92385 1.92385 1.92385 1.92385 1.92385 1.90323 1.89789 1.89789 1.89789 2.07678 1.90715 1.90715 1.90715 1.90715 1.90715
1.83416 1.83416 1.83416 1.83416 1.83416 1.83416 1.83416 1.83416 1.82787 1.68166 1.51583 1.51579 1.51579 1.53421 1.57940 1.62479 1.66935 1.68413 1.68413 1.68413 1.68413 1.68413 1.68413 1.68413 1.68086 1.66990 1.66990 1.54447 1.47009 1.47009 1.47009 1.44811 1.30194 1.25220 1.20315 1.15407 1.12168 1.12094 1.12094 1.12094 1.12094 1.12094 1.11243 1.09320 1.50674 1.71379 1.70121 1.70117 1.70117 1.70117 1.84622 1.92385 1.92385 1.92385 1.92385 1.92385 1.90846 1.89789 1.89789 1.89789 2.09072 1.90750 1.90715 1.90715 1.90715 1.90715
1.83416 1.83416 1.83416 1.83416 1.83416 1.83416 1.83416 1.83416 1.83416 1.73573 1.59513 1.61154 1.65692 1.68391 1.68413 1.68413 1.68413 1.68413 1.68413 1.68413 1.68413 1.68413 1.68413 1.68413 1.68401 1.67124 1.65819 1.54765 1.35550 1.30642 1.25734 1.22537 1.13855 1.12094 1.12094 1.12094 1.12094 1.12094 1.11604 1.08888 1.05899 1.02908 1.00770 1.01045 1.29106 1.70117 1.70117 1.70117 1.70117 1.70117 1.77665 1.92385 1.92385 1.92385 1.92385 1.92385 1.91370 1.89789 1.89789 1.89789 2.04823 1.96440 1.90715 1.90715 1.90705 1.89665
1.83416 1.83416 1.83416 1.83416 1.83416 1.83643 1.87122 1.91662 1.96202 1.91924 1.76722 1.68413 1.68413 1.68413 1.68413 1.68413 1.68413 1.68413 1.68413 1.68413 1.68413 1.67648 1.64162 1.60433 1.56703 1.52126 1.48997 1.46997 1.22769 1.22470 1.22470 1.22470 1.15992 1.12094 1.11867 1.09435 1.06444 1.03454 1.00954 1.00680 1.00680 1.00680 1.00680 1.00680 1.10917 1.69787 1.70117 1.70117 1.70117 1.70117 1.71311 1.91788 1.92385 1.92385 1.92385 1.92385 1.91894 1.89789 1.89789 1.89135 1.88666 1.96606 1.85624 1.83891 1.81149 1.74799
1.83416 1.83417 1.85794 1.90336 1.94876 1.99192 2.00249 2.00249 2.00249 1.94974 1.82129 1.68413 1.68413 1.68413 1.68413 1.68413 1.67968 1.64731 1.61001 1.57274 1.53548 1.50580 1.50340 1.50340 1.50340 1.49934 1.48918 1.48918 1.28318 1.22470 1.22406 1.20356 1.13020 1.03999 1.01236 1.00680 1.00680 1.00680 1.00680 1.00680 1.00680 1.00680 1.00680 1.00680 1.03750 1.57609 1.70117 1.70117 1.70117 1.70117 1.70117 1.86025 1.92385 1.92385 1.90999 1.82971 1.74017 1.62656 1.53670 1.45426 1.43370 1.72034 1.69065 1.62848 1.57650 1.57087
1.93549 1.98088 2.00249 2.00249 2.00249 2.00249 2.00249 2.00249 2.00249 1.97677 1.86761 1.68963 1.65300 1.61568 1.57844 1.54113 1.50828 1.50340 1.50340 1.50340 1.50340 1.50340 1.50340 1.50340 1.50340 1.50304 1.48998 1.47349 1.31223 1.14921 1.11995 1.11056 1.08847 1.00680 1.00680 1.00680 1.00680 1.00680 1.00680 1.00680 1.00680 1.00680 1.00681 1.00692 1.02656 1.39552 1.70155 1.70165 1.70175 1.67794 1.59228 1.59280 1.63714 1.54821 1.47310 1.46453 1.45919 1.42038 1.36669 1.30704 1.25502 1.48649 1.54362 1.49208 1.44008 1.38803
2.00249 2.00249 2.00249 2.00249 2.00249 2.00249 2.00236 1.94899 1.85231 1.75295 1.53420 1.49222 1.50340 1.50340 1.50340 1.50340 1.50340 1.50482 1.51367 1.52365 1.53353 1.54342 1.55336 1.55335 1.52949 1.50464 1.47949 1.47459 1.42782 1.22989 1.23987 1.24979 1.25572 1.01660 1.00941 1.00954 1.00967 1.00980 1.00993 1.01006 1.01019 1.01032 1.01043 1.01045 1.04704 1.26084 1.48960 1.40067 1.31159 1.24651 1.24345 1.26654 1.47384 1.43030 1.36780 1.30190 1.23864 1.26838 1.30060 1.30378 1.30716 1.15157 1.04402 1.04895 1.04895 1.04895
1.96158 1.95244 1.91550 1.81253 1.70677 1.60093 1.49536 1.44288 1.43374 1.42457 1.53825 1.62804 1.68706 1.69693 1.70687 1.71686 1.72673 1.73518 1.73623 1.73235 1.70245 1.66773 1.63300 1.60826 1.60725 1.60725 1.60754 1.60786 1.60535 1.36389 1.34339 1.34339 1.34339 1.07642 1.01045 1.01045 1.01045 1.01045 1.01045 1.04158 1.12584 1.21100 1.29615 1.38131 1.43534 1.40192 1.26018 1.25339 1.25477 1.24183 1.22018 1.19725 1.23212 1.23063 1.23063 1.23063 1.23063 1.26057 1.30880 1.30880 1.30880 1.21935 1.03904 1.04895 1.04895 1.04895
1.52844 1.43180 1.36297 1.36015 1.36015 1.36015 1.36015 1.36015 1.36015 1.36015 1.52689 1.66293 1.73619 1.73623 1.73623 1.73562 1.71237 1.67765 1.64291 1.61208 1.60725 1.60725 1.60725 1.60725 1.60725 1.60725 1.60732 1.60788 1.60786 1.43604 1.34339 1.34339 1.34339 1.14481 1.04158 1.12584 1.21100 1.29615 1.38131 1.43534 1.43623 1.43623 1.43623 1.43623 1.43623 1.42480 1.28007 1.20138 1.17868 1.17084 1.17084 1.17084 1.19889 1.23063 1.23063 1.23063 1.23063 1.24484 1.30880 1.30880 1.30880 1.29192 1.03735 1.04895 1.04895 1.04895
1.35931 1.36015 1.36015 1.36015 1.36015 1.36015 1.36015 1.36015 1.36015 1.36015 1.46612 1.65183 1.70896 1.68757 1.65285 1.61872 1.60725 1.60725 1.60725 1.60725 1.60725 1.60725 1.60725 1.60725 1.60725 1.60725 1.60725 1.60773 1.60786 1.52218 1.45878 1.54393 1.62909 1.58414 1.43534 1.43623 1.43623 1.43623 1.43623 1.43623 1.43623 1.42855 1.40588 1.38282 1.35976 1.34813 1.27630 1.17084 1.17084 1.17084 1.17084 1.17084 1.18035 1.23063 1.23063 1.23063 1.23063 1.23192 1.30601 1.30880 1.30880 1.30880 1.07530 1.04696 1.04895 1.04895
1.33536 1.36015 1.36015 1.36015 1.36015 1.36015 1.36015 1.36015 1.35358 1.32141 1.33178 1.54362 1.57004 1.60725 1.60725 1.60725 1.60725 1.60725 1.60725 1.60725 1.60725 1.60725 1.60725 1.60725 1.60220 1.58227 1.56138 1.54070 1.52019 1.53049 1.76773 1.76917 1.76917 1.70754 1.43623 1.43623 1.43623 1.43156 1.41002 1.38696 1.36390 1.34852 1.34813 1.34813 1.34813 1.34813 1.32605 1.17091 1.17084 1.17084 1.17084 1.17084 1.17084 1.22160 1.23063 1.23063 1.23063 1.23063 1.29153 1.30880 1.30880 1.30880 1.13213 1.05092 1.08523 1.10408
1.29378 1.36015 1.36015 1.36015 1.35827 1.33133 1.29661 1.26189 1.23374 1.23118 1.23296 1.50537 1.54568 1.60725 1.60725 1.60725 1.60725 1.60725 1.60725 1.60411 1.58534 1.56445 1.54353 1.52265 1.50679 1.50582 1.50582 1.50590 1.50644 1.50644 1.71733 1.76917 1.76917 1.76126 1.42646 1.39110 1.36804 1.34965 1.34813 1.34813 1.34813 1.34813 1.34813 1.34813 1.34813 1.34813 1.34813 1.19866 1.17084 1.17084 1.17084 1.17084 1.17084 1.20306 1.23063 1.23063 1.23063 1.23113 1.28263 1.32813 1.33979 1.35346 1.20314 1.04529 1.13852 1.12992
1.24003 1.34111 1.30653 1.27180 1.23897 1.23118 1.23118 1.23118 1.23118 1.23118 1.23118 1.44628 1.52524 1.60350 1.60557 1.58842 1.56752 1.54661 1.52572 1.50795 1.50582 1.50582 1.50582 1.50582 1.50582 1.50582 1.50582 1.50582 1.50630 1.50555 1.62521 1.72819 1.70511 1.68447 1.42338 1.34813 1.34813 1.34813 1.34813 1.34813 1.34813 1.34813 1.34813 1.34813 1.34813 1.34813 1.34813 1.24846 1.17084 1.17084 1.17084 1.17210 1.17491 1.19237 1.25043 1.25956 1.27042 1.28175 1.30983 1.32869 1.30854 1.28750 1.21425 0.916826 1.08482 1.08956
1.21408 1.22879 1.23118 1.23118 1.23118 1.23118 1.23118 1.23118 1.23118 1.23164 1.25987 1.45870 1.64051 1.57789 1.50957 1.50582 1.50582 1.50582 1.50582 1.50582 1.50582 1.50582 1.50582 1.50582 1.50493 1.48664 1.46834 1.45629 1.40354 1.30488 1.33636 1.51133 1.48626 1.46131 1.39201 1.38504 1.38804 1.39091 1.39389 1.39680 1.39974 1.40268 1.40559 1.40856 1.41144 1.41443 1.41731 1.34489 1.25214 1.26089 1.27106 1.28130 1.28820 1.28935 1.37018 1.37497 1.35903 1.34183 1.30045 1.17259 1.17173 1.17173 1.17173 1.10244 1.28033 1.33181
1.21408 1.22409 1.23245 1.24372 1.25710 1.28645 1.34380 1.40164 1.45953 1.51692 1.54656 1.54927 1.44444 1.32566 1.16801 1.14300 1.11804 1.09285 1.06772 1.04277 1.01776 0.992743 0.971060 0.958756 0.947711 0.954134 0.960317 0.960317 0.942509 0.824381 0.828579 1.07095 1.08695 1.08695 1.21163 1.43072 1.43072 1.43072 1.43072 1.43072 1.43072 1.43072 1.39038 1.28762 1.18415 1.08069 0.977228 0.922946 1.27011 1.28856 1.28856 1.29216 1.32068 1.35396 1.34969 1.31187 1.31062 1.31062 1.30882 1.17754 1.17173 1.17173 1.17173 1.17173 1.26946 1.33317
1.58990 1.63888 1.59167 1.63828 1.68276 1.71129 1.71181 1.71181 1.71181 1.71181 1.71181 1.64831 1.13788 1.10854 0.911773 0.911706 0.911706 0.911706 0.913096 0.924260 0.937358 0.950430 0.959890 0.960317 0.960317 0.960317 0.960317 0.960317 0.960317 0.849345 0.824218 1.00109 1.08695 1.08695 1.14095 1.43072 1.43072 1.39038 1.28762 1.18415 1.08069 0.977228 0.913790 0.913064 0.913064 0.913064 0.913064 0.913936 1.17523 1.34782 1.38109 1.41076 1.41552 1.41552 1.38434 1.31062 1.31062 1.31062 1.31062 1.20394 1.17173 1.17173 1.17173 1.17173 1.22155 1.33317
