High_resolution/powerplant/Fengdu/OMI_NO2_200605.asc
ncols      200
nrows      200
xllcorner       105.978
yllcorner       28.1831
cellsize     0.0166667
NODATA_Value      -999.000
[rows 30 to 59 of 200, columns 66 to 131 of 200]
3.72932 4.11083 4.26342 4.28381 4.02565 3.56475 3.41891 3.46423 3.44165 3.33682 3.33682 3.33682 3.33682 3.33682 3.33682 3.33682 3.33682 3.33682 3.33469 2.94405 2.79549 2.43569 2.32551 2.32551 2.33140 2.29775 2.21036 2.21036 2.17034 2.05312 2.04380 2.03350 2.02696 2.03194 2.04351 2.05538 2.09955 2.10600 2.10784 2.10784 2.17339 2.25093 2.22452 2.22524 2.22634 2.18714 2.09560 2.11258 2.13001 2.13566 2.15665 2.17707 2.52261 2.67542 2.66336 2.64205 2.62074 2.59942 2.58349 2.44195 2.42177 2.40881 2.39449 2.35612 2.31685 2.27837
4.34927 4.67089 4.79998 4.37243 4.25480 3.78245 3.49382 3.49382 3.48202 3.33792 3.33682 3.33682 3.33682 3.33682 3.33682 3.33682 3.33682 3.33682 3.33682 3.08769 2.80620 2.56991 2.32551 2.32551 2.30874 2.23937 2.04237 1.97083 1.92743 2.02658 2.07017 2.08562 2.10186 2.11195 2.11152 2.10784 2.10784 2.10878 2.11330 2.11794 2.14365 2.25451 2.24628 2.26008 2.27477 2.27165 2.13443 2.12960 2.12756 2.12558 2.13210 2.14436 2.34003 2.59659 2.58734 2.58198 2.56907 2.55610 2.54312 2.41629 2.32929 2.29078 2.25364 2.24331 2.25274 2.28060
4.71704 4.79855 5.00480 4.41737 4.36663 3.90837 3.49223 3.49382 3.49382 3.36246 3.33682 3.33682 3.33682 3.33682 3.33682 3.33682 3.33682 3.33682 3.33682 3.21755 2.80443 2.65508 2.19134 2.12252 2.09847 2.17866 2.01427 1.97516 1.98041 2.03867 2.11219 2.11219 2.11219 2.11219 2.11218 2.10827 2.11760 2.12781 2.12555 2.12299 2.12095 2.22270 2.26079 2.27062 2.26897 2.26880 2.14295 2.12026 2.12076 2.12177 2.12149 2.10675 2.19913 2.56193 2.55012 2.53622 2.50156 2.46421 2.42685 2.35191 2.29095 2.32043 2.34989 2.37940 2.39945 2.40106
4.71704 4.75199 4.97436 4.59582 4.37215 4.12654 3.51405 3.49382 3.49382 3.39817 3.33682 3.33682 3.33682 3.34169 3.37215 3.41468 3.44822 3.43194 3.40825 3.34153 2.92721 2.87254 2.49690 2.44434 2.45782 2.45350 2.18517 1.98204 1.97843 1.98195 2.08856 2.07702 2.06446 2.05125 2.03748 2.03885 2.04653 2.06728 2.06233 2.05737 2.05241 2.11310 2.18927 2.21215 2.20827 2.20444 2.16351 2.14374 2.14821 2.15265 2.15493 2.14033 2.11103 2.44162 2.42748 2.37008 2.33335 2.29945 2.26551 2.24836 2.35807 2.35529 2.35104 2.34246 2.33264 2.32283
4.71704 4.73972 4.90069 4.78331 4.37105 4.27106 3.61825 3.49394 3.50641 3.52199 3.56908 3.61165 3.64851 3.63127 3.57703 3.51183 3.46008 3.45866 3.46511 3.47064 3.14345 2.97947 2.72287 2.47036 2.47380 2.42247 2.20628 1.84192 1.83151 1.83276 1.95950 1.99280 1.99092 1.98901 1.98716 1.99905 2.01526 2.04796 2.04933 2.04799 2.04666 2.07410 2.17609 2.21429 2.22344 2.22793 2.20842 2.16985 2.13908 2.10440 2.05973 1.98637 1.94478 2.12410 2.20293 2.19529 2.19529 2.19529 2.19529 2.19218 2.28572 2.30812 2.30170 2.29299 2.28413 2.27526
4.76774 4.77156 4.81297 4.95389 4.37338 4.41059 3.79875 3.62178 3.62674 3.57945 3.59335 3.53045 3.47361 3.45465 3.44556 3.43415 3.40949 3.35764 3.30168 3.24363 3.17577 3.06883 2.95947 2.48267 2.48081 2.43298 2.29560 1.82801 1.82189 1.81671 1.88449 1.96528 1.96528 1.96528 1.96528 1.97113 1.99983 2.02625 2.03913 2.04287 2.05005 2.06076 2.17743 2.22137 2.22839 2.19117 2.12055 2.01099 1.94784 1.92113 1.90656 1.89318 1.88513 2.00421 2.19529 2.19384 2.18815 2.17724 2.16244 2.15076 2.20324 2.26084 2.25282 2.25141 2.25141 2.25517
4.82366 4.80860 4.70304 4.89030 4.39432 4.22410 3.75987 3.35832 3.28015 3.24366 3.35392 3.34470 3.29117 3.25102 3.21265 3.17526 3.14640 3.14440 3.14440 3.14440 3.14437 3.06844 3.05786 2.53192 2.46972 2.45142 2.34512 1.88052 1.80910 1.80910 1.83178 1.96522 1.96528 1.96528 1.96529 1.97074 2.00972 2.03505 2.06449 2.06787 2.06810 2.07406 2.09941 2.02222 2.01095 1.98726 1.98409 1.93017 1.90811 1.90654 1.90654 1.90012 1.87520 1.91514 2.14227 2.13659 2.12748 2.12361 2.12361 2.12361 2.14682 2.25626 2.26488 2.27407 2.28388 2.28945
4.54625 4.51648 4.37145 4.43895 4.11941 3.72733 3.57902 3.06918 3.07112 3.02772 3.10534 3.14514 3.14440 3.14440 3.14440 3.14440 3.14440 3.14440 3.14440 3.14440 3.14440 3.09593 3.05752 2.71155 2.46972 2.46946 2.36527 2.00663 1.80910 1.80910 1.80910 1.94290 1.98086 1.99083 2.00088 2.00551 2.02756 2.04862 2.08665 2.09536 2.10355 2.10600 2.06571 1.93782 1.97589 1.98529 1.98439 1.93892 1.90586 1.89280 1.88631 1.88667 1.86830 1.89470 2.10227 2.15957 2.16681 2.17759 2.19044 2.20374 2.21773 2.34162 2.32943 2.20004 2.13390 2.06261
4.36137 4.30084 4.17159 4.09817 4.04843 3.55578 3.55583 2.91978 2.95387 2.95387 3.03207 3.14440 3.14440 3.14440 3.14440 3.14440 3.14440 3.14440 3.14440 3.14440 3.14440 3.12108 3.05523 2.89481 2.46972 2.46972 2.38718 2.13829 1.82055 1.82854 1.83653 1.92344 2.01492 2.02671 2.03849 2.05028 2.06681 2.07785 2.10044 2.10600 2.10569 2.10389 2.09192 1.95875 1.94797 2.01817 2.02689 2.00017 1.97128 1.96650 1.97155 1.97116 1.96100 1.96023 2.11273 2.22672 2.23378 2.23573 2.20388 2.14833 2.08916 2.10986 2.13768 2.02794 2.01501 2.01576
3.97257 3.92467 3.88776 3.82416 4.01324 3.58582 3.58053 3.07723 2.95203 2.95387 2.98279 3.14440 3.14440 3.14440 3.14440 3.14440 3.14440 3.14440 3.14440 3.14440 3.14440 3.14150 3.05852 3.04820 2.50865 2.48831 2.43533 2.28327 1.85588 1.86766 1.87945 1.92035 2.05890 2.05890 2.05890 2.05527 2.05023 2.06002 2.07607 2.09695 2.09431 2.09274 2.09131 1.99106 1.90255 2.01105 2.03944 2.01865 1.97359 1.95781 1.95781 1.95781 1.95781 1.95759 2.01880 2.14610 2.09511 2.03687 2.01565 2.02109 2.02656 2.07379 2.18302 2.11360 2.07718 2.08277
3.92454 3.92454 3.91013 3.81811 3.95696 3.72723 3.56391 3.30102 2.92719 2.95387 2.95394 3.12648 3.14440 3.14440 3.14440 3.14440 3.14440 3.14384 3.13678 3.12947 3.12609 3.12278 3.04189 2.93038 2.53982 2.40489 2.37103 2.26542 1.92348 1.89354 1.89183 1.88956 2.01592 2.03024 2.02311 2.01035 1.99834 1.99408 1.99161 2.02544 2.01254 2.00063 1.98859 1.91826 1.78868 1.87975 1.94223 1.94202 2.03576 2.01815 1.99007 1.94776 1.90571 1.86380 1.89671 2.05149 2.08937 2.09044 2.10047 2.11263 2.12478 2.14022 2.23007 2.18942 2.12428 2.11763
3.92454 3.92454 3.92429 3.82606 3.89298 3.87026 3.54837 3.52559 2.90153 2.95387 2.95387 3.05213 3.08410 3.07386 3.06315 3.05307 3.04725 3.04285 3.02978 2.96594 2.89434 2.82246 2.68315 2.54816 2.48412 2.36455 2.34465 2.13881 1.84309 1.73585 1.72655 1.71620 1.77997 1.83346 1.82383 1.82270 1.82441 1.82564 1.82700 1.88430 1.89062 1.89154 1.89245 1.87109 1.74557 1.78442 1.87943 1.83455 1.93572 1.88984 1.87305 1.87421 1.87556 1.88217 1.91106 2.02888 2.12554 2.13735 2.13992 2.13992 2.13992 2.13889 2.17686 2.15147 2.01977 1.99206
3.92739 3.92855 3.93105 3.87801 3.88307 4.04969 3.55735 3.55653 2.95734 3.02412 3.03133 3.06966 3.11716 3.12879 3.09807 3.03701 2.97111 2.90459 2.85609 2.85894 2.86461 2.86809 2.84035 2.57856 2.54771 2.42095 2.41562 2.18307 1.91101 1.71998 1.71918 1.71837 1.74728 1.85452 1.85373 1.85292 1.85212 1.85181 1.85181 1.89126 1.91399 1.91233 1.86432 1.79509 1.61562 1.53400 1.73517 1.74071 1.85512 1.90353 1.90642 1.91642 1.92623 1.93083 1.93719 2.00975 2.13809 2.13992 2.12654 2.09625 2.07676 2.07061 2.11960 2.19392 2.11316 2.13355
4.01229 3.97899 3.94333 3.89843 3.85057 3.99020 3.61677 3.44130 3.03750 3.07330 3.03192 2.96339 2.95336 2.87736 2.84467 2.84281 2.84099 2.83916 2.83732 2.83489 2.83290 2.83290 2.83290 2.55828 2.50979 2.40558 2.37317 2.20490 1.98545 1.71406 1.71406 1.71406 1.71470 1.83664 1.85181 1.85181 1.85181 1.84999 1.80146 1.75424 1.72567 1.65859 1.63807 1.63626 1.56639 1.52582 1.72536 1.78070 1.86428 1.94269 1.93083 1.93083 1.93083 1.93083 1.92679 1.96251 2.09164 2.11699 2.12319 2.14630 2.15863 2.15863 2.16715 2.24536 2.16913 2.13936
3.66271 3.64675 3.63081 3.61282 3.53804 3.54084 3.23980 2.76168 2.62879 2.58633 2.70005 2.70406 2.82060 2.83107 2.83286 2.83290 2.83290 2.83290 2.83290 2.83290 2.83290 2.83290 2.83290 2.65146 2.50979 2.44716 2.37317 2.26403 2.05414 1.72994 1.71406 1.71406 1.71406 1.79105 1.80077 1.73179 1.66330 1.59633 1.57589 1.56929 1.59701 1.56832 1.53896 1.51143 1.52842 1.57293 1.68708 1.78851 1.82952 1.94807 1.93291 1.91724 1.89570 1.87415 1.85676 1.88387 2.06089 2.13863 2.12948 2.12007 2.11042 2.10056 2.09043 2.15674 2.15176 2.13936
3.55963 3.49888 3.45719 3.41619 3.35657 3.20071 2.75071 2.60906 2.59955 2.54234 2.71197 2.71197 2.79985 2.83290 2.83290 2.83290 2.83290 2.83290 2.83290 2.83290 2.83290 2.83290 2.83290 2.74458 2.50979 2.48874 2.37317 2.32734 2.08744 1.79099 1.69988 1.67746 1.65506 1.62109 1.57351 1.54939 1.52004 1.49070 1.46135 1.44327 1.49151 1.50522 1.50522 1.50557 1.51055 1.58558 1.61835 1.73961 1.71414 1.84041 1.78781 1.76962 1.75840 1.74695 1.73529 1.74254 1.86932 2.03715 2.03763 2.03763 2.03763 2.03763 2.03763 2.08803 2.13975 2.14334
3.22773 3.09620 2.94571 2.79493 2.71696 2.71669 2.47849 2.58657 2.61105 2.51995 2.71189 2.71197 2.77169 2.83290 2.83290 2.83290 2.83290 2.83290 2.83290 2.83290 2.83290 2.83290 2.83290 2.82357 2.52399 2.50979 2.38200 2.33797 2.07331 1.79285 1.61423 1.58494 1.55560 1.52560 1.45245 1.44305 1.44305 1.44305 1.46045 1.50648 1.53569 1.51574 1.51880 1.52152 1.52193 1.57781 1.57832 1.56742 1.56647 1.71604 1.73206 1.72658 1.72658 1.72658 1.72658 1.73606 1.81491 2.01554 2.03763 2.03760 2.03502 2.03336 2.03345 2.05357 2.13500 2.11705
2.71943 2.71943 2.71943 2.71943 2.71756 2.71669 2.56852 2.53179 2.61322 2.55098 2.65486 2.71197 2.74091 2.83290 2.83290 2.83290 2.83290 2.83290 2.83290 2.83290 2.83290 2.83261 2.81929 2.79176 2.53909 2.41076 2.29530 2.19831 1.98815 1.74364 1.49413 1.49406 1.49470 1.52505 1.54036 1.56690 1.61330 1.65973 1.68880 1.68060 1.61503 1.46351 1.45929 1.53861 1.54430 1.58119 1.62039 1.60100 1.60048 1.67529 1.70166 1.68815 1.68610 1.69582 1.70939 1.72778 1.79027 1.96068 1.96240 1.96250 1.96310 1.94527 1.92071 1.89439 1.83963 1.78841
2.71943 2.71943 2.71943 2.71943 2.71814 2.71669 2.65855 2.47698 2.61322 2.58520 2.59804 2.71307 2.72016 2.81794 2.81592 2.81074 2.80554 2.80034 2.78802 2.76085 2.73326 2.69613 2.65265 2.61652 2.43210 2.19496 2.13667 2.02000 1.98084 1.90663 1.68318 1.72926 1.78062 1.78020 1.73599 1.67153 1.64219 1.61419 1.58754 1.56876 1.56787 1.43543 1.42359 1.58478 1.59206 1.59637 1.66285 1.62320 1.61171 1.63669 1.66049 1.63333 1.64201 1.63966 1.63695 1.63475 1.70612 1.83785 1.85062 1.82384 1.79917 1.79198 1.78977 1.78971 1.75474 1.73905
2.71943 2.71972 2.72315 2.72728 2.73060 2.73161 2.72947 2.49821 2.61809 2.57904 2.53817 2.61032 2.58011 2.56598 2.53723 2.48850 2.43920 2.37291 2.30583 2.25326 2.20198 2.16016 2.12161 2.04533 1.95919 1.95955 1.99797 1.92514 1.90203 1.93090 1.65748 1.57581 1.54608 1.53305 1.52949 1.48896 1.48708 1.48774 1.48840 1.48906 1.48973 1.39881 1.34768 1.45880 1.51434 1.52596 1.61061 1.61707 1.61301 1.62113 1.65176 1.56419 1.54835 1.53153 1.51195 1.49191 1.56882 1.69823 1.78971 1.78971 1.78996 1.79831 1.81151 1.81456 1.77335 1.69148
2.81706 2.82255 2.82809 2.83758 2.83487 2.62708 2.63133 2.49216 2.44082 2.24292 2.20673 2.21532 2.20075 2.17352 2.14929 2.12849 2.10914 2.08649 2.03282 1.97815 1.92343 1.86882 1.82829 1.83092 1.83651 2.04353 2.08481 2.00947 1.83904 1.88362 1.63867 1.53497 1.53497 1.53497 1.53497 1.50670 1.49124 1.49124 1.49124 1.49124 1.49220 1.44899 1.35971 1.44220 1.57524 1.57862 1.62286 1.63236 1.58776 1.56714 1.59156 1.49477 1.48358 1.48358 1.48358 1.48358 1.54379 1.64753 1.77796 1.75967 1.73921 1.70975 1.67669 1.65573 1.65238 1.58533
2.84627 2.84955 2.85110 2.84824 2.84516 2.64783 2.60881 2.55367 2.43796 2.24096 2.29418 2.16837 2.10576 2.04826 2.00319 1.94284 1.88263 1.84248 1.84149 1.84149 1.84149 1.84149 1.84149 1.84149 1.84149 1.97388 2.08481 2.04578 1.88595 1.86855 1.71404 1.53497 1.53497 1.53497 1.53497 1.52075 1.49225 1.50168 1.51370 1.52676 1.53961 1.52900 1.35887 1.34647 1.46475 1.41840 1.40698 1.54444 1.53371 1.53304 1.56697 1.51491 1.48537 1.48919 1.49199 1.49487 1.54062 1.65103 1.65511 1.65540 1.65540 1.65540 1.65540 1.65540 1.65540 1.60380
2.82967 2.82967 2.82987 2.84330 2.87399 2.76305 2.71068 2.70725 2.31916 2.10836 2.04659 1.94087 1.82153 1.82211 1.84095 1.84149 1.84149 1.84149 1.84149 1.84149 1.84149 1.84149 1.84149 1.84149 1.84149 1.90387 2.08481 2.07881 1.94684 1.84127 1.78947 1.53670 1.53506 1.53632 1.53806 1.53888 1.53872 1.53064 1.49247 1.45139 1.41229 1.37526 1.23597 1.19987 1.34819 1.36830 1.36890 1.52842 1.54569 1.54536 1.57417 1.55759 1.50307 1.50211 1.50200 1.50200 1.51924 1.65180 1.65413 1.65540 1.65540 1.65540 1.65540 1.66257 1.72408 1.76380
2.87331 2.90801 2.93075 2.92816 2.90830 2.78732 2.62912 2.61760 2.34051 2.02960 1.94674 1.96864 1.82147 1.82147 1.83677 1.84149 1.84149 1.84149 1.84149 1.84149 1.84149 1.84149 1.84149 1.84149 1.84149 1.84681 2.07178 2.08481 1.99961 1.85437 1.85013 1.57307 1.52595 1.50182 1.46190 1.42377 1.38773 1.35823 1.35386 1.35386 1.35386 1.34455 1.26452 1.21074 1.31692 1.39314 1.39841 1.50122 1.56895 1.55962 1.57592 1.58696 1.50200 1.50200 1.50200 1.50200 1.50238 1.63985 1.65315 1.66693 1.73317 1.79957 1.86040 1.91186 1.92781 1.92987
2.88503 2.86121 2.84906 2.84906 2.84906 2.80060 2.61760 2.61760 2.47010 2.09672 1.92870 1.99125 1.85974 1.82147 1.83198 1.84149 1.84149 1.84149 1.84149 1.84149 1.84149 1.84149 1.84149 1.84149 1.84159 1.84948 2.02084 2.04969 1.94398 1.71643 1.66597 1.42982 1.36980 1.35386 1.35386 1.35370 1.33664 1.30802 1.27939 1.25076 1.22213 1.20282 1.20512 1.23778 1.30018 1.39947 1.39919 1.44587 1.57104 1.55469 1.55721 1.56917 1.45671 1.44768 1.44061 1.43353 1.42641 1.51261 1.54440 1.62729 1.82088 1.82312 1.82537 1.83338 1.87860 1.93031
2.84906 2.84906 2.84906 2.84906 2.84906 2.84304 2.62374 2.61760 2.59126 2.17538 1.91318 1.98831 1.92496 1.82147 1.82716 1.83749 1.81173 1.78260 1.75353 1.72449 1.69536 1.66971 1.64579 1.61994 1.59948 1.58476 1.70013 1.85241 1.77762 1.44878 1.45481 1.31254 1.29376 1.26370 1.23360 1.20366 1.19444 1.20410 1.21395 1.22379 1.23365 1.24349 1.25187 1.28155 1.28989 1.36846 1.37246 1.38226 1.55135 1.55034 1.54717 1.49440 1.43226 1.43460 1.44634 1.45809 1.47220 1.53446 1.59071 1.66513 1.98003 2.05918 2.12515 2.18478 2.20030 2.20740
2.84906 2.84906 2.84906 2.84906 2.84906 2.84850 2.65778 2.59894 2.58881 2.26858 1.90231 1.92387 1.93384 1.75158 1.74535 1.57388 1.57883 1.59096 1.60662 1.62470 1.65825 1.69513 1.72911 1.76376 1.79065 1.81487 1.90122 2.07107 1.93779 1.58287 1.29538 1.28052 1.29102 1.30245 1.31381 1.32524 1.33280 1.33305 1.33311 1.33328 1.33332 1.33340 1.33356 1.36503 1.37872 1.45848 1.47301 1.46751 1.58177 1.62601 1.61110 1.57139 1.61808 1.67290 1.70285 1.77020 1.83600 1.90477 1.99708 2.02445 2.16467 2.22882 2.22882 2.23268 2.26445 2.29912
2.78619 2.77467 2.76316 2.75167 2.74018 2.73467 2.60837 2.52549 2.56189 2.40135 2.10777 2.18472 2.25219 1.94437 1.91453 1.73970 1.70978 1.72367 1.73105 1.73719 1.74054 1.76558 1.79140 1.81930 1.86789 1.91149 1.92628 1.88449 1.80736 1.63767 1.24788 1.26270 1.31283 1.31860 1.31860 1.31860 1.31860 1.31860 1.31860 1.31860 1.31860 1.31860 1.31860 1.33535 1.36123 1.41333 1.46114 1.46114 1.52720 1.64523 1.68603 1.72769 1.80299 1.93557 1.97378 1.97455 1.97455 1.98016 2.02255 2.02389 2.13147 2.28608 2.31634 2.34135 2.34339 2.34090
2.76027 2.80607 2.85427 2.90500 2.95844 3.00796 2.89239 2.68542 2.68686 2.62068 2.11130 2.00662 1.88624 1.82876 1.83431 1.71716 1.64558 1.68998 1.75781 1.82484 1.87678 1.90258 1.92622 1.94705 1.95133 1.95133 1.95133 1.91874 1.83582 1.73491 1.32415 1.24058 1.30254 1.31860 1.31860 1.31860 1.31860 1.31860 1.31860 1.31860 1.31860 1.31860 1.31860 1.32398 1.36111 1.41634 1.55113 1.60835 1.68421 1.95900 1.93185 1.90785 1.87767 1.97455 1.97455 1.97220 1.98182 2.02236 2.11353 2.15613 2.19573 2.33462 2.33893 2.33893 2.33893 2.33893
3.02773 3.02775 3.02775 3.02775 3.02775 3.02571 2.93845 2.53944 2.40361 2.26633 2.04920 2.00768 1.94766 1.98693 2.02626 2.01064 1.93016 1.94910 1.95133 1.95133 1.95133 1.95133 1.95133 1.95133 1.95133 1.95133 1.95133 1.93637 1.85983 1.80085 1.44303 1.21695 1.29467 1.31860 1.31860 1.31860 1.31860 1.31860 1.31860 1.31863 1.32686 1.36718 1.41288 1.46305 1.54936 1.58333 1.71692 1.72009 1.72009 1.91228 1.94136 1.90716 1.84980 1.99018 2.03713 2.07552 2.10232 2.10306 2.14642 2.16447 2.18085 2.29809 2.33893 2.33893 2.33893 2.33893
