High_resolution/powerplant/Fengdu/OMI_NO2_200503.asc
ncols      200
nrows      200
xllcorner       105.978
yllcorner       28.1831
cellsize     0.0166667
NODATA_Value      -999.000
[rows 87 to 115 of 200, columns 0 to 64 of 200]
2.55557 2.55557 2.55579 2.56686 2.58381 2.60081 2.61785 2.63482 2.65180 2.66875 2.68573 3.55945 4.10931 4.94160 4.97233 4.98506 5.22795 5.49590 5.53230 5.56043 5.56235 5.56235 5.56235 5.56235 5.56235 5.56235 5.66263 5.95204 5.74444 5.60023 5.35468 5.32228 5.29950 5.29861 5.29861 5.29849 5.28957 5.05749 4.86674 4.85248 4.83825 4.80373 3.89747 3.26727 2.84434 2.55809 2.38093 2.38093 2.38093 2.38093 2.38093 2.38093 2.38093 2.63774 2.68587 2.68587 2.68587 2.68587 2.68587 3.04136 3.20636 2.57442 2.48386 2.48386 2.48386
2.79061 2.80762 2.82438 2.83028 2.83028 2.83028 2.83028 2.83028 2.83028 2.83028 2.83028 3.40482 4.01539 4.89436 5.02977 5.02977 5.18303 5.56235 5.56235 5.56235 5.56235 5.58630 5.75346 5.94426 6.13517 6.32597 6.54103 6.86551 6.52274 5.99888 5.25548 5.24126 5.22702 5.16468 5.05134 4.93083 4.81211 4.53677 4.09013 3.93376 3.76538 3.61977 3.60661 3.42515 2.84166 2.68627 2.38093 2.38093 2.38093 2.38093 2.38093 2.38093 2.38093 2.55730 2.68587 2.68587 2.68587 2.68587 2.68587 2.91536 3.20658 2.77295 2.48386 2.48773 2.50589
2.83028 2.83028 2.83028 2.83028 2.83028 2.83028 2.83028 2.83028 2.83028 2.83028 2.83028 3.10729 3.92147 4.69378 5.02977 5.02977 5.13282 5.81233 6.00505 6.20450 6.44837 6.67403 6.75693 6.81593 6.87463 6.92837 6.98018 7.20295 6.57838 5.85724 4.51875 4.36620 4.21212 4.13244 4.13244 4.13244 4.13244 4.06671 3.60661 3.60661 3.60661 3.60661 3.60661 3.58606 2.86805 2.80922 2.38616 2.38093 2.38093 2.38093 2.38093 2.38093 2.38093 2.46226 2.68587 2.68587 2.68587 2.68227 2.63747 2.68440 3.05007 2.89250 2.67740 2.74297 2.79419
2.83028 2.83028 2.83028 2.83028 2.83028 2.83028 2.83028 2.83028 2.83028 2.83028 2.83028 2.85401 3.91759 4.55681 5.90649 6.15654 6.34165 6.85183 6.98278 7.02597 7.02499 7.01789 7.01077 7.00368 6.99686 6.99511 6.99511 7.00056 6.60522 5.64322 4.43727 4.13244 4.13244 4.13244 4.13244 4.13244 4.13244 4.13208 3.65393 3.60661 3.60661 3.60661 3.60661 3.60661 3.03475 2.84166 2.48202 2.38093 2.38093 2.38093 2.38093 2.38089 2.34035 2.26855 2.51920 2.48809 2.46878 2.46586 2.50413 2.56042 3.09079 3.10936 2.84355 2.83955 2.83955
2.83028 2.83028 2.83028 2.83109 2.87369 2.93953 3.00333 3.06626 3.12923 3.19226 3.25514 3.31164 4.03292 4.54302 6.26973 6.47075 6.46406 6.79960 6.99511 6.99511 6.99511 6.99511 6.99511 6.99511 6.99511 6.99511 6.99511 6.99809 6.92601 5.65957 4.85925 4.13244 4.13244 4.13244 4.13244 4.13244 4.13244 4.13244 3.76605 3.60661 3.60661 3.60661 3.60661 3.60661 3.22202 2.84166 2.59216 2.28903 2.21377 2.13854 2.06324 1.98801 1.95329 1.95329 2.36273 2.59430 2.60707 2.60707 2.60707 2.60707 2.97886 3.12779 2.90440 2.83955 2.83955
3.11495 3.17841 3.24133 3.30345 3.32392 3.32097 3.32003 3.32003 3.32003 3.32003 3.32003 3.32003 3.79535 4.33794 5.83254 6.46253 6.46253 6.68352 6.99511 6.99511 6.99511 6.99511 6.99511 6.99511 6.99511 6.99511 6.99511 6.99594 7.00541 5.91743 5.28094 4.13244 4.13244 4.13244 4.13244 4.13244 4.13244 4.13244 3.87852 3.60661 3.60567 3.56976 3.51649 3.46316 3.20782 2.57573 2.39043 1.91506 1.90391 1.89275 1.88152 1.87034 1.85919 1.84803 2.11209 2.51138 2.50311 2.52375 2.56658 2.60949 2.74809 2.79477 2.61710 2.43930 2.40588
3.32062 3.32003 3.32003 3.32003 3.32003 3.32003 3.32003 3.32003 3.32003 3.32003 3.32003 3.32003 3.54779 4.23165 5.33253 6.46253 6.46253 6.56708 6.99511 6.99511 6.99511 6.99511 6.99511 6.99511 6.99511 6.99286 6.98501 6.97682 6.96994 6.20866 5.55912 4.15136 4.05381 4.04294 4.03211 4.00914 3.94789 3.88369 3.67240 3.20338 3.13981 3.11126 3.10010 3.08892 3.05385 2.33609 2.30933 1.76014 1.74877 1.81671 1.88507 1.95331 2.02155 2.08992 2.20679 2.80397 2.86309 2.88524 2.88524 2.88524 2.82917 2.64802 2.58316 2.35978 2.35978
3.32003 3.32003 3.32003 3.32003 3.32003 3.32003 3.32003 3.32003 3.31985 3.31916 3.31842 3.31769 3.33052 4.18570 4.76790 6.41569 6.45803 6.46680 6.88711 6.89423 6.88617 6.87797 6.86988 6.86168 6.85359 6.84767 6.84742 6.84742 6.82651 6.39477 5.41772 4.33350 3.79397 3.74070 3.68740 3.64617 3.64331 3.64331 3.60985 3.08762 3.09518 3.10891 3.12263 3.13636 3.15008 2.83181 2.81080 2.47839 2.32382 2.32418 2.32418 2.32418 2.32418 2.32418 2.32418 2.77360 2.88524 2.88524 2.88524 2.88524 2.87720 2.65422 2.64401 2.37820 2.35978
3.31391 3.31317 3.31244 3.31171 3.31097 3.31024 3.30951 3.30877 3.30822 3.30818 3.30818 3.30818 3.30818 3.99825 4.51517 6.05226 6.45365 6.45365 6.75317 6.84742 6.84742 6.84742 6.84742 6.84742 6.84399 6.81445 6.77950 6.74458 6.68444 6.48965 5.21021 4.57773 3.66130 3.67501 3.68874 3.70249 3.71622 3.72993 3.74366 3.28657 3.19754 3.19754 3.19754 3.19754 3.19754 3.05243 2.92034 2.68434 2.32418 2.32418 2.32418 2.32418 2.32418 2.32418 2.32418 2.62176 2.88524 2.88524 2.88524 2.88524 2.88524 2.70044 2.64802 2.45346 2.35978
3.30818 3.30818 3.30818 3.30818 3.30818 3.30818 3.30818 3.30818 3.30818 3.30818 3.30818 3.30818 3.30818 3.78274 4.33136 5.63025 6.45365 6.45365 6.66708 6.83698 6.80291 6.76797 6.73304 6.67714 6.59364 6.53609 6.48398 6.43187 6.35768 6.11549 5.44303 5.12161 3.75917 3.75840 3.75840 3.75840 3.75840 3.75840 3.75840 3.40964 3.19754 3.19754 3.19754 3.19754 3.19754 3.12025 2.92034 2.84869 2.32454 2.32418 2.32418 2.32418 2.32418 2.32418 2.32418 2.44198 2.88524 2.88524 2.88524 2.88524 2.88727 2.80765 2.77247 2.61443 2.20331
3.30732 3.30818 3.30818 3.30818 3.30818 3.30818 3.30818 3.30818 3.30818 3.30818 3.30818 3.30818 3.30818 3.53408 4.29135 5.28137 6.28763 6.20043 6.24109 6.43042 6.37276 6.29991 6.22153 6.16105 6.13181 6.10074 6.06721 6.03103 6.00252 6.00108 5.61512 5.31290 4.00276 3.75840 3.75840 3.75840 3.75840 3.75840 3.75840 3.53058 3.19754 3.19754 3.19754 3.19754 3.19754 3.18368 2.92478 2.92034 2.41760 2.32418 2.32418 2.32418 2.32418 2.32418 2.32418 2.36481 2.93486 3.05829 3.12946 3.19328 3.25274 3.18721 3.01604 2.89098 2.08688
3.26889 3.30818 3.30818 3.30818 3.30818 3.30818 3.30818 3.30261 3.27846 3.37260 3.53884 3.72276 3.92691 4.16846 4.95270 4.97157 5.59039 5.63057 5.63030 6.03142 6.00262 6.00108 6.00108 6.00108 6.00108 6.00108 6.00108 6.00108 6.00108 6.00108 5.78552 5.31290 4.43742 3.75840 3.75840 3.75840 3.75840 3.75840 3.75840 3.65129 3.19754 3.19754 3.19754 3.19754 3.19754 3.19754 2.97876 2.92034 2.58246 2.34109 2.42870 2.52428 2.61963 2.71516 2.81062 2.86603 3.12582 3.25490 3.24531 3.24295 3.24295 3.21801 3.00861 3.00572 2.22211
3.18270 3.25280 3.21822 3.19303 3.32095 3.51030 3.72280 3.96290 4.21151 4.29267 4.29267 4.29267 4.29267 4.29267 4.29267 4.44799 5.12863 5.47605 5.47605 5.94180 6.00108 6.00108 6.00108 6.00108 6.00108 6.00108 6.00108 6.00108 6.00108 6.00108 5.95139 5.31744 4.87189 3.75840 3.75840 3.75840 3.75840 3.75840 3.75840 3.74944 3.22031 3.19754 3.19754 3.19803 3.24282 3.31644 3.23956 3.18690 3.12104 2.85844 2.86695 2.87383 2.88223 2.89069 2.89913 2.90755 3.04425 3.28650 3.29282 3.29917 3.30669 3.33332 3.20711 3.18449 2.66956
3.45702 3.75018 4.00332 4.24066 4.29267 4.29267 4.29267 4.29267 4.29267 4.29267 4.29267 4.29267 4.29267 4.29267 4.29267 4.35769 4.88225 5.47605 5.47605 5.82728 6.00108 6.00108 6.00108 6.00108 6.00108 6.00108 6.00108 6.00108 6.00108 6.00108 6.00108 5.44066 5.26543 3.82742 3.78405 3.79171 3.79946 3.80715 3.82856 3.90429 3.57187 3.52486 3.60697 3.68852 3.72575 3.73419 3.65959 3.47383 3.46305 3.04455 3.03944 3.04121 3.06476 3.10428 3.14370 3.18315 3.23616 3.53194 3.56940 3.59901 3.62737 3.63489 3.47678 3.32663 3.04586
3.88276 4.29267 4.29267 4.29267 4.29267 4.29267 4.29267 4.29267 4.29267 4.29267 4.29267 4.29267 4.29267 4.29336 4.31349 4.34263 4.68624 5.53058 5.56621 5.79766 6.05850 6.06620 6.07393 6.08160 6.08938 6.09704 6.10479 6.11247 6.12023 6.12787 6.13566 5.74820 5.45308 4.37441 4.01635 4.09002 4.16401 4.23763 4.29757 4.30316 4.01620 3.77722 3.77722 3.79970 3.88248 3.96857 4.03572 3.68043 3.71387 3.41476 3.33378 3.37302 3.38889 3.38889 3.38889 3.38889 3.38889 3.57649 3.63489 3.63489 3.63489 3.63489 3.55230 3.32663 3.27878
3.37587 4.40308 4.43169 4.46022 4.48892 4.51754 4.54616 4.57477 4.60330 4.63196 4.66062 4.68919 4.71781 4.74569 4.75422 4.75422 4.86926 5.57002 5.78375 5.86680 6.14086 6.14086 6.14086 6.14086 6.14086 6.14086 6.14086 6.15005 6.23924 6.34740 6.45521 6.34104 5.98260 5.26133 4.30352 4.35445 4.44047 4.52656 4.61265 4.69860 4.61024 4.34477 4.43086 4.49440 4.49765 4.49765 4.49765 3.97120 3.84791 3.63625 3.38889 3.38889 3.38889 3.38889 3.38889 3.38889 3.38889 3.50854 3.63489 3.63489 3.63489 3.63489 3.62445 3.32994 3.32663
3.15728 4.75422 4.75422 4.75422 4.75422 4.75422 4.75422 4.75422 4.75422 4.75422 4.75422 4.75422 4.75422 4.75422 4.75422 4.75422 4.83221 5.32355 5.78375 5.79650 6.13381 6.14086 6.17011 6.27413 6.38223 6.49015 6.59987 6.74433 6.83226 6.90764 6.99057 7.01652 6.54272 6.34489 4.98850 5.02358 5.02358 5.02358 5.02358 5.02358 4.96163 4.49765 4.49765 4.49765 4.49765 4.49765 4.49765 4.13007 3.84791 3.76307 3.38889 3.38889 3.38889 3.38889 3.38889 3.38889 3.38889 3.42813 3.63474 3.63489 3.63489 3.63489 3.63913 3.39085 3.33808
2.46169 4.61435 4.75422 4.75422 4.75422 4.75422 4.75422 4.75422 4.75422 4.75422 4.75422 4.75422 4.75422 4.75422 4.75422 4.75422 4.78653 5.17308 5.95307 6.08804 6.55125 6.81675 6.98880 7.08465 7.18638 7.29979 7.42246 7.46103 7.46103 7.46103 7.46103 7.46103 6.83391 6.74607 5.22673 5.02358 5.02358 5.02358 5.02358 5.02358 5.02343 4.54850 4.49765 4.49765 4.49765 4.49765 4.49765 4.28885 3.84791 3.84612 3.43268 3.38889 3.38889 3.38889 3.38889 3.38889 3.38889 3.38889 3.60867 3.65848 3.67658 3.69193 3.68090 3.47875 3.26366
2.45300 4.18143 4.75422 4.75422 4.75422 4.75422 4.75422 4.75422 4.75422 4.75422 4.75422 4.75871 4.95153 5.24169 5.53160 5.82166 6.11098 6.17995 6.83421 6.92537 7.23700 7.46103 7.46103 7.46103 7.46103 7.46103 7.46103 7.46103 7.46103 7.46103 7.46103 7.46103 6.97789 6.74779 5.70863 5.02358 5.02358 5.02358 5.02358 5.02358 5.02358 4.66113 4.49765 4.49765 4.49765 4.49765 4.49765 4.44502 3.85057 3.84791 3.55776 3.38889 3.39157 3.41238 3.43654 3.46068 3.48480 3.50896 3.61481 3.63284 3.58558 3.53631 3.52585 3.40717 3.11484
2.45300 3.55868 4.75422 4.75422 4.75422 4.75422 4.77022 4.99616 5.28607 5.57598 5.86604 6.15132 6.24860 6.24860 6.24860 6.24860 6.24860 6.24860 6.67189 6.92537 7.12124 7.46103 7.46103 7.46103 7.46103 7.46103 7.46103 7.46103 7.46103 7.46103 7.46103 7.46103 7.15264 6.74779 6.19225 5.02358 5.02358 5.02358 5.02358 5.02358 5.02358 4.77340 4.49765 4.49765 4.49765 4.49765 4.49765 4.45875 3.84272 3.65885 3.54019 3.50099 3.52248 3.52585 3.52585 3.52585 3.52585 3.52978 3.53982 3.54982 3.55988 3.56988 3.57994 3.52223 3.06799
2.45300 2.68545 5.00334 5.33046 5.62037 5.91043 6.18420 6.24860 6.24860 6.24860 6.24860 6.24860 6.24860 6.24860 6.24860 6.24860 6.24860 6.24860 6.48069 6.92537 7.00507 7.46103 7.46103 7.46103 7.46103 7.46103 7.46103 7.46103 7.46103 7.46103 7.46103 7.46103 7.36596 6.74879 6.64622 5.05341 5.02358 5.04070 5.08126 5.12212 5.16276 5.03066 4.48362 4.41844 4.35346 4.28848 4.22344 4.19741 3.82547 3.56773 3.58542 3.67693 3.68744 3.69748 3.70750 3.71860 3.75885 3.80795 3.85094 3.89394 3.93695 3.97999 4.02292 3.97451 3.11404
0.00000 2.45300 5.69818 6.24860 6.24860 6.24860 6.24860 6.24860 6.24860 6.24860 6.24860 6.24860 6.24860 6.24860 6.24860 6.24860 6.24860 6.24860 6.29767 6.91579 6.91943 7.55429 7.67622 7.73740 7.79847 7.85965 7.92072 7.98179 8.04297 8.10404 8.16500 8.22640 8.28714 7.45002 7.37989 6.10882 5.70066 5.64964 5.57443 5.49944 5.42436 5.30007 4.30256 4.29391 4.29391 4.29391 4.29391 4.35527 4.22678 3.75296 3.79601 3.91093 3.97151 4.01459 4.05752 4.09942 4.11229 4.11229 4.11229 4.11229 4.11229 4.11229 4.11229 4.08474 3.31371
0.00000 2.45300 4.85364 6.24683 6.24069 6.23438 6.22803 6.22165 6.21533 6.20902 6.20270 6.19635 6.19003 6.18372 6.17740 6.17105 6.16468 6.15836 6.15203 6.67456 6.82418 8.07156 8.56738 8.56738 8.56738 8.56738 8.56738 8.56738 8.56738 8.56738 8.67975 10.2061 12.1571 12.0810 12.4755 9.65637 5.34952 5.34952 5.35852 5.46679 5.60205 5.73742 4.99255 4.95232 5.08770 5.22307 5.35844 5.43233 5.29141 4.02426 4.02272 4.06992 4.11229 4.11229 4.11229 4.11229 4.11229 4.11229 4.11229 4.11229 4.11229 4.11229 4.11229 4.11229 3.54833
0.00000 2.27412 3.43857 6.14759 6.14741 6.14741 6.14741 6.14741 6.14741 6.14741 6.14741 6.14741 6.14741 6.14741 6.14741 6.14741 6.14741 6.14741 6.14741 6.48335 6.82418 7.69173 8.56738 8.56738 8.56738 9.01583 10.8627 12.8147 14.7645 16.7134 18.5767 19.1041 19.2073 17.5027 15.0010 13.2898 6.19921 6.33458 6.46096 6.48806 6.48806 6.48806 5.83358 5.43244 5.43244 5.43244 5.43244 5.43244 5.43244 4.22837 4.02272 4.04516 4.11229 4.11229 4.11229 4.11229 4.11229 4.11229 4.11229 4.11229 4.11229 4.11229 4.11229 4.11229 3.81075
0.00000 2.25061 2.26849 5.92497 6.14741 6.14741 6.14741 6.14741 6.14741 6.14741 6.14741 6.14741 6.14741 6.14741 6.14741 6.14741 6.14741 6.14741 6.14741 6.29223 7.83241 10.2706 13.5652 15.7922 17.7988 19.2189 19.3863 19.4622 19.5307 19.5937 19.6409 19.6449 19.6449 19.2141 15.5638 15.4934 7.23215 6.48806 6.48806 6.48806 6.48806 6.48806 6.05941 5.43244 5.43244 5.43244 5.43244 5.43244 5.43244 4.57365 4.02272 4.02476 4.10792 4.11229 4.11229 4.11229 4.11229 4.11229 4.11229 4.11229 4.11229 4.10611 4.08125 4.05514 3.88869
0.00000 2.25061 2.25061 5.20436 6.14741 6.14741 6.14741 6.14741 6.14741 6.14741 6.14741 6.14741 6.14741 6.14741 6.16582 6.88729 7.96699 9.04724 10.4326 13.6265 17.9662 18.4711 19.6357 19.6449 19.6449 19.6449 19.6449 19.6449 19.6449 19.6449 19.6449 19.6449 19.6449 19.6449 16.1443 15.5605 9.68913 6.48806 6.48806 6.48806 6.48806 6.48806 6.28512 5.43244 5.43244 5.43244 5.43244 5.43244 5.43244 4.91864 4.02272 4.02272 4.08522 4.11229 4.11229 4.11068 4.09008 4.06398 4.03781 4.01174 3.98567 3.96575 3.96449 3.96449 3.88819
0.00000 0.00000 2.25061 4.16712 6.14741 6.14741 6.14741 6.14741 6.14741 6.21436 7.06696 8.14666 9.22747 10.3072 11.3684 11.7272 11.7272 11.7272 11.7356 14.6090 17.2036 18.4828 19.4638 19.6449 19.6449 19.6449 19.6449 19.6449 19.6449 19.6449 19.6449 19.6449 19.6449 19.6449 17.1552 15.5605 12.2137 6.48806 6.48806 6.48806 6.48806 6.48806 6.47001 5.47319 5.43244 5.43244 5.43244 5.43244 5.43244 5.26389 4.07177 4.18265 4.19876 4.02052 3.99445 3.96996 3.96449 3.96449 3.96449 3.96449 3.96449 3.96449 3.96449 3.96396 3.94284
0.00000 0.00000 2.25061 2.68759 6.25936 7.24719 8.32689 9.40714 10.4868 11.5007 11.7272 11.7272 11.7272 11.7272 11.7272 11.7272 11.7272 11.7272 11.7272 14.0124 16.1730 18.4828 19.2099 19.6449 19.6449 19.6449 19.6449 19.6449 19.6449 19.6449 19.6449 19.6449 19.6449 19.6449 18.1668 15.5605 14.6989 6.52616 6.48806 6.48806 6.48806 6.48806 6.48806 5.67936 5.43340 5.51987 5.62372 5.72762 5.83156 5.93545 4.75718 4.57352 4.46848 3.89006 3.88289 3.87573 3.86855 3.86134 3.85417 3.84173 3.77836 3.70232 3.62632 3.55060 3.48031
0.00000 0.00000 2.25061 2.25061 10.3377 11.7272 11.7272 11.7272 11.7272 11.7272 11.7272 11.7272 11.7272 11.7272 11.7272 11.7272 11.7272 11.7272 11.7272 13.2871 15.1596 18.4659 18.9561 19.6449 19.6449 19.6753 19.7463 19.8185 19.8898 19.9616 20.0332 20.1047 20.1768 20.2479 19.8520 16.3077 16.3789 9.07801 7.44972 7.57015 7.75291 7.93547 8.11835 6.89999 5.87885 5.89626 5.89626 5.89626 5.89626 5.89626 5.00659 4.43582 4.36694 3.71525 3.56003 3.49110 3.42222 3.35322 3.28441 3.22072 3.20792 3.20792 3.20792 3.20792 3.20792
