High_resolution/powerplant/Fengdu/OMI_NO2_201010.asc
ncols      200
nrows      200
xllcorner       105.978
yllcorner       28.1831
cellsize     0.0166667
NODATA_Value      -999.000
[rows 145 to 173 of 200, columns 66 to 131 of 200]
3.00626 3.00626 3.00626 3.00626 2.97834 2.14155 1.58680 1.48346 1.38181 1.34673 1.34673 1.34673 1.34673 1.29239 1.19546 1.39650 1.63368 1.87014 2.10700 2.34391 2.47542 1.63023 1.36859 1.36859 1.36859 1.36859 1.36859 1.36859 1.36859 1.36859 1.36859 1.36859 1.36859 1.36859 1.36859 1.36859 1.36859 0.00000 0.00000 0.00000 0.0770695 0.0770695 0.0770695 0.0770695 0.0770695 0.0770695 0.0770695 0.0770695 0.0770695 0.0280096 0.0150403 0.0150403 0.0150403 0.0150403 0.0150403 0.0150403 0.0150403 0.0150403 0.0150403 0.0150403 0.0150403 0.0150403 0.0150403 0.0150403 0.0150403 0.0150403
2.92420 2.82100 2.71770 2.61445 2.53907 2.12732 1.34673 1.34673 1.34673 1.40174 1.51992 1.63851 1.75664 1.91064 2.44058 2.47581 2.47581 2.47581 2.47581 2.47581 2.47581 1.93305 1.36859 1.36859 1.36859 1.36859 1.36859 1.36859 1.36859 1.36859 1.36859 1.36859 1.36859 1.36859 1.36859 1.29514 1.10062 0.286211 0.0770695 0.0770695 0.0770695 0.0770695 0.0770695 0.0770695 0.0770695 0.0770695 0.0770695 0.0770695 0.0770695 0.0456423 0.0150403 0.0150403 0.0150403 0.0150403 0.0150403 0.0150403 0.0150403 0.0150403 0.0150403 0.0150403 0.0150403 0.0150403 0.0150403 0.0150403 0.0150403 0.0150403
2.53545 2.53545 2.53545 2.52917 2.46287 2.29626 1.69992 1.81711 1.93557 1.99898 1.99904 1.99904 1.99904 1.99964 2.38201 2.47581 2.47581 2.47581 2.47581 2.47581 2.47581 2.23592 1.36859 1.36859 1.36859 1.36859 1.36859 1.36859 1.36859 1.36859 1.33352 1.17112 0.994123 0.863098 0.775606 0.724645 0.722831 0.416142 0.0770695 0.0770695 0.0770695 0.0770695 0.0770695 0.0770695 0.0770695 0.0770695 0.0770695 0.0770695 0.0770695 0.0632777 0.0150403 0.0150403 0.0150403 0.0150403 0.0150403 0.0150403 0.0150403 0.0150403 0.0150403 0.0150403 0.0150403 0.0150403 0.0150403 0.0150403 0.0150403 0.0150403
2.35523 2.27385 2.19235 2.11721 2.10213 2.10213 2.02039 1.99904 1.99904 1.99904 1.99904 1.99904 1.99904 1.99904 2.20518 2.47581 2.47581 2.47581 2.47581 2.47581 2.47581 2.46297 1.44453 1.36859 1.36859 1.36031 1.21812 1.07613 0.972218 0.892750 0.839182 0.833753 0.781037 0.722831 0.722831 0.722831 0.722831 0.574591 0.0770695 0.0770695 0.0770695 0.0770695 0.0770695 0.0770695 0.0770695 0.0770695 0.0770695 0.0770695 0.0770695 0.0763685 0.0195684 0.0150403 0.0150403 0.0150403 0.0150403 0.0150403 0.0150403 0.0150403 0.0150403 0.0150403 0.0150403 0.0150403 0.0188228 0.166899 0.387733 0.610237
2.10213 2.10213 2.10213 2.10213 2.10213 2.10213 2.04875 1.99904 1.99904 1.99904 1.99904 1.99904 1.99904 1.99904 2.08787 2.47581 2.47581 2.47581 2.47581 2.47581 2.47581 2.27593 1.39197 0.999837 0.914166 0.849329 0.833753 0.833753 0.833753 0.833753 0.833753 0.833753 0.812845 0.722831 0.714690 0.658145 0.581798 0.441507 0.0770695 0.0770695 0.0770695 0.0770695 0.0770695 0.0770695 0.0770695 0.0770695 0.0770695 0.0770695 0.0770695 0.0770695 0.0364921 0.0150403 0.0150403 0.0150403 0.0150403 0.0150403 0.0150403 0.0192678 0.169680 0.392183 0.613686 0.834965 1.05369 1.12756 1.12756 1.12756
2.10213 2.10213 2.10213 2.10213 2.10213 2.10213 2.07703 1.99904 1.99904 1.99904 1.99904 1.99904 1.99904 1.99904 2.01112 2.45246 2.37373 2.03904 1.78637 1.59778 1.45162 1.38736 1.16819 0.833753 0.833753 0.833753 0.833753 0.833753 0.832842 0.798613 0.739480 0.666657 0.574089 0.285017 0.101524 0.0770695 0.0770695 0.0770695 0.0770695 0.0770695 0.0770695 0.0770695 0.0770695 0.0770695 0.0770695 0.0770695 0.0770695 0.0770695 0.0770695 0.0770695 0.0541164 0.0150403 0.0201578 0.174130 0.394631 0.616912 0.839415 1.05613 1.12756 1.12756 1.12756 1.12756 1.12756 1.12756 1.12756 1.12756
2.10213 2.10213 2.10213 2.10213 2.10213 2.10213 2.10005 2.00442 1.99904 1.99904 1.99904 2.00110 2.04356 2.11450 2.20768 1.65470 1.39327 1.38736 1.38736 1.38736 1.38736 1.38736 1.31949 0.815672 0.760509 0.692735 0.607850 0.498722 0.356309 0.298912 0.298912 0.298912 0.298912 0.162728 0.0770695 0.0770695 0.0770695 0.0770695 0.0770695 0.0770695 0.0770695 0.0770695 0.0770695 0.0770695 0.0770695 0.0770695 0.0770695 0.0770695 0.0770695 0.0770695 0.126373 0.840088 1.05903 1.12756 1.12756 1.12756 1.12756 1.12756 1.12756 1.12756 1.12756 1.12756 1.12756 1.12756 1.12756 1.12756
2.10213 2.10213 2.10213 2.10213 2.10213 2.10213 2.10213 2.05133 2.08147 2.16387 2.27475 2.42465 2.47581 2.47581 2.47581 1.80594 1.38736 1.37621 1.23831 1.06486 0.890927 0.717666 0.543452 0.336101 0.298912 0.298912 0.298912 0.298912 0.298912 0.298912 0.298912 0.298912 0.298912 0.226332 0.0770695 0.0770695 0.0770695 0.0770695 0.0770695 0.0770695 0.0770695 0.0770695 0.0770695 0.0770695 0.0770695 0.0770695 0.0770695 0.0770695 0.00000 0.00000 0.00000 1.12756 1.12756 1.12756 1.12756 1.12756 1.12756 1.12756 1.12756 1.12756 1.12756 1.12756 1.12756 1.12756 1.12756 1.12756
2.10213 2.10213 2.10757 2.16645 2.25566 2.37362 2.53663 2.59285 2.47581 2.47581 2.47581 2.47581 2.35211 2.00844 1.66135 1.17812 0.632751 0.470354 0.434330 0.434330 0.434330 0.434330 0.434330 0.379434 0.298912 0.298912 0.298912 0.298912 0.298912 0.298912 0.298912 0.298912 0.298912 0.285934 0.0811736 0.0770695 0.0770695 0.0770695 0.0770695 0.0770695 0.0770695 0.0770695 0.0770695 0.00000 0.00000 0.00000 0.00000 0.00000 0.00000 0.00000 0.00000 1.12756 1.12756 1.12756 1.12756 1.12756 1.12756 1.12756 1.12756 1.12756 1.12756 1.12756 1.12756 1.12756 1.12756 1.12756
2.31801 2.45881 2.63964 2.68198 2.68198 2.68198 2.66400 2.32744 1.83995 1.49152 1.14500 0.796950 0.573941 0.569747 0.569747 0.569720 0.444194 0.434330 0.434330 0.434330 0.434330 0.434330 0.434330 0.409962 0.298912 0.298912 0.298912 0.298912 0.298912 0.298912 0.298912 0.298912 0.298912 0.298912 0.130761 0.0770695 0.0770695 0.0770695 0.0770695 0.00000 0.00000 0.00000 0.00000 0.00000 0.00000 0.00000 0.00000 0.00000 0.00000 0.00000 0.00000 1.12756 1.12756 1.12756 1.12756 1.12756 1.12756 1.12756 1.12756 1.12756 1.12756 1.12756 1.12756 1.12756 1.12756 1.12756
2.68198 2.60040 2.21747 1.80604 1.39483 0.983612 0.590600 0.488846 0.559178 0.569747 0.569747 0.569747 0.569747 0.569747 0.569747 0.569747 0.470958 0.434330 0.434330 0.434330 0.434330 0.434330 0.434330 0.430708 0.304092 0.298912 0.298912 0.298912 0.298912 0.298912 0.298912 0.298912 0.298912 0.298912 0.00000 0.00000 0.00000 0.00000 0.00000 0.00000 0.00000 0.00000 0.00000 0.00000 0.00000 0.00000 0.00000 0.00000 0.00000 0.00000 0.00000 1.12756 1.12756 1.12756 1.12756 1.12756 1.12756 1.12756 1.12756 1.12756 1.12756 1.12756 1.12756 1.12756 1.12756 1.12461
0.846540 0.516910 0.488838 0.488838 0.488838 0.488838 0.488838 0.488838 0.536924 0.569747 0.569747 0.569747 0.569747 0.569747 0.569747 0.569747 0.509843 0.434330 0.434330 0.434330 0.434330 0.434330 0.434330 0.434377 0.357066 0.298912 0.298912 0.298912 0.298912 0.00000 0.00000 0.00000 0.00000 0.00000 0.00000 0.00000 0.00000 1.07669 1.07669 1.07669 0.00000 0.00000 0.00000 0.00000 0.00000 0.00000 0.00000 0.00000 0.00000 0.00000 0.00000 0.00000 1.12756 1.12756 1.12756 1.12756 1.12756 1.12756 1.12756 1.12756 1.12398 1.01804 0.862689 0.707340 0.551992 0.401149
0.488838 0.488838 0.488838 0.488838 0.488838 0.488838 0.488838 0.488838 0.514673 0.569747 0.569747 0.569747 0.569747 0.569747 0.569747 0.569747 0.561019 0.437044 0.434330 0.439060 0.455945 0.477977 0.507215 0.547681 0.569747 0.00000 0.00000 0.00000 0.00000 0.00000 0.00000 1.07669 1.07669 1.07669 1.07669 1.07669 1.07669 1.07669 1.07669 1.07669 1.07669 0.00000 0.00000 0.00000 0.00000 0.00000 0.00000 0.00000 0.00000 0.00000 0.00000 0.00000 1.12756 1.12756 1.12756 1.12367 1.01501 0.861135 0.705787 0.550439 0.398663 0.350816 0.350816 0.350816 0.350816 0.350816
0.488838 0.488838 0.488838 0.488838 0.488838 0.488838 0.488838 0.488838 0.493693 0.568469 0.569747 0.569747 0.569747 0.569747 0.569747 0.569747 0.569747 0.512673 0.534646 0.568588 0.569747 0.569747 0.569747 0.569747 0.569747 0.00000 1.07669 1.07669 1.07669 1.07669 1.07669 1.07669 1.07669 1.07669 1.07669 1.07669 1.07669 1.07669 1.07669 1.07669 1.07669 0.00000 0.00000 0.00000 0.00000 0.00000 0.00000 0.00000 0.00000 0.00000 0.00000 0.00000 1.03857 0.705297 0.548885 0.397421 0.350816 0.350816 0.350816 0.350816 0.350816 0.350816 0.350816 0.350816 0.350816 0.350816
0.488838 0.488838 0.488838 0.488838 0.488838 0.488838 0.488838 0.488838 0.488838 0.551082 0.569747 0.569747 0.569747 0.569747 0.569747 0.569747 0.569747 0.569747 0.569747 0.569747 0.569747 0.569747 0.569747 0.569747 0.571111 1.07669 1.07669 1.07669 1.07669 1.07669 1.07669 1.07669 1.07669 1.07669 1.07669 1.07669 1.07669 1.07669 1.07669 1.07669 1.07669 0.00000 0.00000 0.00000 0.00000 0.00000 0.00000 0.00000 0.00000 0.00000 0.00000 0.00000 0.00000 0.350816 0.350816 0.350816 0.350816 0.350816 0.350816 0.350816 0.350816 0.350816 0.350816 0.350816 0.350816 0.350816
0.488838 0.488838 0.488838 0.488838 0.488838 0.488838 0.488838 0.488838 0.488838 0.528823 0.569747 0.569747 0.569747 0.569747 0.569747 0.569747 0.569747 0.569747 0.569747 0.569747 0.569747 0.00000 0.00000 0.00000 0.00000 1.07669 1.07669 1.07669 1.07669 1.07669 1.07669 1.07669 1.07669 1.07669 1.07669 1.07669 1.07669 1.07669 1.07669 1.07669 1.07669 0.00000 0.00000 0.00000 0.00000 0.00000 0.00000 0.00000 0.00000 0.00000 0.00000 0.00000 0.00000 0.350816 0.350816 0.350816 0.350816 0.350816 0.350816 0.350816 0.350816 0.350816 0.350816 0.350816 0.350816 0.350816
0.488838 0.488838 0.488838 0.488838 0.488838 0.488838 0.488838 0.488838 0.488838 0.508738 0.569747 0.569747 0.569747 0.569747 0.569747 0.569747 0.00000 0.00000 0.00000 0.00000 0.00000 0.00000 0.00000 0.00000 0.00000 1.07669 1.07669 1.07669 1.07669 1.07669 1.07669 1.07669 1.07669 1.07669 1.07669 1.07669 1.07668 1.07669 1.07669 1.07669 1.07669 1.07669 0.00000 0.00000 0.00000 0.00000 0.00000 0.00000 0.00000 0.00000 0.00000 0.00000 0.00000 0.350816 0.350816 0.350816 0.350816 0.350816 0.350816 0.350816 0.350816 0.350816 0.350816 0.350816 0.350816 0.350816
0.488838 0.488838 0.488838 0.488838 0.518550 0.679839 0.856691 1.03402 1.21096 1.38174 1.43205 0.00000 0.00000 0.00000 0.00000 0.00000 0.00000 0.00000 0.00000 0.00000 0.00000 0.00000 0.00000 0.00000 0.00000 1.07669 1.07669 1.07669 1.07669 1.07669 1.07669 1.07665 1.07637 1.07614 1.07598 1.07584 1.07604 1.07669 1.07669 1.07669 1.07669 1.07669 0.00000 0.00000 0.00000 0.00000 0.00000 0.00000 0.00000 0.00000 0.00000 0.00000 0.00000 0.350816 0.350816 0.350816 0.350816 0.350816 0.350816 0.350816 0.350816 0.350816 0.350816 0.350816 0.350816 0.350816
0.801871 0.914982 1.09240 1.26935 1.41649 1.43205 1.43205 1.43205 1.43205 1.43205 1.43205 0.00000 0.00000 0.00000 0.00000 0.00000 0.00000 0.00000 0.00000 0.00000 0.00000 0.00000 0.00000 0.00000 0.00000 0.00000 1.07668 1.07646 1.07620 1.07602 1.07588 1.07578 1.07577 1.07577 1.07577 1.07577 1.07585 1.07669 1.07669 1.07669 1.07669 1.07669 0.00000 0.00000 0.00000 0.00000 0.00000 0.00000 0.00000 0.00000 0.00000 0.00000 0.00000 0.00000 0.350816 0.350816 0.350816 0.350816 0.350816 0.350816 0.350816 0.350816 0.350816 0.357720 0.535332 0.786374
1.81962 1.43205 1.43205 1.43205 1.43205 1.43205 1.43205 1.43205 1.43205 1.43205 1.43205 0.00000 0.00000 0.00000 0.00000 0.00000 0.00000 0.00000 0.00000 0.00000 0.00000 0.00000 1.07484 1.07484 1.07484 1.07484 1.07556 1.07577 1.07577 1.07577 1.07577 1.07577 1.07577 1.07577 1.07577 1.07573 1.07563 1.07638 1.07669 1.07669 1.07669 0.00000 0.00000 0.00000 0.00000 0.00000 0.00000 0.00000 0.00000 0.00000 0.00000 0.00000 0.00000 0.00000 0.350816 0.350816 0.350816 0.350816 0.358347 0.537843 0.788885 1.03993 1.29097 1.53260 1.60603 1.60603
2.08934 1.43205 1.43205 1.43205 1.43205 1.43205 1.43205 1.43205 1.43205 1.43205 1.43205 1.43205 0.00000 0.00000 0.00000 0.00000 0.00000 1.94325 1.94325 1.37822 1.07484 1.07484 1.07484 1.07484 1.07484 1.07484 1.07528 1.07577 1.07577 1.07575 1.07566 1.07555 1.07541 1.07524 1.07500 1.07484 1.07484 1.07484 0.00000 0.00000 0.00000 0.00000 0.00000 0.00000 0.00000 0.00000 0.00000 0.00000 0.00000 0.00000 0.00000 0.00000 0.00000 1.35666 0.910858 0.788678 1.03993 1.29097 1.53448 1.60603 1.60603 1.60603 1.60603 1.60603 1.60603 1.60603
2.27389 1.43205 1.43205 1.43205 1.43205 1.43205 1.43205 1.43205 1.43205 1.43205 1.43205 1.43205 1.94325 1.94325 1.94325 1.94325 1.94325 1.94325 1.94325 1.60650 1.07484 1.07484 1.07484 1.08035 1.24829 1.43742 1.55868 1.09388 1.07509 1.07487 1.07484 1.07484 1.07484 1.07484 1.07484 1.07484 1.07484 1.07484 0.00000 0.00000 0.00000 0.00000 0.00000 0.00000 0.00000 0.00000 0.00000 0.00000 1.35666 1.35666 1.35666 1.35666 1.35666 1.35666 1.35666 1.56642 1.60603 1.60603 1.60603 1.60603 1.60603 1.60603 1.60603 1.60603 1.60603 1.60603
2.34568 1.66582 1.43205 1.43205 1.43205 1.43205 1.43205 1.43205 1.45336 1.53360 1.59491 1.74563 1.94325 1.94325 1.94325 1.94325 1.94325 1.94325 1.97292 1.99066 1.51720 1.64070 1.74032 1.82013 1.84282 1.84282 1.84282 1.36165 1.07484 1.07484 1.07484 1.07484 1.07484 1.07484 1.07484 1.07484 1.07484 1.07484 1.07484 0.00000 0.00000 0.00000 0.00000 0.00000 1.35666 1.35666 1.35666 1.35666 1.35666 1.35666 1.35666 1.35666 1.35666 1.35666 1.35666 1.49599 1.60603 1.60603 1.60603 1.60603 1.60603 1.60603 1.60603 1.60603 1.60603 1.60603
2.34568 1.98967 1.43205 1.43399 1.49885 1.57009 1.62162 1.66065 1.68571 1.68765 1.68765 1.73133 1.94644 2.02099 2.10262 2.16419 2.21260 2.25144 2.27579 2.27703 1.92489 1.84282 1.84282 1.84282 1.84282 1.84282 1.84282 1.58710 1.07484 1.07484 1.07484 1.07484 1.07484 1.07484 1.07484 1.07484 1.07484 1.07484 1.07484 1.35666 1.35666 1.35666 1.35666 1.35666 1.35666 1.35666 1.35666 1.35666 1.35666 1.35666 1.35666 1.35666 1.35666 1.35666 1.35666 1.42559 1.60603 1.60603 1.60603 1.60603 1.60603 1.60603 1.60603 1.60603 1.60603 1.60603
2.20625 1.91674 1.64450 1.67796 1.68765 1.68765 1.68765 1.69177 1.71654 1.74977 1.79175 1.86761 2.26310 2.27703 2.27703 2.27703 2.27703 2.27703 2.27703 2.27703 2.05008 1.84282 1.84282 1.84282 1.84282 1.84282 1.84282 1.74367 1.07484 1.07484 1.07484 1.07484 1.07484 1.07484 1.09166 1.20127 1.32513 1.44900 1.47514 1.35666 1.35666 1.35666 1.35666 1.35666 1.35666 1.35666 1.35666 1.35666 1.35666 1.35666 1.35666 1.35666 1.35666 1.35666 1.35666 1.36473 1.59648 1.60603 1.60603 1.60603 1.60603 1.60603 1.60603 1.60603 1.60603 1.60603
1.43205 1.44486 1.69146 1.72647 1.76222 1.80780 1.86805 1.93496 1.94325 1.94325 1.94325 1.94325 2.22790 2.27703 2.27703 2.27703 2.27703 2.27703 2.27703 2.27703 2.17526 1.84282 1.84282 1.84282 1.84282 1.84282 1.84282 1.83659 1.15932 1.07823 1.16588 1.28974 1.41365 1.53751 1.64455 1.65879 1.65879 1.65879 1.60526 1.35666 1.35666 1.35666 1.35666 1.35666 1.35666 1.35666 1.35666 1.35666 1.35666 1.35666 1.35666 1.35666 1.35666 1.35666 1.35666 1.35666 1.53413 1.60603 1.60603 1.60603 1.60603 1.60603 1.60603 1.60603 1.60603 1.60603
1.43205 1.43205 1.94258 1.94325 1.94325 1.94325 1.94325 1.94325 1.94325 1.94325 1.94325 1.94325 2.15660 2.27703 2.27703 2.27703 2.27703 2.27703 2.27703 2.27703 2.27086 1.87235 1.84282 1.84282 1.84282 1.87074 1.93258 1.99450 1.76648 1.62259 1.65879 1.65879 1.65879 1.65879 1.65879 1.65879 1.65879 1.65879 1.56260 1.14082 0.987691 0.889569 0.810999 0.809837 1.35666 1.35666 1.35666 1.35666 1.35666 1.35666 1.35666 1.35666 1.35666 1.35666 1.35666 1.35666 1.46376 1.60603 1.60603 1.60603 1.60603 1.61953 1.91965 2.33254 2.74627 3.16166
0.00000 0.00000 1.94325 1.94325 1.94325 1.94325 1.94325 1.94325 1.94325 1.94325 1.94325 1.94325 2.05270 2.27703 2.27703 2.27703 2.27703 2.27703 2.27703 2.27703 2.28443 2.04274 1.97681 2.03877 2.10070 2.13471 2.13480 2.13480 2.00979 1.65879 1.65879 1.65879 1.62050 1.41826 1.24769 1.11584 1.01139 0.926396 0.880506 0.788289 0.728813 0.728813 0.728813 0.729662 1.24375 1.35666 1.35666 1.35666 1.35666 1.35666 1.35666 1.35666 1.35666 1.35666 1.35666 1.35666 1.38931 1.92380 2.33919 2.75458 3.16664 3.56770 3.68297 3.68297 3.68297 3.68297
0.00000 0.00000 1.94325 1.94325 1.94325 1.94325 1.94325 1.94325 1.94325 1.94325 1.94325 1.94325 1.94757 2.26241 2.27703 2.27770 2.30440 2.35299 2.41669 2.50384 2.60087 2.35344 2.13480 2.13480 2.13480 2.13480 2.13298 2.02254 1.79178 1.15548 1.04288 0.952287 0.887393 0.879883 0.879883 0.879883 0.879883 0.879883 0.879883 0.831329 0.728813 0.728813 0.728813 0.728813 1.02176 1.35666 1.35666 1.35666 1.35666 1.35666 1.35666 1.35526 1.24434 1.06534 0.886329 0.707323 0.534586 3.25066 3.68297 3.68297 3.68297 3.68297 3.68297 3.68297 3.68297 3.68297
