High_resolution/powerplant/Fengdu/OMI_NO2_201010.asc
ncols      200
nrows      200
xllcorner       105.978
yllcorner       28.1831
cellsize     0.0166667
NODATA_Value      -999.000
[rows 116 to 144 of 200, columns 132 to 197 of 200]
0.873430 0.873430 0.873430 0.873430 0.873430 0.873430 0.873430 0.873430 1.68285 2.09653 1.91580 1.88852 1.88852 1.88852 1.88852 1.88852 1.88852 1.88852 1.88852 1.88852 1.88852 1.88852 1.88852 1.88852 1.81970 0.602314 0.575127 0.575127 0.575127 0.575127 0.575127 0.575127 0.575127 0.575127 0.575127 0.575127 0.575127 0.575127 0.575127 0.575127 0.525730 0.0594043 0.0573333 0.0573333 0.0573333 0.0573333 0.0773421 0.153241 0.232286 0.311512 0.390648 0.469784 0.506969 0.506969 0.506969 0.506969 0.506969 0.00000 0.00000 0.00000 0.00000 0.00000 0.00000 0.00000 0.00000 0.00000
0.873430 0.873430 0.873430 0.873430 0.873430 0.873430 0.00000 0.00000 1.88852 1.88852 1.88852 1.88852 1.88852 1.88852 1.88852 1.88852 1.88852 1.88852 1.88852 1.88852 1.88852 1.88852 1.88852 1.88852 1.88852 0.898812 0.575127 0.575127 0.575127 0.575127 0.575127 0.575127 0.575127 0.575127 0.575127 0.575127 0.575127 0.575127 0.575127 0.575127 0.582723 0.228200 0.207107 0.286243 0.365334 0.444514 0.503686 0.506969 0.506969 0.506969 0.506969 0.506969 0.506969 0.506969 0.506969 0.506969 0.506969 0.00000 0.00000 0.00000 0.00000 0.00000 0.00000 0.00000 0.00000 0.00000
0.873430 0.00000 0.00000 0.00000 0.00000 0.00000 0.00000 0.00000 0.00000 1.88852 1.88852 1.88852 1.88852 1.88852 1.88852 1.88852 1.88852 1.88852 1.88852 1.88852 1.88852 1.88852 1.88852 1.88852 1.88852 1.26420 0.575127 0.575127 0.575127 0.575127 0.575127 0.575127 0.575127 0.575127 0.575127 0.616783 0.727172 0.838846 0.950460 1.06183 1.16566 0.820379 0.506969 0.506969 0.506969 0.506969 0.506969 0.506969 0.506969 0.506969 0.506969 0.506969 0.506969 0.506969 0.506969 0.506969 0.506969 0.506969 0.00000 0.00000 0.00000 0.00000 0.00000 0.00000 0.00000 0.00000
0.00000 0.00000 0.00000 0.00000 0.00000 0.00000 0.00000 0.00000 0.00000 1.88852 1.88852 1.88852 1.88852 1.88852 1.88852 1.88852 1.88852 1.88852 1.88852 1.88852 1.88852 1.88852 1.88852 1.88852 1.88852 1.62962 0.575127 0.575127 0.575127 0.582356 0.671487 0.782856 0.894224 1.00559 1.11696 1.18674 1.18772 1.18772 1.18772 1.18772 1.18772 1.00762 0.506969 0.506969 0.506969 0.506969 0.506969 0.506969 0.506969 0.506969 0.506969 0.506969 0.506969 0.506969 0.506969 0.506969 0.506969 0.506969 0.00000 0.00000 0.00000 0.00000 0.00000 0.00000 0.00000 0.00000
0.00000 0.00000 0.00000 0.00000 0.00000 0.00000 0.00000 0.00000 0.00000 1.88852 1.88852 1.88852 1.88852 1.88852 1.88852 1.88852 1.88852 1.88852 1.88852 1.88852 1.88852 1.88852 1.88852 1.88852 1.85990 1.76399 0.886915 0.949357 1.06073 1.16493 1.18772 1.18772 1.18772 1.18772 1.18772 1.18772 1.18772 1.18772 1.18772 1.18772 1.18772 1.16777 0.534062 0.506969 0.506969 0.506969 0.506969 0.506969 0.506969 0.506969 0.506969 0.506969 0.506969 0.506969 0.506969 0.506969 0.506969 0.506969 0.00000 0.00000 0.00000 0.00000 0.00000 0.00000 0.00000 0.00000
0.00000 0.00000 0.00000 0.00000 0.00000 0.00000 0.00000 0.00000 0.00000 1.88852 1.88852 1.88852 1.88852 1.88852 1.88852 1.88852 1.88852 1.88852 1.88780 1.83228 1.74253 1.65263 1.56274 1.47294 1.41172 1.40986 1.26736 1.18772 1.18772 1.18772 1.18772 1.18772 1.18772 1.18772 1.18772 1.18772 1.18772 1.18772 1.18772 1.18772 1.18772 1.18772 0.701322 0.506969 0.506969 0.506969 0.506969 0.506969 0.506969 0.506969 0.506969 0.506969 0.506969 0.506969 0.506969 0.506969 0.506969 0.506969 0.506969 0.00000 0.00000 0.00000 0.00000 0.00000 0.00000 0.00000
0.00000 0.00000 0.00000 0.00000 0.00000 0.00000 0.00000 0.00000 0.00000 0.00000 1.88852 1.88852 1.88852 1.87933 1.80294 1.71299 1.62315 1.53345 1.44418 1.40986 1.40986 1.40986 1.40986 1.40986 1.40986 1.40986 1.32910 1.18772 1.18772 1.18772 1.18772 1.18772 1.18772 1.18772 1.18772 1.18772 1.18772 1.18772 1.18772 1.18772 1.18772 1.18772 0.888527 0.506969 0.506969 0.506969 0.506969 0.506969 0.506969 0.506969 0.506969 0.506969 0.506969 0.506969 0.506969 0.513456 0.528459 0.543496 0.566602 0.00000 0.00000 0.00000 0.00000 0.00000 0.00000 0.00000
0.00000 0.00000 0.00000 0.00000 0.00000 0.00000 0.00000 0.00000 0.919458 0.919458 1.34005 1.59385 1.50387 1.42326 1.40986 1.40986 1.40986 1.40986 1.40986 1.40986 1.40986 1.40986 1.40986 1.40986 1.40986 1.40986 1.38973 1.18885 1.18772 1.18772 1.18772 1.18772 1.18772 1.18772 1.18772 1.18772 1.18772 1.18772 1.18772 1.18772 1.18772 1.18772 1.07573 0.506969 0.506969 0.506969 0.506969 0.506969 0.506969 0.509688 0.523540 0.538586 0.553589 0.568626 0.583663 0.592178 0.592212 0.592212 0.592212 0.00000 0.00000 0.00000 0.00000 0.00000 0.00000 0.00000
0.00000 0.00000 0.00000 0.919458 0.919458 0.919458 0.919458 0.919458 0.919458 0.919458 0.954718 1.40427 1.40986 1.40986 1.40986 1.40986 1.40986 1.40986 1.40986 1.40986 1.40986 1.40986 1.40986 1.40986 1.40986 1.40986 1.40986 1.23041 1.18772 1.18772 1.18772 1.18772 1.18772 1.18772 1.18772 1.18772 1.18772 1.18772 1.18772 1.18772 1.18772 1.18772 1.18683 0.583647 0.518621 0.533676 0.548670 0.563707 0.578752 0.591028 0.592212 0.592212 0.592212 0.592212 0.592212 0.592212 0.592212 0.592212 0.592212 0.00000 0.00000 0.00000 0.00000 0.00000 0.00000 0.00000
0.919458 0.919458 0.919458 0.919458 0.919458 0.919458 0.919458 0.919458 0.919458 0.919458 0.919458 1.30194 1.40986 1.40986 1.40986 1.40986 1.40986 1.40986 1.40986 1.40986 1.40986 1.40986 1.40986 1.40986 1.40986 1.40986 1.40986 1.29212 1.18772 1.18772 1.18772 1.18772 1.18772 1.18772 1.18772 1.18772 1.18772 1.18772 1.22108 1.32837 1.43843 1.54813 1.65837 1.03579 0.592212 0.592212 0.592212 0.592212 0.592212 0.592212 0.592212 0.592212 0.592212 0.592212 0.592212 0.592212 0.592212 0.592212 0.592212 0.592212 0.00000 0.00000 0.00000 0.00000 0.00000 0.00000
0.919458 0.919458 0.919458 0.919458 0.919458 0.919458 0.919458 0.919458 0.919458 0.919458 0.919458 1.16439 1.40986 1.40986 1.40986 1.40986 1.40986 1.40986 1.40986 1.40986 1.40986 1.40986 1.40986 1.40986 1.40986 1.40986 1.40986 1.35383 1.18772 1.18772 1.18772 1.18772 1.19170 1.27219 1.38219 1.49213 1.60195 1.71214 1.78847 1.79112 1.79112 1.79112 1.79112 1.38178 0.592212 0.592212 0.592212 0.592212 0.592212 0.592212 0.592212 0.592212 0.592212 0.592212 0.592212 0.592212 0.592212 0.592212 0.592212 0.592212 0.00000 0.00000 0.00000 0.00000 0.00000 0.00000
0.919458 0.919458 0.919458 0.919458 0.919458 0.919458 0.919458 0.919458 0.919458 0.919458 0.919458 1.02684 1.40986 1.40986 1.40986 1.40986 1.40986 1.40986 1.40986 1.40986 1.40986 1.40986 1.40986 1.40986 1.40986 1.40986 1.40986 1.40445 1.32196 1.43596 1.54590 1.65572 1.76192 1.79112 1.79112 1.79112 1.79112 1.79112 1.79112 1.79112 1.79112 1.79112 1.79112 1.69953 0.602642 0.592212 0.592212 0.592212 0.592212 0.592212 0.592212 0.592212 0.592212 0.592212 0.592212 0.592212 0.592212 0.592212 0.592212 0.592212 0.00000 0.00000 0.00000 0.00000 0.00000 0.00000
0.919458 0.919458 0.919458 0.919458 0.919458 0.919458 0.919458 0.919458 0.919458 0.919458 0.919458 0.924853 1.37425 1.40986 1.40986 1.40986 1.40986 1.40986 1.40986 1.40986 1.40986 1.40986 1.40986 1.40986 1.40986 1.40986 1.40986 1.40986 1.79112 1.79112 1.79112 1.79112 1.79112 1.79112 1.79112 1.79112 1.79112 1.79112 1.79112 1.79112 1.79112 1.79112 1.79112 1.79112 0.839043 0.592212 0.592212 0.592212 0.592212 0.592212 0.592212 0.592212 0.592212 0.592212 0.592212 0.592212 0.592212 0.592212 0.592212 0.592212 0.00000 0.00000 0.00000 0.00000 0.00000 0.00000
0.919458 0.919458 0.919458 0.919458 0.919458 0.919458 0.919458 0.919458 0.919458 0.919458 0.919458 0.919458 1.24206 1.40986 1.40986 1.40986 1.40986 1.40986 1.40986 1.40986 1.40986 1.40986 0.00000 0.00000 0.00000 0.00000 0.00000 0.00000 1.79112 1.79112 1.79112 1.79112 1.79112 1.79112 1.79112 1.79112 1.79112 1.79112 1.79112 1.79112 1.79112 1.79112 1.79112 1.79112 1.16697 0.592212 0.592212 0.592212 0.592212 0.592212 0.592212 0.592212 0.592212 0.592212 0.592212 0.592212 0.592212 0.592212 0.592212 0.592212 0.592212 0.00000 0.00000 0.00000 0.00000 0.00000
0.919458 0.919458 0.919458 0.919458 0.919458 0.919458 0.919458 0.919458 0.919458 0.919458 0.919458 0.912276 1.05088 1.40986 1.40986 1.40986 1.40986 0.00000 0.00000 0.00000 0.00000 0.00000 0.00000 0.00000 0.00000 0.00000 0.00000 0.00000 1.79112 1.79112 1.79112 1.79112 1.79112 1.79112 1.79112 1.79112 1.79112 1.79112 1.79112 1.79112 1.79112 1.79112 1.79112 1.79112 1.49514 0.592212 0.592212 0.592212 0.592212 0.592212 0.592212 0.592212 0.592212 0.592212 0.592212 0.592212 0.592212 0.592212 0.592212 0.00000 0.00000 0.00000 0.00000 0.00000 0.00000 0.00000
0.919458 0.919458 0.919458 0.919458 0.919458 0.919458 0.908154 0.875026 0.841375 0.807707 0.774057 0.747571 0.745554 0.745554 0.00000 0.00000 0.00000 0.00000 0.00000 0.00000 0.00000 0.00000 0.00000 0.00000 0.00000 0.00000 0.00000 0.00000 1.79112 1.79112 1.79112 1.79112 1.79112 1.79112 1.79112 1.79112 1.79112 1.79112 1.79112 1.79112 1.79112 1.79112 1.79112 1.79112 1.76451 0.650719 0.592212 0.592212 0.592212 0.592212 0.592212 0.592212 0.592212 0.00000 0.00000 0.00000 0.00000 0.00000 0.00000 0.00000 0.00000 0.00000 0.00000 0.00000 0.00000 0.00000
0.919458 0.903024 0.869374 0.835689 0.802067 0.768457 0.746076 0.745554 0.745554 0.745554 0.745554 0.745554 0.745554 0.745554 0.00000 0.00000 0.00000 0.00000 0.00000 0.00000 0.00000 0.00000 0.00000 0.00000 0.00000 0.00000 0.00000 0.00000 0.00000 1.79112 1.79112 1.79112 1.79112 1.79112 1.79112 1.79112 1.79112 1.79112 1.79112 1.79112 1.79112 1.79112 1.79112 1.79112 1.79112 0.907150 0.592212 0.00000 0.00000 0.00000 0.00000 0.00000 0.00000 0.00000 0.00000 0.00000 0.00000 0.00000 0.00000 0.00000 0.00000 0.00000 0.00000 0.00000 0.00000 0.00000
0.762771 0.745554 0.745554 0.745554 0.745554 0.745554 0.745554 0.745554 0.745554 0.745554 0.745554 0.745554 0.745554 0.745554 0.00000 0.00000 0.00000 0.00000 0.00000 0.00000 0.00000 0.00000 0.00000 0.00000 0.00000 0.00000 0.00000 0.00000 0.00000 1.79112 1.79112 1.79112 1.79112 1.79112 1.79112 1.79112 1.79112 1.79112 1.79112 1.79112 1.79112 1.79112 0.00000 0.00000 0.00000 0.00000 0.00000 0.00000 0.00000 0.00000 0.00000 0.00000 0.00000 0.00000 0.00000 0.00000 0.00000 0.00000 0.00000 0.00000 0.00000 0.00000 0.00000 0.00000 0.00000 0.00000
0.745554 0.745554 0.745554 0.745554 0.745554 0.745554 0.745554 0.745554 0.745554 0.745554 0.745554 0.745554 0.745554 0.745554 0.00000 0.00000 0.00000 0.00000 0.00000 0.00000 0.00000 0.00000 0.00000 0.00000 0.00000 0.00000 0.00000 0.00000 0.00000 1.79112 1.79112 1.79112 1.79112 1.79112 1.79112 1.79112 0.00000 0.00000 0.00000 0.00000 0.00000 0.00000 0.00000 0.00000 0.00000 0.00000 0.00000 0.00000 0.00000 0.00000 0.00000 0.00000 0.00000 0.00000 0.00000 0.00000 0.00000 0.00000 0.00000 0.00000 0.00000 0.00000 0.00000 0.00000 0.00000 0.00000
0.745554 0.745554 0.745554 0.745554 0.745554 0.745554 0.745554 0.745554 0.745554 0.745554 0.745554 0.745554 0.745554 0.745554 0.745554 0.00000 0.00000 0.00000 0.00000 0.00000 0.00000 0.00000 0.00000 0.00000 0.00000 0.574384 0.574384 0.574384 0.574384 0.574384 0.598020 0.00000 0.00000 0.00000 0.00000 0.00000 0.00000 0.00000 0.00000 0.00000 0.00000 0.00000 0.00000 0.00000 0.00000 0.00000 0.00000 0.00000 0.00000 0.00000 0.00000 0.00000 0.00000 0.00000 0.00000 0.00000 0.00000 0.00000 0.00000 0.00000 0.00000 0.00000 0.00000 0.00000 0.00000 0.00000
0.745554 0.745554 0.745554 0.745554 0.745554 0.745554 0.745554 0.745554 0.745554 0.745554 0.745554 0.745554 0.745554 0.745554 0.745554 0.00000 0.00000 0.00000 0.00000 0.574384 0.574384 0.574384 0.574384 0.574384 0.574384 0.574384 0.574384 0.574384 0.574384 0.574384 0.574384 0.00000 0.00000 0.00000 0.00000 0.00000 0.00000 0.00000 0.00000 0.00000 0.00000 0.00000 0.00000 0.00000 0.00000 0.00000 0.00000 0.00000 0.00000 0.00000 0.00000 0.00000 0.00000 0.00000 0.00000 0.00000 0.00000 0.00000 0.00000 0.00000 0.00000 0.00000 0.00000 0.00000 0.00000 0.00000
0.745554 0.745554 0.745554 0.745554 0.745554 0.745554 0.745554 0.745554 0.745554 0.745554 0.745554 0.745554 0.745554 0.745554 0.749264 0.574384 0.574384 0.574384 0.574384 0.574384 0.574384 0.574384 0.574384 0.574384 0.574384 0.574384 0.574384 0.574384 0.574384 0.574384 0.574384 0.00000 0.00000 0.00000 0.00000 0.00000 0.00000 0.00000 0.00000 0.00000 0.00000 0.00000 0.00000 0.00000 0.00000 0.00000 0.00000 0.00000 0.00000 0.00000 0.00000 0.00000 0.00000 0.00000 0.00000 0.00000 0.00000 0.00000 0.00000 0.00000 0.00000 0.00000 0.00000 0.00000 0.00000 0.00000
0.745554 0.745554 0.745554 0.745554 0.745554 0.745554 0.745554 0.745554 0.745554 0.780547 0.882584 0.986332 1.08997 1.19362 1.17478 0.574384 0.574384 0.574384 0.574384 0.574384 0.574384 0.574384 0.574384 0.574384 0.574384 0.574384 0.574384 0.574384 0.574384 0.574384 0.574384 0.574384 0.00000 0.00000 0.00000 0.00000 0.00000 0.00000 0.00000 0.00000 0.00000 0.00000 0.00000 0.00000 0.00000 0.00000 0.00000 0.00000 0.00000 0.00000 0.00000 0.00000 0.00000 0.00000 0.00000 0.00000 0.00000 0.00000 0.00000 0.00000 0.00000 0.00000 0.00000 0.00000 0.00000 0.00000
0.745554 0.745554 0.745554 0.745554 0.795636 0.899224 1.00297 1.10661 1.21031 1.27901 1.28062 1.28062 1.28062 1.28062 1.28062 0.670794 0.574384 0.574384 0.574384 0.574384 0.574384 0.574384 0.574384 0.574384 0.574384 0.574384 0.574384 0.574384 0.574384 0.574384 0.574384 0.574384 0.00000 0.00000 0.00000 0.00000 0.00000 0.00000 0.00000 0.00000 0.00000 0.00000 0.00000 0.00000 0.00000 0.00000 0.00000 0.00000 0.00000 0.00000 0.00000 0.00000 0.00000 0.00000 0.00000 0.00000 0.00000 0.00000 0.00000 0.00000 0.00000 0.00000 0.00000 0.00000 0.00000 0.00000
0.915864 1.01967 1.12325 1.22695 1.28062 1.28062 1.28062 1.28062 1.28062 1.28062 1.28062 1.28062 1.28062 1.28062 1.28062 0.867317 0.574384 0.574384 0.574384 0.574384 0.574384 0.574384 0.574384 0.574384 0.574384 0.574384 0.574384 0.574384 0.574384 0.574384 0.574384 0.574384 0.00000 0.00000 0.00000 0.00000 0.00000 0.00000 0.00000 0.00000 0.00000 0.00000 0.00000 0.00000 0.00000 0.00000 0.00000 0.00000 0.00000 0.00000 0.00000 0.00000 0.00000 0.00000 0.00000 0.00000 0.00000 0.00000 0.00000 0.00000 0.00000 0.00000 0.00000 0.00000 0.00000 0.00000
1.28062 1.28062 1.28062 1.28062 1.28062 1.28062 1.28062 1.28062 1.28062 1.28062 1.28062 1.28062 1.28062 1.28062 1.28062 1.06383 0.574384 0.574384 0.574384 0.574384 0.574384 0.574384 0.574384 0.574384 0.574384 0.574384 0.574384 0.574384 0.574384 0.574384 0.574384 0.574384 0.574384 0.00000 0.00000 0.00000 0.00000 0.00000 0.00000 0.00000 0.00000 0.00000 0.00000 0.00000 0.00000 0.00000 0.00000 0.00000 0.00000 0.00000 0.00000 0.00000 0.00000 0.00000 0.00000 0.00000 0.00000 0.00000 0.00000 0.00000 0.00000 0.00000 0.00000 0.00000 0.00000 0.00000
1.28062 1.28062 1.28062 1.28062 1.28062 1.28062 1.28062 1.28062 1.28062 1.28062 1.28062 1.28062 1.28062 1.28062 1.28062 1.24481 0.589780 0.574384 0.574384 0.574384 0.574384 0.574384 0.574384 0.574384 0.574384 0.574384 0.574384 0.574384 0.533759 0.453111 0.372162 0.291428 0.184972 0.00000 0.00000 0.00000 0.00000 0.00000 0.00000 0.00000 0.00000 0.00000 0.00000 0.00000 0.00000 0.00000 0.00000 0.00000 0.00000 0.00000 0.00000 0.00000 0.00000 0.00000 0.00000 0.00000 0.00000 0.00000 0.00000 0.00000 0.00000 0.00000 0.00000 0.00000 0.00000 0.00000
1.28062 1.28062 1.28062 1.28062 1.28062 1.28062 1.28062 1.28062 1.28062 1.28062 1.28062 1.28062 1.28062 1.28062 1.28062 1.28062 0.750465 0.574384 0.574384 0.574384 0.574384 0.574384 0.569908 0.507120 0.426472 0.345781 0.264876 0.184099 0.144033 0.144033 0.144033 0.144033 0.144033 0.00000 0.00000 0.00000 0.00000 0.00000 0.00000 0.00000 0.00000 0.00000 0.00000 0.00000 0.00000 0.00000 0.00000 0.00000 0.00000 0.00000 0.00000 0.00000 0.00000 0.00000 0.00000 0.00000 0.00000 0.00000 0.00000 0.00000 0.00000 0.00000 0.00000 0.00000 0.00000 0.00000
1.26277 1.28062 1.28062 1.28062 1.28062 1.28062 1.28062 1.28062 1.28062 1.28062 1.28062 1.28062 1.28062 1.28062 1.28062 1.28062 0.946959 0.556825 0.480653 0.399833 0.319143 0.238452 0.162065 0.144033 0.144033 0.144033 0.144033 0.144033 0.144033 0.144033 0.144033 0.144033 0.144033 0.00000 0.00000 0.00000 0.00000 0.00000 0.00000 0.00000 0.00000 0.00000 0.00000 0.00000 0.00000 0.00000 0.00000 0.00000 0.00000 0.00000 0.00000 0.00000 0.00000 0.00000 0.00000 0.00000 0.00000 0.00000 0.00000 0.00000 0.00000 0.00000 0.00000 0.00000 0.00000 0.00000
