High_resolution/powerplant/Fengdu/OMI_NO2_200610.asc
ncols      200
nrows      200
xllcorner       105.978
yllcorner       28.1831
cellsize     0.0166667
NODATA_Value      -999.000
[rows 0 to 28 of 200, columns 0 to 64 of 200]
0.00000 0.00000 0.00000 0.193782 0.193782 0.193782 0.193782 0.228153 0.330960 0.535495 0.835974 0.908357 0.756710 0.819802 0.876626 0.927953 0.974489 1.01707 1.05605 1.25212 1.95062 1.95062 1.95062 1.95062 1.95062 1.92758 1.85330 1.77041 1.59191 1.56572 1.54383 1.52530 1.51483 1.51321 1.33930 1.32486 1.32002 1.31929 1.31929 1.31929 1.31929 1.31929 1.31929 1.31929 1.31929 1.31929 1.28353 1.22195 1.22195 1.48914 1.62551 1.66686 1.78919 1.80938 1.81891 1.82675 1.82263 1.80615 1.79047 1.77565 1.76556 1.62665 1.60095 1.60095 1.53937
1.55457 1.57475 1.58838 1.59753 1.06691 1.07096 1.10825 1.14355 1.16903 1.18385 1.48703 1.47150 1.07516 1.07220 1.07220 1.07220 1.07220 1.07220 1.07577 1.12973 1.79704 1.74981 1.70886 1.67472 1.64590 1.62711 1.62610 1.62604 1.52581 1.51465 1.51465 1.51465 1.51465 1.51465 1.38804 1.32486 1.32126 1.31929 1.31929 1.31929 1.31929 1.30777 1.27803 1.25000 1.22374 1.19908 1.19176 1.16154 1.19438 1.32733 1.50243 1.52828 1.70719 1.76535 1.76535 1.76535 1.76535 1.76246 1.73153 1.69543 1.66160 1.53638 1.41977 1.39037 1.35142
1.52078 1.51256 1.50873 1.50536 1.24477 1.14644 1.15207 1.15734 1.16248 1.16742 1.35813 1.40771 1.18849 1.14945 1.16420 1.17737 1.09550 1.06763 1.07591 1.05975 1.36225 1.62610 1.62610 1.62610 1.62610 1.62610 1.62610 1.62610 1.55147 1.51465 1.51465 1.51465 1.50973 1.49976 1.42370 1.32382 1.20140 1.16901 1.14763 1.12744 1.10834 1.09673 1.09656 1.09656 1.22796 1.30825 1.32884 1.27581 1.27056 1.30210 1.51805 1.52552 1.58770 1.64830 1.61727 1.58801 1.56036 1.53607 1.53123 1.53123 1.53123 1.48630 1.34940 1.34940 1.34488
1.43992 1.44326 1.44355 1.44355 1.33257 1.19557 1.20109 1.20637 1.21136 1.21609 1.31312 1.38755 1.28223 1.19814 1.19814 1.19814 1.22992 1.25128 1.06125 1.05278 1.21728 1.62610 1.62610 1.62038 1.60480 1.59049 1.57758 1.56583 1.51748 1.46309 1.45733 1.45199 1.44926 1.44926 1.43180 1.32273 1.16132 1.09528 1.09656 1.09656 1.09656 1.09656 1.09656 1.09394 1.21356 1.33042 1.33111 1.28638 1.26393 1.26242 1.52727 1.56862 1.45204 1.53123 1.53123 1.53123 1.53123 1.51707 1.47664 1.43561 1.39461 1.34719 1.08740 1.02478 0.982017
1.44355 1.44355 1.44355 1.44355 1.40098 1.22605 1.22611 1.22611 1.22611 1.22611 1.27769 1.38756 1.40299 1.49563 1.68608 1.87190 1.99899 1.88943 1.13856 1.15603 1.21583 1.53284 1.52894 1.52369 1.52356 1.52356 1.52356 1.52356 1.50810 1.44926 1.44926 1.44926 1.44926 1.44926 1.44926 1.33874 1.23224 1.07350 1.07663 1.06737 1.05733 1.04645 1.03455 1.02621 1.09143 1.33417 1.33417 1.30089 1.26116 1.26251 1.44206 1.50471 1.37721 1.41397 1.39138 1.36186 1.33225 1.31683 1.32767 1.33911 1.35057 1.36199 1.22888 1.16648 1.17680
1.44355 1.44355 1.44355 1.44355 1.44196 1.24613 1.22962 1.24253 1.32935 1.51622 1.70270 1.99211 2.08088 2.05844 2.07107 2.07398 2.08023 2.13709 1.35930 1.22993 1.22168 1.47783 1.52356 1.52356 1.52356 1.52356 1.52356 1.52356 1.52218 1.45233 1.44926 1.44926 1.44926 1.44926 1.44926 1.37223 1.29815 1.00626 0.985481 0.967102 0.948819 0.930416 0.914633 0.933945 0.964693 1.27920 1.33366 1.41241 1.66463 1.71419 1.61522 1.39648 1.35465 1.35112 1.39352 1.39352 1.39352 1.39352 1.39352 1.39352 1.39352 1.39352 1.31668 1.17726 1.18469
1.44355 1.44355 1.44355 1.44355 1.55051 1.62688 1.74136 1.88808 1.97202 1.97284 1.97284 2.09047 2.11121 2.07845 2.07398 2.07398 2.07398 2.13155 1.67533 1.22993 1.21717 1.41200 1.52356 1.52430 1.53044 1.53763 1.54480 1.55200 1.55918 1.39749 1.31222 1.29396 1.27558 1.25725 1.23892 1.18055 1.12595 0.932879 0.926158 0.974900 1.02378 1.07256 1.11890 1.13008 1.13008 1.31153 1.41220 1.42124 1.72032 1.72933 1.70076 1.39806 1.39345 1.32111 1.39352 1.39352 1.39352 1.39352 1.39352 1.37677 1.33907 1.29805 1.24567 1.24043 1.24542
1.55051 1.79234 2.00898 2.20328 2.30970 2.12998 1.97284 1.97284 1.97284 1.97284 1.97284 2.05852 2.11384 2.09129 2.08520 2.08879 2.09239 2.14063 1.98444 1.27371 1.27215 1.40303 1.60347 1.60992 1.61097 1.61097 1.61097 1.61097 1.61129 1.40792 1.21820 1.22485 1.23149 1.23814 1.24479 1.26569 1.42585 1.25873 1.13008 1.13008 1.13008 1.13008 1.13008 1.13008 1.13008 1.22585 1.41220 1.41220 1.65706 1.72933 1.72933 1.45660 1.39648 1.31842 1.37668 1.33522 1.28949 1.23984 1.18491 1.15164 1.14664 1.14163 1.13663 1.19831 1.20716
2.30890 2.30374 2.28413 2.26342 2.24270 2.14433 1.89479 1.88001 1.86521 1.85044 1.83564 1.89378 1.99948 2.04370 2.11769 2.11769 2.11769 2.14870 2.18411 1.39070 1.29410 1.34925 1.61562 1.62228 1.62892 1.63556 1.64221 1.64886 1.65517 1.54219 1.25192 1.25192 1.25192 1.25192 1.25192 1.25192 1.39438 1.33178 1.13008 1.13008 1.13008 1.13008 1.13008 1.13008 1.13008 1.15120 1.42838 1.45603 1.64659 1.79901 1.79363 1.57592 1.37841 1.25319 1.12889 1.12787 1.12787 1.12787 1.12787 1.12787 1.12787 1.13478 1.15376 1.21798 1.26841
2.10010 2.08903 2.09113 2.09000 2.08792 2.07944 1.85000 1.83589 1.83136 1.83198 1.83346 1.86282 2.02751 2.05020 2.15718 2.16716 2.19118 2.23832 2.35567 1.92066 1.57670 1.47212 1.65538 1.65674 1.65674 1.65674 1.65674 1.65674 1.65674 1.63245 1.25560 1.25192 1.25192 1.25192 1.25192 1.25205 1.35886 1.43116 1.19678 1.21956 1.24350 1.26745 1.29136 1.31525 1.33918 1.35248 1.45146 1.43860 1.51459 1.77541 1.77534 1.64404 1.33154 1.29170 1.14707 1.16183 1.18297 1.20574 1.23030 1.25698 1.28598 1.30531 1.30557 1.32124 1.36011
2.15748 2.14930 2.14194 2.13937 2.13810 2.13684 1.95230 1.88308 1.88368 1.89968 1.91903 1.93873 2.13153 2.16969 2.33062 2.35479 2.35502 2.36043 2.50191 2.23680 1.68615 1.57684 1.61988 1.65674 1.65674 1.65674 1.65674 1.66501 1.68199 1.69903 1.38455 1.32815 1.34519 1.36217 1.37916 1.39603 1.45218 1.57724 1.39144 1.35251 1.35251 1.35251 1.35251 1.35251 1.35251 1.35251 1.35251 1.35251 1.39052 1.77475 1.77534 1.75231 1.33949 1.33154 1.31831 1.30557 1.30557 1.30557 1.30557 1.30557 1.30831 1.34967 1.40330 1.45732 1.51377
2.13450 2.13450 2.14483 2.16554 2.18526 2.20404 2.10344 1.97816 1.99778 2.00898 2.00898 2.00898 2.13816 2.20008 2.30665 2.27622 2.12028 1.94989 1.79952 1.71452 1.74136 1.71205 1.65956 1.74749 1.76448 1.78145 1.79850 1.80720 1.80720 1.80720 1.56965 1.40237 1.40237 1.40237 1.40237 1.40237 1.41005 1.57306 1.44708 1.35251 1.35251 1.35251 1.35251 1.35251 1.35251 1.35251 1.35251 1.35251 1.35251 1.71636 1.77534 1.77534 1.43257 1.34555 1.39020 1.41489 1.45308 1.49133 1.52947 1.56768 1.60312 1.60002 1.58456 1.56909 1.54831
2.22946 2.24622 2.25465 2.25465 2.25465 2.25465 2.21129 1.99540 1.99673 2.00896 2.01937 1.96264 1.92559 1.91045 1.80710 1.79196 1.81794 1.84545 1.91438 1.95872 1.95872 1.95190 1.74484 1.80720 1.80720 1.80720 1.80720 1.80720 1.80720 1.80720 1.66365 1.40237 1.40237 1.40237 1.40237 1.40237 1.40237 1.53440 1.50273 1.35251 1.35251 1.35100 1.34703 1.34302 1.33901 1.33500 1.30532 1.23658 1.16747 1.30068 1.33243 1.25188 1.34220 1.52311 1.50879 1.47879 1.47823 1.47823 1.47823 1.47823 1.47823 1.47823 1.47823 1.47823 1.48298
2.25465 2.25419 2.23683 2.21181 2.18759 2.16441 2.14033 2.02115 1.91513 1.76639 1.57621 1.48317 1.53835 1.75072 1.77602 1.87078 1.87078 1.87078 1.89837 1.95872 1.95872 1.95872 1.78932 1.80722 1.80720 1.80720 1.80720 1.80720 1.81386 1.83196 1.79845 1.38792 1.38393 1.37991 1.37591 1.37189 1.36789 1.44958 1.51513 1.27254 1.20270 1.13515 1.07001 1.00496 0.939900 0.874844 0.835420 0.835095 0.835095 0.936799 1.08636 1.08636 1.19082 1.50420 1.50420 1.48408 1.47823 1.47823 1.47823 1.47823 1.47823 1.47823 1.47823 1.47823 1.47910
2.09832 2.07831 2.07142 2.00380 1.88055 1.74810 1.60669 1.54022 1.55264 1.51591 1.48317 1.48317 1.48767 1.73860 1.75435 1.86747 1.87770 1.89140 1.91777 2.03487 2.07692 2.11524 2.05213 2.06950 2.05666 1.98105 1.99937 2.01768 2.02929 2.02946 2.02940 1.42339 1.35345 1.36257 1.37172 1.38085 1.39001 1.34776 1.09071 0.871869 0.835095 0.835095 0.835095 0.835095 0.835095 0.835095 0.835095 0.835095 0.835095 0.879541 1.08636 1.08636 1.09785 1.48832 1.50420 1.49042 1.47823 1.47823 1.48088 1.49574 1.51314 1.53185 1.55205 1.57391 1.59760
1.87917 1.74673 1.60534 1.54227 1.54449 1.56054 1.58277 1.60739 1.65510 1.67108 1.67236 1.70551 1.74323 1.90313 1.97415 2.06755 2.10873 2.12332 2.13771 2.26836 2.27849 2.27849 2.24097 2.17385 2.15715 2.03412 2.04160 2.05075 2.05989 2.06903 2.07817 1.63815 1.41219 1.41220 1.41220 1.41220 1.41220 1.40631 1.07903 0.927482 0.835095 0.835095 0.835095 0.835095 0.835095 0.835095 0.835095 0.835095 0.835095 0.832278 1.06997 1.08544 1.08502 1.44812 1.60532 1.62571 1.64723 1.67775 1.70545 1.70848 1.70848 1.70848 1.70848 1.70848 1.70848
1.70768 1.73132 1.75497 1.77865 1.80008 1.80763 1.80010 1.78606 1.81824 1.80104 1.93871 1.95745 1.96844 2.01534 2.05542 2.08089 2.10471 2.09471 2.08240 2.17318 2.20859 2.18573 2.16220 2.18469 2.20740 2.12214 2.09234 2.09234 2.09234 2.09234 2.09234 1.80019 1.41220 1.41220 1.41220 1.41220 1.41220 1.41220 1.16600 0.982882 0.827267 0.816962 0.805844 0.793791 0.780679 0.766404 0.750758 0.783056 0.788998 0.704819 0.976545 1.08172 1.08172 1.37492 1.70848 1.70848 1.70848 1.70848 1.70848 1.70848 1.70848 1.70848 1.70848 1.70848 1.70848
1.72448 1.70231 1.68028 1.65813 1.63604 1.61397 1.60091 1.59372 1.59909 1.59746 1.76205 1.80748 1.79203 1.79838 1.85406 1.84760 1.85033 1.83398 1.81995 1.92612 2.05485 2.05485 2.05485 2.15160 2.21225 2.15679 2.09234 2.09234 2.09234 2.09234 2.09212 1.94503 1.38050 1.36131 1.34207 1.32289 1.30368 1.28444 1.11191 0.882478 0.705263 0.704819 0.741506 0.859616 0.961958 1.04852 1.12255 1.16221 1.05735 0.704819 0.890665 1.08172 1.08172 1.21152 1.70848 1.70848 1.70848 1.70848 1.70848 1.70848 1.70848 1.70848 1.70848 1.70848 1.70858
1.55777 1.55777 1.55777 1.55777 1.55777 1.55416 1.53949 1.52408 1.51773 1.51244 1.60992 1.70898 1.70412 1.70887 1.79864 1.80121 1.81807 1.81815 1.81815 1.87754 2.05485 2.05485 2.03575 2.03778 2.17277 2.13243 2.00609 1.98685 1.96764 1.94847 1.92944 1.91243 1.27466 1.24235 1.24235 1.24235 1.24235 1.25133 1.24305 1.03785 1.04739 1.11108 1.16022 1.16255 1.16255 1.16255 1.16255 1.16255 1.14889 0.725446 0.804775 1.08172 1.08172 1.08887 1.66786 1.70848 1.70849 1.70867 1.70892 1.70916 1.70745 1.70395 1.70046 1.69696 1.69337
1.53293 1.51752 1.50208 1.48666 1.47122 1.45942 1.45864 1.45864 1.46661 1.48050 1.53142 1.70412 1.70412 1.70304 1.75947 1.75143 1.72821 1.69937 1.67126 1.65532 1.77343 1.74019 1.72041 1.72512 1.99389 2.08051 1.92955 1.92250 1.92250 1.92250 1.92250 1.92250 1.42509 1.29104 1.33899 1.38149 1.43136 1.47938 1.50022 1.30635 1.31496 1.21179 1.16255 1.16255 1.16255 1.16255 1.17693 1.20198 1.22713 1.00700 1.02723 1.32349 1.44810 1.57514 1.69690 1.67252 1.66901 1.66532 1.66159 1.65785 1.65607 1.65607 1.65607 1.65607 1.65607
1.45864 1.45864 1.45864 1.45864 1.45864 1.45937 1.46416 1.46957 1.47628 1.39699 1.38117 1.54804 1.53901 1.52008 1.56186 1.59736 1.58675 1.57872 1.57872 1.57872 1.69730 1.72019 1.72019 1.72019 1.91195 2.08463 1.97522 1.92250 1.92250 1.92478 1.93016 1.94648 1.73916 1.54726 1.57820 1.60718 1.62842 1.64345 1.65858 1.53733 1.49393 1.47455 1.42831 1.53443 1.64677 1.75894 1.85696 1.94409 2.03122 2.11208 2.13795 1.99292 1.95900 1.95900 1.83017 1.65607 1.65607 1.65607 1.65607 1.65607 1.65607 1.65607 1.65607 1.65607 1.65607
1.47504 1.48044 1.48586 1.49126 1.49668 1.50131 1.50192 1.50192 1.50192 1.35473 1.32350 1.45568 1.51518 1.51518 1.54267 1.59736 1.59109 1.57872 1.57872 1.57872 1.66112 1.69806 1.67077 1.62186 1.65689 1.83381 1.76330 1.74606 1.72961 1.70963 1.68266 1.66454 1.73459 1.77047 1.77047 1.77410 1.79265 1.81283 1.83301 1.82237 1.84680 2.04255 2.11207 2.11797 2.11797 2.11797 2.11797 2.11797 2.11797 2.11974 2.13793 2.03344 1.95900 1.95900 1.90904 1.65607 1.65607 1.65607 1.65607 1.65607 1.72556 1.85304 1.96008 2.05123 2.12979
1.50192 1.50192 1.50192 1.50192 1.50192 1.50192 1.50192 1.50192 1.50178 1.39293 1.30196 1.36736 1.46317 1.44792 1.43966 1.46961 1.43220 1.37057 1.32805 1.28556 1.27427 1.28851 1.26474 1.26267 1.27853 1.47919 1.53571 1.62585 1.62863 1.65028 1.67550 1.70070 1.78629 1.87010 1.89088 1.90742 1.90904 1.90904 1.90904 1.91178 1.93165 2.07206 2.11726 2.11797 2.11797 2.11797 2.11797 2.11797 2.11797 2.11797 2.13328 2.07399 1.95900 1.95900 1.95830 1.75384 1.85304 1.96008 2.05123 2.12979 2.16684 2.16684 2.16684 2.16684 2.16684
1.46181 1.44656 1.43134 1.41609 1.40084 1.38559 1.37035 1.35510 1.33998 1.27891 1.15610 1.18280 1.27213 1.25108 1.23004 1.23733 1.23595 1.20177 1.19745 1.20084 1.22553 1.26780 1.26244 1.25386 1.25427 1.51774 1.63578 1.76504 1.79551 1.79908 1.79908 1.79908 1.82876 1.89894 1.90904 1.90904 1.90904 1.90904 1.90904 1.90904 1.92844 2.02618 2.11219 2.11797 2.11797 2.11797 2.11797 2.11797 2.11797 2.11797 2.17808 2.25254 2.20290 2.27604 2.33907 2.23869 2.16684 2.16684 2.16684 2.16684 2.16684 2.16684 2.16684 2.16684 2.16684
1.35845 1.36362 1.37708 1.39264 1.40904 1.42545 1.44181 1.45820 1.47461 1.47842 1.32858 1.33903 1.38289 1.40054 1.41419 1.44511 1.46281 1.46907 1.47626 1.47997 1.46839 1.27888 1.26908 1.26908 1.26730 1.49176 1.68594 1.76213 1.79908 1.79908 1.79908 1.79908 1.81090 1.88643 1.90858 1.90179 1.89302 1.88424 1.87547 1.86671 1.87142 1.94416 2.10711 2.11797 2.11797 2.16092 2.29973 2.44212 2.58458 2.72696 2.72892 2.48801 2.38030 2.36879 2.36879 2.29130 2.16684 2.16684 2.16684 2.16684 2.16684 2.16684 2.16684 2.16684 2.16684
1.60504 1.62116 1.62410 1.62487 1.62487 1.62487 1.62487 1.62487 1.62552 1.63086 1.47776 1.42352 1.43700 1.44254 1.43495 1.44298 1.46197 1.46162 1.46110 1.46110 1.46110 1.31759 1.26908 1.26908 1.26908 1.37727 1.67854 1.71402 1.76993 1.75897 1.74802 1.73705 1.72618 1.79986 1.83357 1.83159 1.83159 1.83159 1.83159 1.83159 1.85466 1.97593 2.34046 2.55970 2.70216 2.80166 2.80517 2.80517 2.80517 2.80517 2.80056 2.51017 2.40718 2.36879 2.36879 2.34385 2.16686 2.16684 2.16684 2.16684 2.17170 2.18784 2.20599 2.22607 2.24841
1.59980 1.62487 1.62726 1.63347 1.63973 1.64599 1.65226 1.65851 1.66413 1.66505 1.52975 1.39599 1.40791 1.43021 1.43021 1.43551 1.46197 1.46243 1.46607 1.47084 1.47560 1.38264 1.29791 1.30363 1.30935 1.35441 1.57974 1.60537 1.70225 1.70225 1.70225 1.70225 1.70225 1.75680 1.83159 1.83942 1.91083 1.99635 2.08174 2.16804 2.24585 2.28141 2.63189 2.80471 2.80517 2.80517 2.80517 2.80517 2.80517 2.80517 2.80553 2.60904 2.45974 2.36864 2.30338 2.23812 2.29548 2.39232 2.44730 2.50943 2.56421 2.58847 2.61152 2.63468 2.65780
1.61013 1.66113 1.66500 1.66505 1.66505 1.66505 1.66505 1.66505 1.66505 1.66287 1.59646 1.40596 1.41298 1.44816 1.45242 1.45667 1.49007 1.49590 1.50084 1.50110 1.50110 1.44429 1.31708 1.31708 1.31708 1.31320 1.55472 1.58914 1.68852 1.70225 1.70225 1.70225 1.70042 1.78666 2.15291 2.24800 2.27058 2.27964 2.29667 2.31388 2.32445 2.35749 2.65464 2.88639 2.89982 2.91212 2.87222 2.80499 2.73775 2.67059 2.60290 2.41392 2.11169 2.01718 2.01718 2.01718 2.34584 2.67108 2.67108 2.67108 2.67108 2.67108 2.67108 2.67108 2.67108
1.59715 1.66266 1.65694 1.65118 1.64545 1.63967 1.63395 1.62817 1.62245 1.61885 1.61616 1.44520 1.43028 1.45810 1.46449 1.46449 1.48673 1.49626 1.49966 1.50110 1.50110 1.48016 1.31708 1.31708 1.31708 1.31673 1.50719 1.63205 1.68665 1.70722 1.70682 1.70635 1.70821 1.74421 2.35622 2.40831 2.41837 2.42711 2.42773 2.41229 2.38980 2.32732 2.37139 2.59711 2.51643 2.43701 2.40959 2.40959 2.40959 2.40959 2.40959 2.38667 2.09468 2.01940 2.01718 2.01718 2.18557 2.67108 2.67108 2.67108 2.67108 2.67108 2.67108 2.74722 2.91054
