High_resolution/powerplant/Fengdu/OMI_NO2_200506.asc
ncols      200
nrows      200
xllcorner       105.978
yllcorner       28.1831
cellsize     0.0166667
NODATA_Value      -999.000
[rows 30 to 59 of 200, columns 132 to 197 of 200]
1.68909 1.74451 1.83821 1.89661 1.94191 1.96625 2.02497 2.08389 2.14310 2.19179 2.23532 2.20947 2.19341 2.19342 2.19342 2.19342 2.16233 1.92719 1.92639 1.93851 1.98382 1.98382 1.98382 1.98382 1.98496 1.98616 1.90760 1.83343 1.81449 1.81832 1.82340 1.82892 1.85778 1.89111 1.77898 1.55834 1.55834 1.48456 1.53837 1.51108 1.41829 1.41829 1.41829 1.41829 1.41829 1.41829 1.41829 1.41829 1.41829 1.41829 1.41829 1.41811 1.41526 1.41015 0.969937 0.730903 0.665962 0.630513 0.537097 0.557758 0.698395 0.698395 0.698395 0.698395 0.698395 0.698395
2.02765 2.08673 2.18732 2.25479 2.31391 2.35084 2.35137 2.35137 2.35137 2.33035 2.30744 2.24888 2.19342 2.19342 2.19342 2.19342 2.19342 1.97973 1.92639 1.92678 1.97860 1.98382 1.98382 1.98867 1.99494 2.00088 1.96588 1.86697 1.89099 1.89230 1.89230 1.89230 1.89230 1.89230 1.84858 1.55834 1.55834 1.50060 1.52668 1.53607 1.42406 1.41829 1.41829 1.41829 1.41634 1.41261 1.40886 1.40512 1.40139 1.39765 1.39391 1.39035 1.38946 1.38946 1.09231 0.708191 0.583908 0.631816 0.542539 0.518710 0.698395 0.698395 0.705657 0.723691 0.741831 0.759981
2.30148 2.30148 2.32805 2.35137 2.35137 2.35137 2.35137 2.35137 2.35137 2.34291 2.30744 2.27870 2.19342 2.19342 2.19342 2.19342 2.19342 2.06343 1.93783 1.97230 2.01056 2.02744 2.03153 2.03077 2.02917 2.03134 2.02391 1.89411 1.89230 1.89230 1.89230 1.89230 1.89230 1.89230 1.89172 1.58489 1.55778 1.52873 1.49219 1.52789 1.43738 1.39873 1.39499 1.39125 1.38946 1.38946 1.38946 1.38946 1.38946 1.38946 1.38946 1.38946 1.40635 1.46549 1.37170 0.987369 0.836740 0.856263 0.702450 0.531191 0.746519 0.783850 0.794728 0.794834 0.794834 0.794834
2.30148 2.30148 2.31316 2.35137 2.35137 2.35137 2.35137 2.35137 2.35137 2.35129 2.31119 2.30386 2.19811 2.19991 2.24373 2.28595 2.32191 2.30348 2.04056 2.02181 2.02411 2.02912 2.02912 2.02912 2.02912 2.03079 2.03146 1.92607 1.89230 1.89067 1.88726 1.88384 1.88043 1.87701 1.87360 1.63183 1.53337 1.53652 1.47615 1.54642 1.50854 1.46359 1.43458 1.38946 1.38946 1.38946 1.38946 1.39010 1.42901 1.49012 1.55137 1.60697 1.59712 1.53378 1.44711 1.17742 0.895980 0.898046 0.834586 0.561880 0.715448 0.794834 0.794834 0.794834 0.794834 0.794834
2.30148 2.30148 2.30208 2.34756 2.35137 2.35137 2.35137 2.35137 2.35509 2.40399 2.42012 2.43944 2.39248 2.39089 2.38309 2.37683 2.37683 2.37666 2.07074 2.02150 2.02192 2.02881 2.02497 2.01927 2.01356 2.01344 2.01812 1.94666 1.86880 1.86708 1.86934 1.87252 1.87633 1.88134 1.88606 1.76104 1.65502 1.66859 1.62104 1.66377 1.65731 1.58630 1.57140 1.52032 1.58529 1.65664 1.71748 1.72915 1.69637 1.64112 1.58612 1.53648 1.53554 1.54563 1.55573 1.48750 1.20251 1.16140 1.16925 0.964959 0.882313 0.794834 0.794834 0.794834 0.794834 0.794834
2.30148 2.30148 2.30148 2.33429 2.39360 2.45580 2.51699 2.56589 2.60579 2.59631 2.53615 2.47606 2.43990 2.38875 2.39045 2.38803 2.38434 2.38066 2.18151 2.01795 2.01427 2.01648 2.01696 2.00137 1.98190 1.96681 1.96569 1.93855 1.92801 1.93112 1.93347 1.93548 1.93677 1.93677 1.93677 1.91283 1.85620 1.85620 1.82476 1.83362 1.91031 1.85477 1.84573 1.80418 1.74441 1.67914 1.62419 1.61801 1.61801 1.61801 1.61801 1.61801 1.61801 1.61801 1.61801 1.57016 1.32531 1.19322 1.19322 1.06045 0.915071 0.794834 0.794834 0.794834 0.794834 0.794834
2.22276 2.21441 2.20419 2.30119 2.51952 2.49655 2.47447 2.46368 2.44475 2.42708 2.40531 2.37188 2.42938 2.39248 2.38709 2.38268 2.36348 2.34199 2.23590 1.94375 1.92230 1.90423 1.88871 1.88486 1.88486 1.88503 1.90580 1.90873 1.93605 1.93677 1.93677 1.93677 1.93677 1.93677 1.93728 1.94743 1.89577 1.90839 1.91148 1.76313 1.82809 1.72140 1.68803 1.63674 1.61801 1.61801 1.61801 1.61801 1.61801 1.61801 1.61801 1.61801 1.61801 1.61801 1.61801 1.60069 1.40615 1.19322 1.19322 1.13052 0.940819 0.794834 0.794834 0.806275 0.839617 0.873504
2.13259 2.11094 2.09046 2.10324 2.39126 2.38293 2.36941 2.35739 2.34576 2.28510 2.21651 2.14701 2.13165 2.25863 2.25314 2.23483 2.23257 2.23257 2.22870 1.90732 1.87724 1.87849 1.88486 1.88486 1.88486 1.88486 1.90007 1.90752 1.92969 1.93677 1.93954 1.95760 1.97028 1.98261 1.99439 1.98919 1.90880 1.89902 1.89902 1.68169 1.78137 1.74473 1.68803 1.65575 1.61801 1.61801 1.61801 1.61801 1.61801 1.61801 1.61801 1.61801 1.61801 1.61801 1.61801 1.60806 1.45721 1.23292 1.25010 1.25932 1.08438 1.02006 1.04422 1.06669 1.06723 1.06723
2.06610 2.05965 2.00349 1.93480 2.08206 2.08722 2.01849 1.94981 1.89015 1.88197 1.88197 1.88146 1.90503 2.16258 2.23257 2.23257 2.23257 2.23257 2.23257 2.01427 1.87724 1.87724 1.88377 1.88486 1.88486 1.88486 1.89727 1.92236 1.94929 1.97623 1.98579 1.97995 1.97958 1.97958 1.97958 1.97958 1.92514 1.89902 1.89902 1.75736 1.73476 1.77021 1.68803 1.67269 1.61801 1.61801 1.61801 1.61435 1.58632 1.55378 1.52127 1.48873 1.45619 1.42367 1.39113 1.36848 1.30539 1.31753 1.32942 1.31934 1.17216 1.09280 1.06723 1.06723 1.06723 1.05159
1.66814 1.60480 1.59222 1.59222 1.72205 1.88197 1.88197 1.88197 1.88197 1.88197 1.88197 1.88169 1.88238 2.10023 2.23257 2.23257 2.23257 2.23257 2.23257 2.12509 1.87724 1.88257 1.89657 1.89336 1.90568 1.91801 1.93058 1.95033 1.95734 1.97958 1.97958 1.97958 1.97958 1.97958 1.97958 1.97958 1.94183 1.89902 1.89902 1.84122 1.66596 1.74875 1.62885 1.59003 1.46999 1.43361 1.40110 1.37221 1.36771 1.36771 1.36771 1.36771 1.36771 1.36771 1.36771 1.33179 1.20428 1.07196 1.00462 0.917855 0.967460 1.04740 0.946160 0.900171 0.854183 0.823841
1.59222 1.59222 1.59222 1.59222 1.63596 1.88197 1.88197 1.88197 1.88197 1.88197 1.88197 1.88191 1.88110 2.01655 2.23257 2.23257 2.23576 2.25623 2.31446 2.37779 2.05621 2.07748 2.04711 1.92767 1.92767 1.92767 1.92769 1.94782 1.95102 1.97833 1.97958 1.97958 1.97687 1.95614 1.93219 1.90819 1.86319 1.77963 1.75568 1.73027 1.47658 1.61059 1.53510 1.49606 1.40753 1.36771 1.36771 1.36771 1.36771 1.36771 1.36422 1.29348 1.19692 1.10027 1.00854 1.00438 1.06917 0.807697 0.813213 0.790414 0.797965 0.938087 0.823133 0.823133 0.823133 0.823133
1.59222 1.59222 1.59222 1.59222 1.59222 1.83967 1.88197 1.88197 1.88197 1.88197 1.88197 1.88357 1.90044 2.00062 2.31545 2.41608 2.48849 2.54362 2.56103 2.56103 2.24256 2.09135 2.08721 1.93591 1.92767 1.92475 1.91544 1.89935 1.86943 1.86653 1.85072 1.82673 1.80546 1.80286 1.80568 1.80866 1.80679 1.73450 1.73699 1.73996 1.56473 1.59692 1.59068 1.52058 1.46360 1.38894 1.37087 1.28324 1.19053 1.10781 1.08111 1.12928 1.20321 1.27733 1.34630 1.36398 1.36777 0.948875 0.852534 0.856972 0.860834 1.01199 0.823133 0.823133 0.823133 0.823133
1.59222 1.59222 1.59222 1.59222 1.59222 1.75355 1.88253 1.89773 1.91942 1.94744 2.01594 2.08995 2.14744 2.24310 2.48124 2.55995 2.55619 2.55230 2.54469 2.53130 2.34600 2.03473 2.02130 1.89640 1.83074 1.82021 1.82125 1.79649 1.74915 1.75780 1.75648 1.75556 1.75465 1.75303 1.74928 1.74538 1.74149 1.81088 1.82879 1.83189 1.73769 1.62687 1.65916 1.47743 1.38140 1.21818 1.21358 1.27864 1.34881 1.40883 1.41644 1.41644 1.41644 1.41644 1.41644 1.41644 1.41644 1.15825 0.880914 0.894054 0.894054 0.991732 0.863446 0.823133 0.823133 0.823133
1.59045 1.59017 1.58109 1.56023 1.53737 1.65256 2.03798 2.09810 2.15169 2.19902 2.20586 2.20194 2.19251 2.18733 2.30177 2.42404 2.41435 2.40481 2.39901 2.40554 2.38379 1.96638 1.96978 1.91769 1.82873 1.84003 1.84619 1.83648 1.75934 1.75327 1.72986 1.72986 1.72986 1.72986 1.72986 1.72986 1.72986 1.79815 1.86742 1.91348 1.95015 1.76351 1.56921 1.51755 1.54388 1.42378 1.41644 1.41644 1.41644 1.41644 1.41644 1.41644 1.41644 1.41644 1.41644 1.41644 1.41644 1.32758 0.863647 0.894054 0.894054 0.928818 0.939602 0.823133 0.823133 0.823133
1.51698 1.50982 1.56031 1.62767 1.69156 1.74699 2.16367 2.17661 2.16815 2.15969 2.15121 2.14647 2.15328 2.15558 2.23605 2.44048 2.45226 2.46356 2.47484 2.47955 2.47955 2.13139 2.00988 1.99397 1.84704 1.84620 1.84620 1.84620 1.77214 1.75898 1.73181 1.72986 1.72986 1.73644 1.77186 1.81884 1.87115 1.98105 2.07553 2.08164 2.08183 2.04824 1.71440 1.59377 1.54873 1.45968 1.41644 1.41644 1.41644 1.41644 1.41644 1.41644 1.41644 1.41644 1.41644 1.41644 1.41644 1.41638 0.926859 0.893338 0.892275 0.891657 0.962453 0.813181 0.811048 0.808911
1.66078 1.70772 1.69885 1.68827 1.68113 1.68816 2.03214 2.17642 2.18855 2.20068 2.21282 2.22487 2.22973 2.22179 2.25599 2.44545 2.47955 2.47955 2.47955 2.47955 2.47955 2.27818 2.00988 2.00988 1.87928 1.84620 1.84620 1.84620 1.79466 1.77572 1.79940 1.83821 1.89240 1.94238 1.95225 1.95244 1.95244 1.98097 2.08183 2.08183 2.08183 2.06128 1.81650 1.62494 1.54873 1.49460 1.41644 1.41644 1.41644 1.41644 1.41644 1.42315 1.43971 1.45634 1.47297 1.48961 1.50623 1.52288 1.19474 0.886441 0.885499 0.885499 0.933232 0.806022 0.806022 0.806022
1.67787 1.73170 1.74686 1.76204 1.77718 1.78512 1.97264 2.22973 2.22973 2.22973 2.22973 2.22973 2.22973 2.22456 2.24467 2.39163 2.47955 2.47955 2.47955 2.47955 2.47955 2.42351 2.01105 2.00988 1.92553 1.88231 1.93398 1.99116 2.01972 1.98874 1.97358 1.95244 1.95244 1.95244 1.95244 1.95244 1.95244 1.95662 2.07920 2.08183 2.08183 2.07434 1.93328 1.65998 1.56377 1.55536 1.46846 1.48511 1.50172 1.51837 1.53500 1.54491 1.54499 1.54499 1.54499 1.54499 1.54499 1.54499 1.40609 0.963579 0.996825 1.05294 1.08676 0.859654 0.947765 1.03616
1.68448 1.78512 1.78512 1.78512 1.78512 1.78512 1.82951 2.22617 2.22973 2.22973 2.22973 2.22973 2.22973 2.22733 2.23326 2.33778 2.47955 2.47955 2.47955 2.47021 2.41812 2.31479 1.98049 1.92354 1.96145 2.09787 2.09787 2.09787 2.08911 1.98984 1.98313 1.95244 1.95244 1.95244 1.95244 1.95244 1.96556 1.99249 2.12335 2.17569 2.20254 2.22945 2.21104 1.85394 1.66182 1.59398 1.53872 1.54499 1.54499 1.54499 1.54499 1.54499 1.54499 1.55031 1.61508 1.70476 1.80668 1.91587 1.86777 1.27189 1.28500 1.34380 1.40229 1.29892 1.27568 1.27568
1.54630 1.78512 1.78512 1.78512 1.78512 1.78512 1.78512 2.14574 2.22973 2.22973 2.22973 2.22973 2.22973 2.22955 2.21794 2.23762 2.36883 2.26278 2.14730 2.04108 1.97764 1.96550 1.95748 1.94721 1.94824 2.08415 2.09787 2.09787 2.10015 2.03413 2.03961 2.03330 2.05670 2.08359 2.11049 2.13740 2.14959 2.11145 2.13498 2.13405 2.08061 2.02725 1.94756 1.64965 1.40525 1.33444 1.47045 1.54499 1.54320 1.55452 1.62103 1.69847 1.77374 1.77166 1.66984 1.54428 1.41906 1.30145 1.26312 1.27704 1.21608 1.19889 1.18105 1.21591 1.27568 1.27568
1.40556 1.78777 1.78512 1.78512 1.78512 1.78512 1.78512 2.02211 2.22973 2.22780 2.18990 2.13847 2.07301 1.96104 1.84302 1.83634 2.02676 2.12864 2.18646 1.98606 1.96550 1.96889 1.99250 2.01548 2.04693 2.17215 2.26047 2.29185 2.32102 2.22660 2.14843 2.04673 1.92542 1.86628 1.80725 1.74811 1.69060 1.66963 1.65744 1.62111 1.60814 1.59499 1.56869 1.42687 1.18807 1.08863 1.18656 1.33199 1.30270 1.25123 1.14527 1.03751 0.943650 0.930906 0.930906 0.930906 0.930906 0.930906 0.930906 0.960954 0.920484 0.918743 0.918743 1.05573 1.27568 1.27568
1.35668 1.70359 1.79603 1.80205 1.80809 1.82701 1.85531 1.93617 2.06109 1.95354 1.88082 1.82944 1.85744 1.93810 2.01398 2.03829 2.12058 2.22196 2.24290 2.12301 2.04584 2.06759 2.06831 2.07839 2.08489 2.13951 2.24599 2.25121 2.25643 2.20836 2.08669 1.90420 1.61646 1.61646 1.61646 1.61646 1.61646 1.61646 1.59635 1.50392 1.50594 1.52044 1.52621 1.41988 1.23769 0.971649 0.909229 0.937610 0.930906 0.930906 0.930906 0.930906 0.930906 0.930906 0.930906 0.930906 0.930906 0.930906 0.930906 0.942433 0.939429 0.918743 0.918743 0.991883 1.27568 1.27568
1.49209 1.72339 1.95115 1.96647 1.95116 1.89397 1.82978 1.76652 1.86136 1.95178 2.02483 2.08560 2.09659 2.09713 2.12698 2.20648 2.17625 2.30999 2.31347 2.25710 2.08856 2.09273 2.09598 2.10350 2.11059 2.11897 2.25802 2.26125 2.26125 2.25129 2.08920 2.02603 1.61646 1.61646 1.61646 1.61646 1.61959 1.62151 1.60430 1.50001 1.48514 1.46337 1.44650 1.26757 1.09612 0.857275 0.821711 0.919623 0.930906 0.930906 0.930906 0.930906 0.930906 0.930906 0.930906 0.930906 0.930906 0.930906 0.930906 0.930906 0.951384 0.918743 0.919695 0.944721 1.34762 1.39247
1.64226 1.69218 1.82199 1.75849 1.75429 1.84053 1.91998 1.99163 2.06438 2.09576 2.09409 2.09243 2.09076 2.08910 2.08819 2.20945 2.12634 2.32107 2.32680 2.32190 2.11286 2.09621 2.09621 2.09926 2.11059 2.11059 2.22214 2.26125 2.26125 2.26125 2.12421 2.08668 1.67304 1.59768 1.58251 1.56881 1.55303 1.53653 1.53587 1.46705 1.44584 1.44584 1.44584 1.33972 1.14364 0.914105 0.821233 0.887456 0.930906 0.930906 0.930906 0.930906 0.930906 0.930906 0.930603 0.926057 0.919706 0.912722 0.905016 0.896463 0.939070 0.975243 0.985148 0.986256 1.58798 1.76765
1.71568 1.75382 1.88575 1.96747 2.01172 2.01123 2.00956 2.00790 2.02970 2.08613 2.08613 2.08613 2.08613 2.08613 2.08613 2.19128 2.12256 2.27444 2.32680 2.32680 2.19014 2.09621 2.09621 2.09638 2.10929 2.11059 2.17781 2.25136 2.20502 2.15713 2.03495 1.93230 1.68285 1.53587 1.53587 1.53587 1.53587 1.53587 1.53587 1.48565 1.44584 1.44584 1.44584 1.41185 1.18447 0.972258 0.821233 0.855442 0.921814 0.915037 0.907582 0.899303 0.890100 0.879769 0.868789 0.865977 0.865977 0.865977 0.865977 0.865977 0.900172 0.986256 0.986256 0.986256 1.37601 1.76765
2.06053 1.98743 1.99230 2.00642 2.00642 2.00642 2.00642 2.00642 2.00912 2.08293 2.08613 2.08613 2.08613 2.08613 2.08613 2.15143 2.14775 2.21982 2.32680 2.32680 2.26473 2.09621 2.09364 2.07360 2.04119 2.03113 2.01790 2.05516 2.05170 2.05170 2.01403 1.91205 1.77966 1.53587 1.53587 1.53587 1.53587 1.53587 1.53587 1.50386 1.44186 1.43773 1.43361 1.42949 1.21447 1.03856 0.750155 0.755799 0.865977 0.865977 0.865977 0.865977 0.865977 0.865977 0.865977 0.865977 0.865977 0.865977 0.865977 0.865977 0.874174 0.921803 0.820736 0.698932 0.732009 1.76765
2.11722 1.98794 1.98251 2.00642 2.00642 2.00642 2.00642 2.00642 2.00642 2.06200 2.08613 2.08613 2.08613 2.08613 2.08613 2.10873 2.17579 2.16405 2.31615 2.29493 2.23705 1.94799 1.86990 1.82553 1.87314 1.98524 1.98525 2.04243 2.05170 2.05170 2.04631 1.91573 1.87450 1.53110 1.52603 1.52192 1.51779 1.51367 1.50955 1.49294 1.42233 1.44747 1.47493 1.50397 1.37810 1.21041 0.914064 0.860508 0.865977 0.865977 0.865977 0.865977 0.865977 0.865977 0.865977 0.874227 0.934584 1.00256 1.06943 1.13625 1.19896 0.643360 0.176334 0.171236 0.162725 0.00000
2.15472 1.99539 1.98285 1.99632 2.00642 2.00642 2.00642 2.00642 2.00642 2.03834 2.08613 2.08613 2.08570 2.07739 2.06614 2.04034 2.08487 1.97045 2.08994 1.99998 1.92237 1.83158 1.82024 1.82024 1.82745 1.94381 1.88318 1.85476 1.81734 1.75112 1.69364 1.84227 1.92005 1.63609 1.62543 1.67466 1.72688 1.78228 1.84125 1.90373 1.66197 1.62856 1.62725 1.62599 1.54144 1.28955 0.994314 0.815643 0.813094 0.810515 0.821866 0.884043 0.950994 1.01771 1.08460 1.14319 1.14971 1.14858 1.14858 1.14858 1.14858 0.854319 0.0557948 0.0557948 0.0557948 0.0557948
2.15876 2.03630 1.98794 1.98146 2.00642 2.00642 2.00642 2.00572 2.03038 2.08285 2.04589 2.01023 1.95332 1.90430 1.84164 1.73456 1.75022 1.79480 1.89473 1.91871 1.86761 1.81659 1.76558 1.71440 1.66354 1.76224 1.79546 1.78559 1.80562 1.77760 1.74077 1.84653 1.95553 2.08353 2.21613 2.21613 2.21613 2.21613 2.21613 2.21613 1.77399 1.60875 1.60875 1.60630 1.58569 1.25307 1.11998 0.949619 1.01898 1.08847 1.14390 1.14858 1.14858 1.14858 1.14858 1.14858 1.14858 1.14858 1.14858 1.14858 1.14858 1.06759 0.0557948 0.0557948 0.0557948 0.0557948
2.10766 2.02646 1.92946 1.92383 2.00431 2.05168 2.09876 2.12098 2.10129 2.05888 1.83812 1.69677 1.58192 1.45523 1.34080 1.30487 1.26943 1.46596 1.57193 1.67718 1.63397 1.59073 1.54747 1.50426 1.46102 1.48342 1.57257 1.57447 1.63601 1.63903 1.63903 1.71009 1.93978 2.01483 2.21613 2.21613 2.21613 2.21613 2.21613 2.22622 1.88609 1.47272 1.36133 1.24159 1.14622 1.27799 1.35556 1.15219 1.14858 1.14858 1.14858 1.14858 1.14858 1.14858 1.14858 1.14858 1.14858 1.14858 1.14858 1.14858 1.14858 1.14858 0.338553 0.0557948 0.0557948 0.0557948
2.18168 2.20018 2.11384 2.15684 2.09468 2.01775 1.95097 1.87001 1.76533 1.64999 1.39795 1.23810 1.26547 1.30396 1.34251 1.38098 1.41244 1.60121 1.66488 1.40756 1.40756 1.40756 1.40756 1.40756 1.40756 1.42206 1.57100 1.57257 1.61847 1.63903 1.63903 1.64565 1.92630 1.95534 2.21336 2.21125 2.16231 2.10449 2.03806 1.95601 1.63954 1.07914 1.07914 1.07914 1.07914 1.19354 1.36479 1.20848 1.14858 1.14858 1.14858 1.14858 1.14858 1.14858 1.14858 1.14858 1.14858 1.14858 1.14858 1.14858 1.14858 1.14858 0.718533 0.0557948 0.0557948 0.0557948
