High_resolution/powerplant/Fengdu/OMI_NO2_200807.asc
ncols      200
nrows      200
xllcorner       105.978
yllcorner       28.1831
cellsize     0.0166667
NODATA_Value      -999.000
[rows 87 to 115 of 200, columns 0 to 66 of 200]
1.18713 1.81951 2.06334 2.97153 3.08259 3.07660 3.57346 3.59915 3.55011 3.50093 3.45185 3.40275 3.35371 3.33173 3.33173 3.33923 3.36363 3.65348 3.81736 3.92401 4.01799 3.49554 3.60532 3.66582 3.66582 3.66582 3.68830 3.73099 3.77371 3.81640 3.85077 3.85374 3.85374 3.69077 3.54625 3.54209 3.40373 2.96244 2.94618 2.93192 2.96075 2.95828 2.69392 2.68911 2.67184 2.62324 2.62324 2.62324 2.59524 2.46100 2.46100 2.44937 2.35846 2.27170 2.24711 2.24711 2.24711 2.24711 2.24767 2.26857 2.29104 2.18356 2.17235 2.20221 2.26350 2.30329 2.30645
1.18713 1.54531 2.06334 2.52751 2.66992 2.61043 3.08113 3.33173 3.33173 3.33173 3.33904 3.36338 3.38840 3.41363 3.43869 3.45621 3.45683 3.72285 4.02122 3.90561 3.78632 3.50191 3.54204 3.74817 3.79088 3.83354 3.85374 3.85374 3.85374 3.85357 3.83674 3.81115 3.78842 3.69889 3.51286 3.50989 3.47116 2.99685 2.92135 2.92135 2.94816 2.97751 2.76121 2.68911 2.68842 2.62844 2.62324 2.62324 2.62240 2.47383 2.46072 2.46028 2.38332 2.34290 2.31835 2.34859 2.38051 2.41562 2.45007 2.46425 2.47446 2.42251 2.35179 2.37579 2.35704 2.29879 2.31353
1.18713 1.21693 2.03250 2.29177 2.59971 2.60921 2.93095 3.38815 3.41317 3.43842 3.45615 3.42380 3.33513 3.24566 3.15627 3.06673 2.97733 2.97921 3.27970 3.33370 3.42057 3.55305 3.72975 3.85374 3.85281 3.83271 3.80760 3.78523 3.76522 3.74727 3.74050 3.74050 3.74050 3.72987 3.51450 3.50989 3.50290 3.12625 2.92135 2.92135 2.93479 2.97583 2.84590 2.68713 2.68698 2.64538 2.63454 2.65238 2.66660 2.60602 2.61319 2.64579 2.64311 2.62606 2.54380 2.54863 2.55172 2.55195 2.55684 2.56366 2.57044 2.53072 2.39302 2.39302 2.41256 2.32292 2.33922
1.19758 1.31174 2.00886 2.28128 2.75557 2.80407 2.88459 3.12376 3.03377 2.94430 2.85477 2.79840 2.79755 2.82687 2.89194 2.95710 3.02223 3.07797 3.49962 3.51708 3.51607 3.50858 3.65176 3.74934 3.74517 3.74050 3.74050 3.74050 3.74050 3.74050 3.74050 3.74050 3.74050 3.74050 3.56182 3.50989 3.50989 3.26942 2.92135 2.92569 2.94557 3.00866 2.98293 2.75362 2.76969 2.75976 2.70464 2.68568 2.66790 2.67421 2.68877 2.67894 2.66333 2.66089 2.56540 2.56381 2.57058 2.57717 2.57904 2.58249 2.59973 2.60862 2.45076 2.46735 2.50067 2.41159 2.39132
3.31310 2.39839 2.49474 2.63425 2.86599 2.90316 2.90316 2.81637 2.79916 2.84469 2.90979 2.97495 3.04014 3.07592 3.07600 3.07600 3.07600 3.07600 3.35391 3.52239 3.51607 3.49335 3.59855 3.68062 3.74050 3.74050 3.74050 3.74050 3.74050 3.74050 3.74050 3.73993 3.73165 3.71942 3.58696 3.46720 3.45475 3.36188 3.02669 3.03366 3.03457 3.06244 3.03803 2.78101 2.73037 2.70809 2.62909 2.62354 2.62354 2.63367 2.68435 2.69112 2.68836 2.68570 2.62760 2.61168 2.63282 2.65475 2.67751 2.69728 2.70207 2.70506 2.52223 2.48853 2.48971 2.43691 2.38301
3.31310 2.72632 2.51161 2.64413 2.81668 2.96816 3.03329 3.03877 3.05634 3.07600 3.07600 3.07600 3.07600 3.07600 3.07600 3.07600 3.07600 3.07600 3.22234 3.52819 3.51607 3.50105 3.56668 3.63825 3.73529 3.72453 3.71379 3.70085 3.68610 3.67133 3.65656 3.64237 3.63591 3.63339 3.57464 3.41789 3.41789 3.37945 3.04021 2.88592 2.80618 2.77819 2.77696 2.72891 2.68947 2.68788 2.64104 2.62369 2.62539 2.62816 2.68489 2.68854 2.68688 2.72273 2.72672 2.70556 2.70556 2.70556 2.70556 2.70556 2.70556 2.70556 2.56610 2.48853 2.48853 2.45807 2.38301
3.31310 2.96230 2.50034 2.83854 3.06762 3.18162 3.18162 3.14895 3.07600 3.07600 3.07600 3.07600 3.07600 3.07600 3.07600 3.07600 3.08763 3.16124 3.28372 3.80337 3.45666 3.44021 3.45191 3.52479 3.63915 3.63917 3.63516 3.63335 3.63335 3.63335 3.63335 3.63335 3.63335 3.60458 3.49840 3.19728 3.09287 2.99877 2.83400 2.66941 2.66257 2.69685 2.75909 2.73136 2.65110 2.64912 2.63520 2.60998 2.61106 2.61130 2.66395 2.68878 2.68878 2.71113 2.73766 2.70567 2.70556 2.70556 2.70556 2.70556 2.70556 2.70556 2.61094 2.50039 2.53993 2.56897 2.50646
3.31310 3.26683 2.51849 2.76583 3.03024 3.17986 3.18162 3.17486 3.07716 3.11180 3.19435 3.27702 3.35975 3.44235 3.52515 3.60775 3.67886 3.68791 3.69247 4.18794 3.45907 3.40636 3.40726 3.51697 3.58832 3.63335 3.63335 3.63335 3.63212 3.56778 3.46819 3.36843 3.26875 3.19787 3.19502 3.02912 2.97956 2.97956 2.90912 2.62817 2.63078 2.65500 2.78248 2.78781 2.66814 2.65931 2.65611 2.61235 2.61130 2.61130 2.64462 2.68878 2.68878 2.69711 2.74180 2.71135 2.70556 2.70556 2.72332 2.76808 2.82306 2.84928 2.83597 2.71602 2.69648 2.67210 2.54968
3.31310 3.31310 2.64613 2.58109 3.01677 3.40324 3.58114 3.66375 3.66238 3.68773 3.68791 3.68791 3.68791 3.69226 3.70546 3.71895 3.73237 3.74590 3.75475 4.02600 3.68543 3.40636 3.41596 3.51439 3.52635 3.52833 3.42852 3.32893 3.23048 3.19502 3.19502 3.19502 3.19496 3.18641 3.17195 3.04547 2.92760 2.91315 2.90274 2.67044 2.63998 2.64004 2.77926 2.79050 2.70530 2.65931 2.65931 2.62308 2.61130 2.61130 2.62529 2.68878 2.69333 2.72941 2.80782 2.80873 2.80789 2.82692 2.83239 2.83237 2.85687 2.84963 2.83771 2.62706 2.57921 2.58566 2.53487
3.31310 3.31310 2.84363 2.50034 2.94398 3.48324 3.79353 3.79353 3.74059 3.70514 3.71868 3.73209 3.74559 3.75469 3.75720 3.78196 3.81427 3.84909 3.88653 4.07803 4.29291 3.60010 3.56659 3.50716 3.38703 3.19532 3.19502 3.19455 3.18409 3.16965 3.15520 3.14076 3.12637 3.12048 3.12048 3.06231 2.90502 2.90502 2.90502 2.75044 2.63998 2.63998 2.68478 2.67695 2.61550 2.51453 2.49877 2.47746 2.45786 2.44409 2.42809 2.48330 2.51602 2.69844 2.69541 2.68741 2.66737 2.66802 2.66762 2.66144 2.71478 2.73543 2.75094 2.69037 2.61813 2.62045 2.56037
3.31310 3.31310 3.14180 2.50875 2.83496 3.31422 3.83744 3.86480 3.89198 3.82662 3.86237 3.90091 3.94269 3.98804 4.03349 4.04295 4.03044 4.00962 3.98881 3.97843 4.58550 3.53058 3.52781 3.47140 3.40079 3.19021 3.13845 3.12448 3.12048 3.12048 3.12048 3.12048 3.12048 3.12048 3.12048 3.11172 2.91000 2.90502 2.90502 2.82075 2.63998 2.63998 2.56990 2.51674 2.52905 2.41709 2.43366 2.45361 2.46338 2.48486 2.51864 2.42109 2.37868 2.65833 2.68766 2.68688 2.66382 2.67856 2.69661 2.71466 2.76450 2.78263 2.78350 2.75558 2.62727 2.64078 2.66894
3.38453 3.60705 3.83407 3.10751 3.20212 3.54387 4.20682 4.26117 4.25573 4.04875 4.04305 4.04151 4.02463 4.00381 3.98298 3.96229 3.95396 3.95396 3.95396 3.95396 4.50968 3.62290 3.53058 3.41634 3.36497 3.22023 3.12048 3.12048 3.12048 3.12048 3.12048 3.12048 3.12048 3.12048 3.12048 3.15426 3.00764 2.94110 2.94948 2.94309 2.86598 2.92506 2.89968 2.72462 2.72493 2.60815 2.57902 2.59740 2.57591 2.57839 2.57980 2.50052 2.40177 2.61715 2.73158 2.75331 2.74200 2.76227 2.81401 2.86687 2.93180 2.99144 3.03770 3.05801 2.96938 2.96634 2.96718
4.92068 4.92552 4.92552 3.88516 3.44119 3.62771 4.14601 4.26023 4.24548 4.06354 3.97718 3.95789 3.95396 3.95396 3.95396 3.95396 3.95396 3.95396 3.95396 3.95396 4.24160 3.96910 3.53058 3.45320 3.38318 3.28317 3.12048 3.13174 3.21713 3.31590 3.40990 3.49582 3.58162 3.66748 3.75319 3.80520 3.38346 2.99569 2.99569 2.99572 3.03493 3.11130 3.17421 2.89781 2.95028 2.82098 2.63331 2.63331 2.61107 2.60828 2.63541 2.62816 2.50403 2.61284 2.82623 3.08504 3.11969 3.13790 3.13790 3.13790 3.13590 3.12957 3.12957 3.12430 3.02966 2.96739 2.96739
4.92552 4.92552 4.92552 4.33022 3.44061 3.54429 3.94050 4.19772 4.19685 4.08905 3.95396 3.95396 3.95396 3.95396 3.95396 3.95396 3.95396 3.95396 3.95396 3.95388 3.98804 4.38016 4.05003 4.16525 3.99750 3.90990 3.76114 3.81650 3.81689 3.80393 3.79570 3.79557 3.79557 3.79557 3.79557 3.79557 3.60017 3.05442 3.09702 3.13956 3.26402 3.40331 3.40331 3.03383 2.97881 2.96162 2.74789 2.79471 2.81011 2.68895 2.68884 2.68731 2.51931 2.53136 2.77665 3.11752 3.13790 3.13790 3.13790 3.13790 3.13765 3.12977 3.12957 3.12957 3.06877 2.96739 2.96817
4.92552 4.92552 4.92552 4.86814 3.48433 3.48154 3.75295 4.19685 4.19685 4.14629 3.95396 3.95396 3.94925 3.90345 3.84832 3.79318 3.73797 3.68284 3.62762 3.57253 3.54827 4.25181 5.04193 5.04173 4.45481 4.16854 3.87574 3.79557 3.79557 3.79557 3.79557 3.79728 3.82898 3.87155 3.91411 3.95667 3.95254 3.20343 3.18319 3.18319 3.22494 3.40651 3.40951 3.18306 3.08665 3.08998 2.87160 2.83386 2.83386 2.71496 2.70047 2.71897 2.61514 2.58111 2.79398 3.09326 3.19068 3.19812 3.20541 3.21263 3.21972 3.16155 3.14697 3.15576 3.13019 3.00124 2.97083
4.92552 4.92552 4.92552 4.92552 3.72968 3.43578 3.54227 4.08575 4.06160 4.01258 3.67607 3.60811 3.55768 3.54827 3.54827 3.54827 3.58432 3.70130 3.83891 4.00008 4.19141 4.34509 4.98955 5.04193 4.60479 4.28026 3.93814 3.80569 3.84620 3.88878 3.93134 3.97220 3.98307 3.98307 3.98307 3.98330 4.04546 3.54464 3.46726 3.56063 3.67618 3.56996 3.51830 3.39744 3.23297 3.24247 3.13391 3.05050 3.06184 3.01370 2.96094 2.96094 2.89610 2.81549 2.90997 3.12433 3.27506 3.28244 3.28943 3.27696 3.25504 3.16613 3.09525 3.08097 3.04119 2.91322 2.83565
4.43732 4.29484 4.17724 4.07865 3.64871 3.27689 3.36786 3.76490 3.89258 3.89258 3.65538 3.58343 3.70003 3.83743 3.99833 4.18942 4.34050 4.34455 4.34455 4.34455 4.34455 4.34455 4.81752 5.08438 4.90681 4.53157 4.16593 3.98813 3.98307 3.98307 3.98584 4.06406 4.17519 4.25222 4.30617 4.35400 4.34734 4.00887 3.69512 3.69512 3.71176 3.70383 3.57286 3.52113 3.28518 3.28659 3.23575 3.08453 3.08595 3.06495 3.17573 3.80966 4.38859 4.85054 4.84760 3.09834 3.20413 3.14720 3.12533 3.11920 3.12104 3.07698 2.97357 2.95844 2.94000 2.87566 2.73574
3.93653 3.93653 3.93653 3.93653 3.84104 3.27789 3.35609 3.75691 4.14365 4.27462 4.33002 4.34002 4.34455 4.34455 4.34455 4.34455 4.34455 4.34455 4.34730 4.41132 4.50054 4.58972 4.97486 5.42304 5.37709 4.67663 4.41056 4.25492 4.30479 4.38120 4.42541 4.40006 4.35068 4.33503 4.33503 4.33503 4.33503 4.17025 3.69512 3.69512 3.69816 3.75133 3.57286 3.57177 3.32506 3.68663 4.30700 4.71792 5.25609 5.77062 6.02848 6.03053 6.03515 5.81504 5.76378 3.16718 3.15682 3.09872 3.09872 3.09417 3.07612 3.03941 2.89360 2.87670 2.87593 2.87801 2.72320
3.93653 3.93653 3.93653 3.93166 3.87167 3.66519 3.68448 3.83774 4.42297 4.39031 4.35460 4.34455 4.34455 4.34455 4.35667 4.43564 4.52486 4.61404 4.70051 4.72566 4.72566 4.72566 4.84506 5.42304 5.42304 5.40092 4.96180 4.51301 4.35443 4.33503 4.33503 4.33503 4.33503 4.33503 4.33503 4.33503 4.33503 4.31282 3.71360 3.74507 4.29868 4.92299 5.68536 6.30755 6.29403 6.30146 6.30317 6.19189 6.14702 6.16667 6.13163 6.10929 6.12460 5.92607 5.84050 3.94673 3.12464 3.05657 3.03754 3.02309 3.01778 2.97953 2.78963 2.72459 2.67336 2.62932 2.46183
3.55335 3.40435 3.21904 3.00123 2.94754 2.94754 2.94754 3.32673 4.29961 4.34455 4.37261 4.45998 4.54917 4.63839 4.71545 4.72566 4.72566 4.72566 4.72566 4.72566 4.72566 4.72566 4.72845 5.36283 5.42304 5.42069 5.03851 4.48555 4.33578 4.33503 4.33503 4.41407 4.59598 4.78944 5.03853 5.31024 5.60159 5.91405 4.45893 6.36646 7.38757 7.03385 7.03584 7.13216 6.76595 6.45590 6.52761 6.45715 6.22239 6.22239 6.19803 6.11863 6.09407 5.93973 5.75399 4.59180 2.89570 2.75122 2.71327 2.69442 2.65399 2.64709 2.51014 2.44677 2.44677 2.45208 2.38691
2.94754 2.94754 2.94754 2.94754 2.94754 2.94754 2.94754 3.28184 4.29911 4.66262 4.72375 4.72566 4.72566 4.72566 4.72566 4.72566 4.72566 4.72566 4.72566 4.72566 4.72566 4.72566 4.72566 5.27428 5.93213 6.31854 6.20609 5.33574 5.41223 5.66217 5.96819 6.20558 6.33703 6.45295 6.46475 6.46475 6.46475 6.46475 5.18667 5.55138 7.51841 7.35648 7.22682 7.48764 7.21978 6.61889 6.61889 6.61493 6.36076 6.44803 6.43522 5.83567 5.68549 5.53694 5.25298 4.97540 2.77448 2.61862 2.60403 2.64709 2.64709 2.64709 2.55404 2.44677 2.44677 2.45021 2.43581
2.94754 2.94754 2.94754 2.94754 2.94754 2.94475 2.88719 2.97726 3.82718 4.68826 4.72566 4.72566 4.72566 4.72566 4.72566 4.72566 4.77995 4.89742 5.01481 5.13228 5.24975 5.36722 5.48469 6.95183 8.92674 8.92639 7.86250 6.79806 6.57115 6.46475 6.46475 6.46475 6.46475 6.46475 6.47421 6.56361 6.67109 6.77851 6.23521 4.88744 7.76313 7.65282 7.20332 7.51577 7.49663 6.66638 6.63785 6.59229 6.21079 6.03904 6.02963 5.68369 5.47568 5.47256 5.24535 5.23138 3.21991 2.63044 2.57125 2.60392 2.59921 2.58860 2.53888 2.44677 2.42631 2.37483 2.32835
2.94723 2.89878 2.83584 2.78993 2.75489 2.72802 2.72115 2.72115 3.40173 4.53145 4.93825 5.05581 5.17328 5.29066 5.40813 5.52551 5.58878 5.58878 5.58878 5.58878 5.58878 5.58878 5.58878 6.11633 8.92674 8.92674 8.13319 7.10041 6.63477 6.46475 6.50049 6.60640 6.71383 6.82130 6.91936 6.93756 6.93756 6.93756 6.84906 4.61237 7.71322 8.46094 8.18200 7.44355 7.25243 6.62443 6.53885 6.56064 6.41066 6.23069 6.25019 6.07688 5.66340 5.67817 5.49458 5.42403 3.88840 2.49686 2.41180 2.39094 2.34857 2.29506 2.23994 2.18165 2.13872 2.11286 2.09897
2.73140 2.72329 2.74352 2.76796 2.79236 2.81678 2.84121 2.86560 3.24822 4.82276 5.50967 5.45593 5.45848 5.58878 5.58878 5.58878 5.58878 5.58878 5.58878 5.58878 5.58878 5.58878 5.58878 5.59479 8.60176 8.92908 8.62905 7.75363 7.05269 6.90410 6.93577 6.93756 6.93756 6.94188 7.08473 7.30660 7.65444 8.03604 8.41716 6.74680 7.98183 9.16601 9.16601 8.22255 7.65845 7.05976 6.75619 6.75619 6.69226 6.36507 6.36916 6.34887 5.75738 5.73190 5.59316 5.42909 4.63777 2.32342 2.19283 2.17813 2.16343 2.14293 2.12405 2.10836 2.09764 2.10269 2.21485
2.86836 2.89067 2.89482 2.91793 3.04866 3.17446 3.28322 3.37802 3.53688 4.42443 5.31469 5.31469 5.33052 5.58632 5.58878 5.58878 5.58878 5.58878 5.58878 5.58878 5.58878 5.61258 5.85023 6.13819 8.60122 10.0502 10.0616 8.59881 7.40919 7.26135 7.32512 7.54144 7.87832 8.25570 8.49433 8.65409 8.68779 8.68779 8.68779 7.40054 7.10783 9.16601 9.16601 8.64842 7.65845 7.28112 6.82204 6.82614 6.82187 6.46555 6.39784 6.37816 5.91633 5.69487 5.63520 5.44027 5.33500 2.40035 2.16326 2.12325 2.10806 2.10792 2.12761 2.17567 2.22423 2.27265 2.36639
3.26302 3.36039 3.44577 3.51106 3.51871 3.51871 3.51871 3.55896 3.64239 4.23896 5.21226 5.33187 5.32724 5.51665 5.58878 5.58878 5.58878 5.65673 5.93076 6.21897 6.50718 6.77134 6.82202 6.86243 8.49115 10.5031 10.6443 9.96293 8.97989 8.55813 8.47781 8.64309 8.68779 8.68779 8.68779 8.68779 8.68779 8.68779 8.68779 8.02985 6.26664 9.06430 9.16336 9.03388 7.62856 7.41186 6.74948 6.72932 6.71599 6.48390 6.30581 6.28602 6.02166 5.58876 5.56036 5.35305 5.34141 3.14117 2.17669 2.17821 2.22422 2.27369 2.30264 2.30287 2.30451 2.31045 2.35681
3.56559 3.64676 3.72109 3.78943 3.85241 3.91074 3.96486 3.99246 3.99246 4.19967 5.05892 5.33944 5.33581 5.54368 6.01154 6.29962 6.58771 6.80796 6.86243 7.26929 7.69452 8.05375 8.36124 8.60894 8.97944 10.8810 10.8810 10.4969 9.69957 9.03051 8.70347 8.68779 8.68779 8.68779 8.71225 8.96283 9.26791 9.57346 9.87854 10.0737 6.22328 8.30031 9.01891 9.01490 7.84081 7.49454 6.74765 6.76302 6.81138 6.68846 6.19686 6.19070 6.14410 5.55490 5.56954 5.48131 5.42878 4.09251 2.36955 2.31292 2.32767 2.33995 2.34742 2.35518 2.36103 2.36131 2.37648
3.99246 3.99246 3.99246 3.99246 3.99246 3.99246 3.99246 3.99246 3.99075 4.02835 5.06100 5.73531 5.88005 6.27946 7.26929 7.69452 8.05375 8.36124 8.60894 8.65574 8.65574 8.65574 8.65574 8.65574 8.65723 10.6396 10.8810 10.9586 10.6119 9.88038 9.87633 10.0709 10.3760 10.6813 10.9619 11.0167 11.0167 11.0167 11.0167 11.0167 7.25988 7.48527 9.05247 9.11046 8.41991 7.71885 7.09914 6.91588 6.85359 6.70524 5.94879 5.82067 5.74666 5.40064 5.30282 5.20856 5.14542 4.77713 2.30214 2.37520 2.36131 2.36131 2.36131 2.36131 2.36131 2.36131 2.36131
3.99246 3.99246 3.99246 3.99246 3.98773 3.93142 3.86730 3.80984 3.76014 3.79281 5.06782 6.67188 6.99170 7.49156 8.60987 8.65574 8.65574 8.65574 8.65574 8.66477 8.73700 8.82144 8.90587 8.99025 9.07481 11.8483 13.7955 13.9857 13.2279 11.9047 11.2337 11.0167 11.0167 11.0167 11.0167 11.0167 11.0167 11.0278 11.0930 11.1655 8.71699 6.86536 9.27033 8.91551 8.09015 6.87583 6.40119 6.09242 6.15713 6.28716 5.95709 5.84370 5.94230 5.74609 5.46816 5.42326 5.26514 5.26452 2.63952 2.40964 2.36131 2.36131 2.36131 2.36131 2.35749 2.35435 2.35269
