High_resolution/powerplant/Fengdu/OMI_NO2_200511.asc
ncols      200
nrows      200
xllcorner       105.978
yllcorner       28.1831
cellsize     0.0166667
NODATA_Value      -999.000
[rows 87 to 115 of 200, columns 130 to 194 of 200]
1.70821 1.54766 1.38671 1.03861 0.663941 0.663941 0.663941 0.663941 0.663941 0.663941 0.663941 0.663941 0.663941 0.663941 0.663941 0.663941 0.663941 0.663941 0.663941 0.631286 0.612715 0.612715 0.612715 0.612715 0.612715 0.612715 0.612715 0.612715 0.612715 0.612715 0.612715 0.612715 0.612715 0.612715 0.612715 0.707224 0.782557 0.782557 0.782557 0.782557 0.782557 0.782557 0.782557 0.782557 0.782557 0.782557 0.782557 0.782557 0.782557 0.782557 0.782557 0.718841 0.278876 0.278876 0.278876 0.278876 0.278876 0.278876 0.278876 0.278876 0.278876 0.278876 0.278876 0.278876 0.278876
0.641247 0.641247 0.641247 0.645480 0.663941 0.663941 0.663941 0.663941 0.663941 0.663941 0.663941 0.663941 0.663941 0.663941 0.663941 0.663941 0.663941 0.663941 0.663941 0.643738 0.612715 0.612715 0.612715 0.612715 0.612715 0.612715 0.612715 0.612715 0.612715 0.612715 0.612715 0.612715 0.612715 0.612715 0.612715 0.666407 0.782557 0.782557 0.782557 0.782557 0.782557 0.782557 0.782557 0.782557 0.782557 0.782557 0.782557 0.782557 0.782557 0.782557 0.782557 0.782507 0.334885 0.278876 0.278876 0.278876 0.278876 0.278876 0.278876 0.278876 0.278876 0.278876 0.278876 0.278876 0.278876
0.641247 0.641247 0.641247 0.641435 0.662405 0.663941 0.663941 0.663941 0.663941 0.663941 0.663941 0.663941 0.663941 0.663941 0.663941 0.663941 0.663941 0.663941 0.663941 0.656187 0.612715 0.612715 0.612715 0.612715 0.612715 0.612715 0.612715 0.612715 0.612715 0.612715 0.612715 0.612715 0.612715 0.612715 0.612715 0.626268 0.781878 0.782557 0.782557 0.782557 0.782557 0.782557 0.782557 0.782557 0.782557 0.782557 0.782557 0.782557 0.789245 0.820164 0.853248 0.886267 0.587044 0.278876 0.278876 0.278876 0.278876 0.278876 0.278876 0.00000 0.00000 0.00000 0.00000 0.00000 0.00000
0.641247 0.641247 0.641247 0.641247 0.656998 0.663941 0.663941 0.663941 0.663941 0.663941 0.663941 0.663941 0.663941 0.663941 0.663941 0.663941 0.663941 0.663941 0.663941 0.663849 0.617514 0.612715 0.612715 0.612715 0.612715 0.612715 0.612715 0.612715 0.612715 0.612715 0.612715 0.612715 0.612715 0.612715 0.612715 0.612715 0.754618 0.782557 0.785368 0.812668 0.845752 0.878836 0.911855 0.944875 0.977991 1.01104 1.04406 1.07715 1.10348 1.10564 1.10564 1.10564 1.10564 0.00000 0.00000 0.00000 0.00000 0.00000 0.00000 0.00000 0.00000 0.00000 0.00000 0.00000 0.00000
0.641247 0.641247 0.641247 0.641247 0.651418 0.663941 0.663941 0.663941 0.663941 0.663941 0.663941 0.663941 0.663941 0.663941 0.663941 0.663941 0.663941 0.663941 0.663941 0.663941 0.629869 0.612715 0.612715 0.612715 0.612715 0.612715 0.612715 0.612715 0.612715 0.604930 0.580824 0.556170 0.531539 0.506908 0.482300 0.457623 0.787596 1.06968 1.09992 1.10564 1.10564 1.10564 1.10564 1.10564 1.10564 1.10564 1.10564 1.10564 1.10564 1.10564 1.10564 1.10564 1.10564 0.00000 0.00000 0.00000 0.00000 0.00000 0.00000 0.00000 0.00000 0.00000 0.00000 0.00000 0.00000
0.641247 0.641247 0.641247 0.641247 0.645822 0.663941 0.663941 0.663941 0.663941 0.663941 0.663941 0.663941 0.663941 0.663941 0.663941 0.663941 0.663941 0.663941 0.663941 0.663941 0.665492 0.574227 0.549596 0.524988 0.500356 0.475702 0.451048 0.426440 0.401809 0.384962 0.384437 0.384437 0.384437 0.384437 0.384437 0.384437 0.640037 1.10564 1.10564 1.10564 1.10564 1.10564 1.10564 1.10564 1.10564 1.10564 1.10564 1.10564 1.10564 1.10564 1.10564 1.10564 1.10564 1.10564 0.00000 0.00000 0.00000 0.00000 0.00000 0.00000 0.00000 0.00000 0.00000 0.00000 0.00000
0.641247 0.641247 0.641247 0.641247 0.641535 0.662648 0.663941 0.663941 0.663941 0.663941 0.663941 0.706139 0.822363 0.939832 1.05730 1.17498 1.29245 1.40991 1.52749 1.64496 1.46430 0.384437 0.384437 0.384437 0.384437 0.384437 0.384437 0.384437 0.384437 0.384437 0.384437 0.384437 0.384437 0.384437 0.384437 0.384437 0.466527 1.10557 1.10564 1.10564 1.10564 1.10564 1.10564 1.10564 1.10564 1.10564 1.10564 1.10564 1.10564 1.10564 1.10564 1.10564 1.10564 1.10564 0.00000 0.00000 0.00000 0.00000 0.00000 0.00000 0.00000 0.00000 0.00000 0.00000 0.00000
0.641247 0.641247 0.641247 0.641247 0.641247 0.941177 1.15403 1.27150 1.38897 1.50654 1.62401 1.69939 1.70073 1.70073 1.70073 1.70073 1.70073 1.70073 1.70073 1.70073 1.69139 0.475920 0.384437 0.384437 0.384437 0.384437 0.384437 0.384437 0.384437 0.384437 0.384437 0.384437 0.384437 0.384437 0.384437 0.384437 0.384437 1.01430 1.10564 1.10564 1.10564 1.10564 1.10564 1.10564 1.10564 1.10564 1.10564 1.10564 1.10564 1.10564 1.10564 1.10564 1.10564 1.10564 0.00000 0.00000 0.00000 0.00000 0.00000 0.00000 0.00000 0.00000 0.00000 0.00000 0.00000
0.641247 0.641247 0.641247 0.00000 0.00000 1.70073 1.70073 1.70073 1.70073 1.70073 1.70073 1.70073 1.70073 1.70073 1.70073 1.70073 1.70073 1.70073 1.70073 1.70073 1.70073 0.785027 0.384437 0.384437 0.384437 0.384437 0.384437 0.384437 0.384437 0.384437 0.384437 0.384437 0.384437 0.384437 0.384437 0.384437 0.384437 0.840618 1.10564 1.10564 1.10564 1.10564 1.10564 1.10564 1.10564 1.10564 1.10564 1.10564 1.10564 1.10564 1.10564 1.10564 1.10564 1.10564 0.00000 0.00000 0.00000 0.00000 0.00000 0.00000 0.00000 0.00000 0.250453 0.250453 0.250453
0.00000 0.00000 0.00000 0.00000 0.00000 1.70073 1.70073 1.70073 1.70073 1.70073 1.70073 1.70073 1.70073 1.70073 1.70073 1.70073 1.70073 1.70073 1.70073 1.70073 1.70073 1.10379 0.384437 0.384437 0.384437 0.384437 0.384437 0.384437 0.384437 0.384437 0.384437 0.384437 0.384437 0.384437 0.384437 0.384437 0.384437 0.666917 1.10564 1.10564 1.10564 1.10564 1.10564 1.10564 1.10564 1.10564 1.10564 1.10564 1.10564 1.10564 1.10564 1.10564 1.10564 1.10564 0.322197 0.250453 0.250453 0.250453 0.250453 0.250453 0.250453 0.250453 0.250453 0.250453 0.250453
0.00000 0.00000 0.00000 0.00000 0.00000 1.70073 1.70073 1.70073 1.70073 1.70073 1.70073 1.70073 1.70073 1.70073 1.70073 1.70073 1.70073 1.70073 1.70073 1.70073 1.70073 1.42247 0.384437 0.384437 0.384437 0.384437 0.384437 0.384437 0.384437 0.384437 0.384437 0.384437 0.384437 0.384437 0.384437 0.384437 0.384437 0.493411 1.10564 1.10564 1.10564 1.10564 1.10564 1.10564 1.10564 1.10564 1.10564 1.10564 1.10564 1.10564 1.10564 1.10564 1.10564 0.00000 0.250453 0.250453 0.250453 0.250453 0.250453 0.250453 0.250453 0.250453 0.250453 0.250453 0.250453
0.00000 0.00000 0.00000 0.00000 0.00000 0.00000 1.70073 1.70073 1.70073 1.70073 1.70073 1.70073 1.70073 1.70073 1.70073 1.70073 1.70073 1.70073 1.70073 1.70073 1.70073 1.67862 0.446961 0.384437 0.384437 0.384437 0.384437 0.384437 0.384437 0.384437 0.384437 0.384437 0.384437 0.385351 0.387504 0.389661 0.391824 0.395421 0.975527 1.10564 1.10564 1.10564 1.10564 0.00000 0.00000 0.00000 0.00000 0.00000 0.00000 0.00000 0.00000 0.00000 0.00000 0.00000 0.250453 0.250453 0.250453 0.250453 0.250453 0.250453 0.250453 0.250453 0.250453 0.250453 0.250453
0.00000 0.00000 0.00000 0.00000 0.00000 0.00000 1.70073 1.70073 1.70073 1.70073 1.70073 1.70073 1.70073 1.70073 1.70073 1.70073 1.70073 1.70073 1.70073 1.70073 1.70073 1.70073 0.743392 0.384471 0.385906 0.388065 0.390224 0.392385 0.394540 0.396701 0.398856 0.401019 0.403178 0.404421 0.404427 0.404427 0.404427 0.404427 0.404427 0.00000 0.00000 0.00000 0.00000 0.00000 0.00000 0.00000 0.00000 0.00000 0.00000 0.00000 0.00000 0.00000 0.00000 0.00000 0.250453 0.250453 0.250453 0.250453 0.250453 0.250453 0.250453 0.250453 0.250453 0.250453 0.250453
0.00000 0.00000 0.00000 0.00000 0.00000 0.00000 1.70073 1.70073 1.70073 1.70073 1.70073 1.70073 1.70073 1.70073 1.70073 1.60588 1.42149 1.23758 1.05303 0.869280 0.684889 0.500820 0.356373 0.403706 0.404427 0.404427 0.404427 0.404427 0.404427 0.404427 0.404427 0.404427 0.404427 0.404427 0.404427 0.404427 0.404427 0.404427 0.404427 0.00000 0.00000 0.00000 0.00000 0.00000 0.00000 0.00000 0.00000 0.00000 0.00000 0.00000 0.00000 0.00000 0.00000 0.00000 0.250453 0.250453 0.250453 0.250453 0.250453 0.250453 0.250453 0.250453 0.250453 0.250453 0.250453
0.00000 0.00000 0.00000 0.00000 0.00000 0.00000 1.70073 1.47568 1.28178 1.09739 0.913482 0.728929 0.545183 0.360792 0.176562 0.0875122 0.0875122 0.0875122 0.0875122 0.0875122 0.0875122 0.0875122 0.163976 0.404427 0.404427 0.404427 0.404427 0.404427 0.404427 0.404427 0.404427 0.404427 0.404427 0.404427 0.404427 0.404427 0.404427 0.404427 0.404427 0.00000 0.00000 0.00000 0.00000 0.00000 0.00000 0.00000 0.00000 0.00000 0.00000 0.00000 0.00000 0.00000 0.00000 0.00000 0.00000 0.250453 0.250453 0.250453 0.250453 0.250453 0.250453 0.250453 0.250453 0.250453 0.250453
0.00000 0.00000 0.00000 0.00000 0.00000 0.00000 0.00000 0.0875122 0.0875122 0.0875122 0.0875122 0.0875122 0.0875122 0.0875122 0.0875122 0.0875122 0.0875122 0.0875122 0.0875122 0.0875122 0.0875122 0.0875122 0.0968295 0.394414 0.404427 0.404427 0.404427 0.404427 0.404427 0.404427 0.404427 0.404427 0.404427 0.404427 0.404427 0.404427 0.404427 0.404427 0.404427 0.404427 0.00000 0.00000 0.00000 0.00000 0.00000 0.00000 0.00000 0.00000 0.00000 0.00000 0.00000 0.00000 0.00000 0.00000 0.00000 0.250453 0.250453 0.250453 0.250453 0.250453 0.250453 0.250453 0.250453 0.250453 0.250453
0.00000 0.00000 0.00000 0.00000 0.00000 0.00000 0.00000 0.0875122 0.0875122 0.0875122 0.0875122 0.0875122 0.0875122 0.0875122 0.0875122 0.0875122 0.0875122 0.0875122 0.0875122 0.0875122 0.0875122 0.0875122 0.0875122 0.326625 0.404427 0.404427 0.404427 0.404427 0.404427 0.404427 0.404427 0.404427 0.404427 0.404427 0.404427 0.404427 0.404427 0.404427 0.404427 0.404427 0.00000 0.00000 0.00000 0.00000 0.00000 0.00000 0.00000 0.00000 0.00000 0.00000 0.00000 0.00000 0.00000 0.00000 0.00000 0.250453 0.266964 0.361655 0.465858 0.570828 0.675141 0.779782 0.884314 0.988737 1.09349
0.00000 0.00000 0.00000 0.00000 0.00000 0.00000 0.00000 0.0875122 0.0875122 0.0875122 0.0875122 0.0875122 0.0875122 0.0875122 0.0875122 0.0875122 0.0875122 0.0875122 0.0875122 0.0875122 0.0875122 0.0875122 0.0875122 0.249440 0.404427 0.404427 0.404427 0.404427 0.404427 0.404427 0.404427 0.404427 0.404427 0.404427 0.404427 0.404427 0.404427 0.404427 0.404427 0.404427 0.00000 0.00000 0.00000 0.00000 0.00000 0.00000 0.0227795 0.0227795 0.0227795 0.0227795 0.0227795 0.0227795 0.0227795 0.0227795 0.0227795 0.137629 1.33105 1.34388 1.34388 1.34388 1.34388 1.34388 1.34388 1.34388 1.34388
0.00000 0.00000 0.00000 0.00000 0.00000 0.00000 0.00000 0.0875122 0.0875122 0.0875122 0.0875122 0.0875122 0.0875122 0.0875122 0.0875122 0.0875122 0.0875122 0.0875122 0.0875122 0.0875122 0.0875122 0.0875122 0.0875122 0.172350 0.404427 0.404427 0.404427 0.404427 0.404427 0.404427 0.404427 0.404427 0.404427 0.404427 0.404427 0.404427 0.404545 0.475020 0.602558 0.709827 0.0227795 0.0227795 0.0227795 0.0227795 0.0227795 0.0227795 0.0227795 0.0227795 0.0227795 0.0227795 0.0227795 0.0227795 0.0227795 0.0227795 0.0227795 0.0227795 1.14570 1.34388 1.34388 1.34388 1.34388 1.34388 1.34388 1.34388 1.34388
0.00000 0.00000 0.00000 0.00000 0.00000 0.00000 0.00000 0.00000 0.0875122 0.0875122 0.0875122 0.0875122 0.0875122 0.0875122 0.0875122 0.0875122 0.0875122 0.0875122 0.0875122 0.0875122 0.0875122 0.0875122 0.0875122 0.101361 0.398247 0.404427 0.404427 0.410075 0.505846 0.633383 0.760568 0.887635 1.01541 1.14248 1.26966 1.39720 1.52415 1.58097 1.58097 1.53781 0.0731143 0.0227795 0.0227795 0.0227795 0.0227795 0.0227795 0.0227795 0.0227795 0.0227795 0.0227795 0.0227795 0.0227795 0.0227795 0.0227795 0.0227795 0.0227795 0.833673 1.34388 1.34388 1.34388 1.34388 1.34388 1.34388 1.34388 1.34388
0.00000 0.00000 0.00000 0.00000 0.00000 0.00000 0.00000 0.00000 0.0875122 0.0875122 0.0875122 0.0875122 0.0875122 0.0875122 0.0875122 0.0875122 0.0875122 0.0875122 0.0897722 0.136667 0.200908 0.265092 0.329276 0.393573 1.00454 1.30049 1.42802 1.54968 1.58097 1.58097 1.58097 1.58097 1.58097 1.58097 1.58097 1.58097 1.58097 1.58097 1.58097 1.58097 0.404302 0.0227795 0.0227795 0.0227795 0.0227795 0.0227795 0.0227795 0.0227795 0.0227795 0.0227795 0.0227795 0.0227795 0.0227795 0.0227795 0.0227795 0.0227795 0.521414 1.34388 1.34388 1.34388 1.34388 1.34388 1.34388 1.34388 1.34388
0.00000 0.00000 0.00000 0.00000 0.00000 0.00000 0.00000 0.00000 0.0875122 0.0876252 0.123729 0.187856 0.252210 0.316337 0.380465 0.444819 0.509003 0.573243 0.635280 0.652513 0.652513 0.652513 0.652513 0.652513 1.15291 1.58097 1.58097 1.58097 1.58097 1.58097 1.58097 1.58097 1.58097 1.58097 1.58097 1.58097 1.58097 1.58097 1.58097 1.58097 0.778967 0.0227795 0.0227795 0.0227795 0.0227795 0.0227795 0.0227795 0.0227795 0.0227795 0.0227795 0.0227795 0.0227795 0.0227795 0.0227795 0.0227795 0.0227795 0.209583 1.34388 1.34388 1.34388 1.34388 1.34388 1.34388 1.34388 1.34388
0.00000 0.114369 0.114369 0.114369 0.114369 0.114369 0.114369 0.114369 0.133065 0.614527 0.652513 0.652513 0.652513 0.652513 0.652513 0.652513 0.652513 0.652513 0.652513 0.652513 0.652513 0.652513 0.652513 0.652513 0.928173 1.58097 1.58097 1.58097 1.58097 1.58097 1.58097 1.58097 1.58097 1.58097 1.58097 1.58097 1.58097 1.58097 1.58097 1.58097 1.15352 0.0227795 0.0227795 0.0227795 0.0227795 0.0227795 0.0227795 0.0227795 0.0227795 0.0227795 0.0227795 0.0227795 0.0227795 0.0227795 0.0227795 0.0227795 0.0242329 1.21706 1.34388 1.34388 1.34388 1.34388 1.34388 1.34388 1.34388
0.114369 0.114369 0.114369 0.114369 0.114369 0.114369 0.114369 0.114369 0.114369 0.535551 0.652513 0.652513 0.652513 0.652513 0.652513 0.652513 0.652513 0.652513 0.652513 0.652513 0.652513 0.652513 0.652513 0.652513 0.711755 1.57262 1.58097 1.58097 1.58097 1.58097 1.58097 1.58097 1.58097 1.58097 1.58097 1.58097 1.58097 1.58097 1.58097 1.58097 1.50400 0.0467757 0.0227795 0.0227795 0.0227795 0.0227795 0.0227795 0.0227795 0.0227795 0.0227795 0.0227795 0.0227795 0.0227795 0.0227795 0.0227795 0.0227795 0.0227795 0.906597 1.34388 1.34388 1.34275 1.32891 1.31169 1.29442 1.27713
0.114369 0.114369 0.114369 0.114369 0.114369 0.114369 0.114369 0.114369 0.114369 0.404002 0.652513 0.652513 0.652513 0.652513 0.652513 0.652513 0.652513 0.652513 0.652513 0.652513 0.652513 0.652513 0.652513 0.652513 0.652513 1.40717 1.58097 1.58097 1.58097 1.58097 1.58097 1.58097 1.58097 1.58097 1.58097 1.58097 1.58097 1.58097 1.58097 1.58097 1.58097 0.344391 0.0227795 0.0227795 0.0227795 0.0227795 0.0227795 0.0227795 0.0227795 0.0227795 0.0308318 0.143846 0.287938 0.432031 0.576124 0.720216 0.864592 1.11905 1.20155 1.18432 1.16820 1.16474 1.16474 1.16474 1.16474
0.114369 0.114369 0.114369 0.114369 0.114369 0.114369 0.114369 0.114369 0.114369 0.272399 0.652513 0.652513 0.652513 0.652513 0.652513 0.652513 0.652513 0.652513 0.652513 0.652513 0.652513 0.652513 0.652513 0.652513 0.652513 1.18244 1.58097 1.58097 1.58097 1.58097 1.58097 1.58097 1.58097 1.58097 1.58097 1.58097 1.58097 1.58097 1.58097 1.58097 1.58038 0.749796 0.258837 0.402930 0.547023 0.691115 0.835349 0.979583 1.12368 1.26779 1.40409 1.43545 1.43545 1.43545 1.43545 1.43545 1.43545 1.38234 1.16474 1.16474 1.16474 1.16474 1.16474 1.16474 1.16474
0.114369 0.114369 0.114369 0.114369 0.114369 0.114369 0.114369 0.114369 0.114369 0.146765 0.646647 0.652513 0.652513 0.652513 0.652513 0.652513 0.652513 0.652513 0.652513 0.652513 0.652513 0.652513 0.652513 0.652513 0.652513 0.957698 1.58097 1.58097 1.58097 1.58097 1.58097 1.57116 1.46747 1.34025 1.21303 1.08569 0.958355 0.831254 0.704034 0.576696 0.450068 0.723821 1.43545 1.43545 1.43545 1.43545 1.43545 1.43545 1.43545 1.43545 1.43545 1.43545 1.43545 1.43545 1.43545 1.43545 1.43545 1.43199 1.17909 1.16474 1.16474 1.16474 1.16474 1.16474 1.16474
0.114369 0.114369 0.114369 0.114369 0.114369 0.114369 0.114369 0.114369 0.114369 0.114369 0.547467 0.652513 0.652513 0.652513 0.652513 0.652513 0.652513 0.652513 0.652513 0.652513 0.652513 0.652513 0.650167 0.631554 0.609934 0.663460 1.04884 0.921230 0.794129 0.666909 0.539689 0.422047 0.398636 0.398636 0.398636 0.398636 0.398636 0.398636 0.398636 0.398636 0.398636 0.480122 1.43099 1.43545 1.43545 1.43545 1.43545 1.43545 1.43545 1.43545 1.43545 1.43545 1.43545 1.43545 1.43545 1.43545 1.43545 1.43545 1.23961 1.16474 1.16474 1.16474 1.16474 1.16474 1.16474
0.114369 0.114369 0.114369 0.114369 0.114369 0.114369 0.114369 0.114369 0.114369 0.114369 0.415891 0.652513 0.652513 0.652078 0.637248 0.615608 0.593950 0.572311 0.550652 0.529013 0.507373 0.485696 0.466421 0.463356 0.463356 0.463356 0.408681 0.398636 0.398636 0.398636 0.398636 0.398636 0.398636 0.398636 0.398636 0.398636 0.398636 0.398636 0.398636 0.398636 0.398636 0.398636 1.26438 1.43545 1.43545 1.43545 1.43545 1.43545 1.43545 1.43545 1.43545 1.43545 1.43545 1.43545 1.43545 1.43545 1.43545 1.43545 1.30371 1.16474 1.16474 1.16474 1.16474 1.16474 1.16474
