High_resolution/powerplant/Fengdu/OMI_NO2_201105.asc
ncols      200
nrows      200
xllcorner       105.978
yllcorner       28.1831
cellsize     0.0166667
NODATA_Value      -999.000
[rows 58 to 86 of 200, columns 132 to 197 of 200]
2.19959 2.19959 2.19959 2.19959 2.19959 2.19959 2.19959 2.02243 1.96385 2.03088 2.11925 2.19716 2.19959 1.81917 1.39140 1.62264 1.93320 1.93320 1.93320 1.93320 1.93320 1.93320 1.93320 2.00088 2.07702 2.07157 2.02240 1.96380 1.90522 1.84664 1.80391 1.80900 2.20152 2.01863 1.81975 1.68769 1.68453 1.68453 1.68453 1.42796 1.00439 1.00439 1.00439 0.894925 0.670223 0.670223 0.670223 0.670223 0.670223 0.670223 0.670223 0.670223 0.670223 0.670223 0.670223 0.670223 0.670223 0.670223 0.670223 0.670223 0.681667 0.764486 0.852446 0.863879 0.840961 0.780884
2.19959 2.19959 2.19959 2.19959 2.19959 2.19959 2.19959 2.19959 2.19959 2.19959 2.19959 2.19959 2.19959 2.06068 1.39140 1.40899 1.91115 1.93320 1.93320 1.93320 1.93245 1.87793 1.79007 1.73242 1.86371 1.81131 1.80187 1.79888 1.70736 1.57476 1.44207 1.32716 1.55790 1.68453 1.68453 1.68453 1.68453 1.68453 1.68453 1.57769 1.00439 1.00439 1.00439 0.990752 0.683889 0.670223 0.670223 0.670223 0.670223 0.670223 0.670223 0.670223 0.670223 0.670223 0.670223 0.670223 0.674230 0.739866 0.766665 0.774480 0.773091 0.731824 0.695179 0.688359 0.688359 0.688359
2.19959 2.19959 2.19959 2.19959 2.19959 2.19959 2.19959 2.19959 2.19959 2.19959 2.19959 2.19959 2.19959 2.19894 1.49469 1.39140 1.76338 1.81669 1.72886 1.64099 1.55378 1.52048 1.52048 1.52048 1.70563 1.61501 1.48241 1.35280 1.31167 1.31167 1.31167 1.31167 1.44296 1.68453 1.68453 1.68453 1.68059 1.62854 1.55086 1.43520 1.00439 1.00439 1.00439 1.00439 0.779706 0.670223 0.670223 0.670223 0.670223 0.670223 0.670223 0.670223 0.666095 0.669603 0.691589 0.707946 0.718379 0.695179 0.688359 0.688359 0.688359 0.688359 0.688359 0.688359 0.688359 0.688359
2.19959 2.19959 2.19959 2.19959 2.19959 2.19959 2.19959 2.19959 2.19959 2.19959 2.19959 2.19390 2.14226 2.08058 1.35867 0.684496 0.979787 1.52048 1.52048 1.52048 1.48408 1.30077 1.10179 0.902897 1.11694 1.31167 1.31167 1.31167 1.31167 1.31167 1.31167 1.27787 1.24586 1.48927 1.37702 1.23195 1.05153 1.00439 1.00439 1.00439 1.00439 1.00439 1.00439 1.00439 0.889245 0.670223 0.670223 0.667584 0.624674 0.609440 0.634897 0.656304 0.675075 0.688359 0.688359 0.688359 0.688359 0.688359 0.688359 0.688359 0.688359 0.688359 0.688359 0.688359 0.688359 0.688359
2.19959 2.19959 2.19959 2.19959 2.19959 2.19959 2.19959 2.17008 2.10844 2.04679 1.98511 1.92913 1.91911 1.91911 1.54619 0.565963 0.598981 1.33410 1.16231 0.963339 0.800763 0.785174 0.785174 0.785174 0.960611 1.29650 1.23205 1.15558 1.06793 0.966700 0.848330 0.785174 0.785174 0.949770 1.00439 1.00439 1.00439 1.00439 1.00439 1.00439 1.00439 1.00439 1.00320 0.927843 0.824992 0.576410 0.594162 0.617299 0.657476 0.686213 0.686622 0.688329 0.688359 0.688359 0.688359 0.688359 0.688359 0.688359 0.688359 0.688359 0.688359 0.688359 0.688359 0.688359 0.688359 0.688359
2.19959 2.19959 2.19106 2.13631 2.07464 2.01296 1.95129 1.91911 1.91911 1.91911 1.91911 1.91911 1.91911 1.91911 1.88285 0.632944 0.565963 0.732361 0.785174 0.785174 0.785174 0.785174 0.785174 0.785174 0.790134 0.791624 0.785174 0.785174 0.785174 0.785174 0.785174 0.785174 0.785174 0.870868 1.00439 1.00439 1.00439 1.00439 0.943983 0.848975 0.779888 0.723992 0.640933 0.559401 0.460625 0.624642 0.686502 0.686502 0.686502 0.686502 0.686502 0.687906 0.688359 0.688359 0.688359 0.688359 0.688359 0.688359 0.688359 0.688359 0.688359 0.688359 0.688359 0.688359 0.688359 0.688359
2.04084 1.97916 1.92601 1.91911 1.91911 1.91911 1.91911 1.91911 1.91911 1.91911 1.91911 1.91911 1.91911 1.91911 1.91911 1.00073 0.565963 0.661413 0.785174 0.785174 0.785174 0.785174 0.785174 0.785174 0.785174 0.785174 0.785174 0.785174 0.785174 0.785174 0.785174 0.785174 0.785174 0.838060 0.861059 0.788875 0.734241 0.691412 0.644556 0.582626 0.494868 0.373612 0.341758 0.341758 0.341758 0.525089 0.686502 0.686502 0.686502 0.686502 0.686502 0.687363 0.688359 0.688359 0.688359 0.688359 0.688359 0.688359 0.688359 0.688359 0.688359 0.688359 0.688359 0.688359 0.688359 0.688359
1.91911 1.91911 1.91911 1.91911 1.91911 1.91911 1.91911 1.91911 1.91911 1.91911 1.91911 1.91911 1.91911 1.91911 1.91911 1.40438 0.565963 0.574011 0.776787 0.785174 0.785174 0.785174 0.785174 0.785174 0.785174 0.785174 0.785174 0.785174 0.797671 0.882784 0.979666 1.07655 1.17343 1.22433 0.689642 0.603522 0.525055 0.409033 0.341758 0.341758 0.341758 0.341758 0.341758 0.341758 0.341758 0.380909 0.682085 0.686502 0.686502 0.686502 0.686502 0.686820 0.688359 0.688359 0.688359 0.688359 0.688359 0.688359 0.688359 0.688359 0.688359 0.688359 0.688359 0.683544 0.665075 0.647284
1.91911 1.91911 1.91911 1.91911 1.91911 1.91911 1.91911 1.91911 1.91911 1.91911 1.91911 1.91911 1.91911 1.91911 1.91911 1.79814 0.576247 0.565963 0.732681 0.785174 0.785174 0.785174 0.785174 0.787083 0.852838 0.949811 1.04660 1.14344 1.22792 1.23959 1.24331 1.27553 1.32562 1.39837 0.708575 0.341758 0.341758 0.341758 0.341758 0.341758 0.341758 0.341758 0.341758 0.341758 0.341758 0.341758 0.627470 0.686502 0.686502 0.686502 0.686502 0.686504 0.688132 0.688359 0.688359 0.688359 0.688359 0.688359 0.688359 0.685882 0.670380 0.666902 0.667116 0.672224 0.691009 0.708985
1.91911 1.91911 1.91911 1.91911 1.91911 1.91911 1.91911 1.91911 1.91911 1.91911 1.91911 1.91911 1.91911 1.91911 1.91911 1.91911 0.858921 0.565963 0.662323 0.823528 0.919819 1.01666 1.11358 1.20851 1.23959 1.23959 1.24009 1.26330 1.30859 1.37308 1.45824 1.47480 1.47480 1.47480 1.03966 0.341758 0.341758 0.341758 0.341758 0.341758 0.341758 0.341758 0.341758 0.341758 0.341758 0.341758 0.531762 0.686502 0.686502 0.686502 0.686502 0.686502 0.687590 0.688359 0.688359 0.688823 0.689896 0.690103 0.690475 0.693174 0.708868 0.712553 0.712553 0.712553 0.712553 0.712553
1.91911 1.91911 1.91911 1.91911 1.91911 1.91911 1.91911 1.91911 1.91911 1.91911 1.91911 1.91911 1.91911 1.91911 1.91911 1.91911 1.30250 1.16289 1.34972 1.24770 1.23959 1.23959 1.23959 1.25240 1.29327 1.35084 1.43533 1.47480 1.47480 1.47480 1.47480 1.47480 1.47480 1.47480 1.36626 0.347990 0.341758 0.341758 0.341758 0.341758 0.341758 0.341758 0.341758 0.341758 0.341758 0.341758 0.388067 0.683248 0.686502 0.686502 0.687769 0.708123 0.720886 0.713468 0.713661 0.713412 0.712553 0.712553 0.712553 0.712553 0.712553 0.712553 0.712553 0.712553 0.712553 0.712553
1.91911 1.91911 1.91911 1.91911 1.91911 1.91911 1.91911 1.91911 1.91911 1.91911 1.91911 1.91911 1.91911 1.91911 1.91911 0.00000 1.47480 1.47480 1.47480 1.30346 1.27943 1.33111 1.40666 1.47382 1.47480 1.47480 1.47480 1.47480 1.47480 1.47480 1.47480 1.47480 1.47480 1.47480 1.47480 0.572626 0.341758 0.341758 0.341758 0.341758 0.341758 0.341758 0.341758 0.341758 0.341758 0.342411 0.377112 0.683456 0.750155 0.757880 0.764251 0.751519 0.742572 0.713630 0.712553 0.712553 0.712553 0.712553 0.712553 0.712553 0.712553 0.712553 0.712553 0.712553 0.712553 0.712553
1.91911 1.91911 1.91911 1.91911 1.91911 1.91911 1.91911 1.91911 1.91911 1.91911 0.00000 0.00000 0.00000 0.00000 0.00000 0.00000 1.47480 1.47480 1.47480 1.47480 1.47480 1.47480 1.47480 1.47480 1.47480 1.47480 1.47480 1.47480 1.47480 1.47480 1.47480 1.47480 1.47480 1.47480 1.47480 0.905278 0.341758 0.341758 0.341758 0.341758 0.341758 0.369018 0.422857 0.476697 0.541795 0.624277 0.659456 0.706815 0.743853 0.743765 0.743765 0.743765 0.743765 0.721480 0.712553 0.712553 0.712553 0.712553 0.712553 0.712553 0.712553 0.712553 0.712553 0.712553 0.712553 0.712553
1.91911 1.91911 1.91911 1.91911 1.91911 1.91911 0.00000 0.00000 0.00000 0.00000 0.00000 0.00000 0.00000 0.00000 0.00000 0.00000 0.00000 1.47480 1.47480 1.47480 1.47480 1.47480 1.47480 1.47480 1.47480 1.47480 1.47480 1.47480 1.47480 1.47480 1.47480 1.47480 1.47480 1.47480 1.47480 1.23856 0.361472 0.414763 0.468603 0.522416 0.578833 0.631151 0.654152 0.670110 0.679816 0.680577 0.680577 0.686026 0.743026 0.743765 0.743765 0.743765 0.743765 0.730521 0.712553 0.712553 0.712553 0.712553 0.712553 0.712553 0.712553 0.712553 0.712553 0.712553 0.712553 0.712553
1.91911 0.00000 0.00000 0.00000 0.00000 0.00000 0.00000 0.00000 0.00000 0.00000 0.00000 0.00000 0.00000 0.00000 0.00000 0.00000 0.00000 1.47480 1.47480 1.47480 1.47480 1.47480 1.47480 1.47480 1.47480 1.47480 1.47480 1.47480 1.47480 1.47480 1.47480 1.47480 1.47480 1.47480 1.47480 1.43090 0.602276 0.622237 0.648246 0.665912 0.678103 0.680577 0.680577 0.680577 0.680577 0.680577 0.680577 0.680577 0.727944 0.743765 0.743765 0.743765 0.743765 0.739557 0.712559 0.712553 0.712553 0.712553 0.712553 0.712553 0.712553 0.712553 0.712553 0.712553 0.712553 0.712553
0.00000 0.00000 0.00000 0.00000 0.00000 0.00000 0.00000 0.00000 0.00000 0.00000 0.00000 0.00000 0.00000 0.00000 0.00000 0.00000 0.00000 1.47480 1.47480 1.47480 1.47480 1.47480 1.47480 1.47480 1.47480 1.47480 1.47480 1.47480 1.47480 1.47480 1.47480 1.47480 0.00000 0.758292 0.758292 0.758292 0.693662 0.680577 0.680577 0.680577 0.680577 0.680577 0.680577 0.680577 0.680577 0.680577 0.680577 0.680577 0.707414 0.743765 0.743765 0.743765 0.743765 0.743765 0.717400 0.712553 0.712553 0.712553 0.712553 0.712553 0.712553 0.712553 0.758990 0.916787 1.12506 1.39365
0.00000 0.00000 0.00000 0.00000 0.00000 0.00000 0.00000 0.00000 0.00000 0.00000 0.00000 0.00000 0.00000 0.00000 0.00000 0.00000 0.00000 0.00000 1.47480 1.47480 1.47480 1.47480 1.47480 1.47480 1.47480 1.47480 1.47480 0.00000 0.00000 0.758292 0.758292 0.758292 0.758292 0.758292 0.758292 0.758292 0.719982 0.680577 0.680577 0.680577 0.680577 0.680577 0.680577 0.680577 0.680577 0.680577 0.680577 0.680577 0.687275 0.743385 0.743765 0.743765 0.743765 0.743765 0.726442 0.712553 0.712553 0.712553 0.739671 0.915821 1.15848 1.46951 1.80594 2.04042 2.09712 2.09712
0.00000 0.00000 0.00000 0.00000 0.00000 0.00000 0.00000 0.00000 0.00000 0.00000 0.00000 0.00000 0.00000 0.00000 0.00000 0.00000 0.00000 0.00000 1.47480 1.47480 1.47480 1.47480 1.47480 0.00000 0.00000 0.758292 0.758292 0.758292 0.758292 0.758292 0.758292 0.758292 0.758292 0.758292 0.758292 0.758292 0.750147 0.681442 0.680577 0.680577 0.680577 0.680577 0.680577 0.680577 0.680577 0.680577 0.680577 0.680577 0.680577 0.729545 0.743765 0.743765 0.743765 0.744672 0.761538 0.923382 1.20138 1.56980 2.01168 2.09712 2.09712 2.09712 2.09712 2.09712 2.09712 2.09712
0.00000 0.00000 0.00000 0.00000 0.00000 0.00000 0.00000 0.00000 0.00000 0.00000 0.00000 0.00000 0.00000 0.00000 0.00000 0.00000 0.00000 0.00000 0.00000 0.00000 0.00000 0.00000 0.758292 0.758292 0.758292 0.758292 0.758292 0.758292 0.758292 0.758292 0.758292 0.758292 0.758292 0.758292 0.758292 0.758292 0.758292 0.692231 0.680577 0.680577 0.680577 0.680577 0.680577 0.680577 0.680577 0.680577 0.680577 0.680577 0.680725 0.717210 0.776487 0.946768 1.26164 1.68973 2.03407 2.09712 2.09712 2.09712 2.09712 2.09712 2.09712 2.09712 2.09712 2.09712 2.09712 2.09712
0.849571 0.00000 0.00000 0.00000 0.00000 0.00000 0.00000 0.00000 0.00000 0.00000 0.00000 0.00000 0.00000 0.00000 0.00000 0.00000 0.00000 0.00000 0.00000 0.00000 0.00000 0.758292 0.758292 0.758292 0.758292 0.758292 0.758292 0.758292 0.758292 0.758292 0.758292 0.758292 0.758292 0.758292 0.758292 0.758292 0.758292 0.710381 0.680577 0.680577 0.680577 0.680577 0.680577 0.680581 0.685113 0.695204 0.708131 0.722130 0.743103 0.990275 1.98776 2.09712 2.09712 2.09712 2.09712 2.09712 2.09712 2.09712 2.09712 2.09712 2.09712 2.09712 2.09712 2.09712 2.09712 2.09712
0.849571 0.00000 0.00000 0.00000 0.00000 0.00000 0.00000 0.00000 0.00000 0.00000 0.00000 0.00000 0.00000 0.00000 0.00000 0.00000 0.00000 0.00000 0.00000 0.00000 0.00000 0.00000 0.758292 0.758292 0.758292 0.758292 0.758292 0.758292 0.758292 0.758292 0.758292 0.758292 0.758292 0.758292 0.758292 0.758292 0.758292 0.737842 0.680577 0.683777 0.693439 0.705837 0.722167 0.743993 0.758292 0.758292 0.758292 0.758292 0.00000 0.00000 2.09712 2.09712 2.09712 2.09712 2.09712 2.09712 2.09712 2.09712 2.09712 2.09712 2.09712 2.09712 2.09712 2.09712 2.09712 2.09712
1.29697 0.00000 0.00000 0.00000 0.00000 0.00000 0.00000 0.00000 0.00000 0.00000 0.00000 0.00000 0.00000 0.00000 0.00000 0.00000 0.00000 0.00000 0.00000 0.00000 0.00000 0.00000 0.758292 0.758292 0.758292 0.758292 0.758292 0.758292 0.758292 0.758292 0.758292 0.758292 0.758292 0.758292 0.758821 0.760945 0.762594 0.763821 0.744646 0.758056 0.758292 0.758292 0.758292 0.758292 0.00000 0.00000 0.00000 0.00000 0.00000 0.00000 2.09712 2.09712 2.09712 2.09712 2.09712 2.09712 2.09712 2.09712 2.09712 2.09712 2.09712 2.09712 2.09712 2.09712 2.09712 2.09712
2.32883 2.32883 0.00000 0.00000 0.00000 0.00000 0.00000 0.00000 0.00000 0.00000 0.00000 0.00000 0.00000 0.00000 0.00000 0.00000 0.00000 0.00000 0.00000 0.00000 0.00000 0.00000 0.758292 0.758292 0.758292 0.758292 0.758292 0.758292 0.758292 0.758438 0.760346 0.762161 0.763494 0.764514 0.765182 0.765239 0.765739 0.767002 0.766246 0.758292 0.00000 0.00000 0.00000 0.00000 0.00000 0.00000 0.00000 0.00000 0.00000 0.00000 2.09712 2.09712 2.09712 2.09712 2.09712 2.09712 2.09712 2.09712 2.09712 2.09712 2.09712 2.09712 2.09712 2.09712 2.09712 2.09712
2.32883 2.32883 0.00000 0.00000 0.00000 0.00000 0.00000 0.00000 0.00000 0.00000 0.00000 0.00000 0.00000 0.00000 0.00000 0.00000 0.00000 0.00000 0.00000 0.00000 0.00000 0.00000 0.00000 0.758292 0.758292 0.759679 0.761687 0.763139 0.764239 0.765062 0.765239 0.765239 0.765474 0.766579 0.768172 0.770523 0.772185 0.772185 0.772185 0.00000 0.00000 0.00000 0.00000 0.00000 0.00000 0.00000 0.00000 0.00000 0.00000 0.00000 0.00000 2.09712 2.09712 2.09712 2.09712 2.09712 2.09712 2.09712 2.09712 2.09712 2.09712 2.09712 2.09712 2.09712 2.09712 0.00000
2.32883 2.32883 0.00000 0.00000 0.00000 0.00000 0.00000 0.00000 0.00000 0.00000 0.00000 0.00000 0.00000 0.00000 0.00000 0.00000 0.00000 0.00000 0.00000 0.00000 0.772185 0.772185 0.772185 0.767831 0.764867 0.765239 0.765239 0.765239 0.765313 0.766195 0.767631 0.769705 0.772014 0.772185 0.772185 0.772185 0.772185 0.772185 0.772185 0.772185 0.00000 0.00000 0.00000 0.00000 0.00000 0.00000 0.00000 0.00000 0.00000 0.00000 0.00000 2.09712 2.09712 2.09712 2.09712 2.09712 2.08224 2.09712 2.09712 2.09712 2.09712 2.09712 0.00000 0.00000 0.00000 0.00000
2.32883 2.32883 2.32883 0.00000 0.00000 0.00000 0.00000 0.00000 0.00000 0.00000 0.00000 0.00000 0.00000 0.00000 0.00000 0.00000 0.00000 0.00000 0.00000 0.00000 0.772185 0.772185 0.772185 0.771739 0.765419 0.765845 0.767147 0.768991 0.771530 0.772185 0.772185 0.772185 0.772185 0.772185 0.772185 0.772185 0.772185 0.772185 0.772185 0.772185 0.00000 0.00000 0.00000 0.00000 0.00000 0.00000 0.00000 0.00000 0.00000 0.00000 0.00000 2.04146 1.88035 1.65914 1.40314 1.10811 0.792453 0.833683 0.00000 0.00000 0.00000 0.00000 0.00000 0.00000 0.00000 0.00000
2.32883 2.32883 2.32883 0.00000 0.00000 0.00000 0.00000 0.00000 0.00000 0.00000 0.00000 0.00000 0.00000 0.00000 0.00000 0.00000 0.00000 0.00000 0.00000 0.00000 0.00000 0.772185 0.772185 0.772185 0.771336 0.772185 0.772185 0.772185 0.772185 0.772185 0.772185 0.772185 0.772185 0.772185 0.772185 0.772185 0.772185 0.772185 0.772185 0.772185 0.00000 0.00000 0.00000 0.00000 0.00000 0.00000 0.465394 0.465394 0.465394 0.465394 0.465394 0.465567 0.808440 0.539832 0.465394 0.465394 0.465394 0.465394 0.00000 0.00000 0.00000 0.00000 0.00000 0.00000 0.00000 0.00000
2.32883 2.32883 2.32883 0.00000 0.00000 0.00000 0.00000 0.00000 0.00000 0.00000 0.00000 0.00000 0.00000 0.00000 0.00000 0.00000 0.00000 0.00000 0.00000 0.00000 0.00000 0.772185 0.772185 0.772185 0.772185 0.772185 0.772185 0.772185 0.772185 0.772185 0.772185 0.772185 0.772185 0.772185 0.772185 0.772185 0.772185 0.772185 0.772185 0.772185 0.772185 0.00000 0.465394 0.465394 0.465394 0.465394 0.465394 0.465394 0.465394 0.465394 0.465394 0.465394 0.465394 0.465394 0.465394 0.465394 0.465394 0.465394 0.00000 0.00000 0.00000 0.00000 0.00000 0.00000 0.00000 0.00000
2.32883 2.32883 2.23621 0.00000 0.00000 0.00000 0.00000 0.00000 0.00000 0.00000 0.00000 0.00000 0.00000 0.00000 0.00000 0.00000 0.00000 0.00000 0.00000 0.00000 0.00000 0.772185 0.772185 0.772185 0.772185 0.772185 0.772185 0.772185 0.772185 0.772185 0.772185 0.772185 0.772185 0.772185 0.772185 0.772185 0.772185 0.761909 0.721671 0.679478 0.506145 0.465394 0.465394 0.465394 0.465394 0.465394 0.465394 0.465394 0.465394 0.465394 0.465394 0.465394 0.465394 0.465394 0.465394 0.465394 0.465394 0.465394 0.465394 0.00000 0.00000 0.00000 0.00000 0.00000 0.00000 0.00000
