High_resolution/powerplant/Fengdu/OMI_NO2_200701.asc
ncols      200
nrows      200
xllcorner       105.978
yllcorner       28.1831
cellsize     0.0166667
NODATA_Value      -999.000
[rows 90 to 119 of 200, columns 0 to 65 of 200]
3.84229 3.84229 4.06566 4.83545 4.83545 4.83545 4.83545 4.83545 4.83545 4.83545 4.83545 4.83545 4.83545 4.83545 4.83545 4.83545 4.83545 4.83545 6.22792 8.42357 8.90259 8.90007 8.86113 8.80436 8.73894 8.66270 8.57280 8.52214 8.52214 8.52214 8.52214 8.52214 8.52214 8.52214 8.58963 9.43910 9.45173 9.37451 9.37160 9.37160 9.37160 9.37160 9.37160 9.37160 9.37160 9.44439 9.46368 9.46368 9.46368 9.46368 9.34924 6.57627 6.48328 6.48328 6.55186 6.97804 6.97804 6.97804 6.99810 7.05802 7.11890 7.17995 7.24075 7.43902 7.81932 8.20051
3.84229 3.84229 3.84249 4.77710 4.83545 4.83545 4.83545 4.83545 4.83545 4.83545 4.83545 4.83545 4.83545 4.83545 4.83545 4.83545 4.83545 4.83545 5.22547 7.92428 8.62840 8.54611 8.52214 8.52214 8.52214 8.52214 8.52214 8.52214 8.52214 8.52214 8.52214 8.52214 8.52214 8.52214 8.52214 9.28071 9.45362 9.39157 9.37160 9.37160 9.37160 9.37160 9.37160 9.37160 9.37160 9.42414 9.55989 9.70971 9.85820 10.0072 10.1566 8.13136 7.47406 7.62290 7.77275 7.65981 7.67737 7.79355 8.12797 8.45007 8.77066 9.09106 9.41129 9.59464 9.59554 9.59554
3.84229 3.84229 3.84229 4.62595 4.83545 4.83545 4.83545 4.83545 4.83545 4.83545 4.83545 4.83545 4.83545 4.83545 4.83545 4.83545 4.83545 4.83545 4.83545 7.16319 8.34135 8.52214 8.52214 8.52214 8.52214 8.52214 8.52214 8.52214 8.52214 8.52214 8.52214 8.52214 8.52214 8.52214 8.59302 9.23813 9.71756 9.78109 9.84086 9.94033 10.0397 10.1390 10.2384 10.3376 10.4372 10.7761 11.2635 11.2635 11.2635 11.2635 11.2635 9.92756 8.52505 8.84527 9.16549 9.14269 9.30346 9.56850 9.59554 9.59554 9.59554 9.59554 9.59554 9.59554 9.59554 9.59554
3.84229 3.84229 3.84229 4.42386 4.83545 4.83545 4.83545 4.83545 4.83545 4.83545 4.83545 4.83545 4.83545 4.83545 4.83545 4.83545 4.83545 4.83545 4.83545 6.62073 8.10301 8.52214 8.52250 8.61640 8.77919 8.94161 9.10422 9.26700 9.42979 9.59221 9.75499 9.91778 10.0806 10.2428 10.3347 10.4174 10.6621 10.6356 10.5714 10.5714 10.5714 10.5714 10.5714 10.5714 10.5714 10.7013 11.2621 11.2567 11.2499 11.2412 11.2300 10.8979 10.0984 10.0984 10.0984 9.86965 9.59554 9.59554 9.59554 9.59554 9.59554 9.59554 9.59554 9.59554 9.59554 9.59554
3.84229 3.84229 3.84229 4.14014 4.83545 4.83545 4.83545 4.83545 4.83545 4.83545 4.83545 4.83545 4.83327 4.82335 4.81279 4.80219 4.79165 4.78106 4.77050 6.00257 8.29210 10.1039 10.2662 10.3349 10.3349 10.3349 10.3349 10.3349 10.3349 10.3349 10.3349 10.3349 10.3349 10.3349 10.3349 10.3365 10.6394 10.6561 10.5721 10.5714 10.5704 10.5377 10.4848 10.4242 10.3540 10.3052 11.2034 11.2103 11.2103 11.2103 11.2103 11.2055 10.1607 10.0984 10.0984 9.98420 9.59554 9.59554 9.59554 9.59554 9.59554 9.59554 9.59554 9.59554 9.59554 9.59554
3.84229 3.84229 3.84229 3.85610 4.77609 4.79785 4.78729 4.77672 4.76614 4.75558 4.74500 4.73444 4.72604 4.72539 4.72539 4.72539 4.72539 4.72539 4.72539 5.42553 7.74703 10.3349 10.3349 10.3349 10.3349 10.3418 10.3629 10.3841 10.4053 10.4266 10.4482 10.4696 10.4908 10.5120 10.5332 10.5545 10.7214 10.7634 10.6460 10.5894 10.5469 10.5466 10.5680 10.5894 10.6105 10.6318 11.1049 11.2103 11.2103 11.2103 11.2103 11.2103 10.3607 10.0984 10.0984 10.0843 9.61003 9.59554 9.59554 9.59554 9.59554 9.59554 9.59554 9.59554 9.59554 9.59554
3.88298 3.89127 3.89966 3.90797 4.61430 4.76658 4.77080 4.77495 4.77916 4.78330 4.78752 4.79166 4.79589 4.80001 4.80422 4.80834 4.81258 4.81671 4.82095 5.02136 8.03950 10.6756 11.0337 11.0550 11.0763 11.0911 11.0912 11.0912 11.0912 11.0912 11.0912 11.0912 11.0912 11.0912 11.0912 11.0912 11.0912 11.0912 11.0101 10.9552 10.9552 10.9552 10.9552 10.9552 10.9552 10.9552 11.0818 11.2103 11.2103 11.2103 11.2103 11.2103 10.6453 10.0984 10.0984 10.0984 9.71060 9.59554 9.59554 9.59554 9.59554 9.59554 9.59554 9.59554 9.59554 9.59554
4.08052 4.08052 4.08052 4.08052 4.56594 4.84451 4.84451 4.84451 4.84451 4.84451 4.84451 4.84451 4.84451 4.84451 4.84451 4.84451 4.84451 4.84451 4.84451 4.84451 7.67799 10.0694 11.0912 11.0912 11.0912 11.0912 11.0912 11.0912 11.0912 11.0912 11.0912 11.0912 11.0912 11.0912 11.0912 11.0912 11.0912 11.0912 11.0417 10.9552 10.9552 10.9552 10.9552 10.9552 10.9552 10.9552 11.0325 11.2103 11.2103 11.2103 11.2103 11.2103 11.0587 10.1042 10.0984 10.0984 9.82520 9.59554 9.59554 9.59554 9.59554 9.59554 9.59554 9.54403 9.44261 9.34132
4.08052 4.08052 4.08052 4.08052 4.36523 4.84451 4.84451 4.84451 4.84451 4.84451 4.84451 4.84451 4.84451 4.84451 4.84451 4.84451 4.84451 4.84451 4.84451 4.84451 7.00550 9.38364 11.0912 11.0912 11.0912 11.0912 11.0912 11.0912 11.0912 11.0912 11.0912 11.0912 11.0912 11.0912 11.0912 11.0912 11.0912 11.0912 11.0732 10.9552 10.9552 10.9552 10.9552 10.9552 10.9552 10.9552 10.9942 11.2103 11.2103 11.2103 11.2929 11.7237 12.1961 11.0495 11.0636 11.2995 10.7939 8.82024 8.71922 8.61779 8.52427 8.48487 8.45510 8.47771 8.54949 8.62140
4.08052 4.08052 4.08052 4.08052 4.11909 4.83153 4.84451 4.84451 4.84451 4.84451 4.84451 4.84451 4.84451 4.84451 4.84451 4.84451 4.84451 4.84451 4.84451 4.84451 6.33378 8.69785 11.0912 11.0912 11.0912 11.0912 11.0912 11.0912 11.0912 11.0912 11.0912 11.0912 11.0912 11.0912 11.0912 11.0912 11.0912 11.0912 11.1214 11.2283 11.4611 11.6973 11.9329 12.1697 12.4056 12.6409 12.9566 15.5136 16.0001 16.4702 16.8623 16.9016 16.9016 14.2380 12.9446 12.9887 12.6474 8.46095 8.52482 8.59669 8.66079 8.67103 8.67103 8.67103 8.67103 8.67103
4.08052 4.08052 4.08052 4.08052 4.08052 4.73835 4.84451 4.84451 4.84451 4.84451 4.84451 4.84451 4.84451 4.84451 4.84451 4.84451 4.84451 4.84451 4.84451 4.84451 5.66133 8.18361 10.9199 11.0912 11.0912 11.0912 11.0912 11.1378 11.3119 11.4932 11.6746 11.8561 12.0371 12.2184 12.4000 12.5813 12.7623 12.9438 13.0949 13.5722 13.8008 13.8008 13.8008 13.8008 13.8008 13.8008 13.8008 16.1765 16.9016 16.9016 16.9016 16.9016 16.9016 15.5349 13.3229 13.3505 13.3505 9.33710 8.67103 8.67103 8.67103 8.67103 8.67103 8.67103 8.67103 8.67103
4.08052 4.08052 4.08052 4.08052 4.08052 4.60285 4.84451 4.84451 4.84451 4.84451 4.84451 4.84451 4.84451 4.84451 4.84451 4.84451 4.84405 4.84064 4.83672 4.83281 5.00071 8.10790 11.0433 12.4246 12.6062 12.7875 12.9688 13.1035 13.1106 13.1106 13.1106 13.1106 13.1106 13.1106 13.1106 13.1106 13.1106 13.1106 13.1106 13.4130 13.8008 13.8008 13.8008 13.8008 13.8008 13.8008 13.8008 15.3594 16.9016 16.9016 16.9016 16.9016 16.9016 16.7994 13.4670 13.3505 13.3505 10.4085 8.68660 8.67103 8.67103 8.67103 8.67103 8.67103 8.67103 8.67103
4.08052 4.08052 4.08052 4.08052 4.08052 4.41765 4.84274 4.83883 4.83490 4.83099 4.82707 4.82315 4.81924 4.81531 4.81140 4.80747 4.80402 4.80350 4.80350 4.80350 4.80350 7.58584 10.5302 13.1106 13.1106 13.1106 13.1106 13.1106 13.1106 13.1106 13.1106 13.1106 13.1106 13.1106 13.1106 13.1216 13.1537 13.1854 13.2173 13.3922 13.9711 14.0037 14.0354 14.0672 14.0991 14.1308 14.1630 15.0540 16.9016 16.9016 16.9016 16.9016 16.8974 16.3166 13.5791 12.8814 12.7451 11.3077 9.36806 8.68276 8.67103 8.67103 8.67103 8.67103 8.67103 8.67103
4.08052 4.08052 4.08052 4.08052 4.11972 4.26570 4.89275 4.93310 4.96949 5.00629 5.04268 5.07938 5.11587 5.15257 5.18906 5.22576 5.26246 5.29895 5.33565 5.37214 5.40884 7.58753 10.0835 13.8696 13.9021 13.9340 13.9658 13.9974 14.0294 14.0614 14.0937 14.1256 14.1573 14.1892 14.2210 14.2423 14.2423 14.2423 14.2423 14.2549 14.9036 14.9324 14.9324 14.9324 14.9324 14.9324 14.9324 15.1671 15.9156 15.2504 14.7432 14.3403 14.0156 13.8983 13.2224 12.5320 12.5320 11.9999 9.41234 8.88735 8.67103 8.67103 8.67103 8.67103 8.67103 8.67103
5.91175 5.98578 6.05814 6.13237 6.16573 6.16573 5.87998 5.84611 5.84611 5.84611 5.84611 5.84611 5.84611 5.84611 5.84611 5.84611 5.84611 5.84611 5.84611 5.84611 5.84611 7.32377 9.42867 14.1283 14.2423 14.2423 14.2423 14.2423 14.2423 14.2423 14.2423 14.2423 14.2423 14.2423 14.2423 14.2423 14.2423 14.2423 14.2423 14.2423 14.7570 14.9324 14.9324 14.6869 14.1674 13.9421 13.7463 13.6177 13.8976 13.8983 13.8983 13.8983 13.8983 13.8983 13.6708 12.5328 12.5320 12.5106 9.61575 9.11147 8.67103 8.67103 8.67103 8.67103 8.67103 8.67103
6.16573 6.16573 6.16573 6.16573 6.16573 6.16573 5.93344 5.84611 5.84611 5.84611 5.84611 5.84611 5.84611 5.84611 5.84611 5.84611 5.84611 5.84611 5.84611 5.84611 5.84611 6.63485 9.24488 13.1390 14.2423 14.2423 14.2423 14.2423 14.2423 14.2423 14.2423 14.2423 14.2423 14.2423 14.2423 14.2423 14.2423 14.2423 14.2423 14.2423 14.5977 14.9324 14.9324 14.5711 13.5866 13.5866 13.5866 13.5866 13.8441 13.8983 13.8983 13.8983 13.8983 13.8983 13.8983 12.7008 12.5736 12.6025 10.1232 8.83479 7.90460 7.76897 7.63405 7.48566 7.16067 6.71883
6.16573 6.16573 6.16573 6.16573 6.16573 6.16573 6.00593 5.84611 5.84611 5.84611 5.84611 5.84611 5.84611 5.84611 5.84611 5.84611 5.84611 5.84611 5.84611 5.84611 5.84611 5.98957 9.20160 11.9648 14.2423 14.2423 14.2423 14.2423 14.2423 14.2423 14.2423 14.2423 14.2423 14.2423 14.2423 14.2423 14.2423 14.2423 14.2423 14.2423 14.4384 14.9324 14.9325 14.9454 13.7151 13.6609 13.6899 13.7189 13.9776 14.1835 14.2270 14.2705 14.3139 14.3573 14.4007 13.4128 12.8833 12.8835 10.6550 8.06898 6.26753 5.59945 4.98093 4.21705 4.02446 4.02446
6.16573 6.16573 6.16573 6.16573 6.16573 6.16573 6.10937 5.84629 5.84611 5.84611 5.84611 5.84611 5.84611 5.84611 5.84611 5.84611 5.84611 5.84611 5.84611 5.84611 5.84611 5.84611 8.65516 10.7911 14.2423 14.2423 14.2423 14.2423 14.2423 14.2423 14.2423 14.2611 14.4970 14.7936 15.0905 15.3871 15.6840 15.9807 16.2776 16.5742 16.8098 15.4140 15.4405 15.4594 14.3550 13.9379 13.9379 13.9379 14.1245 14.4253 14.4253 14.4253 14.4253 14.4253 14.4253 14.1271 13.8991 14.2463 12.6199 7.45972 5.71828 4.02446 4.02446 4.02446 4.02446 4.02446
6.16573 6.16573 6.16573 6.16573 6.16573 6.16573 6.16573 5.87052 5.84611 5.84611 5.84611 5.84611 5.84611 5.84611 5.84611 5.84611 5.84611 5.84611 5.84611 5.84611 5.84703 5.86615 8.01238 9.71536 15.3911 15.7190 16.0156 16.3126 16.6092 16.9061 17.2027 17.4808 17.5416 17.5416 17.5416 17.5416 17.5416 17.5416 17.5416 17.5416 17.5416 15.8269 15.4594 15.4594 14.7648 13.9379 13.9379 13.9379 14.0400 14.4253 14.4253 14.4253 14.4253 14.4253 14.4253 14.4253 14.4253 14.4253 14.0989 7.55950 6.61428 4.02446 4.02446 4.02446 4.02446 4.02446
6.16573 6.16573 6.16573 6.16573 6.16573 6.16573 6.16573 5.92096 5.84611 5.84611 5.85290 5.87782 5.90388 5.92978 5.95578 5.98176 6.00771 6.03369 6.05965 6.08565 6.11068 6.11758 7.54900 9.51634 16.2640 17.5416 17.5416 17.5416 17.5416 17.5416 17.5416 17.5416 17.5416 17.5416 17.5416 17.5416 17.5416 17.5416 17.5416 17.5416 17.5416 16.3058 15.4594 15.4594 15.2704 13.9565 13.9843 14.0183 14.0846 14.4256 14.4253 14.4253 14.4253 14.4253 14.4253 14.4253 14.2873 14.0063 13.7249 7.82866 6.05166 4.02711 4.02446 4.02446 4.02446 4.02446
6.15326 6.10953 6.07118 6.03859 6.01073 5.98658 5.96544 5.98274 6.07143 6.09738 6.11657 6.11758 6.12259 6.17287 6.23049 6.29030 6.34809 6.40756 6.46552 6.52498 6.58295 6.64225 7.44816 10.1961 15.1219 18.3237 18.3749 18.4262 18.4772 18.5282 18.5800 18.6317 18.6827 18.7337 18.7852 18.8362 18.8872 18.9384 18.9904 19.0416 19.0926 18.3882 17.1130 17.1640 17.2150 15.4320 15.1309 15.1309 15.1309 14.5366 14.3937 14.1513 13.8703 13.5890 13.3081 13.0266 12.8837 12.8837 12.8837 8.84700 5.91821 4.53869 4.02446 4.02446 4.02446 4.02446
6.87185 6.92805 6.98618 7.04565 7.10361 7.16291 7.22104 7.31155 7.54860 7.60857 7.66603 7.72583 7.77861 7.78797 7.78797 7.78797 7.78797 7.78797 7.78797 7.78797 7.78797 7.78797 7.90585 11.2422 14.3072 19.3310 19.3310 19.3310 19.3310 19.3310 19.3310 19.3310 19.3310 19.3310 19.3310 19.3310 19.3310 19.3310 19.3310 19.3310 19.3310 19.0547 17.2488 17.2488 17.2488 15.8023 14.8575 14.6703 14.4826 13.6240 12.9223 12.8837 12.8837 12.8837 12.8837 12.8837 12.8837 12.8837 12.8837 10.4249 5.91821 5.16835 4.02446 4.02446 4.02446 4.02446
7.57750 7.57750 7.57750 7.57750 7.57750 7.57750 7.57750 7.57788 7.76886 7.78797 7.78797 7.78797 7.78797 7.78797 7.78797 7.78797 7.78797 7.78797 7.78797 7.78797 7.78797 7.78797 7.78797 10.6454 12.4349 19.3310 19.3310 19.3310 19.3310 19.3310 19.3310 19.3310 19.3310 19.3310 19.3310 19.3310 19.3310 19.3310 19.3310 19.3020 18.7073 17.9998 15.9090 15.3439 14.9937 14.6444 14.1032 14.1032 14.1032 13.6259 12.8837 12.8837 12.8837 12.8837 12.8837 12.8837 12.8837 12.8837 12.8837 11.9772 5.92377 5.60808 4.05994 4.07209 4.08428 4.09646
7.57750 7.57750 7.57750 7.57750 7.57750 7.57750 7.57750 7.57750 7.71960 7.78797 7.78797 7.78797 7.78797 7.78797 7.78797 7.78797 7.78797 7.78797 7.78797 7.78797 7.78797 7.78797 7.78797 9.93180 11.3154 18.5762 19.3310 19.3310 19.3310 19.3310 19.3310 19.3310 19.3310 19.3310 19.1878 18.4708 17.8005 17.2281 16.7335 16.3152 16.2054 16.2054 15.2727 14.8173 14.8173 14.8036 14.1420 14.0816 13.8651 13.2890 11.7469 11.3544 10.9620 10.5723 10.1823 9.78933 9.39783 9.00679 8.61669 8.25255 6.21845 5.95800 4.27813 4.18413 4.18413 4.18413
7.57750 7.57750 7.57750 7.57750 7.57750 7.57750 7.57750 7.57750 7.66981 7.78797 7.78797 7.78797 7.78797 7.78797 7.78797 7.78797 7.78797 7.78797 7.78797 7.78797 7.78797 7.78797 7.78797 9.21685 11.3058 16.7123 19.3310 19.3310 19.3310 19.3310 18.3458 17.6100 17.0640 16.5908 16.2412 16.2054 16.1809 16.1261 16.0711 16.0161 15.9612 15.9062 14.6422 12.7468 12.4864 12.2264 11.4748 11.0116 10.9661 10.7875 8.17855 8.17813 8.17813 8.17813 8.17813 8.17813 8.17813 8.17813 8.17813 8.17813 6.71464 5.99804 4.92999 4.18413 4.18413 4.18413
7.57750 7.57750 7.57750 7.57750 7.57750 7.57750 7.57750 7.57750 7.62019 7.78797 7.78797 7.78797 7.78797 7.78797 7.78797 7.78797 7.78797 7.78797 7.78797 7.78797 7.78797 7.78797 7.78797 8.50263 11.3057 14.8102 19.1972 19.1148 19.0324 18.9499 16.5931 15.8415 15.7865 15.7316 15.6766 15.6218 15.5911 15.5911 15.5911 15.5911 15.5911 15.5911 14.7683 11.6802 11.6802 11.6802 11.3885 10.9661 10.9661 10.9661 8.59647 8.17813 8.17813 8.17813 8.17813 8.17813 8.17813 8.17813 8.17813 8.17813 7.21148 5.99804 5.44717 4.18413 4.18413 4.18413
7.57750 7.57750 7.57750 7.57750 7.57750 7.57750 7.57750 7.57750 7.58066 7.77770 7.78797 7.78797 7.78797 7.78797 7.78653 7.77680 7.76570 7.75467 7.74358 7.73252 7.72146 7.71038 7.69933 7.77794 11.1057 12.6835 18.4096 18.4096 18.4096 18.4096 16.9921 15.5911 15.5911 15.5911 15.5911 15.5911 15.5911 15.5911 15.5911 15.5911 15.5911 15.5911 15.5149 11.8363 11.6802 11.6802 11.5869 10.9662 10.9661 10.9661 9.28486 8.17813 8.17813 8.17813 8.17813 8.17813 8.17813 8.17813 8.17813 8.19434 7.69233 5.47142 4.98170 4.18413 4.18413 4.18413
7.57750 7.57750 7.57750 7.57750 7.56464 7.50355 7.43790 7.37219 7.30660 7.58611 7.71659 7.70551 7.69447 7.68339 7.67375 7.67243 7.67243 7.67243 7.67243 7.67243 7.67243 7.67195 7.67121 7.67043 10.3477 11.0988 17.8347 18.1139 18.0742 18.0338 17.5343 15.2888 15.2606 15.2342 15.2076 15.1810 15.1544 15.1274 15.1008 15.0744 15.0476 15.0211 14.9946 12.0403 11.0303 11.0034 10.9769 10.3419 10.2096 10.1831 9.36307 8.17813 8.17813 8.18138 8.21254 8.25696 8.31253 8.38388 8.47900 8.54423 8.44576 4.33674 4.18413 4.18413 4.18413 4.18413
7.18290 7.11637 7.04989 6.98356 6.93000 6.92463 6.92386 6.92311 6.92235 7.28665 7.65877 7.65801 7.65726 7.65650 7.65575 7.65498 7.65423 7.65347 7.65272 7.65195 7.65121 7.65092 7.65092 7.65092 8.92801 9.79730 15.1348 17.0166 17.0166 17.0166 17.0166 14.9309 14.6625 14.6625 14.6625 14.6625 14.6625 14.6625 14.6625 14.6625 14.6625 14.6625 14.6625 12.6393 10.7516 10.7516 10.7516 10.3416 10.0960 10.2476 9.98191 8.34414 8.42562 8.52401 8.54430 8.54430 8.54430 8.54430 8.54430 8.54430 8.54430 5.23144 4.18413 4.18413 4.18413 4.18413
6.88201 6.91299 6.91299 6.91299 6.91299 6.91299 6.91299 6.91299 6.91299 7.10409 7.65092 7.65092 7.65092 7.65092 7.65092 7.65092 7.65092 7.65092 7.65092 7.65092 7.65092 7.65092 7.65092 7.65092 8.49488 9.79730 13.4467 17.0166 17.0166 17.0166 17.0166 15.4806 14.6625 14.6625 14.6625 14.6625 14.6625 14.6625 14.6625 14.6625 14.6625 14.6625 14.6583 13.4316 10.4917 10.3423 10.1928 10.2729 11.1493 11.1503 11.0146 8.54430 8.54430 8.54430 8.54430 8.54430 8.54430 8.54430 8.54430 8.54430 8.54430 6.22600 4.18413 4.18413 4.15069 3.98671
