High_resolution/powerplant/Fengdu/OMI_NO2_200602.asc
ncols      200
nrows      200
xllcorner       105.978
yllcorner       28.1831
cellsize     0.0166667
NODATA_Value      -999.000
[rows 30 to 59 of 200, columns 132 to 197 of 200]
2.79012 2.87088 2.93072 2.93384 2.93384 2.93384 2.93384 2.93384 2.93384 3.49780 4.25426 4.34022 4.34022 4.34022 4.34022 4.34022 4.34022 4.34022 4.34022 4.34022 4.34022 4.34022 4.34022 4.34022 4.34022 4.34022 4.34022 4.33962 4.33457 4.32863 4.32269 4.31806 4.30995 3.67864 3.59164 3.51171 2.94451 1.35117 1.33230 1.31471 1.29767 1.28161 1.26619 1.25146 1.23745 1.22388 1.21111 1.19857 1.18688 1.17525 1.16448 1.15375 1.14372 1.13382 1.12445 1.11529 1.10834 1.78364 3.12333 3.32169 3.51995 3.91057 4.19260 4.19260 4.19260 4.19260
2.93384 2.93384 2.93384 2.93384 2.93384 2.95190 2.98392 3.01752 3.05292 3.41075 4.20232 4.33975 4.34022 4.34022 4.34022 4.34022 4.34022 4.34022 4.34022 4.34022 4.34022 4.34022 4.34022 4.34005 4.33585 4.32991 4.32397 4.31863 4.31773 4.31773 4.31773 4.31773 4.31773 2.57399 2.46192 2.46192 2.45054 1.24125 1.10783 1.10783 1.10783 1.10783 1.10783 1.10783 1.10783 1.10783 1.10783 1.10783 1.10783 1.10783 1.10783 1.10783 1.10783 1.13451 1.31006 1.50826 1.70677 2.13523 3.51816 3.67440 3.67440 3.77376 4.19260 4.19260 4.19260 4.19260
3.74172 3.82728 3.92026 4.02190 4.13346 4.18268 4.18268 4.18268 4.18268 4.18268 4.18268 4.30710 4.34022 4.34022 4.34022 4.34022 4.34022 4.34022 4.34022 4.34022 4.33713 4.33119 4.32525 4.31947 4.31773 4.31773 4.31773 4.31773 4.31773 4.31773 4.31773 4.31773 4.31773 2.81870 2.46192 2.46192 2.46192 1.67288 1.10783 1.10783 1.10783 1.10783 1.10783 1.10783 1.10783 1.10783 1.10783 1.10783 1.10783 1.12516 1.28980 1.48839 1.68658 1.85826 1.88115 1.88115 1.88115 1.93895 3.25629 3.67440 3.67440 3.68492 4.15169 4.19260 4.19260 4.19260
4.18268 4.18268 4.18268 4.18268 4.18268 4.18268 4.18268 4.18268 4.18268 4.18268 4.18268 4.25488 4.34022 4.34022 4.34022 4.34022 4.33829 4.33247 4.32652 4.32058 4.31773 4.31773 4.31773 4.31773 4.31773 4.31773 4.31773 4.31773 4.31773 4.31773 4.31773 4.31773 4.31773 3.13274 2.46192 2.46192 2.46192 2.11574 1.10783 1.10783 1.10783 1.10783 1.10783 1.10783 1.10783 1.11773 1.26992 1.46804 1.66655 1.86414 1.96349 2.02959 2.09203 2.15066 2.20642 2.25894 2.30950 2.35679 2.76448 3.43940 3.40780 3.37330 3.56291 4.19260 4.19260 4.19260
4.18268 4.18268 4.18268 4.18268 4.18268 4.18268 4.18268 4.18268 4.18268 4.18268 4.18268 4.20278 4.33878 4.33375 4.32780 4.32186 4.31784 4.31773 4.31773 4.31773 4.31773 4.31773 4.31773 4.31773 4.31773 4.31773 4.31773 4.31773 4.31773 4.31773 4.31773 4.31773 4.31773 3.55090 2.46192 2.46192 2.46192 2.44454 1.54772 1.61534 1.68167 1.74841 1.91487 2.12009 2.31543 2.49513 2.56588 2.60206 2.63621 2.66188 2.66365 2.66365 2.66365 2.66365 2.66365 2.66365 2.66365 2.66365 2.49213 3.15619 3.15619 3.15619 3.15619 0.00000 0.00000 0.00000
4.18268 4.18268 4.18268 4.18268 4.18268 4.18268 4.18268 4.18268 4.16850 3.89694 3.52998 3.16301 4.02084 4.31773 4.31773 4.31773 4.31773 4.31773 4.31773 4.31773 4.31773 4.31773 4.31773 4.31773 4.31773 4.31773 4.31773 4.31773 4.31773 4.31773 4.31773 4.31773 4.31773 4.11293 2.46806 2.46192 2.46192 2.46146 2.27501 2.36149 2.49373 2.62292 2.66365 2.66365 2.66365 2.66365 2.66365 2.66365 2.66365 2.66365 2.66365 2.66365 2.66365 2.66365 2.66365 2.66365 2.66365 2.66365 2.49196 3.15161 3.15619 3.15619 3.15619 3.15619 0.00000 0.00000
4.18268 4.18268 4.18268 4.18268 4.18268 4.01429 3.64766 3.28067 2.92778 2.83230 2.83230 2.83230 3.51812 4.31773 4.31773 4.31773 4.31773 4.31773 4.31773 4.31773 4.31773 4.31773 4.31773 4.31773 4.31773 4.31773 4.31773 4.31773 4.31773 4.31773 4.31773 4.31773 4.31773 4.31773 2.57751 2.32388 2.22410 2.12466 2.35957 2.66365 2.66365 2.66365 2.66365 2.66365 2.66365 2.66365 2.66365 2.66365 2.66365 2.66365 2.66365 2.66365 2.66365 2.66365 2.66365 2.66365 2.66365 2.66365 2.57507 2.86482 3.15619 3.15619 3.15619 3.15619 0.00000 0.00000
4.18268 4.10814 3.76528 3.39825 3.03135 2.83257 2.83230 2.83230 2.83230 2.83230 2.83230 2.83230 3.02849 4.31505 4.31773 4.31773 4.31773 4.31773 4.31773 4.31773 4.31773 4.31773 4.31773 4.31773 4.31773 4.31773 4.31773 4.31773 4.31773 4.31773 4.27319 4.08444 3.88473 3.68495 2.41487 2.08382 2.09882 2.12545 2.28244 2.76243 2.77850 2.80575 2.83281 2.86153 2.88998 2.92021 2.95026 2.98193 3.01372 3.04704 3.08070 3.11592 3.15163 3.18858 3.22674 3.26558 3.30641 3.34755 3.38873 3.10705 3.12198 3.02829 2.93359 2.84656 0.00000 0.00000
3.14897 2.85634 2.83230 2.83230 2.83230 2.83230 2.83230 2.83230 2.83230 2.83230 2.83230 2.83230 2.83230 4.01812 4.31773 4.31773 4.31773 4.31773 4.31773 4.31773 4.31773 4.31773 4.31773 4.31773 4.31773 4.31773 4.29708 4.12717 3.92731 3.72767 3.57258 3.56154 3.56154 3.56154 3.49905 3.51872 3.56154 3.56154 3.56207 3.74637 3.69242 3.69242 3.69242 3.69242 3.69242 3.69242 3.69242 3.69242 3.69242 3.69242 3.69242 3.69242 3.69242 3.69242 3.69242 3.69242 3.67927 3.63346 3.58609 3.14960 2.78820 2.78717 2.78717 2.78717 2.78717 0.00000
2.83230 2.83230 2.83230 2.83230 2.83230 2.83230 2.83230 2.83230 2.83230 2.83230 2.83230 2.83230 2.83230 3.52433 4.31773 4.31773 4.31773 4.31773 4.31773 4.31773 4.31773 4.31773 4.31198 4.16989 3.97018 3.77047 3.59126 3.56154 3.56154 3.56154 3.56154 3.56154 3.56154 3.56154 3.56154 3.56154 3.56154 3.56154 3.56154 3.76085 3.69242 3.69242 3.69242 3.69242 3.69242 3.69242 3.69242 3.69242 3.69242 3.69242 3.69242 3.69242 3.68274 3.63842 3.59103 3.54367 3.50946 3.50791 3.50791 3.26677 2.78717 2.78717 2.78717 2.78717 2.78717 0.00000
2.83230 2.83230 2.83230 2.83230 2.83230 2.83230 2.83230 2.83230 2.83230 2.83230 2.83230 2.83230 2.83230 3.03506 4.31550 4.31773 4.31773 4.31773 4.31765 4.21262 4.01283 3.81305 3.61908 3.56154 3.56154 3.56154 3.56154 3.56154 3.56154 3.56154 3.56154 3.56154 3.56154 3.56154 3.56154 3.56154 3.56154 3.56154 3.56154 3.76405 3.70382 3.69242 3.69242 3.69242 3.69242 3.69242 3.69242 3.69242 3.68561 3.64340 3.59600 3.54861 3.51097 3.50791 3.50744 3.49159 3.46717 3.44121 3.41366 3.26121 2.78717 2.78717 2.78717 2.78717 2.78717 0.00000
2.83230 2.83230 2.83230 2.83230 2.83230 2.83230 2.83230 2.83230 2.83230 2.83230 2.83230 2.83230 2.83230 2.83230 4.02317 4.25179 4.05548 3.85577 3.65621 3.56154 3.56154 3.56154 3.56154 3.56154 3.56154 3.56154 3.56154 3.56154 3.56154 3.56154 3.56154 3.56154 3.56154 3.56154 3.56154 3.56154 3.56154 3.56154 3.56154 3.68465 3.73724 3.64194 3.62127 3.59890 3.56964 3.49352 3.40080 3.29984 3.20025 3.14434 3.09094 3.03210 2.96685 2.89394 2.81404 2.78717 2.78717 2.78717 2.78717 2.78717 2.78717 2.78717 2.78717 2.78717 2.78717 2.78717
2.83230 2.83230 2.83230 2.83230 2.83230 2.83230 2.83230 2.83230 2.83230 2.83230 2.83230 2.86449 3.07747 3.31908 3.61161 3.56502 3.56154 3.56154 3.56154 3.56154 3.56154 3.56154 3.56154 3.56154 3.56154 3.56154 3.56154 3.56154 3.56154 3.56154 3.56154 3.56154 3.56154 3.56154 3.56154 3.56154 3.56154 3.56154 3.56154 3.56154 3.42526 3.07792 2.98319 2.88854 2.80248 2.78717 2.78717 2.78717 2.78717 2.78717 2.78717 2.78717 2.78717 2.78717 2.78717 2.78717 2.78717 2.78717 2.78717 2.78717 2.78717 2.78717 2.78717 2.78717 2.78717 2.78717
2.83230 2.83230 2.83230 2.83230 2.83230 2.83230 2.83230 2.83702 3.00064 3.24225 3.48377 3.69318 3.72155 3.72155 3.69893 3.56168 3.56154 3.56154 3.56154 3.56154 3.56154 3.56154 3.56154 3.56154 3.56154 3.56154 3.56154 3.56154 3.56154 3.56154 3.56154 3.56154 3.56154 3.56154 3.56154 3.56154 3.56019 3.41743 3.18085 2.94417 2.72439 2.78187 2.78717 2.78717 2.78717 2.78717 2.78717 2.78717 2.78717 2.78717 2.78717 2.78717 2.78717 2.78717 2.78717 2.78717 2.78717 2.78717 2.78717 2.78717 2.78717 2.78717 2.78717 2.78717 2.78717 2.78717
2.83230 2.83230 2.83230 2.83230 2.92567 3.16542 3.40694 3.64374 3.72155 3.72155 3.72155 3.72155 3.72155 3.72155 3.72155 3.59195 3.56154 3.56154 3.56154 3.56154 3.56154 3.56154 3.56154 3.56154 3.56154 3.56154 3.56154 3.56154 3.56154 3.56154 3.56154 3.56154 3.56154 3.46645 3.23112 2.99454 2.75920 2.66537 2.66537 2.66537 2.66537 2.74680 2.78717 2.78717 2.78717 2.78717 2.78717 2.78717 2.78717 2.78717 2.78717 2.78717 2.78717 2.78717 2.78717 2.78717 2.78717 2.78717 2.78717 2.78717 2.78717 2.78717 2.78640 2.51412 2.02209 1.49580
2.87036 3.08858 3.33019 3.57180 3.71977 3.72155 3.72155 3.72155 3.72155 3.72155 3.72155 3.72155 3.72155 3.72155 3.72155 3.64487 3.56154 3.56154 3.55663 3.46512 3.34986 3.24220 3.14328 3.05121 2.96532 2.88500 2.80973 2.73839 2.67192 2.57111 2.36188 2.15653 1.96211 1.83634 1.80178 1.76981 2.56710 2.66537 2.66537 2.66537 2.66537 2.70707 2.78717 2.78717 2.78717 2.78717 2.78717 2.78717 2.78717 2.78717 2.78717 2.78717 2.78717 2.78717 2.78717 2.78717 2.78717 2.78717 2.78717 2.56474 2.07290 1.58088 1.08981 0.869680 0.869680 0.869680
3.69825 3.72155 3.72155 3.72155 3.72155 3.72155 3.72155 3.72155 3.72155 3.72155 3.72155 3.72155 3.31445 2.30315 2.26177 2.20904 2.10020 2.06579 2.03393 2.02544 2.02544 2.02544 2.02544 2.02544 2.02544 2.01235 1.91055 1.79221 1.67392 1.58327 1.57736 1.57736 1.57736 1.57736 1.57736 1.57736 2.23716 2.66537 2.66537 2.66537 2.66537 2.67138 2.78318 2.78717 2.78717 2.78717 2.78717 2.78717 2.78717 2.78717 2.78717 2.78717 2.78717 2.78717 2.78717 2.61018 2.12391 1.63169 1.13947 0.870255 0.869680 0.869680 0.869680 0.869680 0.869680 0.869680
3.72155 3.72155 3.72155 3.72155 3.72155 3.72155 3.72155 3.72155 3.72155 3.72155 3.72155 3.72155 3.63138 2.12557 2.10544 2.10544 2.03997 2.02544 2.02544 2.02544 2.02544 2.02149 1.93569 1.81744 1.69905 1.59389 1.57736 1.57736 1.57736 1.57736 1.57736 1.57736 1.57736 1.57736 1.57736 1.57736 1.98664 2.66537 2.66537 2.66537 2.66537 2.66537 2.74951 2.78717 2.78717 2.78717 2.78717 2.78717 2.78717 2.78717 2.78717 2.65064 2.17453 1.68269 1.19048 0.875240 0.869680 0.869680 0.869680 0.869680 0.869680 0.869680 0.869680 0.869680 0.869680 0.869680
3.72155 3.72155 3.72155 3.72155 3.72155 3.72155 3.72155 3.72155 3.72155 3.72155 3.72155 3.72155 3.72155 2.29353 2.10544 2.10544 2.06633 2.02530 1.96087 1.84253 1.72428 1.60984 1.57736 1.57736 1.57736 1.57736 1.57736 1.57736 1.57736 1.57736 1.57736 1.57736 1.57736 1.57736 1.57736 1.57736 1.79878 2.66537 2.66537 2.66537 2.66537 2.66537 2.70981 2.78717 2.78717 2.78717 2.78717 2.68592 2.22553 1.73312 1.24148 0.885786 0.869680 0.869680 0.869680 0.869680 0.869680 0.869680 0.869680 0.869680 0.869680 0.869680 0.869680 0.869680 0.869680 0.869680
3.72155 3.72155 3.72155 3.72155 3.72155 3.72155 3.72155 3.72155 3.72155 3.72155 3.72155 3.72155 3.72155 2.53673 2.06819 1.94313 1.80412 1.63122 1.57736 1.57736 1.57736 1.57736 1.57736 1.57736 1.57736 1.57736 1.57736 1.57736 1.57736 1.57736 1.57736 1.57736 1.57736 1.57736 1.57736 1.57736 1.65274 2.66537 2.66537 2.66537 2.66537 2.66537 2.67297 2.71317 2.27635 1.78432 1.29191 0.901318 0.869680 0.869680 0.869680 0.869680 0.869680 0.869680 0.869680 0.869680 0.869680 0.869680 0.869680 0.869680 0.869680 0.869680 0.869680 0.869680 0.869680 0.869680
3.72155 3.72155 3.72155 3.72155 3.72155 3.72155 3.72155 3.72155 3.72155 3.72155 3.69615 3.47862 3.22119 2.30104 1.63517 1.63152 1.63152 1.58679 1.57736 1.57736 1.57736 1.57736 1.57736 1.57736 1.57736 1.57736 1.57736 1.57736 1.57736 1.57736 1.57736 1.57736 1.57736 1.57736 1.57736 1.57736 1.57817 2.50363 2.66537 2.66537 2.66537 2.66537 2.66537 0.939744 0.869680 0.869680 0.869680 0.869680 0.869680 0.869680 0.869680 0.869680 0.869680 0.869680 0.869680 0.869680 0.869680 0.869680 0.869680 0.869680 0.869680 0.869680 0.869680 0.869680 0.869680 0.869680
3.72155 3.72155 3.72155 3.72155 3.72155 3.72155 3.71956 3.56023 3.30279 3.04546 2.81352 2.77371 2.77371 2.47006 1.63152 1.63152 1.63152 1.60454 1.57736 1.57736 1.57736 1.57736 1.57736 1.57736 1.57736 1.57736 1.57736 1.57736 1.57736 1.57736 1.57736 1.57736 1.57736 1.57736 1.57736 1.57638 1.48107 1.93851 2.66537 2.66537 0.00000 0.00000 0.00000 0.869680 0.869680 0.869680 0.869680 0.869680 0.869680 0.869680 0.869680 0.869680 0.869680 0.869680 0.869680 0.869680 0.869680 0.869680 0.869680 0.869680 0.869680 0.869680 0.869680 0.869680 0.869680 0.869680
3.72155 3.72155 3.72155 3.63719 3.38450 3.12706 2.87172 2.77371 2.77371 2.77371 2.77371 2.77371 2.77371 2.76189 1.66959 1.63152 1.63152 1.62235 1.57736 1.57736 1.57736 1.57736 1.57736 1.57736 1.57736 1.57736 1.58879 1.61239 1.63704 1.66304 1.69011 1.71846 1.68751 1.53019 1.27657 0.807503 0.489336 0.489336 0.00000 0.00000 0.00000 0.00000 0.00000 0.869680 0.869680 0.869680 0.869680 0.869680 0.869680 0.869680 0.869680 0.869680 0.869680 0.869680 0.869680 0.869680 0.869680 0.869680 0.869680 0.869680 0.869680 0.869680 0.869680 0.869680 0.869680 0.869680
3.46594 3.20867 2.95133 2.77826 2.77371 2.77371 2.77371 2.77371 2.77371 2.77371 2.77371 2.77371 2.77371 2.77371 2.15421 2.07703 2.12442 2.17521 2.15939 2.20060 2.25847 2.32086 2.38749 2.45949 2.53679 2.62041 2.66537 2.66537 2.66537 2.66537 2.66537 2.66537 2.66537 0.00000 0.00000 0.00000 0.00000 0.00000 0.00000 0.00000 0.00000 0.00000 0.00000 0.00000 0.869680 0.869680 0.869680 0.869680 0.869680 0.869680 0.869680 0.869680 0.869680 0.869680 0.869680 0.869680 0.869680 0.869680 0.869680 0.869680 0.869680 0.869680 0.00000 0.00000 0.00000 0.00000
2.77371 2.77371 2.77371 2.77371 2.77371 2.77371 2.77371 2.77371 2.77371 2.77371 2.77371 2.77371 2.77371 2.77371 2.77371 2.77371 2.77371 2.77371 2.71803 2.66537 2.66537 2.66537 2.66537 2.66537 2.66537 2.66537 2.66537 2.66537 2.66537 0.00000 0.00000 0.00000 0.00000 0.00000 0.00000 0.00000 0.00000 0.00000 0.00000 0.00000 0.00000 0.00000 0.00000 0.00000 0.869680 0.869680 0.869680 0.869680 0.869680 0.869680 0.869680 0.869680 0.869680 0.869680 0.869680 0.869680 0.869680 0.869680 0.00000 0.00000 0.00000 0.00000 0.00000 0.00000 0.00000 0.00000
2.77371 2.77371 2.77371 2.77371 2.77371 2.77371 2.77371 2.77371 2.77371 2.77371 2.77371 2.77371 2.77371 2.77371 2.77371 2.77371 2.77371 2.77371 2.75357 2.66537 2.66537 2.66537 2.66537 2.66537 2.66537 0.00000 0.00000 0.00000 0.00000 0.00000 0.00000 0.00000 0.00000 0.00000 0.00000 0.00000 0.00000 0.00000 0.00000 0.00000 0.00000 0.00000 0.00000 0.00000 0.869680 0.869680 0.869680 0.869680 0.869680 0.869680 0.869680 0.869680 0.869680 0.869680 0.441935 0.436888 0.436888 0.436888 0.00000 0.00000 0.00000 0.00000 0.00000 0.00000 0.00000 0.00000
2.77371 2.77371 2.77371 2.77371 2.77371 2.77371 2.77371 2.77371 2.77371 2.77371 2.77371 2.77371 2.77371 2.77371 2.77371 2.77371 2.77371 2.94551 3.30112 3.04994 2.66537 0.00000 0.00000 0.00000 0.00000 0.00000 0.00000 0.00000 0.00000 0.00000 0.00000 0.00000 0.00000 0.00000 0.00000 0.00000 0.00000 0.00000 0.00000 0.00000 0.00000 0.00000 0.00000 0.00000 0.00000 0.869680 0.869680 0.869680 0.869680 0.768130 0.443276 0.436887 0.436887 0.436887 0.436888 0.436888 0.436888 0.436888 0.436887 0.00000 0.00000 0.00000 0.00000 0.00000 0.00000 0.00000
2.77371 2.77371 2.77371 2.77371 2.77371 2.77371 2.77371 2.77371 2.77371 2.77371 2.77371 2.77371 2.77371 2.85403 3.19068 3.54636 3.90230 4.08618 4.08618 4.08618 0.00000 0.00000 0.00000 0.00000 0.00000 0.00000 0.00000 0.00000 0.00000 0.00000 0.00000 0.00000 0.00000 0.00000 0.00000 0.00000 0.00000 0.00000 0.00000 0.00000 0.00000 0.00000 2.62858 2.62858 2.35833 1.69614 0.445858 0.436888 0.436888 0.436888 0.436888 0.436888 0.436888 0.436888 0.436888 0.436888 0.436888 0.436888 0.436888 0.00000 0.00000 0.00000 0.00000 0.00000 0.00000 0.00000
2.77371 2.77371 2.77371 2.77371 2.77371 2.77371 2.77371 2.77371 2.77371 2.79694 3.08004 3.43598 3.79153 4.06702 4.08618 4.08618 4.08618 4.08618 4.08618 4.08618 0.00000 0.00000 0.00000 0.00000 0.00000 0.00000 0.00000 0.00000 0.00000 0.00000 0.00000 0.00000 0.00000 0.00000 0.00000 0.00000 0.00000 0.00000 2.62858 2.62858 2.62858 2.30935 1.72188 1.60281 1.53345 1.45949 0.441699 0.436888 0.436888 0.436888 0.436888 0.436888 0.436888 0.436888 0.436888 0.436888 0.436888 0.436888 0.436888 0.00000 0.00000 0.00000 0.00000 0.00000 0.00000 0.00000
2.77371 2.77371 2.77371 2.77371 2.77371 2.77410 2.96953 3.32521 3.68115 4.01360 4.08618 4.08618 4.08618 4.08618 4.08618 4.08618 4.08618 4.08618 4.08618 4.08618 4.08618 0.00000 0.00000 0.00000 0.00000 0.00000 0.00000 0.00000 0.00000 0.00000 0.00000 0.00000 0.00000 0.00000 2.62858 2.62858 2.62858 2.62858 2.62858 2.62858 2.62858 2.54997 1.55237 1.53273 1.53273 1.53273 0.802017 0.436888 0.436888 0.436888 0.436888 0.436888 0.436888 0.436888 0.436888 0.436888 0.436888 0.436888 0.436888 0.00000 0.00000 0.00000 0.00000 0.00000 0.00000 0.00000
