High_resolution/powerplant/Fengdu/OMI_NO2_201108.asc
ncols      200
nrows      200
xllcorner       105.978
yllcorner       28.1831
cellsize     0.0166667
NODATA_Value      -999.000
[rows 0 to 28 of 200, columns 132 to 197 of 200]
1.70201 1.78528 2.12435 2.37211 2.54653 2.62705 2.62755 2.87106 3.48218 3.40923 3.35606 3.31551 3.28752 3.28420 3.30228 3.55256 3.55310 3.55310 3.55310 3.55310 3.55310 3.54750 3.52582 3.51013 3.51380 3.55310 0.00000 0.00000 0.00000 0.00000 0.00000 0.00000 0.00000 0.00000 0.00000 0.00000 0.00000 0.00000 0.00000 0.00000 0.00000 0.00000 0.00000 0.00000 0.00000 0.00000 0.00000 0.00000 0.00000 0.00000 0.00000 0.00000 0.00000 0.00000 0.00000 0.00000 0.00000 0.00000 0.00000 0.587708 0.587708 0.587708 0.587708 0.587708 0.587708 0.587708
2.49684 2.61679 2.62755 2.64375 2.67804 2.70666 2.73078 2.80025 3.28404 3.28420 3.28420 3.28420 3.28420 3.28420 3.28420 3.47300 3.55310 3.55177 3.53222 3.51445 3.50216 3.49463 3.49400 3.49362 3.49641 3.55072 0.00000 0.00000 0.00000 0.00000 0.00000 0.00000 0.00000 0.00000 0.00000 0.00000 0.00000 0.00000 0.00000 0.00000 0.00000 0.00000 0.00000 0.00000 0.00000 0.00000 0.00000 0.00000 0.00000 0.00000 0.00000 0.00000 0.00000 0.00000 0.00000 0.587708 0.587708 0.587708 0.587708 0.587708 0.587708 0.587708 0.587708 0.587708 0.587708 0.587708
2.69836 2.72375 2.74538 2.75672 2.75680 2.75680 2.75680 2.75680 3.17087 3.28420 3.28420 3.28420 3.28420 3.28420 3.29334 3.39165 3.50560 3.49609 3.48505 3.46254 3.44300 3.42618 3.41235 3.40844 3.50282 3.60035 3.67095 0.00000 0.00000 0.00000 0.00000 0.00000 0.00000 0.00000 0.00000 0.00000 0.00000 0.00000 0.00000 0.00000 0.00000 0.00000 0.00000 0.00000 0.00000 0.00000 0.00000 0.00000 0.00000 0.00000 0.00000 0.00000 0.587708 0.587708 0.587708 0.587708 0.587708 0.587708 0.587708 0.587708 0.587708 0.587708 0.587708 0.587708 0.587708 0.587708
2.75680 2.75680 2.75680 2.75680 2.75680 2.75680 2.75680 2.75680 2.99936 3.28420 3.28854 3.30471 3.31735 3.32170 3.31989 3.33401 3.41630 3.40280 3.39492 3.40085 3.41152 3.42217 3.43204 3.43402 3.49080 3.58167 3.67095 0.00000 0.00000 0.00000 0.00000 0.00000 0.00000 0.00000 0.00000 0.00000 0.00000 0.00000 0.00000 0.00000 0.00000 0.00000 0.00000 0.00000 0.00000 0.00000 0.00000 0.00000 0.00000 0.00000 0.00000 0.00000 0.587708 0.587708 0.587708 0.587708 0.587708 0.587708 0.587708 0.587708 0.587708 0.587708 0.587708 0.587708 0.587708 0.587708
2.75680 2.75680 2.75680 2.75680 2.75680 2.75680 2.76069 2.83577 3.01978 3.30738 3.30942 3.30469 3.30047 3.29988 3.29988 3.30284 3.39749 3.41881 3.42945 3.43402 3.43402 3.43402 3.43402 3.43402 3.46004 3.55758 3.66579 0.00000 0.00000 0.00000 0.00000 0.00000 0.00000 0.00000 0.00000 0.00000 0.00000 0.00000 0.00000 0.00000 0.00000 0.00000 0.00000 0.00000 0.00000 0.00000 0.00000 0.00000 0.00000 0.00000 0.00000 0.00000 0.587708 0.587708 0.587708 0.587708 0.587708 0.587708 0.587708 0.587708 0.587708 0.587708 0.587708 0.587708 0.587708 0.617780
2.75680 2.76604 2.81690 2.89848 2.99000 3.06823 3.13423 3.15575 3.16026 3.29413 3.29988 3.30065 3.30740 3.31540 3.32339 3.32911 3.38761 3.43402 3.43402 3.43402 3.43402 3.43402 3.43402 3.43402 3.43742 3.54785 3.61953 3.67095 0.00000 0.00000 0.00000 0.00000 0.00000 0.00000 0.00000 0.00000 0.00000 0.00000 0.00000 0.00000 0.00000 0.00000 0.00000 0.00000 0.00000 0.00000 0.00000 0.00000 0.00000 0.00000 0.00000 0.00000 0.00000 0.587708 0.587708 0.587708 0.587708 0.587708 0.587708 0.587708 0.587708 0.611586 0.669429 0.709786 0.738879 0.752956
3.05316 3.12069 3.14657 3.15575 3.15575 3.15575 3.15575 3.15581 3.16074 3.27075 3.32086 3.32809 3.32934 3.32934 3.32934 3.32626 3.34185 3.43402 3.43402 3.43402 3.43402 3.43402 3.43402 3.43402 3.43402 3.51065 3.58136 3.67095 0.00000 0.00000 0.00000 0.00000 0.00000 0.00000 0.00000 0.00000 0.00000 0.00000 0.00000 0.00000 0.00000 0.00000 0.00000 0.00000 0.00000 0.00000 0.00000 0.00000 0.00000 0.00000 0.00000 0.00000 0.00000 0.587708 0.587708 0.587708 0.587708 0.605960 0.664338 0.706182 0.736237 0.752583 0.753105 0.753105 0.753105 0.753105
3.15575 3.15575 3.15575 3.15575 3.15836 3.16621 3.17422 3.18215 3.18521 3.24631 3.32866 3.31493 3.29627 3.27759 3.25892 3.24332 3.24906 3.42731 3.43402 3.43402 3.43402 3.43402 3.43402 3.43402 3.40546 3.34422 3.26422 3.64311 0.00000 0.00000 0.00000 0.00000 0.00000 0.00000 0.00000 0.00000 0.00000 0.00000 0.00000 0.00000 0.00000 0.00000 0.00000 0.00000 0.00000 0.00000 0.00000 0.00000 0.00000 0.00000 0.00000 0.00000 0.00000 0.900459 0.666876 0.702495 0.733484 0.751973 0.753105 0.753105 0.753105 0.753105 0.767050 0.838556 0.916173 0.993790
3.15507 3.16368 3.17167 3.17968 3.18507 3.18521 3.17648 3.15780 3.13914 3.14071 3.24659 3.24164 3.24164 3.24164 3.24164 3.24164 3.24164 3.36891 3.43402 3.43402 3.42315 3.34865 3.26386 3.17911 3.12286 3.11712 3.08416 3.41291 3.67095 0.00000 0.00000 0.00000 2.59303 2.59303 2.59303 2.59303 2.59303 0.00000 0.00000 0.00000 0.00000 0.00000 0.00000 0.00000 0.00000 0.00000 0.00000 0.00000 0.00000 1.49545 1.49545 1.49545 1.49545 1.25545 0.801579 0.753105 0.753105 0.753105 0.762664 0.830420 0.908097 0.985744 1.04939 1.05559 1.05559 1.05559
3.14858 3.18110 3.16349 3.14480 3.12614 3.10746 3.09752 3.09751 3.09751 3.09751 3.22097 3.24164 3.24164 3.24164 3.24164 3.24164 3.24047 3.26029 3.29049 3.20567 3.13179 3.09096 2.98049 2.86567 2.75099 2.61426 2.79616 2.75426 2.58378 2.59303 2.59303 2.59303 2.59303 2.59303 2.59303 2.59303 2.59303 0.00000 0.00000 0.00000 0.00000 0.00000 0.00000 0.00000 0.00000 1.49545 1.49545 1.49545 1.49545 1.49545 1.49545 1.49545 1.49545 1.44433 0.873515 0.822343 0.899930 0.977668 1.04570 1.05559 1.05559 1.05559 1.05559 1.05559 1.05559 1.05559
3.01173 3.09857 3.09751 3.09751 3.09751 3.09751 3.09751 3.09751 3.09751 3.09751 3.18010 3.24164 3.24164 3.21708 3.15391 3.08399 2.95194 2.85075 2.79062 2.67607 2.56112 2.47206 2.37859 2.27452 2.18699 2.12819 2.31704 2.47710 2.48239 2.59303 2.59303 2.59303 2.58978 2.45665 2.30505 2.21907 2.59234 0.00000 0.00000 0.00000 0.00000 0.00000 1.49545 1.49545 1.49545 1.49545 1.49545 1.49545 1.49545 1.49545 1.49502 1.47855 1.46110 1.44904 1.21892 1.06657 1.05559 1.05559 1.05559 1.05559 1.05559 1.05559 1.05559 1.05559 1.05559 1.05559
2.90672 3.09424 3.09751 3.09751 3.09751 3.09751 3.09751 3.09751 3.09751 3.08734 3.05136 2.97794 2.82829 2.70337 2.61674 2.53710 2.52075 2.52075 2.43216 2.32517 2.23906 2.16652 2.16527 2.17185 2.17185 2.17185 2.25290 2.47908 2.42941 2.32860 2.20990 2.12134 2.05254 2.03179 2.03179 2.03179 2.40273 0.00000 1.49545 1.49545 1.49545 1.49545 1.49545 1.49545 1.49545 1.49545 1.49545 1.48328 1.46424 1.45127 1.44200 1.43934 1.43934 1.43934 1.31825 1.09748 1.05559 1.05559 1.05559 1.05559 1.05559 1.05559 1.05559 1.05559 1.05559 1.05559
2.81842 3.05202 3.09751 3.09751 3.09546 3.07827 3.01496 2.93380 2.85273 2.78175 2.75771 2.52882 2.52075 2.52003 2.49931 2.42225 2.34782 2.27978 2.19760 2.16838 2.17185 2.17185 2.17185 2.15920 2.12633 2.09610 2.07909 2.24244 2.19815 2.09328 2.03179 2.03179 2.03179 2.03179 2.02213 1.96779 2.03907 1.60584 1.49545 1.49545 1.49545 1.49545 1.49545 1.48772 1.46764 1.45365 1.44365 1.43934 1.43934 1.43934 1.43934 1.43934 1.43934 1.43934 1.41073 1.13120 1.05559 1.05559 1.05559 1.05559 1.05547 1.04164 1.02151 1.00451 0.993281 0.986164
2.64554 2.93847 3.00898 2.92800 2.84889 2.78496 2.76717 2.76717 2.76575 2.75319 2.73470 2.50757 2.37499 2.30591 2.24991 2.24573 2.24573 2.24573 2.21369 2.11961 2.10085 2.07283 2.04727 2.03188 2.03160 2.03160 2.03160 2.17216 2.22203 2.12588 2.02825 1.97949 1.92802 1.88644 1.85655 1.85301 1.88761 1.79624 1.49545 1.49134 1.47134 1.45621 1.44552 1.43957 1.43934 1.43934 1.43934 1.43934 1.43934 1.43934 1.43934 1.43934 1.43934 1.43934 1.43934 1.21740 1.04760 1.01877 1.00217 0.987943 0.977595 0.978064 0.984453 0.992370 0.997411 0.997415
2.35657 2.53620 2.76044 2.76706 2.75767 2.74356 2.73073 2.67928 2.59877 2.52597 2.45836 2.35650 2.24573 2.24183 2.19001 2.12386 2.05777 1.99159 1.94041 2.00759 2.03160 2.03160 2.03160 2.03160 2.03160 2.03160 2.03158 2.10713 2.20201 2.06855 1.88436 1.85301 1.85301 1.85301 1.85301 1.85084 1.82309 1.80341 1.44751 1.44014 1.43934 1.43934 1.43934 1.43934 1.43934 1.43934 1.43934 1.43934 1.43934 1.43934 1.44404 1.52421 1.61595 1.69334 1.50403 1.14986 1.00017 0.977479 0.983731 0.991475 0.997321 0.997415 0.997415 0.997415 0.997415 0.989280
2.21350 2.39937 2.65511 2.69311 2.62054 2.54864 2.47679 2.44287 2.44287 2.40823 2.34211 2.24556 2.01267 1.95049 1.93619 1.93619 1.93619 1.93619 1.93619 1.98063 2.03061 2.03160 2.03160 2.02814 2.01570 2.00278 1.98988 2.01476 2.16744 2.09392 1.92174 1.85274 1.82896 1.79461 1.76518 1.73520 1.70095 1.69473 1.44558 1.43934 1.43934 1.43934 1.43934 1.43934 1.43934 1.44341 1.52301 1.61511 1.69263 1.75889 1.81439 1.82802 1.82386 1.80052 1.63813 1.14174 1.06904 0.997415 0.997415 0.997415 0.997415 0.991335 0.962322 0.921275 0.862400 0.804334
2.04456 2.25195 2.47845 2.44581 2.42646 2.36322 2.29707 2.23096 2.16484 2.13333 2.13333 2.13327 1.96174 1.93619 1.93619 1.93619 1.93619 1.93619 1.93619 1.95758 2.01218 2.00684 1.99392 1.98446 1.98135 1.96737 1.95211 1.93774 2.14542 2.17726 1.97951 1.71488 1.67483 1.64342 1.61201 1.58626 1.58374 1.59503 1.50341 1.43934 1.44312 1.52119 1.61419 1.69191 1.75828 1.81377 1.82802 1.82802 1.82635 1.80585 1.78009 1.75434 1.73272 1.73031 1.72352 1.17516 1.10280 1.00208 0.965880 0.926147 0.869560 0.807018 0.802159 0.802159 0.802159 0.802159
2.04265 2.00786 2.20817 2.18470 2.13621 2.13333 2.13333 2.13333 2.13333 2.13333 2.13333 2.13333 2.01763 1.93619 1.93619 1.93612 1.92840 1.91549 1.90208 1.88262 1.94019 1.94194 1.92666 1.91140 1.90070 1.91103 1.90680 1.89573 2.03574 2.11415 1.94834 1.62925 1.58374 1.58374 1.58374 1.58381 1.58667 1.59445 1.74078 1.75766 1.81337 1.82802 1.82802 1.82802 1.82772 1.81120 1.78542 1.75967 1.73558 1.73031 1.73031 1.73031 1.73031 1.73289 1.76178 1.41146 1.23758 1.08489 0.802159 0.802159 0.802159 0.802159 0.802159 0.814392 0.881155 0.936761
2.03628 1.92641 1.94330 2.11830 2.13333 2.13333 2.13333 2.13333 2.13333 2.13333 2.13333 2.13333 2.06953 1.91306 1.88492 1.85682 1.83633 1.82107 1.80630 1.80207 1.85566 1.89241 1.88156 1.87047 1.85749 1.83481 1.82800 1.82800 1.90618 2.08060 2.00707 1.73272 1.59031 1.59462 1.59892 1.60315 1.60459 1.60459 1.80106 1.82803 1.82802 1.81649 1.79077 1.76501 1.73955 1.73031 1.73031 1.73031 1.73031 1.73083 1.75432 1.79011 1.82588 1.85913 1.86601 1.65569 1.26768 1.22238 0.822015 0.890441 0.943658 0.984032 1.01576 1.03816 1.04084 1.04084
2.03628 2.02424 1.81997 2.10047 2.13333 2.13333 2.13333 2.13383 2.13727 2.13203 2.12501 2.11796 2.10096 1.81042 1.80207 1.80207 1.79188 1.76491 1.74538 1.72591 1.73610 1.81538 1.82800 1.82800 1.82800 1.82800 1.82931 1.83273 1.85378 2.09293 2.08576 1.85666 1.60459 1.60459 1.60459 1.60459 1.60459 1.59932 1.70585 1.78105 1.74459 1.73035 1.73031 1.73031 1.73031 1.73031 1.74687 1.78265 1.81842 1.85371 1.86601 1.86601 1.86601 1.84547 1.77411 1.67108 1.20782 1.28306 1.06950 1.04084 1.04084 1.04084 1.04084 1.04084 1.04275 1.04618
2.03628 2.03628 1.80105 2.07447 2.14547 2.14482 2.13779 2.13026 2.11980 2.11801 2.11801 2.11435 2.08556 1.82182 1.71790 1.69843 1.68911 1.69659 1.69665 1.69665 1.70551 1.79812 1.83219 1.83564 1.83908 1.84252 1.84466 1.84468 1.84468 2.03947 2.10145 1.96406 1.64904 1.60186 1.58467 1.56534 1.54603 1.53196 1.57881 1.76390 1.73031 1.73031 1.74046 1.77517 1.81094 1.84675 1.86598 1.86601 1.84547 1.77411 1.70821 1.64954 1.59698 1.56127 1.55940 1.55940 1.23602 1.27733 1.16506 1.04330 1.04673 1.05015 1.05358 1.05700 1.05851 1.05851
2.07439 2.08419 1.94586 1.98662 2.10601 2.11801 2.11762 2.09602 2.06243 2.02945 2.00641 1.99057 1.99988 1.86833 1.69665 1.69665 1.69750 1.70584 1.71591 1.72599 1.73607 1.78869 1.84468 1.84468 1.84468 1.84468 1.84468 1.84468 1.84468 1.96232 2.08765 1.99450 1.69533 1.53343 1.53131 1.53131 1.53131 1.53131 1.53576 1.77862 1.80348 1.83927 1.86492 1.84547 1.77411 1.70821 1.64954 1.59698 1.56127 1.55940 1.55940 1.55940 1.55940 1.55738 1.52026 1.47039 1.27258 1.25159 1.25265 1.05851 1.05851 1.05851 1.05851 1.05851 1.05851 1.05851
2.09009 2.09009 2.04908 1.81758 1.99070 2.00575 1.97934 1.98144 1.99554 2.00903 2.01259 2.01264 2.01861 1.97511 1.72282 1.73289 1.74213 1.74387 1.74387 1.74387 1.74387 1.76528 1.83819 1.84468 1.84468 1.84468 1.83810 1.82379 1.80946 1.84391 2.03542 2.02081 1.78227 1.53131 1.53282 1.55375 1.58058 1.60744 1.61961 1.72834 1.71475 1.64954 1.59698 1.56127 1.55940 1.55940 1.55940 1.55940 1.55738 1.52026 1.47039 1.42053 1.37067 1.32282 1.31008 1.30010 1.23366 1.13095 1.26726 1.08425 1.05851 1.05851 1.05851 1.05851 1.05851 1.05851
2.01754 1.99212 1.97486 1.70091 1.85264 1.99879 2.01259 2.01568 2.02552 2.03559 2.04567 2.05570 2.05880 2.05320 1.78085 1.74387 1.74387 1.74387 1.74387 1.74387 1.74387 1.75307 1.81732 1.82826 1.81393 1.79960 1.79187 1.79521 1.82076 1.85355 2.02821 2.03508 1.89104 1.62653 1.57736 1.53229 1.48130 1.43031 1.39003 1.46411 1.59050 1.55940 1.55940 1.55738 1.52026 1.47039 1.42053 1.37067 1.32282 1.31008 1.31008 1.30466 1.27505 1.24251 1.21000 1.18746 1.18633 1.05707 1.21575 1.17618 1.05851 1.05851 1.05851 1.05851 1.05851 1.05851
1.97436 1.97436 1.96989 1.78034 1.81860 1.99907 2.05258 2.05958 2.05875 2.05351 2.04829 2.04354 2.03986 2.03949 1.87285 1.74387 1.74387 1.74387 1.74306 1.73191 1.71758 1.70389 1.76531 1.83961 1.86916 1.89870 1.92823 1.95428 1.95593 1.92449 1.91956 1.89018 1.76153 1.48909 1.38688 1.38688 1.38688 1.38688 1.38772 1.41834 1.52968 1.42053 1.37067 1.32282 1.31008 1.31008 1.31008 1.30785 1.28174 1.24921 1.21670 1.18959 1.18669 1.18669 1.18669 1.18669 1.18847 1.08663 1.18558 1.28343 1.05851 1.05851 1.05851 1.05851 1.05851 1.05851
1.85668 1.80915 1.76609 1.74432 1.77830 1.96962 2.04820 2.04345 2.03983 2.03949 2.03949 2.03949 2.03949 2.03949 1.95662 1.73637 1.73050 1.74485 1.76085 1.78724 1.81677 1.84611 1.88532 1.95580 1.93210 1.89085 1.84957 1.80848 1.76954 1.75971 1.76910 1.78702 1.77198 1.55251 1.40413 1.43405 1.46397 1.49391 1.52299 1.53171 1.43248 1.31111 1.31008 1.30964 1.28843 1.25591 1.22340 1.19311 1.18669 1.18669 1.18669 1.18669 1.18744 1.19580 1.20615 1.21647 1.22505 1.16764 1.14068 1.31574 1.08469 1.04012 0.955117 0.864152 0.773235 0.682224
1.76143 1.77394 1.78545 1.79548 1.77216 1.91880 2.03386 2.03949 2.03949 2.03949 2.03853 2.01841 1.98409 1.94928 1.90515 1.83578 1.85673 1.85762 1.85762 1.85452 1.84570 1.83658 1.84088 1.79930 1.75971 1.75971 1.75971 1.75971 1.75971 1.76975 1.79704 1.85928 1.88926 1.77452 1.55927 1.53171 1.53171 1.53171 1.53171 1.53171 1.46323 1.28338 1.23009 1.19802 1.18669 1.18669 1.18669 1.18669 1.18685 1.19368 1.20401 1.21436 1.22396 1.22593 1.22593 1.22593 1.22078 1.19338 1.03461 1.09191 0.863989 0.595387 0.589383 0.589383 0.589383 0.589383
1.80277 1.80335 1.80335 1.80335 1.76905 1.87226 1.97109 1.98616 1.95351 1.91870 1.88485 1.87018 1.86968 1.86968 1.86864 1.85216 1.83984 1.83074 1.82163 1.81561 1.81534 1.81534 1.81762 1.81594 1.76654 1.78977 1.81371 1.83765 1.86161 1.87550 1.87558 1.92086 1.93186 1.85356 1.62625 1.53171 1.52248 1.49094 1.45843 1.42590 1.39332 1.23440 1.18669 1.18669 1.18669 1.19155 1.20189 1.21223 1.22241 1.22593 1.22593 1.22092 1.20162 1.18127 1.16106 1.14088 1.12585 1.12504 0.989309 0.970227 0.936975 0.588758 0.566659 0.533931 0.501186 0.468458
1.77625 1.74193 1.70763 1.67332 1.62260 1.63910 1.78658 1.87183 1.86968 1.86949 1.86442 1.85722 1.84996 1.84242 1.83587 1.82692 1.81534 1.81534 1.81534 1.81015 1.76941 1.72201 1.67457 1.85568 1.87517 1.87558 1.87558 1.87558 1.87558 1.87558 1.87558 1.90387 1.93455 1.93713 1.63248 1.43260 1.40931 1.40833 1.40833 1.40833 1.40833 1.28782 1.19976 1.21010 1.22044 1.22593 1.22106 1.20176 1.18144 1.16126 1.14108 1.12592 1.12504 1.12504 1.12504 1.12504 1.12360 1.09713 0.992946 0.906794 0.935291 0.466913 0.420682 0.420682 0.420682 0.420682
