High_resolution/powerplant/Fengdu/OMI_NO2_200701.asc
ncols      200
nrows      200
xllcorner       105.978
yllcorner       28.1831
cellsize     0.0166667
NODATA_Value      -999.000
[rows 120 to 149 of 200, columns 132 to 197 of 200]
1.14609 1.14609 1.14609 1.14609 1.14609 1.14609 1.14609 1.20665 1.84692 1.84769 1.84769 1.84769 1.84769 2.01503 2.61940 2.62056 2.62056 2.62056 2.61257 2.49226 2.33592 2.17952 2.05283 2.31238 2.37929 2.37929 2.37929 2.37929 2.37929 2.37454 2.34988 2.34988 2.34988 2.34988 2.34988 2.34988 2.34988 2.34802 1.82118 1.68293 1.67149 1.50452 1.33668 1.33325 1.32993 1.32666 1.32338 1.33218 1.40705 1.48953 1.56644 1.61988 1.61314 2.27714 2.37754 2.36746 2.35724 2.34711 2.33695 2.32679 2.31666 2.30646 2.29633 2.29209 2.29209 2.29209
1.14609 1.14609 1.14609 1.14609 1.14609 1.14609 1.14609 1.14609 1.75626 1.84769 1.84769 1.84769 1.84769 1.84769 2.53079 2.53854 2.37001 2.18804 2.01401 1.95240 1.92678 1.90116 1.87553 2.07907 2.23467 2.21759 2.20058 2.18350 2.16645 2.14919 2.15406 2.14499 2.13360 2.12216 2.11075 2.06619 1.96252 1.85947 1.59001 1.47029 1.47841 1.43213 1.17671 1.18138 1.24923 1.33720 1.42520 1.50117 1.51117 1.51117 1.51117 1.51117 1.51117 1.98485 2.29209 2.29209 2.29209 2.29209 2.29209 2.29209 2.29209 2.29209 2.29209 2.29209 2.29209 2.29209
1.16014 1.16438 1.16867 1.17294 1.17720 1.18150 1.18575 1.19005 1.21693 1.14403 1.09289 1.04174 0.990601 0.939355 1.35221 1.53600 1.52262 1.52262 1.52262 1.52262 1.52262 1.52262 1.52262 1.66768 2.03349 2.03349 2.03349 2.03349 2.00911 1.91909 1.85835 1.77604 1.68254 1.58905 1.49556 1.43514 1.43405 1.43405 1.45062 1.49209 1.55498 1.66639 1.46414 1.49101 1.51117 1.51117 1.51117 1.51117 1.51117 1.51117 1.51117 1.51117 1.51117 1.78752 2.29209 2.29209 2.29209 2.29209 2.29209 2.29209 2.29209 2.29209 2.29209 2.29209 2.29209 2.29209
1.22262 1.22262 1.22262 1.22262 1.22262 1.22262 1.22262 1.22262 1.04113 0.810304 0.810304 0.810304 0.810304 0.810304 0.987556 1.52237 1.52262 1.52262 1.52262 1.52262 1.52262 1.52262 1.52262 1.53168 1.74811 1.64974 1.55631 1.46263 1.39365 1.39005 1.41346 1.43405 1.43405 1.43405 1.43405 1.43405 1.46737 1.57595 1.69019 1.85521 1.90483 1.90483 1.69548 1.51117 1.51117 1.51117 1.51117 1.51117 1.51117 1.51117 1.51117 1.51117 1.51117 1.59238 2.28978 2.29209 2.29209 2.29209 2.29209 2.29209 2.29209 2.29209 2.29209 2.29209 2.29209 2.27986
1.22262 1.22262 1.22262 1.22262 1.22262 1.22262 1.22262 1.22262 1.12934 0.810304 0.810304 0.810304 0.810304 0.810304 0.810304 1.45066 1.52262 1.52262 1.52262 1.52262 1.52262 1.52262 1.52262 1.52262 1.42067 1.39005 1.39005 1.39005 1.39005 1.39005 1.40424 1.43405 1.44689 1.54324 1.65466 1.76609 1.84418 1.84703 1.84703 1.89162 1.90483 1.90483 1.82162 1.51117 1.51117 1.51117 1.51117 1.51117 1.51117 1.51117 1.51117 1.51117 1.51117 1.51709 2.16767 2.29209 2.29209 2.29209 2.29209 2.29209 2.29209 2.28681 2.22750 2.15411 2.08067 2.01941
1.22262 1.22262 1.22262 1.22262 1.22262 1.22262 1.22262 1.22262 1.30934 1.15904 0.810304 0.810304 0.810304 0.810304 0.810304 1.27977 1.52262 1.52262 1.52262 1.52262 1.52262 1.52262 1.52262 1.52262 1.45216 1.39005 1.39005 1.39005 1.39199 1.46658 1.58292 1.73338 1.83200 1.84703 1.84703 1.84703 1.84703 1.84703 1.84703 1.87675 1.90483 1.90483 1.90325 1.55563 1.51117 1.51117 1.51117 1.51117 1.51117 1.51117 1.51117 1.51117 1.51117 1.51156 1.97573 2.29209 2.29209 2.29089 2.24210 2.16872 2.04153 1.87419 1.76090 1.66170 1.56258 1.46330
1.22262 1.22612 1.46223 1.76739 2.00480 2.19510 2.35086 2.48086 2.56532 2.32344 0.815577 0.810304 0.810304 0.810304 0.810304 1.01396 1.52262 1.52262 1.52262 1.52262 1.52262 1.52262 1.52262 1.52262 1.49121 1.43449 1.54529 1.65667 1.76620 1.80304 1.80304 1.84275 1.84703 1.84703 1.84703 1.84703 1.84703 1.84703 1.84703 1.86186 1.90483 1.90483 1.90483 1.68020 1.51117 1.51117 1.51117 1.51117 1.51117 1.51117 1.51117 1.51117 1.50930 1.48198 1.64426 1.89509 1.72240 1.55090 1.42707 1.32802 1.28237 1.28237 1.28237 1.28237 1.28237 1.28237
2.40874 2.52875 2.56992 2.56992 2.56992 2.56992 2.56992 2.56992 2.56992 2.44970 1.24000 0.810304 0.810304 0.810304 0.810304 0.810304 1.46139 1.52262 1.52262 1.52262 1.52262 1.55266 1.70642 1.87349 2.03913 1.82361 1.80304 1.80304 1.80304 1.80304 1.80304 1.83350 1.84703 1.84703 1.84703 1.84703 1.84703 1.84703 1.84703 1.84888 1.90295 1.90483 1.90483 1.80630 1.51123 1.50974 1.48284 1.45011 1.41738 1.38474 1.32950 1.22501 1.12070 1.04180 1.06439 1.34850 1.35568 1.36097 1.36641 1.37168 1.37716 1.38242 1.38787 1.39317 1.39858 1.40389
2.56992 2.56992 2.56992 2.56992 2.56992 2.56992 2.56992 2.56992 2.56992 2.49364 1.73279 0.810304 0.810304 0.810304 0.810304 0.810304 1.29582 1.53048 1.65735 1.82455 1.99162 2.12871 2.14176 2.13898 2.13574 1.88433 1.79448 1.79233 1.79017 1.78801 1.78584 1.82467 1.87512 1.87758 1.88006 1.88253 1.88500 1.88745 1.89733 1.95788 1.92687 1.84874 1.81600 1.77828 1.38942 1.32565 1.30731 1.24013 1.16666 1.09330 1.04236 1.04063 1.04063 1.04063 1.08446 1.38515 1.43454 1.43454 1.43454 1.43454 1.43454 1.43454 1.43454 1.43454 1.43454 1.43454
2.56992 2.56992 2.56992 2.57304 2.58033 2.58764 2.59499 2.60225 2.60961 2.57806 2.03998 0.749450 0.742965 0.736493 0.730021 0.723536 1.08692 2.05197 2.08900 2.08577 2.08253 2.07928 2.07638 2.07592 2.07592 1.91927 1.75892 1.75892 1.75892 1.75892 1.75892 1.80282 1.96252 2.03019 2.09781 2.16552 2.23318 2.30094 2.36121 2.37080 2.05189 1.71354 1.71464 1.72934 1.40543 1.10787 1.04697 1.04063 1.04063 1.04063 1.04063 1.04063 1.04063 1.04063 1.05785 1.31745 1.43454 1.43454 1.43454 1.43454 1.43454 1.43454 1.43454 1.43454 1.43454 1.43454
2.68185 2.68919 2.69648 2.70072 2.70072 2.70072 2.70072 2.70072 2.70072 2.69850 2.26950 0.713833 0.677955 0.677955 0.677955 0.677955 0.681585 1.97545 2.07592 2.07592 2.07592 2.07592 2.07592 2.07592 2.07583 2.01801 1.87526 1.94297 2.01064 2.07835 2.14597 2.21954 2.37013 2.37080 2.37080 2.37080 2.37080 2.37080 2.37082 2.38111 2.24947 1.76156 1.77928 1.78335 1.56730 1.04063 1.04063 1.04063 1.04063 1.04063 1.04063 1.04063 1.04063 1.04063 1.04093 1.24012 1.43454 1.43454 1.43454 1.43454 1.43254 1.42376 1.41511 1.40713 1.39978 1.39295
2.70072 2.70072 2.70072 2.70072 2.70072 2.70072 2.70072 2.70072 2.70072 2.70072 2.40775 1.23438 0.677955 0.677955 0.677955 0.677955 0.677955 1.66082 2.07414 2.06903 2.06446 2.06044 2.05689 2.05372 2.05091 2.05001 2.20277 2.22429 2.22429 2.22429 2.22429 2.22429 2.34889 2.37080 2.37080 2.37620 2.39448 2.41331 2.43212 2.44061 2.42753 1.81431 1.78335 1.78335 1.76323 1.08156 1.04063 1.04063 1.04063 1.04063 1.04063 1.04063 1.04063 1.04470 1.05179 1.15587 1.40139 1.39699 1.39037 1.38419 1.37958 1.37920 1.37920 1.37920 1.38324 1.40170
2.70072 2.70072 2.70072 2.70072 2.70072 2.70072 2.70072 2.70072 2.70072 2.70072 2.49367 1.71477 0.836112 0.972603 1.08040 1.16769 1.23986 1.52444 2.05006 2.05001 2.05001 2.05001 2.05001 2.05001 2.05001 2.05001 2.15763 2.22429 2.22429 2.22429 2.22429 2.22633 2.33606 2.40780 2.42663 2.44006 2.44061 2.44061 2.44061 2.44061 2.44061 1.96962 1.78335 1.78335 1.78335 1.29984 1.11318 1.21061 1.29979 1.38207 1.45785 1.36675 1.08170 1.08377 1.08377 1.13312 1.33825 1.37920 1.37920 1.37920 1.38114 1.39785 1.41758 1.44440 1.50180 1.54928
2.70072 2.70072 2.70072 2.70072 2.70072 2.64303 2.47406 2.30211 2.13050 1.95844 1.66616 1.26424 1.33807 1.33807 1.33807 1.33807 1.33807 1.34286 1.99468 2.05001 2.05001 2.05001 2.05001 2.05001 2.05001 2.05001 2.11250 2.22457 2.23697 2.25579 2.27462 2.29142 2.35663 2.44061 2.44061 2.44061 2.44061 2.44061 2.44237 2.47317 2.51123 2.27871 2.02031 2.07131 2.11872 1.97343 1.61855 1.61855 1.61855 1.61855 1.61855 1.56034 1.08409 1.08377 1.08377 1.11319 1.30738 1.46088 1.52685 1.59279 1.65683 1.70608 1.75234 1.79143 1.79601 1.79601
2.40193 2.23009 2.05825 1.88642 1.71469 1.60054 1.59778 1.59778 1.59778 1.59778 1.56307 1.20049 1.33405 1.33807 1.33807 1.33807 1.33807 1.33807 1.81028 2.05001 2.05001 2.05001 2.05001 2.05001 2.05730 2.07600 2.11247 2.28736 2.29411 2.29411 2.29411 2.29411 2.32562 2.44061 2.44061 2.44061 2.44061 2.60004 2.66237 2.66853 2.66853 2.56787 2.17558 2.17558 2.17558 2.14890 1.63659 1.61855 1.61855 1.63854 1.67707 1.71561 1.29405 1.26071 1.31382 1.37654 1.60388 1.81343 1.81634 1.81935 1.82238 1.82549 1.82867 1.83188 1.83519 1.83853
1.59778 1.59778 1.59778 1.59778 1.59778 1.59778 1.59778 1.59778 1.59778 1.59778 1.59778 1.24648 1.30210 1.33807 1.33807 1.33807 1.33807 1.33807 1.56903 2.05001 2.05326 2.07050 2.08933 2.10815 2.11969 2.11982 2.11982 2.26632 2.29411 2.30560 2.32761 2.34961 2.37570 2.41130 2.39814 2.39127 2.38432 2.52197 2.61600 2.61085 2.60566 2.59466 2.15383 2.15933 2.19269 2.22600 1.87127 1.73564 1.76900 1.78949 1.80387 1.81848 1.51394 1.30992 1.30992 1.30992 1.52272 1.88769 1.89385 1.89385 1.89385 1.89385 1.89385 1.89385 1.89385 1.89385
1.59778 1.59778 1.59778 1.59778 1.59778 1.59778 1.59778 1.59778 1.59778 1.60108 1.60671 1.39735 1.39467 1.50094 1.53395 1.56696 1.60003 1.63304 1.67504 2.30111 2.38084 2.40439 2.42640 2.44836 2.47036 2.49246 2.51442 2.63777 2.73271 2.74318 2.74318 2.74318 2.74318 2.37418 2.27784 2.23952 2.15818 2.18053 2.33466 2.27366 2.21261 2.15194 2.26522 2.32662 2.32662 2.34738 2.19988 1.81226 1.83200 1.84449 1.84470 1.84470 1.65815 1.30992 1.30992 1.30992 1.45111 1.81505 1.89385 1.89385 1.89385 1.89385 1.89385 1.89385 1.89385 1.89385
1.65117 1.65684 1.66250 1.66815 1.67383 1.67945 1.68512 1.69079 1.69642 1.69881 1.69881 1.77385 1.90098 2.01167 2.01167 2.01167 2.01167 2.01167 2.01167 2.39466 2.56889 2.56889 2.56889 2.56889 2.56889 2.56889 2.56889 2.62508 2.71469 2.63441 2.55307 2.47168 2.39040 2.03761 1.76228 1.71921 1.71921 1.73910 2.11903 2.12748 2.12748 2.13345 2.30221 2.51993 2.62511 2.70960 2.65160 1.85848 1.84470 1.84470 1.84470 1.84470 1.79243 1.31089 1.30992 1.30992 1.40306 1.72477 1.89385 1.89385 1.89385 1.89385 1.89385 1.89415 1.90818 1.92968
1.69881 1.69881 1.69881 1.69881 1.69881 1.69881 1.69881 1.69881 1.69881 1.69881 1.69881 1.73757 1.87090 2.00440 2.01167 2.01167 2.01167 2.01167 2.01167 2.21108 2.56889 2.56175 2.50340 2.43511 2.36673 2.29839 2.23001 2.16717 2.18501 2.18454 2.18454 2.18454 2.18454 2.01092 1.71921 1.71921 1.71921 1.71936 2.10816 2.29011 2.39533 2.49462 2.55345 2.71690 2.71690 2.71690 2.71690 2.07122 1.84470 1.84470 1.84470 1.84470 1.84470 1.39388 1.30992 1.30992 1.36272 1.65641 1.93736 1.95887 1.98037 2.00194 2.02344 2.04468 2.05217 2.05217
1.69881 1.69881 1.69881 1.69881 1.69881 1.69881 1.69881 1.69881 1.69881 1.69881 1.69881 1.70470 1.86489 1.96972 2.01147 1.95368 1.85111 1.74860 1.64610 1.56297 2.15222 2.12726 2.11723 2.11723 2.11723 2.11723 2.11723 2.11723 2.17141 2.18454 2.18454 2.18454 2.18454 2.10860 1.75907 1.89515 2.03549 2.17563 2.39775 2.51776 2.51776 2.51776 2.51876 2.70055 2.71690 2.71690 2.71690 2.34930 1.84470 1.83661 1.80819 1.77878 1.74937 1.51535 1.39671 1.41285 1.44163 1.70940 2.04427 2.05217 2.05217 2.05217 2.05217 2.03987 1.99258 1.94317
1.69881 1.69881 1.69881 1.69881 1.69881 1.69881 1.69881 1.69881 1.69030 1.63835 1.58044 1.52245 1.60024 1.53479 1.37883 1.33419 1.33419 1.33419 1.33419 1.33419 1.89289 2.11723 2.11723 2.11723 2.11723 2.11723 2.11723 2.11723 2.15407 2.18454 2.19953 2.31958 2.45993 2.59651 2.26087 2.23959 2.23959 2.23959 2.32227 2.51776 2.51776 2.51776 2.50675 2.61037 2.64734 2.61793 2.58854 2.46532 1.66198 1.63619 1.63522 1.63522 1.63522 1.56583 1.42866 1.42866 1.42866 1.64919 1.96895 2.04139 1.95706 1.85866 1.76029 1.67414 1.62307 1.57405
1.69881 1.69881 1.67086 1.61290 1.55495 1.49700 1.43908 1.38109 1.33172 1.32564 1.32564 1.32564 1.42500 1.46534 1.33419 1.33419 1.33419 1.33419 1.33419 1.33419 1.64113 2.11723 2.11723 2.11723 2.11723 2.11723 2.11926 2.21142 2.37131 2.55932 2.68468 2.70492 2.70492 2.70492 2.35904 2.23959 2.23959 2.23959 2.24871 2.38447 2.35636 2.32695 2.30856 2.39002 2.50743 2.50743 2.50743 2.50743 1.82371 1.63522 1.63522 1.63522 1.63041 1.58641 1.36983 1.33843 1.28127 1.33123 1.46762 1.51644 1.50231 1.50231 1.50231 1.50231 1.50231 1.50231
1.41359 1.35564 1.32564 1.32564 1.32564 1.32564 1.32564 1.32564 1.32564 1.32564 1.32564 1.32564 1.38876 1.49421 1.34752 1.33419 1.33419 1.33419 1.33419 1.33419 1.36856 2.08929 2.11723 2.17156 2.31082 2.45116 2.58943 2.63762 2.64100 2.70368 2.70492 2.70492 2.70492 2.70492 2.45671 2.24075 2.24984 2.26044 2.27108 2.32720 2.34785 2.35582 2.36376 2.40246 2.57888 2.57985 2.56037 2.53969 2.11347 1.62609 1.60538 1.58438 1.54544 1.51382 1.31359 1.25107 1.25046 1.24990 1.30451 1.50231 1.50231 1.50231 1.50231 1.50231 1.50231 1.50231
1.32564 1.32564 1.32564 1.32564 1.32564 1.32564 1.32564 1.32564 1.32564 1.32564 1.32564 1.32564 1.35249 1.49508 1.38885 1.32204 1.29734 1.27259 1.24788 1.22318 1.19838 2.00251 2.42710 2.49665 2.48114 2.46467 2.44817 2.43171 2.41524 2.45094 2.44954 2.43304 2.41657 2.40007 2.41624 2.49120 2.49269 2.49269 2.49387 2.50178 2.50826 2.51307 2.51790 2.52294 2.51993 2.49442 2.49313 2.49313 2.28460 1.56781 1.53068 1.49394 1.47986 1.47986 1.36091 1.27330 1.27330 1.26569 1.24429 1.49469 1.50231 1.50231 1.50231 1.50231 1.50231 1.50231
1.29381 1.28499 1.27605 1.26724 1.25836 1.24947 1.24066 1.23174 1.22291 1.21404 1.20515 1.19632 1.18774 1.03908 0.939542 0.830081 0.830081 0.830081 0.830081 0.830081 0.830081 1.45611 2.30155 2.30155 2.30155 2.30155 2.30155 2.30155 2.30155 2.33643 2.36885 2.36955 2.37506 2.38149 2.40215 2.51817 2.52459 2.53101 2.53625 2.53525 2.53116 2.53116 2.53116 2.53116 2.46801 2.26577 2.06202 1.85835 1.73928 1.52449 1.47986 1.47986 1.47986 1.47986 1.41329 1.27330 1.27330 1.27181 1.23537 1.43637 1.50231 1.50231 1.50231 1.50231 1.50231 1.50231
1.17098 1.16745 1.16745 1.16745 1.16745 1.16745 1.16745 1.16745 1.16745 1.16745 1.16745 1.16745 1.16745 1.03816 0.969107 0.830081 0.830081 0.830081 0.830081 0.830081 0.830081 0.925530 2.26510 2.30155 2.30238 2.34719 2.41680 2.48641 2.55598 2.57120 2.40628 2.41200 2.41291 2.41291 2.41294 2.52501 2.53675 2.53675 2.53675 2.53664 2.52084 2.36401 2.16027 1.95660 1.77682 1.73852 1.73852 1.73852 1.73852 1.60700 1.47986 1.47986 1.47986 1.47986 1.46429 1.27466 1.27330 1.27330 1.24286 1.36855 1.49753 1.48828 1.47807 1.46677 1.45420 1.44008
1.28603 1.16745 1.16745 1.16745 1.16745 1.16745 1.16745 1.16745 1.16745 1.16745 1.16745 1.16745 1.16745 1.07565 0.990973 0.850402 0.830081 0.830081 0.861960 0.963820 1.06817 1.17259 2.28837 2.66906 2.73780 2.76256 2.76256 2.76256 2.76256 2.75101 2.42401 2.41291 2.41291 2.41291 2.41291 2.49908 2.53665 2.39418 2.12262 1.85096 1.76823 1.77655 1.77655 1.77655 1.77150 1.73852 1.73852 1.73852 1.73852 1.68948 1.47986 1.47986 1.47697 1.43766 1.38759 1.24461 1.20945 1.19001 1.11494 1.12418 1.40939 1.40939 1.40939 1.40939 1.40939 1.40939
1.45406 1.16745 1.16745 1.16745 1.16745 1.16745 1.16745 1.16745 1.16745 1.16745 1.16745 1.16993 1.21608 1.22400 1.16404 1.22897 1.34222 1.44657 1.51911 1.52160 1.52160 1.52160 2.09123 2.76256 2.76256 2.76256 2.76256 2.76256 2.76256 2.76256 2.50301 2.41291 2.41291 2.34077 2.07907 1.86760 1.65979 1.53060 1.53060 1.53060 1.65823 1.77655 1.77655 1.77655 1.77655 1.73795 1.69066 1.64051 1.59037 1.53987 1.26522 1.18130 1.13408 1.12320 1.12320 1.12899 1.13501 1.13501 1.09323 1.01967 1.39531 1.40939 1.47573 1.68934 1.93453 2.21974
1.62208 1.16745 1.16745 1.16745 1.16745 1.18220 1.24131 1.30362 1.36576 1.42806 1.49024 1.54999 1.56605 1.54916 1.38963 1.43611 1.52160 1.52160 1.52160 1.52160 1.52160 1.52160 1.63336 2.74296 2.76256 2.76256 2.76256 2.76256 2.76256 2.73710 2.34002 1.88780 1.61624 1.41672 1.40676 1.44087 1.53060 1.53060 1.53060 1.53060 1.57260 1.62269 1.57258 1.52239 1.47232 1.40361 1.38186 1.38186 1.38186 1.38186 1.23908 1.12320 1.12320 1.12320 1.12320 1.12645 1.15122 1.17502 1.21116 1.37627 1.86053 2.37548 2.75039 2.84159 2.84159 2.84159
1.61347 1.32059 1.39107 1.45329 1.51551 1.56302 1.56605 1.56605 1.56605 1.56605 1.56605 1.56605 1.56605 1.56605 1.41022 1.40227 1.52128 1.52160 1.52160 1.52160 1.52160 1.52160 1.52160 2.50243 2.76256 2.76004 2.58940 2.31784 2.04618 1.79997 1.67796 1.40676 1.40676 1.40676 1.40676 1.41535 1.53014 1.53060 1.53060 1.53060 1.52945 1.42596 1.41989 1.41973 1.41945 1.40512 1.38085 1.38057 1.38107 1.39418 1.35144 1.17067 1.18825 1.20583 1.23204 1.34238 1.57205 1.71777 1.84154 2.08042 2.33053 2.84159 2.84159 2.84159 2.84159 2.84159
