High_resolution/powerplant/Fengdu/OMI_NO2_201009.asc
ncols      200
nrows      200
xllcorner       105.978
yllcorner       28.1831
cellsize     0.0166667
NODATA_Value      -999.000
[rows 145 to 173 of 200, columns 66 to 131 of 200]
0.00000 0.00000 0.00000 0.00000 0.00000 0.00000 0.00000 0.00000 0.00000 0.00000 0.00000 0.00000 0.00000 0.00000 0.00000 0.00000 0.00000 0.278837 0.278837 0.278837 0.278837 0.278837 0.278837 0.278837 0.278837 0.278837 0.278837 0.278837 0.297271 0.409550 0.535050 0.660363 0.742571 0.744340 0.744340 0.744340 0.744340 0.744340 0.744340 0.744340 0.744340 0.744340 0.744340 0.744340 0.744340 0.310408 0.184677 0.184677 0.184677 0.184677 0.184677 0.184677 0.184677 0.184677 0.184677 0.184677 0.184677 0.215162 0.406105 0.620732 0.835113 0.995325 1.00418 1.00418 1.00418 1.00418
0.00000 0.00000 0.00000 0.00000 0.00000 0.00000 0.00000 0.00000 0.00000 0.00000 0.00000 0.00000 0.00000 0.00000 0.00000 0.00000 0.00000 0.278837 0.278837 0.278837 0.278837 0.278837 0.278837 0.278837 0.282933 0.373567 0.498927 0.624380 0.731259 0.744340 0.744340 0.744340 0.744340 0.744340 0.744340 0.745918 0.829791 0.766855 0.744340 0.744340 0.744340 0.744340 0.744340 0.744340 0.744340 0.487958 0.184677 0.184677 0.184677 0.184677 0.184677 0.184677 0.184677 0.198116 0.367753 0.582215 0.796842 0.980738 1.00418 1.00418 1.00418 1.00418 1.00418 1.00418 1.00418 1.00418
0.00000 0.00000 0.00000 0.00000 0.00000 0.00000 0.00000 0.00000 0.00000 0.00000 0.00000 0.00000 0.00000 0.00000 0.00000 0.00000 0.00000 0.00000 0.278837 0.278837 0.278837 0.337630 0.462897 0.588303 0.709613 0.744340 0.744340 0.744340 0.744340 0.744340 0.791383 0.901803 0.986219 1.05177 1.10435 1.14678 1.16054 0.933563 0.744340 0.744340 0.744340 0.744340 0.744340 0.744340 0.744340 0.665267 0.184956 0.184677 0.184677 0.187955 0.329400 0.543863 0.758326 0.959349 1.00418 1.00418 1.00418 1.00418 1.00418 1.00418 1.00418 1.00418 1.00418 1.00418 1.00418 1.00418
0.00000 0.00000 0.00000 0.00000 0.00000 0.00000 0.00000 0.00000 0.00000 0.00000 0.00000 0.00000 0.00000 0.00000 0.00000 0.00000 0.00000 0.00000 0.413302 0.552227 0.677680 0.744293 0.744340 0.744340 0.762179 0.868977 0.961242 1.03215 1.08844 1.13419 1.15998 1.16054 1.16054 1.16054 1.16054 1.16054 1.16054 1.04438 0.744340 0.744340 0.744340 0.744340 0.744340 0.744340 0.744340 0.744340 0.377669 0.505428 0.719891 0.931158 1.00418 1.00418 1.00418 1.00418 1.00418 1.00418 1.00418 1.00418 1.00418 1.00418 1.00418 1.00418 1.00418 1.00418 1.00418 1.00418
0.00000 0.00000 0.00000 0.00000 0.00000 0.00000 0.00000 0.00000 0.00000 0.00000 0.00000 0.00000 0.00000 0.00000 0.00000 0.00000 0.00000 0.00000 0.779598 0.983400 1.28284 1.51465 1.24679 1.12036 1.15591 1.16054 1.16054 1.16054 1.16054 1.16054 1.16054 1.16054 1.16054 1.16054 1.16054 1.16054 1.16054 1.12265 0.744340 0.744340 0.744340 0.744340 0.736976 0.708356 0.678412 0.648468 0.820829 1.00418 1.00418 1.00418 1.00418 1.00418 1.00418 1.00418 1.00418 1.00418 1.00418 1.00418 1.00418 1.00418 1.00418 1.00418 1.00418 1.00418 1.00418 1.00418
0.00000 0.00000 0.00000 0.00000 0.00000 0.00000 0.00000 0.00000 0.00000 0.00000 0.00000 0.00000 0.00000 3.16308 3.16308 3.16308 3.16308 3.16308 3.16308 2.19756 1.95371 1.95371 1.58052 1.16054 1.16054 1.16054 1.16054 1.16054 1.16054 1.16054 1.16054 1.16054 1.16054 1.16054 1.16054 1.16054 1.16054 1.16015 0.820633 0.716954 0.687010 0.657055 0.634441 0.633106 0.633106 0.633106 0.703248 1.00418 1.00418 1.00418 1.00418 1.00418 1.00418 1.00418 1.00418 1.00418 1.00418 1.00418 1.00418 1.00418 1.00418 1.00418 1.00418 1.00418 1.00418 1.00418
0.00000 0.00000 0.00000 0.00000 0.00000 0.00000 0.00000 3.16308 3.16308 3.16308 3.16308 3.16308 3.16308 3.16308 3.16308 3.16308 3.16308 3.16308 3.16308 2.54601 1.95371 1.95371 1.79641 1.16054 1.16054 1.16054 1.16054 1.16054 1.16054 1.16054 1.16054 1.16054 1.16054 1.16054 1.16042 1.15113 1.13615 1.12118 0.892657 0.633106 0.633106 0.633106 0.633106 0.633106 0.633106 0.633106 0.633663 0.956104 1.00418 1.00418 1.00418 1.00418 1.00418 1.00418 1.00418 1.00418 1.00418 1.00418 1.00418 1.00418 1.00418 1.00418 1.00418 1.00418 0.912975 0.718385
0.00000 0.00000 0.00000 0.00000 0.00000 0.00000 0.00000 3.16308 3.16308 3.16308 3.16308 3.16308 3.16308 3.16308 3.16308 3.16308 3.16308 3.16308 3.16308 3.04549 1.97263 1.95371 1.94808 1.22495 1.16054 1.16054 1.16054 1.16054 1.16054 1.16054 1.16054 1.15524 1.14046 1.12549 1.11061 1.10492 1.10492 1.10492 1.00174 0.633106 0.633106 0.633106 0.633106 0.633106 0.633106 0.633106 0.633106 0.839083 1.00418 1.00418 1.00418 1.00418 1.00418 1.00418 1.00418 1.00418 1.00418 1.00418 1.00418 1.00418 0.944044 0.753691 0.559100 0.364436 0.260971 0.260897
0.00000 0.00000 0.00000 0.00000 0.00000 0.00000 0.00000 3.16308 3.16308 3.16308 3.16308 3.16308 3.16308 3.16308 3.16308 3.16308 3.16308 3.16308 3.16308 3.16308 2.16864 1.95371 1.95371 1.43490 1.16054 1.16054 1.16054 1.15823 1.14474 1.12976 1.11479 1.10511 1.10492 1.10492 1.10492 1.10492 1.10492 1.10492 1.08177 0.636181 0.633106 0.633106 0.633106 0.633106 0.633106 0.633106 0.633106 0.721486 1.00418 1.00418 1.00418 1.00418 1.00418 1.00418 1.00418 1.00418 0.968721 0.789294 0.594703 0.400039 0.265357 0.260897 0.260897 0.260897 0.260897 0.260897
0.00000 0.00000 0.00000 0.00000 0.00000 0.00000 0.00000 3.16308 3.16308 3.16308 3.16308 3.16308 3.16308 3.16308 3.16308 3.16308 3.16308 3.16308 3.16308 3.16308 2.50176 1.95371 1.95371 1.65050 1.14903 1.13402 1.11906 1.10640 1.10492 1.10492 1.10492 1.10492 1.10492 1.08764 1.02682 0.963899 0.900979 0.838094 0.775393 0.668292 0.633106 0.633106 0.633106 0.633106 0.633106 0.633106 0.633106 0.636854 0.971228 1.00418 1.00418 1.00418 0.986857 0.824748 0.630083 0.435419 0.276134 0.260897 0.260897 0.260897 0.260897 0.260897 0.260897 0.260897 0.260897 0.260897
0.00000 0.00000 0.00000 0.00000 0.00000 0.00000 0.00000 3.16308 3.16308 3.16308 3.16308 3.16308 3.16308 3.16308 3.16308 3.16308 3.16308 3.16308 3.16308 3.16308 3.00105 1.94306 1.91653 1.81422 1.10596 1.10492 1.10492 1.09968 1.04778 0.984896 0.921940 0.859056 0.796172 0.750506 0.748438 0.748438 0.748438 0.748438 0.748438 0.704604 0.633106 0.633106 0.633106 0.633106 0.633106 0.633106 0.633106 0.633106 0.851769 0.860351 0.665612 0.470947 0.293527 0.260897 0.260897 0.260897 0.260897 0.260897 0.260897 0.260897 0.260897 0.260897 0.260897 0.260897 0.260897 0.260897
0.00000 0.00000 0.00000 0.00000 0.00000 0.00000 0.00000 0.00000 3.16308 3.16308 3.16308 3.16308 3.16308 3.16308 3.16308 3.16308 3.16308 3.16308 3.16308 3.16308 3.16308 2.09265 1.79067 1.57998 0.996312 0.880017 0.817133 0.759418 0.748438 0.748438 0.748438 0.748438 0.748438 0.748438 0.748438 0.748438 0.748438 0.748438 0.748438 0.729523 0.633106 0.633106 0.633106 0.633106 0.633106 0.632228 0.630320 0.628414 0.525288 0.260897 0.260897 0.260897 0.260897 0.260897 0.260897 0.260897 0.260897 0.260897 0.260897 0.260897 0.260897 0.260897 0.260897 0.260897 0.260897 0.260897
0.00000 0.00000 0.00000 0.00000 0.00000 0.00000 0.00000 0.00000 3.16308 3.16308 3.16308 3.16308 3.16308 3.16308 3.16308 3.16308 3.10722 2.73546 2.31386 1.89249 1.47228 0.929406 0.739215 0.739215 0.744426 0.748438 0.748438 0.748438 0.748438 0.748438 0.748438 0.748438 0.748438 0.748438 0.748438 0.748438 0.748438 0.748438 0.748438 0.746066 0.639302 0.632671 0.630863 0.628955 0.627048 0.626021 0.626019 0.626019 0.616310 0.281080 0.260897 0.260897 0.260897 0.260897 0.260897 0.260897 0.260897 0.260897 0.260897 0.260897 0.260897 0.260897 0.260897 0.260897 0.260897 0.260897
0.00000 0.00000 0.00000 0.00000 0.00000 0.00000 0.00000 0.00000 3.16308 3.16308 3.16308 2.94405 2.52269 2.10317 1.68180 1.26043 0.894924 0.845324 0.845324 0.845324 0.845324 0.826032 0.739588 0.739215 0.741921 0.748438 0.748438 0.748438 0.748438 0.748438 0.748438 0.748438 0.748438 0.748438 0.748438 0.748438 0.748438 0.748365 0.747587 0.746634 0.675758 0.626119 0.626019 0.626019 0.626019 0.626019 0.626019 0.626019 0.626019 0.386692 0.260897 0.260897 0.260897 0.260897 0.260897 0.260897 0.260897 0.260897 0.260897 0.260897 0.260897 0.260897 0.260897 0.260897 0.260897 0.260897
0.00000 0.00000 0.00000 0.00000 0.00000 0.00000 0.00000 0.00000 0.00000 1.52065 1.04766 0.845324 0.845324 0.845324 0.845324 0.845324 0.845324 0.845324 0.845324 0.845324 0.845324 0.845324 0.752814 0.739215 0.739631 0.748211 0.748438 0.748438 0.748438 0.748438 0.748438 0.748438 0.748438 0.748432 0.747858 0.746903 0.745951 0.745070 0.744895 0.744895 0.707909 0.626019 0.626019 0.626019 0.626019 0.626019 0.626019 0.626019 0.626019 0.501988 0.260897 0.260897 0.260897 0.260897 0.260897 0.260897 0.260897 0.260897 0.260897 0.260897 0.260897 0.260897 0.261627 0.417510 0.690488 0.963466
0.00000 0.00000 0.00000 0.00000 0.00000 0.00000 0.00000 0.00000 0.00000 0.845324 0.845324 0.845324 0.845324 0.845324 0.845324 0.845324 0.845324 0.845324 0.845324 0.845324 0.845324 0.845324 0.779212 0.739215 0.739215 0.746118 0.748438 0.748438 0.748438 0.748438 0.748114 0.747175 0.746221 0.745273 0.744895 0.744895 0.744895 0.744895 0.744895 0.744895 0.731259 0.626019 0.626019 0.626019 0.626019 0.626019 0.626019 0.626019 0.626019 0.606960 0.271303 0.260897 0.260897 0.260897 0.260897 0.260897 0.260897 0.260897 0.260897 0.369650 0.641169 0.914147 1.18639 1.30359 1.30359 1.30359
0.00000 0.00000 0.00000 0.00000 0.00000 0.00000 0.00000 0.00000 0.00000 0.845324 0.845324 0.845324 0.845324 0.845324 0.845324 0.845324 0.845324 0.845324 0.845324 0.845324 0.845324 0.845324 0.820314 0.739279 0.739215 0.743604 0.748298 0.747445 0.746492 0.745538 0.744909 0.744895 0.744895 0.744895 0.744895 0.744895 0.755789 0.807962 0.864256 0.920455 0.977020 0.685743 0.626019 0.626019 0.626019 0.626019 0.626019 0.626019 0.626019 0.626019 0.367689 0.260897 0.260897 0.260897 0.260897 0.330028 0.591745 0.864723 1.13770 1.30203 1.30359 1.30359 1.30359 1.30359 1.30359 1.30359
0.00000 0.00000 0.00000 0.00000 0.00000 0.00000 0.00000 0.00000 0.00000 0.845325 0.845324 0.845324 0.845324 0.845324 0.845324 0.845324 0.845324 0.845324 0.845324 0.845324 0.845324 0.845324 0.845324 0.749570 0.737539 0.738469 0.744995 0.744895 0.744895 0.744895 0.747514 0.790134 0.846333 0.902595 0.958794 1.01506 1.06036 1.06439 1.06439 1.06439 1.06439 0.845087 0.626019 0.626019 0.626019 0.626019 0.626019 0.626019 0.626019 0.626019 0.483037 0.299372 0.542321 0.815299 1.08828 1.29233 1.30359 1.30359 1.30359 1.30359 1.30359 1.30359 1.30359 1.30359 1.30359 1.30359
0.00000 0.00000 0.00000 0.00000 0.00000 0.00000 0.00000 0.00000 0.00000 0.00000 0.845324 0.845324 0.845324 0.845324 0.845324 0.845324 0.845324 0.845324 0.845324 0.845324 0.845324 0.845324 0.845324 0.772967 0.735672 0.743711 0.820327 0.884672 0.940966 0.997165 1.05078 1.06439 1.06439 1.06439 1.06439 1.06439 1.06439 1.06439 1.06439 1.06439 1.06439 0.955717 0.626019 0.626019 0.626019 0.626019 0.626019 0.622723 0.554510 0.461211 0.413985 1.26301 1.30359 1.30359 1.30359 1.30359 1.30359 1.30359 1.30359 1.30359 1.30359 1.30359 1.30359 1.30359 1.30359 1.30359
0.00000 0.00000 0.00000 0.00000 0.00000 0.00000 0.00000 0.00000 0.00000 0.00000 0.845325 0.845324 0.845324 0.845324 0.845324 0.845324 0.845324 0.845324 0.845324 0.848820 0.878686 0.913990 0.949429 0.931799 0.823057 0.832747 0.985722 1.06439 1.06439 1.06439 1.06439 1.06439 1.06439 1.06439 1.06439 1.06439 1.06439 1.06439 1.06439 1.06439 1.06439 1.03436 0.626107 0.626019 0.580775 0.487477 0.394143 0.304175 0.279055 0.279055 0.279055 1.06019 1.30359 1.30359 1.30359 1.30359 1.30359 1.30359 1.30359 1.30359 1.30359 1.30359 1.30359 1.30359 1.30359 1.30359
0.00000 0.00000 0.00000 0.00000 0.00000 0.00000 0.00000 0.00000 0.00000 0.00000 0.845324 0.845324 0.845324 0.845324 0.860957 0.896338 0.931642 0.966965 1.00227 1.03408 1.03951 1.03951 1.03951 1.03939 0.849084 0.832766 0.922993 1.06439 1.06439 1.06439 1.06439 1.06439 1.06439 1.06439 1.06439 1.06439 1.06439 1.06439 1.06439 1.06439 1.05283 1.00823 0.554492 0.327110 0.279055 0.279055 0.279055 0.279055 0.279055 0.279055 0.279055 0.738095 1.30359 1.30359 1.30359 1.30359 1.30359 1.30359 1.30359 1.30359 1.30359 1.30359 1.30359 1.30359 1.30359 1.30359
0.00000 0.00000 0.00000 0.00000 0.00000 0.00000 0.00000 0.00000 1.47971 1.47971 1.46865 0.981904 0.984442 1.01975 1.03946 1.03951 1.03951 1.03951 1.03951 1.03951 1.03951 1.03951 1.03951 1.03951 0.895449 0.832766 0.860358 1.06427 1.06439 1.06439 1.06439 1.06439 1.06439 1.06439 1.06439 1.06439 1.06022 1.02134 0.974712 0.928046 0.892950 0.890903 0.635374 0.279055 0.279055 0.279055 0.279055 0.279055 0.279055 0.279055 0.279055 0.417074 1.30267 1.30359 1.30359 1.30359 1.30359 1.30359 1.30359 1.30359 1.30359 1.30359 1.30359 1.30359 1.30359 1.29651
0.00000 0.00000 0.00000 1.47971 1.47971 1.47971 1.47971 1.47971 1.47971 1.47971 1.47971 1.19489 1.03951 1.03951 1.03951 1.03951 1.03951 1.03951 1.03951 1.03951 1.03951 1.03951 1.03951 1.03951 0.966232 0.832766 0.832766 1.02916 1.06439 1.06439 1.06439 1.06439 1.06392 1.03448 0.987828 0.941161 0.898675 0.890903 0.890903 0.890903 0.890903 0.890903 0.774447 0.279055 0.279055 0.279055 0.279055 0.279055 0.279055 0.279055 0.279055 0.279055 1.11904 1.30359 1.30359 1.30359 1.30359 1.30359 1.30359 1.30359 1.30359 1.30213 1.21761 1.08519 0.952823 0.827414
1.47971 1.47971 1.47971 1.47971 1.47971 1.47971 1.47971 1.47971 1.47971 1.47971 1.47971 1.31524 1.03951 1.03951 1.03951 1.03951 1.03951 1.03951 1.03951 1.03951 1.03951 1.03951 1.03951 1.03951 1.03750 0.844661 0.832766 0.966430 1.06439 1.04714 1.00093 0.954294 0.908113 0.890903 0.890903 0.890903 0.890903 0.890903 0.890903 0.882876 0.828947 0.756641 0.636602 0.279055 0.279055 0.279055 0.279055 0.279055 0.279055 0.279055 0.279055 0.279055 0.797062 1.30359 1.30359 1.30359 1.30359 1.30359 1.24119 1.10875 0.976306 0.845431 0.797504 0.797504 0.797504 0.797504
1.47971 1.47971 1.47971 1.47971 1.47971 1.47971 1.47971 1.47971 1.47971 1.47971 1.47971 1.43456 1.04061 1.03951 1.03951 1.03951 1.03951 1.03951 1.03951 1.03951 1.03951 1.03951 1.03951 1.03951 1.03951 0.879042 0.782439 0.806712 0.920760 0.891354 0.890903 0.890903 0.890903 0.889585 0.849382 0.781530 0.698059 0.592534 0.455515 0.301046 0.279055 0.279055 0.279055 0.279055 0.279055 0.279055 0.279055 0.279055 0.279055 0.279055 0.279055 0.279055 0.475049 1.30359 1.26194 1.13233 0.999890 0.867496 0.797555 0.797504 0.797504 0.797504 0.797504 0.797504 0.797504 0.797504
1.47971 1.47971 1.47971 1.47971 1.47971 1.47971 1.47971 1.47971 1.47971 1.47971 1.47971 1.47971 1.11596 1.03951 1.03951 1.03951 1.03951 1.03951 1.03951 1.03951 1.03951 1.03951 1.03951 1.03951 1.03951 0.883986 0.659284 0.671769 0.863874 0.804892 0.726934 0.629431 0.503816 0.341088 0.279055 0.279055 0.279055 0.279055 0.279055 0.279055 0.279055 0.279055 0.279055 0.279055 0.279055 0.279055 0.279055 0.279055 0.279055 0.279055 0.280452 0.288952 0.300284 0.827576 0.800288 0.797504 0.797504 0.797504 0.797504 0.797504 0.797504 0.797504 0.797504 0.797504 0.797504 0.797504
1.47971 1.47971 1.47971 1.47971 1.47971 1.47971 1.47971 1.47971 1.47971 1.47971 1.47971 1.47971 1.23635 1.03951 1.03951 1.03951 1.03951 1.03951 1.03951 1.03951 1.03951 1.03951 1.05188 1.18448 1.34790 1.49329 1.00490 1.05839 0.594567 0.279055 0.279055 0.279055 0.279055 0.279055 0.279055 0.279055 0.279055 0.279055 0.279055 0.279055 0.279055 0.279055 0.279055 0.279055 0.279055 0.279055 0.279380 0.286278 0.295769 0.305257 0.313347 0.314339 0.314339 0.586464 0.797504 0.797504 0.797504 0.797504 0.797504 0.797504 0.797504 0.797504 0.797504 0.797504 0.797504 0.797504
1.47971 1.47971 1.47971 1.47971 1.47971 1.47971 1.47971 1.47971 1.47971 1.47971 1.47971 1.47971 1.35681 1.03951 1.03951 1.03951 1.03951 1.10259 1.26431 1.42773 1.59097 1.75394 1.90518 1.93546 1.93546 1.93546 1.30362 1.10726 0.836831 0.279055 0.279055 0.279055 0.279055 0.279055 0.279055 0.279055 0.279055 0.279055 0.279055 0.279055 0.279055 0.279055 0.279055 0.283603 0.293095 0.302585 0.311749 0.314339 0.314339 0.314339 0.314339 0.314339 0.314339 0.434538 0.797504 0.797504 0.797504 0.797504 0.797504 0.797504 0.797504 0.797504 0.797504 0.797504 0.797504 0.797504
1.47971 1.47971 1.47971 1.47971 1.47971 1.47971 1.47971 1.47971 1.47971 1.47971 1.47971 1.48485 1.54147 1.34831 1.50756 1.67071 1.83386 1.93430 1.93546 1.93546 1.93546 1.93546 1.93546 1.93546 1.93546 1.93546 1.55675 1.10726 1.00469 0.279055 0.279055 0.279055 0.279055 0.279055 0.279055 0.279055 0.279055 0.279055 0.279055 0.281363 0.290420 0.299911 0.309399 0.314339 0.314339 0.314339 0.314339 0.314339 0.314339 0.314339 0.314339 0.314339 0.314339 0.320813 0.759524 0.797504 0.797504 0.797504 0.797504 0.797504 0.797504 0.797504 0.797504 0.797504 0.797504 0.797504
