High_resolution/powerplant/Fengdu/OMI_NO2_2009_06-08.asc
ncols      200
nrows      200
xllcorner       105.978
yllcorner       28.1831
cellsize     0.0166667
NODATA_Value      -999.000
[rows 87 to 115 of 200, columns 132 to 197 of 200]
1.08580 1.28090 1.45340 2.02203 0.469559 0.469559 0.626079 0.626079 0.894607 0.872351 0.872351 0.754961 0.872115 0.929688 0.978913 1.01648 1.33331 1.35015 1.27778 1.27685 1.27685 1.24298 1.24298 1.24298 1.25055 1.35379 0.868267 1.83405 1.83405 1.73053 1.88470 1.59946 1.83165 1.83131 1.83131 2.34761 2.34761 2.55494 2.23848 1.67520 1.43104 0.713271 0.711872 0.727280 0.739865 0.745195 0.715644 0.716054 0.898860 0.932479 0.920499 0.920499 0.920499 0.932479 0.989783 1.15225 1.01551 0.992229 1.11657 1.15941 1.16330 1.20782 1.27688 1.26581 0.779326 0.820740
1.56616 1.56616 1.56616 1.56616 2.03572 0.469559 0.704339 0.749431 1.02732 0.940110 0.986070 0.824373 0.984843 0.987968 0.987968 0.987968 1.32326 1.32326 1.24326 1.22113 1.22113 1.19038 1.19038 1.19038 1.18305 1.26551 0.909548 1.58747 1.64884 1.63422 1.82447 1.36841 1.50244 2.32889 2.13104 2.06333 1.79531 1.58672 1.51823 1.22501 1.22425 0.833200 0.745195 0.745195 0.745195 0.745195 0.715644 0.715644 0.843230 0.932479 0.985990 0.985990 0.985990 0.989783 0.989783 1.06335 1.11722 1.05581 1.28257 1.44990 1.61038 1.34790 1.34790 1.31807 0.346168 0.345942
3.13232 3.13232 3.13232 3.13232 3.13232 0.00000 0.936815 0.958787 1.18556 0.987968 0.987968 0.987968 1.18556 1.18556 1.18556 1.18556 1.38674 1.38674 1.32498 1.26418 1.26418 1.22113 1.22113 1.24004 1.29406 1.39305 1.05847 1.92943 1.93325 1.81804 1.95597 1.35861 1.34798 1.50927 1.47467 1.53032 1.49693 1.49693 1.47467 1.24744 1.24744 0.931903 0.715644 1.04286 1.04286 1.04286 0.979794 0.979794 1.06324 1.21879 0.985990 0.985990 0.985990 0.905276 0.891393 0.870656 1.29028 1.29028 1.46712 1.49322 1.52777 1.24276 1.29493 0.733280 0.927230 0.114609
3.13232 3.13232 3.13232 3.13232 3.13232 0.00000 0.959254 0.959254 1.18556 0.987968 0.987968 0.987968 1.18556 1.18556 1.18149 1.17306 1.16470 1.35748 1.32159 1.21815 1.20974 1.16880 1.16080 1.22616 1.28208 1.30087 1.26809 1.04865 1.63395 1.47676 1.44699 1.32186 1.32186 1.46931 1.47467 1.53032 1.49693 1.49693 1.47467 1.43832 1.43832 1.39657 1.02748 1.02579 1.02579 1.02579 0.956157 0.956157 0.978709 1.22741 1.11212 1.11212 1.11212 0.989783 0.988847 0.985747 1.48530 1.58291 1.64994 0.679155 0.693561 0.832273 0.832273 0.832273 1.04034 0.114609
3.13232 3.13232 3.13232 3.13232 3.13232 3.13232 0.959254 0.719441 0.898444 0.764067 0.758105 0.752077 0.870481 0.863436 0.859874 0.859874 0.861316 1.19583 1.19011 1.09022 1.07735 1.03986 1.03098 1.07667 1.24408 1.25964 1.26766 1.09914 1.46777 1.43859 1.44699 1.32186 1.32186 1.46153 1.47467 1.53032 1.49693 1.49693 1.47467 1.43832 1.43832 1.43832 1.10607 1.02579 1.02579 1.02579 0.956157 0.956157 0.956157 1.17636 1.14590 1.24097 1.44553 1.50279 1.73186 1.63505 1.80497 0.858976 0.858976 0.858006 0.836615 0.941495 0.906940 0.872425 1.00544 0.0916870
0.00000 0.00000 0.00000 0.00000 0.00000 0.00000 1.53509 1.15994 1.10339 0.925226 0.931003 0.936748 0.942525 0.948250 0.954026 0.959761 0.964107 1.23514 1.23514 1.16719 1.13301 1.08721 1.08721 1.08721 1.25640 1.28343 1.30596 1.13911 1.40691 1.38434 1.44699 1.32186 1.32186 1.45381 1.47467 1.53032 1.49693 1.49693 1.49693 1.45330 1.45330 1.45330 1.28364 1.12328 1.02587 1.03747 0.996220 1.04635 1.20089 1.65815 2.08811 2.03418 2.03672 1.81508 1.78988 1.58576 1.72081 0.858476 0.823961 0.790538 0.780959 0.892525 0.892525 0.892525 0.960073 0.960073
0.00000 0.00000 0.00000 0.00000 0.00000 0.00000 1.64781 1.23585 1.15720 0.964337 0.964337 0.964337 0.964337 0.964337 0.964337 0.964337 0.964337 1.23514 1.23514 1.14099 1.08714 1.04313 1.02665 1.01016 1.15099 1.23051 1.18877 1.05435 1.00977 1.34187 1.44699 1.32186 1.32186 1.44756 1.47323 1.53032 1.49693 1.53032 1.53032 1.47578 1.46584 1.43999 1.38959 1.32395 1.36876 1.56481 1.59822 1.72462 1.77402 1.94060 2.13545 1.90032 1.86083 1.60615 1.60870 1.60870 1.80577 1.80577 0.859780 0.859780 0.859780 1.00308 1.00308 1.00329 1.14763 1.15347
0.00000 0.00000 0.00000 0.00000 0.00000 0.00000 1.44651 1.15720 1.10477 0.946946 0.946946 0.946946 0.946946 0.946946 0.946946 0.943646 0.916216 0.883921 1.08378 1.01746 0.972809 0.948896 0.948896 0.948896 1.01086 1.17201 1.15428 0.922557 0.865514 1.40110 1.44699 1.32186 1.32186 1.44699 1.46612 1.52155 1.42949 1.36665 1.32502 1.32470 1.38639 1.55974 1.73632 1.93865 1.89194 1.94392 1.92967 1.99650 2.03620 2.03287 1.89984 1.60870 1.60870 1.45461 1.60870 1.60870 1.80577 1.80583 0.862061 0.865397 0.868730 1.01741 1.02130 1.02498 1.17694 1.17694
0.00000 0.00000 0.00000 0.00000 1.93864 1.79252 1.44651 1.15720 1.10477 0.946946 0.937064 0.905594 0.873248 0.841022 0.808814 0.779888 0.775075 0.775075 1.00719 0.982844 0.968881 0.948896 0.917290 0.917290 0.882590 1.17387 1.18195 1.16763 0.904849 1.44699 1.46948 1.35444 1.27631 1.29800 1.24582 1.28993 1.26542 1.50204 1.72187 1.94996 2.07880 2.10167 2.12026 2.18484 2.19581 2.25507 2.19581 2.19581 2.19581 2.19581 2.10730 1.79809 1.80069 1.65175 1.85647 1.86231 2.08714 2.09042 0.672538 0.784628 0.784628 0.941554 0.941554 0.941554 1.08682 1.08682
0.00000 0.00000 0.00000 0.00000 1.93754 1.79447 1.35549 1.03916 0.994016 0.948924 0.917644 0.916585 0.916585 0.916585 0.916585 0.916585 0.916585 0.916585 1.07907 1.03462 1.02229 0.983579 0.947218 0.947218 0.896314 1.14657 1.18508 1.09267 0.846864 0.718826 1.06816 1.05233 1.07078 1.34756 1.44204 1.79058 1.86219 1.86170 1.86170 1.83728 1.83728 1.83728 1.83728 1.87945 2.00457 2.03650 2.04136 2.05889 2.07740 2.09589 2.05252 1.93630 1.57807 1.38080 1.51630 1.51630 1.70804 1.70804 1.70804 0.725260 0.725260 0.906574 0.906574 0.906574 0.726329 0.726329
0.00000 0.00000 0.00000 0.00000 1.18277 1.13663 1.14146 0.916585 0.916585 0.916585 0.916585 0.916585 0.916585 0.916585 0.916585 0.916585 0.916585 0.916585 0.916585 1.03462 1.03421 1.03628 1.05874 1.10520 1.12790 1.10298 0.999272 1.00312 0.700650 0.596257 1.37900 1.55038 1.68696 2.11636 1.87744 2.08081 1.98111 1.95262 1.95262 1.95262 1.95347 1.96217 1.97296 1.99234 2.15639 2.23776 2.24801 2.25089 2.25089 2.25089 2.22415 1.99307 1.81620 1.50767 1.70804 1.70804 1.70804 1.71587 1.80639 0.761713 0.773663 0.960069 0.906574 0.906574 0.726329 0.726329
0.00000 0.00000 0.00000 0.00000 1.13658 1.13658 1.18756 0.990999 1.00389 1.01654 1.02946 1.04216 1.05503 1.06775 1.08057 1.09334 1.40620 1.41899 1.43177 1.32683 1.32025 1.31094 1.33038 1.32315 1.35048 1.31858 1.16286 1.14323 0.787309 0.722508 1.55025 1.55025 1.55025 1.90239 1.73895 1.85506 1.85512 1.88229 1.99102 2.00181 2.01254 2.01846 2.01846 2.01846 2.08345 2.25089 2.25089 2.25089 2.25089 2.25089 2.25072 2.01490 1.90901 1.52441 1.79332 1.90575 2.01572 2.11761 2.14060 0.789912 0.789912 0.983266 0.906967 0.848308 0.621294 0.554987
0.00000 0.00000 0.00000 0.00000 1.13658 1.13658 1.45147 1.08262 1.06977 1.05702 1.04422 1.03139 1.39369 1.38089 1.36809 1.35529 1.34253 1.32968 1.31693 1.22228 1.16394 1.13513 1.19630 1.19612 1.19612 1.20447 1.08217 1.08259 0.787309 0.722508 0.722508 1.55025 1.55025 1.90239 1.73895 1.62500 1.69809 1.95016 2.01846 2.01846 2.01846 2.01846 2.01846 2.01846 2.00110 2.25089 2.25089 2.25088 2.25029 2.18226 2.20718 2.15424 2.17524 1.80461 2.06465 2.06465 2.06465 2.04539 2.00284 1.54581 0.754996 0.846389 0.503401 0.315524 0.323910 0.323910
0.00000 0.00000 0.00000 0.00000 0.00000 1.13658 0.746177 1.17228 1.17228 1.17228 1.17228 1.17228 1.17228 1.17228 1.17228 1.17228 1.17228 1.22695 1.22695 1.19838 1.11183 1.10064 1.13782 1.13782 1.13174 1.13332 1.04303 0.956841 1.14509 0.762358 0.553055 1.21525 1.21525 1.56454 1.47271 1.57465 1.75758 2.05582 2.15892 2.15892 2.15892 2.15892 2.15892 2.16808 2.09023 2.34344 2.35688 2.46223 2.58457 2.55183 2.62412 2.45867 2.34415 2.05127 2.18306 2.13336 2.08369 2.05651 2.05645 1.57834 0.688933 0.861166 0.667119 0.302946 0.309934 0.309934
0.00000 0.00000 0.00000 0.00000 0.00000 0.568291 0.663287 1.31347 1.31228 1.31228 1.31228 1.31228 1.31228 1.31228 1.31228 1.31228 1.31228 1.33914 1.33578 1.25400 1.13600 1.08092 1.18152 1.15139 1.13140 1.14416 1.12037 0.999946 0.796257 0.553055 0.553055 1.21525 1.21525 1.56454 1.28862 1.34103 1.46847 1.98218 2.05941 2.07742 2.10169 2.13372 2.17966 2.28055 2.29673 2.48096 2.55497 2.54967 2.53021 2.37287 2.34794 2.20473 2.15214 1.99199 2.05645 2.05645 2.05645 2.05645 2.05645 1.57834 0.688933 0.863945 0.797583 0.316292 0.334779 0.341826
0.00000 0.00000 0.00000 0.00000 0.00000 0.681949 0.681949 1.08028 1.31228 1.31228 1.31228 1.31228 1.31228 1.29832 1.24781 1.19551 1.14318 1.14935 1.10785 1.04664 1.09032 1.05426 1.21855 1.23352 1.23352 1.23493 1.23484 1.07802 1.16298 0.526719 0.526719 0.526719 1.47271 1.70274 1.45773 1.52105 1.64723 2.16354 2.29021 2.34022 2.42721 2.49843 2.56771 2.73420 2.51867 2.73915 2.75913 2.75913 2.75913 2.59501 2.59501 2.59501 2.66401 2.57250 2.62657 2.62798 2.63149 2.27261 2.27684 1.73958 1.74486 0.847484 0.844489 0.418545 0.385941 0.385941
0.00000 0.00000 0.00000 0.00000 0.00000 0.681949 0.852436 1.15703 1.04500 0.966518 0.888090 0.809516 0.731038 0.673562 0.670752 0.670752 0.670752 0.836662 0.836662 0.843885 0.922462 0.862584 1.02533 1.10161 1.10161 1.12227 1.12227 1.01534 1.02145 0.617572 0.534809 0.541875 1.43078 1.44426 1.26622 1.33694 1.48570 1.50004 2.09102 2.07917 2.05768 2.05768 2.05768 2.19139 2.19139 2.42108 2.47782 2.47782 2.47782 2.33011 2.47552 2.47344 2.63278 2.58660 2.62014 2.60252 2.60255 1.98773 1.98773 0.758088 0.758088 0.758088 0.758088 0.578620 0.385941 0.385941
0.00000 0.00000 0.00000 0.00000 0.00000 0.00000 0.246520 0.649794 0.670752 0.670752 0.670752 0.670752 0.670752 0.670752 0.670752 0.670752 0.670752 0.836662 0.836662 0.734482 0.836469 0.788788 0.945853 1.07268 1.07600 1.12276 1.13442 1.10013 1.04104 0.809738 0.543932 0.571476 1.63069 1.81641 1.64641 1.75398 1.75931 1.49305 2.05768 2.05768 2.05768 2.05768 2.05768 2.19132 2.19001 2.37575 2.47058 2.46996 2.46787 2.32045 2.32870 2.32870 2.45855 2.40582 2.32129 2.18002 2.18002 1.61327 1.61327 0.668692 0.665824 0.642678 0.615597 0.549782 0.420594 0.420594
0.00000 0.00000 0.00000 0.00000 0.00000 0.00000 0.0133829 0.0561553 0.658487 0.642887 0.646402 0.660772 0.674115 0.685330 0.695875 0.704514 0.712450 0.813223 0.822016 0.791748 0.845712 0.823688 0.867294 1.13534 1.15972 1.21312 1.23013 1.19276 0.927542 0.781426 0.555593 0.555593 0.648192 1.75995 1.53760 1.56440 1.75995 1.70308 2.13158 2.13032 2.12940 2.12851 2.12762 2.29427 2.29399 2.52846 2.63793 2.65823 2.65823 2.45622 2.46601 2.46601 2.66814 2.59011 2.43231 2.17921 2.15988 1.50733 1.40279 0.565278 0.541066 0.537105 0.537105 0.532023 0.422421 0.420594
0.00000 0.00000 0.00000 0.00000 0.00000 0.00000 0.0707775 0.564646 0.762015 0.771003 0.777523 0.781709 0.786103 0.790695 0.795444 0.800415 0.805573 0.983018 1.00242 0.990342 1.03126 1.00515 0.985795 1.30712 1.45471 1.49406 1.52058 1.54731 1.04829 0.781425 0.555593 0.555593 0.648192 1.75995 1.53760 1.56440 1.75995 1.72710 1.91154 2.12652 2.00092 2.00092 2.00092 2.12652 2.12652 2.29399 2.39288 2.31192 2.31192 2.20369 2.21045 2.18362 2.26196 2.05012 1.83382 1.44621 1.34621 1.01181 1.01181 0.574869 0.573285 0.615669 0.659307 0.702969 0.753811 0.726584
0.00000 0.00000 0.00000 0.00000 0.00000 0.00000 0.00000 0.685143 0.885750 0.891984 0.898754 0.898924 0.898924 0.898924 0.898924 0.898924 0.898924 1.05920 1.05920 1.04104 1.05920 1.05350 1.01522 1.25960 1.61552 1.61552 1.57704 1.57704 1.49655 0.678434 0.432128 0.432128 0.555593 1.82617 1.59790 1.64097 1.91447 1.90845 2.22765 2.52846 2.29399 2.29399 2.29399 2.52846 2.52846 2.52846 2.59111 2.39398 2.35336 2.12135 2.04344 1.93526 1.89478 1.75241 1.64034 1.53994 1.55527 1.27937 1.33180 0.931058 0.923488 0.925158 0.925158 0.925158 0.961263 0.897213
0.00000 0.00000 0.00000 0.00000 0.00000 0.00000 0.00000 0.576883 0.879019 0.879019 0.879019 0.879019 0.879019 0.879019 0.879019 1.03708 1.03708 1.12275 1.12275 1.10157 1.12275 1.12829 1.13548 1.28698 1.51888 1.51888 1.57488 1.57488 1.52194 0.782167 0.555593 0.555593 0.648192 0.555593 1.59790 1.64097 1.91447 1.91447 2.23964 2.52846 2.29399 2.32059 2.40135 2.66272 2.69888 2.71302 2.61019 2.08195 1.92705 1.73081 1.79147 1.79016 1.83618 1.83651 1.88450 1.79315 1.71856 1.42296 1.42296 0.979565 0.925158 0.925158 0.925158 0.925158 0.951677 0.971030
0.00000 1.77770 1.18513 0.711078 0.444424 0.355539 0.00000 0.549319 0.466049 0.865749 0.865749 0.865749 0.865749 0.865749 0.865749 1.05808 1.07441 1.23457 1.30439 1.37447 1.41543 1.46619 1.41791 1.41332 1.42353 1.42531 1.35514 1.35514 1.35514 0.956431 0.898193 0.555593 0.648192 0.555593 2.15378 2.27626 2.66086 2.70319 2.71733 2.98222 2.80614 2.82382 2.73078 2.74235 2.57290 2.42082 2.39461 2.14009 2.02838 2.02807 2.09534 2.09534 2.19375 2.33703 2.22569 2.18165 2.06085 1.71856 1.72304 1.44899 1.55255 1.57954 1.60657 0.834424 0.851655 0.800305
1.77770 1.77770 1.18513 0.711078 0.444424 0.444424 0.00000 1.11043 0.644426 0.887866 0.887982 0.947052 1.05612 1.16513 1.27380 1.49392 1.55531 1.64447 1.64447 1.64447 1.61252 1.61252 1.57374 1.51558 1.52234 1.52963 1.46629 1.46629 1.35514 1.00088 0.914659 0.648849 0.799271 0.760505 1.96055 2.04151 2.46942 2.47598 2.42508 2.24957 2.28498 2.17271 2.13204 2.23155 2.23155 2.23155 2.23155 2.04853 1.83333 1.83333 1.91181 1.91181 1.99524 2.20976 2.05914 2.08806 1.92640 1.53190 1.54814 1.54909 1.65067 1.65067 1.65067 0.851530 0.851530 0.779891
1.77770 1.77770 1.18513 0.711078 0.444424 0.712794 0.357826 0.357826 0.898484 1.31083 1.41950 1.46926 1.46926 1.46926 1.46926 1.55880 1.55880 1.60788 1.60788 1.60788 1.55880 1.55880 1.55712 1.51002 1.51017 1.52318 1.44239 1.44016 1.30589 1.30097 0.983542 0.686511 0.880850 0.724563 0.749203 2.41526 2.89891 2.78473 2.66764 2.41790 2.25656 2.25656 2.25656 2.41322 2.41322 2.41322 2.41322 2.24566 1.91418 1.89902 2.06664 2.08685 2.10501 2.28947 2.30170 2.32573 2.20742 1.82367 1.82367 1.82367 1.95984 1.95984 1.95984 1.96037 0.685197 0.578560
1.77770 1.77770 1.46746 1.06776 0.925774 0.925774 0.712794 0.712794 1.11316 1.54637 1.54637 1.55699 1.55880 1.55892 1.56234 1.65009 1.61600 1.64492 1.64310 1.64139 1.61349 1.61295 1.61193 1.57161 1.54844 1.52842 1.48662 1.48740 1.42684 1.43169 1.03181 0.705887 0.931222 0.724284 0.869140 2.14776 2.68470 2.68470 2.68470 2.45632 2.25656 2.25656 2.25656 2.41322 2.41322 2.41322 2.41322 2.25656 2.00682 1.89902 2.10806 2.10806 2.10806 2.28947 2.29217 2.32540 2.25091 1.82367 1.82400 1.81033 1.83401 1.71546 1.59693 1.52697 0.700065 0.578767
1.77770 1.77770 1.77770 1.27459 1.17397 1.17397 1.02303 1.02303 1.13408 1.54616 1.58864 1.60592 1.61997 1.62283 1.62240 1.66344 1.62931 1.63572 1.63158 1.62111 1.61060 1.60008 1.57002 1.56478 1.55509 1.53776 1.53217 1.53396 1.47099 1.47099 1.05082 0.724284 0.931222 0.724284 0.869140 2.14776 2.68470 2.68470 2.58233 2.37982 2.15212 2.15212 2.15212 2.25656 2.25656 2.15212 2.15212 2.07752 1.90356 1.65187 1.80119 1.80119 1.80119 1.97573 1.97913 2.02194 1.92787 1.53820 1.50723 1.43591 1.46824 1.46824 1.46824 1.52214 0.689258 0.564717
1.36404 1.46746 1.46746 1.06776 0.925774 0.925774 0.925774 0.925774 1.00431 1.33277 1.60942 1.61458 1.62931 1.62799 1.61723 1.63665 1.60463 1.60464 1.59918 1.59913 1.59913 1.59913 1.58510 1.58510 1.58510 1.54774 1.49663 1.49663 1.42852 1.42852 0.833048 0.897013 0.434570 0.00000 0.00000 0.00000 3.19654 3.19654 2.85531 2.80114 2.41322 2.41322 2.41322 2.41322 2.41322 2.25656 2.25656 2.15212 2.10438 1.75899 1.76506 1.77153 1.72552 1.78741 1.65790 1.56493 1.56262 1.43637 1.46380 1.44744 1.49394 1.47922 1.46449 1.55363 1.55267 0.348575
1.15722 1.28131 1.06776 0.867913 0.737944 0.737944 0.737944 0.737944 0.753426 1.06197 1.43061 1.34580 1.51509 1.54743 1.54569 1.57166 1.55925 1.57011 1.57011 1.57011 1.57011 1.57011 1.55753 1.54375 1.54355 1.57677 1.53396 1.53396 1.47099 1.47099 0.957646 0.746320 0.362142 0.00000 0.00000 0.00000 2.13103 2.13103 2.14148 2.14075 1.94221 2.34642 2.34642 2.34642 2.34402 2.21458 2.20495 2.10549 2.07132 1.71270 1.55886 1.45683 1.40701 1.49987 1.49941 1.50345 1.49456 1.33778 1.38369 1.38369 1.45128 1.45128 1.45128 1.55267 1.55267 0.348575
