High_resolution/powerplant/Fengdu/OMI_NO2_200705.asc
ncols      200
nrows      200
xllcorner       105.978
yllcorner       28.1831
cellsize     0.0166667
NODATA_Value      -999.000
[rows 145 to 173 of 200, columns 66 to 131 of 200]
2.91645 2.91056 2.91056 2.91056 2.91056 2.80097 2.58546 2.58546 2.58540 2.46106 2.40608 1.97836 1.97540 1.97364 1.96847 1.96368 1.92817 1.81135 1.80219 1.79133 1.77994 1.72790 1.60377 1.47551 1.40655 1.40469 1.40126 1.39991 1.39991 1.39991 1.39991 1.39991 1.39991 1.39997 1.42001 1.40379 1.25589 1.29189 1.32418 1.19905 1.35334 1.47990 1.46994 1.44493 1.45567 1.46643 1.48266 1.50581 1.52899 1.55220 1.57380 1.58722 1.63393 1.88815 2.04694 2.08684 2.03552 1.86358 1.86337 1.86327 1.86327 1.85160 1.79297 1.79297 1.79297 1.79297
2.92479 2.91056 2.91056 2.91056 2.91056 2.87673 2.59279 2.58546 2.58552 2.49614 2.44010 2.04937 1.94241 1.92799 1.91702 1.90562 1.89077 1.75979 1.75606 1.75606 1.75606 1.75276 1.61102 1.51675 1.41923 1.40469 1.40657 1.43422 1.46543 1.49688 1.52918 1.56247 1.59677 1.63205 1.64623 1.63574 1.51723 1.52501 1.53363 1.36381 1.42926 1.56508 1.68041 1.63001 1.64245 1.65490 1.66581 1.70802 1.75976 1.81153 1.86329 1.91383 1.92960 2.04275 2.17937 2.17308 2.11606 1.87092 1.86327 1.86327 1.86327 1.86322 1.80208 1.79297 1.79297 1.79297
2.93313 2.91056 2.91056 2.91056 2.91056 2.90241 2.62400 2.54647 2.52805 2.45721 2.35652 2.10464 1.89140 1.88999 1.88110 1.87084 1.86023 1.76937 1.74786 1.75273 1.77896 1.80764 1.71974 1.63445 1.54913 1.58829 1.62187 1.61969 1.61921 1.61921 1.61921 1.61921 1.61921 1.61921 1.61921 1.61921 1.57772 1.56522 1.55030 1.41203 1.34738 1.46810 1.71579 1.76859 1.82039 1.87218 1.91996 1.92960 1.92960 1.92960 1.93073 1.93296 1.93503 1.99136 2.14716 2.14290 2.08922 1.90474 1.82547 1.81729 1.80916 1.80101 1.75233 1.71433 1.70609 1.69796
2.92591 2.88461 2.86780 2.85007 2.83181 2.82174 2.63435 2.48571 2.48487 2.46385 2.31735 2.16639 1.75532 1.77479 1.80623 1.83921 1.87227 1.90520 1.93823 1.96379 1.96555 1.96555 1.89567 1.76268 1.60790 1.62518 1.62537 1.62039 1.62031 1.62191 1.62439 1.62531 1.62625 1.61920 1.60169 1.58437 1.55377 1.57196 1.61939 1.60745 1.51871 1.66570 1.84242 1.90415 1.90403 1.90565 1.90710 1.90849 1.90975 1.91095 1.91103 1.91002 1.90899 1.90754 1.89794 1.90904 1.87320 1.73040 1.57203 1.57203 1.57203 1.57203 1.55215 1.50172 1.50172 1.50172
2.66573 2.76729 2.86430 2.84677 2.82167 2.79193 2.64225 2.40151 2.37848 2.35586 2.40059 2.42395 1.95411 1.93339 1.93086 1.92840 1.92597 1.92359 1.92124 1.91893 1.91668 1.91447 1.90031 1.75485 1.64539 1.63168 1.63263 1.62953 1.62748 1.62085 1.61541 1.60924 1.64144 1.68395 1.73607 1.78797 1.80090 1.75826 1.79369 1.83136 1.70700 1.83200 1.90963 1.90907 1.90762 1.90762 1.90762 1.90762 1.90762 1.90762 1.90762 1.90762 1.90762 1.90762 1.89706 1.90848 1.88340 1.80908 1.57203 1.57203 1.57117 1.56270 1.55253 1.46724 1.44532 1.42802
2.13894 2.15661 2.28148 2.25712 2.24031 2.22813 2.23507 2.22649 2.22420 2.22420 2.31032 2.36439 2.03148 1.90493 1.90493 1.90493 1.90493 1.90493 1.90493 1.90493 1.90493 1.90493 1.90493 1.78758 1.68265 1.61082 1.61094 1.64151 1.67482 1.72343 1.78883 1.83335 1.88067 1.93929 1.99736 2.05605 2.09650 2.03650 2.04987 2.04987 1.90173 1.91235 1.95749 1.91128 1.90762 1.90762 1.90762 1.90762 1.90762 1.90762 1.90762 1.90762 1.90648 1.88932 1.85883 1.86885 1.86008 1.81381 1.54392 1.51392 1.51193 1.51756 1.52268 1.42881 1.38754 1.39273
2.00173 2.00644 2.21399 2.22755 2.22755 2.22755 2.22774 2.23891 2.22420 2.22420 2.27458 2.36439 2.15574 1.90493 1.90493 1.90493 1.90493 1.90493 1.90493 1.90493 1.91822 1.97127 2.03727 1.92935 1.72068 1.76959 1.85332 1.90090 1.98403 2.04219 2.11417 2.17193 2.18682 2.18682 2.18682 2.18682 2.18677 2.06125 2.04987 2.04987 1.94873 1.88238 1.96935 1.91591 1.90786 1.89568 1.87342 1.85118 1.82895 1.80669 1.78445 1.76221 1.74112 1.73735 1.73762 1.79422 1.85491 1.81898 1.62832 1.52285 1.53452 1.55696 1.57935 1.54736 1.48910 1.51364
2.00294 2.00173 2.15019 2.22755 2.22755 2.22755 2.22755 2.24641 2.22420 2.22420 2.23898 2.36425 2.28007 1.90493 1.90493 1.90493 1.92634 1.99080 2.05831 2.12594 2.20528 2.26317 2.30806 2.27884 1.95041 2.04390 2.07818 2.07818 2.15743 2.17176 2.18202 2.18682 2.18682 2.18682 2.18682 2.18682 2.18682 2.08415 2.02655 2.00528 1.92793 1.76911 1.84209 1.79137 1.74791 1.73602 1.73602 1.73602 1.73342 1.73205 1.73325 1.73445 1.73566 1.73551 1.72667 1.70382 1.73594 1.76128 1.71817 1.77129 1.79304 1.80404 1.81507 1.81092 1.70193 1.70524
2.00654 2.00173 2.08163 2.22755 2.22755 2.22755 2.22755 2.25481 2.22420 2.22420 2.22420 2.34380 2.40173 2.05370 2.09781 2.20856 2.29812 2.34457 2.38795 2.43123 2.44954 2.44954 2.44954 2.44940 2.06528 2.03745 2.07721 2.07818 2.13234 2.17176 2.16709 2.14948 2.12149 2.07702 2.03055 1.98528 1.94124 1.88262 1.86053 1.85556 1.83927 1.64695 1.70509 1.71663 1.67699 1.67495 1.67615 1.67735 1.68117 1.67965 1.63731 1.58558 1.53383 1.48202 1.43123 1.40696 1.51746 1.65505 1.71078 1.83760 1.83169 1.82368 1.81612 1.80899 1.70677 1.68195
2.00987 2.00173 2.01692 2.22374 2.22755 2.22755 2.22754 2.24695 2.27907 2.29504 2.31117 2.41030 2.44443 2.41571 2.44941 2.44954 2.44954 2.44954 2.44710 2.41354 2.38747 2.36214 2.33773 2.32251 2.08046 1.91314 1.86048 1.78525 1.77245 1.79062 1.76678 1.76098 1.74768 1.74556 1.74556 1.74556 1.74556 1.76212 1.81336 1.81336 1.81051 1.64199 1.62778 1.68082 1.62284 1.62850 1.57706 1.52530 1.47355 1.42580 1.41639 1.41639 1.41639 1.40742 1.37807 1.33720 1.39361 1.48371 1.57275 1.76289 1.79344 1.79344 1.79344 1.79344 1.73379 1.67835
2.01287 2.00173 2.00026 2.12142 2.16004 2.15770 2.15544 2.15997 2.21310 2.22444 2.22444 2.27209 2.36463 2.39623 2.44954 2.45044 2.46133 2.47498 2.47795 2.17339 2.17661 2.18798 2.19907 2.20252 2.10373 1.83486 1.77097 1.65503 1.65957 1.73180 1.73386 1.74552 1.74556 1.74556 1.74488 1.74367 1.73733 1.73026 1.78427 1.77422 1.76078 1.64286 1.54512 1.45327 1.35536 1.39087 1.40172 1.38608 1.35487 1.32365 1.29242 1.26118 1.22997 1.20773 1.20581 1.18506 1.23014 1.33474 1.48257 1.65706 1.74037 1.73868 1.73701 1.73533 1.70828 1.62152
1.71442 1.78520 1.75330 1.91273 2.12573 2.12573 2.12573 2.12573 2.19032 2.21136 2.19094 2.18464 2.39465 2.41061 2.49263 2.49787 2.49296 2.48524 2.47757 2.20270 2.13189 2.12551 2.11913 2.11270 2.09777 1.74984 1.70822 1.53973 1.53335 1.58733 1.59851 1.69614 1.70615 1.69628 1.68572 1.67066 1.66022 1.65330 1.70098 1.70863 1.70809 1.64414 1.49572 1.39116 1.26734 1.21248 1.21212 1.19651 1.19651 1.19651 1.19651 1.19651 1.19651 1.19651 1.19651 1.18050 1.18820 1.28368 1.47005 1.57862 1.73428 1.73428 1.73428 1.73428 1.73552 1.64064
1.60061 1.75702 1.79717 1.84945 2.22343 2.21756 2.21152 2.20527 2.00343 1.94686 1.94746 1.94746 2.22194 2.27801 2.34852 2.36292 2.36292 2.36292 2.36292 2.17532 2.04911 2.04911 2.04911 2.04911 2.04911 1.80123 1.69574 1.51077 1.49134 1.52070 1.54400 1.61576 1.65323 1.64631 1.64072 1.63588 1.62886 1.62184 1.65451 1.67563 1.66865 1.65380 1.46696 1.40220 1.26462 1.14918 1.19651 1.19651 1.19651 1.19651 1.19651 1.19651 1.19651 1.19651 1.19651 1.18841 1.16628 1.28378 1.45461 1.54418 1.76159 1.78732 1.80627 1.82520 1.84150 1.74407
1.54640 1.63938 1.73110 1.73110 2.12900 2.20489 2.20489 2.20489 2.05475 1.93722 1.94746 1.94746 2.13768 2.27801 2.32551 2.36292 2.36292 2.36292 2.36292 2.24611 2.04911 2.04911 2.04911 2.02563 1.95561 1.73465 1.52459 1.50582 1.43541 1.43704 1.49592 1.54848 1.61456 1.60755 1.60059 1.59798 1.59798 1.59798 1.62278 1.66577 1.66577 1.66577 1.50505 1.43741 1.31774 1.13752 1.19088 1.19651 1.19815 1.21094 1.22579 1.24066 1.25552 1.27038 1.28524 1.29902 1.27560 1.33915 1.48334 1.58608 1.79792 1.84770 1.84770 1.84374 1.83507 1.76955
1.52958 1.59098 1.73110 1.73110 1.98584 2.20489 2.20489 2.20489 2.11913 1.92713 1.94746 1.94746 2.05344 2.27801 2.30249 2.36292 2.36292 2.36292 2.36275 2.27570 1.88819 1.75611 1.62404 1.50550 1.42220 1.38099 1.21034 1.42129 1.31393 1.30937 1.45743 1.49780 1.59798 1.59798 1.59798 1.59798 1.59798 1.59798 1.60785 1.66577 1.66575 1.66260 1.56426 1.50300 1.40256 1.23921 1.25791 1.29570 1.30890 1.31099 1.31099 1.31125 1.31869 1.33085 1.34897 1.36760 1.35140 1.38779 1.47049 1.53147 1.67489 1.79231 1.78105 1.77379 1.77120 1.75668
1.52958 1.55089 1.73110 1.73110 1.84277 2.20489 2.20489 2.20489 2.18680 1.91934 1.94746 1.94746 1.97166 2.27556 2.27546 2.23735 2.08106 1.91432 1.73115 1.59553 1.39442 1.35580 1.33460 1.32346 1.32346 1.32346 1.19429 1.34609 1.30613 1.30613 1.41805 1.47193 1.59675 1.59733 1.59275 1.58753 1.58231 1.57819 1.58384 1.64715 1.65397 1.65991 1.65345 1.62774 1.55313 1.40249 1.34317 1.39400 1.41200 1.43068 1.44932 1.46768 1.47727 1.46593 1.44446 1.42243 1.37680 1.35866 1.40621 1.42617 1.51838 1.75517 1.75522 1.75327 1.75053 1.74779
1.52958 1.52967 1.70727 1.73110 1.73665 2.16783 2.20489 2.20489 2.20489 1.95298 1.88397 1.74016 1.61255 1.75696 1.70203 1.58051 1.50975 1.49261 1.49213 1.49213 1.37360 1.32346 1.32346 1.32645 1.33619 1.34640 1.26003 1.26984 1.35033 1.35193 1.43301 1.53889 1.67110 1.70631 1.72193 1.73873 1.75602 1.77218 1.77521 1.76016 1.75494 1.75494 1.75200 1.72115 1.70282 1.59210 1.48209 1.48241 1.46258 1.44056 1.41848 1.39646 1.37604 1.37186 1.37186 1.37186 1.35895 1.35609 1.44118 1.48444 1.51469 1.70741 1.73848 1.73769 1.73769 1.73769
1.53414 1.52958 1.65618 1.73110 1.73110 2.02901 2.21276 2.17176 2.12346 1.89544 1.56472 1.41837 1.42236 1.59670 1.73145 1.61280 1.48673 1.48599 1.48528 1.46493 1.40604 1.35072 1.31419 1.27334 1.22457 1.17555 1.10828 0.978027 1.40991 1.42499 1.45701 1.61603 1.71656 1.77521 1.77521 1.77521 1.77521 1.77521 1.77642 1.78911 1.80722 1.83693 1.87446 1.88589 1.89443 1.62848 1.41320 1.37456 1.36556 1.36451 1.36935 1.38853 1.40856 1.42882 1.44937 1.47014 1.46549 1.35750 1.40650 1.43409 1.43358 1.52573 1.61366 1.60840 1.60307 1.59779
1.67943 1.69458 1.78149 1.85199 1.91236 1.98956 1.97272 1.95807 1.94983 1.84951 1.65195 1.42381 1.42415 1.49065 1.59331 1.50737 1.29483 1.25668 1.21894 1.19988 1.19418 1.15923 1.16289 1.16660 1.17040 1.17426 1.17796 0.989227 1.37304 1.50651 1.51419 1.71675 1.77857 1.81345 1.82216 1.86246 1.90756 1.96399 2.05570 2.09318 2.07374 2.11812 2.15309 2.12398 2.07642 1.62312 1.42784 1.43496 1.44458 1.46824 1.48511 1.48581 1.48581 1.48581 1.48581 1.48581 1.47978 1.27554 1.30779 1.35280 1.36431 1.40543 1.55320 1.55320 1.55320 1.55320
2.11085 2.15473 2.13214 1.97485 1.97485 1.97330 1.94090 1.94076 1.94155 1.92343 1.87267 1.54547 1.53763 1.54271 1.52699 1.53060 1.29821 1.28079 1.28079 1.28079 1.27999 1.24407 1.24268 1.24268 1.24268 1.24268 1.24268 1.09797 1.28427 1.59573 1.61196 1.80702 1.95065 2.04340 2.13207 2.18748 2.23848 2.27811 2.25248 2.18034 2.03026 1.97789 1.92638 1.85761 1.78688 1.52304 1.40508 1.50710 1.48581 1.48581 1.48581 1.48581 1.48581 1.48581 1.48581 1.48581 1.48581 1.30842 1.29054 1.34747 1.35529 1.33662 1.51061 1.50484 1.49863 1.49337
2.16300 2.18361 2.17828 1.98446 1.97977 1.98024 1.95420 1.94427 1.94427 1.94427 1.94427 1.67669 1.56556 1.56556 1.54616 1.54113 1.36695 1.28079 1.28079 1.28079 1.28079 1.25286 1.24268 1.24268 1.24268 1.24244 1.21053 1.14446 1.33438 1.86604 1.94822 2.08677 2.24737 2.18585 2.12135 2.05681 1.99247 1.92778 1.89223 1.89215 1.85120 1.84444 1.84444 1.84101 1.78739 1.66136 1.34783 1.51060 1.48958 1.48581 1.48581 1.48581 1.48038 1.46701 1.45358 1.44016 1.42673 1.28341 1.20199 1.24230 1.26835 1.26976 1.41577 1.48083 1.48180 1.48180
2.16182 2.18448 2.18644 2.02601 1.98025 1.98025 1.96505 1.94427 1.94427 1.94427 1.94427 1.78468 1.56556 1.56556 1.55234 1.54113 1.43710 1.28079 1.28079 1.28079 1.28079 1.26011 1.21213 1.24031 1.28121 1.32234 1.37917 1.41460 1.53250 1.85080 1.84354 1.81039 1.89191 1.89215 1.89215 1.89215 1.89215 1.89215 1.89215 1.89215 1.86060 1.84444 1.84444 1.84444 1.79603 1.76064 1.29601 1.45987 1.44191 1.41742 1.40398 1.39055 1.38256 1.38249 1.38315 1.39104 1.40091 1.32138 1.21647 1.24984 1.27820 1.27795 1.32245 1.37240 1.33647 1.30064
2.16173 2.17791 2.18644 2.07244 1.98025 1.98025 1.97586 1.94433 1.94427 1.94427 1.94427 1.89280 1.56556 1.56556 1.55852 1.54113 1.50723 1.28082 1.30348 1.33621 1.36021 1.35450 1.36489 1.33174 1.28591 1.24012 1.21035 1.20976 1.32219 1.62882 1.77420 1.77420 1.87230 1.89215 1.89215 1.89215 1.89215 1.90625 1.93503 1.96379 1.96244 1.94777 1.97083 1.98360 1.80126 1.63384 1.27323 1.25723 1.29219 1.25419 1.23757 1.22752 1.21765 1.20791 1.19737 1.17963 1.15966 1.10394 0.965650 0.984220 1.13288 1.20002 1.19009 1.22641 1.22641 1.22641
2.17223 2.17116 2.18644 2.11885 1.98025 1.98025 1.98025 1.95080 1.94427 1.94427 1.94427 1.94427 1.62323 1.60979 1.64148 1.62742 1.63174 1.38429 1.32080 1.28414 1.25621 1.25055 1.20976 1.20976 1.20976 1.20976 1.20976 1.20976 1.27646 1.53317 1.81392 1.84733 1.94203 2.01928 2.04793 2.07570 2.10267 2.11659 2.11768 2.11873 2.05754 1.72954 1.70986 1.70031 1.60063 1.36906 1.16570 0.972669 1.08942 1.10352 1.11159 1.11151 1.11119 1.11087 1.11055 1.11026 1.11020 1.10592 0.961141 0.970667 1.06915 1.15258 1.12763 1.16145 1.15168 1.13647
2.18953 2.16443 2.18641 2.16523 1.98029 1.98025 1.98025 1.96166 1.94216 1.91279 1.84373 1.76833 1.68306 1.62634 1.59004 1.54903 1.52767 1.32496 1.20932 1.19760 1.18593 1.17416 1.31055 1.37716 1.41591 1.45357 1.49013 1.52565 1.57009 1.74171 2.02496 2.02762 2.05581 2.12198 2.12198 2.12198 2.12198 2.12198 2.12198 2.12198 2.11823 1.72364 1.69922 1.69804 1.67591 1.35416 1.23466 0.911558 1.08686 1.10259 1.11023 1.11020 1.11020 1.10557 1.07763 1.04652 1.01538 0.984249 0.883898 0.856050 0.942285 1.09896 1.11201 1.17904 1.20345 1.20818
2.20686 2.16177 2.18645 2.19260 1.95383 1.86419 1.78055 1.67688 1.52318 1.45579 1.44000 1.42540 1.41483 1.41075 1.39698 1.38276 1.39914 1.32810 1.18084 1.20627 1.23174 1.25720 1.48119 1.58728 1.58728 1.58728 1.58728 1.58728 1.58728 1.69088 1.96683 2.02762 2.03258 2.12019 2.12198 2.12198 2.12198 2.12167 2.12054 2.11936 2.10383 1.73791 1.56855 1.51083 1.45358 1.14256 1.07541 0.908709 1.03821 1.02479 1.00865 0.977496 0.946401 0.919892 0.916699 0.916699 0.916699 0.916699 0.945919 0.962493 1.00678 1.19984 1.20531 1.25870 1.29497 1.29497
2.21411 2.11467 2.09200 2.06710 1.67152 1.45759 1.45730 1.45677 1.38396 1.35903 1.33905 1.31900 1.29949 1.29302 1.27361 1.34952 1.59011 1.56527 1.28570 1.28269 1.28269 1.28269 1.41671 1.58728 1.58728 1.58728 1.58728 1.58728 1.58728 1.65135 1.88061 2.02762 2.02762 2.09928 2.12018 2.10385 2.04755 1.98911 1.93140 1.87421 1.83083 1.61812 1.44026 1.46666 1.49332 1.33483 1.21516 1.11663 0.939585 0.894829 0.916500 0.916699 0.916699 0.916699 0.916699 0.916699 0.916699 0.916699 0.936736 0.962493 0.989343 1.16331 1.20476 1.23417 1.28660 1.27955
2.02188 1.94373 1.93169 1.95162 1.70416 1.37913 1.35912 1.33910 1.27397 1.24127 1.24127 1.24127 1.24127 1.25165 1.25591 1.27051 1.58290 1.59011 1.33808 1.28269 1.28269 1.28269 1.34903 1.58728 1.58728 1.58728 1.58728 1.58728 1.59136 1.67911 1.78886 1.95301 1.89411 1.88332 1.87305 1.83881 1.86266 1.88913 1.91577 1.94219 1.96887 1.86171 1.56667 1.56667 1.56667 1.46376 1.23543 1.17471 0.975762 0.892743 0.911504 0.916699 0.916699 0.916699 0.916699 0.916261 0.910433 0.903042 0.906601 0.938784 0.945388 1.07588 1.12832 1.09568 1.11512 1.08313
2.02201 1.91166 1.82340 1.85092 1.74415 1.31929 1.31929 1.31929 1.29511 1.24127 1.24127 1.24127 1.24127 1.24748 1.25591 1.25591 1.51280 1.59011 1.41466 1.28269 1.28269 1.28269 1.29041 1.57801 1.59757 1.68255 1.78786 1.89404 1.99605 2.03531 1.82017 1.79931 1.82804 1.87758 1.96959 1.98777 1.98834 1.98834 1.98834 1.98834 1.98834 1.95368 1.56748 1.56667 1.56667 1.54335 1.23782 1.22637 1.01346 0.881389 0.885669 0.890556 0.883159 0.875762 0.868371 0.861411 0.859842 0.853816 0.810843 0.828420 0.790053 0.848648 0.955393 0.962120 1.03094 1.07876
