High_resolution/powerplant/Fengdu/OMI_NO2_200806.asc
ncols      200
nrows      200
xllcorner       105.978
yllcorner       28.1831
cellsize     0.0166667
NODATA_Value      -999.000
[rows 150 to 179 of 200, columns 66 to 131 of 200]
1.40485 1.34365 1.31157 1.31142 1.17612 0.777222 0.633527 0.633527 1.35077 1.77474 1.77474 1.77474 1.77474 1.77474 1.80143 1.97489 2.17102 2.36715 2.53895 2.56463 2.56463 2.56463 2.56463 2.56425 2.53940 2.53720 2.53720 1.78403 1.40964 1.40964 1.40964 1.40964 1.40964 1.40964 1.40964 1.36329 1.28402 1.22867 1.18795 1.16543 1.16472 1.16472 1.16472 1.16472 1.16472 1.16472 1.21755 1.32427 1.39230 1.32392 1.76696 1.74872 1.76380 1.78067 1.79951 1.82081 1.83964 1.84121 1.84121 1.84121 1.84121 1.84121 1.84121 1.84121 1.84121 1.61144
1.29043 1.24298 1.18528 1.11392 1.04992 0.642121 0.633527 0.633527 1.09759 1.77466 1.80459 1.98090 2.17711 2.37308 2.54204 2.56463 2.56463 2.56463 2.56463 2.56463 2.56463 2.56463 2.56463 2.56463 2.54945 2.53720 2.53720 2.12796 1.40964 1.40964 1.40925 1.34933 1.27442 1.22176 1.18270 1.16479 1.16472 1.16472 1.16472 1.16472 1.16472 1.16596 1.23440 1.34112 1.44780 1.55447 1.60827 1.60827 1.60822 1.16975 1.81317 1.84121 1.84121 1.84121 1.84121 1.84121 1.84121 1.84121 1.84121 1.84121 1.84121 1.84121 1.84121 1.77531 1.59066 1.32109
1.07877 1.07877 1.07877 1.07877 1.07877 0.751071 0.666703 0.845771 1.23167 2.24598 2.54480 2.56463 2.56463 2.56463 2.56463 2.56463 2.56463 2.56463 2.56463 2.56463 2.56463 2.56442 2.56214 2.55884 2.54822 2.53720 2.53868 2.52069 1.76822 1.21511 1.17779 1.16472 1.16472 1.16472 1.16472 1.16472 1.16472 1.16986 1.25126 1.35798 1.46465 1.57004 1.60827 1.60827 1.60827 1.60827 1.60827 1.60827 1.60827 1.30344 1.60988 1.84121 1.84121 1.84121 1.84121 1.84121 1.84121 1.84121 1.83985 1.72502 1.53806 1.35093 1.16406 1.04290 1.04049 1.03169
1.07877 1.07877 1.06747 0.995290 0.914071 1.01311 1.40963 1.49546 1.62260 2.34367 2.56463 2.56463 2.56463 2.56463 2.56463 2.56463 2.56359 2.56063 2.55696 2.55233 2.54629 2.53888 2.53942 2.59332 2.64825 2.68694 2.71523 2.72335 2.29454 1.26906 1.16472 1.16472 1.16472 1.17643 1.26807 1.37474 1.48137 1.58295 1.60827 1.60827 1.60827 1.60827 1.60827 1.60827 1.60827 1.60827 1.60827 1.60827 1.60827 1.46742 1.37555 1.84121 1.84121 1.84121 1.82607 1.67226 1.48529 1.29840 1.11256 1.04049 1.04049 1.04049 1.04049 1.04049 1.04049 1.04084
0.932876 0.894438 0.864948 0.910399 0.979900 1.20182 2.44856 2.53720 2.53720 2.56028 2.56445 2.56224 2.55895 2.55487 2.54962 2.54265 2.53725 2.53720 2.54011 2.59588 2.65000 2.68820 2.71600 2.72335 2.72335 2.72335 2.72335 2.72335 2.47067 1.58761 1.28492 1.39155 1.49823 1.59324 1.60827 1.60827 1.60827 1.60827 1.60827 1.60827 1.60827 1.60827 1.60827 1.60827 1.60827 1.60827 1.60827 1.60827 1.60827 1.59768 1.18532 1.62099 1.43260 1.24556 1.07380 1.04049 1.04049 1.04049 1.04049 1.04049 1.04049 1.04676 1.11019 1.18727 1.26436 1.34091
1.20541 1.21114 1.21114 1.21114 1.21114 1.21114 2.28596 2.53720 2.53720 2.54181 2.53906 2.53720 2.53720 2.53685 2.48415 2.47041 2.47721 2.48180 2.48357 2.45775 2.42359 2.57783 2.72335 2.72335 2.72335 2.69583 2.58308 2.46439 2.36638 2.30472 1.60827 1.60827 1.60827 1.60827 1.60827 1.60827 1.60827 1.60827 1.60827 1.60827 1.60827 1.60827 1.60827 1.60827 1.60827 1.60827 1.63733 1.73834 1.87495 2.06630 1.56979 1.05860 1.04049 1.04049 1.04049 1.04049 1.04049 1.05851 1.13174 1.20882 1.28594 1.35678 1.37048 1.37048 1.37048 1.37048
1.21114 1.21114 1.21114 1.21114 1.21114 1.21114 1.85999 2.37306 2.31017 2.25752 2.21867 2.25337 2.29354 2.32275 2.35886 2.37014 2.37014 2.37014 2.37014 2.37014 2.37014 2.45745 2.57910 2.46017 2.34129 2.24994 2.24380 2.24380 2.24380 2.51269 1.65171 1.60827 1.60827 1.60827 1.60827 1.60827 1.60827 1.60827 1.60827 1.60827 1.60827 1.60827 1.65012 1.75695 1.90046 2.10326 2.29140 2.29675 2.29675 2.29675 1.90696 1.09515 1.04049 1.07623 1.15332 1.23037 1.30752 1.36662 1.37048 1.37048 1.37048 1.37048 1.37048 1.37048 1.37048 1.37048
1.21114 1.21114 1.21114 1.21114 1.21114 1.21114 1.55158 2.19273 2.25258 2.31258 2.36003 2.37014 2.37014 2.37014 2.37014 2.37014 2.37014 2.34796 2.27116 2.19191 2.11278 2.07622 2.24380 2.24380 2.24380 2.24380 2.24380 2.24380 2.24380 2.43554 1.92106 1.60827 1.60827 1.60827 1.60827 1.60823 1.60478 1.60042 1.63997 1.70922 1.78256 1.96673 2.29675 2.29675 2.29675 2.29675 2.29675 2.29675 2.29048 2.04013 1.59979 1.48895 1.32910 1.37041 1.37048 1.37048 1.37048 1.37048 1.37048 1.37048 1.37048 1.37048 1.37048 1.37048 1.37048 1.37048
1.21114 1.21114 1.22714 1.52167 1.80554 2.00440 2.08312 2.38841 2.37170 2.37014 2.37014 2.37014 2.37014 2.34585 2.26854 2.18929 2.11002 2.05294 2.05044 2.05044 2.05044 2.05093 2.22098 2.24380 2.24380 2.24380 2.24380 2.24380 2.24380 2.32602 2.20629 1.60149 1.59698 1.59570 1.63918 1.70149 1.77746 1.87525 1.91863 1.91863 1.91863 1.97122 2.29675 2.29675 2.27482 1.97981 1.60318 1.22655 0.856192 0.730075 0.730075 1.58612 1.39779 1.37048 1.37048 1.37048 1.37048 1.37048 1.37048 1.37048 1.37048 1.37048 1.37048 1.37048 1.37048 1.37050
1.78582 1.99026 2.13637 2.17173 2.17173 2.17173 2.15744 2.26028 2.38994 2.34374 2.26576 2.18651 2.10725 2.05236 2.05044 2.05044 2.05044 2.05044 2.05044 2.05044 2.05044 2.05044 2.16375 2.24380 2.24318 2.23563 2.18499 2.10007 2.06322 2.03226 2.16102 1.71228 1.79145 1.88902 1.91863 1.91863 1.91863 1.91863 1.91863 1.91863 1.89495 1.73212 1.54276 1.16639 0.811699 0.730075 0.730075 0.730075 0.730075 0.730075 0.730075 1.24809 1.49450 1.37048 1.37048 1.37048 1.37048 1.37048 1.37048 1.37048 1.37048 1.37341 1.42268 1.50364 1.61266 1.76735
2.17173 2.17173 2.17173 2.17173 2.17173 2.18295 2.21917 2.14933 2.14710 2.05172 2.05044 2.05044 2.05044 2.05044 2.05044 2.05044 2.05044 2.05044 2.05044 2.05204 2.05633 2.06022 2.11900 2.21143 2.20668 2.20451 2.14470 1.98528 1.97284 1.96141 2.10742 2.00363 1.91863 1.91863 1.91863 1.91863 1.87734 1.69984 1.51153 1.32321 1.15863 1.13529 0.914109 0.730075 0.730075 0.730075 0.730075 0.730075 0.730075 0.730075 0.730075 0.907101 1.63785 1.37048 1.37048 1.37048 1.37048 1.38129 1.44367 1.53151 1.65129 1.81402 1.86486 1.86486 1.86486 1.86486
2.17173 2.18064 2.21609 2.25329 2.29050 2.31647 2.31740 2.17570 2.11406 2.05058 2.05044 2.05044 2.05044 2.05066 2.05412 2.05825 2.06194 2.06528 2.06830 2.07014 2.07018 2.06917 2.08161 2.18119 2.16875 2.15745 2.15071 1.96802 1.95916 1.95916 2.03436 2.09428 1.85502 1.66968 1.48137 1.29305 1.14610 1.13529 1.13529 1.13529 1.13529 1.13529 1.02193 0.730075 0.730075 0.730075 0.730075 0.730075 0.730075 0.730075 0.730075 0.730075 1.67254 1.40536 1.46640 1.56183 1.69420 1.84728 1.86486 1.86486 1.86486 1.86486 1.86486 1.86486 1.83161 1.65146
2.28735 2.31565 2.31740 2.31740 2.31740 2.31740 2.31740 2.22934 2.11595 2.06438 2.05044 2.05771 2.06676 2.06952 2.07018 2.07018 2.07018 2.07430 2.10832 2.14332 2.17590 2.20723 2.24392 2.09216 2.15546 2.15546 2.15546 2.01672 1.94794 1.92000 1.89850 1.70845 1.13827 1.13529 1.13529 1.13529 1.13529 1.13529 1.13529 1.13529 1.13529 1.13529 1.09810 0.730075 0.730075 0.730075 0.730075 0.730075 0.730075 0.730075 0.730075 0.730075 1.36101 1.86486 1.86486 1.86486 1.86486 1.86486 1.86486 1.86486 1.79254 1.59728 1.39975 1.20246 1.03842 1.02104
2.31740 2.31740 2.31740 2.31740 2.31740 2.31740 2.31740 2.29435 2.10919 2.11104 2.15794 2.22788 2.25108 2.28775 2.31572 2.34098 2.36466 2.38365 2.38297 2.38297 2.38297 2.38297 2.38297 2.14893 2.13924 2.11545 2.08726 1.97371 1.84582 1.84564 1.84564 1.72583 1.23866 1.13529 1.13529 1.13529 1.13529 1.13529 1.13529 1.13529 1.13529 1.13529 1.13486 0.805687 0.730075 0.730075 0.730075 0.730075 0.730075 0.730075 0.730075 0.730075 1.01944 1.86486 1.86486 1.86317 1.74031 1.54286 1.34557 1.14812 1.02307 1.02104 1.02104 1.02232 1.02663 1.03022
2.31740 2.31740 2.31740 2.31740 2.31740 2.31740 2.31740 2.31740 2.69738 2.66502 2.49926 2.46391 2.39275 2.38380 2.38297 2.38297 2.38297 2.38297 2.38297 2.38297 2.37529 2.35845 2.34153 2.16988 2.01071 2.04195 2.04195 2.01009 1.84564 1.84564 1.84564 1.77695 1.42747 1.13529 1.13529 1.13529 1.13529 1.13529 1.13529 1.11662 1.07340 1.02040 0.953874 0.784718 0.730075 0.730075 0.730075 0.730075 0.730075 0.730075 0.730075 0.765501 1.21183 1.56608 1.29115 1.09554 1.02386 1.02803 1.03135 1.03407 1.03632 1.03823 1.03987 1.04096 1.04102 1.04102
2.31740 2.31740 2.31740 2.31740 2.31740 2.30206 2.18605 2.05185 2.34544 2.40679 2.42696 2.44637 2.39921 2.38297 2.38297 2.38297 2.37480 2.35794 2.34101 2.32410 2.31488 2.31486 2.31486 2.24422 1.98191 2.04195 2.04195 2.04171 1.86739 1.84564 1.84564 1.82742 1.57551 1.12748 1.08916 1.03993 0.978525 0.900051 0.795966 0.730075 0.730075 0.730075 0.730075 0.730075 0.730075 0.730075 0.730075 0.802920 1.27520 1.80748 2.33998 2.83728 2.94422 1.68319 1.03692 1.04040 1.04102 1.04102 1.04102 1.04102 1.04102 1.04102 1.04102 1.04102 1.04102 1.04102
2.31740 2.30633 2.19575 2.06155 1.92734 1.80853 1.79030 1.79030 2.08055 2.45490 2.37564 2.44637 2.40619 2.35740 2.34049 2.32358 2.31486 2.31486 2.31486 2.31486 2.31486 2.31486 2.31486 2.30845 1.97752 2.04195 2.04195 2.04010 1.92068 1.88212 1.90625 1.93405 1.74542 0.805572 0.730075 0.730075 0.730075 0.730075 0.730075 0.730075 0.730075 0.730075 0.730075 0.853624 1.35911 1.89162 2.42412 2.88400 2.94422 2.94422 2.94422 2.94422 2.94422 2.25761 1.03579 1.04102 1.04102 1.04102 1.04102 1.04102 1.04102 1.04102 1.04102 1.04102 1.04102 1.04102
1.93704 1.81391 1.79030 1.79030 1.79030 1.79030 1.79030 1.79030 1.88776 2.48867 2.29810 2.37147 2.35294 2.31486 2.31486 2.31486 2.31486 2.31486 2.31486 2.31486 2.31486 2.31486 2.30677 2.28073 1.98453 1.89293 1.85213 1.80959 1.83151 1.87041 1.72000 1.50839 1.01296 0.730075 0.730075 0.730075 0.730075 0.730075 0.730075 0.917613 1.44325 1.97575 2.50826 2.91721 2.94422 2.94422 2.94422 2.94422 2.94422 2.94422 2.94422 2.94422 2.94422 2.80557 1.05136 1.04102 1.04102 1.04102 1.04102 1.04102 1.04102 1.04102 1.04102 1.04102 1.04102 1.04102
1.79030 1.79030 1.79030 1.79030 1.79915 1.82001 1.84092 1.86185 1.87242 2.45210 2.28699 2.35132 2.36121 2.31970 2.31486 2.31486 2.31385 2.29428 2.26771 2.24102 2.21445 2.18788 2.16940 2.16876 1.97703 1.68652 1.58556 1.45381 1.32558 1.23867 1.23753 1.23753 1.13625 0.730075 0.730075 0.994665 1.52739 2.05989 2.59239 2.93714 2.94422 2.94422 2.94422 2.94422 2.94422 2.94422 2.94422 2.94422 2.94422 2.94422 2.94422 2.94422 2.94422 2.94422 1.45120 1.04098 1.04102 1.04102 1.04102 1.04102 1.04102 1.04102 1.04102 1.04102 1.04102 1.04102
1.79779 1.81846 1.83937 1.86030 1.87236 1.87242 1.87242 1.87242 1.87242 2.32244 2.37421 2.30275 2.36123 2.29367 2.22800 2.20133 2.17574 2.16876 2.16876 2.16876 2.16083 2.12214 2.05277 1.97359 1.80475 1.42470 1.31821 1.31821 1.31821 1.26427 1.23830 1.34941 1.53635 2.06481 2.67631 2.94422 2.94422 2.94422 2.94422 2.94422 2.94422 2.94422 2.94422 2.94422 2.94422 2.94422 2.94422 2.94422 2.94422 2.94422 2.94422 2.94422 2.94422 2.94422 2.05869 1.03915 1.04102 1.04102 1.04102 1.04102 1.04102 1.04102 1.04102 1.11265 1.24951 1.38649
1.87217 1.87242 1.87242 1.87242 1.87242 1.87242 1.87242 1.87242 1.87242 2.16573 2.47811 2.25219 2.36114 2.26305 2.10593 2.07286 2.03085 1.95967 1.87953 1.78992 1.70674 1.67471 1.67305 1.67305 1.66914 1.49649 1.31902 1.37797 1.47244 1.62739 1.92331 2.00121 2.00121 2.56158 2.94422 2.94422 2.94422 2.94422 2.94422 2.94422 2.94422 2.94422 2.94422 2.94422 2.94422 2.94422 2.94422 2.94422 2.94422 2.94422 2.94422 2.94422 2.94422 2.94422 2.63363 1.03565 1.04102 1.04102 1.04729 1.15098 1.28796 1.42489 1.56175 1.62717 1.62717 1.62717
1.87242 1.87242 1.87242 1.87242 1.87242 1.87242 1.87242 1.87242 1.87242 1.93989 2.12282 1.90782 1.99261 1.92509 1.77792 1.72041 1.67487 1.67305 1.67305 1.67305 1.67305 1.67305 1.67374 1.70484 1.75207 1.72095 1.67168 1.70005 1.70005 1.74442 2.00121 2.00121 2.00121 2.27548 2.94422 2.94422 2.94422 2.94422 2.94422 2.94422 2.94422 2.94422 2.94422 2.94422 2.94422 2.94422 2.94422 2.94422 2.94422 2.94422 2.94422 2.94422 2.94422 2.94422 2.91590 1.39259 1.32630 1.46322 1.59393 1.63077 1.64882 1.66837 1.68793 1.70748 1.72705 1.74659
1.87242 1.87242 1.87242 1.87242 1.87242 1.87242 1.87242 1.87242 1.86528 1.83436 1.91705 1.82270 1.76514 1.76444 1.68958 1.67305 1.67305 1.67305 1.67410 1.70675 1.75398 1.80123 1.84782 1.86397 1.86397 1.82442 1.72974 1.70005 1.70005 1.70414 1.97693 2.00121 2.00121 2.03129 2.90226 2.94422 2.94422 2.94422 2.94422 2.94422 2.94422 2.94422 2.94422 2.94422 2.94422 2.94422 2.94422 2.94422 2.94422 2.94422 2.89791 2.72677 2.47352 2.14409 1.90351 1.76831 1.71399 1.73469 1.75421 1.77020 1.77170 1.77170 1.77170 1.77170 1.77170 1.77170
1.87242 1.87242 1.87242 1.87242 1.86675 1.83712 1.79486 1.73453 1.67069 1.66674 1.84236 1.84843 1.76444 1.76444 1.71414 1.70866 1.75589 1.80314 1.84936 1.86397 1.86397 1.86397 1.86397 1.86397 1.86397 1.84405 1.74978 1.70005 1.70005 1.70005 1.86664 2.00121 2.00121 2.00121 2.64601 2.94422 2.94422 2.94422 2.94422 2.94422 2.94422 2.94422 2.94422 2.94422 2.94422 2.83176 2.55260 2.25119 2.00635 1.80408 1.66050 1.60360 1.57313 1.57253 1.57253 1.57130 1.73497 1.77170 1.77170 1.77170 1.77170 1.77170 1.77170 1.77170 1.77170 1.77170
1.86803 1.83981 1.79857 1.74001 1.67306 1.66674 1.66674 1.66674 1.66674 1.66674 1.79244 1.90351 1.87548 1.94044 1.95987 1.86397 1.86397 1.86397 1.86397 1.86397 1.86397 1.86397 1.86397 1.86397 1.86397 1.87147 1.84158 1.88951 1.97508 2.06058 2.09535 2.00121 2.00121 2.00121 2.35993 2.94422 2.94422 2.94422 2.94422 2.94422 2.94422 2.64368 2.10700 1.91417 1.74972 1.62782 1.57316 1.57253 1.57253 1.57253 1.57253 1.57253 1.57253 1.57253 1.57253 1.57251 1.68395 1.77170 1.77170 1.77170 1.77170 1.77170 1.77170 1.77170 1.77170 1.77170
1.67603 1.66674 1.66674 1.66674 1.66674 1.66674 1.66721 1.68773 1.71888 1.75005 1.81974 1.95757 2.00104 2.01899 2.01630 1.87172 1.86397 1.86397 1.86397 1.86481 1.89401 1.93667 1.97951 2.02219 2.06501 2.09674 2.09193 2.16060 2.16906 2.16906 2.15345 2.00121 2.00121 2.00121 2.08239 2.93555 2.94422 2.94059 2.81916 2.64112 2.46300 2.12637 1.57253 1.57253 1.57253 1.57253 1.57253 1.57253 1.57253 1.57253 1.57253 1.57253 1.57253 1.57253 1.57253 1.57253 1.63414 1.77170 1.77170 1.77170 1.77170 1.77170 1.77170 1.77170 1.77170 1.77170
1.66674 1.66674 1.66688 1.68526 1.71640 1.74757 1.77826 1.78890 1.78890 1.78890 1.78893 1.94719 1.98251 2.01899 2.01899 1.94225 1.95749 2.00019 2.04299 2.08485 2.09848 2.09848 2.09848 2.09848 2.09572 2.06088 2.01730 2.09510 2.16906 2.16906 2.16888 2.03250 2.00121 1.98916 1.79854 2.36876 2.43441 2.26000 2.20332 2.20332 2.20332 2.20319 1.61254 1.57253 1.57253 1.57253 1.57253 1.57253 1.57253 1.57253 1.57253 1.57253 1.57253 1.57253 1.57253 1.57253 1.58547 1.77023 1.77170 1.77170 1.77170 1.77170 1.77170 1.77170 1.77170 1.77221
1.71393 1.74509 1.77611 1.78890 1.78890 1.78890 1.78890 1.78890 1.78890 1.78890 1.78890 1.92046 1.96123 2.01788 2.01899 2.05627 2.09651 2.07139 2.02640 1.97248 1.91859 1.86465 1.81070 1.75678 1.70561 1.68651 1.73993 1.98378 2.16906 2.16138 2.06296 1.75603 1.29157 1.05496 0.996906 1.56607 2.20332 2.20332 2.20332 2.20332 2.20332 2.20332 1.71724 1.57253 1.57253 1.57253 1.57253 1.57253 1.57253 1.57253 1.57253 1.57253 1.57253 1.57253 1.57253 1.57253 1.57213 1.73374 1.77170 1.77170 1.77170 1.77494 1.79992 1.82892 1.85794 1.88643
1.78890 1.78890 1.78890 1.78890 1.78890 1.78890 1.78890 1.78890 1.78890 1.78890 1.78890 1.78041 1.69286 1.71835 1.66129 1.61932 1.72424 1.69549 1.68651 1.68651 1.68651 1.68651 1.68651 1.68651 1.68651 1.68174 1.64263 1.75882 1.80947 1.69282 1.66691 1.52103 0.996906 0.996906 0.996906 1.20186 2.20332 2.20332 2.20332 2.20332 2.20332 2.20332 1.86012 1.57253 1.57253 1.57253 1.57253 1.57253 1.57253 1.57253 1.57253 1.57253 1.57253 1.57253 1.57253 1.57253 1.57253 1.69155 1.80821 1.83721 1.86622 1.89199 1.89636 1.92825 1.98019 2.03194
1.79907 1.78890 1.78890 1.78890 1.78890 1.78890 1.78890 1.78890 1.78890 1.78890 1.78890 1.77532 1.60182 1.64424 1.57891 1.46971 1.66140 1.68651 1.68651 1.68651 1.68651 1.68071 1.62869 1.56650 1.50433 1.44693 1.43544 1.53338 1.65244 1.66691 1.66691 1.63497 1.00264 0.996906 0.996906 0.997630 2.04390 2.20332 2.20332 2.20332 2.20332 2.20332 2.06785 1.57256 1.57253 1.57253 1.57253 1.57253 1.57253 1.57253 1.57253 1.57253 1.57253 1.56870 1.55953 1.55570 1.60322 1.79555 2.04985 2.10164 2.15357 2.20555 2.25699 2.27708 2.27708 2.27708
