High_resolution/powerplant/Fengdu/OMI_NO2_200809.asc
ncols      200
nrows      200
xllcorner       105.978
yllcorner       28.1831
cellsize     0.0166667
NODATA_Value      -999.000
[rows 150 to 179 of 200, columns 0 to 65 of 200]
2.91451 3.18514 2.90436 2.90436 2.90436 2.90436 2.90436 2.90436 2.90436 2.90436 3.37100 3.55469 3.55469 3.55469 3.53797 3.48560 2.94677 2.60751 2.55498 2.54702 2.54702 2.59952 2.70973 2.83424 2.97596 3.13860 3.32742 3.42921 3.42921 3.42921 3.33861 3.58222 3.86225 3.87536 3.88846 3.90155 3.91338 3.91542 3.91542 3.91542 3.91542 3.91542 3.91542 3.91542 3.91542 3.91552 3.62077 3.42751 3.33956 3.22444 3.19038 2.42253 2.30395 2.30395 2.30395 2.30395 2.30395 2.30395 2.30395 2.30395 2.30395 1.62224 1.41688 1.41688 1.41688 1.41688
2.59716 3.33964 2.90444 2.90436 2.90436 2.90436 2.90436 2.90436 2.90436 2.90436 3.16474 3.47214 3.41955 3.36708 3.33125 3.36064 3.07805 2.79118 2.97244 3.13860 3.32742 3.42921 3.42921 3.42921 3.44898 3.55096 3.68203 3.84280 4.04304 4.30303 4.57732 4.03928 3.91542 3.91542 3.91542 3.91542 3.91542 3.91542 3.91542 3.91542 3.91543 3.91564 3.91603 3.91653 3.91724 3.91789 3.60518 3.19587 3.19587 3.19587 3.19587 2.57067 2.30395 2.30395 2.30395 2.30395 2.30395 2.30395 2.30395 2.30395 2.30395 1.85323 1.41688 1.41688 1.41688 1.41688
2.55638 3.30365 2.96137 2.90436 2.90436 2.90436 2.90436 2.90436 2.90436 2.92372 3.03062 3.49155 3.58149 3.67546 3.77993 3.84208 3.58809 3.13826 3.36972 3.55406 3.68569 3.84679 4.04960 4.30913 4.58102 4.60758 4.60758 4.60758 4.60758 4.60758 4.60758 4.38867 3.91564 3.91542 3.91542 3.91542 3.91548 3.91579 3.91622 3.91679 3.91759 3.91791 3.91791 3.91791 3.91791 3.91791 3.79531 3.19587 3.19587 3.19587 3.19587 2.84506 2.30395 2.30395 2.30395 2.30395 2.30395 2.30395 2.30395 2.30395 2.30395 2.08419 1.41688 1.41688 1.41688 1.42690
2.55638 3.10376 3.08357 2.91573 2.97864 3.05568 3.14355 3.24450 3.36172 3.45588 3.45954 3.77346 3.84117 3.83438 3.82671 3.81905 3.77123 3.49596 4.00822 4.60758 4.60758 4.60758 4.60758 4.60758 4.60758 4.60758 4.60758 4.60758 4.60758 4.60758 4.60758 4.60022 3.91626 3.91595 3.91643 3.91710 3.91784 3.91791 3.91791 3.91791 3.91791 3.91791 3.91791 3.91791 3.91791 3.91791 3.91589 3.26500 3.19587 3.19587 3.19587 3.16760 2.33438 2.30395 2.30395 2.30395 2.30395 2.30395 2.30353 2.29411 2.28101 2.24435 1.57463 1.58721 1.62227 1.64732
2.55638 2.81088 3.42241 3.44788 3.45954 3.45954 3.45887 3.44987 3.43838 3.42689 3.41538 3.62577 3.79850 3.79763 3.79763 3.79763 3.79763 3.63387 3.83343 4.60758 4.60758 4.60758 4.60758 4.60758 4.60758 4.60758 4.60758 4.60758 4.60758 4.60565 4.44299 4.16516 3.88924 3.91791 3.91791 3.91791 3.91791 3.91791 3.91791 3.91791 3.91791 3.91791 3.91791 3.91791 3.91791 3.91791 3.91791 3.45312 3.19587 3.19587 3.19587 3.19587 2.48621 2.28891 2.27584 2.26273 2.24967 2.23659 2.22393 2.22027 2.22027 2.23104 1.85254 1.71437 1.76381 1.83247
2.55638 2.55908 3.39087 3.42898 3.41749 3.40598 3.39515 3.39265 3.39265 3.39265 3.39265 3.47847 3.79763 3.79763 3.79763 3.80873 3.82681 3.75363 3.78039 4.60758 4.60758 4.60758 4.60758 4.60758 4.60758 4.58633 4.36876 4.10312 3.83747 3.57376 3.47088 3.47088 3.72009 3.91791 3.91791 3.91791 3.91791 3.91791 3.91791 3.91791 3.91791 3.91791 3.91791 3.91791 3.91791 3.91791 3.86200 3.51961 3.12925 3.10309 3.07690 3.05076 2.60118 2.22027 2.22027 2.22027 2.22036 2.27159 2.38517 2.53335 2.73496 2.98358 2.49564 1.88465 1.88465 1.88465
2.55638 2.55638 3.46260 3.68374 3.71690 3.75208 3.78946 3.82973 3.87210 3.91750 3.96615 4.01916 4.30744 4.36508 4.40311 4.41825 4.41825 4.45038 4.60758 4.60758 4.60758 4.54631 4.29454 4.02878 3.76313 3.51885 3.47088 3.47088 3.47088 3.47088 3.28362 2.86513 2.38866 2.82236 3.91791 3.91791 3.91791 3.91791 3.91791 3.91560 3.83860 3.72572 3.61277 3.49989 3.38708 3.27406 3.21723 3.19489 3.02858 3.02852 3.02852 3.02852 2.91253 2.33258 2.46211 2.63674 2.88104 3.02852 3.02852 3.02852 3.02852 3.02852 2.79380 1.88465 1.88465 1.88465
0.00000 0.00000 4.22893 4.22893 4.22893 4.22893 4.22893 4.22893 4.22893 4.22893 4.22893 4.22893 4.36348 4.41825 4.41825 4.41825 4.41825 4.36026 4.22028 3.95444 3.68902 3.48453 3.47088 3.47088 3.28773 2.86887 2.54555 2.29147 2.08666 1.91786 1.82354 1.82189 1.74029 1.95363 3.72948 3.70238 3.58936 3.47662 3.36367 3.25311 3.21723 3.21723 3.21723 3.21723 3.21723 3.21723 3.21723 3.21723 3.05575 3.02852 3.02852 3.02852 3.02852 3.02852 3.02852 3.02852 3.02852 3.02852 3.02852 3.02852 3.02852 3.02852 3.01628 1.96049 1.88465 1.88465
0.00000 0.00000 4.22893 4.22893 4.22893 4.22893 4.22893 4.22893 4.22893 4.22893 4.22893 4.22893 4.30072 4.32016 4.18739 4.05457 3.92180 3.85002 3.62020 2.94781 2.54828 2.29379 2.08810 1.91786 1.82362 1.82189 1.82189 1.82189 1.82189 1.82189 1.82189 1.82189 1.82189 1.56805 2.61579 3.21723 3.21723 3.21723 3.21723 3.21723 3.21723 3.21723 3.21723 3.21723 3.21723 3.21723 3.21723 3.21723 3.10520 3.02852 3.02852 3.02852 3.02852 3.02852 3.02852 3.02852 3.02852 3.02852 3.02852 3.02852 3.02852 3.02852 3.02852 2.24680 1.88465 1.88465
0.00000 0.00000 0.00000 4.22893 4.22893 4.22893 4.22893 4.22893 4.22893 4.22893 4.22893 4.22893 4.21626 3.86284 3.84991 3.84991 3.84991 3.84991 3.72791 2.19571 1.82189 1.82189 1.82189 1.82189 1.82189 1.82189 1.82189 1.82189 1.82189 1.82189 1.82189 1.82189 1.82189 1.63519 2.18555 3.21723 3.21723 3.21723 3.21723 3.21723 3.21723 3.21723 3.21723 3.21723 3.21723 3.21723 3.21723 3.21723 3.15464 3.02852 3.02852 3.02852 3.02852 3.02852 3.02852 3.02852 3.02852 3.02852 3.02852 3.02852 3.02852 3.02852 3.02852 2.54466 1.88465 1.88465
0.00000 0.00000 0.00000 4.22893 4.22893 4.22893 4.22893 4.22893 4.22893 4.22893 4.22893 4.22893 4.22893 3.93008 3.84991 3.84770 3.81935 3.77734 3.67834 2.59362 1.82189 1.82189 1.82189 1.82189 1.82189 1.82189 1.82189 1.82189 1.82189 1.82189 1.82189 1.82189 1.82189 1.70882 1.87882 3.21723 3.21723 3.21723 3.21723 3.21723 3.21723 3.21723 3.21723 3.21723 3.21723 3.21723 3.21723 3.21723 3.20274 3.02990 3.02852 3.02852 3.02852 3.02852 3.02852 3.02852 3.02852 3.02852 3.02852 3.02852 3.02852 3.02852 3.02852 2.76955 1.57929 1.46161
0.00000 0.00000 0.00000 4.22893 4.22893 4.22893 4.22893 4.22893 4.22893 4.22893 4.22893 4.22893 4.22893 3.85894 3.59458 3.49617 3.47088 3.47088 3.47088 3.17872 1.82437 1.82189 1.82189 1.82189 1.82189 1.82189 1.82189 1.82189 1.82189 1.82189 1.82189 1.82189 1.81294 1.64728 1.58508 3.04545 3.21723 3.21723 3.21723 3.21723 3.21723 3.21723 3.21723 3.21723 3.21723 3.21723 3.21723 3.21723 3.21723 3.06487 3.02852 3.02852 3.02852 3.02852 3.02852 3.02852 3.02852 3.02852 3.02852 3.02852 3.02852 3.02852 0.00000 1.10587 1.10587 1.10587
0.00000 0.00000 0.00000 4.22893 4.22893 4.22893 4.22893 4.22893 4.22893 4.22893 0.00000 0.00000 0.00000 3.47088 3.47088 3.47088 3.47088 3.47088 3.47088 3.47088 1.97883 1.82189 1.82189 1.82189 1.82189 1.82189 1.82189 1.82189 1.78901 1.58373 1.29213 0.894131 0.349564 0.172897 1.24193 2.49380 3.21723 3.21723 3.21723 3.21723 3.21723 3.21723 3.21723 3.21723 3.21723 3.21723 3.21723 3.21723 3.21723 3.11457 3.02852 3.02852 3.02852 3.02852 3.02852 3.02852 0.00000 0.00000 0.00000 0.00000 0.00000 0.00000 0.00000 0.00000 1.10587 1.10587
0.00000 0.00000 0.00000 0.00000 0.00000 0.00000 0.00000 0.00000 0.00000 0.00000 0.00000 0.00000 0.00000 0.00000 3.47089 3.47088 3.47088 3.47088 3.47088 3.47088 2.28943 1.82189 1.82189 1.82189 1.74843 1.51165 1.19563 0.757385 0.240098 0.172897 0.172897 0.172897 0.172897 0.258150 1.18006 2.41993 3.21723 3.21723 3.21723 3.21723 3.21723 3.21723 3.21723 3.19487 3.15023 3.10559 3.06097 3.01630 2.97166 2.94171 0.00000 0.00000 0.00000 0.00000 0.00000 0.00000 0.00000 0.00000 0.00000 0.00000 0.00000 0.00000 0.00000 0.00000 1.10587 1.10587
0.00000 0.00000 0.00000 0.00000 0.00000 0.00000 0.00000 0.00000 0.00000 0.00000 0.00000 0.00000 0.00000 0.00000 3.47088 3.47088 3.47088 3.47088 3.47088 3.47088 2.63384 1.43371 1.08967 0.606059 0.180794 0.172897 0.172897 0.263165 0.622640 1.00104 1.38103 1.76102 2.14078 2.43255 2.48109 2.86234 3.21635 3.18604 3.14140 3.09673 3.05212 3.00748 2.96278 2.94047 2.94047 2.94047 2.94047 2.94047 2.94047 2.94047 2.94047 0.00000 0.00000 0.00000 0.00000 0.00000 0.00000 0.00000 0.00000 0.00000 0.00000 0.00000 0.00000 0.00000 1.10587 1.10587
0.00000 0.00000 0.00000 0.00000 0.00000 0.00000 0.00000 0.00000 0.00000 0.00000 0.00000 0.00000 0.00000 0.00000 3.47088 3.47088 3.47088 3.47088 3.47088 3.47088 0.172897 0.268129 0.628795 1.00696 1.38467 1.76489 2.14465 2.43415 2.45239 2.45239 2.45239 2.45239 2.45239 2.45239 2.45239 2.68755 2.90641 2.94047 2.94047 2.94047 2.94047 2.94047 2.94047 2.94047 2.94047 2.94047 2.94047 2.94047 2.94047 2.94047 2.94047 0.00000 0.00000 0.00000 0.00000 0.00000 0.00000 0.00000 0.00000 0.00000 0.00000 0.00000 0.00000 0.00000 0.00000 1.10587
0.00000 0.00000 0.00000 0.00000 0.00000 0.00000 0.00000 0.00000 0.00000 0.00000 0.00000 0.00000 0.00000 0.00000 0.00000 3.47088 0.00000 0.00000 0.00000 0.00000 0.00000 2.44393 2.45239 2.45239 2.45239 2.45239 2.45239 2.45239 2.45239 2.45239 2.45239 2.45239 2.45239 2.45239 2.45239 2.61100 2.80897 2.94047 2.94047 2.94047 2.94047 2.94047 2.94047 2.94047 2.94047 2.94047 2.94047 2.94047 2.94047 2.94047 2.94047 0.00000 0.00000 0.00000 0.00000 0.00000 0.00000 0.00000 0.00000 0.00000 0.00000 0.00000 0.00000 0.00000 0.00000 1.10587
0.00000 0.00000 0.00000 0.00000 0.00000 0.00000 0.00000 0.00000 0.00000 0.00000 0.00000 0.00000 0.00000 0.00000 0.00000 0.00000 0.00000 0.00000 0.00000 0.00000 0.00000 2.45239 2.45239 2.45239 2.45239 2.45239 2.45239 2.45239 2.45239 2.45239 2.45239 2.45239 2.45239 2.45239 2.45239 2.53932 2.75140 2.94047 2.94047 2.94047 2.94047 2.94047 2.94047 2.94047 2.94047 2.94047 2.94047 2.94047 2.94047 2.94047 2.94047 0.00000 0.00000 0.00000 0.00000 0.00000 0.00000 0.00000 0.00000 0.00000 0.00000 0.00000 0.00000 0.00000 0.00000 1.11741
0.00000 0.00000 0.00000 3.16549 3.16549 3.16549 3.16549 0.00000 0.00000 0.00000 0.00000 0.00000 0.00000 0.00000 0.00000 0.00000 0.00000 0.00000 0.00000 0.00000 0.00000 2.45239 2.45239 2.45239 2.45239 2.45239 2.45239 2.45239 2.45239 2.45239 2.45239 2.45239 2.45239 2.45239 2.45239 2.45879 2.70225 2.93974 2.94047 2.94047 2.94047 2.94047 2.94047 2.94047 2.94047 2.94047 2.94047 2.94047 2.94047 2.94047 2.94047 2.94047 0.00000 0.00000 0.00000 0.00000 0.00000 0.00000 1.77346 1.77346 1.77346 1.77346 1.77346 1.77346 1.77346 1.67714
3.16549 3.16549 3.16549 3.16549 3.16549 3.16549 3.16549 0.00000 0.00000 0.00000 0.00000 0.00000 0.00000 0.00000 0.00000 0.00000 0.00000 0.00000 0.00000 0.00000 0.00000 2.45239 2.45239 2.45239 2.45239 2.45239 2.45239 2.45239 2.45239 2.45239 2.45239 2.45239 2.45239 2.45239 2.45239 2.45239 2.65112 2.87337 2.94047 2.94047 2.94047 2.94047 2.94047 2.94047 2.94047 2.94047 2.94047 2.94047 2.94047 2.94047 2.94047 2.94047 1.77346 1.77346 1.77346 1.77346 1.77346 1.77346 1.77346 1.77346 1.77346 1.77346 1.77346 1.77346 1.77346 1.77346
3.16549 3.16549 3.16549 3.16549 3.16549 3.16549 3.16549 3.16549 0.00000 0.00000 0.00000 0.00000 0.00000 0.00000 0.00000 0.00000 0.00000 0.00000 0.00000 0.00000 0.00000 0.00000 2.45239 2.45239 2.45239 2.45239 2.45239 2.45239 2.45239 2.45239 2.45239 2.45239 2.45239 2.45239 2.45239 2.45239 2.59942 2.81284 2.94047 2.94047 2.94047 2.94047 2.94047 2.94047 2.94047 2.94047 2.94935 2.97959 3.01073 3.04191 3.07307 2.56894 1.77346 1.77346 1.77346 1.77346 1.77346 1.77346 1.77346 1.77346 1.77346 1.77346 1.77346 1.77346 1.77346 1.77346
3.16549 3.16549 3.16549 3.16549 3.16549 3.16549 3.16549 3.16549 0.00000 0.00000 0.00000 0.00000 0.00000 0.00000 0.00000 0.00000 0.00000 0.00000 0.00000 0.00000 0.00000 0.00000 2.45239 2.45239 2.45239 2.45239 2.45239 2.45239 2.45239 2.45239 2.45239 2.45239 2.45239 2.45239 2.45239 2.45239 2.88532 2.94047 2.94047 2.94047 2.95532 2.98649 3.01762 3.04878 3.07995 3.11112 3.13337 3.13430 3.13430 3.13430 3.13430 2.88880 1.77346 1.77346 1.77346 1.77346 1.77346 1.77346 1.77346 1.77346 1.77346 1.77346 1.77346 1.77346 1.77346 1.77346
3.16549 3.16549 3.16549 3.16549 3.16549 3.16549 3.16549 3.16549 0.00000 0.00000 0.00000 0.00000 0.00000 0.00000 0.00000 0.00000 0.00000 0.00000 0.00000 0.00000 0.00000 0.00000 2.45239 2.45239 2.45239 2.45239 2.45239 2.45239 2.45239 2.45239 2.45239 0.00000 0.00000 0.00000 0.00000 0.00000 2.94047 3.05031 3.08681 3.11800 3.13430 3.13430 3.13430 3.13430 3.13430 3.13430 3.13430 3.13430 3.13430 3.13430 3.13430 3.12777 1.88899 1.77346 1.77346 1.77346 1.77346 1.77346 1.77346 1.77346 1.77346 1.77346 1.77346 1.77346 1.77346 1.77346
3.16549 3.16549 3.16549 3.16549 3.16549 3.16549 3.16549 3.16549 0.00000 0.00000 0.00000 0.00000 0.00000 0.00000 0.00000 0.00000 0.00000 0.00000 3.03629 3.03629 3.03629 3.03629 3.03542 2.68595 2.45239 0.00000 0.00000 0.00000 0.00000 0.00000 0.00000 0.00000 0.00000 0.00000 0.00000 0.00000 0.00000 3.13430 3.13430 3.13430 3.13430 3.13430 3.13430 3.13430 3.13430 3.13430 3.13430 3.13430 3.13430 3.13430 3.13430 3.13430 2.23723 1.77346 1.77346 1.77346 1.77346 1.77346 1.77346 1.77346 1.77346 1.77346 1.77346 1.77346 1.77346 1.77346
3.16549 3.16549 3.16549 3.16549 3.16549 3.16549 3.16549 3.16549 3.16549 0.00000 0.00000 0.00000 3.03629 3.03629 3.03629 3.03629 3.03629 3.03629 3.03629 3.03629 3.03629 3.03629 3.03629 3.03629 0.00000 0.00000 0.00000 0.00000 0.00000 0.00000 0.00000 0.00000 0.00000 0.00000 0.00000 0.00000 0.00000 3.13430 3.13430 3.13430 3.13430 3.13430 3.13430 3.13430 3.13430 3.13430 3.13430 3.13430 3.13430 3.13430 3.13430 3.13430 2.59241 1.77346 1.77346 1.77346 1.77346 1.77346 1.77346 1.77346 1.77346 1.77346 1.77346 1.77346 1.77346 1.77346
3.16549 3.16549 3.16549 3.16549 3.16549 3.16549 3.16549 3.08095 2.94061 3.03629 3.03629 3.03629 3.03629 3.03629 3.03629 3.03629 3.03629 3.03629 3.03629 3.03629 3.03629 3.03629 3.03629 3.03629 0.00000 0.00000 0.00000 0.00000 0.00000 0.00000 0.00000 0.00000 0.00000 0.00000 0.00000 0.00000 0.00000 3.13430 3.13430 3.13430 3.13430 3.13430 3.13430 3.13430 3.13430 3.13430 3.13430 3.13430 3.13430 3.13430 3.13430 3.13430 2.94718 1.77346 1.77346 1.77346 1.77346 1.77346 1.77346 1.77346 1.77346 1.77346 1.76964 1.75963 1.74956 1.73948
3.16549 3.13056 2.96966 2.79738 2.62509 2.45261 2.28033 2.19268 2.51160 3.03629 3.03629 3.03629 3.03629 3.03629 3.03629 3.03629 3.03629 3.03629 3.03629 3.03629 3.03629 3.03629 3.03629 3.03629 3.03629 0.00000 0.00000 0.00000 0.00000 0.00000 0.00000 0.00000 0.00000 0.00000 0.00000 0.00000 0.00000 0.00000 3.13430 3.13430 3.13430 3.13430 3.13430 3.13430 3.13430 3.13430 3.13430 3.13430 3.13430 3.13430 3.13430 3.13430 3.13416 1.94098 1.77346 1.77307 1.76560 1.75553 1.74543 1.73536 1.72529 1.71520 1.70894 1.70886 1.70886 1.70886
2.34161 2.20406 2.19268 2.19268 2.21697 2.39274 2.54959 2.67027 2.35451 3.03528 3.03629 3.03629 3.03629 3.03629 3.03629 3.03629 3.03629 3.03629 3.03629 3.03629 3.03629 3.03629 3.03629 3.03629 3.03629 0.00000 0.00000 0.00000 0.00000 0.00000 0.00000 0.00000 0.00000 0.00000 0.00000 0.00000 0.00000 0.00000 3.13430 3.13430 3.13430 3.13430 3.13430 3.13430 3.13430 3.13430 3.13430 3.13430 3.13430 3.10855 2.96210 2.80012 2.63826 2.00683 1.72117 1.71148 1.70886 1.70886 1.70886 1.70886 1.70886 1.70886 1.70886 1.70886 1.70886 1.70886
2.50192 2.63329 2.73628 2.81933 2.88148 2.89097 2.89097 2.89097 2.52227 2.90061 3.03629 3.03629 3.03629 3.03629 3.03629 3.03629 3.03629 3.03629 3.03629 3.03629 3.03629 3.03629 3.03629 3.03629 3.03629 0.00000 0.00000 0.00000 0.00000 0.00000 0.00000 0.00000 0.00000 0.00000 0.00000 0.00000 0.00000 0.00000 3.13430 3.13430 3.13430 3.13430 3.13430 3.08571 2.92765 2.76582 2.60376 2.44190 2.27994 2.14373 2.12834 2.12834 2.12834 1.98002 1.70886 1.70886 1.70886 1.70886 1.70886 1.70886 1.70886 1.70886 1.70886 1.70886 1.70886 1.70886
2.89097 2.89097 2.89097 2.89097 2.89097 2.89097 2.89097 2.89097 2.70451 2.67320 3.03629 3.03629 3.03629 3.03629 3.03629 3.03629 3.03629 3.03629 3.03629 3.03629 3.03629 3.03629 3.03629 3.03629 3.03629 0.00000 0.00000 0.00000 0.00000 0.00000 0.00000 0.00000 0.00000 0.00000 0.00000 0.00000 0.00000 1.47801 1.81739 2.72288 2.56951 2.40760 2.24564 2.13237 2.12834 2.12834 2.12834 2.12834 2.12834 2.12834 2.12834 2.12834 2.12834 2.08867 1.71012 1.70886 1.70886 1.70886 1.70886 1.70886 1.70886 1.70886 1.70886 1.70886 1.70886 1.70886
