High_resolution/powerplant/Fengdu/OMI_NO2_200909.asc
ncols      200
nrows      200
xllcorner       105.978
yllcorner       28.1831
cellsize     0.0166667
NODATA_Value      -999.000
[rows 116 to 144 of 200, columns 66 to 131 of 200]
2.50222 2.50842 2.49541 2.52535 2.44308 2.57754 3.09812 2.90139 2.73292 2.60125 2.43137 2.37691 2.37691 2.37691 2.37691 2.33794 1.99357 1.99253 2.21939 2.38076 2.38076 2.38076 2.37977 2.26678 1.27549 1.21536 1.17794 1.19211 1.21617 1.23959 1.24669 1.43761 1.69307 1.69307 1.69307 1.69277 1.59848 1.58550 1.58470 1.57652 1.56655 1.63402 1.85052 1.92289 1.93486 1.93486 1.93596 1.99688 2.00137 2.00137 2.00137 2.00091 1.83458 1.53380 1.23303 0.940968 0.854245 0.854245 0.854245 0.854245 0.854245 0.803644 0.356604 0.353499 0.353499 0.353499
2.22342 2.23193 2.16109 2.01405 1.77640 1.57547 2.16940 2.13913 2.19972 2.37691 2.37691 2.37691 2.37691 2.37691 2.37691 2.37691 2.06026 1.99253 2.10560 2.38066 2.33634 2.29150 2.24767 2.24808 1.48818 1.24669 1.24669 1.24669 1.24669 1.24669 1.24669 1.31603 1.69307 1.69275 1.68554 1.67558 1.60510 1.54807 1.53889 1.53710 1.53710 1.57097 1.93438 1.93486 1.93486 1.93486 1.93486 1.97286 1.88792 1.58967 1.28901 0.988689 0.854245 0.854245 0.854245 0.854245 0.854245 0.854245 0.854245 0.854245 0.854245 0.854245 0.463969 0.353499 0.353499 0.353499
1.65867 1.66829 1.50248 1.38320 1.25612 1.25612 1.87749 2.13913 2.13995 2.35402 2.37691 2.37691 2.37671 2.36694 2.35193 2.32807 2.12092 1.97111 1.95072 2.25181 2.26212 2.26212 2.26212 2.26212 1.78243 1.24669 1.24669 1.24669 1.24663 1.24061 1.23065 1.22098 1.60464 1.64744 1.64468 1.64468 1.61860 1.53710 1.53710 1.53710 1.53710 1.53710 1.84427 1.93486 1.89981 1.75699 1.60661 1.33433 0.856769 0.854245 0.854245 0.854245 0.854245 0.854245 0.854245 0.854245 0.854245 0.854245 0.854245 0.854245 0.854245 0.854245 0.622076 0.353499 0.353499 0.353499
1.17765 1.45983 1.45983 1.42219 1.25612 1.25612 1.61921 2.13477 2.11592 2.25049 2.32950 2.31228 2.25872 2.20176 2.15008 2.10727 2.04830 1.90355 1.90355 2.14277 2.26212 2.26212 2.26212 2.26212 2.02673 1.23211 1.22212 1.21216 1.20225 1.19830 1.19830 1.19830 1.47108 1.64468 1.64468 1.64468 1.64354 1.54657 1.53710 1.53710 1.52472 1.43719 1.47019 1.48415 1.36886 1.36129 1.36129 1.30927 0.854245 0.854245 0.854245 0.854245 0.854245 0.854245 0.854245 0.854245 0.854245 0.854245 0.854245 0.854245 0.854245 0.854245 0.780120 0.353549 0.353499 0.353499
1.10689 1.43153 1.45000 1.42916 1.20834 1.18289 1.26874 2.02908 2.02907 2.08584 2.16524 2.11576 2.10283 2.10283 2.10283 2.10283 2.09613 1.91053 1.90355 2.00757 2.11438 1.98452 1.85467 1.72487 1.65077 1.24792 1.19830 1.19830 1.19830 1.19830 1.19830 1.19830 1.34944 1.64468 1.64468 1.64468 1.64788 1.55053 1.35555 1.25526 1.16742 1.15473 1.19436 1.36129 1.35864 1.33214 1.29989 1.26621 0.908726 0.854245 0.854245 0.854245 0.854245 0.854245 0.854245 0.854245 0.854245 0.854245 0.854245 0.854245 0.854245 0.854245 0.854245 0.437291 0.353499 0.353499
1.31020 1.42221 1.46558 1.47235 1.22970 1.14606 1.14606 1.87561 2.02907 2.02969 2.09688 2.10283 2.10283 2.10283 2.09724 2.02110 1.92371 1.68726 1.58945 1.59271 1.65187 1.65161 1.65161 1.65161 1.65161 1.37815 1.19830 1.19830 1.19830 1.19830 1.19830 1.19830 1.23204 1.67904 1.75925 1.83557 1.90862 1.70840 1.15391 1.13803 1.11653 1.09504 1.07631 1.19620 1.17773 1.17202 1.17202 1.17202 1.02034 0.854245 0.854245 0.854245 0.854245 0.854245 0.854245 0.854245 0.854245 0.854245 0.854245 0.854245 0.854245 0.854245 0.835745 0.505387 0.195814 0.124649
1.40171 1.43841 1.49994 1.49994 1.31589 1.14606 1.14606 1.61733 2.02907 2.02895 2.01781 1.95283 1.85534 1.76432 1.72886 1.77454 1.84148 1.81385 1.71627 1.71627 1.66754 1.65161 1.65161 1.65161 1.65161 1.50947 1.19830 1.19830 1.19830 1.21789 1.29108 1.36731 1.44399 1.82902 1.89236 1.87087 1.84940 1.80929 1.07992 1.02855 1.02855 1.02855 1.02855 1.11419 1.17202 1.17202 1.17202 1.17202 1.09830 0.854245 0.854245 0.854245 0.854245 0.854245 0.854245 0.854245 0.854245 0.854245 0.844356 0.774637 0.694954 0.615209 0.553981 0.453616 0.0743117 0.0743117
1.40171 1.41142 1.49961 1.49994 1.38905 1.14971 1.16492 1.32689 1.60813 1.48851 1.56915 1.77733 1.84427 1.90494 1.91555 1.91555 1.91555 1.88091 1.71627 1.71627 1.68882 1.65161 1.65161 1.65161 1.65161 1.63633 1.28065 1.36122 1.48475 1.58952 1.64065 1.68868 1.73637 1.77906 1.80164 1.80164 1.80164 1.80164 1.30224 1.02855 1.02855 1.03031 1.04791 1.10773 1.17202 1.17202 1.17202 1.17202 1.15375 0.855134 0.854245 0.854245 0.854245 0.854245 0.850259 0.789281 0.709499 0.629807 0.559975 0.549964 0.549964 0.549964 0.549964 0.548442 0.128975 0.0743117
1.40208 1.41073 1.50307 1.53305 1.50117 1.23079 1.31047 1.40288 1.67498 1.76717 1.78159 1.90665 1.91555 1.91555 1.91555 1.91555 1.91555 1.91509 1.73691 1.71627 1.70668 1.65814 1.74820 1.87257 1.99677 2.11415 1.84171 1.75353 1.75438 1.75438 1.75438 1.75438 1.75438 1.76622 1.80164 1.80164 1.80458 1.86187 1.66118 1.09625 1.12910 1.16476 1.17202 1.17202 1.17202 1.17202 1.17202 1.17202 1.17202 0.942896 0.853545 0.803826 0.724135 0.644352 0.568647 0.549964 0.549964 0.549964 0.549964 0.549964 0.549964 0.549964 0.549964 0.549964 0.276892 0.0743117
1.45341 1.46741 1.58080 1.69304 1.75832 1.58787 1.58032 1.58032 1.71135 1.77936 1.77936 1.87039 1.91555 1.91555 1.91555 1.91560 1.92379 1.93770 1.88398 1.92602 2.01929 2.16320 2.20769 2.20769 2.20769 2.20769 2.00620 1.75438 1.75438 1.75438 1.75438 1.75512 1.80140 1.88465 2.03401 2.15505 2.29098 2.33166 2.28040 1.21353 1.17202 1.17202 1.17202 1.17202 1.17202 1.17202 1.17202 1.15405 1.11423 0.909418 0.579966 0.549964 0.549964 0.549964 0.549964 0.549964 0.549964 0.549964 0.549964 0.549964 0.549964 0.549964 0.549964 0.549964 0.426317 0.0743117
1.66459 1.72093 1.75303 1.82563 1.82563 1.65844 1.58032 1.58032 1.65331 1.77936 1.78269 1.84412 1.94482 1.95879 1.98198 2.04787 2.11084 2.16800 2.17932 2.13333 2.13333 2.17064 2.20769 2.20769 2.20769 2.20769 2.13752 1.79108 1.87135 1.96486 2.07526 2.20607 2.26077 2.26077 2.31087 2.33166 2.33166 2.33166 2.33166 1.53208 1.17202 1.17202 1.17202 1.16032 1.12152 1.08168 1.04183 1.01992 1.01988 0.937243 0.549964 0.549964 0.549964 0.549964 0.549964 0.549964 0.549964 0.549964 0.549964 0.549964 0.549964 0.549964 0.549964 0.549964 0.541972 0.108086
1.72740 1.72740 1.73001 1.82132 1.82571 1.72353 1.61022 1.62883 1.66409 1.86338 1.88035 1.88480 2.07870 2.15159 2.19949 2.20476 2.20476 2.20476 2.19898 2.13385 2.13333 2.14918 2.19444 2.14558 2.09470 2.04383 1.99304 2.20559 2.26077 2.26077 2.26077 2.26077 2.26077 2.26077 2.29160 2.33166 2.33166 2.33166 2.33166 1.87797 1.12884 1.08896 1.04912 1.02096 1.01988 1.01988 1.01988 1.01807 0.983434 0.922411 0.557739 0.549964 0.549964 0.549964 0.549964 0.549964 0.549964 0.549964 0.549964 0.549964 0.549964 0.549964 0.549964 0.549964 0.549964 0.249542
1.92033 2.02682 2.13342 2.11376 2.09126 2.01503 1.68279 1.68279 1.68279 1.83881 1.88184 1.88184 2.10557 2.20476 2.20476 2.20476 2.20476 2.20118 2.16917 2.07397 2.01673 1.95396 1.96113 1.96805 1.96805 1.96805 1.96805 2.10767 2.26077 2.26077 2.26077 2.26077 2.26077 2.26077 2.27233 2.31829 2.07838 1.75723 1.43595 1.15947 1.02203 1.01955 0.990876 0.944037 0.897198 0.850360 0.803494 0.758488 0.746286 0.746286 0.625499 0.549964 0.549964 0.549964 0.549964 0.549964 0.549964 0.549964 0.549964 0.549964 0.549964 0.549964 0.549964 0.549964 0.549964 0.565387
2.56542 2.56542 2.56542 2.44630 2.28727 2.24025 1.68279 1.68279 1.68279 1.78078 1.88184 1.88184 2.00056 2.18017 2.14203 2.10386 2.06029 2.00033 1.96703 1.90249 1.84601 1.84371 1.91645 1.96805 1.96805 1.96805 1.96805 2.03056 2.26077 2.26077 2.26077 2.26077 2.09924 1.77808 1.45702 1.21210 1.11707 1.07026 1.02339 0.976556 0.842683 0.764425 0.746286 0.746286 0.746286 0.746286 0.746286 0.746286 0.746286 0.746286 0.681854 0.549964 0.549964 0.549964 0.549964 0.549964 0.549964 0.549964 0.549964 0.549964 0.549964 0.646015 0.965973 1.29523 1.62462 1.80612
2.56539 2.56542 2.56542 2.52315 2.28727 2.28727 1.77049 1.68279 1.70474 1.78826 1.76197 1.71114 1.66835 1.97794 1.96580 1.93863 1.91693 1.91514 1.91514 1.89737 1.84371 1.84371 1.87924 1.96805 1.96805 1.96805 1.96805 1.97526 2.16434 1.86982 1.52648 1.11178 0.853445 0.754764 0.655973 0.765664 0.865096 0.865068 0.865068 0.865068 0.815858 0.746286 0.746286 0.746286 0.746286 0.746286 0.746286 0.746286 0.746286 0.746286 0.721226 0.549964 0.549964 0.549964 0.549964 0.549964 0.549964 0.605658 0.906130 1.23539 1.56478 1.79799 1.80717 1.80717 1.80717 1.80717
2.56215 2.56542 2.56542 2.56888 2.36637 2.38240 2.09586 1.94488 1.98112 1.94572 1.59504 1.52535 1.49755 1.79756 1.91514 1.91514 1.91514 1.91514 1.91514 1.91353 1.84718 1.84371 1.84963 1.96483 1.94371 1.71161 1.43165 1.15179 0.785081 0.587827 0.511310 0.505973 0.505973 0.505973 0.505973 0.631323 0.865068 0.865068 0.865068 0.865068 0.852992 0.747044 0.746286 0.746286 0.746286 0.746286 0.746286 0.746286 0.746286 0.746286 0.744693 0.571243 0.549964 0.576365 0.846383 1.17555 1.50494 1.77838 1.80717 1.80717 1.80717 1.80717 1.80717 1.80717 1.80717 1.80717
2.62995 2.68946 2.74019 2.78735 2.62250 2.48457 2.24466 1.87342 1.84673 1.84540 1.62931 1.49568 1.49568 1.66408 1.91514 1.91514 1.91514 1.91514 1.91514 1.90789 1.80490 1.61378 1.40379 1.13124 0.846037 0.798191 0.798191 0.798191 0.701890 0.505973 0.505973 0.505973 0.505973 0.505973 0.505973 0.536225 0.862910 0.865068 0.865068 0.865068 0.865068 0.772822 0.746286 0.746286 0.746286 0.746286 0.746286 0.746286 0.746286 0.750246 0.864652 1.07504 1.44534 1.74808 1.80717 1.80717 1.80717 1.80717 1.80717 1.80717 1.80717 1.80717 1.80717 1.80717 1.80717 1.80717
2.81029 2.76146 2.73429 2.70714 2.59832 2.40923 2.29906 1.84540 1.84540 1.84540 1.73130 1.49568 1.49568 1.51873 1.88938 1.88630 1.87195 1.79804 1.62472 1.45698 1.18200 0.966308 0.966308 0.905085 0.798191 0.798191 0.798191 0.798191 0.770396 0.506017 0.505973 0.505973 0.505973 0.505973 0.505973 0.505973 0.795928 0.865068 0.865068 0.865068 0.865068 0.810678 0.746286 0.746286 0.746286 0.746412 0.834731 0.999361 1.16399 1.32473 1.37489 1.49098 1.80717 1.80717 1.80717 1.80717 1.80717 1.80717 1.80717 1.80717 1.80717 1.80717 1.80717 1.80717 1.80717 1.80717
3.19264 2.74914 2.68738 2.68738 2.67025 2.41346 2.39029 1.85558 1.83555 1.81642 1.77771 1.43578 1.40934 1.39277 1.59500 1.50285 1.34227 1.24129 1.23974 1.23974 1.19840 0.966308 0.966308 0.949488 0.798393 0.778258 0.718602 0.657826 0.597023 0.509759 0.505973 0.505973 0.505973 0.505973 0.505973 0.505973 0.698652 0.865068 0.865068 0.865068 0.865068 0.848486 0.806589 0.969440 1.13413 1.29858 1.37489 1.37489 1.37489 1.37489 1.37453 1.38223 1.80717 1.80717 1.80717 1.80717 1.80717 1.80717 1.80717 1.80717 1.80717 1.80717 1.80717 1.80717 1.80717 1.80717
3.19582 2.89641 2.64413 2.57360 2.49619 2.27214 2.18638 1.82561 1.74020 1.74020 1.74020 1.48025 1.39047 1.39047 1.32517 1.23974 1.23974 1.23974 1.23974 1.23974 1.23329 0.953010 0.873855 0.815209 0.585588 0.512499 0.511381 0.511381 0.511381 0.508893 0.505973 0.505973 0.505973 0.505973 0.505973 0.505973 0.601349 0.865068 0.873983 0.924001 0.979128 1.03426 1.31871 1.37489 1.37489 1.35235 1.30538 1.25850 1.21156 1.16464 1.11809 1.10038 1.66393 1.80717 1.80717 1.80717 1.80717 1.80717 1.80717 1.80717 1.80717 1.80717 1.80717 1.80717 1.80717 1.80717
2.49972 2.29594 1.87904 1.87173 1.87173 1.81695 1.76074 1.74980 1.74020 1.74020 1.74020 1.58216 1.39047 1.39047 1.37792 1.24088 1.20568 1.16006 1.11448 1.05969 0.989507 0.755651 0.563369 0.512945 0.511381 0.511381 0.511381 0.511381 0.511381 0.510292 0.505973 0.505973 0.505973 0.505973 0.508101 0.548930 0.615297 1.00517 1.06451 1.05316 1.00685 0.959939 1.06622 1.17135 1.12441 1.10006 1.10006 1.10006 1.10006 1.10006 1.10006 1.10006 1.41797 1.80717 1.80717 1.80717 1.80717 1.80717 1.80717 1.80717 1.80717 1.80717 1.80717 1.80717 1.67414 1.41982
2.38017 2.37016 1.90402 1.87173 1.87173 1.84762 1.76074 1.75408 1.74020 1.74020 1.74020 1.67497 1.30133 1.24056 1.17975 1.04496 0.982354 0.946949 0.906010 0.876506 0.875952 0.755553 0.511381 0.511381 0.511381 0.511381 0.511381 0.511381 0.511381 0.511273 0.506310 0.532921 0.588061 0.645628 0.711805 0.740601 0.755078 0.848790 0.825877 0.795398 0.794794 0.794794 0.850871 1.10006 1.10006 1.10006 1.10006 1.10006 1.10006 1.10006 1.10006 1.10006 1.25146 1.80717 1.80717 1.80717 1.80717 1.80717 1.80717 1.80717 1.71829 1.46727 1.21276 0.958442 0.836863 0.836863
2.38017 2.38017 2.05078 1.87173 1.87173 1.87048 1.76700 1.74479 1.70690 1.69026 1.67361 1.67161 1.13722 1.01082 0.957998 0.898556 0.875952 0.875952 0.875952 0.875952 0.875952 0.851015 0.515646 0.511381 0.511381 0.511381 0.511381 0.520697 0.562798 0.609196 0.696240 0.764966 0.779426 0.791501 0.792785 0.792785 0.792785 0.793777 0.794794 0.794794 0.794794 0.794794 0.795068 1.05868 1.10006 1.10006 1.10006 1.10006 1.10006 1.10006 1.10006 1.10006 1.13314 1.80097 1.80717 1.80717 1.75351 1.51472 1.26030 1.00579 0.840356 0.836863 0.836863 0.836863 0.836863 0.836863
2.38017 2.38015 2.20023 1.85219 1.83971 1.82723 1.74257 1.71089 1.69386 1.71449 1.74265 1.76100 1.27492 0.920163 0.920163 0.914774 0.876316 0.875952 0.875952 0.875952 0.875952 0.875952 0.592233 0.528397 0.568391 0.614788 0.661197 0.698287 0.702588 0.702588 0.731436 0.792785 0.792785 0.792785 0.792785 0.792785 0.792785 0.793193 0.794794 0.794794 0.794794 0.794794 0.794794 0.961712 1.10006 1.10006 1.10006 1.10006 1.10006 1.10006 1.10006 1.10006 1.08647 1.38146 1.30775 1.05324 0.852485 0.836863 0.836863 0.836863 0.836863 0.836863 0.836863 0.836863 0.836863 0.836863
2.34111 2.32865 2.29470 1.83817 1.85124 1.87913 1.85624 1.78149 1.76780 1.76105 1.76105 1.76105 1.51964 0.920163 0.920163 0.920163 0.878605 0.826956 0.774559 0.722421 0.692497 0.676865 0.673135 0.696166 0.702588 0.702588 0.702588 0.702588 0.702588 0.702588 0.710582 0.792717 0.792785 0.792785 0.792785 0.792785 0.792785 0.792813 0.794630 0.794794 0.794794 0.794794 0.794794 0.864577 1.10006 1.10006 1.10006 1.10006 1.09521 1.00128 0.874074 0.746867 0.633244 0.699033 0.836863 0.836863 0.836863 0.836863 0.836863 0.836863 0.836863 0.836863 0.836863 0.836863 0.836863 0.836863
2.17773 2.07927 1.98093 1.93175 1.92948 1.92948 1.91275 1.78168 1.77252 1.76105 1.76105 1.72707 1.61972 0.761467 0.650484 0.571543 0.559822 0.636602 0.673367 0.709846 0.724111 0.724111 0.718982 0.702588 0.702588 0.702588 0.702588 0.702588 0.707842 0.722350 0.739388 0.789286 0.792785 0.792785 0.792785 0.792785 0.792785 0.792785 0.794115 0.794794 0.794794 0.794794 0.794794 0.797083 1.06981 1.02500 0.897798 0.770543 0.648236 0.614906 0.614906 0.614906 0.614906 0.651309 0.836863 0.836863 0.836863 0.836863 0.836863 0.836863 0.836863 0.836863 0.836863 0.836863 0.836863 0.836863
1.93619 1.93619 1.93619 1.93386 1.92948 1.93151 1.95381 1.74177 1.61832 1.45216 1.37352 1.32890 1.32873 0.736002 0.487846 0.487846 0.524415 0.723306 0.724111 0.724111 0.724111 0.724111 0.723697 0.706120 0.717899 0.734173 0.753389 0.776461 0.792636 0.792785 0.792785 0.792785 0.792785 0.792785 0.792785 0.792785 0.792785 0.792785 0.793552 0.794794 0.794794 0.803802 0.829986 0.856586 0.748745 0.614906 0.614906 0.614906 0.642830 0.725911 0.810375 0.894889 0.979354 1.05858 0.851024 0.836863 0.836863 0.836863 0.836863 0.836863 0.836863 0.836863 0.836863 0.836863 0.836863 0.836863
2.05375 2.08348 2.11405 2.14991 2.24763 2.28656 2.30495 1.98652 1.69810 1.32873 1.32873 1.32873 1.32873 0.980856 0.487846 0.487846 0.487846 0.687046 0.724826 0.736489 0.753891 0.774358 0.798816 0.800381 0.792785 0.792785 0.792785 0.792785 0.792785 0.792785 0.792785 0.792785 0.792785 0.792785 0.792785 0.792785 0.792785 0.796681 0.820690 0.849086 0.875664 0.893261 0.912161 0.991831 0.999807 0.882088 0.966602 1.05112 1.10766 1.10914 1.10914 1.10914 1.10914 1.10914 0.946955 0.836863 0.836863 0.836863 0.836863 0.836863 0.836863 0.836863 0.836863 0.836863 0.836863 0.836863
2.22336 2.22410 2.22410 2.22410 2.29111 2.31335 2.31335 2.14709 1.72992 1.38490 1.32873 1.32873 1.32873 1.22488 0.486459 0.481201 0.475254 0.663272 0.817753 0.825068 0.825068 0.825068 0.825068 0.811464 0.792785 0.792785 0.792785 0.792785 0.792785 0.792785 0.792785 0.792785 0.792785 0.793675 0.812976 0.839576 0.870291 0.933912 0.994893 1.13456 1.23252 1.31709 1.38307 1.38791 1.38200 1.12697 1.10914 1.10914 1.10914 1.10914 1.10914 1.10914 1.10914 1.10914 1.02339 0.836863 0.836863 0.836863 0.836863 0.836863 0.836863 0.836863 0.837481 0.953929 1.15589 1.35792
