High_resolution/powerplant/Fengdu/OMI_NO2_200906.asc
ncols      200
nrows      200
xllcorner       105.978
yllcorner       28.1831
cellsize     0.0166667
NODATA_Value      -999.000
[rows 60 to 89 of 200, columns 0 to 65 of 200]
0.800533 0.800533 0.800533 0.800533 1.64033 1.76841 1.83596 1.96019 2.11828 2.32413 2.60485 2.73367 2.73367 2.70221 2.37729 1.52801 1.43949 1.35270 1.26576 1.08379 0.683635 0.683635 0.683635 0.683635 0.683635 0.683635 0.683635 0.683635 0.683635 0.683635 0.683635 0.606285 0.405995 0.405995 0.405995 0.405995 0.405995 0.405995 0.405995 0.405995 0.405995 0.405995 0.405995 0.405995 0.405995 0.405995 0.405995 0.405995 2.78579 3.03959 3.03959 0.00000 0.00000 0.00000 0.00000 0.00000 0.00000 0.00000 0.00000 0.00000 0.00000 0.00000 0.00000 0.00000 1.74814 1.74814
0.800533 0.800533 0.800533 0.800533 2.05578 2.60771 2.73367 2.69791 2.53535 2.36157 2.18831 2.01453 1.84074 1.69884 1.68490 1.23832 1.18427 1.18427 1.18427 1.15922 0.687028 0.683635 0.683635 0.683635 0.683635 0.683635 0.683635 0.683635 0.683635 0.683635 0.683635 0.674695 0.416934 0.405995 0.405995 0.405995 0.405995 0.405995 0.405995 0.405995 0.405995 0.405995 0.405995 0.405995 0.405995 0.405995 0.00000 0.00000 0.00000 0.00000 0.00000 0.00000 0.00000 0.00000 0.00000 0.00000 0.00000 0.00000 0.00000 0.00000 0.00000 0.00000 0.00000 0.00000 1.74814 1.74814
0.800533 0.00000 0.00000 0.00000 2.27267 2.00750 1.83340 1.69622 1.68490 1.68490 1.68490 1.68490 1.68490 1.68490 1.68490 1.34353 1.18427 1.18427 1.18427 1.18427 0.835362 0.683635 0.683635 0.683635 0.683635 0.683635 0.683635 0.683635 0.683635 0.683635 0.683635 0.683635 0.486936 0.405995 0.405995 0.405995 0.405995 0.405995 0.405995 0.405995 0.00000 0.00000 0.00000 0.00000 0.00000 0.00000 0.00000 0.00000 0.00000 0.00000 0.00000 0.00000 0.00000 0.00000 0.00000 0.00000 0.00000 0.00000 0.00000 0.00000 0.00000 0.00000 0.00000 0.00000 1.74814 1.74814
0.00000 0.00000 0.00000 0.00000 1.68490 1.68490 1.68490 1.68490 1.68490 1.68490 1.68490 1.68490 1.68490 1.68490 1.68490 1.49813 1.18427 1.18427 1.18427 1.18427 0.993943 0.683635 0.683635 0.683635 0.683635 0.683635 0.683635 0.683635 0.683635 0.774436 1.11371 1.46668 1.52237 0.405995 0.405995 0.00000 0.00000 0.00000 0.00000 0.00000 0.00000 0.00000 0.00000 0.00000 0.00000 0.00000 0.00000 0.00000 0.00000 0.00000 0.00000 0.00000 0.00000 0.00000 0.00000 0.00000 0.00000 0.00000 0.00000 0.00000 0.00000 0.00000 0.00000 0.00000 1.74814 1.74814
0.00000 0.00000 0.00000 0.00000 0.00000 1.68490 1.68490 1.68490 1.68490 1.68490 1.68490 1.68490 1.68490 1.68490 1.68490 1.67244 1.20277 1.18427 1.18427 1.18427 1.10263 0.683635 0.683635 0.683635 0.822120 1.17326 1.52697 1.87994 2.23346 2.49654 2.51061 2.51061 2.51061 0.00000 0.00000 0.00000 0.00000 0.00000 0.00000 0.00000 0.00000 0.00000 0.00000 0.00000 0.00000 0.00000 0.00000 0.00000 0.00000 0.00000 0.00000 0.00000 0.00000 0.00000 0.00000 0.00000 0.00000 0.00000 0.00000 0.00000 0.00000 0.00000 0.00000 0.00000 1.30493 1.55037
0.00000 0.00000 0.00000 0.00000 0.00000 1.68490 1.68490 1.68490 1.68490 1.68490 1.68490 1.68490 1.68490 1.68490 1.68490 1.68490 1.28918 1.18427 1.18454 1.28210 1.45438 1.58931 1.93986 2.29320 2.50823 2.51061 2.51061 2.51061 2.51061 2.51061 2.51061 2.51061 2.51061 2.51061 0.00000 0.00000 0.00000 0.00000 0.00000 0.00000 0.00000 0.00000 0.00000 0.00000 0.00000 0.00000 0.00000 0.00000 0.00000 0.00000 0.00000 0.00000 0.00000 0.00000 0.00000 0.00000 0.00000 0.00000 0.00000 1.30493 1.30493 1.30493 1.30493 1.30493 1.30493 1.04904
0.00000 0.00000 0.00000 0.00000 0.00000 1.68490 1.68490 1.68490 1.68490 1.68490 1.68490 1.68490 1.68490 1.68594 1.75059 1.82856 1.78061 1.84225 2.01874 2.09775 2.09775 2.33991 2.51061 2.51061 2.51061 2.51061 2.51061 2.51061 2.51061 2.51061 2.51061 2.51061 2.51061 2.51061 0.00000 0.00000 0.00000 0.00000 0.00000 0.00000 0.00000 0.00000 0.00000 0.00000 0.00000 0.00000 0.00000 0.00000 0.00000 0.00000 0.00000 0.00000 0.00000 1.30493 1.30493 1.30493 1.30493 1.30493 1.30493 1.30493 1.30493 1.30493 1.30493 1.30493 1.30493 1.24569
0.00000 0.00000 0.00000 0.00000 0.00000 0.00000 1.68490 1.68490 1.68594 1.75059 1.82856 1.88610 1.93032 1.96507 1.97640 1.97640 1.99693 2.21306 2.34345 2.47313 2.60258 2.66462 2.51061 2.51061 2.51061 2.51061 2.51061 2.51061 2.51061 2.51061 2.51061 2.51061 2.51061 2.51061 0.00000 0.00000 0.00000 0.00000 0.00000 0.00000 0.00000 0.00000 0.00000 0.00000 0.00000 0.00000 0.00000 0.00000 2.74730 2.74730 1.56812 1.30493 1.30493 1.30493 1.30493 1.30493 1.30493 1.30493 1.30493 1.30493 1.30493 1.30493 1.30493 1.30493 1.30493 1.30493
0.00000 0.00000 0.00000 2.26790 2.26790 2.26790 1.96322 1.93071 1.96522 1.97640 1.98959 2.10004 2.22948 2.35924 2.48868 2.61844 2.73784 2.85759 2.88274 2.88274 2.88274 2.84171 2.51061 2.51061 2.51061 2.51061 2.51061 2.51061 2.51061 2.51061 2.51061 2.51061 2.51061 2.51061 2.51061 0.00000 0.00000 0.00000 0.00000 0.00000 0.00000 0.00000 2.74730 2.74730 2.74730 2.74730 2.74730 2.74730 2.74730 2.74730 1.89833 1.30493 1.30493 1.30493 1.30493 1.30493 1.30493 1.30493 1.30493 1.30493 1.30493 1.30493 1.30493 1.30493 1.30493 1.30493
2.26790 2.26790 2.26790 2.26790 2.27669 2.34466 2.32888 2.36669 2.49614 2.62582 2.74215 2.76139 2.76139 2.76139 2.76139 2.76139 2.76139 2.82276 2.88274 2.88274 2.88274 2.88134 2.56529 2.51061 2.51061 2.51061 2.51061 2.51061 2.51061 2.51061 2.51061 2.51061 2.51061 2.51061 2.51061 0.00000 0.00000 2.74730 2.74730 2.74730 2.74730 2.74730 2.74730 2.74730 2.74730 2.74730 2.74730 2.74730 2.74730 2.74730 2.30364 1.30493 1.30493 1.30493 1.30493 1.30493 1.30493 1.30493 1.30493 1.30493 1.30493 1.30493 1.30493 1.30493 1.30493 1.30493
2.48709 2.44758 2.48688 2.51875 2.54286 2.54675 2.55806 2.75727 2.76139 2.76139 2.76139 2.76139 2.76139 2.76139 2.76139 2.76139 2.76139 2.78806 2.88274 2.88274 2.88274 2.88274 2.70040 2.51061 2.51061 2.51061 2.51061 2.51061 2.51061 2.51061 2.51061 2.51061 2.51888 2.55251 2.62702 2.74730 2.74730 2.74730 2.74730 2.74730 2.74730 2.74730 2.74730 2.74730 2.74730 2.74730 2.74730 2.74730 2.74730 2.74730 2.67575 1.33811 1.30493 1.30493 1.30493 1.30493 1.30493 1.30493 1.30493 1.30493 1.30493 1.30493 1.30493 1.30493 1.30493 1.30493
2.74096 2.54675 2.54675 2.54675 2.54675 2.54675 2.54675 2.71024 2.76139 2.76139 2.76139 2.76139 2.76139 2.76139 2.76139 2.76139 2.76139 2.76260 2.87337 2.88274 2.88274 2.88274 2.79340 2.51061 2.51061 2.51061 2.51061 2.52334 2.55836 2.59376 2.62920 2.66466 2.69179 2.69356 2.70126 2.74730 2.74730 2.74730 2.74730 2.74730 2.74730 2.74730 2.74730 2.74730 2.74730 2.74730 2.74730 2.74730 2.74730 2.74730 2.74730 1.67169 1.30493 1.30493 1.30493 1.30493 1.30493 1.30493 1.30493 1.30493 1.30493 1.30493 1.30493 1.30493 1.30493 1.30493
2.82454 2.56360 2.54675 2.54675 2.54675 2.54675 2.54675 2.65188 2.76139 2.76139 2.76139 2.76139 2.76139 2.76139 2.76139 2.76139 2.76139 2.76139 2.83988 2.88274 2.88274 2.88274 2.86922 2.56468 2.59965 2.63507 2.67049 2.69316 2.69356 2.69356 2.69356 2.69356 2.69356 2.69356 2.69356 2.73974 2.74730 2.74730 2.74730 2.74730 2.74730 2.74730 2.74730 2.74730 2.74730 2.74730 2.74730 2.74730 2.74730 2.74730 2.74730 2.07704 1.30493 1.30493 1.30493 1.30493 1.30493 1.30493 1.30493 1.30493 1.30493 1.30493 1.35921 1.54668 1.74042 1.93351
2.82559 2.61716 2.54675 2.54675 2.54675 2.54675 2.54675 2.59352 2.76139 2.76139 2.76139 2.76139 2.76139 2.76139 2.76139 2.76139 2.76226 2.83429 2.94185 2.93018 2.94790 2.96560 2.97421 2.76843 2.69356 2.69356 2.69356 2.69356 2.69356 2.69356 2.69356 2.69356 2.69356 2.69356 2.69356 2.72451 2.74730 2.74730 2.74730 2.74730 2.74730 2.74730 2.74730 2.74730 2.74730 2.74730 2.74730 2.74730 2.74730 2.74730 2.74730 2.48246 1.30493 1.30493 1.30493 1.30493 1.31088 1.44981 1.64291 1.83601 2.02911 2.22221 2.36114 2.36708 2.36708 2.36708
2.82559 2.69502 2.54675 2.54675 2.54675 2.54675 2.54675 2.54941 2.74716 2.76139 2.76139 2.76244 2.83546 2.95210 3.06824 3.18423 3.30000 3.34462 3.31434 2.97704 2.95772 2.93313 2.90856 2.80442 2.69356 2.69356 2.69356 2.69356 2.69356 2.69356 2.69356 2.69356 2.69356 2.69356 2.69356 2.70926 2.74730 2.74730 2.74730 2.74730 2.74730 2.74730 2.74730 2.74730 2.74730 2.74730 2.74730 2.74730 2.74730 2.74730 2.74730 2.74230 1.61786 1.73850 1.93160 2.12470 2.31281 2.36708 2.36708 2.36708 2.36708 2.36708 2.36708 2.36708 2.36708 2.36708
2.82559 2.80204 2.55091 2.54675 2.54675 2.54675 2.54797 2.62199 2.88336 3.06992 3.18598 3.30099 3.34462 3.34402 3.32678 3.30223 3.27768 3.25310 3.22852 2.91308 2.82547 2.82547 2.82547 2.80160 2.69356 2.69356 2.69356 2.69356 2.69356 2.69356 2.69356 2.69356 2.69356 2.69356 2.69356 2.69570 2.74561 2.74730 2.74730 2.74730 2.74730 2.74730 2.74730 2.74730 2.74730 2.74730 2.74730 2.74730 2.74730 2.74730 2.74730 2.74730 2.36708 2.36708 2.36708 2.36708 2.36708 2.36708 2.36708 2.36708 2.36708 2.36708 2.36708 2.36708 2.36708 2.36708
2.82559 2.82559 2.66052 2.73980 2.85645 2.97309 3.08787 3.12697 3.16568 3.30093 3.27634 3.25177 3.22720 3.20322 3.19587 3.19587 3.19587 3.19587 3.19587 3.01090 2.82547 2.82547 2.82547 2.82175 2.69807 2.69356 2.69356 2.69356 2.69356 2.69356 2.69356 2.69356 2.69356 2.69356 2.69356 2.69356 2.73251 2.74730 2.74730 2.74730 2.74730 2.74731 2.74730 2.74731 2.74730 2.74730 0.00000 0.00000 0.00000 0.00000 0.00000 0.00000 2.36708 2.36708 2.36708 2.36708 2.36708 2.36708 2.36708 2.36708 2.36708 2.36708 2.36708 2.36708 2.36708 2.36708
2.82559 2.82443 2.92540 2.97065 2.87167 2.77274 2.67364 2.57778 2.63408 3.19587 3.19587 3.19587 3.19587 3.19587 3.19587 3.19587 3.19587 3.19587 3.19587 3.11716 2.82547 2.82547 2.82547 2.82547 2.74315 2.69356 2.69356 2.69356 2.69356 2.69356 2.69356 2.69356 2.69356 2.69356 2.69356 2.69356 2.71744 2.74730 2.74730 2.74730 2.74730 0.00000 0.00000 0.00000 0.00000 0.00000 0.00000 0.00000 0.00000 0.00000 0.00000 0.00000 2.36708 2.36708 2.36708 2.36708 2.36708 2.36708 2.36708 2.36708 2.36708 2.36708 2.36708 2.36708 2.36708 2.36708
1.94029 1.74359 1.88730 2.54976 2.54976 2.54976 2.54976 2.54976 2.54976 3.10405 3.19587 3.19587 3.19587 3.19587 3.19587 3.19587 3.19587 3.19587 3.19587 3.19284 2.85603 2.82547 2.82547 2.82547 2.78157 2.69356 2.69356 2.69356 2.69356 2.69356 2.69356 2.69356 2.69356 2.69356 2.69356 2.69356 0.00000 0.00000 0.00000 0.00000 0.00000 0.00000 0.00000 0.00000 0.00000 0.00000 0.00000 0.00000 0.00000 0.00000 0.00000 0.00000 0.00000 2.36708 2.36708 2.36708 2.36708 2.36708 2.36708 2.36708 2.36708 2.36708 2.36708 2.36708 2.36708 2.36708
1.66514 1.66514 1.66514 2.48004 2.54976 2.54976 2.54976 2.54976 2.54976 2.92832 3.19587 3.19587 3.19587 3.19587 3.19587 3.19587 3.19587 3.19587 3.19587 3.19587 2.95933 2.82547 2.82547 2.82547 2.80829 2.69356 2.69356 2.69356 2.69356 2.69356 2.69356 0.00000 0.00000 0.00000 0.00000 0.00000 0.00000 0.00000 0.00000 0.00000 0.00000 0.00000 0.00000 0.00000 0.00000 0.00000 0.00000 0.00000 0.00000 0.00000 0.00000 0.00000 0.00000 2.36708 2.36708 2.36708 2.36708 2.36708 2.36708 2.36708 2.36708 2.36708 2.36708 2.36708 2.36708 2.37641
1.66514 1.66514 1.66514 2.30330 2.54976 2.54976 2.54976 2.54976 2.54976 2.75244 3.19587 3.19587 3.19587 3.19587 3.19587 3.19587 3.19587 3.19587 3.19587 3.19407 3.01766 2.85123 2.87181 2.89859 2.93444 2.95738 0.00000 0.00000 0.00000 0.00000 0.00000 0.00000 0.00000 0.00000 0.00000 0.00000 0.00000 0.00000 0.00000 0.00000 0.00000 0.00000 0.00000 0.00000 0.00000 0.00000 0.00000 0.00000 0.00000 0.00000 0.00000 0.00000 0.00000 2.36708 2.36708 2.36708 2.36708 2.36708 2.36708 2.36770 2.39577 2.43855 2.48117 2.52401 2.56679 2.60009
1.66514 1.66514 1.66514 2.04609 2.54976 2.54976 2.54976 2.54976 2.54976 2.58717 3.18521 3.19587 3.19587 3.19587 3.19407 3.10726 2.97400 2.84074 2.70748 2.57603 2.54648 2.94823 2.95737 2.95723 2.95693 2.95654 0.00000 0.00000 0.00000 0.00000 0.00000 0.00000 0.00000 0.00000 0.00000 0.00000 0.00000 0.00000 0.00000 0.00000 0.00000 0.00000 0.00000 0.00000 0.00000 0.00000 0.00000 0.00000 0.00000 0.00000 0.00000 0.00000 0.00000 2.36708 2.37777 2.41755 2.46022 2.50303 2.54579 2.58782 2.60256 2.60256 2.60256 2.60256 2.60256 2.60256
1.66514 1.66514 1.66514 1.71517 2.52972 2.54976 2.54976 2.54976 2.54976 2.54776 2.95687 2.97267 2.83994 2.70748 2.57603 2.52959 2.52959 2.52950 2.52935 2.52920 2.52905 2.80115 2.95569 2.95553 2.95553 2.95553 0.00000 0.00000 0.00000 0.00000 0.00000 0.00000 0.00000 0.00000 0.00000 0.00000 0.00000 0.00000 0.00000 0.00000 0.00000 0.00000 0.00000 0.00000 0.00000 0.00000 0.00000 0.00000 0.00000 0.611001 0.611001 0.611001 0.611001 0.611001 1.92814 2.60256 2.60256 2.60256 2.60256 2.60256 2.60256 2.60256 2.60256 2.60256 2.60256 2.60256
1.66514 1.66514 1.66514 1.66514 2.38828 2.45981 2.32655 2.19329 2.06004 1.92878 2.20446 2.52949 2.52934 2.52919 2.52904 2.52888 2.52873 2.52866 2.52866 2.52866 2.52866 2.66797 2.95553 2.95553 2.95553 2.95553 0.00000 0.00000 0.00000 0.00000 0.00000 0.00000 0.00000 0.00000 0.00000 0.00000 0.00000 0.00000 0.00000 0.00000 0.00000 0.00000 0.00000 0.611001 0.611001 0.611001 0.611001 0.611001 0.611001 0.611001 0.611001 0.611001 0.611001 0.611001 1.36137 2.60256 2.60256 2.60256 2.60256 2.60256 2.60256 2.60256 2.60256 2.60256 2.60256 2.60256
1.66514 1.66514 1.66514 1.66514 1.80386 1.88643 1.89294 1.89946 1.90599 1.91252 2.05579 2.52866 2.52866 2.52866 2.52866 2.52866 2.52866 2.52866 2.52866 2.52866 2.52866 2.57760 2.95553 2.95553 2.95553 2.95553 2.95553 0.00000 0.00000 0.00000 0.00000 0.00000 0.00000 0.00000 0.00000 0.00000 0.00000 0.00000 0.611001 0.611001 0.611001 0.611001 0.611001 0.611001 0.611001 0.611001 0.611001 0.611001 0.611001 0.611001 0.611001 0.611001 0.611001 0.611001 0.811751 2.59639 2.60256 2.60256 2.60256 2.60256 2.60256 2.60256 2.60256 2.60256 2.60256 2.60256
1.68192 1.69497 1.70803 1.72108 1.77321 1.92144 1.92155 1.92155 1.92155 1.92155 1.93041 2.49132 2.52866 2.52866 2.52866 2.52866 2.52866 2.52866 2.52866 2.52866 2.52866 2.53014 2.88655 2.95553 2.95553 2.95553 2.95553 0.00000 0.00000 0.00000 0.00000 0.00000 0.00000 0.00000 0.00000 0.00000 0.00000 0.00000 0.611001 0.611001 0.611001 0.611001 0.611001 0.611001 0.611001 0.611001 0.611001 0.611001 0.611001 0.611001 0.611001 0.611001 0.611001 0.611001 0.611001 2.24122 2.60256 2.60256 2.60256 2.60256 2.60256 2.60256 2.60256 2.60256 2.60256 2.60256
1.74129 1.74129 1.74129 1.74129 1.74129 1.90474 1.92155 1.92155 1.92155 1.92155 1.92155 2.33517 2.52866 2.52866 2.52866 2.52866 2.52866 2.52866 2.52866 2.52866 2.52866 2.52866 2.72623 2.95553 2.95553 2.95553 2.95553 0.00000 0.00000 0.00000 0.00000 0.00000 0.00000 0.00000 0.00000 0.00000 0.00000 0.00000 0.611001 0.611001 0.611001 0.611001 0.611001 0.611001 0.611001 0.611001 0.611001 0.611001 0.611001 0.611001 0.611001 0.611001 0.611001 0.611001 0.611001 1.68505 2.60256 2.60256 2.60256 2.60256 2.60256 2.60256 2.60256 2.60256 2.60256 2.60256
1.74129 1.74129 1.74129 1.74129 1.74129 1.86787 1.92155 1.92155 1.92155 1.92155 1.92155 2.17010 2.52866 2.52866 2.52866 2.52866 2.52866 2.52866 2.52866 2.52866 2.52866 2.52866 2.61793 2.95553 2.95553 2.95553 2.95553 2.95553 0.00000 0.00000 0.00000 0.00000 0.00000 0.00000 0.00000 0.00000 0.00000 0.00000 0.00000 0.611001 0.611001 0.611001 0.611001 0.611001 0.611001 0.611001 0.611001 0.611001 0.611001 0.611001 0.611001 0.611001 0.611001 0.611001 0.611001 1.12921 2.60256 2.60256 2.60256 2.60256 2.60256 2.60256 2.60256 2.60256 2.60256 2.60256
1.74129 1.74129 1.74129 1.74129 1.74129 1.81404 1.92155 1.92155 1.92155 1.92155 1.92155 2.00508 2.52866 2.52866 2.52866 2.52866 2.52866 2.52924 2.55907 2.61393 2.68304 2.77455 2.89878 2.95553 2.95553 2.95553 2.98827 3.10691 0.00000 0.00000 0.00000 0.00000 0.00000 0.00000 0.00000 0.00000 0.00000 0.00000 0.00000 0.611001 0.611001 0.611001 0.611001 0.611001 0.611001 0.611001 0.611001 0.611001 0.611001 0.611001 0.611001 0.611001 0.611001 0.611001 0.611001 0.662782 2.51294 2.60256 2.60256 2.60256 2.60256 2.60256 2.60256 0.00000 0.00000 0.00000
1.74129 1.74129 1.74129 1.74129 1.74129 1.74854 1.91635 1.92155 1.92155 1.92155 1.92155 1.92155 2.44771 2.56005 2.61495 2.68455 2.77668 2.90050 2.95553 2.95553 2.99132 3.09096 3.19194 3.29253 3.39366 3.49421 3.56239 3.56421 0.00000 0.00000 0.00000 0.00000 0.00000 0.00000 0.00000 0.00000 0.00000 0.00000 0.00000 0.611001 0.611001 0.611001 0.611001 0.611001 0.611001 0.611001 0.611001 0.611001 0.611001 0.611001 0.611001 0.611001 0.611001 0.611001 0.611001 0.611001 2.05877 2.60256 0.00000 0.00000 0.00000 0.00000 0.00000 0.00000 0.00000 0.00000
