High_resolution/powerplant/Fengdu/OMI_NO2_201104.asc
ncols      200
nrows      200
xllcorner       105.978
yllcorner       28.1831
cellsize     0.0166667
NODATA_Value      -999.000
[rows 145 to 173 of 200, columns 66 to 131 of 200]
2.21752 2.21752 2.21752 2.21752 2.21752 2.21752 2.21752 2.21752 2.21752 2.21752 2.21752 2.21752 2.21760 2.30875 2.32173 2.46623 2.76582 3.06568 3.36541 3.65454 3.73421 3.73421 3.73421 3.73421 3.73421 3.73421 3.73421 3.73421 3.73421 3.73421 3.73421 3.73421 0.00000 0.00000 0.00000 0.00000 0.00000 0.00000 0.00000 0.00000 0.00000 0.00000 0.00000 0.00000 0.00000 0.00000 0.00000 0.00000 0.949990 0.949990 0.949990 1.00026 1.42983 1.93761 2.44538 2.95315 3.41065 3.48885 3.48885 3.48885 3.48885 3.48885 3.48885 3.48885 3.48885 3.16038
2.21752 2.21752 2.21752 2.21752 2.21752 2.21752 2.21752 2.21752 2.21752 2.21752 2.14715 1.78945 1.40065 2.32020 3.57855 3.73421 3.73421 3.73421 3.73421 3.73421 3.73421 3.73421 3.73421 3.73421 3.73421 3.73421 3.73421 3.73421 3.73421 3.73421 3.73421 3.73421 0.00000 0.00000 0.00000 0.00000 0.00000 0.00000 0.00000 0.00000 0.00000 0.00000 0.00000 0.00000 0.00000 0.00000 2.01336 2.01336 2.00571 2.34317 2.95315 3.41065 3.48885 3.48885 3.48885 3.48885 3.48885 3.48885 3.48885 3.48885 3.48885 3.48885 3.48885 3.48885 3.48885 3.48821
2.21752 2.21752 2.21752 2.21752 2.21752 2.21183 1.95595 1.56733 1.17854 0.789738 0.471486 0.440567 0.440567 1.41641 3.73421 3.73421 3.73421 3.73421 3.73421 3.73421 3.73421 3.73421 3.73421 3.73421 3.73421 3.73421 3.73421 3.73421 3.73421 3.73421 3.73421 3.73421 0.00000 0.00000 0.00000 0.00000 0.00000 0.00000 0.00000 0.00000 0.00000 2.01336 2.01336 2.01336 2.01336 2.01336 2.01336 2.01336 2.01336 2.91825 3.48885 3.48885 3.48885 3.48885 3.48885 3.48885 3.48885 3.48885 3.48885 3.48885 3.48885 3.48885 3.48885 3.48885 3.48885 3.48885
2.21752 2.11037 1.73437 1.34575 0.956468 0.573483 0.440567 0.440567 0.440567 0.440567 0.440567 0.440567 0.440567 0.570640 3.62454 3.73421 3.73421 3.73421 3.73421 3.73421 3.73421 3.73421 3.73421 3.73421 3.73421 3.73421 3.73421 3.73421 3.73421 3.73421 3.73421 3.73421 3.73421 0.00000 0.00000 0.00000 2.01336 2.01336 2.01336 2.01336 2.01336 2.01336 2.01336 2.01336 2.01336 2.01336 2.01336 2.01336 2.01336 2.49879 3.48885 3.48885 3.48885 3.48885 3.48885 3.48885 3.48885 3.48885 3.48885 3.48885 3.48885 3.48885 3.48885 3.48885 3.48885 3.48885
0.734830 0.453361 0.440567 0.440567 0.440567 0.440567 0.440567 0.440567 0.440567 0.440567 0.440567 0.440567 0.440567 0.440567 2.79900 3.73421 3.73421 3.73421 3.73421 3.73421 3.73421 3.73421 3.73421 3.73421 3.73421 3.73421 3.73421 3.73421 3.73421 3.73421 3.73421 3.73421 3.34137 2.01336 2.01336 2.01336 2.01336 2.01336 2.01336 2.01336 2.01336 2.01336 2.01336 2.01336 2.01336 2.01336 2.01336 2.01336 2.01336 2.10382 3.46450 3.48885 3.48885 3.48885 3.48885 3.48885 3.48885 3.48885 3.48885 3.48885 3.48885 3.48885 3.48885 3.48885 3.48885 3.48885
0.440567 0.440567 0.440567 0.440567 0.440567 0.440567 0.440567 0.440567 0.440567 0.440567 0.440567 0.440567 0.440567 0.440567 1.84371 3.73421 3.73421 3.73421 3.73421 3.73421 3.73421 3.73421 3.73421 3.73421 3.73421 3.73421 3.73421 3.60087 3.02296 2.41006 1.79716 1.18397 1.19153 2.01336 2.01336 2.01336 2.01336 2.01336 2.01336 2.01336 2.01336 2.01336 2.01336 2.01336 2.01336 2.01336 2.01336 2.01336 2.01336 2.01336 3.13599 3.48885 3.48885 3.48885 3.48885 3.48885 3.48885 3.48885 3.48885 3.48885 3.48885 3.48885 3.48885 3.48885 3.43243 2.98470
0.440567 0.440567 0.440567 0.440567 0.440567 0.440567 0.440567 0.440567 0.440567 0.440567 0.440567 0.440567 0.440567 0.440567 0.888787 3.73388 3.73421 3.73421 3.73421 3.73421 3.73421 3.73421 3.69053 3.19564 2.58303 1.96984 1.35664 0.877081 0.841794 0.841794 0.841794 0.841794 0.890531 1.97717 2.01336 2.01336 2.01336 2.01336 2.01336 2.01336 2.01336 2.01336 2.01336 2.01336 2.01336 2.01336 2.01336 2.01336 2.01336 2.01336 2.71665 3.48885 3.48885 3.48885 3.48885 3.48885 3.48885 3.48885 3.48885 3.42746 2.97530 2.45705 1.93462 1.41219 0.951146 0.876700
0.440567 0.440567 0.440567 0.440567 0.440567 0.440567 0.440567 0.440567 0.440567 0.440567 0.440567 0.440567 0.440567 0.440567 0.440567 3.22638 3.73421 3.73132 3.36861 2.75570 2.14252 1.64410 1.35665 1.44780 1.59027 1.46403 0.841794 0.841794 0.841794 0.841794 0.841794 0.841794 0.841794 1.68995 2.01336 2.01336 2.01336 2.01336 2.01336 2.01336 2.01336 2.01336 2.01336 2.01336 2.01336 2.01336 2.01336 2.01336 2.01336 2.01336 2.29712 3.48885 3.48885 3.48885 3.42485 2.96903 2.44660 1.92652 1.40697 0.945922 0.876700 0.876700 0.876700 0.876700 0.876700 0.876700
0.440567 0.440567 0.440567 0.440567 0.440567 0.440567 0.440567 0.440567 0.440567 0.440567 0.440567 0.440567 0.440567 0.436509 0.422186 1.53353 1.87359 1.54550 1.52486 1.65173 1.75470 1.79321 1.79321 1.79321 1.79321 1.72286 0.841794 0.841794 0.841794 0.841794 0.841794 0.841794 0.841794 1.35395 2.01336 2.01336 2.01336 2.01336 2.01336 2.01336 2.01336 2.01336 2.01336 2.01336 2.01336 2.01336 2.01336 2.01336 2.01336 2.01025 1.99173 2.44681 1.91895 1.39652 0.941481 0.876700 0.876700 0.876700 0.876700 0.876700 0.876700 0.876700 0.876700 0.876700 0.876700 0.876700
0.440567 0.440567 0.440567 0.440567 0.440567 0.440567 0.440567 0.440567 0.439884 0.428658 0.597624 0.925900 1.13987 1.30989 1.45124 1.61231 1.79321 1.79321 1.79321 1.79321 1.79321 1.79321 1.79321 1.79321 1.79321 1.79321 1.06694 0.841794 0.841794 0.841794 0.841794 0.841794 0.841794 1.01763 2.01336 2.01336 2.01336 2.01336 2.01336 2.01336 2.01336 2.01336 2.01336 2.01336 2.01191 1.98952 1.96031 1.93107 1.90182 1.87572 1.87148 1.25042 0.876700 0.876700 0.876700 0.876700 0.876700 0.876700 0.876700 0.876700 0.876700 0.876700 0.876700 0.876700 0.876700 0.876700
0.440567 0.440567 0.440567 0.440567 0.435001 0.420306 0.405488 0.390671 0.376530 0.372939 1.09499 1.55878 1.55878 1.55878 1.55878 1.56468 1.78172 1.79321 1.79321 1.79321 1.79321 1.79321 1.79321 1.79321 1.79321 1.79321 1.39184 0.841794 0.841794 0.841794 0.841794 0.841794 0.841794 0.841911 1.85299 2.01336 2.01336 2.01336 2.01336 2.01295 1.99382 1.96458 1.93537 1.90611 1.87834 1.87148 1.87148 1.87148 1.87148 1.87148 1.87148 1.53252 0.876700 0.876700 0.876700 0.876700 0.876700 0.876700 0.876700 0.876700 0.876700 0.876700 0.876700 0.876700 0.876700 0.876700
0.426778 0.411960 0.397136 0.382319 0.373068 0.372939 0.372939 0.372939 0.372939 0.372939 0.704991 1.55878 1.55878 1.55878 1.55878 1.55878 1.71970 1.79321 1.79321 1.79321 1.79321 1.79321 1.79321 1.79321 1.79321 1.79321 1.61104 0.841794 0.841794 0.841794 0.841794 0.841794 0.841794 0.841794 1.51708 1.99809 1.96888 1.93964 1.91041 1.88158 1.87108 1.78229 1.80516 1.87148 1.87148 1.87148 1.87148 1.87148 1.87148 1.87148 1.87148 1.80215 0.889432 0.876700 0.876700 0.876700 0.876700 0.876700 0.876700 0.876700 0.876700 0.876700 0.876700 0.876700 0.876700 0.876700
0.372939 0.372939 0.372939 0.372939 0.372939 0.372939 0.372939 0.372939 0.372939 0.372939 0.375545 1.48750 1.55878 1.55878 1.55878 1.55878 1.65185 1.79321 1.79321 1.79321 1.79321 1.79321 1.79321 1.79321 1.79321 1.79321 1.76237 0.867696 0.841794 0.841794 0.829483 0.786716 0.742532 0.698349 1.01216 1.82491 1.69350 1.59151 1.51234 1.44915 1.39756 1.37782 1.54255 1.87148 1.87148 1.87148 1.87148 1.87148 1.87148 1.87148 1.87148 1.87148 1.10219 0.876700 0.876700 0.876700 0.876700 0.876700 0.876700 0.876700 0.876700 0.876700 0.876700 0.876700 0.876700 0.876700
0.372939 0.372939 0.372939 0.372939 0.372939 0.372939 0.372939 0.372939 0.372939 0.372939 0.372939 1.27409 1.55878 1.55878 1.55878 1.55878 1.58450 1.79265 1.79321 1.79321 1.79321 1.79321 1.79321 1.79321 1.79321 1.79090 1.77201 1.11823 0.711035 0.670421 0.670126 0.697168 0.718836 0.736038 0.775086 1.35830 1.37782 1.37782 1.37782 1.37782 1.37782 1.37782 1.44228 1.87148 1.87148 1.87148 1.87148 1.87148 1.87148 1.87148 1.87148 1.87148 1.38458 0.876700 0.876700 0.876700 0.876700 0.876700 0.876700 0.876700 0.876700 0.876700 0.874565 0.859891 0.843301 0.826559
0.372939 0.372939 0.372939 0.372939 0.372939 0.372939 0.372939 0.372939 0.372939 0.372939 0.372939 0.971667 1.55878 1.55878 1.55878 1.55878 1.55878 1.75045 1.79321 1.79321 1.79289 1.77839 1.75626 1.73417 1.62814 1.44210 1.27253 0.927052 0.745883 0.757046 0.758819 0.758819 0.758819 0.758819 0.758819 1.20363 1.37782 1.37782 1.37782 1.37782 1.37782 1.37782 1.38207 1.81947 1.87148 1.87148 1.87148 1.87148 1.87148 1.87148 1.87148 1.87148 1.66657 0.876700 0.876700 0.876700 0.876700 0.874482 0.859783 0.843133 0.826392 0.809650 0.795043 0.792993 0.792993 0.792993
0.372939 0.372939 0.372939 0.372939 0.372939 0.372939 0.372939 0.372939 0.372939 0.372939 0.372939 0.534087 1.55276 1.55878 1.55878 1.55878 1.58570 1.71606 1.71893 1.55053 1.36242 1.18858 1.02233 0.856364 0.774613 0.774613 0.774613 0.770884 0.758819 0.758819 0.758819 0.758819 0.758819 0.758819 0.758819 1.02715 1.37782 1.37782 1.37782 1.37782 1.37782 1.37782 1.37782 1.63910 1.87148 1.87148 1.87148 1.87148 1.87148 1.87148 1.87148 1.87148 1.82612 0.910006 0.842966 0.826224 0.809483 0.794960 0.792993 0.792993 0.792993 0.792993 0.792993 0.792993 0.792993 0.792993
0.372939 0.372939 0.372939 0.372939 0.372939 0.372939 0.372939 0.372939 0.372939 0.372939 0.372939 0.385088 1.49494 1.61856 1.52875 1.43907 1.32323 1.10567 0.794548 0.774613 0.774613 0.774613 0.774613 0.774613 0.774613 0.774613 0.774613 0.774319 0.759667 0.758819 0.758819 0.758819 0.758819 0.758819 0.758819 0.850802 1.37782 1.37782 1.37782 1.37782 1.37782 1.37782 1.37782 1.51011 1.87148 1.87148 1.87148 1.85120 1.60798 1.30383 0.999426 0.695073 0.429062 0.648105 0.792993 0.792993 0.792993 0.792993 0.792993 0.792993 0.792993 0.792993 0.792993 0.792993 0.792993 0.792993
0.372939 0.372939 0.372939 0.372939 0.372939 0.372939 0.372939 0.443460 0.596395 0.749495 0.902616 1.04352 1.06080 0.993458 0.993458 0.993458 0.993458 0.990040 0.788751 0.774613 0.774613 0.774613 0.774613 0.774613 0.774613 0.774613 0.774613 0.774613 0.763645 0.758819 0.758819 0.758819 0.758819 0.758819 0.758819 0.758819 1.29289 1.37782 1.37782 1.37782 1.37782 1.37782 1.37375 1.29844 1.34493 1.04073 0.736226 0.452303 0.391166 0.391166 0.391166 0.391166 0.391166 0.534632 0.792993 0.792993 0.792993 0.792993 0.792993 0.792993 0.792993 0.792993 0.792993 0.792993 0.792993 0.792993
0.372939 0.372939 0.393677 0.529133 0.682255 0.835377 0.988429 1.07103 1.07117 1.07117 1.07117 1.07117 1.04132 0.993458 0.993458 0.993458 0.993458 0.993458 0.848397 0.774613 0.774613 0.774613 0.774613 0.774613 0.774613 0.774613 0.774613 0.774613 0.767918 0.758819 0.758819 0.758819 0.758819 0.758819 0.758819 0.758819 1.11610 1.37715 1.28730 1.13512 0.983018 0.830768 0.682737 0.637588 0.442715 0.391166 0.391166 0.391166 0.391166 0.391166 0.391166 0.391166 0.391166 0.424280 0.789818 0.792993 0.792993 0.792993 0.792993 0.792993 0.792993 0.792993 0.792993 0.792993 0.792993 0.792993
0.768067 0.921189 1.05357 1.07117 1.07117 1.07117 1.07117 1.07117 1.07117 1.07117 1.07117 1.07117 1.06838 0.995676 0.993458 0.993458 0.993458 0.993458 0.911507 0.774613 0.774613 0.774613 0.774613 0.774613 0.774613 0.774613 0.774613 0.774613 0.772198 0.758819 0.758819 0.758819 0.758819 0.788889 0.872488 0.957084 0.992500 0.699835 0.637617 0.637415 0.637200 0.636984 0.636769 0.636554 0.527632 0.391166 0.391166 0.391166 0.391166 0.391166 0.391166 0.391166 0.391166 0.391166 0.709565 0.792993 0.792993 0.792993 0.792993 0.792993 0.792993 0.792993 0.792993 0.792993 0.792993 0.792993
1.29702 1.07117 1.07117 1.07117 1.07117 1.07117 1.07117 1.07117 1.07117 1.07117 1.07117 1.07117 1.07117 1.00784 0.993458 0.993458 0.993458 0.993458 0.973324 0.775868 0.774613 0.774613 0.774613 0.774613 0.774613 0.774613 0.774613 0.774613 0.787429 0.849585 0.932310 1.01691 1.10157 1.15589 1.15671 1.15650 1.13651 0.654080 0.636457 0.636443 0.636443 0.636443 0.636443 0.636443 0.585241 0.391166 0.391166 0.391166 0.391166 0.391166 0.391166 0.391166 0.391166 0.391166 0.596097 0.792993 0.792993 0.792993 0.792993 0.792993 0.792993 0.792993 0.792993 0.792993 0.792993 0.823655
1.73289 1.07117 1.07117 1.07117 1.07117 1.07117 1.07117 1.07117 1.07117 1.07117 1.07117 1.07117 1.07117 1.02576 0.993458 0.993458 0.993458 0.993458 0.993458 0.818842 0.774613 0.774613 0.774613 0.777401 0.838737 0.923332 1.00793 1.12570 1.27796 1.24352 1.15635 1.15614 1.15593 1.15588 1.15588 1.15588 1.15588 0.782646 0.636443 0.636443 0.636443 0.636443 0.636443 0.636443 0.625850 0.394237 0.391166 0.391166 0.391166 0.391166 0.391166 0.391166 0.391166 0.391166 0.482621 0.792993 0.792993 0.792993 0.792993 0.792993 0.824881 1.02379 1.24679 1.46811 1.69055 1.88289
2.16907 1.07117 1.07117 1.07117 1.07117 1.07117 1.07117 1.07117 1.07117 1.07117 1.07117 1.07117 1.07117 1.05236 0.993458 0.993458 0.993458 0.993458 0.993458 0.904134 0.898599 0.990239 1.14194 1.30476 1.40871 1.48968 1.57038 1.61815 1.61851 1.46144 1.15588 1.15588 1.15588 1.15588 1.15588 1.15588 1.15588 0.931797 0.636443 0.636443 0.636443 0.636443 0.636443 0.636443 0.636443 0.470423 0.391166 0.391166 0.391166 0.391166 0.391166 0.391166 0.391166 0.391166 0.396510 0.797597 1.02379 1.24679 1.46979 1.69278 1.88389 1.90797 1.90797 1.90797 1.90797 1.90797
2.52935 1.14639 1.07117 1.07117 1.07117 1.07117 1.07117 1.07117 1.07117 1.07117 1.07117 1.07117 1.07117 1.07117 0.998039 0.983740 1.01640 1.12791 1.28307 1.46310 1.53099 1.60491 1.61851 1.61851 1.61851 1.61851 1.61851 1.61851 1.61851 1.58336 1.15986 1.15588 1.15588 1.15588 1.15588 1.15588 1.15588 1.08037 0.636443 0.636443 0.636443 0.636443 0.636443 0.636443 0.636443 0.546069 0.391166 0.391166 0.391166 0.391166 0.407389 0.571762 0.771885 0.972105 1.17203 1.70206 1.90797 1.90797 1.90797 1.90797 1.90797 1.90797 1.90797 1.90797 1.90797 1.90797
2.56659 1.54537 1.07117 1.07117 1.07117 1.07117 1.07117 1.07117 1.07117 1.07117 1.07117 1.07117 1.07117 1.07117 1.52289 1.71499 1.80661 1.80697 1.80697 1.80309 1.62609 1.61851 1.61851 1.61851 1.61851 1.61851 1.61851 1.61851 1.61851 1.61851 1.25072 1.15588 1.15588 1.15588 1.15588 1.15588 1.15588 1.15588 0.709892 0.636443 0.636443 0.636443 0.636443 0.636443 0.636443 0.602167 0.542909 0.743129 0.943252 1.14318 1.32698 1.36264 1.36264 1.43209 1.66843 1.99271 2.31564 2.37357 1.93428 1.90797 1.90797 1.90797 1.90797 1.90797 1.90797 1.90797
2.56659 1.98113 1.07117 1.07117 1.07117 1.07117 1.07117 1.07117 1.07117 1.07117 0.00000 0.00000 0.00000 0.00000 1.80697 1.80697 1.80697 1.80697 1.80697 1.80697 1.65922 1.61851 1.61851 1.61851 1.61851 1.61851 1.61851 1.61851 1.61851 1.61851 1.37655 1.15588 1.15588 1.15588 1.15588 1.15588 1.15588 1.15588 0.858660 0.636443 0.637075 0.697937 0.797999 0.898060 0.998025 1.09835 1.34709 1.36264 1.40864 1.64041 1.82885 1.96957 2.07870 2.14790 2.15235 2.17975 2.42409 2.42502 2.12279 1.90797 1.90797 1.90797 1.90797 1.90797 1.90797 1.90797
2.56336 2.28424 1.07487 1.07117 1.07117 1.07117 0.00000 0.00000 0.00000 0.00000 0.00000 0.00000 0.00000 0.00000 1.80697 1.80697 1.80697 1.80697 1.80697 1.80697 1.70793 1.61851 1.61851 1.61851 1.61851 1.61851 1.61851 1.61851 1.61851 1.61851 1.50262 1.15588 1.15588 1.15588 1.15588 1.15588 1.14374 1.10833 0.988032 0.983598 1.08298 1.12517 1.14618 1.19287 1.40561 1.64803 1.93382 2.06596 2.14364 2.15235 2.15235 2.15235 2.15235 2.15235 2.15235 2.15235 2.37444 2.42502 2.27205 1.90797 1.90797 1.90797 1.90797 1.90797 1.90797 1.90797
1.78060 1.71641 1.71641 0.00000 0.00000 0.00000 0.00000 0.00000 0.00000 0.00000 0.00000 0.00000 0.00000 0.00000 0.00000 1.80697 1.80697 1.80697 1.80697 1.80697 1.77969 1.61945 1.61851 1.61851 1.61851 1.61851 1.61851 1.61851 1.61851 1.61851 1.60731 1.17185 1.11926 1.07681 1.02097 0.944277 0.882409 0.881721 0.912992 1.23538 1.29244 1.76191 2.05284 2.13791 2.15235 2.15235 2.15235 2.15235 2.15235 2.15235 2.15235 2.15235 2.15235 2.15235 2.15235 2.15235 2.29735 2.42502 2.37541 1.90797 1.90797 1.90797 1.90797 1.90797 1.90797 1.90797
1.71641 1.71641 1.71641 0.00000 0.00000 0.00000 0.00000 0.00000 0.00000 0.00000 0.00000 0.00000 0.00000 0.00000 0.00000 1.80697 1.80697 1.80697 1.80697 1.80697 1.80697 1.64183 1.61851 1.61851 1.61851 1.61851 1.61960 1.63668 1.66384 1.69924 1.74383 1.15424 0.881721 0.881721 0.881721 0.881721 0.00000 0.00000 0.00000 1.36264 1.36264 1.77454 2.15235 2.15235 2.15235 2.15235 2.15235 2.15235 2.15235 2.15235 2.15235 2.15235 2.15235 2.15235 2.15235 2.15235 2.22027 2.42502 2.42450 2.00902 1.90797 1.90797 1.90797 1.85701 1.58928 1.29555
