High_resolution/powerplant/Fengdu/OMI_NO2_200801.asc
ncols      200
nrows      200
xllcorner       105.978
yllcorner       28.1831
cellsize     0.0166667
NODATA_Value      -999.000
[rows 116 to 144 of 200, columns 0 to 64 of 200]
0.00000 0.00000 0.00000 0.00000 0.00000 0.00000 9.65834 9.65834 9.65834 9.65651 9.52502 9.31256 9.10101 8.88855 8.67640 8.46455 8.25209 8.04054 7.82808 7.61593 7.40408 7.19192 6.97977 6.76761 6.61938 14.0299 21.3965 21.3965 21.3965 21.3965 21.3965 21.3965 21.3965 21.3965 21.3965 21.3965 21.3965 21.3965 21.3965 21.3965 21.3965 21.3965 21.3965 21.3965 21.3965 12.1140 5.59062 5.59062 5.59062 5.59062 5.59062 5.59062 5.59062 5.59062 5.59062 5.59062 5.59062 5.59062 5.59062 5.59062 5.59062 5.59062 5.59062 5.59062 5.59062
0.00000 0.00000 0.00000 0.00000 0.00000 0.00000 7.42488 7.11735 6.90519 6.69486 6.61451 6.61451 6.61451 6.61451 6.61451 6.61451 6.61451 6.61451 6.61451 6.61451 6.61451 6.61451 6.61451 6.61451 6.61451 10.7645 21.3965 21.3965 21.3965 21.3965 21.3965 21.3965 21.3965 21.3965 21.3965 21.3965 21.3965 21.3965 21.3965 21.3965 21.3965 21.3965 21.3965 21.3965 21.3965 15.5390 5.59062 5.59062 5.59062 5.59062 5.59062 5.59062 5.59062 5.59062 5.59062 5.59062 5.59062 5.59062 5.59062 5.59062 5.59062 5.59062 5.59062 5.59062 5.59062
0.00000 0.00000 0.00000 0.00000 0.00000 0.00000 6.61451 6.61451 6.61451 6.61451 6.61451 6.61451 6.61451 6.61451 6.61451 6.61451 6.61451 6.61451 6.61451 6.61451 6.61451 6.61451 6.61451 6.61451 6.61451 7.58549 21.3093 21.3965 21.3965 21.3965 21.3965 21.3965 21.3965 21.3965 21.3965 21.3965 21.3965 21.3965 21.3965 21.3965 21.3965 21.3965 21.3965 21.3965 21.3965 18.9647 5.59062 5.59062 5.59062 5.59062 5.59062 5.59062 5.59062 5.59062 5.59062 5.59062 5.59062 5.59062 5.59062 5.59062 5.59062 5.59062 5.59062 5.59062 5.59062
0.00000 0.00000 0.00000 0.00000 0.00000 0.00000 6.61451 6.61451 6.61451 6.61451 6.61451 6.61451 6.61451 6.61451 6.61451 6.61451 6.61451 6.61451 6.61451 6.61451 6.61451 6.61451 6.61451 6.61451 6.61451 6.61451 19.0124 21.3965 21.3965 21.3965 21.3965 21.3965 21.3965 21.3965 21.3965 21.3965 21.3965 21.3965 21.3965 21.3965 21.3965 21.3965 21.3965 21.3965 21.3965 21.3222 6.66373 5.59062 5.59062 5.59062 5.59062 5.59062 5.59062 5.59062 5.59062 5.59062 5.59062 5.59062 5.59062 5.59062 5.59062 5.59062 5.59062 5.59062 5.59062
0.00000 0.00000 0.00000 0.00000 0.00000 0.00000 0.00000 6.61451 6.61451 6.61451 6.61451 6.61451 6.61451 6.61451 6.61451 6.61451 6.61451 6.61451 6.61451 6.61451 6.61451 6.61451 6.61451 6.61451 6.61451 6.61451 15.7456 21.3965 21.3965 21.3965 21.3965 21.3965 21.3965 21.3965 21.3965 21.3965 21.3965 21.3965 21.3965 21.3965 21.3965 21.3965 21.3965 21.3965 21.3965 21.3965 10.0158 5.59062 5.59062 5.59062 5.59062 5.59062 5.59062 5.59062 5.59062 5.59062 5.59062 5.59062 5.59062 5.59062 5.59062 5.59062 5.59062 5.54427 5.38667
0.00000 0.00000 0.00000 0.00000 0.00000 0.00000 0.00000 6.61451 6.61451 6.61451 6.61451 6.61451 6.61451 6.61451 6.61451 6.61451 6.61451 6.61451 6.61451 6.61451 6.61451 6.61451 6.61451 6.61451 6.61451 6.61451 12.4809 21.3965 21.3965 21.3965 21.3965 21.3965 21.3965 21.3965 21.3965 21.3965 21.3965 21.3965 21.3965 21.3965 21.3965 21.3965 21.3965 21.3965 21.3965 21.2803 12.9324 5.24038 5.07931 4.91650 4.75572 4.59292 4.43185 4.26991 4.10797 3.94632 3.78421 3.62245 3.46109 3.29857 3.13779 2.97469 2.81392 2.69804 2.69369
0.00000 0.00000 0.00000 0.00000 0.00000 0.00000 0.00000 6.61451 6.61451 6.61451 6.61451 6.61451 6.61451 6.61451 6.61451 6.61451 6.61451 6.61451 6.61451 6.61451 6.61451 6.61451 6.61451 6.61451 6.61451 6.61451 9.21466 21.3965 21.3965 21.3003 20.5791 19.7444 18.8990 18.0656 17.2322 16.3894 15.5520 14.7186 13.8812 13.0398 12.2051 11.3690 10.5303 9.69152 8.85812 8.13290 6.51332 2.69369 2.69369 2.69369 2.69369 2.69369 2.69369 2.69369 2.69369 2.69369 2.69369 2.69369 2.69369 2.69369 2.69369 2.69369 2.69369 2.69369 2.69369
0.00000 0.00000 0.00000 0.00000 0.00000 0.00000 0.00000 6.61451 6.61451 6.61451 6.61451 6.61451 6.61451 6.61451 6.61451 6.59621 6.56420 6.53224 6.50023 6.46822 6.43626 6.40425 6.37224 6.34027 6.30826 6.27626 6.36043 9.63279 8.89552 8.15294 8.04075 8.04075 8.04075 8.04075 8.04075 8.04075 8.04075 8.04075 8.04075 8.04075 8.04075 8.04075 8.04075 8.04075 8.04075 8.04075 7.65893 2.71508 2.69369 2.69369 2.69369 2.69369 2.69369 2.69369 2.69369 2.69369 2.69369 2.69369 2.69369 2.69369 2.69369 2.69369 2.69369 2.69369 2.69369
0.00000 0.00000 0.00000 0.00000 0.00000 0.00000 0.00000 0.00000 6.37437 6.32959 6.29763 6.26562 6.23361 6.20164 6.16963 6.15592 6.15592 6.15592 6.15592 6.15592 6.15592 6.15592 6.15592 6.15592 6.15592 6.15592 6.15592 7.53873 8.04075 8.04075 8.04075 8.04075 8.04075 8.04075 8.04075 8.04075 8.04075 8.04075 8.04075 8.04075 8.04075 8.04075 8.04075 8.04075 8.04075 8.04075 8.17297 5.28840 6.00277 5.89598 2.69369 2.69369 2.69369 2.69369 2.69369 2.69369 2.69369 2.69369 2.69369 2.69369 2.69369 2.69369 2.69369 2.69369 2.69369
0.00000 0.00000 0.00000 0.00000 0.00000 0.00000 0.00000 0.00000 6.15592 6.15592 6.15592 6.15592 6.15592 6.15592 6.15592 6.15592 6.15592 6.15592 6.15592 6.15592 6.15592 6.15592 6.15592 6.15592 6.15592 6.15592 6.15592 7.12246 8.04075 8.04075 8.04075 8.04075 8.04075 8.04075 8.04075 8.04075 8.04075 8.04075 8.04075 8.04075 8.04075 8.04075 8.47459 9.31901 9.91985 10.3664 10.6769 9.03325 8.04635 7.80526 2.78182 2.69369 2.69369 2.69369 2.69369 2.69369 2.69369 2.69369 2.69369 2.69369 2.69369 2.69369 2.69369 2.69369 2.69369
0.00000 0.00000 0.00000 0.00000 0.00000 0.00000 0.00000 0.00000 6.15592 6.15592 6.15592 6.15592 6.15592 6.15592 6.15592 6.15592 6.15592 6.15592 6.15592 6.15592 6.15592 6.15592 6.15592 6.15592 6.15592 6.15592 6.15592 6.70586 8.04075 8.04075 8.04075 8.04075 8.04075 8.04075 8.04075 8.04075 8.04075 8.09117 8.85542 9.58829 10.1176 10.5178 10.7177 10.7199 10.7199 10.7199 10.7199 9.61651 8.04635 8.04635 4.60686 2.69369 2.69369 2.69369 2.69369 2.69369 2.69369 2.69369 2.69369 2.69369 2.69369 2.69369 2.69369 2.69369 2.69369
0.00000 0.00000 0.00000 0.00000 0.00000 0.00000 0.00000 0.00000 6.15592 6.15592 6.15592 6.15592 6.15592 6.15592 6.15592 6.15592 6.15592 6.15592 6.15592 6.15592 6.15592 6.15592 6.15592 6.15592 6.15592 6.15592 6.15592 6.29631 8.03396 8.04075 8.04075 8.04075 8.04075 8.32250 9.18654 9.82421 10.2940 10.6411 10.7199 10.7199 10.7199 10.7199 10.7199 10.7199 10.7199 10.7199 10.7199 10.2000 8.04635 8.04635 6.32486 2.69369 2.69369 2.69369 2.69369 2.69369 2.69369 2.69369 2.69369 2.69369 2.69369 2.69369 2.69369 2.69369 2.69369
0.00000 0.00000 0.00000 0.00000 0.00000 0.00000 0.00000 0.00000 6.15592 6.15592 6.15592 6.15592 6.15592 6.15592 6.15592 6.15592 6.15592 6.15592 6.15592 6.15592 6.15592 6.15592 6.15592 6.15592 6.15592 6.15592 6.15592 6.15592 7.75749 8.04075 8.04075 9.78711 10.4525 10.7061 10.7199 10.7199 10.7199 10.7199 10.7199 10.7199 10.7199 10.7199 10.7199 10.7199 10.7199 10.7199 10.7199 10.6755 8.15463 8.04635 7.48120 2.70534 2.74466 2.78507 2.82562 2.86589 2.90615 2.94634 2.98712 3.02731 3.06793 3.10783 3.14839 3.18880 3.22921
0.00000 0.00000 0.00000 0.00000 0.00000 0.00000 0.00000 0.00000 0.00000 6.15592 6.15592 6.15592 6.15592 6.15592 6.15592 6.15592 6.15592 6.15592 6.15592 6.15592 6.15592 6.15592 6.15592 6.15592 6.15592 6.15592 6.15592 6.15592 7.34117 8.04075 8.04075 9.96026 10.7199 10.7199 10.7199 10.6563 10.5426 10.4284 10.3149 10.2005 10.0865 9.97318 9.85878 9.74474 9.63088 9.51703 9.40317 9.28859 8.53167 8.37545 8.38753 4.39169 3.42179 3.42179 3.42179 3.42179 3.42179 3.42179 3.42179 3.42179 3.42179 3.42179 3.42179 3.42179 3.42179
0.00000 0.00000 0.00000 0.00000 0.00000 0.00000 0.00000 0.00000 0.00000 6.15592 6.15592 6.15592 6.15592 6.15592 6.15592 6.15592 6.15592 6.15592 6.15592 6.15592 6.10575 6.00928 5.91307 5.81701 5.72081 5.62433 5.52813 5.43206 5.60110 5.64993 5.42149 6.88417 9.18199 9.06850 8.95483 8.90398 8.90398 8.90398 8.90398 8.90398 8.90398 8.90398 8.90398 8.90398 8.90398 8.90398 8.90398 8.90398 8.63602 8.41040 8.41040 6.27344 3.42179 3.42179 3.42179 3.42179 3.42179 3.42179 3.42179 3.42179 3.42179 3.42179 3.42179 3.42179 3.42179
0.00000 0.00000 0.00000 0.00000 0.00000 0.00000 3.76850 3.76850 3.76850 4.86683 5.68966 5.59359 5.49739 5.40105 5.30471 5.20864 5.11244 5.01610 4.91976 4.82370 4.77766 4.77766 4.77766 4.77766 4.77766 4.77766 4.77766 4.77766 4.70877 4.40895 4.40895 4.58695 8.76544 8.90398 8.90398 8.90398 8.90398 8.90398 8.90398 8.90398 8.90398 8.90398 8.90398 8.90398 8.90398 8.90398 8.90398 8.90398 8.74328 8.30469 7.69644 6.01449 3.42179 3.42179 3.42179 3.42179 3.42179 3.42179 3.42179 3.42179 3.42179 3.42179 3.42179 3.42179 3.42179
3.76850 3.76850 3.76850 3.76850 3.76850 3.76850 3.76850 3.76850 3.76850 3.80372 4.75566 4.77766 4.77766 4.77766 4.77766 4.77766 4.77766 4.77766 4.77766 4.77766 4.77766 4.77766 4.77766 4.77766 4.77766 4.77766 4.77766 4.77766 4.77280 4.42642 4.40895 4.40895 7.98820 8.90398 8.90398 8.90398 8.90398 8.90398 8.90398 8.90398 8.90398 8.90398 8.90398 8.90398 8.90398 8.62214 7.96924 7.10829 5.83393 3.59435 3.42179 3.42179 3.42179 3.42179 3.42179 3.42179 3.42179 3.42179 3.42179 3.42179 3.42179 3.42179 3.42179 3.42179 3.42179
3.76850 3.76850 3.76850 3.76850 3.76850 3.76850 3.76850 3.76850 3.76850 3.76850 4.56523 4.77766 4.77766 4.77766 4.77766 4.77766 4.77766 4.77766 4.77766 4.77766 4.77766 4.77766 4.77766 4.77766 4.77766 4.77766 4.77766 4.77766 4.77766 4.50304 4.40895 4.40895 6.80128 8.90398 8.90398 8.90398 8.90398 8.90398 8.90398 8.90398 8.85513 8.37157 7.64169 6.66539 5.28963 4.40895 4.40895 4.40895 4.40895 3.52947 3.42179 3.42179 3.42179 3.42179 3.42179 3.42179 3.42179 3.42179 3.42179 3.42179 3.42179 3.42179 3.42179 3.42179 3.42179
3.76850 3.76850 3.76850 3.76850 3.76850 3.76850 3.76850 3.76850 3.76850 3.76850 4.33949 4.77766 4.77766 4.77766 4.77766 4.77766 4.77766 4.77766 4.77766 4.77766 4.77766 4.77766 4.77766 4.77766 4.77766 4.77766 4.77766 4.77766 4.77766 4.58453 4.40895 4.40895 5.04393 8.87616 8.90398 8.90398 8.71205 8.09232 7.27374 6.15539 4.72218 4.40895 4.40895 4.40895 4.40895 4.40895 4.40895 4.40895 4.40895 3.74344 3.42179 3.42179 3.42179 3.42179 3.42179 3.42179 3.42179 3.42179 3.42179 3.42179 3.42179 3.42179 3.42179 3.42179 3.42179
3.76850 3.76850 3.76850 3.76850 3.76850 3.76850 3.76850 3.76850 3.76850 3.76850 4.11353 4.77766 4.77766 4.77766 4.77766 4.77766 4.77766 4.77766 4.77766 4.77766 4.77766 4.77766 4.77766 4.77766 4.77766 4.77766 4.77766 4.77766 4.77766 4.66599 4.40895 4.40895 4.40895 7.29329 6.85460 5.56248 4.43137 4.40895 4.40895 4.40895 4.40895 4.40895 4.40895 4.40895 4.40895 4.40895 4.40895 4.40895 4.40895 3.95752 3.42179 3.42179 3.42179 3.42179 3.42179 3.42179 3.42179 3.41497 3.39712 3.37900 3.36109 3.34291 3.32499 3.30688 3.28890
3.76850 3.76850 3.76850 3.76850 3.76850 3.76850 3.76850 3.76850 3.76850 3.76850 3.88778 4.77766 4.77766 4.77766 4.77766 4.77766 4.77766 4.77766 4.77766 4.77766 4.77766 4.77766 4.77766 4.77766 4.77766 4.77766 4.77766 4.77766 4.77766 4.74677 4.40965 4.40895 4.40895 4.40895 4.40895 4.40895 4.40895 4.40895 4.40895 4.40895 4.38787 4.29412 4.19334 4.09288 3.99274 3.89244 3.79182 3.69120 3.59138 3.40289 3.21651 3.19859 3.18045 3.16249 3.14441 3.12659 3.10855 3.09731 3.09718 3.09718 3.09718 3.09718 3.09718 3.09718 3.09718
3.76850 3.76850 3.76850 3.76850 3.76850 3.76850 3.76850 3.76850 3.76850 3.76850 3.76860 4.67110 4.77766 4.77766 4.77766 4.77766 4.77766 4.77766 4.77766 4.77766 4.77766 4.77766 4.77766 4.77766 4.77766 4.76243 4.73078 4.69904 4.66735 4.63570 3.93766 3.70063 3.60001 3.49955 3.39957 3.29895 3.19833 3.09835 2.99790 2.89744 2.81790 2.81183 2.81183 2.81183 2.81183 2.81183 2.81183 2.81183 2.81183 2.82330 3.09245 3.09718 3.09718 3.09718 3.09718 3.09718 3.09718 3.09718 3.09718 3.09718 3.09718 3.09718 3.09718 3.09718 3.09718
3.76850 3.76850 3.76850 3.76850 3.76850 3.76850 3.76850 3.76850 3.76850 3.76850 3.76842 4.42664 4.72108 4.68938 4.65769 4.62600 4.59430 4.56261 4.53092 4.49922 4.46748 4.43583 4.40414 4.37240 4.34075 4.32425 4.32425 4.32425 4.32425 4.32425 3.35454 2.81183 2.81183 2.81183 2.81183 2.81183 2.81183 2.81183 2.81183 2.81183 2.81183 2.81183 2.81183 2.81183 2.81183 2.81183 2.81183 2.81183 2.81183 2.81183 3.04199 3.09718 3.09718 3.09718 3.09718 3.09718 3.09718 3.09718 3.09718 3.09718 3.09718 3.09718 3.09718 3.09718 3.09718
3.75897 3.75563 3.75230 3.74896 3.74562 3.74229 3.73895 3.73561 3.73229 3.72894 3.72570 3.99276 4.32425 4.32425 4.32425 4.32425 4.32425 4.32425 4.32425 4.32425 4.32425 4.32425 4.32425 4.32425 4.32425 4.32425 4.32425 4.32425 4.32425 4.32425 3.68661 2.81183 2.81183 2.81183 2.81183 2.81183 2.81183 2.81183 2.81183 2.81183 2.81183 2.81183 2.81183 2.81183 2.81183 2.81183 2.81183 2.81183 2.81183 2.81183 2.98012 3.09718 3.09718 3.09718 3.09718 3.09718 3.09718 3.09718 3.09718 3.09718 3.09718 3.09718 3.09718 3.09718 3.09718
3.72470 3.72470 3.72470 3.72470 3.72470 3.72470 3.72470 3.72470 3.72470 3.72470 3.83992 4.55072 5.32120 5.60705 4.83237 4.32425 4.32425 4.32425 4.32425 4.32425 4.32425 4.32425 4.32425 4.32425 4.32425 4.32425 4.32425 4.32425 4.32425 4.32425 4.01883 2.81183 2.81183 2.81183 2.81183 2.81183 2.81183 2.81183 2.81183 2.81183 2.81183 2.81183 2.81183 2.81183 2.81183 2.81183 2.81183 2.81183 2.81183 2.81183 2.91830 3.09718 3.09718 3.09718 3.09718 3.09718 3.09718 3.09718 3.09718 3.09718 3.09718 3.09718 3.09718 3.09718 3.09718
3.72470 3.72470 3.72470 3.72470 3.72470 3.72470 3.91823 4.53214 4.98016 5.30628 5.52394 5.55780 5.84076 5.84925 5.35932 4.32425 4.32425 4.32425 4.32425 4.32425 4.32425 4.32425 4.32425 4.32425 4.32425 4.32425 4.32425 4.32425 4.32425 4.32425 4.29506 2.86779 2.81183 2.81183 2.81183 2.81183 2.81183 2.81183 2.81183 2.81183 2.81183 2.81183 2.81183 2.81183 2.81183 2.81183 2.81183 2.81183 2.81183 2.81183 2.85640 3.09718 3.09718 3.09718 3.09718 3.09718 3.09718 3.09718 3.09718 3.09718 3.09718 3.09718 3.09718 3.09718 3.09718
3.72470 3.72470 4.01247 4.61591 5.03973 5.35076 5.53836 5.54947 5.54947 5.54947 5.54947 5.54947 5.78201 5.84925 5.69464 4.32425 4.32425 4.32425 4.32425 4.32425 4.32425 4.32425 4.32425 4.32425 4.32425 4.32425 4.32425 4.32425 4.32425 4.32425 4.32425 3.17061 2.81183 2.81183 2.81183 2.81183 2.81183 2.81183 2.81183 2.81183 2.81183 2.81183 2.81183 2.81183 2.81183 2.81183 2.81183 2.81183 2.81183 2.81183 2.81334 3.07838 3.09718 3.09718 3.09718 3.09718 3.09718 3.09718 3.09718 3.09718 3.09718 3.09718 3.09718 3.12062 3.16808
5.09641 5.39338 5.54691 5.54947 5.54947 5.54947 5.54947 5.54947 5.54947 5.54947 5.54947 5.54947 5.71489 5.84925 5.84787 4.65055 4.32425 4.32425 4.32425 4.32425 4.32425 4.32425 4.32425 4.32425 4.32425 4.32425 4.32425 4.32425 4.32425 4.32425 4.32425 3.50277 2.81183 2.81183 2.81183 2.81183 2.81183 2.81183 2.81183 2.81183 2.81183 2.81183 2.81183 2.81183 2.81183 2.81372 2.86173 2.92745 2.99317 3.05953 3.12536 3.34734 3.45041 3.49778 3.54465 3.59220 3.63907 3.68645 3.73349 3.78070 3.82791 3.87512 3.92284 3.94627 3.94627
5.54947 5.54947 5.54947 5.54947 5.54947 5.54947 5.54947 5.54947 5.54947 5.54947 5.54947 5.54947 5.64786 5.84925 5.84925 5.22651 4.32425 4.32425 4.32425 4.32425 4.32425 4.32425 4.32425 4.32425 4.32425 4.32425 4.32425 4.32425 4.32425 4.32425 4.33931 3.89956 2.98657 3.05229 3.11833 3.18427 3.25020 3.31624 3.38196 3.44811 3.51414 3.57987 3.64591 3.71205 3.77777 3.84172 3.86006 3.86006 3.86006 3.86006 3.86006 3.90360 3.94627 3.94627 3.94627 3.94627 3.94627 3.94627 3.94627 3.94627 3.94627 3.94627 3.94627 3.94627 3.94627
