High_resolution/powerplant/Fengdu/OMI_NO2_201005.asc
ncols      200
nrows      200
xllcorner       105.978
yllcorner       28.1831
cellsize     0.0166667
NODATA_Value      -999.000
[rows 145 to 173 of 200, columns 65 to 129 of 200]
2.33782 2.33782 2.33782 2.33782 0.00000 0.00000 0.00000 0.00555024 0.00555024 0.00555024 0.00555024 0.00555024 0.00555024 0.00555024 0.00555024 0.00555024 0.00555024 0.00555024 0.00555024 0.00555024 0.00555024 0.00555024 0.00555024 0.00555024 0.00555024 0.00555024 0.951031 1.37055 1.37055 1.37055 1.37055 1.37055 1.37055 1.37055 1.37055 1.37055 1.37055 1.37055 1.37055 1.32008 1.11752 0.904734 0.691861 0.507242 0.482099 0.482099 0.482099 0.612987 1.31545 1.31545 1.31545 1.31545 1.31545 1.31545 1.31545 1.31545 1.31545 1.31545 1.31545 1.31545 1.31545 1.31545 1.31545 1.31545 1.31545
2.33782 2.33782 2.33782 2.33868 0.0771400 0.00555024 0.00555024 0.00555024 0.00555024 0.00555024 0.00555024 0.00555024 0.00555024 0.00555024 0.00555024 0.00555024 0.00555024 0.00555024 0.00555024 0.00555024 0.00555024 0.00555024 0.00555024 0.00555024 0.00555024 0.00555024 0.536943 1.37055 1.37055 1.37055 1.37055 1.37055 1.37055 1.37055 1.37055 1.29121 1.08038 0.867597 0.654724 0.492405 0.482099 0.482099 0.482099 0.482099 0.482099 0.482099 0.482099 0.482182 1.19597 1.31545 1.31545 1.31545 1.31545 1.31545 1.31545 1.31545 1.31545 1.31545 1.31545 1.31545 1.31545 1.31545 1.31545 1.31545 1.31545
2.37393 2.43514 2.49645 2.55696 0.544778 0.00555024 0.00555024 0.00555024 0.00555024 0.00555024 0.00555024 0.00555024 0.00555024 0.00555024 0.00555024 0.00555024 0.00555024 0.00555024 0.00555024 0.00555024 0.00555024 0.00555024 0.00555024 0.00555024 0.00555024 0.00555024 0.132358 1.36072 1.37055 1.37055 1.37037 1.25603 1.04324 0.830459 0.617587 0.484054 0.482099 0.482099 0.482099 0.482099 0.482099 0.482099 0.482099 0.482099 0.482099 0.482099 0.482099 0.482099 0.945331 1.31545 1.31545 1.31545 1.31545 1.31545 1.31545 1.31545 1.31545 1.31545 1.31545 1.31545 1.31545 1.31545 1.31545 1.26686 1.05118
2.57872 2.57872 2.57872 2.57872 1.33768 0.00555024 0.00555024 0.00555024 0.00555024 0.00555024 0.00555024 0.00555024 0.00555024 0.00555024 0.00555024 0.00555024 0.00555024 0.00555024 0.00555024 0.00555024 0.00555024 0.00555024 0.00555024 0.00555024 0.00555024 0.00555024 0.00760386 0.964838 1.00611 0.793233 0.580539 0.482099 0.482099 0.482099 0.482099 0.482099 0.482099 0.482099 0.482099 0.482099 0.482099 0.482099 0.482099 0.482099 0.482099 0.482099 0.482099 0.482099 0.694603 1.31545 1.31545 1.31545 1.31545 1.31545 1.31545 1.31545 1.31545 1.31545 1.31545 1.21264 0.983136 0.753232 0.523229 0.342012 0.327890
2.57872 2.57872 2.57872 2.57872 2.13030 0.00555024 0.00555024 0.00555024 0.00555024 0.00555024 0.00555024 0.00555024 0.00555024 0.00555024 0.00555024 0.00555024 0.00555024 0.00555024 0.00555024 0.00555024 0.00555024 0.00555024 0.00860786 0.0886080 0.201603 0.314507 0.425403 0.471578 0.482099 0.482099 0.482099 0.482099 0.482099 0.482099 0.482099 0.482099 0.482099 0.482099 0.482099 0.482099 0.482099 0.482099 0.482099 0.482099 0.482099 0.482099 0.482099 0.482099 0.497186 1.26212 1.31545 1.31545 1.31545 1.31545 1.30873 1.14490 0.915093 0.685189 0.455186 0.328186 0.327890 0.327890 0.327890 0.327890 0.327890
2.57872 2.57872 2.57872 2.57872 2.57692 0.351641 0.00555024 0.00555024 0.00555024 0.00555024 0.00555024 0.00555024 0.00555024 0.00555024 0.00555024 0.00555024 0.00555024 0.00555024 0.00979440 0.0931260 0.206121 0.319070 0.428962 0.461912 0.461912 0.461912 0.461912 0.465464 0.482099 0.482099 0.482099 0.482099 0.482099 0.482099 0.482099 0.482099 0.482099 0.482099 0.482099 0.482099 0.482099 0.482099 0.482099 0.482099 0.482099 0.482099 0.482099 0.482099 0.482099 1.02669 1.28227 1.07686 0.846951 0.617047 0.393957 0.327890 0.327890 0.327890 0.327890 0.327890 0.327890 0.327890 0.327890 0.327890 0.327890
2.57872 2.57872 2.57872 2.57872 2.57872 1.14303 0.00555024 0.00555024 0.00555024 0.00555024 0.00555024 0.00555024 0.00555024 0.00555024 0.0111178 0.0976896 0.210685 0.323634 0.432339 0.461912 0.461912 0.461912 0.461912 0.461912 0.461912 0.461912 0.461912 0.461930 0.479506 0.482099 0.482099 0.482099 0.482099 0.482099 0.482099 0.482099 0.482099 0.482099 0.482099 0.482099 0.482099 0.482099 0.482099 0.482099 0.482099 0.482099 0.512372 0.622517 0.736874 0.740261 0.352381 0.327890 0.327890 0.327890 0.327890 0.327890 0.327890 0.327890 0.327890 0.327890 0.327890 0.327890 0.327890 0.327890 0.327890
2.57872 2.57872 2.57872 2.57872 2.57872 1.93542 0.00555024 0.00555024 0.00555024 0.00555024 0.0126695 0.102253 0.215248 0.328152 0.435534 0.461912 0.461912 0.461912 0.461912 0.461912 0.461912 0.461912 0.461912 0.461912 0.461912 0.461912 0.461912 0.461912 0.473409 0.482099 0.482099 0.482099 0.482099 0.482099 0.482099 0.482099 0.482099 0.482099 0.482099 0.482099 0.482099 0.482099 0.527366 0.641034 0.755368 0.869749 0.953905 0.958094 0.958094 0.914303 0.337405 0.327890 0.327890 0.327890 0.327890 0.327890 0.327890 0.327890 0.327890 0.327890 0.327890 0.327890 0.327890 0.327890 0.327890
2.57872 2.57872 2.57872 2.57872 2.57872 2.54038 0.202714 0.106771 0.219766 0.332716 0.438546 0.461912 0.461912 0.461912 0.461912 0.461912 0.461912 0.461912 0.461912 0.461912 0.461912 0.461912 0.461912 0.461912 0.461912 0.461912 0.461912 0.461912 0.467296 0.482099 0.482099 0.482099 0.482099 0.482099 0.482099 0.482099 0.482099 0.482242 0.545168 0.659550 0.773931 0.888313 0.957380 0.958094 0.958094 0.958094 0.958094 0.958094 0.958094 0.958094 0.482054 0.327890 0.327890 0.327890 0.327890 0.327890 0.327890 0.327890 0.327890 0.327890 0.327890 0.327890 0.327890 0.327890 0.327890
2.57872 2.57872 2.55935 2.29250 1.95033 1.60815 0.773690 0.461912 0.461912 0.461912 0.461912 0.461912 0.461912 0.461912 0.461912 0.461912 0.461912 0.461912 0.461912 0.461912 0.461912 0.461912 0.461912 0.461912 0.461912 0.461912 0.461912 0.461912 0.462352 0.480924 0.482099 0.482099 0.482099 0.484717 0.563645 0.678018 0.792448 0.906639 0.958094 0.958094 0.958094 0.958094 0.958094 0.958094 0.958094 0.958094 0.958094 0.958094 0.958094 0.958094 0.670400 0.327890 0.327890 0.327890 0.327890 0.327890 0.327890 0.327890 0.327890 0.327890 0.327890 0.327890 0.327890 0.327890 0.327890
1.97454 1.63210 1.30929 1.23370 1.23370 1.23370 0.981042 0.461912 0.461912 0.461912 0.461912 0.461912 0.461912 0.461912 0.461912 0.461912 0.461912 0.461912 0.461912 0.461912 0.461912 0.461912 0.461912 0.461912 0.461912 0.461912 0.461912 0.461912 0.461912 0.483244 0.582201 0.696582 0.810916 0.922727 0.958094 0.958094 0.958094 0.958094 0.958094 0.958094 0.958094 0.958094 0.958094 0.958094 0.958094 0.958094 0.958094 0.958094 0.958094 0.958094 0.858667 0.327890 0.327890 0.327890 0.327890 0.327890 0.327890 0.327890 0.327890 0.327890 0.327890 0.327847 0.322933 0.314677 0.306429
1.23370 1.23370 1.23370 1.23370 1.23370 1.23370 1.19551 0.484137 0.461912 0.461912 0.461912 0.461912 0.461912 0.461912 0.461912 0.461912 0.461912 0.461912 0.461912 0.461912 0.461912 0.461912 0.461912 0.461912 0.461912 0.481815 0.660490 0.874125 1.08776 1.15470 0.958094 0.958094 0.958094 0.958094 0.958094 0.958094 0.958094 0.958094 0.958094 0.958094 0.958094 0.958094 0.958094 0.958094 0.958094 0.958094 0.958094 0.958094 0.958094 0.958094 0.958031 0.416928 0.327890 0.327890 0.327890 0.327890 0.327890 0.327218 0.320426 0.312174 0.303926 0.295717 0.292382 0.292382 0.292382
1.23370 1.23370 1.23370 1.23370 1.23370 1.23370 1.23370 0.682732 0.461912 0.461912 0.461912 0.461912 0.461912 0.461912 0.461912 0.461912 0.461912 0.461912 0.461912 0.461912 0.461912 0.486831 0.671566 0.885200 1.09883 1.29248 1.32718 1.32718 1.32718 1.30149 0.963925 0.958094 0.958094 0.958094 0.958094 0.958094 0.958094 0.958094 0.958094 0.958094 0.958094 0.958094 0.958094 0.958094 0.958094 0.958094 0.958094 0.958094 0.958094 0.958094 0.958094 0.605179 0.327890 0.325827 0.317923 0.309674 0.301423 0.293842 0.292382 0.292382 0.292382 0.292382 0.292382 0.292382 0.292382
1.23370 1.23370 1.23370 1.23370 1.23370 1.23370 1.23370 0.919338 0.461912 0.461912 0.461912 0.461912 0.461912 0.461912 0.461912 0.461912 0.461912 0.492282 0.682901 0.896102 1.10991 1.29862 1.32718 1.32718 1.32718 1.32718 1.32718 1.32718 1.32718 1.32718 1.05027 0.958094 0.958094 0.958094 0.958094 0.958094 0.958094 0.958094 0.958094 0.958094 0.958094 0.958094 0.958094 0.958094 0.958094 0.958094 0.958094 0.958094 0.958094 0.958094 0.958094 0.654446 0.298919 0.292734 0.292382 0.292382 0.292382 0.292382 0.292382 0.292382 0.292382 0.292382 0.292382 0.292382 0.292382
1.23370 1.23370 1.23370 1.23370 1.23370 1.23370 1.23370 1.15260 0.465462 0.461912 0.461912 0.461912 0.461912 0.498426 0.693976 0.907351 1.12081 1.30416 1.32718 1.32718 1.32718 1.32718 1.32718 1.32718 1.32718 1.32718 1.32718 1.32718 1.32718 1.32718 1.16225 0.958094 0.958094 0.958094 0.958094 0.958094 0.958094 0.958094 0.958094 0.958094 0.958094 0.958094 0.958094 0.958094 0.958094 0.958094 0.958094 0.958094 0.958094 0.958094 0.00000 0.292382 0.292382 0.292382 0.292382 0.292382 0.292382 0.292382 0.292382 0.292382 0.292382 0.292382 0.292382 0.292382 0.292382
1.23370 1.23370 1.23370 1.23370 1.23370 1.23370 1.23370 1.23370 0.621023 0.505348 0.704965 0.918599 1.13189 1.30901 1.32718 1.32718 1.32718 1.32718 1.32718 1.32718 1.32718 1.32718 1.32718 1.32718 1.32718 1.32718 1.32718 1.32718 1.32718 1.32718 1.27422 0.958131 0.958094 0.958094 0.958094 0.958094 0.958094 0.958094 0.958094 0.958094 0.958094 0.958094 0.958094 0.958094 0.958094 0.00000 0.00000 0.00000 0.00000 0.00000 0.00000 0.00000 0.292382 0.292382 0.292382 0.292382 0.292382 0.292382 0.292382 0.292382 0.292382 0.292382 0.292382 0.292382 0.292382
1.23370 1.23370 1.23370 1.23370 1.23370 1.19895 1.01977 0.824438 0.888246 1.31316 1.32718 1.32718 1.32718 1.32718 1.32718 1.32718 1.32718 1.32718 1.32718 1.32718 1.32718 1.32718 1.32718 1.32718 1.32718 1.32718 1.32718 1.32718 1.32718 1.32718 1.32718 1.01722 0.958094 0.958094 0.958094 0.958094 0.958094 0.958094 0.958094 0.958094 0.958094 0.00000 0.00000 0.00000 0.00000 0.00000 0.00000 0.00000 0.00000 0.00000 0.00000 0.00000 0.292382 0.292382 0.292382 0.292382 0.292382 0.292382 0.292382 0.292382 0.292382 0.292382 0.292382 0.292382 0.292382
1.23370 1.20655 1.03319 0.837897 0.642833 0.482517 0.466638 0.466638 0.622490 1.32718 1.32718 1.32718 1.32718 1.32718 1.32718 1.32718 1.32718 1.32718 1.32718 1.32718 1.32718 1.32718 1.32718 1.32718 1.32718 1.32718 1.32718 1.32718 1.32718 1.32718 1.32718 1.12918 0.958094 0.958094 0.958094 0.958094 0.958094 0.00000 0.00000 0.00000 0.00000 0.00000 0.00000 0.00000 0.00000 0.00000 0.00000 0.00000 0.00000 0.00000 0.00000 0.00000 0.292382 0.292382 0.292382 0.292382 0.292382 0.292382 0.292382 0.292382 0.292382 0.292382 0.292382 0.292382 0.292805
0.656257 0.488423 0.466638 0.466638 0.466638 0.466638 0.466638 0.466638 0.467671 1.21855 1.32718 1.32718 1.32718 1.32718 1.32718 1.32718 1.32718 1.32718 1.32718 1.32718 1.32718 1.32718 1.32718 1.32718 1.32718 1.32718 1.32718 1.32718 1.30028 1.18062 1.05305 0.928181 0.958094 0.00000 0.00000 0.00000 0.00000 0.00000 0.00000 0.00000 0.00000 0.00000 0.00000 0.00000 0.00000 0.00000 0.00000 0.00000 0.00000 0.00000 0.00000 0.00000 0.00000 0.292382 0.292382 0.292382 0.292382 0.292382 0.292382 0.292382 0.294107 0.303280 0.313311 0.323342 0.332959
0.466638 0.466638 0.466638 0.466638 0.466638 0.466638 0.466638 0.466638 0.466638 0.956014 1.32718 1.32718 1.32718 1.32718 1.32718 1.32718 1.32718 1.32718 1.32718 1.32718 1.32718 1.32718 1.32718 1.32718 1.29620 1.17442 1.04686 0.919504 0.818837 0.810938 0.810938 0.810938 0.810938 0.00000 0.00000 0.00000 0.00000 0.00000 0.00000 0.00000 0.00000 0.00000 0.00000 0.00000 0.00000 0.00000 0.00000 0.00000 0.00000 0.00000 0.00000 0.00000 0.00000 0.292382 0.292382 0.292382 0.296288 0.306258 0.316289 0.326320 0.334631 0.335489 0.335489 0.335489 0.335489
0.466638 0.466638 0.466638 0.466638 0.466638 0.466638 0.466638 0.466638 0.466638 0.692254 1.32718 1.32718 1.32718 1.32718 1.32718 1.32718 1.32718 1.32718 1.32718 1.32718 1.29182 1.16823 1.04087 0.913360 0.816720 0.810938 0.810938 0.810938 0.810938 0.810938 0.810938 0.810938 0.810938 0.00000 0.00000 0.00000 0.00000 0.00000 0.00000 0.00000 0.00000 0.00000 0.00000 0.00000 0.00000 0.00000 0.00000 0.00000 0.00000 0.00000 0.00000 0.625458 0.625458 0.519400 0.319264 0.329299 0.335420 0.335489 0.335489 0.335489 0.335489 0.335489 0.335489 0.335489 0.335489
0.466638 0.466638 0.466638 0.466638 0.466638 0.466638 0.466638 0.466638 0.466638 0.483333 1.27253 1.32718 1.32718 1.32718 1.32718 1.32718 1.28701 1.16224 1.03468 0.907166 0.814965 0.810938 0.810938 0.810938 0.810938 0.810938 0.810938 0.810938 0.810938 0.810938 0.810938 0.810938 0.810938 0.00000 0.00000 0.00000 0.00000 0.00000 0.00000 0.00000 0.00000 0.00000 0.00000 0.00000 0.00000 0.00000 0.00000 0.625458 0.625458 0.625458 0.625458 0.625458 0.625458 0.625255 0.373431 0.335489 0.335489 0.335489 0.335489 0.335489 0.335489 0.335489 0.335489 0.335489 0.335489
0.466638 0.466638 0.466638 0.466638 0.466638 0.466638 0.466638 0.466638 0.466638 0.466638 1.02570 1.32718 1.28201 1.15610 1.02848 0.900971 0.813675 0.810938 0.810938 0.810938 0.810938 0.810938 0.810938 0.810938 0.810938 0.810938 0.810938 0.810938 0.810938 0.810938 0.810938 0.810938 0.810938 0.810938 0.00000 0.00000 0.00000 0.00000 0.00000 0.00000 0.00000 0.00000 0.00000 0.625458 0.625458 0.625458 0.625458 0.625458 0.625458 0.625458 0.625458 0.625458 0.625458 0.625458 0.459865 0.335489 0.335489 0.335489 0.335489 0.335489 0.335489 0.335489 0.335489 0.335489 0.335489
0.466638 0.466638 0.466638 0.466638 0.466638 0.466638 0.466638 0.466638 0.508699 0.632216 0.856081 0.894931 0.812590 0.810938 0.810938 0.810938 0.810938 0.810938 0.810938 0.810938 0.810938 0.810938 0.810938 0.810938 0.810938 0.810938 0.810938 0.810938 0.810938 0.810938 0.810938 0.810938 0.810938 0.810938 0.00000 0.00000 0.00000 0.00000 0.00000 0.625458 0.625458 0.625458 0.625458 0.625458 0.625458 0.625458 0.625458 0.625458 0.625458 0.625458 0.625458 0.625458 0.625458 0.625458 0.546515 0.335489 0.335489 0.335489 0.335489 0.335489 0.335489 0.335489 0.335489 0.335489 0.335489
0.466638 0.466638 0.466638 0.466638 0.502281 0.623971 0.749463 0.874814 0.958335 0.960309 0.951404 0.814121 0.810938 0.810938 0.810938 0.810938 0.810938 0.810938 0.810938 0.810938 0.810938 0.810938 0.810938 0.810938 0.810938 0.810938 0.810938 0.810938 0.810938 0.810938 0.810938 0.810938 0.810938 0.810938 0.00000 0.625458 0.625458 0.625458 0.625458 0.625458 0.625458 0.625458 0.625458 0.625458 0.625458 0.625458 0.625458 0.625458 0.625458 0.625458 0.625458 0.625458 0.625458 0.625458 0.618151 0.350535 0.335489 0.335489 0.335489 0.335489 0.335489 0.335489 0.335489 0.335489 0.335489
0.496357 0.615727 0.741218 0.866719 0.956459 0.960309 0.960309 0.960309 0.960309 0.960309 0.960309 0.850811 0.810938 0.810938 0.810938 0.810938 0.810938 0.810938 0.810938 0.810938 0.810938 0.810938 0.810938 0.810938 0.810938 0.810938 0.810938 0.810938 0.810938 0.810938 0.810938 0.790221 0.737600 0.676775 0.625395 0.625458 0.625458 0.625458 0.625458 0.625458 0.625458 0.625458 0.625458 0.625458 0.625458 0.625458 0.625458 0.625458 0.625458 0.625458 0.625458 0.625458 0.625458 0.625458 0.625458 0.429864 0.335489 0.335489 0.335489 0.335489 0.335489 0.335489 0.335489 0.418162 0.702843
0.954237 0.960309 0.960309 0.960309 0.960309 0.960309 0.960309 0.960309 0.960309 0.960309 0.960309 0.896434 0.810938 0.810938 0.810938 0.810938 0.810938 0.810938 0.810938 0.810938 0.810938 0.810938 0.810938 0.810938 0.810938 0.810938 0.810938 0.787645 0.734852 0.681845 0.628795 0.596570 0.596248 0.596248 0.620089 0.625458 0.625458 0.625458 0.625458 0.625458 0.625458 0.625458 0.625458 0.625458 0.625458 0.625458 0.625458 0.625458 0.625458 0.625458 0.625458 0.625458 0.625458 0.625458 0.625458 0.516546 0.335489 0.335489 0.335868 0.497549 0.791457 1.08549 1.37915 1.59038 1.59961
0.960309 0.960309 0.960309 0.960309 0.960309 0.960309 0.960309 0.960309 0.960309 0.960309 0.960309 0.941857 0.811162 0.810938 0.810938 0.810938 0.810938 0.810938 0.810938 0.810938 0.810938 0.810938 0.810938 0.785004 0.732040 0.679097 0.626090 0.596334 0.596248 0.596248 0.596248 0.596248 0.596248 0.596248 0.611265 0.625458 0.625458 0.625458 0.625458 0.625458 0.625458 0.625458 0.625458 0.625458 0.625458 0.625458 0.625458 0.625458 0.625458 0.625458 0.625458 0.625458 0.625458 0.625458 0.625458 0.595749 0.873939 1.17398 1.46751 1.59961 1.59961 1.59961 1.59961 1.59961 1.59961
0.960309 0.960309 0.960309 0.960309 0.960309 0.960309 0.960309 0.960309 0.960309 0.960309 0.960309 0.960309 0.838279 0.810938 0.810938 0.810938 0.810938 0.810938 0.810896 0.782277 0.729249 0.676349 0.623342 0.596248 0.596248 0.596248 0.596248 0.596248 0.596248 0.596248 0.596248 0.596248 0.596248 0.596248 0.602447 0.625458 0.625458 0.625458 0.625458 0.625458 0.625458 0.625458 0.625458 0.625458 0.625458 0.625458 0.625458 0.625458 0.625458 0.625458 0.625458 0.625458 0.625458 0.625458 0.625458 0.00000 1.59961 1.59961 1.59961 1.59961 1.59961 1.59961 1.59961 1.59961 1.59961
