High_resolution/powerplant/Fengdu/OMI_NO2_200710.asc
ncols      200
nrows      200
xllcorner       105.978
yllcorner       28.1831
cellsize     0.0166667
NODATA_Value      -999.000
[rows 0 to 28 of 200, columns 0 to 65 of 200]
0.00000 0.00000 0.00000 2.89887 2.89887 2.89887 2.89887 2.89887 2.89887 2.89887 2.89887 2.89887 2.89887 2.89887 2.89887 2.89887 2.89887 2.89887 2.89887 0.00000 0.00000 0.00000 0.00000 0.00000 0.00000 0.00000 0.00000 0.00000 0.00000 0.00000 0.00000 0.00000 0.00000 0.264824 0.00000 2.38405 2.38405 2.38405 2.38405 2.38405 2.38405 2.38405 2.38405 2.38405 2.38405 2.38405 2.38405 2.38405 2.38405 2.38405 2.38405 2.38405 4.02402 4.02402 4.02402 4.02402 4.02402 4.02402 4.02402 3.25512 1.69497 1.69497 1.69497 1.69497 1.69497 1.69497
0.00000 0.00000 0.00000 2.89887 2.89887 2.89887 2.89887 2.89887 2.89887 2.89887 2.89887 2.89887 2.89887 2.89887 2.89887 2.89887 2.89887 2.89887 2.89887 0.00000 0.00000 0.00000 0.00000 0.00000 0.00000 0.00000 0.264824 0.264824 0.264824 0.264824 0.264824 0.264824 0.264824 0.264824 0.264824 2.38405 2.38405 2.38405 2.38405 2.38405 2.38405 2.38405 2.38405 2.38405 2.38405 2.38405 2.38405 2.39819 2.60903 2.81816 2.97343 3.09315 3.86498 4.02402 4.02402 4.02402 4.02402 4.02402 4.02402 3.89103 1.74365 1.69497 1.69497 1.69497 1.69497 1.69497
0.00000 0.00000 0.00000 2.89887 2.89887 2.89887 2.89887 2.89887 2.89887 2.89887 2.89887 2.89887 2.89887 2.89887 2.89887 2.89887 2.89887 2.89887 2.89887 2.87639 0.264824 0.264824 0.264824 0.264824 0.264824 0.264824 0.264824 0.264824 0.264824 0.264824 0.264824 0.264824 0.264824 0.264824 0.264824 2.38405 2.38405 2.38405 2.38405 2.38405 2.38405 2.38405 2.39010 2.60659 2.81549 2.97073 3.09148 3.18314 3.20403 3.20403 3.20403 3.20403 3.60236 4.02402 4.02402 4.02402 4.02402 4.02402 4.02402 4.02402 2.29516 1.69497 1.69497 1.69497 1.69497 1.69497
0.00000 0.00000 0.00000 2.89887 2.89887 2.89887 2.89887 2.89887 2.89887 2.89887 2.89887 2.89887 2.89887 2.83082 2.59856 2.35898 2.11956 1.87998 1.64041 0.658194 0.264824 0.264824 0.264824 0.264824 0.264824 0.264824 0.264824 0.264824 0.264824 0.264824 0.264824 0.264824 0.264824 0.264824 0.264824 0.00000 2.38405 2.38405 2.38405 2.38405 2.38405 2.38405 2.39674 3.16620 3.20403 3.20403 3.20403 3.20403 3.20403 3.20403 3.20403 3.20403 3.41483 4.02402 4.02402 4.02402 4.02402 4.02402 4.02402 4.02402 2.97944 1.69497 1.69497 1.69497 1.69497 1.69497
0.00000 0.00000 0.00000 0.00000 2.89887 2.89887 2.88043 2.68520 2.44562 2.20620 1.96679 1.72705 1.48779 1.31625 1.30910 1.30910 1.30910 1.30910 1.30910 0.883661 0.264824 0.264824 0.264824 0.264824 0.264824 0.264824 0.264824 0.264824 0.264824 0.264824 0.264824 0.264824 0.264824 0.264824 0.264824 0.00000 2.38405 2.38405 2.38405 2.38405 2.38405 2.38405 2.38405 3.01325 3.20403 3.20403 3.20403 3.20403 3.20403 3.20424 3.23123 3.28099 3.41991 4.02402 4.02402 4.02402 4.02402 4.02402 4.02402 4.02402 3.66359 1.69497 1.69497 1.69497 1.69497 1.69497
0.00000 0.00000 0.00000 0.00000 1.85589 1.57443 1.35329 1.30910 1.30910 1.30910 1.30910 1.30910 1.30910 1.30910 1.30910 1.30910 1.30910 1.30910 1.30910 1.16208 0.264824 0.264824 0.264824 0.264824 0.264824 0.264824 0.264824 0.264824 0.264824 0.264824 0.264824 0.264824 0.264824 0.264824 0.264824 0.264824 2.38405 2.38405 2.38405 2.38405 2.38405 2.38405 2.38405 2.91053 3.42161 3.49725 3.58487 3.68737 3.80924 3.95535 4.02402 4.02402 4.02402 4.02402 4.02402 4.02402 4.02402 4.02402 4.02402 4.02402 4.02378 2.01918 1.69497 1.69497 1.69497 1.69461
0.00000 0.00000 0.00000 0.00000 1.30910 1.30910 1.30910 1.30910 1.30910 1.30910 1.30910 1.30910 1.30910 1.30910 1.30910 1.30910 1.30910 1.30910 1.30910 1.30899 0.395776 0.264824 0.264824 0.264824 0.264824 0.264824 0.264824 0.264824 0.264824 0.264824 0.264824 0.285897 0.482267 0.679908 0.843963 1.54531 2.59018 2.40159 2.38405 2.38405 2.38405 0.00000 0.00000 4.02402 4.02402 4.02402 4.02402 4.02402 4.02402 4.02402 4.02402 4.02402 4.02402 4.02402 4.02402 4.02402 4.02402 4.02402 4.02402 4.02402 4.02405 2.69397 1.65704 1.63648 1.61594 1.59576
0.00000 0.00000 0.00000 0.00000 0.00000 1.30910 1.30910 1.30910 1.30910 1.30910 1.30910 1.30910 1.30910 1.30910 1.30910 1.30910 1.30910 1.30910 1.30910 1.30910 0.673675 0.264824 0.270651 0.439319 0.644991 0.814526 0.957717 1.07907 1.18391 1.27532 1.35558 1.42129 1.43321 1.43321 1.43321 1.69834 2.60159 2.60159 0.00000 0.00000 0.00000 0.00000 0.00000 0.00000 4.02402 4.02402 4.02402 4.02402 4.02402 4.02402 4.02402 4.02402 4.02402 4.02402 4.02402 4.02405 4.02452 4.02514 4.02575 4.02637 4.02696 3.36117 1.58902 1.58902 1.58902 1.58902
0.00000 0.00000 0.00000 0.00000 0.00000 1.30910 1.30910 1.30910 1.30910 1.30910 1.30910 1.30910 1.30910 1.30910 1.30910 1.30910 1.30910 1.30910 1.30910 1.30910 0.951956 0.995014 1.41216 1.43321 1.43321 1.43321 1.43321 1.43321 1.43321 1.43321 1.46372 1.55886 1.67201 1.80674 1.97037 2.22982 2.60159 2.60159 0.00000 0.00000 0.00000 0.00000 0.00000 0.00000 4.02402 4.02402 4.02402 4.02402 4.02402 4.02402 4.02404 4.02451 4.02513 4.02575 4.02637 4.02696 4.02710 4.02710 4.02710 4.02710 4.02710 3.96127 1.70581 1.58902 1.58902 1.58902
0.00000 0.00000 0.00000 0.00000 0.00000 1.30910 1.30910 1.30910 1.30910 1.30910 1.30910 1.30910 1.30910 1.30910 1.30910 1.30910 1.30910 1.30910 1.30910 1.30910 1.22356 0.788416 1.43321 1.45584 1.54735 1.65816 1.79053 1.94995 2.14719 2.39672 2.59716 2.60159 2.60159 2.60159 2.60159 2.60159 2.60159 2.60159 0.00000 0.00000 0.00000 0.00000 0.00000 0.00000 4.02402 4.02404 4.02451 4.02513 4.02575 4.02636 4.02695 4.02710 4.02710 4.02710 4.02710 4.02710 4.02710 4.02710 4.02710 4.02710 4.02710 4.02710 2.35671 1.58902 1.58902 1.58902
0.00000 0.00000 0.00000 0.00000 0.00000 1.30910 1.30910 1.30910 1.30910 1.30910 1.30910 1.30910 1.30910 1.30910 1.30910 1.30910 1.30910 1.30910 1.30910 1.30910 1.30910 0.769983 2.36180 2.58904 2.60159 2.60159 2.60159 2.60159 2.60159 2.60159 2.60159 2.60159 2.60159 2.60159 2.60159 2.60159 2.60159 2.60159 2.60159 0.00000 0.00000 0.00000 0.00000 0.00000 0.00000 4.02694 4.02710 4.02710 4.02710 4.02710 4.02710 4.02710 4.02710 4.02710 4.02710 4.02710 4.02710 4.02710 4.02710 4.02710 4.02710 4.02710 3.07259 1.58902 1.58902 1.58902
0.00000 0.00000 0.00000 0.00000 0.00000 0.00000 1.30910 1.30910 1.30910 1.30910 1.30910 1.30910 1.30910 1.30910 1.30910 1.30910 1.30910 0.00000 0.00000 0.00000 0.00000 0.00000 2.60159 2.60159 2.60159 2.60159 2.60159 2.60159 2.60159 2.60159 2.60159 2.60159 2.60159 2.60159 2.60159 2.60159 2.60159 2.60159 2.60159 0.00000 0.00000 0.00000 0.00000 0.00000 0.00000 4.02710 4.02710 4.02710 4.02710 4.02710 4.02710 4.02710 4.02710 4.02710 4.02710 4.02710 4.02710 4.02710 4.02710 4.02710 4.02710 4.02710 3.77920 1.59926 1.58902 1.58902
0.00000 0.00000 0.00000 0.860165 0.860165 0.860165 1.09921 1.30910 1.30910 1.30910 0.00000 0.00000 0.00000 0.00000 0.00000 0.00000 0.00000 0.00000 0.00000 0.00000 0.00000 0.00000 2.60159 2.60159 2.60159 2.60159 2.60159 2.60159 2.60159 2.60159 2.60159 2.60159 2.60159 2.60159 2.60159 2.60159 2.60159 2.60159 2.60159 0.00000 0.00000 0.00000 0.00000 0.00000 0.00000 4.02710 4.02710 4.02710 4.02710 4.02710 4.02710 4.02710 4.02710 4.02710 4.02710 4.02710 4.02710 4.02710 4.02710 4.02710 4.02710 4.02710 4.02710 2.06737 1.58902 1.58902
0.860165 0.860165 0.860165 0.860165 0.860165 0.860165 0.860165 0.00000 0.00000 0.00000 0.00000 0.00000 0.00000 0.00000 0.00000 0.00000 0.00000 0.00000 0.00000 0.00000 0.00000 0.00000 2.60159 2.60159 2.60159 2.60159 2.60159 2.60159 2.60159 2.60159 2.60159 2.60159 2.60159 2.60159 2.60159 2.60159 2.60159 2.60159 2.60159 0.00000 0.00000 0.00000 0.00000 0.00000 0.00000 4.02710 4.02710 4.02710 4.02710 4.02710 4.02710 4.02710 4.02710 4.02710 4.02710 4.02710 4.02710 4.02710 4.02710 4.02710 4.02710 4.02710 4.02710 2.80169 1.88045 2.24134
0.860165 0.860165 0.860165 0.860165 0.860165 0.860165 0.860165 0.860165 0.00000 0.00000 0.00000 0.00000 0.00000 0.00000 0.00000 0.00000 0.00000 0.00000 0.00000 0.00000 0.00000 0.00000 2.60159 2.60159 2.60159 2.60159 2.60159 2.60159 2.60159 2.60159 2.60159 2.60159 2.60159 2.60159 2.60159 2.60159 0.00000 0.00000 0.00000 0.00000 0.00000 0.00000 0.00000 0.00000 0.00000 0.00000 4.02710 4.02710 4.02710 4.02710 4.02710 4.02710 4.02710 4.02710 4.02710 4.02710 4.02710 4.02710 4.02481 3.98750 3.93832 3.88913 3.83994 3.71987 3.44642 3.44642
0.860165 0.860165 0.860165 0.860165 0.860165 0.860165 0.860165 0.860165 0.00000 0.00000 0.00000 0.00000 0.00000 0.00000 0.00000 0.00000 0.00000 0.00000 0.00000 0.00000 0.00000 0.00000 0.00000 2.60159 2.60159 2.60159 2.60159 0.00000 0.00000 0.00000 0.00000 0.00000 0.00000 0.00000 0.00000 0.00000 0.00000 0.00000 0.00000 0.00000 0.00000 0.00000 0.00000 0.00000 0.00000 0.00000 4.02710 4.02710 4.02710 4.02710 4.02710 4.02710 4.02710 4.02496 3.98800 3.93881 3.88962 3.84043 3.79311 3.78116 3.78116 3.78116 3.78116 3.77832 3.47461 3.44642
0.860165 0.860165 0.860165 0.860165 0.860165 0.860165 0.860165 0.860165 0.00000 0.00000 0.00000 0.00000 0.00000 0.00000 0.00000 0.00000 0.00000 0.00000 0.00000 0.00000 0.00000 0.00000 0.00000 0.00000 0.00000 0.00000 0.00000 0.00000 0.00000 0.00000 0.00000 0.00000 0.00000 0.00000 0.00000 0.00000 0.00000 0.00000 0.00000 0.00000 0.00000 0.00000 0.00000 0.00000 0.00000 0.00000 4.02710 4.02710 4.02511 3.98849 3.93930 3.89011 3.84075 3.79338 3.78116 3.78116 3.78116 3.78116 3.78116 3.78116 3.78116 3.78116 3.78116 3.78116 3.56971 3.44642
0.860165 0.860165 0.860165 0.860165 0.860165 0.860165 0.860165 0.860165 0.00000 0.00000 0.00000 0.00000 0.00000 0.00000 0.00000 0.00000 0.00000 0.00000 0.00000 0.00000 0.00000 0.00000 0.00000 0.00000 0.00000 0.00000 0.00000 0.00000 0.00000 0.00000 0.00000 0.00000 0.00000 0.00000 0.00000 0.00000 0.00000 0.00000 0.00000 0.00000 0.00000 0.00000 0.00000 6.94586 6.94586 6.94586 6.94586 4.44291 3.79373 3.78116 3.78116 3.78116 3.78116 3.78116 3.78116 3.78116 3.78116 3.78116 3.78116 3.78116 3.78116 3.78116 3.78116 3.78116 3.66762 3.44642
0.860165 0.860165 0.860165 0.860165 0.860165 0.860165 0.860165 0.860165 0.860165 0.00000 0.00000 0.00000 0.00000 0.00000 0.00000 0.00000 0.00000 0.00000 0.00000 0.00000 0.00000 0.00000 0.00000 0.00000 0.00000 0.00000 0.00000 0.00000 0.00000 0.00000 0.00000 0.00000 0.00000 0.00000 0.00000 0.00000 0.00000 0.00000 0.00000 6.94586 6.94586 6.94586 6.94586 6.94586 6.94586 6.94586 6.94586 5.43758 3.78116 3.78116 3.78116 3.78116 3.78116 3.78116 3.78116 3.78116 3.78116 3.77703 3.66023 3.51562 3.39393 3.29002 3.20052 3.12239 3.04096 2.80777
0.860165 0.860165 0.860165 0.860165 0.860165 0.860165 0.860165 0.860165 0.860165 0.00000 0.00000 0.00000 0.00000 0.00000 0.00000 0.00000 0.00000 0.00000 0.00000 0.00000 0.00000 0.00000 0.00000 0.00000 0.00000 0.00000 0.00000 0.00000 0.00000 0.00000 0.00000 0.00000 0.00000 0.00000 6.94586 6.94586 6.94586 6.94586 6.94586 6.94586 6.94586 6.94586 6.94586 6.94586 6.94586 6.94586 6.94586 6.37800 3.73626 3.51883 3.32107 3.15499 3.01378 2.89235 2.78662 2.69391 2.78177 2.89518 2.88092 2.88092 2.88092 2.88092 2.88092 2.88092 2.88092 2.75465
0.860165 0.860165 0.860165 0.860165 0.860165 0.860165 0.860165 0.00000 0.00000 0.00000 0.00000 0.00000 0.00000 0.00000 0.00000 0.00000 0.00000 0.00000 0.00000 0.00000 0.00000 0.00000 0.00000 0.00000 0.00000 0.00000 0.00000 0.00000 0.00000 0.00000 6.94586 6.94586 6.94586 6.94586 6.94586 6.94586 6.94586 6.94586 6.94586 6.94586 6.52729 5.79418 5.43640 5.13053 4.86694 4.63703 4.43457 4.25271 2.71999 2.52505 2.52505 2.52505 2.52505 2.52505 2.52505 2.52505 2.62068 2.88092 2.88092 2.88092 2.88092 2.88092 2.88092 2.88092 2.88092 2.80362
0.860165 0.00000 0.00000 0.00000 0.00000 0.00000 0.00000 0.00000 0.00000 0.00000 0.00000 0.00000 0.00000 0.00000 0.00000 0.00000 0.00000 0.00000 0.00000 0.00000 0.00000 0.00000 0.00000 0.00000 0.00000 0.00000 0.00000 0.00000 0.00000 0.00000 6.94586 6.94586 6.94586 6.94586 6.94586 6.94586 6.94586 6.94586 6.94586 6.94586 5.60247 4.10740 4.10740 4.10740 4.10740 4.10740 4.10740 4.10740 3.18103 2.52505 2.52505 2.52505 2.52505 2.52505 2.52505 2.52505 2.54085 2.87407 2.88092 2.88092 2.88092 2.87006 2.69299 2.45954 2.22610 2.10220
0.00000 0.00000 0.00000 0.00000 0.00000 0.00000 0.00000 0.00000 0.00000 0.00000 0.00000 0.00000 0.00000 0.00000 0.00000 0.00000 0.00000 0.00000 0.00000 0.00000 0.00000 0.00000 0.00000 0.00000 0.00000 0.00000 0.00000 0.00000 0.00000 0.00000 6.94586 6.94586 6.94586 6.94586 6.94586 6.94586 6.94586 6.94586 6.94586 6.94586 6.56952 4.11765 4.10740 4.10740 4.10740 4.10740 4.10740 4.10740 3.65137 2.52505 2.52505 2.52505 2.52505 2.52505 2.52505 2.52505 2.51420 2.61545 2.45954 2.22610 1.99265 1.77006 1.71368 1.71368 1.71368 1.71455
0.00000 0.00000 0.00000 0.00000 0.00000 0.00000 0.00000 0.00000 0.00000 0.00000 0.00000 0.00000 0.00000 0.00000 0.00000 0.00000 0.00000 0.00000 0.00000 0.00000 0.00000 0.00000 0.00000 0.00000 0.00000 0.00000 0.00000 0.00000 0.00000 0.00000 6.94586 6.94586 6.94586 6.94586 6.94586 6.94586 6.94586 6.94586 6.94586 6.94586 6.94586 4.39224 4.10740 4.10740 4.10740 4.10740 4.10740 4.10740 4.05534 2.59104 2.52505 2.51420 2.33713 2.10368 1.87023 1.63678 1.41419 1.54947 1.71368 1.71368 1.71368 1.71368 1.71368 1.71368 1.71368 1.71368
0.00000 0.00000 0.00000 0.00000 0.00000 0.00000 0.00000 0.00000 0.00000 0.00000 0.00000 0.00000 0.00000 0.00000 0.00000 0.00000 0.00000 0.00000 0.00000 0.00000 0.00000 0.00000 0.00000 0.00000 0.00000 0.00000 0.00000 0.00000 0.00000 0.00000 0.00000 6.94586 6.94586 6.94586 6.94586 6.94586 6.94586 6.94586 6.94586 6.94586 6.94586 4.88182 4.10740 4.10740 4.10740 4.10740 4.10150 3.92874 3.68008 2.34753 1.63678 1.41419 1.35782 1.35782 1.35782 1.35782 1.35782 1.46287 1.71368 1.71368 1.71368 1.71368 1.71368 1.71368 1.71368 1.71368
0.00000 0.00000 0.00000 0.00000 0.00000 0.00000 0.00000 0.00000 0.00000 0.00000 0.00000 0.00000 0.00000 0.00000 0.00000 0.00000 0.00000 0.00000 0.00000 0.00000 0.00000 0.00000 0.00000 0.00000 0.00000 0.00000 0.00000 0.00000 0.00000 0.00000 0.00000 6.94586 6.94586 6.94586 6.94586 6.94586 6.94586 6.94586 6.94586 6.94586 6.94586 5.55171 3.96789 3.71924 3.47034 3.22157 2.97881 2.90268 2.90268 2.28472 1.35782 1.35782 1.35782 1.35782 1.35782 1.35782 1.35782 1.37981 1.71012 1.71368 1.71368 1.71347 1.70417 1.68889 1.67181 1.65263
0.00000 0.00000 0.00000 0.00000 0.00000 0.00000 0.00000 0.00000 0.00000 0.00000 0.00000 0.00000 0.00000 0.00000 0.00000 0.00000 0.00000 0.00000 0.00000 0.00000 0.00000 0.00000 0.00000 0.00000 0.00000 0.00000 0.00000 0.00000 0.00000 0.00000 0.00000 6.94586 6.94586 6.94586 6.94586 6.94586 6.94586 6.74322 6.24784 5.75029 5.25298 4.48897 2.90595 2.90268 2.90268 2.90268 2.90268 2.90268 2.90268 2.73429 1.36214 1.35782 1.36530 1.39609 1.42850 1.46093 1.49334 1.52584 1.58877 1.54812 1.50954 1.46420 1.44669 1.44669 1.44669 1.44669
0.00000 0.00000 0.00000 0.00000 0.00000 0.00000 0.00000 0.00000 0.00000 0.00000 0.00000 0.00000 0.00000 0.00000 0.00000 0.00000 0.00000 0.00000 0.00000 0.00000 0.00000 0.00000 0.00000 0.00000 0.00000 0.00000 0.00000 0.00000 0.00000 0.00000 0.00000 0.00000 6.76655 6.32615 5.82860 5.33105 4.83350 4.53858 4.53641 4.53641 4.53641 4.53641 3.05172 2.91726 2.94967 2.98208 3.01451 3.04695 3.07942 3.11183 1.88929 1.63182 1.65683 1.65846 1.65846 1.65846 1.65846 1.65846 1.57508 1.44669 1.44669 1.44669 1.44669 1.44669 1.44669 1.44669
0.00000 0.00000 0.00000 0.00000 0.00000 0.00000 0.00000 0.00000 0.00000 0.00000 0.00000 0.00000 0.00000 0.00000 0.00000 0.00000 0.00000 0.00000 0.00000 0.00000 0.00000 0.00000 0.00000 0.00000 0.00000 0.00000 0.00000 0.00000 0.00000 0.00000 0.00000 0.00000 4.53641 4.53641 4.53641 4.53641 4.53641 4.53641 4.53641 4.53641 4.53641 4.53641 3.53925 3.20329 3.20332 3.20332 3.20332 3.20332 3.20332 3.20332 2.40231 1.65846 1.65846 1.65846 1.65846 1.65846 1.65846 1.65846 1.61782 1.44669 1.44669 1.44669 1.44669 1.44669 1.46817 1.81860
