High_resolution/powerplant/Fengdu/OMI_NO2_200810.asc
ncols      200
nrows      200
xllcorner       105.978
yllcorner       28.1831
cellsize     0.0166667
NODATA_Value      -999.000
[rows 60 to 89 of 200, columns 132 to 197 of 200]
0.114453 0.0276915 0.0276915 0.0276915 0.0276915 1.17331 1.68475 1.68475 1.68475 1.67701 1.49334 1.16390 0.690726 0.444028 1.25279 1.25279 1.25279 1.25279 1.25279 1.25279 1.25279 1.25279 1.25279 1.25279 1.25279 1.25279 1.25279 1.25279 1.03268 0.0910066 0.0910066 0.0910066 0.0910066 0.304009 0.378110 0.378110 0.378110 0.378110 0.371020 0.329184 0.267866 0.179133 0.0936359 0.173633 1.07678 1.07389 1.05013 1.02589 1.00167 0.977428 0.953205 0.928982 0.906992 0.903097 0.903097 0.903097 0.903097 0.903097 0.902595 0.528394 0.484668 0.484668 0.484668 0.484668 0.484668 0.484668
0.0276915 0.0276915 0.0276915 0.0276915 0.0276915 0.568488 1.57757 1.28002 0.861181 0.255463 0.0276915 0.0276915 0.0276915 0.0806212 1.22339 1.25279 1.25279 1.25279 1.25279 1.25279 1.25279 1.25279 1.25279 1.25279 1.25279 1.25279 1.25279 1.25279 1.24524 0.182672 0.0910066 0.0910066 0.0910066 0.209638 0.375122 0.339662 0.282434 0.200795 0.159591 0.285379 0.422116 0.558854 0.695628 0.832329 0.935114 0.903562 0.903097 0.903097 0.903097 0.903097 0.903097 0.903097 0.903097 0.903097 0.903097 0.903097 0.903097 0.903097 0.903097 0.635177 0.484668 0.484668 0.484668 0.484668 0.484668 0.484668
0.0276915 0.0276915 0.0276915 0.0276915 0.0276915 0.0293477 0.0290166 0.0276915 0.0276915 0.0276915 0.0276915 0.0276915 0.0276915 0.0276915 0.953716 1.25279 1.25279 1.25279 1.25279 1.25279 1.25279 1.25279 1.25279 1.25279 1.25279 1.25279 1.25279 1.25279 1.25279 0.479237 0.0910066 0.158602 0.295339 0.434636 0.573247 0.705552 0.842289 0.979027 1.05765 1.05803 1.05803 1.05803 1.05803 1.05803 0.971190 0.903097 0.903097 0.903097 0.903097 0.903097 0.903097 0.903097 0.903097 0.903097 0.903097 0.903097 0.903097 0.903097 0.903097 0.742295 0.491166 0.484668 0.484668 0.484668 0.484668 0.484668
0.0276915 0.0276915 0.0276915 0.0276915 0.0276915 0.0276915 0.0276915 0.0276915 0.0276915 0.0276915 0.0276915 0.0276915 0.0276915 0.0276915 0.630747 1.25279 1.25279 1.25279 1.25279 1.25279 1.25279 1.25279 1.25279 1.25279 1.24829 1.23709 1.22583 1.21458 1.20331 1.05016 0.988987 1.05803 1.05803 1.05803 1.05803 1.05803 1.05803 1.05803 1.05803 1.05803 1.05803 1.05803 1.05803 1.05803 1.01134 0.903097 0.903097 0.903097 0.903097 0.903097 0.903097 0.903097 0.903097 0.903097 0.903097 0.903097 0.990139 1.27054 1.47020 1.58342 1.09104 0.484668 0.484668 0.484668 0.484668 0.484668
0.0276915 0.0276915 0.0276915 0.0276915 0.0276915 0.0276915 0.0276915 0.0276915 0.0276915 0.0276915 0.0276915 0.0276915 0.0276915 0.0276915 0.307872 1.25279 1.25279 1.24964 1.23875 1.22747 1.21622 1.20496 1.19370 1.18245 1.17568 1.17562 1.17562 1.17562 1.17562 1.15876 1.05803 1.05803 1.05803 1.05803 1.05803 1.05803 1.05803 1.05803 1.05803 1.05803 1.05803 1.05803 1.05803 1.05803 1.04919 0.905375 0.903097 0.903097 0.903097 0.903097 0.903097 0.903097 0.945073 1.21745 1.43371 1.58597 1.67612 1.68177 1.68177 1.68177 1.37302 0.484668 0.484668 0.484668 0.484668 0.484668
0.0497845 0.0276915 0.0276915 0.0276915 0.0276915 0.0276915 0.0276915 0.0276915 0.0276915 0.0276915 0.0617621 0.372809 0.744644 1.11623 1.50900 1.26453 1.18409 1.17598 1.17562 1.17562 1.17562 1.17562 1.17562 1.17562 1.17562 1.17562 1.17562 1.17562 1.17562 1.17559 1.07184 1.05803 1.05803 1.05803 1.05803 1.05803 1.05803 1.05803 1.05803 1.05803 1.05803 1.05803 1.05803 1.05803 1.05803 0.936632 0.903097 0.903097 0.915457 1.15951 1.39450 1.55763 1.66636 1.68177 1.68177 1.68177 1.68177 1.68177 1.68177 1.68177 1.54951 0.661667 0.484668 0.484668 0.484668 0.484668
0.486556 0.0276915 0.0276915 0.0276915 0.222556 0.594145 0.965980 1.33757 1.70891 2.08099 2.41827 2.47881 2.47881 2.47881 2.47881 1.56658 1.17562 1.17562 1.17562 1.17562 1.17562 1.17562 1.17562 1.17562 1.17562 1.17562 1.17562 1.17562 1.17562 1.17562 1.10246 1.05803 1.05803 1.05803 1.05803 1.05803 1.05803 1.05803 1.05803 1.05803 1.05803 1.05803 1.05803 1.05803 1.05831 1.16028 1.35217 1.52734 1.65147 1.68177 1.68177 1.68177 1.68177 1.68177 1.68177 1.68177 1.69606 1.72745 1.75891 1.79030 1.83655 1.69119 0.484668 0.484668 0.00000 0.00000
1.60027 1.55891 1.93025 2.30209 2.47881 2.47881 2.47881 2.47881 2.47881 2.47881 2.47881 2.47881 2.47881 2.47881 2.47881 1.91178 1.17562 1.17562 1.17562 1.17562 1.17562 1.17562 1.17562 1.17562 1.17562 1.17562 1.17562 1.17562 1.17562 1.17562 1.13314 1.05803 1.05803 1.05803 1.05803 1.05803 1.05803 1.05803 1.05803 1.05803 1.05803 1.17312 1.42100 1.59111 1.71333 1.73868 1.68177 1.68177 1.68334 1.70742 1.73881 1.77026 1.80165 1.83309 1.86452 1.89591 1.91305 1.91307 1.91307 1.91307 1.94316 2.45866 0.00000 0.00000 0.00000 0.00000
2.13508 2.47881 2.47881 2.47881 2.47881 2.47881 2.47881 2.47881 2.47881 2.47881 2.47881 2.47881 2.47881 2.47881 2.47881 2.25690 1.17562 1.17562 1.17562 1.17562 1.17562 1.17562 1.17562 1.17562 1.17562 1.17562 1.17562 1.17562 1.17562 1.17562 1.16361 1.05823 1.05803 1.05803 1.05803 1.05803 1.05803 1.12392 1.37616 1.55996 1.69044 1.76333 1.80164 1.84349 1.88527 1.92414 1.84868 1.87588 1.90572 1.91307 1.91307 1.91307 1.91307 1.91307 1.91307 1.91307 1.91307 1.91307 1.91307 1.91307 1.91307 2.31295 2.46044 0.00000 0.00000 0.00000
2.02800 2.46157 2.47881 2.47881 2.47881 2.47881 2.47881 2.47881 2.47881 2.47881 2.47881 2.47881 2.47881 2.47881 2.47881 2.47529 1.30255 1.17562 1.17562 1.17562 1.17562 1.17562 1.17562 1.17562 1.17562 1.17562 1.17562 1.17562 1.17562 1.17562 1.17562 1.07685 1.05803 1.06126 1.11275 1.19590 1.58180 1.88381 1.93142 1.97314 2.01501 2.05127 2.05620 2.05620 2.05620 2.05620 1.94929 1.91307 1.91307 1.91307 1.91307 1.91307 1.91307 1.91307 1.91307 1.91307 1.91307 1.91307 1.91307 1.91307 1.91307 2.14233 2.46044 0.00000 0.00000 0.00000
2.01411 2.35102 2.47881 2.47881 2.47881 2.47881 2.47881 2.47881 2.47881 2.47881 2.47881 2.47881 2.47881 2.47881 2.47881 2.47881 1.64420 1.17562 1.17562 1.17562 1.17562 1.17562 1.17562 1.17562 1.17562 1.17562 1.17562 1.16370 1.09606 1.02164 0.988403 1.20238 1.40981 1.43649 1.46571 1.46877 1.65284 2.05620 2.05620 2.05620 2.05620 2.05620 2.05620 2.05620 2.05620 2.05620 1.98632 1.91307 1.91307 1.91307 1.91307 1.91307 1.91307 1.90319 1.87248 1.83907 1.81360 1.78904 1.76518 1.73761 1.70464 1.72472 1.70015 0.289186 0.289186 0.289186
2.01411 2.22662 2.47881 2.47881 2.47881 2.47881 2.47881 2.47881 2.47881 2.47881 2.47881 2.47881 2.47881 2.47881 2.47881 2.47881 1.98946 1.17562 1.17562 1.17562 1.16946 1.10814 1.03346 0.959045 0.884524 0.809901 0.769590 0.823276 0.897434 0.953812 0.975742 1.12316 1.43046 1.41899 1.40792 1.39723 1.40451 1.85461 1.86056 1.84261 1.82544 1.80892 1.79291 1.77728 1.76226 1.74774 1.70957 1.61644 1.60469 1.59337 1.58238 1.57171 1.56120 1.55555 1.48143 1.36975 1.36197 1.35384 1.34570 1.34098 1.34096 1.34025 1.31427 0.399051 0.289186 0.289186
2.01411 2.10226 2.47881 2.47881 2.47881 2.47881 2.47881 2.47881 2.47881 2.47869 2.47881 2.47881 2.47881 2.47791 2.41252 2.30719 2.06036 0.897245 0.821982 0.747359 0.679006 0.665906 0.678116 0.785843 0.875552 0.937955 0.973824 0.975742 0.975742 0.975742 0.975742 0.971811 1.25578 1.25935 1.25935 1.25935 1.25935 1.51705 1.65097 1.65097 1.65097 1.65097 1.65097 1.65097 1.65097 1.65097 1.64913 1.56022 1.55555 1.55555 1.55555 1.55455 1.54746 1.53932 1.49515 1.34131 1.34096 1.34096 1.34096 1.34096 1.34096 1.34096 1.33161 0.829156 0.289186 0.289186
2.12714 2.13654 2.40408 2.42538 2.42290 2.42054 2.41833 2.40206 2.34885 2.28184 2.14022 2.03496 1.92964 1.82528 1.78541 1.78541 1.78541 0.836509 0.666340 0.748926 0.851056 0.920507 0.967569 0.975742 0.975742 0.975742 0.975742 0.975742 0.975742 0.975742 0.975742 0.955811 1.19152 1.25935 1.25935 1.25935 1.25935 1.38866 1.65097 1.65097 1.65097 1.65097 1.65097 1.65097 1.65097 1.65097 1.65097 1.58277 1.54916 1.54103 1.53290 1.52576 1.52473 1.52473 1.52089 1.34674 1.34096 1.34096 1.34096 1.34218 1.35143 1.36209 1.35355 1.12579 0.289186 0.289186
2.18074 2.18586 2.27794 2.26536 2.21270 2.16007 2.10740 2.06826 2.06615 2.03067 1.78541 1.78541 1.78541 1.78541 1.78541 1.74942 1.65834 1.18997 0.956455 0.975742 0.975742 0.975742 0.975742 0.975742 0.975742 0.975742 0.975742 0.975742 0.975742 0.975742 0.975742 0.967250 1.10550 1.25935 1.25935 1.25935 1.25935 1.27596 1.63546 1.65097 1.65097 1.65097 1.65097 1.65095 1.64630 1.63816 1.63003 1.57907 1.52473 1.52473 1.52473 1.52473 1.52842 1.53895 1.54961 1.41662 1.38718 1.39785 1.40852 1.41796 1.41939 1.41939 1.39839 1.30618 0.366059 0.289186
2.22395 2.22588 2.16398 2.06615 2.06615 2.06615 2.06615 2.06615 2.06615 2.06165 1.79793 1.77246 1.68369 1.61291 1.56354 1.53650 1.53549 1.35582 0.975742 0.975742 0.975742 0.975742 0.975742 0.975742 0.975742 0.975742 0.975742 0.975742 0.975742 0.975742 0.975742 0.975613 1.02433 1.25935 1.25935 1.25935 1.25935 1.25935 1.52365 1.65097 1.64793 1.63988 1.63175 1.62363 1.62014 1.61857 1.61583 1.59954 1.56404 1.57470 1.58538 1.59604 1.60302 1.60317 1.60317 1.49748 1.41939 1.41939 1.41939 1.41939 1.41939 1.41939 1.41531 1.32992 0.791223 0.289186
2.22588 2.22588 2.20647 2.06619 2.06615 2.06615 2.06615 2.06615 2.06615 2.06615 1.82094 1.54088 1.53549 1.53549 1.53549 1.53549 1.53549 1.49737 0.981467 0.975742 0.975742 0.975742 0.975742 0.975742 0.975742 0.975742 0.975742 0.975742 0.975742 0.975742 0.975742 0.975742 0.953740 1.24993 1.25935 1.25935 1.25208 1.21414 1.33016 1.62075 1.61292 1.61011 1.60737 1.60464 1.60191 1.60075 1.60075 1.60077 1.60299 1.60317 1.60317 1.60317 1.60317 1.60317 1.60317 1.53557 1.41939 1.41939 1.41939 1.41939 1.41939 1.41939 1.41939 1.35322 1.10111 0.289186
2.22588 2.22588 2.22588 2.08931 2.06615 2.06615 2.06615 2.06615 2.06615 2.06615 1.95147 1.55320 1.53549 1.53549 1.53549 1.53549 1.53549 1.53549 1.09062 0.975742 0.975742 0.975742 0.975742 0.975742 0.975742 0.975742 0.975742 0.975742 0.975742 0.975742 0.978516 1.10534 1.20515 1.23973 1.17545 1.13136 1.09455 1.08844 1.11431 1.58507 1.60075 1.60075 1.60075 1.60075 1.60075 1.60075 1.60075 1.60075 1.60239 1.60317 1.60317 1.60317 1.60317 1.60317 1.60317 1.57364 1.41939 1.41939 1.41939 1.41939 1.41939 1.42351 1.36824 1.19282 0.908972 0.312375
2.22588 2.22588 2.22588 2.13185 2.06615 2.06615 2.06615 2.06615 2.06615 2.06615 2.00425 1.61050 1.53549 1.53549 1.53549 1.53549 1.53549 1.53549 1.23796 0.975742 0.975742 0.975742 0.975742 0.975742 1.07324 1.26678 1.46006 1.65333 1.84674 2.01075 2.13915 2.14374 1.92787 1.38035 1.08750 1.08750 1.08979 1.10286 1.11723 1.48860 1.65905 1.67332 1.68765 1.70206 1.71636 1.73059 1.74493 1.75923 1.77461 1.79036 1.80462 1.81889 1.83319 1.84763 1.86190 1.87492 1.85757 1.88357 1.84385 1.71222 1.57448 1.42673 1.36420 1.32383 1.12738 1.12738
2.22588 2.22588 2.22588 2.17437 2.06615 2.06615 2.06615 2.06615 2.06615 2.06615 2.04414 1.69931 1.53549 1.53549 1.53549 1.53763 1.55289 1.55160 1.44243 1.50237 1.69145 1.87203 2.04495 2.21122 2.29049 2.27914 2.23284 2.18546 2.13982 2.11761 2.12017 2.12266 2.10663 1.82822 1.40126 1.41556 1.42754 1.42884 1.42884 1.61877 1.94209 1.94209 1.94209 1.94209 1.94209 1.94209 1.94209 1.94209 1.94246 1.94451 1.94451 1.94451 1.94451 1.94451 1.91696 1.81251 1.65027 1.45935 1.36470 1.36420 1.36420 1.36420 1.36420 1.35782 1.13493 1.12738
2.16991 2.15370 2.13725 2.11025 1.94677 1.92860 1.91237 1.89598 1.87972 1.86339 1.84154 1.91665 1.69009 1.64043 1.60968 1.57864 1.53956 1.51168 1.53843 2.26201 2.28513 2.28266 2.25014 2.20883 2.16747 2.13510 2.13268 2.13268 2.13268 2.13268 2.13268 2.13268 2.13268 2.00770 1.45713 1.42884 1.42884 1.42884 1.42884 1.46265 1.93099 1.94209 1.94209 1.94209 1.94209 1.94209 1.94209 1.94209 1.94209 1.94426 1.93073 1.83513 1.72606 1.61707 1.53548 1.53098 1.45845 1.36420 1.36420 1.36420 1.36420 1.36420 1.36420 1.38132 1.23288 1.12738
1.93435 1.93435 1.93435 1.93435 1.77985 1.68373 1.62317 1.56258 1.50202 1.44138 1.38555 1.55208 1.55097 1.51074 1.51074 1.51074 1.51074 1.51071 1.48865 2.02319 2.18037 2.14152 2.13268 2.13268 2.13268 2.13268 2.13268 2.13268 2.13268 2.13268 2.13268 2.13268 2.13268 2.04663 1.59433 1.42884 1.42884 1.42884 1.42884 1.42884 1.79752 1.94209 1.94209 1.94209 1.94209 1.94209 1.93733 1.85533 1.74632 1.63880 1.54441 1.53098 1.53098 1.53098 1.53098 1.53242 1.51138 1.42546 1.45837 1.49127 1.52411 1.55702 1.58995 1.60565 1.43458 1.12738
1.85451 1.82706 1.79959 1.77212 1.55696 1.37439 1.37439 1.37439 1.37439 1.37439 1.37439 1.49845 1.59054 1.51074 1.49996 1.46019 1.41886 1.37756 1.35829 1.73127 2.13268 2.13268 2.13268 2.13268 2.13268 2.13268 2.13268 2.13268 2.13268 2.13268 2.13268 2.13268 2.13268 2.07478 1.74239 1.42884 1.42884 1.42884 1.42884 1.42884 1.63016 1.94209 1.94167 1.87795 1.76894 1.65990 1.55560 1.52856 1.53240 1.55218 1.57935 1.60120 1.62318 1.64512 1.66699 1.68750 1.68482 1.60565 1.60565 1.60565 1.60565 1.60565 1.60565 1.60565 1.53033 1.12738
1.75815 1.75815 1.75815 1.75815 1.65860 1.37439 1.37439 1.37439 1.37439 1.37439 1.37439 1.44485 1.62273 1.41279 1.35986 1.35829 1.35829 1.35829 1.35829 1.52833 2.13268 2.13268 2.13268 2.13268 2.13268 2.13268 2.13268 2.13268 2.13268 2.13268 2.13268 2.13268 2.13268 2.10294 1.89041 1.42884 1.42884 1.42884 1.42884 1.44816 1.55357 1.69011 1.59606 1.56851 1.58627 1.60406 1.62186 1.63966 1.65359 1.65962 1.69194 1.69194 1.69194 1.69194 1.69194 1.69194 1.69191 1.61681 1.60565 1.60565 1.60565 1.60565 1.60565 1.60565 1.59564 1.14971
1.75815 1.75815 1.75815 1.75815 1.74648 1.38816 1.37439 1.37439 1.37439 1.37439 1.37439 1.39210 1.62240 1.45103 1.35829 1.35829 1.35829 1.35829 1.35829 1.36983 2.08815 2.13268 2.13268 2.13268 2.13268 2.13268 2.13268 2.13268 2.13268 2.13268 2.13268 2.13268 2.13268 2.12833 1.98084 1.49142 1.53551 1.63547 1.76024 1.86948 1.89811 1.70401 1.65465 1.65465 1.65465 1.65465 1.65465 1.65465 1.65465 1.65465 1.68735 1.69194 1.69194 1.69194 1.69194 1.69194 1.69194 1.63925 1.60565 1.60565 1.60565 1.60565 1.60565 1.60565 1.60437 1.28656
1.75815 1.75815 1.75815 1.75815 1.75815 1.47819 1.37439 1.37439 1.37439 1.37439 1.37439 1.37439 1.58657 1.54366 1.35829 1.35829 1.35829 1.35829 1.35829 1.35829 1.89669 2.13268 2.13268 2.13268 2.13268 2.13268 2.13268 2.12063 2.06811 2.01233 1.95656 1.90286 1.91465 1.96466 1.91043 1.93176 1.91829 1.91829 1.91829 1.91829 1.91829 1.78265 1.65465 1.65403 1.64396 1.63088 1.61790 1.60494 1.59193 1.57891 1.58894 1.59013 1.57715 1.56413 1.55114 1.53803 1.52505 1.54157 1.60565 1.60565 1.60539 1.59401 1.57679 1.55957 1.54360 1.35556
1.75815 1.75815 1.75815 1.75815 1.75815 1.57981 1.37439 1.37439 1.37439 1.37439 1.37439 1.37439 1.53286 1.62130 1.37904 1.35829 1.35829 1.35829 1.35829 1.35829 1.68826 2.07599 2.00465 1.92052 1.83643 1.75234 1.66812 1.59615 1.59248 1.63862 1.69585 1.76552 1.76261 1.72014 1.69954 1.66803 1.59348 1.57400 1.55457 1.53500 1.51533 1.47897 1.36074 1.34771 1.34473 1.34473 1.34473 1.34473 1.34473 1.34473 1.35833 1.38202 1.38202 1.38202 1.38202 1.38202 1.38202 1.42334 1.58035 1.56313 1.54616 1.54031 1.54031 1.54031 1.54031 1.46176
1.75815 1.75815 1.75815 1.76167 1.76786 1.69748 1.39654 1.40275 1.40899 1.41517 1.42141 1.42761 1.33779 1.11601 1.04463 1.01995 1.02693 1.03392 1.04091 1.04784 1.07756 1.18498 1.17227 1.17227 1.17774 1.20978 1.25226 1.30542 1.34393 1.34429 1.34429 1.34429 1.34429 1.34429 1.42086 1.53298 1.45341 1.45341 1.45341 1.45341 1.45341 1.45341 1.36352 1.34473 1.34473 1.34473 1.34473 1.34473 1.34473 1.34473 1.34879 1.38199 1.38202 1.37868 1.36751 1.35604 1.34456 1.34965 1.53992 1.54031 1.54031 1.54031 1.54031 1.54031 1.54031 1.53186
1.85393 1.86012 1.86632 1.86903 1.86903 1.86573 1.51359 1.49841 1.54910 1.60205 1.65501 1.70796 1.61075 1.08495 1.07725 1.01345 1.01345 1.01345 1.01345 1.01345 1.01463 1.18233 1.23810 1.28752 1.33842 1.34429 1.34429 1.34429 1.34429 1.34429 1.34429 1.34429 1.34429 1.34429 1.37789 1.54751 1.46328 1.45341 1.45341 1.45341 1.45341 1.45341 1.39517 1.34473 1.34473 1.34473 1.34473 1.34473 1.34473 1.34296 1.33260 1.35290 1.34692 1.33878 1.33846 1.33846 1.33846 1.33846 1.50394 1.57792 1.66978 1.76198 1.85411 1.94617 2.03837 2.13070
1.86963 1.90645 1.96470 2.02303 2.08128 2.13957 1.92595 1.83254 1.83481 1.83481 1.83481 1.83481 1.81852 1.12918 1.10519 1.02020 1.01345 1.02161 1.04174 1.06657 1.09657 1.26040 1.34429 1.34429 1.34429 1.34429 1.34429 1.34429 1.34429 1.34429 1.34429 1.34429 1.34429 1.34429 1.34598 1.53653 1.48760 1.45341 1.45341 1.45341 1.45341 1.45341 1.43594 1.34506 1.34473 1.34403 1.33498 1.32349 1.31201 1.30230 1.30117 1.32514 1.38396 1.44543 1.50698 1.56827 1.62973 1.69124 1.98565 2.21633 2.21674 2.21674 2.21674 2.21674 2.21674 2.21674
