High_resolution/powerplant/Fengdu/OMI_NO2_200802.asc
ncols      200
nrows      200
xllcorner       105.978
yllcorner       28.1831
cellsize     0.0166667
NODATA_Value      -999.000
[rows 58 to 86 of 200, columns 132 to 197 of 200]
2.45154 2.45154 2.45154 2.45154 2.45154 2.45154 2.45154 2.45154 2.45154 2.45154 2.45154 2.45154 2.43531 2.37148 2.30474 1.70750 1.21639 1.12401 1.11022 1.11022 1.11022 1.11022 1.11022 1.11022 1.11022 1.11022 1.11022 1.11022 1.11022 1.11022 1.11022 1.15778 1.44607 1.44607 1.44607 1.44607 1.44607 1.44607 1.44607 1.44607 1.44607 1.44607 1.44607 1.44607 1.44607 1.44607 1.44607 1.39514 0.498200 0.477868 0.477868 0.477868 0.477868 0.472145 0.454362 0.436167 0.417963 0.399778 0.381789 0.375132 0.375132 0.375132 0.375132 0.375132 0.00000 0.00000
2.45154 2.45154 2.45154 2.45154 2.45154 2.45154 2.45154 2.42785 2.36182 2.29500 2.22815 2.16133 2.11071 2.10765 2.10765 1.81186 1.11022 1.11022 1.11022 1.11022 1.11022 1.11022 1.11022 1.11022 1.11022 1.11022 1.11022 1.11022 1.11022 1.11022 1.11022 1.11022 1.39888 1.44607 1.44607 1.44607 1.44607 1.44607 1.44607 1.44607 1.44607 1.44607 1.44607 1.44607 1.44607 1.44607 1.44607 1.42778 0.659593 0.442558 0.424384 0.406189 0.387995 0.375523 0.375132 0.375132 0.375132 0.375132 0.375132 0.375132 0.375132 0.375132 0.375132 0.375132 0.375132 0.00000
2.45154 2.45154 2.41894 2.35212 2.28531 2.21849 2.15157 2.10848 2.10765 2.10765 2.10765 2.10765 2.10765 2.10765 2.10765 2.06616 1.14034 1.11022 1.11022 1.11022 1.11022 1.11022 1.11022 1.11022 1.11022 1.11022 1.11022 1.11022 1.11022 1.11022 1.11022 1.11022 1.30404 1.44607 1.44607 1.44607 1.44607 1.44607 1.44607 1.44607 1.44607 1.44607 1.36011 1.15265 0.944167 0.736367 0.528452 0.337911 0.337004 0.375132 0.375132 0.375132 0.375132 0.375132 0.375132 0.375132 0.375132 0.375132 0.375132 0.375132 0.375132 0.375132 0.375132 0.375132 0.375132 0.00000
2.20872 2.14194 2.10765 2.10765 2.10765 2.10765 2.10765 2.10765 2.10765 2.10765 2.10765 2.10765 2.10765 2.10765 2.10765 2.10765 1.38350 1.11022 1.11022 1.11022 1.11022 1.11022 1.11022 1.11022 1.11022 1.11022 1.11022 1.11022 1.11022 1.11022 1.11022 1.11022 1.20916 1.44607 1.44607 1.44607 1.42949 1.25873 1.05013 0.842325 0.634181 0.425695 0.303849 0.303049 0.303049 0.303049 0.303049 0.303049 0.316853 0.375132 0.375132 0.375132 0.375132 0.375132 0.375132 0.375132 0.375132 0.375132 0.375132 0.375132 0.375132 0.375132 0.375132 0.375132 0.375132 0.00000
2.10765 2.10765 2.10765 2.10765 2.10765 2.10765 2.10765 2.10765 2.10765 2.10765 2.10765 2.10765 2.10765 2.10765 2.10765 2.10765 1.66738 1.11022 1.11022 1.11022 1.11022 1.11022 1.11022 1.11022 1.11022 1.11022 1.11022 1.11022 1.11022 1.11022 1.11022 1.10403 1.10019 0.967651 0.740024 0.531652 0.340425 0.303049 0.303049 0.303049 0.303049 0.303049 0.303049 0.303049 0.303049 0.303049 0.303049 0.303049 0.303395 0.368436 0.375132 0.375132 0.375132 0.375132 0.375132 0.375132 0.375132 0.375132 0.375132 0.375132 0.375132 0.375132 0.375132 0.375132 0.375132 0.375132
2.10739 2.10765 2.10765 2.10765 2.10765 2.10765 2.10765 2.10765 2.10765 2.10765 2.10765 2.10765 2.10765 2.10765 2.10765 2.10765 1.95235 1.11022 1.11022 1.11022 1.11022 1.11022 1.11022 1.11022 1.11022 1.11008 1.09881 1.08065 1.06251 1.04435 1.02621 1.01423 1.01396 0.495933 0.303049 0.303049 0.303049 0.303049 0.303049 0.303049 0.303049 0.303049 0.303049 0.303049 0.303049 0.303049 0.303049 0.303049 0.303049 0.348637 0.375132 0.375132 0.375132 0.375132 0.375132 0.375132 0.375132 0.375132 0.375132 0.375132 0.375132 0.375132 0.375132 0.375132 0.375132 0.375132
2.10589 2.10765 2.10765 2.10765 2.10765 2.10765 2.10765 2.10765 2.10765 2.10765 2.10765 2.10765 2.10765 2.10765 2.10765 2.10765 2.10735 1.23920 1.11022 1.11022 1.10854 1.09331 1.07517 1.05701 1.03885 1.02085 1.01396 1.01396 1.01396 1.01396 1.01396 1.01396 1.01396 0.697598 0.303049 0.303049 0.303049 0.303049 0.303049 0.303049 0.303049 0.303049 0.303049 0.303049 0.303049 0.303049 0.303049 0.303049 0.303049 0.328484 0.375132 0.375132 0.375132 0.375132 0.375132 0.375132 0.375132 0.375132 0.375132 0.375132 0.375132 0.375342 0.427968 0.520757 0.613494 0.718122
2.10424 2.10765 2.10765 2.10765 2.10765 2.10765 2.10765 2.10765 2.10765 2.10765 2.10765 2.10765 2.10765 2.10765 2.10765 2.07582 1.94270 1.36619 1.05151 1.03336 1.01689 1.01396 1.01396 1.01396 1.01396 1.01396 1.01396 1.01396 1.01396 1.01396 1.01396 1.01396 1.01396 0.899315 0.303049 0.303049 0.303049 0.303049 0.303049 0.303049 0.303049 0.303049 0.303049 0.303049 0.303049 0.303049 0.303049 0.303049 0.303049 0.308902 0.374563 0.375132 0.375132 0.375132 0.375132 0.375132 0.398748 0.487767 0.580504 0.673294 0.766030 0.858610 0.898774 0.898774 0.898774 0.898774
2.10260 2.10764 2.10765 2.10765 2.10765 2.10765 2.10765 2.10765 2.10765 2.10765 2.05973 1.92132 1.78051 1.63978 1.49912 1.39015 1.38261 1.27181 1.01396 1.01396 1.01396 1.01396 1.01396 1.01396 1.01396 1.01396 1.01396 1.01396 1.01396 1.01396 1.01396 1.01396 1.01396 1.01347 0.390482 0.303049 0.303049 0.303049 0.303049 0.303049 0.303049 0.303049 0.303049 0.303049 0.303049 0.303049 0.303049 0.303049 0.303049 0.303049 0.366186 0.454726 0.547463 0.640252 0.733093 0.825778 0.894951 0.898774 0.898774 0.898774 0.898774 0.898774 0.898774 0.898774 0.898774 0.898774
2.10196 2.10664 2.10765 2.10765 2.10765 2.04058 1.89985 1.75912 1.61839 1.47774 1.38479 1.38261 1.38261 1.38261 1.38261 1.38261 1.38261 1.36639 1.02440 1.01396 1.01396 1.01396 1.01396 1.01396 1.01396 1.01396 1.01396 1.01396 1.01396 1.01396 1.01396 1.01396 1.01396 1.01396 0.591864 0.303049 0.303049 0.303049 0.303049 0.303049 0.303049 0.303049 0.303049 0.303049 0.303049 0.303049 0.303049 0.303049 0.303049 0.303049 0.859523 0.898774 0.898774 0.898774 0.898774 0.898774 0.898774 0.898774 0.898774 0.898774 0.898774 0.898774 0.898774 0.898774 0.898774 0.898774
2.24243 2.17562 1.73774 1.59700 1.45627 1.38261 1.38261 1.38261 1.38261 1.38261 1.38261 1.38261 1.38261 1.38261 1.38261 1.38261 1.38261 1.38261 1.11347 1.01396 1.01396 1.01396 1.01396 1.01396 1.01396 1.01396 1.01396 1.01396 1.01396 1.01396 1.01396 1.01396 1.01396 1.01396 0.793388 0.303049 0.303049 0.303049 0.303049 0.303049 0.303049 0.303049 0.303049 0.303049 0.303049 0.303049 0.00000 0.00000 0.00000 0.00000 0.898774 0.898774 0.898774 0.898774 0.898774 0.898774 0.898774 0.898774 0.898774 0.898774 0.898774 0.898774 0.898774 0.898774 0.898774 0.898774
3.32344 2.85061 1.38261 1.38261 1.38261 1.38261 1.38261 1.38261 1.38261 1.38261 1.38261 1.38261 1.38261 1.38261 1.38261 1.38261 1.38261 1.38261 1.21835 1.01396 1.01396 1.01396 1.01396 1.01396 1.01396 1.01396 1.01396 1.01396 1.01396 1.01396 1.01396 1.01396 1.01396 1.01396 0.938646 0.311538 0.303049 0.303049 0.303049 0.303049 0.00000 0.00000 0.00000 0.00000 0.00000 0.00000 0.00000 0.00000 0.00000 0.00000 0.898774 0.898774 0.898774 0.898774 0.898774 0.898774 0.898774 0.898774 0.898774 0.898774 0.898774 0.898774 0.898774 0.898774 0.898774 0.898774
3.32344 3.29025 1.50255 1.38261 1.38261 1.38261 1.38261 1.38261 1.38261 1.38261 1.38261 1.38261 1.38261 1.38261 1.38261 1.38261 1.38261 1.38261 1.32363 1.01396 1.01396 1.01396 1.01396 1.01396 1.01396 1.01396 1.01396 1.01396 1.01361 0.937977 0.806311 0.674576 0.542910 0.411244 0.319489 0.316210 0.00000 0.00000 0.00000 0.00000 0.00000 0.00000 0.00000 0.00000 0.00000 0.00000 0.00000 0.00000 0.00000 0.00000 0.00000 0.898774 0.898774 0.898774 0.898774 0.898774 0.898774 0.898774 0.898774 0.898774 0.898774 0.898774 0.898774 0.898774 0.898774 0.898774
3.32344 3.32344 2.02878 1.38261 1.38261 1.38261 1.38261 1.38261 1.38261 1.38261 1.38261 1.38261 1.38261 1.38261 1.38261 1.38261 1.38261 1.38261 1.38243 1.06023 1.01396 1.01396 1.01396 1.00461 0.898485 0.766888 0.635222 0.503556 0.372239 0.316210 0.316210 0.316210 0.316210 0.316210 0.316210 0.316210 0.00000 0.00000 0.00000 0.00000 0.00000 0.00000 0.00000 0.00000 0.00000 0.00000 0.00000 0.00000 0.00000 0.00000 0.00000 0.898774 0.898774 0.898774 0.898774 0.898774 0.898774 0.898774 0.898774 0.898774 0.898774 0.898774 0.898774 0.898774 0.898774 0.923148
3.32344 3.32344 2.58830 1.38261 1.38261 1.38261 1.38261 1.38261 1.38261 1.38261 1.38261 1.38261 1.38261 1.38261 1.38261 1.38261 1.38261 1.38261 1.34294 0.984588 0.727535 0.595799 0.464203 0.341748 0.316210 0.316210 0.316210 0.316210 0.316210 0.316210 0.316210 0.316210 0.316210 0.316210 0.316210 0.316210 0.00000 0.00000 0.00000 0.00000 0.00000 0.00000 0.00000 0.00000 0.00000 0.00000 0.00000 0.00000 0.00000 0.00000 0.00000 0.898774 0.898774 0.898774 0.898774 0.898774 0.898774 0.898774 0.898774 0.908837 0.958037 1.01142 1.06457 1.11787 1.17111 1.20000
3.32344 3.32344 3.13829 1.39212 1.38261 1.38261 1.38261 1.38261 1.38261 1.38261 1.38261 1.38261 1.38261 1.32055 1.13377 0.943557 0.753343 0.563129 0.412588 0.374925 0.316210 0.316210 0.316210 0.316210 0.316210 0.316210 0.316210 0.316210 0.316210 0.316210 0.316210 0.316210 0.316210 0.316210 0.316210 0.316210 0.316210 0.00000 0.00000 0.00000 0.00000 0.00000 0.00000 0.00000 0.00000 0.00000 0.00000 0.00000 0.00000 0.00000 0.00000 0.00000 0.898774 0.900732 0.939869 0.993167 1.04637 1.09964 1.15288 1.19611 1.20006 1.20006 1.20006 1.20006 1.20006 1.20006
3.32344 3.32344 3.32344 1.76670 1.38261 1.38261 1.38261 1.38261 1.29305 1.10294 0.912722 0.722410 0.532294 0.404044 0.400607 0.400607 0.400607 0.400607 0.400607 0.396759 0.318489 0.316210 0.316210 0.316210 0.316210 0.316210 0.316210 0.316210 0.316210 0.316210 0.316210 0.316210 0.316210 0.316210 0.316210 0.316210 0.316210 0.00000 0.00000 0.00000 0.00000 0.00000 0.00000 0.00000 0.00000 0.00000 0.00000 0.00000 1.10431 1.10431 1.10431 1.10431 1.12197 1.18596 1.20006 1.20006 1.20006 1.20006 1.20006 1.20006 1.20006 1.20006 1.20006 1.20006 1.20006 1.20006
3.32344 3.32344 3.32471 2.31436 1.07210 0.881789 0.691575 0.501361 0.400607 0.400607 0.400607 0.400607 0.400607 0.400607 0.400607 0.400607 0.400607 0.400607 0.400607 0.400607 0.338761 0.316210 0.316210 0.316210 0.316210 0.316210 0.316210 0.316210 0.316210 0.316210 0.316210 0.316210 0.316210 0.316210 0.316210 0.316210 0.316210 0.00000 0.00000 0.00000 0.00000 0.00000 1.10431 1.10431 1.10431 1.10431 1.10431 1.10431 1.10431 1.10431 1.10431 1.10431 1.13096 1.20006 1.20006 1.20006 1.20006 1.20006 1.20006 1.20006 1.20006 1.20006 1.20006 1.20006 1.20006 1.20006
3.92002 4.15189 4.38043 3.55359 0.400607 0.400607 0.400607 0.400607 0.400607 0.400607 0.400607 0.400607 0.400607 0.400607 0.400607 0.400607 0.400607 0.400607 0.400607 0.400607 0.362772 0.316210 0.316210 0.316210 0.316210 0.316210 0.316210 0.316210 0.316210 0.316210 0.316210 0.316210 0.316210 0.316210 0.316210 0.316210 0.316210 0.922632 1.10431 1.10431 1.10431 1.10431 1.10431 1.10431 1.10431 1.10431 1.10431 1.10431 1.10431 1.10431 1.10431 1.10431 1.10761 1.19667 1.20006 1.20006 1.20006 1.20006 1.20006 1.20006 1.20006 1.20006 1.20006 1.20006 1.20006 1.20006
4.47247 4.47247 4.47247 4.42523 0.701458 0.400607 0.400607 0.400607 0.400607 0.400607 0.400607 0.400607 0.400607 0.400607 0.400607 0.400607 0.400607 0.400607 0.400607 0.400607 0.386867 0.316210 0.316210 0.316210 0.316210 0.316210 0.316210 0.316210 0.316210 0.316210 0.316210 0.316499 0.466337 0.738270 1.01020 1.28243 1.55465 1.25145 1.10431 1.10431 1.10431 1.10431 1.10431 1.10431 1.10431 1.10431 1.10431 1.10431 1.10431 1.10431 1.10431 1.10431 1.10431 1.17325 1.20006 1.20006 1.20006 1.20006 1.20006 1.20006 1.20006 1.20006 1.20006 1.20006 1.20006 1.20006
4.47247 4.47247 4.47247 4.47247 1.82682 0.400607 0.400607 0.400607 0.400607 0.400607 0.400607 0.400607 0.400607 0.400607 0.400607 0.400607 0.400607 0.400607 0.400607 0.400607 0.400548 0.326633 0.316210 0.316210 0.316210 0.316210 0.334127 0.550575 0.822653 1.09502 1.36695 1.63874 1.76113 1.76113 1.76113 1.76113 1.76113 1.44113 1.10431 1.10431 1.10431 1.10431 1.10431 1.10431 1.10431 1.10431 1.10431 1.10431 1.10431 1.10431 1.10431 1.10431 1.10431 1.14651 1.20006 1.20006 1.20006 1.20006 1.20006 1.20006 1.20006 1.20006 1.20006 1.20006 1.20006 1.20006
4.47247 4.47247 4.47247 4.47247 2.99834 0.400607 0.400607 0.400607 0.400607 0.400607 0.400607 0.400607 0.400607 0.400607 0.400607 0.400607 0.400607 0.400607 0.400607 0.400607 0.400607 0.408289 0.635248 0.907326 1.17940 1.45148 1.70564 1.76113 1.76113 1.76113 1.76113 1.76113 1.76113 1.76113 1.76113 1.76113 1.76113 1.62572 1.10431 1.10431 1.10431 1.10431 1.10431 1.10431 1.10431 1.10431 1.10431 1.10431 1.10431 1.10431 1.10431 1.10431 1.10431 1.11979 1.20006 1.20006 1.20006 1.20006 1.20006 1.20006 1.20006 1.20006 1.19919 1.19275 1.18532 1.17789
4.47247 4.47247 4.47247 4.47247 4.13620 0.435625 0.400607 0.400607 0.400607 0.400607 0.400607 0.400607 0.400607 0.400607 0.400607 0.400607 0.439083 0.555669 0.674515 0.793361 0.912085 1.23465 1.76113 1.76113 1.76113 1.76113 1.76113 1.76113 1.76113 1.76113 1.76113 1.76113 1.76113 1.76113 1.76113 1.76113 1.76113 1.75614 1.15844 1.10431 1.10431 1.10431 1.10431 1.10431 1.10431 1.10431 1.10431 1.10431 1.10431 1.10431 1.10431 1.10431 1.10431 1.10440 1.18871 1.20006 1.19999 1.19535 1.18792 1.18049 1.17305 1.16563 1.15907 1.15807 1.15807 1.15807
4.47247 4.47247 4.47247 4.47247 4.47247 1.27076 0.400607 0.400607 0.400607 0.400607 0.400607 0.453557 0.572220 0.691005 0.809851 0.928758 1.00901 1.01133 1.01133 1.01133 1.01133 1.04724 1.74239 1.76113 1.76113 1.76113 1.76113 1.76113 1.76113 1.76113 1.76113 1.76113 1.76113 1.76113 1.76113 1.76113 1.76113 1.76113 1.33792 1.10431 1.10431 1.10431 1.10431 1.10431 1.10431 1.10431 1.10431 1.10431 1.10431 1.10431 1.10431 1.10431 1.10431 1.10431 1.16192 1.16822 1.16086 1.15807 1.15807 1.15807 1.15807 1.15807 1.15807 1.15807 1.15807 1.15807
4.47247 4.47247 4.47247 4.47247 4.47247 2.44389 0.469863 0.588709 0.707616 0.826340 0.945247 1.01114 1.01133 1.01133 1.01133 1.01133 1.01133 1.01133 1.01133 1.01133 1.01133 1.01133 1.56560 1.76113 1.76113 1.76113 1.76113 1.76113 1.76113 1.76113 1.76113 1.76113 1.76113 1.76113 1.76113 1.76113 1.76113 1.76113 1.52255 1.10431 1.10431 1.10431 1.10431 1.10431 1.10431 1.10431 1.10431 1.10431 1.10431 1.10431 1.10431 1.10431 0.00000 0.00000 1.15807 1.15807 1.15807 1.15807 1.15807 1.15807 1.15807 1.15807 1.15807 1.15807 1.15807 1.15807
4.47120 4.26065 3.89858 3.53650 3.17443 2.44910 1.01133 1.01133 1.01133 1.01133 1.01133 1.01133 1.01133 1.01133 1.01133 1.01133 1.01133 1.01133 1.01133 1.01133 1.01133 1.01133 1.35287 1.76113 1.76113 1.76113 1.76113 1.76113 1.76113 1.76113 1.76113 1.76113 1.76113 1.76113 1.76113 1.76113 1.76113 1.76113 1.70313 1.10825 1.10431 1.10431 1.10431 1.10431 1.10431 1.10431 0.00000 0.00000 0.00000 0.00000 0.00000 0.00000 0.00000 0.00000 1.15807 1.15807 1.15807 1.15807 1.15807 1.15807 1.15807 1.15807 1.15807 1.15807 1.15807 1.15807
2.81362 2.66209 2.66209 2.66209 2.66209 2.64905 1.15012 1.01133 1.01133 1.01133 1.01133 1.01133 1.01133 1.01133 1.01133 1.01133 1.01133 1.01133 1.01133 1.01133 1.01133 1.01133 1.14021 1.76113 1.76113 1.76113 1.76113 1.76113 1.76113 1.76113 1.76113 1.76113 1.76113 1.76113 1.76113 1.66807 1.48815 1.30814 1.12823 0.985078 1.10431 0.00000 0.00000 0.00000 0.00000 0.00000 0.00000 0.00000 0.00000 0.00000 0.00000 0.00000 0.00000 0.00000 0.00000 1.15807 1.15807 1.15807 1.15807 1.15807 1.15807 1.15807 1.15807 1.15807 1.15807 1.15807
2.66209 2.66209 2.66209 2.66209 2.66209 2.66209 1.61043 1.01133 1.01133 1.01133 1.01133 1.01133 1.01133 1.01133 1.01133 1.01133 1.01133 1.01133 1.01133 1.01133 1.01133 1.01133 1.01253 1.67603 1.76113 1.76113 1.76113 1.76113 1.76113 1.75187 1.61347 1.43346 1.25355 1.07364 0.893531 0.806676 0.806676 0.806676 0.806676 0.806676 0.00000 0.00000 0.00000 0.00000 0.00000 0.00000 0.00000 0.00000 0.00000 0.00000 0.00000 0.00000 0.00000 0.00000 0.00000 1.15807 1.15807 1.15807 1.15807 1.15807 1.15807 1.15807 1.15807 1.15807 1.15807 1.15807
2.66209 2.66209 2.66209 2.66209 2.66209 2.66209 2.08432 1.01133 1.01133 1.01133 1.01133 1.01133 1.01133 1.01133 1.01133 1.01133 1.01133 1.01133 1.01133 1.01133 1.01133 1.01133 1.01133 1.46454 1.72610 1.55869 1.37887 1.19886 1.01885 0.848195 0.806676 0.806676 0.806676 0.806676 0.806676 0.806676 0.806676 0.806676 0.806676 0.806676 0.00000 0.00000 0.00000 0.00000 0.00000 0.00000 0.00000 0.00000 0.00000 0.00000 0.00000 0.00000 0.00000 0.00000 0.00000 1.15807 1.15807 1.15807 1.15807 1.15807 1.15807 1.15807 1.15807 1.15807 1.15807 1.15916
