High_resolution/powerplant/Fengdu/OMI_NO2_200910.asc
ncols      200
nrows      200
xllcorner       105.978
yllcorner       28.1831
cellsize     0.0166667
NODATA_Value      -999.000
[rows 30 to 59 of 200, columns 66 to 131 of 200]
2.38725 2.38725 2.38725 2.38725 2.38725 1.14506 0.524432 0.524432 0.524432 0.524432 0.524432 0.524432 0.524432 0.524432 0.524432 0.524432 0.524432 0.524432 0.586997 0.890993 1.30109 1.91201 1.43498 1.02185 0.699222 0.676783 0.676783 0.676783 0.676783 0.676783 0.676783 0.676783 0.676783 0.676783 0.676783 0.676783 0.676783 0.00000 0.00000 0.00000 0.00000 0.00000 0.00000 0.00000 0.00000 0.00000 0.00000 0.00000 0.00000 0.00000 0.00000 0.00000 0.00000 0.00000 0.00000 0.00000 0.00000 0.00000 0.00000 0.00000 0.00000 0.00000 0.00000 0.00000 0.00000 0.00000
2.38725 2.38725 2.38725 2.38725 2.38725 1.66578 0.524432 0.524432 0.524432 0.524432 0.524432 0.524432 0.563199 0.847236 1.17426 1.50129 1.82870 2.15573 2.42019 2.44360 2.44360 1.17626 0.676783 0.676783 0.676783 0.676783 0.676783 0.676783 0.676783 0.676783 0.676783 0.676783 0.676783 0.676783 0.676783 0.676783 0.676783 0.00000 0.00000 0.00000 0.00000 0.00000 0.00000 0.00000 0.00000 0.00000 0.00000 0.00000 0.00000 0.00000 0.00000 0.00000 0.00000 0.00000 0.00000 0.00000 0.00000 0.00000 0.00000 0.00000 0.00000 0.00000 0.00000 0.00000 3.33408 3.33408
2.38725 2.38725 2.38725 2.38725 2.38725 2.18309 0.548506 0.803479 1.13070 1.45792 1.78494 2.11197 2.40061 2.44360 2.44360 2.44360 2.44360 2.44360 2.44360 2.44360 2.44360 1.66441 0.676783 0.676783 0.676783 0.676783 0.676783 0.676783 0.676783 0.676783 0.676783 0.676783 0.676783 0.676783 0.676783 0.676783 0.676783 0.676783 0.00000 0.00000 0.00000 0.00000 0.00000 0.00000 0.00000 0.00000 0.00000 0.00000 0.00000 0.00000 0.00000 0.00000 0.00000 0.00000 0.00000 0.00000 0.00000 0.00000 0.00000 3.33408 3.33408 3.33408 3.33408 3.33408 3.33408 3.33408
2.38725 2.30225 2.14100 1.97993 1.81877 1.65761 2.22381 2.44360 2.44360 2.44360 2.44360 2.44360 2.44360 2.44360 2.44360 2.44360 2.44360 2.44360 2.44360 2.44360 2.44360 2.15278 0.676783 0.676783 0.676783 0.676783 0.676783 0.676783 0.676783 0.676783 0.676783 0.676783 0.676783 0.676783 0.676783 0.676783 0.676783 0.676783 0.00000 0.00000 0.00000 0.00000 0.00000 0.00000 0.00000 0.00000 0.00000 0.00000 0.00000 0.00000 0.00000 0.00000 0.00000 0.00000 0.00000 3.33408 3.33408 3.33408 3.33408 3.33408 3.33408 3.33408 3.33408 3.33408 3.33408 3.33408
1.55239 1.47622 1.47622 1.47622 1.47622 1.47622 2.00967 2.44360 2.44360 2.44360 2.44360 2.44360 2.44360 2.44360 2.44360 2.44360 2.44360 2.44360 2.44360 2.44360 2.44360 2.44131 0.876590 0.676783 0.676783 0.676783 0.676783 0.676783 0.676783 0.676783 0.676783 0.676783 0.676783 0.676783 0.676783 0.676783 0.676783 0.676783 0.00000 0.00000 0.00000 0.00000 0.00000 0.00000 0.00000 0.00000 0.00000 0.00000 0.00000 0.00000 0.00000 0.00000 0.00000 3.33408 3.33408 3.33408 3.33408 3.33408 3.33408 3.33408 3.33408 3.33408 3.33408 3.33408 3.33408 3.33408
1.47622 1.47622 1.47622 1.47622 1.47622 1.47622 1.74073 2.44360 2.44360 2.44360 2.44360 2.44360 2.44360 2.44360 2.44360 2.44360 2.44360 2.44360 2.44360 2.44360 2.44360 2.44360 1.36249 0.676783 0.676783 0.676783 0.676783 0.676783 0.676783 0.676783 0.676783 0.676783 0.676783 0.676783 0.676783 0.676783 0.676783 0.676783 0.00000 0.00000 0.00000 0.00000 0.00000 0.00000 0.00000 0.00000 0.00000 0.00000 0.00000 0.00000 0.00000 0.00000 0.00000 3.33408 3.33408 3.33408 3.33408 3.33408 3.33408 3.33408 3.33408 3.33408 3.33408 3.33408 3.33408 3.33408
1.47622 1.47622 1.47622 1.47622 1.47622 1.47622 1.50766 2.40781 2.44360 2.44360 2.44360 2.44360 2.44360 2.44360 2.44360 2.44360 2.44360 2.44360 2.44360 2.44360 2.44360 2.44360 1.85089 0.676783 0.676783 0.676783 0.676783 0.676783 0.676783 0.676783 0.676783 0.676783 0.676783 0.676783 0.00000 0.00000 0.00000 0.00000 0.00000 0.00000 0.00000 0.00000 0.00000 0.00000 0.00000 0.00000 0.00000 0.00000 0.00000 0.00000 0.00000 0.00000 0.00000 0.00000 3.33408 3.33408 3.33408 3.33408 3.33408 3.33408 3.33408 3.33408 3.33408 3.33408 3.33408 3.33408
1.47622 1.47622 1.47622 1.47622 1.47622 1.47622 1.47622 2.17061 2.44360 2.44360 2.44360 2.44360 2.44360 2.44360 2.44360 2.44360 2.44360 2.44360 2.44360 2.44360 2.44360 2.44334 2.31681 0.705670 0.676783 0.676783 0.676783 0.676783 0.00000 0.00000 0.00000 0.00000 0.00000 0.00000 0.00000 0.00000 0.00000 0.00000 0.00000 0.00000 0.00000 0.00000 0.00000 0.00000 0.00000 0.00000 0.00000 0.00000 0.00000 0.00000 0.00000 0.00000 0.00000 0.00000 3.33408 3.33408 3.33408 3.33408 3.33408 3.33408 3.33408 3.33408 3.33408 3.33408 3.33408 3.33408
1.47622 1.47622 1.47622 1.47622 1.47622 1.47622 1.47622 1.90187 2.44360 2.44360 2.44360 2.44360 2.44360 2.44360 2.44360 2.44348 2.44154 2.43902 2.43651 2.43399 2.43147 2.42922 2.42884 2.42884 0.00000 0.00000 0.00000 0.00000 0.00000 0.00000 0.00000 0.00000 0.00000 0.00000 0.00000 0.00000 0.00000 0.00000 0.00000 0.00000 0.00000 0.00000 0.00000 0.00000 0.00000 0.00000 0.00000 0.00000 0.00000 0.00000 0.00000 0.00000 0.00000 0.00000 3.33408 3.33408 3.33408 3.33408 3.33408 3.33408 3.33408 3.33408 3.33408 3.33408 3.33408 3.33408
1.47622 1.47622 1.47622 1.47622 1.47622 1.47622 1.47622 1.63313 2.44360 2.44356 2.44189 2.43937 2.43685 2.43433 2.43182 2.42943 2.42884 2.42884 2.42884 2.42884 2.42884 2.42884 2.42884 2.42884 0.00000 0.00000 0.00000 0.00000 0.00000 0.00000 0.00000 0.00000 0.00000 0.00000 0.00000 0.00000 0.00000 0.00000 0.00000 0.00000 0.00000 0.00000 0.00000 0.00000 0.00000 0.00000 0.00000 0.00000 0.00000 0.00000 0.00000 0.00000 0.00000 0.00000 0.00000 3.33408 3.33408 3.33408 3.33408 3.33408 3.33408 3.33408 3.33420 3.33491 3.33570 3.33649
1.47622 1.47622 1.47622 1.47622 1.47649 1.47713 1.47777 1.47938 2.32182 2.42968 2.42884 2.42884 2.42884 2.42884 2.42884 2.42884 2.42884 2.42884 2.42884 2.42884 2.42884 2.42884 2.42884 2.42884 0.00000 0.00000 0.00000 0.00000 0.00000 0.00000 0.00000 0.00000 0.00000 0.00000 0.00000 0.00000 0.00000 0.00000 0.00000 0.00000 0.00000 0.00000 0.00000 0.00000 0.00000 0.00000 0.00000 0.00000 0.00000 0.00000 0.00000 0.00000 0.00000 0.00000 0.00000 3.33408 3.33408 3.33408 3.33456 3.33535 3.33614 3.33693 3.33760 3.33767 3.33767 3.33767
1.47755 1.47819 1.47883 1.47948 1.47985 1.47986 1.47986 1.47986 2.05586 2.42884 2.42884 2.42884 2.42884 2.42884 2.42884 2.42884 2.42884 2.42884 2.42884 2.42884 2.42884 2.42884 2.42884 2.42884 2.42884 0.00000 0.00000 0.00000 0.00000 0.00000 0.00000 0.00000 0.00000 0.00000 0.00000 0.00000 0.00000 0.00000 0.00000 0.00000 0.00000 0.00000 0.00000 0.00000 0.00000 0.00000 0.00000 0.00000 0.00000 0.00000 0.00000 0.00000 0.00000 0.00000 0.00000 3.33552 3.33658 3.33736 3.33767 3.33767 3.33767 3.33767 3.33767 3.33767 3.33767 3.33767
1.47986 1.47986 1.47986 1.47986 1.47986 1.47986 1.47986 1.47986 1.79204 2.42884 2.42884 2.42884 2.42884 2.42884 2.42884 2.42884 2.42884 2.42884 2.42884 2.42884 2.42884 2.42884 2.42884 2.42884 2.42884 0.00000 0.00000 0.00000 0.00000 0.00000 0.00000 0.00000 0.00000 0.00000 0.00000 0.00000 1.14077 1.14077 1.14077 1.14077 0.00000 0.00000 0.00000 0.00000 0.00000 0.00000 0.00000 0.00000 0.00000 0.00000 0.00000 0.00000 0.00000 0.00000 0.00000 3.33767 3.33767 3.33767 3.33767 3.33767 3.33767 3.33767 3.33767 3.33767 3.33767 3.33767
1.47986 1.47986 1.47986 1.47986 1.47986 1.47986 1.47986 1.47986 1.54154 2.41565 2.42884 2.42884 2.42884 2.42884 2.42884 2.42884 2.42884 2.42884 2.42884 2.42884 2.42884 2.42884 2.42884 2.42884 2.42884 0.00000 0.00000 0.00000 0.00000 0.00000 1.14077 1.14077 1.14077 1.14077 1.14077 1.14077 1.14077 1.14077 1.14077 1.14077 1.14077 0.00000 0.00000 0.00000 0.00000 0.00000 0.00000 0.00000 0.00000 0.00000 0.00000 0.00000 0.00000 0.00000 0.00000 0.00000 3.33767 3.33767 3.33767 3.33767 3.33767 3.33767 3.33767 3.33767 3.33767 3.33767
1.47986 1.47986 1.47986 1.47986 1.47986 1.47986 1.47986 1.47986 1.47986 2.21380 2.42884 2.42884 2.42884 2.42884 2.42884 2.42884 2.42884 2.42884 2.42884 2.42884 2.42884 2.42884 2.42884 2.42884 2.41450 1.14077 1.14077 1.14077 1.14077 1.14077 1.14077 1.14077 1.14077 1.14077 1.14077 1.14077 1.14077 1.14077 1.14077 1.14077 1.14077 0.00000 0.00000 0.00000 0.00000 0.00000 0.00000 0.00000 0.00000 0.00000 0.00000 0.00000 0.00000 0.00000 0.00000 0.00000 3.33767 3.33767 3.33767 3.33767 3.33767 3.33767 3.33767 3.33767 3.33767 3.33767
1.47986 1.47986 1.47986 1.47986 1.47986 1.47986 1.47986 1.47986 1.47986 1.95008 2.42884 2.42884 2.42884 2.42884 2.42884 2.42884 2.42884 2.42884 2.42548 2.24908 1.97567 1.70227 1.42870 1.15562 0.894538 1.09667 1.14077 1.14077 1.14077 1.14077 1.14077 1.14077 1.14077 1.14077 1.14077 1.14077 1.14077 1.14077 1.14077 1.14077 1.14077 0.00000 0.00000 0.00000 0.00000 0.00000 0.00000 0.00000 0.00000 0.00000 0.00000 0.00000 0.00000 0.00000 0.00000 0.00000 3.33767 3.33767 3.33767 3.33767 3.33767 3.33767 3.33767 3.33767 3.33767 3.33767
1.47986 1.47986 1.47986 1.47986 1.47986 1.47986 1.47986 1.47986 1.47986 1.68655 2.42884 2.42884 2.42884 2.28878 2.01521 1.74197 1.46856 1.19516 0.924952 0.828108 0.828108 0.828108 0.828108 0.828108 0.828108 1.01068 1.14077 1.14077 1.14077 1.14077 1.14077 1.14077 1.14077 1.14077 1.14077 1.14077 1.14077 1.14077 1.14077 1.14077 1.14077 0.00000 0.00000 0.00000 0.00000 0.00000 0.00000 0.00000 0.00000 0.00000 0.00000 0.00000 0.00000 0.00000 0.00000 0.00000 0.00000 3.33767 3.33767 3.33767 3.33767 3.33767 3.33767 3.33767 3.33767 3.29930
1.47986 1.47986 1.47986 1.47986 1.47986 1.47986 1.47986 1.47813 1.47243 1.47722 1.54152 1.23469 0.961449 0.828108 0.828108 0.828108 0.828108 0.828108 0.828108 0.828108 0.828108 0.828108 0.828108 0.828108 0.828108 0.924627 1.14077 1.14077 1.14077 1.14077 1.14077 1.14077 1.14077 1.14077 1.14077 1.14077 1.14077 1.14077 1.14077 1.14077 1.14077 1.14077 0.00000 0.00000 0.00000 0.00000 0.00000 0.00000 0.00000 0.00000 0.00000 0.00000 0.00000 0.00000 0.00000 0.00000 0.00000 3.33767 3.33767 3.33767 3.33485 3.20378 3.00345 2.80302 2.60269 2.44082
1.47986 1.47932 1.47443 1.46858 1.46274 1.45688 1.45104 1.44692 1.44677 1.44677 1.03684 0.828108 0.828108 0.828108 0.828108 0.828108 0.828108 0.828108 0.828108 0.828108 0.828108 0.828108 0.828108 0.828108 0.828108 0.844773 1.13467 1.14077 1.14077 1.14077 1.14077 1.14077 1.14077 1.14077 1.14077 1.14077 1.14077 1.14077 1.14077 1.14077 1.14077 1.14077 0.00000 0.00000 0.00000 0.00000 0.00000 0.00000 0.00000 0.00000 0.00000 0.00000 0.00000 0.00000 0.00000 0.00000 0.00000 3.25441 2.89400 2.69301 2.49550 2.42623 2.42623 2.42623 2.42623 2.42623
1.45302 1.44772 1.44677 1.44677 1.44677 1.44677 1.44677 1.44677 1.44677 1.44677 1.20882 0.828108 0.828108 0.828108 0.828108 0.828108 0.828108 0.828108 0.828108 0.828108 0.828108 0.828108 0.828108 0.828108 0.828108 0.828108 1.06533 1.14077 1.14077 1.14077 1.14077 1.14077 1.14077 1.14077 1.14077 1.14077 1.14077 1.14077 1.14077 1.14077 1.08383 0.966172 0.00000 0.00000 0.00000 0.00000 0.00000 0.00000 0.00000 0.00000 0.00000 0.00000 0.00000 0.00000 0.00000 0.00000 0.00000 0.00000 2.42623 2.42623 2.42623 2.42623 2.42623 2.42623 2.42623 2.42623
1.44677 1.44677 1.44677 1.44677 1.44677 1.44677 1.44677 1.44677 1.44677 1.44677 1.37964 0.829283 0.828108 0.828108 0.828108 0.828108 0.828108 0.828108 0.828108 0.828108 0.828108 0.828108 0.828108 0.828108 0.828108 0.828108 0.979375 1.14077 1.14077 1.14077 1.14077 1.14077 1.14077 1.14051 1.07844 0.969998 0.861426 0.752787 0.644149 0.535576 0.483950 0.483950 0.483950 0.00000 0.00000 0.00000 0.00000 0.00000 0.00000 0.00000 0.00000 0.00000 0.00000 0.00000 0.00000 0.00000 0.00000 0.00000 2.42623 2.42623 2.42623 2.42623 2.42623 2.42623 2.42623 2.42623
1.44677 1.44677 1.44677 1.44677 1.44677 1.44677 1.44677 1.44677 1.44677 1.44677 1.44677 0.933960 0.828108 0.828108 0.828108 0.828108 0.828108 0.828108 0.828108 0.828108 0.828108 0.828108 0.828108 0.828108 0.828108 0.828108 0.893361 1.13998 1.07318 0.964481 0.856105 0.747467 0.638894 0.530453 0.483950 0.483950 0.483950 0.483950 0.483950 0.483950 0.483950 0.483950 0.483950 0.00000 0.00000 0.00000 0.00000 0.00000 0.00000 0.00000 0.00000 0.00000 0.00000 0.00000 0.00000 0.00000 0.00000 0.00000 2.42623 2.42623 2.42623 2.42623 2.42623 2.42623 2.42623 2.42623
1.44677 1.44677 1.44677 1.44677 1.44677 1.44677 1.44677 1.44677 1.44677 1.44677 1.44677 1.10582 0.828108 0.828108 0.828108 0.828108 0.828108 0.828108 0.828108 0.828108 0.828108 0.828108 0.865269 0.939633 1.01395 1.08823 1.16373 0.584203 0.483950 0.483950 0.483950 0.483950 0.483950 0.483950 0.483950 0.483950 0.483950 0.483950 0.483950 0.483950 0.483950 0.483950 0.483950 0.00000 0.00000 0.00000 0.00000 0.00000 0.00000 0.00000 0.00000 0.00000 0.00000 0.00000 0.00000 0.00000 0.00000 0.00000 2.42623 2.42623 2.42623 2.42623 2.42623 2.42623 2.42623 2.42623
1.44677 1.44677 1.44677 1.44677 1.44677 1.44677 1.44677 1.44677 1.44677 1.44677 1.44677 1.27763 0.828108 0.828108 0.828108 0.828108 0.854751 0.928246 1.00261 1.07693 1.15121 1.22557 1.26274 1.26274 1.26274 1.26274 1.26274 0.748346 0.483950 0.483950 0.483950 0.483950 0.483950 0.483950 0.483950 0.483950 0.483950 0.483950 0.483950 0.483950 0.483950 0.483950 0.483950 0.00000 0.00000 0.00000 0.00000 0.00000 0.00000 0.00000 0.00000 0.00000 0.00000 0.00000 0.00000 0.00000 0.00000 0.00000 0.00000 2.42623 2.42623 2.42623 2.42623 2.42623 2.42623 2.42623
1.44677 1.44677 1.44677 1.44677 1.44677 1.44677 1.44677 1.44677 1.44677 1.44677 1.46653 1.53635 1.01719 1.06559 1.13985 1.21419 1.26187 1.26274 1.26274 1.26274 1.26274 1.26274 1.26274 1.26274 1.26274 1.26274 1.26274 0.961453 0.483950 0.483950 0.483950 0.483950 0.483950 0.483950 0.483950 0.483950 0.483950 0.483950 0.483950 0.483950 0.483950 0.483950 0.483950 0.483950 0.00000 0.00000 0.00000 0.00000 0.00000 0.00000 0.00000 0.00000 0.00000 0.00000 0.00000 0.00000 0.00000 0.00000 0.00000 2.42623 2.42623 2.42623 2.42623 2.42690 2.44075 2.45973
1.44677 1.44677 1.44677 1.44677 1.45150 1.52510 1.62080 1.71682 1.81295 1.90866 1.98497 1.99112 1.46802 1.26274 1.26274 1.26274 1.26274 1.26274 1.26274 1.26274 1.26274 1.26274 1.26274 1.26274 1.26274 1.26274 1.26274 1.17366 0.484729 0.483950 0.483950 0.483950 0.483950 0.483950 0.483950 0.483950 0.483950 0.483950 0.483950 0.483950 0.483950 0.483950 0.483950 0.483950 0.00000 0.00000 0.00000 0.00000 0.00000 0.00000 0.00000 0.00000 0.00000 0.00000 0.00000 0.00000 0.00000 0.00000 0.00000 2.50582 2.45250 2.47026 2.48924 2.50754 2.51267 2.51267
1.58944 1.68546 1.78154 1.87729 1.96858 1.99112 1.99112 1.99112 1.99112 1.99112 1.99112 1.99112 1.67047 1.26274 1.26274 1.26274 1.26274 1.26274 1.26274 1.26274 1.26274 1.26274 1.26274 1.26274 1.26274 1.26274 1.26274 1.26274 0.608842 0.483950 0.483950 0.483950 0.483950 0.483950 0.483950 0.483950 0.483950 0.483950 0.483950 0.483950 0.483950 0.483950 0.483950 0.483950 0.00000 0.00000 0.00000 0.00000 0.00000 0.00000 0.00000 0.00000 0.00000 0.00000 2.54863 2.54863 2.54863 2.54863 2.54863 2.54863 2.52354 2.51267 2.51267 2.51267 2.51267 2.51267
1.99112 1.99112 1.99112 1.99112 1.99112 1.99112 1.99112 1.99112 1.99112 1.99112 1.99112 1.99112 1.87297 1.26274 1.26274 1.26274 1.26274 1.26274 1.26274 1.26274 1.26274 1.26274 1.26274 1.26274 1.26274 1.26274 1.26274 1.26274 0.821875 0.483950 0.483950 0.483950 0.483950 0.483950 0.483950 0.483950 0.483950 0.483950 0.483950 0.483950 0.483950 0.483950 0.483950 0.483950 0.00000 0.00000 0.00000 0.00000 0.00000 0.00000 2.54863 2.54863 2.54863 2.54863 2.54863 2.54863 2.54863 2.54863 2.54863 2.54863 2.53444 2.51267 2.51267 2.51267 2.51267 2.51267
1.99112 1.99112 1.99112 1.99112 1.99112 1.99112 1.99112 1.99112 1.99112 1.99112 1.99112 1.99112 1.99039 1.34759 1.26274 1.26274 1.26274 1.26274 1.26274 1.26274 1.26274 1.26274 1.26274 1.26274 1.26274 1.26274 1.26274 1.26274 1.03486 0.483950 0.483950 0.483950 0.483950 0.483950 0.483950 0.483950 0.483950 0.483950 0.00000 0.00000 0.00000 0.00000 0.00000 0.00000 0.00000 2.54863 2.54863 2.54863 2.54863 2.54863 2.54863 2.54863 2.54863 2.54863 2.54863 2.54863 2.54863 2.54863 2.54863 2.54863 2.54512 2.51289 2.51267 2.51267 2.51267 2.51267
1.99112 1.99112 1.99112 1.99112 1.99112 1.99112 1.99112 1.99112 1.99112 1.99112 1.99112 1.99112 1.99112 1.54928 1.26274 1.26274 1.26274 1.26274 1.26274 1.26274 1.26274 1.26274 1.26274 1.26274 1.26274 1.22340 1.11663 1.00860 0.873022 0.497287 0.483950 0.483950 0.00000 0.00000 0.00000 0.00000 0.00000 0.00000 0.00000 0.00000 0.00000 2.54863 2.54863 2.54863 2.54863 2.54863 2.54863 2.54863 2.54863 2.54863 2.54863 2.54863 2.54863 2.54863 2.54863 2.54863 2.54863 2.54863 2.54863 2.54863 2.54863 2.52028 2.51267 2.51267 2.51267 2.51267
