High_resolution/powerplant/Fengdu/OMI_NO2_2005_06-08.asc
ncols      200
nrows      200
xllcorner       105.978
yllcorner       28.1831
cellsize     0.0166667
NODATA_Value      -999.000
[rows 30 to 59 of 200, columns 0 to 65 of 200]
2.21783 1.98252 2.02359 2.00093 1.97840 2.01003 2.29459 2.15626 2.18415 2.22152 2.13097 2.06605 2.17536 2.18893 2.09530 2.09585 2.23484 2.21696 2.22461 2.44540 2.57986 2.36936 2.25033 2.11747 2.17445 2.18741 1.90563 1.76996 1.89484 1.91757 1.87862 1.84802 1.85017 1.78745 1.74934 1.72756 1.74502 1.75279 1.80143 1.93277 1.98991 2.02529 2.01708 2.04035 2.15617 2.60583 2.47634 2.40517 2.42635 2.48574 2.53347 2.66100 2.64982 2.79640 2.79855 2.87224 2.77002 2.87725 3.04824 3.09883 3.23895 3.26285 3.16153 3.00603 2.98375 2.91063
2.21591 1.98981 2.07780 2.13885 2.20299 2.25979 2.45413 2.33948 2.28881 2.31865 2.17388 2.08980 2.20392 2.20392 2.07961 2.07961 2.18793 2.26386 2.24144 2.46960 2.59487 2.28056 2.21480 2.04393 2.09346 2.03301 1.86031 1.65365 1.78363 1.91548 1.91986 1.92306 1.92831 1.87278 1.76770 1.73444 1.77189 1.78894 1.83702 2.04026 2.19572 2.32587 2.48785 2.64204 2.71727 3.23288 3.24688 3.23746 3.28322 3.28636 3.27909 3.44037 3.42081 3.19716 3.14715 3.17879 3.02403 3.13710 3.13842 3.23707 3.30033 3.33188 3.26763 3.20832 3.23918 3.23165
2.19963 2.21747 2.33350 2.31562 2.18117 2.17851 2.24690 2.26886 2.17528 2.17477 2.17452 2.11957 2.16790 2.16790 2.08588 2.09845 2.15539 2.21289 2.15808 2.22644 2.23635 2.09886 2.18219 2.05741 2.07619 2.02975 1.96008 1.65505 1.74116 2.03233 2.06204 2.09284 2.10964 2.10607 1.97800 1.95521 1.99668 1.99141 2.16113 2.47060 2.76838 2.77890 2.84265 2.91423 2.85012 3.15514 3.26639 3.18940 3.20264 3.21786 3.22772 3.44802 3.44109 3.21068 3.10067 3.11667 3.10801 3.23238 3.29765 3.55824 3.72567 3.70760 3.64491 3.66371 3.72976 3.69149
2.18237 2.36322 2.50240 2.46735 2.28337 2.33693 2.34590 2.59101 2.43752 2.50583 2.51244 2.40002 2.33869 2.32453 2.30668 2.29043 2.29249 2.19094 2.14088 2.15943 2.21762 2.13132 2.21474 2.13158 2.09987 2.05461 2.05252 1.65201 1.64027 2.14034 2.15960 2.19354 2.23424 2.29383 2.17772 2.22718 2.19921 2.10185 2.21827 2.48209 2.74330 2.73658 2.78718 2.87711 2.89375 3.11388 3.39070 3.30808 3.30427 3.31154 3.32557 3.52417 3.44466 3.16360 3.06478 3.24509 3.56163 3.73946 3.75589 3.93186 3.99696 3.89454 3.83066 3.64655 3.68364 3.74258
1.93989 2.27860 2.57840 2.57498 2.58453 2.62180 2.67667 2.69146 2.49395 2.47975 2.48190 2.45181 2.30395 2.29916 2.29754 2.30259 2.32335 2.25657 2.21374 2.21129 2.32152 2.21028 2.22454 2.17246 2.11396 2.04907 2.05981 1.85633 1.33718 1.66361 1.77539 1.78749 1.77947 2.24920 2.10404 2.09132 2.03417 1.94570 2.12456 2.38158 2.75062 2.78048 2.83103 2.92748 2.92473 3.01415 3.32691 3.20240 3.12139 3.07329 3.01798 3.12826 3.12659 2.99275 2.97838 3.15935 3.65688 3.80434 3.81945 3.98065 4.00145 3.83579 3.78298 3.46800 3.42967 3.49352
2.19760 2.91646 2.87005 2.76714 2.80759 2.74971 2.75844 2.67896 2.50280 2.46978 2.47696 2.47766 2.29040 2.28702 2.29644 2.30148 2.32238 2.27793 2.18425 2.09659 2.16253 2.05407 2.09253 2.07406 1.96718 1.79838 1.42628 1.34876 1.40558 1.59374 1.73488 1.73646 1.52078 2.14923 2.08659 2.06534 2.03218 2.00223 2.10850 2.31895 2.62100 2.63634 2.60147 2.62998 2.63171 2.62921 2.80999 2.82551 2.79489 2.81156 2.91911 3.05795 3.09330 3.01681 2.96970 3.20022 3.71963 3.99795 3.99228 3.97731 3.92464 3.68214 3.64009 3.32378 3.28499 3.28288
2.88203 2.14955 2.97969 2.90163 2.93246 2.85410 2.85198 2.82380 2.60897 2.50275 2.50478 2.50915 2.35203 2.27209 2.24966 2.22616 2.20155 2.13348 2.00561 1.93475 1.97092 1.95206 2.07418 2.06839 1.95603 1.77864 1.62307 1.55615 1.69139 1.84865 2.16856 2.16194 1.83069 2.23597 2.15048 2.28050 2.23139 2.16699 2.26518 2.46148 2.59817 2.60812 2.62766 2.63726 2.67082 2.67063 2.77881 2.88207 2.81359 2.78571 2.84697 3.08213 3.07451 2.97729 2.81137 3.02941 3.33697 3.68005 3.70871 3.79939 3.75577 3.60034 3.49447 3.18061 3.14119 3.11567
2.14909 1.71927 3.09902 3.03673 3.02581 2.95314 2.94904 2.94106 2.72249 2.50536 2.46146 2.41886 2.27861 2.11012 2.10859 2.10265 2.09587 2.07262 1.91090 1.85173 1.89336 1.89027 2.02754 2.02951 1.97662 1.72789 1.54093 1.53414 1.64690 1.70983 2.15701 2.18113 1.86891 2.23638 2.17996 2.29431 2.29373 2.24326 2.38717 2.49039 2.63374 2.60696 2.60672 2.59166 2.58828 2.54735 2.56029 2.63269 2.53155 2.52616 2.63467 2.93066 2.85076 2.75161 2.63419 2.70022 2.88832 3.26730 3.32903 3.48106 3.41861 3.27420 2.91907 2.50880 2.63481 2.81307
1.71927 1.43272 3.17288 3.01504 2.97229 2.87278 2.79763 2.72540 2.55949 2.38838 2.35688 2.35101 2.32563 2.07307 2.07831 2.08236 2.08236 2.07620 1.96427 1.86996 1.90865 1.90476 2.02403 2.02117 2.01053 1.79482 1.81371 1.71066 1.80417 1.85309 2.25360 2.37668 2.11988 1.96895 2.53015 2.65975 2.70865 2.22830 2.45501 2.38216 2.84569 2.62319 2.49244 2.45919 2.76313 2.80315 2.83214 2.82012 2.65746 2.58309 2.59276 2.63610 2.57144 2.57932 2.51817 2.59211 2.65046 3.14896 3.17470 3.38171 3.31628 3.26928 2.99902 2.61773 2.72101 2.68871
1.83821 1.57561 3.06717 2.85982 2.62576 2.70546 2.72505 2.75230 2.71580 2.54444 2.40075 2.38308 2.39243 2.11850 2.11805 2.12625 2.12686 2.11779 2.05879 1.89932 1.91350 1.88153 1.95270 1.92208 1.98245 2.04016 2.05212 1.97024 2.06772 2.11490 2.47903 2.63070 2.22093 1.96077 2.00581 2.08907 2.02863 2.07250 2.27496 2.22746 2.29936 2.40587 2.36170 2.36252 2.67082 2.73233 2.73233 2.67678 2.51536 2.42728 2.46029 2.51234 2.50742 2.52498 2.52168 2.56385 2.59842 3.01812 3.15541 3.32803 3.31476 3.26445 3.14773 2.75571 2.86131 2.85434
1.88545 1.64763 1.46586 3.09952 2.67729 2.75127 2.73627 2.73707 2.72695 2.55505 2.37630 2.32847 2.32146 2.09667 1.97472 1.94909 1.86341 1.82357 1.84129 1.81753 1.91100 1.94300 2.06808 2.09714 2.06847 2.19179 2.22210 2.00427 2.00874 1.90187 1.98046 2.09792 1.73245 1.86494 1.94442 2.10636 2.07022 2.17198 2.37076 2.31272 2.38222 2.49685 2.42280 2.40066 2.62020 2.74950 2.75089 2.69669 2.58684 2.45682 2.48570 2.52645 2.56714 2.51021 2.52884 2.60072 2.66975 2.89903 3.14566 3.24372 3.31710 3.27955 3.22821 2.82991 2.90759 2.91570
2.77225 2.71115 2.66532 2.91474 2.68422 2.69436 2.64294 2.60540 2.54944 2.31691 2.03311 1.89570 1.92908 1.86775 1.80716 1.83178 1.80894 1.87142 1.87341 1.83283 1.85563 1.83740 1.90385 1.88393 1.84634 1.87157 1.93299 1.46577 1.47999 1.42895 1.43717 1.58088 1.25295 3.47351 3.32422 3.23850 3.29689 3.31416 3.28316 3.29127 3.29054 3.11542 2.66728 2.66656 2.72257 2.84724 2.86044 2.84449 2.81585 2.68605 2.74525 2.80792 2.79973 2.85313 2.82098 2.84257 2.83560 2.86652 3.17945 3.18006 3.35372 3.31918 3.28727 2.92521 2.89564 2.94291
2.79077 2.78076 2.71237 2.65134 2.57453 2.54606 2.49154 2.45814 2.46034 2.43962 2.32453 2.08123 2.11362 2.11447 2.07484 2.08204 2.01289 2.05394 2.02426 1.96709 1.98189 1.96751 1.97526 1.94461 1.88962 1.89455 2.00915 2.02106 1.49475 1.49218 3.35394 3.53763 3.62874 3.59270 3.44073 3.34147 3.35187 3.37631 3.35558 3.35580 3.33978 3.32594 2.79599 2.76054 2.83520 3.01511 3.07126 3.07750 3.10888 2.96278 2.95922 2.98096 2.92034 2.90789 2.83235 2.84628 2.83895 2.81523 3.29802 3.34256 3.46756 3.43601 3.37911 3.20227 3.11700 3.13238
2.63768 2.61773 2.57133 2.58239 2.59597 2.54134 2.52168 2.50855 2.51607 2.50398 2.47214 2.13902 2.16708 2.16987 2.15253 2.16719 2.10357 2.13991 2.12685 2.09091 2.12491 2.09363 2.06274 1.97921 1.93982 1.95583 2.11814 2.11555 1.70348 1.70213 3.28159 3.45704 3.57935 3.55148 3.45012 3.36200 3.36652 3.34302 3.36677 3.38577 3.38652 3.38316 3.08463 3.02237 2.98242 3.11961 3.14859 3.11850 3.11851 3.02161 3.00263 3.05387 3.00967 2.99539 2.99146 3.00646 3.01276 2.97280 3.30332 3.42683 3.40155 3.41138 3.35627 3.26893 3.07356 3.10427
2.58353 2.57050 2.53381 2.50962 2.56413 2.49827 2.47735 2.45889 2.47125 2.48635 2.42949 2.17602 2.13749 2.14524 2.12421 2.14761 2.13992 2.20326 2.25019 2.25996 2.35998 2.29080 2.24437 2.01962 2.00895 1.99429 2.10724 2.11629 1.98881 2.01011 2.96458 3.14959 3.29028 3.29861 3.31728 3.40675 3.43529 3.41954 3.47989 3.47643 3.46689 3.54607 3.36819 3.12495 3.10889 3.21708 3.28429 3.28058 3.34188 3.37638 3.38061 3.43154 3.40226 3.29045 3.28008 3.18272 3.02172 2.97103 3.11870 3.32779 3.32832 3.48148 3.47299 3.53495 3.29887 3.31055
2.42136 2.41583 2.40329 2.43091 2.43476 2.29627 2.20773 2.26006 2.31302 2.36738 2.12703 1.95306 1.86854 1.86854 1.87354 1.92607 2.00751 2.15514 2.20760 2.24960 2.37236 2.35419 2.33936 2.22518 2.18675 2.16352 2.27567 2.41107 2.15980 2.25578 3.27074 3.34287 3.36872 3.38290 3.39740 3.47942 3.41991 3.35973 3.47017 3.50890 3.53664 3.60018 3.60978 3.46130 3.44602 3.49428 3.62270 3.62545 3.63204 3.64941 3.63833 3.65702 3.65457 3.55265 3.57346 3.44416 3.33125 3.25746 3.26108 3.55883 3.46048 3.61936 3.58474 3.64449 3.49309 3.38480
2.25505 2.25297 2.26130 2.31185 2.34923 2.43165 2.42120 2.55504 2.50950 2.45715 2.07870 1.88793 2.00891 2.15806 2.29362 2.33383 2.36389 2.44821 2.48539 2.51156 2.60032 2.56292 2.52260 2.40513 2.31728 2.30787 2.39610 2.62209 2.79379 2.91368 2.90063 3.13381 3.08662 3.06631 3.04371 3.26663 3.27369 3.36392 3.58613 3.62037 3.60556 3.62809 3.63290 3.60661 3.57948 3.57918 3.72054 3.69496 3.69496 3.71919 3.77969 3.78325 3.77310 3.65015 3.62173 3.53273 3.45929 3.29861 3.26544 3.57800 3.49977 3.60325 3.63861 3.64632 3.50720 3.28481
2.21869 2.19011 2.19786 2.22102 2.20692 2.24727 2.24319 2.32143 2.40107 2.43112 2.20981 1.97693 2.06205 2.18557 2.30768 2.35244 2.43372 2.54135 2.60414 2.70124 2.77025 2.77584 2.73973 2.68962 2.55807 2.52181 2.51020 2.82928 2.76180 2.79540 2.73253 2.97815 3.08992 3.09260 3.10011 3.33721 3.34755 3.37215 3.61286 3.68997 3.62629 3.62671 3.62671 3.59922 3.53714 3.51519 3.67045 3.68140 3.68486 3.71587 3.76438 3.76636 3.78989 3.68361 3.61632 3.55059 3.51172 3.31652 3.36222 3.47883 3.30965 3.29077 3.35719 3.37078 3.32411 3.13743
2.17103 2.12991 2.13207 2.10742 2.06905 2.06957 2.12787 2.14767 2.25427 2.24829 2.18898 2.46537 2.60457 2.73507 2.85668 2.84259 2.81160 2.80672 2.79526 2.78529 2.77441 2.76055 2.70537 2.64976 2.48853 2.43307 2.42124 2.65106 2.74703 2.79091 2.78040 3.01759 3.16179 3.19809 3.22086 3.42450 3.43376 3.45305 3.60348 3.75071 3.69589 3.68306 3.68680 3.67984 3.61958 3.57670 3.67452 3.75046 3.75282 3.78624 3.81281 3.77938 3.85158 3.89897 3.89876 3.93387 4.02541 3.90744 3.79884 3.64973 3.18826 3.17530 3.36982 3.46073 3.42197 3.14532
1.87275 1.85201 1.83324 1.84316 1.86574 1.91212 2.08291 2.13829 2.36656 2.39885 2.42730 2.63618 2.68780 2.75119 2.86335 2.82685 2.76970 2.76252 2.73404 2.71068 2.68470 2.67092 2.66099 2.63764 2.57570 2.57698 2.59461 2.75635 2.92599 2.92626 2.91441 3.06637 3.22726 3.29179 3.30506 3.46098 3.49092 3.50248 3.55825 3.73788 3.71497 3.67913 3.68733 3.70550 3.66237 3.59238 3.66949 3.85550 3.91456 4.02979 4.14582 4.13763 4.20421 4.23541 4.10435 4.04029 4.06820 3.91084 3.73286 3.69541 3.17355 3.16007 3.22639 3.19442 3.18614 2.98114
1.88638 1.92549 1.93119 1.95386 1.99883 2.03922 2.16220 2.22528 2.40542 2.48556 2.50198 2.59745 2.67650 2.73684 2.82276 2.80926 2.73902 2.67612 2.63510 2.59352 2.55566 2.53873 2.52179 2.56432 2.63269 2.72361 2.74523 2.81249 3.00645 2.99249 2.99902 3.08498 3.26923 3.36862 3.37188 3.46150 3.50302 3.52256 3.52037 3.76540 3.83480 3.80145 3.86193 3.93186 3.94280 3.90438 3.93144 4.08857 4.13988 4.21779 4.27704 4.20579 4.32170 4.34715 4.19564 4.18353 4.18775 4.03683 3.82759 3.82673 3.36900 3.18169 3.06389 3.02693 3.00896 2.97712
2.04663 2.04584 2.06570 2.12746 2.16409 2.19643 2.24565 2.27728 2.36670 2.48454 2.47633 2.43682 2.54450 2.62229 2.70078 2.72343 2.63185 2.50032 2.50098 2.51591 2.53773 2.57320 2.59208 2.62416 2.73928 2.89961 2.90517 2.90879 3.10281 3.07143 3.09812 3.11491 3.30496 3.39730 3.41427 3.49501 3.59994 3.68607 3.71113 3.98181 4.27031 4.09440 4.06693 4.05352 4.07456 3.97658 4.00868 4.28589 4.36604 4.37903 4.44655 4.50029 4.66089 4.61995 4.61944 4.67207 4.66551 3.95645 3.37710 3.35110 3.09116 2.83485 2.78587 2.78000 2.73170 2.81471
2.09962 2.13708 2.14465 2.16959 2.19748 2.22866 2.25404 2.28373 2.32091 2.32266 2.28717 2.22984 2.50322 2.56246 2.67117 2.75126 2.70944 2.58571 2.58716 2.59297 2.60101 2.61755 2.61820 2.61934 2.68540 2.82955 2.86744 2.86147 2.99238 3.05546 3.18174 3.28542 3.51380 3.65753 3.72846 3.94484 4.34422 4.44171 4.43431 4.64698 5.11633 4.87587 4.77716 4.72368 4.67098 4.52871 4.50188 4.71006 4.87596 5.01677 5.21505 5.32606 5.48712 5.29100 4.94054 4.71963 4.62336 3.85852 3.04087 3.02443 2.86683 2.61215 2.62488 2.70398 2.67759 2.72610
2.22988 2.31268 2.34500 2.35685 2.36137 2.36042 2.36091 2.36349 2.36551 2.29632 2.30090 2.27277 2.55237 2.58856 2.64901 2.69390 2.65630 2.54744 2.49987 2.49353 2.48423 2.50440 2.50785 2.51405 2.56291 2.71650 2.80998 2.82449 2.90895 3.44518 3.57874 3.60289 3.68184 3.73456 3.74385 3.84021 4.31862 4.42638 4.53057 4.59287 4.95651 4.93126 4.82777 4.86961 4.90178 5.03930 5.13646 5.28283 5.46387 5.47291 5.55013 5.45797 5.33054 5.25520 4.95465 4.82461 4.77762 4.21296 3.13402 3.00546 2.94319 2.61860 2.64229 2.73522 2.70496 2.74859
2.35326 2.39964 2.38498 2.39392 2.39682 2.40179 2.41228 2.42409 2.43302 2.39153 2.35691 2.34054 2.51450 2.59438 2.63980 2.67062 2.65274 2.58027 2.50653 2.50312 2.49384 2.52614 2.53258 2.54591 2.58452 2.71701 2.84608 2.87088 2.90469 3.28615 3.58334 3.63531 3.70439 3.80990 3.97461 4.06800 4.47595 4.73914 4.90657 4.95466 5.28493 5.52578 5.24458 5.15712 5.15712 5.25387 5.30813 5.32946 5.55788 5.58579 5.68665 5.62610 5.46354 5.48569 5.24421 5.10774 5.05950 4.66747 3.44744 3.11092 3.03779 2.80070 2.64807 2.71409 2.62825 2.56387
2.36931 2.41985 2.40574 2.42461 2.43602 2.44045 2.44655 2.46104 2.48169 2.47245 2.44486 2.49752 2.61006 2.60207 2.63550 2.66645 2.66553 2.61083 2.57223 2.60745 2.65010 2.68405 2.71083 2.73931 2.74828 2.83723 2.95502 2.97487 2.97430 3.13800 3.59045 3.80321 3.89077 4.03939 4.30757 4.46417 4.80176 5.07703 5.20417 5.21562 5.41174 5.76480 5.57502 5.39981 5.43461 5.48647 5.60794 5.59154 5.75778 5.80595 5.91147 5.81166 5.64279 5.61189 5.37254 5.19877 4.91146 4.64665 3.54094 3.12009 3.03025 2.98419 2.77723 2.77531 2.78211 2.71382
2.50624 2.56923 2.58072 2.60087 2.62167 2.64279 2.65959 2.73406 2.76486 2.75245 2.64513 2.65808 2.74996 2.64735 2.67334 2.72911 2.75396 2.72738 2.74477 2.74880 2.75502 2.76669 2.76727 2.76089 2.76553 2.81525 2.93529 3.04365 3.09092 3.17482 3.79303 3.96291 3.91655 4.01029 4.27381 4.43278 4.60603 5.01573 5.10829 5.16134 5.21163 5.72686 5.62045 5.36079 5.47366 5.47657 5.57190 5.69329 5.93267 6.03119 6.36596 6.22033 6.24428 6.21154 5.86143 5.67160 5.35964 4.94212 4.05129 3.35874 3.37971 3.49683 2.98471 2.91325 2.83144 2.71213
2.66747 2.68688 2.68360 2.67366 2.66770 2.66667 2.66331 2.71581 2.75480 2.75715 2.67604 2.67083 2.73421 2.65271 2.65004 2.71430 2.73902 2.70523 2.71966 2.73412 2.74918 2.76754 2.77710 2.77383 2.78434 2.82835 3.01563 3.27920 3.28865 3.37994 3.72289 3.90629 3.90241 3.96716 4.15185 4.39167 4.42894 4.91224 4.93776 5.06238 5.03857 5.55515 5.57141 5.24976 5.33640 5.32529 5.40826 5.65658 6.00148 6.08335 6.74894 6.47975 6.44284 6.15891 5.88921 5.64526 5.32467 5.06871 4.42336 3.41798 3.57596 3.81241 3.33094 3.16944 3.03538 2.93323
2.71229 2.73449 2.74188 2.74300 2.75684 2.76497 2.76841 2.79391 2.84303 2.84109 2.78037 2.75151 2.80388 2.73738 2.68523 2.74618 2.81613 2.80721 2.81246 2.83780 2.84837 2.85531 2.86758 2.86756 2.87784 2.89933 3.01350 3.27992 3.27464 3.34976 3.58681 3.86609 3.89026 3.90979 4.04291 4.32163 4.29507 4.71642 4.72440 4.97493 4.92598 5.21656 5.27191 5.04198 5.08669 5.17051 5.32895 5.57979 5.79467 5.84795 6.16150 6.15491 6.19074 5.78085 5.53331 5.53341 5.06815 4.81212 4.28878 3.62363 3.75120 4.13016 3.71158 3.31205 3.19519 3.04676
2.80662 2.81368 2.81517 2.81273 2.81265 2.81263 2.81153 2.82406 2.92070 2.92914 2.92271 2.92285 2.93931 2.85915 2.76466 2.80100 2.88784 2.89487 2.87547 2.89094 2.90084 2.90449 2.90495 2.89706 2.89538 2.89172 2.99610 3.25045 3.35016 3.41975 3.53035 3.87408 3.86824 3.87247 3.94038 4.29328 4.26835 4.46923 4.49234 4.65202 4.60775 4.70619 4.78549 4.68415 4.65643 4.68341 4.64091 4.87571 5.05211 5.14935 5.30699 5.27824 5.29303 4.72942 4.59191 4.51313 4.07771 4.00920 3.97260 3.74822 3.75867 4.05700 3.90450 3.08295 2.97137 2.79157
