High_resolution/powerplant/Fengdu/OMI_NO2_201111.asc
ncols      200
nrows      200
xllcorner       105.978
yllcorner       28.1831
cellsize     0.0166667
NODATA_Value      -999.000
[rows 150 to 179 of 200, columns 66 to 131 of 200]
7.06888 7.06888 7.06888 7.06888 7.06888 5.69884 2.75650 2.75650 2.75650 2.75650 2.75650 2.75650 2.75650 2.75650 2.75650 2.75650 2.75650 2.75650 2.75650 2.75650 2.75650 1.73217 0.541990 0.541990 0.541990 0.541990 0.541990 0.541990 0.631782 0.989677 1.36540 1.74113 2.11685 2.49216 2.66473 2.66473 2.66562 3.53510 3.64690 3.64690 3.64690 3.64690 3.64690 3.64690 3.64690 3.64690 3.64690 3.64690 3.64690 3.64690 3.64690 3.64690 3.64690 0.00000 0.00000 0.00000 0.00000 0.00000 0.00000 0.00000 0.00000 0.00000 0.00000 0.00000 1.77027 1.76626
7.06888 7.06888 7.06888 7.06888 7.06888 6.81706 2.82980 2.75650 2.75650 2.75650 2.75650 2.75650 2.75650 2.75650 2.75650 2.75650 2.75650 2.75650 2.75650 2.75650 2.75650 2.33685 0.563854 0.858279 1.23400 1.60994 1.98546 2.36097 2.64712 2.66473 2.66473 2.66473 2.66473 2.66473 2.66473 2.66473 2.66473 3.27033 3.64690 3.64690 3.64690 3.64690 3.64690 3.64690 3.64690 3.64690 3.64690 3.64690 3.64690 3.64690 3.64690 3.64690 3.64690 0.00000 0.00000 0.00000 0.00000 0.00000 0.00000 0.00000 0.00000 0.00000 0.00000 0.00000 1.73228 1.73038
7.06888 7.06888 7.06888 7.06888 7.06888 7.06888 3.76991 2.75650 2.75650 2.75650 2.75650 2.75650 2.75650 2.75650 2.75650 2.75650 2.75650 2.73668 2.68225 2.62710 2.57213 2.50736 2.56487 2.66473 2.66473 2.66473 2.66473 2.66473 2.66473 2.66473 2.66473 2.66473 2.66473 2.66473 2.66473 2.66473 2.66473 3.00453 3.64690 3.64690 3.64690 3.64690 3.64690 3.64690 3.64690 3.64690 3.64690 3.64690 3.64690 3.64690 3.64690 3.64690 3.64690 3.64690 0.00000 0.00000 0.00000 0.00000 0.00000 0.00000 0.0625938 0.0625938 0.0625938 0.0625938 0.0825551 0.948698
7.06888 7.06888 7.06888 7.06888 7.06888 7.06888 4.96163 2.75650 2.75650 2.75650 2.75650 2.75342 2.71042 2.65542 2.60027 2.54524 2.49021 2.45491 2.45431 2.45431 2.45431 2.45431 2.58947 2.66473 2.66473 2.66473 2.66473 2.66473 2.66473 2.66473 2.66473 2.66473 2.66473 2.66473 2.66473 2.66473 2.66473 2.74538 3.64052 3.64690 3.64690 3.64690 3.64690 3.64690 3.64690 3.64690 3.64690 3.64690 3.64690 3.64690 3.64690 3.64690 3.64690 3.64690 0.0625938 0.0625938 0.0625938 0.0625938 0.0625938 0.0625938 0.0625938 0.0625938 0.0625938 0.0625938 0.0625938 0.716777
7.06888 7.06888 7.06888 7.06888 7.06888 7.06888 5.91955 2.68370 2.62849 2.57352 2.51834 2.46646 2.45431 2.45431 2.45431 2.45431 2.45431 2.45431 2.45431 2.45431 2.45431 2.45431 2.53188 2.66473 2.66473 2.66473 2.66473 2.66473 2.66473 2.66473 2.66473 2.66473 2.66473 2.66473 2.66473 2.66473 2.66473 2.66473 3.45546 3.64690 3.64690 3.64690 3.64690 3.64690 3.64690 3.64690 3.64690 3.64690 3.64529 3.61476 3.57360 3.53244 3.49128 2.03412 0.0625938 0.0625938 0.0625938 0.0625938 0.0625938 0.0625938 0.0625938 0.0625938 0.0625938 0.0625938 0.0625938 0.508470
7.06255 6.50182 5.58675 4.67167 3.75611 2.84054 2.22199 2.43582 2.45431 2.45431 2.45431 2.45431 2.45431 2.45431 2.45431 2.45431 2.45431 2.45431 2.45431 2.45431 2.45431 2.45431 2.47499 2.66408 2.66473 2.66473 2.66473 2.66473 2.66473 2.66473 2.66473 2.66473 2.66473 2.66473 2.66473 2.66473 2.66473 2.66473 3.18980 3.64690 3.64690 3.64690 3.64662 3.62130 3.58016 3.53900 3.49785 3.45664 3.41711 3.40649 3.40649 3.40649 3.40649 2.73965 0.0625938 0.0625938 0.0625938 0.0625938 0.0625938 0.0625938 0.0625938 0.0625938 0.0625938 0.0625938 0.0625938 0.200020
2.55580 2.20145 2.20145 2.20145 2.20145 2.20145 2.20145 2.36882 2.45431 2.45431 2.45431 2.45431 2.45431 2.45431 2.45431 2.45431 2.45431 2.45431 2.45431 2.45431 2.45431 2.45431 2.45431 2.62716 2.66473 2.66473 2.66473 2.66473 2.66473 2.66473 2.66473 2.66473 2.66473 2.66473 2.66473 2.66473 2.66473 2.57131 2.66203 3.54554 3.50438 3.46323 3.42238 3.40649 3.40649 3.40649 3.40649 3.40649 3.40649 3.40649 3.40649 3.40649 3.40649 3.37974 0.317759 0.0625938 0.0625938 0.0625938 0.0625938 0.0625938 0.0625938 0.0625938 0.0625938 0.0625938 0.0625938 0.0625938
2.20145 2.20145 2.20145 2.20145 2.20145 2.20145 2.20145 2.29923 2.45431 2.45431 2.45431 2.45431 2.45431 2.45431 2.45431 2.45431 2.45431 2.45431 2.45431 2.45431 2.45431 2.45431 2.45431 2.56960 2.66473 2.66473 2.66473 2.66473 2.66473 2.66473 2.66473 2.62726 2.42128 2.19490 1.96825 1.74187 1.51535 1.38227 1.44414 3.33237 3.40649 3.40649 3.40649 3.40649 3.40649 3.40649 3.40649 3.40649 3.40649 3.40649 3.40649 3.40649 3.40649 3.40649 1.18614 0.0625938 0.0625938 0.0625938 0.0625938 0.0625938 0.0625938 0.0625938 0.0625938 0.0625938 0.0625938 0.0625938
2.20145 2.20145 2.20145 2.20145 2.20145 2.20145 2.20145 2.23002 2.45400 2.45431 2.45431 2.45431 2.45431 2.45431 2.45431 2.45431 2.45431 2.45431 2.45431 2.45431 2.45431 2.45431 2.45431 2.51203 2.66473 2.65832 2.49751 2.27113 2.04449 1.81810 1.59171 1.40203 1.38137 1.38137 1.38137 1.38137 1.38137 1.38137 1.38137 2.84929 3.40649 3.40649 3.40649 3.40649 3.40649 3.40649 3.40649 3.40649 3.40649 3.40649 3.40649 3.40649 3.40649 3.40649 2.08130 0.0625938 0.0625938 0.0625938 0.0625938 0.0625938 0.0625938 0.0625938 0.0625938 0.308276 0.674395 0.943077
2.20145 2.20145 2.20145 2.20145 2.20145 2.20145 2.20145 2.20145 2.41302 2.45431 2.45431 2.45431 2.45431 2.45431 2.45431 2.45431 2.45431 2.45431 2.45431 2.45431 2.42607 2.33524 2.24217 2.15253 1.68596 1.44695 1.38137 1.38137 1.38137 1.38137 1.38137 1.38137 1.38137 1.38137 1.38137 1.38137 1.38137 1.38137 1.38137 2.30372 3.40649 3.40649 3.40649 3.40649 3.40649 3.40649 3.40649 3.40649 3.40649 3.40649 3.40649 3.40649 3.40649 3.40649 2.97642 0.0625938 0.0625938 0.0628569 0.315391 0.677489 0.945403 1.15046 1.31203 1.38024 1.45891 1.59364
2.20145 2.20145 2.20145 2.20145 2.20145 2.20145 2.20145 2.20145 2.34350 2.45431 2.45431 2.45431 2.45431 2.45431 2.45104 2.38329 2.29021 2.19719 2.10391 2.01094 1.94599 1.94375 1.94375 1.94375 1.53400 1.38137 1.38137 1.38137 1.38137 1.38137 1.38137 1.38137 1.38137 1.38137 1.38137 1.38137 1.38137 1.38137 1.38137 1.75841 3.40649 3.40649 3.40649 3.40649 3.40649 3.40649 3.40649 3.40649 3.40649 3.40649 3.40649 3.40649 3.40634 3.33641 3.23852 1.25637 1.15227 1.31621 1.46084 1.59667 1.76140 1.96453 2.22496 2.56041 2.69354 2.69354
2.20145 2.20145 2.20145 2.20145 2.20145 2.20145 2.20145 2.20145 2.27394 2.42842 2.33826 2.24518 2.15216 2.05888 1.96912 1.94375 1.94375 1.94375 1.94375 1.94375 1.94375 1.94375 1.94375 1.94375 1.68697 1.38137 1.38137 1.38137 1.38137 1.38137 1.38137 1.38137 1.38137 1.38137 1.38137 1.38137 1.38137 1.38137 1.38137 1.39129 3.22767 3.40649 3.40649 3.40649 3.40649 3.40649 3.40649 3.40649 3.40649 3.40649 3.29382 3.11076 3.06980 3.05678 3.06093 2.49750 2.23102 2.56421 2.69354 2.69354 2.69354 2.69354 2.69354 2.69354 2.69354 2.69354
2.20145 2.20145 2.20145 2.20271 2.39999 2.73842 3.07774 3.41635 3.69063 2.00616 1.94375 1.94375 1.94375 1.94375 1.94375 1.94375 1.94375 1.94375 1.94375 1.94375 1.94375 1.94375 1.94375 1.94375 1.84016 1.38137 1.38137 1.38137 1.38137 1.38137 1.38137 1.38137 1.38137 1.38137 1.38137 1.38137 1.38137 1.38137 1.38137 1.38137 2.69223 3.40649 3.40649 3.40649 3.40649 3.40649 3.41060 3.41887 3.42716 3.43543 3.36948 3.07311 3.07427 3.07427 3.07427 2.99980 2.69354 2.69354 2.69354 2.69354 2.69354 2.69354 2.69354 2.69354 2.69354 2.69354
2.85014 3.18947 3.52808 3.86524 4.00639 4.00639 4.00639 4.00639 4.00639 2.48777 1.94375 1.94375 1.94375 1.94375 1.94375 1.94375 1.94375 1.94375 1.94375 1.94375 1.94375 1.94375 1.94375 1.94375 1.94133 1.43311 1.38137 1.38137 1.38137 1.38137 1.38137 1.38137 1.38137 1.38137 1.38137 1.38137 1.38137 1.38137 1.38137 1.38137 2.11138 3.41771 3.42599 3.43428 3.44255 3.45083 3.45500 3.45500 3.45500 3.45500 3.45500 3.11103 3.07427 3.07427 3.07427 3.06044 2.70115 2.69354 2.69354 2.69354 2.69354 2.69354 2.69354 2.69354 2.69354 2.69354
4.00639 4.00639 4.00639 4.00639 4.00639 4.00639 4.00639 4.00639 4.00639 3.05592 1.94375 1.94375 1.94375 1.94375 1.94375 1.94375 1.94375 1.94375 1.94375 1.94375 1.94375 1.94375 1.94375 1.94375 1.94375 1.58394 1.38137 1.38137 1.38137 1.38137 1.38137 1.38137 1.38137 1.38137 1.35507 1.16470 0.946680 0.728284 0.510260 0.291618 0.512675 3.45103 3.45500 3.45500 3.45500 3.45500 3.45500 3.45500 3.45500 3.45500 3.45500 3.18787 3.07427 3.07427 3.07427 3.07427 2.82397 2.69354 2.69354 2.69354 2.69354 2.69354 2.69354 2.69354 2.69354 2.69354
4.00639 4.00639 4.00639 4.00639 4.00639 4.00639 4.00639 4.00639 4.00639 3.62397 1.94375 1.94375 1.94375 1.94375 1.94375 1.94375 1.94375 1.94375 1.94375 1.94375 1.94375 1.94375 1.94375 1.94375 1.94375 1.73696 1.38137 1.38137 1.37903 1.23989 1.02149 0.803346 0.585074 0.366679 0.174951 0.146803 0.146803 0.146803 0.146803 0.146803 0.146803 2.92326 3.45500 3.45500 3.45500 3.45500 3.45500 3.45500 3.45500 3.45500 3.45500 3.29951 3.07427 3.07427 3.07427 3.07427 2.93816 2.69354 2.69354 2.69354 2.69354 2.69354 2.69354 2.69354 2.69354 2.69363
4.00639 4.00639 4.00639 4.00639 4.00639 4.00639 4.00639 4.00639 4.00639 3.99772 2.13784 1.94375 1.94375 1.94375 1.94375 1.94375 1.94375 1.94375 1.94375 1.94375 1.94375 1.94375 1.94375 2.00094 2.20798 2.32967 0.668580 0.441741 0.225815 0.146803 0.146803 0.146803 0.146803 0.146803 0.146803 0.146803 0.146803 0.146803 0.146803 0.146803 0.146803 2.03380 3.45500 3.45500 3.45500 3.45500 3.45500 3.45500 3.45500 3.45500 3.45500 3.43774 3.08411 3.07427 3.07427 3.07427 3.01738 2.69354 2.69354 2.69354 2.69363 2.72678 2.78668 2.84659 2.90649 2.96630
4.00639 4.00639 4.00639 4.00639 4.00639 4.00639 4.00639 4.00639 4.00639 4.00639 2.69723 1.94375 1.94375 1.94375 1.94375 1.94375 1.94375 1.94918 2.09950 2.31434 2.52930 2.74414 2.95993 3.11769 3.12549 3.12549 0.668774 0.146803 0.146803 0.146803 0.146803 0.146803 0.146803 0.146803 0.146803 0.146803 0.146803 0.146803 0.146803 0.146803 0.146803 1.14336 3.45500 3.45500 3.45500 3.45500 3.45500 3.45500 3.45500 3.45500 3.45500 3.45500 3.14432 3.07427 3.07427 3.07432 3.08533 2.81041 2.84659 2.90649 2.96630 2.99304 2.99304 2.99304 2.99304 2.99304
4.00639 4.00639 4.00639 4.00639 4.00639 4.00639 4.00639 4.00639 4.00639 4.00639 3.26507 1.94375 1.99941 2.20586 2.42117 2.63672 2.85156 3.06097 3.12549 3.12549 3.12549 3.12549 3.12549 3.12549 3.12549 3.12549 1.47557 0.146803 0.146803 0.146803 0.146803 0.146803 0.146803 0.146803 0.146803 0.146803 0.146803 0.146803 0.146803 0.146803 0.146803 0.317837 3.39082 3.45500 3.45500 3.45500 3.45500 3.45500 3.45500 3.45500 3.45500 3.45500 3.26061 3.15079 3.18074 3.13949 3.01898 2.92872 2.99304 2.99304 2.99304 2.99304 2.99304 2.99304 2.99304 2.99304
4.00639 4.00639 4.00639 4.00639 4.00639 4.00639 4.00561 3.88364 3.67655 3.46936 3.17614 2.95680 3.11710 3.12549 3.12549 3.12549 3.12549 3.12549 3.12549 3.12549 3.12549 3.12549 3.12549 3.12549 3.12549 3.12549 2.28265 0.146803 0.146803 0.146803 0.146803 0.146803 0.146803 0.146803 0.146803 0.146803 0.146803 0.146803 0.146803 0.146803 0.146803 0.146803 2.67129 3.45500 3.45500 3.45500 3.45500 3.45500 3.45500 3.35607 3.09080 2.82319 2.60349 2.64032 2.50654 2.44381 2.44381 2.60815 2.99304 2.99304 2.99304 2.99304 2.99304 2.99304 2.99304 2.99304
4.00639 3.98839 3.81597 3.60900 3.40158 3.19439 2.98819 2.90253 2.90253 2.90253 2.90253 3.08326 3.12549 3.12549 3.12549 3.12549 3.12549 3.12549 3.12549 3.12549 3.12549 3.12549 3.12549 3.12549 3.12549 3.12549 3.00574 0.230214 0.146803 0.146803 0.146803 0.146803 0.146803 0.146803 0.146803 0.146803 0.146803 0.146803 0.146803 0.146803 0.146803 0.146803 1.78171 3.39149 3.13668 2.86907 2.60130 2.33368 2.06576 1.89708 1.89458 1.89458 1.89458 2.39618 2.44381 2.44381 2.44381 2.50295 2.99304 2.99304 2.99304 2.99304 2.99304 2.99304 2.99304 2.99304
3.12672 2.93775 2.90253 2.90253 2.90253 2.90253 2.90253 2.90253 2.90253 2.90253 2.90253 3.02224 3.12549 3.12549 3.12549 3.12549 3.12549 3.12549 3.12549 3.12549 3.12549 3.12549 3.12549 3.12549 3.12549 3.12549 3.12549 0.917390 0.146803 0.146803 0.146803 0.146803 0.146803 0.146803 0.146803 0.146803 0.146803 0.146803 0.146803 0.146803 0.146803 0.146803 1.44794 1.90753 1.89458 1.89458 1.89458 1.89458 1.89458 1.89458 1.89458 1.89458 1.89458 2.28809 2.44381 2.44381 2.44381 2.44574 2.91262 2.99304 2.99304 2.99304 2.99304 2.99304 2.99304 2.99304
2.90253 2.90253 2.90253 2.90253 2.90253 2.90253 2.90253 2.90253 2.90253 2.90253 2.90253 2.96127 3.12549 3.12549 3.12549 3.12549 3.12549 3.12549 3.12549 3.12549 3.12549 3.12549 3.12549 3.12549 3.12549 3.12549 3.12549 1.72432 0.146803 0.146803 0.146803 0.146803 0.146803 0.146803 0.146803 0.146803 0.146803 0.146803 0.00000 0.00000 0.00000 0.00000 1.89458 1.89458 1.89458 1.89458 1.89458 1.89458 1.89458 1.89458 1.89458 1.89458 1.89458 2.13205 2.44381 2.44381 2.44381 2.44381 2.71531 2.99304 2.99304 2.99304 2.99304 2.99304 2.99304 2.99304
2.90253 2.90253 2.90253 2.90253 2.90253 2.90253 2.90253 2.90253 2.90253 2.90253 2.90253 2.90909 3.11669 3.12549 3.12549 3.12549 3.12549 3.12549 3.12549 3.12549 3.12549 3.12549 3.12549 3.12549 3.12549 3.12549 3.15191 2.72540 0.146803 0.146803 0.146803 0.146803 0.00000 0.00000 0.00000 0.00000 0.00000 0.00000 0.00000 0.00000 0.00000 0.00000 0.00000 1.89458 1.89458 1.89458 1.89458 1.89458 1.89458 1.89458 1.89458 1.89458 1.89458 1.92875 2.43300 2.44381 2.44381 2.44381 2.57911 2.99304 2.99304 2.99304 2.99304 2.99349 3.06700 3.19343
2.90253 2.90253 2.90253 2.90253 2.90253 2.90253 2.90253 2.90253 2.90253 2.90253 2.90253 2.90253 3.06221 3.12549 3.12549 3.12549 3.12549 3.12549 3.12549 3.12549 3.12707 3.20207 3.31732 3.43226 3.54763 3.66257 3.75128 3.75735 3.75735 0.00000 0.00000 0.00000 0.00000 0.00000 0.00000 0.00000 0.00000 0.00000 0.00000 0.00000 0.00000 0.00000 0.00000 1.89458 1.89458 1.89458 1.89458 1.89458 1.89458 1.89458 1.89458 1.89458 1.89458 1.89458 2.35112 2.44381 2.44381 2.44381 2.48194 3.06700 3.19343 3.31985 3.44628 3.57238 3.62643 3.62643
2.90253 2.90253 2.90253 2.90253 2.90253 2.90253 2.90253 2.90253 2.90253 2.90253 2.90253 2.90253 3.00124 3.12549 3.12549 3.15014 3.25844 3.37362 3.48849 3.60400 3.71729 3.75735 3.75735 3.75735 3.75735 3.75735 3.75735 3.75735 3.75735 0.00000 0.00000 0.00000 0.00000 0.00000 0.00000 0.00000 0.00000 0.00000 0.00000 0.00000 0.00000 0.00000 0.00000 1.89458 1.89458 1.89458 1.89458 1.89458 1.89458 1.89458 1.89458 1.89458 1.89458 1.89417 2.18333 2.54465 2.60793 2.67120 2.76367 3.47632 3.62643 3.62643 3.62643 3.62643 3.62643 3.62643
2.90253 2.90253 2.90253 2.90253 2.90253 2.90253 2.90253 2.90253 2.90253 2.90216 2.77369 2.54033 2.45722 3.54479 3.66023 3.75052 3.75735 3.75735 3.75735 3.75735 3.75735 3.75735 3.75735 3.75735 3.75735 3.75735 3.75735 3.75735 3.75735 0.00000 0.00000 0.00000 0.00000 0.00000 0.00000 0.00000 0.00000 0.00000 0.00000 0.00000 0.00000 0.00000 0.00000 1.89458 1.89458 1.89458 1.89458 1.89458 1.89458 1.78705 1.58550 1.43874 1.31179 1.15901 1.32590 3.09177 3.25247 3.46272 3.62470 3.62643 3.62643 3.62643 3.62643 3.62643 3.62643 3.62643
2.90253 2.90253 2.90253 2.90253 2.88627 2.69909 2.46585 2.23224 1.99901 1.76602 1.66125 1.66125 1.66524 3.53357 3.75735 3.75735 3.75735 3.75735 3.75735 3.75735 3.75735 3.75735 3.75735 3.75735 3.75735 3.75735 3.75735 3.75735 3.75735 3.75735 0.00000 0.00000 0.00000 0.00000 0.00000 0.00000 0.00000 0.00000 0.00000 0.00000 0.00000 0.00000 0.00000 0.00000 1.77288 1.61164 1.44941 1.27395 1.10212 0.962156 0.839256 0.679711 0.528637 0.520441 0.520441 3.20215 3.62643 3.62643 3.62643 3.62643 3.62643 3.62643 3.62643 3.62643 3.62643 3.62643
2.62461 2.39125 2.15777 1.92441 1.70743 1.66125 1.66125 1.66125 1.66125 1.66125 1.66125 1.66125 1.66125 2.96434 3.75735 3.75735 3.75735 3.75735 3.75735 3.75735 3.75735 3.75735 3.75735 3.75735 3.75735 3.75735 3.75735 3.75735 3.75735 3.75735 0.00000 0.00000 0.00000 0.00000 0.00000 0.00000 0.00000 0.00000 0.00000 0.520441 0.515579 0.482290 0.468546 0.462637 0.581170 0.707624 0.541015 0.520441 0.520441 0.520441 0.520441 0.520441 0.520441 0.520441 0.520441 2.32404 3.62643 3.62643 3.62643 3.62643 3.62643 3.62643 3.62643 3.62643 3.62643 3.62643
1.66125 1.66125 1.66125 1.66125 1.66125 1.66125 1.66125 1.66125 1.66125 1.66125 1.66125 1.66125 1.66125 2.39097 3.75735 3.75735 3.75735 3.75735 3.75735 3.75735 3.75735 3.75735 3.75735 3.75735 3.75735 3.75735 3.75735 3.75735 3.75735 3.75735 0.00000 0.00000 0.00000 0.00000 0.00000 0.363459 0.363459 0.363459 0.441704 0.450764 0.443753 0.441950 0.441950 0.441950 0.445170 0.519319 0.520441 0.520441 0.520441 0.520441 0.520441 0.520441 0.520441 0.520441 0.520441 1.44634 3.62643 3.62643 3.62643 3.62643 3.62643 3.62643 3.62643 3.62643 3.62643 3.62643
