High_resolution/powerplant/Fengdu/OMI_NO2_200902.asc
ncols      200
nrows      200
xllcorner       105.978
yllcorner       28.1831
cellsize     0.0166667
NODATA_Value      -999.000
[rows 150 to 179 of 200, columns 0 to 65 of 200]
0.00000 0.00000 0.00000 0.00000 2.67600 2.67600 2.67600 2.67600 2.67600 2.67600 2.67600 2.67600 2.67600 2.67600 2.67600 2.67600 2.51289 2.58547 2.80156 3.08067 2.81767 2.94802 3.08995 3.14291 3.14291 3.14291 3.14291 3.14291 3.14291 3.14291 3.14291 3.14291 3.14291 3.14291 3.14291 3.14291 0.00000 0.00000 0.00000 0.00000 0.00000 0.00000 0.00000 0.00000 0.00000 0.00000 0.00000 0.00000 0.00000 0.00000 0.00000 0.00000 0.00000 0.00000 0.00000 0.00000 0.00000 0.00000 0.00000 0.00000 0.00000 0.00000 0.00000 0.00000 0.00000 0.00000
0.00000 0.00000 0.00000 0.00000 2.67600 2.67600 2.67600 2.67600 2.67600 2.67600 2.67600 2.76300 3.01452 3.26973 3.52525 3.78032 4.03583 4.15552 4.15552 4.15552 3.46414 3.14291 3.14291 3.14291 3.14291 3.14291 3.14291 3.14291 3.14291 3.14291 3.14291 3.14291 3.14291 3.14291 3.14291 3.14291 0.00000 0.00000 0.00000 0.00000 0.00000 0.00000 0.00000 0.00000 0.00000 0.00000 0.00000 0.00000 0.00000 0.00000 0.00000 0.00000 0.00000 0.00000 0.00000 0.00000 0.00000 0.00000 0.00000 0.00000 0.00000 0.00000 0.00000 0.00000 0.00000 0.00000
0.00000 0.00000 0.00000 0.00000 0.00000 2.74099 2.96200 3.21736 3.47258 3.72794 3.98345 4.15153 4.15552 4.15552 4.15552 4.15552 4.15552 4.15552 4.15552 4.15552 3.73658 3.14291 3.14291 3.14291 3.14291 3.14291 3.14291 3.14291 3.14291 3.14291 3.14291 3.14291 3.14291 3.14291 3.14291 3.14291 0.00000 0.00000 0.00000 0.00000 0.00000 0.00000 0.00000 0.00000 0.00000 0.00000 0.00000 0.00000 0.00000 0.00000 0.00000 0.00000 0.00000 0.00000 0.00000 0.00000 0.00000 0.00000 0.00000 0.00000 0.00000 0.00000 13.3765 13.3765 0.00000 0.00000
0.00000 0.00000 0.00000 0.00000 0.00000 4.15552 4.15552 4.15552 4.15552 4.15552 4.15552 4.15552 4.15552 4.15552 4.15552 4.15552 4.15552 4.15552 4.15552 4.15552 4.00910 3.14291 3.14291 3.14291 3.14291 3.14291 3.14291 3.14291 3.14291 3.14291 3.14291 3.14291 3.14291 3.14291 3.14291 3.14291 3.14291 0.00000 0.00000 0.00000 0.00000 0.00000 0.00000 0.00000 0.00000 0.00000 0.00000 0.00000 0.00000 0.00000 0.00000 0.00000 0.00000 0.00000 0.00000 0.00000 0.00000 0.00000 13.3765 13.3765 13.3765 13.3765 13.3765 13.3765 13.3765 0.00000
0.00000 0.00000 0.00000 0.00000 0.00000 4.15552 4.15552 4.15552 4.15552 4.15552 4.15552 4.15552 4.15552 4.15552 4.15552 4.15552 4.15552 4.15552 4.15552 4.15552 4.15532 3.26905 3.14291 3.14291 3.14291 3.14291 3.14291 3.14291 3.14291 3.14291 3.14291 3.14291 3.14291 3.14291 3.14291 3.14291 3.14291 0.00000 0.00000 0.00000 0.00000 0.00000 0.00000 0.00000 0.00000 0.00000 0.00000 0.00000 0.00000 0.00000 0.00000 0.00000 0.00000 0.00000 13.3765 13.3765 13.3765 13.3765 13.3765 13.3765 13.3765 13.3765 13.3765 13.3765 13.3765 0.00000
0.00000 0.00000 0.00000 0.00000 0.00000 4.15552 4.15552 4.15552 4.15552 4.15552 4.15552 4.15552 4.15552 4.15552 4.15552 4.15552 4.15552 4.15552 4.15552 4.15552 4.15552 3.54137 3.14291 3.14291 3.14291 3.14291 3.14291 3.14291 3.14291 3.14291 3.14291 3.14291 3.13436 3.11532 3.09641 3.07751 3.05768 0.00000 0.00000 0.00000 0.00000 0.00000 0.00000 0.00000 0.00000 0.00000 0.00000 0.00000 0.00000 0.00000 13.3765 13.3765 13.3765 13.3765 13.3765 13.3765 13.3765 13.3765 13.3765 13.3765 13.3765 13.3765 13.3765 13.3765 13.3765 0.00000
0.00000 0.00000 0.00000 0.00000 0.00000 0.00000 4.15552 4.15552 4.15552 4.15552 4.15552 4.15552 4.15552 4.15552 4.15552 4.15552 4.15552 4.15552 4.15552 4.15552 4.15552 3.81376 3.14291 3.14291 3.14291 3.14291 3.13438 3.11551 3.09659 3.07770 3.05881 3.03990 3.02953 3.02951 3.02951 3.02951 3.02951 0.00000 0.00000 0.00000 0.00000 0.00000 0.00000 0.00000 0.00000 0.00000 13.3765 13.3765 13.3765 13.3765 13.3765 13.3765 13.3765 13.3765 13.3765 13.3765 13.3765 13.3765 13.3765 13.3765 13.3765 13.3765 13.3765 13.3765 13.3765 0.00000
0.00000 0.00000 0.00000 0.00000 0.00000 0.00000 4.15552 4.15552 4.15552 4.15552 4.15552 4.15552 4.15552 4.15552 4.15552 4.15552 4.15552 4.15552 4.15552 4.15552 3.98754 3.48109 3.08562 3.07790 3.05899 3.04001 3.02953 3.02951 3.02951 3.02951 3.02951 3.02951 3.02951 3.02951 3.02951 3.02951 3.02951 3.02951 0.00000 0.00000 0.00000 0.00000 0.00000 13.3765 13.3765 13.3765 13.3765 13.3765 13.3765 13.3765 13.3765 13.3765 13.3765 13.3765 13.3765 13.3765 13.3765 13.3765 13.3765 13.3765 13.3765 13.3765 13.3765 13.3765 13.3765 13.3765
0.00000 0.00000 0.00000 0.00000 0.00000 0.00000 4.15552 4.15552 4.15552 4.15552 4.15552 4.15552 4.15552 4.15552 4.05110 3.63744 3.20386 2.77002 2.33593 1.90185 1.63625 1.63322 2.75103 3.02951 3.02951 3.02951 3.02951 3.02951 3.02951 3.02951 3.02951 3.02951 3.02951 3.02951 3.02951 3.02951 3.02951 3.02951 0.00000 0.00000 0.00000 13.3765 13.3765 13.3765 13.3765 13.3765 13.3765 13.3765 13.3765 13.3765 13.3765 13.3765 13.3765 13.3765 13.3765 13.3765 13.3765 13.3765 13.3765 13.3765 13.3765 13.3765 13.3765 13.3765 13.3765 13.3765
0.00000 0.00000 0.00000 0.00000 0.00000 0.00000 0.00000 4.15552 4.09978 3.71841 3.28457 2.85074 2.41690 1.98307 1.65340 1.63322 1.63322 1.63322 1.63322 1.63322 1.63322 1.63322 2.37730 3.02951 3.02951 3.02951 3.02951 3.02951 3.02951 3.02951 3.02951 3.02951 3.02951 3.02951 3.02951 3.02951 3.02951 3.02951 0.00000 0.00000 0.00000 13.3765 13.3765 13.3765 13.3765 13.3765 13.3765 13.3765 13.3765 13.3765 13.3765 13.3765 13.3765 13.3765 13.3765 13.3765 13.3765 13.3765 13.3765 13.3765 13.3765 13.3765 13.3765 13.3765 13.3765 13.0594
0.00000 0.00000 2.67771 2.67771 2.67771 2.67771 2.67771 2.28984 1.68569 1.63322 1.63322 1.63322 1.63322 1.63322 1.63322 1.63322 1.63322 1.63322 1.63322 1.63322 1.63322 1.63322 2.00341 3.02951 3.02951 3.02951 3.02951 3.02951 3.02951 3.02951 3.02951 3.02951 3.02951 3.02951 3.02951 3.02951 3.02951 3.02951 3.02951 0.00000 0.00000 13.3765 13.3765 13.3765 13.3765 13.3765 13.3765 13.3765 13.3765 13.3765 13.3765 13.3765 13.3765 13.3765 13.3765 13.3765 13.3765 13.3765 13.3765 13.3765 13.3765 13.1022 11.6032 9.95551 8.30844 7.03056
2.67771 2.67771 2.67771 2.67771 2.67771 2.67771 2.67771 2.34573 1.63322 1.63322 1.63322 1.63322 1.63322 1.63322 1.63322 1.63322 1.63322 1.63322 1.63322 1.63322 1.63322 1.63322 1.67805 2.98106 3.02951 3.02951 3.02951 3.02951 3.02951 3.02951 3.02951 3.02951 3.02951 3.02951 3.02951 3.02951 3.02951 3.02951 3.02951 0.00000 0.00000 0.00000 13.3765 13.3765 13.3765 13.3765 13.3765 13.3765 13.3765 13.3765 13.3765 13.3765 13.3765 13.3765 13.3765 13.3765 13.3765 13.1827 11.7520 10.1062 8.45782 7.08505 6.93760 6.93760 6.93760 6.93760
2.67771 2.67771 2.67771 2.67771 2.67771 2.67771 2.67771 2.61348 1.64826 1.63322 1.63322 1.63322 1.63322 1.63322 1.63322 1.63322 1.63322 1.63322 1.63322 1.63322 1.63322 1.63322 1.63322 2.65223 3.02951 3.02951 3.02951 3.02951 3.02951 3.02951 3.02951 3.02951 3.02951 3.02951 3.02951 3.01178 2.95297 2.89316 2.82191 0.00000 0.00000 0.00000 13.3765 13.3765 13.3765 13.3765 13.3765 13.3765 13.3765 13.3765 13.3765 13.3765 13.3765 13.2484 11.9039 10.2562 8.60978 7.15652 6.93760 6.93760 6.93760 6.93760 6.93760 6.93760 6.93760 6.93760
2.67771 2.67771 2.67771 2.67771 2.67771 2.67771 2.67771 2.67771 1.86698 1.63322 1.63322 1.63322 1.63322 1.63322 1.63322 1.63322 1.63322 1.63322 1.63322 1.63322 1.63322 1.63322 1.63322 2.27837 3.02951 3.02951 3.02951 3.02951 3.02951 3.01225 2.95416 2.89384 2.83395 2.77417 2.71432 2.67227 2.67069 2.67069 2.67069 0.00000 0.00000 0.00000 13.3765 13.3765 13.3765 13.3765 13.3765 13.3765 13.3765 13.3012 12.0552 10.4065 8.75916 7.24023 6.93760 6.93760 6.93760 6.93760 6.93760 6.93760 6.93760 6.93760 6.93760 6.93760 6.93760 6.93760
2.67771 2.67771 2.67771 2.67771 2.67771 2.67771 2.67771 2.67771 2.14982 1.63322 1.63322 1.63322 1.63322 1.63322 1.63322 1.63322 1.63322 1.63322 1.63322 1.63322 1.63322 1.63322 1.63322 1.90642 2.95473 2.89495 2.83474 2.77475 2.71493 2.67241 2.67069 2.67069 2.67069 2.67069 2.67069 2.67069 2.67069 2.67069 2.67069 2.67069 0.00000 0.00000 0.00000 13.3765 13.3765 13.3404 12.2040 10.5582 8.91048 7.33810 6.93760 6.93760 6.93760 6.93760 6.93760 6.93760 6.93760 6.93760 6.93760 6.93760 6.93760 6.93760 6.93760 6.93760 6.93760 6.93760
2.67771 2.67771 2.67771 2.67771 2.67771 2.67771 2.67771 2.67771 2.43267 1.63322 1.63322 1.63322 1.63322 1.63322 1.63322 1.63322 1.63322 1.63682 1.65762 1.68064 1.70365 1.72669 1.74969 1.77282 2.59815 2.67069 2.67069 2.67069 2.67069 2.67069 2.67069 2.67069 2.67069 2.67069 2.67069 2.67069 2.67069 2.67069 2.67069 2.67069 0.00000 4.73502 4.73502 8.56172 9.06050 7.44949 6.93760 6.93760 6.93760 6.93760 6.93760 6.93760 6.93760 6.93760 6.93760 6.93760 6.93760 6.93760 6.93760 6.93760 6.93760 6.93760 6.93760 6.93760 6.93760 6.93760
2.67771 2.67771 2.67771 2.67771 2.67771 2.67771 2.67771 2.67771 2.65870 1.69004 1.63322 1.63495 1.65368 1.67670 1.69972 1.72273 1.74576 1.76519 1.76740 1.76740 1.76740 1.76740 1.76740 1.76740 2.36222 2.67069 2.67069 2.67069 2.67069 2.67069 2.67069 2.67069 2.67069 2.67069 2.67069 2.67069 2.67069 2.67069 2.86176 3.57262 4.73502 4.73502 4.73502 4.97960 6.92923 6.93760 6.93760 6.93760 6.93760 6.93760 6.93760 6.93760 6.93760 6.93760 6.93760 6.93760 6.93760 6.93760 6.93760 6.93760 6.93760 6.93760 6.93760 6.93760 6.93760 6.93760
2.67771 2.67771 2.67771 2.67771 2.67771 2.67772 2.68011 2.68412 2.68813 2.01583 1.74181 1.76311 1.76740 1.76740 1.76740 1.76740 1.76740 1.76740 1.76740 1.76740 1.76740 1.76740 1.76740 1.76740 2.12005 2.67069 2.67069 2.67069 2.67069 2.67069 2.67069 2.67069 2.67069 2.67069 2.79139 3.16160 3.42409 3.61158 3.70192 3.86222 4.73502 4.73502 4.73502 4.73502 6.48735 6.93760 6.93760 6.93760 6.93760 6.93760 6.93760 6.93760 6.93760 6.93760 6.93760 6.93760 6.93760 6.93760 6.93760 6.93760 6.93760 6.93760 6.93760 6.93760 6.77337 6.30699
2.67877 2.68264 2.68665 2.69066 2.69467 2.69866 2.70029 2.70029 2.70029 2.30482 1.76740 1.76740 1.76740 1.76740 1.76740 1.76740 1.76740 1.76740 1.76740 1.76740 1.76740 1.76740 1.76740 1.76740 1.87815 2.67051 2.67069 2.67069 2.67069 2.67069 2.73490 3.09822 3.38038 3.57957 3.69621 3.70285 3.70285 3.70285 3.70285 3.72092 4.67139 4.73502 4.73502 4.73502 5.80218 6.93760 6.93760 6.93760 6.93760 6.93760 6.93760 6.93760 6.93760 6.93760 6.93760 6.93760 6.93760 6.93760 6.93760 6.93760 6.80614 6.34865 5.87505 5.40182 5.09281 5.08615
2.70014 2.70029 2.70029 2.70029 2.70029 2.70029 2.70029 2.70029 2.70029 2.55572 1.76740 1.76740 1.76740 1.76740 1.76740 1.76740 1.76740 1.76740 1.76740 1.76740 1.76740 1.76740 1.76740 1.76740 1.76740 2.53907 2.69497 3.02939 3.33357 3.54575 3.68522 3.70285 3.70285 3.70285 3.70285 3.70285 3.70285 3.70285 3.69765 3.67180 4.27806 4.73502 4.73502 4.73502 5.11643 6.93760 6.93760 6.93760 6.93760 6.93760 6.93760 6.93760 6.93760 6.93760 6.93760 6.93760 6.83540 6.39031 5.91671 5.44366 5.10170 5.08615 5.08615 5.08615 5.08615 5.08615
2.70029 2.70029 2.70029 2.70029 2.70029 2.70029 2.70029 2.70029 2.70029 2.69954 1.87468 1.76740 1.76740 1.76740 1.76740 1.76740 1.76740 1.76740 1.76740 1.76740 1.76740 1.76740 1.77185 2.17562 2.64838 3.28798 3.66862 3.70285 3.70285 3.70285 3.70285 3.70285 3.69748 3.67178 3.64384 3.61584 3.58787 3.55991 3.53712 3.53500 3.90630 4.73502 4.73502 4.73502 4.73612 6.63194 6.93760 6.93760 6.93760 6.93760 6.93760 6.93760 6.86113 6.43178 5.95855 5.48513 5.11410 5.08615 5.08615 5.08615 5.08615 5.08615 5.08615 5.08615 5.08615 5.08615
2.70029 2.70029 2.70029 2.70029 2.70029 2.70029 2.70029 2.70029 2.70029 2.70029 2.12491 1.76740 1.76740 1.76740 1.76740 1.76740 1.76740 1.76740 1.76740 1.94907 2.56375 2.91885 3.16924 3.25121 3.25121 3.39492 3.69748 3.67152 3.64355 3.61557 3.58759 3.55963 3.53702 3.53500 3.53500 3.53500 3.53500 3.53500 3.53500 3.53500 3.67414 4.73502 4.73502 4.73502 4.73502 5.94764 6.93760 6.93760 6.88298 6.47362 6.00021 5.52661 5.13021 5.08615 5.08615 5.08615 5.08615 5.08615 5.08615 5.08615 5.08615 5.08615 5.08615 5.08615 5.08615 5.08615
2.70029 2.70029 2.70029 2.70029 2.70029 2.70029 2.70029 2.70029 2.70029 2.70029 2.37593 1.76740 1.76740 1.76740 1.76740 1.85120 2.19564 2.44754 2.62525 2.70952 3.12137 3.21908 3.18491 3.15072 3.11653 3.11285 3.53106 3.53500 3.53500 3.53500 3.53500 3.53500 3.53500 3.53500 3.53500 3.53500 3.53500 3.53500 3.53500 3.53500 3.54146 4.58263 4.73502 4.73502 4.71894 5.00676 6.04168 5.56845 5.14984 5.08615 5.08615 5.08615 5.08615 5.08615 5.08615 5.08615 5.08615 5.08615 5.08615 5.08615 5.08615 5.08615 5.08615 5.08615 5.08615 5.08615
2.70029 2.70029 2.70029 2.70029 2.70029 2.70029 2.70029 2.70029 2.70029 2.70029 2.62155 1.79336 2.09778 2.38135 2.57639 2.67373 2.65078 2.61659 2.58244 2.54827 2.76105 3.05289 3.05289 3.05289 3.05289 3.05289 3.43120 3.53500 3.53500 3.53500 3.53500 3.53500 3.53500 3.53500 3.53500 3.53500 3.53500 3.53500 3.53500 3.53500 3.53343 4.02563 4.31958 4.06923 3.83487 3.79808 4.97849 5.08615 5.08615 5.08615 5.08615 5.08615 5.08615 5.08615 5.08615 5.08615 5.08615 5.08615 5.08615 5.08615 5.08615 5.08615 5.08615 5.08615 5.08615 5.08615
2.70029 2.70029 2.70029 2.70029 2.70029 2.70029 2.70029 2.70029 2.81074 2.95653 3.04005 2.68513 2.58922 2.55505 2.52184 2.51200 2.51200 2.51200 2.51200 2.51200 2.58540 3.05242 3.05289 3.05289 3.05289 3.05289 3.30325 3.53500 3.53500 3.53500 3.53500 3.53500 3.53500 3.53500 3.53500 3.53500 3.53500 3.47720 3.35212 3.22685 3.10329 3.24777 3.78349 3.78349 3.78349 3.78349 4.58797 5.08615 5.08615 5.08615 5.08615 5.08615 5.08615 5.08615 5.08615 5.08615 5.08615 5.08615 5.08615 5.08615 5.08615 5.08615 5.08615 5.08615 5.08615 5.08615
2.70029 2.70029 2.70029 2.69073 2.70539 2.85297 2.95837 3.03317 3.05209 3.03947 3.03947 2.75450 2.51200 2.51200 2.51200 2.51200 2.51200 2.51200 2.51200 2.51200 2.51200 2.95535 3.05289 3.05289 3.05289 3.05289 3.17438 3.53500 3.53500 3.53500 3.53500 3.53500 3.53500 3.49856 3.37690 3.25164 3.12665 3.05933 3.05924 3.05924 3.05924 3.11724 3.78349 3.78349 3.78349 3.78349 4.18260 5.08615 5.08615 5.08615 5.08615 5.08615 5.08615 5.08615 5.08615 5.08615 5.08615 5.08615 5.08615 5.08615 5.08615 5.08615 5.08615 4.77264 4.10762 3.44182
2.58656 2.73575 2.86786 2.96525 3.03530 3.03947 3.03947 3.03947 3.03947 3.03947 3.03947 2.89658 2.51200 2.51200 2.51200 2.51200 2.51200 2.51200 2.51200 2.51200 2.51200 2.78467 3.05289 3.05289 3.05289 3.05289 3.06578 3.51544 3.53500 3.51502 3.40164 3.27657 3.15149 3.06276 3.05924 3.05924 3.05924 3.05924 3.05924 3.05924 3.05924 3.05231 3.61459 3.78349 3.78349 3.78349 3.83117 5.03260 5.08615 5.08615 5.08615 5.08615 5.08615 5.08615 5.08615 5.08615 5.08615 5.08615 5.08615 4.82576 4.16490 3.49936 2.83408 2.48256 2.48230 2.48230
3.02325 3.03947 3.03947 3.03947 3.03947 3.03947 3.03947 3.03947 3.03947 3.03947 3.03947 3.02135 2.52946 2.51200 2.51200 2.51200 2.51200 2.51200 2.51200 2.51200 2.51200 2.61380 3.05289 3.05289 3.05289 3.04447 2.94432 3.16621 3.17632 3.07108 3.05924 3.05924 3.05924 3.05924 3.05924 3.05217 2.99044 2.91729 2.84411 2.77092 2.69778 2.63166 3.14210 3.78349 3.78349 3.78349 3.78349 4.67533 5.08615 5.08615 5.08615 5.08615 5.08615 5.08615 5.08615 4.87445 4.22219 3.55717 2.89162 2.48698 2.48230 2.48230 2.48230 2.48230 2.48230 2.48230
3.03947 3.03947 3.03947 3.03947 3.03947 3.03947 3.03947 3.03947 3.03947 3.03947 3.03947 3.03947 2.65340 2.51200 2.51200 2.51200 2.51200 2.51200 2.51200 2.51200 2.51200 2.51112 2.89931 2.84417 2.71899 2.60219 2.57712 2.79559 3.05924 3.05217 2.99044 2.91729 2.84411 2.77092 2.69778 2.63166 2.62020 2.62020 2.62020 2.62020 2.62020 2.62020 2.87210 3.78349 3.78349 3.78349 3.78349 4.27013 5.08615 5.08615 5.08615 4.91768 4.27973 3.61471 2.94943 2.49558 2.48230 2.48230 2.48230 2.48230 2.48230 2.48230 2.48230 2.48230 2.48230 2.48230
3.03947 3.03947 3.03947 3.03947 3.03947 3.03947 3.03947 3.03947 3.03947 3.03947 3.03947 3.03947 2.79555 2.51200 2.51200 2.51200 2.51200 2.51200 2.46066 2.32407 2.18626 2.05013 2.32275 2.58194 2.65817 2.75804 2.85803 2.93825 2.69778 2.63166 2.62020 2.62020 2.62020 2.62020 2.62020 2.62020 2.62020 2.62020 2.62020 2.62020 2.62020 2.62020 2.67834 3.77676 3.78349 3.78349 3.78349 3.78271 4.32590 3.67200 3.00697 2.50964 2.48230 2.48230 2.48230 2.48230 2.48230 2.48230 2.48230 2.48230 2.48230 2.48230 2.48230 2.48230 2.48230 2.48230
