High_resolution/powerplant/Fengdu/OMI_NO2_201007.asc
ncols      200
nrows      200
xllcorner       105.978
yllcorner       28.1831
cellsize     0.0166667
NODATA_Value      -999.000
[rows 116 to 144 of 200, columns 66 to 131 of 200]
0.00000 0.00000 0.00000 0.00000 1.89418 3.06539 2.78895 2.47809 2.16722 1.91077 1.88517 1.88517 1.88517 1.88517 1.88517 1.88517 1.88517 1.88517 1.88517 1.88517 1.88517 1.88517 1.88517 2.09800 2.20492 2.20492 2.20492 2.20492 2.20492 2.20492 2.20492 2.20492 2.20492 2.20492 2.20492 2.20492 2.20492 2.20492 2.20492 2.20492 2.20492 2.20492 0.00000 0.00000 0.00000 0.00000 0.00000 0.00000 0.00000 0.00000 0.00000 0.00000 0.00000 0.00000 0.00000 0.00000 0.00000 0.00000 0.00000 0.00000 0.00000 0.00000 0.00000 0.00000 0.00000 0.00000
1.39284 1.39284 1.39284 1.39284 1.39284 1.68884 1.88517 1.88517 1.88517 1.88517 1.88517 1.88517 1.88517 1.88517 1.88517 1.88517 1.88517 1.88517 1.88517 1.88517 1.88517 1.88517 1.88517 2.00533 2.20492 2.20492 2.20492 2.20492 2.20492 2.20492 2.20492 2.20492 2.20492 2.20492 2.20492 2.20492 2.20492 2.20492 2.20492 2.20492 2.20492 2.20492 0.00000 0.00000 0.00000 0.00000 0.00000 0.00000 0.00000 0.00000 0.00000 0.00000 0.00000 0.00000 0.00000 0.00000 0.00000 0.00000 0.00000 0.00000 0.00000 0.00000 0.00000 0.00000 0.00000 0.00000
1.39284 1.39284 1.39284 1.39284 1.39284 1.54465 1.88517 1.88517 1.88517 1.88517 1.88517 1.88517 1.88517 1.88517 1.88517 1.88517 1.88517 1.88517 1.88517 1.88517 1.88517 1.88517 1.88517 1.91465 2.20300 2.20492 2.20492 2.20492 2.20492 2.20492 2.20492 2.20492 2.20492 2.20492 2.20492 2.20492 2.20492 0.00000 0.00000 0.00000 0.00000 0.00000 0.00000 0.00000 0.00000 0.00000 0.00000 0.00000 0.00000 0.00000 0.00000 0.00000 0.00000 0.00000 0.00000 0.00000 0.00000 0.00000 0.00000 0.00000 0.00000 0.00000 0.00000 0.00000 0.00000 0.00000
1.39284 1.39284 1.39284 1.39284 1.39284 1.41489 1.87075 1.88517 1.88517 1.88517 1.88517 1.88517 1.88517 1.88517 1.88517 1.88517 1.88517 1.88517 1.88517 1.88517 1.88517 1.88517 1.88517 1.88517 2.13985 2.20492 2.20492 2.20492 2.20492 2.20492 2.20492 2.20492 0.00000 0.00000 0.00000 0.00000 0.00000 0.00000 0.00000 0.00000 0.00000 0.00000 0.00000 0.00000 0.00000 0.00000 0.00000 0.00000 0.00000 0.00000 0.00000 0.00000 0.00000 0.00000 0.00000 0.00000 0.00000 0.00000 0.00000 0.00000 0.00000 0.00000 0.00000 0.00000 1.75668 1.75668
1.39284 1.39284 1.39284 1.39284 1.39284 1.39284 1.74858 1.88517 1.88517 1.88517 1.88517 1.88517 1.88517 1.88517 1.88517 1.88517 1.88517 1.88517 1.88517 1.88517 1.88517 1.88128 1.79749 1.68268 1.75740 2.20492 2.20492 0.00000 0.00000 0.00000 0.00000 0.00000 0.00000 0.00000 0.00000 0.00000 0.00000 0.00000 0.00000 0.00000 0.00000 0.00000 0.00000 0.00000 0.00000 0.00000 0.00000 0.00000 0.00000 0.00000 0.00000 0.00000 0.00000 0.00000 0.00000 0.00000 0.00000 0.00000 0.00000 1.70538 1.75668 1.75668 1.75668 1.75668 1.75668 1.75668
1.39284 1.39284 1.39284 1.39284 1.39284 1.39284 1.60440 1.88517 1.88517 1.88517 1.88517 1.88517 1.88517 1.88517 1.88517 1.88517 1.88517 1.83061 1.71581 1.60095 1.48603 1.37513 1.34389 1.34389 1.34389 0.00000 0.00000 0.00000 0.00000 0.00000 0.00000 0.00000 0.00000 0.00000 0.00000 0.00000 0.00000 0.00000 0.00000 0.00000 0.00000 0.00000 0.00000 0.00000 0.00000 0.00000 0.00000 0.00000 0.00000 0.00000 0.00000 0.00000 0.00000 0.00000 1.12750 1.12750 1.12750 1.12750 1.12750 1.45087 1.75668 1.75668 1.75668 1.75668 1.75668 1.75668
1.39284 1.39284 1.39284 1.39284 1.39284 1.39284 1.46033 1.88507 1.88517 1.88517 1.88517 1.88517 1.85816 1.74893 1.63407 1.51916 1.40435 1.34389 1.34389 1.34389 1.34389 1.34389 1.34389 1.34389 1.34389 1.34389 0.00000 0.00000 0.00000 0.00000 0.00000 0.00000 0.00000 0.00000 0.00000 0.00000 0.00000 0.00000 0.00000 0.00000 0.00000 0.00000 0.00000 0.00000 0.00000 0.00000 0.00000 0.00000 0.00000 1.12750 1.12750 1.12750 1.12750 1.12750 1.12750 1.12750 1.12750 1.12750 1.12750 1.27236 1.75668 1.75668 1.75668 1.75668 1.75668 1.75668
1.39284 1.39284 1.39284 1.39284 1.39284 1.39284 1.39284 1.79933 1.78206 1.66720 1.55229 1.43748 1.34958 1.34389 1.34389 1.34389 1.34389 1.34389 1.34389 1.34389 1.34389 1.34389 1.34389 1.34389 1.34389 1.34389 0.00000 0.00000 0.00000 0.00000 0.00000 0.00000 0.00000 0.00000 0.00000 0.00000 0.00000 0.00000 0.00000 0.00000 0.00000 0.00000 0.00000 0.00000 1.12750 1.12750 1.12750 1.12750 1.12750 1.12750 1.12750 1.12750 1.12750 1.12750 1.12750 1.12750 1.12750 1.12750 1.12750 1.13612 1.71434 1.75668 1.75668 1.75668 1.75668 1.75668
1.39284 1.39284 1.39284 1.45537 1.58929 1.72314 1.85700 1.62588 1.34389 1.34389 1.34389 1.34389 1.34389 1.34389 1.34389 1.34389 1.34389 1.34389 1.34389 1.34389 1.34389 1.34389 1.34389 1.34389 1.34389 1.34389 0.00000 0.00000 0.00000 0.00000 0.00000 0.00000 0.00000 0.00000 0.00000 0.00000 0.00000 0.00000 0.00000 0.00000 0.00000 0.00000 0.00000 1.12750 1.12750 1.12750 1.12750 1.12750 1.12750 1.12750 1.12750 1.12750 1.12750 1.12750 1.12750 1.12750 1.12750 1.12750 1.12750 1.12750 1.54437 1.75668 1.75668 1.75668 1.75668 1.75668
1.66428 1.79819 1.93211 2.00344 2.00350 2.00350 2.00350 1.83142 1.34389 1.34389 1.34389 1.34389 1.34389 1.34389 1.34389 1.34389 1.34389 1.34389 1.34389 1.34389 1.34389 1.34389 1.34389 1.34389 1.34389 1.34389 1.34389 0.00000 0.00000 0.00000 0.00000 0.00000 0.00000 0.00000 0.00000 0.00000 0.00000 0.00000 0.00000 0.00000 0.00000 0.00000 0.00000 1.12750 1.12750 1.12750 1.12750 1.12750 1.12750 1.12750 1.12750 1.12750 1.12750 1.12750 1.12750 1.12750 1.12750 1.12750 1.12750 1.12750 1.36600 1.75668 1.75668 1.75668 1.75668 1.75668
2.00350 2.00350 2.00350 2.00350 2.00350 2.00350 2.00350 1.98846 1.37885 1.34389 1.34389 1.34389 1.34389 1.34389 1.34389 1.34389 1.34389 1.34389 1.34389 1.34389 1.34389 1.34389 1.34389 1.34389 1.34389 1.34389 1.34389 0.00000 0.00000 0.00000 0.00000 0.00000 0.00000 0.00000 0.00000 0.00000 0.00000 0.00000 0.00000 0.00000 0.00000 0.00000 0.00000 1.12750 1.12750 1.12750 1.12750 1.12750 1.12750 1.12750 1.12750 1.12750 1.12750 1.12750 1.12750 1.12750 1.12750 1.12750 1.12750 1.12750 1.18985 1.75423 1.75668 1.75668 1.75668 1.75668
2.00350 2.00350 2.00350 2.00350 2.00350 2.00350 2.00350 2.00350 1.55580 1.34389 1.34389 1.34389 1.34389 1.34389 1.34389 1.34389 1.34389 1.34389 1.34389 1.34389 1.34389 1.34389 1.34389 1.34389 1.33611 1.23157 1.08837 0.00000 0.00000 0.00000 0.00000 0.00000 0.00000 0.00000 0.00000 0.00000 0.00000 0.00000 0.00000 0.00000 0.00000 0.00000 0.00000 1.12750 1.12750 1.12750 1.12750 1.12750 1.12750 1.12750 1.12750 1.12750 1.12750 1.12750 1.12750 1.12750 1.12750 1.12750 1.12750 1.12750 1.12750 1.63815 1.65508 1.40818 1.16027 0.912860
2.00350 2.00350 2.00350 2.00350 2.00350 2.00350 2.00350 2.00350 1.74777 1.34389 1.34389 1.34389 1.34389 1.34389 1.34389 1.34389 1.34389 1.34389 1.34389 1.34377 1.27079 1.13744 1.00410 0.870751 0.745186 0.716383 0.716383 0.00000 0.00000 0.00000 0.00000 0.00000 0.00000 0.00000 0.00000 0.00000 0.00000 0.00000 0.00000 0.00000 0.00000 0.00000 0.00000 0.00000 1.12750 1.12750 1.12750 1.12750 1.12750 1.12750 1.12750 1.12750 1.12750 1.12750 1.12750 1.12750 1.12750 1.12750 1.12750 1.12750 1.12750 0.658309 0.476601 0.475448 0.475448 0.475448
2.00350 2.00350 2.00350 2.00350 2.00350 2.00350 2.00350 2.00350 1.93714 1.34660 1.34389 1.34389 1.34389 1.34389 1.34389 1.30593 1.17660 1.04328 0.909970 0.776750 0.716383 0.716383 0.716383 0.716383 0.716383 0.716383 0.716383 0.716383 0.00000 0.00000 0.00000 0.00000 0.00000 0.00000 0.00000 0.00000 0.00000 0.00000 0.00000 0.00000 0.00000 0.00000 0.00000 0.00000 1.12750 1.12750 1.12750 1.12750 1.12750 1.12750 1.12750 1.12750 1.12750 1.12750 1.12750 1.12750 1.12750 1.12750 0.00000 0.00000 0.00000 0.475448 0.475448 0.475448 0.475448 0.475448
2.00350 2.00350 2.00350 2.00350 2.00350 2.00350 2.00350 2.00350 2.00350 1.47232 1.32977 1.21576 1.08247 0.949127 0.815781 0.720336 0.716383 0.716383 0.716383 0.716383 0.716383 0.716383 0.716383 0.716383 0.716383 0.716383 0.716383 0.716383 0.00000 0.00000 0.00000 0.00000 0.00000 0.00000 0.00000 0.00000 0.00000 0.00000 0.00000 0.00000 0.00000 0.00000 0.00000 0.00000 1.12750 1.12750 1.12750 1.12750 1.12750 1.12750 1.12750 1.12750 1.12750 0.00000 0.00000 0.00000 0.00000 0.00000 0.00000 0.00000 0.00000 0.475448 0.475448 0.475448 0.475448 0.475448
2.00350 2.00350 2.00350 2.00350 2.00350 2.00335 1.95705 1.87422 1.79143 1.26983 0.735773 0.716383 0.716383 0.716383 0.716383 0.716383 0.716383 0.716383 0.716383 0.716383 0.716383 0.716383 0.716383 0.716383 0.716383 0.716383 0.716383 0.716383 0.00000 0.00000 0.00000 0.00000 0.00000 0.00000 0.00000 0.00000 0.00000 0.00000 0.00000 0.00000 0.00000 0.00000 0.00000 0.00000 0.00000 1.12750 1.12750 0.00000 0.00000 0.00000 0.00000 0.00000 0.00000 0.00000 0.00000 0.00000 0.00000 0.00000 0.00000 0.00000 0.00000 0.00000 0.475448 0.475448 0.475448 0.475448
2.00350 1.98716 1.91012 1.82728 1.74446 1.66178 1.62528 1.62528 1.62528 1.42283 0.716383 0.716383 0.716383 0.716383 0.716383 0.716383 0.716383 0.716383 0.716383 0.716383 0.716383 0.716383 0.716383 0.716383 0.716383 0.716383 0.716383 0.716383 0.716383 0.00000 0.00000 0.00000 0.00000 0.00000 0.00000 0.00000 0.00000 0.00000 0.00000 0.00000 0.00000 0.00000 0.00000 0.00000 0.00000 0.00000 0.00000 0.00000 0.00000 0.00000 0.00000 0.00000 0.00000 0.00000 0.00000 0.00000 0.00000 0.00000 0.00000 0.00000 0.00000 0.00000 0.475448 0.475448 0.475448 0.475448
1.69748 1.63103 1.62528 1.62528 1.62528 1.62528 1.62528 1.62528 1.62528 1.61601 0.788095 0.716383 0.716383 0.716383 0.716383 0.716383 0.716383 0.716383 0.716383 0.716383 0.716383 0.716383 0.716383 0.716383 0.716383 0.716383 0.716383 0.716383 0.716383 0.00000 0.00000 0.00000 0.00000 0.00000 0.00000 0.00000 0.00000 0.00000 0.00000 0.00000 0.00000 0.00000 0.00000 0.00000 0.00000 0.00000 0.00000 0.00000 0.00000 0.00000 0.00000 0.00000 0.00000 0.00000 0.00000 0.00000 0.00000 0.00000 0.00000 0.00000 0.00000 0.00000 0.475448 0.475448 0.475448 0.475448
1.62528 1.62528 1.62528 1.62528 1.62528 1.62528 1.62528 1.62528 1.62528 1.62528 1.04383 0.716383 0.716383 0.716383 0.716383 0.716383 0.716383 0.716383 0.716383 0.716383 0.716383 0.716383 0.716383 0.716383 0.716383 0.716383 0.716383 0.711025 0.661293 0.00000 0.00000 0.00000 0.00000 0.00000 0.00000 0.00000 0.00000 0.00000 0.00000 0.00000 0.00000 0.00000 0.00000 0.00000 0.00000 0.00000 0.00000 0.00000 0.00000 0.00000 0.00000 0.00000 0.00000 0.00000 0.00000 0.00000 0.00000 0.00000 0.00000 0.00000 0.00000 0.00000 0.00000 0.475448 0.475448 0.475448
1.62528 1.62528 1.62528 1.62528 1.62528 1.62528 1.62528 1.62528 1.62528 1.62528 1.30871 0.716383 0.716383 0.716383 0.716383 0.716383 0.716383 0.716383 0.716383 0.716383 0.716383 0.716383 0.715833 0.677456 0.616024 0.554678 0.493217 0.437144 0.426746 0.00000 0.00000 0.00000 0.00000 0.00000 0.00000 0.00000 0.00000 0.00000 0.00000 0.00000 0.00000 0.00000 0.00000 0.00000 0.00000 0.00000 0.00000 0.00000 0.00000 0.00000 0.00000 0.00000 0.00000 0.00000 0.00000 0.00000 0.00000 0.00000 0.00000 0.00000 0.594626 0.594626 0.594626 0.551512 0.475448 0.475448
1.62528 1.62528 1.62528 1.62528 1.62528 1.62528 1.62528 1.62528 1.62528 1.62528 1.56138 0.728744 0.716383 0.716383 0.716383 0.716383 0.716383 0.716383 0.694197 0.633489 0.572057 0.510625 0.449801 0.426746 0.426746 0.426746 0.426746 0.426746 0.426746 0.426746 0.00000 0.00000 0.00000 0.00000 0.00000 0.00000 0.00000 0.00000 0.00000 0.00000 0.00000 0.00000 0.00000 0.00000 0.00000 0.00000 0.00000 0.00000 0.00000 0.00000 0.00000 0.00000 0.00000 0.00000 0.00000 0.594626 0.594626 0.594626 0.594626 0.594626 0.594626 0.594626 0.594626 0.594626 0.00000 0.00000
1.62528 1.62528 1.62528 1.62528 1.62528 1.62528 1.62528 1.62528 1.62528 1.62528 1.62528 0.929701 0.716383 0.706535 0.650867 0.589522 0.528061 0.466629 0.427441 0.426746 0.426746 0.426746 0.426746 0.426746 0.426746 0.426746 0.426746 0.426746 0.426746 0.426746 0.00000 0.00000 0.00000 0.00000 0.00000 0.00000 0.00000 0.00000 0.00000 0.00000 0.00000 0.00000 0.00000 0.00000 0.00000 0.00000 0.00000 0.00000 0.00000 0.00000 0.594626 0.594626 0.594626 0.594626 0.594626 0.594626 0.594626 0.594626 0.594626 0.594626 0.594626 0.594626 0.594626 0.594626 0.594626 0.00000
1.62528 1.62528 1.62528 1.62528 1.62528 1.62528 1.62528 1.62528 1.62583 1.64636 1.67684 1.16031 0.484094 0.432509 0.426746 0.426746 0.426746 0.426746 0.426746 0.426746 0.426746 0.426746 0.426746 0.426746 0.426746 0.426746 0.426746 0.426746 0.426746 0.426746 0.00000 0.00000 0.00000 0.00000 0.00000 0.00000 0.00000 0.00000 0.00000 0.00000 0.00000 0.00000 0.00000 0.00000 0.00000 1.40409 1.40409 0.820852 0.594626 0.594626 0.594626 0.594626 0.594626 0.594626 0.594626 0.594626 0.594626 0.594626 0.594626 0.594626 0.594626 0.594626 0.594626 0.594626 0.594626 0.00000
1.62528 1.62528 1.62528 1.62528 1.63391 1.66349 1.69398 1.72446 1.75437 1.76434 1.76434 1.51989 0.426746 0.426746 0.426746 0.426746 0.426746 0.426746 0.426746 0.426746 0.426746 0.426746 0.426746 0.426746 0.426746 0.426746 0.426746 0.426746 0.426746 0.426746 0.426746 0.00000 0.00000 0.00000 0.00000 0.00000 0.00000 0.00000 0.00000 0.00000 1.40409 1.40409 1.40409 1.40409 1.40409 1.40409 1.40409 1.02477 0.594626 0.594626 0.594626 0.594626 0.594626 0.594626 0.594626 0.594626 0.594626 0.594626 0.594626 0.594626 0.594626 0.594626 0.594626 0.594626 0.594626 0.00000
1.65013 1.68061 1.71110 1.74158 1.76343 1.76434 1.76434 1.76434 1.76434 1.76434 1.76434 1.76113 0.574580 0.426746 0.426746 0.426746 0.426746 0.426746 0.426746 0.426746 0.426746 0.426746 0.426746 0.426746 0.426746 0.426746 0.426746 0.426746 0.426746 0.426746 0.426746 0.00000 0.00000 0.00000 0.00000 1.40409 1.40409 1.40409 1.40409 1.40409 1.40409 1.40409 1.40409 1.40409 1.40409 1.40409 1.40409 1.25612 0.594626 0.594626 0.594626 0.594626 0.594626 0.594626 0.594626 0.594626 0.594626 0.594626 0.594626 0.594626 0.594626 0.594626 0.594626 0.594626 0.594626 0.00000
1.76434 1.76434 1.76434 1.76434 1.76434 1.76434 1.76434 1.76434 1.76434 1.76434 1.76434 1.76434 0.960902 0.426746 0.426746 0.426746 0.426746 0.426746 0.426746 0.426746 0.426746 0.426746 0.426746 0.426746 0.426746 0.426746 0.426746 0.426746 0.426746 0.426746 0.472272 1.40409 1.40409 1.40409 1.40409 1.40409 1.40409 1.40409 1.40409 1.40409 1.40409 1.40409 1.40409 1.40409 1.40409 1.40409 1.40409 1.40182 0.680105 0.594626 0.594626 0.594626 0.594626 0.594626 0.594626 0.594626 0.594626 0.594626 0.594626 0.594626 0.594626 0.594626 0.594626 0.594626 0.594626 0.594626
1.76434 1.76434 1.76434 1.76434 1.76434 1.76434 1.76434 1.76434 1.76434 1.76434 1.76434 1.76434 1.35045 0.426746 0.426746 0.426746 0.426746 0.426746 0.426746 0.426746 0.426746 0.426746 0.426746 0.426746 0.426746 0.431053 0.560536 0.747156 0.933952 1.12057 1.29951 1.40409 1.40409 1.40409 1.40409 1.40409 1.40409 1.40409 1.40409 1.40409 1.40409 1.40409 1.40409 1.40409 1.40409 1.40409 1.40409 1.40409 0.908050 0.594626 0.594626 0.594626 0.594626 0.594626 0.594626 0.594626 0.594626 0.594626 0.594626 0.594626 0.594626 0.594626 0.594626 0.594626 0.594626 0.787848
1.76434 1.76434 1.76434 1.76434 1.76434 1.76434 1.76434 1.76434 1.76434 1.76434 1.76434 1.76434 1.70255 0.463931 0.426746 0.426746 0.426746 0.426746 0.426746 0.426746 0.426746 0.506475 0.692655 0.879451 1.06607 1.24847 1.30579 1.30579 1.30579 1.30579 1.30586 1.39202 1.40409 1.40409 1.40409 1.40409 1.40409 1.40409 1.40409 1.40409 1.40409 1.40409 1.40409 1.40409 1.40409 1.40409 1.40409 1.40409 1.13923 0.594626 0.594626 0.594626 0.594626 0.594626 0.594626 0.594626 0.594626 0.594626 0.594626 0.594626 0.594626 0.594626 0.594626 0.00000 0.00000 0.924991
1.76434 1.76434 1.76434 1.76434 1.76434 1.76434 1.76434 1.76434 1.76434 1.76434 1.76434 1.76434 1.76434 0.791509 0.426746 0.426746 0.464017 0.638243 0.824863 1.01157 1.19828 1.30526 1.30579 1.30579 1.30579 1.30579 1.30579 1.30579 1.30579 1.30579 1.30579 1.36390 1.40409 1.40409 1.40409 1.40409 1.40409 1.40409 1.40409 1.40409 1.40409 1.40409 1.40409 1.40409 1.40409 1.40409 1.40409 1.40409 1.35601 0.609196 0.594626 0.594626 0.594626 0.594626 0.594626 0.594626 0.594626 0.594626 0.00000 0.00000 0.00000 0.00000 0.00000 0.00000 0.00000 0.924991
