High_resolution/powerplant/Fengdu/OMI_NO2_200905.asc
ncols      200
nrows      200
xllcorner       105.978
yllcorner       28.1831
cellsize     0.0166667
NODATA_Value      -999.000
[rows 120 to 149 of 200, columns 0 to 65 of 200]
0.00000 0.00000 0.00000 5.72502 5.72913 6.56730 6.61529 6.61529 6.61529 6.61529 6.61529 6.61529 6.61529 6.61529 6.61529 6.61529 6.61529 6.69521 6.89795 8.19598 11.0546 12.5091 12.0844 11.8496 11.8611 11.9522 12.0575 12.1628 12.2683 12.3737 12.4698 12.4871 12.4871 12.4871 12.7563 13.9577 0.00000 0.00000 0.00000 0.00000 0.00000 0.00000 0.00000 0.00000 0.00000 0.00000 0.00000 0.00000 0.00000 0.00000 0.00000 0.00000 0.00000 0.00000 0.00000 0.00000 0.00000 0.00000 0.00000 0.00000 0.00000 0.00000 0.00000 0.00000 0.00000 0.00000
0.00000 0.00000 0.00000 0.00000 5.72502 6.41287 6.61529 6.61529 6.61529 6.61529 6.61529 6.67072 6.86808 7.07201 7.27630 7.48023 7.68452 7.80853 7.82071 8.45679 10.4399 12.1686 12.2740 12.3794 12.4728 12.4871 12.4871 12.4871 12.4871 12.4871 12.4871 12.4871 12.4871 12.4871 12.5313 13.9129 13.9577 0.00000 0.00000 0.00000 0.00000 0.00000 0.00000 0.00000 0.00000 0.00000 0.00000 0.00000 0.00000 0.00000 0.00000 0.00000 0.00000 0.00000 0.00000 0.00000 0.00000 0.00000 0.00000 0.00000 0.00000 0.00000 0.00000 0.00000 0.00000 0.00000
0.00000 0.00000 0.00000 0.00000 5.72502 6.22861 6.83809 7.04202 7.24631 7.45012 7.65453 7.80303 7.81504 7.88568 7.97618 8.06673 8.15722 8.24772 8.32757 8.41808 10.4097 12.3345 12.4871 12.4871 12.4871 12.4871 12.4871 12.4871 12.4871 12.4871 12.4871 12.4871 12.4871 12.4871 12.4871 13.4208 13.9577 0.00000 0.00000 0.00000 0.00000 0.00000 0.00000 0.00000 0.00000 0.00000 0.00000 0.00000 0.00000 0.00000 0.00000 0.00000 0.00000 0.00000 0.00000 0.00000 0.00000 0.00000 0.00000 0.00000 0.00000 0.00000 0.00000 0.00000 0.00000 0.00000
0.00000 0.00000 0.00000 0.00000 5.72502 6.07633 7.80706 7.87197 7.96257 8.05301 8.14356 8.23417 8.31952 8.33949 8.33949 8.33949 8.33949 8.33949 8.33949 8.33949 9.90489 11.8078 12.4871 12.4871 12.4871 12.4871 12.4871 12.4871 12.4871 12.4871 12.4871 12.4871 12.4871 12.4871 12.4871 12.9910 13.9577 0.00000 0.00000 0.00000 0.00000 0.00000 0.00000 0.00000 0.00000 0.00000 0.00000 0.00000 0.00000 0.00000 0.00000 0.00000 0.00000 0.00000 0.00000 0.00000 0.00000 0.00000 0.00000 0.00000 0.00000 0.00000 0.00000 0.00000 0.00000 0.00000
0.00000 0.00000 0.00000 0.00000 5.72502 6.52345 8.14790 8.33949 8.33949 8.33949 8.33949 8.33949 8.33949 8.33949 8.33949 8.33949 8.33949 8.33949 8.33949 8.33949 9.33807 11.2640 12.4871 12.4871 12.4871 12.4871 12.4871 12.4871 12.4871 12.4871 12.4871 12.4871 12.4871 12.4871 12.4871 12.6915 13.9577 0.00000 0.00000 0.00000 0.00000 0.00000 0.00000 0.00000 0.00000 0.00000 0.00000 0.00000 0.00000 0.00000 0.00000 0.00000 0.00000 0.00000 0.00000 0.00000 0.00000 0.00000 0.00000 0.00000 0.00000 0.00000 0.00000 0.00000 0.00000 0.00000
0.00000 0.00000 0.00000 0.00000 0.00000 6.78408 7.87908 8.33949 8.33949 8.33949 8.33949 8.33949 8.33949 8.33949 8.33949 8.33949 8.33949 8.33949 8.33949 8.33949 8.77173 10.7202 12.4871 12.4871 12.4871 12.4871 12.4871 12.4871 12.4871 12.4871 12.4871 12.4871 12.3375 11.7431 11.1192 10.4885 8.81660 6.52131 0.00000 0.00000 0.00000 0.00000 0.00000 0.00000 0.00000 0.00000 0.00000 0.00000 0.00000 0.00000 0.00000 0.00000 0.00000 0.00000 0.00000 0.00000 0.00000 0.00000 0.00000 0.00000 0.00000 0.00000 0.00000 0.00000 0.00000 0.00000
0.00000 0.00000 0.00000 0.00000 0.00000 6.78408 7.44717 8.33949 8.33949 8.33949 8.33949 8.33949 8.33949 8.33949 8.33949 8.33949 8.33949 8.33949 8.33949 8.33949 8.35896 10.3019 12.2077 12.4871 12.4871 12.4871 12.3141 11.7094 11.0852 10.4609 9.83662 9.21196 8.73847 8.69535 8.35438 7.86988 6.77214 6.39987 0.00000 0.00000 0.00000 0.00000 0.00000 0.00000 0.00000 0.00000 0.00000 0.00000 0.00000 0.00000 0.00000 0.00000 0.00000 0.00000 0.00000 0.00000 0.00000 0.00000 0.00000 0.00000 0.00000 0.00000 0.00000 0.00000 0.00000 0.00000
0.00000 0.00000 0.00000 0.00000 0.00000 6.78408 6.88532 8.31194 8.33949 8.33949 8.33949 8.33949 8.33949 8.33949 8.33949 8.33949 8.33949 8.33949 8.33949 8.33949 8.29002 9.52619 10.6715 10.4276 9.80336 9.17909 8.72789 8.68920 8.33036 7.84585 7.36135 6.87743 6.39381 5.92220 5.77895 5.77895 5.95680 6.39987 0.00000 0.00000 0.00000 0.00000 0.00000 0.00000 0.00000 0.00000 0.00000 0.00000 0.00000 0.00000 0.00000 0.00000 0.00000 0.00000 0.00000 0.00000 0.00000 0.00000 0.00000 0.00000 0.00000 0.00000 0.00000 0.00000 0.00000 0.00000
0.00000 0.00000 0.00000 0.00000 0.00000 0.00000 6.78408 8.09309 8.33949 8.33949 8.33949 8.33949 8.33949 8.33949 8.30651 8.13571 7.94952 7.76322 7.57703 7.39094 7.25411 8.07022 8.74799 7.82213 7.33733 6.85341 6.36950 5.90462 5.77895 5.77895 5.77895 5.77895 5.77895 5.77895 5.77895 5.77895 5.84003 6.39987 6.39987 0.00000 0.00000 0.00000 0.00000 0.00000 0.00000 0.00000 0.00000 0.00000 0.00000 0.00000 0.00000 0.00000 0.00000 0.00000 0.00000 0.00000 0.00000 0.00000 0.00000 0.00000 0.00000 0.00000 0.00000 0.00000 0.00000 0.00000
0.00000 0.00000 0.00000 0.00000 0.00000 0.00000 6.78408 7.75556 8.31983 8.16094 7.97475 7.78844 7.60236 7.41617 7.26274 7.24130 7.02033 6.69272 6.36510 6.03730 5.70988 5.54665 6.39018 5.78652 5.77895 5.77895 5.77895 5.77895 5.77895 5.77895 5.77895 5.77895 5.77895 5.77895 5.77895 5.77895 5.78017 6.29597 6.39987 0.00000 0.00000 0.00000 0.00000 0.00000 0.00000 0.00000 0.00000 0.00000 0.00000 0.00000 0.00000 0.00000 0.00000 0.00000 0.00000 0.00000 0.00000 0.00000 0.00000 0.00000 0.00000 0.00000 0.00000 0.00000 0.00000 0.00000
0.00000 0.00000 2.56757 2.56757 2.56757 2.56757 3.78093 5.38579 7.27464 7.24687 7.06471 6.73729 6.40930 6.08168 5.75426 5.43261 5.32596 5.32596 5.32596 5.32596 5.32596 5.32596 6.28295 5.91892 5.77895 5.77895 5.77895 5.77895 5.77895 5.77895 5.77895 5.77895 5.77895 5.77895 5.77895 5.77895 5.77895 6.07540 6.39987 0.00000 0.00000 0.00000 0.00000 0.00000 0.00000 0.00000 0.00000 0.00000 0.00000 0.00000 0.00000 0.00000 0.00000 0.00000 0.00000 0.00000 0.00000 0.00000 0.00000 0.00000 0.00000 0.00000 0.00000 0.00000 0.00000 0.00000
2.56757 2.56757 2.56757 2.56757 2.61979 2.74347 2.91737 3.57561 5.56069 5.47142 5.32596 5.32596 5.32596 5.32596 5.32596 5.32596 5.32596 5.32596 5.32596 5.32596 5.32596 5.32596 5.98490 6.09543 5.77895 5.77895 5.77895 5.77895 5.77895 5.77895 5.77895 5.77895 5.77895 5.77895 5.77895 5.77895 5.77895 5.92460 6.39987 0.00000 0.00000 0.00000 0.00000 0.00000 0.00000 0.00000 0.00000 0.00000 0.00000 0.00000 0.00000 0.00000 0.00000 0.00000 0.00000 0.00000 0.00000 0.00000 0.00000 0.00000 0.00000 0.00000 0.00000 0.00000 0.00000 0.00000
2.80881 2.88838 2.95153 3.00286 3.03186 3.03252 3.03252 2.83276 4.40215 5.32596 5.32596 5.32596 5.32596 5.32596 5.32596 5.32596 5.32596 5.32596 5.32596 5.32596 5.32596 5.32596 5.68660 6.27207 5.77895 5.77895 5.77895 5.77895 5.77895 5.77895 5.77895 5.77895 5.77895 5.77895 5.77895 5.75109 5.56729 5.37187 5.08859 3.87855 0.00000 0.00000 0.00000 0.00000 0.00000 0.00000 0.00000 0.00000 0.00000 0.00000 0.00000 0.00000 0.00000 0.00000 0.00000 0.00000 0.00000 0.00000 0.00000 0.00000 0.00000 0.00000 0.00000 0.00000 0.00000 0.00000
3.03252 3.03252 3.03252 3.03252 3.03252 3.03252 3.03252 2.90837 3.70584 5.32596 5.32596 5.32596 5.32596 5.32596 5.32596 5.32596 5.32596 5.32596 5.32596 5.32596 5.32596 5.32596 5.40112 6.40637 5.80865 5.77895 5.77895 5.77895 5.77895 5.74366 5.55351 5.34566 5.13778 4.93015 4.72227 4.54250 4.51812 4.36454 3.89929 3.87855 0.00000 0.00000 0.00000 0.00000 0.00000 0.00000 0.00000 0.00000 0.00000 0.00000 0.00000 0.00000 0.00000 0.00000 0.00000 0.00000 0.00000 0.00000 0.00000 0.00000 0.00000 0.00000 0.00000 0.00000 0.00000 0.00000
3.03252 3.03252 3.03252 3.03252 3.03252 3.03252 3.03252 2.98397 3.01562 5.31979 5.32596 5.32596 5.32596 5.32596 5.32596 5.32596 5.32596 5.32596 5.32596 5.32596 5.32596 5.32596 5.32596 6.13642 5.69367 5.33198 5.12410 4.91641 4.70853 4.53607 4.51743 4.35247 4.06737 3.78227 3.49682 3.21103 2.92679 2.79458 3.23948 3.87855 0.00000 0.00000 0.00000 0.00000 0.00000 0.00000 0.00000 0.00000 0.00000 0.00000 0.00000 0.00000 0.00000 0.00000 0.00000 0.00000 0.00000 0.00000 0.00000 0.00000 0.00000 0.00000 0.00000 0.00000 0.00000 0.00000
3.03252 3.03252 3.03252 3.03252 3.03252 3.03252 3.03252 3.03176 2.78219 4.88442 5.32596 5.32596 5.32596 5.32596 5.32596 5.32596 5.32596 5.28870 5.00575 4.67824 4.35016 4.02246 3.69495 4.00384 4.51364 4.34075 4.05565 3.77055 3.48475 3.19965 2.91558 2.79458 2.79458 2.79458 2.79458 2.79458 2.79458 2.79458 2.99921 3.87855 0.00000 0.00000 0.00000 0.00000 0.00000 0.00000 0.00000 0.00000 0.00000 0.00000 0.00000 0.00000 0.00000 0.00000 0.00000 0.00000 0.00000 0.00000 0.00000 0.00000 0.00000 0.00000 0.00000 0.00000 0.00000 0.00000
3.03252 3.03252 3.03252 3.03252 3.03252 3.03252 3.03252 3.03252 2.85704 4.18802 5.32596 5.30733 5.05147 4.72377 4.39588 4.06817 3.74047 3.44985 3.40509 3.39927 3.38800 3.37671 3.36543 3.32033 2.90063 2.79458 2.79458 2.79458 2.79458 2.79458 2.79458 2.79458 2.79458 2.79458 2.79458 2.79458 2.79458 2.79458 2.83088 3.85247 3.87855 0.00000 0.00000 0.00000 0.00000 0.00000 0.00000 0.00000 0.00000 0.00000 0.00000 0.00000 0.00000 0.00000 0.00000 0.00000 0.00000 0.00000 0.00000 0.00000 0.00000 0.00000 0.00000 0.00000 0.00000 0.00000
3.03252 3.03252 3.03252 3.03252 3.03252 3.03239 3.00629 2.96121 2.81623 3.05049 3.78619 3.47693 3.40509 3.40080 3.38961 3.37833 3.36705 3.35576 3.34449 3.33901 3.33901 3.33901 3.33901 3.32530 2.81347 2.79406 2.79458 2.79458 2.79458 2.79458 2.79458 2.79458 2.79458 2.79458 2.79458 2.79458 2.79458 2.79458 2.79458 3.50022 3.87855 0.00000 0.00000 0.00000 0.00000 0.00000 0.00000 0.00000 0.00000 0.00000 0.00000 0.00000 0.00000 0.00000 0.00000 0.00000 0.00000 0.00000 0.00000 0.00000 0.00000 0.00000 0.00000 0.00000 0.00000 0.00000
3.01936 2.97547 2.93037 2.88525 2.84015 2.79520 2.77613 2.79185 2.83081 2.51438 3.34504 3.35738 3.34609 3.33910 3.33901 3.33901 3.33901 3.33901 3.33901 3.33901 3.33901 3.33901 3.33901 3.33901 2.94674 2.79286 2.79458 2.79458 2.79458 2.79458 2.79458 2.79458 2.79458 2.79458 2.79458 2.79458 2.79458 2.79458 2.79458 3.17930 3.87855 0.00000 0.00000 0.00000 0.00000 0.00000 0.00000 0.00000 0.00000 0.00000 0.00000 0.00000 0.00000 0.00000 0.00000 0.00000 0.00000 0.00000 0.00000 0.00000 0.00000 0.00000 0.00000 0.00000 0.00000 0.00000
2.77738 2.78046 2.83501 2.90360 2.97239 3.04110 3.10973 3.16275 3.16630 2.56607 3.10852 3.33901 3.33901 3.33901 3.33901 3.33901 3.33901 3.33901 3.33901 3.33901 3.33901 3.33901 3.33901 3.33901 3.09369 2.79159 2.79458 2.79458 2.79458 2.79458 2.79458 2.79458 2.79458 2.79458 2.79458 2.79458 2.79458 2.79458 2.78676 2.81276 3.28436 0.00000 0.00000 0.00000 0.00000 0.00000 0.00000 0.00000 0.00000 0.00000 0.00000 0.00000 0.00000 0.00000 0.00000 0.00000 0.00000 0.00000 0.00000 0.00000 0.00000 0.00000 0.00000 0.00000 0.00000 0.00000
3.08772 3.15210 3.16630 3.16630 3.16630 3.16630 3.16630 3.16630 3.16630 2.76370 2.86321 3.33901 3.33901 3.33901 3.33901 3.33901 3.33901 3.33901 3.33901 3.33901 3.33901 3.33901 3.33901 3.33901 3.24071 2.79028 2.79457 2.79458 2.79458 2.79458 2.79458 2.79458 2.78355 2.66034 2.50872 2.35702 2.20540 2.05369 1.90989 1.87769 2.02830 2.03965 0.00000 0.00000 0.00000 0.00000 0.00000 0.00000 0.00000 0.00000 0.00000 0.00000 0.00000 0.00000 0.00000 0.00000 0.00000 0.00000 0.00000 0.00000 0.00000 0.00000 0.00000 0.00000 0.00000 0.00000
3.16630 3.16630 3.16630 3.16630 3.16630 3.16630 3.16630 3.16630 3.16630 2.96125 2.61780 3.33901 3.33901 3.33901 3.33901 3.33901 3.33901 3.33901 3.33901 3.33901 3.33901 3.33901 3.33901 3.33901 3.33692 2.84069 2.77862 2.65087 2.49925 2.34755 2.19593 2.04422 1.90364 1.87513 1.91949 2.03890 2.15955 2.28012 2.40077 2.52134 2.27696 2.03965 0.00000 0.00000 0.00000 0.00000 0.00000 0.00000 0.00000 0.00000 0.00000 0.00000 0.00000 0.00000 0.00000 0.00000 0.00000 0.00000 0.00000 0.00000 0.00000 0.00000 0.00000 0.00000 0.00000 0.00000
3.16630 3.16630 3.16630 3.16630 3.16630 3.16630 3.16630 3.16630 3.16630 3.13779 2.46113 3.27140 3.33901 3.33901 3.33901 3.33901 3.33901 3.33901 3.33901 3.33901 3.33168 3.21392 3.05942 2.90465 2.74997 2.24194 1.90231 1.87513 1.92570 2.04591 2.16656 2.28714 2.40778 2.52843 2.60472 2.60589 2.60589 2.60589 2.60589 2.60589 2.43426 2.03965 0.00000 0.00000 0.00000 0.00000 0.00000 0.00000 0.00000 0.00000 0.00000 0.00000 0.00000 0.00000 0.00000 0.00000 0.00000 0.00000 0.00000 0.00000 0.00000 0.00000 0.00000 0.00000 0.00000 0.00000
3.16630 3.16630 3.16630 3.16630 3.16630 3.16630 3.16630 3.16630 3.16630 3.16630 2.62202 3.03430 3.33901 3.33901 3.33711 3.23664 3.08223 2.92737 2.77296 2.61810 2.47093 2.43392 2.43574 2.44072 2.44574 2.38642 2.42161 2.53545 2.60553 2.60589 2.60589 2.60589 2.60589 2.60589 2.60589 2.60589 2.60589 2.60589 2.60589 2.60589 2.54287 2.03965 2.03965 0.00000 0.00000 0.00000 0.00000 0.00000 0.00000 0.00000 0.00000 0.00000 0.00000 0.00000 0.00000 0.00000 0.00000 0.00000 0.00000 0.00000 0.00000 0.00000 0.00000 0.00000 0.00000 0.00000
3.16630 3.16630 3.16630 3.16630 3.16630 3.16630 3.16630 3.16630 3.16630 3.24079 3.06474 2.91203 2.79568 2.64091 2.48831 2.43392 2.43517 2.43998 2.44500 2.45003 2.45505 2.46008 2.46328 2.46333 2.46333 2.48015 2.61496 2.60609 2.60589 2.60589 2.60589 2.60589 2.60589 2.60589 2.60589 2.60589 2.60589 2.60589 2.60589 2.60589 2.60342 2.11700 2.03965 0.00000 0.00000 0.00000 0.00000 0.00000 0.00000 0.00000 0.00000 0.00000 0.00000 0.00000 0.00000 0.00000 0.00000 0.00000 0.00000 0.00000 0.00000 0.00000 0.00000 0.00000 0.00000 0.00000
3.16630 3.16630 3.16630 3.19792 3.35601 3.52680 3.69769 3.86858 4.03947 4.13577 3.96774 3.28698 2.44445 2.44929 2.45431 2.45934 2.46311 2.46333 2.46333 2.46333 2.46333 2.46333 2.46333 2.46333 2.46333 2.46333 2.59159 2.60812 2.60589 2.60589 2.60589 2.60589 2.60589 2.60589 2.60589 2.60589 2.60589 2.60589 2.60589 2.60589 2.60589 2.32026 2.03965 0.00000 0.00000 0.00000 0.00000 0.00000 0.00000 0.00000 0.00000 0.00000 0.00000 0.00000 0.00000 0.00000 0.00000 0.00000 0.00000 0.00000 0.00000 0.00000 0.00000 0.00000 0.00000 0.00000
3.64241 3.81291 3.98418 4.12307 4.13106 4.00385 3.82486 3.64576 3.46677 3.28767 3.13809 3.40747 2.60419 2.46333 2.46333 2.46333 2.46333 2.46333 2.46333 2.46333 2.46333 2.46333 2.46333 2.46333 2.46333 2.46333 2.55117 2.61076 2.60589 2.60589 2.60589 2.60589 2.60589 2.60589 2.60589 2.60589 2.60589 2.60589 2.60589 2.60589 2.60589 2.46154 2.00860 0.00000 0.00000 0.00000 0.00000 0.00000 0.00000 0.00000 0.00000 0.00000 0.00000 0.00000 0.00000 0.00000 0.00000 0.00000 0.00000 0.00000 0.00000 0.00000 0.00000 0.00000 0.00000 0.00000
3.87960 3.70081 3.52161 3.34262 3.16862 3.11683 3.11683 3.11683 3.11683 3.11683 3.11683 3.32505 2.86493 2.46333 2.46333 2.46333 2.46333 2.46333 2.46333 2.46333 2.46333 2.46333 2.46333 2.46333 2.46333 2.46333 2.51056 2.61324 2.60589 2.60589 2.60589 2.60589 2.60589 2.60589 2.60589 2.60539 2.58845 2.56345 2.53844 2.51344 2.48842 2.41005 1.73662 1.73662 0.00000 0.00000 0.00000 0.00000 0.00000 0.00000 0.00000 0.00000 0.00000 0.00000 0.00000 0.00000 0.00000 0.00000 0.00000 0.00000 0.00000 0.00000 0.00000 0.00000 0.00000 0.00000
3.11683 3.11683 3.11683 3.11683 3.11683 3.11683 3.11683 3.11683 3.11683 3.11683 3.11683 3.23992 3.12560 2.46333 2.46333 2.46333 2.46333 2.46333 2.46333 2.46333 2.46333 2.46333 2.46333 2.46333 2.46333 2.46333 2.47237 2.61310 2.60637 2.60509 2.58700 2.56198 2.53698 2.51197 2.48697 2.46245 2.45437 2.45393 2.45210 2.45015 2.44821 2.44623 1.89294 1.73662 0.00000 0.00000 0.00000 0.00000 0.00000 0.00000 0.00000 0.00000 0.00000 0.00000 0.00000 0.00000 0.00000 0.00000 0.00000 0.00000 0.00000 0.00000 0.00000 0.00000 0.00000 0.00000
3.11683 3.11683 3.11683 3.11683 3.11683 3.11683 3.11683 3.11683 3.11683 3.11683 3.11683 3.15489 3.37228 2.47737 2.46333 2.46333 2.46333 2.46333 2.46333 2.46333 2.46333 2.46333 2.46333 2.46405 2.49750 2.54840 2.59927 2.76858 2.59793 2.46128 2.45437 2.45386 2.45199 2.45005 2.44811 2.44616 2.44422 2.44272 2.44261 2.44261 2.44261 2.44261 2.13220 1.73662 0.00000 0.00000 0.00000 0.00000 0.00000 0.00000 0.00000 0.00000 0.00000 0.00000 0.00000 0.00000 0.00000 0.00000 0.00000 0.00000 0.00000 0.00000 0.00000 0.00000 0.00000 0.00000
