High_resolution/powerplant/Fengdu/OMI_NO2_201002.asc
ncols      200
nrows      200
xllcorner       105.978
yllcorner       28.1831
cellsize     0.0166667
NODATA_Value      -999.000
[rows 116 to 144 of 200, columns 132 to 197 of 200]
0.00000 0.00000 0.00000 0.00000 0.00000 0.00000 0.00000 0.00000 0.00000 0.00000 0.00000 0.00000 0.00000 0.00000 6.19274 6.19274 6.19274 6.19274 6.19274 6.31245 6.56073 6.56073 6.56073 6.56073 6.56073 6.56073 6.56073 6.56073 6.56073 6.14226 3.98610 3.97650 3.97650 3.97650 3.97650 3.97650 3.97654 4.02046 4.10205 4.18368 4.26531 4.34236 3.62839 2.16017 2.16017 2.16017 2.16017 2.16017 1.80496 1.74086 1.74086 1.74086 1.74086 1.74086 1.74086 1.74086 1.74086 1.74086 1.74086 1.74086 1.74086 1.74086 1.74086 1.74086 1.74086 1.74086
0.00000 0.00000 0.00000 0.00000 0.00000 0.00000 0.00000 0.00000 0.00000 0.00000 6.19274 6.19274 6.19274 6.19274 6.19274 6.19274 6.19274 6.19274 6.19274 6.20979 6.54899 6.56073 6.56073 6.56073 6.56073 6.56073 6.56073 6.56073 6.56073 6.56073 4.28339 3.97650 3.99896 4.07794 4.15953 4.24112 4.32274 4.36045 4.36045 4.36045 4.36045 4.42931 4.35278 2.16017 2.16017 2.16017 2.16017 2.16017 1.92643 1.74086 1.74086 1.74086 1.74086 1.74086 1.74086 1.74086 1.74086 1.74086 1.74086 1.74086 1.74086 1.74086 1.74086 1.74086 1.74086 1.74086
0.00000 0.00000 0.00000 0.00000 0.00000 0.00000 6.19274 6.19274 6.19274 6.19274 6.19274 6.19274 6.19274 6.19274 6.19274 6.19274 6.19274 6.19274 6.19274 6.19274 6.45164 6.56073 6.56073 6.56073 6.56073 6.56073 6.56073 6.56073 6.56073 6.56073 5.00514 4.29859 4.35776 4.36045 4.36045 4.36045 4.36045 4.43515 4.60317 4.77133 4.93949 5.03891 5.03628 2.77305 2.16017 2.16017 2.16017 2.16017 2.04784 1.74086 1.74086 1.74086 1.74086 1.74086 1.74086 1.74086 1.74086 1.74086 1.74086 1.74086 1.74086 1.74086 1.74086 1.74084 1.73995 1.73859
0.00000 0.00000 6.19274 6.19274 6.19274 6.19274 6.19274 6.19274 6.19274 6.19274 6.19274 6.19274 6.19274 6.19274 6.19274 6.19274 6.19274 6.19274 6.19274 6.19274 6.33715 6.56073 6.56073 6.56073 6.56073 6.56073 6.56073 6.56073 6.56073 6.56073 5.82455 4.36045 4.36045 4.44086 4.60915 4.77744 4.94567 5.03932 5.03959 5.03959 5.03959 5.03959 5.03959 3.87658 2.16017 2.16017 2.16017 2.16017 2.14922 1.76094 1.74086 1.74086 1.74086 1.74086 1.74086 1.74086 1.74086 1.74086 1.74086 1.74015 1.73880 1.73744 1.73608 1.73474 1.75201 1.75682
6.19274 6.19274 6.19274 6.19274 6.19274 6.19274 6.19274 6.19274 6.19274 6.19274 6.19274 6.19274 6.19274 6.19274 6.19274 6.19274 6.19274 6.19274 6.19274 6.19274 6.22594 6.55749 6.56073 6.56073 6.56073 6.56073 6.56073 6.56073 6.56073 6.73391 7.04615 4.91873 4.95171 5.03959 5.03959 5.03959 5.03959 5.03959 5.03959 5.03959 5.03959 5.03959 5.03959 4.59616 2.16017 2.16017 2.16017 2.16017 2.16017 1.87147 1.74086 1.74086 1.74086 1.74086 1.74035 1.73900 1.73764 1.73629 1.73493 1.73428 1.76999 1.95009 2.09064 2.19210 2.26404 2.02257
6.19274 6.19274 6.19274 6.19274 6.19274 6.19274 6.19274 6.19274 6.19274 6.19274 6.19274 6.19274 6.19274 6.19274 6.19274 6.19274 6.19274 6.19274 6.19274 6.19274 6.19274 6.47631 6.56073 6.56073 6.56114 6.74600 7.08245 7.41903 7.75575 7.91902 7.91902 5.72978 5.03959 5.03959 5.03959 5.03959 5.03959 5.03959 5.03959 5.03959 5.03959 5.03959 5.03959 5.00933 2.49433 2.16017 2.16017 2.16017 2.16017 2.02136 1.73921 1.73785 1.73649 1.73514 1.73429 1.73428 1.79352 1.97633 2.10913 2.20582 2.27005 2.27728 2.27728 2.27728 2.27728 2.16795
6.19274 6.19274 6.19274 6.19274 6.19274 6.19274 6.19274 6.19274 6.19274 6.19274 6.19274 6.19274 6.19274 6.19274 6.19274 6.19274 6.19274 6.19274 6.19274 6.19274 6.19297 6.49124 7.09454 7.43099 7.76730 7.91902 7.91902 7.91902 7.91902 7.91902 7.91902 6.52591 5.03959 5.03959 5.03959 5.03959 5.03959 5.03959 5.03959 5.03959 5.03959 5.03959 5.03959 5.03959 3.66880 2.43218 2.73505 3.03778 3.34065 3.36311 1.73834 1.73428 1.82175 2.00097 2.12671 2.21902 2.27420 2.27728 2.27728 2.27728 2.27728 2.27728 2.27728 2.27728 2.27728 2.26181
6.19274 6.19274 6.19274 6.19274 6.19274 6.19274 6.19274 6.19274 6.19274 6.19274 6.19274 6.19274 6.19274 6.19274 6.19274 6.19274 6.19274 6.24022 6.33856 6.43698 6.53509 6.77762 7.91902 7.91902 7.91902 7.91902 7.91902 7.91902 7.91902 7.91902 7.91902 7.64166 5.07619 5.03959 5.03959 5.03959 5.03959 5.03959 5.03959 5.04023 5.12960 5.28096 5.43247 5.58376 5.26880 3.58209 3.58209 3.58209 3.49811 3.37871 2.35150 2.23160 2.27663 2.27728 2.27728 2.27728 2.27728 2.27728 2.27728 2.27728 2.27728 2.27728 2.27728 2.27728 2.27728 2.27728
6.19274 6.19274 6.19274 6.19274 6.19274 6.19274 6.19274 6.19274 6.19274 6.19274 6.19274 6.19274 6.19274 6.23263 6.33047 6.42889 6.52720 6.57810 6.57810 6.57810 6.57810 6.57810 7.70195 7.91902 7.91902 7.91902 7.91902 7.91902 7.91902 7.91902 7.91902 7.91902 5.48610 5.03959 5.03959 5.08694 5.23497 5.38626 5.53776 5.68849 5.75055 5.75055 5.75055 5.74560 5.34936 3.38329 3.28387 3.22473 3.20119 3.20119 2.71184 2.27728 2.27728 2.27728 2.27728 2.27728 2.27728 2.27728 2.27728 2.27728 2.27728 2.27728 2.27728 2.27728 2.27728 2.27728
6.19274 6.19274 6.19274 6.19274 6.19274 6.19274 6.19274 6.19274 6.19274 6.22565 6.32240 6.42080 6.51914 6.57764 6.57810 6.57810 6.57810 6.57810 6.57810 6.57810 6.57810 6.57810 7.28478 7.91902 7.91902 7.91902 7.91902 7.91902 7.91902 7.91902 7.91902 7.91902 6.33924 5.49169 5.64313 5.74721 5.75055 5.75055 5.75055 5.74313 5.40666 4.89483 4.38383 3.87737 3.68758 3.33328 3.20119 3.20119 3.20119 3.20119 2.97945 2.27728 2.27728 2.27728 2.27728 2.27728 2.27728 2.27728 2.27728 2.27728 2.27728 2.27728 2.27728 2.27728 2.27728 2.27728
6.19274 6.19274 6.19274 6.19274 6.19274 6.21941 6.31432 6.41267 6.51101 6.57652 6.57810 6.57810 6.57810 6.57810 6.57810 6.57810 6.57810 6.57810 6.57810 6.57810 6.57810 6.57810 6.86748 7.91902 7.91902 7.91902 7.91902 7.91902 7.91902 7.91902 7.91902 7.91902 7.36683 5.75055 5.75055 5.74024 5.38995 4.87895 4.36754 3.86293 3.68758 3.68758 3.68758 3.68758 3.68758 3.48239 3.20119 3.20119 3.20119 3.20119 3.18680 2.33761 2.27728 2.27728 2.27728 2.27728 2.27728 2.27728 2.27728 2.27728 2.27728 2.27744 2.30833 2.36194 2.41552 2.46918
6.19274 6.21375 6.30623 6.40461 6.50292 6.57463 6.57810 6.57810 6.57810 6.57810 6.57810 6.57810 6.57810 6.57810 6.57810 6.57810 6.57810 6.57810 6.57810 6.57810 6.57810 6.57810 6.58601 7.78383 7.91902 7.91902 7.91902 7.91902 7.91902 7.91902 7.91902 7.88973 7.16603 4.96282 4.35062 3.84911 3.68758 3.68758 3.68758 3.68758 3.68758 3.68758 3.68758 3.68758 3.68758 3.63030 3.20231 3.20119 3.20119 3.20119 3.20119 2.59086 2.27728 2.27728 2.27728 2.27728 2.27728 2.30005 2.35350 2.40711 2.46069 2.51414 2.53688 2.62499 2.94046 3.26761
6.49486 6.57221 6.57810 6.57810 6.57810 6.57810 6.57810 6.57810 6.57810 6.57810 6.57810 6.57810 6.57810 6.57810 6.57810 6.57810 6.57810 6.57810 6.57810 6.57810 6.57810 6.57810 6.57810 7.37463 7.91902 7.91902 7.91902 7.88147 7.13303 6.10897 5.08532 4.09096 3.79307 3.71708 3.68758 3.68758 3.68758 3.68758 3.68758 3.68758 3.68758 3.68758 3.68758 3.68758 3.68758 3.68758 3.29392 3.20119 3.20119 3.20119 3.20119 2.85851 2.29291 2.34506 2.39867 2.45225 2.50586 2.53673 2.53688 2.66674 2.99185 3.31887 3.64616 3.88507 3.89663 3.89663
6.57810 6.57810 6.57810 6.57810 6.57810 6.57810 6.57810 6.57810 6.57810 6.57810 6.57810 6.57810 6.57810 6.57810 6.57810 6.57810 6.57810 6.57810 6.57810 6.57810 6.57810 6.57810 6.57810 6.92662 7.09919 6.07555 5.05190 4.06786 3.79307 3.79307 3.79307 3.79307 3.79307 3.74801 3.68758 3.68758 3.68758 3.68758 3.68758 3.68758 3.68758 3.68758 3.68758 3.68758 3.68758 3.68758 3.44299 3.17554 2.98447 2.76369 2.54313 2.33627 2.53295 2.53688 2.53729 2.71610 3.04312 3.37041 3.69743 3.89459 3.89663 3.89663 3.89663 3.89663 3.89663 3.89663
6.57810 6.57810 6.57810 6.57810 6.57810 6.57810 6.57810 6.57810 6.57810 6.57810 6.57810 6.57810 6.57810 6.57810 6.57810 6.57810 6.57810 6.57810 6.57810 6.57810 6.57810 6.57810 6.57810 5.76320 3.79307 3.79307 3.79307 3.79307 3.79307 3.79307 3.79307 3.79307 3.79307 3.78750 3.69012 3.68758 3.68758 3.68758 3.68758 3.68758 3.68758 3.68758 3.68363 3.53566 3.31509 3.09432 2.77808 2.19224 2.16275 2.16275 2.16954 2.39322 3.01747 3.42167 3.74828 3.89663 3.89663 3.89663 3.89663 3.89663 3.89663 3.89663 3.89663 3.89663 3.89663 3.89663
6.57810 6.57810 6.57810 6.57810 6.57810 6.57810 6.57810 6.57810 6.57810 6.57810 6.57810 6.57810 6.57810 6.57810 6.57810 6.57810 6.57810 6.57810 6.57810 6.57810 0.00000 0.00000 0.00000 0.00000 3.79307 3.79307 3.79307 3.79307 3.79307 3.79307 3.79307 3.79307 3.79307 3.79307 3.70704 3.68758 3.68758 3.68758 3.59931 3.37979 3.15922 2.93845 2.72172 2.64914 2.64914 2.64914 2.63932 2.44278 2.77178 3.09895 3.41915 3.52249 3.71162 3.89663 3.89663 3.89663 3.89663 3.89663 3.89663 3.89663 3.89663 3.89663 3.89663 3.89663 3.89663 3.89663
6.57810 6.57810 6.57810 6.57810 6.57810 6.57810 6.57810 6.57810 6.57810 6.57810 6.57810 6.57810 6.57810 6.57810 6.57810 6.57810 0.00000 0.00000 0.00000 0.00000 0.00000 0.00000 0.00000 0.00000 3.79307 3.79307 3.79307 3.79307 3.79307 3.79307 3.79307 3.79307 3.79307 3.79307 3.59916 3.22402 3.00345 2.78268 2.65028 2.64914 2.64914 2.64914 2.63875 2.50934 2.30192 2.01443 1.61994 2.99270 3.52249 3.52249 3.52249 3.52249 3.60375 3.89663 3.89663 3.89663 3.89663 3.89663 3.89663 3.89663 3.89663 3.89663 3.89663 3.89663 3.89663 3.89663
6.57810 6.57810 6.57810 6.57810 6.57810 6.57810 6.57810 6.57810 6.57810 6.57810 6.57810 6.57810 0.00000 0.00000 0.00000 0.00000 0.00000 0.00000 0.00000 0.00000 0.00000 0.00000 0.00000 0.00000 3.79307 3.79307 3.79307 3.79307 3.79307 3.79307 3.79307 3.79307 3.79307 3.79307 3.57062 2.65080 2.64914 2.64914 2.63700 2.50304 2.29342 2.00246 1.60999 1.50520 1.50520 1.50520 1.50520 2.38209 3.52249 3.52249 3.52249 3.52249 3.52604 3.86647 3.89663 3.89663 3.89663 3.89663 3.89663 3.89663 3.89663 3.89663 3.89663 3.89663 3.89700 3.93289
0.00000 6.57810 6.57810 6.57810 6.57810 6.57810 6.57810 6.57810 6.57810 0.00000 0.00000 0.00000 0.00000 0.00000 0.00000 0.00000 0.00000 0.00000 0.00000 0.00000 0.00000 0.00000 0.00000 0.00000 0.00000 3.79307 3.79307 3.79307 3.79307 3.79307 3.79307 3.79307 3.79307 3.79307 3.79307 2.61476 2.28532 1.99075 1.59826 1.50520 1.50520 1.50520 1.50520 1.50520 1.50520 1.50520 1.50520 1.60437 3.46662 3.52249 3.52249 3.52249 3.52249 3.76217 3.89663 3.89663 3.89663 3.89663 3.89663 3.89663 3.92424 3.98348 4.04272 4.10196 4.16082 4.18420
0.00000 6.57810 6.57810 6.57810 6.57810 0.00000 0.00000 0.00000 0.00000 0.00000 0.00000 0.00000 0.00000 0.00000 0.00000 0.00000 0.00000 0.00000 0.00000 0.00000 0.00000 0.00000 0.00000 0.00000 0.00000 3.79307 3.79307 3.79307 3.79307 3.79307 3.79307 3.79307 3.79307 3.79307 3.79307 1.50520 1.50520 1.50520 1.50520 1.50520 1.50520 1.50520 1.50520 1.50520 1.50520 1.50520 1.50520 1.50520 3.11661 3.52249 3.52249 3.52249 3.52249 3.65419 3.89663 3.91656 3.97476 4.03409 4.09327 4.15257 4.18417 4.18393 4.08561 3.87056 3.58071 3.16906
0.00000 0.00000 0.00000 0.00000 0.00000 0.00000 0.00000 0.00000 0.00000 0.00000 0.00000 0.00000 0.00000 0.00000 0.00000 0.00000 0.00000 0.00000 0.00000 0.00000 0.00000 0.00000 0.00000 0.00000 0.00000 3.79307 3.79307 3.79307 3.79307 3.79307 3.79307 0.00000 0.00000 0.00000 0.00000 1.50520 1.50520 1.50520 1.50520 1.50520 1.50520 1.50520 1.50520 1.50520 1.50520 1.50520 1.50520 1.50520 2.57078 3.52249 3.54672 3.68585 3.84000 4.00875 4.14456 4.18323 4.18420 4.18012 4.05479 3.82970 3.52420 3.08669 2.82862 2.82862 2.82862 2.82862
0.00000 0.00000 0.00000 0.00000 0.00000 0.00000 0.00000 0.00000 0.00000 0.00000 0.00000 0.00000 0.00000 0.00000 0.00000 0.00000 0.00000 0.00000 0.00000 0.00000 0.00000 0.00000 0.00000 0.00000 0.00000 0.00000 3.79307 0.00000 0.00000 0.00000 0.00000 0.00000 0.00000 0.00000 0.00000 1.50520 1.50520 1.50520 1.50520 1.50520 1.50520 1.50520 1.50520 1.50520 1.50520 1.51534 1.73875 2.04720 2.56105 4.08991 4.23191 4.24690 4.24690 4.23522 4.03834 3.78669 3.46449 3.01072 2.82862 2.82862 2.82862 2.82862 2.82862 2.82862 2.82862 2.82862
0.00000 0.00000 0.00000 0.00000 0.00000 0.00000 0.00000 0.00000 0.00000 0.00000 0.00000 0.00000 0.00000 0.00000 0.00000 0.00000 0.00000 0.00000 0.00000 0.00000 0.00000 0.00000 0.00000 0.00000 0.00000 0.00000 0.00000 0.00000 0.00000 0.00000 0.00000 0.00000 0.00000 0.00000 0.00000 0.00000 1.50520 1.50520 1.50520 1.50520 1.50520 1.64574 1.95390 2.26235 2.57066 2.86897 2.95402 2.95402 2.95402 4.02773 4.06060 3.82486 3.49973 3.06560 2.89293 2.82862 2.82862 2.82862 2.82862 2.82862 2.82862 2.82862 2.82862 2.82862 2.82862 2.82862
0.00000 0.00000 0.00000 0.00000 0.00000 0.00000 0.00000 0.00000 0.00000 0.00000 0.00000 0.00000 0.00000 0.00000 0.00000 0.00000 0.00000 0.00000 0.00000 0.00000 0.00000 0.00000 0.00000 0.00000 0.00000 0.00000 0.00000 0.00000 0.00000 0.00000 0.00000 0.00000 0.00000 0.00000 0.00000 0.00000 1.60996 1.86060 2.16919 2.47750 2.78610 2.95373 2.95402 2.95402 2.95402 2.95402 2.95402 2.95402 2.95402 2.95454 2.95402 2.95402 2.95402 2.95402 2.92907 2.82862 2.82862 2.82862 2.82862 2.82862 2.82862 2.82862 2.82862 2.82862 2.82862 2.82862
0.00000 0.00000 0.00000 0.00000 0.00000 0.00000 0.00000 0.00000 0.00000 0.00000 0.00000 0.00000 0.00000 0.00000 0.00000 0.00000 0.00000 0.00000 0.00000 0.00000 0.00000 0.00000 0.00000 0.00000 0.00000 0.00000 0.00000 0.00000 0.00000 0.00000 0.00000 0.00000 0.00000 0.00000 0.00000 0.00000 2.95402 2.95402 2.95402 2.95402 2.95402 2.95402 2.95402 2.95402 2.95402 2.95402 2.95402 2.95402 2.95402 2.95402 2.95402 2.95402 2.95402 2.95402 2.95338 2.84047 2.82862 2.82862 2.82862 2.82862 2.82862 2.82862 2.82862 2.82862 2.82862 2.82862
0.00000 0.00000 0.00000 0.00000 0.00000 0.00000 0.00000 0.00000 0.00000 0.00000 0.00000 0.00000 0.00000 0.00000 0.00000 0.00000 0.00000 0.00000 0.00000 0.00000 0.00000 0.00000 0.00000 0.00000 0.00000 0.00000 0.00000 0.00000 0.00000 0.00000 0.00000 0.00000 0.00000 0.00000 0.00000 0.00000 0.00000 2.95402 2.95402 2.95402 2.95402 2.95402 2.95402 2.95402 2.95402 2.95402 2.95402 2.95402 2.95402 2.95402 2.95402 2.95402 2.95402 2.95402 2.95402 2.87600 2.82862 2.82862 2.82862 2.82862 2.82862 2.82862 2.82858 2.78595 2.70560 2.62524
0.00000 0.00000 0.00000 0.00000 0.00000 0.00000 0.00000 0.00000 0.00000 0.00000 0.00000 0.00000 0.00000 0.00000 0.00000 0.00000 0.00000 0.00000 0.00000 0.00000 0.00000 0.00000 0.00000 0.00000 0.00000 0.00000 0.00000 0.00000 0.00000 0.00000 0.00000 0.00000 0.00000 0.00000 0.00000 0.00000 0.00000 2.95402 2.95402 2.95402 2.95402 2.95402 2.95402 2.95402 2.95402 2.95402 2.95402 2.95402 2.95402 2.95402 2.95402 2.95402 2.95402 2.95402 2.95402 2.91216 2.82862 2.82862 2.79760 2.71783 2.63748 2.55704 2.47672 2.43892 2.43892 2.43892
0.00000 0.00000 0.00000 0.00000 0.00000 0.00000 0.00000 0.00000 0.00000 0.00000 0.00000 0.00000 0.00000 0.00000 0.00000 0.00000 0.00000 0.00000 0.00000 0.00000 0.00000 0.00000 0.00000 0.00000 0.00000 0.00000 0.00000 0.00000 0.00000 0.00000 0.00000 0.00000 0.00000 0.00000 0.00000 0.00000 0.00000 2.95402 2.95402 2.95402 2.95402 2.95402 2.95402 2.95402 2.95402 2.95402 2.95402 2.95402 2.95402 2.95402 2.95402 2.95402 2.95402 2.94217 2.88943 2.82459 2.57350 2.48888 2.43951 2.43892 2.43892 2.43892 2.43892 2.43892 2.43892 2.43892
0.00000 0.00000 0.00000 0.00000 0.00000 0.00000 0.00000 0.00000 0.00000 0.00000 0.00000 0.00000 0.00000 0.00000 0.00000 0.00000 0.00000 0.00000 0.00000 0.00000 0.00000 0.00000 0.00000 0.00000 0.00000 0.00000 0.00000 0.00000 0.00000 0.00000 0.00000 0.00000 0.00000 0.00000 0.00000 0.00000 0.00000 2.95402 2.95402 2.95402 2.95402 2.95402 2.95402 2.95402 2.95402 2.95402 2.95402 2.95402 2.95045 2.90582 2.84967 2.79349 2.73733 2.69295 2.68951 2.68951 2.49970 2.43892 2.43892 2.43892 2.43892 2.43892 2.43892 2.43892 2.43892 2.43892
