High_resolution/powerplant/Fengdu/OMI_NO2_201104.asc
ncols      200
nrows      200
xllcorner       105.978
yllcorner       28.1831
cellsize     0.0166667
NODATA_Value      -999.000
[rows 116 to 144 of 200, columns 66 to 131 of 200]
2.96363 2.96363 2.96363 2.96363 2.85612 2.64602 2.64602 2.64602 2.65266 2.66761 2.68257 2.75540 2.92586 3.12273 3.36533 3.54834 3.23170 3.21718 3.21718 3.21718 3.21718 3.21718 3.31648 4.13050 4.13288 4.13288 4.13288 4.13288 4.13288 4.13288 4.13288 4.94487 5.97706 5.97706 5.97706 5.97706 5.97706 5.97706 5.97706 5.97706 3.92569 1.52145 1.52145 1.52145 1.53561 1.71367 1.93848 2.16330 2.38811 2.59877 2.64553 2.64553 2.64553 2.64553 2.64553 2.64553 2.64553 2.14976 1.20949 1.20949 1.20949 1.20949 1.20949 1.20949 1.20949 1.20949
3.07233 2.96363 2.96363 2.90065 2.55482 2.66511 2.82296 3.01043 3.23529 3.51082 3.87732 4.14451 4.14565 4.14565 4.14565 4.08026 3.23242 3.21718 3.21718 3.21718 3.21718 3.21718 3.21718 3.96439 4.13288 4.13288 4.13288 4.13288 4.13288 4.13288 4.13288 4.50980 5.97706 5.97706 5.97706 5.97706 5.97706 5.97706 5.97706 5.93546 4.60975 1.93848 2.16330 2.38811 2.59877 2.64553 2.64553 2.64553 2.64553 2.64553 2.64553 2.64553 2.64553 2.64553 2.64553 2.64553 2.64553 2.54071 1.22586 1.20949 1.20949 1.20949 1.20949 1.20949 1.20949 1.20949
2.91364 2.13089 1.77364 1.41306 1.38350 3.39990 4.14565 4.14565 4.14565 4.14565 4.14565 4.14565 4.14565 4.14565 4.14565 4.14565 3.36252 3.21718 3.21718 3.21718 3.21718 3.21718 3.21718 3.69911 4.13288 4.13288 4.13288 4.13288 4.13288 4.13288 4.13288 4.20543 5.94488 5.97706 5.96552 5.40994 4.56235 3.71353 2.86512 2.05872 1.85966 2.55448 2.64553 2.64553 2.64553 2.64553 2.64553 2.64553 2.64553 2.64553 2.64553 2.64553 2.64553 2.64553 2.64553 2.64553 2.64553 2.64553 1.52840 1.20949 1.20949 1.20949 1.20949 1.20949 1.20949 1.20949
1.33431 1.40225 1.40225 1.40225 1.40225 2.65875 4.14565 4.14565 4.14565 4.14565 4.14565 4.14565 4.14565 4.14565 4.14565 4.14565 3.56566 3.21718 3.21718 3.21718 3.21718 3.21718 3.21718 3.43393 4.13288 4.13288 4.13288 4.13288 4.13288 4.13288 3.91110 3.48731 3.57401 2.98868 2.15262 1.85856 1.85856 1.85856 1.85856 1.85856 1.85856 2.33074 2.64553 2.64553 2.64553 2.64553 2.64553 2.64553 2.64553 2.64553 2.64553 2.64553 2.64553 2.64553 2.64553 2.64553 2.64553 2.64553 1.93605 1.20949 1.20949 1.20949 1.20949 1.20949 1.20949 1.20949
1.31672 1.40189 1.40225 1.40225 1.40225 1.85564 4.14565 4.14565 4.14565 4.14565 4.14565 4.14565 4.14565 4.14565 4.14565 4.14565 3.86332 3.21718 3.21718 3.21718 3.21718 3.21718 3.21718 3.23055 4.07098 3.97000 3.54909 3.12488 2.70047 2.27668 2.07364 2.03867 1.92622 1.85856 1.85856 1.85856 1.85856 1.85856 1.85856 1.85856 1.85856 2.10591 2.64553 2.64553 2.64553 2.64553 2.64553 2.64553 2.64553 2.64553 2.64553 2.64553 2.64553 2.64553 2.64553 2.64553 2.64553 2.64553 2.34313 1.20949 1.20949 1.20949 1.21441 1.33159 1.49529 1.65891
1.31159 1.37570 1.40225 1.40225 1.40225 1.40389 3.79347 4.14565 4.14565 4.14565 4.14565 4.14565 4.14565 4.14565 4.14565 4.14565 4.13991 3.26548 3.21718 3.21718 3.18976 3.05479 2.90889 2.76306 2.43069 2.06194 1.99155 1.91983 1.84798 1.77614 1.70437 1.66749 1.69488 1.85856 1.85856 1.85856 1.85856 1.85856 1.85856 1.85856 1.85856 1.89949 2.62798 2.64553 2.64553 2.64553 2.64553 2.64553 2.64553 2.64553 2.64553 2.64553 2.64553 2.64553 2.64553 2.64553 2.64553 2.67054 2.94639 1.68812 1.68789 1.85159 2.01030 2.05682 2.05682 2.05682
1.31159 1.34613 1.40225 1.40225 1.40225 1.40225 2.99189 4.14565 4.14565 4.14565 4.14565 4.14565 4.14565 4.14565 4.14565 4.13026 3.90512 3.10162 2.80519 2.65605 2.48355 2.40084 2.32904 2.25723 2.01768 1.67208 1.66749 1.66749 1.66749 1.66749 1.66749 1.66749 1.66983 1.84197 1.85856 1.85856 1.85856 1.85856 1.85856 1.85856 1.85856 1.85856 2.44430 2.64553 2.64553 2.64553 2.64553 2.64553 2.64553 2.64553 2.64553 2.64553 2.67197 2.96084 3.31545 3.67275 4.03004 4.36232 4.43200 2.90199 2.05682 2.05682 2.05682 2.05682 2.05682 2.05682
1.31159 1.32604 1.40225 1.40225 1.40225 1.40225 2.18851 4.14565 4.14565 4.14565 4.14551 3.98924 3.69731 3.40578 3.11385 2.83759 2.77120 2.52228 2.21020 2.14148 2.12381 2.12381 2.12381 2.12381 2.08475 1.67106 1.66749 1.66749 1.66749 1.66749 1.66749 1.66749 1.66749 1.77197 1.85856 1.85856 1.85856 1.85856 1.85856 1.85856 1.85856 1.85856 2.21947 2.64553 2.64553 2.64553 2.64553 2.67340 2.96298 3.31903 3.67632 4.03361 4.36447 4.43200 4.43200 4.43200 4.43200 4.43200 4.43200 3.57281 2.05682 2.05682 2.05682 2.05682 2.05682 2.05682
1.31159 1.31315 1.39603 1.40225 1.40225 1.40225 1.51148 3.70851 3.48990 3.19824 2.90645 2.77120 2.77120 2.77120 2.77120 2.77120 2.77120 2.66933 2.12579 2.12381 2.12381 2.12381 2.12381 2.12381 2.12381 1.76414 1.66749 1.66749 1.66749 1.66749 1.66749 1.66749 1.66749 1.72062 1.85856 1.85856 1.85856 1.85856 1.85856 1.85856 1.85856 1.85856 2.01272 2.96531 3.32260 3.67989 4.03719 4.36661 4.43200 4.43200 4.43200 4.43200 4.43200 4.43200 4.43200 4.43200 4.43200 4.43200 4.43200 4.22724 2.07273 2.05682 2.05682 2.05682 2.05682 2.05682
1.31159 1.31282 1.40316 1.52091 1.58792 1.65497 1.70463 2.45330 2.77120 2.77120 2.77120 2.77120 2.77120 2.77120 2.77120 2.77120 2.77120 2.77120 2.19407 2.12381 2.12381 2.12381 2.12381 2.12381 2.12381 1.89634 1.66749 1.66749 1.66749 1.66749 1.66749 1.66749 1.66749 1.68448 1.85856 1.85856 1.85856 1.86436 2.01273 2.22272 2.43241 2.64230 2.83882 4.25333 4.43200 4.43200 4.43200 4.43200 4.43200 4.43200 4.43200 4.43200 4.43200 4.43200 4.43200 4.43200 4.43200 4.43200 4.43200 4.43200 2.53855 2.05682 2.05682 2.05682 2.05682 2.05682
1.49268 1.58171 1.67508 1.70728 1.70728 1.70728 1.70728 2.14200 2.77120 2.77120 2.77120 2.77120 2.77120 2.77120 2.77120 2.77120 2.77120 2.77120 2.32307 2.12381 2.12381 2.12381 2.12381 2.12381 2.12381 2.02853 1.66749 1.66749 1.66749 1.66749 1.66749 1.66749 1.66785 1.72858 2.11951 2.39997 2.60986 2.81416 2.87548 2.87548 2.87548 2.87548 2.87548 3.80939 4.43200 4.43200 4.43200 4.43200 4.43200 4.43200 4.43200 4.43200 4.43200 4.43200 4.43200 4.43200 4.43200 4.43200 4.43200 4.43200 3.20925 2.05682 2.05682 2.05682 2.05682 2.05682
1.70728 1.70728 1.70728 1.70728 1.70728 1.70728 1.70728 1.83250 2.76950 2.77120 2.77120 2.77120 2.77120 2.77120 2.77120 2.77120 2.77120 2.77120 2.50878 2.12381 2.12381 2.12381 2.12381 2.12381 2.12381 2.12062 1.70761 1.66749 1.71244 1.81708 1.92198 2.02698 2.13157 2.17595 2.49786 2.87548 2.87548 2.87548 2.87548 2.87548 2.87548 2.87548 2.87548 3.36376 4.43200 4.43200 4.43200 4.43200 4.43200 4.43200 4.43200 4.43200 4.43200 4.43200 4.43200 4.43200 4.43200 4.43200 4.43200 4.43200 3.87977 2.05682 2.05682 2.05682 2.05682 2.05337
1.70728 1.70728 1.70728 1.70728 1.70728 1.70728 1.70728 1.70728 2.58363 2.77120 2.77120 2.77120 2.77120 2.77120 2.77120 2.77120 2.77120 2.77120 2.73987 2.13888 2.12381 2.12381 2.12381 2.16492 2.33328 2.51039 2.26362 2.11570 2.18376 2.24425 2.32661 2.42875 2.55870 2.72995 2.87241 2.87548 2.87548 2.87548 2.87548 2.87548 2.87548 2.87548 2.87548 2.95424 4.39558 4.43200 4.43200 4.43200 4.43200 4.43200 4.43200 4.43200 4.43200 4.43200 4.43200 4.43200 4.43200 4.43200 4.43200 4.43200 4.36519 2.07306 1.81694 1.69128 1.56563 1.44348
1.70728 1.70728 1.70728 1.70728 1.70728 1.70728 1.70728 1.70728 2.27254 2.77120 2.77120 2.77120 2.77120 2.77120 2.77120 2.77120 2.77120 2.77120 2.79772 2.42074 2.45836 2.63547 2.81453 3.04247 3.21507 3.41611 3.27423 2.66721 2.84630 2.87548 2.87548 2.87548 2.87548 2.87548 2.87548 2.87548 2.87548 2.87548 2.87548 2.87548 2.87548 2.87548 2.87548 2.87548 4.02808 4.43200 4.43200 4.43200 4.43200 4.43200 4.43200 4.43200 4.43200 4.43200 4.43200 4.40008 4.06617 3.65742 3.24867 2.83992 2.46148 1.73141 1.40675 1.40675 1.40675 1.40675
1.70728 1.70728 1.70728 1.70728 1.70728 1.70728 1.70728 1.70728 1.96124 2.77120 2.77120 2.77120 2.77120 2.77270 2.98183 3.33605 3.69061 4.04470 4.37253 3.82072 3.57792 3.87850 4.27254 4.43891 4.43891 4.43891 4.33338 2.89784 2.87548 2.87548 2.87548 2.87548 2.87548 2.87548 2.87548 2.87548 2.87548 2.87548 2.87548 2.87548 2.87548 2.87548 2.87548 2.87548 3.58261 4.43200 4.43200 4.43200 4.43200 4.43200 4.40008 4.06617 3.65742 3.24867 2.83992 2.46148 2.38416 2.38416 2.38416 2.38416 2.38416 2.00733 1.40675 1.40675 1.40675 1.40675
1.70728 1.70728 1.70728 1.70728 1.70728 1.70728 1.70728 1.70728 1.72281 2.81183 3.23199 3.58621 3.94076 4.29348 4.43891 4.43891 4.43891 4.43891 4.43891 4.43891 4.43891 4.43891 4.43891 4.43891 4.43891 4.43891 4.43891 3.24308 2.87548 2.87548 2.87548 2.87548 2.87548 2.87548 2.87548 2.87548 2.87548 2.87548 2.87548 2.87548 2.87548 2.87548 2.87548 2.87548 3.13620 4.40008 4.06617 3.65742 3.24867 2.83992 2.46148 2.38416 2.38416 2.38416 2.38416 2.38416 2.38416 2.38416 2.38416 2.38416 2.38416 2.28094 1.40929 1.40675 1.40675 1.40675
1.70728 1.70728 1.70728 1.70728 1.72575 1.94157 2.21096 2.48046 2.74997 3.91473 4.43891 4.43891 4.43891 4.43891 4.43891 4.43891 4.43891 4.43891 4.43891 4.43891 4.43891 4.43891 4.43891 4.43891 4.43891 4.43891 4.43891 3.69402 2.87548 2.87548 2.87548 2.87548 2.87548 2.87548 2.87548 2.87548 2.87548 2.87548 2.87548 2.87548 2.86812 2.71226 2.49885 2.28533 2.07337 2.39659 2.38416 2.38416 2.38416 2.38416 2.38416 2.38416 2.38416 2.38416 2.38416 2.38416 2.38416 2.38416 2.38416 2.38416 2.38416 2.38416 1.58192 1.40675 1.40675 1.40675
1.82609 2.09510 2.36448 2.63374 2.88503 2.93846 2.93846 2.93846 2.93846 3.48288 4.43891 4.43891 4.43891 4.43891 4.43891 4.43891 4.43891 4.43891 4.43891 4.43891 4.43891 4.43891 4.43891 4.43891 4.43891 4.43891 4.43891 4.14480 2.87548 2.87548 2.87548 2.87548 2.87548 2.87548 2.87548 2.87393 2.74306 2.52933 2.31582 2.10230 1.89625 1.83849 1.83849 1.83849 1.83849 2.16490 2.38416 2.38416 2.38416 2.38416 2.38416 2.38416 2.38416 2.38416 2.38416 2.38416 2.38416 2.38416 2.38416 2.38416 2.38416 2.38416 1.85783 1.40675 1.40675 1.40675
2.93797 2.93846 2.93846 2.93846 2.93846 2.93846 2.93846 2.93846 2.93846 3.05969 4.42465 4.43891 4.43891 4.43891 4.43891 4.43891 4.43891 4.43891 4.43891 4.43891 4.43891 4.43891 4.43891 4.43891 4.43891 4.43891 4.43891 4.43359 3.03745 2.87548 2.87548 2.77355 2.56013 2.34662 2.13310 1.92124 1.83849 1.83849 1.83849 1.83849 1.83849 1.83849 1.83849 1.83849 1.83849 2.00972 2.38416 2.38416 2.38416 2.38416 2.38416 2.38416 2.38416 2.38416 2.38416 2.38416 2.38416 2.38416 2.38416 2.38416 2.38416 2.38416 2.13385 1.40675 1.40675 1.40675
2.93846 2.93846 2.93846 2.93846 2.93846 2.93846 2.93846 2.93846 2.93846 2.93846 4.10859 4.43891 4.43891 4.43891 4.43891 4.43891 4.43891 4.43891 4.43891 4.43891 4.43891 4.43891 4.43891 4.43891 4.43891 4.43891 4.30658 3.86960 2.77172 2.16359 1.95017 1.81711 1.63670 1.47126 1.34426 1.24389 1.36862 1.83849 1.83849 1.83849 1.83849 1.83849 1.83849 1.83849 1.83849 1.86682 2.37199 2.38416 2.38416 2.38416 2.38416 2.38416 2.38416 2.38416 2.38416 2.38416 2.38416 2.38416 2.38416 2.38416 2.38416 2.38416 2.36129 1.46042 1.46599 1.53202
2.93846 2.93846 2.93846 2.93846 2.93846 2.93846 2.93846 2.93846 2.93846 2.93846 3.67113 4.43891 4.43891 4.43891 4.43891 4.43891 4.43891 4.43891 4.43891 4.43891 4.43891 4.38683 3.99790 3.54864 3.09958 2.64940 2.15303 1.89931 1.60784 1.27494 1.18786 1.12179 1.11051 1.11051 1.11051 1.11051 1.17918 1.83849 1.83849 1.83849 1.83849 1.83849 1.83849 1.83849 1.83849 1.83849 2.24541 2.38416 2.38416 2.38416 2.38416 2.38416 2.38416 2.38416 2.38416 2.38416 2.38416 2.38416 2.35835 2.12128 1.83487 1.54804 1.26121 1.52128 1.74799 1.74799
2.93846 2.93846 2.93846 2.93846 2.93846 2.93846 2.93846 2.93846 2.93846 2.93846 3.23360 4.43891 4.43891 4.43891 4.43891 4.43891 4.43044 4.12684 3.67778 3.22852 2.77883 2.18195 1.77155 1.61557 1.49122 1.38986 1.35214 1.35214 1.33870 1.11549 1.11051 1.11051 1.11051 1.11051 1.11051 1.11051 1.11146 1.70541 1.83849 1.83849 1.83849 1.83849 1.83849 1.83849 1.83849 1.83849 2.09029 2.38416 2.38416 2.38416 2.38416 2.38416 2.38416 2.35706 2.11597 1.83172 1.54517 1.25834 0.997318 0.949990 0.949990 0.949990 0.949990 1.27644 1.74799 1.74799
2.93846 2.93846 2.93846 2.93846 2.93846 2.93846 2.93846 2.93846 2.93846 2.93846 2.94521 4.29021 4.25323 3.80608 3.35682 2.90777 2.46718 2.32173 2.32173 2.32173 2.32173 1.94615 1.35214 1.35214 1.35214 1.35214 1.35214 1.35214 1.35214 1.17168 1.11051 1.11051 1.11051 1.11051 1.11051 1.11051 1.11051 1.44644 1.83849 1.83849 1.83849 1.83849 1.83849 1.83849 1.83849 1.83849 1.93529 2.38416 2.35577 2.11310 1.82627 1.54210 1.25547 0.995740 0.949990 0.949990 0.949990 0.949990 0.949990 0.949990 0.949990 0.949990 0.949990 1.05143 1.74775 1.74799
2.93846 2.93846 2.93846 2.93846 2.93846 2.93846 2.93846 2.91885 2.78079 2.62283 2.46487 2.47162 2.32364 2.32173 2.32173 2.32173 2.32173 2.32173 2.32173 2.32173 2.32173 2.28464 1.37848 1.35214 1.35214 1.35214 1.35214 1.35214 1.35214 1.24129 1.11051 1.11051 1.11051 1.11051 1.11051 1.11051 1.11051 1.27085 1.83849 1.83849 1.83849 1.83849 1.83849 1.83849 1.83849 1.83849 1.84139 1.28512 0.994163 0.949990 0.949990 0.949990 0.949990 0.949990 0.949990 0.949990 0.949990 0.949990 0.949990 0.949990 0.949990 0.949990 0.949990 0.949990 1.62381 1.74799
2.93846 2.93846 2.93817 2.84957 2.69161 2.53365 2.37577 2.23734 2.21752 2.21752 2.21752 2.25135 2.32173 2.32173 2.32173 2.32173 2.32173 2.32173 2.32173 2.32173 2.32173 2.32173 1.52789 1.35214 1.35214 1.35214 1.35214 1.35214 1.35214 1.31101 1.11051 1.11051 1.11051 1.11051 1.11051 1.11051 1.11051 1.14646 1.83310 1.83849 1.83849 1.83849 1.83849 1.83849 0.00000 0.00000 0.00000 0.949990 0.949990 0.949990 0.949990 0.949990 0.949990 0.949990 0.949990 0.949990 0.949990 0.949990 0.949990 0.949990 0.949990 0.949990 0.949990 0.949990 1.39855 1.74799
2.60250 2.44447 2.28680 2.21752 2.21752 2.21752 2.21752 2.21752 2.21752 2.21752 2.21752 2.22333 2.31956 2.32173 2.32173 2.32173 2.32173 2.32173 2.32173 2.32173 2.32173 2.32173 1.74875 1.35214 1.35214 1.35214 1.35214 1.35214 1.35214 1.35187 1.13936 1.11051 1.11051 1.11044 1.06765 0.973087 0.852205 0.691979 0.779026 0.00000 0.00000 0.00000 0.00000 0.00000 0.00000 0.00000 0.00000 0.949990 0.949990 0.949990 0.949990 0.949990 0.949990 0.949990 0.949990 0.949990 0.949990 0.949990 0.949990 0.949990 0.949990 0.949990 0.949990 0.949990 1.17327 1.74799
2.21752 2.21752 2.21752 2.21752 2.21752 2.21752 2.21752 2.21752 2.21752 2.21752 2.21752 2.21752 2.29519 2.32173 2.32173 2.32173 2.32173 2.32173 2.32173 2.32173 2.32173 2.32173 2.07498 1.35214 1.35214 1.35214 1.35214 1.35214 1.35214 1.40616 1.24355 0.872747 0.719558 0.509095 0.382536 0.382536 0.382536 0.382536 0.382536 0.00000 0.00000 0.00000 0.00000 0.00000 0.00000 0.00000 0.00000 0.949990 0.949990 0.949990 0.949990 0.949990 0.949990 0.949990 0.949990 0.949990 0.949990 0.949990 0.949990 0.949990 0.949990 0.949990 0.949990 0.949990 0.977122 1.71878
2.21752 2.21752 2.21752 2.21752 2.21752 2.21752 2.21752 2.21752 2.21752 2.21752 2.21752 2.21752 2.26500 2.32173 2.32173 2.32173 2.32173 2.32173 2.32173 2.32173 2.32173 2.32173 2.32154 1.41838 1.37565 1.51104 1.66090 1.81084 1.96075 2.12761 2.00181 0.382536 0.382536 0.382536 0.382536 0.00000 0.00000 0.00000 0.00000 0.00000 0.00000 0.00000 0.00000 0.00000 0.00000 0.00000 0.00000 0.00000 0.949990 0.949990 0.949990 0.949990 0.949990 0.949990 0.949990 0.949990 0.949990 0.949990 0.949990 0.949990 0.949990 0.997975 1.42476 1.93253 2.44030 1.88500
2.21752 2.21752 2.21752 2.21752 2.21752 2.21752 2.21752 2.21752 2.21752 2.21752 2.21752 2.21752 2.23481 2.32173 2.32173 2.32173 2.32173 2.32173 2.32173 2.33275 2.55267 2.85268 3.15227 2.34375 2.22933 2.44726 2.69883 3.01978 3.44342 3.73387 3.73421 3.73421 0.00000 0.00000 0.00000 0.00000 0.00000 0.00000 0.00000 0.00000 0.00000 0.00000 0.00000 0.00000 0.00000 0.00000 0.00000 0.00000 0.949990 0.949990 0.949990 0.949990 0.949990 0.949990 0.949990 0.949990 1.00026 1.42552 1.93253 2.44030 2.94807 3.40786 3.48885 3.48885 3.48885 2.55846
