High_resolution/powerplant/Fengdu/OMI_NO2_200812.asc
ncols      200
nrows      200
xllcorner       105.978
yllcorner       28.1831
cellsize     0.0166667
NODATA_Value      -999.000
[rows 150 to 179 of 200, columns 66 to 131 of 200]
8.74730 8.73033 6.87391 6.70310 6.70310 4.57459 3.60304 3.60151 3.59568 3.06548 2.39827 2.39218 2.38627 2.38450 2.38450 2.38450 2.38450 2.38450 2.38450 2.38450 2.38450 1.08518 0.548767 0.548767 0.548767 0.548767 0.548767 0.548767 0.548767 0.548767 0.548767 1.52404 2.11626 2.11626 2.11626 2.11626 2.06056 1.97388 1.97388 1.97388 1.97388 1.97388 1.97388 1.97388 1.97388 1.97388 1.97388 1.97388 1.97388 1.97489 2.01363 2.07131 1.93120 1.92702 1.63671 1.41924 1.42632 1.42632 1.42632 1.42632 1.42632 1.42632 1.42632 1.42632 1.42632 1.42632
8.74730 8.74720 7.44598 6.58699 6.51275 5.26395 3.57453 3.56997 3.56971 3.29972 2.38450 2.38450 2.38450 2.38450 2.38450 2.38450 2.38450 2.38450 2.38450 2.38450 2.38450 1.67872 0.548767 0.548767 0.548767 0.548767 0.548767 0.548767 0.548767 0.548767 0.548767 1.19267 2.11626 2.11626 2.11626 2.11626 2.11041 1.97753 1.97388 1.97388 1.97388 1.97388 1.97388 1.97388 2.00334 2.06107 2.11887 2.17664 2.23437 2.29113 2.31013 2.31013 2.10884 1.98504 1.78465 1.42632 1.42632 1.42632 1.42632 1.42632 1.42632 1.42632 1.42632 1.42632 1.42632 1.42632
8.55606 8.50666 7.69181 6.30965 6.30965 5.94296 3.56971 3.56971 3.56971 3.52942 2.40863 2.38450 2.38450 2.38450 2.38450 2.38450 2.38450 2.38450 2.38450 2.38450 2.38450 2.08342 0.548767 0.548767 0.548767 0.548767 0.548767 0.548767 0.548767 0.548767 0.548767 0.861201 2.11626 2.11626 2.11626 2.11626 2.11626 1.99915 1.99382 2.05078 2.10855 2.16631 2.22408 2.28181 2.31013 2.31013 2.31013 2.31013 2.29402 2.26751 2.24107 2.21444 2.07348 1.83621 1.73626 1.37754 1.37221 1.36668 1.36130 1.35588 1.35046 1.34509 1.33957 1.33422 1.32875 1.32337
8.48500 8.48500 8.14677 6.30965 6.30965 6.30965 3.96072 3.56971 3.56971 3.56971 2.62154 2.38450 2.38450 2.38450 2.38450 2.38450 2.38450 2.38450 2.38450 2.38450 2.38450 2.34847 0.656741 0.548767 0.548767 0.553755 0.623935 0.713531 0.802592 0.891654 0.980715 1.10238 1.76993 1.97999 2.19400 2.35836 2.48869 2.29570 1.93963 1.91393 1.88748 1.86079 1.83415 1.80771 1.78114 1.75438 1.72794 1.70149 1.69077 1.69077 1.69077 1.69077 1.66204 1.36721 1.36523 1.28050 1.27483 1.27483 1.27483 1.27483 1.27483 1.27483 1.27483 1.27483 1.27483 1.27483
8.48500 8.48500 8.45918 6.46105 6.30965 6.30965 4.71266 3.54779 3.53060 3.51331 2.95505 2.64411 2.68864 2.73317 2.77771 2.82232 2.86721 2.91174 2.95627 3.00080 3.04533 3.08987 2.50390 2.13762 2.22668 2.31076 2.33173 2.48482 2.68158 2.83058 2.94732 3.04117 2.53852 2.39337 2.39337 2.39337 2.39337 2.28304 1.69077 1.69077 1.69077 1.69077 1.69077 1.69077 1.69077 1.69077 1.69077 1.69077 1.69077 1.69077 1.69077 1.69077 1.69077 1.42547 1.36568 1.29882 1.27483 1.27483 1.27483 1.27483 1.27483 1.27483 1.27483 1.27483 1.27483 1.27483
7.39569 7.16905 6.94059 6.29454 6.03468 6.01746 5.17057 3.26484 3.26484 3.26484 3.26871 3.27511 3.27511 3.27511 3.27511 3.27511 3.27511 3.27511 3.27511 3.27511 3.27511 3.22713 2.89077 2.77966 2.90697 3.00859 3.09095 3.11959 3.11959 3.11959 3.11959 3.11959 2.70719 2.39337 2.39337 2.39337 2.39337 2.39274 1.77101 1.69077 1.69077 1.69077 1.69077 1.69077 1.69077 1.69077 1.69077 1.69077 1.69077 1.69077 1.69077 1.69077 1.69077 1.51250 1.36568 1.31763 1.27483 1.27483 1.27483 1.27483 1.27483 1.27483 1.27483 1.27483 1.27482 1.27313
6.56231 6.56231 6.56231 6.34992 6.00478 6.00478 5.86751 3.32457 3.26484 3.26484 3.26670 3.27511 3.27511 3.27511 3.27511 3.27245 3.14534 2.95008 2.75494 2.55990 2.36454 2.21738 2.37939 3.11959 3.11959 3.11959 3.11959 3.11959 3.11959 3.11959 3.11959 3.11959 2.85961 2.39337 2.39337 2.39337 2.39337 2.39337 1.96055 1.69077 1.69077 1.69077 1.69077 1.69077 1.69077 1.69077 1.69077 1.69077 1.69077 1.69077 1.69077 1.69077 1.69077 1.59951 1.36568 1.33644 1.27483 1.27483 1.27483 1.27316 1.27024 1.26729 1.26435 1.26143 1.25851 1.25727
6.56231 6.56231 6.56231 6.46750 6.00478 6.00478 6.00478 3.94463 3.26484 3.26484 3.22641 3.05405 2.85965 2.66454 2.46915 2.27677 2.20874 2.20874 2.20874 2.20874 2.20874 2.20874 2.21302 3.03679 3.11959 3.11959 3.11959 3.11959 3.11959 3.11959 3.11959 3.11959 3.01215 2.39337 2.39337 2.39337 2.39337 2.39337 2.15052 1.69077 1.69077 1.69077 1.69077 1.69077 1.69077 1.69077 1.69077 1.69077 1.69077 1.69077 1.69077 1.69077 1.69066 1.57598 1.35071 1.34770 1.26438 1.26145 1.25853 1.25727 1.25727 1.25727 1.25727 1.25727 1.25727 1.25727
6.56231 6.56231 6.56231 6.55260 6.03403 5.77111 5.32307 3.85522 2.56359 2.36855 2.21190 2.20596 2.20874 2.20874 2.20874 2.20874 2.20874 2.20874 2.20874 2.20874 2.20874 2.20874 2.20874 2.79189 3.11959 3.11959 3.11959 3.11959 3.11959 3.11959 3.11959 3.11959 3.11640 2.44152 2.39337 2.39337 2.39337 2.39337 2.33596 1.69548 1.69077 1.69077 1.69077 1.69077 1.69077 1.69077 1.69077 1.62246 1.43445 1.24433 1.05421 0.864096 0.674090 0.585442 1.15376 1.34809 1.26566 1.25727 1.25727 1.25727 1.25727 1.25727 1.25727 1.25727 1.25727 1.25727
6.31253 6.01384 5.71499 5.41630 4.27094 3.62286 3.62286 3.34000 2.19847 2.19847 2.19847 2.20376 2.20874 2.20874 2.20874 2.20874 2.20874 2.20874 2.20874 2.20874 2.20874 2.20874 2.20874 2.54270 3.11959 3.11959 3.11959 3.11959 3.11959 3.11959 3.11959 3.11959 3.11959 2.59083 2.39337 2.39337 2.39337 2.39337 2.39337 1.82813 1.69077 1.64921 1.47004 1.27970 1.08958 0.899578 0.709460 0.587542 0.585442 0.585442 0.585442 0.585442 0.585442 0.585442 0.949239 1.35166 1.32011 1.33246 1.35953 1.38668 1.41330 1.44090 1.46752 1.49460 1.52182 1.54852
4.97437 4.97437 4.97437 4.97437 4.43299 3.62286 3.62286 3.61353 2.31909 2.19847 2.19847 2.20155 2.20874 2.20874 2.20874 2.20874 2.20874 2.20874 2.20874 2.20874 2.20874 2.20874 2.20874 2.29672 3.11640 3.11959 3.11959 3.11959 3.11959 3.11959 3.11959 3.11959 3.13019 2.75759 2.41295 2.41292 2.33294 2.23036 2.12792 1.47682 0.806710 0.665147 0.661325 0.668434 0.675454 0.682421 0.689497 0.696540 0.703550 0.710560 0.717652 0.724662 0.731656 0.738748 0.905128 1.51191 1.75855 2.01142 2.01142 2.01142 2.01142 2.01142 2.01142 2.01142 2.01142 2.01142
4.97437 4.97437 4.97437 4.97437 4.72252 3.62286 3.62286 3.62286 2.70407 2.19847 2.19847 2.19937 2.20726 2.20408 2.20070 2.19715 2.19341 2.18945 2.18523 2.18076 2.17602 2.17097 2.16557 2.15975 3.23956 3.52229 3.56906 3.62008 3.67513 3.73497 3.69786 3.55115 3.36086 2.68628 2.06402 1.96163 1.93926 1.93926 1.93926 1.62606 0.749231 0.749231 0.749231 0.749231 0.749231 0.749231 0.749231 0.749231 0.749231 0.749231 0.749231 0.749231 0.749231 0.749231 0.757162 1.45888 1.65524 2.01142 2.01142 2.01142 2.01142 2.01142 2.01142 2.01142 2.01142 2.01142
4.96417 4.85580 4.73661 4.60610 4.41899 3.84367 3.86346 3.88339 3.37852 2.49861 2.51861 2.53840 2.19151 2.08748 2.08748 2.08748 2.08748 2.08748 2.08748 2.08748 2.08748 2.08748 2.08748 2.08748 3.04766 3.65820 3.43934 3.22023 3.00125 2.78226 2.67339 2.67339 2.67339 2.54393 1.93934 1.93926 1.93926 1.93926 1.93926 1.90340 0.794120 0.749231 0.749231 0.749231 0.749231 0.749231 0.749231 0.749231 0.749231 0.749231 0.749231 0.749231 0.749231 0.749231 0.749231 1.26241 1.55260 2.01077 2.01142 2.01142 2.01142 2.01142 2.01142 2.01142 2.01142 2.01142
3.97313 3.97313 3.97313 3.97313 3.97313 3.97313 3.97313 3.97313 3.83701 2.55429 2.54873 2.54873 2.32196 2.08748 2.08748 2.08748 2.08748 2.08748 2.08892 2.22192 2.44032 2.65872 2.87712 3.09541 3.10352 2.67339 2.67339 2.67339 2.67339 2.67339 2.67339 2.67339 2.67339 2.67339 1.98380 1.93926 1.93926 1.93926 1.93926 1.93926 1.08050 0.749231 0.749231 0.749231 0.749231 0.749231 0.749231 0.749231 0.749231 0.749231 0.749231 0.749231 0.749231 0.749231 0.749231 1.05789 1.51191 1.94808 2.01142 2.01142 2.01142 2.01142 2.00479 1.98917 1.97352 1.95799
3.97313 3.97313 3.97313 3.97313 3.97313 3.97313 3.97313 3.97313 3.97313 2.81249 2.54873 2.54873 2.41673 2.12576 2.32586 2.54426 2.76266 2.98130 3.19815 3.28355 3.28355 3.28355 3.28355 3.28355 3.26317 2.69474 2.67339 2.67339 2.67339 2.67339 2.67339 2.67339 2.67339 2.67339 2.08202 1.93926 1.93926 1.93926 1.93926 1.93926 1.40291 0.749231 0.749231 0.749231 0.749231 0.749231 0.749231 0.749231 0.749231 0.749231 0.749231 0.749231 0.749231 0.749231 0.749231 0.853488 1.50499 1.82221 1.97336 1.95770 1.94202 1.92646 1.91749 1.91744 1.91744 1.91744
3.97313 3.97313 3.97313 3.97313 3.97313 3.97313 3.97313 3.97313 3.94313 3.25333 2.82921 2.93835 3.05245 3.26537 3.28355 3.28355 3.28355 3.28355 3.28355 3.28355 3.28355 3.28355 3.28355 3.28355 3.28355 2.84127 2.67339 2.67339 2.67339 2.67339 2.67339 2.67339 2.67339 2.67339 2.20838 1.93926 1.93926 1.93926 1.93926 1.93926 1.72530 0.749231 0.749231 0.749231 0.749231 0.749231 0.749231 0.749231 0.749231 0.749231 0.745817 0.733979 0.721758 0.709531 0.697310 0.685075 1.32105 1.64751 1.91744 1.91744 1.91744 1.91744 1.91744 1.91744 1.91744 1.91744
3.97313 3.97313 3.96995 3.92518 3.86756 3.80988 3.75225 3.69460 3.66695 3.53013 3.14677 3.14677 3.14925 3.27839 3.28355 3.28355 3.28355 3.28355 3.28355 3.28355 3.28355 3.28355 3.28355 3.28355 3.28355 3.00815 2.67339 2.67339 2.67339 2.67339 2.67339 2.67339 2.67339 2.67339 2.37749 1.93926 1.93926 1.93926 1.93926 1.93926 1.93498 0.861927 0.749231 0.749231 0.747364 0.736357 0.724129 0.711908 0.699694 0.687452 0.678652 0.678262 0.678262 0.678262 0.678262 0.678262 1.12293 1.54416 1.91744 1.91744 1.91744 1.91744 1.91744 1.90930 1.88828 1.86708
3.79197 3.73428 3.67981 3.66695 3.66695 3.66695 3.66695 3.66695 3.66695 3.65209 3.16799 3.14677 3.14677 3.23849 3.28355 3.28355 3.28355 3.28355 3.28355 3.28355 3.28355 3.28355 3.28355 3.28355 3.28355 3.17508 2.67339 2.67339 2.67339 2.67339 2.67339 2.67339 2.65326 2.50746 2.32000 1.80580 1.89341 1.93926 1.94013 1.95353 1.96879 1.16470 0.676684 0.657130 0.639417 0.630785 0.623460 0.616135 0.608707 0.601365 0.594040 0.586647 0.579287 0.571962 0.564603 0.557192 0.796579 1.29704 1.42938 1.40908 1.38765 1.36639 1.34537 1.33191 1.33191 1.33191
3.66695 3.66695 3.66695 3.66695 3.66695 3.66695 3.66695 3.66695 3.66695 3.66695 3.29616 3.14677 3.14677 3.20379 3.28355 3.28355 3.28355 3.28355 3.28355 3.28355 3.28355 3.28355 3.28355 3.27922 3.11894 2.91341 2.32682 2.17754 2.09003 2.01442 1.94885 1.89108 1.84523 1.84767 1.87015 1.60725 1.71452 1.87925 1.89351 1.89535 1.89535 1.38317 0.507114 0.507114 0.507114 0.507114 0.507114 0.507114 0.507114 0.507114 0.507114 0.507114 0.507114 0.507114 0.507114 0.507114 0.562220 1.24035 1.31836 1.33191 1.33191 1.33191 1.33191 1.33191 1.33191 1.33191
3.65306 3.61146 3.56919 3.52722 3.48495 3.44268 3.40064 3.35844 3.31610 3.27413 3.00425 2.66941 2.62736 2.73420 3.28355 3.28355 3.28355 3.28355 3.28355 3.28355 3.28355 2.37918 2.23671 2.16570 2.14332 2.14332 1.95094 1.84163 1.86191 1.88451 1.90708 1.92964 1.95223 1.96540 1.96548 1.70429 1.67419 1.89535 1.89535 1.89535 1.89535 1.75365 0.510168 0.507114 0.507114 0.507114 0.507114 0.507114 0.507114 0.507114 0.507114 0.507114 0.507114 0.507114 0.507114 0.507114 0.507114 1.09752 1.30082 1.33191 1.33191 1.33191 1.33191 1.33191 1.33191 1.33191
2.92484 2.92409 2.92409 2.92409 2.92409 2.92409 2.92409 2.92409 2.92409 2.92409 2.83941 2.40391 2.40391 2.48066 3.28355 3.28355 3.28355 3.28355 3.28355 3.28355 3.28355 2.35855 2.23678 2.40738 2.57804 2.74869 2.56786 1.96318 1.96548 1.96548 1.96548 1.96548 1.96548 1.96548 1.96548 1.77759 1.61900 1.89508 1.89535 1.89535 1.89535 1.89535 0.742004 0.507114 0.507114 0.507114 0.507114 0.507114 0.507114 0.507114 0.507114 0.507114 0.507114 0.507114 0.507114 0.507114 0.507114 0.899398 1.28329 1.33191 1.33191 1.33191 1.33191 1.33191 1.33191 1.32991
2.92409 2.92409 2.92409 2.92409 2.92409 2.92409 2.92409 2.92409 2.92409 2.92409 2.92352 2.46290 2.40391 2.40686 3.18350 3.28355 3.32932 3.63177 3.97308 4.31438 4.65569 3.77767 3.07739 3.07739 3.07739 3.07739 2.97754 1.97082 1.96548 1.96548 1.96548 1.96548 1.96548 1.96548 1.96548 1.86483 1.59793 1.83819 1.89535 1.89535 1.89535 1.89535 1.11562 0.507114 0.507114 0.507114 0.507114 0.507114 0.507114 0.507114 0.507114 0.507114 0.507114 0.507114 0.507114 0.507114 0.507114 0.701499 1.26576 1.32986 1.32280 1.31556 1.30832 1.30103 1.29375 1.28846
2.92409 2.92409 2.92409 2.92409 2.92409 2.92409 2.92409 2.92409 2.92409 2.92409 2.92409 2.66863 2.65863 2.82926 3.85233 4.81710 5.11264 5.15168 5.15168 5.15168 5.15168 4.47239 3.07739 3.07739 3.07739 3.07739 3.07739 2.17333 1.96548 1.96548 1.96548 1.96548 1.96548 1.96548 1.96548 1.95359 1.60558 1.75425 1.89535 1.89535 1.89535 1.89535 1.48901 0.507114 0.507114 0.507114 0.507114 0.507114 0.507114 0.507114 0.507114 0.507114 0.507114 0.531477 0.657924 0.795633 0.933423 1.08589 1.21520 1.28695 1.28822 1.28822 1.28822 1.28822 1.28822 1.28822
2.92409 2.92409 2.92409 2.92409 2.92409 2.92449 2.93184 2.94174 2.95165 2.96155 2.97146 3.09853 3.33797 3.33797 3.97158 5.15168 5.15168 5.15168 5.15168 5.15168 5.15168 5.10573 3.14022 3.07739 3.07739 3.07739 3.07739 2.47618 1.96548 1.96548 1.96548 1.96548 1.96548 1.96548 1.96548 1.96548 1.65582 1.68559 1.89535 1.89535 1.89535 1.89535 1.83094 0.538766 0.507114 0.507114 0.507114 0.517978 0.630605 0.768395 0.905945 1.04357 1.18128 1.29455 1.30589 1.30589 1.30589 1.30589 1.23109 1.27217 1.28822 1.28822 1.28822 1.28822 1.28822 1.28822
2.92580 2.93485 2.94476 2.95466 2.96457 2.97408 2.97664 2.97664 2.97664 2.97664 2.97664 3.00283 3.33432 3.33797 3.66307 5.15168 5.15168 5.15168 5.15168 5.15168 5.15168 5.15168 3.43045 3.07739 3.07739 3.07739 3.07739 2.77873 1.96548 1.96548 1.96548 1.96548 1.96548 1.96548 1.96548 1.96548 1.73232 1.68278 1.89535 1.89535 1.89535 1.89332 1.78780 0.941602 0.878546 1.01626 1.15628 1.29351 1.32956 1.34040 1.35181 1.36363 1.37611 1.38934 1.40312 1.41759 1.43312 1.44932 1.40205 1.40427 1.44280 1.45191 1.46123 1.47034 1.47950 1.48881
2.97579 2.97664 2.97664 2.97664 2.97664 2.97664 2.97664 2.97664 2.97664 2.97664 2.97664 2.97664 3.26126 3.33797 3.42413 5.14914 5.15168 5.15168 5.15168 5.15168 5.15168 5.15168 3.83393 3.07739 3.07739 3.07739 3.07739 3.04736 2.07062 2.10341 2.17606 2.24866 2.32137 2.39416 2.46675 2.53959 2.41185 2.14887 1.87796 1.62863 1.39254 1.14270 1.05327 1.35076 1.69051 1.72498 1.74868 1.74895 1.74895 1.74895 1.74895 1.74895 1.74895 1.74895 1.74895 1.74895 1.74895 1.74895 1.70949 1.54218 1.54130 1.54130 1.54130 1.54130 1.54130 1.54130
2.97664 2.97664 2.97664 2.97664 2.97664 2.97664 2.99883 3.04253 3.08924 3.13855 3.19097 3.24753 3.53515 3.83149 3.91828 5.03512 5.15168 5.15168 5.15168 5.03695 4.82227 4.64686 4.13606 3.41534 3.48800 3.56072 3.63344 3.70043 2.90846 2.60169 2.58462 2.44553 2.28228 2.11893 1.95568 1.79242 1.68230 1.67934 1.38171 1.08317 1.08317 1.08317 1.08317 1.22682 1.74895 1.74895 1.74895 1.74895 1.74895 1.74895 1.74895 1.74895 1.74895 1.74895 1.74895 1.74895 1.74895 1.74895 1.74765 1.55685 1.54130 1.54130 1.54130 1.54130 1.54130 1.54130
3.73993 3.84027 3.95074 4.07116 4.20441 4.35402 4.42900 4.42900 4.42900 4.42900 4.42246 4.30218 4.30838 4.59782 4.46035 4.34379 4.24394 4.15718 4.08133 4.04369 4.04363 4.04363 4.03660 3.72702 3.71360 3.74691 3.81515 3.88342 3.08709 1.84979 1.70351 1.67934 1.67934 1.67934 1.67934 1.67934 1.67934 1.67934 1.51828 1.08317 1.08317 1.08317 1.08317 1.09129 1.70507 1.74895 1.74895 1.74895 1.74895 1.74895 1.74895 1.74895 1.74895 1.74895 1.74895 1.74895 1.74895 1.74895 1.74895 1.61258 1.54134 1.54130 1.54130 1.54130 1.54130 1.54130
4.42900 4.42900 4.42900 4.42900 4.42900 4.42900 4.42900 4.39814 3.80164 3.74184 3.69436 3.68230 3.68891 4.02358 4.04363 4.04363 4.04363 4.04363 4.04363 4.05065 4.10870 4.17701 4.24524 4.06958 4.05175 4.08667 4.08667 4.08667 3.65455 1.67934 1.67934 1.67934 1.67934 1.67934 1.67934 1.67934 1.67934 1.67934 1.61872 1.08317 1.08317 1.08317 1.08317 1.08317 1.53379 1.74895 1.74895 1.74895 1.74895 1.74895 1.74895 1.74895 1.74895 1.74895 1.74895 1.74895 1.74895 1.74895 1.74895 1.66897 1.54156 1.54130 1.52633 1.43992 1.34434 1.24870
4.42900 4.42900 4.42900 4.42900 4.42900 4.42900 4.42900 4.42900 3.75777 3.68230 3.68230 3.68230 3.68230 3.93079 4.07244 4.14048 4.20872 4.27699 4.34530 4.40648 4.41670 4.41670 4.41670 4.25271 4.08667 4.08667 4.08667 4.08667 4.07848 1.91017 1.67934 1.67934 1.67934 1.67934 1.67934 1.67934 1.67934 1.67934 1.67680 1.15563 1.08317 1.08317 1.08317 1.08317 1.35438 1.74895 1.74895 1.74895 1.74895 1.74895 1.74895 1.74895 1.74895 1.74895 1.74895 1.74895 1.74895 1.74895 1.74895 1.61868 1.04732 1.05748 0.976817 0.967580 0.967580 0.967580
