High_resolution/powerplant/Fengdu/OMI_NO2_200705.asc
ncols      200
nrows      200
xllcorner       105.978
yllcorner       28.1831
cellsize     0.0166667
NODATA_Value      -999.000
[rows 29 to 57 of 200, columns 132 to 197 of 200]
1.60608 1.60608 1.60608 1.60608 1.60619 1.66250 2.05260 2.16411 2.07908 1.99511 2.08500 2.13117 2.16345 2.18903 2.20906 2.23838 2.27238 2.36648 2.36630 2.36612 2.40226 2.40848 2.10975 1.89601 1.85043 1.80480 1.75920 1.71356 1.68384 1.68252 1.67961 1.55235 1.50082 1.47693 1.41154 1.32304 0.930398 0.946229 0.956223 0.956223 0.956223 0.967141 1.02574 1.08994 1.15409 1.20337 1.20663 1.20663 1.20663 1.20663 1.22275 1.55533 1.57205 1.57205 1.58199 1.59298 1.80783 1.86764 1.86764 1.84430 1.80235 1.83811 1.83969 1.84416 1.85438 1.87938
1.60608 1.60858 1.61632 1.62425 1.63209 1.67169 2.13742 2.40366 2.25382 2.14143 2.21474 2.26055 2.27519 2.27106 2.25906 2.27985 2.30168 2.43184 2.45370 2.45356 2.37291 2.24226 2.01571 1.68256 1.68252 1.68252 1.67661 1.66171 1.64551 1.62783 1.62225 1.56467 1.53844 1.58027 1.56176 1.46386 1.04625 0.963786 1.01948 1.08363 1.14781 1.20107 1.20663 1.20663 1.20663 1.20663 1.20663 1.20663 1.20663 1.20663 1.20663 1.47345 1.57205 1.57205 1.57562 1.59298 1.74794 1.86941 1.87212 1.87307 1.81614 1.89676 1.92093 1.94221 1.95774 1.95850
1.63038 1.64132 1.64793 1.65437 1.66251 1.70134 2.01031 2.47049 2.35025 2.28505 2.30631 2.38846 2.41228 2.44222 2.42525 2.43386 2.45148 2.43767 2.40887 2.40883 2.37435 2.21435 2.11839 1.65746 1.64086 1.62276 1.61614 1.65212 1.69392 1.73577 1.76798 1.70841 1.60608 1.60448 1.55847 1.44430 1.17931 1.19811 1.20663 1.20663 1.20663 1.20663 1.20663 1.20663 1.20663 1.20663 1.20663 1.20663 1.20663 1.20663 1.20663 1.37657 1.57424 1.57650 1.57878 1.60261 1.71135 1.85599 1.81819 1.77991 1.82101 1.93962 1.95844 1.94569 1.92327 1.90071
1.68883 1.71330 1.74081 1.76830 1.79410 1.82393 2.05834 2.61004 2.51787 2.46415 2.38096 2.50747 2.52760 2.54124 2.50792 2.47870 2.47870 2.45654 2.41954 2.43137 2.44306 2.25694 2.21842 1.70371 1.68540 1.72719 1.76436 1.77015 1.77015 1.77000 1.75470 1.69699 1.50587 1.46091 1.44715 1.37384 1.20583 1.20617 1.20663 1.20663 1.20663 1.20663 1.20663 1.20668 1.21044 1.21603 1.22773 1.26206 1.29895 1.33645 1.37410 1.47700 1.66149 1.63587 1.60101 1.58812 1.60499 1.70734 1.69383 1.68043 1.70174 1.79227 1.78763 1.77787 1.77787 1.77787
1.83793 1.82808 1.82808 1.83098 1.85150 1.87497 2.02895 2.60937 2.64614 2.55583 2.43359 2.53071 2.54164 2.54164 2.53081 2.50947 2.52470 2.53543 2.47084 2.49330 2.53036 2.42182 2.37839 2.03653 1.84102 1.85105 1.85276 1.84198 1.82981 1.81629 1.81795 1.82856 1.68135 1.68741 1.70319 1.68360 1.57357 1.51597 1.58600 1.64155 1.37922 1.39668 1.43957 1.48370 1.52269 1.55882 1.58898 1.59856 1.60435 1.56704 1.51465 1.47369 1.61368 1.59433 1.57750 1.58991 1.63524 1.63743 1.63987 1.64258 1.64867 1.77229 1.77787 1.77787 1.77787 1.77787
1.86352 1.84768 1.86358 1.87650 1.87178 1.86419 1.94517 2.39840 2.64029 2.67306 2.60896 2.61614 2.68047 2.68764 2.69482 2.71302 2.74979 2.78579 2.75671 2.74960 2.74960 2.66169 2.53366 2.34476 1.98528 2.00254 2.06057 2.12417 2.18497 2.24295 2.29835 2.35140 2.42848 2.49978 2.55655 2.53799 2.26456 2.04441 2.03298 2.06367 1.66288 1.59766 1.60546 1.61596 1.62470 1.59134 1.53841 1.47817 1.42022 1.40921 1.40921 1.40921 1.53104 1.56816 1.56603 1.56544 1.63956 1.64360 1.64360 1.64360 1.64360 1.72863 1.77787 1.77787 1.77787 1.77787
1.74798 1.78218 1.78218 1.78218 1.78218 1.78218 1.83028 2.17588 2.59631 2.72883 2.71183 2.61720 2.75054 2.78044 2.81032 2.82508 2.77892 2.72137 2.62943 2.53768 2.48761 2.39938 2.11392 2.05664 2.49146 2.51435 2.51435 2.51435 2.51435 2.51435 2.51435 2.51528 2.56258 2.62555 2.65399 2.69206 2.64725 2.26654 2.16089 2.19135 1.89833 1.60696 1.54732 1.48415 1.42407 1.40921 1.40921 1.40921 1.40440 1.39103 1.37556 1.35752 1.45691 1.56238 1.56238 1.56238 1.62012 1.64360 1.64360 1.64360 1.64360 1.68547 1.77787 1.77787 1.77787 1.77787
1.73337 1.78127 1.78218 1.78218 1.78218 1.78218 1.79161 2.01283 2.39679 2.43615 2.35595 2.35806 2.46313 2.41549 2.35800 2.30641 2.29726 2.29987 2.29679 2.23901 2.25930 2.27959 2.07334 1.93709 2.47563 2.53586 2.55771 2.58044 2.60319 2.62590 2.64863 2.67042 2.70836 2.78294 2.78294 2.78294 2.85632 2.56690 2.21539 2.13910 1.88086 1.40921 1.40921 1.40921 1.40540 1.39239 1.37711 1.35936 1.34709 1.34694 1.34694 1.34694 1.40373 1.56038 1.56238 1.56238 1.59578 1.64360 1.64360 1.64360 1.64360 1.65107 1.77485 1.77787 1.77787 1.76171
1.73075 1.76742 1.77894 1.77831 1.75178 1.70420 1.65796 1.71748 1.80739 1.96737 2.02154 2.10701 2.29317 2.34937 2.37417 2.39590 2.41618 2.43159 2.42424 2.32456 2.29268 2.27416 2.21456 2.12970 2.47770 2.67764 2.67855 2.67855 2.67855 2.67855 2.67855 2.67855 2.68922 2.75743 2.69431 2.63089 2.63196 2.49886 2.13150 2.07439 2.01133 1.39373 1.37865 1.36117 1.34740 1.34694 1.34694 1.34694 1.34694 1.34694 1.34694 1.34694 1.35707 1.55190 1.56238 1.56238 1.56878 1.64232 1.64360 1.64337 1.61951 1.58007 1.60485 1.53922 1.42989 1.33667
1.71965 1.69491 1.67261 1.62592 1.61029 1.62059 1.63089 1.71603 1.85913 2.11790 2.26802 2.29591 2.40260 2.38389 2.36470 2.34546 2.32784 2.31767 2.32109 2.26700 2.22431 2.22507 2.22775 2.20286 2.32241 2.67855 2.67855 2.67855 2.67855 2.66657 2.61829 2.56753 2.51684 2.53699 2.54250 2.54250 2.56951 2.62130 2.18648 2.16473 2.19220 1.47265 1.34694 1.34694 1.34694 1.34694 1.34694 1.34694 1.34694 1.34694 1.34694 1.34694 1.34694 1.50696 1.55737 1.51307 1.46053 1.50231 1.47091 1.39585 1.35939 1.33917 1.29625 1.23958 1.23958 1.23958
1.59730 1.61288 1.66092 1.66755 1.66928 1.66876 1.66818 1.70347 1.80442 2.04597 2.16757 2.16829 2.28572 2.32043 2.32464 2.32885 2.33149 2.33153 2.33153 2.30214 2.22507 2.22507 2.22582 2.23216 2.18385 2.67276 2.62891 2.57818 2.52740 2.48868 2.48620 2.48620 2.48620 2.52332 2.54250 2.54250 2.54345 2.65970 2.27789 2.19398 2.19398 1.70662 1.34694 1.34694 1.34694 1.34694 1.34694 1.34694 1.34694 1.33215 1.26059 1.18355 1.10545 1.13172 1.27105 1.26526 1.28496 1.29257 1.29979 1.32309 1.32001 1.31630 1.30536 1.23061 1.29713 1.36200
1.56239 1.55743 1.59488 1.60286 1.60496 1.60496 1.60559 1.61476 1.76565 1.96509 2.17838 2.18745 2.25352 2.33153 2.33153 2.33153 2.33153 2.33153 2.33153 2.32851 2.22998 2.22354 2.19257 2.15656 1.98432 2.46119 2.48170 2.47906 2.47641 2.47377 2.47111 2.46846 2.46582 2.43186 2.36772 2.35426 2.34073 2.39956 2.19365 1.98219 1.94948 1.67134 1.20958 1.20393 1.17936 1.11416 1.04861 0.984259 0.921047 0.870250 0.863983 0.870378 0.895183 0.958016 1.13656 1.17689 1.17440 1.16888 1.22947 1.33488 1.38786 1.43579 1.47933 1.49801 1.49691 1.49691
1.55279 1.55178 1.57801 1.61092 1.61390 1.61690 1.61925 1.61844 1.74024 1.88981 2.13126 2.16348 2.18000 2.30266 2.30076 2.29855 2.29635 2.29408 2.26830 2.22379 2.10603 2.02988 2.01637 2.01851 1.93167 2.24366 2.42203 2.42203 2.42203 2.41228 2.39153 2.37086 2.35014 2.25061 2.03852 2.01777 1.99710 2.01141 1.94534 1.65155 1.60204 1.48300 0.958530 0.904046 0.870305 0.875343 0.881748 0.890763 0.916578 0.945335 0.973773 0.993890 0.995891 0.998886 1.10953 1.16679 1.16679 1.31164 1.40613 1.51561 1.51561 1.51561 1.51561 1.52600 1.58536 1.65062
1.47393 1.45827 1.49309 1.59970 1.59970 1.59970 1.59970 1.59970 1.67938 1.81191 2.07378 2.13415 2.13415 2.24895 2.26279 2.22095 2.17868 2.13646 2.11775 2.12064 2.10122 2.06301 2.08932 2.11803 2.12463 2.12374 2.27017 2.24946 2.22870 2.21775 2.21775 2.21775 2.21775 2.19468 1.95276 1.96325 1.97563 1.98614 1.81610 1.47548 1.45680 1.46012 0.960454 0.910201 0.928397 0.950787 0.973166 0.992902 0.995891 0.995891 0.995891 0.995891 0.995891 0.995891 1.06573 1.16679 1.16814 1.34782 1.49939 1.66131 1.71016 1.75634 1.80012 1.83590 1.87983 1.87988
1.45466 1.45466 1.45798 1.59173 1.59970 1.59970 1.59970 1.59970 1.63549 1.75697 2.05530 2.22769 2.31072 2.31407 2.23030 2.25610 2.28234 2.30862 2.33496 2.35834 2.35094 2.25284 2.23045 2.20485 2.18477 2.10379 2.21775 2.21775 2.21876 2.22583 2.23849 2.25107 2.26366 2.27625 2.04684 2.01559 2.01580 2.01580 1.87247 1.56134 1.48382 1.50170 1.17145 0.991748 0.995891 0.995891 0.995891 0.995891 0.995891 0.995891 0.995891 0.995891 0.995891 0.995891 1.03144 1.15434 1.29412 1.64325 1.72419 1.82051 1.83163 1.83163 1.83163 1.83163 1.86958 1.87988
1.45466 1.45549 1.45929 1.56068 1.61250 1.61658 1.62259 1.66788 1.73091 1.97734 2.39677 2.58816 2.58816 2.55651 2.35777 2.33645 2.31278 2.28794 2.26181 2.23428 2.20517 2.07390 2.04225 2.03946 2.06315 2.08718 2.25175 2.26883 2.28041 2.28596 2.28597 2.28597 2.28597 2.28597 2.10488 2.01567 1.99770 1.96721 1.84778 1.55494 1.53514 1.53945 1.32683 0.995891 0.995891 0.995891 0.995891 0.995891 0.995891 0.995891 0.995891 0.995891 0.995891 0.995891 1.01367 1.12531 1.17913 1.59881 1.73062 1.79241 1.83163 1.83163 1.83163 1.83439 1.86340 1.90550
1.48725 1.49051 1.49078 1.57097 1.71846 1.77521 1.83001 1.84678 1.85228 1.98318 2.29557 2.49706 2.48841 2.46605 2.22600 2.16965 2.16686 2.16407 2.16128 2.15830 2.15511 2.10134 2.06315 2.07354 2.10375 2.12425 2.24778 2.28597 2.28597 2.28597 2.28597 2.28597 2.27381 2.24348 2.08788 1.91244 1.89990 1.89990 1.86531 1.61645 1.50218 1.53945 1.44598 0.995891 0.995891 0.995891 0.995891 0.995891 0.995891 0.995891 0.995891 0.995891 0.995891 0.995891 0.998146 1.09406 1.16679 1.50288 1.69645 1.79218 1.84723 1.86901 1.89810 1.91080 1.94726 2.19214
1.55599 1.61295 1.67268 1.72086 1.86955 1.87804 1.88491 1.88300 1.87336 1.95755 2.21875 2.38432 2.42946 2.42684 2.29575 2.15433 2.15386 2.15338 2.15290 2.15262 2.15261 2.13640 2.07910 2.07910 2.09204 2.12425 2.20893 2.28597 2.27864 2.24959 2.21908 2.18858 2.17024 2.17007 2.10094 1.89990 1.89990 1.89990 1.89939 1.70939 1.46567 1.53945 1.53261 1.02858 0.995891 0.995891 0.995891 0.995891 0.995891 0.995891 0.995891 0.995891 0.994236 0.985143 0.975133 1.02054 1.04277 1.30834 1.63957 1.78821 1.94708 1.93645 1.93072 1.96664 2.00556 2.35561
1.71041 1.70060 1.69051 1.68044 1.80604 1.83432 1.82492 1.82289 1.82289 1.86444 2.16320 2.34244 2.42478 2.42430 2.38282 2.15267 2.15261 2.15261 2.15261 2.15261 2.15261 2.15192 2.08508 2.07910 2.07757 2.09310 2.10926 2.19473 2.17151 2.17007 2.17007 2.17007 2.16540 2.15302 2.12555 1.90270 1.90300 1.90362 1.90424 1.79108 1.48753 1.54271 1.54614 1.17439 1.00598 1.00675 1.00753 1.00564 0.996776 0.987556 0.978328 0.969095 0.961541 0.961404 0.954064 0.961727 0.943525 1.04003 1.60214 1.83188 2.19164 2.24683 2.28021 2.27220 2.26161 2.63770
1.64884 1.64884 1.64884 1.64884 1.73289 1.82244 1.82197 1.82149 1.82112 1.82198 2.09211 2.29853 2.36723 2.35486 2.34249 2.10692 2.04642 2.03398 2.02164 2.00927 1.99561 1.96039 1.87081 1.80118 1.76193 1.78025 1.78722 1.92568 1.91535 1.90300 1.89063 1.87829 1.87050 1.85870 1.83348 1.84813 1.83062 1.80533 1.78011 1.69537 1.37897 1.30969 1.31562 1.17069 0.994881 0.984886 0.975788 0.975397 0.983060 0.991103 0.990819 0.966542 0.940764 0.914941 0.897280 0.903870 0.912403 0.896506 1.65648 1.78083 2.20819 2.24121 2.23668 2.23668 2.23668 2.37954
1.67281 1.69699 1.72115 1.74534 1.77879 1.83355 1.83427 1.83499 1.83560 1.83567 2.00146 2.25723 2.12483 2.12437 2.12437 1.99053 1.85293 1.83501 1.80452 1.77402 1.74481 1.73714 1.71193 1.66479 1.67108 1.70091 1.72997 1.76304 1.73610 1.71084 1.68562 1.66031 1.63504 1.62157 1.62157 1.65158 1.66924 1.66457 1.65424 1.62148 1.34573 1.21720 1.29114 1.23544 1.01266 1.02069 1.02155 0.991367 0.957540 0.923739 0.898213 0.896720 0.897152 0.923110 0.960728 0.995784 1.08653 1.12887 1.52583 1.70592 1.97613 1.87812 1.62321 1.40081 1.20466 1.03068
1.77390 1.77390 1.77390 1.77390 1.77405 1.82879 1.83567 1.83567 1.83567 1.83567 1.93114 2.22664 2.14571 2.09252 2.00138 1.88914 1.76597 1.76024 1.76713 1.77400 1.78088 1.78775 1.78976 1.72797 1.72741 1.73866 1.77257 1.68802 1.62157 1.62157 1.62157 1.61866 1.59458 1.56229 1.53003 1.51789 1.51315 1.48555 1.46360 1.45458 1.31875 1.20914 1.31147 1.28055 0.969270 0.926819 0.899297 0.896720 0.903112 0.938979 0.975025 1.00759 1.03687 1.04710 1.04710 1.04710 1.09226 1.12747 1.17772 1.09518 0.843888 0.863633 0.863633 0.863633 0.863633 0.863633
1.77390 1.77390 1.77390 1.77390 1.77390 1.82211 1.88012 1.91370 1.94716 1.96803 1.94749 2.12001 1.94284 1.83322 1.83598 1.83604 1.80670 1.80093 1.80093 1.80093 1.80093 1.80093 1.80093 1.74521 1.71444 1.67955 1.71459 1.64427 1.50903 1.47672 1.44447 1.41508 1.40692 1.40691 1.40691 1.41710 1.45458 1.45458 1.45335 1.43563 1.33319 1.15061 1.18809 1.21119 0.996041 0.954168 0.988740 1.02001 1.04432 1.04710 1.04710 1.04710 1.04710 1.04710 1.04710 1.04710 1.07492 1.12192 1.12316 1.06877 0.881248 0.863633 0.863633 0.863633 0.863633 0.863633
1.91361 1.94710 1.98062 2.01417 2.04769 2.08618 2.06411 1.96893 1.87365 1.79108 1.77991 1.98368 1.92104 1.83604 1.83604 1.83604 1.81827 1.78529 1.74882 1.71224 1.67570 1.63915 1.61649 1.55127 1.44369 1.43300 1.52564 1.54581 1.40754 1.40691 1.40691 1.40691 1.40691 1.40691 1.40673 1.39390 1.41626 1.39451 1.37289 1.36775 1.34435 1.18738 1.21027 1.27649 1.16712 1.04710 1.04710 1.04710 1.04710 1.04710 1.04710 1.04710 1.04710 1.04710 1.04710 1.04710 1.05946 1.11724 1.13029 1.08062 0.941196 0.863633 0.863633 0.863633 0.863747 0.868101
2.07027 2.07027 2.03083 1.93593 1.84072 1.75006 1.77780 1.77991 1.77991 1.77991 1.78687 1.90510 1.86229 1.70775 1.67122 1.63462 1.59184 1.55162 1.58411 1.61772 1.65129 1.68490 1.70453 1.65489 1.41718 1.41718 1.48354 1.55790 1.43203 1.40691 1.40691 1.39705 1.37425 1.35141 1.32874 1.32008 1.35809 1.36775 1.36775 1.36775 1.37274 1.26735 1.20981 1.28346 1.22140 1.04710 1.04710 1.04710 1.04710 1.04710 1.04710 1.04710 1.04710 1.04710 1.04710 1.05538 1.10733 1.25391 1.14391 1.09421 1.00307 0.862422 0.874011 0.880487 0.886850 0.888977
1.86952 1.77431 1.71850 1.72368 1.73839 1.75323 1.81194 1.84468 1.85954 1.87437 1.88227 1.84518 1.73885 1.61699 1.64758 1.68119 1.71476 1.70903 1.70466 1.70466 1.70466 1.70466 1.70466 1.70431 1.45182 1.41718 1.44713 1.55180 1.44043 1.35592 1.33313 1.32013 1.32008 1.32008 1.32008 1.32008 1.34815 1.36775 1.36775 1.36775 1.36998 1.31913 1.21056 1.27685 1.28579 1.06327 1.06421 1.06694 1.06981 1.07265 1.09082 1.15274 1.21821 1.28475 1.35223 1.41169 1.42398 1.55843 1.39362 1.23852 1.14593 0.918690 0.888977 0.888977 0.888977 0.888977
1.78137 1.79622 1.81107 1.82037 1.82051 1.82051 1.84613 1.88559 1.91401 1.94761 1.98120 2.00593 1.90928 1.76952 1.73976 1.73934 1.73784 1.71809 1.69966 1.69810 1.69656 1.69502 1.69347 1.68872 1.49777 1.35497 1.33243 1.44461 1.39786 1.29809 1.29655 1.29501 1.29347 1.29193 1.29037 1.28883 1.36260 1.51707 1.51397 1.51102 1.50445 1.45303 1.27946 1.29722 1.34387 1.20457 1.23584 1.30662 1.37744 1.44822 1.49850 1.49487 1.48819 1.48360 1.48179 1.47996 1.47814 1.59129 1.63966 1.38221 1.23059 0.996073 0.888977 0.888977 0.888977 0.888977
1.83715 1.83975 1.84251 1.85335 1.86855 1.88375 1.91542 2.07450 2.08251 2.08511 2.08772 2.09032 1.99048 1.80187 1.70360 1.70249 1.70244 1.69578 1.66733 1.66608 1.64834 1.62550 1.60264 1.58301 1.49552 1.29302 1.29302 1.38868 1.40715 1.26383 1.25555 1.24733 1.23912 1.23091 1.22270 1.21448 1.24067 1.43795 1.43791 1.43791 1.42685 1.40528 1.39818 1.43124 1.56893 1.53745 1.47703 1.47036 1.46368 1.45870 1.45983 1.46467 1.46953 1.47231 1.47233 1.47239 1.47359 1.52555 1.73491 1.40553 1.26857 1.08724 0.888977 0.888948 0.897299 0.914296
1.90465 1.91725 1.92968 1.93407 1.93407 1.93407 1.93407 2.07029 2.09942 2.09942 2.09942 2.09942 2.03590 1.85391 1.70244 1.70246 1.70735 1.71595 1.62236 1.57296 1.55926 1.55067 1.54207 1.53346 1.51388 1.23884 1.22019 1.27499 1.35402 1.22195 1.20146 1.20146 1.20146 1.20146 1.20146 1.19059 1.16995 1.35481 1.33851 1.30991 1.29236 1.28753 1.47783 1.47625 1.55533 1.53998 1.45939 1.46425 1.46910 1.47226 1.47233 1.47269 1.47425 1.47589 1.47754 1.47912 1.47957 1.48291 1.75843 1.47460 1.35473 1.29381 1.06206 1.10600 1.13765 1.13765
