High_resolution/powerplant/Fengdu/OMI_NO2_200610.asc
ncols      200
nrows      200
xllcorner       105.978
yllcorner       28.1831
cellsize     0.0166667
NODATA_Value      -999.000
[rows 116 to 144 of 200, columns 65 to 129 of 200]
3.10152 3.10152 3.10152 3.10152 3.10152 3.10152 3.10152 3.10152 3.10152 3.10152 3.10152 3.10152 4.05236 5.22684 4.88682 4.35090 3.81499 3.27908 2.74805 2.54755 2.54755 2.54755 2.54755 2.54755 2.54755 2.54755 2.54755 2.54755 2.54755 2.54755 0.00000 0.00000 0.00000 0.00000 0.00000 0.00000 0.00000 0.00000 0.00000 0.00000 0.00000 0.00000 0.00000 0.00000 0.00000 0.00000 0.993386 0.993386 0.993386 0.993386 0.993386 0.993386 0.997804 1.05693 1.13208 1.20728 1.28259 1.35791 1.39506 1.39506 1.39506 1.39506 1.39674 1.39949 1.39949
3.10152 3.10152 3.10152 3.10152 3.10152 3.10152 3.10152 3.10152 3.10152 3.10152 3.10152 3.10152 3.25071 2.74805 2.54755 2.54755 2.54755 2.54755 2.54755 2.54755 2.54755 2.54755 2.54755 2.54755 2.54755 2.54755 2.54755 2.54755 2.54755 2.54755 2.54755 0.00000 0.00000 0.00000 0.00000 0.00000 0.00000 0.00000 0.00000 0.00000 0.00000 0.00000 0.00000 0.00000 0.00000 0.00000 0.993386 1.01062 1.08200 1.15735 1.23262 1.30794 1.37883 1.39506 1.39506 1.39506 1.39506 1.39506 1.39506 1.39506 1.39506 1.39506 1.39552 1.39948 1.39949
3.10152 3.10152 3.10152 3.10152 3.10152 3.10152 3.10152 3.10152 3.10152 0.00000 0.00000 0.00000 2.54755 2.54755 2.54755 2.54755 2.54755 2.54755 2.54755 2.54755 2.54755 2.54755 2.54755 2.54755 2.54755 2.54755 2.54755 2.54755 2.54755 2.54755 2.54755 0.00000 0.00000 0.00000 0.00000 0.00000 0.00000 0.00000 0.00000 0.00000 0.00000 0.00000 0.786527 0.786527 0.786527 0.786527 0.849223 1.38918 1.39506 1.39506 1.39506 1.39506 1.39506 1.39506 1.39506 1.39506 1.39506 1.39506 1.39506 1.39506 1.39506 1.39506 1.39506 1.39870 1.39949
3.10152 3.10152 3.10152 3.10152 3.10152 0.00000 0.00000 0.00000 0.00000 0.00000 0.00000 0.00000 0.00000 2.54755 2.54755 2.54755 2.54755 2.54755 2.54755 2.54755 2.54755 2.54755 2.54755 2.54755 2.54755 2.54755 2.54755 2.54755 2.54755 2.54755 2.54755 0.00000 0.00000 0.00000 0.00000 0.00000 0.00000 0.786527 0.786527 0.786527 0.786527 0.786527 0.786527 0.786527 0.786527 0.786527 0.786527 1.28372 1.39506 1.39506 1.39506 1.39506 1.39506 1.39506 1.39506 1.39506 1.39506 1.39506 1.39506 1.39506 1.39506 1.39506 1.39506 1.39747 1.39949
0.00000 0.00000 0.00000 0.00000 0.00000 0.00000 0.00000 0.00000 0.00000 0.00000 0.00000 0.00000 0.00000 2.54755 2.54755 2.54755 2.54755 2.54755 2.54755 2.54755 2.54755 2.54755 2.54755 2.54755 2.54755 2.54755 2.54755 2.54755 2.54755 2.54755 2.54755 0.786527 0.786527 0.786527 0.786527 0.786527 0.786527 0.786527 0.786527 0.786527 0.786527 0.786527 0.786527 0.786527 0.786527 0.786527 0.786527 1.11306 1.39506 1.39506 1.39506 1.39506 1.39506 1.39506 1.39506 1.39506 1.39506 1.39506 1.39506 1.39506 1.39506 1.39506 1.39506 1.39624 1.39949
0.00000 0.00000 0.00000 0.00000 0.00000 0.00000 0.00000 0.00000 0.00000 0.00000 0.00000 0.00000 0.00000 2.54755 2.54755 2.54755 2.54755 2.54755 2.54755 2.54755 2.54755 2.54755 2.54755 2.54755 2.54755 2.54755 2.54317 2.38716 2.15637 1.92558 1.69159 0.851720 0.786527 0.786527 0.786527 0.786527 0.786527 0.786527 0.786527 0.786527 0.786527 0.786527 0.786527 0.786527 0.786527 0.786527 0.786527 0.942357 1.39506 1.39506 1.39506 1.39506 1.39506 1.39506 1.39506 1.39506 1.39506 1.39506 1.39506 1.39506 1.39506 1.39506 1.39506 1.39519 1.39931
0.00000 0.00000 0.00000 0.00000 0.00000 0.00000 0.00000 0.00000 0.00000 0.00000 0.00000 0.00000 0.00000 0.00000 2.54755 2.54755 2.54755 2.54755 2.54755 2.54755 2.54755 2.54363 2.38923 2.15637 1.92558 1.69479 1.46838 1.39361 1.39361 1.39361 1.39361 1.01747 0.786527 0.786527 0.786527 0.786527 0.786527 0.786527 0.786527 0.786527 0.786527 0.786527 0.786527 0.786527 0.786527 0.786527 0.786527 0.801010 1.36567 1.39506 1.39506 1.39506 1.39506 1.39506 1.39506 1.39506 1.39506 1.39506 1.39506 1.39506 1.39506 1.40125 1.41419 1.42713 1.48016
0.00000 0.00000 0.00000 0.00000 0.00000 0.00000 0.00000 0.00000 0.00000 0.00000 0.00000 0.00000 0.00000 0.00000 2.54755 2.54755 2.54363 2.38946 2.15867 1.92788 1.69709 1.47023 1.39361 1.39361 1.39361 1.39361 1.39361 1.39361 1.39361 1.39361 1.39361 1.18955 0.786527 0.786527 0.786527 0.786527 0.786527 0.786527 0.786527 0.786527 0.786527 0.786527 0.786527 0.786527 0.786527 0.786527 0.786527 0.786527 1.20942 1.39506 1.39506 1.39506 1.39506 1.39506 1.39506 1.39560 1.40526 1.41819 1.43114 1.44406 1.45700 1.46375 1.46375 1.46375 1.50138
0.00000 0.00000 0.00000 0.00000 0.00000 0.00000 0.00000 0.00000 0.00000 0.00000 0.00000 0.0858533 0.0858533 0.0858533 0.570776 1.69709 1.47023 1.39361 1.39361 1.39361 1.39361 1.39361 1.39361 1.39361 1.39361 1.39361 1.39361 1.39361 1.39361 1.39361 1.39361 1.35330 0.795147 0.786527 0.786527 0.786527 0.786527 0.786527 0.786527 0.786527 0.786527 0.786527 0.786527 0.786527 0.786527 0.786527 0.786527 0.786527 1.03870 1.39506 1.39737 1.40926 1.42219 1.43513 1.44806 1.46047 1.46375 1.46375 1.46375 1.46375 1.46375 1.46375 1.46375 1.46375 1.47737
0.00000 0.00000 0.00000 0.00000 0.00000 0.00000 0.00000 0.0858533 0.0858533 0.0858533 0.0858533 0.0858533 0.0858533 0.0858533 0.0859841 1.21601 1.39361 1.39361 1.39361 1.39361 1.39361 1.39361 1.39361 1.39361 1.39361 1.39361 1.39361 1.39361 1.39361 1.39361 1.39361 1.39361 0.927038 0.786527 0.786527 0.786527 0.786527 0.786527 0.786527 0.786527 0.786527 0.786527 0.786527 0.786527 0.786527 0.781382 0.765907 0.750172 0.826025 1.45206 1.46270 1.46375 1.46375 1.46375 1.46375 1.46375 1.46375 1.46375 1.46375 1.46375 1.46375 1.46375 1.46375 1.46375 1.46380
0.00000 0.00000 0.0858533 0.0858533 0.0858533 0.0858533 0.0858533 0.0858533 0.0858533 0.0858533 0.0858533 0.0858533 0.0858533 0.0858533 0.0858533 0.840799 1.39361 1.39361 1.39361 1.39361 1.39361 1.39361 1.39361 1.39361 1.39361 1.39361 1.39361 1.39361 1.39361 1.39361 1.39361 1.39361 1.09923 0.786527 0.786527 0.786527 0.786527 0.786527 0.786527 0.786527 0.778964 0.763237 0.747477 0.731742 0.715998 0.705399 0.705122 0.705122 0.705122 1.35235 1.46375 1.46375 1.46375 1.46375 1.46375 1.46375 1.46375 1.46375 1.46375 1.46375 1.46375 1.46375 1.46375 1.46375 1.46375
0.0858533 0.0858533 0.0858533 0.0858533 0.0858533 0.0858533 0.0858533 0.0858533 0.0858533 0.0858533 0.0858533 0.0858533 0.0858533 0.0858533 0.0858533 0.465680 1.39361 1.39361 1.39361 1.39361 1.39361 1.39361 1.39361 1.39361 1.39361 1.39361 1.39361 1.39361 1.39361 1.39361 1.39361 1.39361 1.27153 0.786527 0.786356 0.776286 0.760543 0.744799 0.729055 0.713312 0.705122 0.705122 0.705122 0.705122 0.705122 0.705122 0.705122 0.705122 0.705122 1.13911 1.46375 1.46375 1.46375 1.46375 1.46375 1.46375 1.46375 1.46375 1.46375 1.46375 1.46375 1.46375 1.46375 1.46375 1.46375
0.0858533 0.0858533 0.0858533 0.0858533 0.0858533 0.0858533 0.0858533 0.0858533 0.0858533 0.0858533 0.0858533 0.0858533 0.0858533 0.0858533 0.0858533 0.135412 1.34875 1.39361 1.39361 1.39361 1.39361 1.39361 1.39361 1.39361 1.39361 1.39361 1.39361 1.39361 1.39361 1.39504 1.43823 1.50064 1.55923 0.813687 0.710804 0.705122 0.705122 0.705122 0.705122 0.705122 0.705122 0.705122 0.705122 0.705122 0.705122 0.705122 0.705122 0.705122 0.705122 0.925873 1.46375 1.46375 1.46375 1.46375 1.46375 1.46375 1.46375 1.46375 1.46375 1.46375 1.46375 1.46375 1.46375 1.46375 1.46375
0.0858533 0.0858533 0.0858533 0.0858533 0.0858533 0.0858533 0.0858533 0.0858533 0.0858533 0.0858533 0.0858533 0.0858533 0.0858533 0.0858533 0.0858533 0.0858533 1.02325 1.39361 1.39361 1.39361 1.39361 1.39361 1.39361 1.39361 1.39504 1.43823 1.50064 1.56306 1.62547 1.68645 1.70567 1.70567 1.70567 1.06986 0.705122 0.705122 0.705122 0.705122 0.705122 0.705122 0.705122 0.705122 0.705122 0.705122 0.705122 0.705122 0.705122 0.705122 0.705122 0.735774 1.44084 1.46375 1.46375 1.46375 1.46375 1.46375 1.46375 1.46375 1.46375 1.46375 1.46375 1.46375 1.46375 1.46375 1.46375
0.0858533 0.0858533 0.0858533 0.0858533 0.0858533 0.0858533 0.0858533 0.0858533 0.0858533 0.0858533 0.0858533 0.0858533 0.0858533 0.0858533 0.0858533 0.0858533 0.648187 1.39361 1.39361 1.39504 1.43823 1.50064 1.56306 1.62547 1.68645 1.70567 1.70567 1.70567 1.70567 1.70567 1.70567 1.70567 1.70567 1.35254 0.705122 0.705122 0.705122 0.705122 0.705122 0.705122 0.705122 0.705122 0.705122 0.705122 0.705122 0.705122 0.705122 0.705122 0.705122 0.705122 1.25829 1.46375 1.46375 1.46375 1.46375 1.46375 1.46375 1.46375 1.46375 1.46375 1.46375 1.46375 1.46375 1.46375 1.46375
0.0858533 0.0858533 0.0858533 0.0858533 0.0858533 0.0858533 0.0858533 0.0858533 0.0858533 0.0858533 0.0858533 0.0858533 0.0858533 0.0858533 0.0931676 0.454004 1.13420 1.56306 1.62547 1.68645 1.70567 1.70567 1.70567 1.70567 1.70567 1.70567 1.70567 1.70567 1.70567 1.70567 1.70567 1.70567 1.70567 1.62622 0.713928 0.705122 0.705122 0.705122 0.705122 0.705122 0.705122 0.705122 0.705122 0.705122 0.705122 0.705122 0.705122 0.705122 0.705122 0.705122 1.04506 1.46375 1.46375 1.46375 1.46375 1.46375 1.46375 1.46375 1.46375 0.00000 0.00000 0.00000 0.00000 0.00000 0.00000
0.0858533 0.0858533 0.0858533 0.0858533 0.0858533 0.0858533 0.0858533 0.0858533 0.0858533 0.0858533 0.374360 0.931869 1.48992 2.04743 2.59789 2.79484 2.79484 1.86120 1.70567 1.70567 1.70567 1.70567 1.70567 1.70567 1.70567 1.70567 1.70567 1.70567 1.70567 1.70567 1.70567 1.70567 1.70567 1.70567 0.916838 0.705122 0.705122 0.705122 0.705122 0.705122 0.705122 0.705122 0.705122 0.705122 0.705122 0.705122 0.705122 0.705122 0.694536 0.662472 0.726739 1.46375 1.46375 1.46375 0.00000 0.00000 0.00000 0.00000 0.00000 0.00000 0.00000 0.00000 0.00000 0.00000 0.00000
0.0858533 0.0858533 0.0858533 0.0858533 0.0858533 0.298238 0.851412 1.40946 1.96697 2.52556 2.79484 2.79484 2.79484 2.79484 2.79484 2.79484 2.79484 2.17249 1.70567 1.70567 1.70567 1.70567 1.70567 1.70567 1.70567 1.70567 1.70567 1.70567 1.70567 1.70567 1.70567 1.70567 1.70567 1.70567 1.19939 0.705122 0.705122 0.705122 0.705122 0.705122 0.705122 0.705122 0.705122 0.689690 0.657035 0.624364 0.591659 0.558987 0.536902 0.536278 0.536278 0.536278 0.00000 0.00000 0.00000 0.00000 0.00000 0.00000 0.00000 0.00000 0.00000 0.00000 0.00000 0.00000 0.00000
0.256076 0.771768 1.32955 1.88733 2.44511 2.79050 2.79484 2.79484 2.79484 2.79484 2.79484 2.79484 2.79484 2.79484 2.79484 2.79484 2.79484 2.48366 1.70567 1.70567 1.70567 1.70567 1.70567 1.70567 1.70567 1.70567 1.70567 1.70567 1.70567 1.70567 1.70567 1.70567 1.70567 1.70567 1.48195 0.705122 0.705122 0.704818 0.684202 0.651531 0.618843 0.586171 0.553515 0.536278 0.536278 0.536278 0.536278 0.536278 0.536278 0.536278 0.536278 0.536278 0.00000 0.00000 0.00000 0.00000 0.00000 0.00000 0.00000 0.00000 0.00000 0.00000 0.00000 0.00000 0.00000
2.79484 2.79484 2.79484 2.79484 2.79484 2.79484 2.79484 2.79484 2.79484 2.79484 2.79484 2.79484 2.79484 2.79484 2.79484 2.79484 2.79484 2.75519 1.74379 1.70567 1.70567 1.70567 1.70567 1.70567 1.70567 1.70567 1.70567 1.70567 1.70567 1.70567 1.70567 1.70567 1.70567 1.70567 1.68728 0.628172 0.580734 0.548350 0.536278 0.536278 0.536278 0.536278 0.536278 0.536278 0.536278 0.536278 0.536278 0.536278 0.536278 0.536278 0.536278 0.536278 0.00000 0.00000 0.00000 0.00000 0.00000 0.00000 0.00000 0.00000 0.00000 0.00000 0.00000 0.00000 0.00000
2.79484 2.79484 2.79484 2.79484 2.79484 2.79484 2.79484 2.79484 2.79484 2.79484 2.79484 2.79484 2.79484 2.79484 2.79484 2.79484 2.79484 2.79484 2.01532 1.70567 1.70567 1.70567 1.70567 1.70567 1.70567 1.70567 1.70567 1.70567 1.70567 1.70567 1.70567 1.70567 1.70567 0.00000 0.00000 0.536278 0.536278 0.536278 0.536278 0.536278 0.536278 0.536278 0.536278 0.536278 0.536278 0.536278 0.536278 0.536278 0.536278 0.536278 0.536278 0.536278 0.536278 0.00000 0.00000 0.00000 0.00000 0.00000 0.00000 0.00000 0.00000 0.00000 0.00000 0.00000 0.00000
2.79484 2.79484 2.79484 2.79484 2.79484 2.79484 2.79484 2.79484 2.79484 2.79484 2.79484 2.79484 2.79484 2.79484 2.79484 2.79484 2.79484 2.79484 2.32649 1.70567 1.70567 1.70567 1.70567 1.70567 1.70567 1.70567 1.70567 1.70567 0.00000 0.00000 0.00000 0.00000 0.00000 0.00000 0.00000 0.536278 0.536278 0.536278 0.536278 0.536278 0.536278 0.536278 0.536278 0.536278 0.536278 0.536278 0.536278 0.536278 0.536278 0.536278 0.536278 0.536278 0.536278 0.00000 0.00000 0.00000 0.00000 0.00000 0.00000 0.00000 0.00000 1.25933 1.25933 1.25933 1.25933
0.00000 2.79484 2.79484 2.79484 2.79484 2.79484 2.79484 2.79484 2.79484 2.79484 2.79484 2.79484 2.79484 2.79484 2.79484 2.79484 2.79484 2.79484 2.62122 1.70567 1.70567 1.70567 1.70567 0.00000 0.00000 0.00000 0.00000 0.00000 0.00000 0.00000 0.00000 0.00000 0.00000 0.00000 0.00000 0.536278 0.536278 0.536278 0.536278 0.536278 0.536278 0.536278 0.536278 0.536278 0.536278 0.536278 0.536278 0.536278 0.536278 0.536278 0.536278 0.536278 0.536278 0.00000 0.00000 0.00000 1.25933 1.25933 1.25933 1.25933 1.25933 1.25933 1.25933 1.25933 1.25933
0.00000 2.79484 2.79484 2.79484 2.79484 2.79484 2.79484 2.79484 2.79484 2.79484 2.79484 2.79484 2.79484 2.79484 2.79484 2.79484 2.79484 2.79484 0.00000 0.00000 0.00000 0.00000 0.00000 0.00000 0.00000 0.00000 0.00000 0.00000 0.00000 0.00000 0.00000 0.00000 0.00000 0.00000 0.00000 0.00000 0.536278 0.536278 0.536278 0.536278 0.536278 0.536278 0.536278 0.536278 0.536278 0.536278 0.536278 0.536278 0.536278 0.536278 0.536278 0.629760 0.945526 1.25933 1.25933 1.25933 1.25933 1.25933 1.25933 1.25933 1.25933 1.25933 1.25933 1.25933 1.25933
0.00000 2.79484 2.79484 2.79484 2.79484 2.79484 2.79484 2.79484 2.79484 2.79484 2.79484 2.79484 2.79484 0.00000 0.00000 0.00000 0.00000 0.00000 0.00000 0.00000 0.00000 0.00000 0.00000 0.00000 0.00000 0.00000 0.00000 0.00000 0.00000 0.00000 0.00000 0.00000 0.00000 0.00000 0.00000 0.00000 0.536278 0.536278 0.536278 0.536278 0.536278 0.536278 0.536278 0.536278 0.536278 0.536278 0.669188 0.947053 1.22506 1.50307 1.78108 1.96575 1.96181 1.30972 1.25933 1.25933 1.25933 1.25933 1.25933 1.25933 1.25933 1.25933 1.25933 1.25933 1.25933
0.00000 0.00000 2.79484 2.79484 2.79484 2.79484 2.79484 2.79484 2.79484 0.00000 0.00000 0.00000 0.00000 0.00000 0.00000 0.00000 0.00000 0.00000 0.00000 0.00000 0.00000 0.00000 0.00000 0.00000 0.00000 0.00000 0.00000 0.00000 0.00000 0.00000 0.00000 0.00000 0.00000 0.00000 0.00000 0.00000 0.536278 0.536278 0.536278 0.536278 0.538858 0.712918 0.990783 1.26879 1.54694 1.82481 1.97005 1.97005 1.97005 1.97005 1.97005 1.97005 1.97005 1.50012 1.25933 1.25933 1.25933 1.25933 1.25933 1.25933 1.25933 1.25933 1.25933 1.25933 1.25933
3.97915 3.97915 3.76867 2.79484 0.00000 0.00000 0.00000 0.00000 0.00000 0.00000 0.00000 0.00000 0.00000 0.00000 0.00000 0.00000 0.00000 0.00000 0.00000 0.00000 0.00000 0.00000 0.00000 0.00000 0.00000 0.00000 0.00000 0.00000 0.00000 0.00000 0.00000 0.00000 0.00000 0.00000 0.00000 0.606789 0.598579 0.993571 1.31267 1.59053 1.86610 1.97005 1.97005 1.97005 1.97005 1.97005 1.97005 1.97005 1.97005 1.97005 1.97005 1.97005 1.97005 1.69884 1.25933 1.25933 1.25933 1.25933 1.25933 1.25933 1.25933 1.25933 1.25933 1.25933 1.25933
3.97915 3.97915 3.97915 0.00000 0.00000 0.00000 0.00000 0.00000 0.00000 0.00000 0.00000 0.00000 0.00000 0.00000 0.00000 0.00000 0.00000 0.00000 0.00000 0.00000 0.00000 0.00000 0.00000 0.00000 0.00000 0.00000 0.00000 0.00000 0.00000 0.00000 0.606789 0.606789 0.606789 0.606789 0.606789 0.606789 0.606789 1.53909 1.97005 1.97005 1.97005 1.97005 1.97005 1.97005 1.97005 1.97005 1.97005 1.97005 1.97005 1.97005 1.97005 1.97005 1.97005 1.89571 1.26118 1.25933 1.25933 1.25933 1.25933 1.25933 1.25933 1.25933 1.25933 1.25933 1.25933
3.97915 3.97915 3.97915 3.97915 0.00000 0.00000 0.00000 0.00000 0.00000 0.00000 0.00000 0.00000 0.00000 0.00000 0.00000 0.00000 0.00000 0.00000 0.00000 0.00000 0.00000 0.00000 0.00000 0.00000 0.00000 0.606789 0.606789 0.606789 0.606789 0.606789 0.606789 0.606789 0.606789 0.606789 0.606789 0.606789 0.606789 1.15599 1.97005 1.97005 1.97005 1.97005 1.97005 1.97005 1.97005 1.97005 1.97005 1.97005 1.97005 1.97005 1.97005 1.97005 1.97005 1.97005 1.38547 1.25933 1.25933 1.25933 1.25933 1.25933 1.25933 1.25933 1.25933 1.25933 1.26104
