High_resolution/powerplant/Fengdu/OMI_NO2_200902.asc
ncols      200
nrows      200
xllcorner       105.978
yllcorner       28.1831
cellsize     0.0166667
NODATA_Value      -999.000
[rows 30 to 59 of 200, columns 132 to 197 of 200]
1.80912 1.80912 1.80912 1.80912 2.11819 2.17731 2.17731 2.17731 2.17731 2.17731 2.17731 2.17731 2.17731 2.17731 2.17731 2.17731 2.17731 2.17731 2.17731 2.17731 2.17731 2.17731 2.17731 2.17731 2.17731 2.17731 2.25456 2.31061 2.31061 2.31061 2.31061 2.31061 2.31061 2.31061 2.31061 2.31061 2.31061 2.31061 2.31061 2.31061 2.31061 2.31061 2.31061 2.31061 2.31061 2.31061 2.31061 2.31061 2.31061 2.25948 1.46358 1.45838 1.45838 1.45838 1.45838 1.45838 1.45838 1.45838 1.45838 1.45838 1.45838 1.45838 1.45838 1.45838 1.45838 1.45838
1.80912 1.80912 1.80912 1.80912 2.03841 2.17731 2.17731 2.17731 2.17731 2.17731 2.17731 2.17731 2.17731 2.17731 2.17731 2.17731 2.17731 2.17731 2.17731 2.17731 2.17731 2.17731 2.17731 2.17731 2.17731 2.17731 2.22606 2.31061 2.31061 2.31061 2.31061 2.31061 2.31061 2.31061 2.31061 2.31061 2.31061 2.31061 2.31061 2.31061 2.31061 2.29770 2.26234 2.22690 2.19146 2.15611 2.12050 2.08489 2.04954 2.01418 1.49449 1.42239 1.41939 1.41646 1.41347 1.41055 1.40755 1.40463 1.40162 1.39870 1.39569 1.39278 1.38977 1.38687 1.38385 1.38094
1.80912 1.80912 1.80912 1.80912 1.95856 2.17731 2.17731 2.17731 2.17731 2.17731 2.17731 2.17731 2.17731 2.17731 2.17731 2.17731 2.17731 2.17731 2.17611 2.15155 2.11884 2.08607 2.05337 2.02066 1.98796 1.95518 1.93663 1.95056 1.91521 1.87985 1.84441 1.80889 1.77328 1.73784 1.70240 1.66705 1.63152 1.59583 1.56048 1.52512 1.48968 1.46698 1.46682 1.46682 1.46682 1.46682 1.46682 1.46682 1.46682 1.46682 1.40780 1.37392 1.37392 1.37392 1.37392 1.37392 1.37392 1.37392 1.37392 1.37392 1.37392 1.37392 1.37392 1.37392 1.37392 1.37392
1.81805 1.82462 1.83113 1.83769 1.88452 1.94250 1.90980 1.87696 1.84419 1.81148 1.77871 1.74600 1.71330 1.68059 1.64782 1.61512 1.58241 1.54971 1.51800 1.50986 1.50986 1.50986 1.50986 1.50986 1.50986 1.50986 1.50966 1.46971 1.46682 1.46682 1.46682 1.46682 1.46682 1.46682 1.46682 1.46682 1.46682 1.46682 1.46682 1.46682 1.46682 1.46682 1.46682 1.46682 1.46682 1.46682 1.46682 1.46682 1.46682 1.46682 1.42730 1.37392 1.37392 1.37392 1.37392 1.37392 1.37392 1.37392 1.37392 1.37392 1.37392 1.37392 1.37392 1.37392 1.37392 1.37392
1.92598 1.92598 1.92598 1.92598 1.91986 1.52796 1.50986 1.50986 1.50986 1.50986 1.50986 1.50986 1.50986 1.50986 1.50986 1.50986 1.50986 1.50986 1.50986 1.50986 1.50986 1.50986 1.50986 1.50986 1.50986 1.50986 1.50986 1.47872 1.46682 1.46682 1.46682 1.46682 1.46682 1.46682 1.46682 1.46682 1.46682 1.46682 1.46682 1.46682 1.46682 1.46682 1.46682 1.46682 1.46682 1.46682 1.46682 1.46682 1.46682 1.46682 1.44681 1.37392 1.37392 1.37392 1.37392 1.37392 1.37392 1.37392 1.37392 1.37392 1.37392 1.37392 1.37392 1.37392 1.37392 1.37392
1.92598 1.92598 1.92598 1.92598 1.92598 1.61269 1.50986 1.50986 1.50986 1.50986 1.50986 1.50986 1.50986 1.50986 1.50986 1.50986 1.50986 1.50986 1.50986 1.50986 1.50986 1.50986 1.50986 1.50986 1.50986 1.50986 1.50986 1.48794 1.46682 1.46682 1.46682 1.46682 1.46682 1.46682 1.46682 1.46682 1.46682 1.46682 1.46682 1.46682 1.46682 1.46682 1.46682 1.46682 1.46682 1.46682 1.46682 1.46682 1.46682 1.46682 1.46412 1.37610 1.37392 1.37392 1.37392 1.37392 1.37392 1.37392 1.37392 1.37392 1.37392 1.37392 1.37392 1.37392 1.37392 1.37392
1.92598 1.92598 1.92598 1.92598 1.92598 1.70348 1.50986 1.50986 1.50986 1.50986 1.50986 1.50986 1.50986 1.50986 1.50986 1.50986 1.50986 1.50986 1.50986 1.50986 1.50986 1.50986 1.50986 1.50986 1.50986 1.50986 1.50986 1.49716 1.46682 1.46682 1.46682 1.46682 1.46682 1.46682 1.46682 1.46682 1.46682 1.46682 1.46682 1.46682 1.46682 1.46682 1.46682 1.46682 1.46682 1.46682 1.46682 1.46682 1.46682 1.46682 1.46682 1.39292 1.37392 1.37392 1.37392 1.37392 1.37392 1.37392 1.37392 1.37392 1.37392 1.37392 1.37392 1.37392 1.37392 1.37392
1.92598 1.92598 1.92598 1.92598 1.92598 1.79435 1.50986 1.50986 1.50986 1.50986 1.50986 1.50986 1.50986 1.50986 1.50986 1.50986 1.50986 1.50986 1.50986 1.50986 1.50986 1.50986 1.50986 1.50986 1.50986 1.50986 1.50986 1.50632 1.46688 1.46682 1.46682 1.46682 1.46682 1.46682 1.46682 1.46682 1.46682 1.46682 1.46682 1.46682 1.46682 1.46682 1.46682 1.46682 1.46682 1.46682 1.46682 1.46682 1.46682 1.46682 1.46682 1.41243 1.37392 1.37392 1.37392 1.37392 1.37392 1.37392 1.37392 1.37392 1.37392 1.37392 1.37392 1.37392 1.37392 1.37392
1.92598 1.92598 1.92598 1.92598 1.92598 1.88499 1.50998 1.50986 1.50986 1.50986 1.50986 1.50986 1.50986 1.50986 1.50986 1.50986 1.50986 1.50986 1.50986 1.50986 1.50986 1.50986 1.50986 1.50986 1.50986 1.50986 1.50986 1.50986 1.47254 1.46682 1.46682 1.46682 1.46682 1.46682 1.46682 1.46682 1.46682 1.46682 1.46682 1.46682 1.46682 1.46682 1.46682 1.46682 1.46682 1.46682 1.46682 1.46682 1.47165 1.49519 1.52027 1.46020 1.27137 1.24961 1.22846 1.20671 1.18544 1.16374 1.14253 1.12090 1.09963 1.07799 1.05673 1.03515 1.01370 0.992186
1.92598 1.92598 1.92598 1.92598 1.92598 1.92598 1.55984 1.50986 1.50986 1.50986 1.50986 1.50986 1.50986 1.50986 1.50986 1.50986 1.50986 1.50986 1.50986 1.50986 1.50986 1.50986 1.50986 1.50986 1.50986 1.52135 1.55350 1.58611 1.58320 1.58961 1.61476 1.63984 1.66493 1.69001 1.71534 1.74042 1.76551 1.79059 1.81574 1.84106 1.86615 1.89123 1.91632 1.94152 1.96679 1.99187 2.01690 2.04198 2.06241 2.06408 2.06408 1.84739 0.762754 0.762754 0.762754 0.762754 0.762754 0.762754 0.762754 0.762754 0.762754 0.762754 0.762754 0.762754 0.762754 0.762754
1.92598 1.92598 1.92598 1.92598 1.92598 1.89350 1.65041 1.59786 1.63048 1.66309 1.69577 1.72844 1.76106 1.79367 1.82621 1.85889 1.89144 1.92411 1.95673 1.98927 2.02195 2.05456 2.08724 2.11985 2.15246 2.17365 2.17405 2.17405 2.12574 2.06408 2.06408 2.06408 2.06408 2.06408 2.06408 2.06408 2.06408 2.06408 2.06408 2.06408 2.06408 2.06408 2.06408 2.06408 2.06408 2.06408 2.06408 2.06408 2.06408 2.06408 2.06408 2.05211 0.829883 0.762754 0.762754 0.762754 0.762754 0.762754 0.762754 0.762754 0.762754 0.762754 0.762754 0.762754 0.762754 0.762754
1.04964 0.983513 0.917969 0.852426 0.786413 0.753466 1.38438 2.17405 2.17405 2.17405 2.17405 2.17405 2.17405 2.17405 2.17405 2.17405 2.17405 2.17405 2.17405 2.17405 2.17405 2.17405 2.17405 2.17405 2.17405 2.17405 2.17405 2.17405 2.14910 2.06408 2.06408 2.06408 2.06408 2.06408 2.06408 2.06408 2.06408 2.06408 2.06408 2.06408 2.06408 2.06408 2.06408 2.06408 2.06408 2.06408 2.06408 2.06408 2.06408 2.06408 2.06408 2.06408 1.08906 0.762754 0.762754 0.762754 0.762754 0.762754 0.762754 0.762754 0.762754 0.762754 0.762754 0.762754 0.762754 0.762754
0.753466 0.753466 0.753466 0.753466 0.753466 0.753466 1.07627 2.17405 2.17405 2.17405 2.17405 2.17405 2.17405 2.17405 2.17405 2.17405 2.17405 2.17405 2.17405 2.17405 2.17405 2.17405 2.17405 2.17405 2.17405 2.17405 2.17405 2.17405 2.17029 2.06628 2.06408 2.06408 2.06408 2.06408 2.06408 2.06408 2.06408 2.06408 2.06408 2.06408 2.06408 2.06408 2.06408 2.06408 2.06408 2.06408 2.06408 2.06408 2.06408 2.06408 2.06408 2.06408 1.36054 0.762754 0.762754 0.762754 0.762754 0.762754 0.762754 0.762754 0.762754 0.762754 0.762754 0.762754 0.762754 0.762754
0.753466 0.753466 0.753466 0.753466 0.753466 0.753466 0.799909 2.14251 2.17405 2.17405 2.17405 2.17405 2.17405 2.17405 2.17405 2.17405 2.17405 2.17405 2.17405 2.17405 2.17405 2.17405 2.17405 2.17405 2.17405 2.17405 2.17405 2.17405 2.17405 2.08593 2.06408 2.06408 2.06408 2.06408 2.06408 2.06408 2.06408 2.06408 2.06408 2.06408 2.06408 2.06408 2.06408 2.06408 2.06408 2.06408 2.06408 2.06408 2.06408 2.06408 2.06408 2.06408 1.63174 0.762754 0.762754 0.762754 0.762754 0.762754 0.762754 0.762754 0.762754 0.762754 0.762754 0.762754 0.762754 0.762754
0.753466 0.753466 0.753466 0.753466 0.753466 0.753466 0.753466 1.88079 2.17405 2.17405 2.17405 2.17405 2.17405 2.17405 2.17405 2.17405 2.17405 2.17405 2.17405 2.17405 2.17405 2.17405 2.17405 2.17405 2.17405 2.17405 2.17405 2.17405 2.17405 2.10932 2.06408 2.06408 2.06408 2.06408 2.06408 2.06408 2.06408 2.06408 2.06408 2.06408 2.06408 2.06408 2.06408 2.06408 2.06408 2.06408 2.06408 2.06408 2.06408 2.06408 2.06408 2.06408 1.90312 0.762754 0.762754 0.762754 0.762754 0.762754 0.762754 0.762754 0.762754 0.762754 0.762754 0.762754 0.762754 0.762754
0.753466 0.753466 0.753466 0.753466 0.753466 0.753466 0.753466 1.57269 2.17405 2.17405 2.17405 2.17405 2.17405 2.17405 2.17405 2.17405 2.17405 2.17405 2.17405 2.17405 2.17405 2.17405 2.17405 2.17405 2.17405 2.17405 2.17405 2.17405 2.17405 2.13270 2.06408 2.06408 2.06408 2.06408 2.06408 2.06408 2.06408 2.06408 2.06408 2.06408 2.06408 2.06408 2.06408 2.06408 2.06408 2.06408 2.06408 2.06408 2.06408 2.06408 2.06408 2.06408 2.06291 0.874527 0.762754 0.762754 0.764718 0.769214 0.773623 0.778108 0.782529 0.787026 0.791422 0.795944 0.800328 0.804837
0.753466 0.753466 0.753466 0.753466 0.753466 0.753466 0.753466 1.26482 2.17405 2.17405 2.17405 2.17405 2.17405 2.17405 2.17405 2.17405 2.17405 2.17405 2.17405 2.17405 2.17405 2.17405 2.17405 2.17405 2.17405 2.17405 2.17405 2.17405 2.17405 2.15608 2.06408 2.06390 2.03904 2.00029 1.96163 1.92297 1.88385 1.84509 1.80634 1.76768 1.72884 1.68981 1.65115 1.61239 1.57373 1.53479 1.49586 1.45710 1.41844 1.37978 1.34066 1.30191 1.26315 0.974517 0.882505 0.886977 0.889434 0.889434 0.889434 0.889434 0.889434 0.889434 0.889434 0.889434 0.889434 0.889434
0.753466 0.753466 0.753466 0.753466 0.753466 0.753466 0.753466 0.956893 2.17405 2.17405 2.17405 2.17175 2.16369 2.15536 2.14701 2.13868 2.13035 2.12205 2.11373 2.10541 2.09709 2.08879 2.08047 2.07214 2.06383 2.05551 2.04716 2.03884 2.03051 2.01859 1.24603 1.15767 1.14358 1.14358 1.14358 1.14358 1.14358 1.14358 1.14358 1.14358 1.14358 1.14358 1.14358 1.14358 1.14358 1.14358 1.14358 1.14358 1.14358 1.14358 1.14358 1.14358 1.14358 1.01749 0.889434 0.889434 0.889434 0.889434 0.889434 0.889434 0.889434 0.889434 0.889434 0.889434 0.889434 0.889434
1.38262 1.46683 1.55135 1.63512 1.71978 1.80385 1.88792 1.97642 2.04693 2.01943 2.01112 2.00508 2.00483 2.00483 2.00483 2.00483 2.00483 2.00483 2.00483 2.00483 2.00483 2.00483 2.00483 2.00483 2.00483 2.00483 2.00483 2.00483 2.00483 2.00483 1.37083 1.14358 1.14358 1.14358 1.14358 1.14358 1.14358 1.14358 1.14358 1.14358 1.14358 1.14358 1.14358 1.14358 1.14358 1.14358 1.14358 1.14358 1.14358 1.14358 1.14358 1.14358 1.14358 1.07086 0.889434 0.889434 0.889434 0.889434 0.889434 0.889434 0.889434 0.889434 0.889434 0.889434 0.889434 0.889434
2.25466 2.25466 2.25466 2.25466 2.25466 2.25466 2.25466 2.25466 2.07748 2.00483 2.00483 2.00483 2.00483 2.00483 2.00483 2.00483 2.00483 2.00483 2.00483 2.00483 2.00483 2.00483 2.00483 2.00483 2.00483 2.00483 2.00483 2.00483 2.00483 2.00483 1.55512 1.14358 1.14358 1.14358 1.14358 1.14358 1.14358 1.14358 1.14358 1.14358 1.14358 1.14358 1.14358 1.14358 1.14358 1.14358 1.14358 1.14358 1.14358 1.14358 1.14358 1.14358 1.14358 1.12371 0.889943 0.889434 0.889434 0.889434 0.889434 0.889434 0.889434 0.889434 0.889434 0.889434 0.889434 0.889434
2.25466 2.25466 2.25466 2.25466 2.25466 2.25466 2.25466 2.25466 2.13163 2.00483 2.00483 2.00483 2.00483 2.00483 2.00483 2.00483 2.00483 2.00483 2.00483 2.00483 2.00483 2.00483 2.00483 2.00483 2.00483 2.00483 2.00483 2.00483 2.00483 2.00483 1.73973 1.14358 1.14358 1.14358 1.14358 1.14358 1.14358 1.14358 1.14358 1.14358 1.14358 1.14358 1.14358 1.14358 1.14358 1.14358 1.14358 1.14358 1.14358 1.14358 1.14358 1.14358 1.14358 1.14358 0.923417 0.889434 0.889434 0.889434 0.889434 0.889434 0.889434 0.889434 0.889434 0.889434 0.889434 0.889434
2.25466 2.25466 2.25466 2.25466 2.25466 2.25466 2.25466 2.25466 2.18579 2.00483 2.00483 2.00483 2.00483 2.00483 2.00483 2.00483 2.00483 2.00483 2.00483 2.00483 2.00483 2.00483 2.00483 2.00483 2.00483 2.00483 2.00483 2.00483 2.00483 2.00483 1.92387 1.14393 1.14358 1.14358 1.14358 1.14358 1.14358 1.14358 1.14358 1.14358 1.14358 1.14358 1.14358 1.14358 1.14358 1.14358 1.14358 1.14358 1.14358 1.14358 1.14358 1.14358 1.14358 1.14358 0.976785 0.889434 0.889434 0.889434 0.889434 0.889434 0.889434 0.889434 0.889434 0.889434 0.889434 0.889434
2.25466 2.25466 2.25466 2.25466 2.25466 2.25466 2.25466 2.25466 2.23852 2.00625 2.00483 2.00483 2.00483 2.00483 2.00483 2.00483 2.00483 2.00483 2.00483 2.00483 2.00483 2.00483 2.00483 2.00483 2.00483 2.00483 2.00483 2.00483 2.00483 2.00483 2.00483 1.24712 1.14358 1.14358 1.14358 1.14358 1.14358 1.14358 1.14358 1.14358 1.14358 1.14358 1.14358 1.14358 1.14358 1.14358 1.14358 1.14358 1.14358 1.14358 1.14358 1.14358 1.14358 1.14358 1.03013 0.889434 0.889434 0.889434 0.889434 0.889434 0.889434 0.889434 0.889434 0.889434 0.884979 0.863038
2.25466 2.25466 2.25466 2.25466 2.25466 2.25466 2.25466 2.25466 2.25466 2.04432 2.00483 2.00483 2.00483 2.00483 2.00483 2.00483 2.00483 2.00483 2.00483 2.00483 2.00483 2.00483 2.00483 2.00483 2.00483 2.00483 2.00483 2.00483 2.00483 2.00483 2.00483 1.43150 1.14358 1.14358 1.14358 1.14358 1.14358 1.14358 1.14358 1.12711 1.08735 1.04749 1.00754 0.967304 0.927447 0.887496 0.847734 0.807688 0.767453 0.727691 0.687834 0.647978 0.607742 0.567791 0.504305 0.425784 0.401616 0.378258 0.354023 0.330665 0.306564 0.283071 0.259038 0.235545 0.215967 0.214347
2.25466 2.25466 2.25466 2.25466 2.25466 2.25466 2.25466 2.25466 2.25466 2.09846 2.00483 2.00483 2.00483 2.00483 2.00483 2.00483 2.00483 2.00353 1.97920 1.94751 1.91568 1.88393 1.85217 1.82041 1.78865 1.75683 1.72514 1.69332 1.66156 1.62980 1.59804 1.09056 0.460339 0.420483 0.380153 0.340296 0.300439 0.260583 0.220537 0.196869 0.196869 0.196869 0.196869 0.196869 0.196869 0.196869 0.196869 0.196869 0.196869 0.196869 0.196869 0.196869 0.196869 0.196869 0.197601 0.214101 0.214347 0.214347 0.214347 0.214347 0.214347 0.214347 0.214347 0.214347 0.214347 0.214347
2.25274 2.25155 2.25035 2.24916 2.24797 2.24677 2.24559 2.24439 2.24320 2.00050 1.58797 1.55621 1.52446 1.49270 1.46088 1.42918 1.39736 1.36689 1.35934 1.35934 1.35934 1.35934 1.35934 1.35934 1.35934 1.35934 1.35934 1.35934 1.35934 1.35934 1.35934 1.08171 0.196869 0.196869 0.196869 0.196869 0.196869 0.196869 0.196869 0.196869 0.196869 0.196869 0.196869 0.196869 0.196869 0.196869 0.196869 0.196869 0.196869 0.196869 0.196869 0.196869 0.196869 0.196869 0.196869 0.211188 0.214347 0.214347 0.214347 0.214347 0.214347 0.214347 0.214347 0.214347 0.214347 0.214347
2.23343 2.23343 2.23343 2.23343 2.23343 2.23343 2.23343 2.23343 2.23343 2.06616 1.35934 1.35934 1.35934 1.35934 1.35934 1.35934 1.35934 1.35934 1.35934 1.35934 1.35934 1.35934 1.35934 1.35934 1.35934 1.35934 1.35934 1.35934 1.35934 1.35934 1.35934 1.31123 0.214535 0.196869 0.196869 0.196869 0.196869 0.196869 0.196869 0.196869 0.196869 0.196869 0.196869 0.196869 0.196869 0.196869 0.196869 0.196869 0.196869 0.196869 0.196869 0.196869 0.196869 0.196869 0.196869 0.207543 0.214347 0.214347 0.214347 0.214347 0.214347 0.214347 0.214347 0.214347 0.214347 0.214347
2.23343 2.23343 2.23343 2.23343 2.23343 2.23343 2.23343 2.23343 2.23343 2.21953 1.39552 1.35934 1.35934 1.35934 1.35934 1.35934 1.35934 1.35934 1.35934 1.35934 1.35934 1.35934 1.35934 1.35934 1.35934 1.35934 1.35934 1.35934 1.35934 1.35934 1.35934 1.35934 0.413743 0.196869 0.196869 0.196869 0.196869 0.196869 0.196869 0.196869 0.196869 0.196869 0.196869 0.196869 0.196869 0.196869 0.196869 0.196869 0.196869 0.196869 0.196869 0.196869 0.196869 0.196869 0.196869 0.203901 0.214347 0.214347 0.214347 0.214347 0.214347 0.214347 0.214347 0.214347 0.214347 0.214347
2.23343 2.23343 2.23343 2.23343 2.23343 2.23343 2.23343 2.23343 2.23343 2.23343 1.57131 1.35934 1.35934 1.35934 1.35934 1.35934 1.35934 1.35934 1.35934 1.35934 1.35934 1.35934 1.35934 1.35934 1.35934 1.35934 1.35934 1.35934 1.35934 1.35934 1.35934 1.35934 0.660952 0.196869 0.196869 0.196869 0.196869 0.196869 0.196869 0.196869 0.196869 0.196869 0.196869 0.196869 0.196869 0.196869 0.196869 0.196869 0.196869 0.196869 0.196869 0.196869 0.196869 0.196869 0.196869 0.200254 0.214347 0.214347 0.214347 0.214347 0.214347 0.214347 0.214347 0.214347 0.214347 0.214347
2.23343 2.23343 2.23343 2.23343 2.23343 2.23343 2.23343 2.23343 2.23343 2.23343 1.76064 1.35934 1.35934 1.35934 1.35934 1.35934 1.35934 1.35934 1.35934 1.35934 1.35934 1.35934 1.35934 1.35934 1.35934 1.35934 1.35934 1.35934 1.35934 1.35934 1.35934 1.35934 0.908232 0.196869 0.196869 0.196869 0.196869 0.196869 0.196869 0.196869 0.196869 0.196869 0.196869 0.196869 0.196869 0.196869 0.196869 0.196869 0.196869 0.196869 0.196869 0.196869 0.196869 0.196869 0.196869 0.197206 0.213751 0.214347 0.214347 0.214347 0.214347 0.214347 0.214347 0.214347 0.214347 0.214347
