High_resolution/powerplant/Fengdu/OMI_NO2_200604.asc
ncols      200
nrows      200
xllcorner       105.978
yllcorner       28.1831
cellsize     0.0166667
NODATA_Value      -999.000
[rows 120 to 149 of 200, columns 132 to 197 of 200]
2.15923 2.15923 2.24282 2.35052 2.35052 2.35898 2.46740 2.60587 2.74429 2.87497 2.90709 2.90709 2.90709 2.90709 2.87441 2.48306 2.36174 2.36174 2.36174 2.36174 2.36174 2.36174 2.36174 2.36174 2.18135 1.93131 1.93131 1.93131 1.93131 1.93131 1.93131 1.93131 1.93131 2.01345 2.31424 2.31424 2.14897 1.99395 1.91835 1.84052 1.76266 1.69404 1.68376 1.68376 1.68376 1.68376 1.68376 1.71943 1.92574 1.92574 1.92574 1.92574 1.88998 1.50362 1.37075 1.37819 1.37659 1.28063 1.27407 1.27407 1.27407 1.27407 1.29420 1.33636 1.38260 1.43358
2.15923 2.17351 2.36388 2.60932 2.73657 2.83357 2.83151 2.80378 2.77792 2.76189 2.90660 2.90709 2.90709 2.90709 2.90687 2.58941 2.36174 2.36174 2.36174 2.36174 2.36174 2.36174 2.36174 2.36174 2.27231 1.93131 1.93131 1.93258 1.93587 1.93919 1.94250 1.94582 1.94914 1.94624 2.19276 2.11152 1.95653 1.68596 1.68376 1.68376 1.68376 1.68376 1.68376 1.68376 1.68376 1.68376 1.68376 1.69082 1.92238 1.92574 1.92574 1.92574 1.92373 1.64219 1.38866 1.43198 1.47868 1.45029 1.45768 1.50975 1.56587 1.62661 1.65385 1.64590 1.63795 1.63037
2.60154 2.72045 2.72034 2.70218 2.69107 2.69098 2.69098 2.69098 2.69098 2.69098 2.86566 2.90709 2.90709 2.90709 2.90575 2.72392 2.36990 2.37326 2.37655 2.37985 2.38318 2.38649 2.38980 2.39313 2.38585 1.98145 1.97267 1.97468 1.97453 1.94245 1.88682 1.83405 1.78266 1.75531 1.93984 1.99781 1.99976 1.74644 1.73291 1.73938 1.74579 1.75218 1.75857 1.76503 1.77145 1.77786 1.78425 1.79066 1.63378 1.57990 1.57125 1.56283 1.55483 1.61874 1.63207 1.62909 1.62775 1.59093 1.52325 1.52325 1.52325 1.52259 1.51643 1.50794 1.49777 1.48542
2.67694 2.67694 2.67583 2.68332 2.68394 2.68080 2.67764 2.67447 2.67133 2.66814 2.77619 2.87225 2.87022 2.86815 2.86744 2.81238 2.37553 2.35731 2.35008 2.34259 2.33478 2.32665 2.31818 2.30937 2.29823 2.04468 1.96114 1.90975 1.85857 1.83929 1.84356 1.84503 1.84503 1.84503 1.98670 2.11972 2.11972 1.93771 1.83560 1.83560 1.83560 1.83560 1.83560 1.83560 1.83560 1.83560 1.83560 1.83560 1.64210 1.53101 1.53101 1.53101 1.53101 1.59256 1.62775 1.62775 1.62775 1.64846 1.52108 1.50407 1.49310 1.48108 1.47875 1.47875 1.47875 1.47875
2.63423 2.63000 2.62690 2.63229 2.63521 2.63370 2.63215 2.63056 2.62890 2.62724 2.70622 2.91879 2.91879 2.91879 2.91879 2.91412 2.35890 2.24117 2.24117 2.24117 2.23511 2.16764 2.08421 2.00081 1.91952 1.86143 1.84503 1.84503 1.84503 1.84503 1.84503 1.84503 1.84503 1.84503 1.92712 2.11972 2.11972 2.02435 1.83560 1.83560 1.83560 1.83560 1.83560 1.83560 1.83560 1.83560 1.83560 1.83560 1.70523 1.53101 1.53101 1.53101 1.53160 1.63505 1.76074 1.84402 1.92731 1.98289 1.64696 1.47875 1.47875 1.47875 1.47875 1.47875 1.47875 1.47875
2.62674 2.62674 2.62674 2.62674 2.62674 2.62674 2.62674 2.62674 2.62674 2.62674 2.64994 2.91875 2.91879 2.91879 2.91879 2.91879 2.51862 2.15507 2.07167 1.98820 1.91082 1.89482 1.89482 1.89482 1.89482 1.87171 1.84503 1.84503 1.84503 1.84503 1.84503 1.84503 1.84503 1.84503 1.87695 2.11972 2.11972 2.10410 1.84247 1.83560 1.83560 1.83560 1.83560 1.83560 1.83560 1.83560 1.83560 1.83560 1.77726 1.64065 1.76553 1.89056 2.01480 2.05473 1.98432 1.98429 1.98429 1.98429 1.80511 1.47875 1.47875 1.47875 1.47875 1.47875 1.47875 1.47875
2.62674 2.62674 2.62674 2.62674 2.62674 2.62674 2.62674 2.62674 2.62674 2.62674 2.62674 2.86516 2.90322 2.79719 2.64221 2.42469 2.05740 1.89482 1.89482 1.89482 1.89482 1.89482 1.89482 1.89482 1.89482 1.88398 1.84503 1.84503 1.84503 1.84503 1.84503 1.84503 1.84503 1.84503 1.84615 2.09328 2.11972 2.11972 1.91351 1.83560 1.83560 1.83560 1.83560 1.83560 1.86266 1.98027 2.10525 2.23007 2.33615 2.07178 2.06582 2.06582 2.06582 2.06582 1.99154 1.98429 1.98429 1.98429 1.93006 1.47875 1.47826 1.45967 1.43158 1.40375 1.37588 1.34779
2.62674 2.62674 2.62674 2.62674 2.62674 2.62674 2.62674 2.62674 2.61165 2.51927 2.39875 2.33133 2.15062 2.11075 2.11075 2.11075 2.07065 1.88825 1.89482 1.89482 1.89482 1.89482 1.89482 1.89482 1.89482 1.89434 1.84704 1.84503 1.84503 1.84503 1.84503 1.84503 1.84503 1.84503 1.84503 2.01681 2.11972 2.11972 2.00014 1.83560 1.89063 2.01530 2.14028 2.26521 2.36313 2.37041 2.37041 2.37041 2.37041 2.12483 2.06582 2.06582 2.06582 2.06582 1.88218 1.78879 1.77009 1.75154 1.73296 1.20449 1.04628 1.03705 1.03705 1.03705 1.03705 1.03705
2.62674 2.62674 2.62674 2.62674 2.61056 2.51692 2.39608 2.24633 2.06596 2.00434 1.96190 1.95720 2.11075 2.11075 2.11075 2.11075 2.11075 1.87004 1.89482 1.89482 1.89482 1.89482 1.89482 1.89482 1.89482 1.89482 1.85459 1.84503 1.84503 1.84503 1.84503 1.84512 1.85818 1.88031 1.90224 2.00447 2.06111 1.96734 1.89266 2.29893 2.37019 2.37041 2.37041 2.37041 2.37041 2.37041 2.37041 2.37041 2.37041 2.18791 2.06582 2.06582 2.06582 2.06582 1.86656 1.68982 1.68982 1.68982 1.68982 1.39334 1.03705 1.03705 1.03705 1.03705 1.03599 1.03417
2.57939 2.45091 2.28896 2.08939 1.88211 1.82030 1.77790 1.73641 1.72304 1.72304 1.72304 1.75138 2.11075 2.11075 2.11075 2.11075 2.11075 1.86568 1.89530 1.91705 1.95007 1.98305 2.01615 2.04900 2.08219 2.11512 2.06405 2.03599 2.05794 2.07995 2.10200 2.12164 2.08455 2.02198 1.95939 1.87191 1.73049 1.73049 1.73037 2.26586 2.40351 2.41860 2.43460 2.45118 2.46857 2.48689 2.50629 2.52655 2.54791 2.48054 2.39411 2.42480 2.45806 2.49189 2.31374 1.85829 1.86964 1.88149 1.89345 1.75935 0.959337 0.953469 0.947343 0.940695 0.937820 0.937820
1.74141 1.72304 1.72304 1.72304 1.72304 1.72304 1.72365 1.73597 1.75287 1.76976 1.78658 1.80350 2.21074 2.33867 2.37231 2.40588 2.43952 2.33313 2.31480 2.32645 2.32645 2.32645 2.32645 2.32645 2.32645 2.32645 2.27848 2.21216 2.15582 2.08400 2.00947 1.93527 1.91658 1.91989 1.92335 1.92104 1.72197 1.71632 1.71553 2.36823 2.99536 2.99536 2.99536 2.99536 2.99536 2.99536 2.99536 2.99536 2.99536 2.99536 2.99536 2.99536 2.99536 2.99536 2.95205 1.98459 1.96659 1.96659 1.96659 1.95667 1.05034 0.937820 0.937820 0.937820 0.937820 0.937820
1.73214 1.75526 1.75362 1.75187 1.75029 1.89052 1.92027 1.92475 1.92475 1.92475 1.92475 1.92475 2.20814 2.51415 2.51415 2.51415 2.51415 2.45699 2.30727 2.32645 2.32645 2.32645 2.32645 2.31158 2.22665 2.13277 2.03888 1.95317 1.93721 1.93721 1.93721 1.93721 1.93721 1.93721 1.93721 1.93721 1.78376 1.71552 1.71552 1.98057 2.99536 2.99536 2.99536 2.99536 2.99536 2.99536 2.99536 2.99536 2.99536 2.99536 2.99536 2.99536 2.99536 2.99536 2.99536 2.09336 1.78514 1.54804 1.31084 1.07354 0.945511 0.937820 0.937820 0.937820 0.937820 0.937820
1.57351 1.64412 1.64412 1.64412 1.64412 1.83727 1.92475 1.92475 1.92475 1.92475 1.92475 1.92475 2.07482 2.51415 2.51415 2.51415 2.51415 2.51244 2.28579 2.30278 2.21295 2.11899 2.02522 1.94613 1.93721 1.93721 1.93721 1.93721 1.93721 1.93721 1.93721 1.93721 1.93721 1.93721 1.93721 1.93721 1.84353 1.71552 1.71552 1.72192 2.86585 2.99536 2.99536 2.99536 2.99536 2.99536 2.99536 2.99536 2.99536 2.99536 2.99536 2.92663 2.50251 2.02811 1.55391 1.04028 0.952910 0.952910 0.952910 0.952910 0.949620 0.937820 0.937820 0.937820 0.937820 0.937820
1.52678 1.64412 1.64412 1.64412 1.64412 1.77084 1.92475 1.92475 1.92475 1.92475 1.92475 1.92475 1.97687 2.51415 2.51415 2.50669 2.48724 2.47340 2.27343 1.94118 1.93721 1.93721 1.93721 1.93721 1.93721 1.93721 1.93721 1.93721 1.93721 1.93721 1.93721 1.93721 1.93721 1.93721 1.93721 1.93721 1.88682 1.71552 1.71552 1.71552 2.48457 2.99536 2.99536 2.99536 2.99536 2.99536 2.99536 2.83885 2.37276 1.89815 1.42375 1.01848 0.968000 0.968000 0.968000 0.960612 0.952910 0.952910 0.952910 0.952910 0.952351 0.938248 0.937820 0.937820 0.937820 0.937820
1.48006 1.64412 1.64412 1.64412 1.64412 1.71512 1.92475 1.92475 1.92475 1.92475 1.92475 1.94184 1.99093 2.41500 2.46319 2.45760 2.45738 2.45738 2.37220 1.98084 1.93721 1.93721 1.93721 1.93721 1.93721 1.93721 1.93721 1.93721 1.93721 1.93721 1.93721 1.93721 1.93721 1.93721 1.93721 1.93721 1.91965 1.71552 1.71552 1.71552 2.09678 2.99536 2.99353 2.71700 2.24280 1.76840 1.29380 0.976312 0.968000 0.968000 0.967968 0.955786 0.936827 0.920088 0.905221 0.903131 1.10108 1.12543 1.14965 1.17402 1.19828 1.37755 1.52581 1.57433 1.62276 1.67158
1.44409 1.63337 1.64412 1.64412 1.64412 1.66779 1.92475 1.94305 1.99088 2.03056 2.06312 2.07978 2.06140 2.28071 2.45738 2.45738 2.45738 2.45738 2.41308 2.08540 1.93721 1.93721 1.93721 1.93721 1.93721 1.93721 1.93721 1.93721 1.93721 1.93721 1.93721 1.93721 1.93721 1.93721 1.93721 1.93721 1.93371 1.68634 1.60039 1.69070 1.85195 1.43959 1.01665 0.866015 0.856459 0.847751 0.839763 0.832398 0.825604 0.819292 0.813453 0.811104 0.811104 0.811104 0.811104 0.811104 1.27465 1.33672 1.33672 1.33672 1.33672 1.44592 1.70543 1.70543 1.70543 1.70543
1.44168 1.58907 1.64412 1.65728 1.69301 1.72410 1.95832 1.98942 1.96864 1.94717 1.92572 1.90718 1.90477 2.09084 2.45738 2.45738 2.45738 2.45738 2.45025 2.19368 1.93721 1.93721 1.93721 1.93294 1.88860 1.83386 1.77904 1.72480 1.66992 1.61532 1.56086 1.50597 1.45159 1.39692 1.35370 1.39759 1.46261 1.53954 1.63916 1.66826 1.66826 1.07482 0.811104 0.811104 0.811104 0.811104 0.811104 0.811104 0.811104 0.811104 0.811104 0.885209 0.904676 0.914225 0.923537 0.932423 1.22576 1.37387 1.37610 1.37824 1.38032 1.40867 1.63564 1.63336 1.63124 1.62915
1.42863 1.56242 1.67963 1.69885 1.69929 1.69929 1.82786 1.90477 1.90477 1.90477 1.90477 1.89377 1.85498 1.88297 2.26197 2.20175 2.14081 2.08045 2.02017 1.81987 1.41604 1.33947 1.28463 1.22549 1.20446 1.19374 1.18352 1.17374 1.20968 1.22442 1.24497 1.35189 1.46836 1.58484 1.68984 1.70782 1.70782 1.68902 1.66826 1.66826 1.66826 1.33373 0.811104 0.811104 0.811104 0.811104 0.811104 0.811104 0.811104 0.811104 0.811104 1.00429 1.05051 1.05051 1.05051 1.05051 1.20472 1.40092 1.40092 1.40092 1.40092 1.40092 1.57376 1.61738 1.61738 1.61738
1.54048 1.56307 1.60217 1.57535 1.55151 1.52682 1.53094 1.51105 1.46290 1.41622 1.37059 1.33596 1.32639 1.31962 1.49051 1.49305 1.47924 1.46589 1.45305 1.37410 1.15948 1.07050 1.06521 1.06370 1.06370 1.06370 1.08526 1.16038 1.36928 1.60234 1.69830 1.70782 1.70782 1.70782 1.70782 1.70782 1.70782 1.77267 1.88161 1.71923 1.65911 1.58109 0.945188 0.814377 0.811104 0.811104 0.811104 0.811104 0.811104 0.811104 0.811104 0.961650 1.05051 1.05051 1.05051 1.05051 1.12729 1.40092 1.40264 1.41781 1.43582 1.45383 1.53670 1.61738 1.61738 1.61738
1.57808 1.57832 1.42136 1.42228 1.42228 1.42228 1.36804 1.25227 1.25227 1.25227 1.25227 1.25227 1.25227 1.25227 1.34880 1.40318 1.40318 1.40318 1.40318 1.36534 1.21395 1.06370 1.09486 1.17211 1.24975 1.32741 1.38345 1.38597 1.48974 1.70782 1.70782 1.70782 1.70506 1.72907 1.83860 1.92454 1.98992 2.00947 1.97327 1.78532 1.62607 1.62607 1.17673 0.875643 0.811104 0.811104 0.811104 0.811104 0.811104 0.811104 0.811104 0.911473 1.05051 1.05051 1.05516 1.07247 1.09983 1.44889 1.47519 1.47804 1.47804 1.47804 1.50418 1.61738 1.61738 1.61738
1.60139 1.60139 1.45670 1.42228 1.42228 1.42228 1.41015 1.25337 1.25227 1.25227 1.25227 1.25227 1.25227 1.25227 1.31110 1.40318 1.40318 1.40318 1.40631 1.40044 1.30055 1.33747 1.38558 1.38597 1.38597 1.38597 1.38597 1.38597 1.44033 1.67833 1.76491 1.85075 1.92139 1.97545 1.97911 1.97911 1.97911 1.97911 1.96321 1.88509 1.62607 1.62607 1.34941 0.944536 0.811104 0.811104 0.811104 0.811104 0.811104 0.811104 0.824616 0.889776 1.09555 1.11356 1.12692 1.12763 1.12763 1.39994 1.47804 1.47804 1.47804 1.47804 1.47985 1.60501 1.61738 1.61738
1.60139 1.60139 1.49776 1.42228 1.42228 1.42228 1.42228 1.27461 1.25227 1.25227 1.25227 1.25227 1.25227 1.25227 1.28092 1.41330 1.42007 1.42686 1.43052 1.43053 1.33191 1.36773 1.38597 1.38597 1.38597 1.38633 1.46292 1.58094 1.68012 1.95664 1.97911 1.97911 1.97911 1.97911 1.97911 1.97911 1.97911 1.97911 1.96763 1.95393 1.65383 1.62607 1.52193 1.00067 0.811104 0.812168 0.832216 0.859228 0.886263 0.913274 0.926786 0.926997 1.11563 1.12763 1.12763 1.12763 1.12320 1.30913 1.46426 1.45873 1.45292 1.44687 1.44050 1.51730 1.58382 1.57825
1.60139 1.60139 1.53881 1.42228 1.42228 1.42228 1.42228 1.30615 1.25227 1.25227 1.25491 1.26001 1.26509 1.27018 1.27501 1.42124 1.43053 1.43053 1.43053 1.43053 1.35708 1.34738 1.42718 1.54772 1.65327 1.74383 1.77926 1.77926 1.77863 1.92113 1.97911 1.97911 1.97911 1.97911 1.97911 1.97911 1.97911 1.97911 1.97206 1.95933 1.76932 1.61473 1.53321 1.10273 0.863411 0.872793 0.867533 0.855279 0.843044 0.830790 0.818555 0.806301 0.986376 1.03099 1.02282 1.01467 1.01093 1.09975 1.36434 1.36434 1.36434 1.36434 1.36434 1.40064 1.52932 1.52932
1.60139 1.60139 1.57989 1.42228 1.42228 1.42229 1.42601 1.35326 1.27048 1.27878 1.28446 1.28769 1.29091 1.29413 1.29735 1.38729 1.43053 1.43053 1.44591 1.55382 1.62034 1.67197 1.77711 1.77926 1.77926 1.77926 1.77926 1.77926 1.78573 1.91945 2.04971 2.08272 2.11564 2.14895 2.18209 2.21493 2.24820 2.26788 2.19247 1.74882 1.56813 1.17168 1.15966 1.07591 0.825927 0.751739 0.751739 0.751739 0.751739 0.751739 0.751739 0.751739 0.908557 1.01733 1.02428 1.03134 1.03838 1.07460 1.42667 1.43712 1.44765 1.45827 1.46872 1.49025 1.77298 1.80139
1.63638 1.61421 1.62239 1.47393 1.46546 1.47654 1.48389 1.44131 1.29972 1.29972 1.29972 1.29972 1.29972 1.29972 1.30146 1.43344 1.63704 1.74061 1.82158 1.83941 1.85030 1.93336 2.00692 2.04955 2.08269 2.11566 2.14880 2.18211 2.20843 2.27187 2.41062 2.41062 2.41062 2.39055 2.32852 2.26526 2.20197 2.15216 2.14786 1.65996 1.59572 1.18293 1.15966 1.11955 0.899713 0.751739 0.751739 0.751739 0.751739 0.751739 0.751739 0.751739 0.927429 1.20547 1.20547 1.20547 1.20547 1.20547 1.58748 1.65614 1.65614 1.65614 1.65614 1.65614 1.93801 2.11292
1.78629 1.66174 1.66464 1.54630 1.49205 1.50167 1.51124 1.51669 1.33938 1.34876 1.37072 1.39270 1.41472 1.47541 1.73635 1.82014 2.01045 2.02524 2.04005 2.05484 2.07474 2.33633 2.38653 2.42610 2.44088 2.45570 2.47048 2.48530 2.50008 2.46024 2.31940 2.25611 2.19277 2.14965 2.14833 2.14833 2.14833 2.14833 2.14833 1.77698 1.51959 1.24655 1.15937 1.14711 0.950063 0.751739 0.751739 0.751739 0.751739 0.751739 0.751739 0.751739 0.810230 1.20531 1.20547 1.20738 1.23074 1.25842 1.53570 1.72818 1.74312 1.77036 1.84705 1.90253 1.99919 2.11292
1.77130 1.59045 1.58204 1.58525 1.60024 1.60024 1.60024 1.60024 1.66325 1.68444 1.68444 1.68444 1.68444 1.68467 1.90953 1.94530 2.18694 2.19741 2.19741 2.19741 2.19741 2.39464 2.46943 2.50946 2.50923 2.47235 2.40906 2.34582 2.28248 2.24685 2.15769 2.14833 2.14833 2.14833 2.14833 2.14795 2.08650 1.95782 1.82906 1.45784 1.12259 1.10595 1.07659 1.07277 0.970223 0.756460 0.751739 0.794187 0.909730 0.960929 1.00779 1.05105 1.09095 1.36512 1.40704 1.42361 1.42717 1.44567 1.64361 1.95158 2.01456 2.06573 2.07054 2.06938 2.06453 2.11292
1.68285 1.57117 1.57117 1.57702 1.60024 1.60024 1.60024 1.60024 1.65219 1.68444 1.68444 1.68444 1.68444 1.68444 1.83482 1.93938 2.12180 2.19741 2.19741 2.19741 2.19725 2.32763 2.44148 2.35232 2.27359 2.24718 2.24718 2.24718 2.24584 2.22543 2.15821 2.12191 2.08685 1.96503 1.83628 1.70785 1.64048 1.64035 1.64035 1.51545 1.10154 1.10011 1.07355 1.07277 1.01897 0.804941 0.751739 0.867092 1.19859 1.19859 1.19859 1.19859 1.19943 1.40053 1.50562 1.55279 1.59998 1.62863 1.70983 2.07054 2.07054 2.07054 2.07054 2.07052 2.06101 2.10062
1.58344 1.60649 1.57117 1.57163 1.59892 1.60024 1.60024 1.60024 1.63395 1.68444 1.68444 1.68444 1.68444 1.68444 1.74846 1.93938 2.05542 2.18975 2.17882 2.16789 2.15714 2.23071 2.39347 2.26941 2.18025 2.15816 2.13744 2.11797 2.09424 2.01403 1.89688 1.74106 1.64735 1.64035 1.64035 1.64035 1.64035 1.64035 1.64035 1.62332 1.11490 1.10154 1.08241 1.07277 1.06106 0.855779 0.751739 0.758475 1.18659 1.25772 1.32059 1.38349 1.44558 1.55466 1.62894 1.62894 1.62894 1.62894 1.63975 2.05699 2.07054 2.07054 2.07054 2.07054 2.06413 2.08103
1.45498 1.67093 1.57117 1.57117 1.59267 1.60024 1.60024 1.60024 1.61312 1.68444 1.68444 1.68444 1.68415 1.67643 1.66679 1.89078 1.94226 2.09764 2.07812 2.05981 2.04261 2.04217 2.23009 2.19305 2.09618 2.04244 1.94679 1.85111 1.76166 1.74210 1.72241 1.64035 1.64035 1.64035 1.64035 1.64035 1.64035 1.64035 1.64035 1.64035 1.21925 1.10154 1.09176 1.07277 1.08657 1.01242 0.961487 1.06826 1.41217 1.49821 1.50917 1.52014 1.53112 1.58767 1.69301 1.70125 1.70948 1.71770 1.72593 1.98268 2.07054 2.07054 2.07054 2.07054 2.06672 2.06816
