High_resolution/powerplant/Fengdu/OMI_NO2_201008.asc
ncols      200
nrows      200
xllcorner       105.978
yllcorner       28.1831
cellsize     0.0166667
NODATA_Value      -999.000
[rows 87 to 115 of 200, columns 66 to 131 of 200]
2.55214 2.55214 2.55214 2.55214 2.55214 2.55214 2.50489 2.49756 2.52796 2.49445 2.45880 2.42315 2.39816 2.39725 2.39725 2.54441 2.52037 2.50872 2.50861 2.49913 2.48380 2.47086 2.49439 2.47544 2.47008 2.47008 2.47008 2.47008 2.47008 2.46477 2.44567 2.39418 2.28424 1.96880 2.07454 2.06864 2.06708 2.06708 2.06708 2.06708 2.09291 2.18760 2.28592 2.38436 2.47279 2.48776 2.48776 2.48776 2.48776 2.48775 2.07159 1.75727 1.75702 1.75702 1.75702 1.75702 1.75590 1.74504 1.73029 1.71318 1.69310 1.67019 1.66311 1.66311 1.66311 1.66311
2.55214 2.55214 2.55214 2.55214 2.55920 2.57452 2.55107 2.53571 2.44378 2.39725 2.39725 2.39725 2.39725 2.39725 2.37838 2.42485 2.46920 2.45544 2.44022 2.43436 2.43436 2.43436 2.46027 2.47008 2.47008 2.46984 2.42779 2.35529 2.28275 2.20996 2.11933 2.09652 2.09652 1.97283 2.04407 2.06708 2.11638 2.21482 2.31314 2.41154 2.48406 2.48776 2.48776 2.48776 2.48776 2.48776 2.48776 2.48776 2.48776 2.48776 2.29035 1.75555 1.74288 1.72779 1.71027 1.68965 1.66752 1.66311 1.66311 1.66311 1.66311 1.66311 1.66311 1.66311 1.62492 1.53086
2.55976 2.57511 2.59045 2.60579 2.61409 2.61410 2.59267 2.54238 2.48897 2.38896 2.34602 2.29932 2.25258 2.20583 2.17799 2.21645 2.38138 2.43436 2.43436 2.43436 2.43436 2.41102 2.36104 2.29414 2.22156 2.14931 2.11882 2.11882 2.11882 2.11882 2.10489 2.10030 2.17308 2.19341 2.28021 2.43875 2.48776 2.48776 2.48776 2.48776 2.48776 2.48776 2.48776 2.48776 2.48776 2.48776 2.47512 2.40753 2.33358 2.25964 2.15215 1.52628 1.66311 1.66311 1.66311 1.66311 1.66311 1.66311 1.66297 1.61095 1.51651 1.42206 1.32762 1.23323 1.17711 1.23034
2.61410 2.61410 2.61410 2.61410 2.61141 2.56467 2.50119 2.41301 2.35458 2.18381 2.17775 2.17775 2.17775 2.17775 2.17775 2.17899 2.33172 2.36120 2.31088 2.25251 2.18930 2.14942 2.13570 2.11882 2.11882 2.11882 2.11882 2.12515 2.17450 2.23183 2.32253 2.49159 2.51721 2.48483 2.39050 2.48776 2.48776 2.48776 2.48776 2.48776 2.48776 2.47512 2.40753 2.33358 2.25964 2.18569 2.12439 2.11803 2.11803 2.11803 2.11410 1.65033 1.65600 1.66112 1.59650 1.50206 1.40766 1.31322 1.21892 1.17654 1.18695 1.27054 1.36806 1.46559 1.56307 1.60692
2.58346 2.52121 2.45887 2.39659 2.33695 2.32144 2.32144 2.32251 2.32288 2.21458 2.17775 2.18588 2.24683 2.31569 2.37800 2.43961 2.22439 2.11118 2.12579 2.12094 2.12093 2.12093 2.12090 2.13025 2.18379 2.24117 2.29852 2.34954 2.35759 2.35759 2.36459 2.51205 2.51721 2.51621 2.37590 2.47948 2.47512 2.40753 2.33358 2.25964 2.18569 2.12439 2.11803 2.11803 2.11803 2.11803 2.11803 2.11803 2.11824 2.12210 2.12730 1.72760 1.24942 1.20637 1.17654 1.17654 1.21385 1.31065 1.40826 1.50578 1.59289 1.60692 1.60692 1.60692 1.60692 1.60692
2.32144 2.32144 2.32144 2.32144 2.32144 2.32144 2.32316 2.37884 2.43520 2.43376 2.41336 2.46686 2.46756 2.46037 2.45970 2.45970 2.32322 2.07665 2.12093 2.13454 2.17666 2.21967 2.26269 2.33201 2.35759 2.35759 2.35759 2.35759 2.35759 2.35759 2.35759 2.46479 2.46959 2.42096 2.27371 2.17967 2.12439 2.11803 2.11803 2.11803 2.11803 2.11803 2.11803 2.11827 2.12220 2.12735 2.13254 2.13773 2.14266 2.14399 2.14399 1.91870 1.18596 1.35085 1.44837 1.54598 1.60619 1.60692 1.60692 1.60692 1.60692 1.60692 1.60692 1.60692 1.60692 1.60692
2.32144 2.32144 2.35501 2.42785 2.49304 2.55160 2.60313 2.60508 2.60482 2.58662 2.45993 2.45970 2.45970 2.45970 2.45970 2.47943 2.49783 2.16964 2.26926 2.29911 2.30001 2.30001 2.30001 2.31962 2.35759 2.35759 2.35481 2.31689 2.26829 2.21970 2.17110 2.19226 2.28114 2.28114 2.22813 2.12155 2.11803 2.11803 2.11829 2.12226 2.12745 2.13262 2.13778 2.14273 2.14399 2.14399 2.14399 2.13888 2.11032 2.07882 2.04736 1.94899 1.45092 1.60692 1.60692 1.60692 1.60692 1.60692 1.60692 1.60692 1.60692 1.60692 1.60692 1.60692 1.60692 1.60692
2.51936 2.57154 2.59833 2.59810 2.59810 2.59810 2.59810 2.59810 2.60384 2.60482 2.48717 2.48640 2.52940 2.57245 2.61546 2.63874 2.63878 2.33134 2.28525 2.30001 2.30001 2.29932 2.27465 2.24205 2.22657 2.17797 2.13214 2.12152 2.12152 2.12152 2.12152 2.13785 2.28035 2.28265 2.29953 2.13747 2.13273 2.13789 2.14279 2.14399 2.14399 2.14399 2.14399 2.13226 2.10109 2.06961 2.03812 2.01176 2.00885 2.00885 2.00885 2.00876 1.53804 1.56827 1.60692 1.60692 1.60692 1.60692 1.60692 1.60692 1.60692 1.60692 1.60692 1.60692 1.60692 1.60692
2.65729 2.59810 2.59810 2.59810 2.59810 2.59810 2.59801 2.59411 2.59204 2.58894 2.60568 2.63878 2.63878 2.63878 2.63878 2.63878 2.63878 2.47695 2.27768 2.20695 2.17051 2.13473 2.12295 2.12295 2.12178 2.12152 2.12152 2.12152 2.12189 2.14466 2.18051 2.21639 2.37862 2.44619 2.45521 2.22342 2.14514 2.14399 2.14361 2.12333 2.09185 2.06038 2.02889 2.00914 2.00885 2.00885 2.00885 2.00885 2.00885 2.00885 2.00885 2.00885 1.72805 1.48301 1.60692 1.60692 1.60692 1.60692 1.60692 1.60692 1.60692 1.60692 1.60692 1.60692 1.60692 1.60692
2.74908 2.59810 2.59798 2.59390 2.58796 2.58202 2.57615 2.57410 2.57613 2.58083 2.59205 2.63878 2.65135 2.70115 2.75335 2.80559 2.85779 2.81561 2.40083 2.12295 2.12295 2.12295 2.12295 2.12295 2.13796 2.17533 2.21117 2.24701 2.28252 2.29559 2.29559 2.29559 2.37340 2.45521 2.45203 2.28169 2.08534 2.05113 2.02005 2.00885 2.00885 2.00885 2.00885 2.00885 2.00885 2.00885 2.00885 2.00885 2.00885 2.03288 2.14936 2.27495 2.27059 1.85047 1.60692 1.60692 1.60692 1.60692 1.60692 1.60692 1.60692 1.60703 1.66346 1.78487 1.93759 2.13506
2.83040 2.58181 2.57598 2.57410 2.57410 2.57410 2.57410 2.57805 2.62083 2.67933 2.73183 2.83501 2.88152 2.88395 2.88395 2.88395 2.88395 2.88362 2.52301 2.16417 2.15939 2.18627 2.23158 2.30953 2.35919 2.29559 2.29559 2.29559 2.29559 2.29559 2.28602 2.24490 2.23390 2.35312 2.32483 2.26458 2.01316 2.00885 2.00885 2.00885 2.00885 2.00885 2.00885 2.00885 2.03288 2.14936 2.27495 2.40053 2.52612 2.62794 2.63721 2.63721 2.62006 2.08855 1.61748 1.60692 1.60910 1.68154 1.80735 1.96630 2.17285 2.45351 2.61608 2.61608 2.61608 2.61608
2.93021 2.59969 2.57427 2.60460 2.65680 2.70905 2.76124 2.80952 2.81928 2.82432 2.82600 2.85935 2.88395 2.88395 2.88490 2.89011 2.90225 2.95308 2.82408 2.53933 2.46008 2.51181 2.54512 2.54573 2.53483 2.30120 2.28098 2.23806 2.19444 2.15082 2.11679 2.11429 2.11456 2.29436 2.32006 2.31933 2.04764 2.00927 2.00885 2.03288 2.14936 2.27495 2.40053 2.52612 2.62794 2.63721 2.63721 2.63721 2.63721 2.63721 2.63721 2.63615 2.62062 2.41461 2.10311 2.21280 2.50129 2.61608 2.61608 2.61608 2.61608 2.61608 2.61608 2.61608 0.00000 0.00000
3.19968 2.87799 2.79738 2.81928 2.81928 2.81928 2.81928 2.81928 2.81928 2.82265 2.83095 2.88518 2.98509 3.04249 3.09901 3.15125 3.19652 3.20309 3.11333 2.77915 2.54573 2.54573 2.53021 2.49748 2.46476 2.22709 2.11502 2.11429 2.11429 2.11429 2.11429 2.11429 2.11429 2.23170 2.32087 2.32593 2.14668 2.26211 2.52612 2.62794 2.63721 2.63721 2.63721 2.63721 2.63721 2.63721 2.63608 2.62041 2.60030 2.58034 2.56028 2.54122 2.53664 2.68925 2.70002 2.61608 2.61608 2.61608 2.61608 0.00000 0.00000 0.00000 0.00000 0.00000 0.00000 0.00000
3.47904 3.07184 2.81928 2.81928 2.81928 2.83392 2.88770 2.94409 3.00034 3.05966 3.12644 3.14631 3.19944 3.20309 3.20309 3.20309 3.20309 3.20281 3.17100 2.83254 2.46586 2.42693 2.40976 2.40976 2.40976 2.28486 2.11429 2.11429 2.11429 2.11471 2.11931 2.12500 2.13067 2.19080 2.34700 2.34762 2.25086 2.25379 2.63721 2.63721 2.63721 2.63601 2.62021 2.60010 2.57999 2.56003 2.54109 2.53664 2.53664 2.53664 2.54948 2.59370 2.63929 2.74076 3.07968 0.00000 0.00000 0.00000 0.00000 0.00000 0.00000 0.00000 0.00000 0.00000 0.00000 0.00000
3.60608 3.27937 2.97546 3.02441 3.08069 3.12241 3.12484 3.12484 3.12484 3.12497 3.14341 3.14514 3.18269 3.20173 3.17733 3.14460 3.11188 3.07947 3.06712 2.84938 2.49646 2.40976 2.40976 2.40976 2.40988 2.36136 2.12415 2.12983 2.13551 2.14078 2.14185 2.14185 2.14185 2.14607 2.33498 2.34762 2.32907 2.07703 2.59388 2.57979 2.55967 2.54093 2.53664 2.53664 2.53664 2.53666 2.56072 2.60632 2.65198 2.69758 2.73034 2.73176 2.73176 2.73180 3.07431 2.72813 0.00000 0.00000 0.00000 0.00000 0.00000 0.00000 0.660823 0.660823 0.660823 0.660823
3.64819 3.54678 3.22171 3.12484 3.12484 3.12484 3.12484 3.12484 3.12484 3.12912 3.19444 3.26748 3.25741 3.07543 3.06712 3.06712 3.06712 3.06712 3.06712 2.93881 2.63602 2.41653 2.42079 2.42504 2.42919 2.42763 2.16648 2.14185 2.14185 2.14185 2.14185 2.14097 2.10943 2.06282 2.15057 2.17535 2.13150 1.98818 2.40526 2.53664 2.53664 2.53877 2.57334 2.61898 2.66458 2.71020 2.73176 2.73176 2.73176 2.73176 2.73176 2.73176 2.73176 2.73176 2.98569 2.83349 0.00000 0.660823 0.660823 0.660823 0.660823 0.660823 0.660823 0.660823 0.660823 0.660823
3.64475 3.58786 3.33432 3.12484 3.12484 3.12995 3.18385 3.24973 3.31557 3.37716 3.39824 3.41109 3.39197 3.07555 3.06712 3.10738 3.24151 3.37959 3.51748 3.61559 3.24195 2.43043 2.43043 2.43043 2.43043 2.43043 2.25492 2.11651 2.06985 2.02325 1.97661 1.93086 1.91578 1.91578 1.98726 2.12155 2.12155 2.04779 2.28290 2.63163 2.67723 2.72076 2.73176 2.73176 2.73176 2.73176 2.73176 2.73176 2.73176 2.73176 2.73176 2.73176 2.71326 2.62504 2.63011 2.15572 0.660823 0.660823 0.660823 0.660823 0.660823 0.660823 0.660823 0.660823 0.660823 0.660823
3.64475 3.63486 3.50869 3.25223 3.31807 3.37881 3.39078 3.39078 3.39078 3.39078 3.40756 3.54397 3.68194 3.57101 3.61388 3.71157 3.71540 3.71540 3.71540 3.71540 3.45780 2.54912 2.41651 2.38172 2.34675 2.30128 2.12099 1.91578 1.91578 1.91578 1.91578 1.91578 1.91578 1.90869 1.90030 2.21920 2.27478 2.28304 2.25704 2.73176 2.73176 2.73176 2.73176 2.73176 2.73176 2.73176 2.73176 2.71265 2.62409 2.52922 2.43511 2.34043 2.26406 2.25742 2.26676 2.22951 0.671776 0.660823 0.660823 0.660823 0.660823 0.660823 0.660823 0.660823 0.660823 0.660823
3.84048 3.90019 3.79699 3.44463 3.39078 3.39260 3.48225 3.62021 3.75822 3.89611 4.01929 4.05561 4.05936 3.91620 3.71540 3.71540 3.71540 3.70635 3.66536 3.62248 3.42856 2.63001 2.11170 2.04849 1.97846 1.91959 1.91578 1.91578 1.91578 1.90553 1.88389 1.86224 1.84058 1.82603 1.82565 2.18727 2.31667 2.31654 2.16240 2.67711 2.73176 2.73176 2.71203 2.62314 2.52846 2.43435 2.33948 2.26373 2.25742 2.25742 2.25742 2.25742 2.25742 2.25742 2.25978 2.41476 0.834819 0.660823 0.660823 0.660823 0.660823 0.660823 0.660823 0.660823 0.660823 0.660823
3.91069 3.89670 3.78080 3.68758 3.85462 3.99076 4.03906 4.03906 4.03906 4.03906 4.03906 4.04998 4.05683 3.98416 3.64404 3.61228 3.57872 3.55231 3.56295 3.57748 3.48900 2.83224 1.91578 1.91578 1.91557 1.90201 1.88037 1.85871 1.83706 1.82565 1.82565 1.82565 1.82565 1.82565 1.82565 2.03756 2.31667 2.33313 2.31304 2.47469 2.43340 2.33853 2.26340 2.25742 2.25742 2.25742 2.25742 2.25742 2.25742 2.25978 2.29449 2.34506 2.40395 2.47339 2.55141 2.57180 1.49639 0.660823 0.660823 0.660823 0.660823 0.660823 0.660823 0.660823 0.660823 0.660823
3.74012 3.70993 3.67754 3.69660 4.03906 4.03906 4.03906 4.03904 3.99305 3.83269 3.66225 3.59917 3.99193 4.01932 3.67233 3.58092 3.58092 3.58092 3.58092 3.58092 3.57251 3.17196 1.92016 1.85517 1.83373 1.82565 1.82565 1.82565 1.82565 1.82565 1.82565 1.82565 1.83137 1.88619 1.96109 2.12751 2.82561 2.98593 2.92265 2.52660 2.25742 2.25742 2.25742 2.25742 2.25978 2.29449 2.34506 2.40395 2.47339 2.55141 2.57180 2.57180 2.57180 2.61520 2.71960 2.82444 2.32336 0.660823 0.660823 0.660823 0.660823 0.660823 0.660823 0.660823 0.660823 0.660823
3.70903 3.70903 3.70694 3.50522 3.75865 3.61070 3.44041 3.26941 3.14447 3.13405 3.13405 3.15354 3.99095 4.03955 3.81340 3.58092 3.57862 3.56010 3.53845 3.51680 3.49612 3.24827 2.19714 1.82565 1.82565 1.82565 1.82565 1.82801 1.87565 1.94883 2.03441 2.13595 2.24574 2.26738 2.26738 2.26738 2.87267 3.00392 2.99240 2.70117 2.29961 2.34506 2.40395 2.47339 2.55141 2.57180 2.57180 2.57180 2.57373 2.64438 2.74917 2.85393 2.95886 3.02016 3.02061 3.02061 2.84299 0.722483 0.660823 0.660823 0.660823 0.660823 0.660823 0.660823 0.660823 0.680745
3.16757 2.95866 2.75098 2.65771 2.98595 3.13405 3.13405 3.13405 3.13405 3.13405 3.13405 3.13405 3.71344 3.96814 3.82919 3.51328 3.49393 3.49079 3.49079 3.49079 3.49079 3.35316 2.57766 1.86534 1.93685 2.02028 2.11914 2.23273 2.26738 2.26738 2.26738 2.26738 2.26738 2.26738 2.26356 2.14551 2.35501 2.53945 2.36824 3.11071 2.74038 2.57180 2.57180 2.57180 2.58356 2.67395 2.77875 2.88359 2.98641 3.02061 3.02061 3.02061 3.02061 3.02061 3.02061 3.02061 3.01881 1.30332 0.660823 0.660823 0.699214 0.928902 1.18484 1.44118 1.69699 1.93314
2.63713 2.63713 2.63713 2.64672 2.84856 3.13405 3.13405 3.13405 3.12511 3.07846 3.02758 2.97672 3.24262 3.76555 3.76509 3.52499 3.49079 3.49079 3.46121 3.37811 3.29394 3.17515 2.72364 2.26752 2.26738 2.26738 2.26738 2.26738 2.26738 2.26705 2.16996 1.99875 1.82738 1.65617 1.48870 1.43546 1.59149 2.17199 2.17199 2.63957 3.05945 2.70353 2.80833 2.91317 3.00616 3.02061 3.02061 3.02061 3.02061 3.02061 3.02061 3.02061 3.02061 3.02061 3.02061 3.01554 2.99204 2.22709 1.48036 1.73617 1.95385 1.98011 1.98011 1.98011 1.98011 1.98011
2.63713 2.63713 2.63713 2.63900 2.70238 3.07460 3.02554 2.97468 2.93276 2.92855 2.92855 2.92855 3.03488 3.75294 3.67733 3.43670 3.23423 3.15002 3.09539 3.09432 3.09432 3.09432 2.80615 2.36916 2.26738 2.19401 2.02321 1.85192 1.67980 1.50975 1.43546 1.43546 1.43546 1.43546 1.43546 1.43546 1.37981 2.23303 2.43814 2.70963 4.17972 3.02061 3.02061 3.02061 3.02061 3.02061 3.02061 3.02061 3.02061 3.02061 3.01521 2.99153 2.96655 2.94143 2.91627 2.89641 2.89473 2.62665 1.96861 1.98011 1.98011 1.98011 1.98011 1.98011 1.98011 1.98011
2.62560 2.57746 2.52657 2.47571 2.45620 2.83736 2.92855 2.92855 2.92647 2.88073 2.81758 2.75445 2.69198 3.26964 3.36908 3.29742 3.09432 3.09432 3.09432 3.09432 3.09643 3.10436 2.79077 2.02556 1.50603 1.41438 1.40820 1.40308 1.40495 1.43546 1.43546 1.43378 1.35371 1.20181 0.996220 0.702401 0.505499 2.09725 2.62080 2.62091 4.22027 3.11052 3.02061 3.02061 3.02061 3.01489 2.99106 2.96611 2.94093 2.91586 2.89623 2.89473 2.89473 2.89473 2.89473 2.89473 2.89473 2.86641 1.89943 1.98011 1.98011 1.98011 1.98011 1.98011 2.00801 2.38667
2.43435 2.43164 2.43164 2.43164 2.42238 2.61660 2.77279 2.70964 2.64859 2.63120 2.63120 2.63120 2.63120 3.03145 3.36908 3.36470 3.11993 3.06766 2.98098 2.90282 2.83066 2.76070 2.53996 1.84624 1.39893 1.39893 1.39893 1.39440 1.32916 1.17824 0.954251 0.645818 0.505499 0.505499 0.505499 0.505499 0.505499 1.48129 2.62080 2.62080 3.47935 3.40380 2.96560 2.94043 2.91547 2.89605 2.89473 2.89473 2.89473 2.89473 2.89473 2.89473 2.89473 2.89473 2.89473 2.89473 2.89473 2.89473 2.28221 1.98011 2.13210 2.55535 2.86446 3.09293 3.26125 3.29789
2.38023 2.32766 2.27510 2.22255 2.19698 2.31022 2.63120 2.63120 2.63120 2.63120 2.63124 2.63920 2.67330 2.85541 3.08123 3.00409 2.79280 2.68166 2.68146 2.68146 2.68146 2.68146 2.67468 2.01067 1.35685 1.21392 1.09260 0.952418 0.915680 0.709279 0.505499 0.505499 0.505499 0.505499 0.505499 0.505499 0.505499 0.652902 2.57785 2.62080 2.98041 3.82047 2.89473 2.89473 2.89473 2.89473 2.89473 2.89473 2.89473 2.89473 2.89473 2.89473 2.89473 2.89473 2.89473 2.89389 2.73299 2.45364 2.32931 3.17358 3.29273 3.29789 3.29789 3.29789 3.29789 3.29789
2.19200 2.19200 2.19200 2.19200 2.19203 2.22020 2.61550 2.68717 2.72509 2.76302 2.80102 2.83096 2.83476 2.83869 2.88703 2.88753 2.81815 2.68146 2.68146 2.68585 2.70546 2.72893 2.75583 2.17852 1.29204 0.915680 0.915680 0.915680 0.915680 0.813870 0.505499 0.505499 0.505499 0.505499 0.505499 0.505499 0.505499 0.505499 2.23693 2.62080 2.66166 4.39832 2.91052 2.89473 2.89473 2.89473 2.89473 2.89473 2.89473 2.89473 2.89473 2.87615 2.65254 2.37319 2.09347 1.81448 1.69578 1.69578 1.80409 3.25045 3.29789 3.29789 3.29789 3.29789 3.29789 3.29789
