High_resolution/powerplant/Fengdu/OMI_NO2_200703.asc
ncols      200
nrows      200
xllcorner       105.978
yllcorner       28.1831
cellsize     0.0166667
NODATA_Value      -999.000
[rows 145 to 173 of 200, columns 65 to 129 of 200]
2.94919 2.94919 2.94919 2.90584 2.71945 2.71945 2.71945 2.55510 1.66090 1.64329 1.62521 1.60713 1.58904 1.57095 1.55289 1.53482 1.51673 1.50070 1.49822 1.34785 0.917179 0.917179 0.917179 0.696131 0.641867 0.641867 0.641867 0.642639 0.660388 0.688805 0.723546 0.766372 0.821336 0.890974 0.916865 0.918603 0.987293 0.989878 1.18058 1.23672 1.23672 1.23672 1.23672 1.23672 1.23672 1.23672 1.23672 1.23672 1.23672 1.23672 1.23672 1.23672 1.18615 1.23335 1.26741 1.22622 1.21626 1.21626 1.21626 1.21626 1.21626 1.21626 1.21626 1.21626 1.21626
2.85494 2.78069 2.70638 2.62984 2.60476 2.60060 2.58253 2.56361 1.61982 1.49822 1.49822 1.49822 1.49822 1.49822 1.49822 1.49822 1.49822 1.49822 1.49822 1.47440 0.928860 0.916348 0.893601 0.773580 0.724590 0.767857 0.823070 0.892879 0.916865 0.916865 0.916865 0.916865 0.916865 0.916865 0.916865 0.916865 0.971884 0.989878 1.12178 1.23672 1.23672 1.23672 1.23672 1.23672 1.23672 1.23672 1.23672 1.23672 1.23672 1.23672 1.23672 1.23672 1.21803 1.08166 1.21626 1.21626 1.21626 1.21626 1.21626 1.21626 1.21626 1.21626 1.21626 1.21626 1.21626
2.29962 2.29962 2.29962 2.29962 2.47783 2.55134 2.55134 2.55134 1.90351 1.49822 1.49822 1.49822 1.49822 1.49822 1.49822 1.49819 1.48045 1.44799 1.41555 1.38309 0.895597 0.737960 0.728249 0.757183 0.916865 0.916865 0.916865 0.916865 0.916865 0.916865 0.916865 0.916865 0.916865 0.916865 0.916865 0.916865 0.954734 0.989878 1.03545 1.23646 1.23672 1.23672 1.23672 1.23672 1.23672 1.23672 1.23672 1.23672 1.23672 1.23672 1.23672 1.23672 1.23672 1.06276 1.21488 1.21626 1.21626 1.21626 1.21626 1.21626 1.21626 1.21626 1.21856 1.24166 1.27129
2.29962 2.29962 2.29962 2.29962 2.41734 2.55134 2.55134 2.55134 2.18823 1.49822 1.48596 1.45379 1.42133 1.38889 1.35641 1.32399 1.30929 1.30929 1.30929 1.30929 0.992625 0.728249 0.728249 0.731374 0.904355 0.916865 0.916865 0.916865 0.916865 0.916865 0.916865 0.916865 0.916865 0.916865 0.916865 0.916865 0.937588 0.989878 0.989878 1.21448 1.23672 1.23672 1.23672 1.23672 1.23672 1.23672 1.23672 1.23672 1.23672 1.23672 1.23672 1.23882 1.27080 1.16131 1.25922 1.32620 1.35558 1.38521 1.41480 1.44442 1.47404 1.50366 1.53098 1.53750 1.53750
2.29962 2.29962 2.29962 2.29962 2.31906 2.30679 2.07878 1.85065 1.58544 1.32941 1.30956 1.30929 1.30929 1.30929 1.30929 1.30929 1.30929 1.30929 1.30929 1.30929 1.13081 0.728249 0.728249 0.728249 0.836783 0.916865 0.916865 0.916865 0.916865 0.916865 0.916865 0.916865 0.916865 0.916865 0.916865 0.916865 0.921165 0.989156 0.989878 1.16907 1.23672 1.24891 1.28964 1.33141 1.37332 1.41505 1.45691 1.49872 1.54054 1.57539 1.59152 1.60473 1.58776 1.42611 1.37608 1.53727 1.53750 1.53750 1.53750 1.53750 1.53750 1.53750 1.53750 1.53750 1.53750
1.90164 1.67389 1.44614 1.21814 1.03358 1.24943 1.25878 1.25878 1.25878 1.29944 1.30929 1.30929 1.30929 1.30929 1.30929 1.30929 1.30929 1.30929 1.30929 1.30929 1.26601 0.731271 0.728249 0.728249 0.785051 0.916865 0.916865 0.916865 0.916865 0.916865 0.916865 0.916865 0.916865 0.916865 0.916865 0.916865 0.916865 1.49666 1.63493 1.66379 1.64297 1.67255 1.67369 1.66206 1.63546 1.60878 1.58214 1.55549 1.52883 1.50913 1.50812 1.50812 1.50812 1.45405 1.26478 1.53750 1.53750 1.53750 1.53750 1.53750 1.53750 1.53750 1.53750 1.53750 1.53750
1.00706 1.00706 1.00706 1.00706 1.00706 1.19495 1.25878 1.25878 1.25878 1.28576 1.30929 1.30929 1.30929 1.30929 1.30929 1.30929 1.30929 1.30929 1.30929 1.30929 1.30929 0.825457 0.716901 0.705448 0.712700 0.916865 0.916865 0.916865 0.916865 0.916865 0.916865 0.916865 0.00000 0.00000 0.00000 0.00000 1.18952 1.77176 1.72569 1.65674 1.57678 1.54986 1.52319 1.50817 1.50812 1.50812 1.50812 1.50812 1.50812 1.50812 1.50812 1.50812 1.50812 1.50696 1.20186 1.52842 1.53750 1.53750 1.53750 1.53750 1.53750 1.53750 1.53750 1.53750 1.53750
1.00706 1.00706 1.00706 1.00706 1.00706 1.13443 1.25878 1.25878 1.25878 1.27208 1.30929 1.30929 1.29395 1.24860 1.19708 1.13874 1.07214 0.995307 0.905781 0.800343 0.673952 0.551122 0.539633 0.539633 0.539633 0.539633 0.00000 0.00000 0.00000 0.00000 1.18952 1.18952 1.18952 1.18952 1.18952 1.18952 1.18952 1.36233 1.52666 1.52666 1.51227 1.50812 1.50812 1.50812 1.50812 1.50812 1.50812 1.50812 1.50812 1.50812 1.50812 1.50812 1.50812 1.50812 1.26547 1.44488 1.53750 1.53750 1.53750 1.53750 1.53750 1.53750 1.53750 1.53750 1.53750
1.00706 1.00706 1.00706 0.989500 0.950039 0.965071 1.06131 0.988081 0.903416 0.806839 0.769837 0.640874 0.541325 0.539633 0.539633 0.539633 0.539633 0.539633 0.539633 0.539633 0.539633 0.539633 0.539633 0.539633 0.539756 0.669744 1.18952 1.18952 1.18952 1.18952 1.18952 1.18952 1.18952 1.18952 1.18952 1.18952 1.18952 1.25628 1.52665 1.52666 1.51717 1.50812 1.50812 1.50812 1.50812 1.50812 1.50812 1.50812 1.50812 1.50812 1.50812 1.50812 1.50812 1.50812 1.34639 1.34483 1.53750 1.53750 1.53750 1.53750 1.53750 1.53750 1.53750 1.53750 1.53750
0.760999 0.721469 0.682009 0.660041 0.660006 0.654991 0.446565 0.438607 0.438607 0.438607 0.511346 0.539633 0.539633 0.539633 0.539633 0.539633 0.539633 0.539633 0.539633 0.557157 0.599195 0.641331 0.683517 0.725703 0.767691 0.944063 1.18952 1.18952 1.18952 1.18952 1.18952 1.18952 1.18952 1.18952 1.18952 1.18952 1.18952 1.18952 1.50417 1.52666 1.52211 1.50812 1.50812 1.50812 1.50812 1.50812 1.50812 1.50812 1.50812 1.50812 1.50812 1.50812 1.50812 1.50812 1.42733 1.24478 1.53750 1.53750 1.53750 1.53750 1.53750 1.53750 1.53750 1.53750 1.53750
0.660006 0.660006 0.660006 0.660006 0.660006 0.660006 0.516421 0.438607 0.438607 0.438607 0.483988 0.539633 0.539633 0.551447 0.592304 0.634415 0.676626 0.718811 0.760923 0.785609 0.785757 0.785757 0.785757 0.785757 0.785757 0.836065 1.18944 1.18952 1.18952 1.18952 1.18952 1.18952 1.18952 1.18952 1.18952 1.18952 1.18952 1.18952 1.45268 1.52666 1.52620 1.50893 1.50812 1.50812 1.50812 1.50812 1.50812 1.50812 1.50812 1.50812 1.50812 1.50812 1.50812 1.50812 1.49809 1.17383 1.49045 1.47088 1.43167 1.39462 1.35881 1.32282 1.28702 1.25112 1.21527
0.660006 0.660006 0.660006 0.660006 0.660006 0.660006 0.576553 0.446693 0.506540 0.575449 0.651693 0.711920 0.754081 0.784428 0.785757 0.785757 0.785757 0.785757 0.785757 0.785757 0.785757 0.785757 0.785757 0.785757 0.785757 0.785757 1.13169 1.18952 1.18952 1.18952 1.18952 1.18952 1.18952 1.18952 1.18952 1.18952 1.18952 1.18952 1.38399 1.52666 1.52666 1.51340 1.50812 1.50812 1.50812 1.50489 1.48797 1.46776 1.44528 1.42014 1.39163 1.35939 1.32814 1.33443 1.35047 0.906450 1.03940 1.11592 1.11922 1.12038 1.12038 1.12038 1.12038 1.12038 1.12038
0.660006 0.660377 0.682351 0.716903 0.751397 0.785871 0.809222 0.820109 0.829250 0.829250 0.829098 0.789857 0.785757 0.785757 0.785757 0.785757 0.785757 0.785757 0.785757 0.785757 0.785757 0.785757 0.785757 0.785757 0.785757 0.785757 1.02361 1.18952 1.18952 1.18952 1.18952 1.18952 1.18952 1.18952 1.18952 1.18952 1.18952 1.18952 1.26920 1.43383 1.40567 1.36137 1.30748 1.26217 1.20858 1.15758 1.16952 1.23555 1.30465 1.37370 1.44271 1.51180 1.57328 1.58292 1.58292 1.13015 1.01644 1.12038 1.12038 1.12038 1.12038 1.12038 1.12038 1.12038 1.12038
0.808744 0.842827 0.855328 0.855328 0.855328 0.855328 0.854320 0.829531 0.829250 0.829250 0.829250 0.801403 0.785757 0.785757 0.785757 0.785757 0.785757 0.785757 0.785757 0.785757 0.785757 0.785757 0.785757 0.785757 0.785757 0.785757 0.915485 1.18952 1.18952 1.18952 1.18952 1.18952 1.18952 1.18952 1.18952 1.18952 1.18952 1.18952 1.18952 1.18952 1.14417 1.05037 1.32075 1.38984 1.45889 1.52795 1.57991 1.58292 1.58292 1.58292 1.58292 1.58292 1.58292 1.58292 1.58292 1.28055 0.967596 1.12038 1.12038 1.12038 1.12038 1.12038 1.12038 1.12038 1.12038
0.855328 0.855328 0.855328 0.855328 0.855328 0.855328 0.855328 0.836836 0.829250 0.829250 0.829250 0.813110 0.785757 0.785757 0.785757 0.785757 0.771676 0.747803 0.728019 0.711328 0.697070 0.684759 0.674004 0.768394 0.785757 0.785757 0.812246 1.18467 1.18952 1.18952 1.18952 1.18952 1.18952 1.18952 1.14251 1.02395 0.903951 0.784022 0.664022 0.544670 0.470669 0.475561 1.48864 1.58292 1.58292 1.58292 1.58292 1.58292 1.58292 1.58292 1.58292 1.58292 1.58292 1.58292 1.58292 1.49126 0.936335 1.10418 1.12038 1.12038 1.12038 1.12038 1.12038 1.12038 1.12038
0.855328 0.855328 0.855328 0.855328 0.855328 0.855328 0.855837 0.841708 0.779760 0.757649 0.738986 0.719987 0.682328 0.671816 0.662600 0.654418 0.650713 0.650713 0.650713 0.650713 0.650713 0.650713 0.650713 0.723509 0.785757 0.785757 0.785757 1.10311 1.14093 1.02186 0.902727 0.782799 0.662870 0.542798 0.470381 0.469661 0.469661 0.469661 0.469661 0.469661 0.469661 0.469661 1.19970 1.58292 1.58292 1.58292 1.58292 1.58292 1.58292 1.58292 1.58292 1.58292 1.58292 1.58292 1.58292 1.58292 0.990631 1.05617 1.12038 1.12038 1.12038 1.12038 1.12038 1.12038 1.12038
0.923532 0.951192 0.978828 1.00649 1.03413 1.06181 1.08893 0.948781 0.672460 0.672460 0.672460 0.672460 0.654342 0.650713 0.650713 0.650713 0.650713 0.650713 0.650713 0.650713 0.650713 0.650713 0.635289 0.602646 0.540558 0.431765 0.322971 0.383874 0.470237 0.469661 0.469661 0.469661 0.469661 0.469661 0.469661 0.469661 0.469661 0.469661 0.469661 0.469661 0.469661 0.469661 0.904834 1.58292 1.58292 1.58292 1.58292 1.58292 1.58292 1.58292 1.58292 1.58292 1.58292 1.58292 1.58292 1.58292 1.09242 1.00733 1.12038 1.12038 1.12038 1.12038 1.12038 1.12038 1.12038
1.09796 1.09796 1.09796 1.09796 1.09796 1.09796 1.09796 1.05112 0.672545 0.672460 0.672460 0.672460 0.660195 0.650713 0.650713 0.650713 0.641382 0.591682 0.537286 0.482874 0.428365 0.373968 0.334995 0.310187 0.151021 0.151021 0.151021 0.231510 0.469661 0.469661 0.469661 0.469661 0.469661 0.469661 0.469661 0.469661 0.469661 0.469661 0.469661 0.469661 0.469661 0.469661 0.610029 1.58281 1.58292 1.58292 1.58292 1.58292 1.58292 1.58292 1.58292 1.58292 1.58292 1.58292 1.58292 1.58292 1.22860 0.958481 1.12038 1.12038 1.13370 1.17368 1.23588 1.32945 1.43352
1.09796 1.09796 1.09796 1.09796 1.09796 1.09796 1.09796 1.09796 0.728073 0.672460 0.675712 0.715338 0.708653 0.491934 0.437537 0.383108 0.338042 0.333345 0.333345 0.333345 0.333345 0.333345 0.333345 0.331131 0.163726 0.151021 0.151021 0.159531 0.456816 0.469661 0.469661 0.469661 0.469661 0.469661 0.469661 0.469661 0.469661 0.469661 0.469661 0.469661 0.469661 0.469661 0.469661 1.42829 1.58292 1.58292 1.58292 1.58292 1.58292 1.58221 1.57747 1.57282 1.56887 1.56546 1.56250 1.56174 1.54665 1.45012 1.88270 2.13145 2.31275 2.38895 2.43137 2.43156 2.43156
1.09796 1.09796 1.09796 1.09796 1.09799 1.12483 1.17461 1.22444 1.00679 0.898530 0.945141 0.955295 0.925651 0.347152 0.333345 0.333345 0.333345 0.333345 0.333345 0.333345 0.333345 0.333345 0.333345 0.333345 0.223857 0.151021 0.151021 0.151021 0.380442 0.469661 0.469661 0.469661 0.469661 0.469661 0.469661 0.469661 0.469661 0.469661 0.469661 0.488515 0.566915 0.666863 0.728380 1.24829 1.56136 1.55889 1.55670 1.55474 1.55298 1.55659 1.59198 1.63294 1.67384 1.71478 1.75572 1.79516 1.80637 2.04519 2.29813 2.43156 2.43156 2.43156 2.43156 2.43156 2.43156
1.15860 1.20841 1.25821 1.30802 1.35780 1.38080 1.38080 1.38080 1.21577 0.955295 0.955295 0.955295 0.955295 0.485067 0.333345 0.333345 0.333345 0.333345 0.333345 0.333345 0.333345 0.333345 0.333345 0.333345 0.270478 0.151021 0.151021 0.151021 0.295600 0.479632 0.526854 0.570086 0.606630 0.637898 0.664906 0.688535 0.709400 0.727891 0.744422 0.754489 0.826629 0.994737 0.994737 1.19936 1.60125 1.64212 1.68308 1.72400 1.76492 1.80089 1.80614 1.80614 1.80614 1.80614 1.80614 1.80614 1.80614 1.95348 2.20926 2.43156 2.43156 2.43156 2.43156 2.43156 2.43156
1.38080 1.38080 1.38080 1.38080 1.38080 1.38080 1.38080 1.38080 1.31824 0.955295 0.955295 0.955295 0.955295 0.652691 0.333345 0.333345 0.333345 0.333345 0.333345 0.333503 0.353697 0.387828 0.421927 0.456090 0.480974 0.484244 0.517635 0.547266 0.605029 0.753500 0.754731 0.754731 0.754731 0.754731 0.754731 0.754731 0.754731 0.786282 0.906177 1.03148 1.17258 1.51920 1.64582 1.74483 1.80565 1.80614 1.80614 1.80614 1.80614 1.80614 1.80614 1.80614 1.80614 1.80614 1.80614 1.80614 1.80614 1.88867 2.12193 2.43003 2.43156 2.43156 2.43156 2.43156 2.43156
1.38080 1.38080 1.38080 1.38080 1.38080 1.38080 1.38080 1.38080 1.38016 0.995717 0.957507 0.984654 1.01872 0.917790 0.465065 0.499164 0.533264 0.567363 0.601525 0.635467 0.649372 0.649372 0.649372 0.649372 0.646550 0.596124 0.595411 0.595411 0.596272 0.741314 0.754731 0.787184 0.907303 1.03148 1.15663 1.28179 1.40709 1.50069 1.50595 1.50595 1.50595 1.70529 1.74595 1.74595 1.79420 1.80614 1.80614 1.80614 1.80614 1.80614 1.80614 1.80614 1.80614 1.80614 1.80614 1.80614 1.80614 1.84072 2.09247 2.37056 2.43156 2.43156 2.43156 2.43156 2.43156
1.38080 1.38081 1.38139 1.38232 1.38337 1.38458 1.38597 1.38760 1.38954 1.26622 1.26434 1.27132 1.27132 1.26343 0.689736 0.649372 0.649372 0.649372 0.649372 0.649372 0.649372 0.649372 0.649372 0.649372 0.649372 0.622019 0.689611 0.773766 0.857970 1.16240 1.40829 1.50107 1.50595 1.50595 1.50595 1.50595 1.50595 1.50595 1.50595 1.50595 1.50595 1.64889 1.74595 1.74595 1.77826 1.80614 1.80614 1.80614 1.80614 1.80614 1.80614 1.80614 1.80614 1.80614 1.80614 1.80614 1.80614 1.80922 2.07156 2.28170 2.43156 2.43156 2.43156 2.43156 2.43156
1.39128 1.39393 1.39492 1.39492 1.39492 1.39492 1.39492 1.39492 1.39492 1.32090 1.27132 1.27132 1.27132 1.27132 0.849391 0.649372 0.649372 0.649372 0.649372 0.658531 0.730720 0.814924 0.899127 0.983331 1.06754 1.10511 1.08783 1.08783 1.08783 1.25009 1.50595 1.50595 1.50595 1.50595 1.50595 1.50595 1.50595 1.50595 1.50595 1.50595 1.50595 1.59250 1.74595 1.74595 1.76230 1.80614 1.80614 1.80614 1.80614 1.80614 1.80614 1.80614 1.80614 1.80614 1.80614 1.80614 1.80614 1.80614 1.97845 2.19284 2.43156 2.43156 2.43156 2.43156 2.41624
1.39492 1.39492 1.39492 1.39492 1.39492 1.39492 1.39492 1.39492 1.39492 1.35573 1.27132 1.27132 1.27132 1.26878 1.01771 0.802121 0.886374 0.970528 1.05474 1.12978 1.14179 1.14179 1.14179 1.14179 1.14179 1.12395 1.08783 1.08783 1.08783 1.13867 1.50582 1.50595 1.50595 1.50595 1.50595 1.50595 1.50595 1.50595 1.50595 1.50595 1.50595 1.53614 1.74595 1.74595 1.74816 1.80435 1.80614 1.80614 1.80614 1.80614 1.80614 1.80614 1.80614 1.80676 1.81754 1.83324 1.85060 1.87004 1.82971 1.68016 1.60244 1.40489 1.23241 1.07625 0.933646
1.39492 1.39492 1.39492 1.39492 1.39492 1.39492 1.39492 1.39492 1.33886 1.20984 1.11380 1.05051 0.986166 0.924402 0.940456 1.14179 1.14179 1.14179 1.14179 1.14179 1.14179 1.14179 1.14179 1.14179 1.14179 1.13664 1.08790 1.08783 1.08783 1.08783 1.44520 1.50595 1.50595 1.50595 1.50595 1.50595 1.50595 1.50595 1.50595 1.50595 1.50595 1.50597 1.71975 1.74871 1.75989 1.82274 1.85830 1.87871 1.90169 1.92778 1.95783 1.99250 2.03023 2.01589 1.94489 1.86234 1.77964 1.69705 1.47349 1.28185 0.924665 0.819672 0.819672 0.819672 0.819672
1.39492 1.39492 1.37282 1.25525 1.12656 0.997943 0.869252 0.740780 0.668146 0.667855 0.867180 0.907789 0.907789 0.907789 0.907789 1.11147 1.14179 1.14179 1.14179 1.14179 1.14179 1.14179 1.14179 1.14179 1.14179 1.14179 1.09548 1.08783 1.08783 1.08783 1.33368 1.50595 1.50595 1.50940 1.53217 1.56029 1.59185 1.62744 1.66807 1.71460 1.76861 1.83196 1.92811 1.97029 1.97210 2.02950 2.08204 2.00972 1.92701 1.84446 1.76176 1.67921 1.59980 1.57879 1.57879 1.57879 1.57879 1.57879 1.54244 1.28291 1.04496 0.819672 0.819672 0.819672 0.819672
0.913909 0.785349 0.678906 0.667855 0.667855 0.667855 0.667855 0.667855 0.667855 0.667855 0.821659 0.907789 0.907789 0.907789 0.907789 1.04854 1.14179 1.14179 1.14179 1.14179 1.14179 1.14179 1.14179 1.14173 1.13843 1.13332 1.10830 1.09945 1.10350 1.10814 1.31968 1.81620 1.88850 1.96214 1.97210 1.97210 1.97210 1.97210 1.97210 1.97210 1.95190 1.83242 1.69993 1.56768 1.43519 1.37936 1.58901 1.57879 1.57879 1.57879 1.57879 1.57879 1.57879 1.57879 1.57879 1.57879 1.57879 1.57879 1.57879 1.30991 1.16531 0.819672 0.819672 0.819672 0.819672
