High_resolution/powerplant/Fengdu/OMI_NO2_200902.asc
ncols      200
nrows      200
xllcorner       105.978
yllcorner       28.1831
cellsize     0.0166667
NODATA_Value      -999.000
[rows 150 to 179 of 200, columns 132 to 197 of 200]
0.00000 0.00000 0.00000 0.00000 0.00000 0.00000 0.00000 0.00000 0.00000 1.05452 1.00221 0.966283 0.930292 0.894048 0.858121 0.822131 0.785886 0.749960 0.713906 0.677725 0.641798 0.606764 0.596508 0.596508 0.596508 0.596508 0.596508 0.596508 0.596508 0.596580 0.656080 0.661723 0.661723 0.661723 0.661723 0.661723 0.661723 0.661723 0.661723 0.661723 0.661723 0.661723 0.661723 0.661723 0.661723 0.661723 0.661723 0.661723 0.661723 0.661723 0.661723 0.751126 1.48295 1.48295 1.48295 1.48295 1.48295 1.48295 1.48295 1.48295 1.48295 1.48295 1.48295 1.48295 1.48295 1.48295
0.00000 0.00000 0.00000 0.00000 0.00000 0.00000 0.00000 0.00000 0.00000 0.596508 0.596508 0.596508 0.596508 0.596508 0.596508 0.596508 0.596508 0.596508 0.596508 0.596508 0.596508 0.596508 0.596508 0.596508 0.596508 0.596508 0.596508 0.596508 0.596508 0.596508 0.642196 0.661723 0.661723 0.661723 0.661723 0.661723 0.661723 0.661723 0.661723 0.661723 0.661723 0.661723 0.661723 0.661723 0.661723 0.661723 0.661723 0.661723 0.661723 0.661723 0.661723 0.661723 1.39915 1.48295 1.48295 1.48295 1.48295 1.48295 1.48295 1.48295 1.48295 1.48295 1.48295 1.48295 1.48295 1.48295
0.00000 0.00000 0.00000 0.00000 0.00000 0.00000 0.00000 0.00000 0.00000 0.596508 0.596508 0.596508 0.596508 0.596508 0.596508 0.596508 0.596508 0.596508 0.596508 0.596508 0.596508 0.596508 0.596508 0.596508 0.596508 0.596508 0.596508 0.596508 0.596508 0.596508 0.628228 0.661723 0.661723 0.661723 0.661723 0.661723 0.661723 0.661723 0.661723 0.661723 0.661723 0.661723 0.661723 0.661723 0.661723 0.661723 0.661723 0.661723 0.661723 0.661723 0.661723 0.661723 1.22542 1.48295 1.48295 1.48295 1.48295 1.48295 1.48295 1.48295 1.48295 1.48295 1.48295 1.48295 1.48295 1.48295
0.00000 0.00000 0.00000 0.00000 0.00000 0.00000 0.00000 0.00000 0.00000 0.596508 0.596508 0.596508 0.596508 0.596508 0.596508 0.596508 0.596508 0.596508 0.596508 0.596508 0.596508 0.596508 0.596508 0.596508 0.596508 0.596508 0.596508 0.596508 0.596508 0.596508 0.614260 0.661723 0.661723 0.661723 0.661723 0.661723 0.661723 0.661723 0.661723 0.661723 0.661723 0.661723 0.661723 0.661723 0.661723 0.661723 0.661723 0.661723 0.661723 0.661723 0.661723 0.661723 1.05180 1.48295 1.48295 1.48295 1.48295 1.48295 1.48295 1.48295 1.48295 1.48295 1.48295 1.48295 1.48295 1.48295
0.00000 0.00000 0.00000 0.00000 0.00000 0.00000 0.00000 0.00000 0.00000 0.00000 0.596508 0.596508 0.596508 0.596508 0.596508 0.596508 0.596508 0.596508 0.596508 0.596508 0.596508 0.596508 0.596508 0.596508 0.596508 0.596508 0.596508 0.596508 0.596508 0.596508 0.600649 0.661364 0.661723 0.661723 0.661723 0.661723 0.661723 0.661723 0.661723 0.661723 0.661723 0.661723 0.661723 0.661723 0.661723 0.661723 0.661723 0.661723 0.661723 0.661723 0.661723 0.661723 0.878221 1.48295 1.48295 1.48295 1.48295 1.48295 1.48295 1.48295 1.48295 1.48295 1.48295 1.48295 1.48295 1.48295
0.00000 0.00000 0.00000 0.00000 0.00000 0.00000 0.00000 0.00000 0.00000 0.00000 0.596508 0.596508 0.596508 0.596508 0.596508 0.596508 0.596508 0.596508 0.596508 0.596508 0.596508 0.596508 0.596508 0.596508 0.596508 0.596508 0.596508 0.596508 0.596508 0.596508 0.596508 0.651569 0.661723 0.661723 0.661723 0.661723 0.661723 0.661723 0.661723 0.661723 0.661723 0.661723 0.661723 0.661723 0.661723 0.661723 0.661723 0.701506 0.781074 0.860642 0.940688 1.02057 1.14822 1.39294 1.37263 1.35959 1.34665 1.33377 1.32061 1.30770 1.29478 1.28175 1.26872 1.25580 1.24286 1.22976
0.00000 0.00000 0.00000 0.00000 0.00000 0.00000 0.00000 0.00000 0.00000 0.00000 0.596508 0.596508 0.596508 0.596508 0.596508 0.596508 0.596508 0.596508 0.596508 0.596508 0.596508 0.596508 0.596508 0.596508 0.596508 0.596508 0.596508 0.602274 0.652209 0.710484 0.768553 0.939267 1.09696 1.17653 1.25689 1.33646 1.41603 1.49559 1.57516 1.65521 1.73509 1.81466 1.89423 1.97380 2.05336 2.13373 2.21330 2.25308 2.25308 2.25308 2.25308 2.25308 2.25308 1.35148 1.18053 1.18053 1.18053 1.18053 1.18053 1.18053 1.18053 1.18053 1.18053 1.18053 1.18053 1.18053
0.00000 0.00000 0.00000 0.00000 0.00000 0.00000 0.00000 0.00000 0.00000 0.00000 0.611716 0.689892 0.747961 0.806545 0.864923 0.922992 0.981576 1.03995 1.09802 1.15661 1.21498 1.27305 1.33174 1.39002 1.44808 1.50677 1.56505 1.61735 1.62610 1.62610 1.62610 1.88676 2.25308 2.25308 2.25308 2.25308 2.25308 2.25308 2.25308 2.25308 2.25308 2.25308 2.25308 2.25308 2.25308 2.25308 2.25308 2.25308 2.25308 2.25308 2.25308 2.25308 2.25308 1.57760 1.18053 1.18053 1.18053 1.18053 1.18053 1.18053 1.18053 1.18053 1.18053 1.18053 1.18053 1.18053
0.00000 0.00000 0.00000 0.00000 0.00000 0.00000 0.00000 0.00000 0.00000 0.00000 1.62610 1.62610 1.62610 1.62610 1.62610 1.62610 1.62610 1.62610 1.62610 1.62610 1.62610 1.62610 1.62610 1.62610 1.62610 1.62610 1.62610 1.62610 1.62610 1.62610 1.62610 1.75263 2.25308 2.25308 2.25308 2.25308 2.25308 2.25308 2.25308 2.25308 2.25308 2.25308 2.25308 2.25308 2.25308 2.25308 2.25308 2.25308 2.25308 2.25308 2.25308 2.25308 2.25308 1.80380 1.18053 1.18053 1.18053 1.18053 1.18053 1.18053 1.18053 1.18053 1.18053 1.18053 1.18053 1.18053
0.00000 0.00000 0.00000 0.00000 0.00000 0.00000 0.00000 0.00000 0.00000 0.00000 0.00000 1.62610 1.62610 1.62610 1.62610 1.62610 1.62610 1.62610 1.62610 1.62610 1.62610 1.62610 1.62610 1.62610 1.62610 1.62610 1.62610 1.62610 1.62610 1.62610 1.62610 1.63927 2.23226 2.25308 2.25308 2.25308 2.25308 2.25308 2.25308 2.25308 2.25308 2.25308 2.25308 2.25308 2.25308 2.25308 2.25308 2.25308 2.25308 2.25308 2.25308 2.25308 2.25308 2.03003 1.18053 1.18053 1.18053 1.18053 1.18053 1.18053 1.18053 1.18053 1.18053 1.18053 1.18053 1.18053
0.00000 0.00000 0.00000 0.00000 0.00000 0.00000 0.00000 0.00000 0.00000 0.00000 0.00000 1.62610 1.62610 1.62610 1.62610 1.62610 1.62610 1.62610 1.62610 1.62610 1.62610 1.62610 1.62610 1.62610 1.62610 1.62610 1.62610 1.62610 1.62610 1.62610 1.62610 1.62610 2.11113 2.25308 2.25308 2.25308 2.25308 2.25308 2.25308 2.25308 2.25308 2.25308 2.25308 2.25308 2.25308 2.25308 2.25308 2.25308 2.25308 2.25308 2.25308 2.25308 2.25308 2.22638 1.21045 1.18053 1.18053 1.18053 1.18053 1.18053 1.18053 1.18053 1.18053 1.18053 1.18053 1.18053
0.00000 0.00000 0.00000 0.00000 0.00000 0.00000 0.00000 0.00000 0.00000 0.00000 0.00000 1.62610 1.62610 1.62610 1.62610 1.62610 1.62610 1.62610 1.62610 1.62610 1.62610 1.62610 1.62610 1.62610 1.62610 1.62610 1.62610 1.62610 1.62610 1.62610 1.62610 1.62610 1.97677 2.25308 2.25308 2.25308 2.25308 2.25308 2.25308 2.25308 2.25308 2.25308 2.25308 2.25308 2.25308 2.25308 2.25308 2.25308 2.25308 2.25308 2.25308 2.25308 2.25308 2.25308 1.41022 1.18053 1.18053 1.18053 1.18053 1.18053 1.18053 1.18053 1.18053 1.18053 1.18053 1.18053
0.00000 0.00000 0.00000 0.00000 0.00000 0.00000 0.00000 0.00000 0.00000 0.00000 0.00000 1.62610 1.62610 1.62610 1.62610 1.62610 1.62610 1.62610 1.62610 1.62610 1.62610 1.62610 1.62610 1.62610 1.62610 1.62610 1.62610 1.62610 1.62610 1.62610 1.62610 1.62610 1.84277 2.25308 2.25308 2.25308 2.25308 2.25308 2.25308 2.25308 2.25308 2.25308 2.25308 2.25308 2.25308 2.25308 2.25308 2.25308 2.25308 2.25308 2.25308 2.25308 2.25308 2.24153 1.58695 1.14975 1.13513 1.12064 1.10622 1.09157 1.07711 1.06269 1.04814 1.03372 1.01929 1.00461
0.00000 0.00000 0.00000 0.00000 0.00000 0.00000 0.00000 0.00000 0.00000 0.00000 0.00000 0.00000 1.62610 1.62610 1.62610 1.62610 1.62610 1.62610 1.62610 1.62610 1.62610 1.62610 1.62610 1.62610 1.62610 1.62610 1.62610 1.62610 1.62610 1.62610 1.62610 1.62610 1.70855 2.23382 2.14059 2.04005 1.93911 1.83858 1.73784 1.63710 1.53657 1.43583 1.33489 1.23456 1.13382 1.03288 0.932548 0.831608 0.730870 0.630538 0.529598 0.428861 0.328123 0.238939 0.452379 0.846709 0.846709 0.846709 0.846709 0.846709 0.846709 0.846709 0.846709 0.846709 0.846709 0.846709
0.00000 0.00000 0.00000 0.00000 0.00000 0.00000 0.00000 0.00000 0.00000 0.00000 0.00000 0.00000 1.62610 1.62610 1.62610 1.62617 1.63114 1.63909 1.64697 1.65486 1.66277 1.67069 1.67857 1.68647 1.69438 1.70229 1.71018 1.71805 1.72600 1.73390 1.74177 1.74968 1.75648 0.362110 0.226170 0.226170 0.226170 0.226170 0.226170 0.226170 0.226170 0.226170 0.226170 0.226170 0.226170 0.226170 0.226170 0.226170 0.226170 0.226170 0.226170 0.226170 0.226170 0.226170 0.322115 0.846709 0.846709 0.846709 0.846709 0.846709 0.846709 0.846709 0.846709 0.846709 0.846709 0.846709
0.00000 0.00000 0.00000 0.00000 0.00000 0.00000 0.00000 0.00000 0.00000 0.00000 0.00000 0.00000 1.73411 1.74550 1.75343 1.76123 1.76415 1.76415 1.76415 1.76415 1.76415 1.76415 1.76415 1.76415 1.76415 1.76415 1.76415 1.76415 1.76415 1.76415 1.76415 1.76415 1.76415 0.681485 0.226170 0.226170 0.226170 0.226170 0.226170 0.226170 0.226170 0.226170 0.226170 0.226170 0.226170 0.226170 0.226170 0.226170 0.226170 0.226170 0.226170 0.226170 0.226170 0.226170 0.229769 0.808732 0.846709 0.846709 0.846709 0.846709 0.846709 0.846709 0.846709 0.846709 0.846709 0.846709
0.00000 0.00000 0.00000 0.00000 0.00000 0.00000 0.00000 0.00000 0.00000 0.00000 0.00000 0.00000 1.76415 1.76415 1.76415 1.76415 1.76415 1.76415 1.76415 1.76415 1.76415 1.76415 1.76415 1.76415 1.76415 1.76415 1.76415 1.76415 1.76415 1.76415 1.76415 1.76415 1.76415 1.01069 0.226170 0.226170 0.226170 0.226170 0.226170 0.226170 0.226170 0.226170 0.226170 0.226170 0.226170 0.226170 0.226170 0.226170 0.226170 0.226170 0.226170 0.226170 0.226170 0.226170 0.226170 0.682126 0.846709 0.846709 0.846709 0.846709 0.846709 0.846709 0.846709 0.846709 0.846709 0.846709
0.00000 0.00000 0.00000 0.00000 0.00000 0.00000 0.00000 0.00000 0.00000 0.00000 0.00000 0.00000 1.76415 1.76415 1.76415 1.76415 1.76415 1.76415 1.76415 1.76415 1.76415 1.76415 1.76415 1.76415 1.76415 1.76415 1.76415 1.76415 1.76415 1.76415 1.76415 1.76415 1.76415 1.33961 0.226170 0.226170 0.226170 0.226170 0.226170 0.226170 0.226170 0.226170 0.226170 0.226170 0.226170 0.226170 0.226170 0.226170 0.226170 0.226170 0.226170 0.226170 0.226170 0.226170 0.226170 0.551829 0.846709 0.846709 0.846709 0.846709 0.846709 0.846709 0.846709 0.846709 0.846709 0.846709
0.00000 0.00000 0.00000 0.00000 0.00000 0.00000 0.00000 0.00000 0.00000 0.00000 0.00000 0.00000 0.00000 1.76415 1.76415 1.76415 1.76415 1.76415 1.76415 1.76415 1.76415 1.76415 1.76415 1.76415 1.76415 1.76415 1.76415 1.76415 1.76415 1.76415 1.76415 1.76415 1.76415 1.66126 0.233092 0.226170 0.226170 0.226170 0.226170 0.226170 0.226170 0.226170 0.226170 0.226170 0.226170 0.226170 0.226170 0.226170 0.226170 0.226170 0.226170 0.226170 0.226170 0.226170 0.226170 0.421516 0.846709 0.846709 0.846709 0.846709 0.846709 0.846709 0.846709 0.846709 0.846709 0.846709
0.00000 0.00000 0.00000 0.00000 0.00000 0.00000 0.00000 0.00000 0.00000 0.00000 0.00000 0.00000 0.00000 1.76415 1.76415 1.76415 1.76415 1.76415 1.76415 1.76415 1.76415 1.76415 1.76415 1.76415 1.76415 1.76415 1.76415 1.76415 1.76415 1.76415 1.76415 1.76415 1.76415 1.76415 0.459197 0.226170 0.226170 0.226170 0.226170 0.226170 0.226170 0.226170 0.226170 0.226170 0.226170 0.226170 0.226170 0.226170 0.226170 0.226170 0.226170 0.226170 0.226170 0.226170 0.226170 0.291264 0.846709 0.846709 0.846709 0.846709 0.848060 0.856493 0.865907 0.875233 0.884581 0.894039
0.00000 0.00000 0.00000 0.00000 0.00000 0.00000 0.00000 0.00000 0.00000 0.00000 0.00000 0.00000 0.00000 1.76415 1.76415 1.76415 1.76415 1.76415 1.76415 1.76415 1.76415 1.76415 1.76415 1.76415 1.76415 1.76415 1.76415 1.76415 1.76415 1.76415 1.76415 1.76415 1.76415 1.76415 0.788049 0.226170 0.226170 0.226170 0.226170 0.226170 0.254207 0.301692 0.348988 0.396567 0.443768 0.491347 0.538643 0.586033 0.633518 0.680719 0.728393 0.775594 0.823079 0.870469 0.917765 0.965344 1.03584 1.03685 1.04629 1.05566 1.06364 1.06462 1.06462 1.06462 1.06462 1.06462
0.00000 0.00000 0.00000 0.00000 0.00000 0.00000 0.00000 0.00000 0.00000 0.00000 0.00000 0.00000 0.00000 1.76415 1.76415 1.76415 1.76415 1.76415 1.76415 1.76415 1.76415 1.76246 1.73723 1.70404 1.67120 1.63830 1.60517 1.57228 1.53938 1.50637 1.47341 1.44057 1.40750 1.37449 1.13925 0.961190 1.00877 1.05597 1.10355 1.15085 1.17020 1.17020 1.17020 1.17020 1.17020 1.17020 1.17020 1.17020 1.17020 1.17020 1.17020 1.17020 1.17020 1.17020 1.17020 1.17020 1.09802 1.06462 1.06462 1.06462 1.06462 1.06462 1.06462 1.06462 1.06462 1.06462
0.00000 0.00000 0.00000 0.00000 0.00000 0.00000 0.00000 0.00000 0.00000 0.00000 0.00000 0.00000 0.00000 0.00000 1.43617 1.38766 1.35471 1.32158 1.28874 1.25590 1.22277 1.19156 1.18396 1.18396 1.18396 1.18396 1.18396 1.18396 1.18396 1.18396 1.18396 1.18396 1.18396 1.18396 1.18111 1.17020 1.17020 1.17020 1.17020 1.17020 1.17020 1.17020 1.17020 1.17020 1.17020 1.17020 1.17020 1.17020 1.17020 1.17020 1.17020 1.17020 1.17020 1.17020 1.17020 1.17020 1.12036 1.06462 1.06462 1.06462 1.06462 1.06462 1.06462 1.06462 1.06462 1.06462
0.00000 0.00000 0.00000 0.00000 0.00000 0.00000 0.00000 0.00000 0.00000 0.00000 0.00000 0.00000 0.00000 0.00000 1.18396 1.18396 1.18396 1.18396 1.18396 1.18396 1.18396 1.18396 1.18396 1.18396 1.18396 1.18396 1.18396 1.18396 1.18396 1.18396 1.18396 1.18396 1.18396 1.18396 1.18364 1.17062 1.17020 1.17020 1.17020 1.17020 1.17020 1.17020 1.17020 1.17020 1.17020 1.17020 1.17020 1.17020 1.17020 1.17020 1.17020 1.17020 1.17020 1.17020 1.17020 1.17020 1.14268 1.06462 1.06462 1.06462 1.06462 1.06462 1.06462 1.06462 1.06462 1.06462
0.00000 0.00000 0.00000 0.00000 0.00000 0.00000 0.00000 0.00000 0.00000 0.00000 0.00000 0.00000 0.00000 0.00000 1.18396 1.18396 1.18396 1.18396 1.18396 1.18396 1.18396 1.18396 1.18396 1.18396 1.18396 1.18396 1.18396 1.18396 1.18396 1.18396 1.18396 1.18396 1.18396 1.18396 1.18396 1.17324 1.17020 1.17020 1.17020 1.17020 1.17020 1.17020 1.17020 1.17020 1.17020 1.17020 1.17020 1.17020 1.17020 1.17020 1.17020 1.17020 1.17020 1.17020 1.17020 1.17020 1.16421 1.06541 1.06462 1.06462 1.06462 1.06462 1.06462 1.06462 1.06462 1.06462
0.00000 0.00000 0.00000 0.00000 0.00000 0.00000 0.00000 0.00000 0.00000 0.00000 0.00000 0.00000 0.00000 0.00000 1.18396 1.18396 1.18396 1.18396 1.18396 1.18396 1.18396 1.18396 1.18396 1.18396 1.18396 1.18396 1.18396 1.18396 1.18396 1.18396 1.18396 1.18396 1.18396 1.18396 1.18396 1.17619 1.17020 1.17020 1.17020 1.17020 1.17020 1.17020 1.17020 1.17020 1.17020 1.17020 1.17020 1.17020 1.17020 1.17020 1.17020 1.17020 1.17020 1.17020 1.17020 1.17020 1.17020 1.08172 1.06462 1.06462 1.06462 1.06462 1.06462 1.06462 1.06462 1.06462
0.00000 0.00000 0.00000 0.00000 0.00000 0.00000 0.00000 0.00000 0.00000 0.00000 0.00000 0.00000 0.00000 0.00000 1.18396 1.18396 1.18396 1.18396 1.18396 1.18396 1.18396 1.18396 1.18396 1.18396 1.18396 1.18396 1.18396 1.18396 1.18396 1.18396 1.18396 1.18396 1.18396 1.18396 1.18396 1.17914 1.17020 1.17020 1.17020 1.17020 1.17020 1.17020 1.17020 1.17020 1.17020 1.17020 1.17020 1.17020 1.17020 1.17020 1.17020 1.17020 1.17020 1.17020 1.17020 1.17020 1.17020 1.10405 1.06462 1.06462 1.06462 1.06462 1.06462 1.06462 1.06462 1.06462
0.00000 0.00000 0.00000 0.00000 0.00000 0.00000 0.00000 0.00000 0.00000 0.00000 0.00000 0.00000 0.00000 0.00000 0.00000 1.18396 1.18396 1.18396 1.18396 1.18396 1.18396 1.18396 1.18396 1.18396 1.18396 1.18396 1.18396 1.18396 1.18396 1.18396 1.18396 1.18396 1.18396 1.18396 1.18396 1.18208 1.17020 1.17020 1.17020 1.17020 1.17020 1.17020 1.17020 1.17020 1.17020 1.17020 1.17660 1.19771 1.21924 1.24091 1.26244 1.28411 1.30569 1.32731 1.34889 1.37051 1.39209 1.33524 1.06462 1.06462 1.06462 1.06462 1.06462 1.06462 1.06462 1.06462
0.00000 0.00000 0.00000 0.00000 0.00000 0.00000 0.00000 0.00000 0.00000 0.00000 0.00000 0.00000 0.00000 0.00000 0.00000 1.18396 1.18396 1.18396 1.18396 1.18396 1.18396 1.18396 1.18396 1.18396 1.18396 1.18396 1.18396 1.18620 1.20020 1.21595 1.23175 1.24744 1.26313 1.27899 1.29468 1.31037 1.38101 1.41156 1.43305 1.45476 1.47625 1.49796 1.51949 1.54116 1.56269 1.58436 1.59949 1.60005 1.60005 1.60005 1.60005 1.60005 1.60005 1.60005 1.60005 1.60005 1.60005 1.60005 0.00000 0.00000 0.00000 0.00000 0.00000 0.00000 0.00000 0.00000
0.00000 0.00000 0.00000 0.00000 0.00000 0.00000 0.00000 0.00000 0.00000 0.00000 0.00000 0.00000 0.00000 0.00000 0.00000 1.25824 1.28798 1.30381 1.31953 1.33522 1.35105 1.36676 1.38245 1.39826 1.41397 1.42969 1.44547 1.45900 1.46069 1.46069 1.46069 1.46069 1.46069 1.46069 1.46069 1.46069 1.55936 1.60005 1.60005 1.60005 1.60005 1.60005 1.60005 1.60005 1.60005 1.60005 1.60005 1.60005 1.60005 1.60005 1.60005 1.60005 1.60005 1.60005 1.60005 1.60005 1.60005 1.60005 1.60005 0.00000 0.00000 0.00000 0.00000 0.00000 0.00000 0.00000
