High_resolution/powerplant/Fengdu/OMI_NO2_200501.asc
ncols      200
nrows      200
xllcorner       105.978
yllcorner       28.1831
cellsize     0.0166667
NODATA_Value      -999.000
[rows 0 to 28 of 200, columns 0 to 66 of 200]
2.54610 2.54631 2.54631 2.54631 2.54631 2.54631 2.71172 3.22653 3.31599 3.32791 3.32791 3.32791 3.32147 3.30900 3.29661 3.28484 3.27296 3.26124 3.25001 3.34060 4.14631 4.15365 4.22401 2.30458 1.90160 1.90160 0.00000 3.21889 3.21889 3.21889 3.21889 3.21889 3.21889 3.21889 3.21889 3.21889 3.21889 3.21889 3.21889 3.21889 3.21889 3.21889 3.21889 3.21889 0.00000 0.206042 0.206042 0.206042 0.206042 0.206042 0.206042 0.206042 0.206042 0.206042 0.352919 0.856992 0.856992 0.856992 0.856992 0.992927 1.57649 2.02339 2.34890 2.58590 2.75405 3.43796 3.43812
2.38019 2.37553 2.37084 2.36642 2.36201 2.35758 2.37448 2.97934 2.99662 2.98936 2.98202 2.97468 2.97133 2.97133 2.97133 2.97133 2.97133 2.97133 2.97133 2.97316 3.51359 3.56391 3.40794 2.65831 2.25546 2.78487 3.21889 3.21889 3.21889 3.21889 3.21889 3.21889 3.21889 3.21889 3.21889 3.21889 3.21889 3.21889 3.21889 3.15576 2.77849 2.45108 2.19735 1.99299 0.564441 0.206042 0.206042 0.206042 0.206042 0.206042 0.206042 0.206042 0.206042 0.206042 0.214832 1.09808 1.71408 2.12199 2.42281 2.61865 2.63699 2.63699 2.63699 2.63699 2.63699 3.30514 3.43330
2.33140 2.33140 2.33140 2.33140 2.33140 2.33140 2.33140 2.80734 2.97133 2.97133 2.97133 2.97133 2.97133 2.97133 2.97133 2.97133 2.97133 2.97133 2.97135 2.97877 3.38769 3.61314 3.43966 3.09315 2.56024 2.78149 3.21889 3.21889 3.21889 3.21889 3.21889 3.21889 3.21889 3.21686 3.12655 3.01825 2.93627 2.87177 2.81977 2.32765 1.71247 1.71247 1.71383 1.72311 1.17546 0.445757 0.499358 0.549437 0.596331 0.640333 0.686937 1.07248 1.52463 1.85813 2.11410 2.41751 2.49592 2.48865 2.48163 2.47481 2.46819 2.46176 2.45552 2.44945 2.44354 2.72026 2.79307
2.33140 2.33140 2.33140 2.33140 2.33140 2.33140 2.33140 2.63088 2.97133 2.97133 2.97133 2.97133 2.97133 2.97133 2.97137 2.97904 2.99223 3.00550 3.01873 3.02451 3.28783 3.61799 3.48524 3.20278 2.48908 2.56058 2.88888 2.84460 2.78408 2.70453 2.64299 2.59480 2.55610 2.52423 2.50432 2.48958 2.47528 2.46159 2.44813 2.33048 1.69701 1.69648 1.71371 1.81627 1.68586 1.11495 1.14554 1.42940 1.71550 1.95150 2.14817 2.21563 2.21563 2.21563 2.21563 2.30073 2.43261 2.43261 2.43261 2.43261 2.43261 2.43261 2.43261 2.43261 2.43261 2.54498 2.84253
2.33140 2.33140 2.33363 2.35216 2.37418 2.39738 2.42111 2.54208 3.12955 3.16019 3.19046 3.23089 3.27861 3.32817 3.37886 3.42237 3.46026 3.49953 3.54017 3.58210 3.45747 3.14510 3.11767 2.77264 2.31376 2.28387 2.41381 2.40900 2.40611 2.40604 2.40604 2.40604 2.40604 2.40604 2.40604 2.40604 2.40604 2.40604 2.40604 2.40604 1.79469 1.69628 1.72202 1.96608 2.11419 2.02561 2.18422 2.21563 2.21563 2.21563 2.21563 2.21563 2.21563 2.21563 2.21563 2.24069 2.43240 2.43261 2.43261 2.43261 2.43261 2.43261 2.43261 2.43261 2.43261 2.43507 2.82948
2.79428 2.85911 2.89963 2.90633 2.90633 2.90633 2.90649 2.92256 3.51456 3.61402 3.63166 3.63884 3.63884 3.63884 3.63884 3.63884 3.63884 3.54845 3.33002 3.11038 2.86254 2.42040 2.26956 2.08190 2.16200 2.27993 2.39058 2.40604 2.40604 2.40604 2.40604 2.40604 2.40604 2.40604 2.40604 2.40604 2.40604 2.40604 2.44506 2.58509 2.31793 2.16558 2.28528 2.38393 2.41748 2.29127 2.21563 2.21563 2.21563 2.21563 2.21563 2.21563 2.21563 2.21563 2.21563 2.21563 2.39716 2.43261 2.43261 2.43261 2.42511 2.39265 2.35829 2.32407 2.28963 2.25543 2.51853
2.71410 2.90633 2.90656 2.92309 2.94949 2.97601 3.00234 3.01270 3.40831 3.63884 3.63884 3.62223 3.44368 3.22423 3.00435 2.78520 2.56556 2.43630 2.43534 2.43534 2.43534 2.26490 2.24248 2.15411 2.08722 2.27993 2.36116 2.40604 2.40604 2.40604 2.40604 2.40604 2.40604 2.40604 2.46196 2.60577 2.75090 2.89603 3.00215 3.00726 2.79411 2.29749 2.29749 2.35842 2.41748 2.35479 2.21563 2.21563 2.21563 2.21563 2.21563 2.21563 2.21563 2.21563 2.22692 2.28079 2.35532 2.32312 2.28892 2.25448 2.22777 2.22586 2.22586 2.22586 2.22586 2.22586 2.38406
2.45041 2.97651 3.00264 3.01270 3.01270 3.01270 3.04410 3.12978 3.21216 2.89869 2.67929 2.47614 2.43534 2.43534 2.43534 2.43534 2.43534 2.43534 2.43534 2.43534 2.43534 2.30070 2.24380 2.23376 2.04604 2.29741 2.35929 2.40604 2.40604 2.40604 2.48168 2.62669 2.77188 2.91696 3.00618 3.00726 3.00726 3.00726 3.00726 3.00726 2.97489 2.31587 2.29749 2.33296 2.41748 2.41009 2.22404 2.21563 2.22200 2.27175 2.32976 2.38774 2.44568 2.50370 2.55043 2.55449 2.46236 2.22586 2.22586 2.22586 2.22586 2.22586 2.27853 2.47557 2.68061 2.88599 3.06685
2.58426 3.36046 3.44534 3.50885 3.56344 3.61151 3.64439 3.65738 3.65338 2.80190 2.75869 2.77175 2.78423 2.79662 2.80967 2.82210 2.83459 2.84764 2.86007 2.87255 2.88561 2.74724 2.59751 2.59844 2.42836 2.55870 2.65645 2.64743 2.79263 2.93764 3.00726 3.00726 3.00726 3.00726 3.00726 3.00726 3.00726 3.00726 3.00726 3.00726 3.00726 2.48260 2.30034 2.35471 2.52242 2.58061 2.50149 2.49465 2.54633 2.55449 2.55449 2.55449 2.55449 2.55449 2.55449 2.55449 2.54266 2.23674 2.32715 2.53245 2.73766 2.94287 3.09533 3.10358 3.10358 3.10358 3.10358
3.71672 3.81675 3.84661 3.84661 3.84661 3.84661 3.84661 3.84661 3.84661 3.21730 2.90995 2.90995 2.90995 2.90995 2.90995 2.90995 2.90995 2.90995 2.90995 2.90995 2.90995 2.83094 2.58163 2.55842 2.59433 2.89527 3.08003 3.00726 3.00726 3.00726 3.00726 3.00726 3.00726 3.00726 3.00726 3.00726 3.00726 3.00391 2.99750 2.99107 2.98465 2.78943 2.62266 2.63635 2.74084 2.75634 2.68291 2.55449 2.55449 2.55575 2.56259 2.57019 2.57797 2.59401 2.76436 2.99937 3.24120 3.22276 3.25688 3.27648 3.29671 3.31755 3.33914 3.36136 3.38439 3.40823 3.43292
3.77963 3.77502 3.84661 3.84661 3.84661 3.84661 3.84661 3.84661 3.84661 3.48600 2.90995 2.90995 2.90995 2.90995 2.90995 2.90995 2.90995 2.90906 2.88692 2.85608 2.82500 2.78741 2.51257 2.50508 2.54213 2.85746 3.08676 3.01764 3.02550 3.04785 3.07080 3.09264 3.11061 3.12894 3.14777 3.16709 3.18729 3.21241 3.24201 3.27271 3.30455 3.26207 2.93536 2.96223 3.01307 3.04119 3.04158 2.79547 2.80535 2.86480 3.14263 3.45031 3.75826 4.05462 4.13638 4.13638 4.13638 3.91564 3.64343 3.64343 3.64343 3.64343 3.64343 3.64343 3.64343 3.64343 3.64343
3.84172 3.72328 3.84512 3.84661 3.84661 3.84661 3.84661 3.84661 3.84565 3.74341 2.92583 2.92875 2.93475 2.93954 2.92481 2.90311 2.88195 2.86240 2.86124 2.86761 2.87376 2.87978 2.74596 2.71620 2.73213 3.07659 3.47650 3.61015 3.65135 3.64171 3.63211 3.62477 3.62431 3.62431 3.62431 3.62431 3.62431 3.62431 3.62431 3.62431 3.62431 3.62318 3.17576 3.12258 3.12258 3.20979 3.50502 3.60655 3.84344 4.10504 4.13638 4.13638 4.13638 4.13638 4.13638 4.13638 4.13638 4.05258 3.64343 3.64343 3.64343 3.64343 3.64343 3.64343 3.64343 3.64343 3.64343
3.92347 3.62869 3.71403 3.73674 3.73021 3.72384 3.71771 3.71166 3.70640 3.70457 3.11756 2.96169 2.93843 2.91602 2.90964 2.90964 2.90964 2.90964 2.90964 2.90964 2.92075 2.95185 2.93565 2.92585 2.96799 3.20876 3.48828 3.56579 3.62431 3.62431 3.62431 3.62431 3.62431 3.62431 3.62431 3.62431 3.62431 3.62431 3.62431 3.62431 3.62431 3.74600 3.73966 3.85097 4.15527 4.37197 4.38103 4.27851 4.13638 4.13638 4.13638 4.13638 4.13638 4.13638 4.13638 4.13638 4.13638 4.13554 3.69741 3.64343 3.64343 3.64343 3.64343 3.66313 3.83276 4.03235 4.23279
4.03527 3.61522 3.63343 3.70549 3.70549 3.70444 3.68700 3.66371 3.64052 3.61818 3.24381 2.90964 2.90964 2.90964 2.91141 2.93594 2.96745 2.99897 3.03054 3.06213 3.08252 3.08292 3.06477 3.01651 3.01651 3.08233 3.46443 3.54804 3.62431 3.62431 3.62431 3.62431 3.62431 3.62431 3.62431 3.62431 3.62444 3.78615 4.09044 4.39436 4.69865 4.88126 4.71503 4.38103 4.38103 4.38103 4.38103 4.35440 4.13748 4.13638 4.13638 4.13638 4.13638 4.13638 4.13638 4.13638 4.13638 4.15149 4.00825 4.04057 4.24089 4.44084 4.64068 4.82119 4.85163 4.85163 4.85163
4.09057 3.66460 3.58329 3.66306 3.64013 3.61784 3.61213 3.61213 3.61213 3.58240 3.34947 2.98304 3.01456 3.04615 3.07595 3.08292 3.08292 3.08292 3.08292 3.08292 3.08292 3.08292 3.07691 3.01651 3.01651 3.01651 3.37394 3.52956 3.62431 3.62431 3.62431 3.62431 3.62872 3.82793 4.13210 4.43627 4.74031 4.88277 4.88277 4.88277 4.88277 4.88277 4.84910 4.38786 4.38103 4.38103 4.38103 4.38103 4.18797 4.13638 4.13638 4.14355 4.25408 4.39821 4.54234 4.68638 4.83042 4.95961 4.93787 4.85163 4.85163 4.85163 4.85163 4.85163 4.85163 4.85990 4.88255
4.09057 3.62901 3.42534 3.47419 3.41711 3.30144 3.18547 3.06998 2.95448 2.86819 2.84970 2.83459 2.81876 2.80269 2.78703 2.77136 2.75506 2.73939 2.72373 2.70754 2.69158 2.67592 2.66011 2.45861 2.41033 2.38945 2.58689 2.83113 3.53191 3.86971 4.17388 4.47817 4.77781 4.88277 4.88277 4.88277 4.88277 4.88277 4.88277 4.88277 4.88277 4.88277 4.88277 4.49498 4.38103 4.38331 4.47847 4.62260 4.65046 4.66611 4.81033 4.94703 4.98072 4.98072 4.98072 4.98072 4.98072 4.98072 4.97204 4.85321 4.85180 4.86584 4.88876 4.91168 4.93460 4.94927 4.94952
3.33684 2.31325 2.23129 2.34164 2.49561 2.49561 2.49561 2.49561 2.49561 2.49561 2.49561 2.49606 2.49630 2.49630 2.49630 2.49630 2.49630 2.49630 2.49630 2.49630 2.49630 2.49630 2.49630 2.33431 2.24667 2.38484 2.64921 3.29181 4.33623 4.88277 4.88277 4.88277 4.88277 4.88277 4.88277 4.88277 4.88277 4.88277 4.88277 4.88277 4.88015 4.87381 4.86743 4.86455 5.03455 5.17649 5.22537 5.22537 5.18618 4.98072 4.98072 4.98072 4.98072 4.98072 4.98072 4.98072 4.98247 5.00113 5.02405 4.94614 4.94065 4.94952 4.94952 4.94952 4.94952 4.94952 4.94952
1.97097 1.76316 1.93350 2.14319 2.49479 2.49561 2.49561 2.49561 2.49561 2.49561 2.49561 2.49587 2.49630 2.49630 2.49630 2.49630 2.49630 2.49630 2.49630 2.49630 2.50656 2.61180 2.73921 2.81236 2.88608 2.91880 2.92007 3.43872 4.12592 4.88277 4.88277 4.88277 4.88277 4.88277 4.86792 4.81418 4.76081 4.70980 4.66099 4.61390 4.57129 4.53368 4.49758 4.52815 4.73356 4.74983 5.22537 5.22537 5.22537 5.01851 4.98072 4.98072 4.98572 5.00734 5.03025 5.05319 5.07435 5.07861 5.07861 5.01363 4.94952 4.94952 4.94952 4.94952 4.94952 4.94952 4.94952
1.97097 1.90981 1.81436 2.07735 2.42877 2.49561 2.49561 2.49561 2.49561 2.49561 2.49561 2.49567 2.49629 2.49630 2.49674 2.50067 2.51704 2.62799 2.76059 2.89262 3.01472 3.04175 3.04642 3.01845 2.88806 2.88578 2.88355 3.14585 3.63166 4.27526 4.24449 4.21447 4.18569 4.15783 4.13763 4.13649 4.13649 4.13649 4.13649 4.13649 4.13649 4.13649 4.13649 4.13869 4.36906 4.39402 5.16071 5.22537 5.15054 4.98532 5.03647 5.05938 5.07730 5.07861 5.07861 5.07861 5.07861 5.07861 5.07861 5.04950 4.94952 4.94952 4.94952 4.94952 4.94952 4.94952 4.94952
1.97097 1.97097 1.72559 2.12256 2.35051 2.53877 2.54343 2.54804 2.55268 2.55731 2.56193 2.56657 2.58470 2.69762 2.82964 2.95757 3.07390 3.09474 3.09474 3.09474 3.09474 3.09474 3.09474 3.09277 2.91279 2.94468 2.97923 3.11900 3.47716 4.13649 4.13649 4.13649 4.13649 4.13649 4.13649 4.13649 4.13649 4.13649 4.13649 4.13649 4.13649 4.13649 4.13649 4.13638 4.23242 4.19510 4.51536 4.55739 4.44373 4.58026 5.07861 5.07861 5.07861 5.07861 5.07861 5.07861 5.07861 5.07861 5.07861 5.07687 4.95801 4.94952 4.94952 4.94952 4.94952 4.94952 4.94967
1.97097 1.97097 1.62460 2.18184 2.26636 2.58068 2.58071 2.58071 2.59488 2.70481 2.83225 2.96001 3.07500 3.09474 3.09474 3.09474 3.09474 3.09558 3.11964 3.15419 3.18885 3.22353 3.25810 3.28396 3.09967 3.05874 3.05874 3.06338 3.41169 4.05557 4.13649 4.13649 4.13649 4.13649 4.13649 4.13649 4.13649 4.13649 4.13649 4.13419 4.04960 3.92382 3.79805 3.67249 3.70789 3.86700 4.11456 4.44255 4.44255 4.44612 5.01322 5.07861 5.07861 5.07861 5.07861 5.07861 5.07861 5.07861 5.07861 5.07861 4.99231 4.95323 4.95800 4.96275 4.96752 4.97226 4.97690
1.97097 1.97097 1.66183 2.08801 2.19082 2.63580 2.83502 2.96310 3.07603 3.09405 3.09405 3.09405 3.09779 3.13720 3.17182 3.20637 3.24104 3.27486 3.28541 3.28541 3.28541 3.28541 3.28541 3.28541 3.14854 3.05874 3.05874 3.05874 3.31477 3.87428 4.13649 4.13649 4.13649 4.13649 4.13649 4.12918 4.03065 3.90493 3.77928 3.65573 3.61461 3.61461 3.61461 3.61461 3.63828 3.86584 4.00363 4.44255 4.44255 4.44255 4.81719 5.07861 5.07861 5.07861 5.07718 4.98142 4.82859 4.67593 4.52336 4.37061 4.53113 4.97824 4.97824 4.97824 4.97824 4.97824 4.97824
1.97097 1.97097 1.77263 1.95646 2.19082 2.71437 3.09657 3.10765 3.12173 3.13599 3.15017 3.16426 3.17902 3.33229 3.35060 3.35834 3.36639 3.37422 3.38196 3.38981 3.39778 3.40557 3.41331 3.42133 3.34111 3.21025 3.21814 3.22605 3.35832 3.85503 4.13649 4.12130 4.01181 3.88604 3.76027 3.64190 3.61461 3.61461 3.61461 3.61461 3.61461 3.61461 3.61461 3.61461 3.61461 3.81863 3.90904 4.44255 4.44255 4.36797 4.39024 4.69871 4.54596 4.39339 4.24207 4.18535 4.18535 4.18535 4.18535 4.18535 4.27812 4.97760 4.97824 4.96867 4.75451 4.38720 3.89310
1.97097 1.97245 1.98586 2.27650 2.58340 2.79013 3.41439 3.41744 3.41744 3.41744 3.41744 3.41744 3.41744 3.52176 3.57517 3.57517 3.57517 3.57517 3.57517 3.57517 3.57517 3.57517 3.57517 3.57517 3.53604 3.34850 3.34850 3.36735 3.47623 3.65498 3.74148 3.63084 3.61461 3.61461 3.61461 3.61461 3.61461 3.61461 3.61461 3.61461 3.61461 3.61461 3.61461 3.61744 3.62687 3.64041 3.52702 3.72590 3.62728 3.54930 3.56348 4.14674 4.18535 4.18535 4.18535 4.18535 4.18535 4.18535 4.18535 4.13163 3.75968 4.09946 3.72496 2.97816 2.71479 2.73126 2.74723
2.07619 2.10000 2.10548 2.22364 2.62201 2.62328 3.33409 3.41744 3.41744 3.41744 3.41744 3.41744 3.41744 3.47670 3.57517 3.57517 3.57517 3.57517 3.57517 3.57517 3.57517 3.57517 3.57517 3.59495 3.69173 3.58704 3.68218 3.77138 3.78045 3.54702 3.61461 3.61461 3.61461 3.61461 3.61461 3.61461 3.61461 3.61548 3.62358 3.63328 3.64281 3.64333 3.63870 3.63142 3.61754 3.50446 3.19117 3.37085 3.49022 3.48458 3.47915 3.80638 3.97376 3.96077 3.94825 3.83470 3.49240 3.08348 2.59503 2.10057 2.05619 2.55404 2.92607 2.93088 2.93443 2.93464 2.93464
2.10548 2.10548 2.10548 2.11942 2.59234 2.62201 3.11108 3.41744 3.41744 3.41744 3.41744 3.41744 3.41744 3.43258 3.57444 3.57517 3.57517 3.57517 3.57517 3.59590 3.69486 3.79189 3.88719 3.96287 3.95896 3.77888 3.70949 3.69888 3.68826 3.54875 3.45242 3.44917 3.44066 3.43618 3.43162 3.42717 3.42273 3.41740 3.40471 3.39056 3.37658 3.37160 3.37160 3.37160 3.37160 3.36316 2.99418 3.18270 3.41910 3.41910 3.41879 3.45440 3.35984 2.98018 2.51808 2.15143 2.14175 2.14175 2.14175 2.14175 2.14175 2.36948 2.93464 2.93464 2.93464 2.93464 2.93464
2.10548 2.10548 2.10548 2.11530 2.48128 2.56830 2.77753 3.35283 3.34067 3.32855 3.31630 3.30425 3.29200 3.27990 3.39476 3.43543 3.52423 3.61921 3.71482 3.78918 3.78572 3.78395 3.78395 3.78395 3.78395 3.66474 3.54878 3.51010 3.46862 3.40874 3.24331 3.36755 3.37160 3.37160 3.37160 3.37160 3.37160 3.37160 3.37160 3.37160 3.37160 3.37160 3.37160 3.37160 3.37160 3.37160 3.09402 3.00090 3.20831 3.08525 2.96239 2.88303 2.17543 2.14175 2.14175 2.14175 2.14175 2.14175 2.14175 2.14175 2.14175 2.17362 2.92490 3.50287 4.22392 4.83119 5.35133
2.10548 2.10548 2.10548 2.11153 2.23828 2.32446 2.33175 3.12482 3.19427 3.19427 3.19427 3.21777 3.31950 3.42645 3.61652 3.77704 3.78395 3.78395 3.78395 3.78395 3.78361 3.75782 3.71632 3.67483 3.63335 3.52144 3.33164 3.32881 3.32881 3.32881 3.24443 3.37160 3.37160 3.37160 3.37160 3.37160 3.37160 3.37160 3.37160 3.37160 3.37160 3.37160 3.36380 3.26619 3.14302 3.02000 2.73608 2.48790 2.91275 2.91117 2.90909 2.90909 2.43581 2.14175 2.14175 2.14175 2.14175 2.14175 2.57450 3.54478 4.20564 4.76984 5.64749 5.93058 6.01727 6.16740 6.31633
2.10548 2.10548 2.10548 2.10670 2.19078 2.32446 2.32446 2.91337 3.32131 3.42860 3.53633 3.62000 3.62622 3.62622 3.66340 3.77574 3.73706 3.69557 3.65409 3.61260 3.57146 3.55576 3.55576 3.55576 3.55576 3.53417 3.32888 3.32881 3.32881 3.32881 3.28371 3.36880 3.37160 3.37160 3.37160 3.37160 3.37160 3.37160 3.35615 3.24844 3.12527 3.00236 2.88704 2.86160 2.86332 2.89662 2.89067 2.65137 2.97479 2.95003 2.90909 2.90909 2.67713 2.14175 2.14175 2.14175 2.14175 2.14175 3.57988 5.49542 5.55931 5.62309 6.11166 6.76883 6.83128 6.83128 6.83128
