High_resolution/powerplant/Fengdu/OMI_NO2_201001.asc
ncols      200
nrows      200
xllcorner       105.978
yllcorner       28.1831
cellsize     0.0166667
NODATA_Value      -999.000
[rows 0 to 28 of 200, columns 0 to 66 of 200]
0.00000 0.00000 0.00000 0.00000 0.00000 0.00000 0.00000 0.00000 0.00000 0.00000 0.00000 0.00000 0.00000 0.00000 0.00000 0.00000 0.00000 0.00000 0.00000 0.00000 0.00000 0.00000 5.26132 5.26132 5.26132 5.26132 5.26132 5.26132 5.26132 5.26132 5.26132 5.26132 5.26132 5.26132 5.26132 5.26132 5.26132 5.26132 0.00000 0.00000 0.00000 0.00000 0.00000 0.00000 0.00000 0.00000 0.00000 0.00000 0.00000 0.00000 0.00000 0.00000 0.00000 0.00000 0.00000 0.00000 0.00000 0.00000 8.02980 8.02980 8.02980 8.02980 8.02980 8.02980 8.02980 8.02980 8.02980
0.00000 0.00000 0.00000 0.00000 0.00000 0.00000 0.00000 0.00000 0.00000 0.00000 0.00000 0.00000 0.00000 0.00000 0.00000 0.00000 0.00000 0.00000 6.26355 5.26132 5.26132 5.26132 5.26132 5.26132 5.26132 5.26132 5.26132 5.26132 5.26132 5.26132 5.26132 5.26132 5.26132 5.26132 5.26132 5.26132 5.26132 5.26132 5.26132 0.00000 0.00000 0.00000 0.00000 0.00000 0.00000 0.00000 0.00000 0.00000 0.00000 0.00000 0.00000 0.00000 0.00000 6.20974 6.20974 6.20974 7.03805 8.02980 8.02980 8.02980 8.02980 8.02980 8.02980 8.02980 8.02980 8.02980 8.02980
0.00000 0.00000 0.00000 0.00000 0.00000 0.00000 0.00000 0.00000 0.00000 0.00000 0.00000 0.00000 0.00000 8.56866 8.56866 8.56866 8.56866 8.56866 8.12687 5.26430 5.26132 5.26132 5.26132 5.26132 5.26132 5.26132 5.26132 5.26132 5.26132 5.26132 5.26132 5.26132 5.26132 5.26132 5.26132 5.26132 5.26132 5.26132 5.26132 0.00000 0.00000 0.00000 0.00000 0.00000 0.00000 0.00000 0.00000 0.00000 6.20974 6.20974 6.20974 6.20974 6.20974 6.20974 6.20974 6.20974 6.51551 8.02980 8.02980 8.02980 8.02980 8.02980 8.02980 8.02980 8.02980 8.02980 8.02980
0.00000 0.00000 0.00000 0.00000 0.00000 0.00000 0.00000 0.00000 0.00000 8.56866 8.56866 8.56866 8.56866 8.56866 8.56866 8.56866 8.56866 8.56866 8.56866 5.84822 5.26132 5.26132 5.26132 5.26132 5.26132 5.26132 5.26132 5.26132 5.26132 5.26132 5.26132 5.26132 5.26132 5.26132 5.26132 5.26132 5.26132 5.26132 5.26132 0.00000 0.00000 0.00000 0.00000 0.00000 6.20974 6.20974 6.20974 6.20974 6.20974 6.20974 6.20974 6.20974 6.20974 6.20974 6.20974 6.20974 6.21065 7.78748 8.02980 8.02980 8.02980 8.02980 8.02980 8.02980 8.02980 8.02980 8.02980
0.00000 0.00000 0.00000 0.00000 0.00000 8.56866 8.56866 8.56866 8.56866 8.56866 8.56866 8.56866 8.56866 8.56866 8.56866 8.56866 8.56866 8.56866 8.56866 6.86984 5.26132 5.26132 5.26132 5.26132 5.26132 5.26132 5.26132 5.26132 5.26132 5.26132 5.26132 5.26132 5.26132 5.26132 5.26132 5.26132 5.26132 5.26132 5.26132 6.20974 6.20974 6.20974 6.20974 6.20974 6.20974 6.20974 6.20974 6.20974 6.20974 6.20974 6.20974 6.20974 6.20974 6.20974 6.20974 6.20974 6.20974 7.24171 8.02980 8.02980 8.02980 8.02980 8.02980 8.02980 8.02980 8.02980 8.02980
8.56866 8.56866 8.56866 8.56866 8.56866 8.56866 8.56866 8.56866 8.56866 8.56866 8.56866 8.56866 8.56866 8.56866 8.56866 8.56866 8.56866 8.56866 8.56866 7.89065 5.26132 5.26132 5.26132 5.26132 5.26132 5.26132 5.26132 5.26132 5.26132 5.26132 5.26132 5.26132 5.26132 5.26132 5.26220 5.32304 5.41987 5.51687 5.61459 6.14896 6.20974 6.20974 6.20974 6.20974 6.20974 6.20974 6.20974 6.20974 6.20974 6.20974 6.20974 6.20974 6.20974 6.20974 6.20974 6.20974 6.20974 6.69570 8.02980 8.02980 8.02980 8.02980 8.02980 8.02980 8.02980 8.02980 8.02980
8.56866 8.56866 8.56866 8.56866 8.56866 8.56866 8.56866 8.56866 8.56866 8.56866 8.56866 8.56866 8.56866 8.56866 8.56866 8.56866 8.56866 8.56866 8.56866 8.55477 5.61786 5.26132 5.26132 5.26132 5.26132 5.26132 5.26132 5.26132 5.26132 5.26132 5.28304 5.37473 5.47164 5.56865 5.66465 5.70087 5.70087 5.70087 5.70087 5.99637 6.20974 6.20974 6.20974 6.20974 6.20974 6.20974 6.20974 6.20974 6.20974 6.20974 6.20974 6.20974 6.20974 6.20974 6.20974 6.20974 6.20974 6.25124 7.92805 8.02980 8.02980 8.02980 8.02980 8.02980 8.02980 8.02980 8.81084
8.56866 8.56866 8.56866 8.56866 8.56866 8.56866 8.56866 8.56866 8.56866 8.56866 8.56866 8.56866 8.56866 8.56866 8.56866 8.56866 8.56866 8.56866 8.56866 8.56866 6.62533 5.26132 5.26132 5.26132 5.26132 5.26330 5.32950 5.42650 5.52342 5.62043 5.69555 5.70087 5.70087 5.70087 5.70087 5.70087 5.70087 5.70087 5.70087 5.84145 6.20974 6.20974 6.20974 6.20974 6.20974 6.20974 6.20974 6.20974 6.20974 6.20974 6.20974 6.20974 6.20974 6.20974 6.20974 6.20974 6.20974 6.20974 7.42190 8.02980 8.02980 8.58411 10.1310 11.6969 13.2620 14.8279 15.6127
8.56866 8.56866 8.56866 8.56866 8.56866 8.56866 8.56866 8.56866 8.56866 8.56866 8.56866 8.56866 8.56866 8.56866 8.56866 8.56866 8.56866 8.56866 8.56866 8.56866 7.64567 5.28765 5.38128 5.47824 5.57511 5.67014 5.70087 5.70087 5.70087 5.70087 5.70087 5.70087 5.70087 5.70087 5.70087 5.70087 5.70087 5.70087 5.70087 5.71374 6.18247 6.20974 6.20974 6.20974 6.20974 6.20974 6.20974 6.20974 6.20974 6.20974 6.20974 6.20974 6.20974 6.20974 6.20974 6.20974 6.12678 5.71153 7.39870 13.0171 14.5814 15.5930 15.6127 15.6127 15.6127 15.6127 15.6127
8.56866 8.56866 8.56866 8.56866 8.56866 8.56866 8.56866 8.56866 8.56866 8.56866 8.56866 8.56866 8.56866 8.56866 8.56866 8.56866 8.56575 8.41358 8.17796 7.94244 7.64912 5.79612 5.70087 5.70087 5.70087 5.70087 5.70087 5.70087 5.70087 5.70087 5.70087 5.70087 5.70087 5.70087 5.70087 5.70087 5.70087 5.70087 5.70087 5.70087 6.04039 6.20974 6.20974 6.20974 6.20974 6.20974 6.20974 6.20974 6.20974 6.20974 6.20974 6.19079 5.85388 5.40409 4.95452 4.50495 4.13834 4.10402 4.99824 15.4781 15.6127 15.6127 15.6127 15.6127 15.6127 15.6127 15.6127
0.00000 8.56866 8.56866 8.56866 8.56866 8.56866 8.56866 8.56866 8.56866 8.56866 8.56866 8.56866 8.53051 8.31682 8.08120 7.84547 7.61286 7.52930 7.52930 7.52930 7.52930 6.31315 5.70087 5.70087 5.70087 5.70087 5.70087 5.70087 5.70087 5.70087 5.70087 5.70087 5.70087 5.70087 5.70087 5.70087 5.70087 5.70087 5.70087 5.70087 5.88549 6.20974 6.20974 6.20974 6.20974 6.20974 6.20974 5.99580 5.54644 5.09697 4.64708 4.21667 4.10402 4.10402 4.10402 4.10402 4.10402 4.10402 4.10402 12.9197 15.6127 15.6127 15.6127 15.6127 15.6127 15.6127 15.6127
0.00000 8.56866 8.56866 8.56866 8.56866 8.56866 8.56866 8.56866 8.45557 8.22005 7.98443 7.74870 7.55123 7.52930 7.52930 7.52930 7.52930 7.52930 7.52930 7.52930 7.52930 6.87319 5.70087 5.70087 5.70087 5.70087 5.70087 5.70087 5.70087 5.70087 5.70087 5.70087 5.70087 5.70087 5.70087 5.70087 5.70087 5.70087 5.70087 5.70087 5.73796 6.20241 6.11204 5.68879 5.23900 4.78943 4.33986 4.10402 4.10402 4.10402 4.10402 4.10402 4.10402 4.10402 4.10402 4.10402 4.10402 4.10402 4.10402 9.46707 15.6127 15.6127 15.6127 15.6127 15.6127 15.6127 15.6127
0.00000 8.56866 8.56866 8.55068 8.35891 8.12319 7.88756 7.65205 7.52930 7.52930 7.52930 7.52930 7.52930 7.52930 7.52930 7.52930 7.52930 7.52930 7.52930 7.52930 7.52930 7.40312 5.73104 5.70087 5.70087 5.70087 5.70087 5.70087 5.70087 5.70087 5.70087 5.70087 5.70087 5.70087 5.70087 5.70087 5.70087 5.69107 5.44024 5.08643 4.73277 4.46177 4.13013 4.10402 4.10402 4.10402 4.10402 4.10402 4.10402 4.10402 4.10402 4.10402 4.10402 4.10402 4.10402 4.10402 4.10402 4.10402 4.10402 6.02405 15.6127 15.6127 15.6127 15.6127 15.6127 15.6127 15.6127
0.00000 0.00000 7.81456 7.57305 7.52930 7.52930 7.52930 7.52930 7.52930 7.52930 7.52930 7.52930 7.52930 7.52930 7.52930 7.52930 7.52930 7.52930 7.52930 7.52930 7.52930 7.52930 6.16465 5.70087 5.70087 5.70087 5.70087 5.70087 5.70087 5.70087 5.70087 5.70087 5.70087 5.59321 5.24823 4.89457 4.54076 4.19690 4.09407 4.09407 4.09407 4.09856 4.10402 4.10402 4.10402 4.10402 4.10402 4.10402 4.10402 4.10402 4.10402 4.10402 4.10402 4.10402 4.10402 4.10402 4.10402 4.10402 4.10402 4.10977 14.0753 15.6127 15.6127 15.6127 15.6127 15.6127 15.6127
0.00000 0.00000 7.52930 7.52930 7.52930 7.52930 7.52930 7.52930 7.52930 7.52930 7.52930 7.52930 7.52930 7.52930 7.52930 7.52930 7.52930 7.52930 7.52930 7.52930 7.52930 7.52930 6.72489 5.70087 5.70087 5.70087 5.70087 5.70087 5.68255 5.41004 5.05622 4.70256 4.34874 4.10274 4.09407 4.09407 4.09407 4.09407 4.09407 4.09407 4.09407 4.09554 4.10402 4.10402 4.10402 4.10402 4.10402 4.10402 4.10402 4.10402 4.10402 4.10402 4.10402 4.10402 4.10402 4.10402 4.10402 4.10402 4.10402 4.10402 10.6294 15.6127 15.6127 15.6127 15.6127 15.6127 15.6127
0.00000 0.00000 7.52930 7.52930 7.52930 7.52930 7.52930 7.52930 7.52930 7.52930 7.52930 7.52930 7.52930 7.52930 7.52930 7.52930 7.52930 7.52930 7.52930 7.52930 7.52930 7.52930 7.28390 5.70196 5.56847 5.21786 4.86437 4.51055 4.17521 4.09407 4.09407 4.09407 4.09407 4.09407 4.09407 4.09407 4.09407 4.09407 4.09407 4.09407 4.09407 4.09407 4.10248 4.10402 4.10402 4.10402 4.10402 4.10402 4.10402 4.10402 4.10402 4.10402 4.10402 4.10402 4.10402 4.10402 4.10402 4.10402 4.10402 4.21930 7.18336 15.6127 15.6127 15.6127 15.6127 0.00000 0.00000
0.00000 0.00000 7.52930 7.52930 7.52930 7.52930 7.52930 7.52930 7.52930 7.52930 7.52930 7.52930 7.52930 7.52930 7.52930 7.52930 7.52930 7.52930 7.52930 7.50274 7.05602 6.46455 5.87387 4.47582 4.09728 4.09407 4.09407 4.09407 4.09407 4.09407 4.09407 4.09407 4.09407 4.09407 4.09407 4.09407 4.09407 4.09407 4.09407 4.09407 4.09407 4.09407 4.09946 4.10402 4.10402 4.10402 4.10402 4.10402 4.10402 4.10402 4.10402 4.10402 4.10402 4.10402 4.13664 4.55137 5.07387 5.59682 6.11981 6.52743 6.55686 6.55686 0.00000 0.00000 0.00000 0.00000 0.00000
0.00000 0.00000 0.00000 7.52930 7.52930 7.52930 7.52930 7.52930 7.52930 7.52930 7.52930 7.52930 7.52930 7.52930 7.52930 7.38273 6.81704 6.22635 5.63462 5.07049 4.92601 4.92601 4.92601 4.49340 4.09407 4.09407 4.09407 4.09407 4.09407 4.09407 4.09407 4.09407 4.09407 4.09407 4.09407 4.09407 4.09407 4.09407 4.09407 4.09407 4.09407 4.09407 4.09644 4.10402 4.10402 4.10402 4.10402 4.10402 4.10402 4.10451 4.38928 4.91247 5.43518 5.95818 6.44820 6.55686 6.55686 6.55686 6.55686 6.55686 6.55686 6.55686 0.00000 0.00000 0.00000 0.00000 0.00000
0.00000 0.00000 0.00000 7.52930 7.52930 7.52930 7.52930 7.52930 7.52930 7.52930 7.52591 7.16952 6.57832 5.98763 5.39590 4.95178 4.92601 4.92601 4.92601 4.92601 4.92601 4.92601 4.92601 4.74923 4.09407 4.09407 4.09407 4.09407 4.09407 4.09407 4.09407 4.09407 4.09407 4.09407 4.09407 4.09407 4.09407 4.09407 4.09407 4.09407 4.09407 4.09407 4.09419 4.10325 4.10402 4.24579 4.75083 5.27353 5.79648 6.31894 6.55686 6.55686 6.55686 6.55686 6.55686 6.55686 6.55686 6.55686 6.55686 6.55686 6.55686 6.55686 0.00000 0.00000 0.00000 0.00000 0.00000
0.00000 0.00000 0.00000 7.52930 7.52930 7.52930 7.45172 6.93080 6.34012 5.74839 5.16109 4.92601 4.92601 4.92601 4.92601 4.92601 4.92601 4.92601 4.92601 4.92601 4.92601 4.92601 4.92601 4.92127 4.17751 4.09407 4.09407 4.09407 4.09407 4.09407 4.09407 4.09407 4.09407 4.09407 4.09407 4.09407 4.09407 4.09407 4.09407 4.09407 4.11020 4.33376 4.62094 5.35337 6.15778 6.53871 6.55686 6.55686 6.55686 6.55686 6.55686 6.55686 6.55686 6.55686 6.55686 6.55686 6.55686 6.55686 6.55686 6.55686 6.55686 6.55686 6.55686 0.00000 0.00000 0.00000 0.00000
0.00000 0.00000 0.00000 0.00000 6.15407 5.50993 4.99656 4.92601 4.92601 4.92601 4.92601 4.92601 4.92601 4.92601 4.92601 4.92601 4.92601 4.92601 4.92601 4.92601 4.92601 4.92601 4.92601 4.92601 4.42831 4.09407 4.09407 4.09407 4.09407 4.09407 4.09407 4.09407 4.09407 4.09407 4.09407 4.09407 4.20285 4.48743 4.77436 5.06128 5.33207 5.39531 5.39531 5.77866 6.55686 6.55686 6.55686 6.55686 6.55686 6.55686 6.55686 6.55686 6.55686 6.55686 6.55686 6.55686 6.55686 6.55686 6.55686 6.55686 6.55686 6.55686 6.55686 0.00000 0.00000 0.00000 0.00000
0.00000 0.00000 0.00000 0.00000 4.92601 4.92601 4.92601 4.92601 4.92601 4.92601 4.92601 4.92601 4.92601 4.92601 4.92601 4.92601 4.92601 4.92601 4.92601 4.92601 4.92601 4.92601 4.92601 4.92601 4.68416 4.09407 4.09407 4.09407 4.09407 4.09407 4.09407 4.11775 4.35395 4.64111 4.92777 5.21496 5.39284 5.39531 5.39531 5.39531 5.39531 5.39531 5.39531 5.45652 6.52736 6.55686 6.55686 6.55686 6.55686 6.55686 6.55686 6.55686 6.55686 6.55686 6.55686 6.55686 6.55686 6.55686 6.55686 6.55686 6.55686 6.55686 6.55686 0.00000 0.00000 0.00000 0.00000
0.00000 0.00000 0.00000 0.00000 4.92601 4.92601 4.92601 4.92601 4.92601 4.92601 4.92601 4.92601 4.92601 4.92601 4.92601 4.92601 4.92601 4.92601 4.92601 4.92601 4.92601 4.92601 4.92601 4.92601 4.90063 4.13317 4.09407 4.22120 4.50760 4.79453 5.08145 5.34469 5.39531 5.39531 5.39531 5.39531 5.39531 5.39531 5.39531 5.39531 5.39531 5.39531 5.39531 5.39531 6.23700 6.55686 6.55686 6.55686 6.55686 6.55686 6.55686 6.55686 6.55686 6.55686 6.55686 6.55686 6.55686 6.55686 6.55686 6.55686 6.55686 6.55686 6.61212 0.00000 0.00000 0.00000 0.00000
0.00000 0.00000 0.00000 0.00000 0.00000 4.92601 4.92601 4.92601 4.92601 4.92601 4.92601 4.92601 4.92601 4.92601 4.92601 4.92601 4.92601 4.92601 4.92601 4.92601 4.92601 4.92601 4.95670 5.27188 5.65641 5.30510 5.23500 5.39479 5.39531 5.39531 5.39531 5.39531 5.39531 5.39531 5.39531 5.39531 5.39531 5.39531 5.39531 5.39531 5.39531 5.39531 5.39531 5.39531 5.88560 6.55686 6.55686 6.55686 6.55686 6.55686 6.55686 6.55686 6.55686 6.55686 6.55686 6.55686 6.55686 6.57297 6.73822 6.93928 7.14023 7.34138 7.49089 7.49900 0.00000 0.00000 0.00000
0.00000 0.00000 0.00000 0.00000 0.00000 4.92601 4.92601 4.92601 4.92601 4.92601 4.92601 4.92601 4.92601 4.92601 4.92601 4.92601 4.92601 4.92601 5.05181 5.42939 5.81392 6.19845 6.55212 6.62146 6.62146 6.16708 5.39531 5.39531 5.39531 5.39531 5.39531 5.39531 5.39531 5.39531 5.39531 5.39531 5.39531 5.39531 5.39531 5.39531 5.39531 5.39531 5.39531 5.39531 5.53609 6.55489 6.55686 6.55686 6.55686 6.55686 6.55686 6.55686 6.55762 6.67482 6.87597 7.07711 7.27807 7.46301 7.49900 7.49900 7.49900 7.49900 7.49900 7.49900 0.00000 0.00000 0.00000
0.00000 0.00000 0.00000 0.00000 0.00000 4.92601 4.92601 4.92601 4.92601 4.92601 4.92601 4.92601 4.92601 4.93516 5.20237 5.58690 5.97126 6.35579 6.61451 6.62146 6.62146 6.62146 6.62146 6.62146 6.62146 6.52666 5.41088 5.39531 5.39531 5.39531 5.39531 5.39531 5.39531 5.39531 5.39531 5.39531 5.39531 5.39531 5.39531 5.39531 5.39531 5.39531 5.39531 5.39531 5.39531 6.34418 6.55686 6.55686 6.61678 6.81284 7.01380 7.21476 7.41524 7.49900 7.49900 7.49900 7.49900 7.49900 7.49900 7.49900 7.49900 7.49900 7.49900 7.49900 0.00000 0.00000 0.00000
0.00000 0.00000 0.00000 0.00000 0.00000 0.00000 4.92601 4.92601 4.92601 5.00180 5.35971 5.74407 6.12876 6.50414 6.62146 6.62146 6.62146 6.62146 6.62146 6.62146 6.62146 6.62146 6.62146 6.62146 6.62146 6.62146 5.69090 5.39531 5.39531 5.39531 5.39531 5.39531 5.39531 5.39531 5.39531 5.39531 5.39531 5.39531 5.39531 5.39531 5.39531 5.39531 5.39531 5.41918 5.66795 6.47834 7.15163 7.35269 7.49382 7.49900 7.49900 7.49900 7.49900 7.49900 7.49900 7.49900 7.49900 7.49900 7.49900 7.49900 7.49900 7.49900 7.49900 7.49900 7.49900 0.00000 0.00000
0.00000 0.00000 0.00000 0.00000 0.00000 0.00000 5.49299 5.90174 6.28610 6.59484 6.62146 6.62146 6.62146 6.62146 6.62146 6.62146 6.62146 6.62146 6.62146 6.62146 6.62146 6.62146 6.62146 6.62146 6.62146 6.62146 6.06615 5.39531 5.39531 5.39531 5.39531 5.39531 5.39531 5.39531 5.39531 5.39531 5.39531 5.39531 5.39531 5.52928 5.83255 6.13638 6.44006 6.72001 6.77506 6.92888 7.49900 7.49900 7.49900 7.49900 7.49900 7.49900 7.49900 7.49900 7.49900 7.49900 7.49900 7.49900 7.49900 7.49900 7.49900 7.49900 7.49900 7.49900 7.49900 0.00000 0.00000
0.00000 0.00000 0.00000 0.00000 0.00000 0.00000 6.62146 6.62146 6.62146 6.62146 6.62146 6.62146 6.62146 6.62146 6.62146 6.62146 6.62146 6.62146 6.62146 6.62146 6.62146 6.62146 6.62146 6.62146 6.62146 6.62146 6.44110 5.39531 5.39531 5.39531 5.39531 5.39531 5.39531 5.39531 5.43036 5.69320 5.99708 6.30084 6.60466 6.77451 6.77506 6.77506 6.77506 6.77506 6.77506 6.77962 7.42979 7.49900 7.49900 7.49900 7.49900 7.49900 7.49900 7.49900 7.49900 7.49900 7.49900 7.49900 7.49900 7.49900 7.49900 7.49900 7.49900 7.49900 7.49900 0.00000 0.00000
