High_resolution/powerplant/Fengdu/OMI_NO2_200503.asc
ncols      200
nrows      200
xllcorner       105.978
yllcorner       28.1831
cellsize     0.0166667
NODATA_Value      -999.000
[rows 145 to 173 of 200, columns 130 to 194 of 200]
0.613150 0.613150 0.613150 0.613150 0.613150 0.613150 0.613150 0.613150 0.613150 0.772018 0.886494 1.34332 1.45669 1.45669 1.45669 1.45838 1.46088 1.46088 1.46088 1.46088 1.46088 1.46088 1.46088 1.46088 1.46088 1.46088 1.46088 1.46088 1.46088 1.46088 1.46088 1.46088 1.46954 1.92196 1.93903 1.93903 1.93903 1.93903 1.93903 1.93903 1.93903 1.93903 1.90026 1.82101 1.74139 1.66157 1.58232 1.50308 1.42383 1.34439 1.26439 1.18514 1.10609 1.02665 0.947213 0.864949 0.312420 0.324663 0.324663 0.324663 0.324663 0.324663 0.324663 0.324663 0.324663
0.613150 0.613150 0.613150 0.613150 0.613150 0.613150 0.613150 0.613150 0.613150 0.709020 0.886494 1.22125 1.45669 1.45669 1.45669 1.45766 1.46088 1.46088 1.46088 1.46088 1.44812 1.40415 1.35869 1.31332 1.26814 1.22278 1.17759 1.13232 1.08695 1.04168 0.996220 0.950946 0.905672 0.775750 0.644410 0.564407 0.485160 0.406102 0.326855 0.247230 0.167226 0.0881681 0.0476935 0.0476935 0.0476935 0.0476935 0.0476935 0.0476935 0.0476935 0.0476935 0.0476935 0.0476935 0.0476935 0.0476935 0.0476935 0.0476935 0.0476935 0.00000 0.00000 0.00000 0.00000 0.00000 0.00000 0.00000 0.00000
0.613150 0.614826 0.614631 0.611874 0.609051 0.606123 0.602939 0.599664 0.595960 0.647084 1.01034 1.11180 1.11494 1.08196 1.04798 0.973388 0.698959 0.653685 0.608411 0.563230 0.530626 0.529322 0.529322 0.529322 0.529322 0.529322 0.529322 0.529322 0.529322 0.529322 0.529322 0.529322 0.529322 0.258234 0.0476935 0.0476935 0.0476935 0.0476935 0.0476935 0.0476935 0.0476935 0.0476935 0.0476935 0.0476935 0.0476935 0.0476935 0.0476935 0.0476935 0.0476935 0.0476935 0.0476935 0.0476935 0.0476935 0.0476935 0.0476935 0.0476935 0.0476935 0.00000 0.00000 0.00000 0.00000 0.00000 0.00000 0.00000 0.00000
0.122207 0.0783602 0.0664622 0.0664622 0.0664622 0.0664622 0.0664622 0.0664622 0.0664622 0.0664622 0.0664622 0.529322 0.529322 0.529322 0.529322 0.529322 0.529322 0.529322 0.529322 0.529322 0.529322 0.529322 0.529322 0.529322 0.529322 0.529322 0.529322 0.529322 0.529322 0.529322 0.529322 0.529322 0.529322 0.359386 0.0476935 0.0476935 0.0476935 0.0476935 0.0476935 0.0476935 0.0744241 0.148973 0.215162 0.273434 0.324748 0.369650 0.0592447 0.0476935 0.0476935 0.0476935 0.0476935 0.0476935 0.0476935 0.0476935 0.0476935 0.0476935 0.0476935 0.00000 0.00000 0.00000 0.00000 0.00000 0.00000 0.00000 0.00000
0.0664622 0.0664622 0.0664622 0.0664622 0.0664622 0.0664622 0.0664622 0.0664622 0.0664622 0.0664622 0.0664622 0.529322 0.529322 0.529322 0.529322 0.529322 0.529322 0.529322 0.529322 0.529322 0.529322 0.529322 0.529322 0.529322 0.529322 0.529322 0.529322 0.529322 0.591504 0.629060 0.661755 0.690686 0.716630 0.693580 0.453079 0.486435 0.516712 0.544489 0.569969 0.593424 0.608452 0.608817 0.608817 0.608817 0.608817 0.608817 0.219206 0.0476935 0.0476935 0.0476935 0.0476935 0.0476935 0.0476935 0.0476935 0.0476935 0.0476935 0.0476935 0.00000 0.00000 0.00000 0.00000 0.00000 0.00000 0.00000 0.00000
0.0664622 0.0664622 0.0664622 0.0664622 0.0664622 0.0664622 0.0664622 0.0664622 0.0664622 0.0664622 0.0664622 0.00000 0.529322 0.529322 0.529322 0.529322 0.529322 0.529322 0.529322 0.529322 0.529322 0.529322 0.529322 0.529322 0.529322 0.529322 0.529322 0.529322 0.827656 0.849631 0.849631 0.849631 0.849631 0.848812 0.625799 0.608817 0.608817 0.608817 0.608817 0.608817 0.608817 0.608817 0.608817 0.608817 0.608817 0.608817 0.370619 0.0476935 0.0476935 0.0476935 0.0476935 0.0476935 0.0476935 0.0476935 0.0476935 0.0476935 0.0476935 0.0476935 0.00000 0.00000 0.00000 0.00000 0.00000 0.00000 0.00000
0.0664622 0.0664622 0.0664622 0.0664622 0.0664622 0.0664622 0.0664622 0.0664622 0.0664622 0.0664622 0.0664622 0.00000 0.529322 0.529322 0.529322 0.529322 0.529322 0.529322 0.529322 0.529322 0.529322 0.529322 0.529322 0.529322 0.529322 0.529322 0.529322 0.529322 0.780885 0.849631 0.849631 0.849631 0.849631 0.849631 0.675522 0.608817 0.608817 0.608817 0.608817 0.608817 0.608817 0.608817 0.608817 0.608817 0.608817 0.608817 0.480557 0.0476935 0.0476935 0.0476935 0.0476935 0.0476935 0.0476935 0.0476935 0.0476935 0.0476935 0.0476935 0.0476935 0.00000 0.00000 0.00000 0.00000 0.00000 0.00000 0.00000
0.0664622 0.0664622 0.0664622 0.0664622 0.00000 0.00000 0.00000 0.00000 0.00000 0.00000 0.00000 0.00000 0.529322 0.529322 0.529322 0.529322 0.529322 0.529322 0.529322 0.529322 0.529322 0.529322 0.529322 0.529322 0.529322 0.529322 0.529322 0.529322 0.719213 0.849631 0.849631 0.849631 0.849631 0.849631 0.726093 0.608817 0.608817 0.608817 0.608817 0.608817 0.608817 0.608817 0.608817 0.608817 0.608817 0.608817 0.563844 0.0476935 0.0476935 0.0630427 0.113265 0.165206 0.216902 0.268353 0.319803 0.371376 0.423440 0.518045 0.00000 0.00000 0.00000 0.00000 0.00000 0.00000 0.00000
0.00000 0.00000 0.00000 0.00000 0.00000 0.00000 0.00000 0.00000 0.00000 0.00000 0.00000 0.00000 0.529322 0.529322 0.529322 0.529322 0.529322 0.529322 0.529322 0.529322 0.529322 0.529322 0.529322 0.529322 0.529322 0.529322 0.530000 0.551038 0.677915 0.890812 0.905959 0.921105 0.936251 0.951459 0.922521 0.868340 0.894188 0.920159 0.945884 0.971609 0.997395 1.02330 1.04921 1.07494 1.10073 1.12651 1.15240 1.18539 1.23817 1.27427 1.27562 1.27562 1.27562 1.27562 1.27562 1.27562 1.27562 1.27562 0.00000 0.00000 0.00000 0.00000 0.00000 0.00000 0.00000
0.00000 0.00000 0.00000 0.00000 0.00000 0.00000 0.00000 1.47837 1.47837 1.47837 1.47837 1.48232 1.52060 0.843112 0.868272 0.925926 0.980478 0.914864 0.895051 0.925405 0.955759 0.986052 1.01641 1.04676 1.07705 1.10741 1.13696 1.14627 1.14664 1.15784 1.15811 1.15811 1.15811 1.15811 1.16417 1.22276 1.22278 1.22278 1.22278 1.22278 1.22278 1.22278 1.22278 1.22278 1.22278 1.22278 1.22278 1.25129 1.27562 1.27562 1.27562 1.27562 1.27562 1.27562 1.27562 1.27562 1.27562 1.27562 1.27562 0.00000 0.00000 0.00000 0.00000 0.00000 0.00000
1.76918 1.76300 1.75768 1.74711 1.72464 1.70643 1.69203 1.68165 1.67568 1.73366 1.75246 1.75625 1.75708 1.64523 1.59103 1.59103 1.59103 1.40056 1.14627 1.14627 1.14627 1.14627 1.14627 1.14627 1.14627 1.14627 1.14627 1.14627 1.14627 1.15639 1.15811 1.15811 1.15811 1.15811 1.15811 1.21527 1.22278 1.22278 1.22278 1.22278 1.22278 1.22278 1.22278 1.22278 1.22278 1.22129 1.21849 1.23406 1.27562 1.27562 1.27562 1.27562 1.27562 1.27562 1.27562 1.27562 1.27562 1.27562 1.27562 0.00000 0.00000 0.00000 0.00000 0.00000 0.00000
1.70373 1.69289 1.68319 1.67649 1.67609 1.67609 1.67609 1.67609 1.67609 1.71741 1.75708 1.75708 1.75708 1.68053 1.59103 1.59103 1.59103 1.47911 1.14627 1.14627 1.14627 1.14627 1.14627 1.14627 1.14627 1.14627 1.14627 1.14627 1.14627 1.15438 1.15811 1.15808 1.15631 1.15351 1.15069 1.19150 1.20976 1.20696 1.20416 1.20134 1.19855 1.19574 1.19293 1.19013 1.18732 1.18601 1.18601 1.19907 1.27562 1.27562 1.27562 1.27562 1.27562 1.27562 1.27562 1.27562 1.27562 1.27562 1.27562 0.00000 0.00000 0.00000 0.00000 0.00000 0.00000
1.67609 1.67609 1.67609 1.67609 1.67609 1.67609 1.67609 1.67609 1.67609 1.69749 1.75708 1.75708 1.75708 1.71586 1.59103 1.59103 1.59103 1.54037 1.14627 1.14627 1.14627 1.14627 1.14627 1.14627 1.14627 1.14627 1.14627 1.14627 1.14627 1.13835 1.12515 1.12237 1.12134 1.12134 1.12134 1.15138 1.18601 1.18601 1.18601 1.18601 1.18601 1.18601 1.18601 1.18601 1.18601 1.18601 1.18601 1.18813 1.27315 1.27562 1.27562 1.27562 1.27562 1.27562 1.27562 1.27562 1.27562 1.27562 1.27562 0.00000 0.00000 0.00000 0.00000 0.00000 0.00000
1.67609 1.67609 1.67609 1.67609 1.67609 1.67609 1.67609 1.67609 1.67609 1.68131 1.75674 1.75708 1.75708 1.74921 1.59301 1.59103 1.59103 1.58462 1.16491 1.14627 1.14627 1.14627 1.14627 1.14627 1.14627 1.14627 1.14627 1.14627 1.14627 1.14282 1.12139 1.12134 1.12134 1.12134 1.12134 1.13782 1.18601 1.18601 1.18601 1.18601 1.18601 1.18601 1.18601 1.18601 1.18601 1.18601 1.18601 1.18601 1.24701 1.27562 1.27562 1.27562 1.27562 1.27562 1.27562 1.27562 1.27562 1.27562 1.27562 0.00000 0.00000 0.00000 0.00000 0.00000 0.00000
1.67609 1.67609 1.67609 1.67609 1.67609 1.67609 1.67609 1.67609 1.67609 1.67609 1.73820 1.75708 1.75708 1.75708 1.62048 1.59103 1.59103 1.59103 1.28849 1.14627 1.14627 1.14627 1.14627 1.14627 1.14627 1.14627 1.14627 1.14627 1.14627 1.14627 1.12342 1.12134 1.12134 1.12134 1.12134 1.12480 1.18546 1.18601 1.18601 1.18601 1.18601 1.18601 1.18601 1.18601 1.18601 1.18601 1.18601 1.18601 1.22331 1.27562 1.27562 1.27562 1.27562 1.27562 1.27562 1.27562 1.27656 1.29052 1.31015 1.51814 0.00000 0.00000 0.00000 0.00000 0.00000
1.67609 1.67609 1.67609 1.67609 1.67609 1.67609 1.67609 1.67609 1.67609 1.67609 1.71425 1.75708 1.75708 1.75708 1.65577 1.59103 1.59103 1.59103 1.39488 1.14627 1.14627 1.14627 1.14627 1.14627 1.14627 1.14627 1.14627 1.14627 1.14627 1.14627 1.12718 1.12134 1.12134 1.11977 1.11252 1.10474 1.19453 1.22683 1.23578 1.24471 1.25360 1.26249 1.27137 1.28035 1.28926 1.29814 1.30703 1.31592 1.37586 1.57120 1.58898 1.60675 1.62461 1.64251 1.66029 1.67806 1.69491 1.69884 1.69884 1.69884 0.00000 0.00000 0.00000 0.00000 0.00000
1.67609 1.67609 1.67609 1.67609 1.67609 1.67609 1.67609 1.67609 1.67609 1.67609 1.69494 1.75708 1.75708 1.74604 1.66338 1.57033 1.56253 1.55479 1.41923 1.04264 1.02708 1.01155 0.995996 0.980342 0.964784 0.949226 0.933700 0.918142 0.902551 0.886993 0.935181 0.976122 0.968327 0.962113 0.961602 0.961602 1.23471 1.39762 1.39762 1.39762 1.39762 1.39762 1.39762 1.39762 1.39762 1.39762 1.39762 1.39762 1.42068 1.69884 1.69884 1.69884 1.69884 1.69884 1.69884 1.69884 1.69884 1.69884 1.69884 1.69884 0.00000 0.00000 0.00000 0.00000 0.00000
1.35911 1.32568 1.29256 1.25930 1.22605 1.19301 1.16117 1.13949 1.11920 1.09931 1.06835 0.739006 0.683729 0.644751 0.646259 0.734763 0.710814 0.686865 0.678503 0.826805 0.826805 0.826805 0.826805 0.826805 0.826805 0.826805 0.826805 0.826805 0.826805 0.826805 0.865977 0.961602 0.961602 0.961602 0.961602 0.961602 1.14375 1.39762 1.39762 1.39762 1.39762 1.39762 1.39762 1.39762 1.39762 1.39762 1.39762 1.39762 1.39795 1.65308 1.69884 1.69884 1.69884 1.69884 1.69884 1.69884 1.69884 1.69884 1.69884 1.69884 0.00000 0.00000 0.00000 0.00000 0.00000
0.811796 0.825009 0.838317 0.851598 0.864914 0.878204 0.890086 0.891998 0.891998 0.891998 0.891998 0.575592 0.452908 0.452908 0.454888 0.585114 0.590986 0.590986 0.595235 0.819469 0.826805 0.826805 0.826805 0.826805 0.826805 0.826805 0.826805 0.826805 0.826805 0.826805 0.828759 0.957261 0.961602 0.961602 0.961602 0.961602 1.05044 1.36641 1.33041 1.29459 1.25863 1.22277 1.18695 1.15095 1.11504 1.07931 1.04326 1.00740 0.971582 1.34744 1.69642 1.64977 1.59816 1.55701 1.52339 1.53300 1.69884 1.69884 1.69884 1.69884 0.00000 0.00000 0.00000 0.00000 0.00000
0.891904 0.891998 0.891998 0.891998 0.891998 0.891998 0.891998 0.891998 0.891998 0.891998 0.891998 0.701139 0.452908 0.452908 0.452908 0.557721 0.590986 0.590986 0.590986 0.755539 0.826805 0.826805 0.826805 0.826805 0.816716 0.793128 0.772544 0.754712 0.739061 0.725167 0.712749 0.689702 0.639723 0.603813 0.568090 0.532039 0.510146 0.916416 0.927587 0.927587 0.927587 0.927587 0.927587 0.929026 0.943158 0.958463 0.971987 0.984030 0.994816 1.17612 1.44969 1.44477 1.44477 1.44477 1.44477 1.45211 1.69202 1.69884 1.69884 1.69884 1.69884 0.00000 0.00000 0.00000 0.00000
0.891998 0.891998 0.891998 0.891998 0.891998 0.891998 0.891998 0.891998 0.891998 0.891998 0.891998 0.802878 0.452908 0.452952 0.456927 0.524351 0.576247 0.573557 0.571034 0.635554 0.690758 0.681742 0.673507 0.665981 0.661663 0.661606 0.661606 0.661606 0.661606 0.661606 0.661606 0.577493 0.491569 0.491569 0.491569 0.491569 0.491569 0.837025 0.927587 0.927587 0.927587 0.974680 1.00576 1.01379 1.01529 1.01529 1.01529 1.01529 1.01529 1.09451 1.44477 1.44477 1.44477 1.44477 1.44477 1.44477 1.61104 1.69884 1.69884 1.69884 1.69884 0.00000 0.00000 0.00000 0.00000
0.891998 0.891998 0.891998 0.891998 0.891998 0.891998 0.891998 0.891998 0.891998 0.891998 0.891998 0.879619 0.468657 0.452908 0.466196 0.498118 0.559459 0.559459 0.559459 0.593353 0.661606 0.661606 0.661606 0.661606 0.661606 0.661606 0.661606 0.661606 0.661606 0.661606 0.661606 0.615763 0.491569 0.491569 0.491569 0.491569 0.491569 0.746077 0.927587 0.927587 0.927587 0.969699 1.01529 1.01529 1.01529 1.01529 1.01529 1.01529 1.01529 1.02852 1.43556 1.44477 1.44477 1.44477 1.44477 1.44477 1.53874 1.69884 1.69884 1.69884 1.69884 0.00000 0.00000 0.00000 0.00000
0.891998 0.891998 0.891998 0.891998 0.891998 0.891998 0.891998 0.891998 0.891998 0.891998 0.891998 0.891998 0.594884 0.452908 0.463597 0.478548 0.559459 0.559459 0.559459 0.576390 0.661606 0.661606 0.661606 0.758198 0.928502 1.07733 1.20841 0.752241 0.661606 0.661606 0.661606 0.652322 0.493320 0.491569 0.491569 0.491569 0.491569 0.655128 0.927587 0.927587 0.923618 0.929880 0.998826 0.991924 0.985006 0.978022 0.971120 0.964201 0.957299 0.950348 1.23443 1.32658 1.31622 1.30587 1.29537 1.28502 1.28887 1.33787 1.31711 1.29616 1.26947 0.00000 0.00000 0.00000 0.00000
0.891998 0.891998 0.891998 0.891998 0.891998 0.891998 0.891998 0.891998 0.891998 0.891998 0.891998 0.891998 0.716615 0.452908 0.460514 0.467456 0.579208 0.707378 0.823820 0.938049 1.28337 1.39799 1.49720 1.54359 1.54603 1.54846 1.55090 1.05220 0.695234 0.698882 0.702537 0.706186 0.570540 0.543453 0.547108 0.550764 0.554427 0.584977 0.697973 0.687620 0.681088 0.681088 0.836053 0.850960 0.850960 0.850960 0.850960 0.850960 0.850960 0.850960 1.02023 1.19827 1.19827 1.19827 1.19827 1.19827 1.19849 1.20562 1.20584 1.20584 1.20584 0.00000 0.00000 0.00000 0.00000
0.914347 0.931543 0.961029 0.991048 1.02162 1.05309 1.08483 1.11785 1.15100 1.18502 1.20978 1.23038 1.27775 1.65083 1.70237 1.51355 1.47862 1.43653 1.44786 1.45886 1.57047 1.58331 1.58331 1.58331 1.58331 1.58331 1.58331 1.30761 0.736517 0.736517 0.736517 0.736517 0.635516 0.566481 0.566481 0.566481 0.566481 0.567512 0.675026 0.681088 0.681088 0.681088 0.801803 0.850960 0.850960 0.850960 0.850960 0.850960 0.850960 0.850960 0.947360 1.19827 1.19827 1.19827 1.19827 1.18670 1.16603 1.12177 1.07870 1.05134 1.02437 0.725293 1.10729 1.35561 1.51014
1.74114 1.75799 1.75799 1.75415 1.73631 1.71720 1.69811 1.67897 1.65989 1.64113 1.63491 1.63491 1.65602 2.47506 2.49665 1.86094 1.71579 1.58331 1.58331 1.58331 1.58331 1.58331 1.58331 1.58331 1.58331 1.58331 1.58331 1.48525 0.736517 0.736517 0.736517 0.736517 0.673765 0.566481 0.566481 0.566481 0.566481 0.566481 0.652021 0.681088 0.681088 0.681828 0.764453 0.857733 0.861050 0.864349 0.867679 0.870979 0.874295 0.877612 0.904017 1.02360 1.01222 1.00139 1.01107 1.05709 1.10836 1.21990 1.37959 1.45972 1.53233 1.72071 1.78394 1.78394 1.78394
1.68967 1.67055 1.65144 1.63618 1.63491 1.63491 1.63491 1.63491 1.63491 1.63491 1.63491 1.63491 1.63491 2.27029 2.51135 1.96712 1.77025 1.58331 1.58331 1.58331 1.58331 1.58331 1.58331 1.58331 1.58331 1.58331 1.58331 1.58196 0.851491 0.745386 0.756011 0.766635 0.751213 0.592417 0.597399 0.602355 0.607330 0.612299 0.678772 0.736844 0.741806 0.746041 0.770503 0.894573 0.894602 0.894602 0.894602 0.920350 0.971626 1.02290 1.07435 1.20982 1.26855 1.31979 1.35127 1.35163 1.35163 1.42012 1.59124 1.59124 1.59124 1.68245 1.78394 1.78394 1.78394
1.63491 1.63491 1.63491 1.63491 1.63491 1.63491 1.63491 1.63491 1.63491 1.63491 1.63491 1.63491 1.63491 2.04451 2.51135 2.10060 1.82396 1.59112 1.59685 1.60392 1.61101 1.61811 1.62516 1.63222 1.63930 1.64639 1.65344 1.66052 1.21980 0.864679 0.864679 0.864679 0.864167 0.651375 0.631944 0.631944 0.631944 0.631944 0.669474 0.746552 0.746552 0.746552 0.746552 1.03898 1.13181 1.18308 1.23429 1.25981 1.25981 1.25981 1.25981 1.32399 1.35163 1.35163 1.35163 1.35163 1.35163 1.36390 1.58719 1.59124 1.59124 1.64523 1.78394 1.78394 1.78394
1.63491 1.63491 1.63491 1.63491 1.63491 1.63491 1.63491 1.63491 1.63491 1.63491 1.63491 1.63491 1.63491 1.81877 2.51135 2.28959 1.92389 1.70824 1.66875 1.66875 1.66875 1.66875 1.66875 1.66875 1.66875 1.66875 1.66875 1.66875 1.42370 0.864679 0.864679 0.864679 0.864679 0.703306 0.631944 0.631944 0.631944 0.631944 0.645440 0.746552 0.746552 0.746552 0.746552 1.10448 1.25981 1.25981 1.25981 1.25981 1.25981 1.25981 1.25981 1.30358 1.35163 1.35163 1.35163 1.35163 1.35163 1.35163 1.53913 1.59124 1.59124 1.61337 1.78394 1.78394 1.78394
