High_resolution/powerplant/Fengdu/OMI_NO2_201109.asc
ncols      200
nrows      200
xllcorner       105.978
yllcorner       28.1831
cellsize     0.0166667
NODATA_Value      -999.000
[rows 0 to 29 of 200, columns 132 to 197 of 200]
2.07235 2.07235 2.07235 2.07235 2.07235 2.07671 2.24584 2.23496 1.96129 1.82784 1.79238 1.79238 1.79238 1.79238 1.79238 1.79238 1.79238 1.79238 1.79238 1.79238 1.79238 1.79238 1.79238 1.79238 1.79238 1.79238 1.79238 1.79238 1.79238 1.79238 0.00000 0.00000 0.00000 0.00000 0.00000 0.00000 0.00000 0.00000 0.00000 0.00000 0.00000 0.00000 0.00000 0.00000 0.00000 0.00000 0.00000 0.00000 0.00000 0.00000 0.00000 0.00000 0.00000 0.00000 0.00000 0.00000 0.00000 0.00000 0.00000 0.00000 0.00000 0.00000 0.00000 0.00000 0.00000 0.00000
2.07235 2.07780 2.24950 2.43242 2.56002 2.65367 2.68105 2.57437 1.93273 1.87440 1.79238 1.79238 1.79238 1.79238 1.79238 1.79238 1.79238 1.79238 1.79238 1.79238 1.79238 1.79238 1.79238 1.79238 1.79238 1.79238 1.79238 1.79238 1.79238 1.79238 1.79238 0.00000 0.00000 0.00000 0.00000 0.00000 0.00000 0.00000 0.00000 0.00000 0.00000 0.00000 0.00000 0.00000 0.00000 0.00000 0.00000 0.00000 0.00000 0.00000 0.00000 0.00000 0.00000 0.00000 0.00000 0.00000 0.00000 0.00000 0.00000 0.00000 0.00000 0.00000 0.00000 0.00000 0.00000 0.00000
2.56186 2.65503 2.68105 2.68105 2.68105 2.68105 2.68105 2.68105 2.06613 1.90766 1.79238 1.79238 1.79238 1.79238 1.79238 1.79238 1.79238 1.79238 1.79238 1.79238 1.79238 1.80346 1.83189 1.85374 1.87071 1.86589 1.79238 1.79238 1.79238 1.79238 1.79238 0.00000 0.00000 0.00000 0.00000 0.00000 0.00000 0.00000 0.00000 0.00000 0.00000 0.00000 0.00000 0.00000 0.00000 0.00000 0.00000 0.00000 0.00000 0.00000 0.00000 0.00000 0.00000 0.00000 0.00000 0.00000 0.00000 0.00000 0.00000 0.00000 0.00000 0.00000 1.62894 1.62894 1.62894 1.62894
2.68105 2.68105 2.68105 2.68105 2.68105 2.68105 2.68105 2.68105 2.30641 1.92927 1.80011 1.79238 1.79238 1.79238 1.79238 1.79570 1.82232 1.84649 1.86501 1.87966 1.89154 1.89850 1.89871 1.89871 1.89871 1.90020 1.79902 1.79238 1.79238 1.79238 0.00000 0.00000 0.00000 0.00000 0.00000 0.00000 0.00000 0.00000 0.00000 0.00000 0.00000 0.00000 0.00000 0.00000 0.00000 0.00000 0.00000 0.00000 0.00000 0.00000 0.00000 0.00000 0.00000 0.00000 0.00000 0.00000 0.00000 1.62894 1.62894 1.62894 1.62894 1.62894 1.62894 1.62894 1.62894 1.62894
2.68105 2.68105 2.68105 2.68105 2.68105 2.68105 2.68105 2.68105 2.54651 1.93239 1.86554 1.83849 1.85882 1.87472 1.88749 1.89712 1.89871 1.89871 1.89871 1.89871 1.89871 1.90469 1.92109 1.94314 1.97431 2.00403 2.00504 0.00000 0.00000 0.00000 0.00000 0.00000 0.00000 0.00000 0.00000 0.00000 0.00000 0.00000 0.00000 0.00000 0.00000 0.00000 0.00000 0.00000 0.00000 0.00000 0.00000 0.00000 0.00000 0.00000 0.00000 0.00000 0.00000 1.62894 1.62894 1.62894 1.62894 1.62894 1.62894 1.62894 1.62894 1.62894 1.62894 1.62894 1.62894 1.62894
2.68105 2.68105 2.68105 2.68105 2.68526 2.71213 2.74222 2.77233 2.80212 2.18985 2.00902 1.89871 1.89871 1.89871 1.89871 1.89871 1.89874 1.90666 1.92373 1.94676 1.97962 2.00496 2.00504 2.00504 2.00504 2.00504 2.00504 0.00000 0.00000 0.00000 0.00000 0.00000 0.00000 0.00000 0.00000 0.00000 0.00000 0.00000 0.00000 0.00000 0.00000 0.00000 0.00000 0.00000 0.00000 0.00000 0.00000 0.00000 0.00000 1.47236 1.47236 1.47236 1.58423 1.62894 1.62894 1.62894 1.62894 1.62894 1.62894 1.62894 1.62894 1.62894 1.62894 1.62894 1.62894 1.62894
2.72665 2.75674 2.78689 2.81700 2.84289 2.84620 2.84620 2.84620 2.84620 2.44332 2.06539 1.89871 1.89900 1.90873 1.92646 1.95059 1.98515 2.00504 2.00504 2.00504 2.00504 2.00504 2.00504 2.00504 2.00504 2.00504 2.00504 0.00000 0.00000 0.00000 0.00000 0.00000 0.00000 0.00000 0.00000 0.00000 0.00000 0.00000 0.00000 0.00000 0.00000 0.00000 0.00000 0.00000 1.47236 1.47236 1.47236 1.47236 1.47236 1.47236 1.47236 1.47236 1.53741 1.62894 1.62894 1.62894 1.62894 1.62894 1.62894 1.62894 1.62894 1.62894 1.62894 1.62894 1.62894 1.62894
2.84620 2.84620 2.84620 2.84620 2.84620 2.84620 2.84620 2.84620 2.84120 2.63053 2.18518 1.99181 1.99023 2.00504 2.00504 2.00504 2.00504 2.00504 2.00504 2.00504 2.00504 2.00504 2.00504 2.00504 2.00504 2.00504 2.00504 2.00504 0.00000 0.00000 0.00000 0.00000 0.00000 0.00000 0.00000 0.00000 0.00000 0.00000 0.00000 0.00000 1.47236 1.47236 1.47236 1.47236 1.47236 1.47236 1.47236 1.47236 1.47236 1.47236 1.47236 1.47236 1.48930 1.62825 1.62894 1.62894 1.62894 1.62894 1.62894 1.62894 1.62894 1.62894 1.62894 1.62894 1.62894 1.62894
2.84620 2.84620 2.84620 2.84620 2.84053 2.76415 2.66616 2.56861 2.47542 2.45255 2.41235 2.16644 2.00504 2.00504 2.00504 2.00504 2.00504 2.00504 2.00504 2.00504 2.00504 2.00504 2.00504 2.00504 2.00504 2.00504 2.00504 2.00504 0.00000 0.00000 0.00000 0.00000 0.00000 0.00000 0.00000 0.00000 1.47236 1.47236 1.47236 1.47236 1.47236 1.47236 1.47236 1.47236 1.47236 1.47236 1.47236 1.47236 1.47236 1.47236 1.47236 1.47236 1.47236 1.59631 1.62894 1.62894 1.62894 1.62894 1.62894 1.62894 1.62894 1.62894 1.62894 1.62894 1.62894 1.62894
2.83982 2.76183 2.66419 2.56625 2.47408 2.45268 2.45268 2.45268 2.45268 2.45268 2.43234 2.27916 2.00504 2.00504 2.00504 2.00504 2.00504 2.00504 2.00504 2.00504 2.00504 2.00504 2.00504 2.00504 1.99541 1.95139 1.90429 1.85144 0.00000 0.00000 0.00000 0.00000 1.47236 1.47236 1.47236 1.47236 1.47236 1.47236 1.47236 1.47236 1.47236 1.47236 1.47236 1.47236 1.47236 1.47236 1.47236 1.47236 1.47236 1.47236 1.47236 1.47236 1.47236 1.54751 1.62894 1.62894 1.62894 1.62894 1.62894 1.62894 1.62894 1.62894 1.62894 1.62894 1.62894 1.58198
2.47282 2.45268 2.45268 2.45268 2.45268 2.45268 2.45268 2.45268 2.45268 2.45268 2.44527 2.38272 2.01435 2.00504 2.00504 2.00504 2.00504 2.00504 2.00299 1.96769 1.92059 1.87349 1.82641 1.77928 1.74185 1.73879 1.73879 1.73879 1.73879 0.00000 0.00000 0.00000 1.47236 1.47236 1.47236 1.47236 1.47236 1.47236 1.47236 1.47236 1.47236 1.47236 1.47236 1.47236 1.47236 1.47236 1.47236 1.47236 1.47236 1.47236 1.47236 1.47236 1.47236 1.49868 1.62894 1.62894 1.62894 1.62894 1.62894 1.62894 1.62639 1.52452 1.37145 1.21851 1.06558 0.959672
2.45268 2.45268 2.45268 2.45268 2.45268 2.45268 2.45268 2.45268 2.45268 2.45268 2.45230 2.40978 2.10718 1.98390 1.93686 1.88975 1.84271 1.79558 1.75053 1.73879 1.73879 1.73879 1.73879 1.73879 1.73879 1.73879 1.73879 1.73879 1.73879 0.00000 0.00000 0.00000 1.47236 1.47236 1.47236 1.47236 1.47236 1.47236 1.47236 1.47236 1.47236 1.47236 1.47236 1.47236 1.47236 1.47236 1.47236 1.47236 1.47236 1.47236 1.47236 1.47236 1.47236 1.47239 1.60638 1.62894 1.60317 1.46349 1.31056 1.15769 1.00724 0.956106 0.956106 0.956106 0.956106 0.956106
2.45268 2.45268 2.45268 2.45268 2.45268 2.45268 2.45268 2.45081 2.43553 2.41765 2.39978 2.32773 2.01325 1.73884 1.73879 1.73879 1.73879 1.73879 1.73879 1.73879 1.73879 1.73879 1.73879 1.73879 1.73879 1.73879 1.73879 1.73879 1.73879 0.00000 0.00000 0.00000 0.00000 1.47236 1.47236 1.47236 1.47236 1.47236 1.47236 1.47236 1.47236 1.47236 1.47236 1.47236 1.47236 1.47236 1.47236 1.47236 1.47236 1.47236 1.47236 1.47236 1.48334 1.51003 1.38844 1.09680 0.969563 0.956106 0.956106 0.956106 0.956106 0.956106 0.956106 0.956106 0.956106 0.956106
2.45268 2.45268 2.44462 2.42677 2.40887 2.39094 2.37308 2.35706 2.35441 2.35441 2.35441 2.32839 2.12407 1.73879 1.73879 1.73879 1.73879 1.73879 1.73879 1.73879 1.73879 1.73879 1.73879 1.73879 1.73879 1.73879 1.73879 1.73879 1.73879 0.00000 0.00000 0.00000 0.00000 1.47236 1.47236 1.47236 1.47236 1.47236 1.47236 1.47236 1.47236 1.47236 1.47236 1.47236 1.47236 1.47236 1.47236 1.47274 1.49028 1.51710 1.54389 1.57070 1.58654 1.58665 1.43906 0.956106 0.956106 0.956106 0.956106 0.956106 0.956106 0.956106 0.956106 0.956106 0.956106 0.956106
2.38219 2.36429 2.35443 2.35441 2.35441 2.35441 2.35441 2.35441 2.35441 2.35441 2.35441 2.34962 2.21344 1.79028 1.73879 1.73879 1.73879 1.73879 1.73879 1.73879 1.73879 1.73879 1.73879 1.73879 1.73879 1.73879 1.73879 1.73879 1.73879 1.73879 0.00000 0.00000 0.00000 1.47236 1.47236 1.47236 1.47236 1.47236 1.47236 1.47236 1.47236 1.47236 1.47236 1.47488 1.49734 1.52416 1.55096 1.57739 1.58665 1.58665 1.58665 1.58665 1.58665 1.58665 1.58035 1.01053 0.956106 0.956106 0.956106 0.956106 0.956106 0.956106 0.956106 0.956106 0.956106 0.956106
2.35441 2.35441 2.35441 2.35441 2.35441 2.35441 2.35441 2.35176 2.33261 2.30431 2.26453 2.21474 2.20610 1.92196 1.73879 1.73879 1.73879 1.73879 1.73879 1.73879 1.73879 1.73879 1.73879 1.73879 1.73879 1.73879 1.73879 1.73879 1.73879 1.73879 0.00000 0.00000 0.00000 0.00000 1.47236 1.47236 1.47236 1.47236 1.47236 1.47884 1.50441 1.53122 1.55803 1.58233 1.58665 1.58665 1.58665 1.58665 1.58665 1.58665 1.58665 1.58665 1.58665 1.58665 1.58665 1.20004 0.956106 0.956106 0.956106 0.956106 0.956106 0.956106 0.956106 0.956106 0.956106 0.956106
2.35441 2.35441 2.35441 2.35160 2.33225 2.30365 2.26392 2.21407 2.20610 2.20610 2.20610 2.20610 2.20610 2.05449 1.73879 1.73879 1.73879 1.73879 1.73879 1.73879 1.73879 1.73879 1.73879 1.73879 1.73879 1.73879 1.73879 1.76868 1.98177 2.25269 0.00000 0.00000 0.00000 0.00000 1.47236 1.48470 1.51148 1.53829 1.56511 1.58542 1.58665 1.58665 1.58665 1.58665 1.58665 1.58665 1.58665 1.58665 1.58665 1.58665 1.58665 1.58665 1.58665 1.58665 1.58665 1.39585 0.956106 0.956106 0.956106 0.956106 0.956106 0.956106 0.956106 0.956106 0.956106 0.956106
2.33176 2.30319 2.26303 2.21342 2.20610 2.20610 2.20610 2.20610 2.20610 2.20610 2.20610 2.20610 2.20610 2.17867 1.74720 1.73879 1.73879 1.73879 1.73879 1.73879 1.73879 1.74197 1.90027 2.14464 2.38873 2.63283 2.87720 3.09140 3.12254 3.12254 3.12254 0.00000 0.00000 0.00000 1.57458 1.58663 1.58665 1.58665 1.58665 1.58665 1.58665 1.58665 1.58665 1.58665 1.58665 1.58665 1.58665 1.58665 1.58665 1.58665 1.58665 1.58665 1.58665 1.58665 1.58665 1.56464 0.983099 0.956106 0.956106 0.956106 0.956106 0.956106 0.956106 0.949154 0.828125 0.667155
2.20610 2.20610 2.20610 2.20610 2.20610 2.20610 2.20610 2.20610 2.20610 2.20610 2.20610 2.20610 2.20610 2.20610 1.85238 1.73879 1.82250 2.06314 2.30737 2.55146 2.79584 3.03675 3.12254 3.12254 3.12254 3.12254 3.12254 3.12254 3.12254 3.12254 3.12254 0.00000 0.00000 0.00000 0.00000 1.58665 1.58665 1.58665 1.58665 1.58665 1.58665 1.58665 1.58665 1.58665 1.58665 1.58665 1.58665 1.58665 1.58665 1.58665 1.58665 1.58665 1.58665 1.58665 1.58665 1.58665 1.15687 0.956106 0.956106 0.916804 0.763283 0.602029 0.440918 0.286829 0.246676 0.246676
2.20610 2.20610 2.20610 2.20610 2.20610 2.20610 2.20610 2.20610 2.20610 2.20610 2.21169 2.27746 2.35978 2.44187 2.60680 2.95856 3.11894 3.12254 3.12254 3.12254 3.12254 3.12254 3.12254 3.12254 3.12254 3.12254 3.12254 3.12254 3.12254 3.12254 3.12254 0.00000 0.00000 0.00000 0.00000 1.58665 1.58665 1.58665 1.58665 1.58665 1.58665 1.58665 1.58665 1.58665 1.58665 1.58665 1.58665 1.58665 1.58665 1.58665 1.58665 1.58665 1.58665 1.58665 1.58646 1.50364 1.11029 0.536975 0.375934 0.254054 0.246676 0.246676 0.246676 0.246676 0.246676 0.246676
2.20610 2.20610 2.20610 2.20610 2.20610 2.23604 2.31727 2.39954 2.48167 2.56385 2.64058 2.65689 2.65689 2.65689 2.74508 3.12254 3.12254 3.12254 3.12254 3.12254 3.12254 3.12254 3.12254 3.12254 3.12254 3.12254 3.12254 3.12254 3.12254 3.12254 3.12254 0.00000 0.00000 0.00000 0.00000 1.58665 1.58665 1.58665 1.58665 1.58665 1.58665 1.58665 1.58665 1.58665 1.58665 1.58665 1.58665 1.58665 1.58665 1.58665 1.57919 1.46309 1.31102 1.15901 1.00718 0.938115 0.886310 0.256564 0.246676 0.246676 0.246676 0.246676 0.246676 0.246676 0.246676 0.246676
2.27494 2.35707 2.43930 2.52152 2.60361 2.65604 2.65689 2.65689 2.65689 2.65689 2.65689 2.65689 2.65689 2.65689 2.65876 3.07678 3.12254 3.12254 3.12254 3.12254 3.12254 3.12254 3.12254 3.12254 3.12254 3.12254 3.12254 3.12254 3.12254 3.12254 3.12254 3.12254 0.00000 0.00000 0.00000 0.00000 1.58665 1.58665 1.58665 1.58665 1.58665 1.58665 1.58665 1.58665 1.58665 1.58665 1.56116 1.42257 1.27062 1.11854 0.974044 0.938115 0.938115 0.938115 0.938115 0.938115 0.938115 0.419311 0.246676 0.246676 0.246676 0.246676 0.246676 0.246676 0.246676 0.246676
2.65689 2.65689 2.65689 2.65689 2.65689 2.65689 2.65689 2.65689 2.65689 2.65689 2.65689 2.65689 2.65689 2.65689 2.65689 2.94650 3.12254 3.12254 3.12254 3.12254 3.12254 3.12254 3.12254 3.12254 3.12254 3.12254 3.12254 3.12254 3.12254 3.12254 3.12254 3.12254 0.00000 0.00000 0.00000 0.00000 1.58665 1.58665 1.58665 1.58665 1.58665 1.58665 1.53231 1.38204 1.23009 1.07800 0.951604 0.938115 0.938115 0.938115 0.938115 0.938115 0.938115 0.938115 0.938115 0.938115 0.938115 0.634136 0.246676 0.246676 0.246676 0.246676 0.246676 0.246676 0.246676 0.246676
2.65689 2.65689 2.65689 2.65689 2.65689 2.65689 2.65689 2.65689 2.65689 2.65689 2.65689 2.65689 2.65689 2.65689 2.65689 2.81441 3.12254 3.12254 3.12254 3.12254 3.12254 3.12254 3.12254 3.12254 3.12254 3.12254 3.12254 3.12254 3.12254 3.12254 3.09743 2.83649 0.00000 0.00000 0.00000 0.00000 1.58665 1.58567 1.49365 1.34163 1.18962 1.03760 0.939866 0.938115 0.938115 0.938115 0.938115 0.938115 0.938115 0.938115 0.938115 0.938115 0.938115 0.938115 0.938115 0.938115 0.938115 0.848080 0.247436 0.246676 0.246676 0.246676 0.246676 0.246676 0.246676 0.246676
2.65689 2.65689 2.65689 2.65689 2.65689 2.65689 2.65689 2.65689 2.65689 2.65689 2.65689 2.65689 2.65689 2.65689 2.65689 2.68856 3.11635 3.12254 3.12254 3.12254 3.12254 3.12254 3.12254 3.12254 3.12199 2.94406 2.62221 2.30109 1.97978 1.65793 1.36192 1.30315 1.30315 3.08482 3.08482 3.08482 3.08482 1.42914 0.938115 0.938115 0.938115 0.938115 0.938115 0.938115 0.938115 0.938115 0.938115 0.938115 0.938115 0.938115 0.938115 0.938115 0.938115 0.938115 0.938115 0.938115 0.938115 0.938115 0.372002 0.246676 0.246676 0.246676 0.246676 0.246676 0.246676 0.246676
2.64016 2.65689 2.65689 2.65689 2.65689 2.65689 2.65689 2.65689 2.65689 2.65689 2.65689 2.65689 2.65689 2.65689 2.65689 2.65689 3.01582 3.12254 3.12254 3.03994 2.73137 2.41025 2.08876 1.76709 1.44652 1.30315 1.30315 1.30315 1.30315 1.33928 1.62551 1.86650 2.76893 3.08482 3.08482 3.08482 3.08482 2.08378 0.938115 0.938115 0.938115 0.938115 0.938115 0.938115 0.938115 0.938115 0.938115 0.938115 0.938115 0.938115 0.938115 0.938115 0.938115 0.938115 0.938115 0.938115 0.938115 0.938115 0.586794 0.246676 0.246676 0.246676 0.246676 0.246676 0.246676 0.246676
2.55229 2.65689 2.65689 2.65689 2.65689 2.65689 2.65689 2.65689 2.65689 2.65689 2.65689 2.65689 2.65689 2.65528 2.62567 2.58588 2.39752 1.87626 1.55514 1.31625 1.30315 1.30315 1.30315 1.30315 1.30315 1.36672 1.66471 1.89402 2.05958 2.17511 2.19399 2.19399 2.54820 3.08482 3.08482 3.08482 3.08482 2.75586 0.938115 0.938115 0.938115 0.938115 0.938115 0.938115 0.938115 0.938115 0.938115 0.938115 0.938115 0.938115 0.938115 0.938115 0.938115 0.938115 0.938115 0.938115 0.938115 0.936939 0.772125 0.246676 0.246676 0.246676 0.246676 0.00000 0.00000 0.00000
2.45629 2.65689 2.65689 2.65689 2.65689 2.65689 2.65689 2.65689 2.64525 2.60655 2.56675 2.52698 2.48721 2.44899 2.43885 2.43885 2.20562 1.30315 1.30315 1.30315 1.30315 1.40082 1.70197 1.92018 2.07908 2.18317 2.19399 2.19399 2.19399 2.19399 2.19399 2.19399 2.34506 3.08482 3.08482 3.08482 3.08482 3.08482 1.28238 0.938115 0.938115 0.938115 0.938115 0.938115 0.938115 0.938115 0.938115 0.938115 0.938115 0.938115 0.938115 0.938115 0.938115 0.931205 0.872721 0.803770 0.734739 0.666955 0.644078 0.644078 0.00000 0.00000 0.00000 0.00000 0.00000 0.00000
2.36113 2.65656 2.65572 2.62720 2.58742 2.54768 2.50784 2.46807 2.43994 2.43885 2.43885 2.43885 2.43885 2.43885 2.43885 2.43885 2.43067 1.52899 1.73711 1.94535 2.09786 2.18892 2.19399 2.19399 2.19399 2.19399 2.19399 2.19399 2.19399 2.19399 2.19399 2.19399 2.21235 3.03343 3.08482 3.08482 3.08482 3.08482 1.95459 0.938115 0.938115 0.938115 0.938115 0.938115 0.938115 0.938115 0.938115 0.938115 0.938115 0.920737 0.854667 0.785686 0.716676 0.654605 0.644078 0.644078 0.644078 0.644078 0.644078 0.644078 0.00000 0.00000 0.00000 0.00000 0.00000 0.00000
2.60831 2.53607 2.45014 2.43885 2.43885 2.43885 2.43885 2.43885 2.43885 2.43885 2.43885 2.43885 2.43885 2.43885 2.43885 2.43885 2.53790 2.39648 2.19399 2.19399 2.19399 2.19399 2.19399 2.19399 2.19399 2.19399 2.19399 2.19399 2.19399 2.19399 2.19399 2.19399 2.19399 2.70781 3.08482 3.08482 3.08482 3.08482 2.62676 0.938115 0.938115 0.938115 0.938115 0.938115 0.938115 0.905565 0.836613 0.767603 0.698622 0.646989 0.644078 0.644078 0.644078 0.644078 0.644078 0.644078 0.644078 0.644078 0.644078 0.644078 0.00000 0.00000 0.00000 0.00000 0.00000 0.00000
