High_resolution/powerplant/Fengdu/OMI_NO2_200912.asc
ncols      200
nrows      200
xllcorner       105.978
yllcorner       28.1831
cellsize     0.0166667
NODATA_Value      -999.000
[rows 0 to 28 of 200, columns 67 to 133 of 200]
0.00000 0.00000 0.00000 0.00000 0.00000 2.30142 2.30142 2.30142 2.30142 2.30142 2.30142 2.30142 2.30142 2.30142 2.30142 2.30142 2.30142 2.30142 2.30142 2.30142 2.30142 2.30142 2.30142 2.30142 0.00000 0.00000 0.00000 0.00000 0.00000 0.00000 0.00000 0.00000 0.00000 0.00000 2.74043 2.74043 2.74043 2.74043 2.74043 2.74043 2.74043 2.74043 2.74043 2.74043 2.74043 2.74043 2.74043 2.74043 0.00000 0.00000 0.00000 0.00000 0.00000 0.00000 0.00000 0.00000 0.00000 0.00000 0.00000 0.00000 0.00000 0.00000 0.00000 0.00000 0.00000 1.73932 1.73932
0.00000 2.30142 2.30142 2.30142 2.30142 2.30142 2.30142 2.30142 2.30142 2.30142 2.30142 2.30142 2.30142 2.30142 2.30142 2.30142 2.30142 2.30142 2.30142 2.30142 2.30142 2.30142 2.30142 2.30142 0.00000 0.00000 0.00000 0.00000 0.00000 0.00000 2.74043 2.74043 2.74043 2.74043 2.74043 2.74043 2.74043 2.74043 2.74043 2.74043 2.74043 2.74043 2.74043 2.74043 2.74043 2.74043 2.74043 2.74043 2.74043 0.00000 0.00000 0.00000 0.00000 0.00000 0.00000 0.00000 0.00000 0.00000 0.00000 0.00000 0.00000 1.73932 1.73932 1.73932 1.73932 1.73932 1.73932
2.30142 2.30142 2.30142 2.30142 2.30142 2.30142 2.30142 2.30142 2.30142 2.30142 2.30142 2.30142 2.30142 2.30142 2.30142 2.30142 2.30142 2.30142 2.30142 2.30142 2.30142 2.30142 2.30142 2.30142 0.00000 0.00000 2.74043 2.74043 2.74043 2.74043 2.74043 2.74043 2.74043 2.74043 2.74043 2.74043 2.74043 2.74043 2.74043 2.74043 2.74043 2.74043 2.74043 2.74043 2.74043 2.74043 2.74043 2.74043 2.74043 0.00000 0.00000 0.00000 0.00000 0.00000 0.00000 0.00000 0.00000 1.73932 1.73932 1.73932 1.73932 1.73932 1.73932 1.73932 1.73932 1.73932 1.73932
2.30142 2.30142 2.30142 2.30142 2.30142 2.30142 2.30142 2.30142 2.30142 2.30142 2.30142 2.30142 2.30142 2.30142 2.30142 2.30142 2.30142 2.30142 2.30142 2.30142 2.30142 2.30142 2.30142 2.36558 2.74057 2.74043 2.74043 2.74043 2.74043 2.74043 2.74043 2.74043 2.74043 2.74043 2.74043 2.74043 2.74043 2.74043 2.74043 2.74043 2.74043 2.74043 2.74043 2.74043 2.74043 2.74043 2.74043 2.74043 2.74043 0.00000 0.00000 0.00000 0.00000 1.73932 1.73932 1.73932 1.73932 1.73932 1.73932 1.73932 1.73932 1.73932 1.73932 1.73932 1.73932 1.73932 1.73932
2.30142 2.30142 2.30142 2.30142 2.30142 2.30142 2.30142 2.30142 2.30142 2.30142 2.30142 2.30142 2.30142 2.30142 2.30142 2.30142 2.30142 2.30142 2.30142 2.33429 2.45983 2.59103 2.72212 2.79761 2.75137 2.74043 2.74043 2.74043 2.74043 2.74043 2.74043 2.74043 2.74043 2.74043 2.74043 2.74043 2.74043 2.74043 2.74043 2.74043 2.74043 2.74043 2.74043 2.74043 2.74043 2.74043 2.74043 2.74043 2.74043 1.80269 1.73932 1.73932 1.73932 1.73932 1.73932 1.73932 1.73932 1.73932 1.73932 1.73932 1.73932 1.73932 1.73932 1.73932 1.73932 1.73932 1.73932
2.30142 2.30142 2.30142 2.30142 2.30142 2.30142 2.30142 2.30142 2.30142 2.30142 2.30142 2.30142 2.30142 2.30142 2.30142 2.31756 2.43192 2.56307 2.69422 2.79244 2.79800 2.79800 2.79800 2.79800 2.77030 2.74043 2.74043 2.74043 2.74043 2.74043 2.74043 2.74043 2.74043 2.74043 2.74043 2.74043 2.74043 2.74043 2.74043 2.74043 2.74043 2.74043 2.74043 2.74043 2.74043 2.76297 2.86694 2.97822 3.08965 2.04907 1.73932 1.73932 1.73932 1.73932 1.73932 1.73932 1.73932 1.73932 1.73932 1.73932 1.73932 1.73932 1.73932 1.73932 1.73932 1.73932 1.73932
2.30142 2.30142 2.30142 2.30142 2.30142 2.30142 2.30142 2.30142 2.30142 2.30142 2.30142 2.30663 2.40401 2.53518 2.66626 2.78132 2.79800 2.79800 2.79800 2.79800 2.79800 2.79800 2.79800 2.79800 2.78919 2.74044 2.74043 2.74043 2.74043 2.74043 2.74043 2.74043 2.74043 2.74043 2.74043 2.74043 2.74043 2.74043 2.74043 2.74043 2.74043 2.75646 2.85576 2.96727 3.07857 3.16745 3.17483 3.17483 3.17483 2.51421 1.73932 1.73932 1.73932 1.73932 1.73932 1.73932 1.73932 1.73932 1.73932 1.73932 1.73932 1.73932 1.73932 1.73932 1.73932 1.73932 1.73932
2.30142 2.30142 2.30142 2.30142 2.30142 2.30142 2.30142 2.30171 2.37615 2.50725 2.63835 2.76428 2.79800 2.79800 2.79800 2.79800 2.79800 2.79800 2.79800 2.79800 2.79800 2.79800 2.79800 2.79800 2.79800 2.75057 2.74043 2.74043 2.74043 2.74043 2.74043 2.74043 2.74043 2.74043 2.74043 2.74043 2.74043 2.75107 2.84477 2.95620 3.06754 3.16284 3.17483 3.17483 3.17483 3.17483 3.17483 3.17483 3.17483 2.97790 1.74062 1.73932 1.73932 1.73932 1.73932 1.73932 1.73932 1.73932 1.73932 1.73932 1.73932 1.73932 1.73932 1.73932 1.73932 1.73932 1.73932
2.30142 2.30142 2.30142 2.30142 2.34949 2.47939 2.61044 2.74129 2.79800 2.79800 2.79800 2.79800 2.79800 2.79800 2.79800 2.79800 2.79800 2.79800 2.79800 2.79800 2.79800 2.79800 2.79800 2.79800 2.79800 2.76947 2.74043 2.74043 2.74043 2.74043 2.74043 2.74043 2.74043 2.74677 2.83378 2.94503 3.05642 3.15720 3.17483 3.17483 3.17483 3.17483 3.17483 3.17483 3.17483 3.17483 3.17483 3.17483 3.17483 3.17483 2.00903 1.73932 1.73932 1.73932 1.73932 1.73932 1.73932 1.73932 1.73932 1.73932 1.73932 1.73932 1.73932 1.73932 1.67538 1.49238 1.30841
2.32863 2.45139 2.58258 2.71368 2.79666 2.79800 2.79800 2.79800 2.79800 2.79800 2.79800 2.79800 2.79800 2.79800 2.79800 2.79800 2.79800 2.79800 2.79800 2.79800 2.79800 2.79800 2.79800 2.79800 2.79800 2.78840 2.74043 2.74043 2.74043 2.74356 2.82266 2.93396 3.04547 3.15042 3.17483 3.17483 3.17483 3.17483 3.17483 3.17483 3.17483 3.17483 3.17483 3.17483 3.17483 3.17483 3.17483 3.17483 3.17483 3.17483 2.47387 1.73932 1.73932 1.73932 1.73932 1.73932 1.73932 1.73932 1.73932 1.73932 1.67218 1.48867 1.30455 1.11918 0.999081 0.996630 0.996630
2.78898 2.79800 2.79800 2.79800 2.79800 2.79800 2.79800 2.79800 2.79800 2.79800 2.79800 2.79800 2.79800 2.79800 2.79800 2.79800 2.79800 2.79800 2.79800 2.79800 2.79800 2.79800 2.79800 2.79800 2.79800 2.81033 2.94365 2.92297 3.03439 3.14251 3.17483 3.17483 3.17483 3.17483 3.17483 3.17483 3.17483 3.17483 3.17483 3.17483 3.17483 3.17483 3.17483 3.17483 3.17483 3.17483 3.17483 3.17483 3.17483 3.17483 2.93898 1.73932 1.73932 1.73932 1.73932 1.73932 1.66877 1.48495 1.30069 1.11546 0.998413 0.996630 0.996630 0.996630 0.996630 0.996630 0.996630
2.70141 2.79800 2.79800 2.79800 2.79800 2.79800 2.79800 2.79800 2.79800 2.79800 2.79800 2.79800 2.79800 2.79800 2.79800 2.79800 2.79800 2.79800 2.79800 2.79800 2.79800 2.79800 3.44679 4.99117 6.54098 8.07868 5.86188 3.17483 3.17483 3.17483 3.17483 3.17483 3.17483 3.17483 3.17483 3.17483 3.17483 3.17483 3.17483 3.17483 3.17483 3.17483 3.17483 3.17483 3.17483 3.17483 3.17483 3.17483 3.17483 3.17483 3.17483 1.96843 1.66535 1.48124 1.29683 1.11175 0.997967 0.996630 0.996630 0.996630 0.996630 0.996630 0.996630 0.996630 0.996630 0.996630 0.996630
2.53960 2.79800 2.79800 2.79800 2.79800 2.79800 2.79800 2.79800 2.79800 2.79800 2.79800 2.79800 2.79800 2.79800 2.79800 2.79800 2.79800 2.79800 3.18140 4.66333 6.21277 7.76281 8.66347 8.66934 8.66934 8.66934 7.65884 3.17483 3.17483 3.17483 3.17483 3.17483 3.17483 3.17483 3.17483 3.17483 3.17483 3.17483 3.17483 3.17483 3.17483 3.17483 3.17483 3.17483 3.17483 3.17483 3.17483 3.17483 3.17483 3.17483 3.17483 1.37952 0.997522 0.996630 0.996630 0.996630 0.996630 0.996630 0.996630 0.996630 0.996630 0.996630 0.996630 0.996630 0.996630 0.996630 0.996630
2.37864 2.79727 2.79800 2.79800 2.79800 2.79800 2.79800 2.79800 2.79800 2.79800 2.79800 2.79800 2.79800 2.79800 2.98589 4.33453 5.88574 7.43460 8.60123 8.66934 8.66934 8.66934 8.66934 8.66934 8.66934 8.66934 8.66549 3.96102 3.17483 3.17483 3.17483 3.17483 3.17483 3.17483 3.17483 3.17483 3.17483 3.17483 3.17483 3.17483 3.17483 3.17483 3.17483 3.17483 3.17483 3.17483 3.17483 3.17483 3.17483 0.00000 0.00000 0.996630 0.996630 0.996630 0.996630 0.996630 0.996630 0.996630 0.996630 0.996630 0.996630 0.996630 0.996630 0.996630 0.996630 0.996630 0.996630
2.31090 2.70173 2.79800 2.79800 2.79800 2.79800 2.79800 2.79800 2.79800 2.79800 2.85848 4.00750 5.55753 7.10639 8.46972 8.66934 8.66934 8.66934 8.66934 8.66934 8.66934 8.66934 8.66934 8.66934 8.66934 8.66934 8.66934 5.75470 3.17483 3.17483 3.17483 3.17483 3.17483 3.17483 3.17483 3.17483 3.17483 3.17483 3.17483 3.17483 3.17483 3.17483 3.17483 3.17483 3.17483 0.00000 0.00000 0.00000 0.00000 0.00000 0.00000 0.996630 0.996630 0.996630 0.996630 0.996630 0.996630 0.996630 0.996630 0.996630 0.996630 0.996630 0.996630 0.996630 0.996630 0.996630 0.996630
2.31090 2.53989 2.79800 2.79800 2.79800 2.79800 2.80153 3.67929 5.22932 6.77936 8.26833 8.66934 8.66934 8.66934 8.66934 8.66934 8.66934 8.66934 8.66934 8.66934 8.66934 8.66934 8.66934 8.66934 8.66934 8.66934 8.66934 7.55087 3.17483 3.17483 3.17483 3.17483 3.17483 3.17483 3.17483 3.17483 3.17483 3.17483 3.17483 3.17483 3.17483 0.00000 0.00000 0.00000 0.00000 0.00000 0.00000 0.00000 0.00000 0.00000 0.00000 0.00000 0.996630 0.996630 0.996630 0.996630 0.996630 0.996630 0.996630 0.996630 0.996630 0.996630 0.996630 0.996630 0.996630 0.996630 0.996630
2.31090 2.37864 2.79727 3.36694 4.90170 6.45056 7.99766 8.66934 8.66934 8.66934 8.66934 8.66934 8.66934 8.66934 8.66934 8.66934 8.66934 8.66934 8.66934 8.66934 8.66934 8.66934 8.66934 8.66934 8.66934 8.66934 8.66934 8.65506 3.86563 3.17483 3.17483 3.17483 3.17483 3.17483 3.17483 3.17483 3.17483 0.00000 0.00000 0.00000 0.00000 0.00000 0.00000 0.00000 0.00000 0.00000 0.00000 0.00000 0.00000 0.00000 0.00000 0.00000 0.996630 0.996630 0.996630 0.996630 0.996630 0.996630 0.996630 0.996630 0.996630 0.996630 0.996630 0.996630 0.996630 0.996630 0.996630
2.39541 2.47412 6.60695 8.65349 8.66934 8.66934 8.66934 8.66934 8.66934 8.66934 8.66934 8.66934 8.66934 8.66934 8.66934 8.66934 8.66934 8.66934 8.66934 8.66934 8.66934 8.66934 8.66934 8.66934 8.66934 8.66934 8.66934 8.66934 5.67663 3.17483 3.17483 3.17483 3.17483 0.00000 0.00000 0.00000 0.00000 0.00000 0.00000 0.00000 0.00000 0.00000 0.00000 0.00000 0.00000 0.00000 0.00000 0.00000 0.00000 0.00000 0.00000 0.00000 0.996630 0.996630 0.996630 0.996630 0.996630 0.996630 0.996630 0.996631 0.996630 0.996631 0.996631 0.00000 0.00000 0.00000 0.00000
2.60132 2.60132 5.46361 8.66934 8.66934 8.66934 8.66934 8.66934 8.66934 8.66934 8.66934 8.66934 8.66934 8.66934 8.66934 8.66934 8.66934 8.66934 8.66934 8.66934 8.66934 8.66934 8.66934 8.66934 8.67010 8.76962 8.93657 9.10377 9.24593 0.00000 0.00000 0.00000 0.00000 0.00000 0.00000 0.00000 0.00000 0.00000 0.00000 0.00000 0.00000 0.00000 0.00000 0.00000 0.00000 0.00000 0.00000 0.00000 0.00000 0.00000 0.00000 0.00000 0.00000 0.996630 0.996630 0.996630 0.996630 0.996630 0.996630 0.00000 0.00000 0.00000 0.00000 0.00000 0.00000 0.00000 0.00000
2.60132 2.60132 3.45438 8.66388 8.66934 8.66934 8.66934 8.66934 8.66934 8.66934 8.66934 8.66934 8.66934 8.66934 8.66934 8.66934 8.66934 8.66934 8.66934 8.66934 8.66934 8.73626 8.90257 9.06958 9.23589 9.30364 9.30364 9.30364 9.30364 9.30364 0.00000 0.00000 0.00000 0.00000 0.00000 0.00000 0.00000 0.00000 0.00000 0.00000 0.00000 0.00000 0.00000 0.00000 0.00000 0.00000 0.00000 0.00000 0.00000 0.00000 0.00000 0.00000 0.00000 0.996630 0.996630 0.00000 0.00000 0.00000 0.00000 0.00000 0.00000 0.00000 0.00000 0.00000 0.00000 0.00000 0.00000
2.60132 2.60132 2.60132 7.50610 8.66934 8.66934 8.66934 8.66934 8.66934 8.66934 8.66934 8.66934 8.66934 8.66934 8.66934 8.66934 8.66934 8.70917 8.86832 9.03539 9.20266 9.30269 9.30364 9.30364 9.30364 9.30364 9.30364 9.30364 9.30364 9.30364 0.00000 0.00000 0.00000 0.00000 0.00000 0.00000 0.00000 0.00000 0.00000 0.00000 0.00000 0.00000 0.00000 0.00000 0.00000 0.00000 0.00000 0.00000 0.00000 0.00000 0.00000 0.00000 0.00000 0.00000 0.00000 0.00000 0.00000 0.00000 0.00000 0.00000 0.00000 0.00000 0.00000 0.00000 0.00000 0.00000 0.00000
2.60132 2.60132 2.60132 5.48536 8.66934 8.66934 8.66934 8.66934 8.66934 8.66934 8.66934 8.66934 8.66934 8.68913 8.83413 9.00133 9.16840 9.29571 9.30364 9.30364 9.30364 9.30364 9.30364 9.30364 9.30364 9.30364 9.30364 9.30364 9.30364 9.30364 0.00000 0.00000 0.00000 0.00000 0.00000 0.00000 0.00000 0.00000 0.00000 0.00000 0.00000 0.00000 0.00000 0.00000 0.00000 0.00000 0.00000 0.00000 0.00000 0.00000 0.00000 0.00000 0.00000 0.00000 0.00000 0.00000 0.00000 0.00000 0.00000 0.00000 0.00000 0.00000 0.00000 0.00000 0.00000 0.00000 0.00000
2.60132 2.60132 2.60132 3.48543 8.66509 8.66934 8.66934 8.66934 8.66934 8.67600 8.80007 8.96714 9.13422 9.28169 9.30364 9.30364 9.30364 9.30364 9.30364 9.30364 9.30364 9.30364 9.30364 9.30364 9.30364 9.30364 9.30364 9.30364 9.30364 9.30364 9.30364 0.00000 0.00000 0.00000 0.00000 0.00000 0.00000 0.00000 0.00000 0.00000 0.00000 0.00000 0.00000 0.00000 0.00000 0.00000 0.00000 0.00000 0.00000 0.00000 0.00000 0.00000 0.00000 0.00000 0.00000 0.00000 0.00000 0.00000 0.00000 0.00000 0.00000 0.00000 0.00000 0.00000 0.00000 0.00000 0.00000
2.60132 2.60132 2.60132 2.60132 7.52673 8.66985 8.76588 8.93295 9.10015 9.26050 9.30364 9.30364 9.30364 9.30364 9.30364 9.30364 9.30364 9.30364 9.30364 9.30364 9.30364 9.30364 9.30364 9.30364 9.30364 9.30364 9.30364 9.30364 9.30364 9.30364 9.30364 0.00000 0.00000 0.00000 0.00000 0.00000 0.00000 0.00000 0.00000 0.00000 0.00000 0.00000 0.00000 0.00000 0.00000 0.00000 0.00000 0.00000 0.00000 0.00000 0.00000 0.00000 0.00000 0.00000 0.00000 0.00000 0.00000 0.00000 0.00000 0.00000 0.00000 0.00000 0.00000 0.00000 0.00000 0.00000 0.00000
2.60132 2.60132 2.62787 2.70769 5.80239 9.23253 9.30364 9.30364 9.30364 9.30364 9.30364 9.30364 9.30364 9.30364 9.30364 9.30364 9.30364 9.30364 9.30364 9.30364 9.30364 9.30364 9.30364 9.30364 9.30364 9.30364 9.30364 9.30364 9.30364 9.30364 9.30364 0.00000 0.00000 0.00000 0.00000 0.00000 0.00000 0.00000 0.00000 0.00000 0.00000 0.00000 0.00000 0.00000 0.00000 0.00000 0.00000 0.00000 0.00000 0.00000 0.00000 0.00000 0.00000 0.00000 0.00000 0.00000 0.00000 0.00000 0.00000 0.00000 0.00000 0.00000 0.00000 0.00000 0.00000 0.00000 0.00000
2.76380 2.84507 2.89979 2.90129 3.85396 9.30044 9.30364 9.30364 9.30364 9.30364 9.30364 9.30364 9.30364 9.30364 9.30364 9.30364 9.30364 9.30364 9.30364 9.30364 9.30364 9.30364 9.30364 9.30364 9.30364 9.30364 9.30364 9.30364 9.30364 9.30364 9.30364 0.00000 0.00000 0.00000 0.00000 0.00000 0.00000 0.00000 0.00000 0.00000 0.00000 0.00000 0.00000 0.00000 0.00000 0.00000 0.00000 0.00000 0.00000 0.00000 0.00000 0.00000 0.00000 0.00000 0.00000 0.00000 0.00000 0.00000 0.00000 0.00000 0.00000 0.00000 0.00000 0.00000 0.00000 0.00000 0.00000
2.90129 2.90129 2.90129 2.90129 2.90129 8.13112 9.30364 9.30364 9.30364 9.30364 9.30364 9.30364 9.30364 9.30364 9.30364 9.30364 9.30364 9.30364 9.30364 9.30364 9.30364 9.30364 9.30364 9.30364 9.30364 9.30364 9.30364 9.30364 0.00000 0.00000 0.00000 0.00000 0.00000 0.00000 0.00000 0.00000 0.00000 0.00000 0.00000 0.00000 0.00000 0.00000 0.00000 0.00000 0.00000 0.00000 0.00000 0.00000 0.00000 0.00000 0.00000 0.00000 0.00000 0.00000 0.00000 0.00000 0.00000 0.00000 0.00000 0.00000 0.00000 0.00000 3.30496 3.30496 0.00000 0.00000 0.00000
2.90129 2.90129 2.90129 2.90129 2.90129 6.00643 9.30364 9.30364 9.30364 9.30364 9.30364 9.30364 9.30364 9.30364 9.30364 9.30364 9.30364 9.30364 9.30364 9.30364 9.30364 9.30364 9.30364 9.30364 0.00000 0.00000 0.00000 0.00000 0.00000 0.00000 0.00000 0.00000 0.00000 0.00000 0.00000 0.00000 0.00000 0.00000 0.00000 0.00000 0.00000 0.00000 0.00000 0.00000 0.00000 0.00000 0.00000 0.00000 0.00000 0.00000 0.00000 0.00000 0.00000 0.00000 0.00000 0.00000 3.30496 3.30496 3.30496 3.30496 3.30496 3.30496 3.30496 3.30496 0.00000 0.00000 0.00000
2.90129 2.90129 2.90129 2.90129 2.90129 3.87455 9.30236 9.30364 9.30364 9.30364 9.30364 9.30364 9.30364 9.30364 9.30364 9.30364 9.30364 9.30364 9.30364 9.30364 9.30364 0.00000 0.00000 0.00000 0.00000 0.00000 0.00000 0.00000 0.00000 0.00000 0.00000 0.00000 0.00000 0.00000 0.00000 0.00000 0.00000 0.00000 0.00000 0.00000 0.00000 0.00000 0.00000 0.00000 0.00000 0.00000 0.00000 0.00000 0.00000 0.00000 0.00000 3.30496 3.30496 3.30496 3.30496 3.30496 3.30496 3.30496 3.30496 3.30496 3.30496 3.30496 3.30496 3.30496 3.30496 0.00000 0.00000
