High_resolution/powerplant/Fengdu/OMI_NO2_200811.asc
ncols      200
nrows      200
xllcorner       105.978
yllcorner       28.1831
cellsize     0.0166667
NODATA_Value      -999.000
[rows 58 to 86 of 200, columns 132 to 197 of 200]
2.00396 2.00542 2.00172 1.96424 1.95715 1.96463 1.95284 1.94178 1.94488 1.99823 2.01503 2.01092 2.00682 2.00269 1.99857 1.78745 1.71742 1.71332 1.57842 1.06450 1.06768 1.07023 1.08034 1.10434 1.13155 1.16262 1.19840 1.24022 1.28941 1.34850 1.41915 1.44656 1.44656 1.44656 1.44656 1.44656 1.21917 1.13313 1.13313 1.13313 1.13313 1.13313 1.13313 1.13313 1.13015 1.11220 1.09224 1.07227 1.05230 1.03234 1.01774 0.978991 0.735974 0.735974 0.735974 0.735974 0.735974 0.735974 0.735974 0.735974 0.735974 0.735974 0.735974 0.735974 0.735974 0.735974
1.95270 1.91159 1.87556 1.87331 1.92465 2.00948 2.00948 2.00948 2.00948 1.98926 1.95810 1.95810 1.95810 1.95486 1.93912 1.84626 1.82397 1.87523 1.89891 1.27053 1.32693 1.40276 1.44656 1.44656 1.44656 1.44656 1.44656 1.44656 1.44656 1.44656 1.44656 1.44656 1.44656 1.44656 1.44656 1.44656 1.30621 1.13313 1.13184 1.11596 1.09598 1.07601 1.05604 1.03607 1.01909 1.01705 1.01705 1.01705 1.01705 1.01705 1.01705 1.01705 0.775626 0.735974 0.735974 0.735974 0.735974 0.735974 0.735974 0.735974 0.735974 0.735974 0.735974 0.735974 0.735974 0.735974
1.86593 1.87331 1.87331 1.87331 1.88658 2.00309 1.99092 1.97819 1.96551 1.93883 1.86552 1.84854 1.83163 1.81790 1.81667 1.88630 2.18095 2.18095 2.18095 1.60084 1.43544 1.44611 1.44656 1.44656 1.44656 1.44656 1.44656 1.44656 1.44656 1.44656 1.44656 1.44656 1.44678 1.55289 1.74871 1.94464 1.97760 1.03981 1.02113 1.01705 1.01705 1.01705 1.01705 1.01705 1.01705 1.01705 1.01705 1.01705 1.01705 1.01705 1.01705 1.01705 0.853266 0.735974 0.735974 0.735974 0.735974 0.735974 0.735974 0.735974 0.735974 0.735974 0.735974 0.735974 0.735974 0.735974
1.91785 1.81227 1.79954 1.78682 1.77413 1.87749 1.90341 1.90341 1.90341 1.90040 1.81818 1.81667 1.81667 1.81667 1.81667 1.82609 2.16789 2.18095 2.18095 1.80013 1.43509 1.44324 1.44656 1.44656 1.44656 1.44656 1.44656 1.49015 1.67496 1.87067 2.06649 2.26230 2.45779 2.54728 2.54728 2.54728 2.54468 1.18393 1.01705 1.01705 1.01705 1.01705 1.01705 1.01705 1.01705 1.01705 1.01705 1.01705 1.01705 1.01705 1.01705 1.01705 0.930973 0.735974 0.735974 0.735974 0.735974 0.735974 0.735974 0.735974 0.735974 0.735974 0.735974 0.735974 0.735974 0.735974
2.12353 1.76724 1.76724 1.76724 1.76724 1.83889 1.90341 1.90341 1.90341 1.90341 1.83662 1.81667 1.81667 1.81667 1.81667 1.81667 2.06675 2.18095 2.18095 1.94735 1.43509 1.44828 1.60110 1.79692 1.99274 2.18845 2.38415 2.53638 2.54728 2.54728 2.54728 2.54728 2.54728 2.54728 2.54728 2.54728 2.54728 1.60676 1.01705 1.01705 1.01705 1.01705 1.01705 1.01705 1.01705 1.01705 1.01705 1.01705 1.01705 1.01705 1.01705 1.01705 1.00269 0.741933 0.735974 0.735974 0.735974 0.735974 0.735974 0.735974 0.735974 0.735974 0.735974 0.735974 0.735974 0.730331
2.27077 1.76724 1.76724 1.76724 1.76724 1.80022 1.90341 1.90341 1.90341 1.90341 1.85736 1.81667 1.81667 1.81667 1.81667 1.81667 1.97020 2.18690 2.19164 2.07842 1.47545 1.64312 2.54728 2.54728 2.54728 2.54728 2.54728 2.54728 2.54728 2.54728 2.54728 2.54728 2.54728 2.54728 2.54728 2.54728 2.54728 2.03220 1.01705 1.01705 1.01705 1.01705 1.01705 1.01705 1.01705 1.01705 1.01705 1.01705 1.01705 1.01705 1.01705 1.01705 1.01705 0.805252 0.735974 0.735974 0.735974 0.735974 0.735974 0.730122 0.698351 0.663507 0.628685 0.593841 0.559123 0.530174
2.35569 1.82954 1.76724 1.76724 1.76724 1.76969 1.89535 1.90341 1.90341 1.90341 1.87568 1.81894 1.82211 1.82527 1.82843 1.83159 1.90803 2.20687 2.20687 2.17683 1.48851 1.48703 2.40812 2.54728 2.54728 2.54728 2.54689 2.52302 2.48874 2.45711 2.42835 2.40182 2.40554 2.54728 2.54728 2.54728 2.54728 2.43955 1.03465 1.01705 1.01705 1.01705 1.01705 1.01705 1.01705 1.01705 1.01705 1.01705 1.01705 1.01705 1.01705 1.01705 1.01705 0.877246 0.698016 0.663152 0.628329 0.593737 0.558998 0.530028 0.526955 0.526955 0.526955 0.526955 0.526955 0.526955
2.32988 1.93350 1.70572 1.68807 1.67067 1.67868 1.77572 1.76524 1.76048 1.75554 1.72899 1.55839 1.54032 1.52255 1.50551 1.48839 1.47717 1.59728 1.57747 1.55426 1.55644 1.60399 1.95695 2.18982 2.17874 2.16824 2.15833 2.15486 2.15486 2.15486 2.15486 2.15486 2.16669 2.54182 2.54728 2.54728 2.54728 2.54728 1.35202 1.01705 1.01705 1.01705 1.01705 1.01705 1.01705 1.01705 1.01705 1.01705 1.01705 1.01705 1.01705 1.01705 1.01705 0.560911 0.526955 0.526955 0.526955 0.526955 0.526955 0.526955 0.526955 0.526955 0.526955 0.526955 0.526955 0.526955
1.91341 1.81391 1.58803 1.71975 1.85172 1.95777 1.78251 1.48642 1.48642 1.48642 1.48390 1.21499 1.19906 1.19906 1.19906 1.19906 1.19906 1.22594 1.23604 1.23604 1.46343 1.62469 1.78732 2.15486 2.15486 2.15486 2.15486 2.15486 2.15486 2.15486 2.15486 2.15486 2.15486 2.43839 2.54728 2.54728 2.54728 2.54728 1.77696 1.01705 1.01705 1.01705 1.01705 1.01705 1.01705 1.01705 1.01705 1.01705 0.00000 0.00000 0.00000 0.00000 0.00000 0.526955 0.526955 0.526955 0.526955 0.526955 0.526955 0.526955 0.526955 0.526955 0.526955 0.526955 0.526955 0.526955
2.56915 2.48536 1.98035 1.98035 1.98035 1.98035 1.92620 1.48741 1.48676 1.49546 1.50838 1.29148 1.21308 1.21746 1.22214 1.22718 1.23262 1.23601 1.23604 1.23604 1.38373 1.62469 1.65074 2.14251 2.15486 2.15486 2.15486 2.15486 2.15486 2.15486 2.15486 2.15486 2.15486 2.33377 2.54728 2.54728 2.53218 2.49695 2.22600 1.01705 1.01705 1.01705 0.00000 0.00000 0.00000 0.00000 0.00000 0.00000 0.00000 0.00000 0.00000 0.00000 0.00000 0.00000 0.526955 0.526955 0.526955 0.526955 0.526955 0.526955 0.526955 0.526955 0.526955 0.526955 0.526955 0.526955
2.56380 2.52505 2.08095 2.07092 2.10451 2.14047 2.17907 1.70420 1.61310 1.61919 1.61919 1.42004 1.23604 1.23604 1.23604 1.23604 1.23604 1.23604 1.23604 1.23604 1.31517 1.62469 1.62469 2.01959 2.15486 2.15486 2.15486 2.15486 2.15486 2.15486 2.15207 2.13613 2.11848 2.18904 2.40392 2.36861 2.34844 2.34834 2.34834 2.34834 0.00000 0.00000 0.00000 0.00000 0.00000 0.00000 0.00000 0.00000 0.00000 0.00000 0.00000 0.00000 0.00000 0.00000 0.526955 0.526955 0.526955 0.526955 0.526955 0.526955 0.526955 0.526955 0.526955 0.526955 0.526955 0.526955
2.22371 2.21823 2.25241 2.27777 2.27777 2.27777 2.27777 1.92204 1.61919 1.61919 1.61919 1.50304 1.23604 1.23604 1.23604 1.23604 1.23604 1.23604 1.23604 1.23604 1.25687 1.62393 1.62469 1.87058 2.15453 2.14252 2.12487 2.10724 2.08958 2.07194 2.05708 2.05539 2.05539 2.08812 2.34834 2.34834 2.34834 2.34834 2.34834 2.34834 0.00000 0.00000 0.00000 0.00000 0.00000 0.00000 0.00000 0.00000 0.00000 0.00000 0.00000 0.00000 0.00000 0.00000 0.526955 0.526955 0.526955 0.526955 0.526955 0.526955 0.526955 0.526955 0.526955 0.526955 0.526955 0.526955
2.21823 2.21823 2.23766 2.27777 2.27777 2.27777 2.27777 2.10889 1.61919 1.61919 1.61919 1.58572 1.23646 1.23604 1.23604 1.23604 1.23604 1.23604 1.23604 1.21731 1.14236 1.31357 1.24804 1.30026 2.06105 2.05539 2.05539 2.05539 2.05539 2.05539 2.05539 2.05539 2.05539 2.05850 2.32979 2.34834 2.34834 2.34834 2.34834 2.34834 0.00000 0.00000 0.00000 0.00000 0.00000 0.00000 0.00000 0.00000 0.00000 0.00000 0.00000 0.00000 0.00000 0.00000 0.00000 0.526955 0.526955 0.529516 0.526955 0.526955 0.526955 0.526955 0.540833 0.677235 0.842582 1.00773
2.21823 2.21823 2.22471 2.27777 2.27777 2.27777 2.27777 2.26256 1.65245 1.61919 1.61919 1.61919 1.28606 1.23518 1.18505 1.10641 1.02768 0.948947 0.870302 0.810256 0.806519 0.907875 0.980411 0.984066 1.94893 2.05539 2.05539 2.05539 2.05539 2.05539 2.05539 2.05539 2.05539 2.05053 2.19172 2.23202 2.18931 2.14933 2.11218 2.05014 1.06717 1.06303 1.06303 1.06303 1.06303 1.06303 1.06303 1.06303 1.06303 1.06303 1.06303 1.06303 1.06303 1.06303 1.06303 0.864489 0.799213 0.818406 0.842582 1.00773 1.17288 1.33823 1.48950 1.51825 1.51825 1.51825
2.21823 2.21823 2.21825 2.26932 2.27777 2.27777 2.27777 2.27777 1.80958 1.53308 1.45530 1.37766 1.04969 0.831552 0.790537 0.778144 0.765804 0.753465 0.741126 0.728760 0.716431 0.744046 0.787533 0.767525 1.41941 1.80237 1.78236 1.76235 1.74235 1.72230 1.70229 1.68228 1.66223 1.64705 1.67956 1.70568 1.70568 1.70568 1.70568 1.70568 1.24355 1.06303 1.06303 1.06303 1.06303 1.06303 1.06303 1.06303 1.06303 1.06303 1.06938 1.20502 1.35224 1.46478 1.55385 1.49951 1.27626 1.31815 1.51825 1.51825 1.51825 1.51825 1.51825 1.51825 1.51825 1.51825
2.09424 2.06936 2.04402 1.98306 1.85406 1.73133 1.60894 1.48600 1.12973 0.722882 0.688402 0.654168 0.601282 0.568452 0.568452 0.568452 0.568452 0.568452 0.568452 0.568452 0.568452 0.569021 0.571252 0.571252 0.943196 1.64624 1.64624 1.64624 1.64624 1.64624 1.64624 1.64624 1.64624 1.64624 1.66695 1.70568 1.70568 1.70568 1.70568 1.70568 1.45644 1.06303 1.06303 1.06303 1.06315 1.17023 1.32594 1.44441 1.53756 1.61266 1.67284 1.68869 1.68869 1.68869 1.68869 1.67428 1.30362 1.29413 1.50849 1.51825 1.51825 1.51825 1.51825 1.51825 1.51825 1.51825
1.60214 1.53523 1.46836 1.36273 1.22426 1.22426 1.22426 1.22426 1.14781 0.608974 0.608667 0.608667 0.599667 0.568452 0.568452 0.568452 0.568452 0.568452 0.568452 0.568452 0.568452 0.568605 0.571247 0.571252 0.653188 1.63602 1.64624 1.64624 1.64624 1.64624 1.64624 1.64624 1.64624 1.64624 1.65427 1.70568 1.70568 1.70568 1.70568 1.65755 1.45399 1.42309 1.52051 1.59882 1.66299 1.68869 1.68869 1.68869 1.68869 1.68869 1.68869 1.68869 1.68869 1.68869 1.68869 1.68869 1.39791 1.29064 1.44272 1.51825 1.51825 1.51825 1.51825 1.51825 1.51825 1.51825
1.42810 1.42810 1.42810 1.40633 1.22426 1.22426 1.22426 1.22426 1.22426 0.706317 0.608667 0.608667 0.607423 0.569392 0.568452 0.568452 0.568452 0.568452 0.568452 0.568452 0.568452 0.568452 0.570773 0.571252 0.571252 1.41802 1.64624 1.64624 1.64624 1.64624 1.64624 1.64624 1.64624 1.63224 1.50538 1.40856 1.26181 1.11023 0.958662 0.855309 0.883018 1.66159 1.68869 1.68869 1.68869 1.68869 1.68869 1.68869 1.68869 1.68869 1.68869 1.68869 1.68869 1.68869 1.68869 1.68869 1.50670 1.29064 1.38675 1.51825 1.51825 1.51825 1.51825 1.51825 1.51825 1.51825
1.33012 1.30338 1.27438 1.24314 1.22426 1.22426 1.22426 1.22426 1.22426 0.880166 0.608667 0.608667 0.608667 0.576840 0.568452 0.568452 0.568452 0.568452 0.568452 0.568452 0.568452 0.568452 0.570096 0.571252 0.571252 1.11777 1.64624 1.64598 1.56089 1.40940 1.25792 1.10635 0.954944 0.817369 0.792789 0.835133 0.852237 0.852237 0.852237 0.852237 0.852237 1.46109 1.68869 1.68869 1.68869 1.68869 1.68869 1.68869 1.68869 1.68869 1.68869 1.68869 1.68869 1.68869 1.68869 1.68869 1.61540 1.29064 1.34516 1.51825 1.51825 1.51825 1.51825 1.51825 1.51825 1.51825
1.22426 1.22426 1.22426 1.22426 1.22426 1.22426 1.22426 1.22426 1.22426 1.05386 0.608667 0.608667 0.608667 0.585495 0.568452 0.568452 0.568452 0.568452 0.568452 0.568452 0.568452 0.568452 0.574388 0.612798 0.659629 0.874957 1.01050 0.859273 0.792789 0.792789 0.792789 0.792789 0.792789 0.792789 0.792789 0.822484 0.852237 0.852237 0.852237 0.852237 0.852237 1.22998 1.68869 1.68869 1.68869 1.68869 1.68869 1.68869 1.68869 1.68869 1.68869 1.68869 1.68869 1.68869 1.68869 1.68869 1.68701 1.32778 1.31305 1.51825 1.51825 1.51825 1.51825 1.51825 1.51825 1.51804
1.22426 1.22426 1.22426 1.22426 1.22426 1.22426 1.22426 1.22426 1.22426 1.20425 0.632182 0.608667 0.608667 0.594190 0.568452 0.568452 0.568501 0.581663 0.607496 0.637063 0.671217 0.711138 0.779868 0.944132 0.944132 0.939953 0.797946 0.792789 0.792789 0.792789 0.792789 0.792789 0.792789 0.792789 0.792789 0.809846 0.852237 0.852237 0.852237 0.852237 0.851422 0.997293 1.71776 1.73243 1.74774 1.76385 1.78085 1.79849 1.81706 1.83659 1.85721 1.87907 1.90199 1.92624 1.95194 1.97921 2.00849 1.64327 1.43370 1.51806 1.51044 1.49894 1.48745 1.47597 1.46447 1.45308
1.22426 1.22426 1.22426 1.22426 1.22426 1.22426 1.22426 1.22426 1.22426 1.22426 0.785958 0.612282 0.636300 0.660163 0.652458 0.689151 0.732193 0.753493 0.753817 0.754873 0.751491 0.747658 0.752104 0.890878 0.878111 0.865345 0.768085 0.740642 0.734233 0.727850 0.721480 0.715096 0.708713 0.702330 0.695960 0.691588 0.700498 0.687019 0.672385 0.656606 0.642707 0.645629 2.14086 2.31434 2.31434 2.31434 2.31434 2.31434 2.31434 2.31434 2.31434 2.31434 2.31434 2.31403 2.21429 2.03699 1.85958 1.59558 1.46448 1.45317 1.44931 1.44931 1.44931 1.44931 1.44931 1.44931
1.35046 1.36423 1.38106 1.39922 1.41864 1.43980 1.46403 1.49313 1.52489 1.55960 1.36497 0.874816 0.897146 0.896970 0.729522 0.718956 0.711160 0.702917 0.693699 0.684217 0.683592 0.683592 0.683592 0.683592 0.683592 0.683592 0.671848 0.662519 0.662519 0.662519 0.662519 0.662519 0.662519 0.662519 0.662519 0.662519 0.646525 0.641446 0.641446 0.641446 0.641446 0.641446 1.68289 2.31434 2.31434 2.31434 2.31434 2.31434 2.24575 2.06968 1.89227 1.71497 1.53756 1.36056 1.28289 1.28289 1.28289 1.29863 1.44868 1.44931 1.44931 1.44931 1.44931 1.44931 1.44931 1.44931
2.02808 2.05039 2.05856 2.06672 2.07489 2.08305 2.08824 2.08833 2.08833 2.08833 2.08833 0.00000 0.00000 0.00000 0.683592 0.683592 0.683592 0.683592 0.683592 0.683592 0.683592 0.683592 0.683592 0.683592 0.683592 0.683592 0.679501 0.662542 0.662519 0.662519 0.662519 0.662519 0.662519 0.662519 0.662519 0.662519 0.652324 0.641446 0.641446 0.641446 0.641446 0.641446 1.21489 2.10238 1.92497 1.74777 1.57025 1.39295 1.28413 1.28289 1.28289 1.28289 1.28289 1.28289 1.28289 1.28289 1.28289 1.28289 1.41885 1.44931 1.44931 1.44931 1.44931 1.44931 1.44931 1.44931
2.08532 2.08833 2.08833 2.08833 2.08833 2.08833 2.08833 2.08833 2.08833 2.08833 2.08833 2.08833 0.00000 0.00000 0.683592 0.683592 0.683592 0.683592 0.683592 0.683592 0.683592 0.683592 0.683592 0.683592 0.683592 0.683592 0.683592 0.664548 0.662519 0.662519 0.662519 0.662519 0.662519 0.662519 0.662519 0.662519 0.662021 0.775185 0.937687 1.09991 1.26223 1.42455 1.52785 1.28523 1.28289 1.28289 1.28289 1.28289 1.28289 1.28289 1.28289 1.28289 1.28289 1.28289 1.28289 1.28289 1.28289 1.28289 1.37334 1.44931 1.44931 1.44931 1.44931 1.44931 1.44931 1.44931
2.08833 2.08833 2.08833 2.08833 2.08833 2.08833 2.08833 2.08833 2.08833 2.08833 2.08833 2.08833 0.00000 0.00000 0.683592 0.683592 0.683592 0.683592 0.683592 0.683592 0.683592 0.683592 0.683592 0.683592 0.683592 0.683592 0.683592 0.668753 0.662519 0.662519 0.662519 0.700488 0.781602 0.862715 0.943966 1.02513 1.15637 1.55747 1.55747 1.55747 1.55747 1.55747 1.55747 1.33967 1.28289 1.28289 1.28289 1.28289 1.28289 1.28289 1.28289 1.28289 1.28289 1.28289 1.28289 1.28289 1.28289 1.28289 1.32782 1.44931 1.44931 1.44931 1.44931 1.44931 1.44931 1.44931
2.08833 2.08833 2.08833 2.08833 2.08833 2.08833 2.08833 2.08833 2.08833 2.08833 2.08833 2.08833 0.00000 0.00000 0.683592 0.683592 0.683592 0.683592 0.683592 0.683592 0.683592 0.683592 0.683592 0.683592 0.683592 0.720385 0.912323 0.993054 0.914974 0.996088 1.07725 1.12053 1.12053 1.12053 1.12053 1.12053 1.12874 1.54227 1.55747 1.55747 1.55747 1.55747 1.55747 1.41555 1.28289 1.28289 1.28289 1.28289 1.28289 1.28289 1.28289 1.28289 1.28289 1.28289 1.28289 1.28289 1.28289 1.28289 1.28830 1.44329 1.44931 1.44931 1.44931 1.44931 1.44931 1.44931
2.08833 2.08833 2.08833 2.08833 2.08833 2.08833 2.08833 2.08833 2.08833 2.08833 2.08833 2.08833 2.08833 0.00000 0.00000 0.683592 0.683592 0.683592 0.683592 0.683592 0.804312 0.993088 1.13440 1.24421 1.33194 1.39436 1.40147 1.39370 1.13243 1.12053 1.12053 1.12053 1.12053 1.12053 1.12053 1.12053 1.12053 1.41689 1.55747 1.55747 1.55747 1.55747 1.55747 1.49144 1.28289 1.28289 1.28289 1.28289 1.28289 1.28289 1.28289 1.28289 1.28289 1.28289 1.28289 1.28289 1.28289 1.28289 1.28289 1.40318 1.44931 1.44931 1.44931 1.37042 1.21881 1.06712
2.08833 2.08833 2.08833 2.08833 2.08833 2.08833 2.08833 2.08833 2.08833 2.08833 2.08833 2.08833 2.08833 0.00000 2.11935 0.999144 1.06364 1.18879 1.28746 1.36717 1.40147 1.40147 1.40147 1.40147 1.40147 1.40147 1.39509 1.38280 1.17182 1.07732 1.06504 1.05278 1.04047 1.02816 1.01590 1.00361 0.991353 1.21782 1.55747 1.55747 1.55747 1.55747 1.55747 1.55225 1.29794 1.28289 1.28289 1.28289 1.28289 1.28289 1.28289 1.28289 1.28289 1.28289 1.28289 1.28289 1.28289 1.18815 0.968740 0.888285 0.916966 0.765360 0.612116 0.539316 0.539316 0.539316
