High_resolution/powerplant/Fengdu/OMI_NO2_200707.asc
ncols      200
nrows      200
xllcorner       105.978
yllcorner       28.1831
cellsize     0.0166667
NODATA_Value      -999.000
[rows 30 to 59 of 200, columns 66 to 131 of 200]
2.86247 2.86247 2.86247 2.86247 2.86247 2.86247 2.86247 2.86247 2.86247 2.86247 2.85807 2.80519 2.80500 2.80500 2.80500 2.80500 2.80500 2.80500 2.80500 2.80500 2.80500 2.80500 2.80500 2.80500 2.80500 2.80500 2.80500 2.80500 2.80500 2.80500 2.80500 1.67288 1.51263 1.51263 1.51263 1.51263 1.51263 1.51263 1.51263 1.51263 1.50429 1.46892 1.43183 1.39434 1.35739 1.31990 1.28295 1.24552 1.20837 1.17108 1.13379 1.09664 1.70304 1.86439 1.79498 1.72586 1.65674 1.58733 1.51778 1.45433 1.44211 1.44211 1.44211 1.44211 1.44211 1.44211
2.86247 2.86247 2.86247 2.86247 2.86247 2.86247 2.86247 2.86247 2.86247 2.86247 2.86247 2.81356 2.80500 2.80500 2.80500 2.80500 2.80500 2.80500 2.80500 2.80500 2.80500 2.80500 2.80500 2.76881 2.68293 2.59690 2.51116 2.42527 2.33924 2.25308 2.16733 1.46064 1.12109 1.08407 1.04651 1.00949 0.972068 0.934983 0.897694 0.860541 0.831652 0.829672 0.829672 0.829672 0.829672 0.829672 0.829672 0.829672 0.829672 0.829672 0.829672 0.829672 1.13745 1.44211 1.44211 1.44211 1.44211 1.44211 1.44211 1.44211 1.44211 1.44211 1.44211 1.44211 1.44211 1.44211
2.86247 2.86247 2.86247 2.86247 2.86247 2.86247 2.86247 2.87188 2.91343 2.95734 3.00132 2.67499 2.32226 2.23638 2.15049 2.06460 1.97886 1.89269 1.80653 1.72064 1.63476 1.54901 1.46313 1.41301 1.41301 1.41301 1.41301 1.41301 1.41301 1.41301 1.41301 1.15725 0.829672 0.829672 0.829672 0.829672 0.829672 0.829672 0.829672 0.829672 0.829672 0.829672 0.829672 0.829672 0.829672 0.829672 0.829672 0.829672 0.829672 0.829672 0.829672 0.829672 1.00536 1.44211 1.44211 1.44211 1.44211 1.44211 1.44211 1.44211 1.44211 1.44211 1.44211 1.44211 1.44211 1.44211
3.20195 3.24593 3.28984 3.33376 3.37774 3.42165 3.46557 3.50014 3.50263 3.50263 3.50263 2.65279 1.41301 1.41301 1.41301 1.41301 1.41301 1.41301 1.41301 1.41301 1.41301 1.41301 1.41301 1.41301 1.41301 1.41301 1.41301 1.41301 1.41301 1.41301 1.41301 1.28539 0.829672 0.829672 0.829672 0.829672 0.829672 0.829672 0.829672 0.829672 0.829672 0.829672 0.829672 0.829672 0.829672 0.829672 0.829672 0.829672 0.829672 0.829672 0.829672 0.829672 0.875194 1.44027 1.44211 1.44211 1.44211 1.44211 1.44211 1.44211 1.44211 1.44211 1.44211 1.44211 1.44211 1.44211
3.50263 3.50263 3.50263 3.50263 3.50263 3.50263 3.50263 3.50263 3.50263 3.50263 3.50263 3.11731 1.41301 1.41301 1.41301 1.41301 1.41301 1.41301 1.41301 1.41301 1.41301 1.41301 1.41301 1.41301 1.41301 1.41301 1.41301 1.41301 1.41301 1.41301 1.41301 1.39732 0.845835 0.829672 0.829672 0.829672 0.829672 0.829672 0.829672 0.829672 0.829672 0.829672 0.829672 0.829672 0.829672 0.829672 0.829672 0.829672 0.829672 0.829672 0.829672 0.829672 0.829672 1.35395 1.44211 1.44211 1.44211 1.44211 1.44211 1.44211 1.44211 1.44211 1.44211 1.44211 1.44211 1.44211
3.50263 3.50263 3.50263 3.50263 3.50263 3.50263 3.50263 3.50263 3.50263 3.50263 3.50263 3.47735 1.51729 1.41301 1.41301 1.41301 1.41301 1.41301 1.41301 1.41301 1.41301 1.41301 1.41301 1.41301 1.41301 1.41301 1.41301 1.41301 1.41301 1.41301 1.41301 1.41301 0.958221 0.829672 0.829672 0.829672 0.829672 0.829672 0.829672 0.829672 0.829672 0.829672 0.829672 0.829672 0.829672 0.829672 0.829672 0.829672 0.829672 0.829672 0.829672 0.829672 0.829672 1.22189 1.44211 1.44211 1.44211 1.44211 1.44211 1.44211 1.44211 1.44211 1.44211 1.44211 1.44211 1.44211
3.50263 3.50263 3.50263 3.50263 3.50263 3.50263 3.50263 3.50263 3.50263 3.50263 3.50263 3.50263 1.95664 1.41301 1.41301 1.41301 1.41301 1.41301 1.41301 1.41301 1.41301 1.41301 1.41301 1.41301 1.41301 1.41301 1.41301 1.41301 1.41301 1.41301 1.41301 1.41301 1.08639 0.829672 0.829672 0.829672 0.829672 0.829672 0.829672 0.829672 0.829672 0.829672 0.829672 0.829672 0.829672 0.829672 0.829672 0.829672 0.829672 0.829672 0.829672 0.829672 0.829672 1.08989 1.44211 1.44211 1.44211 1.44211 1.44211 1.44211 1.44211 1.44211 1.44211 1.44211 1.44211 1.44211
3.50263 3.50263 3.50263 3.50263 3.50263 3.50263 3.50263 3.50263 3.50263 3.50263 3.50263 3.50263 2.42282 1.41301 1.41301 1.41301 1.41301 1.41301 1.41301 1.41301 1.41301 1.41301 1.41301 1.41301 1.41301 1.41301 1.41301 1.41301 1.41301 1.41301 1.41301 1.41301 1.21460 0.829672 0.829672 0.829672 0.829672 0.829672 0.829672 0.829672 0.829672 0.829672 0.829672 0.829672 0.829672 0.829672 0.848275 0.921287 0.997655 1.07402 1.15025 1.22690 1.30285 1.47705 1.83667 1.87906 1.92172 1.96403 2.00669 2.04909 2.09175 2.13414 2.17663 2.21920 2.26168 2.30426
3.50263 3.50263 3.50263 3.50263 3.50263 3.50263 3.50263 3.50263 3.50263 3.50263 3.50263 3.50263 2.88745 1.41301 1.41301 1.41301 1.41301 1.41301 1.41301 1.41301 1.41301 1.41301 1.41301 1.41301 1.41301 1.41301 1.41301 1.41301 1.41313 1.41413 1.41533 1.41652 1.36232 1.25110 1.32719 1.40356 1.47993 1.55630 1.63280 1.70875 1.78568 1.86149 1.93842 2.01423 2.09116 2.16711 2.22501 2.22837 2.22837 2.22837 2.22837 2.22837 2.22837 2.23082 2.32952 2.33276 2.33276 2.33276 2.33276 2.33276 2.33276 2.33276 2.33276 2.33276 2.33276 2.33276
3.50263 3.50263 3.50263 3.50263 3.50263 3.50263 3.50263 3.50263 3.50263 3.50263 3.50263 3.50263 3.32989 1.41937 1.41554 1.41674 1.41793 1.41913 1.42032 1.42151 1.42271 1.42390 1.42510 1.42629 1.42749 1.42868 1.42987 1.43107 1.43215 1.43233 1.43233 1.43233 1.43249 2.14823 2.22837 2.22837 2.22837 2.22837 2.22837 2.22837 2.22837 2.22837 2.22837 2.22837 2.22837 2.22837 2.22837 2.22837 2.22837 2.22837 2.22837 2.22837 2.22837 2.22837 2.30933 2.33276 2.33276 2.33276 2.33276 2.33276 2.33276 2.33276 2.33276 2.33276 2.33276 2.33276
3.24930 3.15160 3.05405 2.95649 2.85879 2.76124 2.66354 2.56584 2.46800 2.37044 2.27289 2.17519 2.09240 1.53011 1.43233 1.43233 1.43233 1.43233 1.43233 1.43233 1.43233 1.43233 1.43233 1.43233 1.43233 1.43233 1.43233 1.43233 1.43233 1.43233 1.43233 1.43233 1.43233 1.97258 2.22837 2.22837 2.22837 2.22837 2.22837 2.22837 2.22837 2.22837 2.22837 2.22837 2.22837 2.22837 2.22837 2.22837 2.22837 2.22837 2.22837 2.22837 2.22837 2.22837 2.28671 2.33276 2.33276 2.33276 2.33276 2.33276 2.33276 2.33276 2.33276 2.33276 2.33276 2.33276
2.08260 2.08260 2.08260 2.08260 2.08260 2.08260 2.08260 2.08260 2.08260 2.08260 2.08260 2.08260 2.08260 1.67566 1.43233 1.43233 1.43233 1.43233 1.43233 1.43233 1.43233 1.43233 1.43233 1.43233 1.43233 1.43233 1.43233 1.43233 1.43233 1.43233 1.43233 1.43233 1.43233 1.79673 2.22837 2.22837 2.22837 2.22837 2.22837 2.22837 2.22837 2.22837 2.22837 2.22837 2.22837 2.22837 2.22837 2.22837 2.22837 2.22837 2.22837 2.22837 2.22837 2.22837 2.26408 2.33276 2.33276 2.33276 2.33276 2.33276 2.33276 2.33276 2.33276 2.33276 2.33276 2.33276
2.08260 2.08260 2.08260 2.08260 2.08260 2.08260 2.08260 2.08260 2.08260 2.08260 2.08260 2.08260 2.08260 1.82129 1.43233 1.43233 1.43233 1.43233 1.43233 1.43233 1.43233 1.43233 1.43233 1.43233 1.43233 1.43233 1.43233 1.43233 1.43233 1.43233 1.43233 1.43233 1.43233 1.62088 2.22837 2.22837 2.22837 2.22837 2.22837 2.22837 2.22837 2.22837 2.22837 2.22837 2.22837 2.22837 2.22837 2.22837 2.22837 2.22837 2.22837 2.22837 2.22837 2.22837 2.24145 2.33276 2.33276 2.33276 2.33276 2.33276 2.33276 2.33276 2.33276 2.33276 2.33276 2.33276
2.08260 2.08260 2.08260 2.08260 2.08260 2.08260 2.08260 2.08260 2.08260 2.08260 2.08260 2.08260 2.08260 1.96682 1.43233 1.43233 1.43233 1.43233 1.43233 1.43233 1.43233 1.43233 1.43233 1.43233 1.43233 1.43233 1.43233 1.43233 1.43233 1.43233 1.43233 1.43233 1.43233 1.46107 2.21221 2.22837 2.22837 2.22837 2.22837 2.22837 2.22837 2.22837 2.22837 2.22837 2.22837 2.22837 2.22837 2.22837 2.22837 2.22837 2.22837 2.22837 2.22837 2.22837 2.22843 2.32312 2.33276 2.33276 2.33276 2.33276 2.33276 2.33276 2.33276 2.33276 2.33276 2.33276
2.08260 2.08260 2.08260 2.08260 2.08260 2.08260 2.08260 2.08260 2.08260 2.08260 2.08260 2.08260 2.08260 2.07636 1.46837 1.43233 1.43233 1.43233 1.43233 1.43233 1.43233 1.43233 1.43233 1.43233 1.43233 1.43233 1.43233 1.43233 1.43233 1.43233 1.43233 1.43233 1.43233 1.43233 2.06504 2.22837 2.22837 2.22837 2.22837 2.22837 2.22837 2.22837 2.22837 2.22837 2.22837 2.22837 2.22837 2.22837 2.22837 2.22837 2.22837 2.22837 2.21484 2.16583 2.11440 2.25333 2.35743 2.36268 2.36802 2.37328 2.37853 2.38382 2.38909 2.39439 2.39966 2.40491
2.08260 2.08260 2.08260 2.08260 2.08260 2.08260 2.08260 2.08260 2.08260 2.08260 2.08260 2.08260 2.08260 2.08260 1.60760 1.43233 1.43233 1.43233 1.43233 1.43233 1.43233 1.43233 1.43233 1.43233 1.43233 1.43233 1.43233 1.43233 1.43233 1.43233 1.43233 1.43233 1.43233 1.43233 1.88095 2.15071 2.10003 2.04850 1.99801 1.94658 1.89580 1.84456 1.79369 1.74254 1.69148 1.64061 1.58946 1.53849 1.48734 1.43647 1.38523 1.33445 1.29665 1.29497 1.29497 1.83986 2.44316 2.44316 2.44316 2.44316 2.44316 2.44316 2.44316 2.44316 2.44316 2.44316
2.08260 2.08260 2.08260 2.08260 2.08260 2.08260 2.08260 2.08260 2.08260 2.08260 2.08260 2.08260 2.08260 2.08260 1.75311 1.43233 1.43233 1.43291 1.48702 1.57526 1.66349 1.75173 1.84040 1.92864 2.01687 2.10525 2.19349 2.28201 2.37039 2.45863 2.54687 2.63511 2.72363 2.81215 2.30665 1.29497 1.29497 1.29497 1.29497 1.29497 1.29497 1.29497 1.29497 1.29497 1.29497 1.29497 1.29497 1.29497 1.29497 1.29497 1.29497 1.29497 1.29497 1.29497 1.29497 1.59089 2.44316 2.44316 2.44316 2.44316 2.44316 2.44316 2.44316 2.44316 2.43660 2.38429
2.08260 2.08260 2.08260 2.06767 2.03591 2.00424 1.97244 1.94068 1.90902 1.87726 1.84555 1.81384 1.78208 1.75041 1.93573 2.64953 2.73791 2.82586 2.86013 2.86013 2.86013 2.86013 2.86013 2.86013 2.86013 2.86013 2.86013 2.86013 2.86013 2.86013 2.86013 2.86013 2.86013 2.86013 2.64970 1.29497 1.29497 1.29497 1.29497 1.29497 1.29497 1.29497 1.29497 1.29497 1.29497 1.29497 1.29497 1.29497 1.29497 1.29497 1.29497 1.29497 1.29497 1.29497 1.29497 1.35420 2.43111 2.44306 2.40228 2.34297 2.29657 2.25921 2.22854 2.20290 2.18284 2.17953
1.70192 1.67017 1.63845 1.62168 1.62168 1.62168 1.62168 1.62168 1.62168 1.62168 1.62168 1.62168 1.62168 1.62168 1.70257 2.85257 2.86013 2.86013 2.86013 2.86013 2.86013 2.86013 2.86013 2.86013 2.86013 2.86013 2.86013 2.86013 2.86013 2.86013 2.86013 2.86013 2.86013 2.86013 2.85809 1.43030 1.29497 1.29497 1.29497 1.29497 1.29497 1.29497 1.29497 1.29497 1.29497 1.29497 1.29497 1.29497 1.29497 1.29497 1.29497 1.31717 1.39030 1.44960 1.49688 1.53544 2.09815 2.18844 2.17933 2.17933 2.17933 2.17933 2.17933 2.17933 2.17933 2.17933
1.62168 1.62168 1.62168 1.62168 1.62168 1.62168 1.62168 1.62168 1.62168 1.62168 1.62168 1.62168 1.62168 1.62168 1.62168 2.65678 2.86013 2.86013 2.86013 2.86013 2.86013 2.86013 2.86013 2.86013 2.86013 2.86013 2.86013 2.86013 2.86013 2.86013 2.86013 2.86013 2.86013 2.86013 2.86013 1.77131 1.29497 1.29497 1.29497 1.29497 1.29497 1.29497 1.29497 1.29497 1.29497 1.29497 1.29497 1.29497 1.29497 1.29497 1.29497 1.50294 1.60524 1.60524 1.60524 1.60524 1.95382 2.17933 2.17933 2.17933 2.17933 2.17933 2.17933 2.17933 2.17933 2.17933
1.62168 1.62168 1.62168 1.62168 1.62168 1.62168 1.62168 1.62168 1.62168 1.62168 1.62168 1.62168 1.62168 1.62168 1.62168 2.37934 2.86013 2.86013 2.86013 2.86013 2.86013 2.86013 2.86013 2.86013 2.86013 2.86013 2.86013 2.86013 2.86013 2.86013 2.86013 2.86013 2.86013 2.86013 2.86013 2.11448 1.29497 1.29497 1.29497 1.29497 1.29497 1.29497 1.29497 1.29497 1.29497 1.29497 1.29497 1.29497 1.29497 1.29497 1.29497 1.41427 1.60524 1.60524 1.60524 1.60524 1.82940 2.17933 2.17933 2.17933 2.17933 2.17933 2.17933 2.17933 2.17933 2.17933
1.62168 1.62168 1.62168 1.62168 1.62168 1.62168 1.62168 1.62168 1.62168 1.62168 1.62168 1.62168 1.62168 1.62168 1.62168 2.10222 2.86013 2.86013 2.86013 2.86013 2.86013 2.86013 2.86013 2.86013 2.86013 2.86013 2.86013 2.86013 2.86013 2.86013 2.86013 2.86013 2.86013 2.86013 2.86013 2.45761 1.29497 1.29497 1.29497 1.29497 1.29497 1.29497 1.29497 1.29497 1.29497 1.29497 1.29497 1.29497 1.29497 1.29497 1.29497 1.30744 1.59745 1.60524 1.60524 1.60524 1.70490 2.17933 2.17001 2.11947 2.06443 2.00894 1.95425 1.89898 1.84418 1.78857
1.62168 1.62168 1.62168 1.62168 1.62168 1.62168 1.62168 1.62168 1.62168 1.62168 1.62168 1.62168 1.62168 1.62168 1.62168 1.82482 2.86013 2.86013 2.86013 2.86013 2.86013 2.86013 2.86013 2.86013 2.86013 2.86013 2.86013 2.86013 2.86013 2.86013 2.86013 2.86013 2.86013 2.86013 2.86013 2.78250 1.31328 1.29497 1.29497 1.29497 1.30665 1.33580 1.36527 1.39436 1.42399 1.45298 1.48255 1.51170 1.54106 1.57031 1.59973 1.62893 1.76473 1.80152 1.81623 1.83088 1.84292 1.12167 1.03271 1.02799 1.02799 1.02799 1.02799 1.02799 1.02799 1.02804
1.62168 1.62168 1.62168 1.62168 1.62168 1.62168 1.62168 1.62168 1.62168 1.62168 1.62168 1.62168 1.62168 1.62168 1.62168 1.62923 2.77876 2.86013 2.86013 2.86013 2.86013 2.86013 2.86013 2.84213 2.73895 2.62640 2.51348 2.40075 2.28802 2.17529 2.06219 1.94927 1.83635 1.72362 1.61089 1.49816 1.62605 1.74945 1.77891 1.80812 1.82585 1.82590 1.82590 1.82590 1.82590 1.82590 1.82590 1.82590 1.82590 1.82590 1.82590 1.82590 1.85324 1.87070 1.87070 1.87070 1.87070 1.24021 1.05425 1.05870 1.06286 1.06675 1.07040 1.07385 1.07711 1.08015
1.62168 1.62168 1.62168 1.62168 1.62168 1.62168 1.62168 1.62168 1.59896 1.53747 1.47526 1.41315 1.35094 1.28891 1.22680 1.16468 1.62754 1.69296 1.58004 1.46749 1.35458 1.24185 1.12911 1.03419 1.02409 1.02409 1.02409 1.02409 1.02409 1.02409 1.02409 1.02409 1.02409 1.02409 1.02409 1.02409 1.50579 1.82590 1.82590 1.82590 1.82590 1.82590 1.82590 1.82590 1.82590 1.82590 1.82590 1.82590 1.82590 1.82590 1.82590 1.82590 1.83909 1.87070 1.87070 1.87070 1.87070 1.40220 1.08129 1.08129 1.08129 1.08270 1.08757 1.09259 1.09760 1.10262
1.19506 1.13304 1.07083 1.00862 0.946417 0.884210 0.822183 0.760247 0.720759 0.720128 0.720128 0.720128 0.720128 0.720128 0.720128 0.720128 0.870408 1.02409 1.02409 1.02409 1.02409 1.02409 1.02409 1.02409 1.02409 1.02409 1.02409 1.02409 1.02409 1.02409 1.02409 1.02409 1.02409 1.02409 1.02409 1.02409 1.33077 1.82590 1.82590 1.82590 1.82590 1.82590 1.82590 1.82590 1.82590 1.82590 1.82590 1.82590 1.82590 1.82590 1.82590 1.82590 1.82616 1.86843 1.87128 1.87742 1.88494 1.62233 1.09941 1.10583 1.11084 1.11444 1.11459 1.11459 1.11459 1.11459
0.720128 0.720128 0.720128 0.720128 0.720128 0.720128 0.720128 0.720128 0.720128 0.720128 0.720128 0.720128 0.720128 0.720128 0.720128 0.720128 0.802867 1.02409 1.02409 1.02409 1.02409 1.02409 1.02409 1.02409 1.02409 1.02409 1.02409 1.02409 1.02409 1.02409 1.02409 1.02409 1.02409 1.02409 1.02409 1.02409 1.15578 1.82590 1.82590 1.82590 1.82590 1.82590 1.82590 1.82590 1.82590 1.82590 1.82590 1.82590 1.82590 1.82590 1.82590 1.82590 1.82590 1.89314 1.91927 1.92066 1.92066 1.83395 1.10751 1.11459 1.11459 1.11459 1.11459 1.11459 1.11459 1.11459
0.720128 0.720128 0.720128 0.720128 0.720128 0.720128 0.720128 0.720128 0.720128 0.720128 0.720128 0.720128 0.720128 0.720128 0.720128 0.720128 0.737889 1.02163 1.02409 1.02409 1.02409 1.02409 1.02409 1.02409 1.02409 1.02409 1.02409 1.02409 1.02409 1.02409 1.02409 1.02409 1.02409 1.02409 1.02409 1.02409 1.02962 1.77707 1.82590 1.82590 1.82590 1.82590 1.82590 1.82590 1.82590 1.82590 1.82590 1.82590 1.82590 1.82590 1.82590 1.82590 1.82590 1.87748 1.92066 1.92066 1.92066 1.92066 1.17467 1.11459 1.11459 1.11459 1.11459 1.11459 1.11459 1.11459
0.720128 0.720128 0.720128 0.720128 0.720128 0.720128 0.720128 0.720128 0.720128 0.720128 0.720128 0.720128 0.720128 0.720128 0.720128 0.720128 0.720128 0.972084 1.02409 1.02409 1.02409 1.02409 1.02409 1.02409 1.02409 1.02409 1.02409 1.02409 1.02409 1.02409 1.02409 1.02409 1.02409 1.02409 1.02409 1.02409 1.02409 1.60763 1.82590 1.82590 1.82590 1.82590 1.82590 1.82590 1.82590 1.82590 1.82590 1.82590 1.82590 1.82590 1.82590 1.82590 1.82590 1.84447 1.92061 1.92066 1.92066 1.92066 1.33206 1.11459 1.11459 1.11459 1.11459 1.11459 1.11459 1.11988
0.720128 0.720128 0.720128 0.720128 0.720128 0.720128 0.720128 0.720128 0.720128 0.720128 0.720128 0.720128 0.720128 0.720128 0.720128 0.720128 0.720128 0.904543 1.02409 1.02409 1.02409 1.02409 1.02409 1.02409 1.02409 1.02409 1.02409 1.02409 1.02409 1.02409 1.02409 1.02409 1.02409 1.02409 1.02409 1.02409 1.02409 1.43261 1.82590 1.82590 1.82590 1.82590 1.82590 1.82590 1.82590 1.82590 1.78699 1.69350 1.59845 1.50462 1.40992 1.31591 1.22121 1.12703 1.48151 1.47679 1.42961 1.38244 1.38134 1.42806 1.45442 1.48322 1.51344 1.54518 1.57828 1.60106
