High_resolution/powerplant/Fengdu/OMI_NO2_200703.asc
ncols      200
nrows      200
xllcorner       105.978
yllcorner       28.1831
cellsize     0.0166667
NODATA_Value      -999.000
[rows 145 to 173 of 200, columns 130 to 194 of 200]
1.21626 1.21626 1.21626 0.806424 0.602177 1.62779 1.66894 1.66894 1.66894 1.66894 1.69502 1.74912 1.80322 1.85736 1.91147 1.96557 2.01637 2.02771 2.34405 2.43498 2.43498 2.41995 2.26566 1.90234 1.85598 1.81242 1.77186 1.73358 1.69761 1.66385 1.63172 1.60158 1.57122 1.07206 1.01686 1.01674 1.01674 1.01674 1.01674 1.01674 0.987839 0.552011 0.529532 0.529532 0.529532 0.529532 0.529532 0.541700 0.794521 0.799929 0.799929 0.799929 0.799929 0.799929 0.799929 0.799929 0.799929 0.799929 0.799929 0.795128 0.877684 0.885087 0.903157 1.08213 1.03092
1.21626 1.21626 1.21626 0.975802 0.653589 1.58350 1.83725 1.89145 1.94555 1.99037 1.99551 1.97465 1.95541 1.93745 1.92066 1.90510 1.89045 1.87665 2.01588 2.13602 2.11642 2.10483 2.00871 1.53473 1.52920 1.52920 1.52920 1.52920 1.52920 1.52920 1.52920 1.52920 1.52920 1.19288 1.01674 1.01674 1.01674 1.01674 1.01674 1.01674 1.01399 0.634627 0.529532 0.529532 0.529532 0.529532 0.529532 0.529532 0.738468 0.799929 0.799929 0.799929 0.799929 0.799929 0.799929 0.798966 0.795869 0.792702 0.796120 0.813531 0.843681 0.843520 0.833515 0.577657 0.464691
1.30091 1.33050 1.36012 1.35182 1.14211 1.61444 1.86324 1.85113 1.83965 1.83320 1.83316 1.83316 1.83316 1.83316 1.83316 1.83316 1.83316 1.83316 1.90423 2.10468 2.10468 2.10468 2.08593 1.58787 1.52920 1.52920 1.52920 1.52920 1.52920 1.52920 1.52920 1.52920 1.52920 1.32422 1.01674 1.01674 1.01674 1.01674 1.01674 1.01674 1.01674 0.740710 0.529532 0.529532 0.541750 0.563435 0.585089 0.606567 0.762797 0.915190 0.933676 0.952161 0.970672 0.989156 1.00764 1.02709 1.04867 1.07035 1.08541 1.08588 0.934230 0.724265 0.724265 0.462924 0.0686206
1.53750 1.53750 1.53750 1.53750 1.29636 1.47622 1.83316 1.83316 1.83316 1.83316 1.83316 1.83316 1.83316 1.83316 1.83316 1.83316 1.83316 1.83316 1.84248 2.09648 2.10468 2.10468 2.10468 1.69944 1.52920 1.52920 1.52920 1.52920 1.52920 1.52920 1.52855 1.52101 1.51110 1.42115 0.921310 0.893158 0.863442 0.831732 0.798139 0.762347 0.723216 0.650567 0.772125 0.773224 0.762192 0.741667 0.721186 0.700821 0.798301 1.08588 1.08588 1.08588 1.08588 1.08588 1.08588 1.08588 1.08588 1.08588 1.08588 1.08588 1.00521 0.724265 0.724265 0.600494 0.0686206
1.53750 1.53750 1.53750 1.53750 1.36808 1.32169 1.82619 1.83316 1.83316 1.83316 1.83316 1.83316 1.83316 1.83316 1.83316 1.83316 1.83316 1.83316 1.82224 2.00813 2.06147 2.04203 2.02125 1.71751 1.45093 1.43694 1.42198 1.40599 1.38893 1.37053 1.35227 1.34823 1.34823 1.34454 0.637113 0.522683 0.491896 0.461152 0.430408 0.399642 0.369729 0.341540 0.690174 0.693095 0.693095 0.693095 0.693095 0.693095 0.708492 1.07604 1.08588 1.08588 1.08588 1.08588 1.08588 1.08588 1.08588 1.08588 1.08588 1.08588 1.06388 0.727884 0.724265 0.699039 0.0772184
1.53750 1.53750 1.53750 1.53750 1.43990 1.26859 1.75268 1.79799 1.77117 1.74283 1.71258 1.68035 1.64601 1.60917 1.56969 1.52724 1.48145 1.43185 1.40289 1.60201 1.81016 1.81016 1.81016 1.63770 1.34823 1.34823 1.34720 1.30584 1.24345 1.18114 1.11871 1.05637 0.993977 0.935007 0.566722 0.360873 0.360873 0.360873 0.360873 0.360873 0.360873 0.342427 0.629262 0.693095 0.693095 0.693095 0.693095 0.693095 0.693095 0.992016 1.08588 1.08588 1.08590 1.08823 1.09207 1.09590 1.09973 1.10356 1.10740 1.11123 1.12224 1.08198 1.04807 1.09595 0.672787
1.53750 1.53750 1.53750 1.53750 1.51106 1.26282 1.37494 1.40289 1.40289 1.40289 1.40289 1.40289 1.40289 1.40289 1.40289 1.40289 1.40289 1.40289 1.40289 1.49713 1.77696 1.71466 1.65227 1.52202 1.06564 1.00321 0.941887 0.920906 0.920906 0.920906 0.920906 0.920906 0.920906 0.920906 0.709544 0.360873 0.360873 0.360873 0.360849 0.357156 0.350524 0.343368 0.567122 0.711833 0.715662 0.719497 0.723327 0.727162 0.730992 0.934116 1.13144 1.13528 1.13909 1.14059 1.14059 1.14059 1.14059 1.14059 1.14059 1.14059 1.14059 1.39119 1.37991 1.37991 1.37991
1.53750 1.53750 1.53750 1.53750 1.53750 1.30815 1.34268 1.40289 1.40289 1.40289 1.40289 1.40289 1.40289 1.38889 1.33203 1.27218 1.21238 1.15257 1.09273 1.04058 1.36516 1.38284 1.38284 1.38169 0.958807 0.921207 0.932025 0.948809 0.967019 0.986926 1.00857 1.03239 1.05868 1.08770 1.01743 0.267227 0.250961 0.232330 0.211139 0.201558 0.201558 0.201558 0.521681 0.747804 0.747804 0.747804 0.747804 0.747804 0.747804 0.847549 1.14059 1.14059 1.14059 1.14059 1.14059 1.14059 1.14059 1.14059 1.14059 1.14059 1.14059 1.30767 1.37991 1.37991 1.37991
1.53750 1.53750 1.53750 1.53750 1.53750 1.37992 1.30702 1.35292 1.29307 1.23323 1.17342 1.11362 1.05374 1.00641 0.984251 0.960090 0.935928 0.911883 0.887924 0.863734 1.11015 1.19335 1.16939 1.14528 1.18952 1.30284 1.32162 1.32162 1.32162 1.32162 1.32162 1.32162 1.32162 1.32162 1.32162 0.349758 0.201558 0.201558 0.201558 0.201558 0.201558 0.201558 0.380548 0.747804 0.747804 0.747804 0.747804 0.747804 0.747804 0.760373 1.12833 1.14059 1.14059 1.14059 1.14059 1.14059 1.14059 1.14059 1.14024 1.13547 1.12937 1.23330 1.30963 1.29135 1.27146
1.53851 1.54178 1.52478 1.48889 1.45299 1.22356 0.719382 0.863038 0.838935 0.814947 0.790843 0.766740 0.742549 0.720126 0.715288 0.715288 0.715288 0.715288 0.715288 0.715288 0.888500 1.09314 1.09314 1.09314 1.16288 1.32162 1.32162 1.32162 1.32162 1.32162 1.32162 1.32162 1.32162 1.32162 1.32162 0.635135 0.201558 0.201558 0.201558 0.201558 0.201558 0.201558 0.225017 0.723330 0.747804 0.747804 0.747804 0.747804 0.747804 0.753071 1.05651 1.16444 1.16867 1.17262 1.17659 1.18054 1.18451 1.18845 1.19277 1.20148 1.21156 1.29550 1.29558 1.24505 1.24505
1.17841 1.13919 1.12038 1.12038 1.12038 1.07562 0.433451 0.681789 0.715288 0.715288 0.715288 0.715288 0.715288 0.715288 0.715288 0.715288 0.715288 0.715288 0.715288 0.715288 0.791187 1.09314 1.09314 1.09314 1.12446 1.32162 1.32162 1.32162 1.32162 1.32162 1.32162 1.32162 1.32162 1.32162 1.32162 0.937086 0.365275 0.501869 0.622034 0.727527 0.821340 0.905621 0.973049 0.832166 0.867548 0.936950 1.00716 1.07725 1.14746 1.21228 1.25611 1.23942 1.23915 1.23915 1.23915 1.23915 1.23915 1.23915 1.23915 1.23915 1.23915 1.24944 1.42050 1.24505 1.24505
1.12038 1.12038 1.12038 1.12038 1.12038 1.12038 0.568655 0.615370 0.715288 0.715288 0.715288 0.715288 0.715288 0.715288 0.715288 0.715288 0.715288 0.715288 0.715288 0.715288 0.719097 1.06791 1.09314 1.09314 1.09733 1.46580 1.58279 1.62923 1.67089 1.70840 1.74226 1.77309 1.80131 1.82708 1.85065 1.81090 1.31246 1.35207 1.44204 1.53221 1.62237 1.71254 1.80270 1.41243 1.31752 1.31824 1.31824 1.31824 1.31824 1.31824 1.29906 1.23915 1.23915 1.23915 1.23915 1.23915 1.23915 1.23915 1.23915 1.23915 1.23915 1.23915 1.39457 1.24505 1.24505
1.12038 1.12038 1.12038 1.12038 1.12038 1.12038 0.748672 0.548949 0.715288 0.715288 0.715288 0.715288 0.715288 0.715288 0.715288 0.715288 0.715288 0.715288 0.715288 0.715288 0.715288 0.974359 1.09314 1.09314 1.09314 1.59934 1.87182 1.87182 1.87182 1.87182 1.84650 1.77305 1.69843 1.62380 1.54928 1.47460 1.81987 1.95204 1.95216 1.95216 1.95216 1.95216 1.95216 1.57960 1.31824 1.31824 1.31824 1.31824 1.31824 1.31824 1.31610 1.24203 1.23915 1.23915 1.23915 1.23915 1.23915 1.23915 1.24002 1.24181 1.24360 1.24539 1.36741 1.24505 1.24505
1.12038 1.12038 1.12038 1.12038 1.12038 1.12038 0.928587 0.482562 0.715288 0.715288 0.715288 0.715288 0.715288 0.715288 0.715288 0.715288 0.715288 0.715288 0.715288 0.715288 0.715288 0.877007 1.09314 1.07660 1.00611 1.21060 1.63564 1.56097 1.48639 1.41187 1.36246 1.36139 1.36139 1.36139 1.36139 1.36139 1.71215 1.95216 1.95216 1.95216 1.95216 1.95216 1.95216 1.72647 1.32085 1.32155 1.32334 1.32513 1.32692 1.32871 1.33050 1.27384 1.25500 1.25680 1.25858 1.26038 1.26217 1.26396 1.26489 1.26489 1.26489 1.26489 1.35849 1.24807 1.24505
1.12038 1.12038 1.12038 1.12038 1.12038 1.12038 1.09162 0.446845 0.701586 0.715288 0.715288 0.715288 0.715288 0.715288 0.715288 0.715288 0.714746 0.708001 0.699500 0.690998 0.682502 0.687247 0.644874 0.586838 0.582703 0.610021 1.35958 1.36139 1.36139 1.36139 1.36139 1.36139 1.36139 1.36139 1.36139 1.36139 1.56149 1.95216 1.95216 1.95216 1.95216 1.95216 1.95216 1.88658 1.36056 1.34398 1.34398 1.34398 1.34398 1.34398 1.34398 1.30542 1.26489 1.26489 1.26489 1.26489 1.26489 1.26489 1.26489 1.26489 1.26489 1.26489 1.30461 1.36356 1.24505
1.12038 1.12038 1.12038 1.12038 1.12038 1.12038 1.12038 0.593736 0.639401 0.715288 0.711001 0.702505 0.694003 0.685507 0.677006 0.668504 0.660551 0.658800 0.655803 0.646727 0.636674 0.625360 0.529108 0.502436 0.481882 0.439294 1.27378 1.36139 1.36139 1.36139 1.36139 1.36139 1.36139 1.36139 1.36139 1.36139 1.41302 1.95004 1.95216 1.95216 1.95216 1.95216 1.95216 1.95216 1.42728 1.34398 1.34398 1.34398 1.34398 1.34398 1.34398 1.32536 1.26489 1.26489 1.26489 1.26489 1.26489 1.26489 1.26489 1.26489 1.26489 1.26489 1.26469 1.41889 1.23626
1.12038 1.12038 1.12038 1.12519 1.15775 1.19491 1.24168 0.864337 0.526065 0.630400 0.613368 0.599890 0.584905 0.568291 0.549387 0.527852 0.503255 0.474744 0.453401 0.452948 0.452948 0.452948 0.352881 0.300755 0.300755 0.300755 1.11316 1.36139 1.36139 1.36139 1.36139 1.36139 1.36139 1.36139 1.36139 1.36139 1.36139 1.85108 1.95216 1.95216 1.95216 1.95216 1.95216 1.95216 1.53743 1.34398 1.34398 1.34398 1.34398 1.34398 1.34398 1.34206 1.26806 1.26489 1.26879 1.27587 1.28255 1.28923 1.29589 1.30257 1.30926 1.31593 1.32304 1.44612 1.21728
1.54979 1.68069 1.82894 1.99091 2.12979 2.28368 2.42130 1.95675 0.452948 0.452948 0.452948 0.452948 0.452948 0.452948 0.452948 0.452948 0.452948 0.452948 0.452948 0.452948 0.452948 0.452948 0.391919 0.300755 0.300755 0.300755 0.900636 1.36139 1.36139 1.36139 1.36139 1.36139 1.36139 1.36139 1.36139 1.36139 1.36139 1.70049 1.95216 1.95216 1.94197 1.90999 1.87729 1.84448 1.56449 1.38950 1.39743 1.40222 1.37823 1.34741 1.31659 1.28573 1.32764 1.36627 1.36906 1.36865 1.36865 1.36865 1.36865 1.36865 1.36865 1.36865 1.36865 1.47173 1.21728
2.43156 2.43156 2.43156 2.43156 2.43156 2.43156 2.43156 2.38486 0.537048 0.452948 0.452948 0.452948 0.452948 0.452948 0.452948 0.452948 0.452948 0.452948 0.452948 0.452948 0.452948 0.452948 0.430956 0.300755 0.300755 0.300755 0.605557 1.35137 1.31944 1.28672 1.25394 1.22127 1.18860 1.15574 1.12310 1.09043 1.05761 1.21336 1.58280 1.55004 1.51911 1.46655 1.40833 1.35020 1.21399 1.23602 1.22305 1.18744 1.18056 1.18056 1.18056 1.18056 1.27084 1.36865 1.36865 1.36865 1.36865 1.36865 1.36865 1.36865 1.36865 1.36865 1.36865 1.45067 1.27135
2.43156 2.43156 2.43156 2.43156 2.43156 2.43156 2.43156 2.43156 1.00306 0.452948 0.452948 0.452948 0.452948 0.452948 0.452948 0.452948 0.452948 0.452948 0.452948 0.452948 0.452948 0.452948 0.452887 0.317923 0.300755 0.300755 0.309929 0.915468 0.935852 0.935852 0.935852 0.935852 0.935852 0.941145 0.978527 1.02135 1.06414 1.13506 1.22726 1.16825 1.11828 1.11198 1.11198 1.11198 1.10693 1.09745 1.18056 1.18056 1.18056 1.18056 1.18056 1.18056 1.22341 1.36865 1.36865 1.36865 1.36865 1.36865 1.36865 1.36865 1.36865 1.36865 1.36865 1.39272 1.46449
2.43156 2.43156 2.43156 2.43156 2.43156 2.43156 2.43156 2.43156 1.51548 0.452948 0.452948 0.452948 0.452948 0.452948 0.452948 0.452948 0.452948 0.452948 0.452948 0.452948 0.452948 0.452948 0.452948 0.356884 0.300755 0.300755 0.306520 0.874326 1.01576 1.05861 1.10138 1.14423 1.18702 1.22455 1.22996 1.22996 1.22996 1.22996 1.13424 1.11198 1.11198 1.11198 1.11198 1.11198 1.11198 1.07638 1.18056 1.18056 1.18130 1.19521 1.21485 1.23545 1.26143 1.48189 1.52112 1.55248 1.58551 1.62053 1.65765 1.69713 1.73902 1.78374 1.83158 1.86006 1.62849
2.43156 2.43156 2.43156 2.43156 2.43156 2.43156 2.43156 2.43156 2.02812 0.452948 0.452948 0.452948 0.452948 0.452948 0.452948 0.452948 0.452948 0.452948 0.452948 0.453374 0.516202 0.623562 0.730922 0.758209 0.706390 0.791975 0.871796 1.11377 1.22996 1.22996 1.22996 1.22996 1.22996 1.22996 1.22996 1.22996 1.22996 1.22996 1.16413 1.11198 1.11198 1.11198 1.11198 1.11198 1.11198 1.17846 1.49229 1.52933 1.56729 1.57792 1.57792 1.57792 1.57792 1.78216 1.86006 1.86006 1.86006 1.86006 1.86006 1.86006 1.86006 1.86006 1.86006 1.86006 1.74256
2.43156 2.43156 2.43156 2.43156 2.43156 2.43156 2.43156 2.43156 2.41058 0.582943 0.452948 0.452948 0.452948 0.478831 0.581369 0.688730 0.796019 0.903309 1.01067 1.11760 1.16207 1.16207 1.16207 1.13007 0.889054 0.888972 0.888972 1.03252 1.22996 1.22996 1.22996 1.22996 1.22996 1.22996 1.22996 1.22996 1.22996 1.22996 1.19408 1.11198 1.11198 1.11198 1.11198 1.11198 1.11198 1.13253 1.57084 1.57792 1.57792 1.57792 1.57792 1.57792 1.57792 1.71106 1.86006 1.86006 1.86006 1.86006 1.86006 1.86006 1.86006 1.86224 1.91527 1.97827 2.01347
2.43156 2.43156 2.43156 2.43156 2.43156 2.43156 2.42409 2.22861 1.95262 1.00788 0.861116 0.968477 1.07577 1.15717 1.16207 1.16207 1.16207 1.16207 1.16207 1.16207 1.16207 1.16207 1.16207 1.16207 0.927447 0.888972 0.888972 0.923052 1.22802 1.22996 1.22996 1.22996 1.22996 1.22996 1.22996 1.22996 1.22996 1.22996 1.22262 1.11330 1.11198 1.11198 1.11198 1.11198 1.11198 1.11198 1.48786 1.57792 1.57792 1.57792 1.57792 1.57792 1.57792 1.63997 1.86006 1.86006 1.86006 1.87070 1.93394 1.98074 2.00294 2.02033 2.00740 1.98185 1.95630
2.25633 1.93776 1.65291 1.40526 1.18873 0.997092 0.831398 0.792437 0.801973 0.924839 1.12061 1.16207 1.16207 1.16207 1.16207 1.16207 1.16207 1.16207 1.16207 1.16207 1.16207 1.16207 1.16207 1.16207 0.997778 0.888972 0.888972 0.888972 1.19547 1.22996 1.22996 1.22996 1.22996 1.22996 1.22996 1.22996 1.22996 1.22996 1.22996 1.13592 1.11198 1.11198 1.11198 1.11198 1.11198 1.10352 1.33912 1.47891 1.44253 1.40610 1.36977 1.33877 1.31281 1.33686 1.63056 1.69415 1.73981 1.77030 1.75251 1.73747 1.73730 1.73730 1.73730 1.73730 1.73730
0.827136 0.819672 0.819672 0.819672 0.819672 0.819672 0.819672 0.819672 0.819672 0.862131 1.09957 1.16207 1.16207 1.16207 1.16207 1.16207 1.16207 1.16207 1.16207 1.16207 1.16207 1.16207 1.16207 1.16207 1.06810 0.888972 0.888972 0.888972 1.14233 1.22996 1.22996 1.22996 1.22166 1.20649 1.19129 1.17606 1.16088 1.14563 1.13031 1.05097 0.981961 0.966746 0.951531 0.936452 0.927835 0.931527 0.993270 1.09407 1.10454 1.11500 1.12546 1.13056 1.17094 1.60216 1.70057 1.73730 1.73730 1.73730 1.73730 1.73730 1.73730 1.73730 1.73730 1.73730 1.73730
0.819672 0.819672 0.819672 0.819672 0.819672 0.819672 0.819672 0.819672 0.819672 0.820383 1.05764 1.16207 1.16207 1.16207 1.16207 1.16207 1.16207 1.16207 1.16207 1.16207 1.16207 1.16207 1.16207 1.16207 1.13749 0.889956 0.888972 0.888972 0.997554 1.06967 1.05449 1.03928 1.03236 1.03236 1.03236 1.03236 1.03324 1.08114 1.15616 1.15451 0.953765 0.964236 0.974691 0.985064 0.988957 0.988957 1.00878 1.13056 1.13056 1.13056 1.13056 1.13056 1.13056 1.52464 1.66805 1.73730 1.73730 1.73730 1.73730 1.73730 1.73730 1.73730 1.73730 1.73730 1.73730
0.819672 0.819672 0.819672 0.819672 0.819672 0.819672 0.819672 0.819672 0.819672 0.823865 0.984297 1.15684 1.16207 1.16207 1.16207 1.16207 1.16207 1.16207 1.16207 1.16207 1.16207 1.16207 1.16207 1.16207 1.16207 0.935726 0.888972 0.888972 0.923992 1.03236 1.07028 1.14535 1.22037 1.29539 1.37046 1.44548 1.51978 1.54690 1.54690 1.51775 0.997996 0.988957 0.988957 0.988957 0.988957 0.988957 0.989226 1.11865 1.13056 1.13056 1.13056 1.13056 1.13056 1.39839 1.63554 1.73730 1.73730 1.73730 1.73730 1.73730 1.73730 1.73730 1.73730 1.73730 1.73730
0.819672 0.819672 0.819672 0.819672 0.819672 0.842500 0.995627 1.13919 1.25622 1.26585 0.918420 1.12862 1.16207 1.16207 1.16207 1.16207 1.16207 1.16207 1.16207 1.16207 1.16207 1.16207 1.16207 1.20634 1.34698 1.34801 1.39342 1.54356 1.69277 1.52539 1.54690 1.54690 1.54690 1.54690 1.54690 1.54690 1.54690 1.54690 1.54690 1.54690 1.11092 0.988957 0.988957 0.988957 0.988957 0.988957 0.988957 1.08736 1.13056 1.13056 1.13056 1.13056 1.13056 1.23720 1.61011 1.73020 1.73730 1.73730 1.73730 1.73730 1.73730 1.73730 1.73730 1.73730 1.73730
