High_resolution/powerplant/Fengdu/OMI_NO2_200506.asc
ncols      200
nrows      200
xllcorner       105.978
yllcorner       28.1831
cellsize     0.0166667
NODATA_Value      -999.000
[rows 150 to 179 of 200, columns 66 to 131 of 200]
2.39899 2.39899 2.39899 2.39899 2.39899 2.39899 2.39899 2.39899 2.39899 2.39899 2.39899 2.39899 2.39899 2.39899 2.39807 2.22226 1.91532 1.60827 1.32140 1.25880 1.25880 1.25880 1.25880 1.25880 1.25880 1.11771 0.515894 0.515894 0.515894 0.515894 0.515894 0.515894 0.515894 0.527140 0.741118 0.953744 1.10607 1.22044 1.27119 1.27127 1.27127 1.27127 1.27127 1.27127 1.31435 1.44228 1.64783 1.94380 2.09716 2.09716 2.09716 1.73442 1.59051 1.59051 1.59051 1.59051 1.59051 1.59051 1.59051 1.55983 1.38787 1.38787 1.38787 1.38787 1.38787 1.38858
2.39899 2.39899 2.39899 2.39899 2.39899 2.39899 2.39899 2.39899 2.39899 2.39899 2.39899 2.30355 2.00319 1.69606 1.38993 1.25880 1.25880 1.25880 1.25880 1.25880 1.25880 1.25880 1.25880 1.25880 1.25880 1.25769 0.611478 0.515894 0.515894 0.566559 0.811824 1.00345 1.14285 1.24589 1.27127 1.27127 1.27127 1.27127 1.27127 1.27127 1.29773 1.41499 1.58138 1.82322 2.02498 2.02664 2.04416 2.09716 2.09716 2.09716 2.09716 1.89737 1.59051 1.59051 1.59051 1.59051 1.59051 1.59051 1.59051 1.59051 1.40334 1.38787 1.38843 1.40263 1.42567 1.49112
2.39899 2.39899 2.39899 2.39899 2.39899 2.39899 2.39899 2.36022 2.09114 1.78420 1.47715 1.26565 1.25880 1.25880 1.25880 1.25880 1.25880 1.25880 1.25880 1.25880 1.25880 1.25880 1.25880 1.25880 1.25880 1.37206 1.24239 1.04881 1.17686 1.26213 1.27127 1.27127 1.27127 1.27127 1.27127 1.27127 1.28547 1.38931 1.54544 1.76963 2.01124 2.02664 2.02664 2.02664 2.02664 2.02664 2.02782 2.09253 2.09716 2.09716 2.09716 2.08436 1.61154 1.59051 1.59051 1.59051 1.59051 1.59051 1.59705 1.62540 1.48607 1.45128 1.47082 1.47668 1.72621 1.76963
2.39899 2.39899 2.39899 2.39180 2.17884 1.87188 1.56494 1.29666 1.25880 1.25880 1.25880 1.25880 1.25880 1.25880 1.25880 1.25880 1.25880 1.25880 1.25880 1.25880 1.25880 1.41685 1.67515 1.85566 1.98876 2.06141 1.92020 1.27156 1.27127 1.27127 1.27127 1.27127 1.27709 1.36506 1.51191 1.72026 1.98421 2.02664 2.02664 2.02664 2.02664 2.02664 2.02664 2.02664 2.02664 2.02664 2.02664 2.07273 2.09716 2.09716 2.09716 2.09716 1.70909 1.59062 1.60806 1.63820 1.66829 1.69840 1.72198 1.72372 1.61520 1.56633 1.58762 1.56364 1.71643 1.79270
2.26627 1.96002 1.65308 1.35321 1.25880 1.25880 1.25880 1.25880 1.25880 1.25880 1.25880 1.25880 1.25880 1.25880 1.25880 1.25880 1.26121 1.46444 1.70784 1.87930 2.00665 2.06335 2.06347 2.06347 2.06347 2.06347 2.05964 1.37585 1.27244 1.34212 1.48043 1.67471 1.94545 2.02664 2.02664 2.02664 2.02664 2.02664 2.02664 2.02664 2.02664 2.02664 2.02664 2.02664 2.02664 2.02664 2.02664 2.05174 2.09716 2.10491 2.15782 2.21803 1.99672 1.71108 1.72372 1.72372 1.72372 1.72372 1.70907 1.62500 1.66697 1.88992 1.84065 1.83664 1.91507 2.03960
1.25950 1.25880 1.25880 1.25880 1.25880 1.25880 1.25880 1.25880 1.25880 1.25880 1.25880 1.25880 1.27237 1.50925 1.73870 1.90180 2.02316 2.06347 2.06347 2.06347 2.06347 2.06347 2.06347 2.06347 2.06347 2.11048 2.25130 1.99695 1.89684 2.02664 2.02664 2.02664 2.02664 2.02664 2.02664 2.02664 2.02664 2.02664 2.02664 2.02664 2.02664 2.02664 2.02664 2.02664 2.02664 2.04914 2.11118 2.17896 2.30291 2.35625 2.36357 2.36357 2.31768 1.73711 1.71279 1.63221 1.53932 1.44643 1.36819 1.35930 1.38724 1.83130 1.83664 1.83664 1.85482 2.03807
1.25880 1.25880 1.25880 1.25880 1.25880 1.25880 1.25880 1.25880 1.29283 1.55149 1.76804 1.92336 2.03657 2.06347 2.06347 2.06347 2.06347 2.06347 2.06347 2.06347 2.06347 2.08482 2.20630 2.38484 2.64615 2.86620 2.86813 2.67269 2.02664 2.02664 2.02664 2.02664 2.02664 2.02664 2.02664 2.02664 2.02664 2.02664 2.02664 2.02664 2.02724 2.06668 2.12947 2.19224 2.25498 2.29531 2.29603 2.29603 2.34755 2.36357 2.34622 2.15095 1.97971 1.57132 1.37162 1.35930 1.35930 1.35930 1.35930 1.35930 1.35930 1.77071 1.83664 1.83664 1.83664 2.00698
1.25880 1.25880 1.25880 1.25880 1.25880 1.25880 1.52579 1.94392 2.04713 2.06347 2.06347 2.06347 2.06347 2.06347 2.06347 2.06347 2.06347 2.06963 2.16547 2.32755 2.56021 2.83750 2.86813 2.86813 2.86813 2.86813 2.86813 2.85845 2.09236 2.02664 2.02664 2.02664 2.02664 2.02664 2.02664 2.02664 2.03244 2.08499 2.14776 2.21056 2.27270 2.29603 2.29603 2.29603 2.29603 2.29603 2.29237 2.13219 1.98079 1.87865 1.79013 1.77270 1.77270 1.61862 1.35930 1.35930 1.35930 1.35930 1.35930 1.35930 1.35930 1.68526 1.83664 1.83664 1.83664 1.95939
1.25880 1.25880 1.25880 1.25880 1.25880 1.25880 1.42401 2.06246 2.06347 2.06347 2.06347 2.06347 2.06347 2.06359 2.12782 2.27563 2.48402 2.77789 2.86813 2.86813 2.86813 2.86813 2.86813 2.86813 2.86813 2.86813 2.86813 2.86813 2.33421 2.02664 2.02664 2.02664 2.04294 2.10331 2.16605 2.22885 2.28582 2.29603 2.29603 2.29603 2.29603 2.29603 2.29603 2.17179 1.98503 1.85751 1.76598 1.73893 1.74475 1.77270 1.77270 1.77270 1.77270 1.74137 1.36520 1.35930 1.35930 1.35930 1.35930 1.35930 1.35930 1.58419 1.83664 1.83664 1.83664 1.90047
0.00000 1.25880 1.25880 1.25880 1.25880 1.25880 1.25880 1.97890 2.06347 2.06347 2.09638 2.22851 2.41626 2.69391 2.86813 2.86813 2.86813 2.86813 2.86813 2.86813 2.86813 2.86813 2.86813 2.86813 2.86813 2.86813 2.86813 2.86813 2.42181 2.12160 2.18434 2.24711 2.29361 2.29603 2.29603 2.29603 2.29603 2.29603 2.29603 2.20988 2.01320 1.87729 1.77968 1.73893 1.73893 1.73893 1.73893 1.73893 1.73896 1.76851 1.77270 1.77270 1.77270 1.77270 1.46264 1.35930 1.35930 1.35930 1.35930 1.35930 1.35930 1.44071 1.78140 1.74965 1.72091 1.70447
0.00000 1.25880 1.25880 1.25880 1.25880 1.25880 1.25880 1.91558 2.35575 2.60203 2.85615 2.86813 2.86813 2.86813 2.86813 2.86813 2.86813 2.86813 2.86813 2.86813 2.86813 2.86813 2.86813 2.86131 2.48726 1.90182 1.31688 0.731933 0.540202 2.25579 2.29603 2.29603 2.29603 2.29603 2.29603 2.24257 2.04335 1.89836 1.79507 1.74038 1.73893 1.73893 1.73893 1.73893 1.73893 1.73893 1.73893 1.73893 1.73893 1.75853 1.77270 1.77270 1.77270 1.77270 1.59145 1.36866 1.42090 1.42313 1.40436 1.38794 1.37332 1.37841 1.71833 1.73611 1.73548 1.75973
0.00000 1.25880 1.25880 1.25880 1.25880 1.25880 1.25880 2.86813 2.86813 2.86813 2.86813 2.86813 2.86813 2.86813 2.86813 2.86813 2.86813 2.86813 2.86813 2.83964 2.39204 1.80709 1.22190 0.643534 0.432885 0.432885 0.432885 0.432885 0.432885 1.80388 2.29603 2.26843 2.07570 1.92064 1.81136 1.74422 1.73893 1.73893 1.73893 1.73893 1.73893 1.73893 1.73893 1.73893 1.73893 1.73893 1.73893 1.73893 1.73893 1.74857 1.77270 1.80315 1.84390 1.80528 1.72976 1.45285 1.40161 1.38438 1.38438 1.38438 1.38438 1.41519 1.57343 1.65962 1.74533 1.81002
0.00000 0.00000 1.25880 0.00000 0.00000 0.00000 0.00000 2.86813 2.86813 2.86813 2.86813 2.86813 2.86813 2.86813 2.86813 2.80213 2.29731 1.71212 1.12717 0.570476 0.432885 0.432885 0.432885 0.432885 0.432885 0.432885 0.432885 0.441247 0.665316 1.36154 1.82857 1.75050 1.73893 1.73893 1.73893 1.73893 1.73893 1.73893 1.73893 1.73893 1.73893 1.73893 1.73893 1.73893 1.73893 1.73893 1.73893 1.73893 1.70463 1.62254 1.55491 1.53939 1.66367 1.65998 1.65998 1.43513 1.38438 1.40980 1.50694 1.62787 1.77724 1.89620 1.84555 1.81060 1.81060 1.81060
0.00000 0.00000 0.00000 0.00000 0.00000 0.00000 0.00000 0.00000 2.86813 2.86813 2.86813 2.74904 2.20233 1.61739 1.03220 0.513248 0.432885 0.432885 0.432885 0.432885 0.432885 0.432885 0.432885 0.432885 0.581384 0.834207 1.00521 1.12597 1.15788 1.25296 1.74221 1.73893 1.73893 1.73893 1.73893 1.73893 1.73893 1.73893 1.73893 1.73893 1.73893 1.73893 1.73893 1.73613 1.68228 1.59200 1.47045 1.29836 1.18183 1.18183 1.35931 1.40315 1.64847 1.65588 1.63605 1.61271 1.76496 1.89305 1.89905 1.89905 1.89905 1.89905 1.86563 1.81060 1.81060 1.81060
0.00000 0.00000 0.00000 0.00000 0.00000 0.00000 0.00000 0.00000 2.18769 1.52241 0.937467 0.471118 0.432885 0.432885 0.432885 0.432885 0.432885 0.432885 0.432885 0.432885 0.507042 0.771770 0.961951 1.09646 1.15759 1.15788 1.15788 1.15788 1.15788 1.15788 1.66852 1.73893 1.73893 1.73893 1.73893 1.73893 1.73893 1.73893 1.73893 1.72750 1.65822 1.56015 1.42638 1.24311 1.18183 1.18183 1.18183 1.18183 1.18183 1.17578 1.26219 1.33650 1.52814 1.57989 1.57833 1.62275 1.89905 1.89905 1.89905 1.89905 1.89905 1.89905 1.88951 1.81079 1.81060 1.81060
0.00000 0.00000 0.00000 0.00000 0.00000 0.00000 0.00000 0.00000 0.432885 0.432885 0.432885 0.432885 0.432885 0.432885 0.432885 0.432885 0.455720 0.701427 0.914146 1.06191 1.15122 1.15788 1.15788 1.15788 1.15788 1.15788 1.15788 1.15788 1.15788 1.15788 1.49904 1.73893 1.73893 1.73893 1.73893 1.71256 1.63211 1.52517 1.37718 1.20346 1.18183 1.18183 1.18183 1.18183 1.18183 1.17985 1.13365 1.06947 1.00529 0.947158 1.00159 1.27553 1.43353 1.57833 1.57833 1.57884 1.84489 1.89905 1.89905 1.89905 1.89905 1.89905 1.89905 1.81961 1.81060 1.81060
0.00000 0.00000 0.00000 0.00000 0.00000 0.00000 0.00000 0.00000 0.00000 0.432885 0.432885 0.432885 0.433465 0.621684 0.861177 1.02413 1.13626 1.15788 1.15788 1.15788 1.15788 1.15788 1.15788 1.15788 1.15788 1.15788 1.15788 1.15788 1.15788 1.15788 1.32853 1.69183 1.60390 1.48682 1.32217 1.18361 1.18183 1.18183 1.18183 1.18183 1.18183 1.18168 1.14550 1.08131 1.01710 0.954922 0.936895 0.936895 0.936895 0.936895 0.936895 1.23970 1.34196 1.57833 1.57833 1.57833 1.72948 1.89905 1.89905 1.89905 1.89905 1.89905 1.89905 1.83490 1.83632 1.86606
0.00000 0.00000 0.00000 0.00000 0.00000 0.00000 0.00000 0.00000 0.00000 0.677739 0.802001 0.982760 1.11160 1.15788 1.15788 1.15788 1.15788 1.15788 1.15788 1.15788 1.15788 1.15788 1.15788 1.15788 1.15788 1.15788 1.16269 1.23839 1.36266 1.53219 1.77273 1.31114 1.18183 1.18183 1.18183 1.18183 1.18183 1.18183 1.15687 1.09312 1.02892 0.964869 0.936895 0.936895 0.936895 0.936895 0.936895 0.936895 0.936895 0.936895 0.936895 1.16619 1.27666 1.55574 1.57833 1.57833 1.63950 1.89905 1.89501 1.83742 1.82811 1.83936 1.85062 1.82232 1.76767 1.74540
0.00000 0.00000 0.00000 0.00000 0.00000 1.88287 1.88287 1.88287 1.88287 1.75769 1.16035 1.15788 1.15788 1.15788 1.15788 1.15788 1.15788 1.15788 1.15788 1.15788 1.15788 1.15788 1.16847 1.25576 1.38588 1.56471 1.80884 1.88287 1.88287 1.88287 1.88287 1.53242 1.18183 1.18183 1.16620 1.10495 1.04075 0.976550 0.937336 0.936895 0.936895 0.936895 0.936895 0.936895 0.936895 0.936895 0.936895 0.936895 0.936895 0.936895 0.936895 1.05686 1.28276 1.46207 1.46674 1.43006 1.43873 1.67159 1.71184 1.78068 1.80125 1.80125 1.80125 1.81076 1.83760 1.80410
0.00000 0.00000 0.00000 0.00000 1.88287 1.88287 1.88287 1.88287 1.88287 1.88287 1.24570 1.15788 1.15788 1.15788 1.15788 1.15788 1.15788 1.15788 1.17658 1.27389 1.41022 1.59931 1.83872 1.88287 1.88287 1.88287 1.88287 1.88287 1.88287 1.88287 1.88543 1.76485 1.05258 0.988381 0.939810 0.936895 0.936895 0.936895 0.936895 0.936895 0.936895 0.936895 0.936895 0.936895 0.936895 0.936895 0.960163 1.08069 1.18483 1.26527 1.33025 1.38416 1.57715 1.56497 1.46717 1.51137 1.51313 1.66909 1.80125 1.80125 1.77064 1.71737 1.67434 1.64300 1.75874 1.76212
0.00000 0.00000 0.00000 0.00000 1.88287 1.88287 1.88287 1.88287 1.88287 1.88287 1.41201 1.15788 1.15788 1.15788 1.18726 1.29280 1.43585 1.63609 1.86158 1.88287 1.88287 1.88287 1.88287 1.88287 1.88287 1.88287 1.88330 1.89848 1.92087 1.94326 1.96308 1.96489 1.07185 0.936895 0.936895 0.936895 0.936895 0.936895 0.936895 0.936895 0.962680 1.08503 1.18755 1.26782 1.33215 1.38480 1.42294 1.42730 1.42730 1.42730 1.42730 1.42730 1.66887 1.73953 1.51353 1.51313 1.49887 1.53285 1.67718 1.64129 1.62512 1.62512 1.62512 1.62512 1.73750 1.76212
0.00000 0.00000 0.00000 0.00000 1.88287 1.88287 1.88287 1.88287 1.88287 1.88287 1.67793 1.31262 1.46292 1.67526 1.87637 1.88287 1.88287 1.88287 1.88287 1.88287 1.88287 1.88287 1.88287 1.89224 1.91456 1.93695 1.95891 1.96613 1.96613 1.96613 1.96613 1.96613 1.39411 0.936895 0.936895 0.936895 0.936895 0.936895 0.937679 1.36789 1.42349 1.42730 1.42730 1.42730 1.42730 1.42730 1.42730 1.42730 1.42730 1.42730 1.42730 1.42730 1.55950 1.72075 1.47063 1.39193 1.36815 1.38030 1.61747 1.62512 1.62512 1.62512 1.62512 1.62512 1.71116 1.76212
0.00000 0.00000 0.00000 0.00000 0.00000 1.88287 1.88287 1.88287 1.88287 1.88287 1.88287 1.88287 1.88287 1.88287 1.88287 1.88287 1.88287 1.88287 1.88287 1.88735 1.90825 1.93064 1.95303 1.96604 1.96613 1.96613 1.96613 1.96613 1.96613 1.96613 1.96613 1.96613 1.71746 0.936895 0.936895 0.936895 0.936895 0.936895 0.936895 1.33548 1.42730 1.42730 1.42730 1.42730 1.42730 1.42730 1.42730 1.42730 1.42006 1.37008 1.31296 1.25585 1.24586 1.61457 1.47505 1.36781 1.36781 1.36781 1.55016 1.62512 1.62512 1.62512 1.62512 1.62512 1.68142 1.76212
0.00000 0.00000 0.00000 0.00000 0.00000 1.88287 1.88287 1.88287 1.88287 1.88287 1.88287 1.88287 1.88287 1.88287 1.88287 1.88425 1.90194 1.92434 1.94672 1.96463 1.96613 1.96613 1.96613 1.96613 1.96613 1.96613 1.96613 1.96613 1.96613 1.96613 1.96613 1.96613 1.95450 1.02317 0.936895 0.936895 0.936895 0.936895 0.936895 1.22602 1.42730 1.42730 1.42730 1.42730 1.42436 1.38039 1.32327 1.26618 1.21635 1.20931 1.20931 1.20931 1.20931 1.54253 1.54170 1.36781 1.36781 1.36781 1.47035 1.62512 1.62512 1.62512 1.62512 1.62512 1.64758 1.76212
0.00000 0.00000 0.00000 0.00000 0.00000 1.88287 1.88287 1.88287 1.88287 1.88287 1.88287 1.88292 1.89563 1.91803 1.94041 1.96143 1.96613 1.96613 1.96613 1.96613 1.96613 1.96613 1.96613 1.96613 1.96613 1.96613 1.96613 1.96613 1.96613 1.96613 1.96613 1.96613 1.96613 1.33490 0.936895 0.936895 0.936895 0.936895 0.936895 1.06631 1.42673 1.39072 1.33361 1.27658 1.22243 1.20931 1.20931 1.20931 1.20931 1.20931 1.20931 1.20931 1.20931 1.43403 1.60490 1.37114 1.36781 1.36781 1.39242 1.62328 1.62512 1.62567 1.67163 1.71168 1.75089 1.90324
0.00000 0.00000 0.00000 0.00000 0.00000 0.00000 1.88287 1.88287 1.88983 1.91172 1.93410 1.95644 1.96613 1.96613 1.96613 1.96613 1.96613 1.96613 1.96613 1.96613 1.96613 1.96613 1.96613 1.96613 1.96613 1.96613 1.96613 1.96613 1.96613 1.96613 1.96613 1.96613 1.96613 1.65839 0.936895 0.936895 0.936895 0.884403 0.770265 0.656883 1.18840 1.20931 1.20931 1.20931 1.20931 1.20931 1.20931 1.20931 1.20931 1.20931 1.20931 1.20931 1.20931 1.29580 1.62051 1.42690 1.44085 1.52889 1.58869 1.84014 1.96225 2.03156 2.04300 2.03755 2.03755 1.99015
0.00000 0.00000 0.00000 0.00000 0.00000 0.00000 2.12106 2.13237 2.22538 2.19931 1.96613 1.96613 1.96613 1.96613 1.96613 1.96613 1.96613 1.96613 1.96613 1.96613 1.96613 1.96613 1.96613 1.96613 1.96613 1.96613 1.96613 1.96613 1.96613 1.96613 1.96613 1.96613 1.96613 1.93046 0.818301 0.676748 0.562566 0.501006 0.500919 0.500919 1.04282 1.20931 1.20931 1.20931 1.20931 1.20931 1.20931 1.20931 1.20931 1.20455 1.14612 1.07278 0.999847 0.926380 1.26141 1.50562 1.77003 1.69868 1.65173 1.83235 2.03755 2.03755 2.04077 2.11941 2.25802 2.13098
2.79339 2.79339 2.79339 2.79339 2.79339 2.79339 2.75906 2.38738 2.37976 2.35129 1.96621 1.96613 1.96613 1.96613 1.96613 1.96613 1.96613 1.96613 1.96613 1.96613 1.96613 1.96613 1.96613 1.96613 1.96613 1.96613 1.96613 1.96613 1.96613 1.96613 1.96613 1.96613 1.96613 1.96613 0.500919 0.500919 0.500919 0.500919 0.500919 0.500919 0.870483 1.20931 1.20931 1.20375 1.14422 1.07115 0.997686 0.924881 0.851414 0.783107 0.768334 0.768334 0.768334 0.768334 0.768334 0.996115 1.65157 1.65157 1.65420 1.84279 2.24704 2.43535 2.70271 2.80223 2.80223 2.48123
2.79339 2.79339 2.79339 2.79339 2.79339 2.79339 2.79339 2.45569 2.37976 2.37976 2.06905 1.96613 1.96613 1.96613 1.96613 1.96613 1.96613 1.96613 1.96613 1.96613 1.96613 1.96613 1.96613 1.96613 1.96613 1.96613 1.96613 1.96613 1.96613 1.96613 0.00000 0.00000 0.00000 0.00000 0.500919 0.500919 0.500919 0.500919 0.500919 0.500919 0.603007 0.922455 0.849826 0.782004 0.768334 0.768334 0.768334 0.768334 0.768334 0.768334 0.768334 0.768334 0.768334 0.768334 0.768334 0.894824 1.92814 2.16796 2.37350 2.44699 2.70891 2.80223 2.80223 2.80223 2.80223 2.72071
2.79339 2.79339 2.79339 2.79339 2.79339 2.79339 2.79339 2.56891 2.37976 2.37976 2.20788 1.96613 1.96613 1.96613 1.96613 1.96613 1.96613 1.96613 1.96613 1.96613 1.96613 1.96613 1.96613 1.96613 1.96613 1.96613 0.00000 0.00000 0.00000 0.00000 0.00000 0.00000 0.00000 0.00000 0.500919 0.500919 0.500919 0.500919 0.500919 0.500919 0.500919 0.742128 0.768334 0.768334 0.768334 0.768334 0.768334 0.768334 0.768334 0.768334 0.768334 0.834911 1.03894 1.24726 1.45542 1.56376 2.20929 2.44699 2.44699 2.44699 2.57815 2.80223 2.80223 2.80223 2.80223 2.80223
