High_resolution/powerplant/Fengdu/OMI_NO2_200911.asc
ncols      200
nrows      200
xllcorner       105.978
yllcorner       28.1831
cellsize     0.0166667
NODATA_Value      -999.000
[rows 116 to 144 of 200, columns 0 to 65 of 200]
9.64066 9.64066 9.64066 9.64066 9.64066 9.64066 9.64066 9.64066 9.64066 29.2372 31.3358 31.3358 31.3358 31.3358 34.6212 60.5323 60.5879 60.5879 60.5879 60.5879 60.5879 60.5879 60.5879 60.5879 60.5879 60.5879 60.5879 60.4478 59.3364 58.0395 56.7425 55.2309 40.8363 42.0912 43.5473 36.6481 36.4623 36.4623 36.4623 36.4623 36.4623 36.4623 36.4623 36.4623 36.4623 36.4623 36.4623 36.4623 33.7263 28.5951 28.5951 28.5951 28.5951 28.5951 28.5951 28.5951 28.5951 28.5951 28.5932 12.9821 10.2829 10.1947 9.62193 8.97479 8.32285 7.70177
9.64066 9.64066 9.64066 9.64066 9.64066 9.64066 9.64066 9.64066 9.64066 24.1714 31.3358 31.3358 31.3358 31.3358 31.3358 55.4278 60.5879 60.5879 60.5879 60.5879 60.5879 60.5879 60.4420 59.3234 58.0265 56.7296 55.4385 54.5220 55.9867 57.8758 59.7649 61.2099 49.6619 45.1611 45.1611 38.8190 36.4623 36.4623 36.4623 36.4623 36.4623 36.4623 36.4623 36.4623 36.4623 36.4623 36.4623 36.4623 35.8597 28.6698 28.5951 28.5951 28.5951 28.5951 28.5951 28.5951 28.5951 28.2086 25.4946 15.0630 8.30440 7.74187 7.52925 7.32490 7.12045 6.47405
9.64066 9.64066 9.64066 9.64066 9.64066 9.64066 9.64066 9.64066 9.64066 16.3590 31.3358 31.3358 31.3358 31.3358 31.3358 47.0383 60.5879 60.4355 59.3104 58.0135 56.7166 55.4313 54.2816 54.1926 55.6296 57.5180 59.4078 61.0637 61.3027 61.3027 61.3027 61.3027 54.2376 45.1611 45.1611 41.5732 36.4623 36.4623 36.4623 36.4623 36.4623 36.4623 36.4623 36.4623 36.4623 36.4623 36.4623 36.4623 36.4623 30.2736 28.5951 28.5951 28.5951 28.3228 25.7450 22.6433 19.5149 16.6197 16.0277 13.8103 6.84950 6.64907 6.58324 6.58324 6.58324 6.16281
9.64066 9.64066 9.64066 9.64066 9.64066 9.64066 9.64066 9.64066 9.64066 9.67967 29.7304 31.3358 31.3527 31.5341 31.7571 38.2698 55.4197 54.2751 54.1033 54.1162 55.2725 57.1609 59.0512 60.8499 61.3027 61.3027 61.3027 61.3027 61.3027 61.3027 61.3027 61.3027 58.8216 45.1611 45.1611 44.2752 36.5162 36.4623 36.4623 36.4623 36.4623 36.4623 36.4623 36.4623 36.4623 36.4623 36.4623 36.4623 36.4623 32.3053 25.9941 22.8195 19.5159 16.4837 15.7565 15.5523 15.3762 15.3530 15.3530 15.2762 7.37416 6.58324 6.58324 6.58324 6.58324 6.38489
9.64066 9.64066 9.64066 9.64066 9.64066 9.64066 9.64066 9.65254 9.96704 10.4133 25.6963 32.1680 32.3742 32.4158 32.4158 32.8463 53.6893 56.8045 58.6929 60.5698 61.3027 61.3027 61.3027 61.3027 61.3027 61.3027 61.3027 61.3027 61.3027 61.3027 61.3027 61.3027 61.2995 47.2603 45.1611 45.1611 38.3870 36.4623 36.4623 36.4623 36.4623 36.4623 36.4623 36.4623 36.4623 36.3577 33.4353 29.1423 24.8476 19.6966 15.4856 15.3553 15.3530 15.3530 15.3530 15.3530 15.3530 15.3530 15.3530 15.3530 10.0240 6.58324 6.58324 6.58324 6.58324 6.56597
9.64066 9.64066 9.64174 9.89683 10.3429 10.7889 11.2352 11.6689 11.8007 11.8007 19.3075 32.4158 32.9334 34.7592 36.6483 38.5375 54.2977 61.3027 61.3027 61.3027 61.3027 61.3027 61.3027 61.3027 61.3027 61.3027 61.3027 61.3027 61.3027 61.3027 61.3027 61.3027 61.3027 51.8373 45.1611 45.1611 41.1440 36.4623 36.4623 36.4623 36.4283 35.5298 32.2846 27.9923 23.6963 19.5092 18.1363 18.1363 18.1363 18.1010 15.5436 15.3530 15.3530 15.3530 15.3530 15.3530 15.3530 15.3530 15.3530 15.3530 12.7520 6.58324 6.58324 6.58324 6.58324 6.58324
10.7188 11.1650 11.6095 11.8007 11.8007 11.8007 11.8007 11.8007 11.8007 11.8007 12.0507 36.6014 39.5519 39.6152 39.6152 39.6152 48.0737 61.3027 61.3027 61.3027 61.3027 61.3027 61.3027 61.3027 61.3027 61.3027 61.3027 61.3027 61.3027 61.3027 61.3027 61.3027 61.3027 56.4182 45.1611 45.0580 42.8065 34.1666 31.1327 26.8416 22.5802 19.1864 18.1363 18.1363 18.1363 18.1363 18.1363 18.1363 18.1363 18.1363 16.2907 15.3530 15.3530 15.3530 15.3530 15.3530 15.3530 15.3530 15.3530 15.3530 15.0727 6.99104 6.58324 6.58324 6.58324 6.58324
11.8007 11.8007 11.8007 11.8007 11.8007 11.8007 11.8007 11.8007 11.8007 11.8007 11.8007 32.2682 39.6152 39.6152 39.6152 39.6152 41.9321 61.2420 61.3027 61.3027 61.3027 61.3027 61.3027 61.3027 61.3027 61.3027 61.3027 61.3027 61.3027 61.3027 61.2380 60.7418 60.1664 58.8257 40.4966 38.1871 37.2811 22.4041 18.1363 18.1363 18.1363 18.1363 18.1363 18.1363 18.1363 18.1363 18.1363 18.1363 18.1363 18.1363 17.0727 15.3530 15.3530 15.3530 15.3530 15.3530 15.3530 15.3530 15.3530 15.3530 15.3530 9.43699 6.58324 6.58324 6.49763 6.19056
11.8007 11.8007 11.8007 11.8007 11.8007 11.8007 11.8007 11.8007 11.8007 11.8007 11.8007 23.3497 39.6152 39.6152 39.6152 39.6152 39.6152 57.3382 61.3027 61.3027 61.3027 61.3027 61.3027 61.3027 61.3027 61.2380 60.7418 60.1664 59.5911 59.0158 58.3094 57.5508 56.8488 56.1469 41.4625 36.3117 36.3117 26.9515 18.1363 18.1363 18.1363 18.1363 18.1363 18.1363 18.1363 18.1363 18.1363 18.1363 18.1363 18.1363 17.8467 15.3603 15.3530 15.3530 15.3530 15.3530 15.3530 15.3530 15.3530 15.3530 14.9661 10.8565 5.85970 5.54157 5.30744 5.19439
11.8007 11.8007 11.8007 11.8007 11.8007 11.8007 11.8007 11.8007 11.8007 11.8007 11.8007 12.6821 38.5390 39.6152 39.6152 39.6152 39.6152 51.1291 61.3027 61.3027 61.2380 60.7418 60.1664 59.5911 59.0158 58.5052 58.3158 57.6818 56.9798 56.2775 55.7712 55.7487 55.7487 55.7487 46.9733 36.3117 36.3117 32.6645 18.1363 18.1363 18.1363 18.1363 18.1363 18.1363 18.1363 18.1363 18.1363 18.1363 18.1363 18.1363 18.1363 15.8526 15.3530 15.3530 15.3530 15.3530 15.0421 13.6828 12.2367 10.7723 9.57291 9.05022 4.88604 4.65173 4.49054 4.42987
11.8007 11.8007 11.8007 11.8007 11.8007 11.8007 11.8007 11.8007 11.8007 11.8007 11.8007 11.8007 33.1226 39.6152 39.6152 39.6167 39.6308 44.7105 59.5911 59.0158 58.5052 58.4261 58.3768 57.8121 57.1102 56.4084 55.8165 55.7487 55.7487 55.7487 55.7487 55.7487 55.7487 55.7487 52.4870 36.3117 36.3117 36.2571 20.2534 18.1363 18.1363 18.1363 18.1363 18.1363 18.1363 18.1363 18.1363 18.1363 18.1363 18.1363 18.1363 16.6342 15.1114 13.7940 12.2940 10.6879 9.39039 9.14102 8.97818 8.83410 8.81170 8.81170 5.54942 4.42987 4.42987 4.42987
11.8007 11.8007 11.8007 11.8007 11.8007 11.8007 11.8007 11.8007 11.8007 11.8007 11.8019 11.8270 24.7241 39.6625 39.6795 39.6951 39.6980 40.0351 57.3013 57.9431 57.2411 56.5391 55.8861 55.7487 55.7487 55.7487 55.7487 55.7487 55.7487 55.7487 55.7487 55.7487 55.7487 55.7487 55.7274 38.5902 36.3117 36.3117 25.9063 18.1363 18.1363 18.1363 18.1363 18.1363 18.1363 18.1363 18.1363 18.1363 17.9544 16.3684 14.3479 11.8409 9.21442 8.92341 8.81448 8.81170 8.81170 8.81170 8.81170 8.81170 8.81170 8.81170 6.90580 4.42987 4.42987 4.42987
11.8007 11.8007 11.8007 11.8007 11.8007 11.8010 11.8221 11.8562 11.8903 11.9244 11.9573 11.9663 13.6392 38.9855 39.6980 39.3457 38.6440 37.9414 49.8523 55.7487 55.7487 55.7487 55.7487 55.7487 55.7487 55.7487 55.7487 55.7487 55.7487 55.7487 55.7487 55.7487 55.7487 55.7487 55.7487 44.0790 36.3117 36.3117 31.6206 18.1363 18.1363 18.1363 18.1363 18.1214 17.5894 15.8097 13.7898 11.7692 9.93145 9.49749 9.49749 9.48000 8.84360 8.81170 8.81170 8.81170 8.81170 8.81170 8.81170 8.81170 8.81170 8.81170 8.25591 4.43601 4.42987 4.42987
11.8007 11.8177 11.8513 11.8854 11.9195 11.9533 11.9663 11.9663 11.9663 11.9663 11.9663 13.3768 16.9432 32.6439 37.3704 37.0207 37.0207 37.0207 44.2722 55.7487 55.7487 55.7487 55.7487 55.7487 55.7487 55.7487 55.7487 55.7487 55.7487 55.7487 55.7487 55.7487 55.7487 55.7487 55.7487 49.5950 36.3117 36.3117 35.9724 18.9383 16.9620 15.2504 13.2302 11.2250 9.73804 9.49749 9.49749 9.49749 9.49749 9.49749 9.49749 9.49749 9.01710 8.81170 8.81170 8.81170 8.81170 8.81170 8.81170 8.81170 8.81170 8.81170 8.81170 5.23699 4.42987 4.42987
0.00000 11.9663 11.9663 11.9663 11.9663 11.9663 11.9663 12.5296 16.0326 18.7793 20.7032 21.7563 21.7953 27.0021 37.0207 37.0207 37.0207 37.0207 38.9984 55.6963 55.7487 55.7487 55.7487 55.7487 55.7487 55.7487 55.7487 55.7487 55.7487 55.7487 55.7487 55.7487 55.7487 55.3502 52.4077 47.9942 34.6404 32.9224 30.8763 17.8649 9.80612 9.49749 9.49749 9.49749 9.49749 9.49749 9.49749 9.49749 9.49749 9.49749 9.49749 9.49749 9.20850 8.81170 8.81170 8.81170 8.81170 8.81170 8.81170 8.81170 8.81170 8.81170 8.81170 6.59362 4.42987 4.42987
0.00000 11.9663 11.9663 12.0505 15.0030 18.0885 20.2071 21.6039 21.7953 21.7953 21.7953 21.7953 21.7953 22.5911 36.5779 37.0207 37.0207 37.0207 37.0207 52.3253 55.7487 55.7487 55.7487 55.7487 55.7487 55.7487 55.7487 55.7487 55.3163 52.3568 48.9819 45.5900 42.2066 38.4606 36.4943 34.9780 29.4013 27.5611 27.5611 21.8559 9.49749 9.49749 9.49749 9.49749 9.49749 9.49749 9.49749 9.49749 9.49749 9.49749 9.49749 9.49749 9.40028 8.81170 8.81170 8.81170 8.81170 8.81170 8.81170 8.81170 8.81170 8.81170 8.81170 7.72208 4.80911 5.06213
31.6242 27.0794 19.6728 21.3262 21.7953 21.7953 21.7953 21.7953 21.7953 21.7953 21.7953 21.7953 21.7953 21.7953 32.5201 37.0207 37.0207 37.0207 37.0207 46.9728 55.7487 55.7487 55.7487 55.2993 52.3060 48.9141 45.5459 42.1642 39.2048 38.2692 36.7755 35.2592 33.7423 33.0041 33.0041 33.0041 30.4433 27.5611 27.5611 26.8380 10.1927 9.49749 9.49749 9.49749 9.49749 9.49749 9.49749 9.49749 9.49749 9.49749 9.49749 9.49749 9.49749 8.90565 8.81170 8.81170 8.81170 8.81170 8.81170 8.56528 7.95534 7.34241 6.75692 6.66597 6.10176 6.26961
31.6242 31.6242 22.7537 21.7953 21.7953 21.7953 21.7953 21.7953 21.7953 21.7953 21.7953 21.7953 21.7953 21.7953 27.6645 37.0207 37.0207 35.2857 35.7816 40.6446 48.8801 45.4883 42.0964 39.1861 38.7893 38.4757 37.0555 35.5392 34.0229 33.0261 33.0041 33.0041 33.0041 33.0041 33.0041 33.0041 31.9738 27.5611 27.5611 27.5611 15.1460 9.49749 9.49749 9.49749 9.49749 9.49749 9.49749 9.49749 9.49749 9.49749 9.49749 9.49749 9.49749 9.09706 8.81170 8.60470 8.00174 7.46789 7.12489 7.03673 7.31169 7.58969 7.84110 7.88467 7.33288 6.92974
31.6242 31.6242 24.7820 21.7953 21.7953 21.7953 21.7953 21.7953 21.7953 21.7953 21.7953 21.7953 21.0706 19.3179 18.6167 27.3136 25.3858 24.3388 28.8521 35.3681 38.5936 38.6302 37.3360 35.8198 34.3029 33.1007 33.0041 33.0041 33.0041 33.0041 33.0041 33.0041 33.0041 33.0041 33.0041 33.0041 32.9802 28.0811 27.5611 27.5611 20.8186 9.49749 9.49749 9.49749 9.49749 9.49749 9.49749 9.49749 9.49749 9.49749 9.49749 9.32656 8.67719 7.90690 7.53619 7.40846 7.67713 7.87625 7.88467 7.88467 7.88467 7.88467 7.88467 7.88467 7.62836 6.92974
31.6242 31.6242 27.7469 21.7953 21.7953 21.7953 21.7953 21.2964 19.5719 17.8763 16.3558 15.0542 14.2333 14.0013 13.9501 21.5425 24.1004 24.0626 25.1548 32.6142 33.4531 33.2263 33.0041 33.0041 33.0041 33.0041 33.0041 33.0041 33.0041 33.0041 33.0041 33.0041 33.0041 33.0041 33.0041 33.0041 33.0041 29.5854 27.5611 27.5611 26.2196 9.77386 9.49749 9.49749 9.49749 9.49749 9.49529 9.28326 8.59482 7.87299 7.15191 6.60118 6.52936 6.59522 7.85274 7.88467 7.88467 7.88467 7.88467 7.88467 7.88467 7.88467 7.88467 7.88467 7.86481 6.98888
31.6242 31.6242 30.3905 20.0454 18.1250 16.5671 15.2365 14.2970 14.0272 13.9501 13.9501 13.9501 13.9501 13.9501 14.0104 17.7449 21.4836 20.5105 20.3343 28.6218 30.8779 33.0041 33.0041 33.0041 33.0041 33.0041 33.0041 33.0041 33.0041 33.0041 33.0041 33.0041 33.0041 33.0041 33.0041 33.0041 33.0041 31.1156 27.5611 27.5611 27.5611 14.1011 9.40139 9.18376 8.51264 7.79091 7.07198 6.56205 6.52936 6.52936 6.52936 6.52936 6.52936 6.52936 7.53988 7.88467 7.88467 7.88467 7.88467 7.88467 7.88467 7.88467 7.88467 7.88467 7.88467 7.26471
31.6242 26.9132 16.8132 14.6957 13.9501 13.9501 13.9501 13.9501 13.9501 13.9501 13.9817 14.0895 14.2006 14.3117 14.3625 15.0406 20.2236 20.2436 20.2436 25.4868 29.8972 32.9958 33.0041 33.0041 33.0041 33.0041 33.0041 33.0041 33.0041 33.0041 33.0041 33.0041 33.0041 33.0041 33.0041 33.0041 32.8897 31.7149 27.3542 27.0099 25.1406 16.3728 7.08351 6.57960 6.52936 6.52936 6.52936 6.52936 6.52936 6.52936 6.52936 6.52936 6.52936 6.52936 7.16093 7.88467 7.88467 7.88467 7.88467 7.88467 7.88467 7.88467 7.88467 7.88467 7.88467 7.56047
31.6242 31.2314 17.1994 15.3594 13.9501 13.9501 13.9621 14.0573 14.1685 14.2796 14.3592 14.3625 14.3625 14.3625 14.3625 14.3625 19.0371 20.2436 20.2436 22.8879 29.5185 32.3767 33.0041 33.0041 33.0041 33.0041 33.0041 33.0041 33.0041 33.0041 33.0041 32.8897 32.1279 31.2646 30.4014 29.4619 27.1978 25.0362 21.6503 19.4426 19.1426 17.6248 6.55837 6.52936 6.52936 6.52936 6.52936 6.52936 6.52936 6.52936 6.52936 6.52936 6.52936 6.52936 6.78199 7.88467 7.88467 7.88467 7.88467 7.88467 7.88467 7.88467 7.88467 7.88467 7.88467 7.83786
31.6242 31.6242 19.7774 16.3903 14.1450 14.2475 14.3467 14.3625 14.3625 14.3625 14.3625 14.3625 14.3625 14.3625 14.3625 14.3625 17.1732 20.2436 20.2436 20.8351 29.4436 31.3834 33.0041 33.0041 33.0041 33.0041 32.8854 32.1193 31.2560 30.3931 29.5381 28.7813 27.4844 25.4234 23.3631 21.3791 20.8332 20.8332 19.9857 19.1426 19.1426 19.1426 8.98151 6.52936 6.52936 6.52936 6.52936 6.52936 6.52936 6.52936 6.52936 6.52936 6.52936 6.52936 6.53464 7.75313 7.88467 7.88467 7.88467 7.88467 7.88467 7.88707 8.04659 8.30163 8.55676 8.78798
32.0868 32.4204 24.4095 17.2777 14.7696 14.3625 14.3625 14.3625 14.3625 14.3625 14.3625 14.3625 14.3625 14.3625 14.3625 14.3625 15.3082 20.2436 20.2436 20.2434 26.9841 30.3137 32.1193 31.2560 30.3927 29.5294 28.7849 28.6877 27.8607 25.8106 23.7512 21.6980 20.8332 20.8332 20.8332 20.8332 20.8332 20.8332 20.4628 19.1426 19.1426 19.1426 12.9196 6.52936 6.52936 6.52936 6.52936 6.52936 6.52936 6.52936 6.52936 6.52936 6.52936 6.52936 6.52936 7.37968 7.88467 7.88507 8.02639 8.28142 8.47764 8.51278 8.38284 8.15692 7.93125 7.72349
32.8617 32.8617 30.3882 17.3356 15.4844 14.3625 14.3625 14.3625 14.3625 14.3625 14.3625 14.3625 14.3625 14.3625 14.3625 14.3247 14.2176 18.8974 19.4836 19.1521 22.7053 27.8272 28.6370 28.6877 28.1717 26.1986 24.1384 22.0781 20.8442 20.8332 20.8332 20.8332 20.8332 20.8332 20.8332 20.8332 20.8332 20.8332 20.8149 19.2670 19.1426 19.1426 16.8558 6.52936 6.52936 6.52936 6.52936 6.52936 6.52936 6.52936 6.52936 6.52936 6.52936 6.52936 6.65097 7.31285 8.16694 8.19532 8.08370 7.85767 7.69115 7.68249 7.68249 7.68249 7.68249 7.68249
32.8617 32.8617 32.8617 19.1011 16.3842 14.3625 14.3625 14.3625 14.3625 14.3625 14.3362 14.2417 13.9807 13.6496 13.3186 13.0252 12.8012 15.8552 18.6358 18.6358 19.9614 25.6622 24.2345 22.4661 20.9204 20.8332 20.8332 20.8332 20.8332 20.8332 20.8332 20.8332 20.8332 20.8332 20.8332 20.8332 20.8332 20.8332 20.8332 19.7262 19.1426 19.1426 19.1312 8.19689 6.52936 6.52936 6.52936 6.52936 6.52936 6.52835 6.59613 6.79882 7.00288 7.20672 7.28926 7.29779 7.67905 7.68249 7.68249 7.68249 7.68249 7.68249 7.68249 7.68249 7.68249 7.68249
32.8617 32.8617 32.8617 22.4433 17.2256 14.4900 14.2611 14.0285 13.6972 13.3660 13.0614 12.8248 12.7547 12.7547 12.7547 12.7547 12.7377 13.5579 16.1197 14.7468 13.6197 19.2821 20.2787 20.8332 20.8332 20.8332 20.8332 20.8332 20.8332 20.8332 20.8332 20.8332 20.8332 20.8332 20.8332 20.8332 20.8332 20.8332 20.8332 20.2034 19.1426 19.1426 19.1426 12.1205 6.52576 6.48463 6.51875 6.71866 6.92269 7.12758 7.26381 7.26501 7.26501 7.26501 7.26501 7.26501 7.59551 7.68249 7.68249 7.68249 7.68249 7.68249 7.68249 7.68249 7.68249 7.68249
32.8617 32.8617 32.8617 27.2465 16.7416 14.0389 12.8528 12.7547 12.7547 12.7547 12.7547 12.7547 12.7547 12.5613 12.1851 11.8093 11.4506 11.3681 13.1728 13.3994 13.3994 17.0999 20.0159 20.8326 20.8332 20.8332 20.8332 20.8332 20.8332 20.8332 20.8332 20.8332 20.8332 20.8332 20.8332 20.8332 20.8332 20.8332 20.8332 20.6308 19.0920 19.0378 18.7154 14.8564 6.84605 7.09109 7.26091 7.26501 7.26501 7.26501 7.26501 7.26501 7.26501 7.26501 7.26501 7.26501 7.47959 7.68249 7.68249 7.68249 7.68249 7.68249 7.68249 7.68249 7.68249 7.68249
