High_resolution/powerplant/Fengdu/OMI_NO2_201105.asc
ncols      200
nrows      200
xllcorner       105.978
yllcorner       28.1831
cellsize     0.0166667
NODATA_Value      -999.000
[rows 29 to 57 of 200, columns 132 to 197 of 200]
1.30236 1.30236 1.30236 1.30236 1.30569 1.35214 1.60220 1.36429 1.36429 1.36429 1.36429 1.36429 1.36429 1.40034 1.48596 1.83254 2.09869 2.13240 2.14193 2.22645 2.32702 2.42749 2.52801 2.04893 1.72349 1.65813 1.59209 1.52698 1.50411 1.50411 1.50411 1.14450 0.813754 0.813159 0.696391 0.681597 0.681597 0.681597 0.681597 0.681597 0.681597 0.682817 0.683284 0.683284 0.683284 0.683284 0.683284 0.683284 0.683284 0.683284 0.683284 0.683284 0.683284 0.711358 0.802938 0.906957 1.12501 1.33096 1.42372 1.37515 1.23230 1.06056 1.06056 1.06056 1.06056 1.06056
1.30236 1.30236 1.30236 1.30236 1.30237 1.31938 1.65338 1.38607 1.36429 1.38067 1.45726 1.55589 1.67963 1.75746 1.85093 2.09980 2.39659 2.49711 2.58810 2.60409 2.59425 2.53503 2.46899 2.10545 1.50477 1.50411 1.50411 1.50411 1.50411 1.50411 1.50411 1.32745 0.813754 0.813754 0.739971 0.681597 0.681597 0.681597 0.681597 0.681597 0.681597 0.682292 0.683284 0.683284 0.683284 0.683284 0.683284 0.683284 0.683284 0.698500 0.793184 1.01029 1.26096 1.48496 1.64425 1.79101 1.82359 1.82359 1.80362 1.49161 1.39378 1.06056 1.06056 1.06056 1.06056 1.06056
1.30236 1.30236 1.30236 1.30236 1.30236 1.31348 1.52768 1.60040 1.63754 1.79822 1.95543 2.10621 2.25691 2.40656 2.46372 2.46810 2.59715 2.55557 2.48955 2.42349 2.36732 2.36050 2.36050 2.30353 1.51794 1.50411 1.50411 1.50411 1.50411 1.50185 1.44162 1.30566 0.813754 0.813754 0.784019 0.681597 0.681597 0.681597 0.681597 0.681597 0.681597 0.681820 0.683283 0.683284 0.683284 0.698377 0.895574 1.14664 1.39855 1.63397 1.78999 1.82359 1.82359 1.82359 1.82359 1.82359 1.82359 1.82359 1.82359 1.57016 1.47289 1.08361 1.06056 1.06056 1.06056 1.06056
1.22354 1.30236 1.30236 1.30236 1.27823 1.21425 1.93659 2.21123 2.36134 2.46132 2.46372 2.46372 2.46372 2.42145 2.32272 2.22363 2.32070 2.36050 2.36050 2.36050 2.36050 2.36050 2.36050 2.36050 1.68757 1.38105 1.27785 1.15951 1.02227 0.865942 0.813754 0.813754 0.813754 0.813754 0.812918 0.696202 0.681597 0.681597 0.681597 0.681597 0.687069 0.791678 1.02414 1.28383 1.53443 1.77004 1.82359 1.82359 1.82359 1.82359 1.82359 1.82359 1.82359 1.82359 1.82359 1.82359 1.82359 1.82359 1.82359 1.66867 1.48512 1.25545 1.06056 1.06056 1.06056 1.06056
1.02385 0.974331 0.758688 0.543045 0.351525 0.375817 2.60081 2.52488 2.46372 2.44516 2.35345 2.25447 2.15538 2.09863 2.09834 2.09834 2.23024 2.36050 2.35595 2.32622 2.28878 2.24595 2.19649 2.13874 1.51307 0.813754 0.813754 0.813754 0.813754 0.813754 0.813754 0.813754 0.813754 0.813754 0.813754 0.740400 0.767662 0.907298 1.09030 1.32400 1.55228 1.68139 1.77349 1.82359 1.82359 1.82359 1.82359 1.82359 1.82359 1.82359 1.82359 1.82359 1.82359 1.82359 1.82359 1.82359 1.82359 1.82359 1.82359 1.76723 1.48512 1.38679 1.06056 1.06056 1.06056 1.06056
0.446580 0.321713 0.321713 0.321713 0.321713 0.321713 1.92967 2.53830 2.18618 2.10572 2.09834 2.09834 2.09834 2.09834 2.09834 2.09834 2.12169 2.15985 2.10559 2.09834 2.09834 2.09834 2.09834 2.09834 1.89396 0.813754 0.813754 0.813754 0.813754 0.813754 0.813754 0.877121 1.01662 1.15639 1.30437 1.45862 1.56945 1.66350 1.71425 1.71432 1.71432 1.71432 1.74141 1.82359 1.82359 1.82359 1.82359 1.82359 1.82359 1.82359 1.82359 1.82359 1.82359 1.82359 1.82359 1.82359 1.82359 1.82359 1.82359 1.82335 1.52753 1.46975 1.07680 1.06056 1.06056 1.06056
0.469879 0.330336 0.321713 0.321713 0.321713 0.321713 1.20330 2.70624 2.11911 2.09834 2.09834 2.09834 2.09834 2.09834 2.09834 2.09834 2.09834 2.09834 2.09834 2.09834 2.09834 2.09834 2.09834 2.09834 2.09808 0.991284 0.857327 0.993788 1.13363 1.27313 1.41562 1.51906 1.55222 1.58524 1.60987 1.61187 1.70327 1.71432 1.71432 1.71432 1.71432 1.71432 1.71621 1.81665 1.82359 1.82359 1.82359 1.82359 1.82359 1.82359 1.82359 1.82359 1.82359 1.82359 1.82359 1.82359 1.82359 1.82359 1.82359 1.82234 1.58248 1.37999 1.16777 1.06056 1.06056 1.06056
0.473159 0.386370 0.321713 0.321713 0.321713 0.321713 0.507693 2.70805 2.24539 2.09834 2.09834 2.09834 2.09834 2.09834 2.09834 2.09834 2.09834 2.09834 2.09834 2.09834 2.09834 2.07262 1.90092 1.70615 1.51138 1.36579 1.48634 1.50902 1.54204 1.57505 1.60538 1.61123 1.61123 1.61123 1.61123 1.61123 1.66982 1.71432 1.71432 1.71432 1.71432 1.71432 1.71432 1.78647 1.82359 1.82359 1.82359 1.82359 1.82359 1.82359 1.82359 1.82359 1.82359 1.82359 1.82359 1.82359 1.79275 1.73097 1.66856 1.59627 1.47207 1.32573 1.33261 1.06056 0.00000 0.00000
0.464643 0.422601 0.321713 0.321713 0.321713 0.321713 0.321713 2.16943 2.44857 2.09834 2.09834 2.09834 2.09834 2.09834 2.09834 2.09834 2.09395 1.95922 1.76454 1.56986 1.37509 1.20604 1.18307 1.19334 1.22561 1.34006 1.59775 1.61123 1.61123 1.61123 1.61123 1.61123 1.61123 1.61123 1.61123 1.61123 1.63579 1.71432 1.71432 1.71432 1.71432 1.71432 1.71432 1.75433 1.82359 1.82359 1.82359 1.82359 1.82359 1.82359 1.82359 1.82359 1.80395 1.74347 1.67632 1.59288 1.52932 1.49525 1.45155 1.44002 1.44002 1.44002 1.44002 1.44002 0.00000 0.00000
0.461540 0.449497 0.321713 0.321713 0.321713 0.321713 0.321713 1.44277 2.70929 2.12055 2.09834 2.09834 2.01706 1.82294 1.62826 1.43349 1.24320 1.18307 1.18307 1.18687 1.21543 1.24844 1.28148 1.30425 1.30499 1.31197 1.59432 1.61123 1.61123 1.61123 1.61123 1.61123 1.61123 1.61123 1.61123 1.61123 1.61203 1.70400 1.71432 1.71432 1.71432 1.71432 1.71432 1.72329 1.82256 1.82359 1.82359 1.82359 1.81307 1.75759 1.68426 1.59033 1.49790 1.45226 1.44002 1.44002 1.44002 1.44002 1.44002 1.44002 1.44002 1.44002 1.44002 1.44002 0.00000 0.00000
0.461540 0.461512 0.353359 0.321713 0.321713 0.321713 0.321713 0.764525 2.30319 1.73974 1.49188 1.29720 1.18380 1.18307 1.18307 1.18356 1.20525 1.23826 1.27128 1.30053 1.30499 1.30499 1.30499 1.30499 1.30499 1.30499 1.50989 1.61123 1.61123 1.61123 1.61123 1.61123 1.61123 1.61123 1.61123 1.61123 1.61123 1.67073 1.71432 1.71432 1.71432 1.71432 1.71432 1.71152 1.78760 1.77530 1.69428 1.58711 1.46233 1.44002 1.44002 1.44002 1.44002 1.44002 1.44002 1.44002 1.44002 1.44002 1.44002 1.44002 1.44002 1.44002 1.44002 1.44002 0.00000 0.00000
0.461540 0.461540 0.405526 0.540359 0.884659 1.22896 1.57295 1.85600 1.04049 1.02918 1.18307 1.18307 1.19536 1.22808 1.26110 1.29364 1.30499 1.30499 1.30499 1.30499 1.30499 1.30499 1.30499 1.30499 1.30499 1.30499 1.41848 1.61123 1.61123 1.61123 1.61123 1.61123 1.61123 1.61123 1.61123 1.61123 1.61123 1.63665 1.71369 1.67441 1.61098 1.50717 1.38302 1.26174 1.27700 1.44002 1.44002 1.44002 1.44002 1.44002 1.44002 1.44002 1.44002 1.44002 1.44002 1.44002 1.44002 1.44002 1.44002 1.44002 1.44002 1.44002 1.44002 1.44002 1.44002 0.00000
0.836003 1.00808 1.28157 1.88458 1.88458 1.88458 1.88458 1.88458 1.33484 0.917871 1.23527 1.28394 1.30469 1.30499 1.30499 1.30499 1.30499 1.30499 1.30499 1.30499 1.30499 1.30499 1.30499 1.30499 1.30499 1.30499 1.33013 1.60819 1.61123 1.61123 1.61123 1.61123 1.61123 1.61123 1.58114 1.51889 1.45665 1.47712 1.38457 1.25893 1.19827 1.17805 1.17805 1.17805 1.20594 1.44002 1.44002 1.44002 1.44002 1.44002 1.44002 1.44002 1.44002 1.44002 1.44002 1.44002 1.44002 1.44002 1.44002 1.44002 1.44002 1.44002 1.44002 1.44002 1.44002 0.00000
1.24297 1.24297 1.25768 1.85012 1.88458 1.88458 1.88458 1.88458 1.62959 0.906494 1.20999 1.30499 1.30499 1.30499 1.30499 1.30499 1.30499 1.30499 1.30499 1.30499 1.30499 1.30499 1.30499 1.30499 1.30499 1.30499 1.30499 1.54192 1.61123 1.59003 1.52872 1.46647 1.40423 1.37953 1.51481 1.69305 1.87129 1.96785 1.50461 1.17805 1.17805 1.17805 1.17805 1.17805 1.17853 1.39062 1.44002 1.44002 1.44002 1.44002 1.44002 1.44002 1.44002 1.44002 1.44002 1.44002 1.44002 1.44002 1.44002 1.44002 1.44002 1.44002 1.44163 1.45632 1.47488 0.00000
1.24297 1.24297 1.24297 1.61401 1.88458 1.88458 1.88458 1.88458 1.86483 0.965864 1.08054 1.30499 1.30499 1.30499 1.30499 1.30499 1.30499 1.30499 1.30499 1.30499 1.30499 1.30499 1.30499 1.30499 1.34703 1.58069 1.83803 1.78202 1.35181 1.32119 1.46005 1.63836 1.81659 1.95712 1.96798 1.96798 1.96798 1.96798 1.76472 1.17805 1.17805 1.17805 1.17805 1.17805 1.17805 1.29210 1.44002 1.44002 1.44002 1.44002 1.44002 1.44002 1.44002 1.44002 1.44002 1.44002 1.44002 1.44002 1.44048 1.45281 1.47039 1.49766 1.59620 1.50686 1.50686 1.50686
1.29808 1.37733 1.47668 1.71866 1.88458 1.88458 1.88458 1.88458 1.88458 1.24071 0.921124 1.28974 1.30499 1.30499 1.30499 1.30499 1.30499 1.30499 1.30499 1.31405 1.50216 1.75950 2.01684 2.27430 2.48955 2.51328 2.60859 2.57038 1.76177 1.92954 1.96798 1.96798 1.96798 2.04792 2.21953 2.36688 2.09601 1.96798 1.95748 1.24496 1.17805 1.17805 1.17805 1.17805 1.17805 1.22682 1.44002 1.44002 1.44002 1.44002 1.44002 1.44002 1.44002 1.44002 1.44003 1.44933 1.47741 1.60433 1.71967 1.79835 1.85626 1.89994 1.90343 1.54389 1.50686 1.50686
1.88458 1.88458 1.88458 1.88458 1.88458 1.88458 1.88458 1.88458 1.88458 1.53540 0.906494 1.20806 1.30499 1.30499 1.30499 1.42375 1.68085 1.93831 2.19553 2.44392 2.51315 2.51315 2.56034 2.73200 2.91024 3.08841 3.17135 3.18456 2.29371 2.31975 2.45335 2.56986 2.67197 2.72632 2.72668 2.72668 2.37712 1.96798 1.96798 1.49442 1.17805 1.17805 1.17805 1.17805 1.17805 1.18447 1.42635 1.44002 1.44002 1.44002 1.44002 1.45724 1.58712 1.70549 1.79372 1.85678 1.90021 1.90874 1.90874 1.90874 1.90874 1.90874 1.90874 1.69865 1.50686 1.50686
1.88458 1.88458 1.88458 1.88458 1.88458 1.88458 1.88458 1.88458 1.88458 1.81543 1.03159 1.54474 1.85954 2.11712 2.37441 2.51291 2.51315 2.51315 2.52888 2.67722 2.85541 3.03661 3.23049 3.31373 3.37991 3.43724 3.48759 3.52506 3.05673 2.72668 2.72668 2.72668 2.72668 2.72668 2.72668 2.72668 2.56820 1.96798 1.96798 1.75454 1.17805 1.17805 1.17805 1.17805 1.17805 1.17805 1.33819 1.57140 1.69102 1.78097 1.85063 1.90035 1.90874 1.90874 1.90874 1.90874 1.90874 1.90874 1.90874 1.90874 1.90874 1.90874 1.90874 1.80968 1.50686 1.50686
1.88458 1.88458 1.88458 1.88458 1.88458 1.88683 1.95631 2.05706 2.15781 2.25855 3.06561 3.29653 2.54610 2.51315 2.51427 2.62241 2.80072 2.97896 3.14146 3.17135 3.17135 3.48222 3.52892 3.52892 3.52892 3.52892 3.52892 3.52892 3.29386 2.72668 2.72668 2.72668 2.72668 2.72668 2.72668 2.72668 2.70747 2.00383 1.96798 1.95471 1.23801 1.17866 1.19891 1.23540 1.29156 1.36882 1.71802 1.90815 1.90874 1.90874 1.90874 1.90874 1.90874 1.90874 1.90874 1.90874 1.90874 1.90874 1.90874 1.90874 1.90874 1.90874 1.90874 1.88596 1.50918 1.50686
1.88458 1.91378 2.01168 2.11238 2.21313 2.31167 2.34293 2.34293 2.34293 2.34293 2.79093 3.32281 2.88390 2.92413 3.10125 3.17135 3.17135 3.17135 3.17135 3.11270 3.00143 3.41430 3.52892 3.52892 3.52892 3.52892 3.52892 3.52892 3.50044 2.75740 2.72668 2.72668 2.72668 2.72668 2.72668 2.72668 2.72680 2.31029 2.16857 2.34216 1.79192 1.43713 1.48806 1.50401 1.50686 1.50686 1.60742 1.90874 1.90874 1.90874 1.90874 1.90874 1.90874 1.90874 1.90874 1.90874 1.90874 1.90874 1.90874 1.90874 1.90874 1.90874 1.90874 1.90874 1.63337 1.50686
2.26850 2.34009 2.34293 2.34293 2.34293 2.34293 2.34293 2.34293 2.34293 2.34293 2.49844 3.32281 3.25873 3.15978 3.04503 2.92391 2.82017 2.73042 2.65197 2.60919 2.60990 3.23507 3.52892 3.52892 3.52892 3.52892 3.52892 3.52892 3.52892 2.96607 2.72668 2.72668 2.77692 2.91784 3.08281 3.27773 3.48178 3.32054 2.66499 2.52082 2.20077 1.50686 1.50686 1.50686 1.50686 1.50686 1.50686 1.87628 1.90874 1.90874 1.90874 1.90874 1.90874 1.90874 1.90874 1.90874 1.90874 1.90874 1.90874 1.90874 1.90874 1.90874 1.90874 1.90874 1.76677 1.45908
2.34293 2.34293 2.34293 2.34293 2.34293 2.34293 2.34293 2.34293 2.28582 2.17009 2.08317 2.53730 2.51132 2.61057 2.60878 2.60878 2.60878 2.60878 2.60878 2.60878 2.60878 2.92804 3.52320 3.52892 3.52892 3.52892 3.52892 3.49982 3.37093 3.15070 3.24352 3.46945 3.61700 3.55092 3.47714 3.40342 3.35986 3.27620 2.47499 2.47499 2.45428 1.57190 1.50686 1.50686 1.50686 1.50686 1.50686 1.79473 1.90874 1.90874 1.90874 1.90874 1.90874 1.90874 1.90874 1.90874 1.90874 1.90874 1.90874 1.90874 1.90874 1.89732 1.80362 1.69331 1.48505 0.683023
2.34293 2.34293 2.34293 2.34293 2.34293 2.18271 1.98721 1.93873 1.91355 1.91329 1.91329 2.18849 2.40323 2.54584 2.60878 2.60878 2.60878 2.60878 2.60878 2.60878 2.60878 2.75164 3.45344 3.41368 3.27623 3.13903 3.00171 2.89348 2.88301 2.90282 3.49726 3.42601 3.36544 3.35953 3.35953 3.35953 3.33554 3.24628 2.54711 2.47499 2.47499 1.86887 1.50686 1.50686 1.50686 1.50686 1.50686 1.67554 1.90874 1.90874 1.90874 1.90874 1.90874 1.90874 1.90874 1.90874 1.90874 1.90531 1.82599 1.71200 1.53976 1.32371 1.16269 0.975881 0.735739 0.670223
2.34293 2.34293 2.34293 2.34293 2.34293 2.21322 1.91329 1.91329 1.91329 1.91329 1.91329 2.04239 2.40323 2.47617 2.60878 2.60878 2.60878 2.60871 2.53609 2.39883 2.26157 2.13936 2.61984 2.88512 2.88512 2.86123 2.81205 2.76286 2.71580 2.70349 3.18459 3.28041 3.17778 3.05044 2.88897 2.67643 2.48309 2.47499 2.47499 2.47499 2.47499 2.18739 1.50686 1.50686 1.50686 1.50686 1.50686 1.52593 1.89819 1.90874 1.90874 1.90874 1.90874 1.90862 1.84546 1.68399 1.47193 1.20590 0.975881 0.735739 0.670223 0.670223 0.670223 0.670223 0.670223 0.670223
2.34293 2.34293 2.34293 2.34293 2.34293 2.34105 1.93789 1.91329 1.91329 1.91329 1.91329 1.92397 2.37535 2.35526 2.42557 2.30419 2.16694 2.02968 1.96497 1.96497 1.96497 1.95364 2.22096 2.77795 2.72847 2.64855 2.54484 2.42685 2.29083 2.13330 2.16342 2.47499 2.47499 2.47266 2.45855 2.44630 2.43690 2.42942 2.46695 2.47499 2.47499 2.44876 1.56330 1.50686 1.50686 1.50686 1.50686 1.50686 1.83237 1.90605 1.82783 1.63463 1.38551 1.05519 0.733770 0.670223 0.670223 0.670223 0.670223 0.670223 0.670223 0.670223 0.670223 0.670223 0.670223 0.670223
2.34293 2.34293 2.34293 2.34293 2.34293 2.34293 2.01723 1.91329 1.91257 1.90068 1.88493 1.86919 1.68472 1.44563 1.80348 1.96497 1.96497 1.96156 1.92206 1.87287 1.82370 1.78587 1.84563 2.18603 2.01597 1.93320 1.93320 1.93376 1.95727 1.98856 2.07735 2.43166 2.42519 2.42046 2.41983 2.41983 2.41983 2.41983 2.44659 2.47499 2.47499 2.47499 1.85545 1.50686 1.50686 1.50686 1.46185 1.25562 1.13942 0.872821 0.672900 0.670223 0.670223 0.670223 0.670223 0.670223 0.670223 0.670223 0.670223 0.670223 0.670223 0.670223 0.670223 0.670223 0.670223 0.670223
2.34293 2.34293 2.34293 2.34293 2.33144 2.30027 2.07550 1.86049 1.84545 1.84162 1.84162 1.84162 1.69319 1.43752 1.61549 1.88793 1.83878 1.79301 1.78335 1.78335 1.78335 1.78335 1.81471 1.97896 2.00716 2.03145 2.05267 2.07110 2.07702 2.07702 2.07920 2.37928 2.41983 2.41983 2.41983 2.41983 2.41983 2.41983 2.43264 2.47499 2.47499 2.47499 2.14662 1.30054 1.08034 0.859804 0.684529 0.670223 0.670223 0.670223 0.670223 0.670223 0.670223 0.670223 0.670223 0.670223 0.670223 0.670223 0.670223 0.670223 0.670223 0.670223 0.670223 0.670223 0.670223 0.670223
2.31435 2.28286 2.25138 2.21990 2.19992 2.19959 2.15900 1.84474 1.84162 1.84162 1.84162 1.84162 1.80955 1.44193 1.44550 1.76427 1.78425 1.79892 1.82048 1.84512 1.87363 1.90715 1.93463 2.06950 2.07702 2.07702 2.07702 2.07702 2.07702 2.07702 2.07702 2.25997 2.41983 2.41983 2.41983 2.41983 2.41983 2.41983 2.42120 2.22682 1.82851 1.43057 1.05835 0.686926 0.670223 0.670223 0.670223 0.670223 0.670223 0.670223 0.670223 0.670223 0.670223 0.670223 0.670223 0.670223 0.670223 0.670223 0.670223 0.670223 0.670223 0.670223 0.670223 0.670223 0.670223 0.670223
2.19959 2.19959 2.19959 2.19959 2.19959 2.19959 2.19959 1.89062 1.84162 1.84162 1.84162 1.85248 1.88997 1.54320 1.41767 1.76110 1.92382 1.93320 1.93320 1.93320 1.93320 1.93320 1.93320 2.03936 2.07702 2.07702 2.07702 2.07702 2.07702 2.07702 2.06117 2.10707 2.41983 2.41983 2.41983 2.35284 2.15703 1.95813 1.76078 1.20767 1.00439 1.00439 1.00439 0.785396 0.670223 0.670223 0.670223 0.670223 0.670223 0.670223 0.670223 0.670223 0.670223 0.670223 0.670223 0.670223 0.670223 0.670223 0.670223 0.670223 0.670223 0.670223 0.670223 0.670223 0.693040 0.783548
