High_resolution/powerplant/Fengdu/OMI_NO2_200603.asc
ncols      200
nrows      200
xllcorner       105.978
yllcorner       28.1831
cellsize     0.0166667
NODATA_Value      -999.000
[rows 87 to 115 of 200, columns 66 to 131 of 200]
3.45197 3.45197 3.45106 3.42873 3.42804 3.39526 3.37103 3.35682 3.32684 3.24436 3.24651 3.24664 3.24664 3.24664 3.23950 3.20450 3.16670 3.12891 3.09091 3.06031 3.05767 3.05767 3.17255 2.53574 2.52151 2.48953 2.47581 2.50011 2.53897 2.58339 2.62870 2.67401 2.70031 2.70776 2.71484 2.71655 2.71655 2.71655 2.71655 2.74880 2.43379 2.19019 2.42700 2.48101 2.48101 2.48101 2.48101 2.48101 2.48101 2.48101 2.47850 2.47194 2.46528 2.43505 2.24349 2.22889 2.19233 2.24936 2.30681 2.32932 2.31940 2.30941 2.29953 1.92026 1.82155 1.79134
3.38711 3.37214 3.35639 3.31715 3.29336 3.27593 3.23807 3.24425 3.24425 3.23756 3.20434 3.16708 3.12929 3.09149 3.06061 3.05767 3.05767 3.05767 3.05767 3.05767 3.05767 3.05791 3.16911 2.80071 2.68983 2.71082 2.68826 2.70922 2.71568 2.71655 2.71655 2.71655 2.71655 2.71931 2.73074 2.74278 2.75483 2.76679 2.77891 2.81909 2.69343 2.32142 2.38931 2.40560 2.39901 2.39233 2.38574 2.37908 2.30897 2.09256 1.87306 1.65753 1.44205 1.25020 1.21971 1.31575 2.11935 2.24349 2.24349 2.24349 2.24349 2.24349 2.24349 1.88633 1.69164 1.69164
3.31697 3.31697 3.31697 3.30022 3.28550 3.27364 3.17343 3.12727 3.08948 3.05837 3.05641 3.05767 3.05767 3.05767 3.05767 3.05767 3.06354 3.09625 3.13751 3.18214 3.22684 3.27118 3.37618 3.27843 2.97838 2.96373 2.82592 2.83798 2.85003 2.86207 2.87404 2.88614 2.89816 2.90741 2.90802 2.90802 2.90802 2.90802 2.90802 2.90802 2.96272 2.47134 2.41343 2.23901 2.02364 1.80815 1.59267 1.37719 1.22554 1.21971 1.21971 1.21971 1.21971 1.21971 1.21971 1.22009 1.91697 2.24349 2.24349 2.24349 2.24349 2.24349 2.24349 1.99871 1.60957 1.51559
3.30557 3.29220 3.27883 3.25581 3.23099 3.23713 3.14839 3.08491 3.09257 3.10021 3.10432 3.15136 3.19372 3.23835 3.28292 3.32735 3.36613 3.37809 3.38145 3.38145 3.38145 3.38145 3.42019 3.55252 3.08451 3.08445 2.92912 2.90802 2.90802 2.90802 2.90802 2.90802 2.90802 2.90802 2.90802 2.90802 2.90802 2.90712 2.89070 2.86874 2.65041 1.75936 1.38332 1.21971 1.21971 1.21971 1.21971 1.21971 1.21971 1.21971 1.21971 1.21971 1.21971 1.21971 1.21971 1.21971 1.65311 2.19597 2.10194 2.00796 1.91388 1.81995 1.72585 1.51896 1.06804 1.06804
3.29102 3.29489 3.29880 3.30592 3.32903 3.29777 3.21568 3.06054 3.02991 2.99966 2.97973 3.34802 3.38145 3.38145 3.38145 3.38145 3.38145 3.38145 3.38145 3.38145 3.38145 3.38145 3.38254 3.61965 3.15604 3.08451 2.97679 2.90802 2.90802 2.90802 2.90802 2.90802 2.90596 2.88750 2.86552 2.84354 2.82154 2.80048 2.79489 2.79489 2.62442 1.58165 1.30303 1.22502 1.21971 1.21971 1.21971 1.21971 1.21971 1.21971 1.22131 1.23618 1.25400 1.27181 1.28959 1.30742 1.37282 1.59743 1.61990 1.61990 1.61990 1.61990 1.61990 1.60477 1.08261 1.06804
3.23831 3.20052 3.23041 3.32044 3.43992 3.56447 3.68850 3.10200 2.98340 2.98340 2.98340 3.24520 3.38145 3.38145 3.38145 3.38145 3.38145 3.38145 3.38145 3.38145 3.38145 3.38145 3.38145 3.55908 3.31823 3.08451 3.02451 2.90433 2.88430 2.86230 2.84033 2.81832 2.79842 2.79489 2.79489 2.79489 2.79489 2.79489 2.79489 2.79489 2.75850 1.81033 1.30355 1.24281 1.22580 1.24333 1.26117 1.27898 1.29680 1.31460 1.33081 1.33376 1.33376 1.33376 1.33376 1.33376 1.34387 1.53722 1.61990 1.61990 1.61990 1.61990 1.61990 1.61990 1.18647 1.06804
3.51322 3.64108 3.70152 3.70152 3.72088 3.73061 3.73061 3.31619 2.98340 2.98340 2.98340 3.13701 3.38145 3.38145 3.38145 3.38145 3.38145 3.38145 3.38145 3.38145 3.38145 3.38145 3.40355 3.62250 3.58866 3.01359 2.97795 2.79822 2.79489 2.79489 2.79489 2.79489 2.79489 2.79489 2.79489 2.75907 2.68373 2.60823 2.51062 2.39679 2.30898 1.87642 1.39690 1.36324 1.33350 1.33376 1.33376 1.33376 1.33376 1.33376 1.33376 1.33376 1.33376 1.33376 1.33376 1.33376 1.33376 1.46831 1.61990 1.61990 1.61990 1.61990 1.61990 1.61990 1.30541 1.06804
3.70152 3.70152 3.70152 3.70152 3.71429 3.73061 3.73061 3.53249 2.98340 2.98340 2.98340 3.02918 3.38109 3.38145 3.38145 3.38145 3.38145 3.40221 3.49840 3.60232 3.70553 3.80873 3.89054 3.96336 4.04561 2.98486 2.97138 2.83033 2.79489 2.79435 2.74801 2.67133 2.56773 2.45399 2.34027 2.26231 2.22393 2.18567 2.16964 2.16964 2.16964 1.95199 1.43868 1.39348 1.33376 1.33376 1.33376 1.33376 1.33376 1.33376 1.33376 1.33376 1.33376 1.33376 1.33376 1.33376 1.32082 1.36980 1.49594 1.44434 1.39311 1.34123 1.29000 1.23840 1.12691 1.05259
3.70152 3.70152 3.70152 3.70152 3.70764 3.73061 3.73061 3.70888 3.02287 2.98340 2.98340 2.98340 3.33815 3.49655 3.60042 3.70346 3.80708 3.88982 3.89668 3.89668 3.89668 3.89668 3.89668 3.91042 4.14001 3.15782 2.82233 2.61525 2.39736 2.28422 2.21676 2.17980 2.16964 2.16964 2.16964 2.16964 2.16964 2.16964 2.16956 2.15949 2.14310 2.07032 1.38427 1.30973 1.12096 1.08543 1.05091 1.01675 0.982290 0.948012 0.913795 0.876049 0.825713 0.767091 0.699322 0.620243 0.550423 0.589032 0.701738 0.701738 0.701738 0.701738 0.701738 0.701738 0.725752 1.02425
3.70152 3.70152 3.70152 3.70152 3.70216 3.72950 3.73061 3.73402 3.30639 3.20032 3.30336 3.40739 3.71805 3.89668 3.89668 3.89668 3.89668 3.89668 3.89668 3.89236 3.80074 3.67424 3.54728 3.43007 3.48971 2.94375 2.42031 2.32397 2.07907 2.06263 2.04623 2.02976 2.01324 1.99684 1.98040 1.96388 1.94743 1.93104 1.91462 1.90819 1.90819 1.90819 1.31986 1.06913 0.773683 0.721655 0.709797 0.683917 0.654212 0.619705 0.579153 0.543454 0.541135 0.541135 0.541135 0.541135 0.541135 0.549470 0.698783 0.701738 0.701738 0.701738 0.701738 0.701738 0.702093 0.977250
3.70152 3.70152 3.70325 3.72061 3.74162 3.78469 3.81279 3.83041 3.72166 3.51860 3.54433 3.56998 3.71449 4.01789 4.02654 3.95919 3.85833 3.75671 3.65555 3.55892 3.54888 3.57457 3.60023 3.61590 3.38638 3.01181 2.21648 2.20754 1.92009 1.90819 1.90819 1.90819 1.90819 1.90819 1.90819 1.90819 1.90819 1.90819 1.90819 1.90819 1.90711 1.88297 1.53771 1.07775 0.776624 0.565174 0.541135 0.541135 0.541135 0.541135 0.541135 0.541135 0.541135 0.541135 0.541135 0.541135 0.541135 0.541135 0.664639 0.701738 0.704989 0.719536 0.735033 0.750541 0.766039 1.00218
4.07592 4.15859 4.23918 4.30500 4.36679 4.26901 4.14500 4.17475 4.27356 4.09795 4.15077 4.17180 4.18350 3.77043 3.65023 3.61609 3.61609 3.61609 3.61609 3.61609 3.61609 3.61609 3.61609 3.61609 3.47129 3.22056 2.29934 2.21648 1.99417 1.90819 1.90819 1.90819 1.90819 1.90819 1.90819 1.90559 1.87800 1.84107 1.79996 1.75395 1.70387 1.68850 1.61840 1.09933 0.848025 0.541135 0.541135 0.541135 0.541135 0.541135 0.541135 0.541135 0.541135 0.541778 0.616778 0.742583 0.868146 0.993870 0.951145 0.790758 0.803005 0.803966 0.803966 0.803966 0.803966 0.943066
4.60783 4.60813 4.68193 4.81210 4.94232 4.89456 4.64332 4.66998 4.60710 4.21002 4.08141 4.08141 4.08141 3.73051 3.61609 3.61609 3.61609 3.61609 3.61609 3.61609 3.61609 3.61609 3.61609 3.61609 3.55620 3.23395 2.57732 2.21648 2.07707 1.90819 1.90341 1.87293 1.83549 1.79370 1.74691 1.69858 1.68850 1.68850 1.68850 1.68850 1.68850 1.68850 1.68742 1.20390 0.962513 0.541135 0.541135 0.556971 0.666939 0.792663 0.918146 1.04379 1.16943 1.29435 1.34500 1.34500 1.34500 1.34500 1.21547 0.803966 0.803966 0.803966 0.803966 0.803966 0.803966 0.872594
5.14053 5.17173 5.12872 5.02924 4.92995 4.85165 4.48007 4.47913 4.47913 4.29079 4.08141 4.08141 4.08141 3.85699 3.61609 3.61609 3.61609 3.61609 3.61609 3.61609 3.61609 3.61609 3.61609 3.61609 3.61433 3.25932 2.87073 2.17476 2.08538 1.73975 1.69438 1.68850 1.68850 1.68850 1.68850 1.68850 1.68850 1.68850 1.78171 1.98795 2.19419 2.44068 2.76673 2.26762 1.48917 1.11639 1.21943 1.32932 1.34500 1.34500 1.34500 1.34500 1.34500 1.34500 1.34500 1.34500 1.34500 1.34500 1.33335 0.829448 0.803966 0.803966 0.803966 0.803966 0.803966 0.818847
4.88554 4.88492 4.88492 4.88492 4.88492 4.88492 4.53809 4.47913 4.47913 4.40600 4.08141 4.08141 4.08141 3.98379 3.61609 3.61609 3.61609 3.61609 3.61609 3.61609 3.61450 3.60708 3.59917 3.59129 3.58340 3.30545 3.13241 2.11596 2.09779 1.72566 1.68850 1.68850 1.68924 1.81044 2.01658 2.28613 2.61427 2.94259 3.17767 3.29962 3.42167 3.50339 3.50551 3.19931 1.96356 1.47426 1.34500 1.34500 1.34500 1.34500 1.34500 1.34500 1.34500 1.34500 1.34500 1.34500 1.34500 1.34500 1.34500 0.961081 0.803966 0.803966 0.812064 0.831120 0.850452 0.869646
4.88492 4.88492 4.88492 4.88492 4.88492 4.88492 4.62927 4.47913 4.47913 4.47972 4.12284 4.08141 4.08141 4.07676 3.64973 3.61454 3.60714 3.59925 3.59137 3.58348 3.57718 3.57666 3.57666 3.57666 3.57666 3.38983 3.19452 2.39568 2.25019 2.25241 2.46170 2.79020 3.11744 3.32474 3.44664 3.50551 3.50551 3.50551 3.50551 3.50551 3.50551 3.50551 3.50551 3.45083 2.10550 1.60957 1.39062 1.40976 1.42908 1.44817 1.46733 1.48652 1.50575 1.52502 1.54404 1.56330 1.58256 1.60172 1.62088 1.39938 1.11834 1.13740 1.14857 1.14857 1.14857 1.14857
4.88492 4.88492 4.88492 4.88492 4.88492 4.88492 4.72050 4.47913 4.47913 4.47913 4.23716 4.07254 4.06466 4.05677 3.73926 3.57721 3.57666 3.57666 3.57666 3.57666 3.57666 3.57666 3.57504 3.53326 3.47417 3.31318 2.97387 2.97816 3.14805 3.29019 3.52310 3.53154 3.54001 3.54845 3.55689 3.56539 3.57383 3.58225 3.59073 3.59918 3.60764 3.61608 3.62456 3.63300 2.75642 1.94887 1.68960 1.68960 1.68960 1.68960 1.68960 1.68960 1.68960 1.68960 1.68960 1.68960 1.68960 1.68960 1.68960 1.59232 1.14857 1.14857 1.15035 1.15504 1.15909 1.16257
4.88492 4.88492 4.88492 4.88492 4.88492 4.89180 4.87537 4.57997 4.64105 4.71007 4.46098 4.04199 4.04199 4.04193 3.85310 3.56101 3.55125 3.53884 3.48723 3.41844 3.34963 3.28081 3.21307 3.18605 3.17634 3.15369 2.98722 3.01134 3.27935 3.31889 3.63912 3.63968 3.63968 3.63968 3.63968 3.63968 3.63968 3.63968 3.63968 3.63968 3.63968 3.63968 3.63968 3.63968 3.18620 2.05386 1.68975 1.68960 1.68960 1.68960 1.68960 1.68960 1.68960 1.68960 1.68960 1.68960 1.69024 1.71889 1.75696 1.78745 1.41225 1.16688 1.16858 1.16844 1.16595 1.16246
4.87930 4.90347 4.94881 4.99964 5.05692 5.11139 5.08543 4.69110 4.66360 4.65057 4.56160 3.88677 3.79068 3.66446 3.49418 3.27393 3.21467 3.15792 3.14072 3.14072 3.14072 3.14072 3.14072 3.14072 3.14072 3.14072 3.02334 2.99239 3.22811 3.28007 3.58131 3.63968 3.63968 3.63968 3.63968 3.63968 3.63968 3.63968 3.63968 3.63968 3.63968 3.63968 3.63968 3.63968 3.47076 2.19434 1.73576 1.68960 1.68960 1.68960 1.68960 1.69471 1.73119 1.76735 1.79818 1.82480 1.84768 1.84204 1.80591 1.76934 1.61534 1.19688 1.14582 1.14002 1.13857 1.13857
4.82072 4.84198 4.84198 4.84198 4.84198 4.79683 4.69454 4.40936 4.05915 3.64951 3.24067 3.18112 3.18741 3.16975 3.16975 3.14510 3.14072 3.14072 3.14072 3.14072 3.14072 3.14072 3.14072 3.14072 3.14072 3.14072 3.05506 2.99796 3.13060 3.28007 3.48448 3.63968 3.63968 3.63968 3.63968 3.63968 3.63968 3.63968 3.63968 3.63968 3.63968 3.63968 3.63968 3.63968 3.63419 2.45465 1.82826 1.74285 1.77726 1.80670 1.83114 1.82505 1.79166 1.75509 1.71852 1.68192 1.64537 1.62182 1.62140 1.62140 1.62313 1.32729 1.13857 1.13857 1.13857 1.13857
4.71454 4.61107 4.50866 4.27534 3.86695 3.50243 3.19514 2.76395 2.51505 2.51505 2.51505 2.89368 3.16975 3.16975 3.16975 3.15299 3.14072 3.14072 3.14072 3.14072 3.14072 3.14072 3.14072 3.14072 3.14072 3.14072 3.08663 2.99796 3.04916 3.28007 3.38781 3.63968 3.63968 3.63968 3.63968 3.63968 3.63968 3.63968 3.63968 3.63968 3.63968 3.56974 3.39966 3.20341 2.95427 2.32750 1.91750 1.74086 1.70426 1.66769 1.63212 1.62140 1.62140 1.62140 1.62140 1.62140 1.62140 1.62140 1.62140 1.62140 1.62190 1.46393 1.13857 1.13857 1.13857 1.13857
3.58330 3.24749 2.94082 2.76406 2.76331 2.76331 2.76331 2.69380 2.51505 2.51505 2.51505 2.69613 3.16975 3.16975 3.16975 3.16088 3.14072 3.14072 3.14072 3.14072 3.14072 3.14072 3.14072 3.13244 3.09674 3.05484 2.98130 2.77474 2.75390 3.26966 3.29823 3.63245 3.63968 3.63968 3.63968 3.63883 3.54595 3.37214 3.13742 2.78144 2.35660 2.02651 1.88651 1.74699 1.63075 1.70452 1.80970 1.62140 1.62140 1.62140 1.62140 1.62140 1.62140 1.62140 1.62140 1.62140 1.62140 1.62140 1.62140 1.62140 1.62140 1.59522 1.14493 1.13857 1.13857 1.13857
2.82469 2.76331 2.76331 2.76331 2.76331 2.76331 2.76331 2.74787 2.51689 2.51505 2.51505 2.52802 3.12626 3.16975 3.16975 3.16822 3.14128 3.14072 3.13292 3.09714 3.05552 3.00896 2.95607 2.91104 2.90798 2.90798 2.90710 2.73099 2.71763 3.14188 3.27454 3.43118 3.29361 2.97103 2.59350 2.14700 1.85864 1.71903 1.62175 1.61838 1.61838 1.61838 1.61838 1.61838 1.61838 1.64092 1.84026 1.62752 1.62140 1.62140 1.62505 1.63562 1.64677 1.65830 1.67040 1.68291 1.69595 1.70968 1.72387 1.73878 1.75438 1.82499 1.34412 1.18070 1.18596 1.19182
2.85769 2.76331 2.76331 2.76331 2.76331 2.76331 2.76331 2.76331 2.55731 2.51505 2.51505 2.51505 2.97563 3.16250 3.12874 3.08884 3.01767 2.95707 2.91144 2.90798 2.90798 2.90798 2.90798 2.90798 2.90798 2.90952 2.96523 2.92002 2.95558 2.87457 2.37420 2.01375 1.61838 1.61838 1.61500 1.60808 1.60067 1.59278 1.58429 1.57511 1.56527 1.55458 1.54293 1.53029 1.51648 1.50116 1.79769 1.84754 1.86076 1.88278 1.89760 1.89789 1.89789 1.89789 1.89789 1.89789 1.89789 1.89789 1.89789 1.89789 1.89789 1.95530 1.70168 1.20872 1.20872 1.20872
2.88211 2.77191 2.76331 2.76331 2.76331 2.76331 2.76331 2.76331 2.61321 2.51505 2.51505 2.51505 2.67631 2.95022 2.94669 2.94669 2.92772 2.90798 2.90798 2.91383 2.95437 3.05218 3.16706 3.28829 3.41502 3.54735 3.62189 3.60492 3.60694 3.54916 2.74905 2.50037 1.44818 1.42523 1.41299 1.41299 1.41299 1.41299 1.41299 1.41299 1.41299 1.41299 1.41299 1.41299 1.41299 1.41299 1.68723 1.89767 1.89789 1.89789 1.89789 1.89789 1.89789 1.89789 1.89789 1.89789 1.89789 1.89789 1.89789 1.89670 1.82228 1.70865 1.49086 1.20872 1.20872 1.20872
2.88338 2.80366 2.76331 2.76331 2.76331 2.75869 2.74850 2.73781 2.64698 2.53031 2.53395 2.53779 2.56908 3.07670 3.07466 3.01604 3.04608 3.47657 3.64666 3.80400 3.89918 3.91578 3.91578 3.91578 3.91578 3.91578 3.91578 3.91578 3.91578 3.91433 3.13472 2.92891 1.50337 1.41299 1.41299 1.41299 1.41299 1.41299 1.41299 1.41299 1.41299 1.41299 1.41299 1.41299 1.41299 1.41299 1.55652 1.88141 1.89789 1.89789 1.89789 1.89789 1.89789 1.89789 1.88644 1.78725 1.66983 1.55235 1.43494 1.31864 1.27111 1.24849 1.03049 0.941564 0.00000 0.00000
2.81224 2.73948 2.62516 2.60642 2.58636 2.57518 2.57518 2.57518 2.54743 2.45821 2.36610 2.23822 2.09024 2.64813 2.92043 2.97997 3.00916 3.85600 3.91578 3.91578 3.91578 3.91578 3.91578 3.91578 3.91578 3.91578 3.91578 3.91578 3.91578 3.91578 3.48970 2.95262 1.89232 1.41299 1.41299 1.41299 1.41299 1.41299 1.41299 1.41299 1.41299 1.41299 1.41299 1.41299 1.41299 1.41299 1.42314 1.84375 1.89789 1.86578 1.75228 1.63486 1.51738 1.39997 1.28108 1.23842 1.21396 1.18954 1.16509 1.14064 1.12076 1.11889 1.05292 0.941564 0.00000 0.00000
2.75528 2.73457 2.55842 2.47371 2.38237 2.29107 2.17166 2.02354 1.90345 1.84463 1.78874 1.76869 1.76869 2.32374 2.99750 2.99750 2.99750 3.61897 3.91578 3.91578 3.91578 3.91578 3.91578 3.91578 3.91578 3.91578 3.91578 3.91578 3.91578 3.91578 3.72642 2.95262 2.30514 1.41299 1.41299 1.41299 1.41299 1.41299 1.41299 1.41299 1.41299 1.41299 1.41299 1.41299 1.44494 1.50144 1.54310 1.48064 1.34211 1.23222 1.20387 1.17943 1.15498 1.13056 1.11889 1.11889 1.11889 1.11889 1.11889 1.11889 1.11889 1.11889 1.09012 0.941564 0.00000 0.00000
2.75284 2.73255 2.08674 1.91047 1.85386 1.79720 1.76869 1.76869 1.76869 1.76869 1.76869 1.76869 1.76869 1.96960 2.99750 2.99750 2.99750 3.37018 3.91578 3.91578 3.91578 3.91578 3.91578 3.91578 3.91578 3.91578 3.91578 3.91578 3.91578 3.91578 3.88584 2.98575 2.71780 1.41299 1.41299 1.41299 1.41299 1.41299 1.41327 1.45420 1.50813 1.55103 1.59881 1.64563 1.68320 1.71594 1.75765 1.47254 1.11733 1.11889 1.11889 1.11889 1.11889 1.11889 1.11889 1.11889 1.11889 1.11889 1.11889 1.11889 1.11889 1.11889 1.11515 0.951285 0.941564 0.00000
