High_resolution/powerplant/Fengdu/OMI_NO2_200710.asc
ncols      200
nrows      200
xllcorner       105.978
yllcorner       28.1831
cellsize     0.0166667
NODATA_Value      -999.000
[rows 29 to 57 of 200, columns 132 to 197 of 200]
1.55812 1.67753 2.00470 2.00470 2.00470 2.00470 2.00470 2.00470 2.00470 1.98546 1.91394 1.83938 1.76490 1.30313 1.09804 0.936302 1.08137 2.04969 2.29140 2.41428 2.44822 2.44822 2.44822 2.45089 2.45705 2.46322 2.46938 2.47555 2.48171 2.48788 2.49405 2.49537 1.58097 1.79518 2.14504 2.19862 2.17642 2.15450 2.13999 2.13968 2.13968 2.13968 2.13968 2.13968 2.13968 2.13968 2.13968 2.13968 2.09371 2.07806 2.07806 2.07806 2.15815 2.46807 2.14032 1.99867 1.89147 1.77897 1.66648 1.55384 1.44134 1.33218 1.30026 1.45187 1.67856 1.67856
1.55812 1.57116 1.98639 1.99290 1.92556 1.85100 1.77657 1.70209 1.62757 1.56134 1.53933 1.52007 1.50095 1.27207 1.13501 0.995224 1.01455 2.26999 2.50992 2.51609 2.52225 2.52842 2.53458 2.53809 2.53809 2.53809 2.53809 2.53809 2.53809 2.53809 2.53809 2.53809 1.85681 1.68281 1.95745 2.13968 2.13968 2.13968 2.13968 2.13968 2.13968 2.13968 2.13968 2.13968 2.13968 2.13968 2.13968 2.13968 2.10894 1.97056 1.79705 1.62799 1.47600 1.65696 1.46774 1.32665 1.32440 1.32834 1.33250 1.33680 1.34134 1.34605 1.35103 1.45076 2.06318 2.10858
1.36209 1.30560 1.43363 1.42558 1.39938 1.38015 1.36103 1.34178 1.32268 1.31441 1.31441 1.31441 1.31441 1.27812 1.21357 1.08538 1.05552 1.98112 2.53372 2.53809 2.53809 2.53809 2.53809 2.53809 2.53809 2.53809 2.53809 2.53809 2.53809 2.53809 2.53809 2.53809 2.13904 1.60924 1.87003 2.10996 2.09320 2.07722 2.06226 2.04804 2.03460 2.02177 2.00219 1.90709 1.79636 1.69078 1.58979 1.49322 1.35974 1.16506 1.16839 1.16839 1.16839 1.36742 1.42086 1.38010 1.38010 1.38010 1.38010 1.38010 1.38010 1.38010 1.38010 1.38752 2.12945 2.21651
1.09242 1.09242 1.18788 1.31441 1.31441 1.31441 1.31441 1.31441 1.31441 1.31441 1.31441 1.31441 1.31441 1.30097 1.21357 1.12141 1.05552 1.65664 2.48060 2.54139 2.55739 2.57454 2.59169 2.60887 2.62602 2.64317 2.66037 2.67755 2.69470 2.71185 2.72902 2.74618 2.63130 1.84275 2.03457 1.93479 1.91848 1.83540 1.74507 1.65480 1.56452 1.47413 1.39016 1.37233 1.37233 1.37232 1.36382 1.34937 1.36061 1.18389 1.16839 1.16839 1.16839 1.31032 1.42755 1.38215 1.38010 1.38010 1.38010 1.38010 1.38010 1.38010 1.38010 1.38010 1.82407 2.21651
1.09242 1.09242 1.12587 1.31441 1.31441 1.31485 1.32498 1.33922 1.35341 1.36768 1.38185 1.39611 1.41026 1.42445 1.34737 1.33154 1.32300 1.57212 2.64886 2.78693 2.78810 2.78810 2.78810 2.78810 2.78810 2.78810 2.78810 2.78810 2.78810 2.78810 2.77642 2.73086 2.68232 1.71318 1.66459 1.45817 1.37953 1.37233 1.36787 1.35351 1.33985 1.32725 1.31555 1.30468 1.29456 1.28510 1.28105 1.28105 1.32351 1.23733 1.16839 1.16839 1.16839 1.25322 1.42840 1.39459 1.38010 1.38010 1.38010 1.38010 1.38010 1.38010 1.38010 1.38010 1.60553 2.21651
1.20665 1.22084 1.23511 1.44275 1.48550 1.49931 1.50335 1.50335 1.50335 1.50335 1.50335 1.50335 1.50335 1.50335 1.43476 1.40079 1.38887 1.39041 2.50117 2.78810 2.78810 2.78810 2.78810 2.78810 2.77588 2.73040 2.68266 2.63497 2.58754 2.54003 2.49719 2.40642 2.29392 1.65825 1.40933 1.33275 1.29748 1.28782 1.28132 1.28105 1.28105 1.28105 1.28105 1.28105 1.28105 1.28105 1.28105 1.28105 1.30198 1.29247 1.16839 1.16839 1.16839 1.19614 1.42840 1.40633 1.38010 1.38010 1.38010 1.38010 1.37720 1.35653 1.33174 1.30538 1.34790 2.21651
1.28135 1.28135 1.28135 1.41287 1.50335 1.50335 1.50335 1.50335 1.50335 1.50335 1.50335 1.50335 1.50335 1.50335 1.45761 1.40252 1.39022 1.38887 2.20255 2.72045 2.68174 2.63445 2.58680 2.50738 2.36310 2.24873 2.12853 2.00733 1.89857 1.80034 1.70487 1.66972 1.66972 1.51252 1.34547 1.32490 1.28105 1.28105 1.28105 1.28105 1.28105 1.28105 1.28105 1.28077 1.27735 1.27305 1.26876 1.26446 1.26334 1.31219 1.12917 1.12339 1.11766 1.11196 1.19420 1.11525 0.842974 0.779001 0.707826 0.629837 0.554649 0.543681 0.543681 0.543681 0.543681 0.539391
1.28135 1.28135 1.28135 1.35091 1.50335 1.50335 1.50335 1.50335 1.50335 1.50335 1.50335 1.50335 1.50709 1.52961 1.53181 1.47899 1.49493 1.51555 1.91233 2.14585 1.97886 1.86629 1.75608 1.68518 1.68836 1.69403 1.69705 1.69706 1.69711 1.69723 1.69207 1.67023 1.67038 1.61533 1.29665 1.31205 1.24272 1.23842 1.23415 1.22985 1.22556 1.22125 1.21696 1.21296 1.21208 1.21208 1.21208 1.21208 1.21208 1.26155 1.10692 1.07643 1.07643 1.07643 1.05232 1.00342 0.543681 0.543681 0.541719 0.520993 0.495623 0.470238 0.444852 0.419483 0.394097 0.380263
1.28135 1.28135 1.28135 1.29332 1.49893 1.50335 1.50521 1.52559 1.55070 1.57580 1.60090 1.62602 1.64739 1.65067 1.66538 1.55557 1.54362 1.53865 1.59403 1.77214 1.69088 1.69639 1.69816 1.69828 1.69839 1.69852 1.69865 1.69877 1.69885 1.69885 1.69864 1.67479 1.67196 1.67196 1.30419 1.29284 1.21221 1.21208 1.21208 1.21208 1.21208 1.21208 1.21208 1.21208 1.21208 1.21208 1.21208 1.21208 1.21208 1.24302 1.16204 1.07643 1.07349 1.06515 1.03842 0.983947 0.519712 0.414683 0.397216 0.396572 0.399571 0.402360 0.404896 0.407270 0.409443 0.420607
1.28548 1.37731 1.51560 1.65379 1.72849 1.74639 1.79460 1.82409 1.84898 1.87374 1.89863 1.92345 1.94827 1.96882 1.96422 1.67237 1.60115 1.60385 1.60547 1.78437 1.69923 1.69885 1.69885 1.69885 1.69885 1.69885 1.69885 1.69885 1.69885 1.69885 1.69885 1.68373 1.67196 1.67196 1.41179 1.28646 1.22506 1.21208 1.21208 1.20517 1.18385 1.16210 1.14036 1.11854 1.09673 1.07483 1.03650 0.987180 0.937883 0.879823 0.758739 0.670587 0.636063 0.606960 0.529784 0.250986 0.367315 0.423668 0.423668 0.423668 0.423668 0.423668 0.423668 0.423668 0.423668 0.425734
2.20717 2.25350 2.25350 2.25350 2.12323 1.97962 1.97962 1.97962 1.97962 1.97962 1.97639 1.95111 1.94227 1.93657 1.93633 1.76095 1.61543 1.60579 1.60547 1.74658 1.72118 1.69885 1.69885 1.69885 1.69858 1.69730 1.69594 1.69458 1.69323 1.69187 1.69051 1.68143 1.65812 1.65642 1.50220 1.25265 1.05416 0.896754 0.874938 0.858591 0.836853 0.809284 0.781750 0.754198 0.726663 0.699248 0.688299 0.688299 0.688299 0.683845 0.582639 0.552510 0.552027 0.552027 0.545445 0.258211 0.328669 0.423668 0.423668 0.423668 0.423668 0.423668 0.423668 0.423668 0.423668 0.423668
2.25350 2.25350 2.25350 2.25350 2.19968 1.97962 1.97962 1.97962 1.97962 1.97962 1.98554 1.97969 2.01442 2.05364 2.09313 2.02954 1.85095 1.67323 1.59070 1.67460 1.74115 1.68296 1.68160 1.68024 1.67916 1.67907 1.67907 1.67907 1.67907 1.67907 1.67907 1.67808 1.64873 1.64580 1.58954 1.20646 1.02203 0.748132 0.720580 0.694519 0.688299 0.688124 0.681067 0.669916 0.657986 0.645160 0.631379 0.616482 0.600383 0.584740 0.581994 0.558857 0.552027 0.552027 0.552027 0.334784 0.290009 0.423668 0.423668 0.423668 0.423668 0.423668 0.423668 0.423668 0.423668 0.423668
2.41910 2.47140 2.52383 2.57614 2.62712 2.43124 2.45943 2.51194 2.56404 2.61668 2.66277 2.52813 2.45381 2.45381 2.45381 2.42358 2.13347 1.83404 1.58074 1.60305 1.76940 1.67907 1.67907 1.67907 1.67907 1.67907 1.67907 1.67777 1.66869 1.65837 1.64803 1.63773 1.59856 1.57118 1.55482 1.20662 1.03791 0.648661 0.635139 0.620568 0.604785 0.587975 0.581994 0.581994 0.581994 0.581994 0.581994 0.581994 0.581994 0.581994 0.581994 0.566923 0.552027 0.552027 0.552027 0.409432 0.254545 0.420481 0.423668 0.423668 0.423668 0.423668 0.423668 0.423668 0.423668 0.423668
2.94348 2.94348 2.94348 2.94348 2.94348 2.76870 2.66960 2.66960 2.66960 2.66960 2.66960 2.59686 2.45381 2.45381 2.45381 2.45381 2.17596 1.95923 1.58074 1.58074 1.76603 1.68238 1.66838 1.65800 1.64773 1.63736 1.62611 1.59537 1.56265 1.50523 1.42578 1.34136 1.26803 1.23522 1.19416 1.19526 1.15970 0.606432 0.581994 0.581994 0.581994 0.581994 0.581994 0.581994 0.581994 0.581994 0.581994 0.581994 0.581994 0.591335 0.611418 0.624522 0.621649 0.641862 0.661977 0.574375 0.247744 0.388669 0.423668 0.423668 0.423668 0.423668 0.423668 0.423668 0.423668 0.423668
2.94348 2.94348 2.94348 2.94348 2.94348 2.84516 2.66960 2.66960 2.66960 2.66960 2.66960 2.66295 2.46349 2.45381 2.45381 2.45341 2.24366 2.07293 1.56505 1.55864 1.67347 1.59914 1.51609 1.48010 1.43916 1.36139 1.26964 1.20757 1.15880 1.13793 1.13793 1.13793 1.14167 1.19328 1.19497 1.20973 1.25592 0.816511 0.695524 0.715607 0.735722 0.755805 0.776017 0.796133 0.816215 0.836330 0.856413 0.876561 0.896709 0.907482 0.907482 0.906934 0.879125 0.877516 0.877516 0.820050 0.247744 0.349997 0.423668 0.423668 0.423668 0.424852 0.536682 0.721013 0.905106 1.08932
2.94348 2.94348 2.94348 2.94348 2.94348 2.91984 2.67136 2.66960 2.66960 2.66943 2.66418 2.65659 2.49850 2.43266 2.42697 2.42168 2.28820 2.09996 1.62450 1.55362 1.55119 1.41745 1.24988 1.19833 1.14806 1.13615 1.13586 1.13555 1.13522 1.13489 1.13454 1.13417 1.13379 1.18982 1.21485 1.25053 1.51996 1.17559 0.907482 0.907482 0.907482 0.907482 0.907482 0.907482 0.907482 0.907482 0.907482 0.907482 0.907482 0.907482 0.907482 0.907482 0.886635 0.877516 0.877516 0.895266 0.513352 0.688192 0.984595 1.16881 1.35314 1.54467 1.64939 1.68413 1.72097 1.76018
2.94348 2.94348 2.94348 2.94348 2.91835 2.85956 2.64852 2.58915 2.55748 2.52596 2.49958 2.47540 2.38570 2.27211 2.25404 2.23603 2.21557 2.29643 1.78986 1.45878 1.40591 1.35640 1.13353 1.13353 1.13353 1.13353 1.13353 1.13353 1.13353 1.13353 1.13353 1.13353 1.13353 1.16329 1.21485 1.21485 1.49080 1.31307 0.907482 0.907482 0.907482 0.907482 0.907482 0.907482 0.907991 0.915954 0.926426 0.936870 0.947386 0.978440 1.04447 1.11103 1.26009 1.51956 1.65294 1.76789 1.68736 1.69467 2.45008 2.55016 2.66024 2.74608 2.74950 2.74950 2.74950 2.74950
2.62035 2.55238 2.47578 2.39911 2.34752 2.32974 2.31830 2.30839 2.30839 2.30839 2.30839 2.30750 2.23113 2.10142 2.05295 2.00407 1.97577 2.12657 1.83666 1.40112 1.40112 1.40069 1.16268 1.13353 1.13353 1.13353 1.13353 1.13353 1.13353 1.13139 1.11750 1.10188 1.08623 1.07609 1.09705 1.07358 1.31064 1.33482 1.01239 1.02253 1.03300 1.04346 1.05409 1.09635 1.16239 1.22106 1.27714 1.33329 1.38938 1.42493 1.42549 1.42549 1.49026 1.83672 1.83672 1.83672 1.78068 1.68788 2.59294 2.74950 2.74950 2.74950 2.74950 2.74950 2.74950 2.74950
2.20295 2.32882 2.32882 2.32882 2.32882 2.32882 2.32392 2.30409 2.22271 2.12538 2.04080 1.96720 1.94096 1.96477 1.97401 1.96883 1.94771 2.02488 1.91370 1.32997 1.31437 1.29872 1.11770 0.999864 0.984221 0.968578 0.952980 0.937336 0.921738 0.908229 0.906481 0.906481 0.906481 0.906481 0.881053 0.874286 1.09088 1.34967 1.20039 1.23294 1.28906 1.34514 1.40112 1.42549 1.42549 1.42549 1.42549 1.42549 1.42549 1.42549 1.42549 1.42549 1.42590 1.79044 1.83672 1.83672 1.80918 1.68655 2.26307 2.74950 2.74950 2.74950 2.74950 2.74950 2.74950 2.74950
2.04101 2.32882 2.31837 2.27886 2.16179 2.04394 1.94117 1.83910 1.79997 1.77786 1.75551 1.73331 1.71111 1.70235 1.69973 1.68259 1.68150 1.71031 1.74168 1.20540 1.17408 1.17408 1.08218 0.906481 0.906481 0.906481 0.906481 0.906481 0.906481 0.906481 0.909739 0.975980 1.06573 1.15624 1.30676 1.51900 1.69121 1.83711 1.50894 1.42549 1.42549 1.42549 1.42549 1.42549 1.42549 1.42549 1.42549 1.42549 1.42549 1.42549 1.42549 1.42549 1.42549 1.68012 1.83672 1.83672 1.83205 1.68961 2.02545 2.74950 2.74950 2.74950 2.74950 2.74950 2.74950 2.74950
1.61708 1.79881 1.72159 1.67226 1.66378 1.66378 1.66378 1.65321 1.64846 1.64846 1.64846 1.64846 1.64846 1.65189 1.68134 1.68150 1.68150 1.69646 1.74770 1.32937 1.17408 1.17408 1.15339 0.908782 0.910282 0.977935 1.06834 1.15804 1.24855 1.33841 1.42534 1.45016 1.47694 1.52241 1.60324 1.68873 1.69125 1.83289 1.61232 1.42549 1.42549 1.42549 1.42549 1.42549 1.42549 1.42549 1.42549 1.42549 1.42549 1.42549 1.42549 1.42549 1.42549 1.56958 1.83419 1.81556 1.79410 1.70363 1.84805 2.74950 2.74950 2.74950 2.74950 2.74950 2.74950 2.74950
1.32304 1.66369 1.66378 1.66378 1.66378 1.66378 1.66378 1.65747 1.64846 1.64846 1.64846 1.64846 1.64846 1.64846 1.67446 1.68150 1.68150 1.68460 1.74729 1.47031 1.20092 1.21683 1.23275 1.31628 1.42697 1.44945 1.44945 1.45363 1.48866 1.53638 1.59380 1.66262 1.68873 1.68873 1.68873 1.68873 1.68873 1.80924 1.71204 1.40101 1.37958 1.35808 1.33658 1.31511 1.29368 1.27221 1.25078 1.22922 1.20778 1.18635 1.16489 1.14346 1.12192 1.13599 1.49057 1.48994 1.48994 1.58692 1.71599 2.72887 2.74950 2.74950 2.74950 2.74950 2.74950 2.64445
1.27065 1.62529 1.66378 1.66378 1.66378 1.66378 1.66378 1.66173 1.64846 1.64846 1.64846 1.64846 1.64846 1.65483 1.68253 1.71175 1.72368 1.73561 1.81628 1.68233 1.26713 1.26713 1.26713 1.37078 1.50097 1.55105 1.61168 1.67718 1.68873 1.68873 1.68873 1.68873 1.68873 1.68873 1.68873 1.68873 1.68873 1.57859 1.46646 1.08765 1.07871 1.07871 1.07871 1.07871 1.07871 1.07871 1.07871 1.07871 1.07871 1.07871 1.07871 1.07871 1.07871 1.07871 1.41267 1.48994 1.48994 1.54593 1.68146 2.23839 2.22308 1.92386 1.62503 1.32581 1.02697 0.832808
1.27065 1.54852 1.66378 1.66378 1.66378 1.66378 1.66378 1.65357 1.65697 1.67687 1.68946 1.70277 1.71608 1.72303 1.72989 1.75884 1.76021 1.76160 1.80458 1.84264 1.31279 1.33962 1.37926 1.48091 1.68873 1.68873 1.68873 1.68873 1.68873 1.68873 1.68873 1.68873 1.68873 1.68873 1.68873 1.68873 1.68873 1.61376 1.49140 1.16558 1.07871 1.07871 1.07871 1.07871 1.07871 1.07871 1.07871 1.07871 1.07871 1.07871 1.08192 1.09149 1.09475 1.07115 1.20749 1.24047 1.14032 1.03174 0.816805 0.802568 0.828967 0.828967 0.828967 0.828967 0.828967 0.828967
1.28182 1.46453 1.64259 1.61566 1.58869 1.56174 1.53480 1.51803 1.64380 1.73577 1.73651 1.73651 1.73651 1.73651 1.73683 1.79835 1.86328 1.92569 2.05778 2.27569 1.56755 1.41526 1.41526 1.42138 1.67539 1.68873 1.68873 1.68873 1.68873 1.68873 1.68873 1.68873 1.68873 1.68873 1.68734 1.67387 1.65770 1.62257 1.44956 1.27574 1.14886 1.16167 1.17514 1.18934 1.20423 1.21993 1.21989 1.19005 1.15792 1.12379 1.08263 1.03145 0.989900 0.986155 0.979767 0.962853 0.962853 0.962558 0.846485 0.828967 0.828967 0.828967 0.828967 0.828967 0.828967 0.828967
1.10409 1.18679 1.52120 1.52120 1.52120 1.52120 1.52120 1.52120 1.58640 1.73651 1.73728 1.74421 1.75246 1.76072 1.76866 1.89617 2.03578 2.03578 2.06064 2.27569 1.75376 1.39211 1.37586 1.35967 1.53491 1.60072 1.58450 1.56825 1.55203 1.53576 1.51961 1.50336 1.48714 1.47089 1.45606 1.45328 1.45328 1.45328 1.34736 1.33223 1.27660 1.22519 1.17381 1.12246 1.07105 1.01964 0.986731 0.986155 0.986155 0.986155 0.986155 0.986155 0.986155 0.986155 0.985300 0.963575 0.962853 0.962853 0.888405 0.828967 0.828967 0.828967 0.828967 0.828967 0.828967 0.828967
1.05606 1.08681 1.50260 1.52120 1.52120 1.52120 1.52246 1.51724 1.51529 1.70279 1.69442 1.67510 1.65442 1.63368 1.61303 1.63059 1.77028 1.74260 1.71528 1.74543 1.52498 1.17980 1.17980 1.17980 1.29638 1.45328 1.45328 1.45328 1.45328 1.45328 1.45328 1.45328 1.45328 1.45324 1.44849 1.44056 1.43262 1.42463 1.34078 1.30493 1.00479 0.986155 0.986155 0.986155 0.986155 0.986155 0.986155 0.986155 0.986155 0.986155 0.986155 0.986155 0.986155 0.986155 0.986155 0.969009 0.962853 0.962853 0.918829 0.828967 0.828967 0.828967 0.828967 0.828967 0.828967 0.828967
1.30169 1.36638 1.36776 1.32733 1.31487 1.30251 1.28878 1.28160 1.28160 1.44308 1.49690 1.49690 1.49690 1.49690 1.49690 1.49818 1.65098 1.67058 1.67058 1.70512 1.64816 1.17980 1.17980 1.17980 1.22156 1.45328 1.45328 1.45322 1.44834 1.44035 1.43245 1.42448 1.41653 1.40864 1.40540 1.40540 1.40540 1.40540 1.35396 1.30252 1.11946 0.986155 0.986155 0.986155 0.986155 0.986155 0.986155 0.986155 0.986155 0.986155 0.986155 0.986155 0.986155 0.986155 0.986155 0.975267 0.962853 0.962853 0.941482 0.828967 0.828967 0.828967 0.828967 0.828967 0.828967 0.828967
1.50089 1.54347 1.41668 1.28160 1.28160 1.28160 1.28160 1.28160 1.28160 1.38359 1.49690 1.49690 1.49690 1.49690 1.49690 1.49690 1.59098 1.67058 1.67058 1.69177 1.72658 1.22475 1.15744 1.11631 1.07530 1.37219 1.41641 1.40849 1.40540 1.40540 1.40540 1.40540 1.40540 1.40540 1.40540 1.40540 1.40540 1.40540 1.38020 1.30252 1.22196 0.986155 0.986155 0.986110 0.983852 0.980169 0.976231 0.972010 0.967491 0.962649 0.957420 0.951758 0.945606 0.938931 0.931626 0.916415 0.876477 0.864620 0.849123 0.828967 0.828967 0.828967 0.828967 0.828967 0.828967 0.828967
