High_resolution/powerplant/Fengdu/OMI_NO2_200905.asc
ncols      200
nrows      200
xllcorner       105.978
yllcorner       28.1831
cellsize     0.0166667
NODATA_Value      -999.000
[rows 150 to 179 of 200, columns 132 to 197 of 200]
2.47495 2.47495 2.29916 1.97870 1.97870 1.97870 1.97870 1.97870 2.00519 2.11137 2.22287 2.33426 2.44577 2.54322 2.55704 2.55704 2.55704 2.55704 2.55704 2.24936 2.16711 2.16711 2.16711 2.16711 2.16711 2.16711 2.16711 2.16711 2.16711 2.16711 2.16711 2.16711 2.16711 2.16711 2.16711 2.16711 0.00000 0.00000 0.00000 0.00000 0.00000 0.00000 0.00000 0.00000 0.00000 0.00000 0.00000 0.00000 1.48478 1.48478 1.48478 0.334021 0.119142 0.110228 0.102711 0.101855 0.101855 0.101855 0.101855 0.101855 0.114256 0.111545 0.101855 0.101855 0.101855 0.101855
2.47495 2.47495 2.43460 2.02564 2.13236 2.24375 2.35526 2.46676 2.55172 2.55704 2.55704 2.55704 2.55704 2.55704 2.55704 2.55704 2.55704 2.55704 2.55704 2.35720 2.16711 2.16711 2.16711 2.16711 2.16711 2.16711 2.16711 2.16711 2.16711 2.16711 2.16711 2.16711 2.16711 2.16711 2.16711 2.16711 0.00000 0.00000 0.00000 0.00000 0.00000 0.00000 0.00000 1.48478 1.48478 1.48478 1.48478 1.48478 1.48478 1.48478 1.48478 0.815308 0.101855 0.101855 0.101855 0.103927 0.170019 0.242628 0.295634 0.336015 0.364598 0.231175 0.101855 0.101855 0.101855 0.101855
1.62644 1.27269 0.917513 2.17478 2.55704 2.55704 2.55704 2.55704 2.55704 2.55704 2.55704 2.55704 2.55704 2.55704 2.55704 2.55704 2.55704 2.55704 2.55704 2.46511 2.16711 2.16711 2.16711 2.16711 2.16711 2.16711 2.16711 2.16711 2.16711 2.16711 2.16711 2.16711 2.16711 2.16711 2.16711 2.16711 2.16711 1.48478 1.48478 1.48478 1.48478 1.48478 1.48478 1.48478 1.48478 1.48478 1.48478 1.48478 1.48478 1.48478 1.48478 1.14678 0.224578 0.282212 0.325625 0.359018 0.368577 0.368577 0.368577 0.368577 0.368577 0.303080 0.101855 0.101855 0.101855 0.101855
0.699081 0.699081 0.699081 1.65417 2.55704 2.55704 2.55704 2.55704 2.55704 2.55704 2.55704 2.55704 2.55704 2.55704 2.55704 2.55704 2.55704 2.55704 2.55704 2.55037 2.18980 2.16711 2.16711 2.16711 2.16711 2.16711 2.16711 2.16711 2.16711 2.16711 2.16711 2.16711 2.12663 1.91441 1.68244 1.45085 1.39350 1.48478 1.48478 1.48478 1.48478 1.48478 1.48478 1.48478 1.48478 1.48478 1.45070 1.32092 1.22071 1.14611 1.08838 1.05297 0.417671 0.368577 0.368577 0.368577 0.368577 0.368577 0.368577 0.368577 0.368577 0.352964 0.102920 0.101855 0.101855 0.101855
0.699081 0.699081 0.699081 1.13552 2.55704 2.55704 2.55704 2.55704 2.55704 2.55704 2.55704 2.55704 2.55704 2.55704 2.55704 2.55704 2.55704 2.55704 2.55704 2.55704 2.29102 2.16711 2.16711 2.16711 2.16711 2.16711 2.16711 2.06255 1.83108 1.59936 1.36765 1.13593 0.944567 0.925320 0.925320 0.925320 1.21073 1.48478 1.48478 1.48478 1.48478 1.47661 1.33935 1.20421 1.15858 1.10326 1.06319 1.06004 1.06004 1.06004 1.06004 1.06004 0.598420 0.368577 0.368577 0.368577 0.368577 0.368577 0.368577 0.368577 0.368577 0.368577 0.181767 0.101855 0.101855 0.101855
0.699081 0.699081 0.699081 0.729180 2.44481 2.55704 2.55704 2.55704 2.55704 2.55704 2.55704 2.55704 2.55704 2.55704 2.55704 2.55704 2.55704 2.55704 2.55704 2.55704 2.39896 2.15606 1.97973 1.74776 1.51629 1.28445 1.05273 0.925568 0.925320 0.925320 0.925320 0.925320 0.925320 0.925320 0.925320 0.925320 1.05679 1.41098 1.25573 1.14382 1.06013 0.997423 0.982557 0.982557 1.03280 1.06004 1.06004 1.06004 1.06004 1.06004 1.06004 1.06004 0.786913 0.368577 0.368577 0.368577 0.368577 0.368577 0.368577 0.368577 0.368577 0.368577 0.270276 0.134094 0.240944 0.350665
0.699081 0.699081 0.699081 0.699081 1.95599 2.55704 2.55704 2.55704 2.55704 2.55704 2.55704 2.55704 2.55704 2.55704 2.55704 2.55704 2.53745 2.40376 2.25142 2.09885 1.85493 0.980748 0.925320 0.925320 0.925320 0.925320 0.925320 0.925320 0.925320 0.925320 0.925320 0.925320 0.916509 0.850168 0.793328 0.751648 0.724972 0.967088 0.982557 0.982557 0.982557 0.982557 0.982557 0.982557 1.01043 1.06004 1.06004 1.06004 1.06004 1.06004 1.06004 1.06004 0.974646 0.368784 0.368577 0.368577 0.368577 0.374294 0.421048 0.475986 0.530878 0.585802 0.641510 0.723693 0.726693 0.726693
0.699081 0.699081 0.699081 0.699081 1.43743 2.55704 2.55704 2.55704 2.55704 2.55704 2.55704 2.52265 2.37866 2.22632 2.07398 1.92149 1.78867 1.77017 1.77017 1.77017 1.77017 1.05118 0.925320 0.925320 0.925320 0.925320 0.925320 0.925320 0.880897 0.815059 0.767828 0.732277 0.706845 0.702824 0.702824 0.702824 0.702824 0.894441 0.982557 0.982557 0.982557 0.982557 0.982557 0.982557 0.988779 1.05932 1.06004 1.06004 1.06004 1.06004 1.06004 1.06000 1.05519 0.542081 0.513831 0.568752 0.623636 0.672873 0.680996 0.680996 0.680996 0.680996 0.681485 0.722010 0.726693 0.726693
0.699081 0.699081 0.699081 0.699081 0.920178 2.55555 2.50392 2.35356 2.20114 2.04888 1.89655 1.77836 1.77017 1.77017 1.77017 1.77017 1.77017 1.77017 1.77017 1.77017 1.77017 1.28614 0.925320 0.925320 0.925320 0.925320 0.803817 0.715463 0.702824 0.702824 0.702824 0.702824 0.702824 0.702824 0.702824 0.702824 0.702824 0.817515 0.982557 0.982557 0.982557 0.982557 0.982557 0.982557 0.982557 1.04317 1.05856 1.05111 1.04303 1.03497 1.02690 1.01885 1.01558 0.821598 0.680996 0.680996 0.680996 0.680996 0.681214 0.685219 0.691743 0.700228 0.711715 0.725520 0.726693 0.726693
0.699081 0.806864 1.07653 1.34714 1.61885 1.89427 1.77230 1.77017 1.77017 1.77017 1.77017 1.77017 1.77017 1.77017 1.77017 1.77017 1.77017 1.77017 1.77017 1.77017 1.77017 1.52094 0.925320 0.925320 0.925320 0.925320 0.829396 0.702824 0.702824 0.702824 0.702824 0.702824 0.702824 0.702824 0.702824 0.702824 0.702824 0.740588 0.982557 0.982557 0.982508 0.977630 0.969583 0.961500 0.953413 0.983576 1.01621 1.01558 1.01558 1.01558 1.01558 1.01558 1.01558 0.912246 0.683686 0.689787 0.697658 0.708181 0.722175 0.726693 0.726693 0.726693 0.726693 0.726693 0.726693 0.726693
1.89682 2.06020 2.06170 2.06170 2.06170 1.89867 1.77017 1.77017 1.77017 1.77017 1.77017 1.77017 1.77017 1.77017 1.77017 1.77017 1.77017 1.77017 1.77017 1.77017 1.77017 1.73317 0.947793 0.925320 0.925320 0.925320 0.912947 0.707981 0.702824 0.702824 0.702824 0.702824 0.702824 0.702824 0.702824 0.697550 0.664886 0.628241 0.902800 0.949331 0.941297 0.938096 0.938096 0.938096 0.938096 0.953965 1.01558 1.01558 1.01558 1.02728 1.07359 1.13445 1.21495 1.29270 0.738403 0.726693 0.726693 0.726693 0.726693 0.726693 0.726693 0.726693 0.726693 0.726693 0.726693 0.726693
2.06170 2.06170 2.06170 2.06170 2.06170 1.98013 1.77017 1.77017 1.77017 1.77017 1.77017 1.77017 1.77017 1.77017 1.77017 1.77017 1.77017 1.77017 1.77017 1.77017 1.77017 1.77017 1.14549 0.925320 0.925320 0.925320 0.925320 0.743372 0.702824 0.702824 0.688394 0.651985 0.615340 0.578716 0.542091 0.510701 0.506760 0.506760 0.759589 0.938096 0.938096 0.938096 0.938096 0.938096 0.942650 0.990125 1.11303 1.19041 1.29186 1.39088 1.39586 1.39586 1.39586 1.39586 0.882440 0.726693 0.726693 0.726693 0.726693 0.726693 0.726693 0.726693 0.726693 0.726693 0.726693 0.726693
2.06170 2.06170 2.06170 2.06170 2.06170 2.05146 1.78035 1.77017 1.77017 1.77017 1.77017 1.77017 1.77017 1.77017 1.77017 1.77017 1.77017 1.77017 1.77017 1.77017 1.77017 1.77017 1.38011 0.925320 0.923241 0.871088 0.797839 0.654751 0.565815 0.529170 0.506995 0.506760 0.506760 0.506760 0.506760 0.506760 0.506760 0.506760 0.641359 0.938096 0.964406 1.02773 1.11008 1.22159 1.36388 1.39586 1.39586 1.39586 1.39586 1.39586 1.39586 1.39586 1.39586 1.39586 1.06379 0.726693 0.726693 0.726693 0.726693 0.726693 0.726693 0.726693 0.726693 0.726693 0.726693 0.726693
2.06170 2.06170 2.06170 2.06170 2.06170 2.06170 1.85159 1.77017 1.77017 1.77017 1.77017 1.77017 1.77017 1.77017 1.77017 1.77017 1.77017 1.77017 1.77017 1.77816 1.83782 1.90668 1.75397 0.625498 0.554366 0.533191 0.533191 0.527906 0.506792 0.506760 0.506760 0.506760 0.506760 0.506760 0.506760 0.507238 0.510264 0.514491 0.556409 1.29130 1.39586 1.39586 1.39586 1.39586 1.39586 1.39586 1.39586 1.39586 1.39586 1.39586 1.39586 1.39586 1.39586 1.39586 1.24503 0.726693 0.726693 0.726693 0.726693 0.726693 0.729550 0.762913 0.804399 0.845956 0.887465 0.928998
2.06170 2.06170 2.06170 2.06170 2.06170 2.06170 1.93308 1.77017 1.77017 1.77017 1.77017 1.77017 1.77017 1.77017 1.78515 1.85009 1.91898 1.98781 2.05670 2.11754 2.12678 2.12678 2.12088 0.687404 0.533191 0.533191 0.533191 0.533191 0.509416 0.506760 0.506789 0.508756 0.512544 0.517498 0.524253 0.532145 0.533191 0.533191 0.533191 1.19245 1.39586 1.39586 1.39586 1.39586 1.39586 1.39586 1.39586 1.39586 1.39586 1.39586 1.39586 1.39586 1.39586 1.39586 1.38578 0.788097 0.791365 0.832898 0.874408 0.915965 0.954594 0.962811 0.962811 0.962811 0.962811 0.962811
2.06170 2.06170 2.06170 2.06170 2.06170 2.06170 2.01459 1.77017 1.77017 1.79439 1.86232 1.93129 2.00008 2.06894 2.12285 2.12678 2.12678 2.12678 2.12678 2.12678 2.12678 2.12678 2.12678 1.12222 0.533191 0.533191 0.533191 0.533191 0.521621 0.521090 0.529262 0.533191 0.533191 0.533191 0.533191 0.533191 0.533191 0.533191 0.533191 0.955943 1.39586 1.39586 1.39586 1.39586 1.39586 1.39586 1.39586 1.39586 1.39586 1.38867 1.34788 1.30304 1.25802 1.21311 1.16824 1.02134 0.962811 0.962811 0.962811 0.962811 0.962811 0.962811 0.962811 0.962811 0.962811 0.962811
2.06170 2.06170 2.06170 2.06170 1.90265 1.53283 1.15884 1.81630 2.08124 2.12588 2.12678 2.12678 2.12678 2.12678 2.12678 2.12678 2.12678 2.12678 2.12678 2.12678 2.12678 2.12678 2.12678 1.56313 0.533191 0.533191 0.533191 0.533191 0.533191 0.533191 0.533191 0.533191 0.533191 0.533191 0.533191 0.533191 0.533191 0.533191 0.533191 0.719633 1.39586 1.39586 1.39586 1.39571 1.36964 1.32467 1.27981 1.23482 1.18991 1.15218 1.14799 1.14799 1.14799 1.14799 1.14799 1.07151 0.962811 0.962811 0.962811 0.962811 0.962811 0.962811 0.962811 0.962811 0.962811 0.962811
1.52461 1.15160 0.779709 0.407820 0.193844 0.192910 0.192910 1.35795 2.12678 2.12678 2.12678 2.12678 2.12678 2.12678 2.12678 2.12678 2.12678 2.12678 2.12678 2.12678 2.12678 2.12678 2.12678 1.99341 0.544028 0.533191 0.533191 0.533191 0.533191 0.533191 0.533191 0.533191 0.533191 0.533191 0.533191 0.533191 0.533191 0.533191 0.533191 0.545313 1.28797 1.25661 1.21162 1.16685 1.14799 1.14799 1.14799 1.14799 1.14799 1.14799 1.14799 1.14799 1.14799 1.14799 1.14799 1.12167 0.962811 0.962811 0.962811 0.962811 0.962811 0.962811 0.962811 0.962811 0.962811 0.962811
0.192910 0.192910 0.192910 0.192910 0.192910 0.192910 0.192910 0.817355 2.12678 2.12678 2.12678 2.12678 2.12678 2.12678 2.12678 2.12678 2.12678 2.12678 2.12678 2.12678 2.12678 2.12678 2.12678 2.12678 0.851717 0.533191 0.533191 0.533191 0.533191 0.533191 0.533191 0.533191 0.533191 0.533191 0.533191 0.533191 0.533191 0.533191 0.533191 0.00000 1.14799 1.14799 1.14799 1.14799 1.14799 1.14799 1.14799 1.15923 1.15933 1.14799 1.14799 1.14799 1.14799 1.14799 1.14799 1.14797 0.986630 0.962811 0.962811 0.962811 0.962811 0.962811 0.962811 0.962811 0.962811 0.962811
0.192910 0.192910 0.192910 0.192910 0.192910 0.192910 0.192910 0.308942 2.09448 2.12678 2.12678 2.12678 2.12678 2.12678 2.12678 2.12678 2.12678 2.12678 2.12678 2.12678 2.12678 2.12678 2.12678 2.12678 1.29278 0.533191 0.533191 0.533191 0.533191 0.533191 0.533191 0.533191 0.533191 0.533191 0.00000 0.00000 0.00000 0.00000 0.00000 0.00000 1.14799 1.14799 1.14840 1.19159 1.24524 1.28395 1.31321 1.33315 1.25313 1.14799 1.14799 1.14799 1.14799 1.14799 1.14799 1.14799 1.03680 0.962811 0.962811 0.962811 0.962811 0.962811 0.962811 0.962811 0.962811 0.962811
0.192910 0.192910 0.192910 0.192910 0.192910 0.192910 0.192910 0.192910 1.67004 2.12678 2.12678 2.12678 2.12678 2.12678 2.12678 2.12678 2.12678 2.12678 2.12678 2.12678 2.12678 2.12678 2.15481 2.34753 2.21696 0.533191 0.533191 0.533191 0.00000 0.00000 0.00000 0.00000 0.00000 0.00000 0.00000 0.00000 0.00000 0.00000 1.52285 1.52285 1.44466 1.30157 1.32676 1.33542 1.33542 1.33542 1.33542 1.33542 1.29925 1.14799 1.14799 1.14799 1.14799 1.14799 1.14799 1.14799 1.08696 0.962811 0.962811 0.962811 0.962811 0.962811 0.962811 0.963058 0.968091 0.974972
0.192910 0.192910 0.192910 0.192910 0.192910 0.192910 0.192910 0.192910 1.12948 2.12678 2.12678 2.12678 2.12678 2.12678 2.12678 2.12678 2.12678 2.17706 2.38512 2.60465 2.82406 3.04359 3.23508 3.26187 3.26187 3.26187 0.00000 0.00000 0.00000 0.00000 0.00000 0.00000 0.00000 1.52285 1.52285 1.52285 1.52285 1.52285 1.52285 1.52285 1.52285 1.35030 1.33542 1.33542 1.33542 1.33542 1.33542 1.33542 1.32995 1.15534 1.14799 1.14799 1.14799 1.14799 1.14799 1.14799 1.13512 0.964811 0.966033 0.972906 0.979786 0.986663 0.993543 1.00017 1.00202 1.00202
0.192910 0.192910 0.192910 0.192910 0.192910 0.192910 0.192910 0.192910 0.588772 2.12678 2.12678 2.12678 2.20578 2.42281 2.64233 2.86175 3.08127 3.25040 3.26187 3.26187 3.26187 3.26187 3.26187 3.26187 3.26187 3.26187 0.00000 0.00000 0.00000 0.00000 1.52285 1.52285 1.52285 1.52285 1.52285 1.52285 1.52285 1.52285 1.52285 1.52285 1.52285 1.38517 1.33542 1.33542 1.33542 1.33542 1.33542 1.33542 1.33542 1.22299 1.14799 1.14799 1.15553 1.20662 1.26439 1.32248 1.38028 1.09221 1.00202 1.00202 1.00202 1.00202 1.00202 1.00202 1.00496 1.02237
0.192910 0.192910 0.192910 0.192910 0.192910 0.192910 0.192910 0.373607 0.778346 2.57348 2.89932 3.11896 3.25937 3.26187 3.26187 3.26187 3.26187 3.26187 3.26187 3.26187 3.26187 3.26187 3.26187 3.26187 3.26187 3.26187 0.00000 0.00000 0.00000 0.00000 1.52285 1.52285 1.52285 1.52285 1.52285 1.52285 1.52285 1.52285 1.52285 1.52285 1.52285 1.43447 1.33542 1.33542 1.33542 1.33542 1.33542 1.35059 1.37955 1.37412 1.35208 1.41007 1.46037 1.46733 1.46733 1.46733 1.46733 1.22667 1.00202 1.00256 1.01734 1.03316 1.04472 1.05353 1.05972 1.06053
0.192910 0.192910 0.385771 0.775613 1.16506 1.55608 1.94494 2.15468 2.15487 2.87109 3.26187 3.26187 3.26187 3.26187 3.26187 3.26187 3.26187 3.26187 3.26187 3.26187 3.26187 3.26187 3.26187 3.26187 3.26187 3.26187 0.00000 0.00000 0.00000 0.00000 1.52285 1.52285 1.52285 1.52285 1.52285 1.52285 1.52285 1.52285 1.52285 1.52285 1.52285 1.48749 1.36355 1.39439 1.42338 1.45231 1.48129 1.49509 1.49509 1.49241 1.46733 1.46733 1.46733 1.46733 1.46733 1.43819 1.38638 1.27331 1.05127 1.05853 1.06053 1.06053 1.06053 1.06053 1.06053 1.06053
1.56825 1.95691 2.15487 2.15487 2.15487 2.15487 2.15487 2.15487 2.15487 2.56317 3.26187 3.26187 3.26187 3.26187 3.26187 3.26187 3.26187 3.26187 3.26187 3.26187 3.26187 3.26187 3.26187 3.26187 3.26187 3.26187 3.26187 0.00000 0.00000 0.00000 0.00000 1.52285 1.52285 1.52285 1.52285 1.52285 1.47734 1.37899 1.30522 1.24841 1.20348 1.17134 1.41737 1.49509 1.49509 1.49509 1.49509 1.49509 1.49509 1.49506 1.45946 1.39926 1.35845 1.32800 1.30442 1.29323 1.29318 1.28790 1.07149 1.06053 1.06053 1.06053 1.06053 1.06053 1.06053 1.06053
2.15487 2.15487 2.15487 2.15487 2.15487 2.15487 2.15487 2.15487 2.15487 2.25983 3.25722 3.26187 3.26187 3.26187 3.26187 3.26187 3.26187 3.26187 3.26187 3.26187 3.26187 3.26187 3.26187 3.26187 3.26187 3.26187 3.26187 0.00000 0.00000 0.00000 0.811956 1.32295 1.35166 1.28450 1.23216 1.19021 1.16774 1.16740 1.16740 1.16740 1.16740 1.16740 1.32772 1.49509 1.49509 1.49233 1.41436 1.30272 1.19092 1.07928 1.17661 1.29318 1.29318 1.29318 1.29318 1.29318 1.29318 1.29318 1.12924 1.06053 1.06053 1.06053 1.06053 1.06053 1.06053 1.06053
2.15487 2.15487 2.15487 2.15487 2.15487 2.15487 2.15487 2.15487 2.15487 2.15487 3.05426 3.26187 3.26187 3.26187 3.26187 3.26187 3.26187 3.26187 3.26187 3.26187 3.26187 3.26187 3.26187 3.26187 3.26187 3.23382 2.85257 0.811956 0.811956 0.811956 0.811956 0.852006 1.16403 1.16740 1.16740 1.16740 1.16740 1.16740 1.16740 1.16740 1.16740 1.13205 1.09327 1.23849 1.12690 1.01787 0.984145 0.984145 0.984145 0.984145 1.08156 1.29318 1.29318 1.29318 1.29318 1.29318 1.29318 1.29318 1.19226 1.06053 1.06053 1.06053 1.06053 1.06053 1.06053 1.06053
2.15487 2.15487 2.15487 2.15487 2.15487 2.15487 2.15487 2.15487 2.15487 2.15487 2.74640 3.26187 3.26187 3.26187 3.26187 3.26187 3.26187 3.26187 3.26187 3.26187 3.20924 2.99108 2.76075 2.53042 2.30009 2.09793 1.99142 0.830931 0.811956 0.811956 0.811956 0.811956 1.11646 1.16740 1.16740 1.16740 1.15974 1.07017 0.958428 0.846786 0.735043 0.658708 0.660163 0.961520 0.984145 0.984145 0.984145 0.984145 0.984145 0.984145 1.00003 1.28606 1.29318 1.29318 1.29318 1.29318 1.29318 1.29318 1.25528 1.06053 1.06053 1.06259 1.06860 1.07600 1.08525 1.09712
2.15487 2.15487 2.15487 2.15487 2.15487 2.15487 2.15487 2.15487 2.15487 2.15487 2.43838 3.26187 3.26187 3.26187 3.26187 3.17725 2.94907 2.71886 2.48865 2.25820 2.08050 2.06845 2.06845 2.06845 2.06845 2.06845 2.06845 1.09985 0.811956 0.811956 0.811956 0.811956 0.995633 1.00600 0.894355 0.782612 0.678584 0.656460 0.656460 0.656460 0.656460 0.656460 0.656460 0.875547 0.984145 0.984145 0.984145 0.984145 0.984145 0.984145 0.984145 1.21327 1.29318 1.29318 1.29318 1.29044 1.26794 1.24155 1.21473 1.10227 1.10756 1.11890 1.11904 1.11904 1.11904 1.11904
