High_resolution/powerplant/Fengdu/OMI_NO2_200606.asc
ncols      200
nrows      200
xllcorner       105.978
yllcorner       28.1831
cellsize     0.0166667
NODATA_Value      -999.000
[rows 116 to 144 of 200, columns 67 to 133 of 200]
2.23452 2.28356 2.34662 2.38535 2.41231 2.41325 2.41325 2.41325 2.81392 2.84268 2.84268 2.84268 2.83522 2.80782 2.82447 2.87414 2.92466 2.97524 2.99962 2.99962 2.99962 2.99962 2.99962 2.99962 3.00120 3.27805 3.30203 3.27905 2.96080 2.62284 2.18841 1.81194 1.59255 1.51317 1.27932 1.22881 1.22881 1.22881 1.33874 1.45678 1.45678 1.45678 1.45678 1.45772 1.48142 1.51490 1.54835 1.58002 1.63096 1.68200 1.68200 1.68200 1.68200 1.68200 1.68200 1.68200 1.68200 1.68200 1.49669 1.39324 1.45081 1.51504 1.49438 1.29844 1.32218 1.34300 1.35725
2.41218 2.41939 2.41366 2.41325 2.41325 2.41325 2.41325 2.41325 2.68899 2.84268 2.84966 2.88462 2.92243 2.96443 2.99872 2.99962 2.99962 2.99962 2.99962 2.99962 2.99962 2.99962 2.99962 2.95065 2.71757 2.48293 1.97415 1.52358 1.36097 1.49178 1.50785 1.50785 1.50785 1.50785 1.36805 1.22881 1.22881 1.22881 1.26624 1.45713 1.47833 1.51177 1.54528 1.57779 1.58756 1.58756 1.58756 1.58756 1.60275 1.68200 1.68200 1.68200 1.68200 1.68200 1.68200 1.68951 1.74432 1.81548 1.80781 1.67290 1.69921 1.71887 1.71447 1.37851 1.35769 1.35769 1.35769
2.41940 2.41940 2.41473 2.41325 2.41325 2.41325 2.40714 2.32320 2.34589 2.94219 2.98360 2.98654 2.98654 2.99374 2.99962 2.99962 2.99962 2.99962 2.99962 2.89792 2.64856 2.39750 2.06803 1.76491 1.65573 1.44657 1.27677 1.27677 1.27677 1.40914 1.50785 1.50785 1.50785 1.50785 1.45701 1.22885 1.24725 1.28074 1.31420 1.54002 1.58756 1.58756 1.58756 1.58756 1.58756 1.58756 1.58756 1.58756 1.58757 1.66899 1.68200 1.68690 1.74026 1.82065 1.90453 1.98092 2.00997 2.02275 2.01242 1.73649 1.72343 1.72343 1.72343 1.48373 1.35769 1.35769 1.36643
2.41940 2.41940 2.41585 2.35588 2.24844 2.14100 2.03975 2.01620 2.01692 2.82014 2.98654 2.98654 2.98654 2.98969 2.99566 2.83020 2.57933 2.32879 2.02779 1.77137 1.67362 1.59018 1.55628 1.55628 1.55628 1.48011 1.27677 1.27677 1.27677 1.33963 1.50785 1.50785 1.48939 1.44126 1.39254 1.34117 1.35959 1.35959 1.35959 1.47980 1.58756 1.58756 1.58756 1.58756 1.58756 1.58756 1.58756 1.59039 1.66594 1.81314 1.90989 1.98886 2.01941 2.02290 2.02290 2.02290 2.02290 2.02290 2.02290 1.81998 1.72343 1.72343 1.73262 1.63869 1.43124 1.46375 1.48783
2.24322 2.10002 1.99422 2.01620 2.01620 2.01620 2.01620 2.01617 2.01353 2.52406 2.98387 2.82415 2.63121 2.42999 1.96210 1.72637 1.61166 1.51183 1.45065 1.43849 1.42676 1.41479 1.40256 1.39004 1.37718 1.34822 1.27677 1.27677 1.26595 1.22583 1.39052 1.35422 1.32422 1.32384 1.32384 1.34356 1.35959 1.35959 1.35959 1.40721 1.58756 1.58756 1.58756 1.59235 1.68646 1.81573 1.94492 2.07137 2.12500 2.09787 2.02290 2.02290 2.02290 2.02290 2.02290 2.02290 2.02290 2.02290 2.01379 1.90029 1.79755 1.83015 1.85375 1.83433 1.49825 1.48903 1.48903
1.89001 1.89001 1.89530 1.91904 1.91267 1.90612 1.92997 2.07244 2.23197 2.33760 2.13731 2.07524 2.03161 1.98798 1.51481 1.27677 1.27677 1.27677 1.27677 1.27677 1.27677 1.27677 1.27677 1.27677 1.27157 1.23005 1.18157 1.13310 1.09545 1.09277 1.24805 1.32384 1.32384 1.32384 1.32384 1.33220 1.35959 1.35959 1.35959 1.37819 1.68096 1.83645 1.96567 2.09010 2.12521 2.12521 2.12521 2.12521 2.12521 2.12275 2.02831 2.02290 2.02290 2.02290 2.01588 1.98368 1.94921 1.91475 1.88943 1.88582 1.85534 1.85478 1.85478 1.85478 1.59205 1.48903 1.48903
1.89001 1.89001 1.93694 2.09390 2.25500 2.41623 2.54605 2.53404 2.49041 2.43335 1.92520 1.95098 1.95098 1.95098 1.72837 1.27677 1.27677 1.27677 1.27677 1.27677 1.27515 1.23997 1.19151 1.14300 1.09974 1.09277 1.09277 1.09277 1.09277 1.09277 1.17854 1.32384 1.32384 1.32384 1.32439 1.36573 1.48802 1.61630 1.74149 1.84904 2.01837 2.12521 2.12521 2.12521 2.12521 2.12521 2.12521 2.12521 2.12521 2.12521 2.05094 1.98676 1.95227 1.91782 1.89040 1.88815 1.88815 1.88815 1.88815 1.88815 1.86339 1.85478 1.85478 1.85478 1.70621 1.48903 1.51198
2.27783 2.43893 2.55316 2.54584 2.50374 2.46012 2.41652 2.39645 2.39645 2.39645 2.03356 1.95098 1.95098 1.95098 1.92085 1.30109 1.27670 1.24989 1.20140 1.15294 1.10605 1.09277 1.09277 1.09277 1.09277 1.09277 1.09277 1.09277 1.09277 1.09277 1.11942 1.38946 1.47278 1.59543 1.72012 1.80423 1.86069 1.87538 1.87538 1.87538 1.93920 2.12521 2.12521 2.12521 2.12521 2.12521 2.12155 2.09212 2.05766 2.02320 1.95516 1.88815 1.88815 1.88815 1.88815 1.88815 1.88815 1.88815 1.88815 1.88815 1.87376 1.85478 1.82264 1.72567 1.61879 1.79491 1.90864
2.51708 2.47345 2.42984 2.39799 2.39645 2.39645 2.39645 2.39645 2.39645 2.39645 2.17111 1.94454 1.95098 1.93347 1.88551 1.37391 1.11442 1.09277 1.09277 1.09277 1.09277 1.09277 1.09277 1.09277 1.09277 1.09277 1.11097 1.16888 1.23559 1.34658 1.45712 1.73076 1.83700 1.83963 1.83963 1.83963 1.84965 1.87538 1.87538 1.87538 1.87910 2.10615 2.12283 2.09518 2.06074 2.02626 1.99547 1.99045 1.99045 1.99045 1.98124 1.88888 1.88815 1.88815 1.88815 1.88815 1.88815 1.88815 1.86295 1.76826 1.67581 1.56817 1.52184 1.54030 1.55842 1.86371 1.98882
2.39645 2.39645 2.39645 2.39645 2.39645 2.39645 2.39645 2.39645 2.39645 2.40835 2.42671 1.86668 1.79850 1.76751 1.76698 1.52055 1.09277 1.09277 1.09277 1.09277 1.09277 1.09284 1.12554 1.18485 1.24682 1.35086 1.45086 1.51125 1.56300 1.57034 1.57034 1.69710 1.83963 1.83963 1.83963 1.83963 1.84045 1.87321 1.87400 1.84843 1.81398 1.93485 1.99726 1.99045 1.99045 1.99045 1.99045 1.99045 1.99045 1.99045 1.99045 1.90996 1.88815 1.88815 1.86909 1.78062 1.70033 1.62182 1.56862 1.58486 1.59471 1.56768 1.56133 1.56133 1.56133 1.72120 1.98882
2.39645 2.39645 2.39645 2.39645 2.39645 2.39935 2.44971 2.51668 2.58374 2.63881 2.64428 2.06310 1.76698 1.76698 1.76698 1.72311 1.10717 1.09580 1.14152 1.20077 1.26039 1.35490 1.44056 1.49964 1.55600 1.57034 1.57034 1.57034 1.57034 1.57034 1.57034 1.61612 1.83963 1.83963 1.83933 1.81407 1.77288 1.76457 1.74949 1.74063 1.74063 1.81682 1.99045 1.99045 1.99045 1.99045 1.99045 1.99045 1.99045 1.99045 1.97669 1.84840 1.72059 1.64220 1.58282 1.59281 1.59471 1.59471 1.59471 1.59471 1.59471 1.57807 1.56133 1.56133 1.56133 1.62026 2.03440
2.39645 2.39645 2.42947 2.49648 2.56352 2.62758 2.64428 2.64428 2.64428 2.64428 2.64428 2.33056 1.76956 1.77730 1.83165 1.89092 1.46328 1.35636 1.42880 1.48781 1.54659 1.57034 1.57034 1.57034 1.57034 1.57034 1.57034 1.57034 1.57034 1.57034 1.57034 1.55315 1.74596 1.73996 1.69909 1.68319 1.68319 1.70225 1.74063 1.74063 1.74063 1.74908 1.97901 1.99045 1.99045 1.99045 1.98233 1.90864 1.82073 1.73270 1.65855 1.64086 1.59471 1.59471 1.59471 1.59471 1.59471 1.59471 1.59471 1.59471 1.59471 1.63701 1.59224 1.61299 1.63381 1.64497 2.01649
2.54327 2.61028 2.64428 2.64428 2.64428 2.64428 2.64428 2.64428 2.64428 2.64391 2.64272 2.56455 2.01495 2.00078 1.93529 1.85915 1.68976 1.57007 1.57034 1.57034 1.57034 1.57034 1.57034 1.57034 1.57034 1.57034 1.57034 1.55971 1.52016 1.47900 1.43783 1.41403 1.56740 1.68319 1.68319 1.68319 1.68319 1.68597 1.73884 1.74063 1.74063 1.74063 1.90665 1.92214 1.83407 1.74619 1.66634 1.65203 1.65203 1.65203 1.65203 1.65183 1.60077 1.59471 1.59471 1.59471 1.59471 1.64007 1.75754 1.87589 1.99433 2.05729 1.69645 1.64498 1.64498 1.64498 1.85079
2.64428 2.64428 2.64428 2.64428 2.64428 2.64376 2.64254 2.64132 2.64010 2.63563 2.57761 2.50150 1.99008 1.74449 1.73883 1.73883 1.72347 1.57196 1.57034 1.57034 1.57034 1.57034 1.57034 1.56485 1.52846 1.48731 1.44615 1.41555 1.41391 1.41391 1.41391 1.41391 1.48643 1.68319 1.68319 1.68319 1.68319 1.68362 1.73262 1.79856 1.88145 1.98315 1.89477 1.65203 1.65203 1.65203 1.65203 1.65203 1.65203 1.65203 1.65203 1.65203 1.61760 1.63159 1.74739 1.86574 1.98413 2.05712 2.05809 2.05809 2.05809 2.05809 1.82434 1.64498 1.64498 1.64498 1.72241
2.64428 2.64358 2.64236 2.64114 2.63993 2.63923 2.60078 2.52470 2.44860 2.37612 2.35798 2.35798 2.11295 1.73969 1.73883 1.73883 1.73883 1.61049 1.57034 1.56829 1.53680 1.49561 1.45446 1.41871 1.41391 1.41391 1.41391 1.41391 1.41391 1.41391 1.41391 1.41391 1.42026 1.67097 1.69591 1.73072 1.80487 1.89522 2.02833 2.12486 2.12486 2.12486 2.08154 1.65870 1.65203 1.65203 1.65203 1.65203 1.65203 1.68136 1.79452 1.91291 2.01389 2.05554 2.05809 2.05809 2.05809 2.05809 2.05809 2.05809 2.05809 2.05809 1.95281 1.64498 1.64509 1.72061 1.86465
2.63975 2.63923 2.62058 2.54788 2.47180 2.39566 2.35798 2.35798 2.35798 2.35798 2.35798 2.35798 2.26387 1.77987 1.73883 1.73857 1.71360 1.59797 1.46270 1.42357 1.41391 1.41391 1.41391 1.41391 1.41391 1.41391 1.41391 1.41391 1.41391 1.43537 1.48226 1.53942 1.63254 1.83103 1.97539 2.03853 2.03871 2.03871 2.04612 2.12395 2.12486 2.12486 2.12486 1.74624 1.65203 1.67464 1.78433 1.90272 2.02116 2.11022 2.11541 2.11541 2.11311 2.06006 2.05809 2.05809 2.05809 2.05809 2.05809 2.05809 2.05809 2.12040 2.25448 2.02410 2.14468 2.21935 2.22902
2.49497 2.41884 2.36138 2.35798 2.35798 2.35798 2.35798 2.35798 2.35798 2.35798 2.35798 2.35798 2.34669 1.83818 1.63950 1.59859 1.58240 1.56145 1.41428 1.41391 1.41391 1.41391 1.41391 1.41391 1.41515 1.44817 1.49517 1.54754 1.63655 1.72342 1.79634 1.86140 1.86472 1.92889 2.03871 2.03871 2.03871 2.03871 2.03871 2.10427 2.12486 2.14995 2.30815 2.18028 2.01101 2.10675 2.11541 2.11541 2.11541 2.11541 2.11541 2.11541 2.11541 2.07479 2.05809 2.05809 2.05809 2.10837 2.24954 2.39922 2.54959 2.63749 2.64731 2.38967 2.23788 2.23788 2.23788
2.35798 2.35798 2.35798 2.35798 2.35798 2.35798 2.35798 2.35798 2.35454 2.33547 2.31444 2.29345 2.28045 1.97852 1.58248 1.58240 1.58240 1.58240 1.44720 1.41391 1.41985 1.46104 1.50802 1.55716 1.63902 1.71048 1.78021 1.85418 1.86472 1.86472 1.86472 1.86472 1.86472 1.87850 2.03676 2.03871 2.03871 2.04863 2.15641 2.36804 2.64811 2.80047 2.81994 2.71375 2.11777 2.11541 2.11541 2.11541 2.11541 2.11541 2.11541 2.11541 2.11541 2.13152 2.24072 2.39098 2.54134 2.64127 2.65046 2.65098 2.65098 2.65098 2.65098 2.51812 2.23788 2.23788 2.23788
2.35798 2.35798 2.35798 2.35798 2.35721 2.34178 2.32077 2.29977 2.28220 2.28028 2.28028 2.28028 2.28028 2.14789 1.62898 1.58240 1.59661 1.64238 1.60806 1.56817 1.63775 1.69813 1.76469 1.84330 1.86472 1.86472 1.86472 1.86472 1.86472 1.86472 1.86472 1.86472 1.86472 1.86704 2.08940 2.26226 2.39481 2.51743 2.54231 2.57895 2.81963 2.81994 2.81994 2.81994 2.22310 2.11541 2.11541 2.11541 2.11541 2.14307 2.27484 2.43951 2.63658 2.78918 2.65121 2.65098 2.65098 2.65098 2.65098 2.65098 2.65098 2.65098 2.65098 2.62824 2.27414 2.31505 2.36060
2.35798 2.34808 2.32709 2.30609 2.28586 2.28028 2.28028 2.28028 2.28028 2.28028 2.28028 2.28028 2.24744 2.16319 1.83324 1.74921 1.78696 1.80153 1.80373 1.82907 1.86472 1.86472 1.86472 1.86472 1.86472 1.86472 1.86472 1.86472 1.86472 1.86472 1.92929 2.06178 2.19428 2.32456 2.44975 2.54231 2.54231 2.54231 2.54231 2.54231 2.76880 2.81994 2.81994 2.81994 2.41541 2.13030 2.25847 2.42772 2.63186 2.82609 2.84300 2.84300 2.84300 2.84300 2.67558 2.65098 2.65098 2.65098 2.65098 2.64960 2.50778 2.27268 2.03729 1.80651 2.21351 2.42037 2.42037
2.29139 2.28029 2.28028 2.28028 2.28028 2.28028 2.28028 2.27962 2.23739 2.17062 2.10396 2.03722 2.00548 2.01770 2.01511 1.82455 1.83310 1.83323 1.83323 1.85790 1.86472 1.86472 1.86472 1.86472 1.86472 1.86472 1.90577 2.03529 2.16779 2.30034 2.36832 2.36832 2.36832 2.36832 2.39747 2.54231 2.54231 2.54231 2.54231 2.54231 2.68492 2.86674 2.78914 2.68009 2.57812 2.82233 2.84300 2.84300 2.84300 2.84300 2.84300 2.84300 2.84300 2.84300 2.72344 2.65089 2.52749 2.29238 2.05714 1.82337 1.73008 1.73008 1.73008 1.73008 1.99868 2.42037 2.42037
2.28028 2.28028 2.28028 2.27740 2.22731 2.16061 2.09386 2.02784 2.00382 2.01366 2.02720 2.04073 2.05214 2.05345 2.07309 1.86847 1.83323 1.83323 1.83323 1.84661 1.86472 1.86472 1.88754 2.00880 2.14130 2.27380 2.36535 2.36832 2.36832 2.36832 2.36832 2.36832 2.36832 2.36832 2.36841 2.51908 2.55174 2.58142 2.51633 2.40381 2.35468 2.49507 2.47270 2.47270 2.47270 2.78544 2.84300 2.84300 2.84300 2.84300 2.84300 2.84300 2.68691 2.33494 2.01128 1.84188 1.73008 1.73008 1.73008 1.73008 1.73008 1.73008 1.73008 1.73008 1.79060 2.41374 2.42037
2.21725 2.15052 2.08383 2.01997 2.00336 2.00963 2.02316 2.03669 2.04976 2.05345 2.05345 2.05345 2.05345 2.05345 2.05863 1.95404 1.83323 1.83323 1.83985 1.92205 2.11481 2.24731 2.35704 2.36832 2.36832 2.36832 2.36832 2.36832 2.36832 2.36832 2.36832 2.36737 2.29519 2.17878 2.03523 2.14388 2.31694 2.22175 2.19507 2.19507 2.19541 2.43595 2.47270 2.47270 2.47270 2.66846 2.84300 2.84300 2.71370 2.36450 2.01170 1.65890 1.46219 1.46164 1.46601 1.71567 1.73008 1.73008 1.73008 1.73008 1.73008 1.73008 1.73008 1.72968 1.71110 2.20998 2.28247
2.00336 2.00635 2.01913 2.03266 2.04619 2.05344 2.05345 2.05345 2.05345 2.05345 2.05345 2.05345 2.05345 2.05345 2.05244 1.99967 1.98227 2.07063 2.15238 2.16943 2.33564 2.36832 2.36832 2.36832 2.36832 2.36832 2.36832 2.35860 2.26243 2.14602 2.01309 1.87033 1.81026 1.79211 1.78406 1.86477 2.19507 2.19507 2.19507 2.19507 2.19507 2.34870 2.47270 2.47270 2.36744 2.10262 2.04154 1.68874 1.46523 1.46164 1.46164 1.46164 1.46164 1.46164 1.46164 1.65611 1.73008 1.73008 1.73008 1.72999 1.71374 1.65972 1.54986 1.43847 1.34525 1.57912 1.93089
2.04215 2.05269 2.05345 2.05345 2.05345 2.05345 2.05345 2.05345 2.05345 2.05345 2.05345 2.02392 1.94465 1.86459 1.78556 1.78510 2.13498 2.16897 2.16897 2.16897 2.26227 2.36832 2.36832 2.34055 2.22978 2.11322 1.98806 1.85517 1.81425 1.79540 1.78438 1.78406 1.78406 1.78406 1.78406 1.79058 2.16248 2.19507 2.19507 2.19507 2.16552 2.04963 1.70094 1.34800 1.10046 1.09308 1.42169 1.46164 1.46164 1.46164 1.46164 1.46164 1.46164 1.46164 1.46164 1.57895 1.71202 1.61933 1.50759 1.39582 1.30027 1.24253 1.24060 1.24060 1.24060 1.34090 1.93075
2.05345 2.05345 2.05345 2.05345 2.05345 2.05345 2.05345 2.04092 1.96865 1.88861 1.80854 1.75804 1.75724 1.75724 1.75724 1.76691 2.02269 2.16897 2.16897 2.13234 2.08062 2.08052 1.96041 1.84757 1.81838 1.79881 1.78529 1.78406 1.78406 1.78406 1.78406 1.78406 1.78406 1.78406 1.78406 1.78406 2.00849 2.06067 1.91882 1.77707 1.66467 1.64985 1.14016 1.09134 1.09134 1.09134 1.30641 1.46164 1.46164 1.46164 1.46164 1.46164 1.44477 1.40257 1.36008 1.32724 1.26045 1.24060 1.24060 1.24060 1.24060 1.24060 1.24060 1.24060 1.24060 1.24060 1.81791
2.05345 2.05345 2.05345 2.05076 1.99261 1.91254 1.83251 1.76497 1.75724 1.75724 1.75724 1.75724 1.75724 1.75724 1.75632 1.72694 1.77598 1.95526 1.87644 1.76092 1.64246 1.76897 1.78680 1.78406 1.78406 1.78406 1.78406 1.78406 1.78406 1.78406 1.78406 1.78406 1.78115 1.71319 1.61855 1.52403 1.50637 1.65572 1.65572 1.65572 1.65572 1.65572 1.31134 1.09134 1.09134 1.09134 1.18977 1.46164 1.44810 1.40648 1.36406 1.32156 1.29599 1.29575 1.29575 1.29575 1.25056 1.24060 1.24060 1.24060 1.24060 1.24060 1.24814 1.35197 1.48481 1.61770 1.86535
2.01657 1.93657 1.85650 1.77916 1.75724 1.75724 1.75724 1.75724 1.75724 1.75724 1.75459 1.72058 1.67763 1.63465 1.59261 1.53743 1.36744 1.53765 1.44405 1.40068 1.40068 1.63550 1.78406 1.78406 1.78406 1.78406 1.78406 1.78406 1.78395 1.73174 1.63728 1.54268 1.45103 1.42449 1.42449 1.42449 1.43760 1.65230 1.65572 1.65572 1.65572 1.65572 1.48838 1.09134 1.08546 1.05837 1.03617 1.30411 1.29659 1.29575 1.29575 1.29575 1.29575 1.29575 1.29575 1.29575 1.26496 1.24060 1.24466 1.34032 1.47316 1.60606 1.73136 1.76052 1.76052 1.76052 1.81096
1.75730 1.75724 1.75724 1.75724 1.75724 1.75724 1.75195 1.71438 1.67141 1.62843 1.58813 1.56197 1.45656 1.33869 1.22081 1.14466 1.11314 1.27017 1.40068 1.40068 1.40068 1.51335 1.78406 1.78406 1.78406 1.74947 1.65584 1.56142 1.46692 1.42449 1.42449 1.42449 1.42449 1.42449 1.42449 1.42449 1.42449 1.58532 1.65572 1.65572 1.65287 1.62834 1.58178 1.03322 0.982828 0.980917 0.980917 1.18119 1.29575 1.29575 1.29575 1.29575 1.29575 1.29575 1.29832 1.42778 1.58966 1.59436 1.72319 1.76052 1.76052 1.76052 1.76052 1.76052 1.76052 1.76052 1.76185
