High_resolution/powerplant/Fengdu/OMI_NO2_200505.asc
ncols      200
nrows      200
xllcorner       105.978
yllcorner       28.1831
cellsize     0.0166667
NODATA_Value      -999.000
[rows 87 to 115 of 200, columns 67 to 133 of 200]
3.45539 3.43215 3.43215 3.43215 3.43215 3.43215 3.43215 2.54551 1.97807 1.97807 1.97807 1.97807 1.97807 1.90147 1.84826 1.84826 1.86084 1.97008 2.09956 2.22857 2.35796 2.48767 2.60621 2.62965 2.62965 2.63767 2.78967 2.99413 3.16014 2.93741 2.96312 2.96312 2.96312 2.43612 2.19818 2.19818 2.19818 2.19818 2.19818 2.19818 2.19818 2.19818 2.19818 2.19687 1.54422 1.46807 1.46807 1.46807 1.46807 1.46807 1.46807 1.46807 1.46807 1.46807 1.46807 1.46330 1.39407 1.35819 1.35644 1.49543 1.57006 1.57006 1.57006 1.57006 1.57006 1.57006 1.57006
3.43215 3.43215 3.43215 3.43215 3.43215 3.43215 3.43215 3.01740 1.97807 1.97807 1.98236 2.02681 2.06947 2.10738 2.36343 2.49291 2.60926 2.62965 2.62965 2.62965 2.62965 2.63043 2.74943 2.95412 3.15866 3.35519 3.40795 3.40795 3.40795 3.04645 2.96312 2.96312 2.96312 2.68084 2.19818 2.19818 2.19818 2.19818 2.19818 2.19818 2.19818 2.19818 2.19818 2.19818 1.73835 1.46807 1.46807 1.46807 1.46807 1.46807 1.46807 1.46558 1.40224 1.31251 1.22277 1.13787 1.11739 1.16983 1.40344 1.54857 1.57006 1.57006 1.57006 1.57006 1.57006 1.57006 1.57006
3.43215 3.43215 3.43215 3.43215 3.42860 3.31697 3.18918 3.06821 2.17972 2.14617 2.16314 2.16644 2.16644 2.16653 2.57147 2.62965 2.62965 2.62965 2.71052 2.91420 3.11858 3.32249 3.40795 3.40795 3.40795 3.40795 3.40795 3.40795 3.40795 3.16614 2.96312 2.96312 2.96312 2.91080 2.21287 2.19818 2.19818 2.19818 2.19818 2.19818 2.19818 2.19818 2.19818 2.19818 1.93386 1.46807 1.46807 1.46712 1.41027 1.32061 1.23540 1.23231 1.31897 1.43200 1.54496 1.65800 1.77103 1.84102 1.93999 1.91168 1.57006 1.57006 1.57006 1.57006 1.57006 1.57006 1.57006
3.20842 3.10625 3.02600 2.96121 2.90877 2.89348 2.89348 2.89348 2.43072 2.16644 2.16644 2.16644 2.16644 2.16644 2.49488 2.87396 3.07857 3.28319 3.40678 3.40795 3.40795 3.40795 3.40795 3.40795 3.40795 3.40795 3.40795 3.40795 3.40795 3.28580 2.96312 2.96312 2.96312 2.96312 2.40508 2.19818 2.19818 2.19818 2.19818 2.19818 2.19818 2.19818 2.19818 2.19808 2.07260 1.46357 1.48721 1.51138 1.59155 1.70451 1.81298 1.84197 1.84197 1.84197 1.84197 1.84197 1.84197 1.84197 1.89786 1.96761 1.59283 1.57006 1.57006 1.57006 1.57006 1.57006 1.57006
2.89348 2.89348 2.89348 2.89348 2.89348 2.89348 2.89348 2.89348 2.66675 2.16644 2.19181 2.37059 2.57536 2.77989 3.08844 3.40795 3.40795 3.40795 3.40795 3.40795 3.40795 3.40795 3.40795 3.40795 3.40795 3.40795 3.40795 3.40795 3.40795 3.39176 2.97691 2.96312 2.96312 2.96312 2.64980 2.19818 2.19818 2.19818 2.18963 2.16821 2.10511 1.99385 1.88270 1.77164 1.71478 1.81975 1.84197 1.84197 1.84197 1.84197 1.84197 1.84197 1.84197 1.84197 1.84197 1.84197 1.84197 1.84197 1.85635 1.97463 1.73473 1.57006 1.57006 1.57006 1.57006 1.57006 1.57006
2.89348 2.89348 2.89348 2.89348 2.89348 2.89348 2.89137 2.83359 2.69602 2.72069 2.91905 2.94474 2.94474 2.94474 2.97707 3.40294 3.40795 3.40795 3.40795 3.40795 3.40795 3.40795 3.40795 3.40795 3.40795 3.40795 3.40795 3.40795 3.40795 3.40795 3.08033 2.96298 2.95000 2.92845 2.83232 2.12635 2.06482 1.95432 1.85161 1.76179 1.71371 1.71364 1.71364 1.71364 1.71364 1.78564 1.84197 1.84197 1.84197 1.84197 1.84197 1.84197 1.84197 1.84197 1.84197 1.84197 1.84197 1.84197 1.84197 1.94684 1.84668 1.57006 1.57006 1.57006 1.57006 1.57006 1.57006
2.89348 2.89348 2.89348 2.85918 2.76320 2.62834 2.43257 2.35481 2.35481 2.82587 2.94474 2.94474 2.94474 2.94474 2.94474 3.30938 3.40795 3.40795 3.40795 3.40795 3.40795 3.40795 3.40795 3.40795 3.40795 3.40848 3.42951 3.46114 3.49264 3.52421 3.23122 2.83777 2.75997 2.49390 2.21575 1.80452 1.71437 1.71364 1.71364 1.71364 1.71364 1.71364 1.71364 1.71364 1.71364 1.75141 1.84197 1.84197 1.84197 1.84197 1.84197 1.84197 1.84197 1.84197 1.84197 1.84197 1.84197 1.84197 1.84197 1.90470 1.92552 1.57006 1.57006 1.57006 1.57006 1.57006 1.57006
2.84437 2.67404 2.49598 2.35524 2.35481 2.35481 2.35481 2.35481 2.35481 2.65522 2.94474 2.94474 2.94474 2.94474 2.94474 3.18343 3.40795 3.40795 3.40795 3.40871 3.43060 3.46219 3.49365 3.52532 3.55672 3.58788 3.59827 3.59827 3.56183 3.31652 2.88591 1.99117 1.78221 1.77003 1.77003 1.74466 1.71364 1.71364 1.71364 1.71364 1.71364 1.71364 1.71364 1.71364 1.71364 1.71995 1.83932 1.84197 1.84197 1.84197 1.84197 1.84197 1.84197 1.84197 1.84197 1.84197 1.84197 1.84197 1.85139 1.94299 2.11192 1.72954 1.57006 0.00000 0.00000 0.00000 0.00000
3.05744 2.35481 2.35481 2.35481 2.35481 2.35481 2.35481 2.35481 2.35481 2.41131 2.93523 2.94474 2.94474 2.94333 2.88978 2.95930 3.49477 3.52625 3.55786 3.58862 3.59827 3.59827 3.59827 3.59827 3.58418 3.37022 3.09207 2.81381 2.57210 2.53905 2.53328 1.83034 1.77003 1.77003 1.77003 1.76265 1.71371 1.71364 1.71364 1.71364 1.71364 1.71364 1.71364 1.71364 1.71364 1.71364 1.81144 1.84197 1.84197 1.84197 1.84197 1.84197 1.84197 1.84197 1.84845 1.91471 2.01847 2.16459 2.34952 2.38048 2.35529 2.21376 0.00000 0.00000 0.00000 0.00000 0.00000
3.77203 2.35481 2.35481 2.35481 2.35481 2.35481 2.35481 2.35481 2.26939 2.10958 2.59995 2.66226 2.58236 2.50381 2.47746 2.50133 3.54268 3.59827 3.59827 3.59827 3.59605 3.42403 3.14577 2.86752 2.60345 2.53905 2.53905 2.53905 2.53905 2.53905 2.53905 2.03150 1.77003 1.77003 1.77003 1.77003 1.72431 1.71364 1.71364 1.71364 1.71364 1.71364 1.71364 1.71364 1.71364 1.71364 1.77729 1.84197 1.84197 1.84197 1.84609 1.90707 2.00808 2.14951 2.26274 2.14419 1.98622 1.82825 1.67039 1.51232 1.37954 1.36461 0.00000 0.00000 0.00000 0.00000 0.00000
4.48714 2.35481 2.29303 2.13434 1.97453 1.81454 1.65482 1.49492 1.42024 1.42024 1.99410 2.47746 2.47746 2.47746 2.47746 2.47746 3.26180 3.47709 3.19937 2.92122 2.64529 2.53905 2.53905 2.53905 2.53905 2.53905 2.53905 2.53905 2.53905 2.53905 2.53905 2.23836 1.77003 1.77003 1.77003 1.77003 1.74237 1.71364 1.71364 1.71364 1.71364 1.71364 1.71364 1.71364 1.71364 1.71364 1.74498 1.89172 1.90356 1.89990 1.88611 1.76019 1.60222 1.44415 1.36461 1.36461 1.36461 1.36461 1.36461 1.36461 1.36461 1.36461 0.00000 0.00000 0.00000 0.00000 0.00000
4.43705 1.79681 1.42137 1.42024 1.42024 1.42024 1.42024 1.42024 1.42024 1.42024 1.55654 2.46710 2.47746 2.40130 2.13226 1.85411 2.05545 2.53969 2.53905 2.53905 2.53905 2.53905 2.53905 2.53905 2.53905 2.53905 2.53905 2.53905 2.53905 2.53905 2.53905 2.44508 1.77026 1.77003 1.77003 1.77003 1.76038 1.71364 1.71364 1.71364 1.71364 1.70892 1.68910 1.70066 1.73751 1.78867 1.85745 1.41693 1.36461 1.36461 1.36461 1.36461 1.36461 1.36461 1.36461 1.36461 1.36461 1.36461 1.36461 1.36461 1.36461 1.36461 1.36461 0.00000 0.00000 0.00000 0.00000
4.24753 2.46055 1.42024 1.42024 1.42024 1.42024 1.42024 1.42024 1.42024 1.55920 2.33481 2.17948 1.62955 1.42756 1.41824 1.41824 1.59320 2.53905 2.53905 2.53905 2.53905 2.53905 2.53905 2.53905 2.53905 2.53905 2.53905 2.53905 2.53905 2.53905 2.53905 2.53905 1.88308 1.77003 1.77003 1.76184 1.74023 1.67049 1.64044 1.64392 1.67115 1.71578 1.80893 1.85342 1.85342 1.85342 1.85342 1.51252 1.36461 1.36461 1.36461 1.36461 1.36461 1.36461 1.36461 1.36461 1.36461 1.36461 1.36461 1.36461 1.36461 1.36461 1.36461 0.00000 0.00000 0.00000 0.00000
4.24753 3.23366 1.42024 1.42024 1.42024 1.44298 2.10504 2.77656 3.23827 3.53879 3.57619 2.70876 1.41824 1.41824 1.41824 1.41824 1.41914 2.40848 2.53905 2.53905 2.53905 2.53905 2.53905 2.53905 2.53905 2.53905 2.53905 2.53905 2.53905 2.49324 2.38231 2.24925 1.81263 1.67036 1.64859 1.64820 1.68540 1.72063 1.80008 1.85342 1.85342 1.85342 1.85342 1.85342 1.85342 1.85342 1.85342 1.64276 1.36461 1.36461 1.36461 1.36461 1.36461 1.36461 1.36461 1.36461 1.36461 1.36461 1.36461 1.36461 1.36461 1.36461 1.36461 0.00000 0.00000 0.00000 0.00000
4.24753 3.99145 1.85873 2.60395 3.11665 3.47850 3.57619 3.57619 3.57619 3.57619 3.57619 3.38476 1.44176 1.41824 1.41824 1.41824 1.41824 2.10463 2.53905 2.53905 2.53905 2.53905 2.53905 2.49044 2.37982 2.24506 2.07988 1.87009 1.59635 1.41623 1.41623 1.41623 1.55580 1.72585 1.79659 1.85315 1.85342 1.85342 1.85342 1.85342 1.85342 1.85342 1.85342 1.85342 1.85342 1.85342 1.85342 1.77291 1.36461 1.36461 1.36461 1.36461 1.36461 1.36461 1.36461 1.36461 1.36461 1.36461 1.36461 1.36461 1.36461 1.36461 1.36461 1.36461 0.00000 0.00000 0.00000
4.78538 4.92449 3.84030 3.57619 3.57619 3.57619 3.57619 3.57619 3.57619 3.57619 3.57619 3.57619 1.95085 1.41824 1.41824 1.41824 1.41824 1.84492 2.37630 2.24202 2.07485 1.86435 1.58891 1.41623 1.41623 1.41623 1.41623 1.41623 1.41623 1.41623 1.41623 1.41623 1.85342 1.85342 1.85342 1.85342 1.85342 1.85342 1.85342 1.85342 1.85342 1.85342 1.85342 1.85342 1.85342 1.85342 1.85342 1.85254 1.41507 1.36461 1.36461 1.36461 1.36461 1.36461 1.36461 1.36461 1.36461 1.36461 1.36461 1.36461 1.36461 1.36461 1.36461 1.36461 0.00000 0.00000 0.00000
4.98983 4.98983 4.22774 3.57619 3.57619 3.57619 3.57619 3.57619 3.57619 3.57619 3.57619 3.66505 2.98825 2.00692 2.25823 2.50983 2.76113 2.82772 1.43929 1.41623 1.41623 1.41623 1.41623 1.41623 1.41623 1.41623 1.41623 1.41623 0.00000 0.00000 0.00000 0.00000 0.00000 1.85342 1.85342 1.85342 1.85342 1.85342 1.85342 1.85342 1.85342 1.85342 1.85342 1.85342 1.85342 1.85342 1.85342 1.85342 1.54449 1.36461 1.36461 1.36461 1.36461 1.36461 1.36461 1.36461 1.36461 1.36461 1.36461 1.36461 1.36461 1.36461 1.36461 1.36461 0.00000 0.00000 0.00000
4.98983 4.98983 4.61395 3.57619 3.57619 3.63494 3.87376 4.12507 4.37652 4.62798 4.87928 5.04188 4.80866 2.89801 2.88701 2.88701 2.88701 2.88701 1.90914 1.41623 1.41623 1.41623 1.41623 1.41623 0.00000 0.00000 0.00000 0.00000 0.00000 0.00000 0.00000 0.00000 0.00000 1.85342 1.85342 1.85342 1.85342 1.85342 1.85342 1.85342 1.85342 1.85342 1.85342 1.85342 1.85342 1.85342 1.85342 1.85342 1.67464 1.36461 1.36461 1.36461 1.36461 1.36461 1.36461 1.36461 1.36461 1.36461 0.00000 0.00000 0.00000 0.00000 0.00000 0.00000 0.00000 0.00000 0.00000
4.93087 4.86695 4.76087 4.57231 4.83963 5.03248 5.04496 5.04496 5.04496 5.04496 5.04496 5.04496 5.04496 3.36207 2.88701 2.88701 2.98439 3.23955 3.10401 1.41623 0.00000 0.00000 0.00000 0.00000 0.00000 0.00000 0.00000 0.00000 0.00000 0.00000 0.00000 0.00000 0.00000 1.85342 1.85342 1.85342 1.85342 1.85342 1.85342 1.85342 1.85342 1.85342 1.85342 1.85342 1.85342 1.85342 1.85342 1.85342 1.77657 1.36461 1.36461 0.00000 0.00000 0.00000 0.00000 0.00000 0.00000 0.00000 0.00000 0.00000 0.00000 0.00000 0.00000 0.00000 0.00000 0.00000 0.00000
4.62746 4.62746 4.62746 4.92736 5.04496 5.04496 5.04496 5.04496 5.04496 5.04496 5.04496 5.04496 4.94010 3.99208 3.51584 3.99994 4.35749 4.35778 4.35778 0.00000 0.00000 0.00000 0.00000 0.00000 0.00000 0.00000 0.00000 0.00000 0.00000 0.00000 0.00000 0.00000 0.00000 1.85342 1.85342 1.85342 1.85342 1.85342 1.85342 1.85342 1.85342 1.85342 1.85342 1.85342 1.85342 0.00000 0.00000 0.00000 0.00000 0.00000 0.00000 0.00000 0.00000 0.00000 0.00000 0.00000 0.00000 0.00000 0.00000 0.00000 0.00000 0.00000 0.00000 0.00000 0.00000 0.00000 0.00000
4.62746 4.62746 4.62746 4.81328 5.04496 5.04496 5.04496 5.04496 5.00715 4.68581 4.30614 3.92661 3.65181 3.69176 4.35649 4.35778 4.35778 4.35778 4.35778 4.35778 0.00000 0.00000 0.00000 0.00000 0.00000 0.00000 0.00000 0.00000 0.00000 0.00000 0.00000 0.00000 0.00000 0.00000 1.85342 1.85342 1.85342 1.85342 1.85342 0.00000 0.00000 0.00000 0.00000 0.00000 0.00000 0.00000 0.00000 0.00000 0.00000 0.00000 0.00000 0.00000 0.00000 0.00000 0.00000 0.00000 0.00000 0.00000 0.00000 0.00000 0.00000 0.00000 0.00000 0.00000 0.00000 0.00000 0.00000
4.62746 4.62746 4.62746 4.69907 5.04074 4.79841 4.41888 4.03935 3.69749 3.63930 3.63930 3.63930 3.63930 3.63930 4.13406 4.35778 4.35778 4.35778 4.35778 4.35778 0.00000 0.00000 0.00000 0.00000 0.00000 0.00000 0.00000 0.00000 0.00000 0.00000 0.00000 0.00000 0.00000 0.00000 0.00000 0.00000 0.00000 0.00000 0.00000 0.00000 0.00000 0.00000 0.00000 0.00000 0.00000 0.00000 0.00000 0.00000 0.00000 0.00000 0.00000 0.00000 0.00000 0.00000 0.00000 0.00000 0.00000 0.00000 0.00000 0.00000 0.00000 0.00000 0.00000 0.00000 0.00000 0.00000 0.00000
4.62746 4.48956 4.11411 3.73550 3.73319 3.63930 3.63930 3.63930 3.63930 3.63930 3.63930 3.63930 3.63930 3.63930 3.87599 4.35778 4.35778 4.35778 4.35778 4.35778 0.00000 0.00000 0.00000 0.00000 0.00000 0.00000 0.00000 0.00000 0.00000 0.00000 0.00000 0.00000 0.00000 0.00000 0.00000 0.00000 0.00000 0.00000 0.00000 0.00000 0.00000 0.00000 0.00000 0.00000 0.00000 0.00000 0.00000 0.00000 0.00000 0.00000 0.00000 0.00000 0.00000 0.00000 0.00000 0.00000 0.00000 0.00000 0.00000 0.00000 0.00000 0.00000 0.00000 0.00000 0.00000 0.00000 0.00000
3.46764 3.22601 3.22179 3.22179 3.48257 3.63930 3.63930 3.63930 3.63930 3.63930 3.63930 3.63930 3.63930 3.63930 3.69257 4.35778 4.35778 4.35778 4.35778 4.35778 0.00000 0.00000 0.00000 0.00000 0.00000 0.00000 0.00000 0.00000 0.00000 0.00000 0.00000 0.00000 0.00000 0.00000 0.00000 0.00000 0.00000 0.00000 0.00000 0.00000 0.00000 0.00000 0.00000 0.00000 0.00000 0.00000 0.00000 0.00000 0.00000 0.00000 0.00000 0.00000 0.00000 0.00000 0.00000 0.00000 0.00000 0.00000 0.00000 0.00000 0.00000 0.00000 0.00000 0.00000 0.00000 3.81617 3.81617
3.22179 3.22179 3.22179 3.22179 3.36834 3.63930 3.63930 3.63930 3.62991 3.56824 3.48610 3.38495 3.25741 3.09128 2.93080 2.92081 0.00000 0.00000 0.00000 0.00000 0.00000 0.00000 0.00000 0.00000 0.00000 0.00000 0.00000 0.00000 0.00000 0.00000 0.00000 0.00000 0.00000 0.00000 0.00000 0.00000 0.00000 0.00000 0.00000 0.00000 0.00000 0.00000 0.00000 0.00000 0.00000 0.00000 0.00000 0.00000 0.00000 0.00000 0.00000 0.00000 0.00000 0.00000 0.00000 0.00000 0.00000 0.00000 0.00000 0.00000 0.00000 0.00000 0.00000 0.00000 0.00000 3.81617 3.81617
3.22179 3.22179 3.20727 2.98156 2.72621 3.39001 3.28083 3.12210 2.94524 2.92081 2.92081 2.92081 2.92081 2.92081 2.92081 2.92081 0.00000 0.00000 0.00000 0.00000 0.00000 0.00000 0.00000 0.00000 0.00000 0.00000 0.00000 0.00000 0.00000 0.00000 0.00000 0.00000 0.00000 0.00000 0.00000 0.00000 0.00000 0.00000 0.00000 0.00000 0.00000 0.00000 0.00000 0.00000 0.00000 0.00000 0.00000 0.00000 0.00000 0.00000 0.00000 0.00000 0.00000 0.00000 0.00000 0.00000 0.00000 0.00000 0.00000 0.00000 0.00000 0.00000 0.00000 0.00000 0.00000 3.81617 3.81617
2.19611 1.90146 1.62150 1.55239 1.55239 2.47421 2.92081 2.92081 2.92081 2.92081 2.92081 2.92081 2.92081 2.92081 2.92081 2.92081 0.00000 0.00000 0.00000 0.00000 0.00000 0.00000 0.00000 0.00000 0.00000 0.00000 0.00000 0.00000 0.00000 0.00000 0.00000 0.00000 0.00000 0.00000 0.00000 0.00000 0.00000 0.00000 0.00000 0.00000 0.00000 0.00000 0.00000 0.00000 0.00000 0.00000 0.00000 0.00000 0.00000 0.00000 0.00000 0.00000 0.00000 0.00000 0.00000 0.00000 0.00000 0.00000 0.00000 0.00000 0.00000 0.00000 0.00000 0.00000 0.00000 3.81617 3.81617
1.55239 1.55239 1.55239 1.55239 1.55239 2.04919 2.92081 2.92081 2.92081 2.92081 2.92081 2.92081 2.92081 2.92081 2.92081 0.00000 0.00000 0.00000 0.00000 0.00000 0.00000 0.00000 0.00000 0.00000 0.00000 0.00000 0.00000 0.00000 0.00000 0.00000 0.00000 0.00000 0.00000 0.00000 0.00000 0.00000 0.00000 0.00000 0.00000 0.00000 0.00000 0.00000 0.00000 0.00000 0.00000 0.00000 0.00000 0.00000 0.00000 0.00000 0.00000 0.00000 0.00000 0.00000 0.00000 0.00000 0.00000 0.00000 0.00000 0.00000 0.00000 0.00000 0.00000 0.00000 0.00000 0.00000 3.81617
1.55239 1.55239 1.55239 1.55239 1.55239 1.75732 2.92081 2.92081 2.92081 2.92081 2.92081 2.92081 0.00000 0.00000 0.00000 0.00000 0.00000 0.00000 0.00000 0.00000 0.00000 0.00000 0.00000 0.00000 0.00000 0.00000 0.00000 0.00000 0.00000 0.00000 0.00000 0.00000 0.00000 0.00000 0.00000 0.00000 0.00000 0.00000 0.00000 0.00000 0.00000 0.00000 0.00000 0.00000 0.00000 0.00000 0.00000 0.00000 0.00000 0.00000 0.00000 0.00000 0.00000 0.00000 0.00000 0.00000 0.00000 0.00000 0.00000 0.00000 0.00000 0.00000 0.00000 0.00000 0.00000 0.00000 3.81617
