High_resolution/powerplant/Fengdu/OMI_NO2_200805.asc
ncols      200
nrows      200
xllcorner       105.978
yllcorner       28.1831
cellsize     0.0166667
NODATA_Value      -999.000
[rows 120 to 149 of 200, columns 0 to 65 of 200]
12.1557 12.1557 12.1557 12.1582 12.5351 12.5489 12.5489 12.6400 11.5364 12.5768 13.9454 15.3177 16.5491 16.7655 16.8223 16.8790 18.7881 19.4553 19.4048 19.3754 19.4255 19.4860 19.5729 19.9366 20.1042 20.2169 20.3279 20.4388 19.8982 19.2392 17.7686 16.4315 15.4006 11.5851 11.2357 11.2357 11.2357 11.2357 10.3077 9.97000 9.99768 10.0254 10.0245 8.87495 8.53728 6.19213 5.66763 4.92332 4.92332 4.90317 3.88280 3.80761 3.80761 3.58597 3.52646 3.55932 3.59361 3.07259 2.89766 2.94099 3.01387 2.84015 2.53334 2.54876 2.46815 2.49236
12.1557 12.1557 12.1557 12.1557 12.4842 12.5081 11.9928 13.7907 16.5792 16.8790 16.9358 16.9877 17.0011 17.0577 17.1724 17.4137 18.5108 19.5720 19.6939 19.8634 19.9786 20.0896 20.2005 20.4732 20.7346 20.7363 20.7363 20.7363 20.3601 19.6470 18.1114 16.9514 15.4518 12.8703 11.2432 11.2699 11.2976 11.3253 10.7510 10.0414 10.0414 10.0414 10.0414 9.12464 8.80854 6.67830 5.93824 4.67690 4.49964 4.31414 4.09324 4.08004 4.11372 3.98519 3.87860 3.91181 3.94496 3.61571 3.16515 3.17198 3.17198 3.10810 2.62527 2.62482 2.50645 2.53706
4.25840 9.67087 9.67124 9.10279 9.56693 9.85481 9.78542 10.4622 16.3008 16.0919 15.9757 16.3704 17.8397 18.1746 18.4661 18.6643 19.1292 20.3116 20.3843 20.3859 20.3859 20.3859 20.3859 20.4356 20.7363 20.7363 20.7363 20.7363 20.6332 19.7674 18.6033 17.2717 15.3591 14.0201 11.3429 11.3439 11.3439 11.3421 11.0396 9.90471 9.82486 9.71957 9.47577 8.56070 7.72479 6.88775 5.74410 4.44467 4.19977 4.15974 4.06451 3.89737 3.86876 3.89746 4.01605 4.01605 4.01605 3.91488 3.16679 3.10541 3.04169 3.02172 2.87906 2.98538 2.98135 2.97056
4.25840 6.32830 8.20706 8.20706 8.60631 8.93899 8.36785 8.11094 11.7297 13.1565 14.2479 16.1033 18.8942 19.1673 19.1673 19.1673 19.1768 20.2916 20.3859 20.3859 20.3859 20.3859 20.3859 20.3411 20.7185 20.7363 20.7289 20.6376 20.5229 19.6120 18.5898 17.1775 15.4882 14.6976 11.1821 10.9172 10.8372 10.6803 10.4630 9.08206 8.76388 8.57580 8.51017 7.87381 6.72000 6.24266 5.52086 4.64922 4.05665 4.05665 4.04397 3.87083 3.84292 3.77506 3.84085 3.78224 3.69344 3.44477 2.87971 2.87026 2.92769 2.93736 3.05633 3.13770 3.12176 3.13854
4.18871 4.44146 7.23274 7.11459 7.15679 8.43807 8.64443 8.67052 10.7133 13.6289 13.8472 16.1994 18.0805 19.1673 19.1673 19.1673 19.1673 19.9729 20.3859 20.3859 20.3859 20.3859 20.3844 20.3026 20.3784 20.4307 20.3234 20.2999 20.2999 19.7791 18.6887 17.0118 15.5760 14.2656 11.4840 9.93561 9.63748 9.38588 9.02415 8.13014 7.54156 7.22025 6.91465 6.70287 5.73356 5.70015 5.35472 4.71044 3.89563 3.83933 3.78289 3.52757 3.39936 3.23116 3.11528 2.94827 2.75247 2.71651 2.80287 2.92162 2.92162 2.92162 2.98872 3.12437 3.17751 3.31475
3.85668 3.85537 7.04634 7.60262 7.60262 8.51394 8.67052 8.67052 9.23685 13.4311 13.6645 15.5974 17.2404 19.1673 19.1673 19.1673 19.1673 19.6444 20.3859 20.3324 20.2176 20.1029 19.9898 19.9493 19.9839 20.2228 20.1814 20.0578 19.8188 19.0880 17.7146 15.7026 14.3349 12.2927 10.6659 7.91544 7.59380 7.30521 7.23156 6.88073 6.26254 6.08959 5.91675 5.74390 4.96195 4.70512 4.16629 3.98146 3.68475 3.55968 3.38844 3.04803 2.61676 2.56910 2.62967 2.71651 2.71651 2.71651 2.74551 2.92162 2.92162 2.92162 2.93714 3.12291 3.13759 3.31397
3.85537 3.85537 6.13788 7.60262 7.60262 8.29887 8.67052 8.67052 8.67052 12.4746 13.6608 14.8052 16.4309 19.1143 19.1514 19.1143 18.9995 19.0311 19.9821 19.9182 19.9164 19.9459 19.9892 20.0322 19.4456 18.5554 18.0882 17.6178 16.9997 16.5892 15.3943 14.0211 12.9919 11.1194 10.5247 6.92587 6.66192 6.48907 6.31612 6.05633 5.34722 5.34722 5.34722 5.34722 4.88775 4.57326 4.10928 3.54986 3.12944 3.01703 3.01703 2.94930 2.56910 2.56910 2.59111 2.71651 2.71651 2.71651 2.71665 2.88671 2.92162 2.92162 2.92162 3.08530 3.12437 3.28633
3.85537 3.85537 5.07952 7.60262 7.60262 8.04542 8.62802 8.62433 8.62065 10.9301 13.6205 13.9648 16.0715 18.2073 18.7722 18.7246 18.7676 18.8140 19.8994 20.1187 19.9365 19.6141 19.1914 18.5064 17.6310 16.2666 15.8768 15.5845 15.5148 15.4601 14.8159 13.8224 12.9402 10.8987 9.86258 7.18064 6.12868 6.12868 6.12868 6.12868 5.45212 5.27791 5.15560 5.03314 4.60548 4.17473 3.98217 3.34261 3.16457 3.01703 3.01703 3.01634 2.63269 2.56910 2.56918 2.69983 2.71651 2.71651 2.71651 2.81577 2.92162 2.92162 2.90914 2.99556 3.06345 3.16037
3.85537 3.85537 4.01014 7.49881 7.60262 7.78713 8.61772 8.61772 8.61856 9.33923 13.2845 13.3225 15.5100 17.3885 18.9521 18.9273 18.6375 18.2149 18.2406 18.0515 17.5752 17.1958 16.8633 16.7905 16.6418 15.4658 15.2948 15.2519 15.2487 15.2487 14.9038 14.0081 13.1084 11.6225 9.86258 8.35894 6.12868 6.07023 5.94797 5.82551 5.23405 4.86852 4.86852 4.86852 4.71299 4.17473 4.09920 3.44591 3.24402 2.90478 2.75538 2.60599 2.52082 2.56910 2.56910 2.65807 2.69593 2.67777 2.65959 2.67639 2.79728 2.77307 2.76130 2.81882 2.96406 3.04450
3.85537 3.85537 3.85537 6.78949 7.67168 7.72089 8.68347 8.78163 8.81701 8.82818 12.5864 13.4677 14.6167 15.7683 17.0688 16.4081 16.0204 15.7677 16.0853 16.6797 16.6253 16.5831 16.5803 16.5803 16.5803 15.5823 15.2487 15.2487 15.2487 15.2487 15.1476 14.3006 13.2866 12.1171 8.83067 7.77187 5.72350 5.64997 5.64997 5.64997 5.38772 4.86045 4.82643 4.78913 4.70320 3.84165 3.63965 3.13824 2.70647 2.37827 2.38753 2.40637 2.48184 2.67635 2.69995 2.67372 2.59628 2.59628 2.59628 2.59778 2.74395 2.76027 2.70783 2.63654 2.73487 2.69616
4.05671 4.11704 4.17741 6.11658 7.86570 7.86570 8.58296 8.83491 8.83799 8.84028 11.2701 13.5172 13.7672 14.6060 15.7145 15.8517 15.8540 15.8540 15.8974 16.5696 16.5803 16.5803 16.5803 16.5803 16.5803 15.8932 15.2487 15.2487 15.2487 15.0723 14.2145 12.5725 10.9370 9.82734 7.33779 6.84920 5.87689 5.56569 5.54158 5.51615 5.35073 4.36989 4.23790 4.12690 4.04529 3.40951 3.16983 3.01393 2.78859 2.56175 2.47943 2.47943 2.48629 2.70901 2.72050 2.69724 2.53085 2.47031 2.40998 2.34647 2.31564 2.27279 2.24413 2.23973 2.36640 2.40761
4.20614 4.20614 4.20435 5.01328 7.88607 7.92750 8.46927 8.93721 8.96731 8.99814 9.88935 13.6046 13.6190 14.5670 15.4032 15.8540 15.8540 15.8540 15.8540 16.4176 16.5803 16.5803 16.5803 16.5803 16.5803 16.0780 14.4400 13.4701 12.5447 11.7964 11.7288 11.2565 10.8091 10.5472 8.27410 6.84838 6.08139 5.11087 4.89553 4.68051 4.52274 4.04741 3.89240 3.78746 3.68022 3.10868 2.74281 2.74053 2.78104 2.60357 2.38908 2.33776 2.28645 2.35257 2.35098 2.29481 2.16743 2.12808 2.10857 2.09240 2.10694 2.15954 2.15502 2.15430 2.24062 2.32781
4.16297 4.16214 4.16316 4.18989 7.79262 8.08555 8.35590 9.00407 9.00407 9.00407 9.00813 13.0269 13.6088 14.2621 15.0604 15.8540 15.8540 15.8540 15.8540 16.2219 16.5803 16.5564 15.9084 14.9827 14.0580 13.0089 11.8702 11.7288 11.7288 11.7072 11.6281 11.1963 10.2080 9.79235 8.08080 5.55121 5.12934 3.78039 3.63184 3.48438 3.34961 3.16075 3.00605 2.92726 2.83009 2.68398 2.49262 2.43602 2.36537 2.27780 2.11523 2.11383 2.10304 2.14132 2.21873 2.20555 2.13225 2.07981 2.07981 2.07981 2.08197 2.15048 2.15430 2.15430 2.19515 2.32781
4.17321 4.17321 4.17321 4.17321 6.90096 8.08555 8.13350 8.99153 9.00407 9.00407 9.00407 11.7089 13.4838 13.6454 14.2034 14.9577 14.6975 14.4751 14.9228 14.0927 13.6196 12.6177 12.2406 12.1399 12.0615 11.9867 11.4257 10.6813 10.3231 9.98621 9.64397 9.24300 8.45683 8.33392 7.77335 4.62969 4.54787 3.35098 3.04987 2.99327 2.93664 2.81060 2.57699 2.55872 2.55872 2.53044 2.35058 2.34979 2.33137 2.29527 2.09251 2.06799 2.06626 2.07893 2.20362 2.20404 2.16473 2.07981 2.07981 2.07981 2.07981 2.12638 2.15430 2.15430 2.15789 2.31958
4.17321 4.17321 4.17321 4.17321 5.85664 8.03295 7.97352 7.99538 7.81336 7.66788 7.52961 8.49637 11.4818 11.4399 11.9214 11.9495 11.3943 10.6018 10.7557 10.9737 11.6904 11.7697 11.7974 11.6594 11.4517 11.1645 10.4807 9.03779 8.79790 8.56345 8.33748 7.87481 7.16821 6.56408 5.84691 4.44563 4.21120 3.49067 2.80626 2.80626 2.80626 2.79584 2.56486 2.55825 2.55035 2.53958 2.33857 2.31171 2.30703 2.27264 2.13180 2.06626 2.06626 2.06626 2.17347 2.20404 2.19585 2.08117 2.07981 2.07981 2.07981 2.10329 2.15430 2.15430 2.15430 2.26781
4.17321 4.17321 4.17321 4.40567 5.02431 7.70662 7.71632 7.33641 7.10355 7.10355 7.07030 6.95940 9.46920 8.88767 9.05330 9.82608 10.3935 10.4295 10.7494 10.8898 11.1130 10.8818 10.4352 10.1547 9.86084 9.22773 8.59470 7.02852 6.27377 5.74296 5.27120 5.19364 5.08979 4.94325 4.87445 4.37859 4.20112 3.93096 2.80626 2.80602 2.79878 2.78836 2.59125 2.52045 2.51791 2.51791 2.37172 2.30977 2.30977 2.28100 2.18627 2.06890 2.09774 2.13327 2.18609 2.20404 2.20404 2.10553 2.07848 2.05451 2.02236 1.99302 1.99149 1.94917 1.90634 1.95131
4.17321 4.17321 4.17321 4.30193 4.68976 7.25587 7.73160 7.38250 6.91458 6.80460 6.72908 6.76617 7.89987 8.52131 8.84949 9.33374 9.73890 9.34502 9.07075 8.82584 8.45011 8.14871 7.62014 7.09028 6.61948 6.54767 6.49014 5.73048 5.19364 5.19364 5.19364 5.19364 5.16046 4.94327 4.94285 4.52042 4.00581 3.66065 2.81675 2.76865 2.76545 2.76545 2.64391 2.51791 2.51791 2.51791 2.41688 2.31926 2.34828 2.36663 2.35813 2.21647 2.22602 2.23599 2.24378 2.24579 2.25869 2.07779 1.87562 1.86749 1.86749 1.86749 1.87011 1.87120 1.87120 1.90870
4.20199 4.31233 4.42777 4.47708 4.83257 6.38009 7.29513 7.17903 6.78828 6.78826 6.77381 6.73295 7.26895 8.11670 7.75702 7.53118 7.31312 6.98319 6.67476 6.67813 6.65835 6.54767 6.54767 6.54767 6.54767 6.54767 6.52877 6.04460 5.19364 5.19364 5.19364 5.19364 5.06170 4.50909 4.12918 3.55513 2.91820 2.89735 2.82300 2.76545 2.76545 2.76545 2.70971 2.53910 2.56872 2.59844 2.57768 2.45418 2.46331 2.47034 2.47710 2.30460 2.28895 2.28929 2.28927 2.28693 2.28667 2.17286 1.86812 1.87823 1.89155 1.90486 1.93564 1.95654 1.97428 1.98411
4.64891 4.52023 4.40557 4.35407 4.63034 5.50810 7.20497 6.91646 6.14828 5.73322 5.36140 5.01579 4.83305 6.24810 6.32537 6.44929 6.56479 6.61674 6.61674 6.66347 6.67946 6.56201 6.54767 6.54767 6.54767 6.54767 6.54767 6.34580 5.14574 4.78791 4.44541 4.10291 3.89248 3.74768 3.63948 3.53001 3.00630 2.89735 2.87031 2.79718 2.81268 2.82584 2.83398 2.68917 2.69849 2.71450 2.71201 2.49721 2.49539 2.49538 2.49583 2.37379 2.30734 2.32590 2.34501 2.37349 2.40400 2.41193 2.06041 2.11448 2.17775 2.24100 2.26887 2.16517 2.17920 2.19331
4.35318 4.32414 4.25633 4.18032 4.31175 4.53373 4.84134 4.68444 4.61870 4.59234 4.59234 4.59234 4.59733 5.87124 6.32537 6.40337 6.52496 6.61674 6.61674 6.64690 6.67963 6.59740 6.54767 6.54767 6.50621 6.20790 5.86540 5.40642 4.20700 3.88987 3.88987 3.88987 3.88987 3.81452 3.58398 3.48168 3.11913 2.93156 2.93918 2.81485 2.81161 2.82220 2.83361 2.76916 2.73761 2.73687 2.73957 2.64762 2.64688 2.66321 2.67907 2.62069 2.50748 2.50798 2.51887 2.57848 2.67704 2.72978 2.45077 2.34727 2.34727 2.34727 2.34727 2.25952 2.23567 2.23567
4.06675 4.01976 4.01161 4.01161 4.10468 4.45716 4.63056 4.68444 4.63876 4.59234 4.59234 4.59234 4.59234 5.35590 6.32537 6.35823 6.49393 6.63352 6.64394 6.65920 6.65521 6.34149 5.90559 5.55479 5.24557 5.19321 5.18491 5.07290 4.38435 3.84090 3.76957 3.67805 3.58660 3.48484 3.24347 3.26537 3.27605 2.98314 2.99827 2.90143 2.84657 2.85444 2.86230 2.82288 2.76997 2.77784 2.78225 2.72848 2.69500 2.69500 2.70354 2.72441 2.59846 2.64020 2.67148 2.67797 2.76448 2.76645 2.56092 2.34727 2.34727 2.34727 2.34727 2.29729 2.23567 2.23567
4.01161 4.01161 4.01161 4.01161 4.01383 4.42201 4.54567 4.63694 4.58505 4.51141 4.46730 4.42134 4.37330 4.65092 6.20516 6.25440 6.40324 6.33160 6.01809 5.66894 5.34105 5.19382 4.93407 4.79145 4.64927 4.49624 4.28751 4.10742 3.88770 3.45651 3.41511 3.39327 3.36974 3.34914 3.29514 3.22285 3.17498 3.03176 3.03808 2.99724 2.89033 2.89033 2.89033 2.87153 2.78226 2.78226 2.78867 2.79185 2.78152 2.82369 2.85733 2.86014 2.70438 2.67312 2.67312 2.67312 2.73934 2.76645 2.67008 2.34727 2.34727 2.34727 2.34727 2.32885 2.23567 2.23567
3.85783 3.83786 3.82180 3.80625 3.79135 3.89866 3.94866 4.14652 4.12105 4.19730 4.19918 4.19918 4.19918 4.29800 5.49489 5.34182 4.96806 4.83836 4.77987 4.63778 4.49577 4.38082 4.19848 4.10070 4.02647 3.95896 3.94880 3.94183 3.80516 3.25499 3.14932 3.07645 3.00367 2.93351 2.91411 2.91411 2.92005 3.02214 3.04861 3.04293 2.89710 2.89033 2.89494 2.93076 2.87527 2.90737 2.94318 2.93171 2.86014 2.86014 2.86014 2.86014 2.75368 2.67312 2.67855 2.71334 2.75980 2.76645 2.75842 2.36806 2.34727 2.34727 2.35223 2.36273 2.28539 2.28575
3.81710 3.77772 3.77772 3.77772 3.77772 3.77772 3.77947 4.09190 4.11823 4.18254 4.20647 4.21408 4.22169 4.22380 4.21777 4.06625 4.11838 4.22955 4.28792 4.21996 4.14747 4.09520 3.95731 3.81516 3.74218 3.67005 3.59723 3.52729 3.44621 3.07843 2.91411 2.91411 2.91411 2.91411 2.91411 2.91411 2.91411 2.99020 3.04672 3.02025 2.97197 3.01189 3.04951 3.05547 2.98559 2.94740 2.94740 2.94640 2.86449 2.86014 2.87763 2.91676 2.89876 2.80810 2.84188 2.84254 2.80085 2.68098 2.63747 2.44471 2.40224 2.41311 2.41900 2.41901 2.37382 2.33133
3.86806 3.77772 3.77772 3.77657 3.76940 3.76201 3.76664 4.00820 4.12424 4.17671 4.21314 4.21314 4.21037 4.15551 4.06338 3.89365 3.79080 3.92821 3.87839 3.79127 3.70431 3.62034 3.57231 3.50841 3.50841 3.50841 3.50841 3.50841 3.46377 3.21522 2.91411 2.91411 2.91411 2.91411 2.91380 2.89250 2.85844 2.86292 2.92656 2.91923 2.96897 3.05547 3.05547 3.05547 3.01406 2.94998 2.98124 3.02040 2.99475 2.99749 2.98456 2.94976 2.90423 2.69590 2.65825 2.62714 2.62206 2.50815 2.48624 2.45611 2.41901 2.41901 2.46409 2.54845 2.62928 2.72908
3.89862 3.74671 3.74682 3.75711 3.77343 3.78996 3.79447 3.93380 4.12909 4.11800 4.09136 3.95647 3.81376 3.72527 3.61892 3.40735 3.34018 3.51988 3.59688 3.59688 3.59688 3.59688 3.59349 3.51100 3.50841 3.50841 3.50841 3.50841 3.48130 3.35204 2.91411 2.89914 2.86518 2.83114 2.79745 2.78474 2.78474 2.79705 2.90727 2.91923 2.92864 3.06502 3.10361 3.09298 3.05219 3.01393 2.98706 2.95220 2.87156 2.80930 2.80912 2.80912 2.80912 2.66348 2.62209 2.62876 2.68575 2.69971 2.73337 2.80445 2.83355 2.92547 2.98561 3.00789 3.03366 3.04431
3.95392 3.80269 3.79446 3.79575 3.81116 3.78008 3.73952 3.71871 3.57456 3.48294 3.51834 3.51809 3.51809 3.51809 3.51374 3.40726 3.34018 3.44244 3.59688 3.59688 3.59688 3.59688 3.59688 3.53145 3.50841 3.50841 3.50841 3.49907 3.45662 3.35245 2.86411 2.78479 2.78474 2.78474 2.78474 2.78474 2.77877 2.74394 2.81346 2.82074 2.78330 2.83030 2.78839 2.75756 2.74657 2.82022 2.82343 2.81243 2.79882 2.79902 2.78402 2.76849 2.75292 2.82023 2.97471 3.03505 3.04493 3.04664 3.04853 3.07578 3.02919 3.03593 3.03593 3.03593 3.03593 3.03593
4.01141 3.87548 3.80708 3.76628 3.71285 3.70443 3.70443 3.70443 3.47013 3.42096 3.50752 3.51809 3.51809 3.51809 3.51809 3.45501 3.34129 3.36631 3.59543 3.59437 3.59168 3.59255 3.59688 3.55022 3.47150 3.42610 3.37885 3.34087 3.32645 3.24729 2.89784 2.62580 2.54774 2.48710 2.42507 2.35635 2.28740 2.26615 2.39155 2.49226 2.48827 2.54602 2.62451 2.61778 2.60284 2.64650 2.67168 2.65670 2.64862 2.70633 2.70582 2.70582 2.70582 2.79321 3.07191 3.09456 3.12000 3.13531 3.12621 3.12558 3.06587 3.03593 3.03593 3.03593 3.03593 3.03593
3.60868 3.70443 3.70443 3.70443 3.70443 3.70443 3.70443 3.70443 3.54690 3.42096 3.48135 3.50019 3.48714 3.47474 3.46303 3.42027 3.30837 3.27897 3.44343 3.47466 3.44135 3.39809 3.33626 3.27619 3.16987 3.07320 2.97159 2.87072 2.77846 2.66540 2.45596 2.21818 2.23131 2.23379 2.23379 2.23379 2.23405 2.27732 2.41042 2.45572 2.43335 2.43385 2.53915 2.53136 2.53134 2.56398 2.63015 2.63015 2.63015 2.69650 2.70747 2.70894 2.71059 2.72331 3.11899 3.13556 3.13556 3.13556 3.12940 3.12558 3.08925 3.03593 3.03593 3.03593 3.03593 3.03593
3.37603 3.67751 3.67134 3.66513 3.65683 3.63771 3.61800 3.62340 3.54707 3.36317 3.35785 3.35464 3.35503 3.35503 3.35503 3.34091 3.24679 3.16005 3.21877 3.22093 3.13050 3.04386 2.86034 2.75285 2.60542 2.62316 2.65782 2.69638 2.72815 2.69450 2.61492 2.27891 2.35102 2.42471 2.49850 2.57220 2.64564 2.67616 2.68038 2.47907 2.39510 2.39510 2.50362 2.53134 2.53134 2.53703 2.62598 2.62363 2.62006 2.67935 2.71177 2.71177 2.71177 2.71177 3.01882 3.13556 3.13556 3.12959 3.11181 3.12558 3.11260 3.03593 3.03593 3.03593 3.03593 3.01942
