High_resolution/powerplant/Fengdu/OMI_NO2_200502.asc
ncols      200
nrows      200
xllcorner       105.978
yllcorner       28.1831
cellsize     0.0166667
NODATA_Value      -999.000
[rows 150 to 179 of 200, columns 66 to 131 of 200]
3.23784 3.23784 3.23784 0.00000 0.00000 0.00000 0.00000 0.00000 0.00000 0.00000 0.00000 0.00000 0.00000 0.00000 0.00000 0.00000 0.00000 0.00000 0.00000 0.00000 0.00000 0.00000 0.00000 0.00000 0.00000 0.00000 0.00000 0.00000 0.00000 0.00000 0.00000 0.00000 0.00000 0.00000 0.00000 0.00000 0.00000 0.00000 0.00000 0.00000 0.00000 0.00000 0.00000 0.00000 0.00000 0.00000 0.00000 0.00000 0.00000 0.00000 0.00000 0.00000 0.00000 0.00000 0.00000 0.00000 0.00000 0.00000 0.00000 0.00000 0.00000 0.00000 0.00000 0.00000 0.00000 0.00000
3.23784 3.23784 3.23784 3.23784 0.00000 0.00000 0.00000 0.00000 0.00000 0.00000 0.00000 0.00000 0.00000 0.00000 0.00000 0.00000 0.00000 0.00000 0.00000 0.00000 0.00000 0.00000 0.00000 0.00000 0.00000 0.00000 0.00000 0.00000 0.00000 0.00000 0.00000 0.00000 0.00000 0.00000 0.00000 0.00000 4.71805 4.71805 4.71805 4.71805 4.71805 4.71805 4.71805 4.71805 4.71805 4.71805 4.71805 0.00000 0.00000 0.00000 0.00000 0.00000 0.00000 0.00000 0.00000 0.00000 0.00000 0.00000 0.00000 0.00000 0.00000 0.00000 0.00000 0.00000 0.00000 0.00000
3.23784 3.23784 3.23784 3.23784 0.00000 0.00000 0.00000 0.00000 0.00000 0.00000 0.00000 0.00000 0.00000 0.00000 0.00000 0.00000 0.00000 0.00000 0.00000 0.00000 0.00000 0.00000 0.00000 0.00000 0.00000 0.00000 3.62534 3.62534 3.62534 3.62534 4.60087 4.71805 4.71805 4.71805 4.71805 4.71805 4.71805 4.71805 4.71805 4.71805 4.71805 4.71805 4.71805 4.71805 4.71805 4.71805 4.71805 0.00000 0.00000 0.00000 0.00000 0.00000 0.00000 0.00000 0.00000 0.00000 0.00000 0.00000 0.00000 0.00000 0.00000 0.00000 0.00000 0.00000 0.00000 0.00000
3.23784 3.23784 3.23784 3.24052 0.00000 0.00000 0.00000 0.00000 0.00000 0.00000 0.00000 0.00000 0.00000 0.00000 0.00000 0.00000 0.00000 3.62534 3.62534 3.62534 3.62534 3.62534 3.62534 3.62534 3.62534 3.62534 3.62534 3.62534 3.62534 3.62534 4.41129 4.71805 4.71805 4.71805 4.71805 4.71805 4.71805 4.71805 4.71805 4.71805 4.71805 4.71805 4.71805 4.71805 4.71805 4.71805 4.71805 0.00000 0.00000 0.00000 0.00000 0.00000 0.00000 0.00000 0.00000 0.00000 0.00000 0.00000 0.00000 0.00000 0.00000 0.00000 0.00000 0.00000 0.00000 0.00000
3.92468 4.22198 4.51928 4.79724 4.87317 0.00000 0.00000 0.00000 0.00000 0.00000 0.00000 0.00000 0.00000 0.00000 3.62534 3.62534 3.62534 3.62534 3.62534 3.62534 3.62534 3.62534 3.62534 3.62534 3.62534 3.62534 3.62534 3.62534 3.62534 3.62534 4.15339 4.71805 4.71805 4.71805 4.71805 4.71805 4.71805 4.71805 4.71805 4.71805 4.71805 4.71805 4.71805 4.71805 4.71805 4.71805 4.71805 0.00000 0.00000 0.00000 0.00000 0.00000 0.00000 0.00000 0.00000 0.00000 0.00000 0.00000 0.00000 0.00000 0.00000 0.00000 0.00000 0.00000 0.00000 0.00000
4.87317 4.87317 4.87317 4.87317 4.87317 0.00000 0.00000 0.00000 0.00000 0.00000 0.00000 0.00000 0.00000 0.00000 3.62534 3.62534 3.62534 3.62534 3.62534 3.62534 3.62534 3.62534 3.62534 3.62534 3.62534 3.62534 3.62534 3.62534 3.62534 3.62534 3.89494 4.71805 4.71805 4.71805 4.71805 4.71805 4.71805 4.71805 4.71805 4.71805 4.71805 4.71805 4.71805 4.71805 4.71805 4.71805 4.71805 4.71805 0.00000 0.00000 0.00000 0.00000 0.00000 0.00000 0.00000 0.00000 0.00000 0.00000 0.00000 0.00000 0.00000 0.00000 0.00000 0.00000 0.00000 0.00000
4.87317 4.87317 4.87317 4.87317 4.87317 0.00000 0.00000 0.00000 0.00000 0.00000 0.00000 0.00000 0.00000 0.00000 3.62534 3.62534 3.62534 3.62534 3.62534 3.62534 3.62534 3.62534 3.62534 3.62534 3.62534 3.62534 3.62534 3.62534 3.62534 3.62534 3.66370 4.69149 4.71805 4.71805 4.71805 4.71805 4.71805 4.71805 4.71805 4.71805 4.71805 4.71805 4.71805 4.71805 4.71805 4.71805 4.71805 4.71805 0.00000 0.00000 0.00000 0.00000 0.00000 0.00000 0.00000 0.00000 0.00000 0.00000 0.00000 0.00000 0.00000 0.00000 0.00000 4.33556 4.33556 4.33556
4.87317 4.87317 4.87317 4.87317 4.87317 0.00000 0.00000 0.00000 0.00000 0.00000 0.00000 0.00000 0.00000 0.00000 0.00000 3.62534 3.62534 3.62534 3.62534 3.62534 3.62534 3.62534 3.62534 3.62534 3.62534 3.62534 3.62534 3.62534 3.62534 3.62534 3.62534 4.47162 4.71805 4.71805 4.71805 4.71805 4.71805 4.71805 4.71805 4.71805 4.71805 4.71805 4.71805 4.71805 4.71805 4.71805 4.71805 4.71805 0.00000 0.00000 0.00000 0.00000 0.00000 0.00000 0.00000 0.00000 0.00000 0.00000 0.00000 0.00000 0.00000 0.00000 0.00000 4.33556 4.33556 4.33556
4.84976 4.87317 4.87317 4.87317 4.87317 4.87317 0.00000 0.00000 0.00000 0.00000 0.00000 0.00000 0.00000 0.00000 0.00000 3.62534 3.62534 3.62534 3.62534 3.62534 3.62534 3.62534 3.62534 3.62534 3.62534 3.62534 3.62534 3.62534 3.62534 3.62534 3.62534 4.21365 4.71805 4.71805 4.71805 4.71805 4.71805 4.71805 4.71805 4.71805 4.68657 4.46845 4.21861 3.96925 3.71990 3.47079 3.22143 2.92912 0.00000 0.00000 0.00000 0.00000 0.00000 0.00000 0.00000 0.00000 0.00000 0.00000 0.00000 0.00000 0.00000 0.00000 0.00000 0.00000 4.33556 4.33556
4.60221 4.87317 4.87317 4.87317 4.87317 4.87317 0.00000 0.00000 0.00000 0.00000 0.00000 0.00000 0.00000 0.00000 0.00000 3.62534 3.62534 3.62534 3.62534 3.62534 3.62534 3.62534 3.62534 3.62534 3.62534 3.62534 3.62534 3.62534 3.62534 3.62534 3.62160 3.82119 4.27277 4.02317 3.77357 3.52447 3.27536 3.02576 2.77616 2.52681 2.30917 2.27818 2.27818 2.27818 2.27818 2.27818 2.27818 2.27818 2.27818 0.00000 0.00000 0.00000 0.00000 0.00000 0.00000 0.00000 0.00000 0.00000 0.00000 0.00000 0.00000 0.00000 0.00000 0.00000 4.33556 4.33556
4.38302 4.87317 4.87317 4.87317 4.87317 4.87317 0.00000 0.00000 0.00000 0.00000 0.00000 0.00000 0.00000 0.00000 0.00000 3.62534 3.62534 3.62534 3.62534 3.62534 3.62534 3.60636 3.47498 3.32559 3.17634 3.02695 2.87743 2.72804 2.57865 2.42926 2.28375 2.24232 2.27796 2.27818 2.27818 2.27818 2.27818 2.27818 2.27818 2.27818 2.27818 2.27818 2.27818 2.27818 2.27818 2.27818 2.27818 2.27818 2.27818 0.00000 0.00000 0.00000 0.00000 0.00000 0.00000 0.00000 0.00000 0.00000 0.00000 0.00000 0.00000 0.00000 0.00000 0.00000 4.33556 4.33556
4.22672 4.87317 4.87317 4.87317 4.87317 4.87317 0.00000 0.00000 0.00000 0.00000 0.00000 0.00000 3.23667 3.23667 3.23667 3.23667 3.05900 2.83613 2.68688 2.53749 2.38810 2.25784 2.23955 2.23955 2.23955 2.23955 2.23955 2.23955 2.23955 2.23955 2.23955 2.23955 2.27161 2.27818 2.27818 2.27818 2.27818 2.27818 2.27818 2.27818 2.27818 2.27818 2.27818 2.27818 2.27818 2.27818 2.27818 2.27818 2.27818 0.00000 0.00000 0.00000 0.00000 0.00000 0.00000 0.00000 0.00000 0.00000 0.00000 0.00000 0.00000 0.00000 0.00000 0.00000 4.33556 4.33556
3.49277 4.08129 0.00000 3.23667 3.23667 3.23667 3.23667 3.23667 3.23667 3.23667 3.23667 3.23667 3.23667 3.23667 3.23667 3.23667 2.76298 2.23955 2.23955 2.23955 2.23955 2.23955 2.23955 2.23955 2.23955 2.23955 2.23955 2.23955 2.23955 2.23955 2.23955 2.23955 2.26248 2.27818 2.27818 2.27818 2.27818 2.27818 2.27818 2.27818 2.27818 2.27818 2.27818 2.27818 2.27818 2.27818 2.27818 2.27818 2.27818 0.00000 0.00000 0.00000 0.00000 0.00000 0.00000 0.00000 0.00000 0.00000 0.00000 0.00000 0.00000 0.00000 0.00000 0.00000 0.00000 4.33556
1.74309 2.79801 3.23667 3.23667 3.23667 3.23667 3.23667 3.23667 3.23667 3.23667 3.23667 3.23667 3.23667 3.23667 3.23667 3.23667 3.00159 2.23955 2.23955 2.23955 2.23955 2.23955 2.23955 2.23955 2.23955 2.23955 2.23955 2.23955 2.23955 2.23955 2.23955 2.23955 2.25335 2.27818 2.27818 2.27818 2.27818 2.27818 2.27818 2.27818 2.27818 2.27818 2.27818 2.27818 2.27818 2.27818 2.27818 2.27818 2.27818 0.00000 0.00000 0.00000 0.00000 0.00000 0.00000 0.00000 0.00000 0.00000 0.00000 0.00000 0.00000 0.00000 0.00000 0.00000 0.00000 4.14170
0.895718 2.26437 3.23667 3.23667 3.23667 3.23667 3.23667 3.23667 3.23667 3.23667 3.23667 3.23667 3.23667 3.23667 3.23667 3.23667 3.20865 2.27115 2.23955 2.23955 2.23955 2.23955 2.23955 2.23955 2.23955 2.23955 2.23955 2.23955 2.23955 2.23955 2.23955 2.23955 2.24423 2.27818 2.27818 2.27818 2.27818 2.27818 2.27818 2.27818 2.27818 2.27818 2.27818 2.27818 2.27818 2.27818 2.27818 2.27818 2.27818 2.27818 0.00000 0.00000 0.00000 0.00000 1.92011 1.92011 1.92011 1.92011 1.92011 1.92011 1.92011 1.92011 1.92011 1.92011 1.92011 1.63052
0.895718 1.69804 3.23667 3.23667 3.23667 3.23667 3.23667 3.23667 3.23667 3.23667 3.23667 3.23667 3.23667 3.23667 3.23667 3.23667 3.23667 2.48162 2.23955 2.23955 2.23955 2.23955 2.23955 2.23955 2.23955 2.23955 2.23955 2.23955 2.23955 2.23955 2.23955 2.23955 2.23955 2.27374 2.27818 2.27818 2.27818 2.27818 2.27818 2.27818 2.27818 2.27818 2.27818 2.27818 2.28618 2.35373 2.43317 2.51252 2.59188 2.32942 1.92011 1.92011 1.92011 1.92011 1.92011 1.92011 1.92011 1.92011 1.92011 1.92011 1.92011 1.92011 1.92011 1.92011 1.92011 1.85646
0.895718 1.13332 3.23479 3.23667 3.23667 3.23667 3.23667 3.23667 3.23667 3.23667 3.23667 3.23667 3.23667 3.23667 3.23667 3.23667 3.23667 2.72031 2.23955 2.23955 2.23955 2.23955 2.23955 2.23955 2.23955 2.23955 2.23955 2.23955 2.23955 2.23955 2.23955 2.23955 2.23955 2.26461 2.28020 2.33603 2.41554 2.49490 2.57425 2.65368 2.73319 2.81255 2.89190 2.97133 3.04277 3.05465 3.05465 3.05465 3.05465 2.56813 1.92011 1.92011 1.92011 1.92011 1.92011 1.92011 1.92011 1.92011 1.92011 1.92011 1.92011 1.92011 1.92011 1.92011 1.92011 1.92011
0.895718 0.895718 2.90566 3.23667 3.23667 3.23667 3.23667 3.23667 3.23667 3.23667 3.23667 3.23667 3.23667 3.23667 3.23667 3.23667 3.23667 2.95880 2.23955 2.23955 2.23955 2.23955 2.23955 2.23955 2.23955 2.24075 2.24682 2.25337 2.25993 2.26649 2.27306 2.27961 2.28616 2.56505 3.03104 3.05465 3.05465 3.05465 3.05465 3.05465 3.05465 3.05465 3.05465 3.05465 3.05465 3.05465 3.05465 3.05465 3.05465 2.83298 1.92011 1.92011 1.92011 1.92011 1.92011 1.92011 1.92011 1.92011 1.92011 1.92011 1.92011 1.92011 1.92011 1.92011 1.92011 1.92011
0.895718 0.895718 2.33906 3.23667 3.23667 3.23667 3.23667 3.23667 3.23667 3.23667 3.23667 3.23667 3.23667 3.23667 3.23667 3.23667 3.20314 3.05255 2.25794 2.26204 2.26858 2.27514 2.28171 2.28827 2.29483 2.30017 2.30068 2.30068 2.30068 2.30068 2.30068 2.30068 2.30068 2.43335 3.05465 3.05465 3.05465 3.05465 3.05465 3.05465 3.05465 3.05465 3.05465 3.05465 3.05465 3.05465 3.05465 3.05465 3.05465 3.03956 1.97820 1.92011 1.92011 1.92011 1.92011 1.92011 1.92011 1.92011 1.92011 1.92011 1.92011 1.92011 1.92011 1.92011 1.92011 1.92011
0.895718 0.895718 1.77217 3.23667 3.23667 3.23667 3.23667 3.21666 3.12380 3.02401 2.92449 2.82497 2.72536 2.62583 2.52622 2.42661 2.36070 2.35903 2.31234 2.30068 2.30068 2.30068 2.30068 2.30068 2.30068 2.30068 2.30068 2.30068 2.30068 2.30068 2.30068 2.30068 2.30068 2.30596 3.00389 3.05465 3.05465 3.05465 3.05465 3.05465 3.05465 3.05465 3.05465 3.05465 3.05465 3.05465 3.05465 3.05465 3.05465 3.05465 2.22802 1.92011 1.92011 1.92011 1.92011 1.92011 1.92011 1.92011 1.92011 1.92011 1.92011 1.92011 1.92011 1.92011 1.92011 1.92011
1.11115 1.23564 1.60206 2.74379 2.64432 2.54483 2.44513 2.36561 2.35903 2.35903 2.35903 2.35903 2.35903 2.35903 2.35903 2.35903 2.35903 2.35903 2.32628 2.30068 2.30068 2.30068 2.30068 2.30068 2.30068 2.30068 2.30068 2.30068 2.30068 2.30068 2.30068 2.30068 2.30068 2.30068 2.83083 3.05465 3.05465 3.05465 3.05465 3.05465 3.05465 3.05465 3.05465 3.05465 3.05465 3.05465 3.05465 3.05465 3.05465 3.05465 2.49282 1.92011 1.92011 1.92011 1.92011 1.92011 1.92011 1.92011 1.92011 1.92011 1.92011 1.92011 1.92011 1.92011 1.92011 1.92011
1.93747 1.93747 1.93759 2.31345 2.35903 2.35903 2.35903 2.35903 2.35903 2.35903 2.35903 2.35903 2.35903 2.35903 2.35903 2.35903 2.35903 2.35903 2.34022 2.30068 2.30068 2.30068 2.30068 2.30068 2.30068 2.30068 2.30068 2.30068 2.30068 2.30068 2.30068 2.30068 2.30068 2.30068 2.65236 3.05465 3.05465 3.05465 3.05465 3.05465 3.05465 3.05465 3.05465 3.05465 3.05465 3.05465 3.05465 3.05465 3.05465 3.05465 2.75774 1.92011 1.92011 1.92011 1.92011 1.92011 1.92011 1.92011 1.91967 1.87674 1.80668 1.73633 1.66628 1.59593 1.52587 1.45552
1.93747 1.93747 1.93747 2.21226 2.35903 2.35903 2.35903 2.35903 2.35903 2.35903 2.35903 2.35903 2.35903 2.35903 2.35903 2.35903 2.35903 2.35903 2.35400 2.30083 2.30068 2.30068 2.30068 2.30068 2.30068 2.30068 2.30068 2.30068 2.30068 2.30068 2.30068 2.30068 2.30068 2.30068 2.47403 3.05465 3.05465 3.05465 3.05465 3.05465 3.05465 3.05465 3.05465 3.05465 3.05465 3.05465 3.05465 3.05465 3.03019 2.80423 2.48202 1.69388 1.63305 1.56300 1.49265 1.42259 1.35224 1.28211 1.21235 1.18501 1.18501 1.18501 1.18501 1.18501 1.18501 1.18501
1.93747 1.93747 1.93747 2.11089 2.35903 2.35903 2.35903 2.35903 2.35903 2.35903 2.35903 2.35903 2.35903 2.35903 2.35903 2.35903 2.35903 2.35903 2.35903 2.30976 2.30068 2.30068 2.30068 2.30068 2.30068 2.30068 2.30068 2.30068 2.30068 2.30068 2.30068 2.30068 2.30068 2.30068 2.32051 3.02984 3.05465 3.05465 3.04614 2.85102 2.58039 2.30977 2.03967 1.76905 1.49816 1.22753 0.957173 0.686813 0.440646 0.396250 0.396250 1.02416 1.18501 1.18501 1.18501 1.18501 1.18501 1.18501 1.18501 1.18501 1.18501 1.18501 1.18501 1.18501 1.18501 1.18501
1.93747 1.93747 1.93747 2.00960 2.35903 2.35903 2.35903 2.35903 2.35903 2.35903 2.35903 2.35903 2.35903 2.35903 2.35903 2.35903 2.35903 2.35903 2.35903 2.32370 2.30068 2.30068 2.30068 2.30068 2.30068 2.30068 2.30068 2.30068 2.30068 2.29485 2.27268 2.24947 2.22631 2.20318 2.18002 1.53294 1.00423 0.733867 0.471749 0.396250 0.396250 0.396250 0.396250 0.396250 0.396250 0.396250 0.396250 0.396250 0.396250 0.396250 0.396250 0.841030 1.18501 1.18501 1.18501 1.18501 1.18501 1.18501 1.18501 1.18501 1.18501 1.18501 1.18501 1.18501 1.18501 1.18501
1.93747 1.93747 1.93747 1.93974 2.32758 2.35903 2.35903 2.35903 2.35903 2.35903 2.35903 2.35903 2.35903 2.35903 2.35903 2.35903 2.35903 2.35903 2.35903 2.33764 2.28996 2.26678 2.24365 2.22049 2.19733 2.17417 2.15099 2.12787 2.10473 2.08740 2.08644 2.08644 2.08644 2.08644 2.08644 1.20602 0.396250 0.396250 0.396250 0.396250 0.396250 0.396250 0.396250 0.396250 0.396250 0.396250 0.396250 0.396250 0.396250 0.396250 0.396250 0.658065 1.18501 1.18501 1.18501 1.18501 1.18501 1.18501 1.18501 1.18501 1.18501 1.18501 1.18501 1.18501 1.18501 1.18501
1.93747 1.93747 1.93747 1.93747 2.22852 2.35903 2.35903 2.35903 2.35903 2.35903 2.35903 2.32339 2.21021 2.09418 1.97815 1.86233 1.74640 1.63027 1.51444 1.49132 2.08644 2.08644 2.08644 2.08644 2.08644 2.08644 2.08644 2.08644 2.08644 2.08644 2.08644 2.08644 2.08644 2.08644 2.08644 1.60553 0.396250 0.396250 0.396250 0.396250 0.396250 0.396250 0.396250 0.396250 0.396250 0.396250 0.396250 0.396250 0.396250 0.396250 0.396250 0.475442 1.18461 1.18501 1.18501 1.18501 1.18501 1.18501 1.18501 1.18501 1.18501 1.18501 1.18501 1.18501 1.18501 1.18501
1.93747 1.93747 1.92672 1.84944 1.92362 2.00042 1.88449 1.76856 1.65253 1.53661 1.42088 1.34019 1.33764 1.33764 1.33764 1.33764 1.33764 1.33764 1.33764 1.33779 2.00413 2.08644 2.08644 2.08644 2.08644 2.08644 2.08644 2.08644 2.08644 2.08644 2.08644 2.08644 2.08644 2.08644 2.08644 1.98738 0.413490 0.396250 0.396250 0.396250 0.396250 0.396250 0.396250 0.396250 0.396250 0.396250 0.396250 0.396250 0.396250 0.396250 0.396250 0.396250 1.08073 1.18501 1.18501 1.18501 1.18501 1.18501 1.18501 1.18501 1.18501 1.18501 1.18501 1.18501 1.18501 1.18501
1.36912 1.28042 1.20232 1.19082 1.22158 1.33764 1.33764 1.33764 1.33764 1.33764 1.33764 1.33764 1.33764 1.33764 1.33764 1.33764 1.33764 1.33764 1.33764 1.33764 1.82628 2.08644 2.08644 2.08644 2.08644 2.08644 2.08644 2.08644 2.08644 2.08644 2.08644 2.08644 2.08644 2.08644 2.08644 2.08644 0.713667 0.396250 0.396250 0.396250 0.396250 0.396250 0.396250 0.396250 0.396250 0.396250 0.396250 0.396250 0.396250 0.396250 0.396250 0.396250 0.897663 1.18501 1.18501 1.18501 1.18501 1.18501 1.18501 1.18501 1.18501 1.18501 1.18501 1.25335 1.41105 1.56942
1.19082 1.19082 1.19082 1.19082 1.19326 1.33065 1.33764 1.33764 1.33764 1.33764 1.33764 1.33764 1.33764 1.33764 1.33764 1.33764 1.33764 1.33764 1.33764 1.33764 1.64809 2.08644 2.08644 2.08644 2.08644 2.08644 2.08644 2.08644 2.08644 2.08644 2.08644 2.08644 2.08644 2.08644 2.08644 2.08644 1.11279 0.396250 0.396250 0.396250 0.396250 0.396250 0.396250 0.396250 0.396250 0.396250 0.396250 0.396250 0.396250 0.396250 0.396250 0.396250 0.726150 1.32649 1.48452 1.64272 1.80109 1.95879 2.11732 2.27535 2.43339 2.59159 2.74962 2.83948 2.83981 2.83981
