High_resolution/powerplant/Fengdu/OMI_NO2_200604.asc
ncols      200
nrows      200
xllcorner       105.978
yllcorner       28.1831
cellsize     0.0166667
NODATA_Value      -999.000
[rows 90 to 119 of 200, columns 132 to 197 of 200]
1.69078 1.69078 1.69180 1.69968 1.70878 1.65963 1.56506 1.55978 1.42141 1.29404 1.29404 1.29404 1.29404 1.29404 1.29404 1.25967 1.22438 1.22438 1.23566 1.24032 1.24032 1.24032 1.24032 1.24032 1.24032 1.24032 1.24705 1.45880 1.49781 1.49781 1.49781 1.55813 1.73903 1.73903 1.72446 1.64388 1.55542 1.46695 1.38271 1.36162 1.36162 1.36162 1.36162 1.36162 1.36162 1.36162 1.44853 1.48011 1.56500 1.57052 1.58837 1.60643 1.62248 1.63693 1.65007 1.66194 1.67281 1.68275 1.69195 1.70035 1.70818 1.71547 1.72222 1.72853 1.73441 1.73896
1.70899 1.71810 1.72622 1.72745 1.72745 1.70090 1.55978 1.55978 1.48247 1.29404 1.29404 1.29404 1.29404 1.29404 1.29404 1.27839 1.22438 1.22438 1.23202 1.24032 1.24032 1.24032 1.24032 1.24032 1.24032 1.24032 1.24032 1.39605 1.49781 1.49781 1.47700 1.43184 1.53163 1.44348 1.36847 1.33057 1.28857 1.24658 1.20458 1.16258 1.12058 1.07858 1.03659 0.994649 0.952651 0.910653 1.35710 1.67894 1.72053 1.73874 1.73933 1.73933 1.73933 1.73933 1.73933 1.73933 1.73933 1.73933 1.73933 1.73933 1.73933 1.73933 1.73933 1.75518 1.81538 1.87821
1.72745 1.72745 1.72745 1.72745 1.72745 1.72745 1.58538 1.55978 1.54179 1.29569 1.29404 1.29404 1.29404 1.29404 1.29404 1.29343 1.22818 1.22438 1.22880 1.24032 1.24032 1.24298 1.24848 1.25393 1.25942 1.26541 1.26437 1.20361 1.12756 1.03120 0.951583 0.912235 0.852947 0.809410 0.768562 0.756458 0.756458 0.756458 0.756458 0.756458 0.756458 0.756458 0.756458 0.756458 0.756458 0.756458 1.15097 1.69331 1.71246 1.73933 1.73933 1.73933 1.73933 1.73933 1.73933 1.73933 1.73933 1.73933 1.73969 1.77755 1.84041 1.90323 1.96609 2.01318 2.01586 2.01586
1.72745 1.72745 1.72745 1.72745 1.72745 1.72745 1.63752 1.55978 1.55095 1.33959 1.30798 1.31346 1.31892 1.32441 1.32987 1.33536 1.28110 1.27100 1.28634 1.33951 1.35967 1.37780 1.37307 1.35692 1.33912 1.31844 1.30577 1.11852 0.792962 0.801030 0.811657 0.821862 0.831831 0.841303 0.850461 0.859301 0.867838 0.876165 0.884121 0.891836 0.899304 0.906554 0.789928 0.756458 0.756458 0.756458 0.942799 1.69331 1.69862 1.73922 1.73933 1.73933 1.73933 1.73933 1.74744 1.80269 1.86554 1.92837 1.99087 2.01586 2.01586 2.01586 2.01586 2.01586 2.01586 2.01586
1.63892 1.61897 1.59895 1.57898 1.56024 1.54558 1.49203 1.33954 1.33036 1.36304 1.38656 1.39047 1.39450 1.39870 1.40305 1.40759 1.41230 1.41543 1.39536 1.38287 1.35512 1.32911 1.32099 1.32153 1.32205 1.32253 1.32265 1.27213 0.962517 0.957030 0.957030 0.957030 0.957030 0.957030 0.957030 0.957030 0.957030 0.957030 0.957030 0.957030 0.957030 0.957030 0.845202 0.756458 0.756458 0.756458 0.772666 1.65526 1.69331 1.73059 1.76511 1.82771 1.89054 1.95340 2.00826 2.01586 2.01586 2.01586 2.01586 2.01586 2.01586 2.01586 2.01586 2.01586 2.01586 2.01586
1.60267 1.61244 1.62265 1.63340 1.64240 1.64322 1.64125 1.41529 1.39170 1.41714 1.46001 1.46001 1.46001 1.45574 1.42338 1.38596 1.34851 1.31316 1.30489 1.31874 1.32265 1.32265 1.32265 1.32265 1.32265 1.32265 1.32265 1.32194 0.995710 0.957030 0.957030 0.957030 0.957030 0.957030 0.957030 0.957030 0.957030 0.957030 0.957030 0.957030 0.957030 0.957030 0.886850 0.756458 0.756458 0.757562 0.795696 1.55804 1.84491 1.94051 2.01559 2.01586 2.01586 2.01586 2.01586 2.01586 2.01586 2.01586 2.01586 2.01586 2.01586 2.01586 2.01586 2.01586 2.01586 2.01586
1.64322 1.64322 1.64322 1.64322 1.64322 1.64322 1.64322 1.49150 1.39170 1.39429 1.41803 1.38062 1.34316 1.31000 1.30489 1.30489 1.30489 1.30489 1.30489 1.31539 1.32265 1.32265 1.32265 1.32265 1.32265 1.32265 1.32265 1.32265 1.07690 0.958276 0.957030 0.957030 0.957030 0.957030 0.957030 0.957030 0.957030 0.957030 0.957030 0.957030 0.957030 0.961174 0.961716 0.867188 0.923345 0.978422 0.996445 1.49401 1.93330 1.95029 2.01586 2.01586 2.01586 2.01586 2.01586 2.01586 2.01586 2.01586 2.01586 2.01586 2.01586 2.01586 2.01586 2.01586 2.01586 2.01586
1.64322 1.64322 1.64322 1.64322 1.64322 1.61053 1.48045 1.32866 1.26950 1.23942 1.29891 1.30489 1.30489 1.30489 1.30489 1.30489 1.30489 1.30489 1.30489 1.31143 1.32265 1.32265 1.32265 1.32265 1.32265 1.32265 1.32265 1.32265 1.15665 0.961579 0.957030 0.957030 0.957030 0.957030 0.957030 0.957030 0.957030 0.967366 1.00359 1.04103 1.07846 1.11177 1.11340 0.998656 0.996445 0.996445 0.996445 1.28584 1.93330 1.93371 2.00754 2.01586 2.01586 2.01586 2.01570 1.99502 1.96070 1.92648 1.89200 1.85773 1.82352 1.78903 1.75471 1.72050 1.68612 1.65169
1.64322 1.60894 1.47841 1.34108 1.20490 1.10047 1.09387 1.09826 1.22981 1.23659 1.28338 1.30489 1.30489 1.30489 1.30489 1.30489 1.30489 1.30489 1.30489 1.30673 1.32261 1.32265 1.32265 1.32265 1.32265 1.32265 1.32265 1.32265 1.23641 0.964933 0.957030 0.957030 0.957030 0.976309 1.01376 1.05120 1.08867 1.11579 1.11702 1.11718 1.13931 1.17638 1.21344 1.20960 1.25218 1.30778 1.36337 1.47092 1.60763 1.57284 1.58824 1.58665 1.55238 1.51806 1.48390 1.47020 1.47020 1.47020 1.47020 1.47020 1.47020 1.47020 1.47020 1.47020 1.47020 1.47020
1.20237 1.09964 1.09387 1.09387 1.09387 1.09387 1.09387 1.09387 1.19008 1.23659 1.26774 1.30489 1.30489 1.30489 1.30489 1.30489 1.30489 1.30489 1.30489 1.30489 1.32087 1.32265 1.32265 1.32265 1.32265 1.32268 1.32490 1.32861 1.32262 1.20782 1.22092 1.27968 1.35418 1.40940 1.44641 1.48347 1.52054 1.55760 1.59467 1.63157 1.64650 1.64650 1.64650 1.72128 1.79066 1.79066 1.79066 1.79066 1.44229 1.38764 1.41238 1.47020 1.47020 1.47020 1.47020 1.47020 1.47020 1.47020 1.47020 1.47067 1.47179 1.47060 1.41075 1.32710 1.24614 1.16770
1.09387 1.09387 1.09387 1.09387 1.09387 1.09387 1.09387 1.09387 1.14597 1.23659 1.25207 1.30489 1.30505 1.30899 1.31455 1.32007 1.32562 1.33116 1.33668 1.34224 1.35031 1.35493 1.35863 1.36231 1.37548 1.48430 1.61577 1.74589 1.87214 2.00947 1.77514 1.64650 1.64650 1.64414 1.64008 1.63604 1.63201 1.62797 1.62391 1.61986 1.61581 1.61178 1.60774 1.65321 1.74103 1.73817 1.73530 1.73260 1.53263 1.42421 1.42795 1.48525 1.48819 1.48879 1.48936 1.48994 1.49048 1.47846 1.42129 1.36051 1.29892 1.23888 1.22042 1.22042 1.22042 1.22042
1.09262 1.07863 1.06122 1.04389 1.02644 1.00898 0.991656 0.974307 0.967106 1.07989 1.07065 1.36035 1.37602 1.37762 1.37762 1.37762 1.37762 1.37762 1.37762 1.37762 1.37371 1.45375 1.57984 1.70577 1.82233 1.84320 1.83917 1.83514 1.83110 1.89877 1.80789 1.55618 1.55213 1.55045 1.55045 1.55045 1.55045 1.55045 1.55045 1.55045 1.55045 1.55045 1.55045 1.58165 1.70549 1.70549 1.70549 1.70549 1.59265 1.43681 1.43681 1.47520 1.49180 1.45863 1.39701 1.33543 1.27384 1.22460 1.22042 1.22042 1.22042 1.22042 1.22042 1.22042 1.22042 1.22042
0.888937 0.885605 0.885605 0.885605 0.885605 0.885605 0.885605 0.885605 0.885605 0.992155 1.02832 1.29731 1.37762 1.37762 1.37762 1.37762 1.41959 1.60307 1.79825 1.99335 2.05262 1.81322 1.81322 1.81322 1.81322 1.81322 1.81322 1.81322 1.81322 1.85655 1.91137 1.55619 1.55045 1.55045 1.55045 1.55045 1.55045 1.55045 1.55045 1.55045 1.55045 1.55045 1.55045 1.55395 1.70088 1.70549 1.70549 1.70549 1.64638 1.35071 1.24948 1.21185 1.24881 1.22042 1.22042 1.22042 1.22042 1.22042 1.22042 1.22042 1.22042 1.22042 1.22042 1.22042 1.22042 1.22042
0.885605 0.885605 0.885605 0.885605 0.885605 0.885605 0.885605 0.885605 0.885605 0.948042 1.02832 1.21767 1.43896 1.62987 1.82497 2.02015 2.17327 2.18482 2.18482 2.18482 2.16699 1.81843 1.81322 1.81322 1.81322 1.81322 1.81322 1.81322 1.81322 1.82809 1.93959 1.64705 1.55045 1.55045 1.55045 1.55045 1.55045 1.55045 1.55045 1.55045 1.55045 1.55045 1.55045 1.55045 1.65292 1.59249 1.49128 1.39011 1.29063 1.01630 1.00502 1.02613 1.21308 1.17838 1.22042 1.22042 1.22042 1.22042 1.22042 1.22042 1.22042 1.22042 1.22042 1.22042 1.22042 1.22042
0.885605 0.885605 0.885605 0.885605 0.885605 0.885605 0.885605 0.885605 0.888916 0.932130 1.50146 1.80735 2.18070 2.18482 2.18482 2.18482 2.18482 2.18482 2.18482 2.18482 2.18482 1.86625 1.81322 1.81322 1.81322 1.81322 1.81322 1.81322 1.81322 1.81322 1.92602 1.76610 1.55045 1.55045 1.55045 1.55045 1.55045 1.55045 1.55045 1.55045 1.51111 1.41059 1.30942 1.20812 1.21541 1.27370 1.27370 1.27370 1.27198 1.03476 0.932373 0.898268 1.00009 1.03342 1.20930 1.22042 1.22042 1.22042 1.22042 1.22042 1.22517 1.24402 1.26374 1.28336 1.30305 1.32281
0.885605 0.885605 0.885605 0.885605 0.889073 0.897521 0.906082 0.914565 0.919815 0.919877 1.66992 1.86626 2.18422 2.18482 2.18482 2.18482 2.18482 2.18482 2.18482 2.18482 2.18482 1.93123 1.81322 1.81322 1.81322 1.81322 1.81322 1.81322 1.81322 1.81322 1.89761 1.88503 1.55056 1.55045 1.55045 1.54937 1.48490 1.38373 1.28252 1.18127 1.11935 1.11866 1.11866 1.11866 1.17564 1.23779 1.17588 1.12294 1.07806 0.995419 0.956249 0.971040 1.06434 1.16210 1.32379 1.43845 1.45807 1.47773 1.49752 1.51714 1.53208 1.53296 1.53098 1.51690 1.50727 1.53296
0.889231 0.897703 0.906254 0.914746 0.919836 0.919877 0.919877 0.919877 0.919877 0.919877 1.38641 1.83552 2.13539 2.18482 2.18482 2.18482 2.18482 2.18482 2.18482 2.18482 2.18482 2.00777 1.81322 1.81322 1.81322 1.81322 1.81322 1.81322 1.81322 1.81322 1.86906 1.94477 1.54980 1.35406 1.25180 1.15067 1.11284 1.11184 1.11085 1.10985 1.10885 1.08969 1.03946 0.995634 0.976942 1.05747 1.05747 1.05747 1.05747 1.07088 1.10104 1.10104 1.13059 1.26259 1.34163 1.52252 1.50705 1.49281 1.47962 1.46739 1.45602 1.44542 1.43664 1.43536 1.43998 1.57316
0.919850 0.919877 0.919877 0.919877 0.919877 0.919877 0.919877 0.919877 0.919877 0.919877 1.10299 1.83552 2.05575 2.18482 2.18482 2.18482 2.18482 2.18416 2.17850 2.17185 2.16518 2.07500 1.79124 1.78678 1.78235 1.77791 1.77346 1.78055 1.84582 1.91917 2.02976 2.23402 1.64396 1.10442 1.10442 1.10442 1.10442 1.09431 1.04698 1.00278 0.965738 0.945393 0.947384 0.949987 0.953428 1.07827 1.09139 1.09606 1.10070 1.10912 1.15261 1.15626 1.16013 1.28099 1.30746 1.50493 1.51578 1.52044 1.52505 1.52975 1.54590 1.58883 1.63266 1.67661 1.71781 1.86373
0.952121 0.919877 0.919877 0.919877 0.919877 0.925723 0.942166 0.958828 0.975411 0.992093 1.01174 1.83777 2.03236 2.12440 2.11776 2.11106 2.10442 2.09837 2.09739 2.09739 2.09739 2.09294 1.78650 1.79838 1.87609 1.95736 2.03867 2.10849 2.12000 2.12347 2.13105 2.29538 2.05065 1.15921 1.11546 1.06841 1.02797 0.999213 0.998899 1.00150 1.00315 1.00316 1.00316 1.00316 1.00316 1.14065 1.18828 1.18828 1.18828 1.18828 1.21429 1.21399 1.21399 1.28856 1.34323 1.49342 1.59238 1.63163 1.67089 1.71012 1.73781 1.73886 1.73886 1.73886 1.73886 1.82210
1.11241 1.05783 1.07449 1.09105 1.10777 1.11851 1.11871 1.11871 1.11871 1.11871 1.11871 1.65062 2.04537 2.09739 2.09739 2.09739 2.09739 2.09739 2.09739 2.13900 2.25429 2.37104 2.17074 2.15688 2.16050 2.16050 2.16050 2.16050 2.16050 2.15902 2.06361 2.05404 1.96508 1.09001 1.00316 1.00316 1.00316 1.00316 1.00316 1.00316 1.00316 1.00316 1.00316 1.00316 1.00316 1.10232 1.18828 1.18828 1.18828 1.18828 1.20952 1.22531 1.30452 1.40194 1.43957 1.55919 1.73886 1.73886 1.73886 1.73886 1.73886 1.73886 1.73886 1.73886 1.73886 1.77670
1.11871 1.11871 1.11871 1.11871 1.11871 1.11871 1.11871 1.11871 1.11871 1.11871 1.11871 1.36721 2.03486 2.09353 2.09739 2.15513 2.27192 2.38857 2.50527 2.58045 2.58181 2.58181 2.31613 2.16050 2.16050 2.16050 2.16050 2.16050 2.16050 2.15726 1.76817 1.80249 1.86106 1.33834 1.00316 1.00316 1.00316 1.00316 1.00316 1.00316 1.00316 1.00316 1.00316 1.00316 1.00316 1.06394 1.18828 1.22188 1.33196 1.44507 1.56151 1.58894 1.60021 1.59722 1.48761 1.51302 1.73863 1.73886 1.73886 1.73886 1.73886 1.73886 1.73886 1.73886 1.73886 1.74265
1.11871 1.11871 1.11871 1.11871 1.11871 1.11871 1.11871 1.11871 1.11871 1.11871 1.11928 1.19646 2.16710 2.38840 2.52290 2.58181 2.58181 2.58181 2.58181 2.58181 2.58181 2.58181 2.40705 2.16050 2.16050 2.16050 2.16050 2.16050 2.16050 2.16050 1.88450 1.77374 1.86106 1.60131 1.00316 1.00316 1.00316 1.00316 1.00316 1.00316 1.00316 1.00316 1.00325 1.06437 1.17744 1.31298 1.58865 1.66812 1.67106 1.67106 1.67953 1.61734 1.66134 1.73243 1.71788 1.73408 1.73886 1.73886 1.73886 1.73886 1.73886 1.73886 1.73886 1.73886 1.73886 1.73858
1.11871 1.11871 1.11871 1.11871 1.11871 1.11871 1.11951 1.17869 1.27372 1.36888 1.46357 1.50146 2.16555 2.54972 2.58181 2.58181 2.58181 2.58181 2.58181 2.58181 2.58181 2.58181 2.51609 2.16050 2.16050 2.16050 2.16050 2.16050 2.16050 2.16050 2.02594 1.74510 1.86094 1.82969 1.03756 1.00316 1.00316 1.00316 1.00866 1.09498 1.20805 1.32107 1.43404 1.48594 1.48594 1.48607 1.65505 1.67369 1.73484 1.83043 1.94631 1.93468 1.86999 1.86345 1.80203 1.70176 1.69521 1.68866 1.68208 1.67551 1.66897 1.66239 1.65581 1.64926 1.64270 1.63640
1.11871 1.11871 1.11978 1.18091 1.27575 1.37125 1.46525 1.50146 1.50146 1.50146 1.50146 1.50146 1.85113 2.53535 2.58181 2.58181 2.58181 2.58181 2.58181 2.58181 2.58181 2.58181 2.58181 2.19010 2.16050 2.16050 2.16050 2.16050 2.16050 2.16050 2.15251 1.75924 1.84401 1.86106 1.28802 1.12523 1.23384 1.34423 1.45284 1.47904 1.47705 1.47498 1.47283 1.47067 1.51377 1.60851 1.93113 2.20655 2.28825 2.31252 2.32481 1.94477 1.78331 1.78331 1.77157 1.63648 1.63477 1.63477 1.63104 1.60886 1.58419 1.55950 1.53482 1.51013 1.48544 1.46075
1.27816 1.37324 1.46724 1.50146 1.50146 1.50146 1.50146 1.50146 1.50146 1.50146 1.50146 1.50146 1.56039 2.49812 2.58095 2.58181 2.58181 2.58181 2.58181 2.58181 2.58181 2.58181 2.58258 2.26173 2.16564 2.16802 2.17040 2.17278 2.17516 2.17754 2.16068 1.81447 1.71659 1.71215 1.58195 1.45432 1.45354 1.45354 1.45354 1.45354 1.48609 1.58794 1.71362 1.87042 1.95456 1.95456 2.13965 2.32553 2.32980 2.33493 2.34005 2.07107 1.72681 1.69763 1.66788 1.51502 1.44504 1.41204 1.38232 1.37290 1.36592 1.35892 1.35175 1.33375 1.30055 1.26632
1.50146 1.50146 1.50146 1.50146 1.50146 1.50146 1.50146 1.50146 1.50146 1.50422 1.54645 1.60151 1.65663 2.44994 2.64831 2.60415 2.60774 2.61130 2.61486 2.61845 2.62201 2.62559 2.62838 2.37688 2.19322 2.19496 2.16891 2.09851 2.02747 1.95648 1.90467 1.77515 1.58568 1.66924 1.65335 1.47596 1.49489 1.59212 1.71768 1.87375 1.99627 2.00128 2.00392 2.00652 2.00913 2.01174 2.11311 2.58943 2.59124 2.59124 2.59124 2.29554 1.48565 1.44035 1.44035 1.34845 1.24230 1.24230 1.24091 1.21874 1.18956 1.16036 1.13118 1.11413 1.11402 1.11402
1.65327 1.70826 1.76352 1.82331 1.89759 1.96942 2.03786 2.10358 2.16608 2.22373 2.24528 2.25531 2.26488 2.61296 2.83185 2.65269 2.65418 2.65562 2.65701 2.65835 2.65965 2.66090 2.62356 2.43806 2.04963 1.97696 1.93188 1.93131 1.93131 1.93131 1.93131 1.91835 1.60609 1.80479 1.94816 1.91774 2.00355 2.01651 2.01651 2.01651 2.01651 2.01651 2.01651 2.01651 2.01651 2.01651 2.04255 2.59043 2.59124 2.59124 2.59124 2.48812 1.59109 1.44035 1.42908 1.35041 1.17803 1.14882 1.12103 1.11402 1.11402 1.11402 1.11402 1.11402 1.11402 1.11402
2.15923 2.16348 2.34071 2.35016 2.35052 2.35052 2.35052 2.35052 2.35052 2.35052 2.35052 2.35052 2.35052 2.42572 2.89788 2.66342 2.66342 2.66243 2.61497 2.54224 2.46944 2.39671 2.36174 2.33604 1.93410 1.93131 1.93131 1.93131 1.93131 1.93131 1.93131 1.93131 1.92667 2.28743 2.31424 2.17429 2.01651 2.01651 2.01651 2.01651 2.01651 2.01651 2.01651 2.01651 2.01651 2.01651 2.01651 2.46689 2.59124 2.59124 2.52322 2.36796 1.57173 1.26213 1.22153 1.21849 1.12854 1.11402 1.11402 1.11402 1.11402 1.11402 1.11402 1.11402 1.11402 1.11402
2.15923 2.15923 2.31904 2.35052 2.35052 2.35052 2.35052 2.35052 2.35052 2.35052 2.35052 2.35052 2.35052 2.35636 2.82027 2.53159 2.45882 2.38705 2.36174 2.36174 2.36174 2.36174 2.36174 2.36174 1.99935 1.93131 1.93131 1.93131 1.93131 1.93131 1.93131 1.93131 1.93131 2.18244 2.31424 2.26510 2.01651 2.01651 2.01651 2.01651 2.01651 2.01651 2.01651 2.01651 2.01651 2.01478 1.96124 2.10664 2.16931 2.01379 1.92601 1.92574 1.60729 1.21851 1.21851 1.21851 1.15998 1.11402 1.11402 1.11402 1.11402 1.11402 1.11402 1.11402 1.11402 1.11402
2.15923 2.15923 2.28411 2.35052 2.35052 2.35052 2.35052 2.35052 2.35052 2.35764 2.46395 2.60236 2.74017 2.87280 2.81889 2.39992 2.36174 2.36174 2.36174 2.36174 2.36174 2.36174 2.36174 2.36174 2.09033 1.93131 1.93131 1.93131 1.93131 1.93131 1.93131 1.93131 1.93131 2.09029 2.31424 2.31418 2.05820 2.01651 2.01651 2.01651 2.01651 2.00733 1.93981 1.86195 1.78415 1.70802 1.68376 1.75688 1.92574 1.92574 1.92574 1.92574 1.75111 1.25683 1.21851 1.22115 1.20390 1.13633 1.14632 1.15632 1.16645 1.17644 1.18642 1.19644 1.20646 1.21654
