High_resolution/powerplant/Fengdu/OMI_NO2_200805.asc
ncols      200
nrows      200
xllcorner       105.978
yllcorner       28.1831
cellsize     0.0166667
NODATA_Value      -999.000
[rows 0 to 29 of 200, columns 66 to 131 of 200]
1.75677 1.63438 1.62356 1.66824 1.81635 1.81635 1.81487 1.77644 1.72735 1.74654 1.81635 1.81450 1.81156 1.80909 1.84320 1.93006 2.02178 1.91822 1.32193 1.31837 1.31837 1.36878 1.37999 1.37999 1.46165 1.70570 1.70570 1.70570 1.70570 1.70570 1.70570 1.71140 1.75594 1.75594 1.75594 1.75594 1.75594 1.75594 1.68078 1.65112 1.04442 0.619419 0.620967 0.963818 0.987947 0.987947 0.987947 0.987947 0.987947 0.988204 1.07422 1.19818 1.27975 1.33669 1.34133 1.16756 1.17590 1.18341 1.19018 1.19233 1.19233 1.19233 1.19233 1.35954 1.41474 1.41045
1.72913 1.61507 1.54940 1.53103 1.60312 1.57673 1.55764 1.56397 1.57644 1.63780 1.82312 1.90714 1.98713 2.05611 2.09736 2.09844 2.10768 2.05253 1.40140 1.31837 1.31837 1.35071 1.37999 1.37999 1.38419 1.68875 1.70570 1.70570 1.70570 1.70570 1.70570 1.70572 1.74880 1.75594 1.75594 1.75594 1.75594 1.75594 1.71409 1.65112 1.32254 0.619419 0.667109 1.06915 1.26967 1.40556 1.50778 1.50910 1.35138 1.38478 1.39677 1.39661 1.39661 1.39661 1.39647 1.21770 1.19359 1.19690 1.20003 1.20295 1.20566 1.20820 1.21058 1.29879 1.38266 1.38222
1.56700 1.52237 1.45224 1.44247 1.53930 1.59717 1.60746 1.67578 1.75271 1.82953 2.08773 2.09844 2.09844 2.09844 2.09844 2.09844 2.10064 2.11844 1.53424 1.31837 1.31837 1.33258 1.37999 1.37999 1.37999 1.62142 1.70570 1.70570 1.70570 1.70570 1.70570 1.70570 1.73411 1.75594 1.76101 1.78037 1.79915 1.81659 1.82448 1.80409 1.75648 1.48092 1.53669 1.62934 1.70085 1.70273 1.70273 1.68727 1.40279 1.40041 1.40301 1.40542 1.40766 1.40976 1.41171 1.32149 1.23253 1.21501 1.21501 1.21501 1.21501 1.21501 1.21501 1.25639 1.38222 1.38222
1.52563 1.50563 1.41965 1.48166 1.63995 1.80639 1.86523 1.87736 1.87736 1.87736 2.03733 2.09844 2.09844 2.09844 2.09844 2.09844 2.09844 2.12101 1.76032 1.31837 1.31837 1.31910 1.37535 1.37999 1.37999 1.54119 1.70474 1.69678 1.68741 1.67806 1.66870 1.65934 1.72569 1.87510 1.89162 1.91331 1.93486 1.95637 1.97751 1.86847 1.84882 1.59051 1.57007 1.60147 1.66700 1.66024 1.65394 1.64803 1.46526 1.41469 1.41469 1.41469 1.41469 1.41469 1.41469 1.36875 1.24441 1.21501 1.21501 1.21501 1.21501 1.21501 1.21501 1.22002 1.37678 1.38222
1.64442 1.72075 1.71573 1.73104 1.74860 1.87713 1.87736 1.87736 1.87736 1.87736 1.97652 2.09844 2.09844 2.09844 2.09844 2.09844 2.09844 2.11379 1.95962 1.31027 1.29780 1.28531 1.31247 1.32198 1.30949 1.36901 1.63506 1.63366 1.63366 1.64309 1.66456 1.68610 1.73687 1.97143 1.97635 1.96713 1.95746 1.94783 1.94183 1.85334 1.80276 1.64752 1.58973 1.60798 1.65963 1.66160 1.66356 1.66558 1.54671 1.43992 1.44187 1.44387 1.44585 1.44782 1.44978 1.44533 1.29991 1.25606 1.25802 1.25998 1.26198 1.26397 1.26593 1.26790 1.39480 1.43907
1.81189 1.81189 1.76199 1.73104 1.73104 1.85100 1.87736 1.87736 1.87736 1.87736 1.92228 2.10532 2.15280 2.20534 2.25792 2.31055 2.36307 2.31129 2.02197 1.37064 1.35510 1.36645 1.39910 1.45082 1.47810 1.51916 1.80490 1.84406 1.86456 1.87546 1.87458 1.87339 1.87326 2.09724 2.14019 2.14888 2.15724 2.16577 2.17068 2.12401 2.03077 1.92624 1.80099 1.80091 1.72274 1.71548 1.71548 1.71548 1.65274 1.48589 1.48589 1.48589 1.48589 1.48589 1.48589 1.48589 1.37507 1.29264 1.28620 1.28620 1.28620 1.28620 1.28620 1.28619 1.36844 1.45212
1.78994 1.78838 1.75808 1.70441 1.72164 1.83990 1.95200 1.99406 2.03616 2.07815 2.12581 2.43224 2.45289 2.45289 2.45289 2.45289 2.45289 2.43017 2.01511 1.72729 1.57492 1.58816 1.60841 1.74818 1.76288 1.76288 1.87371 1.91918 1.91918 1.91918 1.91918 1.91918 1.91918 2.07131 2.17068 2.17068 2.17068 2.17068 2.17068 2.16215 2.03330 1.98513 1.80099 1.80099 1.74028 1.71548 1.71548 1.71548 1.70582 1.49110 1.48589 1.48589 1.48589 1.48589 1.48589 1.48589 1.41926 1.30440 1.28603 1.28530 1.28454 1.28377 1.28901 1.32612 1.39327 1.45067
1.87462 1.90268 1.93081 1.98962 2.01450 2.04722 2.16092 2.16092 2.16092 2.16092 2.16909 2.36927 2.45289 2.45290 2.45837 2.46827 2.47823 2.48581 2.14625 1.90168 1.61997 1.61997 1.61997 1.72844 1.76288 1.76288 1.83440 1.91918 1.91918 1.91918 1.91918 1.91918 1.91918 2.00651 2.17068 2.17068 2.17068 2.17068 2.17068 2.17068 2.06543 2.02851 1.81645 1.80099 1.75786 1.71548 1.71548 1.71548 1.71548 1.53958 1.48589 1.48589 1.48589 1.48145 1.48994 1.52357 1.53828 1.45687 1.46878 1.51122 1.55367 1.59615 1.63259 1.63721 1.63191 1.45950
1.97363 1.97363 1.97363 2.01837 2.05270 2.08180 2.24214 2.28232 2.31001 2.34204 2.36949 2.41836 2.48791 2.49642 2.49649 2.49201 2.48754 2.48535 2.25577 1.99301 1.63597 1.61997 1.61997 1.68626 1.76288 1.76288 1.78856 1.91918 1.91918 1.91918 1.91918 1.91918 1.91918 1.94247 2.16995 2.17068 2.17068 2.17068 2.17068 2.17068 2.10609 2.03077 1.87311 1.80099 1.77545 1.71543 1.70918 1.69801 1.68084 1.63836 1.66408 1.69785 1.73169 1.76993 1.79526 1.79547 1.79547 1.69465 1.63727 1.63746 1.68002 1.75413 1.82831 1.90249 1.97666 1.91375
2.09791 2.12571 2.15342 2.19401 2.23167 2.27696 2.35949 2.38599 2.39391 2.39704 2.39378 2.40684 2.48850 2.48544 2.48535 2.48535 2.48535 2.48535 2.37124 2.02345 1.74551 1.61997 1.61997 1.64404 1.76288 1.76288 1.76288 1.90335 1.91918 1.91918 1.91918 1.91918 1.91918 1.91918 2.12845 2.17068 2.17068 2.17064 2.16449 2.15379 2.11922 1.99252 1.88151 1.73197 1.70472 1.60790 1.59482 1.58655 1.58441 1.63918 1.79547 1.79564 1.80256 1.81357 1.82523 1.83778 1.85123 1.78812 2.09530 2.22691 2.25847 2.25847 2.25847 2.25847 2.25847 2.16742
2.22810 2.27343 2.31877 2.37676 2.43052 2.43038 2.41669 2.39097 2.38739 2.38441 2.38409 2.38472 2.47600 2.48535 2.48535 2.48535 2.48535 2.48535 2.47162 2.05378 1.85636 1.61997 1.61997 1.62007 1.74467 1.76288 1.76288 1.86860 1.91918 1.91918 1.93117 1.96090 1.99076 2.02065 2.09654 2.11118 2.10051 2.09278 2.09878 2.10963 2.12033 1.93634 1.86054 1.67007 1.67450 1.60113 1.59508 1.59950 1.60429 1.61842 1.87413 1.89845 1.90432 1.90432 1.90432 1.90432 1.90432 1.86209 2.08877 2.25847 2.25847 2.25847 2.25847 2.25847 2.25847 2.21364
2.38964 2.38960 2.38732 2.38621 2.42059 2.41779 2.41526 2.38485 2.38409 2.38409 2.38409 2.38409 2.44681 2.48535 2.48535 2.48535 2.48535 2.48535 2.48535 2.15636 1.95524 1.63403 1.62683 1.66328 1.78570 1.88586 1.92568 2.00981 2.10100 2.13089 2.14876 2.14890 2.15314 2.16390 2.15439 2.12193 2.12928 2.12865 2.11980 2.10996 2.09934 1.91525 1.76950 1.73356 1.73691 1.65925 1.62289 1.62002 1.61554 1.61106 1.81860 1.88340 1.87887 1.87439 1.86991 1.86537 1.86083 1.85133 1.91933 2.21577 2.21232 2.20896 2.20560 2.20224 2.19883 2.19033
2.38094 2.37739 2.37609 2.37609 2.40825 2.41706 2.41706 2.39284 2.38409 2.38409 2.38409 2.38409 2.42011 2.48535 2.48535 2.48615 2.48757 2.48899 2.49038 2.34039 2.16192 1.99314 1.93192 1.93706 1.97922 2.08345 2.08520 2.10344 2.17876 2.18508 2.19100 2.19736 2.19931 2.19359 2.18151 2.09837 2.09205 2.09375 2.09550 2.09722 2.09900 2.00485 1.78083 1.78259 1.78431 1.63422 1.46228 1.46062 1.46062 1.46062 1.60149 1.74204 1.74204 1.74204 1.74204 1.74204 1.74204 1.74204 1.69967 2.13562 2.13676 2.13676 2.13676 2.13676 2.13676 2.13676
2.37586 2.37582 2.37579 2.37575 2.39715 2.41666 2.41662 2.40226 2.38463 2.38573 2.38683 2.38793 2.40138 2.49290 2.49427 2.49484 2.49480 2.49476 2.49474 2.44489 2.24931 2.14239 1.96746 1.94997 1.93701 2.15998 2.18754 2.19452 2.19515 2.19452 2.19452 2.19452 2.19452 2.19452 2.19452 2.12574 2.10963 2.10963 2.10963 2.10963 2.10963 2.09678 1.79860 1.78799 1.78799 1.69912 1.46062 1.46062 1.46062 1.46062 1.53012 1.74204 1.74204 1.74204 1.74204 1.74204 1.74204 1.74204 1.67955 2.06671 2.13676 2.13938 2.15434 2.17086 2.18736 2.20386
2.36995 2.34568 2.31977 2.29382 2.30454 2.42221 2.42335 2.41975 2.39161 2.39161 2.39161 2.39161 2.39164 2.48017 2.49474 2.49474 2.49472 2.48746 2.47434 2.45851 2.25746 2.21473 1.90578 1.88990 1.88990 2.10154 2.19452 2.19452 2.19452 2.19452 2.19452 2.19452 2.19452 2.19452 2.19452 2.14737 2.10963 2.10963 2.10963 2.10963 2.10963 2.10963 1.87937 1.78799 1.78799 1.76501 1.46160 1.46062 1.46062 1.46062 1.46873 1.73226 1.74204 1.74204 1.74204 1.74204 1.75773 1.79227 1.77623 1.94856 2.12117 2.10090 2.06830 2.00752 1.92950 1.86645
2.19196 2.19030 2.19030 2.19030 2.19798 2.41698 2.42726 2.44689 2.44174 2.45920 2.48185 2.50446 2.52138 2.49793 2.46123 2.44811 2.45628 2.49357 2.53673 2.57899 2.43350 2.31398 2.04256 1.88990 1.88990 2.01234 2.19452 2.19452 2.19452 2.19452 2.19452 2.19452 2.19452 2.19452 2.19452 2.16901 2.10963 2.10963 2.10963 2.10963 2.10963 2.10963 1.97300 1.78799 1.78799 1.78799 1.50560 1.46062 1.46062 1.46028 1.45818 1.62898 1.66612 1.65566 1.64525 1.63487 1.60871 1.56376 1.54744 1.60367 1.94187 1.94187 1.94187 1.86622 1.75431 1.70907
2.21491 2.23756 2.26017 2.28284 2.30547 2.50142 2.58233 2.56183 2.52474 2.52565 2.51515 2.50467 2.51033 2.52549 2.52748 2.57066 2.59254 2.59254 2.59254 2.59254 2.49219 2.32592 2.18001 1.88990 1.88990 1.92385 2.19379 2.19452 2.19452 2.19452 2.19452 2.19452 2.19452 2.19452 2.19452 2.18954 2.11074 2.10963 2.10963 2.10963 2.10963 2.10923 2.06309 1.78088 1.77713 1.77842 1.59049 1.51010 1.54150 1.57330 1.60685 1.58304 1.54744 1.54744 1.54744 1.55052 1.56653 1.58279 1.59771 1.54962 1.64392 1.58717 1.53062 1.47052 1.41732 1.41728
2.35104 2.35104 2.33532 2.28771 2.23913 2.30286 2.37633 2.35129 2.39381 2.53661 2.57113 2.60565 2.62974 2.62747 2.59263 2.59254 2.59254 2.59254 2.59254 2.59254 2.55088 2.33788 2.28773 1.90182 1.88990 1.88990 2.13852 2.19452 2.19452 2.19452 2.19452 2.19452 2.19452 2.19587 2.21277 2.23402 2.13491 2.09502 2.09137 2.08770 2.07817 2.05435 2.03260 1.88987 1.91037 1.94055 1.79584 1.61980 1.63341 1.64708 1.65971 1.65737 1.62499 1.63714 1.64843 1.65732 1.65824 1.65824 1.65824 1.61524 1.47417 1.46906 1.46906 1.46906 1.42488 1.41728
2.19930 2.15076 2.11792 2.11701 2.11910 2.19742 2.41513 2.44967 2.48126 2.62102 2.63059 2.63059 2.63059 2.63059 2.60000 2.59254 2.59254 2.59254 2.59254 2.59254 2.59125 2.36811 2.30895 2.03401 1.88990 1.88990 2.06070 2.22709 2.24832 2.26959 2.29078 2.31201 2.33326 2.35311 2.35746 2.34906 2.17967 2.02946 2.00823 1.98981 2.00687 2.04368 2.07827 2.09773 2.10280 1.95378 1.89194 1.70973 1.71043 1.71043 1.71043 1.70917 1.66031 1.65824 1.65824 1.65824 1.65824 1.65771 1.65629 1.65066 1.48422 1.46295 1.46153 1.46015 1.43024 1.40794
2.11734 2.13892 2.17342 2.20797 2.24040 2.25118 2.46855 2.48200 2.48200 2.57950 2.63059 2.63059 2.63059 2.63059 2.61081 2.59254 2.59254 2.59254 2.58257 2.53075 2.47423 2.40434 2.37610 2.26484 2.02173 2.04294 2.12100 2.35035 2.34514 2.34011 2.32347 2.29721 2.28544 2.28736 2.28907 2.29802 2.25237 2.11097 2.13505 2.15570 2.15699 2.15307 2.14930 2.14017 2.12169 1.91217 1.86572 1.67458 1.67170 1.67032 1.66889 1.66751 1.62790 1.61255 1.61113 1.60975 1.60837 1.60751 1.60751 1.60751 1.48740 1.41833 1.41833 1.41833 1.40776 1.37670
2.23476 2.24647 2.24084 2.23493 2.22897 2.22300 2.38039 2.44537 2.43940 2.48690 2.57611 2.54849 2.49740 2.44623 2.36914 2.23427 2.17029 2.10642 2.05242 2.04033 2.03286 2.15308 2.33280 2.30524 1.93119 2.02201 2.15027 2.35298 2.38972 2.42256 2.28254 2.29907 2.30917 2.30917 2.30917 2.30917 2.29998 2.10575 2.10122 2.10122 2.10122 2.10122 2.10122 2.10074 2.08233 1.93585 1.84489 1.68916 1.65970 1.65970 1.65970 1.65970 1.63465 1.60751 1.60751 1.60751 1.60751 1.60751 1.60751 1.60751 1.54065 1.41857 1.41833 1.41833 1.42416 1.42560
2.10943 2.10469 2.10436 2.10431 2.10324 2.10173 2.15249 2.16400 2.11884 2.08481 2.17522 2.15351 2.15351 2.15351 2.14541 1.99853 1.99618 2.01867 2.07681 2.13191 2.20567 2.33233 2.65002 2.78795 2.69048 2.60091 2.60091 2.55733 2.53322 2.53322 2.36233 2.30917 2.30917 2.30917 2.30917 2.30917 2.30917 2.14988 2.10122 2.10122 2.10122 2.10122 2.10122 2.10122 2.08761 1.99602 1.84489 1.72701 1.65970 1.65970 1.65970 1.65970 1.64781 1.60751 1.60751 1.60751 1.60751 1.60751 1.60751 1.61297 1.61051 1.56466 1.61453 1.66920 1.71774 1.65440
2.09513 2.09709 2.09559 2.09413 2.09370 2.09370 2.07818 2.00491 2.00491 2.00491 2.10875 2.12516 2.10524 2.08400 2.06141 2.25963 2.39144 2.45063 2.48717 2.57423 2.66650 2.74409 3.04144 3.08644 2.91421 2.60091 2.60091 2.57724 2.53322 2.53322 2.42002 2.30917 2.30917 2.30917 2.30917 2.30917 2.30917 2.20316 2.10122 2.10122 2.10122 2.10122 2.10122 2.10122 2.09337 2.05600 1.84508 1.76491 1.65970 1.65970 1.65970 1.65970 1.65861 1.60884 1.61260 1.62344 1.63430 1.64515 1.65600 1.66137 1.65801 1.68428 1.63780 1.59520 1.55654 1.53645
2.05776 2.09370 2.09357 2.08145 2.06073 2.03876 2.01503 1.89769 1.85841 1.82641 1.92027 2.06109 2.10429 2.14737 2.19045 2.44135 2.64946 2.72687 2.80269 2.82732 2.82732 2.82732 2.98831 3.08644 3.05084 2.60744 2.60091 2.59615 2.53416 2.53322 2.47774 2.30917 2.30917 2.30917 2.30917 2.30917 2.30917 2.25643 2.10122 2.10122 2.10122 2.10122 2.10122 2.10122 2.09909 2.07965 1.87354 1.79164 1.64556 1.65331 1.66290 1.67250 1.68209 1.66168 1.65437 1.65437 1.64896 1.60906 1.56687 1.52027 1.46863 1.48395 1.57683 1.59307 1.60932 1.62706
1.95770 1.96138 1.93304 1.92142 1.92142 1.93807 1.99075 1.96857 1.98403 2.05141 2.11605 2.23854 2.33248 2.42925 2.52590 2.65530 2.82732 2.82732 2.82732 2.82732 2.82732 2.82732 2.92211 3.08633 3.08644 2.74361 2.60091 2.60091 2.54932 2.53322 2.52709 2.31750 2.30917 2.30917 2.30917 2.30917 2.30917 2.27767 2.09467 2.09005 2.08532 2.08059 2.07586 2.06337 2.03077 2.05768 1.94952 1.86152 1.69889 1.69791 1.69791 1.68850 1.64316 1.56000 1.48254 1.43160 1.38833 1.36754 1.35079 1.34191 1.34191 1.37352 1.65151 1.65448 1.65448 1.65448
1.93173 1.98121 2.03987 2.10588 2.18053 2.23613 2.23756 2.19897 2.22418 2.35312 2.48205 2.57332 2.57601 2.57601 2.57601 2.58759 2.82162 2.82732 2.82732 2.82732 2.82732 2.82732 2.85738 3.08485 3.08644 2.90756 2.60091 2.60091 2.56921 2.52425 2.45946 2.22109 2.08665 2.01221 1.93772 1.86328 1.78884 1.73946 1.96868 2.02374 1.99483 1.96591 1.93698 1.90386 1.86477 1.93337 1.92763 1.78239 1.57145 1.48224 1.43029 1.39054 1.37673 1.36919 1.34191 1.34191 1.34191 1.34191 1.34191 1.34191 1.34191 1.34336 1.60083 1.65448 1.65448 1.65448
2.23211 2.23756 2.23756 2.24434 2.34383 2.47273 2.60177 2.69269 2.57708 2.57708 2.57708 2.57639 2.57601 2.57601 2.57601 2.57601 2.77408 2.82732 2.82732 2.82732 2.82732 2.82746 2.84418 2.97649 2.92811 2.82403 2.25939 2.17962 2.09332 1.97196 1.96237 1.85594 1.73832 1.72362 1.69478 1.66236 1.60080 1.53364 1.63580 1.76389 1.72560 1.68738 1.64906 1.62275 1.62253 1.67156 1.81911 1.65072 1.44762 1.39615 1.39721 1.39824 1.39928 1.39976 1.36839 1.36760 1.36863 1.36968 1.37074 1.37178 1.37282 1.37386 1.55426 1.68853 1.68957 1.69062
2.34060 2.44445 2.57340 2.69561 2.72506 2.72506 2.72506 2.72506 2.59773 2.58887 2.60320 2.61353 2.61694 2.62761 2.64219 2.68276 2.84831 2.98538 3.02168 3.05796 3.09427 3.13032 3.15001 2.86986 2.64011 2.64065 2.21048 2.04456 1.96136 1.82482 1.73730 1.60950 1.44180 1.38927 1.35088 1.31617 1.31045 1.31045 1.38601 1.63550 1.63550 1.63550 1.63550 1.63550 1.63550 1.63847 1.82641 1.73996 1.49284 1.41477 1.41477 1.41477 1.41477 1.41477 1.39002 1.37994 1.37994 1.37994 1.37994 1.37994 1.37994 1.37994 1.47835 1.69251 1.69251 1.69251
2.98593 2.96509 2.97932 2.99351 3.00777 3.02199 3.03622 3.04880 3.00857 3.02760 3.07388 3.11427 3.02268 3.05274 3.08348 3.08824 3.12834 3.23710 3.23710 3.23710 3.23371 3.19138 3.13775 2.86608 2.32994 2.19269 1.75085 1.19549 1.12634 1.25297 1.34137 1.34091 1.31219 1.31045 1.31045 1.31045 1.31045 1.31045 1.31746 1.62117 1.63550 1.63550 1.63550 1.63550 1.63550 1.63550 1.77013 1.77968 1.55931 1.41477 1.41477 1.41477 1.41477 1.41477 1.39882 1.37994 1.37994 1.37994 1.37994 1.37994 1.37994 1.37994 1.38429 1.60408 1.54359 1.48041
3.04579 3.05975 3.05463 3.04953 3.04441 3.03930 3.03420 3.03072 3.10961 3.26005 3.26005 3.26005 3.13074 3.08837 3.08904 3.08972 3.09342 3.02298 2.91881 2.79626 2.67669 2.59035 2.45982 2.31518 1.69857 1.63208 1.58009 1.12902 1.12634 1.19037 1.34137 1.34137 1.31968 1.31045 1.31045 1.31045 1.31045 1.31045 1.31045 1.54537 1.63550 1.63550 1.63550 1.63550 1.63550 1.63550 1.71091 1.80636 1.64022 1.41788 1.41477 1.41477 1.41477 1.41477 1.40765 1.37994 1.37965 1.34990 1.30029 1.25074 1.20115 1.15156 1.11876 1.30775 1.37308 1.39810
