High_resolution/powerplant/Fengdu/OMI_NO2_2005_06-08.asc
ncols      200
nrows      200
xllcorner       105.978
yllcorner       28.1831
cellsize     0.0166667
NODATA_Value      -999.000
[rows 150 to 179 of 200, columns 66 to 131 of 200]
1.90769 1.91025 1.88094 1.93949 1.92356 1.92356 1.94606 1.89519 1.84329 1.84329 1.79644 1.67164 1.64813 1.64312 1.61950 1.68243 1.49358 1.34971 1.06444 1.05717 1.05277 1.05742 1.05337 1.05612 1.06923 1.02294 0.895891 1.04195 1.05359 1.07024 1.08509 1.09740 1.09969 1.11945 1.20363 1.34520 1.51077 1.53469 1.55226 1.54854 1.52043 1.48758 1.50371 1.46534 1.46953 1.52824 1.60914 1.72448 1.77865 1.79565 1.79066 1.65267 1.60767 1.61547 1.62284 1.62444 1.63041 1.63642 1.65346 1.66092 1.40094 1.32794 1.46030 1.45910 1.33546 1.33477
1.91614 1.91614 1.86745 1.92421 1.90342 1.90342 1.92356 1.89143 1.81502 1.81382 1.79908 1.72149 1.53538 1.39133 1.26295 1.23095 1.21846 1.22183 1.12920 1.11782 1.11289 1.11614 1.11227 1.10429 1.10429 1.09578 0.898514 1.06388 1.08903 1.10378 1.19238 1.26011 1.30754 1.36488 1.35529 1.37893 1.58478 1.57613 1.57526 1.58412 1.57570 1.66168 1.73129 1.78467 1.84860 1.84435 1.85328 1.88385 1.88460 1.89692 1.89421 1.81754 1.71124 1.70846 1.71105 1.70861 1.70560 1.70209 1.69971 1.69960 1.31578 1.13043 1.17130 1.45087 1.29036 1.31492
1.96979 1.99238 1.93129 1.98994 1.97653 1.97352 1.98931 1.94669 1.73003 1.55497 1.38921 1.28305 1.28415 1.22220 1.20475 1.20980 1.19595 1.18443 1.14048 1.12461 1.11749 1.12736 1.08013 1.04119 1.03587 1.06516 1.03620 1.13439 1.27458 1.30549 1.30904 1.30904 1.30904 1.32961 1.31290 1.32005 1.56914 1.64185 1.68937 1.75667 1.82985 1.90066 1.91182 1.88912 1.86416 1.85031 1.85066 1.88067 1.88001 1.88990 1.88081 1.87166 1.70837 1.69286 1.69308 1.69343 1.69343 1.69263 1.69624 1.70789 1.44952 1.17832 1.18490 1.20902 1.16840 1.14028
2.06670 2.09907 2.08763 2.13942 1.96702 1.79866 1.63483 1.50542 1.42262 1.35090 1.32973 1.33007 1.34255 1.24325 1.21126 1.22213 1.22961 1.23701 1.21782 1.18644 1.17863 1.25469 1.28984 1.27332 1.32782 1.35558 1.31794 1.16310 1.32961 1.30705 1.30705 1.30705 1.30950 1.36703 1.40945 1.47391 1.75485 1.83974 1.84362 1.83404 1.84342 1.88403 1.90772 1.90156 1.86961 1.85140 1.84488 1.86548 1.86259 1.87599 1.87255 1.87171 1.73110 1.68222 1.69152 1.70272 1.71450 1.72545 1.73450 1.73553 1.58766 1.26026 1.27649 1.18462 1.18304 1.20160
2.08091 1.91214 1.76549 1.61350 1.45327 1.45038 1.43656 1.43279 1.43315 1.41102 1.41426 1.41230 1.41958 1.31959 1.22305 1.23155 1.23912 1.35413 1.44175 1.49164 1.53024 1.53744 1.50335 1.39418 1.41396 1.41396 1.43399 1.15998 1.30579 1.31498 1.38050 1.47253 1.60077 1.65860 1.60621 1.58460 1.72289 1.84832 1.85306 1.84294 1.85460 1.87441 1.90002 1.90930 1.87401 1.85115 1.84405 1.86395 1.87366 1.89152 1.90151 1.91651 1.83478 1.73041 1.73595 1.73676 1.73598 1.73276 1.72542 1.69648 1.68172 1.31380 1.33701 1.31101 1.29330 1.32478
1.73811 1.78980 1.83844 1.69876 1.42143 1.42650 1.42650 1.42650 1.44005 1.41992 1.41400 1.41992 1.43370 1.49781 1.47443 1.62294 1.68359 1.67860 1.61969 1.60171 1.56355 1.54272 1.55999 1.44940 1.47155 1.49394 1.59010 1.46331 1.57756 1.65336 1.65336 1.65336 1.63263 1.65336 1.59822 1.57634 1.65721 1.85306 1.85306 1.84843 1.86160 1.87043 1.90942 1.92007 1.88756 1.85376 1.86482 1.90419 1.93501 1.96264 1.92838 1.91751 1.90349 1.72241 1.71380 1.69039 1.65583 1.61820 1.60324 1.60674 1.62150 1.32013 1.32381 1.33274 1.27215 1.30866
1.77566 1.74845 1.79234 1.77681 1.42952 1.42887 1.42887 1.42887 1.45841 1.56081 1.64529 1.73696 1.79760 1.81068 1.61197 1.69161 1.67860 1.66186 1.63677 1.63630 1.58277 1.57380 1.65933 1.64279 1.78980 1.89982 1.94469 1.84232 1.62035 1.67203 1.67203 1.70427 1.68891 1.67272 1.60015 1.57466 1.57080 1.85051 1.83413 1.84446 1.84901 1.86429 1.90390 1.93797 1.97737 1.98222 1.96292 1.98143 1.98413 1.99767 1.96505 1.88178 1.82176 1.65263 1.58416 1.59186 1.57962 1.57248 1.58633 1.59375 1.59107 1.43550 1.38385 1.40197 1.33540 1.35766
1.82042 1.79234 1.83205 1.83205 1.51306 1.43653 1.56452 1.76128 1.80286 1.78887 1.76322 1.78887 1.79318 1.82116 1.63305 1.66186 1.65010 1.63507 1.63722 1.66955 1.72119 1.75928 1.80520 1.73287 1.72336 1.72336 1.75967 1.75704 1.49776 1.54359 1.52160 1.54461 1.49402 1.46523 1.36791 1.31710 1.33381 1.71388 1.77296 1.85706 1.87265 1.89474 1.91226 1.93729 1.95516 1.96878 1.94965 1.90024 1.82848 1.79192 1.75323 1.75027 1.75322 1.70006 1.61035 1.63045 1.62201 1.64347 1.66432 1.67433 1.66315 1.56954 1.28685 1.29356 1.21520 1.21001
1.78563 1.79989 1.79989 1.79989 1.58657 1.42332 1.50467 1.78842 1.78887 1.76762 1.76762 1.79504 1.79634 1.83565 1.74928 1.77399 1.82306 1.96185 1.91897 1.90600 1.93507 1.84969 1.89268 1.80350 1.77062 1.77214 1.77280 1.77280 1.53092 1.33959 1.33959 1.40205 1.38325 1.44122 1.43473 1.45210 1.55173 1.72642 1.75903 1.78895 1.77362 1.78666 1.80283 1.78547 1.72312 1.67703 1.65069 1.64523 1.63755 1.63780 1.65176 1.63111 1.64174 1.64749 1.49700 1.49381 1.48029 1.48651 1.45984 1.44127 1.41238 1.48438 1.52333 1.49194 1.41369 1.29403
1.10834 1.75480 1.75480 1.75480 1.65520 1.40946 1.42685 1.75233 1.79821 1.78656 1.80885 1.92095 2.02682 2.23078 2.22397 2.08683 2.02745 2.04041 1.99638 2.01190 2.06644 2.06251 2.09740 2.07674 2.05102 2.08386 2.11671 2.14955 2.00405 1.95251 2.02624 2.11303 2.16167 2.20178 2.23399 2.23599 2.24620 1.99886 1.69575 1.66850 1.59155 1.54180 1.54760 1.53272 1.55051 1.55946 1.58157 1.59588 1.58908 1.59206 1.62179 1.60399 1.61102 1.65782 1.53098 1.50899 1.52473 1.53174 1.51806 1.50477 1.44600 1.46560 1.56030 1.45416 1.42448 1.36700
1.10304 1.73932 1.73390 1.75084 1.71048 1.43308 1.45654 1.76283 1.94563 2.04288 2.15765 2.21125 2.23269 2.30803 2.30935 2.26086 2.29305 2.27166 2.27119 2.24577 2.24541 2.21833 2.21589 2.21465 2.16061 1.94224 1.71940 1.48610 1.40941 2.16206 2.21347 2.22133 2.21347 2.21638 2.22940 2.21106 2.14820 1.96017 1.48086 1.46213 1.44525 1.46157 1.50974 1.50986 1.55986 1.56955 1.59334 1.60789 1.60100 1.60478 1.64726 1.64726 1.65271 1.70571 1.61940 1.53676 1.57593 1.57976 1.55892 1.53645 1.49444 1.48417 1.59714 1.47922 1.47500 1.52500
1.17057 1.75586 1.76497 1.77063 1.75023 1.58583 1.48888 2.29945 2.28925 2.34624 2.39549 2.43077 2.40648 2.45111 2.44381 2.33347 2.32845 2.30745 2.32627 2.29409 2.10759 1.88323 1.63735 1.41103 1.34467 1.36519 1.36519 1.34897 1.34897 1.96786 2.23062 2.22276 2.13440 2.06169 2.02375 2.00854 2.00603 2.00425 1.47980 1.47622 1.45980 1.47622 1.52955 1.52966 1.58302 1.59221 1.61574 1.62871 1.62259 1.63327 1.68643 1.70085 1.72634 1.74358 1.70781 1.59687 1.58446 1.56725 1.55308 1.53515 1.49128 1.49544 1.55813 1.47188 1.50840 1.56570
1.12030 1.12030 1.77967 1.11413 1.11413 1.10651 1.09967 2.45810 2.40391 2.40648 2.40648 2.45264 2.43077 2.47179 2.46466 2.30512 2.07729 1.82258 1.59672 1.38433 1.32700 1.40362 1.32469 1.32469 1.31554 1.34897 1.34897 1.33488 1.43571 1.75823 2.03140 1.97209 2.00642 1.99156 2.00611 2.02174 2.02174 2.03706 1.56302 1.47622 1.45980 1.45980 1.51460 1.51468 1.57189 1.58290 1.60806 1.61574 1.59518 1.59174 1.58402 1.57279 1.61560 1.64434 1.63791 1.56732 1.55017 1.55893 1.57385 1.58509 1.59564 1.64394 1.66196 1.52392 1.47802 1.49887
1.34362 1.34362 1.34362 1.36096 1.36096 1.30558 1.28477 1.16942 2.32963 2.32963 2.32963 2.32446 2.05554 1.77641 1.51893 1.29801 1.29598 1.25038 1.29576 1.32895 1.29123 1.36479 1.28592 1.28592 1.32808 1.48975 1.56747 1.61839 1.63358 1.65812 1.96589 1.94531 1.98562 1.96674 1.97008 1.97710 2.01716 2.00568 1.68636 1.50388 1.49082 1.49082 1.54264 1.54146 1.56798 1.53222 1.45464 1.36333 1.30923 1.32720 1.46715 1.48560 1.59188 1.62416 1.61682 1.60632 1.68568 1.71775 1.70667 1.68420 1.65644 1.66699 1.66583 1.58182 1.47428 1.47410
1.38855 1.38855 1.45467 1.48370 1.48370 1.43514 1.42519 1.24461 2.01950 1.80550 1.62838 1.37479 1.31160 1.27848 1.32067 1.35109 1.40446 1.40406 1.40023 1.46833 1.46310 1.58130 1.59452 1.64294 1.63606 1.70471 1.69844 1.69262 1.68814 1.64150 1.91344 1.94439 1.97922 1.96961 1.97782 1.98622 2.02374 2.01862 1.80556 1.48474 1.46077 1.42464 1.42879 1.31907 1.34100 1.33216 1.31711 1.30062 1.30761 1.32558 1.42363 1.45101 1.52162 1.57243 1.55409 1.56576 1.67449 1.64400 1.63221 1.60868 1.58066 1.58947 1.57763 1.61829 1.67444 1.69094
1.38855 1.38855 1.45467 1.48370 1.48370 1.43514 1.41842 1.18334 1.35519 1.35111 1.40273 1.30575 1.25038 1.31160 1.35727 1.39453 1.49913 1.50593 1.55419 1.66461 1.67048 1.69660 1.66402 1.67285 1.67984 1.75775 1.78342 1.78473 1.79695 1.75482 1.90310 1.95199 1.98967 1.97121 1.96961 1.97538 1.97008 1.94190 1.80003 1.30815 1.30478 1.29959 1.33264 1.29782 1.31646 1.30240 1.27045 1.22511 1.20306 1.18688 1.23229 1.33032 1.39368 1.45302 1.44125 1.43933 1.53317 1.52003 1.51639 1.51543 1.49625 1.52732 1.52384 1.74504 2.05565 2.08889
1.27284 1.27284 1.32818 1.34240 1.38855 1.29163 1.29163 1.09733 1.03266 1.21994 1.26418 1.19190 1.17282 1.32978 1.50947 1.64707 1.75773 1.73629 1.75679 1.80545 1.79976 1.82700 1.75555 1.75972 1.77081 1.82148 1.85213 1.80639 1.80715 1.75378 1.86737 1.93965 1.96640 1.87817 1.78477 1.77729 1.79880 1.89047 1.90313 1.23322 1.22815 1.22808 1.23404 1.17974 1.16099 1.12792 1.12098 1.12145 1.12985 1.14067 1.16757 1.30022 1.34468 1.45583 1.44763 1.44763 1.50993 1.54209 1.52385 1.52385 1.50561 1.52130 1.50226 1.68909 2.07545 2.11417
1.24389 1.29512 1.28713 1.29841 1.33467 1.28294 1.32805 1.16171 1.02367 1.28886 1.36545 1.39643 1.43227 1.45948 1.45809 1.62481 1.95872 1.95354 1.94521 1.97230 1.92342 1.91431 1.74576 1.72446 1.70517 1.76668 1.86785 1.85711 1.90445 1.93105 2.05632 1.74973 1.78989 1.73461 1.70624 1.77359 1.78114 1.88340 1.96446 1.30955 1.16739 1.13893 1.15120 1.11495 1.13412 1.12760 1.12760 1.11968 1.12040 1.13201 1.15891 1.26919 1.32203 1.46679 1.47132 1.47132 1.50023 1.57388 1.55491 1.53418 1.51132 1.52975 1.50345 1.61696 1.99960 2.08700
1.05542 1.09357 1.07894 1.07530 1.10498 1.87964 1.84230 1.73879 1.59009 1.54636 1.31067 1.28152 1.27594 1.25135 1.30369 1.51058 1.83291 1.93371 1.93371 1.96474 1.92963 1.92963 1.79225 1.78460 1.81594 1.91515 2.10684 2.12777 2.12777 2.10817 2.13890 1.92237 1.83480 1.76950 1.73491 1.78163 1.76715 1.79277 1.94478 1.38873 1.10940 1.10940 1.13720 1.09641 1.12281 1.11509 1.11509 1.11351 1.11540 1.12914 1.15988 1.21463 1.31628 1.41658 1.41575 1.40074 1.41204 1.48025 1.49754 1.52402 1.52569 1.54034 1.50948 1.56718 1.95028 2.08338
0.810078 0.793679 0.850582 0.837772 1.78723 1.77920 1.71760 1.67981 1.52624 1.55654 1.28857 1.24076 1.24076 1.21911 1.27392 1.43789 1.71384 1.92070 1.95795 2.05432 2.03626 2.10203 2.08555 2.02576 2.00272 2.02689 2.13274 2.13386 2.13386 2.11294 2.14679 2.04939 1.76188 1.66206 1.59774 1.67738 1.68064 1.69103 1.89157 1.54077 1.10940 1.10940 1.13720 1.09641 1.12493 1.12637 1.13640 1.18546 1.23073 1.27977 1.31972 1.35109 1.42951 1.44233 1.40697 1.42830 1.43011 1.45725 1.50524 1.50659 1.46986 1.45266 1.41032 1.40866 1.85886 2.06410
0.913933 0.908739 0.957453 0.908739 1.76440 1.75603 1.70213 1.70070 1.54475 1.56150 1.38074 1.23921 1.23921 1.22008 1.30482 1.43313 1.73513 2.11299 2.19136 2.23510 2.18742 2.18742 2.14129 2.02009 1.99773 2.01955 2.09906 2.12010 2.13947 2.13273 2.17887 2.15143 1.76839 1.64373 1.60547 1.61662 1.62884 1.63065 1.81058 1.62814 1.11559 1.17718 1.23379 1.25047 1.28794 1.31282 1.33364 1.34776 1.36371 1.38293 1.39656 1.40993 1.51935 1.55910 1.46148 1.46926 1.46391 1.46048 1.50760 1.48866 1.45419 1.42666 1.40950 1.41139 1.72175 2.11418
0.908739 0.956568 1.00533 0.956568 1.75847 1.74935 1.69352 1.69352 1.58105 1.57693 1.50915 1.33826 1.37322 1.41014 1.54360 1.54475 1.82343 2.21774 2.22914 2.26215 2.22022 2.22022 2.16978 2.03625 2.00749 2.03406 2.10945 2.16101 2.17316 2.16995 2.21952 2.21897 1.96892 1.79617 1.79863 1.82592 1.88600 1.84901 1.88965 2.01292 1.36829 1.33340 1.34320 1.33001 1.32422 1.31705 1.31656 1.33004 1.35070 1.37233 1.38550 1.39754 1.43586 1.49729 1.40672 1.39021 1.38228 1.37666 1.45335 1.44982 1.42904 1.38884 1.35281 1.32295 1.54306 1.95818
0.916115 0.967011 1.01779 0.967011 0.967011 1.68556 1.63057 1.65654 1.60949 1.57530 1.57774 1.57530 1.54689 1.46952 1.55134 1.53322 1.78001 2.10736 2.18691 2.21653 2.19537 2.20283 2.17782 2.10302 2.05622 2.08966 2.13993 2.21925 2.23572 2.20296 2.24474 2.20670 2.10591 1.84457 1.81693 1.82117 1.91678 1.88367 1.92483 2.04778 1.48907 1.32271 1.32271 1.30349 1.30332 1.28846 1.28642 1.29640 1.30494 1.29752 1.29603 1.28553 1.28848 1.42449 1.37969 1.34852 1.35408 1.35941 1.42729 1.44937 1.46687 1.29928 1.28033 1.26478 1.35319 1.72252
0.934701 0.975340 1.01519 0.931867 0.931867 1.69120 1.65518 1.69991 1.68588 1.61754 1.60548 1.61754 1.58916 1.50319 1.58100 1.58090 1.75765 1.99790 2.13517 2.16075 2.11592 2.10293 2.02888 1.93735 1.91110 1.96433 1.95291 2.04630 2.03359 2.00932 2.00767 1.93926 1.91742 1.54806 1.45972 1.43909 1.44191 1.41934 1.41384 1.49732 1.54476 1.56060 1.56868 1.59935 1.60852 1.62185 1.60058 1.57710 1.55438 1.53809 1.53367 1.51437 1.53367 1.65363 1.64551 1.59599 1.59599 1.63053 1.66040 1.70970 1.72658 1.60387 1.53920 1.51449 1.50976 1.70372
0.891351 0.931867 0.974872 0.930487 0.939691 1.66438 1.63875 1.71330 1.75552 1.68135 1.70050 1.70609 1.73324 1.74351 1.79208 1.80541 1.77941 1.64323 1.54915 1.52360 1.49987 1.48235 1.44720 1.43969 1.42600 1.47616 1.47670 1.56210 1.52000 1.52922 1.48150 1.48146 1.55041 1.32534 1.16847 1.15840 1.16879 1.19176 1.20612 1.25271 1.48887 1.59613 1.56758 1.57159 1.54452 1.55974 1.53401 1.52677 1.52423 1.48617 1.48156 1.45916 1.46625 1.55614 1.61881 1.53842 1.53727 1.57180 1.57541 1.65887 1.69107 1.60741 1.50995 1.49461 1.50744 1.63237
0.860995 0.961302 1.05038 1.02537 1.10033 1.08377 1.86802 1.87479 1.88178 1.82095 1.80971 1.79773 1.77988 1.73976 1.72823 1.71771 1.70118 1.54308 1.44131 1.44131 1.44296 1.44296 1.42446 1.44296 1.44524 1.49957 1.49957 1.56028 1.50438 1.50438 1.46040 1.46040 1.53256 1.44415 1.18404 1.17103 1.19746 1.18268 1.16345 1.10056 1.35953 1.54964 1.54964 1.57447 1.57447 1.59670 1.58789 1.54974 1.56645 1.52447 1.50217 1.47614 1.48296 1.50590 1.63116 1.56428 1.56378 1.61280 1.65392 1.73919 1.81070 1.77187 1.62422 1.60757 1.61781 1.62330
0.884769 0.990187 1.08480 1.04798 1.13354 1.09847 2.01098 2.01988 2.06954 1.94323 1.76015 1.74680 1.73856 1.71570 1.72456 1.72900 1.71822 1.62388 1.48987 1.48183 1.48579 1.48579 1.46330 1.48579 1.48621 1.54795 1.54836 1.60645 1.54752 1.54752 1.52659 1.52659 1.57938 1.55762 1.12110 1.04226 1.03470 0.988145 1.02935 1.00659 1.25023 1.52153 1.53073 1.57447 1.57447 1.59670 1.61088 1.57006 1.58724 1.55160 1.50165 1.44756 1.43014 1.38269 1.54576 1.63639 1.72464 1.70984 1.69915 1.75944 1.85776 1.84049 1.71371 1.73568 1.77727 1.74597
2.16852 2.19190 2.27158 2.29071 2.26318 2.26318 2.27832 2.13332 2.13874 2.03533 1.75075 1.74320 1.73634 1.72152 1.72992 1.73422 1.72456 1.66447 1.53173 1.50489 1.50981 1.50981 1.48725 1.50981 1.50981 1.56449 1.54836 1.58868 1.52242 1.52242 1.50023 1.50023 1.57232 1.56992 0.987462 0.963134 1.01004 1.00069 1.04322 1.01772 1.16774 1.48069 1.53288 1.57545 1.54948 1.50198 1.46581 1.38161 1.37096 1.28837 1.22872 1.20363 1.21178 1.18961 1.23430 1.32498 1.51340 1.52131 1.56021 1.60093 1.77899 1.82814 1.88738 1.90822 1.90091 1.76786
2.13728 2.13728 2.23779 2.26557 2.23908 2.23908 2.27282 2.14025 2.10988 2.06517 1.76376 1.71959 1.71585 1.69890 1.70672 1.70672 1.69592 1.66204 1.50798 1.45161 1.43396 1.43396 1.41588 1.43396 1.43396 1.48347 1.47003 1.51518 1.45287 1.45308 1.00624 1.00624 0.935563 0.961574 1.06736 1.03903 1.08594 1.04361 1.00294 0.971107 1.00918 1.25793 1.31986 1.36734 1.36004 1.33505 1.33145 1.25614 1.28100 1.27339 1.24525 1.22140 1.22735 1.20739 1.26080 1.30480 1.64269 1.72834 1.85091 1.83130 1.92399 1.92049 1.92930 1.88335 1.87511 1.83211
2.12976 2.12976 2.25395 2.31522 2.28111 2.29727 2.34452 2.26101 2.14869 2.12520 1.85948 1.72843 1.71711 1.70074 1.71062 1.71062 1.69717 1.68677 1.52766 1.45911 1.43684 1.43684 1.41680 1.43684 1.43684 1.46504 0.933060 0.844197 0.966781 0.972965 0.933706 0.960435 0.882337 0.947184 1.01707 0.985546 1.03056 0.977678 0.948697 0.948515 0.948515 1.11687 1.24078 1.35751 1.35751 1.33527 1.33527 1.32060 1.31068 1.30977 1.29032 1.29958 1.39180 1.48198 1.57790 1.62716 1.85512 1.93939 1.98981 1.94083 1.99052 2.03679 2.13608 2.25554 2.29297 2.33264
