High_resolution/powerplant/Fengdu/OMI_NO2_201001.asc
ncols      200
nrows      200
xllcorner       105.978
yllcorner       28.1831
cellsize     0.0166667
NODATA_Value      -999.000
[rows 87 to 115 of 200, columns 67 to 133 of 200]
4.67546 4.67546 4.67546 4.67546 4.67546 4.67153 3.07771 2.88807 2.88807 2.88807 2.88807 2.88807 2.88807 2.88807 2.88500 2.81913 2.72860 2.63812 2.54753 2.45705 2.38257 2.37513 0.00000 0.00000 0.00000 0.00000 0.00000 0.00000 0.00000 0.00000 0.00000 0.00000 0.00000 0.00000 0.00000 0.00000 0.00000 0.00000 0.00000 0.00000 0.00000 0.00000 0.00000 0.00000 9.67844 9.67844 9.67844 9.67844 9.67844 9.54331 7.95501 7.80792 7.08292 6.30656 6.20656 6.18360 6.18360 6.18360 6.18360 6.18360 6.18360 6.18360 6.18360 6.18360 6.18360 6.18360 5.87752
4.67546 4.67546 4.67546 4.67546 4.67546 4.67546 3.57032 2.88807 2.88807 2.84935 2.75907 2.66859 2.57805 2.48752 2.39981 2.37513 2.37513 2.37513 2.37513 2.37513 2.37513 2.37513 2.37513 0.00000 0.00000 0.00000 0.00000 0.00000 0.00000 0.00000 0.00000 0.00000 0.00000 0.00000 0.00000 0.00000 0.00000 0.00000 0.00000 0.00000 9.67844 9.67844 9.67844 9.67844 9.63706 9.38262 9.16764 9.00650 8.88124 8.79178 7.86182 7.47236 7.26384 6.18360 6.18360 6.18360 6.18360 6.18360 6.18360 6.18360 6.18360 6.18360 6.18360 6.18360 6.18360 6.18360 6.16440
4.67546 4.67546 4.67546 4.66714 4.60613 4.53599 3.83497 2.51768 2.42720 2.37539 2.37513 2.37513 2.37513 2.37513 2.37513 2.37513 2.37513 2.37513 2.37513 2.37513 2.37513 2.37513 2.37513 0.00000 0.00000 0.00000 0.00000 0.00000 0.00000 0.00000 0.00000 0.00000 0.00000 0.00000 0.00000 0.00000 9.67844 9.67844 9.67844 9.62372 9.37636 9.16589 9.00650 8.88124 8.79178 8.77971 8.77971 8.77971 8.77971 8.77971 8.23671 7.47236 7.47236 6.38562 6.18360 6.18360 6.18360 6.18360 6.18360 6.18360 6.18360 6.18360 6.18360 6.18360 6.18360 6.18360 6.14363
4.50179 4.43173 4.36136 4.29958 4.29029 4.29029 4.15005 2.39467 2.37513 2.37513 2.37513 2.37513 2.37513 2.37513 2.37513 2.37513 2.37513 2.37513 2.37513 2.37513 2.37513 2.37513 2.37513 0.00000 0.00000 0.00000 0.00000 0.00000 0.00000 0.00000 0.00000 0.00000 9.67844 9.67844 9.58875 9.29308 9.15187 9.00510 8.88013 8.79132 8.77971 8.77971 8.77971 8.77971 8.77971 8.77971 8.77971 8.77971 8.77971 8.77971 8.61125 7.47288 7.47236 6.79576 6.18360 6.18360 6.18360 6.18360 6.18360 6.18360 6.18360 6.18360 6.15263 6.01421 5.86681 5.71945 5.61207
4.29029 4.29029 4.29029 4.29029 4.29029 4.29029 4.29029 2.78644 2.37513 2.37513 2.37513 2.37513 2.37513 2.37513 2.37513 2.37513 2.37513 2.37513 2.37513 2.37513 2.37513 2.37513 2.37513 2.37513 0.00000 0.00000 0.00000 0.00000 9.67844 9.67844 9.67844 9.67844 9.67844 9.60765 8.79965 8.77971 8.77971 8.77971 8.77971 8.77971 8.77971 8.77971 8.77971 8.77971 8.77971 8.77971 8.77971 8.77971 8.77971 8.77971 8.77971 7.67971 7.47236 7.20597 6.18360 6.18360 6.18360 6.18360 6.16036 6.02702 5.87967 5.73226 5.61593 5.60688 5.60688 5.60688 5.60688
4.29029 4.29029 4.29029 4.29029 4.29029 4.29029 4.29029 3.31892 2.37513 2.37513 2.37513 2.37513 2.37513 2.37513 2.37513 2.37513 2.37513 2.37513 2.37513 2.37513 2.37513 2.37513 2.37513 2.37513 0.00000 0.00000 0.00000 0.00000 9.67844 9.67844 9.67844 9.67844 9.67844 9.67844 8.90629 8.77971 8.77971 8.77971 8.77971 8.77971 8.77971 8.77971 8.77971 8.77971 8.77971 8.77971 8.77971 8.77971 8.77971 8.77971 8.77971 8.05491 7.47236 7.46785 6.31552 6.03982 5.89247 5.74512 5.62101 5.60688 5.60688 5.60688 5.60813 5.64618 5.70140 5.75655 5.81177
4.29029 4.29029 4.29029 4.29029 4.29029 4.29029 4.29029 3.85096 2.37513 2.37513 2.37513 2.37513 2.37513 2.37513 2.37513 2.37513 2.37513 2.37513 2.37513 2.37513 2.37513 2.37513 2.37513 2.37753 0.00000 0.00000 0.00000 0.00000 9.67844 9.67844 9.67844 9.67844 9.67844 9.67844 9.10926 8.77971 8.77971 8.77971 8.77971 8.77971 8.77971 8.77971 8.77971 8.77971 8.77971 8.77971 8.77971 8.77971 8.77971 8.77971 8.77160 8.27577 7.12286 6.92751 6.11450 5.60688 5.60688 5.61049 5.65442 5.70964 5.76479 5.81998 5.87395 5.89106 5.89106 5.89106 5.89106
4.29029 4.29029 4.29029 4.29029 4.29029 4.29029 4.29029 4.26195 2.49598 2.37513 2.37513 2.37513 2.37513 2.37513 2.37513 2.37513 2.37513 2.37687 2.49814 2.68977 2.88183 3.07367 3.26573 3.42753 0.00000 0.00000 0.00000 0.00000 9.67844 9.67844 9.67844 9.67844 9.67844 9.67844 9.41243 8.77971 8.77971 8.77971 8.77971 8.77971 8.77971 8.77971 8.77971 8.77971 8.77971 8.77971 8.77882 8.66329 8.46786 8.27250 8.08526 8.00049 6.79628 6.78422 6.55787 5.77306 5.82822 5.87980 5.89106 5.89106 5.89106 5.89106 5.89106 5.89106 5.89106 5.89106 5.89106
4.29029 4.29029 4.29029 4.29029 4.29029 4.29029 4.29029 4.29029 2.99967 2.37513 2.37513 2.37513 2.43604 2.62387 2.81593 3.00777 3.19983 3.38972 3.46083 3.46083 3.46083 3.46083 3.46083 3.46083 3.46083 0.00000 0.00000 0.00000 0.00000 9.67844 9.67844 9.67844 9.67844 9.67844 9.67593 8.83571 8.77971 8.77971 8.77971 8.77971 8.77971 8.77971 8.77971 8.70011 8.50558 8.31022 8.11568 8.00955 7.84071 7.65055 7.46038 7.27022 7.04448 7.01261 6.99792 5.98190 5.89106 5.89106 5.89106 5.89106 5.89106 5.89106 5.89106 5.89106 5.89106 5.89106 5.89106
4.29029 4.29029 4.29029 4.29029 4.29029 4.29029 4.33218 4.77027 4.31296 2.94198 3.13382 3.32577 3.45681 3.46083 3.46083 3.46083 3.46083 3.46083 3.46083 3.46083 3.46083 3.46083 3.46083 3.46083 3.46083 0.00000 0.00000 0.00000 0.00000 9.67844 9.67844 9.67844 9.67844 9.67844 9.67844 9.00841 8.77971 8.77971 8.77971 8.73054 8.54329 8.34794 8.12621 7.84160 7.65055 7.46038 7.27022 7.10581 7.08401 7.08401 7.08401 7.08401 7.05483 7.01261 7.01261 6.32469 5.89106 5.89106 5.89106 5.89106 5.89106 5.89106 5.89106 5.89106 5.89106 5.89106 5.89106
4.29029 4.50506 5.03842 5.57504 6.11135 6.64767 7.14210 7.24034 6.78642 3.46310 3.46083 3.46083 3.46083 3.46083 3.46083 3.46083 3.46083 3.46083 3.46083 3.46083 3.46083 3.46083 3.46083 3.46083 3.46083 0.00000 0.00000 0.00000 0.00000 9.67844 9.67844 9.67844 9.67844 9.67844 9.67844 9.21874 8.58101 8.35924 7.99500 7.65872 7.46038 7.27022 7.10581 7.08401 7.08401 7.08401 7.08401 7.08401 7.08401 7.08401 7.08401 7.08401 7.07519 7.01266 7.01261 6.68231 5.89106 5.89106 5.89106 5.89106 5.89106 5.89106 5.89106 5.89106 5.89106 5.72886 5.31850
6.91318 7.23739 7.24034 7.24034 7.24034 7.24034 7.24034 7.24034 7.24034 4.05409 3.46083 3.46083 3.46083 3.46083 3.46083 3.46083 3.46083 3.46083 3.46083 3.46083 3.46083 3.46083 3.46083 3.46083 3.46083 3.46083 0.00000 0.00000 0.00000 9.67844 9.67844 9.65806 9.35647 8.96561 8.57490 8.20461 7.28915 7.10581 7.08401 7.08401 7.08401 7.08401 7.08401 7.08401 7.08401 7.08401 7.08401 7.08401 7.08401 7.08401 7.08401 7.08401 7.08401 7.02418 7.01261 6.98053 5.95050 5.89106 5.89106 5.89106 5.89106 5.75573 5.35039 4.93777 4.52515 4.27473 4.27230
7.24034 7.24034 7.24034 7.24034 7.24034 7.24034 7.24034 7.24034 7.24034 5.09849 3.46083 3.46083 3.46083 3.46083 3.46083 3.46083 3.46083 3.46083 3.46083 3.46083 3.46083 3.46083 3.46083 3.46083 3.46083 3.46083 0.00000 0.00000 0.00000 0.00000 8.65719 8.27986 8.19059 8.19059 8.19059 8.19059 7.25901 7.08401 7.08401 7.08401 7.08401 7.08401 7.08401 7.08401 7.08401 7.08401 7.08401 7.08401 7.08401 7.08401 7.08401 7.08401 7.08401 7.04454 7.01261 7.01261 6.27597 5.78001 5.38212 4.96950 4.55688 4.27958 4.27230 4.27230 4.27230 4.26488 4.02514
7.24034 7.24034 7.24034 7.24034 7.24034 7.24034 7.24034 7.24034 7.24034 6.14299 3.46083 3.46083 3.46083 3.46083 3.46083 3.46083 3.46083 3.46083 3.46083 3.46083 3.46083 3.46083 3.46083 3.46083 3.46083 3.46083 0.00000 0.00000 0.00000 0.00000 8.19059 8.19059 8.19059 8.19059 8.19059 8.19059 7.51573 7.08401 7.08401 7.08401 7.08401 7.08401 7.08401 7.08401 7.08401 7.08401 7.08401 7.08401 7.08401 7.08401 7.08401 7.08401 7.08401 6.97962 6.43453 5.88904 5.09259 4.28703 4.27230 4.27230 4.24858 3.96810 3.61682 3.26644 2.91570 2.57239 2.46157
7.24034 7.24034 7.24034 7.24034 7.24034 7.24034 7.24034 7.24034 7.24034 7.08197 3.56628 3.46083 3.46083 3.46083 3.46083 3.46083 3.46083 3.46083 3.46083 3.46083 3.46083 3.68436 4.10930 4.53448 4.95991 5.38778 0.00000 0.00000 0.00000 0.00000 8.19059 8.19059 8.19059 8.19059 8.19059 8.19059 7.90125 7.08401 7.08401 7.08401 7.08401 7.08401 7.08401 7.08401 7.08401 7.08401 7.08401 7.08401 7.08401 7.04810 6.61304 6.06755 5.52172 5.05933 4.94018 4.88750 4.54155 3.58008 3.20922 2.85866 2.53147 2.46157 2.46157 2.46157 2.46157 2.46157 2.46157
7.24034 7.24034 7.24034 7.24034 7.24034 7.24034 7.24034 7.24034 7.24034 7.24034 4.45285 3.46083 3.46083 3.46083 3.46083 3.55841 3.96196 4.38691 4.81209 5.23727 5.66246 5.86435 5.86435 5.86435 5.86435 5.86435 5.86435 0.00000 0.00000 0.00000 0.00000 8.19059 8.19059 8.19059 8.19059 8.19059 8.19059 7.16602 7.08401 7.08401 7.08401 7.08401 7.08401 7.08401 7.08401 7.07654 6.71993 6.17444 5.62875 5.11917 4.99716 4.93374 4.86370 4.79366 3.85647 3.16477 3.12620 2.65957 2.46157 2.46157 2.46157 2.46157 2.46157 2.46157 2.46157 2.46157 2.46157
7.24034 7.24034 7.24034 7.24034 7.24034 7.24034 7.24034 7.24034 7.24034 7.26460 5.88442 4.23933 4.66475 5.08970 5.51488 5.84248 5.86435 5.86435 5.86435 5.86435 5.86435 5.86435 5.86435 5.86435 5.86435 5.86435 5.86435 0.00000 0.00000 0.00000 0.00000 8.19059 8.19059 8.19059 8.19059 8.19059 8.19059 7.38386 7.08401 7.08401 7.08401 7.08401 6.82704 6.28155 5.73585 5.18705 4.93381 4.86370 4.79366 4.72363 4.66476 4.65814 4.65814 4.65814 4.02836 3.12620 3.12620 2.87076 2.46157 2.46157 2.46157 2.46157 2.46157 2.46157 2.46157 2.46157 2.46157
7.24034 7.24034 7.24034 7.24034 7.40617 7.92071 8.44826 8.97378 9.49901 10.0023 9.33680 5.86435 5.86435 5.86435 5.86435 5.86435 5.86435 5.86435 5.86435 5.86435 5.86435 5.86435 5.86435 5.86435 5.86435 5.86435 5.86435 0.00000 0.00000 0.00000 0.00000 8.19059 8.19059 8.19059 8.19059 8.19059 8.19059 7.69920 6.92024 6.38865 5.83196 5.22337 4.86461 4.79436 4.72433 4.66508 4.65814 4.65814 4.65814 4.65814 4.65814 4.65814 4.65814 4.65814 4.46481 3.12697 3.12620 3.07316 2.47057 2.46157 2.46157 2.46157 2.46157 2.46157 2.46157 2.46157 2.46157
8.18073 8.70596 9.23120 9.75903 10.1184 10.1294 10.1294 10.1294 10.1294 10.1294 10.1115 6.26275 5.86435 5.86435 5.86435 5.86435 5.86435 5.86435 5.86435 5.86435 5.86435 5.86435 5.86435 5.86435 5.86435 5.86435 5.86435 0.00000 0.00000 0.00000 0.00000 0.00000 8.19059 8.19059 8.00835 7.03534 6.26298 5.74252 4.85848 4.72433 4.66508 4.65814 4.65814 4.65814 4.65814 4.65814 4.65814 4.65814 4.65814 4.65814 4.65814 4.65814 4.65814 4.65814 4.65814 3.37057 3.12620 3.12620 2.62866 2.46157 2.46157 2.46157 2.46157 2.46157 2.46061 2.45872 2.45684
10.1294 10.1294 10.1294 10.1294 10.1294 10.1294 10.1294 10.1294 10.1294 10.1294 10.1294 7.41769 5.86435 5.86435 5.86435 5.86435 5.86435 5.86435 5.86435 5.86435 5.86435 5.86435 5.86435 5.86435 5.86435 5.86435 5.86435 5.86435 0.00000 0.00000 9.31716 9.28640 8.37424 6.11776 5.82237 5.97236 6.00113 6.00113 5.04879 4.65814 4.65814 4.65814 4.65814 4.65814 4.65814 4.65814 4.65814 4.65814 4.65814 4.65814 4.65814 4.65814 4.65814 4.65814 4.65814 3.80684 3.12620 3.12620 2.83994 2.46157 2.46078 2.45889 2.45701 2.45511 2.45418 2.45418 2.45418
10.1294 10.1294 10.1294 10.1294 10.1294 10.1294 10.1294 10.1294 10.1294 10.1294 10.1294 8.59100 5.86435 5.86435 5.86435 5.86435 5.86435 5.86435 5.86435 5.86435 5.86435 5.86435 5.86435 5.86435 5.86435 5.87000 6.11743 7.50984 8.96040 9.06589 9.11646 9.12438 9.06241 6.21267 6.00113 6.00113 6.00113 6.00113 5.43627 4.65814 4.65814 4.65814 4.65814 4.65814 4.65814 4.65814 4.65814 4.65814 4.65814 4.65814 4.65814 4.65814 4.65814 4.65814 4.65814 4.24452 3.11165 3.06310 2.94510 2.45688 2.45419 2.45418 2.45418 2.45217 2.42569 2.39203 2.35833
10.1294 10.1294 10.1294 10.1294 10.1294 10.1294 10.1294 10.1294 10.1294 10.1294 10.1294 9.74299 5.88482 5.86435 5.86435 5.86435 5.86435 5.86435 5.86435 5.86435 5.86435 6.04222 6.36282 6.75088 7.28678 7.59129 7.79199 8.21845 9.12438 9.12438 9.12438 9.12438 9.12438 7.15564 6.00113 6.00113 6.00113 6.00113 5.82321 4.65841 4.65814 4.65814 4.65814 4.65814 4.65814 4.65814 4.65814 4.65814 4.65814 4.65814 4.65814 4.65814 4.64986 4.60442 4.55447 4.46065 3.00336 2.93577 2.93152 2.51899 2.38675 2.35307 2.31940 2.28775 2.28057 2.28057 2.28057
10.1294 10.1294 10.1294 10.1294 10.1294 10.1294 10.1294 10.1294 10.1294 10.1294 10.1294 10.1294 6.67173 5.86435 5.86435 5.86435 5.86435 5.86435 5.83771 5.79643 6.47009 7.26194 7.61487 7.73143 7.70302 7.70258 7.70258 7.81932 9.12311 9.12438 9.12438 9.12438 9.12438 8.15952 6.00113 6.00113 6.00113 6.00113 6.00113 4.86761 4.65814 4.65814 4.65814 4.65814 4.65814 4.65814 4.65814 4.65814 4.65439 4.61379 4.56382 4.51389 4.47221 4.45893 4.41051 4.35730 3.27034 2.79573 2.76632 2.53169 2.28057 2.28057 2.28057 2.28057 2.28057 2.28057 2.28057
10.1294 10.1294 10.1294 10.1294 10.1294 10.1294 10.1294 10.1294 10.1294 10.1294 10.1294 10.1294 7.83997 5.73697 5.55942 5.39626 5.95853 6.64472 7.13035 7.51387 7.57236 7.61031 7.70258 7.70258 7.70258 7.70258 7.70258 7.70258 8.81869 9.12438 9.12438 9.12438 9.12438 9.01801 6.14719 6.00113 6.00113 6.00113 6.00113 5.25483 4.65814 4.65814 4.65814 4.65814 4.65713 4.62312 4.57315 4.52327 4.46828 4.41051 4.35730 4.30408 4.25087 4.20643 4.20165 4.20165 3.60230 2.76215 2.76215 2.68423 2.28057 2.28057 2.28057 2.28057 2.28057 2.28057 2.28057
10.1294 10.1294 10.1294 10.1294 10.1294 10.1294 10.1294 10.0344 9.69087 9.33572 8.97880 8.62208 7.66691 6.30834 6.96540 7.43165 7.57236 7.57236 7.57236 7.57236 7.57236 7.57403 7.69516 7.70258 7.70258 7.70258 7.70258 7.70258 8.37423 9.12438 9.12438 9.12438 9.12438 9.12438 7.04508 6.00113 6.00113 6.00113 6.00113 5.64215 4.65814 4.63249 4.58252 4.52379 4.42645 4.35730 4.30408 4.25087 4.20643 4.20165 4.20165 4.20165 4.20165 4.20165 4.20165 4.20165 4.01070 2.76239 2.76215 2.76215 2.35528 2.28057 2.28057 2.28057 2.28057 2.28057 2.28057
10.1294 10.1200 9.86903 9.51231 9.15540 8.79868 8.44196 8.18021 8.25167 8.63673 8.92302 9.12461 9.18051 7.64368 7.57236 7.57236 7.57236 7.57236 7.57236 7.57236 7.57236 7.57236 7.66660 7.70258 7.70258 7.70258 7.70258 7.70258 8.02018 9.12438 9.12438 9.12438 9.12438 9.12438 8.05021 6.00113 6.00113 5.98405 5.87608 5.41638 4.37734 4.30408 4.25087 4.20643 4.20165 4.20165 4.20165 4.20165 4.20165 4.20165 4.20165 4.20165 4.20165 4.20165 4.20165 4.20165 4.20165 2.97960 2.76215 2.76215 2.50794 2.28057 2.28057 2.28057 2.28057 2.28057 2.28538
8.61855 8.27262 8.16726 8.16726 8.16726 8.16726 8.16726 8.87511 9.21211 9.22650 9.22650 9.22650 9.22650 8.05653 7.57236 7.57236 7.57236 7.57236 7.57236 7.57236 7.57236 7.57236 7.62998 7.70258 7.70258 7.70258 7.70258 7.70258 7.75068 9.07985 9.12438 9.12438 9.12438 9.07705 8.48020 5.19312 4.63438 4.17981 3.81657 3.76963 4.06846 4.20165 4.20165 4.20165 4.20165 4.20165 4.20165 4.20165 4.20165 4.20165 4.20165 4.20165 4.20165 4.20165 4.20165 4.20165 4.20165 3.38811 2.76215 2.76215 2.66049 2.28057 2.28244 2.39142 2.56252 2.73328 2.89936
8.16726 8.16726 8.16726 8.16726 8.16726 8.16726 8.16726 8.72217 9.22650 9.22650 9.22650 9.22650 9.22650 8.51371 7.57236 7.57236 7.57236 7.57236 7.57236 7.57236 7.57236 7.57236 7.58555 7.70141 7.70258 7.70258 7.70258 7.70258 7.69632 8.38926 8.31876 7.79301 7.26709 6.78888 6.69699 4.64676 3.76963 3.76963 3.76963 3.76963 3.94458 4.20165 4.20165 4.20165 4.20165 4.20165 4.20165 4.20165 4.20165 4.20165 4.20165 4.20165 4.20165 4.20165 4.20165 4.20165 4.20165 3.79648 2.76215 2.78330 2.82283 2.72211 2.88733 2.94917 2.94917 2.94917 2.95051
8.16726 8.16726 8.16726 8.16726 8.16726 8.16726 8.16726 8.28017 9.21168 9.22650 9.22650 9.22650 9.22650 8.97073 7.57236 7.57236 7.57236 7.57236 7.57236 7.57236 7.57236 7.57236 7.57236 7.68018 7.54596 7.26511 6.94894 6.56900 6.13043 6.19740 6.69699 6.69699 6.69699 6.69699 6.69699 5.58753 3.76963 3.76963 3.76963 3.76963 3.82113 4.20117 4.20165 4.20165 4.20165 4.20165 4.20165 4.20165 4.20165 4.20165 4.20165 4.20165 4.20165 4.20165 4.20165 4.21571 4.25671 4.24899 2.95300 2.92102 2.92102 2.93964 2.97247 2.99607 3.01967 3.04327 3.06553
