High_resolution/powerplant/Fengdu/OMI_NO2_200803.asc
ncols      200
nrows      200
xllcorner       105.978
yllcorner       28.1831
cellsize     0.0166667
NODATA_Value      -999.000
[rows 87 to 115 of 200, columns 0 to 64 of 200]
3.43836 3.43836 4.08932 4.76160 5.12403 5.37929 5.38906 5.38856 5.45010 6.03419 5.98478 5.93516 5.88531 5.84805 5.84589 5.84589 5.84589 5.84589 5.84589 5.84589 5.84589 5.84589 6.12923 6.35309 6.29536 5.78344 5.78173 5.78173 5.78173 5.78173 6.45614 6.39338 6.15528 5.91799 5.81703 5.81703 5.81703 5.81703 5.81703 5.81703 5.75909 5.65812 5.65812 5.65812 5.65812 5.65812 5.65812 5.65812 5.65812 5.65812 5.64639 5.60107 5.55374 5.50641 5.45896 5.40943 3.96426 3.74906 3.74906 3.75973 3.85038 3.95728 2.94964 2.83112 2.83887
3.43836 3.43836 4.08201 5.34855 5.30571 5.26290 5.22004 5.17770 5.16228 5.73714 5.84589 5.84589 5.84589 5.84589 5.84589 5.84589 5.84589 5.84589 5.84589 5.84589 5.84589 5.84589 6.02795 6.35309 6.35309 5.88423 5.87051 6.36907 6.91862 7.46817 6.87380 5.81703 5.81703 5.81703 5.81703 5.81703 5.81703 5.81703 5.81703 5.81703 5.80193 5.65873 5.65812 5.65812 5.65133 5.60913 5.56177 5.51436 5.46703 5.41969 5.38404 5.38197 5.38197 5.38197 5.38197 5.35655 4.38541 3.94799 4.05492 4.15127 4.16759 4.16759 3.30575 2.83887 2.83887
3.23025 3.16602 3.14126 5.03329 5.16228 5.16228 5.16228 5.16228 5.16228 5.54517 5.84589 5.84589 5.84589 5.84589 5.84589 5.84589 5.84589 5.84589 5.84589 5.84589 5.84589 5.84589 5.95515 6.77404 7.32339 7.56280 7.76234 7.81333 7.81333 7.81333 7.52439 5.81803 5.81703 5.81703 5.81703 5.81703 5.81703 5.81703 5.81740 5.82413 5.83313 5.58813 5.47506 5.42765 5.38711 5.38197 5.38197 5.38197 5.38197 5.38197 5.38197 5.37832 5.09292 4.63461 4.17578 3.74254 3.77921 4.16759 4.16759 4.16759 4.16759 4.16759 3.65007 2.83887 2.83887
3.14858 3.15638 3.16423 4.56641 5.21679 5.22210 5.22740 5.23268 5.23791 5.43430 5.93201 5.93738 5.94263 5.94790 5.95313 5.95839 5.96368 5.96898 5.97424 6.14933 6.52068 6.89230 7.29589 8.37843 8.38470 8.23329 7.81333 7.81333 7.81333 7.81333 7.81333 6.17756 5.81703 5.82105 5.83005 5.83905 5.84805 5.85706 5.86569 5.86797 5.86797 5.60529 5.38197 5.38197 5.38197 5.38197 5.38197 5.38197 5.18521 4.72794 4.26894 3.81446 3.64068 3.64068 3.64068 3.64068 3.65526 4.13308 4.16759 4.16759 4.16759 4.16759 4.05525 2.85062 2.83887
3.37859 3.37859 3.37859 4.06034 5.34921 5.34921 5.34921 5.34921 5.34921 5.37280 6.00855 6.03282 6.03282 6.03282 6.03282 6.11260 6.45807 6.82420 7.19057 7.38696 7.38723 7.38723 7.38723 8.18867 8.38470 8.36836 7.83699 7.81496 7.82327 7.83226 7.84127 6.86165 5.86298 5.86795 5.86797 5.86797 5.86797 5.86797 5.86797 5.86797 5.86797 5.73862 5.38197 5.38197 5.26217 4.82145 4.36227 3.90413 3.64189 3.64068 3.64068 3.64068 3.64068 3.64068 3.64068 3.64068 3.64068 3.98973 4.16759 4.16759 4.16759 4.16759 4.16759 3.08999 2.96550
3.37859 3.37859 3.37859 3.41940 5.23734 5.34921 5.34921 5.34921 5.34921 5.34921 5.84039 6.05612 6.34691 6.71328 7.07964 7.36610 7.38723 7.38723 7.38723 7.38723 7.38723 7.38658 7.33106 7.76216 8.02741 7.89097 7.82518 7.86356 7.86427 7.86427 7.86427 7.52341 5.86797 5.86797 5.86797 5.86797 5.86797 5.86797 5.86797 5.86797 5.80632 5.38575 4.47476 3.99712 3.65826 3.64068 3.64068 3.64068 3.64068 3.64068 3.64068 3.64068 3.64068 3.64068 3.64068 3.64068 3.64068 3.83164 4.16759 4.13439 4.11605 4.11287 4.10971 3.68267 3.42565
3.37859 3.37859 3.37859 3.37859 4.74566 5.34921 5.34921 5.34975 5.55237 5.91860 6.58422 7.31165 7.38723 7.38723 7.38723 7.38723 7.37103 7.28749 7.19648 7.10565 7.01456 6.92425 6.88881 7.16123 7.63708 7.63708 7.73661 7.86427 7.86427 7.86427 7.86427 7.86407 6.17504 5.86797 5.86797 5.86797 5.84516 5.49359 5.03528 4.57645 4.17960 4.12667 3.77845 3.64068 3.64068 3.64068 3.64068 3.64068 3.64068 3.64068 3.64068 3.64068 3.64068 3.64068 3.64068 3.64068 3.64068 3.69446 4.14666 4.10318 4.03757 4.00716 3.97678 3.74921 3.35407
3.37859 3.37859 3.37859 3.37859 4.13151 5.80768 6.17404 6.53987 6.70361 6.70361 6.81144 7.33494 7.24398 7.15297 7.06196 6.97100 6.89624 6.88881 6.88881 6.88881 6.88881 6.88881 6.88881 7.03261 7.63708 7.63708 7.67262 7.86427 7.86427 7.86427 7.86427 7.86427 6.82004 5.58710 5.12879 4.66961 4.23428 4.12667 4.12667 4.12667 4.12667 4.12667 3.91210 3.64068 3.64068 3.64068 3.64068 3.64068 3.64068 3.64068 3.64068 3.64068 3.64068 3.65791 3.75357 3.85886 3.96415 4.07110 3.85577 3.89500 3.89200 3.89200 3.87883 3.78874 3.24789
3.37859 3.37859 3.37859 3.37859 3.46561 6.54547 6.84311 7.00200 7.16079 7.31968 7.47798 6.97064 6.88881 6.88881 6.88881 6.88881 6.88881 6.88881 6.88881 6.88881 6.88881 6.88881 6.88881 6.92305 7.63371 7.63708 7.63717 7.83603 7.86427 7.82909 7.72640 7.62137 6.86518 4.12667 4.12667 4.12667 4.12667 4.12667 4.12667 4.12667 4.12667 4.12667 4.04575 3.64068 3.64068 3.64068 3.64068 3.64889 3.73493 3.84022 3.94551 4.05080 4.15615 4.24427 4.25390 4.25390 4.25390 4.25390 3.89560 3.80262 3.77016 3.71176 3.66637 3.66324 3.25263
3.43410 3.66041 3.89886 4.13706 4.37551 6.65264 7.54650 7.54650 7.54650 7.54650 7.54650 7.15508 6.88881 6.88881 6.88881 6.88881 6.88881 6.88881 6.88881 6.88881 6.88881 6.88881 6.88881 6.88881 7.49513 7.62321 7.53082 7.56200 7.54851 7.47867 7.47689 7.47689 7.47052 4.55483 4.12667 4.12667 4.12667 4.12667 4.12667 4.12667 4.12667 4.12892 4.22574 3.88553 3.92687 4.03216 4.13751 4.23458 4.25390 4.25390 4.25390 4.25390 4.25390 4.25390 4.26266 4.36433 4.49081 4.61716 4.42595 3.57154 3.65306 3.66324 3.66324 3.66324 3.36660
4.63090 4.64292 4.64292 4.64292 4.65431 5.76454 7.59557 7.61610 7.63662 7.65714 7.67795 7.49201 7.06153 7.08205 7.10257 7.12317 7.14405 7.16465 7.18517 7.20569 7.22621 7.24530 7.21793 7.16871 7.27228 7.26205 7.24969 7.32253 7.47689 7.47689 7.47689 7.47689 7.47689 5.63226 4.12667 4.12667 4.17686 4.32218 4.46983 4.61731 4.76496 4.91028 4.96039 4.52488 4.25390 4.25390 4.25390 4.25390 4.25390 4.25390 4.25587 4.33957 4.46601 4.59230 4.70994 4.73465 4.73465 4.73465 4.64190 3.71285 3.63479 3.66324 3.66324 3.66324 3.49807
5.62652 5.65731 5.68820 5.71887 5.73837 5.82197 8.16171 8.27680 8.27680 8.27680 8.27680 8.24157 7.63252 7.61911 7.61911 7.61911 7.61911 7.61911 7.59016 7.52062 7.45076 7.38252 7.36086 7.36086 7.31983 7.24969 7.24969 7.26319 7.47312 7.47689 7.49348 7.62062 7.76819 7.15459 4.71319 4.86076 4.95813 4.96039 4.96039 4.96039 4.96039 4.96039 4.96039 4.71919 4.25390 4.25390 4.25390 4.31476 4.44125 4.56749 4.69206 4.73465 4.73465 4.73465 4.73465 4.73465 4.73465 4.73465 4.73465 3.96553 3.61345 3.66324 3.66324 3.66324 3.63653
5.73837 5.73837 5.73837 5.73837 5.73837 5.73837 7.55463 8.27680 8.27680 8.27680 8.27680 8.27680 7.78169 7.61911 7.60618 7.54171 7.47183 7.40205 7.36111 7.36086 7.36086 7.36086 7.36086 7.36086 7.33896 7.58560 8.22013 8.85570 8.40356 8.15912 8.29018 8.31060 8.31060 8.28849 5.30479 4.96039 4.96039 4.96039 4.96039 4.96039 4.96039 4.96039 4.96039 4.94596 4.42287 4.54273 4.66917 4.73465 4.73465 4.73465 4.73465 4.73465 4.73465 4.73465 4.73465 4.73465 4.73465 4.73465 4.73465 4.30076 3.59107 3.62950 3.62355 3.61742 3.61147
5.73837 5.73837 5.73837 5.73837 5.73837 5.73837 6.72331 8.27680 8.27680 8.27680 8.27352 8.22047 7.84032 7.42312 7.36618 7.36086 7.36086 7.36086 7.36086 7.41777 7.79270 8.21619 8.63851 9.06153 9.53175 10.7309 10.7342 10.7342 9.54976 8.31060 8.31060 8.31060 8.31060 8.31060 6.36647 4.96039 4.96039 4.96039 4.96039 4.98231 5.09817 5.22442 5.35090 5.43821 4.88195 4.73465 4.73465 4.73465 4.73465 4.73465 4.73465 4.73465 4.73465 4.73465 4.73465 4.73465 4.73465 4.73465 4.73465 4.51768 3.68208 3.48955 3.50661 3.61356 3.73242
5.73837 5.73837 5.73837 5.73837 5.73837 5.73837 5.83907 8.14067 8.17169 8.10188 8.03530 8.01854 7.89292 7.36360 7.59779 8.02689 8.42397 8.84642 9.26991 9.63531 9.68387 9.68387 9.68387 9.68387 9.68387 10.5433 10.7342 10.7342 10.2194 8.31060 8.31060 8.31060 8.31060 8.31060 7.45027 4.97015 5.07331 5.19966 5.32609 5.43047 5.44114 5.44114 5.44114 5.44114 5.07624 4.73465 4.73465 4.73465 4.73465 4.73465 4.73465 4.73465 4.73465 4.73465 4.73465 4.73465 4.73250 4.71389 4.69188 4.63913 4.57064 4.13500 4.19431 4.20694 4.20694
6.09994 6.16309 6.22298 6.28035 6.33525 6.38793 6.43765 7.66602 8.15984 8.19685 8.24045 8.28274 8.32160 9.19270 9.44719 9.44719 9.63109 9.68387 9.68387 9.68387 9.68387 9.68387 9.68387 9.68387 9.68387 10.2898 10.7342 10.7342 10.7102 8.48997 8.31060 8.31462 8.74960 9.47449 10.1469 5.86495 5.44114 5.44114 5.44114 5.44114 5.44114 5.44114 5.44114 5.44114 5.27052 4.73465 4.73465 4.73465 4.73465 4.73465 4.73393 4.71796 4.69595 4.67395 4.65193 4.62992 4.61004 4.60664 4.60664 4.60664 4.96749 4.34884 4.27674 4.33029 4.38389
6.73797 6.73797 6.73797 6.74755 6.79034 6.83596 6.88159 7.45970 8.37224 8.37953 8.37953 8.37953 8.37953 9.05387 9.44719 9.44719 9.57473 9.68387 9.68387 9.68387 9.68387 9.68387 9.68387 9.68387 9.68387 10.0771 10.7342 10.7342 10.9657 10.0775 9.97692 10.6978 10.9874 10.9874 10.9874 7.60075 5.44114 5.44114 5.44114 5.44114 5.44114 5.44114 5.44114 5.44114 5.42819 4.76978 4.70002 4.67802 4.65600 4.63399 4.61270 4.60664 4.60664 4.60664 4.60664 4.60664 4.60664 4.65528 4.90010 5.16561 5.69749 4.89294 4.41647 4.41647 4.41647
6.84970 6.89530 6.94094 6.97692 6.97975 6.97975 6.97975 7.04140 8.32724 8.37953 8.37953 8.37953 8.37953 8.75567 9.45419 9.47769 9.58554 9.78890 9.82091 9.85292 9.88550 9.91763 9.94987 9.98188 10.0726 10.7355 12.1786 12.9035 13.3968 12.4823 10.9874 10.9874 10.9874 10.9874 10.9874 9.38958 5.44114 5.44114 5.44114 5.54126 5.92180 6.31847 6.71515 7.11182 7.50804 5.55320 4.60664 4.60664 4.60664 4.60664 4.60664 4.60664 4.60664 4.62843 4.84702 5.11253 5.37804 5.59511 5.61579 5.61579 5.73859 5.38481 4.41647 4.41647 4.41647
7.66138 7.69339 7.72541 7.75753 7.78977 7.82213 7.85436 7.88638 8.75555 9.10778 9.13179 9.15580 9.18007 9.29109 10.2809 10.2897 10.3635 10.8072 10.8072 10.8072 10.8156 11.1391 11.6222 12.1054 12.5298 12.6351 13.4094 13.4110 13.4110 13.1476 10.9918 10.9874 10.9874 11.0127 11.3272 11.5850 6.90370 6.97138 7.36783 7.66460 7.68095 7.68095 7.68095 7.68095 7.68095 6.39426 4.60664 4.60664 4.60664 4.61209 4.79333 5.05894 5.32445 5.56846 5.61579 5.61579 5.61579 5.61579 5.61579 5.61579 5.62487 5.91457 4.42514 4.41647 4.41647
8.10307 8.10307 8.10307 8.10307 8.10307 8.10307 8.10307 8.10307 8.54553 9.22202 9.22202 9.22202 9.22202 9.22202 10.0697 10.2897 10.2948 10.9610 11.4744 11.9575 12.4320 12.5917 12.5917 12.5917 12.5917 12.5917 13.2701 13.4110 13.9587 15.2007 12.8284 12.3766 12.7735 13.1450 13.2272 13.2272 9.66111 7.68095 7.68095 7.68095 7.68095 7.68095 7.68095 7.68095 7.68095 7.23531 4.74015 5.00586 5.27137 5.53143 5.61579 5.61579 5.61579 5.61579 5.61579 5.61579 5.61579 5.61579 5.61579 5.61579 5.61579 5.97937 4.65036 4.41647 4.41738
8.08384 8.10307 8.10307 8.10307 8.10307 8.10307 8.10307 8.10307 8.16414 9.18777 9.22202 9.22202 9.22202 9.28185 10.1611 11.0415 11.4038 12.2967 12.5917 12.5917 12.5917 12.5917 12.6658 13.3565 14.1863 15.0138 17.2815 19.5329 20.2292 20.2313 16.3510 13.2272 13.2272 13.2272 13.2272 13.2272 11.4491 7.68095 7.68095 7.68095 7.68095 7.68095 7.76613 8.02639 8.29210 8.55762 6.01158 5.61579 5.61579 5.61579 5.61579 5.61579 5.61579 5.61579 5.61579 5.61579 5.61579 5.61579 5.61579 5.61579 5.61579 5.83595 5.49626 4.91229 4.93704
7.90927 8.10307 8.10307 8.10307 8.10307 8.10307 8.10307 8.10307 8.10307 8.93785 9.50041 9.86272 10.2252 10.5276 10.8120 11.6281 11.6281 12.3746 13.7575 14.5873 15.4149 16.2456 16.9999 17.1386 17.1386 17.1386 18.3273 20.2313 20.2313 20.2313 18.2874 13.2272 13.2272 13.2272 13.2272 13.2272 13.0087 7.91057 7.72889 7.97331 8.23892 8.50453 8.68486 8.69011 8.69011 8.69011 6.85245 5.61579 5.61579 5.61579 5.61579 5.61579 5.61579 5.61579 5.61579 5.61579 5.61579 5.61579 5.61579 5.61470 5.59217 5.62899 5.65594 4.57243 4.47671
7.67355 8.11053 8.20055 8.30048 8.39386 8.48702 8.57754 8.66592 8.75427 9.71798 11.0574 11.1090 11.2039 11.3130 11.7456 15.0008 15.9574 16.6106 17.1386 17.1386 17.1386 17.1386 17.1386 17.1386 17.1386 17.1386 17.7904 20.2313 20.2313 20.2313 19.9848 13.4654 13.2272 13.2272 13.2204 13.1238 12.9993 9.88100 8.66902 8.69011 8.69011 8.69011 8.69011 8.69011 8.69011 8.69011 7.69372 5.61579 5.61579 5.61579 5.61579 5.61579 5.61579 5.61563 5.59726 5.56653 5.53578 5.50503 5.47429 5.44462 5.43640 5.43642 5.54855 4.53197 4.31838
8.80192 9.18753 9.18561 9.18211 9.18211 9.18211 9.19395 9.25503 9.32152 9.49662 11.1072 11.2012 11.2148 11.2148 11.8671 15.2590 16.5919 16.6384 17.1386 17.1386 17.1386 17.1386 17.1386 17.1386 17.1386 17.1386 17.3270 20.2299 20.2313 20.2313 20.2313 15.0885 13.0364 12.9121 12.7942 12.7663 12.7663 11.3250 8.69011 8.69011 8.69011 8.69011 8.69011 8.69011 8.69011 8.69011 8.49305 5.65730 5.60230 5.57161 5.54086 5.51011 5.47935 5.44876 5.43640 5.43640 5.43640 5.43640 5.43640 5.43640 5.35851 5.14200 5.00058 4.42619 4.02851
8.74205 9.20960 9.27584 9.34233 9.40882 9.47534 9.53003 9.53540 9.53540 9.53540 10.7768 11.2148 11.2148 11.2148 11.6250 14.1060 16.5919 16.5919 17.0646 17.1386 17.1386 17.1386 17.1386 17.1386 17.1405 17.1446 17.1489 19.7236 20.0776 19.9531 19.8286 16.6297 12.7663 12.7663 12.7663 12.7663 12.7663 12.5304 8.79529 8.69011 8.69011 8.69011 8.75027 9.05310 9.38165 9.70984 10.0380 6.55444 5.43645 5.43640 5.43640 5.43640 5.43640 5.43640 5.43640 5.43640 5.39075 5.18540 4.96622 4.74713 4.60601 4.60334 4.64657 4.57384 4.02851
9.02735 9.56319 9.57740 9.58055 9.58375 9.58689 9.59003 9.59319 9.59633 9.59947 10.3037 11.2711 11.2737 11.2762 11.4693 13.0395 16.6744 16.6811 17.0389 17.2661 17.2703 17.2745 17.2787 17.2750 17.2075 17.1245 17.0415 18.6594 19.7704 19.7704 19.7704 18.5645 12.7663 12.7663 12.7663 12.7663 12.7761 13.0104 10.4431 9.59063 9.91938 10.2476 10.5156 10.5411 10.5411 10.5411 10.5411 7.96869 5.43640 5.43640 5.43640 5.43640 5.41449 5.22880 5.00962 4.79053 4.61717 4.60334 4.60334 4.60334 4.60334 4.60334 4.61283 4.72577 4.09838
9.06444 9.55318 9.64536 9.64536 9.64536 9.64536 9.64536 9.64536 9.64536 9.64536 9.77586 11.2724 11.3028 11.3028 11.3204 12.5242 16.0346 16.7018 16.9315 17.2844 17.2323 17.1492 17.0662 16.9911 16.9779 16.9779 16.9779 18.0799 19.7704 19.7704 19.7704 19.7441 13.8879 13.5482 13.8764 14.2045 14.5235 14.6173 13.0311 10.5411 10.5411 10.5411 10.5411 10.5411 10.5411 10.5411 10.5411 9.36449 5.42965 5.27220 5.05294 4.83402 4.63683 4.60334 4.60334 4.60334 4.60334 4.60334 4.60334 4.60334 4.60334 4.60334 4.60334 4.70523 4.31626
9.24590 9.44918 9.64536 9.64536 9.64536 9.64536 9.64536 9.64536 9.64536 9.64536 9.64536 10.9019 11.3028 11.3028 11.3028 12.2537 14.8597 16.6184 16.6625 17.0087 16.9779 16.9779 16.9779 16.9779 16.9779 16.9765 16.9589 17.5412 19.6749 19.6414 19.6079 19.5867 16.5093 14.6173 14.6173 14.6173 14.6173 14.6173 14.2876 10.5965 10.5411 10.5411 10.5411 10.5411 10.5409 10.4203 10.2011 9.89946 4.96589 4.60334 4.60334 4.60334 4.60334 4.60334 4.60334 4.60334 4.60334 4.60334 4.60334 4.60334 4.60334 4.60334 4.60334 4.56000 3.77699
9.60032 9.33296 9.64536 9.64536 9.64536 9.64536 9.64536 9.64536 9.64536 9.64536 9.64536 10.3792 11.2955 11.2510 11.2011 11.8111 13.4988 16.4713 16.4890 16.9693 16.9699 16.9478 16.9255 16.9032 16.8809 16.8599 16.8354 16.9303 19.1810 19.0091 18.8449 18.6878 17.0569 14.1655 14.1130 14.0625 14.0142 13.9677 13.9231 11.5802 10.7951 10.4614 10.2445 10.0255 9.80679 9.70808 9.70808 9.70808 6.21593 4.60334 4.60334 4.60334 4.60334 4.60334 4.60334 4.60334 4.60334 4.60334 4.60334 4.60334 4.60334 4.60334 4.60340 4.62471 3.63392
