High_resolution/powerplant/Fengdu/OMI_NO2_201102.asc
ncols      200
nrows      200
xllcorner       105.978
yllcorner       28.1831
cellsize     0.0166667
NODATA_Value      -999.000
[rows 0 to 28 of 200, columns 132 to 197 of 200]
5.29705 5.29705 5.29705 5.29705 5.29705 0.00000 0.00000 0.00000 0.00000 0.00000 0.00000 0.00000 0.00000 0.00000 0.00000 7.30402 7.30402 7.30402 7.30402 7.30402 7.30402 7.30402 7.30402 7.30402 7.30402 7.30402 7.30402 0.00000 0.00000 0.00000 0.00000 0.00000 0.00000 0.00000 0.00000 0.00000 0.00000 0.00000 0.00000 0.00000 0.00000 0.00000 0.00000 0.00000 0.00000 0.00000 0.00000 0.00000 0.00000 0.00000 0.00000 0.00000 0.00000 0.00000 0.00000 0.00000 0.00000 0.00000 0.00000 0.00000 0.00000 0.00000 0.00000 0.00000 0.00000 0.00000
5.29705 5.29705 5.29705 5.29705 5.29705 0.00000 0.00000 0.00000 0.00000 0.00000 0.00000 7.30402 7.30402 7.30402 7.30402 7.30402 7.30402 7.30402 7.30402 7.30402 7.30402 7.30402 7.30402 7.30402 7.30402 7.30402 7.30402 0.00000 0.00000 0.00000 0.00000 0.00000 0.00000 0.00000 0.00000 0.00000 0.00000 0.00000 0.00000 0.00000 0.00000 0.00000 0.00000 1.16888 1.16888 1.16888 1.16888 1.16888 0.00000 0.00000 0.00000 0.00000 0.00000 0.00000 0.00000 0.00000 0.00000 0.00000 0.00000 0.00000 0.00000 0.00000 0.00000 0.00000 0.00000 0.00000
5.29705 5.29705 5.29705 5.29705 5.29705 5.29705 0.00000 7.30402 7.30402 7.30402 7.30402 7.30402 7.30402 7.30402 7.30402 7.30402 7.30402 7.30402 7.30402 7.30402 7.30402 7.30402 7.30402 7.30402 7.30402 7.30402 7.30402 7.30402 0.00000 0.00000 0.00000 0.00000 0.00000 0.00000 0.00000 0.00000 0.00000 0.00000 0.00000 1.16888 1.16888 1.16888 1.16888 1.16888 1.16888 1.16888 1.16888 1.16888 1.16888 0.00000 0.00000 0.00000 0.00000 0.00000 0.00000 0.00000 0.00000 0.00000 0.00000 0.00000 0.00000 0.00000 0.00000 0.00000 0.00000 0.00000
5.29705 5.29705 5.29705 5.35921 5.68643 6.94014 7.30402 7.30402 7.30402 7.30402 7.30402 7.30402 7.30402 7.30402 7.30402 7.30402 7.30402 7.30402 7.30402 7.30402 7.30402 7.30402 7.30402 7.30402 7.30402 7.30402 7.30402 7.30402 0.00000 0.00000 0.00000 0.00000 0.00000 0.00000 0.00000 1.16888 1.16888 1.16888 1.16888 1.16888 1.16888 1.16888 1.16888 1.16888 1.16888 1.16888 1.16888 1.16888 1.16888 0.00000 0.00000 0.00000 0.00000 0.00000 0.00000 0.00000 0.00000 0.00000 0.00000 0.00000 0.00000 0.00000 0.00000 0.00000 0.00000 0.00000
5.69000 6.04724 6.40261 6.69597 6.72597 7.00664 7.30402 7.30402 7.30402 7.30402 7.30402 7.30402 7.30402 7.30402 7.30402 7.30402 7.30402 7.30402 7.30402 7.30402 7.30402 7.30402 7.21628 7.30402 7.30402 7.30402 7.30402 7.30402 0.00000 0.00000 0.00000 1.16888 1.16888 1.16888 1.16888 1.16888 1.16888 1.16888 1.16888 1.16888 1.16888 1.16888 1.16888 1.16888 1.16888 1.16888 1.16888 1.16888 1.16888 0.00000 0.00000 0.00000 0.00000 0.00000 0.00000 0.00000 0.00000 0.00000 0.00000 0.00000 0.00000 0.00000 0.00000 0.00000 0.343165 0.343165
6.72597 6.72597 6.72597 6.72597 6.72597 6.82116 7.30402 7.30402 7.30402 7.30402 7.30402 7.30402 7.30402 7.30402 7.30402 7.30402 7.23663 6.49910 5.78879 5.24569 4.81654 4.46925 4.47996 7.30402 7.30402 7.30402 7.30789 7.69733 1.42919 1.16888 1.16888 1.16888 1.16888 1.16888 1.16888 1.16888 1.16888 1.16888 1.16888 1.16888 1.16888 1.16888 1.16888 1.16888 1.16888 1.16888 1.16888 1.16888 1.16888 1.16888 0.00000 0.00000 0.00000 0.00000 0.00000 0.00000 0.00000 0.00000 0.00000 0.343165 0.343165 0.343165 0.343165 0.343165 0.343165 0.343165
6.72597 6.72597 6.72597 6.72597 6.72597 6.72597 7.21388 7.30402 7.30402 7.30402 7.30402 6.79506 6.00916 5.41667 4.95239 4.58066 4.29202 4.23448 4.23448 4.23448 4.23448 4.23448 4.24354 6.93106 8.32719 8.91226 9.49323 9.72171 3.25858 1.16888 1.16888 1.16888 1.16888 1.16888 1.16888 1.16888 1.16888 1.16888 1.16888 1.16888 1.16888 1.16888 1.16888 1.16888 1.16888 1.16888 1.16888 1.16888 1.16888 1.16888 0.00000 0.00000 0.00000 0.00000 0.00000 0.343165 0.343165 0.343165 0.343165 0.343165 0.343165 0.343165 0.343165 0.343165 0.343165 0.343165
6.72597 6.72597 6.72597 6.72597 6.72597 6.72597 7.02841 6.27658 5.09949 4.69944 4.37257 4.23448 4.23448 4.23448 4.23448 4.23448 4.23448 4.23448 4.25575 4.49245 4.78498 5.07728 5.36088 7.18574 9.72171 9.72171 9.72171 9.72171 5.96280 1.16888 1.16888 1.16888 1.16888 1.16888 1.16888 1.16888 1.16888 1.16888 1.16888 1.16888 1.16888 1.16888 1.16888 1.16888 1.16888 1.16888 1.16888 1.16888 1.16888 1.16888 0.00000 0.343165 0.343165 0.343165 0.343165 0.343165 0.343165 0.343165 0.343165 0.343165 0.343165 0.343165 0.343165 0.343165 0.343165 0.343165
6.72597 6.72597 6.72597 6.72597 6.72597 6.72597 6.84299 6.00077 4.23448 4.23448 4.23448 4.23448 4.23448 4.23448 4.27316 4.53149 4.82391 5.11633 5.38747 5.44332 5.44332 5.44332 5.44332 6.19330 9.72171 9.72171 9.72171 9.72171 8.65217 1.18512 1.16888 1.16888 1.16888 1.16888 1.16888 1.16888 1.16888 1.16888 1.16888 1.16888 1.16888 1.16888 1.16888 1.16888 1.16888 1.16888 1.17490 1.32267 1.53054 1.68263 0.352587 0.343165 0.343165 0.343165 0.343165 0.343165 0.343165 0.343165 0.343165 0.343165 0.343165 0.343165 0.343165 0.343165 0.343165 0.343165
6.72597 6.72597 6.72597 6.72597 6.72597 6.72597 6.72754 7.06706 4.30305 4.23448 4.29589 4.57029 4.86271 5.15525 5.40911 5.44332 5.44332 5.44332 5.44332 5.44332 5.44332 5.44332 5.44332 5.54068 9.49918 9.72171 9.72171 9.72171 9.72171 2.82575 1.16888 1.16888 1.16888 1.16888 1.16888 1.16888 1.16888 1.16888 1.16888 1.16888 1.16888 1.16888 1.19520 1.37754 1.58532 1.79328 1.99521 2.05531 2.05531 2.05531 0.704517 0.343165 0.343165 0.343165 0.343165 0.343165 0.343165 0.343165 0.343165 0.343165 0.343165 0.343165 0.343165 0.343165 0.343165 0.343165
6.72597 6.72597 6.72597 6.72597 6.72597 6.72597 6.72597 7.58010 5.56106 5.19406 5.42531 5.44332 5.44332 5.44332 5.44332 5.44332 5.44332 5.44332 5.44332 5.44332 5.44332 5.44332 5.44332 5.44332 7.94096 9.72171 9.72171 9.72171 9.72171 5.53037 1.16888 1.16888 1.16888 1.16888 1.16888 1.16888 1.16888 1.16888 1.23004 1.43232 1.64023 1.84806 2.02969 2.05531 2.05531 2.05531 2.05531 2.05531 2.05531 2.05531 1.23800 0.343165 0.343165 0.343165 0.343165 0.343165 0.343165 0.343165 0.343165 0.343165 0.343165 0.343165 0.343165 0.343165 0.343165 0.343165
6.72597 6.72597 6.72597 6.72597 6.72597 6.72597 6.72597 9.72171 7.21041 5.44332 5.44332 5.44332 5.44332 5.44332 5.44332 5.44332 5.44332 5.44332 5.44332 5.44332 5.44332 5.44332 5.44332 5.44332 6.70940 9.72171 9.72171 9.72171 9.72171 8.23637 1.16888 1.16888 1.16888 1.16896 1.27924 1.48711 1.69497 1.90284 2.04972 2.05531 2.05531 2.05531 2.05531 2.05531 2.05531 2.05531 2.05531 2.05531 2.05531 2.05531 1.77175 0.343165 0.343165 0.343165 0.343165 0.343165 0.343165 0.343165 0.343165 0.343165 0.343165 0.343165 0.343165 0.343165 0.343165 0.343165
6.72597 6.72597 6.72597 0.00000 0.00000 0.00000 0.00000 9.72171 8.64872 5.44375 5.44332 5.44332 5.44332 5.44332 5.44332 5.44332 5.44332 5.44332 5.44332 5.44574 5.53613 5.66989 5.80366 5.93758 6.42474 9.72171 9.72171 9.72171 9.72171 9.71912 2.32569 1.54189 1.74984 1.95762 2.05531 2.05531 2.05531 2.05531 2.05531 2.05531 2.05531 2.05531 2.05531 2.05531 2.05531 2.05531 2.05531 2.05531 2.05531 2.05531 2.05497 0.594090 0.343165 0.343165 0.343165 0.343165 0.343165 0.343165 0.343165 0.343165 0.343165 0.343165 0.344886 0.381048 0.430607 0.480209
0.00000 0.00000 0.00000 0.00000 0.00000 0.00000 0.00000 0.00000 9.72171 5.80099 5.44332 5.44332 5.44332 5.44332 5.49048 5.62251 5.75643 5.89027 6.02411 6.15554 6.19907 6.19907 6.19907 6.19907 6.20259 9.01776 9.72171 9.72171 9.72171 9.72171 2.05531 2.05531 2.05531 2.05531 2.05531 2.05531 2.05531 2.05531 2.05531 2.05531 2.05531 2.05531 2.05531 2.05531 2.05531 2.05531 2.05531 2.05531 2.05531 2.05531 2.05531 1.12768 0.343165 0.343165 0.343165 0.343165 0.343165 0.343165 0.353883 0.400545 0.450125 0.499728 0.547587 0.561006 0.561006 0.561006
0.00000 0.00000 0.00000 0.00000 0.00000 0.00000 0.00000 0.00000 9.72171 6.74190 5.70919 5.84296 5.97680 6.11072 6.19733 6.19907 6.19907 6.19907 6.19907 6.19907 6.19907 6.13705 5.69445 5.04729 4.15232 3.37329 0.00000 0.00000 0.00000 0.00000 2.05531 2.05531 2.05531 2.05531 2.05531 2.05531 2.05531 2.05531 2.05531 2.05531 2.05531 2.05531 2.05531 2.05531 2.05531 2.05531 2.05531 2.05531 2.05531 2.05531 2.05531 1.66142 0.343165 0.343231 0.370483 0.420063 0.469622 0.519224 0.558109 0.561006 0.561006 0.561006 0.561006 0.561006 0.561006 0.561006
0.00000 0.00000 0.00000 0.00000 0.00000 0.00000 0.00000 0.00000 9.72171 8.11827 6.19907 6.19907 6.19907 6.19907 6.19907 6.19907 6.19907 6.10243 5.62132 4.94848 4.01102 2.85564 2.67643 2.67643 2.67643 2.67643 0.00000 0.00000 0.00000 0.00000 2.05531 2.05531 2.05531 2.05531 2.05531 2.05531 2.05531 2.05531 2.05531 2.05531 2.05531 2.05531 2.05531 2.05531 2.05531 2.05531 2.05531 2.05531 2.05531 2.07633 2.32464 2.61989 0.736394 0.538677 0.561006 0.561006 0.561006 0.561006 0.561006 0.561006 0.561006 0.561006 0.561006 0.561006 0.561006 0.561006
0.00000 0.00000 0.00000 0.00000 0.00000 0.00000 0.00000 0.00000 0.00000 9.38656 6.26876 6.19907 6.19907 6.05973 5.54524 4.84473 3.86285 2.77165 2.67643 2.67643 2.67643 2.67643 2.67643 2.67643 2.67643 2.67643 2.67643 0.00000 0.00000 0.00000 0.00000 2.05531 2.05531 2.05531 2.05531 2.05531 2.05531 2.05531 2.05531 2.05531 2.05531 2.05531 2.05531 2.05531 2.05531 2.11626 2.40516 2.71561 3.02593 3.31536 3.37750 3.37750 1.66512 0.561006 0.561006 0.561006 0.561006 0.561006 0.561006 0.561006 0.561006 0.561006 0.561006 0.561006 0.561006 0.561006
0.00000 0.00000 0.00000 0.00000 0.00000 0.00000 0.00000 0.00000 0.00000 8.98718 6.06025 4.73708 3.70627 2.71288 2.67643 2.67643 2.67643 2.67643 2.67643 2.67643 2.67643 2.67643 2.67643 2.67643 2.67643 2.67643 2.67643 0.00000 0.00000 0.00000 0.00000 2.05531 2.05531 2.05531 2.05531 2.05531 2.05531 2.05531 2.05531 2.05531 2.05531 2.17708 2.48555 2.79600 3.10645 3.35595 3.37750 3.37750 3.37750 3.37750 3.37750 3.37750 2.53990 0.561006 0.561006 0.561006 0.561006 0.561006 0.561006 0.561006 0.561006 0.561006 0.561006 0.561006 0.561006 0.561006
0.00000 0.00000 0.00000 0.00000 0.00000 5.60812 5.60812 5.60812 5.60812 5.60812 2.91071 2.67643 2.67643 2.67643 2.67643 2.67643 2.67643 2.67643 2.67643 2.67643 2.67643 2.67643 2.67643 2.67643 2.67643 2.67643 2.67643 0.00000 0.00000 0.00000 0.00000 2.05531 2.05531 2.05531 2.05531 2.05531 2.05848 2.25587 2.56607 2.87652 3.18697 3.37551 3.37750 3.37750 3.37750 3.37750 3.37750 3.37750 3.37750 3.37750 3.37750 3.37750 3.28623 0.689182 0.561006 0.561006 0.561006 0.561006 0.561006 0.561006 0.561006 0.561006 0.561006 0.561006 0.561006 0.561006
0.00000 5.60812 5.60812 5.60812 5.60812 5.60812 5.60812 5.60812 5.60812 5.60812 4.69414 2.67643 2.67643 2.67643 2.67643 2.67643 2.67643 2.67643 2.67643 2.67643 2.67643 2.67643 2.67643 2.67643 2.67643 2.67643 2.67643 0.00000 0.00000 0.00000 0.00000 0.00000 2.09415 2.33617 2.64652 2.95717 3.26432 3.37750 3.37750 3.37750 3.37750 3.37750 3.37750 3.37750 3.37750 3.37750 3.37750 3.37750 3.37750 3.37750 3.37750 3.37750 3.37750 1.47242 0.561006 0.561006 0.561006 0.561006 0.561006 0.561006 0.561006 0.561006 0.561006 0.561006 0.561006 0.561006
5.60812 5.60812 5.60812 5.60812 5.60812 5.60812 5.60812 5.60812 5.60812 5.60812 5.60812 2.67643 2.67643 2.67643 2.67643 2.67643 2.67643 2.67643 2.67643 2.67643 2.67643 2.67643 2.67643 0.00000 0.00000 0.00000 0.00000 0.00000 0.00000 0.00000 0.00000 0.00000 3.37438 3.37750 3.37750 3.37750 3.37750 3.37750 3.37750 3.37750 3.37750 3.37750 3.37750 3.37750 3.37750 3.37750 3.37750 3.37750 3.37750 3.37750 3.37750 3.37750 3.37750 2.34720 0.561006 0.561006 0.561006 0.561006 0.561006 0.561006 0.561006 0.561006 0.561006 0.561006 0.561006 0.561006
5.60812 5.60812 5.60812 5.60812 5.60812 5.60812 5.60812 5.60812 5.60812 5.60812 5.60812 2.77759 2.67643 2.67643 2.67643 2.67643 2.67643 2.67643 0.00000 0.00000 0.00000 0.00000 0.00000 0.00000 0.00000 0.00000 0.00000 0.00000 0.00000 0.00000 0.00000 0.00000 3.37750 3.37750 3.37750 3.37750 3.37750 3.37750 3.37750 3.37750 3.37750 3.37750 3.37750 3.37750 3.37750 3.37750 3.37750 3.37750 3.37750 3.37750 3.37750 3.37750 3.37750 3.17640 0.606352 0.561006 0.561006 0.561006 0.561006 0.561006 0.561006 0.561006 0.00000 0.00000 0.00000 0.00000
5.60812 5.60812 5.60812 5.60812 5.60812 5.60812 5.44048 5.07924 4.80756 4.59665 4.42915 3.71328 0.00000 0.00000 0.00000 0.00000 0.00000 0.00000 0.00000 0.00000 0.00000 0.00000 0.00000 0.00000 0.00000 0.00000 0.00000 0.00000 0.00000 0.00000 0.00000 0.00000 0.00000 3.37750 3.37750 3.37750 3.37750 3.37750 3.37750 3.37750 3.37750 3.37750 3.37750 3.37750 3.37750 3.37750 3.37750 3.37750 3.37750 3.37750 3.37750 3.37750 3.37059 3.32397 1.59316 0.561006 0.561006 0.00000 0.00000 0.00000 0.00000 0.00000 0.00000 0.00000 0.00000 0.00000
5.57968 5.25364 4.93811 4.69929 4.51104 4.35967 4.27809 4.27696 4.27696 4.27696 4.27696 3.96190 2.94579 0.00000 0.00000 0.00000 0.00000 0.00000 0.00000 0.00000 0.00000 0.00000 0.00000 0.00000 0.00000 0.00000 0.00000 0.00000 0.00000 0.00000 0.00000 0.00000 0.00000 3.37750 3.37750 3.37750 3.37750 3.37750 3.37750 3.37750 3.37750 3.37750 3.37750 3.37750 3.37750 3.37750 3.37750 3.37750 3.36160 3.30997 3.25704 3.20410 3.15804 3.15172 3.15172 0.00000 0.00000 0.00000 0.00000 0.00000 0.00000 0.00000 0.00000 0.00000 0.00000 0.00000
4.30371 4.27696 4.27696 4.27696 4.27696 4.27696 4.27696 4.27696 4.27696 4.27696 4.27696 4.20984 3.01947 0.00000 0.00000 0.00000 0.00000 0.00000 0.00000 0.00000 0.00000 0.00000 0.00000 0.00000 0.00000 0.00000 0.00000 0.00000 0.00000 0.00000 0.00000 0.00000 0.00000 3.37750 3.37750 3.37750 3.37750 3.37750 3.37750 3.37750 3.37750 3.37750 3.37750 3.37745 3.34894 3.29601 3.24305 3.19010 3.15305 3.15172 3.15172 3.15172 3.15172 3.15172 3.15172 3.15172 0.00000 0.00000 0.00000 0.00000 0.00000 0.00000 0.00000 0.00000 0.00000 0.00000
4.27696 4.27696 4.27696 4.27696 4.27696 4.27696 4.27696 4.27642 4.23134 4.15742 4.08329 4.01002 3.55092 0.00000 0.00000 0.00000 0.00000 0.00000 0.00000 0.00000 0.00000 0.00000 0.00000 0.00000 0.00000 0.00000 0.00000 0.00000 0.00000 0.00000 0.00000 0.00000 0.00000 0.00000 3.37750 3.37750 3.37750 3.37750 3.37750 3.37506 3.33496 3.28199 3.22907 3.17615 3.15172 3.15172 3.15172 3.15172 3.15172 3.15172 3.15172 3.15172 3.15172 3.15172 3.15172 3.15172 0.00000 0.00000 0.00000 0.00000 0.00000 0.00000 0.00000 0.00000 0.00000 0.00000
4.27696 4.27696 4.27696 4.27634 4.23018 4.15593 4.08236 4.00871 3.97996 3.97996 3.97996 3.97996 3.76020 0.00000 0.00000 0.00000 0.00000 0.00000 0.00000 0.00000 0.00000 0.00000 0.00000 0.00000 0.00000 0.00000 0.00000 0.00000 0.00000 0.00000 0.00000 0.00000 0.00000 0.00000 3.37750 3.36896 3.32096 3.26802 3.21505 3.16456 3.15172 3.15172 3.15172 3.15172 3.15172 3.15172 3.15172 3.15172 3.15172 3.15172 3.15172 3.15172 3.15172 3.15172 3.15172 3.15172 0.00000 0.00000 0.00000 0.00000 0.00000 0.00000 0.00000 0.00000 0.00000 0.00000
4.22870 4.15498 4.08094 4.00752 3.97996 3.97996 3.97996 3.97996 3.97996 3.97996 3.97996 3.97996 3.90448 2.95863 0.00000 0.00000 0.00000 0.00000 0.00000 0.00000 0.00000 0.00000 0.00000 0.00000 0.00000 0.00000 0.00000 0.00000 0.00000 0.00000 0.00000 5.44868 5.44868 5.44868 5.05412 3.15737 3.15172 3.15172 3.15172 3.15172 3.15172 3.15172 3.15172 3.15172 3.15172 3.15172 3.15172 3.15172 3.15172 3.15172 3.15172 3.15172 3.15172 3.15172 3.15172 3.15172 0.00000 0.00000 0.00000 0.00000 0.00000 0.00000 0.00000 0.00000 0.00000 0.00000
3.97996 3.97996 3.97996 3.97996 3.97996 3.97996 3.97996 3.97996 3.97996 3.97996 3.97996 3.97996 3.97996 3.57750 0.00000 0.00000 0.00000 0.00000 0.00000 0.00000 0.00000 0.00000 0.00000 0.00000 0.00000 0.00000 0.00000 5.44868 5.44868 5.44868 5.44868 5.44868 5.44868 5.44868 5.44868 3.54246 3.15172 3.15172 3.15172 3.15172 3.15172 3.15172 3.15172 3.15172 3.15172 3.15172 3.15172 3.15172 3.15172 3.15172 3.15172 3.15172 3.15172 3.15172 3.15172 3.15172 3.15172 0.00000 0.00000 0.00000 0.00000 0.00000 0.00000 0.00000 0.00000 0.00000
