High_resolution/powerplant/Fengdu/OMI_NO2_200504.asc
ncols      200
nrows      200
xllcorner       105.978
yllcorner       28.1831
cellsize     0.0166667
NODATA_Value      -999.000
[rows 60 to 89 of 200, columns 132 to 197 of 200]
2.28349 2.28528 2.29925 2.08482 2.11086 2.04901 1.90103 1.90103 1.90103 1.75916 1.64341 1.64341 1.64341 1.64341 1.71541 1.67904 1.60695 1.53457 1.41553 1.38580 1.24551 1.22080 1.22080 1.22080 1.21832 1.25315 1.25315 1.24843 1.09005 1.06640 1.00857 1.00857 1.00857 1.00857 1.00857 1.00857 1.00857 1.00857 1.00857 1.00931 1.01692 1.02617 1.03542 0.937035 0.855315 0.703393 0.696803 0.793501 0.896590 0.968096 1.03968 1.10433 1.12442 1.13656 1.14934 1.16174 1.16616 1.17059 1.17563 1.18142 1.18754 1.18835 1.18835 1.29566 1.56659 1.56659
2.37387 2.40801 2.41588 2.21283 2.14254 2.10675 1.90103 1.90103 1.90103 1.81823 1.62920 1.55045 1.46374 1.37697 1.39417 1.44635 1.44635 1.44635 1.41043 1.38620 1.30408 1.22080 1.22080 1.22080 1.20520 1.25655 1.26600 1.27525 1.15475 1.12429 1.06221 1.06870 1.08774 1.10938 1.13186 1.15512 1.17927 1.20435 1.23047 1.25670 1.27593 1.29392 1.31172 1.22433 1.03073 0.930890 1.12206 1.15780 1.15949 1.16307 1.16709 1.17165 1.17684 1.18282 1.18801 1.18835 1.18835 1.18835 1.18835 1.18835 1.18835 1.18835 1.18835 1.23599 1.56659 1.56659
2.41640 2.41640 2.41640 2.28580 2.14254 2.14194 1.89857 1.79534 1.70864 1.59782 1.29202 1.28383 1.28564 1.28842 1.34234 1.45487 1.45720 1.45952 1.44463 1.41470 1.39236 1.26647 1.27409 1.28205 1.30917 1.41992 1.44504 1.45343 1.43552 1.43982 1.39313 1.38303 1.38679 1.38679 1.38679 1.38679 1.38679 1.38679 1.38119 1.34000 1.29252 1.24507 1.20990 1.19321 0.987934 0.906514 1.14936 1.18427 1.18833 1.18835 1.18835 1.18835 1.18835 1.18835 1.18835 1.18835 1.18835 1.18835 1.18835 1.18835 1.18835 1.18835 1.18835 1.19411 1.54843 1.56659
2.40850 2.40213 2.40418 2.32024 1.90399 1.80674 1.59700 1.52736 1.51243 1.49750 1.35353 1.34628 1.35190 1.35663 1.36892 1.53369 1.54498 1.54800 1.54151 1.49704 1.45627 1.33274 1.32873 1.32873 1.33776 1.43957 1.48904 1.48904 1.48904 1.48904 1.44549 1.38679 1.38679 1.38679 1.37310 1.32700 1.29105 1.26606 1.24671 1.26293 1.28541 1.30791 1.31894 1.31894 1.09825 1.04214 0.959986 1.18835 1.18835 1.18835 1.18835 1.18835 1.18835 1.18835 1.18835 1.18835 1.18835 1.18835 1.18835 1.18835 1.18835 1.18835 1.18835 1.18835 1.43386 1.56659
2.26815 2.27533 2.27433 2.23220 1.53921 1.49158 1.43186 1.36333 1.36333 1.36330 1.36589 1.35810 1.34248 1.32560 1.30721 1.46283 1.47363 1.42516 1.37239 1.33024 1.32873 1.32873 1.32873 1.32873 1.32886 1.40413 1.48904 1.48904 1.48904 1.48902 1.41981 1.34825 1.32327 1.29831 1.28693 1.30793 1.31894 1.31894 1.31894 1.31894 1.31894 1.31894 1.31894 1.31894 1.15440 1.06655 0.885063 1.18835 1.18835 1.18835 1.18835 1.18835 1.18835 1.18835 1.18835 1.18835 1.18835 1.18835 1.18835 1.18835 1.18835 1.18835 1.18835 1.21155 1.47570 1.91600
2.22498 2.22498 2.22498 2.19607 1.68108 1.47096 1.42904 1.30609 1.29085 1.27457 1.26429 1.25722 1.20729 1.11800 1.00745 1.13341 1.32873 1.32873 1.32873 1.32873 1.32873 1.32873 1.32873 1.32873 1.30577 1.29029 1.30271 1.19041 1.07932 0.968365 0.914298 1.26994 1.31894 1.31894 1.31894 1.31894 1.31894 1.31894 1.31894 1.31894 1.31894 1.31894 1.31894 1.31894 1.21068 1.06655 0.863593 1.18068 1.18835 1.18835 1.18835 1.18835 1.18835 1.18835 1.18835 1.18835 1.18835 1.18835 1.18964 1.24093 1.31758 1.39434 1.47106 1.52458 1.67874 2.24283
1.94572 1.87648 1.80728 1.76695 1.65417 1.42668 1.42182 1.27166 1.24705 1.18789 1.10868 0.915981 0.863521 0.863521 0.863521 0.974810 1.32873 1.32873 1.31292 1.25208 1.18856 1.13224 1.13312 1.14630 1.18246 1.28514 1.10261 0.914136 0.914136 0.914136 0.914136 1.15936 1.31894 1.31894 1.31894 1.31894 1.31894 1.31894 1.31894 1.31894 1.31894 1.31894 1.31894 1.31894 1.26677 1.06655 0.963058 1.01091 1.18835 1.18835 1.18835 1.18835 1.18835 1.18835 1.20181 1.27221 1.34889 1.42558 1.50105 1.52647 1.52660 1.52939 1.53320 1.53701 1.59180 2.24283
1.76672 1.76672 1.76672 1.76672 1.75108 1.38474 1.32605 1.10889 1.00809 1.00725 1.00637 0.875694 0.868125 0.904925 0.942507 0.975906 1.07537 1.01998 1.04220 1.11617 1.19293 1.26244 1.27475 1.27475 1.27475 1.29015 1.23321 0.914136 0.914136 0.914136 0.914136 1.04862 1.31894 1.31894 1.31894 1.31894 1.31894 1.31894 1.31894 1.31894 1.31894 1.31894 1.31894 1.31894 1.31258 1.07661 1.06534 0.835026 1.20308 1.20688 1.24907 1.32879 1.40006 1.46597 1.51577 1.51216 1.50320 1.49471 1.48673 1.47904 1.47168 1.46262 1.45322 1.44429 1.43592 1.65841
1.76623 1.75475 1.73722 1.71746 1.69878 1.38031 1.21969 1.11408 1.04141 1.05990 1.07657 1.04418 1.04015 1.06358 1.13741 1.21414 1.23704 1.26794 1.27475 1.27475 1.27475 1.27475 1.27475 1.27475 1.27475 1.27708 1.33120 0.945469 0.914136 0.914136 0.906677 0.911327 1.25936 1.23970 1.21569 1.19160 1.16748 1.14346 1.11934 1.09525 1.07123 1.04704 1.02299 0.998936 0.975965 1.07812 1.15455 0.977943 1.47257 1.40763 1.41891 1.41210 1.41099 1.41099 1.41099 1.41099 1.41099 1.41099 1.41099 1.41099 1.41099 1.41099 1.41099 1.41099 1.41099 1.55492
1.72566 1.69272 1.68096 1.66984 1.65956 1.52432 1.26310 1.21528 1.10631 1.12799 1.18509 1.23527 1.30200 1.35869 1.36162 1.36162 1.33000 1.24843 1.21729 1.18607 1.15486 1.12372 1.09242 1.06124 1.02998 0.998806 1.05525 0.786647 0.606788 0.582771 0.566039 0.565551 0.883337 0.970352 0.970352 0.970352 0.970352 0.970352 0.970352 0.970352 0.970352 0.981207 1.03309 1.08894 1.14482 1.24962 1.25666 1.07251 1.47754 1.44708 1.41099 1.41099 1.41099 1.41099 1.41099 1.41099 1.41099 1.41099 1.41099 1.41099 1.41099 1.41099 1.41099 1.41099 1.41099 1.50081
1.77925 1.64481 1.63786 1.63773 1.63147 1.61636 1.32095 1.35158 1.19120 1.20312 1.17866 1.14256 1.07958 1.04832 1.01723 0.985884 0.949906 0.863696 0.862896 0.862896 0.862896 0.862896 0.862896 0.862896 0.862896 0.862896 0.934674 0.851959 0.565551 0.565551 0.565551 0.565551 0.772566 0.970352 0.970352 0.970352 0.970352 0.993161 1.04872 1.08114 1.06871 1.04401 0.978522 0.908861 0.839367 0.835126 0.927145 0.918949 1.25041 1.48172 1.41099 1.41099 1.41099 1.41099 1.41099 1.41099 1.41099 1.41099 1.41099 1.41099 1.41099 1.41099 1.41099 1.41099 1.41099 1.45533
1.76436 1.57430 1.54946 1.53971 1.53650 1.55742 1.44554 1.37621 1.02167 0.953349 0.949765 0.949765 0.949765 0.949765 0.949765 0.949765 0.949765 0.881043 0.862896 0.862896 0.862896 0.862896 0.862896 0.862896 0.862896 0.862896 0.905857 0.969817 0.578330 0.565551 0.565551 0.565551 0.662705 0.983353 0.970759 0.956697 0.943330 0.906567 0.837438 0.791179 0.790046 0.790046 0.790046 0.790046 0.790046 0.803209 0.927077 0.927145 1.02786 1.52314 1.41099 1.41099 1.41099 1.41099 1.41099 1.41099 1.41099 1.41099 1.41099 1.41099 1.41099 1.41099 1.41099 1.41099 1.41099 1.41871
1.86803 1.59444 1.56097 1.56097 1.56097 1.56097 1.55683 1.38153 1.11036 0.949765 0.949765 0.949765 0.949765 0.949765 0.949765 0.949765 0.949765 0.905036 0.862896 0.862896 0.862896 0.862896 0.862896 0.862896 0.862896 0.862896 0.876990 0.979554 0.643240 0.525179 0.538227 0.551348 0.568338 0.777948 0.790046 0.790046 0.790046 0.790046 0.790046 0.790046 0.790046 0.790046 0.790046 0.790046 0.790046 0.790046 0.909663 0.927145 0.893126 1.51786 1.41184 1.41099 1.41099 1.41099 1.41099 1.41099 1.41099 1.41099 1.41099 1.41099 1.41099 1.40541 1.30206 1.16345 1.02465 0.885908
1.95185 1.69638 1.66090 1.70110 1.74705 1.79747 1.74795 1.38153 1.20934 0.949765 0.949765 0.949765 0.949765 0.949765 0.949765 0.949765 0.949765 0.929063 0.862896 0.862896 0.862896 0.856467 0.817991 0.775212 0.736283 0.712566 0.690375 0.791177 0.713563 0.554472 0.554472 0.554472 0.554472 0.717127 0.790046 0.790046 0.790046 0.790046 0.790046 0.790046 0.790046 0.790046 0.790046 0.790046 0.790046 0.790046 0.879161 0.927145 0.906328 1.31500 1.43194 1.41099 1.41099 1.41099 1.41099 1.41099 1.41099 1.37719 1.24476 1.10602 0.967339 0.834171 0.798721 0.798721 0.798721 0.798721
2.34784 2.13023 1.89244 1.84958 1.84958 1.84958 1.84761 1.43264 1.30831 0.949765 0.949765 0.949765 0.949765 0.949765 0.949765 0.952923 1.00009 1.05977 0.773318 0.696185 0.659395 0.643004 0.659265 0.679828 0.696535 0.698054 0.698054 0.781732 0.798482 0.556131 0.554472 0.554472 0.554472 0.652651 0.790046 0.790046 0.790046 0.790046 0.790046 0.790046 0.790046 0.790046 0.790046 0.790046 0.790046 0.790046 0.848697 0.927145 0.923308 1.08779 1.46889 1.42523 1.43504 1.35595 1.21287 1.06337 0.906410 0.778713 0.759455 0.746511 0.731982 0.715751 0.697384 0.676418 0.652224 0.624063
2.34784 2.19985 1.94837 1.84958 1.84958 1.84958 1.84958 1.57694 1.37873 0.978391 0.979994 1.04115 1.10237 1.16359 1.22474 1.28274 1.30533 1.32581 0.877375 0.682828 0.697473 0.698054 0.698054 0.698054 0.698054 0.698054 0.698054 0.752904 0.825269 0.612919 0.554472 0.554472 0.554472 0.588223 0.790046 0.791505 0.797593 0.804299 0.811339 0.818750 0.826538 0.834745 0.843406 0.852560 0.862249 0.872507 0.894360 0.924951 0.929938 0.952865 1.36399 1.00266 0.677293 0.523086 0.494412 0.462322 0.426475 0.406036 0.406036 0.406036 0.406036 0.406036 0.406036 0.406036 0.406036 0.406036
2.34784 2.25786 2.01876 1.84958 1.86311 1.92093 1.98215 1.91665 1.63642 1.39069 1.29683 1.29686 1.30825 1.32884 1.34942 1.36999 1.38207 1.38215 1.10217 0.698054 0.698054 0.700033 0.712895 0.728237 0.744314 0.761317 0.779378 0.818370 0.890224 0.739968 0.562882 0.542403 0.515297 0.489730 0.703312 0.707601 0.675494 0.810376 0.924314 0.924314 0.924314 0.924314 0.924314 0.924314 0.937900 0.984797 1.03316 1.08153 1.10781 1.07955 0.616525 0.406036 0.406036 0.406036 0.406036 0.406036 0.406036 0.406036 0.406036 0.406036 0.406036 0.406036 0.406036 0.406036 0.406036 0.406036
2.34784 2.30702 2.07193 2.13503 2.19320 2.19664 2.19664 2.18543 1.76893 1.57882 1.42415 1.48192 1.53007 1.57063 1.61352 1.65899 1.70769 1.75919 1.69193 0.918842 0.947313 0.973646 0.977148 0.972450 0.923581 0.870056 0.822781 0.780722 0.743034 0.661140 0.405122 0.400731 0.400731 0.400731 0.541147 0.636306 0.636306 0.729169 0.924314 0.924314 0.949645 0.998031 1.02864 0.998153 0.948812 0.867027 0.783107 0.699036 0.632438 0.700423 0.845779 0.406036 0.406036 0.406036 0.406036 0.406036 0.406036 0.406036 0.406036 0.406036 0.406036 0.406036 0.406036 0.406036 0.406036 0.406036
2.46936 2.49872 2.30669 2.37263 2.34648 2.27400 2.19639 2.11428 2.03581 2.00330 2.00330 2.00330 2.00330 2.00330 2.00330 2.00330 2.00330 2.00330 2.00330 1.12443 0.977148 0.977148 0.902062 0.676996 0.671528 0.671528 0.671528 0.671528 0.671528 0.671447 0.439151 0.400731 0.400731 0.400731 0.476704 0.637726 0.649441 0.660501 0.877286 0.842114 0.781443 0.697372 0.631708 0.626766 0.626766 0.626766 0.626766 0.626766 0.626766 0.632512 1.02770 0.407625 0.406036 0.406036 0.406036 0.406036 0.406036 0.406036 0.406036 0.406036 0.406036 0.406036 0.406036 0.406036 0.406036 0.406036
2.71553 2.59703 2.21090 1.98457 2.10054 2.10054 2.10054 2.10054 2.06807 2.00330 2.00330 2.00330 2.00330 2.00330 2.00330 2.00330 2.00330 2.00330 2.00330 1.40803 0.977148 0.977148 0.970865 0.683706 0.671528 0.671528 0.671528 0.671528 0.671528 0.671528 0.525085 0.422625 0.467618 0.515622 0.566612 0.478589 0.440798 0.438167 0.599688 0.626766 0.626766 0.626766 0.626766 0.626766 0.626766 0.626766 0.626766 0.626766 0.626766 0.626766 0.917790 0.547730 0.406036 0.406036 0.406036 0.406036 0.406036 0.406036 0.406036 0.406036 0.406036 0.406036 0.406036 0.406036 0.437024 0.726815
1.87031 1.81655 1.76356 1.80288 2.09868 2.10054 2.10054 2.10054 2.09558 2.00609 2.00330 2.00330 2.00330 2.00330 2.00330 2.00330 2.00330 2.00330 2.00330 1.69149 0.977148 0.977148 0.977148 0.740426 0.672759 0.685616 0.701358 0.720423 0.747634 0.775218 0.751409 0.627445 0.630423 0.630423 0.630423 0.480902 0.437940 0.437940 0.541128 0.626766 0.626766 0.626766 0.626766 0.626766 0.626766 0.626766 0.626766 0.626766 0.626766 0.626766 0.775494 0.776999 0.406036 0.406036 0.406036 0.406036 0.406036 0.406036 0.406036 0.406036 0.526002 0.869027 1.21711 1.56505 1.88184 1.94013
1.75641 1.75641 1.75641 1.75641 2.05885 2.10054 2.10054 2.10054 2.10054 2.03161 2.00330 2.00330 2.00330 2.00330 2.00330 2.00330 2.00330 2.00330 2.00255 1.92020 1.02603 1.04166 1.06527 0.910409 0.777230 0.791948 0.803795 0.812305 0.812670 0.812670 0.810259 0.644350 0.630423 0.630423 0.630423 0.533238 0.437940 0.437940 0.493740 0.626766 0.626766 0.626766 0.626766 0.626766 0.626766 0.626766 0.626766 0.626766 0.628834 0.673666 0.780047 1.16519 0.805435 0.794085 0.406036 0.415854 0.663304 1.01124 1.35917 1.70726 1.93507 1.94013 1.94013 1.94013 1.94013 1.94013
1.75641 1.75641 1.75641 1.75641 1.98769 2.10054 2.10054 2.10054 2.10054 2.06201 2.00330 2.00330 2.00330 1.98824 1.94286 1.88693 1.81688 1.72682 1.60939 1.58226 1.21005 1.16063 1.17840 1.09646 0.812670 0.812670 0.812670 0.812670 0.812670 0.812670 0.812670 0.697829 0.630423 0.630423 0.630423 0.585690 0.437940 0.437940 0.454854 0.626766 0.626766 0.639651 0.695507 0.748416 0.795550 0.837599 0.875477 0.909726 0.939836 0.948035 0.948550 1.29176 1.19120 1.36760 1.50358 1.83950 1.94013 1.94013 1.94013 1.94013 1.94013 1.94013 1.94013 1.94013 1.94013 1.94013
1.75641 1.75641 1.75641 1.75641 1.88433 2.10054 2.10054 2.09620 2.06606 2.01437 1.84321 1.75958 1.65092 1.56335 1.56288 1.58797 1.62351 1.65905 1.69452 1.70984 1.37339 1.18886 1.18886 1.18633 0.834742 0.812670 0.812670 0.812670 0.812670 0.812670 0.812670 0.753645 0.630423 0.630423 0.644804 0.682706 0.546136 0.576999 0.618747 0.858181 0.921843 0.946059 0.948035 0.948035 0.948035 0.948035 0.948035 0.920410 0.852782 0.784813 0.716855 0.813201 1.43531 1.76535 1.87261 1.94013 1.94013 1.94013 1.94013 1.94013 1.94013 1.94013 1.94013 1.94013 1.94013 1.94013
1.75641 1.75624 1.73540 1.70823 1.69503 1.91604 1.85687 1.76944 1.75641 1.75641 1.60902 1.59365 1.62921 1.66476 1.69937 1.70984 1.70984 1.70984 1.70984 1.70984 1.53467 1.18886 1.18886 1.18886 0.908775 0.812670 0.812670 0.831423 0.873140 0.914914 0.956602 0.989729 0.863403 0.899597 0.926993 0.927558 0.795130 0.735075 0.735075 0.866067 0.948035 0.948035 0.946930 0.901799 0.833812 0.769931 0.732149 0.726656 0.768327 0.816151 0.871450 0.929448 1.18427 1.76535 1.82475 1.94013 1.94013 1.94013 1.94013 1.94013 1.94013 1.94013 1.94013 1.94013 1.94013 1.94013
1.66518 1.65364 1.64951 1.64951 1.64951 1.70377 1.77589 1.95994 2.17913 2.39957 2.17671 1.70984 1.70984 1.70984 1.70984 1.70984 1.70984 1.70984 1.70984 1.70984 1.70243 1.25893 1.26641 1.29207 1.17851 1.04503 1.08684 1.10975 1.10980 1.10980 1.10980 1.10980 0.980294 0.927558 0.927558 0.927558 0.847504 0.735075 0.727893 0.750868 0.857482 0.828472 0.797319 0.818139 0.873537 0.930817 0.940649 0.940649 0.940649 0.940649 0.940649 0.940649 0.968442 1.73008 1.79080 1.94013 1.94013 1.94013 1.94013 1.94013 1.94013 1.94013 1.94013 1.94013 1.94013 1.94013
1.64951 1.64951 1.66070 1.75357 1.86383 2.07995 2.60522 2.64170 2.64170 2.64170 2.50205 1.70984 1.70984 1.70977 1.70957 1.70941 1.70929 1.70919 1.70910 1.70903 1.70899 1.45300 1.36195 1.36195 1.32608 1.10980 1.10980 1.10980 1.10980 1.10980 1.10980 1.10980 1.03612 0.925781 0.890885 0.805545 0.706046 0.636950 0.594537 0.648672 0.940266 0.940649 0.940649 0.940649 0.940649 0.940649 0.940649 0.940649 0.940649 0.940649 0.940649 0.940649 0.940649 1.50671 1.76824 1.92956 1.94013 1.94013 1.94013 1.94013 1.94013 1.94013 1.94013 1.94013 1.94013 1.94013
2.19918 2.30823 2.40485 2.42696 2.09601 2.12660 2.64082 2.64170 2.64170 2.64170 2.32179 1.79436 1.70903 1.70899 1.70899 1.70899 1.70899 1.70899 1.70899 1.70899 1.70899 1.54390 1.36195 1.36195 1.36188 1.13929 1.10980 1.10916 1.09494 1.07528 1.04141 0.989075 0.911946 0.578934 0.524505 0.522150 0.522156 0.603307 0.621209 0.621209 0.891583 0.940649 0.940649 0.940649 0.940649 0.940649 0.940649 0.940649 0.940649 0.940649 0.940649 0.940649 0.940649 1.25560 1.76535 1.86984 1.94013 1.94013 1.94013 1.93978 1.92692 1.91109 1.89828 1.86209 1.80188 1.75062
2.52272 2.52272 2.52272 2.52272 2.18633 2.09215 2.48961 2.64170 2.64170 2.64170 2.27853 1.92846 1.70899 1.70899 1.70899 1.70899 1.70899 1.70899 1.70899 1.70899 1.70899 1.65738 1.35099 1.33076 1.31110 1.13394 1.00044 0.948709 0.910534 0.877816 0.859329 0.859261 0.859261 0.593109 0.522150 0.522150 0.522150 0.571679 0.621209 0.621209 0.809710 0.940649 0.940649 0.940649 0.940649 0.940649 0.940649 0.940649 0.940649 0.940649 0.940649 0.940649 0.938805 1.00388 1.74273 1.80384 1.88166 1.87375 1.86407 1.82371 1.77961 1.73648 1.69338 1.66924 1.66916 1.66916
2.52272 2.52272 2.52272 2.52272 2.29450 2.09215 2.30676 2.64170 2.64170 2.64170 2.38645 2.07317 1.70899 1.70899 1.70899 1.70899 1.70899 1.70899 1.70899 1.70899 1.70899 1.70756 1.27785 1.19038 1.15765 1.03294 0.859261 0.859261 0.859261 0.859261 0.859261 0.859261 0.859261 0.696733 0.522150 0.522150 0.522150 0.546478 0.621209 0.621209 0.727902 0.940649 0.940649 0.940649 0.940579 0.936301 0.929548 0.922801 0.916048 0.909306 0.902548 0.895811 0.890893 0.890668 1.51715 1.69573 1.76186 1.71873 1.67826 1.66916 1.66916 1.66916 1.66916 1.66916 1.66916 1.66916
