High_resolution/powerplant/Fengdu/OMI_NO2_200612.asc
ncols      200
nrows      200
xllcorner       105.978
yllcorner       28.1831
cellsize     0.0166667
NODATA_Value      -999.000
[rows 116 to 144 of 200, columns 0 to 65 of 200]
13.1318 13.1952 13.2588 13.3222 13.3857 13.4493 13.5127 13.5762 13.6397 13.6747 13.6747 13.6747 15.4115 17.5173 17.6868 17.6868 17.6868 17.6868 17.6868 17.6868 17.6868 17.6868 17.6868 17.6868 17.6868 17.6868 17.6868 17.6868 17.6868 9.22263 5.25437 0.00000 0.00000 0.00000 0.00000 0.00000 0.00000 0.00000 0.00000 0.00000 0.00000 0.00000 9.54714 9.54714 9.54714 9.54714 9.54714 9.54714 9.44315 9.03986 8.61789 8.19592 7.77395 7.35233 6.93036 6.50839 6.11180 6.02191 3.94346 3.57471 3.57471 3.57471 3.57471 3.57471 3.57471 3.57471
13.6747 13.6747 13.6747 13.6747 13.6747 13.6747 13.6747 13.6747 13.6747 13.6747 13.6747 13.6747 14.3547 17.4482 17.6868 17.6868 17.6868 17.6868 17.6868 17.6868 17.6868 17.6868 17.6868 17.6868 17.6868 17.6868 17.6868 17.3595 16.0075 10.3350 5.25437 0.00000 0.00000 0.00000 0.00000 0.00000 0.00000 0.00000 0.00000 0.00000 23.3937 23.3937 20.2036 8.09842 7.62448 7.20216 6.78019 6.35822 6.04059 6.02191 6.02191 6.02191 6.02191 6.02191 6.02191 6.02191 6.02191 6.02191 4.53939 3.57471 3.57471 3.57471 3.57471 3.57471 3.57471 3.57471
13.6747 13.6747 13.6747 13.6747 13.6747 13.6747 13.6747 13.6747 13.6747 13.6747 13.6747 13.6747 13.6852 17.0042 17.6690 17.6868 17.6868 17.6868 17.6868 17.6868 17.6868 17.6868 17.1964 15.7597 13.9480 11.6144 8.49385 5.43212 5.25437 5.25437 5.25437 0.00000 23.3937 23.3937 23.3937 23.3937 23.3937 23.3937 23.3937 23.3937 23.3937 23.3937 23.3937 8.82600 6.02191 6.02191 6.02191 6.02191 6.02191 6.02191 6.02191 6.02191 6.02191 6.02191 6.02191 6.02191 6.02191 6.02191 5.13513 3.57471 3.57471 3.57471 3.63655 4.26502 4.86083 5.31661
13.6747 13.6747 13.6747 13.6747 13.6747 13.6747 13.6747 13.6747 13.6747 13.6747 13.6747 13.6747 13.6747 15.9516 17.6018 17.6868 17.6855 16.9979 15.5031 13.6218 11.1861 7.90656 5.28666 5.25437 5.25437 5.25437 5.25437 5.25437 10.9567 12.6042 13.4138 22.4674 23.3937 23.3937 23.3937 23.3937 23.3937 23.3937 23.3937 23.3937 23.3937 23.3937 23.3937 13.1103 6.02191 6.02191 6.02191 6.02191 6.02191 6.02191 6.02191 6.02191 6.02191 6.02191 6.02191 6.02191 6.02191 6.40809 7.00270 6.14952 6.82581 7.36451 6.49508 6.16114 6.16114 6.16114
13.6747 13.6747 13.6747 13.6747 13.6747 13.6747 13.6747 13.6747 13.6747 13.6747 13.6747 13.6826 14.2295 15.1826 13.0743 10.7375 7.28858 5.25437 5.25437 5.25437 5.25437 5.25437 5.25437 5.25437 5.25437 5.25437 5.25437 5.25437 12.1848 14.3240 14.3240 19.5407 23.3937 23.3937 23.3937 23.3937 23.3937 23.3937 23.3937 23.3937 23.3937 23.3937 23.3937 17.3825 6.02191 6.02191 6.02191 6.02191 6.02191 6.02191 6.02191 6.08349 6.82754 7.55234 8.10228 8.53405 8.88204 9.06875 9.07134 8.00008 7.84774 7.84774 7.01692 6.16114 6.16114 6.16114
13.6747 13.6747 13.6747 13.6747 13.6747 13.6747 13.6813 14.2207 15.1004 15.9766 16.8501 17.7158 18.0426 17.6226 5.24016 5.25437 5.25437 5.25437 5.25437 5.25437 5.25437 5.25437 5.25437 5.25437 5.25437 5.25437 5.25437 5.25437 12.8630 18.0646 18.9942 21.6805 23.3937 23.3937 23.3937 23.3937 23.3937 23.3937 23.3937 23.3937 23.3937 23.3937 23.3937 21.6461 6.03928 6.02191 6.93505 7.19717 7.82973 8.31873 8.70768 9.00800 9.07134 9.07134 9.07134 9.07134 9.07134 9.07134 9.07134 8.29778 7.84774 7.84774 7.48141 6.16114 6.16114 6.16114
13.6747 13.6804 14.2124 15.0943 15.9678 16.8414 17.7084 18.0426 18.0426 18.0426 18.0426 18.0426 18.0426 18.1044 10.1771 5.30593 5.25437 5.25437 5.25437 5.25437 5.25437 5.25437 5.25437 5.25437 0.00000 0.00000 0.00000 0.00000 23.3937 23.3937 23.3937 23.3937 23.3937 23.3937 23.3937 23.3937 23.3937 23.3937 23.3937 23.3937 23.3935 23.3794 23.3614 23.3480 14.5016 14.0196 14.6198 9.83825 9.07134 9.07134 9.07134 9.07134 9.07134 9.07134 9.07134 9.07134 9.07134 9.07134 9.07134 8.59561 7.83648 7.78414 7.70854 6.10240 5.92949 5.87346
16.8327 17.7006 18.0426 18.0774 18.2263 18.3840 18.5418 18.6998 18.8574 19.0151 19.1729 19.3306 19.4884 19.5842 15.8515 7.75520 0.00000 0.00000 0.00000 0.00000 0.00000 0.00000 0.00000 0.00000 0.00000 0.00000 0.00000 0.00000 0.00000 23.3937 23.3937 23.3937 23.3937 23.3937 23.3937 23.3912 23.3728 23.3566 23.3443 23.3347 23.3269 23.3243 23.3243 23.3243 18.0499 14.6384 14.6384 11.3872 9.07134 9.07134 9.07134 9.07134 8.94313 8.69154 8.43995 8.18878 7.93697 7.68580 7.43421 7.21527 7.35956 7.35582 7.35582 6.23052 5.66921 5.66921
19.1381 19.2957 19.4537 19.5765 19.5853 19.5853 19.5853 19.5853 19.5853 19.5853 19.5853 19.5853 19.5853 19.5853 18.2898 7.75520 0.00000 0.00000 0.00000 0.00000 0.00000 0.00000 0.00000 0.00000 0.00000 0.00000 0.00000 0.00000 0.00000 23.3937 25.1646 26.4674 23.3523 23.3409 23.3319 23.3253 23.3243 23.3243 23.3243 23.3243 23.3243 23.3243 23.3243 23.2938 19.7864 14.1721 13.9203 11.9667 7.85052 7.59893 7.34776 7.09595 6.97299 6.97299 6.97299 6.97299 6.97299 6.97299 6.97299 6.97337 7.31782 7.35582 7.35582 6.69416 5.66921 5.66921
19.5853 19.5853 19.5853 19.5853 19.5853 19.5853 19.5853 19.5853 19.5853 19.5853 19.5853 19.5853 19.5853 19.5853 19.5521 10.4472 0.00000 0.00000 0.00000 0.00000 0.00000 0.00000 0.00000 0.00000 0.00000 59.6849 59.6849 59.6849 59.6849 48.6012 41.4738 36.3962 23.3243 23.3243 23.3243 23.2938 22.8109 22.1762 21.5425 20.9078 20.2742 19.6395 19.0059 18.4016 17.5985 12.5412 12.5400 12.2617 7.09688 6.97299 6.97299 6.97299 6.97299 6.97299 6.97299 6.97299 6.97299 6.97299 6.97299 6.97299 7.22486 7.35582 7.35582 7.15680 5.67056 5.65182
19.5853 19.5853 19.5853 19.5853 19.5853 19.5853 19.5853 19.5853 19.5853 19.5853 19.5853 19.5853 19.5853 19.5853 19.5853 14.4386 7.75520 0.00000 0.00000 59.6849 59.6849 59.6849 59.6849 59.6849 59.6849 59.6849 59.6849 59.6849 59.6849 55.5615 39.7576 38.4705 20.9005 19.6395 19.0059 18.4016 18.2509 18.2509 18.2509 18.2509 18.2509 18.2509 18.2509 18.2509 18.2509 13.3030 12.5400 12.5400 8.36809 6.97299 6.97299 6.97299 6.97299 6.97299 6.97299 6.97299 6.97299 6.97299 6.97299 6.97299 6.96743 6.68364 6.16571 5.64607 3.67879 2.91023
19.5853 19.5853 19.5853 19.5853 19.5853 19.5853 19.5853 19.5853 19.5853 19.5853 19.5853 19.5853 19.5853 19.5853 19.5955 18.7072 41.5797 59.6849 59.6849 59.6849 59.6849 59.6849 59.6849 59.6849 59.6849 59.6849 59.6849 59.6849 59.6849 59.6849 38.0113 36.4660 23.3421 18.2509 18.2509 18.2509 18.2509 18.2509 18.2509 18.2509 18.2509 18.2509 18.2509 18.2509 18.2509 14.7164 12.5400 12.5400 9.91673 6.97299 6.97299 6.97299 6.97299 6.97299 6.95279 6.56832 6.04953 5.53046 5.01196 4.49317 4.20199 4.51003 4.51003 4.51003 3.52277 2.77021
20.1687 19.5853 19.5853 19.5853 19.5853 19.5853 19.5853 19.5853 19.5853 19.5955 20.1423 20.9927 21.8431 22.6935 23.5337 24.5988 44.4379 59.6849 59.6849 59.6849 59.6849 59.6849 59.6849 59.6849 59.6849 59.6849 59.6849 59.6849 59.6849 59.6849 41.7803 36.4660 28.4610 18.2509 18.2509 18.2509 18.2509 18.2509 18.2509 18.2509 18.2509 18.2509 18.2509 18.2509 18.2509 16.1310 12.5400 12.5400 11.4650 6.82131 6.31590 5.79825 5.27832 4.76011 4.26124 4.12720 4.12720 4.12720 4.12720 4.12720 4.12874 4.47883 4.51003 4.51003 4.00148 2.77021
21.9154 19.5853 19.5853 19.5853 19.5955 20.1423 20.9927 21.8431 22.6935 23.5337 23.8373 23.8373 23.8373 23.8373 23.8373 23.8373 36.7159 59.6849 59.6849 59.6849 59.6849 59.6849 59.6849 59.6849 59.6849 59.6849 59.6849 59.6849 59.6849 59.6849 46.9587 36.4660 33.5812 18.2509 18.2509 18.2509 18.2509 18.2509 18.2509 18.2509 18.2509 18.2509 18.2509 18.2452 17.4513 15.4002 9.05265 7.70804 6.34741 4.25462 4.12720 4.12720 4.12720 4.12720 4.12720 4.12720 4.12720 4.12720 4.12720 4.12720 4.12720 4.38680 4.51003 4.51003 4.40809 2.70146
25.0279 20.9927 21.8431 22.6935 23.5337 23.8373 23.8373 23.8340 23.8216 23.8086 23.7957 23.7827 23.7698 23.7568 23.7439 23.7309 29.9937 59.6849 59.6849 59.6849 59.6849 59.6849 59.6849 59.6849 59.6849 59.6849 59.6849 59.6849 59.6849 59.6849 54.3716 36.4660 36.4550 20.4931 18.2509 18.2509 18.2509 18.2509 18.1344 17.0215 15.6762 14.3316 12.9877 11.6502 11.0988 11.0988 6.09547 5.38789 5.38789 4.58228 4.12720 4.12720 4.12720 4.12720 4.12720 4.12736 4.13057 4.13497 4.13938 4.14379 4.14820 4.08027 3.87203 3.78132 3.71687 2.42285
34.6035 23.7857 23.7727 23.7598 23.7468 23.7338 23.7209 23.7112 23.7107 23.7107 23.7107 23.7107 23.7107 23.7107 23.7107 23.7107 25.8468 54.2190 59.6849 59.6849 59.6849 59.6849 59.6849 59.6849 59.6849 59.6849 59.6849 59.6849 59.6849 59.6849 59.6849 37.9480 36.4660 25.2124 16.5895 15.2456 13.9010 12.5564 11.3291 11.0988 11.0988 11.0988 11.0988 11.0988 11.0988 11.0988 7.50892 5.38880 5.39293 4.94003 4.14105 4.14546 4.14987 4.15428 4.15869 4.16294 4.16414 4.16414 4.16414 4.16414 4.16414 4.07848 3.71433 3.71433 3.71433 2.90148
39.4856 24.1596 23.7107 23.7107 23.7107 23.7107 23.7107 23.7107 23.7107 23.7107 23.7107 23.7107 23.7107 23.7107 23.7107 23.7107 23.8055 44.9267 59.6849 59.6849 59.6849 59.6849 59.6849 59.6849 59.6849 59.6849 59.6849 59.6849 58.0585 53.8503 49.5984 32.9380 27.1763 21.0457 11.0988 11.0988 11.0988 11.0988 11.0988 11.0118 10.6528 10.2757 9.89742 9.52032 9.14202 8.76493 7.26854 5.42455 5.42483 5.31004 4.17019 4.16414 4.16414 4.16414 4.16414 4.16414 4.16414 4.16414 4.16414 4.16414 4.16414 4.15978 3.74244 3.71433 3.71433 3.37976
39.9193 26.3515 23.7107 23.7107 23.7107 23.7107 23.7107 23.7107 23.7107 23.7107 23.7107 23.7107 23.7107 23.7107 23.7107 23.7107 23.7107 35.9598 59.6849 59.6849 59.6849 59.6849 59.6849 57.4682 53.2251 48.9753 44.7278 40.4825 37.8570 37.8242 37.8242 30.9470 25.0936 23.9070 10.1728 9.52395 9.14595 8.76855 8.39055 8.09685 8.07721 8.07721 8.07721 8.07721 8.07721 8.07721 7.71784 5.42483 5.42483 5.42483 4.40377 4.16414 4.16414 4.16414 4.16414 4.16414 4.16414 4.16414 4.16414 4.16414 4.16414 4.16414 3.84779 3.63920 3.35677 3.05333
39.9193 29.3997 23.7107 23.7107 23.7107 23.7107 23.7107 23.7107 23.7107 23.7107 23.7107 23.7107 23.7107 23.7107 23.7107 23.7107 23.7107 29.1752 56.8452 52.5977 48.3523 44.1004 39.8594 37.8242 37.8242 37.8242 37.8242 37.8242 37.8242 37.8242 37.8242 34.2417 22.5140 22.5140 11.5680 8.07721 8.07721 8.07721 8.07721 8.07721 8.07721 8.07721 8.07721 8.07721 8.07721 8.07721 8.07642 5.71997 5.42483 5.42483 4.75200 4.16414 4.16414 4.16414 4.16414 4.16414 4.16414 4.15834 3.95893 3.66488 3.37100 3.07680 2.57548 2.11418 2.10225 2.10225
39.9193 33.6197 23.7107 23.7107 23.7107 23.7107 23.7107 23.7107 23.7107 23.7107 23.7107 23.7107 23.7135 23.8490 24.0569 24.2649 24.4728 24.5543 35.9022 37.8242 37.8242 37.8242 37.8242 37.8242 37.8242 37.8242 37.8242 37.8242 37.8242 37.8242 37.8242 37.8211 23.4645 22.5140 15.5995 8.07721 8.07721 8.07721 8.07721 8.07721 8.07721 8.07721 8.07721 8.07721 8.07721 8.07721 8.07721 6.37169 5.42483 5.42483 5.10065 4.16414 4.09643 3.81706 3.52334 3.22914 2.93493 2.64686 2.55207 2.55207 2.55207 2.55207 2.45459 2.10225 2.10225 2.10225
0.00000 38.7868 23.9491 23.7107 23.7107 23.7107 23.7107 23.7135 23.8490 24.0569 24.2649 24.4728 24.6780 24.7504 24.7504 24.7504 24.7504 24.7504 31.5047 37.8242 37.8242 37.8242 37.8242 37.8242 37.8242 37.8242 37.8242 37.8242 37.8242 37.8242 37.8242 37.8242 25.9319 22.5140 19.6295 8.07721 8.07721 8.07721 8.07721 8.07721 8.07721 8.07721 8.07721 8.07721 8.07721 8.07721 8.07711 6.92347 5.13265 4.94247 4.71710 2.87682 2.56706 2.55207 2.55207 2.55207 2.55207 2.55207 2.55207 2.55207 2.55207 2.55207 2.54379 2.12267 2.10225 2.10225
0.00000 39.9193 25.8969 23.8490 24.0569 24.2649 24.4728 24.6780 24.7504 24.7504 24.7504 24.7411 24.7036 24.6642 24.6248 24.5854 24.5460 24.5066 28.3841 37.8242 37.8242 37.8242 37.8242 37.8242 37.8242 37.8242 37.8242 37.8242 37.8242 37.8242 37.8242 37.8242 29.3124 22.5140 22.4202 9.31589 8.07721 8.07721 8.07721 8.07721 8.07721 8.06569 7.91565 7.72538 7.53511 7.34493 7.15466 6.66646 4.41382 4.41382 4.41382 3.10241 2.55207 2.55207 2.55207 2.55207 2.55207 2.55207 2.55207 2.55737 2.58703 2.61972 2.65238 2.60498 2.71077 2.82673
0.00000 41.4071 30.0235 24.6712 24.6319 24.5924 24.5530 24.5137 24.4743 24.4348 24.3955 24.3654 24.3635 24.3635 24.3635 24.3635 24.3635 24.3635 26.1193 37.8242 37.8242 37.8242 37.8242 37.8242 37.8242 37.8242 37.8242 37.8242 37.8242 37.8242 37.8242 37.8242 34.1821 22.5140 22.5140 13.2543 8.03556 7.85590 7.66563 7.47546 7.28518 7.10644 7.06620 7.06620 7.06620 7.06620 7.06620 7.06222 4.67216 4.41382 4.41382 3.63136 2.59910 2.63176 2.66448 2.69715 2.72987 2.76253 2.79523 2.82264 2.82565 2.82565 2.82565 2.96762 3.11764 3.11764
0.00000 41.9989 33.9527 24.3635 24.3635 24.3635 24.3635 24.3635 24.3635 24.3635 24.3635 24.3635 24.3635 24.3635 24.3635 24.3635 24.3635 24.3635 24.5775 37.1447 37.8242 37.8242 37.8242 37.8242 37.8242 37.8242 37.8242 37.8242 37.8242 37.8242 37.8242 36.5119 32.8648 18.8538 16.3492 11.9157 7.07691 7.06620 7.06620 7.06620 7.06620 7.06620 7.06594 7.01891 6.93781 6.85612 6.77443 6.69340 5.27676 4.63635 4.66901 4.40504 2.82565 2.82565 2.82565 2.82565 2.82565 2.82565 2.82565 2.82565 2.82565 2.82565 2.82565 2.89651 3.11764 3.11764
0.00000 0.00000 39.3416 24.4584 24.3635 24.3635 24.3635 24.3635 24.3635 24.3635 24.3635 24.3635 24.3635 24.3635 24.3635 24.3635 24.3635 24.3635 24.3635 32.9547 37.8242 37.8242 37.8242 37.8242 37.8242 37.8242 35.9775 32.2861 28.6003 24.9146 21.2250 18.8515 18.8059 14.2890 13.0044 12.4305 6.97043 6.85370 6.77267 6.69098 6.60922 6.52832 6.44670 6.41216 6.41216 6.41216 6.41216 6.41216 5.69910 4.68740 4.68740 4.68684 3.05837 2.82565 2.82565 2.82565 2.82565 2.82565 2.82565 2.82565 2.82565 2.82565 2.82565 2.83445 3.10868 3.11764
0.00000 0.00000 41.9989 26.2158 24.3635 24.3635 24.3635 24.3635 24.3635 24.3635 24.3635 24.3635 24.3635 24.3635 24.3635 24.3635 24.3635 24.3635 24.3635 29.5745 37.7786 35.3975 31.7079 28.0202 24.3326 20.6449 18.8059 18.7136 18.4797 18.2893 18.1335 18.0040 17.8944 15.6144 12.3832 12.3508 7.58208 6.41216 6.41216 6.41216 6.41216 6.41216 6.41216 6.41216 6.41216 6.41216 6.41216 6.41216 6.12104 4.68740 4.68740 4.68740 3.57239 2.82565 2.82565 2.82565 2.82565 2.82565 2.82565 2.82565 2.82945 3.18275 3.76153 4.34032 5.13971 5.79019
0.00000 0.00000 41.9989 29.1593 24.3635 24.3635 24.3635 24.3635 24.3635 24.3635 24.3635 24.3635 24.3635 24.3635 24.3635 24.3385 23.4461 22.1260 20.8059 21.1423 19.7370 18.3524 18.1857 18.0477 17.9314 17.8323 17.7468 17.6958 17.6946 17.6946 17.6946 17.6946 17.6946 16.9433 12.3508 12.3508 9.24181 6.41216 6.41216 6.41216 6.41216 6.41216 6.41216 6.41216 6.41216 6.41216 6.41216 6.41216 6.40440 4.82625 4.68740 4.68740 4.08675 2.82565 2.82565 2.92777 3.45961 4.03840 4.61718 5.19596 5.77126 5.99707 5.99707 5.99707 6.14671 6.28906
0.00000 0.00000 0.00000 32.1039 24.3635 24.3635 24.3635 24.3635 24.3635 24.3635 24.3358 23.4362 22.1260 20.8059 19.4858 18.1908 17.7631 17.7631 17.7572 17.6301 18.5335 17.6946 17.6946 17.6946 17.6946 17.6946 17.6946 17.6946 17.6946 17.6946 17.6946 17.6946 17.6946 17.6914 12.9255 12.3508 10.9022 6.41216 6.41216 6.41216 6.41216 6.41216 6.41216 6.41216 6.41216 6.41216 6.41216 6.41216 6.41216 5.24064 4.81872 5.08722 5.25368 4.89614 5.47283 5.94981 5.99707 5.99707 5.99707 5.99707 5.99707 5.99707 5.99707 5.99707 6.07567 6.28906
0.00000 0.00000 0.00000 36.8371 24.3724 24.3358 23.4329 22.1128 20.7927 19.4726 18.1802 17.7631 17.7631 17.7631 17.7631 17.8740 18.4351 19.1054 19.8548 19.4223 19.5857 17.6946 17.6946 17.6946 17.6946 17.6946 17.6946 17.6946 17.6946 17.6946 17.6946 17.6946 17.6946 17.6946 14.2452 12.3508 12.2362 6.73819 6.41216 6.41216 6.41216 6.41216 6.41216 6.41216 6.42532 6.63103 6.89939 7.16818 7.43683 6.95638 6.11790 6.11790 6.11790 6.02507 5.99707 5.99707 5.99707 5.99707 5.99707 5.99707 5.99707 5.99707 5.99707 6.03056 6.12897 6.07328
