High_resolution/powerplant/Fengdu/OMI_NO2_201002.asc
ncols      200
nrows      200
xllcorner       105.978
yllcorner       28.1831
cellsize     0.0166667
NODATA_Value      -999.000
[rows 58 to 86 of 200, columns 66 to 131 of 200]
4.63380 4.63380 4.63380 4.63380 4.63380 4.63380 4.63380 4.63380 4.63380 4.63380 4.63380 4.63380 4.63380 4.63380 4.63380 4.63380 4.63380 4.63380 4.54535 3.87022 3.86727 3.70564 3.42378 3.14156 2.85970 2.66668 2.66089 2.66089 2.66089 2.66089 2.66089 2.66089 2.66089 2.66089 2.66089 2.66089 2.66089 2.66089 2.66089 2.51466 2.15359 2.15359 2.15359 2.15359 2.15359 2.15359 2.15359 2.15359 2.15359 2.15359 2.15359 2.15359 2.15359 2.15359 2.16429 2.19146 2.21881 2.24616 2.27046 2.56189 3.03342 3.03342 3.03342 3.03342 3.03342 3.03342
4.63380 4.63380 4.63380 4.63380 4.63380 4.63380 4.63380 4.63380 4.63380 4.63380 4.63380 4.63380 4.65527 4.63380 4.63380 4.63380 4.62652 4.48566 4.29489 3.27712 2.78136 2.66089 2.66089 2.66089 2.66089 2.66089 2.66089 2.66089 2.66089 2.66089 2.66089 2.66089 2.66089 2.66089 2.66089 2.66089 2.66089 2.66089 2.66089 2.64582 2.17784 2.15359 2.15359 2.15359 2.15359 2.15359 2.15359 2.15359 2.15359 2.15480 2.17538 2.20274 2.23008 2.25744 2.27410 2.27426 2.27426 2.27426 2.27426 2.33971 3.02666 3.03342 3.03342 3.03342 3.03342 3.03342
4.63380 4.63380 4.63380 4.63380 4.63380 4.63380 4.64608 4.69802 4.74037 4.77302 4.79898 4.82013 4.81818 4.47868 4.26697 4.07620 3.89271 3.84288 3.84288 3.26164 2.66089 2.66089 2.66089 2.66089 2.66089 2.66089 2.66089 2.66089 2.66089 2.66089 2.66089 2.66089 2.66089 2.66089 2.66089 2.66089 2.66089 2.66089 2.66089 2.66089 2.31812 2.15359 2.15359 2.15359 2.15359 2.16048 2.18665 2.21401 2.24138 2.26751 2.27426 2.27426 2.27426 2.27426 2.27426 2.27426 2.27426 2.27426 2.27426 2.27426 2.86316 3.03342 3.03342 3.03342 3.03342 3.03342
4.63591 4.67976 4.72660 4.76228 4.79039 4.81308 4.82860 4.82998 4.81443 4.72787 4.63256 4.53714 4.45037 4.10532 3.84288 3.84288 3.84288 3.84288 3.84288 3.62875 2.66089 2.66089 2.66089 2.66089 2.66089 2.66089 2.66089 2.66089 2.66089 2.66089 2.66089 2.66089 2.66089 2.66089 2.66089 2.66089 2.66089 2.66089 2.66089 2.66089 2.47373 2.17058 2.19795 2.22529 2.25264 2.27312 2.27426 2.27426 2.27426 2.27426 2.27426 2.27426 2.27426 2.27426 2.27426 2.27426 2.27426 2.27426 2.27426 2.27426 2.63398 3.03342 3.03342 3.03342 3.03342 3.03342
4.82494 4.82998 4.82998 4.82998 4.80542 4.71387 4.61852 4.52310 4.44333 4.43451 4.43451 4.43451 4.43451 4.26929 3.84288 3.84288 3.84288 3.84288 3.84288 3.84170 2.81483 2.66089 2.66089 2.66089 2.66089 2.66089 2.66089 2.66089 2.66089 2.66089 2.66089 2.66089 2.66089 2.66089 2.66089 2.66089 2.65615 2.60706 2.54707 2.48714 2.41733 2.27597 2.27426 2.27426 2.27426 2.27426 2.27426 2.27426 2.27426 2.27426 2.27426 2.27426 2.27426 2.27426 2.27426 2.27426 2.27426 2.27426 2.27426 2.27426 2.40502 3.03342 3.03342 3.03342 3.03342 3.03342
4.79438 4.69987 4.60448 4.50918 4.43831 4.43451 4.43451 4.43451 4.43451 4.43451 4.43451 4.43451 4.43451 4.38345 3.84288 3.84288 3.84288 3.84288 3.84288 3.84288 3.18073 2.66089 2.66089 2.66089 2.66089 2.66089 2.66089 2.66089 2.66089 2.66089 2.66089 2.66089 2.64741 2.59068 2.53075 2.47074 2.41555 2.40466 2.40466 2.40466 2.40466 2.30588 2.27426 2.27426 2.27426 2.27426 2.27426 2.27426 2.27426 2.27426 2.27426 2.27426 2.27426 2.27426 2.27426 2.27426 2.27426 2.27426 2.27426 2.27426 2.27480 2.93456 3.03342 3.03342 3.03342 3.03326
4.43535 4.43451 4.43451 4.43451 4.43451 4.43451 4.43451 4.43451 4.43451 4.43451 4.43451 4.43451 4.43451 4.43431 3.96928 3.84288 3.84288 3.84288 3.84288 3.84288 3.54788 2.66089 2.66089 2.66089 2.66089 2.66089 2.66089 2.66089 2.63417 2.57431 2.51430 2.45442 2.40791 2.40466 2.40466 2.40466 2.40466 2.40466 2.40466 2.40466 2.40466 2.34579 2.27426 2.27426 2.27426 2.27426 2.27426 2.27426 2.27426 2.27426 2.27426 2.27426 2.27426 2.27426 2.27426 2.27426 2.27426 2.27426 2.27426 2.27426 2.27426 2.69775 2.93784 2.85188 2.76596 2.68016
4.43451 4.43451 4.43451 4.43451 4.43451 4.43451 4.43451 4.43451 4.43451 4.43451 4.43451 4.43451 4.43451 4.43451 4.17890 3.84288 3.84288 3.84288 3.84288 3.84288 3.82597 2.74978 2.66089 2.65948 2.61792 2.55791 2.49798 2.43799 2.40474 2.40466 2.40466 2.40466 2.40466 2.40466 2.40466 2.40466 2.40466 2.40466 2.40466 2.40466 2.40466 2.38567 2.27428 2.27426 2.27426 2.27426 2.27426 2.27426 2.27426 2.27426 2.27426 2.27426 2.27426 2.27426 2.27426 2.27426 2.27426 2.47083 2.85539 3.23941 3.62395 3.58484 2.64251 2.64251 2.64251 2.64251
4.43451 4.43451 4.43451 4.43451 4.43451 4.43451 4.43451 4.43451 4.43451 4.43451 4.43451 4.43451 4.43451 4.43451 4.31951 3.84288 3.84288 3.84288 3.84288 3.82473 3.66409 2.88215 2.48161 2.42306 2.40466 2.40466 2.40466 2.40466 2.40466 2.40466 2.40466 2.40466 2.40466 2.40466 2.40466 2.40466 2.40466 2.40466 2.40466 2.40466 2.40466 2.40466 2.29514 2.27426 2.27426 2.27426 2.27426 2.27426 2.27426 2.27426 2.27426 2.27426 2.30745 2.62680 3.01082 3.39519 3.77973 3.96751 3.96751 3.96751 3.96751 3.93876 2.72014 2.64251 2.64251 2.64251
4.43478 4.43451 4.43451 4.43451 4.43451 4.43451 4.43451 4.43451 4.43451 4.43415 4.43152 4.42850 4.42548 4.42247 4.40072 3.82684 3.63524 3.44426 3.25342 3.08066 3.05039 2.84405 2.40466 2.40466 2.40466 2.40466 2.40466 2.40466 2.40466 2.40466 2.40466 2.40466 2.40466 2.40466 2.40466 2.40466 2.40466 2.40466 2.40466 2.40466 2.40466 2.40466 2.33504 2.27426 2.27426 2.27426 2.27426 2.27426 2.40414 2.78224 3.16677 3.55114 3.90215 3.96751 3.96751 3.96751 3.96751 3.96751 3.96751 3.96751 3.96751 3.96751 3.09314 2.64251 2.64251 2.64251
4.87329 4.43451 4.43451 4.43448 4.43254 4.42952 4.42651 4.42349 4.42047 4.41782 4.41743 4.39135 4.29911 4.20373 4.10824 3.42424 3.05039 3.05039 3.05039 3.05039 3.05039 3.02198 2.42636 2.40466 2.40466 2.40466 2.40466 2.40466 2.40466 2.40466 2.40466 2.40466 2.40466 2.40466 2.40466 2.40466 2.40466 2.40466 2.40466 2.40466 2.40466 2.40466 2.37493 2.28425 2.55365 2.93802 3.32255 3.70675 3.96141 3.96751 3.96751 3.96751 3.96751 3.96751 3.96751 3.96751 3.96751 3.96751 3.96751 3.96751 3.96751 3.96751 3.49454 2.64251 2.64251 2.64251
5.70304 4.42451 4.42149 4.41854 4.41743 4.41743 4.41743 4.37958 4.28468 4.18919 4.09381 4.02443 4.02118 4.02118 4.02118 3.70146 3.05039 3.05039 3.05039 3.05039 3.05039 3.05039 2.59763 2.40466 2.40466 2.40466 2.40466 2.40466 2.40466 2.40466 2.40466 2.40466 2.40466 2.40466 2.40466 2.40466 2.40466 2.40466 2.40466 2.43716 2.64415 2.87737 3.10957 3.80385 3.96751 3.96751 3.96751 3.96751 3.96751 3.96751 3.96751 3.96751 3.96751 3.96751 3.96751 3.96751 3.96751 3.96751 3.96751 3.96751 3.96751 3.96751 3.87529 2.66332 2.64251 2.64251
6.53141 4.41743 4.41735 4.36568 4.27026 4.17481 4.07935 4.02178 4.02118 4.02118 4.02118 4.02118 4.02118 4.02118 4.02118 3.90175 3.05039 3.05039 3.05039 3.05039 3.05039 3.05039 2.79712 2.40466 2.40466 2.40466 2.40466 2.40466 2.40466 2.40466 2.40466 2.40466 2.40466 2.40466 2.40466 2.48034 2.70906 2.94218 3.17529 3.37570 3.40173 3.40173 3.40173 3.75126 3.96751 3.96751 3.96751 3.96751 3.96751 3.96751 3.96751 3.96751 3.96751 3.96751 3.96751 3.96751 3.96751 3.96751 3.96751 3.96751 3.96751 3.96751 3.96751 2.97257 2.64251 2.64251
6.24941 4.29242 4.06501 4.02118 4.02118 4.02118 4.02118 4.02118 4.02118 4.02118 4.02118 4.02118 4.02118 4.02118 4.02118 4.01542 3.17571 3.05039 3.05039 3.05039 3.05039 3.05039 2.99137 2.41002 2.40466 2.40466 2.40466 2.40466 2.40466 2.40466 2.40546 2.54086 2.77397 3.00699 3.23990 3.39744 3.40173 3.40173 3.40173 3.40173 3.40173 3.40173 3.40173 3.57861 3.96751 3.96751 3.96751 3.96751 3.96751 3.96751 3.96751 3.96751 3.96751 3.96751 3.96751 3.96751 3.96751 3.96751 3.96751 3.96751 3.96751 3.96751 3.96751 3.37404 2.61010 2.48788
5.03474 4.43406 4.02118 4.02118 4.02118 4.02118 4.02118 4.02118 4.02118 4.02118 4.02118 4.02118 4.02118 4.02118 4.02118 4.02118 3.53608 3.05039 3.05039 3.05039 3.05039 3.05039 3.05039 2.55063 2.40466 2.40466 2.41991 2.60567 2.83868 3.07180 3.30411 3.40173 3.40173 3.40173 3.40173 3.40173 3.40173 3.40173 3.40173 3.40173 3.40173 3.40173 3.40173 3.42560 3.94816 3.96751 3.96751 3.96751 3.96751 3.96751 3.96751 3.96751 3.96751 3.96751 3.96751 3.96751 3.96751 3.96751 3.96751 3.97210 4.25883 4.71108 5.16353 5.11264 2.06793 2.06271
5.04762 4.74214 4.02118 4.02118 4.02118 4.02118 4.02118 4.02118 4.02118 4.02118 4.02118 4.02118 4.02118 4.02118 4.02118 4.02118 3.78602 3.05039 3.05039 3.05039 3.05039 3.05039 3.10355 3.04664 2.90359 3.13671 3.35437 3.40173 3.40173 3.40173 3.40173 3.40173 3.40173 3.40173 3.40173 3.40173 3.40173 3.40173 3.40173 3.40173 3.40173 3.40173 3.40173 3.40173 3.79940 3.96751 3.96751 3.96751 3.96751 3.96751 3.96751 3.96751 3.96751 3.96751 3.96751 4.03759 4.44572 4.89817 5.35042 5.79848 5.96421 5.96421 5.96421 5.96421 2.66354 2.06271
5.05582 4.99343 4.08300 4.02118 4.02118 4.02118 4.02118 4.02118 4.02118 4.02118 4.02118 4.02118 4.03078 4.14478 4.28716 4.42971 4.49347 3.05394 3.13287 3.41708 3.71052 4.00372 4.24388 4.13133 3.40173 3.40173 3.40173 3.40173 3.40173 3.40173 3.40173 3.40173 3.40173 3.40173 3.40173 3.40173 3.40173 3.40173 3.40173 3.40173 3.40173 3.40173 3.40173 3.40173 3.62693 3.96751 3.96751 3.96751 3.96751 3.96751 3.96751 4.18056 4.63261 5.08526 5.53751 5.91988 5.96421 5.96421 5.96421 5.96421 5.96421 5.96421 5.96421 5.96421 3.83399 2.06271
5.05596 5.02701 4.37033 4.02118 4.02118 4.02118 4.02118 4.09592 4.23855 4.38085 4.52356 4.66594 4.79881 4.82743 4.88653 5.03231 5.17909 4.40101 4.25787 4.26700 4.26700 4.26700 4.26700 4.26700 3.53256 3.40173 3.40173 3.40173 3.40173 3.40173 3.40173 3.40173 3.40173 3.40173 3.40173 3.40173 3.40173 3.40173 3.40173 3.40173 3.40173 3.40173 3.40173 3.40173 3.45763 3.96423 4.00085 4.36725 4.81970 5.27215 5.72460 5.96401 5.96421 5.96421 5.96421 5.96421 5.96421 5.96421 5.96421 5.96421 5.96421 5.96421 5.96421 5.96421 5.00326 2.06271
5.05596 5.06716 4.84710 4.33207 4.47486 4.61708 4.75979 4.82743 4.82743 4.82756 4.90724 5.05397 5.20069 5.34729 5.43501 5.43574 5.43574 4.97671 4.26700 4.26700 4.26700 4.26700 4.26700 4.26700 3.79845 3.40173 3.40173 3.40173 3.40173 3.40173 3.40173 3.40173 3.40173 3.40173 3.40173 3.40173 3.40173 3.40173 3.40173 3.40173 3.40173 3.40173 3.39219 3.35523 3.31662 4.96629 5.87835 5.96421 5.96421 5.96421 5.96421 5.96421 5.96421 5.96421 5.96421 5.96421 5.96421 5.96421 5.96421 5.96421 5.96421 5.96421 5.96421 5.96421 5.90298 2.33220
5.48572 5.57670 5.76267 4.85550 4.82743 4.83017 4.92884 5.07556 5.22222 5.36883 5.43574 5.43574 5.43574 5.43574 5.43574 5.43574 5.43574 5.23833 4.26700 4.26700 4.26700 4.26700 4.26700 4.26700 4.06470 3.40173 3.40173 3.40173 3.40173 3.40173 3.40173 3.40173 3.40173 3.40173 3.40173 3.40173 3.40173 3.40173 3.38329 3.34468 3.30604 3.26743 3.23836 3.23666 3.23666 4.55996 5.96421 5.96421 5.96421 5.96421 5.96421 5.96421 5.96421 5.96421 5.96421 5.96421 5.96421 5.96421 5.96421 5.96421 5.96421 5.96421 5.96421 5.96421 5.96421 3.43994
5.56209 5.55074 5.54969 5.14518 5.24382 5.38787 5.43574 5.43574 5.43574 5.43574 5.43574 5.43574 5.43574 5.43574 5.43574 5.43574 5.43574 5.41085 4.33000 4.26700 4.26700 4.26700 4.26700 4.26700 4.25800 3.47458 3.40173 3.40173 3.40173 3.40173 3.40173 3.40173 3.40173 3.40050 3.37274 3.33410 3.29548 3.25687 3.23666 3.23666 3.23666 3.23666 3.23666 3.23666 3.23666 3.73387 5.96421 5.96421 5.96421 5.96421 5.96421 5.96421 5.96421 5.96421 5.96421 5.96421 5.96421 5.96421 5.96421 5.96421 5.96421 5.96421 5.96421 5.96421 5.96421 4.61039
4.80532 4.54855 4.61036 5.01402 5.43574 5.43574 5.43574 5.43574 5.43574 5.43574 5.43574 5.43574 5.43574 5.43574 5.43574 5.43574 5.43574 5.43574 4.75081 4.26700 4.26700 4.26700 4.26700 4.26700 4.26700 3.73183 3.40173 3.40173 3.40173 3.39641 3.36216 3.32354 3.28491 3.24749 3.23666 3.23666 3.23666 3.23666 3.23666 3.23666 3.23666 3.23666 3.23666 3.23666 3.23666 3.24103 5.62967 5.96421 5.96421 5.96421 5.96421 5.96421 5.96421 5.96421 5.96421 5.96421 5.96421 5.96421 5.96421 5.96421 5.96421 5.96421 5.95767 5.80394 5.58958 5.10339
4.48099 4.48099 4.53943 4.80064 5.43008 5.43574 5.43574 5.43574 5.43574 5.43574 5.43574 5.43574 5.43574 5.43574 5.43574 5.43574 5.43574 5.43574 5.08268 4.26700 4.26700 4.26700 4.26700 4.26700 4.26700 3.95795 3.35160 3.31297 3.27431 3.24102 3.23666 3.23666 3.23666 3.23666 3.23666 3.23666 3.23666 3.23666 3.23666 3.23666 3.23666 3.23666 3.23666 3.23666 3.23666 3.23666 4.80785 5.96421 5.96421 5.96421 5.96421 5.96421 5.96421 5.96421 5.96421 5.96421 5.96421 5.96421 5.91656 5.71424 5.49979 5.28543 5.07771 5.01699 5.01699 5.01699
4.48099 4.48099 4.48474 4.71866 5.27699 5.43574 5.43574 5.43574 5.43574 5.43574 5.43574 5.43574 5.43574 5.43574 5.43574 5.43554 5.43078 5.42416 5.29649 4.26700 4.26700 4.18285 3.98886 3.79428 3.60000 3.45591 3.24500 3.23666 3.23666 3.23666 3.23666 3.23666 3.23666 3.23666 3.23666 3.23666 3.23666 3.23666 3.23666 3.23666 3.23666 3.23666 3.23666 3.23666 3.23666 3.23666 3.98128 5.96421 5.96421 5.96421 5.96421 5.96421 5.96421 5.96345 5.83870 5.62435 5.40999 5.19563 5.02883 5.01699 5.01699 5.01699 5.01699 5.01699 5.01699 5.01699
4.48099 4.48099 4.48099 4.65159 5.05854 5.43574 5.43574 5.43574 5.43574 5.43574 5.43308 5.42651 5.41989 5.41327 5.40666 5.40024 5.39805 5.34207 5.24162 3.99504 3.57087 3.46066 3.46017 3.46017 3.46017 3.46017 3.30485 3.23666 3.23666 3.23666 3.23666 3.23666 3.23666 3.23666 3.23666 3.23666 3.23666 3.23666 3.23666 3.23666 3.23666 3.23666 3.23666 3.23666 3.23666 3.23666 3.30294 5.81610 5.96421 5.93702 5.74881 5.53455 5.32010 5.10660 5.01699 5.01699 5.01699 5.01699 5.01699 5.01699 5.01699 5.01699 5.01699 5.01699 5.01699 5.01699
4.48099 4.48099 4.48099 4.58072 4.83851 5.42871 5.42222 5.41561 5.40899 5.40237 5.39841 5.39838 5.39583 5.32737 5.23023 5.13297 5.03611 4.99496 4.99496 4.27420 3.46017 3.46017 3.46017 3.46017 3.46017 3.46017 3.37352 3.23666 3.23666 3.23666 3.23666 3.23666 3.23666 3.23666 3.23666 3.23666 3.23666 3.23666 3.23666 3.23666 3.23666 3.23666 3.23666 3.23666 3.23666 3.40854 3.87768 5.11694 5.23030 5.04323 5.01699 5.01699 5.01699 5.01699 5.01699 5.01699 5.01699 5.01699 5.01699 5.01699 5.01699 5.01699 5.01699 5.01699 5.01699 5.01699
4.59877 4.67451 4.75050 4.81418 4.69819 5.28422 5.39838 5.39838 5.39136 5.31289 5.21567 5.11849 5.02381 4.99496 4.99496 4.99496 4.99496 4.99496 4.99496 4.65348 3.46017 3.46017 3.46017 3.46017 3.46017 3.46017 3.44032 3.23863 3.23666 3.23666 3.23666 3.23666 3.23666 3.23666 3.23666 3.23666 3.23666 3.23666 3.23666 3.23666 3.24052 3.53455 4.00885 4.48360 4.95782 5.26078 5.26585 5.17569 5.01699 5.01699 5.01699 5.01699 5.01699 5.01699 5.01699 5.01699 5.01699 5.01699 5.01699 5.01699 5.01699 5.01699 5.01699 5.01699 5.01699 5.01699
4.89761 4.89761 4.89761 4.89761 4.75897 5.14447 5.20115 5.10392 5.01368 4.99496 4.99496 4.99496 4.99496 4.99496 4.99496 4.99496 4.99496 4.99496 4.99496 4.91986 3.47332 3.46017 3.46017 3.46017 3.46017 3.46017 3.46017 3.28756 3.23666 3.23666 3.23666 3.23666 3.23666 3.23666 3.23666 3.23666 3.27522 3.66584 4.14006 4.61468 5.08525 5.26585 5.26585 5.26585 5.26585 5.26585 5.26585 5.24778 5.02060 5.01699 5.01699 5.01699 5.01699 5.01699 5.01699 5.01699 5.01699 5.01699 5.01699 5.01699 5.01699 5.01699 5.01699 5.01699 5.01699 5.01699
4.93255 5.19290 5.57966 6.11768 6.59044 5.98866 4.99496 4.99496 4.99496 4.99496 4.99496 4.99496 4.99496 4.99496 4.99496 4.99496 4.99496 4.99496 4.99496 4.99496 3.94157 3.46017 3.46017 3.46017 3.46017 3.46017 3.46017 3.35633 3.23666 3.23666 3.23666 3.23666 3.34665 3.79692 4.27135 4.74597 5.18164 5.26585 5.26585 5.26585 5.26585 5.26585 5.26585 5.26585 5.26585 5.26585 5.26585 5.26585 5.07836 5.01699 5.01699 5.01699 5.01699 5.01699 5.01699 5.01699 5.01699 5.01699 5.01699 5.01699 5.01699 5.01699 5.01699 5.01699 5.01699 4.98031
