High_resolution/powerplant/Fengdu/OMI_NO2_201102.asc
ncols      200
nrows      200
xllcorner       105.978
yllcorner       28.1831
cellsize     0.0166667
NODATA_Value      -999.000
[rows 87 to 115 of 200, columns 132 to 197 of 200]
4.33584 4.33584 4.33584 4.33584 4.33584 4.33584 4.25707 3.92936 2.92722 0.323034 0.172450 0.164425 0.164425 0.164425 0.164425 0.164425 0.164425 0.164425 0.164425 0.164425 0.164425 0.164425 0.164425 0.164425 0.164425 0.164425 0.164425 0.164425 0.164425 0.164425 0.164425 0.164425 0.00000 0.00000 0.00000 0.00000 0.00000 0.232920 0.232920 0.232920 0.232920 0.232920 0.232920 0.232920 0.232920 0.232920 0.232920 0.232920 0.232920 0.232920 0.232920 0.232920 0.232920 0.958024 1.64817 1.64817 1.64817 1.64817 1.64817 1.64817 1.64817 1.64817 1.64817 1.64817 1.64817 1.64817
4.33584 4.33584 4.27696 3.96077 3.61452 3.26828 3.00067 2.98226 2.96958 0.473326 0.164425 0.164425 0.164425 0.164425 0.164425 0.164425 0.164425 0.164425 0.164425 0.164425 0.164425 0.164425 0.164425 0.164425 0.164425 0.164425 0.164425 0.164425 0.164425 0.164425 0.164425 0.164425 0.164425 0.232920 0.232920 0.232920 0.232920 0.232920 0.232920 0.232920 0.232920 0.232920 0.232920 0.232920 0.232920 0.232920 0.232920 0.232920 0.232920 0.232920 0.232920 0.232920 0.232920 0.522937 1.64817 1.64817 1.64817 1.64817 1.64817 1.64817 1.64817 1.64817 1.64817 1.64817 1.64817 1.62315
3.64565 3.29954 3.01231 2.98226 2.98226 2.98226 2.98226 2.98226 2.98226 1.35188 0.164425 0.164425 0.164425 0.164425 0.164425 0.164425 0.164425 0.164425 0.164425 0.164425 0.164425 0.164425 0.164425 0.164425 0.164425 0.164425 0.164425 0.164425 0.164425 0.161648 0.153401 0.145040 0.193617 0.232920 0.232920 0.232920 0.232920 0.232920 0.232920 0.232920 0.232920 0.232920 0.232920 0.232920 0.232920 0.232920 0.232920 0.232920 0.232920 0.232920 0.232920 0.232920 0.232920 0.239006 1.49730 1.64817 1.64817 1.64817 1.64817 1.64817 1.64817 1.59131 1.42591 1.25778 1.08972 0.946678
2.98226 2.98226 2.98226 2.98226 2.98226 2.98226 2.98226 2.98226 2.98226 2.24295 0.164425 0.164425 0.164425 0.164425 0.164425 0.164425 0.164425 0.164425 0.164425 0.164425 0.164425 0.164425 0.164425 0.164425 0.164425 0.161497 0.153232 0.144864 0.136485 0.130897 0.130763 0.130763 0.164045 0.232920 0.232920 0.232920 0.232920 0.232920 0.232920 0.232920 0.232920 0.232920 0.232920 0.232920 0.232920 0.232920 0.232920 0.232920 0.232920 0.232920 0.232920 0.232920 0.232920 0.232920 1.06845 1.64817 1.64738 1.54746 1.37940 1.21134 1.04321 0.932014 0.929354 0.929354 0.929354 0.929354
2.98226 2.98226 2.98226 2.98226 2.98226 2.98226 2.98226 2.98226 2.98226 2.93408 0.365840 0.164425 0.164425 0.164425 0.164425 0.164425 0.164425 0.164425 0.164425 0.164425 0.164425 0.161345 0.153064 0.144682 0.136317 0.130870 0.130763 0.130763 0.130763 0.130763 0.130763 0.130763 0.135544 0.229701 0.232920 0.232920 0.232920 0.232920 0.232920 0.232920 0.232920 0.232920 0.232920 0.232920 0.232920 0.232920 0.232920 0.232920 0.232920 0.232920 0.232920 0.232920 0.242837 0.397817 0.829882 1.16477 0.997570 0.929354 0.929354 0.929354 0.929354 0.929354 0.929354 0.929354 0.929354 0.929354
2.98226 2.98226 2.98226 2.98226 2.98226 2.98226 2.98226 2.98226 2.98226 2.98226 1.20907 0.164425 0.164425 0.164425 0.164425 0.164425 0.164425 0.161187 0.152896 0.144507 0.136149 0.130844 0.130763 0.130763 0.130763 0.130763 0.130763 0.130763 0.130763 0.130763 0.130763 0.130763 0.130763 0.202775 0.232920 0.232920 0.232920 0.232920 0.232920 0.232920 0.232920 0.232920 0.232920 0.232920 0.232920 0.232920 0.232920 0.232920 0.254856 0.428577 0.630958 0.833340 1.02589 1.07337 1.06940 0.936616 0.929354 0.929354 0.929354 0.929354 0.929354 0.929354 0.929354 0.929354 0.929354 0.929354
2.98226 2.98226 2.98226 2.98226 2.98226 2.98226 2.98226 2.98226 2.98226 2.98226 2.10065 0.164425 0.164425 0.161025 0.152728 0.144325 0.135980 0.130823 0.130763 0.130763 0.130763 0.130763 0.130763 0.130763 0.130763 0.130763 0.130763 0.130763 0.130763 0.130763 0.130763 0.130763 0.130763 0.171043 0.232920 0.232920 0.232920 0.232920 0.232920 0.232920 0.232920 0.232920 0.232920 0.232920 0.271665 0.459231 0.661719 0.864184 1.04455 1.07337 1.07337 1.07337 1.07337 1.07337 1.07337 0.976765 0.929354 0.929354 0.929354 0.929354 0.929354 0.929354 0.929354 0.929354 0.929354 0.929354
2.98226 2.98226 2.98226 2.98226 2.98226 2.98226 2.98226 2.98226 2.98226 2.83472 2.34072 0.198739 0.135812 0.130803 0.130763 0.130763 0.130763 0.130763 0.130763 0.130763 0.130763 0.130763 0.130763 0.130763 0.130763 0.130763 0.130763 0.130763 0.130763 0.130763 0.130763 0.130763 0.130763 0.140144 0.232082 0.232920 0.232920 0.232920 0.232920 0.232920 0.292928 0.490099 0.692480 0.894861 1.05866 1.07337 1.07337 1.07337 1.07337 1.07337 1.07337 1.07337 1.07337 1.07337 1.07337 1.02090 0.929354 0.929354 0.929354 0.929354 0.929354 0.929354 0.929354 0.929354 0.929354 0.929354
2.98226 2.98226 2.98226 2.98226 2.98226 2.86212 2.48056 2.08945 1.69846 1.45496 1.45174 0.550042 0.130763 0.130763 0.130763 0.130763 0.130763 0.130763 0.130763 0.130763 0.130763 0.130763 0.130763 0.130763 0.130763 0.130763 0.130763 0.130763 0.130763 0.130763 0.130763 0.130763 0.130763 0.130763 0.209761 0.232920 0.318982 0.520859 0.723240 0.925621 1.06808 1.07337 1.07337 1.07337 1.07337 1.07337 1.07337 1.07337 1.07337 1.07337 1.07337 1.07337 1.07337 1.07337 1.07337 1.06290 0.931472 0.929354 0.929354 0.929354 0.929354 0.929354 0.929354 0.929354 0.929354 0.929354
2.98226 2.88707 2.51393 2.12257 1.73183 1.46093 1.45174 1.45174 1.45174 1.45174 1.45174 0.964566 0.130763 0.130763 0.130763 0.130763 0.130763 0.130763 0.130763 0.130763 0.130763 0.130763 0.130763 0.130763 0.130763 0.130763 0.130763 0.130763 0.130763 0.130763 0.130763 0.130763 0.328613 0.730445 0.959770 0.956466 1.07270 1.07337 1.07337 1.07337 1.07337 1.07337 1.07337 1.07337 1.07337 1.07337 1.07337 1.07337 1.07337 1.07337 1.07337 1.07337 1.07337 1.07337 1.07337 1.07337 0.965107 0.929354 0.929354 0.929354 0.929354 0.929354 0.929354 0.929354 0.907935 0.863538
1.76520 1.46950 1.45174 1.45174 1.45174 1.45174 1.45174 1.45174 1.45174 1.45174 1.45174 1.35716 0.152559 0.130763 0.130763 0.130763 0.130763 0.130763 0.130763 0.130763 0.130763 0.130763 0.130763 0.130763 0.130763 0.130763 0.130763 0.130763 0.339748 0.739966 1.14099 1.54282 1.74455 1.74455 1.64127 1.07337 1.07337 1.07337 1.07337 1.07337 1.07337 1.07337 1.07337 1.07337 1.07337 1.07337 1.07337 1.07337 1.07337 1.07337 1.07337 1.07337 1.07337 1.07337 1.07337 1.07337 1.00924 0.929354 0.929354 0.927815 0.895448 0.851032 0.806654 0.762275 0.739297 0.739297
1.45174 1.45174 1.45174 1.45174 1.45174 1.45174 1.45174 1.45174 1.45174 1.45174 1.45174 1.45174 0.472369 0.130763 0.130763 0.130763 0.130763 0.130763 0.130763 0.130763 0.130763 0.130763 0.130763 0.131085 0.348624 0.750133 1.15148 1.55138 1.74455 1.74455 1.74455 1.74455 1.74455 1.74455 1.74455 1.17765 1.07337 1.07337 1.07337 1.07337 1.07337 1.07337 1.07337 1.07337 1.07337 1.07337 1.07337 1.07337 1.07337 1.07337 1.07337 1.07337 1.07337 1.07337 1.07337 1.05496 0.912332 0.838482 0.794148 0.751309 0.739297 0.739297 0.739297 0.739297 0.739297 0.739297
1.45174 1.45174 1.45174 1.45174 1.45174 1.45174 1.45174 1.45174 1.45174 1.45174 1.45174 1.45174 0.886893 0.130763 0.130763 0.130763 0.130763 0.130763 0.130763 0.131731 0.359113 0.760139 1.16052 1.56219 1.74455 1.74455 1.74455 1.74455 1.74455 1.74455 1.74455 1.74455 1.74455 1.74455 1.74455 1.38500 1.07337 1.07337 1.07337 1.07337 1.07337 1.07337 1.07337 1.07337 1.07337 1.07337 1.07337 1.07337 1.07337 1.07337 1.07337 1.04247 0.904707 0.757681 0.610716 0.482160 0.463812 0.693369 0.739297 0.739297 0.739297 0.739297 0.739297 0.739297 0.739297 0.739297
1.45174 1.45174 1.45174 1.45174 1.45174 1.45174 1.45174 1.45174 1.45174 1.45174 1.45174 1.45174 1.29732 0.134726 0.130763 0.132377 0.368796 0.769660 1.17149 1.57010 1.74455 1.74455 1.74455 1.74455 1.74455 1.74455 1.74455 1.74455 1.74455 1.74455 1.74455 1.74455 1.74455 1.74455 1.74455 1.59247 1.07337 1.07337 1.07337 1.07337 1.07337 1.07337 1.07337 1.07337 1.07337 1.07337 1.07337 1.02686 0.882946 0.735920 0.589016 0.472895 0.463812 0.463812 0.463812 0.463812 0.463812 0.608915 0.739297 0.739297 0.739297 0.739297 0.739297 0.739297 0.739297 0.739297
1.45174 1.45174 1.45174 1.45174 1.45174 1.45174 1.45174 1.45174 1.45174 1.45174 1.45174 1.45122 1.35446 0.827875 1.17988 1.58043 1.74455 1.74455 1.74455 1.74455 1.74455 1.74455 1.74455 1.74455 1.74455 1.74455 1.74455 1.74455 1.74455 1.74455 1.74455 1.74455 1.74455 1.74455 1.74455 1.73891 1.13444 1.07337 1.07337 1.07337 1.07337 1.07337 1.07337 1.00797 0.861124 0.714281 0.567255 0.466860 0.463812 0.463812 0.463812 0.463812 0.463812 0.463812 0.463812 0.463812 0.463812 0.524471 0.739297 0.739297 0.739297 0.739297 0.739297 0.739297 0.739297 0.739297
1.45174 1.45174 1.45174 1.45174 1.45174 1.45174 1.45174 1.45174 1.36958 1.20151 1.03324 0.865632 0.794447 1.25667 1.74455 1.74455 1.74455 1.74455 1.74455 1.74455 1.74455 1.74455 1.74455 1.74455 1.74455 1.74455 1.74455 1.74455 1.74455 1.74455 1.74455 1.74455 1.74455 1.74455 1.74455 1.74455 1.33625 1.07337 1.07276 0.986450 0.839484 0.692519 0.545493 0.464056 0.463812 0.463812 0.463812 0.463812 0.463812 0.463812 0.463812 0.463812 0.463812 0.463812 0.463812 0.463812 0.463812 0.465823 0.713617 0.739297 0.739297 0.739297 0.739297 0.739297 0.739297 0.739297
1.45174 1.45174 1.45174 1.45174 1.38398 1.21676 1.04862 0.880356 0.794447 0.794447 0.794447 0.794447 0.794447 0.958624 1.74455 1.74455 1.74455 1.74455 1.74455 1.74455 1.74455 1.74455 1.74455 1.74455 1.74455 1.74455 1.74455 1.74455 1.74455 1.74455 1.74455 1.74455 1.74455 1.74455 1.74113 1.59948 1.21495 0.670758 0.524463 0.463812 0.463812 0.463812 0.463812 0.463812 0.463812 0.463812 0.463812 0.463812 0.463812 0.463812 0.463812 0.463812 0.463812 0.463812 0.463812 0.463812 0.463812 0.463812 0.631230 0.739297 0.739297 0.739297 0.739297 0.739297 0.739297 0.739297
1.39693 1.23188 1.06387 0.895802 0.795236 0.794447 0.794447 0.794447 0.794447 0.794447 0.794447 0.794447 0.794447 0.794732 1.61030 1.74455 1.74455 1.74455 1.74455 1.74455 1.74455 1.74455 1.74455 1.74455 1.74455 1.74455 1.74455 1.74455 1.74455 1.74455 1.73985 1.59427 1.38183 1.17033 0.961564 0.890694 0.876224 0.482465 0.463812 0.463812 0.463812 0.463812 0.463812 0.463812 0.463812 0.463812 0.463812 0.463812 0.463812 0.463812 0.463812 0.463812 0.463812 0.463812 0.463812 0.463812 0.463812 0.463812 0.546797 0.739297 0.739297 0.739297 0.739297 0.739297 0.739297 0.739297
0.797536 0.794447 0.794447 0.794447 0.794447 0.794447 0.794447 0.794447 0.794447 0.794447 0.794447 0.794447 0.794447 0.794447 1.31254 1.74455 1.74455 1.74455 1.74455 1.74455 1.74455 1.74455 1.74455 1.74455 1.74455 1.74455 1.73874 1.58872 1.37662 1.16416 0.957295 0.890694 0.890694 0.890694 0.890694 0.890694 0.890694 0.599974 0.463812 0.463812 0.463812 0.463812 0.463812 0.463812 0.463812 0.463812 0.463812 0.463812 0.463812 0.463812 0.463812 0.463812 0.463812 0.463812 0.463812 0.463812 0.463812 0.463812 0.487047 0.731480 0.739297 0.739297 0.739297 0.00000 0.00000 0.00000
0.794447 0.794447 0.794447 0.794447 0.794447 0.794447 0.794447 0.794447 0.794447 0.794447 0.794447 0.794447 0.794447 0.794447 1.01449 1.74455 1.74455 1.74455 1.74455 1.74455 1.74455 1.74455 1.73738 1.58266 1.37099 1.15889 0.952342 0.890694 0.890694 0.890694 0.890694 0.890694 0.890694 0.890694 0.890694 0.890694 0.890694 0.731883 0.463812 0.463812 0.463812 0.463812 0.463812 0.463812 0.463812 0.463812 0.463812 0.463812 0.463812 0.463812 0.463812 0.463812 0.463812 0.463812 0.483321 0.539036 0.595571 0.652082 0.695268 0.698008 0.00000 0.00000 0.00000 0.00000 0.00000 0.00000
0.794447 0.794447 0.794447 0.794447 0.794447 0.794447 0.794447 0.794447 0.794447 0.794447 0.794447 0.794447 0.794447 0.794447 0.802808 1.65809 1.74455 1.74455 1.73558 1.57745 1.36501 1.15325 0.948500 0.890694 0.890694 0.890694 0.890694 0.890694 0.890694 0.890694 0.890694 0.890694 0.890694 0.890694 0.890694 0.890694 0.890694 0.858001 0.469618 0.463812 0.463812 0.463812 0.463812 0.463812 0.463812 0.463812 0.463812 0.463812 0.463812 0.463812 0.490651 0.547209 0.603697 0.660185 0.697188 0.698008 0.698008 0.698008 0.698008 0.698008 0.00000 0.00000 0.00000 0.00000 0.00000 0.00000
0.794447 0.794447 0.794447 0.794447 0.794447 0.794447 0.794447 0.794447 0.794447 0.794447 0.794447 0.794447 0.794447 0.794447 0.787541 1.21201 1.35980 1.14736 0.944487 0.890694 0.890694 0.890694 0.890694 0.890694 0.890694 0.890694 0.890694 0.890694 0.890694 0.890694 0.890694 0.890694 0.890694 0.890694 0.890694 0.890694 0.890694 0.890694 0.568953 0.463812 0.463812 0.463812 0.463812 0.463812 0.463812 0.464210 0.498731 0.555289 0.611777 0.668335 0.698008 0.698008 0.698008 0.698008 0.698008 0.698008 0.698008 0.698008 0.698008 0.698008 0.698008 0.00000 0.00000 0.00000 0.00000 0.00000
0.794447 0.794447 0.794447 0.794447 0.794447 0.794447 0.794447 0.794447 0.794447 0.794447 0.790962 0.680274 0.518327 0.356317 0.201341 0.373393 0.890694 0.890694 0.890694 0.890694 0.890694 0.890694 0.890694 0.890694 0.890694 0.890694 0.890694 0.890694 0.890694 0.890694 0.890694 0.890694 0.890694 0.890694 0.890694 0.890694 0.890694 0.890694 0.700902 0.463812 0.463812 0.465756 0.506881 0.563439 0.619950 0.676064 0.698008 0.698008 0.698008 0.698008 0.698008 0.698008 0.698008 0.698008 0.698008 0.698008 0.698008 0.698008 0.698008 0.698008 0.698008 0.00000 0.00000 0.00000 0.00000 0.00000
0.794447 0.794447 0.794447 0.794447 0.794447 0.794447 0.793307 0.694403 0.532456 0.370447 0.212048 0.160854 0.160854 0.160854 0.160854 0.182092 0.853921 0.890694 0.890694 0.890694 0.890694 0.890694 0.890694 0.890694 0.890694 0.890694 0.890694 0.890694 0.890694 0.890694 0.890694 0.890694 0.890694 0.890694 0.890694 0.890694 0.890694 0.908542 1.04862 0.572101 0.628030 0.682621 0.698008 0.698008 0.698008 0.698008 0.698008 0.698008 0.698008 0.698008 0.698008 0.698008 0.698008 0.698008 0.698008 0.698008 0.698008 0.698008 0.698008 0.698008 0.698008 0.00000 0.00000 0.00000 0.00000 0.00000
0.794447 0.794447 0.794384 0.708532 0.546585 0.384639 0.223770 0.160854 0.160854 0.160854 0.160854 0.160854 0.160854 0.160854 0.160854 0.160854 0.647244 0.890694 0.890694 0.890694 0.890694 0.890694 0.890694 0.890694 0.890694 0.890694 0.890694 0.890694 0.890694 0.890694 0.890694 0.890694 0.890694 0.911569 1.12366 1.38283 1.64209 1.88268 1.93445 0.912697 0.698008 0.698008 0.698008 0.698008 0.698008 0.698008 0.698008 0.698008 0.698008 0.698008 0.698008 0.698008 0.698008 0.698008 0.698008 0.698008 0.698008 0.698008 0.698008 0.698008 0.698008 0.00000 0.00000 0.00000 0.00000 0.00000
0.560715 0.398705 0.236885 0.160854 0.160854 0.160854 0.160854 0.160854 0.160854 0.160854 0.160854 0.160854 0.160854 0.160854 0.160854 0.160854 0.419509 0.890694 0.890694 0.890694 0.890694 0.890694 0.890694 0.890694 0.890694 0.890694 0.890694 0.890694 0.890694 0.914805 1.13149 1.39076 1.64992 1.88748 1.93445 1.93445 1.93445 1.93445 1.93445 1.29545 0.698008 0.698008 0.698008 0.698008 0.698008 0.698008 0.698008 0.698008 0.698008 0.698008 0.698008 0.698008 0.698008 0.698008 0.698008 0.698008 0.698008 0.698008 0.698008 0.698008 0.698008 0.698008 0.00000 0.00000 0.00000 0.00000
0.160854 0.160854 0.160854 0.160854 0.160854 0.160854 0.160854 0.160854 0.160854 0.160854 0.160854 0.160854 0.160854 0.160854 0.160854 0.160854 0.206688 0.875440 0.890694 0.890694 0.890694 0.890694 0.890694 0.890694 0.890694 0.918249 1.13953 1.39869 1.65786 1.89207 1.93445 1.93445 1.93445 1.93445 1.93445 1.93445 1.93445 1.93445 1.93445 1.67831 0.698008 0.698008 0.698008 0.698008 0.698008 0.698008 0.698008 0.698008 0.698008 0.698008 0.698008 0.698008 0.698008 0.698008 0.698008 0.698008 0.698008 0.698008 0.698008 0.698008 0.698008 0.698008 0.00000 0.00000 0.00000 0.00000
0.160854 0.160854 0.160854 0.160854 0.160854 0.160854 0.160854 0.160854 0.160854 0.160854 0.160854 0.160854 0.160854 0.160854 0.160854 0.160854 0.160854 0.693404 0.890694 0.890694 0.890694 0.922007 1.14735 1.40652 1.66568 1.89646 1.93445 1.93445 1.93445 1.93445 1.93445 1.93445 1.93445 1.93445 1.93445 1.93445 1.93445 1.93445 1.93445 1.92901 0.829839 0.698008 0.698008 0.698008 0.698008 0.698008 0.698008 0.698008 0.698008 0.698008 0.698008 0.698008 0.698008 0.698008 0.698008 0.698008 0.698008 0.00000 0.00000 0.00000 0.00000 0.00000 0.00000 0.00000 0.00000 0.00000
0.160854 0.160854 0.160854 0.160854 0.160854 0.160854 0.160854 0.160854 0.160854 0.160854 0.160854 0.160854 0.160854 0.160854 0.160854 0.160854 0.160854 0.512693 1.15518 1.41435 1.67351 1.90063 1.93445 1.93445 1.93445 1.93445 1.93445 1.93445 1.93445 1.93445 1.93445 1.93445 1.93445 1.93445 1.93445 1.93445 1.93445 1.93445 1.93445 1.93445 1.20723 0.698008 0.698008 0.698008 0.698008 0.698008 0.698008 0.698008 0.698008 0.698008 0.698008 0.698008 0.698008 0.00000 0.00000 0.00000 0.00000 0.00000 0.00000 0.00000 0.00000 0.00000 0.00000 0.00000 0.00000 0.00000
