High_resolution/powerplant/Fengdu/OMI_NO2_201003.asc
ncols      200
nrows      200
xllcorner       105.978
yllcorner       28.1831
cellsize     0.0166667
NODATA_Value      -999.000
[rows 58 to 86 of 200, columns 0 to 65 of 200]
8.84695 8.84695 8.84695 8.84695 8.84695 8.84695 8.84695 8.84695 8.84695 8.84695 8.84695 8.84695 8.84695 8.84695 8.07536 7.91135 7.91135 7.91135 7.91088 7.89012 7.85861 7.82707 7.79553 7.76400 7.74918 7.74918 7.74918 7.74918 7.74918 7.74918 8.07280 17.2029 17.5857 17.5857 17.5857 17.5857 17.5857 17.5857 17.5857 17.5857 17.5857 17.5857 17.5857 17.5857 17.5857 17.5857 17.5857 15.9624 14.6685 14.6685 14.6685 14.6685 14.6685 14.6685 14.6685 14.6685 14.6685 14.6685 14.6685 14.4162 13.8313 13.2474 12.6619 7.80825 2.58104 2.55504
8.84695 8.84695 8.84695 8.84695 8.84695 8.84695 8.84695 8.84695 8.84695 8.84695 8.84695 8.84695 8.84695 8.84677 8.32994 7.85412 7.82263 7.79107 7.75998 7.74918 7.74918 7.74918 7.74918 7.74918 7.74918 7.74918 7.74918 7.74918 7.74918 7.74918 7.74918 14.7056 17.5857 17.5857 17.5857 17.5857 17.5857 17.5857 17.5857 17.5857 17.5857 17.5857 17.5857 17.5857 17.5857 17.5857 17.5857 16.7903 14.6685 14.6685 14.6685 14.6685 14.6685 14.6171 14.1315 13.5472 12.9614 12.3778 11.7910 11.4598 11.4585 11.4585 11.4585 9.88226 2.55504 2.55504
8.84695 8.84695 8.84695 8.84695 8.84695 8.84695 8.84695 8.84695 8.84677 8.84369 8.83960 8.83550 8.83141 8.82749 8.56054 7.74918 7.74918 7.74918 7.74918 7.74918 7.74918 7.74918 7.74918 7.74918 7.74918 7.74918 7.74918 7.74918 7.74918 7.74918 7.74918 11.8943 17.5857 17.5857 17.5857 17.5857 17.5857 17.5857 17.5857 17.5857 17.5857 17.5857 17.5857 17.5857 17.5857 17.5857 17.5857 17.4976 14.5497 13.8461 13.2619 12.6767 12.0918 11.5583 11.4585 11.4585 11.4585 11.4585 11.4585 11.4585 11.4585 11.4585 11.4585 11.4362 3.48634 2.55504
8.84695 8.84695 8.84695 8.84676 8.84365 8.83956 8.83549 8.83141 8.82749 8.82647 8.82647 8.82647 8.82647 8.82647 8.80676 7.81349 7.74918 7.74918 7.74918 7.74918 7.74918 7.74918 7.74918 7.74918 7.74918 7.74918 7.74918 7.74918 7.74918 7.74918 7.74918 9.08498 17.5847 17.5857 17.5857 17.5857 17.5857 17.5857 17.5857 17.5857 17.5857 17.5857 17.5744 17.2100 16.6770 16.1446 15.6116 15.0791 12.4303 11.4585 11.4585 11.4585 11.4585 11.4585 11.4585 11.4585 11.4585 11.4585 11.4585 11.4585 11.4585 11.4585 11.4585 11.4585 5.94937 2.55504
8.83956 8.83546 8.83137 8.82746 8.82647 8.82647 8.82647 8.82647 8.82647 8.82647 8.82647 8.82647 8.82647 8.82647 8.82647 8.10429 7.74918 7.74918 7.74918 7.74918 7.74918 7.74918 7.74918 7.74918 7.74918 7.74918 7.74918 7.74918 7.74918 7.74918 7.74918 7.74918 16.0993 17.5857 17.5857 17.5857 17.5857 17.5171 17.0485 16.5157 15.9830 15.4506 14.9292 14.7611 14.7611 14.7611 14.7611 14.7611 13.3598 11.4585 11.4585 11.4585 11.4585 11.4585 11.4585 11.4585 11.4585 11.4585 11.4585 11.4585 11.4585 11.4585 11.4585 11.4585 8.43547 2.55504
8.82647 8.82647 8.82647 8.82647 8.82647 8.82647 8.82647 8.82647 8.82647 8.82647 8.82647 8.82647 8.82647 8.82647 8.82647 8.41497 7.74918 7.74918 7.74918 7.74918 7.74918 7.74918 7.74918 7.74918 7.74918 7.74918 7.74918 7.74918 7.74918 7.74918 7.74918 7.74918 13.1374 16.8872 16.3545 15.8220 15.2893 14.8255 14.7611 14.7611 14.7611 14.7611 14.7611 14.7611 14.7611 14.7611 14.7611 14.7611 14.2908 11.4585 11.4585 11.4585 11.4585 11.4585 11.4585 11.4585 11.4585 11.4585 11.4585 11.4585 11.4585 11.4585 11.4585 11.4585 10.8201 2.65476
8.82647 8.82647 8.82647 8.82647 8.82647 8.82647 8.82647 8.82647 8.82647 8.82647 8.82647 8.82647 8.82647 8.82647 8.82647 8.72090 7.75392 7.74918 7.74918 7.74918 7.74918 7.74918 7.74918 7.74918 7.74918 7.74918 7.74918 7.67135 7.50730 7.34324 7.17908 7.01496 9.09008 14.7611 14.7611 14.7611 14.7611 14.7611 14.7611 14.7611 14.7611 14.7611 14.7611 14.7611 14.7611 14.7611 14.7611 14.7611 14.7611 11.9193 11.4585 11.4585 11.4585 11.4585 11.4585 11.4585 11.4585 11.4585 11.4585 11.4585 11.4585 11.4585 11.4585 11.4585 11.4585 4.50311
8.82647 8.82647 8.82647 8.82647 8.82647 8.82647 8.82647 8.82647 8.82647 8.82647 8.82647 8.82647 8.82647 8.82647 8.82647 8.82647 7.95884 7.74918 7.74918 7.74918 7.74918 7.74740 7.64318 7.47912 7.31490 7.15084 6.98679 6.90047 6.90047 6.90047 6.90047 6.90047 7.15828 14.4593 14.7611 14.7611 14.7611 14.7611 14.7611 14.7611 14.7611 14.7611 14.7611 14.7611 14.7611 14.7611 14.7611 14.7611 14.7611 12.8503 11.4585 11.4585 11.4585 11.4585 11.4585 11.4585 11.4585 11.4585 11.4585 11.4585 11.4585 11.4585 11.1720 10.3305 9.47624 5.64350
8.82647 8.82647 8.82647 8.82647 8.82647 8.82647 8.82647 8.82647 8.82647 8.82647 8.82647 8.82647 8.82647 8.82647 8.82647 8.82647 8.26119 7.61500 7.45069 7.28680 7.12267 6.96022 6.90047 6.90047 6.90047 6.90047 6.90047 6.90047 6.90047 6.90047 6.90047 6.90047 6.90047 12.4872 14.7611 14.7611 14.7611 14.7611 14.7611 14.7611 14.7611 14.7611 14.7611 14.7611 14.7611 14.7611 14.7611 14.7611 14.7611 13.7815 11.4585 11.4585 11.4585 11.4585 11.4585 11.4585 11.4205 10.7754 9.91976 9.06413 8.20944 7.35381 6.78371 6.77011 6.77011 5.92151
8.82647 8.82647 8.82647 8.82647 8.82647 8.82647 8.82647 8.82647 8.82647 8.82647 8.82647 8.84754 9.19119 9.64699 10.1019 10.5549 10.0269 6.90047 6.90047 6.90047 6.90047 6.90047 6.90047 6.90047 6.90047 6.90047 6.90047 6.90047 6.90047 6.90047 6.90047 6.90047 6.90047 10.2571 14.7611 14.7611 14.7611 14.7611 14.7611 14.7611 14.7611 14.7611 14.7611 14.7611 14.7611 14.7611 14.7611 14.7611 14.7611 14.6197 11.5523 11.1992 10.3647 9.50906 8.65390 7.79733 6.98062 6.77011 6.77011 6.77011 6.77011 6.77011 6.77011 6.77011 6.77011 6.72289
8.82647 8.82647 8.82647 8.82647 8.82647 8.82647 8.84550 9.18666 9.63974 10.0928 10.5500 10.9824 11.0918 11.0918 11.0918 11.0918 11.0399 7.20093 6.90047 6.90047 6.90047 6.90047 6.90047 6.90047 6.90047 6.90047 6.90047 6.90047 6.90047 6.90047 6.90047 6.90047 6.90047 8.02757 14.7611 14.7611 14.7611 14.7611 14.7611 14.7611 14.7611 14.7611 14.7611 14.7611 14.7611 14.7523 14.0703 12.9696 11.8684 10.7678 7.99577 6.79074 6.77011 6.77011 6.77011 6.77011 6.77011 6.77011 6.77011 6.77011 6.77011 6.77011 6.77011 6.77011 6.77011 6.77011
8.82647 8.84346 9.17760 9.63272 10.0883 10.5414 10.9761 11.0918 11.0918 11.0918 11.0918 11.0918 11.0918 11.0918 11.0918 11.0918 11.0918 8.35471 6.90047 6.90047 6.90047 6.90047 6.90047 6.90047 6.90047 6.90047 6.90047 6.90047 6.90047 6.90047 6.90047 6.90047 6.90047 6.90047 13.6567 14.7611 14.7611 14.7611 14.7611 14.7611 14.6522 13.7213 12.6201 11.5195 10.4183 9.32583 8.90665 8.90665 8.90665 8.90665 7.94064 6.77011 6.77011 6.77011 6.77011 6.77011 6.77011 6.77011 6.77011 6.77011 6.77011 6.77011 6.77011 6.77011 6.77011 6.77011
10.5183 10.9729 11.0918 11.0918 11.0918 11.0918 11.0918 11.0918 11.0918 11.0918 11.0918 11.0918 11.0918 11.0918 11.0918 11.0918 11.0918 9.56146 6.90047 6.90047 6.90047 6.90047 6.90047 6.90047 6.90047 6.90047 6.90047 6.90047 6.90047 6.90047 6.90047 6.90047 6.90047 6.90047 11.4285 14.4414 13.3712 12.2706 11.1700 10.0688 9.07643 8.90665 8.90665 8.90665 8.90665 8.90665 8.90665 8.90665 8.90665 8.90665 8.54137 6.77011 6.77011 6.77011 6.77011 6.77011 6.77011 6.77011 6.77011 6.77011 6.77011 6.77011 6.77011 6.77011 6.77011 6.77011
11.0918 11.0918 11.0918 11.0918 11.0918 11.0918 11.0918 11.0918 11.0918 11.0918 11.0918 11.0918 11.0918 11.0918 11.0918 11.0918 11.0918 10.7356 6.93316 6.90047 6.90047 6.90047 6.90047 6.90047 6.90047 6.90047 6.90047 6.90047 6.90047 6.90047 7.20371 7.83481 8.46622 9.09576 9.67321 8.93768 8.90665 8.90665 8.90665 8.90665 8.90665 8.90665 8.90665 8.90665 8.90665 8.90665 8.90665 8.90665 8.90665 8.90665 8.90302 7.00817 6.77011 6.77011 6.77011 6.77011 6.77011 6.77011 6.77011 6.77011 6.77011 6.77011 6.77011 6.77011 6.77011 6.77011
11.0918 11.0918 11.0918 11.0918 11.0918 11.0918 11.0918 11.0918 11.0918 11.0918 11.0918 11.0918 11.0918 11.0918 11.0918 11.0918 11.0918 11.0918 7.78317 6.90047 6.90047 6.90047 6.90047 6.90047 6.90539 7.29689 7.93031 8.56309 9.19468 9.82600 10.1762 10.1772 10.1772 10.1772 10.1282 8.94931 8.90665 8.90665 8.90665 8.90665 8.90665 8.90665 8.90665 8.90665 8.90665 8.90665 8.90665 8.90665 8.90665 8.90665 8.90665 7.60481 6.77011 6.77011 6.77011 6.77011 6.77011 6.77011 6.77011 6.77011 6.77011 6.77011 6.77011 6.77011 6.77011 6.67633
0.00000 11.0918 11.0918 11.0918 11.0918 11.0918 11.0918 11.0918 11.0918 11.0918 11.0918 11.0918 11.0918 11.0918 11.0918 11.0918 11.0918 11.0918 8.98987 6.92374 7.39045 8.02628 8.66075 9.29454 9.92401 10.1772 10.1772 10.1772 10.1772 10.1772 10.1772 10.1772 10.1772 10.1772 10.1772 9.26367 8.90665 8.90665 8.90665 8.90665 8.90665 8.90665 8.90665 8.90665 8.90665 8.90665 8.90665 8.90665 8.90665 8.90665 8.90665 8.20558 6.77011 6.77011 6.77011 6.77011 6.77011 6.77011 6.77011 6.76175 6.51127 6.14930 5.78733 5.42456 5.06140 4.79320
0.00000 11.0918 11.0918 11.0918 11.0918 11.0918 11.0918 11.0918 11.0918 11.0918 11.0918 11.0918 11.0918 11.0918 11.0781 10.8408 10.5250 10.2092 9.75845 10.0065 10.1772 10.1772 10.1772 10.1772 10.1772 10.1772 10.1772 10.1772 10.1772 10.1772 10.1772 10.1772 10.1772 10.1772 10.1772 9.62534 8.90665 8.90665 8.90665 8.90665 8.90665 8.90665 8.90665 8.90665 8.90665 8.90665 8.90665 8.90665 8.90665 8.90665 8.90665 8.77269 6.80301 6.77011 6.67892 6.33208 5.96832 5.60635 5.24417 4.89057 4.77907 4.77907 4.77907 4.77907 4.77907 4.77907
0.00000 11.0918 11.0918 11.0918 11.0918 11.0918 11.0918 11.0918 11.0918 11.0781 10.8408 10.5250 10.2092 9.89336 9.59129 9.51282 9.51282 9.51282 9.51833 10.1220 10.1772 10.1772 10.1772 10.1772 10.1772 10.1772 10.1772 10.1772 10.1772 10.1772 10.1772 10.1772 10.1772 10.1772 10.1772 9.98685 8.90665 8.90665 8.90665 8.90665 8.90665 8.90665 8.90665 8.90665 8.90665 8.90665 8.90665 8.90665 8.90544 8.77001 8.54349 8.31619 6.06384 5.06498 4.79420 4.77907 4.77907 4.77907 4.77907 4.77907 4.77907 4.77907 4.77907 4.77907 4.77907 4.77907
0.00000 11.0918 11.0918 11.0918 11.0781 10.8408 10.5250 10.2092 9.89336 9.59129 9.51282 9.51282 9.51282 9.51282 9.51282 9.51282 9.51282 9.51282 9.51282 9.93598 10.1772 10.1772 10.1772 10.1772 10.1772 10.1772 10.1772 10.1772 10.1772 10.1772 10.1772 10.1772 10.1772 10.1772 10.1772 10.1770 9.08072 8.90665 8.90665 8.90665 8.90665 8.90665 8.90665 8.88599 8.69632 8.46956 8.24255 8.01567 7.79024 7.69855 7.69855 7.69855 6.28596 4.77907 4.77907 4.77907 4.77907 4.77907 4.77907 4.77907 4.77907 4.77907 4.77907 4.77907 4.77907 4.77907
0.00000 0.00000 10.2409 9.89336 9.59129 9.51282 9.51282 9.51282 9.51282 9.51282 9.51282 9.51282 9.51282 9.51282 9.51282 9.51282 9.51282 9.51282 9.51282 9.74450 10.1772 10.1772 10.1772 10.1772 10.1772 10.1772 10.1772 10.1772 10.1772 10.1772 10.1772 10.1772 10.1772 10.1772 10.1772 10.1772 9.44204 8.90665 8.84238 8.62274 8.39550 8.16898 7.94174 7.73576 7.69855 7.69855 7.69855 7.69855 7.69855 7.69855 7.69855 7.69855 7.11050 4.77907 4.77907 4.77907 4.77907 4.77907 4.77907 4.77907 4.77907 4.77907 4.77907 4.77907 4.77907 4.77907
0.00000 0.00000 9.51282 9.51282 9.51282 9.51282 9.51282 9.51282 9.51282 9.51282 9.51282 9.51282 9.51282 9.51282 9.51282 9.51282 9.51282 9.51282 9.51282 9.56092 10.1691 10.1772 10.1772 10.1772 10.1772 10.1772 10.1772 10.1772 10.1772 10.1772 10.1772 10.1772 10.1772 10.4864 11.1583 11.8306 11.2558 7.86816 7.70543 7.69855 7.69855 7.69855 7.69855 7.69855 7.69855 7.69855 7.69855 7.69855 7.69855 7.69855 7.69855 7.69855 7.67986 5.03396 4.77907 4.77907 4.77907 4.77907 4.77907 4.77907 4.77907 4.77907 4.77907 4.77907 4.77907 4.77907
0.00000 0.00000 9.51282 9.51282 9.51282 9.51282 9.51282 9.51282 9.51282 9.51282 9.51282 9.51282 9.51282 9.51282 9.51282 9.51282 9.51282 9.51282 9.51282 9.51282 10.0257 10.1772 10.1772 10.1772 10.1772 10.1772 10.1772 10.1817 10.5908 11.2630 11.9354 12.6082 13.2804 13.6434 13.6441 13.6441 13.4045 7.88226 7.69855 7.69855 7.69855 7.69855 7.69855 7.69855 7.69855 7.69855 7.69855 7.69855 7.69855 7.69855 7.69855 7.69855 7.69855 5.83913 4.77907 4.77907 4.77907 4.77907 4.77907 4.77907 4.77907 4.77907 4.77907 4.77907 4.77907 4.77907
0.00000 0.00000 0.00000 9.51282 9.51282 9.51282 9.51282 9.51282 9.51282 9.51282 9.51282 9.51282 9.51282 9.51282 9.51282 9.51282 9.51282 9.51282 9.51282 9.51282 9.83410 10.1772 10.2018 10.6955 11.3681 12.0400 12.7132 13.3806 13.6441 13.6441 13.6441 13.6441 13.6441 13.6441 13.6441 13.6441 13.6441 9.32952 7.69855 7.69855 7.69855 7.69855 7.69855 7.69855 7.69855 7.69855 7.69855 7.69855 7.69855 7.69855 7.69855 7.69855 7.69855 6.66388 4.77907 4.77907 4.77907 4.77907 4.77907 4.77907 4.77907 4.77907 4.78005 4.85892 4.98678 5.11457
0.00000 0.00000 0.00000 9.51282 9.51282 9.51282 9.51282 9.51282 9.51282 9.51282 9.51282 9.51282 9.51282 9.51282 9.51282 9.51282 9.51282 9.47108 8.85692 8.06190 8.08690 12.8176 13.4656 13.6441 13.6441 13.6441 13.6441 13.6441 13.6441 13.6441 13.6441 13.6441 13.6441 13.6441 13.6441 13.6441 13.6441 11.0164 7.69855 7.69855 7.69855 7.69855 7.69855 7.69855 7.69855 7.69855 7.69855 7.69855 7.69855 7.69855 7.69855 7.69855 7.69855 7.46324 4.80388 4.77907 4.77907 4.80437 4.92351 5.05130 5.17909 5.30674 5.43305 5.48197 5.48197 5.48197
0.00000 0.00000 0.00000 9.51282 9.51282 9.51282 9.51282 9.51282 9.51282 9.51282 9.51282 9.51282 9.47346 8.86487 8.06985 7.26965 6.47184 5.71856 5.53769 5.53769 5.57741 12.8660 13.6441 13.6441 13.6441 13.6441 13.6441 13.6441 13.6441 13.6441 13.6441 13.6441 13.6441 13.6441 13.6441 13.6441 13.6441 12.7030 7.69855 7.69855 7.69855 7.69855 7.69855 7.69855 7.69855 7.69855 7.69855 7.69855 7.69855 7.69855 7.69855 7.69778 7.43090 6.95221 5.33892 5.24362 5.37127 5.47326 5.48197 5.48197 5.48197 5.48197 5.48197 5.48197 5.48197 5.48197
0.00000 0.00000 0.00000 0.00000 9.51282 9.51282 9.51282 9.47585 8.87282 8.07740 7.27482 6.47979 5.72412 5.53769 5.53769 5.53769 5.53769 5.53769 5.53769 5.53769 5.53769 10.5864 13.6441 13.6441 13.6441 13.6441 13.6441 13.6441 13.6441 13.6441 13.6441 13.6441 13.6441 13.6441 13.6441 13.6441 13.6441 13.6411 8.44650 7.69855 7.69855 7.69855 7.69855 7.69855 7.69855 7.69855 7.66414 7.27669 6.79825 6.31904 5.83983 5.36190 5.14957 5.14957 5.31876 5.48197 5.48197 5.48197 5.48197 5.48197 5.48197 5.48197 5.48197 5.48197 5.48197 5.48197
0.00000 0.00000 0.00000 0.00000 8.13927 7.28277 6.48774 5.72969 5.53769 5.53769 5.53769 5.53769 5.53769 5.53769 5.53769 5.53769 5.53769 5.53769 5.53769 5.53769 5.53769 8.26036 13.6441 13.6441 13.6441 13.6441 13.6441 13.6441 13.6441 13.6441 13.6441 13.6441 13.6441 13.6441 13.6441 13.6441 13.6441 13.6441 10.1312 7.69855 7.69855 7.58027 7.12273 6.64403 6.16457 5.68587 5.24133 5.14957 5.14957 5.14957 5.14957 5.14957 5.14957 5.14957 5.22551 5.48197 5.48197 5.48197 5.48197 5.48197 5.48197 5.48197 5.48197 5.48197 5.48197 5.48197
0.00000 0.00000 0.00000 0.00000 5.53769 5.53769 5.53769 5.53769 5.53769 5.53769 5.53769 5.53769 5.53769 5.53769 5.53769 5.53769 5.53769 5.53769 5.53769 5.53769 5.53769 6.06542 13.5201 13.6441 13.6441 13.6441 13.6441 13.6441 13.6441 13.6441 13.6441 13.6441 13.6441 13.6441 13.6441 13.6441 13.6218 13.5710 11.3964 6.01061 5.53191 5.17072 5.14957 5.14957 5.14957 5.14957 5.14957 5.14957 5.14957 5.14957 5.14957 5.14957 5.14957 5.14957 5.15419 5.46004 5.48197 5.48197 5.48197 5.48197 5.48197 5.48197 5.48197 5.48197 5.48197 5.48197
0.00000 0.00000 0.00000 0.00000 5.53769 5.53769 5.53769 5.53769 5.53769 5.53769 5.53769 5.53769 5.53769 5.53769 5.53769 5.53769 5.53769 5.53769 5.53769 5.53769 5.53769 5.53769 11.7213 13.6441 13.6441 13.6441 13.6441 13.6441 13.6441 13.6441 13.6439 13.6143 13.5634 13.5125 13.4616 13.4107 13.3821 13.3820 12.9869 5.35289 5.14957 5.14957 5.14957 5.14957 5.14957 5.14957 5.14957 5.14957 5.14957 5.14957 5.14957 5.14957 5.14957 5.14957 5.14957 5.37139 5.48197 5.48197 5.48197 5.48197 5.48197 5.48197 5.48197 5.48197 5.48197 5.48197
