High_resolution/powerplant/Fengdu/OMI_NO2_200511.asc
ncols      200
nrows      200
xllcorner       105.978
yllcorner       28.1831
cellsize     0.0166667
NODATA_Value      -999.000
[rows 0 to 28 of 200, columns 0 to 64 of 200]
0.00000 0.00000 0.00000 2.01272 1.92387 1.90710 1.89780 1.89758 1.89758 1.89758 1.89758 1.89758 1.89758 1.89758 1.89758 1.89758 1.89758 1.89758 1.89758 0.889257 0.288963 0.288963 0.288963 0.288963 0.288963 0.288963 0.288963 0.288963 0.288963 0.288963 0.288963 0.288963 0.288963 0.288963 0.288963 0.00000 0.00000 0.00000 0.00000 0.00000 0.00000 0.00000 0.00000 0.00000 0.00000 0.00000 0.00000 0.00000 0.00000 0.00000 0.891073 0.891073 0.891073 0.891073 0.891073 0.891073 0.891073 0.891073 0.891073 0.891073 0.891073 0.891073 0.891073 0.891073 0.892568
0.00000 0.00000 0.00000 0.00000 1.89833 1.89758 1.89758 1.89758 1.89758 1.89758 1.89758 1.89758 1.89758 1.89758 1.89758 1.89758 1.89758 1.89758 1.89758 1.35899 0.288963 0.288963 0.288963 0.288963 0.288963 0.288963 0.288963 0.288963 0.288963 0.288963 0.288963 0.288963 0.288963 0.288963 0.288963 0.00000 0.00000 0.00000 0.00000 0.00000 0.00000 0.00000 0.00000 1.00870 1.00870 1.00870 1.00870 1.00870 1.00870 1.00729 0.896999 0.891073 0.891073 0.891073 0.891073 0.891073 0.891073 0.891073 0.891073 0.891073 0.891073 0.891073 0.891073 0.891073 0.891073
0.00000 0.00000 0.00000 0.00000 1.89873 1.89758 1.89758 1.89758 1.89758 1.89758 1.89758 1.89758 1.89758 1.89758 1.89758 1.89758 1.89758 1.89758 1.89758 1.68593 0.288963 0.288963 0.288963 0.288963 0.288963 0.288963 0.288963 0.288963 0.288963 0.288963 0.288963 0.288963 0.288963 0.288963 0.288963 0.288963 1.00870 1.00870 1.00870 1.00870 1.00870 1.00870 1.00870 1.00870 1.00870 1.00870 1.00870 1.00870 1.00870 1.00870 0.925053 0.891073 0.891073 0.891073 0.891073 0.891073 0.891073 0.891073 0.891073 0.891073 0.891073 0.891073 0.891073 0.891073 0.891073
1.90339 1.90339 1.90339 1.90339 1.90150 1.89848 1.89854 1.89859 1.89865 1.89870 1.89875 1.89880 1.89885 1.89890 1.89894 1.89899 1.89903 1.89908 1.91819 1.95353 1.08214 0.924236 0.288963 0.288963 0.288963 0.288963 0.288963 0.288963 0.288963 0.296222 0.432124 0.614579 0.797285 0.979740 1.16245 1.12404 1.00870 1.00870 1.00870 1.00870 1.00870 1.00870 1.00870 1.00870 1.00870 1.00870 1.00870 1.00870 1.00870 1.00870 0.955818 0.891073 0.891073 0.891073 0.891073 0.891073 0.891073 0.891073 0.891073 0.891073 0.891073 0.891073 0.891073 0.891073 0.891073
1.90339 1.90339 1.90339 1.90339 1.90358 1.89986 1.89952 1.89952 1.89952 1.89952 1.89952 1.90570 1.94313 1.98491 2.02673 2.06851 2.11032 2.15213 2.17661 2.17678 1.51858 1.08401 0.322181 0.405720 0.588300 0.770755 0.953210 1.13579 1.31837 1.49382 1.54037 1.54037 1.54037 1.54037 1.54037 1.29816 1.00870 1.00870 1.00870 1.00870 1.00870 1.00870 1.00870 1.00870 1.00870 1.00870 1.00870 1.00870 1.00870 1.00870 0.986613 0.891073 0.891073 0.891073 0.891073 0.891073 0.891073 0.891073 0.891073 0.891073 0.891073 0.891073 0.891073 0.891073 0.891073
1.90339 1.90339 1.90339 1.90339 1.90339 1.92733 1.96961 2.01142 2.05320 2.09502 2.13680 2.17243 2.17678 2.17678 2.17678 2.17678 2.18517 2.20990 2.23777 2.26898 1.98390 1.59761 1.54124 1.54037 1.54037 1.54037 1.54037 1.54037 1.54037 1.54037 1.54037 1.54037 1.54037 1.54037 1.54037 1.43899 1.00870 1.00870 1.00870 1.00870 1.00870 1.00870 1.00870 1.00870 1.00870 1.00870 1.00870 1.00870 1.00870 1.00870 1.00797 0.900505 0.891073 0.891073 0.891073 0.891073 0.891073 0.891073 0.891073 0.891073 0.891073 0.891073 0.891073 0.891073 0.891073
1.90339 1.90339 1.90339 1.90339 1.90339 2.09197 2.17678 2.17678 2.17678 2.17945 2.20044 2.22719 2.25712 2.29079 2.32901 2.37268 2.40413 2.40471 2.40471 2.40471 2.29239 1.72188 1.64185 1.54037 1.54037 1.54037 1.54037 1.54037 1.54037 1.54037 1.54037 1.54037 1.54037 1.54037 1.54037 1.53697 1.05155 1.00870 1.00870 1.00870 1.00870 1.00870 1.00870 1.00870 1.00870 1.00870 1.00870 1.00870 1.00870 1.00870 1.00870 0.930567 0.891073 0.891073 0.891073 0.891073 0.891073 0.891073 0.891073 0.891073 0.891073 0.891073 0.891073 0.891073 0.891073
1.90339 1.90339 1.90339 1.90339 1.90339 2.00659 2.27798 2.31441 2.35597 2.39784 2.40471 2.40471 2.40471 2.40471 2.40471 2.40471 2.40471 2.40471 2.40471 2.40471 2.40357 1.79113 1.67464 1.54037 1.54037 1.54037 1.54037 1.54037 1.54037 1.54037 1.54037 1.54037 1.54037 1.54037 1.54037 1.54037 1.18899 1.00870 1.00870 1.00870 1.00870 1.00870 1.00870 1.00870 1.00870 1.00870 1.00870 1.00870 1.00870 1.00870 1.00870 0.961359 0.891073 0.891073 0.891073 0.891073 0.891073 0.891073 0.891073 0.891073 0.891073 0.891073 0.00000 0.00000 0.00000
1.90339 1.90339 1.90339 1.90339 1.90339 1.90379 2.37246 2.40471 2.40471 2.40471 2.40471 2.40471 2.40471 2.40471 2.40471 2.40471 2.40471 2.40471 2.51046 2.69712 2.66979 1.97341 1.70012 1.54037 1.54037 1.54037 1.54037 1.54037 1.54037 1.54037 1.54037 1.54037 1.54037 1.54037 1.54037 1.54037 1.32988 1.00870 1.00870 1.00870 1.00870 1.00870 1.00870 1.00870 1.00870 1.00870 1.00870 1.06738 1.23918 1.41385 1.58827 1.71968 0.891073 0.891073 0.891073 0.00000 0.00000 0.00000 0.00000 0.00000 0.00000 0.00000 0.00000 0.00000 0.00000
1.90339 1.90339 1.90339 1.90339 1.90339 1.90339 2.28293 2.40471 2.40471 2.40471 2.40471 2.40471 2.42937 2.60319 2.77581 2.92363 3.05171 3.16364 3.21466 3.21466 3.09479 2.15720 1.71883 1.54679 1.54037 1.54037 1.54037 1.54037 1.54037 1.54037 1.54037 1.54037 1.54037 1.54037 1.54037 1.54037 1.47067 1.00870 1.00870 1.00870 1.08943 1.26385 1.43827 1.61269 1.78723 1.96178 2.13620 2.25194 2.25455 2.25455 2.25455 2.25455 2.25455 0.00000 0.00000 0.00000 0.00000 0.00000 0.00000 0.00000 0.00000 0.00000 0.00000 0.00000 0.00000
1.90339 1.90339 1.90515 1.91359 1.92289 1.93189 2.18505 2.52304 2.71330 2.87535 3.01483 3.13628 3.23192 3.24845 3.25145 3.25452 3.25757 3.26058 3.26359 3.26667 3.26594 2.52103 1.81408 1.63290 1.54037 1.54037 1.54037 1.54037 1.54037 1.54037 1.54037 1.54037 1.54037 1.50355 1.41815 1.33269 1.24722 1.68123 1.98620 2.16074 2.25455 2.25455 2.25455 2.25455 2.25455 2.25455 2.25455 2.25455 2.25455 2.25455 2.25455 2.25455 2.25455 0.00000 0.00000 0.00000 0.00000 0.00000 0.00000 0.00000 0.00000 0.00000 0.00000 0.00000 0.00000
2.21866 2.22773 2.23497 2.23560 2.23560 3.21789 3.44452 3.32646 3.32540 3.32540 3.32540 3.32540 3.32540 3.32540 3.32588 3.34096 3.36491 3.39164 3.42169 3.45571 3.49451 2.92909 1.92216 1.73279 1.54037 1.54037 1.51473 1.43132 1.34591 1.26034 1.17481 1.08935 1.00383 0.955247 0.955013 0.955013 0.955013 1.73666 2.25455 2.25455 2.25455 2.25455 2.25455 2.25455 2.25455 2.25455 2.25455 2.25455 2.25455 2.25455 2.25455 2.25455 2.25455 0.00000 0.00000 0.00000 0.00000 0.00000 0.00000 0.00000 0.00000 0.00000 0.00000 0.00000 0.00000
2.23560 2.23560 2.23560 2.23560 2.23560 3.20328 3.53508 3.35573 3.33289 3.35560 3.38124 3.40996 3.44238 3.47928 3.52061 3.53508 3.53508 3.53508 3.53508 3.53508 3.53508 3.25810 1.89850 1.57301 1.10246 1.01706 0.957120 0.955013 0.955013 0.955013 0.955013 0.955013 0.955013 0.955013 0.955013 0.955013 0.955013 1.39309 2.25455 2.25455 2.25455 2.25455 2.25455 2.25455 2.25455 2.25455 2.25455 2.25455 2.25455 2.25455 2.25455 2.25455 2.25455 2.25455 0.00000 0.00000 0.00000 0.00000 0.00000 0.00000 0.00000 0.00000 0.00000 0.00000 0.00000
2.23560 2.25696 2.60239 2.96637 3.25156 3.70008 4.09380 3.87285 3.53445 3.53508 3.53508 3.53508 3.53508 3.53508 3.53508 3.53508 3.53508 3.53508 3.53508 3.53508 3.53508 3.48368 1.97417 1.51637 0.955013 0.955013 0.955013 0.955013 0.955013 0.955013 0.955013 0.955013 0.955013 0.955013 0.955013 0.955013 0.955013 1.05806 2.24572 2.25455 2.25455 2.25455 2.25455 2.25455 2.25455 2.25455 2.25455 2.25455 2.25455 2.25455 2.25455 2.25455 2.25455 2.25455 0.00000 0.00000 0.00000 0.00000 0.00000 0.00000 0.00000 0.00000 0.00000 0.00000 0.00000
3.74012 3.88102 3.91486 3.91486 3.91486 3.93575 4.21598 4.09199 3.53508 3.53508 3.53508 3.53508 3.53508 3.53508 3.53508 3.53508 3.53508 3.53508 3.53508 3.53508 3.53508 3.53508 2.64319 1.59148 0.974683 0.955013 0.955013 0.955013 0.955013 0.955013 0.955013 0.955013 0.955013 0.955013 0.955013 0.955013 0.955013 0.955013 2.00507 2.25455 2.25455 2.25455 2.25455 2.25455 2.25455 2.25455 2.25455 2.25455 2.25455 2.25455 2.25455 2.25455 2.25455 2.25455 0.00000 0.00000 0.00000 0.00000 0.00000 0.00000 0.00000 0.00000 0.00000 0.00000 0.00000
3.91486 3.91486 3.91486 3.91486 3.91486 3.91486 4.16180 4.20826 3.57446 3.53508 3.53508 3.53508 3.53508 3.53508 3.53508 3.53508 3.53508 3.53508 3.53508 3.53508 3.53508 3.48431 2.93682 1.68665 1.14888 0.955013 0.955013 0.955013 0.955013 0.955013 0.955013 0.955013 0.955013 0.955013 0.955013 0.955013 0.955013 0.955013 1.66131 2.25455 2.25455 2.25455 2.25455 2.25455 2.25455 2.25455 2.25455 2.25455 2.25455 2.25455 2.25556 2.26536 2.27721 2.29112 0.00000 0.00000 0.00000 0.00000 0.00000 0.00000 0.00000 0.00000 0.00000 0.00000 0.00000
3.91486 3.91486 3.91486 3.91486 3.91486 3.91486 4.08292 4.22143 3.78763 3.53508 3.53508 3.53508 3.53508 3.53508 3.53508 3.52651 3.42155 3.26580 3.07112 2.82142 2.48978 2.23768 2.23560 1.81870 1.30562 0.955013 0.955013 0.955013 0.955013 0.955013 0.955013 0.955013 0.955013 0.955013 0.955013 0.955013 0.955013 0.955013 1.31745 2.25455 2.25455 2.25455 2.25455 2.25608 2.26650 2.27833 2.29019 2.30202 2.31387 2.32572 2.33653 2.33858 2.33858 2.33858 2.33858 0.00000 0.00000 0.00000 0.00000 0.00000 0.00000 0.00000 0.00000 0.00000 0.00000
3.91486 3.91486 3.91486 3.91486 3.91486 3.91486 3.98334 4.22143 3.97830 3.53508 3.49073 3.35207 3.18010 2.97857 2.72376 2.40824 2.35418 2.38553 2.41733 2.44914 2.48049 2.51206 2.54352 2.28889 1.57221 0.955013 0.955013 0.955013 0.955013 0.955013 0.955013 0.955013 0.955013 0.955013 0.955013 0.955013 0.964144 1.02394 1.14432 2.26682 2.30317 2.31501 2.32684 2.33716 2.33858 2.33858 2.33858 2.33858 2.33858 2.33858 2.33858 2.33858 2.33858 2.33858 2.33858 0.00000 0.00000 0.00000 0.00000 0.00000 0.00000 0.00000 0.00000 0.00000 0.00000
4.28934 4.30518 4.32092 4.33659 4.35238 4.36839 4.38418 4.47935 4.37379 3.43510 3.30373 3.33202 3.36257 3.37143 3.37143 3.37143 3.37143 3.37143 3.37143 3.37143 3.37143 3.37143 3.37143 3.34231 2.05017 0.955013 0.955013 0.955013 0.955013 0.960158 1.01509 1.08258 1.15002 1.21756 1.28495 1.35254 1.41080 1.41854 1.41854 2.10832 2.33858 2.33858 2.33858 2.33858 2.33858 2.33858 2.33858 2.33858 2.33858 2.33858 2.33858 2.33858 2.33858 2.33858 2.33858 0.00000 0.00000 0.00000 0.00000 0.00000 0.00000 0.00000 0.00000 0.00000 0.00000
4.48277 4.48277 4.48277 4.48277 4.48277 4.48277 4.48277 4.48277 4.48043 3.55645 3.37143 3.37143 3.37143 3.37143 3.37143 3.37143 3.37143 3.37143 3.37143 3.37143 3.37143 3.37143 3.37143 3.37143 2.41660 1.17039 1.20870 1.27610 1.34368 1.40598 1.41854 1.41854 1.41854 1.41854 1.41854 1.41854 1.41854 1.41854 1.41854 1.86499 2.33858 2.33858 2.33858 2.33858 2.33858 2.33858 2.33858 2.33858 2.33858 2.33858 2.33858 2.33858 2.33858 2.33858 2.33858 0.00000 0.00000 0.00000 0.00000 0.00000 0.00000 0.00000 0.00000 0.00000 0.00000
4.48277 4.48277 4.48277 4.48277 4.48277 4.38557 4.18787 3.99029 3.79259 3.46691 3.37143 3.37143 3.37143 3.37143 3.37143 3.37143 3.37143 3.37143 3.37143 3.37143 3.37143 3.37143 3.37143 3.37143 2.80053 1.70656 1.41854 1.41854 1.41854 1.41854 1.41854 1.41854 1.41854 1.41854 1.41854 1.41854 1.41854 1.41854 1.41854 1.62167 2.33858 2.33858 2.33858 2.33858 2.33858 2.33858 2.33858 2.33858 2.33858 2.33858 2.33858 2.33858 2.33858 2.33858 2.33858 2.33858 0.00000 0.00000 0.00000 0.00000 0.00000 0.00000 0.00000 0.00000 0.00000
4.10475 3.90705 3.70948 3.51177 3.31420 3.21383 3.21383 3.21383 3.21383 3.25020 3.37143 3.37143 3.37143 3.37143 3.37143 3.37143 3.37143 3.37143 3.37143 3.37143 3.37143 3.37143 3.37143 3.37143 3.12070 1.94700 1.41854 1.41854 1.41854 1.41854 1.41854 1.41854 1.41854 1.41854 1.41854 1.41854 1.41854 1.41854 1.41854 1.43216 2.28467 2.33858 2.33858 2.33858 2.33858 2.33858 2.33858 2.33858 2.33858 2.33858 2.33858 2.33858 2.33858 2.33858 2.33858 2.33858 0.00000 0.00000 0.00000 0.00000 0.00000 1.66232 1.66232 1.66232 1.66232
3.21383 3.21383 3.21383 3.21383 3.21383 3.21383 3.21383 3.21383 3.21383 3.22278 3.37096 3.37143 3.37143 3.37143 3.37143 3.37143 3.37143 3.37143 3.37143 3.37143 3.37143 3.37143 3.37143 3.37143 3.37065 2.18644 1.41854 1.41854 1.41854 1.41854 1.41854 1.41854 1.41854 1.41854 1.41854 1.41854 1.41854 1.41854 1.41854 1.41854 2.05487 2.33858 2.33858 2.33858 2.33858 2.33858 2.33858 2.33858 2.33858 2.33858 2.33858 2.33858 2.33858 2.33858 2.36644 2.31039 1.66232 1.66232 1.66232 1.66232 1.66232 1.66232 1.66232 1.66232 1.66232
3.21383 3.21383 3.21383 3.21383 3.21383 3.21383 3.21383 3.21383 3.21383 3.21383 3.32723 3.37143 3.37143 3.37143 3.37143 3.37143 3.37143 3.37143 3.37143 3.37143 3.37143 3.37143 3.37143 3.37143 3.37143 2.50332 1.41854 1.41854 1.41854 1.41854 1.41854 1.41854 1.41854 1.41854 1.41854 1.41854 1.41854 1.41854 1.41854 1.41854 1.81149 2.33858 2.33858 2.33858 2.33858 2.33858 2.33863 2.37129 2.43083 2.49034 2.54984 2.60935 2.66885 2.72832 2.76001 2.51686 1.66232 1.66232 1.66232 1.66232 1.66232 1.66232 1.66232 1.66232 1.66232
3.21383 3.21383 3.21383 3.21383 3.21383 3.21383 3.21383 3.21383 3.21383 3.21383 3.27632 3.37143 3.37143 3.37143 3.37143 3.37143 3.37143 3.37143 3.37143 3.37143 3.37143 3.37143 3.37147 3.37343 3.37622 2.85482 1.44205 1.41854 1.41854 1.41854 1.41854 1.41854 1.41854 1.41854 1.41854 1.41854 1.41854 1.41854 1.41854 1.41854 1.58463 2.43568 2.49519 2.55473 2.61424 2.67379 2.73321 2.76001 2.76001 2.76001 2.76001 2.76001 2.76001 2.76001 2.76001 2.74278 1.72389 1.66232 1.66232 1.66232 1.66232 1.66232 1.66232 1.66232 1.66232
3.23334 3.23472 3.23608 3.23748 3.23887 3.24024 3.24162 3.24300 3.24440 3.24577 3.28069 3.44085 3.44364 3.44639 3.44912 3.45191 3.45471 3.45744 3.46018 3.46298 3.46576 3.46850 3.47121 3.47203 3.47203 3.30559 1.71658 1.41854 1.41854 1.41854 1.41854 1.41854 1.41854 1.41854 1.41854 1.41854 1.41854 1.41854 1.41854 1.41854 2.76001 2.76001 2.76001 2.76001 2.76001 2.76001 2.76001 2.76001 2.76001 2.76001 2.76001 2.76001 2.76001 2.76001 2.76001 2.76001 1.99405 1.66232 1.66232 1.66232 1.66232 1.66232 1.66232 1.66232 1.66232
3.26413 3.26413 3.26413 3.26413 3.26413 3.26413 3.26413 3.26413 3.26413 3.26413 3.26947 3.46376 3.47203 3.47203 3.47203 3.47203 3.47203 3.47203 3.47203 3.47203 3.47203 3.47203 3.47203 3.47203 3.47203 3.47203 2.08433 1.41854 1.41854 1.41854 1.41854 1.41854 1.41854 0.00000 0.00000 0.00000 0.00000 0.00000 0.00000 0.00000 0.00000 2.76001 2.76001 2.76001 2.76001 2.76001 2.76001 2.76001 2.76001 2.76001 2.76001 2.76001 2.76001 2.76001 2.76001 2.76001 2.28129 1.66232 1.66232 1.66232 1.66232 1.66232 1.66232 1.66232 1.66232
3.26413 3.26413 3.26413 3.26413 3.26413 3.26413 3.26413 3.26413 3.26817 3.28557 3.30719 3.43399 3.47203 3.47203 3.47203 3.47203 3.47203 3.47203 3.47203 3.47203 3.47203 3.47203 3.47203 3.47203 3.47203 3.47203 3.47203 0.00000 0.00000 0.00000 0.00000 0.00000 0.00000 0.00000 0.00000 0.00000 0.00000 0.00000 0.00000 0.00000 0.00000 2.76001 2.76001 2.76001 2.76001 2.76001 2.76001 2.76001 2.76001 2.76001 2.76001 2.76001 2.76001 2.76001 2.76001 2.76001 2.56850 1.66232 1.66232 1.66232 1.66232 1.66232 1.66232 1.66232 1.66232
3.25625 3.26423 3.27454 3.29403 3.31728 3.34564 3.38087 3.42590 3.46914 3.47203 3.47203 3.47203 3.47203 3.47203 3.47203 3.47203 3.47203 3.47203 3.47203 3.47203 3.47203 3.47203 3.47203 3.47203 3.47203 3.47203 3.47203 0.00000 0.00000 0.00000 0.00000 0.00000 0.00000 0.00000 0.00000 0.00000 0.00000 0.00000 0.00000 0.00000 0.00000 2.76001 2.76001 2.76001 2.76001 2.76001 2.76001 2.76001 2.76001 2.76001 2.76001 2.76001 2.76001 2.76001 2.76001 2.76001 2.75606 1.76221 1.66232 1.66232 1.66232 1.66232 1.66232 1.66232 1.66505
