High_resolution/powerplant/Fengdu/OMI_NO2_200712.asc
ncols      200
nrows      200
xllcorner       105.978
yllcorner       28.1831
cellsize     0.0166667
NODATA_Value      -999.000
[rows 60 to 89 of 200, columns 0 to 65 of 200]
2.57880 2.57880 2.57880 3.30849 3.43574 3.44156 3.54572 3.66567 3.76731 3.85444 3.92939 3.95468 3.94883 3.93964 3.95124 4.08125 4.46578 4.53761 4.53761 4.53761 4.53761 4.53761 4.53761 4.68128 4.72089 4.72089 4.72089 4.72089 4.72089 4.72925 5.10827 5.12832 4.79761 3.87364 3.87364 3.87364 3.87364 3.87568 4.08458 4.42774 4.77090 5.11406 5.45722 5.80061 6.10372 7.72631 7.96205 7.96205 7.96205 7.96205 7.96205 7.96205 7.96205 7.96205 7.96205 7.96205 7.96205 7.96205 7.96205 7.96205 4.25999 3.21291 3.21291 3.21291 3.21291 3.21291
2.61944 2.94513 3.23513 3.63560 3.86569 3.93704 3.95477 3.95336 3.94506 3.93588 3.92668 3.91758 3.91423 3.91423 3.91423 4.05175 4.33296 4.53761 4.53761 4.53761 4.53761 4.53761 4.53761 4.61835 4.72089 4.72089 4.72089 4.72089 4.72089 4.72089 5.00831 5.17577 5.26736 4.64410 4.98708 5.33047 5.67363 6.01474 6.14923 6.14923 6.14923 6.14923 6.14923 6.14923 6.14923 7.24856 7.96205 7.96205 7.96205 7.96205 7.96205 7.96205 7.96205 7.96205 7.96205 7.96205 7.96205 7.96205 7.96205 7.96205 5.49654 3.21291 3.21291 3.21291 3.21291 3.21291
3.87075 3.78582 3.78582 3.81656 3.94123 3.93210 3.92290 3.91513 3.91423 3.91423 3.91423 3.91423 3.91423 3.91423 3.91423 4.00842 4.19999 4.53761 4.53761 4.53761 4.53761 4.53761 4.53761 4.56929 4.72201 4.75888 4.81308 4.86724 4.92140 4.97559 5.51978 6.26054 6.26612 6.17978 6.14923 6.14923 6.14923 6.14923 6.14923 6.14923 6.14923 6.14923 6.14923 6.14923 6.14923 6.77061 7.96205 7.96205 7.96205 7.96205 7.96205 7.96205 7.96205 7.96205 7.96205 7.96205 7.96205 7.96205 7.96205 7.96205 6.73297 3.21291 3.21291 3.21291 3.21291 3.21291
3.99434 3.78582 3.78582 3.78582 3.89819 3.91423 3.91423 3.91423 3.91423 3.91423 3.91423 3.91423 3.91423 3.91423 3.91423 3.96511 4.08761 4.51733 4.54488 4.57857 4.61473 4.65081 4.68699 4.72538 5.01958 5.06941 5.06941 5.06941 5.06941 5.06491 5.19033 6.07195 5.96346 5.96581 6.14923 6.14923 6.14923 6.14923 6.14923 6.14923 6.14923 6.14923 6.14923 6.14923 6.14923 6.30223 7.95262 7.96205 7.96205 7.96205 7.96205 7.96205 7.96205 7.96205 7.96205 7.96205 7.96205 7.96205 7.96205 7.96205 7.81150 3.37151 3.21291 3.21291 3.21291 3.21291
4.11283 3.78582 3.78582 3.78582 3.86522 3.91423 3.91423 3.91423 3.91423 3.91423 3.91423 3.91423 3.95091 4.03477 4.11883 4.20913 4.24101 4.59906 4.76756 4.76996 4.76996 4.76996 4.76996 4.76996 4.91321 4.94933 4.84079 4.73231 4.62383 4.51979 4.49588 5.57370 5.68908 5.76546 6.14923 6.14923 6.14923 6.14923 6.14923 6.14923 6.14923 6.14923 6.14923 6.14923 6.14923 6.14923 7.62809 7.96205 7.96205 7.96205 7.96205 7.96205 7.96205 7.96205 7.96205 7.96205 7.96205 7.96205 7.96205 7.96205 7.96205 4.44833 3.10761 2.98891 2.87022 2.75152
4.57890 3.80004 3.78582 3.78582 3.82321 3.91517 3.96898 4.05305 4.13702 4.22114 4.30515 4.38922 4.43656 4.43672 4.43672 4.43672 4.33518 4.49744 4.76996 4.73907 4.66694 4.59462 4.52226 4.45209 4.43255 4.49238 4.49238 4.49238 4.49238 4.49238 4.49238 5.25827 5.68908 5.69766 6.11906 6.14923 6.14923 6.14923 6.14923 6.14923 6.14923 6.14923 6.14923 6.14923 6.14923 6.14923 7.15019 7.96205 7.96205 7.96205 7.96205 7.96205 7.96205 7.96205 7.95283 7.76985 7.52149 7.27381 7.02562 6.77761 6.52959 4.43939 2.36988 2.36988 2.36988 2.36988
4.99283 4.11067 4.14743 4.27354 4.39882 4.41425 4.43672 4.43672 4.43672 4.43672 4.43672 4.43672 4.43672 4.43697 4.46002 4.49788 4.46902 4.45917 4.42703 4.39159 4.40979 4.43175 4.45818 4.48696 4.49238 4.49238 4.49238 4.49238 4.49238 4.49238 4.49238 4.93964 5.68908 5.68908 5.94831 6.14923 6.14923 6.14923 6.14923 6.14923 6.14923 6.14923 6.14923 6.14923 6.14923 6.14923 6.67259 7.95915 7.79904 7.55119 7.30317 7.05515 6.80680 6.55912 6.32015 6.25511 6.25511 6.25511 6.25511 6.25511 6.25511 5.40330 2.36988 2.36988 2.36988 2.36988
0.00000 4.63173 4.56955 4.56955 4.56955 4.47690 4.43672 4.43672 4.43808 4.46578 4.50363 4.54148 4.57933 4.61693 4.63297 4.66003 4.66594 4.58899 4.49617 4.49201 4.49238 4.49238 4.49238 4.49238 4.49238 4.49238 4.49238 4.49238 4.49238 4.49238 4.49238 4.62234 5.68765 5.68908 5.81842 6.14923 6.14923 6.14923 6.14923 6.14923 6.14923 6.42623 7.24892 8.08490 8.92254 9.75853 10.4741 6.45835 6.25511 6.25511 6.25511 6.25511 6.25511 6.25511 6.25511 6.25511 6.25511 6.25511 6.25511 6.25511 6.25511 6.19451 2.58400 2.36988 2.36988 2.36988
0.00000 4.67925 4.56955 4.57453 4.62177 4.61209 4.54724 4.58509 4.62158 4.63174 4.63975 4.67658 4.72233 4.77719 4.84156 4.86208 4.85759 4.67582 4.56990 4.49238 4.49238 4.49238 4.49238 4.49238 4.49238 4.49238 4.49238 4.49238 4.49238 4.49238 4.49238 4.49238 5.49889 5.68908 5.77094 6.93203 7.76857 8.60510 9.44164 10.2787 11.1153 11.6748 11.6892 11.6892 11.6892 11.6892 11.6892 7.53922 6.25511 6.25511 6.25511 6.25511 6.25511 6.25511 6.25511 6.25511 6.25511 6.25511 6.25511 6.25511 6.25511 6.25511 3.53040 2.36988 2.36988 2.36988
0.00000 5.06403 4.82079 4.85254 4.86208 4.84966 4.65870 4.69428 4.74345 4.80276 4.85792 4.86208 4.86208 4.86208 4.86208 4.86208 4.86208 4.72360 4.61955 4.49238 4.49238 4.49238 4.49238 4.49238 4.49238 4.49238 4.49238 4.49238 4.50033 4.51879 4.53726 4.55577 6.28282 8.01338 8.39322 10.9678 11.6892 11.6892 11.6892 11.6892 11.6892 11.6892 11.6892 11.6892 11.6892 11.6892 11.6892 8.96048 6.25511 6.25511 6.25511 6.25511 6.25511 6.25511 6.25511 6.25511 6.25511 6.25511 6.25511 6.25511 6.25511 6.25511 4.53672 2.36988 2.36988 2.36988
0.00000 0.00000 4.91767 4.86208 4.86208 4.86208 4.86208 4.86208 4.86208 4.86208 4.86208 4.86208 4.86208 4.86208 4.86208 4.86208 4.86208 4.77585 4.66181 4.49992 4.49238 4.49354 4.50822 4.52670 4.54521 4.56369 4.58218 4.60067 4.61120 4.61125 4.61125 4.61125 5.80412 8.46083 8.46296 9.82359 11.6892 11.6892 11.6892 11.6892 11.6892 11.6892 11.6892 11.6892 11.6892 11.6892 11.6892 10.3831 6.25511 6.25511 6.25511 6.25511 6.25511 6.25511 6.25511 6.25511 6.25511 6.25511 6.25511 6.25511 6.25511 6.25511 5.54288 2.36988 2.36988 2.36988
0.00000 0.00000 4.93829 4.86208 4.86208 4.86208 4.86208 4.86208 4.86208 4.86208 4.86208 4.86208 4.86208 4.86208 4.86208 4.85987 4.85117 4.81524 4.72760 4.62395 4.59012 4.60742 4.61125 4.61125 4.61125 4.61125 4.61125 4.61157 4.61360 4.61589 4.61817 4.62046 4.85194 8.41583 8.47124 9.06265 11.6892 11.6892 11.6892 11.6892 11.6892 11.6892 11.6892 11.6892 11.6892 11.6892 11.6892 11.5648 6.49582 6.25511 6.25511 6.25511 6.25511 6.25511 6.25511 6.25511 6.25511 6.25511 6.25511 6.25511 6.25511 6.25511 6.23375 2.68575 2.36988 2.41973
0.00000 0.00000 5.02776 4.86208 4.86208 4.86208 4.86208 4.86208 4.86208 4.85836 4.84926 4.84013 4.83101 4.82188 4.81275 4.80583 4.80541 4.80535 4.78767 4.71321 4.61125 4.61125 4.61210 4.61436 4.61664 4.61892 4.62121 4.62317 4.62342 4.62342 4.62342 4.62342 4.62342 7.62549 8.47124 8.55528 11.5470 11.6892 11.6892 11.6892 11.6892 11.6892 11.6892 11.6892 11.6892 11.6892 11.6892 11.6892 7.79335 6.25511 6.25511 6.25511 6.25511 6.25511 6.25511 6.25511 6.25511 6.25511 6.24011 6.20190 6.16343 6.12504 6.08652 4.00646 3.10101 3.16227
0.00000 0.00000 5.57789 4.87806 4.84736 4.83823 4.82910 4.81998 4.81085 4.80544 4.80541 4.80541 4.80541 4.80541 4.80541 4.80541 4.80523 4.77619 4.71354 4.64479 4.61965 4.62196 4.62340 4.62342 4.62342 4.62342 4.62342 4.62342 4.62342 4.62342 4.62342 4.62342 4.62342 6.60620 8.47124 8.47124 10.3852 11.6892 11.6892 11.6892 11.6892 11.6892 11.6892 11.6892 11.6892 11.6892 11.6892 11.6892 9.21640 6.25511 6.25511 6.24415 6.20684 6.16835 6.12993 6.09149 6.05302 6.01460 5.99114 5.99090 5.99090 5.99090 5.99090 4.84662 3.16243 3.16243
0.00000 0.00000 0.00000 4.83218 4.80541 4.80541 4.80541 4.80541 4.80541 4.80541 4.80541 4.80412 4.76886 4.71878 4.66864 4.61850 4.56859 4.54750 4.54020 4.52782 4.60876 4.62342 4.62342 4.62342 4.62342 4.62342 4.62342 4.62342 4.62342 4.62342 4.62342 4.62342 4.62342 5.58692 8.47124 8.47124 9.44197 11.6892 11.6892 11.6892 11.6892 11.6892 11.6892 11.6892 11.7740 12.4089 13.1428 13.8762 13.0615 6.05796 6.01951 5.99201 5.99090 5.99090 5.99090 5.99090 5.99090 5.99090 5.99090 5.99090 5.99090 5.99090 5.99090 5.58307 3.16243 3.16243
0.00000 0.00000 0.00000 4.83240 4.80541 4.80541 4.80190 4.76156 4.71148 4.66134 4.61120 4.56243 4.54750 4.54750 4.54750 4.54750 4.54750 4.54750 4.54545 4.52785 4.58168 4.62342 4.62342 4.62342 4.62342 4.62342 4.62342 4.62342 4.62342 4.62342 4.62342 4.62342 4.62342 4.72462 8.31425 8.47124 8.79183 11.6946 12.1468 12.8802 13.6135 14.3474 15.0808 15.8147 16.4633 16.5622 16.5622 16.5622 16.4871 6.80920 5.99090 5.99090 5.99090 5.99090 5.99090 5.99090 5.99090 5.99090 5.99090 5.99090 5.99090 5.99090 5.99090 5.99005 3.49248 3.16243
0.00000 0.00000 0.00000 4.81832 4.65535 4.60393 4.55732 4.54750 4.54750 4.54750 4.54750 4.54750 4.54750 4.54750 4.54750 4.54750 4.54750 4.54750 4.54750 4.53105 4.55452 4.62342 4.62342 4.62342 4.62342 4.62342 4.62342 4.62342 4.62342 4.62342 4.62342 4.66046 4.81975 4.98832 8.38370 10.0360 10.4099 15.2413 16.5622 16.5622 16.5622 16.5622 16.5622 16.5622 16.5622 16.5622 16.5622 16.5622 16.5622 9.51995 5.99090 5.99090 5.99090 5.99090 5.99090 5.99090 5.99090 5.99090 5.99090 5.99090 5.99090 5.99090 5.99090 5.99090 4.22791 3.16243
0.00000 0.00000 0.00000 0.00000 4.54308 4.54750 4.54750 4.54750 4.54750 4.54750 4.54750 4.54750 4.54750 4.54750 4.54750 4.54750 4.54750 4.54750 4.54750 4.53635 4.53101 4.61980 4.62342 4.62342 4.62396 4.72188 4.89051 5.05937 5.22801 5.39665 5.56540 5.69699 5.70652 5.70652 8.07662 10.9099 11.0225 13.5975 16.5622 16.5622 16.5622 16.5622 16.5622 16.5622 16.5622 16.5622 16.5622 16.5622 16.5622 12.3074 5.99090 5.99090 5.99090 5.99090 5.99090 5.99090 5.99090 5.99090 5.99090 5.99090 5.99090 5.99090 5.99090 5.99090 4.96445 3.16243
0.00000 0.00000 0.00000 0.00000 4.53131 4.54750 4.54750 4.54750 4.54750 4.54750 4.54750 4.54750 4.54750 4.54750 4.54750 4.54750 4.54750 4.54750 4.53900 4.53166 4.86596 5.10251 5.29895 5.46759 5.63580 5.70652 5.70652 5.70652 5.70652 5.70652 5.72682 5.87750 6.05171 6.22546 7.39204 11.7726 11.8344 12.7829 16.5622 16.5622 16.5622 16.5622 16.5622 16.5622 16.5622 16.5622 16.5622 16.5622 16.5622 15.0926 5.99090 5.99090 5.99090 5.99090 5.99090 5.99090 5.99090 5.99090 5.99090 5.99090 5.99090 5.99090 5.99090 5.99090 5.69648 3.16667
0.00000 0.00000 0.00000 0.00000 4.49027 4.54750 4.54750 4.54750 4.54750 4.54750 4.54750 4.54750 4.52981 4.45413 4.37413 4.29399 4.21394 4.13389 4.06224 4.13134 5.58125 5.65180 5.70652 5.70652 5.70652 5.76352 5.93412 6.10824 6.28218 6.45620 6.61003 6.63320 6.63320 6.63320 6.66649 11.4157 11.8344 11.9957 16.4298 16.5622 16.5622 16.5622 16.5622 16.5622 16.5622 16.5622 16.5622 16.5622 16.5622 16.5611 7.30702 5.99090 5.99090 5.99090 5.99090 5.99090 5.99090 5.99090 5.99090 5.99090 5.99090 6.00292 6.08607 6.18079 6.27557 3.99283
0.00000 0.00000 0.00000 0.00000 4.20891 4.53389 4.51724 4.43779 4.35774 4.27769 4.19754 4.11749 4.05509 4.05061 4.05061 4.05061 4.05061 4.05061 4.05061 4.05050 5.21393 5.56787 6.16467 6.33898 6.51273 6.62996 6.63320 6.63320 6.63320 6.63320 6.63320 6.63320 6.63320 6.63320 6.63320 10.0707 11.8344 11.8344 14.7916 16.5622 16.5622 16.5622 16.5622 16.5622 16.5622 16.5622 16.5622 16.5622 16.5622 16.5622 10.0940 5.99090 5.99090 5.99090 5.99854 6.07608 6.17093 6.26558 6.36036 6.45501 6.54986 6.63249 6.64412 6.64412 6.64412 5.00324
0.00000 0.00000 0.00000 0.00000 0.00000 4.04013 4.05131 4.05061 4.05061 4.05061 4.05061 4.05061 4.05061 4.05061 4.04927 4.01203 3.95873 3.90548 3.85220 3.79906 4.55186 5.33631 6.45186 6.63320 6.63320 6.63320 6.63320 6.63320 6.63320 6.63320 6.63320 6.63320 6.63320 6.63320 6.63320 8.69288 11.8344 11.8344 13.3570 16.5622 16.5622 16.5622 16.5622 16.5622 16.5622 16.5622 16.5622 16.5524 16.1584 15.5682 11.8668 6.35030 6.44522 6.53980 6.62707 6.64412 6.64412 6.64412 6.64412 6.64412 6.64412 6.64412 6.64412 6.64412 6.64412 5.73329
0.00000 0.00000 0.00000 0.00000 0.00000 3.91890 4.05061 4.05061 4.05061 4.04674 4.00371 3.95041 3.89719 3.84388 3.79201 3.77600 3.77600 3.77600 3.77600 3.77600 4.13430 5.33631 6.08394 6.63320 6.63320 6.63320 6.63320 6.63320 6.63320 6.63320 6.63320 6.63320 6.63320 6.63320 6.63320 7.31560 11.8344 11.8344 12.3738 16.5622 16.5622 16.3632 15.7824 15.1923 14.6021 14.0119 13.4225 12.8421 12.6459 12.6459 12.0980 6.66513 6.64412 6.64412 6.64412 6.64412 6.64412 6.64412 6.64412 6.64412 6.64412 6.64412 6.64412 6.64412 6.64412 6.44036
0.00000 0.00000 0.00000 0.00000 0.00000 3.60375 3.93748 3.88892 3.83559 3.78621 3.77600 3.77600 3.77600 3.77600 3.77600 3.77600 3.77600 3.77600 3.77600 3.77600 3.80252 5.25018 5.71592 6.63320 6.63320 6.63320 6.63320 6.63320 6.63320 6.63320 6.63320 6.63320 6.63320 6.63320 6.68028 7.15925 10.8742 10.9615 10.6792 13.1261 13.0461 12.6553 12.6459 12.6459 12.6459 12.6459 12.6459 12.6459 12.6459 12.6459 12.6459 7.67992 6.64412 6.64412 6.64412 6.64412 6.64412 6.64412 6.64412 6.64412 6.64412 6.64412 6.64412 6.64412 6.64412 6.64412
0.00000 0.00000 0.00000 0.00000 0.00000 3.03916 3.71783 3.77600 3.77600 3.77600 3.77600 3.77600 3.77600 3.77600 3.77600 3.77600 3.77600 3.77600 3.77600 3.77600 3.77600 4.85925 5.38831 6.59302 6.63320 6.63320 6.63320 6.63320 6.82636 7.39911 7.98195 8.56404 9.14762 9.72972 10.2655 10.3693 10.0713 9.87625 9.87805 11.2803 12.6459 12.6459 12.6459 12.6459 12.6459 12.6459 12.6459 12.6459 12.6459 12.6459 12.6459 9.24262 6.64412 6.64412 6.64412 6.64412 6.64412 6.64412 6.64412 6.64412 6.64412 6.64412 6.64412 6.64412 6.64412 6.64412
0.00000 0.00000 0.00000 0.00000 0.00000 0.00000 3.67678 3.77600 3.77600 3.77600 3.77600 3.77600 3.77600 3.77600 3.77600 3.77600 3.77600 3.77600 3.77600 3.77600 3.77600 4.45604 5.75961 7.28257 8.22181 8.80465 9.38674 9.97032 10.3593 10.3693 10.3693 10.3693 10.3693 10.3988 10.6846 11.0953 11.3808 11.5029 12.2661 12.6459 12.6459 12.6459 12.6459 12.6459 12.6459 12.6459 12.6459 12.6459 12.6459 12.6459 12.6459 10.8051 6.64412 6.64412 6.64412 6.64412 6.64412 6.64412 6.64412 6.64412 6.64412 6.64412 6.64412 6.64412 6.64412 6.64412
0.00000 0.00000 0.00000 0.00000 0.00000 0.00000 3.55272 3.77600 3.77600 3.77600 3.77600 3.77600 3.77600 3.77600 3.77600 3.78101 3.82292 3.87237 3.92178 3.97119 4.02064 4.86334 9.07245 9.64516 10.3693 10.3693 10.3693 10.3693 10.4601 10.8073 11.2482 11.8096 12.5458 13.4438 13.6321 13.6321 13.5513 12.6515 12.6459 12.6459 12.6459 12.6459 12.6459 12.6459 12.6459 12.6459 12.6459 12.6459 12.6459 12.6459 12.6459 12.2876 6.72455 6.64412 6.64412 6.64412 6.64412 6.64412 6.64412 6.64412 6.64412 6.64412 6.64412 6.64412 6.65423 7.11771
0.00000 0.00000 0.00000 0.00000 0.00000 0.00000 3.09533 3.73846 3.77600 3.78716 3.83393 3.88334 3.93276 3.98220 4.03159 4.07602 4.08349 4.08349 4.08349 4.08349 4.08349 4.08998 8.53413 9.40603 10.9386 11.4138 12.0237 12.8342 13.5977 13.6321 13.6321 13.6321 13.6321 13.6321 13.6321 13.6321 13.6321 12.8300 12.6459 12.6459 12.6459 12.6459 12.6459 12.6459 12.6459 12.6459 12.6459 12.6459 12.6459 12.6459 12.6459 12.6459 7.92957 6.64412 6.64412 6.64412 6.64412 6.64412 7.01856 7.71931 8.42103 9.12274 9.82445 10.5266 11.2178 11.4570
0.00000 0.00000 0.00000 3.23659 3.23659 3.23659 3.23659 3.84861 4.04259 4.08085 4.08349 4.08349 4.08349 4.08349 4.08349 4.08349 4.08349 4.08810 4.24790 4.48354 4.71918 4.95469 8.31907 10.2865 12.8837 13.6321 13.6321 13.6321 13.6321 13.6321 13.6321 13.6321 13.6321 13.6321 13.6321 13.6321 13.6321 13.0896 12.6459 12.6459 12.6459 12.6459 12.6459 12.6459 12.6459 12.6459 12.6459 12.6459 12.6459 12.6459 12.6459 12.7704 10.2200 8.32188 9.02359 9.72531 10.4275 11.1287 11.4570 11.4570 11.4570 11.4570 11.4570 11.4570 11.4570 11.4570
3.23659 3.23659 3.23659 3.23659 3.23659 3.23659 3.23659 3.72207 4.08349 4.08349 4.08349 4.08349 4.09769 4.28309 4.51873 4.75449 4.98988 5.22103 5.29686 5.29686 5.29686 5.29686 7.09588 10.2858 11.6897 13.6321 13.6321 13.6321 13.6321 13.6321 13.6321 13.6321 13.6321 13.6321 13.6321 13.6321 13.6321 13.3493 12.6459 12.6459 12.6459 12.6459 12.6459 12.6459 12.6848 12.9873 13.3392 13.6908 14.0427 14.3944 14.7465 14.9736 14.0480 11.4570 11.4570 11.4570 11.4570 11.4570 11.4570 11.4570 11.4570 11.4570 11.4570 11.4570 11.4570 11.4570
