High_resolution/powerplant/Fengdu/OMI_NO2_201009.asc
ncols      200
nrows      200
xllcorner       105.978
yllcorner       28.1831
cellsize     0.0166667
NODATA_Value      -999.000
[rows 29 to 57 of 200, columns 0 to 65 of 200]
0.00000 0.00000 0.00000 0.00000 0.00000 1.78799 1.78799 1.81430 1.95102 1.95199 1.95199 1.95199 1.95199 1.95199 1.95199 1.95199 1.95199 1.95190 1.94555 1.93533 1.92511 1.91513 1.93996 1.94846 1.94846 1.94846 1.94846 1.94846 1.94846 1.94846 1.94846 1.94846 1.92027 1.86082 1.86082 1.86082 1.86082 1.86082 1.86082 0.00000 0.00000 0.00000 0.00000 0.00000 0.00000 3.85381 3.85381 3.85381 3.85381 3.85381 3.85381 3.85381 3.85381 3.85381 3.78824 3.27778 3.27274 3.27274 3.27274 3.27274 3.27274 3.27274 3.27274 3.27274 3.27274 3.22906
0.00000 0.00000 0.00000 0.00000 0.00000 1.78799 1.78799 1.78799 1.92852 1.95199 1.95199 1.95199 1.95199 1.95198 1.94648 1.93625 1.92604 1.91591 1.91205 1.91205 1.91205 1.91205 1.92949 1.94846 1.94846 1.94846 1.94846 1.94846 1.94846 1.94846 1.94846 1.94846 1.94092 1.86082 1.86082 1.86082 1.86082 1.86082 0.00000 0.00000 0.00000 0.00000 0.00000 0.00000 0.00000 3.85381 3.85381 3.85381 3.85381 3.85381 3.85381 3.85381 3.85381 3.85381 3.85381 3.35190 3.27274 3.27274 3.27274 3.27274 3.27274 3.26407 3.06305 2.78340 2.50376 2.26796
0.00000 0.00000 0.00000 0.00000 0.00000 1.78799 1.78799 1.78799 1.88565 1.95199 1.94739 1.93719 1.92697 1.91676 1.91205 1.91205 1.91205 1.91205 1.91205 1.91205 1.91205 1.91205 1.91901 1.94846 1.94846 1.94846 1.94846 1.95008 1.95879 1.97031 1.98489 2.00394 2.02849 2.03610 0.00000 0.00000 0.00000 0.00000 0.00000 0.00000 0.00000 0.00000 0.00000 0.00000 0.00000 0.00000 3.85381 3.85381 3.85381 3.85381 3.85381 3.85381 3.85381 3.85381 3.85381 3.47796 3.27274 3.27274 3.14911 2.86998 2.59033 2.31935 2.24083 2.24083 2.24083 2.24083
0.00000 0.00000 0.00000 0.00000 0.00000 0.00000 1.78799 1.78799 1.81592 1.91730 1.91206 1.91205 1.91205 1.91205 1.91205 1.91205 1.91205 1.91205 1.91205 1.91205 1.91205 1.91205 1.90610 1.95210 1.97452 1.99032 2.01123 2.03377 2.03610 2.03610 2.03610 2.03610 2.03610 2.03610 0.00000 0.00000 0.00000 0.00000 0.00000 0.00000 0.00000 0.00000 0.00000 0.00000 0.00000 0.00000 3.85381 3.85381 3.85381 3.85381 3.85381 3.85381 3.85381 3.85381 3.74257 3.13457 2.67691 2.39737 2.24124 2.24083 2.24083 2.24083 2.24083 2.26696 2.34895 2.43318
0.00000 0.00000 0.00000 0.00000 0.00000 0.00000 1.78799 1.78799 1.78799 1.89609 1.91205 1.91205 1.91205 1.91205 1.91205 1.91205 1.91202 1.90357 1.88868 1.87381 1.85892 1.84402 1.83524 1.92450 2.03610 2.03610 2.03610 2.03610 2.03610 2.03610 2.03610 2.03610 2.03610 2.03610 0.00000 0.00000 0.00000 0.00000 0.00000 0.00000 0.00000 0.00000 0.00000 0.00000 0.00000 0.00000 3.85381 3.85381 3.85381 3.85381 3.82492 3.39420 2.83511 2.27581 1.82817 1.79465 2.21909 2.24979 2.32167 2.40566 2.48984 2.57379 2.65788 2.71592 2.71778 2.71778
0.00000 0.00000 0.00000 0.00000 0.00000 0.00000 1.78799 1.78799 1.78799 1.86455 1.91205 1.91165 1.90113 1.88624 1.87135 1.85647 1.84163 1.83517 1.83517 1.83517 1.83517 1.83517 1.83517 1.87446 2.03610 2.03610 2.03610 2.03610 2.03610 2.03610 2.03610 2.03610 2.03610 0.00000 0.00000 0.00000 0.00000 0.00000 0.00000 0.00000 0.00000 0.00000 0.00000 0.00000 0.00000 0.00000 0.00000 3.54550 3.00806 2.44897 1.91856 1.78999 1.78999 1.78999 1.78999 1.78999 2.43848 2.70562 2.71778 2.71778 2.71778 2.71778 2.71778 2.71778 2.71778 2.71778
0.00000 0.00000 0.00000 0.00000 0.00000 0.00000 1.97584 1.76945 1.73150 1.73837 1.85378 1.83954 1.83517 1.83517 1.83517 1.83517 1.83517 1.83517 1.83517 1.83517 1.83517 1.83517 1.83517 1.84118 2.02835 2.03610 2.03610 2.03610 2.03610 0.00000 0.00000 0.00000 0.00000 0.00000 0.00000 0.00000 0.00000 0.00000 0.00000 0.00000 0.00000 0.00000 0.00000 0.00000 0.00000 0.00000 0.00000 1.78999 1.78999 1.78999 1.78999 1.78999 1.78999 1.78999 1.78999 1.78999 2.27015 2.71778 2.71778 2.71778 2.71778 2.71778 2.71778 2.71778 2.71778 2.71778
0.00000 2.15227 2.15227 2.15227 2.15227 2.15227 2.15227 1.81392 1.63423 1.63423 1.81218 1.83517 1.83517 1.83517 1.83517 1.83517 1.83517 1.83517 1.83517 1.83517 1.83370 1.81104 1.77344 1.72076 1.69192 0.00000 0.00000 0.00000 0.00000 0.00000 0.00000 0.00000 0.00000 0.00000 0.00000 0.00000 0.00000 0.00000 0.00000 0.00000 0.00000 0.00000 0.00000 0.00000 0.00000 0.00000 0.00000 1.78999 1.78999 1.78999 1.78999 1.78999 1.78999 1.78999 1.78999 1.78999 1.92233 2.71331 2.71778 2.71778 2.71778 2.71778 2.71778 2.71778 2.71778 2.71778
2.15227 2.15227 2.15227 2.15227 2.15227 2.15227 2.15227 1.96393 1.63423 1.63423 1.76250 1.83517 1.83517 1.83517 1.83517 1.83517 1.83438 1.81391 1.77732 1.72630 1.65558 1.63423 1.63423 1.63423 1.63423 0.00000 0.00000 0.00000 0.00000 0.00000 0.00000 0.00000 0.00000 0.00000 0.00000 0.00000 0.00000 0.00000 0.00000 0.00000 0.00000 0.00000 0.00000 0.00000 0.00000 0.00000 0.00000 0.00000 1.78999 1.78999 1.78999 1.78999 1.78999 1.78999 1.78999 1.78999 1.78999 2.60621 2.71778 2.71778 2.71778 2.71778 2.71778 2.71778 2.73194 2.83572
2.15227 2.15227 2.15227 2.15227 2.15227 2.15227 2.15227 2.10949 1.63874 1.63423 1.68466 1.83510 1.83485 1.81669 1.78108 1.73168 1.66129 1.63423 1.63423 1.63423 1.63423 1.63423 1.63423 1.63423 1.63423 0.00000 0.00000 0.00000 0.00000 0.00000 0.00000 0.00000 0.00000 0.00000 0.00000 0.00000 0.00000 0.00000 0.00000 0.00000 0.00000 0.00000 0.00000 0.00000 0.00000 0.00000 0.00000 0.00000 1.78999 1.78999 1.78999 1.78999 1.78999 1.78999 1.78999 1.78999 1.78999 2.41115 2.71778 2.71778 2.71968 2.79888 2.91840 3.03792 3.14328 3.15899
2.15227 2.15227 2.15227 2.15227 2.15227 2.15227 2.15227 2.15227 1.74602 2.15469 2.89300 2.15002 1.66758 1.63423 1.63423 1.63423 1.63423 1.63423 1.63423 1.63423 1.63423 1.63423 1.63423 1.63423 1.63423 1.68469 0.00000 0.00000 0.00000 0.00000 0.00000 0.00000 0.00000 0.00000 0.00000 0.00000 0.00000 0.00000 0.00000 0.00000 0.00000 0.00000 0.00000 0.00000 0.00000 0.00000 0.00000 0.00000 1.78999 1.78999 1.78999 1.78999 1.78999 1.78999 1.78999 1.78999 1.78999 2.20033 2.88151 3.00108 3.11866 3.15899 3.15899 3.15899 3.15899 3.15899
2.15227 2.15227 2.15227 2.15227 2.15227 2.45726 3.15199 3.63106 3.83746 3.85256 3.85256 3.12705 1.63423 1.63423 1.63423 1.63423 1.63423 1.63423 1.63423 1.63517 1.89128 2.34539 2.79903 3.25337 3.70725 3.97217 0.00000 0.00000 0.00000 0.00000 0.00000 0.00000 0.00000 0.00000 0.00000 0.00000 0.00000 0.00000 0.00000 0.00000 0.00000 0.00000 0.00000 0.00000 0.00000 0.00000 0.00000 0.00000 0.00000 1.78999 1.78999 1.78999 1.78999 1.82767 2.04368 2.28273 2.52187 2.68155 3.14079 3.15899 3.15912 3.16216 3.16620 3.17018 3.17405 3.17795
2.15227 2.32782 3.03085 3.54650 3.91282 4.10648 4.11158 4.11158 4.05854 3.85256 3.85256 3.64834 1.63423 1.63423 1.64595 1.96462 2.41850 2.87214 3.32671 3.77942 3.97742 3.97742 3.97742 3.97742 3.97742 3.97742 0.00000 0.00000 0.00000 0.00000 0.00000 0.00000 0.00000 0.00000 0.00000 0.00000 0.00000 0.00000 0.00000 0.00000 0.00000 0.00000 0.00000 0.00000 0.00000 0.00000 0.00000 0.00000 0.00000 1.80642 1.97000 2.20905 2.44810 2.64946 2.67241 2.74477 2.89839 3.01465 3.15681 3.17659 3.18032 3.18138 3.18138 3.18138 3.18138 3.18138
3.84718 4.09049 4.11158 4.11158 4.11158 4.11158 4.11158 4.11158 4.10995 3.89317 4.05443 4.28125 3.36722 3.39982 3.84175 3.97742 3.97742 3.97742 3.97742 3.97742 3.97742 3.97742 3.97742 3.97742 3.97742 3.97742 3.97742 0.00000 0.00000 0.00000 0.00000 0.00000 0.00000 0.00000 0.00000 0.00000 0.00000 0.00000 0.00000 0.00000 0.00000 0.00000 0.00000 0.00000 0.00000 0.00000 0.00000 0.00000 0.00000 2.76434 2.82569 2.95912 3.06120 3.14108 3.20569 3.24019 3.24065 3.24065 3.21824 3.18138 3.18138 3.18138 3.18138 3.18138 3.18138 3.18138
4.11158 4.11158 4.11158 4.11158 4.11330 4.13125 4.15323 4.17521 4.19719 4.70489 5.02416 5.02416 4.65677 3.97742 3.97742 3.97742 3.97742 3.97742 3.97742 3.97742 3.97742 3.97742 3.97742 3.97742 3.97742 3.97742 3.97742 0.00000 0.00000 0.00000 0.00000 0.00000 0.00000 0.00000 0.00000 0.00000 0.00000 0.00000 0.00000 0.00000 0.00000 0.00000 0.00000 0.00000 3.80889 3.80889 3.80889 3.80889 3.80889 3.80889 3.30699 3.24065 3.24065 3.24065 3.24065 3.24065 3.24065 3.24065 3.23468 3.18156 3.18138 3.18138 3.18138 3.18138 3.18138 3.18138
4.13103 4.15301 4.17499 4.19701 4.21745 4.22147 4.22147 4.22147 4.22147 4.48981 5.02416 5.02416 4.91101 3.97742 3.97742 3.97742 3.97742 3.97742 3.97742 3.97742 3.97742 3.97742 3.97742 3.97742 3.97742 3.97742 3.97742 0.00000 0.00000 0.00000 0.00000 0.00000 0.00000 0.00000 0.00000 0.00000 0.00000 0.00000 0.00000 0.00000 0.00000 0.00000 3.80889 3.80889 3.80889 3.80889 3.80889 3.80889 3.80889 3.80889 3.45350 3.24065 3.24065 3.24065 3.24065 3.24065 3.24065 3.24065 3.24065 3.19227 3.18138 3.18138 3.18138 3.18138 3.18138 3.18138
4.22147 4.22147 4.22147 4.22147 4.22147 4.22147 4.22147 4.22147 4.22147 4.27076 5.00987 5.02416 5.02327 4.21974 3.97742 3.97742 3.97742 3.97742 3.97742 3.97742 3.97742 3.97742 3.97742 3.97742 3.97742 3.97742 3.97742 0.00000 0.00000 0.00000 0.00000 0.00000 0.00000 0.00000 0.00000 0.00000 0.00000 0.00000 0.00000 0.00000 0.00000 0.00000 0.00000 3.80889 3.80889 3.80889 3.80889 3.80889 3.80889 3.80889 3.68378 3.24164 3.24065 3.24065 3.24065 3.24065 3.24065 3.24065 3.24065 3.20896 3.18138 3.18138 3.18138 3.18397 3.20775 3.23623
4.22147 4.22147 4.22147 4.22147 4.22147 4.22147 4.22147 4.22147 4.22147 4.22147 4.82569 5.02022 4.91146 4.38084 3.97742 3.97742 3.97742 3.97742 3.97742 3.97742 3.97742 3.97742 3.97742 3.97742 3.97742 3.97742 3.97742 3.97742 0.00000 0.00000 0.00000 0.00000 0.00000 0.00000 0.00000 0.00000 0.00000 0.00000 0.00000 0.00000 0.00000 0.00000 0.00000 3.80889 3.80889 3.80889 3.80889 3.80889 3.80889 3.80889 3.80889 3.30909 3.24065 3.24065 3.24065 3.24065 3.24065 3.24065 3.24065 3.22584 3.19899 3.22746 3.25595 3.28183 3.28652 3.28652
4.22147 4.22147 4.22147 4.22147 4.22147 4.22147 4.22147 4.22129 4.08141 3.75303 3.85155 4.12601 3.97742 3.97742 3.97742 3.97742 3.97742 3.97742 3.97742 3.97742 3.97742 3.97742 3.97742 3.76646 3.35841 2.95078 2.54273 2.16159 0.00000 0.00000 0.00000 0.00000 0.00000 0.00000 0.00000 0.00000 0.00000 0.00000 0.00000 0.00000 0.00000 0.00000 0.00000 3.80889 3.80889 3.80889 3.80889 3.80889 3.80889 3.80889 3.80889 3.45651 3.24065 3.24065 3.24065 3.24065 3.25003 3.27800 3.30649 3.33340 3.28952 3.28652 3.28652 3.28519 3.23707 3.16596
4.22147 4.22147 4.22147 4.22147 4.13352 3.82836 3.40237 2.77659 2.37205 2.37205 2.64767 3.97742 3.97742 3.97742 3.97742 3.97742 3.97742 3.97175 3.70447 3.29664 2.88901 2.48096 2.07312 1.87624 1.87624 1.87624 1.87624 1.87624 0.00000 0.00000 0.00000 0.00000 0.00000 0.00000 0.00000 0.00000 0.00000 0.00000 0.00000 0.00000 0.00000 0.00000 0.00000 0.00000 3.80889 3.80889 3.80889 3.80889 3.80889 3.80889 3.80889 3.68803 3.24541 3.26924 3.29771 3.32618 3.34529 3.34579 3.32998 3.28134 3.15500 3.04641 2.97530 2.90560 2.88249 2.88249
4.17240 3.89907 3.50172 2.92642 2.38569 2.37205 2.37205 2.37205 2.37205 2.37205 2.37382 3.78445 3.95662 3.64270 3.23486 2.82702 2.41897 2.01702 1.87624 1.87624 1.87624 1.87624 1.87624 1.87624 1.87624 1.87624 1.87624 1.87624 1.87624 0.00000 0.00000 0.00000 0.00000 0.00000 0.00000 0.00000 0.00000 0.00000 0.00000 0.00000 0.00000 0.00000 0.00000 0.00000 3.80889 3.80889 3.80889 3.80889 3.80889 3.80889 3.80889 3.80889 3.39833 3.30706 3.25744 3.20771 3.15811 3.10849 3.07458 3.07360 2.99521 2.88249 2.88249 2.88249 2.88249 2.88249
2.43853 2.37205 2.37205 2.37205 2.37205 2.37205 2.37205 2.37728 2.44008 2.51872 2.59736 2.49687 1.97037 1.87624 1.87624 1.87624 1.87624 1.87624 1.87624 1.87624 1.87624 1.87624 1.87624 1.87624 1.87624 1.87624 1.87624 1.87624 1.87624 0.00000 0.00000 0.00000 0.00000 0.00000 0.00000 0.00000 0.00000 0.00000 0.00000 0.00000 0.00000 0.00000 0.00000 0.00000 3.80889 3.80889 3.80889 3.77998 3.68357 3.58422 3.48493 3.38569 3.16467 3.07360 3.07360 3.07360 3.07360 3.07360 3.07360 3.07360 3.04880 2.88253 2.88249 2.88249 2.88249 2.88249
2.37205 2.37205 2.37728 2.44008 2.51872 2.59736 2.67600 2.74941 2.76525 2.76525 2.76525 2.49627 1.87624 1.87624 1.87624 1.87624 1.87624 1.87624 1.87624 1.87624 1.87624 1.87624 1.87624 1.87624 1.87624 1.87624 1.87624 1.87624 1.87624 0.00000 0.00000 0.00000 0.00000 0.00000 0.00000 0.00000 0.00000 0.00000 0.00000 0.00000 0.00000 3.82650 3.82650 3.82650 3.82535 3.46176 3.33772 3.26734 3.26450 3.26450 3.26450 3.26450 3.22476 3.07403 3.07360 3.07360 3.07360 3.07360 3.07360 3.07360 3.07360 2.91133 2.88249 2.88249 2.88249 2.88249
2.59736 2.67600 2.74941 2.76525 2.76525 2.76525 2.76525 2.76525 2.76525 2.76525 2.76525 2.72658 1.90220 1.87624 1.87624 1.87624 1.87624 1.87624 1.87624 1.87624 1.87624 1.87624 1.87624 1.87624 1.87624 1.87624 1.87624 1.87624 1.87624 0.00000 0.00000 0.00000 0.00000 0.00000 0.00000 0.00000 3.82650 3.82650 3.82650 3.82650 3.82650 3.82650 3.82650 3.82650 3.82650 3.43275 3.26450 3.26450 3.26450 3.26450 3.26450 3.26450 3.26450 3.09740 3.07360 3.07360 3.07360 3.07360 3.07360 3.07360 3.07360 2.96495 2.88249 2.88249 2.88249 2.88249
2.76525 2.76525 2.76525 2.76525 2.76525 2.76525 2.76525 2.76525 2.76525 2.76525 2.76525 2.76525 2.11976 1.87624 1.87624 1.87624 1.87624 1.87624 1.87624 1.87624 1.87624 1.87624 1.87624 1.87624 1.87624 1.87624 1.87624 1.87624 1.87624 1.87624 0.00000 3.82650 3.82650 3.82650 3.82650 3.82650 3.82650 3.82650 3.82650 3.82650 3.82650 3.82650 3.82650 3.82650 3.82650 3.59222 3.26450 3.26450 3.26450 3.26450 3.26450 3.26450 3.26450 3.14692 3.07360 3.07360 3.07360 3.07360 3.07360 3.07360 3.07360 3.01856 2.87853 2.83352 2.77767 2.72186
2.76525 2.76525 2.76525 2.76525 2.76525 2.76525 2.76525 2.76525 2.76525 2.76525 2.76525 2.76525 2.37618 1.87624 1.87624 1.87624 1.87624 1.87624 1.87624 1.87624 1.87624 1.87624 1.87624 1.87624 1.87624 1.87624 1.98402 2.20540 2.42678 3.23052 3.82650 3.82650 3.82650 3.82650 3.82650 3.82650 3.82650 3.82650 3.82650 3.82650 3.82650 3.82650 3.82650 3.82650 3.82650 3.75154 3.26456 3.26450 3.26450 3.26450 3.26450 3.26450 3.26450 3.22476 3.07403 3.07360 3.07360 3.07360 3.07345 3.04172 2.98591 2.92263 2.69308 2.67627 2.67627 2.67627
2.76525 2.76525 2.76525 2.76525 2.76525 2.76525 2.76525 2.76525 2.76525 2.76525 2.76525 2.76525 2.63251 1.87624 1.87624 1.87624 1.87624 1.87624 1.87624 1.87624 1.87875 2.02059 2.24197 2.46324 2.68440 2.90555 3.01916 3.01916 3.01916 3.26158 3.82650 3.82650 3.82650 3.82650 3.82650 3.82650 3.82650 3.82650 3.82650 3.82650 3.82650 3.82650 3.82650 3.82650 3.82650 3.82650 3.34913 3.26450 3.26450 3.26450 3.26450 3.26450 3.26450 3.26450 3.09740 3.05729 3.00301 2.94716 2.89149 2.86738 2.86738 2.90523 2.82010 2.77068 2.81329 2.85584
2.76525 2.76525 2.76525 2.76525 2.76525 2.76525 2.76525 2.76525 2.76525 2.76525 2.76525 2.76525 2.76525 1.99990 1.87624 1.88733 2.05716 2.27855 2.49970 2.72086 2.93961 3.01916 3.01916 3.01916 3.01916 3.01916 3.01916 3.01916 3.01916 3.05404 3.80317 3.82650 3.82650 3.82650 3.82650 3.82650 3.82650 3.82650 3.82650 3.82650 3.82650 3.82650 3.82650 3.82650 3.82650 3.82650 3.50850 3.26450 3.26450 3.26450 3.26450 3.26450 3.26450 3.26450 3.04323 2.87150 2.97721 3.13884 3.30038 3.46201 3.62426 3.74795 3.38096 2.91779 2.91779 2.91779
2.76525 2.76525 2.76525 2.76525 2.76525 2.76525 2.76525 2.76525 2.76525 2.76525 2.76760 2.79328 2.82496 2.66124 2.75743 2.96750 3.01916 3.01916 3.01916 3.01916 3.01916 3.01916 3.01916 3.01916 3.01916 3.01916 3.01916 3.01916 3.01916 3.01916 3.60628 3.82650 3.82650 3.82650 3.82650 3.82650 3.82650 3.82650 3.82650 3.82650 3.82650 3.82650 3.82650 3.82650 3.82650 3.82650 3.66798 3.26450 3.26450 3.26450 3.33808 3.64410 3.96737 4.29045 4.39073 3.70444 3.75595 3.75595 3.75595 3.75595 3.75595 3.75595 3.61490 2.91779 2.91779 2.91779
