High_resolution/powerplant/Fengdu/OMI_NO2_200908.asc
ncols      200
nrows      200
xllcorner       105.978
yllcorner       28.1831
cellsize     0.0166667
NODATA_Value      -999.000
[rows 145 to 173 of 200, columns 0 to 65 of 200]
2.82817 2.82817 2.82817 2.82817 2.82817 2.82817 2.82817 2.82817 2.82817 2.82817 2.90547 3.72895 3.13386 3.13179 3.13179 3.13179 3.13179 3.13179 3.13179 3.13179 3.13179 3.13179 3.13179 3.13179 3.13179 3.10454 2.52020 2.21301 0.00000 0.00000 0.00000 0.00000 0.00000 0.00000 0.00000 0.00000 0.00000 0.00000 0.00000 0.00000 0.00000 0.00000 0.00000 0.00000 0.00000 0.00000 0.00000 0.00000 5.76974 5.76974 5.76974 5.76974 5.76974 5.76974 5.76974 5.76974 5.76974 5.76974 5.76974 5.76974 5.76974 5.76974 0.00000 0.00000 0.00000 0.00000
2.82817 2.82817 2.82817 2.82817 2.82817 2.82817 2.82817 2.82817 2.82817 2.82817 2.82817 3.60770 3.25021 3.13179 3.13179 3.13179 3.13179 3.13179 3.13179 3.11687 2.94721 2.73711 2.52509 2.28296 2.03134 1.80686 1.78603 1.81340 0.00000 0.00000 0.00000 0.00000 0.00000 0.00000 0.00000 0.00000 0.00000 0.00000 0.00000 0.00000 0.00000 0.00000 0.00000 5.76974 5.76974 5.76974 5.76974 5.76974 5.76974 5.76974 5.76974 5.76974 5.76974 5.76974 5.76974 5.76974 5.76974 5.76974 5.76974 5.76974 5.76974 5.76974 5.76974 0.00000 0.00000 0.00000
2.82817 2.82817 2.82817 2.82817 2.82817 2.82817 2.82817 2.82817 2.82817 2.82817 2.82817 3.34409 3.43150 3.12538 2.97508 2.76485 2.55410 2.31630 2.06458 1.82777 1.74561 1.70393 1.66436 1.65454 1.65454 1.65454 1.66181 1.72446 0.00000 0.00000 0.00000 0.00000 0.00000 0.00000 0.00000 0.00000 0.00000 0.00000 0.00000 0.00000 0.00000 0.00000 5.76974 5.76974 5.76974 5.76974 5.76974 5.76974 5.76974 5.76974 5.76974 5.76974 5.76974 5.76974 5.76974 5.76974 5.76974 5.76974 5.76974 5.76974 5.76974 5.76974 5.76974 0.00000 0.00000 0.00000
2.82817 2.82817 2.82817 2.82817 2.82817 2.82817 2.82817 2.82817 2.79549 2.72810 2.66074 2.69021 2.55379 1.85248 1.75108 1.70945 1.66849 1.65454 1.65454 1.65454 1.65454 1.65454 1.65454 1.65454 1.65454 1.65454 1.65474 1.71341 1.72446 0.00000 0.00000 0.00000 0.00000 0.00000 0.00000 0.00000 0.00000 0.00000 0.00000 0.00000 0.00000 0.00000 5.76974 5.76974 5.76974 5.76974 5.76974 5.76974 5.76974 5.76974 5.76974 5.76974 5.76974 5.76974 5.76974 5.76974 5.76974 5.76974 5.76974 5.76974 5.76974 5.76974 5.76974 0.00000 0.00000 0.00000
2.82817 2.82817 2.81389 2.75055 2.68319 2.60167 2.47258 2.33974 2.23958 2.17425 2.10884 2.07887 2.17084 1.66974 1.65454 1.65454 1.65454 1.65454 1.65454 1.65454 1.65454 1.65454 1.65454 1.65454 1.65454 1.65454 1.65454 1.68844 1.72446 0.00000 0.00000 0.00000 0.00000 0.00000 0.00000 0.00000 0.00000 0.00000 0.00000 0.00000 0.00000 0.00000 0.00000 5.76974 5.76974 5.76974 5.76974 5.76974 5.76974 5.76974 5.76974 5.76974 5.76974 5.76974 5.76974 5.76974 5.76974 5.76974 5.76974 5.76974 5.76974 5.76974 5.76974 5.76974 0.00000 0.00000
2.51641 2.38363 2.26526 2.19569 2.13021 2.07908 2.07533 2.07533 2.07533 2.07533 2.07533 2.07533 2.16322 1.79412 1.65454 1.65454 1.65454 1.65454 1.65454 1.65454 1.65454 1.65454 1.65454 1.65454 1.65454 1.65454 1.65454 1.67122 1.72446 0.00000 0.00000 0.00000 0.00000 0.00000 0.00000 0.00000 0.00000 0.00000 0.00000 0.00000 0.00000 0.00000 0.00000 5.76974 5.76974 5.76974 5.76974 5.76974 5.76974 5.76974 5.76974 5.76974 5.76974 5.76974 5.76974 5.76974 5.76974 5.76974 5.76974 5.76974 5.76974 5.76974 5.76974 5.76974 0.00000 0.00000
2.07533 2.07533 2.07533 2.07533 2.07533 2.07533 2.07533 2.07533 2.07533 2.07533 2.07533 2.07533 2.13048 1.94012 1.65454 1.65454 1.65454 1.65454 1.65454 1.65454 1.65454 1.65454 1.65454 1.65454 1.65454 1.65454 1.65454 1.65893 1.72439 0.00000 0.00000 0.00000 0.00000 0.00000 0.00000 0.00000 0.00000 0.00000 0.00000 0.00000 0.00000 0.00000 0.00000 5.76974 5.76974 5.76974 5.76974 5.76974 5.76974 5.76974 5.76974 5.76974 5.76974 5.76974 5.76974 5.76974 5.76974 5.76974 5.76974 5.76974 0.00000 0.00000 0.00000 0.00000 0.00000 0.00000
2.07533 2.07533 2.07533 2.07533 2.07533 2.07533 2.07533 2.07533 2.07533 2.07533 2.07533 2.07533 2.09763 2.08613 1.65454 1.65454 1.65454 1.65454 1.65454 1.65454 1.65454 1.65454 1.65454 1.65454 1.65454 1.65454 1.65454 1.65454 1.70621 1.72446 0.00000 0.00000 0.00000 0.00000 0.00000 0.00000 0.00000 0.00000 0.00000 0.00000 0.00000 0.00000 0.00000 0.00000 5.76974 5.76974 5.76974 5.76974 5.76974 5.76974 5.76974 5.76974 5.76974 5.76974 5.76974 5.76974 0.00000 0.00000 0.00000 0.00000 0.00000 0.00000 0.00000 0.00000 0.00000 0.00000
2.07533 2.07533 2.07533 2.07533 2.07533 2.07533 2.07533 2.07533 2.07533 2.07533 2.07533 2.07533 2.07587 2.18126 1.69438 1.65454 1.65454 1.65454 1.65454 1.65454 1.65454 1.65454 1.65467 1.65906 1.66649 1.67726 1.80367 2.04090 2.35717 2.66488 0.00000 0.00000 0.00000 0.00000 0.00000 0.00000 0.00000 0.00000 0.00000 0.00000 0.00000 0.00000 0.00000 0.00000 5.76974 5.76974 5.76974 5.76974 5.76974 5.76974 5.76974 0.00000 0.00000 0.00000 0.00000 0.00000 0.00000 0.00000 0.00000 0.00000 0.00000 0.00000 0.00000 0.00000 0.00000 0.00000
2.07533 2.07533 2.07533 2.07533 2.07533 2.07533 2.07533 2.07533 2.07533 2.07533 2.07533 2.07533 2.07533 2.15400 1.83548 1.65454 1.65456 1.65815 1.66539 1.67422 1.77591 2.00475 2.30510 2.58937 2.83588 3.07937 3.16862 3.16862 3.16862 3.16862 0.00000 0.00000 0.00000 0.00000 0.00000 0.00000 0.00000 0.00000 0.00000 0.00000 0.00000 0.00000 0.00000 0.00000 5.76974 5.76974 5.76974 0.00000 0.00000 0.00000 0.00000 0.00000 0.00000 0.00000 0.00000 0.00000 0.00000 0.00000 0.00000 0.00000 0.00000 0.00000 0.00000 0.00000 0.00000 0.00000
2.07533 2.07533 2.07533 2.07533 2.07533 2.07533 2.07533 2.07533 2.07533 2.07533 2.07533 2.17082 2.42686 2.59260 2.18731 1.96995 2.26050 2.55601 2.80224 3.04846 3.16862 3.16862 3.16862 3.16862 3.16862 3.16862 3.16862 3.16862 3.16862 3.16862 3.16862 0.00000 0.00000 0.00000 0.00000 0.00000 0.00000 0.00000 0.00000 0.00000 0.00000 0.00000 0.00000 0.00000 0.00000 0.00000 0.00000 0.00000 0.00000 0.00000 0.00000 0.00000 0.00000 0.00000 0.00000 0.00000 0.00000 0.00000 0.00000 0.00000 0.00000 0.00000 0.00000 0.00000 0.00000 0.00000
2.07533 2.07533 2.07533 2.07533 2.07533 2.11323 2.34475 2.60314 2.86530 3.14485 3.42664 3.61327 3.63903 3.62716 3.08925 3.16862 3.16862 3.16862 3.16862 3.16862 3.16862 3.16862 3.16862 3.16862 3.16862 3.16862 3.16862 3.16862 3.16862 3.16862 3.16862 0.00000 0.00000 0.00000 0.00000 0.00000 0.00000 0.00000 0.00000 0.00000 0.00000 0.00000 0.00000 0.00000 0.00000 0.00000 0.00000 0.00000 0.00000 0.00000 0.00000 0.00000 0.00000 0.00000 0.00000 0.00000 0.00000 0.00000 0.00000 0.00000 0.00000 0.00000 0.00000 0.00000 0.00000 0.00000
2.26234 2.52117 2.78018 3.05536 3.33732 3.58108 3.63167 3.65510 3.67503 3.67747 3.67747 3.67747 3.67747 3.67747 3.24400 3.15561 3.16862 3.16862 3.16862 3.16862 3.16862 3.16862 3.16862 3.16862 3.16862 3.16862 3.16862 3.16862 3.16862 3.16862 3.16862 0.00000 0.00000 0.00000 0.00000 0.00000 0.00000 0.00000 0.00000 0.00000 0.00000 0.00000 0.00000 0.00000 0.00000 0.00000 0.00000 0.00000 0.00000 0.00000 0.00000 0.00000 0.00000 0.00000 0.00000 0.00000 0.00000 0.00000 0.00000 0.00000 0.00000 0.00000 0.00000 0.00000 0.00000 0.00000
3.62432 3.64772 3.67054 3.67747 3.67747 3.67747 3.67747 3.67747 3.67747 3.67747 3.67747 3.67747 3.67747 3.67747 3.43843 3.13075 3.16862 3.16862 3.16862 3.16862 3.16862 3.16862 3.16862 3.16862 3.16862 3.16862 3.16862 3.16862 3.16862 3.16862 3.16862 0.00000 0.00000 0.00000 0.00000 0.00000 0.00000 0.00000 0.00000 0.00000 0.00000 0.00000 0.00000 0.00000 0.00000 0.00000 0.00000 0.00000 0.00000 0.00000 0.00000 0.00000 0.00000 0.00000 0.00000 0.00000 0.00000 0.00000 0.00000 0.00000 0.00000 0.00000 0.00000 0.00000 0.00000 0.00000
3.72196 3.67747 3.67747 3.67747 3.67747 3.67747 3.67747 3.67747 3.67747 3.67747 3.67747 3.67747 3.67747 3.67747 3.57148 3.10586 3.16862 3.16862 3.16862 3.16862 3.16862 3.16862 3.16862 3.16862 3.16862 3.16862 3.16862 3.16862 3.16862 3.16862 3.16862 3.16862 0.00000 0.00000 0.00000 0.00000 0.00000 0.00000 0.00000 0.00000 0.00000 0.00000 0.00000 0.00000 0.00000 0.00000 0.00000 0.00000 0.00000 0.00000 0.00000 0.00000 0.00000 0.00000 0.00000 0.00000 0.00000 0.00000 0.00000 0.00000 0.00000 0.00000 0.00000 0.00000 0.00000 0.00000
3.83166 3.67747 3.67747 3.67747 3.67747 3.67747 3.67747 3.67747 3.67747 3.67747 3.67747 3.67747 3.67747 3.67747 3.66179 3.10562 3.16745 3.16862 3.16862 3.16862 3.16862 3.16862 3.16862 3.16862 3.16862 3.16862 3.16862 3.16862 3.16862 3.10454 2.97480 2.80112 0.00000 0.00000 0.00000 0.00000 0.00000 0.00000 0.00000 0.00000 0.00000 0.00000 0.00000 0.00000 0.00000 0.00000 0.00000 0.00000 0.00000 0.00000 0.00000 0.00000 0.00000 0.00000 0.00000 0.00000 0.00000 0.00000 0.00000 0.00000 0.00000 0.00000 0.00000 0.00000 0.00000 0.00000
3.98627 3.67747 3.67747 3.67747 3.67747 3.67747 3.67747 3.67747 3.67747 3.67747 3.67747 3.67747 3.67747 3.67747 3.67747 3.30767 3.14856 3.16862 3.16862 3.16862 3.16862 3.16862 3.16862 3.12187 2.99334 2.86352 2.73384 2.60394 2.47427 2.40852 2.40852 2.40852 0.00000 0.00000 0.00000 0.00000 0.00000 0.00000 0.00000 0.00000 0.00000 0.00000 0.00000 0.00000 0.00000 0.00000 0.00000 0.00000 0.00000 0.00000 0.00000 0.00000 0.00000 0.00000 0.00000 0.00000 0.00000 0.00000 0.00000 0.00000 0.00000 0.00000 0.00000 0.00000 0.00000 0.00000
4.20464 3.68143 3.67747 3.67747 3.67747 3.67747 3.67747 3.67747 3.67747 3.67747 3.67747 3.67747 3.67747 3.67747 3.66303 3.41749 3.12370 3.13624 3.01204 2.88229 2.75254 2.62272 2.49305 2.40989 2.40852 2.40852 2.40852 2.40852 2.40852 2.40852 2.40852 2.40852 0.00000 0.00000 0.00000 0.00000 0.00000 0.00000 0.00000 0.00000 0.00000 0.00000 0.00000 0.00000 0.00000 0.00000 0.00000 0.00000 0.00000 0.00000 0.00000 0.00000 0.00000 0.00000 0.00000 0.00000 0.00000 0.00000 0.00000 0.00000 0.00000 0.00000 0.00000 0.00000 0.00000 0.00000
4.27877 3.75163 3.67747 3.67747 3.67747 3.67747 3.67747 3.67747 3.67256 3.62397 3.55483 3.46181 3.26668 2.99003 2.68985 2.54358 2.43309 2.41415 2.40852 2.40852 2.40852 2.40852 2.40852 2.40852 2.40852 2.40852 2.40852 2.40852 2.40852 2.40852 2.40852 2.40852 2.40852 0.00000 0.00000 0.00000 0.00000 0.00000 0.00000 0.00000 0.00000 0.00000 0.00000 0.00000 0.00000 0.00000 0.00000 0.00000 0.00000 0.00000 0.00000 0.00000 0.00000 0.00000 0.00000 0.00000 0.00000 0.00000 0.00000 0.00000 0.00000 0.00000 0.00000 0.00000 0.00000 0.00000
4.27877 3.87259 3.67701 3.64223 3.57709 3.49674 3.33745 3.08358 2.76618 2.58688 2.45062 2.32536 2.30150 2.30150 2.30150 2.30150 2.30398 2.40362 2.40852 2.40852 2.40852 2.40852 2.40852 2.40852 2.40852 2.40852 2.40852 2.40852 2.40852 2.40852 2.40852 2.40852 2.40852 0.00000 0.00000 0.00000 0.00000 0.00000 0.00000 0.00000 0.00000 0.00000 0.00000 0.00000 0.00000 0.00000 0.00000 0.00000 0.00000 0.00000 0.00000 0.00000 0.00000 0.00000 0.00000 0.00000 0.00000 0.00000 0.00000 0.00000 0.00000 0.00000 0.00000 0.00000 0.00000 0.00000
4.27877 3.60939 2.86042 2.63026 2.49384 2.35805 2.30150 2.30150 2.30150 2.30150 2.30150 2.30150 2.30150 2.30150 2.30150 2.30150 2.30150 2.37742 2.40852 2.40852 2.40852 2.40852 2.40852 2.40852 2.40852 2.40852 2.40852 2.40852 2.40852 2.40852 2.40852 2.40852 2.40852 0.00000 0.00000 0.00000 0.00000 0.00000 0.00000 0.00000 0.00000 0.00000 0.00000 0.00000 0.00000 0.00000 0.00000 0.00000 0.00000 0.00000 0.00000 0.00000 0.00000 0.00000 0.00000 0.00000 0.00000 0.00000 0.00000 0.00000 0.00000 0.00000 0.00000 0.00000 0.00000 0.00000
0.00000 2.30150 2.30150 2.30150 2.30150 2.30150 2.30150 2.30150 2.30150 2.30150 2.30150 2.30150 2.30150 2.30150 2.30150 2.30150 2.30150 2.34872 2.40852 2.40852 2.40852 2.40852 2.40852 2.40852 2.40852 2.40852 2.40852 2.40852 2.40852 2.40852 2.40852 2.40852 2.40852 0.00000 0.00000 0.00000 0.00000 0.00000 0.00000 0.00000 0.00000 0.00000 0.00000 0.00000 0.00000 0.00000 0.00000 0.00000 0.00000 0.00000 0.00000 0.00000 0.00000 0.00000 0.00000 0.00000 0.00000 0.00000 0.00000 0.00000 0.00000 0.00000 0.00000 0.00000 0.00000 0.00000
0.00000 0.00000 2.30150 2.30150 2.30150 2.30150 2.30150 2.30150 2.30150 2.30150 2.30150 2.30150 2.30150 2.30150 2.30150 2.30150 2.30150 2.32003 2.40852 2.40852 2.40852 2.40852 2.40852 2.40852 2.40852 2.40852 2.40852 2.40852 2.40852 2.40852 2.40852 2.40852 2.39946 2.36266 0.00000 0.00000 0.00000 0.00000 0.00000 0.00000 0.00000 0.00000 0.00000 0.00000 0.00000 0.00000 0.00000 0.00000 0.00000 0.00000 0.00000 0.00000 0.00000 0.00000 0.00000 0.00000 0.00000 0.00000 0.00000 0.00000 0.00000 0.00000 0.00000 0.00000 0.00000 0.00000
0.00000 0.00000 2.30150 2.30150 2.30150 2.30150 2.30150 2.30150 2.30150 2.30150 2.30150 2.30150 2.30150 2.30150 2.30150 2.30150 2.30150 2.30181 2.39808 2.40852 2.40852 2.40852 2.40852 2.40852 2.40852 2.40852 2.40192 2.37759 2.35229 2.32699 2.30168 2.27638 2.26015 2.25987 0.00000 0.00000 0.00000 0.00000 0.00000 0.00000 0.00000 0.00000 0.00000 0.00000 0.00000 0.00000 0.00000 0.00000 0.00000 0.00000 0.00000 0.00000 0.00000 0.00000 0.00000 0.00000 0.00000 0.00000 0.00000 0.00000 0.00000 0.00000 0.00000 0.00000 0.00000 0.00000
0.00000 0.00000 2.30150 2.30150 2.30150 2.30150 2.30150 2.30150 2.30150 2.30150 2.30150 2.30150 2.30150 2.30150 2.30150 2.30150 2.30150 2.30150 2.36968 2.40852 2.40399 2.38073 2.35542 2.33012 2.30481 2.27950 2.26083 2.25987 2.25987 2.25987 2.25987 2.25987 2.25987 2.25987 0.00000 0.00000 0.00000 0.00000 0.00000 0.00000 0.00000 0.00000 0.00000 0.00000 0.00000 0.00000 0.00000 0.00000 0.00000 0.00000 0.00000 0.00000 0.00000 0.00000 0.00000 0.00000 0.00000 0.00000 0.00000 0.00000 0.00000 0.00000 0.00000 0.00000 0.00000 0.00000
0.00000 0.00000 2.30150 2.30150 2.30150 2.30150 2.30150 2.30150 2.30150 2.30150 2.30150 2.30150 2.30150 2.30150 2.32125 2.59549 2.94696 3.29883 3.17205 2.28267 2.26190 2.25987 2.25987 2.25987 2.25987 2.25987 2.25987 2.25987 2.25987 2.25987 2.25987 2.25987 2.25987 2.25987 2.25987 0.00000 0.00000 0.00000 0.00000 0.00000 0.00000 0.00000 0.00000 0.00000 0.00000 0.00000 0.00000 0.00000 0.00000 0.00000 0.00000 0.00000 0.00000 0.00000 0.00000 0.00000 0.00000 0.00000 0.00000 0.00000 0.00000 0.00000 0.00000 0.00000 0.00000 0.00000
0.00000 0.00000 0.00000 2.30150 2.30150 2.30150 2.30150 2.30150 2.30150 2.48052 2.83260 3.18427 3.53594 3.88781 4.21952 4.29736 4.29736 4.29736 4.08666 2.26374 2.25987 2.25987 2.25987 2.25987 2.25987 2.25987 2.25987 2.25987 2.25987 2.25987 2.25987 2.25987 2.25987 2.25987 2.25987 0.00000 0.00000 0.00000 0.00000 0.00000 0.00000 0.00000 0.00000 0.00000 0.00000 0.00000 0.00000 0.00000 0.00000 0.00000 0.00000 0.00000 0.00000 0.00000 0.00000 0.00000 0.00000 0.00000 0.00000 0.00000 0.00000 0.00000 0.00000 0.00000 0.00000 0.00000
0.00000 0.00000 0.00000 2.43037 2.71763 3.06990 3.42118 3.77305 4.12512 4.29736 4.29736 4.29736 4.29736 4.29736 4.29736 4.29736 4.29736 4.29736 4.29736 2.59853 2.25987 2.25987 2.25987 2.25987 2.25987 2.25987 2.25987 2.25987 2.25987 2.25987 2.25987 2.25987 2.25987 2.25987 2.25987 0.00000 0.00000 0.00000 0.00000 0.00000 0.00000 0.00000 0.00000 0.00000 0.00000 0.00000 0.00000 0.00000 0.00000 0.00000 0.00000 0.00000 0.00000 0.00000 0.00000 0.00000 0.00000 0.00000 0.00000 0.00000 0.00000 0.00000 0.00000 0.00000 0.00000 0.00000
0.00000 0.00000 0.00000 4.29736 4.29736 4.29736 4.29736 4.29736 4.29736 4.29736 4.29736 4.29736 4.29736 4.29736 4.29736 4.29736 4.29736 4.29736 4.29736 3.14373 2.25987 2.25987 2.25987 2.25987 2.25987 2.25987 2.25987 2.25987 2.25987 2.25987 2.25987 2.25987 2.25987 2.25987 2.25987 0.00000 0.00000 0.00000 0.00000 0.00000 0.00000 0.00000 0.00000 0.00000 0.00000 0.00000 0.00000 0.00000 0.00000 0.00000 0.00000 0.00000 0.00000 0.00000 0.00000 0.00000 0.00000 0.00000 0.00000 0.00000 0.00000 0.00000 0.00000 0.00000 0.00000 0.00000
