High_resolution/powerplant/Fengdu/OMI_NO2_200802.asc
ncols      200
nrows      200
xllcorner       105.978
yllcorner       28.1831
cellsize     0.0166667
NODATA_Value      -999.000
[rows 116 to 144 of 200, columns 66 to 131 of 200]
3.81697 3.73562 3.65791 3.63806 3.63806 3.63806 3.63806 3.63806 3.63806 4.72738 5.20675 5.20675 5.20675 5.20675 5.20675 4.81149 4.23750 4.23750 4.18183 3.79829 3.25451 2.53044 1.51914 0.845808 0.845808 0.845808 0.845808 0.845808 1.59338 1.70264 1.70264 1.96134 2.55948 2.55948 2.55948 2.55948 2.55948 2.55948 2.55948 2.55948 2.55948 2.55948 2.55948 2.55948 2.55948 2.55948 1.30101 1.24409 1.37526 1.37526 1.37526 1.37526 1.37526 1.37526 1.42268 1.55287 1.68446 1.81598 1.94770 2.01187 2.01187 2.01187 1.75337 1.28976 1.14101 1.10627
3.63806 3.63806 3.63806 3.63806 3.63806 3.63806 3.63806 3.63806 3.63806 4.25908 5.20675 5.20675 5.20675 5.20578 5.04042 4.54267 2.88968 2.02772 0.998966 0.845808 0.845808 0.845808 0.845808 0.845808 0.845808 0.845808 0.845808 0.845808 1.40136 1.70264 1.70264 1.79191 2.55948 2.55948 2.55948 2.55948 2.55948 2.55948 2.55948 2.55948 2.55948 2.55948 2.55948 2.55948 2.55948 2.55948 1.98792 1.00988 1.37526 1.40626 1.53142 1.66300 1.79459 1.92631 2.01034 2.01187 2.01187 2.01187 2.01187 2.01187 2.01187 2.01187 1.94557 1.29307 1.20893 1.10627
3.63832 3.63806 3.63806 3.63806 3.63806 3.63806 3.63806 3.63806 3.63806 3.78322 4.86365 4.46673 3.93588 3.19411 2.78430 2.78430 1.13232 0.845808 0.845808 0.845808 0.845808 0.845808 0.845808 0.845808 0.845808 0.845808 0.845808 0.845808 1.17230 1.91378 2.05092 2.23351 2.55948 2.55948 2.55948 2.55948 2.55948 2.55948 2.55948 2.55948 2.55948 2.55948 2.55948 2.55948 2.51726 2.16567 1.71383 1.27243 1.90473 2.00544 2.01187 2.01187 2.01187 2.01187 2.01187 2.01187 2.01187 2.01187 2.01187 2.01187 2.01187 2.01187 2.01187 1.42207 1.25429 1.10627
3.71246 3.63806 3.63806 3.63806 3.63806 3.58439 3.46028 3.29667 3.07126 2.81367 2.78430 2.78430 2.78430 2.78430 2.78430 2.78430 1.67064 0.845808 0.845808 0.845808 0.845808 0.845808 0.845808 0.845808 0.845808 0.845808 0.845808 0.845808 2.55948 2.55948 2.55948 2.55948 2.55948 2.55948 2.55948 2.55948 2.55948 2.55948 2.55948 2.55462 2.28922 1.87524 1.46150 1.04765 0.675818 0.613749 0.613749 1.21501 1.99923 2.01187 2.01187 2.01187 2.01187 2.01187 2.01187 2.01187 2.01187 2.01187 2.01187 2.01187 2.01187 2.01187 2.01187 1.61724 1.28424 1.09731
3.87221 3.53684 3.39824 3.21269 2.95130 2.78430 2.78430 2.78430 2.78430 2.78430 2.78430 2.78430 2.78430 2.78430 2.78430 2.78430 2.22179 0.845808 0.845808 0.845808 0.845808 0.845808 0.00000 0.00000 0.00000 0.00000 0.00000 0.00000 0.00000 2.55948 2.55948 2.55948 2.55948 2.55948 2.55948 2.40849 1.99911 1.58486 1.17120 0.762209 0.613749 0.613749 0.613749 0.613749 0.613749 0.613749 0.613749 0.933572 1.91866 2.01187 2.01187 2.01187 2.01187 2.01187 2.01187 2.01187 2.01187 2.01187 2.01164 1.98348 1.93598 1.88851 1.84101 1.63911 1.22633 1.07150
2.98189 2.78430 2.78430 2.78430 2.78430 2.78430 2.78430 2.78430 2.78430 2.78430 2.78430 2.78430 2.78430 2.78430 2.78430 2.78430 2.78430 0.00000 0.00000 0.00000 0.00000 0.00000 0.00000 0.00000 0.00000 0.00000 0.00000 0.00000 0.00000 2.55948 2.49547 2.12247 1.70881 1.29476 0.880704 0.618030 0.613749 0.613749 0.613749 0.613749 0.613749 0.613749 0.613749 0.613749 0.613749 0.613749 0.613749 0.690287 1.79389 2.01187 2.01187 2.01187 2.01187 1.99056 1.94317 1.89565 1.84817 1.80070 1.75337 1.73409 1.73409 1.73409 1.73409 1.71494 1.23829 1.14667
2.78430 2.78430 2.78430 2.78430 2.78430 2.78430 2.78430 2.78430 2.78430 2.78430 2.78430 2.78430 0.00000 0.00000 0.00000 0.00000 0.00000 0.00000 0.00000 0.00000 0.00000 0.00000 0.00000 0.00000 0.00000 0.00000 0.00000 0.00000 0.00000 1.32387 0.655768 0.613749 0.613749 0.613749 0.613749 0.613749 0.613749 0.613749 0.613749 0.613749 0.613749 0.613749 0.613749 0.613749 0.613749 0.613749 0.613749 0.613749 1.45736 1.90281 1.85534 1.80781 1.76037 1.73415 1.73409 1.73409 1.73409 1.73409 1.73409 1.73409 1.73409 1.73425 1.82297 1.98787 1.77505 1.73174
0.00000 2.78430 2.78430 2.78430 2.78430 2.78430 0.00000 0.00000 0.00000 0.00000 0.00000 0.00000 0.00000 0.00000 0.00000 0.00000 0.00000 0.00000 0.00000 0.00000 0.00000 0.00000 0.00000 0.00000 0.00000 0.00000 0.00000 0.00000 0.00000 0.00000 0.613749 0.613749 0.613749 0.613749 0.613749 0.613749 0.613749 0.613749 0.613749 0.613749 0.613749 0.613749 0.613749 0.613749 0.613749 0.613749 0.613749 0.613749 1.04703 1.71813 1.73409 1.73409 1.73409 1.73409 1.73409 1.73409 1.73409 1.79862 1.96232 2.12706 2.29204 2.45662 2.53264 2.53264 2.29273 2.02032
0.00000 0.00000 0.00000 0.00000 0.00000 0.00000 0.00000 0.00000 0.00000 0.00000 0.00000 0.00000 0.00000 0.00000 0.00000 0.00000 0.00000 0.00000 0.00000 0.00000 0.00000 0.00000 0.00000 0.00000 0.00000 0.00000 0.00000 0.00000 0.00000 0.00000 0.613749 0.613749 0.613749 0.613749 0.613749 0.613749 0.613749 0.613749 0.613749 0.613749 0.613749 0.613749 0.613749 0.613749 0.613749 0.613749 0.613749 0.613749 0.797027 1.67172 1.73409 1.73409 1.77809 1.93684 2.10166 2.26648 2.43130 2.53160 2.53264 2.53264 2.53264 2.53264 2.53264 2.53264 2.43018 2.02147
0.00000 0.00000 0.00000 0.00000 0.00000 0.00000 0.00000 0.00000 0.00000 0.00000 0.00000 0.00000 0.00000 0.00000 0.00000 0.00000 0.00000 0.00000 0.00000 0.00000 0.00000 0.00000 0.00000 0.00000 0.00000 0.00000 0.00000 0.00000 0.00000 0.00000 1.30193 1.21633 1.62136 1.93072 0.773454 0.613749 0.613749 0.613749 0.613749 0.613749 0.613749 0.613749 0.613749 0.613749 0.613749 0.613749 0.613749 0.677237 1.09440 2.08731 2.24101 2.40583 2.52665 2.53264 2.53264 2.53264 2.53264 2.53264 2.53264 2.53264 2.53264 2.53264 2.53264 2.53264 2.52855 2.06078
0.00000 0.00000 0.00000 0.00000 0.00000 0.00000 0.00000 0.00000 0.00000 0.00000 0.00000 0.00000 0.00000 0.00000 0.00000 0.00000 0.00000 0.00000 0.00000 0.00000 0.00000 0.00000 0.00000 0.00000 4.27575 4.27575 4.27575 4.27575 4.27575 4.27575 4.27575 2.60516 2.44475 2.44475 1.44795 0.613749 0.613749 0.613749 0.613749 0.613749 0.613749 0.613749 0.625055 0.946843 1.40996 1.87263 2.33597 2.73537 2.78799 2.89713 2.53480 2.53264 2.53264 2.53264 2.53264 2.53264 2.53264 2.53264 2.53264 2.53264 2.53264 2.53264 2.53264 2.53264 2.53264 2.19415
0.00000 0.00000 0.00000 0.00000 0.00000 0.00000 0.00000 0.00000 0.00000 0.00000 0.00000 0.00000 0.00000 0.00000 0.00000 0.00000 0.00000 0.00000 0.00000 4.27575 4.27575 4.27575 4.27575 4.27575 4.27575 4.27575 4.27575 4.27575 4.27575 4.27575 4.27575 2.98168 2.44475 2.44475 1.94104 0.613749 0.613749 0.613749 0.807474 1.26907 1.73218 2.19507 2.64688 2.78799 2.78799 2.78799 2.78799 2.78799 2.78799 2.88533 2.59318 2.53264 2.53264 2.53264 2.53264 2.53264 2.53264 2.53264 2.53264 2.53264 2.53264 2.53264 2.49710 2.41437 2.33135 2.24780
0.00000 0.00000 0.00000 0.00000 0.00000 0.00000 0.00000 0.00000 0.00000 0.00000 0.00000 0.00000 0.00000 0.00000 2.69356 2.69356 2.69356 2.69356 2.81166 4.26380 4.27575 4.27575 4.27575 4.27575 4.27575 4.27575 4.27575 4.27575 4.27575 4.27575 4.27575 3.53401 2.44475 2.48802 2.56718 1.59129 2.05440 2.51708 2.78647 2.78799 2.78799 2.78799 2.78799 2.78799 2.78799 2.78799 2.78799 2.78799 2.78799 2.80737 2.69720 2.53264 2.53264 2.53264 2.53264 2.53264 2.50830 2.42756 2.34449 2.26152 2.17850 2.09548 2.04796 2.04771 2.04771 2.09804
0.00000 0.00000 0.00000 0.00000 0.00000 0.00000 0.00000 0.00000 2.69356 2.69356 2.69356 2.69356 2.69356 2.69356 2.69356 2.69356 2.69356 2.69356 2.69356 3.95340 4.27575 4.27575 4.27575 4.27575 4.27575 4.27575 4.27575 4.27575 4.27575 4.27575 4.27575 4.20615 3.34235 3.51437 3.53157 2.94323 2.78799 2.78799 2.78799 2.78799 2.78799 2.78799 2.78799 2.78799 2.78799 2.78799 2.78799 2.78799 2.78799 2.78799 2.77786 2.44070 2.35768 2.27471 2.19164 2.10862 2.04999 2.04771 2.04771 2.04771 2.04771 2.04771 2.04771 2.04771 2.04715 1.97968
0.00000 0.00000 0.00000 2.69356 2.69356 2.69356 2.69356 2.69356 2.69356 2.69356 2.69356 2.69356 2.69356 2.69356 2.69356 2.69356 2.69356 2.69356 2.69356 3.51330 4.27575 4.27575 4.27575 4.27575 4.27575 4.27575 4.27575 4.27575 4.27575 4.27575 4.27575 4.27575 3.67967 3.53187 3.53187 3.20480 2.78799 2.78799 2.78799 2.78799 2.78799 2.78799 2.78799 2.78799 2.78307 2.69029 2.59242 2.51781 2.45896 2.41145 2.43417 2.06813 2.04771 2.04771 2.04771 2.04771 2.04771 2.04771 2.04771 2.04771 1.99844 1.86836 1.70227 1.48272 1.18119 1.02453
0.00000 0.00000 0.00000 2.69356 2.69356 2.69356 2.69356 2.69356 2.69356 2.69356 2.69356 2.69356 2.69356 2.69356 2.69356 2.69356 2.69356 2.69356 2.69356 3.07305 4.27575 4.27575 4.27575 4.27575 4.27575 4.27575 4.27575 4.27575 4.27575 4.27575 4.27575 4.27575 3.86953 3.53187 3.53187 3.38102 2.78799 2.78799 2.78799 2.72939 2.62164 2.54039 2.47695 2.42617 2.38583 2.37567 2.37567 2.37567 2.37567 2.37567 2.40188 2.18399 2.04771 2.04771 2.04771 2.01427 1.89130 1.73192 1.52250 1.23559 1.02514 1.02453 1.02453 1.02453 1.02453 1.02453
0.00000 0.00000 0.00000 2.69356 2.69356 2.69356 2.69356 2.69356 2.69356 2.69356 2.69356 2.69356 2.69356 2.69356 2.69356 2.69356 2.69356 2.69356 2.69356 2.72236 4.18636 4.27575 4.27575 4.27575 4.27575 4.27575 4.27575 4.27575 4.27575 4.27575 4.27575 4.27575 4.15329 3.52530 3.45582 3.31993 2.49991 2.44188 2.39744 2.37576 2.37567 2.37567 2.37567 2.37567 2.37567 2.37567 2.37567 2.37567 2.37567 2.37567 2.33970 2.17567 1.76030 1.56033 1.28866 1.03431 1.02453 1.02453 1.02453 1.02453 1.02453 1.02453 1.02453 1.02453 1.02453 1.02453
0.00000 0.00000 0.00000 2.69356 2.69356 2.69356 2.69356 2.69356 2.69356 2.69356 2.69356 2.69356 2.69356 2.69356 2.69356 2.69356 2.69356 2.69356 2.69356 2.69356 3.77510 4.27575 4.27575 4.27575 4.27575 4.27575 4.27575 4.27575 4.27575 4.27575 4.27575 4.27575 4.27575 2.82724 2.78799 2.78799 2.42438 2.37567 2.37567 2.37567 2.37567 2.37567 2.37567 2.37567 2.37567 2.36644 2.21324 2.01085 1.80865 1.60635 1.44030 1.54762 1.02453 1.02453 1.02453 1.02453 1.02453 1.02453 1.02453 1.02453 1.02453 1.02453 1.02453 1.02453 1.02453 1.02453
0.00000 0.00000 0.00000 0.00000 2.69356 2.69356 2.69356 2.69356 2.69356 2.69356 2.69356 2.69356 2.69356 2.69356 2.69356 2.69356 2.69356 2.69356 2.69356 2.69356 3.33489 4.27575 4.27575 4.27575 4.27575 4.27575 4.27575 4.27575 0.00000 0.00000 0.00000 0.00000 0.00000 2.78799 2.78799 2.78799 2.50810 2.37567 2.37567 2.37567 2.37567 2.27329 2.07099 1.86859 1.66629 1.47332 1.42412 1.42412 1.42412 1.42412 1.42412 1.52545 1.12630 1.02453 1.02453 1.02453 1.02453 1.02453 1.02453 1.02453 1.02453 1.02453 1.02453 1.02453 1.02453 1.08413
0.00000 0.00000 0.00000 0.00000 2.69356 2.69356 2.69356 2.69356 2.69356 2.69356 2.69356 2.69356 2.69356 2.69356 2.69356 2.69356 2.69356 2.68434 2.65890 2.63317 2.72233 4.27391 4.27575 0.00000 0.00000 0.00000 0.00000 0.00000 0.00000 0.00000 0.00000 0.00000 0.00000 2.78799 2.78799 2.78799 2.54689 2.13103 1.92864 1.72634 1.52404 1.42412 1.42412 1.42412 1.42412 1.42412 1.42412 1.42412 1.42412 1.42412 1.42412 1.43875 1.36940 1.02453 1.02453 1.02453 1.02453 1.02453 1.02453 1.06216 1.23118 1.41135 1.59151 1.77178 1.95195 2.07251
0.00000 0.00000 0.00000 0.00000 2.69356 2.69356 2.69356 2.69356 2.69356 2.69356 2.69356 2.69323 2.67657 2.65083 2.62508 2.59933 2.57358 2.55707 2.55677 2.55677 2.55677 2.55677 0.00000 0.00000 0.00000 0.00000 0.00000 0.00000 0.00000 0.00000 0.00000 1.58246 1.58246 1.59929 1.65369 1.20461 0.921399 1.40893 1.42412 1.42412 1.42412 1.42412 1.42412 1.42412 1.42412 1.42412 1.42412 1.42412 1.42412 1.42412 1.42412 1.42412 1.48207 1.04524 1.20112 1.38129 1.56156 1.74172 1.92189 2.06442 2.07567 2.07567 2.07567 2.07567 2.07567 2.07567
0.00000 0.00000 0.00000 0.00000 0.00000 2.69356 2.69068 2.66849 2.64274 2.61700 2.59125 2.56584 2.55677 2.55677 2.55677 2.55677 2.55677 2.55677 2.55677 2.55677 2.55677 2.55677 0.00000 0.00000 0.00000 0.00000 0.00000 1.58246 1.58246 1.58246 1.58246 1.58246 1.58246 1.58246 1.14970 0.884891 0.884891 1.32472 1.42412 1.42412 1.42412 1.42412 1.42412 1.42412 1.42412 1.42412 1.42412 1.42605 1.52166 1.66967 1.81718 1.96461 2.39618 2.06089 2.07567 2.07567 2.07567 2.07567 2.07567 2.07567 2.07567 2.07567 2.07567 2.02285 1.93847 1.87716
0.00000 0.00000 0.00000 0.00000 0.00000 2.58295 2.56033 2.55677 2.55677 2.55677 2.55677 2.55677 2.55677 2.55677 2.55677 2.55677 2.55677 2.55677 2.55677 2.55677 2.55677 2.55677 1.58246 1.58246 1.58246 1.58246 1.58246 1.58246 1.58246 1.58246 1.58246 1.58246 1.58246 1.58246 1.35284 0.884891 0.884891 1.20054 1.42412 1.42412 1.42412 1.42412 1.47427 1.61961 1.76704 1.91472 2.06256 2.20807 2.25989 2.25989 2.25989 2.25989 2.38385 2.37666 2.07567 2.07567 2.07567 2.07567 2.03666 1.94934 1.88522 1.83675 1.79886 1.78223 1.78223 1.78223
0.00000 0.00000 0.00000 0.00000 0.00000 2.55677 2.55677 2.55677 2.55677 2.55677 2.55677 2.55677 2.55677 2.55677 2.55677 2.55677 2.55677 2.55677 2.46188 2.31640 2.21218 2.12253 1.60647 1.58246 1.58246 1.58246 1.58246 1.58246 1.58246 1.58246 1.58246 1.58246 1.58246 1.58246 1.54213 0.898703 0.884891 1.02991 1.71739 1.86482 2.01242 2.16001 2.25763 2.25989 2.25989 2.25989 2.25989 2.25989 2.25989 2.25989 2.25989 2.25989 2.26044 2.54264 1.96074 1.89361 1.84320 1.80397 1.78267 1.78223 1.78223 1.78223 1.78223 1.78223 1.78223 1.78223
0.00000 0.00000 0.00000 0.00000 0.00000 2.55677 2.55677 2.55677 2.55677 2.55677 2.55677 2.55677 2.55677 2.55677 2.55677 2.55677 2.28517 2.09848 2.06961 2.06961 2.06961 2.06961 1.78011 1.58246 1.58246 1.58246 1.58246 1.58246 1.58246 1.58246 1.58246 1.58246 1.58246 1.58246 1.58246 1.06139 0.884891 0.884891 2.16036 2.25989 2.25989 2.25989 2.25989 2.25989 2.25989 2.25989 2.25989 2.25989 2.27063 2.40204 2.60417 2.86787 3.22750 2.56755 1.78223 1.78223 1.78223 1.78223 1.78223 1.78223 1.78223 1.78223 1.78223 1.78223 1.78223 1.78223
0.00000 0.00000 0.00000 0.00000 0.00000 0.00000 2.55677 2.55677 2.55677 2.55677 2.55677 2.55677 2.55677 2.55677 2.55677 2.55677 2.33517 2.06961 2.06961 2.06961 2.06961 2.06961 1.92034 1.58246 1.58246 1.58246 1.58246 1.58246 1.58246 1.58246 1.58246 1.58246 1.58246 1.58246 1.58246 1.26444 0.884891 0.884891 1.90739 2.25989 2.25989 2.25989 2.25989 2.26037 2.35015 2.53753 2.78000 3.10585 3.52708 3.63488 3.63488 3.63488 3.63488 3.10115 1.81037 1.78223 1.78223 1.78223 1.78223 1.78223 1.78223 1.78223 1.78223 1.78223 1.78223 1.78223
0.00000 0.00000 0.00000 0.00000 0.00000 0.00000 2.55677 2.55677 2.55677 2.55677 2.55677 2.55677 2.55677 2.55677 2.55677 2.55677 2.52210 2.07869 2.06961 2.06961 2.05048 1.99185 1.88762 1.58246 1.58246 1.58246 1.58246 1.58246 1.58246 1.58246 1.58246 1.58246 1.58246 1.58246 1.58246 1.46750 0.884891 0.884891 1.54934 2.30549 2.47605 2.69959 2.99605 3.40689 3.63488 3.63488 3.63488 3.63488 3.63488 3.63488 3.63488 3.63488 3.63488 3.54779 2.00440 1.78223 1.78223 1.78223 1.78223 1.78223 1.78223 1.78223 1.78781 1.83026 1.87940 1.92858
0.00000 0.00000 0.00000 0.00000 0.00000 0.00000 2.55677 2.55677 2.55677 2.55677 2.55677 2.55677 2.55677 2.55677 2.55588 2.48185 2.36229 1.96932 1.85262 1.79276 1.75197 1.75079 1.75035 1.61000 1.58246 1.58246 1.58246 1.58246 1.58246 1.58246 1.58246 1.58246 1.58246 1.58246 1.58246 1.58193 0.948525 0.884891 1.66201 3.62016 3.63488 3.63488 3.63488 3.63488 3.63488 3.63488 3.63488 3.63488 3.63488 3.63488 3.63488 3.63488 3.63488 3.63488 2.32266 1.78223 1.78452 1.82186 1.87101 1.92021 1.96933 2.01853 2.06206 2.06880 2.06880 2.06880
0.00000 0.00000 0.00000 0.00000 0.00000 0.00000 0.00000 2.55677 2.55677 2.54472 2.44308 2.32320 2.20364 2.08377 1.96504 1.91913 1.91913 1.82098 1.75079 1.75079 1.75079 1.75079 1.75079 1.67159 1.58246 1.58246 1.58246 1.58246 1.58246 1.58246 1.58246 1.58246 1.58246 1.58246 1.58246 0.00000 0.00000 0.00000 0.00000 3.63488 3.63488 3.63488 3.63488 3.63488 3.63488 3.63488 3.63488 3.63488 3.63488 3.63488 3.63488 3.63923 3.64761 3.65600 2.84028 2.01008 2.05699 2.06880 2.06880 2.06880 2.06880 2.06880 2.06880 2.06880 2.06880 2.06900
