High_resolution/powerplant/Fengdu/OMI_NO2_200703.asc
ncols      200
nrows      200
xllcorner       105.978
yllcorner       28.1831
cellsize     0.0166667
NODATA_Value      -999.000
[rows 116 to 144 of 200, columns 0 to 64 of 200]
4.57268 4.76082 4.75846 4.73048 4.69552 4.67266 4.65934 4.64667 4.65719 4.67882 4.70044 4.72206 4.74204 4.74604 4.74604 11.3168 14.8522 18.8128 18.6130 18.6130 18.6130 18.6130 18.6130 18.6130 18.6130 18.6130 18.6130 18.6130 18.6130 18.6130 20.5259 23.7809 23.7809 25.0731 25.7720 25.7720 25.7720 25.7720 25.7720 25.7720 25.7720 25.7720 25.7721 28.3025 33.1929 33.1900 19.2459 17.5761 17.5784 9.62000 6.34806 6.34806 6.34806 6.34806 6.34806 6.34806 6.34806 6.34806 6.34806 6.34806 6.34806 5.81464 3.28945 3.28945 3.27894
4.41562 4.71130 4.70028 4.71493 4.73652 4.74604 4.74604 4.74604 4.74604 4.74604 4.74604 4.74604 4.74604 4.74604 4.74604 8.82045 14.8063 17.7905 18.6130 18.6401 18.6901 18.7399 18.7896 18.8397 18.8902 18.9398 18.9898 19.0396 19.0892 19.1394 19.8293 24.4073 24.4574 25.2437 26.5480 26.5981 26.6477 26.6981 26.7504 26.8029 26.8548 26.9072 26.9589 28.1123 33.2053 33.2053 23.0713 17.5785 17.5785 12.7087 6.34806 6.34806 6.34806 6.34806 6.34806 6.34806 6.34806 6.34528 6.27299 6.17123 6.06901 5.94920 3.88513 3.86478 4.01877
4.06528 4.73220 4.74604 4.74604 4.74604 4.74604 4.74604 4.74604 4.74604 4.74604 4.74604 4.74604 4.74604 4.74604 4.74604 6.30538 14.8063 17.2914 20.3319 20.3544 20.3544 20.3544 20.3544 20.3544 20.3544 20.3544 20.3544 20.3544 20.3544 20.3544 20.3544 24.9032 26.3266 27.7303 27.5391 27.5216 27.5238 27.5254 27.5255 27.5255 27.5255 27.5255 27.5255 27.7161 33.1332 33.2053 26.8993 17.5785 17.5785 15.7452 6.19273 6.09087 5.98892 5.88689 5.78512 5.68291 5.58114 5.48198 5.45223 5.45223 5.45223 5.45223 4.95020 4.50058 4.50058
3.82491 4.61044 4.74604 4.74604 4.74604 4.74604 4.74604 4.74604 4.74604 4.74604 4.74604 4.74604 4.74604 4.74604 4.74604 4.76424 13.8526 15.4850 20.3156 20.3544 20.3544 20.3544 20.3544 20.3544 20.3544 20.3544 20.4913 21.5709 22.8304 24.0919 25.3521 29.8620 32.2360 32.2360 28.4079 27.5255 27.5255 27.5255 27.5255 27.5255 27.4700 27.0386 26.5009 25.9139 29.8450 30.5510 26.6880 16.8332 16.7313 16.6737 6.76957 5.45223 5.45223 5.45223 5.45223 5.45223 5.45223 5.45223 5.45223 5.45223 5.45223 5.45223 5.17682 4.50058 4.50058
0.00000 4.49724 4.74604 4.74604 4.74604 4.74604 4.74604 4.74604 4.74604 4.74604 4.74604 4.74604 4.74604 4.74604 4.74604 4.74604 11.3607 14.8092 19.3716 20.3544 20.3544 20.7505 21.9824 23.2446 24.5048 25.7629 26.8882 27.0681 27.0681 27.0681 27.0681 29.0603 32.1348 31.8307 28.7190 25.6964 25.0318 24.3010 23.4914 22.5904 21.7065 21.5637 21.5637 21.5637 24.1384 26.9615 26.9041 17.1485 16.6827 16.6827 9.84895 5.45223 5.45223 5.45223 5.45223 5.45223 5.45223 5.45223 5.45223 5.45223 5.45223 5.45223 5.33536 4.34547 4.16775
0.00000 4.25918 4.74604 4.74604 4.74604 4.74604 4.74604 4.74604 4.74604 4.74604 4.74604 4.74604 4.74604 4.74604 4.74604 4.74602 8.83887 14.7626 19.7789 24.9157 26.1785 27.0412 27.0681 27.0681 27.1160 27.2543 27.4070 27.5747 27.7593 27.9639 28.1914 28.5140 28.6386 28.6294 26.8192 21.5637 21.5637 21.5637 21.5637 21.5637 21.5637 21.5637 21.5637 21.5637 23.1231 26.9615 26.9615 18.6925 16.6827 16.6827 12.9373 5.45223 5.45223 5.45223 5.45223 5.45223 5.45223 5.40527 5.31646 5.22774 5.13885 5.04999 4.95619 3.63418 3.49597
0.00000 3.82900 4.68557 4.74604 4.74604 4.74604 4.74604 4.74604 4.74604 4.74604 4.74551 4.72628 4.69783 4.66935 4.64089 4.61244 6.13424 13.7969 17.4964 27.5764 27.7613 27.9660 28.1939 28.4493 28.6266 28.6294 28.6294 28.6294 28.6294 28.6294 28.6294 28.6294 28.6294 28.6294 28.4550 21.8927 21.5637 21.5637 21.5637 21.5637 21.5637 21.5637 21.5637 21.5637 22.3383 26.9615 26.9615 20.7808 16.6827 16.6827 15.8988 5.55834 5.34710 5.25830 5.16939 5.08068 4.99177 4.94993 4.94993 4.94993 4.94993 4.94993 4.94993 4.12531 3.49597
0.00000 3.82491 4.52122 4.74604 4.74604 4.74429 4.72181 4.69337 4.65108 4.53492 4.40851 4.30072 4.20217 4.10370 4.00516 3.90661 3.84382 5.11578 8.46045 27.4886 28.6294 28.6294 28.6294 28.6294 28.6294 28.6294 28.6294 28.6294 28.6294 28.6294 28.6294 28.6294 28.6294 28.6294 28.6294 23.6839 21.5637 21.5637 21.5637 21.5637 21.5637 21.5637 21.5637 21.5637 21.7266 26.7844 25.0995 20.7720 14.6749 14.0521 13.4718 6.68595 4.93829 4.93701 4.94125 4.94993 4.94993 4.94993 4.94993 4.94993 4.94993 4.94993 4.94993 4.48827 3.49597
0.00000 0.00000 4.09533 4.39149 4.26448 4.13920 4.03467 3.93620 3.85146 3.84061 3.84061 3.84061 3.84061 3.84061 3.84061 3.84061 3.84061 4.59992 6.60077 22.7374 28.6294 28.6294 28.6294 28.6294 28.6294 28.6294 28.6294 28.6294 28.6288 28.5973 28.5519 28.5069 28.4621 28.4170 28.3723 25.3476 21.2168 19.0512 18.3698 17.8876 17.3796 16.7303 16.1084 15.5234 14.9707 14.3562 14.1831 14.1494 11.7049 11.5900 11.5900 8.20358 4.93236 4.93236 4.93555 4.94993 4.94993 4.94993 4.94993 4.94993 4.94993 4.94409 4.87373 4.56936 3.49597
0.00000 0.00000 2.57748 3.82238 3.84061 3.84061 3.84061 3.84061 3.84061 3.84061 3.84061 3.84061 3.84061 3.84061 3.84061 3.84061 3.84061 4.23894 5.39296 16.7076 27.4355 27.3904 27.3451 27.3000 27.2552 27.2101 27.1654 27.1203 27.0763 27.0627 27.0627 27.0627 27.0627 27.0627 27.0689 26.5315 19.4699 15.2333 14.1879 13.9759 13.8110 13.7995 13.7995 13.7995 13.7995 14.0146 14.1831 14.1831 12.1650 11.5900 11.5900 10.0354 4.93168 4.89473 4.83272 4.69287 4.56774 4.42518 4.25909 4.06257 3.82595 3.55913 3.49597 3.49597 3.49597
0.00000 0.00000 2.30765 3.61387 3.84061 3.84061 3.84061 3.84061 3.84061 3.84061 3.84061 3.84061 3.84061 3.84061 3.84061 3.84061 3.84061 3.97781 5.37357 10.8685 27.0287 27.0627 27.0627 27.0627 27.0627 27.0627 27.0627 27.0627 27.0627 27.1465 27.8584 28.7017 29.5441 30.3860 31.2230 31.5458 20.0298 15.4646 13.7995 13.7995 13.7995 13.7995 13.7995 13.7995 13.7995 13.9376 14.1831 14.1831 13.3415 12.9391 13.2678 13.4753 4.81001 4.19660 4.19660 3.73542 3.49597 3.49597 3.49597 3.49597 3.49597 3.49597 3.49597 3.49597 3.49597
0.00000 0.00000 2.30765 3.28802 3.84061 3.84061 3.84061 3.84061 3.84061 3.84061 3.84061 3.84061 3.84061 3.84061 3.84061 3.84061 3.84061 3.84306 5.12507 7.99931 23.9756 27.0627 27.0627 27.0627 27.3097 28.1292 28.9711 29.8139 30.6568 31.4158 31.5458 31.5458 31.5458 31.5458 31.5458 31.5458 23.7243 16.5266 13.7995 13.7995 13.7995 13.7995 13.7995 13.7995 13.7995 13.8720 14.1831 14.1831 14.1831 14.1831 14.1831 14.1831 7.35731 4.19660 4.19660 3.92006 3.49597 3.49597 3.49597 3.49597 3.49597 3.49597 3.49597 3.49597 3.49597
0.00000 0.00000 0.00000 2.87922 3.84061 3.84061 3.84061 3.84061 3.84061 3.84061 3.84061 3.84061 3.84061 3.84061 3.84061 3.84061 3.84061 3.84061 4.60501 7.34396 19.7668 29.2419 30.0843 30.9262 31.5229 31.5458 31.5458 31.5238 30.9136 30.1207 29.4126 28.7762 28.2014 28.9265 31.5458 31.5458 27.4243 17.7922 13.8152 13.7995 13.7995 13.7995 13.7995 13.7995 13.7995 13.8160 14.1806 14.1831 14.1831 14.1831 14.1831 14.1831 10.1036 4.19660 4.19660 4.05406 3.49597 3.49597 3.49597 3.49597 3.48810 3.46982 3.45148 3.43316 3.41481
0.00000 0.00000 0.00000 2.31897 3.75070 3.84061 3.84061 3.84061 3.84061 3.84061 3.84061 3.84061 3.84061 3.84308 3.93748 4.07874 4.22015 4.36129 5.08169 7.50799 15.7371 30.1207 29.4126 28.7762 28.2014 27.6794 27.2034 26.7775 26.6520 26.6520 26.6520 26.6520 26.6520 27.2023 31.5458 31.5458 30.8451 18.5232 14.3176 13.7995 13.7995 13.7995 13.7995 13.7995 13.7995 13.7995 14.1081 14.1831 14.1831 14.1831 14.1831 14.1831 12.8499 4.19660 4.19509 4.14536 3.45796 3.43961 3.42127 3.40295 3.39248 3.39244 3.39244 3.39244 3.39244
0.00000 0.00000 0.00000 2.30765 3.46655 3.84061 3.84061 3.84061 3.84854 3.95873 4.09999 4.24133 4.43457 4.68717 4.84809 4.96198 5.07597 5.18986 6.23545 11.7500 12.6431 26.0496 26.6520 26.6520 26.6520 26.6520 26.6520 26.6520 26.6520 26.6520 26.6520 26.6520 26.6520 26.6611 30.9189 31.5458 31.5458 21.5146 15.1525 13.7995 13.7995 13.7995 13.7995 13.7995 13.7995 13.7995 14.0163 14.1831 14.1789 13.6154 12.6374 11.5960 10.5540 4.58311 3.75433 3.66258 3.38268 3.39244 3.39244 3.39244 3.39244 3.39244 3.39244 3.39244 3.39244
0.00000 0.00000 0.00000 2.30765 3.17367 4.25224 4.50747 4.76266 5.01001 5.15514 5.26903 5.38301 5.44509 5.44518 5.44518 5.44518 5.44518 5.44518 5.46850 11.3079 12.1586 22.4327 26.6520 26.6520 26.6520 26.6520 26.6520 26.6520 26.6520 26.6520 26.6520 26.6520 26.6520 26.6520 29.4518 31.5458 31.5458 25.2093 16.1452 13.7245 13.6690 13.6129 13.5553 13.3851 12.7097 11.9597 10.9137 9.45230 8.41348 7.93505 7.87260 7.87084 7.87084 5.05394 3.04529 3.04529 3.21412 3.39244 3.39244 3.39244 3.39244 3.39244 3.39244 3.39244 3.39244
0.00000 0.00000 0.00000 0.00000 4.25214 5.43275 5.44518 5.44518 5.44518 5.44518 5.44518 5.44518 5.44518 5.44518 5.44518 5.44518 5.44518 5.44518 5.44518 9.73421 11.9938 19.5290 29.6951 29.8918 30.0945 30.3008 30.5128 30.7301 30.9537 31.1846 31.4182 31.6596 31.9056 32.1592 36.3039 47.3514 48.2994 44.1115 19.9279 11.6005 10.6482 9.69893 8.74761 7.95529 7.87084 7.87084 7.87084 7.87084 7.87084 7.87084 7.87084 7.87084 7.87084 6.38216 3.04529 3.04529 3.13939 3.39244 3.39244 3.39244 3.39244 3.39244 3.39244 3.39244 3.39244
0.00000 0.00000 0.00000 0.00000 4.06120 5.25529 5.44518 5.44518 5.44518 5.44518 5.44518 5.44518 5.44518 5.44518 5.44518 5.44518 5.44518 5.44518 5.44518 8.13889 11.8467 15.0497 33.4617 33.4617 33.4617 33.4617 33.4617 33.4617 33.4617 33.4617 33.4617 33.4617 33.3780 32.5036 32.8362 43.8783 41.7420 39.4427 15.2023 8.11175 7.87084 7.87084 7.87084 7.87084 7.87084 7.87084 7.87084 7.87084 7.87084 7.87084 7.87084 7.87084 7.87084 7.61461 3.13987 3.04529 3.08357 3.39244 3.39244 3.39244 3.39244 3.39244 3.39244 3.39244 3.39244
0.00000 0.00000 0.00000 0.00000 4.06120 4.95435 5.44518 5.44518 5.44518 5.44518 5.44518 5.44518 5.44518 5.44518 5.44518 5.44518 5.44518 5.44518 5.44518 6.54944 11.8467 11.8489 30.6194 33.4617 33.4617 33.4617 33.4617 33.1775 32.1481 31.0794 30.0118 28.9437 27.9593 27.7651 27.7951 37.1109 38.6658 38.6658 22.1479 8.84916 7.87084 7.87084 7.87084 7.87084 7.87084 7.87084 7.87084 7.87084 7.87084 7.87084 7.87084 7.87084 7.87084 7.87084 4.21066 3.04529 3.04804 3.36248 3.39244 3.39244 3.39244 3.39244 3.39244 3.39244 3.39244
0.00000 0.00000 0.00000 0.00000 4.06120 4.52213 5.44518 5.44518 5.44518 5.44518 5.44518 5.44518 5.44518 5.44518 5.44518 5.44518 5.44518 5.44518 5.44518 5.47398 11.3218 11.8467 24.1589 31.7886 30.7205 29.6518 28.5860 27.8038 27.7651 27.7651 27.7651 27.6064 26.7770 25.8809 24.9818 31.4576 38.6658 38.6658 29.2387 9.82700 7.87084 7.87084 7.87084 7.87084 7.87084 7.87084 7.87084 7.87084 7.87084 7.87084 7.87084 7.87084 7.87084 7.87084 5.53769 3.04529 3.04529 3.25040 3.39244 3.39244 3.39244 3.39244 3.39244 3.41396 3.48015
0.00000 0.00000 0.00000 0.00000 0.00000 4.07905 5.37753 5.44518 5.44518 5.44518 5.44518 5.44518 5.44518 5.44518 5.44518 5.44518 5.44467 5.42509 5.39604 5.36693 9.65692 11.7103 16.6739 27.6143 26.7885 25.8895 24.9912 24.0943 23.1960 22.2991 21.4008 20.6598 20.5844 20.5844 20.5844 25.6546 38.6658 38.6658 36.2220 11.2592 7.87084 7.87084 7.87084 7.87084 7.87084 7.87084 7.87084 7.87084 7.87084 7.87084 7.87084 7.87084 7.87084 7.87084 6.86472 3.04529 3.04529 3.17039 3.45726 3.52495 3.59256 3.66009 3.72775 3.77396 3.77530
0.00000 0.00000 0.00000 0.00000 0.00000 4.06120 5.13050 5.44518 5.44518 5.44518 5.44518 5.44357 5.42093 5.39185 5.36274 5.32271 5.17055 5.00765 4.85429 4.70116 5.72993 6.23977 6.17448 20.3211 20.5844 20.5844 20.5844 20.5844 20.5844 20.5844 20.5844 20.5844 20.5844 20.5844 20.5844 22.5156 38.6658 38.6658 38.6658 17.4471 7.96083 7.87084 7.87084 7.87084 7.87084 7.87084 7.87084 7.87084 7.87084 7.87084 7.87084 7.87084 7.47577 6.73071 5.94579 3.24522 3.24081 3.39208 3.77530 3.77530 3.77530 3.77530 3.77530 3.77530 3.77530
0.00000 0.00000 0.00000 0.00000 0.00000 4.06120 4.77100 5.41651 5.30142 5.11908 4.93676 4.75593 4.59620 4.44295 4.28959 4.14729 4.11761 4.11761 4.11761 4.11761 4.18895 4.51640 4.51640 16.5899 20.5844 20.5844 20.5844 20.5844 20.5844 20.5844 20.5844 20.5844 20.5844 20.5844 20.5844 20.6771 36.5546 38.6658 38.6658 24.8901 8.58022 7.87084 7.88095 8.05013 8.29025 8.55160 8.71945 8.20140 7.51905 6.75855 5.90711 4.94198 4.50878 4.64441 4.79788 4.13996 3.77530 3.77530 3.77530 3.77530 3.77530 3.77530 3.77530 3.77530 3.77530
0.00000 0.00000 0.00000 0.00000 0.00000 3.50244 2.47451 4.17273 4.11761 4.11761 4.11761 4.11761 4.11761 4.11761 4.11761 4.11761 4.11761 4.11761 4.11761 4.11761 4.11980 4.48530 4.51640 12.1026 20.5844 20.5844 20.5844 20.5844 20.5844 20.5844 20.5844 20.5844 20.5844 20.5844 20.5844 20.5844 30.3935 38.6658 38.6658 31.9784 12.0766 11.4001 10.6139 9.28051 7.79038 6.30026 5.01504 4.84701 4.84701 4.84701 4.84701 4.84701 4.84701 4.84701 4.84701 4.43309 3.77530 3.77530 3.77530 3.77530 3.75928 3.67794 3.60404 3.54264 3.49065
0.00000 0.00000 0.00000 0.00000 0.00000 0.00000 1.70534 3.82311 4.11761 4.11761 4.11761 4.11761 4.11761 4.11761 4.11761 4.11761 4.11761 4.11761 4.11761 4.11761 4.11761 4.38864 4.51640 7.61752 20.5844 20.5844 20.5844 20.5844 20.5844 20.5844 20.5844 20.5844 20.5844 20.5844 20.5844 20.4573 23.8823 31.7771 28.0933 23.8176 6.16575 4.84701 4.84701 4.84701 4.84701 4.84701 4.84701 4.84701 4.84701 4.84701 4.84701 4.84701 4.67540 4.50121 4.36210 4.16019 3.45521 3.41500 3.38049 3.35015 3.32740 3.32498 3.32498 3.32498 3.32498
0.00000 0.00000 0.00000 0.00000 0.00000 0.00000 1.70534 3.31352 4.11761 4.11761 4.11761 4.11761 4.11761 4.11761 4.11761 4.11761 4.11761 4.11761 4.11761 4.11761 4.11761 4.28909 4.51640 4.59835 19.1206 20.5844 20.5844 20.5844 20.5844 20.5844 20.1562 18.4091 16.5681 14.7262 12.8852 11.1713 11.8006 19.1124 19.1124 19.1124 9.01636 4.84701 4.84701 4.84701 4.84701 4.84701 4.84701 4.84701 4.84701 4.84701 4.84701 4.84701 3.97260 3.86083 3.86083 3.86083 3.41134 3.32498 3.32498 3.32498 3.32498 3.32498 3.32498 3.32498 3.32498
0.00000 0.00000 0.00000 0.00000 0.00000 0.00000 1.70534 2.56787 4.11761 4.11761 4.11761 4.11761 4.11761 4.11761 4.11761 4.11761 4.11761 4.11761 4.11761 4.11761 4.11761 4.18939 4.51640 4.51640 14.7131 19.6781 17.8381 15.9962 14.1542 12.3142 10.9015 10.8076 10.8076 10.8076 10.8076 10.7704 10.7635 18.3103 19.1124 19.1124 12.9561 4.84701 4.84701 4.84701 4.84701 4.84701 4.84701 4.84701 4.84701 4.84701 4.84701 4.84701 4.14460 3.86083 3.86083 3.86083 3.55787 3.32498 3.32498 3.32498 3.32498 3.32498 3.32498 3.32498 3.32498
0.00000 0.00000 0.00000 0.00000 0.00000 0.00000 1.70534 1.75665 4.02375 4.11761 4.11761 4.11761 4.11761 4.11761 4.11761 4.11761 4.11761 4.11761 4.11761 4.11504 3.98051 3.77516 3.93445 3.75630 6.36313 10.8076 10.8076 10.7722 10.6953 10.6180 10.5405 10.4635 10.3859 10.3088 10.2318 10.1918 10.1918 15.2445 19.1124 19.1124 16.9000 4.84701 4.84701 4.84701 4.84701 4.84701 4.84701 4.84701 4.84701 4.84701 4.84701 4.84701 4.38016 3.86083 3.86083 3.86083 3.70442 3.32498 3.32498 3.32498 3.32073 3.26789 3.20153 3.13509 3.06865
0.00000 0.00000 0.00000 0.00000 0.00000 0.00000 0.00000 1.70534 3.61122 4.11761 4.11761 4.11761 4.11761 4.11761 4.10733 3.94862 3.74077 3.53325 3.32551 3.09193 2.93307 2.84556 3.04638 3.10425 3.63840 10.2573 10.2340 10.1918 10.1918 10.1918 10.1918 10.1918 10.1918 10.1918 10.1918 10.1918 10.1918 12.9826 19.1124 19.1124 19.1052 6.58436 4.84701 4.84701 4.84701 4.84701 4.84701 4.84701 4.84701 4.84701 4.84701 4.84701 4.71265 3.86380 3.86083 3.79445 3.62566 3.16099 3.09143 3.02495 2.96283 2.94919 2.94919 2.94919 2.94919
