High_resolution/powerplant/Fengdu/OMI_NO2_200706.asc
ncols      200
nrows      200
xllcorner       105.978
yllcorner       28.1831
cellsize     0.0166667
NODATA_Value      -999.000
[rows 58 to 86 of 200, columns 67 to 133 of 200]
3.51446 3.51446 3.51446 3.10707 2.47983 2.29843 2.30494 2.31146 2.31789 2.32016 2.32016 2.32016 2.32016 2.29000 2.27632 2.27632 2.27632 2.27632 2.27632 2.21782 2.07641 2.05409 2.05409 2.05383 2.05031 2.04611 2.04223 2.03864 2.03531 2.03221 2.02932 2.02713 2.02694 2.02694 2.03765 2.16235 2.16446 2.20372 2.13771 2.11330 2.08412 2.05489 2.02306 1.96637 1.90361 1.84611 1.81022 1.77674 1.76225 1.76267 1.89673 1.91117 1.91638 1.96425 2.08125 2.08125 2.08125 2.08125 2.08125 2.08125 2.08125 2.08125 2.08125 2.08125 2.08196 2.02390 1.99946
3.30061 3.16069 3.02084 2.98692 2.71040 2.32016 2.32016 2.32016 2.32016 2.32016 2.32016 2.32016 2.32016 2.29879 2.27632 2.27632 2.27632 2.27632 2.27632 2.26312 2.09218 2.05402 2.03138 2.02753 2.02694 2.02694 2.02694 2.02694 2.02694 2.02694 2.02694 2.02694 2.02742 2.03269 2.03964 2.07597 2.04705 2.06108 1.92820 1.86635 1.83279 1.79926 1.76831 1.76225 1.76225 1.76225 1.76225 1.76225 1.76225 1.76225 1.85749 1.91117 1.91371 1.92634 2.07444 2.08125 2.08125 2.08125 2.08125 2.08125 2.08125 2.08125 2.08125 2.08125 2.08129 2.04958 1.99946
2.83557 2.83557 2.83557 2.89232 2.91281 2.32016 2.32016 2.32016 2.32016 2.32016 2.32016 2.32016 2.32016 2.30925 2.27632 2.27632 2.27632 2.27632 2.27632 2.27632 2.13754 2.05659 2.03345 2.02694 2.02694 2.02694 2.02814 2.03421 2.04130 2.04904 2.05752 2.06687 2.07438 2.07115 2.06590 2.00107 1.95811 1.99030 1.78349 1.76225 1.76225 1.76225 1.76225 1.76225 1.76225 1.76225 1.76225 1.76225 1.76225 1.76225 1.81783 1.91117 1.91144 1.92150 2.03423 2.08125 2.08125 2.08125 2.08125 2.08125 2.08125 2.08125 2.08125 2.08125 2.08125 2.06935 1.99946
2.83557 2.83557 2.83557 2.83999 3.04155 2.38073 2.32016 2.32016 2.32016 2.32016 2.32016 2.32016 2.32016 2.31922 2.27753 2.27632 2.27632 2.27632 2.27632 2.27632 2.19130 2.08501 2.06047 2.05089 2.05955 2.06911 2.07757 2.07555 2.07029 2.06504 2.05979 2.05454 2.05130 2.05126 2.05126 2.01989 1.95501 1.98893 1.84309 1.76225 1.76225 1.76225 1.76225 1.76225 1.76225 1.76225 1.76225 1.76225 1.76225 1.76225 1.77835 1.91099 1.91117 1.91908 1.98955 2.08125 2.08125 2.08125 2.08125 2.06645 2.02420 1.98036 1.93633 1.89254 1.84873 1.78152 1.46849
2.83557 2.83557 2.83557 2.83557 2.98595 2.57788 2.32016 2.32016 2.32016 2.32016 2.32016 2.32016 2.32016 2.32016 2.29005 2.29737 2.31276 2.32818 2.34352 2.35895 2.34097 2.18956 2.12215 2.06945 2.06419 2.05895 2.05545 2.05812 2.06326 2.06847 2.07357 2.07882 2.08393 2.08909 2.09429 2.09472 1.99787 1.99967 1.97969 1.67155 1.63782 1.63080 1.62377 1.61662 1.60947 1.60245 1.59543 1.58820 1.58113 1.57411 1.56605 1.64326 1.59887 1.56364 1.58071 1.67321 1.62945 1.58561 1.54161 1.51254 1.51095 1.51172 1.56270 1.64370 1.72413 1.88390 2.28748
2.84472 2.86047 2.87553 2.89001 2.98162 2.86765 2.47657 2.49705 2.52504 2.56338 2.60028 2.63611 2.67062 2.70409 2.57404 2.46579 2.47242 2.52813 2.60807 2.68809 2.76889 2.85669 2.30320 2.19493 2.19440 2.19949 2.20295 2.20300 2.20300 2.20300 2.20300 2.20300 2.20300 2.20300 2.20300 2.20300 2.09787 2.06881 2.09874 1.61981 1.50220 1.50220 1.50058 1.45788 1.39667 1.33585 1.27459 1.21377 1.15256 1.09170 1.03152 1.09685 1.16026 1.20633 1.35156 1.48193 1.50036 1.57388 1.65436 1.73484 1.81583 1.89546 1.92503 1.92503 1.92503 1.96514 2.34215
3.09927 3.09927 3.09399 3.07829 3.07634 3.14947 2.82461 2.83939 2.84848 2.84853 2.84853 2.84980 2.89977 2.97457 2.93410 2.79657 2.87048 2.89494 2.89494 2.89494 2.89494 2.96564 2.45294 2.23327 2.20300 2.20300 2.20300 2.20300 2.20300 2.20300 2.20300 2.20300 2.20300 2.20300 2.20306 2.20993 2.14314 2.08021 2.05873 1.42361 1.14996 1.08905 1.02950 1.01134 1.01134 1.01134 1.01134 1.01134 1.01000 0.989658 0.961366 0.983927 1.06586 1.04796 1.20407 1.56768 1.91763 1.92503 1.92503 1.92503 1.92503 1.92503 1.92503 1.92503 1.92503 1.92788 2.25432
3.03308 3.01712 3.00644 3.00616 3.00616 3.12527 2.90147 2.89902 2.97382 3.04862 3.12353 3.19770 3.22253 3.22253 3.17494 2.89494 2.89494 2.89494 2.89494 2.89494 2.89494 2.93425 2.64745 2.26347 2.20300 2.20300 2.20300 2.20664 2.21839 2.23153 2.24598 2.26197 2.27974 2.29966 2.32196 2.33175 2.27254 2.10991 2.04104 1.39535 1.01134 1.01134 1.00384 0.977544 0.948209 0.916394 0.882751 0.846280 0.808338 0.800121 0.801967 0.818192 1.00185 1.00414 1.14618 1.41441 1.92503 1.92503 1.92503 1.92503 1.92503 1.92503 1.92503 1.92503 1.92503 1.92503 2.14287
3.00616 3.00621 3.01986 3.04421 3.06858 3.26273 3.33288 3.22253 3.22253 3.22253 3.22253 3.22253 3.22253 3.22253 3.22116 2.91650 2.89494 2.89494 2.89494 2.89503 2.89621 2.91056 2.85627 2.42091 2.27417 2.29339 2.31503 2.33129 2.33175 2.33175 2.33175 2.33175 2.33175 2.33175 2.33175 2.33175 2.32943 2.16069 2.18055 1.58671 0.865427 0.827201 0.798296 0.798901 0.800744 0.802489 0.802899 0.802899 0.802899 0.802899 0.802899 0.802899 0.968698 1.00414 1.09875 1.22806 1.90536 1.92503 1.92503 1.92503 1.92503 1.92503 1.92503 1.92503 1.92503 1.92503 2.07568
3.08927 3.11358 3.12431 3.12431 3.12431 3.21206 3.44211 3.22253 3.22253 3.22253 3.22253 3.22253 3.21897 3.20708 3.19572 2.97616 2.90055 2.90162 2.90262 2.90349 2.90369 2.90385 2.96414 2.55789 2.35561 2.33175 2.33175 2.33175 2.33175 2.33175 2.33175 2.33175 2.33175 2.33175 2.33175 2.33980 2.36206 2.38457 2.40710 1.92851 0.858243 0.802899 0.802899 0.802899 0.802899 0.802899 0.802899 0.802899 0.802899 0.802899 0.802899 0.802899 0.920486 1.00414 1.05101 1.19543 1.73208 1.92503 1.92503 1.92503 1.92503 1.92503 1.92503 1.92503 1.92503 1.92503 2.01818
3.12431 3.12431 3.12431 3.12431 3.12431 3.12791 3.48405 3.23131 3.22253 3.18086 3.16324 3.15517 3.14963 3.14938 3.14938 3.02050 2.90369 2.90369 2.90369 2.90369 2.90369 2.90369 2.94782 2.68017 2.41685 2.33175 2.33175 2.33175 2.33175 2.33175 2.34295 2.36548 2.38801 2.41052 2.43306 2.44752 2.44780 2.44780 2.44780 2.16428 1.04133 0.802899 0.802899 0.802899 0.802899 0.802899 0.802899 0.802899 0.802899 0.802899 0.802899 0.802899 0.864431 1.00414 1.00965 1.18914 1.52601 1.92503 1.92503 1.92503 1.92503 1.92503 1.92507 1.92733 1.93084 1.93435 1.97968
3.12431 3.12431 3.12431 3.12431 3.12431 3.12431 3.38253 3.30287 3.22253 3.17569 3.14938 3.14938 3.14938 3.14938 3.14938 3.07125 2.90369 2.89531 2.85700 2.81628 2.77552 2.73472 2.78113 2.80995 2.46724 2.34637 2.36891 2.39143 2.41395 2.43648 2.44780 2.44780 2.44780 2.44780 2.44738 2.43591 2.41968 2.40338 2.38730 2.25507 1.30816 0.902940 0.914968 0.927173 0.939379 0.951407 0.963390 0.975729 0.987846 0.999829 1.01186 1.02428 1.04105 1.18370 1.19748 1.35261 1.53868 2.15621 2.16893 2.18153 2.19407 2.20655 2.21936 2.22963 2.23850 2.19223 2.10566
3.12431 3.12431 3.12431 3.12431 3.12431 3.12431 3.26511 3.38673 3.22200 3.19390 3.14828 3.13874 3.09965 3.05873 3.01744 2.94570 2.60560 2.56522 2.55462 2.54695 2.55968 2.58244 2.62796 2.88874 2.37266 2.12744 2.11122 2.09505 2.07869 2.06267 2.04616 2.03020 2.01371 1.99767 1.98171 1.97695 1.97695 1.97695 1.97695 1.97587 1.49855 1.24673 1.24673 1.24673 1.24673 1.24673 1.24699 1.24843 1.25004 1.25163 1.25323 1.25483 1.25642 1.32563 1.34652 1.45185 1.55906 2.20497 2.29025 2.29517 2.21245 2.10982 1.99807 1.87599 1.74228 1.67836 1.67842
3.11604 3.11556 3.11509 3.11462 3.11414 3.08839 2.99695 3.20145 3.03689 2.98159 2.92862 2.89722 2.89500 2.89500 2.89553 2.91620 2.52014 2.50586 2.53689 2.56740 2.57770 2.57770 2.57770 2.80800 2.40607 2.01947 1.97695 1.97695 1.97695 1.97695 1.97695 1.97695 1.97695 1.97695 1.97695 1.97695 1.97695 1.97695 1.97695 1.97695 1.67772 1.26674 1.25328 1.25488 1.25646 1.25807 1.25942 1.25957 1.25957 1.25957 1.25957 1.25957 1.25957 1.29592 1.37068 1.54627 1.86591 1.99646 1.82120 1.69380 1.67842 1.67842 1.67842 1.67842 1.67842 1.67842 1.67842
2.98713 2.85840 2.72989 2.60123 2.47258 2.36935 2.36040 2.67236 2.87289 2.88406 2.91554 2.94730 2.97833 3.00936 3.03987 3.05017 2.72089 2.57770 2.57770 2.57770 2.57770 2.57770 2.57770 2.71990 2.57246 2.11677 1.97695 1.97695 1.97695 1.97695 1.97695 1.97695 1.97695 1.97695 1.97695 1.97695 1.97695 1.97695 1.97695 1.97695 1.78243 1.38081 1.25957 1.25957 1.25957 1.25957 1.25957 1.25957 1.26416 1.36816 1.51229 1.65627 1.80024 1.94430 2.02509 2.03419 2.29828 2.10235 1.67842 1.67842 1.67842 1.67842 1.67842 1.67842 1.67842 1.67842 1.67842
2.36040 2.36040 2.36040 2.36040 2.36056 2.37606 2.40160 2.64126 2.99391 3.07651 3.06575 3.05017 3.05017 3.05017 3.05017 3.05017 2.81877 2.57770 2.57770 2.57770 2.57770 2.57770 2.57770 2.68863 2.95633 2.47671 1.97695 1.97695 1.97695 1.97695 1.97695 1.97695 1.97695 1.97695 1.97695 1.97695 1.97695 1.97695 1.97695 1.97695 1.89587 1.49193 1.25957 1.28315 1.41388 1.55794 1.70199 1.84596 1.98535 2.02540 2.02540 2.02540 2.02540 2.02540 2.02540 2.02540 2.23728 2.26858 1.68854 1.67842 1.67842 1.67842 1.67842 1.67842 1.67842 1.67842 1.67842
2.37245 2.39799 2.42356 2.44909 2.47446 2.48452 2.48452 2.57662 3.01614 3.09025 3.07640 3.05017 3.05017 3.05017 3.05017 3.05368 3.00839 2.79377 2.91819 3.04262 3.16687 3.29139 3.41554 3.51676 4.07437 3.40523 1.97695 1.97695 1.97695 1.97695 1.97695 1.97695 1.97695 1.97695 1.97695 1.97695 1.97695 1.97695 1.94246 1.83227 1.71892 1.48157 1.89168 2.01215 2.02540 2.02540 2.02540 2.02540 2.02540 2.02540 2.02540 2.02540 2.02540 2.02540 2.02540 2.02540 2.16694 2.30707 1.82642 1.67842 1.67842 1.67842 1.67842 1.67842 1.67842 1.67842 1.67842
2.48452 2.48452 2.48452 2.48452 2.48452 2.48452 2.48452 2.48613 2.93338 3.08991 3.08780 3.42747 3.56802 3.69245 3.81688 3.93771 3.93751 3.50234 3.50145 3.50145 3.50145 3.50145 3.50145 3.50145 3.91181 3.72199 2.21299 1.97695 1.97695 1.97695 1.97695 1.97695 1.97695 1.92661 1.81398 1.70100 1.58825 1.47527 1.39696 1.39428 1.39428 1.32231 1.95323 2.02540 2.02540 2.02540 2.02540 2.02540 2.02540 2.02540 2.02540 2.02540 2.02540 2.02540 2.02540 2.02540 2.09666 2.30707 2.00281 1.67842 1.67842 1.67842 1.67842 1.67842 1.67842 1.67842 1.67850
2.48452 2.48452 2.48452 2.48452 2.48452 2.48452 2.48452 2.48452 2.78189 3.06941 3.09025 3.81196 3.97392 3.97392 3.97392 3.97392 3.97392 3.56381 3.50145 3.50145 3.49497 3.44636 3.39012 3.33439 3.60305 3.88895 2.68780 1.97631 1.90854 1.79551 1.68276 1.56990 1.45697 1.39445 1.39428 1.39428 1.39428 1.39428 1.39428 1.39428 1.39428 1.32032 1.78142 2.02502 2.02213 2.01896 2.01578 2.01251 2.00930 2.00612 2.00293 1.99964 1.99646 1.99327 1.99008 1.98680 1.99313 2.25399 2.13767 1.62525 1.62032 1.61496 1.60897 1.60244 1.59525 1.58728 1.57863
2.48452 2.48452 2.48452 2.48452 2.48452 2.48452 2.48452 2.48452 2.64051 3.03732 3.09025 3.60667 3.97392 3.97392 3.96696 3.91913 3.86484 3.49874 3.28389 3.22930 3.18158 3.17566 3.17731 3.18190 3.33543 4.08117 2.78207 1.48143 1.43968 1.44281 1.44606 1.44920 1.45240 1.45556 1.45874 1.46193 1.46511 1.46832 1.47145 1.47468 1.47781 1.43658 1.49001 1.90826 1.90789 1.90789 1.90789 1.90789 1.90789 1.90789 1.91428 1.92959 1.94495 1.96039 1.97583 1.99116 2.00656 2.29649 2.44812 1.59190 1.51251 1.51251 1.52862 1.67535 1.84988 2.02423 2.19868
2.51029 2.51285 2.51540 2.51795 2.52050 2.52309 2.52559 2.52814 2.55225 2.99838 2.99009 3.21098 3.79072 3.73643 3.68954 3.68315 3.68315 3.46859 3.21327 3.21781 3.22234 3.22689 3.23131 3.23285 3.23786 4.09683 3.25251 1.48639 1.48639 1.48639 1.48639 1.48639 1.48639 1.48639 1.48639 1.48639 1.48639 1.48639 1.48639 1.48639 1.48639 1.48619 1.34602 1.91680 1.94526 1.96071 1.97612 1.99156 2.00685 2.02231 2.03135 2.03141 2.03141 2.03141 2.03141 2.03141 2.03141 2.22991 2.57430 2.18860 2.11054 2.28499 2.44322 2.47151 2.47151 2.47151 2.47151
2.54662 2.54662 2.54442 2.51698 2.48234 2.44773 2.41312 2.37845 2.34800 2.70011 2.70670 2.74459 3.65982 3.68633 3.69084 3.69538 3.69992 3.58779 3.23285 3.23285 3.23285 3.23285 3.23285 3.23285 3.23285 3.80058 3.68427 1.79048 1.48639 1.48639 1.48639 1.48639 1.48639 1.48639 1.48639 1.48639 1.48639 1.48639 1.48639 1.48639 1.48639 1.48639 1.43357 1.87813 2.03141 2.03141 2.03141 2.03141 2.03141 2.03141 2.03141 2.03240 2.07142 2.12973 2.18810 2.24632 2.30460 2.45022 2.92146 2.75859 2.47151 2.47151 2.47151 2.47151 2.47151 2.47151 2.47151
2.41773 2.38312 2.35071 2.34352 2.34352 2.34352 2.34352 2.34311 2.32127 2.53571 2.75354 2.72498 3.50530 3.70584 3.70584 3.70584 3.70584 3.68252 3.23756 3.23285 3.23285 3.23285 3.23285 3.23285 3.23285 3.54138 3.96128 2.24688 1.48639 1.48639 1.48639 1.48639 1.48639 1.48639 1.48639 1.48639 1.48639 1.48639 1.48639 1.48639 1.48639 1.48639 1.45002 1.70575 2.03141 2.03141 2.03918 2.09062 2.14890 2.20718 2.26555 2.32281 2.34207 2.34207 2.34207 2.34207 2.34207 2.35582 2.89882 2.88222 2.47433 2.47151 2.47151 2.47151 2.47151 2.47151 2.47151
2.34352 2.34352 2.34352 2.32628 2.29244 2.25857 2.22471 2.19127 2.17924 2.28901 2.80256 2.73281 3.27774 3.70584 3.70584 3.70584 3.70584 3.70584 3.31227 3.19660 3.07417 2.94780 2.82172 2.69535 2.56927 2.50542 2.97325 1.90331 1.48639 1.48639 1.48639 1.48639 1.48639 1.48639 1.48639 1.48639 1.48639 1.48639 1.48639 1.48639 1.48639 1.50230 1.53469 1.62213 2.22635 2.28466 2.33526 2.34207 2.34207 2.34207 2.34207 2.34207 2.34207 2.34207 2.34207 2.34207 2.34207 2.34207 2.73523 2.92146 2.56149 2.47151 2.47151 2.47151 2.47151 2.47151 2.47151
2.26358 2.22974 2.19585 2.17924 2.17924 2.17924 2.17924 2.17924 2.17924 2.17952 2.74945 2.73411 3.04981 3.49404 3.36768 3.24150 3.11523 2.98905 2.56715 2.29986 2.29612 2.29612 2.29612 2.29612 2.29612 2.29612 2.82019 2.27344 1.48667 1.48639 1.48639 1.48639 1.48639 1.48639 1.48639 1.48639 1.51025 1.56428 1.61850 1.67258 1.72669 1.76500 1.76637 1.62384 2.26303 2.34207 2.34207 2.34207 2.34207 2.34207 2.34207 2.34207 2.34207 2.34207 2.34207 2.34207 2.34207 2.34207 2.57941 2.92146 2.68790 2.47151 2.47151 2.47151 2.47151 2.47151 2.47151
2.17924 2.17924 2.17924 2.17924 2.18466 2.30079 2.44856 2.58399 2.70882 2.82400 3.24271 3.45839 3.46421 2.80120 2.76910 2.76910 2.76910 2.76910 2.57143 2.29612 2.29612 2.29612 2.29612 2.29930 2.36131 2.45184 2.77280 2.58252 1.57840 1.48639 1.48673 1.51950 1.57369 1.62777 1.68191 1.73613 1.76634 1.76646 1.76646 1.76646 1.76646 1.76646 1.76646 1.65459 2.05590 2.34207 2.34207 2.34207 2.34207 2.34207 2.34207 2.34207 2.34207 2.34274 2.34942 2.35745 2.36547 2.37364 2.49649 2.99290 2.89794 2.56729 2.57942 2.59146 2.60349 2.61558 2.62779
2.59982 2.72342 2.83751 2.94315 3.03835 3.06401 3.06401 3.06401 3.06401 3.06401 3.21337 3.51374 3.47919 2.96807 2.76910 2.76910 2.76910 2.77428 2.75142 2.45579 2.55493 2.66386 2.78476 2.91745 2.96127 2.96439 2.87100 2.65199 1.89060 1.75859 1.82229 1.85347 1.86329 1.87327 1.88303 1.89299 1.90271 1.91279 1.92246 1.93244 1.94226 1.95218 1.96197 1.90543 2.06450 2.56759 2.57561 2.58364 2.59181 2.59983 2.60786 2.61589 2.62406 2.63117 2.62658 2.61865 2.61070 2.60279 2.61320 3.32829 3.35003 2.93467 2.90767 2.90767 2.90767 2.90225 2.84036
3.01259 2.99379 2.97494 2.95610 2.93729 2.91845 2.89964 2.88089 2.86209 2.84329 2.84353 3.27062 3.30769 3.06427 2.73841 2.83452 2.94051 3.05010 3.05492 3.11454 3.12180 3.02818 2.88977 2.74653 2.60182 2.46042 2.41585 2.41585 2.27481 2.05175 2.05175 2.05175 2.05175 2.05175 2.05175 2.05175 2.05175 2.05175 2.05175 2.05175 2.05175 2.05175 2.05175 2.04615 1.94380 2.61846 2.62612 2.61818 2.61024 2.60230 2.59439 2.58644 2.57851 2.57092 2.56890 2.56890 2.56890 2.56890 2.56890 3.10892 3.32796 2.94526 2.72562 2.64845 2.57154 2.49966 2.48459
2.60655 2.60655 2.60655 2.60655 2.60655 2.60611 2.59310 2.57426 2.55545 2.53662 2.51780 2.93186 3.91358 3.72046 2.96995 2.96633 2.86503 2.72031 2.57559 2.56622 2.46042 2.41585 2.41585 2.41585 2.41585 2.41585 2.41585 2.41585 2.35343 2.05237 2.05175 2.05175 2.05175 2.05175 2.05175 2.05175 2.05175 2.05175 2.05175 2.05175 2.05175 2.05175 2.05175 2.06332 1.87982 2.38985 2.56890 2.56890 2.56890 2.56890 2.56890 2.56890 2.56890 2.56890 2.56813 2.53048 2.47259 2.41464 2.35676 2.57166 2.89558 2.73246 2.48459 2.48459 2.48459 2.48459 2.48459
