High_resolution/powerplant/Fengdu/OMI_NO2_2011_06-08.asc
ncols      200
nrows      200
xllcorner       105.978
yllcorner       28.1831
cellsize     0.0166667
NODATA_Value      -999.000
[rows 0 to 28 of 200, columns 132 to 197 of 200]
1.27651 1.33896 1.59326 1.77908 1.90989 1.97028 1.97067 2.15330 2.99780 2.94309 2.90322 2.87280 2.93895 2.93629 2.95075 3.05059 3.27063 3.09114 3.24512 3.24512 3.24512 3.24139 3.22694 3.21647 3.21892 3.24512 0.876391 0.876391 0.876391 0.876391 0.657293 0.876391 0.876391 0.876391 0.657293 0.00000 0.00000 0.00000 0.00000 0.00000 0.00000 0.00000 0.00000 0.00000 0.00000 0.00000 0.00000 0.00000 0.00000 0.00000 0.00000 0.493749 0.370311 0.969203 0.986728 1.36063 1.32225 1.32577 1.32637 1.52227 1.52227 1.52227 1.52227 1.98955 1.98955 1.98955
1.87263 1.96259 1.97067 2.36898 2.39470 2.41616 2.43425 2.48635 2.84920 2.84931 2.84931 2.84931 2.93629 2.93629 2.93629 2.99092 3.20529 3.09047 3.23120 3.21936 3.21117 3.20615 3.20573 3.20547 3.20733 3.24354 0.876391 0.876391 0.876391 0.876391 0.657293 0.876391 0.876391 0.876391 0.657293 0.00000 0.00000 0.00000 0.00000 0.00000 0.00000 0.00000 0.00000 0.00000 0.00000 0.00000 0.00000 0.00000 0.00000 0.00000 0.00000 0.00000 0.991641 0.994068 0.994774 1.51201 1.52227 1.52227 1.52227 1.52227 1.52227 1.52227 1.52227 1.98955 1.98955 1.98955
2.40994 2.42898 2.44521 2.45371 2.45377 2.45377 2.45377 2.45377 2.76432 2.84931 2.84931 2.84931 2.93629 2.93629 3.00190 2.77599 2.95023 3.02538 3.14270 3.12919 3.11747 3.10738 3.09908 3.09673 3.15336 3.21188 3.25424 1.05167 0.876391 0.876391 0.751192 0.876391 0.876391 0.876391 0.751192 0.876391 0.00000 0.00000 0.00000 0.00000 0.00000 0.00000 0.00000 0.00000 0.00000 0.00000 0.00000 0.00000 0.00000 0.00000 0.00000 0.00000 1.28863 1.28863 1.28863 1.51201 1.52227 1.52227 1.52227 1.52227 1.52227 1.52227 1.52227 1.98955 1.98955 1.98955
2.51437 2.51437 2.51437 2.51437 2.51437 2.51437 2.51437 2.51437 2.70842 2.93629 2.93976 2.95270 3.02191 2.96629 3.02402 2.73756 2.88155 2.82392 3.08862 3.09218 3.09858 3.10497 3.11089 3.11208 3.14615 3.20067 3.25424 1.05167 0.876391 0.876391 0.749965 0.862254 0.847159 0.832065 0.700255 0.806031 0.00000 0.00000 0.00000 0.00000 0.00000 0.00000 0.00000 0.00000 0.00000 0.00000 0.00000 0.00000 0.00000 0.00000 0.00000 0.00000 1.14844 1.24353 1.24353 1.37118 1.35283 1.35283 1.35283 1.35283 1.35283 1.35283 1.35283 1.50586 1.50586 1.50586
2.14690 2.13085 2.11481 2.09872 2.08268 2.07463 2.07685 2.11976 2.22867 2.42441 2.47446 2.52155 2.65841 2.94884 3.00734 2.71679 2.86811 2.66856 3.10934 3.11208 3.11208 3.11208 3.11208 3.11208 3.12769 3.18553 3.23709 1.01949 0.834484 0.819389 0.690623 0.803331 0.803331 0.803331 0.688569 0.803331 0.00000 0.00000 0.00000 0.00000 0.00000 0.00000 0.00000 0.00000 0.00000 0.00000 0.00000 0.00000 0.00000 0.00000 0.00000 0.00000 1.14844 1.24353 1.24353 1.37118 1.35283 1.35283 1.35283 1.35283 1.35283 1.35283 1.35283 1.50963 1.56204 1.63524
2.09154 2.09667 2.12493 2.17025 2.22110 2.27252 2.34434 2.39502 2.43655 2.54203 2.54634 2.54677 2.62620 2.80947 2.87871 2.56435 2.86105 2.52318 3.10380 3.11208 3.11197 3.10090 3.08280 3.06469 3.04861 3.09745 3.13572 3.16657 0.803331 0.803331 0.688569 0.803331 0.803331 0.803331 0.688569 0.803331 1.03285 0.00000 0.00000 0.00000 0.00000 0.00000 0.00000 0.00000 0.00000 0.00000 0.00000 0.00000 0.00000 0.00000 0.236501 0.394743 0.710156 1.31003 1.31003 1.40931 1.40032 1.40032 1.40534 1.44190 1.48387 1.66673 1.73125 1.96521 1.92317 1.82804
2.25618 2.29615 2.33914 2.38298 2.42171 2.45249 2.45606 2.45609 2.45883 2.52724 2.63428 2.63862 2.70209 2.88317 2.93275 2.65816 2.96747 3.07891 3.22345 3.11357 3.09857 3.09268 3.09268 3.09268 3.09268 3.14377 3.19091 3.25063 0.688569 0.803331 0.803331 0.963997 0.803331 0.803331 0.903747 1.03285 1.20500 0.00000 0.00000 0.00000 0.00000 0.00000 0.00000 0.00000 0.00000 0.00000 0.00000 0.00000 0.00000 0.00000 0.168929 0.229483 0.537682 1.35412 1.35276 1.51603 1.53236 1.58119 1.64005 1.66025 1.63312 1.68283 1.59942 1.64549 1.60718 1.60711
2.41285 2.44595 2.45606 2.45606 2.45751 2.46187 2.46632 2.47072 2.47243 2.51076 2.63896 2.65541 2.82981 3.24053 3.40038 3.77520 3.78595 4.10966 3.55790 3.17802 3.17802 3.17802 3.17802 3.17802 3.15659 3.11066 3.05066 3.33483 0.481998 0.602498 0.602498 0.803331 0.602498 0.602498 0.803331 0.963997 1.20500 0.00000 0.00000 0.00000 0.00000 0.00000 0.00000 0.00000 0.00000 0.00000 0.00000 0.00000 0.671836 0.671836 0.744789 0.756521 0.965225 1.66666 1.53714 1.65951 1.57872 1.50453 1.42144 1.33890 1.29921 1.38955 1.39420 1.53393 1.54946 1.56498
2.49693 2.46046 2.46490 2.46935 2.47235 2.47243 2.47292 2.58519 2.74508 2.91767 3.16467 3.29024 3.29874 3.71453 3.66198 3.95097 3.78208 4.07462 3.76207 3.17808 3.16986 3.11398 3.05039 2.98683 2.94464 2.94034 2.91562 3.16218 3.41876 0.602498 0.602498 0.803331 2.54727 2.54727 2.53202 2.51981 2.50151 0.00000 0.00000 0.00000 0.00000 0.00000 0.00000 0.671836 0.671836 0.575860 0.671836 0.671836 0.671836 1.66880 1.59933 1.59933 1.70943 1.73105 1.44203 1.43563 1.30019 1.29863 1.23522 1.26910 1.30794 1.39833 1.42561 1.49038 1.49038 1.49038
2.52273 2.47014 2.53484 2.69439 2.85420 3.01416 3.17355 3.22115 3.22115 3.22115 3.29079 3.30445 3.29398 3.80910 3.75752 3.99826 3.87137 4.06296 3.90472 3.08387 2.89119 2.86397 2.79032 2.71378 2.63732 2.54617 2.68583 2.65590 2.54033 2.54073 2.54073 2.53202 2.54073 2.53202 2.52439 2.53202 2.51458 0.803331 0.671836 0.671836 0.671836 0.671836 0.671836 0.575860 0.671836 1.66880 1.70347 1.70347 1.70347 1.70347 1.67317 1.69772 1.68322 1.70566 1.42946 1.50489 1.43849 1.46441 1.42403 1.42827 1.42827 1.49038 1.49038 1.49038 1.49038 1.49038
2.48239 2.92841 2.98197 2.98215 2.98215 2.98215 2.98215 2.98215 2.99675 3.03159 3.10607 3.13086 3.15515 3.76454 3.64873 3.96222 3.67902 3.76372 3.72765 3.06803 2.50067 2.44724 2.39115 2.32871 2.27619 2.24091 2.34803 2.45473 2.46171 2.53202 2.53202 2.53202 2.53841 2.44084 2.34195 2.27830 2.50567 0.729975 0.671836 0.671836 0.671836 0.671836 1.66880 1.64404 1.66880 1.66880 1.70347 1.70347 1.70347 1.70347 1.70949 1.77982 1.73825 1.80331 1.67993 1.72280 1.67172 1.67172 1.59471 1.59471 1.59471 1.67172 1.67172 1.67172 1.67172 1.67172
2.36608 2.89251 2.98479 3.01325 3.04820 3.08317 3.11812 3.15305 3.17344 3.16719 3.10710 2.99591 2.90799 3.39760 3.24585 3.64971 3.39156 3.56572 3.51257 3.18374 2.30743 2.26391 2.26316 2.26711 2.26711 2.26711 2.30526 2.45605 2.42377 2.35392 2.27256 2.21129 2.14739 2.14740 2.18004 2.17016 2.39272 0.569322 1.62546 1.62546 1.62546 1.62546 1.62546 1.59946 1.62546 1.62546 1.66880 1.66069 1.64799 1.63935 1.66009 1.77768 1.72934 1.83212 1.72439 1.67970 1.67172 1.67172 1.59471 1.59471 1.59471 1.67172 1.67172 1.67172 1.67172 1.67172
2.25127 2.72354 3.19865 3.20811 3.20718 3.19937 3.17059 3.13370 3.10945 3.11523 3.10615 3.06525 3.01377 3.63996 3.25185 3.77772 3.46197 3.42114 3.37184 3.33862 2.34488 2.26711 2.26711 2.25949 2.23806 2.21726 2.18349 2.29017 2.24990 2.18809 2.14710 2.14710 2.13063 2.14710 2.17452 2.13176 2.17452 1.79627 1.62976 1.62546 1.62546 1.59946 1.59946 1.57569 1.57722 1.56602 1.58661 1.58339 1.58338 1.58338 1.61488 1.72934 1.69309 1.79130 1.72091 1.61330 1.59471 1.59471 1.53480 1.59471 1.59466 1.66239 1.61454 1.56049 1.50813 1.45693
2.27988 2.51932 3.16788 3.13106 3.09998 3.10414 3.13587 3.17572 3.16593 3.16129 3.11994 3.02837 2.87623 3.36614 2.97073 3.48321 3.20821 3.20821 3.18686 3.04514 2.42915 2.17969 2.16043 2.14796 2.14697 2.14697 2.13048 2.24068 2.27392 2.22661 2.14474 2.15016 2.09665 2.09698 2.11713 2.11536 2.13266 2.02882 1.74926 1.70101 1.68901 1.64264 1.63552 1.60413 1.63140 1.63140 1.63140 1.63140 1.64703 1.64703 1.65876 1.76242 1.69840 1.78705 1.72840 1.60798 1.55838 1.51334 1.42284 1.42662 1.38493 1.39761 1.39282 1.38806 1.37521 1.35575
2.12877 2.23129 3.08463 3.20271 3.23740 3.23906 3.23393 3.21335 3.12820 3.09511 3.01388 3.02839 2.84880 3.32609 3.00047 3.08514 2.54113 2.35767 2.18526 2.16094 2.15784 2.11812 2.11812 2.11812 2.11812 2.11812 2.10081 2.17478 2.24593 2.17160 2.00770 2.06289 2.02791 2.06289 2.11536 2.06159 2.04494 2.03313 1.76347 1.67029 1.66981 1.63140 1.63140 1.60396 1.63140 1.63140 1.63140 1.63140 1.64703 1.64703 1.66111 1.76676 1.67742 1.56574 1.40001 1.09050 1.36803 1.38753 1.34822 1.38281 1.36587 1.38371 1.34336 1.31825 1.31825 1.31723
2.16935 2.30629 2.84806 3.21888 3.18985 3.16109 3.13235 3.11878 3.05733 3.03656 2.88237 2.77595 2.40656 2.37609 2.14197 2.20971 2.10714 2.10714 2.10714 2.14047 2.17410 2.11921 2.11812 2.11553 2.10620 2.09651 2.06745 2.10549 2.22001 2.18851 2.03573 2.06273 2.01187 2.02785 2.07144 1.99220 1.97165 1.96792 1.80448 1.67062 1.66981 1.63140 1.63140 1.60396 1.63140 1.63411 1.66978 1.64356 1.62029 1.57616 1.55297 1.26776 1.34038 1.32417 1.37604 1.11896 1.20080 1.23238 1.17154 1.16398 1.16377 1.18579 1.17750 1.16577 1.14895 1.13236
1.96536 2.10534 2.44505 3.20307 3.19340 3.09311 2.92602 2.75913 2.54459 2.41416 2.34075 2.29551 2.15922 2.20971 2.16412 2.22925 2.16412 2.16412 2.16412 2.17838 2.21478 2.15086 2.12185 2.11554 2.09460 2.08461 2.05851 2.06345 2.21179 2.24408 2.09328 1.99895 1.87565 1.88818 1.94016 1.85007 1.84839 1.85592 1.79484 1.65627 1.63391 1.64850 1.64460 1.60067 1.50819 1.42744 1.34173 1.33277 1.39995 1.38970 1.42883 1.17228 1.26519 1.30154 1.44231 1.22752 1.03357 1.18886 1.15194 1.16717 1.15100 1.13313 1.13174 1.13174 1.13174 1.13174
2.09444 2.13906 2.32732 2.53242 2.42870 2.38976 2.38976 2.38976 2.35770 2.38976 2.35770 2.29555 2.18973 2.22925 2.16412 2.20967 2.20504 2.19729 2.18924 2.17757 2.21211 2.16967 2.10708 2.09792 2.05970 2.06659 2.04134 2.05639 2.14973 2.20200 2.07102 1.95002 1.81059 1.84839 1.92401 1.84844 1.84723 1.82945 1.90053 1.72230 1.49251 1.48128 1.41532 1.41532 1.33259 1.32268 1.30721 1.29177 1.36412 1.17605 1.18350 0.995892 1.04714 1.07705 1.15077 1.06749 0.917197 1.33201 1.21400 1.26548 1.26548 1.26548 1.26548 1.26854 1.28523 1.29913
2.23413 2.18688 2.23752 2.37397 2.38976 2.38933 2.38305 2.37488 2.33758 2.35859 2.30221 2.27237 2.20714 2.17816 2.09494 2.11121 2.09755 2.08738 2.07753 2.07471 2.11044 2.12279 2.04694 2.03955 2.00612 1.98993 1.96543 1.98506 2.04090 2.16549 2.09973 2.00728 1.83078 1.84969 1.82052 1.72073 1.70429 1.70167 1.84903 1.79847 1.51849 1.57117 1.49055 1.47123 1.35633 1.35018 1.35018 1.35018 1.50438 1.19973 1.20756 0.958090 1.02542 1.16468 1.16566 1.12012 0.963622 1.25970 1.22062 1.28755 1.30086 1.31095 1.31888 1.32448 1.32515 1.32515
2.26263 2.24886 2.19084 2.35639 2.39152 2.38250 2.38034 2.38060 2.34731 2.37969 2.31303 2.28531 2.24926 2.15738 2.07471 2.07471 2.06792 2.04994 2.03692 2.02393 2.03073 2.08358 2.02320 2.01124 1.98506 1.98506 1.96610 1.97309 1.96544 2.11359 2.08576 1.92266 1.73403 1.75992 1.75992 1.70167 1.70167 1.69772 1.77762 1.82205 1.54140 1.54028 1.50223 1.50223 1.44521 1.44521 1.45763 1.48446 1.60243 1.32826 1.33353 1.08107 1.15123 1.24807 1.23023 1.20078 1.03356 1.12432 1.33232 1.36577 1.36577 1.36577 1.36577 1.36577 1.36487 1.35425
2.16494 2.17546 2.12648 2.30893 2.38635 2.38609 2.38257 2.37063 2.31417 2.32702 2.26115 2.28289 2.23825 2.16389 2.01860 2.00562 1.99940 2.00439 2.00443 2.00443 2.01034 2.07208 2.03158 1.97605 1.93576 1.91554 1.89471 1.89409 1.88704 2.02202 2.06527 1.97849 1.79642 1.79739 1.78879 1.73637 1.72478 1.71634 1.74445 1.84024 1.53241 1.40448 1.35694 1.38008 1.40393 1.42780 1.44062 1.44064 1.50410 1.20612 1.26591 1.02695 1.07437 1.17702 1.17655 1.17655 1.08384 0.980849 1.35621 1.36389 1.35223 1.33936 1.32649 1.31363 1.30166 1.29942
2.18367 2.18857 2.16781 2.25317 2.34145 2.33289 2.28597 2.26468 2.22274 2.22679 2.16758 2.17040 2.17706 2.11889 1.88132 1.88132 1.88200 1.88074 1.85662 1.83082 1.80504 1.81328 1.84963 1.87433 1.86939 1.87433 1.87433 1.88174 1.87433 1.97252 2.06059 1.99371 1.81437 1.71722 1.71595 1.71595 1.71595 1.71595 1.71862 1.85006 1.71942 1.48231 1.43992 1.42695 1.37938 1.33544 1.29633 1.26129 1.34170 1.12560 1.20213 1.11137 1.17655 1.26393 1.29104 1.45319 1.54691 1.58794 1.34751 1.26667 1.26562 1.26562 1.26562 1.26562 1.26562 1.26562
2.21180 2.21180 2.17111 2.13485 2.26296 2.29625 2.23463 2.23568 2.20741 2.24947 2.19159 2.18617 2.18717 2.14114 1.83903 1.81323 1.78677 1.76223 1.76057 1.76057 1.76057 1.77770 1.83663 1.87221 1.86939 1.87433 1.86906 1.86607 1.84615 1.89358 2.02328 2.00686 1.86653 1.71595 1.71686 1.72942 1.74551 1.76163 1.76893 1.81653 1.78545 1.35801 1.26129 1.23748 1.23624 1.23624 1.23624 1.23624 1.33948 1.15070 1.36513 1.60222 1.69260 1.81419 1.82979 1.83227 1.74072 1.65305 1.34184 1.16620 1.15654 1.15654 0.770650 0.770650 0.770650 0.770650
2.11605 2.09910 2.08760 1.90497 2.03153 2.20586 2.16444 2.16670 2.12580 2.16438 2.08641 2.04198 1.98468 1.95642 1.79636 1.77170 1.77170 1.77170 1.77170 1.77170 1.77170 1.77784 1.82067 1.86405 1.86507 1.86404 1.85888 1.87429 1.87814 1.91328 2.01812 2.01400 1.93179 1.77309 1.74358 1.71654 1.68595 1.65535 1.63118 1.64038 1.72464 1.36559 1.17160 1.17039 1.17994 1.30593 1.44438 1.58283 1.76325 2.17724 2.11179 2.22038 1.97886 1.96798 1.85276 1.80248 1.69575 1.71548 1.66956 0.814776 0.770650 0.770650 0.770650 0.770650 0.770650 0.770650
1.97436 1.97436 1.96989 1.78034 1.81860 1.99907 2.05258 2.05958 2.05875 1.97813 2.00411 1.97149 1.96903 1.96879 1.85769 1.77170 1.77170 1.77170 1.77117 1.76373 1.75418 1.74505 1.78304 1.85288 1.90010 1.92562 1.94671 1.96716 1.96650 1.95015 1.93790 1.93421 1.83866 1.65703 1.58889 1.58889 1.58889 1.58889 1.58945 1.59407 1.78059 1.64323 1.58283 1.72250 1.85140 1.77156 1.77156 1.90214 1.88722 2.15254 2.06118 2.14339 1.91091 1.86015 1.76737 1.76688 1.70975 1.73383 1.78104 1.07789 0.968727 0.968727 0.968727 0.968727 0.968727 0.968727
1.85668 1.80915 1.76609 1.74432 1.77830 1.96962 2.04820 2.04345 2.03983 1.96879 1.99707 1.96879 1.96879 1.96879 1.91354 1.76671 1.76279 1.77236 1.78303 1.80062 1.82031 1.83986 1.86876 1.92242 1.94668 1.92001 1.89052 1.86117 1.82539 1.84717 1.83305 1.86938 1.82721 1.66261 1.55622 1.63474 1.72697 1.81913 1.91062 1.88783 1.90986 1.79733 1.77163 1.77127 1.75713 1.61557 1.59118 1.79368 1.78983 2.19192 2.09140 1.99879 1.88310 1.84282 1.77552 1.78011 1.72804 1.76146 1.78220 1.18751 0.980363 0.960554 0.922773 0.882345 0.841937 0.801487
2.02215 2.02841 2.03417 2.01984 2.01307 2.17128 2.18961 2.03949 2.03949 1.96879 1.99630 1.95473 1.93185 1.90864 1.87923 1.83298 1.84695 1.84754 1.84754 1.84547 1.83959 1.83351 1.83702 1.80733 1.80788 1.82634 1.82634 1.82634 1.81802 1.85576 1.90974 2.10366 2.10425 2.08794 1.99132 1.98428 1.98428 1.98428 1.98428 1.89376 1.93292 1.79803 1.75337 1.69686 1.68931 1.56365 1.56365 1.78983 1.78992 2.19425 2.09833 2.00801 1.89875 1.85411 1.78432 1.78432 1.78203 1.84191 1.80987 1.64269 0.884557 0.783832 0.781580 0.781580 0.781580 0.781580
2.04146 2.04124 2.04073 2.04035 1.96354 2.14505 2.15149 1.98616 1.95351 1.88826 1.87335 1.85591 1.85558 1.85558 1.85488 1.84390 1.83569 1.82962 1.82355 1.81953 1.81935 1.81935 1.82041 1.81921 1.80065 1.89156 1.98825 2.08510 2.14185 2.39290 2.29455 2.48931 2.28439 2.22566 2.05518 1.98428 1.97735 1.86115 1.83514 1.74524 1.78305 1.65591 1.63778 1.56365 1.56365 1.49214 1.50042 1.70633 1.71312 2.06513 1.96023 1.89744 1.80323 1.76447 1.69604 1.74651 1.73984 1.81628 1.77890 1.72806 0.911927 0.781346 0.773059 0.760786 0.748506 0.736233
2.02678 2.00962 1.99247 1.97532 1.84364 1.92370 1.98944 1.87183 1.86968 1.85896 1.85701 1.84727 1.84244 1.83740 1.83304 1.82707 1.81935 1.81935 1.81935 1.81589 1.78549 1.74268 1.69592 1.80863 1.89434 2.46214 2.46214 2.60878 2.50403 2.71352 2.60878 2.76673 2.63826 2.63955 2.48723 2.38728 2.37564 2.18178 2.18178 2.05287 2.18178 2.10948 1.99277 1.80388 1.81008 1.71546 1.71222 1.84152 1.68580 1.97471 1.86323 1.81661 1.73947 1.71910 1.66510 1.71910 1.71853 1.75996 1.65485 1.59330 0.830222 0.653915 0.638504 0.140227 0.140227 0.140227
