High_resolution/powerplant/Fengdu/OMI_NO2_200910.asc
ncols      200
nrows      200
xllcorner       105.978
yllcorner       28.1831
cellsize     0.0166667
NODATA_Value      -999.000
[rows 120 to 149 of 200, columns 132 to 197 of 200]
0.00000 0.00000 0.00000 0.00000 0.00000 0.00000 0.00000 0.00000 0.00000 0.00000 2.33690 2.33690 2.33690 2.11595 2.45806 2.59350 2.59350 2.59350 2.59350 2.59350 2.59350 2.59350 2.59350 2.59350 2.59350 2.59350 2.59350 2.59350 2.59350 2.59350 2.59350 2.59350 2.77192 2.86761 2.86761 2.86761 2.86761 2.86761 2.86761 2.86761 2.86761 2.86761 2.86761 2.86761 2.86761 2.80834 2.52809 2.22705 1.92601 1.62482 0.949870 0.296792 0.296792 0.296792 0.296792 0.296792 0.296792 0.296792 0.296792 0.296792 0.296792 0.296792 0.296792 0.296792 0.296792 0.296792
0.00000 0.00000 0.00000 0.00000 0.00000 2.33690 2.33690 2.33690 2.33690 2.33690 2.33690 2.33690 2.33690 2.40277 2.59350 2.59350 2.59350 2.59350 2.59350 2.59350 2.59350 2.59350 2.59350 2.59350 2.59350 2.59350 2.59350 2.59350 2.59350 2.59350 2.59350 2.59350 2.69174 2.86761 2.86761 2.86761 2.86761 2.86761 2.86761 2.86761 2.85163 2.61891 2.31773 2.01669 1.71565 1.47374 1.45294 1.45294 1.45294 1.45294 1.28187 0.296792 0.296792 0.296792 0.296792 0.296792 0.296792 0.296792 0.296792 0.296792 0.296792 0.296792 0.296792 0.296792 0.296792 0.296792
0.00000 2.33690 2.33690 2.33690 2.33690 2.33690 2.33690 2.33690 2.33690 2.33690 2.33690 2.33690 2.33690 2.34216 2.57859 2.59350 2.59350 2.59350 2.59350 2.59350 2.59350 2.59350 2.59350 2.59350 2.59350 2.59350 2.59350 2.59350 2.59350 2.59350 2.59350 2.59350 2.61458 2.86457 2.86761 2.86761 2.70959 2.40855 2.10743 1.80633 1.52127 1.45294 1.45294 1.45294 1.45294 1.45294 1.45294 1.45294 1.45294 1.45294 1.45294 0.458820 0.296792 0.296792 0.296792 0.296792 0.296792 0.296792 0.296792 0.296792 0.296792 0.296792 0.296792 0.296792 0.296792 0.296792
2.33690 2.33690 2.33690 2.33690 2.33690 2.33690 2.33690 2.33690 2.33690 2.33690 2.33690 2.33690 2.33690 2.33690 2.50833 2.59350 2.59350 2.59350 2.59350 2.59350 2.59350 2.59350 2.59350 2.59350 2.59350 2.59350 2.59350 2.59350 2.59350 2.59350 2.59350 2.58861 2.56778 2.29893 1.89725 1.59597 1.45294 1.45294 1.45294 1.45294 1.45294 1.45294 1.45294 1.45294 1.45294 1.45294 1.45294 1.45294 1.45294 1.45294 1.45294 0.791526 0.296792 0.296792 0.296792 0.296792 0.296792 0.296792 0.296792 0.296792 0.296792 0.296792 0.296792 0.296792 0.296792 0.296792
2.33690 2.33690 2.33690 2.33690 2.33690 2.33690 2.33690 2.33690 2.33690 2.33690 2.33690 2.33690 2.33690 2.33690 2.43282 2.59350 2.59350 2.59350 2.59350 2.59350 2.59350 2.59350 2.59350 2.59350 2.59350 2.59350 2.59291 2.57741 2.55537 2.53331 2.51127 2.49412 2.49289 1.99133 1.45294 1.45294 1.45294 1.45294 1.45294 1.45294 1.45294 1.45294 1.45294 1.45294 1.45294 1.45294 1.45294 1.45294 1.45294 1.45294 1.45294 1.12443 0.296792 0.296792 0.296792 0.296792 0.296792 0.296792 0.296792 0.296792 0.296792 0.296792 0.295687 0.271370 0.237836 0.204270
2.33690 2.33690 2.33690 2.33690 2.33690 2.33690 2.33690 2.33690 2.33690 2.33690 2.33690 2.33690 2.33690 2.33690 2.35933 2.59152 2.59350 2.59350 2.59350 2.59350 2.59350 2.59350 2.58658 2.56500 2.54296 2.52091 2.49944 2.49289 2.49289 2.49289 2.49289 2.49289 2.49289 2.29410 1.45294 1.45294 1.45294 1.45294 1.45294 1.45294 1.45294 1.45294 1.45294 1.45294 1.45294 1.45294 1.45294 1.45294 1.45294 1.45294 1.45294 1.41329 0.340610 0.296792 0.296792 0.296792 0.296792 0.296614 0.276555 0.243021 0.209455 0.175921 0.143493 0.134244 0.134244 0.134244
2.33690 2.33690 2.33690 2.33690 2.33690 2.33690 2.33690 2.33690 2.33690 2.33690 2.33690 2.33690 2.33690 2.33690 2.33690 2.53848 2.59350 2.59211 2.57463 2.55259 2.53055 2.50849 2.49335 2.49289 2.49289 2.49289 2.49289 2.49289 2.49289 2.49289 2.49289 2.49289 2.49289 2.48914 1.56048 1.45294 1.45294 1.45294 1.45294 1.45294 1.45294 1.45294 1.45294 1.45294 1.45294 1.45294 1.45294 1.45294 1.45294 1.45294 1.45294 1.45294 0.633810 0.281708 0.248190 0.214640 0.181123 0.147735 0.134244 0.134244 0.134244 0.134244 0.134244 0.134244 0.134244 0.134244
2.33690 2.33690 2.33690 2.33690 2.33690 2.33690 2.33690 2.33690 2.33690 2.33690 2.33690 2.33690 2.33690 2.16790 1.70182 1.85678 2.51812 2.49747 2.49289 2.49289 2.49289 2.49289 2.49289 2.49289 2.49289 2.49289 2.49289 2.49289 2.49289 2.49289 2.49289 2.49289 2.49289 2.49289 1.85960 1.45294 1.45294 1.45294 1.45294 1.45294 1.45294 1.45294 1.45294 1.45294 1.45294 1.45294 1.45294 1.45294 1.42097 1.28685 1.14493 1.00307 0.569490 0.134292 0.134244 0.134244 0.134244 0.134244 0.134244 0.134244 0.134244 0.134244 0.134244 0.134244 0.134244 0.134244
2.33690 2.33690 2.33690 2.33690 2.33690 2.33690 2.33690 2.33690 2.31915 1.97131 1.49960 1.02789 0.556171 0.253255 0.247823 0.689516 2.49289 2.49289 2.49289 2.49289 2.49289 2.49289 2.49289 2.49289 2.49289 2.49289 2.49289 2.49289 2.49289 2.49289 2.49289 2.49289 2.49289 2.49289 2.16229 1.45294 1.45294 1.45294 1.45294 1.45294 1.45294 1.45294 1.45294 1.44286 1.32851 1.18672 1.04479 0.902935 0.793054 0.785377 0.785377 0.785377 0.699215 0.134374 0.134244 0.134244 0.134244 0.134244 0.134244 0.134244 0.134244 0.134244 0.134244 0.134244 0.134244 0.134244
2.33690 2.33690 2.33690 2.33690 2.22054 1.76993 1.29748 0.825662 0.371705 0.247823 0.247823 0.247823 0.247823 0.247823 0.247823 0.257252 2.26501 2.49289 2.49289 2.49289 2.49289 2.49289 2.49289 2.49289 2.49289 2.49289 2.49289 2.49289 2.49289 2.49289 2.49289 2.49289 2.49289 2.49289 2.43985 1.47811 1.45294 1.45294 1.45247 1.37016 1.22831 1.08645 0.944591 0.812878 0.785377 0.785377 0.785377 0.785377 0.785377 0.785377 0.785377 0.785377 0.785377 0.235896 0.134244 0.134244 0.134244 0.134244 0.134244 0.134244 0.134244 0.134244 0.134244 0.134244 0.134244 0.134244
2.03942 1.56749 1.09599 0.624275 0.268714 0.247823 0.247823 0.247823 0.247823 0.247823 0.247823 0.247823 0.247823 0.247823 0.247823 0.247823 1.61395 2.49289 2.49289 2.49289 2.49289 2.49289 2.49289 2.49289 2.49289 2.49289 2.49289 2.49289 2.49289 2.49289 2.49289 2.49289 2.49289 2.49289 2.49289 1.52169 1.12817 0.986314 0.844924 0.785377 0.785377 0.785377 0.785377 0.785377 0.785377 0.785377 0.785377 0.785377 0.785377 0.785377 0.785377 0.785377 0.785377 0.423571 0.134244 0.134244 0.134244 0.134244 0.134244 0.134244 0.134244 0.134244 0.134244 0.134244 0.134244 0.134244
0.247823 0.247823 0.247823 0.247823 0.247823 0.247823 0.247823 0.247823 0.247823 0.247823 0.247823 0.247823 0.247823 0.247823 0.247823 0.247823 0.952465 2.49289 2.49289 2.49289 2.49289 2.49289 2.49289 2.49289 2.49289 2.49289 2.49289 2.49289 2.49289 2.49289 2.49289 2.49289 2.49289 2.49289 2.49289 0.785377 0.785377 0.785377 0.785377 0.785377 0.785377 0.785377 0.785377 0.785377 0.785377 0.785377 0.785377 0.785377 0.785377 0.785377 0.785377 0.785377 0.785377 0.611377 0.134244 0.134244 0.134244 0.134244 0.134244 0.134244 0.134244 0.134244 0.134244 0.134244 0.134244 0.134244
0.247823 0.247823 0.247823 0.247823 0.247823 0.247823 0.247823 0.247823 0.247823 0.247823 0.247823 0.247823 0.247823 0.247823 0.247823 0.247823 0.354015 2.43092 2.49289 2.49289 2.49289 2.49289 2.49289 2.49289 2.49289 2.49289 2.49289 2.49289 2.49289 2.49289 0.00000 0.00000 0.00000 0.00000 0.00000 0.785377 0.785377 0.785377 0.785377 0.785377 0.785377 0.785377 0.785377 0.785377 0.785377 0.785377 0.785377 0.785377 0.785377 0.785377 0.785377 0.785377 0.785377 0.768250 0.165042 0.134244 0.134244 0.134244 0.134244 0.134244 0.134244 0.134244 0.134244 0.134244 0.134244 0.134244
0.247823 0.247823 0.247823 0.247823 0.247823 0.247823 0.247823 0.247823 0.247823 0.247823 0.247823 0.247823 0.247823 0.247823 0.247823 0.247823 0.247823 1.87684 2.49289 2.49289 2.49289 2.49289 2.49289 2.49289 2.49289 2.49289 0.00000 0.00000 0.00000 0.00000 0.00000 0.00000 0.00000 0.00000 0.00000 0.785377 0.785377 0.785377 0.785377 0.785377 0.785377 0.785377 0.785377 0.785377 0.785377 0.785377 0.785377 0.785377 0.785377 0.785377 0.785377 0.785377 0.785377 0.785377 0.335704 0.134244 0.134244 0.134244 0.134244 0.134244 0.134244 0.00000 0.00000 0.00000 0.00000 0.00000
0.247823 0.247823 0.247823 0.247823 0.247823 0.247823 0.247823 0.247823 0.247823 0.247823 0.247823 0.247823 0.247823 0.247823 0.247823 0.247823 0.622257 1.79484 2.49289 2.49289 2.49289 0.00000 0.00000 0.00000 0.00000 0.00000 0.00000 0.00000 0.00000 0.00000 0.00000 0.00000 0.00000 0.00000 0.00000 0.00000 0.785377 0.785377 0.785377 0.785377 0.785377 0.785377 0.785377 0.785377 0.785377 0.785377 0.785377 0.785377 0.785377 0.785377 0.785377 0.837344 1.01218 1.19228 1.15754 0.134244 0.00000 0.00000 0.00000 0.00000 0.00000 0.00000 0.00000 0.00000 0.00000 0.00000
0.247823 0.247823 0.247823 0.247823 0.247823 0.247823 0.247823 0.247823 0.247823 0.247823 0.247823 0.310687 0.948598 1.72598 2.50301 3.28005 3.68300 3.68300 3.68300 0.00000 0.00000 0.00000 0.00000 0.00000 0.00000 0.00000 0.00000 0.00000 0.00000 0.00000 0.00000 0.00000 0.00000 0.00000 0.00000 0.00000 0.785377 0.785377 0.785377 0.785377 0.785377 0.785377 0.785377 0.785377 0.785377 0.785377 0.805586 0.960723 1.14082 1.32101 1.50111 1.62924 1.63451 1.63451 1.63451 1.63451 0.00000 0.00000 0.00000 0.00000 0.00000 0.00000 0.00000 0.00000 0.00000 0.00000
0.247823 0.247823 0.247823 0.247823 0.247823 0.247823 0.247823 0.510614 1.27597 2.05301 2.82970 3.54421 3.68300 3.68300 3.68300 3.68300 3.68300 3.68300 3.68300 0.00000 0.00000 0.00000 0.772820 0.772820 0.772820 0.772820 0.772820 0.772820 0.772820 0.772820 0.772820 0.772820 0.772820 0.772820 0.772820 0.00000 0.785377 0.785377 0.785377 0.785377 0.785377 0.788519 0.909011 1.08911 1.26921 1.44940 1.60954 1.63451 1.63451 1.63451 1.63451 1.63451 1.63451 1.63451 1.63451 1.63451 0.00000 0.00000 0.00000 0.00000 0.00000 0.00000 0.00000 0.00000 0.00000 0.00000
0.247823 0.247823 0.270495 0.825963 1.60266 2.37969 3.15673 3.67063 3.68300 3.68300 3.68300 3.68300 3.68300 3.26719 2.60646 2.54451 2.48741 2.43312 1.81654 0.772820 0.772820 0.772820 0.772820 0.772820 0.772820 0.772820 0.772820 0.772820 0.772820 0.772820 0.772820 0.772820 0.772820 0.772820 0.772820 0.00000 0.00000 0.885000 1.03765 1.21776 1.39794 1.57490 1.63451 1.63451 1.63451 1.63451 1.63451 1.63451 1.63451 1.63451 1.63451 1.63451 1.63451 1.63451 1.63451 1.63451 0.00000 0.00000 0.00000 0.00000 0.00000 0.00000 0.00000 0.00000 0.00000 0.00000
1.92934 2.70672 3.46074 3.68300 3.68300 3.68300 3.68300 3.68300 3.68300 3.68300 3.68300 3.68300 3.68300 3.33414 2.22791 2.22791 2.22791 2.22791 2.01623 0.772820 0.772820 0.772820 0.772820 0.772820 0.772820 0.772820 0.772820 0.772820 0.772820 0.772820 0.772820 0.772820 0.787579 0.888261 1.04443 1.44061 1.44061 1.51920 1.63451 1.63451 1.63451 1.63451 1.63451 1.63451 1.63451 1.63451 1.63451 1.63451 1.63451 1.63451 1.63451 1.63451 1.63451 1.63451 1.63451 1.63451 0.00000 0.00000 0.00000 0.00000 0.00000 0.00000 0.00000 0.00000 0.00000 0.00000
3.68300 3.68300 3.68300 3.68300 3.68300 3.68300 3.68300 3.68300 3.68300 3.68300 3.68300 3.68300 3.68300 3.67748 2.28917 2.22791 2.22791 2.22791 2.21366 0.936770 0.772820 0.772820 0.772820 0.772820 0.772820 0.772820 0.772820 0.772820 0.840942 0.939492 1.01028 1.06350 1.10117 1.10672 1.13605 1.44061 1.44061 1.46326 1.63420 1.63451 1.63451 1.63451 1.63451 1.63451 1.63451 1.63451 1.63451 1.63451 1.63451 1.63451 1.63451 1.63451 1.63451 1.63451 1.63451 1.63451 1.63451 0.00000 0.00000 0.00000 0.00000 0.00000 0.00000 0.00000 0.00000 0.00000
3.68300 3.68300 3.68300 3.68300 3.68300 3.68300 3.68300 3.68300 3.68300 3.68300 3.68300 3.68300 3.68300 3.68300 2.47877 2.22791 2.22791 2.22791 2.22791 1.50211 0.772820 0.772820 0.772820 0.796709 0.900895 0.982058 1.04202 1.08812 1.10672 1.10672 1.10672 1.10672 1.10672 1.10672 1.10785 1.40299 1.44061 1.44061 1.60066 1.63451 1.63451 1.63451 1.63451 1.63451 1.63451 1.63451 1.63451 1.63451 1.63451 1.63451 1.63451 1.63451 1.63451 1.63451 1.63451 1.63451 1.63451 0.00000 0.00000 0.00000 0.00000 0.00000 0.00000 0.00000 0.00000 0.00000
3.68300 3.68300 3.68300 3.68300 3.68300 3.68300 3.68300 3.68300 3.68300 3.68300 3.68300 3.68300 3.68300 3.68300 2.72504 2.22791 2.22791 2.22791 2.22833 1.90095 0.949913 1.01796 1.06941 1.10351 1.10672 1.10672 1.10672 1.10672 1.10672 1.10672 1.10672 1.10672 1.10672 1.10672 1.10672 1.29997 1.44061 1.44061 1.54450 1.63451 1.63451 1.63451 1.63451 1.63451 1.63451 1.63451 1.63451 1.63451 1.63451 1.63451 1.63451 1.63451 1.63451 1.63451 1.60016 1.50409 1.39878 0.00000 0.00000 0.00000 0.00000 0.00000 0.00000 0.00000 0.00000 0.00000
3.68300 3.68300 3.68300 3.68300 3.68300 3.68300 3.68300 3.68300 3.68300 3.68300 3.68300 3.68300 3.68300 3.68300 3.06539 2.27646 2.32263 2.36885 2.41469 2.31958 1.11785 1.10672 1.10672 1.10672 1.10672 1.10672 1.10672 1.10672 1.10672 1.10672 1.10672 1.10672 1.10672 1.10672 1.10672 1.22382 1.44061 1.44061 1.48831 1.63451 1.63451 1.63451 1.63451 1.63451 1.63451 1.63451 1.63451 1.63451 1.63451 1.61974 1.53229 1.43489 1.33758 1.24023 1.17718 1.17594 1.17594 1.17594 0.00000 0.00000 0.00000 0.00000 0.00000 0.00000 0.00000 0.00000
3.68300 3.68300 3.68300 3.68300 3.68300 3.68300 3.68300 3.68300 3.68300 3.68300 3.72731 3.81966 3.91205 4.00448 3.87936 2.43682 2.43249 2.43249 2.43249 2.43249 1.39481 1.10672 1.10672 1.10672 1.10672 1.10672 1.10672 1.10672 1.10254 1.09463 1.08673 1.07885 1.07092 1.06307 1.05510 1.11461 1.44061 1.44061 1.44404 1.62262 1.63451 1.63451 1.63451 1.63451 1.63121 1.56040 1.46310 1.36569 1.26843 1.18575 1.17594 1.17594 1.17594 1.17594 1.17594 1.17594 1.17594 1.17594 0.00000 0.00000 0.00000 0.00000 0.00000 0.00000 0.00000 0.00000
3.68300 3.68300 3.68300 3.68300 3.68300 3.69069 3.76688 3.85927 3.95166 4.04405 4.09216 4.09216 4.09216 4.09216 4.09216 2.53476 2.38097 2.37312 2.36517 2.35731 1.70175 1.01572 1.00783 0.999912 0.992050 0.984059 0.976169 0.968235 0.964538 0.964538 0.964538 0.964538 0.964538 0.964538 0.964538 0.987546 1.44023 1.44061 1.44061 1.56988 1.58856 1.49121 1.39390 1.29654 1.20254 1.17594 1.17594 1.17594 1.17594 1.17594 1.17594 1.17594 1.17594 1.17594 1.17594 1.17594 1.17594 1.17594 0.00000 0.00000 0.00000 0.00000 0.00000 0.00000 0.00000 0.00000
0.00000 3.72169 3.80644 3.89887 3.99126 4.07596 4.09216 4.09216 4.09216 4.09216 4.09216 4.09216 4.09216 4.09216 4.09216 2.70109 2.29031 2.29031 2.29031 2.29031 2.03322 0.964538 0.964538 0.964538 0.964538 0.964538 0.964538 0.964538 0.964538 0.964538 0.964538 0.964538 0.964538 0.964538 0.964538 0.965454 1.34908 1.46498 1.47684 1.38402 1.17594 1.17594 1.17594 1.17594 1.17594 1.17594 1.17594 1.17594 1.17594 1.17594 1.17594 1.17594 1.17594 1.17594 1.17594 1.17594 1.17594 1.17594 0.00000 0.00000 0.00000 0.00000 0.00000 0.00000 0.00000 0.00000
0.00000 4.09216 4.09216 4.09216 4.09216 4.09216 4.09216 4.09216 4.09216 4.09216 4.09216 4.09216 4.09216 4.09216 4.09216 3.04102 2.29031 2.29031 2.29031 2.29031 2.28541 1.10242 0.964538 0.964538 0.964538 0.964538 0.964538 0.964538 0.964538 0.964538 0.964584 0.968238 0.974168 0.980093 0.986024 0.991034 1.24310 1.49477 1.49477 1.46556 1.17791 1.17594 1.17594 1.17594 1.17594 1.17594 1.17594 1.17594 1.17594 1.17594 1.17594 1.17594 1.17594 1.17594 1.17594 1.17594 1.17594 1.17594 1.17594 0.00000 0.00000 0.00000 0.00000 0.00000 0.00000 0.00000
0.00000 4.09216 4.09216 4.09216 4.09216 4.09216 4.09216 4.09216 4.09216 4.09216 4.09216 4.09216 4.09216 4.09216 4.09216 3.50411 2.29031 2.29031 2.29031 2.29031 2.29031 1.48742 0.964538 0.964538 0.964538 0.964538 0.965960 0.971609 0.977537 0.983465 0.989347 0.991619 0.991619 0.991619 0.991619 0.991619 1.13929 1.49477 1.49477 1.49477 1.24146 1.17594 1.17594 1.17594 1.17594 1.17594 1.17594 1.17594 1.17594 1.17594 1.17594 1.17594 1.17594 1.17594 1.17594 1.17594 1.17594 1.17594 1.17594 0.00000 0.00000 0.00000 0.00000 0.00000 0.00000 0.00000
0.00000 4.09216 4.09216 4.09216 4.09216 4.09216 4.09216 4.09216 4.09216 4.09216 4.09216 4.09216 4.09216 4.09216 4.09216 4.03088 2.32624 2.29031 2.29031 2.29031 2.29031 1.87648 0.969050 0.974981 0.980906 0.986836 0.991340 0.991619 0.991619 0.991619 0.991619 0.991619 0.991619 0.991619 0.991619 0.991619 1.06065 1.49477 1.49477 1.49477 1.33430 1.17594 1.17594 1.17594 1.17594 1.17594 1.17594 1.17594 1.17594 1.17594 1.17594 1.17594 1.17594 1.17594 1.17594 1.17594 1.17594 1.30448 1.62406 0.00000 0.00000 0.00000 0.00000 0.00000 0.00000 0.00000
0.00000 0.00000 4.09216 4.09216 4.09216 4.09216 4.09216 4.09216 4.09216 4.09216 4.09216 4.09216 4.09216 4.09216 4.09216 4.09216 2.53451 2.22976 1.98317 1.72336 1.46366 1.20585 0.995943 0.991619 0.991619 0.991619 0.991619 0.991619 0.991619 0.991619 0.991619 0.991619 0.991619 0.991619 0.991619 0.991619 1.00260 1.48068 1.49477 1.49477 1.42711 1.17594 1.17594 1.17594 1.17594 1.17594 1.17594 1.17594 1.17594 1.17594 1.17594 1.17594 1.23528 1.51782 1.82167 2.12566 2.42949 2.60481 2.60581 2.60581 0.00000 0.00000 0.00000 0.00000 0.00000 0.00000
