High_resolution/powerplant/Fengdu/OMI_NO2_200909.asc
ncols      200
nrows      200
xllcorner       105.978
yllcorner       28.1831
cellsize     0.0166667
NODATA_Value      -999.000
[rows 145 to 173 of 200, columns 132 to 197 of 200]
1.60914 1.60914 1.60914 1.60914 1.61442 1.77071 1.77886 1.77886 1.77886 1.77886 1.77886 1.77886 1.77886 1.77886 1.77886 1.43503 1.18754 1.18754 1.18754 1.18754 1.18754 1.18754 1.18754 1.14889 1.05009 0.914355 0.717052 0.596219 0.597915 0.713791 0.719991 0.719991 0.719991 0.719991 0.719991 0.719991 0.780144 0.843763 0.843763 0.843763 0.843763 0.843763 0.843763 0.843763 0.843763 0.843763 0.566610 0.467898 0.467898 0.467898 0.467898 0.425531 0.0920324 0.0920324 0.0920324 0.0920324 0.0920324 0.0920324 0.101412 0.291912 0.552132 0.812063 1.03283 1.05904 1.05904 1.05904
1.60914 1.60914 1.60914 1.60914 1.60914 1.72291 1.77886 1.77886 1.77886 1.77886 1.77886 1.77886 1.77886 1.77886 1.77886 1.58629 1.18754 1.18754 1.18754 1.15484 1.05839 0.926013 0.734216 0.596219 0.596219 0.596219 0.596219 0.596219 0.596219 0.689414 0.719991 0.719991 0.719991 0.719991 0.719991 0.719991 0.755044 0.843763 0.843763 0.843763 0.843763 0.843763 0.843763 0.843763 0.843763 0.843763 0.686898 0.467898 0.467898 0.468073 0.493532 0.536052 0.193216 0.0920324 0.0920324 0.218613 0.478640 0.738861 0.989411 1.05904 1.05904 1.05904 1.05904 1.05904 1.05904 1.05904
1.60914 1.60914 1.60914 1.60914 1.60914 1.66982 1.77886 1.77886 1.77886 1.77886 1.77886 1.77886 1.77886 1.77886 1.77886 1.75670 1.07776 0.937541 0.751369 0.597400 0.596219 0.596219 0.596219 0.596219 0.596219 0.596219 0.596219 0.596219 0.596219 0.652786 0.719991 0.719991 0.719991 0.719991 0.719991 0.719991 0.735972 0.843763 0.843763 0.843763 0.843763 0.843763 0.843763 0.843763 0.843763 0.844497 0.885302 0.555476 0.581715 0.624758 0.642517 0.674815 0.632708 0.665562 0.925492 1.05904 1.05904 1.05904 1.05904 1.05904 1.05904 1.05904 1.05904 1.05904 1.05904 1.05904
1.60914 1.60914 1.60914 1.60914 1.60914 1.62014 1.77550 1.77886 1.77886 1.77886 1.77886 1.77886 1.77886 1.77886 1.77886 1.77886 0.596219 0.596219 0.596219 0.596219 0.596219 0.596219 0.596219 0.596219 0.596219 0.596219 0.596219 0.596219 0.596219 0.604104 0.717181 0.719991 0.719991 0.719991 0.719991 0.719991 0.722208 0.839124 0.843763 0.843763 0.843763 0.845160 0.902296 0.988627 1.07503 1.16073 1.19300 0.784601 0.762522 0.892535 1.02265 1.12031 1.11463 1.05904 1.05904 1.05904 1.05904 1.05904 1.05904 1.05904 1.05904 1.05904 1.05904 1.05904 1.05904 1.05904
1.60914 1.60914 1.60914 1.60914 1.60914 1.60914 1.73336 1.77886 1.77886 1.77886 1.77886 1.77886 0.00000 0.00000 0.00000 0.00000 0.596219 0.596219 0.596219 0.596219 0.596219 0.596219 0.596219 0.596219 0.596219 0.596219 0.596219 0.596219 0.596219 0.596219 0.737949 0.766598 0.773479 0.780788 0.788786 0.797475 0.806985 0.842170 0.905928 0.992329 1.07870 1.16370 1.19300 1.19300 1.19300 1.19300 1.19300 1.16170 1.12602 1.12602 1.12602 1.12602 1.12494 1.06474 1.05904 1.05904 1.05904 1.05904 1.05904 1.05904 1.05904 1.05904 1.05904 1.05904 1.05904 1.05904
1.60914 1.60914 1.60914 1.60914 1.60914 1.60914 1.67501 1.77886 0.00000 0.00000 0.00000 0.00000 0.00000 0.00000 0.00000 0.00000 0.596219 0.596219 0.596219 0.596219 0.596219 0.596219 0.00000 0.00000 0.00000 0.00000 0.00000 0.00000 0.00000 0.00000 0.843763 0.843763 0.843763 0.846697 0.909560 0.995961 1.08233 1.16663 1.19300 1.19300 1.19300 1.19300 1.19300 1.19300 1.19300 1.19300 1.19300 1.18888 1.12772 1.12602 1.12602 1.12602 1.12602 1.09123 1.05904 1.05904 1.05904 1.05904 1.05904 1.05904 1.05904 1.05904 1.05904 1.05904 1.05904 1.05904
1.60914 1.60914 1.60914 1.60914 0.00000 0.00000 0.00000 0.00000 0.00000 0.00000 0.00000 0.00000 0.00000 0.00000 0.00000 0.00000 0.00000 0.00000 0.00000 0.00000 0.00000 0.00000 0.00000 0.00000 0.00000 0.00000 0.00000 0.00000 0.00000 0.00000 0.844658 0.997105 1.08599 1.16943 1.19300 1.19300 1.19300 1.19300 1.19300 1.19300 1.19300 1.19300 1.19300 1.19300 1.19300 1.19300 1.19300 1.19300 1.13966 1.12602 1.12602 1.12602 1.12602 1.11029 1.05904 1.05904 1.05904 1.05904 1.05904 1.05904 1.05904 1.05904 1.05904 1.05904 1.05904 1.09965
0.00000 0.00000 0.00000 0.00000 0.00000 0.00000 0.00000 0.00000 0.00000 0.00000 0.00000 0.00000 0.00000 0.00000 0.00000 0.00000 0.00000 0.00000 0.00000 0.00000 0.00000 0.00000 0.00000 0.00000 0.00000 0.00000 0.00000 0.00000 0.00000 0.00000 0.00000 1.19300 1.19300 1.19300 1.19300 1.19300 1.19300 1.19300 1.19300 1.19300 1.19300 1.19300 1.19300 1.19300 1.19300 1.19300 1.19300 1.19300 1.15895 1.12602 1.12602 1.12602 1.12602 1.12301 1.06026 1.05904 1.05904 1.05904 1.05904 1.05904 1.05904 1.07736 1.17929 1.29144 1.40367 1.47517
0.00000 0.00000 0.00000 0.00000 0.00000 0.00000 0.00000 0.00000 0.00000 0.00000 0.00000 0.00000 0.00000 0.00000 0.00000 0.00000 0.00000 0.00000 0.00000 0.00000 0.00000 0.00000 0.00000 0.00000 0.00000 0.00000 0.00000 0.00000 0.00000 0.00000 0.00000 1.19300 1.19300 1.19300 1.19300 1.19300 1.19300 1.19300 1.19300 1.19300 1.19300 1.19300 1.19300 1.19300 1.19300 1.19300 1.19300 1.19300 1.18652 1.12706 1.12602 1.12602 1.13372 1.25039 1.20040 1.05904 1.05904 1.06379 1.14794 1.26009 1.37229 1.46616 1.47642 1.47642 1.47642 1.47642
0.00000 0.00000 0.00000 0.00000 0.00000 0.00000 0.00000 0.00000 0.00000 0.00000 0.00000 0.00000 0.00000 0.00000 0.00000 0.00000 0.00000 0.00000 0.00000 0.00000 0.00000 0.00000 0.00000 0.00000 0.00000 0.00000 0.00000 0.00000 0.00000 0.00000 0.00000 1.19300 1.19300 1.19300 1.19300 1.19300 1.19300 1.19300 1.19300 1.19300 1.19300 1.19300 1.19300 1.19300 1.19300 1.19300 1.19300 1.19300 1.21296 1.29226 1.40957 1.56189 1.70642 1.74203 1.57001 1.22875 1.34098 1.44833 1.47642 1.47642 1.47642 1.47642 1.47642 1.47642 1.47642 1.47642
0.00000 0.00000 0.00000 0.00000 0.00000 0.00000 0.00000 0.00000 0.00000 0.00000 0.00000 0.00000 0.00000 0.00000 0.00000 0.00000 0.00000 0.00000 0.00000 0.00000 0.00000 0.00000 0.00000 0.00000 0.00000 0.00000 0.00000 0.00000 0.00000 0.00000 0.00000 0.00000 1.19300 1.19300 1.19300 1.19300 1.19300 1.19300 1.19300 1.19300 1.19300 1.19300 1.19300 1.19300 1.21776 1.46885 1.77341 2.07821 2.36293 2.04974 1.75712 1.81121 1.86731 1.92340 1.90771 1.47642 1.47642 1.47642 1.47642 1.47642 1.47642 1.47642 1.47642 1.47642 1.47642 1.47642
0.00000 0.00000 0.00000 0.00000 0.00000 0.00000 0.00000 0.00000 0.00000 0.00000 0.00000 0.00000 0.00000 0.00000 0.00000 0.00000 0.00000 0.00000 0.00000 0.00000 0.00000 0.00000 0.00000 0.00000 0.00000 0.00000 0.00000 0.00000 0.00000 0.00000 0.00000 0.00000 1.19300 1.19300 1.19300 1.19300 1.19300 1.19300 1.19300 1.19300 1.22417 1.48216 1.78683 2.09155 2.37143 2.42502 2.42502 2.42502 2.42502 2.35192 1.95267 1.95072 1.95072 1.95072 1.95065 1.59116 1.47642 1.47642 1.47642 1.47642 1.47642 1.47642 1.47642 1.47642 1.47642 1.47642
0.00000 0.00000 0.00000 0.00000 0.00000 0.00000 0.00000 0.00000 0.00000 0.00000 0.00000 0.00000 0.00000 0.00000 0.00000 0.00000 0.00000 0.00000 0.00000 0.00000 0.00000 0.00000 0.00000 0.00000 0.00000 0.00000 0.00000 0.00000 0.00000 0.00000 0.00000 0.00000 1.19300 1.19300 1.19300 1.19300 1.22996 1.49583 1.80051 2.10506 2.37870 2.42502 2.42502 2.42502 2.42502 2.42502 2.42502 2.42502 2.42502 2.42502 2.02279 1.95072 1.95072 1.95072 1.95072 1.76659 1.47642 1.47642 1.47642 1.47642 1.47642 1.47642 1.47642 1.47642 1.47642 1.47642
0.00000 0.00000 0.00000 0.00000 0.00000 0.00000 0.00000 0.00000 0.00000 0.00000 0.00000 0.00000 0.00000 0.00000 0.00000 0.00000 0.00000 0.00000 0.00000 0.00000 0.00000 0.00000 0.00000 0.00000 0.00000 0.00000 1.72421 1.72421 1.72421 1.72421 1.72421 1.72421 1.72028 1.57398 1.78491 1.98151 2.14119 2.15062 2.13667 2.12353 2.20422 2.42502 2.42502 2.42502 2.42502 2.42502 2.42502 2.42502 2.42502 2.42502 2.14705 1.95072 1.95072 1.95072 1.95072 1.88113 1.47642 1.47642 1.47642 1.47642 1.47642 1.47642 1.47642 1.47642 1.47642 1.47642
0.00000 0.00000 0.00000 0.00000 0.00000 0.00000 0.00000 0.00000 0.00000 0.00000 0.00000 0.00000 0.00000 0.00000 0.00000 0.00000 0.00000 0.00000 0.00000 0.00000 1.72421 1.72421 1.72421 1.72421 1.72421 1.72421 1.72421 1.72421 1.72551 1.73424 1.74130 1.74631 1.74960 1.94515 2.07461 2.07461 2.07461 2.07461 2.07461 2.07461 2.12053 2.42502 2.42502 2.42502 2.42502 2.42502 2.42502 2.42502 2.42502 2.42502 2.33878 1.95241 1.95072 1.95072 1.95072 1.94646 1.53474 1.47642 1.47642 1.47642 1.47642 1.47642 1.47642 1.47642 1.51800 1.63660
0.00000 0.00000 0.00000 0.00000 0.00000 0.00000 0.00000 0.00000 0.00000 0.00000 0.00000 0.00000 0.00000 0.00000 0.00000 0.00000 0.00000 0.00000 0.00000 0.00000 1.72421 1.72421 1.72421 1.72421 1.72516 1.73366 1.74090 1.74602 1.74948 1.74999 1.74999 1.74999 1.74999 1.84567 2.07461 2.07461 2.07461 2.07461 2.07461 2.07461 2.08122 2.41276 2.42502 2.42502 2.42502 2.42502 2.42502 2.42502 2.42502 2.42502 2.42502 2.01199 1.95072 1.95072 1.95072 1.94193 1.67354 1.47642 1.47642 1.47642 1.49482 1.60313 1.72334 1.84364 1.92227 1.92397
0.00000 0.00000 0.00000 0.00000 0.00000 0.00000 0.00000 0.00000 0.00000 0.00000 0.00000 0.00000 0.00000 0.00000 0.00000 0.00000 0.00000 0.00000 0.00000 0.00000 1.72547 1.73307 1.74050 1.74572 1.74935 1.74999 1.74999 1.74999 1.74999 1.74999 1.74999 1.74999 1.74999 1.76054 2.06014 2.07461 2.07461 2.07461 2.07461 2.07461 2.07461 2.31160 2.42502 2.42502 2.42502 2.42502 2.42502 2.42502 2.42502 2.42502 2.42502 2.12179 1.87698 1.78572 1.65798 1.50046 1.48094 1.56965 1.68991 1.81016 1.91198 1.92397 1.92397 1.92397 1.92397 1.92397
0.00000 0.00000 0.00000 0.00000 0.00000 0.00000 0.00000 0.00000 0.00000 0.00000 0.00000 0.00000 0.00000 0.00000 0.00000 0.00000 1.77576 1.77576 1.77576 1.77576 1.76353 1.74999 1.74999 1.74999 1.74999 1.74999 1.74999 1.74999 1.74999 1.74999 1.74999 1.74999 1.74999 1.74999 1.97110 2.07461 2.07461 2.07461 2.07461 2.07461 2.07461 2.22279 2.42502 2.42502 2.42502 2.42502 2.42502 2.42502 2.42502 2.42502 2.42502 1.60870 1.47642 1.53617 1.65643 1.77669 1.89238 1.92397 1.92397 1.92397 1.92397 1.92397 1.92397 1.92397 1.92397 1.92397
0.00000 0.00000 0.00000 0.00000 0.00000 0.00000 0.00000 0.00000 0.00000 0.00000 0.00000 0.00000 1.77576 1.77576 1.77576 1.77576 1.77576 1.77576 1.77576 1.77576 1.77202 1.75002 1.74999 1.74999 1.74999 1.74999 1.74999 1.74999 1.74999 1.74999 1.74999 1.74999 1.74999 1.74660 1.84118 2.00469 1.97237 1.94154 1.91238 1.88444 2.01847 2.15737 2.42502 2.42502 2.42502 2.42502 2.42502 2.42502 0.00000 0.00000 0.00000 0.00000 1.85944 1.92397 1.92397 1.92397 1.92397 1.92397 1.92397 1.92397 1.92397 1.92397 1.92397 1.92397 1.92397 1.92397
0.00000 0.00000 0.00000 0.00000 0.00000 0.00000 0.00000 0.00000 1.70178 1.70178 1.70334 1.77429 1.77576 1.77576 1.77576 1.77576 1.77576 1.77576 1.77576 1.72122 1.54747 1.59634 1.58390 1.56490 1.54646 1.52908 1.51225 1.49624 1.48082 1.46601 1.45181 1.43812 1.42497 1.41380 1.42950 1.62611 1.62866 1.62866 1.62866 1.61058 1.77547 1.96991 2.42502 2.42502 0.00000 0.00000 0.00000 0.00000 0.00000 0.00000 0.00000 0.00000 1.92397 1.92397 1.92397 1.92397 1.92397 1.92397 1.92397 1.92397 1.92397 1.92397 1.92397 1.92397 1.92397 1.92397
0.00000 0.00000 0.00000 0.00000 0.00000 1.70178 1.70178 1.70178 1.70178 1.70178 1.70178 1.75759 1.77576 1.77576 1.77576 1.77576 1.77576 1.77576 1.77576 1.68866 1.25641 1.36998 1.41224 1.41224 1.41224 1.41224 1.41224 1.41224 1.41224 1.41224 1.41224 1.41223 1.40873 1.40279 1.39652 1.54329 1.51484 1.40370 1.25558 1.10641 1.19815 1.72421 1.72421 0.00000 0.00000 0.00000 0.00000 0.00000 0.00000 0.00000 0.00000 0.00000 1.92397 1.92397 1.92397 1.92397 1.92397 1.92397 1.92397 1.92397 1.92397 1.92397 1.92397 1.92397 1.92397 1.92397
0.00000 1.70178 1.70178 1.70178 1.70178 1.70178 1.70178 1.70178 1.70178 1.70178 1.70178 1.73464 1.77576 1.77576 1.77576 1.77576 1.77576 1.77576 1.77576 1.77576 1.29071 1.31088 1.35276 1.34445 1.33571 1.32663 1.31701 1.30705 1.29641 1.28543 1.27363 1.24759 1.18925 1.13410 1.07893 0.951613 0.736749 0.736749 0.736749 0.736749 0.736749 0.00000 0.00000 0.00000 0.00000 0.00000 0.00000 0.00000 0.00000 0.00000 0.00000 0.00000 1.92397 1.92397 1.92397 1.92397 1.92397 1.92397 1.92397 1.92397 1.92397 1.92397 1.92397 1.92397 1.92397 1.92397
1.70178 1.70178 1.70178 1.70178 1.70178 1.70178 1.70178 1.70178 1.70178 1.70178 1.70178 1.71174 1.77571 1.77576 1.77576 1.77576 1.77576 1.77576 1.77576 1.77576 1.36251 1.25626 1.25626 1.25626 1.25626 1.25626 1.25626 1.24461 1.19279 1.13762 1.08242 1.04133 1.03905 1.03905 1.03905 1.01441 0.736749 0.736749 0.736749 0.736749 0.736749 0.736749 0.00000 0.00000 0.00000 0.00000 0.00000 0.00000 0.00000 0.00000 0.00000 0.00000 0.00000 1.92397 1.92397 1.92397 1.92397 1.92397 1.92397 1.92397 1.92397 1.92397 1.92397 1.92397 1.92397 1.92397
1.70178 1.70178 1.70178 1.70178 1.70178 1.70178 1.70178 1.70178 1.70178 1.70178 1.70178 1.70178 1.76276 1.77576 1.77576 1.77576 1.77576 1.77576 1.77576 1.77576 1.45564 1.25626 1.25626 1.24679 1.19628 1.14114 1.08596 1.04239 1.03905 1.03905 1.03905 1.03905 1.03905 1.03905 1.03905 1.03905 0.817568 0.736749 0.736749 0.736749 0.736749 0.736749 0.00000 0.00000 0.00000 0.00000 0.00000 0.00000 0.00000 0.00000 0.00000 0.00000 0.00000 1.92397 1.92397 1.92397 1.92397 1.92397 1.92397 1.92397 1.92397 1.92397 1.92397 1.92397 0.00000 0.00000
1.70178 1.70178 1.70178 1.70178 1.70178 1.70178 1.70178 1.70178 1.70178 1.70178 1.70178 1.70178 1.73982 1.77576 1.77576 1.77576 1.77576 1.77576 1.77576 1.76069 1.48966 1.14465 1.08946 1.04378 1.03905 1.03905 1.03905 1.03905 1.03905 1.03905 1.03905 1.03905 1.03905 1.03905 1.03905 1.03905 0.926983 0.736749 0.736749 0.736749 0.736749 0.736749 0.00000 0.00000 0.00000 0.00000 0.00000 0.00000 0.00000 0.00000 0.00000 0.00000 0.00000 1.92397 1.92397 1.92397 1.92397 1.92397 1.92397 1.92397 0.00000 0.00000 0.00000 0.00000 0.00000 0.00000
1.70178 1.70178 1.70178 1.70178 1.70178 1.70178 1.70178 1.70178 1.70178 1.70178 1.70178 1.70178 1.71688 1.77576 1.77576 1.76421 1.66990 1.55960 1.44926 1.35386 1.32101 1.04210 1.03905 1.03905 1.03905 1.03905 1.03905 1.03905 1.03905 1.03905 1.03905 1.03905 1.03905 1.03905 1.03905 1.03905 0.998643 0.736749 0.736749 0.738267 0.746363 0.756548 0.00000 0.00000 0.00000 0.00000 0.00000 0.00000 0.00000 0.00000 0.00000 0.00000 0.00000 0.00000 1.92397 1.92397 0.00000 0.00000 0.00000 0.00000 0.00000 0.00000 0.00000 0.00000 0.00000 0.00000
1.70178 1.70178 1.70178 1.70178 1.70178 1.70178 1.70178 1.70178 1.70178 1.70178 1.70178 1.70584 1.75822 1.61042 1.45621 1.35751 1.34135 1.34135 1.34135 1.34135 1.34135 1.07332 1.04350 1.04793 1.05232 1.05676 1.06114 1.06557 1.06998 1.07438 1.07882 1.08321 1.08763 1.09203 1.09645 1.10086 1.10392 0.912520 0.886850 0.894156 0.894883 0.894883 0.00000 0.00000 0.00000 0.00000 0.00000 0.00000 0.00000 0.00000 0.00000 0.00000 0.00000 0.00000 0.00000 0.00000 0.00000 0.00000 0.00000 0.00000 0.00000 0.00000 0.00000 0.00000 0.00000 0.00000
1.70178 1.70178 1.70178 1.70178 1.70178 1.70178 1.70178 1.70279 1.74641 1.81231 1.87822 1.94006 1.95390 1.59579 1.34135 1.34135 1.34135 1.34135 1.34135 1.34135 1.34135 1.17658 1.11811 1.11811 1.11811 1.11811 1.11811 1.11811 1.11811 1.11811 1.11811 1.11811 1.11811 1.11811 1.11811 1.11811 1.11811 1.01641 0.894883 0.894883 0.894883 0.894883 0.894883 0.00000 0.00000 0.00000 0.00000 0.00000 0.00000 0.00000 0.00000 0.00000 0.00000 0.00000 0.00000 0.00000 0.00000 0.00000 0.00000 0.00000 0.00000 0.00000 0.00000 1.21906 1.21906 1.21906
1.70178 1.70178 1.70178 1.70178 1.73484 1.80077 1.86670 1.93157 1.95390 1.95390 1.95390 1.95390 1.95390 1.78540 1.34135 1.34135 1.34135 1.34135 1.34135 1.34135 1.34135 1.22103 1.11811 1.11811 1.11811 1.11811 1.11811 1.11811 1.11811 1.11811 1.11811 1.11811 1.11811 1.11811 1.10151 1.06443 1.02717 0.974341 0.894883 0.894883 0.894883 0.894883 0.894883 0.00000 0.00000 0.00000 0.00000 0.00000 0.00000 0.00000 0.00000 0.00000 0.00000 0.00000 0.00000 0.00000 0.00000 0.00000 1.21906 1.21906 1.21906 1.21906 1.21906 1.21906 1.21906 1.21906
