High_resolution/powerplant/Fengdu/OMI_NO2_200605.asc
ncols      200
nrows      200
xllcorner       105.978
yllcorner       28.1831
cellsize     0.0166667
NODATA_Value      -999.000
[rows 0 to 29 of 200, columns 132 to 197 of 200]
2.67891 2.64286 2.67289 2.68159 2.66864 2.63435 2.60357 2.57551 2.56344 2.56344 2.61689 2.67565 2.67565 2.67565 2.67565 2.67565 2.67565 2.67565 2.67565 2.49413 2.08729 0.00000 0.599119 0.599119 0.599119 0.599119 0.599119 0.599119 0.599119 0.599119 0.599119 0.599119 0.599119 0.595560 0.513523 0.432025 0.375203 0.335446 0.327699 0.330785 0.338089 0.344320 0.349664 0.351468 0.249954 0.408023 0.418821 0.418821 0.418821 0.418821 0.424631 0.433706 0.457382 1.11007 1.17723 1.14475 1.13849 1.26520 1.39473 1.20968 1.10347 1.09952 1.09555 1.09176 1.08809 1.08451
2.48661 2.45499 2.55382 2.58156 2.56391 2.56344 2.56344 2.56344 2.56344 2.56344 2.59081 2.67565 2.67565 2.67565 2.67565 2.67565 2.67565 2.67565 2.71888 2.74816 1.54134 0.611487 0.614949 0.619946 0.624893 0.629487 0.633849 0.637985 0.641856 0.644940 0.587867 0.516370 0.464530 0.426548 0.461408 0.530613 0.568621 0.431171 0.434004 0.436759 0.440042 0.443163 0.446327 0.449353 0.420555 0.509600 0.585960 0.588575 0.597129 0.636131 0.670476 0.698049 0.788077 1.08059 1.31058 1.40232 1.47608 1.48840 1.48784 1.29139 1.06143 1.07857 1.09404 1.10808 1.12091 1.13261
2.33623 2.32105 2.36558 2.44525 2.42480 2.37168 2.31685 2.26530 2.31606 2.36189 2.35112 2.38255 2.36729 2.35183 2.42421 2.49661 2.54513 2.59260 2.60435 2.58447 1.67823 0.697402 0.692147 0.703196 0.719076 0.734963 0.710567 0.657641 0.616057 0.615224 0.652605 0.700622 0.742962 0.780966 0.800107 0.806927 0.813193 0.626421 0.607896 0.615970 0.623742 0.631553 0.639116 0.646675 0.662544 0.748202 0.851768 0.878174 0.980805 1.08069 1.16976 1.24970 1.29082 1.33802 1.47363 1.47363 1.46832 1.46455 1.46275 1.40967 1.17495 1.17495 1.17495 1.17495 1.17495 1.17495
2.01330 1.98909 1.97675 2.05737 2.03813 2.03858 2.04213 2.04562 2.13083 2.27156 2.36982 2.49671 2.56826 2.62505 2.60704 2.58835 2.58891 2.58947 2.59002 2.59510 2.23562 1.08461 0.979927 0.913376 0.874442 0.849465 0.850934 0.874029 0.894941 0.901665 0.901665 0.901665 0.901665 0.901665 0.901665 0.901665 0.901665 0.784769 0.703006 0.703006 0.707870 0.761844 0.828496 0.937763 1.06613 1.00201 1.21186 1.28118 1.29122 1.29122 1.29122 1.29122 1.29122 1.29525 1.46395 1.47363 1.46672 1.46063 1.46063 1.45948 1.20974 1.17495 1.17495 1.17400 1.16033 1.14273
1.99339 1.99333 1.99333 2.07224 2.09389 2.10931 2.20331 2.28331 2.35951 2.61932 2.58073 2.57748 2.59215 2.59215 2.59215 2.59215 2.59215 2.59215 2.60898 2.69023 2.68956 1.33027 0.877047 0.896852 0.901665 0.901665 0.901665 0.901665 0.901665 0.901665 0.901665 0.901665 0.901665 0.901665 0.901665 0.901665 0.904019 0.893799 0.820656 0.887308 0.949069 1.16309 1.25249 1.28296 1.28296 1.17740 1.23587 1.29122 1.29122 1.29122 1.29122 1.29122 1.29122 1.29122 1.41542 1.47363 1.47042 1.46063 1.45598 1.44161 1.26590 1.11694 1.09933 1.08268 1.07874 1.07874
1.99004 2.02112 2.13018 2.28143 2.38834 2.41955 2.36178 2.31833 2.31821 2.55705 2.59215 2.59215 2.59215 2.59330 2.61615 2.69467 2.78358 2.87241 2.94446 2.95221 2.95182 1.85200 0.906173 0.901665 0.901665 0.901665 0.901665 0.901665 0.901665 0.901665 0.901665 0.901665 0.902389 0.944848 1.01150 1.07813 1.14240 1.15273 0.968581 0.961748 0.961748 1.17122 1.28296 1.28296 1.29335 1.28713 1.24958 1.29122 1.29122 1.29122 1.29122 1.29122 1.29227 1.32894 1.41028 1.42500 1.40737 1.39072 1.38076 1.38046 1.30404 1.07874 1.07874 1.08306 1.10332 1.12507
2.11005 2.33626 2.26405 2.22810 2.30999 2.29937 2.28909 2.27897 2.29540 2.49491 2.63095 2.69919 2.78814 2.87585 2.94187 2.95221 2.95221 2.95221 2.95221 2.95221 2.96850 2.31895 1.06548 0.901665 0.901665 0.901665 0.901665 0.901665 0.901690 0.937009 1.00369 1.07031 1.13624 1.16041 1.16041 1.16041 1.16041 1.16041 1.01891 0.961748 0.967929 1.12368 1.39882 1.46494 1.52305 1.51712 1.32926 1.29743 1.34414 1.39815 1.45213 1.50614 1.55903 1.57637 1.55510 1.37799 1.37743 1.37958 1.38046 1.38417 1.39354 1.14171 1.14687 1.16425 1.16574 1.16574
1.73497 2.11037 2.10289 2.09611 2.19376 2.22145 2.23689 2.27794 2.39075 2.65435 2.93166 2.95221 2.95221 2.95221 2.95221 2.95221 2.95221 2.95221 2.95221 2.95221 2.96135 2.69274 1.30813 0.938105 0.972930 0.934385 0.995846 1.06247 1.12910 1.16041 1.16041 1.16041 1.16041 1.16041 1.16041 1.16041 1.16497 1.21403 1.18761 1.12056 1.17955 1.20283 1.53247 1.59648 1.65043 1.70382 1.61952 1.56910 1.57637 1.57637 1.57637 1.57637 1.57637 1.57637 1.57637 1.41886 1.40244 1.42206 1.43737 1.44076 1.36623 1.20510 1.17356 1.17691 1.18028 1.18372
1.67015 2.03404 2.11576 2.13718 2.27589 2.38738 2.43860 2.46422 2.48202 2.65510 2.95141 2.95221 2.95221 2.95221 2.95221 2.94643 2.92596 2.90524 2.88671 2.86998 2.87013 2.83620 1.85861 1.26300 1.31586 1.20922 1.16041 1.16041 1.16090 1.16639 1.17288 1.17945 1.18836 1.24048 1.31480 1.39794 1.48462 1.54884 1.60538 1.44909 1.52460 1.60024 1.83624 1.91088 1.91737 1.92373 1.81691 1.65679 1.65701 1.66045 1.66383 1.67193 1.69579 1.72083 1.74584 1.60701 1.41250 1.31310 1.24056 1.16699 1.15821 1.20061 1.28593 1.28633 1.28720 1.28811
1.74416 2.01595 2.27975 2.31764 2.36839 2.47922 2.48573 2.49229 2.50274 2.66504 2.92933 2.97069 2.95213 2.93876 2.92667 2.91984 2.92377 2.90657 2.90430 2.90614 2.91228 2.94237 2.37247 1.60919 1.48391 1.41458 1.33596 1.34262 1.34958 1.39625 1.47171 1.55670 1.69727 1.80495 1.88597 1.96699 2.04797 2.08923 2.08928 1.83173 1.78161 1.78165 1.87664 2.00320 2.00324 2.00328 1.93284 1.70030 1.69470 1.71502 1.72003 1.64178 1.53694 1.43081 1.32476 1.22642 1.07374 1.07686 1.12236 1.12921 1.12996 1.13904 1.25220 1.25436 1.25437 1.25437
2.02344 2.11772 2.48028 2.49108 2.50534 2.65664 2.67840 2.69397 2.70509 2.81845 2.95893 3.01374 2.99860 2.96168 2.94871 2.94479 2.94163 2.96138 2.96625 2.96708 2.96791 2.98938 2.65708 1.83435 1.50699 1.50889 1.46625 1.60433 1.77942 1.89818 1.97924 2.05949 2.09027 2.09027 2.09027 2.09027 2.09027 2.09027 2.09027 1.92227 1.78251 1.78251 1.80394 2.00204 2.00685 2.00952 1.91049 1.64839 1.46892 1.36407 1.27430 1.26289 1.26230 1.26173 1.26120 1.25822 1.10506 1.09441 1.11632 1.13191 1.13191 1.13191 1.22144 1.25437 1.25437 1.25437
2.14050 2.16365 2.53159 2.59437 2.60536 2.69439 2.73122 2.73071 2.72222 2.75007 2.86407 2.95619 2.94468 2.96652 2.97560 2.97560 2.97560 2.97560 2.97560 2.97560 2.97560 2.95755 2.73724 2.00922 1.94237 2.04857 2.07036 2.09027 2.09027 2.09027 2.09027 2.09027 2.09027 2.09027 2.09027 2.09027 2.09027 2.09027 2.09027 2.01221 1.78588 1.78997 1.79642 1.80544 1.68182 1.56949 1.49162 1.37817 1.26100 1.26051 1.26020 1.26019 1.26019 1.26019 1.26019 1.26019 1.15117 1.09441 1.10618 1.13191 1.13191 1.14154 1.23534 1.36135 1.41027 1.45925
2.22256 2.25070 2.45750 2.61282 2.59692 2.60761 2.65524 2.65126 2.65590 2.71495 2.86024 2.98943 2.98695 2.97560 2.97560 2.97560 2.97476 2.94751 2.86504 2.77835 2.69174 2.62744 2.56968 2.22499 2.10352 2.12997 2.10254 2.09027 2.09027 2.09027 2.09027 2.09027 2.09027 2.09027 2.09027 2.09046 2.09323 2.09120 2.08205 2.06793 1.82043 1.80771 1.80794 1.65973 1.49127 1.49127 1.48010 1.41344 1.26132 1.26019 1.26019 1.26019 1.26019 1.26019 1.26019 1.26017 1.20795 1.16140 1.20436 1.27984 1.32119 1.35233 1.37679 1.52127 1.52127 1.52127
2.19700 2.21061 2.27082 2.51701 2.52911 2.57356 2.69846 2.69919 2.70026 2.71191 2.84710 2.96086 2.97971 2.94204 2.86595 2.77932 2.69346 2.63408 2.62988 2.62988 2.62988 2.62895 2.60012 2.35906 2.06570 2.12997 2.11320 2.09027 2.09027 2.09027 2.09027 2.09035 2.09223 2.08591 2.07715 2.06910 2.05968 2.05419 2.05415 2.05415 1.88860 1.80794 1.80794 1.76210 1.49165 1.49127 1.49027 1.43336 1.28938 1.26019 1.25987 1.25670 1.25286 1.24902 1.24519 1.24139 1.24666 1.31630 1.31683 1.34582 1.35433 1.35433 1.35197 1.48185 1.50168 1.49325
2.17659 2.25433 2.31042 2.63380 2.67430 2.68540 2.79933 2.82784 2.82587 2.81288 2.75500 2.75197 2.75136 2.65613 2.62988 2.62988 2.62988 2.62988 2.62988 2.62988 2.62988 2.62988 2.61041 2.47827 2.07225 2.12447 2.09508 2.03978 2.02952 2.08076 2.07245 2.06487 2.05645 2.05415 2.05415 2.05415 2.05415 2.05415 2.05415 2.05415 1.96025 1.80794 1.80794 1.80794 1.53853 1.49031 1.48664 1.43633 1.32284 1.24406 1.24056 1.23990 1.23990 1.23990 1.23990 1.23990 1.23990 1.30099 1.31446 1.32639 1.33800 1.33096 1.33481 1.43616 1.48748 1.48748
2.31629 2.33021 2.35767 2.57598 2.71489 2.71267 2.71682 2.68925 2.62563 2.56353 2.54431 2.58114 2.68391 2.66070 2.62988 2.62988 2.62988 2.62988 2.63009 2.62671 2.60626 2.58378 2.54910 2.42974 2.08697 1.95349 1.96423 1.96235 1.96066 2.04469 2.05415 2.05415 2.05415 2.05415 2.05415 2.05415 2.05415 2.04989 2.04045 2.03095 1.96374 1.75845 1.74506 1.73085 1.54537 1.40459 1.39672 1.36082 1.28392 1.15896 1.15296 1.14756 1.14208 1.13661 1.12874 1.11646 1.10402 1.13063 1.19021 1.24847 1.32696 1.37656 1.41763 1.39230 1.29181 1.28533
2.29414 2.30693 2.32664 2.37245 2.56434 2.50070 2.48464 2.54431 2.54431 2.54431 2.54381 2.54378 2.67681 2.66372 2.59732 2.56987 2.54082 2.51013 2.47780 2.45262 2.40906 2.32123 2.21447 2.03579 1.89430 1.79470 1.81543 1.80752 1.79967 1.82836 1.84297 1.83358 1.82403 1.81478 1.80479 1.75210 1.67036 1.59312 1.52085 1.44876 1.41067 1.49033 1.51021 1.51004 1.44242 1.24274 1.24259 1.23208 1.19082 1.07144 1.04901 1.04263 1.03615 1.03969 1.08638 1.14193 1.19759 1.26997 1.35384 1.35509 1.38929 1.38975 1.38825 1.38504 1.25140 1.23068
2.01972 2.00719 2.01049 2.04021 2.36701 2.37792 2.37029 2.42384 2.38443 2.33275 2.27698 2.21674 2.28604 2.28041 2.34042 2.33488 2.29165 2.20402 2.11020 2.01771 1.96079 1.94895 1.92380 1.84224 1.82615 1.71038 1.73027 1.73015 1.73000 1.74383 1.72469 1.65232 1.57995 1.50758 1.43562 1.40659 1.40642 1.40625 1.40608 1.40592 1.40587 1.45662 1.50575 1.50575 1.50281 1.26184 1.23451 1.21240 1.16494 1.10592 1.12574 1.18073 1.23579 1.28102 1.28639 1.28760 1.28888 1.29111 1.37343 1.38447 1.38603 1.37300 1.34852 1.32512 1.20826 1.11997
1.74894 1.77898 1.76961 1.78122 1.96612 2.03709 1.97300 1.95363 1.95011 1.91976 1.89759 1.88046 1.91112 1.91756 1.89194 1.84814 1.79750 1.79139 1.79139 1.79139 1.79139 1.79139 1.78941 1.72279 1.81964 1.76548 1.63314 1.55587 1.49571 1.43637 1.40593 1.40587 1.40587 1.40587 1.40587 1.40587 1.40587 1.40587 1.40587 1.40587 1.40587 1.42755 1.50149 1.48122 1.47074 1.33672 1.28790 1.34337 1.37530 1.33836 1.28953 1.29080 1.29227 1.29357 1.29372 1.29372 1.29372 1.29372 1.32611 1.23454 1.21600 1.20724 1.20724 1.20724 1.15361 1.00366
1.48318 1.39803 1.42805 1.47103 1.56787 1.79981 1.79079 1.80342 1.83672 1.78355 1.71038 1.64529 1.62036 1.69784 1.72978 1.79139 1.79139 1.79139 1.79139 1.79189 1.81244 1.85679 1.90149 1.88961 1.95243 1.69703 1.49619 1.41970 1.41970 1.41970 1.40881 1.40587 1.40587 1.40587 1.40587 1.40587 1.40587 1.40587 1.40302 1.38380 1.39223 1.43069 1.56327 1.62943 1.67751 1.60763 1.44964 1.45305 1.42760 1.37124 1.30504 1.29372 1.29372 1.29372 1.29372 1.29372 1.29372 1.29372 1.32379 1.19658 1.15746 1.12635 1.09526 1.06415 1.03056 0.847581
1.55866 1.52333 1.53201 1.49504 1.56613 1.70498 1.63027 1.57512 1.60460 1.58690 1.58690 1.58690 1.58826 1.69040 1.70508 1.79792 1.81591 1.85840 1.90308 1.94727 1.97140 1.97171 1.97171 1.93006 1.93992 1.81410 1.54395 1.41970 1.41970 1.41970 1.41287 1.40587 1.40587 1.40587 1.40413 1.39100 1.41791 1.45552 1.49596 1.55279 1.58196 1.58196 1.64537 1.68184 1.68184 1.67504 1.46408 1.45305 1.43451 1.38517 1.32339 1.29372 1.29372 1.29443 1.30194 1.31116 1.32039 1.32961 1.32611 1.07543 1.03706 1.03706 1.03706 1.03706 1.03706 0.917034
1.76891 1.75873 1.79181 1.72608 1.60623 1.52381 1.50239 1.50239 1.56345 1.58716 1.59324 1.60156 1.61278 1.72632 1.81074 1.92153 1.96955 1.97171 1.97171 1.97171 1.97171 1.97171 1.97171 1.94494 1.92459 1.89444 1.60574 1.44617 1.41621 1.39248 1.37130 1.40732 1.44360 1.48120 1.52054 1.57126 1.58196 1.58196 1.58196 1.58196 1.58196 1.58196 1.61629 1.68184 1.68184 1.68184 1.52768 1.45305 1.44354 1.40993 1.36184 1.32302 1.33225 1.34077 1.34248 1.34248 1.34248 1.34248 1.34248 1.14113 1.03706 1.04936 1.07446 1.09956 1.12467 1.06918
1.86904 1.72705 1.69948 1.68810 1.57647 1.54583 1.50064 1.49956 1.55003 1.64809 1.68113 1.71189 1.73974 1.79793 1.87815 1.92531 1.97171 1.97171 1.97171 1.97171 1.97171 1.96817 1.94280 1.88886 1.80651 1.89288 1.56750 1.38962 1.31415 1.34223 1.37844 1.57212 1.58196 1.58196 1.58196 1.58196 1.58196 1.58196 1.58196 1.58196 1.58196 1.58196 1.58869 1.68464 1.69533 1.70445 1.62924 1.49272 1.49692 1.51792 1.46703 1.43104 1.43334 1.44481 1.45625 1.46768 1.47923 1.50605 1.54761 1.46259 1.27656 1.28112 1.26266 1.24258 1.22074 1.20465
1.92190 1.74933 1.69713 1.69617 1.60059 1.57909 1.54396 1.57408 1.62127 1.74461 1.74467 1.74467 1.74467 1.76492 1.87815 1.89917 1.96859 1.94053 1.89770 1.85876 1.82213 1.79008 1.77406 1.78257 1.72255 1.86417 1.71259 1.51917 1.39747 1.39687 1.39625 1.51392 1.57024 1.56951 1.56878 1.56804 1.56731 1.56662 1.57356 1.58597 1.59842 1.61082 1.62327 1.69151 1.71007 1.70943 1.69260 1.48392 1.48153 1.85299 1.82942 1.79837 1.77417 1.79318 1.82682 1.86047 1.89284 1.90714 1.90593 1.86140 1.44501 1.42658 1.43020 1.43388 1.43758 1.44119
2.01774 1.80755 1.76237 1.79347 1.77731 1.73612 1.68410 1.67140 1.67468 1.78710 1.81314 1.83572 1.86381 1.88144 2.02863 2.04910 1.87884 1.85427 1.85346 1.85381 1.87601 1.90129 1.92755 1.94584 1.81467 1.84786 1.79982 1.55110 1.40715 1.38109 1.38051 1.44769 1.55170 1.56005 1.57252 1.58498 1.59745 1.60985 1.61464 1.61394 1.61323 1.61254 1.61182 1.64953 1.69159 1.69090 1.69018 1.51774 1.46022 1.75721 1.93291 1.96690 1.99270 2.00765 2.00731 2.00692 2.00661 2.00659 2.00659 2.00515 1.59843 1.50726 1.50726 1.50726 1.50910 1.53232
2.12208 1.98969 1.90476 1.90294 1.89083 1.82343 1.81663 1.80320 1.82996 1.91258 1.97497 1.96120 1.94329 1.93654 2.02884 2.08439 1.98236 1.94631 1.97378 1.99886 2.00210 2.00225 2.00225 2.00225 1.90549 1.83203 1.86539 1.58743 1.46300 1.39025 1.40123 1.43716 1.60373 1.60783 1.60783 1.60783 1.60783 1.60783 1.60783 1.60783 1.60783 1.60783 1.60783 1.62276 1.68900 1.69243 1.70243 1.59800 1.46296 1.67623 1.92848 1.97712 2.00248 2.00659 2.00659 2.00659 2.00659 2.00659 2.00659 2.00659 1.79148 1.67745 1.71581 1.75647 1.79659 1.80575
2.25165 2.15146 2.03194 2.03807 2.05760 1.98127 1.93559 1.85769 1.84085 1.86482 1.94781 1.94141 1.95486 1.97505 2.05555 2.18407 2.11522 2.00225 2.00225 2.00225 2.00225 2.00225 2.00162 1.99640 1.93164 1.80411 1.86198 1.71912 1.56675 1.42635 1.42635 1.42651 1.58372 1.60783 1.60783 1.60783 1.60783 1.60783 1.60783 1.60783 1.60783 1.61039 1.61917 1.56992 1.55803 1.47935 1.38531 1.32445 1.37097 1.53152 1.90135 1.97650 1.99276 2.00659 2.00659 2.00659 2.00659 2.00659 2.00659 2.00659 1.93742 1.80575 1.82061 1.85287 1.88856 1.92804
2.32297 2.25856 2.06269 2.00864 1.99222 1.94298 1.89134 1.83163 1.83025 1.85240 1.98465 2.01914 2.02587 2.02587 2.04426 2.18763 2.16649 2.00188 1.99248 1.98319 1.97790 1.97278 1.96820 1.96827 1.94584 1.78906 1.82086 1.78265 1.61388 1.45311 1.42635 1.42635 1.52962 1.60783 1.60783 1.60783 1.60783 1.60965 1.60594 1.53244 1.44836 1.36168 1.26882 1.23420 1.28333 1.31537 1.31537 1.31537 1.35971 1.42896 1.88043 1.97624 1.98301 2.00659 2.00659 2.00659 2.00480 1.97688 1.94031 1.90377 1.86646 1.99094 2.01992 2.01992 2.01992 2.01992
2.25113 2.22574 2.06758 1.96904 1.96573 1.96440 1.92016 1.92226 1.90929 1.90929 1.98531 2.02587 2.02543 2.01740 2.00674 2.13197 2.15003 1.99066 1.96405 1.96822 1.96827 1.96827 1.96827 1.96827 1.96807 1.80500 1.79745 1.82430 1.65356 1.51125 1.42635 1.42889 1.50822 1.60904 1.57883 1.49511 1.41100 1.32510 1.24473 1.23420 1.23420 1.23420 1.23420 1.23420 1.25985 1.31537 1.31537 1.31537 1.34147 1.37120 1.82807 1.95609 1.93657 1.92660 1.89342 1.85687 1.82212 1.81351 1.81351 1.81351 1.81351 1.96113 2.01992 2.01994 2.02100 2.02256
2.23913 2.15749 2.07410 2.03581 2.04769 2.04757 1.96940 1.95003 1.92630 1.95151 1.98583 1.98615 1.98109 1.98447 1.99057 2.08630 2.15365 2.05035 1.96827 1.96827 1.96827 1.96827 1.96827 1.96827 1.97332 1.86699 1.85396 1.93133 1.81558 1.72063 1.59860 1.57302 1.50487 1.29028 1.23457 1.23420 1.23420 1.23420 1.23420 1.23420 1.23420 1.23420 1.23420 1.23420 1.23832 1.31343 1.30408 1.27507 1.25281 1.24750 1.56571 1.75130 1.78341 1.80052 1.81336 1.81000 1.80533 1.80075 1.79618 1.79162 1.78784 1.86561 1.97651 1.97408 2.00536 2.04380
