High_resolution/powerplant/Fengdu/OMI_NO2_201005.asc
ncols      200
nrows      200
xllcorner       105.978
yllcorner       28.1831
cellsize     0.0166667
NODATA_Value      -999.000
[rows 0 to 28 of 200, columns 65 to 129 of 200]
0.00000 0.00000 0.00000 0.968929 0.968929 0.968929 0.968929 0.968929 0.968929 0.968929 0.968929 0.968929 0.968929 0.968929 0.968929 0.968929 0.968929 0.968929 0.968929 0.968929 0.968929 0.968929 0.968929 0.968929 0.968929 0.00000 0.00000 0.00000 0.00000 0.00000 0.00000 0.00000 0.00000 0.00000 0.00000 0.00000 1.11317 1.11317 1.11317 1.11317 1.11317 1.11317 1.11317 1.11317 0.847719 0.700828 0.700828 0.700828 0.700828 0.700828 0.700828 0.700828 0.700828 0.700828 0.700828 0.700828 0.700828 0.700828 0.700828 0.700828 0.700828 0.700828 0.700828 0.700828 0.00000
0.00000 0.00000 0.00000 0.968929 0.968929 0.968929 0.968929 0.968929 0.968929 0.968929 0.968929 0.968929 0.968929 0.968929 0.968929 0.968929 0.968929 0.968929 0.968929 0.968929 0.968929 0.968929 0.968929 0.968929 0.968929 0.00000 0.00000 0.00000 0.00000 0.00000 0.00000 0.00000 1.11317 1.11317 1.11317 1.11317 1.11317 1.11317 1.11317 1.11317 1.11317 1.11317 1.11317 1.11317 0.974486 0.700828 0.700828 0.700828 0.700828 0.700828 0.700828 0.700828 0.700828 0.700828 0.700828 0.700828 0.700828 0.700828 0.700828 0.700828 0.700828 0.700828 0.700828 0.700828 0.700828
0.00000 0.00000 0.00000 0.968929 0.968929 0.968929 0.968929 0.968929 0.968929 0.968929 0.968929 0.968929 0.968929 0.968929 0.968929 0.968929 0.968929 0.968929 0.968929 0.968929 0.968929 0.968929 0.968929 0.968929 0.968929 0.00000 0.00000 1.11317 1.11317 1.11317 1.11317 1.11317 1.11317 1.11317 1.11317 1.11317 1.11317 1.11317 1.11317 1.11317 1.11317 1.11317 1.11317 1.11317 1.09070 0.711219 0.700828 0.700828 0.700828 0.700828 0.700828 0.700828 0.700828 0.700828 0.700828 0.700828 0.700828 0.700828 0.700828 0.700828 0.700828 0.700828 0.795379 1.01707 1.28980
0.00000 0.00000 0.00000 0.968929 0.968929 0.968929 0.968929 0.968929 0.968929 0.968929 0.968929 0.968929 0.968929 0.968929 0.968929 0.968929 0.968929 0.968929 0.968929 0.968929 0.968929 0.968929 0.968929 1.05595 1.69643 1.62219 1.11317 1.11317 1.11317 1.11317 1.11317 1.11317 1.11317 1.11317 1.11317 1.11317 1.11317 1.11317 1.11317 1.11317 1.11317 1.11317 1.11317 1.11317 1.11317 0.815464 0.700828 0.700828 0.700828 0.700828 0.700828 0.700828 0.700828 0.700828 0.700828 0.700828 0.700828 0.724317 0.914042 1.13613 1.35842 1.58070 1.70833 1.70893 1.70893
0.00000 0.00000 0.00000 0.00000 0.968929 0.968929 0.968929 0.968929 0.968929 0.968929 0.968929 0.968929 0.968929 0.968929 0.968929 0.968929 0.968929 0.968929 0.968929 1.17954 1.89617 2.63393 3.37295 4.02400 4.12174 2.49103 1.11317 1.11317 1.11317 1.11317 1.11317 1.11317 1.11317 1.11317 1.11317 1.11317 1.11317 1.11317 1.11317 1.11317 1.11317 1.11317 1.11317 1.11317 1.11317 0.942214 0.700828 0.700828 0.700828 0.700828 0.700828 0.700828 0.700828 0.811014 1.03310 1.25539 1.47767 1.67637 1.70893 1.70893 1.70893 1.70893 1.70893 1.70893 1.70893
0.00000 0.00000 0.00000 0.00000 0.968929 0.968929 0.968929 0.968929 0.968929 0.968929 0.968929 0.968929 0.968929 0.968929 0.968929 1.35704 2.09543 2.83382 3.57189 4.09998 4.12174 4.12174 4.12174 4.12174 4.12174 3.42852 1.11317 1.11317 1.11317 1.11317 1.11317 1.11317 1.11317 1.11317 1.11317 1.11317 1.11317 1.11317 1.11317 1.11317 1.11317 1.11317 1.11317 1.11317 1.11317 1.06752 0.702230 0.700828 0.732281 0.930071 1.15236 1.37465 1.59682 1.70893 1.70893 1.70893 1.70893 1.70893 1.70893 1.70893 1.70893 1.70893 1.70893 1.70893 1.70893
0.00000 0.00000 0.00000 0.00000 0.968929 0.968929 0.968929 0.968929 0.968929 0.968929 1.00109 1.55661 2.29469 3.03339 3.77146 4.12174 4.12174 4.12174 4.12174 4.12174 4.12174 4.12174 4.12174 4.12174 4.12174 4.09526 1.38591 1.11317 1.11317 1.11317 1.11317 1.11317 1.11317 1.11317 1.11317 1.11317 1.11317 1.11317 1.11317 1.11317 1.11317 1.11317 1.11317 1.11317 1.13514 1.17857 1.24465 1.49370 1.68464 1.70893 1.70893 1.70893 1.70893 1.70893 1.70893 1.70893 1.70893 1.70893 1.70893 1.70893 1.70893 1.70893 1.70893 1.70893 1.70893
0.00000 0.00000 0.00000 0.00000 0.00000 0.968929 1.08684 1.75619 2.49426 3.23233 3.93917 4.12174 4.12174 4.12174 4.12174 4.12174 4.12174 4.12174 4.12174 4.12174 4.12174 4.12174 4.12174 4.12174 4.12174 4.12174 2.29687 1.11317 1.11317 1.11317 1.11317 1.11317 1.11317 1.11317 1.11317 1.11317 1.11317 1.11317 1.11317 1.11693 1.15300 1.19643 1.23988 1.28335 1.30484 1.30484 1.50404 1.70893 1.70893 1.70893 1.70893 1.70893 1.70893 1.70893 1.70893 1.70893 1.70893 1.70893 1.70893 1.70893 1.70893 1.70893 1.70893 1.70893 1.70893
0.00000 0.00000 0.00000 0.00000 0.00000 3.44759 4.05238 4.12174 4.12174 4.12174 4.12174 4.12174 4.12174 4.12174 4.12174 4.12174 4.12174 4.12174 4.12174 4.12174 4.12174 4.12174 4.12174 4.12174 4.12174 4.12174 3.23478 1.11317 1.11317 1.11317 1.11317 1.11317 1.11317 1.11317 1.11317 1.12803 1.17083 1.21430 1.25775 1.29744 1.30484 1.30484 1.30484 1.30484 1.30484 1.30484 1.37979 1.70893 1.70893 1.70893 1.70893 1.70893 1.70893 1.70893 1.70893 1.70893 1.70893 1.70893 1.70893 1.70893 1.70893 1.70893 1.70893 1.70893 1.70893
0.00000 0.00000 0.00000 0.00000 0.00000 4.12174 4.12174 4.12174 4.12174 4.12174 4.12174 4.12174 4.12174 4.12174 4.12174 4.12174 4.12174 4.12174 4.12174 4.12174 4.12174 4.12174 4.12174 4.12174 4.12174 4.12174 4.02878 1.25758 1.11317 1.11317 1.11440 1.14524 1.18867 1.23214 1.27561 1.30419 1.30484 1.30484 1.30484 1.30484 1.30484 1.30484 1.30484 1.30484 1.30484 1.30484 1.30549 1.65915 1.70893 1.70893 1.70893 1.70893 1.70893 1.70893 1.70893 1.70893 1.70893 1.70893 1.70893 1.70893 1.70893 1.70893 1.70893 1.70893 1.70893
0.00000 0.00000 0.00000 0.00000 0.00000 0.00000 4.12174 4.12174 4.12174 4.12174 4.12174 4.12174 4.12174 4.12174 4.12174 4.12174 4.12174 4.12174 4.12174 4.12174 4.12174 4.12174 4.12174 4.12174 4.12174 4.12174 4.11502 2.12211 1.20653 1.24998 1.29223 1.30484 1.30484 1.30484 1.30484 1.30484 1.30484 1.30484 1.30484 1.30484 1.30484 1.30484 1.30484 1.30484 1.30484 1.30484 1.30484 1.53561 1.70893 1.70893 1.70893 1.70893 1.70893 1.70893 1.70893 1.70893 1.70893 1.70893 1.70893 1.70893 1.69781 1.62396 1.54043 1.45682 1.37325
0.00000 0.00000 0.00000 0.00000 0.00000 0.00000 4.12174 4.12174 4.12174 4.12174 4.12174 4.12174 4.12174 4.12174 4.12174 4.12174 4.12174 4.12174 4.12174 4.12174 4.12174 4.12174 4.10767 4.07241 4.03695 4.00149 3.97275 3.00972 1.30484 1.30484 1.30484 1.30484 1.30484 1.30484 1.30484 1.30484 1.30484 1.30484 1.30484 1.30484 1.30484 1.30484 1.30484 1.30484 1.30484 1.30484 1.30484 1.41144 1.70893 1.70893 1.70893 1.70893 1.70893 1.70893 1.70893 1.70878 1.66223 1.57862 1.49502 1.41145 1.33900 1.32924 1.32924 1.32924 1.32924
0.00000 0.00000 0.00000 0.00000 0.00000 0.00000 4.12174 4.12174 4.12174 4.12174 4.12174 4.12174 4.12174 4.12174 4.12174 4.12174 4.12174 4.12125 4.09812 4.06265 4.02719 3.99175 3.97034 3.97014 3.97014 3.97014 3.97014 3.78992 1.35228 1.30484 1.30484 1.30484 1.30484 1.30484 1.30484 1.30484 1.30484 1.30484 1.30484 1.30484 1.30484 1.30484 1.30484 1.30484 1.30484 1.30484 1.30484 1.31280 1.68343 1.70893 1.70893 1.69382 1.61682 1.53325 1.44968 1.36626 1.32924 1.32924 1.32924 1.32924 1.32924 1.32924 1.32924 1.32924 1.32924
0.00000 0.00000 0.00000 0.00000 0.00000 0.00000 0.00000 4.12174 4.12174 4.12174 4.12174 4.12174 4.12174 4.11828 4.08837 4.05288 4.01746 3.98245 3.97014 3.97014 3.97014 3.97014 3.97014 3.97014 3.97014 3.97014 3.97014 3.97014 1.99943 1.30484 1.30484 1.30484 1.30484 1.30484 1.30484 1.30484 1.30484 1.30484 1.30484 1.30484 1.30484 1.30484 1.30484 1.30484 1.30484 1.30484 1.30555 1.38519 1.56137 1.48788 1.40431 1.33585 1.32924 1.32924 1.32924 1.32924 1.32924 1.32924 1.32924 1.32924 1.32924 1.32924 1.32924 1.32924 1.32924
0.00000 0.00000 0.00000 0.00000 0.00000 0.00000 0.00000 4.12174 4.12174 4.11264 4.07859 4.04315 4.00767 3.97568 3.97014 3.97014 3.97014 3.97014 3.97014 3.97014 3.97014 3.97014 3.97014 3.97014 3.97014 3.97014 3.97014 3.97014 2.82715 1.30484 1.30484 1.30484 1.30484 1.30484 1.30484 1.30484 1.30484 1.30484 1.30484 1.30484 1.30484 1.30484 1.32277 1.44088 1.57443 1.70799 1.84084 1.89476 1.70090 1.32924 1.32924 1.32924 1.32924 1.32924 1.32924 1.32924 1.32924 1.32924 1.32924 1.32924 1.32924 1.32924 1.32924 1.32924 1.32924
0.00000 0.00000 0.00000 0.00000 0.00000 2.02838 2.02838 2.40843 3.99366 3.97157 3.97014 3.97014 3.97014 3.97014 3.97014 3.97014 3.97014 3.97014 3.97014 3.97014 3.97014 3.97014 3.97014 3.97014 3.97014 3.97014 3.97014 3.97014 3.64918 1.31070 1.30484 1.30484 1.30484 1.30484 1.30484 1.30484 1.30484 1.30484 1.36318 1.49651 1.63006 1.76368 1.87925 1.89476 1.89476 1.89476 1.89476 1.89476 1.86161 1.34174 1.32924 1.32924 1.32924 1.32924 1.32924 1.32924 1.32924 1.32924 1.32924 1.32924 1.32924 1.32924 1.32924 1.32924 1.32924
2.02838 2.02838 2.02838 2.02838 2.02838 2.02838 2.02838 2.02838 3.59414 3.97014 3.97014 3.97014 3.97014 3.97014 3.97014 3.97014 3.97014 3.97014 3.97014 3.97014 3.97014 3.97014 3.97014 3.97014 3.97014 3.97014 3.97014 3.97014 3.97014 1.81690 1.30484 1.30484 1.30484 1.31304 1.41846 1.55208 1.68563 1.81913 1.89453 1.89476 1.89476 1.89476 1.89476 1.89476 1.89476 1.89476 1.89476 1.89476 1.89476 1.48171 1.32924 1.32924 1.32924 1.32924 1.32924 1.32924 1.32924 1.32924 1.32924 1.32924 1.32924 1.32924 1.32924 1.32924 1.32924
2.02838 2.02838 2.02838 2.02838 2.02838 2.02838 2.02838 2.02838 2.98606 3.97014 3.97014 3.97014 3.97014 3.97014 3.97014 3.97014 3.97014 3.97014 3.97014 3.97014 3.97014 3.97014 3.97014 3.97014 3.97014 3.97014 3.97014 3.97014 3.97014 2.65574 1.47415 1.60771 1.74126 1.86662 1.89476 1.89476 1.89476 1.89476 1.89476 1.89476 1.89476 1.89476 1.89476 1.89476 1.89476 1.89476 1.89476 1.89476 1.89476 1.65500 1.32924 1.32924 1.32924 1.32924 1.32924 1.32924 1.32924 1.32924 1.32924 1.32924 1.32924 1.32924 1.32924 1.33493 1.36193
2.02838 2.02838 2.02838 2.02838 2.02838 2.02838 2.02838 2.02838 2.37779 3.97014 3.97014 3.97014 3.97014 3.97014 3.97014 3.97014 3.97014 3.97014 3.97014 3.97014 3.97014 3.97014 3.97014 3.97014 3.97014 3.85816 3.64476 3.43137 3.21806 2.84752 1.89476 1.89476 1.89476 1.89476 1.89476 1.89476 1.89476 1.89476 1.89476 1.89476 1.89476 1.89476 1.89476 1.89476 1.89476 1.89476 1.89476 1.89476 1.89476 1.82711 1.33037 1.32924 1.32924 1.32924 1.32924 1.32924 1.32924 1.32924 1.32969 1.34884 1.37785 1.40683 1.43583 1.45914 1.46115
2.02838 2.02838 2.02838 2.02838 2.02838 2.02838 2.02838 2.02838 2.03012 3.70922 3.97014 3.97014 3.97014 3.97014 3.97014 3.97014 3.97014 3.97014 3.97014 3.97014 3.96085 3.80039 3.58700 3.37369 3.16029 3.05897 3.05897 3.05897 3.05897 3.05699 2.03982 1.89476 1.89476 1.89476 1.89476 1.89476 1.89476 1.89476 1.89476 1.89476 1.89476 1.89476 1.89476 1.89476 1.89476 1.89476 1.89476 1.89476 1.89476 1.89476 1.43597 1.32924 1.32924 1.32924 1.33688 1.36476 1.39376 1.42276 1.45131 1.46115 1.46115 1.46115 1.46115 1.46115 1.46115
2.02838 2.02838 2.02838 2.02838 2.02838 2.02838 2.02838 2.02838 2.02838 3.10304 3.97014 3.97014 3.97014 3.97014 3.97014 3.97014 3.93588 3.74262 3.52914 3.31601 3.11173 3.05897 3.05897 3.05897 3.05897 3.05897 3.05897 3.05897 3.05897 3.05897 2.39886 1.89476 1.89476 1.89476 1.89476 1.89476 1.89476 1.89476 1.89476 1.89476 1.89476 1.89476 1.89476 1.89476 1.89476 1.89476 1.89476 1.89476 1.89476 1.90264 1.71153 1.38068 1.40969 1.43868 1.46005 1.46115 1.46115 1.46115 1.46115 1.46115 1.46115 1.46115 1.46115 1.46115 1.46115
2.02838 2.02838 2.02838 2.02838 2.02838 2.02838 2.02838 2.02838 2.02838 2.49479 3.97014 3.97014 3.89534 3.68486 3.47146 3.25806 3.07901 3.05897 3.05897 3.05897 3.05897 3.05897 3.05897 3.05897 3.05897 3.05897 3.05897 3.05897 3.05897 3.05897 2.75988 1.89476 1.89476 1.89476 1.89476 1.89476 1.89476 1.89476 1.89476 1.89476 1.89476 1.89476 1.89476 1.89476 1.89476 1.94946 2.19652 2.46003 2.72331 2.97871 2.73661 1.46115 1.46115 1.46115 1.46115 1.46115 1.46115 1.46115 1.46115 1.46115 1.46115 1.46115 1.46115 1.46115 1.46115
2.02838 2.02838 2.02838 2.02838 2.02838 2.02838 2.02838 2.02876 2.28308 2.77163 3.46598 3.20038 3.06179 3.05897 3.05897 3.05897 3.05897 3.05897 3.05897 3.05897 3.05897 3.05897 3.05897 3.05897 3.05897 3.05897 3.05897 3.05897 3.05897 3.05897 3.03953 1.97614 1.89476 1.89476 1.89476 1.89476 1.89476 1.89476 1.89476 1.89476 1.89499 2.03799 2.30139 2.56479 2.82818 3.03688 3.05357 3.05357 3.05357 3.05357 3.04816 1.63667 1.46115 1.46115 1.46115 1.46115 1.46115 1.46115 1.46115 1.46115 1.46115 1.46115 1.46115 1.46115 1.46115
2.02838 2.02838 2.02838 2.03709 2.35223 2.81942 3.28603 3.75283 3.96531 3.96531 3.40954 3.05897 3.05897 3.05897 3.05897 3.05897 3.05897 3.05897 3.05897 3.05897 3.05897 3.05897 3.05897 3.05897 3.05897 3.05897 3.05897 3.05897 3.05897 3.05897 3.05897 2.31760 1.89476 1.89476 1.89476 1.89476 1.92072 2.14333 2.40672 2.67012 2.93329 3.05357 3.05357 3.05357 3.05357 3.05357 3.05357 3.05357 3.05357 3.05357 3.05357 2.11822 1.46115 1.46115 1.46115 1.46115 1.46115 1.46115 1.46115 1.46115 1.46115 1.46115 1.46115 1.46115 1.46115
2.42157 2.88818 3.35537 3.81364 3.96531 3.96531 3.96531 3.96531 3.96531 3.96531 3.69395 3.05897 3.05897 3.05897 3.05897 3.05897 3.05897 3.05897 3.05897 3.05897 3.05897 3.05897 3.05897 3.05897 3.05897 3.05897 3.05897 3.05897 3.05897 3.05897 3.05897 2.67862 1.98816 2.24820 2.51148 2.77499 3.01266 3.05357 3.05357 3.05357 3.05357 3.05357 3.05357 3.05357 3.05357 3.05357 3.05357 3.05357 3.05357 3.05357 3.05357 2.60542 1.46115 1.46115 1.46115 1.46115 1.46115 1.46115 1.46115 1.46115 1.46115 1.46115 1.46115 1.46115 1.46115
3.96531 3.96531 3.96531 3.96531 3.96531 3.96531 3.96531 3.96531 3.96531 3.96531 3.93594 3.10129 3.05897 3.05897 3.05897 3.05897 3.05897 3.05897 3.05897 3.05897 3.05897 3.05897 3.05897 3.05897 3.05897 3.05897 3.05897 3.06034 3.15609 3.30894 3.46172 3.57858 3.07053 3.05357 3.05357 3.05357 3.05357 3.05357 3.05357 3.05357 3.05357 3.05357 3.05357 3.05357 3.05357 3.05357 3.05357 3.05357 3.05357 3.05357 3.05357 3.01073 1.54300 1.46115 1.46115 1.46115 1.46115 1.46115 1.46115 1.46115 1.46115 1.45907 1.40961 1.34056 1.27150
3.96531 3.96531 3.96531 3.96531 3.96531 3.96531 3.96531 3.96531 3.96531 3.96531 3.96531 3.35625 3.05897 3.05897 3.05897 3.05897 3.05897 3.05897 3.05897 3.05897 3.05897 3.05897 3.05897 3.07246 3.19957 3.35229 3.50527 3.65681 3.71385 3.71385 3.71385 3.71385 3.24640 3.05357 3.05357 3.05357 3.05357 3.05357 3.05357 3.05357 3.05357 3.05357 3.05357 3.05357 3.05357 3.05357 3.05357 3.05357 3.05357 3.05357 3.05357 3.05357 1.98728 1.46115 1.46115 1.46115 1.46115 1.43897 1.37126 1.30217 1.23315 1.16614 1.14654 1.14654 1.14654
3.96531 3.96531 3.96531 3.96531 3.96531 3.96531 3.96531 3.96531 3.96531 3.96531 3.96531 3.64066 3.05897 3.05897 3.05897 3.05897 3.05897 3.05897 3.05897 3.09695 3.24325 3.39604 3.54876 3.68818 3.71385 3.71385 3.71385 3.71385 3.71385 3.71385 3.71385 3.71385 3.45043 3.05357 3.05357 3.05357 3.05357 3.05357 3.05357 3.05357 3.05357 3.05357 3.05357 3.05357 3.05357 3.05357 3.05357 3.05357 3.05357 3.05357 3.05357 3.05357 2.46947 1.40202 1.33292 1.26382 1.19477 1.14789 1.14654 1.14654 1.14654 1.14654 1.14654 1.14654 1.14654
3.96531 3.96531 3.96531 3.96531 3.96531 3.96531 3.96531 3.96531 3.96531 3.96531 3.96531 3.90676 3.07719 3.05897 3.05897 3.13389 3.28661 3.43965 3.59250 3.70724 3.71385 3.71385 3.71385 3.71385 3.71385 3.71385 3.71385 3.71385 3.71385 3.71385 3.71385 3.71385 3.65014 3.05799 3.05357 3.05357 3.05357 3.05357 3.05357 3.05357 3.05357 3.05357 3.05357 3.05357 3.05357 3.05357 3.05357 3.05357 3.01757 2.89522 2.76948 2.64341 2.42667 1.16601 1.14654 1.14654 1.14654 1.14654 1.14654 1.14654 1.14654 1.14654 1.14654 1.14654 1.14654
