High_resolution/powerplant/Fengdu/OMI_NO2_201107.asc
ncols      200
nrows      200
xllcorner       105.978
yllcorner       28.1831
cellsize     0.0166667
NODATA_Value      -999.000
[rows 87 to 115 of 200, columns 132 to 197 of 200]
0.826268 0.826268 0.826268 0.826268 0.797726 0.444186 0.439114 0.439114 0.439114 0.439114 0.439114 0.439114 0.439114 0.439114 0.439114 0.439114 0.439114 0.439114 0.439114 0.439114 0.439114 0.439114 0.439114 0.449624 0.594161 0.596698 0.596698 0.921299 1.16761 1.16980 1.20490 1.25101 1.29708 1.34323 1.38070 1.38418 1.38418 1.38418 1.38418 1.38418 1.38418 1.38418 1.27214 1.23062 1.23062 1.23062 1.23062 1.20419 1.07854 0.943350 0.808210 0.731193 0.730844 0.730844 0.730844 0.727165 0.722729 0.722729 0.722729 0.731589 0.941257 0.948761 0.948761 0.948761 0.948761 0.948761
0.826268 0.826268 0.826268 0.826268 0.826268 0.531100 0.439114 0.439114 0.439114 0.439114 0.439114 0.439114 0.439114 0.439114 0.439114 0.439114 0.439114 0.439114 0.439114 0.439114 0.439114 0.439114 0.439114 0.439114 0.557917 0.643348 0.735609 0.897115 1.32633 1.37318 1.38418 1.38418 1.38418 1.38418 1.38418 1.38418 1.38418 1.38418 1.38418 1.38418 1.38418 1.38418 1.31710 1.22363 1.11947 0.984282 0.849142 0.740339 0.730844 0.730844 0.730844 0.730844 0.730844 0.730844 0.730844 0.729417 0.722729 0.722729 0.722729 0.722729 0.884749 0.948761 0.948761 0.948761 0.948761 0.948761
0.826268 0.826268 0.826268 0.826268 0.826268 0.646694 0.439114 0.439114 0.439114 0.439114 0.439114 0.439114 0.439114 0.439114 0.439114 0.439114 0.439114 0.439114 0.439114 0.439114 0.430550 0.384806 0.334746 0.284709 0.585892 1.02985 1.02985 1.02985 1.33107 1.38418 1.38418 1.38418 1.38418 1.38418 1.38418 1.38418 1.38418 1.38418 1.38418 1.38418 1.31396 1.17880 1.02155 0.761880 0.730844 0.730844 0.730844 0.730844 0.730844 0.730844 0.730844 0.730844 0.730844 0.730844 0.730844 0.730724 0.762692 1.05032 1.37681 1.70361 1.89890 0.948761 0.00000 0.00000 0.00000 0.00000
0.826268 0.826268 0.826268 0.826268 0.826268 0.762330 0.439114 0.439114 0.439114 0.439114 0.439114 0.439114 0.439114 0.439114 0.439114 0.438589 0.406685 0.356648 0.306610 0.256527 0.215054 0.210738 0.210738 0.210738 0.343420 1.02985 1.02985 1.02985 1.23591 1.38418 1.38418 1.38418 1.38418 1.38418 1.38418 1.38418 1.34950 1.21976 1.08456 0.949374 0.884403 0.884403 0.884403 0.753738 0.730844 0.730844 0.730844 0.730844 0.730844 0.730844 0.730844 0.741473 0.871400 1.03456 1.19796 1.36121 1.87255 2.30915 2.30915 2.30915 2.30915 0.00000 0.00000 0.00000 0.00000 0.00000
0.826268 0.826268 0.826268 0.826268 0.826268 0.826113 0.490848 0.439114 0.439114 0.439114 0.439114 0.426485 0.378503 0.328466 0.278406 0.228917 0.210738 0.210738 0.210738 0.210738 0.210738 0.210738 0.210738 0.210738 0.210984 0.919933 1.02985 1.02985 1.08925 1.38226 1.38418 1.38418 1.37259 1.26074 1.12550 0.990356 0.889850 0.884403 0.884403 0.884403 0.884403 0.884403 0.884403 0.798717 0.730844 0.730844 0.734730 0.848239 1.01148 1.17480 1.33813 1.49074 1.52405 1.52405 1.52405 1.52405 1.67689 2.30915 2.30915 2.30915 2.30915 2.30915 0.00000 0.00000 0.00000 0.00000
0.826268 0.826268 0.826268 0.826268 0.826268 0.826268 0.604399 0.400404 0.350367 0.300307 0.250247 0.212839 0.210738 0.210738 0.210738 0.210738 0.210738 0.210738 0.210738 0.210738 0.210738 0.210738 0.210738 0.210738 0.210738 0.678075 1.02985 1.02985 1.02985 1.25815 1.16643 1.03129 0.907642 0.884403 0.884403 0.884403 0.884331 0.884403 0.884403 0.884403 0.884403 0.884403 0.885818 0.903950 1.15148 1.31480 1.47416 1.52405 1.52405 1.52405 1.52405 1.52405 1.52405 1.52405 1.52405 1.52405 1.54061 2.24890 2.30915 2.30915 2.30915 2.30915 0.00000 0.00000 0.00000 0.00000
0.826268 0.826268 0.866677 1.02654 1.19409 1.36150 1.15909 0.210738 0.210738 0.210738 0.210738 0.210738 0.210738 0.210738 0.210738 0.210738 0.210738 0.210738 0.210738 0.210738 0.210738 0.210738 0.210738 0.210738 0.210738 0.435970 1.02985 1.02985 1.02985 0.943449 0.884022 0.858428 0.822834 0.792461 0.766238 0.743369 0.781892 0.885089 0.887732 0.890495 0.893260 0.896022 0.897369 0.912716 1.49237 1.52405 1.52405 1.52405 1.52405 1.52405 1.52405 1.52405 1.52405 1.52387 1.51603 1.50423 1.49248 1.90612 2.30915 2.30915 2.30915 2.30915 0.00000 0.00000 0.00000 0.00000
1.26403 1.43157 1.55859 1.56636 1.56636 1.56636 1.53328 0.282593 0.210738 0.210738 0.210738 0.210738 0.210738 0.210738 0.210738 0.210738 0.210738 0.210738 0.210738 0.210738 0.210738 0.210738 0.210738 0.210738 0.210738 0.239200 0.891269 0.856424 0.804493 0.761937 0.733159 0.725818 0.725964 0.727471 0.729314 0.731155 0.751489 0.897250 0.897369 0.897369 0.897369 0.897369 0.897369 0.897369 1.32525 1.52405 1.52405 1.52405 1.52405 1.52405 1.51945 1.50773 1.49594 1.48433 1.48037 1.48037 1.48037 1.65880 2.30915 2.30915 2.30915 2.30915 2.30915 0.00000 0.00000 0.00000
1.56636 1.56636 1.56636 1.56636 1.56636 1.56636 1.56636 0.654296 0.210738 0.210738 0.210738 0.210738 0.210738 0.210738 0.210738 0.210738 0.210738 0.210738 0.210738 0.210738 0.210738 0.249812 0.274763 0.289426 0.301194 0.309077 0.589665 0.719260 0.720877 0.723641 0.729872 0.732431 0.734128 0.734463 0.734463 0.734463 0.734571 0.870599 0.897369 0.897369 0.897369 0.897369 0.897369 0.897369 1.14291 1.52405 1.52202 1.51123 1.49943 1.48764 1.48045 1.48037 1.48037 1.48037 1.48037 1.48037 1.48037 1.50495 2.26667 2.30915 2.30915 2.30915 2.30915 0.00000 0.00000 0.00000
1.56636 1.56636 1.56636 1.56636 1.56636 1.56636 1.56636 1.05876 0.210738 0.210738 0.210738 0.210738 0.210738 0.210738 0.210738 0.210738 0.210738 0.210738 0.210738 0.210738 0.210738 0.285194 0.309694 0.313386 0.328266 0.343946 0.502949 0.731070 0.732215 0.732215 0.733416 0.734463 0.734463 0.734463 0.734463 0.734463 0.734463 0.817346 0.897369 0.897369 0.897369 0.897369 0.896871 0.888042 0.941417 1.48901 1.48137 1.48037 1.48037 1.48037 1.48037 1.48037 1.48037 1.48037 1.48037 1.48037 1.48037 1.48037 1.93483 2.27372 2.06596 1.83574 1.59028 0.00000 0.00000 0.00000
1.56636 1.56636 1.56636 1.56636 1.56636 1.56636 1.56636 1.45139 0.222940 0.210738 0.210738 0.210738 0.210738 0.210738 0.210738 0.210738 0.210738 0.210738 0.211666 0.234030 0.265362 0.324076 0.368338 0.380327 0.381098 0.381098 0.415718 0.730529 0.732215 0.732215 0.732565 0.734454 0.734463 0.734463 0.734463 0.734463 0.734463 0.774951 0.897369 0.891541 0.879747 0.867948 0.856651 0.853685 0.853685 1.36094 1.48037 1.48037 1.48037 1.48037 1.48037 1.48037 1.48037 1.48037 1.47087 1.37593 1.26076 1.14560 1.12079 1.21437 1.19157 1.19157 1.19157 1.19157 0.00000 0.00000
1.56636 1.56636 1.56636 1.56636 1.56636 1.56636 1.56636 1.56636 0.512363 0.210738 0.210738 0.210738 0.210738 0.210738 0.220777 0.251510 0.282827 0.314173 0.344591 0.353546 0.353546 0.356679 0.380871 0.381098 0.381098 0.381098 0.381098 0.661886 0.732215 0.732215 0.732215 0.734097 0.734463 0.734463 0.734463 0.732549 0.725044 0.724283 0.856828 0.853685 0.853685 0.853685 0.853685 0.853685 0.853685 1.17856 1.48037 1.48037 1.48037 1.47651 1.39297 1.27786 1.16264 1.04747 0.941807 0.921579 0.921579 0.921579 0.932477 1.18348 1.19157 1.19157 1.19157 1.19157 0.00000 0.00000
1.56636 1.56636 1.56636 1.56636 1.56636 1.56636 1.56636 1.56636 0.917151 0.212752 0.237643 0.268961 0.300307 0.331653 0.352917 0.353546 0.353546 0.353546 0.353546 0.353546 0.353546 0.353546 0.377420 0.381098 0.381098 0.381098 0.381098 0.558598 0.732215 0.732215 0.732215 0.732731 0.727377 0.719514 0.711651 0.705698 0.705340 0.705340 0.809257 0.853685 0.853685 0.853685 0.853685 0.853685 0.853485 0.954375 1.29491 1.17968 1.06457 0.953206 0.921579 0.921579 0.921579 0.921579 0.921579 0.921579 0.921579 0.921579 0.921579 1.07991 1.19157 1.19157 1.19157 1.19157 0.00000 0.00000
1.56636 1.56636 1.56636 1.56636 1.56636 1.47009 1.18089 0.886620 0.533352 0.347091 0.353546 0.353546 0.353546 0.353546 0.353546 0.353546 0.353546 0.353546 0.353546 0.353546 0.353546 0.353546 0.371540 0.381098 0.381098 0.381098 0.381098 0.455153 0.732215 0.732215 0.732215 0.727637 0.705393 0.705419 0.716441 0.737089 0.760720 0.788130 0.835644 0.853685 0.835346 0.776262 0.715758 0.655281 0.594947 0.573373 0.894992 0.921579 0.921579 0.921579 0.921579 0.921579 0.921579 0.921579 0.921579 0.921579 0.957855 1.28319 1.67061 1.81608 1.19157 1.19157 1.19157 1.19157 0.00000 0.00000
1.55841 1.35063 1.05636 0.761694 0.467289 0.269022 0.263681 0.263681 0.263833 0.342913 0.353546 0.353546 0.353546 0.353546 0.353546 0.353546 0.353546 0.353546 0.353546 0.353546 0.353546 0.353546 0.362935 0.381098 0.381098 0.381098 0.381098 0.383520 0.705155 0.767628 0.807940 0.858608 0.818549 0.837558 0.853685 0.846747 0.794459 0.733955 0.673478 0.612973 0.570836 0.569358 0.569358 0.569358 0.569358 0.569358 0.796399 0.921579 0.921579 0.921579 0.921579 0.921579 0.925020 1.16734 1.55476 1.94232 2.29324 2.35541 2.35541 2.29235 1.20614 1.19157 1.19157 1.19157 1.19157 0.00000
0.350439 0.263681 0.263681 0.263681 0.263681 0.263681 0.263681 0.263681 0.263681 0.316329 0.353546 0.353546 0.353546 0.353546 0.353546 0.353546 0.353546 0.353546 0.353546 0.353546 0.353546 0.353546 0.353967 0.378378 0.376487 0.372655 0.367805 0.361435 0.784956 1.05578 1.05390 0.973723 0.788867 0.691618 0.631114 0.577575 0.569358 0.569358 0.569358 0.569358 0.569358 0.569358 0.569358 0.569358 0.569358 0.569358 0.693657 0.921579 0.921579 1.05665 1.43862 1.82604 2.21016 2.35541 2.35541 2.35541 2.35541 2.35541 2.35541 2.35541 1.61910 1.19157 1.19157 1.19157 1.19157 0.00000
0.263681 0.263681 0.263681 0.263681 0.263681 0.263681 0.263681 0.263681 0.263681 0.289585 0.353546 0.353546 0.353546 0.353546 0.353546 0.353546 0.353546 0.353546 0.353546 0.353546 0.353546 0.353546 0.353546 0.353546 0.353546 0.353546 0.456290 0.767712 1.00650 0.647088 0.527955 0.487126 0.507386 0.569321 0.569358 0.569358 0.569358 0.569358 0.569358 0.569358 0.569358 0.569358 0.569358 0.569358 0.569358 0.624847 0.996385 1.70592 2.09775 2.35011 2.35541 2.35541 2.35541 2.35541 2.35541 2.35541 2.35541 2.35541 2.35541 2.35541 2.01402 1.19157 1.22273 1.37497 1.55410 0.00000
0.263681 0.263681 0.263681 0.263681 0.263681 0.263681 0.263681 0.263681 0.263681 0.266628 0.349789 0.353546 0.353546 0.353546 0.353546 0.353546 0.353546 0.353546 0.353546 0.353546 0.353546 0.375138 0.629318 0.946972 1.26434 1.58199 1.79661 1.80269 1.72955 0.515805 0.487126 0.487126 0.487126 0.560926 0.569358 0.569358 0.569358 0.569358 0.569358 0.569358 0.569358 0.580111 0.854547 1.24197 1.62925 1.96132 2.00319 2.27440 2.35541 2.35541 2.35541 2.35541 2.35541 2.35541 2.35541 2.35541 2.35541 2.36468 2.43564 2.51784 2.53417 1.84727 1.97856 1.99071 1.99071 1.99071
0.263681 0.263681 0.263681 0.263681 0.263681 0.263681 0.263681 0.263681 0.263681 0.263681 0.325996 0.353546 0.353546 0.353546 0.353546 0.353546 0.353546 0.491504 0.808578 1.12594 1.44360 1.73937 1.80269 1.80269 1.80269 1.80269 1.80269 1.80269 1.80269 0.829568 0.487126 0.487126 0.487126 0.541070 0.569358 0.569358 0.569358 0.569358 0.739123 1.12583 1.51339 1.89006 2.00319 2.00319 2.00319 2.00319 2.00319 2.17169 2.35541 2.35541 2.35541 2.35541 2.36005 2.42414 2.50633 2.58856 2.67075 2.74371 2.75498 2.75498 2.75498 2.23368 1.99071 1.99071 1.99071 1.99071
0.263681 0.263681 0.263681 0.263681 0.263681 0.263681 0.263681 0.263681 0.263681 0.263681 0.299253 0.353546 0.392673 0.670040 0.987693 1.30506 1.62257 1.80211 1.80269 1.80269 1.80269 1.80269 1.80269 1.80269 1.80269 1.80269 1.80269 1.80269 1.80269 1.21648 0.487126 0.487126 0.487126 0.510066 0.647932 1.00997 1.39754 1.78467 2.00233 2.00319 2.00319 2.00319 2.00319 2.00319 2.00319 2.00319 2.00319 2.07002 2.41263 2.49482 2.57705 2.65928 2.73684 2.75498 2.75498 2.75498 2.75498 2.75498 2.75498 2.75498 2.75498 2.50697 1.99071 1.99071 1.99071 1.99071
0.263681 0.263681 0.263681 0.263681 0.263681 0.263681 0.263681 0.263681 0.447555 0.839937 1.23152 1.48499 1.76255 1.80269 1.80269 1.80269 1.80269 1.80269 1.80269 1.80269 1.80269 1.80269 1.80269 1.80269 1.80269 1.80269 1.80269 1.80269 1.80269 1.60417 0.487126 0.487126 0.487126 0.487126 1.84256 2.00319 2.00319 2.00319 2.00319 2.00319 2.00319 2.00319 2.00319 2.01279 2.03716 2.06170 2.08624 2.11225 2.68693 2.75498 2.75498 2.75498 2.75498 2.75498 2.75498 2.75498 2.75498 2.75498 2.75498 2.74040 2.67836 2.55115 1.99071 1.99071 1.99071 1.99071
0.263681 0.263681 0.263681 0.292997 0.611655 1.00438 1.39676 1.78949 1.99817 1.99835 1.99835 1.84152 1.80269 1.80269 1.80269 1.80269 1.80269 1.80269 1.80269 1.80269 1.80269 1.80269 1.80269 1.80269 1.80269 1.80269 1.80269 1.80269 1.80269 1.80269 0.675647 0.487126 0.487126 0.487126 1.51096 2.00319 2.00319 2.00319 2.00730 2.02966 2.05420 2.07873 2.10326 2.11821 2.11836 2.11836 2.11836 2.11836 2.50350 2.75498 2.75498 2.75498 2.75498 2.75498 2.75498 2.75038 2.69762 2.63193 2.56625 2.51517 2.51152 2.51152 2.13041 1.99071 1.99071 1.99071
0.776275 1.16848 1.56143 1.92445 1.99835 1.99835 1.99835 1.99835 1.99835 1.99835 1.99835 1.89966 1.80269 1.80269 1.80269 1.80269 1.80269 1.80269 1.80269 1.80269 1.80269 1.80269 1.80269 1.80269 1.80269 1.80269 1.80269 1.80269 1.80269 1.80269 1.06242 0.487126 0.487126 0.488945 0.989735 2.04674 2.07123 2.09575 2.11618 2.11836 2.11836 2.11836 2.11836 2.11836 2.11836 2.11836 2.11836 2.11836 2.31808 2.75498 2.75498 2.75479 2.71685 2.65117 2.58551 2.52440 2.51152 2.51152 2.51152 2.51152 2.51152 2.51152 2.32753 1.99071 1.99071 1.99071
1.99835 1.99835 1.99835 1.99835 1.99835 1.99835 1.99835 1.99835 1.99835 1.99835 1.99835 1.95782 1.80269 1.80269 1.80269 1.80269 1.80269 1.80269 1.80269 1.80269 1.80269 1.80269 1.80269 1.80269 1.80269 1.80269 1.80269 1.80269 1.80269 1.75061 1.33024 0.608146 0.657254 0.704497 0.719425 2.01024 2.11836 2.11836 2.11836 2.11836 2.11836 2.11836 2.11836 2.11836 2.11836 2.11836 2.11836 2.11836 2.12895 2.65388 2.60474 2.53927 2.51152 2.51152 2.51152 2.51152 2.51152 2.51152 2.51152 2.51152 2.51152 2.51152 2.45394 1.99071 1.99071 1.98621
1.99835 1.99835 1.99835 1.99835 1.99835 1.99835 1.99835 1.99835 1.99835 1.99835 1.99835 1.99721 1.82138 1.80269 1.80269 1.80269 1.80269 1.80269 1.80269 1.80269 1.80269 1.80269 1.80269 1.80269 1.78867 1.68163 1.55762 1.43361 1.30954 1.23761 1.22433 0.743973 0.717465 0.717465 0.717465 1.68922 2.11836 2.11836 2.11836 2.11836 2.11836 2.11836 2.11836 2.11836 2.11032 2.05304 1.98735 1.92166 1.87638 2.34060 2.51152 2.51152 2.51152 2.51152 2.51152 2.51152 2.51152 2.51152 2.51152 2.51152 2.51015 2.50123 2.49058 2.05338 1.90982 1.89422
1.99835 1.99835 1.99835 1.99835 1.99835 1.99835 1.99835 1.99835 1.99835 1.99835 1.99835 1.99835 1.87839 1.80269 1.80269 1.80269 1.80269 1.80269 1.80269 1.80264 1.73636 1.61230 1.48835 1.36422 1.25424 1.23722 1.23722 1.23722 1.23722 1.23722 1.23722 0.883942 0.717465 0.717465 0.717465 1.19354 2.11836 2.11836 2.11836 2.11836 2.11704 2.07227 2.00661 1.94092 1.88327 1.87490 1.87490 1.87490 1.87490 2.15520 2.51152 2.51152 2.51152 2.51152 2.51152 2.51081 2.50269 2.49264 2.48260 2.47254 2.46386 2.46272 2.46272 2.24498 1.89312 1.89312
1.99835 1.99835 1.99835 1.99835 1.99835 1.99835 1.99835 1.99835 1.99835 1.99835 1.99835 1.99835 1.93653 1.80269 1.80269 1.78081 1.66704 1.54297 1.41896 1.29501 1.23722 1.23722 1.23722 1.23722 1.23722 1.23722 1.23722 1.23722 1.23722 1.23722 1.23722 1.03680 0.717465 0.717465 0.717465 0.724731 2.02560 2.09126 2.02584 1.96016 1.89583 1.87490 1.87490 1.87490 1.87490 1.87490 1.87490 1.87490 1.87490 1.96988 2.51125 2.50416 2.49411 2.48406 2.47400 2.46467 2.46272 2.46272 2.46272 2.46272 2.46272 2.46272 2.46272 2.38867 1.89312 1.89312
1.99835 1.99835 1.99835 1.99835 1.99835 1.99835 1.99835 1.99835 1.99835 1.99835 1.99828 1.98660 1.95718 1.49259 1.34963 1.24745 1.23722 1.23722 1.23722 1.23722 1.23722 1.23722 1.23722 1.23722 1.23722 1.23722 1.23722 1.23722 1.23722 1.23722 1.23722 1.18717 0.720220 0.717465 0.717465 0.717465 1.56570 1.87516 1.87490 1.87490 1.87490 1.87490 1.87490 1.87490 1.87490 1.87490 1.93402 2.08704 2.28410 2.54754 2.50617 2.46272 2.46272 2.46272 2.46272 2.46272 2.46272 2.46272 2.46272 2.46272 2.46272 2.46272 2.40879 2.27976 1.92043 1.89312
1.99835 1.99835 1.99835 1.99835 1.99835 1.99835 1.99586 1.97828 1.95820 1.93810 1.91807 1.90965 1.90965 1.42414 1.23722 1.23722 1.23722 1.23722 1.23722 1.23722 1.23722 1.23722 1.23722 1.23722 1.23722 1.23722 1.23722 1.23722 1.23722 1.23722 1.23722 1.23722 0.823131 0.717465 0.717465 0.717465 1.14372 1.87490 1.87490 1.87490 1.87490 1.90208 2.03738 2.21955 2.46006 2.79227 3.03186 3.03233 3.03233 3.03233 2.61924 2.46272 2.46272 2.46272 2.46272 2.46272 2.46272 2.46272 2.43740 2.31925 2.19265 2.06599 1.99332 1.99294 1.95142 1.89312
