High_resolution/powerplant/Fengdu/OMI_NO2_200508.asc
ncols      200
nrows      200
xllcorner       105.978
yllcorner       28.1831
cellsize     0.0166667
NODATA_Value      -999.000
[rows 0 to 29 of 200, columns 0 to 65 of 200]
0.193399 0.193399 0.193399 0.242357 0.378044 0.477603 0.551681 0.607709 0.725015 1.05292 1.05292 1.05292 0.00000 0.00000 0.00000 0.00000 0.00000 0.00000 0.00000 0.00000 0.00000 0.00000 0.00000 0.00000 0.00000 0.00000 0.00000 0.00000 0.00000 0.00000 0.00000 0.00000 0.00000 0.00000 0.00000 0.00000 0.00000 0.00000 0.00000 0.00000 0.00000 0.00000 0.00000 0.00000 0.00000 0.00000 0.996375 0.996375 0.996375 0.996375 0.996375 0.996375 0.996375 0.997601 1.11728 1.12036 1.12036 1.12036 1.12036 1.12036 1.12036 1.12036 1.12036 1.12036 1.12036 1.12036
0.435181 0.519651 0.583850 0.621540 0.623158 0.623158 0.623158 0.623158 0.652985 1.05292 1.05292 1.05292 0.00000 0.00000 0.00000 0.00000 0.00000 0.00000 3.33640 3.33640 3.33640 3.33640 3.33640 3.33640 0.00000 0.00000 0.00000 0.00000 0.00000 0.00000 0.00000 0.00000 0.00000 1.94867 1.94867 1.46601 0.996375 0.996375 0.996375 0.996375 0.996375 0.996375 0.996375 0.996375 0.996375 0.996375 0.996375 0.996375 0.996375 0.996375 0.996375 0.996375 0.996375 0.996375 1.09575 1.12036 1.12036 1.12036 1.12036 1.12036 1.12036 1.12036 1.12036 1.12036 1.12036 1.12036
0.623158 0.623158 0.623158 0.623158 0.623158 0.623158 0.623158 0.623158 0.623158 0.958570 1.10883 1.47430 3.33640 3.33640 3.33640 3.33640 3.33640 3.33640 3.33640 3.33640 3.33598 3.27183 3.17577 2.51663 1.94867 1.94867 1.94867 1.94867 1.94867 1.94867 1.94867 1.94867 1.94867 1.94867 1.94867 1.64508 0.996375 0.996375 0.996375 0.996375 0.996375 0.996375 0.996375 0.996375 0.996375 0.996375 0.996375 0.996375 0.996375 0.996375 0.996375 0.996375 0.996375 0.996375 1.06750 1.12036 1.12036 1.12036 1.12036 1.12036 1.12036 1.12036 1.12036 1.12036 1.12036 1.12036
0.623158 0.623158 0.623158 0.623158 0.623158 0.623158 0.623158 0.916347 1.39369 1.83979 2.19053 2.25361 3.32301 3.33640 3.33640 3.33640 3.33640 3.17534 2.71865 2.68506 2.65439 2.64254 2.64254 2.34403 1.94867 1.94867 1.94867 1.94867 1.94867 1.94867 1.94867 1.94867 1.94867 1.94867 1.94867 1.86325 0.997898 0.996375 0.996375 0.996375 0.996375 0.996375 0.996375 0.996375 0.996375 0.996375 0.996375 0.996375 0.996375 0.996375 0.996375 0.996375 0.996375 0.996375 1.03924 1.12036 1.12036 1.12036 1.12036 1.12036 1.12036 1.12809 1.24326 1.35784 1.44232 1.49941
0.637127 0.707834 0.784633 0.861064 0.937740 1.01448 1.09085 1.30385 1.93319 2.01014 2.19466 2.19466 2.93713 3.33640 3.33640 3.33640 3.33640 3.31414 2.65873 2.64254 2.64254 2.64254 2.64254 2.49535 1.94867 1.94867 1.94867 1.94867 1.94867 1.94867 1.94867 1.94867 1.94867 1.94867 1.94867 1.94867 1.13227 0.996375 0.996375 0.996375 0.996375 0.996375 0.996375 0.996375 0.996375 0.996375 0.996375 0.996375 0.996375 0.996375 0.996375 0.996375 0.996375 0.996375 1.01099 1.12036 1.12703 1.24112 1.35605 1.44085 1.50669 1.55688 1.56830 1.56830 1.56830 1.56830
1.23269 1.23854 1.23854 1.23854 1.23854 1.23854 1.23854 1.23864 1.87996 1.95863 2.19458 2.19466 2.55887 3.33640 3.33640 3.33640 3.33640 3.33640 2.74760 2.64254 2.64254 2.64254 2.64254 2.60556 1.95034 1.94867 1.94867 1.94867 1.94867 1.94867 1.94867 1.94867 1.94867 1.94867 1.94867 1.94867 1.35206 0.996375 0.996375 0.996375 0.996375 0.996375 0.996375 0.996375 0.996375 0.996375 0.996375 0.996375 0.996375 0.996375 0.996375 1.00296 1.13148 1.26246 1.35962 1.49796 1.55622 1.56830 1.56830 1.56830 1.56830 1.56830 1.56830 1.56830 1.56830 1.56830
1.23854 1.23854 1.23854 1.23854 1.23854 1.23854 1.23854 1.23854 1.73967 1.93783 2.14503 2.18749 2.29156 3.33640 3.33640 3.33640 3.33640 3.33640 2.87155 2.64254 2.64254 2.64254 2.64254 2.64254 2.12968 1.94867 1.94867 1.94867 1.94867 1.94867 1.94867 1.94867 1.94867 1.94867 1.94867 1.94867 1.57175 0.996375 0.996375 0.996375 0.996375 0.996375 0.996375 0.996375 0.996375 0.996375 0.996232 0.989969 0.982797 1.19400 1.43379 1.49175 1.50630 1.50630 1.50630 1.54734 1.56830 1.56830 1.56830 1.56830 1.56830 1.56830 1.56830 1.56830 1.56830 1.58150
1.23854 1.23854 1.23854 1.23854 1.23854 1.23854 1.23549 1.22664 1.55174 1.91791 2.03666 2.15397 2.15468 3.07196 3.33640 3.33640 3.33640 3.33640 3.04111 2.64254 2.64254 2.64254 2.64254 2.64254 2.34693 1.94867 1.94867 1.94867 1.94867 1.94867 1.94867 1.94867 1.94867 1.94867 1.94867 1.94867 1.79154 0.996375 0.996375 0.996375 0.996375 0.996375 0.991398 0.983809 0.978292 0.974096 0.970840 0.969845 0.969845 1.12676 1.50630 1.49333 1.46907 1.44475 1.42060 1.51995 1.73828 1.76675 1.79510 1.82357 1.85199 1.88046 1.90889 1.93719 1.96566 1.98089
1.23854 1.23798 1.23090 1.22191 1.21292 1.20393 1.19799 1.19785 1.32023 1.91070 1.97627 2.15397 2.15397 2.62668 3.33640 3.33640 3.33640 3.33640 3.26956 2.64732 2.64254 2.64254 2.63624 2.59616 2.39982 1.94867 1.94867 1.94867 1.94867 1.94867 1.94867 1.94867 1.94867 1.94867 1.94867 1.94867 1.94363 1.05417 0.955286 0.920873 0.894875 0.874616 0.853875 0.829685 0.805367 0.781209 0.756827 0.732637 0.708351 0.702583 1.17477 1.18506 1.18506 1.18506 1.18506 1.35034 1.98089 1.98089 1.98089 1.98089 1.98089 1.98089 1.98089 1.98089 1.98089 1.98089
1.20818 1.19975 1.19785 1.19785 1.19785 1.19785 1.19785 1.19785 1.19785 1.84529 1.92821 2.15361 2.15397 2.33630 3.33640 3.33640 3.33640 3.33640 3.33640 2.37207 2.18944 1.94094 1.69921 1.58714 1.50648 1.43756 1.49755 1.94156 1.93799 1.93441 1.93083 1.92726 1.88273 1.72920 1.61463 1.52870 1.46184 0.881610 0.648599 0.648599 0.648599 0.648599 0.648599 0.648599 0.648599 0.648599 0.648599 0.648599 0.648599 0.648599 1.02176 1.18506 1.18506 1.18506 1.18506 1.20062 1.95025 1.98089 1.98089 1.98089 1.98089 1.98089 1.98089 1.98089 1.98089 1.98089
1.19785 1.19785 1.19785 1.19785 1.19785 1.19785 1.19785 1.19785 1.19785 1.51953 1.57519 1.51888 1.31579 1.05328 0.780407 0.827809 0.865518 0.887307 0.901360 1.16249 1.25779 1.25162 1.24983 1.24804 1.24625 1.24467 1.27481 1.90791 1.98779 2.05724 2.10829 2.14740 1.89229 1.42424 1.42424 1.42424 1.42424 1.05697 0.648599 0.648599 0.648599 0.648599 0.648599 0.648599 0.648599 0.648599 0.648599 0.648599 0.648599 0.648599 0.861680 1.18506 1.18506 1.18506 1.18506 1.18506 1.78557 1.98089 1.98089 1.98089 1.98089 1.98089 1.98089 1.98089 1.98330 2.02493
1.19785 1.19785 1.19957 1.21023 1.24483 1.29925 1.34930 1.39611 1.43958 1.47993 1.51771 1.21688 0.994601 1.00877 1.02469 1.03375 1.03375 1.03375 1.03375 1.10432 1.24444 1.24444 1.24450 1.30885 1.41283 1.49936 1.57247 2.04406 2.17347 2.17347 2.17347 2.17347 2.11248 1.43203 1.42424 1.42424 1.42424 1.23599 0.648599 0.648599 0.648599 0.648599 0.648599 0.648599 0.648599 0.648599 0.648599 0.648599 0.648599 0.657812 0.731402 1.20583 1.21680 1.22522 1.23338 1.24120 1.61385 1.93542 1.93091 1.92837 1.95761 1.99716 2.03548 2.07265 2.10713 2.11080
1.42883 1.48005 1.51944 1.54928 1.56633 1.56633 1.56633 1.56633 1.56633 1.56633 1.56633 1.37544 1.01302 1.01302 1.01858 1.03375 1.03375 1.03375 1.07104 1.21411 1.47331 1.55037 1.61603 1.64355 1.64355 1.64355 1.64355 1.90077 2.17347 2.17347 2.17347 2.17347 2.17347 1.59581 1.42424 1.42424 1.42424 1.39701 0.666594 0.648599 0.648599 0.648599 0.648599 0.648599 0.648599 0.674876 0.964053 0.974561 0.984023 0.989147 0.989147 1.27540 1.34679 1.34679 1.34808 1.37513 1.57228 1.97984 2.01677 2.05232 2.06202 2.06202 2.06202 2.06202 2.06202 2.06202
1.60760 1.60760 1.58703 1.56633 1.56633 1.56633 1.56633 1.56633 1.56633 1.56633 1.56633 1.51368 1.01418 1.01861 1.09245 1.26896 1.36625 1.44741 1.50033 1.50309 1.62469 1.64355 1.64355 1.64355 1.64355 1.64355 1.64355 1.77790 2.17347 2.17347 2.17347 2.17347 2.17347 1.82032 1.42424 1.42424 1.42424 1.42424 0.818308 0.648599 0.648599 0.648599 0.648599 0.648599 0.648599 0.648599 0.955081 0.989147 0.989147 0.990797 1.04605 1.27174 1.44891 1.48585 1.52149 1.53147 1.57290 2.06032 2.06202 2.06202 2.06202 2.06202 2.06202 2.06202 2.06202 2.06202
1.60760 1.60760 1.59839 1.56633 1.56633 1.56633 1.56633 1.56633 1.56633 1.60277 1.69214 1.78201 1.40612 1.40275 1.42150 1.48248 1.50309 1.50309 1.50309 1.50309 1.59169 1.64355 1.64355 1.64355 1.64355 1.64355 1.64355 1.67644 2.17125 2.17347 2.17347 2.17347 2.17347 2.04472 1.42424 1.42424 1.42424 1.42424 0.997326 0.648599 0.648599 0.648599 0.648599 0.648599 0.648658 0.713798 1.03894 1.19520 1.27643 1.35613 1.38215 1.41286 1.53147 1.53147 1.53147 1.53178 1.54139 1.98559 2.06067 2.06020 2.05973 2.05926 2.05879 2.05832 2.05785 2.05738
1.60760 1.60760 1.60737 1.56860 1.57532 1.65146 1.74124 1.83111 1.92097 1.97436 1.97481 1.97481 1.64836 1.42150 1.42150 1.45777 1.50309 1.50309 1.50309 1.50309 1.55870 1.64355 1.64355 1.64355 1.64355 1.64355 1.64355 1.64355 2.05537 2.17347 2.17347 2.17347 2.17347 2.17287 1.52074 1.42424 1.42424 1.42424 1.17634 0.648599 0.694580 0.815488 0.939439 1.07894 1.22163 1.29928 1.38191 1.45068 1.46453 1.47842 1.49229 1.50703 1.65516 1.68320 1.69714 1.71066 1.71494 1.92613 2.05519 2.05519 2.05519 2.05519 2.05519 2.05519 2.05519 2.05519
1.67414 1.80894 1.94368 1.92662 1.96109 1.97481 1.97481 1.97481 1.97481 1.97481 1.97481 1.97481 1.78790 1.42150 1.42150 1.43306 1.50308 1.50309 1.50309 1.50309 1.52574 1.64355 1.64355 1.64355 1.65682 1.70074 1.74948 1.80271 2.03967 2.17347 2.16599 2.14696 2.12772 2.10855 1.66082 1.35110 1.44857 1.55134 1.60567 1.37293 1.46932 1.49119 1.51004 1.51331 1.51331 1.51331 1.52859 1.56562 1.56562 1.56562 1.56562 1.56562 1.65749 1.71494 1.71494 1.71494 1.71494 1.84862 2.05519 2.05519 2.05519 2.05519 2.05519 2.05519 2.05519 2.05519
2.22032 2.22032 2.22032 2.08551 1.97481 1.97481 1.97481 1.97481 1.97481 1.97481 1.97481 1.97481 1.92518 1.42327 1.42150 1.42211 1.51541 1.56926 1.60813 1.64008 1.67557 1.88038 1.94779 2.00722 2.04643 2.02909 2.00992 1.99073 1.97151 1.95234 1.94522 1.98969 2.04350 2.09744 2.02522 1.77544 1.78081 1.78081 1.78081 1.55108 1.51331 1.51331 1.51331 1.51331 1.51331 1.51331 1.51546 1.56472 1.56562 1.56562 1.56562 1.56562 1.61342 1.71494 1.71494 1.71494 1.71494 1.77109 2.05519 2.05519 2.05519 2.05519 2.05519 2.05519 2.05519 2.05519
2.22032 2.22032 2.22032 2.15018 1.97481 1.97481 1.97475 1.96854 1.98096 2.00073 2.02050 2.04052 2.06042 1.67339 1.60580 1.64438 1.71000 1.74652 1.73274 1.73235 1.73235 1.87643 1.94053 1.94053 1.94053 1.94081 1.97287 2.02675 2.08064 2.13450 2.18387 2.19317 2.19317 2.19317 2.18294 1.80258 1.78081 1.78081 1.78081 1.61279 1.51331 1.51331 1.51331 1.51331 1.51331 1.51331 1.51331 1.55767 1.56562 1.56562 1.56562 1.56562 1.57316 1.71111 1.71494 1.71494 1.71676 1.74484 2.09244 2.14844 2.18095 2.21360 2.24509 2.25332 2.25265 2.25216
2.26261 2.31287 2.36277 2.40457 2.03104 2.03599 2.05598 2.08217 2.08968 2.08968 2.08968 2.08968 2.08968 1.85850 1.60995 1.60995 1.63836 1.73235 1.73235 1.73235 1.73235 1.84459 2.00995 2.06384 2.11770 2.17134 2.19317 2.19317 2.19317 2.19317 2.19317 2.19317 2.19317 2.19317 2.19317 1.91606 1.78081 1.78081 1.78081 1.67453 1.51331 1.51331 1.51331 1.51331 1.51331 1.51331 1.51331 1.86165 2.09413 2.12684 2.15937 2.19202 2.22469 2.36629 2.43928 2.47193 2.50267 2.50827 2.72564 2.79144 2.75805 2.72483 2.69285 2.68390 2.68967 2.70602
2.62306 2.62306 2.62306 2.62306 2.19292 2.08968 2.08968 2.08968 2.08968 2.08968 2.08968 2.08968 2.08968 1.97065 1.60995 1.60995 1.59538 1.75156 1.83889 1.89272 1.94661 2.03076 2.19317 2.19317 2.19317 2.19317 2.19317 2.19317 2.19317 2.19317 2.19317 2.19317 2.19317 2.19317 2.19317 2.03978 1.78081 1.78081 1.78081 1.73627 1.51331 1.51331 1.51331 1.51331 1.51331 1.51331 1.51331 1.90389 2.36003 2.36003 2.36003 2.36003 2.35916 2.39873 2.45152 2.41838 2.38522 2.35284 2.50732 2.68390 2.68390 2.72093 2.79670 2.80719 2.81389 2.81404
2.62306 2.62306 2.62306 2.62306 2.30416 2.08968 2.08968 2.08968 2.08968 2.08968 2.08968 2.08968 2.04006 1.90505 1.23035 1.07197 0.933452 1.58332 1.98499 1.98499 1.98499 1.99029 2.18627 2.19317 2.19317 2.19317 2.19317 2.19317 2.19317 2.19317 2.19317 2.19317 2.19317 2.19317 2.19317 2.15930 1.78489 1.78081 1.78081 1.77928 1.53201 1.51331 1.51331 1.51331 1.51331 1.51331 1.51331 1.69254 2.33849 2.29940 2.26025 2.22114 2.18290 2.19474 2.34363 2.34365 2.34365 2.34365 2.42990 2.68390 2.68351 2.68728 2.79195 2.77956 2.76692 2.75430
2.62306 2.62306 2.62306 2.62306 2.43879 2.08968 2.08968 2.07634 1.98572 1.88275 1.77967 1.67674 1.62329 1.62329 1.08019 0.910366 0.910366 1.25815 1.98499 1.98499 1.98499 1.98499 2.14288 2.19317 2.19317 2.19317 2.19317 2.19317 2.19317 2.19317 2.19317 2.19317 2.19317 2.19317 2.19317 2.19317 1.87441 1.78081 1.78081 1.78081 1.59222 1.51331 1.51331 1.49006 1.43173 1.37310 1.31440 1.26305 2.13003 2.17186 2.17240 2.17295 2.17349 2.17403 2.32038 2.34803 2.34857 2.34911 2.35743 2.45968 2.44474 2.43971 2.60785 2.63090 2.63090 2.63090
2.62306 2.62306 2.62299 2.54016 2.35753 1.83356 1.72534 1.63574 1.62329 1.62329 1.62329 1.62329 1.62329 1.62329 1.28455 0.910366 0.910366 0.963014 1.95479 1.98499 1.98499 1.98499 2.09434 2.19317 2.19317 2.19317 2.19317 2.19317 2.19317 2.19317 2.19317 2.19317 2.19317 2.19317 2.19352 2.19993 2.01340 1.80460 1.79748 1.74950 1.55311 1.32970 1.27188 1.23728 1.23772 1.23853 1.23935 1.24001 1.99185 2.17788 2.17788 2.17788 2.17788 2.17788 2.27253 2.35080 2.35080 2.35080 2.35080 2.42173 2.43971 2.43971 2.56757 2.63090 2.63090 2.63090
2.30405 2.14951 1.99519 1.92348 1.92348 1.66962 1.62329 1.62329 1.62329 1.62329 1.62329 1.62329 1.62329 1.62329 1.45030 0.910366 0.910366 0.910366 1.68222 1.98499 1.98499 1.98499 2.04614 2.20104 2.20956 2.21807 2.22659 2.23513 2.24365 2.25216 2.26067 2.26921 2.27774 2.27338 2.17805 2.05906 1.89293 1.64543 1.60235 1.60022 1.51227 1.24007 1.24007 1.24007 1.24007 1.24007 1.24007 1.24007 1.81885 2.17788 2.17788 2.17788 2.17788 2.17788 2.22143 2.35080 2.35080 2.35080 2.35080 2.40147 2.43971 2.43971 2.52152 2.63090 2.63090 2.63090
1.92348 1.92348 1.92348 1.92348 1.92348 1.72991 1.62329 1.62329 1.62329 1.62329 1.62329 1.59391 1.47379 1.34652 1.17884 0.883732 0.880076 0.874226 1.31510 1.93715 1.93130 1.92544 1.94481 2.29376 2.29654 2.29654 2.29654 2.29654 2.29530 2.21863 2.09745 1.97633 1.85532 1.74701 1.72949 1.72949 1.72937 1.61653 1.60022 1.60022 1.58726 1.24818 1.24007 1.24007 1.24007 1.24007 1.24007 1.24007 1.61404 2.17788 2.17788 2.17788 2.17788 2.17788 2.18102 2.34006 2.35080 2.35080 2.35080 2.38120 2.43971 2.43971 2.46822 2.63090 2.62360 2.60760
1.92348 1.92348 1.92348 1.87540 1.69808 1.44021 1.20186 1.07489 0.948121 0.821060 0.694295 0.596612 0.590074 0.590074 0.590074 0.781543 0.844417 0.844417 0.968428 1.91646 1.91904 1.91904 1.91904 2.23039 2.25515 2.13590 2.01477 1.89371 1.77383 1.72949 1.72949 1.72949 1.72949 1.72949 1.72949 1.72949 1.72949 1.65498 1.60022 1.60022 1.60022 1.31833 1.24007 1.24007 1.24007 1.24007 1.24007 1.24007 1.35360 1.88649 1.85164 1.81547 1.77827 1.73973 1.70005 1.80471 1.84096 1.80076 1.75927 1.72994 1.79356 1.71233 1.61442 2.02295 2.02341 1.98962
0.955776 0.767833 0.583090 0.446721 0.439599 0.456543 0.589662 0.590074 0.590074 0.590074 0.590074 0.590074 0.590074 0.590074 0.590074 0.708956 0.844417 0.844417 0.844417 1.69952 1.79684 1.67571 1.55459 1.65689 1.73130 1.72949 1.72949 1.72949 1.72949 1.72949 1.72949 1.72949 1.72949 1.72949 1.72949 1.72949 1.72949 1.69356 1.60022 1.60022 1.60022 1.40146 1.24007 1.24007 1.24007 1.24007 1.24007 1.24007 1.24007 1.24007 1.24007 1.24007 1.24007 1.24007 1.24007 1.33285 1.45852 1.40569 1.35286 1.30004 1.36738 1.36869 1.36869 1.82931 2.01765 2.02378
0.415921 0.439599 0.439599 0.439599 0.439599 0.439599 0.572850 0.590074 0.590074 0.590074 0.590074 0.590074 0.590074 0.590074 0.590352 0.745919 1.20240 1.43153 1.66076 1.59150 1.35198 1.35198 1.35198 1.48724 1.72949 1.72949 1.72949 1.72949 1.72949 1.72949 1.72949 1.72949 1.72949 1.72949 1.72949 1.72949 1.72949 1.72591 1.60646 1.60022 1.60022 1.48454 1.24007 1.24007 1.24543 1.27624 1.30594 1.28005 1.24007 1.24007 1.24026 1.26102 1.29586 1.33069 1.36552 1.38524 1.23711 1.23533 1.23533 1.23533 1.32312 1.36869 1.36869 1.69533 2.04083 2.04083
0.383848 0.439599 0.439599 0.439599 0.439599 0.439599 0.543961 0.590074 0.590074 0.590074 0.618429 0.759647 0.912471 1.06523 1.21777 1.31473 1.87986 1.88687 1.88687 1.77648 1.35198 1.35198 1.35198 1.39914 1.72949 1.72949 1.72949 1.72949 1.72949 1.72949 1.72949 1.72949 1.72949 1.72949 1.72949 1.72949 1.72949 1.72949 1.64150 1.60434 1.60956 1.58735 1.34667 1.36668 1.38224 1.38411 1.39429 1.38181 1.32488 1.35970 1.39437 1.40841 1.41652 1.44297 1.47028 1.49737 1.39061 1.37869 1.40592 1.43316 1.64322 1.96584 2.02471 2.17042 2.55666 2.59591
