High_resolution/powerplant/Fengdu/OMI_NO2_200506.asc
ncols      200
nrows      200
xllcorner       105.978
yllcorner       28.1831
cellsize     0.0166667
NODATA_Value      -999.000
[rows 60 to 89 of 200, columns 0 to 65 of 200]
2.75945 2.74526 2.74730 2.80325 2.85170 2.87751 2.90296 2.88751 2.85243 2.82512 2.81982 2.99030 3.04227 2.91932 2.83258 2.83258 2.83258 2.83258 2.83258 2.84306 2.85715 2.85715 2.85715 2.85715 2.85715 2.85715 3.17379 3.99768 4.80689 4.83471 4.96751 5.06717 5.29999 5.45626 5.45626 5.45626 5.45576 5.42739 5.38303 5.61663 5.74583 5.73452 6.75336 6.34772 5.24978 5.32724 5.42479 5.51251 5.91382 6.19879 6.48867 7.66433 7.66433 7.66433 7.66433 7.66433 7.66433 7.30556 6.28828 6.15640 5.97380 5.87977 5.59537 4.97196 4.64861 4.38473
2.81536 2.85454 2.87769 2.84699 2.82373 2.82318 2.82318 2.82318 2.82318 2.82318 2.82318 2.93000 3.02041 3.00069 2.83258 2.83258 2.83258 2.83258 2.83258 2.83528 2.85704 2.85715 2.85715 2.84212 2.78538 2.72095 2.87264 3.48010 4.89253 4.89253 4.95797 5.06940 5.18994 5.39650 5.35216 5.30780 5.26395 5.24798 5.24798 5.35094 5.33677 5.02964 5.66641 5.64419 5.70246 5.72402 5.72402 5.72402 5.91795 6.25039 6.25166 7.43443 7.38123 7.13638 6.89154 6.64647 6.40141 6.15228 5.74471 5.56127 5.08971 5.08569 5.08404 4.57855 4.43957 4.14338
2.82318 2.82318 2.82318 2.82318 2.82318 2.82318 2.82318 2.82318 2.82318 2.82318 2.82318 2.87308 3.01678 3.07529 2.83358 2.83258 2.83258 2.83258 2.83258 2.81891 2.78075 2.71932 2.64852 2.59234 2.58942 2.58942 2.67134 3.19198 4.74645 4.98992 5.06630 5.27071 5.30281 5.24233 5.07206 4.82637 4.55975 4.27123 3.95783 3.73606 3.78532 3.78532 4.50524 5.00663 5.25899 5.17701 4.99321 4.80942 4.65236 4.54100 4.29616 4.92356 5.50328 5.50328 5.50328 5.50328 5.50328 5.50392 5.60747 5.59463 5.11865 5.08569 5.08569 4.73073 4.40436 3.96715
2.82318 2.82318 2.82318 2.82318 2.82318 2.82318 2.82318 2.82318 2.82318 2.82318 2.82318 2.82128 3.01192 3.08969 2.89214 2.82230 2.77387 2.72197 2.66999 2.63177 2.61268 2.58942 2.58942 2.61153 2.66337 2.71530 2.76738 3.34296 4.39564 4.83764 4.58172 4.48701 4.20871 3.83796 3.69040 3.60874 3.52490 3.43990 3.35362 3.26246 3.10816 3.00152 2.95805 3.08524 3.67362 4.09861 4.08817 4.07773 4.06694 4.08471 4.08934 4.49090 5.50328 5.50328 5.50328 5.50328 5.50328 5.50328 5.57753 5.47820 4.92230 4.47600 4.25490 3.99175 3.70854 3.42413
2.82318 2.82318 2.82318 2.82318 2.82318 2.82318 2.82318 2.82318 2.82318 2.82318 2.82318 2.80848 2.87606 2.89234 2.74965 2.53071 2.52174 2.51664 2.51702 2.55456 2.59240 2.60000 2.65645 2.67167 2.63908 2.60582 2.57640 2.92867 3.10653 3.18853 3.08198 3.17401 3.16367 3.01036 2.87136 2.85639 2.84245 2.82851 2.81461 2.80069 2.78678 2.77283 2.76675 2.93379 3.22264 3.97659 3.97659 3.97659 3.97659 4.05459 4.08934 4.13360 5.44248 5.50232 5.37175 5.15044 4.92945 4.70824 4.61579 4.56454 4.06770 3.24417 3.01603 2.78877 2.79348 2.79293
2.82318 2.82318 2.82318 2.82318 2.82318 2.82318 2.82318 2.81564 2.74999 2.67205 2.59418 2.52744 2.59196 2.71258 2.71901 2.53702 2.58895 2.63929 2.67068 2.66086 2.64377 2.58288 2.52830 2.49577 2.47540 2.45494 2.43019 2.41170 2.39975 2.40566 2.37043 2.55736 2.82545 2.80918 2.72367 2.72333 2.72333 2.72333 2.72333 2.72333 2.72333 2.72333 2.72333 2.87241 2.93593 3.92364 3.97659 3.97659 3.97659 4.02692 4.08845 4.08778 4.55390 4.52374 4.43309 4.43309 4.43309 4.43309 4.37244 3.75666 3.46207 2.68446 2.68446 2.68446 2.76012 2.80304
2.82318 2.82318 2.82318 2.81853 2.75738 2.67945 2.60157 2.53118 2.51898 2.51529 2.45690 2.36207 2.33542 2.46127 2.49036 2.53556 2.50061 2.46349 2.43951 2.41785 2.39619 2.32408 2.25908 2.25908 2.25908 2.25908 2.25908 2.26206 2.28077 2.28485 2.28660 2.39817 2.81949 2.81949 2.74203 2.72333 2.72333 2.72333 2.72333 2.72333 2.72333 2.72333 2.72333 2.82487 2.91628 3.68936 3.97557 3.97506 3.97456 4.00052 4.08619 4.08619 4.22452 4.40974 4.21529 3.98633 3.75737 3.52789 3.29880 2.88921 2.82972 2.70892 2.68446 2.68446 2.71944 2.80380
2.75414 2.65202 2.54539 2.42671 2.36343 2.30443 2.22131 2.14234 2.06915 2.00200 1.98031 1.98320 2.05126 2.24233 2.27988 2.35916 2.37358 2.37358 2.37358 2.37358 2.37358 2.35419 2.25908 2.25908 2.25908 2.25908 2.25908 2.25909 2.27832 2.28311 2.28660 2.29657 2.79730 2.81949 2.77075 2.72333 2.72333 2.72333 2.72333 2.72332 2.72285 2.72779 2.74390 2.79791 2.91330 3.40147 3.97422 3.97315 3.86925 3.69832 3.48784 3.25869 3.06702 3.16942 3.13586 3.13586 3.13586 3.13586 3.13586 2.96006 2.82973 2.75409 2.68446 2.68446 2.68376 2.78849
2.17491 2.12279 2.06854 2.03464 2.00160 1.98043 1.98381 1.98647 1.98653 1.98653 1.98653 1.98653 2.00065 2.22547 2.25873 2.34830 2.37358 2.37358 2.37358 2.37358 2.37358 2.37330 2.27528 2.25908 2.25908 2.25908 2.25908 2.25908 2.27306 2.28164 2.28660 2.28660 2.68345 2.81949 2.79946 2.72368 2.73613 2.75176 2.76580 2.77846 2.79027 2.79798 2.79825 2.80196 2.91074 3.01360 3.23966 3.06902 3.00130 3.00130 2.83426 2.78896 2.78896 3.07003 3.13586 3.11916 3.07448 3.02933 2.98410 2.88706 2.80353 2.75902 2.63710 2.63090 2.62674 2.71358
1.99201 1.98442 1.98653 1.98653 1.98653 1.98653 1.98653 1.98653 1.98653 1.98653 1.98653 1.98653 1.98653 2.17190 2.24811 2.32839 2.37211 2.37358 2.37358 2.37358 2.37358 2.37358 2.31706 2.25908 2.25908 2.25908 2.25908 2.25908 2.26754 2.28079 2.29595 2.32296 2.58528 2.81004 2.80634 2.79658 2.79825 2.79825 2.79825 2.79825 2.79825 2.79825 2.79825 2.79825 2.88376 2.91322 2.98172 2.96162 2.92779 2.89392 2.72228 2.55553 2.51030 2.64402 2.76698 2.73849 2.73806 2.73806 2.73806 2.73597 2.78112 2.77952 2.63049 2.62663 2.62663 2.66634
1.98653 1.98653 1.98653 1.98653 1.98653 1.98653 1.98653 1.98653 1.98653 1.98653 1.98653 1.98653 1.98653 2.10526 2.24710 2.30597 2.36256 2.37358 2.37975 2.39755 2.41559 2.43364 2.40462 2.25908 2.25908 2.25908 2.25204 2.23856 2.29709 2.37505 2.39974 2.41168 2.52353 2.81135 2.81135 2.80334 2.79825 2.79837 2.80709 2.82093 2.83476 2.84862 2.86245 2.87630 2.76058 2.55285 2.63398 2.70295 2.70295 2.69931 2.58634 2.39116 2.39116 2.46800 2.73806 2.73806 2.73806 2.73806 2.73806 2.73806 2.77525 2.78908 2.73266 2.76567 2.82841 2.88092
1.98653 1.98653 1.98653 1.98653 1.98653 1.98653 1.98653 1.98653 1.98653 1.98653 1.98653 1.98653 1.98653 2.04963 2.23989 2.30712 2.39206 2.43198 2.44387 2.44413 2.44413 2.44234 2.43041 2.24931 2.21761 2.20413 2.19608 2.19268 2.25147 2.39957 2.42149 2.43949 2.47635 2.86280 2.88068 2.89042 2.89525 2.90340 2.88078 2.85078 2.82063 2.79063 2.76059 2.73056 2.59903 2.19054 2.24321 2.39921 2.36910 2.34274 2.34468 2.39116 2.39116 2.39442 2.70958 2.73806 2.73901 2.78775 2.86140 2.92328 2.97866 2.99082 2.93117 2.84572 2.80339 2.76104
1.98653 1.98653 1.98653 1.98653 1.98653 1.98653 1.98653 1.98653 1.98653 1.98653 1.99026 2.00717 2.02522 2.05609 2.28747 2.33422 2.41153 2.43705 2.42654 2.41576 2.40527 2.40100 2.40998 2.29851 2.20473 2.20858 2.21283 2.21769 2.23186 2.48138 2.51761 2.51546 2.51331 2.65572 2.64998 2.61939 2.57712 2.55229 2.55000 2.55000 2.55000 2.55000 2.55000 2.55000 2.53340 2.06029 2.04274 2.32979 2.33884 2.33884 2.33892 2.38529 2.34995 2.25387 2.63590 2.98594 3.03386 3.03707 3.02422 3.02356 3.00589 2.80894 2.78420 2.69319 2.69319 2.69319
1.98653 1.98653 1.98653 1.98653 1.98653 1.98653 1.98927 2.00551 2.02357 2.04161 2.05594 2.05708 2.05492 2.04481 2.21143 2.29213 2.35790 2.40896 2.43182 2.44280 2.45427 2.45901 2.45744 2.39569 2.20941 2.20656 2.20545 2.20545 2.20545 2.40396 2.50350 2.50350 2.50350 2.53826 2.56310 2.56310 2.55372 2.55000 2.55000 2.55000 2.55000 2.55000 2.55000 2.55000 2.55000 2.19997 2.02994 2.25287 2.25879 2.18649 2.11446 2.04902 2.04656 2.10011 2.44243 3.02356 3.02280 3.01381 3.00167 2.98832 2.97704 2.75637 2.69416 2.69319 2.69319 2.69319
1.98653 1.98653 1.98843 2.00384 2.02575 2.05851 2.10624 2.14803 2.18126 2.20561 2.23294 2.26792 2.30862 2.36191 2.43253 2.48384 2.41150 2.41444 2.45018 2.45018 2.45018 2.45018 2.45018 2.44413 2.22065 2.20545 2.20545 2.20545 2.20545 2.32572 2.50350 2.50350 2.50350 2.52444 2.56310 2.56310 2.55763 2.55000 2.55000 2.55000 2.55000 2.55000 2.54695 2.49286 2.41416 2.07866 1.66465 1.82204 2.06338 2.10552 2.14281 2.13075 2.06957 2.01005 2.00908 2.94362 2.94657 2.94290 2.94290 2.94290 2.94290 2.80959 2.69319 2.69319 2.70417 2.75491
2.17581 2.23776 2.29389 2.33559 2.35965 2.37582 2.38280 2.38204 2.38899 2.40732 2.42077 2.42117 2.42117 2.42117 2.43985 2.48449 2.43579 2.39347 2.45018 2.45018 2.45018 2.45018 2.45018 2.45018 2.30286 2.20545 2.20545 2.20545 2.20545 2.24570 2.49404 2.50350 2.50350 2.51060 2.56310 2.56310 2.56152 2.55002 2.51544 2.42498 2.31694 2.19755 2.06874 1.99801 2.01001 1.99908 1.97603 2.13100 2.01599 1.96412 1.90781 1.86098 1.77878 1.77878 1.77878 2.65348 2.94290 2.94290 2.94290 2.95121 2.98473 3.01580 2.90448 2.97527 3.03521 3.06861
2.34876 2.39507 2.39484 2.39554 2.41005 2.42114 2.42117 2.42117 2.42117 2.42117 2.42117 2.42117 2.42117 2.42117 2.42470 2.48362 2.46006 2.38076 2.44194 2.45018 2.45018 2.45018 2.45018 2.45018 2.37942 2.20545 2.20545 2.20545 2.20545 2.20551 2.45256 2.50350 2.50350 2.49545 2.51027 2.47199 2.42178 2.12234 1.96024 1.93832 2.06636 2.24995 2.38879 2.49861 2.58207 2.63008 2.43631 2.43407 1.96283 1.87957 1.88403 1.89452 1.82189 1.83576 1.85284 2.40230 3.07203 3.13081 3.18182 3.21989 3.23929 3.31659 3.16738 3.15793 3.15793 3.15793
2.29128 2.42117 2.42117 2.42117 2.42117 2.42117 2.42117 2.42117 2.42117 2.42117 2.42117 2.42117 2.42117 2.42117 2.42117 2.47125 2.48137 2.38358 2.42114 2.45018 2.45017 2.44811 2.44443 2.44075 2.42689 2.21285 2.20545 2.20545 2.20534 2.19147 2.29446 2.34323 2.28128 2.22622 2.29556 2.44284 2.56245 2.50895 2.47561 2.57668 2.63479 2.65020 2.65408 2.65875 2.66341 2.66808 2.52180 2.49764 2.21610 1.98443 1.99274 1.99329 2.01994 2.12707 2.22796 2.45433 3.18445 3.16174 3.13967 3.11836 3.09786 3.08624 3.07542 2.97031 2.94694 2.83923
2.24504 2.41958 2.42117 2.42117 2.42117 2.42117 2.42117 2.42117 2.42117 2.42117 2.42117 2.42117 2.42117 2.42117 2.42117 2.45535 2.48449 2.40301 2.39474 2.44108 2.43742 2.43579 2.43579 2.43579 2.43210 2.26024 2.15535 2.13204 2.10883 2.09938 2.11764 2.22111 2.39568 2.74900 2.85374 2.90201 2.90784 2.85113 2.64747 2.65330 2.66390 2.68804 2.69332 2.70201 2.71098 2.72026 2.63020 2.55948 2.44529 2.14804 2.24037 2.32535 2.31639 2.27844 2.27450 2.27472 2.88148 2.97284 2.97284 2.97124 2.90669 2.80123 2.71993 2.50616 2.40503 2.42014
2.29152 2.37401 2.42117 2.42117 2.42117 2.42117 2.42117 2.42117 2.42117 2.42117 2.42117 2.42117 2.42117 2.41973 2.41607 2.43061 2.47203 2.41463 2.36820 2.43208 2.42357 2.40609 2.38859 2.37111 2.35731 2.27939 2.13731 2.16463 2.19191 2.21901 2.25893 2.32819 2.44633 2.97718 3.01395 3.03695 3.05746 3.07525 2.79587 2.78558 2.80157 2.81069 2.81555 2.81555 2.81555 2.81555 2.75038 2.61068 2.68503 2.37634 2.36690 2.36690 2.33281 2.27437 2.27437 2.29935 2.62811 2.72370 2.60901 2.48377 2.42088 2.39929 2.46846 2.62870 2.68300 2.68912
2.43329 2.29868 2.42117 2.42117 2.42117 2.42117 2.42117 2.42117 2.42117 2.42000 2.41640 2.41272 2.40904 2.40680 2.40678 2.41033 2.47044 2.45014 2.39890 2.43009 2.47334 2.52451 2.57563 2.62689 2.67816 2.71141 2.62848 2.66808 2.70914 2.75015 2.77864 2.75907 2.74801 3.15422 3.22392 3.19170 3.18932 3.18932 2.95768 2.82661 2.82661 2.82031 2.81555 2.81555 2.81555 2.81555 2.79955 2.61170 2.63911 2.49260 2.38152 2.44365 2.49604 2.43350 2.45606 2.45103 2.41677 2.38061 2.36929 2.36658 2.36658 2.36658 2.40863 2.67677 2.68912 2.68912
2.66095 2.21150 2.42083 2.42117 2.42117 2.42025 2.41672 2.41304 2.40853 2.40294 2.40532 2.40889 2.41302 2.43163 2.47856 2.52212 2.66555 2.62323 2.86576 2.87590 2.86641 2.86641 2.86641 2.86641 2.86641 2.86641 2.80448 2.77961 2.77961 2.77961 2.77961 2.76680 2.74801 3.03503 3.22425 3.20087 3.18932 3.18932 3.06495 2.82661 2.82661 2.82426 2.81555 2.81555 2.81555 2.81984 2.87210 2.76391 2.76282 2.74899 2.58193 2.54525 2.50826 2.39733 2.38284 2.38284 2.38234 2.36729 2.36658 2.36658 2.36658 2.36658 2.37222 2.62897 2.68912 2.68912
2.70540 2.19629 2.36073 2.39890 2.39814 2.39830 2.40118 2.40514 2.43107 2.48147 2.52263 2.55937 2.59279 2.61431 2.61499 2.61499 2.68385 2.65232 2.83111 2.88036 2.86653 2.86641 2.86641 2.86641 2.86641 2.86641 2.83323 2.77961 2.77961 2.77961 2.77961 2.77479 2.74801 2.89524 3.22425 3.20932 3.18932 3.18932 3.16600 2.83281 2.82673 2.87511 2.92346 2.98344 3.04918 3.11060 3.11775 2.94293 2.68342 2.60031 2.47855 2.47855 2.47855 2.41426 2.38284 2.38284 2.38284 2.37157 2.36658 2.36658 2.36658 2.36658 2.36651 2.51686 2.59559 2.51924
2.70540 2.31303 2.31011 2.44382 2.48783 2.52799 2.56474 2.59785 2.61494 2.61499 2.61499 2.61499 2.61499 2.61499 2.61499 2.61499 2.65121 2.69762 2.76050 2.88174 2.86973 2.86641 2.86641 2.86641 2.86641 2.86641 2.85722 2.77971 2.77961 2.77961 2.77961 2.77957 2.75113 2.76181 3.20557 3.21672 3.17971 3.13824 3.09422 3.08737 3.19867 3.23795 3.16983 3.03113 2.86553 2.70026 2.54074 2.32716 2.05726 2.09707 2.46368 2.47855 2.47855 2.43591 2.38075 2.37687 2.37298 2.36258 2.34874 2.31292 2.25024 2.18190 2.10734 2.16523 2.35934 2.35955
2.71838 2.72812 2.49588 2.61499 2.61499 2.61499 2.61499 2.61499 2.61499 2.61499 2.61499 2.61499 2.61499 2.61499 2.61499 2.61499 2.62104 2.73325 2.69251 2.88174 2.87432 2.86641 2.86641 2.86550 2.84552 2.81790 2.79030 2.77584 2.77961 2.77961 2.77961 2.77859 2.72741 2.67246 3.00674 3.09864 2.99277 2.96583 2.79876 2.72045 2.66499 2.47277 2.29138 2.25457 2.25457 2.25116 2.23898 2.20704 2.02801 2.02199 2.35637 2.44878 2.44412 2.42167 2.34694 2.30783 2.24872 2.18229 2.09491 2.07204 2.09133 2.11052 2.12984 2.20447 2.50699 2.56710
2.72670 2.93029 2.49802 2.59883 2.61499 2.61499 2.61499 2.61499 2.61499 2.61499 2.61499 2.61499 2.61499 2.61499 2.61499 2.61499 2.61499 2.71536 2.66218 2.88135 2.86035 2.82026 2.79267 2.76599 2.75838 2.75838 2.75838 2.75630 2.72358 2.67956 2.63558 2.59258 2.56626 2.54745 2.64102 2.57380 2.20239 1.95090 1.90926 1.93162 2.12483 2.10800 2.09122 2.15923 2.15835 2.14915 2.15176 2.17562 2.07482 2.07213 2.28812 2.47178 2.43126 2.38753 2.27292 2.26808 2.28729 2.30661 2.31000 2.31659 2.31659 2.31659 2.31612 2.31591 2.65774 2.75333
0.00000 2.89815 2.57296 2.56154 2.61499 2.61499 2.61499 2.61499 2.61499 2.61499 2.61499 2.61499 2.61499 2.61499 2.61499 2.61490 2.60202 2.64772 2.61137 2.75069 2.77369 2.76016 2.75661 2.73102 2.69802 2.66499 2.63199 2.60455 2.57845 2.56996 2.55887 2.54780 2.52913 2.46296 2.40338 2.16220 1.99412 1.92953 1.96907 2.00668 2.22601 2.28504 2.31301 2.35424 2.38486 2.40398 2.42057 2.42312 2.34702 2.25513 2.26735 2.40532 2.40587 2.40587 2.35600 2.33610 2.33610 2.33606 2.31551 2.28874 2.26309 2.22672 2.19233 2.17599 2.44654 2.41881
0.00000 2.75346 2.66719 2.51860 2.61499 2.61499 2.61499 2.61499 2.61499 2.61499 2.61499 2.61499 2.60392 2.58184 2.55975 2.53777 2.52857 2.56374 2.61802 2.62442 2.69092 2.64340 2.60019 2.57674 2.53342 2.48763 2.44182 2.39596 2.25487 2.18366 2.13374 2.08377 2.03373 1.90783 1.85411 1.76867 1.92029 2.22685 2.22685 2.22685 2.33210 2.41374 2.41374 2.41579 2.42312 2.42312 2.42312 2.42312 2.38025 2.26458 2.25434 2.37438 2.40587 2.40089 2.34707 2.28554 2.26026 2.22591 2.20372 2.19518 2.19405 2.20428 2.20814 2.20814 2.41950 2.32356
0.00000 2.72670 2.74867 2.48759 2.60284 2.61499 2.61499 2.61499 2.60571 2.58370 2.56164 2.53956 2.52881 2.54729 2.55868 2.56086 2.55343 2.52568 2.40834 2.27686 2.23632 2.19515 2.15295 2.12317 2.12077 2.12077 2.12077 2.12077 2.02787 1.92946 1.92946 1.92946 1.92946 1.87401 1.84542 1.79011 1.81213 2.22685 2.22685 2.22685 2.27656 2.41374 2.41374 2.41374 2.42198 2.42312 2.42312 2.42312 2.40824 2.25706 2.21387 2.27684 2.35202 2.33524 2.30507 2.21854 2.20950 2.20814 2.20814 2.20814 2.20814 2.20814 2.20814 2.20814 2.32329 2.39203
0.00000 0.00000 2.89171 2.49693 2.56037 2.59555 2.60381 2.61272 2.63080 2.65629 2.66061 2.65061 2.62207 2.57076 2.52310 2.48220 2.45078 2.44950 2.29458 2.22564 2.12745 2.12724 2.12107 2.12077 2.12077 2.12077 2.12077 2.12077 2.08380 1.92946 1.92946 1.92946 1.92946 1.89482 1.84542 1.81519 1.75824 2.17258 2.22685 2.22685 2.23120 2.40359 2.41374 2.41356 2.40717 2.39414 2.37408 2.35202 2.33009 2.18645 2.15105 2.18681 2.32933 2.32442 2.31907 2.20989 2.20814 2.20814 2.20814 2.20814 2.20814 2.20814 2.20814 2.20814 2.23411 2.48576
