High_resolution/powerplant/Fengdu/OMI_NO2_200812.asc
ncols      200
nrows      200
xllcorner       105.978
yllcorner       28.1831
cellsize     0.0166667
NODATA_Value      -999.000
[rows 120 to 149 of 200, columns 0 to 65 of 200]
0.00000 0.00000 0.00000 19.4230 20.9660 22.1407 22.4346 22.4346 22.4346 22.4346 22.4346 22.4346 22.4346 22.4346 22.4346 22.4346 22.4346 22.4346 22.4346 20.1480 19.8024 19.8024 19.8024 19.8024 19.8024 19.8024 19.8024 19.8024 19.8024 19.8024 19.8024 19.8024 19.8024 19.8024 19.8024 0.00000 0.00000 0.00000 0.00000 0.00000 0.00000 0.00000 0.00000 0.00000 0.00000 0.00000 0.00000 0.00000 12.8921 12.8921 12.8921 12.8921 12.8921 12.8921 12.8921 12.8921 12.8921 12.8921 12.8921 12.8921 12.8921 12.8921 12.6500 10.4335 10.4062 10.4062
0.00000 0.00000 0.00000 22.4346 22.4346 22.4346 22.4346 22.4346 22.4346 22.4346 22.4346 22.4346 22.4346 22.4346 22.4346 22.4346 22.4346 22.4346 22.4346 20.8634 19.8024 19.8024 19.8024 19.8024 19.8024 19.8024 19.8024 19.8024 19.8024 19.8024 19.8024 19.8024 19.8024 19.8024 19.8024 0.00000 0.00000 0.00000 0.00000 0.00000 0.00000 0.00000 0.00000 0.00000 0.00000 0.00000 0.00000 0.00000 12.8921 12.8921 12.8921 12.8921 12.8921 12.8921 12.8921 12.8921 12.8921 12.8921 12.8921 12.8921 12.8921 12.8921 12.8921 10.7609 10.4062 10.4062
0.00000 0.00000 0.00000 0.00000 22.4346 22.4346 22.4346 22.4346 22.4346 22.4346 22.4346 22.4346 22.4346 22.4346 22.4346 22.4346 22.4346 22.4346 22.4346 21.5791 19.8024 19.8024 19.8024 19.8024 19.8024 19.8024 19.8024 19.8024 19.8024 19.8024 19.8024 19.8024 19.9881 21.2058 22.7886 28.0579 0.00000 0.00000 0.00000 0.00000 0.00000 0.00000 0.00000 0.00000 0.00000 0.00000 0.00000 0.00000 12.8921 12.8921 12.8921 12.8921 12.8921 12.8921 12.8921 12.8921 12.8921 12.8921 12.8921 12.8921 12.8921 12.4660 11.6425 10.7730 10.7109 10.7987
0.00000 0.00000 0.00000 0.00000 22.4346 22.4346 22.4346 22.4346 22.4346 22.4346 22.4346 22.4346 22.4346 22.4346 22.4346 22.4346 22.4346 22.4346 22.4346 22.2611 19.8358 19.8024 19.8024 19.8024 19.8024 19.8024 19.9881 21.2058 22.5820 23.9574 25.3336 26.7098 27.8994 28.0579 28.0579 28.0579 0.00000 0.00000 0.00000 0.00000 0.00000 0.00000 0.00000 0.00000 0.00000 0.00000 0.00000 0.00000 12.8921 12.8921 12.8921 12.8921 12.8921 12.8921 12.8921 12.8665 12.1853 11.4342 10.8701 10.4311 10.0799 9.90284 9.90149 10.0898 10.8853 10.8853
0.00000 0.00000 0.00000 0.00000 22.4346 22.4346 22.4346 22.4346 22.4346 22.4346 22.4346 22.4346 22.4346 22.4346 22.4346 22.4346 22.4346 22.4346 22.4346 22.4346 20.5635 21.2058 22.5820 23.9574 25.3336 26.7098 27.8994 28.0579 28.0579 28.0579 28.0579 28.0579 28.0579 28.0579 28.0579 28.0579 0.00000 0.00000 0.00000 0.00000 0.00000 0.00000 0.00000 0.00000 0.00000 0.00000 0.00000 0.00000 0.00000 12.8921 12.7434 11.9279 11.2432 10.7230 10.3145 9.99160 9.90149 9.90149 9.90149 9.90149 9.90149 9.90149 9.90149 9.90621 10.7940 10.8853
0.00000 0.00000 0.00000 0.00000 22.4346 22.4346 22.4346 22.4346 22.4346 22.4346 22.4346 22.4346 22.4346 22.4346 22.4365 22.4606 22.4912 22.5219 22.5526 22.5832 25.3801 28.0579 28.0579 28.0579 28.0579 28.0579 28.0579 28.0579 28.0579 28.0579 28.0579 28.0579 28.0579 28.0579 28.0579 28.0579 0.00000 0.00000 0.00000 0.00000 0.00000 0.00000 0.00000 0.00000 0.00000 0.00000 0.00000 0.00000 6.91085 9.54209 9.93414 9.90149 9.90149 9.90149 9.90149 9.90149 9.90149 9.90149 9.90149 9.90149 9.90149 9.90149 9.90149 9.90149 10.5237 10.8853
0.00000 0.00000 0.00000 0.00000 0.00000 22.4346 22.4346 22.4346 22.4350 22.4551 22.4858 22.5164 22.5471 22.5778 22.6066 22.6132 22.6132 22.6132 22.6132 22.6132 23.9259 28.0579 28.0579 28.0579 28.0579 28.0579 28.0579 28.0579 28.0579 28.0579 28.0579 28.0579 28.0579 28.0579 28.0579 28.0579 28.0579 0.00000 0.00000 0.00000 0.00000 0.00000 0.00000 0.00000 0.00000 0.00000 0.00000 0.00000 6.91085 8.58493 9.51102 9.25389 8.99901 8.74369 8.48655 8.23259 7.97545 7.72013 7.46526 7.20812 6.95280 6.69793 6.44034 6.18592 6.27745 6.65770
0.00000 0.00000 0.00000 0.00000 0.00000 22.5047 22.5416 22.5723 22.6026 22.6132 22.6132 22.6132 22.6132 22.6132 22.6132 22.6132 22.6132 22.6132 22.6132 22.6132 22.7280 27.7890 28.0579 28.0579 28.0579 28.0579 28.0579 28.0579 28.0579 28.0579 28.0579 28.0579 28.0579 28.0579 28.0579 28.0579 28.0579 0.00000 0.00000 0.00000 0.00000 0.00000 0.00000 0.00000 0.00000 0.00000 0.00000 0.00000 6.91085 6.39134 5.36644 5.36644 5.36644 5.36644 5.36644 5.36644 5.36644 5.36644 5.36644 5.36644 5.36644 5.36644 5.36644 5.36644 5.44649 6.34255
0.00000 0.00000 0.00000 0.00000 0.00000 22.6132 22.6132 22.6132 22.6132 22.6132 22.6132 22.6132 22.6132 22.6132 22.6132 22.6132 22.6132 22.6132 22.6132 22.6132 22.6132 26.4370 28.0579 28.0579 28.0579 28.0579 28.0579 28.0579 28.0579 28.0579 28.0579 28.0579 28.0579 28.0579 28.0579 28.0579 28.0579 0.00000 0.00000 0.00000 0.00000 0.00000 0.00000 0.00000 0.00000 0.00000 0.00000 0.00000 6.91085 6.84998 5.39458 5.36644 5.36644 5.36644 5.36644 5.36644 5.36644 5.36644 5.36644 5.36644 5.36644 5.36644 5.36644 5.36644 5.36644 6.14747
0.00000 0.00000 0.00000 0.00000 0.00000 0.00000 22.6132 22.6132 22.6132 22.6132 22.6132 22.6132 22.6132 22.6132 22.6132 22.6132 22.6132 22.6132 22.6132 22.6132 22.6132 24.9698 28.0579 28.0579 28.0579 28.0579 28.0579 28.0579 28.0579 28.0579 28.0579 28.0579 28.0579 28.0579 28.0579 27.9969 27.0592 0.00000 0.00000 0.00000 0.00000 0.00000 0.00000 0.00000 0.00000 0.00000 0.00000 0.00000 0.00000 6.91085 5.57147 5.36644 5.36644 5.36644 5.36644 5.36644 5.36644 5.36644 5.36644 5.36644 5.36644 5.36644 5.36644 5.36644 5.40141 6.01477
0.00000 0.00000 0.00000 0.00000 0.00000 0.00000 22.6132 22.6132 22.6132 22.6132 22.6132 22.6132 22.6132 22.6132 22.6132 22.6132 22.6132 22.6132 22.6132 22.6132 22.6132 23.5034 28.0579 28.0579 28.0579 28.0579 28.0579 28.0579 28.0579 27.9888 27.0977 25.9665 24.8429 23.7178 22.5873 21.5254 21.2765 21.2765 0.00000 0.00000 0.00000 0.00000 0.00000 0.00000 0.00000 0.00000 0.00000 0.00000 0.00000 6.91086 5.81816 5.36644 5.36644 5.36644 5.36644 5.36644 5.36644 5.36644 5.36792 5.42803 5.51796 5.60794 5.69787 5.78790 5.84291 6.10912
0.00000 0.00000 0.00000 0.00000 0.00000 0.00000 22.6132 22.6132 22.6132 22.6132 22.6132 22.6132 22.6132 22.6132 22.6132 22.6132 22.6132 22.6132 22.6132 22.6132 22.6132 22.6214 27.4721 27.9793 27.0746 25.9448 24.8171 23.6954 22.5650 21.5084 21.2765 21.2765 21.2765 21.2765 21.2765 21.2765 21.2765 21.2765 0.00000 0.00000 0.00000 0.00000 0.00000 0.00000 0.00000 0.00000 0.00000 0.00000 0.00000 6.91085 6.14567 5.36644 5.36644 5.37708 5.45518 5.54520 5.63513 5.72511 5.81357 5.84353 5.84353 5.84353 5.84353 5.84353 5.84353 5.86248
0.00000 0.00000 0.00000 0.00000 0.00000 0.00000 22.6132 22.6132 22.6132 22.6132 22.6132 22.6132 22.6132 22.6132 22.6132 22.6132 22.6132 22.6116 22.5722 22.5165 22.4608 22.4051 22.4905 21.4935 21.2765 21.2765 21.2765 21.2765 21.2765 21.2765 21.2765 21.2765 21.2765 21.2765 21.2765 21.2765 21.2765 21.2765 0.00000 0.00000 0.00000 0.00000 0.00000 0.00000 0.00000 0.00000 0.00000 0.00000 0.00000 6.91085 6.92229 5.66233 5.75236 5.83170 5.84353 5.84353 5.84353 5.84353 5.84353 5.84353 5.84353 5.84353 5.84353 5.84353 5.84353 5.84353
0.00000 0.00000 0.00000 0.00000 0.00000 0.00000 0.00000 22.6132 22.6132 22.6132 22.6132 22.6131 22.5826 22.5269 22.4711 22.4154 22.3597 22.3056 22.2893 22.2893 22.2893 22.2893 21.9308 21.2765 21.2765 21.2765 21.2765 21.2765 21.2765 21.2765 21.2765 21.2765 21.2765 21.2765 21.2765 21.2765 21.2765 21.2765 0.00000 0.00000 0.00000 0.00000 0.00000 0.00000 0.00000 0.00000 0.00000 0.00000 0.00000 0.00000 7.86504 5.95813 5.84353 5.84353 5.84346 5.84157 5.83889 5.83620 5.83350 5.89941 6.09989 6.28312 6.44649 6.52643 5.81738 5.81469
0.00000 0.00000 0.00000 0.00000 0.00000 0.00000 14.9203 20.9589 22.4815 22.4258 22.3701 22.3144 22.2893 22.2893 22.2893 22.2893 22.2893 22.2893 22.2893 22.2893 22.2893 22.2893 22.1998 21.2815 21.2765 21.2765 21.2765 21.2765 21.2765 21.2765 21.2765 21.2765 21.2765 21.2765 21.2765 21.2765 21.2765 21.2765 21.2765 0.00000 0.00000 0.00000 0.00000 0.00000 0.00000 0.00000 0.00000 0.00000 0.00000 0.00000 7.86504 6.27081 6.06632 6.25206 6.41789 6.56895 6.70642 6.83097 6.94549 7.01890 7.02135 7.02135 7.02135 7.02012 5.96698 5.79632
14.9203 14.9203 14.9203 14.9203 14.9203 14.9203 14.9203 16.4390 22.2893 22.2893 22.2893 22.2893 22.2893 22.2893 22.2893 22.2893 22.2893 22.2893 22.2893 22.2893 22.2893 22.2893 22.2893 21.4658 21.2765 21.2765 21.2765 21.2765 21.2765 21.2765 21.2765 21.2765 21.2765 21.2765 21.2765 21.2765 21.2765 21.2765 21.2765 0.00000 0.00000 0.00000 0.00000 0.00000 0.00000 0.00000 0.00000 0.00000 0.00000 9.47142 9.33525 7.74691 7.02135 7.02135 7.02135 7.02135 7.02135 7.02135 7.02135 7.02135 7.02135 7.02135 7.02135 7.02135 6.33272 5.79632
14.9203 14.9203 14.9203 14.9203 14.9203 14.9203 14.9203 14.9874 21.7381 22.2893 22.2893 22.2893 22.2893 22.2893 22.2893 22.2893 22.2893 22.2893 22.2893 22.2893 22.2893 22.2893 22.2893 21.7398 21.2765 21.2765 21.2765 21.2765 21.2765 21.2765 21.2765 21.2765 21.2765 21.2765 21.2765 21.2765 21.2765 21.2765 21.2765 0.00000 0.00000 0.00000 0.00000 0.00000 0.00000 0.00000 0.00000 0.00000 0.00000 9.47142 9.47142 8.17075 7.02135 7.02135 7.02135 7.02135 7.02135 7.02135 7.02135 7.02135 7.02135 7.02135 7.02135 7.02135 6.63175 5.79632
14.9203 14.9203 14.9203 14.9203 14.9203 14.9203 14.9203 14.9203 19.8015 22.2893 22.2893 22.2893 22.2893 22.2893 22.2893 22.2893 22.2893 22.2893 22.2893 22.2893 22.2893 22.2893 22.2893 22.0138 21.2765 21.2765 21.2765 21.2765 21.2765 21.2765 21.2765 21.2765 21.2765 21.2765 21.2765 21.2765 21.2765 21.2765 21.2765 0.00000 0.00000 0.00000 0.00000 0.00000 0.00000 0.00000 0.00000 0.00000 0.00000 9.47142 9.47142 8.79803 7.04156 7.02135 7.02135 7.02135 7.02135 7.02135 7.02135 7.02135 7.02135 7.02270 7.11620 7.26532 7.29411 6.60953
14.9203 14.9203 14.9203 14.9203 14.9203 14.9203 14.9203 14.9203 17.7986 22.2893 22.2893 22.2893 22.2893 22.2893 22.2893 22.2893 22.2893 22.2893 22.2893 22.2893 22.2893 22.2893 22.2893 22.2542 21.3099 21.2765 21.2765 21.2765 21.2765 21.2765 21.2765 21.2765 21.2765 0.00000 0.00000 0.00000 0.00000 0.00000 0.00000 0.00000 0.00000 0.00000 0.00000 0.00000 0.00000 0.00000 0.00000 0.00000 0.00000 9.47142 9.47142 9.16723 7.25448 7.02135 7.02135 7.02135 7.03633 7.16295 7.31207 7.46120 7.61032 7.75802 7.81372 7.81372 7.81173 7.08556
14.9203 14.9203 14.9203 14.9203 14.9203 14.9203 14.9203 14.9203 15.7987 22.2856 22.2893 22.2893 22.2893 22.2893 22.2893 22.2893 22.2893 22.2893 22.2893 22.2893 22.2867 21.4784 20.0352 18.5920 19.0904 21.2765 21.2765 0.00000 0.00000 0.00000 0.00000 0.00000 0.00000 0.00000 0.00000 0.00000 0.00000 0.00000 0.00000 0.00000 0.00000 0.00000 0.00000 0.00000 0.00000 0.00000 0.00000 0.00000 0.00000 9.47142 9.47142 9.44705 7.74437 7.35882 7.50795 7.65707 7.79114 7.81372 7.81372 7.81372 7.81372 7.81372 7.81372 7.81372 7.81372 7.33402
14.9203 14.9203 14.9203 14.9203 14.9203 14.9203 14.9203 14.9203 14.9203 21.1611 22.2893 22.2893 22.2893 22.2893 22.2893 21.7408 20.3094 18.8662 17.4218 15.9790 14.5383 13.9035 13.9035 13.9035 13.9035 0.00000 0.00000 0.00000 0.00000 0.00000 0.00000 0.00000 0.00000 0.00000 0.00000 0.00000 0.00000 0.00000 0.00000 0.00000 0.00000 0.00000 0.00000 0.00000 0.00000 0.00000 0.00000 0.00000 0.00000 0.00000 9.47142 9.47142 8.69608 7.81372 7.81372 7.81372 7.81372 7.81372 7.81372 7.81372 7.82048 7.88114 7.95199 8.00486 8.04925 7.89795
14.9203 14.9203 14.9203 14.9203 14.9203 14.9203 14.9203 14.9203 14.9203 18.8489 20.5819 19.1396 17.6964 16.2532 14.8091 13.9152 13.9035 13.9035 13.9035 13.9035 13.9035 13.9035 13.9035 13.9035 13.9035 0.00000 0.00000 0.00000 0.00000 0.00000 0.00000 0.00000 0.00000 0.00000 0.00000 0.00000 0.00000 0.00000 0.00000 0.00000 0.00000 0.00000 0.00000 0.00000 0.00000 0.00000 0.00000 0.00000 0.00000 0.00000 9.47142 9.47142 9.25523 8.56113 8.63207 8.68610 8.72984 8.77399 8.81855 8.86253 8.89960 8.88350 8.85686 8.84776 8.84776 8.84943
14.9203 14.9203 14.9203 14.8956 14.4897 13.9549 13.4192 12.8844 12.3484 12.5408 13.9035 13.9035 13.9035 13.9035 13.9035 13.9035 13.9035 13.9035 13.9035 13.9035 13.9035 13.9035 13.9035 13.9035 13.9035 13.9035 0.00000 0.00000 0.00000 0.00000 0.00000 0.00000 0.00000 0.00000 0.00000 0.00000 0.00000 0.00000 0.00000 0.00000 0.00000 0.00000 0.00000 0.00000 0.00000 0.00000 0.00000 0.00000 0.00000 0.00000 9.27557 9.09368 9.13046 8.91842 8.85729 8.84776 8.84776 8.84776 8.84776 8.84776 8.84776 8.84776 8.84776 8.84776 8.84776 8.84781
13.6181 13.0827 12.5476 12.0372 11.9074 11.9074 11.9074 11.9074 11.9074 12.0092 13.8628 13.9035 13.9035 13.9035 13.9035 13.9035 13.9035 13.9035 13.9035 13.9035 13.9035 13.9035 13.9035 13.9035 13.9035 13.9035 0.00000 0.00000 0.00000 0.00000 0.00000 0.00000 0.00000 0.00000 0.00000 0.00000 0.00000 0.00000 0.00000 0.00000 0.00000 0.00000 0.00000 0.00000 0.00000 0.00000 0.00000 0.00000 0.00000 0.00000 8.82150 8.82150 8.82150 8.90820 8.84776 8.84776 8.84776 8.84776 8.84776 8.84776 8.84776 8.84776 8.84776 8.84776 8.84776 8.84776
11.9074 11.9074 11.9074 11.9074 11.9074 11.9074 11.9074 11.9074 11.9074 11.9074 13.4216 13.9035 13.9035 13.9035 13.9035 13.9035 13.9035 13.9035 13.9035 13.9035 13.9035 13.9035 13.9035 13.9035 13.9035 13.9035 0.00000 0.00000 0.00000 0.00000 0.00000 0.00000 0.00000 0.00000 0.00000 0.00000 0.00000 0.00000 0.00000 0.00000 0.00000 0.00000 0.00000 0.00000 0.00000 0.00000 0.00000 0.00000 0.00000 0.00000 0.00000 8.82150 8.82150 8.87642 8.84776 8.84776 8.84776 8.84776 8.84776 8.84776 8.84776 8.84776 8.84776 8.84776 8.84786 8.85730
11.9074 11.9074 11.9074 11.9074 11.9074 11.9074 11.9074 11.9074 11.9074 11.9074 12.8781 13.9035 13.9035 13.9035 13.9035 13.9035 13.9035 13.9035 13.9035 13.9035 13.9035 13.9035 13.9035 13.9035 13.9035 13.9035 13.9035 0.00000 0.00000 0.00000 0.00000 0.00000 0.00000 0.00000 0.00000 0.00000 0.00000 0.00000 0.00000 0.00000 0.00000 0.00000 0.00000 0.00000 0.00000 0.00000 0.00000 0.00000 0.00000 0.00000 0.00000 8.82150 8.82150 8.82416 8.84776 8.84776 8.84776 8.84776 8.84776 8.84916 8.86201 8.87739 8.89277 8.90814 8.92343 8.92937
11.9074 11.9074 11.9074 11.9074 11.9074 11.9074 11.9074 11.9074 11.9074 11.9074 12.3347 13.9035 13.9035 13.9035 13.9035 13.9035 13.9035 13.9035 13.9035 13.9035 13.9035 13.9035 13.9035 13.9035 13.4186 12.2420 10.1605 0.00000 0.00000 0.00000 0.00000 0.00000 0.00000 0.00000 0.00000 0.00000 0.00000 0.00000 0.00000 0.00000 0.00000 0.00000 0.00000 0.00000 0.00000 0.00000 0.00000 0.00000 0.00000 0.00000 0.00000 8.82150 8.82150 8.77568 8.83422 8.86673 8.88211 8.89749 8.91287 8.92684 8.92937 8.92937 8.92937 8.92937 8.92937 8.92937
11.9074 11.9074 11.9074 11.9074 11.9074 11.9074 11.9074 11.9074 11.9074 11.9074 11.9295 13.7655 13.9035 13.9035 13.9035 13.9035 13.9035 13.9035 13.5871 12.4483 11.2677 10.0873 8.90653 7.72641 7.03113 7.02631 7.02631 0.00000 0.00000 0.00000 0.00000 0.00000 0.00000 0.00000 0.00000 0.00000 0.00000 0.00000 0.00000 0.00000 0.00000 0.00000 0.00000 0.00000 0.00000 0.00000 0.00000 0.00000 0.00000 0.00000 0.00000 8.82150 8.82150 8.82150 8.83736 8.92937 8.92937 8.92937 8.92937 8.92937 8.92937 8.92937 8.92937 8.92937 8.92937 8.92937
11.9074 11.9074 11.9074 11.9074 11.9074 11.9074 11.9074 11.9074 11.9074 11.9074 11.9074 13.2438 13.7205 12.6540 11.4738 10.2937 9.11284 7.93213 7.06826 7.02631 7.02631 7.02631 7.02631 7.02631 7.02631 7.02631 7.02631 0.00000 0.00000 0.00000 0.00000 0.00000 0.00000 0.00000 0.00000 0.00000 0.00000 0.00000 0.00000 0.00000 0.00000 0.00000 0.00000 0.00000 0.00000 0.00000 0.00000 0.00000 0.00000 0.00000 0.00000 0.00000 8.82150 8.82150 8.34115 8.34914 8.26340 8.17721 8.11552 8.17953 8.26045 8.34180 8.42508 8.50586 8.58737 8.66942
11.9074 11.9074 11.9074 11.9074 11.9074 11.9074 11.8999 11.6764 11.3534 11.0303 10.7075 9.47782 7.14116 7.02631 7.02631 7.02631 7.02631 7.02631 7.02631 7.02631 7.02631 7.02631 7.02631 7.02631 7.02631 7.02631 7.02631 7.02631 0.00000 0.00000 0.00000 0.00000 0.00000 0.00000 0.00000 0.00000 0.00000 0.00000 0.00000 0.00000 0.00000 0.00000 0.00000 0.00000 0.00000 0.00000 0.00000 0.00000 0.00000 0.00000 0.00000 0.00000 9.74659 10.3373 8.71828 8.25061 8.41774 8.58513 8.72937 8.74730 8.74730 8.74730 8.74730 8.74730 8.74730 8.74730
