High_resolution/powerplant/Fengdu/OMI_NO2_201004.asc
ncols      200
nrows      200
xllcorner       105.978
yllcorner       28.1831
cellsize     0.0166667
NODATA_Value      -999.000
[rows 29 to 57 of 200, columns 0 to 65 of 200]
0.00000 0.00000 0.00000 0.00000 0.00000 0.00000 0.00000 0.00000 0.00000 0.00000 0.00000 1.08302 1.08302 1.08302 1.08302 1.08302 1.08302 1.08302 1.08302 1.08302 1.08302 1.08302 1.08302 1.08302 1.08302 1.08302 1.08302 0.00000 0.00000 0.00000 0.00000 0.00000 0.00000 0.00000 0.00000 0.00000 0.00000 0.00000 0.00000 0.00000 0.00000 0.00000 0.00000 0.00000 0.00000 0.00000 7.07072 7.10433 7.10433 7.10433 7.10433 7.10433 7.10433 7.10433 7.10433 7.10433 7.10433 7.10433 7.10433 7.10433 7.10433 7.10433 7.10433 7.10433 5.60819 4.38709
0.00000 0.00000 0.00000 0.00000 0.00000 0.00000 0.00000 1.08302 1.08302 1.08302 1.08302 1.08302 1.08302 1.08302 1.08302 1.08302 1.08302 1.08302 1.08302 1.08302 1.08302 1.08302 1.08302 1.08302 1.08302 1.08302 1.08302 1.08302 0.00000 0.00000 0.00000 0.00000 0.00000 0.00000 0.00000 0.00000 0.00000 0.00000 0.00000 0.00000 0.00000 2.93665 2.93665 2.93665 2.93665 2.93665 6.16244 7.10433 7.10433 7.10433 7.10433 7.10433 7.10433 7.10433 7.10433 7.10433 7.10433 7.10433 7.10433 7.10433 7.10433 7.10433 7.10433 7.10433 6.41565 4.38709
0.00000 0.00000 0.00000 0.00000 0.00000 0.00000 0.00000 1.08302 1.08302 1.08302 1.08302 1.08302 1.08302 1.08302 1.08302 1.08302 1.08302 1.08302 1.08302 1.08302 1.08302 1.08302 1.08302 1.08302 1.08302 1.08302 1.08302 1.08302 0.00000 0.00000 0.00000 0.00000 0.00000 0.00000 0.00000 0.00000 2.93665 2.93665 2.93665 2.93665 2.93665 2.93665 2.93665 2.93665 2.93665 2.93665 4.91147 7.10433 7.10433 7.10433 7.10433 7.10433 7.10433 7.10433 7.10433 7.10433 7.10433 7.10433 7.10433 7.10433 7.10433 7.10433 7.10433 7.10433 7.05406 4.55610
0.00000 0.00000 0.00000 0.00000 0.00000 0.00000 0.00000 1.08302 1.08302 1.08302 1.08302 1.08302 1.08302 1.08302 1.08302 1.08302 1.08302 1.08302 1.08302 1.08302 1.08302 1.08302 1.08302 1.08302 1.08302 1.08302 1.08302 1.08302 0.00000 0.00000 0.00000 0.00000 2.93665 2.93665 2.93665 2.93665 2.93665 2.93665 2.93665 2.93665 2.93665 2.93665 2.93665 2.93665 2.93665 2.93665 3.65766 7.10433 7.10433 7.10433 7.10433 7.10433 7.10433 7.10433 7.10433 7.10433 7.10433 7.10433 7.10433 7.10433 7.10433 7.10433 7.10433 7.10433 7.10433 5.31295
0.00000 0.00000 0.00000 0.00000 0.00000 0.00000 0.00000 1.08302 1.08302 1.08302 1.08302 1.08302 1.08302 1.08302 1.08302 1.08302 1.08302 1.08302 1.08302 1.08302 1.08302 1.08302 1.08302 1.08302 1.08302 1.08302 1.08302 1.08287 2.84985 2.93665 2.93665 2.93665 2.93665 2.93665 2.93665 2.93665 2.93665 2.93665 2.93665 2.93665 2.93665 2.93665 2.93665 2.93665 2.93665 2.93665 2.94040 6.57129 7.10433 7.10433 7.10433 7.10433 7.10433 7.10433 7.10433 7.10433 7.10433 7.10433 7.10433 7.10433 7.10433 7.10433 7.10433 7.31692 7.73157 6.76491
0.00000 0.00000 0.00000 0.00000 0.00000 0.00000 0.00000 0.00000 1.08302 1.08302 1.08302 1.08302 1.08302 1.08302 1.08302 1.08302 1.08302 1.08302 1.08302 1.08302 1.08302 1.08302 1.08302 1.08182 1.07613 1.07003 1.06392 1.05795 2.52349 2.93665 2.93665 2.93665 2.93665 2.93665 2.93665 2.93665 2.93665 2.93665 2.93665 2.93665 2.93665 2.93665 2.93665 2.93665 2.93665 2.93665 2.93665 5.32473 7.10433 7.10433 7.10433 7.10433 7.10433 7.10433 7.10433 7.10433 7.10433 7.10433 7.21053 7.60823 8.02268 8.43694 8.85140 9.05288 9.05288 8.68026
0.00000 0.00000 0.00000 0.00000 0.00000 0.00000 0.00000 0.00000 1.08302 1.08302 1.08302 1.08302 1.08302 1.08302 1.08302 1.08302 1.08302 1.08302 1.08302 1.07972 1.07361 1.06750 1.06140 1.05649 1.05607 1.05607 1.05607 1.05607 1.95340 2.93665 2.93665 2.93665 2.93665 2.93665 2.93665 2.93665 2.93665 2.93665 2.93665 2.93665 2.93665 2.93665 2.93665 2.93665 2.93665 2.93665 2.93665 4.07204 7.10433 7.10433 7.10433 7.10433 7.10433 7.14077 7.48508 7.89934 8.31380 8.72825 9.03612 9.05288 9.05288 9.05288 9.05288 9.05288 9.05288 9.05288
0.00000 0.00000 0.00000 0.00000 0.00000 0.00000 0.00000 0.00000 1.08302 1.08302 1.08302 1.08302 1.08302 1.08302 1.08240 1.07720 1.07109 1.06498 1.05888 1.05607 1.05607 1.05607 1.05607 1.05607 1.05607 1.05607 1.05607 1.05607 1.38357 2.93665 2.93665 2.93665 2.93665 2.93665 2.93665 2.93665 2.93665 2.93665 2.93665 2.93665 2.93665 2.93665 2.93665 2.93665 2.93665 2.93665 2.93665 3.04001 6.88720 7.36193 7.77639 8.19045 8.60491 8.98293 9.05288 9.05288 9.05288 9.05288 9.05288 9.05288 9.05288 9.05288 9.05288 9.05288 9.05288 9.05288
0.00000 0.00000 0.00000 0.00000 0.00000 0.00000 0.00000 0.00000 1.08302 1.08302 1.08073 1.07468 1.06857 1.06246 1.05698 1.05607 1.05607 1.05607 1.05607 1.05607 1.05607 1.05607 1.05607 1.05607 1.05607 1.05607 1.05607 1.05607 1.05776 2.69236 2.93665 2.93665 2.93665 2.93665 2.93665 2.93665 2.93665 2.93665 2.93665 2.93665 2.93665 2.93665 2.93665 2.93665 3.02030 3.35504 3.70690 4.05876 7.42083 9.05288 9.05288 9.05288 9.05288 9.05288 9.05288 9.05288 9.05288 9.05288 9.05288 9.05288 9.05288 9.05288 9.05288 9.05288 9.05288 9.05288
0.00000 0.00000 0.00000 0.00000 0.00000 1.68883 1.68883 1.68883 1.68883 1.30903 1.05612 1.05607 1.05607 1.05607 1.05607 1.05607 1.05607 1.05607 1.05607 1.05607 1.05607 1.05607 1.05607 1.05607 1.05607 1.05607 1.05607 1.05607 1.05607 2.12405 2.93665 2.93665 2.93665 2.93665 2.93665 2.93665 2.93665 2.93665 2.93665 2.94641 3.19511 3.54696 3.89882 4.25068 4.51889 4.53601 4.53601 4.53601 6.20877 9.05288 9.05288 9.05288 9.05288 9.05288 9.05288 9.05288 9.05288 9.05288 9.05288 9.05288 9.05288 9.05288 9.05288 9.05288 9.05288 9.05288
0.00000 1.68883 1.68883 1.68883 1.68883 1.68883 1.68883 1.68883 1.68883 1.52823 1.05607 1.05607 1.05607 1.05607 1.05607 1.05607 1.05607 1.05607 1.05607 1.05607 1.05607 1.05607 1.05607 1.05607 1.05607 1.05607 1.05607 1.05607 1.05607 1.55405 2.93665 2.93665 2.93665 2.93665 2.93665 3.04381 3.38703 3.73889 4.09075 4.43285 4.53601 4.53601 4.53601 4.53601 4.53601 4.53601 4.53601 4.53601 4.89781 9.00364 9.05288 9.05288 9.05288 9.05288 9.05288 9.05288 9.05288 9.05288 9.05288 9.05288 9.05288 9.05288 9.05288 9.05288 9.05288 9.05288
1.68883 1.68883 1.68883 1.68883 1.68883 1.68883 1.68883 1.68883 1.68883 1.67851 1.10042 1.05607 1.05607 1.05607 1.05607 1.05607 1.05607 1.05607 1.05607 1.05607 1.05607 1.05607 1.05607 1.05607 1.05607 1.05607 1.05607 1.05607 1.05607 1.09594 2.84366 3.22709 3.57895 3.93081 4.28267 4.52737 4.53601 4.53601 4.53601 4.53601 4.53601 4.53601 4.53601 4.53601 4.53601 4.53601 4.53601 4.53601 4.53601 8.00361 9.05288 9.05288 9.05288 9.05288 9.05288 9.05288 9.05288 9.05288 9.05288 9.05288 9.05288 9.05288 9.05288 9.05288 9.05288 9.05288
1.68883 1.68883 1.68883 1.68883 1.68883 1.68883 1.68883 1.68883 1.68883 1.68883 1.28481 1.05607 1.05607 1.05607 1.05607 1.05607 1.05607 1.05607 1.05607 1.05607 1.05607 1.05607 1.05607 1.05607 1.05607 1.05607 1.15199 1.47856 1.81539 2.15207 3.77754 4.53601 4.53601 4.53601 4.53601 4.53601 4.53601 4.53601 4.53601 4.53601 4.53601 4.53601 4.53601 4.53601 4.53601 4.53601 4.53601 4.53601 4.53601 6.64358 9.05288 9.05288 9.05288 9.05288 9.05288 9.05288 9.05288 9.05288 9.05288 9.05288 9.05288 9.05288 9.05288 9.05288 9.05288 9.05288
1.68883 1.68883 1.68883 1.68883 1.68883 1.68883 1.68883 1.68883 1.68883 1.68883 1.47957 1.05607 1.05607 1.05607 1.05607 1.05607 1.05607 1.05607 1.05607 1.05607 1.05607 1.06097 1.28181 1.61879 1.95532 2.29201 2.53307 2.54318 2.54318 2.54318 3.24706 4.53601 4.53601 4.53601 4.53601 4.53601 4.53601 4.53601 4.53601 4.53601 4.53601 4.53601 4.53601 4.53601 4.53601 4.53601 4.53601 4.53601 4.53601 5.28272 9.05288 9.05288 9.05288 9.05288 9.05288 9.05288 9.05288 9.05288 9.05288 9.05288 9.05288 9.05288 0.00000 0.00000 0.00000 0.00000
1.68883 1.68883 1.68883 1.68883 1.68883 1.68883 1.68883 1.68883 1.68883 1.68883 1.65662 1.07366 1.05607 1.05607 1.05607 1.05607 1.05607 1.11392 1.42205 1.75858 2.09541 2.42748 2.54318 2.54318 2.54318 2.54318 2.54318 2.54318 2.54318 2.54318 2.67491 4.50073 4.53601 4.53601 4.53601 4.53601 4.53601 4.53601 4.53601 4.53601 4.53601 4.53601 4.53601 4.53601 4.53601 4.53601 4.53601 4.53601 4.53601 4.53736 8.43723 9.05288 9.05288 9.05288 9.05288 9.05288 9.05288 0.00000 0.00000 0.00000 0.00000 0.00000 0.00000 0.00000 0.00000 0.00000
1.68883 1.68883 1.68883 1.68883 1.68883 1.68883 1.68883 1.68883 1.68883 1.68883 1.68883 1.23615 1.05607 1.22530 1.56198 1.89896 2.23565 2.51448 2.54318 2.54318 2.54318 2.54318 2.54318 2.54318 2.54318 2.54318 2.54318 2.54318 2.54318 2.54318 2.54318 4.02480 4.53601 4.53601 4.53601 4.53601 4.53601 4.53601 4.53601 4.53601 4.53601 4.53601 4.53601 4.53601 4.53601 4.53601 4.53601 4.78725 5.61387 6.46337 7.82226 9.05288 0.00000 0.00000 0.00000 0.00000 0.00000 0.00000 0.00000 0.00000 0.00000 0.00000 0.00000 0.00000 0.00000 0.00000
1.68883 1.68883 1.68883 1.68883 1.68883 1.68883 1.68883 1.68883 1.68946 1.69882 1.71092 1.84265 2.37573 2.54318 2.54318 2.54318 2.54318 2.54318 2.54318 2.54318 2.54318 2.54318 2.54318 2.54318 2.54318 2.54318 2.54318 2.54318 2.54318 2.54318 2.54318 3.41712 4.53601 4.53601 4.53601 4.53601 4.53601 4.53601 4.53601 4.53601 4.53601 4.53601 4.58292 5.24282 6.09271 6.94221 7.79210 8.39035 8.41323 8.41323 8.41323 0.00000 0.00000 0.00000 0.00000 0.00000 0.00000 0.00000 0.00000 0.00000 0.00000 0.00000 0.00000 0.00000 0.00000 0.00000
1.68883 1.68883 1.68883 1.68883 1.69100 1.70214 1.71425 1.72636 1.73784 1.74061 1.74061 1.82464 2.53941 2.54318 2.54318 2.54318 2.54318 2.54318 2.54318 2.54318 2.54318 2.54318 2.54318 2.54318 2.54318 2.54318 2.54318 2.54318 2.54318 2.54318 2.54318 2.81045 4.53481 4.53601 4.53601 4.53601 4.53601 4.53601 4.87681 5.72166 6.57116 7.42143 8.22402 8.41323 8.41323 8.41323 8.41323 8.41323 8.41323 8.41323 8.41323 8.41323 0.00000 0.00000 0.00000 0.00000 0.00000 0.00000 0.00000 0.00000 0.00000 0.00000 0.00000 0.00000 0.00000 0.00000
1.69345 1.70547 1.71758 1.72969 1.73964 1.74061 1.74061 1.74061 1.74061 1.74061 1.74061 1.74061 2.37649 2.54318 2.54318 2.54318 2.54318 2.54318 2.54318 2.54318 2.54318 2.54318 2.54318 2.54318 2.54318 2.54318 2.54318 2.54318 2.54318 2.54318 2.54318 2.54318 4.19463 4.62596 5.35061 6.20050 7.05013 7.89988 8.40858 8.41323 8.41323 8.41323 8.41323 8.41323 8.41323 8.41323 8.41323 8.41323 8.41323 8.41323 8.41323 8.41323 0.00000 0.00000 0.00000 0.00000 0.00000 0.00000 0.00000 0.00000 0.00000 0.00000 0.00000 0.00000 0.00000 0.00000
1.74051 1.74061 1.74061 1.74061 1.74061 1.74061 1.74061 1.74061 1.74061 1.74061 1.74061 1.74061 2.12954 2.54318 2.54318 2.54318 2.54318 2.54318 2.54318 2.54318 2.54318 2.54318 2.54318 2.54318 2.54318 2.54318 2.54318 2.54318 2.54318 2.63948 2.87203 3.10551 5.53424 8.28877 8.41323 8.41323 8.41323 8.41323 8.41323 8.41323 8.41323 8.41323 8.41323 8.41323 8.41323 8.41323 8.41323 8.41323 8.41323 8.41323 8.41323 8.41323 0.00000 0.00000 0.00000 0.00000 0.00000 0.00000 0.00000 0.00000 0.00000 0.00000 0.00000 0.00000 0.00000 0.00000
1.74061 1.74061 1.74061 1.74061 1.74061 1.74061 1.74061 1.74061 1.74061 1.74061 1.74061 1.74061 1.88258 2.54318 2.54318 2.54318 2.54318 2.54318 2.54318 2.54318 2.54318 2.54318 2.54318 2.54318 2.55513 2.73454 2.96791 3.20160 3.43508 3.57206 3.57309 3.57309 4.64636 8.41323 8.41323 8.41323 8.41323 8.41323 8.41323 8.41323 8.41323 8.41323 8.41323 8.41323 8.41323 8.41323 8.41323 8.41323 8.41323 8.41323 8.41323 8.41323 8.41323 0.00000 0.00000 0.00000 0.00000 0.00000 0.00000 0.00000 0.00000 0.00000 0.00000 0.00000 0.00000 0.00000
1.74061 1.74061 1.74061 1.74061 1.74061 1.74061 1.74061 1.74061 1.74061 1.74061 1.74061 1.74061 1.74133 2.43756 2.54318 2.54318 2.54318 2.54318 2.54318 2.54318 2.60559 2.83073 3.06411 3.29748 3.51912 3.57309 3.57309 3.57309 3.57309 3.57309 3.57309 3.57309 3.61278 7.98281 8.41323 8.41323 8.41323 8.41323 8.41323 8.41323 8.41323 8.41323 8.41323 8.41323 8.41323 8.41323 8.41323 8.41323 8.41323 8.41323 8.41323 8.41323 8.41323 0.00000 0.00000 0.00000 0.00000 0.00000 0.00000 0.00000 0.00000 0.00000 0.00000 0.00000 0.00000 0.00000
1.74061 1.74061 1.74061 1.74061 1.74061 1.74061 1.74061 1.74061 1.74061 1.74061 1.74061 1.74061 1.74061 2.19125 2.54318 2.54555 2.69324 2.92662 3.16009 3.39357 3.56464 3.57309 3.57309 3.57309 3.57309 3.57309 3.57309 3.57309 3.57309 3.57309 3.57309 3.57309 3.57309 6.55756 8.41323 8.41323 8.41323 8.41323 8.41323 8.41323 8.41323 8.41323 8.41323 8.41323 8.41323 8.41323 8.41323 8.41323 8.41323 8.41323 8.42193 8.44391 8.46787 0.00000 0.00000 0.00000 0.00000 0.00000 0.00000 0.00000 0.00000 0.00000 0.00000 0.00000 0.00000 0.00000
1.74061 1.74061 1.74061 1.74061 1.74061 1.74061 1.74061 1.74061 1.74061 1.74061 1.74061 1.73278 1.67425 1.94468 3.25619 3.48730 3.57309 3.57309 3.57309 3.57309 3.57309 3.57309 3.57309 3.57309 3.57309 3.57309 3.57309 3.57309 3.57309 3.57309 3.57309 3.57309 3.57309 5.09174 8.41323 8.41323 8.41323 8.41323 8.41323 8.41323 8.41323 8.41323 8.41323 8.41323 8.41323 8.41529 8.43383 8.45593 8.47803 8.50012 8.51351 8.51364 8.51364 0.00000 0.00000 0.00000 0.00000 0.00000 0.00000 0.00000 0.00000 0.00000 0.00000 0.00000 0.00000 0.00000
1.74061 1.74061 1.74061 1.74061 1.74061 1.74061 1.74061 1.72140 1.65582 1.58822 1.52057 1.46082 1.45172 1.48694 3.42796 3.57309 3.57309 3.57309 3.57309 3.57309 3.57309 3.57309 3.57309 3.57309 3.57309 3.57309 3.57309 3.57309 3.57309 3.57309 3.57309 3.57309 3.57309 3.78368 8.25592 8.41323 8.41323 8.41323 8.41323 8.41323 8.41323 8.42377 8.44586 8.46795 8.49006 8.51009 8.51364 8.51364 8.51364 8.51364 8.51364 8.51364 8.51364 8.51364 0.00000 0.00000 0.00000 0.00000 0.00000 0.00000 0.00000 0.00000 0.00000 0.00000 0.00000 0.00000
1.74061 1.74061 1.74058 1.70499 1.63739 1.56976 1.50216 1.45375 1.45172 1.45172 1.45172 1.45172 1.45172 1.45172 2.81412 3.57309 3.57309 3.57309 3.57309 3.57309 3.57309 3.57309 3.57309 3.57309 3.57309 3.57309 3.57309 3.57309 3.57309 3.57309 3.57309 3.57309 3.57309 3.57309 7.00218 8.41323 8.41623 8.43580 8.45789 8.47998 8.50209 8.51364 8.51364 8.51364 8.51364 8.51364 8.51364 8.51364 8.51364 8.51364 8.51364 8.51364 8.51364 8.51364 0.00000 0.00000 0.00000 0.00000 0.00000 0.00000 0.00000 0.00000 0.00000 0.00000 0.00000 0.00000
1.61894 1.55133 1.48373 1.45172 1.45172 1.45172 1.45172 1.45172 1.45172 1.45172 1.45172 1.45172 1.45172 1.45172 2.16514 3.57309 3.57309 3.57309 3.57309 3.57309 3.57309 3.57309 3.57309 3.57309 3.57309 3.57309 3.57309 3.57309 3.57309 3.57309 3.57309 3.57309 3.49177 3.32629 5.30897 8.49201 8.51111 8.51364 8.51364 8.51364 8.51364 8.51364 8.51364 8.51364 8.51364 8.51364 8.51364 8.51364 8.51364 8.51364 8.51364 8.51364 8.51364 8.51364 0.00000 0.00000 0.00000 0.00000 0.00000 0.00000 0.00000 0.00000 0.00000 0.00000 0.00000 0.00000
1.45172 1.45172 1.45172 1.45172 1.45172 1.45172 1.45172 1.45172 1.45172 1.45172 1.45172 1.45172 1.45172 1.45172 1.56840 3.52132 3.57309 3.57309 3.57309 3.57309 3.57309 3.57309 3.57309 3.57309 3.57309 3.57309 3.57309 3.55928 3.42266 3.25739 3.09198 2.92658 2.84248 2.84248 3.45396 8.49379 8.51364 8.51364 8.51364 8.51364 8.51364 8.51364 8.51364 8.51364 8.51364 8.51364 8.51364 8.51364 8.51364 8.51364 8.51364 8.51364 8.51364 8.51364 8.51364 0.00000 0.00000 0.00000 0.00000 0.00000 0.00000 0.00000 0.00000 0.00000 0.00000 0.00000
1.45172 1.45172 1.45172 1.45172 1.45172 1.45172 1.45172 1.45172 1.45172 1.45172 1.45172 1.45172 1.45172 1.45172 1.45172 2.98886 3.57309 3.57309 3.57309 3.57309 3.57309 3.57309 3.57309 3.51668 3.35376 3.18835 3.02294 2.87134 2.84248 2.84248 2.84248 2.84248 2.84248 2.84248 2.84248 7.39450 8.51364 8.51364 8.51364 8.51364 8.51364 8.51364 8.51364 8.51364 8.51364 8.51364 8.51364 8.51364 8.51364 8.51364 8.51364 8.51364 8.51364 8.51364 8.51364 0.00000 0.00000 0.00000 0.00000 0.00000 0.00000 0.00000 0.00000 0.00000 0.00000 0.00000
