High_resolution/powerplant/Fengdu/OMI_NO2_200603.asc
ncols      200
nrows      200
xllcorner       105.978
yllcorner       28.1831
cellsize     0.0166667
NODATA_Value      -999.000
[rows 87 to 115 of 200, columns 132 to 197 of 200]
1.76106 1.73079 1.70119 1.69164 1.55735 1.11182 1.11182 1.11182 1.11182 1.11182 1.11182 1.11182 1.11182 1.11182 1.11182 1.11182 1.11182 1.11182 1.11182 0.804238 0.743568 0.855627 1.00357 1.00357 1.00357 1.00357 1.00357 1.00357 1.00357 1.00284 0.985490 0.957395 0.922984 0.879916 0.824378 0.757731 0.743568 0.743568 0.743568 0.743568 0.743568 0.743568 0.621708 0.521431 0.519435 0.513591 0.508990 0.505383 0.502486 0.500117 0.498616 0.498547 0.517673 0.555212 0.555212 0.555212 0.555212 0.555212 0.555212 0.555212 0.555212 0.555212 0.555212 0.555212 0.555212 0.555212
1.69164 1.69164 1.69164 1.69164 1.62965 1.11176 1.11182 1.11182 1.11182 1.11182 1.11182 1.11182 1.11182 1.11182 1.11182 1.11182 1.11182 1.11182 1.11182 0.882492 0.743568 0.760569 0.998880 1.00349 0.989708 0.962535 0.929376 0.887979 0.834842 0.766958 0.743568 0.743568 0.743568 0.743568 0.743568 0.743568 0.743568 0.743568 0.731590 0.697365 0.670503 0.649548 0.588401 0.500095 0.498612 0.498547 0.498547 0.498547 0.498547 0.498547 0.498547 0.498547 0.502834 0.554725 0.555212 0.555212 0.555212 0.555212 0.555212 0.555212 0.555212 0.555212 0.555212 0.555212 0.555212 0.555212
1.42156 1.32758 1.23354 1.13950 1.07122 1.10039 1.11182 1.11182 1.11182 1.11182 1.11182 1.11182 1.11182 1.11182 1.11182 1.11182 1.11182 1.11182 1.11182 0.960795 0.743568 0.743568 0.825007 0.778130 0.743568 0.743568 0.743568 0.743568 0.743568 0.743568 0.743568 0.743568 0.743568 0.743568 0.743568 0.743568 0.743568 0.718815 0.610019 0.609616 0.609616 0.609616 0.595033 0.498547 0.498547 0.498547 0.498547 0.498547 0.498547 0.498547 0.498547 0.498547 0.498547 0.543691 0.555212 0.555212 0.555212 0.555212 0.555212 0.555212 0.555212 0.555212 0.555212 0.555212 0.555212 0.555212
1.06804 1.06804 1.06804 1.06804 1.06804 1.08625 1.11182 1.11182 1.11182 1.11182 1.11182 1.11182 1.11182 1.11182 1.11182 1.11182 1.11182 1.11182 1.11182 1.03914 0.743568 0.743568 0.743568 0.743568 0.743568 0.743568 0.743568 0.743568 0.743568 0.743568 0.743568 0.743568 0.743568 0.743568 0.743568 0.743568 0.743568 0.743568 0.620948 0.609616 0.609616 0.609616 0.609416 0.507311 0.498547 0.498547 0.498547 0.498547 0.498547 0.498547 0.498547 0.498547 0.498547 0.528359 0.555212 0.555212 0.555212 0.555212 0.555212 0.555212 0.555212 0.555212 0.555212 0.555212 0.555212 0.555212
1.06804 1.06804 1.06804 1.06804 1.06804 1.07655 1.11182 1.11182 1.11182 1.11182 1.11182 1.11182 1.11182 1.11182 1.11182 1.11182 1.11182 1.11182 1.11182 1.10464 0.756382 0.743568 0.743568 0.743568 0.743568 0.743568 0.743568 0.743568 0.743568 0.743568 0.743568 0.743568 0.743568 0.743568 0.743568 0.743568 0.743568 0.743568 0.646064 0.609616 0.609616 0.609616 0.609616 0.530279 0.498547 0.498547 0.498547 0.498547 0.498547 0.498547 0.498547 0.498547 0.498547 0.513033 0.555212 0.555212 0.555212 0.553382 0.547985 0.542398 0.536906 0.531336 0.525860 0.520273 0.514797 0.510409
1.06804 1.06804 1.06804 1.06804 1.06804 1.06968 1.11107 1.11182 1.11182 1.11182 1.11182 1.11182 1.11182 1.11182 1.11182 1.11182 1.11182 1.11182 1.11182 1.11182 0.827485 0.743568 0.743568 0.743568 0.743568 0.743568 0.743568 0.743568 0.743568 0.743568 0.743568 0.747292 0.757107 0.766946 0.776761 0.786599 0.796555 0.806370 0.737561 0.650844 0.655775 0.660741 0.665648 0.547874 0.410900 0.405361 0.399853 0.394298 0.388790 0.383236 0.377744 0.372173 0.366665 0.362629 0.409921 0.406713 0.401221 0.397465 0.397402 0.402713 0.467752 0.549481 0.631261 0.712991 0.794771 0.875286
1.06804 1.06804 1.06804 1.06804 1.06804 1.06804 1.09731 1.11182 1.11182 1.11182 1.11182 1.11182 1.11182 1.11182 1.11182 1.11182 1.11182 1.11182 1.11182 1.11182 0.923581 0.882947 0.892832 0.902671 0.912509 0.922324 0.932233 0.942095 0.951934 0.961772 0.971587 0.977795 0.977818 0.977818 0.977818 0.977818 0.977818 0.977818 0.954043 0.729444 0.726741 0.726741 0.726741 0.611454 0.340737 0.340737 0.340737 0.340737 0.340737 0.340737 0.340737 0.340737 0.340737 0.341751 0.444645 0.564806 0.646535 0.728264 0.810044 0.886463 0.903153 0.903153 0.903153 0.903153 0.903153 0.903153
1.05055 1.04837 1.04602 1.04350 1.04077 1.03783 1.04402 1.11182 1.11182 1.11182 0.00000 0.00000 0.00000 0.00000 0.00000 0.00000 0.00000 0.00000 0.00000 0.00000 0.977818 0.977818 0.977818 0.977818 0.977818 0.977818 0.977818 0.977818 0.977818 0.977818 0.977818 0.977818 0.977818 0.977818 0.977818 0.977818 0.977818 0.977818 0.977818 0.761531 0.726741 0.726741 0.726741 0.691199 0.340853 0.340737 0.340737 0.341751 0.348397 0.355908 0.363414 0.370925 0.378435 0.384928 0.616018 0.903153 0.903153 0.903153 0.903153 0.903153 0.903153 0.903153 0.903153 0.903153 0.903153 0.903153
1.02425 1.02425 1.02425 1.02425 1.02425 1.02425 1.02425 0.00000 0.00000 0.00000 0.00000 0.00000 0.00000 0.00000 0.00000 0.00000 0.00000 0.00000 0.00000 0.00000 0.977818 0.977818 0.977818 0.977818 0.977818 0.977818 0.977818 0.977818 0.977818 0.977818 0.977818 0.977818 0.977818 0.977818 0.977818 0.977818 0.977818 0.977818 0.977818 0.813860 0.726741 0.727795 0.734473 0.741988 0.407918 0.370997 0.378512 0.384933 0.385793 0.385793 0.385793 0.385793 0.385793 0.385793 0.476970 0.903153 0.903153 0.903153 0.903153 0.903153 0.903153 0.903153 0.903153 0.903153 0.903153 0.903153
1.02430 1.04145 1.07245 1.10346 1.13446 1.16549 1.19768 1.22871 0.00000 0.00000 0.00000 0.00000 0.00000 0.00000 0.00000 0.00000 0.00000 0.00000 0.00000 0.00000 0.977818 0.977818 0.977818 0.977818 0.977818 0.977818 0.977818 0.977818 0.977818 0.977818 0.977818 0.977818 0.977818 0.977818 0.977818 0.980910 1.00771 1.03262 1.05182 0.992114 0.764516 0.770968 0.771797 0.771797 0.510041 0.385793 0.385793 0.385793 0.385793 0.385793 0.385793 0.385793 0.385793 0.385793 0.387449 0.853331 0.903153 0.903153 0.903153 0.903153 0.903153 0.903153 0.903153 0.903153 0.903153 0.903153
1.21485 1.22871 1.22871 1.22871 1.22871 1.22871 1.22871 1.22871 0.00000 0.00000 0.00000 0.00000 0.00000 0.00000 0.00000 0.00000 0.00000 0.00000 0.00000 0.00000 0.00000 0.977818 0.977818 0.977818 0.977818 0.977818 0.977818 0.977818 0.977818 0.978792 1.00251 1.02869 1.04875 1.06461 1.07746 1.08729 1.08901 1.08901 1.08901 1.08558 0.794097 0.771797 0.771797 0.771797 0.589912 0.385793 0.385793 0.385793 0.385793 0.385793 0.385793 0.385793 0.385793 0.385793 0.385793 0.715802 0.903153 0.903153 0.903153 0.903153 0.903153 0.903153 0.903153 0.903153 0.903153 0.903153
1.22871 1.22871 1.22871 1.22871 1.22871 1.22871 1.22871 1.22871 0.00000 0.00000 0.00000 0.00000 0.00000 0.00000 0.00000 0.00000 0.00000 0.00000 0.00000 0.00000 0.00000 0.977818 0.977818 0.977818 0.931944 1.02457 1.04554 1.06204 1.07537 1.08608 1.08901 1.08901 1.08901 1.08901 1.08901 1.08901 1.08901 1.08901 1.08901 1.08901 0.876969 0.771797 0.771797 0.771797 0.669737 0.385793 0.385793 0.385793 0.385793 0.385793 0.385793 0.385793 0.385793 0.385793 0.385793 0.576647 0.903153 0.903153 0.903153 0.903153 0.903153 0.903153 0.903153 0.903153 0.903153 0.904458
1.22871 1.22871 1.22871 1.22871 1.22871 1.22871 1.22871 1.22871 0.00000 0.00000 0.00000 0.00000 0.00000 0.00000 0.00000 0.00000 0.00000 0.00000 0.375007 0.375007 0.375007 0.581844 0.721769 0.689758 0.676536 1.03771 1.08901 1.08901 1.08901 1.08901 1.08901 1.08916 1.09347 1.09906 1.10399 1.10837 1.11229 1.11112 1.08767 1.07451 0.933197 0.725865 0.710056 0.694285 0.654542 0.501134 0.517800 0.532150 0.546705 0.561096 0.575568 0.590122 0.604432 0.619149 0.633337 0.700762 1.17859 1.19432 1.20871 1.22318 1.23770 1.25209 1.26683 1.29203 1.32423 1.35473
1.22490 1.22871 1.22871 1.22871 1.22871 1.22871 1.22871 1.22871 1.22871 0.00000 0.00000 0.00000 0.375007 0.375007 0.375007 0.376027 0.431440 0.484996 0.522913 0.568839 0.612217 0.667393 0.556771 0.540075 0.526431 0.779447 0.936745 0.938090 0.939177 0.940206 0.941185 0.941802 0.934850 0.924261 0.913772 0.903307 0.892843 0.880086 0.727644 0.715279 0.675818 0.398161 0.398066 0.398066 0.398066 0.733824 0.793473 0.793473 0.793473 0.793473 0.793473 0.793473 0.793473 0.793473 0.793473 0.793473 1.22413 1.32501 1.34253 1.36006 1.37758 1.39510 1.41246 1.41909 1.41909 1.41909
1.21995 1.32469 1.33667 1.34778 1.35816 1.36785 1.37694 1.37786 1.45224 1.47753 1.08237 1.01052 0.968851 0.973977 0.991226 1.00749 1.01335 1.01335 1.01335 1.01335 1.01335 1.01335 0.394656 0.504837 0.589284 0.685543 0.870992 0.870992 0.870992 0.870992 0.870992 0.870992 0.870992 0.870992 0.870992 0.870992 0.870992 0.870992 0.772125 0.715279 0.715279 0.445108 0.398066 0.398066 0.398066 0.651359 0.793473 0.793473 0.793473 0.793473 0.793698 0.796752 0.800621 0.804526 0.808418 0.812300 1.15315 1.41909 1.41909 1.41909 1.41909 1.41909 1.41909 1.41909 1.41909 1.41909
1.33336 1.43893 1.42348 1.40669 1.39234 1.37992 1.36907 1.36310 1.38641 1.43021 1.11479 1.01335 1.01335 1.01335 1.01335 1.01335 1.01335 1.01335 1.01335 1.01335 1.01335 1.01335 0.544515 0.469417 0.595927 0.613641 0.867224 0.870992 0.870992 0.870992 0.870992 0.870992 0.870992 0.870992 0.870992 0.870992 0.870992 0.870992 0.813605 0.715279 0.715279 0.531454 0.398066 0.398066 0.398319 0.572325 0.800703 0.804606 0.808510 0.812382 0.816059 0.816910 0.816910 0.816910 0.816910 0.816910 0.993050 1.41909 1.41909 1.41909 1.41909 1.41909 1.41909 1.41909 1.41909 1.41909
1.25334 1.36505 1.36304 1.36304 1.36486 1.37191 1.38004 1.38914 1.40563 1.43021 1.23058 1.01335 1.01335 1.01335 1.01335 1.01335 1.01335 1.01335 1.01335 1.01335 1.01335 1.01335 0.694429 0.386276 0.595927 0.595927 0.809323 0.870992 0.870992 0.870992 0.870992 0.870992 0.870992 0.870992 0.870992 0.870992 0.870992 0.870992 0.846691 0.692000 0.662024 0.560497 0.413182 0.417054 0.420703 0.509898 0.816910 0.816910 0.816910 0.816910 0.816910 0.816910 0.816910 0.816910 0.816910 0.816910 0.844839 1.40530 1.41909 1.41909 1.41909 1.41909 1.41909 1.41909 1.41909 1.41909
1.20525 1.39531 1.40641 1.41910 1.42965 1.43021 1.43021 1.43021 1.43021 1.43021 1.34638 1.01335 1.01335 1.01335 1.01335 1.01335 1.01335 1.01335 1.01335 1.01335 1.01335 1.01335 0.844293 0.308276 0.583876 0.595927 0.733652 0.870992 0.870992 0.870992 0.870992 0.870992 0.870922 0.859181 0.839185 0.819201 0.799206 0.779222 0.758115 0.559222 0.540900 0.534464 0.423711 0.421502 0.421502 0.435014 0.809357 0.816910 0.816910 0.818050 0.843927 0.876107 0.904665 0.930108 0.842662 0.816910 0.816910 1.27110 1.41909 1.41909 1.41909 1.41909 1.41909 1.41909 1.41909 1.41909
1.14519 1.42111 1.43021 1.43021 1.43021 1.43021 1.43021 1.43021 1.43021 1.43021 1.42729 1.04820 1.01335 1.01335 1.01335 1.01335 1.01335 1.01335 1.01335 1.01335 1.01335 1.01335 0.983855 0.313057 0.529528 0.595927 0.658037 0.862808 0.842882 0.822898 0.802914 0.782919 0.763005 0.754739 0.754739 0.754739 0.754739 0.754739 0.754739 0.625085 0.540900 0.540900 0.460960 0.487928 0.540656 0.587463 0.878652 0.960441 0.980326 0.997867 1.00267 1.00267 1.00267 1.00267 0.903157 0.816910 0.816910 1.10918 1.41909 1.41909 1.41909 1.41909 1.41909 1.41909 1.41909 1.41909
1.13857 1.36520 1.43021 1.43021 1.43021 1.43021 1.43021 1.43021 1.43021 1.43021 1.43021 1.16113 1.01335 1.01335 1.01335 1.01335 1.01335 1.01335 1.01335 1.01335 1.01335 1.02222 1.07919 0.446603 0.484870 0.665487 0.691650 0.752770 0.754739 0.754739 0.754739 0.754739 0.754739 0.754739 0.754739 0.756103 0.760318 0.764625 0.768922 0.754945 0.766372 0.795076 0.777390 0.739067 0.739067 0.739239 0.896872 0.996966 0.993872 0.990804 0.987719 0.984643 0.981548 0.978498 0.917395 0.771407 0.766739 0.892355 1.35966 1.35511 1.35042 1.34587 1.34118 1.33664 1.33192 1.32740
1.13857 1.30290 1.43021 1.43021 1.43021 1.43021 1.43021 1.43021 1.43021 1.43021 1.43021 1.27689 1.01335 1.01335 1.01335 1.01447 1.05562 1.12662 1.21405 1.32464 1.46891 1.62974 1.64614 0.793873 0.420399 0.745299 0.757581 0.790427 0.806792 0.819278 0.831715 0.844130 0.856578 0.869110 0.881529 0.892570 0.900792 0.909000 0.917149 0.931458 0.966816 0.975004 0.965612 0.911628 0.919836 0.927832 0.924360 0.915023 0.915023 0.915023 0.915023 0.915023 0.915023 0.915023 0.894609 0.685436 0.685436 0.692903 1.24835 1.28747 1.25380 1.19481 1.13574 1.07678 1.01775 0.958723
1.13857 1.24044 1.41954 1.39959 1.37969 1.35974 1.33983 1.31985 1.29986 1.27995 1.26152 1.20115 0.915642 0.955470 1.00656 1.07258 1.07201 1.03212 0.992309 0.952415 0.912603 0.903396 0.944749 0.991460 1.02803 1.02972 1.02874 1.00431 0.976549 0.976570 0.976570 0.976570 0.976570 0.976570 0.976570 0.976570 0.976570 0.976570 0.976570 0.976788 1.00740 1.00998 1.00895 0.935543 0.930377 0.930377 0.927526 0.915023 0.915023 0.915023 0.915023 0.915023 0.915023 0.915027 0.915299 0.727140 0.687156 0.687812 0.907983 0.948593 0.923232 0.923232 0.923232 0.923232 0.923232 0.923232
1.19822 1.16303 1.02146 1.02146 1.02080 1.00717 0.985196 0.957923 0.923027 0.876880 0.835623 0.834206 0.834206 0.834206 0.857411 0.931963 0.992766 1.04167 1.08160 1.11501 1.14325 1.15913 1.15939 1.15676 1.14443 1.07457 1.03913 1.02763 0.976570 0.976570 0.976570 0.976570 0.976570 0.976570 0.976570 0.976570 0.976570 0.976570 0.976570 0.976570 0.999052 1.00998 1.00998 0.956151 0.930377 0.930377 0.930132 0.915617 0.915303 0.915741 0.916178 0.916611 0.917049 0.917483 0.917649 0.798353 0.689375 0.689375 0.785335 0.923232 0.923232 0.923232 0.923232 0.923232 0.923232 0.923232
1.20872 1.20764 0.948909 0.902419 0.851188 0.834206 0.834206 0.834206 0.834206 0.834206 0.916418 1.07654 1.11071 1.13963 1.15841 1.15939 1.15939 1.15939 1.15939 1.15939 1.15939 1.15939 1.15939 1.15922 1.14512 1.10188 1.03913 1.03913 0.982838 0.976570 0.976570 0.976570 0.976570 0.976570 0.976570 0.976570 0.976570 0.976570 0.976570 0.976570 0.990500 1.01009 1.02515 1.00327 0.931536 0.931974 0.932407 0.921011 0.917649 0.917649 0.917649 0.917649 0.917649 0.917649 0.917649 0.853716 0.689375 0.689375 0.722629 0.923232 0.923385 0.928984 0.936491 0.943163 0.949131 0.954498
0.00000 0.00000 0.834206 0.834206 0.834206 0.834206 0.834206 0.834206 0.834206 0.834206 0.893115 1.15905 1.15939 1.15939 1.15939 1.15939 1.15939 1.15939 1.15939 1.15939 1.15939 1.15939 1.15939 1.15939 1.14809 1.12916 1.03913 1.03913 0.996748 0.976570 0.976570 0.976570 0.976570 0.976570 0.976570 0.976570 0.987605 1.01282 1.03810 1.06338 1.09404 1.14727 1.15749 1.12756 0.933002 0.933002 0.933002 0.924347 0.917649 0.917649 0.917649 0.917649 0.917649 0.913729 0.899806 0.868060 0.755048 0.770415 0.784298 0.941411 0.966325 0.967613 0.967613 0.967613 0.967613 0.967613
0.00000 0.00000 0.834206 0.834206 0.834206 0.834206 0.834206 0.834206 0.834206 0.834206 0.834206 1.13056 1.15939 1.15939 1.15939 1.15939 1.15939 1.15939 1.15939 1.15939 1.15939 1.15939 1.15939 1.15939 1.15122 1.14439 1.05116 1.03913 1.01397 0.976570 0.984035 1.00864 1.03392 1.05922 1.08451 1.10981 1.12403 1.12409 1.12409 1.12409 1.12416 1.15423 1.15749 1.15749 0.963848 0.932906 0.924076 0.904192 0.879865 0.865432 0.851009 0.836564 0.822152 0.811617 0.811127 0.811127 0.811628 0.811708 0.811708 0.906211 0.967613 0.967613 0.967613 0.967613 0.967613 0.967613
0.00000 0.00000 0.834206 0.834206 0.834206 0.834206 0.834206 0.834206 0.834206 0.834206 0.834206 1.07209 1.15939 1.15939 1.15939 1.15939 1.15939 1.15939 1.15939 1.15939 1.15939 1.15939 1.15939 1.15939 1.15662 1.16474 1.12669 1.11515 1.13000 1.10629 1.12341 1.12409 1.12409 1.12409 1.12409 1.12409 1.12409 1.12409 1.12397 1.12270 1.12113 1.11752 1.09978 1.08536 0.938057 0.832094 0.826481 0.824193 0.811127 0.811127 0.811127 0.811127 0.811127 0.811127 0.812523 0.816583 0.821197 0.825529 0.829753 0.886627 0.993989 0.998166 1.00233 1.00652 1.01065 1.01491
0.00000 0.00000 0.834206 0.834206 0.834206 0.834206 0.834206 0.834206 0.834206 0.834206 0.834206 0.990487 1.15939 1.15939 1.15939 1.15939 1.15939 1.15939 1.15947 1.17162 1.18979 1.20536 1.21882 1.23060 1.23871 1.23148 1.20564 1.16128 1.16128 1.13237 1.11916 1.11398 1.10758 1.10097 1.09438 1.08780 1.08119 1.07455 1.06810 1.06278 1.05775 1.02829 0.985671 0.980642 0.903569 0.746117 0.741040 0.735946 0.890852 0.908935 0.913065 0.917277 0.921419 0.925596 0.928412 0.928459 0.928667 0.929040 0.929040 0.941138 1.08376 1.08494 1.08494 1.08487 1.08468 1.08446
0.00000 0.00000 0.00000 0.834206 0.834206 0.834206 0.834206 0.834206 0.834206 0.834206 0.834206 0.880988 1.19235 1.21549 1.23635 1.26061 1.28204 1.30110 1.31812 1.33040 1.34056 1.35110 1.36213 1.37362 1.38058 1.11925 1.05596 1.04736 1.04086 1.01670 0.995408 0.994007 0.993784 0.993784 0.993784 0.993784 0.993784 0.993784 0.993784 0.993784 0.993784 0.985164 0.931789 0.931789 0.917534 0.710331 0.707300 0.707300 0.869892 0.928459 0.928459 0.928459 0.928459 0.928459 0.928459 0.928459 0.928521 0.942756 0.970794 0.998798 1.07482 1.08386 1.08353 1.08330 1.08330 1.08330
