High_resolution/powerplant/Fengdu/OMI_NO2_201102.asc
ncols      200
nrows      200
xllcorner       105.978
yllcorner       28.1831
cellsize     0.0166667
NODATA_Value      -999.000
[rows 116 to 144 of 200, columns 132 to 197 of 200]
0.160854 0.160854 0.160854 0.160854 0.160854 0.160854 0.160854 0.160854 0.160854 0.160854 0.160854 0.160854 0.160854 0.220883 0.767272 1.41992 2.07207 2.55344 1.93773 1.93445 1.93445 1.93445 1.93445 1.93445 1.93445 1.93445 1.93445 1.93445 1.93445 1.93445 1.93445 1.93445 1.93445 1.93445 1.93445 1.93445 1.93445 1.93445 1.93445 1.93445 1.58998 0.698008 0.698008 0.698008 0.698008 0.698008 0.698008 0.698008 0.698008 0.00000 0.00000 0.00000 0.00000 0.00000 0.00000 0.00000 0.00000 0.00000 0.00000 0.00000 0.00000 0.00000 0.00000 0.00000 0.00000 0.00000
0.160854 0.160854 0.160854 0.160854 0.160854 0.160854 0.160854 0.160854 0.160854 0.199426 0.711330 1.36373 2.01664 2.60926 2.71527 2.71527 2.71527 2.71527 2.09644 1.93445 1.93445 1.93445 1.93445 1.93445 1.93445 1.93445 1.93445 1.93445 1.93445 1.93445 1.93445 1.93445 1.93445 1.93445 1.93445 1.93445 1.93445 1.93445 1.93445 1.93445 1.93700 0.815616 0.698008 0.698008 0.698008 0.00000 0.00000 0.00000 0.00000 0.00000 0.00000 0.00000 0.00000 0.00000 0.00000 0.00000 0.00000 0.00000 0.00000 0.00000 0.00000 0.00000 0.00000 0.00000 0.00000 0.00000
0.160854 0.160854 0.160854 0.160854 0.160854 0.182311 0.655388 1.30830 1.96069 2.57452 2.71527 2.71527 2.71527 2.71527 2.71527 2.71527 2.71527 2.71527 2.34019 1.93445 1.93445 1.93445 1.93445 1.93445 1.93445 1.93445 1.93445 1.93445 1.93445 1.93445 1.93445 1.93445 1.93445 1.93445 1.93445 1.93445 1.97096 2.14623 2.33550 2.52400 2.67987 2.69516 0.00000 0.00000 0.00000 0.00000 0.00000 0.00000 0.00000 0.00000 0.00000 0.00000 0.00000 0.00000 0.00000 0.00000 0.00000 0.00000 0.00000 0.00000 0.00000 0.00000 0.00000 0.00000 0.00000 0.00000
0.160854 0.170305 0.599702 1.25210 1.90475 2.53544 2.71527 2.71527 2.71527 2.71527 2.71527 2.71527 2.71527 2.71527 2.71527 2.71527 2.71527 2.71527 2.58403 1.93445 1.93445 1.93445 1.93445 1.93445 1.93445 1.93445 1.93445 1.93445 1.93445 1.93445 1.93445 1.93445 1.97424 2.15125 2.34014 2.52940 2.68147 2.69516 2.69516 2.69516 2.69516 2.69516 0.00000 0.00000 0.00000 0.00000 0.00000 0.00000 0.00000 0.00000 0.00000 0.00000 0.00000 0.00000 0.00000 0.00000 0.00000 0.00000 0.00000 0.00000 0.00000 0.00000 0.00000 0.00000 0.00000 0.00000
1.84856 2.49176 2.71527 2.71527 2.71527 2.71527 2.71527 2.71527 2.71527 2.71527 2.71527 2.71527 2.71527 2.71527 2.71527 2.71527 2.71527 2.71527 2.71511 2.04736 1.93445 1.93445 1.93445 1.93445 1.93445 1.93445 1.93445 1.93445 1.97713 2.15650 2.34523 2.53412 2.68352 2.69516 2.69516 2.69516 2.69516 2.69516 2.69516 2.69516 2.69516 2.69516 2.69516 0.00000 0.00000 0.00000 0.00000 0.00000 0.00000 0.00000 0.00000 0.00000 0.00000 0.00000 0.00000 0.00000 0.00000 0.00000 0.00000 0.0890805 0.0890805 0.0890805 0.0890805 0.0890805 0.00000 0.00000
2.71527 2.71527 2.71527 2.71527 2.71527 2.71527 2.71527 2.71527 2.71527 2.71527 2.71527 2.71527 2.71527 2.71527 2.71527 2.71527 2.71527 2.71527 2.71527 2.29094 1.93445 1.93445 1.93445 1.93445 1.98101 2.16129 2.35048 2.53921 2.68535 2.69516 2.69516 2.69516 2.69516 2.69516 2.69516 2.69516 2.69516 2.69516 2.69516 2.69516 2.69516 2.69516 2.69516 0.00000 0.00000 0.00000 0.00000 0.00000 0.00000 0.00000 0.00000 0.00000 0.00000 0.00000 0.00000 0.0890805 0.0890805 0.0890805 0.0890805 0.0890805 0.0890805 0.0890805 0.0890805 0.0890805 0.0890805 0.00000
2.71527 2.71527 2.71527 2.71527 2.71527 2.71527 2.71527 2.71527 2.71527 2.71527 2.71527 2.71527 2.71527 2.71527 2.71527 2.71527 2.71527 2.71527 2.71527 2.53467 1.98458 2.16647 2.35512 2.54439 2.68664 2.69516 2.69516 2.69516 2.69516 2.69516 2.69516 2.69516 2.69516 2.69516 2.69516 2.69516 2.69516 2.69516 2.69516 2.69516 2.69516 2.69516 2.69516 0.00000 0.00000 0.00000 0.00000 0.00000 0.00000 0.00000 0.00000 0.0890805 0.0890805 0.0890805 0.0890805 0.0890805 0.0890805 0.0890805 0.0890805 0.0890805 0.0890805 0.0890805 0.0890805 0.0890805 0.0890805 0.00000
2.71527 2.71527 2.71527 2.71527 2.71527 2.71527 2.71527 2.71527 2.71527 2.71527 2.71527 2.71527 2.71527 2.71527 2.71527 2.71527 2.66607 2.45019 2.22073 1.99132 2.60992 2.69516 2.69516 2.69516 2.69516 2.69516 2.69516 2.69516 2.69516 2.69516 2.69516 2.69516 2.69516 2.69516 2.69516 2.69516 2.69516 2.69516 2.69516 2.69516 2.69516 2.69516 2.69516 2.69516 0.00000 0.00000 0.00000 0.0890805 0.0890805 0.0890805 0.0890805 0.0890805 0.0890805 0.0890805 0.0890805 0.0890805 0.0890805 0.0890805 0.0890805 0.0890805 0.0890805 0.0890805 0.0890805 0.0890805 0.0890805 0.00000
2.71527 2.71527 2.71527 2.71527 2.71527 2.71527 2.71527 2.71527 2.71527 2.71527 2.71527 2.71527 2.67785 2.46917 2.23949 2.00999 1.82955 1.81579 1.81579 1.81579 2.35117 2.69516 2.69516 2.69516 2.69516 2.69516 2.69516 2.69516 2.69516 2.69516 2.69516 2.69516 2.69516 2.69516 2.69516 2.69516 2.69516 2.69516 2.69516 2.69516 2.69516 2.69516 2.69516 1.94172 0.0890805 0.0890805 0.0890805 0.0890805 0.0890805 0.0890805 0.0890805 0.0890805 0.0890805 0.0890805 0.0890805 0.0890805 0.0890805 0.0890805 0.0890805 0.0890805 0.0890805 0.0890805 0.0890805 0.0890805 0.0890805 0.00000
2.71527 2.71527 2.71527 2.71527 2.71527 2.71527 2.71527 2.71527 2.68775 2.48806 2.25851 2.02878 1.83684 1.81579 1.81579 1.81579 1.81579 1.81579 1.81579 1.81579 2.07759 2.69516 2.69516 2.69516 2.69516 2.69516 2.69516 2.69516 2.69516 2.69516 2.69516 2.69516 2.69516 2.69516 2.69516 2.69516 2.69516 2.69516 2.69516 2.58869 2.27993 1.96529 1.65062 0.754568 0.0890805 0.0890805 0.0890805 0.0890805 0.0890805 0.0890805 0.0890805 0.0890805 0.0890805 0.0890805 0.0890805 0.0890805 0.0890805 0.0890805 0.0890805 0.0890805 0.0890805 0.0890805 0.0890805 0.0890805 0.0890805 0.0890805
2.71527 2.71527 2.71527 2.71527 2.69629 2.50686 2.27740 2.04767 1.84565 1.81579 1.81579 1.81579 1.81579 1.81579 1.81579 1.81579 1.81579 1.81579 1.81579 1.81579 1.84429 2.65505 2.69516 2.69516 2.69516 2.69516 2.69516 2.69516 2.69516 2.69516 2.69516 2.69516 2.69516 2.69516 2.69516 2.58071 2.27042 1.95571 1.64099 1.43274 1.42767 1.42767 1.42767 1.15805 0.0890805 0.0890805 0.0890805 0.0890805 0.0890805 0.0890805 0.0890805 0.0890805 0.0890805 0.0890805 0.0890805 0.0890805 0.0890805 0.0890805 0.0890805 0.0890805 0.0890805 0.0890805 0.0890805 0.0890805 0.0890805 0.0890805
2.70304 2.52584 2.29629 2.06674 1.85599 1.81579 1.81579 1.81579 1.81579 1.81579 1.81579 1.81579 1.81579 1.81579 1.81579 1.81579 1.81579 1.81579 1.81579 1.81579 1.81579 2.41013 2.69516 2.69516 2.69516 2.69516 2.69516 2.69516 2.69516 2.69516 2.69516 2.57247 2.26079 1.94607 1.63123 1.43122 1.42767 1.42767 1.42767 1.42767 1.42767 1.42767 1.42767 1.42258 0.234122 0.0890805 0.0890805 0.0890805 0.0890805 0.0890805 0.0890805 0.0890805 0.0890805 0.0890805 0.0890805 0.0890805 0.0890805 0.0890805 0.0890805 0.0890805 0.0890805 0.0890805 0.0932023 0.143530 0.206721 0.271610
1.86823 1.81579 1.81579 1.81579 1.81579 1.81579 1.81579 1.81579 1.81579 1.81579 1.81579 1.81579 1.81579 1.81579 1.81579 1.81579 1.81579 1.81579 1.81579 1.81579 1.81579 2.13661 2.69516 2.69516 2.69516 2.69516 2.69516 2.56398 2.25116 1.93636 1.62172 1.42995 1.42767 1.42767 1.42767 1.42767 1.42767 1.42767 1.42767 1.42767 1.42767 1.42767 1.42767 1.42767 0.639193 0.0890805 0.0890805 0.0890805 0.0890805 0.0890805 0.0890805 0.0890805 0.0890805 0.0890805 0.0890805 0.0890805 0.0890805 0.0890805 0.0974816 0.153296 0.216514 0.279705 0.338723 0.351613 0.351613 0.351613
1.81579 1.81579 1.81579 1.81579 1.81579 1.81579 1.81579 1.81579 1.81579 1.81579 1.81579 1.81579 1.81579 1.81579 1.81579 1.81579 1.81579 1.81579 1.81579 1.81579 1.81579 1.87771 2.68056 2.55523 2.24153 1.92681 1.61209 1.42894 1.42767 1.42767 1.42767 1.42767 1.42767 1.42767 1.42767 1.42767 1.42767 1.42767 1.42767 1.42767 1.42767 1.42767 1.42767 1.42767 1.04944 0.0890805 0.0890805 0.0890805 0.0890805 0.0890805 0.0890805 0.0890805 0.0890805 0.0890805 0.103336 0.163089 0.226280 0.289498 0.344236 0.351613 0.351613 0.351613 0.351613 0.351613 0.351613 0.351613
1.81579 1.81579 1.81579 1.81579 1.81579 1.81579 1.81579 1.81579 1.81579 1.81579 1.81579 1.81579 1.81579 1.81579 1.81579 1.81579 1.81579 1.81579 1.81579 1.81923 1.82795 1.83672 1.66744 1.42818 1.42767 1.42767 1.42767 1.42767 1.42767 1.42767 1.42767 1.42767 1.42767 1.42767 1.42767 1.42767 1.42767 1.42767 1.42767 1.42767 1.42767 1.42767 1.42767 1.42767 1.39112 0.157483 0.0890805 0.0890805 0.0890805 0.0890805 0.110661 0.172881 0.236073 0.299264 0.348200 0.351613 0.351613 0.351613 0.351613 0.351613 0.351613 0.351613 0.351613 0.351613 0.351613 0.351613
1.81579 1.81579 1.81579 1.81579 1.81579 1.81579 1.81579 1.81579 1.81579 1.81579 1.81579 1.81579 1.81579 1.81579 1.81579 1.81864 1.82724 1.83601 1.84478 1.85010 1.85015 1.85015 1.66753 1.42767 1.42767 1.42767 1.42767 1.42767 1.42767 1.42767 1.42767 1.42767 1.42767 1.42767 1.42767 1.42767 1.42767 1.42767 1.42767 1.42767 1.42767 1.42767 1.42767 1.42767 1.42767 0.530859 0.119508 0.182673 0.245865 0.309057 0.350668 0.351613 0.351613 0.351613 0.351613 0.351613 0.351613 0.351613 0.351613 0.351613 0.351613 0.351613 0.351613 0.351613 0.351613 0.351613
1.81579 1.81579 1.81579 1.81579 1.81579 1.81579 1.81579 1.81579 1.81579 1.81579 1.81579 1.81810 1.82654 1.83530 1.84407 1.84999 1.85015 1.85015 1.85015 1.85015 1.85015 1.85015 1.79817 1.42843 1.42767 1.42767 1.42767 1.42767 1.42767 1.42767 1.42767 1.42767 1.42767 1.42767 1.42767 1.42767 1.42767 1.42767 1.42767 1.42767 1.42767 1.42767 1.42696 1.42561 1.42427 1.02481 0.351613 0.351613 0.351613 0.351613 0.351613 0.351613 0.351613 0.351613 0.351613 0.351613 0.351613 0.351613 0.351613 0.351613 0.351613 0.351613 0.351613 0.351613 0.351613 0.351613
1.81579 1.81579 1.81579 1.81579 1.81579 1.81579 1.81579 1.81762 1.82583 1.83459 1.84337 1.84982 1.85015 1.85015 1.85015 1.85015 1.85015 1.85015 1.85015 1.85015 1.85015 1.85015 1.85015 1.50769 1.42767 1.42767 1.42767 1.42767 1.42767 1.42767 1.42767 1.42767 1.42767 1.42767 1.42767 1.42767 1.42767 1.42767 1.42691 1.42557 1.42422 1.42288 1.42224 1.42224 1.42224 1.34481 0.367356 0.351613 0.351613 0.351613 0.351613 0.351613 0.351613 0.351613 0.351613 0.351613 0.351613 0.351613 0.351613 0.351613 0.351613 0.351613 0.351613 0.351613 0.351613 0.351613
1.81579 1.81579 1.81579 1.81718 1.82512 1.83388 1.84266 1.84960 1.85015 1.85015 1.85015 1.85015 1.85015 1.85015 1.85015 1.85015 1.85015 1.85015 1.85015 1.85015 1.85015 1.85015 1.85015 1.63917 1.42767 1.42767 1.42767 1.42767 1.42767 1.42767 1.42767 1.42767 1.42767 1.42766 1.42687 1.42553 1.42418 1.42284 1.42224 1.42224 1.42224 1.42224 1.42224 1.42224 1.42224 1.42224 0.617878 0.351613 0.351613 0.351613 0.351613 0.351613 0.351613 0.351613 0.351613 0.351613 0.351613 0.351613 0.351613 0.351613 0.351613 0.351613 0.351613 0.351613 0.351613 0.383251
1.82441 1.83318 1.84195 1.84932 1.85015 1.85015 1.85015 1.85015 1.85015 1.85015 1.85015 1.85015 1.85015 1.85015 1.85015 1.85015 1.85015 1.85015 1.85015 1.85015 1.85015 1.85015 1.85015 1.77059 1.42767 1.42767 1.42767 1.42767 1.42767 1.42766 1.42683 1.42548 1.42414 1.42280 1.42224 1.42224 1.42224 1.42224 1.42224 1.42224 1.42224 1.42224 1.42224 1.42224 1.42224 1.42224 0.945944 0.351613 0.351613 0.351613 0.351613 0.351613 0.351613 0.351613 0.351613 0.351613 0.351613 0.351613 0.351613 0.351613 0.351613 0.402267 0.591931 0.789300 0.986751 1.15273
1.84627 1.85015 1.85015 1.85015 1.85015 1.85015 1.85015 1.85015 1.85015 1.85015 1.85015 1.85015 1.85015 1.85015 1.85015 1.85015 1.85015 1.85015 1.85015 1.85015 1.85015 1.85015 1.85015 1.84939 1.48015 1.42765 1.42679 1.42544 1.42409 1.42276 1.42224 1.42224 1.42224 1.42224 1.42224 1.42224 1.42224 1.42224 1.42224 1.42224 1.42224 1.42224 1.42224 1.42224 1.42224 1.42224 1.27360 0.351934 0.351613 0.351613 0.351613 0.351613 0.351613 0.351613 0.351613 0.351613 0.351613 0.425954 0.621684 0.819135 1.01659 1.16338 1.17125 1.17125 1.17125 1.17125
1.82228 1.85015 1.85015 1.85015 1.85015 1.85015 1.85015 1.85015 1.85015 1.85015 1.85015 1.85015 1.85015 1.85015 1.85015 1.85015 1.85015 1.85015 1.85015 1.85015 1.85015 1.85027 1.86038 1.87688 1.62763 1.42272 1.42224 1.42224 1.42224 1.42224 1.42224 1.42224 1.42224 1.42224 1.42224 1.42224 1.42224 1.42224 1.42224 1.42224 1.42224 1.42224 1.42224 1.42224 1.42224 1.42224 1.42224 0.531283 0.351613 0.351613 0.351613 0.351613 0.351613 0.453986 0.651519 0.848888 1.04634 1.16953 1.17125 1.17125 1.17125 1.17125 1.17125 1.17125 1.17125 1.17125
1.79544 1.85015 1.85015 1.85015 1.85015 1.85015 1.85015 1.85015 1.85015 1.85015 1.85015 1.85015 1.85015 1.85015 1.85015 1.85015 1.85015 1.85017 1.85911 1.87562 1.89210 1.90849 1.91486 1.91486 1.78817 1.42224 1.42224 1.42224 1.42224 1.42224 1.42224 1.42224 1.42224 1.42224 1.42224 1.42224 1.42224 1.42224 1.42224 1.42224 1.42224 1.42224 1.42224 1.42224 1.42224 1.42224 1.42224 0.859250 0.354482 0.483739 0.681190 0.878805 1.07609 1.17125 1.17125 1.17125 1.17125 1.17125 1.17125 1.17125 1.17125 1.17125 1.17125 1.17125 1.17125 1.17125
1.77029 1.84846 1.85015 1.85015 1.85015 1.85015 1.85015 1.85015 1.85015 1.85015 1.85015 1.85015 1.85015 1.85015 1.85784 1.87433 1.89082 1.90731 1.91486 1.91486 1.91486 1.91486 1.91486 1.91486 1.90653 1.45634 1.42224 1.42224 1.42224 1.42224 1.42224 1.42224 1.42224 1.42224 1.42224 1.42224 1.42224 1.42224 1.42224 1.42224 1.42224 1.42224 1.42224 1.42224 1.42290 1.43925 1.46232 1.35195 1.10314 1.17125 1.17125 1.17125 1.17125 1.17125 1.17125 1.17125 1.17125 1.17125 1.17125 1.17125 1.17125 1.17125 1.17125 1.17125 1.17125 1.17125
1.76472 1.82720 1.85015 1.85015 1.85015 1.85015 1.85015 1.85015 1.85015 1.85015 1.85666 1.87306 1.88955 1.90605 1.91485 1.91486 1.91486 1.91486 1.91486 1.91486 1.91486 1.91486 1.91486 1.91486 1.91486 1.60043 1.42224 1.42224 1.42224 1.42224 1.42224 1.42224 1.42224 1.42224 1.42224 1.42224 1.42224 1.42224 1.42224 1.42224 1.42309 1.44008 1.46319 1.48627 1.50872 1.51545 1.51545 1.51290 1.20302 1.17125 1.17125 1.17125 1.17125 1.17125 1.17125 1.17125 1.17125 1.17125 1.17125 1.17125 1.17125 1.17125 1.17125 1.17125 1.17125 1.17125
1.76472 1.80034 1.85015 1.85015 1.85015 1.85015 1.85558 1.87178 1.88827 1.90477 1.91476 1.91486 1.91486 1.91486 1.91486 1.91486 1.91486 1.91486 1.91486 1.91486 1.91486 1.91486 1.91486 1.91486 1.91486 1.75295 1.42224 1.42224 1.42224 1.42224 1.42224 1.42224 1.42224 1.42224 1.42224 1.42224 1.42336 1.44092 1.46402 1.48711 1.50935 1.51545 1.51545 1.51545 1.51545 1.51545 1.51545 1.51545 1.30541 1.17125 1.17125 1.17125 1.17125 1.17125 1.17125 1.17125 1.17125 1.17125 1.17125 1.17125 1.17125 1.17125 1.17125 1.17125 1.17125 1.17125
1.76472 1.77391 1.85420 1.87051 1.88700 1.90350 1.91457 1.91486 1.91486 1.91486 1.91486 1.91486 1.91486 1.91486 1.91486 1.91486 1.91486 1.91486 1.91486 1.91486 1.91486 1.91486 1.91486 1.91486 1.91486 1.89082 1.43687 1.42224 1.42224 1.42224 1.42224 1.42224 1.42360 1.44178 1.46487 1.48795 1.50991 1.51545 1.51545 1.51545 1.51545 1.51545 1.51545 1.51545 1.51545 1.51545 1.51545 1.51545 1.41039 1.17125 1.17125 1.17125 1.17125 1.17125 1.17125 1.17125 1.17125 1.17125 1.17125 1.17125 1.17125 1.17125 1.17125 1.17125 1.23862 1.40429
1.78268 1.79146 1.88974 1.91486 1.91486 1.91486 1.91486 1.91486 1.91486 1.91486 1.91486 1.91486 1.91486 1.91486 1.91486 1.91486 1.91486 1.91486 1.91486 1.91486 1.91486 1.91486 1.91486 1.91486 1.91486 1.91486 1.56535 1.42224 1.42392 1.44261 1.46570 1.48879 1.51053 1.51545 1.51545 1.51545 1.51545 1.51545 1.51545 1.51545 1.51545 1.51545 1.51545 1.51545 1.51545 1.51545 1.51545 1.51545 1.50226 1.18430 1.17125 1.17125 1.17125 1.17125 1.17125 1.17125 1.17125 1.17125 1.17125 1.17146 1.26361 1.43018 1.59676 1.76347 1.86275 1.86358
1.79813 1.79813 1.85359 1.91486 1.91486 1.91486 1.91486 1.91486 1.91486 1.91486 1.91486 1.91486 1.91486 1.91486 1.91486 1.91486 1.91486 1.91486 1.91486 1.91486 1.91486 1.91486 1.91486 1.91486 1.92233 2.01529 1.86865 1.48962 1.51103 1.51545 1.51545 1.51545 1.51545 1.51545 1.51545 1.51545 1.51545 1.51545 1.51545 1.51545 1.51545 1.51545 1.51545 1.51545 1.51545 1.51545 1.51545 1.51545 1.51545 1.27608 1.17125 1.17125 1.17125 1.17125 1.17125 1.17492 1.28950 1.45608 1.62265 1.78915 1.86358 1.86358 1.86358 1.86358 1.86358 1.86358
