High_resolution/powerplant/Fengdu/OMI_NO2_201103.asc
ncols      200
nrows      200
xllcorner       105.978
yllcorner       28.1831
cellsize     0.0166667
NODATA_Value      -999.000
[rows 145 to 173 of 200, columns 66 to 131 of 200]
2.68794 2.68794 2.68794 2.68794 0.00000 0.00000 0.00000 0.00000 0.00000 0.00000 0.00000 0.00000 0.00000 0.00000 0.00000 0.00000 0.00000 0.665444 0.665444 0.665444 0.662715 0.581587 0.464768 0.347949 0.246289 0.232299 0.232299 0.232299 0.232299 0.232299 0.232299 0.232299 0.232299 0.232299 0.232299 0.232299 0.232299 0.268700 0.476566 0.642073 0.761196 0.846512 0.863324 0.863324 0.863590 0.886873 0.846957 0.846957 0.846957 0.856203 0.955623 1.11353 1.33885 1.60734 1.63821 1.63821 1.63821 1.63821 1.63821 1.63821 1.63821 1.63821 1.63821 1.63821 1.63821 1.87986
2.68794 2.68794 2.68794 2.68794 2.68794 0.00000 0.00000 0.00000 0.00000 0.00000 0.00000 0.00000 0.00000 0.00000 0.00000 0.00000 0.00000 0.00000 0.502827 0.382167 0.268077 0.232299 0.232299 0.232299 0.232299 0.232299 0.232299 0.232299 0.232299 0.232299 0.232299 0.232299 0.232299 0.293426 0.505901 0.662740 0.776623 0.853552 0.863324 0.863324 0.863324 0.863324 0.863324 0.863324 0.863324 0.895442 0.930562 1.07919 1.28857 1.57137 1.63821 1.63821 1.63821 1.63821 1.63821 1.63821 1.63821 1.63821 1.63821 1.63821 1.63821 1.63821 1.63821 1.63821 1.63821 1.70014
2.68794 2.68794 2.68794 2.68794 2.68794 0.00000 0.00000 0.00000 0.00000 0.00000 0.00000 0.00000 0.00000 0.00000 0.00000 0.00000 0.00000 0.00000 0.232299 0.232299 0.232299 0.232299 0.232299 0.232299 0.232299 0.232299 0.232299 0.232299 0.232299 0.323181 0.533665 0.682428 0.791413 0.858652 0.863324 0.863324 0.863324 0.863324 0.863324 0.863324 0.863324 0.863324 0.896873 0.973140 1.04958 1.14510 1.51155 1.63821 1.63821 1.63821 1.63821 1.63821 1.63821 1.63821 1.63821 1.63821 1.63821 1.63821 1.63821 1.63821 1.63821 1.64441 1.69481 1.75384 1.81296 1.87110
2.68794 2.68794 2.68794 0.00000 0.00000 0.00000 0.00000 0.00000 0.00000 0.00000 0.00000 0.00000 0.00000 0.00000 0.00000 0.00000 0.00000 0.00000 0.232299 0.232299 0.232299 0.232299 0.232299 0.232299 0.232299 0.357367 0.559912 0.701305 0.805532 0.861869 0.863324 0.863324 0.863324 0.863324 0.863324 0.863324 0.863324 0.863324 0.879446 0.951199 1.02764 1.10410 1.14702 1.14716 1.14716 1.14951 1.35647 1.63821 1.63821 1.63821 1.63821 1.63821 1.63821 1.63821 1.63821 1.63821 1.63821 1.65451 1.71158 1.77061 1.82974 1.88256 1.89121 1.89121 1.89121 1.89121
0.00000 0.00000 0.00000 0.00000 0.00000 0.00000 0.00000 0.00000 0.00000 0.00000 0.00000 0.00000 0.00000 0.00000 0.00000 0.00000 0.00000 0.00000 0.00000 0.232299 0.232299 0.232299 0.232299 0.232299 0.431301 0.863261 0.863324 0.863324 0.863324 0.863324 0.863324 0.863324 0.863324 0.863324 0.868405 0.929372 1.00578 1.08219 1.14250 1.14716 1.14716 1.14716 1.14716 1.14716 1.14716 1.14716 1.23771 1.63821 1.63821 1.63821 1.63821 1.63821 1.63824 1.66933 1.72836 1.78741 1.84648 1.88927 1.89121 1.89121 1.89121 1.89121 1.89121 1.89121 1.89121 1.89121
0.00000 0.00000 0.00000 0.00000 0.00000 0.00000 0.00000 0.00000 0.00000 0.00000 0.00000 0.00000 0.00000 0.00000 0.00000 0.00000 0.00000 0.00000 0.00000 0.232299 0.232299 0.232299 0.232299 0.232299 0.237952 0.828570 0.863324 0.863324 0.863324 0.863324 0.863551 0.907432 0.983840 1.06035 1.13172 1.14716 1.14716 1.14716 1.14716 1.14716 1.14716 1.14716 1.14716 1.14716 1.14716 1.14716 1.17526 1.54086 1.64107 1.68611 1.74516 1.80418 1.86323 1.89121 1.89121 1.89121 1.89121 1.89121 1.89121 1.89121 1.89121 1.89121 1.89121 1.89121 1.89121 1.89121
0.00000 0.00000 0.00000 0.00000 0.00000 0.00000 0.00000 0.00000 0.00000 0.00000 0.00000 0.00000 0.00000 0.00000 0.00000 0.00000 0.00000 0.00000 0.00000 0.232299 0.232299 0.232299 0.232299 0.232299 0.232299 0.703194 0.863324 0.887251 0.962013 1.03842 1.11463 1.14716 1.14716 1.14716 1.14716 1.14716 1.14716 1.14716 1.14716 1.14716 1.14716 1.14716 1.14716 1.14716 1.14893 1.16048 1.18176 1.50398 1.87715 1.89121 1.89121 1.89121 1.89121 1.89121 1.89121 1.89121 1.89121 1.89121 1.89121 1.89121 1.89121 1.89121 1.89121 1.89121 1.89121 1.89121
0.00000 0.00000 0.00000 0.00000 0.00000 0.00000 0.00000 0.00000 0.00000 0.00000 0.00000 0.00000 0.00000 0.00000 0.00000 0.00000 0.00000 0.00000 0.00000 0.00000 0.232299 0.232299 0.232299 0.251713 0.385838 0.753875 1.09300 1.14551 1.14716 1.14716 1.14716 1.14716 1.14716 1.14716 1.14716 1.14716 1.14716 1.14716 1.14716 1.14716 1.15017 1.16253 1.17557 1.18861 1.19988 1.20138 1.20138 1.38330 1.89121 1.89121 1.89121 1.89121 1.89121 1.89121 1.89121 1.89121 1.89121 1.89121 1.89121 1.89121 1.89121 1.89121 1.89121 1.89121 1.89121 1.89121
0.00000 0.00000 0.00000 0.00000 0.00000 0.00000 0.00000 0.00000 0.00000 0.00000 0.00000 0.00000 0.00000 0.00000 0.00000 0.00000 0.00000 0.00000 0.00000 0.00000 0.345251 0.494960 0.647777 0.781180 0.799970 0.820979 1.13902 1.14716 1.14716 1.14716 1.14716 1.14716 1.14716 1.14716 1.14716 1.14716 1.15175 1.16459 1.17763 1.19067 1.20070 1.20138 1.20138 1.20138 1.20138 1.20138 1.20138 1.27351 1.79983 1.89121 1.89121 1.89121 1.89121 1.89121 1.89121 1.89121 1.89121 1.89121 1.89121 1.89121 1.89121 1.89121 1.89121 1.89121 1.89121 1.89121
0.00000 0.00000 0.00000 0.00000 0.00000 0.00000 0.00000 0.00000 0.00000 0.00000 0.00000 0.00000 0.00000 0.00000 0.00000 0.00000 0.00000 0.00000 0.00000 0.00000 0.799970 0.799970 0.799970 0.799970 0.799970 0.799970 1.08115 1.14716 1.14716 1.14716 1.14716 1.14716 1.15361 1.16664 1.17968 1.19273 1.20120 1.20138 1.20138 1.20138 1.20138 1.20138 1.20138 1.20138 1.20008 1.16506 1.11515 1.09194 1.48148 1.89121 1.89121 1.89121 1.89121 1.89121 1.89121 1.89121 1.89121 1.89121 1.89121 1.89121 1.89121 1.89121 1.89121 1.89121 1.95689 2.25759
0.00000 0.00000 0.00000 0.00000 0.00000 0.00000 0.00000 0.00000 0.00000 0.00000 0.00000 0.00000 0.00000 0.00000 0.00000 0.00000 0.00000 0.00000 0.00000 0.00000 0.00000 0.799970 0.799970 0.799970 0.799970 0.799970 0.989566 1.14731 1.15567 1.16870 1.18174 1.19479 1.20138 1.20138 1.20138 1.20138 1.20138 1.20138 1.20138 1.20138 1.20138 1.17938 1.12962 1.07970 1.03113 1.01626 1.01626 1.01655 1.26287 1.89121 1.89121 1.89121 1.89121 1.89121 1.89121 1.89121 1.89121 1.89121 1.89121 1.89121 2.02683 2.34764 2.66927 2.99090 3.24713 3.26806
0.00000 0.00000 0.00000 0.00000 0.00000 0.00000 0.00000 0.00000 0.00000 0.00000 0.00000 0.00000 0.00000 0.00000 0.00000 0.00000 0.00000 0.00000 0.00000 0.00000 0.00000 0.799970 0.799970 0.816847 1.23373 1.65860 1.89820 1.20791 1.20138 1.20138 1.20138 1.20138 1.20138 1.20138 1.20138 1.20138 1.20138 1.19086 1.14403 1.09416 1.04423 1.01636 1.01626 1.01626 1.01626 1.01626 1.01626 1.01626 1.10949 1.81424 1.89121 1.89121 1.89121 1.89121 1.89121 1.89755 2.11578 2.43755 2.75918 3.08108 3.26696 3.26806 3.26806 3.26806 3.26806 3.26806
0.00000 0.00000 0.00000 0.00000 0.00000 0.00000 0.00000 0.00000 0.00000 0.00000 0.00000 0.00000 0.00000 0.00000 0.00000 0.00000 0.00000 0.00000 0.00000 3.67748 3.67748 3.15183 1.97205 2.18189 2.23873 2.23873 2.23873 1.44257 1.20138 1.20138 1.20138 1.20138 1.20138 1.19815 1.15845 1.10858 1.05869 1.01933 1.01626 1.01626 1.01626 1.01626 1.01626 1.01626 1.01626 1.01626 1.01626 1.01626 1.05722 1.51610 1.89121 1.92798 2.20569 2.52759 2.84922 3.16466 3.26806 3.26806 3.26806 3.26806 3.26806 3.26806 3.26806 3.26806 3.26806 3.26806
0.00000 0.00000 0.00000 0.00000 0.00000 0.00000 0.00000 0.00000 0.00000 0.00000 0.00000 0.00000 0.00000 0.00000 0.00000 3.67748 3.67748 3.67748 3.67748 3.67748 3.67748 3.67748 2.42669 2.23873 2.23873 2.23873 2.23873 1.75748 1.20138 1.20125 1.17291 1.12302 1.07313 1.02646 1.01626 1.01626 1.01626 1.01626 1.01626 1.01626 1.01626 1.01626 1.01626 1.01626 1.01626 1.01626 1.01626 1.03572 1.11441 1.72000 2.93927 3.22414 3.26806 3.26806 3.26806 3.26806 3.26806 3.26806 3.26806 3.26806 3.26806 3.26806 3.26806 3.26806 3.26806 3.26806
0.00000 0.00000 0.00000 0.00000 0.00000 0.00000 0.00000 0.00000 0.00000 0.00000 0.00000 3.67748 3.67748 3.67748 3.67748 3.67748 3.67748 3.67748 3.67748 3.67748 3.67748 3.67748 2.78610 2.23873 2.23873 2.23873 2.22349 2.00827 1.08755 1.03779 1.01626 1.01626 1.01626 1.01626 1.01626 1.01626 1.01626 1.01626 1.01626 1.01626 1.01626 1.01626 1.01626 1.04568 1.12268 1.20035 1.27799 1.33621 1.33951 1.72165 3.18941 3.26806 3.26806 3.26806 3.26806 3.26806 3.26806 3.26806 3.26806 3.26806 3.26806 3.26806 3.26806 3.26806 3.26806 3.26806
0.00000 0.00000 0.00000 0.00000 0.00000 0.00000 0.00000 3.67748 3.67748 3.67748 3.67748 3.67748 3.67748 3.67748 3.67748 3.67748 3.67748 3.67748 3.67748 3.67748 3.67748 3.67748 3.34660 2.19055 2.13934 2.08943 2.05480 2.05351 1.16463 1.01626 1.01626 1.01626 1.01626 1.01626 1.01626 1.01626 1.01626 1.01626 1.01630 1.05764 1.13528 1.21293 1.29063 1.33883 1.33951 1.33951 1.33951 1.33951 1.33951 1.53465 2.62624 3.26806 3.26806 3.26806 3.26806 3.26806 3.26806 3.26806 3.26806 3.26806 3.26806 3.26806 3.26806 3.26806 3.26806 3.26806
0.00000 0.00000 0.00000 0.00000 0.00000 3.67748 3.67748 3.67748 3.67748 3.67748 3.67748 3.67748 3.67748 3.67748 3.67748 3.67748 3.67748 3.67748 3.67748 3.67748 3.67748 3.67748 3.67748 2.22606 2.05361 2.05361 2.05361 2.05361 1.47944 1.01626 1.01626 1.01626 1.01626 1.01626 1.01772 1.07018 1.14789 1.22553 1.30314 1.33951 1.33951 1.33951 1.33951 1.33951 1.33951 1.33951 1.33951 1.34388 1.37481 1.45621 2.26842 3.26806 3.26806 3.26806 3.26806 3.26806 3.26806 3.26806 3.26806 3.26806 3.26806 3.26806 3.26806 3.26806 3.26806 3.26806
0.00000 0.00000 0.00000 0.00000 0.00000 3.67748 3.67748 3.67748 3.67748 3.67748 3.67748 3.67748 3.67748 3.67748 3.67748 3.67748 3.67748 3.67748 3.67748 3.67748 3.67748 3.67748 3.67748 2.61354 2.05361 2.05361 2.05361 2.05361 1.79416 1.01626 1.02118 1.08282 1.16046 1.23814 1.31433 1.33951 1.33951 1.33951 1.33951 1.33951 1.33951 1.33951 1.33951 1.34035 1.36483 1.40013 1.43539 1.46628 1.47066 1.47066 1.92249 3.24054 3.26806 3.26806 3.26806 3.26806 3.26806 3.26806 3.26806 3.26806 3.26806 3.26806 3.26806 3.26806 3.26806 3.26806
0.00000 0.00000 0.00000 0.00000 0.00000 0.00000 3.67748 3.67748 3.67748 3.67748 3.67748 3.67748 3.67748 3.67748 3.67748 3.67748 3.67748 3.67748 3.67748 3.67748 3.67748 3.67748 3.67748 3.21344 2.05361 2.05361 2.04362 1.95721 1.83841 1.27217 1.32347 1.33951 1.33951 1.33951 1.33951 1.33951 1.33951 1.33951 1.33951 1.33951 1.35494 1.39016 1.42543 1.45988 1.47066 1.47066 1.47066 1.47066 1.47066 1.47066 1.71670 2.76864 3.26806 3.26806 3.26806 3.26806 3.26806 3.26806 3.26806 3.26806 3.26806 3.26806 3.26806 0.00000 0.00000 0.00000
0.00000 0.00000 0.00000 0.00000 0.00000 0.00000 3.67748 3.67748 3.67748 3.67748 3.67748 3.67748 3.67748 3.67748 3.67748 3.67748 3.67748 3.67748 3.67748 3.67748 3.67748 3.67748 3.65386 3.47716 1.96981 1.74884 1.65652 1.64058 1.64058 1.44710 1.33951 1.33951 1.33951 1.33951 1.33951 1.33951 1.34702 1.38016 1.41542 1.45074 1.47058 1.47066 1.47066 1.47066 1.47066 1.47066 1.47066 1.47066 1.47066 1.47066 1.56334 2.34727 3.26806 3.26806 3.26806 3.26806 3.26806 3.26806 3.26806 0.00000 0.00000 0.00000 0.00000 0.00000 0.00000 0.00000
0.00000 0.00000 0.00000 0.00000 0.00000 0.00000 3.67748 3.67748 3.67748 3.67748 3.67748 3.67748 3.67748 3.67748 3.67748 3.67748 3.67748 3.67748 3.65063 3.46972 3.26502 3.06032 2.87933 2.85141 2.01741 1.64058 1.64058 1.64058 1.64058 1.53840 1.33951 1.33951 1.34192 1.37020 1.40549 1.44076 1.46854 1.47066 1.47066 1.47066 1.47066 1.47066 1.47066 1.47066 1.47066 1.47066 1.47066 1.47066 1.47066 1.47066 1.44075 1.76180 3.25920 3.26806 3.26806 0.00000 0.00000 0.00000 0.00000 0.00000 0.00000 0.00000 0.00000 0.00000 0.00000 0.00000
0.00000 0.00000 0.00000 0.00000 0.00000 0.00000 0.00000 3.67748 3.67748 3.67748 3.67748 3.67748 3.67748 3.67748 3.64626 3.46237 3.25759 3.05297 2.87520 2.85141 2.85141 2.85141 2.85141 2.85141 2.44009 1.64058 1.64058 1.64058 1.64071 1.64387 1.40216 1.43079 1.46366 1.47066 1.47066 1.47066 1.47066 1.47066 1.47066 1.47066 1.47066 1.47066 1.47066 1.47066 1.47066 1.47053 1.42744 1.35027 1.27310 1.19592 1.14952 0.961287 0.692054 0.00000 0.00000 0.00000 0.00000 0.00000 0.00000 0.00000 0.00000 0.00000 0.00000 0.00000 0.00000 0.00000
0.00000 0.00000 0.00000 0.00000 0.00000 0.00000 0.00000 3.67748 3.67748 3.67748 3.64204 3.45469 3.25007 3.04554 2.87214 2.85141 2.85141 2.85141 2.85141 2.85141 2.85141 2.85141 2.85141 2.85141 2.84417 1.72935 1.68659 1.72189 1.75703 1.77173 1.55123 1.47066 1.47066 1.47066 1.47066 1.47066 1.47066 1.47066 1.47066 1.47066 1.47066 1.46870 1.41458 1.33741 1.26024 1.18319 1.14911 1.14911 1.14911 1.14911 1.14911 1.07356 0.692054 0.00000 0.00000 0.00000 0.00000 0.00000 0.00000 0.00000 0.00000 0.00000 0.00000 0.00000 0.00000 0.00000
0.00000 0.00000 0.00000 0.00000 0.00000 0.00000 0.00000 3.67479 3.25087 3.03802 2.86876 2.85141 2.85141 2.85141 2.85141 2.85141 2.85141 2.85141 2.85141 2.85141 2.85141 2.85141 2.85141 2.85141 2.85141 2.07316 1.77173 1.77173 1.77173 1.77173 1.64254 1.47066 1.47066 1.47066 1.47066 1.47066 1.47066 1.46471 1.40172 1.32455 1.24737 1.17216 1.14911 1.14911 1.14911 1.14911 1.14911 1.14911 1.14911 1.14911 1.16974 1.23964 0.812604 0.00000 0.00000 0.00000 0.00000 0.00000 0.00000 0.00000 0.00000 0.00000 0.00000 0.00000 0.00000 0.00000
0.00000 0.00000 0.00000 0.00000 0.00000 0.00000 0.00000 0.00000 2.85141 2.85141 2.85141 2.85141 2.85141 2.85141 2.85141 2.85141 2.85141 2.85141 2.85141 2.85141 2.85141 2.85141 2.85141 2.85141 2.85141 2.42899 1.77173 1.77173 1.77173 1.77173 1.73361 1.47099 1.47066 1.45857 1.38886 1.31168 1.23451 1.16329 1.14911 1.14911 1.14911 1.14911 1.14911 1.14911 1.14911 1.14911 1.15739 1.22148 1.31931 1.46144 1.60134 1.60616 1.60616 0.00000 0.00000 0.00000 0.00000 0.00000 0.00000 0.00000 0.00000 0.00000 0.00000 0.00000 0.00000 0.00000
0.00000 0.00000 0.00000 0.00000 0.00000 0.00000 0.00000 0.00000 2.85141 2.85141 2.85141 2.85141 2.85141 2.85141 2.85141 2.85141 2.85141 2.85141 2.85141 2.85141 2.85141 2.85141 2.85141 2.85141 2.85141 2.82834 1.82125 1.77173 1.77173 1.76493 1.73557 1.37479 1.22165 1.15657 1.14911 1.14911 1.14911 1.14911 1.14911 1.14911 1.14911 1.14911 1.15069 1.19876 1.28772 1.41444 1.57798 1.60616 1.60616 1.60616 1.60616 1.60616 1.60616 0.00000 0.00000 0.00000 0.00000 0.00000 0.00000 0.00000 0.00000 0.00000 0.00000 0.00000 0.00000 0.00000
0.00000 0.00000 0.00000 0.00000 0.00000 0.00000 0.00000 0.00000 2.85141 2.85141 2.85141 2.85141 2.85141 2.85141 2.85141 2.85141 2.85141 2.85141 2.85141 2.85141 2.85141 2.85141 2.85141 2.85141 2.85141 2.83610 1.99278 1.70341 1.67235 1.64814 1.64644 1.38732 1.14911 1.14911 1.14911 1.14911 1.14911 1.14911 1.14911 1.17799 1.25915 1.37285 1.53813 1.60616 1.60616 1.60616 1.60616 1.60616 1.60616 1.60616 1.60616 1.60616 1.60616 1.60616 0.00000 0.00000 0.00000 0.00000 0.00000 0.00000 0.00000 0.00000 0.00000 0.00000 0.00000 0.00000
0.00000 0.00000 0.00000 0.00000 0.00000 0.00000 0.00000 0.00000 0.00000 2.85141 2.85141 2.85141 2.85141 2.85141 2.85141 2.85141 2.85141 2.85141 2.85141 2.85141 2.85141 2.83472 2.77471 2.71258 2.65046 2.60363 2.18026 1.64644 1.64644 1.64644 1.64644 1.53741 1.14911 1.14911 1.14911 1.16259 1.23314 1.33579 1.48637 1.60579 1.60616 1.60616 1.60616 1.60616 1.60616 1.60616 1.60616 1.60616 1.60616 1.60616 1.60616 1.60616 1.60574 1.55901 0.00000 0.00000 0.00000 0.00000 0.00000 0.00000 0.00000 0.00000 0.00000 0.00000 1.34122 1.34122
0.00000 0.00000 0.00000 0.00000 0.00000 0.00000 0.00000 0.00000 0.00000 2.85141 2.85141 2.85141 2.85141 2.85141 2.85141 2.85141 2.85141 2.83299 2.77253 2.71045 2.64838 2.60293 2.60082 2.60082 2.60082 2.60082 2.55718 1.67646 1.64644 1.64644 1.64644 1.65124 1.26018 1.30255 1.43638 1.59158 1.60616 1.60616 1.60616 1.60616 1.60616 1.60616 1.60616 1.60616 1.60616 1.60616 1.60616 1.60616 1.60272 1.52271 1.41132 1.29986 1.18883 1.14236 0.00000 0.00000 0.00000 0.00000 0.00000 0.00000 1.34122 1.34122 1.34122 1.34122 1.34122 1.34122
