High_resolution/powerplant/Fengdu/OMI_NO2_200806.asc
ncols      200
nrows      200
xllcorner       105.978
yllcorner       28.1831
cellsize     0.0166667
NODATA_Value      -999.000
[rows 90 to 119 of 200, columns 0 to 65 of 200]
3.14428 3.18516 3.43857 3.72401 3.72474 3.70150 3.68394 3.69487 3.70256 3.70964 3.75056 3.72456 3.71878 3.59555 3.56999 3.59976 3.63807 3.68378 3.71164 3.73547 3.75709 3.77104 3.78344 3.78625 4.08154 4.44277 4.87878 4.78646 4.50290 4.32070 4.32070 4.32070 4.32070 4.34249 4.41443 4.48085 4.54017 4.57578 4.57652 4.57652 4.47095 3.64862 3.58380 3.55643 3.45366 3.38906 3.32446 3.26734 3.24293 3.22355 3.21918 3.23017 3.27343 3.04374 3.04888 3.07746 2.93768 3.04889 3.12323 3.28570 3.28626 3.28626 3.28626 3.28750 3.35550 3.46801
3.41637 3.42569 3.37450 3.69996 3.70104 3.70933 3.71190 3.72435 3.73334 3.73337 3.76819 3.78254 3.83390 3.80848 3.74885 3.77041 3.78353 3.78625 3.78625 3.78625 3.78625 3.78625 3.78625 3.78625 3.94849 4.30059 4.86107 4.86046 4.59326 4.33718 4.40772 4.47477 4.53482 4.57465 4.57652 4.57652 4.57652 4.55905 4.51841 4.47345 4.35984 3.62268 3.27201 3.20899 3.21822 3.21918 3.21918 3.21918 3.21918 3.23325 3.27645 3.32055 3.45705 3.26151 3.27231 3.27095 3.14864 3.12888 3.20907 3.46634 3.59743 3.71010 3.82263 3.93401 3.97864 3.97864
3.49113 3.49113 3.37862 3.65186 3.71214 3.71793 3.72531 3.76628 3.87097 3.91978 3.97264 3.95528 3.95322 3.92293 3.78625 3.78625 3.78625 3.78625 3.78625 3.78625 3.78625 3.78625 3.78625 3.78625 3.82074 4.25794 4.76132 4.92802 4.77280 4.59365 4.57627 4.55154 4.51080 4.47006 4.42933 4.38607 4.30516 4.22910 4.17623 4.12768 4.11748 3.70619 3.20189 3.20217 3.24090 3.29033 3.33445 3.37135 3.40184 3.41824 3.40652 3.45994 3.60915 3.59191 3.56524 3.66726 3.75296 3.75256 3.76760 3.90161 3.97864 3.97864 3.97864 3.97864 3.97864 3.97864
3.52258 3.52913 3.47828 3.59932 3.77164 3.78780 3.80361 3.80654 3.94422 3.95342 3.95572 3.97723 3.95322 3.95260 3.80217 3.78625 3.78625 3.78625 3.78625 3.78625 3.78625 3.78691 3.80205 3.82308 3.84423 4.22885 4.68644 5.00399 4.91281 4.54642 4.34044 4.32319 4.28663 4.23384 4.18109 4.13082 4.11822 4.11822 4.11789 4.15034 4.22749 3.97835 3.33283 3.35731 3.38405 3.47640 3.56990 3.67080 3.77796 3.88520 3.99154 4.02753 3.98306 3.97123 3.90595 3.92207 3.92854 3.80179 3.79436 3.85673 3.97864 3.97864 3.97819 3.97691 3.97561 3.97431
3.53017 3.52746 3.52703 3.57192 3.80392 3.80392 3.80392 3.80392 3.90353 3.95342 3.95342 3.98161 3.95322 3.95322 3.84720 3.78625 3.78625 3.78628 3.79802 3.82506 3.85528 3.88478 3.89977 3.90895 3.91801 4.14813 4.55456 5.04071 5.00421 4.56205 4.18594 4.14951 4.21097 4.29086 4.36259 4.43008 4.49462 4.55620 4.63821 4.73904 4.80722 4.53978 3.88213 3.91152 4.00583 4.03166 4.03166 4.02961 3.97369 3.89436 3.81502 3.73971 3.72151 3.82507 3.92108 3.92562 3.93879 3.82485 3.79685 3.80641 3.97483 3.97429 3.97343 3.97341 3.97341 3.97321
3.52746 3.52746 3.52746 3.52045 3.76360 3.80392 3.80392 3.80392 3.86023 3.95342 3.95342 3.98376 3.95319 3.95096 3.90146 3.83922 3.86943 3.89962 3.91809 3.92125 3.92125 3.92125 3.92125 3.92152 3.93346 4.04113 4.50861 5.16281 5.24739 5.00669 4.61468 4.65499 4.68953 4.75294 4.82033 4.88837 4.95650 5.02458 5.06995 5.07109 5.07109 4.93410 4.17784 4.01362 3.96379 3.89970 3.82231 3.74505 3.72151 3.72151 3.72151 3.72151 3.72151 3.78389 3.89746 3.92414 3.92305 3.87336 3.79507 3.79010 3.89459 3.85994 3.80896 3.75794 3.70696 3.65614
3.52746 3.52746 3.52746 3.52358 3.67688 3.80392 3.80392 3.80222 3.81246 3.94363 3.94538 3.98587 3.98691 3.99834 4.00317 3.92159 3.92473 3.94961 3.97811 4.00660 4.03158 4.04592 4.05961 4.06717 4.04454 4.02177 4.53100 5.29897 5.54619 5.46647 5.05707 5.03757 5.07109 5.07109 5.07109 5.07109 5.07109 5.07109 5.07109 5.07099 5.02776 4.94388 4.11786 3.73370 3.70421 3.71498 3.72151 3.72151 3.72151 3.72151 3.73172 3.76370 3.79641 3.83898 3.89063 3.95771 3.97183 3.97933 3.89104 3.89490 3.74972 3.63531 3.63533 3.65534 3.69278 3.73018
3.52746 3.52566 3.52032 3.51443 3.56582 3.78830 3.78686 3.80284 3.82386 3.95796 3.98348 3.96386 4.12069 4.13608 4.16454 4.11869 4.12559 4.11627 4.09560 4.05671 4.03179 4.02342 4.01581 4.01405 4.03072 4.04862 4.41018 5.26566 5.78354 5.73730 5.26569 5.07109 5.07109 5.07109 5.07109 5.07109 5.03505 4.95568 4.87640 4.79710 4.76093 4.76093 4.24964 3.73572 3.70421 3.71032 3.73126 3.77468 3.82144 3.86819 3.90480 3.91958 3.93361 3.93946 3.93656 4.00905 4.01140 4.03787 3.93191 3.96508 3.93087 3.78535 3.82275 3.84012 3.84012 3.84012
3.49123 3.49580 3.48390 3.45130 3.42764 3.72221 3.76407 3.74525 3.72329 3.78335 3.85629 3.85629 4.14143 4.20470 4.17793 4.10571 4.04413 4.03456 4.03258 4.04893 4.05503 4.05503 4.05503 4.05503 4.05503 4.05503 4.24807 4.95919 5.78304 5.78354 5.42705 5.07193 5.04165 4.96312 4.88363 4.80432 4.76103 4.76093 4.76093 4.76093 4.76449 4.77864 4.47466 3.90859 3.83551 3.88456 3.93613 3.93947 3.93947 3.93947 3.93947 3.93947 3.94632 3.96946 3.98879 4.06552 4.11283 4.15388 4.09978 4.14212 4.24009 4.10722 4.20315 4.31180 4.41751 4.51878
3.21185 3.28337 3.26228 3.26188 3.28042 3.53935 3.70679 3.70676 3.69299 3.67763 3.73474 3.67766 3.83717 4.14153 4.14575 4.12049 4.05503 4.05503 4.05503 4.05503 4.05503 4.05503 4.05503 4.05503 4.05503 4.05503 4.09376 4.75943 5.65567 5.72093 5.49755 4.86470 4.76168 4.76093 4.76661 4.78136 4.79620 4.81106 4.83038 4.87424 4.91817 4.95156 4.84302 4.12938 3.92382 3.92382 3.93670 3.95298 3.97680 4.00062 4.02795 4.08941 4.15268 4.19960 4.28839 4.48480 4.70652 4.87937 4.95162 4.77350 4.83925 4.69460 4.65665 4.65814 4.65814 4.65814
3.01738 3.26188 3.25233 3.22411 3.17403 3.27889 3.54272 3.48732 3.44563 3.43895 3.56424 3.57521 3.66124 4.13706 4.14575 4.14234 4.05777 4.05503 4.05503 4.05503 4.05503 4.05503 4.05503 4.05503 4.04873 4.00284 3.95009 4.37431 5.27934 5.61976 5.58407 5.01657 4.82862 4.84346 4.85570 4.88331 4.91598 4.94865 4.97685 4.98054 4.98054 4.98498 5.04944 4.46963 4.08766 4.14938 4.22824 4.29609 4.43470 4.60783 4.77738 4.91288 5.03966 5.16628 5.25366 5.28345 5.35437 5.36985 5.28796 4.83841 4.86470 4.76602 4.65814 4.65814 4.65814 4.67293
2.64785 3.03240 2.98104 2.94827 2.94271 2.97577 3.39419 3.43767 3.43767 3.43767 3.52585 3.57521 3.57702 4.07487 4.14575 4.14575 4.07893 4.05503 4.05503 4.05503 4.05279 4.01329 3.97294 3.94499 3.92353 3.94145 3.96637 4.26304 5.15073 5.73282 5.73552 5.28846 4.91618 4.94574 4.97532 4.96495 4.94657 4.99752 5.06185 5.12603 5.19026 5.30499 5.57864 5.73219 4.97755 4.95146 5.08250 5.21603 5.25031 5.25031 5.25391 5.28132 5.31306 5.34481 5.37148 5.36953 5.37971 5.38387 5.43707 4.84111 4.85482 4.83860 4.70195 4.73049 4.75884 4.77257
2.30178 2.90420 2.94271 2.94271 2.94271 2.96093 3.26148 3.43767 3.43767 3.43767 3.48621 3.57521 3.57521 3.93015 4.14575 4.14575 4.11349 4.06156 4.03364 4.00585 3.98011 3.99183 4.00430 4.00430 4.00430 4.00430 4.00475 4.15457 4.93954 5.81095 5.85136 5.55051 4.97204 4.99991 5.06416 5.24378 5.62245 5.93743 6.23914 6.54065 6.84235 7.08900 7.11259 7.03910 5.70155 5.23466 5.23787 5.27813 5.31025 5.34199 5.37015 5.37449 5.37449 5.37449 5.37449 5.37204 5.37430 5.39990 5.47105 5.07493 4.94621 4.98401 4.78483 4.79473 4.82061 4.84648
2.29472 2.76055 2.94271 2.94271 2.94271 2.94719 3.11037 3.43767 3.43767 3.43767 3.45256 3.59148 3.60650 3.80796 4.12975 4.09124 4.04170 4.00430 4.00430 4.00430 4.01281 4.02850 4.04422 4.08480 4.15929 4.23402 4.31471 4.37622 5.06865 6.00623 6.59370 6.87047 6.42372 6.60376 6.90547 7.10735 7.11259 7.11259 7.11259 7.11259 7.11259 7.11259 7.11400 7.10824 6.22327 5.32352 5.35289 5.37065 5.37449 5.37449 5.37449 5.37449 5.37449 5.39260 5.42888 5.46457 5.47417 5.50570 5.51145 5.32842 4.97756 5.01510 4.96430 4.94370 4.94370 4.94370
2.29472 2.58891 2.94271 2.94271 2.94673 2.96561 3.01681 3.44671 3.49350 3.49415 3.45280 3.50715 3.48709 3.55591 4.03939 4.06937 4.08496 4.08287 4.09693 4.12760 4.19141 4.25669 4.34001 4.41754 4.47805 4.53842 4.59226 4.62822 5.23986 6.87963 8.08866 8.08440 7.42600 7.11387 7.11259 7.11259 7.11259 7.11259 7.11328 7.13515 7.16689 7.19864 7.22898 7.23608 6.71542 5.41364 5.35884 5.36653 5.37449 5.38957 5.42960 5.47157 5.51351 5.53736 5.54309 5.54883 5.52893 5.53199 5.53513 5.49688 4.99412 4.99640 4.88852 4.79165 4.74046 4.68927
2.29472 2.39296 3.02198 3.04299 3.05924 3.06502 3.10870 3.35944 3.45179 3.44393 3.47359 3.57272 3.67325 3.68051 4.06563 4.14704 4.20502 4.29311 4.40565 4.51000 4.57274 4.62678 4.66317 4.68030 4.68030 4.68030 4.68030 4.68030 4.98904 6.21796 8.08866 8.08866 7.68126 7.14338 7.11282 7.13231 7.16408 7.19581 7.22688 7.23677 7.23677 7.23677 7.23677 7.24070 7.06536 5.68205 5.50554 5.55670 5.52407 5.55102 5.55289 5.55289 5.55289 5.55289 5.55289 5.56577 5.59925 5.63374 5.69038 5.83504 5.25213 5.07255 4.71097 4.56643 4.43982 4.29014
2.42352 2.48760 3.16395 3.30129 3.34932 3.39296 3.39326 3.40991 3.54257 3.54257 3.54257 3.56600 3.74229 3.81563 4.19133 4.61986 4.68123 4.69249 4.68030 4.68030 4.68030 4.68030 4.68030 4.68030 4.68030 4.68030 4.68030 4.68030 4.74073 5.66968 7.95373 8.14037 8.09167 7.37663 7.22452 7.23677 7.23677 7.24460 7.27610 7.30925 7.34239 7.38506 7.45301 7.51839 7.48734 6.32710 5.70590 5.70354 5.56183 5.55291 5.57852 5.62657 5.67456 5.72260 5.76825 5.79554 5.78680 5.73311 5.64846 5.55507 4.66054 4.27189 3.71108 3.59055 3.59074 3.62149
2.74825 2.74825 3.16106 3.40078 3.40078 3.39635 3.37670 3.30766 3.49121 3.53072 3.55883 3.59502 3.93243 3.96632 4.12424 4.68358 4.69988 4.69779 4.68033 4.68030 4.68030 4.68030 4.68030 4.68030 4.68030 4.68030 4.68030 4.71243 4.82166 5.66248 7.71176 8.53403 8.57555 7.80275 7.34985 7.38217 7.41532 7.44784 7.48326 7.51947 7.55570 7.58245 7.58383 7.58383 7.58691 7.35233 5.81790 5.83167 5.76588 5.75858 5.77296 5.71540 5.60863 5.50185 5.39759 5.29855 5.19989 5.09816 5.14041 5.19039 4.61999 4.20394 3.81215 3.65116 3.62284 3.62284
2.72437 2.70050 2.88685 3.27928 3.23303 3.19121 3.16459 3.28969 3.54700 3.60638 3.60638 3.60638 3.83078 3.96632 4.01613 4.59835 4.69988 4.69988 4.68357 4.68030 4.68030 4.68030 4.68030 4.69748 4.79880 4.93031 5.09565 5.22955 5.28611 5.78693 7.40877 8.83679 8.83756 8.26672 7.56396 7.51615 7.55236 7.58138 7.61341 7.89468 8.73500 9.68287 10.6313 11.5791 12.5229 11.1200 6.52698 5.60782 5.44411 5.25742 5.15858 5.10941 5.10941 5.11423 5.13352 5.15377 5.17402 5.17327 5.21605 5.26413 4.92678 4.20497 3.95183 3.67319 3.63864 3.66009
2.44824 2.43740 2.46970 3.14611 3.16082 3.16082 3.16082 3.20849 3.48824 3.60638 3.60638 3.60638 3.72713 3.96632 3.96632 4.45462 4.69988 4.69988 4.68890 4.70703 4.84855 5.01450 5.18070 5.32953 5.39386 5.42852 5.42920 5.42920 5.42920 5.61533 6.87701 9.19687 9.54838 9.49037 8.80728 9.47676 10.4243 11.3727 12.3546 13.3685 13.8568 14.2367 14.6168 14.9969 15.3497 13.8785 7.33224 5.26242 5.23816 5.11310 5.13176 5.15200 5.17225 5.18768 5.18864 5.18864 5.18864 5.18467 5.18164 5.26486 5.18408 4.27779 4.15106 3.77439 3.70946 3.70943
2.34107 2.42830 2.42830 3.00987 3.16082 3.16082 3.16082 3.16082 3.39519 3.59901 3.60638 3.60638 3.62932 3.96956 4.01150 4.34585 4.89412 5.04462 5.21612 5.40501 5.42920 5.42920 5.42920 5.44556 5.54498 5.65686 5.83799 6.05985 6.28208 6.55492 8.86335 12.4084 13.5109 14.5296 14.2680 14.3128 14.6929 15.0728 15.3893 15.4230 15.4230 15.4230 15.4230 15.4230 15.4230 14.5701 9.39458 5.30325 5.32331 5.20368 5.18864 5.18864 5.18864 5.18864 5.18864 5.18829 5.17809 5.16336 5.19931 5.33745 5.33280 4.54262 4.30333 3.84874 3.64889 3.60050
2.24992 2.42830 2.42830 2.82451 3.16082 3.16082 3.16082 3.16792 3.35997 3.63286 3.72045 3.75846 3.84682 4.26171 4.46251 4.71455 5.35640 5.50625 5.62056 5.80688 5.91973 6.03060 6.19090 6.39631 6.57032 6.87774 7.19489 7.60773 8.02171 8.38122 11.1596 15.5255 17.0900 17.0992 16.1961 15.4876 15.4230 15.4230 15.4230 15.4230 15.4230 15.4248 15.4418 15.4620 15.4823 15.1637 11.4048 5.60125 5.34165 5.24575 5.18864 5.18852 5.17941 5.16718 5.15853 5.15028 5.15188 5.15800 5.21678 5.34808 5.38988 4.82116 4.33072 3.99470 3.66580 3.54464
2.07954 2.42812 2.42830 2.62528 3.32115 3.37820 3.43523 3.48519 3.53601 3.78997 4.07458 4.18353 4.24231 4.40889 4.59546 4.71497 6.03282 6.16648 6.19732 6.41388 6.81429 7.33741 7.81341 8.22831 8.59059 8.80743 8.94533 8.94870 8.94870 8.94870 10.2401 14.7960 17.0992 17.0992 16.5636 15.6252 15.4230 15.4242 15.4400 15.4603 15.4805 15.4989 15.5022 15.5022 15.5022 15.4972 12.7204 6.68092 5.31463 5.24900 5.17446 5.16597 5.16648 5.17012 5.17015 5.17015 5.17015 5.17015 5.16665 5.20063 5.17943 4.78979 3.92665 3.78543 3.60878 3.45108
1.98724 2.40228 2.42409 2.42607 3.40973 3.47352 3.46829 3.46307 3.45807 3.67192 4.21472 4.23007 4.23007 4.29630 4.66925 5.01741 6.66203 7.85619 8.35090 8.75722 8.94571 8.94870 8.94870 8.94870 8.94870 8.94870 8.94870 8.94870 8.94870 8.94870 9.20105 13.6300 17.0809 17.1038 17.0891 16.1112 15.4788 15.4978 15.5022 15.5022 15.5011 15.4918 15.4806 15.4695 15.4517 15.4258 13.9678 7.94433 5.21464 5.21024 5.17026 5.17015 5.17015 5.12308 5.02622 4.92944 4.83264 4.73556 4.64188 4.70461 4.78429 4.56524 3.66429 3.55784 3.30592 2.90069
1.98724 2.30641 2.37895 2.37895 3.14404 3.45534 3.45534 3.45534 3.46864 3.65870 4.22791 4.53733 4.72571 4.91564 6.19992 6.35989 7.18925 8.85820 8.86775 8.88461 8.94870 8.94870 8.94870 8.94870 8.94870 8.94870 8.94870 8.94870 8.94870 8.94870 9.06732 12.6578 17.0373 17.9292 17.9968 16.9488 15.6141 15.4670 15.4558 15.4447 15.4291 15.4128 15.3980 15.3833 15.3752 15.3752 14.5248 10.0749 5.14764 5.04012 4.88717 4.75278 4.62578 4.54585 4.47968 4.31363 4.14197 3.97032 3.81770 3.73571 3.66417 3.50151 3.10701 2.93445 2.75997 2.54607
1.98724 2.21825 2.38684 2.47487 3.04125 3.71926 3.83501 3.95084 4.05329 4.19906 4.81953 5.07864 5.07864 5.07864 5.85984 6.35989 6.77311 8.61426 8.86775 8.86853 8.94285 8.94870 8.94870 8.94870 8.94870 8.94870 9.02452 9.25822 9.49454 9.72288 9.83170 11.8928 16.3589 17.9488 17.9399 17.2604 15.9578 15.4141 15.3994 15.3846 15.3753 15.3752 15.4104 15.4704 15.5248 15.5793 15.2349 11.2248 5.19287 4.24334 4.06571 3.90475 3.76319 3.62171 3.51595 3.51025 3.47211 3.38123 3.29010 3.22443 3.23639 3.19372 2.96172 2.86607 2.79574 2.60851
2.08125 2.28737 3.09976 3.17850 3.33696 4.09299 4.09448 4.09448 4.09448 4.09864 4.66326 5.07253 5.07864 5.07864 5.49218 6.35989 6.46287 8.26413 8.86775 8.86775 8.92170 8.94870 8.98888 9.19769 9.42521 9.65277 9.80448 9.79821 9.78934 9.78862 9.78862 10.5936 15.4001 18.0458 18.1578 17.9815 16.4929 15.6460 15.7036 15.7580 15.8125 15.8548 15.6933 15.4533 15.2187 14.9841 14.7421 11.2096 5.56864 3.55474 3.54135 3.51025 3.47893 3.38908 3.29791 3.20678 3.15379 3.15343 3.15343 3.15448 3.24744 3.19458 3.04369 2.85742 2.81386 2.64440
2.65070 2.65070 3.16020 3.23114 3.23114 3.97775 4.09448 4.09448 4.09448 4.09448 4.46447 4.98463 5.07864 5.07864 5.15022 6.33413 6.36150 7.71882 8.91010 9.11706 9.36362 9.58254 9.76999 9.78862 9.78862 9.78862 9.78862 10.0283 10.5065 11.0570 11.6255 12.2222 15.3674 18.7731 18.9138 18.7720 17.1290 15.4949 15.1672 14.9327 14.6980 14.4756 14.4218 14.4218 14.4218 14.4218 14.4218 12.4233 7.13680 3.44141 3.34783 3.21537 3.15472 3.15343 3.15343 3.15343 3.15343 3.15343 3.15608 3.17922 3.23107 3.18376 3.07777 2.82798 2.78667 2.63463
2.65070 2.65070 3.05950 3.23114 3.23114 3.76937 4.09448 4.09448 4.09448 4.09448 4.27342 4.87137 5.10020 5.11182 5.12807 6.26092 6.83134 7.80801 9.74907 9.87635 10.2495 10.6734 11.1437 11.6143 12.0869 12.6236 13.1926 13.5990 13.9744 14.3315 14.8348 15.3540 16.0690 17.4471 17.5833 17.3830 16.3274 14.8893 14.4218 14.4218 14.4218 14.4218 14.4218 14.4218 14.4021 14.3163 14.2251 12.8928 8.75770 3.39934 3.19792 3.16361 3.15343 3.15343 3.15513 3.17681 3.19969 3.20579 3.20770 3.18913 3.15603 3.07852 2.98879 2.72926 2.68333 2.59234
2.65070 2.65070 2.88407 3.23114 3.23114 3.53010 4.12378 4.14122 4.15865 4.17609 4.20319 4.92949 5.50512 5.76515 6.02075 6.71111 7.42195 8.53007 12.4252 13.2205 13.3106 13.3141 13.4798 13.9061 14.5089 15.0600 15.5771 16.0187 16.2529 16.4332 16.4493 16.4493 16.6135 16.9774 17.3585 17.3585 16.8317 15.2887 14.4218 14.4218 14.4069 14.3240 14.2329 14.1417 14.0703 14.0650 14.0650 13.0670 9.31205 4.31616 3.05254 3.01973 2.99360 2.98925 2.98324 2.95906 2.93402 2.92444 2.91636 2.90828 2.89938 2.84556 2.74089 2.48733 2.34848 2.27485
