High_resolution/powerplant/Fengdu/OMI_NO2_2011_06-08.asc
ncols      200
nrows      200
xllcorner       105.978
yllcorner       28.1831
cellsize     0.0166667
NODATA_Value      -999.000
[rows 0 to 28 of 200, columns 66 to 131 of 200]
1.51611 1.56639 1.66969 1.63054 1.06923 1.06923 1.51522 2.16985 2.16985 2.16985 2.44229 2.44229 2.44229 2.44229 2.47239 2.57389 2.65194 2.69507 2.68951 2.71844 2.67024 2.65899 2.65899 2.52063 2.00201 0.850932 0.850932 0.957298 0.850932 0.850932 0.850932 0.850932 0.850932 0.850932 0.850932 0.850932 0.850932 0.850932 1.32424 1.32931 1.43191 0.571422 0.693379 0.438903 0.456584 0.563719 0.563719 0.704649 0.704649 0.704649 0.704649 0.704649 0.704649 2.43896 2.43896 2.43896 2.43896 2.12493 1.98116 1.98116 1.98116 1.88811 2.02104 1.92533 1.27651 1.27651
1.52420 1.53285 2.27014 2.24583 2.19298 2.19298 2.19651 2.05516 2.05516 2.07209 2.22877 2.27560 2.31097 2.33313 2.32660 2.30675 2.28975 2.28006 2.33238 2.36431 2.27983 2.27983 2.27983 2.27382 1.93443 0.512043 0.510559 0.957298 0.850932 0.850932 0.850932 0.850932 0.850932 0.850932 1.32424 1.37667 1.41493 1.42550 1.43058 1.39961 1.47671 1.44333 0.710875 1.03622 0.915881 1.03696 1.03696 1.20978 2.36599 2.36599 2.36599 2.36599 2.36599 2.36599 2.36599 2.36599 2.36599 2.16615 1.88106 1.88106 1.88106 1.75405 1.85579 1.93970 2.22125 1.72728
2.30138 2.37099 2.44040 2.36490 2.19432 2.17585 2.18014 2.20625 2.23218 2.24641 2.33270 2.31078 2.29305 2.28089 2.27983 2.27983 2.27983 2.36431 2.39729 2.42465 2.36431 2.36250 2.35893 2.35607 2.16534 1.40919 0.425466 0.765838 0.638199 0.638199 1.36026 1.46077 1.49241 1.50353 1.51270 1.52632 1.52679 1.52679 1.52679 1.44333 1.49102 1.41948 2.13400 2.20956 2.22642 2.34223 2.35259 2.35833 2.35833 2.35833 2.35833 2.35833 2.35833 2.35833 2.35833 2.35833 2.35833 2.29558 1.85582 1.85548 1.85548 1.78267 1.85190 2.06871 2.67820 2.38726
2.63796 2.62483 2.63055 2.57582 2.35576 2.29167 2.28239 2.32920 2.29647 2.28235 2.39729 2.39729 2.39729 2.39729 2.39729 2.39729 2.39711 2.42228 2.38913 2.41616 2.35084 2.34909 2.34909 2.34909 2.25561 1.46288 0.985962 1.41123 1.45363 1.46026 1.47114 1.47671 1.47671 1.47671 1.47671 1.47671 1.47671 1.48388 1.58731 1.71003 1.85731 2.09448 2.15949 2.22242 2.23242 2.29830 2.35259 2.35833 2.35833 2.35833 2.35833 2.35833 2.35833 2.35833 2.35833 2.35833 2.35833 2.35833 1.93789 1.85572 1.88426 1.93099 1.90910 2.21994 2.54061 2.51437
2.35242 2.35242 2.34708 2.33370 2.19604 2.08235 2.08016 2.13558 2.27983 2.27983 2.39729 2.39729 2.39659 2.39248 2.38789 2.38331 2.40058 2.42884 2.39919 2.42884 2.37772 2.37772 2.38482 2.40295 2.39019 1.94881 1.62979 1.41948 1.44333 1.44333 1.44333 1.44333 1.46100 1.59001 1.73823 1.88652 2.03481 2.17507 2.20851 2.26243 2.18155 2.24979 2.15949 2.22242 2.23242 2.25469 2.35259 2.35833 2.35833 2.35833 2.35833 2.35833 2.35833 2.35833 2.35833 2.35430 2.34468 2.33229 2.12661 1.98078 1.93764 1.97187 1.84498 1.97047 2.11105 2.16741
2.32418 2.31525 2.31079 2.31923 2.24286 2.08146 2.08016 2.07184 2.27839 2.27419 2.38665 2.38207 2.37818 2.37772 2.37772 2.37772 2.39919 2.42910 2.40954 2.46831 2.43946 2.56056 2.69096 2.81034 2.93264 2.18870 1.70911 1.45293 1.61373 1.76195 1.91032 2.05861 2.18915 2.20851 2.20851 2.20851 2.20851 2.20851 2.20851 2.26243 2.18155 2.29367 2.33034 2.44989 2.54210 2.29013 2.34730 2.35833 2.35833 2.35833 2.35686 2.35014 2.33747 2.32692 2.31885 2.31227 2.30802 2.30802 2.22239 2.00061 1.93412 1.93253 1.84617 1.90648 1.99284 2.14366
2.28178 2.31079 2.31079 2.31733 2.26908 2.11381 2.06908 1.99850 2.25686 2.26157 2.37772 2.37772 2.37772 2.37927 2.39440 2.42552 2.54662 2.72841 2.77773 2.94579 3.03544 3.05184 3.05624 3.07461 3.11382 2.75448 2.23274 2.22948 2.20851 2.20851 2.20851 2.20851 2.20851 2.20851 2.20851 2.20851 2.20851 2.27887 2.38076 2.53756 2.46149 2.63739 2.57666 2.57247 2.60580 2.42103 2.31446 2.34340 2.33135 2.32227 2.31532 2.30901 2.30802 2.30802 2.30731 2.29629 2.28188 2.26747 2.24462 1.88243 1.74609 1.80356 1.80793 1.92193 2.05956 2.25427
2.20337 2.23032 2.18345 2.13458 2.14558 2.17589 2.08766 2.01012 2.23434 2.29042 2.42929 2.53469 2.65501 2.77395 2.88104 2.97412 2.94020 3.00113 2.96815 3.03817 3.07507 3.13115 3.18199 3.21669 3.22692 3.09091 2.42501 2.23969 2.20851 2.20851 2.20851 2.20851 2.22124 2.32408 2.41230 2.47633 2.52500 2.54464 2.43500 2.54464 2.41673 2.54617 2.56544 2.59022 2.66373 2.64222 2.42401 2.27920 2.27920 2.27712 2.28658 2.28506 2.24410 2.23289 2.22224 2.21960 2.22219 2.24339 2.26830 2.15335 1.99058 2.07947 2.01544 2.12387 2.21453 2.42104
2.02745 2.12541 2.12580 2.12580 2.11602 2.19598 2.14037 2.15799 2.51373 2.97739 2.97412 2.98904 2.99361 3.01370 3.03512 3.05641 3.05173 3.13096 3.17573 3.24157 3.28850 3.28850 3.28850 3.28850 3.28850 3.24551 2.54115 2.33120 2.25524 2.36293 2.44009 2.49721 2.53790 2.54464 2.54464 2.54464 2.54464 2.55195 2.45528 2.69836 2.75754 2.89774 2.95423 2.75952 2.76040 2.72582 2.52024 2.25918 2.26289 2.26967 2.27487 2.27237 2.21929 2.24136 2.26378 2.28619 2.30628 2.30962 2.30962 2.29465 2.01544 2.06567 1.96996 2.12757 2.24662 2.46562
2.19325 2.31424 2.33296 2.32078 2.25367 2.30375 2.47643 2.44137 2.55704 3.03458 3.05598 3.07743 3.10058 3.10107 3.13962 3.16622 3.17435 3.17808 3.18997 3.20828 3.22692 3.22692 3.22692 3.22756 3.26882 3.32370 2.92715 2.56096 2.46727 2.46790 2.46790 2.46790 2.46815 2.49465 2.59114 2.70888 2.82816 2.93715 3.05090 2.96359 3.01859 2.98559 2.96601 2.68009 2.71947 2.70383 2.63651 2.35520 2.31358 2.32853 2.34347 2.35396 2.32210 2.30962 2.30962 2.30962 2.30962 2.30962 2.30962 2.35985 2.01589 2.06567 1.96996 2.10858 2.18603 2.42354
2.11243 2.17410 2.27842 2.26928 2.24124 2.15773 2.32397 2.32114 2.35495 3.01794 3.17588 3.21548 3.24784 3.22268 3.25089 3.22692 3.20451 3.20828 3.22692 3.23259 3.28681 3.35209 3.41752 3.48810 3.51489 3.52179 3.22944 2.69894 2.54843 2.58889 2.67994 2.77600 2.87346 2.94771 2.96359 2.96359 2.96359 2.96359 3.02006 2.95554 3.00557 2.98867 2.98854 2.67593 2.77445 2.76438 2.73105 2.50421 2.35434 2.35434 2.35434 2.35434 2.33769 2.30962 2.30962 2.30962 2.30962 2.30962 2.35205 2.41377 2.10366 2.06567 1.97439 2.10992 2.11811 2.30056
2.19110 2.14732 2.25795 2.25716 2.25753 2.17964 2.38042 2.47839 2.57871 2.94980 3.25573 3.25573 3.25573 3.20451 3.22692 3.22216 3.29101 3.33558 3.43545 3.49514 3.50626 3.50626 3.50626 3.51489 3.53566 3.66370 3.57306 3.11243 2.90693 2.94539 2.94787 2.94787 2.94787 2.94787 2.94952 2.95661 2.97291 2.98883 3.05668 3.01426 3.05723 3.03879 3.02844 2.66403 2.76944 2.74075 2.72832 2.57763 2.29398 2.29339 2.29339 2.29339 2.28944 2.25507 2.25506 2.25506 2.25506 2.25506 2.29960 2.33288 2.04859 1.89154 1.73799 1.94251 1.96323 2.10246
2.21867 2.13453 2.26410 2.30876 2.32921 2.28453 2.39380 2.49466 2.58410 2.75045 3.25573 3.28189 3.33788 3.38357 3.45344 3.45382 3.51489 3.45658 3.50626 3.50637 3.54556 3.69234 3.83248 3.94815 4.08834 4.16733 4.08621 3.41300 3.00081 2.94787 2.95210 2.97076 2.98809 3.00308 3.01604 3.02673 3.02844 3.02844 3.07499 3.02844 3.05948 3.03879 3.02844 2.64962 2.74553 2.72608 2.70704 2.65059 2.33708 2.29339 2.29339 2.29339 2.29339 2.26241 2.22444 2.16511 2.16435 2.10589 2.00902 2.07219 1.94901 1.68732 1.57871 1.74839 1.84953 1.99544
2.32264 2.25161 2.29476 2.33603 2.33603 2.32046 2.32936 2.55621 2.85108 2.93572 3.31241 3.37397 3.37400 3.43398 3.40899 3.36278 3.52853 3.69263 3.88723 4.02618 4.14053 4.17013 4.17013 4.14296 4.14296 4.12594 4.08532 3.56083 3.16949 3.01751 3.02758 3.02844 3.02844 3.02844 3.02844 3.02844 3.02844 3.02844 3.07499 3.03866 3.04306 2.98527 2.94465 2.93025 2.90826 2.93967 2.93745 2.91539 2.65523 2.47509 2.41894 2.34879 2.27867 2.17360 2.07740 2.07453 2.18899 2.18899 2.03193 2.11928 2.01586 2.11486 2.20252 2.26628 2.26717 2.20956
2.34135 2.27173 2.35900 2.38512 2.41391 2.46739 2.52907 2.77430 3.04868 3.04868 3.28690 3.42358 3.55554 3.77484 3.92263 4.07145 4.11405 4.19390 4.14296 4.14296 4.14606 4.15860 4.17201 4.17201 4.20986 4.21025 4.23283 3.77979 3.32786 3.03376 3.02844 3.02844 3.02844 3.02844 3.02844 3.02582 3.02986 3.01001 3.04909 2.98080 2.97068 2.93519 2.91744 2.93519 2.92848 2.85576 2.69571 2.61613 2.43808 2.08525 2.06845 2.06845 2.06788 2.04551 1.98296 1.98296 2.07453 2.07453 1.93630 2.07197 1.91601 2.13398 2.20808 2.19405 2.18002 2.14814
2.69012 2.77243 2.81741 2.57265 2.44697 2.46788 2.45688 2.63869 3.02410 3.23893 3.64557 4.22291 4.35025 4.32776 4.37629 4.39581 4.34969 4.39862 4.39120 4.40594 4.42056 4.42690 4.43247 4.17058 4.18113 4.18113 4.19590 3.91816 3.30703 3.04349 3.00982 3.00047 2.97694 2.95020 2.91971 2.88973 2.93519 2.93519 3.03456 2.99729 2.96173 2.81654 2.62558 2.45825 2.28764 2.21647 2.21189 2.28477 2.35459 1.95282 1.89292 1.87449 1.85245 1.84560 1.84087 1.82164 1.92992 1.90560 1.79477 1.90764 1.79269 1.94940 2.17236 2.17236 2.17236 2.16470
3.00404 3.00382 2.98706 2.72055 2.59434 2.69271 2.88019 3.37885 3.62683 3.73207 3.79360 4.38164 4.39852 4.33422 4.36965 4.39302 4.36262 4.39116 4.38254 4.38524 4.38524 4.38524 4.38524 4.19436 4.17912 4.15252 4.13487 4.02484 3.43154 3.06896 2.92353 2.91753 2.91744 2.91744 2.91744 2.93329 2.88826 2.70944 2.57089 2.38611 2.24253 2.20853 2.23824 2.20853 2.20843 2.19503 2.16523 2.15958 2.30496 2.00605 1.81534 1.79509 1.77485 1.75460 1.73907 1.73806 1.85391 1.85391 1.77448 1.90320 1.82736 1.84832 2.01419 1.99219 1.97327 1.96122
2.85387 2.90010 2.87193 2.90706 2.99389 2.93379 2.96510 3.41821 3.66994 3.82862 3.87014 4.32911 4.46671 4.37544 4.40932 4.42546 4.41304 4.41304 4.41304 4.41289 4.39480 4.36969 4.35223 4.14236 4.16119 4.18406 4.20270 4.20368 3.66679 3.13188 2.92691 2.91611 2.80056 2.64752 2.49371 2.33150 2.21954 2.23824 2.13426 2.15902 2.20853 2.19544 2.18559 2.12803 2.10306 2.08298 2.00607 1.98584 2.16477 2.04692 1.73806 1.73806 1.73806 1.73806 1.73806 1.73806 1.91508 1.87264 1.75815 1.79981 1.77934 1.81772 2.02936 2.07524 2.07524 2.07656
3.16697 3.19161 3.20300 3.19329 3.21962 3.17853 3.20621 3.44315 3.76480 3.98085 3.99710 4.20481 4.44701 4.37657 4.38524 4.39901 4.37400 4.35018 4.33745 4.34092 4.35477 4.36035 4.37766 4.21896 4.21711 4.21711 4.21485 4.19787 3.83933 2.99556 2.51658 2.31441 2.28333 2.28280 2.28280 2.25804 2.22975 2.24400 2.14793 2.15504 2.15802 2.14873 2.17997 2.16016 2.16601 2.14958 1.99120 1.99022 2.07526 2.11109 1.57518 1.54350 1.52524 1.50579 1.48958 1.47590 1.71498 1.71461 1.67129 1.73535 1.73535 1.82470 1.99031 2.14531 2.18061 2.21459
3.31936 3.32842 3.34436 3.30185 3.31563 3.21692 3.25623 3.35346 3.69602 3.89080 3.98522 4.08763 4.48022 4.35713 4.36809 4.35157 4.37744 4.39566 4.40790 4.40821 4.53900 4.51580 4.51530 4.35788 4.35975 4.35183 4.33823 4.29918 4.11068 3.02183 2.43614 2.25118 2.25571 2.24994 2.24093 2.21064 2.18572 2.20706 2.17273 2.19514 2.25083 2.21902 2.21902 2.16601 2.16601 2.16601 2.02570 1.99584 2.04273 2.11610 1.66335 1.47008 1.46759 1.46759 1.46759 1.46759 1.72020 1.77113 1.80029 1.86761 1.93940 1.95287 2.03782 2.26891 2.26891 2.26891
3.34648 3.36513 3.39601 3.30363 3.35115 3.22836 3.26055 3.26846 3.62757 3.79531 3.92294 3.96746 4.36881 4.36380 4.40821 4.38344 4.40821 4.40821 4.40489 4.38447 4.51488 4.46981 4.38744 4.23263 4.20309 4.15057 4.10372 4.09621 4.07245 3.31215 2.66875 2.31790 2.26544 2.26583 2.26830 2.24087 2.22077 2.24087 2.19514 2.22216 2.29854 2.27203 2.27192 2.21667 2.21394 2.21169 2.11553 2.03267 2.03471 2.14082 1.89532 1.62209 1.65349 1.75861 1.88472 2.01086 2.10378 2.13468 2.02002 1.96162 1.96020 1.91949 1.86683 2.18724 2.19667 2.17770
3.43710 3.40751 3.41539 3.30998 3.31367 3.22447 3.17777 3.14408 3.38186 3.81059 3.95916 4.01867 4.24494 4.36098 4.38399 4.34862 4.34973 4.29682 4.23984 4.20181 4.13473 4.05340 4.04274 4.08363 4.06387 4.03772 4.01938 4.00271 3.99247 3.61235 2.91230 2.43493 2.27828 2.27828 2.26009 2.23650 2.22045 2.23650 2.22015 2.23733 2.27854 2.26118 2.25887 2.23840 2.23840 2.23840 2.19225 2.03941 2.11143 2.24451 2.13043 2.07574 2.15483 2.17163 2.17163 2.19709 2.15877 2.13627 1.88744 1.72637 1.66933 1.65160 1.65162 2.00037 2.17385 2.17875
3.47326 3.37972 3.32237 3.21964 3.11081 3.10575 3.11234 3.11234 3.21862 3.62285 3.76873 3.87248 4.08426 4.31375 4.22819 4.14369 4.00067 3.98565 3.98008 3.95792 3.90603 3.90992 3.89468 3.91642 3.93446 3.94377 3.94539 3.94539 3.94539 3.77051 2.94745 2.55537 2.28062 2.28062 2.25411 2.21730 2.19589 2.21364 2.21248 2.21239 2.25823 2.23840 2.23840 2.27738 2.34508 2.39614 2.44527 2.29236 2.25451 2.27473 2.21677 2.13391 2.18833 2.20472 2.21888 2.24377 2.18768 2.13637 1.74640 1.56698 1.56724 1.56748 1.56771 1.81707 2.21180 2.21180
3.24535 3.17243 3.17135 3.15316 3.04544 3.05517 3.12711 3.21907 3.35319 3.72257 4.09232 4.28704 4.31516 4.08874 4.01537 3.99240 3.90966 3.88479 3.87085 3.87924 3.86880 3.89608 3.90101 3.93148 3.93767 3.93767 3.93900 3.94781 3.95779 3.92020 3.10319 2.68201 2.33682 2.27863 2.25588 2.23051 2.21156 2.21388 2.21642 2.25294 2.33226 2.35697 2.39425 2.40518 2.39495 2.41354 2.44670 2.15674 1.93490 1.90316 1.88940 1.80769 1.83751 1.83774 1.83797 1.72469 1.82764 2.13871 2.17361 2.15811 2.15811 2.15811 2.15811 2.15765 2.14991 2.13301
3.13350 3.13502 3.25129 3.42293 3.46854 3.61465 3.77782 3.82129 3.81985 3.85680 4.18333 4.24356 4.25970 4.03533 3.87226 3.88109 3.89006 3.89903 3.90329 3.90329 3.87950 3.90101 3.90369 3.94576 3.96571 3.95320 3.86853 3.77066 3.67153 3.58104 3.10571 2.75564 2.41527 2.26768 2.26067 2.28180 2.31495 2.30877 2.35451 2.34909 2.43278 2.45181 2.48495 2.51808 2.54929 2.56142 2.55852 2.30541 1.88849 1.88872 1.91191 1.81370 1.83848 1.83863 1.83863 1.72498 1.78933 2.16415 2.15811 2.07016 2.04485 2.01943 1.99401 1.97020 1.97251 1.97436
3.63393 3.82122 3.80198 3.87492 3.76466 3.70947 3.71890 3.73353 3.72535 3.62748 3.97047 4.18992 4.23514 4.13559 3.90085 3.90101 3.90101 3.90101 3.90105 3.90325 3.88862 3.86666 3.78059 3.67299 3.58073 3.49632 3.49105 3.49105 3.49105 3.49092 3.23059 2.76583 2.59863 2.41562 2.43687 2.42381 2.44397 2.49768 2.55034 2.60251 2.56173 2.55925 2.53429 2.50781 2.48255 2.45684 2.43184 2.38209 1.89455 1.88931 1.90679 1.85342 1.81998 1.83863 1.87540 1.78207 1.81995 2.12148 2.06323 1.96500 1.96490 1.96490 1.96490 1.96490 1.94713 1.90421
3.78812 3.85286 3.77564 3.92697 3.85480 3.79039 3.79873 3.84006 3.84429 3.66719 3.93126 4.16300 4.27947 4.25254 3.90439 3.90660 3.91227 3.85894 3.77563 3.68631 3.62471 3.54024 3.56464 3.53398 3.53398 3.53015 3.47226 3.37351 3.27139 3.16940 3.09872 2.77967 2.72105 2.60382 2.59792 2.61882 2.58878 2.63016 2.55383 2.54785 2.45279 2.45146 2.44745 2.44745 2.44745 2.44745 2.44745 2.44745 1.97026 1.83531 1.83907 1.83155 1.73695 1.76122 1.57375 1.44259 1.51484 1.56004 1.52147 1.32040 1.29939 1.27562 1.25185 1.22809 1.40979 2.02069
3.81877 3.90558 3.84516 3.85737 3.70351 3.62271 3.64826 3.61729 3.60944 3.42936 3.61922 4.00040 4.20474 4.21249 3.83113 3.68923 3.59303 3.56431 3.60117 3.56452 3.59284 3.52160 3.48224 3.38231 3.28179 3.18403 3.13736 3.13281 3.13189 3.13106 3.13093 2.96170 2.75366 2.60778 2.50930 2.52296 2.50777 2.57991 2.49803 2.52412 2.43645 2.46532 2.46532 2.46532 2.46532 2.46529 2.46499 2.46461 2.11435 1.74969 1.74948 1.76321 1.64180 1.65933 1.49037 1.31565 1.41158 1.34004 1.24461 1.21841 1.21564 1.21564 1.21728 1.22546 1.32753 2.01291
3.81782 3.91569 3.85442 3.86112 3.70871 3.59527 3.57410 3.54470 3.53468 3.42698 3.55517 3.68498 3.75065 3.88932 3.63988 3.52361 3.52361 3.49392 3.45560 3.31820 3.32956 3.12487 3.13335 3.13190 3.13107 3.13093 3.12838 3.11829 3.09445 3.02580 2.90409 2.75004 2.36070 2.41980 2.44977 2.48369 2.46532 2.53119 2.45890 2.47668 2.39796 2.41466 2.41420 2.41372 2.41325 2.41281 2.41272 2.41272 2.30568 1.87812 1.87969 1.88869 1.70105 1.70868 1.55228 1.41387 1.48354 1.30658 1.26756 1.34889 1.48365 1.61764 1.74995 1.87730 1.92320 2.00083
