High_resolution/powerplant/Fengdu/OMI_NO2_200502.asc
ncols      200
nrows      200
xllcorner       105.978
yllcorner       28.1831
cellsize     0.0166667
NODATA_Value      -999.000
[rows 150 to 179 of 200, columns 132 to 197 of 200]
0.00000 0.00000 0.00000 0.00000 0.00000 0.00000 0.00000 0.00000 0.00000 0.00000 0.00000 0.00000 0.00000 0.00000 0.00000 0.00000 0.00000 0.00000 0.00000 0.00000 0.00000 0.00000 1.01290 1.01290 1.02238 1.04760 1.07304 1.09823 1.10749 1.10749 1.10749 1.10749 1.10749 1.10749 1.10749 1.10749 1.10749 1.10749 1.10749 1.10749 1.10749 1.10749 1.10749 1.10749 1.10749 1.10749 1.10749 1.10749 1.10749 1.10103 1.06814 1.06814 1.06846 1.14745 1.28731 1.42723 1.56281 1.60257 1.60257 1.60257 1.60257 1.60257 1.60257 1.60257 1.60257 1.60257
0.00000 0.00000 0.00000 0.00000 0.00000 0.00000 0.00000 0.00000 0.00000 0.00000 0.00000 0.00000 0.00000 0.00000 0.00000 0.00000 0.00000 0.00000 0.00000 0.00000 0.00000 0.00000 1.06306 1.09129 1.10725 1.10749 1.10749 1.10749 1.10749 1.10749 1.10749 1.10749 1.10749 1.10749 1.10749 1.10749 1.10749 1.10749 1.10749 1.10749 1.10749 1.10749 1.10749 1.10749 1.10749 1.10749 1.10749 1.10749 1.10749 1.05969 1.19625 1.40216 1.54175 1.60257 1.60257 1.60257 1.60257 1.60257 1.60257 1.60257 1.60257 1.60257 1.60257 1.60257 1.60257 1.60257
0.00000 0.00000 0.00000 0.00000 0.00000 0.00000 0.00000 0.00000 0.00000 0.00000 0.00000 0.00000 0.00000 0.00000 0.00000 0.00000 0.00000 0.00000 0.00000 0.00000 0.00000 0.00000 1.10749 1.10749 1.10749 1.10749 1.10749 1.10749 1.10749 1.10749 1.10749 1.10749 1.10749 1.10749 1.10749 1.10749 1.10749 1.10749 1.10749 1.10749 1.10749 1.10749 1.10749 1.10749 1.10749 1.08646 0.968294 0.838138 0.707982 0.625481 1.14208 1.60257 1.60257 1.60257 1.60257 1.60257 1.60257 1.60257 1.60257 1.60257 1.60257 1.60257 1.60257 1.60257 1.60257 1.60257
0.00000 0.00000 0.00000 0.00000 0.00000 0.00000 0.00000 0.00000 0.00000 0.00000 0.00000 0.00000 0.00000 0.00000 0.00000 0.00000 0.00000 0.00000 0.00000 0.00000 0.00000 0.00000 0.00000 1.10749 1.10749 1.10749 1.10749 1.10749 1.10749 1.10749 1.10749 1.10749 1.10749 1.10749 1.10749 1.10749 1.10749 1.10749 1.10749 1.10749 1.10749 1.10236 1.00580 0.875595 0.745390 0.636258 0.624176 0.624176 0.624176 0.624176 0.832100 1.60257 1.60257 1.60257 1.60257 1.60257 1.60257 1.60257 1.60257 1.60257 1.60257 1.60257 1.60257 1.60257 1.60257 1.60257
0.00000 0.00000 0.00000 0.00000 0.00000 0.00000 0.00000 0.00000 0.00000 0.00000 0.00000 0.00000 0.00000 0.00000 0.00000 0.00000 0.00000 0.00000 0.00000 0.00000 0.00000 0.00000 0.00000 1.10749 1.10749 1.10749 1.10749 1.10749 1.10749 1.10749 1.10749 1.10749 1.10749 1.10749 1.10749 1.10749 1.10749 1.10749 1.04330 0.913051 0.782944 0.657766 0.624176 0.624176 0.624176 0.624176 0.624176 0.624176 0.624176 0.624176 0.628676 1.49576 1.60257 1.60257 1.60257 1.60257 1.60257 1.60257 1.60257 1.60257 1.60257 1.60257 1.60257 1.60257 1.60257 1.60257
0.00000 0.00000 0.00000 0.00000 0.00000 0.00000 4.33556 4.33556 4.33556 4.33556 4.33556 4.33556 4.33556 4.33556 4.33556 0.00000 0.00000 0.00000 0.00000 0.00000 0.00000 0.00000 0.00000 1.10749 1.10749 1.10749 1.10749 1.10749 1.10749 1.10749 1.10749 1.10749 1.10749 1.10749 1.07506 0.950605 0.820352 0.690148 0.624176 0.624176 0.624176 0.624176 0.624176 0.624176 0.624176 0.624176 0.624176 0.624176 0.624176 0.624176 0.624176 1.19016 1.60257 1.60257 1.60257 1.60257 1.60257 1.60257 1.60257 1.60257 1.60257 1.60257 1.60257 1.56545 1.41371 1.25393
4.33556 4.33556 4.33556 4.33556 4.33556 4.33556 4.33556 4.33556 4.33556 4.33556 4.33556 4.33556 4.33556 4.33556 4.33556 4.33556 0.00000 0.00000 0.00000 0.00000 0.00000 0.00000 0.00000 0.00000 1.10749 1.10749 1.10749 1.10749 1.10749 1.10749 1.09618 0.988013 0.857857 0.727653 0.629830 0.624176 0.624176 0.624176 0.624176 0.624176 0.624176 0.624176 0.624176 0.624176 0.624176 0.624176 0.624176 0.624176 0.624176 0.624176 0.624176 0.880197 1.60257 1.60257 1.60257 1.60257 1.60257 1.60257 1.60257 1.58276 1.44303 1.28337 1.12359 1.00099 0.992944 0.992944
4.33556 4.33556 4.33556 4.33556 4.33556 4.33556 4.33556 4.33556 4.33556 4.33556 4.33556 4.33556 4.33556 4.33556 4.33556 4.33556 0.00000 0.00000 0.00000 0.00000 0.00000 0.00000 0.00000 0.00000 1.10749 1.10749 1.10642 1.02552 0.895314 0.765061 0.646263 0.624176 0.624176 0.624176 0.624176 0.624176 0.624176 0.624176 0.624176 0.624176 0.624176 0.624176 0.624176 0.624176 0.624176 0.624176 0.624176 0.624176 0.624176 0.624176 0.624176 0.640709 1.53203 1.60257 1.60257 1.59465 1.47248 1.31269 1.15297 1.01300 0.992944 0.992944 0.992944 0.992944 0.992944 0.992944
4.33556 4.33556 4.33556 4.33556 4.33556 4.33556 4.33556 4.33556 4.33556 4.33556 4.33556 4.33556 4.33556 4.33556 4.33556 4.33556 0.00000 0.00000 0.00000 0.00000 0.00000 0.00000 0.00000 0.00000 1.07077 0.805093 0.673425 0.624176 0.624176 0.624176 0.624176 0.624176 0.624176 0.624176 0.624176 0.624176 0.624176 0.624176 0.624176 0.624176 0.624176 0.624176 0.624176 0.624176 0.624176 0.624176 0.624176 0.624176 0.624176 0.624176 0.624176 0.624662 1.18199 1.34202 1.18236 1.03050 0.992944 0.992944 0.992944 0.992944 0.992944 0.992944 0.992944 0.992944 0.992944 0.992944
4.33556 4.33556 4.33556 4.33556 4.33556 4.33556 4.33556 4.33556 4.33556 4.33556 4.33556 4.33556 4.33556 4.33556 4.33556 4.33556 0.00000 0.00000 0.00000 0.00000 0.00000 0.00000 0.00000 0.00000 0.00000 0.624176 0.624176 0.624176 0.624176 0.624176 0.624176 0.624176 0.624176 0.624176 0.624176 0.624176 0.624176 0.624176 0.624176 0.624176 0.624176 0.624176 0.624176 0.624176 0.624176 0.624176 0.624176 0.624176 0.649507 0.721126 0.793701 0.865796 0.925089 0.992944 0.992944 0.992944 0.992944 0.992944 0.992944 0.992944 0.992944 0.992944 0.992944 0.992944 0.992944 0.992944
4.33556 4.33556 4.33556 4.33556 4.33556 4.33556 4.33556 4.33556 4.33556 4.33556 4.33556 4.33556 4.33556 4.33556 4.33556 4.33556 0.00000 0.00000 0.00000 0.00000 0.00000 0.00000 0.00000 0.00000 0.00000 0.624176 0.624176 0.624176 0.624176 0.624176 0.624176 0.624176 0.624176 0.624176 0.624176 0.624176 0.624176 0.624176 0.624176 0.624176 0.624176 0.624176 0.624176 0.624176 0.635383 0.700791 0.773383 0.845974 0.893261 0.894233 0.894233 0.894233 0.898005 0.988975 0.992944 0.992944 0.992944 0.992944 0.992944 0.992944 0.992944 0.992944 0.992944 0.992944 0.992944 0.992944
4.33556 4.33556 4.33556 4.33556 4.33556 4.33556 4.33556 4.33556 4.33556 4.33556 4.33556 4.33556 4.33556 4.33556 4.33556 4.33556 4.33556 0.00000 0.00000 0.00000 0.00000 0.00000 0.00000 0.00000 0.00000 0.624176 0.624176 0.624176 0.624176 0.624176 0.624176 0.624176 0.624176 0.624176 0.624176 0.624176 0.624176 0.624176 0.624176 0.624176 0.626930 0.680510 0.753088 0.825666 0.887050 0.894233 0.894233 0.894233 0.894233 0.894233 0.894233 0.894233 0.894233 0.961693 0.992944 0.992944 0.992944 0.992944 0.992944 0.992944 0.992944 0.992944 0.992944 0.992944 0.992944 0.992944
4.33556 4.33556 4.33556 4.33556 4.33556 4.33556 4.33556 4.33556 4.33556 4.33556 4.27798 3.99453 3.68950 3.38480 3.08011 2.77507 2.28823 0.00000 0.00000 0.00000 0.00000 0.00000 0.00000 0.00000 0.00000 0.00000 0.624176 0.624176 0.624176 0.624176 0.624176 0.624176 0.624176 0.624176 0.624176 0.624176 0.624176 0.660174 0.732766 0.805357 0.875194 0.894233 0.894233 0.894233 0.894233 0.894233 0.894233 0.894233 0.894233 0.894233 0.894233 0.894233 0.894233 0.930623 0.992944 0.992944 0.992944 0.992944 0.992944 0.992944 0.992944 0.992944 0.992944 0.992944 0.992944 0.992944
3.92153 3.61581 3.31111 3.00642 2.70138 2.39635 2.09165 1.78730 1.48192 1.17723 0.930115 0.908180 0.908180 0.908180 0.908180 0.908180 0.908180 0.00000 0.00000 0.00000 0.00000 0.00000 0.00000 0.00000 0.00000 0.00000 0.624176 0.624176 0.624176 0.624176 0.624176 0.624176 0.624176 0.642810 0.712458 0.785076 0.857614 0.894233 0.894233 0.894233 0.894233 0.894233 0.894233 0.894233 0.894233 0.894233 0.894233 0.894233 0.894233 0.894233 0.894233 0.894233 0.894233 0.901233 0.991276 0.992944 0.992944 0.992944 0.992944 0.992944 0.992944 0.992944 0.992944 0.992944 0.992944 0.992945
0.908180 0.908180 0.908180 0.908180 0.908180 0.908180 0.908180 0.908180 0.908180 0.908180 0.908180 0.908180 0.908180 0.908180 0.908180 0.908180 0.908180 0.00000 0.00000 0.00000 0.00000 0.00000 0.00000 0.00000 0.00000 0.00000 0.624176 0.624176 0.624176 0.631089 0.692122 0.764741 0.837332 0.891317 0.894233 0.894233 0.894233 0.894233 0.894233 0.894233 0.894233 0.894233 0.894233 0.894233 0.894233 0.894233 0.894233 0.894233 0.894233 0.894233 0.894233 0.894233 0.894233 0.894233 0.967228 0.992944 0.992944 0.992944 0.992944 0.992944 0.992944 0.992944 0.992944 0.00000 0.00000 0.00000
0.916174 0.908180 0.908180 0.908180 0.908180 0.908180 0.908180 0.908180 0.908180 0.908180 0.908180 0.908180 0.908180 0.908180 0.908180 0.908180 0.908180 0.908180 0.00000 0.00000 0.00000 0.00000 0.00000 0.00000 0.00000 0.00000 0.00000 0.738713 0.816997 0.882702 0.894233 0.894233 0.894233 0.894233 0.894233 0.894233 0.894233 0.894233 0.894233 0.894233 0.894233 0.894233 0.894233 0.894233 0.894233 0.894233 0.894233 0.894233 0.894233 0.894233 0.894233 0.894233 0.894233 0.894233 0.935374 0.992944 0.992944 0.992944 0.992944 0.00000 0.00000 0.00000 0.00000 0.00000 0.00000 0.00000
1.08608 0.908180 0.908180 0.908180 0.908180 0.908180 0.908180 0.908180 0.908180 0.908180 0.908180 0.908180 0.908180 0.908180 0.908180 0.908180 0.908180 0.908180 0.00000 0.00000 0.00000 0.00000 0.00000 0.00000 0.00000 0.00000 0.00000 0.894233 0.894233 0.894233 0.894233 0.894233 0.894233 0.894233 0.894233 0.894233 0.894233 0.894233 0.894233 0.894233 0.894233 0.894233 0.894233 0.894233 0.894233 0.894233 0.894233 0.894233 0.894233 0.894233 0.894600 0.917756 0.954337 0.990918 1.02339 1.03012 0.00000 0.00000 0.00000 0.00000 0.00000 0.00000 0.00000 0.00000 0.00000 0.00000
1.31953 0.908180 0.908180 0.908180 0.908180 0.908180 0.908180 0.908180 0.908180 0.908180 0.908180 0.908180 0.908180 0.908180 0.908180 0.908180 0.908180 0.908180 0.00000 0.00000 0.00000 0.00000 0.00000 0.00000 0.00000 0.00000 0.00000 0.894234 0.894233 0.894233 0.894233 0.894233 0.894233 0.894233 0.894233 0.894233 0.894233 0.894233 0.894233 0.894233 0.894233 0.894233 0.894233 0.894233 0.894233 0.894233 0.894233 0.907673 0.943887 0.980469 1.01668 1.03012 1.03012 1.03012 1.03012 1.03012 0.00000 0.00000 0.00000 0.00000 0.00000 0.00000 0.00000 0.00000 0.00000 0.00000
1.55308 0.908180 0.908180 0.908180 0.908180 0.908180 0.908180 0.908180 0.908180 0.908180 0.908180 0.908180 0.908180 0.908180 0.908180 0.908180 0.908180 0.908180 0.00000 0.00000 0.00000 0.00000 0.00000 0.00000 0.00000 0.00000 0.00000 0.894233 0.894233 0.894233 0.894233 0.894233 0.894233 0.894233 0.894233 0.894233 0.894233 0.894233 0.894233 0.894233 0.894233 0.894233 0.894233 0.900199 0.933437 0.970019 1.00660 1.02976 1.03012 1.03012 1.03012 1.03012 1.03012 1.03012 1.03012 1.03012 0.00000 0.00000 0.00000 0.00000 0.00000 0.00000 0.00000 0.00000 0.00000 0.00000
1.78664 0.908180 0.908180 0.908180 0.908180 0.908180 0.908180 0.908180 0.908180 0.908180 0.908180 0.908180 0.908180 0.908180 0.908180 0.908180 0.908180 0.908180 0.00000 0.00000 0.00000 0.00000 0.00000 0.00000 0.00000 0.00000 0.00000 0.00000 0.894233 0.894233 0.894233 0.894233 0.894233 0.894233 0.894233 0.894233 0.894233 0.894233 0.894233 0.895728 0.922974 0.959569 0.996150 1.02677 1.03012 1.03012 1.03012 1.03012 1.03012 1.03012 1.03012 1.03012 1.03012 1.03012 1.03012 1.03012 0.00000 0.00000 0.00000 0.00000 0.00000 0.00000 0.00000 0.00000 0.00000 0.00000
1.91950 1.00877 0.908180 0.908180 0.908180 0.908180 0.908180 0.908180 0.908180 0.908180 0.908180 0.908180 0.908180 0.908180 0.908180 0.00000 0.00000 0.00000 0.00000 0.00000 0.00000 0.00000 0.00000 0.00000 0.00000 0.00000 0.00000 0.00000 0.894234 0.894233 0.894233 0.894233 0.894233 0.894233 0.894233 0.894233 0.912524 0.949105 0.985700 1.02079 1.03012 1.03012 1.03012 1.03012 1.03012 1.03012 1.03012 1.03012 1.03012 1.03012 1.03012 1.03012 1.03012 1.03012 1.03012 1.03012 1.03012 0.00000 0.00000 0.00000 0.00000 0.00000 0.00000 0.00000 0.00000 0.00000
1.38547 1.18868 0.908180 0.908180 0.00000 0.00000 0.00000 0.00000 0.00000 0.00000 0.00000 0.00000 0.00000 0.00000 0.00000 0.00000 0.00000 0.00000 0.00000 0.00000 0.00000 0.00000 0.00000 0.00000 0.00000 0.00000 0.00000 0.00000 0.894233 0.894233 0.894233 0.894233 0.903569 0.938655 0.975250 1.01183 1.03012 1.03012 1.03012 1.03012 1.03012 1.03012 1.03012 1.03012 1.03012 1.03012 1.03012 1.03012 1.03012 1.03012 1.03012 1.03012 1.03012 1.03012 1.03012 1.03012 1.03012 0.00000 0.00000 0.00000 0.00000 0.00000 0.00000 0.00000 0.00000 0.00000
1.18501 1.18501 0.00000 0.00000 0.00000 0.00000 0.00000 0.00000 0.00000 0.00000 0.00000 0.00000 0.00000 0.00000 0.00000 0.00000 0.00000 0.00000 0.00000 0.00000 0.00000 0.00000 0.00000 0.00000 0.00000 0.00000 0.00000 0.00000 0.00000 0.929067 0.964787 1.00138 1.02863 1.03012 1.03012 1.03012 1.03012 1.03012 1.03012 1.03012 1.03012 1.03012 1.03012 1.03012 1.03012 1.03012 1.03012 1.03012 1.03012 1.03012 1.03012 1.03012 1.03012 1.03012 1.03012 1.03012 1.03012 0.00000 0.00000 0.00000 0.00000 0.00000 0.00000 0.00000 0.00000 0.00000
1.18501 1.18501 0.00000 0.00000 0.00000 0.00000 0.00000 0.00000 0.00000 0.00000 0.00000 0.00000 0.00000 0.00000 0.00000 0.00000 0.00000 0.00000 0.00000 0.00000 0.00000 0.00000 0.00000 0.00000 0.00000 0.00000 0.00000 0.00000 0.00000 1.03012 1.03012 1.03012 1.03012 1.03012 1.03012 1.03012 1.03012 1.03012 1.03012 1.03012 1.03012 1.03012 1.03012 1.03012 1.03012 1.03012 1.03012 1.03012 1.03012 1.03012 1.03012 1.03012 1.03012 1.03440 1.07583 1.12583 1.17632 1.21606 0.00000 0.00000 0.00000 0.00000 0.00000 0.00000 0.00000 0.00000
1.18501 1.18501 1.18501 0.00000 0.00000 0.00000 0.00000 0.00000 0.00000 0.00000 0.00000 0.00000 0.00000 0.00000 0.00000 0.00000 0.00000 0.00000 0.00000 0.00000 0.00000 0.00000 0.00000 0.00000 0.00000 0.00000 0.00000 0.00000 0.00000 1.03012 1.03012 1.03012 1.03012 1.03012 1.03012 1.03012 1.03012 1.03012 1.03012 1.03012 1.03012 1.03012 1.03012 1.03012 1.03012 1.03012 1.03012 1.03012 1.03012 1.03055 1.06173 1.11173 1.16175 1.20747 1.21606 1.21606 1.21606 1.21606 0.00000 0.00000 0.00000 0.00000 0.00000 0.00000 0.00000 0.00000
1.18501 1.18501 1.18501 0.00000 0.00000 0.00000 0.00000 0.00000 0.00000 0.00000 0.00000 0.00000 0.00000 0.00000 0.00000 0.00000 0.00000 0.00000 0.00000 0.00000 0.00000 0.00000 0.00000 0.00000 0.00000 0.00000 0.00000 0.00000 0.00000 0.00000 1.03012 1.03012 1.03012 1.03012 1.03012 1.03012 1.03012 1.03012 1.03012 1.03012 1.03012 1.03012 1.03012 1.03012 1.03012 1.03012 1.04820 1.09764 1.14766 1.19724 1.21606 1.21606 1.21606 1.21606 1.21606 1.21606 1.21606 1.21606 0.00000 0.00000 0.00000 0.00000 0.00000 0.00000 0.00000 0.00000
1.18501 1.18501 1.18501 0.00000 0.00000 0.00000 0.00000 0.00000 0.00000 0.00000 0.00000 0.00000 0.00000 0.00000 0.00000 0.00000 0.00000 0.00000 0.00000 0.00000 0.00000 0.00000 0.00000 0.00000 0.00000 0.00000 0.00000 0.00000 0.00000 0.00000 1.03012 1.03012 1.03012 1.03012 1.03012 1.03012 1.03012 1.03012 1.03012 1.03012 1.03012 1.03012 1.03821 1.08356 1.13356 1.18358 1.21551 1.21606 1.21606 1.21606 1.21606 1.21606 1.21606 1.21606 1.21606 1.21606 1.21606 1.21606 1.21606 0.00000 0.00000 0.00000 0.00000 0.00000 0.00000 0.00000
1.18501 1.18501 1.18501 0.00000 0.00000 0.00000 0.00000 0.00000 0.00000 0.00000 0.00000 0.00000 0.00000 0.00000 0.00000 0.00000 0.00000 0.00000 0.00000 0.00000 0.00000 0.00000 0.00000 0.00000 0.00000 0.00000 0.00000 0.00000 0.00000 0.00000 1.03012 1.03012 1.03012 1.03012 1.03012 1.03012 1.03012 1.03012 1.03219 1.06945 1.11949 1.16949 1.21142 1.21606 1.21606 1.21606 1.21606 1.21606 1.21606 1.21606 1.21606 1.21606 1.21606 1.21606 1.21606 1.21606 1.21606 1.21606 1.21606 0.00000 0.00000 0.00000 0.00000 0.00000 0.00000 0.00000
1.72728 1.88565 2.08284 2.83981 0.00000 0.00000 0.00000 0.00000 0.00000 0.00000 0.00000 0.00000 0.00000 0.00000 0.00000 0.00000 0.00000 0.00000 0.00000 0.00000 0.00000 0.00000 0.00000 0.00000 0.00000 0.00000 0.00000 0.00000 0.00000 0.00000 0.00000 1.03012 1.03012 1.03012 1.03012 1.05537 1.10539 1.15539 1.20335 1.21606 1.21606 1.21606 1.21606 1.21606 1.21606 1.21606 1.21606 1.21606 1.21606 1.21606 1.21606 1.21606 1.21606 1.21606 1.21606 1.21606 1.21606 1.21606 1.21606 0.00000 0.00000 0.00000 0.00000 0.00000 0.00000 0.00000
2.83981 2.83981 2.83981 2.83981 0.00000 0.00000 0.00000 0.00000 0.00000 0.00000 0.00000 0.00000 0.00000 0.00000 0.00000 0.00000 0.00000 0.00000 0.00000 0.00000 0.00000 0.00000 0.00000 0.00000 0.00000 0.00000 0.00000 0.00000 0.00000 0.00000 0.00000 1.04900 1.09130 1.14132 1.19132 1.21606 1.21606 1.21606 1.21606 1.21606 1.21606 1.21606 1.21606 1.21606 1.21606 1.21606 1.21606 1.21606 1.21606 1.21606 1.21606 1.21606 1.21606 1.21606 1.21606 1.21606 1.21606 1.21606 1.21606 1.21606 0.00000 0.00000 0.00000 0.00000 0.00000 0.00000
