High_resolution/powerplant/Fengdu/OMI_NO2_201105.asc
ncols      200
nrows      200
xllcorner       105.978
yllcorner       28.1831
cellsize     0.0166667
NODATA_Value      -999.000
[rows 29 to 57 of 200, columns 66 to 131 of 200]
3.30785 3.31446 3.32823 3.38200 3.46353 3.71287 3.76121 3.72009 3.72009 3.72009 4.08541 4.71551 4.71551 4.71551 4.71551 4.71551 4.54104 4.00644 3.46159 2.91580 2.44666 2.38609 2.38609 2.38609 2.38609 2.38609 2.38609 2.38609 2.38609 2.38609 2.38609 2.02998 1.55380 1.55380 1.55380 1.55380 1.55380 1.55380 1.55380 1.55380 1.55380 1.55380 1.55380 1.55380 1.55380 1.55380 1.55380 1.55380 2.00108 2.65907 2.70987 2.67607 2.52802 2.52665 2.52601 2.52601 2.52601 2.52601 2.52601 2.52601 2.52601 2.52601 2.52601 2.52601 2.52319 1.76708
3.53223 3.58559 3.63194 3.63813 3.63834 3.87892 3.86690 3.72009 3.72009 3.72009 3.79016 4.69719 4.40407 3.85898 3.31297 2.76812 2.39704 2.38609 2.38609 2.38609 2.38609 2.38609 2.38609 2.38609 2.38609 2.38609 2.38609 2.38609 2.38609 2.38609 2.38609 2.28516 1.55546 1.55380 1.55380 1.55380 1.55380 1.55380 1.55380 1.55380 1.55380 1.55380 1.55380 1.55380 1.55380 1.60157 1.71695 1.83258 1.98668 2.87586 2.90665 2.86954 2.52829 2.52601 2.52601 2.52601 2.52601 2.52601 2.52601 2.49554 2.24475 1.95068 1.65677 1.36286 1.07176 1.05878
3.63813 3.63813 3.63813 3.63813 3.63813 3.78404 3.90728 3.73125 4.01630 4.41830 4.82064 3.29479 2.38609 2.38609 2.38609 2.38609 2.38609 2.38609 2.38609 2.38609 2.38609 2.38609 2.38609 2.38609 2.38609 2.38609 2.38609 2.38609 2.38609 2.38609 2.38609 2.38609 1.71150 1.55380 1.55380 1.55380 1.55380 1.55380 1.55380 1.55380 1.55951 1.64792 1.76375 1.87949 1.99528 2.06319 2.06365 2.06365 2.06365 2.74566 2.90665 2.90665 2.60701 2.52601 2.43850 2.15194 1.85803 1.56412 1.27020 1.00676 0.963481 0.963481 0.963481 0.963481 0.963481 0.991811
3.63813 3.63813 3.63813 3.64774 3.75591 3.99142 4.50521 5.15315 5.38607 5.38607 5.38607 4.10208 2.38609 2.38609 2.38609 2.38609 2.38609 2.38609 2.38609 2.38609 2.38609 2.38609 2.38609 2.38609 2.38609 2.38609 2.38609 2.38609 2.38609 2.38609 2.38609 2.38609 1.96832 1.55380 1.55380 1.55380 1.58368 1.69482 1.81056 1.92629 2.03642 2.06365 2.06365 2.06365 2.06365 2.06365 2.06365 2.06365 2.06365 2.42932 2.43993 2.14601 1.66841 1.17755 0.971137 0.963481 0.963481 0.963481 0.963481 0.963481 0.963481 0.963481 0.963481 0.963481 0.963481 0.963515
3.77496 3.90902 4.04302 4.16752 4.19346 4.21776 4.74649 5.03337 5.38607 5.38607 5.38607 5.02955 2.39389 2.38609 2.38609 2.38609 2.38609 2.38609 2.38609 2.38609 2.38609 2.38609 2.38609 2.38609 2.38609 2.38609 2.38609 2.38609 2.38609 2.38609 2.38609 2.38724 2.37284 1.74173 1.85741 1.97315 2.05906 2.06365 2.06365 2.06365 2.06365 2.06365 2.06365 2.06365 2.06365 2.06365 2.06365 2.06365 2.06365 1.92585 1.34521 1.34413 1.27633 0.963481 0.963481 0.963481 0.963481 0.963481 0.963481 0.963481 0.963481 0.963481 0.963481 0.963481 0.963481 0.963481
4.19346 4.19346 4.19346 4.19346 4.19346 4.19346 4.58335 4.88272 5.38607 5.38607 5.38607 5.38607 2.97350 2.38609 2.38609 2.38609 2.38609 2.38609 2.38609 2.38609 2.38609 2.38609 2.38609 2.38609 2.38609 2.38609 2.38609 2.40450 2.62009 2.88905 3.15813 3.42595 3.53282 2.23772 2.06365 2.06365 2.06365 2.06365 2.06365 2.06365 2.06365 2.06365 2.06365 2.06365 2.06365 2.06365 2.06365 2.06365 2.06365 2.06365 1.41747 1.34413 1.34371 1.01198 0.963481 0.963481 0.963481 0.963481 0.963481 0.963481 0.963481 0.946025 0.848157 0.740385 0.632563 0.524741
4.19346 4.19346 4.19346 4.19346 4.19346 4.19346 4.41417 4.77996 5.36839 5.38607 5.38607 5.38607 3.90873 2.38609 2.38609 2.38609 2.38609 2.38609 2.38609 2.38609 2.38609 2.38609 2.38609 2.44223 2.69440 2.96348 3.23245 3.48312 3.53650 3.53650 3.53650 3.53650 3.53650 2.68919 2.06365 2.06365 2.06365 2.06365 2.06365 2.06365 2.06365 2.06365 2.06365 2.06365 2.06365 2.06365 2.06365 2.06365 2.06365 2.06365 1.56694 1.34413 1.34413 1.12742 0.963481 0.963481 0.962794 0.896895 0.789123 0.681301 0.573479 0.483113 0.473159 0.473159 0.473159 0.473159
4.19346 4.19346 4.30462 4.55176 4.79918 5.04860 5.25057 4.84799 5.21185 5.38607 5.38607 5.38607 4.84384 2.38609 2.38609 2.38609 2.38609 2.38609 2.38609 2.50056 2.76883 3.03780 3.30676 3.51970 3.53650 3.53650 3.53650 3.53650 3.53650 3.53650 3.53650 3.53650 3.53650 3.14436 2.06365 2.06365 2.06365 2.06365 2.06365 2.06365 2.06365 2.06365 2.06365 2.06365 2.06365 2.06365 2.06365 2.06365 2.06365 2.06365 1.78578 1.34413 1.30606 1.04341 0.730039 0.622217 0.515131 0.473159 0.473159 0.473159 0.473159 0.473159 0.473159 0.473159 0.473159 0.473159
5.22924 5.50826 5.67555 5.70750 5.73921 5.76880 5.77059 5.11236 5.14580 5.38607 5.38607 5.38607 5.38337 2.78265 2.39138 2.57407 2.84303 3.11223 3.38108 3.53569 3.53650 3.53650 3.53650 3.53650 3.53650 3.53650 3.53650 3.53650 3.53650 3.53650 3.53650 3.53650 3.53650 3.50690 2.15658 2.06365 2.06365 2.06365 2.06365 2.06365 2.06365 2.06365 2.06365 2.06365 2.06365 2.06365 2.06365 2.06347 1.85472 1.45942 1.05751 0.647507 0.487173 0.472977 0.473148 0.473159 0.473159 0.473159 0.473159 0.473159 0.473159 0.473159 0.472993 0.471210 0.469022 0.466831
5.77513 5.77513 5.77513 5.77513 5.77513 5.77513 5.77513 5.36042 5.07187 5.38607 5.40734 5.63620 5.91810 4.52166 3.45022 3.53650 3.53650 3.53650 3.53650 3.53650 3.53650 3.53650 3.53650 3.53650 3.53650 3.53650 3.53650 3.53650 3.53650 3.53650 3.53650 3.53650 3.53650 3.53650 2.58224 2.06365 2.06365 2.06365 2.06365 2.06365 2.06365 2.06365 2.06365 2.02601 1.69358 1.29808 0.902923 0.507768 0.321341 0.321341 0.321341 0.442290 0.472973 0.472973 0.473095 0.473159 0.473159 0.472625 0.470535 0.468347 0.466156 0.463968 0.461944 0.461540 0.461540 0.461540
5.77513 5.77513 5.77513 5.77513 5.77513 5.77513 5.78853 5.67393 5.31880 6.13342 6.50154 6.55434 6.55434 5.81519 3.53650 3.53650 3.53650 3.53650 3.53650 3.53650 3.53650 3.53650 3.53650 3.53650 3.53650 3.53650 3.53650 3.53650 3.53650 3.53650 3.53650 3.53650 3.53650 3.53650 3.03735 2.06365 2.06365 2.06365 2.06365 1.92269 1.53207 1.13709 0.741585 0.384064 0.321341 0.321341 0.321341 0.321341 0.321341 0.321341 0.321341 0.404114 0.471863 0.469673 0.467529 0.465481 0.463292 0.461639 0.461540 0.461540 0.461540 0.461540 0.461540 0.461540 0.461540 0.461540
5.77513 5.77513 5.79690 5.88600 5.98001 6.07382 6.15443 6.12742 5.61603 6.07517 6.55434 6.55434 6.55434 6.51572 3.77783 3.53650 3.53650 3.53650 3.53650 3.53650 3.53650 3.53650 3.53650 3.53650 3.53650 3.53650 3.53650 3.53650 3.53650 3.53650 3.53650 3.53650 3.53650 3.53650 3.45166 1.81254 1.37073 0.975752 0.580422 0.326046 0.321341 0.321341 0.321341 0.321341 0.321341 0.321341 0.321341 0.321341 0.321341 0.321341 0.321341 0.345381 0.460975 0.461354 0.461352 0.461537 0.461540 0.461540 0.461540 0.461540 0.461540 0.461540 0.461540 0.461540 0.461540 0.461540
5.99368 6.08760 6.15977 6.16456 6.16456 6.16456 6.16456 6.16456 5.75315 5.83415 6.55434 6.55434 6.55434 6.55434 4.67999 3.53650 3.53650 3.53650 3.53650 3.53650 3.53650 3.53650 3.53650 3.53650 3.53650 3.53650 3.53650 3.53650 3.53650 3.53650 3.51839 3.39745 3.26027 3.12316 2.98997 1.05509 0.321341 0.321341 0.321341 0.321341 0.321341 0.321341 0.321341 0.321341 0.321341 0.321341 0.321341 0.321341 0.321341 0.321341 0.321341 0.321341 0.445901 0.461354 0.461354 0.461492 0.461540 0.461540 0.461540 0.461540 0.461540 0.461540 0.461540 0.461540 0.500846 0.663853
6.16456 6.16456 6.16456 6.16456 6.16456 6.16456 6.16456 6.16456 5.92480 5.66492 6.54984 6.55434 6.55434 6.55434 5.62100 3.53650 3.53650 3.53650 3.53650 3.53650 3.53650 3.53650 3.53650 3.53650 3.53650 3.53650 3.49419 3.36012 3.22301 3.08589 2.96676 2.95053 2.95053 2.95053 2.95053 1.86333 0.321341 0.321341 0.321341 0.321341 0.321341 0.321341 0.321341 0.321341 0.321341 0.321341 0.321341 0.321341 0.321341 0.321341 0.321341 0.321341 0.416446 0.461354 0.461354 0.461435 0.461540 0.461540 0.461540 0.465525 0.584772 0.756922 0.929072 1.10107 1.23391 1.24297
6.16456 6.16456 6.16456 6.16456 6.16456 6.09917 5.89968 5.69627 5.48870 5.43852 6.12369 6.55434 6.55434 6.55434 6.44029 3.65812 3.53650 3.53650 3.53650 3.53650 3.53650 3.53627 3.46003 3.32286 3.18574 3.04850 2.95364 2.95053 2.95053 2.95053 2.95053 2.95053 2.95053 2.95053 2.95053 2.66158 0.331069 0.321341 0.321341 0.321341 0.321341 0.321341 0.321341 0.321341 0.321341 0.321341 0.321341 0.321341 0.321341 0.321341 0.321341 0.321341 0.373184 0.461354 0.461354 0.503832 0.677717 0.849913 1.02198 1.19007 1.24297 1.24297 1.24297 1.24297 1.24297 1.24297
5.96818 5.76477 5.56113 5.29118 4.93991 4.65374 4.50216 4.35450 4.21604 4.34648 5.18140 6.55434 6.55434 6.55434 6.55434 4.48552 3.53650 3.52906 3.42270 3.28565 3.14835 3.01141 2.95053 2.95053 2.95053 2.95053 2.95053 2.95053 2.95053 2.95053 2.95053 2.95053 2.95053 2.95053 2.95053 2.95053 0.851123 0.321341 0.321341 0.321341 0.321341 0.321341 0.321341 0.321341 0.321341 0.321341 0.321341 0.321341 0.321341 0.321341 0.324786 0.524323 0.833588 0.885255 1.03116 1.14492 1.22723 1.24297 1.24297 1.24297 1.24297 1.24297 1.24297 1.24297 1.24297 1.24652
4.55241 4.40475 4.25710 4.17549 4.17533 4.17533 4.17533 4.17533 4.17533 4.28730 4.69546 6.55434 6.55434 6.44039 5.73772 4.28650 3.11109 2.98135 2.95053 2.95053 2.95053 2.95053 2.95053 2.95053 2.95053 2.95053 2.95053 2.95053 2.95053 2.95053 2.95053 2.95053 2.95053 2.95053 2.95053 2.95053 1.66039 0.321341 0.321341 0.321341 0.321341 0.321341 0.321341 0.321341 0.321341 0.321341 0.370950 0.653444 0.965702 1.27782 1.58664 1.69936 1.69936 1.26545 1.15036 1.15036 1.19924 1.24297 1.24297 1.24297 1.25660 1.32187 1.40685 1.51449 1.65534 1.83464
4.17533 4.17533 4.17533 4.17533 4.17533 4.17533 4.17533 4.17533 4.17533 4.16314 3.91604 4.72550 4.04536 3.37306 3.28914 3.26316 2.95514 2.95053 2.95053 2.95053 2.95053 2.95053 2.95053 2.95053 2.95053 2.95053 2.95053 2.95053 2.95053 2.95053 2.95053 2.95053 2.95053 2.95053 2.95053 2.95053 2.46913 0.321341 0.321341 0.321341 0.321341 0.321341 0.470443 0.782564 1.09468 1.40719 1.66959 1.69936 1.69936 1.69936 1.69936 1.69936 1.69936 1.40481 1.15036 1.17677 1.26384 1.43870 1.55579 1.71065 1.87137 1.88458 1.88458 1.88458 1.88458 1.88458
4.17533 4.17533 4.17533 4.17533 4.17533 4.08292 3.82399 3.56179 3.29960 3.06342 2.72621 3.03442 3.28914 3.28914 3.28914 3.28914 3.03440 2.95053 2.95053 2.95053 2.95053 2.95053 2.95053 2.95053 2.95053 2.95053 2.95053 2.95053 2.95053 2.95053 2.95053 2.95053 2.95053 2.95053 2.95053 2.95053 2.94685 0.676459 0.599425 0.911822 1.22394 1.53606 1.69936 1.69936 1.69936 1.69936 1.69936 1.69936 1.69936 1.69936 1.69936 1.69936 1.69936 1.65743 1.60309 1.69936 1.70095 1.86828 1.88458 1.88458 1.88458 1.88458 1.88458 1.88458 1.88458 1.88458
4.17533 4.04657 3.78459 3.52229 3.25998 3.09030 3.08693 3.08693 3.08693 3.08690 2.79335 2.87966 3.28914 3.28914 3.28914 3.28914 3.13972 2.95053 2.95053 2.95053 2.95053 2.95053 2.95053 2.95053 2.95053 2.95053 2.95053 2.95053 2.95053 2.95053 2.95053 2.95053 2.95053 2.86826 2.52872 2.17050 1.81227 1.60949 1.69936 1.69936 1.69936 1.69936 1.69936 1.69936 1.69936 1.69936 1.69936 1.69936 1.69936 1.69936 1.69936 1.69936 1.69936 1.69936 1.69936 1.69936 1.69936 1.81375 1.88458 1.88458 1.88458 1.88458 1.88458 1.88458 1.88458 1.88458
3.22058 3.08693 3.08693 3.08693 3.08693 3.08693 3.08693 3.08693 3.08693 3.08693 2.91031 2.77159 3.28914 3.28914 3.28914 3.28914 3.24477 2.95084 2.95053 2.95053 2.95053 2.95053 2.95053 2.95053 2.95053 2.95053 2.95053 2.95053 2.95053 2.78751 2.42944 2.07121 1.71314 1.43689 1.41835 1.41835 1.41835 1.49214 1.69936 1.69936 1.69936 1.69936 1.69936 1.69936 1.69936 1.69936 1.69936 1.69936 1.69936 1.69936 1.69936 1.69936 1.69936 1.69936 1.69936 1.69936 1.69936 1.75761 1.88458 1.88458 1.88458 1.88458 1.88944 1.96626 2.06701 2.16775
3.08693 3.08693 3.08693 3.08693 3.08693 3.08693 3.08693 3.08693 3.07742 3.03371 2.91020 2.72671 3.16506 3.28914 3.28914 3.28914 3.28914 3.01173 2.95053 2.95053 2.95053 2.95053 2.95053 2.95053 2.94103 2.68837 2.33030 1.97208 1.61370 1.41866 1.41835 1.41835 1.41835 1.41835 1.41835 1.41835 1.41835 1.42389 1.68174 1.69936 1.69936 1.69936 1.69936 1.69936 1.69936 1.69936 1.69936 1.69936 1.69936 1.69936 1.69936 1.69936 1.69936 1.69936 1.69936 1.69936 1.69936 1.70749 1.91585 2.02158 2.12238 2.22312 2.31896 2.34293 2.34293 2.34293
3.08693 3.08693 3.08473 3.05029 3.00015 2.94309 2.88943 2.85415 2.83267 2.87212 2.91625 2.95998 3.10759 3.28914 3.28914 3.28914 3.28914 3.11704 2.95053 2.95053 2.90426 2.58940 2.23102 1.87280 1.52422 1.41835 1.41835 1.41835 1.41835 1.41835 1.41835 1.41835 1.41835 1.41835 1.41835 1.41835 1.41835 1.41835 1.60127 1.69936 1.69936 1.69936 1.69936 1.69936 1.69936 1.69936 1.69936 1.69936 1.69936 1.69936 1.69936 1.69936 1.69936 1.70126 1.73980 1.79239 1.84500 1.89756 2.22235 2.34293 2.34293 2.34293 2.34293 2.34293 2.34293 2.34293
2.90492 2.86664 2.83258 2.85685 2.90106 2.94521 2.97525 2.97610 2.97610 2.97610 2.97610 2.97610 3.03447 3.28914 3.28914 3.28914 3.21489 2.86646 2.13189 1.77366 1.46156 1.41835 1.41835 1.41835 1.41835 1.41835 1.41835 1.41835 1.41835 1.41835 1.41835 1.41835 1.41835 1.41835 1.41835 1.41835 1.41835 1.41835 1.51532 1.69936 1.69936 1.69936 1.69936 1.69936 1.69936 1.69936 1.69936 1.69936 1.69936 1.71146 1.76131 1.81390 1.86649 1.91720 1.93123 1.93123 1.93123 1.93123 2.09813 2.34293 2.34293 2.34293 2.34293 2.34293 2.34293 2.34293
2.96958 2.97610 2.97610 2.97610 2.97610 2.97610 2.97610 2.97610 2.97610 2.97610 2.97610 2.97610 2.93030 2.90485 2.63455 2.35916 2.15820 2.14658 1.50294 1.41835 1.41835 1.41835 1.41835 1.41835 1.41835 1.41835 1.41835 1.41835 1.41835 1.41835 1.41835 1.41835 1.41835 1.41835 1.41835 1.41835 1.41835 1.41835 1.43530 1.69343 1.69936 1.69936 1.69936 1.69936 1.69954 1.73022 1.78281 1.83540 1.88799 1.92849 1.93123 1.93123 1.93123 1.93123 1.93123 1.93123 1.93123 1.93123 1.97502 2.34129 2.34293 2.34293 2.34293 2.34293 2.34293 2.34293
2.97610 2.97610 2.97610 2.97610 2.97610 2.97610 2.97610 2.97610 2.90402 2.76636 2.62876 2.49127 2.40687 2.24836 2.14862 2.14862 2.14862 2.14862 1.72764 1.41835 1.41835 1.41835 1.41835 1.41835 1.41835 1.41835 1.41835 1.41835 1.41835 1.41835 1.41835 1.41835 1.41835 1.41835 1.41835 1.41835 1.41835 1.41835 1.41835 1.62439 1.70583 1.75174 1.80430 1.85691 1.90932 1.93123 1.93123 1.93123 1.93123 1.93123 1.93123 1.93123 1.93123 1.93123 1.93123 1.93123 1.93123 1.93123 1.93123 2.26023 2.34293 2.34293 2.34293 2.34293 2.34293 2.34293
2.97610 2.97610 2.97610 2.97411 2.88412 2.74651 2.60891 2.47129 2.40584 2.40584 2.40584 2.40584 2.40584 2.32412 2.14862 2.14862 2.14862 2.14862 1.95453 1.41835 1.41835 1.41835 1.41835 1.41835 1.41835 1.41835 1.41835 1.41835 1.41835 1.41835 1.41835 1.41835 1.41835 1.41835 1.41835 1.41835 1.45490 1.56563 1.67843 1.82775 1.92455 1.93123 1.93123 1.93123 1.93123 1.93123 1.93123 1.93123 1.93123 1.93123 1.93123 1.93123 1.93123 1.93123 1.93123 1.93123 1.93123 1.93123 1.93123 2.13548 2.34293 2.34293 2.34293 2.34293 2.34293 2.34293
2.86410 2.72667 2.58901 2.45334 2.40584 2.40584 2.40584 2.40584 2.40584 2.40584 2.40584 2.40584 2.40584 2.37648 2.14862 2.14862 2.14862 2.14862 2.13423 1.46538 1.41835 1.41835 1.41835 1.41835 1.41835 1.41835 1.41835 1.41835 1.41835 1.41835 1.41835 1.41874 1.48436 1.59719 1.71006 1.82281 1.89915 1.90123 1.90123 1.90491 1.93118 1.93123 1.93123 1.93123 1.93123 1.93123 1.93123 1.93123 1.93123 1.93123 1.93123 1.93123 1.93123 1.93123 1.93123 1.93123 1.93123 1.93123 1.93123 2.01069 2.34293 2.34293 2.34293 2.34293 2.34293 2.34031
2.40584 2.40584 2.40584 2.40584 2.40584 2.40584 2.40584 2.40584 2.40584 2.40584 2.40584 2.40584 2.40584 2.40483 2.18686 2.14862 2.14862 2.14862 2.14862 1.67765 1.41835 1.41835 1.41835 1.41835 1.41835 1.41835 1.41835 1.42584 1.51599 1.62874 1.74159 1.85400 1.90123 1.90123 1.90123 1.90123 1.90123 1.90123 1.90123 1.90123 1.92568 1.93123 1.93123 1.93123 1.93123 1.93123 1.93123 1.93123 1.93123 1.93123 1.93123 1.93123 1.93123 1.93123 1.93123 1.93123 1.93123 1.93123 1.93123 1.93238 2.29649 2.32838 2.29692 2.26544 2.23398 2.20509
