High_resolution/powerplant/Fengdu/OMI_NO2_201003.asc
ncols      200
nrows      200
xllcorner       105.978
yllcorner       28.1831
cellsize     0.0166667
NODATA_Value      -999.000
[rows 0 to 28 of 200, columns 132 to 197 of 200]
0.00000 0.00000 0.00000 0.00000 0.00000 3.31966 3.31966 3.31966 3.31966 3.31966 3.31966 3.31966 3.31966 3.31966 3.31966 3.31966 3.31966 3.31966 3.31966 3.31966 3.31966 3.31966 3.31966 3.31966 3.31966 3.31966 0.00000 0.00000 0.00000 0.00000 0.00000 0.00000 0.00000 0.00000 0.871151 0.871151 0.871151 0.871151 0.871151 0.871151 0.871151 0.871151 0.871151 0.871151 0.871151 0.871151 0.871151 0.871151 0.871151 0.871151 0.871151 0.871151 0.00000 0.00000 0.00000 0.00000 0.00000 0.00000 0.00000 0.00000 0.00000 0.00000 0.00000 0.401949 0.401949 0.401949
0.00000 3.31966 3.31966 3.31966 3.31965 3.31966 3.31966 3.31966 3.31966 3.31966 3.31966 3.31966 3.31966 3.31966 3.31966 3.31966 3.31966 3.31966 3.31966 3.31966 3.31966 3.31966 3.31966 3.31966 3.31966 3.31966 0.00000 0.00000 0.00000 0.00000 0.871151 0.871151 0.871151 0.871151 0.871151 0.871151 0.871151 0.871151 0.871151 0.871151 0.871151 0.871151 0.871151 0.871151 0.871151 0.871151 0.871151 0.871151 0.871151 0.871151 0.871151 0.871151 0.871151 0.00000 0.00000 0.00000 0.00000 0.00000 0.00000 0.401949 0.401949 0.401949 0.401949 0.401949 0.401949 0.401949
3.31966 3.31966 3.31966 3.31966 3.31966 3.31966 3.31966 3.31966 3.31966 3.31966 3.31966 3.31966 3.31966 3.31966 3.31966 3.31966 3.31966 3.31966 3.31966 3.31966 3.31966 3.31966 3.31966 3.31966 3.31966 3.31965 0.878685 0.871151 0.871151 0.871151 0.871151 0.871151 0.871151 0.871151 0.871151 0.871151 0.871151 0.871151 0.871151 0.871151 0.871151 0.871151 0.871151 0.871151 0.871151 0.871151 0.871151 0.871151 0.871151 0.871151 0.871151 0.871151 0.871151 0.00000 0.00000 0.401949 0.401949 0.401949 0.401949 0.401949 0.401949 0.401949 0.401949 0.401949 0.401949 0.401949
3.31966 3.31966 3.31966 3.31966 3.31966 3.31966 3.31966 3.31966 3.31966 3.31966 3.31966 3.31966 3.31966 3.31966 3.31966 3.31966 3.31966 3.31966 3.31966 3.31966 3.31966 3.31966 3.32064 3.35589 3.40817 3.46043 1.35471 0.871151 0.871151 0.871151 0.871151 0.871151 0.871151 0.871151 0.871151 0.871151 0.871151 0.871151 0.871151 0.871151 0.871151 0.871151 0.871151 0.871151 0.871151 0.871151 0.871151 0.871151 0.871151 0.871151 0.871151 0.871151 0.757705 0.401949 0.401949 0.401949 0.401949 0.401949 0.401949 0.401949 0.401949 0.401949 0.401949 0.401949 0.401949 0.401949
3.31966 3.31966 3.31966 3.31966 3.31966 3.31966 3.31966 3.31966 3.31966 3.31966 3.31966 3.31966 3.31966 3.31966 3.31966 3.31966 3.31966 3.31966 3.31966 3.33986 3.39179 3.44400 3.49531 3.51228 3.51228 3.51228 2.22262 0.871151 0.871151 0.871151 0.871151 0.871151 0.871151 0.871151 0.871151 0.871151 0.871151 0.871151 0.871151 0.871151 0.871151 0.871151 0.871151 0.871151 0.871151 0.871151 0.871151 0.871151 0.821809 0.647539 0.467323 0.287107 0.223603 0.401949 0.401949 0.401949 0.401949 0.401949 0.401949 0.401949 0.401949 0.401949 0.401949 0.401949 0.401949 0.401949
3.31966 3.31966 3.31966 3.31966 3.31966 3.31966 3.31966 3.31966 3.31966 3.31966 3.31966 3.31966 3.31966 3.31966 3.31966 3.32803 3.37536 3.42762 3.47990 3.51192 3.51228 3.51228 3.51228 3.51228 3.51228 3.51228 3.10646 0.871944 0.871151 0.871151 0.871151 0.871151 0.871151 0.871151 0.871151 0.871151 0.871151 0.871151 0.871151 0.871151 0.871151 0.871151 0.871151 0.871151 0.845660 0.685245 0.504842 0.324695 0.193753 0.187739 0.187739 0.187739 0.187739 0.367104 0.401949 0.401949 0.401949 0.401949 0.401949 0.401949 0.401949 0.401949 0.401949 0.401949 0.401949 0.401949
3.31966 3.31966 3.31966 3.31966 3.31966 3.31966 3.31966 3.31966 3.31966 3.31966 3.31966 3.32131 3.35897 3.41123 3.46347 3.50737 3.51228 3.51228 3.51228 3.51228 3.51228 3.51228 3.51228 3.51228 3.51228 3.51228 3.51228 1.35105 0.871151 0.871151 0.871151 0.871151 0.871151 0.871151 0.871151 0.871151 0.871151 0.871151 0.871151 0.871151 0.861789 0.722714 0.542498 0.362283 0.207490 0.187739 0.187739 0.187739 0.187739 0.187739 0.187739 0.187739 0.187739 0.296815 0.401949 0.401949 0.401949 0.401949 0.401949 0.401949 0.401949 0.401949 0.401949 0.401949 0.401949 0.401949
3.31966 3.31966 3.31966 3.31966 3.31966 3.31966 3.31966 3.31966 3.34267 3.39482 3.44710 3.49768 3.51228 3.51228 3.51228 3.51228 3.51228 3.51228 3.51228 3.51228 3.51228 3.51228 3.51228 3.51228 3.51228 3.51228 3.51228 2.23265 0.871151 0.871151 0.871151 0.871151 0.871151 0.871151 0.871151 0.871151 0.869921 0.760370 0.580018 0.399870 0.228949 0.187739 0.187739 0.187739 0.187739 0.187739 0.187739 0.187739 0.187739 0.187739 0.187739 0.187739 0.187739 0.226357 0.401949 0.401949 0.401949 0.401949 0.401949 0.401949 0.401949 0.401949 0.401949 0.401949 0.401949 0.401949
3.31966 3.31966 3.31966 3.31966 3.32986 3.37843 3.43069 3.48293 3.51219 3.51228 3.51228 3.51228 3.51228 3.51228 3.51228 3.51228 3.51228 3.51228 3.51228 3.51228 3.51228 3.51228 3.51228 3.51228 3.51228 3.51228 3.51228 3.11928 0.872472 0.871151 0.871151 0.871151 0.871151 0.797138 0.617674 0.437390 0.258336 0.187739 0.187739 0.187739 0.187739 0.187739 0.187739 0.187739 0.187739 0.187739 0.187739 0.187739 0.187739 0.187739 0.187739 0.187739 0.187739 0.187803 0.370121 0.401949 0.401949 0.401949 0.401949 0.401949 0.401949 0.401949 0.424780 0.706639 1.06170 1.41661
3.32226 3.36203 3.41427 3.46655 3.50858 3.51228 3.51228 3.51228 3.51228 3.51228 3.51228 3.51228 3.51228 3.51228 3.51228 3.51228 3.51228 3.51228 3.51228 3.51228 3.51228 3.51228 3.51228 3.51228 3.51228 3.51228 3.51228 3.51228 1.35976 0.827276 0.655193 0.475046 0.294762 0.188491 0.187739 0.187739 0.187739 0.187739 0.187739 0.187739 0.187739 0.187739 0.187739 0.187739 0.187739 0.187739 0.187739 0.187739 0.187739 0.187739 0.187739 0.187739 0.187739 0.187739 0.299803 0.401949 0.401949 0.401949 0.413572 0.671078 1.02572 1.38078 1.71286 1.78565 1.78565 1.78565
3.50238 3.51228 3.51228 3.51228 3.51228 3.51228 3.51228 3.51228 3.51228 3.51228 3.51228 3.51228 3.51228 3.51228 3.51228 3.51228 3.51228 3.51228 3.51228 3.51228 3.51228 3.51228 3.51228 3.51228 3.51228 3.50350 3.41682 3.31195 1.82893 0.196008 0.187739 0.187739 0.187739 0.187739 0.187739 0.187739 0.187739 0.187739 0.187739 0.187739 0.187739 0.187739 0.187739 0.187739 0.187739 0.187739 0.187739 0.187739 0.187739 0.187739 0.187739 0.187739 0.187739 0.187739 0.234990 0.634964 0.989882 1.34508 1.68796 1.78565 1.78565 1.78565 1.78565 1.78565 1.78565 1.78565
3.51228 3.51228 3.51228 3.51228 3.51228 3.51228 3.51228 3.51228 3.51228 3.51228 3.51228 3.51228 3.51228 3.51228 3.51228 3.51228 3.51228 3.51228 3.51228 3.51228 3.51228 3.51178 3.44950 3.34463 3.23973 3.14368 3.12546 3.12546 2.69743 0.189796 0.187739 0.187739 0.187739 0.187739 0.187739 0.187739 0.187739 0.187739 0.187739 0.187739 0.187739 0.187739 0.187739 0.187739 0.187739 0.187739 0.187739 0.187739 0.187739 0.187739 0.187739 0.415711 0.923342 1.43194 1.93388 1.83049 1.78565 1.78565 1.78565 1.78565 1.78565 1.78565 1.78565 1.78565 1.78565 1.78565
3.51228 3.51228 3.51228 3.51228 3.51228 3.51228 3.51228 3.51228 3.51228 3.51228 3.51228 3.51228 3.51228 3.51228 3.51228 3.51228 3.51228 3.51228 3.47979 3.37728 3.27244 3.16805 3.12546 3.12546 3.12546 3.12546 3.12546 3.12546 3.12546 0.740912 0.187739 0.187739 0.187739 0.187739 0.187739 0.187739 0.187739 0.187739 0.187739 0.187739 0.187739 0.187739 0.187739 0.187739 0.187739 0.187739 0.187739 0.326619 0.818036 1.32663 1.83484 2.11585 2.11643 2.11643 2.11643 1.93882 1.78565 1.78565 1.78565 1.78565 1.78565 1.78565 1.78565 1.78565 1.78565 1.78565
0.00000 3.51228 3.51228 3.51228 3.51228 3.51228 3.51228 3.51228 3.51228 3.51228 3.51228 3.51228 3.51228 3.51228 3.50041 3.40993 3.30510 3.20020 3.12782 3.12546 3.12546 3.12546 3.12546 3.12546 3.12546 3.12546 3.12546 3.12546 3.12546 1.72035 0.187739 0.187739 0.187739 0.187739 0.187739 0.187739 0.187739 0.187739 0.187739 0.187739 0.187739 0.187739 0.187739 0.259872 0.712536 1.22133 1.72954 2.09927 2.11643 2.11643 2.11643 2.11643 2.11643 2.11643 2.11643 2.04745 1.78565 1.78565 1.78565 1.78565 1.78565 1.78565 1.78565 1.78565 1.78565 1.78565
0.00000 3.51228 3.51228 3.51228 3.51228 3.51228 3.51228 3.51228 3.51228 3.51228 3.51085 3.44262 3.33773 3.23284 3.13989 3.12546 3.12546 3.12546 3.12546 3.12546 3.12546 3.12546 3.12546 3.12546 3.12546 3.12546 3.12546 3.12546 3.12546 2.69743 0.189796 0.187739 0.187739 0.187739 0.187739 0.187739 0.187739 0.187739 0.187739 0.214548 0.607230 1.11583 1.62423 2.06069 2.11643 2.11643 2.11643 2.11643 2.11643 2.11643 2.11643 2.11643 2.11643 2.11643 2.11643 2.11544 1.82639 1.78565 1.78565 1.78565 1.78565 1.78565 1.78565 1.78565 1.78565 1.78565
0.00000 3.51228 3.51228 3.51228 3.51228 3.51228 3.51228 3.47414 3.37040 3.26549 3.16209 3.12546 3.12546 3.12546 3.12546 3.12546 3.12546 3.12546 3.12546 3.12546 3.12546 3.12546 3.12546 3.12546 3.12546 3.12546 3.12546 3.12546 3.12546 3.12546 0.739588 0.187739 0.187739 0.187739 0.187739 0.191211 0.501730 1.01052 1.51892 2.00052 2.11643 2.11643 2.11643 2.11643 2.11643 2.11643 2.11643 2.11643 2.11643 2.11643 2.11643 2.11643 2.11643 2.11643 2.11643 2.11643 1.93419 1.78565 1.78565 1.78565 1.78565 1.78565 1.78565 1.78565 1.78565 1.78565
0.00000 0.00000 3.51228 3.49693 3.40304 3.29818 3.19331 3.12658 3.12546 3.12546 3.12546 3.12546 3.12546 3.12546 3.12546 3.12546 3.12546 3.12546 3.12546 3.12546 3.12546 3.12546 3.12546 3.12546 3.12546 3.12546 3.12546 3.12546 3.12546 3.12546 1.71516 0.187739 0.398545 0.904827 1.41362 1.91855 2.11643 2.11643 2.11643 2.11643 2.11643 2.11643 2.11643 2.11643 2.11643 2.11643 2.11643 2.11643 2.11643 2.11643 2.11643 2.11643 2.11643 2.11643 2.11643 2.11643 2.04274 1.78565 1.78565 1.78565 1.78565 1.78565 1.78565 1.78565 1.78565 1.78565
0.00000 0.00000 3.22706 3.13645 3.12546 3.12546 3.12546 3.12546 3.12546 3.12546 3.12546 3.12546 3.12546 3.12546 3.12546 3.12546 3.12546 3.12546 3.12546 3.12546 3.12546 3.12546 3.12546 3.12546 3.12546 3.12546 3.12546 3.12546 3.02526 2.55458 1.86563 1.81609 2.11450 2.11643 2.11643 2.11643 2.11643 2.11643 2.11643 2.11643 2.11643 2.11643 2.11643 2.11643 2.11643 2.11643 2.11643 2.11643 2.11643 2.11643 2.11643 2.11643 2.11643 2.11643 2.11643 2.11643 2.11474 1.82308 1.78565 1.78565 1.78565 1.78565 0.00000 0.00000 0.00000 0.00000
0.00000 0.00000 3.12546 3.12546 3.12546 3.12546 3.12546 3.12546 3.12546 3.12546 3.12546 3.12546 3.12546 3.12546 3.12546 3.12546 3.12546 3.12546 3.12546 3.12546 3.12546 3.12546 3.12546 3.12546 3.10074 2.71482 2.20994 1.70542 1.30092 1.26653 1.26653 1.95948 2.11643 2.11643 2.11643 2.11643 2.11643 2.11643 2.11643 2.11643 2.11643 2.11643 2.11643 2.11643 2.11643 2.11643 2.11643 2.11643 2.11643 2.11643 2.11643 2.11643 2.11643 2.11659 2.12555 2.13962 2.15369 2.15084 0.00000 0.00000 0.00000 0.00000 0.00000 0.00000 0.00000 0.00000
0.00000 0.00000 0.00000 3.12546 3.12546 3.12546 3.12546 3.12546 3.12546 3.12546 3.12546 3.12546 3.12546 3.12546 3.12546 3.12546 3.12546 3.12546 3.12546 3.12546 3.12546 2.87488 2.37018 1.86529 1.38550 1.26653 1.26653 1.26653 1.26653 1.26653 1.26653 1.67855 2.11643 2.11643 2.11643 2.11643 2.11643 2.11643 2.11643 2.11643 2.11643 2.11643 2.11643 2.11643 2.11643 2.11643 2.11643 2.11643 2.11643 2.11643 2.12262 2.13666 2.15072 2.16464 2.16974 2.16974 2.16974 2.16974 0.00000 0.00000 0.00000 0.00000 0.00000 0.00000 0.00000 0.00000
0.00000 0.00000 0.00000 3.12546 3.12546 3.12546 3.12546 3.12546 3.12546 3.12546 3.12546 3.12546 3.12546 3.12546 3.12546 3.12546 3.12546 3.00909 2.53029 2.02534 1.52064 1.26653 1.26653 1.26653 1.26653 1.26653 1.26653 1.26653 1.26653 1.26653 1.26653 1.39595 2.11626 2.11643 2.11643 2.11643 2.11643 2.11643 2.11643 2.11643 2.11643 2.11643 2.11643 2.11643 2.11643 2.11643 2.12016 2.13370 2.14778 2.16183 2.16972 2.16974 2.16974 2.16974 2.16974 2.16974 2.16974 2.16974 2.16974 0.00000 0.00000 0.00000 0.00000 0.00000 0.00000 0.00000
0.00000 0.00000 0.00000 3.12546 3.12546 3.12546 3.12546 3.12546 3.12546 3.12546 3.12546 3.12546 3.12546 3.09237 2.69028 2.18577 1.68070 1.29255 1.26653 1.26653 1.26653 1.26653 1.26653 1.26653 1.26653 1.26653 1.26653 1.26653 1.26653 1.26653 1.26653 1.26653 1.96489 2.11643 2.11643 2.11643 2.11643 2.11643 2.11643 2.11643 2.11643 2.11643 2.11831 2.13074 2.14481 2.15888 2.16922 2.16974 2.16974 2.16974 2.16974 2.16974 2.16974 2.16974 2.16974 2.16974 2.16974 2.16974 2.16974 0.00000 0.00000 0.00000 0.00000 0.00000 0.00000 0.00000
0.00000 0.00000 0.00000 0.00000 3.12546 3.12546 3.12546 3.12546 3.12546 3.12490 2.85034 2.34564 1.84094 1.36914 1.26653 1.26653 1.26653 1.26653 1.26653 1.26653 1.26653 1.26653 1.26653 1.26653 1.26653 1.26653 1.26653 1.26653 1.26653 1.26653 1.26653 1.26653 1.68259 2.11643 2.11643 2.11643 2.11643 2.11643 2.11709 2.12779 2.14185 2.15592 2.16810 2.16974 2.16974 2.16974 2.16974 2.16974 2.16974 2.16974 2.16974 2.16974 2.16974 2.16974 2.16974 2.16974 2.16974 2.16974 2.16974 0.00000 0.00000 0.00000 0.00000 0.00000 0.00000 0.00000
0.00000 0.00000 0.00000 0.00000 3.12546 3.12546 2.99180 2.50551 2.00099 1.49685 1.26653 1.26653 1.26653 1.26653 1.26653 1.26653 1.26653 1.26653 1.26653 1.26653 1.26653 1.26653 1.26653 1.26653 1.26653 1.26653 1.26653 1.26653 1.26653 1.26653 1.26653 1.26653 1.40115 2.11635 2.11650 2.12483 2.13890 2.15296 2.16636 2.16974 2.16974 2.16974 2.16974 2.16974 2.16974 2.16974 2.16974 2.16974 2.16974 2.16974 2.16974 2.16974 2.16974 2.16974 2.16974 2.16974 2.16974 2.16974 2.16974 2.16974 0.00000 0.00000 0.00000 0.00000 0.00000 0.00000
0.00000 0.00000 0.00000 0.00000 3.12546 1.69266 1.28511 1.26653 1.26653 1.26653 1.26653 1.26653 1.26653 1.26653 1.26653 1.26653 1.26653 1.26653 1.26653 1.26653 1.26653 1.26653 1.26653 1.26653 1.26653 1.26653 1.26653 1.26653 1.26653 1.26653 1.26653 1.41014 1.81939 2.19594 2.16400 2.16974 2.16974 2.16974 2.16974 2.16974 2.16974 2.16974 2.16974 2.16974 2.16974 2.16974 2.16974 2.16974 2.16974 2.16974 2.16974 2.16974 2.16974 2.16974 2.16974 2.16974 2.16974 2.16974 2.16974 2.16974 0.00000 0.00000 0.00000 0.00000 0.00000 0.00000
0.00000 0.00000 0.00000 0.00000 0.00000 1.26653 1.26653 1.26653 1.26653 1.26653 1.26653 1.26653 1.26653 1.26653 1.26653 1.26653 1.26653 1.26653 1.26653 1.26653 1.26653 1.26653 1.26653 1.26653 1.26653 1.26653 1.26653 1.32287 1.69043 2.10539 2.52033 2.79175 2.79757 2.48679 2.16974 2.16974 2.16974 2.16974 2.16974 2.16974 2.16974 2.16974 2.16974 2.16974 2.16974 2.16974 2.16974 2.16974 2.16974 2.16974 2.16974 2.16974 2.16974 2.16974 2.16974 2.16974 2.15246 1.94437 1.68394 1.42430 0.00000 0.00000 0.00000 0.00000 0.00000 0.00000
0.00000 0.00000 0.00000 0.00000 0.00000 1.26653 1.26653 1.26653 1.26653 1.26653 1.26653 1.26653 1.26653 1.26653 1.26653 1.26653 1.26653 1.26653 1.26653 1.26653 1.26653 1.26653 1.26653 1.27571 1.56140 1.97639 2.39138 2.74995 2.79757 2.79757 2.79757 2.79757 2.79757 2.69560 2.16974 2.16974 2.16974 2.16974 2.16974 2.16974 2.16974 2.16974 2.16974 2.16974 2.16974 2.16974 2.16974 2.16974 2.16974 2.16974 2.16974 2.16974 2.16658 1.99888 1.73845 1.47783 1.23478 1.18214 1.18214 1.18214 1.18214 0.00000 0.00000 0.00000 0.00000 0.00000
0.00000 0.00000 0.00000 0.00000 0.00000 1.26653 1.26653 1.26653 1.26653 1.26653 1.26653 1.26653 1.26653 1.26653 1.26653 1.26653 1.26653 1.26653 1.26653 1.26653 1.43433 1.84740 2.26232 2.66835 2.79757 2.79757 2.79757 2.79757 2.79757 2.79757 2.79757 2.79757 2.79757 2.79757 2.27540 2.16974 2.16974 2.16974 2.16974 2.16974 2.16974 2.16974 2.16974 2.16974 2.16974 2.16974 2.16974 2.16974 2.16974 2.05300 1.79297 1.53234 1.27507 1.18214 1.18214 1.18214 1.18214 1.18214 1.18214 1.18214 1.18214 0.00000 0.00000 0.00000 0.00000 0.00000
0.00000 0.00000 0.00000 0.00000 0.00000 0.00000 1.26653 1.26653 1.26653 1.26653 1.26653 1.26653 1.26653 1.26653 1.26653 1.26653 1.33848 1.71834 2.13325 2.54847 2.79543 2.79757 2.79757 2.79757 2.79757 2.79757 2.79757 2.79757 2.79757 2.79757 2.79757 2.79757 2.79757 2.79757 2.48472 2.16974 2.16974 2.16974 2.16974 2.16974 2.16974 2.16974 2.16974 2.16974 2.16974 2.09893 1.84739 1.58686 1.32633 1.18244 1.18214 1.18214 1.18214 1.18214 1.18214 1.18214 1.18214 1.18214 1.18214 1.18214 1.18214 0.00000 0.00000 0.00000 0.00000 0.00000
