High_resolution/powerplant/Fengdu/OMI_NO2_200701.asc
ncols      200
nrows      200
xllcorner       105.978
yllcorner       28.1831
cellsize     0.0166667
NODATA_Value      -999.000
[rows 120 to 149 of 200, columns 0 to 65 of 200]
6.62629 6.91299 6.91299 6.91299 6.91299 6.91299 6.91299 6.91299 6.91299 6.94472 7.63741 7.65092 7.65092 7.65092 7.65092 7.65092 7.65092 7.65092 7.65092 7.65092 7.65092 7.65092 7.65092 7.65092 8.06217 9.79730 11.7602 17.0166 17.0166 17.0166 17.0166 16.1670 14.6625 14.6625 14.6625 14.6625 14.6625 14.6404 14.5064 14.3569 14.2075 14.0580 13.9128 13.6210 9.98858 9.95847 9.95847 9.99362 11.1023 11.1503 11.1503 9.01768 8.32985 7.82947 7.32909 6.82870 6.32711 5.82673 5.32634 4.82535 4.32315 3.35153 2.20896 2.03252 1.89022 1.87777
6.25934 6.91299 6.91299 6.91299 6.91299 6.91299 6.91299 6.91299 6.91299 6.91299 7.49551 7.65092 7.65092 7.65092 7.65092 7.65092 7.65092 7.65092 7.65092 7.65092 7.65092 7.65092 7.65092 7.65092 7.69535 9.73141 10.1677 16.9206 17.0166 17.0166 17.0166 16.9088 14.6711 14.4607 14.3112 14.1617 14.0123 13.8848 13.8694 13.8694 13.7830 13.4443 13.0894 12.7348 9.72182 9.03605 8.86966 8.70267 8.84869 8.76527 8.51508 5.30197 2.48700 2.48640 2.48640 2.48640 2.48640 2.48640 2.48640 2.48640 2.48640 2.43819 1.87965 1.87777 1.87777 1.87777
5.78364 6.91299 6.91299 6.91299 6.91299 6.91299 6.91299 6.91299 6.91299 6.91299 7.32180 7.65092 7.65092 7.65092 7.65092 7.65092 7.65092 7.65092 7.65092 7.65092 7.65092 7.65092 7.65092 7.65092 7.65092 9.34313 9.79730 16.6747 19.7541 21.0545 21.9233 22.6697 15.6507 12.3213 11.9671 11.6118 11.2565 10.9019 10.5470 10.1924 9.92387 9.90802 9.90802 9.90802 8.73813 7.93917 7.93917 7.93917 8.00484 8.12132 8.12132 6.23198 2.48640 2.48640 2.48640 2.48640 2.48640 2.48640 2.48640 2.48640 2.48640 2.48640 1.97022 1.87777 1.87777 1.87777
5.14171 6.91299 6.91299 6.91299 6.91299 6.91299 6.91299 6.91299 6.91299 6.91299 7.14854 7.65092 7.65092 7.65092 7.65092 7.65092 7.65092 7.65092 7.64672 7.60609 7.55685 7.54809 9.33454 11.7269 13.7486 16.4122 18.4626 20.0691 20.4374 20.2144 20.2112 20.2112 15.7922 9.90802 9.90802 9.90802 9.90802 9.90802 9.90802 9.90802 9.90802 9.90802 9.90802 9.90802 9.19234 7.93917 7.93917 7.93917 7.96226 8.12132 8.12132 7.11520 2.48640 2.48640 2.48640 2.48640 2.48640 2.48640 2.48640 2.48640 2.48640 2.48640 2.10892 1.87777 1.87777 1.87777
4.43589 6.86107 6.91299 6.91299 6.91299 6.91299 6.91299 6.91299 6.90498 6.87099 6.89860 7.48517 7.43753 7.38824 7.33931 7.29012 7.39488 9.49919 11.8494 13.8695 15.6118 17.1040 17.5872 17.5872 17.5872 18.1381 19.0181 19.4227 20.2112 20.2112 20.1651 20.0875 18.4863 9.62771 9.54930 9.47061 9.39165 9.31324 9.23510 9.15669 9.07883 9.00014 8.92228 8.84278 8.50310 6.71710 6.63896 6.56079 6.48139 5.90498 5.70136 5.31828 2.48640 2.48640 2.48640 2.48640 2.48640 2.48640 2.48640 2.48640 2.48640 2.48640 2.24763 1.87777 1.87777 1.87777
4.22289 6.43334 6.70207 6.62666 6.55054 6.47546 6.39896 6.32407 6.25546 6.21456 6.17402 6.67017 7.30500 7.91295 8.42556 8.86463 13.1755 17.1432 17.1167 17.0901 17.0636 17.0370 17.0106 16.9839 16.9576 16.8963 16.5546 16.6046 17.5895 17.5119 17.4791 17.4791 17.4781 8.54837 7.17592 7.17592 7.17592 7.17592 7.17592 7.17592 7.17592 7.17592 7.17592 7.17592 7.17474 5.40139 5.20707 5.20707 5.20707 4.58962 4.02317 4.02317 2.74894 2.48640 2.48640 2.48640 2.48640 2.48640 2.48640 2.48640 2.48640 2.48640 2.38634 1.87777 1.87777 1.87777
3.66030 4.93576 5.43238 5.43238 5.43238 5.43238 5.48507 6.16156 6.89944 7.52234 8.05519 8.73101 8.97081 8.97081 8.97081 8.97081 10.7122 16.8342 16.8342 16.8342 16.8342 16.8342 16.8342 16.8342 16.8342 16.8252 16.3069 16.2860 17.3300 17.4791 17.4791 17.4791 17.4791 11.4417 7.17592 7.17592 7.17592 7.17592 7.17592 7.17592 7.17592 7.17592 7.17592 7.17592 7.17592 5.84885 4.96178 4.60048 4.23900 3.89908 4.02317 4.02317 3.17846 2.48640 2.48640 2.48640 2.48640 2.48640 2.48640 2.48640 2.48640 2.48640 2.48299 1.91982 1.87777 1.87777
3.66030 4.67351 6.16156 6.89944 7.52234 8.05519 8.49203 8.58636 8.58636 8.58636 8.58636 8.73097 8.97081 8.97081 8.97081 8.97081 9.05889 16.2570 16.8342 16.8342 16.8342 16.8342 16.8342 16.8342 16.8342 16.8342 16.4103 16.2860 17.0536 17.4791 17.4791 17.4791 17.4791 14.3379 7.17592 7.17592 7.17592 7.17592 7.17592 7.17592 7.13090 6.81501 6.45333 6.09165 5.73036 4.50717 3.28324 3.28324 3.28324 3.32098 4.01234 4.02317 3.49466 2.48640 2.48640 2.48640 2.49403 2.58577 2.70054 2.81573 2.93051 3.04501 3.16020 2.69608 2.52631 2.60290
7.64890 9.01348 8.58636 8.58636 8.58636 8.58636 8.58636 8.58636 8.58636 8.58636 8.58636 8.64003 8.97081 8.97081 8.97081 8.97081 8.97081 14.1119 16.8342 16.8342 16.8342 16.8342 16.8342 16.8342 16.8342 16.8342 16.5203 16.2860 16.7763 17.4791 17.4791 17.4791 17.4791 16.9846 7.42526 7.05472 6.69881 6.33752 5.97603 5.61416 5.29769 5.25209 5.25209 5.25209 5.24394 4.74914 3.35786 3.39616 3.43442 3.47273 4.11947 4.42217 4.27836 3.51438 3.62887 3.74406 3.85134 3.87424 3.87424 3.87424 3.87424 3.87424 3.87424 3.39794 2.88545 2.88545
7.12045 9.27255 8.61648 8.58636 8.58636 8.58636 8.58636 8.58636 8.58636 8.58636 8.58636 8.58675 8.93347 8.97081 8.97081 8.97081 8.97081 11.8836 16.8342 16.8342 16.8342 16.8342 16.8342 16.8342 16.8342 16.8342 16.6324 16.2860 16.4993 17.4791 16.9259 15.8234 14.7213 13.6014 7.15574 4.98634 4.84549 4.71011 4.57487 4.43979 4.30426 4.16933 4.03379 3.89871 3.77163 3.74286 3.74574 3.74585 3.74585 3.74585 4.14503 4.71709 4.66491 3.87424 3.87424 3.87424 3.87424 3.87424 3.87424 3.87424 3.87424 3.87424 3.87424 3.62215 2.88545 2.88545
5.20982 9.27731 8.72103 8.58636 8.58636 8.58636 8.58636 8.58636 8.58636 8.58636 8.58636 8.58636 8.84287 8.97081 8.97081 8.97081 8.97081 9.69346 16.7917 16.8342 16.8342 16.8342 16.8337 16.8187 16.7845 16.0564 14.8404 13.2595 12.1459 11.3839 10.6966 10.5615 10.4263 10.3081 7.25484 3.74280 3.74280 3.74280 3.74280 3.74280 3.74280 3.74280 3.74280 3.74280 3.74280 3.74280 3.74510 3.74585 3.74585 3.74585 3.91072 4.71709 4.71671 4.00127 3.87424 3.87424 3.87424 3.87424 3.87424 3.87424 3.87424 3.87424 3.87424 3.83054 2.90127 2.88545
3.66591 8.89964 8.84548 8.58636 8.58636 8.58636 8.58636 8.58636 8.58636 8.58636 8.58636 8.58636 8.74824 8.94628 8.92459 8.90293 8.88129 8.85955 15.1507 16.6291 15.7733 14.6490 13.5257 12.4170 11.3262 10.9305 10.9248 10.4076 10.3823 10.3171 10.2918 10.2918 10.2918 10.2918 9.08546 3.74280 3.74280 3.74280 3.74280 3.74180 3.71844 3.68676 3.65454 3.62275 3.59097 3.55918 3.52900 3.49867 3.46689 3.43521 3.41183 4.08778 4.10727 3.90193 3.87424 3.87424 3.87424 3.87424 3.87424 3.87424 3.87424 3.87424 3.87424 3.87424 3.08200 2.88545
3.66030 7.82890 8.99080 8.57487 8.56184 8.54877 8.53573 8.52266 8.50962 8.48168 8.43390 8.38645 8.39752 8.59201 8.53611 8.20947 7.79822 7.38825 9.55444 10.8379 10.5348 10.5008 10.4658 10.4315 10.3967 10.3622 10.3276 9.81811 9.63243 9.55693 9.47825 9.44658 9.41468 9.38301 9.32786 3.41754 2.73823 2.70633 2.67466 2.64387 2.63534 2.63534 2.63534 2.63534 2.63534 2.63534 2.63628 2.63840 2.63840 2.63840 2.63840 2.88370 3.05591 3.34568 3.87424 3.87424 3.87424 3.87424 3.87424 3.87424 3.87424 3.87424 3.87424 3.87424 3.30624 2.88545
3.36090 6.02169 8.89188 7.67096 7.63675 7.60185 7.56745 7.53275 7.49814 7.45798 7.16579 6.78972 6.41726 6.30841 5.96783 5.88324 5.88324 5.88324 6.84549 9.95022 9.95022 9.95022 9.95022 9.95022 9.95022 9.95022 9.95022 9.57432 9.27484 9.25254 9.18433 9.18433 9.18433 9.18433 9.18433 5.09045 2.63534 2.63534 2.63534 2.63534 2.63534 2.63534 2.63534 2.63534 2.63534 2.63534 2.63559 2.63838 2.63918 2.67522 2.73629 2.90016 3.05591 3.21469 3.87424 3.87424 3.87424 3.87424 3.87424 3.87424 3.87424 3.87424 3.87424 3.87424 3.53038 2.88545
3.27788 3.78873 9.00793 7.58229 7.45798 7.16579 6.78972 6.41364 6.03756 5.68171 5.59700 5.59700 5.59700 5.80380 5.88324 5.88324 5.88324 5.88324 5.94831 9.69763 9.95022 9.95022 9.95022 9.95022 9.95022 9.95022 9.95022 9.71078 9.27484 9.27158 9.18641 9.18433 9.18433 9.18433 9.18433 6.92100 2.63534 2.63534 2.63534 2.63534 2.63534 2.63534 2.63534 2.64157 2.69027 2.75380 2.82717 2.91621 3.01689 3.05591 3.05591 3.05591 3.05591 3.11051 3.87424 3.87424 3.87424 3.87424 3.87424 3.87424 3.87424 3.84914 3.78980 3.73047 3.55481 2.70750
3.27788 3.27788 6.89570 6.23393 5.68171 5.59700 5.59700 5.59700 5.59700 5.59700 5.59700 5.59700 5.59700 5.73602 5.88324 5.88324 5.88324 5.88324 5.88324 8.61259 9.95022 9.95022 9.95022 9.95022 9.95022 9.95022 9.95022 9.84810 9.27484 9.27484 9.20394 9.18433 9.18433 9.18433 9.18433 8.68857 2.69887 2.63534 2.65241 2.70926 2.77564 2.85256 2.94274 3.03610 3.05133 3.05133 3.05133 3.05413 3.05591 3.04392 3.01426 2.98455 2.95460 2.92544 3.46121 3.49333 3.43378 3.37444 3.31503 3.25548 3.19593 3.16120 3.16106 3.16106 3.16098 2.47744
3.27788 3.27788 5.12713 5.86686 5.59700 5.59700 5.59700 5.59700 5.59700 5.59700 5.59700 5.59700 5.59700 5.66824 5.88324 5.88324 5.88324 5.88324 5.88324 7.46285 9.95022 9.95022 9.95022 9.95022 9.95022 9.95022 9.95022 9.94583 9.31384 9.27484 9.22542 9.18433 9.18433 8.68461 7.72144 6.75926 3.52538 2.97366 3.01049 2.95338 2.89403 2.83468 2.77539 2.71604 2.65669 2.59734 2.53806 2.57890 2.71714 2.69946 2.69931 2.69931 2.69931 2.69931 2.96313 3.16106 3.16106 3.16106 3.16106 3.16106 3.16106 3.16106 3.16106 3.16106 3.16106 2.65052
3.27788 3.27788 4.11393 6.01106 5.59700 5.59700 5.59700 5.59700 5.59700 5.59700 5.59700 5.59700 5.59700 5.60735 5.87649 5.88324 5.88324 5.88324 5.88324 6.32207 9.94127 9.95022 9.95022 9.95022 9.95022 9.95022 9.95022 9.90804 8.71445 7.53097 6.49761 5.45214 4.45039 3.94832 3.90884 3.86928 3.27711 2.41169 2.39041 2.39041 2.39041 2.39041 2.39041 2.39041 2.39041 2.39041 2.39041 2.43546 2.69931 2.69931 2.69931 2.69931 2.69931 2.69931 2.86537 3.16106 3.16106 3.16106 3.16106 3.16106 3.16106 3.16106 3.16106 3.16106 3.16106 2.82380
3.27788 3.27788 3.28205 5.98995 5.59740 5.59700 5.59700 5.59700 5.59700 5.59700 5.59700 5.59700 5.59700 5.59700 5.81901 5.88324 5.87664 5.83285 5.78308 5.73363 9.03058 9.70133 9.59549 8.79282 7.78059 6.76815 5.75651 4.78625 4.09636 3.78799 3.78706 3.77638 3.77635 3.77635 3.77635 3.77635 3.54912 2.39041 2.39041 2.39041 2.39041 2.39041 2.39041 2.39041 2.39041 2.39041 2.39041 2.39106 2.67290 2.69908 2.69714 2.69492 2.69269 2.69047 2.78058 3.16106 3.16106 3.16106 3.16106 3.16106 3.16106 3.16106 3.16106 3.16106 3.16106 2.99693
3.27788 3.27788 3.27788 5.50033 5.65366 5.59700 5.59633 5.58980 5.58189 5.57399 5.56610 5.55821 5.55031 5.54241 5.49890 5.41259 5.36952 5.32992 5.00136 4.60358 5.48504 5.53955 4.62335 4.40486 4.39517 4.38580 4.37612 4.36672 4.15209 3.76614 3.76465 3.75330 3.75004 3.74854 3.74706 3.74558 3.73124 2.47425 2.33758 2.33536 2.33313 2.33088 2.32865 2.32643 2.32421 2.32198 2.31976 2.31754 2.52762 2.62220 2.62192 2.62192 2.62192 2.62192 2.65992 3.16106 3.16106 3.16106 3.16106 3.16106 3.16106 3.16106 3.16106 3.16106 3.16106 3.14371
3.19097 3.16730 3.14364 4.56042 5.58835 5.37151 5.35491 5.34386 5.33450 5.32481 5.31545 5.30578 5.26452 4.93534 4.49015 3.98348 3.58564 3.22165 3.15235 3.15235 3.42086 4.19349 4.19349 4.19349 4.19349 4.19349 4.19349 4.19349 4.13009 3.73639 3.73639 3.72926 3.72475 3.72475 3.72475 3.72475 3.72475 2.91566 2.31301 2.31301 2.31301 2.31301 2.31301 2.31301 2.31301 2.31301 2.31301 2.31301 2.45449 2.62192 2.62192 2.62192 2.62192 2.62192 2.62265 3.09184 3.16106 3.16106 3.16106 3.16106 3.16106 3.16106 3.16106 3.16106 3.16106 3.16106
3.04684 3.04684 3.04684 3.32641 5.60218 5.25011 5.25011 5.21982 4.90258 4.51427 4.12596 3.73766 3.37887 3.30858 3.29690 3.15311 3.15235 3.15235 3.15235 3.15235 3.17744 4.14299 4.19349 4.19349 4.19349 4.19349 4.19349 4.19349 4.19193 3.76674 3.73639 3.73196 3.72475 3.72475 3.72475 3.72475 3.72475 3.30447 2.31301 2.31301 2.31301 2.31301 2.31301 2.31301 2.31301 2.31301 2.31301 2.31301 2.38369 2.62192 2.62192 2.62192 2.62192 2.62192 2.62192 2.93612 3.16106 3.16106 3.16106 3.16106 3.16106 3.16106 3.16106 3.16106 3.16106 3.16907
3.04684 3.04684 3.04684 3.04684 4.61043 4.12596 3.73766 3.37964 3.30858 3.30858 3.30858 3.30858 3.30858 3.32609 3.45513 3.47305 3.30982 3.15235 3.15235 3.15235 3.15235 3.87398 4.19349 4.19349 4.19349 4.19349 4.19349 4.19349 4.19349 3.85748 3.73639 3.73462 3.72475 3.72475 3.72475 3.72475 3.72475 3.61647 2.31661 2.31301 2.31301 2.31301 2.31301 2.31301 2.31301 2.31301 2.31301 2.31301 2.32179 2.61299 2.62192 2.62192 2.62192 2.62538 2.66586 2.95060 3.45239 3.55339 3.65487 3.75587 3.85784 3.95932 4.06032 4.16143 4.26340 4.35675
3.04684 3.04684 3.04684 3.04684 3.17516 3.30825 3.36528 3.50924 3.64269 3.76576 3.87947 3.98491 4.08310 4.16447 4.17664 4.10638 3.71451 3.15235 3.15235 3.15235 3.15235 3.58016 4.19349 4.19349 4.19349 4.19349 4.19349 4.19349 4.19349 3.94967 3.73639 3.73636 3.72571 3.72475 3.72475 3.72475 3.62517 3.41544 2.44890 2.31301 2.31301 2.31301 2.32897 2.37686 2.42567 2.47448 2.52329 2.57209 2.62090 2.93763 3.07009 3.12089 3.17175 3.21885 3.22887 3.46502 4.37496 4.37496 4.37496 4.37496 4.37496 4.37496 4.37496 4.37496 4.37496 4.37496
3.04684 3.18354 4.30240 4.50719 4.57308 4.14659 4.17573 4.17664 4.17664 4.17664 4.17664 4.17664 4.17664 4.17664 4.17664 4.13384 3.91624 3.15235 3.15235 3.15235 3.15235 3.28656 4.19318 4.19349 4.19349 4.19349 4.19349 4.19349 4.19349 4.04182 3.73358 3.60634 3.41899 3.22844 2.98940 2.70602 2.57823 2.62704 2.67585 2.72466 2.77347 2.82222 2.85507 2.85594 2.85594 2.85594 2.85594 2.85594 2.85594 3.05765 3.22887 3.22887 3.22887 3.22887 3.22887 3.31785 4.37496 4.37496 4.37496 4.37496 4.37496 4.37496 4.37496 4.37496 4.37496 4.37496
3.04684 3.05467 4.82062 4.91383 4.91316 4.27734 4.17664 4.17664 4.17664 4.17664 4.17664 4.17664 4.17664 4.17664 4.17664 4.16132 4.05183 3.22489 3.15235 3.15235 3.15229 3.15123 4.03085 4.18958 4.18819 4.17827 4.05063 3.86580 3.65170 3.32144 2.44363 2.30869 2.55818 2.85594 2.85594 2.85594 2.85594 2.85594 2.85594 2.85594 2.85594 2.85594 2.85594 2.85594 2.85594 2.85594 2.85594 2.85594 2.85594 2.97221 3.22887 3.22887 3.22887 3.22887 3.22887 3.23174 4.24807 4.37496 4.37496 4.37496 4.37496 4.37496 4.37496 4.37496 4.37496 4.37496
3.04684 3.04684 4.52327 4.91383 4.91383 4.41376 4.17664 4.17664 4.17664 4.17664 4.17764 4.18940 4.20407 4.21874 4.23343 4.24804 4.07860 3.47454 3.14087 3.13948 3.14590 3.21740 3.59594 3.61136 3.35543 3.06898 2.99243 2.99032 2.98816 2.98463 2.36896 2.32463 2.44928 2.87649 2.87879 2.88110 2.88340 2.88570 2.88800 2.89033 2.89263 2.89494 2.89724 2.89951 2.90184 2.90415 2.90645 2.90876 2.91109 2.94493 3.28776 3.29092 3.29322 3.29552 3.29782 3.30013 3.94503 4.37496 4.37496 4.37496 4.37496 4.37496 4.37496 4.37496 4.37496 4.37496
3.04727 3.08300 4.18339 4.99064 5.01996 4.70868 4.24929 4.26291 4.27652 4.29013 4.30277 4.30459 4.30353 4.30245 4.30140 4.30587 4.17914 3.81933 3.35902 3.44400 3.52088 3.53365 3.40896 2.93858 2.93644 2.93447 2.93407 2.93407 2.93407 2.93407 2.53793 2.38869 2.40226 2.91761 2.93596 2.93596 2.93596 2.93596 2.93596 2.93596 2.93596 2.93596 2.93596 2.93596 2.93596 2.93596 2.93596 2.93596 2.93596 2.93596 3.25414 3.30889 3.30889 3.30889 3.30889 3.30889 3.71326 4.37496 4.37496 4.37496 4.37496 4.37496 4.37496 4.37496 4.37496 4.37496
3.59891 3.61900 4.02662 5.19991 5.19991 5.12785 4.29931 4.28955 4.28955 4.28955 4.29484 4.34795 4.41247 4.47699 4.54190 4.60113 4.49663 4.21434 3.52781 3.52781 3.52781 3.52781 3.51330 2.96384 2.93407 2.93407 2.93407 2.93407 2.93407 2.93407 2.64869 2.38869 2.38869 2.80398 2.93596 2.93596 2.93596 2.93596 2.93596 2.93596 2.93596 2.93596 2.93596 2.93596 2.93596 2.93596 2.93596 2.93596 2.93596 2.93596 3.16855 3.30889 3.30889 3.30889 3.30889 3.30889 3.53581 4.37496 4.37496 4.37496 4.37496 4.37496 4.37496 4.37496 4.37496 4.37496
3.61900 3.61900 3.62153 5.11116 5.19991 5.19991 4.45309 4.41182 4.47634 4.54087 4.60049 4.61216 4.61216 4.61216 4.61216 4.61216 4.56027 4.29520 3.57114 3.52781 3.52781 3.52781 3.52781 3.15206 2.93407 2.93407 2.93407 2.93407 2.93407 2.93407 2.75952 2.38869 2.38869 2.67684 2.93596 2.93596 2.93596 2.93596 2.93596 2.93596 2.93596 2.93596 2.93596 2.93596 2.93596 2.93596 2.93596 2.93596 2.93596 2.93596 3.08314 3.30889 3.30889 3.30889 3.30889 3.30889 3.39670 4.37496 4.36253 4.32333 4.28342 4.24388 4.20377 4.16390 4.12432 4.08426
