High_resolution/powerplant/Fengdu/OMI_NO2_200803.asc
ncols      200
nrows      200
xllcorner       105.978
yllcorner       28.1831
cellsize     0.0166667
NODATA_Value      -999.000
[rows 0 to 28 of 200, columns 65 to 129 of 200]
2.42929 2.42929 2.42929 2.36964 2.27666 2.21455 1.75200 1.67958 1.64780 1.64644 1.67287 1.87284 1.87363 1.87363 1.87363 1.87363 1.87363 1.87363 1.73697 1.59581 1.59581 1.59581 1.59581 1.59581 1.76393 2.10931 2.10931 2.10931 2.10931 2.10931 2.10931 2.16972 2.43746 3.64638 3.78319 3.54102 3.35197 3.89271 3.28608 3.23358 3.27966 3.33406 3.24197 3.04212 3.00894 3.00307 3.00307 3.00307 3.00307 3.00307 3.00307 3.00307 3.00307 3.00760 3.79562 2.49672 2.32234 2.32234 2.32234 2.32234 2.32234 0.00000 0.00000 0.00000 0.00000
2.31953 2.27281 2.24316 2.23848 2.24658 2.24658 1.75537 1.64644 1.64644 1.64644 1.64644 1.82629 1.87363 1.87363 1.87363 1.87363 1.87363 1.87363 1.81503 1.59581 1.59581 1.59581 1.59581 1.59581 1.65040 2.10931 2.12198 2.34551 2.56996 2.73375 2.87382 3.15206 3.41004 3.32762 2.98811 3.02484 3.12601 3.65891 3.42856 3.45539 3.46416 3.46416 3.37766 3.00307 3.00307 3.00307 3.00307 3.00307 3.00307 3.00307 3.00307 3.00307 3.00307 3.00307 3.46456 3.13575 2.32234 2.32234 2.32234 2.32234 2.32234 0.00000 0.00000 1.81679 1.65505
2.24658 2.24658 2.24658 2.24658 2.24658 2.24658 1.93805 1.64644 1.64644 1.64644 1.64644 1.75328 1.87363 1.87363 1.87363 1.87363 1.87363 1.87363 1.86819 1.61562 1.59581 1.59581 1.69467 1.88836 2.05095 2.71588 2.95221 3.19238 3.44455 3.69704 3.94656 4.01597 4.02840 3.76074 3.33382 3.35506 3.35506 3.57479 3.55788 3.46416 3.46416 3.46416 3.46305 3.05527 3.00307 3.00307 3.00307 3.00307 3.00307 3.00307 3.00307 3.00307 3.00307 3.00307 3.22435 3.58238 2.32234 2.32234 2.24296 2.01162 1.67525 1.27895 1.33508 1.48957 1.47402
2.26964 2.24658 2.24658 2.24658 2.24658 2.24658 2.12077 1.64644 1.64644 1.64644 1.64644 1.68037 1.87359 1.87363 1.87363 1.87363 1.87363 1.86766 1.83243 1.91116 2.14376 2.26603 2.35704 2.51212 2.68031 3.30913 3.98169 4.02642 4.03725 4.04652 4.05092 4.05093 4.05093 4.00516 3.36903 3.35506 3.35506 3.40210 3.66171 3.46416 3.46416 3.46416 3.46416 3.19179 3.00307 3.00307 3.00307 3.00307 3.00485 3.01927 3.03614 3.05304 3.06991 3.07842 3.02410 2.75936 1.62774 1.56199 1.52558 1.50744 1.48159 1.23597 1.23430 1.39823 1.39991
2.40899 2.24658 2.24658 2.24658 2.24658 2.24658 2.24334 1.70668 1.64644 1.64644 1.64644 1.64644 1.83436 1.85077 1.81167 1.77254 1.73344 1.70029 1.74218 2.13770 2.71797 3.00406 3.27966 3.43103 3.56878 3.77469 4.05093 4.05093 4.05093 4.05093 4.05093 4.05093 4.05093 4.05093 3.54354 3.35506 3.35506 3.35506 3.66573 3.46901 3.48539 3.50226 3.51914 3.40125 3.09181 3.10868 3.12555 3.14245 3.15411 3.10180 3.02673 2.93367 2.83771 2.75025 2.71400 2.22020 1.65197 1.50904 1.52308 1.53945 1.55569 1.25700 1.17529 1.27764 1.34893
2.56429 2.24658 2.24658 2.24658 2.24658 2.24658 2.24658 1.88608 1.63904 1.60279 1.56367 1.52460 1.60070 1.69639 1.76069 1.92885 2.18317 2.48950 2.74959 2.94243 3.63918 3.66711 3.66711 3.66711 3.66711 3.67918 4.03392 4.05093 4.05093 4.05093 4.05093 4.05093 4.05093 4.05093 3.76373 3.35506 3.35506 3.35506 3.61828 3.62634 3.62108 3.62108 3.62108 3.60469 3.13295 3.04246 2.96339 2.86809 2.77570 2.73451 2.71375 2.71098 2.71266 2.72649 2.74288 2.41618 1.90550 1.58618 1.58841 1.58841 1.58841 1.36821 1.17392 1.21714 1.34893
2.71250 2.25378 2.24658 2.24617 2.22127 2.18213 2.14305 1.92610 1.47207 1.46920 1.49928 1.61509 1.90333 2.60538 2.84702 2.98506 3.03654 3.03654 3.03654 3.03654 3.51630 3.66711 3.66711 3.66711 3.66711 3.66711 3.93032 4.05093 4.05093 4.05093 4.05093 4.05093 4.05093 4.05093 3.97975 3.35931 3.35506 3.35506 3.45259 3.64665 3.51606 3.44420 3.35951 3.26432 2.89282 2.72835 2.71157 2.71251 2.72616 2.74251 2.75880 2.77509 2.78977 2.79218 2.79218 2.59884 2.11330 1.58841 1.58841 1.58841 1.58841 1.49003 1.17392 1.17449 1.33101
2.63660 2.24999 2.12224 2.08355 2.06934 2.06934 2.09396 2.09073 1.90706 2.12334 2.30232 2.39527 2.39842 2.95052 3.03654 3.03654 3.03654 3.03654 3.03654 3.03654 3.32430 3.66711 3.66711 3.66711 3.66711 3.66711 3.81468 4.05093 4.05093 4.05093 4.05093 4.05093 4.05093 4.05093 4.05181 3.51328 3.36423 3.36716 3.34762 3.29971 3.20729 3.18330 3.17157 3.16523 2.99101 2.75848 2.77473 2.78959 2.79218 2.79218 2.79218 2.79218 2.79218 2.79218 2.79218 2.70992 2.26363 1.66754 1.58841 1.58841 1.58841 1.58264 1.20306 1.17392 1.27931
2.30505 2.20028 2.06962 2.07678 2.08417 2.09154 2.07430 2.06444 2.29351 2.39778 2.39778 2.39778 2.39778 2.74724 3.03654 3.03654 3.03654 3.03654 3.03654 3.03654 3.13232 3.66711 3.66711 3.66711 3.66711 3.66711 3.70196 4.04805 4.05093 4.05115 4.05446 4.05873 4.06301 4.06431 4.04574 3.69166 3.27757 3.24673 3.23159 3.23004 3.15054 3.14248 3.13491 3.13319 3.09779 2.79354 2.79218 2.79218 2.79218 2.79218 2.79218 2.79218 2.79218 2.79218 2.79218 2.78616 2.33958 1.85601 1.58841 1.58841 1.58841 1.58841 1.31912 1.17392 1.21907
2.28619 2.26116 2.06437 2.06444 2.06444 2.06444 2.06444 2.06444 2.19204 2.39778 2.39778 2.39778 2.39778 2.54329 3.03654 3.03654 3.03654 3.03654 3.03654 3.03654 3.03654 3.57107 3.66711 3.66711 3.66711 3.66927 3.67355 3.97800 4.06592 4.06514 4.04263 4.01733 3.99204 3.96438 3.95030 3.83180 3.20134 3.19067 3.18698 3.20788 3.13562 3.13319 3.13319 3.13319 3.13319 2.85941 2.79218 2.79218 2.79218 2.79218 2.79218 2.79218 2.79218 2.79218 2.79218 2.79218 2.48497 2.04510 1.58841 1.58841 1.58841 1.58339 1.40157 1.08944 1.04509
2.30015 2.30015 2.10452 2.06444 2.06444 2.06444 2.06444 2.06444 2.09357 2.39480 2.39778 2.39778 2.39778 2.40238 2.97343 3.03654 3.03654 3.03654 3.03654 3.03654 3.05435 3.44196 3.67646 3.68074 3.68501 3.67998 3.65546 3.81467 3.98508 3.95404 3.94146 3.93071 3.91997 3.91453 3.91453 3.91453 3.30843 3.18698 3.18698 3.18923 3.15717 3.13319 3.13319 3.13319 3.13319 2.96076 2.79218 2.79218 2.79218 2.79218 2.79218 2.79218 2.79581 2.81760 2.84194 2.86626 2.62354 2.07130 1.45997 1.39612 1.35072 1.31054 1.26867 0.890029 0.884973
2.30015 2.30015 2.17695 2.06444 2.06444 2.06444 2.06444 2.06444 2.06444 2.32237 2.39778 2.39778 2.39778 2.39778 2.77401 3.03779 3.09594 3.19658 3.31573 3.45887 3.59440 3.61869 3.65209 3.64509 3.74196 3.86248 4.00039 4.09730 3.91471 3.91453 3.91453 3.91453 3.91453 3.91453 3.91453 3.91453 3.53791 3.18698 3.18698 3.18698 3.16690 3.13319 3.13319 3.14162 3.16557 3.11878 2.87321 2.89753 2.92182 2.94614 2.97046 2.98955 2.93976 2.83964 2.69406 2.54514 2.23545 1.62035 1.40751 1.29946 1.29104 1.22649 1.15165 1.21073 1.40469
2.30015 2.30015 2.24938 2.06444 2.06444 2.06444 2.06444 2.06444 2.06444 2.22087 2.39778 2.40695 2.44624 2.49448 2.77736 3.54388 3.60603 3.58638 3.55233 3.65480 3.82492 4.00882 4.10138 4.21531 4.23174 4.23174 4.23174 4.23126 3.95307 3.91453 3.91453 3.91453 3.91453 3.91453 3.91453 3.91453 3.76698 3.18698 3.18698 3.18698 3.22786 3.31843 3.34275 3.35864 3.35898 3.35692 3.04905 2.95841 2.86844 2.75369 2.60482 2.46113 2.38256 2.33630 2.33281 2.32472 2.24280 1.47451 1.28708 1.00208 0.935541 0.925250 0.925250 1.21855 1.54351
2.30015 2.30015 2.29872 2.08755 2.06444 2.06444 2.06475 2.07386 2.08874 2.17516 2.58691 2.64415 2.64838 2.72115 2.94288 3.76887 3.96137 4.15125 4.35536 4.42294 4.42294 4.42294 4.28557 4.23174 4.23174 4.23174 4.23174 4.23174 4.04776 3.91453 3.91453 3.91453 3.91453 3.91453 3.91453 3.91453 3.91220 3.27121 3.18698 3.18698 3.20071 3.35701 3.31556 3.22560 3.13466 3.00562 2.64825 2.42620 2.36717 2.33301 2.32531 2.26133 2.18649 2.11165 2.03680 1.96930 1.95859 1.40196 1.22731 0.927227 0.925250 0.925250 0.925250 1.03679 1.54351
2.30015 2.30015 2.29409 2.15567 2.09761 2.11699 2.13985 2.14787 2.14847 2.23300 2.97190 3.39878 3.73111 3.99067 4.11921 4.31145 4.42294 4.42294 4.42294 4.42294 4.42294 4.42294 4.34272 4.23174 4.23174 4.23174 4.23174 4.23174 4.14290 3.91453 3.91453 3.91453 3.91453 3.91453 3.91453 3.91453 3.91453 3.49187 3.12553 3.06456 2.98248 2.90635 2.81078 2.75178 2.69371 2.66452 2.46976 2.18724 2.11239 2.03755 1.97012 1.95859 1.95859 1.95859 1.95859 1.95859 1.95859 1.58586 1.24122 0.996153 0.925250 0.925250 0.925250 0.926425 1.47226
2.22476 2.18517 2.14992 2.14787 2.14890 2.26535 2.46105 2.65756 2.85256 2.96430 3.61068 4.12077 4.12077 4.12077 4.12077 4.21487 4.42294 4.42294 4.42294 4.42294 4.42294 4.42294 4.40920 4.23539 4.23174 4.23174 4.23174 4.23174 4.22276 3.92973 3.91453 3.91453 3.91487 3.91890 3.92461 3.93134 3.92237 3.56018 2.59607 2.47802 2.36618 2.46910 2.46944 2.35024 2.23105 2.12110 2.09262 1.96246 1.95859 1.95859 1.95859 1.95859 1.95859 1.95859 1.95859 1.95859 1.95859 1.77003 1.22244 1.09766 0.925250 0.925250 0.925250 0.925250 1.29169
2.16190 2.30544 2.50185 2.69715 2.89261 2.97217 2.97217 2.97217 2.97217 2.97217 3.26104 4.12077 4.12077 4.12077 4.12077 4.13156 4.40950 4.42294 4.42294 4.42294 4.42294 4.42294 4.42294 4.27168 4.23174 4.23174 4.23174 4.23180 4.24792 4.03664 3.92911 3.93672 3.91885 3.83662 3.75116 3.66549 3.47200 3.20864 1.84011 1.51079 1.27780 1.56471 2.09939 2.09939 2.09939 2.09939 2.09939 1.99747 1.95859 1.95859 1.95859 1.95859 1.95859 1.95859 1.95859 1.95859 1.95859 1.93336 1.22848 1.19516 0.925250 0.925250 0.925250 0.925250 1.11052
2.91956 2.97217 2.97217 2.97217 2.97217 2.97217 2.97217 2.97217 2.97217 2.97217 2.99078 4.04138 4.12077 4.12077 4.12077 4.12077 4.32372 4.42294 4.42294 4.42294 4.42294 4.42294 4.42294 4.33229 4.26933 4.30492 4.34706 4.39766 4.38614 4.11954 3.73957 3.56799 3.27363 3.03328 2.79489 2.55662 2.44472 2.44472 1.66590 1.20416 1.20416 1.27333 2.08185 2.09939 2.09939 2.09939 2.09939 2.03922 1.95859 1.95859 1.95859 1.95859 1.95859 1.95859 1.95859 1.95859 1.95148 1.91984 1.42606 1.35681 1.11698 1.17792 1.28176 1.39868 1.55794
2.97217 2.97217 2.97217 2.97217 2.97217 2.97217 2.97217 2.97217 2.97217 2.97217 2.97217 3.71010 4.12077 4.12077 4.12077 4.12077 4.22701 4.42294 4.42294 4.42294 4.42294 4.42294 4.42294 4.42280 4.37475 4.28927 4.24712 4.40279 4.61998 4.74772 2.62249 2.44748 2.44472 2.44472 2.44472 2.44472 2.44472 2.44472 2.05618 1.20416 1.20416 1.20416 1.96823 2.09939 2.09939 2.09939 2.09939 2.06455 1.90856 1.87477 1.84117 1.80752 1.77377 1.74011 1.70328 1.63439 1.55283 1.47896 1.35317 1.34207 1.62233 1.63003 1.63003 1.62925 1.62310
2.97217 2.97217 2.97217 2.97217 2.97217 2.97217 2.97217 2.97217 2.97217 2.97217 2.97217 3.36051 4.12077 4.12077 4.12077 4.12077 4.13808 4.41526 4.42294 4.42125 4.36319 4.28642 4.39308 4.57371 4.80186 5.06789 5.29033 5.31487 5.31487 5.31487 3.07328 2.44472 2.44472 2.44472 2.44472 2.44472 2.44472 2.44472 2.39718 1.34686 1.35622 1.40614 1.71823 1.90327 1.86955 1.83583 1.80214 1.78484 1.66744 1.64293 1.61220 1.56421 1.50144 1.42247 1.33872 1.30572 1.29244 1.29198 1.26631 1.21510 1.60342 1.60883 1.60162 1.59518 1.59416
2.97217 2.97217 2.97217 2.97217 2.97217 2.97217 2.97217 2.97217 2.97217 2.97217 2.97217 3.03730 4.09435 4.12077 4.12077 4.12328 4.17077 4.38281 4.56361 4.74588 4.98420 5.24126 5.31487 5.31487 5.31487 5.31487 5.31487 5.31487 5.31487 5.26068 3.82781 2.44050 2.43897 2.43758 2.43631 2.43514 2.43407 2.43309 2.43266 1.86712 1.60561 1.60561 1.59690 1.77372 1.78479 1.76489 1.72600 1.68174 1.52666 1.36152 1.31998 1.30081 1.29198 1.29133 1.28530 1.27810 1.27092 1.26368 1.25292 1.16638 1.46964 1.59416 1.59416 1.59416 1.59416
2.97217 2.97217 2.97217 2.97217 2.97217 2.98867 2.97217 2.97217 2.97217 2.97217 2.97217 2.97502 3.91279 4.53505 4.86493 5.19200 5.47431 5.50054 5.31487 5.31487 5.31487 5.31487 5.31487 5.31487 5.31487 5.31487 5.28524 4.48909 4.39761 4.34732 3.99953 2.43266 2.43266 2.43266 2.43266 2.43266 2.43266 2.43266 2.43266 2.12739 1.60561 1.60561 1.60250 1.61600 1.56826 1.52194 1.50276 1.48444 1.43482 1.28541 1.27824 1.27104 1.26382 1.25729 1.25611 1.25611 1.25611 1.25611 1.25611 1.18429 1.33650 1.59416 1.59416 1.59416 1.59416
2.97578 3.05056 3.13729 3.20890 3.26915 3.26988 2.97227 2.98028 3.29417 3.76947 4.24473 4.71747 5.28975 5.62265 5.62265 5.62265 5.62265 5.59569 5.31822 5.31487 5.31487 5.31487 5.31487 5.31487 5.31487 5.31487 5.31487 4.49096 4.34609 4.34609 4.34294 2.66297 2.43266 2.43266 2.43266 2.43266 2.43266 2.43266 2.43266 2.33799 1.58884 1.56129 1.54213 1.49011 1.48829 1.50012 1.51195 1.52378 1.53064 1.27576 1.25611 1.25611 1.25611 1.25611 1.25611 1.25611 1.25611 1.25611 1.25611 1.20650 1.20628 1.59124 1.59416 1.59416 1.59416
3.28879 3.30303 3.30303 3.37059 3.66445 3.98097 4.42634 4.93191 5.09276 5.09276 5.09276 5.09276 5.15957 5.62212 5.62265 5.62265 5.62265 5.62265 5.38908 5.31487 5.31487 5.31487 5.31487 5.31487 5.31487 5.31487 5.31487 4.69474 4.34609 4.34609 4.34609 3.23247 2.43266 2.43266 2.43266 2.38318 2.26841 2.15340 2.03826 1.96557 1.65460 1.55417 1.56601 1.55239 1.53680 1.53680 1.53680 1.53680 1.53680 1.35473 1.25611 1.25611 1.25611 1.25611 1.25611 1.25611 1.25611 1.25611 1.25611 1.22872 1.16481 1.49961 1.59416 1.59416 1.59416
3.81100 4.12756 4.44449 4.69370 4.71675 4.71675 4.87767 5.09276 5.09276 5.09276 5.09276 5.09276 5.09276 5.52919 5.62265 5.62265 5.62265 5.62265 5.48714 5.31487 5.31487 5.31487 5.31487 5.31487 5.31487 5.31487 5.31487 4.94372 4.34609 4.34609 4.34580 3.74126 2.25236 2.13730 2.02684 1.97301 1.98455 1.99639 2.00820 2.01353 1.82905 1.58109 1.58109 1.56689 1.53680 1.53680 1.53680 1.53680 1.53680 1.43770 1.25611 1.25611 1.25611 1.25611 1.25611 1.25611 1.25611 1.25611 1.25611 1.25015 1.15905 1.33635 1.53955 1.51639 1.58534
4.71675 4.71675 4.71675 4.71675 4.71675 4.71675 4.77711 5.09276 5.09276 5.09276 5.09276 5.09276 5.09276 5.36968 5.62265 5.62265 5.62265 5.62265 5.58418 5.31555 5.31487 5.30898 5.23632 5.15866 5.09402 5.04535 5.29194 5.11459 4.15720 3.98696 3.61299 3.16675 1.99606 2.00615 2.01345 2.01353 2.01353 2.01353 2.01353 2.01353 1.96337 1.58239 1.58109 1.57761 1.53702 1.53680 1.53680 1.53680 1.53680 1.51683 1.26001 1.24449 1.22169 1.19884 1.17599 1.15315 1.13032 1.10749 1.08465 1.12084 1.23087 1.52458 1.69344 1.80059 1.83766
4.71675 4.71675 4.71675 4.71675 4.71675 4.71675 4.71876 5.04372 5.09276 5.09276 5.09276 5.09276 5.09276 5.21008 5.62265 5.62265 5.62265 5.57211 5.45977 5.17011 5.06354 5.01610 4.99919 4.90876 4.78494 4.50981 4.05152 3.38063 2.55166 2.11846 2.07791 2.07791 2.02871 2.01353 2.01353 2.01353 2.01353 2.01353 2.01353 2.01353 2.01353 1.66760 1.56016 1.52602 1.47441 1.45068 1.42783 1.40503 1.38218 1.35931 1.12268 1.04456 1.04456 1.04456 1.04653 1.14297 1.33435 1.61756 1.86516 2.03300 2.03034 1.99686 1.90217 1.92428 1.97603
4.71675 4.71675 4.71675 4.71675 4.71675 4.71675 4.71675 4.90908 5.09276 5.09276 5.09276 5.09276 5.08599 5.03192 5.36871 5.32238 5.25050 5.21172 5.20408 5.02164 4.68131 4.33195 3.93041 3.56406 3.17803 3.06792 2.75117 1.74729 1.98104 2.07791 2.07791 2.07791 2.04672 2.00629 1.99020 1.97276 1.95381 1.93316 1.91051 1.88559 1.85809 1.51921 1.16737 1.16737 1.27393 1.32525 1.32525 1.32525 1.32525 1.32525 1.20841 1.18335 1.35251 1.62563 1.87520 2.01498 2.08384 2.13406 2.19454 2.26212 2.30147 2.29589 2.19691 2.10266 2.10266
4.71675 4.71675 4.71675 4.71675 4.71675 4.71675 4.71675 4.80192 5.05887 4.99529 4.94270 4.89850 4.86390 4.85802 5.06876 5.10529 4.85521 4.55229 4.20370 3.76423 3.06792 3.06792 3.06792 3.06792 3.06792 3.06792 3.00396 1.76565 1.84429 1.93598 1.89435 1.84467 1.79243 1.81581 1.81603 1.81603 1.81603 1.81603 1.81603 1.81603 1.81603 1.70459 1.16737 1.23555 1.42911 1.44449 1.36214 1.50436 1.65854 1.89691 2.07802 2.00081 2.12302 2.19390 2.26140 2.33731 2.41433 2.42837 2.42837 2.42837 2.41805 2.30868 2.26045 2.10266 2.10266
