High_resolution/powerplant/Fengdu/OMI_NO2_200805.asc
ncols      200
nrows      200
xllcorner       105.978
yllcorner       28.1831
cellsize     0.0166667
NODATA_Value      -999.000
[rows 30 to 59 of 200, columns 0 to 65 of 200]
2.68233 2.68233 2.59647 2.39469 2.64940 2.97757 2.98083 2.98083 2.98092 2.98090 2.97156 2.95928 2.94700 2.93427 2.89295 2.90753 2.91368 2.91213 2.91045 2.88562 2.31734 2.30100 2.31792 2.36374 2.29267 2.28106 2.26961 2.25806 2.24658 2.29524 2.31914 2.30756 2.29601 2.28547 2.28354 2.28354 2.28354 2.16675 1.94474 1.94474 1.94474 1.94474 1.97147 1.95994 2.05781 2.14653 2.12435 2.10586 2.10386 2.10386 2.10386 2.10386 2.13123 2.49367 2.49804 2.62899 2.80877 2.96229 3.08171 3.01331 2.88493 3.03083 3.02571 3.02060 3.01549 3.01038
2.68233 2.68233 2.68233 2.40349 2.48064 2.94677 2.93280 2.91884 2.90478 2.89086 2.88622 2.88453 2.88284 2.88117 2.88588 2.88844 2.88706 2.88693 2.88693 2.88693 2.44550 2.27638 2.27638 2.29360 2.18785 2.18785 2.18785 2.18785 2.18785 2.22239 2.28354 2.28354 2.28354 2.28354 2.28354 2.28354 2.28354 2.26509 1.93377 1.87304 1.81779 1.76255 1.80564 1.87294 1.94006 2.10386 2.10386 2.10386 2.10386 2.10386 2.10386 2.16759 2.32457 2.77426 2.97159 2.98583 2.95196 2.91809 2.88413 2.86494 2.81824 3.00089 3.00740 3.00740 3.00740 3.00740
2.51416 2.46188 2.40957 2.28488 2.26242 2.82126 2.87629 2.87629 2.87629 2.87629 2.87629 2.87629 2.87629 2.87629 2.87979 2.88693 2.88693 2.88693 2.88693 2.88693 2.61299 2.27638 2.27638 2.29603 2.18785 2.18785 2.18785 2.18785 2.18785 2.19698 2.28321 2.28354 2.28354 2.27970 2.22294 2.14924 2.07561 2.00195 1.74756 1.69475 1.69475 1.69475 1.73986 1.87294 1.89234 2.09014 2.06282 2.05407 2.18217 2.31531 2.43358 2.49500 2.47980 2.67293 2.86732 2.86732 2.86732 2.86732 2.86732 2.86732 2.82336 2.94156 3.00740 3.00740 3.00740 3.00740
2.35843 2.35843 2.35843 2.32676 2.26219 2.68660 2.87629 2.87629 2.87629 2.87629 2.87629 2.87629 2.87629 2.87629 2.87702 2.88681 2.88693 2.88693 2.88693 2.88693 2.75729 2.27638 2.27638 2.29539 2.19088 2.18785 2.18785 2.18785 2.18785 2.16139 2.16724 2.11058 2.03695 1.96708 1.95022 1.95022 1.95022 1.95022 1.80941 1.69602 1.69758 1.69914 1.70376 1.87238 2.01800 2.22641 2.34131 2.46361 2.47952 2.47952 2.47952 2.48188 2.51187 2.63096 2.86732 2.86732 2.86732 2.86732 2.86732 2.86732 2.83875 2.88068 3.00740 3.00740 3.00740 3.00740
2.35843 2.35843 2.35843 2.36395 2.27602 2.53130 2.87629 2.87629 2.87629 2.87629 2.87629 2.87629 2.87629 2.87629 2.87629 2.88464 2.88693 2.88693 2.88693 2.88693 2.87029 2.29904 2.27638 2.27648 2.20714 2.12352 2.04989 1.97620 1.90253 1.85537 1.90752 1.95022 1.95108 1.95315 1.95523 1.95732 1.95940 1.96149 1.89515 1.70506 1.77622 1.97874 2.15015 2.39404 2.48885 2.54336 2.53488 2.57279 2.61067 2.64857 2.68646 2.72201 2.72989 2.73486 2.86335 2.86732 2.86732 2.86732 2.86732 2.86797 2.86801 2.85984 3.00733 3.00740 3.00740 3.00740
2.35843 2.35843 2.35843 2.35843 2.30531 2.35060 2.87601 2.87629 2.87629 2.87629 2.87629 2.87629 2.87629 2.87629 2.87629 2.88175 2.88522 2.87091 2.85409 2.83729 2.81335 2.39759 2.20536 2.17425 1.97645 1.85712 1.88913 1.92946 1.96976 2.01011 2.02640 1.96273 1.96395 1.96396 1.96396 1.96396 1.96396 1.96396 1.96004 1.76416 2.07576 2.46252 2.50043 2.58754 2.71877 2.78547 2.72995 2.72989 2.72989 2.72989 2.72989 2.72989 2.72989 2.72989 2.82775 2.87531 2.89326 2.91117 2.92914 2.94732 2.95524 2.90533 3.00073 3.03169 3.03758 3.04422
2.35843 2.35843 2.35843 2.35843 2.34673 2.26219 2.80640 2.87629 2.87620 2.86601 2.84915 2.83235 2.81556 2.79874 2.78191 2.76728 2.74474 2.71889 2.69553 2.68108 2.69426 2.51326 2.27114 2.31144 2.24305 2.10456 2.11288 2.11288 2.11288 2.11288 2.10655 1.96777 1.96396 1.96396 1.96396 1.96396 1.96396 1.96396 1.96396 2.00289 2.05825 2.57099 2.57260 2.57306 2.69567 2.73747 2.77886 2.76053 2.76405 2.76758 2.77388 2.79069 2.80859 2.82644 2.91646 3.02468 3.02911 3.03353 3.03794 3.04143 3.04171 3.00112 3.05186 3.13134 3.13281 3.13352
2.35843 2.35843 2.35843 2.35843 2.39664 2.27045 2.61244 2.77082 2.75411 2.74749 2.74749 2.74354 2.72233 2.71467 2.71866 2.72321 2.76483 2.79677 2.82700 2.84839 2.84920 2.76064 2.40274 2.41041 2.36716 2.05621 2.04274 2.02871 2.01490 2.00086 1.98703 1.86150 1.81025 1.79624 1.78241 1.76837 1.75454 1.74056 1.72670 1.76942 1.82837 2.29393 2.44496 2.44496 2.55044 2.60398 2.86969 2.82807 2.84242 2.85677 2.86837 2.86941 2.86941 2.86941 2.90173 3.04171 3.04171 3.04179 3.04269 3.04379 3.04489 3.02026 3.01123 3.10340 3.07525 3.04707
2.35843 2.35843 2.35843 2.35843 2.37761 2.31195 2.46527 2.76770 2.77748 2.78717 2.79691 2.81060 2.84155 2.85892 2.86470 2.87042 2.90047 2.91668 2.92241 2.92819 2.93397 2.93080 2.54078 2.52127 2.51767 1.90253 1.86002 1.86002 1.86002 1.86002 1.86002 1.78839 1.71110 1.71110 1.71110 1.71110 1.71110 1.71110 1.71110 1.73168 1.82837 2.10694 2.49007 2.52292 2.59151 2.65104 2.90235 2.86941 2.86941 2.86941 2.86941 2.86941 2.86941 2.86941 2.87207 3.03151 3.04759 3.05185 3.05531 3.05855 3.06178 3.02869 2.84018 2.92419 2.93355 2.93355
0.00000 2.46856 2.57799 2.68716 2.79638 2.71151 2.52975 2.90566 2.90712 2.90712 2.90712 2.90712 2.90712 2.90712 2.90712 2.90712 2.92197 2.94180 2.94180 2.94180 2.94180 2.94180 2.65576 2.52127 2.52127 2.04366 1.86002 1.86002 1.86002 1.86002 1.86002 1.82830 1.71110 1.71110 1.71110 1.71110 1.71590 1.76141 1.81616 1.87090 1.98281 2.05960 2.58275 2.59426 2.60247 2.65459 2.86175 2.87112 2.86951 2.87145 2.87429 2.87773 2.88121 2.88468 2.88766 3.00405 3.06796 3.06796 3.06796 3.06796 3.06796 3.06713 2.85818 2.89225 2.93355 2.93355
0.00000 3.03734 3.03734 3.03734 3.03734 2.93813 2.48404 2.84725 2.90712 2.90712 2.90712 2.90712 2.90712 2.90712 2.90712 2.90712 2.91258 2.94180 2.94180 2.94180 2.94180 2.94180 2.76716 2.52127 2.52127 2.18857 1.85990 1.86002 1.86002 1.86002 1.86002 1.85826 1.74652 1.79127 1.84602 1.90076 1.95070 1.95993 1.95993 1.95993 1.99663 2.01500 2.44413 2.58524 2.57916 2.62341 2.76619 2.90525 2.88820 2.88975 2.89038 2.89041 2.89041 2.89041 2.89041 2.95568 3.06796 3.06796 3.06796 3.06796 3.06796 3.06796 2.91781 2.86425 2.93355 2.93355
0.00000 3.03734 3.03734 3.03734 3.03734 2.99587 2.57857 2.74924 2.90712 2.90712 2.90712 2.90712 2.90712 2.90712 2.90712 2.90712 2.90716 2.93784 2.94180 2.94180 2.94180 2.94180 2.86359 2.52127 2.52127 2.33471 1.85851 1.86714 1.91531 1.97005 2.02480 2.07954 2.00807 1.95993 1.95993 1.95789 1.94843 1.93829 1.92815 1.91802 1.93490 1.96836 2.21086 2.55435 2.55523 2.58825 2.67787 2.93295 2.88970 2.88621 2.88243 2.87865 2.87487 2.87109 2.86731 2.89230 3.06796 3.06796 3.06796 3.06796 3.06796 3.06796 2.97629 2.81188 2.92719 2.93355
0.00000 3.03734 3.03734 3.03734 3.03734 3.01259 2.71917 2.63600 2.90712 2.90712 2.90712 2.90712 2.90712 2.90712 2.90712 2.90712 2.90712 2.92848 2.94180 2.94180 2.93351 2.91168 2.88222 2.58957 2.69806 2.77729 2.18558 2.10229 2.10778 2.04134 1.93620 1.83092 1.79766 1.91140 1.90128 1.89317 1.89251 1.89251 1.89251 1.89251 1.89920 1.96377 2.00270 2.53677 2.54671 2.55685 2.60247 2.91452 2.86564 2.86535 2.86535 2.86535 2.86535 2.86535 2.86535 2.86560 3.04193 3.06796 3.04966 3.01444 2.97924 2.94400 2.88158 2.67244 2.85187 2.93342
0.00000 0.00000 3.03734 3.03734 3.03734 3.03344 2.89766 2.51196 2.90326 2.90712 2.90712 2.90712 2.90376 2.88395 2.86198 2.83999 2.81799 2.80797 2.81368 2.86327 2.94187 3.03402 3.11485 3.00039 2.84738 2.74203 2.04148 1.57905 1.47444 1.43573 1.43573 1.43573 1.50029 1.89251 1.89251 1.89251 1.89251 1.89251 1.89251 1.89251 1.89251 1.92760 1.93312 2.37464 2.53200 2.53465 2.60617 2.85843 2.84879 2.83937 2.83318 2.82702 2.82084 2.80770 2.77460 2.74024 2.79996 2.82572 2.80107 2.79334 2.78561 2.77786 2.77013 2.56304 2.67981 3.01894
0.00000 0.00000 3.03734 3.03734 3.03684 2.96388 2.87749 2.49302 2.74870 2.80295 2.78097 2.75899 2.74036 2.73818 2.76227 2.85102 2.93503 3.00866 2.96741 2.90703 2.82807 2.74922 2.68182 2.55946 2.38878 2.38878 1.97475 1.49410 1.47111 1.50338 1.53565 1.56792 1.60042 2.03174 2.12170 2.15391 2.18636 2.21845 2.25096 2.28312 2.31562 2.30399 2.29890 2.53534 2.86339 2.88061 2.92129 2.88338 2.76052 2.71349 2.68530 2.65714 2.62896 2.60771 2.60647 2.60647 2.65007 2.74436 2.74436 2.74436 2.77382 2.91605 3.06917 3.08354 3.12453 3.47474
2.04103 2.04103 2.16985 2.59161 2.55374 2.53918 2.61866 2.49854 2.56548 2.73871 2.78238 2.85411 2.92752 3.00104 3.05043 3.03521 3.02473 3.02711 2.75809 2.69420 2.69673 2.69925 2.70177 2.65724 2.43319 2.43655 2.37609 2.15875 2.02143 2.02143 2.02143 2.02143 2.02143 2.29860 2.47821 2.47821 2.47821 2.47821 2.47821 2.47821 2.47821 2.44474 2.37239 2.40487 2.90217 2.98194 2.99612 2.80818 2.65970 2.60647 2.60647 2.60647 2.60647 2.60647 2.60647 2.60647 2.62395 2.86720 3.02098 3.18989 3.33968 3.37675 3.40289 3.33523 3.16590 3.53157
2.04103 2.04103 2.04103 2.48882 2.50520 2.46261 2.50406 2.56289 2.67861 3.01999 3.04983 3.05169 3.05178 3.05178 3.05178 3.05178 3.05178 3.05178 2.87162 2.71385 2.71385 2.71385 2.71385 2.71073 2.46178 2.44260 2.41842 2.24847 2.02143 2.02143 2.02143 2.02143 2.02143 2.17650 2.47821 2.47821 2.47821 2.47821 2.47821 2.49334 2.59155 2.69613 2.62902 2.70645 3.06659 3.18498 3.16573 2.81136 2.67814 2.60647 2.60647 2.60647 2.61574 2.69649 2.83998 2.98334 3.12110 3.39597 3.47672 3.48714 3.48714 3.48714 3.48714 3.46241 3.18759 3.39568
2.04103 2.04103 2.04103 2.21095 2.27470 2.27470 2.31511 2.53841 2.68158 3.04327 3.05178 3.05178 3.05178 3.05178 3.05178 3.05178 3.05178 3.05178 2.96304 2.71385 2.71385 2.71385 2.71385 2.71385 2.53935 2.44260 2.44116 2.31337 2.05077 2.02143 2.02143 2.02143 2.02143 2.05755 2.47522 2.54069 2.65136 2.76208 2.87275 2.96830 2.98081 2.98081 2.80117 2.74934 2.92243 3.18899 3.20661 2.95449 2.76948 2.72895 2.86047 3.00397 3.13805 3.20070 3.20070 3.20070 3.20070 3.34856 3.48714 3.48714 3.48714 3.48714 3.48714 3.48714 3.24213 3.27601
2.04103 2.04103 2.04103 2.14283 2.27470 2.27470 2.27470 2.51680 2.62704 2.96348 3.05178 3.05178 3.05178 3.05178 3.05178 3.05178 3.05178 3.05178 3.04165 2.72663 2.71385 2.71385 2.71385 2.71385 2.61031 2.44260 2.44260 2.34311 2.13647 2.02143 2.04164 2.14371 2.25438 2.36511 2.84321 2.98081 2.98081 2.98081 2.98193 3.00479 3.03605 3.06731 2.96128 2.86112 2.90792 3.30355 3.41413 3.37779 3.21049 3.21756 3.20070 3.20224 3.22912 3.26661 3.30662 3.34935 3.39510 3.45576 3.48714 3.48714 3.48714 3.48714 3.48714 3.48714 3.32141 3.19687
2.04103 2.04103 2.04103 2.05792 2.27104 2.27470 2.27470 2.47034 2.58180 2.86776 3.05178 3.05178 3.05178 3.05178 3.05178 3.05178 3.05178 3.05178 3.05178 2.80788 2.71385 2.71385 2.71385 2.71324 2.66358 2.44251 2.40496 2.26695 2.17631 2.42492 2.51538 2.52403 2.54673 2.61455 2.88587 3.08649 3.11777 3.14901 3.17915 3.18754 3.18754 3.18754 3.12112 2.90439 2.90439 3.52614 3.83691 3.84354 3.48507 3.42576 3.42504 3.47405 3.48714 3.48714 3.48714 3.48714 3.48714 3.48714 3.48714 3.48714 3.48733 3.51631 3.56591 3.61558 3.57880 3.40937
2.04103 2.04103 2.04103 2.04103 2.23899 2.27470 2.27470 2.41523 2.54108 2.76575 3.05178 3.05178 3.05178 3.05178 3.05178 3.05178 3.04624 3.03542 3.02459 2.86121 2.66499 2.64923 2.59523 2.53372 2.47840 2.19753 2.19307 2.22222 2.21311 2.75902 2.85061 2.91977 2.96609 2.96733 3.02676 3.18754 3.18754 3.18754 3.18754 3.18754 3.18754 3.18754 3.18558 3.10455 3.15530 3.59242 4.18693 4.18693 3.76978 3.56311 3.48714 3.48852 3.50354 3.52200 3.54061 3.55908 3.59206 3.65878 3.72694 3.79496 3.86304 3.90218 3.92064 3.93914 3.94386 3.68146
2.04103 2.04103 2.04103 2.04103 2.18893 2.27470 2.27470 2.34887 2.54841 2.69755 3.02878 3.03397 3.01193 2.99562 2.98481 2.97397 2.96868 2.95113 2.90065 2.78956 2.51962 2.52513 2.56885 2.62065 2.67245 2.62462 2.58597 2.57553 2.45142 2.80449 2.96733 2.96733 2.96733 2.98991 3.08535 3.38367 3.48276 3.57608 3.66807 3.76039 3.85337 3.94552 4.03834 4.13033 4.22364 4.35730 5.08163 5.17210 4.97876 3.94706 3.86071 3.87154 3.91691 3.96651 4.01613 4.06582 4.10089 4.10228 4.10228 4.10228 4.10228 4.10228 4.10228 4.11020 4.13087 3.92265
2.04103 2.11989 2.28605 2.52967 2.71847 2.75163 2.84879 2.93684 3.01947 3.04060 3.05070 3.04939 3.00281 2.93071 2.87576 2.82070 2.76539 2.72200 2.70952 2.69857 2.70645 2.70007 2.69206 2.68405 2.67601 2.60350 2.48154 2.47086 3.45571 3.95502 4.36873 4.46072 4.55304 4.62344 4.62775 4.78948 4.84796 4.84796 4.84796 4.84796 4.84796 4.84796 4.84796 4.84796 4.84796 4.84796 5.27551 5.42877 5.33262 4.30721 4.08421 4.09451 4.10228 4.10228 4.10228 4.10228 4.10228 4.10228 4.10228 4.10553 4.12435 4.14517 4.16372 4.16791 4.15900 3.93259
3.23492 3.28919 3.29472 3.29605 3.29389 3.04902 3.03349 3.03080 2.98344 2.94609 2.89491 2.83932 2.74444 2.61794 2.60987 2.60186 2.59409 2.59197 2.59197 2.59197 2.60346 2.60988 2.60988 2.60988 2.60988 2.58196 2.41477 2.41477 3.49117 4.15538 4.62275 4.62775 4.62775 4.62775 4.62775 4.73055 4.84796 4.84796 4.84796 4.84796 4.84796 4.84796 4.84645 4.83884 4.83060 4.82236 5.05440 5.40416 5.40212 4.64506 4.16013 4.10228 4.10228 4.10228 4.10228 4.10140 4.10801 4.11978 4.13153 4.14005 4.13300 4.12391 4.11715 4.11679 4.11679 3.97182
3.29605 3.29605 3.29605 3.29605 3.27157 3.04188 2.95242 2.93275 2.87593 2.84480 2.77818 2.74803 2.73450 2.59217 2.59197 2.59197 2.59197 2.59197 2.59197 2.59197 2.59866 2.60988 2.60988 2.60988 2.60988 2.60900 2.43438 2.41477 3.11850 4.11146 4.50957 4.62775 4.62775 4.62775 4.62775 4.67160 4.84796 4.84787 4.84259 4.83435 4.82611 4.81787 4.81115 4.81052 4.81052 4.81052 4.84499 5.38654 5.40435 4.92593 4.18834 4.07645 4.07554 4.08725 4.09900 4.11166 4.11679 4.11679 4.11679 4.11679 4.11679 4.11679 4.11679 4.11679 4.11679 4.10331
3.25457 3.19646 3.14875 3.10891 3.08619 3.01118 2.91802 2.91802 2.89151 2.84480 2.80731 2.74829 2.74803 2.62037 2.59197 2.59197 2.59197 2.59197 2.59197 2.59197 2.59386 2.60985 2.60988 2.60988 2.60988 2.60988 2.49095 2.41477 2.74566 4.11146 4.35247 4.62775 4.62775 4.62576 4.61790 4.61147 4.80476 4.81348 4.81052 4.81052 4.81052 4.81052 4.81233 4.81631 4.82029 4.82426 4.82824 5.26265 5.42722 5.24667 4.25442 4.13642 4.11674 4.11679 4.11679 4.11679 4.11679 4.11679 4.11679 4.11679 4.11679 4.11679 4.11679 4.11679 4.11679 4.11679
3.08571 3.08571 3.08571 3.08571 3.08571 3.06301 2.91827 2.91802 2.90987 2.84486 2.83513 2.74987 2.74803 2.66410 2.59197 2.59197 2.59197 2.59197 2.59197 2.59197 2.59197 2.60693 2.60988 2.60988 2.60988 2.60988 2.54088 2.41477 2.44355 4.07748 4.27310 4.60517 4.59693 4.59068 4.59031 4.59688 4.75511 4.81871 4.82269 4.82666 4.83064 4.83462 4.83678 4.83678 4.83678 4.83678 4.83678 5.09686 5.49919 5.48875 4.37889 4.19330 4.11679 4.11679 4.11679 4.11679 4.11679 4.11679 4.11679 4.11679 4.11679 4.11679 4.11679 4.11625 4.09175 4.05436
3.08571 3.08571 3.08571 3.08571 3.08571 3.08571 2.94027 2.91802 2.91802 2.85280 2.84480 2.76959 2.74803 2.70300 2.59197 2.59197 2.59197 2.59197 2.59197 2.59294 2.60006 2.61840 2.63438 2.64259 2.65720 2.70141 2.71941 2.57709 2.62920 3.95054 4.41112 4.66906 4.75013 4.79654 4.84293 4.88273 4.86781 4.83678 4.83678 4.83678 4.83678 4.83678 4.83685 4.83695 4.83704 4.83679 4.83678 4.87388 5.48018 5.50070 4.64713 4.23831 4.11679 4.11679 4.11679 4.11679 4.11679 4.11679 4.10604 4.06351 3.99737 3.93080 3.86421 3.79800 3.75595 3.72685
3.08571 3.08571 3.08571 3.08571 3.08571 3.08571 2.98042 2.91802 2.91802 2.86722 2.84480 2.79928 2.75229 2.74624 2.61405 2.62192 2.63012 2.63833 2.64654 2.65380 2.67335 2.71833 2.77282 2.84022 2.90823 2.94674 2.98112 2.88924 2.91916 3.85458 4.64153 4.77837 4.88782 4.88782 4.88782 4.88745 4.87908 4.83699 4.83708 4.81723 4.75973 4.70611 4.65190 4.59612 4.53983 4.39663 4.29096 4.21565 4.75202 4.92289 4.40909 3.86952 3.68160 3.64848 3.61399 3.55139 3.48482 3.41805 3.36229 3.33828 3.33788 3.33788 3.33788 3.33788 3.33788 3.33605
3.08571 3.08571 3.08571 3.08571 3.10433 3.22981 3.28816 3.23398 3.34532 3.36798 3.35796 3.43102 2.72740 2.65809 2.65490 2.65748 2.69925 2.79045 2.88611 2.98167 3.05879 3.11150 3.06572 3.07119 3.07183 3.07246 3.07309 2.99979 2.95016 3.32046 3.99394 4.04030 4.16866 4.13593 4.10634 4.07447 4.02140 3.93249 3.87116 3.83327 3.83226 3.83226 3.83226 3.83226 3.83226 3.68180 3.49669 3.49669 3.89806 4.49517 4.29052 3.61922 3.45261 3.37387 3.34189 3.33788 3.33788 3.33788 3.33788 3.33788 3.33788 3.33788 3.26255 3.04031 2.81448 2.58824
