High_resolution/powerplant/Fengdu/OMI_NO2_200807.asc
ncols      200
nrows      200
xllcorner       105.978
yllcorner       28.1831
cellsize     0.0166667
NODATA_Value      -999.000
[rows 87 to 115 of 200, columns 67 to 133 of 200]
2.04376 1.99448 1.98590 1.98184 1.97385 1.96584 1.96055 1.95728 1.95401 1.95796 1.96966 1.98192 1.93199 1.94600 1.97095 2.14208 2.21712 2.23946 2.23600 2.23252 2.22906 2.22724 2.14976 2.08415 1.96658 1.84286 1.84286 1.84277 1.83397 1.81652 1.76350 1.68132 1.69851 1.71919 1.74177 1.76822 1.84654 1.90242 1.90242 1.90823 1.91750 1.91750 1.91750 1.96882 1.97936 2.04051 1.94187 1.84439 1.81776 1.82075 1.83037 1.83838 1.83969 1.83969 1.83969 1.83969 1.83969 1.84510 1.87377 1.90769 1.91515 2.01078 1.99250 2.00439 2.26065 2.29795 2.29795
2.11704 1.98008 1.94832 1.91812 1.93122 1.94590 1.96128 1.97741 1.99435 2.00324 2.00324 2.00306 1.95989 1.91665 1.92500 2.05897 2.16349 2.22724 2.22724 2.22724 2.22724 2.22724 2.19379 2.08415 2.02593 1.79782 1.76115 1.72851 1.70534 1.69414 1.78689 1.79597 1.79597 1.79597 1.79597 1.79597 1.82847 1.89852 1.89158 1.88732 1.89278 1.88584 1.87890 1.89926 1.92196 2.01960 1.97931 1.89488 1.82799 1.82799 1.83086 1.83969 1.83969 1.84352 1.87066 1.90434 1.94123 1.97423 1.97754 1.97754 1.95838 1.98009 1.99423 2.01803 2.11881 2.07030 1.99154
2.24112 2.04509 2.04209 1.99872 1.99349 1.98707 1.98065 1.97423 1.96781 1.96138 1.95497 1.94873 1.93576 1.86100 1.87980 1.97586 2.11775 2.22724 2.22724 2.22889 2.20578 2.14355 2.05416 1.87364 1.83472 1.72361 1.70589 1.70653 1.70653 1.70461 1.73763 1.78454 1.77220 1.76410 1.75601 1.74791 1.74906 1.85093 1.85125 1.85144 1.86566 1.86633 1.86633 1.87717 1.92158 1.97606 2.01597 1.93213 1.82799 1.82874 1.83765 1.89400 1.93754 1.97246 1.97754 1.97754 1.97754 1.97971 1.99558 2.01386 2.02606 2.03754 2.14268 2.14934 2.05565 1.87924 1.87924
2.34013 2.04994 2.02129 1.95346 1.94689 1.94689 1.94689 1.94689 1.94689 1.94689 1.94689 1.94689 1.94689 1.87697 1.90741 1.94925 2.06120 2.14345 2.04718 1.90261 1.78233 1.70128 1.64306 1.74228 1.79315 1.69744 1.60499 1.57937 1.55375 1.53007 1.55138 1.75006 1.73627 1.73627 1.73627 1.73627 1.73627 1.83712 1.85125 1.85125 1.86271 1.86633 1.86633 1.86672 1.91590 1.93407 2.05855 1.97548 1.86933 1.86736 1.86953 1.93016 1.98124 1.99831 2.01660 2.03486 2.05314 2.06924 2.06832 2.05697 2.04528 1.99965 2.14934 2.14934 2.11534 1.88031 1.87924
2.38076 2.08435 2.01948 1.97446 1.94689 1.94689 1.94689 1.94820 1.96292 1.98043 1.98859 1.98297 1.97745 1.90631 1.79135 1.68533 1.67072 1.62525 1.56604 1.54004 1.51442 1.48881 1.46597 1.52429 1.66227 1.63657 1.52534 1.52534 1.52534 1.52534 1.52530 1.71344 1.73627 1.73627 1.73627 1.73627 1.73627 1.81517 1.85125 1.85125 1.85682 1.85754 1.85593 1.85925 1.89434 1.92108 2.05048 1.94841 1.86852 1.83815 1.84647 1.88090 1.96050 1.94148 1.92149 1.90131 1.88134 1.86112 1.84450 1.83558 1.82737 1.78639 2.07159 2.14934 2.14900 1.92645 1.87924
2.38301 2.16905 2.03232 2.01834 1.99156 2.00419 2.00017 1.99329 1.97655 1.96285 1.90008 1.82891 1.75789 1.68103 1.59813 1.61234 1.49391 1.45256 1.47661 1.48184 1.48708 1.49217 1.49720 1.50976 1.68867 1.69915 1.59297 1.57973 1.58400 1.58824 1.59244 1.70924 1.78972 1.79231 1.79513 1.79792 1.80064 1.75596 1.69217 1.69524 1.70658 1.72588 1.73211 1.73403 1.74086 1.74520 1.82299 1.78366 1.73777 1.71257 1.70282 1.69457 1.75456 1.75955 1.75763 1.75044 1.74325 1.73580 1.72857 1.72115 1.71389 1.68765 1.85322 2.03786 2.03003 1.94100 1.86799
2.53654 2.32573 2.12131 2.11061 2.07073 2.07314 2.02921 1.96914 1.90867 1.84329 1.83218 1.84089 1.84950 1.85692 1.74740 1.69268 1.63059 1.54093 1.57408 1.57408 1.57408 1.57408 1.57408 1.57408 1.69330 1.74551 1.68230 1.62814 1.62718 1.62377 1.62023 1.66388 1.80039 1.79042 1.78831 1.79321 1.79904 1.77312 1.67650 1.67280 1.65596 1.60901 1.58065 1.55420 1.52822 1.50211 1.54095 1.61692 1.57069 1.54304 1.53672 1.53050 1.54803 1.55605 1.55074 1.55081 1.55330 1.55620 1.55910 1.56199 1.56488 1.55489 1.48058 1.74021 1.73988 1.80677 1.83554
2.51359 2.39141 2.23919 2.09276 1.97647 1.89116 1.87535 1.87747 1.87964 1.88172 1.88260 1.88305 1.88350 1.88395 1.80580 1.69827 1.67946 1.53087 1.52455 1.52103 1.51750 1.51393 1.51041 1.50688 1.56982 1.67126 1.64253 1.54679 1.54423 1.54411 1.54467 1.55300 1.73999 1.74623 1.74426 1.72923 1.71207 1.68845 1.52879 1.50705 1.49952 1.44546 1.44105 1.44105 1.44105 1.44105 1.45188 1.59414 1.53850 1.52309 1.52001 1.52242 1.53607 1.56680 1.56970 1.57227 1.57267 1.57267 1.57267 1.57267 1.57267 1.57267 1.44202 1.73453 1.73988 1.80872 1.84670
2.49075 2.40421 2.23374 2.00278 1.92008 1.88949 1.88986 1.88990 1.88990 1.88990 1.88990 1.88990 1.88990 1.88990 1.85447 1.70662 1.70964 1.57183 1.49482 1.49005 1.49005 1.49005 1.49005 1.49005 1.50528 1.65997 1.66111 1.56940 1.59459 1.63188 1.67254 1.70899 1.71167 1.65632 1.64978 1.64978 1.64978 1.64978 1.52605 1.49965 1.50401 1.48727 1.49905 1.52730 1.55552 1.58373 1.61190 1.63131 1.56012 1.54429 1.53214 1.53214 1.53361 1.57090 1.57267 1.57267 1.57267 1.57267 1.57267 1.57267 1.57267 1.57267 1.47643 1.64542 1.73988 1.75167 1.97579
2.46224 2.43358 2.25337 2.06075 1.90705 1.88990 1.89003 1.89384 1.89925 1.90466 1.91008 1.91550 1.92092 1.92633 1.92595 1.77414 1.75738 1.65938 1.52093 1.49005 1.49005 1.49005 1.48831 1.51181 1.55099 1.72769 1.81455 1.77496 1.71930 1.72487 1.72528 1.72528 1.71612 1.66540 1.69074 1.71895 1.74719 1.77542 1.71090 1.68172 1.70555 1.67825 1.64974 1.64974 1.64974 1.64974 1.64974 1.63975 1.57946 1.55100 1.53214 1.53214 1.52541 1.54343 1.57267 1.57267 1.57267 1.57267 1.57267 1.57267 1.57125 1.55986 1.48896 1.46451 1.60784 1.57620 1.89694
2.55104 2.58459 2.42928 2.14980 1.92507 1.93049 1.93577 1.93739 1.93739 1.93739 1.93739 1.93739 1.93739 1.93739 1.93739 1.81541 1.75089 1.66942 1.54285 1.51896 1.55708 1.62651 1.72067 1.78961 1.84284 1.87306 1.88494 1.87036 1.77969 1.80109 1.82249 1.84387 1.87929 1.87771 1.85846 1.85846 1.85846 1.85846 1.79683 1.70833 1.70833 1.69037 1.64974 1.64974 1.64974 1.64974 1.64974 1.64443 1.59697 1.52154 1.46281 1.42277 1.39173 1.44879 1.57267 1.57024 1.55794 1.54462 1.53128 1.51796 1.50603 1.50738 1.51235 1.40092 1.56847 1.56847 1.78901
2.81256 2.76581 2.66550 2.24800 1.97466 1.93739 1.93739 1.93739 1.93739 1.93739 1.93639 1.91321 1.88116 1.85119 1.82364 1.74761 1.69042 1.75271 1.77351 1.80701 1.87968 1.92099 1.93933 1.95766 1.97600 1.99720 2.02454 2.02302 1.88987 1.87651 1.87651 1.87651 1.88070 1.89413 1.85846 1.85846 1.85846 1.85846 1.82786 1.70833 1.70833 1.70248 1.64974 1.64974 1.64903 1.62358 1.58577 1.54705 1.48420 1.41238 1.39433 1.37536 1.36418 1.36336 1.51949 1.52043 1.54729 1.57883 1.61338 1.65140 1.69343 1.73403 1.74330 1.59297 1.56847 1.56847 1.70343
2.87176 2.76581 2.71417 2.33608 2.06138 1.92424 1.89231 1.86019 1.82902 1.80123 1.77473 1.77035 1.78047 1.82302 1.87192 1.90856 1.93099 1.94475 1.99471 2.00078 2.00272 2.00272 2.00272 2.00219 2.00074 1.99927 2.01569 2.01765 1.92421 1.85945 1.85662 1.85377 1.85086 1.87725 1.82533 1.82213 1.81889 1.81561 1.80854 1.75477 1.75754 1.73915 1.63825 1.58911 1.54759 1.52346 1.48471 1.44398 1.38548 1.26624 1.27932 1.37874 1.40169 1.42634 1.66517 1.80833 1.81045 1.81045 1.81045 1.81045 1.81045 1.81045 1.81101 1.69650 1.58613 1.59628 1.67597
2.93654 2.78387 2.76553 2.28997 1.97286 1.73589 1.73099 1.72620 1.72733 1.76457 1.80839 1.85267 1.89165 1.89540 1.89719 1.89757 1.91355 1.90985 1.95264 1.96850 1.96743 1.96553 1.96360 1.96235 1.96234 1.96234 1.97145 1.98045 1.93178 1.80281 1.80281 1.80281 1.80281 1.83345 1.78967 1.78134 1.78390 1.77280 1.73058 1.68659 1.63023 1.56545 1.48416 1.43859 1.42262 1.41859 1.44662 1.47675 1.49428 1.43328 1.38998 1.54778 1.55580 1.56119 1.72429 2.06202 2.07844 2.09486 2.11247 2.10618 2.07248 2.03739 2.00003 1.97155 2.08603 2.08603 2.08843
2.93625 2.76017 2.70831 2.30881 1.90982 1.68473 1.73671 1.80425 1.86424 1.88156 1.89197 1.90239 1.91286 1.92393 1.92823 1.93128 1.93630 1.91491 1.93600 1.99855 1.99901 2.00345 2.00796 2.01253 2.01721 2.02194 2.03403 2.06841 2.07080 1.88707 1.87744 1.88223 1.88706 1.90223 1.84582 1.74313 1.63656 1.55937 1.53622 1.51402 1.50592 1.53458 1.56498 1.58179 1.58183 1.58183 1.58183 1.58183 1.57443 1.51904 1.42693 1.56405 1.57640 1.54052 1.54070 1.96378 1.91477 1.86094 1.80702 1.77835 1.77835 1.77835 1.77835 1.79516 2.08542 2.08603 2.08603
2.81899 2.80608 2.74764 2.54916 2.03034 1.98016 1.96588 1.96894 1.97200 1.97505 1.97811 1.98116 1.98417 1.98520 1.98520 1.98520 1.99034 1.96955 1.97199 2.05251 2.07432 2.07432 2.07432 2.07432 2.07432 2.07432 2.07485 2.12018 2.12495 1.98133 1.84534 1.75129 1.65140 1.55843 1.54413 1.53720 1.56558 1.58183 1.58183 1.58183 1.58183 1.58183 1.58183 1.58175 1.55328 1.50230 1.45144 1.40046 1.34968 1.38514 1.18617 1.24461 1.34180 1.34180 1.34180 1.64650 1.77835 1.77835 1.77835 1.77835 1.77835 1.77835 1.77835 1.77835 2.00638 2.08603 2.08603
2.71838 2.81944 2.79287 2.69412 2.14934 2.01690 1.98520 1.98520 1.98520 1.98520 1.98664 1.99883 2.01323 2.02759 2.04200 2.05639 2.07297 2.08667 2.10021 2.17287 2.08470 2.07432 2.07432 2.07432 2.07432 2.07504 2.04562 2.01685 1.96595 1.77698 1.44512 1.43442 1.43434 1.43434 1.49561 1.58137 1.57748 1.53527 1.48432 1.43338 1.38244 1.33153 1.28059 1.22972 1.20725 1.20725 1.20725 1.20725 1.20725 1.31487 1.20135 1.18767 1.34180 1.34180 1.34180 1.51325 1.77835 1.77835 1.77835 1.77835 1.77835 1.77835 1.77835 1.77547 1.88378 2.08603 2.08603
2.71693 2.78478 2.78746 2.71059 2.20685 2.08290 2.05449 2.06725 2.08162 2.09602 2.10898 2.11117 2.11117 2.11117 2.11117 2.11117 2.11117 2.11472 2.11351 2.14986 2.13544 2.08095 2.05176 2.00079 1.94775 1.88613 1.86320 1.86248 1.86222 1.84599 1.41764 1.35492 1.31037 1.26068 1.17218 1.22991 1.21601 1.20725 1.20725 1.20725 1.20725 1.20725 1.20725 1.20725 1.20725 1.20725 1.20725 1.20725 1.20725 1.27939 1.25834 1.16518 1.41645 1.54276 1.67265 1.77600 1.77835 1.77835 1.77332 1.74243 1.70049 1.64693 1.57608 1.48900 1.47067 0.00000 0.00000
2.36113 2.34021 2.43241 2.41474 2.17376 2.15757 2.12519 2.11117 2.11117 2.11117 2.11117 2.11117 2.11117 2.11107 2.10652 2.09946 2.09960 2.08166 2.00954 1.97748 2.04935 1.88918 1.86104 1.84512 1.82765 1.80898 1.78817 1.76474 1.73819 1.71342 1.28781 1.06884 1.06884 1.06884 1.04675 1.12287 1.20725 1.20725 1.20725 1.20725 1.20725 1.20725 1.20725 1.20725 1.20725 1.20725 1.20725 1.21178 1.25554 1.35686 1.52535 1.48517 1.66843 1.77059 1.73725 1.69396 1.63847 1.56463 1.48132 1.47067 1.47067 1.47067 1.47067 1.47067 1.47067 1.47067 0.00000
2.28826 2.28988 2.43202 2.41559 2.25570 2.15066 2.13955 2.11117 2.10864 2.10165 2.09465 2.09109 2.09719 2.10396 2.11498 2.11842 2.11093 2.06594 1.86514 1.85736 1.97405 1.73556 1.71229 1.71066 1.71066 1.71066 1.71066 1.71066 1.71066 1.71066 1.49514 1.06884 1.06884 1.06884 1.06346 1.06947 1.20725 1.20725 1.20725 1.20725 1.20725 1.20725 1.20725 1.20854 1.24455 1.30218 1.36902 1.43965 1.45081 1.44769 1.61070 1.45436 1.45568 1.47562 1.47067 1.47067 1.47067 1.47067 1.47067 1.47067 1.47067 1.47067 1.47067 1.47067 1.47067 1.47067 0.00000
2.28854 2.28826 2.39264 2.37825 2.27641 2.10001 2.12634 2.08856 2.09666 2.10602 2.11479 2.11576 2.10227 2.08753 2.07210 2.06734 2.06766 2.06125 1.86243 1.83720 1.92731 1.73756 1.71066 1.71066 1.71066 1.71066 1.71066 1.71066 1.71066 1.71066 1.68056 1.09076 1.06884 1.06884 1.06884 1.02317 1.20109 1.20725 1.20725 1.20727 1.23398 1.28997 1.35481 1.42610 1.44123 1.43110 1.41306 1.37205 1.32767 1.28620 1.42508 1.42693 1.42014 1.46883 1.47067 1.47067 1.47067 1.47067 1.47067 1.47067 1.47067 1.47067 1.47067 1.47067 1.47067 1.47067 0.00000
2.13754 2.05411 2.08196 2.16961 2.18293 2.10453 2.15528 2.11788 2.09152 2.06505 2.03565 2.01005 1.99125 1.97239 1.95354 1.93465 1.91579 1.90224 1.88036 1.83881 1.87997 1.84927 1.71066 1.71066 1.71066 1.71066 1.71066 1.71066 1.71066 1.71066 1.71066 1.26794 1.06884 1.06884 1.06884 1.03358 1.17595 1.27800 1.33874 1.40278 1.42301 1.38233 1.33595 1.28602 1.23810 1.18352 1.13851 1.13627 1.13627 1.13627 1.27871 1.41855 1.41855 1.45021 1.47067 1.47067 1.47067 1.47067 1.47067 1.47067 1.47067 1.47067 1.47067 0.00000 0.00000 3.07921 3.07921
2.05760 2.05833 2.09812 2.17569 2.20199 2.14676 2.18916 2.10840 1.98419 1.99067 1.99910 2.00750 2.01593 2.02434 2.03280 2.04124 2.04969 2.05809 2.07918 2.03775 2.04617 1.91242 1.71066 1.71066 1.71066 1.71066 1.71066 1.71066 1.71066 1.71066 1.71066 1.47531 1.08486 1.18970 1.42102 1.59407 1.39038 1.29451 1.23804 1.18274 1.13819 1.13627 1.13627 1.13627 1.13627 1.13627 1.13627 1.13875 1.15410 1.17361 1.25559 1.39894 1.39184 1.39413 1.47067 0.00000 0.00000 0.00000 0.00000 0.00000 0.00000 3.07921 3.07921 3.07921 3.07921 3.07921 3.07921
2.29495 2.34763 2.39571 2.39458 2.33488 2.26362 2.26054 2.24020 2.07431 2.07431 2.07431 2.07431 2.07431 2.07431 2.07182 2.05971 2.04621 2.03230 2.03773 1.95823 1.93263 1.76365 1.71066 1.71066 1.71066 1.71066 1.71066 1.71066 1.71370 1.72035 1.72300 1.72287 2.22919 2.41178 2.42455 2.34539 1.50043 1.13627 1.13627 1.13627 1.14340 1.16119 1.18190 1.20625 1.23536 1.27063 1.31452 1.36052 1.36643 1.36643 1.36643 1.36643 1.36643 1.36643 0.00000 0.00000 0.00000 3.07921 3.07921 3.07921 3.07921 3.07921 3.07921 3.07921 3.07921 3.07921 3.07921
2.42189 2.42705 2.42748 2.40287 2.36064 2.30496 2.23138 2.24930 2.07161 2.02083 2.00602 1.99066 1.97477 1.95825 1.94447 1.94325 1.94325 1.94325 1.94576 1.92671 1.87424 1.73991 1.71066 1.71372 1.77146 1.80873 1.81131 1.81400 1.81367 1.80967 1.80967 1.80967 2.15676 2.37785 2.32232 2.27818 1.94595 1.26510 1.28619 1.33407 1.36633 1.36643 1.36643 1.36643 1.36643 1.36643 1.36643 1.36643 1.36643 1.36643 1.36643 1.36643 1.36643 1.36643 1.38633 1.40645 1.40645 1.42546 2.93054 3.07921 3.07921 3.07921 3.07921 3.07921 3.07921 3.07921 3.07921
2.44934 2.46241 2.47422 2.46598 2.44779 2.36525 2.22368 2.18103 2.06352 1.94325 1.94325 1.94325 1.94325 1.94325 1.94325 1.94325 1.94329 1.96302 2.00100 2.09042 2.09522 2.10738 1.89973 1.89932 1.84424 1.80988 1.81385 1.81871 1.82301 1.82682 1.83023 1.83330 1.93660 2.15795 2.15795 2.15795 2.25380 1.63783 1.36643 1.36643 1.36643 1.36643 1.36643 1.36643 1.36643 1.36643 1.36643 1.36643 1.36643 1.36643 1.36873 1.37592 1.38102 1.38466 1.39530 1.40645 1.40645 1.40645 2.41729 3.07921 3.07921 3.07921 3.07921 3.07921 3.07921 3.07921 3.07921
2.50009 2.50236 2.50669 2.49741 2.46703 2.38995 2.27494 2.18103 2.13397 1.94325 1.94325 1.95215 1.98774 2.02708 2.07973 2.15980 2.24613 2.30503 2.31759 2.39977 2.28886 2.24519 1.82712 1.83049 1.83354 1.83620 1.83690 1.83690 1.83690 1.83690 1.83690 1.83690 1.85662 2.15297 2.15795 2.15795 2.20003 1.94301 1.36643 1.36643 1.36643 1.36643 1.36643 1.36643 1.36643 1.36643 1.36761 1.37464 1.38014 1.38402 1.38631 1.41613 1.51562 1.61695 1.66223 1.40645 1.40645 1.40645 1.88723 3.07921 3.07921 3.07921 3.07921 3.07921 3.07921 3.07921 3.07921
2.48561 2.50052 2.50658 2.50568 2.46846 2.42155 2.32035 2.25167 2.29205 2.12824 2.18063 2.25649 2.31035 2.37110 2.40150 2.39397 2.38507 2.37924 2.39452 2.46680 2.45737 2.40276 1.87116 1.83690 1.83690 1.83690 1.83690 1.83690 1.83690 1.83690 1.83690 1.83690 1.83690 2.05376 2.15795 2.15795 2.16351 2.23964 1.36643 1.36643 1.36643 1.36643 1.36683 1.37325 1.37920 1.38334 1.41517 1.51360 1.61492 1.71700 1.81858 1.89723 1.91510 1.92942 1.93056 1.60259 1.62680 1.65922 1.72562 2.93716 3.00275 2.99694 2.99125 2.98599 2.98085 2.97606 2.97140
2.43552 2.45778 2.44262 2.42463 2.37848 2.36172 2.30927 2.48087 2.55654 2.49589 2.43269 2.42484 2.40496 2.37738 2.36597 2.36516 2.36485 2.36454 2.36423 2.40842 2.52579 2.40647 2.00559 1.83444 1.83340 1.83371 1.83690 1.83690 1.83690 1.83690 1.83690 1.83690 1.83690 1.94609 2.15795 2.15795 2.15795 2.32065 1.49587 1.37173 1.37819 1.41520 1.51527 1.61310 1.71523 1.99319 2.15110 2.16097 2.16841 2.17560 2.18270 2.18644 2.18644 2.18644 2.18644 2.12075 2.08983 2.08983 2.08983 2.63643 2.92621 2.92621 2.92621 2.92621 2.92621 2.92621 2.92621
