High_resolution/powerplant/Fengdu/OMI_NO2_201108.asc
ncols      200
nrows      200
xllcorner       105.978
yllcorner       28.1831
cellsize     0.0166667
NODATA_Value      -999.000
[rows 87 to 115 of 200, columns 66 to 131 of 200]
3.08861 2.86847 2.64821 2.43500 2.25878 2.67458 2.96671 3.22657 3.25402 3.25402 3.25402 3.25402 3.25402 3.24239 2.91467 2.90038 2.90038 2.90038 2.90776 2.95650 3.00515 2.93625 2.97166 2.98383 2.98383 2.98383 2.98383 3.00346 2.98897 2.46313 2.31884 2.38223 2.51083 2.51083 2.51083 2.50213 2.47102 2.43878 2.40655 2.37431 2.35081 2.34965 2.34965 2.34965 2.34965 2.34965 2.34965 2.34965 2.32438 2.11994 2.37574 2.30607 2.08520 1.86384 1.64287 1.45579 1.43398 1.43398 1.43398 1.43398 1.41043 1.33418 1.25596 1.17781 1.10470 1.17300
2.19815 2.19815 2.19815 2.19815 2.19815 2.46138 2.96456 3.13874 3.25402 3.25402 3.25402 3.25402 3.25402 3.25402 3.01744 2.96467 3.01227 3.05380 3.08609 3.09052 3.09052 3.03421 2.98383 3.01128 3.06655 3.12180 3.17704 3.21269 3.21320 2.68188 2.35355 2.42688 2.45109 2.40655 2.37431 2.35078 2.34965 2.34965 2.34965 2.34965 2.34965 2.34965 2.34965 2.34965 2.34965 2.34965 2.34814 2.31659 2.27321 2.00476 1.79532 1.43417 1.43398 1.43398 1.43398 1.43256 1.37999 1.30177 1.22362 1.14536 1.09076 1.08879 1.08879 1.08879 1.08879 1.10319
2.19815 2.19815 2.19815 2.19815 2.19815 2.25563 2.95705 3.04868 3.25402 3.25402 3.26444 3.29269 3.31759 3.33935 3.24615 3.09052 3.09052 3.09052 3.09100 3.11747 3.15893 3.18186 3.18556 3.21336 3.21336 3.22340 3.28757 3.35986 3.43215 3.21030 2.71469 2.68670 2.45385 2.34965 2.34965 2.34965 2.34965 2.34965 2.34965 2.34965 2.34965 2.34965 2.34313 2.30418 2.26085 2.21747 2.17563 2.16385 2.16385 2.00114 1.88252 1.41968 1.34761 1.26939 1.19117 1.11444 1.08879 1.08879 1.08879 1.08879 1.08879 1.08879 1.08879 1.09034 1.11205 1.13986
2.19815 2.19815 2.19815 2.19815 2.19815 2.19815 2.80135 2.97303 3.26599 3.34252 3.35542 3.35575 3.35575 3.35575 3.32669 3.12433 3.16533 3.20678 3.24775 3.26266 3.26639 3.30825 3.34884 3.42077 3.49313 3.55537 3.56342 3.56342 3.56342 3.43399 2.82281 2.68670 2.55149 2.34965 2.34965 2.34965 2.34965 2.34965 2.33452 2.29173 2.24839 2.20510 2.16825 2.16385 2.16385 2.16385 2.16385 2.17753 2.21030 2.17407 1.84763 1.15309 1.08879 1.08879 1.08879 1.08879 1.08879 1.08879 1.09232 1.11674 1.14460 1.17245 1.20027 1.22657 1.23273 1.23273
2.19815 2.19815 2.19815 2.19815 2.19815 2.19815 2.58818 2.96456 3.16840 3.35417 3.36012 3.39551 3.43693 3.47838 3.51790 3.31092 3.30138 3.35557 3.40979 3.46462 3.52044 3.53771 3.55954 3.56342 3.56342 3.56342 3.56342 3.56342 3.56342 3.55613 2.96968 2.68670 2.64853 2.34997 2.32271 2.27936 2.23599 2.19265 2.16442 2.16385 2.16385 2.16385 2.16441 2.18642 2.21935 2.25225 2.28520 2.30445 2.30457 2.30189 1.93855 1.32759 1.08879 1.09511 1.12148 1.14929 1.17716 1.20501 1.22932 1.23273 1.23273 1.23273 1.23273 1.23273 1.23273 1.23273
2.19815 2.19815 2.19815 2.19815 2.19815 2.19815 2.39913 3.13685 3.33006 3.47209 3.52183 3.54163 3.57390 3.60697 3.64815 3.60191 3.54208 3.54907 3.55685 3.56311 3.56342 3.56342 3.56342 3.56342 3.56342 3.56342 3.56342 3.56342 3.56342 3.56257 3.20664 2.62209 2.56068 2.24067 2.16385 2.16385 2.16385 2.16385 2.16732 2.19546 2.22837 2.26130 2.29367 2.30457 2.30457 2.30457 2.30457 2.30457 2.27554 2.17903 2.04473 1.62643 1.20970 1.23125 1.23273 1.23273 1.23273 1.23273 1.23273 1.23273 1.23273 1.23273 1.23552 1.29535 1.38936 1.50144
2.19815 2.19815 2.22507 2.37501 2.53966 2.70392 2.86428 3.62796 3.72028 3.64484 3.69337 3.73026 3.74800 3.76592 3.76946 3.72022 3.56342 3.56342 3.56342 3.56342 3.56342 3.56342 3.56342 3.56342 3.56342 3.56169 3.55015 3.53704 3.52394 3.51170 3.33854 2.64882 2.50090 2.32156 2.17271 2.20449 2.23741 2.27034 2.29976 2.30457 2.30457 2.30457 2.30457 2.27554 2.17903 2.07978 1.98053 1.88128 1.81107 1.80834 1.91891 1.92048 1.25393 1.23273 1.23273 1.23273 1.23273 1.23273 1.25079 1.33221 1.43306 1.55396 1.69580 1.74060 1.74060 1.74060
2.54431 2.71085 2.90109 3.07063 3.25681 3.47095 3.70873 3.98619 4.03997 3.86827 3.76957 3.76946 3.76946 3.76946 3.76946 3.76639 3.57731 3.56342 3.56342 3.56342 3.56342 3.56052 3.54815 3.53505 3.52195 3.51058 3.50902 3.50902 3.50902 3.50902 3.48848 2.85966 2.58350 2.53471 2.30342 2.30457 2.30457 2.30457 2.27554 2.17903 2.07978 1.98053 1.88128 1.81107 1.80834 1.80834 1.80834 1.80834 1.80834 1.80834 1.83250 2.02575 1.41352 1.23307 1.28030 1.37159 1.48014 1.61109 1.73182 1.74060 1.74060 1.74060 1.74060 1.72866 1.69221 1.64406
3.54189 3.80375 4.01889 4.03997 4.03997 4.03997 4.03997 4.03997 4.03997 3.94692 3.77720 3.76946 3.76946 3.76946 3.76946 3.76946 3.63432 3.55904 3.54616 3.53306 3.51996 3.50975 3.50902 3.50902 3.50902 3.50912 3.51489 3.52405 3.53321 3.54236 3.54713 3.20296 2.64580 2.66355 2.22809 2.07978 1.98053 1.88128 1.81107 1.80834 1.80834 1.80834 1.80834 1.80834 1.80834 1.80834 1.80834 1.80834 1.80834 1.82549 1.98857 2.41318 2.12079 1.67262 1.74060 1.74060 1.74060 1.74060 1.73939 1.71498 1.67413 1.61977 1.54373 1.47988 1.47899 1.47899
4.03997 4.03997 4.03997 4.03997 4.03997 4.03997 4.03997 4.03997 4.03997 4.01339 3.79201 3.76946 3.76946 3.76329 3.75021 3.73710 3.64888 3.50924 3.50902 3.50902 3.50902 3.50944 3.51636 3.52552 3.53468 3.54374 3.54713 3.54713 3.56478 3.65796 3.75994 3.68960 3.16708 3.13263 2.25448 1.80834 1.80834 1.80834 1.80834 1.80834 1.80834 1.80834 1.80834 1.80834 1.80834 1.85743 2.04515 2.24118 2.43705 2.61603 2.64898 2.80366 2.69393 1.74668 1.73321 1.69956 1.65384 1.59191 1.50749 1.47899 1.47899 1.47899 1.47899 1.47899 1.47899 1.47899
4.03997 4.03997 4.03997 4.03997 4.03997 4.03997 4.03997 4.03997 4.03997 4.03997 3.84390 3.73512 3.72201 3.71507 3.71506 3.71506 3.69817 3.51188 3.51783 3.52699 3.53614 3.54489 3.54713 3.55712 3.64322 3.74510 3.84693 3.94881 4.03308 4.04169 4.04169 3.99688 3.39457 3.13620 2.63726 1.80834 1.80834 1.80834 1.80834 1.80834 1.80834 1.90585 2.10172 2.29792 2.49371 2.64066 2.64898 2.64898 2.64898 2.64895 2.61236 2.60858 2.80758 1.99948 1.48443 1.47899 1.47899 1.47899 1.47899 1.47899 1.47899 1.46222 1.33573 1.18929 1.04293 0.896500
4.03997 4.03997 4.03997 4.03997 4.03997 4.03997 4.03997 4.03997 4.03997 4.03997 3.93101 3.72495 3.71506 3.71683 3.72534 3.73449 3.74365 3.59078 3.55163 3.62843 3.73026 3.83214 3.93678 4.03528 4.04485 4.04169 4.04169 4.04169 4.04169 4.04169 4.04169 4.04169 3.62657 3.13620 3.01265 1.81577 1.81632 1.96243 2.15838 2.35450 2.55037 2.64898 2.64898 2.64898 2.64898 2.64545 2.59255 2.52391 2.45533 2.38669 2.35463 2.35689 2.67174 2.51575 1.47899 1.47899 1.44916 1.31232 1.16596 1.01960 0.873164 0.743647 0.723785 0.723785 0.723785 0.723785
4.03997 4.03997 4.03997 4.03997 4.03997 4.03997 4.03997 4.03997 4.03997 4.11370 4.29192 3.77680 3.74512 3.75252 3.76806 3.79613 3.82514 3.89747 4.03190 4.06079 4.06637 4.07144 4.07518 4.07550 4.05811 4.04169 4.04169 4.04169 4.04169 4.04169 4.04169 4.04169 3.84982 3.39961 3.54290 2.67772 2.59904 2.64898 2.64898 2.64898 2.64898 2.63615 2.57274 2.50405 2.43549 2.37038 2.35463 2.35463 2.35463 2.35463 2.35463 2.36543 2.53124 2.61056 0.996187 0.849829 0.733376 0.723785 0.723785 0.723785 0.723785 0.723785 0.723785 0.723785 0.723785 0.723785
4.03997 4.03997 4.03997 4.03997 4.03997 4.11990 4.38649 4.66136 4.93626 5.14788 5.19527 4.05780 3.87014 3.91038 3.93436 3.94564 3.95549 3.98127 4.07550 4.07550 4.07550 4.07550 4.07550 4.07550 4.06692 4.04169 4.04169 4.04169 4.06814 4.17253 4.28187 4.39129 4.40502 4.01961 3.97684 3.29870 2.64898 2.62116 2.55290 2.48423 2.41565 2.35981 2.35463 2.35463 2.35463 2.35463 2.36570 2.40134 2.43822 2.47513 2.51203 2.53814 2.49617 2.51208 1.10905 0.723785 0.723785 0.723785 0.723785 0.723785 0.723785 0.723785 0.723785 0.723785 0.723785 0.723785
4.03997 4.12632 4.39479 4.66979 4.94819 5.17738 5.22745 5.26959 5.31170 5.09936 4.98019 4.46439 3.96637 3.95787 3.95787 3.95787 3.95787 3.95845 4.06410 4.07550 4.07550 4.07550 4.07550 4.07550 4.10367 4.18857 4.29806 4.40744 4.49033 4.49537 4.49537 4.49537 4.49369 4.05309 3.86092 3.49693 2.39581 2.35499 2.35463 2.35463 2.35463 2.36585 2.40169 2.43859 2.47550 2.51240 2.53823 2.53916 2.53916 2.53916 2.53916 2.53916 2.53003 2.45480 1.84346 0.723785 0.723785 0.723785 0.723785 0.723785 0.723785 0.723785 0.723785 0.723785 0.723785 0.723785
5.05234 5.20830 5.25649 5.29862 5.33724 5.34459 5.34459 5.34459 5.34459 5.12474 4.95537 4.73029 4.00426 3.95787 3.95787 3.95787 3.95787 3.95787 4.03044 4.07550 4.11582 4.19785 4.27992 4.36189 4.41477 4.47220 4.49537 4.49537 4.49220 4.44705 4.38883 4.33065 4.27330 3.97741 3.68952 3.66842 2.46758 2.40206 2.43896 2.47587 2.51277 2.53831 2.53916 2.53916 2.53916 2.53916 2.53916 2.53916 2.53916 2.53916 2.53916 2.53916 2.50887 2.26281 1.88143 0.723785 0.723785 0.723785 0.723785 0.723785 0.723785 0.723785 0.723785 0.723785 0.723785 0.723785
5.22855 5.34459 5.34459 5.34459 5.34459 5.34459 5.34459 5.34459 5.34459 5.24455 4.95537 4.93823 4.09919 3.95787 3.95787 3.95869 4.01031 4.09238 4.21274 4.37404 4.41576 4.41576 4.41576 4.41576 4.41064 4.40022 4.37986 4.32163 4.26661 4.25352 4.25352 4.21958 4.06420 3.76800 3.19518 2.99422 2.66224 2.53916 2.53916 2.53916 2.53916 2.53916 2.53916 2.53916 2.53916 2.53916 2.53916 2.53916 2.47529 2.31279 2.14917 1.98547 1.85214 1.77888 1.64452 0.798719 0.723785 0.723785 0.723785 0.723785 0.723785 0.723785 0.723785 0.723785 0.723785 0.723785
5.14183 5.34459 5.34459 5.34459 5.34459 5.34459 5.34459 5.34459 5.34459 5.34203 4.98035 4.95842 4.49419 4.11392 4.18649 4.26774 4.29813 4.29813 4.30469 4.41329 4.40685 4.36606 4.32238 4.27874 4.24018 4.23768 4.23377 4.08928 3.92301 3.75667 3.59049 3.45802 3.44721 3.43583 2.96606 2.87618 2.75568 2.53916 2.53916 2.53916 2.53916 2.53916 2.53916 2.53713 2.43143 2.26781 2.10412 1.94049 1.84074 1.83962 1.83962 1.83962 1.83947 1.80641 1.65810 1.14340 0.723785 0.723785 0.723785 0.723785 0.723785 0.723785 0.723785 0.723785 0.717031 0.666072
5.06452 5.33574 5.34459 5.34459 5.34459 5.34459 5.34459 5.34848 5.41465 5.48760 5.28556 5.23437 5.03515 4.39171 4.29813 4.29813 4.28442 4.24170 4.19804 4.24183 4.23722 4.22730 4.13012 4.00530 3.88060 3.75209 3.48034 3.44721 3.44721 3.44721 3.44721 3.44721 3.44721 3.44721 3.12612 2.87859 2.84961 2.54239 2.53916 2.52377 2.38652 2.22276 2.05921 1.89754 1.83962 1.83962 1.83962 1.83962 1.83866 1.83062 1.81965 1.80646 1.79060 1.78310 1.61531 1.39190 0.723785 0.723785 0.723785 0.711372 0.656063 0.597286 0.538387 0.479548 0.427494 0.419554
5.05163 5.26265 5.34459 5.34961 5.41733 5.48982 5.54901 5.59643 5.60772 5.60772 5.45507 5.25002 5.13962 4.43183 4.19129 4.14762 4.11734 4.07792 4.01316 3.92942 3.76218 3.61528 3.55600 3.52327 3.48693 3.45207 3.44721 3.44721 3.44721 3.44721 3.44721 3.44721 3.44721 3.44721 3.27618 2.86162 2.67842 2.25169 2.01416 1.86592 1.83962 1.83962 1.83962 1.83962 1.83713 1.82769 1.81615 1.80220 1.78710 1.78443 1.78443 1.78443 1.78443 1.78443 1.66146 1.51778 0.602103 0.528377 0.469539 0.423144 0.419554 0.419554 0.419554 0.419554 0.419554 0.419554
5.15518 5.35520 5.55087 5.59740 5.60772 5.60772 5.60772 5.60772 5.49932 5.26115 4.99857 4.63283 4.50801 4.34694 3.96700 3.88595 3.79979 3.74951 3.72618 3.66203 3.44721 3.44721 3.44721 3.44721 3.44721 3.44721 3.44721 3.44721 3.44721 3.44721 3.44721 3.40375 3.27400 3.11733 2.88025 2.12577 2.17664 2.01062 1.83962 1.83961 1.83480 1.82462 1.81246 1.79768 1.78501 1.78443 1.78443 1.78443 1.78443 1.80492 1.86561 1.92734 1.98907 2.05080 1.86536 1.44733 0.790640 0.419554 0.419554 0.419554 0.419554 0.419554 0.419554 0.419554 0.419554 0.419554
5.41241 5.43806 5.60764 5.60772 5.49172 5.25296 5.01431 4.76506 4.54739 4.36281 4.17985 4.22002 4.23572 4.18802 3.78592 3.69131 3.69131 3.69131 3.69131 3.69121 3.47899 3.44721 3.44721 3.44721 3.44721 3.44721 3.44721 3.38553 3.25101 3.08953 2.89199 2.74376 2.74144 2.74144 2.74144 2.22176 2.19190 2.13386 1.80855 1.79290 1.78443 1.78443 1.78443 1.78443 1.80492 1.86561 1.92734 1.98907 2.05080 2.09203 2.09308 2.09308 2.09308 2.09308 2.04328 1.45355 1.12463 0.419554 0.419554 0.419554 0.419554 0.419554 0.419554 0.419554 0.419554 0.419554
5.28803 5.04937 4.97255 4.65124 4.33432 4.15751 3.99873 3.86312 3.79477 3.78463 3.78463 3.99266 4.23963 4.22601 3.91777 3.69131 3.69131 3.69131 3.69131 3.69131 3.54993 3.44721 3.44533 3.36574 3.22741 3.06091 2.85647 2.74144 2.74144 2.74144 2.74144 2.73214 2.65549 2.54134 2.38428 2.15907 2.27038 2.28678 1.83003 1.80492 1.86561 1.92734 1.98907 2.05080 2.09203 2.09308 2.09308 2.09308 2.09308 2.09308 2.09308 2.09308 2.09308 2.09308 2.09308 1.55553 1.15888 0.419554 0.419554 0.419554 0.419554 0.419554 0.419554 0.419554 0.419554 0.419554
4.02398 3.89427 3.81247 3.78483 3.78463 3.78463 3.78463 3.78463 3.78463 3.78463 3.78463 3.87668 4.23963 4.23963 4.07370 3.69131 3.69131 3.69131 3.68587 3.60707 3.40690 3.03120 2.82346 2.74144 2.74144 2.74144 2.74144 2.72498 2.63948 2.51980 2.35382 2.14359 2.10483 2.10483 2.06520 1.90708 1.98704 2.02512 2.01294 2.09203 2.09308 2.09308 2.09308 2.09308 2.09308 2.09308 2.09308 2.09308 2.09308 2.09308 2.09305 2.06705 2.00886 1.93135 1.82292 1.07439 0.419554 0.419554 0.419554 0.419554 0.419554 0.419554 0.419554 0.419554 0.419554 0.419554
3.72632 3.72632 3.74080 3.78463 3.78463 3.78463 3.78463 3.78463 3.78463 3.78463 3.78463 3.79277 4.21126 4.23963 4.16077 3.64015 3.46860 3.32190 3.15237 3.10758 3.09477 2.75528 2.74144 2.71553 2.62279 2.49717 2.32135 2.12340 2.10483 2.08120 1.93312 1.76712 1.60120 1.43519 1.30882 1.30095 1.49566 1.88802 1.95802 2.09308 2.09308 2.09308 2.09308 2.09308 2.09308 2.09308 2.09070 2.05228 1.98948 1.90480 1.78442 1.71107 1.71107 1.71107 1.71107 1.43174 0.419554 0.419554 0.419554 0.419554 0.419554 0.419554 0.419554 0.419554 0.419554 0.419554
3.72632 3.72632 3.72732 3.78093 3.78463 3.78463 3.78463 3.78463 3.78463 3.78463 3.76562 3.62801 3.70821 3.61277 3.30626 3.10758 3.10758 3.10758 3.10758 3.09154 3.04973 2.62620 2.28666 2.11054 2.09310 1.95917 1.79317 1.62724 1.46132 1.31887 1.30095 1.30095 1.30095 1.30095 1.30095 1.30095 1.30504 1.85398 1.90217 2.09030 2.09308 2.09308 2.08471 2.03640 1.96838 1.87553 1.74953 1.71107 1.71107 1.71107 1.71107 1.71107 1.71107 1.71107 1.71107 1.69867 0.519388 0.419554 0.419554 0.419554 0.419554 0.419554 0.499628 0.873861 1.27548 1.67689
3.72632 3.72632 3.72632 3.76483 3.78463 3.78463 3.76305 3.62272 3.44440 3.23891 3.03253 3.00151 3.09718 3.29245 3.29175 3.10817 3.04194 2.98289 2.89876 2.84085 3.01717 2.69539 1.65329 1.48729 1.33310 1.30095 1.30095 1.30095 1.30095 1.30095 1.30095 1.30095 1.30095 1.30095 1.30095 1.30095 1.30095 1.73617 1.85981 1.96261 1.94544 1.84304 1.72465 1.71107 1.71107 1.71107 1.71107 1.71107 1.71107 1.71107 1.71107 1.71107 1.71107 1.71107 1.71107 1.71107 0.873090 0.547341 0.941074 1.34228 1.74368 2.14551 2.46684 2.49402 2.49402 2.49402
3.72632 3.72632 3.70163 3.57765 3.43815 3.23158 3.02884 3.00151 3.00151 3.00151 3.00098 2.97112 2.95033 3.10643 3.03664 3.01233 3.20684 3.47640 3.74583 4.01171 4.10503 3.75256 1.30291 1.30095 1.30095 1.30095 1.30095 1.30095 1.30095 1.30095 1.30095 1.30095 1.30095 1.30095 1.30095 1.30095 1.30095 1.33680 1.30270 1.49877 1.71107 1.71107 1.71107 1.71107 1.71107 1.71107 1.71107 1.71107 1.71107 1.71107 1.71107 1.71107 1.80130 2.06844 2.34021 2.61197 2.64302 2.48593 2.49402 2.49402 2.49402 2.49402 2.49402 2.49402 2.49402 2.49402
3.36480 3.15235 2.94787 2.93003 3.00075 3.00151 3.00072 2.96940 2.92262 2.87583 2.84443 2.91108 3.03060 3.39039 3.55836 3.71085 4.10503 4.10503 4.10503 4.10503 4.10503 4.10503 1.76273 1.30095 1.30095 1.30095 1.30095 1.30095 1.30095 1.30095 1.30095 1.30095 1.30095 1.30095 1.30095 1.30095 1.30095 1.30095 1.30095 1.38121 1.71107 1.71107 1.71107 1.71107 1.71107 1.71107 1.71107 1.80130 2.06844 2.34021 2.61197 2.88374 3.06527 3.06990 3.06990 3.06990 3.01940 2.49782 2.49402 2.49402 2.49402 2.49402 2.49402 2.49402 2.49402 2.49402
