High_resolution/powerplant/Fengdu/OMI_NO2_200601.asc
ncols      200
nrows      200
xllcorner       105.978
yllcorner       28.1831
cellsize     0.0166667
NODATA_Value      -999.000
[rows 87 to 115 of 200, columns 67 to 133 of 200]
5.06844 5.27386 5.50692 5.74010 5.97372 6.15388 6.16617 6.16617 5.84007 4.86049 4.86049 4.86049 5.36615 5.46289 5.46289 5.46289 5.46289 5.46289 5.46289 5.46289 5.46289 5.46289 5.46289 5.46289 5.46289 5.41503 4.59987 3.86024 3.53204 3.43536 3.33882 3.24207 3.14546 3.05048 3.01895 3.01895 3.01895 3.01895 3.05115 3.25654 3.48680 3.71741 3.83011 3.45260 3.42595 3.42595 3.42595 3.42595 3.42595 3.42595 3.42595 3.42595 3.42595 3.42595 3.42595 3.42595 3.42595 3.30209 2.48261 3.11214 3.17512 3.17512 3.17512 3.17512 3.17512 3.17512 3.17512
6.13808 6.16617 6.16617 6.16617 6.16617 6.16617 6.16617 6.16617 6.14150 4.93740 4.86049 4.86049 5.21121 5.46289 5.46289 5.46289 5.46289 5.46289 5.46167 5.39088 5.28000 5.16913 5.05834 4.94755 4.83700 4.72621 4.01943 3.43475 3.01895 3.01895 3.01895 3.01895 3.01895 3.07009 3.28759 3.51829 3.74878 3.97915 4.17744 4.20278 4.20278 4.20278 4.16042 3.45160 3.42595 3.42595 3.42595 3.42595 3.42595 3.42595 3.42595 3.42595 3.42595 3.42595 3.42595 3.42595 3.42595 3.42585 2.59016 2.91949 3.17512 3.17512 3.17512 3.17512 3.17512 3.17512 3.17512
6.16617 6.16617 6.16617 6.16617 6.16617 6.16617 6.16617 6.16617 6.16617 5.29106 4.86049 4.86435 5.04814 5.24269 5.13190 5.02095 4.91040 4.79969 4.69004 4.65005 4.65005 4.65005 4.65005 4.65005 4.65005 4.65005 4.25925 3.63532 3.09306 3.31893 3.54954 3.78015 4.01041 4.18999 4.20278 4.20278 4.20278 4.20278 4.20278 4.20278 4.20278 4.20278 4.20061 3.62955 3.42595 3.42595 3.42595 3.42595 3.42595 3.42595 3.42595 3.42595 3.42595 3.42595 3.42595 3.42595 3.42595 3.42595 2.82686 2.72284 3.17512 3.17512 3.17512 3.17512 3.17512 3.17512 3.17512
6.16617 6.16617 6.16617 6.16617 6.17225 6.20706 6.24556 6.28403 6.32259 5.86410 5.09389 5.12850 5.09792 4.65344 4.65005 4.65005 4.65005 4.65005 4.65005 4.65005 4.65005 4.65005 4.65005 4.64954 4.64809 4.64663 4.61985 4.81691 4.24003 4.20278 4.20278 4.20278 4.20278 4.20278 4.20278 4.20278 4.20278 4.20278 4.20278 4.20278 4.20278 4.20278 4.20278 3.84549 3.42595 3.42595 3.42595 3.42595 3.42595 3.42595 3.42595 3.42595 3.42595 3.42595 3.42595 3.42595 3.42595 3.42595 3.06146 2.53288 3.16857 3.18176 3.19036 3.06748 2.87170 2.62817 2.31673
6.28839 6.32692 6.36537 6.40392 6.43632 6.44002 6.44002 6.44002 6.44002 6.31467 5.14086 5.13433 5.13433 4.74100 4.65005 4.65005 4.65005 4.65005 4.64956 4.64811 4.64665 4.64518 4.64371 4.64275 4.64273 4.64273 4.64339 4.95161 4.43234 4.20278 4.20278 4.20278 4.20278 4.20278 4.20278 4.20278 4.20278 4.20278 4.20278 4.20278 4.20278 4.20278 4.20278 4.06356 3.42595 3.42595 3.42595 3.42595 3.42595 3.42595 3.42595 3.42595 3.42595 3.39858 3.33801 3.27730 3.21668 3.16050 3.03615 2.64052 2.62848 2.20778 1.73803 1.60314 1.60314 1.60314 1.60314
6.44002 6.44002 6.44002 6.44002 6.44002 6.44002 6.44002 6.44002 6.44002 6.44002 5.39377 5.13433 5.13433 4.86474 4.64813 4.64666 4.64520 4.64373 4.64276 4.64273 4.64273 4.64273 4.64273 4.64273 4.64273 4.64273 4.64273 4.85242 4.63296 4.20278 4.20278 4.20278 4.20278 4.20278 4.20278 4.20278 4.20278 4.20278 4.20278 4.20278 4.20278 4.20278 4.20278 4.18536 3.52221 3.39799 3.33743 3.27667 3.21610 3.15534 3.09477 3.03440 2.98316 2.96755 2.98521 3.00294 3.02067 3.03385 3.03448 2.76006 2.34596 1.60314 1.60314 1.60314 1.60314 1.60314 1.60314
6.44002 6.44002 6.44002 6.44002 6.44002 6.44002 6.44002 6.44002 6.42637 6.37677 5.71202 5.12950 5.12804 4.98191 4.64273 4.64273 4.64273 4.64273 4.64273 4.64273 4.64273 4.64273 4.64273 4.64273 4.64273 4.64273 4.64273 4.75264 4.83332 4.20278 4.20278 4.20278 4.20278 4.20278 4.20278 4.20278 4.20278 4.24579 4.44331 4.65468 4.86604 5.07709 5.28830 5.46993 3.34871 2.94064 2.94152 2.95511 2.97282 2.99055 3.00827 3.02600 3.03458 3.03458 3.03458 3.03458 3.03458 3.03458 3.03458 2.83654 2.58351 1.60314 1.60314 1.60314 1.60314 1.60314 1.60314
6.44002 6.44002 6.44002 6.43161 6.38485 6.33333 6.28188 6.23040 6.19252 6.19063 5.95472 5.12702 5.12702 5.09927 4.64951 4.64273 4.64273 4.64273 4.64273 4.64273 4.64273 4.64273 4.64273 4.64273 4.64273 4.64273 4.64273 4.66082 4.97444 4.26163 4.36469 4.57589 4.78694 4.99831 5.20952 5.42089 5.63193 5.80013 5.81382 5.81382 5.81382 5.81269 5.80528 5.79691 3.99727 3.01359 3.03043 3.03458 3.03458 3.03458 3.03458 3.03458 3.03458 3.03458 3.03458 3.03458 3.03458 3.03458 3.03458 2.91314 2.71827 1.74820 1.60314 1.60314 1.60314 1.60314 1.60314
6.34141 6.28993 6.23843 6.19536 6.19063 6.19063 6.19063 6.19063 6.19063 6.19063 6.17969 5.21009 5.12702 5.12702 4.74579 4.64273 4.64273 4.64273 4.64273 4.64273 4.64273 4.64273 4.68935 4.89501 5.11405 5.33278 5.55183 5.77071 6.24779 6.00093 5.81382 5.81382 5.81382 5.81382 5.81382 5.81382 5.81196 5.80406 5.79569 5.78733 5.77896 5.77172 5.77076 5.77076 4.68454 3.05138 3.03458 3.03458 3.03458 3.03458 3.03458 3.03458 3.03458 3.03458 3.03458 3.03458 3.03458 3.03458 3.03458 2.98964 2.72533 2.16961 1.60314 1.60314 1.60314 1.60314 1.60314
6.19063 6.19063 6.19063 6.19063 6.19063 6.19063 6.19063 6.19063 6.19063 6.19063 6.19063 5.50731 5.12702 5.12702 4.86991 4.75693 4.97566 5.19487 5.41359 5.63264 5.85136 6.07041 6.24252 6.25574 6.25574 6.25574 6.25574 6.25574 6.41418 6.25845 5.81382 5.81105 5.80284 5.79447 5.78610 5.77774 5.77122 5.77076 5.77076 5.77076 5.77076 5.77076 5.77076 5.77076 5.25136 3.18897 3.03458 3.03458 3.03458 3.03458 3.03458 3.03458 3.03458 3.03458 3.03458 3.03458 3.03458 3.03458 3.03458 3.03427 2.75731 2.46099 1.60314 1.60314 1.60314 1.60314 1.60314
6.19063 6.19063 6.19063 6.19063 6.19063 6.19063 6.19063 6.18982 6.13500 6.04801 5.96083 5.49853 4.72304 4.63586 5.00782 6.25574 6.25574 6.25574 6.25574 6.25574 6.25574 6.25574 6.25574 6.25574 6.25574 6.25574 6.30382 6.42856 6.57354 6.42940 5.77652 5.77091 5.77076 5.77076 5.77076 5.77076 5.77076 5.77076 5.77076 5.77076 5.77076 5.77076 5.77076 5.77076 5.71590 3.43180 3.03458 3.03458 3.03458 3.03458 3.03458 3.03458 3.03458 3.03458 3.03458 3.03458 3.03458 3.03458 3.03458 3.03458 2.83357 2.66428 1.60963 1.60314 1.60455 1.68777 1.81832
6.22067 6.12615 6.03897 5.95185 5.86474 5.77768 5.69050 5.60431 5.57189 5.57189 5.57189 5.49254 4.52051 4.50828 4.58150 6.21468 6.25574 6.25574 6.25574 6.25574 6.25574 6.30168 6.42605 6.55248 6.67867 6.80435 6.88309 6.88416 6.88381 6.59359 5.83074 5.77076 5.77076 5.77076 5.77076 5.77076 5.77076 5.77076 5.77076 5.77076 5.77076 5.77076 5.77076 5.77076 5.77076 4.08014 3.03458 3.03458 3.03458 3.03458 3.03458 3.03458 3.03458 3.03458 3.03458 3.03458 3.04011 3.12314 3.23142 3.33935 3.23329 2.88344 2.49052 2.51454 2.64367 2.69099 2.69099
6.54094 5.57189 5.57189 5.57189 5.57189 5.57189 5.57189 5.57189 5.57189 5.57189 5.57189 5.57189 4.74929 4.50828 4.50828 5.84037 6.29955 6.42353 6.55047 6.67616 6.80222 6.88284 6.88416 6.88416 6.88416 6.88416 6.88416 6.88416 6.88416 6.69088 6.02606 5.77076 5.77076 5.77076 5.77076 5.77076 5.77076 5.77076 5.77076 5.77076 5.77076 5.77076 5.77076 5.77076 5.77076 4.71328 3.10461 3.03458 3.03977 3.12210 3.23029 3.33831 3.44651 3.55539 3.66384 3.70428 3.66608 3.55018 3.40923 3.26840 3.06449 2.52349 2.58544 2.69099 2.69099 2.69099 2.69099
7.65080 5.57189 5.57189 5.57189 5.57189 5.57189 5.57189 5.57189 5.57189 5.57189 5.57189 5.54156 5.06760 4.80049 4.92618 5.93685 6.88247 6.88416 6.88416 6.88416 6.88416 6.88416 6.88416 6.88416 6.88416 6.88416 6.88416 6.88416 6.88416 6.78335 6.22590 5.77076 5.77076 5.77076 5.77076 5.77076 5.77076 5.77076 5.77076 5.77076 5.76982 5.64917 5.44485 5.23991 5.03543 4.62005 3.89348 3.77074 3.87374 3.89421 3.79055 3.64967 3.50879 3.36799 3.22704 3.15366 3.15366 3.15366 3.15366 3.15366 3.15271 2.58529 2.54861 2.69099 2.69099 2.69099 2.69099
8.75846 5.57189 5.57189 5.57189 5.57189 5.57189 5.55296 5.45939 5.35839 5.25719 5.15614 5.08532 5.09325 5.13670 5.13670 5.57321 6.88416 6.88416 6.88416 6.88416 6.88416 6.88416 6.88416 6.88416 6.88416 6.88416 6.88416 6.88416 6.88416 6.86779 6.43360 5.77076 5.77076 5.71326 5.51489 5.31057 5.10547 4.90115 4.69636 4.49172 4.28819 4.20389 4.20389 4.20389 4.18010 4.02452 3.93287 3.46740 3.32660 3.19087 3.15366 3.15366 3.15366 3.15366 3.15366 3.15366 3.15366 3.15366 3.15366 3.15366 3.15366 2.74090 2.52572 2.67666 2.69099 2.69099 2.69099
9.73032 5.69745 5.47587 5.37473 5.27368 5.17253 5.09036 5.08278 5.08278 5.08278 5.08278 5.08278 5.08300 5.13143 5.13670 5.18720 6.82230 6.88416 6.88416 6.88416 6.88416 6.88416 6.88416 6.88416 6.88416 6.88208 6.80565 6.69263 6.57960 6.46658 6.11084 4.69344 4.35744 4.21031 4.20389 4.20389 4.20389 4.20389 4.20389 4.16278 3.98845 3.80404 3.61953 3.43521 3.27449 3.25232 3.42769 3.16202 3.15366 3.15366 3.15366 3.15366 3.15366 3.15366 3.15366 3.15366 3.15366 3.15366 3.15366 3.15366 3.15366 2.89844 2.52349 2.61418 2.69099 2.69099 2.69099
9.48930 6.19968 5.08278 5.08278 5.08278 5.08278 5.08278 5.08278 5.08278 5.08278 5.08278 5.08278 5.08278 5.11611 5.13670 5.13670 6.42510 6.88416 6.86695 6.76507 6.65212 6.53901 6.42607 6.31313 6.19994 6.08916 6.05248 6.05248 6.05248 6.05248 5.90499 4.71736 4.20389 4.20389 4.14070 3.95905 3.77445 3.59013 3.40581 3.26241 3.25232 3.25232 3.25232 3.25232 3.25232 3.25232 3.37998 3.24618 3.15366 3.15366 3.15366 3.15366 3.15366 3.15366 3.15366 3.15366 3.15366 3.15366 3.15366 3.15366 3.15366 3.05595 2.52349 2.56846 2.69099 2.69099 2.69099
9.38312 7.29229 5.08278 5.08278 5.08278 5.08278 5.08278 5.08278 5.08278 5.08278 5.08278 5.12655 5.28804 5.47377 5.67806 5.84599 6.15415 6.15943 6.06379 6.05248 6.05248 6.05248 6.05248 6.05248 6.05248 6.05248 6.05248 6.05248 6.05248 6.03150 5.90648 4.64534 3.56073 3.37631 3.25499 3.25232 3.25232 3.25232 3.25232 3.25232 3.25232 3.25232 3.25232 3.25232 3.25232 3.25232 3.31418 3.34853 3.15366 3.15366 3.15366 3.15366 3.15366 3.15366 3.15366 3.15366 3.15366 3.15366 3.15366 3.15366 3.15366 3.15234 2.58310 2.53649 2.69099 2.69099 2.69099
9.38312 8.40006 5.08278 5.08278 5.13907 5.30450 5.47267 5.64048 5.80865 5.97670 6.14451 6.26903 6.27547 6.27870 6.32845 6.32939 6.26711 6.05248 6.05248 6.05248 6.05248 6.05248 6.05248 6.05248 6.03273 5.98352 5.93437 5.88488 5.83572 5.80721 5.80575 4.65907 3.25232 3.25232 3.25232 3.25232 3.25232 3.25232 3.25232 3.25232 3.25232 3.25232 3.25232 3.25232 3.25232 3.25232 3.25869 3.44033 3.15366 3.15366 3.15366 3.15366 3.15366 3.15366 3.15366 3.15366 3.15366 3.15366 3.15366 3.15366 3.13887 3.08893 2.66112 2.44641 2.47477 2.43976 2.39291
7.96396 7.44836 5.99846 6.16109 6.27296 6.27547 6.27547 6.27547 6.27547 6.27547 6.27547 6.27547 6.27547 6.27547 6.31610 6.32939 6.32435 6.06624 6.05248 6.03371 5.98485 5.93543 5.88623 5.83678 5.80736 5.80709 5.80709 5.80709 5.80709 5.80709 5.80709 5.18645 3.40299 3.25232 3.25232 3.25232 3.25232 3.25232 3.25232 3.25232 3.25232 3.25232 3.25232 3.25232 3.25232 3.25232 3.25232 3.44426 3.19213 3.15366 3.15366 3.15366 3.13924 3.08946 3.03816 2.98677 2.93547 2.88409 2.85353 2.84755 2.86021 2.92798 2.72817 2.29939 2.29863 2.29863 2.29863
6.39172 6.39172 6.30889 6.27547 6.27547 6.27547 6.27547 6.27547 6.27547 6.27547 6.27547 6.27547 6.27547 6.27547 6.29963 6.26289 6.21366 5.96697 5.83813 5.80746 5.80709 5.80709 5.80709 5.80709 5.80709 5.80709 5.80709 5.80709 5.80709 5.80709 5.80709 5.48341 3.78727 3.25232 3.25232 3.25232 3.25232 3.25232 3.25232 3.25232 3.25232 3.25232 3.25232 3.25232 3.23179 3.12503 3.00876 3.10657 3.07587 2.88462 2.83328 2.78157 2.74582 2.77300 2.81993 2.87886 2.95490 3.05669 3.12961 3.12984 3.12984 3.12984 2.99545 2.29863 2.29863 2.29863 2.29863
6.39172 6.39172 6.33913 6.27547 6.27547 6.27547 6.27547 6.27547 6.27547 6.29499 6.37493 6.45917 6.54344 6.62764 6.57654 6.08399 6.08399 5.95770 5.80709 5.80709 5.80709 5.80709 5.80709 5.80709 5.80709 5.80709 5.80709 5.80709 5.80709 5.80709 5.80709 5.75363 4.19631 3.25232 3.25232 3.25232 3.24895 3.16628 3.05001 2.93365 2.81747 2.70120 2.58484 2.46866 2.37292 2.36341 2.36341 2.52784 2.99960 2.83745 2.90119 2.98442 3.09271 3.12984 3.12984 3.12984 3.12984 3.12984 3.12984 3.12984 3.12984 3.12984 3.12751 2.37235 2.29863 2.29863 2.29863
6.39172 6.39172 6.36930 6.27547 6.28715 6.36195 6.44622 6.53046 6.61469 6.67949 6.68378 6.68378 6.68378 6.68378 6.68264 6.15182 6.08399 6.02864 5.80709 5.80709 5.80709 5.80709 5.80709 5.80709 5.80709 5.80709 5.80709 5.80709 5.80709 5.78184 5.69283 5.60063 4.51570 2.74235 2.62608 2.50981 2.39692 2.36341 2.36341 2.36341 2.36341 2.36341 2.34692 2.27042 2.17034 2.04225 1.87186 1.70901 3.06964 3.12984 3.12984 3.12984 3.12984 3.12984 3.12984 3.12984 3.12984 3.12984 3.12984 3.12984 3.12984 3.12984 3.12984 2.57575 2.29863 2.29863 2.29863
6.46525 6.54949 6.63281 6.61037 6.67435 6.68378 6.68378 6.68378 6.68378 6.68378 6.68378 6.68378 6.68378 6.68378 6.68378 6.32361 6.08399 6.08123 5.82545 5.80709 5.80709 5.80675 5.75280 5.66067 5.56861 5.47649 5.38429 5.29223 5.20018 5.13323 5.13018 5.13018 4.65633 2.55500 2.36341 2.36341 2.36341 2.33939 2.25807 2.15478 2.02187 1.84415 1.66111 1.64707 1.64707 1.64707 1.64707 1.64707 2.73320 3.12984 3.12984 3.12984 3.12984 3.12984 3.12984 3.12984 3.12984 3.12984 3.12984 3.12984 3.12984 3.12984 3.12984 2.78151 2.29863 2.29863 2.29863
6.80003 6.80003 6.80003 6.72169 6.68378 6.68378 6.68378 6.68378 6.68378 6.68378 6.68378 6.68378 6.68378 6.68378 6.67423 6.34326 5.74458 5.55836 5.41107 5.35228 5.26015 5.16836 5.13018 5.13018 5.13018 5.13018 5.13018 5.13018 5.13018 5.13018 5.13018 5.13018 4.97410 2.97735 2.13874 2.00060 1.81536 1.65164 1.64707 1.64707 1.64707 1.64707 1.64707 1.64707 1.64707 1.64707 1.64707 1.64707 2.36005 3.12984 3.12984 3.12984 3.12984 3.12984 3.12984 3.12984 3.12984 3.12984 3.12984 3.12984 3.12984 3.12984 3.12984 2.98737 2.29863 2.29863 2.29863
6.80003 6.80003 6.80003 6.75183 6.68378 6.68378 6.68378 6.66521 6.50764 6.32155 6.13533 5.94885 5.76289 5.57667 5.40000 5.32805 4.77276 4.75764 4.91890 5.13018 5.13018 5.13018 5.13018 5.13018 5.13018 5.13018 5.13018 5.14564 5.18244 5.21948 5.25667 5.29359 5.31457 3.95475 1.64707 1.64707 1.64707 1.64707 1.64707 1.64707 1.64707 1.64707 1.64707 1.64707 1.64707 1.64707 1.64707 1.64707 1.98811 3.12984 3.12984 3.12984 3.12984 3.12984 3.12984 3.12984 3.12984 3.12984 3.12984 3.12984 3.12984 3.12984 3.12984 3.12426 2.24266 1.98838 1.79949
6.77966 6.59349 6.37114 6.13881 5.92603 5.74008 5.55373 5.38594 5.35743 5.35743 5.35743 5.35743 5.35743 5.35743 5.35743 5.35743 4.91622 4.75764 4.82389 5.13018 5.13018 5.13018 5.14497 5.18200 5.21900 5.25593 5.29306 5.31470 5.31483 5.31483 5.31483 5.31483 5.31483 4.89728 1.64707 1.64707 1.64707 1.64707 1.64707 1.64707 1.64707 1.64707 1.64707 1.64707 1.64707 1.64707 1.64707 1.64707 1.67969 3.06756 3.12984 3.12984 3.12984 3.12984 3.12984 3.12856 2.98965 2.76017 2.52940 2.29863 2.06860 1.83930 1.60780 1.37942 0.905746 0.720569 0.720569
5.31656 5.28024 5.28024 5.28028 5.34925 5.35743 5.35743 5.35743 5.35743 5.35743 5.35743 5.35743 5.35743 5.35743 5.35743 5.35743 5.08920 4.77210 4.81065 5.18777 5.25556 5.29249 5.31463 5.31483 5.31483 5.31483 5.31483 5.31483 5.31483 5.31483 5.31483 5.31483 5.31483 5.27808 2.05629 1.64707 1.64707 1.64707 1.64707 1.64707 1.64707 1.64707 1.64707 1.64707 1.64707 1.64707 1.64707 1.64707 1.60529 2.43768 2.53510 2.30341 2.07338 1.84371 1.61386 1.38346 1.29251 1.29251 1.29251 1.29251 1.29251 1.29251 1.29251 1.29251 1.04731 0.720569 0.720569
5.28024 5.28024 5.28024 5.28024 5.32957 5.35743 5.35743 5.35743 5.35743 5.35743 5.35743 5.35743 5.27616 4.98448 4.68181 4.37929 4.21874 4.94205 4.94229 5.19118 5.31483 5.31483 5.31483 5.31483 5.31483 5.31483 5.31483 5.31483 5.31483 5.31483 5.31483 5.31483 5.31483 5.30949 2.98590 1.64707 1.64707 1.64707 1.64707 1.64707 1.62717 1.55181 1.47338 1.39483 1.31639 1.23784 1.15940 1.08091 1.04419 1.16339 1.29251 1.29251 1.29251 1.29251 1.29251 1.29251 1.29251 1.29251 1.29251 1.29251 1.29251 1.29251 1.29251 1.29251 1.18894 0.720569 0.720569
