High_resolution/powerplant/Fengdu/OMI_NO2_200702.asc
ncols      200
nrows      200
xllcorner       105.978
yllcorner       28.1831
cellsize     0.0166667
NODATA_Value      -999.000
[rows 30 to 59 of 200, columns 66 to 131 of 200]
5.44974 5.44974 5.03331 4.49418 4.49650 4.60825 4.77978 4.95131 4.64422 3.46925 3.74131 3.69524 3.10289 3.09755 3.09755 3.09755 3.09755 3.09755 3.09755 3.09755 3.09755 3.09755 3.10114 3.10809 3.11504 3.12199 3.13389 2.28568 1.92592 1.89562 1.86531 1.83505 1.80518 1.79468 1.79468 1.79468 1.79468 1.79468 1.79468 1.79468 1.79468 1.79735 2.91037 2.89058 2.80903 2.68880 2.60200 2.51530 2.42869 2.34316 2.31263 2.31063 2.30863 2.30664 2.52757 2.62923 2.62657 2.62400 2.35808 2.44657 2.44657 2.44657 2.40338 2.37145 2.37145 2.37145
5.56210 5.73363 5.68930 5.12267 5.29206 5.35184 5.35184 5.35184 5.24928 3.46705 3.70393 3.74208 3.22962 3.11128 3.11823 3.12518 3.13214 3.13909 3.14604 3.15301 3.15994 3.16691 3.17027 3.17027 3.17027 3.17027 3.17027 2.44259 1.79468 1.79468 1.79468 1.79468 1.79468 1.79468 1.79468 1.79468 1.79468 1.79468 1.79468 1.79468 1.79468 1.82221 2.50923 2.51745 2.37491 2.30597 2.30397 2.30197 2.29998 2.29834 2.29817 2.29817 2.29817 2.29817 2.45071 2.62326 2.62326 2.62326 2.42823 2.44657 2.44657 2.44657 2.42071 2.37145 2.37145 2.37145
6.30740 6.31928 6.39923 5.59122 5.69598 5.82695 5.96523 6.11174 6.26708 4.96131 3.99330 3.81308 3.46121 3.17027 3.17027 3.17027 3.17027 3.17027 3.17027 3.17027 3.17027 3.17027 3.17027 3.17027 3.17027 3.17027 3.17027 2.79217 1.79394 1.79468 1.79468 1.79468 1.79468 1.82483 1.89874 1.97276 2.04684 2.12105 2.19507 2.26927 2.34323 2.38996 2.63015 2.60874 2.38405 2.29817 2.29817 2.29817 2.29817 2.29817 2.29817 2.29817 2.29817 2.29817 2.38944 2.62326 2.62326 2.62326 2.53390 2.40994 2.44657 2.44657 2.43804 2.37145 2.37145 2.37145
7.81586 8.02332 8.06242 7.03551 6.78833 6.78833 6.78833 6.78833 6.78833 5.97714 4.22250 3.81403 3.62704 3.17027 3.17027 3.17027 3.17027 3.17027 3.17027 3.17027 3.17027 3.17027 3.17027 3.17027 3.17027 3.16260 3.13911 2.99860 2.09056 2.12397 2.19847 2.27219 2.34657 2.39032 2.39067 2.39067 2.39067 2.39067 2.39067 2.39067 2.39067 2.39067 2.43386 2.75251 2.39867 2.30724 2.29817 2.29817 2.29817 2.29817 2.29817 2.29817 2.29817 2.29817 2.33433 2.62326 2.62326 2.62326 2.62326 2.39017 2.44657 2.44657 2.44657 2.38026 2.37145 2.37145
8.06242 8.06242 8.06242 7.30306 6.78833 6.78833 6.78833 6.78833 6.78833 6.50757 4.44959 3.81403 3.78133 3.18166 3.17027 3.17027 3.17027 3.16764 3.14709 3.12316 3.09921 3.07527 3.05134 3.02739 3.00346 2.98720 2.98674 2.94276 2.49254 2.39067 2.38952 2.38495 2.38011 2.37521 2.37042 2.36563 2.36079 2.35589 2.35110 2.34631 2.34146 2.33657 2.33179 2.73440 2.34747 2.27561 2.23952 2.23593 2.23231 2.22862 2.22503 2.22143 2.21781 2.21413 2.21156 2.58670 2.62326 2.62326 2.62326 2.45975 2.44695 2.45141 2.45694 2.41392 2.35651 2.29166
8.06242 8.05933 8.03436 7.54281 6.83063 6.84338 6.85563 6.86838 6.88066 6.88993 5.19377 4.13531 4.18196 3.49032 3.22671 3.21524 3.20385 3.19495 3.20418 3.21650 3.22925 3.24146 3.25425 3.26650 3.27918 3.29154 3.30415 3.31578 2.72864 2.21903 2.21540 2.21517 2.21517 2.21517 2.21517 2.21517 2.21517 2.21517 2.21517 2.21517 2.21517 2.21517 2.21517 2.57184 2.32469 2.22274 2.16654 2.16654 2.16703 2.17063 2.17478 2.17894 2.18308 2.18723 2.19137 2.51471 2.66745 2.67297 2.65094 2.43988 2.35941 2.29021 2.22002 2.11967 2.04508 2.04508
7.39135 7.36525 7.36709 7.40080 7.31686 7.40691 7.49716 7.58735 7.67747 7.76765 6.98710 5.15936 4.83837 4.06658 3.34698 3.34698 3.34698 3.34698 3.34698 3.34698 3.34698 3.34698 3.34698 3.34698 3.34698 3.34698 3.34698 3.34698 2.99294 2.21517 2.21517 2.21517 2.21517 2.21517 2.21517 2.21517 2.21517 2.22483 2.24957 2.27444 2.29937 2.32430 2.34917 2.51339 2.61654 2.38044 2.20843 2.21259 2.21626 2.21680 2.21680 2.21680 2.21612 2.14004 2.00354 2.04515 2.06515 1.82440 1.60031 1.58790 2.08993 2.11611 2.11263 2.09489 2.03302 2.02896
7.83269 7.92288 8.00702 8.02213 7.82157 7.81268 7.81268 7.80960 7.65730 7.39817 6.82177 5.45325 4.83837 4.45069 3.34698 3.34698 3.34698 3.34698 3.34698 3.34698 3.34698 3.34698 3.34698 3.34698 3.34698 3.34698 3.34257 3.33134 3.21574 2.34939 2.32884 2.35374 2.37867 2.40357 2.42847 2.45340 2.47827 2.49353 2.49370 2.49370 2.49370 2.49370 2.49370 2.49507 2.78463 2.47157 2.22815 2.19610 2.07702 1.93399 1.77576 1.59977 1.40398 1.30603 1.27559 1.30291 1.42344 1.37759 1.33170 1.28585 1.89705 2.08134 2.08076 2.07988 2.01300 2.00928
8.02515 8.02515 8.02268 7.88429 7.46075 7.10090 6.74648 6.33050 6.16393 6.16393 6.16393 5.81131 4.83837 4.78874 3.39314 3.34636 3.33759 3.32633 3.31505 3.30380 3.29251 3.28128 3.26999 3.25873 3.24747 3.23620 3.22937 3.22930 3.25273 2.71536 2.49370 2.49370 2.49370 2.49370 2.49370 2.49370 2.49370 2.49370 2.49370 2.49370 2.49370 2.49370 2.49370 2.49370 2.62105 1.98281 1.54272 1.25290 1.20282 1.17225 1.14166 1.11109 1.08050 1.06266 1.06253 1.07586 1.19561 1.19561 1.19561 1.19561 1.69109 2.08076 2.08076 2.08076 2.02861 2.00928
7.36470 7.03485 6.64409 6.48264 6.30645 6.14562 5.96773 5.76981 5.58867 5.42336 5.27132 5.11829 4.75350 4.74508 3.62297 3.23179 3.22930 3.22930 3.22930 3.22930 3.22930 3.22930 3.22930 3.22930 3.22930 3.22930 3.22930 3.22930 3.23115 2.90154 2.49370 2.49370 2.49370 2.49370 2.49370 2.49370 2.49584 2.53943 2.59875 2.65816 2.71748 2.77736 2.83677 2.89623 2.94994 1.55762 1.23310 1.06253 1.06253 1.06253 1.06253 1.06253 1.06253 1.06253 1.06253 1.06294 1.18368 1.19561 1.19561 1.19561 1.44638 2.08076 2.08076 2.08076 2.04511 2.00928
5.54767 5.39620 5.25562 5.12565 4.92916 4.68711 4.66907 4.66907 4.66907 4.66907 4.66907 4.66907 4.70577 4.72069 3.99414 3.22930 3.22930 3.22930 3.22930 3.22930 3.22930 3.22930 3.22930 3.22930 3.22930 3.22930 3.22930 3.22930 3.23179 3.14542 2.59818 2.65754 2.71691 2.77646 2.83620 2.89562 2.95279 2.96861 2.96861 2.96861 2.96861 2.96861 2.96861 2.96861 2.96861 1.94755 1.31380 1.06253 1.06253 1.06253 1.06253 1.06253 1.06253 1.06253 1.06253 1.06253 1.15015 1.19561 1.19561 1.19561 1.21304 2.06563 2.08076 2.08076 2.06160 2.00928
4.88154 4.88154 4.88154 4.88154 4.85296 4.66907 4.66907 4.66907 4.66907 4.66907 4.66907 4.66907 4.69351 4.72069 4.37812 3.22930 3.22930 3.22930 3.22930 3.22930 3.22930 3.27479 3.38587 3.49746 3.60914 3.72082 3.83241 3.94409 4.05319 4.05180 3.04879 2.96861 2.96861 2.96861 2.96861 2.96861 2.96861 2.96861 2.96861 2.96861 2.96924 2.97409 2.97945 2.98481 2.99026 2.36769 1.42266 1.10478 1.10581 1.11131 1.11667 1.12203 1.12744 1.13296 1.13832 1.14368 1.17479 1.19561 1.19561 1.19561 1.19561 1.91659 2.08076 2.08076 2.07715 2.02036
4.88154 4.88154 4.88154 4.88154 4.88109 4.68528 4.66907 4.66907 4.66907 4.66753 4.65495 4.64066 4.63796 4.66041 4.59734 3.41941 3.47345 3.57084 3.66785 3.76512 3.86222 3.91403 3.90001 3.88555 3.87110 3.85664 3.84219 3.82761 3.81328 3.82007 3.37839 3.11631 3.12179 3.12721 3.13259 3.13795 3.14341 3.14887 3.15424 3.15960 3.16441 3.16504 3.16504 3.16504 3.16504 2.93099 1.60473 1.32594 1.25897 1.25897 1.25897 1.25897 1.25897 1.27702 1.32224 1.36768 1.41654 1.49459 1.56283 1.63082 1.69882 2.21736 2.58002 2.70897 2.85678 2.80547
5.08853 4.86375 4.86268 4.86162 4.86056 4.46990 4.28723 4.25149 4.21559 4.18138 4.15800 4.13664 4.11676 4.14690 4.14614 3.80634 3.67116 3.67116 3.67116 3.67116 3.67116 3.67116 3.67116 3.67116 3.67116 3.67116 3.67116 3.67116 3.67116 3.67589 3.59748 3.16504 3.16504 3.16504 3.16504 3.16504 3.16504 3.16504 3.16504 3.16504 3.16504 3.15717 3.10866 3.05441 3.00016 2.94392 1.49235 1.41390 1.59878 1.64416 1.68954 1.73504 1.78031 1.80753 1.80775 1.80775 1.82919 2.01879 2.01879 2.01879 2.01879 2.28245 3.22882 3.22882 3.22882 3.09141
5.91633 4.79568 4.77433 4.75296 4.73163 4.40256 4.09457 4.09451 4.09451 4.09451 4.09451 4.09451 4.09451 4.13355 4.14614 3.92798 3.67116 3.67116 3.67116 3.67116 3.67116 3.67116 3.67116 3.67116 3.67116 3.67116 3.67116 3.67116 3.67116 3.67116 3.72417 3.09548 3.04117 2.98686 2.93267 2.87836 2.82405 2.76974 2.71549 2.66124 2.60705 2.56055 2.55482 2.55482 2.55482 2.55482 1.54702 1.27043 1.80775 1.80775 1.80775 1.80775 1.80775 1.80775 1.80775 1.80775 1.80965 2.05705 2.15881 2.24050 2.32226 2.42566 3.92080 4.13031 4.25986 4.26254
6.68612 4.69794 4.69794 4.69794 4.69794 4.51533 4.09451 4.09451 4.09451 4.09451 4.09451 4.09451 4.09451 4.12119 4.14614 4.04972 3.67116 3.67116 3.67116 3.67138 3.67812 3.68798 3.69781 3.70765 3.71749 3.72730 3.73718 3.74700 3.75684 3.76668 3.49458 2.64925 2.55482 2.55482 2.55482 2.55482 2.55482 2.55482 2.55482 2.55482 2.55482 2.55482 2.55482 2.55482 2.55482 2.55482 1.94006 1.08050 1.81804 1.86890 1.92336 1.97782 2.03228 2.08674 2.14125 2.19571 2.24898 2.55760 2.70584 2.70584 2.70584 2.70584 3.90764 4.36922 4.36922 4.33628
7.59234 4.69794 4.69794 4.69794 4.69794 4.64026 4.09457 4.09451 4.09451 4.09947 4.15684 4.22817 4.29944 4.33068 4.19674 4.20140 3.77184 3.75126 3.76111 3.77074 3.77382 3.77382 3.77382 3.77382 3.77382 3.77382 3.77382 3.77382 3.77382 3.77382 3.60881 2.84181 2.55482 2.55482 2.55482 2.55482 2.55482 2.55482 2.55482 2.55482 2.58734 2.72274 2.86390 3.00517 3.14632 3.28884 3.14097 1.40473 2.15775 2.26579 2.26579 2.26579 2.26579 2.26579 2.26579 2.26579 2.26579 2.46218 2.70584 2.70584 2.70584 2.70584 3.49512 4.36922 4.36922 4.36922
8.22863 5.13280 4.88820 4.95947 5.03102 5.10228 4.63741 4.64153 4.71287 4.77925 4.79322 4.79322 4.79322 4.76423 4.25604 4.24880 3.92087 3.77382 3.77382 3.77382 3.77382 3.77382 3.77382 3.77382 3.77382 3.77382 3.77382 3.77382 3.77382 3.77382 3.72685 3.03022 2.58553 2.71901 2.86107 3.00234 3.14339 3.28556 3.42706 3.56844 3.67685 3.68408 3.68408 3.68408 3.68408 3.68408 3.68274 1.69378 1.97140 2.26579 2.26579 2.26579 2.26579 2.26579 2.26579 2.26579 2.26579 2.38166 2.70584 2.70584 2.70584 2.70584 3.08277 4.36922 4.36922 4.36922
8.89239 6.60608 5.39665 5.39665 5.39665 5.39665 4.98543 4.79322 4.79322 4.79322 4.79322 4.79322 4.79322 4.79322 4.35732 4.24880 4.04242 3.77382 3.77382 3.77382 3.77382 3.77382 3.77382 3.77382 3.77684 3.81295 3.85804 3.90321 3.94837 3.99350 4.03863 3.67608 3.67594 3.68408 3.68408 3.68408 3.68408 3.68408 3.68408 3.68408 3.68408 3.68408 3.68408 3.68408 3.68408 3.68408 3.68408 2.25032 1.78134 2.26579 2.26554 2.26224 2.25798 2.25365 2.24942 2.24519 2.24096 2.28332 2.70584 2.70584 2.70584 2.70584 2.74078 4.29870 4.36922 4.36922
8.89239 7.51150 5.39665 5.39665 5.39665 5.39665 5.11060 4.79322 4.79322 4.79322 4.79322 4.79322 4.79322 4.79322 4.48761 4.24880 4.16428 3.79862 3.84469 3.89144 3.93814 3.98485 4.03158 4.07831 4.12198 4.13267 4.13422 4.13583 4.13738 4.13899 4.14054 3.80761 3.60391 3.60275 3.59852 3.59430 3.58996 3.58570 3.58149 3.57726 3.57293 3.56867 3.56444 3.56021 3.55592 3.55161 3.54738 2.66729 1.44602 2.11628 2.11231 2.11138 2.11138 2.11138 2.11138 2.11138 2.11138 2.11040 2.59474 2.56996 2.49725 2.42472 2.35236 3.49492 3.87058 3.79805
8.76937 8.27931 5.24445 5.22969 5.21499 5.20040 5.07984 4.82216 4.82377 4.82744 4.84779 4.87166 4.89551 4.91938 4.76785 4.42267 4.44505 4.18973 4.16612 4.16612 4.16612 4.16612 4.16612 4.16612 4.16612 4.16612 4.16612 4.16612 4.16612 4.16612 4.16612 3.92325 3.51919 3.52967 3.52967 3.52967 3.52967 3.52967 3.52967 3.52967 3.52967 3.52967 3.52967 3.52967 3.52967 3.53027 3.54555 3.25458 1.36205 1.89522 1.86772 1.81931 1.77095 1.72266 1.67436 1.62589 1.57759 1.53259 1.72299 1.82345 1.82345 1.82345 1.82345 2.62603 3.48683 3.48683
8.54170 8.54135 5.48325 5.07546 5.09775 5.12003 5.12869 4.95822 4.97955 4.99973 5.00325 5.00325 5.00325 5.00325 4.95666 4.46035 4.45882 4.26403 4.16612 4.16612 4.16612 4.16612 4.16612 4.16612 4.16612 4.16612 4.16612 4.16612 4.16612 4.16612 4.16612 4.07740 3.51238 3.52967 3.53132 3.54888 3.57040 3.59190 3.61339 3.63491 3.65640 3.67792 3.69939 3.72091 3.74241 3.76330 3.76956 3.76867 1.78440 1.52750 1.52312 1.52312 1.52312 1.52312 1.52312 1.52312 1.52312 1.52312 1.65736 1.82345 1.86179 2.08993 2.34349 2.76139 2.86631 2.72036
6.17979 5.74270 5.30669 5.21057 5.21057 5.21057 5.21057 5.03391 5.00325 5.00325 5.00325 5.00325 5.00325 5.00325 5.00325 4.54400 4.45882 4.33896 4.16612 4.16612 4.16612 4.16612 4.16612 4.16612 4.14695 4.11116 4.07515 4.03944 4.00354 3.96779 3.93178 3.89560 3.70503 3.74574 3.76563 3.76956 3.76956 3.76956 3.76956 3.76956 3.76956 3.76956 3.76956 3.76956 3.76956 3.76956 3.76956 3.76956 2.34139 1.53100 1.52312 1.52312 1.59203 1.76009 1.92941 2.09845 2.26748 2.43652 2.82587 3.70089 3.91632 3.94174 3.94174 3.89947 2.26069 2.19516
5.44615 5.44615 5.36142 5.21057 5.21057 5.21057 5.21057 5.07753 5.00325 5.00325 5.00325 5.00325 5.00325 4.99971 4.96153 4.59514 4.35056 4.26981 3.98606 3.95024 3.91445 3.87859 3.84265 3.80686 3.79021 3.79021 3.79021 3.79021 3.79021 3.79021 3.79021 3.79021 3.75409 3.76535 3.76956 3.76956 3.76956 3.76956 3.76956 3.76956 3.76956 3.76956 3.76956 3.76958 3.77448 3.78322 3.79204 3.80085 3.21546 2.50751 2.66502 2.83434 2.93446 2.93531 2.93531 2.93531 2.93531 2.93531 3.03902 3.94174 3.94174 3.94174 3.94174 3.94174 2.65364 2.19516
5.44615 5.44615 5.42185 5.21038 5.17937 5.13241 5.08545 4.94814 4.78403 4.73707 4.69006 4.64310 4.59605 4.55253 4.54376 4.37519 4.08291 4.08256 3.82071 3.79021 3.79021 3.79021 3.79021 3.79021 3.79021 3.79021 3.79021 3.79021 3.79021 3.79021 3.79021 3.79021 3.76312 3.75871 3.76956 3.76958 3.77458 3.78335 3.79213 3.80094 3.80976 3.81857 3.82739 3.83619 3.84008 3.84008 3.84008 3.84008 3.71550 2.94977 2.93572 2.93531 2.93531 2.93531 2.93531 2.93531 2.93531 2.93531 2.93901 3.85593 3.94174 3.94174 3.94174 3.94174 3.09010 2.19516
5.14348 5.09652 5.04951 4.80494 4.75108 4.75108 4.75108 4.70460 4.54376 4.54376 4.54376 4.54376 4.54376 4.54376 4.54376 4.48536 4.08291 4.08291 3.89541 3.79021 3.79021 3.79021 3.79021 3.79021 3.79021 3.79021 3.79021 3.79021 3.81820 3.89686 3.97637 4.05607 4.11765 4.05610 3.82747 3.83627 3.84008 3.84008 3.84008 3.84008 3.84008 3.84008 3.84008 3.84008 3.84008 3.84008 3.84008 3.84008 3.83973 3.04847 2.93862 2.93531 2.93531 2.93531 2.93531 2.93531 2.93531 2.93531 2.93531 3.60269 3.94174 3.94174 3.94174 3.94174 3.52260 2.19516
4.98665 4.98665 4.98665 4.84920 4.75108 4.75108 4.75108 4.74382 4.54756 4.54376 4.54376 4.54376 4.54376 4.54376 4.54376 4.54371 4.13482 4.08291 3.97034 3.79021 3.80060 3.87088 3.95046 4.03003 4.10973 4.18949 4.27727 4.39401 4.48565 4.52782 4.56908 4.61210 4.64738 4.61043 4.13527 4.16667 4.20093 4.23593 4.27118 4.30731 4.34422 4.38223 4.42123 4.46069 4.50105 4.54219 4.58475 4.62864 4.67278 3.97725 3.58216 3.60626 3.64033 3.67489 3.71021 3.74646 3.78433 3.82310 3.86236 3.92299 3.94174 3.94174 3.94811 3.96507 3.93614 2.31640
5.00691 5.02462 5.04233 4.98391 4.84239 4.86023 4.87802 4.89582 4.99220 5.09382 5.14797 5.20410 5.26114 5.28865 5.27701 5.26634 4.87094 4.64336 4.68184 5.41732 5.57833 5.66457 5.73754 5.81557 5.89373 5.97693 6.04107 6.04526 6.04526 6.04526 6.04526 6.04526 6.04526 6.06279 5.42782 5.29890 5.29890 5.29890 5.29890 5.29890 5.29890 5.29890 5.29890 5.29890 5.29890 5.29890 5.29890 5.29890 5.29890 4.78069 3.97447 3.96618 3.98327 4.00043 4.01760 4.03476 4.05184 4.06905 4.08617 4.10332 4.12044 4.13763 4.14838 4.14855 4.14855 2.85411
5.42895 5.41236 5.41236 5.39535 5.17874 5.17370 5.12912 5.07184 5.51290 5.92935 5.84332 5.75735 5.67138 5.62443 5.62436 5.62436 5.34107 4.93310 4.93310 5.90461 6.04526 6.04526 6.04526 6.04526 6.04526 6.04526 6.04526 6.04526 6.04526 6.04526 6.04526 6.04526 6.04526 6.05706 5.62192 5.29890 5.29890 5.29890 5.29911 5.33566 5.39793 5.46028 5.52255 5.58496 5.64723 5.70950 5.77184 5.83412 5.89646 5.77520 4.62431 4.15086 4.14855 4.14855 4.14855 4.14855 4.14855 4.14855 4.14855 4.14855 4.14855 4.14855 4.14855 4.14855 4.09864 3.23505
5.43883 5.35320 5.33348 5.31379 4.91629 4.76663 4.75381 4.75381 5.01367 5.62436 5.62436 5.62436 5.62436 5.62436 5.62436 5.62436 5.50642 4.93310 4.93310 5.62109 6.04526 6.04526 6.04526 6.04526 6.04526 6.04526 6.04526 6.04526 6.06647 6.12228 6.17832 6.23453 6.29063 6.36448 6.24035 5.78533 5.84768 5.90995 5.97201 5.99780 5.99780 5.99780 5.99780 5.99780 5.99780 5.99780 5.99780 5.99780 5.99780 5.99740 4.81358 4.23189 4.14855 4.14855 4.14855 4.14637 4.05044 3.90558 3.76024 3.61538 3.47003 3.32505 3.17983 3.03473 2.93953 2.95961
