High_resolution/powerplant/Fengdu/OMI_NO2_200809.asc
ncols      200
nrows      200
xllcorner       105.978
yllcorner       28.1831
cellsize     0.0166667
NODATA_Value      -999.000
[rows 150 to 179 of 200, columns 132 to 197 of 200]
0.00000 0.00000 0.00000 0.857140 0.761540 0.721450 0.681401 0.641555 0.610035 0.607642 0.607642 0.607642 0.607642 0.607642 0.607642 0.607642 0.607642 0.607642 0.609980 1.00016 1.03258 1.03258 1.03258 1.03258 1.03258 1.03258 1.03258 1.03258 1.03258 1.03258 1.03258 1.03258 1.03258 1.03258 1.03258 0.00000 0.00000 0.00000 0.00000 0.00000 0.00000 0.00000 1.26572 1.26572 1.26572 1.26572 1.26572 1.26572 1.26572 1.26572 1.26572 1.26572 1.26572 1.26572 1.26572 1.26572 1.26572 1.26572 1.26572 1.25168 1.20761 1.16259 1.11755 1.08169 1.07876 0.00000
0.00000 0.00000 0.00000 0.607642 0.607642 0.607642 0.607642 0.607642 0.607642 0.607642 0.607642 0.607642 0.607642 0.607642 0.607642 0.607642 0.607642 0.607642 0.607642 0.898020 1.03258 1.03258 1.03258 1.03258 1.03258 1.03258 1.03258 1.03258 1.03258 1.03258 1.03258 1.03258 1.03258 1.03258 1.03258 0.00000 0.00000 0.00000 0.00000 0.00000 0.00000 0.00000 1.26572 1.26572 1.26572 1.26572 1.26572 1.26572 1.26572 1.26572 1.26572 1.26572 1.26572 1.26572 1.26572 1.24577 1.20083 1.15577 1.11075 1.07975 1.07876 1.07876 1.07876 1.07876 1.07876 0.00000
0.00000 0.00000 0.00000 0.00000 0.607642 0.607642 0.607642 0.607642 0.607642 0.607642 0.607642 0.607642 0.607642 0.607642 0.607642 0.607642 0.607642 0.607642 0.607642 0.793257 1.03258 1.03258 1.03258 1.03258 1.03258 1.03258 1.03258 1.03258 1.03258 1.03258 1.03258 1.03258 1.03258 1.03258 1.03258 1.03258 0.00000 0.00000 0.00000 0.00000 0.00000 0.00000 0.00000 1.26572 1.26572 1.26572 1.26572 1.26572 1.26572 1.26572 1.26554 1.23904 1.19402 1.14898 1.10392 1.07883 1.07876 1.07876 1.07876 1.07876 1.07876 1.07876 1.07876 1.07876 1.07876 1.07876
0.00000 0.00000 0.00000 0.00000 0.607642 0.607642 0.607642 0.607642 0.607642 0.607642 0.607642 0.607642 0.607642 0.607642 0.607642 0.607642 0.607642 0.607642 0.607642 0.688764 1.03258 1.03258 1.03258 1.03258 1.03258 1.03258 1.03258 1.03258 1.03258 1.03258 1.03258 1.03258 1.03258 1.03258 1.03258 1.03258 0.00000 0.00000 0.00000 0.00000 0.00000 0.00000 0.00000 1.26572 1.26572 1.26572 1.26440 1.23226 1.18720 1.14216 1.09734 1.07876 1.07876 1.07876 1.07876 1.07876 1.07876 1.07876 1.07876 1.07876 1.07876 1.07876 1.07876 1.07876 1.07876 1.07876
0.00000 0.00000 0.00000 0.00000 0.607642 0.607642 0.607642 0.607642 0.607642 0.607642 0.607642 0.607642 0.607642 0.607642 0.607642 0.607642 0.607642 0.607642 0.607642 0.611509 1.00509 1.03258 1.03258 1.03258 1.03258 1.03258 1.03258 1.03258 1.03539 1.04533 1.05561 1.06590 1.07618 1.08648 1.09675 1.10710 0.00000 0.00000 0.00000 0.00000 0.00000 0.00000 0.00000 1.26572 1.18474 1.13537 1.09164 1.07876 1.07876 1.07876 1.07876 1.07876 1.07876 1.07876 1.07876 1.07876 1.07876 1.07876 1.07876 1.07876 1.07876 1.07876 1.07876 1.07876 1.07876 1.07876
0.00000 0.00000 0.00000 0.00000 0.607642 0.607642 0.607642 0.607642 0.607642 0.607642 0.607642 0.607642 0.607642 0.607642 0.607642 0.607642 0.607642 0.607642 0.607642 0.607795 0.916638 1.04895 1.05923 1.06952 1.07981 1.09009 1.10037 1.11067 1.11813 1.11848 1.11848 1.11848 1.11848 1.11848 1.11848 1.11848 0.00000 0.00000 0.00000 0.00000 0.00000 0.00000 0.00000 0.00000 1.07876 1.07876 1.07876 1.07876 1.07876 1.07876 1.07876 1.07876 1.07876 1.07876 1.07876 1.07876 1.07876 1.07876 1.07876 1.07876 1.07876 1.07876 1.07876 1.07876 1.07876 1.07876
0.00000 0.00000 0.00000 0.00000 0.00000 0.607642 0.607642 0.607642 0.607642 0.607642 0.607642 0.607642 0.641390 0.705576 0.769304 0.833388 0.897167 0.961251 1.02503 1.08891 1.11748 1.11848 1.11848 1.11848 1.11848 1.11848 1.11848 1.11848 1.11848 1.11848 1.11848 1.11848 1.11848 1.11848 1.11848 1.11848 1.11848 0.00000 0.00000 0.00000 0.00000 0.00000 0.00000 0.00000 1.07876 1.07876 1.07876 1.07876 1.07876 1.07876 1.07876 1.07876 1.07876 1.07876 1.07876 1.07876 1.07876 1.07876 1.07876 1.07876 1.07876 1.07876 1.07876 1.07876 1.07876 1.07876
0.00000 0.00000 0.00000 0.00000 1.57737 0.899692 0.766860 0.830996 0.894673 0.958859 1.02254 1.08672 1.11665 1.11665 1.11665 1.11665 1.11665 1.11665 1.11665 1.11665 1.11703 1.11848 1.11848 1.11848 1.11848 1.11848 1.11848 1.11848 1.11848 1.11848 1.11848 1.11848 1.11848 1.11848 1.11848 1.11848 1.11848 0.00000 0.00000 0.00000 0.00000 0.00000 0.00000 0.00000 1.07876 1.07876 1.07876 1.07876 1.07876 1.07876 1.07876 1.07876 1.07876 1.07876 1.07876 1.07876 1.07876 1.07876 1.07876 1.07876 1.07876 1.07876 1.23421 1.53756 1.84104 2.14401
1.57737 1.57737 1.57737 1.57737 1.57737 1.51094 1.11665 1.11665 1.11665 1.11665 1.11665 1.11665 1.11665 1.11665 1.11665 1.11665 1.11665 1.11665 1.11665 1.11665 1.11668 1.11839 1.11848 1.11848 1.11848 1.11848 1.11848 1.11848 1.11848 1.11848 1.11848 1.11848 1.11848 1.11848 1.11848 1.11848 1.11848 0.00000 0.00000 0.00000 0.00000 0.00000 0.00000 0.00000 0.00000 1.07876 1.07876 1.07876 1.07876 1.07876 1.07876 1.07876 1.07876 1.07876 1.07876 1.07876 1.07876 1.08266 1.27885 1.58221 1.88543 2.18879 2.33644 2.33644 2.33644 2.33644
1.57737 1.57737 1.57737 1.57737 1.57737 1.57700 1.16470 1.11665 1.11665 1.11665 1.11665 1.11665 1.11665 1.11665 1.11665 1.11665 1.11665 1.11665 1.11665 1.11665 1.11665 1.11797 1.11848 1.11848 1.11848 1.11848 1.11848 1.11848 1.11848 1.11848 1.11848 1.11848 1.11848 1.11848 1.11848 1.11848 1.11848 0.00000 0.00000 0.00000 0.00000 0.00000 0.00000 0.00000 0.00000 1.07876 1.07876 1.07876 1.07876 1.08952 1.11555 1.13711 1.10798 1.09297 1.32340 1.62685 1.92995 2.22953 2.33644 2.33644 2.33644 2.33644 2.33644 2.33644 2.33644 2.33644
1.57737 1.57737 1.57737 1.57737 1.57737 1.57737 1.27835 1.11665 1.11665 1.11665 1.11665 1.11665 1.11665 1.11665 1.11665 1.11665 1.11665 1.11665 1.11665 1.11665 1.11665 1.11752 1.11848 1.11848 1.11848 1.11848 1.11848 1.11848 1.11848 1.11848 1.11848 1.11848 1.11848 1.11848 1.11848 1.11848 1.11848 1.11848 0.00000 0.00000 1.35460 1.35460 1.35460 1.35460 1.35460 1.30641 1.19202 1.20222 1.21128 1.23219 1.36131 1.51299 1.76607 2.26362 2.33644 2.33644 2.33644 2.33644 2.33644 2.33644 2.33644 2.33644 2.33644 2.33644 2.33644 2.33644
1.57737 1.57737 1.57737 1.57737 1.57737 1.57737 1.39244 1.11665 1.11665 1.11665 1.11665 1.11665 1.11665 1.11665 1.11665 1.11665 1.11665 1.11665 1.11665 1.11665 1.11665 1.11707 1.11848 1.11848 1.11848 1.11848 1.11848 1.11848 1.11848 1.11848 1.11848 1.11837 1.07922 1.00943 0.939644 0.869740 0.799835 1.21025 1.35460 1.35460 1.35460 1.35460 1.35460 1.35460 1.35460 1.35460 1.37637 1.53525 1.68692 1.82288 1.84552 1.84552 1.91668 2.33644 2.33644 2.33644 2.33644 2.33644 2.33644 2.33644 2.33644 2.33644 2.33644 2.33644 2.33644 2.33644
1.57737 1.57737 1.57737 1.57737 1.57737 1.57737 1.50647 1.11665 1.11665 1.11665 1.11665 1.11665 1.11665 1.11665 1.11665 1.11665 1.11665 1.11665 1.11665 1.11665 1.11665 1.11669 1.11841 1.11283 1.05545 0.985607 0.915877 0.845972 0.776067 0.706221 0.636491 0.566702 0.535944 0.535944 0.535944 0.535944 0.535944 1.04136 1.35460 1.35460 1.35460 1.35460 1.35460 1.35460 1.35460 1.35460 1.68810 1.84552 1.84552 1.84552 1.84552 1.84552 1.85469 2.31352 2.33644 2.33644 2.33644 2.33644 2.33644 2.33644 2.33644 2.33644 2.33644 2.33644 2.33644 2.33644
1.57737 1.57737 1.57737 1.57737 1.57737 1.57737 1.57654 1.16065 1.11665 1.11665 1.11665 1.11665 1.11665 1.11665 1.11665 1.11764 1.12709 1.13842 1.14981 1.16112 1.17249 1.18384 0.768020 0.548469 0.535944 0.535944 0.535944 0.535944 0.535944 0.535944 0.535944 0.535944 0.535944 0.535944 0.535944 0.535944 0.535944 0.842009 1.35460 1.35460 1.35460 1.35460 1.35460 1.35460 1.35460 1.35460 1.52574 1.84552 1.84552 1.84552 1.84552 1.84552 1.84552 2.15440 2.33644 2.33644 2.33644 2.33644 2.33644 2.33644 2.33644 2.33644 2.33644 2.33644 2.33644 2.33644
1.57737 1.57737 1.57737 1.57737 1.57737 1.57737 1.57737 1.27462 1.12655 1.13787 1.14925 1.16059 1.17191 1.18330 1.19461 1.20500 1.20689 1.20689 1.20689 1.20689 1.20689 1.20689 0.875076 0.535944 0.535944 0.535944 0.535944 0.535944 0.535944 0.535944 0.535944 0.535944 0.535944 0.535944 0.535944 0.535944 0.535944 0.642615 1.35460 1.35460 1.35460 1.35460 1.35460 1.35460 1.35460 1.35460 1.36026 1.82014 1.84552 1.84552 1.84552 1.84552 1.84552 2.02343 2.33644 2.33644 2.33644 2.33644 2.33644 2.33644 2.33644 2.33644 2.33644 2.33644 2.33644 2.29545
1.49353 1.33666 1.17967 1.02304 0.866056 0.709187 0.552438 0.746685 1.20689 1.20689 1.20689 1.20689 1.20689 1.20689 1.20689 1.20689 1.20689 1.20689 1.20689 1.20689 1.20689 1.20689 1.03939 0.535944 0.535944 0.535944 0.535944 0.535944 0.535944 0.535944 0.535944 0.535944 0.535944 0.535944 0.535944 0.535944 0.535944 0.536108 1.26202 1.35460 1.35460 1.35460 1.35460 1.35460 1.35460 1.35460 1.35460 1.72436 1.84552 1.84552 1.84552 1.84552 1.84552 1.92931 2.33644 2.33644 2.33644 2.33644 2.33644 2.33644 2.33644 2.32563 2.11739 1.85658 1.61842 1.54544
0.376231 0.376231 0.376231 0.376231 0.376231 0.376231 0.376231 0.513428 1.20689 1.20689 1.20689 1.20689 1.20689 1.20689 1.20689 1.20689 1.20689 1.20689 1.20689 1.20689 1.20689 1.20689 1.18475 0.554802 0.535944 0.535944 0.535944 0.535944 0.535944 0.535944 0.535944 0.535944 0.535944 0.535944 0.535944 0.535944 0.535944 0.535944 1.06283 1.35460 1.35460 1.35460 1.35460 1.35460 1.35460 1.35460 1.35460 1.58147 1.84552 1.84552 1.84552 1.84552 1.84552 1.85949 2.32648 2.33644 2.33644 2.33644 2.17529 1.86739 1.60021 1.54544 1.54544 1.54544 1.54544 1.54544
0.376231 0.376231 0.376231 0.376231 0.376231 0.376231 0.376231 0.379221 1.13644 1.20689 1.20689 1.20689 1.20689 1.20689 1.20689 1.20689 1.20689 1.20689 1.20689 1.20689 1.20689 1.20689 1.20689 0.696870 0.535944 0.535944 0.535944 0.535944 0.535944 0.535944 0.535944 0.535944 0.535944 0.535944 0.535944 0.535944 0.535944 0.535944 0.863488 1.35460 1.35460 1.35460 1.35460 1.35460 1.35283 1.34719 1.34139 1.37075 1.82304 1.83023 1.82734 1.82444 1.80777 1.73647 2.00108 1.88237 1.58284 1.54544 1.54544 1.54544 1.54544 1.54544 1.54544 1.54544 1.54544 1.54544
0.376231 0.376231 0.376231 0.376231 0.376231 0.376231 0.376231 0.376231 0.934380 1.20689 1.20689 1.20689 1.20689 1.20689 1.20689 1.20689 1.20689 1.20689 1.20689 1.20689 1.20689 1.20689 1.20689 0.861217 0.535944 0.535944 0.535944 0.535944 0.535944 0.535944 0.535944 0.535944 0.535944 0.535944 0.535944 0.537599 0.556072 0.578901 0.722238 1.33115 1.32536 1.31957 1.31378 1.30800 1.30397 1.30383 1.30383 1.30383 1.70009 1.72347 1.62008 1.48933 1.39450 1.40990 1.47241 1.54544 1.54544 1.54544 1.54544 1.54544 1.54544 1.54544 1.54544 1.54544 1.54544 1.54544
0.376231 0.376231 0.376231 0.376231 0.376231 0.376231 0.376231 0.376231 0.729878 1.20689 1.20689 1.20689 1.20689 1.20689 1.20689 1.20689 1.20689 1.20689 1.20689 1.20689 1.20689 1.20689 1.20689 1.02552 0.535944 0.535944 0.535944 0.541766 0.563681 0.586510 0.609339 0.632168 0.654997 0.677826 0.700655 0.721829 0.726185 0.726185 0.727687 1.25299 1.30383 1.30383 1.30383 1.30383 1.30383 1.30383 1.30419 1.33771 1.37685 1.40356 1.42163 1.42464 1.42464 1.42464 1.44877 1.54544 1.54544 1.54544 1.54544 1.54544 1.54544 1.54544 1.54544 1.54544 1.54544 1.54544
0.376231 0.376231 0.376231 0.376231 0.376231 0.376231 0.376231 0.376231 0.524851 1.20689 1.20689 1.20689 1.20689 1.20689 1.20689 1.20689 1.20689 1.20689 1.20689 1.19569 1.16398 1.13209 1.10023 1.04078 0.666895 0.685436 0.708265 0.725272 0.726185 0.726185 0.726185 0.726185 0.726185 0.726185 0.726185 0.726185 0.726185 0.726185 0.726185 1.11471 1.30383 1.30383 1.30383 1.32344 1.36692 1.39660 1.41773 1.42464 1.42464 1.42464 1.42464 1.42464 1.42464 1.42464 1.43067 1.54511 1.54544 1.54544 1.54544 1.54544 1.54544 1.54544 1.54544 1.54544 1.54544 1.54544
0.376231 0.376231 0.376231 0.376231 0.376231 0.376231 0.376231 0.376231 0.381381 1.14559 1.20689 1.19594 1.16451 1.13242 1.10054 1.06875 1.03687 1.00508 0.973198 0.952620 0.952213 0.952213 0.952213 0.952213 0.775705 0.726185 0.726185 0.726185 0.726185 0.726185 0.726185 0.726185 0.726185 0.726185 0.726185 0.726185 0.726185 0.726185 0.726185 0.974887 1.30383 1.31634 1.41216 1.42434 1.42464 1.42464 1.42464 1.42464 1.42464 1.42464 1.42464 1.42464 1.42464 1.42464 1.42464 1.51476 1.54544 1.54544 1.54544 1.54544 1.54544 1.54544 1.54544 1.54544 1.54544 1.54544
0.376231 0.376231 0.376231 0.395465 0.507365 0.631297 0.755420 0.879447 1.00338 1.05387 0.973529 0.952671 0.952213 0.952213 0.952213 0.952213 0.952213 0.952213 0.952213 0.952213 0.952213 0.952213 0.952213 0.952213 0.831060 0.726185 0.726185 0.726185 0.726185 0.726185 0.726185 0.726185 0.726185 0.726185 0.726185 0.726185 0.726185 0.726185 0.726185 0.835072 1.30383 1.30383 1.41241 1.42464 1.42464 1.42464 1.42464 1.42464 1.42464 1.42464 1.42464 1.42464 1.42464 1.42464 1.42464 1.47831 1.54544 1.54544 1.54544 1.54544 1.54544 1.54544 1.54544 1.54544 1.54580 1.54769
0.958942 1.08297 1.20690 1.31170 1.32373 1.32373 1.32373 1.32373 1.32373 1.16100 0.952213 0.952213 0.952213 0.952213 0.952213 0.952213 0.952213 0.952213 0.952213 0.952213 0.952213 0.952213 0.952213 0.952213 0.886419 0.726185 0.726185 0.726185 0.726185 0.726185 0.726185 0.726185 0.726185 0.726185 0.726185 0.726185 0.726185 0.726185 0.726185 0.731615 1.26749 1.30383 1.38371 1.42464 1.42464 1.42464 1.42464 1.42464 1.42464 1.42464 1.42464 1.42464 1.42464 1.42464 1.42464 1.45259 1.54544 1.54544 1.54544 1.54544 1.54553 1.54708 1.54916 1.55123 1.55296 1.55314
1.32373 1.32373 1.32373 1.32373 1.32373 1.32373 1.32373 1.32373 1.32373 1.25300 0.952213 0.952213 0.952213 0.952213 0.952213 0.952213 0.952213 0.952213 0.952213 0.952213 0.952213 0.952213 0.952213 0.952213 0.939055 0.728853 0.726185 0.726185 0.726185 0.726185 0.726185 0.726185 0.726185 0.726185 0.726185 0.726185 0.726185 0.726185 0.726185 0.726185 1.13302 1.30383 1.33929 1.42464 1.42464 1.42464 1.42464 1.42464 1.39217 1.33017 1.26817 1.20611 1.14422 1.08211 1.02022 0.998572 1.54544 1.54647 1.54855 1.55062 1.55261 1.55314 1.55314 1.55314 1.55314 1.55314
1.32373 1.32373 1.32373 1.32373 1.32373 1.32373 1.32373 1.32373 1.32373 1.32035 0.976844 0.952213 0.952213 0.952213 0.952213 0.952213 0.952213 0.952213 0.952213 0.952213 0.952213 0.952213 0.952213 0.952213 0.952213 0.771038 0.726185 0.726185 0.726185 0.726185 0.726185 0.726185 0.726185 0.726185 0.726185 0.726185 0.726185 0.726185 0.726185 0.726185 0.938568 1.02086 0.897101 1.12786 1.09715 1.03531 0.973204 0.911203 0.881723 0.881723 0.881723 0.881723 0.881723 0.882010 0.883001 0.884240 1.42565 1.55314 1.55314 1.55314 1.55314 1.55314 1.55314 1.55314 1.55314 1.55314
1.32373 1.32373 1.32373 1.32373 1.32373 1.32373 1.32373 1.32373 1.32373 1.32373 1.06544 0.952213 0.952213 0.952213 0.952213 0.952213 0.952213 0.952213 0.952213 0.952213 0.952213 0.952213 0.952213 0.952213 0.952213 0.826371 0.726185 0.726185 0.726185 0.726185 0.726185 0.726185 0.726185 0.726185 0.726185 0.726185 0.726185 0.726185 0.726185 0.726185 0.218001 0.218001 0.218001 0.676471 0.881723 0.881723 0.882068 0.957009 1.06837 1.15884 1.15920 0.883702 0.884740 0.885557 0.885571 0.885571 1.21074 1.55314 1.55314 1.55314 1.55314 1.55314 1.55314 1.55314 1.55314 1.55314
1.32373 1.32373 1.32373 1.32373 1.32373 1.32373 1.32373 1.32373 1.32373 1.32373 1.15740 0.952213 0.952213 0.952213 0.952213 0.952213 0.952213 0.952213 0.952213 0.952213 0.952213 0.952213 0.951038 0.919729 0.874793 0.799229 0.726185 0.726185 0.726185 0.726185 0.726185 0.00000 0.00000 0.00000 0.00000 0.00000 0.00000 0.00000 0.00000 0.00000 0.218001 0.218001 0.220717 0.620286 1.07239 1.16208 1.23665 1.26593 1.26662 1.26725 1.26184 0.917906 0.885571 0.885571 0.885571 0.885571 1.06004 1.55314 1.55314 1.55314 1.55314 1.55314 1.55314 1.55314 1.55314 1.55314
1.32373 1.32373 1.32373 1.32373 1.32373 1.32373 1.32373 1.32373 1.32373 1.32373 1.24939 0.952213 0.952213 0.952213 0.951252 0.920618 0.875967 0.831244 0.786771 0.742297 0.697468 0.652923 0.609588 0.596424 0.596424 0.596424 0.596424 0.00000 0.00000 0.00000 0.00000 0.00000 0.00000 0.00000 0.00000 0.00000 0.00000 0.00000 2.03099 2.03099 2.03099 1.07130 1.07739 1.12512 1.25462 1.26710 1.26738 1.26738 1.26738 1.26738 1.26738 1.05137 0.885571 0.885571 0.885571 0.885571 0.949063 1.55314 1.55314 1.55314 1.55314 1.55314 1.55314 1.55314 1.55314 1.55314
1.32373 1.32373 1.32373 1.32373 1.32373 1.32373 1.32373 1.30006 1.25337 1.20672 1.15561 0.765016 0.698677 0.653777 0.610299 0.596424 0.596424 0.596424 0.596424 0.596424 0.596424 0.596424 0.596424 0.596424 0.596424 0.596424 0.596424 0.00000 0.00000 0.00000 0.00000 0.00000 0.00000 0.00000 2.03099 2.03099 2.03099 2.03099 2.03099 2.03099 2.03099 1.43038 1.12449 1.12449 1.21889 1.26738 1.26738 1.26738 1.26738 1.26738 1.26738 1.16341 0.885571 0.885571 0.885571 0.885571 0.887546 1.46242 1.55314 1.55314 1.55314 1.55314 1.55314 1.55314 1.55314 1.55314
