High_resolution/powerplant/Fengdu/OMI_NO2_201002.asc
ncols      200
nrows      200
xllcorner       105.978
yllcorner       28.1831
cellsize     0.0166667
NODATA_Value      -999.000
[rows 0 to 28 of 200, columns 66 to 131 of 200]
0.00000 0.00000 0.00000 0.00000 0.00000 0.00000 8.62891 8.62891 8.62891 8.62891 8.62891 8.62891 8.62891 8.62891 8.62891 8.62891 8.62891 8.62891 8.62891 8.62891 8.62891 8.62891 0.00000 0.00000 0.00000 0.00000 0.00000 0.00000 0.00000 0.00000 0.00000 0.00000 0.00000 0.00000 0.00000 0.00000 0.00000 0.00000 0.00000 4.16351 4.16351 4.04045 1.42815 1.41152 1.41152 1.41152 1.41152 1.41152 1.41152 1.41152 1.41152 1.41152 1.41152 1.41152 1.41152 1.41152 1.41152 1.41152 1.41152 1.41152 1.41152 1.41152 0.00000 0.00000 0.00000 0.00000
0.00000 0.00000 8.62891 8.62891 8.62891 8.62891 8.62891 8.62891 8.62891 8.62891 8.62891 8.62891 8.62891 8.62891 8.62891 8.62891 8.62891 8.62891 8.62891 8.62891 8.62891 8.62891 8.62891 0.00000 0.00000 0.00000 0.00000 0.00000 0.00000 0.00000 0.00000 0.00000 0.00000 0.00000 0.00000 4.16351 4.16351 4.16351 4.16351 4.16351 4.16351 4.16351 1.96885 1.41152 1.41152 1.41152 1.41152 1.41152 1.41152 1.41152 1.41152 1.41152 1.41152 1.41152 1.41152 1.41152 1.41152 1.41152 1.41152 1.41152 1.41152 1.41152 0.00000 0.00000 0.00000 0.00000
0.00000 8.62891 8.62891 8.62891 8.62891 8.62891 8.62891 8.62891 8.62891 8.62891 8.62891 8.62891 8.62891 8.62891 8.62891 8.62891 8.62891 8.62891 8.62891 8.62891 8.62891 8.62891 8.62891 0.00000 0.00000 0.00000 0.00000 0.00000 0.00000 0.00000 0.00000 4.16351 4.16351 4.16351 4.16351 4.16351 4.16351 4.16351 4.16351 4.16351 4.16351 4.16351 2.81793 1.41152 1.41152 1.41152 1.41152 1.41152 1.41152 1.41152 1.41152 1.41152 1.41152 1.41152 1.41152 1.41152 1.41152 1.41152 1.41152 1.41152 1.41152 1.41152 0.00000 0.00000 0.00000 2.26072
0.00000 8.62891 8.62891 8.62891 8.62891 8.62891 8.62891 8.62891 8.62891 8.62891 8.62891 8.62891 8.62891 8.62891 8.62891 8.62891 8.62891 8.62891 8.62891 8.62891 8.62891 8.62891 8.62891 0.00000 0.00000 0.00000 4.16351 4.16351 4.16351 4.16351 4.16351 4.16351 4.16351 4.16351 4.16351 4.16351 4.16351 4.16351 4.16351 4.16351 4.16351 4.16351 3.66760 1.41152 1.41152 1.41152 1.41152 1.41152 1.41152 1.41152 1.41152 1.41152 1.41152 1.41152 1.41152 1.41152 1.41152 1.41152 1.41152 1.41152 1.41489 1.52554 2.10819 2.26072 2.26072 2.26072
0.00000 8.62891 8.62891 8.62891 8.62891 8.62891 8.62891 8.62891 8.62891 8.62891 8.62891 8.62891 8.62891 8.62891 8.62891 8.62891 8.62891 8.62891 8.62891 8.62891 8.62891 8.62891 8.50021 4.69937 4.16351 4.16351 4.16351 4.16351 4.16351 4.16351 4.16351 4.16351 4.16351 4.16351 4.16351 4.16351 4.16351 4.16351 4.16351 4.16351 4.16351 4.16351 4.16049 1.76841 1.41152 1.41152 1.41152 1.41152 1.41152 1.41152 1.41152 1.41152 1.41152 1.41152 1.41152 1.41152 1.45570 1.61183 1.77339 1.93502 2.09321 2.14420 2.20873 2.26072 2.26072 2.26072
0.00000 0.00000 8.62891 8.62891 8.62891 8.62891 8.62891 8.62891 8.62891 8.62891 8.62891 8.62891 8.62891 8.62891 8.62891 8.62891 8.62891 8.62856 8.40864 8.00125 7.59368 7.18628 6.90393 5.07013 4.16351 4.16351 4.16351 4.16351 4.16351 4.16351 4.16351 4.16351 4.16351 4.16351 4.16351 4.16351 4.16351 4.16351 4.16351 4.16351 4.16351 4.16351 4.16351 2.61457 1.41152 1.41152 1.41152 1.41152 1.41152 1.41152 1.41152 1.41752 1.53651 1.69807 1.85963 2.02126 2.13871 2.14420 2.14420 2.14420 2.14420 2.14420 2.17330 2.26072 2.26072 2.26072
0.00000 0.00000 8.62891 8.62891 8.62891 8.62891 8.62891 8.62891 8.62891 8.62891 8.62891 8.62891 8.62891 8.61087 8.30441 7.89649 7.48944 7.08204 6.89456 6.89456 6.89456 6.89456 6.89456 5.92118 4.16351 4.16351 4.16351 4.16351 4.16351 4.16351 4.16351 4.16351 4.16351 4.16351 4.16351 4.16351 4.16351 4.16351 4.16351 4.16351 4.16351 4.16351 4.16351 3.46403 1.41152 1.41152 1.41152 1.46405 1.62275 1.78431 1.94594 2.10156 2.14420 2.14420 2.14420 2.14420 2.14420 2.14420 2.14420 2.14420 2.14420 2.14420 2.14602 2.25257 2.26072 2.26072
0.00000 0.00000 8.62891 8.62891 8.62891 8.62891 8.62891 8.62891 8.62891 8.56664 8.19966 7.79226 7.38486 6.99515 6.89456 6.89456 6.89456 6.89456 6.89456 6.89456 6.89456 6.89456 6.89456 6.71819 4.21812 4.16351 4.16351 4.16351 4.16351 4.16351 4.16351 4.16351 4.16351 4.16351 4.16351 4.16351 4.16351 4.16351 4.16351 4.16351 4.16351 4.16351 4.16596 4.16222 1.87891 1.87062 2.03225 2.14127 2.14420 2.14420 2.14420 2.14420 2.14420 2.14420 2.14420 2.14420 2.14420 2.14420 2.14420 2.14420 2.14420 2.14420 2.14420 2.21896 2.26072 2.26072
0.00000 0.00000 0.00000 8.62891 8.62891 8.49501 8.09542 7.68750 7.28028 6.93514 6.89456 6.89456 6.89456 6.89456 6.89456 6.89456 6.89456 6.89456 6.89456 6.89456 6.89456 6.89456 6.89456 6.89456 4.89398 4.16351 4.16351 4.16351 4.16351 4.16351 4.16351 4.16351 4.16351 4.16351 4.16351 4.16351 4.16351 4.16351 4.17710 4.22918 4.28366 4.33819 4.39015 4.40352 2.96127 2.14420 2.14420 2.14420 2.14420 2.14420 2.14420 2.14420 2.14420 2.14420 2.14420 2.14420 2.14420 2.14420 2.14420 2.14420 2.14420 2.14420 2.14420 2.18355 2.26072 2.26072
0.00000 0.00000 0.00000 7.61674 7.17587 6.90184 6.89456 6.89456 6.89456 6.89456 6.89456 6.89456 6.89456 6.89456 6.89456 6.89456 6.89456 6.89456 6.89456 6.89456 6.89456 6.89456 6.89456 6.89456 5.74486 4.16351 4.16351 4.16351 4.16351 4.16351 4.16351 4.16351 4.16351 4.16385 4.19687 4.25133 4.30579 4.36027 4.40117 4.40352 4.40352 4.40352 4.40352 4.40352 3.65621 2.14420 2.14420 2.14420 2.14420 2.14420 2.14420 2.14420 2.14420 2.14420 2.14420 2.14420 2.14420 2.14420 2.14420 2.14420 2.14420 2.14420 2.14420 2.15079 2.25804 2.26072
0.00000 0.00000 0.00000 6.89456 6.89456 6.89456 6.89456 6.89456 6.89456 6.89456 6.89456 6.89456 6.89456 6.89456 6.89456 6.89456 6.89456 6.89456 6.89456 6.89456 6.89456 6.89456 6.89456 6.89456 6.58735 4.17307 4.16351 4.16351 4.16351 4.17083 4.21898 4.27348 4.32792 4.38204 4.40352 4.40352 4.40352 4.40352 4.40352 4.40352 4.40352 4.40352 4.40352 4.40352 4.28804 2.20634 2.14420 2.14420 2.14420 2.14420 2.14420 2.14420 2.14420 2.14420 2.14420 2.14420 2.14420 2.14420 2.14420 2.14420 2.14420 2.14420 2.14420 2.14084 2.33026 2.62441
0.00000 0.00000 0.00000 0.00000 6.89456 6.89456 6.89456 6.89456 6.89456 6.89456 6.89456 6.89456 6.89456 6.89456 6.89456 6.89456 6.89456 6.89456 6.89456 6.89456 6.89456 6.89456 6.89456 6.89456 6.89456 4.74207 4.24108 4.29556 4.35004 4.39718 4.40352 4.40352 4.40352 4.40352 4.40352 4.40352 4.40352 4.40352 4.40352 4.40352 4.40352 4.40352 4.40352 4.40352 4.40352 2.78475 2.14420 2.14420 2.14420 2.14420 2.14420 2.14420 2.14420 2.14420 2.14420 2.14420 2.14420 2.14420 2.14420 2.11164 2.01085 1.90791 1.80497 1.70545 2.33432 3.21956
0.00000 0.00000 0.00000 0.00000 6.89456 6.89456 6.89456 6.89456 6.89456 6.89456 6.89456 6.89456 6.89456 6.89456 6.89456 6.89456 6.89456 6.89456 6.89456 6.89456 6.89616 6.96314 7.06444 7.16566 7.26700 5.90425 4.40352 4.40352 4.40352 4.40352 4.40352 4.40352 4.40352 4.40352 4.40352 4.40352 4.40352 4.40352 4.40352 4.40352 4.40352 4.40352 4.40352 4.40352 4.40352 3.47891 2.14420 2.14420 2.14420 2.14420 2.14420 2.14420 2.14420 2.14420 2.13841 2.05818 1.95524 1.85231 1.74942 1.67909 1.67694 1.67694 1.67694 1.67694 1.86869 3.21756
0.00000 0.00000 0.00000 0.00000 6.89456 6.89456 6.89456 6.89456 6.89456 6.89456 6.89456 6.89456 6.89456 6.89456 6.89456 6.89456 6.90427 6.98960 7.09090 7.19220 7.29187 7.32618 7.32618 7.32618 7.32618 6.81062 4.40352 4.40352 4.40352 4.40352 4.40352 4.40352 4.40352 4.40352 4.40352 4.40352 4.40352 4.40352 4.40352 4.40352 4.40352 4.40352 4.40352 4.40352 4.40352 4.16421 2.15392 2.14420 2.14420 2.14420 2.10472 2.00258 1.89964 1.79670 1.69965 1.67694 1.67694 1.67694 1.67694 1.67694 1.67694 1.67694 1.67694 1.67694 1.67694 2.94189
0.00000 0.00000 0.00000 0.00000 6.89456 6.89456 6.89456 6.89456 6.89456 6.89456 6.89456 6.89456 6.91938 7.01615 7.11736 7.21866 7.31025 7.32618 7.32618 7.32618 7.32618 7.32618 7.32618 7.32618 7.32618 7.32413 4.79632 4.40352 4.40352 4.40352 4.40352 4.40352 4.40352 4.40352 4.40352 4.40352 4.40352 4.40352 4.40352 4.40352 4.40352 4.40352 4.40352 4.40352 4.40352 4.38453 2.48807 1.94697 1.84404 1.74110 1.67774 1.67694 1.67694 1.67694 1.67694 1.67694 1.67694 1.67694 1.67694 1.67694 1.67694 1.67694 1.67694 1.67694 1.67694 2.47425
0.00000 0.00000 0.00000 0.00000 0.00000 6.89456 6.89456 6.89456 6.94135 7.04260 7.14382 7.24516 7.32160 7.32618 7.32618 7.32618 7.32618 7.32618 7.32618 7.32618 7.32618 7.32618 7.32618 7.32618 7.32618 7.32618 5.70059 4.40352 4.40352 4.40352 4.40352 4.40352 4.40352 4.40352 4.40352 4.40352 4.40352 4.40352 4.40352 4.40352 4.40352 4.32585 4.08585 3.84099 3.59591 3.36982 2.52248 1.67694 1.67694 1.67694 1.67694 1.67694 1.67694 1.67694 1.67694 1.67694 1.67694 1.67694 1.67694 1.67694 1.67694 1.67694 1.67694 1.67694 1.67694 2.00648
0.00000 0.00000 0.00000 0.00000 0.00000 7.03455 7.17036 7.27166 7.32609 7.32618 7.32618 7.32618 7.32618 7.32618 7.32618 7.32618 7.32618 7.32618 7.32618 7.32618 7.32618 7.32618 7.32618 7.32618 7.32618 7.32618 6.60691 4.40352 4.40352 4.40352 4.40352 4.40352 4.40352 4.40352 4.40352 4.40352 4.39877 4.23287 3.98769 3.74261 3.49743 3.32991 3.32484 3.32484 3.32484 3.32484 3.02937 1.67694 1.67694 1.67694 1.67694 1.67694 1.67694 1.67694 1.67694 1.67694 1.67694 1.67694 1.67694 1.67694 1.67694 1.67694 1.67694 1.67694 1.67694 1.68682
0.00000 0.00000 0.00000 0.00000 0.00000 7.32618 7.32618 7.32618 7.32618 7.32618 7.32618 7.32618 7.32618 7.32618 7.32618 7.32618 7.32618 7.32618 7.32618 7.32618 7.32618 7.32618 7.32618 7.32618 7.32618 7.32618 7.28701 4.62944 4.40352 4.40352 4.40352 4.40352 4.35972 4.13428 3.88920 3.64402 3.40369 3.32484 3.32484 3.32484 3.32484 3.32484 3.32484 3.32484 3.32484 3.32484 3.32319 1.89035 1.67694 1.67694 1.67694 1.67694 1.67694 1.67694 1.67694 1.67694 1.67694 1.67694 1.67694 1.67694 1.67694 1.67694 1.67694 1.67694 1.67694 1.67694
0.00000 0.00000 0.00000 0.00000 0.00000 0.00000 7.32618 7.32618 7.32618 7.32618 7.32618 7.32618 7.32618 7.32618 7.32618 7.32618 7.32618 7.32618 7.32618 7.32618 7.32618 7.32618 7.32618 7.32618 7.32618 7.32618 7.32618 5.49659 4.28098 4.03580 3.79072 3.54597 3.34469 3.32484 3.32484 3.32484 3.32484 3.32484 3.32484 3.32484 3.32484 3.32484 3.32484 3.32484 3.32484 3.32484 3.32484 2.39576 1.67694 1.67694 1.67694 1.67694 1.67694 1.67694 1.67694 1.67694 1.67694 1.67694 1.67694 1.67694 1.67694 1.67694 1.84827 2.26610 2.68583 3.10595
0.00000 0.00000 0.00000 0.00000 0.00000 0.00000 7.32618 7.32618 7.32618 7.32618 7.32618 7.32618 7.32618 7.32618 7.32618 7.32618 7.32618 7.32618 7.32618 7.32618 7.32618 7.32618 7.32618 7.32359 7.27698 7.21461 7.15214 5.92959 3.32484 3.32484 3.32484 3.32484 3.32484 3.32484 3.32484 3.32484 3.32484 3.32484 3.32484 3.32484 3.32484 3.32484 3.32484 3.32484 3.32484 3.32484 3.32484 2.90265 1.67694 1.67694 1.67694 1.67694 1.67694 1.67694 1.67694 1.67694 1.67694 1.71892 2.07455 2.49466 2.91440 3.33413 3.58292 3.58483 3.58483 3.58483
0.00000 0.00000 0.00000 0.00000 0.00000 0.00000 7.32618 7.32618 7.32618 7.32618 7.32618 7.32618 7.32618 7.32618 7.32618 7.32618 7.32618 7.32618 7.32618 7.31628 7.25979 7.19737 7.13498 7.07516 7.05933 7.05933 7.05933 6.90432 3.45931 3.32484 3.32484 3.32484 3.32484 3.32484 3.32484 3.32484 3.32484 3.32484 3.32484 3.32484 3.32484 3.32484 3.32484 3.32484 3.32484 3.32484 3.32484 3.29682 1.78983 1.67694 1.67694 1.67694 1.67694 1.88338 2.30311 2.72304 3.14296 3.52072 3.58483 3.58483 3.58483 3.58483 3.58483 3.58483 3.58483 3.58483
0.00000 0.00000 0.00000 0.00000 0.00000 0.00000 0.00000 7.32618 7.32618 7.32618 7.32618 7.32618 7.32618 7.32618 7.32618 7.30416 7.24257 7.18019 7.11775 7.06526 7.05933 7.05933 7.05933 7.05933 7.05933 7.05933 7.05933 7.05933 4.46409 3.32484 3.32484 3.32484 3.32484 3.32484 3.32484 3.32484 3.32484 3.32484 3.32484 3.32484 3.32484 3.32484 3.32484 3.32484 3.32484 3.32484 3.32484 3.32484 2.32867 2.11156 2.53168 2.95141 3.37114 3.58483 3.58483 3.58483 3.58483 3.58483 3.58483 3.58483 3.58483 3.58483 3.58483 3.58483 3.58483 3.58483
0.00000 0.00000 0.00000 0.00000 0.00000 0.00000 0.00000 7.32618 7.32618 7.32618 7.32578 7.28778 7.22539 7.16292 7.10056 7.06013 7.05933 7.05933 7.05933 7.05933 7.05933 7.05933 7.05933 7.05933 7.05933 7.05933 7.05933 7.05933 5.62374 3.32484 3.32484 3.32484 3.32484 3.32484 3.32484 3.32484 3.32484 3.32484 3.32484 3.32484 3.32484 3.32484 3.32484 3.32484 3.28340 3.18790 3.09231 2.99656 3.14190 3.58483 3.58483 3.58483 3.58483 3.58483 3.58483 3.58483 3.58483 3.58483 3.58483 3.58483 3.58483 3.58483 3.58483 3.58483 3.58483 3.58483
0.00000 0.00000 0.00000 0.00000 0.00000 0.00000 0.00000 7.32618 7.21168 7.14576 7.08375 7.05933 7.05933 7.05933 7.05933 7.05933 7.05933 7.05933 7.05933 7.05933 7.05933 7.05933 7.05933 7.05933 7.05933 7.05933 7.05933 7.05933 6.74340 3.36443 3.32484 3.32484 3.32484 3.32484 3.32484 3.32484 3.32484 3.32484 3.32484 3.31971 3.24566 3.15003 3.05424 2.95865 2.90434 2.90413 2.90413 2.90413 2.94061 3.56760 3.58483 3.58483 3.58483 3.58483 3.58483 3.58483 3.58483 3.58483 3.58483 3.58483 3.58483 3.58483 3.58483 3.58483 3.58483 3.58483
0.00000 0.00000 0.00000 0.00000 0.00000 0.00000 0.00000 0.00000 7.05933 7.05933 7.05933 7.05933 7.05933 7.05933 7.05933 7.05933 7.05933 7.05933 7.05933 7.05933 7.05933 7.05933 7.05933 7.05933 7.05933 7.05933 7.05933 7.05933 7.05933 4.20822 3.32484 3.32484 3.32484 3.32484 3.32484 3.29981 3.20771 3.11200 3.01637 2.92575 2.90413 2.90413 2.90413 2.90413 2.90413 2.90413 2.90413 2.90413 2.90413 3.39583 3.58483 3.58483 3.58483 3.58483 3.58483 3.58483 3.58483 3.58483 3.58483 3.58483 3.58483 3.58483 3.58483 3.58483 3.58483 3.58483
0.00000 0.00000 0.00000 0.00000 0.00000 0.00000 0.00000 0.00000 7.05933 7.05933 7.05933 7.05933 7.05933 7.05933 7.05933 7.05933 7.05933 7.05933 7.05933 7.05933 7.05933 7.05933 7.05933 7.05933 7.05933 7.05933 7.05933 7.05933 7.05933 5.36798 3.32417 3.26539 3.16972 3.07409 2.97834 2.90774 2.90413 2.90413 2.90413 2.90413 2.90413 2.90413 2.90413 2.90413 2.90413 2.90413 2.90413 2.90413 2.90413 3.18763 3.58483 3.58483 3.58483 3.58483 3.58483 3.58483 3.58483 3.58483 3.58483 3.58483 3.58483 3.58483 3.58483 3.58483 3.58483 3.42693
0.00000 0.00000 0.00000 0.00000 0.00000 0.00000 0.00000 0.00000 7.05934 7.05933 7.05933 7.05933 7.05933 7.05933 7.05933 7.05933 7.05933 7.05933 7.05933 7.05933 7.05933 7.05933 7.05933 7.05933 7.05933 7.05933 7.01764 6.62862 6.16119 5.29202 2.94158 2.90413 2.90413 2.90413 2.90413 2.90413 2.90413 2.90413 2.90413 2.90413 2.90413 2.90413 2.90413 2.90413 2.90413 2.90413 2.90413 2.90413 2.90413 2.98139 3.58285 3.58483 3.58483 3.58483 3.58483 3.58483 3.58483 3.58483 3.58483 3.58483 3.53969 3.24069 2.90225 2.56366 2.22523 2.04453
0.00000 0.00000 0.00000 0.00000 0.00000 0.00000 0.00000 0.00000 0.00000 7.05933 7.05933 7.05933 7.05933 7.05933 7.05933 7.05933 7.05933 7.05933 7.05933 7.05933 7.05933 7.05933 6.94781 6.50273 6.03531 5.56828 5.14235 5.06435 5.06435 5.06435 3.26373 2.90413 2.90413 2.90413 2.90413 2.90413 2.90413 2.90413 2.90413 2.90413 2.90413 2.90413 2.90413 2.90413 2.90413 2.90413 2.90413 2.90413 2.90413 2.90413 3.45188 3.58483 3.58483 3.58483 3.58483 3.58421 3.39289 3.05440 2.71586 2.37727 2.08397 2.04438 2.04438 2.04438 2.04438 2.04438
0.00000 0.00000 0.00000 0.00000 0.00000 0.00000 0.00000 0.00000 0.00000 7.05933 7.05933 7.05933 7.05933 7.05933 7.05933 7.05933 7.05933 7.05933 6.84408 6.37685 5.90982 5.44256 5.08649 5.06435 5.06435 5.06435 5.06435 5.06435 5.06435 5.06435 3.93132 2.90413 2.90413 2.90413 2.90413 2.90413 2.90413 2.90413 2.90413 2.90413 2.90413 2.90413 2.90413 2.90413 2.90413 2.90413 2.90413 2.90413 2.90413 2.90413 3.24366 3.52043 3.20649 2.86805 2.52946 2.19164 2.04438 2.04438 2.04438 2.04438 2.04438 2.04438 2.04438 2.04438 2.04438 2.04438
