High_resolution/powerplant/Fengdu/OMI_NO2_2006_06-08.asc
ncols      200
nrows      200
xllcorner       105.978
yllcorner       28.1831
cellsize     0.0166667
NODATA_Value      -999.000
[rows 145 to 173 of 200, columns 67 to 133 of 200]
1.72485 1.73822 1.73815 1.64455 1.61941 1.60636 1.54587 1.49904 1.35111 1.31223 1.30176 1.25202 1.28170 1.30637 1.34359 1.36433 1.36781 1.37288 1.46713 1.61270 1.76267 1.69145 1.81427 1.85289 1.80854 1.79227 1.80003 1.77050 1.79310 1.78785 1.78931 1.81445 1.78005 1.81079 1.78403 1.80183 1.77054 2.01797 1.97030 1.67734 1.53362 1.50659 1.45978 1.34697 1.29347 1.30883 1.31418 1.37996 1.38643 1.37828 1.37787 1.41610 1.48961 1.48369 1.58986 1.60964 1.65831 1.48398 1.53958 1.53900 1.59217 1.64895 1.64209 1.65032 1.68388 1.69652 1.69297
1.62773 1.64893 1.69004 1.57152 1.52679 1.48013 1.38425 1.30595 1.26652 1.26218 1.27803 1.25422 1.27547 1.28932 1.31312 1.33883 1.33957 1.32437 1.41885 1.53544 1.77112 1.57353 1.67023 1.80893 1.79720 1.79786 1.80848 1.80011 1.83311 1.82864 1.81776 1.87257 1.90424 2.01459 2.04470 2.14202 2.07595 1.97958 1.72260 1.54934 1.49195 1.52731 1.51073 1.45934 1.33377 1.34936 1.35442 1.41252 1.50350 1.50934 1.51518 1.47235 1.52864 1.52687 1.64080 1.66107 1.69631 1.56533 1.57927 1.56930 1.59484 1.64073 1.63191 1.62833 1.65356 1.67753 1.67470
1.45807 1.42888 1.44599 1.29866 1.25222 1.30998 1.28128 1.25644 1.27770 1.26199 1.28683 1.26559 1.28047 1.29400 1.30842 1.41911 1.55716 1.73015 1.88475 1.89943 1.84885 1.56606 1.63455 1.80211 1.82238 1.82467 1.83079 1.87160 1.96445 2.03127 2.09629 2.19670 2.17943 2.22047 2.13265 2.19964 2.06371 2.05138 1.74066 1.57739 1.48472 1.54319 1.52042 1.51308 1.45564 1.51548 1.47566 1.47409 1.50365 1.48793 1.46456 1.41864 1.48265 1.50163 1.61876 1.63952 1.65710 1.56278 1.55280 1.55906 1.58566 1.61877 1.61309 1.62565 1.65250 1.67792 1.64695
1.24652 1.26468 1.32350 1.28984 1.23701 1.29539 1.28574 1.24720 1.26404 1.24725 1.27444 1.28440 1.38166 1.55769 1.70863 1.86666 1.90400 1.87705 1.83320 1.87575 1.88823 1.62645 1.66256 1.86893 1.96622 2.02738 2.08797 2.08972 2.11239 2.12865 2.13884 2.19182 2.16620 2.23482 2.16109 2.24440 2.07407 2.08236 1.68131 1.48192 1.39264 1.45145 1.41958 1.43288 1.60498 1.65465 1.50789 1.48830 1.52256 1.54530 1.51859 1.47419 1.51593 1.54234 1.61327 1.66197 1.68535 1.60008 1.60745 1.62423 1.64227 1.60741 1.56196 1.54147 1.49877 1.50272 1.46185
1.28768 1.28199 1.31411 1.33191 1.24627 1.29114 1.30480 1.28636 1.35675 1.43255 1.66329 1.65446 1.71960 1.80592 1.76585 1.89411 1.93625 1.86939 1.76791 1.77390 1.74671 1.95239 2.14230 2.14167 2.12129 2.15150 2.17568 2.19682 2.24695 2.28395 2.30542 2.34291 2.26302 2.33823 2.18889 2.24759 2.08813 2.00789 1.68193 1.34329 1.31726 1.37592 1.39251 1.42588 1.52510 1.61158 1.51831 1.44494 1.45093 1.46284 1.44401 1.41513 1.43443 1.46780 1.49587 1.60067 1.60493 1.53618 1.52509 1.48130 1.46098 1.44157 1.44839 1.47547 1.46466 1.49277 1.47456
1.34550 1.30537 1.32751 1.43209 1.41788 1.55408 1.73248 1.86114 1.87829 1.80978 1.91429 1.85240 1.83871 1.85570 1.72301 1.70298 1.63024 1.56952 1.61429 1.71229 1.75153 1.90663 2.26821 2.27676 2.33202 2.34922 2.32598 2.30292 2.34702 2.35288 2.32805 2.32221 2.24498 2.28470 2.11189 2.15976 2.07759 1.96646 1.83052 1.35194 1.33153 1.37594 1.41298 1.41670 1.45106 1.61600 1.57571 1.47561 1.50509 1.48202 1.50635 1.56423 1.63538 1.72173 1.78633 1.60530 1.53463 1.50823 1.50930 1.47148 1.47058 1.44307 1.47524 1.57741 1.62500 1.72526 1.67612
1.41640 1.38289 1.48109 1.95084 1.95943 1.88104 1.86302 1.87856 1.83893 1.70027 1.67635 1.57452 1.51374 1.56040 1.53312 1.58808 1.61826 1.61625 1.63238 1.75214 1.80336 1.79766 2.24420 2.23724 2.27502 2.24681 2.23667 2.22497 2.26554 2.30185 2.27110 2.25472 2.18558 2.23494 2.07595 2.12900 2.14956 2.05079 2.02492 1.44862 1.36880 1.38040 1.44214 1.46743 1.47582 1.69372 1.85168 1.72618 1.74994 1.71945 1.73472 1.75982 1.76599 1.78695 1.80416 1.65446 1.44288 1.39136 1.46450 1.51575 1.61428 1.66414 1.69986 1.74660 1.72812 1.75983 1.69710
1.64626 1.54187 1.57000 1.75269 1.88044 1.63734 1.56619 1.52603 1.52589 1.47000 1.51335 1.53009 1.53707 1.58563 1.56934 1.60271 1.60010 1.58240 1.56439 1.68435 1.76267 1.74417 2.03408 2.14955 2.20873 2.18012 2.16206 2.11361 2.16200 2.20431 2.18266 2.14776 2.18070 2.23987 2.10299 2.17725 2.18775 1.99968 1.91715 1.53147 1.37658 1.49417 1.52771 1.58686 1.67344 1.83955 2.01820 1.82698 1.70369 1.64279 1.59635 1.65094 1.66995 1.67975 1.76800 1.75755 1.55072 1.61136 1.73993 1.69716 1.72829 1.71099 1.71128 1.78028 1.76077 1.77826 1.73002
1.66065 1.57637 1.55066 1.58899 1.84864 1.56943 1.54762 1.58029 1.61449 1.58050 1.60327 1.60399 1.59195 1.62701 1.59342 1.61050 1.60986 1.60894 1.59330 1.67014 1.76337 1.76132 1.92342 2.16401 2.18086 2.18541 2.20218 2.16467 2.23297 2.29174 2.31438 2.29720 2.31107 2.33453 2.19402 2.26703 2.29404 2.19633 2.09517 2.12346 1.98678 2.05011 1.86842 1.77690 1.83121 1.90112 2.26876 2.12260 1.74203 1.69961 1.70525 1.82515 1.97230 2.05038 2.14822 2.09732 1.80437 1.72018 1.77546 1.76748 1.74159 1.72866 1.70885 1.77326 1.75607 1.77624 1.75337
1.53605 1.54519 1.58024 1.58510 1.82534 1.67754 1.60073 1.61414 1.64467 1.60576 1.63369 1.62748 1.59902 1.63222 1.61663 1.63222 1.63052 1.62287 1.61820 1.64405 1.70611 1.72650 1.86016 2.27300 2.26421 2.22875 2.22932 2.17872 2.23723 2.27959 2.36475 2.36607 2.40404 2.43147 2.30188 2.41841 2.43582 2.29216 2.16123 2.16019 2.09916 2.12192 2.18350 2.17817 2.25639 2.21297 2.56604 2.66701 2.06447 2.10328 2.06975 2.01313 2.09359 1.98229 2.01159 1.95953 1.82030 1.58348 1.65564 1.66963 1.63243 1.61508 1.59282 1.68986 1.71363 1.76103 1.75074
1.65870 1.66464 1.66355 1.64478 1.71952 1.78177 1.59507 1.60858 1.63915 1.58511 1.58523 1.57771 1.53896 1.57808 1.55790 1.55353 1.55040 1.54785 1.54723 1.55012 1.65411 1.67252 1.78951 2.18860 2.24591 2.24481 2.26914 2.24887 2.33495 2.35908 2.44955 2.43075 2.44761 2.40843 2.29523 2.39118 2.41322 2.28792 2.12965 2.10562 2.18530 2.17037 2.29082 2.25662 2.34062 2.33403 2.71942 2.98646 2.48465 2.31050 2.24697 2.05518 2.14174 2.00637 2.07300 1.98424 2.00646 1.62405 1.67511 1.71125 1.69530 1.69319 1.67668 1.77934 1.78871 1.84844 1.86404
1.67353 1.68424 1.71316 1.77713 1.76079 1.84143 1.58893 1.51079 1.49935 1.43971 1.47898 1.50414 1.49322 1.54124 1.52427 1.52427 1.52439 1.52503 1.52909 1.53287 1.60475 1.64115 1.75797 2.06180 2.29519 2.24521 2.30305 2.28797 2.35491 2.35454 2.45829 2.43095 2.44418 2.40584 2.34067 2.40889 2.43587 2.32258 2.20677 2.17875 2.28102 2.31999 2.43511 2.34603 2.34004 2.30840 2.48635 2.93952 2.57429 2.29939 2.30670 2.05048 2.12448 2.02825 2.13435 2.09697 2.24717 1.80995 1.86410 1.92308 1.90509 1.89068 1.89203 1.95664 1.94004 1.93558 1.92101
1.85212 1.93075 1.94089 1.98521 1.84077 1.92530 1.67104 1.55802 1.53944 1.49821 1.51491 1.52396 1.50445 1.55005 1.53318 1.53341 1.53644 1.54907 1.56717 1.57880 1.61208 1.65091 1.72689 1.94172 2.17704 1.97494 2.02085 2.30276 2.38379 2.36187 2.48540 2.43684 2.38947 2.35249 2.29158 2.36318 2.39305 2.32955 2.20913 2.15179 2.23123 2.23736 2.24748 2.15707 2.11344 2.07504 2.13039 2.65778 2.56656 2.21728 2.08066 1.94588 2.04682 1.96745 2.05343 2.03528 2.28424 2.12462 2.15651 2.13367 2.05975 1.97590 1.92553 1.93637 1.87412 1.78038 1.65945
1.98521 1.98542 2.03933 2.08116 1.97203 2.03747 1.82734 1.62447 1.56888 1.52129 1.55062 1.56216 1.55747 1.61396 1.59201 1.60361 1.61238 1.61436 1.62204 1.55264 1.45681 1.45777 1.45515 1.53076 1.78209 1.76484 1.81470 2.38920 2.47949 2.41479 2.54479 2.50403 2.45814 2.43399 2.42392 2.48392 2.50520 2.45018 2.33119 2.24843 2.28731 2.44596 2.44522 2.36394 2.29430 2.26110 2.29879 2.52540 2.42621 1.98698 1.85990 1.90076 2.15977 2.05535 2.17762 2.13721 2.38272 2.27496 2.18360 2.15861 2.05824 1.79956 1.66032 1.60307 1.51946 1.50719 1.49768
1.90020 1.91178 1.96193 1.99518 1.91335 1.93989 1.82404 1.59922 1.57849 1.55695 1.59377 1.61589 1.61583 1.63666 1.55546 1.45753 1.39182 1.34349 1.31086 1.30462 1.31241 1.38664 1.41654 1.53248 1.72911 1.77226 1.77328 2.18781 2.46461 2.41903 2.54461 2.50048 2.45609 2.44533 2.44123 2.40486 2.34895 2.28040 2.18642 2.14165 2.15887 2.26474 2.28148 2.21779 2.21886 2.22160 2.19980 2.00640 2.04109 1.93211 1.81540 1.80012 2.09390 2.01200 2.20380 2.17487 2.34794 2.24232 1.96015 1.81273 1.66459 1.56192 1.53689 1.54400 1.53490 1.53920 1.53459
1.89388 1.87283 1.86807 1.81608 1.73736 1.70029 1.70257 1.64972 1.62986 1.57689 1.46729 1.38612 1.34939 1.31166 1.29893 1.30538 1.30644 1.30624 1.30791 1.31375 1.31497 1.35207 1.40263 1.49152 1.64362 1.80538 1.79126 2.02370 2.34644 2.25404 2.32480 2.40754 2.45952 2.43699 2.42551 2.37427 2.28290 2.18273 2.05306 1.87026 1.68494 1.97159 2.58740 2.50512 2.47117 2.47387 2.51658 2.05262 2.13389 2.13555 1.94948 1.89163 2.03010 2.00746 2.06952 1.93656 1.93327 1.92055 1.68299 1.65017 1.65432 1.56054 1.54493 1.57058 1.57627 1.58757 1.59537
1.66311 1.68863 1.72660 1.73614 1.72801 1.72823 1.71009 1.64727 1.58452 1.44797 1.23922 1.20271 1.23175 1.22844 1.22948 1.22535 1.22138 1.21756 1.21393 1.21364 1.19244 1.17204 1.22157 1.33504 1.41471 1.62011 1.57665 1.65122 1.81379 1.79475 1.83508 2.00010 2.37353 2.19419 1.99175 1.75109 1.60118 1.46860 1.43555 1.40958 1.34253 1.52188 2.37630 2.31915 2.33805 2.34096 2.35225 2.01455 2.02580 2.04999 1.79027 1.62887 1.64348 1.77989 1.87458 1.86402 1.89269 1.87312 1.70422 1.66551 1.70922 1.62824 1.57594 1.58334 1.57130 1.56405 1.55765
1.71513 1.62098 1.62510 1.62108 1.65801 1.68242 1.65042 1.61112 1.52018 1.28697 1.21314 1.15756 1.18138 1.19677 1.20550 1.20625 1.19237 1.16744 1.14383 1.13091 1.13749 1.13944 1.20831 1.34343 1.40986 1.61919 1.54257 1.53778 1.66754 1.56546 1.46959 1.37312 1.53245 1.49430 1.48496 1.47748 1.47419 1.43494 1.41406 1.40795 1.44501 1.46304 2.41801 2.47761 2.51764 2.46466 2.20860 1.92373 1.67117 1.62971 1.58529 1.58136 1.59736 1.82436 1.91608 1.93499 1.98149 1.94816 1.80615 1.66085 1.70400 1.63244 1.56157 1.55783 1.54667 1.55812 1.55104
1.76548 1.63602 1.62743 1.62323 1.65267 1.68648 1.64137 1.61860 1.60662 1.30463 1.25961 1.16933 1.17091 1.18003 1.16131 1.13881 1.14300 1.15888 1.18240 1.20077 1.21093 1.21184 1.22680 1.34064 1.45132 1.49445 1.31782 1.19083 1.18883 1.23676 1.22047 1.19988 1.46396 1.48372 1.46879 1.45435 1.45181 1.43285 1.42620 1.43390 1.46645 1.43085 1.75878 1.97759 1.84270 1.74158 1.74783 1.74267 1.63145 1.65574 1.63923 1.68582 1.69155 1.86545 1.96727 1.97840 2.00024 1.93678 1.84397 1.59205 1.66479 1.62004 1.50009 1.49217 1.47179 1.45923 1.45007
1.86085 1.71414 1.66595 1.67966 1.69840 1.72584 1.67683 1.65861 1.65082 1.30361 1.20796 1.11112 1.10661 1.15680 1.17973 1.19271 1.20129 1.20872 1.25328 1.31272 1.33729 1.40189 1.43390 1.36392 1.49576 1.47771 1.25700 1.22003 1.20339 1.14962 1.12944 1.10282 1.26197 1.39624 1.40905 1.38684 1.34729 1.31841 1.23071 1.13511 1.07473 1.03224 1.11822 1.52041 1.61156 1.63622 1.64122 1.67573 1.63704 1.62943 1.61068 1.64266 1.63269 1.76876 1.91840 1.93784 1.96109 1.87346 1.79442 1.47698 1.55612 1.55669 1.47271 1.45995 1.44949 1.44776 1.45574
1.94982 1.79523 1.71353 1.72480 1.73501 1.70610 1.54454 1.42966 1.36718 1.24245 1.17432 1.16762 1.17705 1.23307 1.30978 1.37876 1.45832 1.53943 1.60044 1.62800 1.61779 1.62342 1.68198 1.48796 1.61911 1.69407 1.70203 1.57006 1.44738 1.10321 1.09436 1.07181 1.19238 1.43049 1.35962 1.19518 1.09297 1.02804 1.00620 1.00747 1.00957 1.03067 1.02083 1.50666 1.65574 1.68211 1.74824 1.74616 1.72455 1.73987 1.79136 1.83927 1.86445 1.83343 1.79774 1.73629 1.70349 1.71236 1.67648 1.48931 1.51009 1.55344 1.50216 1.48685 1.50814 1.55428 1.59635
1.99643 1.83092 1.53555 1.42641 1.36096 1.41328 1.39377 1.37056 1.38538 1.42456 1.38989 1.45293 1.49186 1.57529 1.62621 1.64294 1.65407 1.70203 1.79513 1.88327 1.93189 1.95502 1.98011 1.71144 1.65501 1.67854 1.66805 1.51903 1.40635 1.12711 1.03748 0.981454 0.966477 1.01267 0.994623 0.987801 0.987527 0.984606 0.977379 0.980791 0.973526 1.00253 0.984773 1.33446 1.68565 1.74196 1.78657 1.80178 1.78663 1.76296 1.72707 1.70433 1.71166 1.70736 1.68175 1.67046 1.65389 1.65751 1.66096 1.55850 1.51446 1.60865 1.63111 1.66595 1.67303 1.67789 1.67114
1.57956 1.47463 1.31736 1.29573 1.26955 1.30758 1.23095 1.19987 1.19632 1.93267 1.74213 1.72458 1.63623 1.73076 1.83967 1.92733 2.00411 2.03834 2.03006 2.02895 2.02863 1.98280 1.98634 1.84142 1.65624 1.69698 1.67802 1.50234 1.35088 1.09470 0.916547 0.912716 0.909148 0.998281 1.00505 0.995661 0.998827 1.01322 1.02959 1.06390 1.10061 1.17457 1.21910 1.36556 1.64780 1.63300 1.64620 1.70099 1.69169 1.67114 1.65902 1.63102 1.63610 1.59973 1.58877 1.56125 1.58558 1.66179 1.76390 1.76359 1.59996 1.67456 1.66863 1.66541 1.64643 1.63463 1.61877
1.41925 1.36378 1.17341 1.08886 1.11293 1.22651 1.22037 1.22888 1.26137 1.80741 1.79875 1.78058 1.97641 2.02579 2.04901 2.05383 2.05760 2.06143 2.06014 2.06381 2.06521 2.04301 2.06439 2.09916 1.86735 1.73859 1.71667 1.45490 1.38101 1.23638 1.02350 1.01635 1.00694 1.02065 1.05420 1.09493 1.15195 1.19068 1.24726 1.29716 1.33392 1.38065 1.37983 1.32458 1.51382 1.59256 1.57713 1.62146 1.59992 1.60582 1.58045 1.55760 1.60374 1.62859 1.69659 1.71162 1.72788 1.70431 1.75463 1.76133 1.65390 1.58562 1.56646 1.55458 1.54464 1.54461 1.54400
1.14527 1.09960 1.02895 1.11187 1.08733 1.15923 1.19459 1.24051 1.34084 1.63775 1.98155 1.89566 2.00208 2.09356 2.10901 2.11560 2.11564 2.11576 2.12095 2.17101 2.21003 2.27186 2.26831 2.30116 2.04718 1.84733 1.80038 1.50756 1.48380 1.39422 1.13679 1.14369 1.16631 1.21290 1.26744 1.30125 1.32846 1.35735 1.36564 1.36698 1.36553 1.37252 1.32107 1.22873 1.38035 1.56064 1.53905 1.58556 1.58851 1.62962 1.61069 1.56385 1.66515 1.67057 1.73039 1.68417 1.68112 1.66007 1.72861 1.73830 1.68669 1.55822 1.53831 1.53991 1.52783 1.50881 1.49188
0.972291 0.973735 0.955032 1.08949 1.10307 1.18931 1.24995 1.25376 1.30111 1.42163 2.02955 1.89618 1.93415 2.08430 2.09785 2.15416 2.20439 2.26195 2.29735 2.29241 2.25904 2.27379 2.19334 2.20972 2.00609 1.76107 1.67144 1.54567 1.61420 1.57908 1.36323 1.29815 1.32394 1.34984 1.35349 1.35489 1.35977 1.36466 1.37003 1.37189 1.37847 1.38720 1.35098 1.28736 1.36501 1.58193 1.62990 1.74714 1.80540 1.80732 1.73980 1.63080 1.71782 1.74324 1.76425 1.73569 1.71007 1.69087 1.73304 1.75569 1.76779 1.60555 1.58857 1.60057 1.54295 1.49757 1.50699
0.934849 0.952141 0.938754 1.04126 1.09171 1.12364 1.18871 1.22298 1.23649 1.32411 1.92832 1.94717 2.00268 2.22652 2.29545 2.31469 2.28281 2.26628 2.23099 2.22032 2.19295 2.19836 2.06181 1.99119 1.82686 1.68478 1.56019 1.57369 1.64413 1.62577 1.49361 1.37048 1.37273 1.37149 1.38507 1.40066 1.41602 1.42832 1.44136 1.45642 1.46809 1.50128 1.54351 1.58505 1.73867 1.78049 1.75064 1.77003 1.80534 1.80995 1.79854 1.68095 1.75197 1.76763 1.77083 1.75687 1.72776 1.72548 1.77255 1.83065 1.86147 1.73772 1.68990 1.70753 1.67098 1.55366 1.53044
0.895620 0.915488 0.898325 0.967547 1.10016 1.12295 1.17905 1.25039 1.29882 1.49073 1.95407 2.18261 2.15620 2.21274 2.23622 2.22116 2.16875 2.08977 2.01031 1.93012 1.83608 1.80471 1.75571 1.75189 1.71910 1.65851 1.51704 1.46020 1.47491 1.49706 1.46903 1.44155 1.44823 1.45875 1.47408 1.47195 1.47239 1.51917 1.60967 1.72183 1.84487 1.86823 1.82315 1.78765 1.74369 1.85600 1.82395 1.83101 1.84036 1.83041 1.82111 1.73912 1.77398 1.81744 1.83602 1.86811 1.91027 1.92274 1.93708 1.88442 1.90070 1.83571 1.72428 1.72412 1.68055 1.51960 1.48151
0.846207 0.881156 0.880718 0.898718 1.14228 1.24722 1.36101 1.46079 1.36229 1.52890 1.75354 2.21152 2.10719 2.06894 2.04118 1.94377 1.87142 1.82125 1.80541 1.81831 1.79264 1.78734 1.73952 1.69330 1.65099 1.59069 1.50751 1.38375 1.40369 1.48307 1.48036 1.47023 1.46274 1.48987 1.58043 1.69214 1.84731 1.92364 1.93477 1.90308 1.88146 1.87973 1.84847 1.80431 1.72084 1.80082 1.81680 1.84107 1.86264 1.91484 1.96113 1.95495 1.94633 1.98483 1.98072 1.97883 1.96759 1.95380 1.96090 1.86274 1.82935 1.79157 1.64400 1.63148 1.64326 1.54854 1.50314
