High_resolution/powerplant/Fengdu/OMI_NO2_2011_06-08.asc
ncols      200
nrows      200
xllcorner       105.978
yllcorner       28.1831
cellsize     0.0166667
NODATA_Value      -999.000
[rows 116 to 144 of 200, columns 0 to 65 of 200]
2.28748 2.18642 2.24630 2.20350 2.26416 2.33463 2.38943 2.42890 2.45713 3.13402 5.19286 9.80880 10.5304 11.6585 12.6215 12.6215 12.6215 12.6215 12.6215 12.6215 12.7585 12.7360 12.5717 12.5176 12.5113 12.4745 13.1145 12.9288 13.3119 13.3119 13.3119 12.7799 11.7338 11.6622 11.5512 9.23836 8.86419 8.48249 8.17187 7.96606 7.72229 7.61708 7.39540 7.40229 7.40216 7.40199 6.88014 6.79048 6.77789 6.75785 6.91282 5.91750 5.59957 5.50047 5.03697 4.91028 4.91028 4.91028 4.91028 4.21467 4.28059 3.73875 3.66794 3.45099 3.41066 3.38904
2.32220 2.27216 2.39627 2.36791 2.45943 2.46267 2.46267 2.46267 2.46267 3.44248 6.72977 9.63538 10.7527 11.1785 12.6215 12.6215 12.6215 12.6215 12.6215 12.7713 12.9673 13.0814 13.0876 13.1399 13.1068 13.0157 13.3137 13.2974 13.8134 13.9575 14.1016 13.9830 11.9162 11.6266 11.3332 9.36484 7.90748 7.23274 7.27482 7.44372 7.50480 7.64412 7.47159 7.50480 7.50480 7.53197 7.13771 7.02934 7.15973 7.24098 7.40273 6.60519 5.54029 5.51129 5.24258 4.92628 4.92571 4.92289 4.92037 4.47005 4.09165 3.44723 3.45053 3.31086 3.25186 3.14964
2.27718 2.15320 2.26980 2.22197 2.26744 2.26744 2.26744 2.26744 2.26744 2.50895 3.84027 8.55096 10.7495 10.7823 12.2462 12.3941 12.5347 12.6754 12.9325 13.0840 13.1506 13.1738 13.0751 13.0380 13.2409 13.3444 13.7721 13.8529 14.1775 14.1437 14.1430 14.6270 12.3022 12.2818 13.0595 11.9716 9.31580 7.63995 7.28746 7.41957 7.32671 7.57230 7.53081 7.66322 7.74719 7.78773 7.53501 7.31599 7.30201 7.24973 7.40273 7.13352 5.54824 5.50813 5.39262 4.91847 4.89237 4.80796 4.70309 4.25575 3.76028 3.08773 3.09666 2.83646 2.57709 2.41729
2.07157 2.07157 2.22763 2.06851 2.06851 2.06851 2.06851 2.06851 2.06851 2.06851 3.64979 7.76340 10.5720 10.7428 12.1105 12.8303 12.8303 12.8303 13.0142 13.2720 13.6478 13.6785 13.8129 13.6007 13.8468 13.8086 14.0804 14.4842 15.1788 15.9279 16.6441 16.8753 14.9563 13.2600 13.2690 13.0842 9.45762 8.30714 7.54127 7.71431 7.77393 7.87084 7.78783 7.84462 7.84462 7.84462 7.74765 7.36008 7.32397 7.21515 7.35254 7.16181 5.77520 5.32274 5.19212 4.50099 4.35258 3.93259 3.74312 3.33464 3.14800 2.60680 2.18782 2.15106 2.17254 2.17254
2.15610 2.15610 2.28894 2.13634 2.13634 2.13634 2.13634 2.13634 2.13634 2.13634 3.26331 7.32605 10.1111 11.0434 11.8051 13.0584 13.1737 13.2889 13.8353 13.8543 14.1479 13.7952 13.7623 13.7817 14.7807 15.5923 16.5328 16.8639 16.8881 16.8881 16.8881 16.8881 16.1251 13.1615 13.2690 13.1638 10.1409 8.70064 7.66553 7.74342 7.73915 7.73915 7.62728 7.67464 7.66718 7.56887 7.40285 7.24578 6.96236 6.75248 6.90326 6.59989 6.08086 5.49088 5.28294 4.59939 4.01250 3.44250 3.41461 3.12350 3.33405 2.94342 2.19589 2.15043 2.17254 2.17254
2.42112 2.42112 2.49933 2.36048 2.36048 2.36048 2.36048 2.40221 2.53354 2.66817 3.18240 4.70881 9.63738 12.2933 12.5779 13.8501 13.8247 13.7900 14.0868 13.9122 14.8596 15.4568 16.2511 16.7109 16.8390 16.8342 16.8885 16.8885 16.8885 16.8885 16.8885 16.8885 16.8755 13.4584 13.2690 13.2594 11.4223 8.86733 7.80439 7.70989 7.65571 7.56073 7.31423 7.16747 6.92086 6.72828 6.52363 6.51390 6.49067 6.24981 6.30508 5.83464 5.43362 4.72476 4.71889 4.47434 3.86453 3.41461 3.37447 3.20766 3.48979 3.26119 2.49044 2.12827 2.15176 2.15176
2.46267 2.46267 2.56320 2.56103 2.70244 2.84540 3.02535 3.17736 3.23498 3.28926 3.31243 4.83079 8.37873 12.2472 12.2702 13.5519 14.4626 15.2824 16.2199 16.7447 16.8777 16.8390 16.8281 16.7805 16.8342 16.8281 16.8893 16.8893 16.8893 16.8893 16.8889 16.8854 16.8813 14.4874 13.2065 13.2397 12.6397 9.15073 8.10943 7.12449 6.76089 6.42721 6.43744 6.34185 6.31804 6.16934 5.91389 5.88883 5.64661 5.31158 5.70772 5.44606 5.52057 4.87665 4.79714 4.74067 3.86843 3.37447 3.32764 3.16211 3.48396 3.34306 2.91780 2.07768 2.07768 2.07768
2.86681 3.00619 3.29947 3.36625 3.42373 3.47964 3.49646 3.47903 3.40487 3.32637 3.24783 5.47643 7.19736 12.7672 14.0214 15.6071 16.8576 16.8610 16.9008 16.8631 16.9017 16.8621 16.8567 16.8029 16.8597 16.8281 16.8883 16.8843 16.8801 16.8759 16.8722 16.8715 16.8715 15.6745 13.0065 12.6637 11.8170 8.27233 6.73111 5.47662 5.63307 5.52880 5.59243 5.38111 5.16405 5.22514 5.20020 5.38723 5.38723 5.19389 5.16979 4.94551 4.95399 4.14964 3.56320 3.42359 3.22048 2.91971 3.20841 3.01510 3.32764 3.25472 3.06872 2.07194 2.04488 2.04488
3.31285 3.37252 3.49646 3.47000 3.39270 3.31416 3.23569 3.17712 4.47028 4.83198 5.05169 5.65719 7.67765 12.3421 14.7129 15.1888 16.8621 16.8631 16.8992 16.8649 16.8631 16.8215 16.8026 16.7473 16.7979 16.7803 16.8526 16.8525 16.8525 16.8512 16.8047 16.7349 16.3677 14.5533 11.1176 11.0059 10.8537 8.35439 6.64168 5.06132 4.98287 4.89437 4.88951 4.88951 4.88803 5.07662 5.06363 5.26594 5.20597 4.89163 4.70800 4.56872 4.44041 4.03625 3.20841 3.20841 3.20841 2.91971 3.20841 3.36147 3.79983 3.69604 3.60873 2.59762 2.33128 2.38487
3.08723 3.02069 3.00678 2.95994 4.41148 4.80544 5.05219 5.21495 5.28988 5.30119 5.30119 5.30315 7.18651 10.1147 14.9653 14.9559 16.7453 16.8409 16.8753 16.8390 16.8063 16.7603 16.7444 16.7036 16.7513 16.7316 16.7387 16.6864 16.6342 16.5828 16.5655 16.4897 16.0585 13.6811 11.4985 10.9245 10.7989 9.08694 7.80296 5.71165 5.24163 5.24163 5.24163 5.22904 5.12655 5.13732 4.80263 4.72046 4.63995 4.53482 4.43167 4.44204 4.43167 4.36134 3.24150 3.25186 3.20264 2.86650 3.06540 3.19861 3.67545 3.72297 3.70461 3.28373 2.55317 2.54380
4.38718 4.70603 4.98497 5.15302 5.25214 5.27401 5.27401 5.27401 5.27401 5.27401 5.27401 5.27401 6.38648 7.87052 14.8413 15.0413 16.2274 16.8861 16.9183 16.8847 16.8580 16.7990 16.7265 16.6019 16.5407 16.4330 16.4190 16.2746 15.8980 15.4772 14.7782 14.0855 13.6740 12.7839 11.1363 9.80160 9.97207 8.90398 8.26026 6.58995 5.12997 4.99061 4.82269 4.64847 4.63995 4.67318 4.58800 4.60475 4.60475 4.53748 4.42434 4.42739 4.39715 4.36501 3.36717 3.05728 3.15262 3.02720 3.34902 3.56398 3.76219 3.57134 3.15495 2.67287 2.48737 2.48533
5.28272 5.32497 5.32688 5.32688 5.32688 5.32688 5.32688 5.32688 5.32688 5.32688 5.32688 5.32688 5.92276 7.96237 12.8971 14.6249 15.7654 16.7981 16.7106 16.6673 16.5231 16.5011 16.4625 16.2046 15.7775 15.3678 14.6716 14.0185 13.6071 13.2425 13.1787 13.1776 13.1776 12.7951 11.8571 9.52152 9.86402 9.14739 9.17432 7.58012 4.84892 4.63995 4.63995 4.63995 4.65425 4.67318 4.58800 4.60392 4.59908 4.52849 4.37966 4.20836 4.09864 3.97176 3.68150 3.22000 3.18081 2.97745 2.96124 2.87019 2.90008 2.88933 2.76015 2.51102 2.34319 2.43251
5.25947 5.25947 5.25947 5.25947 5.25947 5.25947 5.25947 5.25947 5.25947 5.25947 5.25772 5.25245 5.26731 7.96499 11.8379 16.5933 16.4300 16.4678 16.3354 16.0894 15.7008 15.2689 14.6354 14.3845 13.6829 13.2902 13.1799 13.1776 13.1776 13.1776 13.1776 13.1776 12.8901 12.7826 11.8314 9.70601 9.60162 9.07210 9.43177 7.92120 5.81927 4.82383 4.82383 4.82284 4.81771 4.83806 4.73007 4.71106 4.65296 4.46827 4.29439 4.23051 4.09771 3.80852 3.48408 2.99029 2.83696 2.77385 2.82729 2.82709 2.82709 2.82709 2.80996 2.54666 2.36706 2.43816
5.22712 5.22712 5.22712 5.22712 5.22712 5.22594 5.22096 5.21494 5.21069 5.22970 5.25660 5.28969 5.32182 7.36357 9.59746 15.9298 15.5190 15.1209 14.7133 14.0809 14.3885 13.7496 13.7573 14.2602 13.7528 13.7528 13.7528 13.7528 13.7528 13.7528 13.7528 13.7528 13.3468 13.3164 12.2844 10.3882 9.82866 9.17161 9.86259 8.32196 7.02669 4.80015 4.75572 4.68077 4.55463 4.47805 4.24023 4.22136 4.02341 3.71556 3.48295 3.24723 3.04190 2.95814 2.95814 2.83646 2.74688 2.71242 2.75396 2.75986 2.75986 2.75986 2.75986 2.57779 2.39923 2.41769
5.22637 5.22175 5.21586 5.20895 5.20615 5.22903 5.26178 5.29498 5.32534 5.33107 5.32398 5.30531 5.28647 6.20193 8.62457 13.1858 13.7977 13.2916 13.4136 13.0263 14.0223 13.6090 13.7528 14.2602 13.7528 13.7528 13.7528 13.7528 13.7528 13.6775 13.4872 13.2958 12.7748 12.6364 11.9802 11.1324 8.93420 8.83579 9.38991 8.65019 7.25859 4.18774 3.99382 3.96053 3.83458 3.67712 3.37331 3.14160 3.08014 3.08540 3.05408 3.04230 3.00260 2.95028 2.95028 2.85735 2.90108 2.77021 2.82752 2.82729 2.82729 2.82729 2.82729 2.68861 2.46692 2.37580
5.20285 5.23387 5.26707 5.30026 5.32804 5.33107 5.32130 5.30234 5.28364 5.26480 5.24651 5.22727 5.27730 5.38928 7.32642 10.5155 12.9577 12.6600 12.6233 12.4310 13.5801 13.3752 13.4872 13.8143 13.1029 12.9845 12.8051 12.6257 12.4462 12.3375 12.3365 12.3365 12.0704 11.8887 11.2817 9.94007 8.64699 8.38068 9.16455 8.80329 7.12849 4.04584 3.28960 3.16383 3.09748 3.01359 3.03876 3.00409 3.05405 3.05405 3.01788 2.98942 2.95028 2.95028 2.95028 2.87607 2.90108 2.89472 3.00626 2.98811 2.98811 2.98811 2.98811 2.94487 2.58836 2.44610
5.36390 5.36478 5.34380 5.31144 5.28375 5.25983 5.24495 5.24686 5.34180 5.43954 5.54283 5.61545 5.53604 5.47570 6.69902 8.40925 12.4020 12.1060 12.3953 12.2583 13.4393 13.0803 12.9349 12.7106 12.0980 12.0458 12.0458 12.0460 12.0443 11.8216 11.5412 11.2401 10.9243 10.8636 10.8070 8.86689 8.15207 7.45010 7.38043 6.63805 5.92636 3.98179 3.09588 3.05473 3.09588 3.02539 3.05405 3.01788 3.05405 3.05987 3.05599 3.05584 3.10356 3.08019 3.04687 2.97696 3.01594 3.00031 3.12038 3.09574 3.09574 3.09574 3.09496 3.09295 2.69321 2.51040
5.26623 5.24719 5.24014 5.23950 5.30581 5.43050 5.54293 5.57852 5.47494 5.42020 5.45800 5.50203 5.57243 5.62677 5.99433 7.33969 11.8559 12.2799 12.4364 11.8773 12.5167 12.4939 12.4751 12.5125 12.3135 11.7682 11.1998 10.6157 10.1292 10.0851 10.0225 9.90548 9.74515 9.11034 8.43676 6.81427 6.10459 5.51576 6.17460 6.17460 6.15942 4.81175 3.06223 2.99213 3.05212 3.03463 3.05403 3.08074 3.13614 3.15187 3.12261 3.08715 3.11001 3.08951 3.00260 2.93772 2.97582 2.95121 3.11829 3.09180 3.08977 3.08774 3.04693 2.90541 2.52468 2.08448
5.27527 5.40984 5.51299 5.51760 5.49749 5.48067 5.53803 5.62470 5.66971 5.67710 5.67976 5.67976 5.67976 5.67976 5.48665 7.39769 10.2240 11.7280 11.9319 11.7631 12.0752 11.6906 11.0195 10.4591 10.1322 10.1252 10.0312 9.90865 9.73194 9.19680 8.55788 7.96639 7.50692 7.35280 7.35065 6.65995 6.18696 5.35572 6.12407 6.06485 5.93778 5.20983 3.36224 3.20272 3.21426 3.20601 3.12261 3.12261 3.15351 3.15351 3.12261 3.08610 3.10291 2.96889 2.79457 2.67089 2.71269 2.80632 2.90833 2.75612 2.55523 2.31580 2.07487 2.08400 2.04668 1.75089
5.69759 5.76523 5.77699 5.55853 5.55307 5.52391 5.46345 5.54658 5.69051 5.63257 5.63257 5.63257 5.63257 5.63257 5.39959 6.81285 8.48260 10.8914 10.5342 9.96408 10.1378 10.3803 9.99645 9.87403 9.72982 9.26544 8.66814 8.07665 7.53927 7.36045 7.37200 7.37200 7.40830 7.37200 7.37200 6.98634 6.18976 5.66715 6.15121 6.10550 6.10534 5.77003 3.93574 3.39114 3.37813 3.38090 3.32173 3.32173 3.33719 3.29743 3.24229 3.15807 3.08703 2.91603 2.78926 2.61900 2.60977 2.33327 2.07995 1.97161 1.97049 1.97049 1.97049 2.02963 2.02955 1.80992
5.57254 5.53364 5.47737 5.18888 5.16555 5.16555 5.16555 5.24336 5.54245 5.47167 5.46762 5.44111 5.31416 5.17755 4.88158 5.70160 7.44862 9.80157 9.66543 9.44490 9.55488 9.63643 8.76401 8.17216 7.60117 7.35081 7.32664 7.32664 7.32664 7.32664 7.37200 7.37200 7.40830 7.39110 7.39110 7.12906 6.35548 5.77588 5.98732 6.02004 6.02004 5.96912 4.29558 3.41607 3.39075 3.37304 3.26286 3.12418 2.98335 2.85120 2.73388 2.61806 2.66986 2.86655 2.60803 2.32399 2.33334 2.07464 2.02171 2.02171 2.02171 2.02171 2.02171 2.10139 2.10139 1.95570
5.45055 5.45055 5.45055 5.25824 5.16555 5.16555 5.13793 5.06400 5.34889 5.18412 5.01984 4.90973 4.90013 4.92655 4.82624 5.22485 7.19191 8.68099 8.51089 7.83398 7.52938 7.48327 7.26831 7.26831 7.26831 7.26831 7.26831 7.26831 7.26831 7.26831 7.32664 7.32660 7.36030 7.03451 7.01481 6.81459 6.41281 5.80583 5.40318 5.31899 5.00612 4.59589 4.01826 3.04678 2.75423 2.63414 2.42876 2.39601 2.34544 2.27718 2.20652 2.17659 2.27947 2.58040 2.72054 2.39463 2.42334 2.21208 2.08082 2.08082 2.08082 2.08082 2.08082 2.15439 2.13314 2.07057
5.17648 5.11576 5.05768 4.87157 4.58758 4.45930 4.35130 4.28595 4.62115 4.76328 4.77076 4.82227 4.87376 4.84682 4.50432 4.41890 4.89384 6.58194 7.13868 6.95881 7.48577 7.72408 7.70382 7.70382 7.70382 7.70382 7.70382 7.70180 7.67511 7.64107 7.62671 7.59798 7.60526 7.22646 7.22018 6.85159 6.37472 4.95009 4.01231 3.90740 3.79488 4.11450 4.01417 3.31510 2.59590 2.53597 2.33182 2.30749 2.30696 2.29977 2.29156 2.28208 2.35377 2.52961 2.82085 2.45322 2.49510 2.33284 2.04242 2.04242 2.04242 2.04242 2.04242 2.14378 2.09985 2.06951
4.75553 4.65719 4.56141 4.49147 4.28741 4.29384 4.29460 4.29520 4.49852 4.76336 4.70089 4.44137 4.09915 3.87456 3.68922 3.79757 4.17838 6.00672 6.98347 6.64227 7.36131 7.50624 7.55865 7.55491 7.53706 7.51786 7.49866 7.48060 7.47645 7.47645 7.50891 7.20130 6.61969 5.62508 4.89946 4.15018 4.22772 3.61875 3.38171 3.39952 3.35426 3.52543 2.81547 2.70909 2.25054 2.25042 2.26009 2.26009 2.26009 2.25042 2.23946 2.23946 2.28884 2.38251 2.76336 2.54115 2.49805 2.41419 2.11333 2.07583 2.07583 2.07583 2.07319 2.16208 2.09985 2.07096
4.59824 4.59607 4.59662 4.59721 4.39650 4.33567 4.27929 4.14536 4.05925 4.16785 4.01183 3.94813 3.78864 3.73720 3.58338 3.65891 3.79511 4.90391 6.21227 6.12225 6.64726 6.81283 6.95822 6.94566 6.94456 6.94383 6.82334 6.44090 5.85800 5.21132 4.59778 4.23221 4.22924 4.00208 4.24850 3.96304 4.06361 3.46730 3.07289 2.98830 3.01019 3.18975 2.84808 2.80584 2.25850 2.25042 2.26009 2.25578 2.24043 2.21263 2.19574 2.19272 2.19748 2.25732 2.76557 2.67764 2.58875 2.51020 2.27840 2.12258 2.12208 2.13884 2.13935 2.20120 2.13506 2.09644
4.89812 4.90151 4.86448 4.71573 4.35896 4.02958 3.89528 3.85504 3.80931 4.02089 3.93902 3.80191 3.65124 3.68419 3.54048 3.64044 3.71471 4.17731 5.75492 6.08802 6.43044 6.64642 6.57649 6.19956 5.61351 4.95940 4.38039 4.11629 4.11528 4.11173 4.20912 4.19531 4.08407 3.73219 3.76050 3.45757 3.57296 3.33562 2.98313 2.93830 3.00584 3.21136 2.96734 2.87443 2.29583 2.17825 2.17612 2.16380 2.14643 2.12727 2.05012 2.07158 2.07159 2.15427 2.50869 2.57844 2.50877 2.52636 2.45773 2.08365 2.07938 2.11104 2.12681 2.20602 2.20918 2.26834
4.34965 4.20130 4.04926 3.99291 3.88676 3.63818 3.58365 3.53462 3.51858 3.71869 3.79861 3.68726 3.56450 3.57716 3.43636 3.54107 3.68680 3.84694 5.18555 5.67569 5.28001 4.68345 4.31779 4.12612 4.11454 4.11052 4.10638 4.09126 3.99578 3.85271 3.83340 3.69723 3.65989 3.46921 3.60601 3.60601 3.81743 3.72844 3.11004 3.08543 3.21949 3.39220 3.16948 3.09433 2.52452 2.24433 2.25650 2.25650 2.24433 2.23012 2.12727 2.16224 2.31859 2.45706 2.74170 3.04532 2.80350 2.71372 2.77111 2.12621 2.15443 2.22747 2.28235 2.28724 2.28233 2.29599
3.73274 3.79218 3.72901 3.66789 3.65574 3.51335 3.49985 3.46268 3.42157 3.48776 3.62958 3.56978 3.60980 3.75486 3.76904 3.89647 3.96420 3.85905 4.26269 4.28347 4.17505 3.96094 3.96990 4.10175 4.01794 3.86949 3.71505 3.57239 3.54875 3.54676 3.68183 3.68183 3.67908 3.52175 3.64644 3.64210 3.82454 3.82226 3.18754 3.04129 3.14434 3.33002 3.15194 3.14268 2.60806 2.27185 2.26706 2.30233 2.39438 2.52094 2.75205 2.94759 3.04583 3.15831 3.24796 3.33424 3.31353 3.33493 3.38702 2.56277 2.23869 2.24914 2.28373 2.28822 2.28373 2.29671
3.53641 3.59737 3.58662 3.52953 3.47450 3.36807 3.32446 3.37857 3.44137 3.54388 3.84098 3.84987 3.79303 3.80340 3.72417 3.80820 3.89978 3.77702 4.04695 4.12740 4.13962 3.84496 3.61622 3.52448 3.44100 3.43393 3.43393 3.43026 3.46724 3.46169 3.45259 3.44895 3.44722 3.35476 3.44712 3.44409 3.60122 3.59625 3.22634 2.92894 2.88032 3.10253 2.95849 2.99236 2.63218 2.70781 2.90403 3.09797 3.22507 3.36464 3.44402 3.48321 3.51325 3.56822 3.57963 3.56373 3.52443 3.42265 3.42265 2.90943 2.21347 2.22899 2.26723 2.27331 2.26476 2.28078
