High_resolution/powerplant/Fengdu/OMI_NO2_2006_06-08.asc
ncols      200
nrows      200
xllcorner       105.978
yllcorner       28.1831
cellsize     0.0166667
NODATA_Value      -999.000
[rows 29 to 57 of 200, columns 0 to 66 of 200]
3.37680 3.38553 3.10555 3.14018 3.02745 3.03421 2.98545 2.89853 2.94103 2.97661 3.02047 3.04857 3.06672 2.90201 2.89801 3.06343 3.13881 3.32755 3.36107 3.18096 3.21734 3.32639 3.31414 3.38020 3.28295 3.35484 3.23002 3.30172 3.35449 3.56967 3.26496 3.27762 3.15822 3.11289 3.03597 2.99057 2.87486 2.91498 2.84520 2.77280 2.78977 2.54138 2.50451 2.44437 2.56755 2.61420 2.75197 2.71149 2.81007 2.88747 2.94945 2.94017 2.92342 3.14749 3.25022 3.32954 3.22051 3.24606 3.16601 3.25406 3.18844 3.31240 3.36011 3.36345 3.42974 3.41874 3.43870
3.42670 3.42665 3.10632 3.11119 3.05484 3.14929 3.22569 3.17785 3.18878 3.17123 3.16318 3.16224 3.12608 3.05139 2.99577 3.12563 3.19722 3.37931 3.32831 3.12959 3.12397 3.25597 3.26404 3.27281 3.15710 3.20726 3.13771 3.14432 3.15242 3.34816 3.01140 3.11190 2.99753 2.97989 2.87309 2.83858 2.71076 2.76754 2.73512 2.70841 2.75812 2.67743 2.58630 2.53654 2.65700 2.70407 2.86000 2.86606 2.92526 3.13186 3.17274 3.13790 3.03456 3.14918 3.31039 3.38611 3.29528 3.30567 3.24574 3.32551 3.27416 3.35404 3.47971 3.52851 3.71398 3.75116 3.73242
3.54124 3.61142 3.33695 3.22500 3.10393 3.12604 3.15808 3.11985 3.13143 3.13061 3.12592 3.12592 3.09291 3.07188 2.89263 2.97635 3.05984 3.23493 3.19315 3.09422 3.06942 3.19830 3.26466 3.27808 3.19772 3.21697 3.21014 3.05348 3.02912 3.19881 2.85012 3.00392 2.90532 2.94910 2.87217 2.92172 2.88159 2.91058 2.86395 2.81395 2.82421 2.78749 2.62979 2.74408 2.83184 2.80434 2.95775 2.96769 2.93105 3.19959 3.21284 3.19765 3.10065 3.18003 3.36662 3.52265 3.51163 3.58525 3.55521 3.64909 3.63835 3.70335 3.75246 3.77189 3.88516 3.86439 3.73343
3.55446 3.42645 3.24282 3.14301 3.06371 3.06260 3.10827 3.10045 3.12782 3.13992 3.14721 3.15547 3.15677 3.19028 2.87521 2.80961 2.95778 3.02643 3.07662 3.02796 3.00439 3.14482 3.22217 3.28580 3.22906 3.05849 3.03671 2.90834 2.94157 3.09052 2.94633 3.07476 2.93060 2.89498 2.85857 2.90892 2.89374 2.89037 2.87262 2.84920 2.88151 2.85788 2.68100 2.70959 2.83323 2.80535 2.92684 2.99524 2.96970 3.22778 3.32224 3.34070 3.32583 3.44088 3.56169 3.73022 3.64959 3.72106 3.53116 3.54959 3.43005 3.49190 3.72887 3.81277 3.98695 4.02750 3.93849
3.60077 3.47260 3.29448 3.22341 3.15822 3.13282 3.16274 3.14804 3.15135 3.13952 3.12615 3.15905 3.15645 3.19341 2.96184 2.79129 2.93963 2.98434 3.07400 3.15981 3.26436 3.39881 3.41451 3.48500 3.43709 3.21070 3.31068 3.13694 2.94821 2.94569 2.84863 2.84644 2.76427 2.78848 2.86746 3.03228 3.03385 3.01965 2.99537 2.95379 2.99304 2.96029 2.86892 2.88072 3.06538 3.07975 3.16020 3.27469 3.33760 3.49720 3.60534 3.56162 3.54338 3.54255 3.56555 3.78783 3.70707 3.88043 3.63198 3.70188 3.74119 3.77925 3.94940 4.05666 4.31483 4.49300 4.46354
3.43794 3.27806 3.11859 3.12603 3.02771 2.99270 3.04197 3.04166 3.04691 3.04526 3.04746 3.09662 3.09758 3.13340 3.01878 2.73914 2.90693 3.06690 3.17045 3.07158 3.23222 3.36982 3.26745 3.21469 3.07342 2.60466 2.50950 2.77246 2.76301 2.76948 2.80363 2.82852 2.77460 2.80426 2.82315 3.00393 2.98080 2.96446 2.93865 2.89314 2.93002 2.91403 2.93462 2.95275 3.00021 3.00195 2.98756 3.13058 3.16482 3.29077 3.46834 3.43093 3.51750 3.53530 3.56976 4.03300 4.09314 4.20249 4.03875 4.23449 4.35016 4.62200 4.84777 4.96397 5.16067 5.26723 5.13806
3.43401 3.25733 3.11103 3.27234 3.11866 3.05378 3.10402 3.13912 3.13035 3.10979 3.10556 3.15376 3.16532 3.21740 3.20333 2.98204 2.98569 3.11319 3.20647 2.95185 3.03972 2.80606 2.47685 2.54247 2.62559 2.40092 2.42844 2.61246 2.76474 2.69365 2.78647 2.76175 2.69458 2.71603 2.72084 2.85803 2.87910 2.85168 2.85787 2.81501 2.85006 2.84984 2.84867 2.84085 2.85685 2.86786 2.82232 3.04133 3.09356 3.23280 3.47350 3.53387 3.68352 3.73752 3.83457 4.38657 4.71308 4.96532 4.97609 5.09982 5.20804 5.41609 5.45195 5.56021 5.70211 5.70213 5.56752
3.55973 3.31729 3.12235 3.28750 3.14656 3.03793 3.10890 3.18573 3.21000 3.18710 3.19965 3.23910 3.23928 3.29744 3.33510 3.17110 3.19603 3.06529 3.17419 3.12364 3.06911 2.92631 2.46237 2.46239 2.52611 2.37162 2.37234 2.39399 2.75045 2.64498 2.71526 2.73939 2.67582 2.72882 2.77575 2.89406 2.99061 2.95587 2.96662 2.94297 2.98177 2.98173 2.98788 3.00805 3.01861 3.06637 3.01113 3.22668 3.31645 3.38314 3.56720 3.77288 4.01261 4.32340 4.39499 4.65567 4.96029 5.06528 5.04985 5.13025 5.37376 5.69593 5.64554 5.64366 5.71663 5.69975 5.62678
3.56528 3.36094 3.28272 3.45930 3.35164 3.19635 3.25380 3.29104 3.27263 3.23198 3.28913 3.41165 3.48389 3.56312 3.55842 3.40635 3.35871 3.24719 3.18418 3.21166 3.07972 3.02766 2.58770 2.46859 2.55165 2.40518 2.37977 2.38056 2.71113 2.69058 2.77599 2.92335 2.87727 2.89780 2.90484 2.96000 3.08439 3.04941 2.99371 2.97780 3.01816 3.02439 3.04039 3.03455 3.06830 3.18806 3.17927 3.33452 3.54967 3.66842 3.75435 3.98914 4.13123 4.30238 4.42100 4.53010 4.96179 5.10481 5.10259 5.16162 5.26520 5.62325 5.61853 5.62074 5.67762 5.68200 5.60716
3.48624 3.46433 3.33649 3.47485 3.61966 3.35232 3.44584 3.55140 3.60232 3.53026 3.54611 3.57641 3.54611 3.57641 3.54611 3.42647 3.34621 3.35318 3.19928 3.32287 3.08985 3.13144 2.74368 2.57694 2.63242 2.55198 2.51620 2.47873 2.56825 2.69637 2.64996 2.86381 2.84093 2.85798 2.83487 2.84984 2.94945 2.94965 2.86775 2.86274 2.92153 2.95067 3.00129 2.97861 3.18787 3.19338 3.17675 3.24576 3.40192 3.63420 3.65022 3.94342 4.09493 4.21873 4.25753 4.36069 4.81027 5.09267 5.12547 5.14792 5.16968 5.56661 5.58700 5.56689 5.54266 5.54995 5.47457
3.38871 3.57821 3.41870 3.40098 3.74926 3.60493 3.54942 3.58122 3.58122 3.53205 3.52476 3.56487 3.54475 3.58657 3.53615 3.46602 3.27275 3.30721 3.10282 3.31513 3.03913 3.08792 2.88843 2.58185 2.53626 2.46175 2.42495 2.37940 2.43446 2.65827 2.68468 2.90305 2.78280 2.75574 2.76072 2.80267 2.88891 2.99557 3.01434 2.99139 3.01854 3.00648 2.97658 2.91026 3.13315 3.21532 3.20992 3.21081 3.32327 3.46332 3.56241 3.71346 3.94839 4.08476 4.06867 4.14249 4.40723 4.90195 4.88542 4.97216 5.01457 5.28033 5.39893 5.35530 5.26147 5.11624 4.96708
2.95838 3.54686 3.33557 3.28663 3.69466 3.62828 3.53728 3.58241 3.59845 3.60854 3.60623 3.63388 3.61683 3.65055 3.61252 3.57323 3.35434 3.35156 3.20506 3.31575 3.12249 3.07257 2.91370 2.62850 2.63224 2.69323 2.73397 2.76131 2.83404 3.02535 3.07516 3.09774 2.96586 2.89411 2.89862 2.91863 2.93180 3.12297 3.12941 3.07645 3.07870 3.08130 3.06988 2.98682 3.14530 3.29865 3.28607 3.28712 3.36856 3.45288 3.69358 3.78941 4.01256 4.14639 4.07387 4.19320 4.21039 4.87545 4.90726 4.96263 4.94244 5.04158 5.13980 5.10622 5.00270 4.78391 4.80373
1.90730 3.53586 3.40001 3.33922 3.72669 3.79267 3.60681 3.63767 3.65398 3.66720 3.63941 3.67613 3.67137 3.63876 3.59378 3.53135 3.38027 3.38373 3.35357 3.37425 3.38467 3.33135 3.21696 3.01250 2.92083 2.92552 2.92107 2.91608 2.92352 3.01616 3.07064 3.07154 2.98249 2.80801 2.76680 2.78581 2.75958 2.96812 3.06427 3.03150 3.03174 3.04457 3.04537 2.94932 3.00518 3.22131 3.20956 3.31556 3.30589 3.30432 3.59892 3.74367 3.99831 4.17788 4.10935 4.29462 4.27491 4.83355 4.91975 4.93022 4.94479 5.00401 5.18624 5.13320 5.02185 4.72870 4.73877
1.66889 3.62178 3.62234 3.51541 3.76763 3.93767 3.77892 3.78556 3.77954 3.74636 3.62927 3.63885 3.59862 3.58976 3.52740 3.47451 3.41385 3.60676 3.59370 3.42251 3.42392 3.37799 3.28246 3.03189 2.95891 2.95952 2.95799 2.93340 2.92328 2.96566 3.02658 3.04128 3.00166 2.84238 2.78698 2.87188 2.84669 2.96021 3.14207 3.11805 3.11024 3.00909 3.03301 2.92875 2.94302 3.16692 3.10916 3.22248 3.15512 3.30586 3.78657 4.10393 4.32165 4.50128 4.48187 4.61536 4.62703 4.89093 4.92169 4.79051 4.65600 4.59568 4.83404 4.79549 4.72474 4.47174 4.43012
1.94704 2.82196 3.76452 3.59745 3.75401 3.98061 3.86170 3.76977 3.68745 3.66331 3.54324 3.50366 3.43571 3.41171 3.34448 3.32058 3.29920 3.51350 3.54366 3.41563 3.36366 3.26717 3.19643 2.96473 2.94051 2.91839 2.90513 2.85157 2.83330 2.85822 2.99889 3.06297 3.03376 2.94380 2.81900 2.85578 2.82378 2.86365 3.18467 3.20344 3.16100 3.02780 3.02333 2.93242 3.02397 3.27404 3.42211 3.35981 3.26100 3.78166 4.09282 4.35318 4.40160 4.44262 4.42258 4.39301 4.34724 4.48280 4.69558 4.68289 4.66497 4.66974 4.58323 4.57746 4.57746 4.40829 4.36271
2.36267 3.15266 3.53474 3.40889 3.40762 3.55661 3.63763 3.57558 3.47702 3.48212 3.45376 3.44132 3.36867 3.34256 3.21762 3.14594 3.04659 3.20686 3.37561 3.32375 3.26458 3.23895 3.18076 2.94244 2.87400 2.85563 2.84091 2.80607 2.79569 2.80552 2.95398 3.06088 3.05403 2.98353 2.80376 2.83679 2.79996 2.80782 3.22258 3.29053 3.39243 3.37838 3.48601 3.42524 3.37677 3.61911 3.77204 3.57703 3.45871 3.73825 4.05634 4.26055 4.35506 4.39809 4.43891 4.46475 4.43292 4.48821 4.76400 4.74641 4.73641 4.72742 4.62654 4.55621 4.45688 4.27382 4.14660
2.23079 2.12456 3.28498 3.10518 3.09014 3.31536 3.50625 3.45525 3.38380 3.36797 3.23720 3.13529 2.98842 2.93623 2.85523 2.94754 2.97968 3.06409 3.28116 3.27119 3.18637 3.18519 3.12043 2.93978 2.83576 2.82357 2.78933 2.75142 2.72644 2.72466 2.82730 2.98610 2.99150 2.96233 2.69796 2.74050 2.81072 2.93781 3.31269 3.56690 3.59589 3.45969 3.47113 3.44442 3.33496 3.48531 3.60820 3.51174 3.63044 3.83311 4.31016 4.34214 4.46985 4.56368 4.62227 4.66235 4.65067 4.71680 4.93177 4.85726 4.68039 4.46917 4.29958 4.24218 4.20940 4.15358 4.03196
2.32681 2.22985 3.27167 3.14624 3.07865 3.16782 3.25123 3.13379 3.04164 3.03577 2.98767 2.96209 2.90237 2.88570 2.81839 2.89051 2.96392 3.00423 3.22397 3.25798 3.16149 3.14789 3.09275 2.98478 2.90610 2.90705 2.89166 2.84595 2.81015 2.82990 2.88300 3.12518 3.27671 3.41884 3.33105 3.42099 3.40599 3.42535 3.59666 3.84389 3.82611 3.75624 3.75663 3.77605 3.63184 3.79544 3.83992 3.66010 3.66610 3.70161 4.30917 4.29413 4.39719 4.44461 4.47909 4.38992 4.27229 4.14350 4.14804 4.25119 4.22577 4.15777 4.19309 4.26592 4.29545 4.27176 4.03832
0.769233 1.39656 2.53813 2.72229 2.74322 2.84488 2.90384 2.90618 2.88472 2.91902 2.88554 2.85463 2.79884 2.77992 2.73539 2.77993 2.90050 2.95114 3.08604 3.18591 3.11390 3.05177 3.02654 2.97192 2.95300 2.94304 2.96525 2.95908 2.99133 3.21732 3.39975 3.69576 3.84720 3.78142 3.53940 3.40561 3.36893 3.39125 3.45456 3.70406 3.72194 3.69357 3.76510 3.76533 3.61020 3.69914 3.90172 3.79559 3.78952 3.70021 4.14931 4.14374 4.22469 4.25842 4.07314 4.01374 3.98302 3.97358 4.04289 4.28696 4.31038 4.26319 4.20010 4.13911 4.09843 3.97242 3.69198
0.811330 1.13671 2.37614 2.57740 2.69233 2.76966 2.84456 2.88719 2.84468 2.88132 2.86699 2.83613 2.77933 2.76430 2.72556 2.75460 2.89257 2.96344 3.04315 3.18821 3.14989 3.03723 3.06789 3.09904 3.11700 3.31038 3.52397 3.60934 3.72017 3.80953 3.84083 4.02104 4.08852 4.10001 3.92113 3.73595 3.70557 3.72445 3.67628 3.74506 3.80552 3.79573 3.90897 3.87653 3.72790 3.87026 3.78103 3.60271 3.54877 3.68856 3.98283 4.10908 4.18045 4.24979 4.15846 4.11002 4.13217 4.17679 4.21443 4.25748 4.12653 4.00631 3.88951 3.86716 3.88593 3.82116 3.66972
0.297550 0.949067 1.35684 2.52715 2.69551 2.75583 2.80876 2.81431 2.79045 2.82799 2.81490 2.80410 2.74447 2.73748 2.69422 2.70193 2.80831 2.91731 2.92939 3.18685 3.18934 3.18352 3.66935 3.92759 4.15494 4.20566 4.22294 4.12465 3.98816 3.98214 3.97252 4.13798 4.14218 4.25984 4.11347 3.87620 3.80532 3.90628 3.90807 3.94850 3.91946 3.86013 3.92496 3.84138 3.63521 3.75749 3.70637 3.52764 3.60959 3.83710 3.93219 4.20753 4.26891 4.37842 4.36156 4.24676 4.16194 4.15372 4.12284 4.05542 3.84438 3.77585 3.68082 3.66918 3.72400 3.73602 3.68908
0.311075 0.745543 1.21675 2.41910 2.52468 2.58145 2.66390 2.69359 2.68044 2.70311 2.68360 2.64975 2.59476 2.58847 2.57715 2.59201 2.62517 2.77318 2.77478 3.00437 3.02705 3.15255 4.00697 4.17562 4.26561 4.23319 4.17761 4.07591 3.94955 3.94650 4.01413 4.20326 4.47170 4.61281 4.40974 4.19807 4.02025 4.09604 4.13098 4.14401 4.17892 4.15709 4.23294 4.19101 4.10481 4.22939 4.22336 4.10450 4.26935 4.31315 4.13924 4.11049 4.18721 4.29597 4.39452 4.23947 4.23172 4.24867 4.02212 4.05111 3.86674 3.88413 3.81005 3.82175 3.78504 3.77159 3.73641
0.226360 0.757310 1.20258 2.43433 2.48773 2.53757 2.59430 2.62587 2.62104 2.63930 2.61979 2.61641 2.61950 2.62630 2.59564 2.58157 2.51545 2.61249 2.55263 2.73142 2.94050 3.08417 3.77124 4.02656 4.11827 4.11680 4.07526 4.23337 4.28133 4.30666 4.40198 4.45327 4.79323 4.94271 4.84193 4.60458 4.34692 4.40859 4.43167 4.40244 4.44883 4.43154 4.45492 4.51135 4.49002 4.65613 4.59765 4.47269 4.50628 4.45488 4.41701 4.25482 4.45950 4.62313 4.79032 4.66989 4.54286 4.53137 4.10223 4.15439 3.99092 3.92888 3.85469 3.82519 3.79625 3.73345 3.68631
0.169538 0.695599 0.914419 1.42382 2.46868 2.47987 2.53192 2.57657 2.59352 2.60770 2.56583 2.50692 2.49509 2.48250 2.49662 2.55064 2.54024 2.64503 2.65711 2.74469 3.04524 3.06198 3.52258 3.91736 4.01046 4.07191 3.95528 4.06308 4.19726 4.23133 4.29237 4.34423 4.54002 4.72953 4.82528 4.81113 4.46600 4.49712 4.51428 4.53163 4.62433 4.79732 4.84803 4.91167 4.82131 4.93839 4.88561 4.93120 4.93511 4.99873 5.23447 4.96720 5.07371 4.93134 4.81590 4.74043 4.50218 4.49449 4.08559 4.04380 3.97754 3.79171 3.73889 3.69922 3.69404 3.65121 3.68488
0.163017 0.201831 0.685359 1.31140 2.51115 2.40327 2.45695 2.49317 2.52464 2.55714 2.61064 2.55176 2.59247 2.63987 2.62591 2.65415 2.61403 2.65813 2.67210 2.69567 2.99535 3.03089 3.34828 3.92223 3.99927 4.06897 3.92952 3.90616 4.07461 4.13214 4.20229 4.28620 4.40032 4.60811 4.87029 4.87751 4.74409 4.81886 4.89322 4.82526 4.96951 5.12193 5.14475 5.36738 5.36599 5.54234 5.42235 5.61029 5.45861 5.26423 5.40197 5.08234 5.05113 4.98951 4.78171 4.78176 4.43063 4.37344 4.19360 4.03168 4.10085 3.96032 3.96078 3.78712 3.77882 3.67001 3.66863
0.163017 0.209306 1.92161 2.27339 2.58217 2.54906 2.61874 2.68290 2.67829 2.69118 2.71731 2.64672 2.64073 2.69235 2.69787 2.73805 2.71600 2.76266 2.77397 2.77365 2.91183 3.02266 3.23097 3.73806 3.91552 3.98020 3.86488 3.82624 4.06024 4.12249 4.16707 4.35412 4.42645 4.76395 5.14505 4.99925 5.17879 5.34796 5.55138 5.64128 5.75439 5.35770 5.30748 5.54496 5.61425 5.62811 5.47183 5.56125 5.33417 5.07676 5.22090 5.10273 5.05061 5.04777 4.89062 4.84003 4.75388 4.59772 4.54115 4.14245 4.18802 3.95593 3.91638 3.75429 3.75483 3.70665 3.69420
1.38906 1.51694 2.74472 2.69749 2.67145 2.75573 2.73750 2.77213 2.76875 2.79111 2.83683 2.78703 2.73374 2.79843 2.78291 2.80519 2.77444 2.78340 2.82036 2.86129 2.96288 3.15880 3.25862 3.68486 3.99905 4.08754 3.95905 3.91980 4.13534 4.26078 4.29390 4.69124 4.83675 5.43492 5.97003 6.06360 5.95426 5.90163 6.03725 5.95389 6.15850 5.97953 5.72873 5.90376 6.01972 6.12987 6.03329 6.24801 5.83611 5.46030 5.52700 5.56309 5.32634 5.32017 5.23606 5.01527 5.04262 4.78371 4.56171 4.06782 4.03984 3.94805 3.92422 3.80769 3.73197 3.65848 3.56856
1.58554 1.65590 2.81807 2.85355 2.69119 2.86853 2.78810 2.79221 2.77822 2.81354 2.85487 2.84747 2.76275 2.84416 2.81697 2.88409 2.86248 2.88181 2.93971 2.92806 3.00099 3.16966 3.16806 3.55270 3.79943 4.01840 3.98595 4.13654 4.43014 4.79701 4.86249 5.12376 5.11629 5.41175 5.90826 6.09285 6.02603 6.08152 6.17651 6.10770 6.31883 6.60687 6.23941 6.36132 6.45584 6.46353 6.38605 6.48814 6.33855 5.65765 5.61412 5.74206 5.47148 5.35785 5.35367 5.05797 5.03227 4.84503 4.55941 4.25848 4.08067 3.95689 3.80377 3.66613 3.52421 3.52246 3.42302
1.71091 1.78500 1.71062 2.84960 2.69311 2.91315 2.87476 2.90581 2.91347 2.92499 2.91541 2.90399 2.84720 2.94885 2.89492 2.91342 2.88469 2.91771 2.99625 3.01511 3.07245 3.14215 3.16919 3.70786 4.25600 4.73474 4.52758 4.42692 4.50509 4.84832 4.80445 5.08305 5.20175 5.51251 6.32064 6.64282 6.44189 6.34578 6.33063 6.18220 6.30761 6.55098 5.99720 6.07667 6.18393 6.21094 6.08742 6.02003 6.15335 5.29558 5.20209 5.50213 5.44728 5.41484 5.59667 5.43123 5.35813 4.97789 4.54112 4.26871 3.94998 3.85396 3.61073 3.54772 3.37738 3.39898 3.32657
