High_resolution/powerplant/Fengdu/OMI_NO2_201106.asc
ncols      200
nrows      200
xllcorner       105.978
yllcorner       28.1831
cellsize     0.0166667
NODATA_Value      -999.000
[rows 120 to 149 of 200, columns 66 to 131 of 200]
0.679184 0.679184 0.679184 0.679184 0.679184 1.18131 1.51746 1.51746 1.51746 1.51746 1.51746 1.51746 1.51746 1.51746 1.51746 1.51746 1.50069 1.43021 1.35558 1.28108 1.20658 1.16721 1.16721 1.47430 1.96881 1.96881 1.96881 1.96881 1.96881 1.96881 1.96881 1.96881 1.96881 1.96881 1.96881 1.96881 1.96881 1.96881 1.96881 1.96881 1.96881 2.54280 2.71957 2.71957 2.71957 2.71957 2.71957 2.71957 2.71957 2.71957 2.71957 2.71957 2.71957 2.74187 2.85422 2.97607 3.09793 3.21978 2.53993 2.15920 2.15920 2.15920 2.15920 2.15920 2.15920 2.15920
0.679184 0.679184 0.679184 0.679184 0.679184 0.935839 1.51746 1.51746 1.51746 1.51746 1.51746 1.51235 1.45263 1.37813 1.30353 1.22899 1.17124 1.16721 1.16721 1.16721 1.16721 1.16721 1.16721 1.24584 1.96512 1.96881 1.96881 1.96881 1.96881 1.96881 1.96881 1.96881 1.96881 1.96881 1.96881 1.96881 1.96881 1.96881 1.96881 1.96881 1.96881 2.32752 2.71957 2.71957 2.71957 2.71957 2.71957 2.71957 2.74260 2.85544 2.97626 3.09793 3.21978 3.31934 3.32884 3.32884 3.32884 3.32884 2.87528 2.15920 2.15920 2.15920 2.15920 2.15920 2.15920 2.15920
0.679184 0.679184 0.679184 0.679184 0.679184 0.715733 1.49192 1.47509 1.40055 1.32601 1.25152 1.18199 1.16721 1.16721 1.16721 1.16721 1.16721 1.16721 1.16721 1.16721 1.16721 1.16721 1.16721 1.16721 1.81147 1.96881 1.96881 1.96881 1.96881 1.96881 1.96881 1.96881 1.96881 1.96881 1.96881 1.96881 1.96881 1.96881 1.96881 1.96881 1.96881 2.11213 2.71957 2.74260 2.85544 2.97729 3.09915 3.22100 3.31983 3.32884 3.32884 3.32884 3.32884 3.32884 3.32884 3.32884 3.32884 3.32884 3.20286 2.16177 2.15920 2.15920 2.15920 2.15920 2.15920 2.15920
0.679184 0.679184 0.741680 1.01828 1.31302 1.60776 1.38959 1.16721 1.16721 1.16721 1.16721 1.16721 1.16721 1.16721 1.16721 1.16721 1.16721 1.16721 1.16721 1.16721 1.16721 1.16721 1.16721 1.16721 1.57931 1.96881 1.96881 1.96881 1.96881 1.96881 1.96881 1.96881 1.96881 1.96881 1.96881 1.96881 1.96881 1.96881 1.96808 1.96324 1.95777 1.95522 3.08397 3.31983 3.32884 3.32884 3.32884 3.32884 3.32884 3.32884 3.32884 3.32884 3.32884 3.32884 3.32884 3.32884 3.32884 3.32884 3.32884 2.36613 2.15920 2.15920 2.15920 2.15920 2.15920 2.15920
1.47819 1.77293 2.00518 2.02319 2.02319 2.02319 1.65509 1.16721 1.16721 1.16721 1.16721 1.16721 1.16721 1.16721 1.16721 1.16721 1.16721 1.16721 1.16721 1.16721 1.16721 1.16721 1.16721 1.16721 1.34709 1.96881 1.96881 1.96881 1.96881 1.96881 1.96881 1.96881 1.96881 1.96842 1.96401 1.95854 1.95306 1.94758 1.94285 1.94221 1.94221 1.94221 2.79998 3.32884 3.32884 3.32884 3.32884 3.32884 3.32884 3.32884 3.32884 3.32884 3.32884 3.32884 3.32884 3.32884 3.32884 3.32884 3.32884 2.69630 2.15920 2.15920 2.15920 2.15920 2.15920 2.15920
2.02319 2.02319 2.02319 2.02319 2.02319 2.02319 1.90419 1.16729 1.16721 1.16721 1.16721 1.16721 1.16721 1.16721 1.16721 1.16721 1.16721 1.16721 1.16721 1.16721 1.16721 1.16721 1.16721 1.16721 1.17595 1.90773 1.96881 1.96881 1.96866 1.96478 1.95930 1.95383 1.94835 1.94327 1.94221 1.94221 1.94221 1.94221 1.94221 1.94221 1.94221 1.94221 2.40368 3.32884 3.32884 3.32884 3.32884 3.32884 3.32884 3.32884 3.32884 3.32884 3.32884 3.32884 3.32884 3.32884 3.32884 3.32884 3.32884 3.02649 2.15920 2.15920 2.15920 2.15920 2.15920 2.15920
2.02319 2.02319 2.02319 2.02319 2.02319 2.02319 2.02319 1.29742 1.16721 1.16721 1.16721 1.16721 1.16721 1.16721 1.16721 1.16721 1.16721 1.16721 1.16721 1.16721 1.16721 1.16721 1.16721 1.16728 1.20688 1.72088 1.95460 1.94913 1.94380 1.94221 1.94221 1.94221 1.94221 1.94221 1.94221 1.94221 1.94221 1.94221 1.94221 1.94221 1.94221 1.94221 2.02985 3.30721 3.32884 3.32884 3.32884 3.32884 3.32884 3.32884 3.32884 3.32884 3.32884 3.32884 3.32884 3.32884 3.32884 3.32884 3.32884 3.30030 2.21569 2.19213 2.36831 2.56121 2.75410 2.94709
2.02319 2.02319 2.02319 2.02319 2.02319 2.02319 2.02319 1.54662 1.16721 1.16721 1.16721 1.16721 1.16721 1.16721 1.16721 1.16721 1.16721 1.16721 1.16721 1.18718 1.25751 1.33015 1.40287 1.47548 1.50860 1.66320 1.94221 1.94221 1.94221 1.94221 1.94221 1.94221 1.94221 1.94221 1.94221 1.94221 1.94221 1.94221 1.94221 1.94221 1.94221 1.94221 1.94221 2.99993 3.32884 3.32884 3.32884 3.32884 3.32884 3.32884 3.32884 3.32884 3.32884 3.32884 3.32884 3.32884 3.32411 3.30245 3.27899 3.25553 3.05106 3.13730 3.15402 3.15402 3.15402 3.15402
2.02319 2.02319 2.02319 2.02319 2.02319 2.02319 2.02319 1.79584 1.16721 1.16721 1.16721 1.16721 1.16721 1.16721 1.17417 1.23535 1.30807 1.38075 1.45346 1.50621 1.50860 1.50860 1.50860 1.50860 1.50860 1.54251 1.93787 1.94221 1.94221 1.94221 1.94221 1.94221 1.94221 1.94221 1.94221 1.94221 1.94221 1.94221 1.94221 1.94221 1.94221 1.94221 1.94221 2.60391 3.32884 3.32884 3.32884 3.32884 3.32884 3.32884 3.32884 3.32396 3.30198 3.27858 3.25529 3.23183 3.21310 3.21154 3.21154 3.21154 3.18798 3.15402 3.15402 3.15402 3.15402 3.15402
2.02319 2.02319 2.02319 2.02319 2.02319 2.02319 2.02319 2.00196 1.21026 1.16786 1.21326 1.28594 1.35869 1.43134 1.49709 1.50860 1.50860 1.50860 1.50860 1.50860 1.50860 1.50860 1.50860 1.50860 1.50860 1.50860 1.84681 1.94221 1.94221 1.94221 1.94221 1.94221 1.94221 1.94221 1.94221 1.94221 1.94221 1.94221 1.94221 1.94221 1.94221 1.94221 1.94221 2.20761 3.32884 3.32884 3.32366 3.30167 3.27828 3.25482 3.23147 3.21302 3.21154 3.21154 3.21154 3.21154 3.21154 3.21154 3.21154 3.21154 3.20426 3.15404 3.15402 3.15402 3.15402 3.15402
2.02319 2.02319 2.02319 2.02319 2.02319 2.01982 2.00805 1.99589 1.58764 1.48132 1.50860 1.50860 1.50860 1.50860 1.50860 1.50860 1.50860 1.50860 1.50860 1.50860 1.50860 1.50860 1.50860 1.50860 1.50860 1.50860 1.72176 1.94221 1.94221 1.94221 1.94221 1.94221 1.94221 1.94221 1.94221 1.94221 1.94221 1.94221 1.94221 1.94221 1.94221 2.01293 2.38427 2.79616 3.29869 3.23113 3.21285 3.21154 3.21154 3.21154 3.21154 3.21154 3.21154 3.21154 3.21154 3.21154 3.21154 3.21154 3.21154 3.21154 3.21154 3.16310 3.15402 3.15402 3.15402 3.15402
2.02260 2.01332 2.00116 1.98899 1.97683 1.96803 1.96764 1.96764 1.78853 1.50860 1.50860 1.50860 1.50860 1.50860 1.50860 1.50860 1.50860 1.50860 1.50860 1.50860 1.50860 1.50860 1.50860 1.50860 1.50860 1.50860 1.59676 1.94221 1.94221 1.94221 1.94221 1.94221 1.94221 1.94221 1.94221 1.94221 1.98200 2.32517 2.73078 3.13698 3.54240 3.87808 3.91216 3.91216 3.47714 3.21154 3.21154 3.21154 3.21154 3.21154 3.21154 3.21154 3.21154 3.21154 3.21154 3.21154 3.21154 3.21154 3.21154 3.21154 3.21154 3.17942 3.15402 3.15402 3.15402 3.15402
1.97052 1.96764 1.96764 1.96764 1.96764 1.96764 1.96764 1.96764 1.92110 1.51048 1.50860 1.50860 1.50860 1.50860 1.50860 1.50860 1.50860 1.50860 1.50860 1.50860 1.50860 1.50860 1.50860 1.50860 1.50860 1.50860 1.51120 1.90275 1.94221 1.94221 1.94221 1.96014 2.26568 2.67168 3.07749 3.48330 3.84932 3.91216 3.91216 3.91216 3.91216 3.91216 3.91216 3.91216 3.67696 3.21154 3.21154 3.21154 3.21154 3.21154 3.21154 3.21154 3.21154 3.21154 3.21154 3.21154 3.21154 3.21154 3.21154 3.21154 3.21154 3.19573 3.15402 3.15402 3.15402 3.15402
2.05189 1.98850 1.96764 1.96764 1.96764 1.96764 1.96764 1.96764 1.96764 1.59841 1.50860 1.50860 1.50860 1.50860 1.50860 1.50860 1.50860 1.50860 1.50860 1.50860 1.50860 1.50860 1.50860 1.50860 1.50860 1.50860 1.50835 1.95818 2.61219 3.01820 3.42381 3.81209 3.91216 3.91216 3.91216 3.91216 3.91216 3.91216 3.91216 3.91216 3.91216 3.91216 3.91216 3.91216 3.86655 3.22191 3.21154 3.21154 3.21154 3.21154 3.21154 3.21154 3.21154 3.21154 3.21154 3.21154 3.21154 3.21154 3.21154 3.21154 3.21154 3.20975 3.15632 3.15402 3.12316 2.94612
2.11288 2.03895 1.96764 1.96764 1.96764 1.96764 1.96764 1.96764 1.96764 1.73282 1.50860 1.50860 1.50860 1.50860 1.50860 1.50860 1.50860 1.50860 1.50860 1.50860 1.50860 1.50860 1.49852 1.46982 1.44069 1.41155 1.38266 2.23154 3.91216 3.91216 3.91216 3.91216 3.91216 3.91216 3.91216 3.91216 3.91216 3.91216 3.91216 3.91216 3.91216 3.91216 3.91216 3.91216 3.91216 3.37569 3.21154 3.21154 3.21154 3.21154 3.21154 3.21154 3.21154 3.21154 3.21154 3.21154 3.21154 3.21154 3.21154 3.15986 2.92043 2.66394 2.48591 2.32648 2.16107 2.14236
2.11288 2.07670 1.96764 1.96764 1.96764 1.96764 1.96764 1.96764 1.96764 1.86725 1.50860 1.50860 1.50860 1.50860 1.50860 1.50860 1.50860 1.50448 1.47854 1.44939 1.42026 1.39113 1.37206 1.37166 1.37166 1.37166 1.37166 1.53782 3.87329 3.91216 3.91216 3.91216 3.91216 3.91216 3.91216 3.91216 3.91216 3.91216 3.91216 3.91216 3.91216 3.91216 3.91216 3.91216 3.91216 3.57586 3.21154 3.21154 3.21154 3.21154 3.21154 3.21154 3.21154 3.21154 3.15819 2.91786 2.66138 2.40490 2.15046 1.94617 1.92912 1.92912 2.02003 2.14236 2.14236 2.14236
2.11288 2.10613 1.97030 1.96764 1.96764 1.96764 1.96764 1.96764 1.96764 1.96355 1.54674 1.50860 1.50780 1.48725 1.45812 1.42900 1.39985 1.37485 1.37166 1.37166 1.37166 1.37166 1.37166 1.37166 1.37166 1.37166 1.37166 1.37166 3.30721 3.91216 3.91216 3.91216 3.91216 3.91216 3.91216 3.91216 3.91216 3.91216 3.91216 3.91216 3.91216 3.91216 3.91216 3.91216 3.91216 3.77545 3.21154 3.21154 3.21154 3.15485 2.91482 2.65881 2.40233 2.14585 1.94476 1.92912 1.92912 1.92912 1.92912 1.92912 1.92912 1.92912 1.96000 2.14236 2.14236 2.14236
2.11288 2.11288 2.01091 1.96764 1.96764 1.96764 1.96764 1.96764 1.95737 1.93023 1.60853 1.40856 1.38023 1.37166 1.37166 1.37166 1.37166 1.37166 1.37166 1.37166 1.37166 1.37166 1.37166 1.37166 1.37166 1.37166 1.37166 1.37166 2.57471 3.91216 3.91216 3.91216 3.91216 3.91216 3.91216 3.91216 3.91216 3.91216 3.91216 3.91216 3.91216 3.91216 3.91216 3.91216 3.84922 3.54255 2.70325 2.39977 2.14328 1.94348 1.92912 1.92912 1.92912 1.92912 1.92912 1.92912 1.92912 1.92912 1.92912 1.92912 1.92912 1.92912 1.92912 2.11326 2.14236 2.14236
2.11288 2.11288 2.05434 1.96510 1.94215 1.91478 1.88739 1.86003 1.84293 1.84268 1.68107 1.37166 1.37166 1.37166 1.37166 1.37166 1.37166 1.37166 1.37166 1.37166 1.37166 1.37166 1.37166 1.37166 1.37166 1.37166 1.37166 1.37166 1.84195 3.91216 3.91216 3.91216 3.91216 3.91216 3.91216 3.91216 3.91216 3.91216 3.91216 3.87402 3.59112 3.26405 2.93729 2.61038 2.34640 2.32287 2.07705 1.92912 1.92912 1.92912 1.92912 1.92912 1.92912 1.92912 1.92912 1.92912 1.92912 1.92912 1.92912 1.92912 1.92912 1.92912 1.92912 2.05326 2.14236 2.14236
2.08558 2.06734 2.02014 1.84711 1.84268 1.84268 1.84268 1.84268 1.84268 1.84268 1.81070 1.37844 1.37166 1.37166 1.37166 1.37166 1.37166 1.37166 1.37166 1.37166 1.37166 1.37166 1.37166 1.37166 1.37166 1.37166 1.37166 1.37166 1.37903 3.64261 3.91216 3.91216 3.91216 3.91216 3.89277 3.63610 3.30918 2.98243 2.65535 2.36658 2.32287 2.32287 2.32287 2.32287 2.32287 2.32287 2.18955 1.92912 1.92912 1.92912 1.92912 1.92912 1.92912 1.92912 1.92912 1.92912 1.92912 1.92912 1.92912 1.92912 1.92912 1.92912 1.92912 1.99328 2.14236 2.14236
2.02958 2.01761 1.98875 1.84605 1.84268 1.84268 1.84268 1.84268 1.84268 1.84268 1.84268 1.48295 1.37166 1.37166 1.37166 1.37166 1.37166 1.37166 1.37166 1.37166 1.37166 1.37166 1.37166 1.37166 1.37166 1.37166 1.37166 1.37166 1.37166 2.91081 3.68124 3.35432 3.02725 2.70065 2.39296 2.32287 2.32287 2.32287 2.32287 2.32287 2.32287 2.32287 2.32287 2.32287 2.32287 2.32287 2.29649 1.93471 1.92912 1.92912 1.92912 1.92912 1.92912 1.92912 1.92912 1.92912 1.92912 1.92912 1.92912 1.92912 1.92912 1.92912 1.92912 1.93882 2.13679 2.14236
1.86795 1.84268 1.84268 1.84268 1.84268 1.84268 1.84268 1.84268 1.84268 1.84268 1.84268 1.61937 1.37166 1.37166 1.37166 1.37166 1.37166 1.37166 1.37166 1.37166 1.37166 1.37166 1.37166 1.37166 1.37166 1.36803 1.35934 1.35062 1.34190 1.66140 2.32287 2.32287 2.32287 2.32287 2.32287 2.32287 2.32287 2.32287 2.32287 2.32287 2.32287 2.32287 2.32287 2.32287 2.32287 2.32287 2.32287 2.02027 1.92912 1.92912 1.92912 1.92912 1.92912 1.92912 1.92912 1.92912 1.92912 1.92912 1.92912 1.92912 1.92912 1.92912 1.96376 2.09386 1.87244 1.52429
1.84268 1.84268 1.84268 1.84268 1.84268 1.84268 1.84268 1.84268 1.84268 1.84268 1.84268 1.75583 1.37166 1.37166 1.37166 1.37166 1.37166 1.37166 1.37166 1.37166 1.37003 1.36198 1.35326 1.34454 1.33581 1.33073 1.33070 1.33070 1.33070 1.38517 2.30195 2.32287 2.32287 2.32287 2.32287 2.32287 2.32287 2.32287 2.32287 2.32287 2.32287 2.32287 2.32287 2.32287 2.32287 2.32287 2.32287 2.13277 1.92912 1.92912 1.92912 1.92912 1.92912 1.92912 1.92912 1.92912 1.92912 1.96376 2.09386 2.22946 2.36505 2.50064 2.60159 2.60708 1.94986 1.16718
1.84268 1.84268 1.84268 1.84268 1.84268 1.84268 1.84268 1.84268 1.84268 1.84268 1.84268 1.84141 1.42253 1.37166 1.37166 1.37125 1.36461 1.35589 1.34717 1.33845 1.33136 1.33070 1.33070 1.33070 1.33070 1.33070 1.33070 1.33070 1.33070 1.33070 2.07190 2.32287 2.32287 2.32287 2.32287 2.32287 2.32287 2.32287 2.32287 2.32287 2.32287 2.32287 2.32287 2.32287 2.32287 2.32287 2.32287 2.24523 1.92912 1.92912 1.92912 1.92912 1.96376 2.09386 2.22946 2.36505 2.50064 2.60159 2.60708 2.60708 2.60708 2.60708 2.60708 2.60708 2.35620 1.16718
1.84268 1.84268 1.84268 1.84268 1.84268 1.84268 1.84268 1.84268 1.84268 1.84268 1.84268 1.76726 1.45314 1.34981 1.34109 1.33278 1.33070 1.33070 1.33070 1.33070 1.33070 1.33070 1.33070 1.33070 1.33070 1.33070 1.33070 1.33070 1.33070 1.33070 1.78710 2.32287 2.32287 2.32287 2.32287 2.32287 2.32287 2.32287 2.32287 2.32287 2.32287 2.32287 2.32287 2.32287 2.32287 2.32287 2.32287 2.32229 2.10895 2.22946 2.36505 2.50064 2.60159 2.60708 2.60708 2.60708 2.60708 2.60708 2.60708 2.60708 2.60708 2.60708 2.60708 2.60708 2.60420 1.32485
1.84268 1.84268 1.84268 1.84268 1.84268 1.84268 1.81966 1.67553 1.51407 1.35238 1.19099 1.10480 1.17565 1.33070 1.33070 1.33070 1.33070 1.33070 1.33070 1.33070 1.33070 1.33070 1.33070 1.33070 1.33070 1.33070 1.33070 1.33070 1.33070 1.33070 1.50251 2.32287 2.32287 2.32287 2.32287 2.32287 2.32287 2.32287 2.32287 2.32287 2.32287 2.32287 2.32378 2.32912 2.33504 2.34097 2.34689 2.35139 2.51176 2.60708 2.60708 2.60708 2.60708 2.60708 2.60708 2.60708 2.60708 2.60708 2.60708 2.60708 2.60708 2.60708 2.60708 2.60708 2.60708 1.72805
1.84268 1.84187 1.74520 1.58373 1.42219 1.26065 1.12221 1.10472 1.10472 1.10472 1.10472 1.10472 1.11571 1.32480 1.33070 1.33070 1.33070 1.33070 1.33070 1.33070 1.33070 1.33070 1.33070 1.33070 1.33070 1.33070 1.33070 1.33070 1.33070 1.33070 1.33229 2.20849 2.32287 2.32287 2.32287 2.32287 2.32287 2.32338 2.32829 2.33421 2.34013 2.34606 2.35108 2.35167 2.35167 2.35167 2.35167 2.35167 2.43936 2.60708 2.60708 2.60708 2.60708 2.60708 2.60708 2.60708 2.60708 2.60708 2.60708 2.60708 2.60708 2.60708 2.60708 2.60708 2.60708 2.13393
1.33032 1.16966 1.10472 1.10472 1.10472 1.10472 1.10472 1.10472 1.10472 1.10472 1.10472 1.10472 1.10472 1.26989 1.33070 1.33070 1.33070 1.33070 1.33070 1.33070 1.33070 1.33070 1.33070 1.33070 1.33070 1.33070 1.33070 1.33070 1.33070 1.33070 1.33070 1.92551 2.32309 2.32745 2.33338 2.33930 2.34523 2.35065 2.35167 2.35167 2.35167 2.35167 2.35167 2.35167 2.35167 2.35167 2.35167 2.35167 2.36993 2.60401 2.60708 2.60708 2.60708 2.60708 2.60708 2.60708 2.60708 2.60708 2.60708 2.60708 2.60708 2.60708 2.60708 2.60708 2.60708 2.51723
1.10472 1.10472 1.10472 1.10472 1.10472 1.10472 1.10472 1.10472 1.10472 1.10472 1.10472 1.10472 1.10472 1.20404 1.33070 1.33070 1.33070 1.33070 1.33070 1.33070 1.33070 1.33070 1.33070 1.33070 1.33070 1.33070 1.33070 1.33070 1.42337 1.60487 1.78638 2.08700 2.35010 2.35167 2.35167 2.35167 2.35167 2.35167 2.35167 2.35167 2.35167 2.35167 2.35167 2.35167 2.35167 2.35167 2.35167 2.35167 2.35167 2.54983 2.60708 2.60708 2.60708 2.60708 2.60708 2.60708 2.60708 2.60708 2.60708 2.60708 2.60708 2.60708 2.60708 2.60708 2.60708 2.54360
1.10472 1.10472 1.10472 1.10472 1.10472 1.10472 1.10472 1.10472 1.10472 1.10472 1.10472 1.10472 1.10472 1.13815 1.33070 1.33070 1.33070 1.33070 1.33070 1.33070 1.33070 1.33070 1.33070 1.37686 1.55086 1.73236 1.91386 2.09520 2.18403 2.18403 2.18403 2.19239 2.34764 2.35167 2.35167 2.35167 2.35167 2.35167 2.35167 2.35167 2.35167 2.35167 2.35167 2.35167 2.35167 2.35167 2.35167 2.35167 2.35167 2.47734 2.60708 2.60708 2.60708 2.60708 2.60708 2.60708 2.60708 2.60708 2.60708 2.60708 2.54171 2.28360 2.01291 1.74466 1.47424 1.26702
