High_resolution/powerplant/Fengdu/OMI_NO2_201103.asc
ncols      200
nrows      200
xllcorner       105.978
yllcorner       28.1831
cellsize     0.0166667
NODATA_Value      -999.000
[rows 87 to 115 of 200, columns 0 to 65 of 200]
0.00000 0.00000 0.00000 12.9799 12.9799 12.9799 12.9799 12.9799 12.9799 12.9799 12.9799 12.9799 12.9799 12.9799 12.9799 12.9799 12.9799 12.9799 12.9799 12.9799 12.4188 11.6311 11.6311 11.6311 11.6311 11.6486 11.8895 12.1981 12.5073 12.8159 13.1189 13.2174 13.2174 13.2174 13.2174 13.2174 13.2174 8.29766 5.79998 5.79998 5.79998 5.79998 5.79998 5.79998 5.79998 5.79998 5.79998 5.79998 6.88397 8.56692 8.56692 8.56692 8.56692 8.49864 8.34457 8.34457 8.34457 8.35032 8.56360 8.88127 9.19808 9.51241 9.62243 9.62243 9.62243 9.62192
0.00000 0.00000 0.00000 12.9799 12.9799 12.9799 12.9799 12.9799 12.9799 12.9799 12.9799 12.9799 12.9799 12.9799 12.9799 12.9799 12.9799 12.9799 12.9799 12.9799 12.8672 11.9323 12.2403 12.5491 12.8579 13.1493 13.2174 13.2174 13.2174 13.2174 13.2174 13.2174 13.2174 13.2174 13.2174 13.2174 13.2174 10.4027 5.79998 5.79998 5.79998 5.79998 5.79998 5.79998 5.79998 5.79998 5.79998 5.79998 5.86398 8.44667 8.56692 8.56692 8.56692 8.56304 8.57651 8.88856 9.20687 9.51765 9.62243 9.62243 9.60839 9.53619 9.45807 9.37955 9.30143 9.22352
0.00000 0.00000 0.00000 12.9799 12.9799 12.9799 12.9799 12.9799 12.9799 12.9799 12.9799 12.9799 12.9799 12.9799 12.9799 13.0406 13.5224 14.0846 14.6468 15.2090 15.7105 13.6282 13.2174 13.2174 13.2174 13.2174 13.2174 13.2174 13.2174 13.2174 13.2174 13.2174 13.2174 13.2174 13.2174 13.2174 13.2174 12.4787 5.82668 5.79998 5.79998 5.79998 5.79998 5.79998 5.79998 5.79998 5.79998 5.79998 5.79998 7.91532 8.80128 9.11960 9.43587 9.74728 9.67870 9.57648 9.49827 9.41993 9.34171 9.26329 9.19916 9.19294 9.19294 9.19294 9.19294 9.21832
0.00000 0.00000 0.00000 0.00000 12.9799 12.9799 12.9799 12.9799 12.9799 12.9799 13.0406 13.5224 14.0846 14.6468 15.2090 15.7105 15.7909 15.7909 15.7909 15.7909 15.7909 14.3660 13.2174 13.2174 13.2174 13.2174 13.2174 13.2174 13.2174 13.2174 13.2174 13.2174 13.2174 13.2174 13.2174 13.2174 13.2174 13.2174 7.19431 5.79998 5.79998 5.79998 5.79998 5.79998 5.79998 5.79998 5.79998 5.79998 5.79998 7.62668 9.70342 9.54911 9.39479 9.24055 9.15763 9.19294 9.19294 9.19294 9.19294 9.19294 9.19294 9.19294 9.19294 9.19294 9.19294 9.19718
0.00000 0.00000 0.00000 0.00000 12.9799 13.0406 13.5224 14.0846 14.6468 15.2090 15.7105 15.7909 15.7909 15.7909 15.7909 15.7909 15.7909 15.7909 15.7909 15.7909 15.7909 15.1039 13.2174 13.2174 13.2174 13.2174 13.2174 13.2174 13.2174 13.2174 13.2174 13.2174 13.2174 13.2174 13.2174 13.2174 13.2174 13.2174 9.29841 5.79998 5.79998 5.79998 5.79998 5.79998 5.71733 5.42001 5.11137 4.80274 4.49427 4.50714 8.90443 9.02482 9.02482 9.02482 9.05670 9.19294 9.19294 9.19294 9.19294 9.19294 9.19294 9.19294 9.19294 9.19294 9.19294 9.19294
0.00000 0.00000 0.00000 0.00000 15.1386 15.7105 15.7909 15.7909 15.7909 15.7909 15.7909 15.7909 15.7909 15.7909 15.7909 15.7909 15.7909 15.7909 15.7909 15.7909 15.7909 15.7230 13.3368 13.2174 13.2174 13.2174 13.2174 13.2174 13.2174 13.2174 13.2174 13.2174 13.2174 13.2174 13.2174 13.2174 13.2174 13.2174 11.4013 5.63123 5.32276 5.01413 4.70566 4.39702 4.17121 4.16005 4.16005 4.16005 4.16005 4.16005 8.05619 9.02482 9.02482 9.02482 9.02539 9.17679 9.19294 9.19294 9.19294 9.19294 9.19294 9.19294 9.19294 9.19294 9.19294 9.19294
0.00000 0.00000 0.00000 0.00000 15.7909 15.7909 15.7909 15.7909 15.7909 15.7909 15.7909 15.7909 15.7909 15.7909 15.7909 15.7909 15.7909 15.7909 15.7909 15.7909 15.7909 15.7909 14.0078 13.2174 13.2174 13.2174 13.2174 13.2174 13.2174 13.2174 13.2174 13.2174 13.2174 13.2341 13.8269 14.7042 15.5815 16.4589 17.0865 4.94439 4.16005 4.16005 4.16005 4.16005 4.16005 4.16005 4.16005 4.16005 4.16005 4.16005 6.69798 9.02482 9.02482 9.02482 9.02482 9.12989 9.19294 9.19294 9.19294 9.19294 9.19294 9.19294 9.19294 9.19294 9.18019 9.00861
0.00000 0.00000 0.00000 0.00000 0.00000 15.7909 15.7909 15.7909 15.7909 15.7909 15.7909 15.7909 15.7909 15.7909 15.7909 15.7909 15.7909 15.7909 15.7909 15.7909 15.7909 15.7909 14.7458 13.2174 13.2174 13.2174 13.2174 13.2174 13.2684 13.9547 14.8325 15.7098 16.5875 17.4477 17.7326 17.7326 17.7326 17.7326 17.7326 8.54268 4.16005 4.16005 4.16005 4.16005 4.16005 4.16005 4.16005 4.16005 4.16005 4.16005 4.71425 8.96873 9.02482 9.02482 9.02482 9.08264 9.19294 9.19294 9.19294 9.19294 9.17780 9.00250 8.78250 8.56249 8.35577 8.30761
0.00000 0.00000 0.00000 0.00000 0.00000 15.7909 15.7909 15.7909 15.7909 15.7909 15.7909 15.7909 15.7909 15.7909 15.7909 15.7909 15.7909 15.7909 15.7909 15.7909 15.7909 15.7909 15.4813 13.3238 14.0834 14.9607 15.8380 16.7158 17.5421 17.7326 17.7326 17.7326 17.7326 17.7326 17.7326 17.7326 17.7326 17.7326 17.7326 12.3923 4.16005 4.16005 4.16005 4.16005 4.16005 4.16005 4.16005 4.16005 4.16005 4.16005 4.16005 8.24142 9.02482 9.02482 9.02482 9.03710 9.17383 8.99595 8.77648 8.55630 8.35152 8.30761 8.30761 8.33564 8.50261 8.68844
0.00000 0.00000 0.00000 0.00000 0.00000 15.7909 15.7909 15.7909 15.7909 15.7909 15.7909 15.7909 15.7909 15.7909 15.7909 15.7909 15.7909 15.7909 15.7635 15.5680 15.3438 15.1197 14.8956 17.1254 17.7326 17.7326 17.7326 17.7326 17.7326 17.7326 17.7326 17.7326 17.7326 17.7326 17.7326 17.7326 17.7326 17.7326 17.7326 16.2194 4.18584 4.16005 4.16005 4.16005 4.16005 4.16005 4.16005 4.16005 4.16005 4.16005 4.16005 6.97646 9.00535 8.82129 8.60208 8.38216 8.31033 8.30761 8.40557 8.59160 8.77754 8.96367 9.14991 9.30791 9.32697 9.32697
0.00000 0.00000 0.00000 0.00000 0.00000 0.00000 15.7909 15.7909 15.7909 15.7909 15.7909 15.7909 15.7909 15.7635 15.5680 15.3438 15.1197 14.8956 14.6990 14.6704 14.6704 14.6704 14.6704 16.3460 17.7326 17.7326 17.7326 17.7326 17.7326 17.7326 17.7326 17.7326 17.7326 17.7326 17.7326 17.7326 17.7326 17.7326 17.7326 17.7326 6.52008 4.16005 4.16005 4.16005 4.16005 4.16005 4.16005 4.16005 4.54596 8.49085 11.9085 13.7440 8.27664 8.72665 9.39298 10.0586 9.90115 9.23880 9.32697 9.32697 9.32697 9.32697 9.32697 9.32697 9.32697 9.32697
0.00000 0.00000 0.00000 0.00000 0.00000 0.00000 15.7909 15.7909 15.7635 15.5680 15.3438 15.1197 14.8956 14.6990 14.6704 14.6704 14.6704 14.6704 14.6704 14.6704 14.6704 14.6704 14.6704 15.4709 17.7326 17.7326 17.7326 17.7326 17.7326 17.7326 17.7326 17.7326 17.7326 17.7326 17.7326 17.7326 17.7326 17.7326 17.7326 17.7326 10.3736 4.16005 4.16005 4.16005 4.37704 8.11494 11.6547 14.3189 16.6796 17.6487 18.3147 18.9811 13.3265 11.6744 11.6744 11.6744 11.1596 9.32697 9.32697 9.32697 9.32697 9.32697 9.32697 9.32697 9.32697 9.32697
0.00000 0.00000 0.00000 0.00000 0.00000 0.00000 15.2739 14.8956 14.6990 14.6704 14.6704 14.6704 14.6704 14.6704 14.6704 14.6704 14.6704 14.6704 14.6704 14.6704 14.6704 14.6704 14.6704 14.7457 17.5850 17.7326 17.7326 17.7326 17.7326 17.7326 17.7326 17.7326 17.7326 17.7326 17.7326 17.7326 17.7326 17.7326 17.7326 17.7326 14.2775 7.72792 11.8560 15.1279 17.4881 18.5205 19.1864 19.6937 19.7255 19.7255 19.7255 19.7255 15.9793 11.6744 11.6744 11.6744 11.6477 9.49411 9.32697 9.32697 9.32697 9.32697 9.32697 9.32697 9.32697 9.32697
0.00000 0.00000 0.00000 0.00000 0.00000 0.00000 0.00000 14.6704 14.6704 14.6704 14.6704 14.6704 14.6704 14.6704 14.6704 14.6704 14.6704 14.6704 14.6704 14.6704 14.6704 14.6704 14.6704 14.6704 16.7876 17.7326 17.7326 17.7326 17.7326 17.7326 17.7326 17.7326 17.7326 17.7326 17.7326 17.7326 17.7431 19.2915 21.6850 23.8201 25.4511 19.5944 19.7255 19.7255 19.7255 19.7255 19.7255 19.7255 19.7255 19.7255 19.7255 19.7255 18.5050 11.6744 11.6744 11.6744 11.6744 10.1225 9.32697 9.32697 9.32697 9.32697 9.32697 9.32697 9.32697 9.32697
0.00000 0.00000 0.00000 0.00000 0.00000 0.00000 0.00000 14.6704 14.6704 14.6704 14.6704 14.6704 14.6704 14.6704 14.6704 14.6704 14.6704 14.6704 14.6704 14.6704 14.6704 14.6704 14.6704 14.6704 15.9127 17.7326 17.7326 17.7326 17.7326 17.7326 17.7326 17.7326 17.7326 19.4807 22.5749 25.2375 27.5218 28.2211 28.2211 28.2211 28.2211 21.2667 19.7255 19.7255 19.7255 19.7255 19.7255 19.7255 19.7255 19.7255 19.7255 19.7255 19.7255 12.9803 11.6744 11.6744 11.6744 10.7781 9.32697 9.32697 9.32697 9.32697 9.32697 9.32579 9.31920 9.31196
0.00000 0.00000 0.00000 0.00000 0.00000 0.00000 0.00000 14.6704 14.6704 14.6704 14.6704 14.6704 14.6704 14.6704 14.6704 14.6704 14.6704 14.6704 14.6704 14.6704 14.6704 14.6704 14.6704 14.6704 15.0406 17.7299 17.7326 17.7326 17.7326 19.6996 24.2158 27.5632 28.2211 28.2211 28.2211 28.2211 28.2211 28.2211 28.2211 28.2211 28.2211 23.2761 19.7255 19.7255 19.7255 19.7255 19.7255 19.7255 19.7255 19.7255 19.7255 19.7255 19.7255 15.5059 11.6744 11.6744 11.6744 11.4275 9.33261 9.32568 9.31903 9.31178 9.30453 9.29849 9.29782 9.29782
0.00000 0.00000 0.00000 0.00000 0.00000 0.00000 0.00000 14.6704 14.6704 14.6704 14.6704 14.6704 14.6704 14.6704 14.6704 14.6704 14.6704 14.6704 14.6704 14.6704 14.6704 14.8679 16.0604 17.3905 18.7206 19.1336 17.7326 0.00000 0.00000 28.2211 28.2211 28.2211 28.2211 28.2211 28.2211 28.2211 28.2211 28.2211 28.2211 28.2211 28.2211 26.2837 19.7268 19.7255 19.7255 19.7255 19.7255 19.7255 19.7255 19.7255 19.7255 19.7255 19.7255 18.0316 11.6744 11.6730 11.6663 11.6591 9.71846 9.29840 9.29782 9.38561 9.59077 9.79628 10.0021 10.2079
0.00000 0.00000 0.00000 0.00000 0.00000 0.00000 0.00000 0.00000 14.6704 14.6704 14.6704 14.6704 14.6704 14.6704 14.6704 14.6704 14.8606 16.0471 17.3772 18.7113 20.0507 21.1833 21.3210 21.3210 21.3210 21.3210 0.00000 0.00000 0.00000 28.2211 28.2211 28.2211 28.2211 28.2211 28.2211 28.2211 28.2211 28.2211 28.2211 28.2211 28.2211 28.2211 20.4343 19.7255 19.7255 19.7255 19.7255 19.7255 19.7255 19.7255 19.7255 19.8530 20.5654 21.3123 12.8409 11.6478 11.6798 11.7307 10.5978 10.0990 10.3048 10.4227 10.4233 10.4233 10.4233 10.4233
0.00000 0.00000 0.00000 0.00000 0.00000 0.00000 0.00000 0.00000 14.6704 14.6704 14.6704 14.8533 16.0338 17.3639 18.7036 20.0374 21.1773 21.3210 21.3210 21.3210 21.3210 21.3210 21.3210 21.3210 21.3210 21.3210 0.00000 0.00000 0.00000 0.00000 28.2211 28.2211 28.2211 28.2211 28.2211 28.2211 28.2211 28.2211 28.2211 28.2211 28.2211 28.2211 22.0966 19.7255 19.7255 19.7255 19.7255 19.8172 20.4970 21.2799 22.2732 24.0920 25.6935 27.6224 19.5129 12.0257 12.0606 12.0606 11.3750 10.4233 10.4233 10.4233 10.4233 10.4233 10.4233 10.4233
0.00000 0.00000 0.00000 0.00000 0.00000 0.00000 5.84843 5.84843 8.42595 18.6847 20.0241 21.1713 21.3210 21.3210 21.3210 21.3210 21.3210 21.3210 21.3210 21.3210 21.3210 21.3210 21.3210 21.3210 21.3210 21.3210 21.3210 0.00000 0.00000 0.00000 28.2211 28.2211 28.2211 28.2211 28.2211 28.2211 28.2211 28.2211 28.2211 28.2211 28.2211 28.2211 24.4908 19.7871 20.4284 21.6592 23.7010 26.1231 28.3519 31.1194 34.0683 34.3515 34.3515 34.3515 28.3508 12.0606 12.0606 12.0606 11.9717 10.4589 10.4233 10.4233 10.4233 10.4233 10.4233 10.4233
0.00000 5.84843 5.84843 5.84843 5.84843 5.84843 5.84843 5.84843 5.84843 18.8093 21.3210 21.3210 21.3210 21.3210 21.3210 21.3210 21.3210 21.3210 21.3210 21.3210 21.3210 21.3210 21.3210 21.3210 21.3210 21.3210 21.3210 0.00000 0.00000 0.00000 28.2211 28.2211 28.2211 28.2211 28.2211 28.2211 28.2211 28.2211 28.2211 28.2777 28.6236 28.8355 28.6193 28.7443 32.2038 34.3469 34.3515 34.3515 34.3515 34.3515 34.3515 34.3515 34.3515 34.3515 33.9034 13.5006 12.0606 12.0606 12.0606 10.7058 10.4233 10.4233 10.4233 10.4233 10.4233 10.4233
5.84843 5.84843 5.84843 5.84843 5.84843 5.84843 5.84843 5.84843 5.84843 14.3475 21.3210 21.3210 21.3210 21.3210 21.3210 21.3210 21.3210 21.3210 21.3210 21.3210 21.3210 21.3210 21.3210 21.3210 21.3210 21.3210 21.3210 0.00000 0.00000 0.00000 28.2211 28.2211 28.2211 28.2211 28.1576 27.3936 27.4276 27.7583 28.0144 28.1916 28.1725 28.1725 28.1725 31.6369 34.3515 34.3515 34.3515 34.3515 34.3515 34.3515 34.3515 34.3515 34.3515 34.3515 34.3515 20.0452 12.0606 12.0606 12.0606 11.0820 10.4233 10.4233 10.4233 10.4233 10.4233 10.4233
5.84843 5.84843 5.84843 5.84843 5.84843 5.84843 5.84843 5.84843 5.84843 9.88407 21.3210 21.3210 21.3210 21.3210 21.3210 21.3210 21.3210 21.3210 21.3210 21.3210 21.3210 21.3210 21.3210 21.3210 21.3210 21.3210 21.3210 21.3210 0.00000 21.9936 21.9936 25.6712 26.5704 26.9523 27.2882 27.9362 28.1725 28.1725 28.1725 28.1725 28.1725 28.1725 28.1725 29.9026 34.3515 34.3515 34.3515 34.3515 34.3515 34.3515 34.3515 34.3515 34.3515 34.3515 34.3515 27.0401 12.0606 12.0606 12.0606 11.6417 10.4233 10.4233 10.2070 9.53536 8.84517 8.15636
5.84843 5.84843 5.84843 5.84843 5.84843 5.84843 5.84843 5.84843 5.84843 6.21362 20.5318 21.3210 21.3210 21.3210 21.3210 21.3210 21.3210 21.3210 21.3210 21.3210 21.3210 21.3210 21.3210 21.3210 21.6719 23.7232 26.0001 23.9437 25.1373 28.9011 31.6217 32.2226 28.1725 28.1725 28.1725 28.1725 28.1725 28.1725 28.1725 28.1725 28.1725 28.1725 28.1725 28.6974 34.3515 34.3515 34.3515 34.3515 34.3515 34.3515 34.3515 34.3515 34.3515 34.3515 34.3515 33.3105 12.7829 12.0606 11.6009 10.2442 8.83127 8.13834 7.66555 7.65030 7.61014 7.48873
5.84843 5.84843 5.84843 5.84843 5.84843 5.84843 5.84843 5.84843 5.84843 5.84843 16.4358 21.3210 21.3210 21.3210 21.3210 21.3210 21.3210 21.3210 21.3210 21.6719 23.7232 26.0001 28.2771 30.5540 33.4612 36.1564 37.8821 35.9143 34.2933 34.2957 34.2957 34.2461 28.7553 28.1725 28.1725 28.1725 28.1725 28.1725 28.1725 28.1725 28.1725 28.1725 28.1725 28.1738 32.9794 34.3515 34.3515 34.3515 34.3515 34.3515 34.3515 34.3515 34.3515 34.3515 33.4259 30.5013 14.3474 7.45695 6.54062 6.57812 7.14615 7.25161 7.03640 6.74986 6.51833 6.51470
5.84843 5.84843 5.84843 5.84843 5.84843 5.84843 5.84843 5.84843 5.84843 5.84843 11.9755 21.3210 21.3210 21.3210 21.6719 23.7232 26.0001 28.2771 30.5540 32.4926 33.2632 35.7336 37.5900 38.9029 39.6346 39.6632 39.6632 38.2215 34.2957 34.2957 34.2957 34.2957 30.6456 28.1725 28.1725 28.1725 28.1725 28.1725 28.1725 28.1725 28.1725 28.1725 28.1725 28.1725 30.7861 34.3515 34.3515 34.3515 34.3515 34.3515 33.6148 30.7524 27.7562 24.1635 19.9785 18.1820 12.9126 6.72734 6.75268 6.75853 6.71407 6.51470 6.51470 6.51470 6.51470 6.51470
5.84843 5.84843 5.84843 5.84843 5.84843 5.84843 5.84843 5.84843 5.84843 5.91100 8.09387 25.9429 28.2771 30.5540 32.4926 32.7285 32.9550 35.2760 37.2771 38.6761 39.5708 39.6632 39.6632 39.6632 39.6632 39.6632 39.6632 39.5150 34.5365 34.2957 34.2957 34.2957 32.5851 28.1725 28.1725 28.1725 28.1725 28.1725 28.1725 28.1725 28.1725 28.1725 28.1725 28.1725 29.3207 34.3515 33.7802 31.0046 26.4398 21.2013 17.8155 16.4989 15.5247 14.8672 14.8113 14.8113 14.1173 6.84226 6.75853 6.75853 6.75215 6.52515 6.51470 6.51470 6.51470 6.51470
5.84843 5.84843 5.84843 5.84843 5.87645 6.26567 6.76577 7.26467 7.76454 8.20183 8.26440 28.3092 32.7741 34.7781 36.9409 38.4356 39.4689 39.6632 39.6632 39.6632 39.6632 39.6632 39.6632 39.6632 39.6632 39.6632 39.6632 39.6632 35.9135 34.2957 34.2957 34.2957 34.1549 28.5430 28.1725 28.1725 28.1725 28.1725 28.1725 28.1725 28.1725 28.1725 27.9529 26.3279 24.4536 19.1929 16.2966 15.2567 14.8133 14.8113 14.8113 14.8113 14.8113 14.8113 14.8113 14.8113 14.8113 8.66409 6.75853 6.75853 6.75853 6.61223 6.51470 6.51470 6.51470 6.51470
6.18253 6.68242 7.18205 7.68215 8.15399 8.26440 8.26440 8.26440 8.26440 12.4326 18.9083 31.2248 39.3250 39.6632 39.6632 39.6632 39.6632 39.6632 39.6632 39.6632 39.6632 39.6632 39.6632 39.6632 39.6632 39.6632 39.6632 39.6632 37.4475 34.2957 34.2957 34.2957 34.2957 30.3436 28.1725 28.1725 28.1725 28.1510 27.6629 25.9499 24.0123 22.0731 20.3538 20.0390 20.0390 16.1171 14.8113 14.8113 14.8113 14.8113 14.8113 14.8113 14.8113 14.8113 14.8113 14.8113 14.8113 11.1771 6.75853 6.75853 6.75853 6.68344 6.51470 6.51470 6.51470 6.51470
