High_resolution/powerplant/Fengdu/OMI_NO2_200606.asc
ncols      200
nrows      200
xllcorner       105.978
yllcorner       28.1831
cellsize     0.0166667
NODATA_Value      -999.000
[rows 116 to 144 of 200, columns 0 to 66 of 200]
5.05935 5.05935 5.05935 5.05935 5.05935 5.05935 8.33696 10.2561 10.2561 10.2561 10.2561 10.2561 10.2561 10.2561 10.2561 10.2561 10.2561 10.2561 10.2561 10.2561 10.2561 10.4742 10.6440 10.6440 10.6440 10.6440 10.6440 10.6440 10.6440 10.6440 9.16909 5.14534 5.47804 5.81398 6.14952 6.35926 6.36210 6.36210 6.36210 6.36210 6.36210 6.36210 6.36210 6.36362 6.38613 6.41564 6.44504 6.10191 4.97577 4.97577 4.97577 4.96579 4.17749 3.57826 2.85138 2.90521 2.93955 2.94015 2.94015 2.94015 2.94015 2.94015 2.89569 2.73101 2.55930 2.38780 2.24438
5.05935 5.05935 5.05935 5.05935 5.05935 5.05935 6.36684 10.2554 10.2561 10.2561 10.2561 10.2588 10.2841 10.3130 10.3427 10.3722 10.4014 10.4311 10.4602 10.4903 10.5191 10.7085 11.0335 11.0629 11.0924 11.1218 11.1513 11.1320 11.0117 10.8882 10.6921 7.26836 7.04644 7.07585 7.10536 7.13476 7.16417 7.19378 7.22339 7.25289 7.28230 7.31181 7.34132 7.36920 7.37609 7.37609 7.37609 7.33065 5.06818 5.03545 5.11613 5.19683 4.61594 4.14160 2.94288 2.94015 2.94015 2.94015 2.87591 2.70590 2.53426 2.36275 2.23556 2.22947 2.26304 2.31465 2.36628
6.06135 6.12105 6.17893 6.23879 6.29700 6.35654 6.41475 10.5374 10.9930 11.0221 11.0519 11.0784 11.0830 11.0830 11.0830 11.0830 11.0830 11.0830 11.0830 11.0830 11.0830 11.1735 11.6580 11.6198 11.4736 11.3206 11.1677 11.0637 11.0607 11.0607 11.0607 8.71379 7.37609 7.37609 7.37609 7.37609 7.37609 7.37609 7.37609 7.37609 7.37609 7.37609 7.37609 7.37609 7.37609 7.37609 7.37609 7.37609 5.83315 5.27390 5.27390 5.27390 4.94866 4.30777 3.11178 2.68079 2.50922 2.33764 2.23030 2.22881 2.24766 2.29873 2.35037 2.40133 2.41940 2.41940 2.41940
6.71308 6.71308 6.71308 6.71308 6.71308 6.71308 6.71308 9.66341 11.0830 11.0830 11.0830 11.0830 11.0830 11.0830 11.0830 11.0830 11.0830 11.0830 11.0830 11.0544 10.9129 10.7645 11.1512 11.0673 11.0607 11.0607 11.0607 11.0607 11.0607 11.0607 11.0607 9.86451 7.37609 7.37609 7.37609 7.37609 7.37609 7.37609 7.37609 7.37609 7.37609 7.37609 7.37609 7.37609 7.37609 7.37609 7.37609 7.37609 6.54063 5.27390 5.12325 4.83586 4.53364 3.66854 2.88048 2.22881 2.23653 2.28284 2.33447 2.38608 2.41885 2.41940 2.41940 2.41940 2.41940 2.41940 2.41940
6.71308 6.71308 6.71308 6.71308 6.71308 6.71308 6.71308 8.12514 11.0830 11.0830 11.0830 11.0830 11.0830 11.0830 11.0830 11.0625 10.9274 10.7744 10.6214 10.4972 10.4857 10.4857 10.9174 11.0607 11.0607 11.0607 11.0607 11.0607 11.0607 11.0607 11.0607 10.8934 7.49769 7.37609 7.37609 7.37609 7.37609 7.37609 7.37609 7.37609 7.37609 7.37609 7.37609 7.37609 7.37609 7.37586 7.21988 6.93282 6.23635 4.27616 4.11502 4.11502 4.11502 3.74258 3.37201 2.37017 2.41408 2.41940 2.41940 2.41940 2.41940 2.41940 2.41940 2.41940 2.41940 2.41940 2.38128
6.71308 6.71308 6.71308 6.71308 6.71308 6.71308 6.71308 6.72878 10.7889 11.0830 11.0830 11.0693 10.9417 10.7888 10.6359 10.5034 10.4857 10.4857 10.4857 10.4857 10.4857 10.4857 10.8004 11.0607 11.0607 11.0607 11.0607 11.0607 11.0607 11.0607 11.0607 11.0607 8.48147 7.37609 7.37609 7.37609 7.37609 7.37609 7.37609 7.37609 7.37609 7.37563 7.21478 6.92703 6.63789 6.35071 6.21721 6.21721 5.95923 4.22191 4.11502 4.11502 4.11502 3.97544 3.72237 2.57146 2.41940 2.41940 2.41940 2.41940 2.41940 2.41940 2.40643 2.28684 2.14359 2.00033 1.89519
6.71308 6.71308 6.71308 6.71308 6.71308 6.71308 6.71308 6.71308 9.75067 10.8033 10.6502 10.5111 10.4857 10.4857 10.4857 10.4857 10.4857 10.4857 10.4857 10.4857 10.4857 10.4857 10.6836 11.0607 11.0607 11.0607 11.0607 11.0607 11.0607 11.0607 11.0607 11.0607 9.63226 7.37609 7.37609 7.37609 7.37609 7.37517 7.20968 6.92123 6.63290 6.34515 6.21721 6.21721 6.21721 6.21721 6.21721 6.21721 6.15353 4.36877 4.11502 4.11502 4.11502 4.10466 3.74510 2.97003 2.41940 2.41940 2.41834 2.33036 2.18716 2.04385 1.91367 1.89001 1.89001 1.89001 1.89001
6.71308 6.71308 6.71308 6.71308 6.71308 6.71308 6.71308 6.71308 8.18666 10.4857 10.4857 10.4857 10.4857 10.4857 10.4857 10.4857 10.4857 10.4857 10.4857 10.4857 10.4857 10.4857 10.5664 11.0607 11.0607 11.0607 11.0607 11.0607 11.0607 11.0607 11.0607 11.0607 10.7438 7.41302 7.20458 6.91544 6.62769 6.33982 6.21721 6.21721 6.21721 6.21721 6.21721 6.21721 6.21721 6.21721 6.21721 6.21721 6.21721 4.91309 4.12874 4.11502 4.11502 4.11502 3.83902 3.32433 2.23072 2.08747 1.94528 1.89001 1.89350 1.89148 1.89001 1.89001 1.89001 1.95624 2.11660
6.71308 6.71308 6.71308 6.71308 6.71308 6.71308 6.71308 6.71308 6.79812 10.3201 10.4857 10.4857 10.4857 10.4857 10.4857 10.4857 10.4857 10.4857 10.4857 10.4853 10.4750 10.4600 10.4475 10.8328 10.8005 10.7531 10.7056 10.6582 10.6110 10.5632 10.0468 9.10899 8.17063 6.02463 5.48318 5.43544 5.38786 5.34045 5.29303 5.24578 5.19837 5.15095 5.10354 5.05612 5.00887 4.96146 4.91372 4.86614 4.80143 4.51621 4.05543 3.91271 3.70322 3.48703 3.25004 3.07073 2.07791 2.02718 2.03892 2.05020 2.05916 2.02164 2.13943 2.30080 2.46197 2.55697 2.55362
6.45254 6.42322 6.39318 6.36391 6.33410 6.30428 6.27479 6.24464 6.21532 9.24889 10.2070 10.1922 10.1773 10.1625 10.1475 10.1328 10.1177 10.1030 10.0881 10.0737 10.0692 10.0692 10.0692 9.60211 9.43132 9.43132 9.04084 8.15188 7.26083 6.36978 5.94795 5.94795 5.94795 5.33491 4.58785 4.58785 4.58785 4.74166 5.00204 5.24161 5.46230 5.66625 5.85572 5.58835 4.07797 4.03242 3.98959 3.94905 3.91780 3.78499 3.42349 3.08735 3.07036 3.07036 3.06931 3.04098 2.39965 2.14328 2.26421 2.38498 2.50575 2.55919 2.55730 2.53043 2.48678 2.44316 2.40355
5.88015 5.88015 5.88015 5.88015 5.88015 5.88015 5.88015 5.88015 5.88015 7.79466 10.0692 10.0692 10.0692 10.0692 10.0692 10.0692 10.0692 10.0692 10.0692 10.0692 10.0692 10.0692 9.75164 8.53243 7.34164 6.45095 5.98031 6.28982 6.47640 6.64853 6.80799 6.95581 7.09322 7.08079 6.36342 6.50631 6.64050 6.69826 6.69826 6.69826 6.69826 6.69826 6.69826 6.56327 3.95477 3.91497 3.91497 3.91497 3.91497 3.84484 3.54418 3.08613 3.06886 3.02572 2.96387 2.90986 2.75895 2.56053 2.56053 2.54959 2.51739 2.47766 2.41320 2.39645 2.39645 2.39645 2.39645
5.88015 5.88015 5.88015 5.88015 5.88015 5.88015 5.88015 5.88015 5.88015 6.12654 9.96223 10.0692 10.0692 10.0692 10.0692 10.0692 10.0692 10.0692 9.81631 8.95278 8.06139 7.16999 6.59698 6.37668 5.94795 5.94795 6.02141 7.57287 7.60500 7.60500 7.60500 7.60500 7.60500 7.60500 6.85590 6.69826 6.69826 6.69826 6.69826 6.69826 6.69826 6.69826 6.69826 6.69826 4.46189 3.91497 3.91497 3.91497 3.91318 3.84907 3.40932 3.00573 2.84020 2.82126 2.82126 2.83038 2.80191 2.50091 2.46196 2.44019 2.43965 2.43695 2.39661 2.39645 2.39645 2.39645 2.39645
5.88015 5.88015 5.88015 5.88015 5.88015 5.88015 5.88015 5.88015 5.88015 5.88015 9.22606 10.0692 10.0692 10.0692 9.87353 9.03351 8.14255 7.25115 6.61300 6.58583 6.58583 6.58583 6.58583 6.50622 5.94795 5.94795 5.94795 7.32489 7.60500 7.60500 7.60500 7.60500 7.60500 7.60500 7.13912 6.69826 6.69826 6.69826 6.69826 6.69826 6.69826 6.69826 6.69826 6.69826 5.10218 3.86767 3.80599 3.74379 3.68386 3.66588 3.27693 3.03457 2.82126 2.82126 2.82126 2.81718 2.73508 2.51791 2.43965 2.43965 2.43965 2.43965 2.40464 2.39645 2.39645 2.41244 2.47626
5.88015 5.88015 5.88015 5.88015 5.88015 5.88015 5.88015 5.88015 5.88015 5.88015 7.86847 9.11337 8.22267 7.33231 6.63637 6.58583 6.58583 6.58583 6.58583 6.58583 6.58583 6.58583 6.58583 6.58500 5.99854 5.94795 5.94795 6.99120 7.60500 7.60500 7.60500 7.60500 7.60500 7.60500 7.42219 6.69826 6.69826 6.69826 6.69826 6.69826 6.69582 6.64969 6.58799 6.52576 5.51460 3.66588 3.66588 3.66588 3.66588 3.66588 3.39069 3.17136 2.83038 2.82126 2.82126 2.82126 2.75670 2.60780 2.43965 2.43965 2.43965 2.44344 2.46867 2.52305 2.59008 2.64109 2.64428
5.88015 5.88015 5.88015 5.88015 5.88015 5.88015 5.83915 5.43396 5.08697 4.84423 4.80246 6.53920 6.58583 6.58583 6.58583 6.58583 6.58583 6.58583 6.58583 6.58583 6.58583 6.58583 6.58583 6.58583 6.12728 5.94795 5.94795 6.58864 7.60500 7.60500 7.60500 7.60500 7.60500 7.60500 7.60200 6.80163 6.69547 6.64844 6.58662 6.52452 6.46518 6.44917 6.44917 6.44917 6.13967 3.66588 3.66588 3.66588 3.66588 3.66588 3.48667 3.19662 2.90974 2.82126 2.82126 2.82126 2.78536 2.69726 2.46981 2.51942 2.56970 2.61615 2.63168 2.64428 2.64428 2.64428 2.64428
5.88015 5.88015 5.87150 5.52108 5.14558 4.88675 4.70776 4.67469 4.67469 4.67469 4.67469 6.04727 6.58583 6.58583 6.58583 6.58583 6.58583 6.58583 6.58583 6.58583 6.58583 6.58583 6.58583 6.58583 6.25668 5.94795 5.94795 6.11025 7.59691 7.59511 7.58226 7.56937 7.54691 7.31464 6.99744 6.53701 6.36423 6.33634 6.32345 6.31060 6.29776 6.28491 6.27207 6.25922 6.24620 3.78295 3.43722 3.42437 3.41153 3.39868 3.33698 3.19662 3.02592 2.82533 2.85439 2.93340 3.00991 2.93607 2.69597 2.63446 2.63607 2.63777 2.64055 2.64425 2.64340 2.64218 2.64097
5.12945 4.92012 4.71639 4.65308 4.64688 4.64085 4.63465 4.62859 4.62246 4.61633 4.61027 5.37369 6.50921 6.50303 6.49699 6.49084 6.48473 6.47865 6.47247 6.46644 6.46022 6.45418 6.44803 6.44192 6.10578 5.34805 5.32878 5.30951 6.93110 6.96135 6.65688 6.35242 6.05713 5.97193 5.97193 5.98199 6.00774 6.00774 6.00774 6.00774 6.00774 5.94579 5.72718 5.50102 5.27486 3.92523 3.34409 3.37050 3.39863 3.42891 3.46894 3.69020 3.69741 3.25303 3.31673 3.31903 3.31903 3.10149 2.83852 2.64420 2.64323 2.64201 2.64079 2.63960 2.63923 2.63327 2.57108
4.28733 4.50345 4.50345 4.50345 4.50345 4.50345 4.50345 4.50345 4.50345 4.50345 4.50345 4.68489 6.39949 6.41459 6.41459 6.41459 6.41459 6.41459 6.41459 6.41459 6.41459 6.41459 6.41459 6.41459 6.28922 5.02263 4.56564 4.10912 5.31335 5.97193 5.88429 5.65989 5.43373 5.20757 4.98141 4.75624 4.56292 4.33898 4.11308 3.88691 3.66075 3.49655 3.48924 3.48924 3.48924 3.50967 3.55206 3.55206 3.55206 3.55206 3.55206 3.76792 3.82402 3.40595 3.31903 3.30018 3.12345 2.84255 2.62037 2.63947 2.63923 2.63892 2.59428 2.51815 2.44201 2.37190 2.35798
4.10840 4.50345 4.50345 4.50345 4.50345 4.50345 4.50345 4.50345 4.50345 4.50345 4.50345 4.50345 5.97808 6.41459 6.41459 6.41459 6.41459 6.41459 6.41459 6.40475 6.27302 5.91207 5.37611 4.88400 4.43127 3.41776 3.31501 3.29555 3.48528 3.59346 3.45495 3.45343 3.45343 3.45343 3.45343 3.45343 3.47648 3.48924 3.48924 3.48924 3.48924 3.48924 3.48924 3.48924 3.48924 3.49768 3.55206 3.55206 3.55206 3.55206 3.55206 3.66236 3.42121 2.94646 2.69201 2.49798 2.46198 2.46203 2.43927 2.52093 2.46525 2.38942 2.35798 2.35798 2.35798 2.35798 2.35798
3.86957 4.50345 4.50345 4.50345 4.50345 4.50345 4.50345 4.50345 4.50345 4.49125 4.41256 4.33080 5.02405 5.80069 5.68311 5.57428 5.47326 5.24636 4.84834 4.47731 4.16042 4.00479 4.00479 4.00479 4.00479 3.47503 3.25227 3.25227 3.27732 3.45343 3.45343 3.45343 3.45343 3.45343 3.45343 3.45343 3.46535 3.48924 3.48924 3.48924 3.48924 3.48924 3.48924 3.48924 3.48924 3.48974 3.54715 3.52841 3.34612 3.13254 2.91999 2.54997 2.10993 2.15832 2.45891 2.46198 2.46198 2.46198 2.24299 2.28387 2.35798 2.35798 2.35798 2.35798 2.35798 2.35798 2.35798
3.49491 4.34352 4.27411 4.20447 4.14076 4.08209 4.02783 3.97745 3.93069 3.89272 3.88769 3.88769 4.08816 5.09498 4.79651 4.49169 4.18723 4.00622 4.00479 4.00479 4.00479 4.00479 4.00479 4.00479 4.00479 3.62790 3.25227 3.25227 3.25229 3.43177 3.45343 3.45343 3.45343 3.45343 3.45343 3.45343 3.45525 3.48823 3.48924 3.48924 3.48924 3.48924 3.48924 3.47210 3.34795 3.20642 2.96847 2.72510 2.69502 2.69502 2.69502 2.59671 2.10993 2.10993 2.40744 2.46198 2.46198 2.46198 2.32784 2.22970 2.35798 2.35798 2.35798 2.35798 2.35327 2.33341 2.31241
3.06271 3.78592 3.88769 3.88769 3.88769 3.88769 3.88769 3.88769 3.88769 3.90090 3.96553 4.03543 4.11781 4.04041 4.00479 4.00479 4.00479 4.00479 4.00479 4.00479 4.00479 4.00479 4.00479 4.00479 4.00479 3.78063 3.25227 3.25227 3.25227 3.38512 3.45343 3.45343 3.45343 3.45343 3.45343 3.45343 3.45343 3.47891 3.48924 3.46993 3.34492 3.20265 3.06072 2.93605 2.91788 2.91788 2.82948 2.69502 2.69502 2.69502 2.69502 2.66767 2.11028 2.10993 2.31353 2.46198 2.46198 2.46198 2.43257 2.18891 2.34657 2.33973 2.31873 2.29771 2.28143 2.28028 2.28028
3.06271 3.64723 3.88769 3.88769 3.88769 3.89358 3.95134 4.02119 4.09101 4.14771 4.15288 4.15288 4.15733 4.09408 4.00479 4.00479 4.00479 4.00479 4.00479 4.00479 4.00479 4.00479 4.00479 4.00479 4.00479 3.93355 3.25235 3.25227 3.25227 3.33845 3.45343 3.45343 3.45343 3.45343 3.45343 3.44524 3.38492 3.27163 3.05662 2.92991 2.90934 2.90521 2.90108 2.89698 2.89288 2.88876 2.83808 2.63901 2.63284 2.62669 2.62051 2.61436 2.20034 2.10993 2.16913 2.46021 2.46191 2.44408 2.41256 2.17772 2.22447 2.28028 2.28028 2.28028 2.28028 2.28028 2.27369
3.06271 3.48663 3.93715 4.00695 4.07683 4.14079 4.15288 4.15288 4.14057 4.10562 4.06926 4.03391 3.99796 3.95697 3.77857 3.74241 3.70716 3.67081 3.63546 3.59951 3.56336 3.52791 3.49165 3.45640 3.42015 3.38470 3.16208 3.15625 3.15213 3.18747 3.34504 3.33534 3.27418 3.20061 3.12702 3.06159 3.04827 3.01844 2.77900 2.77694 2.77694 2.77694 2.77694 2.77694 2.77694 2.77685 2.76620 2.48957 2.48360 2.48360 2.48360 2.48360 2.28635 2.10993 2.10993 2.35382 2.35913 2.34545 2.34545 2.22338 2.16612 2.28028 2.26846 2.20720 2.14046 2.07372 2.01363
3.32509 3.43216 3.35494 3.31849 3.28323 3.24718 3.21153 3.17588 3.15175 3.15144 3.15144 3.15144 3.15144 3.17349 3.02515 3.00335 3.00335 3.00335 3.00335 3.00335 3.00335 3.00335 3.00335 3.00335 3.00335 3.00335 3.07781 3.10785 3.05457 2.98782 3.10676 3.05284 3.04038 3.04038 3.04023 3.03925 3.03816 3.03707 2.83005 2.77143 2.77034 2.76924 2.76815 2.76705 2.76596 2.76495 2.76475 2.55839 2.48360 2.48360 2.48360 2.48360 2.36136 2.10993 2.10993 2.25237 2.34545 2.34545 2.35021 2.33849 2.14370 2.06658 2.00878 2.00336 2.00427 2.01509 2.02862
3.46049 3.44927 3.15710 3.15144 3.15144 3.15144 3.15144 3.15144 3.15144 3.15144 3.15144 3.15144 3.15144 3.16577 3.08205 3.00335 3.00335 3.00335 3.00335 3.00335 3.00335 3.00335 3.00335 3.00164 2.95686 2.89001 2.87600 2.86828 2.85327 2.85692 2.99597 3.03145 3.03035 3.02926 3.02832 3.02820 3.02820 3.02820 2.90380 2.76475 2.76475 2.76475 2.76475 2.76475 2.76475 2.76475 2.76475 2.63114 2.48360 2.48360 2.48360 2.48360 2.41941 2.10993 2.12006 2.20455 2.39263 2.41491 2.43183 2.43309 2.21033 2.05214 2.02459 2.03811 2.05074 2.05345 2.05345
3.46049 3.46049 3.19790 3.15144 3.15144 3.15144 3.15144 3.15144 3.15144 3.15144 3.15144 3.15144 3.15144 3.16302 3.15328 3.02084 3.03011 3.04009 3.05083 3.06146 3.01669 2.93390 2.84366 2.74765 2.71681 2.71681 2.76257 2.87877 2.87877 2.87877 2.96822 3.02820 3.02820 3.02820 3.02820 3.02820 3.02820 3.02820 2.98537 2.76475 2.76475 2.76475 2.76475 2.76475 2.76475 2.76475 2.76475 2.69123 2.48360 2.48360 2.48897 2.50990 2.51541 2.24972 2.28306 2.28522 2.41542 2.43309 2.43309 2.43309 2.31350 2.14317 2.05345 2.05345 2.05345 2.05345 2.05345
3.46049 3.46049 3.25109 3.15257 3.18198 3.22337 3.26464 3.30615 3.34746 3.38885 3.43020 3.47163 3.51294 3.54727 3.40978 3.14524 3.06615 2.96187 2.85766 2.75460 2.71681 2.71681 2.71681 2.71681 2.71681 2.71681 2.72990 2.87859 2.87877 2.87877 2.93123 3.02820 3.02820 3.02820 3.02820 3.02820 3.02820 3.02820 3.02817 2.80348 2.76475 2.76475 2.76475 2.76475 2.76475 2.76475 2.76857 2.76036 2.53212 2.55394 2.57033 2.57125 2.57125 2.33949 2.28522 2.28522 2.37884 2.43309 2.43309 2.43309 2.39753 2.19219 2.05359 2.05345 2.05345 2.05345 2.05345
3.85891 3.92118 3.75341 3.54011 3.55213 3.55213 3.55213 3.55213 3.55213 3.55213 3.55213 3.55213 3.51004 3.40284 3.12136 2.79808 2.71681 2.71681 2.71681 2.71681 2.71681 2.71681 2.71681 2.71681 2.71681 2.71681 2.71681 2.85877 2.87877 2.87877 2.88908 3.02665 3.02820 3.02820 3.02820 3.02820 3.02820 3.02820 3.02820 2.88499 2.76475 2.76475 2.76881 2.78286 2.79741 2.81193 2.82265 2.82318 2.61123 2.57125 2.57125 2.57125 2.57125 2.41825 2.28522 2.28522 2.32163 2.43304 2.43309 2.43309 2.43309 2.24580 2.08169 2.03599 1.96059 1.88052 1.80046
