High_resolution/powerplant/Fengdu/OMI_NO2_200811.asc
ncols      200
nrows      200
xllcorner       105.978
yllcorner       28.1831
cellsize     0.0166667
NODATA_Value      -999.000
[rows 0 to 28 of 200, columns 66 to 131 of 200]
0.00000 0.00000 0.00000 0.00000 0.00000 0.00000 0.00000 0.00000 0.00000 0.00000 0.00000 0.00000 0.00000 0.00000 0.00000 0.741927 0.741927 0.741928 0.741927 0.779422 1.63380 1.66919 1.65684 1.65390 1.65390 1.65390 1.65390 1.65390 1.65390 1.65390 1.65390 1.65390 1.65390 1.65390 1.65390 1.18715 0.929650 0.184100 0.0322610 0.0322610 0.0322610 0.0322610 0.0322610 0.0322610 0.0322610 0.0322610 0.0506353 0.0829562 0.115740 0.146502 0.183552 1.21926 1.31342 1.31342 1.37721 1.55425 1.62794 1.66090 1.67958 1.69138 1.68758 1.67668 1.65860 1.61920 1.60838 1.59844
0.00000 0.00000 0.00000 0.00000 0.00000 0.00000 0.00000 0.00000 0.00000 0.00000 0.741927 0.741927 0.741927 0.741927 0.741927 0.741927 0.741927 0.742656 0.806249 0.898291 1.55224 1.73837 1.73620 1.75006 1.76323 1.77616 1.78866 1.80073 1.81262 1.82391 1.83524 1.84588 1.85656 1.86669 1.87673 1.67249 1.35535 1.23389 1.13072 1.16010 1.18746 1.22413 1.27514 1.30265 1.32780 1.35114 1.09407 0.853712 0.868227 0.928824 1.04349 1.50612 1.71222 1.76130 1.58275 1.57580 1.57548 1.57548 1.57548 1.57548 1.57548 1.57548 1.57121 1.51631 1.51608 1.51608
3.16353 3.07729 3.02204 2.99219 2.97353 2.85792 2.35090 2.07157 1.89816 1.78045 1.73684 1.77016 1.80352 1.83488 1.86477 1.89362 1.92097 1.94723 1.95647 1.95647 1.99390 2.08161 1.97552 1.97552 1.97552 1.97552 1.97552 1.97552 1.97552 1.97552 1.97552 1.97552 1.97552 1.97552 1.97552 1.91073 1.49458 1.45290 1.32551 1.32551 1.32551 1.33751 1.39498 1.39638 1.44381 1.50733 1.44888 1.26175 1.32482 1.35989 1.36022 1.56680 1.80287 1.80287 1.63994 1.57548 1.57548 1.57548 1.57548 1.57548 1.57548 1.57548 1.57548 1.52500 1.51608 1.51608
2.96233 2.85236 2.75853 2.55167 2.31158 2.08279 1.95647 1.95647 1.95647 1.95647 1.95647 1.95647 1.95647 1.95647 1.95647 1.95647 1.95647 1.95647 1.95647 1.95647 1.92128 2.11446 1.97552 1.97552 1.97552 1.97552 1.97552 1.97552 1.97552 1.97552 1.97552 1.97552 1.97552 1.97552 1.97552 1.97547 1.55321 1.48801 1.34474 1.43184 1.52150 1.59789 1.63184 1.67300 1.68655 1.68655 1.65277 1.36022 1.36022 1.36121 1.39078 1.52792 1.80287 1.80287 1.70549 1.57548 1.57548 1.57548 1.57548 1.57548 1.57548 1.57548 1.57548 1.53797 1.51608 1.51608
2.57732 2.57468 2.57468 2.49893 2.24094 2.15493 1.95647 1.95647 1.95647 1.95647 1.95647 1.95647 1.95647 1.95647 1.95647 1.95647 1.95647 1.95647 1.95647 1.95647 1.94030 2.06756 1.98003 1.97552 1.97552 1.97552 1.97552 1.97552 1.97552 1.97552 1.97552 1.97552 1.97552 2.00156 2.12207 2.25105 2.08085 2.02806 1.83434 1.73742 1.73742 1.73896 1.74118 1.77992 1.84013 1.90416 1.97277 1.68990 1.71322 1.78072 1.80287 1.80287 1.80287 1.80287 1.77105 1.57548 1.57548 1.57548 1.57548 1.57548 1.57548 1.57548 1.57548 1.55093 1.51608 1.51608
2.57468 2.57468 2.57468 2.57133 2.26803 2.21505 1.95647 1.95647 1.95647 1.95647 1.95647 1.95647 1.95647 1.95647 1.95647 1.95647 1.95647 1.95647 1.95647 1.95647 1.95647 1.99885 2.01345 1.97552 1.97552 1.97552 1.97552 1.97552 2.01273 2.13801 2.26705 2.39602 2.52500 2.62821 2.67040 2.72805 2.65686 2.54386 2.43783 2.26971 2.39922 2.54108 2.39427 2.23798 2.23798 2.23798 2.23798 1.93701 1.80287 1.80287 1.80287 1.80287 1.80287 1.80287 1.80287 1.60924 1.57548 1.57548 1.57548 1.57548 1.57548 1.57548 1.57548 1.56389 1.51608 1.51608
2.57468 2.57468 2.57468 2.57468 2.36407 2.24094 2.00968 1.95647 1.95647 1.95647 1.95647 1.95647 1.95647 1.95647 1.95647 1.95647 1.95647 1.95647 1.95647 1.95647 1.95647 1.92608 2.05213 2.02589 2.15400 2.28298 2.42811 2.61275 2.76221 2.82358 2.88120 2.93885 2.99655 3.05394 3.07804 3.07804 3.08854 3.21718 3.11474 2.59000 2.59000 2.59000 2.48014 2.23798 2.23798 2.23798 2.23798 2.02649 1.80287 1.80287 1.80287 1.80287 1.80287 1.80287 1.80287 1.67477 1.57548 1.57548 1.57548 1.57548 1.57548 1.57548 1.57540 1.54732 1.44300 1.39228
2.57468 2.57468 2.57468 2.57468 2.46356 2.24094 2.09770 1.95647 1.95647 1.95647 1.95647 1.95647 1.95647 1.95647 1.95647 1.95647 1.95647 1.95647 2.09279 2.44171 2.79343 2.99012 2.91310 2.91817 2.97677 3.03438 3.07614 3.07804 3.07804 3.07804 3.07804 3.07804 3.07804 3.07804 3.07804 3.07804 3.07804 3.18830 3.21697 2.67017 2.59000 2.59000 2.57286 2.24342 2.23798 2.23798 2.23798 2.11602 1.80287 1.80287 1.80287 1.80287 1.80287 1.80287 1.80287 1.74036 1.57899 1.58019 1.54532 1.50477 1.46424 1.42358 1.38122 1.36442 1.31900 1.30634
2.57468 2.57468 2.57468 2.57468 2.55572 2.24824 2.16825 1.95647 1.95647 1.95647 1.95647 1.95647 1.95647 2.08110 2.42792 2.77964 3.13118 3.48376 3.69933 3.70195 3.70195 3.68205 3.29402 3.07804 3.07804 3.07776 3.07487 3.07157 3.06817 3.06484 3.06147 3.05810 3.05474 3.05136 3.04804 3.04464 3.04134 3.09669 3.15220 2.78184 2.51472 2.50967 2.50463 2.22683 2.18192 2.19101 2.20015 2.19073 2.06659 2.08621 2.10668 2.12813 2.14999 2.17177 2.19466 2.20823 1.69391 1.61391 1.60837 1.61032 1.61237 1.61451 1.61524 1.61524 1.49646 1.42933
2.57468 2.58405 2.61507 2.64709 2.66768 2.42382 2.32573 2.25623 2.41747 2.81016 3.20978 3.60917 4.00931 4.28442 4.33749 4.38516 4.43318 4.48074 4.52864 4.57655 4.62479 4.67235 4.14200 3.04435 2.98426 2.98124 2.98071 2.98071 2.98071 2.98071 2.98071 2.98071 2.98071 2.98071 2.98071 2.98071 2.98071 3.00353 3.07134 2.88839 2.44400 2.44400 2.44400 2.44028 2.44400 2.44400 2.44398 2.44270 2.36047 2.34650 2.34444 2.34237 2.34106 2.34104 2.34104 2.34104 1.83508 1.61524 1.61524 1.61524 1.61524 1.61524 1.61524 1.61524 1.53740 1.42933
3.21052 3.20310 3.17404 3.16695 3.23863 3.31941 3.55665 4.39292 4.83823 4.84521 4.84521 4.84521 4.84521 4.84521 4.84521 4.84521 4.84521 4.84521 4.84521 4.84521 4.84521 4.84521 4.42935 3.25374 2.98071 2.98071 2.98071 2.98071 2.98071 2.98071 2.98071 2.98071 2.98071 2.98071 2.98071 2.98071 2.98071 2.98586 3.07067 3.04826 2.46652 2.44383 2.44213 2.44007 2.43801 2.43594 2.43390 2.43312 2.37178 2.34104 2.34104 2.34104 2.34104 2.34104 2.34104 2.34104 2.04508 1.61524 1.61524 1.61524 1.61524 1.61524 1.61524 1.61524 1.58681 1.42933
3.31579 3.41024 3.50456 3.57613 3.58050 3.63321 3.95540 4.35706 4.84521 4.84521 4.84521 4.84521 4.84521 4.84521 4.84521 4.84521 4.84521 4.84521 4.84521 4.84521 4.84521 4.84521 4.62448 3.50956 2.98071 2.98071 2.98071 2.98071 2.98071 2.98071 2.98071 2.98071 2.98071 2.98071 2.98071 2.98071 2.99510 3.07397 3.29648 3.47096 2.77801 2.43348 2.43312 2.43312 2.43312 2.43312 2.43312 2.43312 2.39061 2.34104 2.34104 2.34104 2.34104 2.34104 2.34104 2.34104 2.25422 1.61604 1.61524 1.61524 1.61524 1.61524 1.61524 1.61524 1.61524 1.44337
3.49770 3.58050 3.58050 3.58050 3.58050 3.58050 3.89619 4.14630 4.84521 4.84521 4.84521 4.84521 4.84521 4.84521 4.84521 4.84521 4.84521 4.84521 4.84521 4.84521 4.84521 4.84521 4.82106 3.78364 2.98071 2.98071 2.98071 2.98071 2.98071 2.98071 2.98071 3.00243 3.08526 3.17194 3.25845 3.34509 3.41730 3.42256 3.56024 3.73782 3.19086 2.43312 2.43312 2.43312 2.43312 2.43312 2.43312 2.43312 2.40943 2.34104 2.34104 2.34104 2.34104 2.34104 2.34104 2.34104 2.34104 1.73920 1.61524 1.61524 1.61524 1.61524 1.61524 1.61524 1.61524 1.47467
3.28223 3.58050 3.58050 3.58050 3.58050 3.58050 3.78431 3.98480 4.81905 4.84521 4.84521 4.84521 4.84521 4.84521 4.84521 4.84521 4.84521 4.84521 4.84521 4.84521 4.84521 4.84521 4.84521 4.15548 2.98117 2.98071 3.01114 3.09668 3.18323 3.26959 3.34483 3.39285 3.37964 3.36577 3.42896 3.51606 3.59372 3.43594 3.39630 3.73782 3.57009 2.43377 2.43312 2.43312 2.43312 2.43312 2.43312 2.43312 2.42770 2.34159 2.34104 2.34104 2.34104 2.34104 2.34104 2.34104 2.34104 1.94915 1.61524 1.61524 1.61524 1.61524 1.61524 1.61524 1.61524 1.51152
3.06514 3.58050 3.58050 3.58050 3.58050 3.58050 3.67240 3.95543 4.56690 4.84521 4.84521 4.84521 4.84521 4.84521 4.84521 4.84521 4.84521 4.84521 4.84521 4.84521 4.84521 4.90323 5.04417 4.73607 3.37803 3.31150 3.35072 3.33494 3.32585 3.40091 3.49931 3.59132 3.67407 3.74664 3.76741 3.76741 3.76741 3.61163 3.31455 3.73005 3.73782 2.64579 2.43312 2.43312 2.43312 2.43312 2.43312 2.43312 2.43312 2.35499 2.34104 2.34104 2.34104 2.34104 2.34104 2.34104 2.34104 2.15915 1.61524 1.61524 1.62304 1.70073 1.79484 1.88896 1.98328 1.96808
2.84818 3.58050 3.58050 3.58050 3.58050 3.58050 3.58624 3.92964 4.31605 4.84521 4.84521 4.84521 4.84521 4.84521 4.84505 4.83268 4.86351 4.97250 5.07130 5.16006 5.23964 5.27233 5.24993 5.10694 3.80137 3.51188 3.60277 3.68421 3.75320 3.76741 3.76741 3.76741 3.76741 3.76741 3.76982 3.77503 3.78012 3.74620 3.32812 3.66522 3.80436 3.10228 2.52026 2.53033 2.54078 2.55084 2.56133 2.57145 2.58175 2.43583 2.30056 2.24764 2.19664 2.14900 2.10313 2.02299 1.86600 1.70150 1.58872 1.65706 1.69449 1.67748 1.64908 1.62187 1.59560 1.58533
2.63593 3.57604 3.58050 3.58050 3.58050 3.58050 3.58050 3.83445 4.21219 4.84318 4.85849 4.91206 5.03402 5.14639 5.24871 5.36395 5.45618 5.48340 5.50935 5.53542 5.56131 5.53375 5.52247 5.52205 4.53872 3.87212 3.87724 3.88238 3.88752 3.89268 3.89773 3.90296 3.90802 3.91323 3.91587 3.91587 3.91587 3.91587 3.59167 3.73043 4.03474 3.70230 2.73003 2.73003 2.71672 2.07102 2.02384 1.99024 1.95797 1.81365 1.60652 1.51189 1.41726 1.32262 1.22794 1.16176 1.15936 1.15936 1.40187 1.51876 1.51876 1.51876 1.51876 1.51876 1.55621 1.64669
2.51376 3.89162 4.27568 4.41539 4.55511 4.69463 4.81767 5.08357 5.61085 5.69880 5.79961 5.86817 5.86989 5.86989 5.86989 5.86989 5.86989 5.86989 5.86989 5.86989 5.86989 5.77306 5.69793 5.69793 5.03071 3.92841 3.91587 3.91587 3.91587 3.91587 3.91587 3.91587 3.91587 3.91587 3.91587 3.91587 3.91587 3.91587 3.72462 3.60636 4.03474 4.00812 2.80414 2.73003 2.72079 1.94967 1.74262 1.64804 1.55336 1.39885 1.15936 1.15936 1.15936 1.15936 1.15936 1.15936 1.15936 1.15936 1.35960 1.83650 1.90793 1.97479 2.03744 2.09631 2.13046 2.13083
3.25615 4.36621 4.94151 4.87882 4.81610 4.75341 4.70761 4.78589 5.86973 5.87485 5.86989 5.86989 5.86989 5.86989 5.86989 5.86989 5.86989 5.86989 5.86989 5.86989 5.86989 5.82742 5.69793 5.69793 5.39649 3.97522 3.91587 3.91587 3.91587 3.91587 3.91587 3.91587 3.91587 3.91587 3.91587 3.91587 3.91587 3.91587 3.83713 3.49163 3.82671 3.65784 2.67073 2.14029 2.00751 1.60380 1.41784 1.41784 1.41784 1.41756 1.20935 1.23566 1.26300 1.28845 1.31235 1.26254 1.15936 1.15936 1.23154 2.11819 2.13083 2.13083 2.13083 2.13083 2.13083 2.13083
3.02598 3.71038 4.70543 4.70543 4.70543 4.70543 4.70543 4.70543 5.59928 5.87960 5.86989 5.86989 5.86989 5.86989 5.86989 5.86989 5.86989 5.86989 5.86989 5.86989 5.86989 5.86888 5.71124 5.69793 5.61001 4.17426 3.91587 3.91587 3.91587 3.91587 3.91587 3.91587 3.91587 3.91587 3.89440 3.80749 3.71599 3.62458 3.52745 2.93301 3.02679 3.06972 2.61462 1.97957 1.97990 1.77665 1.52255 1.53778 1.55219 1.55988 1.40083 1.36605 1.36605 1.36605 1.36605 1.32953 1.15936 1.15936 1.15936 1.96027 2.13083 2.13083 2.13083 2.13083 2.13083 2.13083
2.96661 3.33429 4.70543 4.70543 4.70543 4.70543 4.70543 4.70543 5.24864 5.88441 5.86989 5.86989 5.86989 5.86989 5.86989 5.86989 5.86989 5.86989 5.86989 5.86989 5.86989 5.86989 5.75371 5.69793 5.69665 4.49730 3.91856 3.91587 3.91587 3.88596 3.79619 3.70464 3.61328 3.52017 3.44230 3.42929 3.41962 3.35281 3.24674 2.91518 2.76587 2.72698 2.65512 1.98487 1.98109 1.91226 1.55991 1.55991 1.55991 1.55991 1.44071 1.36605 1.36605 1.36605 1.36605 1.36312 1.17238 1.15936 1.15936 1.72720 2.13083 2.13083 2.13083 2.13083 2.13083 2.13083
2.96661 3.01162 4.65805 4.70543 4.70543 4.70543 4.70543 4.70543 4.89776 5.88792 5.87113 5.86989 5.86989 5.86989 5.86989 5.86989 5.86989 5.86989 5.86989 5.86989 5.86989 5.86989 5.80432 5.69793 5.68659 4.83199 3.76751 3.58672 3.48680 3.41674 3.40663 3.39401 3.31629 3.20906 3.09717 2.97280 2.83472 2.78214 2.78214 2.78214 2.76784 2.72684 2.72684 2.12991 1.98109 1.98076 1.59065 1.55991 1.55991 1.55991 1.48060 1.36605 1.36605 1.36605 1.36605 1.36605 1.23007 1.15936 1.15936 1.45825 2.13083 2.13083 2.13083 2.13085 2.13120 2.13166
2.96661 2.96661 4.33325 4.70543 4.70543 4.70543 4.70543 4.70543 4.70579 5.72924 5.87583 5.86989 5.86989 5.86989 5.86989 5.86989 5.86989 5.86989 5.85783 5.78776 5.68762 5.58685 5.48116 5.33544 5.27026 4.87328 3.62872 3.29484 3.19351 3.08049 2.95400 2.81854 2.78214 2.78214 2.78214 2.78214 2.78214 2.78214 2.78214 2.78214 2.78031 2.72853 2.72429 2.31929 1.92547 1.89610 1.57656 1.45297 1.43168 1.40978 1.37264 1.36733 1.36744 1.36756 1.36768 1.36936 1.30395 1.20494 1.25579 1.41908 2.20699 2.23379 2.25111 2.26837 2.28531 2.30207
2.96661 2.96661 3.96359 4.70543 4.70543 4.70543 4.70543 4.70543 4.70543 5.37872 5.88055 5.84117 5.78112 5.72090 5.64793 5.54808 5.45414 5.36453 5.28682 5.26728 5.27784 5.28889 5.30007 5.29456 5.30593 5.23174 3.01297 2.39305 2.36483 2.33537 2.30723 2.27777 2.24955 2.22018 2.19188 2.16250 2.13428 2.10491 2.07660 2.04731 2.01893 1.94845 1.90857 1.74063 1.15831 1.15831 1.11607 1.10943 1.12602 1.14269 1.16993 1.59218 1.62017 1.67820 1.77985 1.87985 1.96623 2.07420 2.15921 2.16406 2.39767 2.43851 2.43851 2.43851 2.43851 2.43851
3.54298 3.62474 4.13865 4.83551 4.81627 4.77434 4.73236 4.69031 4.64818 4.92654 5.68386 5.55572 5.52628 5.49688 5.48002 5.49028 5.49468 5.49468 5.49468 5.49468 5.49468 5.49468 5.49468 5.49468 5.49468 5.49468 3.11914 2.04166 1.95936 1.95936 1.95936 1.95936 1.95936 1.95936 1.95936 1.95936 1.95936 1.95936 1.95936 1.95936 1.95936 1.93226 1.90405 1.89711 1.21864 1.15831 1.18355 1.24697 1.30934 1.39422 1.47910 1.90312 2.07622 2.11957 2.11957 2.11957 2.12012 2.16103 2.16406 2.16406 2.31168 2.32459 2.26182 2.20269 2.14658 2.09349
4.44414 4.39104 4.38667 4.61990 4.59865 4.60762 4.61753 4.62742 4.63732 4.66890 5.53175 5.50387 5.49468 5.49468 5.49468 5.49468 5.49468 5.49468 5.49468 5.49468 5.49468 5.49468 5.49468 5.49468 5.49468 5.49468 3.74362 2.22442 1.95936 1.95936 1.95936 1.95936 1.95936 1.95936 1.95936 1.95936 1.95936 1.95936 1.95936 1.95936 1.95936 1.94643 1.89694 1.84681 1.52488 1.50398 1.61571 1.67055 1.69221 1.69221 1.69221 1.94408 2.11808 2.09115 2.05521 2.01922 1.98329 2.06286 2.11510 2.10870 2.09124 1.97713 1.97648 1.97648 1.97648 1.97648
4.27091 4.28081 4.29182 4.61165 4.64393 4.64486 4.64486 4.64486 4.64486 4.64486 5.28031 5.52553 5.49468 5.49468 5.49468 5.49468 5.49468 5.49468 5.49468 5.49468 5.49468 5.49468 5.49468 5.49468 5.49468 5.49468 4.36804 2.40787 1.95936 1.95936 1.95936 1.95936 1.95936 1.95936 1.95936 1.95936 1.95936 1.94784 1.89441 1.83723 1.77995 1.72154 1.61977 1.61872 1.76361 1.82956 1.67034 1.59675 1.55593 1.51993 1.48400 1.61257 1.84093 1.83187 1.83187 1.83187 1.83187 1.95510 2.10064 2.10064 2.10119 2.00274 1.97648 1.97648 1.97648 1.97648
4.30987 4.30987 4.30987 4.55056 4.64486 4.64486 4.64486 4.64486 4.64486 4.64486 5.00435 5.54725 5.49468 5.49468 5.49468 5.49468 5.49468 5.49468 5.49468 5.49468 5.49468 5.49468 5.49468 5.49468 5.49468 5.49468 4.99213 2.56442 1.98642 1.95936 1.95936 1.95936 1.94243 1.88674 1.82950 1.77226 1.77422 1.81045 1.85619 1.90171 1.94400 1.98335 2.03246 2.07904 2.06850 1.98978 1.37254 1.39314 1.40451 1.40451 1.40451 1.48177 1.83187 1.83187 1.83187 1.83187 1.83187 1.88702 2.10064 2.10064 2.10064 2.03690 1.97648 1.97648 1.97648 1.97648
4.30987 4.30987 4.30987 4.47881 4.64486 4.64486 4.64486 4.64486 4.64486 4.64486 4.73381 5.56366 5.49476 5.49468 5.49468 5.49468 5.49468 5.49468 5.49468 5.49468 5.49468 5.49468 5.49468 5.49468 5.49468 5.49468 5.45743 2.73133 2.08291 1.80468 1.77223 1.91944 1.92749 1.96669 2.00438 2.03969 2.03300 2.01182 2.01182 2.01182 2.01182 2.01182 2.03048 2.05164 2.05164 2.11261 1.39975 1.38607 1.40451 1.40451 1.40451 1.41094 1.81537 1.83187 1.83187 1.83187 1.83187 1.83509 2.08440 2.10064 2.10064 2.07380 1.97648 1.97648 1.97648 1.97648
