High_resolution/powerplant/Fengdu/OMI_NO2_201006.asc
ncols      200
nrows      200
xllcorner       105.978
yllcorner       28.1831
cellsize     0.0166667
NODATA_Value      -999.000
[rows 58 to 86 of 200, columns 0 to 66 of 200]
2.34434 2.47276 2.56669 2.63361 2.62957 2.60164 2.57371 2.54686 2.53956 2.53956 2.53956 2.53956 2.53956 2.53956 2.36081 2.47205 2.35996 2.22934 2.22934 2.22934 2.22934 2.22934 2.22934 2.22934 2.22934 2.22934 2.22934 2.22934 2.22934 2.22934 2.22934 2.16390 1.38910 1.36924 1.65357 2.21128 2.72356 3.27523 3.44994 3.52431 3.84859 7.65026 7.66714 7.66714 7.66714 7.66714 7.66714 7.66714 8.55603 8.91639 8.91639 8.91639 8.91639 8.91639 8.91639 8.91639 8.91639 8.91639 8.91639 8.91639 8.91639 8.91639 8.91639 8.79033 3.58018 2.83187 2.87672
2.63490 2.60717 2.57924 2.55142 2.53956 2.53956 2.53956 2.53956 2.53956 2.53956 2.53956 2.53956 2.53956 2.53956 2.48549 2.37821 2.44332 2.22934 2.22934 2.22934 2.22934 2.22934 2.22934 2.22934 2.22934 2.22934 2.22934 2.22934 2.19615 2.09967 2.13745 2.26637 2.22164 2.48471 2.80265 3.59925 3.63554 3.63843 3.63843 3.63843 3.63843 6.52924 7.66714 7.66714 7.66714 7.66714 7.66714 7.66714 8.20174 8.91639 8.91639 8.91639 8.91639 8.91639 8.91639 8.91639 8.91639 8.91639 8.91639 8.91639 8.88075 8.58618 8.14666 7.53129 4.33666 2.97518 2.97518
2.53976 2.53956 2.53956 2.53956 2.53956 2.53956 2.53956 2.53956 2.53956 2.53956 2.53956 2.53956 2.53956 2.53956 2.53956 2.32437 2.48719 2.26873 2.22934 2.22934 2.22934 2.22934 2.22934 2.22774 2.15442 2.06072 2.14697 2.32560 2.50598 2.74358 2.88410 2.93575 2.86446 2.81189 2.82203 3.56189 3.63843 3.63843 3.63843 3.63843 3.63843 5.25464 7.66714 7.66714 7.66714 7.66714 7.66714 7.66714 7.84715 8.91639 8.91639 8.91639 8.91639 8.91639 8.91639 8.91639 8.87615 8.57701 8.13192 7.51222 6.71904 6.57611 6.57611 6.57611 5.29151 2.99371 2.96601
2.53956 2.53956 2.53956 2.53956 2.53956 2.53956 2.53956 2.53956 2.53956 2.53956 2.53956 2.53956 2.53956 2.53956 2.53956 2.35311 2.48640 2.35204 2.22934 2.20959 2.11705 2.10800 2.21339 2.38261 2.59352 2.83571 2.93603 2.93603 2.93603 2.93603 2.93603 2.93603 2.90003 2.81189 2.81189 3.27218 3.63843 3.63843 3.63843 3.63843 3.63843 4.01419 7.63267 7.66714 7.66714 7.66714 7.66714 7.66714 7.66714 8.74213 8.91639 8.91639 8.87203 8.56669 8.11914 7.49113 6.70713 6.57611 6.57611 6.57611 6.57611 6.18984 5.26435 4.33425 3.33377 2.31699 2.21947
2.53956 2.53956 2.53956 2.53956 2.53956 2.53956 2.53956 2.53956 2.53956 2.53956 2.53956 2.53956 2.53956 2.53956 2.53956 2.40143 2.33076 2.35634 2.27619 2.44962 2.68112 2.85947 2.93603 2.93603 2.93603 2.93603 2.93603 2.93603 2.93603 2.93603 2.93603 2.93603 2.93132 2.81606 2.81189 3.03177 3.63843 3.63843 3.63843 3.63843 3.63843 3.63843 6.73293 7.66714 7.66714 7.66714 7.66714 7.66714 7.59276 7.94599 8.10477 7.47256 6.69160 6.57611 6.57611 6.49630 5.72479 4.79469 3.86459 2.93449 2.00439 1.46311 1.46004 1.46004 1.46004 1.96137 2.19158
2.53956 2.53956 2.53956 2.53956 2.53956 2.53956 2.53956 2.53956 2.53956 2.53956 2.53987 2.51309 2.46956 2.42449 2.39528 2.45129 2.37411 2.74067 2.92409 2.93603 2.93603 2.93603 2.93603 2.93603 2.93603 2.93603 2.93603 2.93603 2.93603 2.93603 2.93603 2.93603 2.93603 2.84655 2.81189 2.84982 3.61814 3.63843 3.63843 3.63843 3.63843 3.63843 5.45838 7.66714 7.58452 7.10020 6.40071 5.42004 4.23627 4.81042 6.18268 5.25514 4.32504 3.39647 2.46944 1.61915 1.46004 1.46004 1.46004 1.46004 1.46004 1.46004 1.46004 1.46004 1.46004 1.76708 2.19158
2.53956 2.53956 2.53956 2.53956 2.53956 2.54198 2.55622 2.52433 2.48369 2.44176 2.40650 2.45360 2.55133 2.69168 2.84275 2.85229 2.42865 2.80442 2.89044 2.93603 2.93603 2.93603 2.93603 2.93603 2.93603 2.93603 2.93603 2.93603 2.93603 2.93603 2.93603 2.93603 2.93603 2.88211 2.81189 2.81189 3.36252 3.63843 3.63843 3.63843 3.61278 3.46496 3.69405 5.38648 4.21307 3.94408 3.76552 3.58715 3.40859 3.17933 1.51247 1.46004 1.46004 1.46004 1.46004 1.46004 1.46004 1.46004 1.46004 1.46004 1.46004 1.46004 1.46004 1.46004 1.46004 1.52247 2.16043
2.54186 2.56499 2.57006 2.53426 2.49620 2.45432 2.39384 2.43789 2.52959 2.65973 2.82505 2.85229 2.85229 2.85229 2.85229 2.85229 2.45316 2.75226 2.84604 2.93603 2.93603 2.93603 2.93603 2.93603 2.93603 2.93603 2.93603 2.93603 2.93603 2.93603 2.93603 2.93603 2.93603 2.91749 2.81189 2.82348 3.17867 3.47824 3.31464 3.13648 2.91762 2.81250 2.72317 3.13011 3.17837 3.12784 3.12784 3.12784 3.12784 3.12784 1.90992 1.46004 1.46004 1.46004 1.46004 1.46004 1.46004 1.46004 1.46004 1.46004 1.46004 1.46004 1.46004 1.46004 1.46004 1.46004 2.04242
2.49241 2.43955 2.38236 2.42305 2.50928 2.63011 2.79984 2.85229 2.85229 2.85229 2.85229 2.85229 2.85229 2.85229 2.85229 2.85229 2.77226 2.55418 2.80611 2.92744 2.93603 2.93603 2.93603 2.93603 2.93603 2.93603 2.93603 2.93603 2.93603 2.93603 2.93603 2.98535 3.12743 3.19936 3.08750 3.00622 2.80607 2.69463 2.60535 2.53051 2.52225 2.52225 2.52225 2.72454 3.12784 3.12784 3.12784 3.12784 3.12784 3.12784 2.37781 1.46004 1.46004 1.46004 1.46004 1.46004 1.46004 1.46004 1.46004 1.46004 1.46004 1.46004 1.46004 1.46004 1.46004 1.46004 1.77437
2.38439 2.60295 2.76760 2.85229 2.85229 2.85229 2.85229 2.85229 2.85229 2.85229 2.85229 2.85229 2.85229 2.85229 2.85229 2.85229 2.85229 2.49434 2.80442 2.89464 2.93603 2.93603 2.93603 2.93603 2.93603 2.93603 2.94060 3.04439 3.20239 3.36145 3.58143 3.74520 3.74836 3.86943 3.12756 2.52225 2.52225 2.52225 2.52225 2.52225 2.52225 2.52225 2.52225 2.58361 3.12784 3.12784 3.12784 3.12784 3.12784 3.12784 2.84551 1.46004 1.46004 1.46004 1.46004 1.46004 1.46004 1.46004 1.46004 1.46004 1.46004 1.46004 1.46004 1.46004 1.46004 1.46004 1.56395
2.85229 2.85229 2.85229 2.85229 2.85229 2.85229 2.85229 2.85229 2.85229 2.85229 2.85229 2.85229 2.85229 2.85229 2.85229 2.85229 2.85229 2.46447 2.79986 2.85147 2.93603 2.93603 2.96725 3.11192 3.36800 3.61831 3.86661 3.93751 3.93247 3.96210 3.96210 3.96210 3.96210 3.96210 3.53839 2.52225 2.52225 2.52225 2.52225 2.52225 2.52225 2.52225 2.52225 2.52252 2.98481 3.12784 3.12784 3.12784 3.12784 3.12784 3.12534 1.64817 1.46004 1.46004 1.46004 1.46004 1.46004 1.46004 1.46004 1.46004 1.46004 1.46004 1.46004 1.46004 1.49469 1.60104 1.70947
2.85229 2.85229 2.85229 2.85229 2.85229 2.85229 2.85229 2.85229 2.85229 2.85229 2.85229 2.85229 2.85229 2.85229 2.85229 2.85229 2.85229 2.68811 2.76446 3.32700 3.61409 3.89704 4.12198 4.12311 4.01014 3.96210 3.96210 3.96210 3.96210 3.96210 3.96210 3.96210 3.96210 3.96210 3.90436 2.56760 2.52225 2.52225 2.52225 2.52225 2.52225 2.52225 2.52225 2.52225 2.75201 3.12784 3.12784 3.12784 3.12784 3.12784 3.12784 2.11375 1.46004 1.46004 1.46004 1.46004 1.46004 1.46004 1.46487 1.54682 1.65526 1.76369 1.87213 1.98056 2.05434 2.05649 2.05649
0.00000 2.85229 2.85229 2.85229 2.85229 2.85229 2.85229 2.85229 2.85229 2.85229 2.85229 2.85229 2.85229 2.86758 3.00653 3.12747 3.21464 3.28043 4.46788 6.00755 4.46777 3.96210 3.96210 3.96210 3.96210 3.96210 3.96210 3.96210 3.96210 3.96210 3.96210 3.96210 3.96210 3.96210 3.96210 2.91990 2.52225 2.52225 2.52225 2.52225 2.52225 2.52225 2.52225 2.52225 2.60222 3.12784 3.12784 3.12784 3.12784 3.12784 3.12784 2.58147 1.46004 1.49469 1.60104 1.70947 1.81791 1.92634 2.02995 2.05649 2.05649 2.05649 2.05649 2.05649 2.05649 2.05649 2.05649
0.00000 2.85229 2.85229 2.85229 2.85229 2.85229 2.85229 2.85229 2.86081 2.96617 3.10703 3.20702 3.28015 3.33205 3.34093 3.34093 3.34093 3.34093 3.74914 6.00755 5.04784 3.96210 3.96210 3.96210 3.96210 3.96210 3.96210 3.96210 3.96210 3.96210 3.96210 3.96210 3.96210 3.96210 3.96210 3.33058 2.52225 2.52225 2.52225 2.52225 2.52225 2.52225 2.52225 2.54725 2.64545 3.11123 3.12784 3.12439 2.96725 2.72748 2.48703 2.19338 1.97729 2.05434 2.05649 2.05649 2.05649 2.05649 2.05649 2.05649 2.05649 2.05649 2.05649 2.05649 2.05649 2.05649 2.05649
0.00000 2.85229 2.85229 2.86081 2.95006 3.08041 3.19749 3.27981 3.33611 3.34132 3.34093 3.34093 3.34093 3.34093 3.34093 3.34093 3.34093 3.34093 3.36384 5.81607 5.87648 4.01219 3.96210 3.96210 3.96210 3.96210 3.96210 3.96210 3.96210 3.96210 3.96210 3.96210 3.96210 3.96210 3.96210 3.74184 2.52225 2.52225 2.52225 2.54188 2.63206 2.75928 2.91603 2.88270 2.64838 2.40865 2.16828 1.93175 1.84928 1.84928 1.84928 1.84928 2.00764 2.05649 2.05649 2.05649 2.05649 2.05649 2.05649 2.05649 2.05649 2.05649 2.05649 2.05649 2.05649 2.05649 2.05649
3.28337 3.27639 3.27143 3.34149 3.34492 3.34094 3.34093 3.34093 3.34093 3.34093 3.34093 3.34093 3.34093 3.34093 3.34093 3.34093 3.34093 3.34093 3.34102 4.91438 6.00755 4.37513 3.96210 3.96210 3.96210 3.96210 3.96210 3.96210 3.96210 3.96210 3.96210 3.96210 3.96210 3.96210 3.96210 4.01254 2.84380 2.69040 2.65776 2.56195 2.32951 2.08991 1.87933 1.84928 1.84928 1.84928 1.84928 1.84928 1.84928 1.84928 1.84928 1.84928 1.94913 2.05649 2.05649 2.05649 2.05649 2.05649 2.05649 2.05649 2.05649 2.05649 2.05649 2.05649 2.05649 2.05649 2.05649
3.28337 3.28337 3.32670 3.34093 3.34093 3.34093 3.34093 3.34093 3.34093 3.34093 3.34093 3.34093 3.34093 3.34093 3.34093 3.34093 3.34093 3.34093 3.34093 4.03911 6.00755 4.96297 3.96210 3.96210 3.96210 3.96210 3.96210 3.96210 3.96210 3.96210 3.96210 3.99917 4.32844 4.87371 5.64681 6.59386 4.02592 1.85286 1.84928 1.84928 1.84928 1.84928 1.84928 1.84928 1.84928 1.84928 1.84928 1.84928 1.84928 1.84928 1.84928 1.84928 1.89066 2.05649 2.05649 2.05649 2.05649 2.05649 2.05649 2.05649 2.05649 2.05649 2.05649 2.05649 2.05649 2.05649 2.05649
3.28337 3.28337 3.31078 3.34093 3.34093 3.34093 3.34093 3.34093 3.34093 3.34093 3.34093 3.34093 3.34093 3.34093 3.34093 3.34093 3.34093 3.34093 3.34093 3.48090 5.98877 5.80645 3.99325 3.96210 3.96210 3.96210 3.96359 4.05381 4.42471 4.97831 5.75956 6.76746 6.99857 6.99857 6.99857 6.99857 5.45564 1.84928 1.84928 1.84928 1.84928 1.84928 1.84928 1.84928 1.84928 1.84928 1.84928 1.84928 1.84928 1.84928 1.84928 1.84928 1.85053 2.03811 2.05649 2.05649 2.05649 2.05649 2.05649 2.05649 2.05649 2.05649 2.05649 2.05649 2.05649 2.05649 2.05649
3.28337 3.28337 3.28863 3.34016 3.34093 3.34093 3.34093 3.34093 3.34093 3.34093 3.34093 3.34093 3.34093 3.34093 3.34093 3.34093 3.34093 3.34093 3.34093 3.34178 5.36470 6.01875 4.41744 4.15683 4.51866 5.08069 5.86565 6.80358 6.99857 6.99857 6.99857 6.99857 6.99857 6.99857 6.99857 6.99857 6.77202 1.99293 1.84928 1.84928 1.84928 1.84928 1.84928 1.84928 1.84928 1.84928 1.84928 1.84928 1.84928 1.84928 1.84928 1.84928 1.84928 1.98084 2.05649 2.05649 2.05649 2.05649 2.05649 2.05649 2.05649 2.05894 2.12196 2.21135 2.30064 2.38974 2.47883
3.28337 3.28337 3.28337 3.33196 3.34093 3.34093 3.34093 3.34093 3.34093 3.34093 3.34093 3.34093 3.34093 3.34093 3.34093 3.34093 3.33633 3.27507 3.17792 3.04575 4.77666 6.95685 6.48344 6.74141 6.99857 6.99857 6.99857 6.99857 6.99857 6.99857 6.99857 6.99857 6.99857 6.99857 6.99857 6.99857 6.99857 3.22864 1.84928 1.84928 1.84928 1.84928 1.84928 1.84928 1.84928 1.84928 1.84928 1.84928 1.84928 1.84928 1.84928 1.84928 1.84928 1.92234 2.05649 2.05649 2.08021 2.16607 2.25521 2.34445 2.43384 2.52049 2.54656 2.54656 2.54656 2.54656 2.54656
3.28337 3.28337 3.28337 3.31851 3.34093 3.34093 3.34093 3.34093 3.34093 3.34093 3.34093 3.33521 3.27501 3.18746 3.07192 2.91377 2.70878 2.66538 2.66538 2.66538 3.61243 6.99857 6.99857 6.99857 6.99857 6.99857 6.99857 6.99857 6.99857 6.99857 6.99857 6.99857 6.99857 6.99857 6.99857 6.99857 6.99857 4.68855 1.84928 1.84928 1.84928 1.84928 1.84928 1.84928 1.84928 1.84928 1.84928 1.84928 1.84928 1.84928 1.85161 2.03137 2.32209 2.61377 2.39571 2.47756 2.54332 2.54656 2.54656 2.54656 2.54656 2.54656 2.54656 2.54656 2.54656 2.54656 2.54656
3.28337 3.28337 3.28337 3.29822 3.34093 3.34093 3.33492 3.27458 3.19528 3.09314 2.95698 2.77533 2.66827 2.66538 2.66538 2.66538 2.66538 2.66538 2.66538 2.66538 2.70741 6.65971 6.99857 6.99857 6.99857 6.99857 6.99857 6.99857 6.99857 6.99857 6.99857 6.99857 6.99857 6.99857 6.99857 6.99857 6.99857 6.14945 1.84928 1.84928 1.84928 1.84928 1.84928 1.84928 1.84928 1.87857 2.12621 2.41693 2.70812 2.99884 3.28771 3.39897 3.39897 3.39897 2.72588 2.54656 2.54656 2.54656 2.54656 2.54656 2.54656 2.54656 2.54656 2.54656 2.54656 2.54656 2.54656
3.28337 3.28337 3.28337 3.28337 3.13299 2.99097 2.83857 2.72059 2.66538 2.66538 2.66538 2.66538 2.66538 2.66538 2.66538 2.66538 2.66538 2.66538 2.66538 2.66538 2.66538 5.45800 6.99857 6.99857 6.99857 6.99857 6.99857 6.99857 6.99857 6.99857 6.99857 6.99857 6.99857 6.99857 6.99857 6.99857 6.99857 6.99394 2.46662 1.84928 1.93684 2.22059 2.51178 2.80250 3.09384 3.35512 3.39897 3.39897 3.39897 3.39897 3.39897 3.39897 3.39897 3.39897 2.96543 2.54656 2.54656 2.54656 2.54656 2.54656 2.54656 2.54656 2.54656 2.54656 2.54656 2.54656 2.54656
3.28337 3.28337 3.28337 3.28337 2.66538 2.66538 2.66538 2.66538 2.66538 2.66538 2.66538 2.66538 2.66538 2.66538 2.66538 2.66538 2.66538 2.66538 2.66538 2.66538 2.66538 4.21549 6.99857 6.99857 6.99857 6.99857 6.99857 6.99857 6.99857 6.99857 6.99857 6.99857 6.99857 6.99857 6.99857 6.82694 6.48543 6.14340 4.03554 3.18837 3.39169 3.39897 3.39897 3.39897 3.39897 3.39897 3.39897 3.39897 3.39897 3.39897 3.39897 3.39897 3.39897 3.39897 3.20499 2.54656 2.54656 2.54656 2.54656 2.54656 2.54656 2.54656 2.54656 2.54656 2.54656 2.54656 2.54656
0.00000 0.00000 0.00000 0.00000 2.66538 2.66538 2.66538 2.66538 2.66538 2.66538 2.66538 2.66538 2.66538 2.66538 2.66538 2.66538 2.66538 2.66538 2.66538 2.66538 2.66538 3.01287 6.95827 6.99857 6.99857 6.99857 6.99857 6.99857 6.99857 6.99327 6.76807 6.42604 6.08454 5.74286 5.40101 5.23096 5.23096 5.23096 4.65651 3.39897 3.39897 3.39897 3.39897 3.39897 3.39897 3.39897 3.39897 3.39897 3.39897 3.39897 3.39897 3.39897 3.39897 3.39897 3.38747 2.60343 2.54656 2.54656 2.54656 2.54656 2.54656 2.54656 2.54656 2.54656 2.54656 2.54656 2.54656
0.00000 0.00000 0.00000 0.00000 2.66538 2.66538 2.66538 2.66538 2.66538 2.66538 2.66538 2.66538 2.66538 2.66538 2.66538 2.66538 2.66538 2.66538 2.66538 2.66538 2.66538 2.66538 6.06260 6.99857 6.97807 6.70886 6.36718 6.02568 5.68365 5.34745 5.23096 5.23096 5.23096 5.23096 5.23096 5.23096 5.23096 5.23096 5.13553 3.43964 3.39897 3.39897 3.39897 3.39897 3.39897 3.39897 3.39897 3.39897 3.39897 3.39897 3.39897 3.39897 3.39897 3.39897 3.39897 2.83155 2.54656 2.54656 2.54656 2.54656 2.54656 2.54656 2.54656 2.54656 2.54765 2.61102 2.71017
0.00000 0.00000 0.00000 0.00000 0.00000 2.66538 2.66538 2.66538 2.66538 2.66538 2.66538 2.66538 2.66538 2.66538 2.66538 2.66538 2.66538 2.66538 2.66538 2.66538 2.66538 2.66538 5.05019 5.62479 5.30361 5.23096 5.23096 5.23096 5.23096 5.23096 5.23096 5.23096 5.23096 5.23096 5.23096 5.23096 5.23096 5.23096 5.23096 3.86389 3.39897 3.39897 3.39897 3.39897 3.39897 3.39897 3.39897 3.39897 3.39897 3.39897 3.39897 3.39897 3.39897 3.39897 3.39897 3.07105 2.54656 2.54656 2.54656 2.56783 2.66109 2.76023 2.85938 2.95831 3.05615 3.09193 3.09193
0.00000 0.00000 0.00000 0.00000 0.00000 2.66538 2.66538 2.66538 2.66538 2.66538 2.66538 2.66538 2.66538 2.66538 2.66538 2.66538 2.66538 2.66538 2.66538 2.66538 0.00000 0.00000 5.23096 5.23096 5.23096 5.23096 5.23096 5.23096 5.23096 5.23096 5.23096 5.23096 5.23096 5.23096 5.23096 5.23096 5.23096 5.23096 5.23096 4.38393 3.39897 3.39897 3.39897 3.39897 3.39897 3.39897 3.39897 3.39897 3.39897 3.39897 3.39897 3.39897 3.39897 3.40024 3.60012 3.83864 2.81517 2.90950 3.00838 3.08604 3.09193 3.09193 3.09193 3.09193 3.09193 3.09193 3.09193
0.00000 0.00000 0.00000 0.00000 0.00000 2.66538 2.66538 2.66538 2.66538 2.66538 2.66538 2.66538 2.66538 2.66538 2.66538 0.00000 0.00000 0.00000 0.00000 0.00000 0.00000 0.00000 5.23096 5.23096 5.23096 5.23096 5.23096 5.23096 5.23096 5.23096 5.23096 5.23096 5.23096 5.23096 5.23096 5.23096 5.23096 5.23096 5.23096 4.90325 3.39897 3.39897 3.39897 3.39897 3.39897 3.39897 3.39897 3.39897 3.42740 3.70856 4.04911 4.38948 4.72967 5.06895 5.20944 5.20944 3.46479 3.09193 3.09193 3.09193 3.09193 3.09193 3.09193 3.09193 3.09193 3.09193 3.09193
