High_resolution/powerplant/Fengdu/OMI_NO2_200708.asc
ncols      200
nrows      200
xllcorner       105.978
yllcorner       28.1831
cellsize     0.0166667
NODATA_Value      -999.000
[rows 58 to 86 of 200, columns 66 to 131 of 200]
2.93006 2.94151 3.01265 3.03071 3.03194 3.04453 3.05904 3.05347 2.98525 3.00819 3.03063 3.04230 3.04659 2.80066 2.80399 2.61259 2.29160 2.21448 2.37404 2.39964 2.36163 2.32696 2.31402 2.31402 2.31402 2.31422 2.32503 2.34127 2.33610 2.29827 2.37783 2.34225 2.28420 2.27511 2.30158 2.08122 2.03882 2.05646 2.07457 2.10920 2.22801 2.24945 2.27147 2.27681 2.14761 2.07344 2.09585 2.14416 2.13304 2.10940 2.10634 2.10615 2.04956 2.00928 1.83676 1.81444 1.83308 1.83182 1.83082 1.88749 1.95850 1.74728 1.75055 1.99211 2.00958 2.01133
2.91742 2.95673 3.04548 3.14810 3.17334 3.20217 3.23948 3.27625 3.17973 3.20063 3.22762 3.25564 3.27652 3.00591 2.91352 2.64832 2.22263 2.05914 2.17331 2.31540 2.32914 2.34564 2.37081 2.39850 2.42525 2.45082 2.46781 2.48033 2.48730 2.48255 2.48797 2.51596 2.49439 2.45160 2.50701 2.31675 2.17128 2.17128 2.17128 2.17128 2.27077 2.30132 2.31395 2.32658 2.19887 2.10945 2.02880 2.08354 2.02559 2.01156 2.02328 2.06373 2.05237 2.00531 1.88459 1.82710 1.85427 1.86370 1.87158 1.90503 1.98823 1.83908 1.73765 1.94401 2.02021 2.02493
3.02544 3.09762 3.17649 3.37675 3.40748 3.41882 3.41882 3.41882 3.31005 3.27745 3.27604 3.26965 3.25418 3.06643 2.89775 2.76006 2.32219 2.23195 2.31344 2.50913 2.52367 2.53575 2.53912 2.53912 2.53912 2.53912 2.53912 2.53912 2.53856 2.52240 2.49810 2.54974 2.50966 2.44083 2.50701 2.39760 2.18473 2.19736 2.21001 2.22307 2.28838 2.28718 2.22322 2.15778 2.03309 1.98079 1.87618 2.02681 2.00715 1.98284 1.98250 2.03831 2.04160 2.11367 2.03524 1.93100 1.94122 1.94636 1.94818 1.94719 1.92617 1.87109 1.78318 1.97439 2.15257 2.17334
3.15626 3.18035 3.17847 3.38536 3.38556 3.37371 3.36115 3.35066 3.28661 3.24287 3.26255 3.28726 3.32086 3.27718 2.99372 2.89463 2.48948 2.33017 2.32852 2.53338 2.53912 2.53912 2.53912 2.53912 2.53912 2.53912 2.53912 2.53912 2.53912 2.52645 2.48555 2.55763 2.45422 2.34044 2.34545 2.27268 2.22493 2.27443 2.32837 2.38190 2.35600 2.06617 2.07111 2.08195 2.04851 1.97067 1.86464 2.01855 2.02892 2.00058 2.00173 2.04366 2.05457 2.10489 2.07122 1.92140 1.91552 1.90899 1.89943 1.88929 1.85998 1.84291 1.87740 1.97316 2.24405 2.24444
3.11574 3.06070 3.10624 3.30153 3.40333 3.43346 3.46428 3.49296 3.44575 3.35452 3.35452 3.35452 3.35452 3.33914 3.02346 2.96418 2.61742 2.32473 2.32525 2.49042 2.53258 2.49517 2.45417 2.41292 2.37195 2.32409 2.27053 2.21629 2.16226 2.07423 1.97919 2.10747 2.01622 1.96695 2.05898 2.11370 2.36812 2.39546 2.38401 2.36270 2.32194 2.01753 1.93725 1.89298 1.83644 1.65690 1.62022 1.80213 1.85908 1.80451 1.77855 1.80438 1.82395 1.84577 1.87871 1.82073 1.81944 1.81944 1.81944 1.81944 1.80566 1.78932 1.83072 1.90874 2.15230 2.12900
3.13447 3.10915 3.26153 3.35929 3.49589 3.49589 3.49589 3.49589 3.47503 3.35452 3.35364 3.34790 3.34158 3.33512 3.08756 2.98643 2.77041 2.38451 2.38180 2.25173 2.10084 2.08404 2.07102 2.05801 2.04501 2.03861 2.03393 2.02579 2.02111 2.03935 2.08036 2.21538 2.23175 2.13966 1.90822 1.82613 1.93780 1.99239 1.96268 1.94281 1.94233 1.77486 1.64746 1.66039 1.67280 1.57094 1.56686 1.64086 1.73394 1.70612 1.69072 1.72337 1.79258 1.81388 1.87733 1.83217 1.81944 1.81944 1.81944 1.84409 1.90026 1.91466 1.96983 1.99923 1.85874 1.72217
3.12927 3.04426 3.25946 3.28271 3.46062 3.44734 3.43421 3.42119 3.40766 3.27229 3.25234 3.24370 3.23126 3.21760 3.09652 2.91299 2.74068 2.36798 2.22448 2.16965 1.97883 1.96611 1.95341 1.93879 1.91703 1.92173 1.93930 1.96059 1.97855 1.96950 2.00403 2.01476 2.00808 1.91763 1.80089 1.71830 1.81538 1.95606 1.96221 1.96810 1.97377 1.91626 1.71538 1.71538 1.71538 1.64020 1.58578 1.60504 1.71888 1.68599 1.64220 1.63344 1.80431 1.81252 1.89237 1.85802 1.86977 1.90777 1.94575 1.95922 1.93438 1.90685 1.92800 1.96842 1.89124 1.69340
2.82172 2.73219 2.97583 3.00285 3.19100 3.21526 3.20914 3.20253 3.18000 3.02944 2.92893 2.86563 2.80691 2.74911 2.70568 2.59177 2.51011 2.22082 1.98766 2.00438 1.78673 1.79914 1.82507 1.85290 1.88795 1.89645 1.89645 1.89645 1.89645 1.88701 1.90608 1.90028 1.94543 1.92003 1.88468 1.78246 1.81219 1.96233 1.94347 1.92500 1.90695 1.88695 1.64549 1.60839 1.59429 1.54129 1.45023 1.45143 1.51002 1.52680 1.45564 1.44194 1.73558 1.82081 1.92058 1.96910 1.95972 1.97713 1.99454 2.01197 2.02938 2.02429 2.02026 2.04258 1.99920 1.70352
2.61092 2.61023 2.79709 2.94920 3.04528 3.06105 3.00310 2.94572 2.90406 2.78659 2.70266 2.70266 2.70266 2.70266 2.70266 2.59547 2.53675 2.22933 1.98454 2.04832 1.93670 1.89645 1.89619 1.88162 1.85813 1.83371 1.80337 1.76768 1.72969 1.70190 1.72349 1.74629 1.81403 1.87323 1.85167 1.63549 1.61251 1.77148 1.78590 1.78590 1.78590 1.78590 1.64392 1.55003 1.56041 1.56588 1.47639 1.52672 1.51399 1.50286 1.56238 1.62074 1.82653 1.97059 2.03280 2.07490 2.04998 2.04946 2.04177 2.03187 2.02196 1.99781 1.97394 1.99507 1.97686 1.74886
2.54733 2.51210 2.55523 2.79545 2.80778 2.86572 2.86572 2.86572 2.86572 2.81374 2.70266 2.70266 2.70266 2.68768 2.65365 2.55480 2.46189 2.21784 2.02022 1.99248 1.88124 1.71636 1.67457 1.65106 1.63906 1.62673 1.62163 1.62163 1.62163 1.62163 1.63870 1.69257 1.74856 1.83573 1.83640 1.67315 1.61005 1.73074 1.78790 1.80145 1.81684 1.83223 1.78226 1.65729 1.72704 1.79184 1.75895 1.78045 1.74851 1.61945 1.63500 1.64491 1.75487 1.95192 1.96190 1.98534 1.93161 1.91446 1.90757 1.90457 1.90702 1.92778 2.01532 2.05223 2.08421 1.92077
2.33107 2.33107 2.34597 2.73809 2.77377 2.86475 2.87222 2.88054 2.88910 2.86867 2.68545 2.64542 2.60180 2.57373 2.56647 2.52799 2.41066 2.23243 1.94219 1.85229 1.81533 1.62163 1.62163 1.62163 1.62163 1.62163 1.62163 1.62163 1.62163 1.62163 1.62342 1.68984 1.72345 1.82699 1.86684 1.76902 1.68577 1.77900 1.85821 1.86174 1.86933 1.87706 1.88155 1.85921 1.85278 1.84641 1.77009 1.72173 1.72745 1.56484 1.56463 1.58990 1.63412 1.91351 1.92241 1.96896 1.94473 1.93931 1.95139 1.97329 1.98974 2.00719 2.12363 2.15018 2.13418 2.03522
2.33107 2.33107 2.33012 2.70277 2.83140 2.91400 2.89385 2.84241 2.79094 2.75055 2.56633 2.54578 2.54578 2.54578 2.54578 2.54372 2.41991 2.30774 2.01178 1.85092 1.86578 1.62191 1.62163 1.62163 1.62278 1.63801 1.65733 1.67670 1.70628 1.74523 1.78110 1.86879 1.93002 2.05757 2.09292 2.04351 1.88413 1.88346 1.85140 1.84534 1.83328 1.82291 1.81536 1.78844 1.76754 1.75706 1.73937 1.70769 1.76361 1.67249 1.64364 1.68735 1.70907 2.00939 2.05851 2.11085 2.08287 2.04306 2.05294 2.05344 2.05344 2.05344 2.12983 2.16491 2.14166 2.07520
2.33107 2.32719 2.27972 2.45477 2.63671 2.68485 2.73601 2.73601 2.73601 2.73601 2.60338 2.54578 2.54578 2.54578 2.54479 2.53532 2.43317 2.35726 2.05766 1.78698 1.81038 1.77593 1.78232 1.81353 1.84982 1.87876 1.90381 1.92847 1.94278 1.94815 1.95771 1.98727 2.00691 2.08863 2.12377 2.11887 1.88632 1.86826 1.83011 1.82893 1.82926 1.82777 1.82360 1.81398 1.79700 1.79392 1.78141 1.72727 1.76634 1.82569 1.79085 1.83167 1.84188 2.03048 2.12506 2.14959 2.13345 2.05344 2.05344 2.05344 2.05344 2.05344 2.06528 2.04523 1.94087 1.75392
2.17193 2.11618 2.10398 2.20541 2.57843 2.64174 2.71556 2.70410 2.69265 2.68120 2.57652 2.46806 2.45662 2.44514 2.43470 2.43610 2.42373 2.35909 2.15914 1.92117 1.92469 1.99513 2.00960 2.02047 2.02600 2.02633 2.02620 2.04444 2.08688 2.13156 2.17636 2.20472 2.18933 2.12728 2.06153 2.08419 1.91438 1.86153 1.83194 1.81626 1.80848 1.80043 1.79205 1.78210 1.74713 1.74019 1.74011 1.69466 1.70566 1.85315 1.80918 1.82596 1.84874 1.97460 2.10960 2.11933 2.12848 2.01148 1.98977 1.93465 1.87831 1.82080 1.81892 1.90287 1.84876 1.70704
2.21268 2.23456 2.25580 2.27826 2.65120 2.48375 2.55753 2.55971 2.55446 2.54915 2.49315 2.38066 2.37931 2.37366 2.36666 2.36001 2.41878 2.43658 2.28922 2.04504 1.99322 2.05616 2.09389 2.13056 2.17702 2.22666 2.27809 2.30767 2.30874 2.30874 2.30874 2.30720 2.24147 2.16734 2.02470 2.05477 1.94584 1.82268 1.79229 1.76862 1.76891 1.78042 1.79804 1.81606 1.81373 1.82324 1.84220 1.82711 1.82238 1.99122 1.99763 2.00500 2.05425 2.08762 2.08181 2.04623 2.04029 1.86760 1.81100 1.81158 1.81221 1.81283 1.81559 1.89692 1.89015 1.73515
2.20646 2.16705 2.16705 2.16705 2.47810 2.47239 2.46781 2.50206 2.49832 2.49307 2.47521 2.34497 2.33913 2.33787 2.33787 2.33787 2.39823 2.43265 2.43715 2.37321 2.22244 2.27087 2.29678 2.30720 2.30874 2.30874 2.30874 2.30874 2.30874 2.30874 2.30561 2.29908 2.24323 2.20587 2.01164 2.01804 2.02695 1.96637 1.97418 1.96020 1.98178 1.98918 1.98918 1.98918 1.97669 1.95660 1.95614 1.91154 1.83420 1.89491 2.02821 2.05209 2.03424 1.95976 1.92329 1.92405 1.96520 1.87251 1.81500 1.81505 1.81505 1.81505 1.81389 1.87000 1.88962 1.73604
2.40105 2.21365 2.24774 2.27102 2.46567 2.62288 2.46692 2.47479 2.47329 2.47329 2.47329 2.35307 2.33787 2.33787 2.33787 2.33811 2.38961 2.44231 2.47257 2.47328 2.24052 2.26804 2.29310 2.28347 2.27751 2.27171 2.26604 2.26052 2.25515 2.24990 2.24716 2.24716 2.21778 2.18563 2.03365 1.99907 2.04732 2.04716 2.03684 1.98979 1.98918 1.98482 1.95320 1.91686 1.87785 1.81421 1.73660 1.64057 1.50671 1.48851 1.71619 1.94456 1.93917 1.93908 1.94385 1.94863 1.94574 1.87014 1.77650 1.77920 1.78200 1.78491 1.78918 1.80699 1.80854 1.71016
2.36823 2.22802 2.24964 2.27170 2.32019 2.66757 2.45192 2.47329 2.47329 2.47329 2.47329 2.37841 2.34459 2.35850 2.38351 2.41437 2.45614 2.50930 2.54499 2.55799 2.27259 2.21712 2.24583 2.24716 2.24716 2.24716 2.24716 2.24716 2.24716 2.24716 2.24716 2.24716 2.23316 2.18563 2.08035 1.99584 2.02526 2.00814 1.95538 1.88636 1.85577 1.83943 1.81907 1.77425 1.72937 1.57904 1.51379 1.51924 1.47245 1.49238 1.69674 2.00995 2.02423 2.02561 2.03682 2.04216 2.00990 1.93551 1.78366 1.77334 1.76304 1.75105 1.71991 1.68667 1.65777 1.64170
2.23326 2.24834 2.28521 2.34871 2.28440 2.63788 2.47442 2.47040 2.49340 2.53035 2.56761 2.52634 2.47196 2.48913 2.49518 2.49518 2.49851 2.54535 2.55600 2.56302 2.37265 2.20509 2.23639 2.24716 2.24716 2.24716 2.24716 2.24716 2.24717 2.24761 2.24826 2.23210 2.19788 2.09775 1.99909 1.83463 1.81680 1.84860 1.88960 1.83540 1.77638 1.72227 1.71033 1.72768 1.74505 1.69704 1.62950 1.64326 1.55854 1.47797 1.61297 1.92966 1.98940 1.95528 1.93803 1.91802 1.87086 1.77257 1.63951 1.60678 1.57335 1.54030 1.53294 1.53294 1.53294 1.55704
2.38531 2.38214 2.41273 2.52818 2.48281 2.67177 2.66995 2.63396 2.66171 2.66205 2.66205 2.61495 2.49518 2.49518 2.49518 2.49518 2.49544 2.54506 2.54454 2.56608 2.48563 2.19524 2.23846 2.25052 2.25117 2.25132 2.22761 2.18367 2.13898 2.09388 2.05174 2.02893 2.02291 1.98675 1.96423 1.78399 1.75354 1.65801 1.69085 1.70173 1.71211 1.71358 1.70424 1.69488 1.68540 1.65794 1.51690 1.51072 1.45133 1.33211 1.40631 1.62569 1.77192 1.72757 1.70026 1.68721 1.68420 1.59826 1.54799 1.53294 1.53294 1.53294 1.53294 1.53294 1.53392 1.59606
2.55214 2.59160 2.61294 2.70687 2.70104 2.71514 2.78657 2.64525 2.66225 2.66618 2.67149 2.66696 2.51899 2.52851 2.54314 2.56334 2.58186 2.60128 2.60115 2.62850 2.62222 2.22627 2.20704 2.17356 2.13396 2.09133 2.05761 2.04248 2.02789 2.01251 1.97884 1.90637 1.83217 1.86848 1.94632 1.81639 1.78180 1.67396 1.63221 1.65759 1.66083 1.66084 1.66602 1.67569 1.68498 1.69387 1.59289 1.57677 1.57183 1.42610 1.45677 1.47997 1.71052 1.69510 1.68721 1.68721 1.68721 1.61630 1.56240 1.53294 1.53368 1.56044 1.60036 1.64042 1.67914 1.66392
2.64139 2.63588 2.63299 2.68616 2.71515 2.65315 2.83981 2.77666 2.80839 2.81638 2.82237 2.82806 2.69778 2.67996 2.67906 2.66663 2.68568 2.71294 2.71014 2.43639 2.36120 2.06138 1.95616 1.95250 1.93622 1.91862 1.90421 1.85319 1.79928 1.74617 1.70818 1.70656 1.70656 1.75446 1.92183 1.83562 1.76215 1.73854 1.63671 1.69443 1.70570 1.71419 1.71797 1.71797 1.71797 1.71763 1.63484 1.54099 1.51493 1.35835 1.37242 1.46796 1.66372 1.70128 1.68721 1.67897 1.64368 1.60431 1.57575 1.57288 1.61224 1.62388 1.60211 1.57302 1.54392 1.51483
2.70287 2.68432 2.68220 2.70944 2.77206 2.71380 2.83832 2.83432 2.83901 2.82551 2.81423 2.84558 2.76931 2.74467 2.78465 2.82927 2.84395 2.85552 2.81476 2.34566 2.24699 2.08392 1.86414 1.84623 1.80394 1.75088 1.70955 1.70656 1.70656 1.70656 1.70656 1.70656 1.70656 1.71049 1.91006 1.87094 1.75578 1.79014 1.64046 1.71481 1.71331 1.68786 1.65809 1.62967 1.60249 1.57667 1.54770 1.45063 1.45063 1.36145 1.34339 1.57334 1.59694 1.61834 1.63114 1.66148 1.70578 1.67556 1.58078 1.49534 1.46624 1.43845 1.43113 1.43113 1.43113 1.43113
2.71767 2.68929 2.69175 2.71873 2.82631 2.82465 2.95282 3.07737 3.02499 2.97872 3.02322 3.03191 2.95179 2.85268 2.85268 2.85268 2.85268 2.85343 2.86662 2.44840 2.21948 2.14859 1.76741 1.68984 1.70274 1.69758 1.69241 1.68725 1.68208 1.67692 1.67173 1.66658 1.66140 1.65625 1.80725 1.84843 1.68349 1.70723 1.53978 1.58673 1.56932 1.56747 1.56747 1.56747 1.57113 1.60644 1.64906 1.59209 1.61851 1.64989 1.63123 1.89357 1.90704 1.73948 1.63135 1.60551 1.61217 1.61113 1.56931 1.52588 1.53943 1.55829 1.57607 1.59306 1.60922 1.63197
2.85014 2.87428 2.93923 3.01088 3.07714 3.11386 3.14533 3.24827 3.17748 3.03191 3.03191 3.03191 2.99049 2.85264 2.85125 2.84104 2.82684 2.81231 2.80588 2.57720 2.22613 2.22343 1.79733 1.64960 1.64516 1.65234 1.65234 1.65234 1.65234 1.65234 1.65234 1.65234 1.65234 1.65234 1.74912 1.70756 1.60794 1.61594 1.52766 1.55149 1.61876 1.66368 1.70409 1.74043 1.77670 1.79697 1.81664 1.81366 1.83990 1.84694 1.75472 1.90722 2.02368 1.79422 1.71656 1.67016 1.66743 1.66479 1.67844 1.63381 1.59873 1.57831 1.55905 1.53984 1.52065 1.49948
3.02708 3.02389 3.02657 3.10148 3.11528 3.12110 3.10507 3.22187 3.19007 3.01989 3.00627 2.99549 2.97261 2.80869 2.79223 2.78708 2.78586 2.78519 2.78893 2.68233 2.28520 2.23930 1.92070 1.67947 1.63676 1.65234 1.65234 1.65234 1.65234 1.65234 1.65234 1.65234 1.65234 1.65791 1.72372 1.79481 1.71642 1.79254 1.81830 1.82226 1.84029 1.81636 1.83392 1.85985 1.88169 1.87725 1.86203 1.84502 1.82366 1.80837 1.76356 1.82732 1.94713 1.75807 1.64714 1.55782 1.53806 1.51801 1.51541 1.49842 1.47730 1.47730 1.47730 1.47730 1.47730 1.47504
3.02136 3.01189 3.00158 3.06979 3.09926 3.11870 3.08055 3.15625 3.14387 3.01130 2.94438 2.93700 2.93700 2.81357 2.78519 2.78519 2.78519 2.78519 2.78674 2.74762 2.37034 2.23930 2.05130 1.70147 1.63524 1.68744 1.69924 1.71110 1.72307 1.74578 1.78330 1.82309 1.86288 1.89717 1.92091 2.04274 1.89104 1.88901 1.93131 1.87999 1.87950 1.83030 1.79938 1.79027 1.78154 1.78406 1.79110 1.79817 1.79775 1.80420 1.80130 1.80842 1.87684 1.71064 1.56382 1.45225 1.45159 1.45159 1.46159 1.47730 1.47730 1.47730 1.47730 1.47730 1.47730 1.47687
3.02216 3.02568 3.02220 3.07122 3.11363 3.12511 3.07435 3.09010 3.11723 3.03545 2.93700 2.93700 2.93688 2.83891 2.77249 2.74720 2.71686 2.68651 2.65627 2.72162 2.39494 2.13237 2.03677 1.56949 1.54663 1.70045 1.70755 1.71467 1.72160 1.72000 1.70524 1.68835 1.67146 1.66618 1.67430 1.71619 1.60764 1.60602 1.73011 1.85588 1.86981 1.84543 1.81473 1.81473 1.81473 1.81773 1.82830 1.83919 1.84487 1.85222 1.85923 1.86248 1.93430 1.80998 1.57406 1.47425 1.45159 1.45159 1.45563 1.47730 1.47730 1.47730 1.47730 1.47613 1.45834 1.43446
3.03754 3.02190 2.99444 2.99719 3.07353 3.08396 3.04941 3.02496 3.04729 2.94335 2.75028 2.69615 2.64255 2.55453 2.46272 2.44371 2.42970 2.41999 2.42541 2.45113 2.31439 2.04301 2.06378 1.68741 1.56300 1.65535 1.66200 1.66964 1.67706 1.69163 1.71760 1.74291 1.76749 1.78090 1.78285 1.80433 1.70272 1.66803 1.75241 1.85073 1.90778 1.89373 1.85491 1.86582 1.87674 1.88464 1.88500 1.88500 1.88274 1.89214 1.91680 1.93282 1.95951 1.88316 1.60094 1.50648 1.45159 1.45159 1.45073 1.46805 1.44977 1.42590 1.40204 1.37934 1.37331 1.38062
