High_resolution/powerplant/Fengdu/OMI_NO2_200901.asc
ncols      200
nrows      200
xllcorner       105.978
yllcorner       28.1831
cellsize     0.0166667
NODATA_Value      -999.000
[rows 145 to 173 of 200, columns 66 to 131 of 200]
3.12279 3.12279 3.12279 3.12368 3.13191 3.14179 2.11305 1.82053 1.78327 1.78243 1.78243 1.79407 3.60219 3.72815 3.67487 3.37790 2.94169 2.30115 1.78476 1.78243 1.78243 1.78243 1.78243 1.78243 0.997720 0.615229 0.615229 0.615229 0.615229 0.615229 0.615229 0.615229 0.615229 0.615229 0.615229 0.615229 0.615229 0.615229 0.615229 0.652245 1.06736 1.74356 2.53026 2.57887 2.62288 2.62962 2.62962 2.62962 2.62962 2.62962 2.62962 2.62962 2.62962 2.62962 2.62962 2.62962 2.62962 2.62962 2.63532 2.69290 2.69327 2.69327 2.69327 2.69327 2.69327 2.69327
3.13721 3.14708 3.15694 3.16591 3.16754 3.16754 2.43605 1.78243 1.78243 1.78243 1.78243 1.78243 2.65491 2.52520 1.85386 1.78243 1.78243 1.78243 1.78243 1.78243 1.78243 1.78243 1.78243 1.78243 1.33574 0.615229 0.615229 0.615229 0.615229 0.615229 0.615229 0.615229 0.615229 0.615229 0.626160 0.979173 1.49366 2.00790 2.52314 3.00011 3.09948 3.09948 2.70818 2.62962 2.62962 2.62962 2.62962 2.62962 2.62962 2.62962 2.62962 2.62962 2.62962 2.62962 2.62962 2.62962 2.62962 2.62962 2.62962 2.68063 2.69327 2.69327 2.69327 2.69327 2.69327 2.69327
3.16754 3.16754 3.16754 3.16754 3.16754 3.16754 2.83968 1.78243 1.78243 1.78243 1.78243 1.78243 1.78243 1.78243 1.78243 1.78243 1.78243 1.78243 1.78243 1.78243 1.78243 1.78243 1.78243 1.78243 1.66862 0.620599 0.615229 0.615229 0.615229 0.615478 0.890485 1.40522 1.91971 2.43395 2.93801 3.09948 3.09948 3.09948 3.09948 3.09948 3.09948 3.09948 2.84238 2.62962 2.62962 2.62962 2.62962 2.62962 2.62962 2.62962 2.62962 2.62962 2.62962 2.62962 2.62962 2.62962 2.62962 2.62962 2.62962 2.66265 2.69327 2.69327 2.69327 2.69327 2.69327 2.69327
3.16754 3.16754 3.16754 3.16754 3.16754 3.16754 3.14801 1.87801 1.78243 1.78243 1.78243 1.78243 1.78243 1.78243 1.78243 1.78243 1.78243 1.78243 1.78243 1.78243 1.78243 1.78243 1.78243 1.78243 1.78243 1.03002 1.31653 1.83127 2.34551 2.86025 3.09948 3.09948 3.09948 3.09948 3.09948 3.09948 3.09948 3.09948 3.09948 3.09948 3.09948 3.09948 2.97666 2.62962 2.62962 2.62962 2.62962 2.62962 2.62962 2.62962 2.62962 2.62962 2.62962 2.62962 2.62962 2.62962 2.62962 2.62962 2.62962 2.64469 2.69327 2.69327 2.68036 2.58837 2.48288 2.37727
3.16754 3.16754 3.16754 3.16754 3.16754 3.16754 3.16754 2.26200 1.78243 1.78243 1.78243 1.78243 1.78243 1.78243 1.78243 1.78243 1.78243 1.78243 1.78243 1.78243 1.81129 1.98247 2.17278 2.36326 2.55366 2.89191 3.09948 3.09948 3.09948 3.09948 3.09948 3.09948 3.09948 3.09948 3.09948 3.09948 3.09948 3.09948 3.09948 3.09948 3.09948 3.09948 3.08764 2.65217 2.62962 2.62962 2.62962 2.62962 2.62962 2.62962 2.62962 2.62962 2.62962 2.62962 2.62962 2.62962 2.62962 2.61513 2.53033 2.43723 2.36320 2.25731 2.16466 2.15116 2.15116 2.15116
3.16754 3.16754 3.16754 3.16754 3.16754 3.16754 3.16754 2.66599 1.78243 1.78243 1.78243 1.78243 1.78243 1.78243 1.78243 1.78797 1.92368 2.11408 2.30462 2.49494 2.65667 2.67589 2.67589 2.67589 2.67589 2.77167 3.09948 3.09948 3.09948 3.09948 3.09948 3.09948 3.09948 3.09948 3.09948 3.09948 3.09948 3.09948 3.09948 3.09948 3.09948 3.09948 3.09948 2.77462 2.62962 2.62962 2.62962 2.62962 2.62962 2.62962 2.62962 2.62962 2.61616 2.53183 2.43715 2.34303 2.24872 2.16834 2.15902 2.15902 2.15374 2.15116 2.15116 2.15116 2.15116 2.15116
3.16754 3.16754 3.16754 3.16754 3.16754 3.16754 3.16754 3.05632 1.79572 1.78243 1.78243 1.86552 2.05547 2.24595 2.43635 2.62121 2.67589 2.67589 2.67589 2.67589 2.67589 2.67589 2.67589 2.67589 2.67589 2.68080 3.06826 3.09948 3.09948 3.09948 3.09948 3.09948 3.09948 3.09948 3.09948 3.09948 3.09948 3.09948 3.09948 3.09948 3.09948 3.09948 3.09948 2.90886 2.62962 2.62962 2.62962 2.61668 2.53315 2.43903 2.34430 2.24985 2.16919 2.15902 2.15902 2.15902 2.15902 2.15902 2.15902 2.15902 2.15596 2.15116 2.15116 2.15116 2.15116 2.15116
3.16754 3.16754 3.16754 3.16754 3.16754 3.16754 3.19844 3.37326 2.49076 2.37780 2.56814 2.67553 2.67589 2.67589 2.67589 2.67589 2.67589 2.67589 2.67589 2.67589 2.67589 2.67589 2.67589 2.67589 2.67589 2.67589 2.95100 3.09948 3.09948 3.09948 3.09948 3.09948 3.09948 3.09948 3.09948 3.09948 3.09948 3.09948 3.09948 3.09948 3.09948 3.09948 3.10941 3.12698 2.44123 2.34585 2.25173 2.16980 2.15902 2.15902 2.15902 2.15902 2.15902 2.15902 2.15902 2.15902 2.15902 2.15902 2.15902 2.15902 2.15817 2.15118 2.15116 2.15116 2.15116 2.15116
3.16754 3.16868 3.28494 3.47769 3.67045 3.86313 4.02499 4.04293 3.37568 2.67589 2.67589 2.67589 2.67589 2.67589 2.67589 2.67589 2.67589 2.67589 2.67589 2.67589 2.67589 2.67589 2.67589 2.67589 2.67589 2.67589 2.82882 3.09948 3.09948 3.09948 3.09948 3.09948 3.09948 3.09948 3.09948 3.09948 3.09948 3.10322 3.17314 3.26761 3.36198 3.45640 3.54089 3.55473 2.38943 2.15902 2.15902 2.15902 2.15902 2.15902 2.15902 2.15902 2.15902 2.15902 2.15902 2.15902 2.15902 2.15902 2.15902 2.15902 2.15902 2.15254 2.15116 2.15116 2.15116 2.15116
3.77489 3.96651 4.04293 4.04293 4.04293 4.04293 4.04293 4.04293 3.77368 2.67589 2.67589 2.67589 2.67589 2.67589 2.67589 2.67589 2.67589 2.67589 2.67589 2.67589 2.67589 2.67589 2.67589 2.67589 2.67589 2.67589 2.71050 3.09571 3.09948 3.09948 3.09948 3.09948 3.09998 3.15639 3.25076 3.34522 3.43960 3.53028 3.55473 3.55473 3.55473 3.55473 3.55473 3.55473 2.78709 2.15902 2.15902 2.15902 2.15902 2.15902 2.15902 2.15902 2.15902 2.15902 2.15902 2.15902 2.15902 2.15902 2.15902 2.15902 2.15902 2.15476 2.15116 2.15116 2.15116 2.15116
4.04293 4.04293 4.04293 4.04293 4.04293 4.04293 4.04293 4.04293 4.03665 2.81069 2.67589 2.67589 2.67589 2.67589 2.67589 2.67589 2.67589 2.67589 2.67589 2.67589 2.67589 2.67589 2.67589 2.67589 2.67589 2.67589 2.67589 3.00820 3.13986 3.23401 3.32843 3.42280 3.51676 3.55473 3.55473 3.55473 3.55473 3.55473 3.55473 3.55473 3.55473 3.55473 3.55473 3.55473 3.18584 2.15902 2.15902 2.15902 2.15902 2.15902 2.15902 2.15902 2.15902 2.15902 2.15902 2.15902 2.15902 2.15902 2.15902 2.15902 2.15902 2.15698 2.15116 2.25686 2.35377 2.39982
4.04293 4.04293 4.04293 4.04293 4.04293 4.04293 4.04293 4.04293 4.04293 3.20239 2.67589 2.67589 2.67589 2.67589 2.67589 2.67589 2.67589 2.67589 2.67589 2.67589 2.67589 2.67589 2.67589 2.75893 3.14829 3.56644 3.98421 3.93810 3.55450 3.55473 3.55473 3.55473 3.55473 3.55473 3.55473 3.55473 3.55473 3.55473 3.55473 3.55473 3.55473 3.55473 3.55473 3.55473 3.51843 2.22379 2.15902 2.15902 2.15902 2.15902 2.15902 2.15902 2.15902 2.15902 2.15902 2.15902 2.15902 2.15902 2.15902 2.15902 2.17653 2.27289 1.53935 1.91025 1.85885 1.71422
4.04293 4.04293 4.04293 4.04293 4.04293 4.04293 4.04293 4.04293 4.04293 3.60042 2.67589 2.67589 2.67589 2.67589 2.67589 2.67589 2.67589 2.67589 2.69684 3.01766 3.43503 3.85338 4.27133 4.60586 4.63445 4.63445 4.63445 4.40778 3.55473 3.55473 3.55473 3.55473 3.55473 3.55473 3.55473 3.55473 3.55473 3.55473 3.55473 3.55473 3.55473 3.55473 3.55473 3.55473 3.55473 2.58569 2.15902 2.15902 2.15902 2.15902 2.15902 2.15902 2.15902 2.15902 2.15902 2.17537 2.27097 2.37761 2.48425 2.59057 2.68002 2.68957 1.14349 1.27983 1.69224 1.69224
4.04293 4.04293 4.04293 4.04293 4.04293 4.04293 4.04293 4.04293 4.04293 3.96843 2.70582 2.67589 2.67589 2.67589 2.88643 3.30458 3.72254 4.14011 4.53731 4.63445 4.63445 4.63445 4.63445 4.63445 4.63445 4.63445 4.63445 4.62635 3.64618 3.55473 3.55473 3.55473 3.55473 3.55473 3.55473 3.55473 3.55473 3.55473 3.55473 3.55473 3.55473 3.55473 3.55473 3.55473 3.55473 2.98383 2.15902 2.15902 2.15902 2.15902 2.17409 2.26885 2.37511 2.48213 2.58823 2.67885 2.68957 2.68957 2.68957 2.68957 2.68957 2.68957 1.77130 0.901086 1.69224 1.69224
4.04293 4.04293 4.04293 4.04293 4.04293 4.04293 4.04293 4.04293 4.04293 4.01594 3.35202 3.59132 4.00947 4.42743 4.63445 4.63445 4.63445 4.63445 4.63445 4.63445 4.63445 4.63445 4.63445 4.63445 4.63445 4.63445 4.63445 4.63445 3.94799 3.55473 3.55473 3.55473 3.55473 3.55473 3.55473 3.55473 3.55473 3.55473 3.55473 3.55473 3.55473 3.55473 3.55473 3.55473 3.55473 3.37606 2.26647 2.37283 2.47969 2.58611 2.67763 2.68957 2.68957 2.68957 2.68957 2.68957 2.68957 2.68957 2.68957 2.68957 2.68957 2.68957 2.39800 0.491910 1.64406 1.69224
4.04293 4.04293 4.04293 4.04293 4.04056 3.95617 3.83142 3.70673 3.58193 3.48418 3.99932 4.63445 4.63445 4.63445 4.63445 4.63445 4.63445 4.63445 4.63445 4.63445 4.63445 4.63445 4.63445 4.63445 4.63445 4.63445 4.63445 4.63445 4.25760 3.55473 3.55473 3.55473 3.55473 3.55473 3.55473 3.55473 3.55473 3.55473 3.55473 3.55473 3.55473 3.55473 3.55473 3.55473 3.55473 3.55473 2.68957 2.68957 2.68957 2.68957 2.68957 2.68957 2.68957 2.68957 2.68957 2.68957 2.68957 2.68957 2.68957 2.68957 2.68957 2.68957 2.68957 0.803696 1.43540 1.69224
4.00948 3.88921 3.76441 3.63966 3.51729 3.47694 3.47694 3.47694 3.47694 3.47694 3.66409 4.63445 4.63445 4.63445 4.63445 4.63445 4.63445 4.63445 4.63445 4.63445 4.63445 4.63445 4.63445 4.63445 4.63445 4.63445 4.63445 4.63445 4.55478 3.56725 3.55473 3.55473 3.55473 3.55473 3.55473 3.55473 3.55473 3.55473 3.55473 3.55473 3.55473 0.00000 0.00000 0.00000 0.00000 0.00000 2.68957 2.68957 2.68957 2.68957 2.68957 2.68957 2.68957 2.68957 2.68957 2.68957 2.68957 2.68957 2.68957 2.68957 2.68957 2.68957 2.68957 1.43096 1.13202 1.69224
3.48135 3.47694 3.47694 3.47694 3.47694 3.47694 3.47694 3.47694 3.47694 3.47694 3.47752 4.48561 4.63445 4.63445 4.63445 4.63445 4.63445 4.63445 4.63445 4.63445 4.63445 4.63445 4.63445 4.63445 4.63445 4.63445 4.63445 4.63445 4.63445 3.79734 3.55473 3.55473 3.55473 3.55473 3.55473 3.55473 0.00000 0.00000 0.00000 0.00000 0.00000 0.00000 0.00000 0.00000 0.00000 0.00000 2.68957 2.68957 2.68957 2.68957 2.68957 2.68957 2.68957 2.68957 2.68957 2.68957 2.68957 2.68957 2.68957 2.68957 2.68957 2.68957 2.68957 2.05849 0.681406 1.67832
3.47694 3.47694 3.47694 3.47694 3.47694 3.47694 3.47694 3.47694 3.47694 3.47694 3.47694 4.15096 4.63445 4.63445 4.63445 4.63445 4.63445 4.63445 4.63445 4.63445 4.63445 4.63445 4.63445 4.63445 4.63445 4.63445 4.51077 4.05508 3.58165 3.19952 3.55473 0.00000 0.00000 0.00000 0.00000 0.00000 0.00000 0.00000 0.00000 0.00000 0.00000 0.00000 0.00000 0.00000 0.00000 0.00000 2.68957 2.68957 2.68957 2.68957 2.68957 2.68957 2.68957 2.68957 2.68957 2.68957 2.68957 2.68957 2.68957 2.68957 2.68957 2.68957 2.68957 2.62333 0.714517 0.957006
3.47694 3.47694 3.47694 3.47694 3.47694 3.47694 3.47694 3.47694 3.47694 3.47694 3.47694 3.81574 4.63445 4.63445 4.63445 4.63445 4.63445 4.63445 4.63445 4.63445 4.63445 4.59589 4.20624 3.73259 3.25916 2.78573 2.43620 2.41802 2.41802 2.41802 0.00000 0.00000 0.00000 0.00000 0.00000 0.00000 0.00000 0.00000 0.00000 0.00000 0.00000 0.00000 0.00000 0.00000 0.00000 0.00000 0.00000 2.68957 2.68957 2.68957 2.68957 2.68957 2.68957 2.68957 2.68957 2.68957 2.68957 2.68957 2.70331 2.77607 2.85507 2.93407 3.01306 3.07808 1.78604 1.20936
3.47694 3.47694 3.47694 3.47694 3.47694 3.47694 3.47694 3.47694 3.47694 3.47694 3.47694 3.52046 4.59429 4.63445 4.63445 4.63445 4.63268 4.35718 3.88375 3.40988 2.93667 2.50181 2.41802 2.41802 2.41802 2.41802 2.41802 2.41802 2.41802 2.41802 2.41802 0.00000 0.00000 0.00000 0.00000 0.00000 0.00000 0.00000 0.00000 0.00000 0.00000 0.00000 0.00000 0.00000 0.00000 0.00000 0.00000 2.68957 2.68957 2.68957 2.68957 2.68957 2.68957 2.70308 2.77528 2.85428 2.93328 3.01227 3.07776 3.08456 3.08456 3.08456 3.08456 3.08456 2.29258 1.24036
3.47694 3.47694 3.47694 3.47694 3.47694 3.47694 3.47694 3.47694 3.47694 3.47694 3.47694 3.47694 4.15873 4.03446 3.56104 3.08761 2.61573 2.41802 2.41802 2.41802 2.41802 2.41802 2.41802 2.41802 2.41802 2.41802 2.41802 2.41802 2.41802 2.41802 2.41802 0.00000 0.00000 0.00000 0.00000 0.00000 0.00000 0.00000 0.00000 0.00000 0.00000 0.00000 0.00000 0.00000 0.00000 0.00000 0.00000 2.68957 2.70260 2.77449 2.85349 2.93249 3.01148 3.07749 3.08456 3.08456 3.08456 3.08456 3.08456 3.08456 3.08456 3.08456 3.08456 3.08456 2.79932 1.27800
3.47694 3.47694 3.47694 3.47694 3.47694 3.47694 3.47694 3.44177 2.87191 2.12007 1.36891 0.617408 1.08063 2.41802 2.41802 2.41802 2.41802 2.41802 2.41802 2.41802 2.41802 2.41802 2.41802 2.41802 2.41802 2.41802 2.41802 2.41802 2.41802 2.41802 2.41802 0.00000 0.00000 0.00000 0.00000 0.00000 0.00000 0.00000 0.00000 0.00000 0.00000 0.00000 0.00000 1.82849 1.82849 1.82849 1.82849 1.82849 2.89212 3.08456 3.08456 3.08456 3.08456 3.08456 3.08456 3.08456 3.08456 3.08456 3.08456 3.08456 3.08456 3.08456 3.08456 3.08456 3.08347 1.50401
3.47694 3.47694 3.47694 3.20584 2.46287 1.71171 0.959869 0.243877 0.0625742 0.0625742 0.0625742 0.0625742 0.376901 2.41755 2.41802 2.41802 2.41802 2.41802 2.41802 2.41802 2.41802 2.41802 2.41802 2.41802 2.41802 2.41802 2.41802 2.41802 2.41802 2.41802 2.41802 2.41802 0.00000 0.00000 0.00000 0.00000 0.00000 0.00000 1.82849 1.82849 1.82849 1.82849 1.82849 1.82849 1.82849 1.82849 1.82849 1.82849 2.54059 3.08456 3.08456 3.08456 3.08456 3.08456 3.08456 3.08456 3.08456 3.08456 3.08456 3.08456 3.08456 3.08456 3.08456 3.08456 3.08456 2.00940
2.05451 1.30267 0.551511 0.0711102 0.0625742 0.0625742 0.0625742 0.0625742 0.0625742 0.0625742 0.0625742 0.0625742 0.0625742 2.04806 2.41802 2.41802 2.41802 2.41802 2.41802 2.41802 2.41802 2.41802 2.41802 2.41802 2.41802 2.41802 2.41802 2.41802 2.41802 2.41802 2.41802 2.41802 0.00000 1.82849 1.82849 1.82849 1.82849 1.82849 1.82849 1.82849 1.82849 1.82849 1.82849 1.82849 1.82849 1.82849 1.82849 1.82849 2.18442 3.08456 3.08456 3.08456 3.08456 3.08456 3.08456 3.08456 3.08456 3.08456 3.08456 3.08456 3.08456 3.08456 3.08456 3.08456 3.08456 2.51606
0.0625742 0.0625742 0.0625742 0.0625742 0.0625742 0.0625742 0.0625742 0.0625742 0.0625742 0.0625742 0.0625742 0.0625742 0.0625742 1.36498 2.41802 2.41802 2.41802 2.41802 2.41802 2.41802 2.41802 2.41802 2.41802 2.41802 2.41802 2.41802 2.41802 2.41802 2.41802 2.43153 2.47072 2.30481 1.82849 1.82849 1.82849 1.82849 1.82849 1.82849 1.82849 1.82849 1.82849 1.82849 1.82849 1.82849 1.82849 1.82849 1.82849 1.82849 1.87270 3.03971 3.08456 3.08456 3.08456 3.08456 3.08456 3.08456 3.08456 3.08456 3.08456 3.08456 3.08456 3.08456 3.08456 3.09598 3.20188 3.22572
0.0625742 0.0625742 0.0625742 0.0625742 0.0625742 0.0625742 0.0625742 0.0625742 0.0625742 0.0625742 0.0625742 0.0625742 0.0625742 0.681934 2.41802 2.41802 2.41802 2.41802 2.41802 2.41802 2.41802 2.41802 2.41802 2.41802 2.42327 2.45831 2.49810 2.53790 2.57767 2.60393 2.60454 2.45480 1.82849 1.82849 1.82849 1.82849 1.82849 1.82849 1.82849 1.82849 1.82849 1.82849 1.82849 1.82849 1.82849 1.82849 1.82849 1.82849 1.82849 2.72778 3.08456 3.08456 3.08456 3.08456 3.08456 3.08456 3.08456 3.08456 3.09523 3.19965 3.29560 3.33939 3.27625 3.21126 3.10701 2.99055
0.0625742 0.0625742 0.0625742 0.0625742 0.0625742 0.0625742 0.0625742 0.0625742 0.0625742 0.0625742 0.0625742 0.0625742 0.0625742 0.118869 2.29744 2.41802 2.41802 2.41802 2.41802 2.41883 2.44594 2.48573 2.52550 2.56528 2.59983 2.60454 2.60454 2.60454 2.60454 2.60454 2.60454 2.60113 1.90484 1.82849 1.82849 1.82849 1.82849 1.82849 1.82849 1.82849 1.82849 1.82849 1.82849 1.82849 1.82849 1.82849 1.82849 1.82849 1.82849 2.37123 3.08456 3.08456 3.08456 3.09417 3.19825 3.29450 3.33911 3.27664 3.21324 3.10899 2.99171 2.89726 2.88864 2.88864 2.88864 2.88864
0.0625742 0.0625742 0.0625742 0.0625742 0.0625742 0.0625742 0.0625742 0.0625742 0.0625742 0.0625742 0.0625742 0.0625742 0.0625742 0.0625742 1.67064 2.43380 2.47335 2.51311 2.55290 2.59188 2.60454 2.60454 2.60454 2.60454 2.60454 2.60454 2.60454 2.60454 2.60454 2.60454 2.60454 2.60454 2.12403 1.82849 1.82849 1.82849 1.82849 1.82849 1.82849 1.82849 1.82849 1.82849 1.82849 1.82849 1.82849 1.82849 1.82849 1.82849 1.82849 2.01500 3.08456 3.32086 3.27829 3.21387 3.11050 2.99404 2.89819 2.88864 2.88864 2.88864 2.88864 2.88864 2.88864 2.88864 2.88864 2.88864
