High_resolution/powerplant/Fengdu/OMI_NO2_201006.asc
ncols      200
nrows      200
xllcorner       105.978
yllcorner       28.1831
cellsize     0.0166667
NODATA_Value      -999.000
[rows 29 to 57 of 200, columns 67 to 133 of 200]
1.73230 1.73230 1.73230 1.73230 1.76202 1.15564 0.912990 0.912990 0.912990 1.04998 1.50165 1.50194 1.50194 1.50194 2.35837 2.71094 2.71094 2.71094 2.71094 2.71094 2.71094 2.71094 2.72237 2.84120 2.98650 3.13168 3.27598 3.33241 3.33241 3.33241 3.33225 3.33561 3.02078 2.59565 2.17053 1.74518 1.47052 1.46527 1.46527 1.46527 1.46527 1.46527 1.46527 1.46527 1.46527 1.46527 1.46527 1.46527 1.80173 2.29547 2.21667 2.03261 2.03261 2.03261 2.03261 2.03261 1.99364 1.85288 1.70679 1.56064 1.41688 1.36768 1.36768 1.36768 1.36716 0.456737 0.325636
1.88282 1.95537 2.02786 2.10018 2.14301 1.64737 0.912990 0.912990 0.912990 0.912990 1.44320 1.50194 1.50194 1.50194 2.00228 2.71094 2.71094 2.71094 2.74406 2.88166 3.02690 3.17226 3.30594 3.33241 3.33241 3.33241 3.31296 3.27200 3.23103 3.19007 3.14878 2.89251 1.49803 1.46527 1.46527 1.46527 1.46527 1.46527 1.46527 1.46527 1.46527 1.46527 1.46527 1.46527 1.46527 1.46527 1.46527 1.46527 1.56388 2.29439 2.29499 2.04475 1.91857 1.77242 1.62634 1.48019 1.37307 1.36768 1.36768 1.36768 1.36768 1.36768 1.36768 1.36768 1.36768 0.759433 0.380012
2.14334 2.14334 2.14334 2.14334 2.14334 1.93004 0.912990 0.912990 0.912990 0.912990 1.30912 1.50194 1.50194 1.50194 1.71430 2.92061 3.06735 3.21259 3.32483 3.33241 3.33241 3.31255 3.27159 3.23081 3.19007 3.14911 3.12761 3.12761 3.12761 3.12761 3.12761 3.04261 1.84408 1.46527 1.46527 1.46527 1.46527 1.46527 1.46527 1.46527 1.46527 1.46527 1.46527 1.46527 1.46527 1.46527 1.46527 1.46527 1.46527 2.15385 2.29547 1.64222 1.36768 1.36768 1.36768 1.36768 1.36768 1.36768 1.36768 1.36768 1.33622 1.23478 1.10737 0.945370 0.732089 0.555904 0.622124
2.14334 2.14334 2.14334 2.14334 2.14334 2.11605 0.978148 0.912990 0.912990 0.912990 1.12842 1.75358 1.89882 2.04412 2.12329 3.12156 3.31255 3.27159 3.23062 3.18966 3.14870 3.12761 3.12761 3.12761 3.12761 3.12761 3.12761 3.12761 3.12761 3.12761 3.12761 3.09478 2.26803 1.46527 1.46527 1.46527 1.46527 1.46527 1.46527 1.46527 1.46527 1.46527 1.46527 1.46527 1.46527 1.46527 1.46527 1.46527 1.46527 1.91499 2.29547 1.91175 1.36768 1.36768 1.36643 1.30551 1.19548 1.05792 0.880942 0.645188 0.444521 0.439893 0.439893 0.439893 0.439893 0.456287 0.619771
2.14334 2.14334 2.14334 2.14334 2.14334 2.14334 1.42508 0.912990 0.912990 0.912990 0.918786 2.12264 2.39420 2.59582 2.79744 3.06652 3.12761 3.12761 3.12761 3.12761 3.12761 3.12761 3.12761 3.12761 3.12761 3.12761 3.12761 3.12761 3.12761 3.12761 3.12761 3.12516 2.72694 1.46527 1.46527 1.46527 1.46527 1.46527 1.46527 1.46527 1.46527 1.46527 1.46527 1.46527 1.46527 1.46527 1.46527 1.46527 1.46527 1.66059 2.29547 2.23983 1.02997 0.810295 0.552326 0.439893 0.439893 0.439893 0.439893 0.439893 0.439893 0.439893 0.439893 0.439893 0.439893 0.439893 0.594641
2.14334 2.14334 2.14334 2.14334 2.14334 2.14334 1.83725 1.38656 1.78961 2.19266 2.59609 3.02982 3.09744 3.09744 3.09744 3.10457 3.12761 3.12761 3.12761 3.12761 3.12761 3.12761 3.12761 3.12761 3.12761 3.12761 3.12761 3.12761 3.12761 3.12761 3.12761 3.12761 3.02661 1.65997 1.46527 1.46527 1.46527 1.46527 1.46527 1.46527 1.46527 1.46527 1.46527 1.46527 1.43750 1.31513 1.18482 1.05458 0.924338 0.810053 0.792888 0.00000 0.439893 0.439893 0.439893 0.439893 0.439893 0.439893 0.439893 0.439893 0.439893 0.439893 0.439893 0.439893 0.439893 0.439893 0.553694
2.14334 2.16895 2.34593 2.54755 2.74918 2.95080 3.08042 2.86103 2.86103 2.86103 2.86103 2.95832 3.09744 3.09744 3.09744 3.09786 3.12546 3.12761 3.12761 3.12761 3.12761 3.12761 3.12761 3.12761 3.12761 3.12761 3.12761 3.12761 3.12761 3.12670 3.10760 3.08137 3.02608 2.08367 1.46527 1.46527 1.46527 1.46527 1.46527 1.42210 1.29415 1.16384 1.03353 0.903293 0.800755 0.792888 0.792888 0.792888 0.792888 0.792888 0.792888 0.00000 0.439893 0.439893 0.439893 0.439893 0.439893 0.439893 0.439893 0.439893 0.439893 0.439893 0.439893 0.439893 0.439893 0.439893 0.551197
2.91680 3.09271 3.11735 3.11735 3.11735 3.11735 3.11701 2.90898 2.86103 2.86103 2.86103 2.86898 3.08890 3.09744 3.09744 3.09744 3.11701 3.12761 3.12761 3.12761 3.12761 3.12761 3.12761 3.12761 3.12761 3.12382 3.10039 3.07420 3.04798 3.02267 3.01556 3.01556 3.01264 2.52031 1.40334 1.27310 1.14279 1.01255 0.882247 0.795174 0.792888 0.792888 0.792888 0.792888 0.792888 0.792888 0.792888 0.792888 0.792888 0.792888 0.792888 0.00000 0.439893 0.439893 0.439893 0.439893 0.439893 0.439893 0.439893 0.439893 0.439893 0.439893 0.439893 0.439893 0.00000 0.00000 0.804355
3.11735 3.11884 3.13259 3.14907 3.16569 3.18223 3.19874 3.05264 2.86103 2.86103 2.86103 2.86103 3.04473 3.09744 3.09744 3.09744 3.10816 3.12761 3.12761 3.12761 3.12761 3.11897 3.09322 3.06699 3.04080 3.01836 3.01556 3.01556 3.01556 3.00228 2.97509 2.94790 2.92071 2.72202 0.865476 0.792888 0.792888 0.792888 0.792888 0.792888 0.792888 0.792888 0.792888 0.792888 0.792888 0.792888 0.792888 0.792888 0.792888 0.792888 0.792888 0.792888 0.00000 0.439893 0.439893 0.439893 0.439893 0.439893 0.439893 0.439893 0.00000 0.00000 0.00000 0.00000 0.00000 0.00000 0.00000
3.19318 3.20820 3.21093 3.21093 3.21093 3.21093 3.21093 3.13850 2.86103 2.86103 2.86103 2.86103 2.97660 3.09744 3.09744 3.09744 3.09956 3.11188 3.08602 3.05982 3.03360 3.01602 3.01556 3.01556 3.00228 2.97509 2.94790 2.92071 2.89352 2.87948 2.87948 2.87948 2.87948 2.81824 1.34092 0.792888 0.792888 0.792888 0.792888 0.792888 0.792888 0.792888 0.792888 0.792888 0.792888 0.792888 0.792888 0.792888 0.792888 0.792888 0.888748 1.62392 2.14019 1.79530 0.439893 0.00000 0.00000 0.00000 0.00000 0.00000 0.00000 0.00000 0.00000 0.00000 0.00000 0.00000 0.00000
3.21093 3.21093 3.21093 3.21093 3.21093 3.21093 3.21093 3.19735 2.86789 2.86103 2.86103 2.86103 2.88139 3.07193 3.04868 3.02246 2.99634 3.00856 3.01556 3.00228 2.97509 2.94790 2.92071 2.89352 2.87948 2.87948 2.87948 2.87948 2.87948 2.87948 2.87948 2.87948 2.87948 2.86556 1.88151 0.792888 0.792888 0.792888 0.792888 0.792888 0.792888 0.792888 0.792888 0.792888 0.792888 0.801456 0.985888 1.17341 1.30852 1.41054 1.46533 1.70718 2.14019 2.14019 2.14019 0.00000 0.00000 0.00000 0.00000 0.00000 0.00000 0.00000 0.00000 0.00000 0.00000 0.00000 0.00000
3.21093 3.21093 3.21093 3.21093 3.21093 3.21093 3.21093 3.21093 2.98410 2.86103 2.86103 2.86103 2.86103 2.96339 2.99044 3.00587 3.02571 2.97704 2.89352 2.87948 2.87948 2.87948 2.87948 2.87948 2.87948 2.87948 2.87948 2.87948 2.87948 2.87948 2.87948 2.87948 2.87948 2.87948 2.52903 0.794002 0.792888 0.792888 0.792888 0.792888 0.792888 0.855087 1.07201 1.23462 1.35427 1.44366 1.46654 1.46654 1.46654 1.46654 1.46654 1.55775 2.14019 2.14019 2.14019 0.00000 0.00000 0.00000 0.00000 0.00000 0.00000 0.00000 0.00000 0.00000 0.00000 0.00000 0.00000
3.21822 3.21093 3.21093 3.21093 3.21093 3.21093 3.21093 3.21093 3.09170 2.86103 2.86103 2.86103 2.86103 3.04713 3.10931 3.10976 3.10976 3.03940 2.87948 2.87948 2.87948 2.87948 2.87948 2.87948 2.87948 2.87948 2.87948 2.87948 2.87948 2.87948 2.87948 2.87948 2.87948 2.87948 2.80418 1.09565 0.793561 0.946937 1.14639 1.28855 1.39521 1.46196 1.46654 1.46654 1.46654 1.46654 1.46654 1.47847 1.54688 1.63860 1.75580 1.91902 2.14019 2.14019 2.14019 0.00000 0.00000 0.00000 0.00000 0.00000 0.00000 0.00000 0.00000 0.00000 0.00000 0.00000 0.00000
3.32199 3.21093 3.21093 3.21093 3.21642 3.25338 3.30481 3.37172 3.43811 2.86103 0.00000 0.00000 0.00000 3.10976 3.10976 3.10976 3.10976 3.10889 2.89360 2.87948 2.87948 2.87948 2.87948 2.87948 2.87948 2.87948 2.87948 2.87948 2.87948 2.87948 2.87948 2.87948 2.85714 2.64183 2.37609 1.83748 1.43187 1.46654 1.46654 1.46654 1.46654 1.46654 1.48580 1.56006 1.65516 1.77740 1.93982 2.11950 2.14019 2.14019 2.14019 2.14019 2.14019 2.14019 2.14019 0.00000 0.00000 0.00000 0.00000 0.00000 0.00000 0.00000 0.00000 0.00000 0.00000 0.00000 0.00000
3.50488 3.29564 3.35961 3.44571 3.54631 3.56083 3.56083 3.56083 3.56083 3.56083 0.00000 0.00000 0.00000 0.00000 3.10976 3.10976 3.10976 3.10976 2.93837 2.87948 2.87948 2.87948 2.87948 2.87948 2.87948 2.87948 2.87948 2.87948 2.81704 2.56940 2.30976 2.05012 1.81293 1.76849 1.76947 2.07764 1.46654 1.49505 1.57366 1.67244 1.79999 1.97060 2.13256 2.14019 2.14019 2.14019 2.14019 2.14019 2.14019 2.14019 2.14019 2.14019 2.14019 2.14019 2.14019 2.14019 0.00000 0.00000 0.00000 0.00000 0.00000 0.00000 0.00000 0.00000 0.00000 0.00000 0.00000
3.85688 3.56083 3.56083 3.56083 3.57067 3.70053 3.86600 4.03184 4.19712 4.36652 0.00000 0.00000 0.00000 0.00000 3.10976 3.10976 3.10976 3.10976 3.00388 2.87948 2.87948 2.87948 2.87948 2.87948 2.75649 2.49688 2.23743 1.97757 1.78060 1.76849 1.76849 1.76849 1.72641 1.61852 1.48192 1.82605 2.00297 2.13925 2.14019 2.14019 2.14019 2.14019 2.14019 2.14019 2.14019 2.14019 2.14019 2.14019 2.14019 2.14019 2.14019 2.14019 2.14019 2.14019 2.14019 2.14019 0.00000 0.00000 0.00000 0.00000 0.00000 0.00000 0.00000 0.00000 0.00000 0.00000 0.00000
4.00947 4.00317 4.14090 4.30627 4.46218 4.49778 4.49778 4.49778 4.49778 4.49778 0.00000 0.00000 0.00000 0.00000 3.10976 3.10976 3.10976 3.10976 3.09234 2.87502 2.68416 2.42441 2.16489 1.90514 1.76860 1.76849 1.76849 1.72568 1.61852 1.48192 1.30358 1.06090 0.888133 0.887780 0.887780 1.22136 2.14019 2.14019 2.14019 2.14019 2.14019 2.14019 2.14019 2.14019 2.14019 2.14019 2.14019 2.14019 2.14019 2.14019 2.14019 2.14019 2.14019 2.03024 1.77861 1.50608 0.00000 0.00000 0.00000 0.00000 0.00000 0.00000 0.00000 0.00000 0.00000 0.00000 0.00000
4.35353 4.41083 4.49778 4.49778 4.49778 4.49778 4.49778 4.49778 4.49778 4.49778 4.49778 0.00000 0.00000 0.00000 0.00000 3.02095 2.57404 2.05476 1.53571 1.70434 1.76849 1.76849 1.72549 1.61732 1.48037 1.30152 1.05803 0.887957 0.887780 0.887780 0.887780 0.887780 0.887780 0.887780 0.887780 0.914081 2.06454 2.14019 2.14019 2.14019 2.14019 2.14019 2.14019 2.14019 2.14019 2.14019 2.14019 2.14019 2.12484 1.92652 1.67422 1.42204 1.17008 1.02774 1.02729 1.02729 1.02729 0.00000 0.00000 0.00000 0.00000 0.00000 0.00000 0.00000 0.00000 0.00000 0.00000
4.35353 4.37634 4.49778 4.49778 4.49778 4.49778 4.49778 4.49778 4.49778 4.49778 4.49778 1.70680 1.70680 1.70680 1.70680 1.27985 0.887780 0.887780 0.887780 1.20978 1.30152 1.05803 0.887957 0.887780 0.887780 0.887780 0.887780 0.887780 0.887780 0.887780 0.887780 0.887780 0.887780 0.887780 0.887780 0.887780 1.70761 2.14019 2.14019 2.14019 2.14019 2.14019 2.14019 2.14019 2.06708 1.82209 1.56994 1.31776 1.08094 1.02729 1.02729 1.02729 1.02729 1.02729 1.02729 1.02729 1.02729 0.00000 0.00000 0.00000 0.00000 0.00000 0.00000 0.00000 0.00000 0.00000 0.00000
4.35353 4.35546 4.48426 4.49778 4.49778 4.49778 4.49778 4.28246 3.81926 3.49326 2.68804 1.70680 1.70680 1.70680 1.70680 1.53998 0.887780 0.887780 0.887780 0.887780 0.887780 0.887780 0.887780 0.887780 0.887780 0.887780 0.887780 0.887780 0.887780 0.887780 0.887780 0.887780 0.887780 0.887780 0.887780 0.887780 1.32450 2.14019 2.14019 2.13641 1.96992 1.71785 1.46566 1.21359 1.03442 1.02729 1.02729 1.02729 1.02729 1.02729 1.02729 1.02729 1.02729 1.02729 1.02729 1.02729 1.02729 0.00000 0.00000 0.00000 0.00000 0.00000 0.00000 0.00000 0.00000 0.00000 0.00000
4.35353 4.35353 4.42813 4.20746 3.76338 3.45313 3.22438 3.10460 3.10229 3.10229 2.86859 1.70680 1.70680 1.70680 1.70680 1.70369 0.978310 0.887780 0.887780 0.887780 0.887780 0.887780 0.887780 0.887780 0.887780 0.887780 0.887780 0.887780 0.887780 0.887780 0.887780 0.887780 0.887780 0.887780 0.887780 0.867943 0.825118 1.59940 1.36139 1.11299 1.02729 1.02729 1.02729 1.02729 1.02729 1.02729 1.02729 1.02729 1.02729 1.02729 1.02729 1.02729 1.02729 1.02729 1.02729 1.02729 1.02729 1.02729 0.00000 0.00000 0.00000 0.00000 0.00000 0.00000 0.00000 0.00000 0.00000
3.91886 3.71655 3.44419 3.10229 3.10229 3.10229 3.10229 3.10229 3.10229 3.10229 3.07411 1.78810 1.70680 1.70680 1.70680 1.70680 1.22955 0.887780 0.887780 0.887780 0.887780 0.887780 0.887780 0.887780 0.887780 0.887780 0.887780 0.887780 0.887780 0.887780 0.887780 0.841842 0.708551 0.572997 0.437618 0.321960 0.307749 0.838084 1.02729 1.02729 1.02729 1.02729 1.02729 1.02729 1.02729 1.02729 1.02729 1.02729 1.02729 1.02729 1.02729 1.02729 1.02729 1.02729 1.02729 1.02729 1.02729 1.02729 0.00000 0.00000 0.00000 0.00000 0.00000 0.00000 0.00000 2.19491 2.19491
3.30143 3.21464 3.12058 3.10229 3.10229 3.10229 3.10229 3.10154 3.06566 3.01038 2.95510 2.20239 1.70680 1.70680 1.70680 1.70680 1.48393 0.887780 0.887780 0.887780 0.887780 0.887780 0.887780 0.887780 0.887780 0.887780 0.887084 0.805764 0.670269 0.534889 0.399336 0.309895 0.307749 0.307749 0.307749 0.307749 0.307749 0.617524 1.02729 1.02729 1.02729 1.02729 1.02729 1.02729 1.02729 1.02729 1.02729 1.02729 1.02729 1.02729 1.02729 1.02729 1.02729 1.02729 1.02729 1.02729 1.02729 1.02729 0.00000 0.00000 2.19491 2.19491 2.19491 2.19491 2.19491 2.19491 2.19491
3.10229 3.10229 3.08302 3.02846 2.97315 2.91803 2.86275 2.80819 2.78892 2.78892 2.78892 2.47024 1.70680 1.70680 1.70680 1.70680 1.68878 0.937173 0.887780 0.887780 0.887780 0.887780 0.877630 0.767598 0.632160 0.496607 0.361982 0.307749 0.307749 0.307749 0.307749 0.307749 0.307749 0.307749 0.307749 0.307749 0.307749 0.398007 1.02636 1.02729 1.02729 1.02729 1.02729 1.02729 1.02729 1.02729 1.02729 1.02729 1.02729 1.02729 1.02729 1.02729 1.02729 1.02729 1.02729 1.02730 1.03030 1.09495 2.19491 2.19491 2.19491 2.19491 2.19491 2.19491 2.19491 2.19491 2.19491
2.88083 2.82549 2.78964 2.78892 2.78892 2.78892 2.78892 2.78892 2.78892 2.78892 2.78892 2.68392 1.70680 1.70680 1.70680 1.70680 1.70680 1.17346 0.857387 0.729432 0.593878 0.458499 0.333154 0.307749 0.307749 0.307749 0.307749 0.307749 0.307749 0.307749 0.307749 0.307749 0.307749 0.307749 0.307749 0.307749 0.307749 0.307749 0.896356 1.02729 1.02729 1.02729 1.02729 1.02729 1.02729 1.02729 1.02729 1.02729 1.02729 1.02729 1.02729 1.02791 1.03254 1.03790 1.04325 1.04860 1.05096 1.05268 2.05535 2.19491 2.19491 2.19491 2.19491 2.19491 2.35040 2.59121 2.77076
2.78892 2.78892 2.78892 2.78892 2.78892 2.78892 2.78892 2.78892 2.78892 2.78892 2.78892 2.78751 1.91015 1.70680 1.73884 1.82742 1.91720 1.46092 0.315173 0.307749 0.307749 0.307749 0.307749 0.307749 0.307749 0.307749 0.307749 0.307749 0.307749 0.307749 0.307749 0.307749 0.307749 0.307749 0.307749 0.307749 0.307749 0.307749 0.675798 1.02729 1.02729 1.02729 1.02729 1.02729 1.02729 1.02729 1.02729 1.02946 1.03479 1.04014 1.04550 1.05024 1.05096 1.05096 1.05096 1.05096 1.05096 1.05096 1.73490 2.43763 2.65560 2.82027 2.94876 3.05197 3.09622 3.09622 3.09622
2.78892 2.78892 2.78892 2.78892 2.78892 2.78892 2.78892 2.78892 2.78892 2.78892 2.81127 2.85608 2.46403 2.02061 2.07827 2.07932 2.07932 1.97942 0.350798 0.307749 0.307749 0.307749 0.307749 0.307749 0.307749 0.307749 0.307749 0.307749 0.307749 0.307749 0.307749 0.307749 0.307749 0.307749 0.307749 0.307749 0.307749 0.307749 0.455342 1.02729 1.02729 1.02729 1.02757 1.03168 1.03703 1.04239 1.04774 1.05094 1.05096 1.05096 1.05096 1.05096 1.05096 1.05096 1.05096 1.05096 2.06548 2.34234 2.65401 3.09622 3.09622 3.09622 3.09622 3.09622 3.09622 3.09622 3.09622
2.78892 2.78892 2.78892 2.78892 2.78892 2.78944 2.81813 2.86300 2.90786 2.95268 2.97518 2.97518 2.78947 2.07932 2.07932 2.07932 2.07932 2.07932 0.798729 0.307749 0.307749 0.307749 0.307749 0.307749 0.307749 0.307749 0.307749 0.307749 0.307749 0.307749 0.307749 0.307749 0.307749 0.307749 0.307749 0.307749 0.307749 0.307749 0.352747 0.987270 1.03928 1.04463 1.04972 1.05096 1.05096 1.05096 1.05096 1.05096 1.05096 1.05096 1.05096 1.05096 1.05096 1.05096 1.05096 1.05096 2.21379 2.52425 2.53912 3.06681 3.09622 3.09622 3.09622 3.09622 3.09622 3.09622 3.09622
2.78892 2.79099 2.82500 2.86985 2.91472 2.95905 2.97518 2.97518 2.97518 2.97518 2.97518 2.97518 2.94018 2.09653 2.07932 2.07932 2.07932 2.07932 1.34621 0.307749 0.307749 0.307749 0.307749 0.307749 0.307749 0.307749 0.307749 0.307749 0.307749 0.307749 0.307749 0.307749 0.307749 0.307749 0.388772 0.555647 0.722643 0.889472 1.01454 1.03901 1.05096 1.05096 1.05096 1.05096 1.05096 1.05096 1.05096 1.05096 1.05096 1.05096 1.05096 1.05096 1.05096 1.05096 1.05096 1.05096 1.84235 2.52425 2.52425 2.90911 3.09622 3.09622 3.09622 3.09622 3.09622 3.09622 3.09622
