High_resolution/powerplant/Fengdu/OMI_NO2_201112.asc
ncols      200
nrows      200
xllcorner       105.978
yllcorner       28.1831
cellsize     0.0166667
NODATA_Value      -999.000
[rows 116 to 144 of 200, columns 132 to 197 of 200]
5.06268 5.06268 5.06268 5.06268 5.06268 5.06268 5.06268 5.06268 5.06268 4.46728 1.81220 1.81220 1.81220 1.81220 1.81220 1.81220 1.81220 1.81220 1.81781 2.13322 2.62540 3.11803 3.61022 4.01514 4.05552 4.05552 4.05552 4.05552 4.05552 0.00000 0.00000 0.00000 0.00000 0.00000 0.00000 0.00000 0.00000 0.00000 0.00000 0.00000 0.00000 0.00000 0.00000 0.00000 0.00000 0.00000 0.00000 0.00000 0.00000 0.00000 0.00000 0.00000 0.00000 0.00000 3.55898 3.55898 3.55898 3.55898 3.55898 3.55898 3.55898 3.55898 3.55898 3.55898 3.55898 0.00000
5.06268 5.06268 5.06268 5.06268 5.06268 5.06268 5.06268 5.06268 5.06268 5.05618 2.18998 1.81220 1.81220 1.81220 1.93558 2.40735 2.89931 3.39172 3.87829 4.05552 4.05552 4.05552 4.05552 4.05552 4.05552 4.05552 4.05552 4.05552 4.05552 4.05552 0.00000 0.00000 0.00000 0.00000 0.00000 0.00000 0.00000 0.00000 0.00000 0.00000 0.00000 0.00000 0.613575 0.613575 0.613575 0.613575 0.613575 0.613575 0.613575 0.700834 2.04622 3.55898 3.55898 3.55898 3.55898 3.55898 3.55898 3.55898 3.55898 3.55898 3.55898 3.55898 3.55898 3.55898 3.55898 3.55898
5.06268 5.06268 5.06268 5.06268 5.06268 5.06268 5.06268 5.06268 5.06268 5.08692 3.61937 2.68081 3.17322 3.66563 4.03465 4.05552 4.05552 4.05552 4.05552 4.05552 4.05552 4.05552 4.05552 4.05552 4.05552 4.05552 4.05552 4.05552 3.81896 2.26745 0.613575 0.613575 0.613575 0.613575 0.613575 0.613575 0.613575 0.613575 0.613575 0.613575 0.613575 0.613575 0.613575 0.613575 0.615900 1.03764 1.58871 1.85040 1.88155 2.04983 2.42714 3.55898 3.55898 3.55898 3.55898 3.55898 3.55898 3.55898 3.55898 3.55898 3.55898 3.55898 3.55898 3.55898 3.55898 3.55898
5.06268 5.06268 5.06268 5.06268 5.06268 5.23993 6.04514 6.90488 7.76538 8.60088 7.45459 4.05552 4.05552 4.05552 4.05552 4.05552 4.05552 4.05552 4.05552 4.05552 4.05552 4.05552 4.05552 4.05552 4.05552 4.05552 4.05552 4.05552 3.78353 1.93816 0.613575 0.613575 0.613575 0.613575 0.613575 0.613575 0.613575 0.613575 0.613575 0.613575 0.840622 1.43692 1.87638 2.20487 2.45971 2.55223 2.55223 2.48565 2.08628 2.08628 2.21966 3.55898 3.55898 3.55898 3.55898 3.55898 3.55898 3.55898 3.55898 3.55898 3.55898 3.55898 3.55898 3.55898 3.55898 3.55898
5.06344 5.53157 6.39168 7.25256 8.11154 8.79479 8.85009 8.85009 8.85009 8.85009 8.68610 4.24780 4.05552 4.05552 4.05552 4.05552 4.05552 4.05552 4.05552 4.05552 4.05552 4.05552 4.05552 4.05552 4.05552 4.05552 4.05552 4.05552 4.05552 2.37403 0.638859 0.613575 0.613575 0.613575 0.613575 0.696298 1.26839 1.75364 2.11173 2.38720 2.54650 2.55223 2.55223 2.55223 2.55223 2.55223 2.55223 2.55223 2.15480 2.08628 2.09294 3.41206 3.55898 3.55898 3.55898 3.55898 3.55898 3.55898 3.55898 3.55898 3.55898 3.55898 3.55898 3.55898 3.55898 3.55898
8.45847 8.85009 8.85009 8.85009 8.85009 8.85009 8.85009 8.85009 8.85009 8.85009 8.85009 5.50856 4.05552 4.05552 4.05552 4.05552 4.05552 4.05552 4.05552 4.05552 4.05552 4.05552 4.05552 4.05552 4.05552 4.05552 4.05552 4.05552 4.05552 2.69066 1.22433 1.08016 1.61881 2.01068 2.30858 2.52071 2.55223 2.55223 2.55223 2.55223 2.55223 2.55223 2.55223 2.55223 2.55223 2.55223 2.55223 2.55223 2.28978 2.08628 2.08628 2.96388 3.55898 3.55898 3.55898 3.55898 3.55898 3.55898 3.55898 3.55898 3.55898 3.55898 3.55898 3.55898 3.55898 3.55898
8.85009 8.85009 8.85009 8.85009 8.85009 8.85009 8.85009 8.85009 8.85009 8.85009 8.85009 6.93303 4.05552 4.05552 4.05552 4.05552 4.05552 4.05552 4.05552 4.05552 4.05552 4.05552 4.05552 4.05552 4.05552 4.05552 3.89988 3.30152 2.67642 1.60952 1.76366 2.55223 2.55223 2.55223 2.55223 2.55223 2.55223 2.55223 2.55223 2.55223 2.55223 2.55223 2.55223 2.55223 2.55223 2.55223 2.55223 2.55223 2.42471 2.08628 2.08628 2.62698 3.55898 3.55898 3.55898 3.55898 3.55898 3.55898 3.55898 3.55898 3.55898 3.55898 3.54674 3.49481 3.43981 3.38481
8.85009 8.85009 8.85009 8.85009 8.85009 8.85009 8.85009 8.85009 8.85009 8.85009 8.85009 8.34080 4.07230 4.05552 4.05552 4.05552 4.05552 4.05552 4.05552 4.05552 4.05552 4.03503 3.58178 2.95696 2.33185 1.70646 1.23700 1.21025 1.21025 1.09891 1.23981 2.55223 2.55223 2.55223 2.55223 2.55223 2.55223 2.55223 2.55223 2.55223 2.55223 2.55223 2.55223 2.55223 2.55223 2.55223 2.55223 2.55223 2.53886 2.10701 2.08628 2.37434 3.55898 3.55898 3.55898 3.55898 3.55898 3.55168 3.50313 3.44813 3.39318 3.33815 3.29541 3.29238 3.29238 3.29238
8.85009 8.85009 8.85009 8.85009 8.85009 8.85009 8.85009 8.85009 8.85009 8.85009 8.85009 8.85009 4.98767 4.05552 4.05552 4.05552 4.05552 3.85123 3.23722 2.61211 1.98729 1.38239 1.21025 1.21025 1.21025 1.21025 1.21025 1.21025 1.21025 1.18996 0.922982 2.39169 2.55223 2.55223 2.55223 2.55223 2.55223 2.55223 2.55223 2.55223 2.55223 2.55223 2.55223 2.55223 2.55223 2.55223 2.55223 2.55223 2.55223 2.23826 2.13073 2.26997 3.55536 3.51147 3.45650 3.40150 3.34652 3.29880 3.29238 3.29238 3.29238 3.29238 3.29238 3.29238 3.29238 3.29238
8.85009 8.85009 8.85009 8.85009 8.85009 8.85009 8.85009 8.85009 8.85009 8.85009 8.85009 8.85009 6.37136 3.51804 2.89266 2.26755 1.64245 1.22163 1.21025 1.21025 1.21025 1.21025 1.21025 1.21025 1.21025 1.21025 1.21025 1.21025 1.21025 1.21025 0.956354 2.00957 2.74175 2.80057 2.86247 2.92825 2.99771 3.07162 3.15025 3.23409 3.32404 3.41997 3.52316 3.63376 3.75336 3.88281 4.02340 4.17489 4.24253 3.90649 3.40982 3.35484 3.30349 3.29238 3.29238 3.29238 3.29238 3.29238 3.29238 3.29238 3.29238 3.29238 3.29238 3.29238 3.29238 3.29238
8.85009 8.85009 8.85009 8.85009 8.85009 8.85009 8.85009 8.85009 8.74328 8.39114 8.02976 7.66822 6.04716 1.21025 1.21025 1.21025 1.21025 1.21025 1.21025 1.21025 1.21025 1.21025 1.21025 1.21025 1.21025 1.21025 1.21025 1.21025 1.21025 1.21025 1.21025 2.26432 4.49089 4.49089 4.49089 4.49089 4.49089 4.49089 4.49089 4.49089 4.49089 4.49089 4.49089 4.43257 4.27341 4.11228 3.95123 3.79199 3.73442 3.68288 3.29308 3.29238 3.29238 3.29238 3.29238 3.29238 3.29238 3.29238 3.29238 3.29238 3.29238 3.29238 3.29238 3.29238 3.29238 3.29238
8.85009 8.85009 8.85009 8.84435 8.60491 8.24337 7.88167 7.52028 7.26555 7.25598 7.25598 7.25598 7.21367 1.75799 1.21025 1.21025 1.21025 1.21025 1.21025 1.21025 1.21025 1.21025 1.21025 1.21025 1.21025 1.21025 1.21025 1.21025 1.21025 1.21025 1.21025 1.38148 4.41281 4.49089 4.49089 4.49089 4.49089 4.49089 4.46691 4.32235 4.16130 4.00017 3.83904 3.73624 3.73442 3.73442 3.73442 3.73442 3.73442 3.73442 3.36959 3.29238 3.29238 3.29238 3.29238 3.29238 3.29238 3.29238 3.29238 3.29238 3.29238 3.29238 3.29238 3.29238 3.29238 3.29238
8.45698 8.09544 7.73389 7.37809 7.25598 7.25598 7.25598 7.25598 7.25598 7.25598 7.25598 7.25598 7.25598 3.50317 1.21025 1.21025 1.21025 1.21025 1.21025 1.21025 1.21025 1.21025 1.21025 1.21025 1.21025 1.21025 1.21025 1.21025 1.21025 1.21025 1.21025 1.21025 3.62316 4.48620 4.37137 4.21017 4.04911 3.88814 3.75099 3.73442 3.73442 3.73442 3.73442 3.73442 3.73442 3.73442 3.73442 3.73442 3.73442 3.73442 3.49764 3.29238 3.29238 3.29238 3.29238 3.29238 3.29238 3.29238 3.29238 3.29238 3.29238 3.29238 3.29238 3.29238 3.29238 3.29238
7.25598 7.25598 7.25598 7.25598 7.25598 7.25598 7.25598 7.25598 7.25598 7.25598 7.25598 7.25598 7.25598 5.29071 1.21025 1.21025 1.21025 1.21025 1.21025 1.21025 1.21025 1.21025 1.21025 1.21025 1.21025 1.21025 1.21025 1.21025 1.21025 1.41456 2.00099 2.59634 3.52629 3.78064 3.73442 3.73442 3.73442 3.73442 3.73442 3.73442 3.73442 3.73442 3.73442 3.73442 3.73442 3.73442 3.73442 3.73442 3.73442 3.73442 3.62569 3.29238 3.29238 3.29238 3.29238 3.29238 3.29238 3.29238 3.29238 3.29238 3.29238 3.29238 3.29238 3.29238 3.29238 3.17094
7.25598 7.25598 7.25598 7.25598 7.25598 7.25598 7.25598 7.25598 7.25598 7.25598 7.25598 7.25598 7.25598 6.93438 1.35353 1.21025 1.21025 1.21025 1.21025 1.21025 1.21025 1.21025 1.21025 1.21025 1.25193 1.73091 2.32627 2.92162 3.51697 3.90774 3.91640 3.91640 3.88905 3.73442 3.73442 3.73442 3.73442 3.73442 3.73442 3.73442 3.73442 3.73442 3.73442 3.73442 3.73442 3.73442 3.73442 3.73442 3.73442 3.73442 3.72664 3.31947 3.29238 3.29238 3.29238 3.29238 3.29238 3.29238 3.29238 3.29238 3.21780 2.80486 2.35035 1.89628 1.44177 1.10870
7.25598 7.25598 7.25598 7.25598 7.25598 7.25598 7.25598 7.25598 7.25598 7.25598 7.25598 7.25598 7.25598 7.25598 2.81962 1.21025 1.21025 1.21025 1.21025 1.21025 1.46273 2.05619 2.65155 3.24663 3.80004 3.91640 3.91640 3.91640 3.91640 3.91640 3.91640 3.91640 3.91640 3.76030 3.73442 3.73442 3.73442 3.73442 3.73442 3.73442 3.73442 3.73442 3.73442 3.73442 3.73442 3.73442 3.73442 3.73442 3.73442 3.73442 3.73442 3.43975 3.29238 3.29238 3.29238 3.25344 2.87614 2.42185 1.96778 1.51327 1.13378 1.09242 1.09242 1.09242 1.09242 1.09242
7.25598 7.25598 7.25598 7.25598 7.25598 7.25598 7.25598 7.25598 7.25598 7.25598 7.25598 7.25598 7.25598 7.25598 4.60795 1.27520 1.78612 2.38120 2.97628 3.57164 3.91451 3.91640 3.91640 3.91640 3.91640 3.91640 3.91640 3.91640 3.91640 3.91640 3.91640 3.91640 3.91640 3.81353 3.73442 3.73442 3.73442 3.73442 3.73442 3.73442 3.73442 3.73442 3.73442 3.73442 3.73442 3.73442 3.73442 3.73442 3.73442 3.73442 3.72917 3.34400 2.49335 2.03906 1.58499 1.16986 1.09242 1.09242 1.09242 1.09242 1.09242 1.09242 1.09242 1.09242 1.09242 1.09242
7.25598 7.25598 7.25598 7.25598 7.25598 7.25598 7.25598 7.25598 7.25598 7.25598 7.25598 7.28295 7.34875 7.41472 6.86865 3.83197 3.91640 3.91640 3.91640 3.91640 3.91640 3.91640 3.91640 3.91640 3.91640 3.91640 3.91640 3.91640 3.91640 3.91640 3.91640 3.91640 3.91640 3.86676 3.73442 3.73442 3.73442 3.73442 3.73442 3.73442 3.73442 3.73442 3.73442 3.73442 3.73442 3.73442 3.64862 3.44571 3.24232 3.03884 2.84051 2.62201 1.10153 1.09242 1.09242 1.09242 1.09242 1.09242 1.09242 1.09242 1.09242 1.09242 1.09242 1.09242 1.09242 1.09242
7.25598 7.25598 7.25598 7.25598 7.25598 7.25598 7.25933 7.31009 7.37609 7.44214 7.50819 7.54722 7.54751 7.54751 7.54751 4.46651 3.91640 3.91640 3.91640 3.91640 3.91640 3.91640 3.91640 3.91640 3.91640 3.91640 3.91640 3.91640 3.91640 3.91640 3.91640 3.91640 3.91640 3.91141 3.74297 3.73442 3.73442 3.73442 3.73442 3.73442 3.73442 3.69672 3.50880 3.30531 3.10183 2.89835 2.78067 2.78000 2.78000 2.78000 2.78000 2.78000 1.42997 1.09242 1.09242 1.09242 1.09242 1.09242 1.09242 1.09242 1.09242 1.09242 1.09242 1.09242 1.09242 1.09242
7.25598 7.25598 7.27376 7.33746 7.40353 7.46953 7.53224 7.54751 7.54751 7.54751 7.54751 7.54751 7.54751 7.54751 7.54751 5.53442 3.91640 3.91640 3.91640 3.91640 3.91640 3.91640 3.91640 3.91640 3.91640 3.91640 3.91640 3.91640 3.91640 3.91640 3.91640 3.91640 3.91640 3.91640 3.79124 3.73442 3.72526 3.57179 3.36831 3.16482 2.96134 2.79556 2.78000 2.78000 2.78000 2.78000 2.78000 2.78000 2.78000 2.78000 2.78000 2.78000 1.91655 1.09242 1.09242 1.09242 1.09242 1.09242 1.09242 1.09242 1.09242 1.09242 1.09242 1.09242 1.09242 1.09242
7.43090 7.49693 7.54518 7.54751 7.54751 7.54751 7.54751 7.54751 7.54751 7.54751 7.54751 7.54751 7.54751 7.54751 7.54751 6.60316 3.91640 3.91640 3.91640 3.91640 3.91640 3.91640 3.91640 3.91640 3.91640 3.91640 3.91640 3.91640 3.91640 3.91640 3.91640 3.91640 4.00038 4.20024 3.95596 3.02433 2.83001 2.78000 2.78000 2.78000 2.78000 2.78000 2.78000 2.78000 2.78000 2.78000 2.78000 2.78000 2.78000 2.78000 2.78000 2.78000 2.40309 1.09242 1.09242 1.09242 1.09242 1.09242 1.09242 1.09242 1.09242 1.09242 1.09242 1.09242 1.09242 1.09242
7.54751 7.54751 7.54751 7.54751 7.54751 7.54751 7.54751 7.54751 7.54751 7.54751 7.54751 7.54751 7.54751 7.54751 7.54751 7.46908 4.11974 3.91640 3.91640 3.91640 3.91640 3.91640 3.91640 3.91640 3.91640 3.91640 3.91640 3.93861 4.11114 4.31164 4.51232 4.71291 4.82952 4.83025 4.61104 2.78615 2.78000 2.78000 2.78000 2.78000 2.78000 2.78000 2.78000 2.78000 2.78000 2.78000 2.78000 2.78000 2.78000 2.78000 2.78000 2.78000 2.76178 1.22034 1.09242 1.09242 1.09242 1.09242 1.09242 1.09242 1.09242 1.09242 1.09242 1.17762 1.56282 1.97449
7.54751 7.54751 7.54751 7.54751 7.54751 7.54751 7.54751 7.54751 7.54751 7.54751 7.54751 7.54751 7.54751 7.54751 7.54751 7.54751 5.10922 3.91640 3.91640 3.91640 3.91640 3.91640 3.91640 4.02195 4.22254 4.42313 4.62381 4.80211 4.83025 4.83025 4.83025 4.83025 4.83025 4.83025 4.83025 3.16442 2.78000 2.78000 2.78000 2.78000 2.78000 2.78000 2.78000 2.78000 2.78000 2.78000 2.78000 2.78000 2.78000 2.78000 2.78000 2.78000 2.78000 1.68870 1.09242 1.09242 1.09242 1.09242 1.14000 1.49573 1.90741 2.31908 2.73020 3.05703 3.08311 3.08311
7.54751 7.54751 7.54751 7.54751 7.54751 7.54751 7.54751 7.54751 7.54751 7.54751 7.54751 7.54751 7.54751 7.54751 7.54751 7.54751 6.17750 3.91640 3.95030 4.13344 4.33394 4.53462 4.73512 4.83025 4.83025 4.83025 4.83025 4.83025 4.83025 4.83025 4.83025 4.83025 4.83025 4.83025 4.83025 3.76217 2.78000 2.78000 2.78000 2.78000 2.78000 2.78000 2.78000 2.78000 2.78000 2.78000 2.78000 2.78000 2.78000 2.78000 2.78000 2.78000 2.78000 2.19535 1.42885 1.84012 2.25160 2.66347 3.02737 3.08311 3.08311 3.08311 3.08311 3.08311 3.08311 3.08311
7.54751 7.54751 7.54751 7.54751 7.54751 7.54751 7.54751 7.54751 7.54751 7.54751 7.54751 7.54751 7.54751 7.54706 7.26713 6.75355 6.01098 4.64921 4.81271 4.83025 4.83025 4.83025 4.83025 4.83025 4.83025 4.83025 4.83025 4.83025 4.83025 4.83025 4.83025 4.83025 4.83025 4.83025 4.83025 4.35967 2.78000 2.78000 2.78000 2.78000 2.78000 2.78000 2.78000 2.78000 2.78000 2.78000 2.78000 2.78000 2.78000 2.95682 3.30256 3.64819 3.99355 4.21737 3.09553 3.08311 3.08311 3.08311 3.08311 3.08311 3.08311 3.08311 3.08311 3.08311 3.08311 3.08311
7.54751 7.54751 7.54751 7.54751 7.54751 7.54751 7.54751 7.54751 7.54751 7.49239 7.05208 6.53918 6.02561 5.51248 5.27906 5.27906 5.27906 4.92593 4.83025 4.83025 4.83025 4.83025 4.83025 4.83025 4.83025 4.83025 4.83025 4.83025 4.83025 4.83025 4.83025 4.83025 4.83025 4.83025 4.83025 4.80565 2.93193 2.78000 2.78000 2.78000 2.78000 2.78000 2.78000 2.78000 2.86719 3.19794 3.54379 3.88931 4.23499 4.40369 4.40369 4.40369 4.40369 4.40369 3.37116 3.08311 3.08311 3.08311 3.08311 3.08311 3.08311 3.08311 3.08311 3.08311 3.08311 3.08311
7.54751 7.54751 7.54751 7.54751 7.54751 7.34744 6.83771 6.32413 5.81061 5.35278 5.27906 5.27906 5.27906 5.27906 5.27906 5.27906 5.27906 5.05858 4.83025 4.83025 4.83025 4.83025 4.83025 4.83025 4.83025 4.83025 4.83025 4.83025 4.83025 4.83025 4.83025 4.83025 4.83025 4.83025 4.83025 4.83025 3.50477 2.78000 2.78000 2.80874 3.09370 3.43906 3.78490 4.13042 4.38908 4.40369 4.40369 4.40369 4.40369 4.40369 4.40369 4.40369 4.40369 4.40369 3.75192 3.08311 3.08311 3.08311 3.08311 3.08311 3.08311 3.08311 3.08311 3.08311 3.08311 3.08311
7.52438 7.13624 6.62289 6.10954 5.59596 5.28268 5.27906 5.27906 5.27906 5.27906 5.27906 5.27906 5.27906 5.27906 5.27906 5.27906 5.27906 5.19123 4.83025 4.83025 4.83025 4.83025 4.83025 4.83025 4.83025 4.83025 4.83025 4.83025 4.83025 4.83025 4.83025 4.83025 4.83025 4.83025 4.82981 4.65371 3.94868 3.68050 4.02602 4.34297 4.40369 4.40369 4.40369 4.40369 4.40369 4.40369 4.40369 4.40369 4.40369 4.40369 4.40369 4.40369 4.40369 4.40369 4.13268 3.08311 3.08311 3.08311 3.08311 3.08311 3.08311 3.08311 3.08311 3.08311 3.08311 3.08311
5.40450 5.27906 5.27906 5.27906 5.27906 5.27906 5.27906 5.27906 5.27906 5.27906 5.27906 5.27906 5.27906 5.27906 5.27906 5.27906 5.27906 5.27735 4.87688 4.83025 4.83025 4.83025 4.83025 4.83025 4.83025 4.83025 4.83025 4.83025 4.83025 4.83025 4.77311 4.47716 4.15514 3.83281 3.51123 3.36516 3.44305 4.39175 4.40369 4.40369 4.40369 4.40369 4.40369 4.40369 4.40369 4.40369 4.40369 4.40369 4.40369 4.40369 4.40369 4.40369 4.40369 4.40369 4.39524 3.20144 3.08311 3.08311 3.08311 3.08311 3.08311 3.08311 3.08311 3.08311 3.08311 3.08311
