High_resolution/powerplant/Fengdu/OMI_NO2_2010_06-08.asc
ncols      200
nrows      200
xllcorner       105.978
yllcorner       28.1831
cellsize     0.0166667
NODATA_Value      -999.000
[rows 0 to 28 of 200, columns 66 to 131 of 200]
1.40007 1.40007 1.40007 1.40007 0.00000 0.00000 0.00000 0.00000 0.00000 0.00000 0.264546 0.396819 0.396819 0.396819 0.396819 0.396819 0.396819 0.396819 0.902938 0.902938 0.902938 0.902938 0.902938 0.902938 1.11962 1.15488 0.758066 0.758066 0.505377 0.00000 0.00000 0.00000 0.00000 0.00000 0.00000 1.93035 1.93035 1.93035 1.93035 1.93035 1.93035 1.93035 1.93035 1.93035 0.00000 0.00000 0.00000 0.00000 0.00000 0.00000 0.00000 0.00000 0.788517 0.788517 0.788517 0.788517 0.788517 0.788517 0.788517 0.788517 0.788517 0.394259 0.525678 1.46906 1.71378 2.08696
1.40007 1.40007 1.40007 1.40007 0.00000 0.00000 0.00000 0.00000 0.00000 0.00000 0.264546 0.396819 0.396819 0.902938 0.902938 0.902938 0.902938 0.902938 0.902938 0.902938 0.902938 0.902938 0.902938 0.902938 0.973570 1.15488 1.15488 0.758066 0.505377 0.00000 1.93035 1.93035 1.93035 1.93035 1.93035 1.93035 1.93035 1.93035 1.93035 1.93035 1.93035 1.93035 1.93035 1.93035 0.00000 0.00000 0.00000 0.00000 0.788517 0.788517 0.788517 0.788517 0.788517 0.788517 0.788517 0.788517 0.788517 0.788517 0.788517 0.788517 0.788517 1.14063 1.02326 1.51320 2.08696 2.08696
1.40007 1.40007 1.40007 1.40007 0.00000 0.00000 0.00000 0.00000 0.00000 1.01224 0.939372 0.902938 0.902938 0.902938 0.902938 0.902938 0.902938 0.902938 0.902938 0.902938 0.902938 0.902938 0.902938 0.902938 0.902938 1.16753 1.34626 1.72324 1.79228 1.93035 1.93035 1.93035 1.93035 1.93035 1.93035 1.93035 1.93035 1.93035 1.93035 1.93035 1.93035 1.93035 1.93035 1.93035 0.788517 0.788517 0.788517 0.788517 0.788517 0.788517 0.788517 0.788517 0.788517 0.788517 0.788517 0.788517 0.788517 0.788517 0.788517 1.14063 1.02326 1.14063 1.07021 1.24690 2.06555 2.04784
1.40007 1.40007 1.40007 1.40007 1.40007 1.01224 1.01224 1.01224 0.991628 0.906661 0.902938 0.866505 0.866505 0.866505 0.866505 0.866505 0.866505 0.866505 0.866505 0.866505 0.883365 0.988429 1.10623 1.22403 1.34183 1.60179 1.67014 1.79228 1.82679 1.93035 1.93035 1.93035 1.93035 1.93035 1.93035 1.93035 1.93035 1.93035 1.93035 1.93035 1.93035 1.93035 1.93035 1.93035 0.788517 0.788517 0.788517 0.788517 0.788517 0.788517 0.788517 0.788517 0.788517 0.788517 0.788517 0.788517 0.788517 0.788517 0.788517 1.02319 0.975282 1.07629 1.05470 1.05358 1.57541 1.66652
1.40007 1.38310 1.34618 1.30918 1.09242 1.01224 1.01224 1.01224 1.07328 0.867844 0.902938 0.866505 0.866505 0.866505 0.866505 0.883365 0.988429 1.10623 1.22403 1.34183 1.44342 1.45669 1.45669 1.45669 1.45669 1.53476 1.62906 1.78406 1.82679 1.93035 1.93035 1.93035 1.93035 1.93035 1.93035 1.93035 1.93035 1.93035 1.93035 1.93035 1.93035 1.93035 1.93035 1.93035 1.80627 0.788517 0.788517 0.788517 0.788517 0.788517 0.788517 0.788517 0.788517 0.788517 0.787167 0.777029 0.768040 0.761221 0.755873 0.937957 0.941416 1.10665 1.07724 1.06160 1.37547 1.66456
1.26695 1.24693 1.24690 1.24690 1.14987 1.01224 1.01224 1.01224 1.12892 0.831180 0.915584 0.988429 1.10623 1.22403 1.34183 1.44342 1.45669 1.45669 1.45669 1.45669 1.45669 1.45669 1.45669 1.45669 1.45669 1.46252 1.61226 1.69319 1.76611 1.93035 1.93035 1.93035 1.93035 1.93035 1.93035 1.93035 1.93035 1.93035 1.93035 1.93035 1.93035 1.93035 1.93035 1.93035 1.93035 0.788517 0.788517 0.788517 0.788517 0.784598 0.773845 0.765649 0.759371 0.754400 0.750716 0.750135 0.750135 0.750135 0.750135 0.949196 0.908072 1.10590 1.08142 1.07131 1.20914 1.63333
1.34660 1.34633 1.34633 1.34633 1.33003 1.19269 1.21462 1.24301 1.32320 1.11512 1.30336 1.45669 1.45669 1.45669 1.45669 1.45669 1.45669 1.45669 1.45669 1.45669 1.45669 1.45669 1.45669 1.45669 1.45669 1.43541 1.44137 1.51012 1.69190 1.93035 1.93035 1.93035 1.93035 1.93035 1.93035 1.93035 1.93035 1.93035 1.93035 1.93035 1.93035 1.93035 1.93035 1.93048 1.88721 0.750155 0.763464 0.757651 0.753015 0.750241 0.750135 0.750135 0.750135 0.750135 0.750135 0.750135 0.750135 0.750135 0.750135 0.970380 0.913640 1.12836 1.12122 1.13327 1.16720 1.55901
1.43975 1.36613 1.39450 1.42288 1.45124 1.35500 1.24817 1.24817 1.32681 1.18491 1.19902 1.34558 1.34558 1.34558 1.34558 1.34558 1.34558 1.34558 1.34558 1.34558 1.34538 1.29287 1.19996 1.10705 1.01410 0.950383 1.28217 1.52224 1.73869 1.93035 1.93035 1.93035 1.93035 1.93035 1.93035 1.93035 1.93035 1.93035 1.93224 1.99249 2.08007 2.16753 2.25503 2.34239 2.22033 0.722158 0.749280 0.750135 0.750135 0.750135 0.750135 0.750135 0.750135 0.750135 0.750135 0.750089 0.749666 0.749161 0.748655 0.980614 0.916237 1.09208 1.13561 1.14063 1.16301 1.44286
1.67238 1.60142 1.60142 1.60142 1.60142 1.54634 1.32681 1.32552 1.31992 1.16184 1.12285 1.23447 1.23447 1.23447 1.23447 1.23447 1.22721 1.13008 1.00620 0.882316 0.758701 0.704838 0.704838 0.704838 0.704838 0.704838 1.00305 1.44480 1.65458 1.93035 1.93035 1.93035 1.93035 1.93626 2.00625 2.09379 2.18125 2.26879 2.35439 2.38160 2.38160 2.38160 2.38160 2.38160 2.38160 1.04252 0.742887 0.750135 0.750135 0.750135 0.750135 0.749897 0.749392 0.748886 0.748381 0.747921 0.747838 0.747838 0.747838 0.984945 0.918718 0.980305 1.05966 1.05595 1.07620 1.26748
1.49142 1.60142 1.60142 1.53495 1.40561 1.25807 1.02378 0.938903 0.888984 0.910213 1.05782 1.22616 1.21084 1.09602 0.972140 0.848208 0.731637 0.704838 0.704838 0.704838 0.704838 0.704838 0.704838 0.704838 0.704838 0.704838 0.948357 1.44474 1.60994 2.01997 2.10756 2.19501 2.28251 2.36414 2.38160 2.38160 2.38160 2.38160 2.38160 2.38160 2.38160 2.37517 2.36185 2.35197 2.35716 1.52622 0.732633 0.749623 0.749118 0.748612 0.748106 0.747839 0.747838 0.747838 0.747838 0.747838 0.747838 0.984926 0.937311 1.06320 0.979584 0.981337 1.05973 1.06623 1.08872 1.07246
1.17515 1.18861 1.10782 1.06596 1.06596 1.06596 0.911499 0.858170 0.821149 0.728756 0.753277 0.955575 0.955150 0.948357 0.948357 0.948357 0.948357 0.948357 0.948357 0.948357 0.948357 0.948357 0.948357 0.968678 1.10402 1.25738 1.64933 2.20266 2.49253 2.38160 2.38160 2.38160 2.38160 2.38160 2.38160 2.38160 2.37293 2.36014 2.35069 2.34341 2.33764 2.33461 2.33457 2.33457 2.33942 2.00976 0.717080 0.747624 0.747838 0.747838 0.747838 0.747838 0.747838 0.747838 0.747838 0.747838 0.747838 0.982642 0.935650 1.06086 0.981491 0.972098 1.05883 1.10030 1.17457 1.18847
1.06376 1.02987 1.06596 1.06714 1.23315 1.51788 1.12543 0.517395 0.461466 0.460950 0.511452 0.806002 0.948357 0.948357 0.948357 0.948357 0.948357 0.948357 0.967911 1.10249 1.25677 1.41074 1.56411 1.69715 1.71517 1.71517 2.01464 2.29012 2.46273 2.45265 2.38132 2.37066 2.35850 2.34944 2.34243 2.33686 2.33457 2.33457 2.33457 2.33457 2.33457 2.33457 2.33457 2.33457 2.33465 2.35689 0.841166 0.742934 0.747838 0.747838 0.747838 0.747838 0.747838 0.747838 0.747838 0.747838 0.747838 0.935883 0.907170 0.913832 0.891668 1.00712 1.19118 1.35703 1.34936 1.33136
1.19099 1.34103 1.84306 2.12661 2.24498 2.24498 1.73735 0.460950 0.509580 0.542000 0.551386 0.897507 1.18936 1.21795 1.39738 1.60187 1.80635 2.01083 2.18924 2.21429 2.21429 2.21429 2.21429 2.21429 2.21429 2.21316 2.43790 3.14401 2.98591 2.51783 2.33617 2.33457 2.33457 2.33457 2.33457 2.33457 2.33457 2.33457 2.33457 2.33457 2.33457 2.33457 2.33457 2.33457 2.33457 2.35508 1.30756 0.734264 0.747838 0.747838 0.747838 0.747838 0.748756 0.752544 0.757402 0.763566 0.771661 0.962701 0.934419 0.929927 0.911677 1.02338 1.08573 1.35514 1.34936 1.34177
1.51135 1.47851 1.85976 1.85976 1.85976 1.85976 1.85347 0.612596 0.510707 0.557372 0.574876 0.821061 1.78550 2.43567 2.46385 2.46385 2.46385 2.46385 2.46385 2.46385 2.46258 2.43790 2.41246 2.39358 2.37901 2.36776 2.50808 3.08066 2.98190 2.60982 2.33457 2.33457 2.33457 2.33457 2.33457 2.33457 2.33457 2.33457 2.33457 2.33457 2.33457 2.33457 2.33457 2.33457 2.33457 2.34346 1.79142 0.721861 0.753954 0.759175 0.765862 0.774751 0.783422 0.783924 0.783924 0.783924 0.783924 0.964518 0.934419 0.929927 0.911677 1.03026 1.02125 1.28785 1.34031 1.38960
1.63857 1.47525 1.75106 1.86005 2.09839 2.10888 2.05539 1.15404 0.521853 0.524401 0.524401 0.614040 1.26813 2.01464 2.01464 2.01362 1.99388 1.97353 1.95842 1.94677 1.93777 1.93551 1.93551 1.94028 2.46888 2.61733 2.82892 3.08066 3.06750 2.73511 2.34185 2.33457 2.33457 2.33457 2.33457 2.33457 2.33457 2.33457 2.33457 2.33457 2.33457 2.33295 2.27677 2.19369 2.11060 2.02070 1.62001 1.52593 0.783924 0.783924 0.783924 0.783924 0.783924 0.783924 0.783924 0.783924 0.783924 0.964518 0.934419 1.02131 1.02131 0.891504 1.01385 1.67790 1.63330 1.63330
1.56003 1.36941 1.37125 1.55373 1.92321 1.92321 1.92321 1.55029 0.524401 0.422200 0.422960 0.463638 0.845248 1.66832 1.65860 1.65111 1.64923 1.64923 1.64923 1.68182 1.93675 2.23392 2.53108 2.82228 2.97191 2.97191 2.99910 3.08066 3.08066 2.84466 2.43732 2.33457 2.33457 2.33457 2.33457 2.33457 2.32961 2.26424 2.18120 2.09807 2.01502 1.93361 1.90674 1.90674 1.90674 1.90674 1.68386 1.52593 0.783924 0.783924 0.783924 0.783924 0.783924 0.783924 0.783924 0.783924 0.783924 0.587943 0.627139 0.146174 0.146174 0.341993 0.490967 1.75457 1.75457 1.75516
1.83058 1.79986 1.69223 1.55914 1.92321 1.92328 1.94940 1.97002 0.738504 0.534007 0.564696 0.574277 0.834707 1.60067 1.64923 1.72976 2.01666 2.31369 2.61073 2.87555 2.91753 2.91753 2.91753 2.91753 2.97191 2.97191 2.99910 3.08066 3.08066 2.94134 2.55889 2.32431 2.25170 2.16870 2.08557 2.00253 1.92445 1.90674 1.90674 1.90674 1.90674 1.90674 1.90674 1.90674 1.89260 1.84880 1.69559 1.52593 0.783924 0.783924 0.783924 0.783924 0.783924 0.783924 0.00000 0.00000 0.00000 0.00000 0.00000 0.146174 0.146174 0.146174 0.508503 1.84008 1.86691 1.89300
2.18481 2.20656 2.19180 2.04093 2.08312 1.95324 2.02789 1.97851 1.26545 0.752516 0.752516 0.902430 1.45268 2.31930 2.82064 2.96506 2.97191 2.97191 2.97191 2.97191 2.97191 2.97191 2.97191 2.97191 3.01541 2.99910 3.00789 3.01027 2.94147 2.82997 2.39324 1.91722 1.90674 1.90674 1.90674 1.90674 1.90674 1.90674 1.90674 1.88703 1.84143 1.78420 1.71000 1.61025 1.52737 1.66844 1.87617 2.09518 2.88502 2.53492 0.00000 0.00000 0.00000 0.00000 0.00000 0.00000 0.00000 0.00000 0.00000 0.175409 0.175409 0.146174 0.559052 0.673510 1.90132 1.90132
2.27242 2.30548 2.28640 2.20448 2.15133 2.15133 2.14470 1.94995 1.51222 1.57653 1.87383 2.02082 2.13698 2.58380 2.97191 2.97191 2.97191 2.97191 2.97191 2.97191 2.97191 2.96564 2.92498 2.87912 2.84902 2.79151 2.74633 2.73632 2.73632 2.73632 2.45943 1.96941 1.90674 1.90628 1.88092 1.83383 1.77447 1.69719 1.59251 1.52593 1.55312 1.76349 1.94271 2.07307 2.17223 2.21250 2.21250 2.21408 2.77685 2.89906 0.00000 0.00000 0.00000 0.00000 0.00000 0.00000 0.00000 0.00000 0.00000 0.175409 1.96060 1.96060 2.18409 2.30279 2.04534 1.56815
2.22842 2.24866 2.23936 2.08026 1.62824 1.34792 1.11692 1.08818 1.11825 1.75228 1.77629 1.77629 1.78746 2.32898 2.98938 3.01541 3.00789 2.95910 2.90406 2.84902 2.79398 2.74633 2.73994 2.73994 2.73632 2.73632 2.73632 2.73632 2.73405 2.67976 2.51339 2.05043 1.68381 1.57542 1.52593 1.52593 1.62635 1.84475 2.00112 2.11701 2.19927 2.21250 2.21250 2.21250 2.21250 2.21250 2.21250 2.21250 2.51923 2.89906 0.00000 0.00000 0.00000 0.00000 0.00000 2.97533 2.97533 1.98355 2.23150 1.96060 1.96060 1.96060 1.70692 2.26366 2.28167 1.54788
1.87036 1.70285 1.59826 1.53807 1.03131 0.988658 1.04837 1.08818 1.08818 1.56649 1.77629 1.78845 1.90154 2.40555 2.84907 2.79398 2.74633 2.73994 2.73994 2.73994 2.73994 2.73994 2.73994 2.73812 2.67976 2.60383 2.52790 2.45198 2.37833 2.35669 2.38074 2.23876 1.72464 1.91523 2.05265 2.15647 2.21143 2.21250 2.21250 2.21250 2.21250 2.21250 2.21250 2.21250 2.21250 2.21250 2.21250 2.21250 2.34738 2.89906 2.95152 2.97533 2.97533 2.97533 2.97533 2.97533 2.97533 1.98355 2.23150 1.96060 1.96060 1.96060 1.70692 2.14990 2.27678 1.71748
1.65760 1.57575 1.66732 1.67565 1.10667 0.928943 0.991990 1.06539 1.16692 1.66192 2.40190 2.49406 2.51082 2.66495 2.92286 2.74235 2.74235 2.74235 2.74083 2.70464 2.65402 2.60341 2.50238 2.44101 2.35669 2.35669 2.35669 2.36458 2.40384 2.43934 2.49316 2.67203 2.23131 2.21250 2.21250 2.21250 2.21250 2.21250 2.21250 2.21250 2.21250 2.21250 2.21250 2.21250 2.21099 2.12278 1.98395 1.84489 1.74746 2.90624 2.95739 2.97533 2.97533 2.97533 2.97533 2.97533 2.97533 2.22597 2.59521 2.19052 2.10162 2.03905 1.96208 1.99094 2.17058 2.08555
1.50199 1.39302 1.56771 1.66469 1.67715 1.48508 1.60280 1.47866 1.47866 1.56154 2.49771 2.51082 2.59202 2.54966 2.94978 2.66464 2.61851 2.57295 2.52876 2.51578 2.51578 2.51578 2.42717 2.39661 2.41435 2.44796 2.47596 2.49603 2.49809 2.49809 2.51523 2.63685 2.35954 2.21250 2.21250 2.21250 2.21250 2.21250 2.21250 2.20597 2.10048 1.96150 1.82252 1.68368 1.54606 1.49536 1.49536 1.49536 1.49536 2.57828 2.94632 2.97533 2.93709 2.74170 2.57970 2.45647 2.36001 2.30535 2.31516 2.33935 2.35973 2.37421 2.37552 2.37552 2.42237 2.63134
1.81335 1.79590 1.76769 1.70912 1.76681 1.63637 1.63637 1.47866 1.47880 1.51547 2.37018 2.72243 2.82002 3.02831 2.83720 2.56602 2.51578 2.51578 2.47821 2.40053 2.32854 2.25251 2.33712 2.34558 2.49809 2.49809 2.49809 2.49809 2.49809 2.49809 2.50311 2.58698 2.50554 2.21250 2.19736 2.07810 1.93912 1.80022 1.66131 1.52878 1.49536 1.49536 1.49536 1.49536 1.49536 1.49536 1.49536 1.49536 1.49808 2.05198 2.59479 2.33692 2.27953 2.30289 2.32913 2.35108 2.36953 2.37552 2.37552 2.37552 2.37552 2.37552 2.37552 2.37552 2.37569 2.71095
1.71630 1.61898 1.54931 1.61898 1.70672 1.75900 1.86961 1.79739 1.96829 2.06361 2.51797 3.09577 2.98199 3.09420 2.85585 2.50007 2.30821 2.23115 2.18879 2.19350 2.19350 2.19350 2.34579 2.34579 2.49809 2.49809 2.49809 2.49809 2.49809 2.50476 2.54914 2.64505 2.81911 1.64068 1.51508 1.49536 1.49536 1.49536 1.49536 1.49536 1.49536 1.49536 1.49536 1.49536 1.49536 1.49536 1.49536 1.49610 1.53713 1.75049 2.58548 2.42559 2.37483 2.37552 2.37552 2.37552 2.37552 2.37552 2.37552 2.37552 2.37552 2.37552 2.37552 2.37552 2.37552 2.57664
1.77997 1.75443 1.78705 1.98560 2.15010 2.57105 2.52145 2.33831 2.33831 2.34464 2.49559 2.89464 2.75161 2.71168 2.66437 2.44883 2.28052 2.28052 2.28052 2.21253 2.21253 2.21253 2.30772 2.28052 2.37669 2.38663 2.42686 2.46709 2.50732 2.57579 2.54695 2.56293 2.25212 1.32729 1.19629 1.19629 1.19629 1.12152 1.12152 1.49536 1.49536 1.49536 1.49536 1.50521 1.56147 1.62374 1.68604 1.74748 1.76967 1.70642 2.54725 2.52554 2.37552 2.37552 2.37552 2.37552 2.37552 2.37552 2.37552 2.37552 2.37552 2.37552 2.37552 2.37036 2.27075 2.20150
2.19617 2.27839 2.26105 2.33864 2.42771 2.78439 2.80282 2.85326 2.90372 2.95023 2.89581 2.75609 2.76592 2.83454 2.87925 2.64162 2.39140 2.37118 2.37118 2.28510 2.31662 2.35254 2.51884 2.53902 2.57558 2.54695 2.54695 2.54695 2.54695 2.58071 2.54695 2.55418 2.63068 1.67670 1.19629 1.51626 1.51626 1.52148 1.52148 1.52460 1.58681 1.64908 1.71132 1.76369 1.76967 1.76967 1.76967 1.76967 1.76967 1.72205 2.27166 2.61155 2.37552 2.37552 2.37552 2.37552 2.37552 2.37552 2.35136 2.22743 2.09268 1.95786 1.82325 1.69352 1.65838 1.65997
2.33864 2.34648 2.30799 2.41208 2.51667 2.77958 2.95941 2.95941 2.95941 2.95941 2.95941 2.76171 2.76592 2.76592 2.83190 2.63039 2.44973 2.46669 2.50692 2.40778 2.41189 2.41189 2.58071 2.54695 2.54695 2.49630 2.49728 2.57073 2.60631 2.68571 2.69656 2.75295 2.73388 2.42630 1.51977 1.55990 1.60970 1.65949 1.70928 1.76964 1.76967 1.76967 1.76967 1.76967 1.76967 1.76967 1.76967 1.76967 1.76967 1.74371 1.99437 2.65813 2.41512 2.31837 2.18405 2.04922 1.91454 1.77986 1.66907 1.65838 1.65838 1.65838 1.65838 1.65838 1.65838 1.65838
2.52081 2.54288 2.47799 2.47799 2.54432 2.68579 2.96004 2.95941 2.95941 2.95941 2.95941 2.74673 2.66684 2.60835 2.53527 2.41648 2.38479 2.49630 2.49630 2.34436 2.41189 2.41276 2.60579 2.60670 2.64820 2.63706 2.68975 2.77096 2.77096 2.81406 2.74438 2.64450 2.74683 2.93411 1.81825 1.74136 1.74136 1.74136 1.74136 1.76967 1.76967 1.76967 1.76967 1.76967 1.76967 1.76967 1.76967 1.77004 1.79538 1.83164 1.81324 2.15108 1.86194 1.65874 1.65838 1.65838 1.65838 1.65838 1.65838 1.65838 1.65729 1.61297 1.54669 1.48041 1.42384 1.39500
