High_resolution/powerplant/Fengdu/OMI_NO2_2010_06-08.asc
ncols      200
nrows      200
xllcorner       105.978
yllcorner       28.1831
cellsize     0.0166667
NODATA_Value      -999.000
[rows 145 to 173 of 200, columns 66 to 131 of 200]
0.816682 0.868785 0.891500 1.20021 1.34644 1.41544 1.38963 1.34444 1.37426 1.36068 1.40364 1.45986 1.53525 1.53312 1.49366 1.55930 1.39335 1.51189 1.39335 1.60079 1.51189 1.66993 1.52115 1.22756 1.19330 1.05366 1.56102 1.57151 1.57151 1.57151 1.57151 1.57151 1.57138 1.54477 1.54480 1.54680 1.54880 1.59771 1.53010 1.86874 1.51609 1.90632 1.70561 1.70561 1.56224 1.56224 1.56224 1.18680 0.718441 0.558426 0.694462 0.895178 0.895178 0.725285 0.725285 0.725285 0.846166 0.940184 0.846166 1.18463 1.05771 1.05771 1.20881 1.12822 1.12822 1.12822
0.857653 0.857653 0.857653 1.05470 1.31412 1.42731 1.53866 1.57457 1.60027 1.49905 1.49905 1.49905 1.24700 1.42503 1.42498 1.68006 1.39335 1.55930 1.37346 1.51807 1.26484 1.04260 0.962271 0.820381 0.878979 0.820381 1.48872 1.57151 1.58810 1.62235 1.65660 1.69087 1.72381 1.59932 1.55095 1.55095 1.55095 1.55538 1.51807 1.96212 1.63540 1.97931 1.81711 1.80049 1.63702 1.58664 1.53625 1.29798 0.510017 0.510017 0.486308 0.846166 0.846166 0.846166 0.752147 0.752147 0.846166 0.923090 0.769241 1.01540 0.846166 0.846166 0.967046 0.846165 0.846165 0.835776
0.898257 0.870904 0.834539 1.04907 1.58406 1.65333 1.75315 1.75315 1.57672 1.49123 1.49123 1.49123 1.49123 1.50163 1.66481 1.74934 1.33407 1.12032 0.773882 0.804038 0.788010 0.788010 0.910022 1.02057 0.881649 0.839722 1.28562 1.54361 1.55949 1.55949 1.55949 1.55949 1.55949 1.48633 1.39586 1.39586 1.39586 1.39586 1.29239 1.83800 1.47414 1.89002 1.62715 1.60905 1.60877 1.60795 1.52244 1.30266 0.522206 0.522206 0.463253 0.915934 0.967046 0.967046 0.940184 0.940184 1.01540 1.12822 0.987193 1.12822 1.00293 0.966016 1.03163 0.928031 0.888912 0.862782
0.705428 0.705428 0.705428 0.587057 1.27533 1.40763 1.30336 1.49123 1.49123 1.49123 1.46569 1.36680 1.23070 1.03550 1.01487 0.971470 0.788010 0.804038 0.763004 0.903244 0.983305 1.08606 1.07418 1.06010 1.06226 0.956036 1.14740 1.55949 1.55949 1.55949 1.55949 1.55949 1.56122 1.56309 1.45050 1.48661 1.52831 1.57681 1.22006 1.74632 1.60877 1.98931 1.59235 1.40019 1.13880 0.765609 0.569551 0.569551 0.569551 0.569551 0.569551 0.812724 1.01540 1.01540 0.967046 0.954886 1.00588 1.20308 0.989482 1.10581 0.986036 0.985276 0.985276 0.985276 0.985276 0.985276
0.654929 0.654929 0.654929 0.716329 1.47607 1.75954 1.63911 1.67042 1.49313 1.24143 0.990936 0.979696 0.979696 1.02965 1.04270 1.05907 0.860496 1.04029 0.913217 1.16132 1.08390 1.08390 1.16132 1.06545 1.06226 0.956036 0.966565 1.54450 1.61882 1.66578 1.71976 1.78205 1.85164 1.87085 1.65682 1.62550 1.62550 1.61141 1.11689 1.38327 1.01335 0.795210 0.569551 0.569551 0.569551 0.569551 0.569551 0.569551 0.569551 0.569551 0.593223 0.715115 0.928087 0.890534 0.812362 0.788757 0.862117 1.07286 0.919591 1.07286 0.985276 0.985276 0.985276 0.985276 0.985276 0.985276
0.764084 0.764084 0.984500 1.58360 1.91767 1.16223 0.867123 1.00050 1.00050 1.00473 1.02554 0.863914 0.885317 1.01551 1.02641 1.02641 1.01856 1.16132 0.929057 1.16132 1.16132 1.14357 1.11897 1.07141 1.14706 1.07476 1.08027 1.85247 2.07883 2.07883 2.07883 2.07883 2.07883 2.05536 1.73999 1.17775 0.920615 0.569516 0.444348 0.541933 0.488782 0.569551 0.510017 0.510017 0.510017 0.523158 0.583023 0.646988 0.711047 0.774981 0.819251 0.712893 0.690063 0.689693 0.689693 0.827632 0.877791 1.12859 0.965571 1.10351 1.03454 1.03454 1.03454 1.03454 1.03454 1.03454
1.85201 2.12219 2.26848 2.38651 2.52182 0.992994 0.854683 0.876077 0.897481 0.914856 0.916440 0.855344 0.855344 0.962262 0.962262 0.961946 0.820844 0.962220 0.819437 0.978857 0.942542 0.917420 0.976096 0.948469 1.21939 1.21939 1.21939 1.76963 2.33869 2.29532 2.13431 1.91540 1.60974 1.25767 1.03587 0.484611 0.522206 0.522206 0.453349 0.569551 0.517970 0.573889 0.577042 0.631896 0.686697 0.730260 0.733775 0.733775 0.733775 0.733775 0.733775 0.733775 0.596135 0.591166 0.613061 0.766326 0.766326 1.07286 0.862117 1.03454 0.985276 0.985276 0.985276 0.985276 0.985276 0.985276
2.04811 2.05683 2.29535 2.42060 2.60456 1.72819 0.916440 0.916440 0.916440 0.916440 0.905496 0.802885 0.768841 0.835445 0.649655 0.705103 0.612436 0.762553 0.610060 0.697211 0.697211 0.697211 0.762575 0.698014 0.894114 0.929057 0.929057 0.992288 1.17788 0.938218 0.929057 0.929057 0.929057 0.929057 0.909281 0.420205 0.556620 0.657726 0.615639 0.865438 0.812634 0.820680 0.733775 0.733775 0.733775 0.733775 0.733775 0.733775 0.733775 0.733775 0.733775 0.733775 0.602171 0.591166 0.613061 0.766326 0.766326 1.07286 0.985276 1.14949 1.10351 1.10351 1.10351 1.10351 1.10351 1.10351
1.73864 1.73887 1.98728 2.17359 2.31850 1.92808 0.855776 0.894591 0.795015 0.641546 0.630198 0.699135 0.699135 1.04870 0.699135 0.786527 0.629222 0.795603 0.610060 0.610060 0.697211 0.697211 0.762575 0.697211 0.809657 0.929057 0.929057 0.929057 0.929057 0.929057 0.929040 0.926065 0.920939 0.915812 0.910684 0.728170 0.841083 0.877249 0.729493 0.942346 0.820680 0.820680 0.733775 0.733775 0.733775 0.733775 0.733775 0.733775 0.733775 0.733775 0.733775 0.612433 0.608199 0.591166 0.613061 0.766326 0.766326 1.03454 0.919591 1.10351 1.03454 1.03454 1.03454 1.03454 1.03454 1.03454
1.86945 1.80586 1.97065 2.04598 2.13981 2.05704 1.08403 1.07216 0.988649 0.699135 0.699135 0.786527 0.786527 1.04870 0.786527 0.838962 0.629222 0.762450 0.610060 0.610060 0.697211 0.697211 0.762575 0.697211 0.751807 0.929057 0.927418 0.922396 0.917270 0.912147 0.907039 0.904888 0.904888 0.904888 0.904888 0.757903 0.841083 0.946219 0.799445 0.986588 0.888272 0.888272 0.820680 0.820680 0.820680 0.820680 0.820680 0.714505 0.714505 0.714505 0.714505 0.714505 0.793738 0.768823 0.752393 0.919591 0.877791 1.10351 1.03454 1.18233 1.14949 1.14949 1.14949 1.14061 1.11398 1.08677
1.48149 1.48149 1.69314 1.85187 1.97532 1.97532 1.34911 1.07216 1.06712 0.723307 0.699135 0.786527 0.786527 1.04870 0.786527 0.838962 0.629222 0.729299 0.610060 0.610060 0.697211 0.696872 0.694609 0.605540 0.614714 0.794377 0.791868 0.791777 0.791777 0.791777 0.791777 0.791777 0.791777 0.791777 0.678666 0.583390 0.619436 0.617659 0.557370 0.624159 0.610980 0.785288 0.714505 0.714505 0.714505 0.714505 0.714505 0.714505 0.714505 0.714505 0.714505 0.714505 0.816577 0.931781 0.862117 1.07286 1.03454 1.20696 1.14024 1.11344 1.08645 1.05929 1.03208 1.01391 1.01345 1.01345
1.48149 1.48149 1.69314 1.85187 1.97532 1.97532 1.64466 1.07216 1.07216 0.820817 0.699135 0.786527 0.786527 0.786527 0.629222 0.699135 0.524359 0.601972 0.516262 0.603938 0.687651 0.685428 0.685127 0.599486 0.599486 0.737819 0.791777 0.791777 0.791777 0.791777 0.745682 0.649237 0.576169 0.519102 0.405844 0.327487 0.395977 0.387124 0.387124 0.483905 0.442645 0.714505 0.714505 0.714505 0.714505 0.714505 0.714505 0.714505 0.714505 0.714505 0.714505 0.714505 0.816577 0.915917 0.834874 1.01356 0.952886 1.08340 1.01386 1.01345 1.01345 1.01345 1.01345 1.01345 1.01345 1.01345
1.69314 1.69314 1.97532 2.11642 1.97536 2.00150 1.94743 1.07216 1.07216 0.923436 0.699135 0.786527 0.786706 0.787323 0.630367 0.700974 0.526153 0.601471 0.494082 0.599486 0.685127 0.685127 0.685127 0.599486 0.597827 0.625765 0.597055 0.535646 0.486809 0.447063 0.426016 0.425760 0.425760 0.425760 0.425760 0.378453 0.403483 0.430138 0.430138 0.516166 0.451020 0.799111 0.816577 0.816577 0.816577 0.816577 0.816577 0.816577 0.791994 0.693254 0.589466 0.485729 0.417749 0.449079 0.940564 1.09452 1.06412 1.21614 1.21614 1.21614 1.21614 1.21614 1.21614 1.21614 1.21614 1.21614
1.85187 1.87341 2.04703 2.24552 2.14452 2.16710 2.16710 1.30292 1.07262 1.02690 0.700839 0.788954 0.789411 0.789430 0.631544 0.701716 0.631544 0.631544 0.444262 0.593088 0.697227 0.682765 0.668342 0.544887 0.534481 0.501677 0.425760 0.425760 0.425760 0.425760 0.425760 0.425760 0.425760 0.425760 0.425760 0.364937 0.414547 0.442428 0.442428 0.442428 0.387124 0.584350 0.714505 0.700636 0.618832 0.528107 0.437292 0.346522 0.277175 0.272802 0.272802 0.272802 0.311774 0.389717 0.764582 1.06412 1.01345 1.21614 1.21614 1.21614 1.21614 1.21614 1.21614 1.21614 1.21614 1.21614
1.79584 1.80590 1.85751 1.85764 1.62571 1.62599 1.62628 1.26450 0.806057 0.967268 0.682339 0.701716 0.789430 0.786842 0.616612 0.669055 0.489726 0.477661 0.315798 0.426367 0.533120 0.533120 0.533120 0.533120 0.533120 0.528162 0.428269 0.425760 0.425760 0.425760 0.425760 0.425760 0.425760 0.425760 0.425760 0.364937 0.424296 0.443933 0.437935 0.394774 0.300065 0.316716 0.358758 0.281857 0.272802 0.272802 0.272802 0.272802 0.272802 0.272802 0.272802 0.272802 0.311774 0.389717 0.629313 1.06412 1.01345 1.21614 1.21614 1.21614 1.21614 1.21614 1.21614 1.21614 1.21614 1.21614
1.46052 1.44547 1.39409 1.39424 1.08441 1.08441 1.08441 0.991121 0.540438 0.820629 0.639790 0.322422 0.471568 0.461222 0.367937 0.459921 0.306614 0.306614 0.262812 0.346631 0.456960 0.456960 0.456960 0.456960 0.456960 0.456960 0.387745 0.364937 0.364937 0.364937 0.364937 0.364937 0.364937 0.364814 0.419332 0.351251 0.586319 0.304359 0.198809 0.190026 0.166273 0.179024 0.272802 0.272802 0.272802 0.272802 0.272802 0.272802 0.272802 0.272802 0.272802 0.272802 0.311774 0.389717 0.494129 1.06412 1.01345 1.21614 1.21614 1.21614 1.21614 1.21614 1.21614 1.21614 1.21614 1.21614
1.21075 1.21996 1.08459 1.08792 0.655410 0.658072 0.660733 0.661029 0.381659 0.572864 0.493302 0.306614 0.459921 0.459921 0.367937 0.459921 0.306614 0.306614 0.262812 0.332566 0.456960 0.456960 0.456960 0.456960 0.456960 0.456960 0.412605 0.364937 0.364937 0.361726 0.353599 0.345421 0.337240 0.329175 0.423090 0.380781 0.588482 0.359959 0.207841 0.207841 0.190026 0.190742 0.296527 0.311774 0.311774 0.311774 0.311774 0.311774 0.311774 0.311774 0.303113 0.303113 0.297602 0.363736 0.351640 0.848035 0.810758 0.912103 0.868669 0.868669 0.868669 0.868669 0.868669 0.868669 0.868669 0.868669
0.806696 0.826748 0.553471 0.554035 0.554035 0.554035 0.554035 0.554035 0.413959 0.429648 0.420197 0.234653 0.367937 0.367937 0.367937 0.459921 0.306614 0.306614 0.262812 0.318502 0.355413 0.355413 0.355413 0.355413 0.354274 0.348421 0.326923 0.264127 0.257764 0.253893 0.253854 0.253854 0.217589 0.217589 0.338472 0.326384 0.380781 0.419046 0.199582 0.226225 0.274594 0.322880 0.354434 0.327362 0.327362 0.327362 0.327362 0.327362 0.327362 0.327362 0.311774 0.363736 0.341003 0.424359 0.409203 0.765019 0.868669 0.868669 0.868669 0.868669 0.868669 0.862263 0.844534 0.826590 0.808646 0.790703
0.862979 0.736533 0.474887 0.474887 0.474887 0.474887 0.474887 0.474887 0.420934 0.343718 0.343718 0.224114 0.306614 0.306614 0.306614 0.394218 0.262812 0.306614 0.306614 0.366818 0.413981 0.412664 0.405032 0.397400 0.391128 0.390513 0.389602 0.310603 0.304625 0.304625 0.304625 0.304625 0.253854 0.261102 0.430496 0.470803 0.613251 0.661620 0.488069 0.474195 0.474195 0.474195 0.436773 0.327362 0.327362 0.327362 0.327362 0.327362 0.327362 0.327362 0.311774 0.363736 0.341003 0.424359 0.409203 0.617845 0.862111 0.844355 0.826411 0.808467 0.790523 0.779138 0.778949 0.778949 0.778949 0.778949
1.37650 1.23902 0.949774 0.949774 0.949774 0.949774 0.949774 0.554688 0.558250 0.453588 0.429648 0.268029 0.306614 0.306614 0.306614 0.374763 0.215618 0.211296 0.170963 0.158965 0.309204 0.390513 0.390513 0.390513 0.390513 0.390513 0.390513 0.335700 0.334161 0.366388 0.398616 0.430826 0.496148 0.521359 0.677412 0.696767 0.812895 0.812895 0.647809 0.526883 0.526883 0.526883 0.514924 0.363736 0.363736 0.363736 0.363736 0.363736 0.363736 0.363736 0.363736 0.409203 0.381923 0.446403 0.424359 0.633573 0.818096 0.817897 0.817897 0.817897 0.817897 0.817897 0.817897 0.817897 0.817897 0.817897
1.37692 1.23512 0.949773 0.950404 0.968149 0.993607 1.01905 0.608623 0.612318 0.618596 0.426776 0.289334 0.228599 0.188322 0.177609 0.147456 0.122530 0.147037 0.147037 0.183796 0.298371 0.488141 0.490945 0.497406 0.503862 0.510330 0.516790 0.556757 0.609671 0.609671 0.609671 0.609671 0.704315 0.704315 0.818766 0.821701 0.821701 0.821701 0.547163 0.395163 0.395163 0.395163 0.395163 0.301472 0.272802 0.272802 0.272802 0.272802 0.272802 0.272802 0.303113 0.389717 0.00000 0.00000 0.00000 0.00000 0.778949 0.778949 0.778949 0.778949 0.778949 0.778949 0.778949 0.778949 0.778949 0.778949
1.39334 1.42751 1.01565 1.04200 1.04969 1.04969 1.03802 0.592087 0.578667 0.686976 0.474179 0.386970 0.185952 0.157539 0.157539 0.157539 0.138328 0.162783 0.168311 0.202841 0.237466 0.518349 0.523759 0.523774 0.523774 0.523774 0.523774 0.534682 0.609662 0.609671 0.609671 0.609671 0.683283 0.704315 0.818766 0.821701 0.821701 0.821701 0.601300 0.402070 0.395163 0.396423 0.408359 0.371057 0.272802 0.272802 0.272802 0.00000 0.00000 0.00000 0.00000 0.00000 0.00000 0.00000 0.00000 0.00000 0.623159 0.623159 0.623159 0.623159 0.623159 0.623159 0.623159 0.623159 0.623159 0.623159
1.10202 1.11074 0.514834 0.500945 0.489437 0.477918 0.472249 0.00000 0.00000 0.00000 0.236788 0.187752 0.166926 0.114107 0.117799 0.469726 0.416467 0.469274 0.469274 0.455911 0.325390 0.505539 0.551853 0.551853 0.551853 0.551853 0.551853 0.551853 0.606935 0.616276 0.616276 0.616276 0.742173 0.704315 0.921111 0.986041 0.985837 0.980484 0.972865 0.592948 0.568705 0.612060 0.621028 0.621028 0.00000 0.00000 0.00000 0.00000 0.00000 0.00000 0.00000 0.00000 0.00000 0.00000 0.00000 0.00000 0.623159 0.623159 0.623159 0.623159 0.623159 0.623159 0.623159 0.623159 0.623159 0.623159
1.36358 1.36486 0.877263 0.826435 0.826435 0.826938 0.840495 0.689445 0.709087 0.914940 0.510031 0.750071 0.730899 0.773976 0.469274 0.469274 0.419305 0.469274 0.469274 0.469274 0.355296 0.439390 0.551853 0.551853 0.551853 0.551853 0.551853 0.551853 0.589386 0.616276 0.616276 0.616276 0.782961 0.759509 0.933537 0.995756 0.987517 0.985011 0.985011 0.749877 0.690031 0.690031 0.690031 0.690031 0.690031 0.00000 0.00000 0.00000 0.00000 0.00000 0.00000 0.00000 0.00000 0.00000 2.25328 0.00000 0.484679 0.484679 0.484679 0.484679 0.484679 0.484679 0.484679 0.484679 0.484679 0.484679
1.03561 1.04946 0.838335 0.799617 0.822496 0.853152 1.94681 1.86638 1.86638 1.75213 1.81701 0.749679 0.697020 0.773867 0.465894 0.465894 0.421082 0.465894 0.465894 0.465894 0.401827 0.395295 0.606930 0.606930 0.606930 0.606930 0.606930 0.605682 0.624065 0.671072 0.665428 0.659790 0.791775 0.738758 0.883692 0.950119 0.950119 0.950119 0.950119 0.689629 0.621028 0.621028 0.645439 0.697134 0.772713 0.00000 0.00000 0.00000 0.00000 0.00000 2.25328 2.70394 2.45813 2.62883 2.25328 0.00000 0.00000 0.545264 0.545264 0.545264 0.545264 0.545264 0.545264 0.545264 0.493031 0.486554
1.01488 0.978800 1.38908 1.70528 1.67596 1.67596 1.67596 1.46011 1.46011 1.46011 1.79427 0.655969 0.603779 0.680031 0.419305 0.465894 0.421082 0.465894 0.465894 0.465894 0.439110 0.338890 0.584551 0.601951 0.596313 0.590669 0.585028 0.580637 0.584574 0.655338 0.591006 0.591006 0.730861 0.656674 0.785504 0.791766 0.796284 0.816443 0.837983 0.647456 0.689557 0.739072 0.761735 0.761735 0.761735 2.25328 2.25328 2.25328 2.00292 2.25328 2.25328 2.70394 2.45813 2.62883 2.25328 2.25328 0.00000 0.545264 0.545264 0.542183 0.535054 0.527857 0.520692 0.513513 0.462960 0.462931
1.37858 1.42084 1.82257 2.19180 2.10767 1.88546 1.88546 1.75213 1.75213 1.46011 1.86827 0.801495 0.603779 0.663813 0.419305 0.465894 0.463190 0.524131 0.550565 0.607553 0.663666 0.588849 0.642010 0.652861 0.652861 0.652861 0.652861 0.652861 0.652861 0.718650 0.708065 0.724647 0.862249 0.852974 1.02399 0.962870 0.982323 0.983844 0.802104 0.802104 0.830063 0.880215 1.12134 1.36862 1.66619 2.57518 2.57518 2.57518 2.45813 2.70394 2.57518 3.00438 2.62883 2.77327 2.45813 2.45813 0.00000 0.573514 0.560046 0.555537 0.555517 0.555517 0.555517 0.555517 0.470053 0.470053
1.44668 1.44668 1.61890 2.22325 2.10816 1.88546 1.87252 1.64865 1.50618 1.08750 1.01157 0.749679 0.749679 0.788425 0.518103 0.639984 0.706759 0.861847 0.896885 0.896944 0.896944 0.791905 0.736003 0.746127 0.746127 0.748808 0.755914 0.763082 0.770216 0.865026 0.915669 0.921177 1.03085 0.802104 0.802104 0.701841 0.701841 0.715375 0.850533 0.987936 1.15714 1.47914 1.50751 1.50751 1.51771 2.19509 2.25328 2.25328 2.25328 2.50365 2.62883 3.15460 2.70394 2.86782 2.70394 2.70394 0.00000 0.00000 0.611069 0.611069 0.611069 0.611069 0.611069 0.611069 0.509224 0.509224
1.62300 1.62300 1.64107 2.14073 1.85528 1.38753 0.960779 0.874625 0.874973 0.788590 0.996144 0.901559 0.987197 1.05383 0.725995 0.784826 0.804317 0.896944 0.896944 0.897449 0.903218 0.853226 0.752221 0.773713 0.781040 0.785495 0.785558 0.785558 0.785558 0.648221 0.779824 0.779824 0.818815 0.856939 1.05528 1.00795 1.11749 1.20302 1.21899 1.21899 1.22681 1.49409 1.50751 1.50751 1.50751 1.92592 2.25328 2.25328 2.25328 2.50365 2.45813 3.00438 2.81660 2.81660 2.57518 2.57518 0.00000 0.00000 0.581970 0.581970 0.581970 0.581970 0.581970 0.581970 0.452643 0.452643
