High_resolution/powerplant/Fengdu/OMI_NO2_200501.asc
ncols      200
nrows      200
xllcorner       105.978
yllcorner       28.1831
cellsize     0.0166667
NODATA_Value      -999.000
[rows 0 to 28 of 200, columns 67 to 133 of 200]
3.43812 3.43812 3.43812 4.69310 6.01924 6.01924 6.01924 6.01924 6.01924 6.01924 6.01924 6.01924 6.01924 6.01924 6.01924 6.01924 6.01924 6.01924 6.01924 0.00000 0.00000 0.00000 0.00000 0.00000 2.99158 2.97568 3.35969 4.06907 4.30817 4.42782 4.64039 4.69886 4.66747 4.63504 4.30436 4.24378 4.21641 2.68257 2.01594 2.00779 1.99995 1.99233 1.98456 1.97709 1.96983 1.96243 1.95530 2.05201 2.11155 2.15032 2.24046 2.78249 2.78249 2.78249 2.78249 2.78249 2.78249 1.49010 1.49010 1.49010 1.49010 1.49384 1.64616 1.81972 1.94695 2.04451 2.11739
3.40174 3.36778 3.33383 3.82753 5.33562 5.22105 5.11526 5.01326 4.91712 4.82689 4.73852 4.65661 4.57828 4.50199 4.43104 4.36216 4.29624 4.23194 2.61211 1.70496 1.91917 2.09203 2.91909 3.61217 3.65674 3.71011 3.87646 3.86544 3.84620 3.82770 3.81118 3.80904 3.80904 3.80904 3.64508 3.54945 3.54945 2.87449 1.82411 1.82411 1.82411 1.82411 1.82411 1.82411 1.82411 1.82411 1.82411 1.85335 1.92577 1.92192 1.92153 2.73458 2.78210 2.63108 2.43084 2.29039 1.76678 1.61070 1.79429 1.92819 2.02969 2.10853 2.13234 2.13234 2.13234 2.13234 2.13234
2.72305 2.72305 2.72305 2.79007 3.65273 3.65608 3.65608 3.65608 3.65608 3.65608 3.65608 3.64415 3.50016 3.34002 3.20081 3.07867 2.97076 2.88738 2.68522 3.46520 4.17461 4.56674 4.65612 4.65612 4.28972 3.80904 3.80904 3.80904 3.80904 3.80904 3.80904 3.80904 3.80904 3.80904 3.71526 3.54945 3.54945 3.38759 1.83619 1.82411 1.82411 1.82411 1.82411 1.82411 1.82411 1.82411 1.82411 1.82843 1.92148 1.90091 1.84044 2.13703 2.17183 2.12895 2.12291 2.11687 2.10892 2.13234 2.13234 2.13234 2.13239 2.14067 2.15348 2.16472 2.17466 2.23208 2.25966
2.72305 2.72305 2.72305 2.72305 3.43099 3.62349 3.46083 3.30596 3.17118 3.05253 2.94736 2.85902 2.84119 2.86690 2.90403 2.94112 2.97822 3.00331 3.11011 4.29817 4.65612 4.65612 4.65612 4.65612 4.57144 3.82785 3.80904 3.80904 3.80904 3.80904 3.80904 3.80904 3.80904 3.80904 3.78453 3.55040 3.54945 3.54945 2.19972 1.82411 1.82411 1.82411 1.82411 1.82411 1.82748 1.91733 2.04496 2.17116 1.95701 1.81106 1.76984 1.93241 2.10815 2.10791 2.11556 2.13011 2.14627 2.17364 2.18262 2.19064 2.19788 2.20070 2.20070 2.20070 2.20070 2.24758 2.28048
2.68389 2.64966 2.61521 2.58104 2.74963 2.84802 2.84032 2.84032 2.84762 2.88216 2.91925 2.95637 2.99261 3.00400 3.00400 3.00400 3.00400 3.00400 3.00400 3.91725 4.65612 4.65612 4.65612 4.65612 4.63829 3.99980 3.80904 3.80904 3.80904 3.80904 3.80904 3.80904 3.80904 3.80904 3.80904 3.59609 3.54945 3.54945 2.72457 1.82411 1.82810 1.91988 2.04653 2.17211 2.29290 2.32696 2.32394 2.32431 2.13281 1.82710 1.83508 1.95420 2.17223 2.18044 2.18442 2.18442 2.18440 2.19848 2.20070 2.20070 2.20070 2.20070 2.20070 2.20070 2.20070 2.22654 2.28048
2.51636 2.51630 2.51630 2.51633 2.62550 2.89740 2.93450 2.97159 3.00143 3.00400 3.00400 3.00400 3.00400 3.00400 3.00400 3.00400 3.00400 3.00400 3.00400 3.51103 4.57542 4.65612 4.65612 4.65612 4.65349 4.24000 3.80904 3.80904 3.80904 3.80904 3.80904 3.80904 3.80904 3.80904 3.80904 3.66627 3.55410 3.64696 3.50857 2.17229 2.29292 2.33483 2.34265 2.35230 2.36311 2.37393 2.38475 2.39248 2.35015 1.88140 1.88190 1.94322 2.18442 2.18442 2.18442 2.18442 2.18442 2.19362 2.20070 2.20070 2.20070 2.20070 2.20070 2.20070 2.20070 2.20628 2.27972
2.57987 2.58860 2.62574 2.66281 2.69121 2.99301 3.00400 3.00400 3.00400 3.00400 3.00400 3.00400 3.00400 3.00400 3.00400 3.00400 3.00400 3.00400 3.00400 3.18542 4.41384 4.65612 4.65612 4.65612 4.65612 4.52305 3.82129 3.80904 3.80904 3.80904 3.80904 3.80904 3.81404 3.91565 4.26054 4.59321 4.39930 4.56573 4.65794 2.68226 2.39099 2.39279 2.39279 2.39279 2.39279 2.39279 2.39279 2.39279 2.39279 2.00412 1.87598 1.90351 2.17478 2.18442 2.18442 2.18442 2.18442 2.18873 2.20070 2.20070 2.20070 2.20070 2.20070 2.20070 2.21847 2.26078 2.36686
2.76959 2.67998 2.67998 2.67998 2.67998 2.91524 3.00400 3.00400 3.00400 3.00400 3.00400 3.00400 3.00400 3.00400 3.00400 3.00400 3.00400 3.00400 3.00400 3.00453 4.10771 4.65612 4.65612 4.65612 4.65612 4.60603 3.98106 3.83089 4.03496 4.41540 4.89909 5.38500 5.86506 6.24866 6.38959 6.32343 4.73357 4.68453 4.68453 3.38922 2.39279 2.39139 2.38754 2.38377 2.37996 2.37606 2.37229 2.36851 2.36461 2.13754 1.83901 1.85349 2.09868 2.18442 2.18442 2.18442 2.18442 2.18477 2.19975 2.20077 2.22431 2.26682 2.30929 2.35179 2.37772 2.41608 2.51395
2.87201 2.67998 2.67998 2.67998 2.67998 2.82617 3.00400 3.00400 3.00869 3.02301 3.03732 3.05190 3.06639 3.08071 3.09528 3.10977 3.12409 3.13867 3.15316 3.16748 3.80769 4.95299 5.28750 5.61753 5.96213 6.26567 5.98195 5.91322 6.19007 6.29183 6.28888 6.28501 6.28118 6.27740 6.27359 6.26970 5.00261 4.55709 4.55317 3.95095 2.25386 2.25140 2.25140 2.25140 2.25140 2.25140 2.25140 2.25140 2.25140 2.19178 1.73520 1.74531 1.98387 2.18442 2.18442 2.18524 2.21406 2.25651 2.30981 2.35787 2.40818 2.46349 2.51883 2.57417 2.62827 2.64539 2.66693
3.29485 3.01700 3.03157 3.04606 3.06038 3.13208 3.41347 3.42778 3.43768 3.43785 3.43785 3.43785 3.43785 3.43785 3.43852 3.59181 3.86131 4.13082 4.40033 4.66950 5.27554 7.13821 7.51336 7.67549 7.82289 7.71517 7.04510 6.25656 6.24821 6.24821 6.24821 6.24821 6.24821 6.24821 6.24821 6.24821 5.44359 4.54315 4.54315 4.49823 2.39441 2.25140 2.25140 2.25140 2.25140 2.25140 2.25140 2.25140 2.25140 2.25140 1.84103 1.74082 1.93052 2.26251 2.30503 2.39148 2.54198 2.68184 2.73024 2.62145 2.64539 2.64539 2.64539 2.64539 2.63687 2.60622 2.57737
3.59884 3.11940 3.11383 3.11383 3.11383 3.11471 3.40512 3.43785 3.44942 3.65201 3.92152 4.19103 4.46054 4.73005 4.99855 5.12497 5.25497 5.41986 5.58489 5.74978 5.85689 7.30469 7.84969 7.84969 7.84969 7.83628 7.16719 6.42842 6.24821 6.24821 6.24821 6.24821 6.24821 6.24821 6.24821 6.24821 5.90224 4.54315 4.54315 4.54315 3.04684 2.25140 2.25140 2.25140 2.25140 2.25140 2.25140 2.24515 2.17420 2.07650 1.90550 1.96166 2.18229 2.77695 2.91674 3.01165 3.01447 3.00845 2.95089 2.58273 2.54642 2.51463 2.48291 2.45112 2.42788 2.42676 2.42676
3.64343 3.19504 3.12462 3.23465 3.36771 3.50126 4.17797 4.79025 5.04819 5.11494 5.11494 5.16195 5.32197 5.48686 5.65182 5.80675 5.84163 5.84163 5.84163 5.84163 5.84163 6.73668 7.84969 7.84969 7.84969 7.84969 7.29792 6.69951 6.24821 6.24821 6.24821 6.24821 6.24821 6.24821 6.24821 6.24821 6.23337 4.67085 4.54315 4.54315 3.74351 2.25140 2.25140 2.24449 2.17236 2.07625 2.04602 2.06958 2.18648 2.32627 2.43155 2.37755 2.36905 2.90102 2.88746 2.85569 2.82395 2.79815 2.79583 2.51386 2.42676 2.42676 2.42676 2.42676 2.42676 2.42676 2.42676
4.43275 4.05551 3.89594 3.91930 3.91930 3.91930 4.34258 5.22406 5.38897 5.55393 5.71875 5.83676 5.84163 5.84163 5.84163 5.84163 5.84163 5.84163 5.84163 5.84163 5.84163 6.20570 7.79617 7.84969 7.84969 7.84969 7.44247 7.02099 6.25204 6.24821 6.24821 6.24821 6.24821 6.24821 6.24821 6.24821 6.24821 5.11485 4.54315 4.54884 4.44806 2.16420 2.13110 2.16235 2.29993 2.46850 2.54839 2.57914 2.60995 2.64071 2.66859 2.53080 2.38178 2.65425 2.79583 2.79583 2.79583 2.79583 2.79583 2.62468 2.42676 2.42676 2.42676 2.42676 2.42676 2.42676 2.42676
4.85163 4.42844 3.94676 4.09530 4.26026 4.42522 4.68803 5.83362 5.84163 5.84163 5.84163 5.84163 5.84163 5.84163 5.84163 5.84163 5.84163 5.84163 5.84163 5.84163 5.84163 5.89362 7.52451 7.84969 7.84969 7.84969 7.58703 7.14355 6.40710 6.24821 6.24821 6.24821 6.24821 6.24821 6.24821 6.26530 6.39872 5.63580 4.29169 4.08841 3.83492 2.87998 2.63010 2.66073 2.67345 2.67345 2.67345 2.67345 2.67345 2.67345 2.67345 2.57740 2.45986 2.52714 2.79583 2.79583 2.79583 2.79583 2.79583 2.73552 2.42676 2.42676 2.42676 2.42676 2.42676 2.42676 2.42679
4.90548 4.69352 4.53297 4.64599 4.64599 4.64599 4.64599 5.60501 5.84163 5.84163 5.84163 5.84163 5.84163 5.84163 5.84163 5.84163 5.84163 5.84163 5.84163 5.84163 5.84163 5.84163 6.99231 7.84969 7.84969 7.84969 7.73145 7.14355 6.67416 6.24821 6.24853 6.28373 6.36107 6.34016 6.31427 6.26239 6.06101 5.74283 3.74899 3.74876 3.74876 3.27723 2.67345 2.67345 2.67345 2.67345 2.67345 2.67345 2.67345 2.67345 2.67345 2.63569 2.52331 2.46471 2.79583 2.79583 2.79583 2.79583 2.79583 2.79572 2.47670 2.42676 2.42732 2.45062 2.49089 2.53937 2.59893
4.94952 4.90902 4.40574 4.64599 4.64599 4.64599 4.64599 5.27597 5.84163 5.84163 5.84163 5.84163 5.84163 5.84163 5.84163 5.84163 5.84163 5.85981 5.89756 5.93574 5.97435 6.01530 6.65957 8.26435 8.34109 8.44598 8.54989 8.11553 7.74364 7.03683 7.12871 7.18129 7.11095 7.18172 7.25506 7.33201 7.40899 7.48683 5.06879 4.70163 4.75075 4.60864 3.41656 3.45141 3.48784 3.52673 3.56504 3.60417 3.64523 3.68722 3.72954 3.76580 3.23858 2.93777 2.79583 2.79583 2.79583 2.79583 2.79930 2.85158 2.68565 2.54729 2.60673 2.51379 2.31750 2.12121 1.92511
4.94952 4.94952 4.64113 5.10071 5.13516 5.17187 5.20843 5.63589 6.85453 6.91749 6.98371 7.05159 7.12076 7.19429 7.26777 7.34479 7.42488 7.46521 7.48050 7.52144 7.56271 7.60407 7.81023 10.3234 10.1232 9.68996 9.25284 8.86837 8.81187 8.81187 8.81187 8.81187 8.81187 8.81187 8.81187 8.81187 8.81187 8.81187 6.79523 5.38512 5.38512 5.38512 4.04242 3.77216 3.77216 3.77216 3.77216 3.77216 3.77216 3.77216 3.77216 3.77216 3.39001 3.04192 2.80300 2.86220 2.94288 3.04070 3.07762 2.89463 2.54023 1.95489 1.75946 1.67972 1.67972 1.67972 1.67972
4.94952 4.94952 4.94974 5.56889 5.67176 5.67176 5.67176 5.71444 7.38110 7.46521 7.46521 7.46532 7.48897 7.53033 7.57163 7.61295 7.65428 7.69563 7.75580 8.04188 8.37833 8.71507 9.05122 8.61082 8.81187 8.81187 8.81187 8.81187 8.81187 8.81187 8.81187 8.81187 8.81187 8.81187 8.81187 8.81187 8.81187 8.81187 7.71757 5.38512 5.38512 5.38512 4.53119 3.77216 3.77216 3.77216 3.77216 3.77216 3.77216 3.77216 3.77216 3.77216 3.66262 3.49511 2.94679 2.74749 2.53394 2.32018 2.18526 2.18316 2.17263 1.73551 1.74746 1.78749 1.82758 1.86759 1.90771
4.94952 4.94952 4.94952 5.34500 5.67176 5.67186 5.67516 5.67991 7.01195 7.62187 7.66324 7.70439 7.72206 7.72206 7.84708 8.18056 8.51700 8.85345 9.15604 9.20682 9.20682 9.20682 9.20682 8.78201 8.81187 8.81187 8.81187 8.81187 8.81187 8.81187 8.81187 8.81187 8.81187 8.81187 8.81187 8.81187 8.81187 8.64936 8.10120 5.28401 5.38512 5.38512 5.02043 3.77216 3.77216 3.77216 3.77216 3.77216 3.76635 3.61510 3.40154 3.18789 2.97414 2.79261 2.30454 2.24580 2.28583 2.32595 2.36599 2.40605 2.44534 2.12211 1.95506 1.95506 1.95506 1.95506 1.95506
4.95307 4.95784 4.96259 5.13839 5.69435 5.69900 5.70047 5.70047 6.56555 7.73468 7.98249 8.31894 8.65568 8.99213 9.20356 9.20682 9.20682 9.20682 9.20682 9.20682 9.20682 9.20682 9.20682 8.97069 8.79428 8.81187 8.81187 8.81187 8.81187 8.81187 8.81187 8.80161 8.52785 8.18973 7.90127 7.65363 7.43786 7.32180 7.32081 5.56609 5.37909 5.38512 5.37044 3.91103 3.68111 3.46815 3.25450 3.07418 2.98688 3.04966 3.17487 3.29999 3.42536 3.55023 2.94768 2.45850 2.45850 2.45850 2.45850 2.45850 2.45850 2.27243 1.95506 1.95506 1.95506 1.95506 1.95506
4.97824 4.97824 4.97824 4.98604 5.63973 5.77960 6.09983 6.43587 7.08434 9.11805 9.20682 9.20682 9.20682 9.20682 9.20682 9.20682 9.20682 9.20682 9.20682 9.20682 9.20682 9.20682 9.20682 9.20476 8.73144 8.81187 8.75011 8.41133 8.09073 7.81692 7.58012 7.37857 7.32081 7.32081 7.32081 7.32081 7.32081 7.32081 7.32081 6.14819 5.26377 5.44235 5.53960 4.15590 3.26005 3.38474 3.50978 3.60172 3.60631 3.60631 3.60631 3.60631 3.60631 3.60631 3.25341 2.45850 2.45850 2.45850 2.45850 2.45850 2.45850 2.41752 1.96015 1.95506 1.95506 1.95506 1.95506
4.97824 4.83964 4.49888 4.04547 5.97170 7.16860 7.18523 7.18523 7.18644 8.96462 9.20682 9.20682 9.20682 9.20682 9.20682 9.20682 9.20682 9.20682 9.20682 9.20682 9.20682 9.20490 9.19947 9.18574 7.83718 7.50981 7.34002 7.32081 7.32081 7.32081 7.32081 7.32081 7.32081 7.32081 7.19908 6.86689 6.52327 6.17945 5.83604 5.47330 5.71917 6.09312 6.09312 5.29872 3.60631 3.60631 3.60631 3.60631 3.60631 3.60631 3.60631 3.60631 3.60631 3.60631 3.54099 2.47675 2.45850 2.45850 2.45850 2.45850 2.45850 2.45850 2.08589 2.02991 2.07834 2.12520 2.21653
3.19216 2.71057 2.71057 2.71057 4.81529 7.18523 7.18523 7.18523 7.18523 8.41257 9.20682 9.20682 9.20682 9.20682 9.20682 9.20682 9.20409 9.19868 9.19411 9.19021 9.18683 9.18475 9.18468 9.18468 7.89095 7.32081 7.32081 7.30724 7.06338 6.73893 6.41070 6.06854 5.72512 5.38109 5.15941 5.14777 5.14777 5.14777 5.14777 5.15596 5.57660 6.09312 6.09312 5.97575 3.67848 3.60631 3.60631 3.60631 3.60631 3.60631 3.60631 3.60631 3.60631 3.60631 3.60631 2.71710 2.45850 2.47507 2.49229 2.50604 2.51802 2.53345 2.42329 2.31300 2.35890 2.39787 2.47835
2.76205 2.77581 2.78871 2.77854 3.03736 7.09531 7.18523 7.18523 7.18523 7.85978 9.20679 9.20318 9.19791 9.19345 9.18964 9.18634 9.18468 9.18468 9.18468 9.18468 9.18468 9.19766 9.26255 9.33283 8.65791 6.10847 5.61401 5.28416 5.18378 5.16504 5.14943 5.14777 5.14777 5.14777 5.14777 5.14777 5.14777 5.14777 5.14777 5.14777 5.40599 6.02007 6.09312 6.09312 4.31058 3.60631 3.60631 3.60631 3.60631 3.60631 3.60631 3.60631 3.60631 3.60631 3.60631 3.02254 2.45850 2.52758 2.57571 2.60627 2.63289 2.68553 2.72560 2.69193 2.80766 2.92232 2.96550
2.93464 2.93464 2.93464 2.91736 2.71057 6.37372 7.48884 7.85096 7.59958 7.81232 9.17092 9.18468 9.18468 9.18468 9.18468 9.20971 9.27921 9.34953 9.41982 9.49010 9.56038 9.61809 9.62556 9.62786 9.35263 6.08685 5.14777 5.14777 5.14777 5.14777 5.14777 5.14777 5.14777 5.14777 5.14777 5.14777 5.14777 5.14777 5.14777 5.14777 5.30712 5.82242 6.09312 6.09312 5.05960 3.60631 3.60631 3.60631 3.60631 3.60631 3.60631 3.60631 3.60631 3.60631 3.60631 3.26541 2.63699 2.74603 2.81384 2.88874 2.96354 3.00676 3.00696 2.97064 2.96848 2.97759 2.98689
2.94989 3.51075 4.23050 4.83930 6.48839 7.89765 8.76386 8.76386 8.00296 7.91661 9.03756 9.36619 9.43648 9.50676 9.57708 9.62233 9.62312 9.62422 9.62652 9.62883 9.63113 9.63307 9.63329 9.63329 9.63105 7.09660 5.14777 5.14777 5.14777 5.14777 5.14777 5.14777 5.14777 5.14777 5.14777 5.14777 5.14777 5.14777 5.14777 5.14777 5.23006 5.75384 6.09312 6.09312 5.80356 3.61154 3.60631 3.60631 3.60631 3.60631 3.60631 3.61234 3.72380 3.87354 4.02327 3.85650 3.14074 3.09628 3.01812 3.02744 3.03673 3.04603 3.05533 3.04061 3.02944 3.02963 3.02963
5.79453 5.93013 5.93040 6.01420 7.12679 8.03931 9.28749 9.44575 9.10593 8.73810 9.19229 9.62312 9.62330 9.62518 9.62748 9.62979 9.63209 9.63329 9.63329 9.63329 9.63329 9.63329 9.63329 9.63329 9.63329 8.35655 5.17500 5.14777 5.14777 5.14777 5.14777 5.14777 5.14777 5.14777 5.14831 5.18195 5.24095 5.30881 5.38768 5.48050 5.55235 6.04139 6.09312 6.09312 6.09312 4.07110 3.60631 3.67641 3.82601 3.97574 4.10528 4.02168 3.77842 3.49676 3.21510 2.94728 3.06626 3.19803 3.08464 3.07113 3.07113 3.07113 3.07113 3.05949 3.02963 3.02963 3.02963
6.46631 6.61590 6.76495 6.83128 7.60366 8.66756 9.49318 9.66500 9.44711 8.74112 8.95544 9.63075 9.63287 9.63329 9.63329 9.63329 9.63329 9.63329 9.63329 9.63329 9.63329 9.63329 9.63329 9.63329 9.63329 9.14277 5.67775 5.14777 5.14777 5.15323 5.19969 5.26132 5.33236 5.41527 5.51212 5.55231 5.55231 5.55231 5.55231 5.55231 5.55231 5.89850 6.05338 5.82712 5.43058 4.24837 3.51824 3.31621 3.03444 2.75297 2.49151 2.43709 2.43709 2.43709 2.43709 2.45870 2.88338 3.19859 3.11584 3.07113 3.07113 3.07113 3.07113 3.06994 3.03158 3.02963 3.02963
6.83128 6.83128 6.83128 6.83128 7.26061 8.66756 9.22354 9.67359 9.66235 8.81344 8.76553 9.58665 9.63329 9.63329 9.63329 9.63329 9.63329 9.63329 9.63329 9.63329 9.63329 9.63329 9.63329 9.63329 9.60533 9.43167 6.87249 5.35709 5.44435 5.53597 5.55231 5.55231 5.55231 5.55231 5.55231 5.55231 5.55231 5.57037 5.54144 5.42928 5.31701 4.79803 3.52485 3.21958 3.08418 2.94847 2.43709 2.43709 2.43709 2.43709 2.43709 2.43709 2.43709 2.43709 2.43709 2.43709 2.70759 3.19859 3.15240 3.07113 3.07113 3.07113 3.07113 3.07113 3.04276 3.03294 3.04798
