High_resolution/powerplant/Fengdu/OMI_NO2_200607.asc
ncols      200
nrows      200
xllcorner       105.978
yllcorner       28.1831
cellsize     0.0166667
NODATA_Value      -999.000
[rows 58 to 86 of 200, columns 67 to 133 of 200]
2.58104 2.50453 2.46391 2.38637 2.33955 2.32233 2.31506 1.98653 1.74951 1.74951 1.72736 1.72260 1.75054 1.76838 1.69875 1.61833 1.69523 1.79429 1.77675 1.72766 1.72118 1.71493 1.71554 1.71633 1.71715 1.71794 1.71671 1.70105 1.67163 1.69415 1.65497 1.59177 1.62511 1.76273 1.74532 1.97284 2.05214 2.05214 2.05317 2.23039 2.25180 2.29509 2.79808 2.80034 2.75295 2.69559 2.63866 2.56374 2.62249 2.59833 2.49623 2.41014 2.35518 2.26817 2.25661 2.25641 2.23673 2.19448 2.15223 2.10995 2.06218 2.02526 2.34539 2.26687 2.23566 2.24283 2.20020
2.21731 2.19947 2.27969 2.28110 2.27726 2.27346 2.26968 2.07210 1.74511 1.74481 1.74087 1.72938 1.72055 1.68450 1.55964 1.51639 1.65058 1.73006 1.80833 1.73625 1.73698 1.72551 1.70035 1.67114 1.64144 1.61127 1.56264 1.51136 1.47143 1.46374 1.48302 1.48302 1.51895 1.76645 1.78455 1.87885 1.92178 1.86857 1.81653 1.88706 1.92385 1.87280 2.24615 2.32075 2.19270 2.06503 1.93503 1.83275 2.11824 2.37995 2.37569 2.33356 2.27015 2.13318 2.09085 2.04860 2.02031 1.98619 1.94826 1.91051 1.87426 1.86188 2.14725 2.21489 2.16335 1.98825 1.96786
2.13286 2.13286 2.20172 2.22691 2.22691 2.22688 2.21612 2.11728 1.69232 1.65954 1.56403 1.47264 1.38474 1.31378 1.31079 1.45281 1.60107 1.61441 1.73290 1.62598 1.59693 1.57753 1.55954 1.52499 1.49025 1.45552 1.44148 1.44652 1.45158 1.46940 1.52792 1.53297 1.55168 1.71755 1.73159 1.69122 1.58663 1.58663 1.58663 1.62957 1.63714 1.50903 1.61685 1.83414 1.82627 1.83046 1.76653 1.67423 1.79590 2.13462 2.11225 2.10365 2.09651 1.99372 1.94717 1.90153 1.86016 1.84682 1.83731 1.82780 1.82233 1.82230 1.98266 2.21504 2.15444 2.02737 1.96786
2.13286 2.12074 2.14731 2.17753 2.15802 2.13343 2.05612 1.96471 1.42212 1.30804 1.28006 1.26588 1.24855 1.21878 1.17807 1.22250 1.37605 1.40839 1.62744 1.56781 1.52676 1.49161 1.46940 1.46925 1.46925 1.46925 1.46925 1.46925 1.46925 1.46954 1.52899 1.53551 1.54058 1.66230 1.71606 1.71099 1.59398 1.59561 1.59999 1.59854 1.30485 1.29169 1.36469 1.86742 1.88190 1.88968 1.69856 1.47884 1.56154 1.97003 1.99393 1.93701 1.88751 1.84555 1.82408 1.82230 1.80911 1.78205 1.75354 1.72342 1.69161 1.65793 1.69795 2.11411 2.15444 2.08006 1.95937
2.06418 2.01862 1.98449 1.96895 1.84765 1.74021 1.69591 1.67020 1.32700 1.20267 1.18041 1.16448 1.14315 1.12420 1.13088 1.20679 1.47179 1.60678 1.73570 1.49730 1.46925 1.46925 1.46925 1.46936 1.47282 1.47782 1.48278 1.48781 1.49349 1.50186 1.55266 1.58864 1.60054 1.65611 1.72547 1.73451 1.65595 1.63907 1.65105 1.66291 1.46129 1.33556 1.33556 1.77183 1.91534 1.91942 1.85215 1.56696 1.59800 1.89147 1.82521 1.79238 1.75729 1.71292 1.67163 1.63676 1.61878 1.61878 1.61878 1.61878 1.61878 1.61878 1.66227 2.02935 2.06957 2.00659 1.82481
1.81939 1.61165 1.56289 1.63890 1.56409 1.52748 1.48371 1.44224 1.28102 1.18387 1.19308 1.25624 1.33015 1.40146 1.45598 1.46620 1.61393 1.76045 1.87097 1.72289 1.67255 1.69972 1.64992 1.63772 1.64495 1.65069 1.65661 1.66282 1.66965 1.67426 1.70866 1.76845 1.77567 1.73017 1.76151 1.76984 1.72165 1.66730 1.67323 1.72705 1.69906 1.58328 1.67571 1.86001 1.95387 1.95005 1.94912 1.65567 1.62125 1.67950 1.62168 1.61401 1.61401 1.61496 1.61878 1.61878 1.61878 1.61878 1.64640 1.72867 1.81243 1.89662 1.95384 2.07765 2.00404 2.00392 1.84983
1.38182 1.24061 1.20789 1.31810 1.26746 1.26080 1.26165 1.30568 1.37485 1.44735 1.52630 1.56845 1.60420 1.63701 1.66263 1.69351 1.79701 1.92453 1.96519 1.96835 1.77670 1.77670 1.72380 1.66796 1.67223 1.68161 1.69107 1.70038 1.70787 1.71308 1.71821 1.78845 1.78971 1.75464 1.79446 1.85646 1.89532 1.93388 2.00482 2.04202 2.05966 1.81920 1.80646 1.82783 1.95002 1.95005 1.95005 1.74803 1.62125 1.64796 1.66051 1.61401 1.61401 1.61404 1.64721 1.72992 1.81398 1.89747 1.95418 1.95847 1.96226 1.96602 1.96937 2.07549 2.03889 2.04591 1.96721
1.26821 1.18547 1.19956 1.37131 1.44592 1.53038 1.62025 1.69127 1.73225 1.73529 1.75026 1.75838 1.76193 1.76193 1.75752 1.75425 1.77189 1.92666 1.92869 2.05218 1.79068 1.79540 1.78019 1.70810 1.71329 1.71338 1.71338 1.71338 1.71338 1.71394 1.73312 1.86534 1.96282 2.04878 2.15657 2.02938 2.04634 2.00601 1.99979 1.99373 1.98775 1.81823 1.73148 1.72692 1.83113 1.84817 1.84314 1.75506 1.60049 1.64774 1.74649 1.79147 1.90302 2.00997 1.91144 1.83303 1.83152 1.83005 1.82844 1.84432 1.89141 1.93853 1.98792 2.28141 2.28873 2.29828 2.30931
1.41280 1.51495 1.61773 1.72800 1.72456 1.68169 1.68413 1.72324 1.78342 1.77320 1.77417 1.77647 1.77473 1.77588 1.78784 1.77895 1.81966 1.95457 1.97695 2.10705 1.88742 1.84162 1.84083 1.75016 1.77540 1.85288 1.93097 2.00903 2.08768 2.18000 2.26050 2.32214 2.38287 2.38945 2.41402 2.08423 2.02584 1.90348 1.93760 1.97092 2.01621 1.98787 1.89362 1.93969 2.04659 2.15188 2.22547 2.31161 2.13041 2.19566 2.22903 2.14276 2.14268 2.14548 2.03085 1.90530 1.95707 2.00886 2.06068 2.10816 2.16009 2.21334 2.26629 2.52110 2.53540 2.43990 2.44155
1.74497 1.74824 1.75100 1.75799 1.82625 1.73221 1.73221 1.74116 1.82144 1.82871 1.85390 1.88327 1.91913 2.01321 2.08880 2.03975 2.06806 2.03464 2.01696 2.12395 2.18161 2.08997 2.15712 2.19399 2.22708 2.24027 2.24729 2.24689 2.24607 2.23088 2.20890 2.20128 2.24128 2.21937 2.22591 1.99858 1.92102 2.08816 2.31864 2.33636 2.33683 2.32453 2.14810 2.21139 2.30443 2.47106 2.51529 2.51597 2.32256 2.30901 2.36075 2.32949 2.36510 2.41406 2.34839 2.10932 2.16084 2.21439 2.27547 2.32353 2.33526 2.34547 2.35566 2.52019 2.63551 2.48459 2.47788
1.75130 1.75130 1.75130 1.75132 1.86934 1.78292 1.81585 1.84889 1.95358 2.03364 2.09435 2.16189 2.21925 2.26361 2.31073 2.26923 2.29398 2.37750 2.38259 2.43539 2.46157 2.15925 2.15892 2.13703 2.10381 2.09089 2.08347 2.08347 2.08347 2.08347 2.08347 2.08373 2.15194 2.15980 2.15286 2.12304 1.98840 2.01648 2.34917 2.39021 2.43240 2.47459 2.42634 2.40508 2.42022 2.53944 2.56948 2.58439 2.56113 2.52498 2.52498 2.48625 2.49694 2.55980 2.61349 2.34836 2.35016 2.35985 2.36221 2.35581 2.32912 2.30216 2.27645 2.33453 2.45432 2.38101 2.47788
1.81779 1.86179 1.90575 1.94972 2.05416 1.98161 2.05667 2.17729 2.30076 2.35465 2.38462 2.42456 2.46934 2.51110 2.56370 2.56193 2.51626 2.51234 2.43171 2.40166 2.44473 2.15376 2.14033 2.13228 2.08347 2.08347 2.08347 2.08347 2.08347 2.08347 2.08347 2.08347 2.12836 2.15310 2.15386 2.20888 2.07955 2.06237 2.51324 2.52933 2.54424 2.55915 2.53286 2.47533 2.47533 2.54196 2.59467 2.57249 2.54522 2.47649 2.46373 2.50505 2.69261 2.66542 2.63009 2.35868 2.26108 2.23722 2.21442 2.19732 2.19611 2.19611 2.19611 2.22975 2.41589 2.36563 2.53378
1.95590 1.97243 2.02173 2.06841 2.11735 2.28801 2.41500 2.41962 2.47309 2.53559 2.56039 2.61996 2.63478 2.61581 2.59929 2.56371 2.42245 2.40895 2.36423 2.31672 2.34147 2.15351 2.03275 2.01585 1.98595 1.98153 1.97678 1.97213 1.96741 1.96276 1.96360 1.99148 2.04929 2.15268 2.22681 2.39137 2.22336 2.13505 2.52493 2.58020 2.58020 2.57508 2.51242 2.35133 2.28191 2.26961 2.44971 2.45911 2.45981 2.39670 2.39017 2.27430 2.47696 2.48082 2.48082 2.32923 2.19611 2.19611 2.19611 2.19611 2.19611 2.19494 2.19260 2.19280 2.39914 2.38661 2.58183
2.05134 2.04221 2.04155 2.05376 2.11100 2.31213 2.61435 2.68391 2.69704 2.67755 2.56330 2.53434 2.51913 2.49156 2.48528 2.47255 2.34142 2.30543 2.27932 2.19605 2.19160 2.14916 1.94725 1.94725 1.94926 1.95069 1.95432 1.97885 1.99623 2.01326 2.02472 2.00916 2.00872 2.23119 2.24345 2.39904 2.28978 2.09868 2.25306 2.36995 2.30174 2.23852 2.22382 2.14260 2.11687 2.12037 2.42986 2.46017 2.46017 2.41623 2.39017 2.28073 2.40399 2.48082 2.48082 2.39569 2.19611 2.19489 2.19256 2.19022 2.18788 2.18672 2.18672 2.18812 2.35931 2.40775 2.53382
2.21234 2.19113 2.26143 2.31982 2.32405 2.35011 2.68497 2.67184 2.65629 2.61955 2.51753 2.46478 2.45197 2.42342 2.41354 2.41346 2.33609 2.27198 2.27198 2.20196 2.18824 2.21296 1.94880 1.94997 1.96672 1.98781 2.00121 1.99367 1.99330 1.99330 1.99330 1.99568 2.00222 2.17489 2.18614 2.23270 1.98596 1.86223 1.91589 2.22737 2.22970 2.23222 2.23476 2.19141 2.13491 2.13742 2.34778 2.48574 2.48825 2.46665 2.42329 2.35772 2.34030 2.46644 2.44102 2.39650 2.25863 2.26574 2.27355 2.28144 2.28932 2.29718 2.29561 2.27342 2.33494 2.36869 2.36785
2.32405 2.32405 2.31592 2.29780 2.27963 2.26190 2.56353 2.63871 2.63871 2.59671 2.49526 2.43002 2.42932 2.40748 2.39192 2.38807 2.34788 2.22962 2.20848 2.14956 2.13926 2.19349 1.98169 1.92877 1.92506 1.92088 1.92077 1.91433 1.86821 1.82046 1.77522 1.72745 1.67108 1.71822 1.81713 1.85355 1.78843 1.72885 1.86445 2.30889 2.30386 2.27690 2.24751 2.20534 2.08404 2.05437 2.12415 2.33880 2.30940 2.27335 2.17709 2.13382 2.04177 2.26403 2.26403 2.26403 2.31807 2.30784 2.27864 2.24942 2.22022 2.19100 2.16282 2.14381 2.16705 2.22666 2.19288
2.27001 2.25092 2.23995 2.23900 2.23807 2.23847 2.44205 2.62157 2.62077 2.60418 2.50398 2.41484 2.40666 2.34061 2.26638 2.23749 2.19188 2.01715 1.98231 2.00116 2.11684 2.13375 1.96445 1.78701 1.75022 1.69450 1.64483 1.60347 1.59817 1.59617 1.60667 1.62695 1.64876 1.70941 1.90513 1.95205 1.96355 1.94653 2.01079 2.01211 1.98227 1.97977 1.97977 1.97977 1.89581 1.87333 1.87989 2.19248 2.20846 2.20725 2.15285 2.12850 1.98938 2.16233 2.17006 2.14087 2.15231 2.17063 2.16211 2.14362 2.12439 2.09210 2.06303 2.04411 2.04155 2.11051 2.07821
2.22582 2.23330 2.23330 2.23330 2.23330 2.23369 2.33455 2.61071 2.59351 2.57623 2.48184 2.33917 2.30425 2.24881 2.13965 2.12063 2.10256 1.98071 1.91317 1.89539 2.03048 2.05690 1.90861 1.71750 1.73184 1.73894 1.74814 1.76493 1.77310 1.78071 1.77624 1.76291 1.74998 1.73793 1.89455 1.92393 1.97688 1.99435 2.05279 2.00634 1.97977 1.97520 1.96583 1.95648 1.90802 1.86391 1.82814 1.98657 2.03774 1.97096 1.94163 1.95265 1.88899 1.99404 2.09598 2.07263 2.06030 2.06442 2.03551 2.01661 1.99835 1.99312 1.99427 2.00827 2.02776 2.15919 2.18012
2.19917 2.23330 2.22299 2.20292 2.18271 2.16268 2.16692 2.51091 2.49993 2.46252 2.37975 2.23889 2.21508 2.20601 2.09991 2.10180 2.11697 2.07339 1.99586 2.01051 2.08926 2.13940 2.03882 1.82603 1.77200 1.75602 1.72950 1.72042 1.71987 1.71987 1.71987 1.71987 1.71987 1.71987 1.83458 1.91122 1.97935 1.97935 2.03194 2.00615 1.94449 1.88800 1.82111 1.75429 1.67446 1.54127 1.51021 1.62683 1.85352 1.85366 1.90075 2.02116 2.02654 1.97997 1.94198 1.92790 1.94388 2.01931 2.03803 2.05761 2.07814 2.09968 2.12074 2.12539 2.12539 2.23540 2.26968
2.08405 2.14284 2.13312 2.14171 2.16332 2.18243 2.28170 2.44235 2.45185 2.45484 2.43773 2.32254 2.27146 2.24942 2.13766 2.10079 2.08082 2.04567 1.90252 1.88486 1.91128 2.02308 1.96991 1.77395 1.68267 1.67343 1.65176 1.64702 1.64226 1.63760 1.63281 1.62817 1.62336 1.61682 1.66657 1.77494 1.86605 1.83361 1.79220 1.73853 1.60466 1.58959 1.58959 1.58959 1.59412 1.57915 1.64423 1.75501 2.04740 2.09284 2.09544 2.16315 2.14667 2.13989 2.02173 2.03738 2.04846 2.11803 2.12539 2.12539 2.12539 2.12539 2.12539 2.12527 2.12071 2.19127 2.25232
2.15315 2.30986 2.33859 2.35507 2.35194 2.35264 2.42652 2.47916 2.39107 2.37016 2.34577 2.18301 2.02381 2.02122 1.95720 1.91950 1.91822 1.91817 1.80610 1.77690 1.77493 1.92774 1.92870 1.73910 1.58851 1.58640 1.58640 1.58640 1.58640 1.58496 1.58122 1.58201 1.58300 1.58587 1.59215 1.51964 1.61822 1.68150 1.64180 1.68944 1.66875 1.73141 1.80625 1.89426 1.96764 1.95298 1.92006 1.90811 1.98751 2.01325 2.01136 2.06558 2.09516 2.17697 2.09229 2.04839 2.04839 2.10023 2.12539 2.12524 2.12062 2.11387 2.10709 2.10047 2.09827 2.14579 2.24163
2.19922 2.31938 2.36567 2.35709 2.35709 2.35709 2.38024 2.48542 2.31399 2.31221 2.31003 2.22334 2.01822 2.01990 1.97738 1.91777 1.91766 1.91757 1.83841 1.76523 1.76523 1.87529 1.94212 1.78975 1.62482 1.58838 1.58990 1.59088 1.59187 1.59428 1.59900 1.59919 1.59919 1.59919 1.58504 1.48247 1.48575 1.54133 1.82549 2.00354 1.96452 1.95753 1.96101 1.95358 1.95347 1.93915 1.88543 1.88622 1.93725 2.01763 2.02028 2.05408 2.11136 2.16792 2.16575 2.07623 2.09061 2.13784 2.16575 2.16901 2.17713 2.18761 2.19812 2.20882 2.21962 2.24737 2.28788
2.28021 2.36843 2.44245 2.35876 2.35704 2.35473 2.35125 2.51080 2.31743 2.30591 2.30591 2.29962 2.03593 2.02764 2.00341 1.91756 1.91756 1.91819 1.88502 1.76964 1.77601 1.83575 1.96664 1.86275 1.69977 1.61378 1.61493 1.61662 1.61831 1.60129 1.56375 1.52851 1.49394 1.45926 1.44265 1.42524 1.43559 1.58681 1.84437 2.07614 2.07038 2.03124 2.03430 2.03737 2.04101 2.06289 2.02426 2.04554 2.08565 2.24693 2.27703 2.31371 2.42565 2.48628 2.65004 2.51373 2.52701 2.48511 2.32696 2.32728 2.34132 2.36262 2.34578 2.30671 2.27131 2.22821 2.20210
2.35796 2.38540 2.49662 2.44194 2.42222 2.42785 2.43466 2.55649 2.43493 2.37546 2.37971 2.38401 2.17006 2.11426 2.11379 1.96286 1.94545 1.92945 1.88642 1.79837 1.76471 1.73983 1.98766 1.95184 1.75862 1.58872 1.55166 1.51532 1.47903 1.46138 1.46704 1.48428 1.50302 1.52171 1.53115 1.50252 1.42361 1.55982 1.66383 1.97514 2.06425 2.27056 2.29870 2.32694 2.35455 2.36362 2.31798 2.28402 2.27921 2.38256 2.41259 2.40604 2.48225 2.50412 2.70853 2.57481 2.57264 2.59018 2.42345 2.43607 2.44317 2.43691 2.23714 2.18236 2.17899 2.19730 2.22399
2.44121 2.43984 2.55565 2.54483 2.50494 2.50494 2.50494 2.57372 2.53893 2.40655 2.39780 2.38172 2.20531 2.07111 2.03604 1.86822 1.80234 1.76830 1.76584 1.76988 1.77803 1.79584 1.92778 1.98213 1.62224 1.47233 1.42639 1.42741 1.43142 1.43534 1.43677 1.42915 1.42184 1.41436 1.41241 1.41996 1.34618 1.47820 1.53173 1.85719 1.94452 2.36098 2.36362 2.36254 2.31682 2.24770 2.19968 2.25903 2.25712 2.35266 2.50110 2.56604 2.59924 2.58359 2.75095 2.72134 2.64334 2.64369 2.48886 2.45098 2.47261 2.50243 2.38856 2.28921 2.29722 2.29722 2.29722
2.43964 2.43964 2.51736 2.56356 2.50499 2.49145 2.46571 2.46748 2.54187 2.33397 2.31411 2.27948 2.14954 1.97461 1.97834 1.89514 1.84382 1.85280 1.85475 1.83333 1.80984 1.80331 1.83314 1.93441 1.56546 1.39897 1.40637 1.41730 1.42538 1.43372 1.44219 1.44513 1.44513 1.44513 1.44513 1.44513 1.38719 1.45087 1.52425 1.76616 1.86575 2.17809 2.18559 2.12006 2.14483 2.20975 2.27728 2.49073 2.56751 2.61741 2.74675 2.74724 2.71195 2.56366 2.58666 2.67303 2.76531 2.80151 2.69879 2.57833 2.57833 2.57833 2.52619 2.29727 2.29722 2.29722 2.29722
2.45180 2.48409 2.51977 2.49584 2.40598 2.37631 2.36558 2.31357 2.40506 2.26405 2.25654 2.25549 2.20795 1.96613 1.95421 1.90061 1.82082 1.82913 1.83741 1.83019 1.79172 1.78203 1.76956 1.92847 1.74031 1.46905 1.48858 1.49575 1.50273 1.50986 1.51688 1.52394 1.53103 1.53807 1.54519 1.55218 1.50370 1.41485 1.38645 1.52231 1.76682 2.11090 2.35817 2.42053 2.43724 2.43724 2.43724 2.53585 2.55064 2.50152 2.55205 2.50870 2.43196 2.25190 2.29324 2.44759 2.82022 2.82839 2.75847 2.57833 2.57833 2.57833 2.57833 2.33841 2.29722 2.29722 2.29914
2.51659 2.53313 2.51437 2.34829 2.22936 2.09519 1.93737 1.88788 1.95203 2.04422 2.12164 2.12341 2.12354 2.12586 2.14520 2.12629 1.99774 1.98019 1.96275 1.95840 1.94197 1.93683 1.93679 2.02819 2.02694 1.63005 1.64198 1.64466 1.64466 1.64466 1.64466 1.64466 1.62480 1.57559 1.53147 1.48761 1.46675 1.55282 1.58212 1.63273 1.95335 2.14918 2.42533 2.37078 2.31249 2.26202 2.22175 2.25261 2.39679 2.43045 2.49716 2.58923 2.63392 2.49804 2.42587 2.42587 2.72888 2.82839 2.81401 2.58090 2.57833 2.57833 2.58250 2.45664 2.34736 2.37792 2.40934
2.22121 2.23520 2.19221 2.09303 2.02502 1.88797 1.75888 1.73137 1.80713 1.95521 2.10993 2.10502 2.08275 2.12069 2.11814 2.10111 1.96972 1.96369 1.96369 1.96369 1.95003 1.93683 1.93683 1.97409 2.10691 1.66588 1.63729 1.64466 1.63218 1.58956 1.54572 1.50183 1.47784 1.48316 1.48342 1.48342 1.48342 1.57921 1.60696 1.62072 1.75883 1.80727 2.20525 2.23963 2.28036 2.31439 2.33766 2.34726 2.52748 2.53568 2.55067 2.64864 2.64864 2.56051 2.42587 2.42587 2.61580 2.82839 2.83451 2.67441 2.68135 2.74677 2.81900 2.74266 2.38142 2.37229 2.36273
