High_resolution/powerplant/Fengdu/OMI_NO2_200504.asc
ncols      200
nrows      200
xllcorner       105.978
yllcorner       28.1831
cellsize     0.0166667
NODATA_Value      -999.000
[rows 30 to 59 of 200, columns 0 to 65 of 200]
4.70658 4.16737 3.88044 3.76395 3.70445 3.65142 3.60088 3.55324 3.58995 3.87957 3.90511 3.91311 3.91973 3.73589 3.26933 3.27586 3.28249 3.28875 3.25914 3.28223 3.31108 3.33995 3.36880 3.29060 3.18052 3.10704 2.80316 2.70751 2.70732 2.83957 2.93528 2.93528 2.93528 2.93528 2.93528 2.93528 2.93528 2.93528 2.93528 2.93528 2.93528 2.93528 2.93528 2.93528 3.22256 3.39570 3.54962 3.86631 3.86631 3.86631 3.86631 4.49617 4.79014 4.86542 4.94317 5.02089 5.06288 5.06294 5.06294 5.04127 4.91900 4.75764 4.55208 4.20811 4.16148 4.15582
3.19474 3.21422 3.28207 3.39379 3.48514 3.48514 3.48514 3.48514 3.50207 3.94604 3.97371 3.99742 4.02132 4.01096 3.40990 3.42063 3.44228 3.46392 3.46179 3.48022 3.48022 3.48022 3.48022 3.39615 3.25295 3.11884 2.89761 2.70732 2.70732 2.78312 2.93528 2.93528 2.93528 2.93528 2.93528 2.93528 2.93528 2.93528 2.93528 2.93528 2.93528 2.93528 2.93528 2.93528 3.12120 3.37887 3.45611 3.86528 3.87114 3.91005 3.95550 4.37074 5.06052 5.06294 5.03886 4.91357 4.79779 4.69001 4.59355 4.51906 4.51044 4.49843 4.41927 4.18522 4.15582 4.15582
3.19474 3.19640 3.29921 3.39794 3.55068 3.57454 3.59832 3.62209 3.64587 4.03538 4.14775 4.14775 4.14775 4.14354 3.56553 3.37211 3.32220 3.23345 3.14943 3.44661 3.48022 3.48022 3.48022 3.45634 3.29645 3.11884 2.99358 2.70732 2.70732 2.72695 2.93446 2.93528 2.93528 2.93528 2.93528 2.93528 2.93528 2.93528 2.93528 2.93528 2.93528 2.93528 2.93528 2.93528 3.03284 3.39178 3.49684 3.92586 4.02766 4.02759 3.94731 3.91324 4.61521 4.51817 4.42602 4.46274 4.51044 4.51044 4.51044 4.51044 4.51044 4.51042 4.42945 4.23854 4.16647 4.18147
3.51785 3.56404 3.55000 3.54622 3.67513 3.67633 3.67633 3.67633 3.67633 3.90186 4.02354 3.93438 3.79816 3.66446 3.29158 2.96990 2.89972 2.87152 2.89057 3.34409 3.48022 3.48022 3.48022 3.48022 3.34606 3.14117 3.08782 2.70915 2.70732 2.70732 2.89749 2.93528 2.93528 2.93528 2.93528 2.93528 2.93528 2.93528 2.93528 2.93528 2.93528 2.94751 2.98123 3.01533 3.07122 3.46945 3.46623 3.65823 3.71708 3.65578 3.64018 3.61695 4.11629 4.29560 4.25812 4.24009 4.27308 4.22857 4.17058 4.11455 4.06012 4.00748 3.88943 3.94447 4.16583 4.13273
3.57711 3.57711 3.56180 3.53698 3.65108 3.61421 3.52917 3.39909 3.27814 3.29639 3.48665 3.42221 3.41025 3.41025 3.25806 2.87152 2.87152 2.87152 2.87152 3.17114 3.48022 3.48022 3.48022 3.48022 3.39685 3.18392 3.11884 2.77428 2.70732 2.70732 2.84068 2.93528 2.93528 2.93528 2.93528 2.93528 2.93528 2.94024 2.98518 3.04800 3.09591 3.11417 3.11070 3.10701 3.10406 3.12506 3.12524 3.24728 3.37006 3.32902 3.29086 3.26608 3.47591 3.83900 3.81686 3.79518 3.84220 3.83569 3.83553 3.83553 3.83553 3.83553 3.78447 3.76740 4.09439 4.09439
3.56707 3.40844 3.31727 3.06961 3.08347 3.08747 3.03566 3.03311 3.03311 3.06186 3.40862 3.41025 3.41025 3.41025 3.38353 2.88074 2.87152 2.87152 2.87152 3.01951 3.46817 3.48022 3.48022 3.48022 3.45743 3.22733 3.11216 2.88736 2.76797 2.79211 2.90208 3.10197 3.13572 3.17220 3.23885 3.32128 3.40810 3.49297 3.41240 3.29044 3.28969 3.30958 3.32946 3.34936 3.35523 3.17346 2.97156 2.83893 3.08360 3.07074 3.18331 3.32160 3.38771 3.97460 4.01285 4.03761 4.10974 4.16388 4.18852 4.21322 4.23792 4.26256 4.26989 4.22497 4.77799 4.89442
3.57408 3.19217 3.16299 2.85875 2.88297 3.03311 3.03311 3.03311 3.03311 3.03311 3.34877 3.41025 3.41025 3.41025 3.40969 2.98103 2.85489 2.84592 2.83693 2.88270 3.29949 3.37767 3.36269 3.34772 3.33827 3.17782 2.98079 2.99209 3.02179 3.01613 3.05296 3.41069 3.47864 3.54381 3.57803 3.58776 3.53638 3.47952 3.36965 3.16204 3.11365 3.06756 3.02373 2.98187 2.95084 2.89481 2.77855 2.58885 3.32834 3.34476 3.45971 3.74102 3.74102 4.18233 4.35823 4.35823 4.38293 4.43504 4.43574 4.46215 4.50158 4.54101 4.57694 4.46859 4.84773 5.03069
3.55218 3.29097 3.16299 2.96558 2.83038 3.05720 3.07633 3.09809 3.11990 3.14163 3.29757 3.37749 3.37561 3.37377 3.37244 3.09217 2.84608 2.85320 2.86031 2.86954 3.25775 3.49652 3.50010 3.50143 3.49718 3.38310 2.87913 2.89735 2.94965 2.97887 2.99279 3.43674 3.50168 3.48200 3.44999 3.08193 3.06826 3.06826 3.06733 2.95755 2.94839 2.94839 2.94839 2.94839 2.94839 2.92750 2.81763 2.58700 3.18767 3.34476 3.37395 3.73959 3.74102 3.97841 4.35823 4.37722 4.42057 4.53092 4.57159 4.58457 4.58457 4.58457 4.58697 4.51619 4.74990 5.09440
3.58905 3.67801 3.38640 3.32802 2.96253 3.29495 3.31633 3.31633 3.31633 3.31633 3.36073 3.43840 3.42508 3.38879 3.34466 3.16166 2.77704 2.74997 2.72377 2.69993 2.82430 2.99980 2.96426 3.22078 3.33244 3.31441 3.01440 2.94549 2.97230 2.97592 2.97592 3.25438 3.44682 3.44682 3.44682 3.15375 3.06826 3.06826 3.06826 2.98835 2.94839 2.94839 2.94839 2.94839 2.94839 2.94823 2.82858 2.64919 3.02154 3.34476 3.34476 3.67388 3.77547 3.84996 4.47497 4.50776 4.50776 4.56628 4.60195 4.61874 4.63553 4.65233 4.66672 4.61345 4.67807 5.13565
3.39659 3.93558 3.43560 3.41964 3.01185 3.22942 3.14940 3.09674 3.06008 3.02449 3.00312 3.05924 3.03410 3.02546 3.02478 3.00517 2.62516 2.63422 2.65425 2.68099 2.78155 2.92955 2.93160 3.09607 3.29807 3.29807 3.08060 2.94547 2.96432 2.97592 2.97592 3.13780 3.44682 3.44682 3.44682 3.24808 3.06826 3.06826 3.06826 3.02409 2.94839 2.94839 2.94839 2.94839 2.94839 2.94839 2.85535 2.71390 2.87666 3.38999 3.41379 3.65912 3.84982 3.88773 4.41324 4.64332 4.69048 4.70142 4.66853 4.66853 4.66853 4.66853 4.66853 4.64407 4.56790 5.12750
2.89657 3.82912 3.42431 3.28878 2.99894 3.04650 2.99360 2.92306 2.92306 2.92306 2.92307 3.01345 3.03363 3.05363 3.07352 3.09210 2.79000 2.70189 2.70006 2.69864 2.73634 2.92497 2.93160 3.01560 3.29807 3.29807 3.14918 2.94547 2.95713 2.97592 2.97592 3.02192 3.44611 3.44682 3.44682 3.34248 3.06826 3.06826 3.06826 3.06108 2.95102 2.94839 2.94839 2.94851 2.96534 2.99392 2.95256 2.85921 2.80508 3.50011 3.53943 3.71584 4.06569 4.07494 4.33463 4.73347 4.72027 4.69627 4.62419 4.60993 4.59574 4.58136 4.56688 4.55109 4.40530 4.94514
2.31103 3.68535 3.48804 3.24996 3.10634 2.95877 3.05949 2.92537 2.94270 2.96230 2.98061 3.06504 3.10988 3.10809 3.10638 3.10601 2.88946 2.69742 2.69742 2.69742 2.71638 2.87558 2.93160 2.94671 3.29195 3.29807 3.22924 2.94476 2.95063 2.97592 2.97592 2.97592 3.37556 3.44682 3.44682 3.42922 3.07545 3.06826 3.06826 3.06826 2.98576 2.98516 3.01381 3.06846 3.12736 3.17455 3.16930 3.02046 2.79288 3.49069 3.52407 3.51765 3.81158 3.86087 3.95106 4.53822 4.54756 4.53673 4.45108 4.41381 4.38738 4.36215 4.33798 4.31476 4.18952 4.45032
2.21333 3.49557 3.65116 3.27360 3.29174 2.94835 3.20520 3.00494 3.00581 3.00438 3.00428 3.04637 3.10601 3.10601 3.10601 3.10601 2.99215 2.69742 2.69742 2.69742 2.71010 2.81623 2.93060 2.93160 3.21260 3.29807 3.29534 2.94931 2.94586 2.97418 2.97592 2.97592 3.25893 3.44682 3.44682 3.44682 3.15663 3.10330 3.13698 3.16478 3.17070 3.21424 3.26189 3.29244 3.30534 3.30132 3.25669 2.92803 2.70559 3.10535 3.25686 3.24840 3.46930 3.62289 3.76774 4.16426 4.28792 4.26732 4.22879 4.19714 4.19037 4.18362 4.17686 4.17011 4.09801 4.19945
2.21333 3.20736 3.70757 3.47709 3.43182 3.06745 3.25221 3.01025 3.00428 3.00428 3.00428 3.02219 3.10601 3.10601 3.10601 3.10601 3.08701 2.70519 2.69742 2.69532 2.69670 2.75181 2.90972 2.90637 3.08557 3.25233 3.24522 2.95137 2.89183 2.94804 2.97812 2.98768 3.16476 3.49961 3.53158 3.56302 3.41527 3.27708 3.29095 3.30805 3.30663 3.37920 3.35431 3.32314 3.29091 3.27424 3.28576 3.06733 2.88045 2.94158 3.14025 3.13500 3.26199 3.38711 3.59229 3.81352 4.14331 4.14331 4.12838 4.08695 4.08695 4.08840 4.10213 4.11865 4.10371 4.07309
2.21333 2.80239 3.70757 3.55032 3.43182 3.19757 3.19566 3.06373 3.00298 2.99976 2.99654 2.99383 3.07145 3.06314 3.04903 3.03483 3.02071 2.68882 2.58379 2.57168 2.56292 2.59845 2.74668 2.73544 2.81518 3.02222 2.99601 2.95246 3.00311 3.06745 3.15731 3.17676 3.25864 3.81037 3.80981 3.78102 3.64640 3.37779 3.28824 3.23502 3.22904 3.31053 3.32686 3.32686 3.32686 3.32686 3.32686 3.15882 2.97036 2.85304 3.13407 3.13407 3.21108 3.34359 3.56881 3.63879 4.13588 4.14370 4.15375 4.11819 4.13178 4.14685 4.14964 4.14964 4.14650 4.01864
2.15725 2.22016 3.63223 3.59131 3.38730 3.30263 3.01679 2.95598 2.83054 2.82101 2.81165 2.80234 2.85719 2.88170 2.88170 2.88170 2.88296 2.67080 2.47822 2.47850 2.47875 2.52080 2.63719 2.66592 2.68540 2.86305 2.87016 2.88361 3.03144 3.09958 3.17789 3.15141 3.12457 3.60610 3.66659 3.66659 3.64684 3.33616 3.27934 3.22904 3.22904 3.28146 3.32686 3.32686 3.32686 3.32686 3.32686 3.22958 3.02456 2.78639 3.13407 3.13407 3.16016 3.34196 3.53453 3.72588 4.09324 4.20089 4.20600 4.16772 4.15258 4.16884 4.18670 4.20457 4.22243 4.13362
2.00992 2.00992 3.36634 3.60576 3.38720 3.36795 3.02014 3.00748 2.82936 2.83292 2.83110 2.82921 2.86574 2.90787 2.90596 2.90415 2.90100 2.78676 2.50149 2.49987 2.48733 2.47499 2.52369 2.69781 2.71172 2.82241 2.82851 2.81567 2.89885 2.99453 3.08601 3.08762 3.08762 3.44118 3.66659 3.66659 3.66659 3.39376 3.30811 3.22904 3.22904 3.25241 3.32686 3.32686 3.32686 3.32686 3.32686 3.30353 3.02892 2.81643 3.10525 3.22451 3.30347 3.56558 3.73395 3.92671 3.98721 4.08684 4.02548 4.06537 4.23734 4.23895 4.23895 4.23895 4.23895 4.16915
2.68806 2.76199 3.32787 3.64803 3.51387 3.43607 3.19082 3.11479 2.82101 2.81388 2.81388 2.81388 2.83278 2.89632 2.89632 2.89664 2.89727 2.87893 2.47471 2.47679 2.50128 2.52813 2.55945 2.64249 2.68044 2.75246 2.80113 2.80113 2.83355 2.98875 3.06552 3.08762 3.08762 3.29784 3.66659 3.66659 3.66659 3.47159 3.33000 3.23590 3.22904 3.23039 3.31982 3.32686 3.32686 3.32686 3.33217 3.40428 3.22083 3.11458 3.28746 3.38508 3.33246 3.41214 3.45755 3.64465 3.66162 3.90681 3.90957 3.94205 4.25017 4.29008 4.32930 4.36857 4.40759 4.40540
2.97982 2.97982 3.15739 3.54597 3.49344 3.37956 3.26361 3.09991 2.86649 2.81388 2.81347 2.81115 2.81551 2.92375 2.95515 2.98357 3.01041 3.03595 2.67388 2.56847 2.56847 2.56847 2.56847 2.61199 2.68026 2.72440 2.80113 2.80113 2.81161 2.95193 3.04138 3.08762 3.08762 3.15459 3.66654 3.66659 3.66659 3.55676 3.33137 3.26324 3.22904 3.22904 3.29217 3.37616 3.46828 3.56002 3.60984 3.56857 3.33057 3.14866 3.08388 3.32147 3.35508 3.47004 3.66973 3.93209 3.99733 4.23127 4.32691 4.35497 4.63459 4.70204 4.72001 4.73866 4.75815 4.78190
2.97982 2.97982 2.99922 3.53005 3.54193 3.38794 3.38475 3.11523 2.98238 2.86682 2.89308 2.91998 2.94150 3.01812 3.04226 3.04226 3.04226 3.04226 2.79269 2.56847 2.56847 2.56847 2.56847 2.59066 2.66905 2.69856 2.80113 2.80113 2.80816 2.89576 3.01926 3.08762 3.08762 3.08762 3.59017 3.66659 3.66659 3.64495 3.33521 3.31650 3.34238 3.41685 3.49077 3.51743 3.45616 3.39516 3.37353 3.39419 3.49017 3.65084 3.45833 3.79985 3.92055 4.09995 4.20501 4.16649 4.13622 4.28579 4.48882 4.51306 4.73390 4.93997 4.93224 4.92444 4.91663 4.90884
2.97982 2.98003 3.01164 3.44743 3.54918 3.54171 3.55109 3.34946 3.18341 2.94333 2.94333 2.94333 2.94333 2.99471 3.04226 3.04226 3.04226 3.04226 2.91196 2.56847 2.56847 2.56847 2.56847 2.57717 2.64286 2.66909 2.77070 2.77279 2.76941 2.79366 2.95813 3.08756 3.08762 3.08762 3.44681 3.67656 3.75988 3.81930 3.58565 3.54957 3.43540 3.42663 3.44994 3.59163 3.80434 4.01700 4.22677 4.41896 4.58085 4.64092 4.34025 4.63386 4.66863 4.66256 4.24593 4.16106 4.06695 4.09266 4.37680 4.37608 4.46165 4.77133 4.77133 4.77133 4.74053 4.60707
3.13648 3.16514 3.17599 3.38227 3.55156 3.55156 3.55156 3.42341 3.27172 2.94333 2.94333 2.94333 2.95304 3.00066 3.02569 3.01877 3.01184 3.00474 2.97234 2.51679 2.49469 2.48213 2.46948 2.45874 2.51345 2.57858 2.64051 2.66753 2.66222 2.64075 2.78712 2.94438 2.98397 3.03104 3.35696 3.90683 3.90257 3.91753 3.94895 4.10373 4.38160 4.62871 4.81830 4.90257 4.90465 4.90465 4.90465 4.90465 4.90452 4.82799 4.55055 4.56921 4.63291 4.63291 4.34169 4.16161 4.05430 4.04816 4.29932 4.37608 4.36462 4.60267 4.49435 4.35277 4.24204 4.23381
3.17599 3.17759 3.21675 3.36941 3.66399 3.70486 3.74589 3.74707 3.49200 3.18343 3.16799 3.19511 3.21241 3.18897 2.88296 2.87395 2.86823 2.86278 2.86121 2.49402 2.38761 2.39610 2.40878 2.42145 2.46348 2.57174 2.59722 2.57242 2.51614 2.43547 2.57904 2.97565 3.05757 3.04607 3.14237 3.88430 3.87281 3.86603 4.06782 4.46255 4.69804 4.89671 4.89671 4.90037 4.90465 4.90465 4.90465 4.90465 4.90465 4.84527 4.69022 4.48848 4.63291 4.63291 4.45711 4.16416 4.08919 4.12569 4.19689 3.98638 3.85958 4.08816 4.23381 4.23178 4.22058 4.20828
3.67929 3.73224 3.74773 3.75374 3.97216 3.98036 3.98036 3.98036 3.63359 3.31583 3.19831 3.21442 3.23043 3.24508 2.99741 2.95136 2.96565 2.97995 2.99423 2.75352 2.53523 2.53945 2.53945 2.53945 2.55587 2.54220 2.44824 2.32783 2.31631 2.28613 2.31989 2.90432 3.00474 3.00474 3.00474 3.76061 3.86598 3.86598 3.91024 4.45752 4.57626 4.89671 4.89671 4.89797 4.90465 4.90465 4.90465 4.90465 4.90465 4.86389 4.80794 4.42966 4.63291 4.66433 4.67672 4.38454 4.45424 4.45622 4.39309 3.89921 3.95560 4.07987 4.18366 4.17338 4.17228 4.17228
3.66320 3.60305 3.54259 3.48238 3.66525 3.68872 3.64122 3.59363 3.34892 3.25256 3.35351 3.35168 3.34997 3.34961 3.16341 3.02731 3.02731 3.02731 3.02731 2.89316 2.53844 2.50915 2.46708 2.42492 2.39571 2.48320 2.39395 2.28378 2.28044 2.26881 2.24776 2.73442 3.00474 3.00474 3.00474 3.54732 3.86598 3.86598 3.86598 4.36304 4.47397 4.87717 4.89671 4.89672 4.90356 4.90465 4.90465 4.90465 4.90465 4.89896 4.90693 4.63957 4.87637 4.92608 4.95762 4.63230 4.64069 4.68228 4.73465 4.26005 4.12503 4.12804 4.17147 4.17228 4.17228 4.17107
3.11594 3.11594 3.11594 3.11594 3.31703 3.48807 3.48807 3.48807 3.39204 3.19768 3.34961 3.34961 3.34961 3.34961 3.23904 3.02103 2.98326 2.94105 2.89900 2.83544 2.33811 2.31506 2.31506 2.31506 2.31506 2.47540 2.40055 2.31032 2.28044 2.27578 2.24776 2.51978 2.99314 3.00474 3.00474 3.33416 3.86598 3.86598 3.86598 4.22661 4.46255 4.76681 4.89671 4.89671 4.90127 4.90805 4.97593 5.06805 5.16085 5.26538 5.18717 4.95088 5.07272 5.13470 5.15380 4.90714 4.76979 4.78184 4.79058 4.48062 4.09402 4.08904 4.12640 4.13595 4.13144 4.12874
3.11594 3.11594 3.11594 3.11594 3.21574 3.48807 3.48807 3.48807 3.47883 3.17933 3.32190 3.29168 3.24962 3.20753 3.13043 2.80729 2.80292 2.80292 2.80292 2.80292 2.42604 2.31506 2.31506 2.31506 2.31506 2.42324 2.42818 2.33901 2.28044 2.28034 2.25022 2.30815 2.94814 3.00474 3.00474 3.12098 3.86598 3.86598 3.86598 4.07742 4.46255 4.64507 4.93953 5.03161 5.17135 5.29449 5.36813 5.41745 5.46610 5.48343 5.46096 5.28100 5.16801 5.27252 5.27731 5.11408 4.85518 4.84866 4.83946 4.73881 4.06793 4.06635 4.09361 4.12540 4.12540 4.12540
3.11594 3.11594 3.11594 3.11594 3.12346 3.44128 3.39969 3.34263 3.28555 3.03959 3.07193 3.12522 3.12522 3.12522 3.12522 2.84371 2.80292 2.80292 2.80292 2.80292 2.54801 2.31506 2.31506 2.31506 2.31506 2.36518 2.46371 2.36553 2.28279 2.28591 2.26464 2.25746 2.80370 3.00474 3.00474 3.00491 3.76883 3.86598 3.88968 4.07426 4.79127 5.05537 5.56029 5.63863 5.65868 5.36572 5.32675 5.32909 5.34720 5.36535 5.39149 5.43000 5.27796 5.38131 5.40751 5.29333 4.56942 4.52410 4.43011 4.40546 3.76311 3.58410 3.56938 3.59387 3.56922 3.54458
3.06342 2.98734 2.91122 2.83518 2.75911 3.08398 3.19456 3.19456 3.19456 3.08246 3.02806 3.12522 3.12522 3.12522 3.12522 2.91943 2.80439 2.81533 2.82831 2.84177 2.71309 2.33474 2.33916 2.34377 2.34886 2.35885 2.57248 2.44549 2.32489 2.32480 2.33085 2.35073 2.68434 3.07854 3.10906 3.31942 4.01594 4.45963 4.63126 4.66569 5.14435 5.29069 5.70662 5.81736 5.86628 5.71904 5.67398 5.68980 5.68980 5.68980 5.68980 5.68980 5.39163 5.26298 5.26298 5.25624 4.44206 4.36828 4.23908 4.23592 3.87077 3.46384 3.46389 3.47832 3.32805 3.16145
2.72459 2.72459 2.72459 2.72459 2.72459 2.97268 3.19481 3.19582 3.19677 3.15979 2.96797 3.10459 3.10081 3.09704 3.09328 3.04403 2.97788 2.98081 2.98128 2.98174 2.95659 2.38626 2.37331 2.37376 2.37570 2.38725 2.57735 2.52569 2.39971 2.38324 2.53103 2.79347 3.02528 3.87652 4.07375 4.10461 4.23536 4.43703 4.43121 4.44394 5.10039 5.58047 5.80880 5.97412 5.97412 5.86281 5.68980 5.68980 5.68980 5.68980 5.68980 5.68980 5.49337 5.26298 5.26298 5.26298 4.67431 4.37459 4.27507 4.21827 3.94717 3.13606 2.96911 2.87424 2.88968 2.88968
