High_resolution/powerplant/Fengdu/OMI_NO2_200505.asc
ncols      200
nrows      200
xllcorner       105.978
yllcorner       28.1831
cellsize     0.0166667
NODATA_Value      -999.000
[rows 0 to 28 of 200, columns 0 to 66 of 200]
0.00000 0.00000 0.00000 0.00000 0.00000 0.00000 0.00000 0.00000 0.00000 0.00000 0.00000 0.00000 0.00000 0.00000 0.00000 0.00000 0.00000 0.00000 0.00000 0.00000 0.00000 0.00000 0.00000 0.00000 0.00000 0.00000 0.00000 0.00000 0.00000 0.00000 0.00000 0.00000 0.00000 0.00000 0.00000 0.00000 0.00000 0.00000 0.00000 0.00000 0.00000 3.76551 3.76551 3.76551 3.76551 2.99144 1.15807 1.15807 1.15807 1.15807 1.15807 1.15807 1.15807 1.15807 1.15807 1.15807 1.15807 1.15807 1.15807 1.15807 1.15807 1.15807 1.15807 1.15807 1.15807 1.15807 1.15807
0.00000 0.00000 0.00000 0.00000 0.00000 0.00000 0.00000 0.00000 0.00000 3.38663 3.38663 3.38663 3.38663 3.38663 3.38663 3.38663 3.38663 3.38663 3.38663 3.38663 3.38663 3.38663 3.38663 0.00000 0.00000 0.00000 0.00000 0.00000 0.00000 0.00000 0.00000 0.00000 0.00000 0.00000 0.00000 0.00000 0.00000 3.76551 3.76551 3.76551 3.76551 3.76551 3.76551 3.76551 3.76551 3.70111 1.32234 1.15807 1.15807 1.15807 1.15807 1.15807 1.15807 1.15807 1.15807 1.15807 1.15807 1.15807 1.15807 1.15807 1.15807 1.15807 1.15807 1.15807 1.15807 1.15807 1.15803
0.00000 3.38663 3.38663 3.38663 3.38663 3.38663 3.38663 3.38663 3.38663 3.38663 3.38663 3.38663 3.38663 3.38663 3.38663 3.38663 3.38663 3.38663 3.38663 3.38663 3.38663 3.38663 3.38663 0.00000 0.00000 0.00000 0.00000 0.00000 0.00000 0.00000 0.00000 0.00000 0.00000 0.00000 3.76551 3.76551 3.76551 3.76551 3.76551 3.76551 3.76551 3.76551 3.76551 3.76551 3.76551 3.76551 2.13374 1.15807 1.15807 1.15807 1.15807 1.15807 1.15807 1.15807 1.15807 1.15807 1.15807 1.15807 1.15807 1.15807 1.15807 1.15807 1.15807 1.14508 1.10884 1.07211 1.03547
0.00000 3.38663 3.38663 3.38663 3.38663 3.38663 3.38663 3.38663 3.38663 3.38663 3.38663 3.38663 3.38663 3.38663 3.38663 3.38663 3.38663 3.38663 3.38663 3.38663 3.38663 3.38663 3.38663 3.38663 0.00000 0.00000 0.00000 0.00000 0.00000 0.00000 3.76551 3.76551 3.76551 3.76551 3.76551 3.76551 3.76551 3.76551 3.76551 3.76551 3.76551 3.76551 3.76551 3.76551 3.76551 3.76551 3.00492 1.15807 1.15807 1.15807 1.15807 1.15807 1.15807 1.15807 1.15807 1.15807 1.15807 1.15807 1.15807 1.15079 1.11657 1.07990 1.04316 1.01946 1.01900 1.01900 1.01900
0.00000 3.38663 3.38663 3.38663 3.38663 3.38663 3.38663 3.38663 3.38663 3.38663 3.38663 3.38663 3.38663 3.38663 3.38663 3.38663 3.38663 3.38663 3.38663 3.38663 3.38663 3.38663 3.38663 3.38663 0.00000 0.00000 3.76551 3.76551 3.76551 3.76551 3.76551 3.76551 3.76551 3.76551 3.76551 3.76551 3.76551 3.76551 3.76551 3.76551 3.76551 3.76551 3.76551 3.76551 3.76551 3.76551 3.70450 1.33117 1.15807 1.15807 1.15807 1.15807 1.15807 1.15807 1.15807 1.15486 1.12434 1.08765 1.05092 1.02152 1.01900 1.01900 1.01900 1.01900 1.01900 1.01900 1.01900
0.00000 3.38663 3.38663 3.38663 3.38663 3.38663 3.38663 3.38663 3.38663 3.38663 3.38663 3.38663 3.38663 3.38663 3.38663 3.38663 3.38663 3.38663 3.38663 3.38663 3.38663 3.38663 3.38663 3.47293 3.76551 3.76551 3.76551 3.76551 3.76551 3.76551 3.76551 3.76551 3.76551 3.76551 3.76551 3.76551 3.76551 3.76551 3.76551 3.76551 3.76551 3.76551 3.76551 3.76551 3.76551 3.76551 3.76551 2.14446 1.15807 1.15807 1.15807 1.15728 1.13209 1.09539 1.05869 1.02519 1.01900 1.01900 1.01900 1.01900 1.01900 1.01900 1.01900 1.01900 1.01900 1.01900 1.01900
0.00000 0.00000 3.38663 3.38663 3.38663 3.38663 3.38663 3.38663 3.38663 3.38663 3.38663 3.38663 3.38663 3.38663 3.38663 3.38663 3.38663 3.38663 3.38663 3.39891 3.46976 3.52153 3.55788 3.63000 3.76551 3.76551 3.76551 3.76551 3.76551 3.76551 3.76551 3.76551 3.76551 3.76551 3.76551 3.76551 3.76551 3.76551 3.76551 3.76551 3.76551 3.76551 3.76551 3.76551 3.76551 3.76551 3.76551 3.01378 1.13985 1.10314 1.06644 1.03053 1.01900 1.01900 1.01900 1.01900 1.01900 1.01900 1.01900 1.01900 1.01900 1.01900 1.01900 1.01900 1.01900 1.01900 1.01900
0.00000 0.00000 3.38663 3.38663 3.38663 3.38663 3.38663 3.38663 3.38663 3.38663 3.38663 3.38663 3.38663 3.38663 3.38663 3.38663 3.38663 3.38663 3.38663 3.43976 3.57606 3.57607 3.57607 3.60029 3.76551 3.76551 3.76551 3.76551 3.76551 3.76551 3.76551 3.76551 3.76551 3.76551 3.76551 3.76551 3.76551 3.76551 3.76551 3.76551 3.76551 3.76551 3.76551 3.76551 3.64927 3.17707 2.68058 2.15981 1.08235 1.01900 1.01900 1.01900 1.01900 1.01900 1.01900 1.01900 1.01900 1.01900 1.01900 1.01900 1.01900 1.01900 1.01900 1.01900 1.01900 1.01900 1.01900
0.00000 0.00000 3.38663 3.38663 3.38663 3.38663 3.38663 3.38663 3.38663 3.38663 3.38663 3.38663 3.38663 3.38663 3.38663 3.38663 3.38663 3.38663 3.38663 3.38663 3.58720 3.61260 3.62016 3.63339 3.76551 3.76551 3.76551 3.76551 3.76551 3.76551 3.76551 3.76551 3.76551 3.76551 3.76551 3.76551 3.76551 3.76551 3.76551 3.76551 3.73165 3.33388 2.83691 2.34048 1.95974 1.93503 1.93503 1.93503 1.36747 1.01900 1.01900 1.01900 1.01900 1.01900 1.01900 1.01900 1.01900 1.01900 1.01900 1.01900 1.01900 1.01900 1.01900 1.01900 1.01900 1.01900 1.01900
0.00000 0.00000 3.38663 3.38663 3.38663 3.38663 3.38663 3.38663 3.38663 3.38663 3.38663 3.38663 3.38663 3.38663 3.38663 3.38663 0.00000 0.00000 0.00000 0.00000 3.76551 3.76551 3.76551 3.76551 3.76551 3.76551 3.76551 3.76551 3.76551 3.76551 3.76551 3.76551 3.76551 3.76551 3.76551 3.76551 3.76478 3.49057 2.99341 2.49698 2.03387 1.93503 1.93503 1.93503 1.93503 1.93503 1.93503 1.93503 1.67181 1.01900 1.01900 1.01900 1.01900 1.01900 1.01900 1.01900 1.01900 1.01900 1.01900 1.01900 1.01900 1.01900 1.01900 1.01900 1.01900 1.01943 1.32633
0.00000 0.00000 0.00000 0.00000 0.00000 0.00000 0.00000 0.00000 0.00000 0.00000 0.00000 0.00000 0.00000 0.00000 0.00000 0.00000 0.00000 0.00000 0.00000 0.00000 3.76551 3.76551 3.76551 3.76551 3.76551 3.76551 3.76551 3.76551 3.76551 3.76551 3.76551 3.76551 3.76551 3.63005 3.15010 2.65367 2.15743 1.93503 1.93503 1.93503 1.93503 1.93503 1.93503 1.93503 1.93503 1.93503 1.93503 1.93503 1.91471 1.08235 1.01900 1.01900 1.01900 1.01900 1.01900 1.01900 1.01900 1.01900 1.01900 1.01900 1.01900 1.01900 1.21623 1.77422 2.34058 2.90586 3.16511
0.00000 0.00000 0.00000 0.00000 0.00000 0.00000 0.00000 0.00000 0.00000 0.00000 0.00000 0.00000 0.00000 0.00000 0.00000 0.00000 0.00000 0.00000 0.00000 0.00000 0.00000 3.76551 3.76551 3.76551 3.76551 3.76551 3.76551 3.76551 3.76551 3.72121 3.30679 2.81018 2.31339 1.95205 1.93503 1.93503 1.93503 1.93503 1.93503 1.93503 1.93503 1.93503 1.93503 1.93503 1.93503 1.93503 1.93503 1.93503 1.93503 1.36747 1.01900 1.01900 1.01900 1.01900 1.01900 1.01900 1.01900 1.01900 1.12996 1.65640 2.22254 2.78847 3.15739 3.16511 3.16511 3.16511 3.16511
0.00000 0.00000 0.00000 0.00000 0.00000 0.00000 0.00000 0.00000 0.00000 0.00000 0.00000 0.00000 0.00000 0.00000 0.00000 0.00000 0.00000 0.00000 0.00000 0.00000 0.00000 3.76551 3.76551 3.76551 3.76551 3.76258 3.46348 2.96669 2.47008 2.01758 1.93503 1.93503 1.93503 1.93503 1.93503 1.93503 1.93503 1.93503 1.93503 1.93503 1.93503 1.93503 1.93503 1.93503 1.93503 1.93503 1.93503 1.93503 1.93503 1.67181 1.01900 1.01900 1.01900 1.01900 1.06837 1.53815 2.10451 2.67043 3.12562 3.16511 3.16511 3.16511 3.16511 3.16511 3.16511 3.16511 3.16511
0.00000 0.00000 0.00000 0.00000 0.00000 0.00000 0.00000 0.00000 0.00000 0.00000 0.00000 0.00000 0.00000 0.00000 0.00000 0.00000 0.00000 0.00000 0.00000 0.00000 0.00000 3.76551 3.60908 3.12319 2.62677 2.13272 1.93503 1.93503 1.93503 1.93503 1.93503 1.93503 1.93503 1.93503 1.93503 1.93503 1.93503 1.93503 1.93503 1.93503 1.93503 1.93503 1.93503 1.93503 1.93503 1.93503 1.93503 1.93503 1.93503 1.91471 1.09456 1.42033 1.98647 2.55240 3.06918 3.16511 3.16511 3.16511 3.16511 3.16511 3.16511 3.16511 3.16511 3.16511 3.16511 3.16511 3.16511
0.00000 0.00000 0.00000 0.00000 0.00000 0.00000 0.00000 0.00000 0.00000 0.00000 0.00000 0.00000 0.00000 0.00000 0.00000 0.00000 0.00000 0.00000 0.00000 0.00000 0.00000 0.00000 1.94273 1.93503 1.93503 1.93503 1.93503 1.93503 1.93503 1.93503 1.93503 1.93503 1.93503 1.93503 1.93503 1.93503 1.93503 1.93503 1.93503 1.93503 1.93503 1.93503 1.93503 1.93503 1.93503 1.93503 1.93503 2.16404 2.71588 3.26938 3.30074 3.16511 3.16511 3.16511 3.16511 3.16511 3.16511 3.16511 3.16511 3.16511 3.16511 3.16511 3.16511 3.16511 3.16511 3.16511 3.16511
0.00000 0.00000 0.00000 0.00000 0.00000 0.00000 0.00000 0.00000 0.00000 0.00000 0.00000 0.00000 0.00000 0.00000 0.00000 0.00000 0.00000 0.00000 0.00000 0.00000 0.00000 0.00000 1.93503 1.93503 1.93503 1.93503 1.93503 1.93503 1.93503 1.93503 1.93503 1.93503 1.93503 1.93503 1.93503 1.93503 1.93503 1.93503 1.93503 1.93503 1.93503 1.93503 1.93503 2.03320 2.54185 3.09540 3.64937 3.97411 3.97615 3.97615 3.74500 3.16511 3.16511 3.16511 3.16511 3.16511 3.16511 3.16511 3.16511 3.16511 3.16511 3.16511 3.16511 3.15421 3.04258 2.93524 2.85201
0.00000 0.00000 0.00000 0.00000 0.00000 0.00000 0.00000 0.00000 0.00000 0.00000 0.00000 0.00000 0.00000 0.00000 0.00000 0.00000 0.00000 0.00000 0.00000 0.00000 0.00000 0.00000 1.93503 1.93503 1.93503 1.93503 1.93503 1.93503 1.93503 1.93503 1.93503 1.93503 1.93503 1.93503 1.93503 1.93503 1.93503 1.93503 1.93503 1.95687 2.36774 2.92150 3.47526 3.93084 3.97615 3.97615 3.97615 3.97615 3.97615 3.97615 3.95912 3.22132 3.16511 3.16511 3.16511 3.16511 3.16511 3.16511 3.16511 3.16511 3.16511 2.81035 2.73113 2.68923 2.68132 2.68132 2.68132
0.00000 0.00000 0.00000 0.00000 0.00000 0.00000 0.00000 0.00000 0.00000 0.00000 0.00000 0.00000 0.00000 0.00000 0.00000 0.00000 0.00000 0.00000 0.00000 0.00000 0.00000 0.00000 0.00000 1.93503 1.93503 1.93503 1.93503 1.93503 1.93503 1.93503 1.93503 1.93503 1.93503 1.93503 1.93503 1.93503 2.19384 2.74739 3.30115 3.83327 3.97615 3.97615 3.97615 3.97615 3.97615 3.97615 3.97615 3.97615 3.97615 3.97615 3.97615 3.47468 3.16511 3.16511 3.16511 3.16511 3.16511 3.16511 3.16511 3.16511 3.16511 2.77942 2.68132 2.68132 2.68128 2.65272 2.60011
0.00000 0.00000 0.00000 0.00000 0.00000 0.00000 0.00000 0.00000 0.00000 0.00000 0.00000 0.00000 0.00000 0.00000 0.00000 0.00000 0.00000 0.00000 0.00000 0.00000 0.00000 0.00000 0.00000 1.93503 1.93503 1.93503 1.93503 1.93503 1.93503 1.93503 1.93503 1.93503 2.05280 2.57328 3.12716 3.68100 3.97595 3.97615 3.97615 3.97615 3.97615 3.97615 3.97615 3.97615 3.97615 3.97615 3.97615 3.97615 3.97615 3.97615 3.97615 3.74500 3.16511 3.16511 3.16511 3.16511 3.16511 3.16511 3.16511 3.16511 3.16511 2.86958 2.61104 2.55838 2.50585 2.48179 2.48179
0.00000 0.00000 0.00000 0.00000 0.00000 0.00000 0.00000 0.00000 0.00000 0.00000 0.00000 0.00000 0.00000 0.00000 0.00000 0.00000 0.00000 0.00000 0.00000 0.00000 0.00000 0.00000 0.00000 1.93503 1.93503 1.93503 1.93503 1.93503 1.96687 2.39918 2.95304 3.50674 3.94288 3.97615 3.97615 3.97615 3.97615 3.97615 3.97615 3.97615 3.93142 3.75005 3.60275 3.48912 3.39870 3.32501 3.75737 3.97615 3.97615 3.97615 3.97615 3.95912 3.22132 3.16511 3.16511 3.16511 3.16511 3.14436 3.04627 2.94112 2.83589 2.71143 2.48204 2.48179 2.48179 2.48179 2.48179
0.00000 0.00000 0.00000 0.00000 0.00000 0.00000 0.00000 0.00000 0.00000 0.00000 0.00000 0.00000 0.00000 0.00000 0.00000 0.00000 0.00000 0.00000 0.00000 0.00000 0.00000 0.00000 0.00000 0.00000 1.93530 2.22510 2.77911 3.33279 3.85491 3.97615 3.97615 3.97615 3.97615 3.97615 3.96634 3.80924 3.64748 3.52401 3.42672 3.34799 3.29454 3.29012 3.29012 3.29012 3.29012 3.29012 3.53784 3.97615 3.97615 3.97615 3.97615 3.97615 3.47438 3.15577 3.06810 2.96291 2.85768 2.77328 2.76605 2.76605 2.76605 2.76605 2.50829 2.48179 2.48179 2.48179 2.48179
0.00000 0.00000 0.00000 0.00000 0.00000 0.00000 0.00000 0.00000 0.00000 0.00000 0.00000 0.00000 0.00000 0.00000 0.00000 0.00000 0.00000 0.00000 0.00000 0.00000 0.00000 0.00000 0.00000 0.00000 3.78243 3.97615 3.97615 3.97615 3.97615 3.97615 3.93386 3.56176 3.45678 3.37249 3.30594 3.29012 3.29012 3.29012 3.29012 3.29012 3.29012 3.29012 3.29012 3.29012 3.29012 3.29012 3.38862 3.97615 3.97615 3.96902 3.48491 2.71068 2.20169 2.78365 2.76605 2.76605 2.76605 2.76605 2.76605 2.76605 2.76605 2.76605 2.56391 2.48179 2.48179 2.48179 2.48179
0.00000 0.00000 0.00000 0.00000 0.00000 0.00000 0.00000 0.00000 0.00000 0.00000 0.00000 0.00000 0.00000 0.00000 0.00000 0.00000 0.00000 0.00000 0.00000 5.21145 0.00000 0.00000 0.00000 0.00000 3.97615 3.97615 3.97615 3.97615 3.97615 3.97615 3.97027 3.32505 3.29012 3.29012 3.29012 3.29012 3.29012 3.29012 3.29012 3.29012 3.29012 3.29012 3.29012 3.29012 3.29012 3.29012 3.16567 2.93689 2.17922 1.41297 1.12342 1.12342 1.15985 2.65490 2.76605 2.76605 2.76605 2.76605 2.76605 2.76605 2.76605 2.76605 2.64381 2.48179 2.48179 2.48179 2.48353
0.00000 0.00000 0.00000 0.00000 0.00000 0.00000 0.00000 0.00000 0.00000 0.00000 0.00000 0.00000 0.00000 5.21145 5.21145 5.21145 5.21145 5.21145 5.21145 5.21145 0.00000 0.00000 0.00000 0.00000 0.00000 3.97615 3.97615 3.97615 3.97615 3.97615 3.97615 3.44916 3.29012 3.29012 3.29012 3.29012 3.29012 3.29012 3.29012 3.29012 3.29012 3.29012 3.24005 2.89986 2.51318 2.12606 1.86989 1.47217 1.12342 1.12342 1.12342 1.12342 1.12342 2.14465 2.76605 2.76605 2.76605 2.76605 2.76605 2.76605 2.76642 2.79116 2.80695 2.76396 2.87875 2.98665 3.09280
0.00000 0.00000 0.00000 0.00000 0.00000 0.00000 5.21145 5.21145 5.21145 5.21145 5.21145 5.21145 5.21145 5.21145 5.21145 5.21145 5.21145 5.21145 5.21145 5.21145 5.21145 0.00000 0.00000 0.00000 0.00000 3.97615 3.97615 3.97615 3.97615 3.97615 3.97615 3.62817 3.29012 3.29012 3.29012 3.29012 3.29012 3.29012 3.28270 3.02125 2.63413 2.24745 1.91054 1.86375 1.86375 1.86375 1.86375 1.67138 1.12342 1.12342 1.12342 1.12342 1.12342 1.59699 2.76605 2.78566 2.81847 2.84342 2.86301 2.87881 2.89173 2.89613 2.89613 3.06372 3.12905 3.12905 3.12905
0.00000 0.00000 0.00000 0.00000 0.00000 5.21145 5.21145 5.21145 5.21145 5.21145 5.21145 5.21145 5.21145 5.21145 5.21145 5.21145 5.21145 5.21145 5.21145 5.21145 5.21145 0.00000 0.00000 0.00000 0.00000 3.97615 3.97615 3.97615 3.97615 3.97615 3.97615 3.88747 3.29454 3.29012 3.29012 3.13964 2.75566 2.36854 1.98913 1.86375 1.86375 1.86375 1.86375 1.86375 1.86375 1.86375 1.86375 1.81102 1.12357 1.22875 1.47532 1.66503 1.81324 1.95343 2.83227 2.89613 2.89613 2.89613 2.89613 2.89613 2.89613 2.89613 2.89613 2.99948 3.29114 3.59932 3.90763
0.00000 0.00000 0.00000 0.00000 0.00000 5.21145 5.21145 5.21145 5.21145 5.21145 5.21145 5.21145 5.21145 5.21145 5.21145 5.21145 5.21145 5.21145 5.21145 5.21145 5.21145 0.00000 0.00000 0.00000 0.00000 0.00000 3.97615 3.97615 3.97615 3.97615 3.97615 3.85120 2.91163 2.48993 2.10281 1.86646 1.86375 1.86375 1.86375 1.86375 1.86375 1.86375 1.86375 1.85476 1.79022 1.70273 1.59388 1.45548 1.93859 2.07362 2.07482 2.07482 2.07482 2.07482 2.58543 2.89613 2.89613 2.89613 2.89613 2.89613 2.99777 3.30059 3.60889 3.95567 4.29598 4.29598 4.29598
0.00000 0.00000 0.00000 0.00000 0.00000 5.21145 5.21145 5.21145 5.21145 5.21145 5.21145 5.21145 5.21145 5.21145 5.21145 5.21145 5.21145 5.21145 5.21145 5.21145 5.21145 5.21145 0.00000 0.00000 0.00000 0.00000 3.97615 3.95076 3.39191 2.61797 1.84431 1.19560 1.60955 1.86375 1.86375 1.86375 1.86387 1.86272 1.81654 1.73480 1.63405 1.50705 1.34180 1.15260 1.12342 1.12342 1.12342 1.12342 1.81755 2.07482 2.07482 2.07482 2.07482 2.07482 2.31160 2.89613 2.95144 3.23477 3.54296 3.85126 4.05770 4.06306 4.06306 4.06336 4.27004 4.29598 4.29598
0.00000 0.00000 0.00000 0.00000 0.00000 5.21145 5.21145 5.21145 5.21145 5.21145 5.21145 5.21145 5.21145 5.21145 5.21145 5.21145 5.21145 5.21145 5.21145 5.21145 5.21145 5.21145 0.00000 0.00000 0.00000 0.00000 2.74115 1.34257 1.12342 1.15297 1.32523 1.47819 1.71767 1.99067 1.98677 1.98279 1.68214 1.20657 1.12342 1.12342 1.12342 1.12342 1.12342 1.12342 1.12342 1.12342 1.12342 1.12342 1.55699 2.07482 2.07482 2.07482 2.08162 2.19445 2.41153 3.74110 4.03844 4.06306 4.06306 4.06306 4.06306 4.06306 4.06306 4.06306 4.20608 4.29598 4.29598
