High_resolution/powerplant/Fengdu/OMI_NO2_200808.asc
ncols      200
nrows      200
xllcorner       105.978
yllcorner       28.1831
cellsize     0.0166667
NODATA_Value      -999.000
[rows 145 to 173 of 200, columns 132 to 197 of 200]
1.49144 1.45366 1.42460 1.42265 1.42265 1.42265 1.35238 0.912546 0.953295 0.953295 0.953295 0.953295 0.953295 0.953295 0.953295 0.953295 0.953295 0.953295 0.953295 0.953295 0.953295 0.953295 0.953295 0.973617 0.998219 0.998219 0.998219 1.13569 1.75605 1.75605 1.75605 1.75605 1.75605 1.75605 1.75605 1.75605 1.75605 1.73823 1.61781 1.66313 2.02176 2.21676 2.41155 2.52371 2.30899 1.59787 1.59750 1.59750 1.58903 1.56375 1.53803 1.51231 1.49215 1.49064 1.48440 1.29254 1.28471 1.28471 1.28471 1.28471 1.28471 1.28471 1.28471 1.28471 1.28471 1.28471
1.42265 1.42265 1.42265 1.42265 1.42265 1.42265 1.42265 0.931466 0.953295 0.953295 0.953295 0.953295 0.953295 0.953295 0.953295 0.953295 0.953295 0.953295 0.953295 0.953295 0.953295 0.953295 0.953295 0.961161 0.998219 0.998219 0.998219 1.03530 1.75544 1.75605 1.75605 1.75605 1.68962 1.55288 1.41607 1.27925 1.14251 1.02352 1.00719 1.46926 2.52426 2.52426 2.52426 2.52426 2.52426 1.65424 1.53409 1.50838 1.49109 1.49064 1.49064 1.49064 1.49064 1.49064 1.49064 1.34239 1.28471 1.28471 1.28471 1.28471 1.28471 1.28471 1.28471 1.28471 1.28471 1.28471
1.42265 1.42265 1.42265 1.42265 1.42265 1.42265 1.42265 0.982390 0.952747 0.953295 0.953295 0.953295 0.953295 0.953295 0.953295 0.953295 0.953295 0.953295 0.953295 0.953295 0.953295 0.953295 0.953295 0.953408 0.993594 0.998219 0.991030 0.932544 1.35343 1.35114 1.21440 1.07751 1.00719 1.00719 1.00719 1.00719 1.00719 1.00719 1.00719 1.08546 2.49316 2.52426 2.52426 2.52426 2.52426 1.76443 1.40737 1.36021 1.31758 1.27885 1.24348 1.26131 1.49064 1.49064 1.49064 1.39845 1.28471 1.28471 1.28471 1.28471 1.28471 1.28471 1.28471 1.28471 1.28471 1.28471
1.42265 1.42265 1.42265 1.42265 1.42265 1.42265 1.42265 1.08030 0.930146 0.953295 0.953295 0.953295 0.953295 0.953295 0.953295 0.953295 0.953295 0.953295 0.953295 0.953295 0.953295 1.00077 1.13303 1.26663 1.01637 0.694932 0.633713 0.623790 0.814773 1.00719 1.00719 1.00719 1.00719 1.00719 1.00719 1.00719 0.990392 0.937301 0.894344 0.858647 1.59896 1.74749 1.66216 1.58740 1.52158 1.39367 1.14836 1.14836 1.14836 1.14836 1.14836 1.15583 1.47656 1.49064 1.49064 1.45450 1.28471 1.28471 1.28471 1.28471 1.28471 1.28471 1.28471 1.26023 1.15558 1.04493
1.42265 1.42265 1.42265 1.42265 1.42265 1.42265 1.42265 1.23297 0.896110 0.953295 0.953295 0.953295 0.953295 0.961516 0.982652 1.00717 1.12767 1.30893 1.50240 1.70976 1.93125 2.10708 2.18155 2.25911 1.81277 0.831100 0.857931 0.887479 0.960053 1.00719 1.00719 1.00719 1.00719 1.00719 1.00719 1.00719 0.851686 0.735493 0.735493 0.735493 1.10254 1.49403 1.49403 1.49403 1.49403 1.49077 1.17143 1.14836 1.14836 1.14836 1.14836 1.14836 1.38222 1.49064 1.49064 1.49004 1.30525 1.27157 1.17542 1.06472 0.954009 0.843302 0.732659 0.647103 0.645184 0.649903
1.42265 1.42265 1.42265 1.42265 1.42265 1.42265 1.42265 1.40530 1.22680 1.42462 1.51091 1.78975 2.13277 2.46491 2.73277 2.99642 3.08981 3.08981 3.08981 3.08981 3.08981 3.08981 3.08981 3.08981 2.92843 1.02552 1.00719 1.00719 1.00719 1.00719 1.00719 1.00719 1.00719 1.00719 1.00719 1.00719 0.933251 0.735493 0.735493 0.735493 0.894942 1.49403 1.49403 1.49403 1.49403 1.49403 1.25334 1.14836 1.14836 1.14836 1.14836 1.14826 1.28775 1.47439 1.46467 1.45496 1.00878 0.654880 0.640317 0.641437 0.645930 0.650646 0.655365 0.659418 0.659936 0.659936
1.42265 1.42265 1.42265 1.42265 1.42265 1.45001 1.56106 1.67787 1.80125 2.76482 3.05465 3.08981 3.08981 3.08981 3.08981 3.08981 3.08981 3.08981 3.08981 3.08981 3.08981 3.08981 3.08981 3.08981 3.08981 1.44066 1.00719 1.00719 1.00719 1.00719 1.00719 1.00719 1.00719 1.00719 1.00719 1.00719 1.00578 0.748072 0.735493 0.735493 0.742927 1.43850 1.49403 1.49403 1.49403 1.49403 1.35610 1.13978 1.13331 1.12684 1.12036 1.11399 1.17916 1.43576 1.43576 1.43745 1.15515 0.651382 0.656111 0.659709 0.659936 0.659936 0.659936 0.659936 0.659936 0.659936
1.46312 1.57825 1.69507 1.81183 1.92870 2.01805 2.02388 2.02388 2.02388 2.76179 3.08981 3.08981 3.08981 3.08981 3.08981 3.08981 3.08981 3.08981 3.08981 3.08981 3.08981 3.08981 3.08981 3.08981 3.08981 2.01695 1.00719 1.00719 1.00719 1.00719 1.00719 1.00719 1.00719 1.00719 1.00719 1.00719 1.00719 0.789065 0.735493 0.735493 0.739276 1.24349 1.47485 1.46514 1.45543 1.44572 1.42216 1.12080 1.11177 1.11177 1.11177 1.11336 1.12860 1.44132 1.45230 1.45533 1.38082 0.662959 0.659936 0.659936 0.659936 0.659936 0.659936 0.659936 0.659936 0.659936
2.02226 2.02388 2.02388 2.02388 2.02388 2.02388 2.02388 2.02388 2.02388 2.46411 3.08981 3.08981 3.08981 3.08981 3.08981 3.08981 3.08981 3.08981 3.08981 3.08981 3.08981 3.08981 3.08981 3.08981 3.08981 2.59316 1.00719 1.00719 1.00719 1.00719 1.00719 1.00719 1.00719 1.00719 1.00719 1.03988 1.11481 0.972320 0.864249 0.901671 0.935392 1.13510 1.43915 1.43915 1.43915 1.43915 1.43915 1.18901 1.11700 1.12015 1.12329 1.12485 1.12485 1.36569 1.45538 1.45538 1.45538 0.803750 0.659936 0.659936 0.659936 0.659936 0.659936 0.659936 0.659936 0.659936
2.02388 2.02388 2.02388 2.02388 2.02388 2.02388 2.02388 2.02388 2.02388 2.16671 3.08981 3.08981 3.08981 3.08981 3.08981 3.08981 3.08981 3.08981 3.08981 3.08981 3.08981 3.08981 3.08981 3.08981 3.08981 3.05212 1.12465 1.00719 1.00719 1.01394 1.07636 1.15124 1.22625 1.30110 1.37619 1.41826 1.41842 1.27020 0.941108 0.941108 0.941108 0.999221 1.43875 1.43915 1.43915 1.43915 1.43915 1.28671 1.12647 1.15595 1.19547 1.23496 1.27452 1.38566 1.45538 1.45538 1.45538 1.01933 0.659936 0.659936 0.659936 0.659936 0.659936 0.659936 0.659936 0.659936
2.02388 2.02388 2.02388 2.02388 2.02388 2.02388 2.02388 2.02388 2.02388 2.02388 2.93492 3.08981 3.08981 3.08981 3.08981 3.08981 3.08981 3.08981 3.08981 3.08981 3.08981 3.08981 3.08981 3.08981 3.03760 2.88881 1.65994 1.26273 1.33766 1.40588 1.41842 1.41842 1.41842 1.41842 1.41842 1.41842 1.41842 1.41103 0.957780 0.941108 0.972121 1.03135 1.51007 1.64796 1.70714 1.76657 1.82570 1.82510 1.46255 1.47002 1.47002 1.47002 1.47002 1.46652 1.45538 1.45538 1.45538 1.23480 0.659936 0.659936 0.659936 0.659936 0.659936 0.659936 0.659936 0.659936
2.02388 2.02388 2.02388 2.02388 2.02388 2.02388 2.02388 2.02388 2.02388 2.02388 2.63743 3.08981 3.08981 3.08981 3.08981 3.08981 3.08981 3.08981 3.08861 2.99499 2.84404 2.69309 2.54214 2.39120 2.29246 2.29030 1.93422 1.41842 1.41842 1.41842 1.41842 1.42142 1.44436 1.46661 1.48486 1.50020 1.51318 1.52439 1.41466 1.43059 1.45886 1.45886 1.74201 1.95690 1.95690 1.95690 1.95690 1.95690 1.54757 1.47002 1.47002 1.47002 1.47002 1.46918 1.45546 1.45538 1.45538 1.42579 0.684357 0.659936 0.663705 0.708600 0.764768 0.820904 0.877072 0.933175
2.02388 2.02388 2.02388 2.02388 2.02388 2.02388 2.02388 2.02388 2.02388 2.02388 2.33971 3.08981 3.08981 3.07614 2.95030 2.79927 2.64832 2.49737 2.34762 2.29030 2.29030 2.29030 2.29030 2.26822 2.20747 2.15725 2.03305 1.50494 1.51725 1.52790 1.53718 1.54459 1.54576 1.54576 1.54576 1.54576 1.54576 1.54576 1.50617 1.45886 1.45886 1.45886 1.60572 1.95690 1.95690 1.95690 1.95690 1.95690 1.67638 1.47002 1.47002 1.47002 1.47002 1.47002 1.45830 1.39032 1.27999 1.16972 0.903712 0.924032 0.976366 0.987639 1.03789 1.16626 1.29554 1.42477
2.02388 2.02388 2.02388 2.02388 2.02388 2.02388 2.02388 2.02388 2.01152 1.95689 1.94533 2.58856 2.45260 2.31532 2.29030 2.29030 2.29030 2.29030 2.29030 2.29030 2.29030 2.29030 2.29030 2.06247 1.98169 1.98169 1.98169 1.60870 1.54576 1.54576 1.54576 1.54576 1.54576 1.54576 1.54576 1.54576 1.54576 1.54576 1.52721 1.45886 1.45886 1.45886 1.48157 1.94485 1.95690 1.95690 1.95690 1.95690 1.84142 1.45034 1.37945 1.30585 1.23222 1.15870 0.982172 0.832751 0.832751 0.832859 0.975427 1.18724 1.31647 1.44575 1.52473 1.52564 1.52564 1.52564
2.02388 2.02388 2.02388 2.00465 1.94753 1.88942 1.83128 1.77314 1.72739 1.72388 1.72388 2.14259 2.29030 2.29030 2.29030 2.29030 2.29030 2.29030 2.29030 2.29030 2.29030 2.29030 2.29030 2.13359 1.98169 1.98169 1.98169 1.72917 1.54576 1.54576 1.54576 1.54576 1.54576 1.54576 1.54576 1.54576 1.54576 1.54576 1.54423 1.46288 1.45886 1.45886 1.45886 1.82352 1.86045 1.75006 1.63973 1.52946 1.41875 1.08346 1.05493 1.05493 1.05493 1.05676 1.06366 1.05333 1.18256 1.31168 1.40135 1.52564 1.52564 1.52564 1.52564 1.52564 1.52564 1.52564
1.88006 1.82189 1.76381 1.72490 1.72388 1.72388 1.72388 1.72388 1.72388 1.72388 1.72388 1.98503 2.29030 2.29030 2.29030 2.29030 2.29030 2.29030 2.29030 2.29030 2.29030 2.29030 2.29030 2.23572 1.98192 1.98169 1.98169 1.84965 1.54576 1.54576 1.54576 1.54576 1.54576 1.54576 1.54576 1.54576 1.54576 1.54576 1.56054 1.53670 1.55312 1.59302 1.63294 1.51084 1.33427 1.33427 1.33427 1.33427 1.33427 1.15657 1.12979 1.21590 1.30213 1.38645 1.41008 1.37075 1.37075 1.37075 1.37190 1.51342 1.52564 1.52564 1.52564 1.52564 1.52564 1.52564
1.72388 1.72388 1.72388 1.72388 1.72388 1.72388 1.72388 1.72388 1.72388 1.72388 1.72388 1.82743 2.29030 2.29030 2.29030 2.29030 2.29030 2.29030 2.29030 2.29030 2.29030 2.29030 2.29030 2.29030 2.00661 1.98169 1.98169 1.96029 1.55560 1.54576 1.54576 1.54576 1.54805 1.57932 1.61925 1.65915 1.69907 1.73900 1.76413 1.72218 1.67760 1.67760 1.67760 1.60813 1.33427 1.33427 1.33427 1.33427 1.33427 1.36167 1.41360 1.41360 1.40990 1.38032 1.34576 1.35238 1.37075 1.37075 1.37075 1.47289 1.52564 1.52564 1.52564 1.52564 1.52564 1.52564
1.72388 1.72388 1.72388 1.72388 1.72388 1.72388 1.72388 1.72388 1.72388 1.72388 1.72388 1.72581 2.23438 2.29030 2.29030 2.29030 2.29030 2.29030 2.29030 2.29030 2.29030 2.29030 2.29030 2.29030 2.05743 1.98169 1.98169 1.93877 1.64489 1.63839 1.67832 1.71821 1.75584 1.76450 1.76450 1.76450 1.76450 1.76450 1.76450 1.74320 1.67760 1.67760 1.67760 1.67329 1.32239 1.24396 1.19208 1.14038 1.08854 1.04202 1.17251 1.14620 1.11540 1.08603 1.08007 1.18488 1.26317 1.25728 1.25164 1.29061 1.35292 1.34603 1.33941 1.33298 1.32673 1.32062
1.72388 1.72388 1.72388 1.72388 1.72388 1.72388 1.72388 1.72388 1.72388 1.72388 1.72388 1.72388 2.07872 2.29030 2.29030 2.29030 2.29030 2.29030 2.29030 2.29030 2.29030 2.28897 2.12435 1.84610 1.59421 1.46626 1.31603 1.21342 1.42396 1.64917 1.62857 1.66557 1.76450 1.76450 1.76450 1.74339 1.67424 1.60327 1.53229 1.45866 1.39005 1.33971 1.28791 1.23762 0.996975 0.879554 0.879554 0.879554 0.879554 0.879554 1.05031 1.11046 1.11046 1.07127 1.05810 1.11001 1.21417 1.21417 1.21417 1.22673 1.31740 1.31743 1.31743 1.31724 1.31066 1.30001
1.72388 1.72388 1.72388 1.72388 1.72388 1.72388 1.72388 1.72388 1.72388 1.72388 1.72388 1.56037 1.65813 1.89299 1.84943 1.80936 1.75693 1.57880 1.38325 1.20072 1.02995 0.870694 0.808124 0.807973 0.855700 1.09623 1.09600 1.06761 1.09055 1.32074 1.27342 1.26295 1.36668 1.29571 1.22473 1.17487 1.17304 1.17304 1.17304 1.17304 1.21087 1.22289 1.22289 1.22289 1.09040 0.879554 0.879554 0.879554 0.879554 0.879554 0.982925 1.11046 1.11046 1.08154 1.05810 1.07759 1.21417 1.21417 1.23225 1.27066 1.29976 1.27650 1.26088 1.24306 1.23656 1.22732
1.72388 1.72388 1.72388 1.72388 1.72388 1.72388 1.72388 1.72388 1.72388 1.72388 1.72388 1.32669 1.22150 1.23937 1.09884 0.959637 0.832187 0.807805 0.808609 0.843727 0.892341 0.935941 0.975027 1.01018 1.04210 0.814657 0.720850 0.701923 0.704601 1.02213 1.04969 1.05321 1.17035 1.17304 1.17304 1.17304 1.17304 1.17304 1.17304 1.17304 1.19873 1.22289 1.22289 1.22289 1.18354 0.879863 0.879554 0.879554 0.879554 0.879554 0.901456 1.10769 1.11798 1.13284 1.11940 1.14873 1.35179 1.41126 1.43168 1.43168 1.33738 1.22487 1.20937 1.19387 1.17845 1.17218
1.72388 1.72388 1.72388 1.72388 1.72388 1.72388 1.68674 1.57930 1.47016 1.36091 1.25249 1.08073 1.04974 0.966315 0.974672 1.00984 1.04181 1.07091 1.09723 1.10590 1.10590 1.10590 1.10590 1.10590 1.10590 0.852642 0.701923 0.701923 0.701923 0.929669 1.04969 1.04969 1.14171 1.17304 1.17304 1.17304 1.17304 1.17304 1.17304 1.17304 1.18662 1.22289 1.22289 1.22289 1.22289 0.934007 0.881838 0.924709 0.982327 1.04008 1.09766 1.26843 1.32527 1.31887 1.22160 1.22123 1.35005 1.42221 1.41187 1.40154 1.34178 1.17218 1.17218 1.17218 1.17218 1.17218
1.72388 1.67154 1.56246 1.45327 1.34402 1.23489 1.16273 1.16105 1.16105 1.16105 1.34536 1.35486 1.22204 1.16235 1.10590 1.10590 1.10590 1.10590 1.10590 1.10590 1.10590 1.10590 1.10590 1.10590 1.10590 0.951609 0.701923 0.701923 0.701923 0.834527 1.04969 1.04969 1.11167 1.17304 1.17304 1.17304 1.17304 1.17304 1.17304 1.17304 1.17534 1.22992 1.25487 1.27942 1.30396 1.21819 1.19097 1.20582 1.20582 1.20582 1.20582 1.27195 1.32627 1.31686 1.21693 1.19740 1.26495 1.38871 1.38871 1.38871 1.38034 1.17756 1.17218 1.17218 1.17218 1.17218
1.21800 1.16105 1.16105 1.16105 1.16105 1.16105 1.16105 1.16105 1.16105 1.16105 1.28127 1.41139 1.22276 1.19469 1.10590 1.10590 1.10590 1.10590 1.10590 1.10590 1.10590 1.10590 1.10590 1.10590 1.10590 1.05049 0.701923 0.701923 0.701923 0.739900 1.04914 1.04969 1.08652 1.17304 1.17304 1.17399 1.19214 1.21670 1.24125 1.26582 1.29038 1.34620 1.35736 1.35736 1.35736 1.31238 1.20582 1.20582 1.20582 1.20582 1.20582 1.22321 1.28591 1.28500 1.21741 1.18900 1.21760 1.38871 1.38871 1.38871 1.38871 1.23934 1.17218 1.17218 1.17218 1.17218
1.16105 1.16105 1.16105 1.16105 1.16105 1.16105 1.16105 1.16105 1.16105 1.16105 1.18852 1.42960 1.24497 1.22009 1.11279 1.10590 1.10590 1.10590 1.10590 1.10590 1.10590 1.10590 1.10590 1.10590 1.10590 1.10573 0.745570 0.701923 0.701923 0.701923 0.996808 1.07023 1.10438 1.25295 1.27752 1.30111 1.30751 1.30751 1.30751 1.30751 1.30751 1.33454 1.35736 1.35736 1.35736 1.35017 1.20926 1.20206 1.17311 1.13967 1.10617 1.07270 1.15817 1.15161 1.10324 1.06276 1.05530 1.37840 1.40341 1.40508 1.40674 1.32607 1.20425 1.20675 1.20925 1.21174
1.16105 1.16105 1.16105 1.16105 1.16105 1.16105 1.16105 1.16105 1.16105 1.16105 1.16105 1.40037 1.28147 1.22204 1.14314 1.10590 1.10590 1.10590 1.10590 1.10590 1.10590 1.10590 1.10590 1.10590 1.10621 1.17244 1.02714 1.00107 1.11728 1.23355 1.21711 1.15097 1.16372 1.30130 1.30751 1.30751 1.30751 1.30751 1.30767 1.33022 1.36862 1.37387 1.23220 1.19870 1.16526 1.13176 0.984272 0.917065 0.912489 0.912489 0.912489 0.912489 1.02385 1.08945 1.08459 1.07173 1.07173 1.30808 1.42791 1.42791 1.42791 1.39559 1.23098 1.23098 1.23098 1.23098
1.16105 1.16105 1.16105 1.16105 1.16105 1.16105 1.16105 1.16105 1.16105 1.16105 1.16105 1.35230 1.32460 1.22909 1.19386 1.13557 1.14690 1.15828 1.16955 1.18981 1.29595 1.42343 1.55106 1.67872 1.80597 1.86724 1.71599 1.48593 1.49720 1.50857 1.46908 1.36209 1.38769 1.41756 1.45818 1.49660 1.53500 1.57340 1.61163 1.62747 1.62747 1.59060 1.06877 1.06403 1.06403 1.06403 0.991216 0.912489 0.912489 0.912489 0.912489 0.912489 0.966751 1.08945 1.08870 1.07201 1.07173 1.21937 1.42791 1.42791 1.42791 1.41495 1.24193 1.23098 1.23098 1.23098
1.16105 1.16105 1.16105 1.16105 1.16105 1.16105 1.16105 1.16105 1.16105 1.16105 1.16105 1.28616 1.42856 1.42120 1.41111 1.44578 1.56215 1.67842 1.79469 1.90206 1.92352 1.92352 1.92137 1.90897 1.89513 1.88136 1.82274 1.65406 1.67965 1.70525 1.72152 1.55726 1.55181 1.58485 1.62747 1.62747 1.62747 1.62747 1.62747 1.62747 1.62747 1.62747 1.16810 1.06403 1.06403 1.06403 1.03251 0.912489 0.912489 0.912489 0.912489 0.912489 0.914999 1.07913 1.08945 1.07134 1.05025 1.09705 1.34416 1.31662 1.28910 1.27239 1.24766 1.24169 1.33797 1.45269
1.16105 1.16105 1.16105 1.16105 1.16105 1.16105 1.16105 1.16105 1.16105 1.16105 1.16105 1.21785 1.55830 1.52507 1.54641 1.86793 1.89536 1.88163 1.86789 1.85410 1.84028 1.82657 1.81496 1.81364 1.81364 1.81364 1.81347 1.74013 1.73285 1.73285 1.73285 1.60007 1.55181 1.57011 1.62747 1.62747 1.62747 1.62747 1.62747 1.62747 1.62747 1.62747 1.30434 1.06403 1.06403 1.06403 1.06258 0.923658 0.912489 0.911742 0.883859 0.842547 0.801260 0.921952 0.960180 0.950168 0.954968 0.963103 1.26127 1.28540 1.35530 1.43178 1.53328 1.68894 1.70737 1.70737
