High_resolution/powerplant/Fengdu/OMI_NO2_200808.asc
ncols      200
nrows      200
xllcorner       105.978
yllcorner       28.1831
cellsize     0.0166667
NODATA_Value      -999.000
[rows 87 to 115 of 200, columns 66 to 131 of 200]
1.85655 1.88473 1.90780 1.92700 1.94324 2.65102 2.96683 2.91386 2.88121 2.88159 2.92395 2.97932 2.96746 3.10225 3.11855 3.01100 2.86483 2.78323 2.71144 2.56539 2.24619 2.24190 2.24429 2.38642 2.39654 2.15120 2.08849 2.08849 2.08849 2.08849 2.08849 2.08849 2.08849 2.08849 2.08849 2.08849 2.08849 2.08849 2.08842 2.06160 1.64260 1.46532 1.71883 1.91357 1.91357 1.82040 1.60585 1.60585 1.60585 1.60915 1.62763 1.65065 1.67745 1.70073 1.68197 1.61683 1.52646 1.40693 1.25899 1.22622 1.29543 1.30932 1.30932 1.30932 1.30932 1.30932
1.95366 1.95366 1.95366 1.95366 1.95366 2.35356 2.99386 2.96187 2.88182 2.86259 2.80861 2.69869 2.63099 2.62750 2.65197 2.58862 2.57902 2.57902 2.57902 2.57730 2.27885 2.24190 2.24190 2.34402 2.39654 2.24081 2.08849 2.08849 2.08849 2.08849 2.08849 2.08849 2.08849 2.08849 2.08849 2.07090 2.02328 1.97508 1.92703 1.90566 1.67878 1.40570 1.55931 1.91357 1.92401 1.95431 1.67170 1.68141 1.70047 1.67490 1.60475 1.51076 1.38579 1.24448 1.22622 1.22622 1.22622 1.22622 1.22622 1.22622 1.28120 1.30932 1.30932 1.30932 1.30932 1.31540
1.95366 1.95366 1.98012 2.15655 2.31938 2.49409 2.76210 2.73454 2.60166 2.53257 2.48142 2.46869 2.46869 2.48170 2.57902 2.57902 2.57902 2.57902 2.57902 2.57902 2.38665 2.24190 2.24190 2.29922 2.39654 2.33051 2.08849 2.08849 2.08849 2.08849 2.08849 2.07831 2.03304 1.98490 1.93674 1.90617 1.90566 1.90566 1.90566 1.87672 1.72246 1.42108 1.45759 2.12207 2.19706 2.19180 1.72542 1.36351 1.23399 1.22622 1.22622 1.22622 1.22622 1.22622 1.22622 1.22622 1.22622 1.22622 1.22622 1.22622 1.26206 1.31426 1.32803 1.34701 1.37463 1.39242
2.27036 2.41068 2.51371 2.52777 2.52777 2.52777 2.69480 2.73463 2.54788 2.46869 2.46869 2.46869 2.46869 2.46877 2.56354 2.57902 2.57902 2.57902 2.57902 2.57902 2.49621 2.24190 2.24190 2.25550 2.39547 2.39401 2.11463 2.08368 2.04284 1.99472 1.94652 1.90859 1.90566 1.90566 1.87741 1.79188 1.70452 1.61663 1.55528 1.56704 1.63690 1.78800 1.91081 2.07427 2.14940 2.14940 1.83237 1.22622 1.22622 1.22622 1.22622 1.22622 1.22622 1.22622 1.22622 1.22622 1.22622 1.22622 1.22622 1.22622 1.27624 1.39232 1.39242 1.39242 1.39242 1.39242
2.52777 2.52777 2.52777 2.52777 2.52777 2.52777 2.63395 2.73463 2.62466 2.46869 2.46869 2.46869 2.46869 2.46869 2.53085 2.57902 2.57902 2.57902 2.57902 2.57902 2.57538 2.27219 2.24190 2.24045 2.32841 2.31256 2.06959 1.91301 1.90566 1.87811 1.79275 1.70557 1.61816 1.55541 1.56644 1.63546 1.70638 1.77751 1.82235 1.82310 1.82310 1.89929 1.97813 2.02637 2.14940 2.14940 2.10074 1.25308 1.22622 1.22622 1.22622 1.22622 1.22622 1.22622 1.22622 1.22622 1.22622 1.22622 0.00000 0.00000 0.00000 1.39242 1.39242 1.39242 1.39242 1.39242
2.52777 2.52777 2.52777 2.52777 2.52777 2.52777 2.57311 2.73463 2.71105 2.47167 2.46869 2.46869 2.46869 2.46869 2.50275 2.57902 2.57902 2.57902 2.57902 2.57902 2.51114 2.25005 2.11954 2.07285 2.11260 2.10167 1.90938 1.61925 1.55583 1.56520 1.63468 1.70542 1.77610 1.82214 1.82310 1.82310 1.82310 1.82310 1.82310 1.82310 1.82310 1.85819 1.97813 1.99228 2.14940 2.14940 2.14940 1.49960 1.22622 1.22622 1.22622 1.22622 1.22622 1.22622 0.00000 0.00000 0.00000 0.00000 0.00000 0.00000 0.00000 1.39242 1.39242 1.39242 1.39242 1.39242
2.52793 2.52777 2.52777 2.52777 2.52777 2.52777 2.52960 2.71722 2.73755 2.53417 2.49406 2.50863 2.52446 2.54172 2.56291 2.57902 2.54629 2.41714 2.28158 2.13504 2.01217 1.94710 1.87320 1.81655 1.78827 1.80596 1.80615 1.77564 1.82204 1.82310 1.82310 1.82310 1.82310 1.82310 1.82310 1.82310 1.82310 1.82310 1.82310 1.82310 1.82310 1.82788 1.97184 1.97814 2.10881 2.15779 2.21898 2.03957 1.22622 1.22622 0.00000 0.00000 0.00000 0.00000 0.00000 0.00000 0.00000 0.00000 0.00000 0.00000 0.00000 0.00000 0.00000 0.00000 0.00000 0.00000
2.54926 2.52858 2.54341 2.56505 2.58916 2.61610 2.64652 2.86267 3.02322 2.77509 2.57902 2.57902 2.56876 2.45858 2.31700 2.13080 1.96825 1.90208 1.84417 1.80690 1.81508 1.82753 1.82269 1.83096 1.83160 1.83903 1.83974 1.82705 1.82310 1.82310 1.82310 1.82310 1.82310 1.82310 1.82310 1.82310 1.82310 1.82310 1.82310 1.82310 1.82310 1.82406 1.94746 2.04099 2.18589 2.40753 2.41670 2.41670 2.41670 0.00000 0.00000 0.00000 0.00000 0.00000 0.00000 0.00000 0.00000 0.00000 0.00000 0.00000 0.00000 0.00000 0.00000 0.00000 0.00000 0.00000
2.69355 2.71227 2.72281 2.72281 2.72281 2.72281 2.72281 2.82713 3.03242 2.81135 2.31734 2.12192 1.93691 1.85279 1.80933 1.81305 1.82586 1.83865 1.84958 1.85091 1.85091 1.85091 1.83884 1.83153 1.83153 1.83671 1.83974 1.83185 1.82310 1.82310 1.82310 1.82310 1.82310 1.82310 1.82310 1.82310 1.82310 1.82318 1.83681 1.86026 1.88373 1.90624 1.98159 2.11178 2.16389 2.41670 2.41670 2.41670 2.41670 0.00000 0.00000 0.00000 0.00000 0.00000 0.00000 0.00000 0.00000 0.00000 0.00000 0.00000 0.00000 0.00000 0.00000 0.00000 0.00000 0.00000
2.72281 2.72281 2.72281 2.72281 2.72281 2.85982 3.03699 3.20246 2.07876 1.95301 1.83938 1.82380 1.83662 1.84848 1.85091 1.85091 1.85091 1.85091 1.85091 1.85091 1.85091 1.85091 1.84511 1.83153 1.83153 1.83435 1.83974 1.83664 1.82310 1.82310 1.82310 1.82310 1.82310 1.82310 1.83224 1.85552 1.87897 1.90237 1.91220 1.91220 1.91220 1.91220 1.94445 2.11178 2.11778 2.39693 2.41670 2.41670 2.41670 0.00000 0.00000 0.00000 0.00000 0.00000 0.00000 0.00000 0.00000 0.00000 0.00000 0.00000 0.00000 0.00000 0.00000 0.00000 0.00000 0.00000
2.81684 3.15348 3.35446 3.52661 3.67565 3.65261 3.60086 3.56092 2.56416 2.26256 2.02014 1.85091 1.85091 1.85091 1.85091 1.85091 1.85091 1.85091 1.85091 1.85091 1.85091 1.85091 1.85036 1.83260 1.83153 1.83208 1.83962 1.83969 1.82485 1.82310 1.82852 1.85079 1.87423 1.89767 1.91204 1.91220 1.91220 1.92183 1.95151 1.98616 2.02711 2.07469 2.10812 2.10657 2.10441 2.27858 2.41670 2.41670 2.41670 2.41670 0.00000 0.00000 0.00000 0.00000 0.00000 0.00000 0.00000 0.00000 0.00000 0.00000 0.00000 0.00000 0.00000 0.00000 0.00000 0.00000
3.83805 3.63798 3.57261 3.53686 3.51715 3.51689 3.51689 3.51689 2.94354 2.26256 2.14050 1.85091 1.85091 1.85091 1.85091 1.85091 1.85091 1.85091 1.85091 1.85091 1.85091 1.85091 1.85091 1.83833 1.83153 1.83153 1.84046 1.86269 1.87600 1.89294 1.91099 1.91220 1.92145 1.95087 1.98549 2.02632 2.07367 2.10798 2.10662 2.10444 2.10226 2.10096 2.10095 2.10095 2.10095 2.18853 2.41670 2.41670 2.41670 2.41670 0.00000 0.00000 0.00000 0.00000 0.00000 0.00000 0.00000 0.00000 0.00000 0.00000 0.00000 0.00000 0.00000 0.00000 0.00000 0.00000
3.51689 3.51689 3.51689 3.51689 3.51689 3.51689 3.51689 3.51689 3.31055 2.26256 2.24667 1.86515 1.85091 1.85091 1.85091 1.85091 1.85091 1.85091 1.85091 1.85091 1.85091 1.85091 1.85234 1.87411 1.87321 1.89665 1.92132 1.93802 1.96262 1.98490 2.02544 2.07265 2.10784 2.10666 2.10448 2.10230 2.10097 2.10095 2.10095 2.10095 2.10095 2.10095 2.10095 2.10095 2.10095 2.12629 2.41670 2.41670 2.41670 2.41670 0.00000 0.00000 0.00000 0.00000 0.00000 0.00000 0.00000 0.00000 0.00000 0.00000 0.00000 0.00000 0.00000 0.00000 0.00000 0.00000
3.51689 3.51689 3.51689 3.51689 3.51689 3.51689 3.51689 3.51689 3.51614 2.42374 2.26256 1.96967 1.85091 1.85091 1.85091 1.85091 1.85091 1.85091 1.85091 1.87168 1.91815 1.96471 2.01711 2.05843 1.99875 2.02908 2.06401 2.11038 2.09046 2.10316 2.10235 2.10097 2.10095 2.10095 2.10095 2.10095 2.10095 2.10095 2.10095 2.10095 2.10095 2.10095 2.10095 2.10095 2.10095 2.10095 2.34085 2.41670 2.41670 2.41670 0.00000 0.00000 0.00000 0.00000 0.00000 0.00000 0.00000 0.00000 0.00000 0.00000 0.00000 0.00000 0.00000 0.00000 0.00000 0.00000
3.51689 3.51689 3.51689 3.51689 3.51689 3.51689 3.51689 3.51689 3.51689 2.78988 2.26256 2.09008 1.85091 1.85091 1.85091 1.86050 1.90403 1.95466 2.03106 2.09123 2.12576 2.15784 2.17272 2.16142 2.07864 2.03230 2.02276 2.03705 2.03968 2.08520 2.10095 2.10095 2.10095 2.10095 2.10095 2.10095 2.10095 2.10095 2.10095 2.10095 2.10095 2.10095 2.10095 2.10095 2.09462 2.05044 2.11505 2.41670 2.41670 0.00000 0.00000 0.00000 0.00000 0.00000 0.00000 0.00000 0.00000 0.00000 0.00000 0.00000 0.00000 0.00000 0.00000 0.00000 0.00000 0.00000
3.51689 3.51689 3.51689 3.51689 3.51689 3.51689 3.51689 3.51689 3.51689 3.15677 2.26256 2.21281 1.89199 1.96470 2.04565 2.11708 2.15330 2.17254 2.16367 2.15028 2.13689 2.12579 2.12466 2.12466 2.08835 2.02233 2.02233 2.03115 2.03968 2.06743 2.10095 2.10095 2.10095 2.10095 2.10095 2.10095 2.10095 2.10095 2.10095 2.10095 2.09852 2.06160 1.99984 1.91202 1.80186 1.78520 1.78520 0.00000 0.00000 0.00000 0.00000 0.00000 0.00000 0.00000 0.00000 0.00000 0.00000 0.00000 0.00000 0.00000 0.00000 0.00000 0.00000 0.00000 0.00000 0.00000
3.51689 3.51689 3.51689 3.51689 3.51689 3.51689 3.51689 3.51590 3.39825 3.15836 2.47073 2.55047 2.24205 2.16593 2.15253 2.13913 2.12691 2.12466 2.12466 2.12466 2.12466 2.12466 2.12466 2.12466 2.11873 2.02498 2.02233 2.02647 2.03968 2.04967 2.10095 2.10095 2.10095 2.10095 2.10095 2.10095 2.10057 2.07207 2.01421 1.93301 1.81931 1.78520 1.78520 1.78520 1.78520 1.78520 1.78520 1.78520 0.00000 0.00000 0.00000 0.00000 0.00000 0.00000 0.00000 0.00000 0.00000 0.00000 0.00000 0.00000 0.00000 0.00000 0.00000 0.00000 0.00000 0.00000
3.51689 3.51689 3.51689 3.44363 3.21815 3.01935 2.82200 2.62862 2.55616 2.56316 2.60884 2.63191 2.35784 2.12466 2.12466 2.12466 2.12466 2.12466 2.12466 2.12466 2.12466 2.12466 2.12466 2.12466 2.12466 2.05211 2.02233 2.02296 2.03911 2.03971 2.09316 2.10095 2.10095 2.08186 2.02763 1.95222 1.84182 1.78520 1.78520 1.78520 1.78520 1.78520 1.78520 1.78520 1.78520 1.78520 1.78520 1.78520 0.00000 0.00000 0.00000 0.00000 0.00000 0.00000 0.00000 0.00000 0.00000 0.00000 0.00000 0.00000 0.00000 0.00000 0.00000 0.00000 0.00000 0.00000
3.04263 2.83769 2.64188 2.52434 2.55937 2.56806 2.57507 2.57900 2.57902 2.57902 2.60163 2.63395 2.50620 2.12466 2.12466 2.12466 2.12466 2.12466 2.12466 2.12466 2.12466 2.12466 2.12466 2.12466 2.12466 2.08515 2.02233 2.02233 2.03376 2.02616 2.00982 1.97000 1.86771 1.78558 1.78520 1.78520 1.78520 1.78520 1.78520 1.78520 1.78520 1.78520 1.78520 1.78520 1.78520 0.00000 0.00000 0.00000 0.00000 0.00000 0.00000 0.00000 0.00000 0.00000 0.00000 0.00000 0.00000 0.00000 0.00000 0.00000 0.00000 0.00000 0.00000 0.00000 0.00000 0.00000
2.55835 2.57297 2.57855 2.57902 2.57902 2.57902 2.57902 2.57902 2.57902 2.57902 2.58569 2.63389 2.62438 2.15507 2.12466 2.12466 2.12466 2.12466 2.12466 2.12466 2.12466 2.12466 2.12466 2.12466 2.12466 2.10962 1.98401 1.93732 1.85197 1.67012 1.69873 1.78520 1.78520 1.78520 1.78520 1.78520 1.78520 1.78520 1.78520 1.78520 0.00000 0.00000 0.00000 0.00000 0.00000 0.00000 0.00000 0.00000 0.00000 0.00000 0.00000 0.00000 0.00000 0.00000 0.00000 0.00000 0.00000 0.00000 0.00000 0.00000 0.00000 0.00000 0.00000 0.00000 0.00000 0.00000
2.57902 2.57902 2.57902 2.57902 2.57902 2.57902 2.57902 2.57902 2.57902 2.57902 2.57902 2.62456 2.63395 2.29384 2.12466 2.12466 2.12466 2.12466 2.12466 2.12466 2.12466 2.12356 2.08416 2.01609 1.93174 1.83586 1.80179 1.77691 1.73087 1.66265 1.66914 1.78480 1.78520 1.78520 1.78520 0.00000 0.00000 0.00000 0.00000 0.00000 0.00000 0.00000 0.00000 0.00000 0.00000 0.00000 0.00000 0.00000 0.00000 0.00000 0.00000 0.00000 0.00000 0.00000 0.00000 0.00000 0.00000 0.00000 0.00000 0.00000 0.00000 0.00000 0.00000 1.66643 1.66643 1.66643
2.57902 2.57902 2.57902 2.57902 2.57902 2.57902 2.57902 2.57902 2.57902 2.57902 2.57902 2.60852 2.63395 2.44236 2.12466 2.12466 2.12466 2.12466 2.10197 2.03814 1.95887 1.84748 1.78124 1.75011 1.70964 1.66615 1.66265 1.66265 1.66265 1.66265 0.00000 0.00000 0.00000 0.00000 0.00000 0.00000 0.00000 0.00000 0.00000 0.00000 0.00000 0.00000 0.00000 0.00000 0.00000 0.00000 0.00000 0.00000 0.00000 0.00000 0.00000 0.00000 0.00000 0.00000 0.00000 0.00000 0.00000 0.00000 0.00000 0.00000 0.00000 0.00000 1.66643 1.66643 1.66643 1.66643
2.57902 2.57902 2.57902 2.57902 2.57902 2.57902 2.57902 2.57902 2.57902 2.57902 2.57902 2.59251 2.63395 2.58761 2.11812 2.05931 1.98475 1.87143 1.75648 1.71662 1.67067 1.66265 1.66265 1.66265 1.66265 0.00000 0.00000 0.00000 0.00000 0.00000 0.00000 0.00000 0.00000 0.00000 0.00000 0.00000 0.00000 0.00000 0.00000 0.00000 0.00000 0.00000 0.00000 0.00000 0.00000 0.00000 0.00000 0.00000 0.00000 0.00000 0.00000 0.00000 0.00000 0.00000 0.00000 0.00000 0.00000 0.00000 0.00000 0.00000 0.00000 0.00000 0.00000 1.66643 1.66643 1.66643
2.57902 2.57902 2.57902 2.57902 2.57902 2.57902 2.57902 2.57902 2.57902 2.57902 2.57761 2.53771 2.69274 2.81206 1.99632 1.67650 1.66265 1.66265 1.66265 1.66265 0.00000 0.00000 0.00000 0.00000 0.00000 0.00000 0.00000 0.00000 0.00000 0.00000 0.00000 0.00000 0.00000 0.00000 0.00000 0.00000 0.00000 0.00000 0.00000 0.00000 0.00000 0.00000 0.00000 0.00000 0.00000 0.00000 0.00000 0.00000 0.00000 0.00000 0.00000 0.00000 0.00000 0.00000 0.00000 0.00000 0.00000 0.00000 0.00000 0.00000 0.00000 0.00000 0.00000 1.66643 1.66643 1.66643
2.57888 2.57902 2.57902 2.57902 2.57902 2.57902 2.56298 2.51262 2.44294 2.35699 2.21119 2.09502 2.39909 2.62998 2.48678 0.00000 0.00000 0.00000 0.00000 0.00000 0.00000 0.00000 0.00000 0.00000 0.00000 0.00000 0.00000 0.00000 0.00000 0.00000 0.00000 0.00000 0.00000 0.00000 0.00000 0.00000 0.00000 0.00000 0.00000 0.00000 0.00000 0.00000 0.00000 0.00000 0.00000 0.00000 0.00000 0.00000 0.00000 0.00000 0.00000 0.00000 0.00000 0.00000 0.00000 0.00000 0.00000 0.00000 0.00000 0.00000 0.00000 0.00000 0.00000 1.66643 1.66643 1.66643
2.56830 2.57247 2.53515 2.48884 2.42000 2.31696 2.15857 2.04037 1.96109 1.88202 1.84551 1.84551 1.98315 2.44769 2.44769 0.00000 0.00000 0.00000 0.00000 0.00000 0.00000 0.00000 0.00000 0.00000 0.00000 0.00000 0.00000 0.00000 0.00000 0.00000 0.00000 0.00000 0.00000 0.00000 0.00000 0.00000 0.00000 0.00000 0.00000 0.00000 0.00000 0.00000 0.00000 0.00000 0.00000 0.00000 0.00000 0.00000 0.00000 0.00000 0.00000 0.00000 0.00000 0.00000 0.00000 0.00000 0.00000 0.00000 0.00000 0.00000 0.00000 0.00000 0.00000 1.66643 1.66643 1.66643
2.33595 2.26259 2.12973 1.99030 1.90638 1.84837 1.84551 1.84551 1.84551 1.84551 1.84551 1.84551 1.87325 2.43920 2.44769 2.44769 0.00000 0.00000 0.00000 0.00000 0.00000 0.00000 0.00000 0.00000 0.00000 0.00000 0.00000 0.00000 0.00000 0.00000 0.00000 0.00000 0.00000 0.00000 0.00000 0.00000 0.00000 0.00000 0.00000 0.00000 0.00000 0.00000 0.00000 0.00000 0.00000 0.00000 0.00000 0.00000 0.00000 0.00000 0.00000 0.00000 0.00000 0.00000 0.00000 0.00000 0.00000 0.00000 0.00000 0.00000 0.00000 0.00000 0.00000 0.00000 1.66643 1.66643
1.85873 1.84551 1.84551 1.84551 1.84551 1.84551 1.84551 1.84551 1.84551 1.84551 1.84551 1.84551 1.84551 2.23850 2.44769 2.44769 0.00000 0.00000 0.00000 0.00000 0.00000 0.00000 0.00000 0.00000 0.00000 0.00000 0.00000 0.00000 0.00000 0.00000 0.00000 0.00000 0.00000 0.00000 0.00000 0.00000 0.00000 0.00000 0.00000 0.00000 0.00000 0.00000 0.00000 0.00000 0.00000 0.00000 0.00000 0.00000 0.00000 0.00000 0.00000 0.00000 0.00000 0.00000 0.00000 0.00000 0.00000 0.00000 0.00000 0.00000 0.00000 0.00000 0.00000 0.00000 1.66643 1.66643
1.84551 1.84551 1.84551 1.84551 1.84551 1.84551 1.84551 1.84551 1.84551 1.84551 1.84551 1.84551 1.84551 2.04549 2.44769 2.44769 0.00000 0.00000 0.00000 0.00000 0.00000 0.00000 0.00000 0.00000 0.00000 0.00000 0.00000 0.00000 0.00000 0.00000 0.00000 0.00000 0.00000 0.00000 0.00000 0.00000 0.00000 0.00000 0.00000 0.00000 0.00000 0.00000 0.00000 0.00000 0.00000 0.00000 0.00000 0.00000 0.00000 0.00000 0.00000 0.00000 0.00000 0.00000 0.00000 0.00000 0.00000 0.00000 0.00000 0.00000 0.00000 0.00000 0.00000 0.00000 1.51274 1.27700
