High_resolution/powerplant/Fengdu/OMI_NO2_201008.asc
ncols      200
nrows      200
xllcorner       105.978
yllcorner       28.1831
cellsize     0.0166667
NODATA_Value      -999.000
[rows 116 to 144 of 200, columns 66 to 131 of 200]
2.19595 2.22248 2.24275 2.26061 2.27840 2.35971 2.68412 2.83476 2.83476 2.83476 2.83476 2.83476 2.83476 2.83476 2.87636 2.91154 2.97671 2.74594 2.76076 2.78505 2.78680 2.78680 2.78680 2.45303 1.55635 0.915680 0.915680 0.915680 0.915680 0.888101 0.505663 0.505499 0.505499 0.505499 0.505499 0.505499 0.505499 0.505499 1.84461 3.09382 3.46707 4.51403 3.14833 2.89473 2.89473 2.89473 2.89473 2.83515 2.57222 2.29274 2.01314 1.75201 1.69578 1.69578 1.69578 1.69578 1.69578 1.69578 1.69578 2.88749 3.29789 3.29789 3.29789 3.27953 3.17678 3.06363
2.31410 2.30536 2.30299 2.30299 2.30299 2.33834 2.56374 2.83476 2.83476 2.83476 2.83476 2.86120 2.93784 3.01583 3.12083 3.20053 3.20226 2.92867 2.78680 2.78680 2.78680 2.76043 2.70247 2.57527 1.58886 0.918574 0.915680 0.915680 0.915680 0.915680 0.610013 0.505499 0.505499 0.505499 0.505499 0.505499 0.505499 0.505499 4.73611 4.73611 4.73611 4.73611 3.55625 2.77112 2.49189 2.21253 1.93269 1.71269 1.69578 1.69578 1.69578 1.69578 1.69578 1.69578 1.69578 1.69578 1.69578 1.69578 1.71358 2.43024 3.04475 2.93159 2.81839 2.72354 2.71313 2.71313
2.30299 2.30299 2.30299 2.30299 2.30299 2.30743 2.44564 2.85672 2.94070 3.01870 3.09666 3.14824 3.14950 3.14950 3.16203 3.20226 3.19286 3.00275 2.66160 2.60353 2.54555 2.51385 2.51380 2.51380 1.77881 1.08069 0.915680 0.915680 0.936837 0.989231 0.883182 0.505499 0.505499 0.00000 0.00000 0.00000 0.00000 0.00000 5.77813 4.37449 3.76975 3.21080 2.40243 1.69626 1.69578 1.69578 1.69578 1.69578 1.69578 1.69578 1.69578 1.69578 1.69578 1.71358 1.78573 1.86164 1.93755 2.01346 2.07157 2.25296 2.71779 2.71313 2.71313 2.71313 2.71313 2.71313
2.30299 2.30299 2.30299 2.33415 2.41170 2.48969 2.65289 3.04812 3.14950 3.14950 3.14950 3.14665 3.11201 3.06848 3.02591 3.03124 3.00005 2.95678 2.51624 2.51380 2.51380 2.51380 2.51380 2.49272 2.07576 1.47488 1.06178 1.03356 0.944744 0.798957 0.653274 0.00000 0.00000 0.00000 5.77813 5.77813 5.77813 5.77813 5.77813 4.13105 2.33820 2.33820 2.33436 1.73116 1.69578 1.69578 1.69578 1.69578 1.71358 1.78573 1.86164 1.93755 2.01346 2.07157 2.07533 2.07533 2.07533 2.07533 2.07533 2.07852 2.69440 2.71313 2.71313 2.71313 2.71313 2.71313
2.41456 2.49255 2.57051 2.61731 2.61772 2.61772 2.66768 2.91987 3.08136 3.03783 2.99432 2.95359 2.94475 2.94475 2.94475 2.98102 2.99751 2.99751 2.62802 2.44570 2.36263 2.24717 2.13052 2.03509 1.95618 1.54981 0.497526 0.497526 0.497526 0.497526 0.681532 5.42503 5.77813 5.77813 5.77813 5.77813 5.77813 5.77813 5.77813 5.17272 2.33820 2.33820 2.33820 1.87036 1.78573 1.86164 1.93755 2.01346 2.07157 2.07533 2.07533 2.07533 2.07533 2.07533 2.07533 2.07533 2.07533 2.07533 2.07533 2.07533 2.50012 2.71313 2.71313 2.57925 2.21468 1.84606
2.61772 2.61772 2.62109 2.63857 2.65764 2.67670 2.71055 2.84512 2.94475 2.94475 2.94475 2.94475 2.94475 2.94359 2.91130 2.88227 2.78747 2.69995 2.36348 1.95199 1.91844 1.91737 1.91737 1.91737 1.91678 1.70112 0.913638 1.67510 2.32088 2.79085 3.10291 4.77609 5.77813 5.77813 5.77813 5.77813 5.77813 5.77813 5.66173 5.06642 2.47382 2.10926 2.06806 2.05342 2.07533 2.07533 2.07533 2.07533 2.07533 2.07533 2.07533 2.07533 2.07533 2.07533 2.07533 2.07533 2.07533 2.07533 2.07766 2.14951 2.26343 1.69363 1.32500 1.09042 1.08635 1.08635
2.67005 2.68721 2.70291 2.70448 2.70448 2.70448 2.70448 2.80439 2.92994 2.93641 2.91817 2.89971 2.88124 2.86395 2.87788 2.83741 2.55019 2.55019 2.45953 1.91737 1.91737 1.91737 2.02727 2.29557 2.53024 2.79826 3.08231 3.13783 3.13783 3.13783 3.13783 4.00250 5.77813 5.71301 5.14813 4.64443 4.27053 3.98224 3.78286 3.76042 2.78101 2.04046 2.04046 2.04245 2.07462 2.07533 2.07533 2.07533 2.07533 2.07533 2.07533 2.07533 2.07533 2.07533 2.08841 2.17984 2.28422 2.38865 2.49079 2.52331 2.48554 1.16204 1.08635 1.08635 1.08635 1.08635
2.74136 2.70448 2.70448 2.70727 2.73394 2.76476 2.79555 2.80940 2.84361 2.88318 2.88315 2.88315 2.88315 2.88315 2.88315 2.88315 2.59601 2.55019 2.49117 2.31014 2.56511 2.76599 2.88082 2.88256 2.88256 2.92425 3.06804 3.13783 3.13296 3.03640 2.92381 3.04919 4.01785 3.79855 3.76042 3.76042 3.76042 3.76042 3.76042 3.76042 3.30170 2.04046 2.04046 2.04046 2.06662 2.07533 2.07533 2.07533 2.07533 2.07533 2.10794 2.21017 2.31455 2.41898 2.51032 2.52331 2.52331 2.52331 2.52331 2.52331 2.52331 1.54753 1.08635 1.08635 1.08635 1.08635
2.88690 2.81229 2.84298 2.87091 2.87488 2.87468 2.87468 2.84753 2.79834 2.88315 2.88315 2.88315 2.88315 2.88315 2.83089 2.72039 2.36190 2.02118 1.91737 2.53206 2.88256 2.88256 2.88256 2.88256 2.85604 2.81077 2.86664 2.75950 2.69045 2.67279 2.67279 2.68240 3.65894 3.76042 3.76042 3.76042 3.76042 3.76042 3.76042 3.76042 3.72292 2.14056 2.04046 2.04046 2.05665 2.07569 2.13599 2.24041 2.34488 2.44926 2.52103 2.52331 2.52331 2.52331 2.52331 2.52331 2.52331 2.52331 2.52331 2.52331 2.52331 1.96251 1.08358 1.08130 1.07902 1.07675
3.12448 2.87468 2.87468 2.87468 2.87468 2.87468 2.87468 2.87287 2.77489 2.87861 2.82674 2.71565 2.58822 2.44057 2.36131 2.36131 2.22258 1.91737 1.91737 2.21095 2.82061 2.76988 2.71918 2.66848 2.64429 2.64429 2.69856 2.68366 2.67279 2.67279 2.67279 2.67279 3.30649 3.76042 3.76042 3.76042 3.76042 3.76042 3.76042 3.76042 3.76042 2.63142 2.13144 2.23587 2.34642 2.47923 2.52331 2.52331 2.52331 2.52331 2.52331 2.52331 2.52331 2.52331 2.52331 2.52331 2.50477 2.43341 2.35880 2.28419 2.20958 2.04824 1.08026 1.07456 1.07456 1.07456
3.21647 2.89165 2.87468 2.87468 2.87468 2.87421 2.81379 2.70150 2.48520 2.38932 2.36131 2.36131 2.36131 2.36131 2.35531 2.29908 2.20675 1.72801 1.65226 1.62884 2.59350 2.64429 2.64429 2.64429 2.64429 2.64429 2.66885 2.69829 2.67279 2.72036 2.81329 2.90632 3.24284 3.76042 3.76042 3.76042 3.76042 3.72448 3.47244 3.10567 2.60063 2.25118 2.48844 2.48844 2.48851 2.51938 2.52331 2.52331 2.52331 2.52331 2.52331 2.50425 2.43266 2.35828 2.28419 2.20958 2.15352 2.15027 2.15027 2.15027 2.15027 2.15027 1.29517 1.07456 1.07456 1.07456
3.22313 2.96703 2.80957 2.69669 2.56710 2.41760 2.35003 2.35003 2.29563 2.26734 2.31947 2.25183 2.18423 2.11663 2.05500 2.04363 2.04363 1.70512 1.59968 1.59968 2.34294 2.63844 2.60539 2.58511 2.61480 2.64789 2.73629 3.10133 3.15423 3.19959 3.19959 3.19959 3.25154 3.69812 3.41879 3.03369 2.49837 1.84267 1.74271 1.74271 1.74271 1.84158 2.48280 2.48844 2.48844 2.50949 2.50425 2.43266 2.35805 2.28345 2.20884 2.15329 2.15027 2.15027 2.15027 2.15027 2.15027 2.15027 2.15027 2.15027 2.15027 2.15027 1.61638 1.07456 1.07456 1.07456
2.87491 2.55393 2.35003 2.35003 2.35003 2.31008 2.15232 1.98684 1.80906 1.58266 2.04303 2.04363 2.04363 2.04363 2.04363 2.04363 2.04180 1.79513 1.59219 1.63650 2.10106 2.74428 2.81060 2.86413 2.86765 2.86765 2.86785 3.18900 3.20397 3.11874 2.88176 2.59553 2.24653 1.81942 1.74271 1.74271 1.74271 1.74271 1.74271 1.74271 1.74271 1.72146 2.30968 2.36439 2.30529 2.23414 2.15329 2.15027 2.15027 2.15027 2.15027 2.15027 2.15027 2.15027 2.15027 2.15027 2.15027 2.15027 2.15027 2.15027 2.15027 2.14131 1.81742 0.995215 0.933310 0.846273
2.60151 2.38731 2.05766 1.89203 1.72648 1.60102 1.59338 1.59338 1.59338 1.47733 1.94135 2.04363 1.99459 1.87694 1.75856 1.64050 1.52402 1.54514 1.89749 1.89749 1.97209 2.85141 2.86765 2.86765 2.86750 2.77050 2.57170 2.47587 2.20749 1.91419 1.91032 1.91032 1.91032 1.84034 1.74271 1.74271 1.73031 1.62934 1.51121 1.39301 1.27482 1.17788 1.81117 2.20128 2.20128 2.19857 2.15138 2.15027 2.15027 2.15027 2.15027 2.15027 2.15027 2.15027 2.15027 2.15027 2.15027 2.12088 1.97879 1.78336 1.51574 1.16012 1.06191 0.804297 0.787004 0.787004
1.54202 1.47539 1.57990 1.59338 1.59338 1.59338 1.58889 1.53230 1.45741 1.26517 1.34186 1.50113 1.43179 1.43106 1.43106 1.43106 1.43106 1.43596 1.86429 1.89749 1.90174 2.56962 2.53634 2.30417 2.03631 1.89749 1.89749 1.91724 1.96023 1.91032 1.91032 1.90734 1.86191 1.75104 1.40961 1.29136 1.18575 1.16840 1.16840 1.16840 1.16840 1.16840 1.43722 2.20128 2.20128 2.20128 2.16324 2.15027 2.15027 2.15027 2.15027 2.15027 2.15027 2.08731 1.92638 1.71280 1.41601 1.09272 1.06638 1.06638 1.06638 1.06638 1.06638 0.878723 0.787004 0.787004
1.47539 1.47539 1.49164 1.42459 1.34931 1.27435 1.20361 1.18489 1.18451 1.11494 0.978137 1.43106 1.43106 1.43106 1.43106 1.43106 1.43876 1.62979 2.14055 2.45621 2.61039 2.38680 1.89749 1.89749 1.89749 1.89749 1.89671 1.82140 1.67639 1.74515 1.69297 1.63689 1.62317 1.60901 1.18184 1.16840 1.16840 1.16840 1.16840 1.16840 1.16840 1.16840 1.16840 2.11602 2.20128 2.20128 2.17779 2.15027 2.14570 2.04386 1.86932 1.63515 1.30381 1.06659 1.06638 1.06638 1.06638 1.06638 1.06638 1.06638 1.06638 1.06638 1.06638 0.957562 0.822922 0.961782
1.45657 1.44826 1.34581 1.18451 1.18451 1.18451 1.18451 1.18451 1.18451 1.18289 0.876713 1.39196 1.44167 1.64058 1.87812 2.08359 2.25879 2.30833 2.44551 2.65815 2.65815 2.58642 1.85722 1.73044 1.60319 1.47588 1.34941 1.29896 1.16556 1.49992 1.62317 1.62317 1.62317 1.62317 1.33631 1.16840 1.16840 1.16840 1.16840 1.16840 1.16840 1.16840 1.16840 1.89745 2.18165 2.05501 1.86250 1.54914 1.19313 1.06638 1.06638 1.06638 1.06638 1.06638 1.06638 1.06638 1.06638 1.06638 1.06638 1.06986 1.08224 1.09506 1.10795 1.15237 1.53121 1.53841
1.43744 1.43744 1.42341 1.18986 1.18451 1.18451 1.18451 1.18451 1.19947 1.42023 1.48461 1.92530 2.26418 2.30833 2.30833 2.30833 2.30833 2.29563 2.25306 2.46555 2.37027 2.27484 1.51232 1.29896 1.29896 1.29896 1.29896 1.29896 1.22780 1.34566 1.62317 1.62317 1.60757 1.56095 1.36719 1.16840 1.16840 1.16840 1.16840 1.16840 1.16840 1.16840 1.16840 1.27144 1.21267 1.16840 1.16821 1.07779 1.06638 1.06638 1.06638 1.06638 1.06638 1.06638 1.06995 1.08243 1.09532 1.10812 1.12097 1.13038 1.13083 1.13083 1.13083 1.13083 1.46699 1.53841
1.43744 1.43744 1.43744 1.23456 1.20357 1.43163 1.68268 1.90005 2.08161 2.12342 2.03812 2.02316 2.30604 2.23965 2.14426 2.04882 1.95330 1.87061 1.85943 2.15503 2.20925 2.20925 1.80982 1.29896 1.29245 1.26156 1.21416 1.10043 0.922593 0.866148 1.37112 1.25927 1.16976 1.16840 1.16840 1.16840 1.16840 1.16840 1.16840 1.16840 1.16840 1.16840 1.16840 1.16840 1.16840 1.16840 1.16840 1.10675 1.06638 1.07015 1.08266 1.09544 1.10833 1.12122 1.13042 1.13083 1.13083 1.13083 1.13083 1.13083 1.13083 1.13083 1.13083 1.13083 1.35192 1.53841
1.47092 1.78697 2.10292 2.12054 2.08675 2.12342 2.12342 2.12342 2.12513 2.13020 2.12115 1.89683 1.88864 1.85943 1.85943 1.85943 1.85943 1.85943 1.85943 2.06061 2.23322 2.27021 2.13212 0.874004 0.613970 0.381271 0.133459 0.0996248 0.0996248 0.104007 1.06161 1.16840 1.16840 1.16840 1.16840 1.16840 1.16840 1.16840 1.16840 1.16840 1.16840 1.16840 1.16840 1.16840 1.14963 1.07087 0.987453 0.965259 1.12135 1.13047 1.13083 1.13083 1.13083 1.13083 1.13083 1.13083 1.13083 1.13083 1.13083 1.13083 1.13083 1.13083 1.13083 1.13083 1.23684 1.53841
2.26265 2.60501 2.60501 2.49810 2.12796 2.13313 2.13829 2.14345 2.14691 2.14700 2.14700 1.95156 1.86434 1.85943 1.85946 1.86288 1.86760 1.87281 1.87870 2.02301 2.50902 2.51989 2.51431 0.556013 0.0996248 0.0996248 0.0996248 0.0996248 0.0996248 0.0996248 0.757843 1.16840 1.16840 1.16840 1.16840 1.16840 1.16840 1.16840 1.16840 1.15699 1.08304 0.999670 0.916336 0.833003 0.768398 0.763868 0.763868 0.783767 1.12327 1.13083 1.13083 1.13083 1.13083 1.13083 1.13083 1.13083 1.13083 1.13083 1.13083 1.13083 1.13083 1.13083 1.13083 1.13083 1.14102 1.51913
1.94044 2.62186 2.62874 2.63337 2.18538 2.14700 2.14700 2.14700 2.14700 2.14687 2.12946 1.99415 1.88167 1.87375 1.87994 1.88153 1.88142 1.88142 1.88142 1.90183 2.49802 2.51989 2.51989 1.49371 0.0996248 0.0996248 0.0996248 0.0996248 0.0996248 0.0996248 0.449649 1.16840 1.16840 1.16840 1.16245 1.09522 1.01185 0.928553 0.845138 0.773253 0.763868 0.763868 0.763868 0.763868 0.763868 0.763868 0.763868 0.763868 1.03857 1.13083 1.13083 1.13083 1.13083 1.13083 1.13083 1.13083 1.13083 1.13083 1.13083 1.13083 1.13083 1.13083 1.13083 1.13083 1.13083 1.41430
1.56526 2.61294 2.63645 2.63645 2.29819 2.13998 2.09672 2.04156 1.98646 1.93146 1.89375 1.89474 1.90611 1.88142 1.88142 1.88142 1.88142 1.88142 1.88142 1.87013 2.16260 2.18473 2.01234 1.56615 0.0996248 0.0996248 0.0996248 0.0996248 0.0996248 0.102827 0.279940 1.02461 0.940730 0.857355 0.779968 0.763868 0.763868 0.763868 0.763868 0.763868 0.763868 0.763868 0.763868 0.763868 0.763868 0.763868 0.763868 0.763868 0.933821 1.13083 1.13083 1.13083 1.13083 1.13083 1.13083 1.13083 1.13083 1.13083 1.13083 1.13083 1.13083 1.13083 1.13083 1.13083 1.13083 1.29916
1.48460 2.35914 2.54064 2.47166 2.21541 1.90407 1.89224 1.89224 1.89224 1.89224 1.89224 1.89224 1.90895 1.88421 1.88142 1.86748 1.76752 1.65284 1.53785 1.43426 1.57017 1.82280 1.82280 1.79585 0.253074 0.169836 0.338918 0.508801 0.678604 0.845204 0.900204 0.797822 0.763868 0.763868 0.763868 0.763868 0.763868 0.763868 0.763868 0.763868 0.763868 0.763868 0.763868 0.763868 0.763868 0.763868 0.763868 0.763868 0.829407 1.13083 1.13083 1.13083 1.13083 1.13083 1.13083 1.13083 1.13083 1.13083 1.13083 1.13083 1.13083 1.13083 1.16199 1.27064 1.38294 1.54452
1.07551 1.66883 2.32149 2.32149 2.27629 1.89459 1.89224 1.89224 1.89224 1.89224 1.89224 1.87983 1.79812 1.65916 1.53251 1.43157 1.41670 1.41670 1.41670 1.41670 1.48747 1.91807 2.00305 2.08803 1.46907 0.899484 0.900204 0.900204 0.900204 0.900204 0.900204 0.837129 0.763868 0.763868 0.763868 0.804274 0.830083 0.763868 0.763868 0.763868 0.763868 0.763868 0.763868 1.12435 1.74633 2.08867 0.765790 0.763868 0.764675 1.09068 1.13083 1.13083 1.13083 1.13083 1.13083 1.13083 1.13083 1.16283 1.27176 1.38407 1.49575 1.60754 1.68868 1.69233 1.69233 1.69233
1.01216 1.19760 2.31624 2.32149 2.32149 1.96048 1.89224 1.87760 1.79886 1.71277 1.62665 1.55290 1.52173 1.43747 1.41670 1.41990 1.46404 1.52064 1.57726 1.63387 1.68244 2.16203 2.22309 2.22309 1.92141 0.900204 0.900204 0.900204 0.900204 0.912206 0.995628 1.05203 1.03686 1.09124 1.13545 1.16154 1.08204 0.763868 0.767711 1.24278 1.82797 2.23961 2.54560 2.68668 2.68726 2.68726 1.31717 0.763868 0.763868 0.987075 1.13083 1.13083 1.16367 1.27289 1.38519 1.49642 1.60867 1.68896 1.69233 1.69233 1.69233 1.69233 1.69233 1.69233 1.69233 1.69233
1.01216 1.01216 2.11923 2.29872 2.19178 1.85803 1.62264 1.55112 1.54369 1.54369 1.54369 1.56738 1.61782 1.61911 1.61919 1.67109 1.68356 1.68356 1.68356 1.68356 1.68356 1.98566 2.22309 2.22256 2.13596 1.07252 1.10974 1.15822 1.19724 1.22625 1.23057 1.23046 1.17031 1.16240 1.17597 1.44944 1.76912 2.29210 2.58709 2.68726 2.68726 2.68726 2.68726 2.68726 2.68726 2.68726 1.99130 0.766089 0.774704 0.970820 1.49749 1.60979 1.68924 1.69233 1.69233 1.69233 1.69233 1.69233 1.69233 1.69233 1.69233 1.69233 1.69233 1.69233 1.69233 1.69233
1.01216 1.01216 1.55494 1.86471 1.85676 1.76090 1.55053 1.59656 1.64880 1.70105 1.75332 1.78188 1.78193 1.77146 1.70401 1.68356 1.68356 1.68356 1.70006 1.76891 1.85043 2.00430 2.04070 2.01222 2.00237 1.47994 1.23057 1.23057 1.23057 1.23057 1.26602 1.56663 1.83089 2.05753 2.25971 2.31182 2.31182 2.58236 2.68726 2.68726 2.68726 2.68726 2.68798 2.69206 2.69656 2.70107 2.45681 0.807287 0.807685 0.858641 1.67596 1.69233 1.69233 1.69233 1.69233 1.69233 1.69233 1.69233 1.69233 1.69233 1.69233 1.69233 1.69233 1.69233 1.69233 1.69233
1.01216 1.01240 1.26305 1.96619 2.03589 2.09440 1.79013 1.78193 1.78193 1.78193 1.78193 1.78193 1.78299 1.81927 1.85728 1.89513 1.99599 2.11402 2.21672 2.22309 2.22309 2.18833 2.00256 2.00237 2.00237 1.72840 1.29815 1.61996 1.90702 2.14398 2.32650 2.35726 2.34320 2.31182 2.31182 2.31182 2.31182 2.47110 2.69144 2.69594 2.70045 2.70496 2.70874 2.70917 2.70917 2.70917 2.69875 1.08906 0.807685 0.807685 1.47544 1.69233 1.69233 1.69233 1.69233 1.69233 1.69233 1.69233 1.69233 1.69233 1.69233 1.69233 1.69233 1.69233 1.69233 1.69233
