High_resolution/powerplant/Fengdu/OMI_NO2_200710.asc
ncols      200
nrows      200
xllcorner       105.978
yllcorner       28.1831
cellsize     0.0166667
NODATA_Value      -999.000
[rows 0 to 28 of 200, columns 132 to 197 of 200]
0.00000 0.00000 2.19084 2.19084 2.19084 2.19084 2.19084 2.19084 2.19084 1.68898 1.41369 1.41369 1.41369 1.41369 1.41369 1.41369 1.41369 1.46433 1.58122 1.68550 1.77780 1.86078 1.93545 2.00274 2.09952 3.32601 3.35408 0.00000 0.00000 0.00000 0.00000 0.00000 0.00000 0.00000 0.00000 0.00000 0.00000 0.00000 0.00000 0.00000 0.00000 0.00000 0.00000 0.00000 0.00000 0.00000 0.940920 0.940920 0.954691 1.04734 1.13109 1.19709 1.25032 1.29421 1.33103 1.27135 0.940920 0.940920 0.940920 0.940920 0.940920 0.940920 0.940920 0.940920 0.940920 0.940920
2.19084 2.19084 2.19125 2.22678 2.27874 2.32386 2.37305 2.48831 2.53020 2.37580 2.10100 2.15401 2.20251 2.24731 2.28881 2.32731 2.36312 2.38369 2.38388 2.38388 2.38388 2.38388 2.38388 2.38388 2.38388 3.02290 3.35408 0.00000 0.00000 0.00000 0.00000 0.00000 0.00000 0.00000 0.00000 0.00000 0.00000 0.00000 0.00000 0.00000 0.00000 0.00000 1.75072 1.75072 1.75072 1.75072 1.46125 1.31059 1.34136 1.34582 1.34582 1.34582 1.34582 1.34582 1.34582 1.33396 0.954143 0.940920 0.940920 0.940920 0.940920 0.940920 0.940920 0.940920 0.940920 0.940920
2.55469 2.57230 2.58851 2.59447 2.59447 2.59447 2.59646 2.76294 2.77246 2.73659 2.38579 2.38388 2.38388 2.38388 2.38388 2.38388 2.38388 2.38388 2.38388 2.38388 2.38388 2.38388 2.38388 2.38388 2.38388 2.72414 3.35408 0.00000 3.31911 0.00000 0.00000 0.00000 0.00000 0.00000 0.00000 0.00000 0.00000 0.00000 0.00000 0.00000 1.75072 1.75072 1.75072 1.75072 1.75072 1.75072 1.63927 1.34582 1.34582 1.34582 1.34582 1.34582 1.34582 1.34582 1.34582 1.34582 1.09251 0.940920 0.940920 0.940920 0.940920 0.940920 0.940920 0.940920 0.940920 0.940920
2.59447 2.59447 2.59447 2.59447 2.59447 2.59447 2.59447 2.72436 2.77246 2.77246 2.45844 2.38388 2.38388 2.38974 2.41799 2.44665 2.47359 2.49888 2.52283 2.54530 2.56656 2.58666 2.60574 2.62385 2.64109 2.77509 3.33501 3.31911 3.31911 0.00000 0.00000 0.00000 0.00000 0.00000 0.00000 0.00000 0.00000 0.00000 0.00000 0.00000 0.00000 1.75072 1.75072 1.75072 1.75072 1.75072 1.74637 1.35979 1.34582 1.34582 1.34582 1.34582 1.34582 1.34582 1.34582 1.34582 1.21111 0.940920 0.940920 0.940920 0.940920 0.940920 0.940920 0.940920 0.940920 0.940920
2.61483 2.63936 2.66215 2.68344 2.70337 2.72207 2.73969 2.82524 2.90555 2.91901 2.78228 2.66752 2.68273 2.69454 2.69563 2.69563 2.69563 2.69563 2.69563 2.69563 2.69563 2.69563 2.69563 2.70140 2.73659 2.78546 3.30348 3.31964 3.31911 0.00000 0.00000 0.00000 0.00000 0.00000 0.00000 0.00000 0.00000 0.00000 0.00000 0.00000 0.00000 1.75072 1.75072 1.75072 1.75072 1.75072 1.75072 1.41239 1.34582 1.34582 1.34582 1.34582 1.34582 1.34582 1.34582 1.34582 1.29354 0.940920 0.940920 0.940920 0.940920 0.940920 0.940920 0.940920 0.940920 0.940920
2.83211 2.83211 2.83211 2.83211 2.83211 2.83211 2.83211 2.86461 2.95077 2.95362 2.88991 2.69563 2.69563 2.69563 2.69563 2.69563 2.69563 2.70182 2.73742 2.77675 2.81637 2.85577 2.89512 2.92894 2.93312 2.93312 3.17566 3.32482 3.31911 0.00000 0.00000 0.00000 0.00000 0.00000 0.00000 0.00000 0.00000 0.00000 0.00000 0.00000 0.00000 1.75072 1.75072 1.75072 1.75072 1.75072 1.75072 1.48198 1.34582 1.34582 1.34582 1.34582 1.34582 1.34582 1.34598 1.35341 1.36200 0.992438 0.940920 0.940920 0.940920 0.940920 0.940920 0.940920 0.940740 0.916011
2.83211 2.83211 2.83211 2.83211 2.83211 2.83211 2.83211 2.83878 2.94958 2.95273 2.94903 2.71551 2.73826 2.77756 2.81713 2.85660 2.89590 2.92930 2.93312 2.93312 2.93312 2.93312 2.93312 2.93312 2.93312 2.93312 3.06347 3.32944 3.31911 3.31911 0.00000 0.00000 0.00000 0.00000 0.00000 0.00000 0.00000 1.94266 1.94266 1.94266 1.94266 1.91624 1.79504 1.80070 1.80686 1.81252 1.81773 1.73843 1.54251 1.56790 1.59578 1.62592 1.65940 1.69584 1.73609 1.75072 1.75072 1.75072 0.799536 0.799536 0.799536 0.799536 0.799536 0.799536 0.799536 0.799536
2.83211 2.83211 2.83211 2.83211 2.83211 2.82670 2.77340 2.70883 2.74129 2.69931 2.63752 2.82679 2.93312 2.93312 2.93312 2.93312 2.93312 2.93312 2.93312 2.93312 2.93312 2.93312 2.92585 2.90573 2.88534 2.86504 2.88020 3.11473 2.90461 2.33390 1.94266 1.94266 1.94266 1.94266 1.94266 1.94266 1.94266 1.94266 1.94266 1.94266 1.94266 1.94266 1.86155 1.84669 1.84669 1.84669 1.84669 1.84365 1.75208 1.75072 1.75072 1.75064 1.74621 1.73943 1.73266 1.72587 1.71910 1.35570 0.799536 0.799536 0.799536 0.799536 0.799536 0.799536 0.799536 0.799536
2.78491 2.72033 2.65571 2.59109 2.52647 2.46726 2.45598 2.45441 2.50429 2.53694 2.52020 2.64721 2.83420 2.81381 2.79345 2.77309 2.75279 2.73238 2.71202 2.69163 2.67130 2.65100 2.63788 2.63765 2.63765 2.63765 2.63765 2.81247 2.63089 2.35012 1.94266 1.94266 1.94266 1.94266 1.94266 1.94266 1.94266 1.94266 1.94266 1.94266 1.94266 1.94266 1.88231 1.84669 1.84669 1.84612 1.84303 1.83964 1.76022 1.72285 1.72014 1.71816 1.72006 1.72378 1.72715 1.73027 1.73311 1.64135 1.12707 1.15113 1.17341 1.19429 1.21383 1.23212 1.24937 1.26548
2.22544 2.18717 2.14906 2.11073 2.07267 2.03429 1.99623 1.95947 2.06913 2.27917 2.28238 2.33155 2.63765 2.63765 2.63765 2.63765 2.63765 2.63765 2.63765 2.63765 2.63765 2.63765 2.63765 2.63765 2.63765 2.63765 2.63765 2.76248 2.65545 2.48272 1.94266 1.94266 1.94266 1.93730 1.89981 1.86083 1.82586 1.79433 1.76583 1.74649 1.73961 1.73443 1.72464 1.68062 1.66683 1.65407 1.64366 1.63388 1.54042 1.47366 1.75333 1.75461 1.75461 1.75461 1.75461 1.75461 1.75461 1.75447 1.35556 1.30076 1.30076 1.30076 1.30076 1.30076 1.30076 1.30076
1.94976 1.94976 1.94976 1.94976 1.94976 1.94976 1.94976 1.94976 1.99406 2.27917 2.28146 2.28307 2.58762 2.63765 2.63765 2.63765 2.63765 2.63765 2.63500 2.61298 2.58711 2.56123 2.53528 2.50936 2.48344 2.45757 2.43169 2.43838 2.32757 2.13651 1.60648 1.59280 1.58010 1.58427 1.60455 1.62350 1.64010 1.65475 1.66778 1.67505 1.67513 1.67513 1.67486 1.61980 1.61424 1.61424 1.61424 1.61424 1.56494 1.45003 1.70774 1.75461 1.75461 1.75461 1.75461 1.75461 1.75461 1.75461 1.47754 1.30076 1.30076 1.30076 1.30076 1.30076 1.30076 1.30076
1.94976 1.94976 1.94976 1.94976 1.94644 1.91675 1.88005 1.84110 1.80057 2.09756 2.10391 2.08674 2.26690 2.38952 2.36364 2.33777 2.31181 2.28586 2.26263 2.25877 2.25877 2.25877 2.25877 2.25877 2.25877 2.25877 2.25731 2.23359 2.16193 2.03031 1.67933 1.65779 1.67044 1.67513 1.67513 1.69849 1.78798 1.87497 1.95536 2.02988 2.09911 2.16367 2.16004 1.63609 1.61424 1.61424 1.61424 1.61424 1.59443 1.45003 1.64044 1.75461 1.75461 1.75461 1.75461 1.75461 1.75461 1.75461 1.59962 1.30076 1.30076 1.30076 1.30076 1.30076 1.30076 1.30076
1.54139 1.48171 1.41767 1.34907 1.28277 1.27093 1.27093 1.27093 1.27093 1.60629 1.79075 1.90419 2.01177 2.25877 2.25877 2.25877 2.25877 2.25877 2.25877 2.25877 2.25690 2.23018 2.19568 2.16125 2.12679 2.09227 2.05931 2.05561 2.18072 2.15729 2.02790 2.01071 2.08131 2.14702 2.20842 2.25265 2.25544 2.25544 2.25544 2.25544 2.25544 2.25544 2.25526 1.73725 1.61424 1.61424 1.61424 1.61424 1.61335 1.46403 1.57312 1.75461 1.75461 1.75461 1.75461 1.75461 1.75461 1.75461 1.71853 1.30403 1.30076 1.30076 1.30076 1.30076 1.30076 1.30076
1.27093 1.27093 1.27093 1.27093 1.27093 1.27093 1.27093 1.27093 1.27093 1.49363 1.76517 1.89486 1.92142 2.25058 2.25640 2.22879 2.19425 2.15987 2.12539 2.09085 2.05835 2.05056 2.05056 2.05056 2.05056 2.05056 2.05056 2.09133 2.57607 2.50603 2.38948 2.25544 2.25544 2.25544 2.25544 2.25544 2.25544 2.25544 2.25544 2.25544 2.25544 2.25544 2.25544 1.92240 1.61350 1.61255 1.61177 1.61099 1.61021 1.50675 1.50582 1.75461 1.75461 1.75461 1.75461 1.75461 1.75461 1.75461 1.75461 1.38999 1.30076 1.30353 1.33632 1.38324 1.43926 1.50698
1.27093 1.27093 1.27093 1.27093 1.27093 1.27093 1.27093 1.27093 1.27151 1.40311 1.88948 2.04360 2.13401 2.12023 2.05743 2.05056 2.05056 2.05056 2.05056 2.05056 2.05056 2.05056 2.05056 2.05056 2.05056 2.05056 2.05056 2.04673 2.46083 2.52148 2.44290 2.25293 2.25234 2.25176 2.25117 2.25059 2.25000 2.24942 2.24883 2.24825 2.24766 2.24708 2.24649 2.06321 1.61236 1.60166 1.60166 1.60166 1.60166 1.53959 1.45370 1.73944 1.75461 1.75461 1.75461 1.75612 1.76035 1.76542 1.77155 1.65462 1.65787 1.77420 1.80198 1.80198 1.80198 1.80198
1.27093 1.27093 1.27099 1.28208 1.30387 1.33046 1.36360 1.40615 1.46059 1.50512 2.43693 2.37950 2.32442 2.14995 2.01403 1.99270 1.97136 1.95002 1.92868 1.90728 1.88592 1.86458 1.84324 1.82190 1.80057 1.77920 1.75780 1.74033 2.08124 2.44524 2.48512 2.25168 2.24601 2.24601 2.24601 2.24601 2.24601 2.24601 2.24601 2.24601 2.24601 2.24601 2.24601 2.19024 1.62892 1.60166 1.60166 1.60166 1.60137 1.56237 1.40751 1.66698 1.77465 1.78303 1.79378 1.79795 1.75414 1.69979 1.64613 1.59159 1.53783 1.48345 1.42972 1.37518 1.32152 1.26697
1.30111 1.28356 1.26027 1.21150 1.14880 1.08610 1.02341 0.960710 0.898013 0.835315 1.46967 1.71684 1.86706 1.82597 1.73861 1.73861 1.73861 1.73861 1.73861 1.73861 1.73861 1.73861 1.73861 1.73861 1.73861 1.73861 1.73861 1.73861 1.92870 2.39867 2.49342 2.29866 2.24601 2.24601 2.24601 2.24601 2.24601 2.24601 2.24601 2.24637 2.24709 2.24782 2.24661 2.23925 1.73183 1.58779 1.58109 1.57344 1.56518 1.55107 1.22867 1.14285 0.984179 0.929829 0.875973 0.825668 0.815607 0.815607 0.815607 0.815607 0.815607 0.815607 0.815607 0.815607 0.815607 0.815607
0.643462 0.643462 0.643462 0.643462 0.643462 0.643462 0.643462 0.643462 0.643462 0.643462 1.12412 1.54731 1.85172 1.85624 1.74600 1.73861 1.73861 1.73861 1.73861 1.73861 1.73861 1.73861 1.73861 1.73814 1.73066 1.72083 1.71102 1.70119 1.72255 2.29777 2.44322 2.33017 2.25300 2.25372 2.25445 2.25518 2.25253 2.24477 2.23697 2.22879 2.22025 2.21171 2.20512 2.20466 1.88225 1.57387 1.57231 1.57231 1.57231 1.57231 1.32626 1.11279 0.815607 0.815607 0.815607 0.815607 0.815607 0.815607 0.815607 0.815607 0.815607 0.815607 0.815607 0.815607 0.815607 0.815607
0.643462 0.643462 0.643462 0.643462 0.643462 0.643462 0.643462 0.643462 0.643462 0.659491 0.991814 1.57044 1.77472 1.79211 1.71079 1.67558 1.66575 1.65594 1.64611 1.63629 1.62646 1.61662 1.60680 1.59744 1.59510 1.59510 1.59510 1.59510 1.59510 2.09098 2.37013 2.32866 2.23550 2.22696 2.21842 2.20988 2.20472 2.20466 2.20428 2.17580 2.13023 2.08461 2.03907 1.99342 1.84363 1.58459 1.57231 1.57231 1.57231 1.57231 1.41907 1.20548 0.816583 0.815607 0.815607 0.815607 0.815607 0.815607 0.815607 0.815607 0.815607 0.815607 0.815607 0.815607 0.815607 0.815607
0.931905 0.979478 1.02202 1.06057 1.09540 1.12719 1.15635 1.18297 1.20773 1.22638 1.26779 1.67166 1.65591 1.64188 1.62053 1.59510 1.59510 1.59510 1.59510 1.59510 1.59510 1.59510 1.59510 1.59508 1.59310 1.58995 1.58679 1.58364 1.58047 1.92214 2.29195 2.30134 2.14297 2.09739 2.05181 2.00620 1.96066 1.91501 1.86985 1.85271 1.85271 1.85271 1.85271 1.85271 1.83284 1.59496 1.57231 1.57231 1.57231 1.57231 1.48628 1.23969 0.876161 0.815607 0.815607 0.815607 0.815607 0.815607 0.815607 0.815607 0.815607 0.815607 0.815607 0.815607 0.815607 0.815607
1.22805 1.22805 1.22805 1.22805 1.22805 1.22805 1.22805 1.22805 1.22805 1.22805 1.22805 1.61072 1.66280 1.64188 1.63603 1.59529 1.59510 1.59506 1.59301 1.58984 1.58669 1.58353 1.58037 1.57724 1.57606 1.57606 1.57606 1.57606 1.57606 1.67666 1.93264 1.98127 1.86657 1.85271 1.85271 1.85271 1.85271 1.85271 1.85271 1.85271 1.85271 1.85271 1.85271 1.85271 1.85271 1.65284 1.57231 1.57231 1.57246 1.57756 1.54384 1.16778 0.926591 0.796743 0.793921 0.791292 0.788876 0.786632 0.784543 0.782610 0.780780 0.779093 0.777489 0.775995 0.774583 0.773248
1.22805 1.22805 1.22805 1.22805 1.22805 1.22805 1.22805 1.22805 1.22805 1.22805 1.22805 1.51033 1.70583 1.73595 1.78453 1.63214 1.58028 1.57715 1.57606 1.57606 1.57606 1.57606 1.57606 1.57606 1.57606 1.57606 1.57606 1.57606 1.57606 1.58409 1.85880 1.98078 1.89538 1.85573 1.85947 1.86321 1.86695 1.87070 1.87442 1.87816 1.88191 1.88565 1.88938 1.89312 1.89684 1.78071 1.67567 1.68302 1.69037 1.69273 1.68218 1.01495 0.895522 0.771523 0.771523 0.771523 0.771523 0.771523 0.798041 0.924636 1.04463 0.935568 0.771523 0.771523 0.771523 0.771523
1.22805 1.22805 1.22805 1.22805 1.22805 1.22805 1.26947 1.35776 1.43383 1.49977 1.55754 1.73229 1.92413 1.90679 1.90390 1.73102 1.57606 1.57606 1.56627 1.54916 1.53208 1.51498 1.49790 1.48080 1.46367 1.44651 1.42943 1.41233 1.39522 1.37814 1.60897 2.02432 1.98319 1.91292 1.91292 1.91292 1.91292 1.91292 1.91292 1.91292 1.91292 1.91292 1.91292 1.91292 1.91292 1.85026 1.69048 1.69273 1.69273 1.69273 1.69273 1.16117 1.01164 0.977683 1.09105 1.19050 1.27856 1.35694 1.41537 1.42089 1.42089 1.23204 0.779762 0.788666 0.797604 0.806509
1.27993 1.34359 1.42158 1.48913 1.56642 1.65779 1.72284 1.76214 1.80145 1.84055 1.87992 1.91178 1.76729 1.73745 1.71288 1.61335 1.35085 1.33375 1.32636 1.32636 1.32636 1.32636 1.32636 1.32636 1.32636 1.32636 1.32636 1.32636 1.32636 1.32636 1.49643 1.94754 2.01272 1.91292 1.91292 1.91292 1.91292 1.91292 1.91292 1.91292 1.91292 1.91292 1.91292 1.91292 1.91430 1.91248 1.77611 1.87997 1.95701 2.02785 2.09325 1.85248 1.62370 1.48605 1.48713 1.49305 1.49903 1.50495 1.51092 1.51685 1.52282 1.48113 0.934735 0.934021 0.934021 0.934021
1.86099 2.04892 2.08818 2.12734 2.15005 2.15010 2.15010 2.15010 2.15010 2.15010 2.15010 2.14529 1.70116 1.66625 1.65420 1.64656 1.34203 1.32636 1.32636 1.32636 1.32636 1.32636 1.32636 1.32636 1.32636 1.32636 1.32636 1.32636 1.32605 1.31313 1.37832 1.81632 1.98402 1.96502 1.98359 1.99655 2.01002 2.02397 2.03840 2.06429 2.13355 2.20986 2.28935 2.37178 2.45449 2.51481 2.49565 2.43280 2.43270 2.43270 2.43270 2.21441 1.72354 1.56397 1.52922 1.52922 1.52922 1.52922 1.52922 1.52922 1.52922 1.52922 1.06276 0.934021 0.934021 0.934021
1.87503 2.15010 2.15010 2.15010 2.15010 2.15010 2.15010 2.15010 2.15010 2.15010 2.15010 2.15010 1.80476 1.67083 1.64848 1.62956 1.38090 1.26291 1.24351 1.22408 1.20465 1.18523 1.16582 1.14639 1.12699 1.10759 1.08819 1.06873 1.04962 1.04313 1.04965 1.53469 1.82857 2.07074 2.22048 2.28306 2.34555 2.40812 2.47061 2.52118 2.52573 2.52573 2.52525 2.52262 2.51949 2.51604 2.50224 2.44297 2.43270 2.43270 2.43270 2.37028 1.72441 1.60064 1.52922 1.52922 1.52922 1.52922 1.52922 1.52922 1.52922 1.52922 1.24642 0.934021 0.934021 0.934021
1.75130 2.14369 2.13358 2.12259 2.11157 2.10056 2.08958 2.07852 2.06755 2.05649 2.04551 2.03448 1.78654 1.53552 1.38070 1.37097 1.23213 1.04313 1.04313 1.04313 1.04313 1.04313 1.04313 1.04313 1.04313 1.04313 1.04313 1.05717 1.09214 1.12752 1.16286 1.49618 2.07265 2.31324 2.52560 2.52348 2.52043 2.51708 2.51338 2.50928 2.50470 2.49957 2.49483 2.49432 2.49432 2.49432 2.49432 2.45972 2.43270 2.43270 2.43270 2.43270 1.81865 1.64432 1.52922 1.52922 1.52922 1.52922 1.52922 1.52922 1.52922 1.52922 1.39347 0.934021 0.934021 0.934021
1.56363 1.92687 2.00470 2.00470 2.00470 2.00470 2.00470 2.00470 2.00470 2.00470 2.00470 2.00470 1.87622 1.52903 1.41480 1.37097 1.32268 1.04313 1.04313 1.04313 1.04313 1.05781 1.09312 1.12833 1.16369 1.19904 1.23425 1.32938 1.52597 1.70894 1.87772 1.79263 1.88460 2.12038 2.49580 2.49432 2.49432 2.49432 2.49432 2.49432 2.49432 2.49432 2.49432 2.49432 2.49432 2.49432 2.49432 2.47647 2.43270 2.43270 2.43270 2.43270 1.97543 1.69700 1.53250 1.55613 1.58298 1.61023 1.63708 1.66433 1.69119 1.71839 1.72699 1.31074 1.33942 1.37992
1.55812 1.80217 2.00470 2.00470 2.00470 2.00470 2.00470 2.00470 2.00470 2.00470 2.00470 2.00470 1.97925 1.53436 1.45082 1.34242 1.26849 1.12353 1.16454 1.20676 1.39216 1.60412 1.78115 1.94421 2.09531 2.23562 2.36635 2.44661 2.44822 2.44822 2.44822 2.27908 1.64631 2.00118 2.49416 2.49432 2.49432 2.49432 2.48673 2.46509 2.44296 2.42091 2.39888 2.37686 2.35487 2.33271 2.31072 2.28594 2.20668 2.18299 2.16090 2.13888 2.22765 2.42712 2.06031 2.02558 2.02558 2.02558 2.02558 2.02558 2.02558 2.02217 1.94159 1.71499 1.67856 1.67856
