High_resolution/powerplant/Fengdu/OMI_NO2_201106.asc
ncols      200
nrows      200
xllcorner       105.978
yllcorner       28.1831
cellsize     0.0166667
NODATA_Value      -999.000
[rows 30 to 59 of 200, columns 66 to 131 of 200]
4.57990 4.57990 4.57990 4.57990 4.57990 4.57990 4.57990 4.57990 4.57990 4.57735 4.52807 4.46130 4.39459 4.32781 4.26303 3.78109 3.73593 3.73593 3.73593 3.73593 3.73593 3.73593 3.73593 3.73593 3.73593 3.73593 3.73593 3.73593 3.73593 3.73593 3.73593 3.73593 3.24625 2.83096 2.83096 2.83096 2.83096 2.83096 2.83096 2.83096 2.83096 2.83096 2.83096 2.83096 2.83096 2.83096 2.83096 2.83070 2.73710 1.63707 1.35183 1.60913 1.86644 2.04427 2.05015 2.05015 2.05015 2.05015 2.05015 2.05015 2.05015 2.05015 2.05015 2.05015 2.05015 2.07332
4.57990 4.57990 4.57990 4.57990 4.57942 4.53820 4.47146 4.40474 4.33797 4.27381 4.25637 4.25637 4.25637 4.25637 4.25637 3.93073 3.73593 3.73593 3.73593 3.73593 3.73593 3.73593 3.73593 3.73593 3.73593 3.73593 3.73593 3.73593 3.73593 3.73593 3.73593 3.73593 3.51104 2.83096 2.83096 2.83096 2.83096 2.83096 2.83096 2.83096 2.83096 2.83096 2.82755 2.71190 2.54194 2.37197 2.20209 2.03247 1.95619 1.98742 2.05015 2.05015 2.05015 2.05015 2.05015 2.05015 2.05015 2.05015 2.05015 2.05015 2.05015 2.05015 2.05015 2.05015 2.05015 2.05015
4.54836 4.48165 4.41487 4.34816 4.28193 4.25637 4.25637 4.25637 4.25637 4.25637 4.25637 4.25637 4.25637 4.25637 4.25637 4.08459 3.73593 3.73593 3.73593 3.73593 3.73593 3.73593 3.73593 3.73593 3.73593 3.73593 3.73593 3.73593 3.73593 3.73593 3.73593 3.73593 3.71973 2.88689 2.83096 2.83096 2.83096 2.82064 2.68671 2.51683 2.34695 2.17698 2.01034 1.95619 1.95619 1.95619 1.95619 1.95619 1.95619 1.96199 2.04853 2.05015 2.05015 2.05015 2.05015 2.05015 2.05015 2.05015 2.05015 2.05015 2.05015 2.05015 2.05015 2.05015 2.05015 2.05015
4.25637 4.25637 4.25637 4.25637 4.25637 4.25637 4.25637 4.25637 4.25637 4.25637 4.25637 4.25637 4.25637 4.25637 4.25637 4.22713 3.74728 3.73593 3.73593 3.73593 3.73593 3.73593 3.73593 3.73593 3.73593 3.73593 3.73593 3.73593 3.73593 3.73593 3.73593 3.73593 3.70747 2.94167 2.49172 2.32167 2.15179 1.99223 1.95619 1.95619 1.95619 1.95619 1.95619 1.95619 1.95619 1.95619 1.95619 1.95619 1.95619 1.95619 2.02727 2.05015 2.05015 2.05015 2.05015 2.05015 2.05015 2.05015 2.05015 2.05015 2.05015 2.05015 2.05015 2.05015 2.05015 2.05015
4.25637 4.25637 4.25637 4.25637 4.25637 4.25637 4.25637 4.25637 4.25637 4.25637 4.25637 4.25637 4.25637 4.25637 4.25637 4.25637 3.87191 3.73593 3.73593 3.73593 3.73593 3.73593 3.73593 3.73593 3.73593 3.73593 3.73593 3.70747 3.48957 3.23690 2.98423 2.73155 2.50620 2.27842 1.95619 1.95619 1.95619 1.95619 1.95619 1.95619 1.95619 1.95619 1.95619 1.95619 1.95619 1.95619 1.95619 1.95619 1.95619 1.95619 2.00024 2.05015 2.05015 2.05015 2.05015 2.05015 2.05015 2.05015 2.05015 2.05015 2.05015 2.05015 2.05015 2.05015 2.05015 2.05015
4.25637 4.25637 4.25637 4.25637 4.25637 4.25637 4.25637 4.25637 4.25637 4.25637 4.25637 4.25637 4.25637 4.25637 4.25637 4.25637 4.02574 3.73593 3.73593 3.73593 3.73593 3.73593 3.70747 3.48957 3.23690 2.98423 2.73155 2.50620 2.47003 2.47003 2.47003 2.47003 2.47003 2.42384 1.95958 1.95619 1.95619 1.95619 1.95619 1.95619 1.95619 1.95619 1.95619 1.95619 1.95619 1.95619 1.95619 1.95619 1.95619 1.95619 1.97318 2.05015 2.05015 2.05015 2.05015 2.05015 2.05015 2.05015 2.05015 2.05015 2.05015 2.05664 2.12186 2.20123 2.28065 2.35999
4.25637 4.25637 4.25637 4.25637 4.25637 4.25637 4.25637 4.25637 4.25637 4.25637 4.25637 4.25637 4.25637 4.25637 4.25637 4.25637 4.17971 3.70747 3.48957 3.23690 2.98423 2.73155 2.50620 2.47003 2.47003 2.47003 2.47003 2.47003 2.47003 2.47003 2.47003 2.47003 2.47003 2.47003 2.06229 1.95619 1.95619 1.95619 1.95619 1.95619 1.95619 1.95619 1.95619 1.95619 1.95619 1.95619 1.95619 1.95619 1.95619 1.95619 1.95641 2.03988 2.05015 2.05015 2.05015 2.05015 2.07025 2.14638 2.22571 2.30513 2.38447 2.45740 2.47147 2.47147 2.47147 2.47147
4.25637 4.25637 4.25637 4.25637 4.25637 4.25637 4.25637 4.25637 4.25637 4.25637 4.25637 4.25637 4.25067 4.16989 4.06558 3.96142 3.85726 2.69304 2.47003 2.47003 2.47003 2.47003 2.47003 2.47003 2.47003 2.47003 2.47003 2.47003 2.47003 2.47003 2.47003 2.47003 2.47003 2.47003 2.21111 1.95619 1.95619 1.95619 1.95619 1.95619 1.95619 1.95619 1.95619 1.95619 1.95619 1.95619 1.95619 1.95619 1.95619 1.95619 1.95619 2.03091 2.17086 2.25019 2.32961 2.40895 2.46823 2.47147 2.47147 2.47147 2.47147 2.47147 2.47147 2.47147 2.47147 2.47147
4.25637 4.25637 4.25637 4.25637 4.25637 4.25637 4.25637 4.25481 4.18599 4.08178 3.97763 3.87337 3.77486 3.75149 3.75149 3.75149 3.75149 3.03311 2.47003 2.47003 2.47003 2.47003 2.47003 2.47003 2.47003 2.47003 2.47003 2.47003 2.47003 2.47003 2.47003 2.47003 2.47003 2.47003 2.35997 1.95619 1.95619 1.95619 1.95619 1.95619 1.95619 1.95619 1.95619 1.95619 1.95619 1.95503 1.90088 1.81808 1.73533 1.65245 1.56966 1.82832 2.47147 2.47147 2.47147 2.47147 2.47147 2.47147 2.47147 2.47147 2.47147 2.47147 2.47147 2.47147 2.47147 2.47147
4.25637 4.25637 4.25637 4.20210 4.09799 3.99378 3.88952 3.78693 3.75149 3.75149 3.75149 3.75149 3.75149 3.75149 3.75149 3.75149 3.75149 3.40806 2.47003 2.47003 2.47003 2.47003 2.47003 2.47003 2.47003 2.47003 2.47003 2.47003 2.47003 2.47003 2.47003 2.47003 2.47003 2.47003 2.46577 1.99925 1.95619 1.95619 1.95619 1.95619 1.95174 1.88754 1.80475 1.72195 1.63907 1.55748 1.52875 1.52875 1.52875 1.52875 1.52875 1.57881 2.45045 2.47147 2.47147 2.47147 2.47147 2.47147 2.47147 2.47147 2.47147 2.47147 2.47147 2.47147 2.47147 2.47147
4.06806 3.90573 3.80157 3.75149 3.75149 3.75149 3.75149 3.75149 3.75149 3.75149 3.75149 3.75149 3.75149 3.75149 3.75149 3.75149 3.75149 3.71894 2.53385 2.47003 2.47003 2.47003 2.47003 2.47003 2.47003 2.47003 2.47003 2.47003 2.47003 2.47003 2.47003 2.47003 2.47003 2.47003 2.47003 2.13397 1.87416 1.79141 1.70853 1.62574 1.54743 1.52875 1.52875 1.52875 1.52875 1.52875 1.52875 1.52875 1.52875 1.52875 1.52875 1.52875 2.23009 2.47147 2.47147 2.47147 2.47147 2.47147 2.47147 2.47147 2.47147 2.47147 2.47147 2.47147 2.47147 2.47147
4.15210 3.75149 3.75149 3.75149 3.75149 3.75149 3.75149 3.75149 3.75149 3.75149 3.75149 3.75149 3.75149 3.75149 3.75149 3.75149 3.75149 3.75149 2.87613 2.47003 2.47003 2.47003 2.47003 2.47003 2.47003 2.47003 2.47003 2.47003 2.47003 2.47003 2.45719 2.36234 2.25300 2.14367 2.03433 1.80186 1.52875 1.52875 1.52875 1.52875 1.52875 1.52875 1.52875 1.52875 1.52875 1.52875 1.52875 1.52875 1.52875 1.52875 1.52875 1.52875 1.95972 2.47147 2.47147 2.47147 2.47147 2.47147 2.47147 2.47147 2.47147 2.47147 2.47147 2.47147 2.47147 2.47147
4.42069 3.75149 3.75149 3.75149 3.75149 3.75149 3.75149 3.75149 3.75149 3.75149 3.75149 3.75149 3.75149 3.75149 3.75149 3.75149 3.75149 3.75149 3.25082 2.47003 2.47003 2.47003 2.47003 2.47003 2.47003 2.45773 2.36343 2.25333 2.14367 2.03433 1.93784 1.92335 1.92335 1.92335 1.92335 1.89652 1.53448 1.52875 1.52875 1.52875 1.52875 1.52875 1.52875 1.52875 1.52875 1.52875 1.52875 1.52875 1.52875 1.52875 1.52875 1.52875 1.68909 2.47147 2.47147 2.47147 2.47147 2.47147 2.47147 2.47147 2.47147 2.47147 2.47147 2.47147 2.47255 2.48596
4.63661 3.80393 3.75149 3.75149 3.75149 3.75149 3.75149 3.75149 3.75149 3.75149 3.75149 3.75149 3.75149 3.75149 3.75149 3.75149 3.75149 3.75149 3.62078 2.47503 2.45773 2.36343 2.25409 2.14476 2.03542 1.93839 1.92335 1.92335 1.92335 1.92335 1.92335 1.92335 1.92335 1.92335 1.92335 1.92335 1.62252 1.52875 1.52875 1.52875 1.52875 1.52875 1.52875 1.52875 1.52875 1.52875 1.52875 1.52875 1.52875 1.52875 1.52875 1.52875 1.52998 2.36015 2.47147 2.47147 2.47147 2.47147 2.47147 2.47539 2.49141 2.50831 2.52518 2.54208 2.55788 2.56137
4.65542 4.05379 3.75149 3.75149 3.75149 3.75149 3.75149 3.75149 3.75149 3.75149 3.75149 3.75149 3.75149 3.75149 3.75149 3.72660 3.42373 3.04380 2.66369 2.06730 1.93839 1.92335 1.92335 1.92335 1.92335 1.92335 1.92335 1.92335 1.92335 1.92335 1.92335 1.92335 1.92335 1.92335 1.92335 1.92335 1.73738 1.52875 1.52875 1.52875 1.52875 1.52875 1.52875 1.52875 1.52875 1.52875 1.52875 1.52875 1.52875 1.52875 1.52875 1.52875 1.52875 2.09099 2.47998 2.49687 2.51377 2.53064 2.54755 2.56050 2.56137 2.56137 2.56137 2.56137 2.56137 2.56137
4.65542 4.32238 3.75149 3.75149 3.75149 3.75149 3.75149 3.75149 3.75149 3.75149 3.74301 3.48087 3.10076 2.72065 2.34054 1.98550 1.90807 1.90807 1.90807 1.91589 1.92335 1.92335 1.92335 1.92335 1.92335 1.92335 1.92335 1.92335 1.92335 1.92335 1.92335 1.92335 1.92335 1.92335 1.92335 1.92335 1.85225 1.52875 1.52875 1.52875 1.52875 1.52875 1.52875 1.52875 1.52875 1.52875 1.52875 1.52875 1.53037 1.60665 1.72310 1.83944 1.95595 2.21531 2.56137 2.56137 2.56137 2.56137 2.56137 2.56137 2.56137 2.56137 2.56137 2.56137 2.56137 2.56137
4.65542 4.58184 3.76053 3.75149 3.75149 3.75075 3.53765 3.15772 2.77743 2.39750 2.02605 1.90807 1.90807 1.90807 1.90807 1.90807 1.90807 1.90807 1.90807 1.91140 1.92335 1.92335 1.92335 1.92335 1.92335 1.92335 1.92335 1.92335 1.92335 1.92335 1.92335 1.92335 1.92335 1.92335 1.92335 1.92335 1.92256 1.57334 1.52875 1.52875 1.52875 1.52875 1.52875 1.53475 1.62434 1.74073 1.85707 1.97358 2.08830 2.12842 2.12842 2.12842 2.12842 2.14920 2.55046 2.56137 2.56137 2.56137 2.56137 2.56137 2.56137 2.56137 2.56137 2.56137 2.56137 2.56137
4.65542 4.52526 3.43701 2.83439 2.45446 2.07509 1.90807 1.90807 1.90807 1.90807 1.90807 1.90807 1.90807 1.90807 1.90807 1.90807 1.90807 1.90807 1.90807 1.90820 1.92206 1.92335 1.92335 1.92335 1.92335 1.92335 1.92335 1.92335 1.92335 1.92335 1.92335 1.92335 1.92335 1.92335 1.92335 1.92335 1.92335 1.68742 1.54177 1.64197 1.75842 1.87476 1.99121 2.10161 2.12842 2.12842 2.12842 2.12842 2.12842 2.12842 2.12842 2.12842 2.12842 2.12842 2.44743 2.56137 2.56137 2.56137 2.56137 2.56137 2.56137 2.56137 2.56137 2.56137 2.56137 2.56137
3.26543 3.05326 2.50512 1.90807 1.90807 1.90807 1.90807 1.90807 1.90807 1.90807 1.90807 1.90807 1.90807 1.90807 1.90807 1.90807 1.90807 1.90807 1.90807 1.90807 1.91769 1.92335 1.92335 1.92335 1.92335 1.92335 1.92335 1.92335 1.92335 1.92335 1.92335 1.92335 1.92335 1.95291 2.16347 2.40480 2.64613 2.61675 2.11223 2.12842 2.12842 2.12842 2.12842 2.12842 2.12842 2.12842 2.12842 2.12842 2.12842 2.12842 2.12842 2.12842 2.12842 2.12842 2.32324 2.56137 2.56137 2.56137 2.56137 2.56137 2.56137 2.56137 2.56137 2.56137 2.56137 2.56137
3.05054 3.05054 2.84400 1.90807 1.90807 1.90807 1.90807 1.90807 1.90807 1.90807 1.90807 1.90807 1.90807 1.90807 1.90807 1.90807 1.90807 1.90807 1.90807 1.90807 1.91321 1.92335 1.92335 1.92335 1.92335 1.92335 1.92335 1.92335 1.95050 2.16009 2.40239 2.64371 2.88504 3.09801 3.12999 3.12999 3.12999 3.08442 2.15646 2.12842 2.12842 2.12842 2.12842 2.12842 2.12842 2.12842 2.12842 2.12842 2.12842 2.12842 2.12842 2.12842 2.12842 2.12842 2.19928 2.56137 2.56137 2.56137 2.56137 2.56137 2.56137 2.56137 2.56137 2.56137 2.56137 2.56137
3.05054 3.05054 3.04848 2.04241 1.90807 1.90807 1.90807 1.90807 1.90807 1.90807 1.90807 1.90807 1.90807 1.90807 1.90807 1.90807 1.90807 1.90807 1.90807 1.90807 1.90900 1.92307 1.92335 1.94942 2.15623 2.39913 2.64130 2.88263 3.09681 3.12999 3.12999 3.12999 3.12999 3.12999 3.12999 3.12999 3.12999 3.12999 2.40102 2.12842 2.12842 2.12842 2.12842 2.12842 2.12842 2.12842 2.12842 2.12842 2.12842 2.12842 2.12842 2.12842 2.12842 2.12842 2.12872 2.50790 2.56137 2.56137 2.56137 2.56137 2.56137 2.56137 2.50233 2.21648 1.90785 1.59937
3.05054 3.05054 3.05054 2.37941 1.90807 1.90807 1.90807 1.90807 1.90807 1.90807 1.90807 1.90807 1.90807 1.90807 1.90807 1.90807 1.90807 1.90807 1.92582 2.12935 2.38208 2.63740 2.88022 3.09548 3.12999 3.12999 3.12999 3.12999 3.12999 3.12999 3.12999 3.12999 3.12999 3.12999 3.12999 3.12999 3.12999 3.12999 2.69110 2.12842 2.12842 2.12842 2.12842 2.12842 2.12842 2.12842 2.12842 2.12842 2.12842 2.12842 2.12842 2.12842 2.12842 2.12842 2.12842 2.38407 2.56137 2.42673 2.11874 1.81027 1.50179 1.19348 0.944048 0.921416 0.921416 0.921416
3.05054 3.05054 3.05054 2.71823 1.90807 1.90807 1.90807 1.90807 1.90807 1.90807 1.90807 1.90807 1.90807 1.91419 2.09007 2.34280 2.59528 2.84814 3.08276 3.13196 3.13196 3.13106 3.12999 3.12999 3.12999 3.12999 3.12999 3.12999 3.12999 3.12999 3.12999 3.12999 3.12999 3.12999 3.12999 3.12999 3.12999 3.12999 2.98117 2.12842 2.12842 2.12842 2.12842 2.12842 2.12842 2.12842 2.12842 2.12842 2.12842 2.12842 2.12842 2.12600 1.96237 1.70202 1.44180 1.25254 1.09591 0.922072 0.921416 0.921416 0.921416 0.921416 0.921416 0.921416 0.921416 0.921416
3.05054 3.05054 3.05054 3.01135 1.95377 1.90807 1.90807 1.90807 1.90856 2.05078 2.30327 2.55612 2.80873 3.05510 3.13196 3.13196 3.13196 3.13196 3.13196 3.13196 3.13196 3.13164 3.12999 3.12999 3.12999 3.12999 3.12999 3.12999 3.12999 3.12999 3.12999 3.12999 3.12999 3.12999 3.12999 3.12999 3.12999 3.12999 3.12999 2.26984 2.12842 2.12842 2.12842 2.12842 2.12842 2.12842 2.11673 1.92019 1.66010 1.39961 1.13953 0.881592 0.785001 0.785001 0.785001 0.791139 0.917651 0.921416 0.921416 0.921416 0.921416 0.921416 0.921416 0.921416 0.921416 0.921416
3.05054 3.05054 3.05054 3.05054 2.35296 2.26398 2.51683 2.76932 3.02144 3.13196 3.13196 3.13196 3.13196 3.13196 3.13196 3.13196 3.13196 3.13196 3.13196 3.13196 3.13196 3.13195 3.13025 3.12999 3.12999 3.12999 3.12999 3.12999 3.12999 3.12999 3.12999 3.12999 3.12999 3.12999 3.12999 3.12999 3.12999 3.12999 3.12999 2.55999 2.12842 2.10074 1.87814 1.61792 1.35743 1.09748 0.848544 0.785001 0.785001 0.785001 0.785001 0.785001 0.785001 0.785001 0.785001 0.785001 0.884765 0.921416 0.921416 0.921416 0.921416 0.921416 0.921416 0.921416 0.921416 0.921416
3.24532 3.42315 3.60098 3.77889 3.58228 3.13196 3.13196 3.13196 3.13196 3.13196 3.13196 3.13196 3.13196 3.13196 3.13196 3.13196 3.13196 3.13196 3.13196 3.13196 3.13196 3.13196 3.13082 3.12999 3.12999 3.12999 3.12999 3.12999 3.12999 3.12999 3.12999 3.12999 3.12999 3.12999 3.12999 3.12999 3.09722 2.87898 2.63168 2.08743 1.05530 0.822616 0.785001 0.785001 0.785001 0.785001 0.785001 0.785001 0.785001 0.785001 0.785001 0.785001 0.785001 0.785001 0.785001 0.785001 0.845610 0.921416 0.921416 0.921416 0.921416 0.921416 0.921416 0.921416 0.921416 0.921416
3.88581 3.88581 3.88581 3.88581 3.80386 3.13422 3.13196 3.13196 3.13196 3.13196 3.13196 3.13196 3.13196 3.13196 3.13196 3.13196 3.13196 3.13196 3.13196 3.13196 3.13196 3.13196 3.13140 3.12999 3.12999 3.12999 3.12999 3.12999 3.12999 3.12999 3.12999 3.09722 2.87898 2.63168 2.38438 2.13708 1.92255 1.89349 1.89349 1.85803 0.829664 0.785001 0.785001 0.785001 0.785001 0.785001 0.785001 0.785001 0.785001 0.785001 0.785001 0.785001 0.785001 0.785001 0.785001 0.785001 0.806593 0.921416 0.921416 0.921416 0.921416 0.921416 0.921416 0.921416 0.921416 0.921416
3.88581 3.88581 3.88581 3.88581 3.88581 3.27517 3.13196 3.13196 3.13196 3.13196 3.13196 3.13196 3.13196 3.13196 3.13196 3.13196 3.13196 3.13196 3.13196 3.13196 3.13196 3.13196 3.13189 3.13007 3.12999 3.12999 3.09722 2.87898 2.63168 2.38438 2.13708 1.92255 1.89349 1.89349 1.89349 1.89349 1.89349 1.89349 1.89349 1.89349 1.11349 0.785001 0.785001 0.785001 0.785001 0.785001 0.785001 0.785001 0.785001 0.785001 0.785001 0.785001 0.785001 0.785001 0.785001 0.785001 0.785042 0.903832 0.921416 0.921416 0.921416 0.921416 0.921416 0.921416 0.921416 0.934120
3.88581 3.88581 3.88581 3.88581 3.88581 3.49806 3.13196 3.13196 3.13196 3.13196 3.13196 3.13196 3.13196 3.13196 3.13196 3.13196 3.13196 3.13196 3.13196 3.13196 3.13196 3.10413 2.87168 2.62140 2.38438 2.13708 1.92255 1.89349 1.89349 1.89349 1.89349 1.89349 1.89349 1.89349 1.89349 1.89349 1.89349 1.89349 1.89349 1.89349 1.43232 0.785001 0.785001 0.785001 0.785001 0.785001 0.785001 0.785001 0.785001 0.785001 0.785001 0.785001 0.785001 0.785001 0.785001 0.785001 0.785001 0.864818 0.921416 0.921416 0.954389 1.04275 1.13215 1.22146 1.31072 1.38737
3.88581 3.88581 3.88581 3.88581 3.88581 3.72088 3.13196 3.13196 3.13196 3.13196 3.13196 3.13196 3.13196 3.13196 3.13196 3.13196 3.12056 2.91581 2.64202 2.36810 2.09418 1.84822 1.80674 1.84205 1.89349 1.89349 1.89349 1.89349 1.89349 1.89349 1.89349 1.89349 1.89349 1.89349 1.89349 1.89349 1.89349 1.89349 1.89349 1.89349 1.75118 0.785444 0.785001 0.785001 0.785001 0.785001 0.785001 0.785001 0.785001 0.785001 0.785001 0.785001 0.785001 0.785001 0.785999 0.913101 1.12804 1.29813 1.25058 1.34007 1.39636 1.39722 1.39722 1.39722 1.39722 1.39722
