High_resolution/powerplant/Fengdu/OMI_NO2_200702.asc
ncols      200
nrows      200
xllcorner       105.978
yllcorner       28.1831
cellsize     0.0166667
NODATA_Value      -999.000
[rows 90 to 119 of 200, columns 66 to 131 of 200]
6.46306 6.46306 6.46306 6.46306 6.46306 6.46306 6.46306 6.48809 6.58169 6.58169 6.58169 6.58169 3.95206 3.38457 3.43185 4.95727 5.25764 5.43056 5.60297 5.77555 5.94813 6.12088 6.29363 6.46604 5.55385 5.27016 5.27016 5.58681 5.71129 5.71129 5.71129 5.71129 5.71129 5.71129 5.71129 5.71129 5.71129 5.71129 5.71129 5.71310 5.77631 8.17183 7.16669 6.24730 6.21422 6.15032 6.02830 5.75245 5.47349 5.19720 4.91846 4.64195 4.36321 4.08647 3.93993 3.93993 3.93993 3.79224 1.93334 1.64297 1.64297 1.64297 1.64297 1.64297 1.64297 1.64297
6.46306 6.46306 6.46306 6.46306 6.46860 6.51646 6.57315 6.63186 7.03251 7.17780 7.29285 7.40791 5.71275 4.44077 4.51563 5.85703 6.55267 6.55267 6.55267 6.55267 6.55267 6.55267 6.55267 6.55267 5.85927 5.27016 5.27016 5.47475 5.71129 5.71129 5.71129 5.71129 5.71129 5.71129 5.71129 5.72589 5.78557 5.83814 5.89884 5.98774 6.05065 7.33085 7.52795 5.50710 5.21594 4.09708 3.94037 3.93993 3.93993 3.93993 3.93993 3.93993 3.93993 3.93993 3.93993 3.93993 3.93993 3.93819 2.26658 1.64297 1.64297 1.64297 1.64297 1.64297 1.64297 1.64297
6.75555 6.81224 6.86898 6.92557 6.97678 6.98555 6.98555 6.98555 7.51664 7.71411 7.71411 7.71411 6.72300 4.51699 4.51699 5.40224 6.55267 6.55267 6.55267 6.55267 6.55267 6.55267 6.55267 6.55267 6.16414 5.27016 5.27016 5.36321 5.71129 5.71129 5.71987 5.82303 5.94436 6.04436 6.12823 6.19703 6.25230 6.30667 6.34578 6.34745 6.29229 6.97418 7.96698 4.96938 4.80898 3.54814 3.34545 3.27933 3.21638 3.15490 3.09689 3.04170 2.98857 2.93775 2.88841 2.84065 2.79552 2.75190 2.09447 1.37676 1.36650 1.35663 1.34698 1.33756 1.32830 1.31917
6.98555 6.98555 6.98555 6.98555 6.98555 6.98555 6.98555 6.98555 7.34155 7.71411 7.71411 7.71431 7.51155 4.55947 4.52985 5.03181 6.55267 6.55267 6.55267 6.55267 6.55267 6.55267 6.55267 6.71594 6.99566 6.18389 6.54555 6.87026 6.28619 6.28190 6.33864 6.34745 6.34745 6.34745 6.34745 6.34745 6.34745 6.34745 6.34745 6.34745 5.36029 5.04682 5.76701 4.11633 3.58213 2.78621 2.19204 2.19204 2.19204 2.19204 2.19204 2.19204 2.19204 2.19204 2.19204 2.19204 2.19204 2.19204 1.98852 1.26310 1.24405 1.26258 1.29016 1.31946 1.35057 1.38353
7.04324 7.04782 7.05239 7.05700 7.06160 7.06618 7.07074 7.07533 7.26072 7.81309 7.81767 7.82205 7.82316 5.27346 4.62604 4.79932 6.85208 7.22409 7.59582 7.96727 8.33955 8.71074 9.00355 8.95515 8.74539 7.78937 7.47243 7.46045 6.67773 6.34745 6.34745 6.34745 6.34745 6.34745 6.34745 6.34745 6.34745 6.34745 6.34745 6.34745 5.65325 4.89507 5.73788 4.66671 3.58213 3.19245 2.19204 2.19204 2.19204 2.19204 2.19204 2.19204 2.19204 2.19204 2.19204 2.19204 2.19204 2.19204 2.11615 1.65670 1.69315 1.71017 1.71017 1.71017 1.71017 1.71017
7.09461 7.09461 7.09461 7.09461 7.09461 7.09461 7.09461 7.09461 7.10501 7.68604 7.58620 7.46695 7.34805 6.48678 6.15624 6.39368 8.93102 9.29189 9.13823 8.89427 8.69462 8.52801 8.42561 8.42183 8.42183 7.91796 7.47523 7.46045 6.95928 6.34745 6.34745 6.34745 6.34745 6.34745 6.34745 6.34745 6.34745 6.34745 6.35830 6.47073 6.21278 5.07172 5.62662 5.21730 3.58213 3.50528 2.21382 2.19204 2.19204 2.19204 2.19204 2.19204 2.19204 2.19204 2.19204 2.19204 2.19204 2.19204 2.19103 1.75501 1.71017 1.71017 1.71017 1.71017 1.71017 1.71011
7.09461 7.07363 6.96428 6.84538 6.72613 6.60722 6.48807 6.36899 6.26429 6.80785 6.97746 6.97746 6.97746 6.82719 6.46586 6.48060 7.85651 8.48739 8.42183 8.42183 8.42183 8.42183 8.42183 8.42183 8.42183 8.12156 7.50741 7.46045 7.30372 6.53825 6.68783 6.84875 7.02105 7.20676 7.40753 7.62455 7.86090 8.11816 8.37643 8.42844 8.33961 5.81770 5.76701 5.69884 3.65139 3.58213 2.61998 2.19204 2.19204 2.19204 2.19204 2.19204 2.19204 2.19204 2.19204 2.19204 2.19204 2.19046 2.16983 1.76881 1.44162 1.32202 1.18220 1.01672 0.817229 0.573203
6.35673 6.25879 6.24890 6.24890 6.24890 6.24890 6.24890 6.24890 6.24890 6.63334 6.95446 6.93614 6.92012 6.88744 6.51713 6.50957 7.32051 8.42183 8.41824 8.40723 8.39599 8.38475 8.37352 8.36228 8.35103 8.39536 9.63845 9.86933 10.0788 8.53815 8.42844 8.42844 8.42844 8.42844 8.42844 8.42844 8.42844 8.42844 8.42844 8.42844 8.42844 6.16438 5.75074 5.55961 3.68823 2.89817 2.49935 2.19204 2.19204 2.19054 2.17010 2.14398 2.11759 2.09149 2.06535 2.03925 2.01311 1.98860 1.98308 1.58430 0.444163 0.444163 0.444163 0.444163 0.444163 0.444163
6.24890 6.24890 6.24890 6.24890 6.24890 6.24890 6.27534 6.31597 6.33978 6.51734 6.88603 6.87760 6.86916 6.86074 6.54800 6.45000 6.88022 8.31993 8.31226 8.31204 8.31204 8.31204 8.31204 8.31204 8.31204 8.31204 9.91869 10.1086 10.0979 8.94389 8.42844 8.42844 8.42844 8.42844 8.42844 8.42844 8.42844 8.42844 8.32053 7.97194 7.61436 5.70502 4.69276 4.54621 3.46665 2.46511 2.40050 2.03950 2.01338 1.98877 1.98308 1.98308 1.98308 1.98308 1.98308 1.98308 1.98308 1.98308 1.98308 1.84562 0.444163 0.444163 0.444163 0.444163 0.444163 0.444163
6.26456 6.27695 6.28932 6.30172 6.31412 6.32650 6.37236 6.43381 6.44197 6.46488 6.81696 6.82111 6.82111 6.82111 6.61771 6.42723 6.54365 8.30828 8.31204 8.31204 8.31204 8.31204 8.31204 8.31204 8.31204 8.31204 9.37035 10.1542 10.0979 9.36625 8.42844 8.42844 8.42844 8.42245 8.12619 7.62055 7.11408 6.60771 6.20925 6.05114 5.90196 4.89704 3.95538 3.95538 3.57251 2.39267 2.39240 2.05536 1.98308 1.98385 1.98900 1.99468 2.00033 2.00597 2.01161 2.01726 2.02290 2.02860 2.03428 2.03755 0.804724 0.580422 0.591707 0.602993 0.614397 0.625762
6.36370 6.36370 6.36370 6.36370 6.36370 6.36370 6.36871 6.44137 6.44314 6.44314 6.74820 6.82111 6.82111 6.82111 6.71866 6.42723 6.42723 8.00076 8.31204 8.30526 8.24999 8.18827 8.12707 8.06792 8.00941 7.95284 8.36726 8.96285 8.42490 7.76003 6.68840 6.21388 5.75257 5.30904 5.10773 5.07529 5.04470 5.01475 4.98584 4.95736 4.92992 4.72592 4.06112 4.06492 4.02374 2.56330 2.51352 2.35167 2.17565 2.18052 2.18107 2.18107 2.18107 2.18107 2.18107 2.18107 2.18107 2.18107 2.18107 2.18107 1.50709 0.840148 0.840148 0.840148 0.840148 0.840148
6.44641 6.39319 6.39788 6.40255 6.40721 6.41186 6.41652 6.47111 6.48976 6.49326 6.71152 6.87822 6.88171 6.88520 6.87529 6.51019 6.50182 6.84336 6.97318 6.87168 6.66505 6.46007 6.25508 6.04995 5.84511 5.74562 5.87260 6.52446 4.86311 4.61661 4.73203 4.74286 4.74286 4.74286 4.74286 4.74286 4.74286 4.74286 4.74286 4.74286 4.74286 4.73217 4.11130 4.08737 4.08737 2.92706 2.52466 2.45420 2.18107 2.18107 2.18107 2.18107 2.18107 2.18107 2.18107 2.18107 2.18107 2.18107 2.18107 2.18107 1.82323 0.840148 0.840148 0.840148 0.840148 0.840148
7.00511 6.47560 6.47560 6.47560 6.47560 6.47560 6.47560 6.50014 6.52707 6.52707 6.65127 6.90489 6.87286 6.81704 6.76119 6.01208 5.54446 5.53331 5.55902 5.42271 5.42408 5.59423 5.84757 6.10066 6.35399 6.50161 6.50550 7.13091 5.27111 4.59579 4.69576 4.74286 4.74286 4.74286 4.74286 4.74286 4.74286 4.74286 4.74286 4.74286 4.74286 4.74286 4.23376 4.08737 4.08737 3.31774 2.52466 2.51814 2.20509 2.18107 2.18107 2.18107 2.18107 2.18107 2.18107 2.18107 2.18107 2.18107 2.18107 2.18107 2.05346 0.840148 0.840148 0.840148 0.840148 0.840148
7.55664 6.47560 6.47560 6.47560 6.47449 6.42545 6.35092 6.29003 6.32150 6.26603 6.24468 6.53182 6.50863 6.50863 6.50863 5.76468 5.02262 5.34595 5.91775 6.17095 6.41951 6.50258 6.50258 6.50258 6.50258 6.50258 6.50258 6.94158 6.05563 4.59579 4.65846 4.74286 4.74286 4.74286 4.74286 4.74286 4.74286 4.74286 4.74286 4.74286 4.74286 4.74286 4.36671 4.08737 4.08737 3.70842 2.52466 2.52466 2.32256 2.18107 2.18107 2.18107 2.18107 2.18107 2.18107 2.18107 2.18107 2.18107 2.18107 2.18107 2.17771 1.05311 0.944706 1.01270 1.06891 1.11624
8.04682 6.19473 6.12021 6.04584 5.97243 5.94706 5.94706 5.94706 6.10067 6.13066 6.13066 6.45209 6.57871 6.82369 7.07702 6.97427 6.04220 6.09995 6.49877 6.50258 6.50258 6.50258 6.51841 6.57222 6.63033 6.69166 6.75662 6.99639 6.83970 4.59657 4.62110 4.74286 4.74286 4.74286 4.74286 4.74286 4.74286 4.74286 4.74286 4.74286 4.74286 4.74286 4.49996 4.08737 4.08737 4.05300 2.53088 2.40346 2.27252 2.18107 2.18107 2.18107 2.18107 2.16094 2.09137 2.01903 1.94685 1.87505 1.80277 1.73055 1.65884 1.36745 1.25247 1.25247 1.25247 1.25247
8.48574 6.05851 5.94706 5.94706 5.94706 5.94706 5.94706 5.94706 6.13740 6.51590 6.76911 7.25335 7.59735 7.68193 7.76957 7.82535 6.34391 6.32471 6.80166 6.96096 7.04236 7.12932 7.19399 7.19640 7.19640 7.19640 7.19640 7.19640 7.19640 5.02429 4.59638 4.73031 4.74286 4.74286 4.74286 4.74286 4.74286 4.74286 4.74286 4.74286 4.74286 4.79097 4.80051 4.28104 4.38963 4.40813 2.59715 2.01708 1.94519 1.87297 1.80069 1.72898 1.65659 1.60462 1.60236 1.60236 1.60236 1.60236 1.60236 1.60236 1.60236 1.45177 1.25247 1.25247 1.25247 1.25247
8.54514 6.66824 5.94706 5.99050 6.10694 6.23313 6.36943 6.51753 6.98220 8.11180 8.28764 8.49003 8.63631 8.64854 8.64854 8.64854 7.18980 6.63036 6.98571 7.19640 7.19640 7.19640 7.19640 7.19640 7.19640 7.19640 7.19640 7.19640 7.19640 5.80906 4.59579 4.69359 4.74286 4.74286 4.74286 4.74286 4.74844 4.82404 4.72814 4.55028 4.33470 4.02890 3.63716 2.32712 1.90063 1.61746 1.60234 1.60236 1.60236 1.60236 1.60236 1.60236 1.60236 1.60236 1.60236 1.60236 1.60236 1.60236 1.60236 1.60185 1.59991 1.53402 1.24595 1.24390 1.24184 1.23979
10.3161 9.01789 7.31934 7.46438 7.46598 7.46598 7.46598 7.46598 7.46863 8.54673 8.64854 8.64854 8.64854 8.64854 8.64854 8.64854 7.70706 6.63036 6.86823 7.19640 7.19640 7.19640 7.19640 7.19640 7.19640 7.19640 7.19640 7.19640 7.18604 6.56787 4.56504 4.47194 4.04254 3.81093 3.54031 3.21522 2.82036 2.43041 2.33118 2.30746 2.28333 2.25955 2.23542 1.70457 1.56171 1.55968 1.55744 1.55512 1.55307 1.55101 1.54896 1.54693 1.54490 1.54286 1.54081 1.53878 1.53672 1.53467 1.53264 1.53109 1.53100 1.52849 1.20638 1.18112 1.18112 1.18112
11.3631 10.5552 7.46587 7.46454 7.46292 7.46130 7.45969 7.45806 7.45643 8.24757 8.64002 8.63893 8.63785 8.63677 8.63569 8.63461 8.20930 6.61427 6.68171 6.87557 6.85939 6.84363 6.82897 6.83285 6.84148 6.85053 6.85915 6.86784 6.75752 6.52512 4.73029 4.31281 1.91013 1.90453 1.90453 1.90453 1.90453 1.90453 1.90453 1.90453 1.90453 1.90453 1.90453 1.69616 1.53149 1.53149 1.53148 1.53102 1.53100 1.53100 1.53100 1.53100 1.53100 1.53100 1.53100 1.53100 1.53100 1.53100 1.53100 1.53100 1.53100 1.53100 1.29063 1.18112 1.18112 1.18112
11.3281 11.2797 7.67051 7.42750 7.42750 7.42750 7.42750 7.42750 7.42750 7.85237 8.62288 8.62288 8.62288 8.62288 8.62288 8.54879 8.20429 6.69007 6.68973 6.84423 6.87199 6.89683 6.92013 6.91215 6.73321 6.50439 6.27548 6.04715 5.94751 5.94751 5.38198 4.87495 2.18940 1.90453 1.90453 1.90453 1.90453 1.90453 1.90453 1.90453 1.90453 1.90453 1.90453 1.77181 1.53149 1.53149 1.53149 1.53088 1.53100 1.53100 1.53100 1.53100 1.53100 1.53100 1.53100 1.53100 1.53100 1.53100 1.53100 1.53100 1.53100 1.53100 1.37740 1.18112 1.18112 1.18112
11.3246 11.3246 8.62664 7.42750 7.42750 7.42750 7.42750 7.42750 7.28302 6.83859 7.80016 7.52589 7.18867 6.85169 6.51494 6.25205 6.23293 6.62088 6.78803 6.85570 6.67082 6.44191 6.21319 5.99738 5.94751 5.94751 5.94751 5.94751 5.94751 5.94751 5.68653 4.88120 2.93297 1.90453 1.90453 1.90453 1.90453 1.90453 1.90453 1.90453 1.90453 1.90453 1.90453 1.84770 1.53149 1.53149 1.53149 1.53125 1.53100 1.53100 1.53100 1.53100 1.53100 1.53100 1.53100 1.53100 1.53100 1.53100 1.53100 1.53100 1.53100 1.53100 1.46421 1.18112 1.18116 1.18773
11.3246 11.0139 8.61467 6.23981 5.73469 5.22958 4.72374 4.21827 3.85762 3.84257 5.62145 6.23293 6.23293 6.23293 6.23293 6.14329 5.91591 5.93361 6.01328 5.90938 5.94751 5.94751 5.94751 5.94751 5.94751 5.94751 5.94751 5.94751 5.94751 5.94751 5.91033 4.92241 3.68309 1.90453 1.90453 1.90453 1.90453 1.90453 1.90453 1.90453 1.90453 1.90453 1.90453 1.90210 1.55265 1.53149 1.53149 1.53129 1.53100 1.53100 1.53100 1.53100 1.53100 1.53100 1.53100 1.53100 1.53094 1.52711 1.52112 1.51518 1.50922 1.50323 1.49411 1.27340 1.27088 1.27560
5.34766 4.68954 4.52423 3.84257 3.84257 3.84257 3.84257 3.84257 3.84257 3.84257 4.92098 6.08283 5.85397 5.62489 5.39572 5.25655 5.25509 5.35997 5.81018 5.86324 5.94751 5.94751 5.94751 5.94751 5.94751 5.94751 5.94751 5.94751 5.94751 5.94751 5.94751 5.26974 4.43470 1.90453 1.90453 1.90453 1.90453 1.90453 1.90453 1.90453 1.90453 1.90453 1.90453 1.90453 1.62605 1.53149 1.53149 1.53148 1.53097 1.52725 1.52125 1.51530 1.50935 1.50338 1.49739 1.49144 1.48555 1.48341 1.48341 1.48341 1.48341 1.48341 1.48341 1.33893 1.27560 1.27560
4.67024 4.67024 4.66652 3.91344 3.84257 3.84257 3.84257 3.84257 3.84257 3.84257 3.98140 5.23899 5.25509 5.25509 5.25509 5.25509 5.25509 5.25915 5.76961 5.83478 5.94751 5.94751 5.94751 5.94751 5.94751 5.94751 5.94751 5.94751 5.94751 5.94751 5.94751 5.59861 4.87763 2.21202 1.90453 1.90453 1.90453 1.90453 1.90453 1.90453 1.90453 1.86405 1.75038 1.63530 1.31739 1.03210 0.917111 0.801942 1.28625 1.48341 1.48341 1.48341 1.48341 1.48341 1.48341 1.48341 1.48341 1.48341 1.48341 1.48341 1.48341 1.48341 1.48341 1.39035 1.27560 1.27560
4.67024 4.67024 4.67024 4.12270 3.84257 3.84257 3.84257 3.84257 3.84257 3.84257 3.84257 4.99344 5.25509 5.25509 5.25509 5.25509 5.25509 5.25509 5.63228 5.81212 5.94158 5.94751 5.94751 5.94751 5.94751 5.94751 5.94751 5.94751 5.94751 5.94751 5.94751 5.85742 4.88376 2.94280 1.78715 1.67207 1.55796 1.44608 1.33396 1.22209 1.10998 1.03859 1.04024 1.04327 0.926517 0.704683 0.709720 0.714792 1.13574 1.56076 1.56580 1.57087 1.57592 1.58096 1.58603 1.59116 1.59621 1.60127 1.60634 1.61138 1.61641 1.62150 1.62657 1.59004 1.42893 1.43399
4.67024 4.67024 4.67024 4.33601 3.84257 3.84257 3.84257 3.84257 3.84257 3.84283 3.85538 4.63387 5.28870 5.30129 5.31389 5.32642 5.33895 5.35149 5.59984 5.93180 5.97263 5.97585 5.97789 5.97996 5.98201 5.98408 5.95631 5.88452 5.81218 5.73995 5.66300 5.44662 4.41388 2.95616 1.10332 1.10638 1.10844 1.10847 1.10847 1.10847 1.10847 1.10847 1.10847 1.10847 1.06923 0.824345 0.824345 0.824345 1.03120 1.66013 1.66013 1.66013 1.66013 1.66013 1.66013 1.66013 1.66013 1.66013 1.66013 1.66013 1.66013 1.66013 1.66013 1.65764 1.46467 1.45233
4.94127 4.96007 4.97883 4.87647 4.18894 4.20778 4.22658 4.24534 4.26419 4.28290 4.28915 4.53119 5.55247 5.55281 5.55281 5.55281 5.55281 5.55281 5.64355 6.05056 5.92045 5.80007 5.72567 5.65138 5.57699 5.50270 5.43214 5.23564 4.97310 4.65687 4.28020 4.14663 4.14663 3.72035 1.10847 1.10847 1.10847 1.10847 1.10847 1.10847 1.10847 1.10847 1.10847 1.10847 1.10751 0.843748 0.824345 0.824345 0.849419 1.63259 1.66013 1.66013 1.66013 1.66013 1.66013 1.66013 1.66013 1.66013 1.66013 1.66013 1.66013 1.66013 1.66013 1.66013 1.51359 1.45233
5.11683 5.11683 5.11683 5.11633 4.38160 4.28915 4.28915 4.28915 4.28915 4.28915 4.28915 4.27928 5.30391 5.35115 5.24185 5.13255 5.02325 4.91386 4.81124 5.49062 5.52468 5.45780 5.39414 5.16729 4.89124 4.55738 4.20285 4.14663 4.14663 4.14663 4.14663 4.14663 4.14663 4.14572 1.45321 1.10847 1.10847 1.10847 1.10847 1.10847 1.10847 1.10847 1.10847 1.10847 1.10847 0.900495 0.824345 0.824345 0.824345 1.44701 1.66013 1.66013 1.66013 1.66013 1.66013 1.66013 1.66013 1.66013 1.66013 1.66013 1.66013 1.66013 1.66013 1.66013 1.56502 1.45233
5.11683 5.11683 5.11683 5.11683 4.57925 4.13681 3.97285 3.80901 3.64517 3.48110 3.31715 3.16306 4.15936 4.77871 4.77871 4.77871 4.77871 4.77827 4.62868 4.90989 4.91513 4.45178 4.15781 4.14663 4.14663 4.14663 4.14663 4.14663 4.14663 4.14663 4.14663 4.14663 4.14663 4.14663 2.22058 1.10847 1.10847 1.10847 1.10847 1.10847 1.10847 1.10847 1.10847 1.10847 1.10847 0.958233 0.824345 0.824345 0.824345 1.23806 1.66013 1.66013 1.66013 1.66013 1.66013 1.66013 1.66013 1.66013 1.66013 1.66013 1.66460 1.69439 1.72760 1.76105 1.79989 1.97913
4.07212 3.69723 3.32157 2.94668 2.82345 3.12800 3.12800 3.12800 3.12800 3.12800 3.12800 3.12800 3.62116 4.76423 4.54882 4.22768 3.84228 3.37233 3.12800 3.60383 4.29890 4.15749 4.14663 4.14663 4.14663 4.14663 4.14663 4.14663 4.14663 4.14663 4.14663 4.14663 4.14663 4.14663 2.98916 1.10847 1.10847 1.10847 1.10847 1.10847 1.10847 1.10847 1.10847 1.10847 1.10847 1.01589 0.824345 0.824345 0.824345 1.02911 1.66013 1.66013 1.66412 1.69311 1.72662 1.75986 1.79339 1.82669 1.86004 1.89352 1.92224 1.92607 1.92607 1.92607 1.93169 2.27468
