High_resolution/powerplant/Fengdu/OMI_NO2_201010.asc
ncols      200
nrows      200
xllcorner       105.978
yllcorner       28.1831
cellsize     0.0166667
NODATA_Value      -999.000
[rows 0 to 28 of 200, columns 132 to 197 of 200]
0.00000 0.00000 0.00000 0.00000 0.00000 0.00000 0.00000 0.00000 1.02909 1.02909 1.02909 1.02909 1.02909 1.02909 1.02909 2.24049 3.60738 3.60738 3.60463 3.27853 2.84920 2.52407 2.26943 2.06440 2.64870 3.60738 3.60738 3.60738 3.60738 3.60738 3.60738 3.60738 3.60738 3.60738 0.00000 0.00000 0.00000 0.00000 0.00000 0.00000 0.00000 0.00000 0.00000 0.00000 0.00000 2.50521 2.50521 2.50521 2.50521 2.50521 2.50521 2.50521 0.00000 0.00000 0.00000 0.00000 0.00000 0.00000 0.00000 0.00000 0.00000 0.00000 0.00000 0.00000 0.00000 0.00000
0.00000 0.00000 0.00000 1.02909 1.02909 1.02909 1.02909 1.02909 1.02909 1.02909 1.02909 1.02909 1.02909 0.987052 0.871600 1.09314 2.34932 2.12880 1.94991 1.88590 1.88590 1.88590 1.88590 1.88590 2.20337 3.60738 3.60738 3.60738 3.60738 3.60738 3.60738 3.60738 3.60738 3.60738 0.00000 0.00000 0.00000 0.00000 0.00000 0.00000 2.50521 2.50521 2.50521 2.50521 2.50521 2.50521 2.50521 2.50521 2.50521 2.50521 2.50521 2.50521 0.00000 0.00000 0.00000 0.00000 0.00000 0.00000 0.00000 0.00000 0.00000 0.00000 0.00000 0.00000 0.00000 0.00000
1.02909 1.02909 1.02909 1.02909 1.02909 1.02909 1.02909 1.02769 1.01389 0.822452 0.734744 0.675242 0.627008 0.597838 0.596754 0.597399 1.71422 1.88590 1.88590 1.88590 1.88590 1.88590 1.88590 1.88590 1.93140 3.53294 3.60738 3.60738 3.60738 3.60738 3.60738 3.60738 3.60738 3.60738 3.60738 2.50521 2.50521 2.50521 2.50521 2.50521 2.50521 2.50521 2.50521 2.50521 2.50521 2.50521 2.50521 2.50521 2.50521 2.50521 2.50521 2.50521 0.00000 0.00000 0.00000 0.00000 0.00000 0.00000 0.00000 0.00000 0.00000 0.00000 0.00000 0.00000 0.00000 0.00000
1.02909 1.02909 1.02214 1.00719 0.995911 0.987179 0.980229 0.974918 0.973921 0.697287 0.596754 0.596754 0.596754 0.596754 0.596754 0.596754 1.32667 1.88590 1.88590 1.88590 1.88590 1.88590 1.88590 1.88590 1.88590 2.91307 3.60738 3.60738 3.60738 3.60738 3.58540 3.31132 2.96663 2.62178 2.39154 2.50521 2.50521 2.50521 2.50521 2.50521 2.50521 2.50521 2.50521 2.50521 2.50521 2.50521 2.50521 2.50521 2.50521 2.50521 2.50521 2.50521 2.50521 0.00000 0.00000 0.00000 0.00000 0.00000 0.00000 0.00000 0.00000 0.00000 0.00000 0.00000 0.00000 0.00000
0.983641 0.977358 0.973971 0.973921 0.973921 0.973921 0.973921 0.973921 0.973921 0.804692 0.596754 0.596754 0.596754 0.596754 0.596754 0.596754 0.937987 1.88590 1.88590 1.88590 1.88590 1.88590 1.88590 1.88590 1.88590 2.40425 3.37043 3.02541 2.68072 2.33587 2.01316 1.94223 1.94223 1.94223 2.09043 2.50521 2.50521 2.50521 2.50521 2.50521 2.50521 2.50521 2.50521 2.50521 2.50521 2.50521 2.50521 2.50521 2.50521 2.50521 2.50521 2.50521 2.50521 0.00000 0.00000 0.00000 0.00000 0.00000 0.00000 0.00000 0.00000 0.00000 0.00000 0.801334 0.801334 0.801334
0.973921 0.973921 0.973921 0.973921 0.973921 0.973921 0.973921 0.973921 0.973921 0.911954 0.596754 0.596754 0.596754 0.596754 0.596754 0.596754 0.624600 1.81100 1.88590 1.88590 1.88590 1.79690 1.62439 1.45213 1.27953 1.20576 1.94223 1.94223 1.94223 1.94223 1.94223 1.94223 1.94223 1.94223 1.95473 2.47380 2.50521 2.50521 2.50521 2.50521 2.50521 2.50521 2.50521 2.50521 2.50521 2.50521 2.50521 2.50521 2.50521 2.50521 2.50521 2.50521 2.50521 0.00000 0.00000 0.00000 0.00000 0.00000 0.801334 0.801334 0.801334 0.801334 0.801334 0.801334 0.801334 0.801334
0.973921 0.973921 0.973921 0.973921 0.973921 0.973921 0.973921 0.973921 0.973921 0.973620 0.642546 0.596754 0.596754 0.596754 0.596754 0.596754 0.629554 1.34785 1.48143 1.30917 1.13670 1.05332 1.05332 1.05332 1.05332 1.05475 1.77797 1.94223 1.94223 1.94223 1.94223 1.94223 1.94223 1.94223 1.94223 2.31933 2.50521 2.50521 2.50521 2.50521 2.50521 2.50521 2.50521 2.50521 2.50521 2.50521 2.50521 2.50521 2.50521 2.50521 2.50521 2.50521 2.50521 0.801334 0.801334 0.801334 0.801334 0.801334 0.801334 0.801334 0.801334 0.801334 0.801334 0.801334 0.801334 0.801334
0.973921 0.973921 0.973921 0.973921 0.973921 0.973921 0.973921 0.973921 0.973921 0.973921 0.749675 0.608849 0.696378 0.796849 0.897320 0.997838 1.06546 1.06227 1.05332 1.05332 1.05332 1.05332 1.09989 1.20745 1.31495 1.42263 1.71984 1.94223 1.94223 1.94223 1.94223 1.94223 1.94223 1.94223 1.94223 2.15243 2.50521 2.50521 2.50521 2.50521 2.50521 2.50521 2.50521 2.50521 2.50521 2.50521 2.50521 2.50521 2.48117 2.30364 2.09900 1.89436 1.68279 0.859927 0.801334 0.801334 0.801334 0.801334 0.801334 0.801334 0.801334 0.801334 0.801334 0.801334 0.801334 0.801334
0.973921 0.973921 0.973921 0.973921 0.973921 0.973921 0.975427 1.04173 1.14216 1.24272 1.22627 1.05436 1.06734 1.06734 1.06734 1.06734 1.08573 1.18317 1.27788 1.38544 1.49312 1.60074 1.66179 1.66204 1.66204 1.66204 1.71926 1.94223 1.94223 1.94223 1.94223 1.94223 1.94223 1.94223 1.94223 1.99019 2.50032 2.50521 2.50521 2.50521 2.50521 2.50521 2.50521 2.48219 2.30569 2.10105 1.89641 1.69064 1.50913 1.48201 1.48201 1.48201 1.48201 1.05225 0.801334 0.801334 0.801334 0.801334 0.801334 0.801334 0.801334 0.801334 0.801334 0.801334 0.801334 0.801334
0.973921 0.973921 1.01096 1.11044 1.21091 1.31138 1.41035 1.44451 1.44451 1.44451 1.42709 1.15404 1.25458 1.36221 1.46995 1.57751 1.66681 1.67606 1.66537 1.66204 1.66204 1.66204 1.66204 1.66204 1.66204 1.66204 1.67223 1.93553 1.94223 1.94223 1.94223 1.94223 1.94223 1.94223 1.94223 1.94223 2.38130 2.50521 2.48311 2.30774 2.10310 1.89845 1.69177 1.51015 1.48201 1.48201 1.48201 1.48201 1.48201 1.48201 1.48201 1.48201 1.48201 1.25224 0.801334 0.801334 0.801334 0.801334 0.801334 0.801334 0.801334 0.801334 0.801334 0.801334 0.801334 0.801334
1.27380 1.38009 1.44352 1.44451 1.44451 1.45678 1.50168 1.54834 1.59516 1.64193 1.68737 1.68255 1.67606 1.67606 1.67606 1.67606 1.67606 1.67606 1.66969 1.66204 1.66204 1.66204 1.66204 1.66204 1.66204 1.66204 1.66204 1.84012 1.94223 1.94223 1.94223 1.94223 1.94223 1.93862 1.89481 1.83991 1.84822 1.69381 1.51128 1.48201 1.48201 1.48201 1.48201 1.48201 1.48201 1.48201 1.48201 1.48201 1.48201 1.48201 1.48201 1.48201 1.48201 1.43988 0.813654 0.801334 0.801334 0.801334 0.801334 0.801334 0.801334 0.801334 0.801334 0.801334 0.801334 0.801334
1.40713 1.52478 1.57144 1.61829 1.66503 1.69943 1.70120 1.70120 1.70120 1.70120 1.70120 1.68966 1.67606 1.67606 1.67606 1.67606 1.67606 1.67606 1.67383 1.66204 1.66204 1.66204 1.66204 1.66204 1.66204 1.66204 1.66204 1.75451 1.94111 1.90378 1.84885 1.79397 1.73907 1.68783 1.67673 1.67673 1.64021 1.48201 1.48201 1.48201 1.48201 1.48201 1.48201 1.48201 1.48201 1.48201 1.48201 1.48201 1.48201 1.48201 1.48201 1.48201 1.48201 1.48201 0.971690 0.801334 0.801334 0.801334 0.801334 0.801334 0.801334 0.801334 0.801334 0.801334 0.801334 0.801334
1.59781 1.70120 1.70120 1.70120 1.70120 1.70120 1.70120 1.70120 1.70120 1.70120 1.70120 1.69682 1.67606 1.67606 1.67606 1.67606 1.67606 1.67606 1.67605 1.66396 1.66204 1.66204 1.66204 1.66202 1.64726 1.61982 1.59239 1.58701 1.69423 1.67673 1.67673 1.67673 1.67673 1.67673 1.67673 1.67673 1.67621 1.50356 1.48201 1.48201 1.48201 1.48201 1.48201 1.48201 1.48201 1.48201 1.48201 1.48201 1.48201 1.48201 1.48201 1.48201 1.48201 1.48201 1.17155 0.801334 0.801334 0.801334 0.801334 0.801334 0.801334 0.806814 0.907202 1.04186 1.17659 1.31125
1.49901 1.70117 1.70120 1.70120 1.70120 1.70120 1.70120 1.70120 1.70120 1.70120 1.70120 1.70116 1.67884 1.67606 1.67606 1.67606 1.67606 1.67606 1.67606 1.64607 1.62430 1.59686 1.56939 1.54199 1.52929 1.52929 1.52929 1.53002 1.65596 1.67673 1.67673 1.67673 1.67673 1.67673 1.67673 1.67673 1.67673 1.56063 1.48201 1.48201 1.48201 1.48201 1.48201 1.48201 1.48201 1.48201 1.48201 1.48201 1.48201 1.48201 1.48201 1.48201 1.48201 1.48201 1.37167 0.801334 0.814099 0.927459 1.06212 1.19685 1.33157 1.46068 1.49509 1.49509 1.49509 1.49509
1.43213 1.67757 1.70120 1.70120 1.70120 1.70120 1.70120 1.70120 1.70120 1.70120 1.70120 1.70120 1.68594 1.67606 1.65283 1.51593 1.36414 1.21196 1.06006 1.11343 1.52929 1.52929 1.52929 1.52929 1.52929 1.50926 1.45221 1.39431 1.49443 1.67673 1.67673 1.67673 1.67673 1.67673 1.67673 1.67673 1.67673 1.61819 1.48201 1.48201 1.48201 1.48201 1.48201 1.48201 1.48201 1.48201 1.48201 1.48201 1.48201 1.48201 1.48201 1.50257 1.65438 1.82937 2.00416 1.46401 1.47373 1.49509 1.49509 1.49509 1.49509 1.49509 1.49509 1.49509 1.49509 1.49509
1.43213 1.61981 1.70120 1.70120 1.70120 1.70120 1.70120 1.70120 1.70120 1.69671 1.58813 1.43612 1.27605 1.10705 0.978285 0.963099 0.963099 0.963099 0.963099 0.968558 1.43962 1.41477 1.35690 1.29903 1.24116 1.20336 1.20254 1.20254 1.31104 1.67673 1.67673 1.67673 1.67673 1.67673 1.67673 1.67673 1.67673 1.66904 1.48873 1.48201 1.48201 1.48201 1.48201 1.48201 1.48201 1.48201 1.50257 1.65438 1.82937 2.00436 2.17936 2.33379 2.35697 2.35697 2.35697 1.86098 1.49509 1.49509 1.49509 1.49509 1.49509 1.49509 1.49509 1.49509 1.49509 1.49509
1.43213 1.53361 1.70120 1.70120 1.70120 1.63482 1.48318 1.33117 1.17910 1.03173 0.988241 0.988241 0.986815 0.963111 0.926895 0.869028 0.811161 0.753293 0.695426 0.644192 1.01174 1.20254 1.20254 1.20254 1.20254 1.20254 1.20254 1.20254 1.22645 1.67286 1.67673 1.67673 1.67673 1.67673 1.67673 1.67673 1.67673 1.67673 1.53862 1.48201 1.48201 1.50257 1.65438 1.82937 2.00436 2.17936 2.33379 2.35697 2.35697 2.35697 2.35697 2.35697 2.35697 2.35697 2.35697 2.11337 1.49509 1.49509 1.49509 1.49509 1.49509 1.49509 1.49509 1.49509 1.49509 1.49509
1.39320 1.22428 1.36461 1.22616 1.07415 0.988526 0.988241 0.988241 0.971421 0.893295 0.809425 0.725877 0.641961 0.634371 0.636350 0.636350 0.636350 0.636350 0.636350 0.636350 0.842170 1.20254 1.20254 1.20254 1.20254 1.20254 1.20254 1.20254 1.20254 1.52618 1.67673 1.67673 1.67673 1.67673 1.67673 1.67673 1.68227 1.73486 1.80424 2.00436 2.17936 2.33379 2.35697 2.35697 2.35697 2.35697 2.35697 2.35697 2.35697 2.35697 2.35697 2.35697 2.35697 2.35697 2.35697 2.32966 1.53129 1.49509 1.49509 1.49509 1.49509 1.49509 1.49509 1.49509 1.49509 1.49509
0.876105 0.870373 0.943640 0.936127 0.852440 0.768662 0.684930 0.601244 0.534240 0.528679 0.528679 0.528679 0.528679 0.579407 0.636350 0.636350 0.636350 0.636350 0.636350 0.636350 0.679517 1.19558 1.20254 1.20254 1.20254 1.20254 1.20254 1.20254 1.20254 1.37386 1.67673 1.67866 1.72403 1.78739 1.85075 1.91412 1.97194 1.98268 2.02710 2.35634 2.35697 2.35697 2.35697 2.35697 2.35697 2.35697 2.35697 2.35697 2.35697 2.35697 2.35697 2.35697 2.35697 2.35697 2.35697 2.35697 1.75639 1.49509 1.49509 1.49509 1.49509 1.49509 1.49509 1.49509 1.49509 1.49509
0.610077 0.526115 0.481271 0.528679 0.528679 0.528679 0.528679 0.528679 0.528679 0.528679 0.528679 0.528679 0.528679 0.548886 0.636350 0.636350 0.636350 0.636350 0.636350 0.636350 0.636350 1.06892 1.20254 1.20254 1.20254 1.20254 1.20262 1.22078 1.25244 1.36368 1.90322 1.96472 1.98268 1.98268 1.98268 1.98268 1.98268 1.98268 1.98268 2.28972 2.35697 2.35697 2.35697 2.35697 2.35697 2.35697 2.35697 2.35697 2.35697 2.35697 2.35697 2.35697 2.35697 2.35697 2.35697 2.35697 2.00872 1.49509 1.49509 1.49509 1.49509 1.49509 1.49509 1.49509 1.49434 1.48124
0.410811 0.410811 0.416552 0.525332 0.528679 0.528679 0.528679 0.528679 0.528679 0.528679 0.528679 0.528679 0.528679 0.529067 0.625588 0.636350 0.636350 0.636350 0.636350 0.636350 0.636350 0.899063 1.21551 1.24700 1.27871 1.31034 1.34198 1.35552 1.35552 1.36233 1.92090 1.98268 1.98268 1.98268 1.98268 1.98268 1.98268 1.98268 1.98268 2.17872 2.35697 2.35697 2.35697 2.35697 2.35697 2.35697 2.35697 2.35697 2.35697 2.35697 2.35697 2.35697 2.35697 2.35697 2.35697 2.35697 2.25932 1.49690 1.49509 1.49328 1.47845 1.46104 1.44362 1.42622 1.40956 1.40524
0.410811 0.410811 0.410811 0.495351 0.528679 0.528679 0.528679 0.528679 0.528679 0.528679 0.528679 0.528679 0.528679 0.528679 0.595449 0.636350 0.636350 0.663763 0.799449 0.945948 1.09265 1.25227 1.35538 1.35552 1.35552 1.35552 1.35552 1.35552 1.35309 1.34333 1.67360 1.98268 1.98268 1.98268 1.98268 1.98268 1.98268 1.98268 1.98268 2.06767 2.35697 2.35697 2.35697 2.35697 2.35697 2.35697 2.35697 2.35697 2.35697 2.35697 2.35697 2.35697 2.35697 2.35697 2.35697 2.35697 2.35697 1.49616 1.42342 1.40781 1.40524 1.40524 1.40524 1.40524 1.40524 1.40524
0.410811 0.410811 0.410811 0.459612 0.528679 0.528679 0.528679 0.528679 0.528679 0.528679 0.528679 0.528679 0.535705 0.647559 0.830279 1.04830 1.19500 1.31409 1.32511 1.32511 1.32511 1.32512 1.35081 1.34682 1.33654 1.32627 1.31601 1.30574 1.29789 1.29740 1.47346 1.98268 1.98268 1.98268 1.98268 1.98268 1.98268 1.98268 1.98268 1.98661 2.32703 2.35697 2.35697 2.35697 2.35697 2.35697 2.35697 2.35697 2.35697 2.35697 2.35697 2.35697 2.35697 2.35697 2.35697 0.00000 0.00000 1.40524 1.40524 1.40524 1.40524 1.40524 1.40524 1.40524 1.40524 1.40524
0.410811 0.410811 0.410811 0.424201 0.528361 0.528679 0.528679 0.528679 0.603203 0.749840 0.896408 1.04305 1.18252 1.21744 1.22459 1.32359 1.32511 1.31990 1.30962 1.29935 1.28910 1.27882 1.28643 1.29740 1.29740 1.29740 1.29740 1.29740 1.29740 1.29740 1.34430 1.98227 1.98268 1.98268 1.98268 1.98268 1.98268 1.98268 1.98268 1.98268 2.21988 2.35697 2.35697 2.35697 2.35697 2.35697 2.35697 2.35697 2.35697 2.35697 0.00000 0.00000 0.00000 0.00000 0.00000 0.00000 0.00000 1.40524 1.40524 1.40524 1.40524 1.40524 1.40524 1.40524 1.40524 1.40524
0.410811 0.410811 0.410811 0.437171 0.673603 0.852121 0.998827 1.14533 1.21744 1.21744 1.21744 1.21208 1.17998 1.14414 1.10832 1.23199 1.27203 1.26699 1.26699 1.26699 1.26699 1.26699 1.27518 1.29740 1.29740 1.29740 1.29740 1.29740 1.29740 1.29740 1.29740 1.80060 1.98268 1.98268 1.98268 1.98268 1.98268 1.98268 1.98268 1.97312 2.02121 2.35697 2.35697 2.35697 2.35697 0.00000 0.00000 0.00000 0.00000 0.00000 0.00000 0.00000 0.00000 0.00000 0.00000 0.00000 0.00000 1.40524 1.40524 1.40524 1.40524 1.40524 1.40524 1.40524 1.40524 1.40524
0.610065 0.726437 0.842862 0.932875 1.07996 1.21744 1.19854 1.16274 1.12697 1.09113 1.05532 1.02488 1.02119 1.02119 1.02119 1.14092 1.26699 1.26699 1.26699 1.26699 1.26699 1.26699 1.26773 1.29578 1.29740 1.29740 1.29740 1.29740 1.29740 1.29740 1.29740 1.56775 1.98268 1.98268 1.97904 1.90093 1.79361 1.68619 1.57877 1.48097 1.46298 1.46298 0.00000 0.00000 0.00000 0.00000 0.00000 0.00000 0.00000 0.00000 0.00000 0.00000 0.00000 0.00000 0.00000 0.00000 0.00000 0.00000 1.40524 1.40524 1.40524 1.40524 1.40524 1.40524 1.40524 1.40524
0.934424 0.903004 0.867149 0.831334 0.852545 1.03815 1.02119 1.02119 1.02119 1.02119 1.02119 1.02119 1.02119 1.02119 1.02119 1.07148 1.26699 1.26699 1.26699 1.26699 1.26699 1.26699 1.26699 1.28744 1.29740 1.29740 1.29740 1.29740 1.29740 1.29711 1.26515 1.31098 1.70337 1.59603 1.49230 1.46298 1.46298 1.46298 1.46298 1.46298 1.46298 1.46298 0.00000 0.00000 0.00000 0.00000 0.00000 0.00000 0.00000 0.00000 0.00000 0.00000 0.00000 0.00000 0.00000 0.00000 0.00000 0.00000 1.40524 1.40524 1.40524 1.40524 1.40524 1.40524 1.40524 1.40524
0.748201 0.742805 0.742805 0.742805 0.744142 0.992970 1.02119 1.02119 1.02119 1.02119 1.02119 1.02119 1.02119 1.02119 1.02119 1.02298 1.24616 1.26699 1.26699 1.26699 1.26699 1.26699 1.26699 1.27836 1.29740 1.27368 1.22004 1.16641 1.11270 1.05925 1.03755 1.04557 1.43556 1.46298 1.46298 1.46298 1.46298 1.46298 1.46298 1.46298 1.46298 1.46298 0.00000 0.00000 0.00000 0.00000 0.00000 0.00000 0.00000 0.00000 0.00000 0.00000 0.00000 0.00000 0.00000 0.00000 0.00000 0.00000 1.40524 1.40524 1.40524 1.40524 1.40524 1.40524 1.40524 1.40524
0.872206 0.742805 0.742805 0.742805 0.742805 0.910504 1.02119 1.02119 1.02119 1.02119 1.02119 1.02119 1.02119 1.02119 1.02119 1.02119 1.17848 1.26699 1.26699 1.26699 1.26329 1.24767 1.23113 1.20989 1.06900 1.03766 1.03755 1.03755 1.03755 1.03755 1.03755 1.04226 1.29144 1.46298 1.46298 1.46298 1.46298 1.46298 1.46298 1.46298 1.46298 1.46298 0.00000 0.00000 0.00000 0.00000 0.00000 0.00000 0.00000 0.00000 0.00000 0.00000 0.00000 0.00000 0.00000 0.00000 0.00000 0.00000 0.00000 1.40524 1.40524 1.40524 1.40524 0.00000 0.00000 0.00000
