High_resolution/powerplant/Fengdu/OMI_NO2_2010_06-08.asc
ncols      200
nrows      200
xllcorner       105.978
yllcorner       28.1831
cellsize     0.0166667
NODATA_Value      -999.000
[rows 145 to 173 of 200, columns 132 to 197 of 200]
1.12822 1.22971 1.34067 0.782526 0.744879 0.678327 0.685432 0.607706 0.565355 0.530556 0.456476 0.456476 0.456476 0.541008 0.532555 0.532555 0.532555 0.532555 0.295864 0.215777 0.215777 0.215777 0.215777 0.00000 0.00000 0.00000 0.00000 0.00000 0.00000 0.00000 0.00000 0.00000 0.00000 0.00000 0.00000 0.00000 0.00000 0.00000 0.00000 0.00000 2.23571 2.23571 2.23571 2.23571 2.23571 2.23571 2.23571 2.23571 2.23571 2.23571 1.57215 0.00000 0.00000 0.00000 0.00000 0.00000 0.00000 0.00000 0.00000 0.00000 0.00000 0.00000 0.00000 0.00000 0.00000 0.00000
0.959178 0.936400 0.823124 0.543810 0.460386 0.458482 0.496020 0.434739 0.473382 0.507195 0.434739 0.456476 0.456476 0.541008 0.532555 0.532555 0.532555 0.532555 0.404045 0.215777 0.215777 0.219202 0.219202 0.00000 0.00000 0.00000 0.00000 0.00000 0.00000 0.00000 0.00000 0.00000 0.00000 0.00000 0.00000 0.00000 0.00000 0.00000 0.00000 0.00000 2.23571 2.23571 2.23571 2.23571 2.23571 2.23571 2.23571 2.23571 2.23571 2.23571 1.72218 0.00000 0.00000 0.00000 0.00000 0.00000 0.00000 0.00000 0.00000 0.00000 0.00000 0.00000 0.00000 0.00000 0.00000 0.00000
0.977740 0.977689 0.755342 0.601671 0.440907 0.440907 0.471403 0.405756 0.426044 0.434739 0.380397 0.405756 0.380397 0.473382 0.456476 0.456476 0.458514 0.485809 0.482232 0.184952 0.184952 0.191802 0.00000 0.00000 0.00000 0.00000 0.00000 0.00000 0.00000 0.00000 0.00000 0.00000 0.00000 0.00000 0.00000 0.00000 0.00000 0.00000 0.00000 0.00000 1.78857 1.78857 1.49047 1.49047 1.49047 1.49047 1.49047 1.48833 2.14927 1.96589 1.54288 0.00000 0.00000 0.00000 0.00000 0.00000 0.00000 0.00000 0.00000 0.00000 0.00000 0.00000 0.00000 0.00000 0.00000 0.00000
1.11742 1.11742 0.945060 0.787875 0.497272 0.505935 0.546789 0.456476 0.473382 0.434739 0.380397 0.405756 0.388713 0.502840 0.525031 0.587722 0.670731 0.693333 0.693333 0.693333 0.00000 0.00000 0.00000 0.00000 0.00000 0.00000 0.00000 0.00000 0.00000 0.00000 0.00000 0.00000 0.00000 0.00000 0.00000 0.00000 0.00000 0.00000 0.00000 0.00000 0.00000 1.78857 1.49047 1.45565 1.37722 1.29875 1.14626 0.986146 1.39145 1.35457 1.34580 0.00000 0.00000 0.00000 0.00000 0.00000 0.00000 0.00000 0.00000 0.00000 0.00000 0.00000 0.00000 0.00000 0.00000 0.00000
0.985276 1.16129 1.10149 0.929217 0.776539 0.778382 0.747769 0.626700 0.647408 0.680896 0.632378 0.704114 0.731381 0.854480 0.837882 0.837882 0.837882 0.821034 0.589314 0.586040 0.0313732 0.0274516 0.00000 0.00000 0.00000 0.00000 0.00000 0.00000 0.00000 0.00000 0.00000 0.00000 0.00000 0.00000 0.00000 0.00000 0.00000 0.00000 0.00000 0.00000 0.00000 1.40340 1.16465 1.12096 1.12085 1.12085 1.01907 0.901891 1.35284 1.35284 1.35284 0.00000 0.00000 0.00000 0.00000 0.00000 0.00000 0.00000 0.00000 0.00000 0.00000 0.00000 0.00000 0.00000 0.00000 0.00000
1.03454 1.28235 1.26663 0.982557 0.857912 0.821582 0.864643 0.845224 0.877717 0.854480 0.759538 0.797925 0.780651 0.877717 0.867390 0.867390 0.867390 0.867390 0.715369 0.604361 0.0219613 0.0199648 0.00000 0.00000 0.00000 0.00000 0.00000 0.00000 0.00000 0.00000 0.00000 0.00000 0.00000 0.00000 0.00000 0.00000 0.00000 0.00000 0.00000 0.00000 0.00000 1.34502 1.26096 1.26096 1.26096 1.26096 1.24587 1.02089 1.35284 1.35284 1.35284 1.24281 1.14645 1.14645 1.14645 1.14645 1.14645 1.14645 1.14650 1.09730 0.751396 0.755295 0.759321 0.763341 0.766896 0.767431
0.985276 1.26849 1.26849 1.04988 0.978901 0.978901 0.977529 0.867390 0.780651 0.780651 0.709682 0.749834 0.731431 0.812320 0.797925 0.797925 0.797925 0.797925 0.100369 0.0183011 0.0183011 0.0168933 0.00000 0.00000 0.00000 0.00000 0.00000 0.00000 0.00000 0.00000 0.00000 0.00000 0.00000 0.00000 0.00000 0.00000 0.00000 0.00000 0.00000 0.00000 0.00000 1.34502 1.26096 1.26096 1.26096 1.26096 1.34502 1.13582 1.35284 1.35284 1.35284 1.30689 1.14645 1.14785 1.15182 1.15585 1.15986 1.16389 1.16786 1.16928 0.831113 0.767431 0.767431 0.796624 0.873721 0.970348
1.10351 1.10351 1.50001 1.34694 1.08767 1.08767 1.06640 0.975813 0.867390 0.867390 0.780651 0.812320 0.797925 0.165209 0.165209 0.165209 0.165209 0.165209 0.132801 0.0168933 0.0168933 0.0156866 0.00000 0.00000 0.00000 0.00000 0.00000 0.00000 0.00000 0.00000 0.00000 0.00000 0.00000 0.00000 0.00000 0.00000 0.00000 0.00000 0.00000 0.00000 0.00000 0.00000 1.12085 1.12085 1.12085 1.12085 1.26096 1.14444 1.45456 1.55387 1.63852 1.71173 1.23833 1.16923 1.16928 1.16928 1.16928 1.16928 1.16928 1.18264 1.03293 0.978674 1.11325 1.23367 1.30893 1.34684
1.03454 1.03454 1.52243 1.45244 1.10229 1.10229 1.07597 0.976548 0.247813 0.220279 0.198251 0.165209 0.180228 0.165209 0.165209 0.165209 0.165209 0.165209 0.162757 0.0256301 0.0156866 0.0146408 0.00000 0.00000 0.00000 0.00000 0.00000 0.00000 0.00000 0.00000 0.00000 0.00000 0.00000 0.00000 0.00000 0.00000 0.00000 0.00000 0.00000 0.00000 0.00000 0.00000 1.22966 1.26152 1.33267 1.38779 1.61060 1.62619 1.82114 1.81299 1.81299 1.81299 1.41653 1.16928 1.16928 1.15720 1.14156 1.13908 1.13661 1.12084 1.13286 1.34684 1.34684 1.34684 1.34684 1.34684
1.05966 1.03263 1.15237 1.15188 1.13436 0.396501 0.360456 0.247813 0.220279 0.198251 0.198251 0.165209 0.180228 0.163945 0.158955 0.153718 0.148489 0.143253 0.138710 0.118362 0.00000 0.00000 0.00000 0.00000 0.00000 0.00000 0.00000 0.00000 0.00000 0.00000 0.00000 0.00000 0.00000 0.00000 0.00000 0.00000 2.12589 2.12589 2.34282 2.39163 2.18663 2.18663 1.97810 1.65627 1.65546 1.65546 1.76583 1.65546 1.90080 1.81299 1.80830 1.74551 1.48458 1.05985 1.05744 1.06719 1.08035 1.08035 1.08035 1.08035 1.08519 1.32875 1.34684 1.34684 1.34684 1.34684
1.01345 1.01345 1.15188 1.15188 1.13436 0.396501 0.360456 0.247813 0.217595 0.189604 0.183326 0.160944 0.170764 0.150909 0.150642 0.150642 0.150642 0.150642 0.150642 0.127467 0.00000 0.00000 0.00000 0.00000 0.00000 0.00000 0.00000 0.00000 0.00000 0.00000 0.00000 0.00000 0.00000 0.00000 0.00000 0.00000 1.98785 1.98785 2.04997 2.12589 1.82219 1.82219 1.63997 1.35829 1.32437 1.32427 1.71217 1.51493 1.77503 1.62444 1.62672 1.68706 1.67314 1.08518 1.08035 1.08035 1.08035 1.08035 1.08035 1.08035 1.08035 1.24073 1.34684 1.34684 1.34684 1.34684
1.01345 1.01345 0.760085 1.24564 1.18057 0.496856 0.479735 0.424046 0.368346 0.331413 0.368237 0.331413 0.368237 0.331413 0.331413 0.331413 0.331413 0.331413 0.331413 0.276178 0.150642 0.00000 0.00000 0.00000 0.00000 0.00000 0.00000 0.00000 0.00000 0.00000 0.00000 0.00000 0.00000 0.00000 0.00000 0.00000 0.00000 1.91330 1.95235 2.04997 1.82219 1.82219 1.63997 1.31791 1.08826 1.01621 1.31227 1.23025 1.64935 1.72315 1.72406 1.72406 1.72406 1.20942 1.08035 1.08035 1.08035 1.08035 1.08035 1.08035 1.08035 1.16403 1.34684 1.34684 1.34684 1.34684
1.21614 1.21614 0.945884 1.13000 1.09687 1.07519 0.301285 0.368237 0.331413 0.276178 0.301285 0.276178 0.301285 0.276178 0.276178 0.276178 0.276178 0.254933 0.254933 0.220942 1.40883 1.28136 0.00000 0.00000 0.00000 0.00000 0.00000 0.00000 0.00000 0.00000 0.00000 0.00000 0.00000 0.00000 0.00000 0.00000 0.00000 2.04997 2.04997 2.12589 1.95235 1.95235 1.82219 1.55356 1.09356 1.09356 1.36694 1.31227 1.64033 1.70803 1.72406 1.72406 1.72406 1.38470 1.08035 1.08035 1.08035 1.08035 1.08035 1.08035 1.08035 1.10270 1.32070 1.27365 1.22626 1.17889
1.21614 1.21614 0.912103 1.11924 1.18575 1.17899 0.331413 0.331413 0.301285 0.254933 0.276178 0.254933 0.276178 0.276178 0.276178 1.49080 1.49080 1.37612 1.37612 1.33145 1.40883 1.28136 0.00000 0.00000 0.00000 0.00000 0.00000 0.00000 0.00000 0.00000 0.00000 0.00000 0.00000 0.00000 0.00000 0.00000 0.00000 1.98785 1.95235 2.04997 1.82219 1.82219 1.56188 1.69291 1.05182 1.02521 1.23025 1.17167 1.36694 1.34699 1.37925 1.37925 1.37925 1.24793 0.864283 0.864283 0.857483 0.833098 0.807823 0.782561 0.757285 0.732038 1.03647 1.07726 1.07726 1.07590
1.21614 1.21614 0.868669 0.868669 1.18271 1.17435 0.368237 0.368237 0.331413 0.276178 1.43703 1.49080 1.49080 1.49080 1.49080 1.49080 1.49080 1.37612 1.37612 1.33145 1.40883 1.28136 1.32504 0.00000 0.00000 0.00000 0.00000 0.00000 0.00000 0.00000 0.00000 0.00000 0.00000 0.00000 0.00000 0.00000 0.00000 0.00000 2.04997 2.18663 2.04997 2.04997 1.63997 1.82219 1.24988 1.09356 1.36694 1.31227 1.31227 1.32217 1.37677 1.34209 1.29622 1.23709 0.782649 0.739860 0.721399 0.720507 0.720507 0.720507 0.937251 0.937251 0.942898 0.915167 0.796852 0.679769
1.21614 1.21614 0.912103 0.912103 1.13862 1.12693 1.57226 1.57226 1.41503 1.52623 1.47568 1.52623 1.52623 1.52623 1.52623 1.52623 1.52623 1.40883 1.40883 1.35980 1.44153 1.38814 1.32504 0.00000 0.00000 0.00000 0.00000 0.00000 0.00000 0.00000 0.00000 0.00000 0.00000 0.00000 0.00000 0.00000 0.00000 0.00000 2.04997 2.18663 2.04997 2.04997 1.63997 1.82219 1.43881 1.07476 1.27305 1.15333 1.08454 1.01574 1.10777 1.12697 1.12697 1.12697 0.838178 0.937251 0.937251 0.937251 0.931438 0.888855 0.833605 0.768335 0.634379 0.637265 0.637265 0.637265
0.754559 0.739125 0.675195 0.679414 0.855246 0.798202 1.17497 1.41503 1.20681 1.35271 1.28639 1.35271 1.35271 1.35271 1.35271 1.35271 1.35271 1.24866 1.35271 1.40883 1.51433 1.45755 1.45755 0.00000 0.00000 0.00000 0.00000 0.00000 0.00000 0.00000 0.00000 0.00000 0.00000 0.00000 0.00000 0.00000 0.00000 0.00000 2.18663 2.27088 2.07515 1.93756 1.49997 1.48426 1.20535 0.781383 0.972761 0.933850 0.933850 0.933850 1.04165 1.34371 1.34371 1.34810 1.19819 0.923235 0.867590 0.800990 0.734410 0.726555 0.726555 0.726555 0.637265 0.637265 0.637265 0.637265
0.681769 0.681581 0.636142 0.654317 0.844615 0.789968 1.04294 1.41503 1.20681 1.28639 1.20681 1.28639 1.28639 1.28639 1.28639 1.28639 1.28639 1.04110 1.21462 1.28136 1.51433 1.45755 1.45755 1.24932 0.00000 0.00000 0.00000 0.00000 0.00000 0.00000 0.00000 0.00000 0.00000 0.00000 0.00000 0.00000 0.00000 0.00000 1.52292 1.30714 1.19150 1.19150 1.02128 1.27661 1.19150 0.829916 1.15059 1.14641 1.14686 1.17991 1.27818 1.43772 1.43015 1.41403 1.24732 0.748878 0.748878 0.748878 0.748878 0.748878 0.748878 0.748878 0.637265 0.637265 0.637265 0.637265
0.681581 0.681581 0.636142 0.654317 0.654317 0.752398 0.839964 1.34090 1.24824 1.34090 1.24824 1.34090 1.15678 1.15678 1.15678 1.15678 1.15678 1.04110 1.24932 1.32504 1.61950 1.56166 1.56166 1.38814 0.00000 0.00000 0.00000 0.00000 0.00000 0.00000 0.00000 0.00000 0.00000 0.00000 0.00000 0.00000 0.00000 0.00000 0.00000 1.27661 1.19150 1.19150 1.02128 1.27661 1.55274 1.33744 1.31477 1.40221 1.54264 1.61137 1.61137 1.34983 1.32047 1.32047 1.31949 0.810381 0.748878 0.748878 0.748878 0.748878 0.748878 0.748878 0.637265 0.637265 0.637265 0.637265
0.727019 0.727019 0.671095 0.654317 0.654317 0.752398 0.599471 1.24819 1.15678 1.24932 1.15678 1.24932 1.24932 1.24932 1.24932 1.13575 1.13575 1.04110 1.21462 1.21462 1.45755 1.38814 1.38814 1.24932 0.00000 0.00000 0.00000 0.00000 0.00000 0.00000 0.00000 0.00000 0.00000 0.00000 0.00000 0.00000 0.00000 0.00000 0.00000 1.34044 1.27661 1.27661 1.11703 1.34044 1.58624 1.58624 1.66999 1.64654 1.64654 1.64654 1.64654 1.44084 1.33625 1.33625 1.33625 0.957263 0.726555 0.726555 0.726555 0.726555 0.726555 0.726555 0.637265 0.637265 0.637265 0.663970
0.681581 0.681581 0.693973 0.681581 0.605849 0.605849 0.594834 1.21560 1.24932 1.32504 1.24932 1.24932 1.24932 1.24932 1.24932 1.13575 1.13575 1.04110 1.20425 1.13202 1.14505 0.994783 0.909950 0.761068 0.00000 0.00000 0.00000 0.00000 0.00000 0.00000 0.00000 0.00000 0.00000 0.00000 0.00000 0.00000 0.00000 0.00000 0.00000 1.19150 1.19150 1.27661 1.11703 1.34044 1.27661 1.58624 1.66999 1.64654 1.64654 1.64654 1.64654 1.55407 1.33625 1.33625 1.33625 1.12316 0.726555 0.726555 0.726555 0.736088 0.779608 0.842139 0.819742 0.877806 0.00000 0.00000
0.545264 0.623159 0.654317 0.623159 0.545264 0.545264 0.545264 0.978867 1.15678 1.24932 1.24932 1.24932 1.24932 1.22993 1.14957 0.887318 0.816588 0.688585 0.736788 0.727335 0.736781 0.675383 0.763871 0.694428 0.817225 0.0884878 0.0884878 0.0983198 0.110610 0.110507 0.101549 0.0867990 0.0720493 0.00000 0.00000 0.00000 0.00000 0.00000 0.00000 1.34044 1.34044 1.42980 1.19150 1.48937 1.42980 1.64654 1.64654 1.64654 1.64654 1.64654 1.64654 1.64636 1.36067 1.33279 1.25193 1.09297 0.856006 0.904227 0.950704 0.987649 0.990633 0.996451 0.967362 0.967362 0.00000 0.00000
0.605849 0.681581 0.763370 0.778949 0.681581 0.681581 0.654317 0.947049 1.35405 1.32381 1.22494 1.12597 1.02705 0.950707 0.945536 0.787947 0.787947 0.727335 0.831240 0.787947 0.736781 0.675383 0.763870 0.694428 0.816090 0.0771671 0.0653610 0.0595405 0.0522333 0.0375782 0.0318186 0.0318186 0.0318186 0.00000 0.00000 0.00000 0.00000 0.00000 0.00000 0.00000 1.34044 1.42980 1.19150 1.48937 1.42980 1.64654 1.64654 1.64654 1.58423 1.36665 1.14190 0.917146 0.807821 0.749702 0.718116 0.718116 0.937898 0.990633 0.988131 0.955173 0.913299 0.845621 0.957296 0.946584 0.00000 0.00000
0.495695 0.605849 0.654317 0.619992 0.535353 0.660215 0.578899 0.693258 0.836340 0.900510 0.900510 0.900510 0.900510 0.900510 0.900510 0.736781 0.736781 0.736781 0.859578 0.833650 0.833650 0.776193 0.776193 0.711003 0.837635 0.0282832 0.0282832 0.0318186 0.0363641 0.0363641 0.0363641 0.0363641 0.0363641 0.00000 0.00000 0.00000 0.00000 0.00000 0.00000 0.00000 1.34044 1.42980 1.18614 1.31617 1.03815 1.02952 0.804769 0.580016 0.417571 0.410277 0.410277 0.410277 0.518431 0.718057 0.695047 0.653166 0.757235 0.841029 0.742905 0.729580 0.718391 0.667812 0.736258 0.660830 0.510008 0.490365
0.487386 0.520865 0.560353 0.509271 0.452643 0.565804 0.509224 0.611069 0.696284 0.810459 0.810459 0.810459 0.810459 0.810459 0.810459 0.694709 0.757864 0.757864 0.880661 0.833650 0.833650 0.698574 0.757864 0.695665 0.809159 0.0231408 0.0231408 0.0254548 0.0282832 0.0282832 0.0282832 0.0282832 0.0282832 0.00000 0.00000 0.00000 0.00000 0.00000 0.00000 0.00000 0.875455 0.499337 0.215365 0.193534 0.181438 0.181438 0.452367 0.452367 0.452367 0.437445 0.386644 0.334317 0.284469 0.498816 0.458612 0.400841 0.427050 0.594503 0.571391 0.565782 0.561231 0.500425 0.495152 0.495152 0.352466 0.319555
0.470053 0.509224 0.555517 0.509224 0.452643 0.565804 0.565804 0.636530 0.663357 0.844228 0.844228 0.844228 0.844228 0.844228 0.844228 0.698574 0.833650 0.833650 0.968727 0.926278 0.926278 0.776193 0.833650 0.758339 0.882719 0.835914 0.0254548 0.0254548 0.0254548 0.0254548 0.0254548 0.0254548 0.0254548 0.00000 0.00000 0.00000 0.00000 0.00000 0.00000 0.00000 0.00000 0.201598 0.193534 0.241917 0.241917 0.241917 0.241917 0.241917 0.241917 0.241917 0.241917 0.241917 0.241917 0.257081 0.241917 0.241917 0.262903 0.698234 0.637838 0.637838 0.637838 0.580764 0.495152 0.495152 0.352466 0.319555
0.475276 0.462931 0.462931 0.381918 0.339483 0.452643 0.452643 0.538213 0.491032 0.704371 0.704371 0.704371 0.704371 0.626108 0.626108 0.533353 0.698574 0.698574 0.833650 0.776193 0.776193 0.698574 0.757864 0.694738 0.809044 0.759922 0.0231408 0.0231408 0.0231408 0.0231408 0.0231408 0.0231408 0.0231408 0.00000 0.00000 0.00000 0.00000 0.00000 0.00000 0.00000 0.425161 0.419938 0.449608 0.241917 0.241917 0.241917 0.241917 0.241917 0.241917 0.241917 0.241917 0.241917 0.241917 0.241917 0.241917 0.241917 0.241917 0.607285 0.678605 0.637838 0.637838 0.580764 0.495152 0.495152 0.352466 0.352466
0.548395 0.565804 0.509224 0.452643 0.462931 0.555517 0.555517 0.634260 0.591609 0.752561 0.776193 0.776193 0.776193 0.698574 0.698574 0.601470 0.757864 0.757864 0.807272 0.757864 0.757864 0.686437 0.735597 0.573355 0.597105 0.496887 0.0231408 0.0231408 0.0231408 0.0231408 0.0231408 0.0231408 0.0231408 0.00000 0.00000 0.425161 0.496021 0.496021 0.637741 0.558024 0.558024 0.553454 0.597959 0.449608 0.491147 0.491147 0.491147 0.259642 0.213280 0.213280 0.213280 0.213280 0.213280 0.213280 0.213280 0.213280 0.213280 0.399531 0.678605 0.580764 0.580764 0.495152 0.348510 0.325594 0.300137 0.274709
0.509224 0.509224 0.436478 0.436478 0.407379 0.509224 0.509224 0.532415 0.532415 0.631123 0.698574 0.698574 0.698574 0.635067 0.635067 0.555203 0.680178 0.622956 0.563101 0.460981 0.406454 0.329597 0.384897 0.353420 0.389672 0.353235 0.353235 0.0282832 0.0282832 0.0282832 0.689645 0.689645 0.524304 0.496021 0.297613 0.372016 0.372016 0.372016 0.595225 0.496021 0.496021 0.449608 0.491147 0.491147 0.491147 0.491147 0.491147 0.339323 0.213280 0.213280 0.213280 0.213280 0.213280 0.213280 0.213280 0.213280 0.213364 0.274214 0.584047 0.455538 0.409768 0.314514 0.210554 0.208071 0.208071 0.208071
