High_resolution/powerplant/Fengdu/OMI_NO2_201006.asc
ncols      200
nrows      200
xllcorner       105.978
yllcorner       28.1831
cellsize     0.0166667
NODATA_Value      -999.000
[rows 29 to 57 of 200, columns 0 to 66 of 200]
0.00000 0.00000 0.00000 0.00000 0.00000 0.00000 0.00000 0.00000 0.00000 0.00000 0.00000 0.00000 0.00000 0.00000 0.00000 0.00000 0.00000 0.00000 0.00000 0.00000 0.00000 0.00000 0.00000 0.00000 0.00000 1.73424 1.71732 1.71732 1.71732 1.71732 1.71732 0.00000 0.00000 0.00000 0.00000 0.00000 0.00000 0.00000 0.00000 0.00000 0.00000 0.00000 0.00000 0.00000 1.43821 1.43821 1.43821 1.43821 1.43821 1.43821 1.43821 1.43821 1.43821 1.43821 1.43821 1.43821 1.91850 1.99491 1.99491 1.99491 1.99839 2.07509 2.18082 2.10325 1.84987 1.74712 1.73230
0.00000 0.00000 0.00000 0.00000 0.00000 0.00000 0.00000 0.00000 0.00000 0.00000 0.00000 0.00000 0.00000 0.00000 0.00000 0.00000 0.00000 0.00000 0.00000 0.00000 0.00000 2.72947 2.72947 2.72947 2.72947 2.72947 2.72947 0.00000 0.00000 0.00000 0.00000 0.00000 0.00000 0.00000 0.00000 0.00000 0.00000 0.00000 0.00000 0.00000 0.00000 0.00000 0.00000 0.00000 0.00000 1.43821 1.43821 1.43821 1.43821 1.43821 1.43821 1.43821 1.43821 1.43821 1.43821 1.43821 1.86211 2.14822 2.25405 2.35972 2.46198 2.49105 2.49105 2.25168 1.73230 1.74443 1.81052
0.00000 0.00000 0.00000 0.00000 0.00000 0.00000 0.00000 0.00000 0.00000 0.00000 0.00000 0.00000 0.00000 0.00000 0.00000 0.00000 2.72947 2.72947 2.72947 2.72947 2.72947 2.72947 2.72947 2.72947 2.72947 2.72947 2.72947 0.00000 0.00000 0.00000 0.00000 0.00000 0.00000 0.00000 0.00000 0.00000 0.00000 0.00000 0.00000 0.00000 0.00000 0.00000 0.00000 0.00000 0.00000 1.43821 1.43821 1.43821 1.43821 1.43821 1.43821 1.48197 1.68003 1.89148 2.10284 2.31429 2.44991 2.49105 2.49105 2.49331 2.54559 2.61810 2.69044 2.72721 2.09806 2.13692 2.14334
0.00000 0.00000 0.00000 0.00000 0.00000 0.00000 0.00000 0.00000 0.00000 0.00000 0.00000 0.00000 2.72947 2.72947 2.72947 2.72947 2.72947 2.72947 2.72947 2.72947 2.72947 2.72947 2.72947 2.72947 2.72947 2.72947 2.72947 0.00000 0.00000 0.00000 0.00000 0.00000 0.00000 0.00000 0.00000 0.00000 0.00000 0.00000 0.00000 0.00000 0.00000 0.00000 0.00000 0.00000 0.00000 1.43821 1.45012 1.61494 1.82639 2.03794 2.24930 2.41709 2.43049 2.43049 2.43049 2.43049 2.43108 2.71332 2.81178 2.88190 2.90209 2.90209 2.90209 2.90209 2.35404 2.14334 2.14334
0.00000 0.00000 0.00000 0.00000 0.00000 0.00000 0.00000 2.72947 2.72947 2.72947 2.72947 2.72947 2.72947 2.72947 2.72947 2.72947 2.72947 2.72947 2.72947 2.72947 2.72947 2.72947 2.72947 2.72947 2.72947 2.72947 2.72947 2.72947 0.00000 0.00000 0.00000 0.00000 0.00000 0.00000 0.00000 0.00000 0.00000 0.00000 0.00000 0.00000 0.00000 0.00000 0.00000 0.00000 0.00000 1.67801 2.37994 2.43049 2.43049 2.43049 2.43049 2.43049 2.43049 2.43049 2.43049 2.43049 2.43049 2.79493 2.90209 2.90209 2.90209 2.90209 2.90209 2.90209 2.57924 2.14334 2.14334
0.00000 0.00000 0.00000 0.00000 0.00000 0.00000 0.00000 2.72947 2.72947 2.72947 2.72947 2.72947 2.72947 2.72947 2.72947 2.72947 2.72947 2.72947 2.72947 2.72947 2.72947 2.72947 2.72947 2.72947 2.72947 2.72947 2.72947 2.72947 0.00000 0.00000 0.00000 0.00000 0.00000 0.00000 0.00000 0.00000 0.00000 0.00000 0.00000 0.00000 0.00000 0.00000 0.00000 0.00000 0.00000 0.00000 2.43049 2.43049 2.43049 2.43049 2.43049 2.43049 2.43049 2.43049 2.43049 2.43049 2.43049 2.67378 2.90209 2.90209 2.90209 2.90209 2.90209 2.90209 2.80373 2.14381 2.14334
0.00000 0.00000 0.00000 0.00000 0.00000 0.00000 0.00000 2.72947 2.72947 2.72947 2.72947 2.72947 2.72947 2.72947 2.72947 2.72947 2.72947 2.72947 2.72947 2.72947 2.72947 2.72947 2.72947 2.72947 2.72947 2.72947 2.72947 2.72947 0.00000 0.00000 0.00000 0.00000 0.00000 0.00000 0.00000 0.00000 0.00000 0.00000 0.00000 0.00000 0.00000 0.00000 0.00000 0.00000 0.00000 0.00000 2.43049 2.43049 2.43049 2.43049 2.43049 2.43049 2.43049 2.43049 2.43049 2.43049 2.43049 2.49695 2.89972 2.90209 2.90209 2.90209 2.90209 2.90209 2.90209 2.27058 2.14334
0.00000 0.00000 0.00000 0.00000 0.00000 0.00000 0.00000 2.72947 2.72947 2.72947 2.72947 2.72947 2.72947 2.72947 2.72947 2.72947 2.72947 2.72947 2.72947 2.72947 2.72947 2.72947 2.72947 2.72947 2.72947 2.72947 2.72947 2.72947 0.00000 0.00000 0.00000 0.00000 0.00000 0.00000 0.00000 0.00000 0.00000 0.00000 0.00000 0.00000 0.00000 0.00000 0.00000 0.00000 0.00000 0.00000 2.43049 2.43049 2.43049 2.43049 2.43049 2.43049 2.43049 2.43049 2.43049 2.43049 2.43049 2.43049 2.84490 2.90209 2.90209 2.90209 2.90209 2.90781 3.01327 2.80814 2.71499
0.00000 0.00000 0.00000 0.00000 0.00000 0.00000 0.00000 2.72947 2.72947 2.72947 2.72947 2.72947 2.72947 2.72947 2.72947 2.72947 2.72947 2.72947 2.72947 2.72947 2.72947 2.72947 2.72947 2.72947 2.68363 2.58642 2.48916 2.39008 2.29989 0.00000 0.00000 0.00000 0.00000 0.00000 0.00000 0.00000 0.00000 0.00000 0.00000 0.00000 0.00000 0.00000 0.00000 0.00000 0.00000 0.00000 0.00000 2.43049 2.43049 2.43049 2.43049 2.43049 2.43049 2.43049 2.43049 2.43049 2.54948 2.60075 2.74568 2.97042 3.11201 3.25371 3.39533 3.53133 3.56746 3.46004 3.11735
0.00000 0.00000 0.00000 0.00000 0.00000 0.00000 0.00000 0.00000 2.72947 2.72947 2.72947 2.72947 2.72947 2.72947 2.72947 2.72947 2.72947 2.72947 2.72947 2.72221 2.64325 2.54595 2.44869 2.35144 2.29993 2.29989 2.29989 2.29989 2.29989 0.00000 0.00000 0.00000 0.00000 0.00000 0.00000 0.00000 0.00000 0.00000 0.00000 0.00000 0.00000 0.00000 0.00000 0.00000 0.00000 0.00000 0.00000 2.43049 2.43049 2.43049 2.43049 2.43049 2.55527 2.77123 2.96125 3.20992 3.39060 3.50151 3.57117 3.56746 3.56746 3.56746 3.56754 3.57724 3.59374 3.60408 3.20911
0.00000 0.00000 0.00000 0.00000 0.00000 0.00000 0.00000 0.00000 2.72947 2.72947 2.72947 2.72947 2.72947 2.72947 2.72947 2.69815 2.60278 2.50553 2.40818 2.31819 2.29989 2.29989 2.29989 2.29989 2.29989 2.29989 2.29989 2.29989 2.29989 0.00000 0.00000 0.00000 0.00000 0.00000 0.00000 0.00000 0.00000 0.00000 0.00000 0.00000 0.00000 0.00000 0.00000 0.00000 0.00000 0.00000 0.00000 2.43049 2.56268 2.79025 3.07809 3.31823 3.48949 3.63114 3.74006 3.74738 3.74738 3.73434 3.65449 3.59710 3.62133 3.63786 3.65427 3.66104 3.66104 3.66104 3.37090
0.00000 0.00000 0.00000 0.00000 0.00000 0.00000 0.00000 0.00000 2.72947 2.72947 2.72715 2.65962 2.56227 2.46497 2.36776 2.30178 2.29989 2.29989 2.29989 2.29989 2.29989 2.29989 2.29989 2.29989 2.29989 2.29989 2.29989 2.29989 2.29989 2.29989 0.00000 0.00000 0.00000 0.00000 0.00000 0.00000 0.00000 0.00000 0.00000 0.00000 0.00000 0.00000 0.00000 0.00000 3.73352 3.73352 3.73352 3.73352 3.58971 3.71990 3.74738 3.74620 3.71157 3.66792 3.63064 3.59843 3.57037 3.55155 3.50134 3.59179 3.66104 3.66104 3.66104 3.66104 3.66104 3.66104 3.50466
0.00000 0.00000 0.00000 0.00000 0.00000 0.00000 2.80593 2.80593 2.80593 2.52512 2.25390 2.28350 2.29989 2.29989 2.29989 2.29989 2.29989 2.29989 2.29989 2.29989 2.29989 2.29989 2.29989 2.29989 2.29989 2.29989 2.29989 2.29989 2.29989 2.29989 0.00000 0.00000 0.00000 0.00000 0.00000 0.00000 0.00000 0.00000 0.00000 0.00000 3.73352 3.73352 3.73352 3.73352 3.73352 3.73352 3.70789 3.62917 3.62066 3.61381 3.58376 3.55804 3.55051 3.55051 3.55051 3.55051 3.55051 3.55051 3.52865 3.53503 3.66104 3.66104 3.66104 3.66104 3.66104 3.66104 3.63110
0.00000 0.00000 2.80593 2.80593 2.80593 2.80581 2.68747 2.53431 2.42781 2.25649 2.08002 2.19021 2.29989 2.29989 2.29989 2.29989 2.29989 2.29989 2.29989 2.29989 2.29989 2.29989 2.29989 2.29989 2.29989 2.29989 2.29989 2.29989 2.29989 2.29989 0.00000 0.00000 0.00000 0.00000 0.00000 0.00000 3.73352 3.73352 3.73352 3.73352 3.73352 3.73352 3.73352 3.68147 3.50081 3.46716 3.44618 3.44515 3.47713 3.55051 3.55051 3.55051 3.55051 3.55051 3.55051 3.55051 3.55051 3.55051 3.54792 3.48358 3.66031 3.66104 3.66104 3.66104 3.66104 3.66104 3.66104
2.80593 2.80593 2.72693 2.56058 2.44636 2.36417 2.33304 2.33304 2.33304 2.31490 2.08394 2.12557 2.29989 2.29989 2.29989 2.29989 2.29989 2.29989 2.29989 2.29989 2.29989 2.29989 2.29989 2.29989 2.29989 2.29989 2.29989 2.29989 2.29989 2.29989 2.29989 0.00000 0.00000 0.00000 0.00000 0.00000 3.73352 3.73352 3.73352 3.73352 3.73352 3.73352 3.73352 3.72416 3.45431 3.44515 3.44515 3.44515 3.44661 3.54442 3.55051 3.55051 3.55051 3.55051 3.55051 3.55051 3.55051 3.55051 3.55051 3.49587 3.62351 3.66104 3.66104 3.66104 3.66104 3.66104 3.66408
2.46611 2.37870 2.33392 2.33304 2.33304 2.33304 2.33304 2.33304 2.33304 2.33304 2.14349 2.08570 2.28634 2.29989 2.29989 2.29989 2.29989 2.29989 2.29989 2.29989 2.29989 2.29989 2.29989 2.29989 2.29989 2.29989 2.29989 2.29989 2.29989 2.29989 2.29989 0.00000 0.00000 0.00000 0.00000 0.00000 3.73352 3.73352 3.73352 3.73352 3.73352 3.73352 3.73352 3.73352 3.50191 3.44515 3.44515 3.44515 3.44515 3.52041 3.55051 3.55051 3.55051 3.55051 3.55051 3.55051 3.55051 3.55051 3.55158 3.62814 3.56671 3.66113 3.68781 3.73546 3.78306 3.83067 3.87525
2.33304 2.33304 2.33304 2.33304 2.33304 2.33304 2.33304 2.33304 2.33304 2.33304 2.22131 2.08002 2.19696 2.29989 2.29989 2.29989 2.29989 2.29989 2.29989 2.29989 2.29989 2.29989 2.29989 2.29989 2.29989 2.29989 2.29989 0.00000 0.00000 0.00000 0.00000 0.00000 0.00000 0.00000 0.00000 0.00000 3.73352 3.73352 3.73352 3.73352 3.73352 3.73352 3.73352 3.73352 3.57242 3.44515 3.44515 3.44515 3.44515 3.48930 3.55051 3.55051 3.55051 3.55051 3.55211 3.71264 3.97607 4.24982 4.54380 4.62833 3.68996 3.86413 3.88506 3.88506 3.88506 3.88506 3.92675
2.33304 2.33304 2.33304 2.33304 2.33304 2.33304 2.33304 2.33304 2.33304 2.33304 2.29883 2.08017 2.12988 2.29989 2.29989 2.29989 2.29989 2.29989 2.29989 2.29989 2.29989 2.29989 2.29989 0.00000 0.00000 0.00000 0.00000 0.00000 0.00000 0.00000 0.00000 0.00000 0.00000 0.00000 0.00000 0.00000 3.73352 3.73352 3.73352 3.73352 3.73352 3.73352 3.73352 3.73352 3.67810 3.44552 3.44515 3.44515 3.44515 3.45292 3.55122 3.72029 3.98725 4.27844 4.57287 4.70796 4.73971 4.76210 4.76296 4.76296 4.04809 3.95840 4.06406 4.14679 4.22967 4.31235 4.35353
2.33304 2.33304 2.33304 2.33304 2.33304 2.33304 2.33304 2.33304 2.33304 2.33304 2.33304 2.12375 2.08756 2.29074 2.29989 2.29989 2.29989 2.29989 2.29989 0.00000 0.00000 0.00000 0.00000 0.00000 0.00000 0.00000 0.00000 0.00000 0.00000 0.00000 0.00000 0.00000 0.00000 0.00000 0.00000 0.00000 0.00000 3.73352 3.73352 3.73352 3.73352 3.73352 3.73352 3.73352 3.73352 3.47367 3.45089 3.71066 4.10693 4.50161 4.65802 4.73033 4.75854 4.76296 4.76276 4.74908 4.72739 4.70571 4.68403 4.66234 4.26450 4.09049 4.35353 4.35353 4.35353 4.35353 4.35353
2.33304 2.33304 2.33304 2.33304 2.33304 2.33304 2.33304 2.33304 2.33304 2.32067 2.25889 2.08327 1.95917 1.98609 0.00000 0.00000 0.00000 0.00000 0.00000 0.00000 0.00000 0.00000 0.00000 0.00000 0.00000 0.00000 0.00000 0.00000 0.00000 0.00000 0.00000 0.00000 0.00000 0.00000 0.00000 0.00000 0.00000 3.73352 3.73352 3.73352 3.73352 3.73352 3.74947 4.28591 5.07877 4.92297 4.90314 5.03980 5.03980 5.03326 4.86366 4.71666 4.69497 4.67323 4.65170 4.64369 4.64369 4.64369 4.64369 4.64369 4.55103 3.85673 4.35353 4.35353 4.35353 4.35353 4.35353
2.33304 2.33304 2.33304 2.33304 2.33304 2.30716 2.23721 2.14432 2.01719 1.92442 1.98102 2.04943 2.11035 2.12007 0.00000 0.00000 0.00000 0.00000 0.00000 0.00000 0.00000 0.00000 0.00000 0.00000 0.00000 0.00000 0.00000 0.00000 0.00000 0.00000 0.00000 0.00000 0.00000 0.00000 0.00000 0.00000 0.00000 3.73352 3.75688 4.30760 5.10046 5.89332 6.66768 6.92283 6.92283 6.14590 4.95408 4.92156 4.88903 4.86305 4.82172 4.64380 4.64369 4.64369 4.64369 4.64369 4.64369 4.64369 4.64369 4.64369 4.64369 3.91609 4.35336 4.35353 4.35353 4.35353 4.35353
2.33167 2.28931 2.21375 2.11239 1.96910 1.89930 1.96732 2.03575 2.10170 2.12007 2.12007 2.12007 2.12007 2.12007 2.12007 0.00000 0.00000 0.00000 0.00000 0.00000 0.00000 0.00000 0.00000 0.00000 0.00000 0.00000 0.00000 0.00000 0.00000 0.00000 0.00000 0.00000 0.00000 0.00000 1.39209 1.39209 1.39209 1.39209 4.69136 6.92283 6.92283 6.92283 6.92283 6.92283 6.92283 6.83406 4.91560 4.86089 4.86089 4.86089 4.86089 4.67001 4.64369 4.64369 4.64369 4.64369 4.64369 4.64369 4.64369 4.64369 4.64369 4.20536 4.22503 4.35353 4.35353 4.35076 4.16670
1.92219 1.88586 1.95365 2.02206 2.09031 2.12007 2.12007 2.12007 2.12007 2.12007 2.12007 2.12007 2.12007 2.12007 2.12007 0.00000 0.00000 0.00000 0.00000 0.00000 0.00000 0.00000 0.00000 0.00000 0.00000 0.00000 0.00000 0.00000 0.00000 0.00000 1.39209 1.39209 1.39209 1.39209 1.39209 1.39209 1.39209 1.39209 2.87905 6.92283 6.92283 6.92283 6.92283 6.92283 6.92283 6.92283 5.24128 4.86089 4.86089 4.86089 4.86089 4.72434 4.64369 4.64369 4.64369 4.64369 4.64369 4.64369 4.64369 4.64369 4.64369 4.51828 3.79097 3.88626 3.68913 3.49326 3.37436
2.07690 2.11950 2.12007 2.12007 2.12007 2.12007 2.12007 2.12007 2.12007 2.12007 2.12007 2.12007 2.12007 2.12007 2.12007 0.00000 0.00000 0.00000 0.00000 0.00000 0.00000 0.00000 0.00000 0.00000 0.00000 0.00000 0.00000 1.39209 1.70797 1.90765 1.54814 1.39209 1.39209 1.39209 1.39209 1.39209 1.39209 1.39209 1.49388 6.53896 6.92283 6.92283 6.92283 6.92283 6.92283 6.92283 5.73076 4.86089 4.86089 4.86089 4.86089 4.79326 4.64369 4.64369 4.64369 4.64369 4.64369 4.65987 4.93131 5.29001 5.68422 6.17928 3.39787 3.24248 3.14446 3.10229 3.10229
2.12007 2.12007 2.12007 2.12007 2.12007 2.12007 2.12007 2.12007 2.12007 2.12007 2.12007 2.12007 2.12007 2.12007 2.12007 2.12007 0.00000 0.00000 0.00000 0.00000 0.00000 0.00000 3.06659 2.31537 2.18157 2.15382 2.14201 2.18215 2.22922 2.22934 1.89488 1.39209 1.39209 1.39209 1.39209 1.39209 1.39209 1.39209 1.39209 4.87203 6.92283 6.92283 6.92283 6.92283 6.92283 6.92283 6.46495 4.86140 4.86089 4.86089 4.86089 4.85716 4.65530 4.66333 4.94200 5.31211 5.77350 6.30327 6.60385 6.84182 7.02387 7.02781 4.47935 3.06831 3.04655 2.99124 2.93608
2.12007 2.12007 2.12007 2.12007 2.12007 2.12007 2.12007 2.12007 2.12007 2.12007 2.12007 2.12007 2.12007 2.12007 2.12007 2.12007 0.00000 3.06659 3.06659 2.76080 2.43420 2.32430 2.27007 2.23022 2.22934 2.22934 2.22934 2.22934 2.22934 2.22934 2.08981 1.39209 1.39209 1.39209 1.39209 1.39209 1.39209 1.39209 1.39209 3.10365 6.92283 6.92283 6.92283 6.92283 6.92283 6.92283 6.92283 5.03690 4.86089 4.89599 5.32461 5.86265 6.02718 6.44127 6.76542 6.99576 7.02781 7.02781 7.20458 7.54811 7.89202 8.23650 7.49689 3.14145 2.78892 2.78892 2.78892
2.12007 2.12007 2.12007 2.12007 2.12007 2.12007 2.12007 2.12007 2.12007 2.12007 2.12007 2.12007 2.19794 2.29579 2.33755 2.55907 2.59133 2.44661 2.31494 2.23212 2.22934 2.22934 2.22934 2.22934 2.22934 2.22934 2.22934 2.22934 2.22934 2.22934 2.21413 1.44966 1.39209 1.39209 1.39209 1.39209 1.39209 1.39209 1.39209 1.58567 6.67173 6.92283 6.92283 6.92283 6.92283 7.00517 7.88234 6.74638 6.41565 6.91838 7.02781 7.02781 7.07238 7.37455 7.71808 8.06218 8.40647 8.74981 8.91639 8.91639 8.91639 8.91639 8.87866 3.98758 2.78892 2.78892 2.78892
2.12007 2.12007 2.12007 2.12007 2.12007 2.12007 2.12007 2.12133 2.25030 2.40688 2.51791 2.59744 2.61754 2.56579 2.35560 2.45252 2.22952 2.22934 2.22934 2.22934 2.22934 2.22934 2.22934 2.22934 2.22934 2.22934 2.22934 2.22934 2.22934 2.22934 2.22934 1.76277 1.39209 1.39209 1.39209 1.39209 1.39209 1.39209 1.39209 1.39209 5.09695 7.01817 7.91528 8.99137 10.0649 11.0577 11.2567 9.23760 7.54452 7.88805 8.23234 8.57644 8.87522 8.91639 8.91639 8.91639 8.91639 8.91639 8.91639 8.91639 8.91639 8.91639 8.91639 5.82599 2.78892 2.78892 2.78892
2.12007 2.12007 2.12007 2.13775 2.29978 2.44128 2.54325 2.61873 2.62404 2.59611 2.56818 2.54341 2.53956 2.53956 2.30834 2.48721 2.27667 2.22934 2.22934 2.22934 2.22934 2.22934 2.22934 2.22934 2.22934 2.22934 2.22934 2.22934 2.22934 2.22934 2.22934 2.00003 1.39209 1.39209 1.39209 1.39209 1.39209 1.42245 1.79057 2.25302 5.30258 11.0176 10.3170 9.43992 8.78118 8.26511 7.85209 7.70838 8.86893 8.91639 8.91639 8.91639 8.91639 8.91639 8.91639 8.91639 8.91639 8.91639 8.91639 8.91639 8.91639 8.91639 8.91639 7.55003 2.94004 2.78892 2.78892
