High_resolution/powerplant/Fengdu/OMI_NO2_2008_06-08.asc
ncols      200
nrows      200
xllcorner       105.978
yllcorner       28.1831
cellsize     0.0166667
NODATA_Value      -999.000
[rows 90 to 119 of 200, columns 132 to 197 of 200]
2.10702 2.15215 2.07758 1.86930 1.83329 1.71161 1.69813 1.71195 1.67989 1.70727 1.69149 1.72536 1.66237 1.65383 1.63009 1.64467 1.08676 1.03030 1.04309 1.04364 1.04418 1.04908 1.11193 1.12788 1.18805 1.22652 1.32070 1.40481 1.42646 1.49073 1.48087 1.51112 1.35628 1.29955 1.14302 1.13332 1.13247 1.13517 1.19768 1.20112 1.25652 1.15339 1.04338 1.09126 1.16244 1.07904 1.17951 1.31951 1.35387 1.32452 1.21030 1.23127 1.14705 1.15921 1.13492 1.17298 1.06397 1.14293 1.16081 1.13702 1.29022 1.40460 0.413493 0.340129 0.340129 0.340129
2.12240 2.15215 2.10211 1.90365 1.78392 1.76047 1.81770 1.83931 1.79275 1.87297 1.78655 1.69942 1.59678 1.58074 1.56467 1.55334 1.44914 1.36636 1.23692 1.21010 1.24140 1.29749 1.31701 1.31987 1.38314 1.42742 1.48201 1.55869 1.53157 1.50815 1.49584 1.47689 1.37282 1.27728 1.30451 1.08536 1.08536 1.08536 1.13280 1.11994 1.13252 1.01822 1.02190 1.02540 1.13940 1.04406 1.14118 1.10099 1.27996 1.23596 1.14604 1.14223 1.07501 1.07206 1.04715 1.08135 0.958164 1.01800 1.05671 1.03505 1.09745 1.24040 0.482408 0.408155 0.408155 0.408155
1.97917 1.87595 1.52585 1.49635 1.43101 1.49334 1.66875 1.61730 1.41976 1.46929 1.30610 1.23730 1.06526 1.55493 1.55493 1.55247 1.51030 1.41370 1.51438 1.49548 1.57062 1.63376 1.59260 1.49215 1.47875 1.45603 1.44847 1.51900 1.51328 1.49958 1.49280 1.47689 1.40795 1.28147 1.30210 1.02414 0.901375 0.871737 0.886277 0.936117 0.958061 0.876086 0.927094 0.880736 1.04269 0.951837 1.02463 0.938986 1.13088 1.03969 1.09140 1.09757 1.03293 1.03293 1.01473 1.03771 1.00137 1.04593 1.07133 1.07746 1.10234 1.29573 0.449282 0.340129 0.340129 0.340129
1.39041 1.37808 1.37299 1.44478 1.30856 1.31648 1.58676 1.57635 1.40120 1.73285 1.70674 1.64315 1.56149 1.56687 1.57226 1.58088 1.58880 1.64801 1.65841 1.61808 1.59297 1.54880 1.52079 1.38936 1.38926 1.37586 1.35958 1.46531 1.47630 1.44257 1.40078 1.33828 1.28779 1.27414 1.26056 1.11025 1.03344 1.04149 1.06783 1.13340 1.10308 0.919607 0.890835 0.852753 0.955974 0.901965 0.986353 0.878259 1.06588 0.986853 1.06173 1.07701 0.999565 0.997209 0.982443 0.991598 0.976376 0.959689 0.992048 0.993597 1.03495 1.19250 1.29000 0.408155 0.408155 0.408155
1.38177 1.37938 1.37460 1.40487 1.26996 1.23783 1.66142 1.76861 1.74609 1.75675 1.73946 1.73015 1.57646 1.55855 1.54731 1.54223 1.53430 1.57646 1.59863 1.58870 1.56721 1.53841 1.52752 1.39477 1.35002 1.31976 1.30276 1.37841 1.43907 1.43392 1.46013 1.47092 1.46080 1.44340 1.38583 1.39862 0.826584 1.19563 0.867785 0.915362 0.972009 0.804313 0.795703 0.792293 0.868897 0.897369 0.984043 0.900649 1.13322 1.06206 1.10219 1.11459 1.04834 1.04773 0.754528 0.746500 1.13432 1.05279 1.03318 1.04607 1.07755 1.26236 1.43492 0.340129 0.408155 0.408155
1.59456 1.67382 1.63345 1.68566 1.51138 1.45622 1.62484 1.85603 1.77548 1.73743 1.69406 1.68010 1.54903 1.53267 1.53267 1.53206 1.53206 1.55813 1.59112 1.61174 1.55226 1.50256 1.50617 1.41617 1.36909 1.42201 1.48412 1.48160 1.49677 1.45863 1.44639 1.43673 1.41102 1.38281 1.29256 1.19411 1.13748 1.11672 0.743660 0.817028 0.946061 0.894812 0.876327 0.906014 0.947207 0.973156 1.14095 0.987088 0.962375 0.863850 0.807356 0.810122 0.814364 1.34408 1.30298 1.34584 1.32719 1.02285 1.06754 1.16466 1.24559 1.31162 1.42384 0.340129 0.408753 0.459383
1.49213 1.68690 1.75311 1.78722 1.62979 1.55314 1.59116 1.83489 1.73723 1.71014 1.69686 1.69686 1.58840 1.53742 1.53742 1.52978 1.50878 1.49591 1.54747 1.56909 1.59380 1.58261 1.61910 1.57030 1.49903 1.51736 1.54057 1.49766 1.44771 1.37562 1.32376 1.28731 1.23147 1.23788 1.23000 1.28691 1.25092 1.27235 1.29191 1.03260 1.18400 1.16387 1.11575 1.12576 1.10270 1.06999 1.20732 1.07329 1.46685 1.41060 1.41329 1.39860 1.38902 1.47489 1.45239 1.54654 1.55797 1.34756 1.17746 1.12518 1.17633 1.30181 1.38344 0.539191 0.718670 0.775121
1.45050 1.58043 1.68956 1.73351 1.59067 1.50049 1.48826 1.77299 1.74096 1.71014 1.72035 1.69448 1.60146 1.47560 1.48274 1.53760 1.59517 1.62451 1.68960 1.69390 1.72116 1.65042 1.67064 1.63866 1.50833 1.45429 1.44487 1.38093 1.31726 1.26145 1.24835 1.24232 1.21707 1.23325 1.26821 1.38360 1.32605 1.34945 1.36291 1.08882 1.22654 1.21397 1.10401 1.12576 1.48086 1.51753 1.63613 1.59083 1.60746 1.56563 1.64260 1.61784 1.57493 1.65981 1.61398 1.70001 1.71309 1.64952 1.50133 1.44840 1.50497 1.65412 1.71681 1.75716 0.885601 0.885601
1.42803 1.49619 1.61309 1.65426 1.53552 1.48859 1.29803 1.58818 1.65436 1.57814 1.56762 1.56092 1.57961 1.63517 1.64349 1.66771 1.66462 1.63536 1.66488 1.67611 1.71287 1.59107 1.56072 1.51095 1.40482 1.37533 1.38488 1.35291 1.31450 1.25500 1.25942 1.27803 1.28219 1.33070 1.35885 1.43644 1.37658 1.36357 1.36357 1.07686 1.46916 1.47379 1.38715 1.42793 1.57106 1.58659 1.74393 1.64082 1.65466 1.66668 1.74419 1.71433 1.72576 1.82478 1.83959 1.90741 1.90450 1.87672 1.69839 1.61380 1.58550 1.71918 1.73510 1.76212 0.746142 0.746142
1.45601 1.50434 1.57857 1.59550 1.45354 1.38356 1.22269 1.38480 1.56138 1.53287 1.55333 1.55000 1.55438 1.63919 1.63454 1.66502 1.68819 1.64057 1.63277 1.61745 1.65751 1.53786 1.52720 1.49169 1.42387 1.39666 1.42605 1.46975 1.45338 1.35892 1.36481 1.35512 1.33091 1.35505 1.37566 1.41547 1.41685 1.38551 1.40721 1.44996 1.51655 1.53450 1.47275 1.51215 1.64420 1.65295 1.77517 1.67394 1.68402 1.73301 1.80250 1.78361 1.82905 1.90040 1.90047 1.90959 1.86991 1.86834 1.65931 1.57505 1.45852 1.60272 1.59100 1.57360 0.688625 0.688625
1.46419 1.58904 1.46026 1.44244 1.27706 1.23538 1.10750 1.22507 1.46920 1.47067 1.49357 1.49357 1.48178 1.57328 1.53655 1.51563 1.48345 1.42724 1.39439 1.49239 1.60735 1.52820 1.52388 1.51590 1.47849 1.45192 1.45635 1.50934 1.49395 1.38848 1.38228 1.37113 1.35798 1.42087 1.49896 1.54531 1.59275 1.43474 1.41136 1.40058 1.34570 1.32240 1.39766 1.56593 1.65987 1.62605 1.73397 1.69203 1.69617 1.73625 1.80447 1.77976 1.75959 1.89321 1.89321 1.89934 1.85761 1.84894 1.69638 1.59910 1.40527 1.55272 1.55250 1.53250 1.22150 0.672198
1.42778 1.55943 1.34351 1.33453 1.17973 1.06817 0.936890 0.927358 1.28900 1.33915 1.33804 1.25162 1.11280 1.24201 1.32160 1.33188 1.35900 1.38181 1.41446 1.50632 1.65980 1.59613 1.52189 1.52196 1.48851 1.44421 1.42605 1.49792 1.50083 1.45247 1.49522 1.51601 1.48742 1.51953 1.52304 1.38376 1.49085 1.33479 1.32769 1.33904 1.36861 1.42168 1.50830 1.70675 1.76346 1.71814 1.76682 1.73149 1.73149 1.74691 1.80400 1.78254 1.67821 1.85759 1.85870 1.85465 1.82646 1.82603 1.74728 1.66306 1.44045 1.56487 1.44694 1.41944 1.01319 1.00933
1.48420 1.63466 1.39431 1.38547 1.21884 1.10362 0.865612 0.851125 0.921908 1.05405 1.08195 1.09567 1.05049 1.17786 1.36040 1.39691 1.40517 1.42080 1.45174 1.48707 1.65012 1.60940 1.53056 1.51551 1.48912 1.44517 1.43833 1.51072 1.56183 1.47412 1.43347 1.42619 1.41343 1.47405 1.51184 1.36616 1.54129 1.41373 1.37293 1.39670 1.39999 1.45078 1.51078 1.67763 1.75332 1.68292 1.72537 1.75174 1.73427 1.71608 1.75837 1.75896 1.68351 1.83003 1.88688 1.88688 1.85502 1.85604 1.82942 1.76852 1.36083 1.39844 1.30261 1.31190 1.15193 1.15193
1.48420 1.63466 1.40140 1.21819 1.07526 1.01950 0.785407 0.816433 0.854625 1.05886 1.15727 1.16123 1.09307 1.12210 1.34222 1.39723 1.40517 1.40887 1.44733 1.43695 1.61250 1.62533 1.54094 1.54361 1.51425 1.45498 1.40973 1.37386 1.34268 1.31388 1.38916 1.40870 1.47168 1.58408 1.68389 1.55763 1.70810 1.53094 1.36451 1.35401 1.33955 1.37502 1.46431 1.59452 1.70333 1.66506 1.71264 1.73348 1.73421 1.73421 1.72694 1.79523 1.71266 1.80329 1.86463 1.81958 1.73861 1.71010 1.65776 1.61778 1.36285 1.19279 1.14323 1.13665 0.778087 0.725889
0.573789 0.459031 1.45896 1.34186 1.09345 1.06867 0.862013 0.870009 0.866582 1.09109 1.23934 1.24838 1.17054 1.17847 1.28607 1.38177 1.39137 1.39338 1.46069 1.43127 1.71105 1.71687 1.49609 1.44867 1.44916 1.38931 1.36532 1.36618 1.38390 1.44789 1.63107 1.66831 1.69268 1.69769 1.72568 1.53108 1.63640 1.53832 1.34962 1.35782 1.36168 1.40004 1.48690 1.60544 1.75026 1.70581 1.73907 1.78842 1.79213 1.75193 1.66790 1.68143 1.57621 1.54088 1.64288 1.64176 1.60958 1.60223 1.54917 1.53892 1.51916 0.962772 0.803907 0.779949 0.553487 0.553487
1.16418 0.619692 1.28535 1.31366 1.10529 1.09036 0.864179 0.870009 1.10464 1.10955 1.23704 1.26908 1.25360 1.31304 1.40087 1.47298 1.53802 1.48308 1.53061 1.45843 1.66640 1.74877 1.57952 1.54691 1.59070 1.54787 1.55736 1.52906 1.53854 1.58666 1.70153 1.70513 1.72742 1.73907 1.77168 1.58331 1.58757 1.47988 1.39526 1.36223 1.35496 1.39121 1.48546 1.53744 1.72265 1.64039 1.60027 1.51222 1.45150 1.42700 1.43137 1.48209 1.43256 1.42591 1.51278 1.50575 1.47257 1.42956 1.41886 1.42402 1.45394 0.842767 0.699380 0.699380 0.553487 0.553487
1.12178 0.516410 0.808743 1.43710 1.24648 1.17479 1.26093 1.27984 1.33730 1.41714 1.35517 1.48479 1.49193 1.50462 1.50860 1.51484 1.54705 1.52230 1.53332 1.45843 1.50673 1.60178 1.53567 1.50177 1.49915 1.43710 1.41591 1.37930 1.36420 1.42496 1.62069 1.62326 1.64872 1.66259 1.67622 1.43470 1.42515 1.27435 1.26449 1.25412 1.23718 1.24788 1.31504 1.32687 1.45531 1.43096 1.40592 1.33854 1.31309 1.29406 1.27343 1.33306 1.35751 1.40860 1.41412 1.39031 1.39332 1.35309 1.39062 1.41894 1.45881 1.45881 0.591805 0.589526 0.516588 0.516588
1.29748 0.851442 1.07796 1.34723 1.39308 1.43791 1.48717 1.58936 1.66897 1.69851 1.34971 1.38604 1.38884 1.32756 1.32930 1.33119 1.30495 1.36594 1.39003 1.40137 1.42892 1.47022 1.42401 1.40121 1.39827 1.36722 1.35081 1.32430 1.30490 1.34719 1.57478 1.59931 1.69535 1.62882 1.60094 1.32290 1.28353 1.17748 1.17038 1.19229 1.22861 1.27699 1.36107 1.39580 1.40514 1.31272 1.31372 1.32035 1.29862 1.31612 1.33172 1.37917 1.37785 1.40864 1.40298 1.37633 1.38181 1.35129 1.38152 1.38751 1.40143 1.36946 0.531886 0.510087 0.516588 0.516588
2.26532 2.18478 2.07866 1.92547 1.83829 1.77789 1.75292 1.75292 1.73540 1.73540 1.47040 1.36839 1.41277 1.38035 1.40451 1.43983 1.45525 1.51220 1.51274 1.48486 1.47304 1.46695 1.40141 1.35392 1.31554 1.30043 1.26787 1.23041 1.22288 1.24948 1.44272 1.47904 1.57638 1.44682 1.38187 1.28658 1.31329 1.33655 1.35669 1.36286 1.39144 1.41186 1.45861 1.47166 1.48074 1.39908 1.42245 1.40656 1.34631 1.34890 1.32264 1.35294 1.35294 1.37491 1.35796 1.29263 1.27719 1.21984 1.18401 1.19769 1.27258 1.29976 0.553487 0.553487 0.645734 0.645734
2.32920 2.21234 2.09547 2.02201 1.85158 1.77987 1.73586 1.74688 1.76406 1.78384 1.71100 1.49818 1.54669 1.51050 1.50662 1.50222 1.48395 1.46833 1.44801 1.38425 1.36245 1.35150 1.30494 1.28813 1.27153 1.26822 1.30822 1.33306 1.35036 1.33683 1.30399 1.31975 1.40321 1.39209 1.39706 1.33659 1.33588 1.33588 1.33906 1.35211 1.28679 1.46246 1.52553 1.54611 1.56182 1.48317 1.46607 1.46004 1.36710 1.35264 1.29944 1.27952 1.22123 1.15142 1.16441 1.13725 1.16011 1.15369 1.16011 1.16947 1.23456 1.30116 0.717483 0.717483 0.807168 0.807168
2.39738 2.29114 2.21234 2.20082 1.85660 1.84619 1.83579 1.84921 1.84921 1.84859 1.85858 1.62212 1.53520 1.51433 1.49125 1.49012 1.43816 1.39936 1.37868 1.31610 1.31610 1.36506 1.40117 1.45703 1.43609 1.45249 1.34361 1.26803 1.26391 1.30754 1.28763 1.37780 1.42623 1.41791 1.43117 1.37917 1.38436 1.41210 1.44702 1.47756 1.42732 1.55076 1.57461 1.57503 1.56246 1.48684 1.41566 1.39134 1.28331 1.21684 1.21088 1.12084 1.11783 1.12755 1.18832 1.17795 1.16941 1.18926 1.22608 1.26693 1.29460 1.37245 1.22073 0.717483 0.807168 0.802279
2.45420 2.32249 2.25943 2.25943 1.91349 1.88588 1.88795 1.89276 1.89639 1.89933 1.89823 1.78161 1.62628 1.60681 1.60338 1.55383 1.50586 1.60626 1.67624 1.58337 1.62069 1.49186 1.44145 1.44394 1.32659 1.34445 1.25037 1.20652 1.20652 1.20895 1.28593 1.36573 1.44275 1.48278 1.49667 1.48814 1.50117 1.51126 1.51126 1.51418 1.50763 1.37537 1.48011 1.44837 1.43002 1.40620 1.34346 1.35240 1.31195 1.22541 1.21310 1.15258 1.16336 1.22606 1.29230 1.31100 1.29306 1.26519 1.24916 1.23999 1.13081 1.15662 0.999894 0.610387 0.627699 0.570556
2.32509 2.22288 2.27757 2.28236 2.00334 1.90492 1.89823 1.89823 1.89823 1.89935 1.89823 1.83923 1.70921 1.77079 1.85225 1.95388 1.85640 1.97877 1.82116 1.52571 1.52491 1.53326 1.53326 1.53857 1.44318 1.33060 1.26093 1.24650 1.27547 1.30427 1.44854 1.48876 1.57785 1.62753 1.60912 1.54314 1.48720 1.46538 1.44359 1.42455 1.42393 1.30842 1.43132 1.42987 1.42987 1.41863 1.34366 1.33652 1.36165 1.27504 1.27937 1.33844 1.33590 1.31595 1.28862 1.31274 1.29618 1.33814 1.36081 1.37525 1.28110 1.15217 0.915314 0.558434 0.614277 0.614277
2.29890 2.20250 2.28673 2.28673 2.09373 1.89822 1.88355 1.87351 1.87364 1.87357 1.87740 1.87139 1.98179 1.84260 1.68226 1.75140 1.62541 1.83467 1.67568 1.36613 1.36704 1.41659 1.42895 1.48893 1.41122 1.34390 1.36515 1.33038 1.33237 1.33427 1.49957 1.53809 1.50379 1.51670 1.49113 1.43646 1.42265 1.42255 1.42255 1.41763 1.41136 1.35140 1.37610 1.42115 1.44176 1.41111 1.37854 1.33802 1.41334 1.31145 1.38160 1.39726 1.35395 1.40145 1.32024 1.33697 1.31076 1.31723 1.29416 1.26448 1.18062 1.14606 0.937723 0.937723 0.623035 0.623035
2.25027 2.16049 2.20461 2.19129 2.17623 2.09963 2.12756 2.13424 2.02477 1.88478 1.76553 1.67127 1.80922 1.80567 1.70871 1.80681 1.64512 1.76917 1.53865 1.31282 1.34076 1.43310 1.45049 1.49426 1.40352 1.33272 1.34543 1.32967 1.34339 1.35712 1.47106 1.64244 1.46799 1.48827 1.48269 1.46349 1.41558 1.40788 1.41859 1.43394 1.46473 1.45366 1.46700 1.45555 1.42120 1.36138 1.40759 1.46973 1.51580 1.43357 1.41931 1.40427 1.31958 1.31945 1.20356 1.19042 1.17596 1.21947 1.21936 1.21936 1.17240 1.16854 0.949887 0.931196 0.613416 0.611740
2.04467 2.05810 2.13557 2.13978 2.09365 2.03962 1.89643 1.78911 1.77793 1.79751 1.82100 1.82100 1.95259 2.05375 1.90041 2.02036 1.86634 1.92997 1.79773 1.64878 1.64878 1.67764 1.59303 1.71178 1.60541 1.53291 1.52551 1.45929 1.45334 1.44823 1.50832 1.71355 1.56136 1.52596 1.52254 1.51220 1.46498 1.43380 1.39300 1.37040 1.37325 1.28327 1.30638 1.32969 1.34616 1.29729 1.31885 1.43970 1.45080 1.37865 1.31546 1.31999 1.24359 1.27388 1.17613 1.20429 1.20371 1.26761 1.25992 1.25504 1.22124 1.21921 1.09286 0.990943 0.752098 0.752098
1.96262 1.95619 1.94525 1.91974 1.89644 1.86101 1.79751 1.79751 1.79751 1.82100 1.85443 1.86277 1.88305 2.13440 2.00303 2.07811 1.90294 1.95674 1.88355 1.74167 1.75389 1.74690 1.66111 1.74296 1.66923 1.59951 1.60036 1.60036 1.59465 1.56083 1.55829 1.68867 1.59969 1.47697 1.40504 1.36219 1.28075 1.27521 1.32311 1.36583 1.40466 1.35747 1.33034 1.33576 1.33990 1.22948 1.20901 1.36831 1.47455 1.45005 1.36091 1.42630 1.31224 1.33059 1.20568 1.23115 1.22929 1.28960 1.25848 1.25848 1.22403 1.23507 1.27172 1.09152 0.751503 0.747105
1.90004 1.93212 1.96653 1.97971 1.96653 1.95247 1.80425 1.82452 1.81660 1.83989 1.86949 1.85945 1.85555 2.18102 2.16394 2.30847 2.20679 2.21896 2.24368 1.87172 1.83773 1.81295 1.75197 1.67731 1.57805 1.50876 1.53989 1.56796 1.56170 1.61187 1.64838 1.63027 1.39256 1.27200 1.20547 1.20233 1.15609 1.12691 1.16740 1.18133 1.22020 1.15736 1.12678 1.16199 1.16199 1.09968 1.20876 1.31533 1.50568 1.51554 1.44460 1.41131 1.31911 1.33996 1.27831 1.29907 1.29907 1.36110 1.38885 1.43005 1.44242 1.46072 1.43633 1.11376 0.995383 0.826573
1.92450 1.93041 1.95540 1.96781 1.96059 1.96495 1.78746 1.95182 2.11021 2.20863 2.25943 2.35278 2.48588 2.52728 2.39323 2.38104 2.17689 2.13782 2.13782 1.98027 1.87678 1.83214 1.78726 1.75355 1.73911 1.76575 1.80599 1.80599 1.73778 1.76140 1.72956 1.77139 1.48774 1.33000 1.22627 1.16637 1.12441 1.12514 1.17686 1.21222 1.25738 1.21222 1.20077 1.25280 1.28780 1.26172 1.46565 1.43800 1.68350 1.61956 1.54751 1.41679 1.31911 1.35802 1.36956 1.42174 1.44864 1.47669 1.46083 1.45287 1.44632 1.44532 1.44633 1.17036 1.00516 0.826573
1.92566 1.93602 1.96723 1.98757 2.14170 2.45620 2.55316 2.53101 2.53782 2.48189 2.41198 2.41198 2.48189 2.46655 2.46526 2.34233 2.15805 2.09215 2.01010 1.85459 1.70717 1.67930 1.64467 1.63137 1.62656 1.65119 1.82354 1.82555 1.76150 1.79131 1.77521 1.85236 1.52421 1.30828 1.20522 1.17599 1.18634 1.22452 1.28208 1.31254 1.40061 1.41261 1.46696 1.43007 1.43007 1.36152 1.41762 1.29262 1.51820 1.48774 1.56430 1.44033 1.43523 1.45458 1.44107 1.44666 1.44324 1.43230 1.40264 1.37753 1.34349 1.33098 1.32211 1.29303 1.12711 0.447800
