High_resolution/powerplant/Fengdu/OMI_NO2_200512.asc
ncols      200
nrows      200
xllcorner       105.978
yllcorner       28.1831
cellsize     0.0166667
NODATA_Value      -999.000
[rows 150 to 179 of 200, columns 66 to 131 of 200]
0.00000 0.00000 9.67891 9.67891 9.67891 9.67891 9.67891 9.67891 9.67891 9.67891 9.67891 9.58372 8.87926 6.74741 4.47921 4.09525 4.00344 4.00344 4.00344 4.00344 4.00344 4.00344 4.00344 4.00344 3.12065 2.14146 2.14188 2.14209 2.25355 2.51583 2.48729 2.46398 2.44455 2.42809 2.41402 2.40578 2.40560 2.40560 2.40560 2.91941 3.37505 3.37505 3.37505 3.00181 2.89942 3.57583 3.24104 2.87813 2.53810 2.51094 2.51094 2.51094 2.51094 2.51094 2.24798 1.96886 1.96886 1.96886 2.20051 2.36317 1.89587 1.89587 1.89587 1.89587 2.44550 3.03407
0.00000 0.00000 0.00000 9.67891 9.67891 9.67891 9.67891 9.51149 8.75099 7.93919 7.12739 6.41077 6.30343 6.14659 4.03681 4.00344 4.00344 4.00344 4.00344 4.00344 4.00414 4.02094 4.04434 4.06772 3.73592 2.25295 2.27637 2.29954 2.32036 2.40560 2.40560 2.40560 2.40560 2.40560 2.40560 2.40560 2.40560 2.40560 2.40560 2.70778 3.76994 4.16565 4.49197 4.65623 4.30035 3.20158 2.51094 2.51094 2.51094 2.51094 2.51094 2.51094 2.51094 2.51094 2.38209 1.96886 1.96886 1.96886 2.05186 2.55181 1.92027 1.89587 1.89587 1.89587 2.07140 3.03296
0.00000 0.00000 0.00000 9.32217 8.62272 7.81092 6.99946 6.35508 6.30343 6.30343 6.30343 6.30343 6.30343 6.30343 4.34693 4.04698 4.07039 4.09379 4.11718 4.14060 4.16327 4.16989 4.16989 4.16989 4.15610 2.54003 2.30833 2.30833 2.30833 2.39312 2.40560 2.40560 2.40560 2.40560 2.40560 2.51897 3.02994 3.48485 3.86158 4.19421 4.86414 4.87642 4.87642 4.87262 4.34395 3.73861 2.51094 2.51094 2.51094 2.51094 2.51094 2.51094 2.51094 2.51094 2.49663 1.98854 1.96886 1.96886 1.96911 2.44317 1.91310 1.69800 1.61904 1.54027 1.46099 2.47617
0.00000 0.00000 0.00000 6.30343 6.30343 6.30343 6.30343 6.30343 6.30343 6.30343 6.30343 6.30343 6.30343 6.30343 4.88830 4.16989 4.16989 4.16989 4.16989 4.16989 4.16989 4.16989 4.16989 4.16989 4.16989 3.06515 2.30833 2.30833 2.30833 2.36861 2.40560 2.64331 3.16647 3.59709 3.95560 4.20748 4.23012 4.23012 4.23012 4.23012 4.73262 4.87642 4.87642 4.87642 4.48469 4.16143 2.51791 2.51094 2.51094 2.51094 2.51094 2.49626 2.45240 2.40778 2.36313 1.67737 1.32051 1.20217 1.08391 1.41121 1.43218 1.26066 1.22355 1.18206 1.19405 1.85777
0.00000 0.00000 0.00000 0.00000 6.30343 6.30343 6.30343 6.30343 6.30343 6.30343 6.30343 6.30343 6.30343 6.30343 5.47755 4.16989 4.16989 4.16989 4.16989 4.16989 4.16989 4.16989 4.16989 4.16989 4.16989 3.56939 2.31667 2.70805 3.21367 3.65697 4.04533 4.22818 4.23012 4.23012 4.23012 4.23012 4.23012 4.23012 4.23012 4.23012 4.57104 4.87642 4.87642 4.87307 4.59969 4.24159 2.85108 2.33353 2.28878 2.24413 2.19951 2.16954 2.16879 2.17322 2.25870 1.74784 1.14108 1.19635 1.26209 1.30278 1.35251 1.41354 1.67878 1.91703 2.13702 1.98905
0.00000 0.00000 0.00000 0.00000 6.30343 6.30343 6.30343 6.30343 6.30343 6.30343 6.30343 6.30343 6.30343 6.30343 6.20180 4.21410 4.16989 4.16989 4.16989 4.16989 4.16989 4.16989 4.15409 3.92755 3.56074 2.97525 3.99122 4.16527 4.16527 4.17276 4.23011 4.23012 4.23012 4.23012 4.23012 4.23012 4.21768 4.19007 4.16236 4.13472 4.28272 4.70856 4.67882 4.65243 4.54463 4.07225 3.35175 2.34257 2.48532 2.65222 2.84964 3.08720 3.37875 3.72751 3.83490 3.31338 2.24384 2.78266 3.17431 3.27030 2.63268 2.41546 2.50078 2.59910 2.63511 2.62056
0.00000 0.00000 0.00000 0.00000 6.30343 6.30343 6.30343 6.30343 6.30343 6.30343 6.30343 6.30343 6.30343 6.30343 6.30343 4.50644 4.16989 4.16989 4.13542 3.87399 3.48948 2.95985 2.24225 2.03635 2.03635 2.04259 3.73593 4.16527 4.16395 4.14284 4.17118 4.15234 4.12470 4.09699 4.06935 4.04168 4.02642 4.02640 4.02476 4.00425 4.00724 4.56257 4.54844 4.52256 4.49441 5.52900 5.61102 3.83490 3.83490 3.83490 3.83490 3.96407 4.25309 4.46035 4.61401 4.68887 3.63463 3.59895 3.59895 3.59721 2.70213 2.63511 2.63511 2.63511 2.63511 2.63511
0.00000 0.00000 0.00000 0.00000 6.30343 6.30343 6.30343 6.30343 6.30343 6.30343 6.30343 6.30343 6.30343 6.30343 6.30343 4.61118 3.41402 2.85333 2.15419 2.03635 2.03635 2.10727 2.54497 2.94215 3.26069 3.52151 3.42635 3.99447 3.96811 3.96155 4.00119 4.01963 3.99471 3.96882 3.94295 3.91694 3.89114 3.86521 3.84098 3.83560 3.83560 4.31848 4.45752 4.45752 4.45752 5.28183 5.84078 4.30798 4.34811 4.53004 4.66732 4.74098 4.74262 4.74262 4.74262 4.74262 3.88395 3.59895 3.59895 3.59895 2.88740 2.63511 2.63511 2.63511 2.63511 2.63511
0.00000 0.00000 0.00000 0.00000 0.00000 6.30343 6.30343 6.30343 6.30343 6.30343 6.30343 6.30343 6.30343 6.30343 6.20688 3.76656 2.97815 3.29035 3.54610 3.76040 3.94188 4.07994 4.09814 4.09814 4.07791 4.02233 3.22313 3.82161 3.79858 3.76113 3.77129 3.83659 3.83560 3.83560 3.83560 3.83560 3.83560 3.83560 3.83560 3.83560 3.83560 4.16211 4.42932 4.24048 4.02583 4.17423 4.57491 4.64298 4.74262 4.74262 4.74262 4.74262 4.74262 4.74262 4.74262 4.74262 4.16758 3.59895 3.59895 3.59895 3.11172 2.63511 2.63511 2.63511 2.63511 2.63511
0.00000 0.00000 0.00000 0.00000 0.00000 6.30343 6.30343 6.30343 6.30343 6.30343 6.30343 6.15992 6.15992 6.15992 6.15992 6.10018 4.15731 4.07292 4.01675 3.96057 3.90431 3.84810 3.79196 3.73571 3.69980 3.69916 3.29517 3.34819 3.69557 3.69557 3.71025 3.83549 3.83560 3.83560 3.83560 3.83560 3.83560 3.83560 3.76727 3.55730 3.34301 3.29967 3.56447 3.53903 3.53903 3.66169 4.47929 4.56477 4.74262 4.74262 4.74262 4.74262 4.74262 4.74262 4.74262 4.74262 4.45098 3.59895 3.59895 3.59895 3.38761 2.63511 2.64554 2.73736 2.84588 2.95475
0.00000 0.00000 0.00000 0.00000 0.00000 6.30343 0.00000 0.00000 0.00000 0.00000 0.00000 0.00000 6.15992 6.15992 6.15992 6.15992 4.15254 3.69924 3.69916 3.69916 3.69916 3.69916 3.69916 3.69916 3.69916 3.69916 3.68009 2.91198 3.69557 3.69557 3.69557 3.81453 3.83560 3.83487 3.71069 3.49640 3.28203 3.06765 2.92143 2.91711 2.91711 2.94510 3.52637 3.53903 3.53903 3.54355 4.38101 4.49301 4.73612 4.74262 4.74262 4.74262 4.74262 4.74262 4.74780 4.82202 4.87734 4.09596 4.24119 4.40449 4.56264 3.47465 3.48760 3.50464 3.50464 3.50285
0.00000 0.00000 0.00000 0.00000 0.00000 0.00000 0.00000 0.00000 0.00000 0.00000 0.00000 0.00000 6.15992 6.15992 6.15992 6.15992 4.63654 3.69916 3.69916 3.69916 3.69916 3.69916 3.69916 3.69916 3.69916 3.69916 3.69916 2.69304 3.69557 3.68115 3.50966 3.37898 3.22086 3.00721 2.91711 2.91711 2.91711 2.91711 2.91711 2.91711 2.91711 2.91711 3.39754 3.53903 3.53903 3.53903 4.09547 4.52549 4.81331 4.97957 5.07495 5.17033 5.26564 5.36110 5.45115 5.47238 5.47238 5.04014 4.90325 4.90325 4.90325 3.84564 3.48109 3.46565 3.44312 3.42237
0.00000 0.00000 0.00000 0.00000 0.00000 0.00000 0.00000 0.00000 0.00000 0.00000 0.00000 0.00000 6.15992 6.15992 6.15992 6.15992 5.36200 3.69916 3.69916 3.69916 3.69916 3.69916 3.69916 3.69916 3.69916 3.73680 3.92485 3.36244 3.01797 2.81997 2.77707 2.82546 2.91711 2.91711 2.91711 2.91711 2.91711 2.91711 2.91711 2.92199 2.95416 2.99065 3.39558 3.80209 3.86567 3.92921 4.39118 5.20906 5.32323 5.47238 5.47238 5.47238 5.47238 5.47238 5.47238 5.47238 5.47238 5.18106 4.89938 4.87507 4.84776 4.09580 3.39673 3.38965 3.38965 3.38965
0.00000 0.00000 0.00000 0.00000 0.00000 0.00000 0.00000 0.00000 0.00000 0.00000 0.00000 0.00000 6.15992 6.15992 6.15992 6.15992 6.11893 3.78815 3.69916 3.69916 3.69916 3.75887 3.95289 4.11717 4.25299 4.35007 4.36006 4.10177 2.85631 2.77707 2.77707 2.79038 2.93074 2.96717 3.00369 3.04012 3.07661 3.11307 3.14952 3.18113 3.18539 3.18539 3.44430 4.18011 4.30807 4.44971 4.72872 5.20906 5.24503 5.47233 5.47238 5.47238 5.47238 5.47238 5.46016 5.43287 5.40558 5.22785 4.78569 4.78270 4.78270 4.45992 3.38965 3.38965 3.38965 3.38965
0.00000 0.00000 0.00000 0.00000 0.00000 0.00000 0.00000 0.00000 0.00000 0.00000 0.00000 0.00000 0.00000 6.15992 6.15992 6.15992 6.15992 4.23931 3.97997 4.13944 4.27149 4.35586 4.36006 4.36006 4.35958 4.31375 4.23794 4.15296 3.10277 2.94961 2.98604 3.02253 3.16266 3.18539 3.18682 3.23571 3.31325 3.39868 3.49356 3.59930 3.71797 3.85221 4.00379 5.18386 5.20906 5.20906 5.20906 5.20906 5.20906 5.42830 5.44887 5.42157 5.39424 5.36695 5.35187 5.35184 5.35184 5.32918 4.79585 4.78270 4.78270 4.77457 3.46990 3.38965 3.38965 3.38965
0.00000 0.00000 0.00000 0.00000 0.00000 0.00000 0.00000 0.00000 0.00000 0.00000 0.00000 0.00000 0.00000 6.06731 6.03171 5.97929 5.94051 5.09155 4.30649 4.23090 4.15509 4.07933 4.00363 3.92793 3.85255 3.82278 3.82278 3.83282 3.51185 3.23255 3.32955 3.44920 3.61790 3.76330 3.90053 3.94884 3.94884 3.94884 3.94884 3.94884 3.94884 3.94884 3.94884 4.92562 5.20906 5.15805 4.93277 4.69312 4.45347 4.85476 5.35184 5.35184 5.35184 5.35184 5.35184 5.35184 5.35184 5.35184 4.91408 4.78270 4.78270 4.78270 3.73142 3.38965 3.38965 3.38965
0.00000 0.00000 0.00000 0.00000 0.00000 0.00000 0.00000 0.00000 5.68186 5.68186 5.68186 5.68186 5.68186 5.67071 5.48909 5.37545 5.26198 4.83763 3.82278 3.82278 3.84022 3.95433 4.09481 4.25027 4.42389 4.61874 4.83899 5.06769 4.73415 4.03947 3.94884 3.94884 3.94884 3.94884 3.94884 3.94884 3.94884 3.94884 3.94884 3.94884 3.94884 3.84405 3.60492 4.02972 4.38563 4.19720 4.18273 4.18273 4.18273 4.47154 5.35184 5.35184 5.35184 5.35184 5.35184 5.35184 5.35184 5.35184 5.05503 4.78270 4.78270 4.78270 4.05070 3.38965 3.38965 3.38965
0.00000 0.00000 0.00000 0.00000 0.00000 0.00000 0.00000 0.00000 5.68186 5.68186 5.68186 5.68186 5.68186 5.63962 5.12233 5.11498 5.11498 5.10686 4.65043 4.86935 5.08612 5.11498 5.11498 5.11498 5.11498 5.11498 5.11498 5.11498 4.95753 4.12281 3.94884 3.94884 3.94884 3.94884 3.94884 3.94884 3.94309 3.77683 3.53718 3.29743 3.05798 2.92292 2.92251 3.27222 4.18273 4.18273 4.18273 4.18273 4.18273 4.20219 5.27561 5.35184 5.35184 5.35184 5.35184 5.35184 5.35184 5.35184 5.17663 4.87333 4.94258 5.01172 4.71706 3.63507 3.68121 3.72734
0.00000 0.00000 0.00000 0.00000 0.00000 0.00000 0.00000 0.00000 5.68186 5.68186 5.68186 5.68186 5.68186 5.68186 5.19298 5.11498 5.11498 5.11498 5.11498 5.11498 5.11498 5.11498 5.11498 5.11498 5.11498 5.11498 5.11498 5.11498 5.11016 4.27479 3.95124 3.94884 3.91887 3.70909 3.46954 3.22978 2.99589 2.92251 2.92251 2.92251 2.92251 2.92251 2.92251 2.98113 4.16004 4.18273 4.18273 4.18273 4.18273 4.18273 4.93631 5.21997 5.07800 4.93615 4.79430 4.65223 4.51037 4.36841 4.31903 5.31640 5.33630 5.33630 5.32308 4.21247 4.34840 4.55006
0.00000 0.00000 0.00000 0.00000 0.00000 0.00000 0.00000 0.00000 5.68186 5.68186 5.68186 5.68186 5.68186 5.68186 5.30223 5.11498 5.11498 5.11498 5.11498 5.11498 5.11498 5.11498 5.11498 5.11498 5.11498 5.11498 5.11498 5.11498 5.06608 4.28946 3.49789 3.16205 2.95248 2.92251 2.92251 2.92251 2.92251 2.92251 2.92251 2.92251 2.92251 2.92251 2.92251 2.95177 3.75958 3.81708 3.67522 3.53315 3.39130 3.24933 3.54149 4.26650 4.26650 4.26650 4.26650 4.26650 4.26650 4.26650 4.26650 5.10212 5.33630 5.38764 5.60243 5.82931 6.05633 6.27553
0.00000 0.00000 0.00000 0.00000 0.00000 0.00000 0.00000 0.00000 5.68186 5.68186 5.68186 5.68186 5.68186 5.68186 5.45620 5.11498 5.11498 5.11498 5.11498 5.11498 5.11498 5.11498 5.11498 5.11498 5.04159 4.85728 4.67160 4.48611 4.34938 3.96772 3.19977 2.92251 2.92251 2.92251 2.92251 2.92633 2.97115 3.02728 3.08320 3.13921 3.19526 3.25127 3.30727 3.33402 3.20845 3.09739 3.09739 3.09739 3.09739 3.09739 3.18647 4.25270 4.26650 4.26650 4.26650 4.26650 4.26730 4.39851 4.62562 5.42487 6.14932 6.32497 6.33718 6.33718 6.33718 6.33718
0.00000 0.00000 0.00000 0.00000 0.00000 0.00000 0.00000 0.00000 0.00000 5.68186 5.68186 5.68186 5.68186 5.68186 5.65013 5.12511 5.11498 5.11498 5.11498 5.11475 5.01270 4.82700 4.64153 4.45590 4.34366 4.34250 4.34250 4.34250 4.33925 4.17055 3.48315 3.10263 3.15867 3.21468 3.27069 3.32291 3.33402 3.33402 3.33402 3.33402 3.33402 3.33402 3.33402 3.33402 3.26718 3.09739 3.09739 3.09739 3.09739 3.09739 3.09739 3.99620 4.29402 4.49150 4.71850 4.94560 5.17180 5.26738 5.26738 5.57623 6.33718 6.33718 6.33718 6.33718 6.33718 6.33718
0.00000 0.00000 0.00000 0.00000 0.00000 0.00000 0.00000 0.00000 0.00000 5.68186 5.68186 5.68186 5.68186 5.68186 5.68186 5.19529 4.98250 4.79695 4.61132 4.42601 4.34250 4.33794 4.32209 4.30318 4.28083 4.25399 4.22111 4.18001 4.14009 4.13476 3.87809 3.39773 3.33402 3.33402 3.33402 3.33402 3.33402 3.33402 3.33402 3.33402 3.33402 3.33402 3.33402 3.33402 3.32228 3.10143 3.09739 3.09739 3.13494 3.24765 3.36233 4.21697 5.23806 5.26738 5.26738 5.26738 5.26738 5.26738 5.26738 5.32686 6.32306 6.33718 6.33718 6.33718 6.33718 6.33718
0.00000 0.00000 0.00000 0.00000 0.00000 0.00000 0.00000 0.00000 0.00000 5.68186 5.68186 5.65560 5.35665 4.98540 4.61415 4.33509 4.30072 4.27788 4.25041 4.21671 4.17439 4.13826 4.13691 4.13691 4.13691 4.13691 4.13691 4.13691 4.13691 4.13691 3.92101 3.55605 3.33402 3.33402 3.33402 3.33402 3.33402 3.33402 3.33402 3.33402 3.33402 3.33402 3.33402 3.33451 3.40244 3.33174 3.39543 3.51014 3.58751 3.58958 3.58958 3.89007 5.26738 5.26738 5.26738 5.26738 5.26738 5.26738 5.26738 5.26738 6.11931 6.33718 6.33718 6.33718 6.33718 6.33718
0.00000 0.00000 0.00000 0.00000 0.00000 0.00000 0.00000 0.00000 0.00000 0.00000 4.57135 4.20890 4.13691 4.13691 4.13691 4.13691 4.13691 4.13691 4.13691 4.13691 4.13691 4.13691 4.13691 4.13691 4.13691 4.13691 4.13691 4.13691 4.13691 4.13691 3.97870 3.71531 3.33402 3.33402 3.33402 3.33402 3.33402 3.33402 3.33402 3.34249 3.43546 3.55024 3.66512 3.77936 3.82621 3.69961 3.58958 3.58958 3.58958 3.58958 3.58958 3.59243 5.07128 5.26738 5.26738 5.26738 5.26738 5.26738 5.26738 5.26738 5.85577 6.33579 6.28240 6.20241 6.12287 6.04365
0.00000 0.00000 0.00000 0.00000 0.00000 0.00000 0.00000 0.00000 0.00000 0.00000 4.13691 4.13691 4.13691 4.13691 4.13691 4.13691 4.13691 4.13691 4.13691 4.13691 4.13691 4.13691 4.13691 4.13691 4.13691 4.13691 4.13691 4.13691 4.13691 4.13691 4.06144 3.85076 3.35790 3.33402 3.33402 3.35991 3.46854 3.58327 3.69810 3.80446 3.82621 3.82621 3.82621 3.82621 3.82621 3.75869 3.58958 3.58958 3.58958 3.58958 3.58958 3.58958 4.58055 5.26738 5.32314 5.48056 5.66330 5.87676 6.12961 6.43361 6.38335 5.72840 5.70238 5.70238 5.70238 5.70238
0.00000 0.00000 0.00000 0.00000 0.00000 0.00000 0.00000 0.00000 0.00000 0.00000 4.13691 4.13691 4.13691 4.13691 4.13691 4.13691 4.13691 4.13691 4.13691 4.13691 4.13691 4.13691 4.13691 4.13691 4.13691 4.13691 4.13691 4.13691 4.13691 4.13691 4.13562 4.01263 3.75284 3.61639 3.73107 3.82001 3.82621 3.82621 3.82621 3.82621 3.82621 3.82621 3.82621 3.82621 3.82621 3.81372 3.59734 3.62287 3.66051 3.70429 3.75590 3.81751 4.71265 7.08940 7.40759 7.41101 7.41101 7.41101 7.41101 7.41101 7.20305 5.71019 5.70238 5.70238 5.67334 5.58427
0.00000 0.00000 0.00000 0.00000 0.00000 0.00000 0.00000 0.00000 0.00000 0.00000 0.00000 4.13691 4.13691 4.13691 4.13691 4.13691 4.13691 4.13691 4.13691 4.13691 4.13691 4.13691 4.13691 4.13691 4.13691 4.13691 4.14173 4.46046 4.93144 5.32610 5.66181 5.15786 4.61263 3.82621 3.82621 3.82621 3.82621 3.82621 3.82621 3.83278 3.85037 3.87088 3.89504 3.92383 3.95884 4.00217 4.04402 4.05540 4.05540 4.05540 4.05540 4.05540 4.18225 7.29122 7.41101 7.41101 7.41101 7.41101 7.41101 7.40684 7.28122 5.71109 5.45551 5.36459 5.30262 5.30078
0.00000 0.00000 0.00000 0.00000 0.00000 0.00000 0.00000 0.00000 0.00000 0.00000 0.00000 4.13691 4.13691 4.13691 4.13691 4.13691 4.13691 4.14243 4.15535 4.16617 4.17525 4.18300 4.20008 4.45618 4.77860 5.06444 5.32933 5.45235 5.45235 5.45235 5.45235 5.14300 5.02741 3.86674 3.87943 3.90520 3.93609 3.97392 4.02117 4.05513 4.05540 4.05540 4.05540 4.05540 4.05540 4.05540 4.05540 4.05540 4.05540 4.05540 4.05540 4.05540 4.05540 6.43084 7.41101 7.37495 7.20547 7.02371 6.84162 6.66396 6.60781 5.66889 5.30078 5.30078 5.30078 5.30078
0.00000 0.00000 0.00000 0.00000 0.00000 0.00000 0.00000 0.00000 0.00000 0.00000 0.00000 4.13691 4.13691 4.13691 4.13691 4.13691 4.18290 4.20878 4.23195 4.47618 4.77525 5.07444 5.36506 5.45235 5.45235 5.45235 5.45235 5.45235 5.45235 5.45235 5.45235 5.45235 6.03782 4.59510 4.05540 4.05540 4.05540 4.05540 4.05540 4.05540 4.05540 4.05540 4.05540 4.05540 4.05540 4.05540 4.05540 4.05540 4.05540 4.05540 4.05540 4.08511 4.14804 5.35126 6.76620 6.62026 6.60781 6.60781 6.60781 6.60781 6.60781 5.98466 5.30078 5.30078 5.30078 5.30078
