High_resolution/powerplant/Fengdu/OMI_NO2_200702.asc
ncols      200
nrows      200
xllcorner       105.978
yllcorner       28.1831
cellsize     0.0166667
NODATA_Value      -999.000
[rows 60 to 89 of 200, columns 0 to 65 of 200]
2.14038 2.14038 2.14038 2.17964 2.19492 2.19492 2.19492 2.19385 1.94682 1.93361 2.49617 2.52636 2.54416 2.56172 2.57697 2.58900 2.60136 2.61780 2.64846 2.68809 2.67721 2.66638 2.65548 2.63782 2.61485 3.52531 3.66331 3.66331 3.66331 4.00363 4.12943 4.12943 4.12943 4.12943 4.19440 4.26251 4.26251 4.26251 4.26251 4.26251 5.97734 6.52218 6.52218 6.52218 6.52218 6.52218 6.52218 6.52218 6.52218 6.52218 6.64547 6.66608 6.62650 6.62650 6.62650 5.95381 5.61978 5.61601 5.59772 5.57801 5.55829 5.53862 5.51888 5.49918 5.48197 5.47953
2.14038 2.13451 2.09058 2.08935 2.11933 2.09397 2.06860 2.04430 2.00835 1.99763 2.52934 2.69620 2.70242 2.70863 2.71485 2.72106 2.72711 2.72895 2.72895 2.61761 2.60206 2.60206 2.60206 2.60206 2.60206 3.24293 3.66331 3.66331 3.66331 3.90304 4.12943 4.12943 4.12943 4.12943 4.16140 4.26251 4.26251 4.26251 4.26251 4.26251 5.38213 6.52218 6.52218 6.52218 6.52218 6.52218 6.52218 6.52218 6.52218 6.52218 6.57671 6.54788 6.35456 6.22160 6.08828 5.77149 5.49688 5.48093 5.47953 5.47953 5.47953 5.47953 5.47953 5.47953 5.47953 5.47953
1.87806 1.83320 1.82639 1.85261 2.07110 2.08202 2.09135 2.10067 2.07911 2.04282 2.38370 2.72895 2.72895 2.72895 2.72895 2.72895 2.72895 2.72895 2.72895 2.64933 2.60206 2.60206 2.60206 2.60206 2.60206 2.96014 3.66331 3.66331 3.66331 3.80253 4.12943 4.12943 4.12943 4.12943 4.13311 4.25784 4.26251 4.26251 4.26251 4.26251 4.78631 6.52218 6.52218 6.51178 6.40301 6.26977 6.13672 6.00349 5.87034 5.73720 5.64841 5.79460 5.71395 5.71395 5.71395 5.68074 5.47953 5.47953 5.47953 5.47953 5.47953 5.47953 5.47953 5.47953 5.47328 5.45332
1.82639 1.82639 1.82639 1.81953 2.02287 2.00463 1.95878 2.07005 2.09982 2.04282 2.19905 2.72895 2.72895 2.72895 2.72895 2.72895 2.72895 2.72895 2.72895 2.68105 2.60206 2.60206 2.60206 2.60206 2.60206 2.68537 3.65567 3.66331 3.66331 3.70270 4.12878 4.12943 4.12943 4.12943 4.12943 4.22854 4.26299 4.31142 4.39150 4.47163 4.59487 5.84822 5.75664 5.63390 5.60963 5.60963 5.60963 5.60963 5.60963 5.60963 5.60963 5.78527 5.71965 5.71395 5.71395 5.70266 5.47585 5.42748 5.40704 5.38661 5.36616 5.34571 5.32528 5.30486 5.29064 5.29017
1.65239 1.61854 1.59068 1.56914 1.74534 1.84312 1.84312 1.97555 2.11242 2.04719 2.05387 2.68958 2.72895 2.72895 2.72895 2.72895 2.72895 2.72895 2.72895 2.71302 2.60206 2.60206 2.60206 2.60206 2.60206 2.60206 3.45624 3.66331 3.66331 3.66331 4.08964 4.22884 4.30886 4.38899 4.46907 4.61530 4.76188 4.79353 4.79353 4.79353 4.79353 5.36822 5.60963 5.60963 5.60963 5.60963 5.62722 5.65988 5.69250 5.72521 5.75784 5.73551 5.60010 5.55430 5.53386 5.52459 5.37918 5.29017 5.29017 5.29017 5.29017 5.29017 5.29017 5.29017 5.29017 5.29017
1.56536 1.56536 1.56536 1.56536 1.67374 1.84312 1.84312 1.90811 2.11251 2.05888 2.04282 2.51598 2.72895 2.72895 2.72895 2.72895 2.72895 2.72895 2.72895 2.72895 2.61792 2.60206 2.60206 2.60775 2.72073 2.87363 3.49892 3.97331 4.05345 4.13352 4.49556 4.66045 4.66045 4.66045 4.66045 4.69355 4.79353 4.80548 4.83782 4.87044 4.90313 5.29577 5.78450 5.81722 5.84987 5.88250 5.89759 5.89759 5.89759 5.89771 5.89813 5.79055 5.54302 5.44737 5.43116 5.41508 5.31473 5.14818 5.13198 5.11586 5.09973 5.08349 5.06729 5.05105 5.03496 5.01876
1.56536 1.56536 1.56536 1.56536 1.58944 1.84080 1.84312 1.85522 2.10765 2.07271 2.04282 2.33134 2.72895 2.72895 2.72895 2.72895 2.72895 2.76436 2.90951 3.06270 3.13639 3.24209 3.39509 3.54249 3.58280 3.58280 3.74901 4.19432 4.19355 4.17076 4.35205 4.61468 4.59806 4.58145 4.56483 4.55970 5.04694 5.08506 5.08582 5.08625 5.08669 5.23239 5.90366 5.90409 5.90453 5.90497 5.90540 5.90584 5.90628 5.90659 5.90660 5.86602 5.47769 5.13791 5.13791 5.13791 5.11457 4.90398 4.90349 4.90349 4.90349 4.90349 4.90349 4.90349 4.90349 4.90349
1.56536 1.56536 1.56536 1.56536 1.56536 1.80238 1.84312 1.84312 2.03400 2.08921 2.04252 2.18628 2.94354 3.08040 3.21737 3.35408 3.49105 3.59247 3.58414 3.56784 3.50099 3.38979 3.35658 3.32317 3.28996 3.25661 3.24542 3.78267 3.76893 3.75851 3.92897 4.52735 4.52735 4.52735 4.52735 4.52735 4.95281 5.09051 5.09051 5.09051 5.09051 5.09381 5.83392 5.90660 5.90660 5.90660 5.90660 5.90660 5.90660 5.90660 5.90660 5.90627 5.60874 5.13802 5.13791 5.13791 5.13791 4.94200 4.90349 4.90349 4.90507 4.97783 5.08879 5.19959 5.31063 5.42127
1.70411 1.72386 1.74269 1.76050 1.78095 1.95809 2.09058 2.16586 2.38252 2.63152 2.26468 2.29284 3.28040 3.39423 3.37473 3.35526 3.33581 3.31631 3.29687 3.27736 3.24716 3.14699 3.14699 3.14699 3.14699 3.14699 3.14699 3.59918 3.75851 3.75851 3.78155 4.50902 4.52735 4.52735 4.52735 4.52735 4.81405 5.09051 5.09051 5.09051 5.09051 5.09051 5.62224 5.90660 5.90660 5.90660 5.90660 5.90660 5.90660 5.90660 5.90660 5.90660 5.72405 5.19239 5.07680 4.98140 4.88608 5.07436 5.43277 5.54357 5.65296 5.69099 5.69099 5.69099 5.69099 5.69099
2.03948 2.12681 2.21429 2.30166 2.38594 2.40329 2.37523 2.36070 2.41447 2.67388 2.26306 2.15287 2.82902 3.25950 3.25950 3.25950 3.25950 3.25950 3.25950 3.25950 3.25950 3.16069 3.14699 3.14699 3.14699 3.14699 3.14699 3.43608 3.75851 3.75851 3.75851 4.36633 4.52735 4.52735 4.52735 4.52735 4.67545 5.09051 5.09051 5.09051 5.09051 5.09051 5.40759 5.90660 5.90660 5.90660 5.90660 5.85985 5.76446 5.66920 5.57388 5.47837 5.26812 4.67942 4.48500 4.48500 4.48500 4.86457 5.69099 5.69099 5.69099 5.69099 5.69099 5.69099 5.69099 5.69099
2.40946 2.40946 2.40946 2.40946 2.40946 2.40107 2.29136 2.31692 2.36730 2.61467 2.33235 2.13567 2.52673 3.25950 3.25950 3.25950 3.25950 3.25950 3.25950 3.25950 3.25950 3.18886 3.14699 3.14699 3.14699 3.14699 3.14699 3.27382 3.75851 3.75851 3.75851 4.20037 4.52735 4.52735 4.52735 4.52735 4.54965 5.07750 5.09051 5.09051 5.09289 5.10093 5.19766 5.58818 5.49298 5.39759 5.30227 5.25369 5.25369 5.25369 5.25369 5.25369 5.20597 4.74829 4.48500 4.48500 4.48500 4.56351 5.67756 5.67635 5.65423 5.63210 5.60999 5.58789 5.56578 5.54371
2.41382 2.46453 2.53380 2.61181 2.70063 2.80220 2.64459 2.61773 2.61773 2.61773 2.43826 2.13567 2.23172 3.25355 3.25950 3.25950 3.25950 3.25950 3.25950 3.25950 3.25950 3.21703 3.14699 3.14699 3.14699 3.14699 3.14699 3.15323 3.71591 3.75851 3.75851 4.03467 4.52735 4.52805 4.53489 4.54317 4.55144 4.99374 5.13115 5.13942 5.14530 5.14554 5.14554 5.23874 5.25369 5.25369 5.25369 5.25369 5.25369 5.25390 5.25880 5.26563 5.27099 4.80138 4.37631 4.35418 4.33206 4.31001 5.24540 5.48643 5.48643 5.48643 5.48643 5.48643 5.48643 5.48643
2.93704 2.96202 2.96202 2.96202 2.96202 2.96202 2.74513 2.61773 2.61773 2.61773 2.54407 2.13567 2.13567 3.04890 3.25950 3.25950 3.25950 3.25950 3.25950 3.25950 3.25950 3.24516 3.14699 3.14699 3.14699 3.14699 3.14699 3.19007 3.61258 3.77973 3.78800 3.90671 4.57339 4.58095 4.58238 4.58238 4.58238 4.87748 5.14554 5.14554 5.14555 5.14932 5.15615 5.22756 5.27800 5.28482 5.29167 5.29852 5.30535 5.31199 5.31393 5.31393 5.31393 4.91793 4.28506 4.28043 4.27903 4.27628 4.91656 5.47676 5.47400 5.47126 5.46851 5.46576 5.46298 5.46024
2.96202 2.96202 2.96202 2.96202 2.96202 2.96202 2.83573 2.61773 2.61773 2.61773 2.61570 2.16994 2.13567 2.74802 3.25950 3.25950 3.25950 3.25950 3.25950 3.25950 3.26661 3.33654 3.32223 3.39352 3.47827 3.56301 3.64787 3.68954 3.74067 3.81355 3.81355 3.81578 4.53630 4.65594 4.72387 4.80057 4.89012 5.05913 5.26284 5.29139 5.31991 5.34474 5.36646 5.42427 5.51801 5.53968 5.56136 5.58308 5.60484 5.62656 5.64823 5.66995 5.69158 5.47531 4.38548 4.21606 4.21472 4.21472 4.54371 5.42071 5.42071 5.42071 5.42071 5.42071 5.42071 5.42071
2.96202 2.96202 2.96202 2.96202 2.96202 2.96202 2.93899 2.62235 2.61773 2.61773 2.61773 2.27378 2.13567 2.44720 3.28728 3.37056 3.45675 3.56404 3.67832 3.79271 3.90010 3.94440 3.90305 3.89090 3.95162 4.04898 4.14650 4.24385 4.35967 4.56311 4.66047 4.75798 5.33826 5.56393 5.58556 5.59864 5.59864 5.60139 5.65266 5.65360 5.65360 5.65360 5.65360 5.66215 5.76092 5.76176 5.76176 5.76176 5.76176 5.76176 5.76176 5.76176 5.76176 5.65638 4.59693 4.21472 4.21472 4.21472 4.26204 5.38864 5.42071 5.42071 5.42071 5.42071 5.38009 5.23378
2.96931 2.98861 3.00800 3.02752 3.04691 3.06640 3.08585 2.77766 2.81661 3.00272 3.18864 3.24591 3.32784 3.55601 4.25221 4.30093 4.34481 4.38356 4.41491 4.44631 4.47776 4.50936 4.59484 4.75498 4.79210 4.79210 4.79210 4.79210 4.79212 4.90128 4.91611 4.91611 5.25580 5.59864 5.59864 5.59864 5.59864 5.59864 5.64191 5.65360 5.65360 5.65360 5.65360 5.65360 5.74107 5.76176 5.76176 5.76176 5.76176 5.76176 5.76176 5.76176 5.76176 5.75617 4.84236 4.21472 4.21472 4.21092 4.19819 4.86238 4.91551 4.76348 4.61167 4.45980 4.34867 4.34329
3.27214 3.27906 3.46119 3.72055 3.97992 4.23896 4.49849 4.17508 3.91228 3.94383 3.97533 3.96404 3.88329 3.91494 4.38587 4.57150 4.58716 4.58716 4.58716 4.58716 4.58716 4.58716 4.61380 4.79210 4.79210 4.79210 4.79210 4.79210 4.79210 4.86807 4.91611 4.91611 5.10874 5.59864 5.59864 5.59864 5.59864 5.59864 5.62835 5.65360 5.65360 5.65360 5.65360 5.65360 5.71247 5.76176 5.76176 5.76176 5.76176 5.76176 5.75913 5.74691 5.73380 5.72071 5.12762 4.14745 4.13438 4.12507 4.12470 4.23171 4.34329 4.34329 4.34329 4.34329 4.34329 4.34329
4.52391 4.65394 4.60959 4.50632 4.41362 4.32982 4.25397 4.17594 4.14821 4.14821 4.11887 4.13710 3.99440 3.99342 4.27303 4.58716 4.58716 4.58716 4.58716 4.58716 4.58716 4.58716 4.58716 4.76751 4.79210 4.79210 4.79210 4.79210 4.79210 4.83498 4.91611 4.91611 4.96412 5.59591 5.59864 5.59864 5.59864 5.59864 5.61477 5.65360 5.65360 5.65360 5.65360 5.66834 5.78266 5.73550 5.72237 5.70929 5.69618 5.68309 5.67261 5.67174 5.67174 5.67174 5.40258 4.15877 4.12470 4.12470 4.12470 4.17536 4.34329 4.34329 4.34398 4.35754 4.37597 4.39437
4.15535 4.15209 4.15209 4.15148 4.10943 4.04774 3.99185 3.94076 3.89141 3.84878 3.82617 4.07765 4.01830 3.99342 4.11320 4.58716 4.58716 4.58716 4.58716 4.58716 4.58716 4.58716 4.58716 4.71639 4.79210 4.79210 4.79210 4.79210 4.79210 4.80269 4.91544 4.91611 4.91611 5.49698 5.59864 5.59864 5.59901 5.67926 5.82440 6.01758 6.16006 6.30216 6.44389 6.57124 6.55275 5.69395 5.67174 5.67174 5.67174 5.67174 5.67174 5.67174 5.67174 5.67097 5.55191 4.38855 4.18022 4.19863 4.21702 4.23995 4.46225 4.49085 4.50857 4.51340 4.51340 4.51340
3.98104 3.93106 3.88543 3.84382 3.82899 3.82899 3.82899 3.82899 3.82677 3.82608 3.82608 3.98287 4.05207 3.99342 3.99850 4.54222 4.58716 4.58716 4.58716 4.58716 4.58716 4.58716 4.58716 4.66453 4.79210 4.79210 4.79210 4.79210 4.79210 4.79210 4.92566 5.08364 5.22555 5.80125 6.19200 6.33401 6.47554 6.53721 6.53721 6.58123 6.59217 6.59217 6.59217 6.59217 6.59193 5.88975 5.65849 5.65091 5.64335 5.63578 5.62819 5.62063 5.61306 5.60625 5.59965 4.74786 4.29481 4.29481 4.29481 4.29481 4.45068 4.51340 4.51340 4.51133 4.50432 4.49708
3.73458 3.82899 3.82899 3.82899 3.82899 3.82899 3.82899 3.82899 3.82750 3.82608 3.82608 3.90181 4.08586 3.99342 3.99342 4.38737 4.58716 4.58716 4.58716 4.58716 4.58716 4.58716 4.58716 4.61352 4.82285 4.87398 4.92517 4.97637 5.02764 5.07875 5.52025 5.85468 5.85468 6.14118 6.53721 6.53721 6.54382 6.56113 6.57856 6.58228 6.55773 6.54694 6.50654 6.45898 6.41164 5.91348 5.40892 5.36892 5.32892 5.28892 5.24893 5.20893 5.16868 5.12869 5.08869 4.61653 4.17118 4.16399 4.15675 4.14955 4.24162 4.35363 4.34643 4.34129 4.34108 4.34108
3.51390 3.82899 3.82899 3.82899 3.82899 3.82899 3.82899 3.82899 3.82824 3.82608 3.82608 3.83732 4.11002 3.99342 3.99342 4.22765 4.58716 4.59409 4.63937 4.69060 4.74176 4.79292 4.84699 4.92644 5.16143 5.22130 5.25582 5.29115 5.33780 5.39015 5.64942 6.22800 6.28003 6.32322 6.11400 6.09146 6.06229 6.02242 5.98226 5.89369 5.74482 5.70803 5.70086 5.70086 5.70086 5.48589 4.78042 4.78042 4.78042 4.78042 4.78042 4.78042 4.78042 4.78042 4.78042 4.58333 4.12250 4.12250 4.12250 4.12250 4.16530 4.34108 4.34108 4.34108 4.34108 4.34108
3.25730 3.82899 3.82899 3.82899 3.82899 3.82772 3.81708 3.80454 3.79181 3.77650 3.76383 3.78440 4.11396 4.60512 4.81746 5.03214 5.27889 5.35745 5.39826 5.43389 5.48196 5.53291 5.58100 5.60337 5.75349 5.85092 5.86836 5.88536 5.89059 5.89059 5.92198 6.60638 6.62459 6.60839 5.88358 5.85823 5.85823 5.85823 5.85823 5.84726 5.70212 5.70086 5.70086 5.70086 5.70086 5.68228 4.82483 4.78042 4.78042 4.78042 4.78042 4.78042 4.78042 4.78042 4.78042 4.70582 4.14912 4.12250 4.12250 4.12250 4.13329 4.37861 4.44194 4.49305 4.54419 4.59533
2.78988 3.67181 3.66701 3.65440 3.64188 3.68288 3.79069 3.90048 4.01026 4.11785 4.22692 4.30453 4.51960 5.36966 5.57248 5.58888 5.61784 5.63631 5.65270 5.66791 5.67105 5.67105 5.67105 5.67105 5.75448 5.89059 5.89059 5.89059 5.89059 5.89059 5.89059 6.44307 6.62459 6.62459 6.03227 5.85823 5.85823 5.85823 5.85823 5.85823 5.72987 5.70086 5.70086 5.70086 5.70086 5.70086 5.04698 4.78042 4.78042 4.78042 4.78042 4.78042 4.78042 4.78384 4.85095 4.93304 4.48585 4.46617 4.55728 4.64833 4.73042 4.71836 4.70559 4.70559 4.70559 4.70559
2.61362 3.69159 4.03252 4.14222 4.24176 4.28320 4.26728 4.25136 4.23542 4.29771 4.39108 4.40241 4.49448 5.30806 5.65623 5.65623 5.66486 5.67105 5.67105 5.67105 5.67105 5.67105 5.67105 5.67105 5.70006 5.89059 5.89059 5.89059 5.89059 5.89059 5.89059 6.24878 6.62459 6.62459 6.19755 5.85823 5.85823 5.85823 5.85823 5.85823 5.76856 5.70086 5.70086 5.70086 5.70086 5.70086 5.28841 4.83552 4.92657 5.01762 5.10873 5.19966 5.29083 5.37846 5.40234 5.40234 4.99527 4.74441 4.74441 4.74441 4.74441 4.72847 4.70559 4.70559 4.70559 4.70559
2.52307 3.52063 4.20942 4.19364 4.18764 4.18764 4.18764 4.17371 4.13905 4.15900 4.28630 4.25146 4.22352 5.08367 5.65623 5.65623 5.66089 5.67105 5.67105 5.67105 5.67105 5.67105 5.67105 5.67105 5.67101 5.86530 5.89059 5.89059 5.89059 5.89059 5.89059 6.05420 6.62459 6.62459 6.36245 5.85823 5.85823 5.85823 5.85823 5.85823 5.79829 5.66042 5.62790 5.59540 5.56288 5.53033 5.48053 5.40234 5.40234 5.40234 5.40234 5.40234 5.40234 5.40234 5.40234 5.40234 5.14472 4.73487 4.68976 4.64123 4.59275 4.53848 4.45701 4.40853 4.35995 4.31147
2.45137 2.96198 4.13223 4.09739 4.06250 4.02767 3.99283 3.97189 3.97169 3.97874 4.18216 4.18867 4.18867 4.70270 5.65542 5.65623 5.65722 5.67088 5.67105 5.67105 5.67105 5.67105 5.67105 5.67105 5.67105 5.81099 5.89059 5.89059 5.89059 5.89059 5.89059 5.90197 6.58246 6.62230 6.49909 5.79739 5.76467 5.73217 5.69965 5.66715 5.63086 5.48584 5.48520 5.48520 5.48520 5.48520 5.48489 5.40945 5.40444 5.42163 5.44188 5.46206 5.48230 5.50251 5.52269 5.54294 5.29999 4.29840 4.29424 4.29424 4.29424 4.29420 4.25976 4.25542 4.25542 4.25542
2.18288 2.22315 3.91178 3.97169 3.97169 3.97169 3.97169 3.97169 3.97169 3.97169 4.13499 4.18867 4.18867 4.44633 5.55932 5.65623 5.65623 5.66778 5.67105 5.67105 5.67105 5.67105 5.67105 5.67105 5.67105 5.75656 5.89059 6.00069 6.31273 6.62903 6.94512 7.26142 6.80453 6.41522 6.40824 5.71131 5.64256 5.64256 5.64256 5.64259 5.64367 5.54002 5.54069 5.56087 5.58107 5.60132 5.62150 5.58720 5.57828 5.58443 5.58757 5.59072 5.59388 5.59703 5.60017 5.60334 5.56526 4.28139 4.17949 4.16979 4.16011 4.15043 4.11606 4.09214 4.08246 4.07276
2.16362 2.16362 3.55069 3.97169 3.97169 3.97169 3.97169 3.97169 3.97169 3.97169 4.08027 4.18867 4.18867 4.27647 5.39759 5.65623 5.65623 5.66393 5.67105 5.67105 5.68058 5.90706 6.22356 6.53966 6.85596 7.20327 7.70769 7.91409 7.91862 7.92183 7.92550 7.92936 7.28837 6.43056 6.43588 5.90766 5.67920 5.68400 5.68880 5.69357 5.69730 5.70439 5.71012 5.71327 5.71642 5.71957 5.72273 5.69288 5.64489 5.64489 5.64489 5.64489 5.64489 5.64489 5.64489 5.64489 5.64489 4.49330 4.06326 4.06326 4.06326 4.06326 4.04894 4.02444 4.02444 4.02444
2.16362 2.16362 3.09308 3.97169 3.97169 3.97169 3.97169 3.97169 3.97169 3.97169 4.02594 4.19429 4.20510 4.21622 5.14949 5.64225 5.61541 5.82638 7.01521 7.33537 7.64558 7.73887 7.74250 7.74879 7.76163 7.77496 7.96306 7.98753 7.99237 7.99445 7.99610 7.99753 7.75152 6.48850 6.48850 6.12037 5.72125 5.72125 5.72125 5.72125 5.72125 5.72345 5.72775 5.72775 5.72775 5.72775 5.72775 5.71648 5.64489 5.64489 5.64489 5.64489 5.64489 5.64489 5.64489 5.64489 5.64489 4.85745 4.06326 4.06326 4.06326 4.06326 4.05881 4.02445 4.20490 4.54704
