High_resolution/powerplant/Fengdu/OMI_NO2_201107.asc
ncols      200
nrows      200
xllcorner       105.978
yllcorner       28.1831
cellsize     0.0166667
NODATA_Value      -999.000
[rows 58 to 86 of 200, columns 66 to 131 of 200]
2.60328 2.60328 2.60328 2.60328 2.60328 2.60328 2.60328 2.60328 2.60328 2.60328 2.60328 2.51778 2.26526 2.00819 1.75312 1.65433 1.65433 1.66932 1.69856 1.69856 1.70543 2.25055 2.58785 2.60684 2.62584 2.63636 2.63639 2.63639 2.63639 2.63639 2.63639 2.63639 2.63639 2.63639 2.63639 2.63639 2.63639 2.63639 2.63639 2.63639 2.63639 2.63639 2.44862 2.36607 2.36607 2.36607 2.36607 2.36607 2.36607 2.36607 2.36607 2.36607 2.36607 2.36293 2.10547 1.68647 1.26766 0.848994 0.535378 0.517820 0.517820 0.621753 1.89583 2.08538 2.08538 2.08538
2.64738 2.60328 2.60328 2.60328 2.60328 2.60328 2.60328 2.56997 2.34412 2.08705 1.83007 1.65869 1.65433 1.65433 1.65433 1.65433 1.66501 1.82267 2.35006 2.70265 3.04837 3.05827 2.63639 2.63639 2.63639 2.63639 2.63639 2.63639 2.63639 2.63639 2.63639 2.63639 2.63639 2.63639 2.63639 2.63639 2.63639 2.63639 2.63639 2.63639 2.63639 2.63639 2.53147 2.36607 2.36607 2.36607 2.36607 2.36607 2.36607 2.30619 1.93284 1.51384 1.09484 0.679357 0.517820 0.517820 0.517820 0.517820 0.517820 0.517820 0.517820 0.517820 1.59429 2.08538 2.08538 2.08538
3.36238 2.60328 2.60328 2.59806 2.42288 2.16600 1.90893 1.68527 1.65433 1.65433 1.65433 1.65433 1.67606 1.82997 2.00634 2.18257 2.34833 2.38597 2.96100 3.16161 3.16161 3.16009 2.69699 2.63639 2.63639 2.63639 2.63639 2.63639 2.63639 2.63639 2.63639 2.63639 2.63639 2.63639 2.63639 2.63639 2.63639 2.63639 2.63639 2.63639 2.63639 2.63639 2.61203 2.36831 2.36607 2.17847 1.75984 1.34111 0.922402 0.563102 0.517820 0.517820 0.517820 0.517820 0.517820 0.517820 0.517820 0.517820 0.517820 0.517820 0.517820 0.517820 1.16928 2.08538 2.08538 2.08538
4.20021 2.24486 1.98788 1.73603 1.65433 1.65433 1.65433 1.65433 1.69098 1.85630 2.03253 2.20890 2.36347 2.38586 2.38586 2.38586 2.38586 2.38586 2.66176 3.16161 3.16161 3.16161 2.85773 2.63639 2.63639 2.63639 2.63639 2.63639 2.63639 2.63639 2.63639 2.63639 2.63639 2.63639 2.63639 2.63639 2.63639 2.63639 2.63639 2.63639 2.63328 2.57349 2.49274 1.47392 0.749591 0.518375 0.517820 0.517820 0.517820 0.517820 0.517820 0.517820 0.517820 0.517820 0.517820 0.517820 0.517820 0.517820 0.517820 0.517820 0.517820 0.517820 0.710694 1.97623 2.08538 2.08538
4.29070 1.66093 1.65433 1.65433 1.70993 1.88249 2.05886 2.23509 2.37481 2.38586 2.38586 2.38586 2.38586 2.38586 2.38586 2.38586 2.38586 2.38586 2.47090 3.16161 3.16161 3.16161 3.02004 2.63639 2.63639 2.63639 2.63639 2.63639 2.63639 2.63639 2.63639 2.63639 2.63639 2.63639 2.63639 2.63639 2.62410 2.55151 2.47073 2.38995 2.31235 2.29134 2.29134 1.45824 0.517820 0.517820 0.517820 0.517820 0.517820 0.517820 0.517820 0.517820 0.517820 0.517820 0.517820 0.517820 0.517820 0.517820 0.517820 0.517820 0.517820 0.517820 0.518091 1.69606 2.08538 2.08538
4.50562 2.31564 2.08505 2.26142 2.38213 2.38586 2.38586 2.38586 2.38586 2.38586 2.38586 2.38586 2.38586 2.38586 2.38586 2.38586 2.38586 2.38586 2.38656 2.98130 3.16161 3.16161 3.15042 2.66842 2.63639 2.63639 2.63639 2.63639 2.63639 2.63639 2.63639 2.63639 2.60892 2.52941 2.44868 2.36797 2.29945 2.29134 2.29134 2.29134 2.29134 2.29134 2.29134 2.00078 0.517820 0.517820 0.517820 0.517820 0.517820 0.517820 0.517820 0.517820 0.517820 0.517820 0.517820 0.517820 0.517820 0.517820 0.517820 0.517820 0.517820 0.517820 0.517820 1.31555 2.08482 2.05995
3.19864 2.79785 2.38586 2.38586 2.38586 2.38586 2.38586 2.38586 2.38586 2.38586 2.38586 2.38586 2.38586 2.38586 2.38586 2.38586 2.38586 2.40300 2.62101 3.00571 3.16161 3.16161 3.16161 2.81962 2.63639 2.63639 2.63639 2.63601 2.58812 2.50734 2.42663 2.34582 2.29258 2.29134 2.29134 2.29134 2.29134 2.29134 2.29134 2.29134 2.29134 2.29134 2.29134 2.29098 0.769735 0.517820 0.517820 0.517820 0.517820 0.517820 0.517820 0.517820 0.517820 0.517820 0.517820 0.517820 0.517820 0.517820 0.517820 0.517820 0.517820 0.553219 0.663342 0.994926 1.67610 1.60713
3.19718 3.05244 2.38586 2.38586 2.38586 2.38586 2.38586 2.38586 2.38586 2.38586 2.38586 2.38586 2.38586 2.38616 2.53807 2.81383 3.08948 3.34832 3.40605 3.37619 3.16161 3.16161 3.16161 2.97677 2.56610 2.48536 2.40455 2.32422 2.29134 2.29134 2.29134 2.29134 2.29134 2.29134 2.29134 2.29134 2.29134 2.29134 2.29134 2.29134 2.29134 2.29134 2.29134 2.29134 1.31216 0.517820 0.517820 0.517820 0.517820 0.517820 0.517820 0.517820 0.517820 0.517820 0.517820 0.517820 0.520356 0.597815 0.710424 0.822983 0.935443 1.01260 1.01499 1.02517 1.49228 1.58943
3.19718 3.19661 2.49620 2.38586 2.38586 2.38586 2.38586 2.38586 2.38586 2.38586 2.46380 2.73109 3.00675 3.28220 3.40605 3.40605 3.40605 3.40605 3.40605 3.40158 3.15785 3.04348 2.98495 2.89456 2.30633 2.29134 2.29134 2.29134 2.29134 2.29134 2.29134 2.29134 2.29134 2.29134 2.29134 2.29134 2.29134 2.29134 2.29134 2.29134 2.29134 2.29134 2.29134 2.29134 1.85470 0.517820 0.517820 0.517820 0.517820 0.517820 0.517820 0.517820 0.540093 0.644947 0.757407 0.870016 0.979990 1.01499 1.01499 1.01499 1.01499 1.01499 1.01499 1.01499 1.37068 1.58943
3.19718 3.19718 2.75014 2.38586 2.38586 2.38586 2.41391 2.64805 2.92381 3.19956 3.39748 3.40605 3.40605 3.40605 3.40605 3.39950 3.37185 3.34256 3.31327 3.28793 3.14046 2.91854 2.91854 2.91854 2.46447 2.29134 2.29134 2.29134 2.29134 2.29134 2.29134 2.29134 2.29134 2.29134 2.29134 2.29134 2.29134 2.29134 2.29134 2.29134 2.29134 2.29134 2.29134 2.29134 2.26598 0.648883 0.517820 0.517969 0.579419 0.691979 0.804489 0.917048 1.00728 1.01499 1.01499 1.01499 1.01499 1.01499 1.01499 1.01499 1.01499 1.01499 1.01499 1.01499 1.19845 1.58603
3.19718 3.19718 3.00779 2.56521 2.84107 3.11683 3.36453 3.40605 3.40605 3.40605 3.40605 3.39621 3.36740 3.33813 3.30886 3.28612 3.28452 3.28452 3.28452 3.28452 3.23499 2.91854 2.91854 2.91854 2.65830 2.29134 2.29134 2.29134 2.29134 2.29134 2.29134 2.29134 2.29134 2.29134 2.29134 2.29134 2.29134 2.29134 2.29134 2.29134 2.29134 2.29134 2.29134 2.30861 2.48103 1.45568 0.851571 0.963931 1.01499 1.01499 1.01499 1.01499 1.01499 1.01499 1.01499 1.01499 1.01499 1.01499 1.01499 1.01499 1.01499 1.01499 1.01499 1.01499 1.05072 1.52193
3.56945 3.84510 4.10945 3.47647 3.40605 3.40605 3.40605 3.39224 3.36298 3.33370 3.30441 3.28499 3.28452 3.28452 3.28452 3.28452 3.28452 3.28452 3.28452 3.28452 3.28295 2.98296 2.91854 2.91854 2.84975 2.29372 2.29134 2.29134 2.29134 2.29134 2.29134 2.29134 2.29134 2.29134 2.29134 2.29134 2.29134 2.29134 2.29134 2.34037 2.53919 2.74830 2.95749 3.14924 3.18611 2.47007 1.01499 1.01499 1.01499 1.01499 1.01499 1.01499 1.01499 1.01499 1.01499 1.01499 1.01499 1.01499 1.01499 1.01499 1.01499 1.01499 1.01499 1.01499 1.01499 1.41388
4.21737 4.21737 4.17472 3.66281 3.35853 3.32928 3.29999 3.28453 3.28452 3.28452 3.28452 3.28452 3.28452 3.28452 3.28452 3.28452 3.28452 3.28452 3.28452 3.28452 3.28452 3.13303 2.91854 2.91854 2.91854 2.41891 2.29134 2.29134 2.29134 2.29134 2.29134 2.29134 2.29134 2.29134 2.29134 2.38833 2.59735 2.80646 3.01565 3.17573 3.18611 3.18611 3.18611 3.18611 3.18611 3.07364 1.07231 1.01499 1.01499 1.01499 1.01499 1.01499 1.01499 1.01499 1.01499 1.01499 1.01499 1.01499 1.01499 1.01499 1.01499 1.01499 1.01499 1.01499 1.01499 1.25713
3.75333 3.57208 3.42300 3.35370 3.28452 3.28452 3.28452 3.28452 3.28452 3.28452 3.28452 3.28452 3.28452 3.28452 3.28452 3.28452 3.28452 3.28452 3.28452 3.28452 3.28280 3.22115 2.91854 2.91854 2.91854 2.61278 2.29134 2.29134 2.29134 2.29134 2.29742 2.44631 2.65551 2.86471 3.07390 3.18593 3.18611 3.18611 3.18611 3.18611 3.18611 3.18611 3.18611 3.18611 3.18611 3.18611 1.62098 1.01499 1.01499 1.01499 1.01499 1.01499 1.01499 1.01499 1.01499 1.01499 1.01499 1.01499 1.01499 1.01499 1.01499 1.01499 1.01499 1.01499 1.14511 1.46174
3.36824 3.36824 3.36824 3.37096 3.28957 3.28452 3.28452 3.28452 3.28452 3.28452 3.28452 3.28452 3.28452 3.28452 3.28452 3.28452 3.28407 3.27731 3.26851 3.25970 3.25262 3.24956 2.96829 2.91854 2.91854 2.80659 2.31961 2.50447 2.71385 2.92278 3.12589 3.18611 3.18611 3.18611 3.18611 3.18611 3.18611 3.18611 3.18611 3.18611 3.18611 3.18611 3.18611 3.18611 3.18611 3.18611 2.28202 1.01499 1.01499 1.01499 1.01499 1.01499 1.01499 1.01499 1.01499 1.01499 1.01499 1.01499 1.01499 1.03235 1.27038 1.57516 1.88021 2.18498 2.35978 2.36058
3.36824 3.36824 3.36824 3.36871 3.31988 3.28452 3.28452 3.28452 3.28452 3.28452 3.28452 3.28452 3.28452 3.27999 3.27119 3.26239 3.25403 3.25199 3.25199 3.25199 3.25199 3.25682 3.11635 2.79422 2.65763 2.44879 2.89195 3.18611 3.18611 3.18611 3.18611 3.18611 3.18611 3.18611 3.18611 3.18611 3.18611 3.18611 3.18611 3.18611 3.18611 3.18611 3.18611 3.18611 3.18611 3.18611 2.93730 1.02085 1.01499 1.01499 1.01499 1.01499 1.01499 1.01499 1.01499 1.10097 1.39633 1.70124 2.00616 2.29371 2.36058 2.36058 2.36058 2.36058 2.36058 2.36058
3.36824 3.36824 3.36824 3.36824 3.34882 3.28452 3.28452 3.28452 3.28452 3.28230 3.27385 3.26507 3.25627 3.25199 3.25199 3.25199 3.25199 3.26045 3.22744 3.09465 2.98331 2.88308 2.69804 2.36904 2.36904 2.36891 2.44980 3.18611 3.18611 3.18611 3.18611 3.18611 3.18611 3.18611 3.18611 3.18611 3.18611 3.18611 3.18611 3.18611 3.18611 3.18611 3.18611 3.18611 3.18611 3.18611 3.18611 1.43250 1.01499 1.01499 1.01903 1.21750 1.52241 1.82733 2.13210 2.35117 2.36058 2.36058 2.36058 2.36058 2.36058 2.36058 2.36058 2.36058 2.36058 2.36058
3.36824 3.36824 3.36824 3.36824 3.36934 3.28584 3.27656 3.26775 3.25895 3.25236 3.25199 3.25199 3.25199 3.26502 3.20685 3.07599 2.96779 2.86470 2.77618 2.77451 2.77451 2.77451 2.76860 2.40778 2.36904 2.36904 2.25911 3.18611 3.18611 3.18611 3.18611 3.18611 3.18611 3.18611 3.18611 3.18611 3.18611 3.18611 3.18611 3.18611 3.18611 3.18611 3.18611 3.18611 3.18611 3.18611 3.18199 2.24414 1.64836 1.95341 2.25415 2.36058 2.36058 2.36058 2.36058 2.36058 2.36058 2.36058 2.36058 2.36058 2.36058 2.36058 2.36058 2.36058 2.36058 2.36058
3.36824 3.36821 3.36472 3.35885 3.35370 3.28254 3.25199 3.25199 3.25199 3.26798 3.18484 3.05790 2.95269 2.84497 2.77451 2.77451 2.77451 2.77451 2.77451 2.77451 2.77451 2.77451 2.77451 2.55890 2.36904 2.36904 2.21675 3.04292 3.18611 3.18611 3.18611 3.18611 3.18611 3.18611 3.18611 3.18611 3.18611 3.18611 3.18611 3.18611 3.18611 3.18611 3.17658 3.14914 3.12127 3.09341 3.06967 2.92578 2.36058 2.36058 2.36058 2.36058 2.36058 2.36058 2.36058 2.36058 2.36058 2.36058 2.36058 2.36058 2.36058 2.36058 2.36058 2.36058 2.36058 2.36058
3.35478 3.34893 3.34656 3.34656 3.34660 3.32238 3.16348 3.04033 2.93798 2.82555 2.77451 2.77451 2.77451 2.77451 2.77451 2.77451 2.77451 2.77451 2.77451 2.77451 2.77451 2.77451 2.77451 2.68300 2.36904 2.36904 2.36099 2.52785 3.18611 3.18611 3.18611 3.18611 3.18611 3.18611 3.18611 3.18611 3.18611 3.18594 3.16911 3.14124 3.11339 3.08551 3.06718 3.06676 3.06676 3.06676 3.06676 3.06408 2.43640 2.36058 2.36058 2.36058 2.36058 2.36058 2.36058 2.36058 2.36058 2.36058 2.36058 2.36058 2.36058 2.36058 2.36058 2.36058 2.36058 2.36058
3.34664 3.35495 3.38936 3.43053 3.47169 3.43672 2.77688 2.77451 2.77451 2.77451 2.77451 2.77451 2.77451 2.77451 2.77451 2.77451 2.77451 2.77451 2.77451 2.77451 2.77451 2.77451 2.77451 2.76029 2.39704 2.36904 2.36904 2.29872 3.18611 3.18611 3.18611 3.18611 3.18611 3.18396 3.16122 3.13334 3.10550 3.07779 3.06676 3.06676 3.06676 3.06676 3.06676 3.06676 3.06676 3.06676 3.06676 3.06676 2.64783 2.36058 2.36058 2.36058 2.36058 2.36058 2.36058 2.36058 2.36058 2.36058 2.36058 2.36058 2.36058 2.36058 2.36058 2.36058 2.36058 2.36058
3.47280 3.50563 3.51232 3.51232 3.51232 3.51817 2.93161 2.77451 2.77451 2.77451 2.77451 2.77451 2.77451 2.77451 2.77451 2.77451 2.77451 2.77451 2.77451 2.77202 2.75792 2.74232 2.72672 2.71692 2.52309 2.36904 2.36904 2.19563 3.12953 3.17973 3.15332 3.12548 3.09759 3.07189 3.06676 3.06676 3.06676 3.06676 3.06676 3.06676 3.06676 3.06676 3.06676 3.06676 3.06676 3.06676 3.06676 3.06676 2.86182 2.36058 2.36058 2.36058 2.36058 2.36058 2.36058 2.36058 2.36058 2.36058 2.36058 2.36058 2.36058 2.36058 2.35737 2.33268 2.30406 2.27546
3.51232 3.51232 3.51232 3.51232 3.51232 3.51232 3.16664 2.77451 2.77451 2.77451 2.77451 2.77451 2.77451 2.77451 2.77451 2.77396 2.76257 2.74697 2.73138 2.71826 2.71678 2.71678 2.71678 2.71678 2.61459 2.25794 2.17757 2.07404 2.58767 3.06822 3.06676 3.06676 3.06676 3.06676 3.06676 3.06676 3.06676 3.06676 3.06676 3.06676 3.06676 3.06676 3.06676 3.06676 3.06676 3.06676 3.06676 3.06676 3.04430 2.39201 2.36058 2.36058 2.36058 2.36058 2.36058 2.36058 2.36058 2.36058 2.34942 2.32099 2.29238 2.26375 2.23837 2.23444 2.23444 2.23444
3.51232 3.51232 3.51232 3.51232 3.51232 3.51232 3.39558 2.77451 2.77451 2.77451 2.77451 2.77451 2.76722 2.75164 2.73603 2.72097 2.71678 2.71678 2.71678 2.71678 2.69442 2.63443 2.58106 2.52762 2.47544 2.06199 2.03637 2.03637 2.20379 3.06676 3.06676 3.06676 3.06676 3.06676 3.06676 3.06676 3.06676 3.06676 3.06676 3.06676 3.06676 3.06676 3.06676 3.06676 3.06676 3.06676 3.06676 3.06676 3.06676 2.58359 2.36058 2.36058 2.36058 2.35936 2.33792 2.30929 2.28068 2.25207 2.23463 2.23444 2.23444 2.23444 2.23444 2.23444 2.23444 2.23444
3.51232 3.51232 3.51232 3.51232 3.51232 3.51232 3.52070 2.87835 2.77103 2.75628 2.74070 2.72510 2.71679 2.71678 2.71678 2.71678 2.68537 2.62635 2.57289 2.51951 2.48849 2.49500 2.49500 2.49500 2.49500 2.22599 2.03637 2.03637 1.97969 3.06034 3.06676 3.06676 3.06676 3.06676 3.06676 3.06676 3.06676 3.06676 3.06676 3.06676 3.06676 3.06676 3.06676 3.06676 3.06676 3.06676 3.06676 3.06676 3.06676 2.82680 2.32623 2.29761 2.26899 2.24160 2.23444 2.23444 2.23444 2.23444 2.23444 2.23444 2.23444 2.23444 2.23444 2.23444 2.23444 2.23444
3.51232 3.51232 3.51232 3.51232 3.51126 3.49876 3.48318 3.07108 2.71764 2.71678 2.71678 2.71643 2.67546 2.61825 2.56482 2.51140 2.48940 2.49500 2.49500 2.49500 2.49500 2.49500 2.49500 2.49500 2.49500 2.37165 2.03637 2.03637 2.00087 2.71857 3.06676 3.06676 3.06676 3.06676 3.06676 3.06676 3.06676 3.06676 3.06676 3.06676 3.06676 3.06676 3.06676 3.06676 3.06676 3.22554 3.56520 3.90501 4.24467 4.30514 2.25478 2.23444 2.23444 2.23444 2.23444 2.23444 2.23444 2.23444 2.23444 2.23444 2.23444 2.23444 2.23444 2.23444 2.23444 2.23444
3.51228 3.50341 3.48782 3.47222 3.45769 3.45459 3.45459 3.28474 2.66589 2.61016 2.55672 2.50368 2.49119 2.49500 2.49500 2.49500 2.49500 2.49500 2.49500 2.49500 2.49500 2.49500 2.49500 2.49500 2.49500 2.47698 2.05429 2.03637 2.03637 2.28673 3.06676 3.06676 3.06676 3.06676 3.06676 3.06676 3.06676 3.06676 3.06676 3.06676 3.07694 3.32005 3.65971 3.99981 4.33947 4.52064 4.52079 4.52079 4.52079 4.52079 2.74965 2.23444 2.23444 2.23444 2.23444 2.23444 2.23444 2.23444 2.23444 2.23444 2.23444 2.23444 2.23444 2.23444 2.23444 2.23444
3.46132 3.45459 3.45459 3.45834 3.52532 3.61868 3.71265 3.65504 2.54920 2.49500 2.49500 2.49500 2.49500 2.49500 2.49500 2.49500 2.49500 2.49500 2.49500 2.49500 2.49500 2.49500 2.49500 2.49500 2.49500 2.49391 2.17856 2.03637 2.03637 2.03077 3.06676 3.06676 3.06676 3.06676 3.06676 3.06676 3.11329 3.41485 3.75466 4.09447 4.42410 4.52079 4.52079 4.52079 4.52079 4.52079 4.52079 4.52079 4.52079 4.52079 3.44205 2.23444 2.23444 2.23444 2.23444 2.23444 2.23444 2.23444 2.23444 2.23444 2.23444 2.23444 2.23444 2.23444 2.23444 2.23444
3.52830 3.62173 3.71553 3.80577 3.83278 3.83341 3.83341 3.82746 2.82356 2.49500 2.49500 2.49500 2.49500 2.49500 2.49500 2.49500 2.49500 2.49500 2.49500 2.49500 2.49500 2.49500 2.43408 2.25275 2.06814 1.88463 1.87701 2.03637 2.03637 1.97436 2.85776 3.06676 3.17625 3.50966 3.84917 4.18927 4.48240 4.52079 4.52079 4.52079 4.52079 4.52079 4.52079 4.52079 4.52079 4.52079 4.52079 4.52079 4.52079 4.52079 4.13497 2.23444 2.23444 2.23444 2.23444 2.23444 2.23444 2.23444 2.23444 2.23444 2.23444 2.23444 2.23444 2.23444 2.23444 2.18036
