High_resolution/powerplant/Fengdu/OMI_NO2_200605.asc
ncols      200
nrows      200
xllcorner       105.978
yllcorner       28.1831
cellsize     0.0166667
NODATA_Value      -999.000
[rows 30 to 59 of 200, columns 0 to 65 of 200]
2.46449 2.51267 2.50556 2.48113 2.45667 2.43210 2.41885 2.41883 2.40784 2.36813 2.14064 2.09907 2.08846 2.07839 2.06885 2.13753 2.16479 2.16267 2.16052 2.15839 2.15095 2.03680 2.03573 2.00788 1.62204 1.48829 1.55447 1.55637 1.55721 1.55721 1.55721 1.55721 1.55721 1.74310 1.94923 2.09372 2.23836 2.34719 2.35351 2.49980 2.28263 2.18881 2.18881 2.17150 2.34949 2.36978 2.35401 2.35430 2.36254 2.37075 2.39575 2.59544 3.12522 3.11812 3.08051 3.04634 3.09679 3.12414 3.14486 3.13764 3.14998 3.19111 3.23321 3.27522 3.35381 3.53504
2.40694 2.37691 2.33013 2.28588 2.24163 2.19744 2.15325 2.10905 2.10647 2.17783 2.07751 2.00561 2.00346 2.00129 1.99915 2.04104 2.08595 2.08381 2.08162 2.07950 2.07735 1.99420 1.97163 1.96750 1.74992 1.44814 1.55721 1.55721 1.55721 1.62350 1.76801 1.91251 2.05714 2.24373 2.36713 2.37943 2.39174 2.40413 2.41644 2.52511 2.45824 2.26874 2.27863 2.27524 2.38604 2.46930 2.46711 2.45531 2.45833 2.46134 2.46436 2.61499 2.93735 3.00438 3.00526 3.10230 3.25118 3.33281 3.37485 3.41667 3.45070 3.57436 3.71047 3.84642 4.02236 4.18863
2.08644 2.01460 2.01956 2.01956 2.01956 2.01956 2.01956 2.01956 2.04412 2.13802 2.09133 1.97434 1.97434 1.97434 1.97434 1.99709 2.06540 2.06540 2.06540 2.06540 2.06540 2.00746 1.96939 1.97390 1.87942 1.52550 1.83330 1.98704 2.14065 2.22794 2.23710 2.24614 2.25519 2.31801 2.51508 2.51508 2.51508 2.51508 2.51508 2.56147 2.64449 2.31930 2.32279 2.31834 2.35189 2.48848 2.47305 2.43416 2.41493 2.39591 2.37688 2.47981 2.74083 2.90335 2.92771 3.28266 3.35815 3.53877 3.67471 3.88471 4.17106 4.34322 4.49457 4.63907 4.71677 4.71704
2.04616 1.98557 2.01737 2.01956 2.01956 2.01956 2.01956 2.01956 2.02094 2.12275 2.14926 1.99505 2.00311 2.01356 2.02401 2.03778 2.09783 2.10304 2.10755 2.11208 2.11683 2.11641 2.10882 2.16519 2.18692 2.01766 2.21118 2.26350 2.26350 2.26350 2.26350 2.26350 2.26350 2.26941 2.50635 2.50573 2.43366 2.35564 2.28125 2.20175 2.25769 2.25902 2.24685 2.22122 2.17789 2.34314 2.36032 2.34212 2.33661 2.33661 2.33661 2.41785 2.65089 2.97265 3.18649 3.79960 4.19216 4.49060 4.63509 4.71643 4.71704 4.71704 4.71704 4.71704 4.71704 4.71704
2.11523 2.03275 2.06528 2.08732 2.10126 2.11520 2.12913 2.14308 2.15702 2.22483 2.28485 2.12984 2.09048 2.09048 2.09048 2.09048 2.11403 2.15443 2.21083 2.26745 2.32358 2.33417 2.27168 2.30201 2.32107 2.22674 2.22722 2.26350 2.26350 2.26307 2.21766 2.14615 2.06541 1.98657 2.07192 2.05291 2.02665 2.00834 1.99215 1.98974 2.07302 2.14649 2.17745 2.17745 2.15542 2.27791 2.36032 2.34956 2.33410 2.39813 2.61064 2.83516 3.48869 4.15945 4.25200 4.43130 4.58914 4.70333 4.71704 4.71704 4.71704 4.71704 4.71704 4.71704 4.71704 4.71704
2.37107 2.19635 2.19781 2.19898 2.20073 2.20247 2.20422 2.20599 2.20775 2.23740 2.30942 2.21090 2.12112 2.15716 2.21473 2.28737 2.39378 2.46598 2.50266 2.54081 2.58058 2.61835 2.52001 2.51311 2.50786 2.39289 2.06960 1.98939 1.91522 1.84673 1.80974 1.79245 1.78848 1.78848 1.89461 1.98974 1.98974 1.98974 1.98974 1.98974 2.04252 2.12629 2.17745 2.17745 2.16308 2.25231 2.59211 2.77597 3.00442 3.13115 3.13477 3.13520 3.51695 4.21243 4.25303 4.34388 4.58905 4.67289 4.72875 4.73556 4.74240 4.74923 4.75597 4.76171 4.76390 4.76581
2.45442 2.26965 2.24473 2.23674 2.23634 2.23634 2.23634 2.23634 2.24473 2.34719 2.51821 2.57694 2.47753 2.53848 2.57725 2.59706 2.60765 2.63106 2.62963 2.61217 2.58709 2.56197 2.45403 2.39584 2.37546 2.28266 1.82355 1.78848 1.78848 1.78848 1.78848 1.78848 1.78848 1.78848 1.84759 1.98684 1.98405 1.98128 1.97851 1.98361 2.06354 2.19814 2.29597 2.33140 2.40763 2.48918 3.11255 3.18813 3.24669 3.26512 3.27284 3.28060 3.41996 4.25558 4.37359 4.38824 4.70386 4.75385 4.83360 4.82871 4.82382 4.81900 4.81935 4.82398 4.83216 4.83600
2.45442 2.31073 2.27469 2.32641 2.37489 2.47116 2.58775 2.69920 2.79960 2.82874 2.82351 2.83925 2.60769 2.58573 2.56224 2.53764 2.51637 2.52353 2.50106 2.49453 2.49561 2.49671 2.42878 2.35465 2.35267 2.31132 1.88407 1.75073 1.74796 1.74518 1.74240 1.73963 1.73687 1.73409 1.74593 1.98740 2.07326 2.11898 2.16136 2.19491 2.18682 2.27500 2.32591 2.34235 2.40581 2.58752 2.99050 3.26037 3.29188 3.32173 3.32173 3.32277 3.31079 4.03004 4.26624 4.24405 4.46437 4.51882 4.66073 4.64999 4.63632 4.62253 4.60356 4.58189 4.56163 4.54567
2.79102 2.74330 2.65113 2.69432 2.83266 2.87782 2.93609 2.99568 3.04680 3.08716 3.08952 2.82482 2.62960 2.53538 2.53940 2.54452 2.54916 2.58233 2.59225 2.59680 2.60134 2.60589 2.56105 2.43889 2.44343 2.36646 2.00524 1.73146 1.73146 1.73146 1.73146 1.73096 1.70269 1.65834 1.61400 1.95687 2.18592 2.18592 2.18740 2.19089 2.19437 2.26222 2.32451 2.36128 2.37818 2.61138 2.79031 3.28857 3.30386 3.35592 3.35168 3.33454 3.30764 3.66854 3.95215 3.93533 4.09540 4.25931 4.48290 4.54698 4.54905 4.55120 4.55343 4.53567 4.47196 4.41666
3.22849 3.23754 3.07261 3.12501 3.26862 3.28549 3.26485 3.24402 3.23366 3.23366 3.21950 2.95814 2.78098 2.63631 2.63631 2.63631 2.63631 2.65694 2.67030 2.67030 2.67030 2.67030 2.65826 2.49491 2.49413 2.42354 2.14205 1.73127 1.68543 1.63677 1.58809 1.53997 1.51956 1.51523 1.51091 1.76010 2.22611 2.22960 2.23162 2.23162 2.23162 2.27053 2.33793 2.38805 2.38284 2.56589 2.58919 3.17585 3.21927 3.27127 3.29988 3.33327 3.36521 3.55281 4.09066 4.11882 4.15654 4.23930 4.40003 4.54673 4.49496 4.43957 4.34645 4.22445 4.14587 4.05911
3.49171 3.42131 3.13813 3.12349 3.20223 3.23366 3.23366 3.23366 3.23366 3.23366 3.23293 3.04131 2.84216 2.63631 2.63873 2.64459 2.65049 2.65892 2.65587 2.65278 2.64969 2.64660 2.64354 2.48917 2.42446 2.33898 2.01586 1.55345 1.49641 1.49641 1.49641 1.49641 1.49641 1.49641 1.49641 1.61068 2.17985 2.23162 2.23285 2.24888 2.26924 2.30318 2.42930 2.35903 2.35960 2.54980 2.68182 3.11773 3.40824 3.45978 3.48592 3.48592 3.48592 3.46296 4.10252 4.13492 4.10376 4.10479 4.04112 4.15077 4.06076 3.97344 3.92472 3.92454 3.92454 3.92454
3.46886 3.38674 3.18055 3.12692 3.17609 3.24698 3.25214 3.25730 3.26246 3.26761 3.27277 3.18159 2.92717 2.72583 2.70215 2.70218 2.70218 2.69263 2.63322 2.63101 2.59608 2.55057 2.50466 2.34978 2.27339 2.26918 2.01756 1.60491 1.49641 1.49641 1.49641 1.49641 1.49641 1.50793 1.53237 1.60495 2.17654 2.39523 2.44868 2.48846 2.52546 2.56455 2.70467 2.60752 2.53391 2.63406 2.77908 2.95217 3.42456 3.44055 3.48592 3.49190 3.46804 3.38061 3.67776 3.71858 3.62731 3.60052 3.61335 3.90549 3.92454 3.92454 3.92454 3.92454 3.92454 3.92454
3.56477 3.45337 3.30276 3.18862 3.19600 3.28847 3.29021 3.29007 3.28992 3.28977 3.28962 3.26449 2.95904 2.79342 2.69959 2.69707 2.66179 2.61592 2.50757 2.45707 2.44597 2.44580 2.44563 2.37266 2.26913 2.26896 2.08594 1.71932 1.52129 1.56236 1.60085 1.64188 1.68562 1.71876 1.73845 1.75073 2.23802 2.58183 2.58183 2.58183 2.58183 2.58183 2.67195 2.65922 2.53391 2.58186 2.77908 2.78876 3.34776 3.33083 3.34718 3.28441 3.24378 3.23679 3.36310 3.58301 3.58301 3.59352 3.60834 3.82320 3.92454 3.92454 3.92454 3.92454 3.92506 3.92622
3.63316 3.45660 3.36065 3.18337 3.18337 3.26029 3.28606 3.28606 3.28606 3.28606 3.28606 3.27755 2.97741 2.73206 2.56671 2.52314 2.51253 2.51253 2.46621 2.44357 2.44357 2.44707 2.48285 2.49309 2.39635 2.44115 2.37423 2.12405 1.74511 1.75037 1.75037 1.75037 1.75037 1.75037 1.75037 1.75037 2.02231 2.56076 2.58183 2.58183 2.58183 2.58508 2.64322 2.71736 2.55403 2.56332 2.78650 2.79450 3.01008 3.14552 3.21597 3.25697 3.25814 3.25685 3.27362 3.60292 3.61093 3.62184 3.65480 3.79669 4.00712 4.01815 4.02942 4.04094 4.05215 4.04474
3.69395 3.46488 3.42602 3.18344 3.18337 3.22243 3.25722 3.22800 3.16695 3.09345 3.01666 2.93998 2.73378 2.51253 2.51255 2.53375 2.57365 2.61783 2.63240 2.63849 2.68331 2.72518 2.73511 2.73285 2.57977 2.57847 2.51627 2.30331 1.84801 1.81577 1.82292 1.83011 1.83733 1.84449 1.85169 1.85884 2.03640 2.55818 2.67635 2.67998 2.68919 2.69515 2.71278 2.82186 2.68048 2.63694 2.77506 2.81641 2.91250 3.16250 3.19776 3.27162 3.27162 3.27162 3.27162 3.59354 3.67442 3.66097 3.68361 3.73322 3.96092 3.90064 3.84042 3.78026 3.72034 3.67881
3.68192 3.40544 3.34410 3.05741 2.98969 2.96958 2.97548 2.93273 2.92027 2.89713 2.86977 2.83455 2.75231 2.73112 2.77492 2.79736 2.80113 2.80068 2.78542 2.72947 2.72832 2.72663 2.72461 2.72260 2.63849 2.61099 2.58279 2.44427 2.01051 1.89364 1.89787 1.89787 1.89787 1.94424 2.04139 2.14240 2.30677 2.64979 2.69988 2.70546 2.70546 2.70546 2.70559 2.81458 2.75706 2.67720 2.79265 2.88756 2.90689 3.22317 3.26807 3.38178 3.39873 3.42032 3.46563 3.49697 3.59105 3.62460 3.68468 3.72346 3.61815 3.59962 3.59962 3.59962 3.59962 3.59962
3.34763 3.19758 3.14146 2.93228 2.82469 2.78971 2.74014 2.69476 2.65345 2.63282 2.61637 2.60784 2.61649 2.73136 2.74717 2.74717 2.74717 2.74717 2.74602 2.68132 2.67821 2.67821 2.67821 2.67821 2.61948 2.57061 2.56852 2.46097 2.17282 1.97611 2.10214 2.19642 2.28494 2.33694 2.35037 2.35211 2.35583 2.79278 2.86578 2.88458 2.90314 2.92162 2.94007 2.99394 2.98544 2.83852 2.90035 3.02309 3.05758 3.28745 3.43630 3.54601 3.61326 3.64295 3.64944 3.59035 3.70277 3.70942 3.71920 3.72365 3.65242 3.59962 3.57976 3.53232 3.49063 3.37975
2.93778 2.87595 2.84548 2.73026 2.61150 2.59440 2.59808 2.60780 2.60780 2.60780 2.60780 2.60780 2.60829 2.70155 2.74717 2.74717 2.74717 2.74717 2.74594 2.68743 2.65324 2.63536 2.61807 2.60300 2.58202 2.53930 2.55902 2.51268 2.39980 2.17276 2.31835 2.33702 2.33702 2.33702 2.33702 2.33702 2.33702 2.76801 2.93953 2.94735 2.94735 2.94795 2.96497 3.01326 3.07769 2.99187 3.04042 3.23150 3.23211 3.31847 3.54454 3.59582 3.67752 3.67802 3.67802 3.61460 3.67210 3.72365 3.72293 3.68979 3.54752 3.26882 3.09640 2.95169 2.80083 2.71958
2.53143 2.70674 2.77266 2.73013 2.58922 2.58922 2.59178 2.60569 2.59749 2.58879 2.58012 2.57119 2.56220 2.60742 2.66308 2.60129 2.57867 2.55674 2.53655 2.53055 2.57951 2.61845 2.64889 2.67307 2.66603 2.58713 2.58302 2.53882 2.44956 2.18019 2.28406 2.33702 2.33702 2.33702 2.33702 2.33702 2.34602 2.66827 2.98703 3.02950 3.05398 3.07783 3.08528 3.08708 3.09234 3.02897 2.99802 3.19535 3.21305 3.21815 3.52580 3.56150 3.67664 3.67802 3.69540 3.72412 3.47193 3.28168 3.09027 2.93084 2.83825 2.72251 2.71943 2.71943 2.71943 2.71943
2.46576 2.70014 2.70561 2.68049 2.51008 2.49681 2.48825 2.50785 2.51364 2.51357 2.51293 2.51209 2.51101 2.52740 2.62273 2.52056 2.51816 2.51708 2.51535 2.51185 2.61313 2.65886 2.65382 2.65225 2.65129 2.57540 2.56570 2.53545 2.47652 2.24417 2.22290 2.36137 2.38585 2.41032 2.43476 2.45923 2.47471 2.64000 3.05709 3.08528 3.08528 3.08528 3.08528 3.08528 3.08528 3.05293 2.99770 3.14986 3.21305 3.21308 3.46437 3.66278 3.89496 4.04909 4.12251 4.18362 3.59122 2.84346 2.84346 2.84346 2.84346 2.75106 2.71943 2.71943 2.71943 2.71943
2.47634 2.63893 2.60801 2.58152 2.47451 2.44654 2.44531 2.46157 2.47742 2.47685 2.47685 2.47685 2.47685 2.47993 2.57782 2.50547 2.47777 2.47259 2.46802 2.46775 2.53247 2.63238 2.63238 2.63238 2.63221 2.56170 2.51270 2.47295 2.36335 2.28826 2.27683 2.47494 2.47494 2.47494 2.47494 2.47494 2.47494 2.51152 3.04667 3.08108 3.08528 3.08528 3.08528 3.08528 3.08528 3.09850 3.16393 3.43535 3.71335 3.88248 3.97404 3.87596 4.02598 4.20913 4.21303 4.21692 3.96619 2.90648 2.88695 2.89088 2.89477 2.84057 2.77866 2.79868 2.80527 2.81126
2.48271 2.60184 2.61423 2.57360 2.49628 2.44222 2.44222 2.44817 2.47685 2.47685 2.47614 2.47152 2.46629 2.46108 2.52806 2.51764 2.46736 2.46736 2.45850 2.42673 2.41613 2.55014 2.53129 2.50820 2.48424 2.43209 2.38139 2.37893 2.26514 2.25219 2.24735 2.45670 2.47845 2.47907 2.47970 2.48033 2.48095 2.48157 2.95750 3.07883 3.10378 3.23042 3.39459 3.55978 3.72482 3.86832 3.81351 3.87777 4.08811 4.07814 4.06596 3.92546 3.95080 4.19950 4.19044 4.20589 4.17213 3.17544 2.93709 2.93709 2.93709 2.91188 2.81018 2.83225 2.83970 2.84299
2.47800 2.56627 2.63315 2.57501 2.52575 2.44222 2.44222 2.44222 2.46298 2.45715 2.44733 2.44101 2.42768 2.41096 2.42236 2.38907 2.27199 2.23384 2.20357 2.19843 2.19800 2.35751 2.40282 2.39780 2.39277 2.38836 2.39153 2.39204 2.30044 2.25189 2.26796 2.40515 2.50039 2.48777 2.48777 2.48771 2.47002 2.48017 2.80766 3.19039 3.80241 3.83073 3.82603 3.82047 3.81502 3.80991 3.76971 3.75469 4.00319 4.01146 4.01894 3.94493 3.90537 4.14196 4.19704 4.21136 4.34253 3.50482 3.07866 3.16478 3.25084 3.33636 2.85888 2.81983 2.82967 2.82967
2.47162 2.52822 2.65509 2.59280 2.55815 2.35828 2.34048 2.32180 2.32027 2.32272 2.31317 2.30395 2.30241 2.30420 2.31635 2.28975 2.16920 2.16779 2.16819 2.16859 2.17182 2.27848 2.39177 2.39177 2.39177 2.39484 2.41170 2.41899 2.36044 2.30826 2.34952 2.37991 2.49585 2.42080 2.39184 2.35981 2.34077 2.41797 2.69780 3.07720 3.81744 3.85970 3.86718 3.87465 3.88206 3.88957 3.87856 3.83110 4.05727 4.09526 4.10062 4.12600 4.10002 4.32019 4.53271 4.60960 4.84744 4.29654 3.40572 3.40572 3.40572 3.40572 3.02067 2.81394 2.82967 2.84036
2.37665 2.41330 2.59527 2.53763 2.50891 2.29023 2.26863 2.27027 2.27940 2.30725 2.30457 2.30104 2.29758 2.29421 2.29158 2.28978 2.17838 2.15200 2.15005 2.15153 2.18103 2.23375 2.41243 2.42119 2.43221 2.44090 2.45173 2.44307 2.38497 2.27626 2.25023 2.19837 2.33365 2.27486 2.23731 2.23253 2.23253 2.27598 2.51846 3.11384 3.66010 3.90584 3.90584 3.90584 3.90588 3.91473 3.92838 4.05533 4.32854 4.51198 4.59633 4.61125 4.41783 4.46027 4.68288 4.68288 4.80456 4.56168 3.53740 3.40572 3.40572 3.41676 3.23555 2.88459 2.90694 2.90722
2.10951 2.29986 2.49748 2.48320 2.46156 2.31081 2.24579 2.24277 2.23990 2.26807 2.27140 2.27287 2.28717 2.30448 2.32104 2.33477 2.28568 2.30565 2.35788 2.39471 2.48113 2.27899 2.40205 2.41391 2.39416 2.37166 2.34825 2.33709 2.30006 2.16152 2.13721 2.13120 2.27280 2.28471 2.23253 2.23253 2.23253 2.23563 2.41960 3.04996 3.44335 3.93938 3.94281 3.94064 3.93857 3.93804 3.99216 4.24343 4.46613 4.61558 4.61558 4.61558 4.47856 4.40493 4.65124 4.68288 4.75627 4.71309 3.84113 3.45552 3.46808 3.46973 3.38549 2.83068 2.84577 2.84906
2.04936 2.28869 2.45680 2.44174 2.51637 2.44192 2.35355 2.36002 2.36175 2.37576 2.38607 2.38615 2.37346 2.35768 2.34272 2.34880 2.36629 2.47321 2.49765 2.49662 2.54298 2.35496 2.28162 2.31812 2.30436 2.29329 2.29460 2.29913 2.29407 2.15215 2.13135 2.14346 2.20852 2.30747 2.24803 2.28159 2.32540 2.36677 2.52286 2.99833 3.27245 3.88310 3.88186 3.88186 3.88186 3.88268 3.98299 4.14311 4.41029 4.61558 4.61558 4.61558 4.54890 4.40973 4.63951 4.85021 4.95900 5.19900 4.34526 3.42834 3.42834 3.42834 3.42834 2.93771 2.84108 2.84906
1.94106 2.19204 2.26466 2.30215 2.46971 2.44312 2.27411 2.26754 2.26567 2.27197 2.29413 2.29245 2.29078 2.28912 2.28745 2.29009 2.28236 2.38631 2.41599 2.40503 2.41782 2.31146 2.14247 2.23874 2.23874 2.23874 2.24036 2.24893 2.25249 2.14908 2.16226 2.23222 2.30961 2.49526 2.48140 2.48344 2.48344 2.48344 2.55459 2.87339 3.20300 3.74507 3.88186 3.88186 3.88186 3.88186 3.95243 4.04270 4.36795 4.65114 4.69435 4.73134 4.76343 4.64443 4.74165 5.01516 5.01450 5.25630 4.72232 3.48761 3.41909 3.41750 3.41592 3.08839 2.81305 2.79768
1.89703 2.07635 2.01045 2.21371 2.33018 2.43339 2.24985 2.24601 2.24601 2.24633 2.27711 2.28000 2.28000 2.27724 2.26700 2.25645 2.24216 2.30590 2.36944 2.38346 2.39493 2.38952 2.12186 2.25143 2.27114 2.28228 2.29348 2.31411 2.32232 2.24367 2.21628 2.28184 2.34199 2.49237 2.50451 2.49223 2.49637 2.50050 2.54392 2.75921 3.22831 3.57223 3.91425 3.92109 3.95685 3.99308 4.07888 4.20409 4.54930 4.73863 4.76801 4.75573 4.74212 4.63030 4.57531 4.90830 4.92170 5.13083 4.85862 3.79485 3.39044 3.39044 3.39044 3.22927 2.78297 2.72273
1.89703 2.09380 1.94858 2.22981 2.26453 2.44067 2.28258 2.24601 2.24601 2.25071 2.26777 2.25624 2.24569 2.23780 2.23790 2.24578 2.26232 2.33844 2.44246 2.48614 2.50978 2.60299 2.31629 2.37290 2.41897 2.42988 2.44074 2.39301 2.37103 2.32561 2.27503 2.33113 2.41496 2.50886 2.58272 2.56829 2.56829 2.56829 2.57646 2.70947 3.30350 3.49546 4.03349 4.05153 4.04074 4.02939 4.03664 4.14023 4.33924 4.55801 4.60653 4.60524 4.60202 4.54198 4.43826 4.66358 4.77905 4.92756 4.92495 4.16544 3.31717 3.21902 3.12098 3.01035 3.08942 3.03908
