High_resolution/powerplant/Fengdu/OMI_NO2_2008_06-08.asc
ncols      200
nrows      200
xllcorner       105.978
yllcorner       28.1831
cellsize     0.0166667
NODATA_Value      -999.000
[rows 30 to 59 of 200, columns 132 to 197 of 200]
1.65086 1.63985 1.63948 1.62944 1.65093 1.62951 1.59519 1.56221 1.58889 1.60068 1.61757 1.53987 1.55767 1.54560 1.55095 1.51078 1.49853 1.53374 1.51515 1.49607 1.53115 1.53274 1.53131 1.48523 1.46982 1.60688 1.73761 1.74737 1.79792 1.84363 1.89814 1.71182 1.71217 1.72791 1.74123 1.71675 1.71525 1.75713 1.72176 1.70799 1.71647 1.64301 1.67244 1.67259 1.66495 1.65463 1.66781 1.65179 1.69424 1.65476 1.64157 1.58198 1.63452 1.58579 1.55860 1.55653 1.58433 1.61647 1.58685 1.60047 1.44326 1.35828 1.36128 1.33541 0.715363 0.714859
1.59376 1.57266 1.58330 1.57252 1.61164 1.60427 1.59679 1.59715 1.66041 1.65464 1.61147 1.59539 1.62594 1.67020 1.75500 1.68714 1.61922 1.59997 1.62115 1.58097 1.59099 1.59457 1.61320 1.61223 1.60078 1.69911 1.84358 1.85306 1.88713 1.89105 1.93411 1.81271 1.78252 1.80419 1.79470 1.78496 1.75684 1.84194 1.79230 1.74523 1.74629 1.68847 1.66444 1.66793 1.63870 1.61216 1.62177 1.58253 1.63999 1.59175 1.60082 1.56207 1.65581 1.58524 1.51854 1.51702 1.53249 1.58653 1.57010 1.60878 1.55222 1.45961 1.45550 1.45156 0.781179 0.779121
1.63032 1.61122 1.67008 1.67693 1.70717 1.70921 1.73251 1.71109 1.77975 1.81926 1.82966 1.82458 1.76313 1.70327 1.76697 1.67180 1.65252 1.64907 1.70035 1.68672 1.69924 1.71106 1.71362 1.71116 1.67940 1.71557 1.82280 1.83632 1.87344 1.86506 1.92059 1.85773 1.78310 1.81920 1.82133 1.82609 1.78504 1.84356 1.84201 1.76782 1.74208 1.68694 1.64061 1.61752 1.60128 1.58211 1.61202 1.60259 1.66008 1.63085 1.63352 1.58668 1.64517 1.65201 1.59837 1.59793 1.60822 1.67520 1.65396 1.65950 1.65130 1.54570 1.46676 1.47541 0.701393 0.699966
1.81872 1.81163 1.83794 1.82529 1.83489 1.85526 1.85766 1.82130 1.84283 1.89961 1.92811 1.90104 1.84675 1.77853 1.86604 1.75607 1.77878 1.77832 1.80722 1.79538 1.78273 1.78273 1.78412 1.79482 1.77825 1.81234 1.88971 1.92504 1.97150 1.97195 2.00906 2.00035 1.88132 1.91264 1.90945 1.84225 1.78273 1.77794 1.81852 1.68297 1.65622 1.65896 1.69204 1.66850 1.65937 1.63307 1.66848 1.67197 1.71047 1.70893 1.71034 1.65929 1.67968 1.75980 1.67416 1.64476 1.63176 1.67790 1.65640 1.65553 1.68476 1.59350 1.46072 1.46959 1.20374 0.689295
1.77788 1.90713 1.92453 1.91409 1.91608 1.93333 1.93248 1.91934 1.92045 1.99570 2.04830 2.00586 1.93198 1.83836 1.87561 1.76351 1.83072 1.85356 1.88820 1.89505 1.89421 1.91445 1.93333 1.95468 1.92573 1.89809 1.89481 1.94665 1.96772 1.91768 1.91419 1.88982 1.74457 1.73910 1.73899 1.71670 1.71698 1.69558 1.77277 1.69847 1.69216 1.69471 1.72700 1.68297 1.70406 1.69810 1.74757 1.75782 1.75076 1.75833 1.74208 1.67889 1.66989 1.75692 1.67032 1.60260 1.58407 1.62893 1.63537 1.63835 1.59481 1.61543 1.43999 1.43948 1.33137 0.624061
1.79944 1.93911 2.00896 1.99902 1.96327 1.97520 1.96231 1.96308 1.94937 2.02776 2.07596 2.04444 2.01800 1.95658 1.98543 1.97636 2.01096 1.98009 1.97625 1.95436 1.90777 1.89069 1.87419 1.85924 1.85517 1.88234 1.86700 1.79343 1.73839 1.66761 1.65343 1.77004 1.76178 1.74937 1.79205 1.77338 1.77197 1.71189 1.77262 1.70630 1.64610 1.61492 1.61029 1.55993 1.62242 1.75071 1.79936 1.79460 1.75736 1.74462 1.72867 1.66357 1.65252 1.72058 1.70689 1.62863 1.61099 1.64999 1.62644 1.60110 1.52098 1.52345 1.41155 1.36287 1.30229 0.695612
1.79076 1.88560 2.04171 2.05715 2.02029 2.04312 2.05396 2.06650 2.01843 2.08666 2.11795 2.10128 2.11409 2.11279 2.10865 2.15861 2.05405 1.95820 1.90283 1.88120 1.85976 1.85366 1.85549 1.82517 1.82939 1.83433 1.82169 1.76228 1.72718 1.72049 1.73789 1.83099 1.85748 1.79331 1.80207 1.78139 1.73286 1.59378 1.56503 1.56418 1.50151 1.48363 1.48745 1.46445 1.50846 1.64141 1.70769 1.67375 1.64158 1.62269 1.62578 1.60134 1.61346 1.59646 1.61228 1.50222 1.42357 1.42832 1.37133 1.33579 1.30491 1.36049 1.29901 1.19958 1.09596 0.742791
1.88456 1.92943 2.11943 2.12410 2.08741 2.07734 2.06360 2.07780 2.10645 2.20032 2.26056 2.24857 2.18580 2.18980 2.13353 2.20939 2.09601 2.01522 1.97296 1.90536 1.84413 1.81004 1.82486 1.82066 1.86329 1.89176 1.89293 1.83555 1.75505 1.77899 1.81122 1.85415 1.85954 1.78185 1.74535 1.75571 1.67303 1.46374 1.42169 1.46629 1.43031 1.39553 1.38142 1.36308 1.37865 1.46976 1.55935 1.57889 1.58037 1.52620 1.51500 1.48014 1.44560 1.38760 1.41145 1.34957 1.27516 1.31135 1.23407 1.22507 1.15116 1.23071 1.20911 1.08880 0.981629 0.883572
1.84918 1.84980 2.01740 2.06635 2.07543 2.09158 2.11200 2.18623 2.20337 2.18796 2.11695 2.17366 2.23349 2.30342 2.25849 2.32199 2.27401 2.23305 2.15697 2.11608 2.04218 1.96153 1.96548 1.91107 1.95529 1.97630 1.97815 1.90353 1.73972 1.75328 1.80129 1.81704 1.83833 1.80905 1.75702 1.77081 1.69838 1.50762 1.39881 1.42409 1.40419 1.36997 1.37183 1.38115 1.39572 1.42499 1.55721 1.51279 1.48710 1.38875 1.38530 1.34088 1.32543 1.27996 1.28393 1.23838 1.17235 1.21269 1.14918 1.17475 1.11379 1.16351 1.15196 1.09054 0.998401 1.00058
1.91526 1.95849 2.10307 2.22070 2.22165 2.24427 2.25310 2.25413 2.25069 2.22323 2.14627 2.20682 2.24129 2.34640 2.35011 2.39453 2.42091 2.41876 2.27344 2.26769 2.12109 2.04526 2.04014 1.97851 2.01345 1.98462 1.99423 1.96677 1.83776 1.81825 1.84976 1.88230 1.89680 1.87505 1.80065 1.79390 1.73229 1.57173 1.42296 1.43870 1.41159 1.41659 1.39096 1.36406 1.34422 1.31310 1.48255 1.46481 1.44850 1.36831 1.33141 1.27424 1.26893 1.26463 1.27702 1.27125 1.20838 1.20017 1.13659 1.17569 1.13076 1.15065 1.16982 1.16487 1.10350 0.996909
2.06432 2.06043 2.06784 2.16451 2.16395 2.28405 2.33662 2.30890 2.33615 2.30949 2.21569 2.31252 2.29704 2.43714 2.47030 2.48156 2.48169 2.52293 2.32819 2.30514 2.15528 2.07684 2.05456 1.97057 2.00966 1.97060 1.98110 1.98538 1.92870 1.84682 1.84442 1.86703 1.86592 1.84649 1.78284 1.75699 1.72588 1.57275 1.30211 1.29210 1.29545 1.28215 1.27427 1.26623 1.24566 1.22743 1.34288 1.40746 1.40256 1.35810 1.33105 1.28159 1.26825 1.25431 1.25081 1.25370 1.22883 1.21013 1.19982 1.25240 1.26573 1.28149 1.26491 1.24051 1.17054 1.03348
2.07330 2.07568 2.06028 2.21474 2.25830 2.36124 2.43460 2.42429 2.38838 2.37923 2.32003 2.38171 2.34710 2.42199 2.40185 2.36000 2.32814 2.34543 2.16189 2.09061 2.03676 1.93617 1.89200 1.83419 1.89381 1.83332 1.82754 1.83207 1.80877 1.71020 1.72028 1.76722 1.77898 1.76660 1.75347 1.69245 1.67915 1.54260 1.23110 1.21108 1.22876 1.22737 1.25150 1.25373 1.22848 1.23690 1.26683 1.38470 1.37076 1.35428 1.30316 1.26629 1.27548 1.28812 1.32014 1.31101 1.30582 1.22825 1.21264 1.22904 1.24231 1.24620 1.23769 1.22749 1.16949 1.14576
2.08842 2.08922 2.09787 2.29748 2.38607 2.52154 2.63148 2.62757 2.55416 2.52711 2.45757 2.50746 2.49042 2.44723 2.42635 2.33830 2.34527 2.36211 2.24026 2.13917 2.13756 1.99691 1.96249 1.91010 1.96224 1.86396 1.80593 1.69029 1.71836 1.66443 1.70612 1.77899 1.80906 1.78372 1.74654 1.60959 1.54603 1.45668 1.23163 1.17320 1.21156 1.22881 1.25269 1.27420 1.25991 1.28692 1.26880 1.40515 1.42584 1.42271 1.35612 1.33245 1.30922 1.30433 1.31693 1.29952 1.28937 1.19781 1.19440 1.19606 1.23678 1.26201 1.29130 1.30718 1.24780 1.17763
2.05106 2.05791 2.09194 2.29442 2.40686 2.46745 2.61096 2.57864 2.49179 2.45449 2.38532 2.41083 2.39863 2.37197 2.37686 2.33813 2.34040 2.37598 2.29168 2.21669 2.21761 2.04102 2.00965 1.95351 2.00491 1.93180 1.93669 1.78510 1.85319 1.80062 1.77402 1.77256 1.82074 1.82074 1.82300 1.71199 1.54402 1.48770 1.29118 1.18236 1.19745 1.22367 1.28396 1.30392 1.29973 1.30353 1.26932 1.36195 1.40015 1.38104 1.34095 1.30994 1.27641 1.27042 1.30668 1.28809 1.29811 1.27908 1.26485 1.28755 1.32647 1.30090 1.25493 1.25518 1.22680 1.25688
2.13748 2.13325 2.11896 2.19211 2.32036 2.33500 2.51090 2.50260 2.43377 2.42792 2.36308 2.39320 2.37377 2.32775 2.30862 2.31662 2.28078 2.32490 2.24612 2.15980 2.12684 2.07437 2.02670 2.00094 2.04460 1.90681 1.88415 1.78951 1.78324 1.78105 1.71207 1.67353 1.67739 1.64802 1.61831 1.57754 1.40799 1.37836 1.32204 1.27493 1.29526 1.32598 1.36674 1.38537 1.34924 1.34053 1.32722 1.33430 1.41617 1.40661 1.38955 1.35816 1.31655 1.31987 1.38744 1.37219 1.37055 1.42421 1.32432 1.33742 1.35528 1.37835 1.42266 1.50426 1.54331 1.54331
2.01560 2.03952 2.03952 2.09237 2.21881 2.28524 2.42772 2.44302 2.38578 2.44349 2.45231 2.48735 2.44403 2.43264 2.38652 2.40480 2.31481 2.28709 2.22771 2.12404 2.03493 1.98186 1.91661 1.90978 1.92434 1.84683 1.83864 1.76577 1.70660 1.69317 1.52994 1.48505 1.47352 1.47484 1.47570 1.48342 1.34954 1.30693 1.29003 1.29126 1.30230 1.32933 1.37020 1.39393 1.38803 1.39174 1.40086 1.32525 1.46380 1.47895 1.49602 1.44187 1.38901 1.40055 1.45113 1.38734 1.32426 1.30586 1.45873 1.47289 1.48467 1.49777 1.49760 1.54331 1.54331 1.54331
2.07153 2.16577 2.17908 2.20414 2.30550 2.36240 2.41416 2.46182 2.44859 2.48909 2.48395 2.48804 2.42607 2.38286 2.29755 2.30140 2.20093 2.10285 2.09868 2.03807 1.90291 1.89933 1.81113 1.76584 1.78645 1.71077 1.69972 1.66225 1.60639 1.62909 1.53559 1.45788 1.43252 1.43082 1.43051 1.44554 1.38161 1.30513 1.29523 1.29298 1.29130 1.31009 1.37299 1.34362 1.35790 1.36686 1.42669 1.34365 1.43813 1.44573 1.41765 1.33971 1.34347 1.34338 1.34545 1.36865 1.30826 1.25710 1.42892 1.45074 1.44264 1.43313 1.39940 1.46138 1.38618 1.28384
2.05960 2.15055 2.14894 2.16482 2.25119 2.36940 2.39379 2.44351 2.39673 2.36799 2.32568 2.27626 2.19134 2.18338 2.19400 2.22867 2.19525 2.09966 2.10292 2.08340 1.86311 1.86185 1.77348 1.72599 1.75883 1.69220 1.67554 1.66575 1.62761 1.64213 1.57707 1.46171 1.43984 1.44185 1.44616 1.44169 1.42040 1.29054 1.28679 1.27076 1.27164 1.28606 1.34396 1.30591 1.29958 1.27192 1.30682 1.22400 1.19978 1.26161 1.25582 1.24630 1.29674 1.36743 1.35047 1.34558 1.29767 1.25890 1.32651 1.37054 1.30198 1.26124 1.10278 0.879717 0.850729 0.850729
2.07137 2.18474 2.19283 2.20875 2.28027 2.31887 2.28544 2.21371 2.20649 2.20233 2.20080 2.20423 2.16247 2.16690 2.16579 2.15237 2.11966 2.04089 2.03103 2.02825 1.87714 1.83121 1.78599 1.70915 1.70677 1.56965 1.51572 1.43479 1.44228 1.47665 1.55281 1.47370 1.48001 1.47202 1.47495 1.47258 1.48574 1.35616 1.32678 1.26771 1.22445 1.18806 1.21407 1.16590 1.16290 1.16303 1.21898 1.22180 1.15219 1.27082 1.25818 1.26464 1.18542 1.29312 1.25871 1.25971 1.20936 1.13922 1.13133 1.23379 1.14907 1.15414 0.965727 0.901087 0.864048 0.864048
2.06282 2.16081 2.19323 2.18626 2.22334 2.23228 2.20382 2.17937 2.19923 2.21228 2.21288 2.21180 2.17130 2.14444 2.15031 2.11399 2.09013 2.02692 1.97541 1.97063 1.88494 1.78839 1.76241 1.63630 1.65043 1.54352 1.49261 1.44381 1.46162 1.49920 1.57956 1.50555 1.49686 1.46669 1.44162 1.40573 1.35207 1.26635 1.19950 1.15874 1.15741 1.14574 1.17962 1.16186 1.17013 1.17772 1.20542 1.21274 1.09719 1.10714 1.08018 1.05606 1.02237 1.24202 1.23121 1.28140 1.25565 1.24257 1.24198 1.42857 1.31318 1.22400 0.969185 0.935840 0.860243 0.856011
2.06454 2.12431 2.17764 2.18217 2.19996 2.27527 2.21715 2.19500 2.21568 2.22750 2.22945 2.23141 2.20595 2.16152 2.15822 2.11840 2.05716 1.99402 1.91279 1.91970 1.88866 1.73567 1.74902 1.61329 1.61182 1.49175 1.44650 1.40419 1.43674 1.44938 1.49046 1.41353 1.33047 1.26396 1.25040 1.25040 1.21456 1.23383 1.18270 1.14752 1.13828 1.12466 1.14145 1.13636 1.14008 1.11545 1.11162 1.12149 1.05285 0.999825 1.00142 0.990839 0.956285 1.28658 1.38831 1.38831 1.36696 1.33587 1.29028 1.41810 1.31417 1.21762 0.949032 0.923636 0.803326 0.785691
2.08242 2.11239 2.17626 2.18054 2.18391 2.26143 2.23671 2.19721 2.23359 2.24822 2.23485 2.23439 2.21134 2.17086 2.13149 2.09715 2.04109 1.98259 1.88231 1.89185 1.88611 1.72138 1.70210 1.56104 1.53414 1.43226 1.35897 1.32005 1.30025 1.33709 1.39446 1.38717 1.30991 1.27576 1.25772 1.25284 1.21171 1.19905 1.08580 1.05789 1.06170 1.04436 1.04763 1.07753 1.08581 1.08246 1.07919 1.09033 1.02900 0.946631 0.969829 0.969387 0.954847 1.11292 1.41399 1.36348 1.36690 1.40150 1.37919 1.39602 1.35750 1.28613 1.07870 1.07870 0.689452 0.656546
2.15739 2.16762 2.24808 2.24889 2.23583 2.28416 2.29102 2.21926 2.22436 2.25504 2.23998 2.24102 2.22023 2.15971 2.08488 2.05308 2.01623 1.92818 1.86435 1.88833 1.88913 1.73663 1.60563 1.42491 1.36186 1.24413 1.20802 1.23522 1.26862 1.33134 1.37817 1.39076 1.31321 1.29246 1.26785 1.27948 1.25563 1.24622 1.08180 1.04011 1.04603 1.02134 1.00956 1.02770 0.994818 0.986173 0.957747 0.941398 0.940351 0.957169 0.983562 0.985833 0.980975 0.993868 1.23866 1.08997 0.900538 1.00888 1.01100 1.03193 0.974318 0.783645 0.783645 0.783645 0.736290 0.656546
2.08861 2.05946 2.12643 2.14082 2.11484 2.14757 2.20482 2.09498 2.04031 2.07928 2.06622 2.05093 2.04594 1.98246 1.92123 1.91597 1.92139 1.84619 1.82512 1.86183 1.88150 1.81300 1.59228 1.45926 1.34535 1.25832 1.20403 1.27470 1.29305 1.34866 1.43170 1.44137 1.38695 1.34371 1.29808 1.29457 1.28809 1.25182 1.09138 0.954987 0.906920 0.876477 0.840361 0.854792 0.876769 0.916587 0.913057 0.884173 0.846406 0.833390 0.808287 0.769754 0.717535 0.683851 0.807061 0.847977 0.870954 1.09092 1.08771 1.05407 0.919365 0.734063 0.716989 0.699851 0.665906 0.538552
1.95355 1.94185 1.99422 2.04482 2.04871 2.05951 2.12025 2.03284 1.93314 2.01896 2.03102 2.03938 2.04428 2.02822 1.96845 1.96914 1.95340 1.86393 1.80923 1.83514 1.85401 1.77000 1.59849 1.42229 1.32641 1.28445 1.28131 1.37429 1.38383 1.43127 1.41995 1.40903 1.38458 1.29260 1.23893 1.19598 1.16311 1.10243 1.03734 0.917538 0.890052 0.896616 0.896351 0.906282 0.951595 0.909824 0.683113 0.625489 0.603320 0.682457 0.737387 0.849341 0.810784 0.774515 0.649352 0.746647 0.716247 0.810305 0.768275 0.759990 0.716832 0.669653 0.626114 0.640980 0.654047 0.633205
1.89528 1.89177 1.91061 1.97744 1.97148 1.96088 1.98649 1.96246 1.95299 2.07198 2.07969 2.11798 2.12372 2.13183 2.03879 1.97640 1.95329 1.80091 1.74972 1.80475 1.85791 1.79388 1.70235 1.52180 1.39448 1.33943 1.31602 1.43097 1.40967 1.37524 1.38294 1.33724 1.24477 1.15722 1.14010 1.12517 1.12935 1.13782 1.16688 0.981001 0.929721 0.920267 0.939778 0.979158 1.02132 1.03913 0.679897 0.682318 0.669920 0.729620 0.743656 0.769089 0.704047 0.694832 0.525642 0.664256 0.671921 0.787337 0.756190 0.764816 0.725145 0.664743 0.593670 0.589495 0.584801 0.584347
1.90944 1.89825 1.86886 1.92981 1.89247 1.86856 1.94642 2.01873 2.00127 2.08414 2.05527 2.09395 2.09264 2.18806 2.11185 1.98613 1.98779 1.89557 1.78585 1.83779 1.87608 1.77725 1.69771 1.51074 1.39399 1.29225 1.23109 1.31259 1.29165 1.27874 1.32843 1.31065 1.25519 1.19692 1.17231 1.14563 1.14084 1.14830 1.18472 1.09098 1.02758 0.990104 0.988409 0.962482 0.972483 1.03542 0.724530 0.663015 0.662668 0.728960 0.758151 0.791685 0.696258 0.698184 0.562116 0.690484 0.689773 0.776569 0.741716 0.698217 0.644535 0.578658 0.500868 0.500868 0.500868 0.500868
1.81079 1.80378 1.82811 1.86560 1.86777 1.86811 1.87768 1.91497 1.93759 2.05116 2.07105 2.18079 2.17339 2.20665 2.13503 1.94897 1.91863 1.85608 1.74337 1.76792 1.80731 1.71467 1.65427 1.43762 1.34406 1.23877 1.27391 1.41093 1.32507 1.30808 1.30779 1.26592 1.23388 1.18238 1.15491 1.15750 1.17708 1.20330 1.20496 1.17454 1.03471 0.935498 0.935859 0.961822 0.993603 1.05319 0.869475 0.805642 0.807785 0.874518 0.891077 0.925218 0.821262 0.835863 0.728960 0.780685 0.778856 0.806077 0.778856 0.746191 0.706267 0.656361 0.588296 0.588296 0.588296 0.588296
1.81129 1.79963 1.83584 1.85612 1.88911 1.93841 1.95696 1.95576 1.95249 2.01744 2.06020 2.15173 2.12675 2.17092 2.12467 1.98375 1.89746 1.86870 1.75355 1.74816 1.79691 1.73666 1.71422 1.56947 1.46516 1.35307 1.36251 1.45711 1.44315 1.48370 1.46832 1.43169 1.42713 1.30795 1.19268 1.19265 1.19307 1.21196 1.23662 1.27693 1.11370 0.946500 0.920557 0.960525 0.982028 1.02296 0.911559 0.735960 0.738976 0.829987 0.851332 0.939605 0.880507 0.950519 0.836608 0.834153 0.836401 0.855623 0.836401 0.813975 0.787927 0.806520 0.940163 0.701216 0.701216 0.701216
1.86742 1.82065 1.87288 1.84346 1.88347 1.91553 1.91359 1.87301 1.87132 1.89463 1.96269 2.04882 1.98167 1.98592 1.90818 1.84995 1.75844 1.75703 1.73524 1.67876 1.73943 1.65344 1.63460 1.51275 1.34913 1.32745 1.31657 1.42824 1.43504 1.48881 1.50034 1.47977 1.48740 1.41103 1.31962 1.33621 1.37231 1.38205 1.45971 1.48331 1.37254 1.13139 0.956899 1.01688 1.05687 1.05826 1.06119 0.841553 0.852521 1.01181 1.02941 1.01357 0.911074 1.00352 0.904960 0.885696 0.952719 1.02346 1.07812 1.14499 1.21406 1.24159 1.24159 0.779129 0.779129 0.779129
