High_resolution/powerplant/Fengdu/OMI_NO2_200803.asc
ncols      200
nrows      200
xllcorner       105.978
yllcorner       28.1831
cellsize     0.0166667
NODATA_Value      -999.000
[rows 58 to 86 of 200, columns 130 to 194 of 200]
2.00807 2.00807 2.17151 2.92415 2.92415 2.92415 2.92456 2.93376 2.93412 2.93412 2.93412 2.93412 2.93412 2.93412 2.93412 2.92634 1.40698 1.25977 1.30132 1.21507 1.02389 1.01352 1.01074 1.01074 1.01074 1.01337 1.03880 1.17377 1.40805 1.96114 2.02292 2.08991 2.16201 2.24052 2.32603 2.40248 2.06702 1.67618 1.59103 1.52228 1.45675 1.34226 1.34226 1.34226 1.34226 1.34226 1.34226 1.34226 1.34226 1.34226 1.34226 1.34226 1.34226 0.896000 0.859575 0.870032 0.870032 0.949160 1.03744 1.00491 0.963108 0.907326 0.870032 0.870032 0.870032
2.00807 2.00807 2.06916 2.86684 2.92415 2.92415 2.92415 2.93102 2.93412 2.93412 2.93412 2.93412 2.92344 2.71112 2.42182 2.13271 1.59872 1.35383 1.35339 1.32597 1.15497 1.18817 1.22431 1.26335 1.30621 1.34706 1.35339 1.67412 1.86533 2.42368 2.46707 2.45566 2.34915 2.22152 2.09379 1.98350 1.88367 1.51614 1.51614 1.51614 1.50157 1.34297 1.34226 1.34226 1.34226 1.34226 1.34226 1.34226 1.34226 1.34226 1.34226 1.34226 1.34226 1.08475 0.817040 0.870032 0.870032 0.870032 0.870032 0.870032 0.870032 0.869989 0.866368 0.860462 0.854518
2.40925 2.68572 2.91675 2.92415 2.92415 2.92415 2.92415 2.92797 2.92921 2.75644 2.46739 2.17791 1.89941 1.82255 1.82255 1.82255 1.70754 1.35339 1.35339 1.35339 1.35339 1.35339 1.35339 1.35339 1.35339 1.35339 1.35339 1.50955 1.86388 2.12983 2.10635 1.99017 1.96890 1.96890 1.96890 1.96890 1.96856 1.54827 1.51569 1.49502 1.46355 1.36402 1.32794 1.22793 1.13132 1.05069 1.08651 1.34226 1.34226 1.34226 1.34226 1.34226 1.34226 1.27406 0.787950 0.870032 0.870032 0.869979 0.866287 0.860343 0.854442 0.848557 0.846256 0.846256 0.846256
2.92415 2.92415 2.92415 2.92415 3.00775 3.11806 3.06605 2.95503 1.95104 1.82255 1.82255 1.82255 1.82255 1.82255 1.82255 1.82255 1.81748 1.39482 1.35339 1.35339 1.35339 1.35339 1.35339 1.35339 1.35339 1.35339 1.35339 1.39953 1.86388 1.90174 1.96890 1.96890 1.96890 1.96890 1.96879 1.94198 1.89472 1.54006 1.35834 1.26945 1.20073 1.08822 0.955733 0.947626 0.947626 0.947626 0.967062 1.33415 1.34226 1.34226 1.34226 1.34226 1.34226 1.34138 0.886020 0.860253 0.854340 0.848453 0.846256 0.846256 0.846256 0.846256 0.846256 0.846256 0.846256
3.06216 3.21569 3.17639 3.12158 2.98355 2.81843 2.81601 2.81601 2.05997 1.82255 1.82255 1.82255 1.82255 1.82255 1.82255 1.82255 1.82255 1.54110 1.35339 1.35339 1.35339 1.35339 1.35339 1.35339 1.35339 1.35339 1.35339 1.35347 1.74039 1.86497 1.96289 1.94670 1.89944 1.82259 1.63191 1.48334 1.37440 1.19599 1.08456 1.08456 1.08456 1.06722 0.947626 0.947626 0.947626 0.947626 0.947626 1.21523 1.34226 1.34219 1.28774 1.16220 0.989020 0.737561 0.689157 0.843554 0.846256 0.846256 0.846256 0.846256 0.846256 0.846256 0.846256 0.849874 0.862707
3.03939 2.83144 2.81601 2.81601 2.81601 2.81601 2.81601 2.81601 2.36384 1.82255 1.82255 1.82255 1.82255 1.82255 1.82255 1.82255 1.82255 1.69243 1.35339 1.35339 1.35339 1.35339 1.35339 1.35339 1.35339 1.35339 1.35339 1.33555 1.46069 1.46297 1.44691 1.42131 1.32194 1.24997 1.24254 1.24254 1.24254 1.20507 1.08456 1.08456 1.08456 1.08456 0.974668 0.947626 0.947626 0.947626 0.902974 0.923302 1.00869 0.764585 0.610607 0.617474 0.671701 0.734847 0.804503 0.890409 0.901165 0.908039 0.914230 0.919797 0.924841 0.929443 0.933635 0.936574 0.936737
2.81601 2.81601 2.81601 2.81601 2.81601 2.81601 2.81601 2.81601 2.66768 1.82255 1.82255 1.82255 1.82255 1.82255 1.82255 1.82255 1.82255 1.81269 1.38426 1.35339 1.35339 1.35339 1.35339 1.33942 1.30002 1.29518 1.29584 1.31433 1.22550 0.826856 0.965763 1.24254 1.24254 1.24254 1.24254 1.24254 1.24254 1.24028 1.09150 1.08456 1.08803 1.10291 1.03413 0.876461 0.774855 0.649102 0.579562 0.651010 1.12668 1.18983 1.25305 1.30954 1.31853 1.31853 1.31853 1.01189 0.936737 0.936737 0.936737 0.936737 0.936737 0.936737 0.936737 0.936737 0.936737
2.81601 2.81601 2.81601 2.81601 2.81601 2.81601 2.81601 2.81601 2.81601 1.97808 1.82255 1.82255 1.82255 1.82255 1.82255 1.82255 1.82255 1.82255 1.52576 1.34283 1.31841 1.31899 1.31958 1.33420 1.37430 1.37974 1.37974 1.37974 1.36924 0.861086 0.825924 1.18401 1.18961 1.17253 1.15639 1.14110 1.12663 1.11287 1.17689 1.17641 1.12363 1.04793 0.954220 0.738440 0.738440 0.738440 0.738440 0.738527 1.17972 1.31853 1.31853 1.31853 1.31853 1.31853 1.31853 1.09122 0.936737 0.936737 0.936737 0.936737 0.936737 0.936737 0.936737 0.936737 0.936737
2.81601 2.81601 2.81601 2.81601 2.81573 2.78593 2.81601 2.81601 2.81601 2.28192 1.82255 1.82255 1.82255 1.82255 1.82255 1.84322 2.01439 2.21743 2.08340 1.35456 1.37960 1.35218 1.27410 1.24681 1.22167 1.19833 1.17667 1.15654 1.13767 0.877153 0.747484 0.969968 1.07909 1.07909 1.06525 0.999738 0.919829 0.827309 0.867839 0.990747 0.990747 0.990747 0.990090 0.779020 0.738440 0.738440 0.738440 0.738440 0.967231 1.31853 1.31853 1.31853 1.31853 1.31853 1.31853 1.21281 0.936737 0.936737 0.936737 0.936737 0.936737 0.936737 0.936737 0.936737 0.936277
2.81601 2.76608 2.61745 2.49521 2.39600 2.45505 2.81601 2.81601 2.81601 2.58592 1.82255 1.84085 2.00180 2.20472 2.40762 2.59020 2.62187 2.62187 2.57971 1.43837 1.37974 1.32613 1.11608 1.11608 1.11608 1.11608 1.11608 1.11608 1.11608 0.985742 0.747484 0.836342 0.928103 0.836881 0.754215 0.747484 0.747484 0.747484 0.807541 0.990747 0.990747 0.987990 0.950911 0.812250 0.738440 0.748442 0.814708 0.908062 1.10074 1.31853 1.31853 1.31853 1.31853 1.31853 1.31853 1.31730 0.961158 0.936737 0.936737 0.936737 0.936219 0.929230 0.920280 0.911341 0.902844
2.43889 2.40827 2.43727 2.46693 2.49475 2.47605 2.77490 2.76574 2.75727 2.80493 2.42614 2.57966 2.62187 2.62187 2.62187 2.62187 2.62187 2.62187 2.62187 1.79758 1.37974 1.37923 1.13338 1.11608 1.11608 1.11608 1.11608 1.11608 1.11608 1.09083 0.753382 0.747484 0.747484 0.747484 0.747484 0.747484 0.747484 0.745209 0.704530 0.894438 0.835311 0.799008 0.862299 0.970800 1.11892 1.29389 1.31853 1.31853 1.31853 1.31853 1.31853 1.31853 1.31853 1.31853 1.31853 1.31853 1.02702 0.929043 0.920100 0.911154 0.902722 0.900765 0.900765 0.900765 0.900765
2.60957 2.60968 2.60764 2.57125 2.55199 2.55041 2.60373 2.92291 2.98920 2.98920 2.76113 2.62187 2.62187 2.62187 2.62187 2.62187 2.62187 2.62187 2.62187 2.19877 1.37974 1.37974 1.18196 1.11608 1.11608 1.11608 1.11608 1.11608 1.11608 1.11608 0.839176 0.747484 0.747484 0.746511 0.701858 0.622998 0.533786 0.445897 0.439928 0.920348 1.22322 1.31853 1.31853 1.31853 1.31853 1.31853 1.31853 1.31853 1.31853 1.31853 1.31853 1.31853 1.31671 1.28402 1.25277 1.23093 1.11172 0.900765 0.900765 0.900765 0.900765 0.900765 0.900765 0.900765 0.900765
2.52672 2.55133 2.58222 2.64750 2.69566 2.69608 2.61927 2.98920 2.98920 2.98920 2.87314 2.62187 2.62187 2.62187 2.62187 2.62187 2.62187 2.62187 2.62187 2.56014 1.41962 1.37974 1.24044 1.11608 1.11608 1.11608 1.11608 1.11608 1.11608 1.11597 0.921757 0.631523 0.562340 0.477047 0.463809 0.520358 0.582757 0.588741 0.588741 0.983842 1.31853 1.31853 1.31853 1.31853 1.31853 1.31853 1.31853 1.31853 1.31785 1.28793 1.25544 1.23280 1.21668 1.21285 1.21285 1.21278 1.18621 0.986912 1.01303 1.05307 1.09326 1.13330 1.17334 1.21338 1.25352
2.69198 2.69628 2.69628 2.69628 2.69628 2.69628 2.57474 2.95245 2.98920 2.98920 2.97304 2.63391 2.62187 2.62187 2.62187 2.62187 2.62187 2.62187 2.62187 2.62187 1.75909 1.37974 1.31171 1.11608 1.11608 1.11608 1.09953 1.05521 0.978059 0.879984 0.771463 0.559386 0.588741 0.588741 0.588741 0.588741 0.588741 0.588741 0.588741 0.812348 1.31853 1.31853 1.31853 1.31853 1.31798 1.28713 1.24974 1.22392 1.20518 1.19765 1.19454 1.19143 1.18832 1.18522 1.18211 1.17907 1.18169 1.42861 1.38612 1.38612 1.38612 1.38612 1.38612 1.38612 1.38612
2.69628 2.69628 2.69628 2.69628 2.69628 2.69628 2.61762 2.76362 2.98920 2.98920 2.98920 2.72968 2.62187 2.62187 2.62187 2.62187 2.62187 2.62187 2.62187 2.62187 2.16030 1.37974 1.36938 1.06027 0.970203 0.871975 0.793969 0.763924 0.761349 0.761349 0.761349 0.634602 0.588741 0.589348 0.630511 0.694984 0.759592 0.823997 0.888538 0.995269 1.27461 1.25132 1.21990 1.19838 1.18295 1.17809 1.17809 1.17809 1.17809 1.17809 1.17809 1.17809 1.17809 1.17809 1.17809 1.17809 1.17809 1.39801 1.38612 1.38612 1.38612 1.38612 1.38612 1.38612 1.38612
2.69628 2.69628 2.69628 2.69628 2.69628 2.69628 2.66504 2.60262 2.98920 2.98920 2.98920 2.84184 2.62187 2.62187 2.62187 2.62187 2.62187 2.62187 2.55002 2.27291 1.91990 1.11882 0.968959 0.797198 0.796516 0.828753 0.860989 0.893327 0.925496 0.957833 0.990036 1.05542 1.17513 1.23900 1.26244 1.26244 1.26244 1.24902 1.22232 1.20392 1.18453 1.17810 1.17809 1.17809 1.17809 1.17809 1.17809 1.17809 1.17809 1.17809 1.17809 1.17809 1.17809 1.17809 1.17809 1.17809 1.17809 1.35538 1.39458 1.38612 1.38612 1.38612 1.38612 1.38612 1.38612
2.69628 2.69628 2.69628 2.69628 2.73874 2.83651 2.94932 2.95234 2.98920 2.98920 2.98920 2.95185 2.62374 2.61587 2.50650 2.19889 1.89352 1.61408 1.41531 1.38997 1.37745 1.12738 0.993040 1.04413 1.09820 1.09820 1.09820 1.09820 1.09820 1.09820 1.09820 1.12097 1.26244 1.26244 1.22628 1.20549 1.19176 1.18490 1.18481 1.18481 1.18076 1.17809 1.17809 1.17809 1.17809 1.17809 1.17809 1.17809 1.17809 1.17809 1.17809 1.17809 1.17809 1.17809 1.17809 1.17809 1.17809 1.27343 1.44226 1.38612 1.35389 1.28826 1.22942 1.18222 1.16806
2.71599 2.80488 2.91327 3.04032 3.09542 3.05532 3.01500 2.79205 2.61640 2.55396 2.45885 2.22590 1.79252 1.52936 1.36481 1.34583 1.34583 1.34583 1.34583 1.34583 1.34583 1.23600 0.996066 1.01994 1.09820 1.09820 1.09820 1.09820 1.09820 1.09820 1.09820 1.09938 1.24026 1.26244 1.19789 1.18481 1.18481 1.18481 1.18481 1.18481 1.18233 1.17809 1.17809 1.17809 1.17809 1.17809 1.17809 1.17809 1.17809 1.17809 1.17809 1.17809 1.16336 1.13638 1.11251 1.09086 1.07136 1.06527 1.25824 1.08048 0.996603 1.01885 1.04594 1.07474 1.07906
2.87801 2.84462 2.80452 2.76431 2.74370 2.73973 2.70669 2.38423 1.95965 1.75368 1.58116 1.54273 1.44680 1.34583 1.34583 1.34583 1.34583 1.34583 1.34583 1.34583 1.34583 1.32308 1.00056 0.998895 1.09496 1.09820 1.09820 1.09820 1.09820 1.09820 1.09820 1.09820 1.17554 1.26244 1.21888 1.18481 1.18481 1.18481 1.18481 1.18481 1.18391 1.17809 1.17809 1.17809 1.16044 1.13583 1.11198 1.09045 1.07099 1.05331 1.03738 1.02263 1.01573 1.01573 1.01573 1.01489 1.00756 0.997349 1.24561 1.26735 1.07906 1.07906 1.07906 1.07906 1.07906
2.74370 2.73392 2.69824 2.58857 2.38232 2.17953 2.00577 1.85631 1.54273 1.54273 1.54273 1.54273 1.50674 1.34583 1.34583 1.34583 1.34583 1.34583 1.34583 1.34583 1.34583 1.34583 1.10656 0.996066 1.07353 1.09820 1.09820 1.09820 1.09820 1.09820 1.09820 1.09820 1.13166 1.26244 1.25071 1.18533 1.17219 1.12432 1.07964 1.03968 1.00384 0.967030 0.937384 0.910872 0.945238 1.01573 1.01573 1.01573 1.01573 1.01573 1.01573 1.01520 1.00840 0.998381 0.986088 0.972506 0.970008 0.970008 1.17914 1.33369 1.07503 1.03081 0.991181 0.951508 0.911835
2.40686 2.20972 2.03845 1.94142 1.94090 1.94090 1.94090 1.93388 1.56098 1.54273 1.54273 1.54273 1.54244 1.37007 1.34583 1.34583 1.34583 1.34583 1.34583 1.34583 1.34583 1.34583 1.22457 0.996066 1.04927 1.09820 1.09820 1.09820 1.09820 1.08201 1.01850 0.985057 0.948989 0.904490 0.862760 0.906073 0.904186 0.902962 0.902962 0.902962 0.902962 0.899998 0.898487 0.898487 0.915780 1.01573 1.01573 1.01543 1.00923 0.985204 0.941113 0.887741 0.847343 0.812429 0.777594 0.742641 0.707845 0.672931 0.735847 0.895832 0.662367 0.599347 0.599347 0.599347 0.599347
1.94090 1.94090 1.94090 1.94090 1.94090 1.94090 1.94090 1.94090 1.64976 1.54273 1.54273 1.54273 1.54273 1.42975 1.34583 1.34583 1.34583 1.34583 1.34583 1.34583 1.34583 1.34583 1.31560 0.997219 1.02501 1.09846 1.11165 1.13651 1.16946 1.12928 0.801288 0.800857 0.800857 0.800857 0.800857 0.854552 0.902962 0.902962 0.896969 0.883312 0.869613 0.839424 0.789434 0.765698 0.720455 0.777082 0.726455 0.647389 0.597220 0.580347 0.580347 0.580347 0.580347 0.580347 0.580347 0.580347 0.580347 0.580347 0.607508 0.864462 0.721999 0.571347 0.547144 0.526855 0.509631
1.94090 1.94090 1.94090 1.94090 1.94090 1.94090 1.94090 1.94090 1.74561 1.54273 1.54273 1.54273 1.54273 1.48971 1.34583 1.34583 1.34583 1.34583 1.34583 1.34583 1.34583 1.30944 1.23831 1.04553 1.03828 1.23638 1.26244 1.25974 1.22682 1.18585 0.769368 0.721486 0.701001 0.680431 0.659967 0.663509 0.781097 0.767980 0.760274 0.760133 0.741732 0.678562 0.505632 0.433065 0.404483 0.517713 0.580347 0.580347 0.580347 0.580347 0.580347 0.580347 0.580347 0.580347 0.580347 0.580008 0.561973 0.537937 0.517913 0.677552 0.631157 0.498508 0.498508 0.498508 0.498508
1.94090 1.94090 1.94090 1.94090 1.94090 1.94090 1.94090 1.94090 1.84147 1.54273 1.54273 1.54273 1.54273 1.53828 1.35717 1.34583 1.34583 1.33290 1.23915 1.11626 0.968221 0.849961 0.801689 0.675066 0.409271 0.798765 0.880870 0.842554 0.834335 0.834335 0.645207 0.586804 0.586804 0.586804 0.586804 0.586804 0.717456 0.709276 0.666164 0.612808 0.586804 0.584591 0.414326 0.404483 0.404483 0.473510 0.580347 0.580347 0.580347 0.580347 0.580347 0.568682 0.536621 0.523583 0.505875 0.490821 0.485842 0.485842 0.485842 0.605365 0.667796 0.502224 0.498508 0.498869 0.508660
1.94090 1.94090 1.94090 1.94090 1.94090 1.94090 1.94090 1.94061 1.89934 1.49813 1.45753 1.42596 1.39380 1.33671 1.09793 0.910464 0.733839 0.579333 0.565283 0.565283 0.565283 0.565283 0.565283 0.526875 0.125975 0.529882 0.834335 0.834335 0.834335 0.834335 0.702301 0.586804 0.586804 0.586804 0.586804 0.586804 0.586804 0.586804 0.586804 0.586804 0.586804 0.586804 0.454892 0.404483 0.404483 0.429104 0.578217 0.550649 0.520935 0.496204 0.475302 0.462646 0.462259 0.481115 0.485842 0.485320 0.478305 0.468758 0.458306 0.536668 0.671510 0.617649 0.631818 0.658835 0.667661
1.85832 1.81358 1.76893 1.72428 1.67959 1.63498 1.59028 1.54584 1.52866 1.27323 1.08120 0.915079 0.715967 0.579074 0.565283 0.565283 0.565283 0.565283 0.565283 0.565283 0.565283 0.565283 0.565283 0.565283 0.246902 0.361481 0.834335 0.834335 0.834335 0.834335 0.785435 0.586878 0.586804 0.586804 0.586804 0.586804 0.586804 0.586804 0.586804 0.586804 0.586804 0.586804 0.486731 0.381025 0.367513 0.356220 0.452871 0.461648 0.453750 0.443051 0.431421 0.418559 0.404321 0.404201 0.403890 0.387271 0.383261 0.383261 0.383261 0.430529 0.667661 0.667661 0.667661 0.667661 0.667661
1.52860 1.52860 1.52860 1.52860 1.52872 1.52787 1.45632 1.32507 1.17045 0.803809 0.565283 0.565283 0.565283 0.565283 0.565283 0.565283 0.565283 0.565283 0.565283 0.565283 0.565283 0.565283 0.565283 0.565283 0.410892 0.193836 0.833485 0.834335 0.834335 0.834335 0.834335 0.606196 0.586804 0.586804 0.586804 0.586804 0.586804 0.583321 0.553624 0.523942 0.507827 0.499860 0.469721 0.391948 0.405036 0.418134 0.398126 0.352224 0.347888 0.347888 0.347888 0.347888 0.347888 0.355135 0.383261 0.383261 0.383261 0.383261 0.383261 0.384797 0.647412 0.667661 0.667661 0.667661 0.667889
1.52881 1.52918 1.47716 1.34447 1.19465 1.05926 1.01019 1.01019 1.01019 0.882050 0.565283 0.565283 0.565283 0.565283 0.565283 0.565283 0.565283 0.565283 0.565283 0.565283 0.565283 0.565283 0.565283 0.565283 0.516498 0.125975 0.732675 0.834335 0.834335 0.834335 0.834335 0.648648 0.592450 0.604718 0.607261 0.566141 0.547765 0.539207 0.548454 0.561492 0.566931 0.566931 0.562121 0.447912 0.445384 0.445384 0.416462 0.347888 0.347888 0.347888 0.347888 0.347888 0.347888 0.356609 0.426500 0.470722 0.511319 0.552098 0.592740 0.633473 0.800672 0.873713 0.897385 0.921086 0.944415
1.22178 1.08481 1.01035 1.01019 1.01019 1.01019 1.01019 1.01019 1.01019 0.984161 0.570133 0.565283 0.565283 0.565283 0.565283 0.565283 0.565283 0.565283 0.565283 0.565283 0.565283 0.565283 0.565283 0.565283 0.564734 0.222138 0.564308 0.834335 0.830451 0.776191 0.724709 0.675020 0.652421 0.643995 0.643927 0.595035 0.566931 0.566931 0.566931 0.566931 0.566931 0.566931 0.562429 0.493851 0.507930 0.535085 0.558456 0.563815 0.604548 0.645191 0.685924 0.726612 0.767300 0.799496 0.823612 0.837367 0.837367 0.837367 0.837367 0.837367 0.891800 0.953210 0.953210 0.963544 1.03508
