High_resolution/powerplant/Fengdu/OMI_NO2_201008.asc
ncols      200
nrows      200
xllcorner       105.978
yllcorner       28.1831
cellsize     0.0166667
NODATA_Value      -999.000
[rows 0 to 28 of 200, columns 132 to 197 of 200]
2.62531 2.62531 2.62531 2.62531 2.62531 2.62531 2.62531 2.62531 2.62531 2.62531 2.57440 2.39451 2.25114 2.14046 2.05233 1.90887 1.27573 1.27573 1.27573 1.27573 1.27573 1.27573 1.26382 1.22760 1.20027 1.16511 1.03481 1.03481 1.03481 1.03481 1.03481 1.03481 1.03481 1.03481 0.00000 0.00000 0.00000 0.00000 0.00000 0.00000 0.00000 0.00000 0.00000 0.00000 0.00000 0.00000 0.00000 0.00000 0.00000 0.00000 0.00000 0.00000 0.00000 0.00000 0.00000 0.00000 0.00000 0.00000 0.00000 0.00000 0.732834 0.732834 0.732834 0.732834 0.732834 0.732834
2.62531 2.62531 2.62531 2.62531 2.62161 2.45153 2.25067 2.09843 1.98001 1.88545 1.94420 1.95052 1.95052 1.95052 1.95052 1.94961 1.41253 1.26830 1.23262 1.20397 1.18256 1.16596 1.15579 1.15527 1.15527 1.15461 1.05126 1.03481 1.03481 1.03481 1.03481 1.03481 1.03481 1.03481 1.03481 0.00000 0.00000 0.00000 0.00000 0.00000 0.00000 0.00000 0.00000 0.00000 0.00000 0.00000 0.00000 0.00000 0.00000 0.00000 0.00000 0.00000 0.00000 0.00000 0.00000 0.732834 0.732834 0.732834 0.732834 0.732834 0.732834 0.732834 0.732834 0.732834 0.732834 0.732834
2.34648 2.17160 2.03760 1.93106 1.84584 1.81915 1.81915 1.81915 1.81915 1.81915 1.90500 1.95052 1.95097 1.95945 1.97088 1.98233 1.52841 1.15650 1.15527 1.15527 1.15527 1.15527 1.15527 1.15527 1.15527 1.15527 1.09650 1.03481 1.03481 1.03481 1.03481 1.03481 1.03481 1.03481 1.03481 0.00000 0.00000 0.00000 0.00000 0.00000 0.00000 0.00000 0.00000 0.00000 0.00000 0.00000 0.00000 0.00000 0.00000 2.37015 2.37015 2.31045 0.740496 0.732834 0.732834 0.732834 0.732834 0.732834 0.732834 0.732834 0.732834 0.732834 0.732834 0.732834 0.732834 0.732834
1.81915 1.81915 1.81915 1.81915 1.81915 1.81915 1.81915 1.81915 1.82453 1.83595 1.89564 1.99020 2.00119 2.00415 2.00415 2.00415 1.75882 1.15527 1.15527 1.15527 1.15527 1.15527 1.15527 1.15527 1.15527 1.15527 1.12759 1.03481 1.03481 1.03481 1.03481 1.03481 1.03481 1.03481 1.03481 0.00000 0.00000 0.00000 0.00000 0.00000 0.00000 0.00000 0.00000 0.00000 2.37015 2.37015 2.37015 2.37015 2.37015 2.37015 2.37015 2.37015 1.03542 0.732834 0.732834 0.732834 0.732834 0.732834 0.732834 0.732834 0.732834 0.732834 0.732834 0.732834 0.732834 0.732834
1.81915 1.81915 1.81915 1.82163 1.83240 1.84384 1.85528 1.86671 1.87278 1.87278 1.88450 2.00332 2.00415 2.00415 2.00415 2.00415 1.97682 1.19194 1.15527 1.15527 1.15527 1.15527 1.15527 1.15527 1.15527 1.15527 1.14919 1.03586 1.03481 1.03481 1.03481 1.03481 1.03481 1.03481 1.03481 1.03481 0.00000 0.00000 0.00000 2.37015 2.37015 2.37015 2.37015 2.37015 2.37015 2.37015 2.37015 2.37015 2.37015 2.37015 2.37015 2.37015 1.51621 0.732834 0.732834 0.732834 0.732834 0.732834 0.732834 0.732834 0.732834 0.732834 0.732834 0.736904 1.00097 1.30381
1.84028 1.85172 1.86315 1.87212 1.87278 1.87278 1.87278 1.87278 1.87278 1.87278 1.87278 1.97751 2.00415 2.00415 2.00415 2.00415 2.00415 1.41921 1.15527 1.15527 1.15527 1.15527 1.15527 1.15527 1.15614 1.18127 1.21715 1.11161 1.03481 1.03481 1.03481 1.03481 1.03481 1.03481 1.03503 1.37847 2.37015 2.37015 2.37015 2.37015 2.37015 2.37015 2.37015 2.37015 2.37015 2.37015 2.37015 2.37015 2.37015 2.37015 2.37015 2.37015 1.99715 0.732834 0.732834 0.732834 0.732834 0.732834 0.732834 0.733029 0.964709 1.27968 1.49631 1.65385 1.70377 1.70377
1.87278 1.87278 1.87278 1.87278 1.87278 1.87278 1.87278 1.87278 1.87278 1.87278 1.87278 1.93996 2.00415 2.00415 2.00415 2.00415 2.00415 1.67356 1.15527 1.16919 1.20487 1.24084 1.27672 1.31271 1.34772 1.35858 1.37142 1.44885 1.03481 1.03481 1.09720 1.25168 1.40691 1.56214 1.71714 2.01523 2.37015 2.37015 2.37015 2.37015 2.37015 2.37015 2.37015 2.37015 2.37015 2.37015 2.37015 2.37015 2.37015 2.37015 2.37015 2.37015 2.35197 0.859399 0.732834 0.732834 0.928104 1.25448 1.47853 1.64157 1.70377 1.70377 1.70377 1.70377 1.70377 1.70377
1.87278 1.87278 1.87278 1.87278 1.87278 1.87278 1.87278 1.87278 1.87278 1.87278 1.87278 1.90266 2.00415 2.00934 2.04152 2.07740 2.11335 2.06780 1.34142 1.35833 1.35858 1.35858 1.35858 1.49860 1.74583 1.95892 2.16353 2.27128 1.59488 1.69301 1.78570 1.78652 1.78652 1.78652 1.78652 1.84466 2.36735 2.37015 2.37015 2.37015 2.37015 2.37015 2.37015 2.37015 2.37015 2.37015 2.37015 2.37015 2.37015 2.37015 2.37015 2.37015 2.37015 1.32242 1.30206 1.62793 1.70347 1.70377 1.70377 1.70377 1.70377 1.70377 1.70377 1.71003 1.72947 1.74929
1.87278 1.87278 1.87278 1.87278 1.87278 1.87278 1.87278 1.87304 1.92683 2.01996 2.11309 2.20779 2.18546 2.20364 2.20746 2.20746 2.20746 2.20746 1.53684 1.42484 1.68592 1.94920 2.13930 2.22073 2.23056 2.22789 2.19871 2.36982 2.20538 1.78652 1.78652 1.78652 1.78652 1.78652 1.78652 1.78652 2.25212 2.37015 2.37015 2.37015 2.37015 2.37015 2.37015 2.37015 2.37015 2.37015 2.37015 2.37015 2.37015 2.37015 2.37015 2.37015 2.37015 1.80331 1.27586 1.70377 1.70377 1.70377 1.71264 1.73238 1.75224 1.77203 1.79182 1.80534 1.80576 1.80576
1.86489 1.87278 1.88871 1.97385 2.06663 2.15965 2.25278 2.34566 2.38505 2.38505 2.38505 2.38505 2.26817 2.20746 2.20746 2.21878 2.32417 2.40219 2.27255 2.19507 2.20465 2.17973 2.17314 2.17314 2.17314 2.17314 2.17314 2.29848 2.38883 1.78652 1.78652 1.78652 1.78652 1.78652 1.78652 1.78652 2.07872 2.37015 2.37015 2.37015 2.37015 2.37015 2.37015 2.37015 2.37015 2.37015 2.37015 2.37015 2.37015 2.37015 2.37015 2.37015 2.36970 2.15727 0.938745 1.74769 1.77509 1.79478 1.80574 1.80576 1.80576 1.80576 1.80576 1.80576 1.80576 1.80576
1.99009 2.29981 2.37706 2.38505 2.38505 2.38505 2.38505 2.38505 2.38505 2.38505 2.38505 2.35533 2.27079 2.27659 2.34589 2.39397 2.39204 2.39204 2.35045 2.17314 2.17314 2.17314 2.17314 2.17314 2.17314 2.17314 2.17314 2.23951 2.46707 1.83701 1.78652 1.78652 1.78652 1.78652 1.78652 1.78652 1.90532 2.37015 2.37015 2.37015 2.37015 2.37015 2.37015 2.37015 2.37015 2.37015 2.37015 2.36970 2.26763 2.08933 1.91104 1.73274 1.55489 1.47867 1.06747 1.67055 1.80576 1.80576 1.80576 1.80576 1.80576 1.80576 1.80576 1.80576 1.80576 1.80576
1.87178 2.38505 2.38505 2.38505 2.38505 2.38505 2.38309 2.37587 2.41263 2.54855 2.66147 2.72610 2.47512 2.39244 2.39204 2.39204 2.39204 2.39204 2.39144 2.19781 2.17314 2.17314 2.17314 2.17314 2.17314 2.17314 2.17314 2.18958 2.41456 2.22667 1.78652 1.78652 1.78652 1.78652 1.78652 1.78652 1.78944 2.31260 2.37015 2.37015 2.37015 2.37015 2.36952 2.26585 2.08755 1.90970 1.73274 1.55489 1.47867 1.47867 1.47867 1.47867 1.47867 1.47867 1.22611 1.43557 1.80576 1.80576 1.80576 1.80576 1.80576 1.80576 1.80576 1.80576 1.80576 1.80576
1.57529 2.38440 2.37817 2.37066 2.37756 2.50072 2.62422 2.72737 2.79212 2.79537 2.79537 2.79537 2.53670 2.40915 2.39204 2.39204 2.39204 2.39204 2.39204 2.26286 2.17314 2.17314 2.17314 2.17314 2.17314 2.17314 2.17314 2.17284 2.30688 2.42297 1.78652 1.78652 1.78652 1.78652 1.78652 1.78652 1.78652 2.14150 2.26585 2.08755 1.90926 1.73096 1.55329 1.47867 1.47867 1.47867 1.47867 1.47867 1.47867 1.47867 1.47867 1.47867 1.47867 1.47867 1.38473 1.07458 1.80025 1.80576 1.80576 1.80576 1.80576 1.80576 1.80284 1.71602 1.55809 1.33786
1.80002 2.34537 2.58675 2.69716 2.78073 2.79537 2.79537 2.79537 2.79537 2.79537 2.79537 2.79537 2.61798 2.43436 2.39204 2.39204 2.39204 2.39204 2.39204 2.32842 2.17314 2.17314 2.16182 2.12526 2.08773 2.05024 2.01278 1.97552 2.02689 2.34705 1.81985 1.78652 1.78652 1.73181 1.60766 1.48345 1.35917 1.33164 1.47867 1.47867 1.47867 1.47867 1.47867 1.47867 1.47867 1.47867 1.47867 1.47867 1.47867 1.47867 1.47867 1.47867 1.47867 1.47867 1.47802 1.00231 1.67872 1.80576 1.80484 1.72953 1.57644 1.36388 1.05971 0.936814 0.936814 0.936814
2.03753 2.26469 2.75513 2.79537 2.79537 2.79537 2.79537 2.79537 2.79537 2.79537 2.79537 2.79537 2.71343 2.45955 2.39204 2.39204 2.38862 2.35726 2.31975 2.27501 2.03506 1.98832 1.96216 1.96121 1.96121 1.95974 1.91034 1.83795 1.77123 1.79510 1.76194 1.37931 1.25510 1.18554 1.18530 1.18530 1.18530 1.19888 1.47031 1.47867 1.47867 1.47867 1.47867 1.47867 1.47867 1.47867 1.47867 1.47867 1.47867 1.47867 1.47867 1.47867 1.47867 1.47867 1.47867 1.22142 1.36100 1.38919 1.09092 0.936814 0.936814 0.936814 0.936814 0.936814 0.936814 0.936814
2.03753 2.16629 2.63145 2.79537 2.79537 2.79537 2.79537 2.79537 2.79537 2.79537 2.79537 2.77564 2.73236 2.42274 2.26601 2.22033 2.18625 2.18011 2.18011 2.18011 2.02885 1.96121 1.93219 1.85440 1.75365 1.66589 1.63337 1.62381 1.62373 1.56197 1.72285 1.18530 1.18530 1.18530 1.18530 1.18530 1.18530 1.18530 1.39731 1.47867 1.47867 1.47867 1.47867 1.47867 1.47867 1.47867 1.47867 1.47867 1.47867 1.47867 1.47867 1.49502 1.53462 1.56203 1.58167 1.50996 1.29952 0.943780 0.936814 0.936814 0.936814 1.01207 1.17370 1.33533 1.49722 1.65893
2.03753 2.04941 2.46342 2.79537 2.79537 2.79065 2.75579 2.71569 2.67565 2.63559 2.59556 2.57514 2.57514 2.39232 2.22439 2.18011 2.18011 2.18011 2.16256 2.04878 1.86868 1.69654 1.64362 1.63945 1.65831 1.66556 1.66556 1.66556 1.66556 1.59007 1.74820 1.22336 1.18530 1.18530 1.18530 1.18530 1.18530 1.18530 1.31061 1.47867 1.47867 1.47867 1.47867 1.47867 1.47867 1.47867 1.47867 1.48775 1.52752 1.55711 1.57807 1.58943 1.58980 1.58980 1.58980 1.57955 1.37682 1.29736 1.36198 1.52369 1.68532 1.77203 1.77211 1.77211 1.77211 1.77211
1.97985 1.85928 2.10498 2.60390 2.61577 2.58045 2.57514 2.57514 2.57514 2.57514 2.57514 2.57514 2.57514 2.46665 2.24248 2.05972 1.94079 1.82175 1.72049 1.71536 1.71077 1.66585 1.66556 1.66556 1.66556 1.66556 1.66556 1.66556 1.66556 1.62409 1.66814 1.51728 1.18530 1.18530 1.18530 1.18530 1.18530 1.18530 1.22414 1.47855 1.47867 1.47867 1.47867 1.48241 1.51981 1.55184 1.57424 1.58843 1.58980 1.58980 1.58973 1.58156 1.56792 1.55418 1.54056 1.52703 1.67403 1.74627 1.77211 1.77211 1.77211 1.77211 1.77211 1.77211 1.77211 1.77211
1.37685 1.37685 1.71126 2.36283 2.57514 2.57514 2.57514 2.57514 2.57514 2.54876 2.46063 2.32411 2.13690 1.95188 1.85455 1.71587 1.71562 1.71562 1.71562 1.71562 1.71562 1.67602 1.66556 1.66556 1.66556 1.66556 1.66556 1.66556 1.66556 1.65315 1.58581 1.74160 1.18530 1.18530 1.18530 1.18530 1.18530 1.18530 1.18530 1.43165 1.51135 1.54616 1.57017 1.58673 1.58980 1.58975 1.58173 1.56808 1.55446 1.54077 1.52715 1.52170 1.52170 1.52170 1.52170 1.52170 1.61121 1.73854 1.77169 1.77211 1.77211 1.77211 1.77211 1.77211 1.77211 1.77211
1.37685 1.37685 1.45687 2.15315 2.56591 2.48889 2.39812 2.28598 2.10411 1.94321 1.84418 1.79337 1.79334 1.79334 1.84170 1.73913 1.71562 1.71562 1.71562 1.71562 1.71562 1.69104 1.66556 1.66556 1.66556 1.66556 1.66556 1.66556 1.66556 1.66556 1.56836 1.81753 1.22336 1.18530 1.18530 1.18530 1.23980 1.32766 1.38751 1.51371 1.58977 1.58197 1.56834 1.55459 1.54097 1.52740 1.52170 1.52170 1.52170 1.52170 1.52170 1.52170 1.52170 1.52170 1.52170 1.52170 1.54855 1.73635 1.75895 1.77211 1.77211 1.77211 1.77211 1.77211 1.77211 1.77211
1.50757 1.68650 1.81515 1.62598 2.00647 1.97037 1.87386 1.79875 1.79334 1.79334 1.79334 1.79334 1.79334 1.79334 1.82702 1.77740 1.71562 1.71562 1.71562 1.71562 1.71562 1.70593 1.66556 1.66556 1.66556 1.66330 1.65307 1.64217 1.63126 1.62035 1.54006 1.68214 1.52918 1.31230 1.37675 1.42283 1.45180 1.47110 1.49038 1.51871 1.52752 1.52170 1.52170 1.52170 1.52170 1.52170 1.52170 1.52170 1.52170 1.52170 1.52170 1.52170 1.52170 1.52170 1.52170 1.52170 1.52170 1.70037 1.74668 1.77211 1.77211 1.77211 1.77211 1.77211 1.77211 1.77211
1.98826 1.98826 1.98826 1.71828 1.62986 1.79334 1.79334 1.79334 1.79334 1.79334 1.79334 1.79334 1.79334 1.79334 1.80975 1.81568 1.71562 1.71562 1.71562 1.71509 1.70676 1.69570 1.64044 1.62398 1.61308 1.60444 1.60375 1.60375 1.60893 1.65623 1.68820 1.81973 2.01741 1.48734 1.50662 1.52589 1.53645 1.53647 1.53647 1.53622 1.52267 1.52170 1.52170 1.52170 1.52170 1.52170 1.52170 1.52170 1.52170 1.52170 1.52170 1.52170 1.52170 1.52170 1.52170 1.52170 1.52170 1.63582 1.67045 1.76933 1.77211 1.77211 1.77211 1.77211 1.77211 1.77211
1.98826 1.98826 1.98826 1.90127 1.47584 1.79334 1.79334 1.79334 1.79334 1.79334 1.79334 1.79334 1.79334 1.79334 1.77848 1.80336 1.69106 1.67767 1.66677 1.65639 1.65381 1.65381 1.62418 1.60375 1.60417 1.63890 1.69735 1.76291 1.81919 1.82970 1.82864 1.82797 2.34372 1.55905 1.53647 1.53647 1.53647 1.53647 1.53647 1.53647 1.52679 1.52170 1.52170 1.52170 1.52170 1.52170 1.52170 1.52170 1.52170 1.52170 1.52170 1.52170 1.52170 1.52170 1.47534 1.37976 1.28414 1.24318 1.37351 1.63365 1.77211 1.77211 1.77211 1.77211 1.69457 1.52002
2.06498 1.98826 1.98826 1.98826 1.47740 1.74296 1.79334 1.79334 1.79029 1.75898 1.72061 1.68237 1.64404 1.60577 1.58345 1.66343 1.66591 1.65381 1.65381 1.65381 1.65381 1.67066 1.69887 1.73871 1.79753 1.82246 1.82096 1.81012 1.80409 1.80409 1.80409 1.80409 2.21820 1.79493 1.53647 1.53647 1.53647 1.53647 1.53647 1.53647 1.53115 1.52170 1.52170 1.52170 1.52170 1.52170 1.52170 1.52170 1.52170 1.52170 1.49262 1.39933 1.30360 1.20809 1.15869 1.15869 1.15869 1.16240 1.35957 1.42571 1.49252 1.31769 1.14286 0.967945 0.870749 0.870478
2.29021 1.98826 1.98826 1.96586 1.58119 1.51438 1.66380 1.62551 1.59027 1.58332 1.58332 1.58332 1.58332 1.58332 1.58332 1.63330 1.67606 1.63380 1.64767 1.67072 1.69626 1.70319 1.69004 1.79936 1.80409 1.80409 1.80409 1.80409 1.80409 1.80409 1.80409 1.80409 2.03733 2.08683 1.53647 1.53647 1.53647 1.53647 1.53647 1.53647 1.53535 1.52187 1.52170 1.52170 1.52170 1.52170 1.50587 1.41882 1.32324 1.22755 1.16101 1.15869 1.15869 1.15888 1.17677 1.20617 1.23558 1.26498 1.06788 0.918794 0.870572 0.870478 0.870478 0.870478 0.870478 0.870478
2.08022 1.76616 1.70873 1.67364 1.52862 1.17561 1.58315 1.58332 1.58332 1.58332 1.58332 1.58332 1.57409 1.54966 1.57471 1.62767 1.67057 1.67587 1.68496 1.68496 1.68496 1.68496 1.68496 1.76808 1.80409 1.80409 1.80409 1.80409 1.80409 1.80409 1.80409 1.80409 1.89262 2.35703 1.55695 1.53647 1.53647 1.53647 1.53647 1.53647 1.53647 1.52513 1.51513 1.43839 1.34277 1.24708 1.16733 1.15869 1.15885 1.17648 1.20617 1.23558 1.26498 1.29419 1.30570 1.30570 1.30570 1.30570 1.16346 0.922694 0.887004 0.870478 0.870478 0.870478 0.870478 0.870478
1.70728 1.67379 1.67323 1.67323 1.66558 1.11229 1.51472 1.57955 1.55606 1.52975 1.53364 1.58229 1.64057 1.71407 1.73810 1.73810 1.73810 1.69312 1.68496 1.68496 1.68496 1.68496 1.68496 1.73267 1.80409 1.80409 1.80409 1.80409 1.80409 1.80409 1.80409 1.80409 1.80701 2.33971 1.79198 1.53647 1.53647 1.53647 1.53516 1.47272 1.37703 1.27448 1.17756 1.15885 1.17648 1.20588 1.23528 1.26469 1.29393 1.30570 1.30570 1.30570 1.30570 1.30570 1.30570 1.30570 1.30570 1.30570 1.27217 0.925490 0.905932 0.870478 0.870478 0.870478 0.870478 0.870478
1.68939 1.68226 1.67390 1.71156 1.77031 1.28174 1.25756 1.54460 1.61710 1.69249 1.73768 1.73810 1.73810 1.73810 1.73810 1.73810 1.73810 1.70818 1.68496 1.68496 1.68496 1.68496 1.68496 1.69767 1.80369 1.80409 1.80409 1.80409 1.81054 1.85723 1.91084 1.96441 2.01801 2.25743 2.08394 1.49218 1.39660 1.30098 1.20667 1.20283 1.26084 1.30682 1.26469 1.29393 1.30570 1.30570 1.30570 1.30570 1.30570 1.30570 1.30570 1.30570 1.30570 1.30570 1.30570 1.30570 1.30570 1.30570 1.30570 1.00345 0.918144 0.870478 0.870478 0.870478 0.870478 0.870478
1.54846 1.88160 1.91945 1.94051 1.94051 1.58751 1.04842 1.73730 1.73810 1.73810 1.73810 1.73810 1.73810 1.73810 1.73810 1.73810 1.73810 1.72324 1.68496 1.68496 1.68496 1.68496 1.68554 1.71967 1.86937 1.94601 1.99964 2.05321 2.10036 2.10727 2.10727 2.09515 2.04302 2.05600 2.10904 1.27233 1.30949 1.36746 1.42549 1.45406 1.45406 1.45386 1.32342 1.30570 1.30570 1.30570 1.30570 1.30570 1.30570 1.30570 1.30570 1.30570 1.30570 1.30570 1.30570 1.30570 1.30570 1.30570 1.30570 1.11497 0.933308 0.921167 0.870478 0.870478 0.870478 0.870478
