High_resolution/powerplant/Fengdu/OMI_NO2_200608.asc
ncols      200
nrows      200
xllcorner       105.978
yllcorner       28.1831
cellsize     0.0166667
NODATA_Value      -999.000
[rows 87 to 115 of 200, columns 66 to 131 of 200]
3.14515 3.30598 3.18501 3.06400 3.06400 3.18986 3.30311 3.09392 2.97182 2.87423 2.87572 2.86886 2.87584 2.92308 2.91992 2.90146 2.82697 2.74714 2.45210 2.28360 2.17836 2.13090 2.08817 1.99875 1.89910 1.89504 1.89083 1.88677 1.88257 1.87851 1.87431 1.87087 1.87114 1.87221 1.87314 1.92000 1.77369 1.48654 1.43184 1.43225 1.36891 1.36471 1.33800 1.29141 1.24522 1.21941 1.20158 1.10640 1.07262 1.05795 1.05217 1.28388 1.44231 1.38297 1.57390 1.58594 1.58408 1.58219 1.58027 1.56852 1.61214 1.72078 1.73097 1.94968 1.95161 1.95161
3.20521 3.37017 3.30343 3.11798 3.12084 3.16422 3.39226 3.16624 3.07995 2.89609 2.84761 2.78440 2.51522 2.53744 2.46183 2.40916 2.41397 2.42410 2.27078 2.11394 2.09637 2.12946 2.08619 1.96304 1.84890 1.84153 1.84254 1.84731 1.85245 1.85758 1.86426 1.88398 1.90254 1.92019 1.93745 1.97754 1.90534 1.66955 1.46432 1.26797 1.10661 1.06955 1.10534 1.16714 1.23032 1.27413 1.24183 0.962538 0.959749 0.959749 0.959749 1.12202 1.40294 1.34297 1.49347 1.56650 1.56650 1.56650 1.56650 1.56650 1.58175 1.72078 1.72078 1.91049 1.95161 1.95161
3.21004 3.38040 3.37487 3.14880 3.13684 3.13716 3.11374 2.88099 2.74887 2.54688 2.51677 2.49632 2.32143 2.44308 2.45315 2.45244 2.44616 2.43979 2.35663 2.18901 2.17749 2.20946 2.24594 2.11637 2.05727 2.04183 2.06029 2.07515 2.08947 2.10393 2.12440 2.13697 2.14721 2.15745 2.16769 2.17804 2.04380 1.82762 1.63068 1.35144 1.22266 1.26387 1.26745 1.26745 1.26745 1.26745 1.26745 1.02872 0.959749 0.959749 0.959749 1.03474 1.37298 1.36532 1.43290 1.56650 1.56650 1.56650 1.56383 1.55730 1.55074 1.66884 1.65782 1.75774 1.80734 1.77295
3.38144 3.37692 3.36911 3.18448 3.06616 3.00949 2.88127 2.73249 2.65768 2.51282 2.45663 2.44935 2.29976 2.34885 2.36777 2.36357 2.36811 2.38323 2.39458 2.36557 2.34306 2.32198 2.34716 2.26836 2.15536 2.13893 2.14917 2.15941 2.16965 2.17939 2.18179 2.18179 2.18179 2.19060 2.25188 2.32191 2.29258 2.10543 1.89312 1.56953 1.30258 1.26745 1.26745 1.26745 1.26745 1.26745 1.26891 1.13132 0.971470 0.976383 0.989700 1.01358 1.33301 1.38786 1.36843 1.55116 1.53355 1.51252 1.49423 1.47972 1.46533 1.54037 1.58721 1.66569 1.77191 1.80027
3.21796 3.16734 3.11843 2.98206 2.81937 2.81937 2.77685 2.69111 2.61093 2.52273 2.42263 2.42767 2.35249 2.33981 2.41406 2.42955 2.43931 2.43006 2.38619 2.29192 2.21586 2.10105 2.07014 1.97448 1.88140 2.11139 2.10327 2.09521 2.08682 2.08502 2.13885 2.20671 2.27498 2.33454 2.33685 2.32965 2.28286 1.99096 1.93685 1.72678 1.43343 1.36632 1.37656 1.39167 1.40667 1.42157 1.43532 1.40779 1.19044 1.20251 1.20868 1.21512 1.34120 1.47070 1.32542 1.48741 1.50711 1.50711 1.50711 1.50711 1.51955 1.57315 1.62613 1.64657 1.70700 1.59247
3.03870 3.06372 3.06372 3.03706 2.82001 2.81937 2.81080 2.72839 2.66155 2.63153 2.49795 2.50580 2.42011 2.18177 2.13423 2.07513 2.01748 1.97084 1.96306 1.92748 1.90687 1.81968 1.84256 1.83535 1.63077 1.90617 2.00855 2.09022 2.17190 2.24649 2.26057 2.26057 2.26057 2.26057 2.25857 2.25406 2.24503 2.01468 1.99402 1.87211 1.61620 1.47132 1.47623 1.47623 1.47623 1.47963 1.48636 1.49309 1.27547 1.23732 1.24236 1.24264 1.31850 1.47485 1.33996 1.42302 1.47267 1.45687 1.44120 1.42583 1.39809 1.40760 1.49020 1.49834 1.61818 1.54243
3.00523 3.05954 3.04031 3.01975 2.89549 2.89477 2.91175 2.82051 2.75164 2.71926 2.30117 2.21075 2.19928 1.97338 1.96306 1.96306 1.96306 1.96306 1.96306 1.93971 1.90737 1.84624 1.86122 1.92376 1.88017 2.11846 2.25976 2.25559 2.25106 2.24654 2.24203 2.23751 2.23298 2.22845 2.22594 2.22593 2.22593 2.10764 2.02496 1.95397 1.72495 1.49312 1.49510 1.50182 1.50856 1.51188 1.51188 1.51188 1.37222 1.24507 1.23274 1.20485 1.23798 1.41554 1.35389 1.33425 1.44571 1.45572 1.46569 1.47548 1.48534 1.49958 1.54359 1.54737 1.62540 1.54245
2.88392 2.97488 2.97908 2.98462 2.96031 2.93883 2.94018 2.87192 2.79439 2.73174 2.38732 2.20241 2.20241 2.02012 1.96306 1.96306 1.96306 1.96306 1.98111 2.01955 2.03057 2.05240 2.00043 1.97935 1.98414 2.02756 2.23211 2.23248 2.23320 2.23393 2.23464 2.23538 2.23610 2.23683 2.23849 2.24616 2.25486 2.20816 2.11684 2.12306 1.92204 1.68374 1.68125 1.69279 1.70283 1.68838 1.67850 1.67037 1.58986 1.39210 1.42578 1.47630 1.50115 1.68366 1.68227 1.52896 1.62385 1.62418 1.62418 1.62418 1.62418 1.62418 1.62418 1.62418 1.63749 1.55565
2.85738 2.99899 2.99928 2.99957 2.98641 2.94353 2.94381 2.90488 2.82389 2.73695 2.53701 2.20896 2.22283 2.11152 2.03674 2.09144 2.14738 2.20389 2.25392 2.27721 2.23937 2.24696 2.13010 2.04522 2.02887 1.95786 2.24324 2.24635 2.24635 2.24795 2.25539 2.26338 2.27135 2.27933 2.28636 2.28740 2.27993 2.24796 2.11386 2.13883 1.93522 1.74506 1.71246 1.69201 1.66099 1.63879 1.61166 1.58257 1.56831 1.50594 1.49794 1.49794 1.49794 1.63147 1.72842 1.52817 1.60599 1.62418 1.62418 1.62418 1.62418 1.62418 1.62418 1.62418 1.63317 1.57845
2.83611 2.99135 3.00365 3.00365 3.00222 2.94758 2.94094 2.92988 2.90327 2.84324 2.79038 2.36841 2.42433 2.40369 2.29527 2.31579 2.33602 2.35644 2.36232 2.36232 2.30923 2.27896 2.16914 1.99615 1.97652 1.86372 2.09826 2.15980 2.15156 2.14141 2.12451 2.10643 2.08806 2.06271 2.03163 1.99989 1.97842 1.96647 1.65651 1.71741 1.71323 1.65878 1.61444 1.58534 1.56866 1.56857 1.56857 1.56857 1.56857 1.52795 1.49794 1.49794 1.49794 1.58521 1.71845 1.58436 1.57816 1.62418 1.62418 1.62418 1.62418 1.62385 1.61177 1.59392 1.58450 1.54169
2.89987 3.00537 3.03383 2.98589 2.98363 2.94672 2.95179 3.01684 3.11464 3.13332 3.14197 2.63711 2.51432 2.45431 2.17908 2.15505 2.13034 2.10501 2.07895 2.04231 1.99345 1.96282 1.92885 1.81693 1.78332 1.71069 1.84143 2.01167 1.99987 1.98807 1.97627 1.96446 1.95269 1.94763 1.94763 1.94763 1.93676 1.89752 1.61472 1.58068 1.61007 1.59482 1.56857 1.56857 1.56857 1.56857 1.56857 1.56857 1.56857 1.55020 1.49794 1.49794 1.49794 1.53923 1.68346 1.61095 1.49516 1.54868 1.52873 1.51983 1.51484 1.51012 1.51745 1.53079 1.53934 1.51787
2.93072 2.99615 3.04802 3.04745 3.13023 3.19173 3.20725 3.21723 3.23511 3.21386 3.09377 2.68162 2.35271 2.35173 2.04567 1.99355 1.96342 1.93338 1.90314 1.88311 1.88495 1.93583 2.01794 2.05792 2.04684 2.08749 2.01911 1.94763 1.94763 1.94763 1.94763 1.94763 1.93940 1.90143 1.86070 1.82001 1.79016 1.78870 1.65235 1.48966 1.56265 1.55562 1.51239 1.50929 1.50631 1.50482 1.51267 1.52209 1.53155 1.53973 1.47625 1.47982 1.48928 1.49000 1.41095 1.41288 1.30412 1.43639 1.45609 1.46066 1.46066 1.46066 1.46098 1.47706 1.51496 1.57683
3.27409 3.26795 3.31046 3.30943 3.30825 3.30762 3.25534 3.26001 3.27448 3.28907 3.14434 2.92648 2.42848 2.41354 2.20314 1.95416 2.00582 2.07586 2.14590 2.21589 2.28358 2.30274 2.30305 2.31986 2.20368 2.20302 2.07956 1.95285 1.94172 1.90531 1.86459 1.82390 1.79142 1.78870 1.78870 1.78870 1.78870 1.79281 1.79871 1.46152 1.55622 1.56912 1.54242 1.54699 1.55989 1.57118 1.57279 1.57279 1.56039 1.53400 1.45571 1.39880 1.37240 1.35208 1.30690 1.34203 1.34084 1.43230 1.46432 1.50094 1.55084 1.60286 1.63771 1.64971 1.63342 1.62025
3.49068 3.40199 3.40199 3.39548 3.38946 3.38846 3.30811 3.26315 3.24356 3.25171 3.16240 3.09539 2.73397 2.78476 2.70296 2.38189 2.30274 2.30274 2.30274 2.30274 2.30274 2.30274 2.30274 2.33703 2.21013 2.20511 2.08247 1.86232 1.79301 1.78870 1.81313 1.85854 1.90392 1.94929 1.99470 2.04010 2.08551 2.12681 2.13427 1.61912 1.61053 1.62071 1.59305 1.55273 1.52635 1.49992 1.47354 1.44713 1.43312 1.43312 1.40721 1.35072 1.35072 1.35583 1.33876 1.37206 1.44694 1.52943 1.60271 1.58231 1.54824 1.51572 1.50448 1.50009 1.49572 1.50419
3.54096 3.40056 3.39924 3.39363 3.38216 3.38038 3.29943 3.21823 3.21651 3.23739 3.19029 3.11281 2.92429 2.85713 2.77425 2.44486 2.30274 2.30274 2.30274 2.30274 2.30276 2.30384 2.30497 2.32478 2.31831 2.35273 2.31999 2.08513 2.05826 2.09831 2.11395 2.10859 2.10325 2.09786 2.09255 2.08714 2.08184 2.08144 2.11571 1.78758 1.51594 1.44893 1.40578 1.36096 1.35734 1.35372 1.35010 1.34685 1.35105 1.35108 1.34509 1.28347 1.30232 1.31899 1.31506 1.28333 1.36226 1.34806 1.36974 1.36896 1.36896 1.36896 1.36896 1.36896 1.36896 1.40408
3.55235 3.42240 3.38672 3.38244 3.36668 3.36434 3.32872 3.20097 3.19864 3.21098 3.20082 3.08446 2.96274 2.82333 2.79084 2.42177 2.20257 2.19510 2.18862 2.18203 2.17547 2.16786 2.16016 2.15866 2.30785 2.41098 2.40097 2.10483 1.98339 1.98339 1.98339 1.98339 1.99191 2.03444 2.08060 2.12678 2.17290 2.21405 2.22060 2.01459 1.50552 1.35400 1.35090 1.30685 1.30649 1.30703 1.30765 1.31639 1.32282 1.33341 1.34684 1.32612 1.31466 1.31466 1.31329 1.25708 1.34748 1.33656 1.36737 1.36896 1.36896 1.36896 1.36896 1.36896 1.36896 1.37753
3.50122 3.42392 3.34020 3.34020 3.32185 3.31909 3.31795 3.17469 3.17304 3.18982 3.18114 3.05618 2.98738 2.77927 2.77825 2.44913 2.13656 2.13739 2.13739 2.13739 2.13739 2.13739 2.13739 2.13739 2.23042 2.40446 2.40446 2.22882 2.05267 2.08703 2.13321 2.17935 2.21702 2.22060 2.22060 2.22060 2.21494 2.19788 2.18051 2.11653 1.55656 1.32910 1.32386 1.31107 1.31839 1.33216 1.34582 1.35101 1.35101 1.35101 1.35101 1.33752 1.31466 1.31466 1.31466 1.27033 1.31633 1.34184 1.35916 1.36896 1.36896 1.36896 1.36896 1.36896 1.36896 1.36929
3.50139 3.48799 3.35899 3.37412 3.38671 3.40285 3.42021 3.33717 3.28368 3.26877 3.14320 3.06745 3.03861 2.81688 2.80194 2.59269 2.24810 2.23706 2.25090 2.26439 2.27753 2.29001 2.14067 2.10824 2.19264 2.55081 2.60687 2.54742 2.26429 2.22060 2.21169 2.19433 2.17694 2.15958 2.14220 2.12483 2.11313 2.11281 2.11281 2.11622 1.67705 1.40966 1.37129 1.36456 1.35101 1.35101 1.35101 1.35101 1.35101 1.35101 1.35101 1.34835 1.31524 1.31466 1.31466 1.28531 1.28677 1.35002 1.35360 1.37478 1.37721 1.37970 1.38378 1.38885 1.39433 1.39989
3.62093 3.62495 3.47342 3.43189 3.41620 3.40104 3.38627 3.31739 3.19523 3.18693 3.10070 3.07772 3.07772 2.93529 2.85856 2.72316 2.41201 2.32985 2.31172 2.29325 2.27469 2.25611 2.08939 2.02644 2.06436 2.46850 2.45307 2.36875 2.06599 2.12128 2.11281 2.11281 2.11281 2.11281 2.11281 2.11891 2.13527 2.15181 2.16834 2.17740 1.84795 1.49518 1.37762 1.37165 1.35101 1.35101 1.35101 1.35101 1.35101 1.34321 1.32446 1.30563 1.25977 1.23166 1.21288 1.21057 1.27474 1.36342 1.36524 1.39846 1.40184 1.40541 1.40655 1.40655 1.40655 1.40635
3.59220 3.58048 3.46252 3.34662 3.34652 3.34759 3.34781 3.33470 3.18321 3.17556 3.11015 3.05020 3.03891 2.93016 2.76361 2.65726 2.33270 2.24373 2.20972 2.14828 2.08692 2.02555 1.83737 1.64247 1.59767 2.04862 2.19967 2.19967 2.01823 2.11225 2.11281 2.11769 2.13378 2.15030 2.16683 2.17727 2.17742 2.17742 2.17742 2.17742 2.00070 1.55446 1.35219 1.33293 1.28945 1.26910 1.25032 1.23148 1.21265 1.20167 1.20159 1.19711 1.17176 1.14129 1.13155 1.12455 1.21630 1.29441 1.35884 1.40278 1.40655 1.40632 1.40369 1.40043 1.39716 1.40194
3.49159 3.48609 3.43786 3.24530 3.24758 3.24212 3.23658 3.22446 3.06436 3.00706 2.95330 2.84014 2.81808 2.76927 2.41614 2.33073 1.96575 1.90559 1.88272 1.88707 1.89120 1.89504 1.83165 1.65789 1.62507 1.88073 2.19967 2.18241 2.03499 2.11221 2.16533 2.17698 2.17742 2.17396 2.14935 2.11991 2.08877 2.05581 2.02090 1.98375 1.87431 1.48267 1.24796 1.22820 1.20978 1.20127 1.19419 1.18444 1.17471 1.16496 1.15522 1.14996 1.14563 1.11370 1.11360 1.11360 1.19390 1.26838 1.34758 1.41007 1.42978 1.44218 1.45698 1.47243 1.48787 1.49547
3.46083 3.46083 3.45359 3.20853 3.15962 3.12353 3.08095 3.03606 2.96713 2.89362 2.86937 2.72873 2.70236 2.68090 2.26648 2.18383 1.93468 1.89649 1.89649 1.89649 1.89649 1.89649 1.87935 1.65183 1.57648 1.55928 1.91993 1.82372 1.78432 1.96167 2.03368 1.99737 1.95879 1.92298 1.91784 1.91688 1.91423 1.91147 1.90881 1.90604 1.87656 1.52937 1.29223 1.23361 1.21617 1.19516 1.19614 1.19979 1.20348 1.20713 1.21091 1.21762 1.23681 1.23911 1.26184 1.29142 1.37108 1.47296 1.62922 1.68670 1.64153 1.64699 1.65250 1.65806 1.66352 1.66897
3.33017 3.26529 3.20619 3.04868 2.97857 2.96179 2.94918 2.92222 2.88268 2.77617 2.75014 2.64009 2.60235 2.59885 2.34720 2.15223 1.97336 1.87976 1.88078 1.89689 1.87501 1.83516 1.79536 1.54243 1.51232 1.47382 1.60916 1.48735 1.48467 1.63671 1.85332 1.85058 1.84790 1.84515 1.84247 1.83096 1.78288 1.72603 1.66254 1.59135 1.52666 1.51046 1.32421 1.30425 1.29999 1.27979 1.30252 1.33056 1.35861 1.38284 1.35873 1.31713 1.26303 1.30652 1.40696 1.40696 1.43266 1.51426 1.63978 1.75769 1.68701 1.68700 1.68700 1.68700 1.68700 1.68700
3.04140 3.03521 3.00570 2.89273 2.74128 2.72070 2.68064 2.66120 2.71643 2.65466 2.64519 2.58988 2.56336 2.58559 2.47877 2.19042 2.07297 1.90081 1.85990 1.80402 1.78608 1.78608 1.78608 1.63209 1.52909 1.47021 1.58300 1.46659 1.46659 1.52187 1.81993 1.77565 1.71796 1.65352 1.58119 1.51661 1.51083 1.51083 1.51083 1.51379 1.53104 1.62726 1.37093 1.33603 1.34555 1.43588 1.40260 1.33600 1.26942 1.20664 1.19211 1.19211 1.19211 1.23015 1.40696 1.40696 1.40988 1.50922 1.59391 1.73701 1.69862 1.68700 1.68700 1.68700 1.68700 1.68700
2.82456 2.77795 2.75128 2.75008 2.60941 2.58786 2.53773 2.48753 2.47376 2.40869 2.32383 2.39078 2.67666 2.61716 2.53631 2.06688 1.96376 1.76657 1.75333 1.74010 1.72688 1.71366 1.70045 1.62385 1.52909 1.49845 1.51956 1.28626 1.19607 1.10764 1.42402 1.51083 1.51083 1.51619 1.53503 1.55668 1.58112 1.60901 1.64110 1.67176 1.67529 1.80860 1.39085 1.22873 1.14515 1.16359 1.19211 1.19211 1.19211 1.19211 1.19211 1.19211 1.19211 1.19226 1.37775 1.40696 1.40696 1.48588 1.55742 1.69987 1.72056 1.69604 1.70941 1.72279 1.73633 1.75967
2.54655 2.48794 2.42950 2.37085 2.26373 2.25320 2.23996 2.22676 2.21673 2.17973 2.04578 1.98321 2.31138 2.31231 2.29907 1.95531 1.82859 1.60051 1.59754 1.59754 1.59770 1.59813 1.59856 1.58751 1.53129 1.52528 1.45494 1.08251 1.08572 1.14789 1.45161 1.61497 1.64796 1.67428 1.67529 1.67529 1.67529 1.67506 1.56510 1.36537 1.16565 1.07494 1.06010 1.03439 1.04468 1.10420 1.19211 1.19211 1.19211 1.19211 1.19211 1.19211 1.19157 1.18231 1.28887 1.37292 1.36067 1.44969 1.57947 1.74579 1.86176 1.82584 1.83708 1.84745 1.85698 1.86037
2.33497 2.33595 2.33595 2.33595 2.27545 2.05875 1.99829 1.93773 1.88916 1.94768 1.87321 1.87123 2.17053 2.27894 2.27894 2.06759 1.83990 1.64078 1.59899 1.59942 1.59971 1.61355 1.65026 1.68809 1.68131 1.74742 1.75252 1.67361 1.46219 1.46219 1.55813 1.67529 1.67529 1.67529 1.58405 1.38456 1.18468 0.985270 0.895430 0.895430 0.895430 0.946867 1.09736 1.02748 1.04412 1.05046 1.17021 1.15832 1.14621 1.13408 1.12186 1.10974 1.09817 1.09520 1.14562 1.30610 1.30328 1.36914 1.57509 1.68873 1.90699 1.86087 1.86037 1.86037 1.84342 1.75484
2.33139 2.28382 2.19765 2.11147 2.03063 1.89337 1.88439 1.88439 1.88439 1.93100 1.89388 1.87181 2.06700 2.28038 2.28081 2.18267 1.90068 1.78732 1.73005 1.77320 1.83478 1.89026 1.91655 1.94259 1.96264 1.97118 1.87970 1.73269 1.46219 1.46219 1.52372 1.40489 1.20387 1.00422 0.895586 0.895430 0.895430 0.895430 0.895430 0.895430 0.895430 0.900460 1.07366 0.900564 0.929257 0.928386 1.07063 1.09520 1.09514 1.09319 1.09037 1.08755 1.08473 1.08190 1.08263 1.27714 1.29506 1.30372 1.56386 1.64681 1.83749 1.76642 1.67300 1.59680 1.53768 1.55030
2.04443 2.01714 2.01714 2.01714 2.01714 1.92963 1.86985 1.85697 1.84406 1.84870 1.84807 1.80146 1.85867 2.14288 2.10982 2.10330 2.16828 2.08199 1.94217 1.96789 1.97737 1.97737 1.97737 1.97737 1.97440 1.97118 1.94318 1.84010 1.68300 1.78625 1.85314 1.07327 0.895430 0.895430 0.895430 0.895430 0.895430 0.895430 0.895430 0.895430 0.895430 0.895430 1.08614 0.879709 0.907601 0.915130 1.01129 1.07247 1.06670 1.06284 1.05982 1.05683 1.05383 1.05093 1.05199 1.19512 1.27667 1.20345 1.36391 1.35766 1.35830 1.51284 1.54082 1.53721 1.53361 1.53002
