High_resolution/powerplant/Fengdu/OMI_NO2_200607.asc
ncols      200
nrows      200
xllcorner       105.978
yllcorner       28.1831
cellsize     0.0166667
NODATA_Value      -999.000
[rows 145 to 173 of 200, columns 0 to 66 of 200]
2.80328 2.65801 2.60680 2.63658 2.67016 2.70369 2.74692 2.71676 2.76213 2.76433 2.65481 2.65483 2.57654 2.86114 2.91509 2.91395 2.86791 2.90897 2.90523 2.89364 2.87877 2.86764 2.84484 2.81130 2.78862 2.77443 2.81072 2.90482 2.88187 2.75656 2.72932 2.69760 2.47333 2.10868 2.10059 2.02462 1.83650 1.83650 1.83650 1.83768 1.98581 2.03334 2.06933 2.10881 2.13810 2.25287 2.60343 2.59230 2.57511 2.45902 2.46072 2.41545 2.41454 2.33897 2.14895 1.95158 1.90534 1.89739 1.89528 1.80081 1.77946 1.72028 1.65793 1.45698 1.16707 1.29683 1.33823
2.96895 2.84983 2.76704 2.82248 2.87450 2.92657 2.96323 2.86720 2.83818 2.83432 2.65143 2.63444 2.57985 2.71218 2.86857 2.85674 2.79824 2.81492 2.79845 2.79063 2.78606 2.79009 2.79358 2.80182 2.83021 2.84916 2.92094 2.95391 2.89454 2.60573 2.29282 2.18416 2.17019 2.12719 2.10688 2.08567 1.89277 1.93728 1.97953 2.01943 2.11882 2.16182 2.15963 2.16640 2.16186 2.18527 2.44541 2.41939 2.36527 2.25628 2.15732 2.18312 2.21018 2.23428 2.18743 1.95014 1.89702 1.89702 1.89702 1.71082 1.56640 1.56348 1.58641 1.56700 1.29136 1.44667 1.61994
3.14873 3.11789 2.96996 2.96847 2.97032 2.97220 2.97407 2.93080 2.90676 2.91590 2.68472 2.61609 2.60417 2.60488 2.90015 2.89413 2.85337 2.87883 2.89484 2.92121 2.95061 2.98004 3.00147 2.94051 2.83021 2.70248 2.57718 2.50830 2.54208 2.43168 2.26833 2.17359 2.12257 2.04263 1.94186 1.89114 2.01254 2.04548 2.03616 2.02681 2.06995 2.12906 2.12714 2.14763 2.16734 2.18338 2.21900 2.25165 2.25165 2.23314 2.13228 2.18823 2.19867 2.23428 2.23305 1.99358 1.89860 1.91231 1.95900 1.88923 1.68903 1.72692 1.74205 1.73920 1.41488 1.44505 1.63069
3.29362 3.19852 3.00513 3.00452 3.00452 3.00452 3.00452 3.00452 3.00445 2.99436 2.79172 2.62409 2.60476 2.51049 2.90598 2.95630 2.97375 2.96218 2.98858 2.87960 2.76353 2.64741 2.53572 2.50553 2.50484 2.49781 2.47914 2.43533 2.41514 2.31894 2.12706 1.95193 1.93424 1.90636 1.84948 1.83756 1.90943 2.00131 2.00079 2.01195 2.05023 2.16654 2.18310 2.20226 2.22014 2.22389 2.23404 2.29139 2.29628 2.30124 2.18391 2.18823 2.19976 2.26585 2.29394 2.17438 2.08885 2.11958 2.12052 2.10984 1.76140 1.74205 1.74205 1.74205 1.50320 1.39749 1.62106
3.36367 3.21521 3.03086 3.00049 2.97448 2.93829 2.89183 2.84526 2.79778 2.75714 2.63715 2.40792 2.38299 2.46387 2.76806 2.82571 2.71316 2.55503 2.51133 2.50717 2.50717 2.50717 2.49027 2.44704 2.40264 2.35605 2.29742 2.29296 2.30575 2.26835 2.13812 1.86614 1.86602 1.86583 1.84155 1.85165 1.90059 2.07606 2.09394 2.09864 2.09977 2.22403 2.23308 2.24177 2.26865 2.26832 2.26406 2.32396 2.35692 2.41668 2.38824 2.38630 2.40746 2.33138 2.32845 2.25632 2.09905 2.12052 2.12052 2.12052 1.86070 1.74205 1.74205 1.74205 1.58643 1.39232 1.56659
3.17774 2.95133 2.78134 2.68355 2.65887 2.64398 2.63942 2.63501 2.63146 2.62895 2.58884 2.35616 2.33044 2.40813 2.46184 2.58542 2.59378 2.55689 2.57191 2.53917 2.50298 2.45974 2.43100 2.43027 2.43251 2.43058 2.40263 2.39573 2.38613 2.34230 2.21523 1.93490 1.90989 1.93050 1.92426 1.91394 1.91394 2.07554 2.11399 2.12943 2.14552 2.20221 2.21147 2.22292 2.31384 2.38175 2.45614 2.55651 2.58833 2.58833 2.54159 2.43709 2.38483 2.19115 2.08856 2.00119 2.08535 2.12052 2.12052 2.12052 1.98338 1.76854 1.81963 1.87552 1.85567 1.63675 1.68426
3.00167 2.83100 2.71747 2.63149 2.63115 2.62475 2.59673 2.56691 2.53712 2.50952 2.49871 2.38646 2.33759 2.39924 2.41126 2.52400 2.45761 2.39276 2.43825 2.44126 2.43289 2.42981 2.42981 2.42763 2.42647 2.42647 2.40977 2.40700 2.42651 2.40953 2.33267 2.13610 2.00917 2.02811 2.02904 2.00537 2.02250 2.15325 2.24343 2.28910 2.36092 2.40561 2.43812 2.48660 2.54982 2.56921 2.56921 2.56990 2.49402 2.41765 2.33312 2.11928 2.09161 1.99675 1.92377 1.93043 2.08979 2.27503 2.37299 2.48185 2.57558 2.07301 2.05606 2.06045 2.05016 1.69405 1.69171
2.96583 2.85228 2.69936 2.54994 2.50989 2.47628 2.46429 2.45408 2.44387 2.39877 2.29557 2.14208 1.98248 1.95020 2.13463 2.38524 2.42981 2.42981 2.42981 2.42981 2.42981 2.43045 2.44681 2.46375 2.52341 2.57191 2.61768 2.65009 2.68193 2.67592 2.56963 2.38481 2.11569 2.12231 2.11933 2.14381 2.22068 2.35568 2.54937 2.57437 2.57437 2.55576 2.48907 2.43966 2.40284 2.35710 2.28075 2.24802 2.24146 2.24149 2.25056 2.18178 2.20055 2.22392 2.15126 2.20798 2.33238 2.65783 2.71198 2.71786 2.72369 2.27419 2.10546 2.16297 2.30764 2.19104 2.33560
2.74756 2.67487 2.55295 2.43006 2.42776 2.36816 2.27706 2.18031 2.07074 1.99658 2.00388 1.98167 1.89317 1.90363 2.14340 2.34239 2.48621 2.51168 2.53821 2.55488 2.54359 2.52949 2.49544 2.48477 2.71598 2.72278 2.71954 2.67816 2.62793 2.55627 2.39679 2.19679 2.00795 1.94478 1.89904 2.37470 2.39210 2.39333 2.52268 2.46081 2.39090 2.32022 2.21342 2.19950 2.21522 2.26044 2.28254 2.31421 2.28415 2.29891 2.31221 2.31610 2.32005 2.38590 2.25289 2.25084 2.28809 2.62782 2.73123 2.73123 2.73123 2.60969 2.61052 2.73081 2.73026 2.53025 2.27646
2.68605 2.58470 2.38266 2.17697 2.04472 2.00130 2.00290 2.00170 2.00054 1.99936 1.99818 1.99574 1.96879 1.98393 2.21672 2.38607 2.57295 2.52931 2.48567 2.45349 2.45079 2.44327 2.40001 2.35112 2.48213 2.50003 2.41451 2.33184 2.21972 2.13688 2.03305 1.99097 1.88577 1.85197 1.86480 2.22387 2.39561 2.40631 2.28820 2.23941 2.25299 2.26820 2.24720 2.24750 2.26479 2.31030 2.28055 2.24924 2.26631 2.28340 2.28380 2.28380 2.28380 2.33688 2.31716 2.25084 2.25095 2.53214 2.73123 2.73123 2.70994 2.65448 2.59862 2.54277 2.48785 2.34714 2.02500
2.13253 2.10208 2.10208 2.01788 1.97421 1.97421 1.97421 1.97421 1.97421 1.97421 1.97421 1.97159 1.93810 1.89562 2.00444 2.13762 2.41610 2.37915 2.31406 2.24590 2.17556 2.09022 2.01033 1.93337 1.96786 2.06654 2.03305 1.99274 1.90276 1.90150 1.84515 2.04720 2.00288 1.91705 1.91705 2.10579 2.47872 2.52144 2.47242 2.37033 2.38790 2.39970 2.35313 2.30559 2.29014 2.21016 2.18944 2.18944 2.23656 2.28380 2.28380 2.28380 2.28380 2.29176 2.40490 2.24558 2.21532 2.32442 2.55914 2.50440 2.46981 2.46937 2.46937 2.46937 2.46937 2.42710 2.02500
2.10832 2.10208 2.10208 2.04403 1.97421 1.97421 1.97421 1.97791 1.97363 1.95662 1.93968 1.92011 1.91434 1.91637 1.88879 1.76152 1.90035 1.90178 1.84459 1.78891 1.73320 1.69902 1.69863 1.69863 1.72765 1.99850 2.00070 2.00019 1.90959 1.91368 1.89293 2.05277 2.10929 2.01523 2.03487 2.08198 2.69215 2.71068 2.65026 2.39168 2.35783 2.32995 2.31186 2.26723 2.26723 2.22775 2.18944 2.18944 2.21071 2.28041 2.27115 2.25006 2.22259 2.19513 2.29987 2.01871 2.00280 2.04296 2.41360 2.46937 2.46937 2.46937 2.46937 2.46937 2.46937 2.46904 2.08332
2.21048 2.21821 2.24877 2.24271 2.12758 2.11057 2.08979 2.05097 2.01656 1.99399 1.96969 1.94941 1.94187 1.90688 1.84173 1.48939 1.59952 1.69863 1.69863 1.69863 1.69863 1.70505 1.71700 1.72897 1.74092 1.98736 2.06691 2.07887 2.01700 1.99393 1.99658 2.09478 2.19634 2.08533 2.04033 2.00143 2.42185 2.56792 2.56201 2.36910 2.32637 2.32637 2.32513 2.24924 2.23572 2.20389 2.12764 2.10102 2.08316 2.12691 2.12564 2.11929 2.11929 2.11929 2.26454 2.05324 2.06048 2.11263 2.34074 2.46937 2.46937 2.46937 2.46937 2.46937 2.50439 2.61947 2.52568
2.46235 2.33184 2.26698 2.19134 1.99776 1.96994 1.94951 1.94791 1.93477 1.89657 1.85776 1.81896 1.78621 1.78341 1.78894 1.50159 1.56040 1.74976 1.76033 1.77230 1.78425 1.78980 1.78980 1.78980 1.78980 1.92984 2.09187 2.09187 2.03899 1.99233 1.96458 1.97945 2.10637 1.99005 1.92157 1.92157 2.19267 2.56201 2.56201 2.43451 2.32637 2.32590 2.31390 2.19875 2.15253 2.13242 2.02683 2.02493 2.02785 2.08314 2.13196 2.16938 2.21032 2.25465 2.43182 2.37614 2.19883 2.19883 2.27754 2.46937 2.50656 2.62298 2.76451 2.93835 3.07816 3.08183 2.99532
2.34083 2.10443 2.10116 2.10098 1.95123 1.88624 1.85016 1.81738 1.79784 1.80330 1.80939 1.81547 1.82155 1.82662 1.82717 1.62238 1.57120 1.77690 1.78980 1.78980 1.78980 1.78980 1.78980 1.78980 1.78980 1.83590 2.06440 2.02546 1.95347 1.85126 1.84151 1.85128 2.06150 2.02376 1.92157 1.92157 2.00457 2.55539 2.53587 2.46260 2.27076 2.25430 2.24938 2.18532 2.12621 2.12851 2.07579 2.09008 2.12867 2.21068 2.31284 2.31352 2.31352 2.31352 2.37585 2.48337 2.15990 2.19079 2.25501 2.67542 2.73305 2.67892 2.62244 2.56609 2.50961 2.45340 2.46285
2.54605 2.02660 1.99160 1.95090 1.86189 1.82375 1.82715 1.82717 1.82717 1.82717 1.82717 1.82717 1.82717 1.82717 1.82717 1.70501 1.54548 1.72405 1.78980 1.78980 1.78980 1.78980 1.80623 1.83893 1.87156 1.90358 1.93511 1.93931 1.92614 1.83870 1.80721 1.76950 1.93612 2.02464 2.08979 2.18865 2.28761 2.45092 2.46962 2.46830 2.26760 2.26807 2.31445 2.32009 2.24399 2.27740 2.23448 2.18698 2.18281 2.13587 2.15287 2.14756 2.14689 2.17473 2.22220 2.59170 2.07369 2.04574 2.02577 2.22337 2.23237 2.22656 2.40863 2.40863 2.40863 2.40863 2.41472
2.59433 1.90608 1.95024 1.95024 1.89771 1.82717 1.82717 1.82717 1.82717 1.82717 1.82717 1.82782 1.83114 1.83478 1.83853 1.79759 1.52449 1.68139 1.82585 1.86359 1.90264 1.94230 1.96478 1.96975 1.97001 1.94181 1.92187 1.89813 1.87933 1.85827 1.97125 2.10306 2.33643 2.44465 2.44046 2.43627 2.43208 2.48846 2.53584 2.53159 2.50848 2.52224 2.51459 2.50534 2.32939 2.32394 2.30072 2.24195 2.24144 2.18113 2.17500 2.28998 2.30342 2.28306 2.26344 2.39556 2.04410 1.92821 1.92821 2.02906 2.10854 2.11079 2.38288 2.37875 2.31303 2.24725 2.18150
2.73272 2.00326 1.95024 1.95024 1.94144 1.91899 1.92410 1.92923 1.93448 1.93986 1.94523 1.94984 1.95024 1.95024 1.95786 1.99513 1.70207 1.84232 2.06268 2.05082 2.01398 1.97074 1.92253 1.86847 1.89986 2.05775 2.23133 2.42974 2.56429 2.36589 2.30748 2.30914 2.34185 2.39914 2.39914 2.39914 2.39914 2.42679 2.51129 2.51129 2.50785 2.49904 2.49014 2.48128 2.33526 2.30030 2.29582 2.17078 2.16945 2.14723 2.08144 2.22773 2.22773 2.22773 2.22773 2.33149 2.18196 1.92821 1.92153 1.94468 2.01481 1.97096 2.05670 2.10060 2.10054 2.10054 2.10054
2.70265 2.23010 1.94457 1.95024 1.95024 1.95024 1.95024 1.95024 1.95024 1.95024 1.95371 1.98217 1.99240 1.99970 2.00265 1.98404 1.83965 1.92877 1.89922 1.82653 1.95996 2.12480 2.28958 2.45457 2.53492 2.53492 2.53508 2.57269 2.57707 2.41543 2.30748 2.30767 2.31583 2.38622 2.37809 2.36922 2.36033 2.35340 2.44747 2.44579 2.44388 2.45832 2.47356 2.48881 2.39797 2.31444 2.31444 2.19401 2.16939 2.16815 2.05602 2.20666 2.22773 2.23493 2.19265 2.18329 2.13680 1.86687 1.85273 1.87392 1.90314 1.90314 1.97565 2.10054 2.10054 2.10054 2.10054
2.61559 2.54022 1.89170 1.88251 1.84295 1.80119 1.75800 1.74440 1.74521 1.75333 1.77970 1.77782 1.80092 1.82565 1.84275 1.83808 1.81701 1.88590 1.94364 2.50710 2.53492 2.53492 2.53492 2.53492 2.53382 2.52561 2.51611 2.53145 2.53930 2.42833 2.26492 2.25781 2.23266 2.31214 2.32810 2.32810 2.33084 2.34486 2.43382 2.48749 2.49913 2.49988 2.49988 2.49988 2.44611 2.32961 2.34917 2.27983 2.23381 2.22762 2.06789 2.06764 2.07251 1.97871 1.94742 1.97417 2.09651 1.92901 1.95626 2.00885 1.91780 1.90314 1.93470 2.10054 2.10054 2.10054 2.10054
2.20328 2.17229 1.40413 1.52262 1.58713 1.67760 1.75865 1.80075 1.82541 1.84269 1.84382 1.83278 1.81087 1.78898 1.76709 1.75092 1.75004 1.80295 1.83986 2.43620 2.50082 2.49133 2.48185 2.47237 2.46398 2.46272 2.46272 2.47426 2.50487 2.46416 2.25333 2.25333 2.24200 2.30740 2.35877 2.37403 2.38643 2.38600 2.42289 2.48671 2.48242 2.47831 2.47439 2.47063 2.46386 2.42621 2.34071 2.19575 1.99440 1.93528 1.86151 1.82735 1.94742 1.96665 2.00764 2.04945 2.23005 2.17187 2.12033 2.12033 1.98668 1.90314 1.90588 2.08838 2.10054 2.10054 2.10054
2.14720 2.14720 1.83591 1.82518 1.84261 1.84382 1.84293 1.82664 1.80473 1.78058 1.73769 1.70165 1.67647 1.65130 1.62612 1.60095 1.57581 1.63061 1.81422 2.15934 2.46272 2.46272 2.46272 2.46272 2.46272 2.46272 2.46272 2.46370 2.50472 2.52792 2.30516 2.30826 2.31654 2.33075 2.37647 2.37480 2.37327 2.37288 2.38030 2.46537 2.43699 2.36559 2.29380 2.22203 2.15461 2.11600 2.10754 2.09126 1.93799 1.96801 1.96500 1.90606 2.08616 2.11225 2.11232 2.11232 2.23392 2.22020 2.12035 2.12178 2.05128 1.89452 1.89088 2.03535 2.12798 2.13474 2.14233
2.14720 2.14720 2.01990 1.78266 1.74130 1.69423 1.64803 1.61727 1.59206 1.56916 1.56498 1.56498 1.56498 1.56498 1.56498 1.56498 1.56498 1.57443 1.80882 1.95627 2.46272 2.46272 2.46272 2.46272 2.46377 2.48792 2.52165 2.55544 2.59463 2.60428 2.37544 2.32202 2.32130 2.31034 2.37288 2.37357 2.38294 2.39499 2.40702 2.23704 2.13971 2.13938 2.13938 2.13938 2.15121 2.16144 2.17387 2.19541 2.08723 2.06442 2.05455 1.94699 2.04872 2.10873 2.10391 2.09893 2.22342 2.32881 2.15994 2.15653 2.15137 1.94024 2.00464 2.11966 2.18936 2.18936 1.75052
1.94183 1.85418 1.89829 1.59870 1.56498 1.56498 1.56498 1.56498 1.56498 1.56498 1.56498 1.56498 1.56498 1.56498 1.56498 1.56498 1.56498 1.56498 1.75625 1.80243 2.44142 2.48130 2.51511 2.54889 2.58169 2.59134 2.59134 2.59134 2.59551 2.60428 2.37953 2.24366 2.25178 2.24361 2.32060 2.33522 2.33131 2.32262 2.31394 2.16697 2.01009 2.00142 2.03863 2.08625 2.08915 2.07272 2.03690 2.02941 1.93759 1.87457 1.86957 1.75506 1.77710 1.94666 1.97954 2.01245 2.22921 2.59831 2.50011 2.49221 2.51969 2.42679 2.39413 2.36488 2.18936 2.18867 1.49635
1.77231 1.77231 1.80074 1.69574 1.56498 1.56498 1.56498 1.56498 1.56498 1.56498 1.56498 1.56498 1.56498 1.56498 1.56498 1.56498 1.56498 1.57428 1.72813 1.86609 2.35634 2.59134 2.59134 2.59134 2.59134 2.59134 2.59157 2.60675 2.63144 2.66742 2.47293 2.18900 2.18950 2.17820 2.20786 2.22182 2.21969 2.21969 2.21969 2.16518 1.93322 1.93322 1.96974 2.05359 2.06654 2.08318 2.07067 2.07855 2.02729 1.93751 1.93598 1.89158 1.87008 2.15940 2.16499 2.16499 2.26643 2.71391 2.62803 2.52005 2.52005 2.42504 2.16518 1.97207 1.04322 0.639070 0.492612
1.77231 1.77231 1.77231 1.80086 1.56498 1.56498 1.56498 1.56498 1.56498 1.56498 1.56498 1.56498 1.56498 1.57055 1.59446 1.63810 1.75394 1.84784 1.66543 1.77344 2.08520 2.59134 2.59488 2.61643 2.64046 2.66454 2.68839 2.69729 2.69729 2.70642 2.62767 2.18797 2.18950 2.18370 2.19159 2.22030 2.23521 2.25633 2.27743 2.29753 2.06318 2.05397 2.07812 2.17891 2.16774 2.14751 2.10552 2.08762 2.07327 1.95638 1.95633 1.92397 1.85123 2.07382 2.16499 2.16499 2.18608 2.74489 2.73556 2.16191 2.04044 1.88578 1.53951 1.53951 0.881055 0.480110 0.480277
1.77231 1.77231 1.77231 1.91908 1.58264 1.56981 1.64690 1.74423 1.83662 1.92730 2.03080 2.13277 2.21625 2.25534 2.27608 2.28239 2.23812 2.20145 1.56407 1.59990 1.79047 2.67380 2.69476 2.69729 2.69729 2.69729 2.69729 2.69729 2.70161 2.71698 2.73639 2.18371 2.14976 2.14258 2.33731 2.38164 2.38769 2.38769 2.38769 2.37887 2.18208 2.04540 2.02180 2.08720 2.11775 2.11775 2.10252 2.08762 2.08762 1.97421 1.95633 1.94575 1.86230 2.01568 2.24521 2.27845 2.30938 2.79159 2.91501 2.08243 1.94161 1.87876 1.55074 1.53951 1.16263 0.480110 0.480110
1.77231 1.77231 3.04026 3.32648 2.49582 2.35570 2.38673 2.39392 2.36634 2.33467 2.28782 2.23812 2.20145 2.19961 2.20148 2.20436 2.20724 2.21012 1.78117 1.55805 1.64789 2.55488 2.71836 2.72989 2.74264 2.75681 2.77269 2.79055 2.80100 2.80289 2.82022 2.22865 2.11441 2.11441 2.31915 2.37954 2.35745 2.33383 2.31023 2.29543 2.20515 2.00142 1.99495 2.03972 2.10314 2.09928 2.09282 2.08988 2.10869 2.04958 2.02175 2.04391 1.98294 2.01178 2.31576 2.31583 2.30103 2.64502 2.94847 2.21595 1.55406 1.53951 1.53951 1.53951 1.36475 0.477755 0.443080
1.77231 1.77231 3.09457 3.68080 2.72344 2.28251 2.23812 2.20145 2.19958 2.19986 2.20230 2.20519 2.20807 2.22082 2.24267 2.26463 2.28798 2.31282 2.06520 1.34939 1.33046 2.15633 2.80100 2.80100 2.80100 2.80100 2.80100 2.80100 2.80100 2.80100 2.81623 2.33785 2.07042 2.02669 2.15118 2.28588 2.29489 2.29480 2.29471 2.29462 2.27827 1.96008 1.95076 1.98043 2.12028 2.14280 2.16497 2.18488 2.18822 2.13908 2.05693 2.05199 1.96760 1.88990 2.14410 2.18247 2.16389 2.44831 2.98671 2.57603 1.53951 1.53184 1.42127 1.30321 1.17775 0.385448 0.366792
