High_resolution/powerplant/Fengdu/OMI_NO2_200903.asc
ncols      200
nrows      200
xllcorner       105.978
yllcorner       28.1831
cellsize     0.0166667
NODATA_Value      -999.000
[rows 145 to 173 of 200, columns 66 to 131 of 200]
7.65099 7.65099 7.65099 7.65099 7.62091 7.55202 7.46690 7.32199 4.62068 3.85240 3.77293 3.77293 3.77293 3.77293 3.77293 3.77293 3.76701 3.73228 3.71083 3.70020 3.69285 3.69234 3.69339 3.69339 3.69339 3.69339 3.07273 2.91808 2.91808 2.91808 2.91808 2.91808 2.91808 2.91808 2.91808 2.91808 2.91808 2.91808 2.91808 2.91808 2.91808 2.41285 2.28241 2.45644 2.95537 2.95537 2.96785 3.04971 3.14229 3.23484 3.30398 3.30779 3.30779 3.31018 3.31777 3.32554 3.33336 3.34116 3.34648 3.34664 3.41686 3.65341 3.65341 3.65341 3.65341 3.65341
7.51597 7.42149 7.29958 7.13693 7.03487 7.03487 7.03487 7.03487 4.88949 3.77293 3.77293 3.77188 3.74410 3.70457 3.68030 3.67537 3.67522 3.68968 3.69339 3.69339 3.69339 3.69339 3.69339 3.69339 3.69339 3.69339 3.29634 2.91808 2.91808 2.91808 2.91808 2.91808 2.91808 2.91808 2.91808 2.91808 2.91808 2.91808 2.91808 2.91808 2.91808 2.61557 2.28731 2.37467 3.09037 3.21697 3.29711 3.30779 3.31010 3.31769 3.32547 3.33324 3.34105 3.34646 3.34664 3.34664 3.34664 3.34664 3.34664 3.34664 3.35084 3.63287 3.65341 3.65341 3.65341 3.65341
7.09330 7.03487 7.03487 7.03487 7.03487 7.03487 7.03487 6.74089 5.12032 3.67760 3.63808 3.59958 3.58787 3.58787 3.66966 3.69339 3.69339 3.69339 3.69339 3.69339 3.69339 3.69339 3.69339 3.69339 3.69339 3.69339 3.51987 2.91808 2.91808 2.91808 2.91808 2.91808 2.91808 2.91808 2.91808 2.91808 2.91808 2.91808 2.91828 2.99330 3.12847 3.14898 2.61382 2.64302 3.11627 3.32539 3.33316 3.34093 3.34643 3.34664 3.34664 3.34664 3.34664 3.34664 3.34664 3.34664 3.34664 3.34664 3.34664 3.34664 3.34664 3.55040 3.65341 3.65341 3.65341 3.65341
8.00436 7.03487 6.96528 6.31590 5.53621 4.75581 3.97684 3.49113 3.49304 3.58699 3.58787 3.58787 3.58787 3.58787 3.63789 3.69339 3.69339 3.69339 3.69339 3.69339 3.69339 3.69339 3.69339 3.69339 3.69339 3.69339 3.68486 2.97662 2.91808 2.91808 2.91808 2.91808 2.91808 2.91808 2.91808 2.95749 3.08880 3.22392 3.36385 3.45220 3.48357 3.51492 2.88767 2.78542 3.01163 3.34664 3.34664 3.34664 3.34664 3.34664 3.34664 3.34664 3.34664 3.34664 3.34664 3.34664 3.34664 3.34664 3.34664 3.34664 3.34664 3.46380 3.65341 3.65341 3.66315 3.72054
7.54368 4.32443 3.61398 3.48438 3.48438 3.48438 3.48438 3.48438 3.48438 3.56549 3.58787 3.58787 3.58787 3.58787 3.59499 3.69090 3.69339 3.69339 3.69339 3.69339 3.69339 3.69339 3.69339 3.69339 3.69339 3.69339 3.69339 3.19159 2.91808 2.91808 2.91808 2.93300 3.04919 3.18689 3.34763 3.47476 3.50989 3.54125 3.56766 3.57067 3.57067 3.57067 3.16039 2.78662 2.85287 3.34603 3.34664 3.34664 3.34664 3.34664 3.34664 3.34664 3.34664 3.34664 3.34664 3.34664 3.34664 3.34664 3.34664 3.34664 3.35069 3.43279 3.77080 3.83546 3.88938 3.89575
7.40291 3.48438 3.48438 3.48438 3.48438 3.48438 3.48438 3.48438 3.48438 3.53531 3.58787 3.58787 3.58787 3.58787 3.58787 3.67229 3.69339 3.69339 3.69339 3.69339 3.69339 3.69339 3.69339 3.69339 3.69339 3.69339 3.69339 3.41716 3.01054 3.16792 3.33441 3.48591 3.53621 3.56505 3.57067 3.57067 3.57067 3.57067 3.57067 3.57067 3.57067 3.57067 3.40881 2.78662 2.78662 3.25222 3.34664 3.34664 3.34664 3.34664 3.34664 3.34664 3.34664 3.34664 3.34664 3.34664 3.34747 3.38877 3.45245 3.51621 3.57580 3.58898 3.83971 3.89575 3.89575 3.89575
7.95786 3.99809 3.48438 3.48438 3.48438 3.48438 3.48438 3.48438 3.48438 3.50516 3.58787 3.58787 3.58787 3.58787 3.58787 3.64193 3.69339 3.69339 3.69339 3.69339 3.69339 3.69339 3.69339 3.69339 3.75135 3.89685 4.04329 4.12987 3.56785 3.57067 3.57067 3.57067 3.57067 3.57067 3.57067 3.57067 3.57067 3.57067 3.57067 3.57067 3.57067 3.57067 3.56785 2.87610 2.78662 3.09290 3.34664 3.34664 3.34664 3.34664 3.34664 3.34664 3.34664 3.37633 3.43994 3.50370 3.56654 3.58898 3.58898 3.58898 3.58898 3.56013 3.79513 4.21480 4.34999 4.48512
7.99377 5.67593 3.48438 3.48438 3.48438 3.48438 3.48438 3.48438 3.48438 3.48491 3.57793 3.58787 3.58787 3.58787 3.58787 3.59834 3.69180 3.69339 3.69339 3.69575 3.72993 3.86502 4.01137 4.15783 4.24621 4.24712 4.24712 4.24712 3.71664 3.57067 3.57067 3.57067 3.57067 3.57067 3.57067 3.57067 3.57067 3.57067 3.57067 3.57067 3.57067 3.57067 3.57067 3.12173 2.78662 2.93301 3.34664 3.34664 3.34664 3.36550 3.42744 3.49122 3.55486 3.58893 3.58898 3.58898 3.56152 3.47571 3.38869 3.30166 3.21403 3.15598 3.51921 4.59191 4.59191 4.59191
7.99377 6.85666 3.48438 3.48438 3.48438 3.48438 3.48438 3.48438 3.48438 3.48438 3.54831 3.58787 3.58787 3.58787 3.58915 3.60678 3.70620 3.83319 3.97958 4.12358 4.23580 4.24712 4.24712 4.24712 4.24712 4.24712 4.24712 4.24712 3.91079 3.57067 3.57067 3.57067 3.57067 3.57067 3.57067 3.57067 3.57067 3.57067 3.57067 3.57067 3.57067 3.57067 3.57067 3.37019 2.81443 2.88369 3.39761 3.47038 3.53014 3.58729 3.58898 3.56274 3.47732 3.39043 3.30310 3.21576 3.15633 3.15450 3.15450 3.15450 3.15450 3.15450 3.18734 4.52009 4.59191 4.59191
7.86085 7.53955 3.48699 3.48438 3.48438 3.48438 3.48438 3.48438 3.48438 3.48438 3.52638 3.62234 3.64492 3.66750 3.68878 3.69373 3.99239 4.24712 4.24712 4.24712 4.24712 4.24712 4.24712 4.24712 4.24712 4.24712 4.24712 4.24712 4.10489 3.57067 3.57067 3.57067 3.57067 3.57067 3.57067 3.57067 3.57067 3.57067 3.56697 3.55754 3.54932 3.53694 3.45479 3.35243 3.12969 3.16305 3.41166 3.46699 3.40419 3.30453 3.21750 3.15668 3.15450 3.15450 3.15450 3.15450 3.15450 3.15450 3.15450 3.15450 3.15450 3.15450 3.15450 4.14913 4.59191 4.59191
7.82504 7.82504 4.62329 3.48438 3.48438 3.48626 3.49737 3.50971 3.52205 3.53439 3.54916 3.69059 3.69373 3.69373 3.69373 3.69373 3.76961 4.24243 4.24712 4.24712 4.24712 4.24712 4.24712 4.24712 4.24712 4.24712 4.24712 4.24712 4.24177 3.62784 3.57067 3.57067 3.57067 3.56536 3.55074 3.54344 3.53707 3.53142 3.48044 3.38933 3.29830 3.23315 3.31975 3.43661 3.53893 3.64696 3.53402 3.25062 3.24321 3.15465 3.15450 3.15450 3.15450 3.15450 3.15450 3.15450 3.15450 3.15450 3.15450 3.15450 3.15450 3.15450 3.15450 3.74510 4.59191 4.59191
7.82507 7.82875 6.09848 3.51649 3.52883 3.53929 3.54052 3.54052 3.54052 3.54052 3.54052 3.65484 3.69373 3.69373 3.69373 3.69373 3.69373 4.16271 4.24712 4.24712 4.24712 4.24712 4.24712 4.24712 4.24712 4.24712 4.24712 4.24712 4.24712 3.81656 3.57067 3.57067 3.57067 3.56037 3.50370 3.41597 3.33701 3.34559 3.41913 3.53611 3.65308 3.74867 3.75780 3.75780 3.75063 3.73421 3.67465 3.25096 3.25062 3.17552 3.15450 3.15450 3.15450 3.15450 3.15450 3.15450 3.15450 3.15450 3.15450 3.15450 3.15450 3.15450 3.15450 3.32453 4.48764 4.39339
7.85062 7.85311 7.10516 3.54052 3.54052 3.54052 3.54052 3.54052 3.54052 3.54052 3.54052 3.61046 3.69373 3.69373 3.69373 3.69373 3.69373 4.01750 4.24712 4.24712 4.24712 4.24712 4.24712 4.24712 4.24712 4.24712 4.24712 4.24712 4.24712 4.01056 3.55750 3.45054 3.44720 3.48587 3.52458 3.63555 3.74044 3.75780 3.75780 3.75780 3.75780 3.75780 3.75780 3.75780 3.75702 3.73532 3.73421 3.32875 3.25062 3.20504 3.15450 3.15450 3.15450 3.15450 3.15450 3.15450 3.15450 3.15450 3.15450 3.14643 3.06818 2.97368 2.87918 2.80162 4.01452 4.23150
7.85311 7.85311 7.75475 3.75745 3.54052 3.54052 3.54052 3.54052 3.54052 3.54052 3.54052 3.56609 3.69373 3.69373 3.69373 3.69373 3.69373 3.79380 4.24506 4.24712 4.24712 4.24712 4.24712 4.24712 4.24712 4.24712 4.24574 4.19475 4.12360 4.01249 3.72875 3.87298 3.91527 3.91527 3.80152 3.75780 3.75780 3.75780 3.75780 3.75780 3.75780 3.75780 3.75780 3.75780 3.75780 3.74202 3.73421 3.46618 3.25062 3.22868 3.15450 3.15450 3.15450 3.15450 3.15450 3.15209 3.08592 2.99138 2.89684 2.81034 2.79409 2.79409 2.79409 2.79409 3.55452 3.92016
7.85311 7.85311 7.85311 5.30835 3.54052 3.54052 3.54052 3.54052 3.54052 3.54052 3.54052 3.54064 3.67478 3.69373 3.69373 3.69373 3.69373 3.69373 4.17532 4.24712 4.24712 4.24712 4.26476 4.27794 4.20820 4.13699 4.06722 4.04701 4.04701 4.04701 3.94482 3.91527 3.91527 3.91527 3.84253 3.75780 3.75780 3.75780 3.75780 3.75780 3.75780 3.75780 3.75780 3.75780 3.75780 3.74951 3.73421 3.60353 3.25062 3.24695 3.15686 3.15443 3.10358 3.00904 2.91450 2.82245 2.79409 2.79409 2.79409 2.82994 2.92936 3.02993 3.13050 3.23108 3.22643 3.05576
7.85311 7.85311 7.85311 6.54522 3.54052 3.54052 3.54052 3.54052 3.54052 3.54052 3.54052 3.54052 3.63052 3.69373 3.69373 3.69373 3.69373 3.70525 4.11947 4.35101 4.29284 4.22166 4.13284 4.04848 4.04701 4.04701 4.04701 4.04701 4.04701 4.04701 3.98265 3.91527 3.91527 3.91527 3.89349 3.75815 3.75780 3.75780 3.75780 3.75780 3.75780 3.75780 3.75780 3.75780 3.75780 3.75642 3.73479 3.66556 3.04702 2.81589 2.81056 2.83777 2.79409 2.79409 2.82914 2.92835 3.02893 3.12950 3.23007 3.29559 3.29695 3.29695 3.29695 3.29695 3.28771 3.06345
7.31682 6.74003 6.00750 4.77670 3.54052 3.54052 3.54052 3.54052 3.54052 3.54052 3.54052 3.54052 3.58681 3.77261 3.90343 4.03412 4.16481 4.28411 4.28223 4.06030 4.04701 4.04701 4.04701 4.04701 4.04701 4.04701 4.04701 4.04701 4.04701 4.04701 4.02044 3.91527 3.91527 3.91527 3.91527 3.77755 3.75780 3.75780 3.75780 3.75780 3.75780 3.72474 3.58457 3.43640 3.28697 3.13259 2.87587 2.67518 2.29425 2.17216 2.51678 3.02792 3.12849 3.22926 3.29559 3.29695 3.29695 3.29695 3.29695 3.29695 3.29695 3.29695 3.29695 3.29695 3.29695 3.12199
3.54052 3.54052 3.54052 3.54052 3.54052 3.54052 3.54052 3.54052 3.51997 3.43127 3.33708 3.24292 3.19732 4.26722 4.30616 4.30616 4.30616 4.30616 4.30616 4.07474 4.04701 4.04701 4.04701 4.04701 4.04701 4.04701 4.04701 4.04701 4.04701 4.04701 4.04622 3.92729 3.91527 3.91527 3.91527 3.79349 3.61290 3.46455 3.31646 3.16829 3.01968 2.89940 2.88461 2.87790 2.84979 2.75779 2.56522 2.32619 2.32457 2.48360 2.62377 3.29695 3.29695 3.29695 3.29695 3.29695 3.29695 3.29695 3.29695 3.29695 3.29695 3.29695 3.29695 3.29695 3.29695 3.18975
3.54052 3.54052 3.54052 3.53833 3.47309 3.37894 3.28479 3.19064 3.11699 3.11158 3.11158 3.11158 3.11158 3.96871 4.30616 4.30616 4.30616 4.30616 4.30616 4.13662 4.04701 4.04701 4.04701 4.04701 4.04701 4.04701 4.04701 4.04701 4.04701 4.04701 4.04701 3.96425 3.91527 3.91527 3.91527 3.53782 2.89682 2.89325 2.88655 2.86627 2.77427 2.67641 2.58015 2.48399 2.41031 2.40560 2.38295 2.16851 2.20927 2.48457 2.49540 3.23658 3.29695 3.29695 3.29695 3.29695 3.29695 3.29695 3.29695 3.29695 3.29695 3.29695 3.29695 3.29695 3.29695 3.25755
3.42080 3.32661 3.23250 3.14049 3.11158 3.11158 3.11158 3.11158 3.11158 3.11158 3.11158 3.11158 3.11158 3.62228 4.30616 4.30616 4.30616 4.30616 4.30616 4.23260 4.04701 4.04701 4.04701 4.04701 4.04701 4.04701 4.04701 4.04701 4.04701 4.04701 4.04701 4.00205 3.91527 3.91250 3.89263 3.70989 2.71216 2.59512 2.49891 2.41618 2.40560 2.40560 2.40560 2.40560 2.40560 2.40560 2.40560 2.22132 2.16660 2.43708 2.48461 2.98018 3.29695 3.29695 3.29695 3.29695 3.29695 3.29695 3.29695 3.29695 3.29695 3.29695 3.33172 3.47255 3.62077 3.76879
3.11158 3.11158 3.11158 3.11158 3.11158 3.11158 3.11158 3.11158 3.11158 3.11158 3.11158 3.11158 3.11158 3.27603 4.30604 4.30616 4.30616 4.30616 4.30616 4.30616 4.06884 4.04701 4.04701 4.04701 4.04701 4.04701 4.04701 4.04701 4.04701 4.04532 3.99954 3.92106 3.50044 3.34113 3.20656 3.17844 2.55214 2.40560 2.40560 2.40560 2.40560 2.40560 2.40560 2.40560 2.40560 2.40560 2.40560 2.29690 2.16660 2.34679 2.48461 2.75910 3.29695 3.29695 3.29695 3.29695 3.29695 3.29695 3.31496 3.44410 3.59232 3.74060 3.85399 3.86139 3.86139 3.86139
3.11158 3.11158 3.11158 3.11158 3.11158 3.11158 3.11158 3.11158 3.11158 3.11158 3.11158 3.11158 3.11158 3.11158 4.12379 4.30616 4.30616 4.30616 4.30616 4.30616 4.12795 4.04701 4.04701 4.04701 4.04701 4.02621 3.96225 3.89401 3.82574 3.75924 3.73678 3.73678 3.30811 3.17844 3.17844 3.17844 2.73772 2.40560 2.40560 2.40560 2.40560 2.40560 2.40560 2.40560 2.40560 2.40560 2.40560 2.37212 2.16672 2.25662 2.48461 2.57971 3.29695 3.29695 3.30367 3.41565 3.56387 3.71215 3.84231 3.86139 3.86139 3.86139 3.82069 3.71219 3.60293 3.49411
3.11158 3.11158 3.11158 3.11158 3.11158 3.11158 3.11158 3.11158 3.11158 3.11158 3.11158 3.11158 3.11158 3.11158 3.77732 4.30616 4.30616 4.30616 4.30616 4.30616 4.20480 3.98686 3.92486 3.85667 3.78845 3.74101 3.73678 3.73678 3.73678 3.73678 3.73678 3.73678 3.46799 3.17844 3.17844 3.17844 2.96910 2.40560 2.40560 2.40560 2.40560 2.40560 2.40560 2.40560 2.40560 2.40560 2.40560 2.40560 2.20868 2.17773 2.49764 2.67179 3.47809 3.68370 3.82521 3.86139 3.86139 3.82161 3.71393 3.60511 3.49536 3.38637 3.31825 3.31727 3.31727 3.31727
3.11158 3.11158 3.11158 3.11158 3.11158 3.11158 3.11158 3.11158 3.11158 3.11158 3.11158 3.11158 3.11158 3.11158 3.43086 4.30321 4.22172 4.10545 3.98902 3.87270 3.77296 3.74481 3.73686 3.73678 3.73678 3.73678 3.73678 3.73678 3.73678 3.73678 3.73678 3.73678 3.62813 3.17844 3.17844 3.17844 3.17000 2.44773 2.40560 2.40560 2.40560 2.40560 2.40560 2.40560 2.41848 2.50327 2.60974 2.70199 2.74709 3.03160 3.65708 3.86139 3.82346 3.71578 3.60620 3.49737 3.38850 3.31841 3.31727 3.31727 3.31727 3.31727 3.31727 3.31727 3.31727 3.31727
3.11158 3.11158 3.11158 3.11158 3.11158 3.11158 3.11158 3.11158 3.11158 3.11158 3.11158 3.11998 3.14624 3.17305 3.22454 3.76957 3.76031 3.76031 3.76031 3.76031 3.76031 3.74337 3.73678 3.73678 3.73678 3.73678 3.73678 3.73678 3.73678 3.73678 3.73678 3.73678 3.73421 3.23204 3.17844 3.17844 3.17844 2.60520 2.41144 2.48592 2.59009 2.70852 2.84436 2.98665 3.05711 2.98435 2.89149 2.82328 2.88653 3.28749 3.35618 3.38964 3.31874 3.31727 3.31727 3.31727 3.31727 3.31727 3.31727 3.31727 3.31727 3.31727 3.31727 3.31727 3.31727 3.31727
3.11158 3.11158 3.11158 3.11158 3.11158 3.11158 3.11306 3.13385 3.16067 3.18750 3.21430 3.23273 3.23330 3.23330 3.23330 3.59563 3.76031 3.76031 3.76031 3.76031 3.76031 3.75113 3.73678 3.73678 3.73678 3.73678 3.73678 3.73678 3.73678 3.73678 3.73678 3.73678 3.73678 3.38983 3.17844 3.17844 3.17844 3.09442 3.13878 3.17420 3.10390 3.01111 2.91141 2.79549 2.74416 2.70060 2.65695 2.62474 2.62402 3.10465 3.19484 3.31727 3.31727 3.31727 3.31727 3.31727 3.31727 3.31727 3.31727 3.31727 3.31727 3.31727 3.31727 3.31727 3.31727 3.31727
3.11158 3.11158 3.12171 3.14829 3.17511 3.20194 3.22729 3.23330 3.23330 3.23330 3.23330 3.23330 3.23330 3.23330 3.23330 3.44298 3.76031 3.76031 3.76031 3.76031 3.76031 3.75982 3.73787 3.73678 3.73678 3.73678 3.73678 3.73678 3.73678 3.73678 3.73678 3.73678 3.73678 3.54946 3.17844 3.17844 3.13070 3.03439 2.90590 2.77375 2.70758 2.66400 2.62727 2.62305 2.62305 2.62305 2.62305 2.62305 2.62305 2.93179 3.17344 3.29796 3.31727 3.31727 3.31727 3.31727 3.31727 3.31727 3.31727 3.31727 3.31727 3.31727 3.31727 3.31727 3.31727 3.23710
3.18956 3.21637 3.23307 3.23330 3.23330 3.23330 3.23330 3.23330 3.23330 3.23330 3.23330 3.23330 3.23330 3.23330 3.23330 3.29154 3.75909 3.76031 3.76031 3.76031 3.76031 3.76031 3.74263 3.73678 3.73678 3.73678 3.73678 3.73678 3.73678 3.73678 3.73678 3.73678 3.71126 3.54909 2.90411 2.75968 2.67106 2.63090 2.62305 2.62305 2.62305 2.62305 2.62305 2.62305 2.62305 2.62305 2.62305 2.62305 2.62305 2.75834 3.17343 3.25739 3.31727 3.31727 3.31727 3.31727 3.31727 3.31727 3.31727 3.31727 3.31727 3.26645 3.08668 2.90068 2.71467 2.60884
3.23330 3.23330 3.23330 3.23330 3.23330 3.23330 3.23330 3.23330 3.23330 3.23330 3.23330 3.23330 3.23330 3.23330 3.23330 3.23330 3.66466 3.76031 3.76031 3.76031 3.76031 3.76031 3.74997 3.73678 3.73678 3.73678 3.73678 3.73678 3.70586 3.57370 3.42653 3.27939 3.15771 3.13694 2.74495 2.62305 2.62305 2.62305 2.62305 2.62305 2.62305 2.62305 2.62305 2.62305 2.62305 2.62305 2.62305 2.62305 2.62305 2.62977 3.12820 3.21673 3.31727 3.31727 3.31727 3.31727 3.31727 3.28913 3.12177 2.93583 2.74983 2.61465 2.60841 2.60841 2.60841 2.65204
