High_resolution/powerplant/Fengdu/OMI_NO2_2008_06-08.asc
ncols      200
nrows      200
xllcorner       105.978
yllcorner       28.1831
cellsize     0.0166667
NODATA_Value      -999.000
[rows 90 to 119 of 200, columns 66 to 131 of 200]
2.78894 2.81371 2.69775 2.69196 2.72913 2.43673 2.43920 2.39860 2.37146 2.39676 2.40333 2.39472 2.43023 2.42919 2.40008 2.39179 2.37412 2.42766 2.43736 2.40273 2.33161 2.31063 2.30952 2.36273 2.45860 2.44925 2.39474 2.37792 2.31792 2.27803 2.16194 2.10775 2.11609 2.14131 2.10575 2.03256 1.98038 1.95490 1.97922 2.05696 2.05272 2.08516 2.10880 2.12752 2.12942 2.13503 2.14329 2.19987 2.16211 2.09349 2.09158 2.08373 2.03671 2.26245 2.25812 2.26776 2.27928 2.29352 2.24745 2.23835 2.22323 2.20193 2.05180 2.10170 2.10170 2.14066
2.93298 2.93176 2.74373 2.68095 2.65485 2.42801 2.34895 2.34943 2.31257 2.35093 2.37010 2.35201 2.38614 2.38063 2.33913 2.27984 2.17696 2.16905 2.12366 2.11235 2.12572 2.15999 2.17623 2.25717 2.31297 2.30052 2.24332 2.18455 2.15062 2.18009 2.06619 2.07561 2.05128 2.09922 2.09922 2.03407 2.00103 1.98058 1.97158 2.08041 2.05846 2.08723 2.10850 2.10777 2.10928 2.10599 2.11936 2.18406 2.13303 2.07267 2.02429 2.00729 1.99529 2.12713 2.17909 2.19091 2.21635 2.25914 2.17915 2.15241 2.14944 2.11477 1.98072 2.07578 2.10170 2.12875
2.94490 2.94448 2.81890 2.69947 2.69197 2.53113 2.40370 2.45425 2.40430 2.37448 2.39290 2.31372 2.32214 2.27546 2.18925 2.15413 2.10071 2.02507 1.96961 1.99157 1.99515 2.06258 2.08593 2.20323 2.15995 2.18462 2.16863 2.11891 2.04640 2.09402 2.03371 2.09060 2.03591 2.09821 2.10108 2.05927 2.03468 2.01894 1.96297 1.98823 1.98977 2.02475 2.06392 2.06741 2.06045 2.04017 2.04215 2.01843 2.05065 2.00134 1.96928 1.92931 1.92836 1.98730 2.11957 2.14175 2.16739 2.23598 2.11618 2.07525 2.07228 2.06938 1.94780 2.00299 2.05407 2.01463
3.05455 3.06677 2.95748 2.84406 2.83926 2.71527 2.51579 2.54173 2.45669 2.33385 2.32875 2.25550 2.28485 2.26376 2.24278 2.17652 2.10531 2.05077 1.96350 1.95942 1.95867 2.00300 2.01992 2.09821 2.04594 2.08235 2.11808 2.11137 2.05528 2.06090 1.99163 2.03642 2.02271 2.05713 2.05464 2.02837 2.01789 2.00524 1.99042 1.96069 1.99354 2.01136 2.03532 2.00593 1.99188 1.96207 1.96139 1.94768 1.89991 1.83793 1.84141 1.75191 1.73920 1.81302 1.99686 2.03159 2.05451 2.13817 1.96836 1.89869 1.86587 1.79688 1.47164 1.37548 1.43142 1.40356
3.06565 3.02744 2.94168 2.84137 2.76312 2.63032 2.39659 2.43758 2.45757 2.33706 2.34318 2.28676 2.29992 2.26120 2.21475 2.14904 2.01678 1.99660 1.89325 1.88361 1.89881 1.95363 1.98144 2.05691 2.00783 2.02287 2.05854 2.04521 1.98394 1.99783 1.97110 2.01049 2.04391 2.04749 2.03595 2.01033 2.01097 2.00525 2.01499 1.92316 1.99214 2.01338 2.01556 2.00536 2.00219 1.98932 1.95694 1.92688 1.89740 1.60751 1.76056 1.71754 1.73384 1.79703 2.00139 1.91742 1.81440 1.73925 1.62515 1.56314 1.52242 1.51783 1.30099 1.24500 1.37036 1.37265
2.96189 2.96389 2.91426 2.83191 2.74129 2.64239 2.53727 2.52849 2.57897 2.35532 2.30106 2.22122 2.16752 2.17000 2.12739 2.12568 2.02384 2.02833 1.93301 1.89393 1.90539 1.95298 1.95836 2.00437 1.95450 1.92940 2.00502 2.01289 1.95016 1.98892 1.98152 2.01651 2.09747 2.01872 1.98179 1.95766 1.97948 1.97949 2.00180 1.90722 1.99239 1.98438 1.94433 1.90840 1.87409 1.90590 1.92609 1.94577 1.92735 1.71268 1.87272 1.82795 1.84801 1.81203 1.78688 1.59974 1.49612 1.48736 1.50686 1.51783 1.51783 1.51783 1.51783 1.46971 1.55420 1.60143
3.02633 3.01747 2.99661 2.89765 2.83897 2.74815 2.75061 2.69268 2.46029 2.22287 2.19497 2.19634 2.15505 2.18718 2.15865 2.17207 2.07285 2.06229 1.98869 1.91774 1.91843 1.97106 1.97730 1.98757 1.96560 1.93513 2.01154 2.04333 1.98716 1.99602 1.98313 1.99848 2.04417 2.02397 1.95262 1.95267 1.96871 1.94965 1.95474 1.87579 1.87072 1.93784 1.94301 1.95345 1.95335 1.99174 1.99369 1.99609 1.97958 1.79715 1.94746 1.90972 1.89895 1.71760 1.70216 1.62064 1.49589 1.48736 1.50686 1.51783 1.51783 1.51704 1.50828 1.46801 1.45061 1.51672
3.07992 3.10369 3.17150 3.12829 3.05984 2.93493 3.01095 2.74689 2.58192 2.38581 2.27840 2.27570 2.20467 2.20799 2.17207 2.16744 2.08791 2.06839 2.01979 1.96072 1.96442 2.04818 2.08026 2.09426 2.10448 2.06589 2.05776 2.06990 2.02575 2.03596 2.03235 2.07612 2.10994 2.09510 2.00564 1.96799 1.95065 1.95199 1.94790 1.87619 1.81874 1.95417 1.95013 1.92579 1.93973 1.97353 2.00332 2.01563 1.97188 1.92967 1.88066 1.84639 1.84677 1.72695 1.67312 1.66888 1.48454 1.46449 1.47214 1.46824 1.45476 1.44153 1.43962 1.44210 1.38639 1.45050
3.60782 3.50719 3.39912 3.29217 3.03373 2.86617 2.93109 2.75294 2.55708 2.36662 2.27466 2.20286 2.12431 2.12658 2.07926 2.06549 2.01845 2.00952 2.03002 2.04043 2.07504 2.14697 2.16412 2.14179 2.12891 2.15172 2.14874 2.20506 2.14436 2.09138 2.02379 1.96115 1.91821 1.95751 1.94503 1.92787 1.93795 1.94224 1.94211 1.93345 1.79892 1.98360 1.99558 1.96403 1.98392 1.99456 2.01194 1.99540 1.92411 1.86865 1.81944 1.80982 1.84769 1.80742 1.65839 1.68108 1.46303 1.41571 1.44084 1.46242 1.47668 1.49244 1.50767 1.51114 1.45477 1.42803
3.68596 3.61419 3.48258 3.41211 3.21306 3.07064 3.09511 2.96775 2.66892 2.43017 2.27546 2.18070 2.08590 2.09552 2.08281 2.09914 2.11097 2.13209 2.12916 2.15563 2.16555 2.18809 2.17577 2.15025 2.08362 2.14388 2.02068 1.97405 1.96308 1.92882 1.91282 1.92533 1.92393 1.94908 1.96614 1.94204 1.96077 1.97067 1.98054 1.98954 1.88783 1.99765 2.00244 1.93084 1.92493 1.90986 1.92057 1.90119 1.82003 1.76350 1.67361 1.68146 1.80150 1.80269 1.64557 1.73265 1.64764 1.53134 1.56678 1.56678 1.56678 1.56678 1.56678 1.56703 1.51614 1.45220
3.66783 3.63730 3.52279 3.47089 3.24820 3.08453 3.06017 3.02393 2.67425 2.40933 2.30363 2.21434 2.12517 2.13370 2.10075 2.09108 2.08175 2.09755 2.09192 2.12383 2.12527 2.12463 2.10116 2.03380 1.95330 2.03142 1.97079 1.97850 1.98670 1.96475 1.90586 1.91756 1.92781 1.94769 2.00031 1.96360 1.97797 1.97744 1.95512 1.94422 1.89083 1.88554 1.89844 1.82467 1.82080 1.81281 1.83607 1.86429 1.76966 1.78100 1.71707 1.68800 1.82633 1.79623 1.66750 1.72954 1.86486 1.72514 1.77352 1.78331 1.77981 1.75795 1.73155 1.70083 1.66352 1.50890
3.69952 3.65588 3.51518 3.44010 3.29169 3.09334 3.09433 3.16923 2.81960 2.61965 2.44486 2.25655 2.15365 2.14644 2.10931 2.10433 2.08563 2.07646 2.04541 2.04773 2.08691 2.10646 2.10576 2.07480 1.99033 2.02345 2.02054 2.01043 2.03900 2.05884 1.98826 1.99609 2.00013 1.99753 2.05127 2.01263 1.98787 1.94387 1.88106 1.88320 1.86338 1.80450 1.90120 1.88399 1.90918 1.89881 1.90144 1.95628 1.83550 1.65504 1.73693 1.65590 1.76096 1.75150 1.67637 1.57013 1.75943 1.60957 1.59623 1.54459 1.49832 1.47248 1.45529 1.44102 1.44864 1.42754
3.75001 3.71832 3.63056 3.55384 3.55492 3.35292 3.40374 3.42515 3.06315 2.72930 2.53334 2.37070 2.27851 2.22130 2.10681 2.08768 2.08331 2.09189 2.07830 2.08400 2.13810 2.16229 2.16536 2.12379 2.07363 2.06687 2.11143 2.06408 2.08612 2.09328 2.03576 1.98085 1.93590 1.87975 1.88909 1.88817 1.91889 1.92971 1.90533 1.91210 1.92307 1.79811 1.91247 1.86847 1.83977 1.80234 1.75703 1.39768 1.53527 1.49220 1.61630 1.47570 1.51362 1.50288 1.46500 1.25746 1.36500 1.43304 1.48468 1.48014 1.48014 1.48014 1.48014 1.48014 1.48014 1.45006
3.59073 3.56602 3.51472 3.48578 3.51990 3.30114 3.28681 3.32767 3.17822 2.77408 2.62964 2.52903 2.39857 2.30538 2.13149 2.13418 2.13531 2.14796 2.15495 2.16529 2.20506 2.17003 2.16329 2.12282 2.08915 2.06708 2.10924 2.04883 2.03706 2.01653 1.92907 1.78870 1.77135 1.75653 1.79267 1.84552 1.91090 1.91667 1.87571 1.83034 1.77773 1.61153 1.66594 1.62968 1.59710 1.56076 1.53889 1.51002 1.34141 1.32962 1.47428 1.38827 1.36900 1.39735 1.37126 1.24957 1.30519 1.40159 1.48014 1.48014 1.48014 1.48014 1.48014 1.48014 1.47841 1.39752
3.45981 3.45645 3.42428 3.41963 3.44209 3.16104 3.10270 3.02861 3.03672 2.75793 2.78103 2.69515 2.51890 2.42586 2.17395 2.16241 2.16658 2.17421 2.17718 2.18063 2.20156 2.19684 2.17202 2.13718 2.05899 2.01176 2.00961 1.96204 1.95497 1.95535 1.95703 1.73567 1.67117 1.63758 1.60564 1.56572 1.57187 1.55157 1.51627 1.47844 1.48312 1.48502 1.48669 1.43621 1.44662 1.44662 1.41941 1.39612 1.25788 1.23700 1.33480 1.32293 1.28746 1.40113 1.45651 1.42958 1.44742 1.38188 1.46771 1.46478 1.44676 1.42230 1.39105 1.32914 1.28165 1.22742
3.03275 2.89292 2.78979 2.79752 2.80563 2.68821 2.72649 2.69614 2.79662 2.73350 2.74073 2.70592 2.52002 2.41764 2.24989 2.17053 2.16688 2.16695 2.16023 2.13236 2.12824 2.16155 2.08996 2.08308 1.99483 1.97196 1.96528 1.95993 1.90151 1.87751 1.85245 1.61744 1.44820 1.42137 1.42679 1.45582 1.43856 1.50026 1.50004 1.47260 1.48378 1.47076 1.48934 1.40135 1.38965 1.10047 1.14658 1.14658 1.21270 1.23808 1.37138 1.45643 1.42863 1.50318 1.53649 1.48145 1.35771 1.21709 1.27036 1.23982 1.23491 1.23491 1.23491 1.21526 1.21526 1.16418
2.79357 2.72587 2.69741 2.78079 2.82698 2.76541 2.79529 2.76377 2.86393 2.77930 2.78268 2.80965 2.59101 2.47152 2.33572 2.18134 2.18300 2.17938 2.16067 2.08138 2.09827 2.14981 2.05484 2.06757 1.98326 1.96492 1.91936 1.86986 1.80380 1.77683 1.79360 1.72041 1.48533 1.47299 1.48155 1.50379 1.47075 1.52573 1.51174 1.45642 1.04945 1.02190 1.04261 1.04085 1.08095 1.04834 1.13246 1.16921 1.28764 1.28674 1.35123 1.43442 1.34615 1.33798 1.34959 1.34008 1.22639 1.12051 1.14151 1.16830 1.18720 1.18720 1.18720 1.16830 1.16830 1.12178
2.82859 2.73782 2.72582 2.80254 2.84971 2.79954 2.81783 2.78875 2.88967 2.78489 2.80337 2.84992 2.65274 2.52846 2.41799 2.18563 2.18205 2.18450 2.19236 2.12228 2.13030 2.16033 2.06233 2.04434 1.93492 1.86739 1.84471 1.83894 1.79486 1.78843 1.79029 1.81004 1.52523 1.47703 1.49591 1.00273 0.969072 1.01774 1.04087 0.997504 0.966644 1.01313 1.05620 1.12065 1.20254 1.15392 1.27710 1.26537 1.30731 1.27354 1.25735 1.33339 1.33523 1.32317 1.35204 1.36378 1.30967 1.18155 1.14672 1.11736 1.13699 1.13699 1.13699 1.30358 1.29244 1.27971
2.78331 2.66670 2.60206 2.63782 2.76562 2.76512 2.82806 2.81201 2.87983 2.73669 2.73303 2.75278 2.58684 2.50872 2.39700 2.19079 2.09829 2.07144 2.05985 2.05114 2.03997 2.06660 2.03781 1.99111 1.89398 1.82627 1.81176 1.81869 1.78503 1.78083 1.32103 1.37320 1.09638 0.990610 0.937015 0.926059 0.964226 0.966892 1.01651 1.02398 1.04969 1.09111 1.07010 1.10064 1.09988 1.01677 1.10868 1.08419 1.14258 1.14293 1.17201 1.26222 1.37822 1.39586 1.44241 1.44789 1.39951 1.24543 1.17058 1.12813 1.14706 1.14484 1.37993 1.42055 0.806845 0.964902
2.70364 2.65423 2.64897 2.68562 2.79682 2.79394 2.88123 2.84296 2.86369 2.67781 2.68195 2.71186 2.59016 2.51379 2.36956 2.22315 2.12883 2.12405 2.12851 2.12304 2.09715 2.10693 2.04554 1.98550 1.92070 1.41566 1.32123 1.32767 1.28026 1.25411 1.24204 1.30939 1.14790 0.991723 0.986807 1.06391 1.18500 1.07651 1.01845 0.978212 0.945861 0.947796 0.945859 1.02694 1.02445 0.967513 1.09766 1.11723 1.20185 1.23879 1.32080 1.32833 1.40926 1.36740 1.34426 1.34604 0.457680 0.332099 0.386654 0.418333 0.462035 0.525345 2.30543 2.45420 2.39738 2.39738
2.69484 2.72157 2.75083 2.80989 2.85913 2.80617 2.86455 2.80742 2.83451 2.66735 2.64942 2.58427 2.52364 2.42741 2.19676 2.10366 2.10014 2.09773 2.10270 2.10240 1.64321 1.64638 1.52272 1.57329 1.39031 1.36342 1.24982 1.28261 1.27888 1.27810 1.27074 1.33351 1.27190 1.50559 1.48266 1.49022 1.51941 1.20714 0.976255 0.958633 0.946938 0.930690 0.940649 1.05559 1.06301 1.01649 1.12403 1.12196 1.17403 1.15362 1.13136 1.09414 1.08787 1.05672 1.03644 0.357809 0.294913 0.336264 2.11295 2.17818 2.30543 2.30543 2.30543 2.45420 2.39738 2.45420
2.75954 2.78293 2.77755 2.81475 2.85601 2.81944 2.85497 2.70519 2.66048 2.43599 2.35004 2.34597 2.37918 2.36873 2.28990 1.81579 1.80368 1.79845 1.76413 1.66463 1.59508 1.57847 1.49487 1.51509 1.38852 1.46322 1.37062 1.43725 1.42887 1.40715 1.39060 1.45117 1.39060 1.57241 1.61563 1.58733 1.60099 1.50525 1.07978 1.08222 1.12190 1.14299 1.12398 1.06622 1.03003 0.979484 1.04727 1.04728 1.10034 1.08941 1.04603 1.02261 1.00603 0.972808 0.971259 0.978909 0.987759 1.07952 1.18565 2.07192 2.30543 2.30543 2.30543 2.50228 2.45420 2.50228
2.67694 2.72470 2.70546 2.67680 2.63377 2.51542 2.43256 2.31137 2.27080 2.16519 2.12757 2.25415 2.27167 2.34355 2.28121 1.81169 1.74212 1.76365 1.75356 1.68857 1.70066 1.70270 1.64458 1.63034 1.51147 1.56973 1.38591 1.45089 1.44781 1.47127 1.45471 1.48917 1.43799 1.48957 1.56654 1.54438 1.54578 1.61186 1.25420 1.10109 1.10783 1.09742 1.08621 1.05723 1.06463 1.01385 1.05875 1.03282 1.05063 1.03005 0.994763 0.995628 0.998378 0.980521 0.981086 0.984595 0.988771 1.05856 1.15985 1.74650 2.25255 2.20119 2.20119 2.37654 2.32249 2.37654
2.47512 2.49548 2.46054 2.42824 2.41433 2.35069 2.35340 2.27894 2.23961 2.18749 2.09758 2.23087 2.24069 2.37471 2.32478 2.33144 1.83190 1.89746 1.88215 1.79832 1.80881 1.76262 1.61757 1.53202 1.41780 1.54092 1.36240 1.42954 1.42295 1.34637 1.30916 1.33901 1.27729 1.28241 1.41044 1.40250 1.42497 1.46710 1.34198 1.02801 1.03952 1.01768 1.03872 0.975609 0.969287 0.929341 0.988819 0.972299 1.00458 1.00746 0.972528 0.972389 0.986287 1.00505 1.05060 1.07072 0.957044 1.01334 1.06525 1.42936 2.13175 2.12341 2.12799 2.07453 2.34541 2.34884
2.31997 2.39123 2.39581 2.37769 2.40195 2.33806 2.35245 2.28245 2.26351 2.26598 2.19037 2.31856 2.40570 2.51182 2.50088 2.50255 1.97234 1.95954 1.91756 1.83961 1.85249 1.92965 1.77642 1.66983 1.51413 1.65344 1.54414 1.48212 1.48405 1.35664 1.26131 1.29974 1.23733 1.23733 1.31097 1.35085 1.38875 1.42488 1.42866 1.00267 1.00829 0.993451 1.03484 0.993298 1.03428 0.994845 1.05351 1.05701 1.08875 1.15246 1.14259 1.19794 1.22451 1.21035 1.22842 1.22896 1.07361 1.14535 1.12113 1.32252 2.04605 2.04211 2.04018 1.98450 2.31522 2.29377
2.35899 2.40763 2.41530 2.38243 2.39374 2.34423 2.37312 2.32981 2.42123 2.45857 2.43028 2.46045 2.55431 2.56264 2.54370 2.51411 2.19773 2.16203 2.14429 2.08782 2.09004 2.18864 1.93827 1.84995 1.63536 1.70303 1.64446 1.52154 1.52154 1.45164 1.24245 1.25847 1.20068 1.23234 1.27217 1.38785 1.43977 1.43615 1.39893 1.00874 0.952314 0.935108 0.998518 0.993858 1.12231 1.12673 1.35879 1.41130 1.36099 1.44159 1.32757 1.34839 1.35016 1.30370 1.32181 1.32181 1.29090 1.35612 1.28260 1.44105 1.84656 1.95503 1.95503 1.95503 2.22949 2.10616
2.29747 2.31949 2.34740 2.34591 2.41401 2.39219 2.42171 2.36288 2.39314 2.41514 2.37347 2.37427 2.48574 2.47541 2.50243 2.47837 2.46636 2.10913 2.09159 2.03417 2.00831 2.09153 1.82979 1.83152 1.67628 1.72634 1.69012 1.55332 1.57456 1.58056 1.35293 1.34865 1.30054 1.30054 1.27320 1.37779 1.39951 1.36171 1.23873 1.07772 1.08445 1.09311 1.17772 1.12303 1.24060 1.17288 1.31756 1.35597 1.30185 1.39198 1.33245 1.35016 1.35016 1.32181 1.34218 1.34629 1.34478 1.42326 1.35591 1.48090 1.70376 1.90032 1.91091 1.92056 1.74820 2.07228
2.24859 2.26964 2.31406 2.31057 2.40060 2.33235 2.30352 2.20500 2.17961 2.25868 2.24650 2.23504 2.34531 2.35590 2.40256 2.41752 2.43088 2.07940 2.01004 1.95138 1.90766 1.96607 1.70575 1.71375 1.51056 1.58202 1.62290 1.65912 1.66841 1.70256 1.44729 1.39167 1.35137 1.39198 1.40360 1.35845 1.31313 1.29451 1.18283 1.08161 1.14542 1.11551 1.13021 1.08311 1.19808 1.07271 1.14314 1.22530 1.18345 1.26741 1.25182 1.29643 1.33413 1.32391 1.35385 1.38545 1.40873 1.61401 1.56589 1.70708 1.70123 1.98558 1.94544 1.90981 1.72153 1.93398
2.21866 2.18950 2.19846 2.16713 2.28522 2.25381 2.20478 2.17604 2.11773 2.23009 2.24570 2.24601 2.31135 2.36478 2.35035 2.35290 2.35441 1.98177 1.83837 1.78511 1.80136 1.88089 1.76589 1.83233 1.67574 1.74712 1.77080 1.77391 1.73753 1.82643 1.65877 1.61006 1.59780 1.59670 1.57067 1.48960 1.40096 1.39425 1.28817 1.16486 1.23808 1.16383 1.18705 1.14260 1.24265 1.17619 1.54392 1.71163 1.72354 1.77209 1.48977 1.47738 1.51689 1.56205 1.59426 1.64761 1.67331 1.83109 1.73003 1.83082 1.75459 1.76213 1.77005 1.77005 1.69086 1.94627
1.99835 1.99903 2.04829 2.05089 2.12800 2.16564 2.13141 2.17002 2.17342 2.26326 2.30554 2.31211 2.27185 2.08368 2.08368 2.11204 1.96981 1.87481 1.95411 1.93742 1.89970 1.92740 1.82532 1.84820 1.70479 1.75981 1.82173 1.86595 1.92814 1.98065 1.82595 1.69721 1.64060 1.64874 1.63769 1.61537 1.40891 1.40878 1.32485 1.27472 1.30980 1.59191 1.62248 1.61828 1.64558 1.62682 1.65349 1.77579 1.83531 1.92301 1.74670 1.80249 1.79701 1.77033 1.74368 1.74965 1.75562 1.92800 1.80836 1.90512 1.77228 1.74175 1.75866 1.75491 1.96283 1.96250
