High_resolution/powerplant/Fengdu/OMI_NO2_200801.asc
ncols      200
nrows      200
xllcorner       105.978
yllcorner       28.1831
cellsize     0.0166667
NODATA_Value      -999.000
[rows 116 to 144 of 200, columns 65 to 129 of 200]
5.59062 4.67683 4.34974 4.34974 4.34974 4.34974 4.34974 4.34974 4.34974 4.34974 4.34974 4.34974 4.34974 4.34974 4.34974 4.34974 4.34974 4.34974 4.34974 4.34974 4.34974 4.34974 4.34974 3.72977 3.58570 3.58570 3.58570 3.58570 3.58570 3.58570 3.58570 3.58570 3.58570 3.58570 3.58570 3.58570 3.54519 2.63762 2.61003 2.61003 2.61003 2.61003 2.61003 2.61003 2.61003 2.61003 2.15259 1.63437 1.63437 1.63437 1.63437 1.63437 1.63437 1.63437 2.50598 2.66492 2.79480 2.97789 3.16108 3.34437 3.52699 3.60507 3.60507 3.60507 3.60507
5.59062 4.94263 4.34974 4.34974 4.34974 4.34974 4.34974 4.34974 4.34974 4.34974 4.34974 4.34974 4.34974 4.34974 4.34974 4.34974 4.34974 4.34974 4.34974 4.34974 4.34974 4.34974 4.34974 3.89095 3.58570 3.58570 3.58570 3.58570 3.58570 3.58570 3.58570 3.58570 3.58570 3.58570 3.58570 3.58570 3.58570 2.79740 2.61003 2.61003 2.61003 2.61003 2.61003 2.61003 2.61003 2.61003 2.34186 1.63437 1.63437 1.63437 1.63437 1.63437 1.63437 1.63437 3.09910 3.55166 3.60507 3.60507 3.60507 3.60507 3.60507 3.60507 3.60507 3.60507 3.60507
5.59062 5.20860 4.34974 4.34974 4.34974 4.34974 4.34974 4.34974 4.34974 4.34974 4.34974 4.34974 4.34974 4.34974 4.34974 4.34974 4.34974 4.34974 4.34974 4.34974 4.34974 4.34974 4.34974 4.05210 3.58570 3.58570 3.58570 3.58570 3.58570 3.58570 3.58570 3.58570 3.58570 3.58570 3.58570 3.58570 3.58570 3.03881 2.61003 2.61003 2.61003 2.60239 2.58101 2.55969 2.53836 2.52009 2.43061 1.62005 1.61455 1.60590 1.59117 1.58502 1.58502 1.58502 2.30247 2.89233 2.86313 2.83544 2.80855 2.78329 2.75851 2.73526 2.71241 2.69093 2.66973
5.59062 5.47311 4.35023 4.34974 4.34974 4.34974 4.34974 4.34974 4.34974 4.34974 4.34974 4.34974 4.34974 4.34974 4.34974 4.34974 4.34974 4.34974 4.32903 4.24793 4.16353 4.07947 3.99524 3.79521 3.28513 3.24238 3.19973 3.15708 3.11393 3.07118 3.02843 2.98578 2.94293 2.89988 2.85723 2.81448 2.77183 2.62532 2.16099 2.13882 2.11915 2.14255 2.20407 2.28281 2.38681 2.52460 2.53780 1.60240 1.58502 1.58502 1.58502 1.58502 1.58502 1.58502 1.65182 2.57611 2.59505 2.59505 2.59505 2.59505 2.59505 2.59505 2.59505 2.59505 2.59505
5.22561 5.06280 4.03847 3.85584 3.77162 3.68745 3.60263 3.51840 3.43435 3.35029 3.26606 3.18201 3.09743 3.01303 2.92880 2.84474 2.76051 2.67646 2.61276 2.60946 2.60946 2.60946 2.60946 2.60899 2.57430 2.57267 2.57267 2.57267 2.57267 2.57267 2.57267 2.57267 2.57267 2.57267 2.57267 2.57267 2.57267 2.57267 2.31223 2.38681 2.52460 2.57267 2.57267 2.57267 2.57267 2.57267 2.57267 1.77075 1.58502 1.58502 1.58502 1.58502 1.58502 1.58502 1.58502 2.42617 2.59505 2.59505 2.59505 2.59505 2.59505 2.59505 2.59505 2.59505 2.59505
2.69369 2.69369 2.63757 2.60946 2.60946 2.60946 2.60946 2.60946 2.60946 2.60946 2.60946 2.60946 2.60946 2.60946 2.60946 2.60946 2.60946 2.60946 2.60946 2.60946 2.60946 2.60946 2.60946 2.60946 2.58155 2.57267 2.57267 2.57267 2.57267 2.57267 2.57267 2.57267 2.57267 2.57267 2.57267 2.57267 2.57267 2.57267 2.57267 2.57267 2.57267 2.57267 2.57267 2.57267 2.57267 2.57267 2.57267 1.97396 1.58502 1.58502 1.58502 1.58502 1.58502 1.58502 1.58502 2.19225 2.59505 2.59505 2.59505 2.59505 2.59505 2.59505 2.59505 2.59505 2.59505
2.69369 2.69369 2.65557 2.60946 2.60946 2.60946 2.60946 2.60946 2.60946 2.60946 2.60946 2.60946 2.60946 2.60946 2.60946 2.60946 2.60946 2.60946 2.60946 2.60946 2.60946 2.60946 2.60946 2.60946 2.58928 2.57267 2.57267 2.57267 2.57267 2.57267 2.57267 2.57267 2.57267 2.57267 2.57267 2.57267 2.57267 2.57267 2.57267 2.57267 2.57267 2.57267 2.57267 2.57267 2.57267 2.57267 2.57267 2.17731 1.58502 1.58502 1.58502 1.58502 1.58502 1.58502 1.58502 1.84268 2.59505 2.59505 2.59505 2.59505 2.59505 2.59505 2.59505 2.59484 2.53700
2.69369 2.69369 2.67360 2.60946 2.60946 2.60946 2.60946 2.60946 2.60946 2.60946 2.60946 2.60946 2.60946 2.60946 2.60946 2.60946 2.60946 2.60946 2.60946 2.60946 2.60946 2.60946 2.60946 2.60946 2.59700 2.57267 2.57267 2.57267 2.57267 2.57267 2.57267 2.57267 2.57267 2.57267 2.57267 2.57267 2.57267 2.57267 2.57267 2.57267 2.57267 2.57267 2.57267 2.57267 2.57267 2.57267 2.57267 2.38067 1.58502 1.58502 1.58502 1.58502 1.58502 1.58502 1.58502 1.58502 2.52036 2.59505 2.59272 2.51949 2.39314 2.23369 2.02567 1.74413 1.58502
2.69369 2.69369 2.69029 2.61078 2.60946 2.60946 2.60946 2.60946 2.60946 2.60946 2.60946 2.60946 2.60946 2.60946 2.60946 2.60946 2.60946 2.60946 2.60946 2.60946 2.60946 2.60946 2.60946 2.60946 2.60473 2.57267 2.57267 2.57267 2.57267 2.57267 2.57267 2.57267 2.57267 2.57267 2.57267 2.57267 2.57267 2.57267 2.57267 2.57267 2.57267 2.57267 2.57267 2.57267 2.57267 2.57267 2.57267 2.55262 1.61613 1.58502 1.58502 1.58502 1.58502 1.58502 1.58502 1.58502 2.01185 1.98709 1.69810 1.58502 1.58502 1.58502 1.58502 1.58502 1.58502
2.69369 2.69369 2.69369 2.62537 2.60946 2.60946 2.60946 2.60946 2.60946 2.60946 2.60946 2.60946 2.60946 2.60946 2.60946 2.60946 2.60946 2.60946 2.60946 2.60946 2.60946 2.60946 2.60946 2.60946 2.60941 2.57571 2.57267 2.57267 2.57267 2.57267 2.57267 2.57267 2.57267 2.57267 2.57267 2.57267 2.57267 2.57267 2.57267 2.57267 2.57267 2.57267 2.57267 2.57267 2.57267 2.57267 2.57267 2.57267 1.80626 1.62112 1.65117 1.68199 1.71187 1.74296 1.77275 1.80375 1.83362 1.86454 1.89459 1.92524 1.95547 1.98612 2.01634 2.04682 2.07731
2.69369 2.69369 2.69369 2.64340 2.60946 2.60946 2.60946 2.60946 2.60946 2.60946 2.60946 2.60946 2.60946 2.60946 2.60946 2.60946 2.60946 2.60946 2.60946 2.60946 2.60946 2.60946 2.60946 2.60946 2.61096 2.55857 2.46868 2.41177 2.35485 2.29794 2.24048 2.18343 2.12665 2.06974 2.01228 1.95523 1.89832 1.84140 1.78435 1.72703 1.66998 1.61320 1.55629 1.49870 1.44178 1.38500 1.32795 1.27077 1.93300 2.44853 2.44853 2.44853 2.44853 2.44853 2.44853 2.44853 2.44853 2.44853 2.44853 2.44853 2.44853 2.44853 2.44853 2.44853 2.44853
2.69369 2.69369 2.69369 2.66140 2.62258 2.68019 2.74142 2.80253 2.86364 2.92487 2.98585 3.04708 3.10844 3.16955 3.23066 3.29177 3.35287 3.41411 3.47521 3.53632 3.59743 3.65879 3.71990 3.78113 3.84074 2.54483 1.22397 1.22397 1.22397 1.22397 1.22397 1.22397 1.22397 1.22397 1.22397 1.22397 1.22397 1.22397 1.22397 1.22397 1.22397 1.22397 1.22397 1.22397 1.22397 1.22397 1.22397 1.22397 1.67642 2.44853 2.44853 2.44853 2.44853 2.44853 2.44853 2.44853 2.44853 2.44853 2.44853 2.44853 2.44853 2.44853 2.44853 2.44853 2.44853
3.26976 3.30973 3.35029 3.46106 3.85561 3.85911 3.85911 3.85911 3.85911 3.85911 3.85911 3.85911 3.85911 3.85911 3.85911 3.85911 3.85911 3.85911 3.85911 3.85911 3.85911 3.85911 3.85911 3.85911 3.85911 3.09800 1.22397 1.22397 1.22397 1.22397 1.22397 1.22397 1.22397 1.22397 1.22397 1.22397 1.22397 1.22397 1.22397 1.22397 1.22397 1.22397 1.22397 1.22397 1.22397 1.22397 1.22397 1.22397 1.42243 2.44853 2.44853 2.44853 2.44853 2.44853 2.44853 2.44853 2.44853 2.44853 2.44853 2.44853 2.44853 2.44853 2.44853 2.44853 2.44853
3.42179 3.42179 3.42179 3.42572 3.83570 3.85911 3.85911 3.85911 3.85911 3.85911 3.85911 3.85911 3.85911 3.85911 3.85911 3.85911 3.85911 3.85911 3.85911 3.85911 3.85911 3.85911 3.85911 3.85911 3.85911 3.64722 1.22818 1.22397 1.22397 1.22397 1.22397 1.22397 1.22397 1.22397 1.22397 1.22397 1.22397 1.22397 1.22397 1.22397 1.22397 1.22397 1.22397 1.22397 1.22397 1.22397 1.22397 1.22397 1.23401 2.38348 2.44853 2.44853 2.44853 2.44853 2.44853 2.44853 2.44853 2.44853 2.44853 2.44853 2.44853 2.44853 2.44853 2.44853 2.44853
3.42179 3.42179 3.42179 3.42179 3.74605 3.85911 3.85911 3.85911 3.85911 3.85911 3.85911 3.85911 3.85911 3.85911 3.85911 3.85911 3.85911 3.85911 3.85911 3.85911 3.85911 3.85911 3.85911 3.85911 3.85911 3.85911 1.56921 1.22397 1.22397 1.22397 1.22397 1.22397 1.22397 1.22397 1.22397 1.22397 1.22397 1.22397 1.22397 1.22397 1.22397 1.22397 1.22397 1.22397 1.22397 1.22397 1.22397 1.22397 1.22397 2.13988 2.44853 2.44853 2.44853 2.44853 2.44853 2.44853 2.44853 2.44853 2.44853 2.44853 2.44853 2.44853 2.44853 2.44853 2.44853
3.42179 3.42179 3.42179 3.42179 3.65230 3.85911 3.85911 3.85911 3.85911 3.85911 3.85911 3.85911 3.85911 3.85911 3.85911 3.85911 3.85911 3.85911 3.85911 3.85911 3.85911 3.85911 3.85911 3.85911 3.85911 3.85911 2.12255 1.22397 1.22397 1.22397 1.22397 1.22397 1.22397 1.22397 1.22397 1.22397 1.22397 1.22397 1.22397 1.22397 1.22397 1.22397 1.22397 1.22397 1.22397 1.22397 1.22397 1.22397 1.22397 1.88585 2.44853 2.44853 2.44853 2.44853 2.44853 2.44853 2.44853 2.44853 2.44853 2.44853 2.44853 2.44853 2.44853 2.44853 2.44853
3.42179 3.42179 3.42179 3.42179 3.55862 3.85911 3.85911 3.85911 3.85911 3.85911 3.85911 3.85911 3.85911 3.85911 3.85911 3.85911 3.85911 3.85911 3.85911 3.85911 3.85911 3.85911 3.85911 3.85911 3.85911 3.85911 2.67593 1.22397 1.22397 1.22397 1.22397 1.22397 1.22397 1.22397 1.22397 1.22397 1.22397 1.22397 1.22397 1.22397 1.22397 1.22397 1.22397 1.22397 1.22397 1.22397 1.22397 1.22397 1.22397 1.63215 2.44853 2.44853 2.44853 2.44853 2.44853 2.44853 2.44704 2.42925 2.40754 2.38541 2.36383 2.34157 2.32012 2.29780 2.27629
3.42179 3.42179 3.42179 3.42179 3.46509 3.85906 3.85911 3.85911 3.85911 3.85911 3.85911 3.85911 3.85911 3.85911 3.85911 3.85911 3.85911 3.85911 3.85911 3.85911 3.85911 3.85911 3.85911 3.85911 3.85911 3.85911 3.22905 1.22397 1.22397 1.22397 1.22397 1.22400 1.23178 1.24399 1.25627 1.26852 1.28092 1.29319 1.30544 1.31769 1.33005 1.34233 1.35461 1.36686 1.37917 1.39153 1.40375 1.41603 1.42831 1.52486 1.96237 1.94067 1.91866 1.89683 1.87495 1.85300 1.83272 1.82851 1.82851 1.82851 1.82851 1.82851 1.82851 1.82851 1.82851
3.42179 3.42179 3.42179 3.42179 3.42179 3.80882 3.85911 3.85911 3.85911 3.85911 3.85795 3.82238 3.77067 3.71896 3.66725 3.61555 3.56384 3.51202 3.46031 3.40860 3.35689 3.30518 3.25347 3.20176 3.15016 3.09845 2.96014 1.47831 1.47283 1.48511 1.49736 1.50961 1.51422 1.51422 1.51422 1.51422 1.51422 1.51422 1.51422 1.51422 1.51422 1.51422 1.51422 1.51422 1.51422 1.51422 1.51422 1.51422 1.51422 1.51463 1.80333 1.82851 1.82851 1.82851 1.82851 1.82851 1.82851 1.82851 1.82851 1.82851 1.82851 1.82851 1.82851 1.82851 1.82851
3.27101 3.25299 3.23498 3.21690 3.19895 3.12315 3.02564 2.97382 2.92211 2.87051 2.81996 2.80381 2.80381 2.80381 2.80381 2.80381 2.80381 2.80381 2.80381 2.80381 2.80381 2.80381 2.80381 2.80381 2.80381 2.80381 2.80381 1.74907 1.51422 1.51422 1.51422 1.51422 1.51422 1.51422 1.51422 1.51422 1.51422 1.51422 1.51422 1.51422 1.51422 1.51422 1.51422 1.51422 1.51422 1.51422 1.51422 1.51422 1.51422 1.51422 1.73916 1.82851 1.82851 1.82851 1.82851 1.82851 1.82851 1.82851 1.82851 1.82851 1.82851 1.82851 1.82851 1.82851 1.82851
3.09718 3.09718 3.09718 3.09718 3.09718 2.96279 2.80381 2.80381 2.80381 2.80381 2.80381 2.80381 2.80381 2.80381 2.80381 2.80381 2.80381 2.80381 2.80381 2.80381 2.80381 2.80381 2.80381 2.80381 2.80381 2.80381 2.80381 2.02193 1.51422 1.51422 1.51422 1.51422 1.51422 1.51422 1.51422 1.51422 1.51422 1.51422 1.51422 1.51422 1.51422 1.51422 1.51422 1.51422 1.51422 1.51422 1.51422 1.51422 1.51422 1.51422 1.67455 1.82851 1.82851 1.82851 1.82851 1.82851 1.82851 1.82851 1.82851 1.82851 1.82851 1.82851 1.82851 1.82851 1.82851
3.09718 3.09718 3.09718 3.09718 3.09718 3.02513 2.80381 2.80381 2.80381 2.80381 2.80381 2.80381 2.80381 2.80381 2.80381 2.80381 2.80381 2.80381 2.80381 2.80381 2.80381 2.80381 2.80381 2.80381 2.80381 2.80381 2.80381 2.29461 1.51422 1.51422 1.51422 1.51422 1.51422 1.51422 1.51422 1.51422 1.51422 1.51422 1.51422 1.51422 1.51422 1.51422 1.51422 1.51422 1.51422 1.51422 1.51422 1.51422 1.51422 1.51422 1.60994 1.82851 1.82851 1.82851 1.82851 1.82851 1.82851 1.82851 1.82851 1.82851 1.82851 1.82851 1.82851 1.82851 1.82851
3.09718 3.09718 3.09718 3.09718 3.09718 3.08381 2.80754 2.80381 2.80381 2.80381 2.80381 2.80381 2.80381 2.80381 2.80381 2.80381 2.80381 2.80381 2.80381 2.80381 2.80381 2.80381 2.80381 2.80381 2.80381 2.80381 2.80381 2.56713 1.51422 1.51422 1.51422 1.51422 1.51422 1.51422 1.51422 1.51422 1.51422 1.51422 1.51422 1.51422 1.51422 1.51422 1.51422 1.51422 1.51422 1.51422 1.51422 1.51422 1.51422 1.51422 1.54534 1.82851 1.82851 1.82851 1.82851 1.82851 1.82851 1.82851 1.82851 1.82851 1.82851 1.82851 1.82851 1.82851 1.82851
3.09718 3.09718 3.09718 3.09718 3.09718 3.09718 2.85661 2.80381 2.80381 2.80381 2.80381 2.80381 2.80381 2.80381 2.80381 2.80381 2.80381 2.80381 2.80381 2.80381 2.80381 2.80381 2.80381 2.80381 2.80381 2.80381 2.80381 2.78550 1.56852 1.51422 1.51422 1.51422 1.51422 1.51422 1.51422 1.51422 1.51422 1.51422 1.51422 1.51422 1.51422 1.51422 1.51422 1.51422 1.51422 1.51422 1.51422 1.51422 1.51422 1.51422 1.51422 1.79500 1.82851 1.82851 1.82851 1.82851 1.82851 1.82851 1.82851 1.82851 1.82851 1.82851 1.82851 1.82851 1.82851
3.09718 3.09718 3.09718 3.09718 3.09718 3.09718 2.91898 2.80381 2.80381 2.80381 2.80381 2.80381 2.80381 2.80381 2.80381 2.80381 2.80381 2.80381 2.80381 2.80381 2.80381 2.80381 2.80381 2.80381 2.80381 2.80381 2.80381 2.80381 1.82269 1.51422 1.51422 1.51422 1.51422 1.51422 1.51422 1.51422 1.51422 1.51422 1.51422 1.51810 1.52931 1.54052 1.55173 1.56291 1.57414 1.58546 1.59667 1.60785 1.61908 1.63027 1.64161 1.75121 1.78181 1.77887 1.77583 1.77290 1.76986 1.76691 1.76390 1.76094 1.75794 1.75495 1.75197 1.74898 1.74601
3.09718 3.09718 3.09718 3.09718 3.09718 3.09718 2.98134 2.80381 2.80381 2.80381 2.80381 2.80381 2.80381 2.80381 2.80381 2.80381 2.80381 2.77166 2.66781 2.56136 2.45491 2.34802 2.24157 2.13512 2.02845 1.92199 1.81554 1.70909 1.58613 1.67323 1.68454 1.69572 1.70693 1.71814 1.72938 1.74067 1.75187 1.76308 1.77429 1.78162 1.78173 1.78173 1.78173 1.78173 1.78173 1.78173 1.78173 1.78173 1.78173 1.78173 1.78173 1.76356 1.74395 1.74395 1.74395 1.74395 1.74395 1.74395 1.74395 1.74395 1.74395 1.74395 1.74395 1.74395 1.74395
3.21504 3.26233 3.30946 3.35658 3.40388 3.45083 3.25355 1.66694 1.56049 1.45404 1.34758 1.24069 1.13424 1.02757 0.921119 0.814666 0.708213 0.633914 0.631307 0.631307 0.631307 0.631307 0.631307 0.631307 0.631307 0.631307 0.631307 0.631307 1.02203 1.78173 1.78173 1.78173 1.78173 1.78173 1.78173 1.78173 1.78173 1.78173 1.78173 1.78173 1.78173 1.78173 1.78173 1.78173 1.78173 1.78173 1.78173 1.78173 1.78173 1.78173 1.78173 1.77139 1.74395 1.74395 1.74395 1.74395 1.74395 1.74395 1.74395 1.74395 1.74395 1.74395 1.74395 1.74395 1.74395
3.94627 3.94627 3.94627 3.94627 3.94627 3.94627 3.90285 0.780525 0.631307 0.631307 0.631307 0.631307 0.631307 0.631307 0.631307 0.631307 0.631307 0.631307 0.631307 0.631307 0.631307 0.631307 0.631307 0.631307 0.631307 0.631307 0.631307 0.631307 0.780416 1.78173 1.78173 1.78173 1.78173 1.78173 1.78173 1.78173 1.78173 1.78173 1.78173 1.78173 1.78173 1.78173 1.78173 1.78173 1.78173 1.78173 1.78173 1.78173 1.78173 1.78173 1.78173 1.77909 1.74408 1.74395 1.74395 1.74395 1.74395 1.74395 1.74395 1.74395 1.74395 1.74395 1.74395 1.74395 1.74395
3.94627 3.94627 3.94627 3.94627 3.94627 3.94627 3.94627 1.44612 0.631307 0.631307 0.631307 0.631307 0.631307 0.631307 0.631307 0.631307 0.631307 0.631307 0.631307 0.631307 0.631307 0.631307 0.631307 0.631307 0.631307 0.631307 0.631307 0.631307 0.632917 1.68774 1.78173 1.78173 1.78173 1.78173 1.78173 1.78173 1.78173 1.78173 1.78173 1.78173 1.78173 1.78173 1.78173 1.78173 1.78173 1.78173 1.78173 1.78173 1.78173 1.78173 1.78173 1.78173 1.74926 1.74395 1.74395 1.74395 1.74395 1.74395 1.74395 1.74395 1.74395 1.74395 1.74395 1.74395 1.74395
