High_resolution/powerplant/Fengdu/OMI_NO2_200709.asc
ncols      200
nrows      200
xllcorner       105.978
yllcorner       28.1831
cellsize     0.0166667
NODATA_Value      -999.000
[rows 0 to 28 of 200, columns 66 to 131 of 200]
2.08729 2.04301 2.02605 2.00675 1.98873 1.97226 1.95706 1.94298 1.94232 2.00274 2.06228 2.11715 2.17365 2.25070 2.19390 2.19755 2.19941 2.26223 2.32452 1.67394 1.66889 1.66889 1.66889 1.66889 1.66889 1.66889 1.66889 1.44731 1.37266 1.37266 1.37266 1.38650 1.47660 1.56607 1.64408 1.78025 1.79253 1.74847 1.70680 1.72512 1.81931 1.90043 1.70155 1.60836 2.01318 2.17686 2.58341 2.58341 2.58341 2.58341 2.55874 2.42416 2.40635 2.29030 2.18851 2.17304 2.16058 2.15111 2.14943 1.84988 1.59714 1.59714 1.59714 1.59714 1.59714 1.59714
1.84785 1.89154 1.88524 1.88513 1.89270 1.95616 2.00463 2.04089 2.06410 2.04704 2.03839 2.16582 2.16724 2.25524 2.19941 2.19941 2.19941 2.22119 2.37195 1.83050 1.66889 1.66889 1.66889 1.66889 1.66889 1.66889 1.66897 1.58283 1.52054 1.56193 1.58495 1.60194 1.58138 1.55432 1.52195 1.60784 1.77337 1.89074 1.99881 2.05887 2.05946 2.05946 1.87354 1.59492 1.89604 2.09844 2.57036 2.54737 2.52119 2.49769 2.47561 2.32315 2.29809 2.24908 2.14943 2.14943 2.14943 2.14943 2.14943 2.00037 1.59714 1.59714 1.59754 1.63338 1.68421 1.72672
1.80977 1.92203 1.97033 2.00820 2.03541 2.02447 2.02097 2.02097 2.02097 2.02097 2.02097 2.13511 2.16718 2.22858 2.20992 2.19941 2.19941 2.19943 2.35266 2.02882 1.66889 1.66889 1.67710 1.73181 1.78155 1.82238 1.85649 1.83064 1.67130 1.56423 1.48808 1.55016 1.68628 1.81784 1.92859 2.01117 2.05946 2.05946 2.05946 2.05946 2.05915 2.05313 1.99606 1.56137 1.79824 2.07253 2.37982 2.44902 2.44902 2.44902 2.44902 2.36703 2.29809 2.27775 2.14943 2.14943 2.14943 2.14943 2.15194 2.13587 1.74045 1.75720 1.78886 1.80022 1.79989 1.79383
1.95827 2.00748 2.02097 2.02097 2.02097 2.02097 2.02097 2.02097 2.02097 2.02097 2.02097 2.09254 2.16718 2.19314 2.23659 2.19743 2.17372 2.14607 2.23895 2.14196 1.77885 1.81428 1.84436 1.84810 1.84810 1.84810 1.84810 1.90465 1.87489 1.91887 1.91787 1.97675 1.97711 1.98823 1.98925 1.99292 2.04901 2.04098 2.03280 2.02460 2.01672 2.01457 2.01457 1.64479 1.67066 2.06757 2.29607 2.44902 2.44902 2.44902 2.44902 2.40852 2.25452 2.20039 2.08993 2.08437 2.07748 2.07173 2.06321 2.05083 1.82135 1.73350 1.72827 1.72329 1.71865 1.71747
1.96853 1.99486 2.02097 2.02097 2.02097 2.02097 2.02097 2.02097 2.02097 2.01475 1.98496 1.98191 2.06707 2.03817 2.10756 2.11315 2.13687 2.16244 2.21937 2.23007 1.90436 1.84810 1.84810 1.90704 2.02318 2.12992 2.22671 2.27690 2.18892 2.11993 1.97342 1.96275 1.95456 1.95402 1.95044 1.94460 2.00392 2.01457 2.01457 2.01123 1.98814 1.96178 1.93541 1.69078 1.43636 1.80697 1.97722 2.13266 2.09082 2.03518 1.97709 1.91216 1.78070 1.79332 1.93943 1.99359 1.99359 1.99359 1.99279 1.96004 1.83439 1.72621 1.72987 1.73384 1.73815 1.74283
1.96853 1.98136 2.01890 2.00928 1.97753 1.94548 1.91341 1.88134 1.84930 1.82899 1.83693 1.84784 1.98931 2.01173 2.11638 2.17194 2.17191 2.17191 2.19199 2.30387 2.10940 2.13168 2.22858 2.27697 2.27730 2.27886 2.28056 2.28226 2.22032 2.07048 1.94076 1.89566 1.88539 1.87902 1.87706 1.86678 1.80779 1.74625 1.71994 1.69694 1.69370 1.69370 1.69370 1.61855 1.14920 1.48969 1.70374 1.89940 1.88319 1.88089 1.88089 1.88085 1.79232 1.71815 1.76862 1.81988 1.77089 1.72181 1.67363 1.65739 1.70245 1.74648 1.74481 1.74481 1.74481 1.74481
1.80302 1.77289 1.81287 1.82147 1.82221 1.83091 1.84113 1.85134 1.86154 1.86620 1.86620 1.86620 1.95628 2.01241 2.06597 2.19771 2.26567 2.34765 2.43864 2.53701 2.34415 2.25443 2.25120 2.24825 2.24481 2.24009 2.23541 2.23060 2.22195 2.04014 1.96436 1.89391 1.89934 1.90553 1.92225 1.92805 1.88286 1.80484 1.81027 1.81107 1.80439 1.79746 1.79055 1.78406 1.35568 1.49305 1.76099 1.76308 1.71403 1.66504 1.61596 1.56704 1.50894 1.45765 1.51104 1.65739 1.65739 1.65739 1.65739 1.65739 1.66312 1.73400 1.66134 1.61370 1.56608 1.51847
1.76270 1.77113 1.83227 1.90120 1.91334 1.91786 1.92516 1.94598 1.96758 1.98923 2.01089 2.05168 2.18809 2.37816 2.47827 2.69609 2.72231 2.73321 2.73602 2.59909 2.47459 2.38590 2.37306 2.37306 2.37306 2.37306 2.37306 2.37306 2.37306 2.22472 2.13609 2.01911 2.01911 2.01911 2.02590 2.01828 1.98660 1.85928 1.84768 1.84458 1.84955 1.85451 1.79963 1.68889 1.45930 1.45276 1.59070 1.55320 1.54468 1.54468 1.54468 1.54468 1.53487 1.45789 1.46764 1.63382 1.58647 1.53639 1.48614 1.43608 1.38724 1.45161 1.46750 1.46750 1.46750 1.46750
1.95415 1.95183 1.98747 2.09679 2.11681 2.13553 2.14980 2.16511 2.23086 2.30621 2.38265 2.43999 2.45645 2.57452 2.57753 2.69313 2.73702 2.73702 2.73702 2.64596 2.49483 2.40758 2.37306 2.37306 2.37306 2.37306 2.37306 2.37306 2.37306 2.28292 2.18969 2.08366 2.11302 2.15263 2.10392 1.99227 1.99717 1.88039 1.81045 1.69520 1.56870 1.43000 1.36329 1.36329 1.36329 1.39845 1.58052 1.56372 1.54468 1.53600 1.49008 1.43994 1.38975 1.26912 1.20239 1.33407 1.37269 1.37269 1.37269 1.37269 1.37269 1.42529 1.46750 1.46750 1.46750 1.46680
2.10547 2.04888 2.04996 2.13956 2.23068 2.30724 2.38366 2.44580 2.45652 2.45770 2.45770 2.45770 2.45770 2.54702 2.57753 2.64361 2.73723 2.73702 2.73702 2.69286 2.51511 2.42922 2.37306 2.37306 2.37306 2.39255 2.47926 2.57181 2.66425 2.72397 2.62592 2.35385 2.21030 2.20993 2.13188 1.83718 1.71650 1.47873 1.36329 1.36329 1.36329 1.36329 1.36329 1.36370 1.38095 1.40756 1.46701 1.40717 1.30576 1.26422 1.25998 1.25998 1.25998 1.21561 1.17295 1.28780 1.37269 1.37269 1.37269 1.37269 1.37269 1.37919 1.39697 1.34300 1.29337 1.24440
2.21468 2.18385 2.24966 2.38229 2.45770 2.45770 2.45770 2.45770 2.45770 2.45770 2.45770 2.45770 2.45770 2.51235 2.57753 2.59384 2.73771 2.73702 2.73710 2.76445 2.63257 2.61350 2.64928 2.73076 2.82325 2.89625 2.90194 2.90194 2.90194 2.90146 2.68115 2.35567 1.94164 1.82099 1.76805 1.57258 1.52444 1.45389 1.36891 1.39336 1.41928 1.44522 1.47113 1.49666 1.50533 1.50533 1.39988 1.34213 1.25998 1.25998 1.25998 1.25998 1.25998 1.24179 1.17295 1.24170 1.35837 1.31790 1.27679 1.23571 1.19461 1.17343 1.21008 1.19020 1.18506 1.17988
2.45682 2.33115 2.31201 2.35565 2.45770 2.45770 2.45770 2.45770 2.45770 2.45770 2.45770 2.45770 2.45909 2.49588 2.61681 2.63793 2.86216 3.06699 3.15479 3.20967 3.10104 2.98472 2.93455 2.90194 2.90194 2.90141 2.86097 2.79136 2.71572 2.63275 2.45547 2.26657 1.76829 1.78459 1.81053 1.71477 1.61878 1.61200 1.50384 1.50533 1.50533 1.50533 1.50533 1.50533 1.50928 1.51762 1.46485 1.38504 1.30720 1.31709 1.32754 1.33550 1.33325 1.32940 1.18216 1.14037 1.14191 1.14130 1.14130 1.14130 1.14130 1.14130 1.16535 1.13305 1.11480 1.09802
2.45682 2.36848 2.31201 2.32425 2.45711 2.45794 2.46757 2.49442 2.52198 2.54867 2.57460 2.60073 2.66245 2.72812 2.88025 2.95012 3.04226 3.22448 3.22448 3.22448 3.13897 3.00531 2.98062 2.78987 2.71412 2.63114 2.59801 2.60829 2.67635 2.75341 2.71545 2.46201 1.97355 1.92814 1.94320 1.91048 1.72976 1.74235 1.57213 1.56971 1.58068 1.62539 1.67856 1.72937 1.77434 1.81345 1.83995 1.52449 1.37771 1.34944 1.33566 1.32434 1.32323 1.32323 1.19979 1.13107 1.19591 1.24769 1.29707 1.34646 1.39588 1.44520 1.30668 1.04451 1.04436 1.04436
2.55693 2.53149 2.47655 2.51397 2.59681 2.62719 2.64330 2.65410 2.70453 2.75973 2.81490 2.86920 2.88785 2.88785 2.94827 2.99056 2.99716 3.20622 3.24836 3.29358 3.29245 3.20785 3.21394 2.82508 2.82903 2.92112 3.01325 3.09518 3.11998 3.13593 3.12971 2.67293 2.31844 2.12815 2.16238 2.19435 2.02951 2.03980 1.92706 1.91016 1.94288 1.95107 1.94757 1.93913 1.93069 1.92223 1.91414 1.63283 1.37396 1.37418 1.42361 1.47299 1.52235 1.57170 1.55856 1.45729 1.47376 1.48097 1.48097 1.48097 1.48097 1.48097 1.41563 1.05262 1.04226 1.03889
2.65347 2.64696 2.58893 2.61223 2.68993 2.75692 2.80923 2.85206 2.85392 2.85105 2.84598 2.82802 2.80787 2.78766 2.81789 2.91478 2.94034 3.15725 3.29002 3.32485 3.36594 3.58167 3.67911 3.44487 3.20648 3.20735 3.20824 3.20907 3.20923 3.20923 3.20923 2.84581 2.67976 2.36128 2.36128 2.36128 2.24151 2.15639 2.05255 1.94843 1.93923 1.92987 1.91938 1.91130 1.90324 1.89516 1.88711 1.74749 1.69163 1.66290 1.66290 1.66290 1.66290 1.66290 1.65437 1.46692 1.46897 1.48097 1.49584 1.54057 1.58611 1.63169 1.67632 1.20345 1.02473 1.02473
2.68085 2.72391 2.70756 2.69982 2.69896 2.70598 2.68871 2.67145 2.65417 2.63691 2.63759 2.68285 2.76401 2.85469 2.93013 3.11094 3.17055 3.28351 3.42490 3.42490 3.42490 3.55865 3.68339 3.59377 3.20923 3.20923 3.20923 3.20923 3.20923 3.20923 3.20923 2.98419 2.78152 2.34046 2.30343 2.26659 2.19282 2.09680 2.03730 1.88989 1.88182 1.87393 1.87140 1.87140 1.87140 1.87140 1.87140 1.82560 1.65254 1.66290 1.66290 1.66290 1.66804 1.70733 1.75286 1.65467 1.64526 1.70758 1.73827 1.73910 1.73910 1.73910 1.73910 1.40648 1.02473 1.02473
2.63375 2.63327 2.60414 2.57621 2.58475 2.61958 2.63808 2.72196 2.81263 2.90320 2.97806 3.02127 3.03071 3.03071 3.03071 3.14607 3.19098 3.21917 3.42432 3.42490 3.42490 3.50600 3.67835 3.68182 3.26960 3.20923 3.20923 3.20923 3.19602 3.13703 3.07189 2.92750 2.54712 2.24916 2.15883 2.15377 2.15092 2.06586 2.05235 1.87418 1.87140 1.87140 1.87140 1.87140 1.87140 1.87140 1.87132 1.86058 1.70192 1.78336 1.82880 1.87434 1.91476 1.92103 1.92103 1.83794 1.71860 1.73802 1.73910 1.73910 1.73910 1.73910 1.73910 1.58428 1.03730 1.01486
2.63327 2.64565 2.69189 2.72715 2.82033 2.94742 3.02395 3.03071 3.03071 3.03071 3.03071 3.03071 3.03071 3.03071 3.03071 3.09962 3.19098 3.19147 3.38721 3.42490 3.42490 3.46808 3.64860 3.65577 3.35077 3.05515 2.99000 2.92484 2.87296 2.86678 2.86678 2.86668 2.48815 2.34434 2.15370 2.15370 2.15370 2.09098 2.06159 1.90934 1.87140 1.86872 1.85368 1.83712 1.82056 1.80401 1.78751 1.78079 1.78687 1.92188 1.92103 1.92103 1.92103 1.92103 1.92103 1.89819 1.71889 1.73348 1.73910 1.73664 1.73022 1.72250 1.74663 1.77955 1.31833 1.28205
2.93210 3.06518 3.10862 2.99645 2.98830 3.01755 3.03071 3.03071 3.03071 3.03071 3.03071 3.03071 3.03071 3.03071 3.03071 3.05346 3.20793 3.23452 3.33155 3.34907 3.30352 3.27212 3.40049 3.40669 3.28192 2.86678 2.86678 2.86678 2.86678 2.86678 2.86678 2.86678 2.58017 2.45170 2.15370 2.15369 2.14473 2.09338 2.01950 1.89510 1.79619 1.78231 1.78079 1.78079 1.78079 1.78079 1.78079 1.78079 1.75035 1.93257 1.95730 1.97684 1.99644 2.03882 2.11183 2.21027 2.10162 2.05443 2.03652 2.10205 2.16420 2.22184 2.25943 2.26958 1.88766 1.60879
2.95649 3.11292 3.11292 3.02721 2.98733 3.00808 3.03071 3.03071 3.03071 3.03233 3.05389 3.08212 3.11117 3.14100 3.17060 3.17937 3.31173 3.31174 3.27055 3.21115 3.21395 3.21436 3.35241 3.39847 3.39233 2.91812 2.86678 2.86678 2.86678 2.86678 2.86135 2.81614 2.62850 2.45962 2.10133 2.07068 2.06297 2.05346 1.96776 1.91415 1.83401 1.84707 1.86012 1.87317 1.88591 1.89753 1.90902 1.92059 1.92629 2.24511 2.46309 2.54841 2.62565 2.68594 2.72589 2.74274 2.60191 2.40857 2.26792 2.24018 2.20355 2.16685 2.13024 2.09357 1.96333 1.59213
2.84620 3.13074 3.14109 3.10142 3.05739 3.09805 3.12655 3.15872 3.19185 3.22416 3.22493 3.19355 3.16036 3.12718 3.09519 3.08635 3.19125 3.27334 3.27147 3.21619 3.21412 3.20718 3.29298 3.37054 3.36171 3.06719 2.79597 2.74001 2.68414 2.62818 2.57769 2.56699 2.55077 2.36728 2.15375 2.04028 2.03730 2.03525 1.96184 1.93725 1.92946 1.92643 1.92342 1.92038 1.91763 1.93127 1.95853 1.98571 2.01295 2.34786 2.74971 2.74963 2.72556 2.68893 2.65225 2.61562 2.51793 2.24203 2.02926 2.01784 2.01784 2.01784 2.01784 2.01784 2.01047 1.64284
2.91956 3.22719 3.26772 3.27155 3.24013 3.24254 3.21420 3.17869 3.14478 3.11093 3.08444 3.08192 3.08119 3.08045 3.08099 3.09758 3.16968 3.32129 3.33270 3.29985 3.27041 3.24434 3.21081 3.14456 3.09705 2.92569 2.50741 2.50561 2.50384 2.50206 2.50023 2.49846 2.49670 2.32028 2.19899 1.97394 1.97176 1.97024 1.92643 1.87747 1.88037 1.90724 1.93594 1.96467 1.99338 2.00743 2.00898 2.01054 2.01209 2.13128 2.52196 2.51103 2.49841 2.49841 2.49841 2.49841 2.49667 2.23564 2.05459 2.01784 2.01784 2.02190 2.03988 2.05900 2.07663 1.88662
2.92990 3.12884 3.23171 3.20269 3.14716 3.12531 3.12833 3.13976 3.16192 3.18411 3.20626 3.22847 3.25064 3.26766 3.27750 3.25816 3.23532 3.31479 3.27265 3.19942 3.15143 3.15143 3.13755 3.04526 3.04282 3.03203 2.52777 2.48692 2.48692 2.48692 2.48692 2.48692 2.48692 2.35138 2.29813 1.96874 1.95525 1.93753 1.92305 1.99129 2.01078 2.01154 2.01310 2.01465 2.01621 2.01716 2.01717 2.01717 2.01717 2.05212 2.40957 2.49841 2.49841 2.49841 2.49841 2.49936 2.51401 2.35566 2.15245 2.09089 2.11001 2.12507 2.12623 2.12623 2.12623 2.01783
2.82234 2.98887 3.22529 3.23679 3.22504 3.20966 3.29382 3.29857 3.29857 3.29217 3.26637 3.23832 3.21025 3.18733 3.17035 3.16646 3.16646 3.19694 3.21041 3.19638 3.15130 3.15143 3.15136 3.05682 3.04282 3.04282 2.71164 2.48692 2.48692 2.48692 2.48692 2.47909 2.42727 2.30192 2.15076 1.91195 1.89636 1.89792 1.89929 2.00552 2.02032 2.01717 2.01717 2.01717 2.01717 2.01717 2.01717 2.01717 2.01717 2.02023 2.32436 2.52676 2.54588 2.56501 2.58414 2.60232 2.60680 2.51642 2.25077 2.12623 2.12623 2.12623 2.12623 2.12623 2.12623 2.09362
2.79643 2.94071 3.21999 3.24527 3.23188 3.18847 3.22653 3.21844 3.19038 3.16874 3.16646 3.16646 3.16646 3.16646 3.16646 3.16646 3.16646 3.18426 3.21041 3.20987 3.15275 3.15143 3.15143 3.08228 3.04282 3.03731 2.83912 2.35947 2.28380 2.20804 2.13244 2.06452 2.04068 2.04068 1.92016 1.93742 1.89943 1.89943 1.89943 1.96831 2.02155 2.01717 2.01717 2.01717 2.01522 2.00035 1.98311 1.96588 1.94864 1.93140 2.23426 2.60409 2.60680 2.60680 2.60680 2.60680 2.60680 2.59425 2.30394 2.12623 2.12623 2.12623 2.13815 2.16717 2.19633 2.21814
2.80856 2.89828 3.06633 3.15957 3.13754 3.09725 3.13810 3.16788 3.16646 3.16646 3.16646 3.16646 3.16646 3.16646 3.16646 3.16646 3.16646 3.17164 3.21035 3.18983 3.09964 3.04172 2.98865 2.88170 2.75410 2.69640 2.65459 2.07322 2.04068 2.04068 2.04068 2.04068 2.04068 2.04068 1.93434 1.96689 1.89943 1.89943 1.89943 1.92289 1.99696 1.97487 1.95726 1.94002 1.92471 1.92234 1.92234 1.92234 1.92234 1.92234 2.08802 2.57606 2.60680 2.60510 2.60016 2.59514 2.58951 2.55736 2.33965 2.17249 2.13404 2.10004 2.05430 1.99132 1.92832 1.86582
2.89195 2.81758 2.93528 3.13202 3.13202 3.10565 3.11598 3.17380 3.16646 3.16646 3.16646 3.16646 3.16612 3.13387 3.08064 3.02739 2.97419 2.92187 2.91555 2.90352 2.88831 2.78961 2.77959 2.76000 2.67222 2.67095 2.67095 2.27401 2.04068 2.04068 2.04068 2.04068 2.04068 2.03801 1.93283 1.95649 1.84817 1.83090 1.81366 1.80689 1.91975 1.92203 1.91504 1.91002 1.90500 1.89997 1.89495 1.88993 1.86887 1.82724 1.83239 2.36846 2.41618 2.31995 2.21561 2.11114 2.00741 1.93009 1.88776 1.84074 1.82926 1.82926 1.84925 1.89764 1.94617 1.99476
2.95102 2.79170 2.86474 3.11334 3.14011 3.13691 3.12971 3.16269 3.06823 3.01498 2.96175 2.90849 2.85563 2.83863 2.85138 2.86446 2.87752 2.88966 2.91593 2.93615 2.93058 2.79244 2.77956 2.76621 2.54658 2.39252 2.24682 2.10187 2.03260 2.00494 1.97723 1.94991 1.92259 1.89793 1.88379 1.86541 1.82784 1.81257 1.81360 1.81269 1.86562 1.83602 1.75781 1.72108 1.68439 1.64770 1.61100 1.57426 1.53484 1.50253 1.47584 1.85048 1.85747 1.84581 1.84581 1.86149 1.90914 1.95770 2.00706 2.05178 2.08682 2.13538 2.16395 2.16415 2.16415 2.16415
3.03653 2.88819 2.90111 3.04667 3.11714 3.06448 2.95292 2.96798 2.83485 2.84360 2.85667 2.86974 2.88281 2.89188 2.89225 2.89235 2.89246 2.89256 2.90360 2.91171 2.77032 2.49097 2.26168 2.08422 2.05317 2.06483 2.04324 2.01795 1.92837 1.92747 1.92929 1.93802 1.98341 2.03127 2.07727 1.90688 1.69969 1.61844 1.58287 1.54928 1.58506 1.64814 1.58954 1.58117 1.54997 1.51771 1.48547 1.45335 1.44431 1.46899 1.49603 1.80263 2.05450 2.09836 2.14688 2.17980 2.18071 2.18071 2.18071 2.18184 2.16415 2.16415 2.16415 2.16415 2.15655 2.11274
