High_resolution/powerplant/Fengdu/OMI_NO2_200610.asc
ncols      200
nrows      200
xllcorner       105.978
yllcorner       28.1831
cellsize     0.0166667
NODATA_Value      -999.000
[rows 29 to 57 of 200, columns 130 to 194 of 200]
2.21950 2.19331 2.16706 2.14064 2.11445 1.84263 1.61960 1.57223 1.56428 1.54036 1.49940 1.45845 1.41751 1.45711 1.59646 1.72896 1.84584 1.88771 1.88771 1.88771 1.91209 2.02051 1.96292 1.91343 1.86680 1.82290 1.78151 1.74229 1.70524 1.66816 1.63932 1.63900 1.63900 1.78078 1.91117 1.91117 1.90841 2.13564 2.68641 2.68641 2.68641 2.68641 2.67557 2.52594 2.33472 2.14321 1.96957 1.93861 1.93861 1.93861 1.93861 1.88199 1.78497 1.78497 1.81768 1.94178 1.94415 1.94351 1.65759 1.62263 1.62619 1.62824 1.62826 1.62826 1.62826
1.88350 1.88350 1.88350 1.88987 1.91172 1.71259 1.43515 1.37386 1.34086 1.37271 1.55035 1.70076 1.82317 1.88704 1.88771 1.88771 1.88771 1.88771 1.88771 1.88771 1.88771 1.71160 1.64822 1.64822 1.64822 1.64822 1.64822 1.64822 1.64822 1.64800 1.63925 1.63900 1.63900 1.69167 1.91117 1.91117 1.90973 1.98505 2.68058 2.54388 2.35237 2.16101 1.98056 1.93861 1.93861 1.93861 1.93861 1.93861 1.93806 1.93574 1.93359 1.92495 1.79884 1.79742 1.80419 1.95167 1.95502 1.95502 1.78836 1.62826 1.62826 1.62826 1.62826 1.62826 1.62826
1.94903 1.97154 1.99407 2.01021 2.01090 1.87993 1.61051 1.79054 1.80193 1.88235 1.88771 1.88771 1.88771 1.88771 1.88771 1.88771 1.88771 1.88771 1.88771 1.88771 1.88771 1.76021 1.64822 1.64822 1.64822 1.64822 1.64822 1.64822 1.64822 1.64822 1.64093 1.63900 1.63900 1.63941 1.87331 1.84876 1.74919 1.56902 1.91671 1.93861 1.93861 1.93861 1.93760 1.93522 1.93314 1.93132 1.92972 1.92829 1.92727 1.92720 1.92720 1.92720 1.83352 1.80019 1.80019 1.92470 1.95502 1.95502 1.88596 1.62826 1.62826 1.62826 1.62826 1.62826 1.62826
2.01090 2.01179 2.13105 2.29799 2.43141 2.52506 2.15229 2.09233 1.94075 1.88771 1.88771 1.88771 1.88771 1.88771 1.88771 1.88771 1.88771 1.88771 1.88771 1.88771 1.88771 1.81598 1.64822 1.64822 1.64822 1.64822 1.64822 1.64822 1.64822 1.64822 1.64284 1.68758 1.79361 1.89979 1.75957 1.53725 1.52776 1.45872 1.73882 1.93093 1.92938 1.92799 1.92721 1.92720 1.92720 1.92720 1.92720 1.92720 1.92720 1.92720 1.92720 1.92720 1.86792 1.80019 1.80019 1.89327 1.95502 1.95502 1.94970 1.65708 1.62826 1.62826 1.62826 1.62826 1.62826
2.39335 2.50871 2.55036 2.55036 2.55036 2.55036 2.26563 2.09682 2.00845 1.88771 1.88771 1.88771 1.88771 1.88771 1.88771 1.88771 1.88771 1.88771 1.88771 1.88771 1.88771 1.87528 1.65120 1.64822 1.64822 1.64822 1.64822 1.67774 1.78050 1.88657 1.97946 2.01401 1.99691 1.97962 1.85426 1.44119 1.43346 1.48594 1.67217 1.92720 1.92720 1.92720 1.92720 1.92720 1.92720 1.92720 1.92720 1.92720 1.92720 1.92720 1.92720 1.92720 1.90233 1.80019 1.80019 1.86181 1.95502 1.93644 1.88516 1.71929 1.62826 1.62826 1.62826 1.62826 1.62826
2.55036 2.55036 2.55036 2.55036 2.55036 2.55036 2.38247 2.10529 2.07391 1.88995 1.88771 1.88771 1.88771 1.88771 1.88771 1.88771 1.88771 1.88771 1.88771 1.88771 1.88771 1.88771 1.68493 1.66336 1.74800 1.83691 1.92575 1.98503 1.97137 1.95409 1.94505 1.93740 1.93740 1.93740 1.93538 1.49170 1.43346 1.45898 1.58868 1.92720 1.92720 1.92720 1.92720 1.92720 1.92720 1.92720 1.92720 1.92720 1.92720 1.93081 1.94077 1.95088 1.96011 1.83976 1.78927 1.76539 1.73506 1.69304 1.68655 1.64816 1.54631 1.54158 1.53698 1.53252 1.52836
2.55036 2.55036 2.55036 2.55036 2.55036 2.55036 2.49905 2.11387 2.09232 1.93921 1.88771 1.88771 1.88771 1.88771 1.88771 1.88771 1.88771 1.88771 1.91750 1.98858 2.16146 2.36686 2.18152 1.98528 2.01546 2.04134 2.06722 2.09309 2.11891 2.14498 2.17077 2.04038 2.03201 2.03961 2.05047 1.78596 1.58410 1.60582 1.71910 2.09421 2.13400 2.14388 2.15419 2.16409 2.17423 2.18431 2.19430 2.20450 2.21440 2.20996 2.16123 2.10930 2.05745 1.93701 1.89149 1.88509 1.59644 1.58471 1.58471 1.58054 1.45340 1.44597 1.44597 1.44597 1.44470
2.57226 2.58740 2.60245 2.61752 2.63260 2.64771 2.66284 2.35679 2.46927 2.41819 2.33367 2.36809 2.42344 2.52055 2.61861 2.71772 2.90166 3.14133 3.35119 3.51972 3.58659 3.62092 3.29253 2.57473 2.57711 2.58779 2.59914 2.61051 2.62187 2.63323 2.64458 2.34071 2.25036 2.26172 2.26966 2.15087 1.76599 1.76599 1.83608 2.09254 2.22104 2.22104 2.22104 2.22104 2.22104 2.21298 2.16623 2.11430 2.06245 2.02160 2.01850 2.01850 2.01850 1.96982 1.89149 1.89149 1.64856 1.58469 1.58202 1.57744 1.48556 1.42406 1.41794 1.41184 1.40699
2.86378 2.86378 2.86378 2.86378 2.86378 2.86378 2.84740 2.64962 3.06081 3.11024 2.99090 3.05261 3.15317 3.29520 3.43668 3.57734 3.63290 3.63290 3.63290 3.63290 3.63290 3.63290 3.57559 2.70601 2.68620 2.68688 2.68688 2.68688 2.68688 2.68688 2.68688 2.45857 2.26993 2.26993 2.26993 2.26569 1.81529 1.76599 1.80915 2.00471 2.22104 2.21555 2.17121 2.11930 2.06745 2.02358 2.01850 2.01850 2.01850 2.01850 2.01850 2.01841 2.01769 2.00200 1.87315 1.86688 1.68403 1.55710 1.55519 1.55519 1.51158 1.40661 1.40661 1.40661 1.40661
2.86025 2.79587 2.70947 2.62308 2.53658 2.44999 2.37987 2.49961 3.20835 3.26345 3.35813 3.54844 3.63226 3.63290 3.63290 3.63290 3.63290 3.63290 3.63290 3.63290 3.63290 3.63290 3.63290 2.87707 2.68688 2.68688 2.68688 2.68688 2.68688 2.68688 2.68688 2.54544 2.26993 2.26993 2.26993 2.26993 1.97536 1.76341 1.74859 1.85119 2.07243 2.02603 2.01850 2.01850 2.01850 2.01831 2.01750 2.01665 2.01580 2.01494 2.01409 2.01332 2.01319 2.01319 1.87758 1.85213 1.73844 1.55517 1.55519 1.55519 1.54846 1.41143 1.40661 1.40661 1.40661
2.39556 2.37345 2.37345 2.37345 2.36697 2.27069 2.12379 1.96355 2.84134 3.13720 3.39838 3.63290 3.63290 3.63290 3.63290 3.63290 3.63290 3.63290 3.63290 3.63290 3.63290 3.63290 3.63290 3.09193 2.68688 2.68688 2.68688 2.68688 2.68688 2.68688 2.68688 2.63246 2.26993 2.26900 2.23158 2.17543 1.99978 1.62197 1.61423 1.70667 2.00214 2.01646 2.01561 2.01475 2.01390 2.01323 2.01319 2.01319 2.01319 2.01319 2.01319 2.01319 2.01319 2.01319 1.92113 1.85213 1.79872 1.55514 1.55519 1.55519 1.55519 1.45839 1.40661 1.40661 1.40661
2.37340 2.31013 2.17200 2.00157 1.79986 1.74553 1.74553 1.74553 2.52036 3.13720 3.20984 3.63051 3.63290 3.63290 3.63290 3.63290 3.63290 3.63290 3.63290 3.63290 3.63290 3.63290 3.63290 3.33627 2.68854 2.68688 2.68688 2.68688 2.68688 2.68688 2.66027 2.60345 2.16420 2.07582 2.05711 2.05711 2.05071 1.64937 1.61417 1.67255 1.91800 2.01319 2.01319 2.01319 2.01319 2.01319 2.01319 2.01319 2.01319 2.01319 2.01319 2.01319 2.01319 2.01319 1.96470 1.85213 1.84769 1.56517 1.55519 1.55516 1.53900 1.46993 1.40661 1.40661 1.40661
1.85784 1.74553 1.74553 1.74553 1.74553 1.74553 1.74553 1.74553 2.18107 3.13720 3.13720 3.54864 3.63290 3.63290 3.63290 3.63290 3.63290 3.63290 3.63290 3.63290 3.63290 3.63290 3.63290 3.55819 2.73613 2.68688 2.67049 2.61590 2.55972 2.50363 2.47410 2.47410 2.17662 2.05717 2.05717 2.05717 2.05717 1.78646 1.61418 1.64690 1.84110 2.01319 2.01319 2.01319 2.01319 2.01319 2.01319 2.01319 2.01319 2.01319 2.01319 2.01319 2.01319 2.01319 2.00503 1.85538 1.84620 1.56816 1.47136 1.42533 1.39973 1.39797 1.39602 1.39404 1.39184
1.74553 1.74553 1.74553 1.74553 1.74553 1.74553 1.74553 1.74553 1.86943 3.10959 3.13720 3.40276 3.63290 3.63290 3.63290 3.63290 3.63290 3.63290 3.63290 3.63290 3.63290 3.64288 3.66147 3.62463 2.80501 2.51541 2.47569 2.47412 2.47412 2.47110 2.46215 2.45307 2.23511 2.02341 2.01674 2.00999 2.00325 1.86945 1.55250 1.57304 1.73230 1.89647 1.88742 1.87846 1.86954 1.86047 1.85166 1.84248 1.83367 1.82457 1.81565 1.80668 1.79121 1.76121 1.72411 1.50720 1.40062 1.39602 1.40526 1.40526 1.40526 1.40526 1.40526 1.40526 1.40526
1.74553 1.74553 1.74553 1.74553 1.74553 1.74661 1.75627 1.76780 1.78027 2.84855 3.03653 3.10211 3.53960 3.52961 3.51757 3.51167 3.52827 3.54690 3.56102 3.52079 3.46457 3.39836 3.32354 3.30394 2.77722 2.28805 2.27901 2.26998 2.26842 2.29816 2.33831 2.38078 2.29543 2.02065 2.05749 2.09654 2.13812 2.16863 1.66125 1.62592 1.72695 1.75173 1.75173 1.75173 1.75173 1.75173 1.75173 1.75173 1.74562 1.72197 1.69246 1.65597 1.62769 1.62713 1.62713 1.50883 1.38555 1.38995 1.40526 1.40526 1.40526 1.40526 1.40526 1.40526 1.40526
1.92625 1.93781 1.94932 1.96087 1.97247 1.98291 1.98477 1.98477 1.98477 2.42233 2.74317 2.78915 3.33416 3.46222 3.49222 3.46969 3.39685 3.32199 3.25158 3.23551 3.23551 3.23551 3.23551 3.23551 3.10530 2.59157 2.62592 2.68612 2.73714 2.74154 2.74154 2.74154 2.69510 2.21692 2.21658 2.21658 2.21658 2.21658 1.83915 1.62592 1.69276 1.75173 1.75173 1.75173 1.74718 1.72460 1.69570 1.65999 1.62864 1.62713 1.62713 1.62713 1.62713 1.62713 1.62453 1.49074 1.38250 1.38189 1.40526 1.40526 1.40526 1.40526 0.00000 0.00000 0.00000
1.98477 1.98477 1.98477 1.98573 2.05633 2.16944 2.28241 2.39539 2.50830 2.72282 2.96682 2.96682 3.21155 3.33765 3.26350 3.23551 3.23551 3.23551 3.23551 3.23551 3.23551 3.23551 3.23551 3.23551 3.23551 2.89047 2.74154 2.74154 2.74154 2.74154 2.74154 2.74154 2.74154 2.27993 2.21658 2.21658 2.21658 2.21658 2.03046 1.62592 1.65410 1.72721 1.69885 1.66393 1.63008 1.62713 1.62713 1.62713 1.61507 1.49231 1.34312 1.19374 1.04463 0.895251 0.748652 0.703686 1.28624 1.36583 1.36583 0.00000 0.00000 0.00000 0.00000 0.00000 0.00000
2.24439 2.35736 2.47028 2.58229 2.62486 2.62486 2.62486 2.62486 2.62486 2.65078 2.96301 2.96682 3.01162 3.23480 3.23551 3.23551 3.23551 3.23551 3.23551 3.23551 3.23551 3.23551 3.23551 3.23551 3.23551 3.02632 2.74154 2.74154 2.74154 2.74154 2.74154 2.74154 2.74154 2.38945 2.21658 2.21658 2.20174 2.03936 1.81875 1.49944 1.45090 1.61949 1.59855 1.46012 1.31083 1.16163 1.01234 0.863055 0.725920 0.699291 0.699291 0.699291 0.699291 0.699291 0.699291 0.699291 1.04297 1.36583 1.36583 0.00000 0.00000 0.00000 0.00000 0.00000 0.00000
2.62486 2.62486 2.62486 2.62486 2.62486 2.62486 2.62486 2.62486 2.62486 2.62492 2.89692 2.96682 2.96682 3.19393 3.23551 3.23551 3.23551 3.23551 3.23551 3.23551 3.23551 3.23551 3.23551 3.23551 3.23551 3.16216 2.74154 2.74154 2.74154 2.74154 2.74154 2.74154 2.73819 2.36215 1.87957 1.67906 1.50168 1.49704 1.53205 1.58934 1.65813 1.08566 0.710147 0.699291 0.699291 0.699291 0.699291 0.699291 0.699291 0.699291 0.699291 0.699291 0.699291 0.699291 0.699291 0.699291 0.871958 1.36583 1.36583 0.00000 0.00000 0.00000 0.00000 0.00000 0.00000
2.62486 2.62486 2.62486 2.62486 2.62486 2.62486 2.62486 2.62486 2.62486 2.62486 2.80518 2.96682 2.96682 3.11643 3.23551 3.23551 3.23551 3.23551 3.23551 3.23551 3.23551 3.23551 3.23551 3.23551 3.23551 3.23542 2.80413 2.74154 2.74154 2.64521 2.45363 2.28691 2.12475 1.95978 1.60321 1.63807 1.66514 1.66693 1.66693 1.68969 1.75533 1.28655 0.699291 0.699291 0.699291 0.699291 0.699291 0.699291 0.699291 0.699291 0.699291 0.699291 0.699291 0.699291 0.699291 0.699291 0.750348 1.36583 1.36583 0.00000 0.00000 0.00000 0.00000 0.00000 0.00000
2.62486 2.62486 2.62486 2.62486 2.62486 2.62486 2.62486 2.62486 2.62486 2.62486 2.71337 2.96682 2.96682 3.01556 3.23512 3.23551 3.23551 3.23551 3.23551 3.23551 3.23551 3.23551 3.23551 3.23551 3.22752 3.13187 2.69355 2.39848 2.23297 2.16409 2.19035 2.19189 2.19189 2.16383 1.67134 1.66693 1.66693 1.66476 1.66033 1.65884 1.72860 1.54417 0.663349 0.656802 0.650369 0.643708 0.637330 0.630709 0.624219 0.617691 0.611162 0.604672 0.598068 0.591673 0.585012 0.578579 0.572059 0.978523 1.07758 0.00000 0.00000 0.00000 0.00000 0.00000 0.00000
2.62486 2.62486 2.62486 2.62486 2.62486 2.62486 2.62486 2.62486 2.62486 2.62486 2.64194 2.94642 2.96668 2.96614 3.19566 3.23430 3.23392 3.23355 3.22889 3.19639 3.15888 3.08823 2.86827 2.63051 2.40082 2.25835 2.23144 2.18614 2.18576 2.18538 2.18501 2.18463 2.18425 2.18387 1.65550 1.54692 1.54251 1.54042 1.54042 1.54042 1.55553 1.56313 0.617343 0.509522 0.509522 0.509522 0.509522 0.509522 0.509522 0.509522 0.509522 0.509522 0.509522 0.509522 0.509522 0.509522 0.509522 0.715902 0.986294 0.986294 0.00000 0.00000 0.00000 0.00000 0.00000
2.30418 2.26880 2.23371 2.19855 2.16346 2.12837 2.09314 2.05790 2.02274 1.98765 1.99928 2.85221 2.95051 2.90828 3.02718 3.12224 3.08513 3.03411 2.84012 2.63477 2.43450 2.26740 2.24929 2.24929 2.24929 2.24929 2.24498 2.18361 2.18273 2.18273 2.18273 2.18273 2.18273 2.18273 1.77958 1.54042 1.54042 1.54042 1.54042 1.54042 1.54747 1.56556 0.902051 0.509522 0.509522 0.509522 0.509522 0.509522 0.509522 0.509522 0.509522 0.509522 0.509522 0.509522 0.509522 0.509522 0.509522 0.605587 0.986294 0.986294 0.00000 0.00000 0.00000 0.00000 0.00000
1.89688 1.89688 1.89688 1.89688 1.89688 1.89688 1.89688 1.90662 1.92638 1.94610 1.96585 2.61663 2.64232 2.62887 2.69496 2.67553 2.47498 2.28863 2.24929 2.24929 2.24929 2.24929 2.24929 2.24929 2.24929 2.24929 2.24929 2.19747 2.18273 2.18273 2.18273 2.18273 2.18273 2.18273 1.91338 1.54042 1.54042 1.54042 1.54042 1.54042 1.54155 1.56476 1.18908 0.509522 0.509522 0.509522 0.509522 0.509522 0.509522 0.509522 0.509522 0.510788 0.583074 0.696355 0.809637 0.922918 1.03613 1.14179 0.990199 0.986294 0.00000 0.00000 0.00000 0.00000 0.00000
1.89688 1.90104 1.91957 1.93932 1.95903 1.97880 1.99853 2.00851 2.00851 2.00851 2.00851 2.48151 2.62907 2.62887 2.62887 2.30062 2.24929 2.24929 2.24929 2.24929 2.24929 2.24929 2.24929 2.24929 2.24929 2.24929 2.24929 2.21567 2.18273 2.18273 2.18273 2.18273 2.18273 2.18273 2.04739 1.54042 1.54042 1.54042 1.54042 1.53849 1.52915 1.54773 1.47104 0.514591 0.509522 0.516765 0.606560 0.719912 0.833123 0.946404 1.05969 1.17170 1.21270 1.21270 1.21270 1.21270 1.21270 1.21270 1.06273 0.986294 0.00000 0.00000 0.00000 0.00000 0.00000
1.99173 2.00729 2.00851 2.00851 2.00851 2.00851 2.00851 2.00851 2.00851 2.00851 2.00851 2.33519 2.65250 2.62887 2.62887 2.40821 2.24929 2.24929 2.24929 2.24929 2.24929 2.24929 2.24929 2.24929 2.24929 2.24929 2.24929 2.23383 2.18273 2.18273 2.18273 2.18273 2.18273 2.18273 2.16525 1.55557 1.53116 1.52108 1.51101 1.49705 1.44732 1.39207 1.31123 0.993106 1.08324 1.18928 1.21270 1.21270 1.21270 1.21270 1.21270 1.21270 1.21270 1.21270 1.21270 1.21270 1.21270 1.21270 1.13149 0.986294 0.00000 0.00000 0.00000 0.00000 0.00000
2.00851 2.00851 2.00851 2.00851 2.00851 2.00851 2.00851 2.00851 2.00851 2.00851 2.00851 2.17291 2.69197 2.62887 2.62887 2.54844 2.24934 2.24929 2.24929 2.24929 2.24929 2.24929 2.24929 2.24929 2.24929 2.24929 2.24929 2.24819 2.18659 2.18273 2.18273 2.18250 2.17551 2.15906 2.09942 1.52281 1.33144 1.27375 1.21621 1.16482 1.15610 1.14967 1.04847 1.13634 1.21270 1.21270 1.21270 1.21270 1.21270 1.21270 1.21270 1.21270 1.21270 1.21270 1.21270 1.21270 1.21270 1.21270 1.17903 0.986294 0.986294 0.00000 0.00000 0.00000 0.00000
2.00851 2.00851 2.00851 2.00851 2.00851 2.00851 2.00851 2.00851 2.00851 2.00851 2.00851 2.02987 2.71216 2.62887 2.62887 2.62887 2.29695 2.24929 2.24929 2.24929 2.24929 2.24929 2.24929 2.24929 2.24929 2.24929 2.24929 2.24562 2.14895 2.05275 1.98551 1.91801 1.85734 1.80652 1.79842 1.42264 1.15610 1.15610 1.15610 1.15610 1.15610 1.15610 1.08296 1.09112 1.21270 1.21268 1.21250 1.21229 1.21209 1.21187 1.21167 1.21145 1.21124 1.21103 1.21082 1.21061 1.21040 1.21019 1.20665 0.997575 0.979096 0.00000 0.00000 0.00000 0.00000
2.00851 2.00851 2.00851 2.00851 2.00851 2.00851 2.00851 2.00851 2.00851 2.00851 2.00851 2.00851 2.60612 2.63344 2.62887 2.62887 2.40350 2.24929 2.24929 2.24882 2.24248 2.23309 2.19962 2.15798 2.11301 2.06144 2.00974 1.96164 1.85567 1.72119 1.71338 1.70557 1.69775 1.68992 1.68209 1.47456 1.15326 1.15312 1.15298 1.15284 1.15270 1.15256 1.11535 1.04612 1.20073 1.20655 1.20652 1.20652 1.20652 1.20652 1.20652 1.20652 1.20652 1.20652 1.20652 1.20652 1.20652 1.20652 1.20652 1.07546 0.973937 0.00000 0.00000 0.00000 0.00000
