High_resolution/powerplant/Fengdu/OMI_NO2_201011.asc
ncols      200
nrows      200
xllcorner       105.978
yllcorner       28.1831
cellsize     0.0166667
NODATA_Value      -999.000
[rows 29 to 57 of 200, columns 66 to 131 of 200]
12.1916 12.1916 12.1916 12.1916 9.64929 6.04285 6.04285 6.04285 6.04285 6.04285 5.77540 5.61523 5.61523 5.61523 5.64172 7.61136 7.38628 6.70835 6.03043 5.43555 5.34912 5.34912 5.34912 5.34912 5.34912 5.34912 5.34912 5.34912 5.34912 5.34912 5.34912 4.87798 4.24410 3.94674 4.02206 4.03374 4.03582 4.06572 4.10423 4.14278 4.18135 4.20331 4.20341 4.20341 4.20341 4.20341 4.20341 4.20341 4.20341 3.96575 3.71278 3.43673 3.15677 3.10520 3.01962 2.93365 2.86563 2.81061 2.85276 3.15782 3.15782 3.15782 3.15782 3.15782 3.15782 3.15612
12.1916 12.1916 12.1916 12.1916 11.0177 6.04285 6.04285 6.04285 6.04285 6.06467 6.28122 6.06103 6.30897 6.55717 6.77850 6.08795 5.34912 5.34912 5.34912 5.34912 5.34912 5.34912 5.34912 5.34912 5.34912 5.34912 5.34912 5.34912 5.34912 5.34912 5.34912 5.15526 4.40621 4.01853 4.10145 4.15829 4.19475 4.20341 4.20341 4.20341 4.20341 4.20341 4.20341 4.20341 4.20341 4.20341 4.20341 4.20275 4.13045 3.91447 3.49136 3.29464 2.79327 2.75878 2.75828 2.75828 2.75828 2.75828 2.76056 3.11555 3.15782 3.15782 3.15782 3.15782 3.15782 3.15782
12.1916 12.1916 12.1916 12.1916 11.7675 7.12538 6.85266 7.34761 7.84376 8.31833 8.44086 6.96408 6.81423 6.81423 6.81423 6.51813 5.34912 5.34912 5.34912 5.34912 5.34912 5.34912 5.34912 5.34912 5.34912 5.34912 5.34912 5.34912 5.44605 5.63675 5.82753 6.01127 4.84872 4.28754 4.20172 4.20341 4.20341 4.20341 4.20341 4.20341 4.20341 4.20341 4.19985 4.12765 4.01958 3.89078 3.76112 3.63218 3.57484 3.57341 3.32615 3.29693 2.81543 2.75828 2.75828 2.75828 2.75828 2.75828 2.75828 2.98894 3.15782 3.15760 3.14250 3.11836 3.09424 3.07012
12.2686 12.4339 12.5993 12.7647 12.8960 10.1798 8.44086 8.44086 8.44086 8.44086 8.44086 7.32889 6.81423 6.81423 6.81423 6.80676 5.49153 5.34912 5.34912 5.34912 5.34912 5.34912 5.34912 5.35628 5.49708 5.68778 5.87848 6.06918 6.16302 6.16302 6.16302 6.16302 5.29206 4.43470 4.20124 4.20315 4.20341 4.19478 4.11277 4.01416 3.90844 3.78038 3.65438 3.59695 3.57534 3.57462 3.57462 3.57462 3.57462 3.57462 3.40414 3.29926 2.97868 2.75828 2.75828 2.75828 2.75828 2.75267 2.72974 2.80736 3.08102 3.05710 3.04808 3.04808 3.04808 3.04808
12.9909 12.9910 13.0041 13.1381 13.3013 12.0429 8.44086 8.44086 8.44086 8.44086 8.44086 7.88181 6.81423 6.81423 6.81423 6.81423 5.91407 5.34912 5.34912 5.37711 5.54795 5.73857 5.92943 6.11296 6.16302 6.16302 6.16302 6.16302 6.16302 6.16302 6.16302 6.16302 5.69933 4.29527 3.89499 3.83971 3.79694 3.67872 3.63114 3.60008 3.57620 3.57462 3.57462 3.57462 3.57462 3.57462 3.57462 3.57462 3.57462 3.57462 3.48350 3.29926 3.14305 2.74064 2.71652 2.69240 2.66825 2.64975 2.64854 2.65398 3.01552 3.04808 3.04808 3.04808 3.04808 3.04808
13.5737 13.7365 13.9491 14.5585 15.2538 14.8504 8.55968 8.44086 8.44086 8.44086 8.44086 8.42726 6.90772 6.81423 6.81423 6.87674 6.59450 5.78960 5.98030 6.14300 6.16302 6.16302 6.16302 6.16302 6.16302 6.16302 6.16302 6.12175 5.84688 5.53542 5.22257 4.90938 4.59836 3.22633 3.42176 3.47989 3.57738 3.57462 3.57462 3.57462 3.57462 3.57462 3.57462 3.57462 3.57462 3.57462 3.57462 3.57462 3.55176 3.44623 3.31655 2.94985 2.83037 2.65584 2.64854 2.64854 2.64854 2.64854 2.64854 2.64854 2.89202 3.04808 3.03953 2.90175 2.69138 2.43711
16.4008 17.0962 17.7286 17.8441 17.8441 17.3149 9.97615 8.44086 8.44086 8.44086 8.44133 8.97017 7.97468 7.30567 7.49628 7.62472 7.55298 6.19906 6.16302 6.16302 6.16302 6.16302 6.12486 5.85311 5.53853 5.22707 4.91561 4.64312 4.60570 4.60570 4.60570 4.60570 4.60570 3.62900 3.34237 3.43964 3.56037 3.57462 3.57462 3.57462 3.57462 3.57462 3.57462 3.57452 3.51312 3.40017 3.28717 3.17420 3.08409 3.07662 3.07662 2.86872 2.80126 2.69784 2.64854 2.64854 2.64854 2.64854 2.64454 2.56311 2.51439 2.43297 2.13967 2.06288 2.06913 2.07538
17.8441 17.8441 17.8441 17.8441 17.8441 17.8441 12.6428 9.09477 9.78080 10.2654 10.6262 10.7651 9.91434 7.62814 7.62814 7.62814 7.62814 6.51805 5.85623 5.54476 5.23236 4.91872 4.64541 4.60570 4.60570 4.60570 4.60570 4.60570 4.60570 4.60570 4.60570 4.60570 4.60570 4.07919 3.25784 3.43960 3.52371 3.57462 3.57462 3.56307 3.46705 3.35405 3.24111 3.12821 3.07662 3.07662 3.07662 3.07662 3.07662 3.07662 3.07662 2.94800 2.80126 2.74430 2.64687 2.57454 2.44939 2.29998 2.12200 2.07106 2.07731 2.08284 2.08368 2.08368 2.08368 2.08368
17.8441 17.8441 17.8241 17.5482 17.2357 16.9640 14.5437 10.7651 10.7651 10.7651 10.7651 10.7651 10.7045 7.91107 7.82153 7.92745 8.03338 6.57767 4.60570 4.60570 4.60570 4.60570 4.60570 4.60570 4.60570 4.60570 4.60570 4.60570 4.60570 4.60570 4.60570 4.60570 4.60570 4.50477 3.19971 3.37495 3.26638 3.30794 3.19504 3.09355 3.07662 3.07662 3.07662 3.07662 3.07662 3.07662 3.07662 3.07662 3.07662 3.07662 3.07622 2.94214 2.64574 2.50386 2.14841 2.07924 2.08354 2.08368 2.08368 2.08368 2.08368 2.08368 2.08368 2.08368 2.08368 2.08368
17.1809 16.9272 16.7049 16.6554 16.6554 16.6554 15.6796 10.9868 10.8358 10.9416 11.0476 11.1537 11.2539 9.24992 8.14111 8.14111 8.14111 7.63060 4.60570 4.60570 4.60570 4.60570 4.60570 4.60570 4.60570 4.60570 4.60570 4.60570 4.60570 4.60570 4.60303 4.47236 4.27107 4.06969 2.85803 2.63372 2.69364 3.04194 3.07662 3.07662 3.07662 3.07662 3.07662 3.07662 3.07662 3.07452 3.01814 2.89911 2.71510 2.49117 2.21389 2.07493 2.28637 2.31275 2.13781 2.08368 2.08368 2.08368 2.08368 2.08368 2.08368 2.08368 2.08368 2.08368 2.08605 2.14577
16.5404 16.6554 16.6554 16.6824 16.7353 16.7883 16.6976 12.2026 11.2781 11.2781 11.2781 11.2781 11.2781 10.2291 8.14111 8.14111 8.14111 8.14111 5.13495 4.60570 4.60570 4.60570 4.60570 4.60570 4.60570 4.60570 4.58677 4.41765 4.21627 4.01503 3.81609 3.74546 3.74546 3.74546 3.15813 2.54757 2.69260 2.93981 3.07662 3.07662 3.07044 3.00528 2.92549 2.81081 2.62071 2.39160 2.18393 2.07441 2.07441 2.07441 2.07441 2.07441 2.21858 2.31275 2.20754 2.08368 2.08368 2.08368 2.08368 2.08368 2.10932 2.19144 2.27555 2.35965 2.44143 2.46581
16.8023 16.8329 16.8859 16.9119 16.9119 16.8866 16.4720 13.0519 11.2781 11.2781 11.2781 11.2781 11.2781 11.1190 8.23145 8.14111 8.14111 8.14111 6.17528 4.60570 4.60570 4.60570 4.55563 4.36285 4.16147 3.96009 3.77763 3.74546 3.74546 3.74546 3.74546 3.74546 3.74546 3.74546 3.56998 2.46816 2.56630 2.58551 2.83268 2.72306 2.53492 2.37752 2.20326 2.07573 2.07441 2.07441 2.07441 2.07441 2.07441 2.07441 2.07441 2.07441 2.15023 2.31275 2.27724 2.08807 2.15300 2.23710 2.32121 2.40532 2.46378 2.46581 2.46581 2.46581 2.46581 2.46581
17.0939 16.1221 15.5749 15.0286 14.4823 13.9348 13.3023 11.2245 11.2659 11.2781 11.2781 11.2781 11.2781 11.2781 9.05143 8.14111 8.14111 8.14111 7.12022 4.30814 4.10668 3.90529 3.75415 3.74546 3.74546 3.74546 3.74546 3.74546 3.74546 3.74546 3.75736 3.83154 3.91471 3.99789 4.08106 3.04246 2.14026 2.07891 2.22013 2.07926 2.07441 2.07441 2.07441 2.07441 2.07441 2.07441 2.07441 2.07441 2.07441 2.07441 2.07441 2.05842 2.01543 2.17846 2.12626 2.38759 2.46581 2.46581 2.46581 2.46581 2.46581 2.46581 2.46581 2.46581 2.46581 2.46581
14.0344 12.9155 12.0544 11.1999 10.2532 9.24136 8.95581 8.95581 10.6926 11.2781 11.2781 11.2781 11.2781 11.2806 10.0142 7.78867 7.58737 7.38608 7.20238 3.93956 3.74546 3.74546 3.74546 3.74546 3.74546 3.75690 3.83071 3.91413 3.99789 4.08106 4.15233 4.16132 4.16132 4.16132 4.16132 3.46929 2.35157 2.07441 2.07441 2.07441 2.07441 2.07441 2.07441 2.07441 2.07441 2.07441 2.07378 2.03702 1.97964 1.92219 1.86470 1.82332 1.82148 1.99887 2.05982 2.28145 2.46581 2.46581 2.46581 2.46581 2.46581 2.46581 2.46581 2.46581 2.46806 2.48983
9.61356 9.25844 8.95581 8.95581 8.95581 8.95581 8.95581 8.95581 9.97142 11.2849 11.3694 11.4754 11.5815 11.6850 11.3036 7.31669 7.28087 7.28087 7.28087 4.90048 3.75690 3.83071 3.91388 3.99705 4.08023 4.15196 4.16132 4.16132 4.16132 4.16132 4.16132 4.16132 4.16132 4.16132 4.16132 3.88233 2.56808 2.07441 2.07441 2.07441 2.07441 2.07441 2.06561 2.01393 1.95644 1.89900 1.84224 1.82148 1.82148 1.82148 1.82148 1.82148 1.82148 1.93049 2.05982 2.15785 2.46581 2.46581 2.46581 2.47273 2.49924 2.53285 2.57564 2.63175 2.70026 2.71462
9.61230 9.45349 8.95581 8.95581 8.95581 8.96471 9.02659 9.09728 9.63006 11.6955 11.7171 11.7171 11.7171 11.7171 11.7171 8.26922 7.06284 6.81712 6.57152 5.47885 4.15196 4.16132 4.16132 4.16132 4.16132 4.16132 4.16132 4.16132 4.16132 4.16132 4.16132 4.16132 4.16132 4.16132 4.16132 4.15500 2.91157 2.08729 2.04815 1.99071 1.93327 1.87586 1.82719 1.82148 1.82148 1.82148 1.82148 1.82148 1.82148 1.82148 1.82148 1.82148 1.82148 1.86228 2.05071 2.03859 2.50470 2.59202 2.65389 2.71199 2.71462 2.71462 2.71462 2.71462 2.71462 2.71462
9.61230 9.61720 9.08243 9.10721 9.17793 9.23973 9.24854 9.24854 9.29270 11.5584 11.7111 11.5393 11.2937 11.0481 10.8022 8.52813 6.09267 6.09267 6.09267 5.91607 4.17387 4.16132 4.16132 4.16132 4.16132 4.16132 4.16132 4.16132 4.16132 4.16132 4.16132 4.16132 4.16132 4.15771 4.08984 3.99818 3.16290 2.03563 1.82153 1.82148 1.82148 1.82148 1.82148 1.82148 1.82148 1.82148 1.82148 1.82148 1.82529 1.92581 2.06794 2.21015 2.35243 2.49366 2.04079 1.90264 2.41605 2.71462 2.71462 2.71462 2.71462 2.71462 2.71462 2.71462 2.71462 2.71462
9.84432 9.90049 9.47989 9.24854 9.24854 9.24822 9.15673 8.99323 8.82918 10.0030 10.6031 10.5289 10.5289 10.5289 10.5289 9.86542 6.09267 6.09267 6.09267 6.09267 4.56503 4.16132 4.16132 4.16132 4.16132 4.16132 4.16132 4.16132 4.16132 4.14722 4.06465 3.97304 3.88138 3.79337 3.76964 3.76964 3.42623 2.22099 1.82148 1.82148 1.82148 1.82148 1.82148 1.83195 1.94735 2.08955 2.23169 2.37397 2.51229 2.55413 2.55413 2.55413 2.55413 2.55413 2.27823 1.90264 2.16905 2.71462 2.71462 2.71462 2.71462 2.71462 2.71462 2.71624 2.72050 2.72479
9.90503 9.99999 9.84321 8.85596 8.69246 8.52881 8.45641 8.45641 8.45688 9.15708 10.5289 10.5289 10.5289 10.5289 10.5289 10.5289 6.81287 6.09267 6.09267 6.09267 5.13241 4.16132 4.16132 4.16132 4.16132 4.12979 4.03948 3.94785 3.85624 3.77868 3.76964 3.76964 3.76964 3.76964 3.76964 3.76964 3.73588 2.49811 1.84192 1.96889 2.11109 2.25330 2.39551 2.52724 2.55413 2.55413 2.55413 2.55413 2.55413 2.55413 2.55413 2.55413 2.55413 2.55413 2.43594 1.90264 1.94388 2.69261 2.71499 2.71855 2.72285 2.72714 2.73144 2.73411 2.73415 2.73415
10.9723 11.1416 10.9600 8.50744 8.49626 8.52617 8.55605 8.58590 8.61538 8.82497 10.5289 10.5289 10.5289 10.5289 10.5289 10.5289 8.19620 6.09267 6.09267 6.09267 5.69956 4.10593 4.01428 3.92267 3.83105 3.77097 3.76964 3.76964 3.76964 3.76964 3.76964 3.76964 3.76964 3.77755 3.83288 3.90895 4.00690 2.78123 2.49633 2.55413 2.55413 2.55413 2.55413 2.55413 2.55413 2.55413 2.55413 2.55413 2.55413 2.55413 2.55413 2.55413 2.55413 2.55413 2.57858 2.21324 2.39415 2.70135 2.73342 2.73415 2.73415 2.73415 2.73415 2.73415 2.73415 2.73415
11.2341 11.2640 11.2938 9.27959 8.62544 8.62544 8.62544 8.62544 8.62544 8.62569 10.1852 10.5289 10.5289 10.5289 10.5289 10.5289 9.54511 6.01215 5.92045 5.82888 5.72721 3.95482 3.76964 3.76964 3.76964 3.76964 3.76964 3.76964 3.77719 3.83166 3.90810 4.00578 4.13623 4.28865 4.31157 4.31157 4.31157 3.43881 2.38721 2.55413 2.55413 2.55413 2.55413 2.55413 2.55413 2.55413 2.55413 2.55413 2.55413 2.55807 2.63467 2.73848 2.84238 2.94623 3.01112 2.90045 2.81845 2.78335 2.73415 2.73415 2.73415 2.73415 2.73415 2.73415 2.73415 2.73415
11.3138 11.3138 11.3138 10.0787 8.62544 8.62544 8.62544 8.62544 8.62544 8.62544 9.56671 10.5289 10.4357 9.81348 9.10783 8.40240 7.73489 5.89576 5.70099 5.70099 5.70099 4.51205 3.76964 3.77691 3.83086 3.90660 4.00467 4.13471 4.28772 4.31157 4.31157 4.31157 4.31157 4.31157 4.31157 4.31157 4.31157 4.14150 2.23514 2.55413 2.55413 2.55413 2.55413 2.55413 2.55413 2.57840 2.67712 2.78097 2.88483 2.98479 3.01203 3.01203 3.01203 3.01203 3.01203 2.95686 2.81845 2.80870 2.73435 2.73415 2.73415 2.73415 2.84195 3.19344 3.46655 3.67544
11.3138 11.3138 11.3138 10.8774 8.62544 8.62544 8.62544 8.62544 8.52312 8.08011 7.94041 8.30066 7.68819 7.60545 7.60545 7.60545 7.60545 6.47662 5.68873 5.55658 5.35948 4.71784 4.13319 4.28668 4.31157 4.31157 4.31157 4.31157 4.31157 4.31157 4.31157 4.31157 4.31157 4.31157 4.31157 4.31157 4.31157 4.31157 2.54105 2.54431 2.55459 2.61572 2.71957 2.82347 2.92728 3.00686 3.01203 3.01203 3.01203 3.01203 3.01203 3.01203 3.01203 3.01203 3.01203 2.99568 2.81845 3.02839 3.29993 3.53767 3.73117 3.88515 3.98288 3.98855 3.98855 3.98855
11.3138 11.3138 11.3138 11.3130 8.83687 8.01229 7.54182 7.07209 6.70373 6.67644 6.71282 7.58114 7.60545 7.60721 7.64905 7.71947 7.81024 7.05450 4.40736 4.31157 4.31157 4.31157 4.31157 4.31157 4.31157 4.31157 4.31157 4.31157 4.31157 4.31157 4.31157 4.31157 4.31157 4.31157 4.31157 4.31157 4.38216 5.00638 4.26006 2.81158 2.96936 3.01203 3.01203 3.01203 3.01203 3.01203 3.01203 3.01203 3.01203 3.01203 3.01203 3.01281 3.04526 3.09396 3.14266 3.19133 3.86663 4.03069 4.00933 3.98855 3.98855 3.98855 3.98855 3.98855 3.98855 3.98855
11.1023 10.6328 10.1621 9.69221 7.84652 6.67644 6.67644 6.67644 6.67629 6.65860 6.62521 7.37911 7.91008 8.06494 8.12049 8.12049 8.12049 8.02182 4.51803 4.31157 4.31157 4.31157 4.31157 4.31157 4.31157 4.31157 4.31157 4.31157 4.31157 4.31157 4.31157 4.31157 4.49706 5.20643 5.94777 6.68911 7.35954 7.47697 6.85307 2.93775 3.01203 3.01203 3.01203 3.01203 3.01203 3.01203 3.01467 3.05248 3.10115 3.14988 3.19858 3.24650 3.26280 3.26280 3.26280 3.26280 3.70933 4.03069 4.02210 3.98855 3.98855 3.98855 3.98855 3.98855 3.98855 3.98855
9.36536 9.36478 9.36478 9.36478 8.50755 6.63072 6.59273 6.54781 6.49434 6.46946 6.46946 6.99844 8.12049 8.12049 8.12049 8.12049 8.12049 8.12049 5.60216 4.31157 4.31157 4.31157 4.31157 4.31157 4.31157 4.31157 4.31157 4.31157 4.66606 5.40680 6.14814 6.88947 7.44500 7.47697 7.47697 7.47697 7.47697 7.47697 7.47697 3.56840 3.01203 3.01760 3.05968 3.10840 3.15710 3.20585 3.25186 3.26280 3.26280 3.26280 3.26280 3.26280 3.26280 3.26280 3.26280 3.26280 3.48980 4.03069 4.03051 3.99291 3.98855 4.01317 4.17751 4.36400 4.55042 4.73683
8.87149 8.34557 7.72326 6.97655 6.47250 6.46946 6.40636 6.13185 5.84033 5.54897 5.25729 5.34758 8.12049 8.12049 8.12049 8.12049 8.12049 8.12049 6.78519 4.31157 4.31157 4.31157 4.31157 4.33436 4.86615 5.60749 6.34851 7.08985 7.47697 7.47697 7.47697 7.47697 7.47697 7.47697 7.47697 7.47697 7.47697 7.47697 7.47697 5.04707 3.17793 3.25618 3.26280 3.26280 3.26280 3.26280 3.26280 3.26280 3.26280 3.26280 3.26280 3.26280 3.26280 3.26280 3.26280 3.26280 3.29359 4.04469 4.14704 4.36422 4.65394 4.81581 4.83781 4.83781 4.83781 4.83781
6.45377 6.22815 5.93646 5.64510 5.35441 5.06305 4.83479 4.81777 4.81777 4.81777 4.81777 4.83220 7.64197 8.12049 8.12049 8.12049 8.12049 8.12049 7.88662 4.49203 5.06620 5.80786 6.54888 7.26742 7.47697 7.47697 7.47697 7.47697 7.47697 7.47697 7.47697 7.47697 7.47697 7.47697 7.47697 7.47697 7.47697 7.47697 7.47697 6.47193 3.13987 3.26280 3.26280 3.26280 3.26280 3.26280 3.26280 3.26280 3.26280 3.26280 3.26280 3.26280 3.26882 3.33259 3.41071 3.48893 3.56706 4.16181 4.37500 4.51172 4.83781 4.83781 4.83781 4.83781 4.83781 4.83781
4.88351 4.81777 4.81777 4.81777 4.81777 4.81777 4.81777 4.81777 4.81777 4.81777 4.81777 4.81777 6.41632 8.12049 8.12049 8.01779 7.59266 7.14429 6.69554 7.12586 7.47697 7.47697 7.47697 7.47697 7.47697 7.47697 7.47697 7.47697 7.47697 7.47697 7.47697 7.47697 7.47697 7.47697 7.47697 7.47697 7.47697 7.47697 7.47697 7.44669 3.36359 3.26280 3.26280 3.26280 3.26280 3.26280 3.26280 3.26280 3.28759 3.36419 3.44228 3.52058 3.59264 3.60710 3.60710 3.60710 3.60710 3.94167 4.37500 4.39087 4.81871 4.83781 4.83781 4.83781 4.83781 4.82531
