High_resolution/powerplant/Fengdu/OMI_NO2_200804.asc
ncols      200
nrows      200
xllcorner       105.978
yllcorner       28.1831
cellsize     0.0166667
NODATA_Value      -999.000
[rows 58 to 86 of 200, columns 0 to 65 of 200]
3.40902 3.40902 3.40902 3.40902 3.40902 3.40902 3.40902 3.40902 3.40902 3.40902 3.41175 4.16912 4.62194 4.63859 4.22259 3.99351 4.01014 4.02680 4.04346 4.06009 4.07086 4.07108 4.07108 4.07108 4.07108 4.07108 4.07108 5.33274 5.94518 5.94518 6.12976 6.29311 6.29311 6.29311 6.29238 6.28332 6.27197 6.26062 6.24926 6.23791 6.22948 6.22903 6.22903 8.44588 8.97139 8.97139 9.65905 9.92943 9.92943 9.92943 9.92943 9.92943 9.92943 9.92943 9.92943 9.92943 9.92943 9.92943 9.92943 6.57901 4.73964 4.71322 4.35338 4.35323 4.35323 4.35323
3.40902 3.40902 3.40902 3.40861 3.40673 3.43795 3.47433 3.51428 3.55873 3.60801 3.66318 3.81594 4.73972 4.74944 4.50910 4.07108 4.07108 4.07108 4.07108 4.07108 4.07108 4.07108 4.07108 4.07108 4.07108 4.07108 4.07108 4.86873 5.94518 5.94222 6.02132 6.26466 6.25331 6.24196 6.23134 6.22903 6.22903 6.22903 6.22903 6.22903 6.22903 6.22903 6.22903 7.77406 8.97139 8.97139 9.39161 9.92943 9.92943 9.92943 9.92943 9.92943 9.92943 9.92943 9.92943 9.92943 9.92943 9.92943 9.92943 7.83587 4.73964 4.73964 4.45209 4.35323 4.35323 4.35323
3.53180 3.57869 3.63121 3.69071 3.75355 3.75706 3.75706 3.75706 3.75706 3.75706 3.75706 3.75706 4.55565 4.74944 4.69531 4.07712 4.07108 4.07108 4.07108 4.07108 4.07108 4.07108 4.07108 4.07050 4.06504 4.05847 4.05189 4.37890 5.91284 5.90923 5.91596 6.21232 6.22903 6.22903 6.22903 6.22903 6.22903 6.22903 6.22903 6.22903 6.22903 6.22903 6.22903 7.10308 8.97139 8.97139 9.12525 9.92943 9.92943 9.92943 9.92943 9.92943 9.92943 9.92943 9.92943 9.92943 9.92943 9.92943 9.92943 9.07108 4.69811 4.65411 4.40002 4.00608 3.91817 3.83014
3.75706 3.75706 3.75706 3.75706 3.75706 3.75706 3.75706 3.75706 3.75706 3.75706 3.75706 3.75706 4.30547 4.74944 4.74944 4.21503 4.07108 4.07108 4.06850 4.06197 4.05539 4.04881 4.04223 4.03624 4.03512 4.03512 4.03512 4.04636 5.76753 5.90922 5.90922 6.12934 6.22903 6.22903 6.22903 6.22903 6.22903 6.22903 6.22903 6.22903 6.22903 6.22903 6.22903 6.44499 8.95823 8.97139 8.97216 9.81638 9.92943 9.92943 9.86239 9.58671 9.29569 9.00520 8.71444 8.42315 8.13293 7.84190 7.55115 7.27619 4.54876 4.19741 3.93651 3.48796 3.48796 3.48796
3.75706 3.75706 3.75706 3.75706 3.75706 3.75706 3.75706 3.75706 3.75706 3.75706 3.75706 3.75706 4.05194 4.63890 4.49590 4.19256 4.04573 4.03916 4.03516 4.03512 4.03512 4.03512 4.03512 4.03512 4.03512 4.03512 4.03512 4.03512 5.31476 5.90922 5.90922 6.03979 6.22903 6.22903 6.22903 6.22903 6.22903 6.22903 6.22903 6.22903 6.22903 6.18488 6.04549 5.90271 7.62319 7.68075 7.39027 7.67885 7.76714 7.47604 7.25178 7.23724 7.23724 7.23724 7.23689 7.15250 7.00497 6.85743 6.70998 6.56253 4.43470 3.44674 3.44781 3.48624 3.48796 3.48796
3.75706 3.75706 3.75706 3.75706 3.75706 3.75706 3.75706 3.73237 3.60161 3.45862 3.31570 3.17263 3.09748 3.97924 3.98966 3.99961 4.03512 4.03512 4.03512 4.03512 4.03512 4.03512 4.03512 4.03512 4.03512 4.03512 4.03512 4.03512 4.85091 5.90922 5.90922 5.95015 6.20353 6.07229 5.92975 5.78672 5.64406 5.50141 5.35837 5.21584 5.07306 4.97418 4.97104 4.97104 5.73520 6.27920 6.27920 6.59267 7.23724 7.17685 7.02983 6.88229 6.73484 6.58739 6.44029 6.37697 6.37697 6.37697 6.37697 6.37697 5.10123 3.44674 3.44674 3.47169 3.48796 3.48796
3.75706 3.75706 3.69901 3.55670 3.41371 3.27080 3.12773 3.00943 2.99727 2.99727 2.99727 2.99727 2.99727 3.79230 3.98966 3.99015 4.03160 4.03512 4.03512 4.03512 4.03512 4.03512 4.03512 4.03565 4.06481 4.11046 4.15605 4.20170 4.46308 5.06561 4.92283 4.78030 4.93378 4.97104 4.97104 4.97104 4.97104 4.97104 4.97104 4.97104 4.97104 4.97104 4.97104 4.99049 5.53934 6.51805 6.63272 6.76094 6.47282 6.37766 6.37697 6.37697 6.37697 6.37697 6.37697 6.37697 6.37697 6.37697 6.37697 6.37697 5.81085 3.44674 3.44674 3.45972 3.48796 3.48796
3.23089 3.08290 2.99796 2.99727 2.99727 2.99727 2.99727 2.99727 2.99727 2.99727 2.99727 2.99727 2.99727 3.54308 3.98966 3.99600 4.06608 4.12762 4.17324 4.21886 4.26448 4.31006 4.35564 4.40077 4.41720 4.41720 4.41720 4.41720 4.41916 4.63550 4.65123 4.65123 4.83251 4.97104 4.97104 4.97104 4.97104 4.97381 5.05358 5.16832 5.28286 5.39760 5.51221 5.60749 5.74319 6.92364 6.92561 6.92561 6.50273 6.37697 6.37697 6.37697 6.37697 6.37697 6.37697 6.37697 6.37697 6.37697 6.37697 6.37697 6.34562 3.62138 3.44674 3.45142 3.48796 3.48796
3.06433 2.99727 2.99727 2.99727 2.99727 2.99727 2.99727 2.99949 3.01087 3.02320 3.03557 3.04801 3.06039 3.43292 4.32738 4.36666 4.38844 4.41720 4.41720 4.41720 4.41720 4.41720 4.41720 4.41720 4.41720 4.41720 4.41720 4.41720 4.41720 4.57962 4.65123 4.65123 4.75581 5.12656 5.24130 5.35591 5.47071 5.58254 5.61744 5.61744 5.61744 5.61744 5.61744 5.61744 5.61744 6.72925 6.92561 6.92561 6.65485 6.37697 6.37697 6.37697 6.37697 6.37697 6.37697 6.37697 6.37697 6.37697 6.37697 6.37697 6.37697 4.29918 3.44674 3.44690 3.48192 3.48796
3.19386 3.02306 3.03544 3.04778 3.06014 3.07248 3.08495 3.09509 3.09607 3.09607 3.09607 3.09607 3.09607 3.17414 4.35745 4.37174 4.37579 4.41695 4.41720 4.41720 4.41720 4.41720 4.41720 4.41720 4.41720 4.41720 4.41684 4.41140 4.40431 4.50179 4.62415 4.61707 4.65095 5.58543 5.61744 5.61744 5.61744 5.61744 5.61744 5.61744 5.61744 5.61744 5.61744 5.61744 5.61744 6.40898 6.92561 6.92561 6.80705 6.37697 6.37697 6.37697 6.37697 6.37697 6.37697 6.37697 6.37697 6.37697 6.37697 6.37697 6.37697 5.00855 3.44674 3.44654 3.46515 3.48796
3.50435 3.09607 3.09607 3.09607 3.09607 3.09607 3.09607 3.09607 3.09607 3.09607 3.09607 3.09607 3.09607 3.09607 4.11661 4.37174 4.37174 4.40810 4.41720 4.41720 4.41720 4.41494 4.40799 4.40091 4.39381 4.38672 4.37999 4.37834 4.37834 4.42496 4.61237 4.61237 4.61237 5.34316 5.61744 5.61744 5.61744 5.61744 5.61744 5.61744 5.61744 5.61744 5.61744 5.61744 5.61744 6.08858 6.92561 6.92561 6.91974 6.41669 6.37697 6.37697 6.37697 6.37697 6.29710 6.04535 5.78838 5.53116 5.27395 5.01697 4.75976 4.31314 3.41359 3.40684 3.40552 0.00000
3.70462 3.12415 3.09607 3.09607 3.09607 3.09607 3.09607 3.09607 3.09607 3.09607 3.09607 3.09607 3.09607 3.09607 3.79732 4.37210 4.38215 4.40171 4.39749 4.39041 4.38332 4.37848 4.37834 4.37834 4.37834 4.37834 4.37834 4.37834 4.37834 4.38096 4.59848 4.61237 4.61237 5.06214 5.61744 5.61744 5.61744 5.61744 5.61744 5.61744 5.61744 5.61744 5.61744 5.61744 5.61744 5.76308 6.53061 6.27354 6.01656 5.39716 4.95302 4.69605 4.43931 4.18233 4.00523 3.99976 3.99976 3.99976 4.02208 4.08222 4.15554 4.24109 3.57131 3.40552 0.00000 0.00000
3.71271 3.23332 3.09607 3.09607 3.09607 3.09607 3.09607 3.09607 3.09607 3.09607 3.09815 3.11100 3.12537 3.13976 3.53366 4.44383 4.44816 4.43179 4.37834 4.37834 4.37834 4.37834 4.37834 4.37834 4.37834 4.37834 4.37834 4.37834 4.37834 4.37834 4.54325 4.61237 4.61237 4.78122 5.61744 5.61744 5.61536 5.60787 5.60012 5.59236 5.58459 5.57684 5.56907 5.56132 5.55355 5.54954 4.67756 4.54839 4.54839 4.33838 3.99976 3.99976 4.01416 4.07074 4.14142 4.22897 4.34015 4.48615 4.59341 4.59400 4.59400 4.59400 4.59400 0.00000 0.00000 0.00000
3.71271 3.39155 3.09607 3.09607 3.09607 3.10129 3.11551 3.12989 3.14427 3.15866 3.17096 3.17249 3.17249 3.17249 3.24840 4.43285 4.44816 4.44706 4.38280 4.37834 4.37834 4.37834 4.37834 4.37834 4.37834 4.37834 4.37834 4.37952 4.39380 4.41170 4.50541 4.58147 4.57371 4.56735 5.44964 5.55549 5.54982 5.54954 5.54954 5.54954 5.54954 5.54954 5.54954 5.54954 5.54954 5.54954 4.92682 4.55266 4.55799 4.50868 4.31847 4.45718 4.58738 4.59400 4.59400 4.59400 4.59400 4.59400 4.59400 4.59400 4.59400 4.59400 4.59400 0.00000 0.00000 0.00000
3.71271 3.62399 3.13683 3.14879 3.16317 3.17233 3.17249 3.17249 3.17249 3.17249 3.17249 3.17249 3.17249 3.17249 3.17249 4.18984 4.44816 4.44816 4.40140 4.38370 4.40116 4.41906 4.43695 4.45486 4.47275 4.49065 4.50856 4.52527 4.52888 4.52888 4.53207 4.54447 4.54447 4.54447 5.15646 5.54954 5.54954 5.54954 5.54954 5.54954 5.55022 5.61029 5.72456 5.86522 6.04247 6.27260 5.80056 4.59400 4.59400 4.59400 4.59400 4.59400 4.59400 4.59400 4.59400 4.59400 4.59400 4.59400 4.59400 4.59400 4.59400 4.59400 4.59400 0.00000 0.00000 0.00000
3.71271 3.71271 3.23817 3.17249 3.17249 3.17249 3.17249 3.17249 3.17249 3.17249 3.17249 3.21320 3.30328 3.39452 3.48460 4.10770 4.54993 4.56784 4.55869 4.52845 4.52888 4.52888 4.52888 4.52888 4.52888 4.52888 4.52888 4.52888 4.52888 4.52888 4.52913 4.54357 4.54447 4.54447 4.87544 5.57804 5.68249 5.81303 5.97616 6.18554 6.46208 6.59630 6.59630 6.59630 6.59630 6.59630 6.32347 4.59400 4.59400 4.59400 4.59400 4.59400 4.59400 4.59400 4.59400 4.59400 4.59400 4.59400 4.59400 4.59400 4.59400 4.59400 4.59400 4.59400 0.00000 0.00000
3.71271 3.71271 3.35324 3.21234 3.30242 3.39264 3.48287 3.57316 3.66418 3.75448 3.84463 3.89422 3.89429 3.89429 3.89429 4.10402 4.59870 4.59870 4.59113 4.52903 4.52888 4.52888 4.52888 4.52888 4.52888 4.52888 4.52888 4.52888 4.52888 4.53236 4.60807 4.72327 4.83191 4.93618 5.08996 6.54517 6.59630 6.59630 6.59630 6.59630 6.59630 6.59630 6.59630 6.59630 6.59630 6.59630 6.59550 4.81189 4.59400 4.59400 4.59400 4.59400 4.59400 4.59400 4.59400 4.59400 4.59400 4.59400 4.59400 4.59400 4.59400 4.59400 4.59400 4.59400 0.00000 0.00000
4.65478 4.87293 4.62869 3.89415 3.89429 3.89429 3.89429 3.89429 3.89429 3.89429 3.89429 3.89429 3.89429 3.89429 3.89429 3.93740 4.59081 4.59870 4.59870 4.54117 4.52888 4.52888 4.52888 4.52888 4.55688 4.65733 4.76148 4.86564 4.96979 5.07053 5.09898 5.10633 5.11456 5.11456 5.11456 6.04392 6.59630 6.59630 6.59630 6.59630 6.59630 6.59630 6.59630 6.59630 6.59630 6.59630 6.59630 5.30135 4.59400 4.59400 4.59400 4.59400 4.59400 4.59400 4.59400 4.59400 4.59400 4.59400 4.56670 4.49131 4.41499 4.33861 4.26223 4.16132 0.00000 0.00000
5.15631 5.15631 5.13454 3.94708 3.89429 3.89429 3.89429 3.89429 3.89429 3.89429 3.89429 3.89429 3.89429 3.89429 3.89429 3.89429 4.45768 4.59870 4.59839 4.59935 4.70658 4.81074 4.91501 5.01911 5.09527 5.09898 5.09898 5.09898 5.09898 5.09898 5.09898 5.10250 5.11456 5.11456 5.11456 5.59747 6.59630 6.59630 6.59630 6.59630 6.59630 6.59630 6.59630 6.59630 6.59630 6.59630 6.59630 5.79177 4.59336 4.54542 4.46918 4.39286 4.31655 4.24003 4.16378 4.08747 4.01109 3.93477 3.88570 3.88477 3.88477 3.88477 3.88477 3.88477 0.00000 0.00000
5.15631 5.15631 5.15631 4.16870 3.89429 3.89429 3.89429 3.89429 3.89429 3.89429 3.89429 3.89429 3.89429 3.89203 3.87557 3.85667 4.22672 4.52327 4.50468 4.65433 5.09898 5.09898 5.09898 5.09898 5.09898 5.09898 5.09898 5.09898 5.09898 5.09898 5.09898 5.09924 5.11391 5.11456 5.11456 5.29080 6.59630 6.59630 6.59630 6.59630 6.94516 7.72566 8.50959 9.29146 10.0726 10.8559 11.6384 11.1292 3.91336 3.88477 3.88477 3.88477 3.88477 3.88477 3.88477 3.88477 3.88477 3.88477 3.88477 3.88477 3.88477 3.88477 3.88477 3.88477 3.88477 0.00000
0.00000 5.15631 5.15631 4.49119 3.89429 3.89429 3.89429 3.89429 3.88828 3.86977 3.85087 3.83197 3.81305 3.79641 3.79396 3.79396 4.00705 4.49837 4.49837 4.51321 5.07046 5.09898 5.09898 5.09898 5.09898 5.09898 5.09898 5.09898 5.09898 5.09898 5.09898 5.12090 5.47967 5.97065 6.36227 6.76810 10.1589 11.4366 12.2219 13.0024 13.4361 13.4368 13.4368 13.4368 13.4368 13.4368 13.4368 13.4110 4.72901 3.88477 3.88477 3.88477 3.88477 3.88477 3.88477 3.88477 3.88477 3.88477 3.88477 3.88477 3.88477 3.88477 3.88477 3.88477 3.88477 0.00000
0.00000 5.15631 5.15631 4.96632 3.87013 3.84505 3.82615 3.80724 3.79436 3.79396 3.79396 3.79396 3.79396 3.79396 3.79396 3.79396 3.83863 4.49147 4.49837 4.49837 4.91562 5.09898 5.09906 5.15615 5.26059 5.36503 5.46938 5.57373 5.67816 5.78251 5.88695 5.96938 7.22299 8.53482 8.53482 8.53482 10.9177 13.4368 13.4368 13.4368 13.4368 13.4368 13.4368 13.4368 13.4368 13.4368 13.4368 13.4368 7.02486 3.88477 3.88477 3.88477 3.88477 3.88477 3.88477 3.88477 3.88477 3.88477 3.88477 3.88477 3.88477 3.88477 3.88477 3.88477 3.88477 0.00000
0.00000 5.15631 5.15631 5.15631 3.95609 3.79396 3.79396 3.79396 3.79396 3.79396 3.79396 3.79396 3.79396 3.79396 3.79325 3.78187 3.76684 4.58296 4.91051 5.01486 5.36708 5.82425 5.92861 5.97587 5.97587 5.97587 5.97587 5.97587 5.97587 5.97587 5.97587 5.97587 6.59309 8.53482 8.53482 8.53482 9.66568 13.4368 13.4368 13.4368 13.4368 13.4368 13.4368 13.4368 13.4368 13.4368 13.4368 13.4368 9.34649 3.88477 3.88477 3.88477 3.88477 3.88477 3.88477 3.88477 3.88477 3.88477 3.88477 3.88477 3.88477 3.88477 3.88477 3.88477 3.88477 0.00000
0.00000 5.15631 5.15631 5.15631 4.24470 3.79396 3.79336 3.78219 3.76730 3.75237 3.73735 3.72246 3.70752 3.69252 3.67832 3.67478 3.67478 4.61893 5.37527 5.37527 5.45346 5.97575 5.97587 5.97587 5.97587 5.97587 5.97587 5.97587 5.97587 5.97587 5.97587 5.97587 6.04797 8.43954 8.51018 8.49541 8.73909 13.4050 13.4368 13.4368 13.4368 13.4368 13.4368 13.4368 13.4368 13.4368 13.4368 13.4368 11.6681 3.88477 3.88477 3.88477 3.88477 3.88477 3.88477 3.88477 3.88477 3.88477 3.88477 3.88477 3.88477 3.88477 3.88477 3.88477 3.88477 3.88477
0.00000 0.00000 5.05007 5.01413 4.52864 3.69295 3.67864 3.67478 3.67478 3.67478 3.67478 3.67478 3.67478 3.67478 3.67478 3.67478 3.67478 4.19768 5.37527 5.37527 5.37527 5.88434 5.97587 5.97587 5.97587 5.97587 5.97587 5.97275 5.95885 5.94407 5.92925 5.91448 5.89985 7.81085 8.45366 8.45366 8.45366 11.9087 13.4368 13.4368 13.4368 13.4368 13.4368 13.4368 13.4368 13.4368 13.4368 13.4368 13.3566 4.51801 3.88477 3.88477 3.88477 3.88477 3.88477 3.88477 3.88477 3.88477 3.88477 3.88477 3.88477 3.88477 3.91354 3.97784 4.04208 4.18488
0.00000 0.00000 4.91795 4.91795 4.89430 3.72476 3.67478 3.67478 3.67478 3.67478 3.67478 3.67478 3.67478 3.67478 3.67478 3.67478 3.67478 3.78803 5.35979 5.37527 5.37527 5.71472 5.96646 5.95167 5.93687 5.92208 5.90728 5.89561 5.89471 5.89471 5.89471 5.89471 5.89471 7.18084 8.45366 8.45366 8.45366 10.3005 13.4368 13.4368 13.4368 13.4368 13.4368 13.4368 13.4368 13.4368 13.4368 13.4368 13.4368 6.75898 3.88477 3.88477 3.88566 3.92784 3.99208 4.05650 4.12086 4.18504 4.24940 4.31364 4.37799 4.44229 4.47788 4.47794 4.47794 4.47794
0.00000 0.00000 4.91795 4.91795 4.91795 3.94105 3.67478 3.67478 3.67478 3.67478 3.67478 3.67478 3.67478 3.67478 3.67478 3.67478 3.68194 3.74302 5.19151 5.58793 5.66010 5.77347 5.89471 5.89471 5.89471 5.89471 5.89471 5.89471 5.89471 5.89471 5.89471 5.89471 5.89471 6.55048 8.45366 8.45366 8.45366 9.20750 13.4368 13.4368 13.4368 13.4368 13.4368 13.4331 13.0643 12.4533 11.8439 11.2329 10.6230 7.30957 4.32805 4.39241 4.45576 4.47794 4.47794 4.47794 4.47794 4.47794 4.47794 4.47794 4.47794 4.47794 4.47794 4.47794 4.47794 4.47794
0.00000 0.00000 4.91795 4.91795 4.91795 4.25752 3.67478 3.67478 3.67478 3.67478 3.67478 3.69487 3.76475 3.83693 3.90906 3.98128 4.04637 4.05747 5.00974 5.75795 5.75795 5.76284 5.88999 5.89471 5.89471 5.89471 5.89471 5.89471 5.89471 5.89471 5.89471 5.89471 5.89471 5.98709 8.38738 8.33172 8.02864 7.78238 11.0438 10.7549 10.1455 9.53502 8.92456 8.31839 8.07721 8.07721 8.07721 8.07721 8.07721 7.31280 4.47794 4.47794 4.47794 4.47794 4.47794 4.47794 4.47794 4.47794 4.47794 4.47794 4.47794 4.47794 4.47794 4.47794 4.47794 4.47794
0.00000 0.00000 0.00000 4.91795 4.91795 4.72380 3.71868 3.78641 3.85859 3.93084 4.00305 4.05514 4.05747 4.05747 4.05747 4.05747 4.05747 4.05747 4.58578 5.75795 5.75795 5.75795 5.85651 5.89471 5.89471 5.89471 5.90224 6.01250 6.15492 6.29758 6.44012 6.58254 6.72532 6.86775 6.21127 5.77546 5.77385 5.77385 7.03386 8.07721 8.07721 8.07721 8.07721 8.07721 8.07721 8.07721 8.07721 8.07721 8.07721 8.01638 4.65033 4.47794 4.47794 4.47794 4.47794 4.47794 4.47794 4.47794 4.47794 4.47794 4.47794 4.47794 4.47794 4.47794 4.47794 4.47794
