High_resolution/powerplant/Fengdu/OMI_NO2_201004.asc
ncols      200
nrows      200
xllcorner       105.978
yllcorner       28.1831
cellsize     0.0166667
NODATA_Value      -999.000
[rows 0 to 28 of 200, columns 132 to 197 of 200]
1.80932 1.80932 1.80932 1.80932 1.80932 1.80932 1.80932 1.80932 1.80932 1.78901 0.789981 0.789981 0.789981 0.789981 0.789981 0.779351 0.666403 0.492116 0.0659280 0.0659280 0.0659280 0.0659280 0.0659280 0.0709914 0.169618 0.128403 0.0659280 0.0659280 0.0659280 0.0659280 0.0659280 0.0659280 0.00000 0.00000 0.00000 0.00000 0.00000 0.00000 0.00000 0.00000 0.00000 0.00000 0.00000 0.00000 0.00000 0.00000 0.00000 0.00000 0.00000 0.00000 0.00000 0.00000 0.00000 0.00000 0.00000 0.00000 0.00000 0.00000 0.00000 0.00000 0.00000 0.00000 0.00000 0.00000 0.00000 0.00000
1.80932 1.80932 1.80932 1.80932 1.80932 1.73024 1.57651 1.46548 1.38183 1.13916 0.789981 0.769507 0.650219 0.554856 0.486278 0.437409 0.427954 0.414142 0.135781 0.242386 0.329062 0.396712 0.450953 0.494056 0.504967 0.353106 0.0659280 0.0659280 0.0659280 0.0659280 0.0659280 0.0659280 0.00000 0.00000 0.00000 0.00000 0.00000 0.00000 0.00000 0.00000 0.00000 0.00000 0.00000 0.00000 0.00000 0.00000 0.00000 0.00000 0.00000 0.00000 0.00000 0.00000 0.00000 0.00000 0.00000 0.00000 0.00000 0.00000 0.00000 0.00000 0.00000 0.00000 0.00000 0.00000 0.00000 0.00000
1.77399 1.61851 1.49623 1.40534 1.33520 1.29998 1.29965 1.29965 1.29965 1.07472 0.478235 0.433710 0.435781 0.473306 0.508354 0.538560 0.564849 0.587924 0.535413 0.504967 0.504967 0.504967 0.504967 0.504967 0.504967 0.447046 0.0659280 0.0659280 0.0659280 0.0659280 0.0659280 0.0659280 0.00000 0.00000 0.00000 0.00000 0.00000 0.00000 0.00000 0.00000 0.00000 0.00000 0.00000 0.00000 0.00000 0.00000 0.00000 0.00000 0.00000 0.00000 0.00000 0.00000 0.00000 0.00000 0.00000 0.00000 0.00000 0.00000 0.00000 0.00000 0.00000 0.00000 0.00000 0.00000 0.00000 0.00000
1.30672 1.29965 1.29965 1.29965 1.29965 1.29965 1.29901 1.26646 1.21619 1.04350 0.564893 0.580551 0.598278 0.599972 0.599972 0.599972 0.599972 0.599972 0.565561 0.504967 0.504967 0.504967 0.504967 0.504967 0.504967 0.501605 0.118046 0.0659280 0.0659280 0.0659280 0.0659280 0.0663375 0.564879 0.565703 0.565703 0.565703 0.565703 0.00000 0.00000 0.00000 0.00000 0.00000 0.00000 0.00000 0.00000 0.00000 0.00000 0.00000 0.00000 0.00000 0.00000 0.00000 0.00000 0.00000 0.00000 0.00000 0.00000 0.00000 0.00000 0.00000 0.00000 0.00000 0.00000 0.00000 0.00000 0.00000
1.35561 1.28853 1.24124 1.19105 1.14078 1.09047 1.04083 1.02311 1.02311 1.01849 0.652872 0.599972 0.599972 0.599972 0.599972 0.599972 0.599972 0.599972 0.589196 0.504967 0.504967 0.504967 0.504967 0.504967 0.504967 0.504967 0.283300 0.107026 0.179985 0.232941 0.273200 0.322497 0.524480 0.565703 0.565703 0.565703 0.565703 0.00000 0.00000 0.00000 0.00000 0.00000 0.00000 0.00000 0.00000 0.00000 0.00000 0.00000 0.00000 0.00000 0.00000 0.00000 0.00000 0.00000 0.00000 0.00000 0.00000 0.00000 0.00000 0.00000 0.00000 0.00000 0.00000 0.00000 0.00000 0.00000
1.19648 1.02593 1.02311 1.02311 1.02311 1.02311 1.02311 1.02311 1.02311 1.02311 0.757508 0.599972 0.599972 0.599972 0.599972 0.599972 0.599972 0.599972 0.599959 0.523513 0.504967 0.504967 0.506808 0.512042 0.516526 0.520317 0.458493 0.338667 0.380134 0.436379 0.516948 0.565703 0.565703 0.565703 0.565703 0.565703 0.565703 0.565703 0.00000 0.00000 0.00000 0.00000 0.00000 0.00000 0.00000 0.00000 0.00000 0.00000 0.00000 0.00000 0.00000 0.00000 0.00000 0.00000 0.00000 0.00000 0.00000 0.00000 0.00000 0.00000 0.00000 0.00000 0.00000 0.00000 0.00000 0.00000
1.22990 1.02311 1.02311 1.02311 1.02311 1.02311 1.02311 1.02311 1.02311 1.02311 0.893485 0.600407 0.599972 0.599972 0.599972 0.599972 0.599972 0.625950 0.778337 0.737411 0.519771 0.523096 0.527255 0.558353 0.604910 0.661113 0.716852 0.566345 0.565703 0.565703 0.565703 0.565703 0.565703 0.565703 0.565703 0.565703 0.565703 0.565703 0.00000 0.00000 0.00000 0.00000 0.00000 0.00000 0.00000 0.00000 0.00000 0.00000 0.00000 0.00000 0.00000 0.00000 0.00000 0.00000 0.00000 0.00000 0.00000 0.00000 0.00000 0.00000 0.00000 0.00000 0.00000 0.00000 0.00000 0.00000
1.27211 1.05628 1.02311 1.02311 1.02311 1.02311 1.02311 1.02311 1.02311 1.02311 1.01302 0.632290 0.604882 0.725271 0.894370 1.06331 1.23225 1.37537 1.40427 1.25972 0.612218 0.670011 0.737037 0.754855 0.754855 0.754855 0.754755 0.619993 0.565703 0.565703 0.565703 0.565703 0.565703 0.565703 0.565703 0.565703 0.565703 0.565703 0.00000 0.00000 0.00000 0.00000 0.00000 0.00000 0.00000 0.00000 0.00000 0.00000 0.00000 0.00000 0.00000 0.00000 0.00000 0.00000 0.00000 0.00000 0.00000 0.00000 0.00000 0.00000 0.00000 0.00000 0.00000 0.00000 0.00000 0.00000
1.27226 1.13155 1.02311 1.02311 1.02311 1.02311 1.02311 1.02311 1.13217 1.38511 1.63852 1.38998 1.34337 1.39200 1.41279 1.52331 1.66477 1.83663 2.02285 2.02839 0.832216 0.752295 0.744750 0.737079 0.729404 0.721734 0.714158 0.656579 0.565703 0.565703 0.565703 0.565703 0.565703 0.565703 0.565703 0.565703 0.565703 0.565703 0.565703 0.00000 0.00000 0.00000 0.00000 0.00000 0.00000 0.00000 0.00000 0.00000 0.00000 0.00000 0.00000 0.00000 0.00000 0.00000 0.00000 0.00000 0.00000 0.00000 0.00000 0.00000 0.00000 0.00000 0.00000 0.00000 0.00000 0.00000
1.27226 1.20695 1.02311 1.07099 1.30539 1.55904 1.81268 2.06598 2.21056 2.21115 2.21115 1.95723 1.68711 1.86392 2.03779 2.05419 2.04759 2.03992 2.03224 2.02458 1.15748 0.711598 0.711468 0.711468 0.711468 0.711468 0.711468 0.689059 0.565703 0.565703 0.565703 0.565703 0.565703 0.565703 0.565703 0.565703 0.565703 0.565703 0.565703 0.00000 0.00000 0.00000 0.00000 0.00000 0.00000 0.00000 0.00000 0.00000 0.00000 0.00000 0.00000 0.00000 0.00000 0.00000 0.00000 0.00000 0.00000 0.00000 0.00000 0.00000 0.00000 0.00000 0.00000 0.00000 0.00000 0.00000
1.11800 1.02364 1.90437 2.19227 2.21115 2.21115 2.21115 2.21115 2.21115 2.21100 2.17135 2.09846 2.02686 2.02722 2.01956 2.01273 2.01165 2.01165 2.01165 2.01165 1.54180 0.711468 0.711468 0.711468 0.711468 0.711468 0.711468 0.709369 0.577561 0.565703 0.565703 0.565703 0.565703 0.565703 0.564865 0.501659 0.399799 0.297939 0.194475 0.00000 0.00000 0.00000 0.00000 0.00000 0.00000 0.00000 0.00000 0.00000 0.00000 0.00000 0.00000 0.00000 0.00000 0.00000 0.00000 0.00000 0.00000 0.00000 0.00000 0.00000 0.00000 0.00000 0.00000 0.00000 0.00000 0.00000
0.860683 0.860683 1.74707 2.21115 2.19991 2.13612 2.06561 1.99515 1.92468 1.85437 1.82356 1.82356 1.94891 2.01165 2.01165 2.01165 2.01165 2.01165 2.01165 2.01165 1.91440 0.728241 0.711468 0.711468 0.711468 0.711468 0.711468 0.711468 0.632027 0.565703 0.517978 0.416118 0.314258 0.212069 0.113411 0.0726734 0.0726734 0.0726734 0.0726734 0.0726734 0.00000 0.00000 0.00000 0.00000 0.00000 0.00000 0.00000 0.00000 0.00000 0.00000 0.00000 0.00000 0.00000 0.00000 0.00000 0.00000 0.00000 0.00000 0.00000 0.00000 0.00000 0.00000 0.00000 0.00000 0.00000 0.00000
0.750761 0.680257 1.08682 1.88980 1.83038 1.82356 1.82356 1.82356 1.82356 1.82356 1.82356 1.82356 1.89559 2.01165 2.01165 2.01165 2.01165 2.01165 2.01165 2.01165 2.01165 1.02091 0.711468 0.711468 0.711468 0.694797 0.644835 0.593905 0.458175 0.127219 0.0859650 0.0964118 0.103910 0.109415 0.103865 0.0726734 0.0726734 0.0726734 0.0726734 0.0726734 0.00000 0.00000 0.00000 0.00000 0.00000 0.00000 0.00000 0.00000 0.00000 0.00000 0.00000 0.00000 0.00000 0.00000 0.00000 0.00000 0.00000 0.00000 0.00000 0.00000 0.00000 0.00000 0.00000 0.00000 0.00000 0.00000
0.473087 0.473087 0.563829 1.80060 1.82356 1.82356 1.82356 1.82356 1.82356 1.82356 1.82356 1.82356 1.84287 2.01101 2.01165 2.01165 2.01165 2.01165 2.01165 2.01165 1.94983 1.18362 0.602040 0.551110 0.500159 0.460885 0.430463 0.403150 0.354046 0.109914 0.110849 0.110849 0.110849 0.110849 0.110137 0.0757579 0.0726734 0.0726734 0.0726734 0.0726734 0.00000 0.00000 0.00000 0.00000 0.00000 0.00000 0.00000 0.00000 0.00000 0.00000 0.00000 0.00000 0.00000 0.00000 0.00000 0.00000 0.00000 0.00000 0.00000 0.00000 0.00000 0.00000 0.00000 0.00000 0.00000 0.00000
0.473087 0.473087 0.473087 1.48189 1.82356 1.82356 1.82356 1.82356 1.82356 1.82356 1.82356 1.82356 1.82356 1.97705 2.01165 1.99639 1.74504 1.41302 1.08131 0.749599 0.479559 0.448140 0.426118 0.399612 0.377734 0.361642 0.359643 0.359643 0.359643 0.158404 0.110849 0.110849 0.110849 0.110849 0.110849 0.0911913 0.0726734 0.0726734 0.0726734 0.0726734 0.00000 0.00000 0.00000 0.00000 0.00000 0.00000 0.00000 0.00000 0.00000 0.00000 0.00000 0.00000 0.00000 0.00000 0.00000 0.00000 0.00000 0.00000 0.00000 0.00000 0.00000 0.00000 0.00000 0.00000 0.00000 0.00000
0.473087 0.473087 0.473087 1.07256 1.82356 1.82356 1.82356 1.82356 1.82356 1.82356 1.82356 1.65848 1.32677 1.09502 0.851137 0.534688 0.454330 0.442771 0.412742 0.387852 0.367264 0.353504 0.358665 0.359643 0.352817 0.322593 0.286515 0.245217 0.197504 0.126808 0.110849 0.110849 0.110849 0.110849 0.110849 0.102321 0.0726734 0.0726734 0.0726734 0.0726734 0.0726734 0.00000 0.00000 0.00000 0.00000 0.00000 0.00000 0.00000 0.00000 0.00000 0.00000 0.00000 0.00000 0.00000 0.00000 0.00000 0.00000 0.00000 0.00000 0.00000 0.00000 0.00000 0.00000 0.00000 0.00000 0.00000
0.473087 0.473087 0.473087 0.663639 1.82329 1.82356 1.74429 1.42847 1.09660 0.764735 0.433024 0.266235 0.266235 0.313079 0.409725 0.384618 0.364560 0.352867 0.350789 0.326168 0.291119 0.251118 0.210205 0.161303 0.114229 0.110849 0.110849 0.110849 0.110849 0.110849 0.110849 0.110849 0.110849 0.110849 0.110849 0.109495 0.0740307 0.0726734 0.0726734 0.0726734 0.0726734 0.00000 0.00000 0.00000 0.00000 0.00000 0.00000 0.00000 0.00000 0.00000 0.00000 0.00000 0.00000 0.00000 0.00000 0.00000 0.00000 0.00000 0.00000 0.00000 0.00000 0.00000 0.00000 0.00000 0.00000 0.00000
0.473087 0.476114 0.525101 0.589750 0.874618 0.534873 0.281964 0.266235 0.266235 0.266235 0.266235 0.266235 0.266235 0.332843 0.331605 0.265058 0.221173 0.170262 0.114268 0.100226 0.100226 0.100226 0.102997 0.110849 0.110849 0.110849 0.110849 0.110849 0.110849 0.110849 0.110849 0.110849 0.110849 0.110849 0.110849 0.110849 0.0886295 0.0726734 0.0726734 0.0726734 0.0726734 0.00000 0.00000 0.00000 0.00000 0.00000 0.00000 0.00000 0.00000 0.00000 0.00000 0.00000 0.00000 0.00000 0.00000 0.00000 0.00000 0.00000 0.00000 0.00000 0.00000 0.00000 0.00000 0.00000 0.00000 0.00000
0.689722 0.751345 0.766949 0.766949 0.499140 0.266235 0.266235 0.280628 0.393184 0.524379 0.655502 0.786338 0.917461 0.985901 0.411999 0.100226 0.100226 0.100226 0.100226 0.100226 0.100226 0.100226 0.100442 0.110229 0.110849 0.110849 0.110849 0.110849 0.110849 0.110849 0.110849 0.110849 0.110849 0.112862 0.117760 0.124015 0.124080 0.0726734 0.00000 0.00000 0.00000 0.00000 0.00000 0.00000 0.00000 0.00000 0.00000 0.00000 0.00000 0.00000 0.00000 0.00000 0.00000 0.00000 0.00000 0.00000 0.00000 0.00000 0.00000 0.00000 0.00000 0.00000 0.00000 0.00000 0.00000 0.00000
0.766949 0.766949 0.827185 0.958453 0.973438 0.719625 0.850892 0.967550 0.985901 0.985901 0.985901 0.985901 0.985901 0.985901 0.705851 0.100196 0.100226 0.100226 0.100226 0.100226 0.100226 0.100226 0.100226 0.107269 0.110849 0.110849 0.110849 0.110849 0.112260 0.116924 0.122937 0.130845 0.141492 0.149024 0.149024 0.149024 0.149024 0.00000 0.00000 0.00000 0.00000 0.00000 0.00000 0.00000 0.00000 0.00000 0.00000 0.00000 0.00000 0.00000 0.00000 0.00000 0.00000 0.00000 0.00000 0.00000 0.00000 0.00000 0.00000 0.00000 0.00000 0.00000 0.00000 0.00000 0.00000 0.00000
1.28497 1.41594 1.48654 1.48662 1.48126 1.02696 0.985901 0.985901 0.985901 0.985901 0.985901 0.985901 0.985901 0.985901 0.926941 0.0962336 0.100226 0.100226 0.100226 0.100226 0.100226 0.100226 0.100226 0.105841 0.116121 0.121906 0.129461 0.139753 0.148791 0.149024 0.149024 0.149024 0.149024 0.00000 0.00000 0.00000 0.00000 0.00000 0.00000 0.00000 0.00000 0.00000 0.00000 0.00000 0.00000 0.00000 0.00000 0.00000 0.00000 0.00000 0.00000 0.00000 0.00000 0.00000 0.00000 0.00000 0.00000 0.00000 0.00000 0.00000 0.00000 0.00000 0.00000 0.00000 0.00000 0.00000
1.48662 1.48662 1.48662 1.48662 1.48662 1.17344 0.985901 0.985901 0.985901 0.985901 0.985901 0.985901 0.985901 0.985901 0.985901 0.265716 0.100226 0.100226 0.101148 0.112246 0.126162 0.140059 0.153982 0.164144 0.149457 0.149024 0.149024 0.149024 0.149024 0.00000 0.00000 0.00000 0.00000 0.00000 0.00000 0.00000 0.00000 0.00000 0.00000 0.00000 0.00000 0.00000 0.00000 0.00000 0.00000 0.00000 0.00000 0.00000 0.00000 0.00000 0.00000 0.00000 0.00000 0.00000 0.00000 0.00000 0.00000 0.00000 0.00000 0.00000 0.00000 0.00000 0.00000 0.00000 0.00000 0.00000
1.48662 1.48662 1.48662 1.48662 1.48662 1.32520 0.985901 0.985901 0.985901 0.985901 0.985901 0.985901 0.985901 0.985928 0.993762 0.602953 0.135900 0.149816 0.162811 0.165623 0.166584 0.169147 0.172588 0.177449 0.181583 0.00000 0.00000 0.510261 0.510261 0.510261 0.510261 0.510261 0.00000 0.00000 0.00000 0.00000 0.00000 0.00000 0.00000 0.00000 0.00000 0.00000 0.00000 0.00000 0.00000 0.00000 0.00000 0.00000 0.00000 0.00000 0.00000 0.00000 0.00000 0.00000 0.00000 0.00000 0.00000 0.00000 0.00000 0.00000 0.00000 0.00000 0.00000 0.00000 0.00000 0.00000
1.48662 1.48662 1.48662 1.48662 1.48662 1.46248 1.00032 0.985901 0.985901 0.989969 1.00350 1.01742 1.03133 1.04522 1.05130 0.914990 0.168200 0.169598 0.173208 0.178361 0.182212 0.183886 0.220192 0.259370 0.338406 0.510261 0.510261 0.510261 0.510261 0.510261 0.510261 0.510261 0.00000 0.00000 0.00000 0.00000 0.00000 0.00000 0.00000 0.00000 0.00000 0.00000 0.00000 0.00000 0.00000 0.00000 0.00000 0.00000 0.00000 0.00000 0.00000 0.00000 0.00000 0.00000 0.00000 0.00000 0.00000 0.00000 0.00000 0.00000 0.00000 0.00000 0.00000 0.00000 0.00000 0.00000
1.48662 1.48662 1.48662 1.48662 1.48706 1.49148 1.14972 1.02717 1.04108 1.05092 1.05130 1.05130 1.05130 1.05130 1.05130 1.03820 0.267999 0.247514 0.280058 0.305428 0.325751 0.341975 0.346241 0.346241 0.361331 0.510261 0.510261 0.510261 0.510261 0.510261 0.510261 0.510261 0.510261 0.00000 0.00000 0.00000 0.00000 0.00000 0.00000 0.00000 1.64534 1.64534 1.64534 0.00000 0.00000 0.00000 0.00000 0.00000 0.00000 0.00000 0.00000 0.00000 0.00000 0.00000 0.00000 0.00000 0.00000 0.00000 0.00000 0.00000 0.00000 0.00000 0.00000 0.00000 0.00000 0.00000
1.46837 1.49439 1.49975 1.50512 1.51005 1.51100 1.32034 1.05130 1.05130 1.05130 1.05055 1.04316 1.03425 1.02532 1.01638 1.00744 0.539045 0.346241 0.346241 0.346241 0.346241 0.346241 0.346241 0.346241 0.346290 0.472368 0.510261 0.510261 0.510261 0.510261 0.510261 0.510261 0.510261 0.00000 0.00000 1.64534 1.64534 1.64534 1.64534 1.64534 1.64534 1.64534 1.64534 1.64534 0.00000 0.00000 0.00000 0.00000 0.00000 0.00000 0.00000 0.00000 0.00000 0.00000 0.00000 0.00000 0.00000 0.00000 0.00000 0.00000 0.00000 0.00000 0.00000 0.00000 0.00000 0.00000
1.41763 1.51100 1.51100 1.51100 1.51100 1.50730 1.44511 1.03081 1.02081 1.01187 1.00368 1.00212 1.00212 1.00212 1.00212 1.00212 0.724181 0.346241 0.346241 0.346241 0.346241 0.346241 0.346241 0.346241 0.346241 0.411877 0.510261 0.510261 0.510261 0.510261 0.510261 0.593171 0.921409 1.64534 1.64534 1.64534 1.64534 1.64534 1.64534 1.64534 1.64534 1.64534 1.64534 1.64534 0.00000 0.00000 0.00000 0.00000 0.00000 0.00000 0.00000 0.00000 0.00000 0.00000 0.00000 0.00000 0.00000 0.00000 0.00000 0.00000 0.00000 0.00000 0.00000 0.00000 0.00000 0.00000
1.30665 1.49387 1.48493 1.47599 1.46707 1.46185 1.46182 1.08836 1.00212 1.00212 1.00212 1.00212 1.00212 1.00212 1.00212 1.00212 0.909400 0.346241 0.346241 0.346241 0.346241 0.346241 0.346241 0.346241 0.346241 0.372191 0.566880 0.737712 0.866447 0.963118 1.03851 1.07734 1.14837 1.64534 1.64534 1.64534 1.64534 1.64534 1.64534 1.64534 1.64534 1.64534 1.64534 1.64534 0.00000 0.00000 0.00000 0.00000 0.00000 0.00000 0.00000 0.00000 0.00000 0.00000 0.00000 0.00000 0.00000 0.00000 0.00000 0.00000 0.00000 0.00000 0.00000 0.00000 0.00000 0.00000
1.14875 1.45952 1.46182 1.46182 1.46182 1.46182 1.46182 1.22682 1.00212 1.00212 1.00212 1.00212 1.00212 1.00212 1.00212 1.00212 1.00212 0.438717 0.346241 0.346241 0.346241 0.345948 0.343189 0.339871 0.336553 0.347339 1.03750 1.07780 1.07780 1.07780 1.07780 1.07780 1.08120 1.57108 1.64534 1.64534 1.64534 1.64534 1.64534 1.64534 1.64534 1.64534 1.64534 1.64534 1.64534 0.00000 0.00000 0.00000 0.00000 0.00000 0.00000 0.00000 0.00000 0.00000 0.00000 0.00000 0.00000 0.00000 0.00000 0.00000 0.00000 0.00000 0.00000 0.00000 0.00000 0.00000
