High_resolution/powerplant/Fengdu/OMI_NO2_201106.asc
ncols      200
nrows      200
xllcorner       105.978
yllcorner       28.1831
cellsize     0.0166667
NODATA_Value      -999.000
[rows 90 to 119 of 200, columns 0 to 65 of 200]
0.00000 0.00000 5.60597 5.60597 5.54681 5.44614 5.44614 5.44614 5.44643 5.46097 5.48605 5.56141 5.82113 6.14511 6.44712 6.69472 6.74590 6.74590 6.74590 6.74590 6.74590 6.74590 6.74590 6.13477 3.98422 3.98422 3.98422 3.98422 3.98422 3.98422 3.98422 3.98422 3.98422 3.98422 3.98422 3.98422 3.98422 3.98422 3.98422 3.98422 3.98422 3.98422 3.98422 3.03045 1.75208 1.96885 2.28437 2.59976 2.91514 3.16248 3.18086 3.18086 3.18086 3.18086 3.18086 3.18086 3.18086 3.18086 3.18086 3.18086 3.18086 3.18086 3.03605 2.83922 2.83922 2.83922
0.00000 0.00000 0.00000 5.60597 5.59831 5.48765 5.51520 5.65097 5.95807 6.25357 6.52054 6.72994 6.74590 6.74590 6.74590 6.74590 6.74590 6.74590 6.74590 6.74590 6.74590 6.74590 6.74590 6.72325 4.22865 3.98422 3.98422 3.98422 3.98422 3.98422 3.98422 3.98422 3.98422 3.98422 3.98422 3.98422 3.98422 3.98422 3.98422 3.98422 4.00398 4.08952 4.18040 4.06786 3.08318 3.18086 3.18086 3.18086 3.18086 3.18086 3.18086 3.18086 3.18086 3.18086 3.18086 3.18086 3.18086 3.18086 3.18086 3.18086 3.18086 3.18086 3.13686 2.83946 2.83922 2.83922
0.00000 0.00000 0.00000 5.78725 6.06001 6.32698 6.59361 6.74522 6.74590 6.74590 6.74590 6.74590 6.74590 6.74590 6.74590 6.74590 6.74590 6.74590 6.74590 6.74590 6.74590 6.74590 6.74590 6.74590 5.03922 3.98422 3.98422 3.98422 3.98422 3.98422 3.98422 3.98422 3.98422 3.98422 3.98422 3.98454 4.03705 4.12797 4.21876 4.30960 4.38071 4.38597 4.38597 4.38597 3.38904 3.18086 3.18086 3.18086 3.18086 3.18086 3.18086 3.18086 3.18086 3.18086 3.18086 3.18086 3.18086 3.18086 3.18086 3.18086 3.18086 3.18086 3.18086 2.89644 2.83922 2.83922
0.00000 0.00000 0.00000 6.74590 6.74590 6.74590 6.74590 6.74590 6.74590 6.74590 6.74590 6.74590 6.74590 6.74590 6.74590 6.74590 6.74590 6.74590 6.74590 6.74590 6.74590 6.74590 6.74590 6.74590 5.87221 3.98422 3.98422 3.98422 3.98422 3.98422 3.98422 3.99575 4.07550 4.16629 4.25717 4.34769 4.38597 4.38597 4.38597 4.38597 4.38597 4.38597 4.38597 4.38597 3.74914 3.18086 3.18086 3.18086 3.18086 3.18086 3.18086 3.18086 3.18086 3.18086 3.18086 3.18086 3.18086 3.18086 3.18086 3.18086 3.18086 3.18086 3.18086 2.99747 2.83922 2.83919
0.00000 0.00000 0.00000 0.00000 6.74590 6.74590 6.74590 6.74590 6.74590 6.74590 6.74590 6.74590 6.74590 6.74590 6.74590 6.74590 6.74590 6.74590 6.74590 6.74590 6.74590 6.74590 6.74590 6.74590 6.62080 4.06928 3.98422 4.02323 4.11382 4.20470 4.29554 4.37480 4.38597 4.38597 4.38597 4.38597 4.38597 4.38597 4.38597 4.38597 4.38597 4.38597 4.38597 4.38597 4.10933 3.18086 3.18086 3.18086 3.18086 3.18086 3.18086 3.18086 3.18086 3.18086 3.18086 3.18086 3.18086 3.18086 3.18086 3.18086 3.18086 3.27682 3.68677 3.81572 2.63498 2.57201
0.00000 0.00000 0.00000 0.00000 6.74590 6.74590 6.74590 6.74590 6.74590 6.74590 6.74590 6.74590 6.74590 6.74590 6.74590 6.74590 6.74590 6.74590 6.74590 6.74590 6.74590 6.74590 6.73964 6.60945 6.43101 4.80616 4.33391 4.38573 4.38597 4.38597 4.38597 4.38597 4.38597 4.38597 4.38597 4.38597 4.38597 4.38597 4.38597 4.38597 4.38597 4.38597 4.38597 4.38597 4.37308 3.27737 3.18086 3.18086 3.18086 3.18086 3.18086 3.18086 3.18086 3.18086 3.18086 3.18086 3.19154 3.49485 3.92875 4.36305 4.79715 5.13528 5.15942 5.12044 2.72133 2.54288
0.00000 0.00000 0.00000 0.00000 6.74590 6.74590 6.74590 6.74590 6.74590 6.74590 6.74590 6.74590 6.74590 6.74590 6.74590 6.74590 6.74590 6.74590 6.71956 6.55953 6.38122 6.20270 6.03052 5.98233 5.98233 5.32870 4.38597 4.38597 4.38597 4.38597 4.38597 4.38597 4.38597 4.38597 4.38597 4.38597 4.38597 4.38597 4.38597 4.38597 4.38597 4.38597 4.38597 4.38597 4.38597 3.62454 3.18086 3.18086 3.18086 3.18086 3.18086 3.18086 3.31322 3.73683 4.17073 4.60523 5.02844 5.15942 5.15942 5.15942 5.15942 5.15942 5.15942 5.15942 3.45161 2.54288
0.00000 0.00000 0.00000 0.00000 0.00000 6.74590 6.74590 6.74590 6.74590 6.74590 6.74590 6.74590 6.74590 6.74590 6.68543 6.50973 6.33128 6.15290 6.00081 5.98233 5.98233 5.98233 5.98233 5.98233 5.98233 5.80684 4.39124 4.38597 4.38597 4.38597 4.38597 4.38597 4.38597 4.38597 4.38597 4.38597 4.38597 4.38597 4.38597 4.38597 4.38597 4.38597 4.38597 4.38597 4.38597 3.98467 3.18086 3.20559 3.54471 3.97881 4.41311 4.84701 5.14894 5.15942 5.15942 5.15942 5.15942 5.15942 5.15942 5.15942 5.15942 5.15942 5.15942 5.15942 4.22149 2.54288
0.00000 0.00000 0.00000 0.00000 0.00000 6.74590 6.74590 6.74590 6.74590 6.74498 6.63831 6.45987 6.28150 6.10298 5.98508 5.98233 5.98233 5.98233 5.98233 5.98233 5.98233 5.98233 5.98233 5.98233 5.98233 5.98233 4.70030 4.38597 4.38597 4.38597 4.38597 4.38597 4.38597 4.38597 4.38597 4.38597 4.38597 4.38597 4.38597 4.38597 4.38597 4.38597 4.38597 4.47294 4.73491 4.94072 4.66367 5.06445 5.15942 5.15942 5.15942 5.15942 5.15942 5.15942 5.15942 5.15942 5.15942 5.15942 5.15942 5.15942 5.15942 5.15942 5.15942 5.15942 4.96161 2.57376
0.00000 0.00000 0.00000 0.00000 0.00000 6.73454 6.58845 6.41001 6.23164 6.05411 5.98233 5.98233 5.98233 5.98233 5.98233 5.98233 5.98233 5.98233 5.98233 5.98233 5.98233 5.98233 5.98233 5.98233 5.98233 5.98233 5.18383 4.38597 4.38597 4.38597 4.38597 4.38597 4.38597 4.38597 4.38597 4.38597 4.38597 4.38597 4.39257 4.57888 4.84580 5.11260 5.37963 5.55947 5.56441 5.56441 5.26576 5.15942 5.15942 5.15942 5.15942 5.15942 5.15942 5.15942 5.15942 5.15942 5.15942 5.15942 5.15942 5.15942 5.15942 5.15942 5.15942 5.15942 5.15942 3.14547
0.00000 0.00000 0.00000 0.00000 0.00000 5.98233 5.98233 5.98233 5.98233 5.98233 5.98233 5.98233 5.98233 5.98233 5.98233 5.98233 5.98233 5.98233 5.98233 5.98233 5.98233 5.98233 5.98233 5.98233 5.98233 5.98233 5.66737 4.38597 4.38597 4.38597 4.38597 4.38597 4.38597 4.38597 4.44030 4.68978 4.95657 5.22349 5.48381 5.56441 5.56441 5.56441 5.56441 5.56441 5.56441 5.56441 5.38610 5.15942 5.15942 5.15942 5.15942 5.15942 5.15942 5.15942 5.15942 5.15942 5.15942 5.15942 5.15942 5.15942 5.15942 5.15942 5.15942 5.15942 5.15942 3.91500
0.00000 0.00000 0.00000 0.00000 0.00000 0.00000 5.98233 5.98233 5.98233 5.98233 5.98233 5.98233 5.98233 5.98233 5.98233 5.98233 5.98233 5.98233 5.98233 5.98233 5.98233 5.98233 5.98233 5.98233 5.98233 5.98233 5.97691 4.56030 4.38597 4.38633 4.53363 4.80043 5.06758 5.33427 5.54686 5.56441 5.56441 5.56441 5.56441 5.56441 5.56441 5.56441 5.56441 5.56441 5.56441 5.56441 5.50644 5.15942 5.15942 5.15942 5.15942 5.15942 5.15942 5.15942 5.15942 5.15942 5.15942 5.15942 5.15942 5.15942 5.15942 5.15942 5.15942 5.15942 5.11816 4.52545
0.00000 0.00000 0.00000 0.00000 0.00000 0.00000 5.98233 5.98233 5.98233 5.98233 5.98233 5.98233 5.98233 5.98233 5.98233 5.98233 5.98233 5.98233 5.98233 5.98233 5.98233 5.98233 5.98233 5.98233 5.98233 6.06767 6.89575 6.15672 5.17824 5.44492 5.56441 5.56441 5.56441 5.56441 5.56441 5.56441 5.56441 5.56441 5.56441 5.56441 5.56441 5.56441 5.56441 5.56441 5.56441 5.56441 5.56441 5.22172 5.15942 5.15942 5.15942 5.15942 5.15942 5.15942 5.15942 5.15942 5.15942 5.15942 5.15942 5.15192 5.04634 4.91016 4.77409 4.63797 4.54317 4.53567
0.00000 0.00000 0.00000 0.00000 0.00000 0.00000 5.98233 5.98233 5.98233 5.98233 5.98233 5.98233 5.98233 5.98233 5.98233 5.98233 5.98233 5.98233 5.98233 5.98233 5.98233 6.22548 7.18006 8.18096 9.18142 10.0983 10.2707 8.90114 5.56441 5.56441 5.56441 5.56441 5.56441 5.56441 5.56441 5.56441 5.56441 5.56441 5.56441 5.56441 5.56441 5.56441 5.56441 5.56441 5.56441 5.56441 5.56441 5.34207 5.15942 5.15942 5.15942 5.15942 5.15942 5.15942 5.15942 5.10632 4.97106 4.83500 4.69887 4.57024 4.53982 4.53982 4.53982 4.53982 4.53982 4.53982
0.00000 0.00000 0.00000 0.00000 0.00000 0.00000 0.00000 5.98233 5.98233 5.98233 5.98233 5.98233 5.98233 5.98233 5.98233 5.98233 5.98233 6.46434 7.46438 8.46527 9.46745 10.2248 10.2707 10.2707 10.2707 10.2707 10.2707 10.1153 5.76447 5.56441 5.56441 5.56441 5.56441 5.56441 5.56441 5.56441 5.56441 5.56441 5.56441 5.56441 5.56441 5.56441 5.56441 5.56441 5.56441 5.56441 5.56441 5.46239 5.15942 5.15942 5.14653 5.03197 4.89591 4.75978 4.62372 4.54069 4.53982 4.53982 4.53982 4.53982 4.53982 4.53982 4.53982 4.53982 4.53982 4.53982
0.00000 0.00000 0.00000 0.00000 0.00000 0.00000 0.00000 5.98233 5.98233 5.98233 5.98233 5.98233 6.01750 6.74823 7.74955 8.75045 9.75177 10.2707 10.2707 10.2707 10.2707 10.2707 10.2707 10.2707 10.2707 10.2707 10.2707 10.2707 7.02335 5.56441 5.56441 5.56441 5.56441 5.56441 5.56441 5.56441 5.56441 5.56441 5.56441 5.56441 5.56441 5.56441 5.56441 5.56441 5.56441 5.56441 5.97161 6.90458 5.11675 4.68462 4.56145 4.53982 4.53982 4.53982 4.53982 4.53982 4.53982 4.53982 4.53982 4.53982 4.53982 4.53982 4.53982 4.53982 4.53982 4.53982
0.00000 0.00000 0.00000 0.00000 0.00000 0.00000 0.00000 5.98233 6.13790 7.03297 8.03387 9.03605 10.0009 10.2707 10.2707 10.2707 10.2707 10.2707 10.2707 10.2707 10.2707 10.2707 10.2707 10.2707 10.2707 10.2707 10.2707 10.2707 8.43522 5.56441 5.56441 5.56441 5.56441 5.56441 5.56441 5.56441 5.56441 5.56441 5.56441 5.56441 5.56441 5.62235 6.36589 7.30906 8.25182 9.19417 9.73015 9.73223 6.31598 4.53982 4.53982 4.53982 4.53982 4.53982 4.53982 4.53982 4.53982 4.53982 4.53982 4.53982 4.53982 4.53982 4.53982 4.53982 4.53982 4.53982
0.00000 0.00000 0.00000 0.00000 0.00000 0.00000 0.00000 0.00000 10.2039 10.2707 10.2707 10.2707 10.2707 10.2707 10.2707 10.2707 10.2707 10.2707 10.2707 10.2707 10.2707 10.2707 10.2707 10.2707 10.2707 10.2707 10.2707 10.2707 9.81886 5.59265 5.56441 5.56441 5.56441 5.56441 5.56441 5.56441 5.56441 5.84491 6.76349 7.70584 8.64860 9.53343 9.73223 9.73223 9.73223 9.73223 9.73223 9.73223 7.85877 4.53982 4.53982 4.53982 4.53982 4.53982 4.53982 4.53982 4.53982 4.53982 4.53982 4.53982 4.53982 4.53982 4.53982 4.53982 4.53982 4.53982
0.00000 0.00000 0.00000 0.00000 0.00000 0.00000 0.00000 0.00000 10.2707 10.2707 10.2707 10.2707 10.2707 10.2707 10.2707 10.2707 10.2707 10.2707 10.2707 10.2707 10.2707 10.2707 10.2707 10.2707 10.2707 10.2707 10.2707 10.2707 10.2707 6.55706 5.56441 5.56441 5.58192 6.21751 7.15985 8.10303 9.04537 9.70764 9.73223 9.73223 9.73223 9.73223 9.73223 9.73223 9.73223 9.73223 9.73223 9.73223 9.33861 4.60214 4.53982 4.53982 4.53982 4.53982 4.53982 4.53982 4.53982 4.53982 4.53982 4.53982 4.53982 4.53982 4.53982 4.53982 4.53982 4.53982
0.00000 0.00000 0.00000 0.00000 0.00000 0.00000 0.00000 0.00000 10.2707 10.2707 10.2707 10.2707 10.2707 10.2707 10.2707 10.2707 10.2707 10.2707 10.2707 10.2707 10.2707 10.2707 10.2707 10.2707 10.2707 10.2707 10.2707 10.2707 10.3979 8.90213 7.55746 8.49939 9.42506 9.73223 9.73223 9.73223 9.73223 9.73223 9.73223 9.73223 9.73223 9.73223 9.73223 9.73223 9.73223 9.73223 9.73223 9.73223 9.73223 5.75133 4.53982 4.53982 4.53982 4.53982 4.53982 4.53982 4.53982 4.53982 4.53982 4.53982 4.53982 4.53982 4.51485 4.29823 4.04159 3.78495
0.00000 0.00000 0.00000 0.00000 0.00000 0.00000 0.00000 0.00000 0.00000 10.2707 10.2707 10.2707 10.2707 10.2707 10.2707 10.2707 10.2707 10.2707 10.2707 10.2707 10.2707 10.2707 10.2707 10.2707 10.5522 11.3148 12.0850 12.8556 13.4985 12.8428 9.73223 9.73223 9.73223 9.73223 9.73223 9.73223 9.73223 9.73223 9.73223 9.73223 9.73223 9.73223 9.73223 9.73223 9.73223 9.73223 9.73223 9.73223 9.73223 7.29415 4.53982 4.53982 4.53982 4.53982 4.53982 4.53982 4.53982 4.53982 4.41448 4.15772 3.90107 3.64443 3.41288 3.37273 3.37273 3.35856
0.00000 0.00000 0.00000 0.00000 0.00000 0.00000 0.00000 0.00000 0.00000 10.2707 10.2707 10.2707 10.2707 10.2707 10.2707 10.2707 10.2707 10.2707 10.2707 10.2776 10.7599 11.5308 12.3007 13.0712 13.5598 13.5677 13.5677 13.5677 13.5677 13.5581 10.1685 9.73223 9.73223 9.73223 9.73223 9.73223 9.73223 9.73223 9.73223 9.73223 9.73223 9.73223 9.73223 9.73223 9.73223 9.73223 9.73223 9.73223 9.73223 8.83654 4.53982 4.53982 4.53982 4.50306 4.27396 4.01720 3.76067 3.50391 3.37273 3.37273 3.36213 3.17306 3.02999 2.92049 2.82509 2.74781
0.00000 0.00000 0.00000 0.00000 0.00000 0.00000 0.00000 0.00000 0.00000 10.2707 10.2707 10.2707 10.2707 10.2707 10.2707 10.3369 10.9759 11.7461 12.5166 13.2799 13.5677 13.5677 13.5677 13.5677 13.5677 13.5677 13.5677 13.5677 13.5677 13.5677 11.3125 9.73223 9.73223 9.73223 9.73223 9.73223 9.73223 9.73223 9.73223 9.73223 9.73223 9.73223 9.73223 9.73223 9.73223 9.73223 9.73223 9.73223 9.73183 9.56365 4.77611 3.87691 3.62015 3.40027 3.37218 3.35342 3.32938 3.30895 3.29135 3.27605 3.26739 2.88802 2.73381 2.73381 2.73381 2.73381
0.00000 0.00000 0.00000 0.00000 0.00000 0.00000 0.00000 0.00000 0.00000 10.2707 10.2707 10.4569 11.1919 11.9621 12.7323 13.4362 13.5677 13.5677 13.5677 13.5677 13.5677 13.5677 13.5677 13.5677 13.5677 13.5677 13.5677 13.5677 13.5677 13.5677 12.4631 9.73223 9.73223 9.73223 9.73223 9.73223 9.73223 9.73223 9.73223 9.73223 9.73223 9.73223 9.73223 9.73223 9.69839 9.44076 9.14216 8.84342 8.54521 8.34089 5.28301 3.32215 3.30273 3.28601 3.27164 3.26727 3.26727 3.26727 3.26727 3.26727 3.26727 3.03639 2.73381 2.73381 2.73381 2.73381
0.00000 0.00000 0.00000 0.00000 0.00000 0.00000 0.00000 3.67876 3.67876 3.67876 9.69571 13.5321 13.5677 13.5677 13.5677 13.5677 13.5677 13.5677 13.5677 13.5677 13.5677 13.5677 13.5677 13.5677 13.5677 13.5677 13.5677 13.5677 13.5677 13.5677 13.4461 9.89984 9.73223 9.73223 9.73223 9.73223 9.73223 9.73223 9.73223 9.73223 9.61049 9.31321 9.01487 8.71587 8.45123 8.14235 7.43933 7.12693 6.85596 6.65050 5.68293 3.26727 3.26727 3.26727 3.26727 3.26727 3.26727 3.26727 3.26727 3.26727 3.26727 3.18486 2.73381 2.73381 2.73381 2.73381
0.00000 0.00000 3.67876 3.67876 3.67876 3.67876 3.67876 3.67876 3.67876 3.67876 6.57413 13.5677 13.5677 13.5677 13.5677 13.5677 13.5677 13.5677 13.5677 13.5677 13.5677 13.5677 13.5677 13.5677 13.5677 13.5677 13.5677 13.5677 13.5677 13.5677 13.5677 10.9321 9.73223 9.73223 9.73223 9.71597 9.48425 9.18578 8.88731 8.58855 8.41171 8.41039 8.41039 8.41039 8.41039 8.03500 6.62570 6.62570 6.62570 6.62570 6.52751 3.42176 3.26727 3.26727 3.26727 3.26727 3.26727 3.26727 3.26727 3.26727 3.26727 3.26705 2.80000 2.73381 2.73381 2.73381
3.67876 3.67876 3.67876 3.67876 3.67876 3.67876 3.67876 3.67876 3.67876 3.67876 3.99817 13.1306 13.5677 13.5677 13.5677 13.5677 13.5677 13.5677 13.5677 13.5677 13.5677 13.5677 13.5677 13.5677 13.5677 13.5677 13.5677 13.5677 13.5677 13.5677 13.5677 12.1381 9.35683 9.05836 8.75975 8.47740 8.41039 8.41039 8.41039 8.41039 8.41039 8.41039 8.41039 8.41039 8.41039 8.40985 6.78777 6.62570 6.62570 6.62570 6.62570 4.32268 3.26727 3.26727 3.26727 3.26727 3.26727 3.26727 3.26727 3.26727 3.26727 3.26727 2.94810 2.73381 2.73381 2.67833
3.67876 3.67876 3.67876 3.67876 3.67876 3.67876 3.67876 3.67876 3.67876 3.67876 3.67876 10.4336 13.5677 13.5677 13.5677 13.5677 13.5677 13.5677 13.5677 13.5677 13.5677 13.5677 13.5677 13.5677 13.5677 13.5677 13.5677 14.0207 14.8845 15.7486 16.6131 16.4106 8.46885 8.41039 8.41039 8.41039 8.41039 8.41039 8.41039 8.41039 8.41039 8.41039 8.41039 8.41039 8.41039 8.41039 7.19233 6.62570 6.62570 6.62570 6.62570 5.32201 3.26727 3.26727 3.26727 3.26727 3.26727 3.26727 3.26727 3.26727 3.26547 3.03257 2.46841 1.71242 1.31916 0.981393
3.67876 3.67876 3.67876 3.67876 3.67876 3.67876 3.67876 3.67876 3.67876 3.67876 3.67876 7.41877 13.5677 13.5677 13.5677 13.5677 13.5677 13.5677 13.5677 13.5677 13.5677 13.5677 13.6084 14.2646 15.1295 15.9929 16.8574 17.2686 17.2686 17.2686 17.2686 17.2686 10.2976 8.41039 8.41039 8.41039 8.41039 8.41039 8.41039 8.41039 8.41039 8.41039 8.41039 8.41039 8.41039 8.41039 7.69589 6.62570 6.62570 6.62570 6.62570 6.30234 3.28607 3.26727 3.26727 3.26727 3.18107 2.81008 2.41682 2.02357 1.63192 1.47157 1.44015 0.935935 0.892165 0.852315
3.67876 3.67876 3.67876 3.67876 3.67876 3.67876 3.67876 3.67876 3.67876 3.67876 3.67876 4.50358 13.4669 13.5677 13.5677 13.5677 13.5677 13.5677 13.7180 14.5092 15.3734 16.2375 17.0613 17.2686 17.2686 17.2686 17.2686 17.2686 17.2686 17.2686 17.2686 17.2686 12.9635 8.41039 8.41039 8.41039 8.41039 8.41039 8.41039 8.41039 8.41039 8.41039 8.41039 8.41039 8.41039 8.41039 8.27980 6.65316 6.62570 6.62570 6.62570 6.60938 3.63413 2.58777 2.19434 1.80108 1.49383 1.47009 1.40174 1.28604 1.15324 0.998463 0.816381 0.681556 0.679184 0.679184
