High_resolution/powerplant/Fengdu/OMI_NO2_200612.asc
ncols      200
nrows      200
xllcorner       105.978
yllcorner       28.1831
cellsize     0.0166667
NODATA_Value      -999.000
[rows 0 to 28 of 200, columns 66 to 131 of 200]
0.423269 0.605566 0.739544 0.841886 0.921760 1.04592 1.19476 0.983326 0.983326 0.983326 0.983326 0.983326 0.983326 0.983326 0.983326 0.983326 0.983326 0.983326 0.983326 0.983326 0.983326 0.983326 0.983326 0.983326 0.983326 0.983326 0.983326 0.983326 0.983326 0.983326 0.983326 0.00000 0.00000 0.00000 0.00000 0.00000 0.00000 0.00000 0.00000 3.86163 3.86163 0.00000 0.00000 0.00000 0.00000 0.00000 0.00000 0.509517 0.509517 0.509517 0.509517 0.509517 0.509517 0.509517 0.509517 0.509517 0.509517 0.509517 0.509517 0.509517 0.509517 0.509517 0.509517 0.509517 0.509517 1.08984
0.963087 0.963837 0.963837 0.963837 0.963837 0.981396 1.25519 0.983326 0.983326 0.983326 0.983326 0.983326 0.983326 0.983326 0.983326 0.983326 0.983326 0.983326 0.983326 0.983326 0.983326 0.983326 0.983326 0.983326 0.983326 0.983326 0.983326 0.983326 0.983326 0.983326 0.983326 0.983326 0.00000 0.00000 3.86163 3.86163 3.86163 3.86163 3.86163 3.86163 3.86163 0.00000 0.00000 0.00000 0.00000 0.00000 0.00000 0.509517 0.509517 0.509517 0.509517 0.509517 0.509517 0.509517 0.509517 0.509517 0.509517 0.509517 0.509517 0.509517 0.509517 0.509517 0.509517 0.509517 0.509517 0.894961
0.963837 0.963837 0.963837 0.963837 0.963837 0.963837 1.23279 1.05260 0.983326 0.983326 0.983326 0.983326 0.983326 0.983326 0.983326 0.983326 0.983326 0.983326 0.983326 0.983326 0.983326 0.983326 0.983326 0.983326 0.983326 0.983326 0.983326 0.983326 0.991363 1.30677 1.67281 2.84393 3.86163 3.86163 3.86163 3.86163 3.86163 3.86163 3.86163 3.86163 3.86163 0.00000 0.00000 0.00000 0.00000 0.00000 0.00000 0.509517 0.509517 0.509517 0.509517 0.509517 0.509517 0.509517 0.509517 0.509517 0.509517 0.509517 0.509517 0.509517 0.509517 0.509517 0.509517 0.509517 0.509517 0.700170
0.963837 0.963837 0.963837 0.963837 0.963837 0.963837 1.16535 1.16329 0.983326 0.983326 0.983326 0.983326 0.983326 0.983326 0.983326 0.983326 0.983326 0.983326 0.983326 0.983326 0.983326 0.983326 0.983326 1.03926 1.43365 1.76496 2.01798 2.21660 2.37444 2.42248 2.42248 2.92839 3.86163 3.86163 3.86163 3.86163 3.86163 3.86163 3.86163 3.86163 3.86163 3.86163 0.00000 0.00000 0.00000 0.00000 0.00000 0.509517 0.509517 0.509517 0.509517 0.509517 0.509517 0.509517 0.509517 0.509517 0.509517 0.509517 0.509517 0.509517 0.509517 0.509517 0.509517 0.509517 0.525503 0.712687
0.963837 0.963837 0.963837 0.963837 0.963837 0.963837 1.09781 1.23615 0.983326 0.983326 0.983326 0.983326 0.983326 0.983326 0.983326 0.983326 0.983326 0.983326 1.07860 1.49644 1.83221 2.08622 2.28509 2.43078 2.44458 2.42248 2.42248 2.42248 2.42248 2.42335 2.42805 2.67545 3.53191 3.45120 3.37544 3.30343 3.23316 3.16674 3.10366 3.04345 2.98384 2.04082 0.234717 0.234717 0.234717 0.234717 0.234717 0.234717 0.405185 0.410252 0.407254 0.404325 0.401474 0.398767 0.396164 0.393579 0.391093 0.388709 0.429307 0.623186 0.800729 0.934679 1.03934 1.12332 1.18807 1.20906
0.963837 0.965132 0.970172 0.975415 0.980671 0.985926 1.05842 1.31996 1.09276 1.08111 1.09155 1.10186 1.11242 1.26006 1.67108 1.98366 2.22181 2.40927 2.53712 2.55390 2.55906 2.56426 2.56951 2.57464 2.57908 2.55602 2.55986 2.56506 2.57022 2.57464 2.57507 2.51607 2.04817 2.04817 2.04817 2.04817 2.04817 2.04817 2.04817 2.04817 2.04817 1.63912 0.234717 0.234717 0.234717 0.234717 0.234717 0.234717 0.342435 0.372117 0.372117 0.372117 0.372117 0.403502 0.611434 0.826452 1.02262 1.16767 1.00678 1.44916 1.50470 1.56713 1.63830 1.71952 1.81308 1.88879
1.08662 1.09056 1.09079 1.09079 1.09079 1.09079 1.09947 1.42861 1.47655 1.84211 2.11952 2.33117 2.49851 2.60076 2.60552 2.60552 2.60552 2.60552 2.60552 2.60552 2.60552 2.60552 2.60552 2.60552 2.60552 2.58447 2.57507 2.57507 2.57507 2.57507 2.57507 2.57496 2.09707 2.04817 2.04817 2.04817 2.04817 2.04817 2.04817 2.04817 2.04817 1.96530 0.259571 0.234717 0.234717 0.234717 0.234717 0.234717 0.479684 0.789713 1.05892 1.29743 1.51057 1.66258 1.67805 1.67805 1.67805 1.67805 1.22502 1.89182 1.89182 1.89182 1.89182 1.89182 1.89182 1.89182
1.09079 1.09079 1.09079 1.08435 1.06614 1.04781 1.02931 1.28514 1.84456 2.60552 2.60552 2.60552 2.60552 2.60552 2.60552 2.60552 2.60552 2.60552 2.60552 2.60552 2.60552 2.60552 2.60552 2.60552 2.60552 2.59340 2.57507 2.57507 2.57507 2.57507 2.57507 2.57507 2.20473 2.04817 2.04817 2.04817 2.04817 2.04817 2.04817 2.04817 2.04817 2.04817 0.895760 0.671317 0.999924 1.25057 1.44853 1.60861 1.67805 1.67805 1.67805 1.67805 1.67805 1.67805 1.67805 1.67805 1.67805 1.67805 1.34784 1.75068 1.89182 1.89182 1.89182 1.89182 1.89182 1.89182
1.04817 1.02973 1.01133 0.999392 0.999144 0.999144 0.999144 1.20096 1.47858 2.60112 2.60552 2.60552 2.60552 2.60552 2.60552 2.60552 2.60552 2.60552 2.60552 2.60552 2.60552 2.60552 2.60552 2.60552 2.60552 2.60224 2.57516 2.57507 2.57507 2.57507 2.57507 2.57507 2.31231 2.04817 2.04817 2.04817 2.04817 1.99209 1.79607 1.54840 1.23324 0.818151 1.24054 1.67805 1.67805 1.67805 1.67805 1.67805 1.67805 1.67805 1.67805 1.67805 1.67805 1.67805 1.67805 1.67805 1.67805 1.67805 1.52307 1.51631 1.89182 1.89182 1.89182 1.89182 1.89182 1.89182
0.999144 0.999144 0.999144 0.999144 0.999144 0.999144 0.999144 1.12866 1.34638 2.36320 2.60552 2.60552 2.60552 2.60552 2.60552 2.60552 2.60552 2.60552 2.60552 2.60552 2.60552 2.60552 2.60552 2.60552 2.60552 2.60552 2.58074 2.57507 2.57507 2.57507 2.57507 2.57423 2.33163 1.72337 1.45683 1.11397 0.657643 0.248807 0.234717 0.234717 0.234717 0.234717 0.752543 1.67805 1.67805 1.67805 1.67805 1.67805 1.67805 1.67805 1.67805 1.67805 1.67805 1.67805 1.67805 1.67805 1.67805 1.67805 1.66501 1.38910 1.89182 1.89182 1.89182 1.89182 1.89182 1.89182
0.999144 0.999144 0.999144 0.999144 0.999144 0.999144 0.999144 1.05639 1.34638 1.99333 2.60552 2.60552 2.60552 2.60552 2.60552 2.60552 2.60552 2.60552 2.60552 2.60552 2.60552 2.60552 2.60552 2.60552 2.60552 2.60552 2.57869 2.45132 2.28930 2.08511 1.81996 1.46491 1.19400 0.235138 0.234717 0.234717 0.234717 0.234717 0.234717 0.234717 0.234717 0.234717 0.263297 1.61986 1.67805 1.67805 1.67805 1.67805 1.67805 1.67805 1.67805 1.67805 1.67805 1.67805 1.67805 1.67805 1.67805 1.67805 1.67805 1.44490 1.89182 1.89182 1.89182 1.89182 1.89182 1.89182
0.999144 0.999144 0.999144 0.999144 0.999144 0.999144 0.999144 1.00223 1.32825 1.62324 2.60552 2.60552 2.60552 2.60552 2.60552 2.60552 2.60552 2.60552 2.60552 2.60552 2.60552 2.62467 2.73288 2.85250 2.97194 3.09157 2.94326 1.28851 1.28851 1.28851 1.28851 1.28851 1.28851 0.355996 0.234717 0.234717 0.234717 0.234717 0.234717 0.250358 0.290313 0.328989 0.367522 1.47160 1.78376 1.80303 1.82237 1.84192 1.86176 1.88102 1.90036 1.91991 1.93961 1.95894 1.97821 1.99797 2.01760 2.03693 2.05620 1.89476 1.89182 1.89182 1.89182 1.89182 1.89182 1.89182
0.999144 0.999144 0.999144 0.999144 0.999144 0.999144 0.999144 0.999144 1.25901 1.35852 2.53485 2.66628 2.69198 2.71795 2.74587 2.77372 2.83714 3.00225 3.18131 3.36742 3.56142 3.74020 3.80944 3.86873 3.92871 3.99382 4.04913 1.91995 1.28851 1.28851 1.28851 1.28851 1.28851 1.40953 1.47774 1.51628 1.55609 1.59491 1.63373 1.65662 1.65662 1.65662 1.65662 2.04387 2.38900 2.38900 2.38900 2.38900 2.38900 2.38900 2.38900 2.38900 2.38900 2.38900 2.38900 2.38900 2.38294 2.32140 2.23278 2.05744 1.83426 1.89182 1.89182 0.00000 0.00000 0.00000
1.19750 1.21656 1.23681 1.25841 1.28153 1.30637 1.33294 1.36179 1.39593 1.40424 2.99605 4.00564 4.24145 4.48069 4.71957 4.95870 5.13939 5.15007 5.15007 5.15007 5.15007 5.15007 5.15007 5.15007 5.15007 5.15007 5.15007 5.15007 0.00000 0.00000 0.00000 0.00000 0.00000 1.65662 1.65662 1.65662 1.65662 1.65662 1.65662 1.65662 1.65662 1.65662 1.65662 1.76688 2.38583 2.38900 2.38900 2.38900 2.38900 2.38900 2.38900 2.36090 2.28159 2.18339 2.05919 1.89707 1.69928 1.65662 1.65662 1.65662 1.65662 0.00000 0.00000 0.00000 0.00000 0.00000
1.40424 1.40424 1.40424 1.40424 1.40424 1.40424 1.65685 2.36276 3.07541 3.78806 4.64687 5.14676 5.15007 5.15007 5.15007 5.15007 5.15007 5.15007 5.15007 5.15007 5.15007 5.15007 5.15007 5.15007 5.15007 5.15007 5.15007 5.15007 0.00000 0.00000 0.00000 0.00000 0.00000 1.65662 1.65662 1.65662 1.65662 1.65662 1.65662 1.65662 1.65662 1.65662 1.65662 1.65662 2.30134 2.38428 2.32536 2.23761 2.12819 1.98784 1.80118 1.65794 1.65662 1.65662 1.65662 1.65662 1.65662 1.65662 1.65662 1.65662 1.65662 0.00000 0.00000 0.00000 0.00000 0.00000
1.40424 1.64655 2.35349 3.06828 3.78093 4.49358 4.95787 4.96749 4.96749 4.96749 4.97907 5.14697 5.15007 5.15007 5.15007 5.15007 5.15007 5.15007 5.15007 5.15007 5.15007 5.15007 5.15007 5.15007 5.15007 5.15007 5.15007 5.15007 5.15007 0.00000 0.00000 0.00000 0.00000 1.65662 1.65662 1.65662 1.65662 1.65662 1.65662 1.65662 1.67673 1.73703 1.78340 1.81888 1.87191 1.70684 1.65662 1.65662 1.65662 1.65662 1.65662 1.65662 1.65662 1.65662 1.65662 1.65662 1.65662 1.65662 1.65662 1.65662 1.65662 0.00000 0.00000 0.00000 0.00000 0.00000
4.48646 4.95681 4.96749 4.96749 4.96749 4.96749 4.96749 4.96749 4.96749 4.96749 4.96749 5.10514 5.15007 5.15007 5.15007 5.15007 5.15007 5.15007 5.15007 5.15007 5.15007 5.15007 5.15007 5.15007 5.15007 5.15007 5.15007 5.15007 5.15007 0.00000 0.00000 0.00000 0.00000 0.00000 1.65667 1.69579 1.75288 1.79541 1.82829 1.85449 1.87070 1.87147 1.87147 1.87147 1.84592 1.65662 1.65662 1.65662 1.65662 1.65662 1.65662 1.65662 1.65662 1.65662 1.65662 1.65662 1.65662 1.65662 1.65662 1.65662 1.65662 0.00000 0.00000 0.00000 0.00000 0.00000
4.96749 4.96749 4.96749 4.96749 4.96749 4.96749 4.96749 4.96749 4.96749 4.96749 4.96749 5.05175 5.15007 5.15007 5.15007 5.15007 5.15007 5.15007 5.15007 5.15007 5.15007 5.15007 5.15007 5.15007 5.15007 5.15007 5.15007 5.15007 5.15007 2.08633 2.08633 2.08633 2.08633 2.08633 1.90595 1.87147 1.87147 1.87147 1.87147 1.87147 1.87147 1.87147 1.87147 1.87147 1.87059 1.68937 1.65662 1.65662 1.65662 1.65662 1.65662 1.65662 1.65662 1.65662 1.65662 1.65662 1.65662 1.65662 1.65662 1.65662 1.65662 1.65662 0.00000 0.00000 0.00000 0.00000
4.96749 4.96749 4.96749 4.96749 4.96749 4.96749 4.96749 4.96749 4.96749 4.96749 4.96749 4.99833 5.15007 5.15007 5.15007 5.15007 5.15007 5.15007 5.15007 5.15007 5.15007 5.15007 5.15007 5.15007 5.17161 5.31346 5.47383 5.63427 5.18575 2.08633 2.08633 2.08633 2.08633 2.08633 1.95181 1.87147 1.87147 1.87147 1.87147 1.87147 1.87147 1.87147 1.87147 1.87147 1.87147 1.77067 1.65662 1.65662 1.65662 1.65662 1.65662 1.65662 1.65662 1.65662 1.65662 1.65662 1.65662 1.65662 1.65662 1.65662 1.65662 1.65662 0.00000 0.00000 0.00000 3.80468
4.96749 4.96749 4.96749 4.96749 4.96749 4.96749 4.96749 4.96749 4.96749 4.96749 4.96749 4.96766 5.12736 5.15007 5.15007 5.15007 5.15007 5.15007 5.15007 5.18531 5.33659 5.49694 5.65746 5.81782 5.95680 5.97537 5.97537 5.97537 5.94931 2.43320 2.08633 2.08633 2.08633 2.08633 2.03791 1.96601 1.97244 1.97905 1.98590 1.99301 2.00050 2.00844 2.01660 2.02518 2.03412 2.02389 1.65662 1.65662 1.65662 1.65662 0.00000 0.00000 0.00000 0.00000 0.00000 0.00000 0.00000 0.00000 0.00000 0.00000 0.00000 3.80468 3.80468 3.80468 3.80468 3.80468
4.96749 4.96749 4.96749 4.96749 4.96749 4.96749 4.96749 4.96749 4.96749 4.96749 4.96749 4.96749 5.07412 5.15007 5.20231 5.35969 5.52005 5.68065 5.84093 5.96629 5.97537 5.97537 5.97537 5.97537 5.97537 5.97537 5.97537 5.97537 5.97537 3.53368 2.08633 2.08633 2.08633 2.08633 2.08633 2.08633 2.08633 2.08633 2.08633 2.08633 2.08633 2.08633 2.08633 2.08633 2.08633 2.08633 2.08633 0.00000 0.00000 0.00000 0.00000 0.00000 0.00000 0.00000 0.00000 0.00000 0.00000 0.00000 0.00000 0.00000 0.00000 0.00000 3.80468 3.80468 3.80468 3.80468
4.96749 4.96749 4.96749 4.96749 4.96749 4.96749 4.96749 4.96749 4.96749 5.23126 5.96125 6.70010 6.96092 5.86412 5.97240 5.97537 5.97537 5.97537 5.97537 5.97537 5.97537 5.97537 5.97537 5.97537 5.97537 5.97537 5.97537 5.97537 5.97537 4.66009 2.08633 2.08633 2.08633 2.08633 2.08633 2.08633 2.08633 2.08633 2.08633 2.08633 2.08633 2.08633 2.08633 2.08633 2.08633 2.08633 2.08633 0.00000 0.00000 0.00000 0.00000 0.00000 0.00000 0.00000 0.00000 0.00000 0.00000 0.00000 0.00000 0.00000 0.00000 0.00000 3.80468 3.80468 3.80468 3.80468
4.96749 4.96749 4.96749 4.96749 5.23126 5.96125 6.70010 7.43895 8.17780 8.65288 8.66174 8.66174 8.56476 6.07503 5.97537 5.97537 5.97537 5.97537 5.97537 5.97537 5.97537 5.97537 5.97537 5.97537 5.97537 5.97537 5.97537 5.97537 5.97537 5.72416 2.14855 2.08633 2.08633 2.08633 2.08633 2.08633 2.08633 2.08633 2.08633 2.08633 2.08633 2.08633 2.08633 2.19439 2.61315 3.05143 3.53795 0.00000 0.00000 0.00000 0.00000 0.00000 0.00000 0.00000 0.00000 0.00000 0.00000 0.00000 0.00000 0.00000 0.00000 0.00000 3.80468 3.80468 3.80468 3.80468
5.96125 6.70010 7.43895 8.17780 8.65288 8.66174 8.66174 8.66174 8.66174 8.66174 8.66174 8.66174 8.66174 6.76355 5.97537 5.97537 5.97537 5.97537 5.97537 5.97537 5.97537 5.97537 5.97537 5.97537 5.97537 5.97537 5.97537 5.97537 5.97537 5.97537 3.02436 2.08633 2.08633 2.08633 2.08633 2.08633 2.08633 2.08633 2.30826 2.74631 3.18436 3.62241 4.06093 4.39069 4.41021 4.41021 4.41021 0.00000 0.00000 0.00000 0.00000 0.00000 0.00000 0.00000 0.00000 0.00000 0.00000 0.00000 0.00000 0.00000 0.00000 0.00000 3.80468 3.80468 3.80468 3.80468
8.66174 8.66174 8.66174 8.66174 8.66174 8.66174 8.66174 8.66174 8.66174 8.66174 8.66174 8.66174 8.66174 7.54931 5.97537 5.97537 5.97537 5.97537 5.97537 5.97537 5.97537 5.97537 5.97537 5.97537 5.97537 5.97537 5.97537 5.97537 5.97537 5.97537 4.15102 2.08633 2.10724 2.44142 2.87947 3.31775 3.75603 4.19409 4.41021 4.41021 4.41021 4.41021 4.41021 4.41021 4.41021 4.41021 4.41021 4.41021 0.00000 0.00000 0.00000 0.00000 0.00000 0.00000 0.00000 0.00000 0.00000 0.00000 0.00000 0.00000 0.00000 0.00000 0.00000 3.80468 3.80468 3.80468
8.66174 8.66174 8.66174 8.66174 8.66174 8.66174 8.66174 8.66174 8.66174 8.66174 8.66174 8.66174 8.66174 8.33239 5.97805 5.97537 5.97537 5.97537 5.97537 5.97537 5.97537 5.97537 5.97537 5.97537 5.97537 5.97537 5.97537 5.97080 5.93967 5.90424 5.38646 3.88919 4.30610 4.41021 4.41021 4.41021 4.41021 4.41021 4.41021 4.41021 4.41021 4.41021 4.41021 4.41021 4.41021 4.41021 4.41021 4.41021 0.00000 0.00000 0.00000 0.00000 0.00000 0.00000 0.00000 0.00000 0.00000 0.00000 0.00000 0.00000 0.00000 0.00000 0.00000 3.80468 3.80468 3.80468
8.66174 8.66174 8.66174 8.66174 8.66174 8.66174 8.66174 8.66174 8.66174 8.66174 8.66174 8.66174 8.66174 8.66174 6.43447 5.97537 5.97537 5.97537 5.97537 5.97537 5.97537 5.97537 5.96798 5.93477 5.89938 5.86394 5.82855 5.79769 5.79342 5.79342 5.79065 4.56485 4.41021 4.41021 4.41021 4.41021 4.41021 4.41021 4.41021 4.41021 4.41021 4.41021 4.41021 4.41021 4.41021 4.41021 4.41021 4.41021 0.00000 0.00000 0.00000 0.00000 0.00000 0.00000 0.00000 0.00000 0.00000 0.00000 0.00000 0.00000 0.00000 0.00000 3.71230 3.72736 3.38053 3.14593
8.66174 8.66174 8.66174 8.66174 8.66174 8.66174 8.66174 8.66174 8.66174 8.66174 8.66174 8.66174 8.66174 8.66174 7.22023 5.97537 5.97537 5.96449 5.92990 5.89447 5.85908 5.82366 5.79564 5.79342 5.79342 5.79342 5.79342 5.79342 5.79342 5.79342 5.79342 4.96208 4.41021 4.41021 4.41021 4.41021 4.41021 4.41021 4.41021 4.41021 4.41021 4.41021 4.41021 4.41021 4.41021 4.41021 4.41021 4.41021 4.41021 0.00000 0.00000 0.00000 0.00000 0.00000 0.00000 0.00000 0.00000 3.71230 3.71230 3.71230 3.71230 3.71230 3.71230 3.71230 2.65345 2.47548
8.66174 8.66174 8.66174 8.66174 8.66174 8.66174 8.66174 8.66174 8.66174 8.66174 8.66174 8.66174 8.66174 8.66174 7.58832 5.85419 5.81876 5.79426 5.79342 5.79342 5.79342 5.79342 5.79342 5.79342 5.79342 5.79342 5.79342 5.79342 5.79342 5.79342 5.79342 5.36250 4.41021 4.41021 4.41021 4.41021 4.41021 4.41021 4.41021 4.41021 4.41021 4.41021 4.41021 4.41021 4.41021 4.41021 4.41021 4.41021 4.41021 0.00000 0.00000 3.71230 3.71230 3.71230 3.71230 3.71230 3.71230 3.71230 3.71230 3.71230 3.71230 3.71230 3.71230 3.71230 3.00409 2.47548
