High_resolution/powerplant/Fengdu/OMI_NO2_200911.asc
ncols      200
nrows      200
xllcorner       105.978
yllcorner       28.1831
cellsize     0.0166667
NODATA_Value      -999.000
[rows 87 to 115 of 200, columns 66 to 131 of 200]
11.0921 11.0921 11.0921 11.0921 11.0921 11.0921 10.5428 6.85721 6.81770 6.81770 6.81770 6.81770 6.81770 6.81770 6.81770 6.81770 6.81770 6.81770 6.81770 6.80687 6.62604 6.38699 6.31112 6.29348 6.20651 6.20651 6.20651 6.20651 5.47185 3.40829 3.40829 3.40829 3.40829 3.40829 3.40829 3.40829 3.40829 3.42566 3.33032 3.46460 3.60792 3.74996 3.89319 3.98728 3.98961 3.98961 3.98961 3.98961 3.98961 4.12000 4.22357 4.22357 4.16454 3.89747 3.34607 2.81761 2.30618 2.15826 2.15826 2.15826 2.15826 2.15826 2.15826 2.15826 2.15826 2.15826
11.0921 11.0921 11.0921 11.0921 11.0921 11.0921 11.0896 7.53631 6.81770 6.81770 6.81770 6.81770 6.81770 6.81770 6.81770 6.79266 6.58878 6.34973 6.11067 5.88245 5.82413 5.82413 5.88206 6.20651 6.20651 6.20651 6.20651 6.20651 6.15188 3.58535 3.40829 3.42112 3.47404 3.52980 3.58559 3.64132 3.69715 3.73388 3.89985 3.98961 3.98961 3.98961 3.98961 3.98961 3.98961 3.98961 3.98961 3.98974 4.16122 4.35069 3.54077 3.27678 3.07146 2.87824 2.15826 2.15826 2.15826 2.15826 2.15826 2.15826 2.15826 2.15826 2.15826 2.15826 2.15826 2.15826
11.0921 11.0921 11.0921 11.0921 11.0921 11.0921 11.0921 8.76007 6.81770 6.81770 6.81770 6.77269 6.55142 6.31237 6.07342 5.85930 5.82413 5.82413 5.82413 5.82413 5.82413 5.82413 5.82424 6.15918 6.20651 6.21441 6.26414 6.31983 6.37569 4.61266 3.68896 3.73192 3.73476 3.73476 3.73476 3.73476 3.73476 3.73476 3.83058 3.98961 3.98961 3.98961 3.98961 4.00543 4.25300 4.57735 4.90143 5.22522 5.37809 5.33778 3.21137 3.05699 3.05699 3.02372 2.17606 2.15826 2.15826 2.15826 2.15826 2.15826 2.15826 2.15826 2.15826 2.15826 2.15826 2.15826
11.0921 11.0921 11.0921 11.0921 11.0921 11.0921 11.0921 10.2032 6.56600 6.27501 6.03616 5.84191 5.82413 5.82413 5.82413 5.82413 5.82413 5.82413 5.82413 5.82704 5.88945 5.97539 6.06127 6.31502 6.47905 6.52688 6.53299 6.53299 6.53299 5.57195 3.73476 3.73476 3.73476 3.73476 3.73476 3.73476 3.73476 3.73476 3.76177 4.04691 4.34506 4.66913 4.99348 5.30159 5.37809 5.37809 5.37809 5.37809 5.37809 5.37809 3.87443 3.05699 3.05699 3.05699 2.46936 2.15826 2.15826 2.15826 2.15826 2.15826 2.15826 2.15826 2.15826 2.15826 2.15826 2.15826
11.0921 11.0921 11.0921 11.3395 12.1459 12.9767 13.8052 14.2071 7.15522 5.82413 5.82413 5.82413 5.82413 5.82413 5.86029 5.94579 6.03181 6.11770 6.20368 6.28665 6.31017 6.31017 6.31017 6.38349 6.53299 6.53299 6.53299 6.53299 6.53299 6.36773 3.79604 3.73476 3.73476 3.73476 3.73476 3.86056 4.18241 4.50620 4.83055 5.30911 5.37809 5.37809 5.37809 5.37809 5.37809 5.37809 5.37809 5.37809 5.37809 5.37809 4.57775 3.05699 3.05699 3.05699 2.74098 2.15826 2.15826 2.15826 2.15826 2.15826 2.15826 2.15826 2.15826 2.15826 2.15826 2.15826
12.1690 12.9971 13.8279 14.4092 14.4313 14.4313 14.4313 14.4313 9.54243 5.91633 6.00231 6.08820 6.17418 6.25996 6.30993 6.31017 6.31017 6.31017 6.31017 6.31017 6.31017 6.31017 6.31017 6.32493 6.53024 6.53299 6.53299 6.53299 6.53299 6.53299 4.49237 3.94998 4.27433 4.59854 4.92233 5.12089 5.12325 5.12325 5.12325 5.26609 5.37809 5.37809 5.37809 5.37809 5.37809 5.37809 5.37809 5.37809 5.37809 5.37809 5.23504 3.10318 3.03926 2.94008 2.72315 2.15826 2.15826 2.15826 2.15826 2.15826 2.15826 2.15826 2.15826 2.15826 2.43221 3.04064
14.4313 14.4313 14.4310 14.3877 14.3120 14.2362 14.1605 14.0848 12.1331 6.31127 6.31017 6.31017 6.31017 6.31017 6.31017 6.31017 6.31017 6.31017 6.31017 6.31017 6.31017 6.31017 6.31017 6.31017 6.48378 6.53299 6.55514 6.87496 7.28889 7.70283 6.78698 5.12325 5.12325 5.12325 5.12325 5.12325 5.12325 5.12325 5.12325 5.19680 5.37809 5.37809 5.37809 5.37809 5.37809 5.37809 5.35839 5.25836 5.14926 5.04037 4.93147 3.10754 2.41031 2.40019 2.39714 2.17825 2.15826 2.15826 2.15826 2.19970 2.68758 3.29602 3.90499 4.51397 4.84846 4.84927
14.1986 14.1227 14.0471 14.0147 14.0147 14.0147 14.0147 14.0147 13.5340 7.22048 6.31017 6.31017 6.31017 6.31017 6.31017 6.31017 6.31017 6.31017 6.31017 6.31017 6.31017 6.31017 6.35706 6.71432 7.24037 7.76483 8.15679 8.25056 8.25056 8.25056 7.87289 5.12879 5.12325 5.12325 5.12325 5.12325 5.12325 5.12325 5.12325 5.13421 5.34974 5.25527 5.14605 5.03734 4.92818 4.81942 4.73003 4.72129 4.72129 4.72129 4.72129 3.70976 2.40019 2.40019 2.40019 2.41336 2.94296 3.55220 4.16064 4.72817 4.84927 4.84927 4.84927 4.84927 4.84927 4.84927
14.0147 14.0147 14.0147 14.0147 14.0147 14.0147 14.0147 14.0147 13.9888 9.08272 6.31017 6.31017 6.31017 6.31017 6.31017 6.31017 6.31017 6.31017 6.39124 6.77615 7.19009 7.60419 7.97107 8.02775 8.07889 8.25056 8.25056 8.25056 8.25056 8.25056 8.25056 5.70795 5.12325 5.12325 5.14990 5.34953 5.57959 5.80991 6.04037 6.27042 5.16093 4.72129 4.72129 4.72129 4.72129 4.72129 4.72129 4.72129 4.72129 4.72129 4.71748 4.25656 2.92044 3.22485 3.52934 4.05413 4.84927 4.84927 4.84927 4.84927 4.84927 4.84927 4.84927 4.84927 4.84927 4.84927
14.0147 14.0147 14.0147 14.0147 14.0147 14.0147 14.0147 14.0147 14.0147 11.3748 6.31017 6.31017 6.31017 6.31017 6.43470 6.83833 7.25226 7.66585 7.99889 8.02775 8.02775 8.02775 8.02775 8.02775 8.03111 8.23693 8.25056 8.25056 8.26281 8.44118 8.67150 7.31543 6.00483 6.23502 6.43855 6.46938 6.46938 6.46938 6.46938 6.46938 5.63969 4.72129 4.72129 4.72129 4.72129 4.72129 4.69540 4.47924 4.22510 3.97089 3.72043 3.63340 3.72645 3.74569 3.74569 3.85404 4.84927 4.84927 4.84927 4.84927 4.84927 4.84927 4.84927 4.84927 4.84927 4.84927
14.0147 14.0147 14.0147 14.0147 14.0147 14.0147 14.0147 14.0147 14.0147 13.1279 7.04561 6.90033 7.31410 7.72820 8.01744 8.02775 8.02775 8.02775 8.02775 8.02775 8.02775 8.02775 8.02925 8.22589 8.55706 8.88003 9.09647 9.32680 9.54474 9.59670 9.59670 8.96739 6.46938 6.46938 6.46938 6.46938 6.46938 6.46938 6.46938 6.46938 6.11312 4.72129 4.65330 4.40842 4.15395 3.89982 3.67158 3.63340 3.63340 3.63340 3.63340 3.63340 3.69263 3.74569 3.74569 3.74774 4.66202 4.84927 4.84927 4.84927 4.84927 4.84927 4.84927 4.84927 4.84927 4.84927
14.0147 14.0147 14.0147 14.0147 14.0147 14.0147 14.0177 14.0242 14.0307 13.7865 9.58133 8.02775 8.02775 8.02775 8.02775 8.02775 8.02775 8.12701 8.44880 8.77997 9.11020 9.44119 9.77049 9.90408 9.90408 9.77880 9.59670 9.59670 9.59670 9.59670 9.59670 9.58481 6.80869 6.46938 6.46938 6.46938 6.46938 6.46938 6.33949 6.08535 5.81597 3.96090 3.64254 3.63340 3.63340 3.63340 3.63340 3.63340 3.63340 3.63340 3.63340 3.63340 3.65879 3.74569 3.74569 3.74569 4.26909 4.84927 4.84927 4.84927 4.84927 4.84927 4.84927 4.84927 4.84927 4.84927
14.0147 14.0147 14.0175 14.0244 14.0309 14.0374 14.0409 14.0409 14.0409 14.0409 11.1172 8.06096 8.34147 8.67189 9.00288 9.33330 9.66410 9.89564 9.90408 9.90408 9.90408 9.90408 9.90408 9.90408 9.90408 9.86323 9.59670 9.59670 9.59670 9.59670 9.59670 9.59670 7.75346 6.45872 6.26845 6.01442 5.75996 5.50594 5.38149 5.38149 5.38149 4.22398 3.63340 3.63340 3.63340 3.63340 3.63340 3.63340 3.63340 3.63340 3.63340 3.63340 3.63444 3.73617 3.74569 3.74318 3.97766 4.84927 4.84927 4.84927 4.84927 4.84927 4.84927 4.84927 4.84927 4.84927
14.0311 14.0376 14.0409 14.0409 14.0409 14.0409 14.0876 14.1819 14.2766 14.3708 13.7452 10.0534 9.90408 9.90408 9.90408 9.90408 9.90408 9.90408 9.90408 9.90408 9.90408 9.90408 9.90408 9.90408 9.90408 9.90408 9.63997 9.59670 9.59670 9.55559 9.24181 8.87786 7.71150 5.44545 5.38149 5.38149 5.38149 5.38149 5.38149 5.38149 5.38149 4.69746 3.63340 3.63340 3.63340 3.63340 3.63340 3.63340 3.63340 3.63032 3.60136 3.56664 3.53205 3.56729 3.57492 3.54274 3.61121 4.84560 4.84927 4.84927 4.84927 4.84927 4.72005 3.84620 2.85409 1.86285
14.0530 14.1358 14.2302 14.3249 14.4191 14.5137 14.5615 14.5615 14.5615 14.5615 14.3212 11.1776 9.90408 9.90408 9.90408 9.90408 9.90408 9.90408 9.90408 9.90408 9.90408 9.90408 9.90408 9.90408 9.90408 9.83183 9.31299 8.82163 8.45783 8.13514 8.08526 8.08526 8.00881 5.51478 5.38149 5.38149 5.38149 5.38149 5.38149 5.38149 5.38149 5.17032 3.63410 3.62954 3.59983 3.56511 3.53041 3.49571 3.46112 3.42946 3.42373 3.42373 3.42373 3.45988 3.53603 3.53603 3.53603 4.48252 4.42351 3.43446 2.44259 1.44979 0.587770 0.469066 0.469066 0.469066
14.5499 14.5615 14.5615 14.5615 14.5615 14.5615 14.5615 14.5615 14.5615 14.5615 14.5289 12.3821 9.90408 9.90408 9.90408 9.90408 9.90408 9.90408 9.90408 9.90408 9.90408 9.79208 9.43671 9.07309 8.70914 8.41758 8.29694 8.08526 8.08526 8.08526 8.08526 8.08526 8.08526 6.26254 5.38149 5.38149 5.38149 5.37185 5.25176 5.10046 4.94899 4.79770 3.62890 3.42864 3.42373 3.42373 3.42373 3.42373 3.42373 3.42373 3.42373 3.42373 3.42373 3.41420 3.12595 2.62254 2.12648 1.39525 0.471694 0.469066 0.469066 0.469066 0.469066 0.469066 0.469066 0.469066
14.5615 14.5615 14.5615 14.5615 14.5615 14.5615 14.5615 14.5615 14.5615 14.5615 14.5615 13.6905 9.97511 9.90408 9.90408 9.90408 9.90408 9.74387 9.38067 9.01687 8.65291 8.40096 8.39264 8.39264 8.39264 8.39264 8.37558 8.09082 8.08526 8.08526 8.08526 8.08234 7.98010 6.83059 4.97356 4.82218 4.67080 4.52914 4.49777 4.49777 4.49777 4.49777 3.87561 3.42373 3.42373 3.42373 3.42373 3.42373 3.42373 3.37157 3.11443 2.83645 2.55823 2.29538 1.59496 1.34593 1.34593 1.19143 0.469066 0.469066 0.469066 0.469066 0.469066 0.469066 0.469066 0.469066
14.5615 14.5615 14.5615 14.5615 14.5615 14.5615 14.5615 14.5615 14.5615 14.5615 14.5615 14.1763 10.8992 9.68825 9.32445 8.96064 8.59699 8.39325 8.39264 8.39264 8.39264 8.39264 8.39264 8.39264 8.39264 8.39264 8.42252 8.01204 7.70190 7.55052 7.39905 7.25068 7.20154 6.99335 4.53210 4.49777 4.49777 4.49777 4.49777 4.49777 4.49777 4.49777 4.16618 3.42373 3.42373 3.31190 3.03535 2.75713 2.47927 2.25357 2.23273 2.23273 2.23273 2.23273 1.86252 1.34593 1.34593 1.32308 0.503453 0.469066 0.469066 0.469066 0.469066 0.469066 0.469066 0.469066
14.5615 14.5615 14.5615 14.5615 14.5615 14.5615 14.5615 14.5615 14.5528 13.9844 13.0836 12.0317 9.66102 8.39264 8.39264 8.39264 8.39264 8.39264 8.39264 8.39264 8.40572 8.46261 8.52346 8.58395 8.64408 8.70443 8.73493 7.98300 7.20154 7.20154 7.20154 7.20154 7.20154 7.20154 5.14835 4.49777 4.49777 4.49777 4.49777 4.49777 4.49324 4.30840 3.97022 2.69675 2.40030 2.23416 2.23273 2.23273 2.23273 2.23273 2.23273 2.23273 2.23273 2.23273 2.12841 1.34770 1.34593 1.34593 0.806784 0.469066 0.469066 0.469066 0.469066 0.469066 0.469066 0.469066
14.5615 14.5615 14.5615 14.5615 14.5484 13.9532 13.0534 12.1525 11.2604 10.9275 10.9275 10.9251 9.95827 8.39551 8.39594 8.44265 8.50275 8.56293 8.62357 8.68410 8.73140 8.73493 8.73493 8.73493 8.73493 8.73493 8.73493 8.40270 7.20154 7.20154 7.20154 7.20154 7.20154 7.20154 5.97295 4.49777 4.46763 4.22920 3.95110 3.67312 3.39990 3.30676 3.30676 2.48193 2.23273 2.23273 2.23273 2.23273 2.23273 2.23273 2.23273 2.23273 2.23273 2.23273 2.23273 1.51085 1.34593 1.34593 1.05930 0.469066 0.469066 0.469066 0.469066 0.469066 0.469066 0.469066
14.5415 13.9234 13.0222 12.1213 11.2331 10.9275 10.9275 10.9275 10.9275 10.8766 10.7502 10.6229 10.3555 8.97922 8.72156 8.73493 8.73493 8.73493 8.73493 8.73493 8.73493 8.73493 8.73493 8.73493 8.73493 8.73493 8.73493 8.71714 7.30659 7.20154 7.20154 7.20154 7.07326 6.53878 5.63648 3.59427 3.34630 3.30676 3.30676 3.30676 3.30676 3.30676 3.30676 2.77246 2.23273 2.23273 2.23273 2.23273 2.23273 2.23273 2.23273 2.23273 2.23051 2.16013 2.05789 1.50147 0.966805 0.864446 0.733608 0.469066 0.469066 0.469066 0.469066 0.469066 0.469066 0.507130
11.2103 10.9275 10.9275 10.9174 10.8131 10.6859 10.5587 10.4316 10.3047 10.2288 10.2281 10.2281 10.2966 9.56973 8.73493 8.73493 8.73493 8.73493 8.73493 8.73493 8.73493 8.73493 8.73493 8.73493 8.73493 8.73493 8.73493 8.73493 7.51241 6.44919 5.88539 5.32136 4.88584 4.85629 4.85629 3.54723 3.30676 3.30676 3.30676 3.30676 3.30676 3.30676 3.30676 3.06296 2.23273 2.23273 2.22952 2.15587 2.05369 1.95164 1.84935 1.74705 1.64741 1.61537 1.61537 1.42861 0.728564 0.728564 0.726484 0.497100 0.469318 0.574268 0.764337 0.954491 1.14448 1.29648
10.6218 10.4952 10.3680 10.2510 10.2281 10.2281 10.2281 10.2281 10.2281 10.2281 10.2281 10.2281 10.2443 10.0885 8.73493 8.73493 8.73493 8.73493 8.73493 8.73493 8.73493 8.73493 8.73493 8.73493 8.45686 7.89322 7.32919 6.76539 5.79059 4.85629 4.85629 4.85629 4.85629 4.85629 4.85629 4.01988 3.30676 3.30676 3.30676 3.30676 3.30292 3.15584 2.93670 2.70103 1.87030 1.74297 1.64407 1.61537 1.61537 1.61537 1.61537 1.61537 1.61537 1.61537 1.61537 1.61004 0.825255 0.821204 0.916238 1.02351 1.22430 1.30934 1.30934 1.30934 1.30934 1.30934
10.2281 10.2281 10.2281 10.2281 10.2281 10.2281 10.2281 10.2281 10.2281 10.2281 10.2281 10.2281 10.2281 10.3788 8.92683 8.73493 8.73493 8.73493 8.73493 8.72836 8.36766 7.80363 7.23960 6.67557 6.38968 6.38968 6.38968 6.38968 6.20169 4.85691 4.85629 4.85629 4.85629 4.85629 4.85617 4.37339 2.96888 2.74974 2.53072 2.31158 2.09641 2.02448 2.02448 2.02448 1.74386 1.61537 1.61537 1.61537 1.61537 1.61537 1.61537 1.61537 1.57558 1.44533 1.31170 1.21282 1.27763 1.38848 1.14876 1.19218 1.30934 1.30934 1.30934 1.30934 1.30934 1.30934
10.2281 10.2281 10.2281 10.2281 10.2281 10.2281 10.2281 10.2281 10.2281 10.2281 10.2281 10.2281 10.2281 10.3304 9.44233 8.70796 8.27784 7.71404 7.15001 6.59254 6.38968 6.38968 6.38968 6.38968 6.38968 6.38968 6.38968 6.38968 6.38968 5.00467 4.55060 4.33146 4.11244 3.89330 3.67441 3.55681 2.15015 2.02448 2.02448 2.02448 2.02448 2.02448 2.02448 2.02448 1.85446 1.61537 1.61537 1.61514 1.54027 1.40669 1.27301 1.20909 1.25006 1.35387 1.44285 1.50080 1.52598 1.57509 1.24181 1.16267 1.30934 1.30934 1.30934 1.30934 1.30934 1.30934
10.2281 10.2281 10.2281 10.2281 10.2281 10.2281 10.2281 10.2281 10.2281 10.2281 10.2281 10.1819 9.66012 9.06247 8.15265 6.52383 6.38968 6.38968 6.38968 6.38968 6.38968 6.38968 6.38968 6.39581 6.43219 6.47257 6.51288 6.55322 6.59356 4.86481 3.57401 3.57401 3.57401 3.57401 3.57401 3.57401 2.60542 2.02448 2.02448 2.02448 2.02448 2.02448 2.02448 2.01622 1.85138 1.36793 1.23972 1.21153 1.28023 1.38117 1.46592 1.50402 1.50402 1.50402 1.50402 1.50402 1.50703 1.57280 1.38683 1.14880 1.27802 1.30934 1.30934 1.30934 1.30934 1.30934
10.2281 10.2281 10.2281 10.2281 10.2281 10.2281 10.2281 10.1733 9.63713 8.98999 8.34285 7.74192 7.61657 7.62107 7.76910 6.47213 6.38968 6.39062 6.41850 6.45895 6.49931 6.53962 6.57998 6.61417 6.61822 6.61822 6.61822 6.61822 6.61822 5.69247 3.57401 3.57401 3.57401 3.57401 3.57401 3.57401 3.07789 2.02448 2.02448 1.99708 1.87199 1.73842 1.61994 1.58448 1.64096 1.44505 1.48500 1.50402 1.50402 1.50402 1.50402 1.50402 1.50402 1.50402 1.50402 1.50402 1.50402 1.55457 1.50026 1.14870 1.22211 1.30934 1.30934 1.30934 1.30934 1.30934
10.2281 10.2281 10.2281 10.1621 9.61389 8.96701 8.31986 7.72730 7.61657 7.61657 7.61657 7.61657 7.50585 7.17829 7.56104 7.01275 6.56641 6.60578 6.61822 6.61822 6.61822 6.61822 6.61822 6.61822 6.61822 6.61822 6.61822 6.61822 6.61822 6.45961 3.63428 3.57401 3.57401 3.57401 3.57401 3.41826 2.93846 1.71229 1.59239 1.59218 1.66186 1.72599 1.77204 1.77676 1.77676 1.61196 1.50402 1.50402 1.50402 1.50402 1.50402 1.50402 1.50402 1.50402 1.50402 1.50402 1.48520 1.47784 1.47840 1.00656 0.988252 1.30934 1.30934 1.30934 1.30934 1.30934
9.59013 8.94324 8.29584 7.71529 7.61657 7.61657 7.60062 7.34656 7.01332 6.68007 6.34610 6.01175 5.78922 5.78354 6.74338 7.54220 6.61822 6.61822 6.61822 6.61822 6.61822 6.61822 6.61822 6.61822 6.61822 6.61822 6.61822 6.61822 6.61822 6.61822 4.30340 3.35802 2.94622 2.53409 2.12213 1.86609 1.86249 1.56972 1.55860 1.77676 1.77676 1.77676 1.77676 1.77676 1.77676 1.68572 1.50402 1.50402 1.50402 1.50399 1.48410 1.44751 1.41071 1.37405 1.33729 1.30062 1.28269 1.29094 1.35362 1.06138 0.841553 1.30629 1.30934 1.31817 1.62639 2.07943
