High_resolution/powerplant/Fengdu/OMI_NO2_200601.asc
ncols      200
nrows      200
xllcorner       105.978
yllcorner       28.1831
cellsize     0.0166667
NODATA_Value      -999.000
[rows 29 to 57 of 200, columns 0 to 66 of 200]
0.00000 0.00000 3.78308 3.56241 3.46741 3.46741 3.45322 3.16141 3.15021 3.14246 3.13472 3.12698 3.11924 3.11149 3.10374 3.09599 3.08825 3.08618 3.14026 3.18800 2.29853 2.32175 1.61309 1.14775 1.45858 1.76453 1.76453 1.76453 1.76453 1.76453 1.76453 1.76453 1.76453 1.76453 1.76453 1.79463 2.89887 3.13465 3.10685 3.07903 3.05119 3.03584 3.01771 2.99638 2.99638 2.99638 2.99638 2.99638 2.99638 2.99638 2.99638 2.99638 2.59037 2.55677 2.74509 2.92345 3.07357 3.20179 4.05475 6.42157 6.42157 6.15757 6.08628 6.08628 6.08628 6.08628 6.08628
0.00000 0.00000 0.00000 3.62623 3.46741 3.46741 3.46741 3.13841 3.06885 3.06885 3.06885 3.06885 3.06885 3.10069 3.17646 3.25250 3.32847 3.39887 3.41309 3.41309 2.69814 2.37043 1.98824 1.14775 1.31439 1.76453 1.76453 1.76453 1.76453 1.76463 1.86833 2.06325 2.25795 2.45276 2.64758 2.81219 2.93197 3.03579 3.03579 3.03579 3.03579 3.03579 3.02691 2.99638 2.99638 2.99638 2.99638 2.99638 3.00756 3.14379 3.29005 3.41301 3.32207 3.27942 3.29164 3.29164 3.29164 3.29164 3.34135 6.21348 6.42157 6.23376 6.08628 6.08628 6.08628 6.08628 6.08628
0.00000 0.00000 0.00000 3.76843 3.48133 3.46741 3.46741 3.21790 3.07625 3.14056 3.21660 3.29260 3.36861 3.41281 3.41309 3.41309 3.41309 3.41309 3.41309 3.41309 2.99634 2.37043 2.28051 1.15507 1.20402 1.95281 2.15617 2.35088 2.54556 2.74029 2.83140 2.83140 2.83140 2.83140 2.83140 2.83140 2.87406 3.03579 3.03579 3.03579 3.03579 3.03579 3.03472 3.00023 3.11485 3.26609 3.39271 3.50026 3.58784 3.60611 3.60611 3.60611 3.51193 3.29164 3.29164 3.29164 3.29164 3.29164 3.29164 5.33894 6.42157 6.31030 6.08628 6.08628 6.08628 6.08628 6.08628
0.00000 0.00000 0.00000 3.78308 3.60001 3.63512 3.74918 3.66190 3.40131 3.41309 3.41309 3.41309 3.41309 3.41309 3.41309 3.41309 3.41309 3.41309 3.41309 3.40737 3.28173 2.69375 2.82328 2.27643 2.19137 2.71008 2.83140 2.83140 2.83140 2.83140 2.83140 2.83140 2.83140 2.83140 2.83140 2.83140 2.83301 3.01885 3.03579 3.04387 3.06079 3.15388 3.51140 3.58252 3.60611 3.60611 3.60611 3.60611 3.60611 3.60611 3.60611 3.60611 3.59190 3.29982 3.29164 3.29164 3.29164 3.29164 3.29164 4.41465 6.42134 6.43501 6.41205 6.73170 7.09647 7.51558 8.00339
0.00000 0.00000 0.00000 0.00000 4.27445 3.98376 3.98376 3.93293 3.41671 3.41309 3.41309 3.41309 3.41309 3.41277 3.40345 3.39002 3.37658 3.36314 3.34971 3.34199 3.34195 3.12683 3.08168 2.73785 2.21462 2.56616 2.83140 2.83140 2.83140 2.83140 2.83140 2.83140 2.83140 2.83140 2.83854 2.87252 2.90349 3.02799 3.09381 3.09936 3.09940 3.11283 3.60489 3.61833 3.60611 3.60611 3.60611 3.60506 3.59387 3.58011 3.56638 3.55262 3.53887 3.29295 3.19690 3.19286 3.25989 3.35005 3.45273 3.87628 8.02973 8.51205 8.46275 8.44889 8.44889 8.44889 8.44889
0.00000 0.00000 0.00000 0.00000 4.56975 3.98895 3.98376 3.98376 3.48679 3.39951 3.38607 3.37263 3.35920 3.34607 3.34195 3.34195 3.34195 3.34195 3.34195 3.34195 3.34195 3.20140 3.08168 2.96245 2.21462 2.42205 2.83140 2.83140 2.83140 2.83285 2.86125 2.89409 2.92153 2.94480 2.96152 2.96122 2.95489 2.99715 3.07824 3.07177 3.06528 3.05881 3.41226 3.55093 3.46748 3.45377 3.44000 3.42729 3.42477 3.42411 3.39471 3.34995 3.30515 3.35509 3.67157 3.82679 3.85401 3.85401 3.85401 3.85401 7.46123 8.54891 8.48503 8.44889 8.44889 8.44889 8.30986
0.00000 0.00000 0.00000 0.00000 4.81578 4.05125 3.91716 3.89700 3.52003 3.34195 3.34195 3.34195 3.34195 3.34195 3.34195 3.34195 3.34195 3.34195 3.34195 3.34195 3.34195 3.27603 3.08168 3.09237 2.45354 2.50799 2.85655 2.88005 2.90006 2.91636 2.91585 2.90942 2.90296 2.89646 2.88999 2.88548 2.88531 2.89650 3.02044 3.02158 3.02158 3.02158 3.22230 3.54453 3.41019 3.36563 3.32087 3.27612 3.23134 3.18724 3.17192 3.17192 3.17192 3.25817 3.85401 3.85401 3.85401 3.85401 3.85401 3.85401 6.07516 8.42100 7.87219 7.28103 6.74794 6.21645 5.82160
0.00000 0.00000 0.00000 0.00000 0.00000 4.10953 3.87706 3.87706 3.64510 3.34195 3.34195 3.34195 3.36642 3.42851 3.49102 3.55332 3.61590 3.67841 3.74092 3.80329 3.86720 3.93456 3.76813 3.81614 3.49841 3.25510 2.93405 2.88531 2.88531 2.88531 2.88531 2.88531 2.88531 2.88531 2.88531 2.88531 2.88531 2.88531 2.98807 2.97814 2.93338 2.88863 2.89006 3.32763 3.19304 3.17192 3.17192 3.17192 3.17192 3.17192 3.17192 3.17192 3.17192 3.17310 3.75314 3.85401 3.86442 3.92808 3.99914 4.07036 4.52831 5.92533 5.88194 5.80068 5.80068 5.80068 5.80068
0.00000 3.78948 3.78948 3.78948 3.78948 4.10730 3.86001 3.85737 3.83489 3.88167 3.94434 4.00664 4.04468 4.04510 4.04510 4.04510 4.05141 4.06327 4.07511 4.08697 4.09734 4.09883 3.92182 3.83856 3.67141 3.25510 3.02106 2.88531 2.88531 2.88531 2.88531 2.88531 2.88531 2.87655 2.85701 2.83736 2.81777 2.79816 2.77642 2.76872 2.76872 2.76872 2.76872 3.18430 3.22229 3.17192 3.17192 3.17192 3.17192 3.17192 3.17192 3.17519 3.21326 3.26072 3.69835 4.12939 4.19014 4.19759 4.19759 4.19759 4.20015 5.69717 5.89957 5.80571 5.80068 5.80068 5.80068
3.78948 3.78948 3.78948 3.78948 3.78948 3.94901 3.87849 3.84787 3.84787 4.01797 4.04510 4.04700 4.05774 4.06959 4.08144 4.09329 4.09883 4.09883 4.09883 4.09883 4.09883 4.09883 3.99623 3.83856 3.82076 3.28153 3.10793 2.88363 2.86736 2.84776 2.82816 2.80854 2.78894 2.77811 2.77808 2.77808 2.77808 2.77808 2.77604 2.76872 2.76872 2.76872 2.76872 3.02530 3.25224 3.17192 3.17288 3.20527 3.25264 3.30012 3.34749 3.39163 3.40097 3.40097 3.60449 4.19759 4.19759 4.19759 4.19759 4.19759 4.19759 5.19597 5.90070 5.82756 5.80068 5.80068 5.80068
3.78948 3.78948 3.78948 3.78948 3.78948 3.79163 3.94061 3.85499 3.86683 4.00195 4.08776 4.09773 4.09883 4.09883 4.09883 4.09883 4.09883 4.09883 4.09883 4.09883 4.09883 4.09883 4.09714 3.81285 3.79179 3.37328 3.10886 2.78141 2.77808 2.77808 2.77808 2.77808 2.77808 2.77808 2.77808 2.77808 2.77808 2.77808 2.77796 2.76941 2.76872 2.76872 2.81412 2.99921 3.40231 3.33950 3.38595 3.40097 3.40097 3.40097 3.40097 3.40097 3.40097 3.40097 3.43993 4.18416 4.19759 4.19759 4.19759 4.19759 4.19759 4.70855 6.14495 6.38089 6.58953 6.81390 6.86479
3.78948 3.78948 3.78948 3.78948 3.78948 3.78948 3.99808 3.90160 3.90160 3.97799 4.09883 4.09883 4.09883 4.09883 4.09883 4.09883 4.09988 4.14967 4.23455 4.33233 4.44606 4.58008 4.67751 3.85046 3.73132 3.50809 3.14627 2.80644 2.77808 2.77808 2.77808 2.77808 2.77808 2.77808 2.77808 2.77808 2.77808 2.79797 2.88810 2.97801 3.07089 3.16707 3.21777 3.21832 3.49393 3.41175 3.40097 3.40097 3.40097 3.40097 3.40097 3.40097 3.41202 3.46620 3.54882 4.54854 5.26898 5.65623 5.99981 6.30810 6.58517 6.86912 8.02552 7.91273 7.32596 7.31993 7.29555
3.78948 3.78948 3.78948 3.78948 3.78948 3.78948 3.99422 3.90745 3.90160 3.93114 4.09883 4.10717 4.17462 4.26320 4.36553 4.48504 4.62412 4.67908 4.67908 4.67908 4.67908 4.67908 4.67908 4.07540 3.73132 3.67923 3.15247 2.89174 2.77808 2.77808 2.77808 2.77808 2.78288 2.85657 2.95253 3.04881 3.14490 3.22102 3.22713 3.22474 3.24732 3.28701 3.32679 3.36648 3.59032 3.75647 3.82323 3.88163 3.94048 3.99910 4.05757 4.11643 5.25723 5.69028 6.05133 6.68977 7.10930 7.10930 7.10930 7.10930 7.10930 7.10930 7.90318 8.19006 7.32679 7.31855 7.31855
3.78948 3.78948 3.78948 3.78948 3.78948 3.78948 3.81720 4.03956 4.06290 4.15245 4.50179 4.65691 4.67908 4.67908 4.67908 4.67908 4.67908 4.67908 4.67908 4.67908 4.67908 4.67908 4.67908 4.35733 3.73132 3.73132 3.27617 2.98096 2.85826 2.99418 3.13015 3.26585 3.39692 3.45906 3.49884 3.53862 3.57826 3.61790 3.65778 3.69539 3.69829 3.69825 3.69825 3.69825 3.78944 4.08320 4.16830 4.20571 4.35282 4.52592 4.72441 4.95417 6.49973 7.10930 7.10930 7.10930 7.10930 7.10930 7.10930 7.10930 7.10930 7.10930 7.56755 8.24471 7.44109 7.12080 6.95908
3.78948 3.78948 3.78948 3.78948 3.78948 3.78948 3.78948 4.26338 4.38323 4.38323 4.58284 4.67908 4.67908 4.67908 4.67908 4.67908 4.67636 4.65768 4.63648 4.61530 4.59412 4.57294 4.55173 4.51304 3.70634 3.71286 3.53853 3.45301 3.70761 3.70761 3.70761 3.70761 3.70761 3.70761 3.70761 3.70761 3.70761 3.70761 3.70761 3.70761 3.70000 3.70578 3.80062 3.93295 4.09691 4.69422 5.12174 5.33693 5.34858 5.34858 5.34858 5.34858 6.19158 7.10930 7.10930 7.10930 7.10930 7.10930 7.10930 7.17102 7.48872 7.83390 8.17665 7.56860 6.89613 6.51436 6.51436
3.78948 3.78948 3.78948 3.78948 3.78948 3.78948 3.78948 4.15051 4.47709 4.51712 4.57900 4.54813 4.52695 4.50577 4.48459 4.46341 4.44493 4.44242 4.44288 4.49066 4.56940 4.64815 4.72697 4.79284 4.04141 3.81195 3.74522 3.44559 3.69829 3.70761 3.70761 3.70761 3.70761 3.70761 3.70761 3.70761 3.75226 3.87874 4.02437 4.19245 4.38596 4.59433 4.64351 4.64351 4.64351 4.97730 5.34131 5.34858 5.34858 5.34858 5.34858 5.34858 5.64381 7.10895 7.14066 7.42907 7.77485 8.12022 8.46559 8.74950 8.77735 8.77735 8.77735 7.68892 7.10126 6.51436 6.51436
3.78948 3.78948 3.78948 3.78948 3.78948 3.78948 0.00000 4.97698 4.97698 4.97698 4.79835 4.44242 4.44242 4.44242 4.45919 4.53321 4.61196 4.69074 4.76906 4.80002 4.80002 4.80002 4.80002 4.80002 4.30188 3.81195 3.81143 3.48488 3.64195 3.70761 3.71419 3.80862 3.94425 4.09963 4.27984 4.49122 4.64155 4.64351 4.64351 4.64351 4.64351 4.64351 4.64351 4.64351 4.64351 4.83142 5.29321 5.34858 5.34858 5.36534 5.73940 6.25758 6.77551 8.29464 8.72036 8.77735 8.77735 8.77735 8.77735 8.77735 8.77735 8.77735 8.77735 8.08169 7.31224 6.51436 6.51436
0.00000 0.00000 0.00000 0.00000 0.00000 0.00000 0.00000 0.00000 4.97698 4.97992 5.06958 4.59297 4.65451 4.73333 4.79530 4.80002 4.80002 4.80002 4.80002 4.80002 4.80002 4.80002 4.80002 4.80002 4.63052 3.85242 3.98294 3.88451 4.01951 4.37419 4.58873 4.64351 4.64351 4.64351 4.64351 4.64351 4.64351 4.64351 4.64351 4.64351 4.64351 4.64351 4.64351 4.64351 4.64378 4.79923 6.05195 6.68669 7.20487 7.70654 7.85065 7.85065 7.85065 8.48768 8.77735 8.77735 8.77735 8.77735 8.77735 8.77735 8.77735 8.77735 8.77735 8.47443 7.43931 6.63447 6.65200
0.00000 0.00000 0.00000 0.00000 0.00000 0.00000 0.00000 0.00000 5.48041 5.64099 5.69220 4.94076 4.80002 4.80002 4.80002 4.80002 4.80002 4.80002 4.80002 4.80002 4.80002 4.80002 4.80002 4.80002 4.80002 4.79618 4.80002 4.64456 4.35682 4.64351 4.64351 4.64351 4.64351 4.64351 4.64351 4.64351 4.64351 4.64351 4.64351 4.64351 4.69396 4.87764 5.06802 5.25848 5.44867 5.53477 7.28314 7.85065 7.85065 7.85065 7.85065 7.85065 7.85065 8.24716 8.77735 8.77735 8.77735 8.77202 8.80303 8.89163 8.98065 9.06961 9.15844 9.23305 8.10385 7.57012 7.36966
0.00000 0.00000 0.00000 0.00000 0.00000 0.00000 0.00000 0.00000 5.69220 5.69220 5.69220 5.10460 4.80002 4.80002 4.80002 4.80002 4.80002 4.80002 4.80002 4.80002 4.80002 4.80002 4.80002 4.80002 4.80002 4.80002 4.80002 4.78476 4.29376 4.64017 4.64351 4.64351 4.64351 4.64351 4.64351 4.65929 4.81650 5.00688 5.19743 5.38780 5.52782 5.53477 5.53477 5.53477 5.51811 5.46553 6.48900 7.77401 7.75534 7.73432 7.71336 7.69232 7.67135 7.76683 8.98422 9.08228 9.17108 9.26537 9.32333 9.32355 9.32355 9.32355 9.32355 9.32355 8.46939 7.72957 7.42214
0.00000 0.00000 0.00000 0.00000 0.00000 0.00000 0.00000 0.00000 0.00000 5.69220 5.69220 5.33021 4.80002 4.80002 4.80002 4.80002 4.80002 4.80002 4.80002 4.80002 4.80002 4.80002 4.80002 4.80002 4.80002 4.80002 4.80002 4.80002 4.42143 4.57126 4.64422 4.75536 4.92540 5.06289 5.19941 5.32042 5.30033 5.24658 5.19277 5.13928 5.08566 5.03185 4.97823 4.92461 4.88759 4.88642 5.32735 7.47810 7.57413 7.57413 7.57413 7.57413 7.57413 7.57413 9.08392 9.32355 9.32355 9.32355 9.32355 9.32355 9.32355 9.32355 9.32355 9.32355 8.86234 7.85719 7.42214
0.00000 0.00000 0.00000 0.00000 0.00000 0.00000 0.00000 0.00000 0.00000 5.69220 5.69220 5.62489 4.80958 4.80002 4.80002 4.80002 4.80002 4.80002 4.80002 4.80002 4.80119 4.83066 4.87555 4.92492 4.97972 5.04070 5.08762 5.06880 5.02332 4.98838 4.89456 4.92014 4.88687 4.88642 4.88642 4.88642 4.88642 4.88642 4.88642 4.88642 4.88642 4.88642 4.88642 4.88642 4.88642 4.88642 4.90057 7.14683 7.57413 7.57413 7.57413 7.57413 7.57413 7.57413 8.69624 9.32355 9.32355 9.32355 9.32355 9.32355 9.32355 9.32355 9.31751 9.28867 9.16200 7.27849 6.48386
0.00000 0.00000 0.00000 0.00000 0.00000 0.00000 0.00000 0.00000 0.00000 5.69220 5.69220 5.69220 5.02839 4.98881 5.05093 5.12062 5.19917 5.28892 5.39159 5.51132 5.64732 5.69220 5.69219 5.69220 5.69220 5.69220 5.69220 0.00000 6.35626 5.58309 4.88642 4.88642 4.88642 4.88642 4.88642 4.88642 4.88642 4.88642 4.88642 4.88642 4.88642 4.88642 4.88642 4.88642 4.88642 4.88642 4.88642 6.40270 7.57413 7.57413 7.57413 7.57413 7.57413 7.57413 8.21966 9.32355 9.32355 9.32026 9.29377 9.26268 9.23159 9.20058 9.17553 9.17334 9.17334 7.41617 6.41735
0.00000 0.00000 0.00000 0.00000 0.00000 0.00000 0.00000 0.00000 0.00000 5.69220 5.69220 5.69220 5.69220 5.69220 5.69220 5.69220 5.69220 5.69220 5.69220 5.69220 5.69220 5.69220 0.00000 0.00000 0.00000 0.00000 0.00000 0.00000 0.00000 5.96299 4.88642 4.88642 4.88642 4.88642 4.88642 4.88642 4.88642 4.88642 4.88642 4.88642 4.88642 4.88642 4.88642 4.88642 4.88642 4.88642 4.88642 5.64441 7.57413 7.57413 7.57413 7.57413 7.57210 7.53708 7.60011 9.20660 9.20566 9.17787 9.17334 9.17334 9.17334 9.17334 9.17334 9.17334 9.17334 8.09486 6.54517
0.00000 0.00000 0.00000 0.00000 0.00000 0.00000 0.00000 0.00000 0.00000 0.00000 5.69220 5.69220 5.69220 5.69220 5.69220 5.69220 5.69220 5.69220 0.00000 0.00000 0.00000 0.00000 0.00000 0.00000 0.00000 0.00000 0.00000 0.00000 0.00000 6.35626 4.97469 4.88642 4.88642 4.88642 4.88642 4.88642 4.88642 4.88642 4.88642 4.88642 4.88642 4.88642 4.88642 4.88642 4.88642 4.88642 4.88642 4.99221 7.44166 7.49808 7.45153 7.40491 7.36034 7.34880 7.34880 8.84652 9.17334 9.17334 9.17334 9.17334 9.17334 9.17334 9.17334 9.17334 9.17334 8.77340 6.67305
0.00000 0.00000 0.00000 0.00000 0.00000 0.00000 0.00000 0.00000 0.00000 0.00000 5.69220 5.69220 5.69220 0.00000 0.00000 0.00000 0.00000 0.00000 0.00000 0.00000 0.00000 0.00000 0.00000 0.00000 0.00000 0.00000 0.00000 0.00000 0.00000 6.35626 5.19465 4.88642 4.88642 4.88642 4.88642 4.88642 4.88642 4.88642 4.88642 4.88642 4.88642 4.88642 4.88642 4.90592 4.96607 5.02739 5.08883 5.14963 6.73172 7.34880 7.34880 7.34880 7.34880 7.34880 7.34880 8.42576 9.17334 9.17334 9.17334 9.17334 9.17334 9.13474 8.87136 8.55764 8.24376 7.92708 5.52716
0.00000 0.00000 0.00000 0.00000 0.00000 0.00000 0.00000 0.00000 0.00000 0.00000 0.00000 0.00000 0.00000 0.00000 2.99583 2.99583 2.99583 0.00000 0.00000 0.00000 0.00000 0.00000 0.00000 0.00000 0.00000 0.00000 0.00000 0.00000 0.00000 6.35626 5.40425 4.88642 4.88642 4.88642 4.88642 4.88642 4.88642 4.88642 4.89322 4.94602 5.00743 5.06875 5.13016 5.17197 5.17324 5.17324 5.17324 5.17324 6.12629 7.28668 7.19925 7.11183 7.02406 6.93674 6.84909 7.31170 8.17708 7.86269 7.54886 7.23473 6.92067 6.64537 6.59428 6.59428 6.59428 6.59428 5.23448
2.99583 2.99583 2.99583 2.99583 2.99583 2.99583 2.99583 2.99583 2.99583 2.99583 2.99583 2.99583 2.99583 2.99583 2.99583 2.99583 2.99583 0.00000 0.00000 0.00000 0.00000 0.00000 0.00000 0.00000 0.00000 0.00000 0.00000 0.00000 0.00000 0.00000 5.63971 4.88642 4.88642 4.88708 4.92594 4.98744 5.05420 5.21565 5.40484 5.54673 5.68104 5.81536 5.94935 6.08334 6.21749 6.35197 6.48531 6.61979 6.47400 6.19813 6.19845 6.19845 6.19845 6.19845 6.19845 6.20869 6.58015 6.59428 6.59428 6.59428 6.59428 6.59428 6.59428 6.59428 6.59428 6.59428 5.91314
2.99583 2.99583 2.99583 2.99583 2.99583 2.99583 2.99583 2.99583 2.99583 2.99583 2.99583 2.99583 2.99583 2.99583 2.99583 2.99583 2.99583 0.00000 0.00000 0.00000 0.00000 0.00000 0.00000 0.00000 0.00000 4.68260 4.68260 4.68260 4.68260 4.68758 5.18842 5.89943 6.14321 6.33833 6.49502 6.62901 6.75750 6.79148 6.79148 6.79148 6.79148 6.79148 6.79148 6.79148 6.79148 6.79148 6.79148 6.79148 6.73140 6.01184 6.19845 6.19845 6.19845 6.19845 6.19845 6.19845 6.50762 6.59428 6.59428 6.59428 6.59428 6.59428 6.59428 6.59428 6.59428 6.53157 6.20055
