High_resolution/powerplant/Fengdu/OMI_NO2_200811.asc
ncols      200
nrows      200
xllcorner       105.978
yllcorner       28.1831
cellsize     0.0166667
NODATA_Value      -999.000
[rows 0 to 28 of 200, columns 0 to 65 of 200]
2.10516 2.10516 2.10516 2.10516 2.10516 2.10516 2.10516 2.10516 2.10516 2.15616 2.85389 2.85389 2.29347 1.42055 1.42055 1.42055 1.42055 1.42055 1.42055 1.41662 1.40521 1.40521 1.40521 1.40521 1.40521 1.40521 1.40521 1.40521 1.40521 1.39155 1.35712 1.32339 1.22142 1.18917 1.16361 1.14256 1.13683 1.13683 1.13683 1.15866 2.09012 2.71664 2.88633 2.88633 2.80877 2.56387 2.37951 2.24258 2.13654 2.09456 2.31834 2.88633 2.88633 2.88633 2.88633 2.88633 0.00000 0.00000 0.00000 0.00000 0.00000 0.00000 0.00000 0.00000 0.00000 0.00000
2.10516 2.10516 2.10516 2.10516 2.10516 2.16931 2.28706 2.37065 2.43269 2.53901 2.85389 2.85389 2.71617 1.43044 1.42055 1.42055 1.42055 1.42055 1.42055 1.42046 1.40584 1.40521 1.40099 1.35631 1.30767 1.30589 1.28521 1.26312 1.24332 1.23161 1.23140 1.23140 1.16707 1.13683 1.13683 1.13683 1.13683 1.13683 1.13683 1.13793 1.79724 2.22812 2.28501 2.16953 2.09854 2.09456 2.09456 2.09456 2.09456 2.09456 2.15319 2.88586 2.88633 2.88633 2.88633 2.88633 0.00000 0.00000 0.00000 0.00000 0.00000 0.00000 0.00000 0.00000 0.00000 0.00000
2.11199 2.21910 2.32201 2.39626 2.45230 2.47934 2.47952 2.47952 2.47952 2.48791 2.83484 2.85389 2.85389 1.73596 1.42055 1.42055 1.38423 1.28988 1.21544 1.15627 1.19152 1.18213 1.15579 1.15061 1.15061 1.20734 1.23140 1.23140 1.23140 1.23140 1.23140 1.23140 1.19762 1.13683 1.13683 1.14554 1.16003 1.17211 1.18228 1.19047 1.48305 1.93944 2.09456 2.09456 2.09456 2.09456 2.09456 2.09456 2.09456 2.09456 2.09456 2.66147 2.88633 2.88633 2.88633 2.88633 0.00000 0.00000 0.00000 0.00000 0.536247 0.536247 0.536247 0.536247 3.10459 3.17101
2.46830 2.47952 2.47952 2.47952 2.47952 2.47952 2.47952 2.47952 2.47952 2.47770 2.54459 2.38888 2.19719 1.61588 1.09079 1.05369 1.03164 1.03098 1.03098 1.03098 1.10031 1.15061 1.15061 1.15061 1.15061 1.18547 1.23140 1.23140 1.23140 1.23140 1.25483 1.37206 1.47329 1.17901 1.18818 1.19215 1.19215 1.19215 1.19215 1.19215 1.30563 1.89671 1.99918 1.96661 1.93559 1.90589 1.87748 1.85017 1.82390 1.79865 1.77438 1.86827 1.99258 1.95026 1.91032 1.86890 0.752486 0.536247 0.536247 0.562454 0.792684 1.01552 1.19463 1.34151 2.78422 3.00727
2.47952 2.47952 2.47952 2.47257 2.38576 2.27648 2.16699 2.05771 1.94829 1.84076 1.77786 1.74765 1.74765 1.63174 1.03098 1.03098 1.03098 1.03098 1.03098 1.03098 1.07180 1.15061 1.15246 1.15730 1.16219 1.18125 1.33424 1.46604 1.59787 1.72970 1.83800 1.85261 1.85744 1.34400 1.25245 1.25732 1.26220 1.26707 1.27196 1.27679 1.28089 1.86762 1.58542 1.57512 1.57512 1.57512 1.57512 1.57512 1.57512 1.57512 1.57512 1.59756 1.70332 1.60185 1.47351 1.34499 1.26824 1.47591 1.57770 1.65851 1.67307 1.67401 1.67973 1.68518 2.32471 2.62357
2.14823 2.03894 1.92946 1.82712 1.80451 1.80451 1.80451 1.80451 1.80451 1.80451 1.79318 1.74765 1.74765 1.74758 1.13663 1.03098 1.03098 1.03098 1.03098 1.03098 1.04430 1.26236 1.38733 1.51433 1.64123 1.76695 1.88543 1.89439 1.89439 1.89439 1.89439 1.89439 1.89439 1.56309 1.27962 1.27962 1.27962 1.27962 1.27962 1.27962 1.27962 1.69929 1.65667 1.57512 1.57512 1.57390 1.51769 1.43213 1.34656 1.26088 1.17532 1.08906 0.880520 0.835802 0.835802 0.835802 1.16828 1.67859 1.68423 1.68896 1.69299 1.69603 1.69642 1.69642 2.06397 2.57468
1.80451 1.80451 1.80451 1.80451 1.80451 1.80451 1.80451 1.80451 1.80451 1.80451 1.80415 1.75242 1.74765 1.74765 1.35814 1.03098 1.03521 1.16608 1.35652 1.54687 1.73739 1.81714 1.81359 1.81359 1.81359 1.81359 1.86355 1.89439 1.89439 1.89439 1.89439 1.89439 1.89439 1.75035 1.27962 1.27962 1.27962 1.27962 1.27962 1.31260 1.39098 1.58083 1.43923 1.19084 1.10528 1.02094 0.991463 0.991463 0.991463 0.991463 0.991463 0.991878 0.955246 0.967603 1.03086 1.08457 1.20086 1.69642 1.69642 1.69642 1.69642 1.69642 1.69642 1.69642 1.87585 2.57468
1.80451 1.80451 1.80451 1.80451 1.80451 1.80451 1.80451 1.80451 1.80451 1.80451 1.80451 1.76745 1.72526 1.62692 1.48343 1.64856 1.83486 1.89425 1.89425 1.89425 1.89425 1.83891 1.81359 1.81359 1.81359 1.81359 1.84167 1.89439 1.89439 1.89439 1.89439 1.89439 1.90627 1.97014 1.49061 1.51921 1.59785 1.67632 1.75495 1.80044 1.80070 1.75914 1.23677 0.991463 0.991463 0.991463 0.991463 1.01052 1.07256 1.13614 1.19981 1.26297 1.23993 1.13824 1.13824 1.13824 1.13824 1.61912 1.69642 1.69642 1.69642 1.69642 1.69642 1.69642 1.71575 2.54657
1.80451 1.80451 1.80451 1.80451 1.80451 1.80451 1.80451 1.80447 1.74931 1.64481 1.54039 1.41442 1.29691 1.29069 1.29694 1.84323 1.89425 1.89425 1.89425 1.89425 1.89425 1.85631 1.81359 1.81359 1.81359 1.81414 1.85693 2.02524 2.10522 2.18380 2.26233 2.34090 2.40755 2.41547 2.03099 1.80070 1.80070 1.80070 1.80070 1.80070 1.80070 1.80070 1.39940 1.05077 1.11447 1.17805 1.24172 1.28624 1.28787 1.28787 1.28787 1.28787 1.28070 1.14254 1.13824 1.13824 1.13824 1.47068 1.69642 1.69642 1.69642 1.69642 1.69642 1.69642 1.69642 2.37825
1.80451 1.80451 1.80451 1.79610 1.71038 1.60583 1.50137 1.39696 1.34756 1.34756 1.34756 1.34158 1.29081 1.29069 1.29069 1.66318 1.89425 1.89425 1.89425 1.90573 1.98182 2.03869 1.98684 2.04423 2.10163 2.15858 2.17986 2.36985 2.41547 2.41547 2.41547 2.41547 2.41547 2.41547 2.21807 1.80070 1.80070 1.80097 1.83838 1.90196 1.96562 2.02920 1.84338 1.32238 1.28787 1.28787 1.28787 1.28787 1.28787 1.28787 1.28787 1.28787 1.28787 1.18047 1.13824 1.13824 1.13824 1.32227 1.69642 1.69642 1.69642 1.69642 1.69642 1.69642 1.69642 2.19018
1.67136 1.56690 1.46239 1.36629 1.34756 1.34756 1.34756 1.34756 1.34756 1.34756 1.34756 1.34756 1.30039 1.32514 1.41079 1.68329 2.18664 2.27278 2.35888 2.43359 2.44365 2.44219 2.19315 2.17986 2.17986 2.17986 2.17986 2.30611 2.41547 2.41547 2.41547 2.41547 2.41547 2.37800 2.20303 1.93319 2.00754 2.07082 2.09711 2.09711 2.09711 2.09711 1.97084 1.40334 1.28787 1.28787 1.29439 1.32298 1.35326 1.38361 1.41389 1.44436 1.47470 1.44266 1.38570 1.41611 1.44639 1.51742 2.06036 2.09566 2.12601 2.15629 2.18657 2.20366 2.20421 2.55298
1.34756 1.34756 1.34756 1.34756 1.34756 1.34756 1.34872 1.47427 1.68308 1.89202 2.10096 2.30977 2.10753 1.83965 1.84009 1.86326 2.42044 2.44365 2.44365 2.44365 2.44365 2.44365 2.23653 2.17986 2.17986 2.17986 2.17986 2.24237 2.42211 2.33760 2.20698 2.07661 1.94622 1.85319 1.86892 2.15781 2.28829 2.31082 2.33340 2.35594 2.37851 2.40105 2.40400 1.93234 1.85883 1.88930 1.91312 1.91482 1.91482 1.91482 1.91482 1.91482 1.91482 1.89727 1.76549 1.76519 1.74794 1.70901 2.13058 2.21835 2.18845 2.15854 2.12866 2.11207 2.12459 2.34333
1.35661 1.51383 1.72264 1.93158 2.14039 2.34933 2.55711 2.64051 2.64051 2.64051 2.64051 2.64051 2.41453 1.84009 1.84009 1.84009 2.25729 2.44365 2.44365 2.44365 2.44365 2.44365 2.44490 2.48218 2.46167 2.33562 2.20535 2.08223 2.16466 2.12746 2.12746 2.12746 2.12746 2.12746 2.12746 2.28004 2.50171 2.50171 2.50171 2.50171 2.50171 2.50171 2.50171 2.13440 1.91482 1.91482 1.91482 1.91482 1.91482 1.90277 1.86461 1.82565 1.78661 1.74760 1.58685 1.51997 1.49824 1.49816 1.82512 2.11735 2.19101 2.28538 2.37974 2.47420 2.55596 2.56874
2.58879 2.64051 2.64051 2.64051 2.64051 2.64051 2.64051 2.64051 2.64051 2.64051 2.64051 2.64051 2.60965 1.86403 1.84009 1.84009 2.07107 2.44365 2.44365 2.43461 2.26495 2.03535 1.93015 2.00620 1.89642 1.89185 1.89185 1.89185 2.06251 2.12746 2.12746 2.12746 2.12746 2.12746 2.12746 2.16747 2.50021 2.50171 2.50171 2.50171 2.50171 2.50171 2.49626 2.24352 1.83349 1.79260 1.75364 1.71462 1.67561 1.64867 1.64779 1.64779 1.64779 1.64779 1.57221 1.56017 1.65458 1.74895 2.00776 2.54627 2.56701 2.56701 2.56701 2.56701 2.56701 2.56701
2.64051 2.64051 2.64051 2.64051 2.64051 2.64051 2.64051 2.64051 2.64051 2.64051 2.64051 2.64051 2.64051 2.05217 1.84009 1.84682 1.91783 1.92015 1.68492 1.46446 1.40473 1.40473 1.44287 1.88849 1.89185 1.89185 1.89185 1.89185 1.99878 2.12746 2.12746 2.12746 2.12746 2.12746 2.12746 2.12674 2.40405 2.44842 2.41737 2.38632 2.35529 2.32426 2.29866 2.18741 1.67514 1.64779 1.64779 1.64779 1.64779 1.64779 1.66311 1.70696 1.75146 1.79595 1.85956 1.95314 1.95314 1.95314 1.97432 2.54761 2.56701 2.56701 2.56701 2.56701 2.56701 2.56701
2.64051 2.64051 2.64051 2.64051 2.64051 2.64051 2.64051 2.64051 2.64051 2.64051 2.64070 2.65556 2.67961 2.33428 1.92729 1.94461 1.94538 1.53100 1.40473 1.40473 1.40473 1.40473 1.40473 1.83007 1.89185 1.89185 1.89185 1.89185 1.93504 2.11648 2.08582 2.05479 2.02376 1.99272 1.96169 1.93136 2.10676 2.29609 2.29609 2.29609 2.29609 2.29609 2.29609 2.28951 1.73924 1.65320 1.69214 1.73661 1.78113 1.82561 1.85478 1.85542 1.85542 1.85542 1.85605 1.94392 1.95314 1.95314 1.95314 2.40618 2.56701 2.56701 2.56701 2.56701 2.56701 2.56701
2.64051 2.64051 2.64051 2.64051 2.64051 2.64051 2.64356 2.66467 2.68871 2.71276 2.73661 2.74579 2.74579 2.59543 1.94538 1.94538 1.94538 1.69706 1.40473 1.40473 1.40473 1.40473 1.40498 1.74581 1.90158 1.90715 1.91273 1.91830 1.92414 1.92275 1.92184 1.92184 1.92184 1.92184 1.92184 1.92184 1.99287 2.29609 2.29609 2.29609 2.29665 2.32547 2.36995 2.41445 2.06163 1.84971 1.85542 1.85542 1.85542 1.85542 1.85542 1.85542 1.85542 1.85542 1.85542 1.91523 1.95314 1.95314 1.95314 2.24356 2.56701 2.56701 2.56701 2.56701 2.56701 2.56701
2.64051 2.64051 2.64988 2.67377 2.69781 2.72185 2.74284 2.74579 2.74579 2.74579 2.74579 2.74579 2.74579 2.74195 2.01782 1.94538 1.94711 1.87276 1.42264 1.43100 1.43935 1.44773 1.45584 1.68081 1.92751 1.92751 1.92751 1.92751 1.92751 1.92387 1.92184 1.92184 1.92184 1.92184 1.92184 1.92184 1.93950 2.31287 2.39960 2.44412 2.48803 2.50373 2.50373 2.50373 2.27255 1.85542 1.85542 1.85542 1.85542 1.85542 1.85542 1.85542 1.85539 1.85224 1.84716 1.87278 1.93476 1.92969 1.92463 2.04743 2.52835 2.52328 2.51821 2.51316 2.50809 2.50304
2.70691 2.73097 2.74563 2.74579 2.74579 2.74579 2.74579 2.74579 2.74579 2.74579 2.72589 2.67007 2.60280 2.52058 2.08993 1.99169 1.99833 1.99887 1.54223 1.45821 1.45821 1.45821 1.45821 1.55845 1.92751 1.92751 1.92751 1.92751 1.92751 1.92540 1.92184 1.92449 1.96529 2.01853 2.07211 2.12590 2.16294 2.36270 2.50631 2.50687 2.50743 2.50800 2.50856 2.50912 2.43533 1.80443 1.78314 1.77807 1.77299 1.76793 1.76286 1.75780 1.75277 1.75085 1.75085 1.75539 1.84554 1.84857 1.84857 1.86372 2.54002 2.70344 2.81721 2.93097 3.04442 3.15819
2.74579 2.74579 2.74579 2.74564 2.71650 2.65857 2.58890 2.50326 2.39576 2.25651 2.15151 2.15055 2.15055 2.15055 2.06875 1.99887 1.99887 1.99887 1.70821 1.45821 1.45821 1.45821 1.45821 1.46102 1.90842 1.93285 1.93341 1.95261 2.00575 2.05898 2.10771 2.15887 2.17188 2.17245 2.17269 2.17269 2.17269 2.26694 2.51382 2.51382 2.51382 2.51382 2.51382 2.51382 2.51367 1.88309 1.75085 1.75085 1.75085 1.75085 1.75085 1.75085 1.75531 1.79607 1.84469 1.89337 2.01176 2.08846 2.13714 2.17727 2.92016 3.26873 3.26441 3.21417 3.15145 3.08870
2.57437 2.48531 2.37277 2.22666 2.15055 2.15055 2.15055 2.15055 2.15055 2.15055 2.15055 2.15055 2.15055 2.15055 2.12295 1.99907 1.99887 1.99887 1.87452 1.45821 1.45821 1.45821 1.46338 1.52679 1.94460 2.08981 2.14306 2.17768 2.17836 2.17836 2.17367 2.17269 2.17269 2.17269 2.17269 2.17269 2.17269 2.18132 2.49556 2.51382 2.51382 2.51382 2.51382 2.51382 2.51382 2.07540 1.78808 1.83677 1.88542 1.93410 1.98282 2.03143 2.07565 2.08361 2.08361 2.08361 2.12397 2.18021 2.13816 2.07547 2.46537 3.03743 2.97906 2.96661 2.96661 2.96661
2.15055 2.15055 2.15055 2.15055 2.15055 2.15055 2.15055 2.15055 2.15055 2.15055 2.15055 2.15055 2.15055 2.15055 2.15055 2.01337 1.99887 1.99887 1.95669 1.58110 1.64832 1.72820 1.80292 1.81935 2.03098 2.17836 2.17836 2.17836 2.17836 2.17836 2.17519 2.17269 2.17269 2.17269 2.17269 2.17269 2.17269 2.17269 2.40033 2.51908 2.53237 2.54576 2.55913 2.57250 2.58588 2.43257 2.08361 2.08361 2.08361 2.08361 2.08361 2.08361 2.08361 2.08298 2.08140 2.07980 2.06859 1.90030 1.87921 1.87921 2.04559 2.96661 2.96661 2.96661 2.96661 2.96661
2.15055 2.15055 2.15055 2.15055 2.15055 2.15055 2.15055 2.15055 2.15055 2.15055 2.15055 2.15055 2.15055 2.14488 1.99971 1.81328 1.71824 1.61568 1.55003 1.71532 1.81935 1.81935 1.81935 1.81935 1.94666 2.17836 2.17836 2.17836 2.17836 2.17836 2.17671 2.17269 2.17437 2.18610 2.19947 2.21285 2.22622 2.23960 2.37674 2.60223 2.60231 2.60231 2.60231 2.60231 2.60231 2.55972 2.08561 2.08361 2.08336 2.08192 2.08033 2.07874 2.07714 2.07618 2.07617 2.07617 2.07617 1.91604 1.87921 1.87921 1.88010 2.84605 2.96661 2.96661 2.96661 2.96661
2.15055 2.15055 2.15055 2.15055 2.15055 2.15055 2.15055 2.15055 2.15055 2.11086 1.92042 1.71521 1.51010 1.31047 1.25053 1.38174 1.54886 1.54886 1.54886 1.63209 1.81935 1.81935 1.81935 1.81935 1.84874 2.17620 2.16105 2.12266 2.08416 2.04572 2.01224 2.23980 2.25953 2.26118 2.26118 2.26118 2.26118 2.26118 2.28605 2.59740 2.60231 2.60231 2.60231 2.60227 2.60115 2.59955 2.16373 2.07767 2.07632 2.07617 2.07617 2.07617 2.07617 2.07617 2.07617 2.07617 2.07617 1.97513 1.87921 1.87921 1.87921 2.56078 2.96661 2.96661 2.96661 2.96661
2.15055 2.15055 2.15055 2.15055 2.15055 2.04624 1.84113 1.63592 1.43072 1.26520 1.25053 1.25053 1.25053 1.25053 1.25053 1.27293 1.54447 1.54886 1.54886 1.55589 1.76039 1.71309 1.65541 1.59768 1.54007 1.89566 1.93252 1.93247 1.93247 1.93247 1.93247 2.17926 2.26118 2.26118 2.26118 2.26118 2.26118 2.26118 2.26118 2.51731 2.60008 2.59849 2.59690 2.59534 2.59487 2.59487 2.28557 2.07617 2.07617 2.07617 2.07617 2.07617 2.07617 2.07617 2.07617 2.07617 2.07617 2.03424 1.87921 1.89091 1.96398 2.44143 3.21558 3.29735 3.37928 3.46104
2.12893 1.96704 1.76183 1.55663 1.35143 1.25053 1.25053 1.25053 1.25053 1.25053 1.25053 1.25053 1.25053 1.31543 1.57087 1.78131 1.51031 1.30450 1.24689 1.19249 1.36729 1.45052 1.45052 1.45052 1.45052 1.78635 1.93247 1.93247 1.93247 1.93247 1.93247 2.09081 2.26118 2.26118 2.25996 2.24849 2.23469 2.22088 2.20708 2.37717 2.58833 2.57698 2.56546 2.55410 2.54273 2.53136 2.59285 2.76858 2.85034 2.93227 3.01404 3.09614 3.17824 3.26000 3.34193 3.42370 3.50563 3.58617 3.49050 3.54259 3.55129 3.66270 4.63609 4.60363 4.55049 4.49728
1.25833 1.25053 1.25053 1.25053 1.25053 1.25053 1.25053 1.35462 1.61225 1.81331 1.97207 2.10046 2.20649 2.27883 2.28450 2.28450 1.76948 1.18002 1.18002 1.18002 1.28405 1.45052 1.45052 1.45052 1.45052 1.66656 1.87991 1.86846 1.85717 1.84571 1.82817 1.87279 2.10642 2.08120 2.05728 2.04350 2.03208 2.02066 2.00923 2.05650 2.38919 2.38919 2.38919 2.38919 2.38919 2.38919 2.71811 3.75512 3.74825 3.74825 3.74825 3.74825 3.74825 3.74825 3.74825 3.74822 3.72687 3.68760 3.52740 3.41208 3.37290 3.33358 4.12007 4.26209 4.26209 4.26285
1.25053 1.35411 1.65158 1.84400 1.99651 2.12057 2.22328 2.28294 2.28450 2.28450 2.28450 2.28450 2.28450 2.28450 2.28450 2.28450 2.06968 1.18002 1.18002 1.18002 1.20342 1.44792 1.45052 1.45052 1.45052 1.51086 1.71333 1.69952 1.68572 1.67192 1.66431 1.66802 1.97078 1.99300 1.99300 1.99300 1.99300 1.99300 1.99300 1.99300 2.32779 2.38919 2.38919 2.38919 2.38919 2.38919 2.42694 3.76183 3.74825 3.73222 3.69315 3.65388 3.61459 3.57535 3.53603 3.49687 3.47894 3.47894 3.41709 3.28198 3.28221 3.28907 3.85919 4.28898 4.29889 4.30803
0.00000 1.76607 2.28450 2.28450 2.28450 2.28450 2.28450 2.28450 2.28450 2.28450 2.28450 2.28450 2.28450 2.28450 2.28450 2.28450 2.27754 1.27247 1.18002 1.18002 1.18002 1.38438 1.41943 1.39871 1.37801 1.36248 1.65084 1.66429 1.66429 1.66429 1.66429 1.66429 1.88604 1.99300 1.99300 1.99300 1.99300 1.99300 1.99300 1.99300 2.20793 2.38919 2.39162 2.40595 2.42344 2.44300 2.46507 3.62286 3.50234 3.47910 3.47894 3.47894 3.47894 3.47894 3.47894 3.47894 3.46978 3.44921 3.42043 3.31868 3.32672 3.32976 3.63045 4.30987 4.30987 4.30987
