High_resolution/powerplant/Fengdu/OMI_NO2_201108.asc
ncols      200
nrows      200
xllcorner       105.978
yllcorner       28.1831
cellsize     0.0166667
NODATA_Value      -999.000
[rows 58 to 86 of 200, columns 66 to 131 of 200]
2.92246 2.89786 2.87331 2.85150 2.84336 2.84405 2.84467 2.84550 2.84550 2.84550 2.84550 2.85360 2.89279 3.08666 3.15030 3.26671 3.28580 3.41375 3.47958 3.44278 2.94809 2.77584 2.78002 2.60297 2.53038 2.53054 2.53054 2.53054 2.52156 2.48612 2.44895 2.41043 2.30588 2.15880 2.02012 1.87179 1.83720 1.83720 1.83720 1.83720 1.86812 2.06136 2.14067 2.14071 2.15514 2.17752 2.19598 2.21142 2.22200 2.22279 2.22279 2.22279 2.22279 2.20126 2.14330 2.08484 2.02634 1.78823 1.64422 1.64422 1.66594 1.44124 1.34788 1.34788 1.34788 1.34788
2.84201 2.84661 2.85166 2.85375 2.85375 2.85189 2.84550 2.85789 2.89928 2.94613 2.99837 3.04431 3.04822 3.19776 3.28580 3.28499 3.23649 3.23526 3.34533 3.29466 3.11562 2.78746 2.78746 2.67008 2.48612 2.44895 2.41178 2.37461 2.29817 2.18203 2.04967 1.89684 1.83720 1.83720 1.83720 1.83720 1.83720 1.83720 1.83720 1.83281 1.78650 1.94026 2.20254 2.21698 2.22279 2.22279 2.22279 2.22279 2.22064 2.17771 2.11922 2.06070 2.00223 1.96524 1.96465 1.96465 1.96465 1.87059 1.64422 1.64422 1.64885 1.54819 1.39321 1.48450 1.57564 1.66679
2.85375 2.85375 2.85375 2.87156 2.91480 2.96282 3.00745 3.04688 3.04822 3.04822 3.04822 3.04657 3.01800 3.05703 3.09176 2.99807 2.97051 2.97417 3.23537 3.17333 3.03681 2.61199 2.50558 2.43908 2.31503 2.20648 2.07807 1.92814 1.83727 1.83720 1.83720 1.83720 1.83720 1.83720 1.83720 1.82448 1.77053 1.71345 1.65633 1.60362 1.59308 1.70214 2.21228 2.22279 2.20916 2.15358 2.09508 2.03661 1.98021 1.96465 1.96465 1.96465 1.96465 1.96465 1.96465 1.96465 1.96441 1.94718 1.80786 1.90181 1.99315 2.08229 1.83397 1.83373 1.83373 1.83373
2.92166 2.97051 3.02506 3.05843 3.05854 3.05854 3.05200 3.04450 3.01240 2.97436 2.93639 2.90000 2.89058 2.89766 2.94385 2.70703 2.56727 2.42732 2.65843 2.81690 2.78617 2.44415 2.22525 2.08994 1.86552 1.83720 1.83720 1.83720 1.83720 1.83720 1.83720 1.81184 1.75481 1.69771 1.64063 1.59623 1.59308 1.59308 1.59308 1.59308 1.59299 1.60143 1.93667 2.01248 1.96759 1.96465 1.96465 1.96465 1.96465 1.96465 1.96465 1.96408 1.95909 1.95319 1.94728 1.94137 1.93571 1.93418 2.07583 2.13007 2.13007 2.15710 1.89482 1.83373 1.84122 1.89481
3.05854 3.05854 3.05854 3.05193 3.01714 2.97911 2.93758 2.89649 2.88864 2.83909 2.76915 2.69924 2.63814 2.62023 2.58873 2.29177 2.29177 2.29177 2.39820 2.46501 2.31132 2.11717 1.97508 1.97508 1.90072 1.83720 1.83583 1.79621 1.73909 1.68199 1.62489 1.59317 1.59308 1.59308 1.59308 1.59307 1.59295 1.59278 1.59262 1.59246 1.59239 1.57730 1.67732 1.96465 1.96465 1.96465 1.96359 1.95816 1.95225 1.94635 1.94044 1.93510 1.93418 1.93418 1.93418 1.93418 1.93418 1.93418 2.02010 2.13007 2.13738 2.16235 2.10063 2.05153 2.10554 2.11343
3.01152 2.97355 2.93551 2.90410 2.86374 2.78777 2.71300 2.67815 2.66144 2.69221 2.74344 2.79461 2.83628 2.81899 2.69007 2.29177 2.29177 2.29177 2.29177 2.29177 2.29177 2.21487 1.97886 1.91832 1.82704 1.66629 1.61051 1.59308 1.59308 1.59308 1.59308 1.59305 1.59290 1.59274 1.59258 1.59243 1.59239 1.59239 1.59239 1.59239 1.59239 1.58080 1.53750 1.95046 1.94541 1.93950 1.93465 1.93418 1.93418 1.93418 1.93418 1.93418 1.93418 1.93418 1.93418 1.93528 1.94793 1.96362 2.00924 2.19090 2.19928 2.19929 2.21712 2.11343 2.11353 2.12926
2.81602 2.75695 2.73208 2.70720 2.71957 2.77074 2.82026 2.82776 2.79686 2.76080 2.72097 2.67668 2.62850 2.61205 2.56283 2.29177 2.29177 2.29177 2.29177 2.29177 2.29177 2.25893 1.85969 1.73095 1.72847 1.60148 1.59308 1.59302 1.59286 1.59270 1.59254 1.59240 1.59239 1.59239 1.59239 1.59239 1.58170 1.54171 1.50034 1.45897 1.41759 1.38708 1.44034 1.84074 1.93418 1.93418 1.93418 1.93418 1.93418 1.93418 1.93418 1.93902 1.95435 1.97005 1.98575 2.00034 2.00340 2.00340 2.00344 2.17345 2.20976 2.26846 2.32369 2.21081 2.22534 2.23670
2.95201 2.82992 2.80123 2.76593 2.72699 2.68390 2.63599 2.60755 2.61205 2.61205 2.61205 2.61205 2.61205 2.61205 2.60982 2.32548 2.29177 2.29177 2.29177 2.29177 2.29177 2.28990 1.99729 1.73085 1.73069 1.63874 1.59249 1.59239 1.59239 1.59239 1.59239 1.58182 1.54212 1.50075 1.45938 1.41801 1.38721 1.38553 1.38553 1.38553 1.38553 1.38553 1.42917 1.68616 1.93418 1.93418 1.93448 1.94509 1.96079 1.97649 1.99218 2.00304 2.00340 2.00340 2.00340 2.00340 2.03440 2.09912 2.16384 2.34275 2.47875 2.48477 2.45868 2.29144 2.23670 2.23670
3.09846 2.60883 2.60298 2.60298 2.60298 2.60298 2.60298 2.60445 2.61205 2.61205 2.61205 2.61205 2.61205 2.61205 2.61205 2.43093 2.29177 2.29177 2.29131 2.28393 2.27429 2.26464 2.17026 1.74150 1.73027 1.67860 1.58211 1.54254 1.50117 1.45979 1.41842 1.38731 1.38553 1.38553 1.38553 1.38553 1.38553 1.38553 1.38553 1.38553 1.38553 1.38553 1.40825 1.60198 1.96723 1.98292 1.99832 2.00340 2.00340 2.00340 2.00340 2.00828 2.06089 2.12567 2.19039 2.25511 2.28888 2.28888 2.28888 2.34719 2.48477 2.48477 2.48298 2.34183 2.23670 2.29017
3.34871 2.60298 2.60298 2.60298 2.60298 2.60298 2.60298 2.60298 2.61086 2.61205 2.61205 2.61205 2.61205 2.61205 2.61136 2.51062 2.27281 2.26316 2.25397 2.25169 2.25169 2.24032 2.14528 1.71786 1.58287 1.52420 1.38805 1.38553 1.38553 1.38553 1.38553 1.38553 1.38553 1.38553 1.38553 1.38553 1.38553 1.38553 1.39979 1.44502 1.49953 1.56559 1.63313 1.74141 1.98157 2.00340 2.00340 2.02404 2.08744 2.15219 2.21694 2.27678 2.28888 2.28888 2.28888 2.28888 2.28888 2.28888 2.28888 2.29786 2.56693 2.69711 2.81771 2.86383 2.81471 2.87764
3.49066 2.74376 2.60298 2.60298 2.60298 2.60298 2.60298 2.60298 2.60819 2.61205 2.61082 2.60486 2.59844 2.59199 2.58625 2.55989 2.24648 2.18604 2.11385 2.04165 1.96946 1.90867 1.89765 1.66084 1.49697 1.49697 1.40862 1.38553 1.38553 1.38553 1.38553 1.38553 1.38553 1.38575 1.41097 1.45891 1.51628 1.58611 1.64045 1.64172 1.64172 1.64172 1.64081 1.70412 2.03854 2.17871 2.24346 2.28757 2.28888 2.28888 2.28888 2.28888 2.28888 2.28888 2.29062 2.30858 2.33049 2.35239 2.37427 2.39552 2.92841 3.12590 3.12590 3.08955 2.91867 2.87783
3.51566 3.01844 2.60298 2.60298 2.60298 2.60298 2.60106 2.59479 2.59091 2.59100 2.58580 2.58377 2.54894 2.50083 2.45268 2.40857 2.02682 1.90174 1.90174 1.90174 1.90174 1.90174 1.90174 1.79689 1.49901 1.49697 1.44107 1.38553 1.38553 1.38843 1.42327 1.47357 1.53400 1.60743 1.64172 1.64172 1.64172 1.64172 1.63577 1.58689 1.52948 1.47207 1.41552 1.45395 2.15515 2.28888 2.28888 2.28888 2.28888 2.29216 2.31184 2.33373 2.35566 2.37755 2.39772 2.40166 2.40166 2.40166 2.40166 2.40166 2.72229 3.12590 3.12599 3.14834 3.01979 2.90325
3.54694 3.29315 2.60022 2.59381 2.58738 2.58094 2.57646 2.61972 2.70085 2.48548 2.43499 2.42532 2.44907 2.48597 2.52297 2.55594 2.26136 1.90174 1.90174 1.90174 1.90174 1.90174 1.90174 1.86530 1.54913 1.50750 1.53281 1.48892 1.55261 1.62481 1.64172 1.64172 1.64172 1.64172 1.62629 1.57094 1.51349 1.45608 1.40459 1.39606 1.39606 1.39606 1.39606 1.39948 1.94189 2.31070 2.33700 2.35890 2.38080 2.39942 2.40166 2.40166 2.40166 2.40166 2.40166 2.40166 2.40166 2.40166 2.40754 2.45299 2.61953 3.28261 3.33523 3.35862 3.24171 2.92277
2.71864 2.63642 2.59010 2.67618 2.76831 2.88528 3.00310 3.07750 3.11449 2.73211 2.56121 2.56121 2.56121 2.56121 2.56121 2.56121 2.42576 1.90174 1.90174 1.90174 1.90174 1.90174 1.90174 1.89325 1.77068 1.80227 1.80767 1.65642 1.64172 1.64172 1.61236 1.55495 1.49752 1.44008 1.39810 1.39606 1.39606 1.39606 1.39606 1.42266 1.52506 1.63211 1.73916 1.84621 1.99408 2.37855 2.40166 2.40166 2.40166 2.40166 2.40166 2.40166 2.40166 2.40166 2.42249 2.47489 2.52758 2.58029 2.62707 2.63438 2.63460 3.26587 3.35862 3.36223 3.37611 3.17472
2.67317 2.91430 3.06731 3.13883 3.16450 3.16538 3.16538 3.16538 3.16538 2.92389 2.56121 2.56121 2.56121 2.56121 2.56121 2.56121 2.54519 1.93385 1.90174 1.90174 1.90174 1.90174 1.90174 1.90174 1.82985 1.80646 1.76352 1.60115 1.48155 1.42414 1.39606 1.39606 1.39606 1.39606 1.42266 1.52506 1.63211 1.73916 1.84621 1.92666 1.93131 1.93131 1.93131 1.93131 1.89911 2.33625 2.40166 2.40166 2.40166 2.40410 2.44406 2.49679 2.54950 2.60217 2.63408 2.63438 2.63438 2.63438 2.63450 2.64328 2.65749 3.09696 3.41012 3.42071 3.46868 3.61690
3.06846 3.07860 3.10976 3.16538 3.16538 3.16538 3.16538 3.16538 3.16538 3.09960 2.56290 2.56121 2.56121 2.56121 2.56121 2.56121 2.56121 2.13966 1.90174 1.90174 1.90174 1.91829 2.04484 2.19153 2.01139 1.57771 1.56321 1.50688 1.39606 1.42266 1.52506 1.63211 1.73916 1.84621 1.92666 1.93131 1.93131 1.93131 1.93131 1.93131 1.93131 1.93131 1.93131 1.93131 1.91765 2.16992 2.46334 2.51869 2.57140 2.62167 2.63438 2.63438 2.63438 2.63438 2.63645 2.64915 2.66335 2.67755 2.69163 2.69704 2.69704 2.91542 3.42128 3.42128 3.42128 3.67820
3.06846 3.07304 3.09034 3.16088 3.16538 3.16538 3.16538 3.16538 3.16538 3.16538 2.67473 2.56121 2.56121 2.56121 2.56121 2.56121 2.56121 2.35081 2.06674 2.21331 2.36006 2.49002 2.51015 2.51015 2.37431 1.64462 1.71891 1.78647 1.84603 1.92666 1.93131 1.93131 1.93131 1.93131 1.93131 1.93131 1.93131 1.93131 1.93131 1.93131 1.93131 1.93131 1.93131 1.93131 1.93131 2.02232 2.57893 2.63438 2.63438 2.63438 2.64084 2.65502 2.66923 2.68341 2.69555 2.69704 2.69704 2.69704 2.69704 2.69704 2.69704 2.72949 3.39824 3.31785 3.17048 3.13324
3.06846 3.06878 3.08733 3.13879 3.16538 3.16538 3.16538 3.16538 3.16538 3.16538 2.85232 2.56121 2.56121 2.59049 2.68577 2.78360 2.88128 2.90331 2.51015 2.51724 2.57976 2.65405 2.72837 2.80269 2.86381 2.06511 1.92295 1.92295 1.92920 1.93131 1.93131 1.93131 1.93131 1.93131 1.93131 1.93131 1.93131 1.93131 1.93131 1.93131 1.93131 1.93131 1.93131 1.93131 1.93131 1.91489 2.50485 2.66089 2.67509 2.68928 2.69703 2.69704 2.69704 2.69704 2.69704 2.69704 2.69704 2.70930 2.84468 3.01201 3.17907 3.34657 2.90053 2.63828 2.63828 2.64919
3.06846 3.06846 3.08207 3.11489 3.16538 3.16538 3.16538 3.16538 3.16538 3.20708 3.16901 2.79813 2.89592 2.96438 2.96874 3.00533 3.05488 3.10386 2.84510 2.85809 2.86989 2.86989 2.86989 2.86989 2.86989 2.35637 1.92295 1.92295 1.92677 1.93131 1.93131 1.93131 1.93131 1.93131 1.93131 1.93131 1.93131 1.93131 1.93131 1.93131 1.93131 1.95127 2.04543 2.14645 2.24765 2.30918 2.43054 2.69704 2.69704 2.69704 2.69704 2.69704 2.72182 2.87197 3.03903 3.20636 3.37360 3.52857 3.56043 3.56043 3.56043 3.56043 3.14818 2.63828 2.63828 2.63865
3.06846 3.06846 3.07649 3.09290 3.16369 3.22143 3.31915 3.41690 3.51469 3.57072 3.56694 3.08536 3.09654 3.14756 3.19806 3.21389 3.21679 3.21969 3.03778 2.86989 2.86989 2.86989 2.86989 2.86989 2.86989 2.64774 1.92295 1.92295 1.92436 1.93131 1.93131 1.93131 1.93131 1.93131 1.93131 1.93131 1.93131 1.97249 2.07304 2.17419 2.27526 2.35645 2.36341 2.36341 2.36341 2.36160 2.31669 2.71129 2.89899 3.06623 3.23355 3.40079 3.54308 3.56043 3.56043 3.56043 3.56043 3.56043 3.56043 3.56043 3.56043 3.55825 3.39864 2.61366 2.60200 2.59058
3.06935 3.13445 3.24179 3.36429 3.51176 3.57212 3.57567 3.57992 3.58627 3.59279 3.59721 3.35740 3.22159 3.22304 3.22304 3.22304 3.22304 3.22304 3.13069 2.86989 2.86989 2.86989 2.86989 2.86989 2.86989 2.85986 2.00221 1.92295 1.92296 1.93025 1.93131 1.93131 1.93287 1.99963 2.10078 2.20181 2.30296 2.36293 2.36341 2.36341 2.36341 2.36341 2.36174 2.35579 2.34962 2.34345 3.00827 3.59869 3.56043 3.56043 3.56043 3.56043 3.56043 3.56043 3.56043 3.56043 3.56043 3.55434 3.54268 3.53104 3.51937 3.50989 3.50846 2.70135 2.58686 2.58686
3.45236 3.49566 3.50640 3.52717 3.55855 3.59903 3.60201 3.60429 3.60447 3.60447 3.60447 3.47398 3.22304 3.22304 3.22304 3.22304 3.22304 3.22304 3.20379 2.87401 2.86989 2.86989 2.86989 2.86989 2.86989 2.86989 2.28345 1.92295 1.93315 2.02395 2.12844 2.22950 2.32910 2.36341 2.36341 2.36341 2.36341 2.36179 2.35580 2.34962 2.34345 2.33729 2.33278 2.33257 2.33257 2.33257 2.76454 3.62985 3.56043 3.56043 3.56043 3.56043 3.55934 3.54956 3.53790 3.52624 3.51459 3.50901 3.50901 3.50901 3.50901 3.51002 3.53759 3.03161 2.69417 2.73352
3.54974 3.55960 3.56226 3.55258 3.55120 3.60410 3.60447 3.60447 3.60447 3.60447 3.60447 3.57983 3.22941 3.22304 3.22304 3.22304 3.22304 3.22304 3.22304 2.96765 2.86989 2.86989 2.86989 2.86989 2.87295 2.88636 2.66105 2.24884 2.33971 2.35755 2.36341 2.36341 2.36179 2.35585 2.34968 2.34352 2.33735 2.33280 2.33257 2.33257 2.33257 2.33257 2.33257 2.33257 2.33257 2.33257 2.43336 3.60635 3.56233 3.54477 3.53311 3.52145 3.51089 3.50901 3.50901 3.50901 3.50901 3.51726 3.55418 3.59356 3.63290 3.67129 3.68305 3.40115 2.76090 2.76090
3.56226 3.56226 3.56226 3.55730 3.54529 3.59157 3.60447 3.60447 3.60447 3.60447 3.60447 3.60447 3.31705 3.22304 3.22304 3.22304 3.22304 3.22304 3.22304 3.07433 2.87453 2.88852 2.90277 2.91703 2.92822 2.92907 2.90548 2.36348 2.28842 2.23042 2.33512 2.33735 2.33280 2.33257 2.33257 2.33257 2.33257 2.33257 2.33257 2.33257 2.33257 2.33257 2.33257 2.33280 2.35130 2.37662 2.39743 3.10501 3.44711 3.50901 3.50901 3.50901 3.50910 3.53141 3.57078 3.61013 3.64952 3.68062 3.68305 3.68305 3.68305 3.68305 3.68305 3.63958 2.78469 2.76074
3.56226 3.56226 3.56226 3.56158 3.54579 3.57314 3.60447 3.60447 3.60447 3.60447 3.60447 3.60447 3.42935 3.22304 3.22304 3.22304 3.22740 3.23690 3.24640 3.19556 2.92880 2.92907 2.92209 2.87126 2.81275 2.75421 2.69572 2.24754 2.07127 2.07127 2.25906 2.33257 2.33257 2.33257 2.33257 2.33257 2.33257 2.33257 2.33257 2.33513 2.35890 2.38284 2.40257 2.41906 2.42477 2.42477 2.42477 2.82280 3.39094 3.54800 3.58738 3.62672 3.66600 3.68305 3.68305 3.68305 3.68305 3.68305 3.68305 3.68305 3.66813 3.47341 3.22627 2.97862 2.69143 2.67910
3.56226 3.56226 3.56226 3.56226 3.54982 3.55461 3.60447 3.60447 3.60447 3.60447 3.60447 3.60453 3.54732 3.23834 3.24784 3.25734 3.26248 3.26028 3.22986 3.18543 2.79142 2.70455 2.65295 2.64529 2.64529 2.64529 2.64529 2.41970 2.07127 2.07127 2.18336 2.33257 2.33257 2.33257 2.33257 2.33983 2.36606 2.38871 2.40749 2.42215 2.42477 2.42477 2.42477 2.42477 2.43087 2.45050 2.47062 2.65910 3.44410 3.67907 3.68305 3.68305 3.68305 3.68305 3.68305 3.65168 3.43490 3.18763 2.94011 2.69285 2.46050 2.40784 2.40784 2.40784 2.52769 2.67299
3.56226 3.56226 3.56226 3.56226 3.55454 3.54529 3.59537 3.60479 3.61170 3.62120 3.63071 3.64016 3.64306 3.28472 3.19669 3.15768 3.10676 3.03954 3.00035 2.96974 2.75947 2.64529 2.64529 2.64529 2.64529 2.64529 2.64529 2.59138 2.07540 2.07127 2.10766 2.34664 2.37283 2.39429 2.41217 2.42403 2.42477 2.42477 2.42477 2.42481 2.43599 2.45612 2.47621 2.49634 2.51034 2.51083 2.51083 2.51760 3.30906 3.63555 3.62937 3.39626 3.14912 2.90160 2.65434 2.43831 2.40784 2.40784 2.40784 2.40784 2.40784 2.40784 2.40784 2.40784 2.39050 2.39700
3.56226 3.56226 3.56226 3.55966 3.51989 3.45858 3.52884 3.64133 3.62682 3.58100 3.53044 3.45691 3.38067 3.13001 2.94993 2.91932 2.90059 2.90038 2.90038 2.90038 2.81676 2.64529 2.64529 2.64529 2.64529 2.64529 2.64722 2.72183 2.42788 2.20164 2.23475 2.39856 2.42477 2.42477 2.42477 2.42592 2.44160 2.46172 2.48183 2.50191 2.51083 2.51083 2.51083 2.51083 2.51083 2.50237 2.47134 2.43911 2.48058 2.51177 2.42220 2.40784 2.40784 2.40784 2.40784 2.40784 2.40784 2.40784 2.40784 2.40530 2.26361 2.04264 1.82138 1.60031 1.44133 1.66825
3.52135 3.47400 3.42677 3.37508 3.32055 3.23163 3.22690 3.37467 3.31484 3.28376 3.25741 3.25402 3.25402 3.15324 2.90038 2.90038 2.90038 2.90038 2.90038 2.90038 2.87395 2.64529 2.65210 2.73804 2.82891 2.90352 2.96497 2.98383 2.80246 2.30752 2.25057 2.35193 2.44721 2.46733 2.48743 2.50641 2.51083 2.51083 2.51083 2.51083 2.50237 2.47134 2.43911 2.40687 2.37463 2.35086 2.34965 2.34965 2.23419 2.20221 2.40757 2.40784 2.40784 2.40784 2.40784 2.37365 2.17450 1.95324 1.73217 1.51354 1.43398 1.43398 1.43398 1.43398 1.42887 1.52593
