High_resolution/powerplant/Fengdu/OMI_NO2_200711.asc
ncols      200
nrows      200
xllcorner       105.978
yllcorner       28.1831
cellsize     0.0166667
NODATA_Value      -999.000
[rows 145 to 173 of 200, columns 132 to 197 of 200]
1.15352 1.09053 1.12317 1.09007 1.06077 1.04784 1.09768 1.15641 1.15761 1.15879 1.11978 1.02827 1.08922 1.11524 1.11524 1.11524 1.11524 1.11524 1.11524 1.25225 1.35197 1.35140 1.35076 1.35750 1.31924 1.50267 1.77316 1.66884 1.56904 1.61552 1.61378 1.62224 1.62140 1.56606 1.50465 1.44014 1.37892 1.36630 1.32832 1.31442 1.45356 1.59222 1.59222 1.47191 1.27876 1.27876 1.27876 1.09776 1.04826 1.04826 1.04808 0.905874 0.882816 0.868898 0.869035 0.879162 0.881161 0.878945 0.869912 0.880469 0.907247 0.934039 0.960277 0.990461 1.00178 1.03445
1.36500 1.24767 1.25783 1.16431 1.13305 1.14196 1.14828 1.18975 1.18975 1.18975 1.18646 1.05431 1.13383 1.14720 1.15842 1.16831 1.17787 1.17116 1.17489 1.22928 1.28200 1.24777 1.18140 1.13412 1.12215 1.21368 1.48791 1.49389 1.46620 1.46493 1.49461 1.41676 1.36570 1.35890 1.35622 1.35621 1.35621 1.35111 1.31014 1.31014 1.38169 1.59222 1.59222 1.54200 1.27876 1.27876 1.27876 1.16733 1.04826 1.04826 1.04826 0.935990 0.864211 0.834897 0.852722 0.887438 0.911292 0.940293 0.976104 0.992332 1.00029 1.03964 1.11011 1.21991 1.31363 1.37672
1.47495 1.30993 1.28834 1.22933 1.14332 1.14332 1.14050 1.18622 1.25759 1.27183 1.26925 1.14049 1.14090 1.13543 1.14114 1.14608 1.15099 1.17072 1.18088 1.18025 1.16969 1.16948 1.13555 1.12625 1.16326 1.26161 1.36582 1.27797 1.25119 1.26754 1.35621 1.35621 1.35621 1.35621 1.35621 1.35621 1.35621 1.36052 1.31527 1.31014 1.31894 1.58305 1.59222 1.59062 1.30033 1.27876 1.27876 1.23685 1.04826 1.07651 1.14994 1.12064 0.994966 1.02394 1.04003 1.01036 0.985241 1.02593 1.08598 1.14903 1.20696 1.23344 1.22781 1.25540 1.24528 1.23214
1.47501 1.36095 1.28834 1.27332 1.12052 1.07628 1.03079 1.00104 1.04720 1.06657 1.06458 1.07021 1.12223 1.17468 1.18088 1.18088 1.18088 1.17406 1.15158 1.12869 1.11482 1.13330 1.22053 1.33285 1.35718 1.36140 1.39738 1.25110 1.25110 1.25214 1.34962 1.35621 1.35621 1.35621 1.35621 1.35582 1.34070 1.35218 1.33109 1.31014 1.31014 1.51995 1.59222 1.59222 1.38865 1.36988 1.44389 1.51753 1.30564 1.27523 1.26651 1.24282 1.03455 1.06696 1.12057 1.15967 1.16466 1.19241 1.18887 1.18513 1.18171 1.18268 1.18635 1.21779 1.23673 1.24392
1.32387 1.22390 1.07169 1.02824 0.908658 0.911760 0.944859 0.983079 1.08703 1.15050 1.15050 1.13887 1.11281 1.13737 1.11731 1.09447 1.09783 1.12505 1.16783 1.21107 1.22901 1.22806 1.25617 1.35718 1.35718 1.35791 1.45370 1.26608 1.27239 1.27047 1.30631 1.30188 1.28320 1.26566 1.24919 1.23396 1.22904 1.31246 1.34514 1.32290 1.39058 1.60250 1.82068 1.89476 1.79578 1.63820 1.63820 1.63795 1.41783 1.26850 1.26918 1.26857 1.13302 1.08056 1.03084 1.02256 1.11023 1.19261 1.19882 1.20496 1.21085 1.21228 1.21228 1.23073 1.25265 1.25265
1.15024 1.14778 1.10880 1.14250 1.09099 1.01595 1.02129 1.00261 1.01735 1.08626 1.06656 1.04728 1.03044 1.12490 1.17397 1.22324 1.24669 1.25277 1.25903 1.26552 1.27334 1.28850 1.29615 1.41585 1.41368 1.40127 1.46802 1.30525 1.23547 1.22904 1.22904 1.22904 1.22904 1.22904 1.22914 1.23066 1.23252 1.27911 1.36711 1.65960 1.67144 1.75120 1.86088 1.81419 1.69137 1.42195 1.38282 1.34395 1.27833 1.13902 1.13252 1.12563 1.05027 1.00029 1.05194 1.05394 1.09747 1.21069 1.21020 1.20972 1.20924 1.20876 1.20828 1.21869 1.25265 1.25265
1.15698 1.16844 1.19418 1.22685 1.23374 1.14237 1.16931 1.05856 1.00814 1.18057 1.23807 1.29297 1.28158 1.27604 1.30355 1.30952 1.30952 1.30952 1.30952 1.30952 1.30955 1.32501 1.31881 1.29455 1.33512 1.33512 1.38218 1.35794 1.22904 1.22904 1.23008 1.23198 1.23374 1.23600 1.25802 1.28837 1.31843 1.36964 1.51254 1.80934 1.91618 1.90401 1.59637 1.57053 1.53612 1.32485 1.32280 1.32067 1.30971 1.10013 1.09380 1.09312 1.05143 0.979065 1.03316 1.04763 1.05422 1.20512 1.20534 1.20534 1.20534 1.20534 1.20534 1.20789 1.25229 1.25265
1.38403 1.40992 1.42439 1.42868 1.44912 1.35255 1.37751 1.35650 1.21674 1.31763 1.33795 1.33902 1.31407 1.28055 1.29873 1.30952 1.30952 1.30952 1.30952 1.30952 1.30952 1.31932 1.32742 1.28170 1.33512 1.33451 1.34572 1.43247 1.25652 1.26759 1.27778 1.28788 1.29796 1.30739 1.29701 1.28086 1.26883 1.24963 1.30444 1.49479 1.68177 1.69391 1.42933 1.32265 1.32265 1.31484 1.31311 1.31311 1.31311 1.13749 1.09130 1.09130 1.08112 0.979236 1.01550 1.04763 1.04629 1.17557 1.20534 1.20534 1.20566 1.21603 1.20817 1.18386 1.19385 1.17166
1.47001 1.50157 1.53896 1.60004 1.63894 1.60471 1.58355 1.60721 1.36035 1.33804 1.37585 1.37587 1.36561 1.31522 1.31292 1.30202 1.28634 1.27065 1.25494 1.23926 1.23231 1.25466 1.28423 1.26393 1.33654 1.35385 1.37249 1.39203 1.20714 1.18139 1.18147 1.18358 1.17122 1.15592 1.14064 1.12152 1.09819 1.08290 1.12924 1.31272 1.71490 1.71490 1.53074 1.32265 1.32265 1.31696 1.31311 1.31311 1.31311 1.18817 1.09130 1.09130 1.09130 0.998795 1.01074 1.07451 1.08800 1.17881 1.22298 1.19710 1.16987 1.13097 1.11304 1.11379 1.13210 1.12879
1.70841 1.73641 1.75899 1.76264 1.75124 1.71058 1.61684 1.60597 1.41756 1.26159 1.27653 1.26346 1.25023 1.18378 1.18228 1.18814 1.22623 1.26655 1.31082 1.35970 1.40235 1.40504 1.38135 1.34639 1.36293 1.37798 1.36137 1.32177 1.18745 1.11819 1.10282 1.08543 1.08257 1.08257 1.08257 1.08257 1.08257 1.08257 1.11053 1.20011 1.67941 1.71490 1.63064 1.32265 1.32265 1.31908 1.32139 1.35059 1.37903 1.33601 1.21188 1.23624 1.25722 1.17072 1.07608 1.13053 1.12822 1.11307 1.12542 1.13393 1.13280 1.12357 1.11500 1.10636 1.11228 1.13672
1.66057 1.64989 1.63946 1.63305 1.63405 1.63264 1.54387 1.54567 1.48429 1.31394 1.34192 1.38105 1.42575 1.40556 1.38449 1.40152 1.40657 1.40658 1.40658 1.40658 1.40611 1.40438 1.38121 1.33501 1.20684 1.14819 1.10361 1.10017 1.10072 1.08257 1.08257 1.08257 1.08257 1.08257 1.08257 1.08257 1.08257 1.08257 1.09345 1.17155 1.59390 1.75325 1.76277 1.45042 1.43388 1.43468 1.42461 1.40453 1.38006 1.34938 1.33018 1.32089 1.32502 1.28330 1.16311 1.20753 1.21232 1.19015 1.16024 1.11740 1.08303 1.05582 1.02865 1.00133 0.968021 0.928576
1.63044 1.65186 1.68481 1.71875 1.75481 1.78776 1.75914 1.75678 1.74151 1.51363 1.49823 1.50853 1.50997 1.46476 1.39398 1.40312 1.40347 1.40166 1.39665 1.35058 1.29252 1.23571 1.19097 1.18931 1.12132 1.09292 1.09292 1.09627 1.10759 1.08391 1.08257 1.08100 1.05625 1.06115 1.06662 1.07193 1.07714 1.08224 1.08761 1.18980 1.36483 1.55954 1.53972 1.33976 1.25702 1.25140 1.23993 1.23566 1.23556 1.23556 1.36634 1.36973 1.40556 1.43300 1.27830 1.26792 1.30857 1.33787 1.00444 0.920285 0.906658 0.892212 0.876983 0.861205 0.854789 0.842425
1.83035 1.84192 1.84281 1.84774 1.88488 1.91210 1.89991 1.83377 1.83377 1.58916 1.50727 1.50675 1.50531 1.48869 1.38321 1.34641 1.28991 1.23324 1.17967 1.16719 1.16719 1.16719 1.17128 1.18931 1.14504 1.09637 1.11256 1.13078 1.16394 1.16413 1.17409 1.19125 1.05768 1.04849 1.04849 1.04849 1.04849 1.04958 1.06089 1.14692 1.26591 1.50598 1.50375 1.38572 1.25742 1.29162 1.33804 1.41639 1.49718 1.57799 1.72006 1.60882 1.59416 1.56767 1.40855 1.28909 1.34970 1.34669 1.06780 0.854506 0.853154 0.851758 0.850365 0.848969 0.847577 0.842504
1.85526 1.86061 1.86506 1.86550 1.89223 1.87862 1.82870 1.67962 1.63172 1.57578 1.49667 1.46003 1.41463 1.36925 1.22609 1.18819 1.16719 1.16719 1.16728 1.16913 1.17150 1.17371 1.17578 1.19320 1.20213 1.21931 1.21656 1.21656 1.22926 1.22152 1.20621 1.20621 1.09001 1.05672 1.07053 1.08435 1.09817 1.11358 1.12357 1.17569 1.27226 1.50602 1.57450 1.61294 1.60304 1.64982 1.66401 1.63019 1.60205 1.57535 1.61707 1.49523 1.45979 1.45859 1.38903 1.23479 1.31652 1.32795 1.18117 0.834909 0.834869 0.834869 0.834869 0.834869 0.834869 0.838044
1.79465 1.75655 1.71845 1.68039 1.67813 1.71099 1.70104 1.57737 1.52299 1.47557 1.34222 1.31845 1.31744 1.31511 1.24664 1.19876 1.17704 1.17890 1.18058 1.18103 1.18103 1.18103 1.18103 1.19100 1.19822 1.22438 1.21656 1.21656 1.23059 1.25002 1.24578 1.27006 1.20686 1.13834 1.14626 1.15419 1.16212 1.16798 1.19481 1.25198 1.39124 1.62042 1.69459 1.66638 1.57582 1.54776 1.52696 1.50681 1.50681 1.50681 1.53961 1.53588 1.45173 1.45173 1.41718 1.25477 1.28401 1.32551 1.29900 0.848434 0.834869 0.834869 0.834869 0.834869 0.832052 0.819570
1.62369 1.62116 1.61279 1.54114 1.45309 1.36079 1.25811 1.28042 1.34321 1.32745 1.25216 1.22604 1.22343 1.22047 1.18333 1.12053 1.18077 1.18103 1.18103 1.18117 1.18244 1.18396 1.18548 1.19227 1.21089 1.24358 1.24816 1.25761 1.26531 1.32010 1.35299 1.34787 1.29759 1.17237 1.20502 1.26166 1.32497 1.39102 1.43226 1.46054 1.59633 1.53748 1.60100 1.60100 1.55502 1.53395 1.53256 1.50711 1.50681 1.50681 1.51106 1.59180 1.45173 1.45173 1.44512 1.28572 1.25743 1.31288 1.29235 0.921971 0.796107 0.780402 0.764380 0.748024 0.733536 0.728823
1.40300 1.31135 1.22148 1.19486 1.18545 1.15247 1.14168 1.15448 1.26188 1.25195 1.20510 1.18972 1.20739 1.20866 1.20056 1.11480 1.18254 1.19043 1.17905 1.16680 1.15245 1.13681 1.12003 1.10843 1.22196 1.24715 1.25059 1.24922 1.24994 1.30754 1.42644 1.52225 1.59739 1.44511 1.47832 1.48393 1.48393 1.48393 1.48393 1.48393 1.56572 1.54883 1.58822 1.60100 1.57211 1.53395 1.53395 1.51175 1.50681 1.50556 1.48248 1.55865 1.37465 1.33407 1.30295 1.20443 1.10055 1.13270 1.11034 0.921801 0.729802 0.729720 0.727649 0.723802 0.719575 0.715350
1.11083 1.13061 1.12154 1.11245 1.10338 1.07404 1.03692 1.02659 1.12494 1.15192 1.13205 1.12502 1.17787 1.15831 1.13874 1.06145 1.08011 1.09938 1.09938 1.09938 1.09938 1.09938 1.09938 1.10690 1.22826 1.29522 1.35191 1.38527 1.42311 1.45231 1.57677 1.76029 1.76029 1.53153 1.48393 1.48393 1.48393 1.48393 1.48393 1.48393 1.53345 1.58871 1.54845 1.57248 1.52958 1.44322 1.41212 1.36498 1.32785 1.30553 1.29724 1.34656 1.23424 1.14686 1.12300 1.08722 1.02445 1.05593 1.06454 0.982988 0.703983 0.699943 0.701898 0.707469 0.713391 0.719340
1.01702 1.07363 1.07363 1.07363 1.06664 1.04146 0.976172 0.956593 0.999206 1.04600 1.02196 0.994643 1.09021 1.09021 1.09021 1.05489 1.05530 1.09979 1.12199 1.15651 1.19103 1.22518 1.25762 1.28225 1.32418 1.37089 1.42086 1.43889 1.43889 1.44558 1.52668 1.72693 1.76029 1.58965 1.48425 1.49168 1.51390 1.53963 1.56531 1.59105 1.60353 1.45056 1.36987 1.44534 1.45257 1.39383 1.37433 1.34900 1.31186 1.28922 1.27438 1.28350 1.22553 1.10191 1.09932 1.07276 1.00050 0.983963 0.990066 0.964708 0.762301 0.763390 0.816189 0.864675 0.910826 0.954471
1.04511 1.00890 0.992114 0.975354 0.965557 0.961850 0.902964 0.897236 0.920039 1.02577 1.02542 0.979805 1.09169 1.11668 1.13969 1.14834 1.16278 1.27650 1.28659 1.28414 1.28170 1.27964 1.27935 1.27906 1.29210 1.36491 1.39509 1.42252 1.42013 1.43646 1.50609 1.65906 1.75477 1.73103 1.69371 1.71197 1.71550 1.71550 1.71550 1.71550 1.71760 1.51645 1.43666 1.41062 1.38693 1.32478 1.30121 1.29480 1.25759 1.24552 1.23657 1.23085 1.22585 1.00342 0.987368 0.988625 0.956001 0.957680 1.07287 1.10751 1.05592 1.01977 1.01982 1.01982 1.02015 1.02143
1.13644 0.968671 0.942415 0.927133 0.910732 0.897896 0.897236 0.902180 0.911962 1.03335 1.05969 1.07330 1.16566 1.18348 1.16995 1.15383 1.15879 1.27727 1.27696 1.27671 1.27646 1.27622 1.27068 1.25862 1.24657 1.30581 1.37694 1.51169 1.53675 1.54427 1.56846 1.65825 1.79337 1.78380 1.71550 1.71575 1.72947 1.75086 1.77225 1.79362 1.81365 1.66639 1.53167 1.40109 1.39159 1.33017 1.21553 1.20883 1.18901 1.19445 1.20992 1.22642 1.26791 1.10409 1.07044 1.08071 1.04888 1.00075 1.16378 1.16950 1.12632 1.03523 1.03656 1.03790 1.03889 1.03895
1.09408 0.945850 0.882643 0.883993 0.885266 0.886548 0.887760 0.884526 0.877205 0.934317 0.972252 0.980977 1.03425 1.08450 1.08441 1.08295 1.10658 1.23847 1.23883 1.22677 1.21472 1.20267 1.19594 1.19592 1.19592 1.24875 1.32722 1.52598 1.54286 1.54291 1.55240 1.62383 1.80839 1.84419 1.80104 1.82099 1.83592 1.85099 1.86914 1.88783 1.90670 1.82738 1.66724 1.50419 1.49429 1.48137 1.29716 1.31812 1.29946 1.29688 1.29788 1.29788 1.31670 1.21238 1.09249 1.09249 1.06993 1.01671 1.13002 1.17508 1.16196 1.04319 1.03895 1.03895 1.03895 1.03895
1.02464 0.959887 0.861969 0.862199 0.862430 0.869411 0.904237 0.942126 0.980272 1.03198 1.05763 1.11818 1.04823 1.04795 1.03958 1.03265 1.03983 1.16991 1.19592 1.19592 1.19592 1.19592 1.19592 1.19592 1.19146 1.20689 1.26726 1.48089 1.51930 1.51712 1.60443 1.78237 1.97884 2.07567 2.03264 2.01814 2.03456 2.04375 2.00198 1.94719 1.89526 1.80808 1.53231 1.63489 1.61432 1.61386 1.38372 1.35833 1.32679 1.29788 1.29788 1.29788 1.31041 1.28213 1.09249 1.09249 1.08057 1.03370 1.08194 1.17508 1.17210 1.06818 1.03178 1.02843 1.02508 1.02173
1.04099 1.01849 0.914522 1.00124 1.09462 1.18115 1.23980 1.29547 1.35082 1.37236 1.33254 1.32962 1.15259 1.02311 1.01469 1.00638 0.988704 1.09770 1.12073 1.10912 1.09660 1.08201 1.06808 1.05496 1.04647 1.04835 1.21875 1.35520 1.43150 1.43178 1.53548 1.78255 1.95310 2.03953 1.94623 1.85008 1.80316 1.75529 1.74337 1.74337 1.74337 1.74337 1.52748 1.59597 1.62176 1.61432 1.44844 1.35833 1.34068 1.29788 1.29788 1.29788 1.30417 1.32470 1.11671 1.08849 1.08476 1.03460 1.02656 1.17344 1.18244 1.10903 1.01420 1.01420 1.01790 1.04978
1.41495 1.49567 1.40937 1.41465 1.43099 1.44727 1.46360 1.47992 1.49622 1.51254 1.50082 1.50167 1.42264 0.955968 0.912739 0.882404 0.848670 0.986866 1.04521 1.04342 1.04213 1.04206 1.04206 1.04206 1.04206 1.04206 1.17685 1.32595 1.37451 1.29113 1.27877 1.39192 1.53613 1.81300 1.80396 1.74337 1.74337 1.74337 1.74337 1.74337 1.74337 1.74337 1.59036 1.54385 1.64307 1.61432 1.51254 1.35537 1.34992 1.29261 1.29033 1.28866 1.28716 1.31701 1.19204 1.10809 1.11987 1.08868 1.04205 1.19010 1.20893 1.20405 1.10314 1.15845 1.21373 1.24521
1.78983 1.72785 1.61724 1.55509 1.55509 1.55509 1.55509 1.54890 1.52055 1.49017 1.44514 1.38600 1.35518 0.826444 0.740204 0.740204 0.740204 0.920869 1.04205 1.04206 1.04214 1.05422 1.07486 1.09553 1.10921 1.10781 1.17753 1.29178 1.29725 1.15998 1.16610 1.31196 1.50617 1.73704 1.81916 1.74569 1.74337 1.74337 1.74337 1.72631 1.68733 1.64731 1.55205 1.45771 1.60386 1.55175 1.50699 1.27827 1.27425 1.23928 1.23712 1.24301 1.24948 1.33703 1.29195 1.12653 1.14580 1.15236 1.15656 1.33791 1.47725 1.51040 1.35973 1.35949 1.37281 1.35342
1.85026 1.73502 1.65970 1.47768 1.44733 1.41697 1.38664 1.36247 1.36051 1.36051 1.35810 1.31806 1.31887 0.958660 0.740204 0.743226 0.759373 0.891586 1.09984 1.12634 1.13916 1.12546 1.10291 1.08036 1.06475 1.06422 1.08597 1.24185 1.33921 1.13599 1.12603 1.22954 1.38017 1.52814 1.65992 1.57354 1.52147 1.48153 1.44143 1.41856 1.41750 1.41750 1.41257 1.37338 1.51002 1.52428 1.53907 1.32792 1.30916 1.27594 1.25624 1.27278 1.30820 1.40461 1.48205 1.39608 1.43540 1.44780 1.42525 1.50294 1.56561 1.53295 1.32184 1.19983 1.17278 1.17177
1.99978 1.81754 1.76349 1.36064 1.36051 1.36051 1.36051 1.36051 1.36051 1.36051 1.36311 1.33713 1.33065 1.15542 0.821104 0.836494 0.832920 0.864529 1.04760 1.02722 1.00077 0.988739 0.977120 0.965472 0.953797 0.942950 0.934973 1.09947 1.19336 0.939630 0.897235 0.926654 1.04368 1.19733 1.46224 1.43798 1.41750 1.41750 1.41760 1.41967 1.42249 1.42532 1.42815 1.39223 1.44816 1.50219 1.45588 1.41623 1.47261 1.48358 1.47269 1.49460 1.49981 1.54535 1.62593 1.55277 1.53056 1.54362 1.50440 1.50362 1.48527 1.48922 1.37159 1.21872 1.22425 1.22980
2.06043 1.82668 1.81754 1.42640 1.36168 1.36812 1.37597 1.38381 1.39164 1.39948 1.40472 1.38886 1.35774 1.29505 0.823658 0.797106 0.785203 0.788262 0.907884 0.926556 0.930519 0.934485 0.938451 0.942414 0.946380 0.949573 0.949852 1.06115 1.13981 0.937546 0.852780 0.885428 0.990248 1.16168 1.40823 1.45241 1.42450 1.40725 1.36747 1.32557 1.28306 1.24181 1.20825 1.15244 1.17197 1.33976 1.35284 1.47517 1.64869 1.64952 1.58290 1.59849 1.61197 1.62865 1.72459 1.67704 1.60217 1.60217 1.55936 1.54709 1.52370 1.52075 1.46726 1.25721 1.25178 1.25178
