High_resolution/powerplant/Fengdu/OMI_NO2_201109.asc
ncols      200
nrows      200
xllcorner       105.978
yllcorner       28.1831
cellsize     0.0166667
NODATA_Value      -999.000
[rows 0 to 29 of 200, columns 0 to 65 of 200]
1.74505 1.74505 1.74505 1.74505 1.74505 1.74505 1.74505 1.74505 1.74505 1.74505 1.74505 1.76749 2.03854 2.28828 2.78282 3.59224 3.59224 3.44787 2.97776 2.97776 2.97776 2.97776 2.97776 2.97776 2.97776 2.97776 2.97776 2.97776 2.97776 2.97776 2.97776 2.97776 2.97776 2.97776 2.95655 2.68684 2.41868 1.10481 0.747329 0.747329 0.747329 0.747329 0.747329 0.747329 0.747329 0.747329 0.830871 1.73823 3.53421 3.53294 3.53238 3.53201 3.53170 3.53168 3.53168 3.20007 2.35288 2.35288 2.35288 2.35288 2.35288 2.35288 2.35288 2.35288 2.35081 1.43581
1.74505 1.74505 1.74505 1.74505 1.74505 1.74505 1.74505 1.84779 2.14652 2.36520 2.52653 2.64433 2.66864 2.66864 2.77412 3.59224 3.59224 3.58560 3.02883 2.97776 2.97776 2.97776 2.97776 2.97776 2.97776 2.97776 2.97776 2.97776 2.97776 2.99647 3.05082 2.66118 2.13857 1.99652 1.88629 1.86255 1.86255 1.38209 0.747329 0.747329 0.747329 0.760643 1.11697 1.49516 1.77292 2.11121 2.37866 2.73198 3.53175 3.53168 3.53168 3.53168 3.53168 3.53168 3.53168 3.49832 2.40976 2.35288 2.35288 2.35288 2.35288 2.35288 2.35288 2.35288 2.35288 1.91383
1.74505 1.74505 1.74744 1.97019 2.24057 2.43362 2.57847 2.66447 2.66864 2.66864 2.66864 2.66864 2.66864 2.66864 2.67138 3.43460 3.59224 3.59224 3.21100 2.97776 2.97776 2.97776 2.97776 2.97780 3.01335 3.06468 3.10297 3.13257 3.15615 3.17054 3.17119 2.78130 1.86255 1.86255 1.86255 1.86255 1.86255 1.69306 1.38639 1.69053 1.91885 2.15339 2.34748 2.46989 2.56881 2.60357 2.60357 2.63528 3.49948 3.53168 3.53168 3.53168 3.53168 3.53168 3.53168 3.53168 2.73163 2.35288 2.35288 2.35288 2.35288 2.35288 2.35288 2.35288 2.35288 2.21667
2.32304 2.49481 2.62497 2.66864 2.66864 2.66864 2.66864 2.66864 2.66864 2.66864 2.66864 2.66864 2.66864 2.66864 2.66864 3.08359 3.59224 3.59224 3.39947 3.03069 3.07742 3.11269 3.14024 3.16235 3.17119 3.17119 3.17119 3.17119 3.17119 3.17119 3.17119 3.11730 1.90130 1.84211 1.81990 1.79770 1.77548 1.77466 2.28571 2.43371 2.53973 2.60168 2.60357 2.60357 2.60357 2.60357 2.60357 2.60357 3.21289 3.53168 3.53168 3.53168 3.53168 3.53168 3.53168 3.53168 3.08668 2.35288 2.35288 2.35288 2.35288 2.35288 2.35288 2.35288 2.35288 2.35158
2.66864 2.66864 2.66864 2.66864 2.66864 2.66864 2.66864 2.66864 2.66864 2.66864 2.66864 2.66864 2.66864 2.65359 2.57147 2.73516 3.50753 3.49240 3.46780 3.18207 3.17119 3.17119 3.17119 3.17119 3.17119 3.17119 3.17119 3.17119 3.16080 3.13860 3.11638 3.09417 2.12894 1.76154 1.76154 1.76154 1.76154 1.76154 2.44362 2.60357 2.60357 2.60357 2.60357 2.60357 2.60357 2.60357 2.60357 2.60357 2.93646 3.53168 3.53168 3.53168 3.53168 3.53168 3.53168 3.53168 3.43101 2.36360 2.35288 2.35288 2.35288 2.35288 2.33996 2.28178 2.33470 2.42020
2.66864 2.66864 2.66864 2.66864 2.66864 2.66864 2.66864 2.66864 2.64454 2.55772 2.46751 2.37745 2.28721 2.21218 2.20414 2.27728 3.45320 3.47843 3.47843 3.26382 3.17119 3.17119 3.17119 3.16824 3.14864 3.12642 3.10422 3.08200 3.07019 3.07018 3.07018 3.07018 2.50197 1.76154 1.76154 1.76154 1.76154 1.76154 2.19764 2.60357 2.60357 2.60357 2.60357 2.60357 2.60357 2.60357 2.60357 2.60357 2.71925 3.53168 3.53168 3.53168 3.53168 3.53168 3.53168 3.53168 3.53168 2.61811 2.35299 2.40538 2.49123 2.57672 2.67550 2.81911 2.85210 2.85210
2.66864 2.66864 2.66864 2.63325 2.54378 2.45358 2.36356 2.27344 2.20739 2.20414 2.20414 2.20414 2.20414 2.20414 2.20414 2.20414 3.15719 3.47843 3.47842 3.35057 3.13647 3.11426 3.09205 3.07279 3.07018 3.07018 3.07018 3.07018 3.07018 3.07018 3.07018 3.07018 2.87862 1.76154 1.76154 1.76154 1.76154 1.76154 1.88135 2.59893 2.60357 2.60357 2.60357 2.63484 2.75479 2.89617 3.05886 3.24843 3.46377 3.53168 3.53168 3.53168 3.53168 3.53168 3.48872 3.35163 3.17370 2.86687 2.81903 2.85210 2.85210 2.85210 2.85210 2.85210 2.85210 2.85210
2.43975 2.34967 2.25951 2.20474 2.20414 2.20414 2.20414 2.20414 2.20414 2.20414 2.20414 2.20414 2.20414 2.20414 2.20348 2.19758 2.77445 3.45779 3.45076 3.41305 3.07326 3.07018 3.07018 3.07018 3.07018 3.07018 3.07018 3.07018 3.07018 3.07018 3.07018 3.07018 3.07018 1.94671 1.76154 1.76154 1.76154 1.76367 1.83256 2.67967 2.97117 3.14588 3.35062 3.52294 3.53168 3.53168 3.53168 3.53168 3.53168 3.51335 3.41848 3.29996 3.12675 2.94862 2.81363 2.77260 2.77252 2.78636 2.85210 2.85210 2.85210 2.85210 2.85210 2.85210 2.85210 2.85210
2.10486 2.20414 2.20414 2.20414 2.20414 2.20414 2.20414 2.20414 2.20414 2.20414 2.20172 2.19479 2.18775 2.18071 2.17434 2.17321 2.38810 3.44750 3.44750 3.44750 3.15534 3.07018 3.07018 3.07018 3.07018 3.07018 3.07018 3.07018 3.07018 3.07018 3.07018 3.07018 3.03304 2.33454 2.01572 2.17902 2.39070 2.66818 2.77574 3.24921 3.53168 3.53168 3.53168 3.53168 3.52762 3.45113 3.34789 3.24072 3.07975 2.92006 2.83687 2.77735 2.77252 2.77252 2.77252 2.77252 2.77252 2.77259 2.84200 2.85210 2.85210 2.85210 2.85210 2.85210 2.85210 2.85210
1.90874 2.20414 2.20414 2.20414 2.20414 2.20396 2.19904 2.19201 2.18496 2.17793 2.17331 2.17321 2.17321 2.17321 2.17321 2.17321 2.17435 3.29203 3.44750 3.44750 3.27173 3.07018 3.07018 3.07018 3.07018 3.07018 3.07018 2.98843 2.81720 2.64605 2.47491 2.30376 2.16967 2.26164 2.77574 2.77574 2.77574 2.77574 2.77574 2.95365 3.48352 3.38050 3.27726 3.17397 3.03688 2.93527 2.86053 2.78962 2.77252 2.77252 2.77252 2.77252 2.77252 2.77252 2.77252 2.77252 2.77252 2.77252 2.81819 2.85210 2.85210 2.85210 2.85210 2.85210 2.85210 2.85210
1.65889 2.20279 2.19625 2.18922 2.18218 2.17532 2.17321 2.17321 2.17321 2.17321 2.17321 2.17321 2.17321 2.17321 2.17321 2.17321 2.17321 2.92402 3.44750 3.44750 3.38820 3.06272 2.93409 2.76285 2.59170 2.42047 2.24932 2.15983 2.15983 2.15983 2.15983 2.15983 2.15983 2.17058 2.73168 2.77121 2.74001 2.70444 2.66888 2.63338 2.95985 2.95892 2.88412 2.80936 2.77252 2.77252 2.77252 2.77252 2.77252 2.77252 2.77252 2.77252 2.77252 2.77252 2.77252 2.77252 2.77252 2.77252 2.79430 2.85210 2.85210 2.85210 2.85210 2.85210 2.85210 2.85210
0.943801 2.11895 2.17321 2.17321 2.17321 2.17321 2.17321 2.17321 2.17321 2.17321 2.17321 2.17321 2.17321 2.17321 2.17321 2.17321 2.20972 2.68195 3.08582 2.91467 2.74343 2.25972 2.15983 2.15983 2.15983 2.15983 2.15983 2.15983 2.15983 2.15983 2.15982 2.15014 2.13236 2.11457 2.40150 2.61863 2.61427 2.61427 2.61427 2.61427 2.69935 2.77252 2.77252 2.77252 2.77252 2.77252 2.77252 2.77252 2.77252 2.77252 2.77252 2.77252 2.77252 2.77252 2.77252 2.77252 2.77252 2.77252 2.77459 2.84804 2.85210 2.85210 2.85210 2.85210 2.85210 2.84620
0.816039 1.89149 2.17321 2.17321 2.17321 2.17321 2.17321 2.17321 2.17321 2.17321 2.17321 2.23112 2.44776 2.67382 2.89977 3.12548 3.31503 3.30341 2.56277 2.53715 2.53715 2.33350 2.15983 2.15983 2.15983 2.15983 2.15679 2.14053 2.12275 2.10497 2.08721 2.07910 2.07910 2.07910 2.22321 2.61427 2.61427 2.61427 2.61427 2.61427 2.62944 2.77069 2.77252 2.77252 2.77252 2.77252 2.77252 2.77252 2.77252 2.77252 2.77252 2.77252 2.77252 2.77252 2.77252 2.77252 2.77252 2.77252 2.77252 2.82624 2.85210 2.85316 2.94076 3.11227 3.36248 3.69119
0.00000 1.66830 2.17321 2.17321 2.17321 2.17321 2.25740 2.48125 2.70708 2.93291 3.15885 3.32700 3.33607 3.33607 3.33607 3.33607 3.33607 3.33607 2.76265 2.53715 2.53715 2.44970 2.14872 2.13092 2.11314 2.09537 2.08063 2.07910 2.07910 2.07910 2.07910 2.07910 2.07910 2.07910 2.11861 2.61427 2.61427 2.61427 2.61427 2.61427 2.61343 2.74102 2.77252 2.77252 2.77252 2.77252 2.77252 2.77252 2.77252 2.77252 2.77252 2.77252 2.77252 2.77252 2.77252 2.77252 2.77252 2.77597 2.76505 2.91813 3.50496 3.87180 3.98211 3.98211 3.98211 3.98211
0.00000 1.31578 2.49552 2.74034 2.96628 3.19223 3.33398 3.33607 3.33607 3.33607 3.33607 3.33607 3.33607 3.33607 3.33607 3.33607 3.33607 3.31343 2.82857 2.20827 2.04597 1.88755 2.05711 2.07910 2.07910 2.07910 2.07910 2.07910 2.07910 2.07910 2.07910 2.07910 2.07910 2.07910 2.07910 2.47580 2.61427 2.61427 2.61427 2.61427 2.61427 2.69256 2.77252 2.77252 2.77252 2.77252 2.77252 2.77252 2.77252 2.77252 2.77252 2.77252 2.77433 2.78213 2.78044 2.75799 2.72621 2.67259 2.64465 2.75740 3.96967 3.98211 3.98211 3.98211 3.98211 3.98211
0.00000 3.14178 3.30126 3.33607 3.33607 3.33607 3.33607 3.33607 3.33607 3.33607 3.33607 3.33607 3.33607 3.26564 3.10392 2.94162 2.77954 2.63981 2.51329 1.82297 1.82281 1.82281 1.98106 2.07910 2.07910 2.07910 2.07910 2.07910 2.07910 2.07910 2.07910 2.07910 2.07910 2.07910 2.07910 2.29472 2.61427 2.61427 2.61427 2.61427 2.61427 2.62150 2.77004 2.77252 2.77252 2.77252 2.77252 2.77303 2.77957 2.78785 2.79237 2.77570 2.74662 2.69385 2.64551 2.64465 2.64465 2.64465 2.64465 2.64465 3.68042 3.98211 3.98211 3.98211 3.98211 3.98211
0.00000 0.00000 3.26656 3.33607 3.33607 3.33607 3.33607 3.33607 3.32693 3.20064 3.03834 2.87619 2.71396 2.62210 2.62174 2.62174 2.62174 2.62174 2.62174 1.94707 1.82281 1.82281 1.90252 2.07910 2.07910 2.07910 2.07910 2.07910 2.07910 2.07910 2.19722 2.47722 2.75903 3.04023 3.32189 3.39540 2.61427 2.61427 2.61427 2.61427 2.61427 2.61132 2.73721 2.77701 2.78529 2.79358 2.80123 2.79113 2.76025 2.71326 2.65376 2.64465 2.64465 2.64465 2.64465 2.64465 2.64465 2.64465 2.64465 2.64465 3.27860 3.98211 3.98211 3.98211 3.98211 3.98211
0.00000 0.00000 3.19591 3.33501 3.29186 3.13513 2.97284 2.81068 2.65753 2.62174 2.62174 2.62174 2.62174 2.62174 2.62174 2.62174 2.62174 2.62174 2.62174 2.17962 1.82281 1.82281 1.83327 2.06992 2.08704 2.28760 2.56911 2.85032 3.13212 3.41318 3.57716 3.57806 3.57806 3.57806 3.57806 3.56264 2.68966 2.61427 2.59958 2.52733 2.44933 2.37126 2.66270 2.80139 2.77182 2.73021 2.66955 2.64465 2.64465 2.64465 2.64465 2.64465 2.64465 2.64465 2.64465 2.64465 2.64465 2.64465 2.64465 2.64465 2.87737 3.98211 3.98211 3.98211 3.98211 3.98211
0.00000 0.00000 3.14178 2.80497 2.62724 2.62174 2.62174 2.62174 2.62174 2.62174 2.62174 2.62174 2.62174 2.62174 2.62174 2.62174 2.62174 2.62174 2.62174 2.42688 2.12261 2.40471 2.68562 3.14659 3.49697 3.57806 3.57806 3.57806 3.57806 3.57806 3.57806 3.57806 3.57806 3.57757 3.55230 3.51326 2.89428 2.32860 2.26522 2.25940 2.25940 2.25940 2.43266 2.64498 2.64465 2.64465 2.64465 2.64465 2.64465 2.64465 2.64465 2.64465 2.64465 2.64465 2.64465 2.64465 2.64465 2.64465 2.64465 2.64465 2.63219 3.49963 3.35466 3.13066 2.95369 2.81041
0.00000 0.00000 3.14177 2.79973 2.62174 2.62174 2.62174 2.62174 2.62174 2.62174 2.62174 2.62174 2.62174 2.62174 2.61223 2.57469 2.53538 2.49611 2.45677 2.44468 3.27543 3.32178 3.32178 3.42239 3.57806 3.57806 3.57806 3.57806 3.57806 3.56834 3.53097 3.49194 3.45290 3.41438 3.40063 3.40063 3.09982 2.25940 2.25940 2.25940 2.25940 2.25940 2.31118 2.64446 2.64465 2.64465 2.64465 2.64465 2.64465 2.64465 2.64465 2.64465 2.64465 2.64465 2.64465 2.54284 2.39020 2.27475 2.18443 2.11187 2.05573 2.42782 2.71337 2.71337 2.71219 2.69037
0.00000 0.00000 0.00000 2.95336 2.62182 2.62174 2.62174 2.62174 2.62174 2.60788 2.56902 2.52970 2.49043 2.45109 2.42127 2.41945 2.41945 2.41945 2.41945 2.41945 3.03567 3.32178 3.32178 3.34575 3.57495 3.54864 3.50964 3.47061 3.43157 3.40228 3.40063 3.40063 3.40063 3.40063 3.40063 3.40063 3.32109 2.26009 2.25940 2.25940 2.25940 2.25940 2.25940 2.57949 2.64465 2.64465 2.64465 2.64465 2.64465 2.60371 2.41253 2.25582 2.13512 2.12258 2.07091 2.04464 2.04464 2.04464 2.04464 2.04458 2.02538 2.17538 2.63624 2.60689 2.57875 2.57124
0.00000 0.00000 0.00000 3.14178 2.64895 2.56336 2.52403 2.48477 2.44540 2.41994 2.41945 2.41945 2.41945 2.41945 2.41945 2.41945 2.41945 2.41945 2.41945 2.41945 2.78470 3.37418 3.41888 3.46365 3.43239 3.40063 3.40063 3.40063 3.40063 3.40063 3.40063 3.40063 3.40063 3.40063 3.40063 3.40063 3.40063 2.56861 2.25940 2.25940 2.25940 2.25940 2.25940 2.46235 2.51350 2.33053 2.19320 2.08622 2.00050 1.94096 1.93495 1.93495 1.93495 2.00327 2.04464 2.03502 2.00212 1.96814 1.93419 1.90032 1.88556 1.90311 2.53613 2.57124 2.57124 2.57124
0.00000 0.00000 0.00000 2.76281 2.51763 2.41945 2.41945 2.41945 2.41945 2.41945 2.41945 2.41945 2.41945 2.41945 2.41945 2.41955 2.44484 2.48959 2.53434 2.57902 2.71038 3.51594 3.51847 3.51847 3.46276 3.40063 3.40063 3.40063 3.40063 3.40063 3.40063 3.40063 3.40063 3.40063 3.40063 3.40063 3.40063 2.96066 2.23192 2.09363 1.97862 1.89009 1.82051 1.80904 1.93495 1.93495 1.93495 1.93495 1.93495 1.93495 1.93170 1.90308 1.86914 1.87253 1.91093 1.88659 1.88556 1.88556 1.88556 1.88556 1.88556 1.88556 2.34894 2.57124 2.57124 2.57124
0.00000 0.00000 0.00000 0.00000 2.60014 2.41945 2.41945 2.41945 2.41945 2.41945 2.41945 2.42425 2.46262 2.50733 2.55206 2.59673 2.61614 2.61614 2.61614 2.61614 2.61614 3.35157 3.51847 3.51847 3.49875 3.40063 3.40063 3.40063 3.40063 3.40063 3.40063 3.40063 3.40063 3.29527 3.02250 2.74768 2.47271 2.09688 1.74723 1.74233 1.74233 1.74233 1.74233 1.74402 1.91813 1.93469 1.91377 1.87981 1.84586 1.81191 1.78121 1.77586 1.77586 1.78358 1.88423 1.88556 1.88556 1.88556 1.88556 1.88556 1.88556 1.88556 2.14440 2.57124 2.57124 2.57124
0.00000 0.00000 0.00000 0.00000 2.73078 2.43711 2.41945 2.43605 2.48035 2.52509 2.56982 2.60973 2.61614 2.61614 2.61614 2.61614 2.61614 2.61614 2.61614 2.61614 2.61614 3.09058 3.51847 3.51847 3.51843 3.41699 3.40063 3.39640 3.21469 2.93987 2.66491 2.38994 2.11512 1.94551 1.94347 1.94347 1.94347 1.93788 1.75134 1.74233 1.74233 1.75073 1.78248 1.81556 1.83482 1.78889 1.77586 1.77586 1.77586 1.77586 1.77586 1.77586 1.77586 1.77586 1.86094 1.88556 1.88556 1.88556 1.88556 1.88556 1.88556 1.88556 1.94535 2.56555 2.57124 2.57124
0.00000 0.00000 0.00000 0.00000 2.73719 2.59072 2.58756 2.61571 2.61614 2.61614 2.61614 2.61614 2.61614 2.61614 2.61614 2.61614 2.61614 2.61614 2.61614 2.61614 2.61614 2.82954 3.48714 3.24991 2.97495 2.63458 2.30747 2.03673 1.94347 1.94347 1.94347 1.94347 1.94347 1.94347 1.94347 1.94347 1.94454 1.96846 1.86133 1.83350 1.86660 1.89130 1.89265 1.89265 1.85554 1.77586 1.77586 1.77586 1.77586 1.77586 1.77586 1.77586 1.77586 1.77586 1.82995 1.88556 1.88556 1.88556 1.88556 1.88556 1.88556 1.88556 1.88556 2.42550 2.68160 2.82671
0.00000 0.00000 0.00000 0.00000 2.73719 2.67893 2.61614 2.61614 2.61614 2.61614 2.61614 2.61614 2.61614 2.61614 2.61614 2.61614 2.61614 2.58223 2.43014 2.26820 2.10608 1.95313 2.08022 2.06131 2.06131 2.03178 1.94347 1.94347 1.94347 1.94347 1.94347 1.94347 1.95395 1.98636 2.01946 2.05255 2.08461 2.09380 2.01133 1.89265 1.89265 1.89265 1.89265 1.89265 1.88724 1.77936 1.77586 1.77586 1.77586 1.77586 1.77586 1.77586 1.77586 1.77586 1.79899 1.88556 1.88556 1.88556 1.94710 2.09173 2.23668 2.38221 2.52724 2.99799 3.39296 3.39296
0.00000 0.00000 0.00000 0.00000 0.00000 2.72721 2.61953 2.61614 2.61614 2.61614 2.61614 2.61614 2.56411 2.40517 2.24322 2.08120 1.91908 1.79105 1.78094 1.78094 1.78094 1.78094 1.96583 2.06131 2.06131 2.05949 1.95181 1.94534 1.97119 2.00429 2.03739 2.07050 2.09311 2.09380 2.09380 2.09380 2.09380 2.09380 2.06873 1.89279 1.89265 1.89265 1.89265 1.89265 1.89265 1.80911 1.77586 1.77586 1.77586 1.77586 1.77586 1.77586 1.77937 1.80443 1.83409 2.27886 2.47794 2.62289 2.70687 2.70728 2.70728 2.70728 2.70833 2.96430 3.67898 3.85915
0.00000 0.00000 0.00000 0.00000 0.00000 2.73719 2.64077 2.54214 2.38020 2.21817 2.05614 1.89403 1.78412 1.78094 1.78094 1.78094 1.78094 1.78094 1.78094 1.78094 1.78094 1.78094 1.88497 2.09269 2.19275 2.29529 2.18045 2.08655 2.09380 2.09380 2.09380 2.09380 2.09380 2.09380 2.09380 2.09380 2.09380 2.09380 2.09380 1.92540 1.89265 1.89265 1.89265 1.89265 1.89265 1.84434 1.77586 1.78939 1.81814 1.84687 1.87559 1.90438 1.92961 1.93328 1.93328 2.43388 2.70728 2.70728 2.74821 2.88648 3.20618 3.51086 3.75516 3.88392 4.06759 4.09099
0.00000 0.00000 0.00000 0.00000 0.00000 2.13799 1.58194 1.78111 1.78094 1.78094 1.78094 1.78094 1.78094 1.78094 1.78094 1.78094 1.78094 1.78094 1.78266 1.85115 1.95365 2.05619 2.18387 2.50854 2.51283 2.51283 2.37323 2.09380 2.09380 2.09380 2.09380 2.09380 2.09380 2.09380 2.09380 2.09380 2.09380 2.09380 2.09380 1.98305 1.89265 1.89555 1.91988 1.94863 1.97737 1.99269 1.91835 1.93328 1.93328 1.93328 1.93328 1.93328 1.93328 1.94829 2.05679 2.46373 3.21053 3.52569 3.74644 3.86544 3.89070 3.89070 3.89070 3.89070 4.00817 4.09099
