High_resolution/powerplant/Fengdu/OMI_NO2_200601.asc
ncols      200
nrows      200
xllcorner       105.978
yllcorner       28.1831
cellsize     0.0166667
NODATA_Value      -999.000
[rows 116 to 144 of 200, columns 67 to 133 of 200]
5.28024 5.28024 5.28024 5.28024 5.30964 5.35743 5.35743 5.30779 5.03280 4.73028 4.42775 4.12523 3.90383 3.89314 3.89314 3.89314 3.89346 4.80628 4.94229 5.09626 5.31483 5.31483 5.31483 5.31483 5.31483 5.31483 5.31483 5.31483 5.31483 5.31483 5.31483 5.31483 5.31732 5.35936 4.21627 1.41997 1.34141 1.26292 1.18448 1.10593 1.04739 1.04419 1.04419 1.04419 1.04419 1.04419 1.04419 1.04419 1.04419 1.10110 1.29251 1.29251 1.29251 1.29251 1.29251 1.29251 1.29251 1.29251 1.29251 1.29251 1.29251 1.29251 1.29251 1.29251 1.28874 0.762378 0.720569
5.28024 5.28024 5.25447 5.00407 4.71101 4.47622 4.17355 3.92067 3.89314 3.89314 3.89314 3.89314 3.89314 3.89314 3.89314 3.89314 3.89314 4.50412 4.94229 5.00126 5.31483 5.31483 5.31483 5.31483 5.31483 5.32622 5.37826 5.43385 5.48941 5.54508 5.60076 5.65635 5.70945 5.72300 5.38932 1.04419 1.04419 1.04419 1.04419 1.04419 1.04419 1.04419 1.04419 1.04419 1.04419 1.04419 1.04419 1.04419 1.04419 1.04941 1.28171 1.29251 1.29251 1.29251 1.29251 1.29251 1.29251 1.29251 1.29251 1.29251 1.29251 1.29251 1.29251 1.29251 1.29251 0.900198 0.720569
4.52003 4.14468 3.86808 3.81595 3.81595 3.88292 3.89314 3.89314 3.89314 3.89314 3.89314 3.89314 3.89314 3.89314 3.89314 3.89314 3.89314 4.20163 4.93693 4.92479 5.38985 5.50834 5.56394 5.61945 5.67517 5.71941 5.72300 5.72300 5.72300 5.72300 5.72300 5.72300 5.72300 5.72300 5.74365 1.67228 1.04419 1.04419 1.04419 1.04419 1.04419 1.04419 1.04419 1.04419 1.04419 1.04419 1.04419 1.04419 1.04419 1.04419 1.22485 1.29251 1.29251 1.29251 1.29251 1.29251 1.29251 1.29251 1.29251 1.29251 1.29251 1.29251 1.29251 1.29251 1.29251 1.04177 0.720569
4.20710 3.81595 3.81595 3.81595 3.81595 3.86299 3.89314 3.89314 3.89314 3.89314 3.89314 3.88637 3.87353 3.86065 3.84778 3.83494 3.82206 3.85004 4.81601 4.85080 5.41672 5.72300 5.72300 5.72300 5.72300 5.72300 5.72300 5.72300 5.72300 5.72300 5.73340 5.75979 5.79323 5.83714 5.89670 2.91006 1.04419 1.04419 1.04419 1.04419 1.04419 1.04419 1.04419 1.04419 1.04419 1.04419 1.04419 1.04419 1.04419 1.04419 1.16277 1.29251 1.29251 1.29251 1.29251 1.29251 1.29251 1.29251 1.29251 1.29251 1.29251 1.29251 1.29251 1.29251 1.29251 1.18338 0.720569
4.52779 3.81595 3.81595 3.81566 3.75516 3.72261 3.85918 3.84635 3.83347 3.82061 3.80775 3.80165 3.80165 3.80165 3.80165 3.80165 3.80165 3.80165 4.55437 4.85080 5.19437 5.72300 5.72300 5.72300 5.72300 5.73287 5.75920 5.79236 5.83612 5.89520 5.93724 5.93733 5.93733 5.93733 5.93733 4.14729 1.04419 1.04419 1.04419 1.04419 1.04419 1.04419 1.04419 1.04419 1.04419 1.04419 1.04419 1.04419 1.04419 1.04419 1.10021 1.29251 1.29251 1.29251 1.29251 1.29251 1.29251 1.29251 1.29251 1.28859 1.26192 1.23168 1.20160 1.17142 1.14115 1.10741 2.29918
4.47097 3.35887 3.23949 3.13349 3.08791 3.15736 3.80016 3.80165 3.80165 3.80165 3.80165 3.80165 3.80165 3.80165 3.80165 3.80165 3.80165 3.80165 4.25195 4.85080 4.94858 5.75859 5.79162 5.83494 5.89381 5.93715 5.93733 5.93733 5.93733 5.93733 5.93733 5.93733 5.93733 5.93733 5.93733 5.38359 1.04615 1.04419 1.04419 1.04419 1.04419 1.04419 1.04419 1.04419 1.04419 1.04419 1.04419 1.04419 1.04419 1.04419 1.04916 1.27727 1.26161 1.23138 1.20111 1.17113 1.14083 1.11058 1.08029 1.05396 1.05033 1.05033 1.05033 1.05033 1.05033 1.05033 2.16659
4.18795 3.34092 3.08791 3.08791 3.08791 3.08791 3.68674 3.80165 3.80165 3.80165 3.80165 3.80165 3.80165 3.80165 3.80165 3.81645 3.86204 3.90851 4.02416 4.33073 4.19436 5.73478 5.93733 5.93733 5.93733 5.93733 5.93733 5.93733 5.93733 5.93733 5.93733 5.93733 5.93733 5.93733 5.93733 5.93733 1.73259 1.04419 1.04419 1.04419 1.04419 1.04419 1.04419 1.05019 1.33417 1.77063 2.20676 2.64356 3.07968 3.51615 3.95228 1.93875 1.05033 1.05033 1.05033 1.05033 1.05033 1.05033 1.05033 1.05033 1.05033 1.05033 1.05033 1.05033 1.05033 1.05033 1.77231
4.18795 3.66180 3.08791 3.08791 3.08791 3.08791 3.50388 3.80165 3.80165 3.80165 3.81137 3.85496 3.90145 3.94799 3.99448 4.02618 4.02713 4.02713 4.02713 4.15070 4.19291 5.29067 5.93733 5.93733 5.93733 5.93733 5.93733 5.93733 5.93733 5.93733 5.93733 5.93733 5.93733 5.93733 5.93733 5.93733 3.06552 1.60916 2.04596 2.48176 2.91855 3.35435 3.79114 4.22128 4.37342 4.37342 4.37342 4.37342 4.37342 4.37342 4.37342 2.78769 1.05033 1.05033 1.05033 1.05033 1.05033 1.05033 1.05033 1.05033 1.05033 1.05033 1.05033 1.05033 1.05033 1.05033 1.37852
4.18795 3.98235 3.08791 3.08791 3.08791 3.09357 3.36729 3.89439 3.94093 3.98743 4.02422 4.02713 4.02713 4.02713 4.02713 4.02713 4.02713 4.02713 4.02713 4.09276 4.19291 4.84602 5.93733 5.93733 5.93733 5.93733 5.93733 5.93733 5.93169 5.62446 5.14689 4.66932 4.19210 3.71418 3.23731 2.75903 3.12094 4.37342 4.37342 4.37342 4.37342 4.37342 4.37342 4.37342 4.37342 4.37342 4.37342 4.37342 4.37342 4.37342 4.37342 3.61742 1.05033 1.05033 1.05033 1.05033 1.05033 1.05033 1.05033 1.05033 1.05033 1.05033 1.05033 1.05033 1.05033 1.05033 1.07209
4.18524 4.13436 3.26002 3.22013 3.26660 3.30748 3.36821 4.02242 4.02713 4.02713 4.02713 4.02713 4.02713 4.02713 4.02713 4.02713 4.02713 4.02713 4.02713 4.05413 4.19291 4.40508 5.44799 4.96987 4.49265 4.01508 3.53751 3.06029 2.58799 2.41801 2.41801 2.41801 2.41801 2.41801 2.41801 2.41801 2.61961 4.37108 4.37342 4.37342 4.37342 4.37342 4.37342 4.37342 4.37342 4.37342 4.37342 4.37342 4.37342 4.37342 4.37342 4.30364 1.18998 1.05033 1.05033 1.05033 1.05033 1.05033 1.05033 1.05033 1.05033 1.05033 1.05033 1.05033 1.05033 1.05033 1.05033
3.90581 3.88990 3.54094 3.31339 3.31339 3.31339 3.31339 3.89452 4.02713 4.02713 4.02713 4.02713 4.02713 4.02713 4.03026 4.04562 4.06216 4.07873 4.09528 4.11601 4.37518 4.42430 2.68946 2.41801 2.41801 2.41801 2.41801 2.41801 2.41801 2.41801 2.41801 2.41801 2.41801 2.41801 2.41801 2.41801 2.41801 4.07992 4.37342 4.37342 4.37342 4.37342 4.37342 4.37342 4.37342 4.37342 4.37342 4.37342 4.37342 4.37342 4.37342 4.37342 1.94756 1.05033 1.05033 1.05033 1.05033 1.05033 1.05033 1.05033 1.05033 1.05033 1.05033 1.05033 1.05033 1.05033 1.05033
3.88990 3.88990 3.70796 3.32617 3.37575 3.42394 3.46915 3.86051 4.16302 4.19457 4.22405 4.25183 4.27817 4.30289 4.32418 4.33604 4.23756 4.14483 4.14483 4.14483 4.29969 4.42830 3.20198 2.41801 2.41801 2.41801 2.41801 2.41801 2.41801 2.41801 2.41801 2.41801 2.41801 2.41801 2.41801 2.41801 2.41801 3.58637 4.37342 4.37342 4.37342 4.37342 4.37342 4.37342 4.37342 4.37342 4.37342 4.37342 4.37342 4.37342 4.37342 4.37342 2.77834 1.05033 1.05033 1.05033 1.05033 1.05033 1.05033 1.05033 1.05033 1.05033 1.05033 1.08992 1.19136 1.29377 1.39586
4.14129 4.21415 4.26946 3.98270 4.03415 4.09410 4.15401 4.24204 4.34534 4.34534 4.34534 4.34534 4.34534 4.34534 4.34534 4.34534 4.28247 4.14483 4.14483 4.14483 4.22014 4.42830 3.71451 2.41801 2.41801 2.41801 2.41801 2.41801 2.41801 2.41801 2.41801 2.41801 2.41801 2.41801 2.41801 2.41801 2.41801 3.09341 4.37342 4.37342 4.37342 4.37342 4.37342 4.37342 4.37342 4.37342 4.37342 4.37342 4.37342 4.37342 4.37342 4.37342 3.60131 1.05033 1.05033 1.08992 1.19136 1.29377 1.39586 1.49828 1.60037 1.70279 1.80488 1.86770 1.86835 1.86835 1.86835
4.57961 4.58547 4.58547 4.30252 4.20113 4.20113 4.20113 4.20941 4.34330 4.34534 4.34534 4.34534 4.34534 4.34534 4.34534 4.34534 4.31932 4.14483 4.15612 4.19120 4.26033 4.42830 4.22366 2.42103 2.41801 2.41801 2.41801 2.41801 2.41801 2.41801 2.41801 2.41801 2.41801 2.41801 2.41801 2.41801 2.41801 2.60475 4.36932 4.37342 4.37342 4.37342 4.37342 4.37342 4.37342 4.37342 4.37342 4.35751 4.28311 4.20314 4.12323 4.04344 3.89140 1.77965 1.80488 1.86770 1.86835 1.86835 1.86835 1.86835 1.86835 1.86835 1.86835 1.86835 1.86835 1.86835 1.86835
4.58547 4.58547 4.58547 4.41382 4.20113 4.20113 4.20113 4.20113 4.31440 4.34534 4.34534 4.34534 4.34534 4.35373 4.38909 4.43194 4.48102 4.37923 4.42717 4.42830 4.42830 4.42830 4.42830 2.72880 2.41801 2.41801 2.41801 2.41801 2.41801 2.41801 2.41801 2.41801 2.41801 2.41801 2.41801 2.41801 2.41801 2.41801 4.06349 4.37006 4.31022 4.23043 4.15033 4.07054 3.99076 3.91078 3.83087 3.76693 3.76155 3.76155 3.76155 3.76155 3.76155 2.37107 1.86835 1.86835 1.86835 1.86835 1.86835 1.86835 1.86835 1.86835 1.86835 1.86835 1.86835 1.86835 1.86835
4.58547 4.58547 4.58547 4.52517 4.20113 4.20113 4.20113 4.20113 4.28159 4.38293 4.42470 4.47382 4.53223 4.58409 4.58734 4.58734 4.58734 4.49490 4.42830 4.42830 4.42830 4.42830 4.42830 3.24123 2.41801 2.41801 2.41801 2.41801 2.41801 2.41801 2.41801 2.41801 2.42606 2.45701 2.48936 2.52169 2.55405 2.58635 3.35097 3.78155 3.76155 3.76155 3.76155 3.76155 3.76155 3.76155 3.76155 3.76155 3.76155 3.76155 3.76155 3.76155 3.76155 2.84335 1.86835 1.86835 1.86835 1.86835 1.86835 1.86835 1.86835 1.86835 1.86835 1.86835 1.86835 1.86835 1.86835
4.58547 4.58547 4.58547 4.58328 4.26654 4.25193 4.28549 4.32536 4.42353 4.58734 4.58734 4.58734 4.58734 4.58734 4.58734 4.58734 4.58734 4.53268 4.42830 4.42830 4.42830 4.42830 4.42830 3.75365 2.41808 2.43630 2.46870 2.50098 2.53336 2.56569 2.59804 2.63040 2.65468 2.65608 2.65608 2.65608 2.65608 2.65608 3.02907 3.76155 3.76155 3.76155 3.76155 3.76155 3.76155 3.76155 3.76155 3.76155 3.76155 3.76155 3.76155 3.76155 3.76155 3.31581 1.86835 1.86835 1.86835 1.86835 1.86835 1.86835 1.86835 1.86835 1.86835 1.86835 1.86835 1.86835 1.86835
4.53190 4.49002 4.44016 4.38432 4.37102 4.37102 4.37102 4.37102 4.37942 4.58172 4.58734 4.58734 4.58734 4.58734 4.58734 4.58734 4.58734 4.55645 4.19353 3.85972 3.52591 3.19234 2.85830 2.50673 2.63960 2.65608 2.65608 2.65608 2.65608 2.65608 2.65608 2.65608 2.65608 2.65608 2.65608 2.65608 2.65608 2.65608 2.75359 3.75801 3.76155 3.76155 3.76155 3.76155 3.76155 3.76155 3.76155 3.76155 3.76155 3.76155 3.76155 3.76155 3.76155 3.71365 1.93992 1.86835 1.86835 1.86835 1.86835 1.86835 1.86835 1.86835 1.86835 1.86835 1.86835 1.86835 1.86835
4.37102 4.37102 4.37102 4.37102 4.37102 4.37102 4.37102 4.37102 4.37215 4.53815 4.58624 4.46276 4.29830 4.13432 3.96998 3.80588 3.64166 3.43462 2.07401 2.05920 2.05920 2.05920 2.05920 2.05920 2.55316 2.65608 2.65608 2.65608 2.65608 2.65608 2.65608 2.65608 2.65608 2.65608 2.65608 2.65608 2.65608 2.65608 2.65608 3.57693 3.76155 3.76155 3.76155 3.76155 3.76155 3.76155 3.76155 3.76155 3.76155 3.76155 3.76155 3.76155 3.76155 3.76155 2.36532 1.86835 1.86835 1.86835 1.86835 1.86835 1.86835 1.86835 1.86835 1.86835 1.86835 1.86835 1.87623
4.38569 4.38839 4.39107 4.39477 4.43750 4.49999 4.56238 4.62489 4.68617 4.19525 3.47845 3.43782 3.43782 3.43782 3.43782 3.43782 3.43782 3.43782 2.44299 2.05920 2.05920 2.05920 2.05920 2.05920 2.40190 2.65608 2.65608 2.65608 2.65608 2.65608 2.65608 2.65608 2.65608 2.65608 2.65608 2.65608 2.65608 2.65608 2.65608 3.29836 3.76155 3.76155 3.76155 3.76155 3.76155 3.76155 3.76155 3.76155 3.76155 3.76155 3.76155 3.76155 3.76155 3.76155 2.83502 1.86835 1.86835 1.86835 1.87389 1.98693 2.14192 2.29678 2.45127 2.60638 2.76112 2.91549 3.06298
4.62983 4.67649 4.73633 4.79502 4.81476 4.81476 4.81476 4.81476 4.81476 4.48168 3.43782 3.43782 3.43782 3.43782 3.43782 3.43782 3.43782 3.43782 2.82824 2.05920 2.05920 2.05920 2.05920 2.05920 2.25078 2.65608 2.65608 2.65608 2.65608 2.65608 2.65608 2.65608 2.65608 2.65608 2.65608 2.65608 2.65608 2.65608 2.65608 3.01967 3.76155 3.76155 3.76155 3.76155 3.76155 3.76155 3.76155 3.76155 3.76155 3.76155 3.76148 3.75189 3.73535 3.71883 3.37334 2.59790 2.75251 2.90774 3.05683 3.09840 3.09840 3.09840 3.09840 3.09840 3.09840 3.09840 3.09840
4.87283 4.81476 4.81476 4.81476 4.81476 4.81476 4.81476 4.81476 4.81476 4.78020 3.49248 3.43782 3.43782 3.43782 3.43782 3.43782 3.43782 3.43782 3.10578 2.05920 2.05920 2.05920 2.05920 2.05920 2.10361 2.65185 2.65608 2.65608 2.65608 2.65608 2.65608 2.65608 2.65608 2.65608 2.65608 2.65608 2.65608 2.65608 2.65608 2.74673 3.75602 3.76155 3.76155 3.75659 3.74049 3.72395 3.70743 3.69089 3.67437 3.65785 3.64137 3.63445 3.63445 3.63445 3.62029 3.11791 3.09840 3.09840 3.09840 3.09840 3.09840 3.09840 3.09840 3.09840 3.09840 3.09840 3.09840
4.91925 4.81476 4.81476 4.81476 4.81476 4.81476 4.81476 4.81476 4.81476 4.81476 3.81042 3.43782 3.43782 3.43782 3.43782 3.43782 3.43782 3.43782 3.31549 2.05920 2.05920 2.05920 2.05920 2.05920 2.05920 2.54500 2.65608 2.65608 2.65608 2.65608 2.65608 2.65608 2.65608 2.65608 2.65608 2.65683 2.67256 2.69413 2.71571 2.73731 3.52422 3.66297 3.64644 3.63486 3.63445 3.63445 3.63445 3.63445 3.63445 3.63445 3.63445 3.63445 3.63445 3.63445 3.63445 3.23713 3.09840 3.09840 3.09840 3.09840 3.09840 3.09840 3.09840 3.09840 3.09840 3.09840 3.09840
4.96568 4.81476 4.81476 4.81476 4.81476 4.81476 4.81476 4.81476 4.81476 4.81476 4.16347 3.43782 3.43782 3.43782 3.43782 3.43782 3.43782 3.43782 3.43395 2.23379 2.05920 2.05920 2.05920 2.05920 2.05920 2.39390 2.65608 2.65608 2.66020 2.68023 2.70180 2.72339 2.74496 2.76655 2.78814 2.80895 2.81483 2.81483 2.81483 2.81483 3.28611 3.63445 3.63445 3.63445 3.63445 3.63445 3.63445 3.63445 3.63445 3.63445 3.63445 3.63445 3.63445 3.63445 3.63445 3.37044 3.09840 3.09840 3.09840 3.09840 3.09840 3.09840 3.09840 3.09840 3.09840 3.09840 3.09840
5.00947 4.81738 4.81476 4.81476 4.81476 4.81476 4.81476 4.81476 4.81476 4.81476 4.51610 3.43782 3.43782 3.43782 3.43782 3.43782 3.43782 3.43782 3.43782 2.67440 2.05920 2.04994 2.02193 1.99337 1.96486 2.18141 2.77422 2.79581 2.81327 2.81483 2.81483 2.81483 2.81483 2.81483 2.81483 2.81483 2.81483 2.81483 2.81483 2.81483 3.08120 3.63445 3.63445 3.63445 3.63445 3.63445 3.63445 3.63445 3.63445 3.63445 3.63445 3.63445 3.63445 3.63445 3.63445 3.50445 3.09840 3.09840 3.09840 3.09840 3.09840 3.09840 3.09840 3.09840 3.09840 3.09840 3.09840
5.01966 4.85361 4.81476 4.81476 4.81476 4.81476 4.81476 4.81476 4.81476 4.81476 4.79369 3.51328 3.43727 3.40276 3.33904 3.26010 3.17414 3.08068 2.97707 2.45477 1.87671 1.85742 1.85688 1.85688 1.85688 1.91836 2.80477 2.81483 2.81483 2.81483 2.81483 2.81483 2.81483 2.81483 2.81483 2.81483 2.81483 2.81483 2.81483 2.81483 2.88040 3.63035 3.63445 3.63445 3.63445 3.63445 3.63445 3.63445 3.63445 3.63445 3.63445 3.63445 3.63445 3.63445 3.63445 3.61965 3.11721 3.09840 3.09840 3.09840 3.09840 3.09840 3.09840 3.09840 3.09840 3.09840 3.09840
5.05178 4.94316 4.81456 4.81448 4.81439 4.81429 4.81418 4.79547 4.73764 4.67193 4.59756 2.88078 1.98207 1.87418 1.85702 1.85688 1.85688 1.85688 1.85688 1.85688 1.85688 1.85688 1.85688 1.85688 1.85688 1.85688 2.62320 2.81483 2.81483 2.81483 2.81483 2.81483 2.81483 2.81483 2.81483 2.81483 2.81483 2.81483 2.81483 2.81483 2.81483 3.48932 3.63445 3.63445 3.63445 3.63445 3.63445 3.63445 3.63445 3.63445 3.63445 3.63445 3.63445 3.63445 3.63445 3.63445 3.23509 3.09840 3.09840 3.09840 3.09840 3.09840 3.07681 2.99254 2.90432 2.81595 2.72696
5.69343 5.45423 4.64787 4.57126 4.49460 4.41794 4.34138 4.29088 4.28978 4.28978 4.28978 3.19984 1.85688 1.85688 1.85688 1.85688 1.85688 1.85688 1.85688 1.85688 1.85688 1.85688 1.85688 1.85688 1.85688 1.85688 2.38035 2.81483 2.81483 2.81483 2.81483 2.81483 2.81483 2.81483 2.81483 2.81483 2.81483 2.81483 2.81483 2.81483 2.81483 3.28406 3.63445 3.63445 3.63445 3.63445 3.63445 3.63445 3.63445 3.63445 3.63445 3.63445 3.63445 3.63445 3.60225 3.42766 3.06679 2.81779 2.72914 2.64050 2.55235 2.46406 2.39666 2.39263 2.39263 2.39263 2.39263
5.44227 5.35937 4.28978 4.28978 4.28978 4.28978 4.28978 4.28978 4.28978 4.28978 4.28978 3.82266 1.85688 1.85688 1.85688 1.85688 1.85688 1.85688 1.85688 1.85688 1.85688 1.85688 1.85688 1.85688 1.85688 1.85688 2.13791 2.81483 2.81483 2.81483 2.81483 2.81483 2.81483 2.81483 2.81483 2.81483 2.81483 2.81483 2.81483 2.81483 2.81483 3.07915 3.63445 3.63445 3.63445 3.63445 3.62962 3.49571 3.30430 3.11303 2.92146 2.73005 2.53849 2.34707 2.18770 2.17102 2.22573 2.39263 2.39263 2.39263 2.39263 2.39263 2.39263 2.39263 2.39263 2.39263 2.39263
