High_resolution/powerplant/Fengdu/OMI_NO2_201011.asc
ncols      200
nrows      200
xllcorner       105.978
yllcorner       28.1831
cellsize     0.0166667
NODATA_Value      -999.000
[rows 0 to 28 of 200, columns 132 to 197 of 200]
1.36740 1.30499 1.25682 1.24954 1.24954 1.24954 1.18368 0.935765 0.793742 1.00421 1.52841 1.91134 2.21579 2.45938 2.86991 3.62668 3.89448 4.11843 4.30830 4.47067 4.53007 4.52561 4.42407 4.29511 5.08495 5.97098 5.97098 5.97098 6.02890 6.60717 6.60717 6.60717 0.00000 0.00000 2.04722 2.04722 2.04722 2.04722 2.04722 2.04722 2.04722 2.04946 2.08589 2.12091 2.14601 2.16484 2.17238 2.17238 2.17238 2.11415 1.28231 1.24031 1.23975 1.23485 1.23041 1.22707 1.22447 1.22244 1.22193 1.22193 1.22193 1.22193 1.22193 1.22193 1.22193 1.22227
1.24954 1.24954 1.24954 1.24982 1.27095 1.31050 1.38730 1.73355 2.16514 2.47849 2.57030 2.79938 3.01400 3.21569 3.56975 4.52979 4.47034 4.33697 4.21684 4.10849 4.01005 3.92313 3.89902 3.89902 4.47090 5.97098 5.97098 5.97098 5.97101 6.25398 5.60568 4.74158 1.50324 2.04722 2.04722 2.04722 2.04722 2.05555 2.09639 2.12829 2.15146 2.16845 2.17238 2.17238 2.17238 2.17238 2.17238 2.15301 2.02276 1.97669 1.47672 1.22413 1.22226 1.22193 1.22193 1.22193 1.22193 1.22193 1.22193 1.22193 1.22193 1.22193 1.21224 1.18702 1.16638 1.14944
1.26095 1.30217 1.38551 1.46283 1.52527 1.58868 1.78083 2.36807 2.89610 3.31944 3.43322 3.38723 3.33131 3.28035 3.29754 3.83208 3.89940 3.89902 3.89902 3.89902 3.89902 3.89902 3.89902 3.89902 4.11560 5.28378 5.19168 4.89444 4.64074 4.27721 4.01389 4.00660 1.88056 1.98256 2.10589 2.13507 2.15653 2.17083 2.17238 2.17238 2.17238 2.17238 2.15301 2.02276 1.89601 1.78879 1.69690 1.62608 1.61616 1.71776 1.62444 1.22193 1.22193 1.22193 1.22193 1.22193 1.22193 1.22193 1.21449 1.18942 1.16830 1.15103 1.14102 1.14075 1.14075 1.14075
1.52628 1.69969 1.93107 2.13552 2.32169 2.47792 2.50644 2.66042 3.03498 3.20238 3.16685 3.16304 3.16304 3.16304 3.20502 3.56688 3.89902 3.89902 3.89902 3.89148 3.79553 3.68363 3.58167 3.48862 3.46075 4.03815 4.45419 4.45419 4.45462 4.61806 3.74728 3.61654 2.65885 2.03410 2.17238 2.17238 2.17238 2.15301 2.02276 1.89601 1.78879 1.69690 1.62608 1.61616 1.61616 1.61616 1.61616 1.61616 1.61616 1.64881 1.78011 1.22423 1.22193 1.22193 1.21646 1.19184 1.17027 1.15266 1.14137 1.14075 1.14075 1.14074 1.12651 1.09973 1.07294 1.04616
2.42983 2.50281 2.49524 2.48765 2.48011 2.47704 2.47704 2.49699 2.96166 3.13884 3.16304 3.16304 3.16304 3.16304 3.18577 3.41576 3.70044 3.59713 3.50273 3.42106 3.40333 3.38670 3.30706 3.22133 3.14098 3.73129 5.33368 5.85593 6.37709 6.59878 3.77257 3.44177 3.05753 1.81224 1.89601 1.78879 1.69690 1.62608 1.61616 1.61616 1.61616 1.61616 1.61616 1.61616 1.61616 1.61616 1.61616 1.61616 1.61616 1.61616 1.81296 1.36575 1.18060 1.15431 1.14188 1.14075 1.14075 1.13822 1.11572 1.08894 1.06216 1.03538 1.02282 1.02282 1.02282 1.02282
2.47704 2.47704 2.47704 2.47704 2.47704 2.47704 2.47704 2.47704 2.81930 3.08713 3.19841 3.29804 3.39900 3.50001 3.60295 3.69580 3.42197 3.39936 3.33445 3.24869 3.17982 3.35309 3.66025 3.97347 4.28137 4.70774 6.28191 6.61258 6.54249 6.44975 4.49921 3.08903 2.93612 1.46011 1.60409 1.61616 1.61616 1.61616 1.61616 1.61616 1.61616 1.61616 1.61616 1.61616 1.61616 1.61616 1.61616 1.61868 1.62648 1.63444 1.77036 1.59810 1.17213 1.13137 1.10494 1.07814 1.05136 1.02711 1.02282 1.02282 1.02282 1.02282 1.02282 1.02282 1.02282 1.02287
2.47704 2.47704 2.47704 2.47704 2.47704 2.49076 2.58008 2.68109 2.96208 3.44158 3.63459 3.63591 3.63591 3.63591 3.59432 3.55705 3.32817 3.41298 3.70554 4.01850 4.31459 4.38530 4.38485 4.35033 4.29458 4.38864 5.39610 6.19109 6.16826 6.16826 5.31497 2.99333 2.99333 1.85605 1.54619 1.61616 1.61616 1.61616 1.61616 1.61616 1.61616 1.61616 1.61862 1.62646 1.63444 1.64240 1.65036 1.65581 1.65702 1.71944 1.87631 1.98056 1.06370 1.02317 1.02282 1.02282 1.02282 1.02282 1.02282 1.02282 1.02327 1.03443 1.05010 1.06579 1.08147 1.09710
2.47913 2.54816 2.64912 2.75008 2.85109 2.93833 2.94992 2.94992 2.97998 3.45021 3.61130 3.53598 3.50944 3.71371 3.98288 4.32397 4.53471 4.38530 4.35982 4.30413 4.24840 4.19268 4.13744 4.11624 4.11687 4.18383 4.83764 6.16826 6.16826 6.16826 6.10718 3.20628 2.99333 2.32644 1.48384 1.61616 1.61616 1.61862 1.62640 1.63436 1.64232 1.65028 1.65579 1.65598 1.66433 1.74546 1.84323 1.94124 2.03799 2.07352 2.07786 2.28342 1.20440 1.02505 1.02282 1.02405 1.03686 1.05253 1.06821 1.08387 1.09910 1.10361 1.10361 1.10361 1.10361 1.10361
2.91800 2.94992 2.94992 2.94992 2.94992 2.94992 2.94481 2.87734 2.78524 3.33066 3.98248 4.34073 4.59478 4.63322 4.69211 4.74492 4.48165 4.15061 4.11629 4.13808 4.20647 4.27628 4.34609 4.41599 4.48513 4.51111 4.60493 5.84763 6.16826 6.16826 6.16826 4.14978 3.01203 2.88809 1.59206 1.64368 1.65028 1.65579 1.65598 1.65598 1.67861 1.77147 1.86930 1.96721 2.05674 2.07352 2.07352 2.07352 2.07352 2.07352 2.07964 2.25447 1.69831 1.08783 1.08630 1.10075 1.10361 1.10361 1.10361 1.10361 1.10361 1.10361 1.10361 1.10361 1.10361 1.10905
2.94992 2.94992 2.94989 2.90467 2.81234 2.70317 2.59808 2.55539 2.54216 3.34049 4.63299 4.79580 4.85737 4.91050 4.97231 5.04216 4.71274 4.46433 4.46163 4.50961 4.51111 4.51111 4.51111 4.51111 4.51111 4.51111 4.56618 5.30410 6.24859 6.32648 6.40420 5.46787 3.36590 3.36955 2.05752 1.68509 1.69969 1.79748 1.89535 1.99319 2.06851 2.07352 2.07352 2.07352 2.07352 2.07917 2.11956 2.16605 2.21221 2.25877 2.29886 2.33495 2.11458 1.14916 1.10361 1.10361 1.10361 1.10361 1.10361 1.10361 1.10361 1.10798 1.12046 1.13571 1.15462 1.16622
2.83948 2.73009 2.62008 2.55524 2.57264 2.63336 2.69492 2.75649 2.81490 2.99284 4.75734 5.15766 5.22755 5.29037 5.30111 5.30111 5.04884 4.67379 4.51111 4.51111 4.51111 4.51111 4.51436 4.55183 4.59849 4.64513 4.71972 5.12840 6.54448 6.54448 6.54448 6.40335 3.53562 3.53707 2.79347 2.08629 2.07340 2.07352 2.07352 2.07352 2.07871 2.11852 2.16513 2.21128 2.25774 2.29839 2.30428 2.30428 2.30428 2.30428 2.30428 2.31129 2.36036 1.23602 1.10933 1.10361 1.10361 1.10702 1.11909 1.13405 1.15254 1.16607 1.16622 1.16622 1.16725 1.22154
2.63230 2.67546 2.73734 2.80139 2.83080 2.83380 2.83679 2.83979 2.84127 2.84127 4.27718 5.22850 5.30111 5.30111 5.30111 5.30111 5.19580 4.76418 4.54443 4.59104 4.63765 4.68427 4.72763 4.73684 4.74257 4.75804 4.77444 4.94494 5.78040 5.55036 5.00992 4.48088 3.95008 3.78709 3.41612 2.18324 2.11760 2.16407 2.21036 2.25665 2.29793 2.30428 2.30428 2.30428 2.30428 2.30428 2.30428 2.30428 2.30428 2.30428 2.30428 2.30428 2.36952 1.66232 1.13623 1.13243 1.15052 1.16569 1.16622 1.16622 1.17906 1.25476 1.33869 1.42266 1.50556 1.53531
3.02539 2.83822 2.84086 2.84127 2.84127 2.84127 2.84127 2.84127 2.84127 2.84127 3.67014 5.06990 5.30111 5.30559 5.31694 5.32836 5.33635 4.90623 4.75501 4.73684 4.73909 4.75314 4.76898 4.74720 4.47719 4.15311 3.82925 3.45833 3.73973 4.30849 4.30615 4.26831 4.02436 3.64734 3.58016 2.50846 2.31977 2.30428 2.30428 2.30428 2.30428 2.30428 2.30428 2.30428 2.30428 2.30428 2.30428 2.30428 2.30428 2.30428 2.28561 2.22779 2.20961 1.91518 1.16622 1.16622 1.20405 1.28802 1.37191 1.45591 1.52696 1.53531 1.53531 1.53531 1.53531 1.53531
3.26270 2.84127 2.84127 2.84127 2.84127 2.84127 2.84127 2.84127 2.84308 2.85342 3.09235 4.94081 5.34753 5.35449 5.35456 5.35456 5.35495 5.06425 4.82050 4.71761 4.43033 4.10830 3.78391 3.49721 3.45334 3.45303 3.43410 3.36143 3.34347 4.12704 4.07962 4.06765 4.02953 3.55460 3.54626 2.83284 2.35748 2.30428 2.30428 2.30428 2.30428 2.30428 2.30428 2.30428 2.30428 2.28561 2.22779 2.16873 2.10966 2.05060 2.01020 2.00578 1.96223 1.92115 1.41239 1.48917 1.53519 1.53531 1.53531 1.53531 1.53531 1.53531 1.53531 1.53551 1.54202 1.55323
3.47057 2.86457 2.84127 2.84160 2.84974 2.86117 2.87259 2.88402 2.89362 2.89471 2.89471 4.43602 5.33980 5.36110 5.37679 5.29917 5.00005 4.52561 3.83370 3.47681 3.45334 3.43897 3.40909 3.37924 3.34934 3.31979 3.30883 3.29857 3.14268 3.86699 4.06765 4.06765 4.06765 3.68073 3.54626 3.16391 2.39538 2.30428 2.30428 2.30428 2.28561 2.22779 2.16873 2.10966 2.05060 2.01020 2.00896 1.99665 1.92383 1.84288 1.76190 1.68413 1.66356 1.73825 1.62459 1.53531 1.53531 1.53531 1.53591 1.54356 1.55514 1.56983 1.58912 1.61475 1.62469 1.62469
3.44022 3.07115 2.88034 2.89143 2.89471 2.89471 2.89471 2.89471 2.89471 2.89755 2.91203 3.75606 4.80232 4.63541 4.31133 4.08058 4.02535 3.84032 3.50374 3.36198 3.32434 3.30883 3.29450 3.23727 3.17712 3.11697 3.05682 2.99674 3.09696 3.53359 4.06765 4.06765 4.06765 3.84513 3.54626 3.43377 2.25869 2.15729 2.10966 2.05060 2.01020 2.00896 2.00896 1.98161 1.90187 1.82096 1.73997 1.67130 1.66317 1.66317 1.66317 1.66317 1.66317 1.71664 1.71869 1.55713 1.57240 1.59255 1.61808 1.62469 1.62469 1.62469 1.62469 1.62469 1.62469 1.62469
3.27375 3.33631 2.89471 2.89471 2.89471 2.89537 2.90714 2.92244 2.93712 2.94894 2.94911 3.01780 3.59738 3.74037 3.54667 3.33320 3.16357 3.09816 3.25320 3.18184 3.07808 3.01793 2.97208 2.96920 2.96920 2.96920 2.96920 2.96920 3.04611 3.25810 4.04259 3.90401 3.75154 3.53912 2.92710 2.81430 1.97447 1.91261 2.00861 1.96096 1.87995 1.79903 1.71802 1.66445 1.66317 1.66317 1.66317 1.66317 1.66556 1.68198 1.70084 1.71960 1.73831 1.78769 1.92972 1.62620 1.62469 1.62469 1.62469 1.62469 1.62469 1.62469 1.62469 1.62469 1.62469 1.62469
3.13208 3.53321 2.93041 2.91752 2.93220 2.94618 2.94699 2.81396 2.58940 2.34326 2.07240 1.83178 2.53891 2.97432 2.89918 2.82395 2.75305 2.73649 2.90633 3.05116 2.96920 2.96920 2.96920 2.96920 2.96920 2.96168 2.88618 2.79476 2.72286 2.69413 3.18288 3.33053 3.33053 3.33053 2.90992 2.73919 2.15473 1.58790 1.69647 1.66317 1.66317 1.66317 1.66317 1.66544 1.68180 1.70051 1.71923 1.73812 1.75445 1.75674 1.75674 1.75674 1.75674 1.76158 1.89978 1.76830 1.62469 1.62469 1.62469 1.62469 1.62469 1.62469 1.62469 1.62469 1.62469 1.62469
2.78889 3.43658 3.07146 2.66088 2.42195 2.16408 1.92844 1.87879 1.94187 2.00494 2.06808 2.10381 2.47289 2.74485 2.73649 2.73649 2.73649 2.73649 2.78811 3.08720 2.96831 2.90131 2.80985 2.71830 2.62692 2.54302 2.52696 2.53333 2.54506 2.61805 2.91237 3.17111 3.01266 2.85441 2.60230 2.46336 2.29088 1.38229 1.66421 1.68142 1.70026 1.71904 1.73775 1.75427 1.75674 1.75674 1.75674 1.75674 1.75674 1.75674 1.75674 1.75674 1.75674 1.75674 1.84714 1.87933 1.54719 1.62469 1.62469 1.62469 1.62469 1.62469 1.62469 1.62469 1.62469 1.62469
1.97089 2.21645 2.23715 1.97271 2.03565 2.09332 2.10395 2.10395 2.10395 2.10395 2.10395 2.10395 2.24889 2.76512 2.73649 2.73649 2.73292 2.72495 2.71696 3.01937 2.67675 2.52693 2.52693 2.53015 2.54096 2.55208 2.54358 2.45945 2.36448 2.26756 2.23013 2.67581 2.67581 2.66362 2.47117 2.09561 1.89700 1.44406 1.69363 1.75674 1.75674 1.75674 1.75674 1.75674 1.75674 1.75674 1.75674 1.75674 1.75674 1.75674 1.75674 1.75674 1.73403 1.63669 1.54813 1.42221 1.06776 1.52654 1.62469 1.62469 1.62469 1.62469 1.62469 1.62469 0.00000 0.00000
2.12233 2.14750 2.64486 2.12946 2.10395 2.10395 2.10395 2.10395 2.10395 2.10395 2.10395 2.10236 2.09738 2.68717 2.71150 2.70351 2.69911 2.69910 2.69910 2.91097 2.82976 2.54863 2.53101 2.44629 2.35161 2.25659 2.18124 2.17515 2.17320 2.07842 1.89782 2.05751 1.94434 1.75783 1.71584 1.53431 1.50343 1.46917 1.60346 1.75674 1.75674 1.75674 1.75674 1.75674 1.75674 1.75674 1.75674 1.75674 1.74099 1.64164 1.54211 1.45656 1.39440 1.38269 1.37294 1.26943 0.928594 0.996714 1.62469 0.00000 0.00000 0.00000 0.00000 0.00000 0.00000 0.00000
2.12270 2.12270 2.52138 2.27981 2.10395 2.10395 2.10355 2.09742 2.08945 2.08146 2.07348 2.06709 2.06655 2.46412 2.70057 2.69923 2.70800 2.72191 2.68627 2.68133 2.79309 2.24370 2.17751 2.17515 2.11399 1.99482 1.87560 1.75626 1.63911 1.58476 1.42908 1.55025 1.71588 1.71588 1.71588 1.60077 1.50343 1.48719 1.51061 1.75674 1.75674 1.75674 1.75674 1.75160 1.73289 1.64644 1.54502 1.45795 1.39206 1.38253 1.36680 1.29817 1.21654 1.12314 1.02539 0.819326 0.589560 0.504169 0.00000 0.00000 0.00000 2.03076 2.03076 2.03076 2.03076 2.03076
2.12270 2.12270 2.36257 2.46199 2.08398 2.07600 2.06841 2.06655 2.06655 2.06655 2.06655 2.06655 2.07134 2.26252 2.68431 2.56143 2.44779 2.32901 2.25982 2.29167 2.55211 1.97179 1.77648 1.65714 1.59920 1.59552 1.57287 1.54581 1.51668 1.48515 1.43110 1.46481 1.71588 1.71588 1.71588 1.66733 1.50343 1.50198 1.48942 1.73600 1.71953 1.65152 1.54794 1.46357 1.40034 1.38253 1.35176 1.27746 1.19296 1.09601 1.01156 1.00576 1.00576 1.00576 1.00576 0.898455 0.698114 0.752600 1.75736 2.03076 2.03076 2.03076 2.03076 2.03076 2.03076 2.03076
2.29525 2.35233 2.40901 2.61652 2.09530 2.06655 2.06655 2.06655 2.06843 2.08114 2.19192 2.37628 2.55683 2.72070 2.34559 2.34142 2.41562 2.48296 2.54438 2.58275 2.30970 1.80842 1.52683 1.49615 1.46277 1.43225 1.42849 1.42849 1.42849 1.42849 1.42849 1.42849 1.65365 1.74129 1.87555 2.02048 1.97606 2.05920 1.99655 1.62635 1.41178 1.38094 1.33291 1.25600 1.16843 1.06766 1.00591 1.00576 1.00576 1.00576 1.00576 1.00172 0.971940 0.933097 0.887778 0.926999 1.19515 1.26747 1.59490 2.03076 2.03076 2.03076 2.03076 2.03076 2.03076 2.03076
2.38193 2.38193 2.38193 2.58459 2.24618 2.07710 2.19055 2.37541 2.55831 2.73120 2.84228 2.89309 2.93916 2.98110 2.76293 2.59886 2.61106 2.62424 2.63858 2.65375 2.48149 1.92819 1.42849 1.42849 1.42849 1.42849 1.42849 1.42849 1.43860 1.53057 1.64060 1.75059 2.04327 2.38458 2.25759 2.12729 1.91430 1.78253 1.72295 1.50452 1.14302 1.04094 1.00576 1.00576 1.00576 1.00576 1.00172 0.971940 0.933097 0.887778 0.834214 0.778835 0.770286 0.770286 0.770286 0.785294 1.17633 1.25880 1.38797 2.03076 2.03076 2.03076 2.03076 2.03076 2.03076 2.03076
2.38193 2.38331 2.51942 2.87413 2.99956 2.75603 2.87769 2.92513 2.96683 2.98561 2.97260 2.94695 2.92131 2.89566 2.76720 2.63885 2.65884 2.65884 2.65884 2.65884 2.63181 2.10533 1.46914 1.43243 1.51295 1.62296 1.73292 1.84287 1.94277 1.96476 2.03984 2.15365 2.24461 1.93753 1.85489 1.76520 1.64850 1.55348 1.53797 1.45581 1.01582 1.00172 0.971940 0.933097 0.887778 0.834214 0.778835 0.770286 0.770286 0.770286 0.770286 0.770286 0.770286 0.770286 0.770286 0.770286 1.09077 1.23227 1.27434 1.93414 2.03076 1.97506 1.79582 1.65803 1.55319 1.47087
2.97919 3.20665 3.31577 3.43049 3.56625 2.99639 2.93463 2.90897 2.88472 2.87891 2.87891 2.87891 2.87891 2.87891 2.86760 2.61170 2.65884 2.65884 2.65884 2.61847 2.53707 2.05457 1.81642 1.93122 1.96071 1.96071 2.00733 2.11603 2.24232 2.36448 2.34082 2.26098 2.16361 1.61300 1.54350 1.54350 1.55998 1.72548 1.92626 1.66630 1.00301 0.778835 0.770286 0.770286 0.770286 0.770286 0.770286 0.770286 0.770286 0.770286 0.770286 0.770286 0.770286 0.770286 0.770286 0.822255 1.15071 1.49061 1.59859 1.56740 1.46086 1.41071 1.40783 1.40783 1.40783 1.40783
3.17804 3.13533 3.09805 3.25915 3.43613 3.07652 2.87891 2.87891 2.87891 2.87891 2.87891 2.87891 2.87891 2.87891 2.86404 2.60144 2.48172 2.40036 2.31893 2.27794 2.27794 2.04242 1.82765 2.08007 2.20044 2.31267 2.33008 2.24799 2.14764 2.06572 2.06317 2.07117 2.28352 2.16757 2.09206 2.29284 2.47705 2.51251 2.51251 2.10848 1.16701 0.770286 0.770286 0.770286 0.770286 0.770286 0.770286 0.770286 0.770286 0.770286 0.770286 0.791759 0.928900 1.11641 1.35972 1.59733 1.71234 1.82013 1.50275 1.47967 1.40783 1.40783 1.40783 1.40783 1.40783 1.40783
3.06299 3.06299 3.06299 3.21022 3.37925 3.27485 2.87891 2.87891 2.87891 2.87477 2.82318 2.75806 2.69294 2.62782 2.57761 2.45242 2.27651 2.27794 2.28499 2.38237 2.52307 2.57512 1.97540 2.22965 2.13109 2.06334 2.06361 2.23105 2.53222 2.83353 3.13470 3.42773 3.51669 3.28171 2.51251 2.51251 2.51251 2.51251 2.51251 2.36760 1.37820 0.770286 0.770286 0.770286 0.770286 0.770286 0.762211 0.745647 0.873067 1.07983 1.35892 1.65583 1.68261 1.68261 1.68261 1.68261 1.68261 1.83826 1.56055 1.49785 1.41577 1.40783 1.40783 1.40783 1.40213 1.32208
