High_resolution/powerplant/Fengdu/OMI_NO2_200809.asc
ncols      200
nrows      200
xllcorner       105.978
yllcorner       28.1831
cellsize     0.0166667
NODATA_Value      -999.000
[rows 120 to 149 of 200, columns 0 to 65 of 200]
3.56329 5.52009 5.95313 5.95015 5.95015 5.95015 5.95015 5.94309 5.94239 7.22969 7.22969 7.71090 8.53531 8.48549 8.43571 8.38796 8.37541 8.37541 8.37541 8.37541 8.40900 10.5840 11.0700 15.3213 17.0941 17.0263 16.9473 16.9421 16.9421 16.9378 16.7573 16.4848 16.2122 16.0128 15.9035 15.7943 15.8117 14.7220 9.05445 7.21340 7.10662 5.83401 4.18209 4.18209 4.18160 4.11111 3.99126 3.87152 3.75167 3.64994 3.63780 3.63780 3.63780 3.21105 2.71671 2.71096 2.71096 2.71096 2.71096 2.71096 2.81956 3.03927 3.06115 3.06115 3.06115 3.06115
3.54691 4.82953 5.95015 5.95015 5.95015 5.95015 5.95015 5.93281 5.73480 6.93297 7.10520 7.30218 8.37541 8.37541 8.33510 8.20274 8.06688 7.93208 7.79606 7.66003 7.56334 9.46310 10.5969 13.4197 16.5847 16.4264 16.1535 15.8816 15.7049 15.6001 15.6713 15.8349 15.9986 16.0889 16.0892 16.0892 16.0892 15.8544 10.2479 7.32178 7.04872 6.35062 3.92673 3.80653 3.68717 3.63780 3.63780 3.63780 3.63780 3.63780 3.63780 3.63780 3.63780 3.39438 2.78750 2.71096 2.71096 2.71096 2.71096 2.71096 2.75841 3.00311 3.06115 3.06115 3.06115 3.06115
3.54691 3.98789 5.94859 5.91987 5.87010 5.82032 5.77052 5.73810 5.65789 6.38362 6.83857 6.76632 7.76448 7.65865 7.56301 7.55942 7.55942 7.56226 7.59290 7.63047 7.66805 8.90237 10.5633 11.7679 15.3377 15.6950 15.8585 16.0216 16.0892 16.0892 16.0892 16.0892 16.0892 16.0892 16.0892 16.0892 15.9657 15.7128 11.7227 6.48468 5.65067 5.62187 3.95215 3.63780 3.63780 3.63780 3.63780 3.63780 3.63780 3.63780 3.63780 3.63780 3.63780 3.57138 2.86212 2.71096 2.71096 2.71096 2.71096 2.71096 2.71328 2.94270 3.06115 3.06115 3.06115 3.04277
3.54691 3.54691 5.48731 5.74276 5.74785 5.75293 5.75801 5.76310 5.73157 5.87417 6.45816 6.46041 7.32364 7.63086 7.66844 7.70604 7.74341 7.77799 7.78498 7.78498 7.78498 8.26468 11.2061 11.7277 15.4944 16.0876 16.0892 16.0892 16.0892 16.0892 16.0892 16.0701 15.8645 15.6114 15.3582 15.1052 14.9756 14.9756 12.8974 7.06716 5.66482 5.62187 4.53888 3.63780 3.63780 3.63780 3.63780 3.63780 3.63780 3.63780 3.63780 3.63780 3.63780 3.63780 3.04094 2.71096 2.71096 2.71096 2.70307 2.63170 2.54662 2.59642 2.82044 2.77804 2.66762 2.55885
3.57641 3.58404 4.94371 5.76701 5.76701 5.76607 5.75067 5.73201 5.71482 5.75788 6.58416 6.62226 7.23888 7.78498 7.78498 7.78498 7.78498 7.78498 7.78498 7.78498 7.78498 7.78498 10.7032 11.6550 14.4078 16.0333 16.0892 16.0102 15.7631 15.5101 15.2570 15.0231 14.9756 14.9756 14.9756 14.9756 14.9756 14.9756 14.1382 8.18363 5.88296 5.62187 5.12545 3.63780 3.63780 3.63780 3.63780 3.63780 3.63780 3.63780 3.63780 3.63793 3.58825 3.46764 2.95364 2.40976 2.32319 2.23811 2.16093 2.14717 2.14717 2.20208 2.27241 2.12880 1.99324 1.87443
3.68133 3.81043 4.43216 5.70262 5.68853 5.67619 5.67314 5.67314 5.67314 5.73474 6.43656 6.62733 7.00434 7.78498 7.78498 7.78498 7.78498 7.78498 7.78498 7.78498 7.78498 7.78498 9.87142 11.4513 12.8894 15.2733 15.1552 14.9812 14.9756 14.9756 14.9756 14.9756 14.9756 14.9756 14.9756 14.9702 14.8346 14.6427 14.4348 9.00233 5.52507 5.62187 5.58663 3.76320 3.63780 3.62970 3.53615 3.41655 3.28109 3.12454 2.94185 2.72670 2.60893 2.60893 2.46644 2.14717 2.14713 2.14116 2.13097 2.12078 2.11059 2.06238 1.64153 1.79865 1.79865 1.79865
4.19138 4.19138 4.20655 5.56977 5.67314 5.67314 5.67314 5.67314 5.67314 5.70821 6.20280 6.62282 6.80130 7.91763 7.94467 7.97180 7.99760 8.02349 8.09692 8.53600 9.04158 9.53677 10.8155 11.9161 11.0242 14.1976 14.3538 14.3232 14.2935 14.2472 14.0833 13.8966 13.7135 13.5326 13.3544 13.1836 13.1191 13.4799 13.7927 10.6827 5.19391 5.39030 5.39170 3.87458 2.91038 2.71568 2.62066 2.60893 2.60893 2.60893 2.60893 2.60893 2.60683 2.59730 2.55965 2.12162 2.10502 2.10080 2.10080 2.10080 2.10080 2.10080 1.67605 1.79376 1.79865 1.79865
4.14565 4.14251 4.13938 5.15205 5.62944 5.62707 5.62473 5.62238 5.62002 5.62712 5.91728 6.57166 6.60115 8.36067 8.53767 8.93543 9.35001 9.76513 10.1393 10.2040 10.2040 10.2040 10.2836 12.2012 10.5659 13.3450 13.5917 13.4214 13.2690 13.1320 13.1090 13.1090 13.1090 12.9664 12.6554 12.3441 11.8724 11.2343 10.3948 8.78317 5.63233 5.51167 5.58502 4.50398 2.60893 2.60893 2.60893 2.60874 2.60187 2.59168 2.58149 2.57130 2.56321 2.56255 2.56255 2.20131 2.10080 2.10080 2.10080 2.10080 2.10080 2.10080 1.82950 1.74353 1.79865 1.79865
4.11715 4.11715 4.11715 4.68019 5.61747 5.61747 5.61747 5.61747 5.61747 5.61747 5.91477 7.14169 7.60228 9.44939 10.1870 10.2040 10.2040 10.2010 10.1835 10.1641 10.1448 10.1255 10.1063 11.7385 10.9337 12.4041 13.2645 12.9010 12.5899 12.2790 11.9666 11.4375 10.7049 10.0664 9.56686 9.01940 8.69353 8.60842 8.13211 8.13211 6.55390 5.33934 5.58502 5.27197 2.60407 2.58607 2.57588 2.56587 2.56255 2.56255 2.56255 2.56255 2.56255 2.56255 2.56255 2.32283 2.10080 2.10080 2.10080 2.10080 2.10080 2.10080 1.99954 1.66997 1.79865 1.79865
4.11715 4.11715 4.11715 4.19962 5.57866 5.63094 5.93054 6.34566 6.76024 7.17518 7.44335 8.07938 8.32296 9.35104 10.1450 10.1257 10.1065 10.0902 10.0883 10.0883 10.0882 10.0846 10.0792 11.1219 11.4686 11.0131 11.3356 10.4641 10.0007 9.49477 8.94238 8.69260 8.69260 8.69260 8.69260 8.69260 8.69260 8.68428 8.15579 8.13901 7.29037 4.36534 3.90220 3.21935 2.64159 2.56255 2.56255 2.56255 2.56255 2.56255 2.56255 2.56255 2.56255 2.56255 2.56255 2.44434 2.10080 2.10080 2.10080 2.10080 2.10080 2.10080 2.10004 1.64123 1.79865 1.79865
4.11715 4.11715 4.11715 4.11715 6.19440 7.27198 7.36366 7.33517 7.30672 7.27823 7.27758 7.70897 8.22774 8.88977 10.0882 10.0846 10.0793 10.0740 10.0686 10.0633 10.0581 10.0564 10.0564 10.2799 10.4015 8.07009 9.28809 8.69260 8.69260 8.69260 8.69260 8.69260 8.69260 8.69260 8.69828 8.73612 8.78375 8.83794 8.39717 8.20157 8.09350 3.74114 3.17687 3.17687 2.78059 2.56255 2.56255 2.56255 2.56255 2.56255 2.56255 2.56255 2.56255 2.56255 2.56255 2.54902 2.11763 2.10080 2.10080 2.10080 2.10080 2.10095 2.12700 1.83035 1.85124 1.90631
4.08927 4.05131 4.01332 3.97538 5.50176 7.22817 7.22300 7.22300 7.22247 7.18647 7.13328 7.43737 8.20807 8.47929 10.0581 10.0564 10.0564 10.0564 10.0564 10.0564 10.0564 10.0564 10.0564 10.0564 10.0564 8.11889 9.10392 8.74776 8.69260 8.69260 8.71055 8.75478 8.80495 8.86213 8.91809 8.92574 8.92574 8.92574 8.57750 8.20157 8.20157 4.87821 3.26591 3.17687 2.98901 2.56255 2.56255 2.56255 2.56255 2.56255 2.56255 2.56255 2.56255 2.56255 2.56255 2.53340 2.22168 2.19995 2.24504 2.29013 2.33522 2.38015 2.39919 2.22751 1.96097 2.11620
3.89554 3.89554 3.89554 3.85952 4.22581 7.06936 7.02429 6.96702 6.91032 6.88908 6.88908 7.18786 8.09187 8.20483 9.93848 10.0564 10.0564 10.0564 10.0564 10.0564 10.0564 10.0564 10.0564 10.0564 10.0564 8.81004 8.68711 9.05811 8.82729 8.88778 8.92561 8.92574 8.92574 8.92574 8.92574 8.92574 8.92574 8.92574 8.71681 8.15371 8.06175 5.88011 3.19056 3.17687 3.17466 2.60069 2.56255 2.56255 2.56205 2.48509 2.35436 2.22355 2.09274 1.96201 1.83120 1.72962 2.03838 2.39919 2.39919 2.40030 2.43750 2.50374 2.59081 2.69851 2.73419 2.62157
3.64328 3.56696 3.49065 3.45032 3.45032 6.32895 6.88908 6.88908 6.88908 6.88908 6.88908 7.07892 7.84844 8.19585 9.56190 10.0564 10.0564 10.0404 9.99285 9.94321 9.89535 9.79712 9.51267 9.20963 8.90649 8.34428 7.65773 8.86914 8.18945 8.12490 8.05962 7.99434 7.92846 7.82023 7.69478 7.56743 7.44180 7.31511 7.21968 7.63181 7.63181 6.77652 2.99299 2.91121 2.64942 2.22504 2.03729 1.90656 1.77634 1.72240 1.72240 1.72240 1.72240 1.72240 1.72240 1.71505 1.84694 2.54815 2.65099 2.79249 2.85015 2.85015 2.85015 2.85015 2.83891 2.62740
3.55198 3.56579 3.57975 3.59353 3.60730 5.53003 7.02760 7.03796 7.04831 7.05864 7.06907 7.16118 7.80460 8.40690 8.63714 8.77149 8.72267 8.58779 8.33423 8.08015 7.82596 7.62088 7.60263 7.60263 7.60263 7.58324 6.05895 7.70336 6.98451 6.92328 6.86201 6.80074 6.74096 6.72250 6.72250 6.72250 6.59710 6.14825 5.68677 5.36604 4.67845 3.96407 2.22907 1.50654 1.49656 1.59904 1.72240 1.72240 1.72240 1.72240 1.72125 1.70050 1.66650 1.62169 1.55993 1.49943 1.51050 2.75838 2.85015 2.85015 2.85015 2.85015 2.85015 2.85015 2.85015 2.66449
3.77669 3.77669 3.77669 3.77669 3.77669 4.56463 7.13386 7.13386 7.13386 7.13386 7.13386 7.13734 7.57639 8.26528 8.09568 8.01041 7.75644 7.60393 7.60263 7.60263 7.58845 7.44276 7.26605 7.08935 6.91157 6.73401 5.36044 6.07840 6.72131 6.72250 6.51840 6.05428 5.58958 5.12459 4.65961 4.19549 3.85590 3.83976 3.83976 3.47252 3.30771 3.30771 2.53922 1.71004 1.86628 2.29057 2.24621 1.68301 1.64367 1.59067 1.51941 1.49656 1.49656 1.49656 1.49656 1.49656 1.49656 2.41758 2.85015 2.85015 2.85015 2.85015 2.85015 2.85015 2.85015 2.72131
3.77669 3.77669 3.77669 3.77669 3.77669 3.78563 6.82638 7.13386 7.10888 6.89423 6.64005 6.38586 6.40042 7.18079 7.36659 7.44074 7.26328 7.08572 6.90838 6.73220 6.56882 6.53684 6.53684 6.53684 6.49573 6.41444 5.71454 4.51940 4.56102 4.10151 3.84062 3.83976 3.83976 3.83976 3.83976 3.83976 3.83976 3.83976 3.83976 3.60390 3.43098 3.52768 3.26752 2.89155 2.98878 2.98878 2.97317 1.65990 1.49656 1.49656 1.49656 1.49656 1.49656 1.49656 1.49656 1.49656 1.49656 2.06284 2.85015 2.85015 2.85015 2.85015 2.85015 2.85015 2.85015 2.80697
3.77669 3.77669 3.77669 3.77669 3.77669 3.77669 5.59902 6.31623 6.08776 6.06362 6.08452 6.10543 6.28327 6.51140 6.31847 6.51329 6.53684 6.53684 6.49656 6.41594 6.33474 6.25392 6.17335 6.09268 6.05322 6.05322 5.94060 3.84405 3.83056 3.83976 3.83976 3.83976 3.83976 3.83976 3.83976 3.86082 3.90303 3.93987 3.97229 3.90595 3.69880 3.69880 3.60062 2.93054 2.98878 2.98878 2.98878 2.24194 1.49656 1.49656 1.49656 1.49656 1.49656 1.49656 1.49656 1.49656 1.49656 1.70810 2.85015 2.85015 2.85015 2.85015 2.85015 2.85015 2.85015 2.78334
3.77669 3.77669 3.77675 3.79262 3.82050 3.84840 4.63919 6.14323 6.16338 6.16904 6.16904 6.16904 6.22478 6.37291 6.08787 6.18010 6.17412 6.09350 6.05322 6.05322 6.05322 6.05322 6.05322 6.05322 6.05322 6.05322 6.05322 4.48485 3.82337 3.83969 3.84291 3.87895 3.91879 3.95373 3.98458 4.00003 4.00007 4.00007 4.00007 3.96239 3.69880 3.69880 3.69880 3.02808 2.98570 2.98878 2.98878 2.64837 1.49656 1.49656 1.49656 1.49656 1.49656 1.49656 1.49656 1.49656 1.49656 1.49818 2.68603 2.64798 2.42782 2.20767 1.98738 1.76722 1.55351 1.70571
3.87088 3.89878 3.92658 3.93861 3.93861 3.93861 4.02487 6.10589 6.20768 6.22454 6.24139 6.25823 6.26728 6.10257 5.81423 5.92685 6.05322 6.05322 6.05322 6.05322 6.05322 6.05322 6.05322 6.05322 6.05322 6.05322 6.05322 5.18969 3.88175 3.96474 3.99445 4.00007 4.00007 4.00007 4.00007 4.00007 4.00007 4.00007 4.00007 3.99814 3.71910 3.69880 3.66865 3.09881 2.87079 2.98878 2.98878 2.92287 1.52259 1.49656 1.49656 1.49656 1.56217 1.75526 1.95186 2.14820 2.34455 2.54127 1.87996 1.38832 1.51397 1.90312 2.20080 2.48085 2.67362 2.74938
3.94295 3.96380 3.98630 4.00875 4.03123 4.05369 4.06914 5.68423 6.26729 6.26729 6.26729 6.26729 6.26729 6.16095 5.88004 5.87546 6.05322 6.05322 6.05322 6.05322 6.05322 6.05322 6.05322 6.05322 5.91771 5.49702 5.06707 4.51771 3.84837 3.96074 3.95689 3.94807 3.93884 3.92963 3.92014 3.91046 3.85844 3.75848 3.65683 3.55281 3.27280 3.11684 3.04081 2.77799 2.53527 2.99079 3.05799 3.15608 2.46992 2.22411 2.42058 2.61718 2.74791 2.75117 2.75117 2.75786 2.90515 3.05637 2.86481 2.59556 2.72855 2.76736 2.79506 2.80100 2.80100 2.80100
4.06886 4.07603 4.08244 4.08874 4.09506 4.10142 4.10779 5.08198 6.30538 6.31018 6.31492 6.31966 6.32442 6.27201 6.02206 5.89986 6.28847 6.30432 6.31998 6.33463 6.04599 5.51059 4.96263 4.40165 4.00685 3.98561 3.98478 3.98478 3.44497 3.68586 3.62422 3.51797 3.41179 3.30554 3.19923 3.09311 3.03764 3.03764 3.03764 3.03713 3.03301 3.02817 3.02334 2.97230 2.73192 3.58503 3.61609 3.61609 3.33958 2.75117 2.75117 2.81964 2.99299 3.11989 3.20784 3.26214 3.26807 3.25982 3.20410 2.80127 2.80100 2.80100 2.80100 2.80100 2.80100 2.80100
4.21685 4.21757 4.21757 4.21757 4.21757 4.21757 4.21757 4.44752 6.36137 6.37827 6.37827 6.37827 6.37827 6.36730 6.14462 5.89202 5.89168 5.38389 4.81000 4.23680 3.98478 3.98478 3.98478 3.98245 3.90802 3.80001 3.69274 3.58496 3.01807 2.97389 3.03782 3.03764 3.03764 3.03660 3.03205 3.02722 3.02238 3.01755 3.01272 3.00839 3.00768 3.00768 3.00768 3.00768 2.74764 3.53406 3.61404 3.56760 3.43160 3.17238 3.24067 3.27105 3.26344 3.25648 3.25528 3.25528 3.25528 3.25528 3.25528 2.86837 2.80100 2.80100 2.80100 2.80100 2.80100 2.80100
4.21757 4.21757 4.21757 4.21757 4.21757 4.21757 4.21757 4.21757 5.98262 6.37827 6.37827 6.30012 5.90389 5.47291 4.89923 4.19612 4.02213 3.98219 3.90709 3.80001 3.69200 3.58386 3.47585 3.37017 3.33646 3.33646 3.33646 3.31161 3.02115 2.63791 3.02119 3.01660 3.01177 3.00797 3.00768 3.00768 3.00768 3.00768 3.00768 3.00768 3.00768 3.00768 2.99825 2.95775 2.73386 3.06075 3.35003 3.33205 3.29437 3.25743 3.25528 3.25528 3.25528 3.25528 3.25528 3.25528 3.25528 3.25528 3.25528 2.98671 2.80100 2.80100 2.80100 2.80100 2.80100 2.80100
4.22072 4.21757 4.21757 4.21757 4.21757 4.21757 4.21757 4.21757 5.07473 5.35689 4.92627 4.57300 4.48519 4.39702 4.21657 3.86614 3.60977 3.36933 3.33646 3.33646 3.33646 3.31097 3.23178 3.15023 3.06853 2.98689 2.90519 2.84834 2.83006 2.13211 3.00741 3.00768 3.00768 3.00768 3.00768 3.00768 3.00768 3.00757 2.98309 2.94016 2.89721 2.85427 2.82077 2.81833 2.72564 2.76527 3.33205 3.33205 3.30727 3.26315 3.25528 3.25528 3.25528 3.25528 3.25528 3.25528 3.25528 3.25528 3.25528 3.10495 2.80100 2.80100 2.80100 2.80100 2.80100 2.80100
4.25146 4.21757 4.21757 4.21757 4.21757 4.21757 4.16537 4.04796 4.01314 4.23595 4.14779 4.06019 4.02581 4.02581 3.98249 3.72687 3.45595 3.14944 3.06770 2.98605 2.90441 2.84815 2.84638 2.84638 2.84638 2.84638 2.84638 2.84638 2.84638 2.15622 2.95994 3.00768 3.00768 3.00268 2.96548 2.92253 2.87960 2.83679 2.81833 2.81833 2.81833 2.81833 2.81833 2.81833 2.80497 2.59083 3.33205 3.33205 3.32688 3.26964 3.25528 3.25528 3.25528 3.25528 3.25528 3.25528 3.25528 3.25528 3.25528 3.22017 2.80409 2.80101 2.80197 2.80365 2.80533 2.80701
4.26583 4.06851 3.95088 3.83326 3.71571 3.59808 3.53273 3.53253 3.53272 3.97290 4.02166 4.01796 4.01426 4.01056 3.99776 3.47435 3.20889 2.85089 2.84638 2.84638 2.84638 2.84638 2.84638 2.84638 2.84638 2.84638 2.84638 2.84638 2.84638 2.48592 2.63977 2.90494 2.86199 2.82405 2.81833 2.81833 2.81833 2.81833 2.81833 2.81833 2.81833 2.81833 2.81833 2.81833 2.81833 2.58273 3.23531 3.33205 3.33205 3.28443 3.25590 3.25528 3.25528 3.25528 3.25528 3.25872 3.27952 3.30263 3.32578 3.34891 2.91838 2.81143 2.81214 2.75606 2.58098 2.39672
4.15698 3.53253 3.53253 3.53203 3.52784 3.52291 3.51798 3.51305 3.50812 3.81994 4.00427 4.00427 4.00427 4.00427 4.00427 3.63401 3.26176 2.92474 2.84638 2.84638 2.84638 2.84638 2.84638 2.84638 2.84638 2.84638 2.84638 2.81318 2.74316 2.60909 2.21227 2.81793 2.81833 2.81833 2.81833 2.81833 2.81833 2.81833 2.81833 2.85046 2.96573 3.09875 3.24907 3.42040 3.61695 3.56723 3.33205 3.33205 3.33205 3.31310 3.29447 3.31204 3.33518 3.35831 3.38147 3.40113 3.40352 3.40352 3.39326 3.25326 2.74923 2.27274 1.99907 1.74471 1.60025 1.44738
4.36580 3.55729 3.50898 3.50454 3.50380 3.50380 3.50380 3.50290 3.48438 3.62197 3.95140 3.93234 3.91337 3.89417 3.87506 3.62723 3.16240 2.91963 2.84638 2.84638 2.84638 2.84638 2.84423 2.79387 2.72394 2.65389 2.58387 2.54702 2.54702 2.54702 2.06714 2.80917 2.81833 2.87171 2.99311 3.12960 3.28408 3.46038 3.66331 3.82735 3.83435 3.83435 3.83477 3.84421 3.85730 3.76983 3.46602 3.50068 3.53543 3.52495 3.41487 3.40352 3.40352 3.40352 3.33319 3.15534 2.97447 2.76782 2.53580 2.42672 2.10763 1.41688 1.41688 1.41688 1.41688 1.41688
3.53675 3.22241 3.03744 3.01202 2.98673 2.96112 2.93565 2.91114 2.90436 2.92125 3.52408 3.55469 3.55469 3.55469 3.55469 3.46742 2.94824 2.79958 2.83680 2.77471 2.70469 2.63467 2.56677 2.54702 2.54702 2.54702 2.54702 2.59952 2.70973 2.83424 2.61051 3.41686 3.71135 3.83435 3.83435 3.83435 3.83562 3.84668 3.85978 3.87288 3.88598 3.89909 3.91176 3.91542 3.91542 3.90975 3.57473 3.55440 3.55440 3.55116 3.38988 3.05757 2.86595 2.63912 2.45814 2.38684 2.31436 2.30395 2.30395 2.30395 2.26088 1.43427 1.41688 1.41688 1.41688 1.41688
