High_resolution/powerplant/Fengdu/OMI_NO2_201012.asc
ncols      200
nrows      200
xllcorner       105.978
yllcorner       28.1831
cellsize     0.0166667
NODATA_Value      -999.000
[rows 0 to 28 of 200, columns 67 to 133 of 200]
8.79836 8.79836 8.79836 8.79836 8.79836 8.79836 8.79836 8.79836 8.79836 8.79836 8.79836 8.79836 8.79836 8.79836 8.79836 8.79836 8.79836 8.79836 0.00000 0.00000 6.83057 6.83057 6.83057 6.83057 6.83057 6.83057 6.83057 6.83057 6.83057 6.83057 6.83057 6.83057 6.83057 6.83057 6.83057 6.83057 5.63277 3.46251 3.46251 3.46251 3.46251 3.46251 3.46251 3.46251 3.46251 3.46251 3.46251 3.46251 3.46251 3.46251 3.46251 3.46251 3.46251 3.46251 0.00000 3.83903 3.83903 3.83903 3.83903 3.83903 3.83304 3.45077 2.97880 2.62287 2.34501 2.12218 1.97487
8.79479 8.79836 8.79836 8.79836 8.79836 8.79836 8.79836 8.79836 8.79836 8.79836 8.79836 8.79836 8.79836 8.79836 8.79836 8.80025 8.98451 9.57220 10.5116 10.2469 6.85739 6.83057 6.83057 6.83057 6.83057 6.83057 6.83057 6.83057 6.83057 6.83057 6.83057 6.83057 6.83057 6.83057 6.83057 6.83057 6.57525 3.50023 3.46251 3.46251 3.46251 3.46251 3.46251 3.46251 3.46251 3.46251 3.46251 3.46251 3.46251 3.46251 3.46251 3.46251 3.46251 3.46251 0.00000 3.61167 3.20394 2.79393 2.47976 2.23086 2.03061 1.96412 1.96412 1.96412 1.96412 1.96412 1.96412
8.67776 8.79836 8.79836 8.79836 8.79836 8.79836 8.79836 8.79836 8.79836 8.79836 8.79990 8.98056 9.21270 9.38483 9.51610 9.61923 9.65497 9.81457 10.5116 10.5116 7.60085 6.83057 6.83057 6.83057 6.83057 6.83057 6.83057 6.83057 6.83057 6.83057 6.83057 6.83057 6.83057 6.83057 6.83057 6.83057 6.83057 4.22545 3.46251 3.46251 3.46251 3.46251 3.46251 3.46251 3.46251 3.46251 3.46251 3.46251 3.46251 3.46251 3.64981 4.04210 4.43417 4.45197 0.0892073 0.813357 1.96412 1.96412 1.96412 1.96412 1.96412 1.96412 1.96412 1.96412 1.96412 1.96412 1.96412
8.50634 8.79836 8.79836 8.79836 8.79836 8.79922 8.97616 9.21073 9.38223 9.51390 9.61839 9.65497 9.65497 9.65497 9.65497 9.65497 9.65497 9.67585 10.4660 10.5116 8.68285 6.83057 6.83057 6.83057 6.83057 6.83057 6.83057 6.83057 6.83057 6.83057 6.83057 6.83057 6.83057 6.83057 6.83057 6.83057 6.83057 5.20615 3.46251 3.46251 3.46251 3.46251 3.46251 3.46251 3.47832 3.77009 4.16197 4.55446 4.94654 5.33862 5.54361 5.54361 5.54361 5.54307 0.836931 0.131840 1.88600 1.96412 1.96412 1.96412 1.96412 1.96412 1.96412 1.96412 1.96412 1.96412 1.95137
8.33486 8.79836 8.79836 9.22625 9.51262 9.61672 9.65497 9.65497 9.65497 9.65497 9.65497 9.65497 9.65497 9.65497 9.65497 9.70135 9.91030 10.1333 10.4728 10.5116 9.76338 6.83057 6.83057 6.83057 6.83057 6.83057 6.83057 6.83057 6.83057 6.83057 6.83057 6.83057 6.83057 6.83057 6.83057 6.83057 6.83057 6.18660 3.46251 3.53077 3.88997 4.28246 4.67433 5.06662 5.44309 5.54361 5.54361 5.54361 5.54361 5.54361 5.54361 5.54361 5.54361 5.54361 2.39564 0.0892073 1.53457 1.96412 1.96412 1.96412 1.96412 1.96412 1.84129 1.59332 1.34581 1.09795 0.862725
8.22367 8.73820 8.79836 9.26913 9.65497 9.65497 9.65497 9.65497 9.65497 9.65497 9.70135 9.91030 10.1333 10.3563 10.5793 10.7559 10.7700 10.7700 10.6987 10.5116 10.4921 7.18468 6.83057 6.83057 6.83057 6.83057 6.83057 6.83057 6.83057 6.83057 6.83057 6.83057 6.83057 6.83057 6.77659 6.60124 6.42089 6.22879 5.22893 5.51094 5.54361 5.54361 5.54361 5.54361 5.54361 5.54361 5.54361 5.54361 5.54361 5.54361 5.54361 5.54361 5.54361 5.54361 3.96183 0.0892073 1.00427 1.90815 1.67362 1.42588 1.17802 0.930280 0.805367 0.805367 0.805367 0.805367 0.805367
8.22148 8.56903 8.79836 8.93881 9.65175 9.70135 9.91030 10.1333 10.3563 10.5793 10.7559 10.7700 10.7700 10.7700 10.7700 10.7700 10.7700 10.7700 10.7508 10.5116 10.5116 8.24623 6.83057 6.83057 6.83057 6.83057 6.83057 6.83057 6.83057 6.75521 6.57578 6.39571 6.21564 6.03538 5.90937 5.90474 5.90474 5.90474 5.68475 5.54361 5.54361 5.54361 5.54361 5.54361 5.54361 5.54361 5.54361 5.54361 5.54361 5.54361 5.54361 5.54361 5.54361 5.54361 5.33689 0.274638 0.184059 0.808053 0.805367 0.805367 0.805367 0.805367 0.805367 0.805367 0.805367 0.805367 0.805367
8.47832 9.70337 9.75503 10.2010 10.5875 10.7559 10.7700 10.7700 10.7700 10.7700 10.7700 10.7700 10.7700 10.7700 10.7700 10.7700 10.7700 10.7700 10.7700 10.5814 10.5116 9.32813 6.83057 6.83029 6.73058 6.55042 6.37053 6.19018 6.01019 5.90539 5.90474 5.90474 5.90474 5.90474 5.90474 5.90474 5.90474 5.90474 5.78989 5.54361 5.54361 5.54361 5.54361 5.54361 5.54361 5.54361 5.54361 5.54361 5.54361 5.54361 5.54361 5.54361 5.54361 5.54361 5.54361 1.63171 0.0892073 0.685722 0.805367 0.805367 0.805367 0.805367 0.805367 0.805490 0.925909 1.15025 1.37508
15.1945 15.1385 11.1698 11.0283 10.8589 10.7700 10.7700 10.7700 10.7700 10.7700 10.7700 10.7700 10.7700 10.7700 10.7700 10.7700 10.7700 10.7700 10.7711 10.8484 11.1902 11.4030 6.32886 5.98520 5.90474 5.90474 5.90474 5.90474 5.90474 5.90474 5.90474 5.90474 5.90474 5.90474 5.90474 5.90474 5.90474 5.90474 5.88629 5.55235 5.54361 5.54361 5.54361 5.54361 5.54361 5.54361 5.54361 5.54361 5.54361 5.54361 5.54361 5.54361 5.54361 5.54361 5.54361 3.19385 0.0892073 0.505193 0.835533 1.03409 1.25872 1.48343 1.70764 1.93248 2.03664 2.03664 2.03664
15.3165 15.3165 12.2639 11.0283 10.9456 10.7700 10.7700 10.7700 10.7700 10.7700 10.7700 10.7700 10.7700 10.7711 10.8979 11.1093 11.3207 11.5321 11.7424 11.9438 12.6257 12.6257 7.69535 5.90474 5.90474 5.90474 5.90474 5.90474 5.90474 5.90474 5.90474 5.90474 5.90474 5.90474 5.90474 5.90474 5.90474 5.90474 5.90474 5.63899 5.54361 5.54361 5.54361 5.54361 5.54361 5.54361 5.54361 5.54361 5.54361 5.54361 5.54361 5.54361 5.54361 5.45975 5.25944 4.41830 1.66179 2.05295 2.01157 2.03664 2.03664 2.03664 2.03664 2.03664 2.03664 2.03664 2.03664
15.3165 15.3165 13.5358 11.0283 11.0269 10.7849 10.7700 10.7700 10.7709 10.8958 11.1072 11.3186 11.5300 11.7409 11.8270 11.8270 11.8270 11.8270 11.8270 11.8350 12.5369 12.6257 9.66977 5.90474 5.90474 5.90474 5.90474 5.90474 5.90474 5.90474 5.90474 5.90474 5.90474 5.90474 5.90474 5.90474 5.90474 5.90474 5.90474 5.74411 5.54361 5.54361 5.54361 5.54361 5.54361 5.54361 5.54361 5.53848 5.39725 5.19630 4.99525 4.79430 4.59313 4.47605 4.47530 4.47530 2.82847 2.55176 2.09381 2.03664 2.03664 2.03664 2.03664 2.03664 2.03664 2.03664 2.03664
15.3165 15.3165 14.8015 11.0348 11.0283 11.0775 11.3186 11.5300 11.7405 11.8270 11.8270 11.8270 11.8270 11.8270 11.8270 11.8270 11.8270 11.8270 12.0397 12.9016 13.3081 12.6257 11.6434 5.90474 5.90474 5.90474 5.90474 5.90474 5.90474 5.90474 5.90474 5.90474 5.90474 5.90474 5.90474 5.90474 5.90474 5.90474 5.90474 5.84927 5.54361 5.54361 5.51402 5.33422 5.13317 4.93222 4.73116 4.53523 4.47530 4.47530 4.47530 4.47530 4.47530 4.47530 4.47530 4.47530 3.38220 2.55176 2.21023 2.03664 2.03664 2.03664 2.03664 2.03664 2.03674 2.06929 2.13947
15.3165 15.3165 15.3165 11.7916 11.0283 11.3967 11.8270 11.8270 11.8270 11.8270 11.8270 11.8270 11.8270 12.0215 12.8816 13.7902 14.7038 15.6128 16.3133 16.3609 15.5068 12.6257 12.6257 6.89878 5.90474 5.90474 5.90474 5.90474 5.90474 5.90474 5.90474 5.90474 5.90474 5.90474 5.90474 5.90474 5.90474 5.98957 6.27860 6.57600 5.20709 4.66792 4.49645 4.47530 4.47530 4.47530 4.47530 4.47530 4.47530 4.47530 4.47530 4.47530 4.47530 4.47530 4.47530 4.47530 3.93566 2.55176 2.38618 2.03664 2.05224 2.11539 2.19873 2.30934 2.46272 2.55176 2.55176
15.3165 15.3165 15.3165 13.0642 11.0283 11.0877 11.8126 11.8270 12.0098 12.8562 13.7716 14.6788 15.5937 16.3069 16.3609 16.3609 16.3609 16.3609 16.3609 16.3609 16.1920 12.6850 12.6257 8.87386 5.90474 5.90474 5.90474 5.90474 5.90474 5.90474 5.90474 5.90474 6.02228 6.31849 6.61592 6.91382 7.21156 7.42416 7.43318 7.43318 5.73726 4.47530 4.47530 4.47530 4.47530 4.47530 4.47530 4.47530 4.47530 4.47530 4.47530 4.47530 4.47530 4.47530 4.47530 4.47530 4.41299 2.62850 2.54919 2.41042 2.54459 2.55176 2.55176 2.55176 2.55176 2.55176 2.55176
15.3165 15.3165 15.3165 14.4110 13.0504 14.8649 15.0108 15.5674 16.3006 16.3609 16.3609 16.3609 16.3609 16.3609 16.3609 16.3609 16.3609 16.3609 16.3609 16.3609 16.3609 13.9497 12.6257 10.8487 5.90474 5.90474 5.90474 6.06080 6.35823 6.65597 6.95371 7.25145 7.43150 7.43318 7.43318 7.43318 7.43318 7.43318 7.43318 7.43318 6.59276 4.47530 4.47530 4.47530 4.47530 4.47530 4.47530 4.47530 4.47530 4.47530 4.47530 4.47530 4.47530 4.47530 4.47530 4.47530 4.47530 3.11972 2.55176 2.55176 2.55176 2.55176 2.55176 2.55176 2.55176 2.55176 2.55176
15.3165 15.3165 15.3165 17.1837 20.0960 20.0960 17.9249 16.3609 16.3609 16.3609 16.3609 16.3609 16.3609 16.3609 16.3609 16.3609 16.3609 16.3609 16.3609 16.3609 16.3609 15.1473 12.9111 13.2335 7.09235 6.99375 7.29119 7.43318 7.43318 7.43318 7.43318 7.43318 7.43318 7.43318 7.43318 7.43318 7.43318 7.43318 7.43318 7.43318 7.33380 4.59008 4.47530 4.47530 4.47530 4.47530 4.47530 4.47530 4.47530 4.47530 4.47530 4.47530 4.47530 4.47530 4.47530 4.47530 4.47530 3.67376 2.55176 2.55176 2.55176 2.57379 2.78775 3.04578 3.30381 3.56198 3.82015
0.00000 0.00000 0.00000 0.00000 20.0960 20.0960 19.3243 16.3646 16.3609 16.3609 16.3609 16.3609 16.3609 16.3609 16.3609 16.3609 16.3617 16.5012 16.7410 16.9808 17.2230 17.1743 15.0239 15.0239 9.87741 7.43318 7.43318 7.43318 7.43318 7.43318 7.43318 7.43318 7.43318 7.43318 7.43318 7.43318 7.43318 7.43318 7.43318 7.43318 7.43318 5.34610 4.47530 4.47530 4.47530 4.47530 4.47530 4.47530 4.47530 4.47530 4.47530 4.47530 4.47530 4.47530 4.47530 4.47530 4.39658 3.95410 3.16731 3.42569 3.68372 3.91972 3.96406 3.96406 3.96406 3.96406 3.96406
0.00000 0.00000 0.00000 0.00000 20.0960 20.0960 20.0960 16.7384 16.3609 16.3609 16.3609 16.3615 16.4988 16.7386 16.9784 17.2187 17.4596 17.5600 17.5600 17.5600 17.5600 17.5545 15.4892 15.0239 12.0969 7.43318 7.43318 7.43318 7.43318 7.43318 7.43318 7.43318 7.43318 7.43318 7.43318 7.43318 7.43318 7.43318 7.43318 7.43318 7.43318 6.20228 4.47530 4.47530 4.47530 4.47530 4.47530 4.47530 4.47530 4.47530 4.47300 4.32908 4.10161 3.87425 3.64702 3.41966 3.27103 3.26789 3.85415 3.96406 3.96406 3.96406 3.96406 3.96406 3.96406 3.96406 3.96406
0.00000 0.00000 0.00000 0.00000 20.0960 20.0960 20.0960 17.6487 16.7362 16.9760 17.2158 17.4559 17.5600 17.5600 17.5600 17.5600 17.5600 17.5600 17.5600 17.5600 17.5600 17.5009 16.1869 15.0239 14.2816 7.46962 7.43318 7.43318 7.43318 7.43318 7.43318 7.43318 7.43318 7.43318 7.43318 7.43318 7.43318 7.43318 7.43318 7.43318 7.43318 7.05635 4.47678 4.47530 4.47530 4.45188 4.25833 4.03097 3.80374 3.57626 3.35132 3.26789 3.26789 3.26789 3.26789 3.26789 3.26789 3.26789 3.65475 3.96406 3.96406 3.96406 3.96406 3.96406 3.96406 3.96406 3.96406
0.00000 0.00000 0.00000 0.00000 0.00000 20.0960 20.0960 19.1684 17.5600 17.5600 17.5600 17.5600 17.5600 17.5600 17.5600 17.5600 17.5026 17.2256 16.8592 16.3813 15.7423 15.0766 15.0239 15.0239 15.0239 8.94678 7.43318 7.43318 7.43318 7.43318 7.43318 7.43318 7.43318 7.43318 7.43318 7.43318 7.43318 7.43318 7.43318 7.43318 7.39945 7.26880 4.48646 3.73299 3.50575 3.30170 3.26789 3.26789 3.26789 3.26789 3.26789 3.26789 3.26789 3.26789 3.26789 3.26789 3.26789 3.26789 3.45523 3.96406 3.96406 3.96406 3.96406 3.96406 3.96406 3.96406 3.96406
0.00000 0.00000 0.00000 0.00000 0.00000 20.0960 20.0960 20.0473 17.6681 17.5600 17.5600 17.5061 17.2307 16.8633 16.3911 15.7565 15.0801 15.0239 15.0239 15.0239 15.0239 15.0239 15.0239 15.0239 15.0239 11.1671 7.43318 7.43318 7.43318 7.43318 7.43318 7.43318 7.43318 7.43318 7.43318 7.38420 7.24906 7.11244 6.97575 6.83934 6.73646 6.73042 4.83330 3.26789 3.26789 3.26789 3.26789 3.26789 3.26789 3.26789 3.26789 3.26789 3.26789 3.26789 3.26789 3.26789 3.26789 3.26789 3.28711 3.93288 3.96406 3.96406 3.96406 3.96406 3.96406 3.96406 3.96406
0.00000 0.00000 0.00000 0.00000 0.00000 20.0960 20.0960 20.0960 17.4350 16.3981 15.7646 15.0871 15.0239 15.0239 15.0239 15.0239 15.0239 15.0239 15.0239 15.0239 15.0239 15.0239 15.0239 15.0239 15.0239 13.3874 7.43318 7.43318 7.43318 7.43318 7.36607 7.22938 7.09269 6.95608 6.81960 6.73204 6.73042 6.73042 6.73042 6.73042 6.73042 6.73042 5.83614 3.26789 3.26789 3.26789 3.26789 3.26789 3.26789 3.26789 3.26789 3.26789 3.26789 3.26789 3.26789 3.26789 3.26789 3.26789 3.26789 3.75236 3.96406 3.96406 3.96406 3.96406 3.96406 3.96406 3.96406
0.00000 0.00000 0.00000 0.00000 0.00000 0.00000 20.0960 0.00000 15.0239 15.0239 15.0239 15.0239 15.0239 15.0239 15.0239 15.0239 15.0239 15.0239 15.0239 15.0239 15.0239 15.0239 15.0239 15.0239 15.0239 14.9533 7.55612 7.07295 6.93640 6.79992 6.73042 6.73042 6.73042 6.73042 6.73042 6.73042 6.73042 6.73042 6.73042 6.73042 6.73042 6.73042 6.65356 3.45348 3.26789 3.26789 3.26789 3.26789 3.26789 3.26789 3.26789 3.26789 3.26789 3.26789 3.26789 3.26789 3.26789 3.26789 3.26789 3.55332 3.96406 3.96406 3.96406 3.96406 3.99828 4.51412 5.18706
0.00000 0.00000 0.00000 0.00000 0.00000 0.00000 0.00000 0.00000 15.0239 15.0239 15.0239 15.0239 15.0239 15.0239 15.0239 15.0239 15.0239 15.0239 15.0239 15.0239 15.0239 15.0239 15.0239 15.0239 15.0239 0.00000 6.73042 6.73042 6.73042 6.73042 6.73042 6.73042 6.73042 6.73042 6.73042 6.73042 6.73042 6.73042 6.73042 6.73042 6.73042 6.73042 6.73042 4.38006 3.26789 3.26789 3.26789 3.26789 3.26789 3.26789 3.26789 3.26789 3.26789 3.26789 3.26789 3.26789 3.26789 3.26789 3.26789 3.36154 4.82709 5.50200 6.17458 6.84789 7.48661 7.64335 7.64335
0.00000 0.00000 0.00000 0.00000 0.00000 0.00000 0.00000 0.00000 0.00000 15.0239 15.0239 15.0239 15.0239 15.0239 15.0239 15.0239 15.0239 15.0239 15.0239 15.0239 0.00000 0.00000 0.00000 0.00000 0.00000 0.00000 6.73042 6.73042 6.73042 6.73042 6.73042 6.73042 6.73042 6.73042 6.73042 6.73042 6.73042 6.73042 6.73042 6.73042 6.73042 6.73042 6.73042 5.38280 3.26789 3.26789 3.26789 3.26789 3.26789 3.26789 3.26789 3.26789 3.26789 3.26789 3.26789 3.26789 3.26789 3.26789 3.26789 3.26789 7.64335 7.64335 7.64335 7.64335 7.64335 7.64335 7.64335
0.00000 0.00000 0.00000 0.00000 0.00000 0.00000 0.00000 0.00000 0.00000 15.0239 15.0239 15.0239 15.0239 15.0239 15.0239 0.00000 0.00000 0.00000 0.00000 0.00000 0.00000 0.00000 0.00000 0.00000 0.00000 0.00000 6.73042 6.73042 6.73042 6.73042 6.73042 6.73042 6.73042 6.73042 6.73042 6.73042 6.73042 6.73042 6.73042 6.73042 6.73042 6.73042 6.73042 6.37378 3.28001 3.26789 3.26789 3.26789 3.26789 3.26789 3.26789 3.26789 3.26789 3.26789 0.00000 0.00000 0.00000 0.00000 0.00000 0.00000 7.64335 7.64335 7.64335 7.64335 7.64335 7.64335 7.64335
0.00000 0.00000 0.00000 0.00000 0.00000 0.00000 0.00000 0.00000 0.00000 15.0239 0.00000 0.00000 0.00000 0.00000 0.00000 0.00000 0.00000 0.00000 0.00000 0.00000 0.00000 0.00000 0.00000 0.00000 0.00000 0.00000 0.00000 6.73042 6.73042 6.73042 6.73042 6.73042 6.73042 6.73042 6.73042 6.73042 6.73042 6.73042 6.73042 6.73042 6.73042 6.73042 6.73042 6.73042 3.89556 3.26789 3.26789 3.26789 3.26789 0.00000 0.00000 0.00000 0.00000 0.00000 0.00000 0.00000 0.00000 0.00000 0.00000 0.00000 7.64335 7.64335 7.64335 7.64335 7.64335 7.64335 7.64335
0.00000 0.00000 0.00000 0.00000 0.00000 0.00000 0.00000 0.00000 0.00000 0.00000 0.00000 0.00000 0.00000 0.00000 0.00000 0.00000 0.00000 0.00000 0.00000 0.00000 0.00000 0.00000 0.00000 0.00000 0.00000 0.00000 0.00000 6.73042 6.73042 6.73042 6.73042 6.73042 6.73042 6.73042 6.73042 6.73042 6.73042 6.73042 6.73042 6.73042 6.73042 6.73042 6.73042 6.73042 0.00000 0.00000 0.00000 0.00000 0.00000 0.00000 0.00000 0.00000 0.00000 0.00000 0.00000 0.00000 0.00000 0.00000 0.00000 0.00000 7.64335 7.64335 7.64335 7.64335 7.64335 7.64335 7.64335
0.00000 0.00000 0.00000 0.00000 0.00000 0.00000 0.00000 0.00000 0.00000 0.00000 0.00000 0.00000 0.00000 0.00000 0.00000 0.00000 0.00000 0.00000 0.00000 0.00000 0.00000 0.00000 0.00000 0.00000 0.00000 0.00000 0.00000 6.73042 6.73042 6.73042 6.73042 6.73042 6.73042 6.73042 6.73042 6.73042 6.73042 6.73042 6.73042 0.00000 0.00000 0.00000 0.00000 0.00000 0.00000 0.00000 0.00000 0.00000 0.00000 0.00000 0.00000 0.00000 0.00000 0.00000 0.00000 0.00000 0.00000 0.00000 0.00000 0.00000 0.00000 7.64335 7.64335 7.64335 7.64335 7.64335 7.64335
