High_resolution/powerplant/Fengdu/OMI_NO2_200712.asc
ncols      200
nrows      200
xllcorner       105.978
yllcorner       28.1831
cellsize     0.0166667
NODATA_Value      -999.000
[rows 30 to 59 of 200, columns 132 to 197 of 200]
4.47620 4.49061 4.56558 4.64723 4.72896 4.81066 4.85818 4.85848 4.85848 4.85848 4.85848 4.85848 4.85848 5.55046 5.91186 5.91186 6.51475 6.99058 6.99058 6.99058 6.99058 6.99058 7.00032 7.08569 7.19714 7.32294 7.46563 7.62933 7.81889 7.31399 6.30910 6.15967 6.09056 6.09056 4.03790 2.95242 2.95242 2.95156 2.91393 2.85691 2.79941 2.74231 2.68626 2.66733 2.66733 2.66733 2.14376 1.90669 1.90669 1.90669 1.90669 1.64091 0.927232 0.927232 0.927232 0.927232 0.927232 0.927232 0.927232 0.927232 0.927232 0.927232 0.927232 0.927232 0.927232 0.927232
4.78447 4.85175 4.85848 4.85848 4.85848 4.85848 4.85848 4.85848 4.85848 4.85848 4.85848 4.85848 4.85848 5.30439 5.96172 6.00653 6.39803 7.51424 7.68541 7.88409 8.11819 8.39725 8.69765 8.75316 8.75316 8.75316 8.75316 8.75316 8.75316 7.99464 6.09056 6.09056 6.08949 5.97815 4.73483 2.79989 2.74288 2.68671 2.66733 2.66733 2.66733 2.66733 2.66733 2.66733 2.66733 2.66733 2.36055 1.90669 1.90669 1.90669 1.90669 1.88015 0.973169 0.927232 0.927232 0.927232 0.927232 0.927232 0.927232 0.927232 0.927232 0.927232 0.927232 0.927232 0.927232 0.927232
4.85848 4.85848 4.85848 4.85848 4.87364 4.96888 5.08756 5.22240 5.37725 5.55691 5.76706 6.01761 6.32029 6.58223 6.59573 6.59573 6.64039 8.62631 8.75316 8.75316 8.75316 8.75316 8.75316 8.75316 8.75316 8.75316 8.75316 8.75316 8.59066 8.20225 5.73318 5.45508 5.27132 5.19766 5.00728 2.69773 2.66733 2.66733 2.66733 2.66733 2.66733 2.66733 2.66733 2.66733 2.66733 2.66733 2.51483 1.90669 1.90669 1.90669 1.90669 1.90669 1.23168 0.927232 0.927232 0.927232 0.927232 0.927232 0.927232 0.927232 0.927232 0.927232 0.927232 0.927232 0.927232 0.927232
5.52108 5.72502 5.96708 6.25876 6.55691 6.59573 6.59573 6.59573 6.59573 6.59573 6.59573 6.59573 6.59573 6.59573 6.59573 6.59573 6.59573 8.02740 8.75316 8.75316 8.75316 8.75316 8.75316 8.64352 8.28403 7.91437 7.54453 7.17486 6.96807 6.96735 5.53487 5.19766 5.19766 5.19766 5.19766 3.25468 2.66733 2.66733 2.66733 2.66733 2.66733 2.66733 2.66733 2.66733 2.66733 2.66733 2.62944 1.90897 1.90669 1.90669 1.90669 1.90669 1.51687 0.927232 0.927232 0.927232 0.927232 0.927232 0.927232 0.927232 0.927232 1.12808 1.54169 1.95573 2.36892 2.78296
6.59573 6.59573 6.59573 6.59573 6.59573 6.59573 6.59573 6.59573 6.59573 6.59573 6.59573 6.59573 6.59573 6.59573 6.59573 6.59573 6.59573 7.38341 8.68673 8.34618 7.97669 7.60721 7.23755 6.97717 6.96735 6.96735 6.96735 6.96735 6.96735 6.96735 5.89100 5.19766 5.19766 5.19766 5.19766 4.00152 2.66733 2.66733 2.66733 2.66733 2.66733 2.66733 2.66733 2.66733 2.66733 2.66733 2.66733 2.10212 1.90669 1.90160 1.90669 1.90669 1.79944 0.929779 0.927232 0.930853 1.20293 1.62108 1.97621 2.27919 2.54112 2.63526 2.58447 2.53912 2.91659 3.05707
6.59573 6.59573 6.59573 6.59573 6.59573 6.59573 6.59573 6.59573 6.59573 6.59573 6.59573 6.59573 6.59573 6.62251 7.06511 7.64787 8.23037 8.72017 7.02320 6.96735 6.96735 6.96735 6.96735 6.96735 6.96735 6.96735 6.96735 6.96735 6.96735 6.96735 6.39302 5.19766 5.19766 5.19766 5.19766 4.74917 2.66733 2.66733 2.66733 2.66733 2.66733 2.66733 2.66733 2.66733 2.66733 2.58369 2.32305 1.74641 1.34849 1.37385 1.86969 1.90516 1.95431 1.94021 2.17042 2.36431 2.42129 2.41992 2.41992 2.41992 2.41992 2.41992 2.41992 2.41992 2.70953 3.05707
6.59573 6.59573 6.59573 6.59573 6.59573 6.59573 6.59573 6.59573 6.59573 6.88288 7.46537 8.04868 8.63144 9.18716 9.32786 9.32786 9.32786 9.32786 7.50972 6.96735 6.96735 6.96735 6.96735 6.96735 6.96735 6.96735 6.96735 6.96735 6.96735 6.96735 6.92988 5.25248 5.19766 5.19766 5.19766 5.19386 2.92826 2.52681 2.42689 2.32677 2.22588 2.02012 1.78464 1.59135 1.42990 1.31533 1.30776 1.37768 1.47485 1.50744 1.98431 2.07516 2.07516 2.25608 2.41992 2.41992 2.41992 2.41992 2.41992 2.41992 2.41992 2.41992 2.41992 2.41992 2.57293 3.05707
6.59573 6.59573 6.59573 6.59573 6.73015 7.28341 7.86590 8.44866 9.03197 9.32786 9.32786 9.32786 9.32786 9.32786 9.32786 9.32786 9.32786 9.32786 8.21112 6.96735 6.96735 6.96735 6.96735 6.96735 6.96735 6.96735 6.94690 6.79279 6.64120 6.51437 6.40679 5.09157 4.57665 4.47653 4.37651 4.27659 2.71527 1.57621 1.47159 1.38526 1.31354 1.30715 1.33809 1.36891 1.39965 1.43014 1.44034 1.45415 1.54567 1.54567 1.80755 2.07516 2.07516 2.15567 2.41992 2.41992 2.41992 2.41992 2.41992 2.41992 2.41992 2.41992 2.41992 2.41992 2.47132 3.05707
7.11515 7.68367 8.26698 8.84947 9.29781 9.32786 9.32786 9.32786 9.32786 9.32786 9.32786 9.32786 9.32786 9.32786 9.32786 9.32786 9.32786 9.20238 8.45870 6.60094 6.48035 6.37756 6.28906 6.21186 6.14393 6.08374 6.03536 6.02774 6.02774 6.02774 6.02774 5.18721 4.13017 3.77844 3.47039 3.21364 2.45584 1.33757 1.36829 1.39916 1.42963 1.44034 1.44034 1.44034 1.44034 1.44034 1.44034 1.44036 1.53414 1.54567 1.65718 2.07516 2.07516 2.07978 2.39551 2.41992 2.41992 2.41992 2.41992 2.41992 2.41992 2.41992 2.41992 2.41992 2.42052 2.95121
9.32786 9.32786 9.32786 9.32786 9.32786 9.32786 9.32786 9.32786 9.32786 9.32786 9.32786 9.32786 9.32786 9.32786 9.32786 8.21754 7.29667 7.21139 7.20646 6.17200 6.02774 6.02774 6.02774 6.02774 6.02774 6.02774 6.02774 6.02774 6.02774 6.02774 4.98520 4.09150 2.77892 2.62613 2.48503 2.34495 2.26046 1.47307 1.44034 1.44034 1.44034 1.44034 1.44034 1.44034 1.44034 1.44034 1.44034 1.44034 1.50885 1.54567 1.55557 2.03551 2.07516 2.07516 2.29977 2.41992 2.41992 2.41992 2.41992 2.41992 2.41992 2.41992 2.41992 2.41992 2.41992 2.74349
9.32786 9.32786 9.32786 9.32786 9.32786 9.32786 9.32786 9.32786 9.32786 9.32786 9.32786 9.32786 9.32786 9.32786 9.32786 8.62832 7.20799 7.20799 7.20799 6.52132 6.02774 6.02774 6.02774 6.02774 6.02774 6.02774 5.95947 5.75171 5.54005 5.32839 4.11176 3.47320 2.34195 2.29028 2.29028 2.29028 2.29028 1.69252 1.44034 1.44034 1.44034 1.44034 1.44034 1.44034 1.44034 1.44034 1.44034 1.44034 1.48353 1.54567 1.54567 1.84872 2.07516 2.07516 2.19945 2.41992 2.41992 2.41992 2.41992 2.41992 2.41992 2.41992 2.41992 2.41992 2.30026 2.10589
2.48368 9.32786 9.32786 9.32786 9.32786 9.32786 9.32786 9.32786 9.32786 9.32786 9.32786 9.32786 9.32786 9.32786 9.32786 9.28090 7.27356 7.20799 7.20799 6.87185 6.02774 5.98366 5.78522 5.57346 5.36180 5.15015 5.00685 5.00275 5.00275 5.00275 4.51439 3.49739 2.61170 2.29028 2.29028 2.29028 2.29028 1.94263 1.44034 1.44034 1.44034 1.44034 1.44034 1.44034 1.44034 1.44034 1.44034 1.44034 1.45822 1.54567 1.54567 1.68939 2.07516 2.07516 2.10247 2.41650 2.41992 2.41992 2.41841 2.25860 1.98927 1.69621 1.39926 1.10252 0.925437 0.822601
2.48368 9.32786 9.32786 9.32786 9.32786 9.32786 9.32786 9.32786 9.32786 9.32786 9.32786 9.32786 9.32786 9.32786 9.32786 9.32786 7.57410 7.20236 7.19591 7.14827 5.27836 5.01598 5.00275 5.00275 5.00275 5.00275 5.00275 5.00275 5.00275 5.00275 4.97582 3.58136 2.90555 2.29028 2.29028 2.29028 2.29028 2.19058 1.44179 1.44034 1.44034 1.44034 1.44034 1.44034 1.44034 1.44034 1.44034 1.44034 1.47713 1.67386 1.78644 1.90761 1.99650 1.96184 1.85158 1.77256 1.48027 1.18336 0.888022 0.751061 0.723347 0.719703 0.719703 0.719703 0.719703 0.717043
2.48368 9.32786 9.32786 9.32786 9.32786 9.32786 9.32786 9.32786 9.32786 9.32786 9.32786 9.32785 9.32075 9.30784 9.29494 9.28202 7.95458 7.17779 7.17779 7.17779 5.67520 5.00275 5.00275 5.00275 5.00275 5.00275 5.00275 5.00275 5.00275 5.00275 5.00275 3.93577 3.19912 2.29028 2.29028 2.29028 2.29028 2.29028 1.59213 1.44034 1.43632 1.42543 1.41443 1.40540 1.44767 1.52176 1.61062 1.71898 1.77734 1.68102 1.54914 1.43512 1.32178 1.21042 1.17530 0.953225 0.719703 0.719703 0.719703 0.719703 0.719703 0.719703 0.719703 0.719703 0.719703 0.719703
2.48368 9.32786 9.32786 9.32786 9.32786 9.32786 9.32786 9.32441 9.31198 9.29907 9.28616 9.27327 9.26747 9.26747 9.26747 9.26747 8.53444 7.17779 7.17779 7.17779 6.32003 5.00275 5.00275 5.00275 5.00275 5.00275 5.00275 5.00275 5.00275 5.00275 5.00205 4.36676 3.32919 2.26986 2.24397 2.23299 2.22199 2.21099 1.75130 1.34758 1.40395 1.48875 1.59104 1.71120 1.67938 1.56519 1.45203 1.33789 1.22659 1.18285 1.17530 1.17530 1.17530 1.17530 1.17530 1.08569 0.719703 0.719703 0.719703 0.719703 0.719703 0.719703 0.719703 0.719703 0.719703 0.719703
2.48368 2.48368 9.32592 9.31612 9.30322 9.29030 9.27740 9.26794 9.26747 9.26747 9.26747 9.26747 9.26747 9.26747 9.26747 9.26747 9.20084 7.23115 7.17779 7.17779 6.95605 5.01064 4.99612 4.99046 4.98405 4.97673 4.96832 4.95854 4.94701 4.93322 4.91921 4.76136 2.74909 2.27186 2.18190 2.22216 2.36872 2.54740 2.49554 1.66462 1.56848 1.45429 1.34118 1.22846 1.18904 1.18904 1.18904 1.18904 1.18904 1.18614 1.17530 1.17530 1.17530 1.17530 1.17530 1.17321 0.764603 0.719703 0.719703 0.719703 0.719703 0.719703 0.719703 0.719703 0.719703 0.719703
2.48368 2.48368 9.26747 9.26747 9.26747 9.26747 9.26747 9.26747 9.26747 9.26747 9.26747 9.26747 9.12542 8.80092 8.53168 8.30618 8.11519 7.97856 8.33648 8.63324 8.99004 5.78206 4.91739 4.91739 4.91739 4.91739 4.91739 4.91739 4.91739 4.91739 4.91739 4.91739 3.55164 2.96590 2.73030 2.68204 2.38043 1.97104 1.40885 1.18726 1.18904 1.18904 1.18904 1.18904 1.18904 1.18904 1.18904 1.18904 1.18904 1.18880 1.17593 1.17530 1.17530 1.17530 1.17530 1.17530 0.894972 0.719703 0.719703 0.719703 0.719703 0.719703 0.719703 0.719703 0.719703 0.719703
2.48368 2.48368 9.26747 9.16596 8.84871 8.57127 8.33969 8.14411 7.97591 7.83009 7.70255 7.59007 7.52608 7.52529 7.52529 7.52529 7.52529 8.06929 9.26747 9.26747 9.26747 7.07307 4.91739 4.91739 4.91739 4.91739 4.91739 4.91739 4.91739 4.91739 4.91739 4.91739 4.91739 2.20476 1.14164 1.14164 1.14164 1.14164 1.14164 1.17890 1.18904 1.18904 1.18904 1.18904 1.18904 1.18904 1.18904 1.18904 1.18904 1.18904 1.17898 1.17530 1.17530 1.17530 1.17530 1.17530 1.02733 0.719703 0.719703 0.719703 0.719703 0.719703 0.719703 0.719703 0.719703 0.719703
3.18095 3.55164 5.78312 7.17248 7.52529 7.52529 7.52529 7.52529 7.52529 7.52529 7.52529 7.52529 7.52529 7.52529 7.52529 7.52529 7.52529 7.75279 9.26747 9.26747 9.26747 8.36395 4.91739 4.91739 4.91739 4.91739 4.91739 4.91739 4.91739 4.91739 0.00000 0.00000 0.00000 1.14164 1.14164 1.14164 1.14164 1.14164 1.14164 1.16647 1.18904 1.18904 1.18904 1.18904 1.18904 1.18904 1.18904 1.18904 1.18904 1.18904 1.18227 1.17530 1.17530 1.17530 1.17530 1.17530 1.15007 0.729407 0.719703 0.719703 0.719703 0.719998 0.826759 1.01799 1.21085 1.42514
3.51454 3.51454 5.51699 6.70658 7.52529 7.52529 7.52529 7.52529 7.52529 7.52529 7.52529 7.52529 7.52529 7.52529 7.52529 7.52529 7.52529 7.54654 9.14023 9.26747 9.26747 9.22424 5.04797 4.91739 4.91739 0.00000 0.00000 0.00000 0.00000 0.00000 0.00000 0.00000 0.00000 0.00000 1.14164 1.14164 1.14164 1.14164 1.14164 1.14818 1.18875 1.18904 1.18904 1.18904 1.18904 1.18904 1.18904 1.18904 1.18904 1.18904 1.18555 1.17530 1.17530 1.17530 1.18510 1.21451 1.24472 1.04260 1.17304 1.39414 1.61534 1.83634 1.95084 1.98068 2.00915 2.01603
3.51454 3.51454 4.95818 6.02380 7.51372 7.52529 7.52529 7.52529 7.52529 7.52529 7.52529 7.52529 7.52529 7.52529 7.52451 7.40816 7.16935 6.85999 7.43792 9.26747 0.00000 0.00000 0.00000 0.00000 0.00000 0.00000 0.00000 0.00000 0.00000 0.00000 0.00000 0.00000 0.00000 0.00000 1.14164 1.14164 1.14164 1.14164 1.14164 1.14164 1.18285 1.18904 1.18904 1.18904 1.18420 1.17088 1.15747 1.14403 1.13061 1.11718 1.10665 1.39934 1.45111 1.49929 1.53747 1.55608 1.57385 1.77751 2.01603 2.01603 2.01603 2.01603 2.01603 2.01603 2.01603 2.01603
3.51454 3.51454 4.39983 5.78312 7.28885 7.52529 7.52529 7.52529 7.52529 7.52529 7.46742 7.25048 6.96620 6.58906 6.06583 5.78312 5.78312 5.78312 5.78312 0.00000 0.00000 0.00000 0.00000 0.00000 0.00000 0.00000 0.00000 0.00000 0.00000 0.00000 0.00000 0.00000 0.00000 0.00000 1.17541 1.10959 1.08279 1.05587 1.02901 1.00215 1.05953 1.09245 1.07900 1.06557 1.05698 1.05685 1.05715 1.06923 1.08731 1.10539 1.12346 1.47734 1.57986 1.57986 1.57986 1.57986 1.57986 1.65120 2.01603 2.01603 2.01603 2.01603 2.01603 2.01603 2.01603 2.01603
3.51454 3.51454 3.84099 5.78312 6.88256 7.50512 7.32579 7.06372 6.71969 6.24889 5.80149 5.78312 5.78312 5.78312 5.78312 5.78312 5.78312 5.78312 5.78312 0.00000 0.00000 0.00000 0.00000 0.00000 0.00000 2.31203 2.31203 2.31203 2.31203 2.31203 2.31203 2.31203 2.31203 2.31203 2.20605 0.885431 0.877252 0.877252 0.877252 0.877252 0.932892 1.05715 1.06923 1.08731 1.10539 1.12346 1.14124 1.14724 1.14724 1.14724 1.14724 1.38045 1.57986 1.57986 1.57986 1.57986 1.57986 1.58012 1.96074 2.01603 2.01603 2.01603 2.01603 2.01603 2.01603 2.01603
3.51454 3.51454 3.51635 5.54989 5.92132 5.88690 5.78312 5.78312 5.78312 5.78312 5.78312 5.78312 5.78312 5.78312 5.78312 5.78240 5.55267 5.14286 4.69522 2.31794 2.31203 2.31203 2.31203 2.31203 2.31203 2.31203 2.31203 2.31203 2.31203 2.31203 2.31203 2.31203 2.31203 2.31203 2.31203 1.12523 0.877252 0.877252 0.877252 0.877252 0.878076 1.12493 1.14724 1.14724 1.14724 1.14724 1.14724 1.14724 1.14724 1.14724 1.14724 1.27754 1.57986 1.57986 1.57986 1.57986 1.57986 1.57986 1.83467 2.01603 2.01603 2.01603 2.01603 2.01603 2.01603 2.01603
3.51454 3.51454 3.51454 4.99229 5.78312 5.78312 5.78312 5.61825 5.21062 4.79972 4.38991 3.98009 3.56992 3.15974 2.74993 2.34012 2.15967 2.15967 2.15967 2.27590 2.31203 2.31203 2.31203 2.31203 2.31203 2.31203 2.31203 2.31203 2.31203 2.31203 2.31203 2.31203 2.31203 2.31203 2.31203 1.47057 0.877252 0.877252 0.877252 0.877252 0.877252 1.07934 1.14724 1.14724 1.14724 1.14724 1.14724 1.14724 1.14724 1.14724 1.14724 1.17735 1.57708 1.57986 1.57986 1.57986 1.57986 1.57986 1.70826 2.01603 2.01603 2.01603 2.01603 2.01603 2.01603 2.01603
3.91887 4.12484 4.33081 4.25786 3.22750 2.81769 2.40679 2.16185 2.15967 2.15967 2.15967 2.15967 2.15967 2.15967 2.15967 2.15967 2.15967 2.15967 2.15967 2.23885 2.31203 2.31203 2.31203 2.31203 2.31203 2.31203 2.31203 2.31203 2.31203 2.31203 2.31203 2.31203 2.31203 2.31203 2.31203 1.81588 0.877252 0.877252 0.877252 0.877252 0.877252 1.00364 1.14724 1.14724 1.14724 1.14724 1.14724 1.14724 1.14724 1.14724 1.14724 1.14724 1.50432 1.57986 1.57986 1.57986 1.57986 1.57986 1.59674 2.00124 2.01603 2.01603 2.01603 2.01603 2.01600 2.00075
5.24247 5.24247 5.24247 4.75667 2.15967 2.15967 2.15967 2.15967 2.15967 2.15967 2.15967 2.15967 2.15967 2.15967 2.15967 2.15967 2.15967 2.15967 2.15967 2.20175 2.31203 2.31203 2.31203 2.31203 2.31203 2.31203 2.31203 2.31203 2.31203 2.31203 2.31203 2.31203 2.31203 2.31203 2.31203 2.16077 0.877826 0.877252 0.877252 0.877252 0.877252 0.899712 1.14308 1.14724 1.14724 1.14724 1.14724 1.14724 1.14724 1.14724 1.14724 1.14724 1.40136 1.57986 1.57986 1.57986 1.57986 1.57986 1.56767 1.82895 1.87366 1.76271 1.62225 1.43967 1.19166 0.989646
5.24247 5.24247 5.24247 5.23507 2.44452 2.15967 2.15967 2.15967 2.15967 2.15967 2.15967 2.15967 2.15967 2.15967 2.15967 2.15967 2.15967 2.15967 2.15967 2.16712 2.30954 2.31203 2.31203 2.31203 2.31203 2.31203 2.31203 2.31203 2.31203 2.31203 2.31203 2.31203 2.31203 2.31203 2.31203 2.31203 1.07185 0.877252 0.877252 0.877252 0.877252 0.877252 1.10341 1.14724 1.14724 1.14724 1.14724 1.14724 1.13808 1.11359 1.08885 1.06414 1.14875 1.28336 1.23053 1.16068 1.06667 0.946912 0.808585 0.702487 0.644570 0.644570 0.644570 0.644570 0.644570 0.644570
5.24247 5.24247 5.24247 5.24247 3.20032 2.15967 2.15967 2.15967 2.15967 2.15967 2.15967 2.15967 2.15967 2.15967 2.15967 2.15967 2.15967 2.15967 2.15967 2.15967 2.27994 2.31203 2.31203 2.31203 2.31203 2.31203 2.31203 2.31203 2.31203 2.31203 2.31203 2.31203 2.31203 2.31203 2.31203 2.31203 1.41716 0.877252 0.865491 0.818357 0.768987 0.719568 0.894032 1.01890 0.994218 0.969509 0.944803 0.920041 0.904492 0.903296 0.865960 0.799583 0.734145 0.804453 0.691591 0.644570 0.644570 0.644570 0.644570 0.644570 0.644570 0.644570 0.644570 0.644570 0.644570 0.644570
5.24247 5.24247 5.24247 5.24247 3.96342 2.15967 2.15967 2.15967 2.15967 2.15967 2.15967 2.15967 2.15967 2.15967 2.15967 2.15967 2.15967 2.15967 2.15967 2.15967 2.24284 2.31203 2.31203 2.31203 2.31203 2.31203 2.31203 2.31203 2.31203 2.31203 2.31203 2.31203 2.31203 2.31203 2.31203 2.31203 0.892416 0.431363 0.393655 0.391323 0.391323 0.391323 0.513983 0.904222 0.903296 0.865960 0.799583 0.715033 0.603662 0.453755 0.391323 0.391323 0.391323 0.612012 0.644570 0.644570 0.644570 0.644570 0.644570 0.644570 0.644570 0.644570 0.644570 0.644570 0.644570 0.644570
