High_resolution/powerplant/Fengdu/OMI_NO2_200608.asc
ncols      200
nrows      200
xllcorner       105.978
yllcorner       28.1831
cellsize     0.0166667
NODATA_Value      -999.000
[rows 58 to 86 of 200, columns 132 to 197 of 200]
1.48658 1.46191 1.43748 1.38993 1.29669 1.21662 1.14708 1.09718 1.10058 1.17939 1.33053 1.49618 1.48969 1.48969 1.48969 1.48969 1.64624 1.72440 1.71560 1.71553 1.71337 1.71027 1.70717 1.70407 1.70097 1.54953 1.24815 1.23731 1.23731 1.23731 1.23731 1.23731 1.23731 1.23731 1.23731 1.22771 1.17326 1.17071 1.21162 1.23265 1.28816 1.67915 1.69198 1.62800 1.62800 1.62800 1.62800 1.62800 1.62800 1.62800 1.62800 1.62800 1.62800 1.62800 1.62800 1.62800 1.45054 0.868023 0.823669 0.823669 0.823669 0.823669 0.823669 0.823669 0.823669 0.823669
1.30665 1.23713 1.16733 1.12067 1.11985 1.11985 1.11985 1.11985 1.11985 1.13833 1.26457 1.48969 1.48955 1.48721 1.48411 1.48100 1.56004 1.70071 1.69761 1.69458 1.69363 1.69363 1.69363 1.69363 1.69363 1.65266 1.27972 1.23731 1.23731 1.23731 1.23731 1.21701 1.15780 1.09771 1.03752 0.986987 0.981303 1.11518 1.21176 1.18911 1.16683 1.49788 1.74312 1.62800 1.62800 1.62800 1.62800 1.62800 1.62800 1.62800 1.62800 1.62800 1.62800 1.62800 1.62800 1.62800 1.52926 1.03504 0.823669 0.823669 0.823669 0.823669 0.823669 0.823669 0.823669 0.823669
1.11985 1.11985 1.11985 1.11985 1.11985 1.12002 1.12705 1.13754 1.14804 1.15989 1.28909 1.48551 1.46848 1.46772 1.46772 1.46772 1.48347 1.68985 1.69363 1.69363 1.69363 1.69363 1.69363 1.69363 1.69363 1.69363 1.34879 1.20252 1.14241 1.08222 1.02211 0.976586 0.954114 0.931618 0.909001 0.886451 0.863969 0.908134 1.10431 1.10431 1.10431 1.31851 1.75088 1.62800 1.62800 1.62800 1.62800 1.62800 1.62800 1.62800 1.62800 1.62800 1.62800 1.62800 1.62800 1.62800 1.57957 1.20912 0.823669 0.823669 0.825240 0.860014 0.917479 0.991669 1.09040 1.13655
1.13566 1.14618 1.15667 1.16718 1.17768 1.18800 1.19149 1.19149 1.19149 1.19149 1.27467 1.45805 1.46772 1.46772 1.46772 1.46772 1.46772 1.63546 1.69363 1.69363 1.69363 1.69363 1.68687 1.59323 1.47285 1.34987 1.12336 0.933223 0.909379 0.886775 0.864185 0.847380 0.846436 0.846436 0.846436 0.846436 0.846436 0.849336 1.08336 1.10431 1.10431 1.23001 1.66555 1.63229 1.62800 1.62800 1.62800 1.62800 1.62800 1.62800 1.62800 1.62800 1.62788 1.60977 1.57863 1.54689 1.45766 1.15024 1.01963 1.08062 1.13259 1.13655 1.13655 1.13655 1.13655 1.13655
1.19149 1.19149 1.19149 1.19149 1.19149 1.19149 1.19149 1.19149 1.19149 1.19149 1.24306 1.42778 1.46772 1.46772 1.46772 1.46772 1.46772 1.56529 1.67259 1.55905 1.42311 1.30334 1.20537 1.18479 1.18536 1.18576 1.15205 0.891821 0.846436 0.846436 0.846436 0.846436 0.846436 0.846436 0.839429 0.805665 0.767563 0.727432 0.864882 0.936656 0.897990 0.906615 1.37180 1.63130 1.62800 1.61928 1.58911 1.55794 1.52679 1.49557 1.46438 1.42407 1.33545 1.25773 1.19305 1.12895 1.10459 1.00218 1.06984 1.13655 1.13655 1.13655 1.13655 1.13655 1.13655 1.13655
1.22446 1.23547 1.24669 1.25819 1.26989 1.28186 1.29414 1.30662 1.31940 1.33246 1.38100 1.59048 1.46768 1.46685 1.46864 1.50603 1.54001 1.53541 1.19306 1.18572 1.18579 1.18579 1.18579 1.18579 1.18656 1.19915 1.21332 0.862029 0.692702 0.648176 0.600975 0.550903 0.497689 0.440970 0.392687 0.388544 0.388544 0.391744 0.584117 0.936027 1.05346 1.17081 1.16381 1.44372 1.41254 1.39011 1.38914 1.36116 1.29663 1.23187 1.16719 1.11167 1.10459 1.10459 1.10459 1.10459 1.10459 1.03302 1.02365 1.13655 1.13655 1.13655 1.13655 1.13655 1.13655 1.13655
1.45116 1.45116 1.45116 1.45116 1.45116 1.45116 1.45116 1.45116 1.43957 1.41451 1.40640 1.63770 1.52067 1.53711 1.56507 1.56698 1.56984 1.57288 1.29680 1.24585 1.25855 1.27047 1.28172 1.29235 1.30195 1.30432 1.30432 0.783681 0.388544 0.388544 0.409299 0.517223 0.634747 0.752097 0.869534 0.987143 1.10449 1.21882 1.26866 1.58604 1.59715 1.59715 1.23921 1.26464 1.27079 1.20611 1.14147 1.10473 1.10459 1.10459 1.10459 1.10459 1.10459 1.10459 1.10459 1.10459 1.10459 1.06390 0.992527 1.13594 1.13655 1.13655 1.13655 1.13655 1.13655 1.13655
1.45116 1.45116 1.44663 1.42353 1.39844 1.37335 1.36505 1.36587 1.37697 1.40155 1.41270 1.60966 1.61981 1.58588 1.58795 1.58966 1.58989 1.58989 1.44636 1.30432 1.30432 1.30432 1.30432 1.29596 1.26939 1.24219 1.21498 1.17448 1.04446 1.14695 1.24381 1.25332 1.25332 1.25332 1.25332 1.25332 1.25332 1.25332 1.26775 1.48137 1.50101 1.45789 1.21067 0.960485 1.10459 1.10459 1.10459 1.10459 1.10459 1.10459 1.10459 1.10459 1.10459 1.10459 1.10459 1.10459 1.10459 1.09423 0.983315 1.08825 1.13655 1.13655 1.13655 1.13655 1.13655 1.13655
1.33022 1.29568 1.28743 1.31004 1.33461 1.35920 1.36701 1.36565 1.36565 1.36565 1.36565 1.52506 1.64859 1.58989 1.58989 1.58989 1.57990 1.55298 1.47064 1.21300 1.18577 1.15856 1.13136 1.11250 1.11187 1.11187 1.11187 1.19480 1.34651 1.25332 1.25332 1.25332 1.25332 1.25332 1.28112 1.34041 1.39963 1.45897 1.50379 1.46693 1.41542 1.47461 1.48466 0.987852 1.10459 1.10459 1.10459 1.10459 1.10459 1.10459 1.10459 1.10459 1.10459 1.10459 1.10459 1.10459 1.10459 1.10459 1.00384 1.03553 1.13655 1.13655 1.13655 1.13655 1.13655 1.13655
1.31932 1.35338 1.36565 1.36565 1.36565 1.36565 1.36565 1.36565 1.36565 1.35972 1.34178 1.40253 1.61501 1.46656 1.44217 1.41496 1.39773 1.39744 1.39676 1.14578 1.11187 1.11187 1.11187 1.11187 1.11187 1.11187 1.11187 1.11397 1.41129 1.25502 1.29717 1.35644 1.41573 1.47500 1.51546 1.58027 1.66180 1.75459 1.86094 1.97006 1.96143 1.97817 1.97817 1.24244 1.10459 1.10459 1.10459 1.10459 1.10459 1.10459 1.10459 1.10459 1.10459 1.10459 1.10459 1.10459 1.10459 1.10459 1.03470 1.00063 1.13655 1.13655 1.13655 1.13655 1.12592 1.08101
1.36565 1.36565 1.36179 1.34462 1.32636 1.30806 1.28979 1.27152 1.25322 1.24088 1.24054 1.24992 1.55804 1.41392 1.39744 1.39744 1.39744 1.39744 1.39744 1.23353 1.11187 1.11187 1.11187 1.11187 1.11187 1.11766 1.15680 1.20125 1.54092 1.56211 1.66243 1.75554 1.86210 1.98492 2.10831 2.12673 2.12673 2.12673 2.12673 2.12673 2.00989 1.97817 1.97817 1.46660 1.10459 1.10459 1.10459 1.10459 1.10459 1.10459 1.10459 1.10459 1.10459 1.10459 1.10459 1.10459 1.10518 1.10853 1.05431 0.848493 0.890744 0.891204 0.843791 0.796301 0.759516 0.756935
1.27436 1.25607 1.24167 1.24054 1.24054 1.24054 1.24054 1.24054 1.24054 1.24054 1.24054 1.24054 1.48710 1.45682 1.39744 1.39744 1.39744 1.39744 1.39744 1.32191 1.11187 1.12543 1.16880 1.21399 1.26310 1.31046 1.32280 1.32979 1.63599 2.12673 2.12673 2.12673 2.12673 2.12673 2.12673 2.12673 2.12673 2.12673 2.11614 2.06432 1.94836 1.83756 1.80005 1.53729 1.07068 1.10459 1.10459 1.10459 1.10468 1.10724 1.11094 1.11464 1.11833 1.12203 1.10852 1.03859 0.963824 0.886155 0.785732 0.452102 0.582154 0.756935 0.756935 0.756935 0.756935 0.756935
1.24054 1.24054 1.24054 1.24054 1.24054 1.24054 1.24054 1.24054 1.24054 1.24054 1.24054 1.24054 1.40674 1.49969 1.39744 1.39744 1.39749 1.40962 1.43513 1.45697 1.29559 1.32704 1.33563 1.33762 1.33762 1.33762 1.33762 1.33762 1.45497 2.07776 2.02505 1.97705 1.93313 1.89281 1.85567 1.82142 1.78961 1.76010 1.73730 1.73510 1.71780 1.60216 1.48842 1.32827 1.06023 1.11137 1.12445 1.12814 1.13175 1.13270 1.08841 1.01049 0.932546 0.854599 0.793854 0.789493 0.789493 0.789493 0.789493 0.513013 0.504081 0.756935 0.756935 0.756935 0.756935 0.756935
1.24054 1.24054 1.24054 1.24054 1.24054 1.24054 1.24054 1.24054 1.24054 1.24054 1.24054 1.24702 1.35840 1.64526 1.45999 1.49129 1.52677 1.54498 1.54501 1.55365 1.46549 1.44202 1.49190 1.54184 1.59182 1.64189 1.69182 1.74176 1.71199 1.70349 1.73510 1.73510 1.73510 1.73433 1.66275 1.54582 1.42890 1.31180 1.19497 1.07796 0.960954 0.792030 0.775697 0.775697 1.01824 1.09803 1.05688 0.978903 0.900921 0.823214 0.789493 0.789493 0.789493 0.789493 0.789493 0.789493 0.761607 0.710192 0.665701 0.478112 0.414223 0.734435 0.756935 0.756935 0.756935 0.756935
1.24054 1.24054 1.24054 1.24054 1.24054 1.24249 1.25946 1.28122 1.30560 1.34433 1.40224 1.48661 1.57453 2.05986 1.83441 1.81158 1.86147 1.91154 1.96148 2.00277 1.93705 1.79954 1.79954 1.79954 1.79954 1.79954 1.79644 1.76114 1.71738 1.35783 1.27016 1.15324 1.03623 0.920166 0.874739 0.874739 0.874739 0.874739 0.874739 0.874739 0.874739 0.796466 0.703953 0.651988 0.766457 0.834987 0.789493 0.789493 0.789493 0.788344 0.749997 0.700208 0.657002 0.619109 0.585686 0.555931 0.541856 0.541856 0.541856 0.472400 0.362001 0.614307 0.756935 0.756935 0.756935 0.756935
1.25198 1.27577 1.32579 1.39048 1.46949 1.57763 1.66755 1.75729 1.85611 1.94694 2.01670 1.96475 1.87338 2.12783 2.17238 2.00693 2.00693 2.00693 2.00693 2.00199 1.95313 1.71846 1.66931 1.62553 1.58171 1.53799 1.49729 1.48880 1.48880 1.07826 0.874739 0.874739 0.874739 0.874739 0.874739 0.874739 0.874022 0.824066 0.744027 0.663988 0.583949 0.537452 0.546776 0.546776 0.637221 0.806578 0.648520 0.611663 0.579059 0.550576 0.541856 0.541856 0.541856 0.541856 0.541856 0.541856 0.541856 0.541856 0.541856 0.527386 0.334612 0.525553 0.756935 0.756935 0.756935 0.756935
1.81603 1.91600 1.95902 1.98799 2.01525 1.99536 1.90331 1.82101 1.75005 1.68813 1.63393 1.61134 1.60928 1.81448 2.18605 1.87244 1.82863 1.78490 1.74106 1.70226 1.69619 1.54714 1.48880 1.48880 1.48880 1.48880 1.48880 1.48880 1.48880 1.22562 0.874739 0.874739 0.868320 0.802725 0.722686 0.642647 0.563325 0.533276 0.533276 0.533276 0.533276 0.533520 0.545895 0.546776 0.564794 0.805409 0.552194 0.541856 0.541856 0.541856 0.541856 0.541856 0.541856 0.541856 0.541856 0.541856 0.541856 0.541856 0.541856 0.541856 0.361016 0.445889 0.753695 0.756935 0.756935 0.756935
1.93480 1.84808 1.77344 1.70864 1.65192 1.61258 1.59696 1.57941 1.56190 1.54434 1.52682 1.50930 1.49382 1.62504 2.07842 1.71036 1.69619 1.69619 1.69619 1.69619 1.69619 1.61124 1.48880 1.48880 1.48880 1.48880 1.48880 1.48880 1.47108 1.28565 0.695477 0.621339 0.547701 0.533276 0.533276 0.533276 0.533276 0.533276 0.533276 0.533276 0.533276 0.533276 0.542002 0.546776 0.546776 0.781926 0.603147 0.541856 0.541856 0.541856 0.541856 0.541856 0.541856 0.541856 0.541856 0.541856 0.541856 0.541856 0.541856 0.541848 0.410704 0.355040 0.615503 0.756935 0.756935 0.756935
1.58917 1.56477 1.54724 1.52972 1.51219 1.49557 1.49150 1.49150 1.49150 1.49150 1.49150 1.49150 1.49150 1.51798 1.99365 1.83099 1.69619 1.69619 1.69619 1.69619 1.69619 1.67439 1.48978 1.48880 1.45397 1.37417 1.29410 1.21409 1.15178 1.14538 0.566747 0.533276 0.533276 0.533276 0.533276 0.533276 0.533276 0.533276 0.533276 0.533276 0.533276 0.533276 0.544579 0.594143 0.639423 0.843746 0.780661 0.541856 0.541856 0.541856 0.541856 0.541856 0.539346 0.529410 0.518979 0.508557 0.498126 0.488995 0.482576 0.476258 0.397267 0.137328 0.196436 0.00000 0.00000 0.00000
1.37212 1.49150 1.49150 1.49150 1.49150 1.49150 1.49150 1.49150 1.49150 1.49150 1.49150 1.49150 1.49150 1.49150 1.84841 1.97300 1.69619 1.69619 1.69619 1.69559 1.64560 1.56471 1.31713 1.19275 1.14751 1.14734 1.14734 1.14734 1.14734 1.14734 0.712244 0.533276 0.535940 0.571587 0.616867 0.662147 0.707427 0.752707 0.798076 0.843356 0.888636 0.933917 0.973350 0.990417 0.992270 1.09272 1.07226 0.512286 0.501855 0.491433 0.481002 0.470580 0.462745 0.465009 0.469115 0.473211 0.477312 0.480117 0.480204 0.480204 0.466533 0.133399 0.196158 0.00000 0.00000 0.00000
1.34491 1.49150 1.49150 1.49150 1.49150 1.49150 1.49150 1.49150 1.49150 1.49150 1.49150 1.49150 1.49150 1.49150 1.73140 2.04532 1.63473 1.55380 1.47295 1.39270 1.36180 1.36180 1.25829 1.13160 1.07081 1.00719 0.943582 0.880029 0.816418 0.752865 0.741253 0.924860 0.967477 0.977199 0.977199 0.977199 0.977199 0.984708 1.01866 1.05490 1.09108 1.12730 1.16354 1.20967 1.24792 1.25474 1.17742 0.490531 0.462900 0.466665 0.470763 0.474859 0.478880 0.480204 0.480204 0.480204 0.480204 0.480204 0.480204 0.486762 0.511310 0.258429 0.188630 0.196436 0.00000 0.00000
1.34403 1.47348 1.49150 1.49150 1.49150 1.49150 1.49150 1.49150 1.49150 1.49150 1.49150 1.48525 1.41911 1.33825 1.41209 1.69597 1.23293 1.14306 1.07951 1.01584 0.952229 0.888677 0.787875 0.562794 0.559975 0.559975 0.559975 0.559975 0.559975 0.559975 0.640775 1.02329 1.06760 1.10381 1.14005 1.17626 1.21250 1.24118 1.24347 1.24347 1.24347 1.24347 1.24347 1.24928 1.25900 1.26310 1.22936 0.663967 0.479870 0.480204 0.480204 0.480204 0.480204 0.490973 0.516837 0.545954 0.578873 0.616462 0.659793 0.695328 0.697014 0.512479 0.196436 0.196436 0.00000 0.00000
1.39876 1.38731 1.49150 1.49150 1.49150 1.49150 1.49150 1.48017 1.40824 1.32739 1.24646 1.17193 1.15711 1.15711 1.16344 1.22658 0.931965 0.774434 0.774434 0.774434 0.774434 0.774434 0.774353 0.609068 0.616507 0.653182 0.689882 0.726530 0.763179 0.799853 0.823434 1.19207 1.24347 1.24347 1.24347 1.24347 1.24347 1.24347 1.24347 1.24679 1.31681 1.42690 1.55899 1.63927 1.27540 1.27500 1.24990 0.880359 0.522497 0.552342 0.586159 0.624796 0.669423 0.696949 0.697014 0.697014 0.697014 0.697014 0.697014 0.697014 0.697014 0.613010 0.196436 0.196436 0.00000 0.00000
1.35702 1.30180 1.49150 1.47368 1.39734 1.31648 1.23560 1.16608 1.15850 1.16625 1.17479 1.18333 1.19187 1.20040 1.20530 1.22479 1.06919 0.834189 0.870890 0.907538 0.944187 0.980861 1.01756 0.915273 0.819893 0.819893 0.819893 0.819893 0.819893 0.819893 0.819893 1.09214 1.24347 1.24347 1.24347 1.25675 1.34468 1.46001 1.59919 1.76287 1.81425 1.81144 1.80740 1.80391 1.41619 1.37349 1.37980 1.26223 0.697014 0.697014 0.697014 0.697014 0.697014 0.697014 0.697014 0.697014 0.697014 0.697014 0.697014 0.697014 0.697014 0.683863 0.212396 0.196436 0.196436 0.00000
1.28827 1.19177 1.22462 1.16781 1.17178 1.18032 1.18885 1.19739 1.20453 1.18207 1.12779 1.07354 1.01922 0.964822 0.910538 0.924901 0.963986 1.03435 1.03435 1.03435 1.03435 1.03435 1.03435 0.981558 0.819893 0.819893 0.819893 0.819893 0.819893 0.819893 0.819893 1.01213 1.37376 1.49498 1.64165 1.79178 1.80742 1.80391 1.80088 1.79820 1.79585 1.79332 1.77518 1.75539 1.54790 1.39962 1.39614 1.35338 0.737416 0.697014 0.697014 0.697014 0.697014 0.697014 0.697014 0.697014 0.697403 0.705864 0.716549 0.726350 0.735363 0.743648 0.553658 0.492009 0.701299 0.00000
1.46266 1.19380 1.18190 1.13732 1.08299 1.02867 0.974352 0.919993 0.865672 0.834673 0.834525 0.834525 0.834525 0.834525 0.834525 0.878843 0.948726 1.02795 1.03435 1.03435 1.03435 1.03435 1.03435 1.03143 0.836318 0.819893 0.820085 0.854017 0.921005 1.01214 1.12294 1.29775 1.69205 1.79577 1.79587 1.79500 1.79500 1.79021 1.76977 1.75068 1.73570 1.74840 1.77795 1.80801 1.76386 1.58245 1.62170 1.45667 0.938703 0.730310 0.739011 0.747027 0.754465 0.761359 0.767785 0.773513 0.749535 0.702756 0.654250 0.605817 0.562539 0.526018 0.544491 0.634072 0.720155 0.948000
1.73145 1.32336 0.966124 0.834525 0.834525 0.834525 0.834525 0.834525 0.834525 0.834525 0.834525 0.834525 0.834525 0.834525 0.834525 0.847293 0.947061 1.00671 1.03435 1.03435 1.03435 1.03435 1.03669 1.08086 1.04032 1.06939 1.17093 1.21942 1.22590 1.22895 1.22895 1.23719 1.60618 1.75378 1.76663 1.77673 1.79130 1.79049 1.79669 1.80346 1.80840 1.79497 1.77527 1.75556 1.73402 1.48383 1.44187 1.34632 0.972417 0.720589 0.672083 0.623651 0.575145 0.526676 0.478207 0.430635 0.420611 0.432618 0.444624 0.456631 0.463415 0.463436 0.502124 0.651347 0.666305 0.936608
1.81789 1.44938 1.10029 0.834450 0.834525 0.834525 0.834525 0.834525 0.834525 0.834525 0.834525 0.834525 0.834525 0.834525 0.834525 0.834525 0.932909 0.983265 1.05569 1.11023 1.16558 1.21580 1.25975 1.27152 1.26039 1.22895 1.22895 1.23017 1.23385 1.24918 1.26862 1.28556 1.47290 1.68125 1.73352 1.72035 1.70189 1.69780 1.69780 1.69780 1.69789 1.70368 1.71288 1.72207 1.73128 1.57414 1.49176 1.41489 0.779777 0.410683 0.410683 0.413790 0.425338 0.437344 0.449346 0.460714 0.463436 0.463436 0.463436 0.463436 0.463436 0.463436 0.469430 0.646042 0.651347 0.782580
1.87297 1.56876 1.22231 0.832148 0.834525 0.834525 0.834525 0.834525 0.834525 0.834525 0.834525 0.834525 0.834525 0.834525 0.843400 0.891420 1.00049 1.10415 1.26249 1.27566 1.27829 1.28092 1.28354 1.28617 1.28748 1.26096 1.28837 1.30277 1.31361 1.31723 1.31723 1.31723 1.35002 1.63221 1.70715 1.71637 1.72556 1.73476 1.74396 1.75316 1.76228 1.76569 1.76569 1.76569 1.76569 1.67706 1.50616 1.50399 0.953136 0.489709 0.454067 0.462966 0.463436 0.463436 0.463436 0.463436 0.463436 0.463436 0.463436 0.463436 0.463436 0.463436 0.463436 0.594751 0.651347 0.713401
