High_resolution/powerplant/Fengdu/OMI_NO2_200906.asc
ncols      200
nrows      200
xllcorner       105.978
yllcorner       28.1831
cellsize     0.0166667
NODATA_Value      -999.000
[rows 30 to 59 of 200, columns 66 to 131 of 200]
1.69893 1.69893 1.69893 1.69893 1.69893 1.49000 0.915306 0.915306 0.915306 0.915306 0.915306 0.915306 0.915306 0.915306 0.915306 0.915306 0.915306 0.915306 0.915306 0.915306 0.908671 1.25277 2.06829 2.02709 1.96168 1.89638 1.83507 1.82203 1.82203 1.82203 1.82203 1.82203 1.82203 1.82203 1.82203 1.82203 1.88837 2.81301 0.00000 0.00000 0.00000 0.00000 0.00000 0.00000 0.00000 0.00000 0.00000 0.00000 0.00000 0.00000 0.00000 0.00000 0.00000 0.00000 0.00000 0.00000 0.00000 1.58514 1.58514 1.58514 1.58514 1.58514 1.58514 1.58514 1.58514 1.58514
1.69893 1.69893 1.69893 1.69893 1.69893 1.67597 0.947278 0.915306 0.915306 0.915306 0.915306 0.915306 0.915306 0.915306 0.912478 0.846135 0.753363 0.660701 0.568038 0.475376 0.389238 0.518952 1.62826 1.82203 1.82203 1.82203 1.82203 1.82203 1.82203 1.82203 1.82203 1.82203 1.82203 1.82203 1.82203 1.82620 1.83986 2.56450 0.00000 0.00000 0.00000 0.00000 0.00000 0.00000 0.00000 0.00000 0.00000 0.00000 0.00000 0.00000 0.00000 0.00000 0.00000 0.00000 0.00000 0.00000 0.00000 0.00000 1.58514 1.58514 1.58514 1.58514 1.58514 1.58514 1.58514 1.58514
1.69893 1.69893 1.69893 1.69893 1.69893 1.69893 1.14219 0.915306 0.914707 0.858425 0.765762 0.673099 0.580382 0.487665 0.397830 0.371511 0.371511 0.371511 0.371511 0.371511 0.371511 0.399641 1.38992 1.82203 1.82203 1.82203 1.82203 1.82203 1.82203 1.82666 1.84049 1.85455 1.86860 1.88262 1.89669 1.90658 1.90696 2.34233 2.98361 0.00000 0.00000 0.00000 0.00000 0.00000 0.00000 0.00000 0.00000 0.00000 0.00000 0.00000 0.00000 0.00000 0.00000 0.00000 0.00000 0.00000 0.00000 0.00000 1.58514 1.58514 1.58514 1.58514 1.58514 1.58514 1.58514 1.58514
1.69893 1.69893 1.69893 1.75404 1.90111 2.04953 1.52037 0.500064 0.407945 0.371511 0.371511 0.371511 0.371511 0.371511 0.371511 0.371511 0.371511 0.371511 0.371511 0.371511 0.371511 0.371511 0.954778 1.82707 1.84114 1.85515 1.86922 1.88328 1.89733 1.90671 1.90696 1.90696 1.90696 1.90696 1.90696 1.90696 1.90696 2.10024 2.98361 0.00000 0.00000 0.00000 0.00000 0.00000 0.00000 0.00000 0.00000 0.00000 0.00000 0.00000 0.00000 0.00000 0.00000 0.00000 0.00000 0.00000 0.00000 0.00000 1.66399 1.68434 1.69536 1.70637 1.71741 1.72841 1.73949 1.75042
2.14906 2.29731 2.44547 2.53894 2.54029 2.54029 2.20505 0.371511 0.371511 0.371511 0.371511 0.371511 0.371511 0.371511 0.371511 0.371511 0.371511 0.371511 0.371511 0.371511 0.371511 0.371511 0.599166 1.81785 1.90696 1.90696 1.90696 1.90696 1.90696 1.90696 1.90696 1.90696 1.90696 1.90696 1.90696 1.90696 1.90696 1.93541 2.91594 0.00000 0.00000 0.00000 0.00000 0.00000 0.00000 0.00000 0.00000 0.00000 0.00000 0.00000 0.00000 0.00000 0.00000 0.00000 0.00000 0.00000 0.00000 0.00000 1.78730 1.78730 1.78730 1.78730 1.78730 1.78730 1.78730 1.78730
2.54029 2.54029 2.54029 2.54029 2.54029 2.54029 2.53942 0.639435 0.371511 0.371511 0.371511 0.371511 0.371511 0.371511 0.371511 0.371511 0.371511 0.371511 0.371511 0.371511 0.371511 0.371511 0.473043 1.61286 1.90696 1.90696 1.90696 1.90696 1.90696 1.90696 1.90696 1.90696 1.90696 1.90696 1.90696 1.90685 1.89968 1.88840 2.51301 2.98361 0.00000 0.00000 0.00000 0.00000 0.00000 0.00000 0.00000 0.00000 0.00000 0.00000 0.00000 0.00000 0.00000 0.00000 0.00000 0.00000 0.00000 0.00000 1.78730 1.78730 1.78730 1.78730 1.78730 1.78730 1.78730 1.78730
2.54029 2.54029 2.54029 2.54029 2.54029 2.54029 2.54029 1.24141 0.371511 0.371511 0.371511 0.371511 0.371511 0.371511 0.371511 0.371511 0.371511 0.371511 0.371511 0.371511 0.371511 0.371511 0.377338 1.29675 1.90696 1.90696 1.90696 1.90696 1.90696 1.90677 1.89926 1.88798 1.87668 1.86538 1.85411 1.84291 1.83880 1.83880 2.20559 2.98361 0.00000 0.00000 0.00000 0.00000 0.00000 0.00000 0.00000 0.00000 0.00000 0.00000 0.00000 0.00000 0.00000 0.00000 0.00000 0.00000 0.00000 0.00000 0.00000 1.78730 1.78730 1.78730 1.78730 1.78730 1.78730 1.78730
2.54029 2.54029 2.54029 2.54029 2.54029 2.54029 2.54029 1.84389 0.371511 0.371511 0.371511 0.371511 0.371511 0.371511 0.371511 0.371511 0.371511 0.371511 0.371511 0.371511 0.371511 0.371511 0.371511 0.776510 1.88451 1.88754 1.87629 1.86497 1.85369 1.84259 1.83880 1.83880 1.83880 1.83880 1.83880 1.83880 1.83880 1.83880 1.97561 2.98361 0.00000 0.00000 0.00000 0.00000 0.00000 0.00000 0.00000 0.00000 0.00000 0.00000 0.00000 0.00000 0.00000 0.00000 0.00000 0.00000 0.00000 0.00000 0.00000 1.78730 1.78730 1.78730 1.78730 1.78730 1.78730 1.78730
2.54029 2.54029 2.54029 2.54029 2.54029 2.54029 2.54029 2.41060 0.407079 0.371511 0.371511 0.371511 0.371511 0.371511 0.371511 0.371511 0.371511 0.371511 0.371511 0.371511 0.371511 0.371511 0.371511 0.664641 1.66910 1.83880 1.83880 1.83880 1.83880 1.83880 1.83880 1.83880 1.83880 1.83880 1.83880 1.83880 1.83880 1.83880 1.80383 2.29066 0.00000 0.00000 0.00000 0.00000 0.00000 0.00000 0.00000 0.00000 0.00000 0.00000 0.00000 0.00000 0.00000 0.00000 0.00000 0.00000 0.00000 0.00000 0.00000 1.78730 1.78730 1.78730 1.78730 1.78730 1.78730 1.78730
2.54029 2.54029 2.54029 2.54029 2.54029 2.54029 2.54029 2.54029 0.880089 0.371511 0.371511 0.371511 0.371511 0.371511 0.371511 0.371511 0.371511 0.371511 0.00000 0.00000 0.00000 0.00000 0.00000 0.693993 1.42136 1.83880 1.83880 1.83880 1.83880 1.83880 1.83880 1.83880 1.79326 1.57311 1.33830 1.10178 0.866403 0.630740 0.435634 0.279298 0.137429 0.00000 0.00000 0.00000 0.00000 0.00000 0.00000 0.00000 0.00000 0.00000 0.00000 0.00000 0.00000 0.00000 0.00000 0.00000 0.00000 0.00000 0.00000 1.78730 1.78730 1.78730 1.78730 1.78730 1.78730 1.78730
2.54029 2.54029 2.54029 2.54029 2.54029 2.54029 2.47329 2.23293 1.35862 0.371511 0.371511 0.371511 0.371511 0.00000 0.00000 0.00000 0.00000 0.00000 0.00000 0.00000 0.00000 0.00000 0.00000 0.00000 1.11202 1.83880 1.78714 1.56500 1.32876 1.09381 0.857438 0.622059 0.431934 0.415711 0.415711 0.415711 0.415711 0.415711 0.415711 0.346597 0.137429 0.00000 0.00000 0.00000 0.00000 0.00000 0.00000 0.00000 0.00000 0.00000 0.00000 0.00000 0.00000 0.00000 0.00000 0.00000 0.00000 0.00000 0.00000 1.78730 2.01643 2.09746 2.15897 2.22151 2.28302 2.34532
2.51848 2.31154 2.06253 1.81310 1.56410 1.31481 1.13266 1.12388 1.12388 0.00000 0.00000 0.00000 0.00000 0.00000 0.00000 0.00000 0.00000 0.00000 0.00000 0.00000 0.00000 0.00000 0.00000 0.00000 0.712676 0.635477 0.429373 0.415711 0.415711 0.415711 0.415711 0.415711 0.415711 0.415711 0.415711 0.415711 0.415711 0.415711 0.415711 0.396953 0.137634 0.00000 0.00000 0.00000 0.00000 0.00000 0.00000 0.00000 0.00000 0.00000 0.00000 0.00000 0.00000 0.00000 0.00000 0.00000 0.00000 0.00000 0.00000 0.00000 2.92219 2.92219 2.92219 2.92219 2.92219 2.92219
1.16609 1.12388 1.12388 1.12388 1.12388 1.12388 1.12388 1.12388 1.12388 1.12388 0.00000 0.00000 0.00000 0.00000 0.00000 0.00000 0.00000 0.00000 0.00000 0.00000 0.00000 0.00000 0.00000 0.00000 0.693993 0.477233 0.415711 0.415711 0.415711 0.415711 0.415711 0.415711 0.415711 0.415711 0.415711 0.415711 0.415711 0.415711 0.415711 0.403270 0.205592 0.00000 0.00000 0.00000 0.00000 0.00000 0.00000 0.00000 0.00000 0.00000 0.00000 0.00000 0.00000 0.00000 0.00000 0.00000 0.00000 0.00000 0.00000 0.00000 2.92219 2.92219 2.92219 2.92219 2.92219 2.92219
1.12388 1.12388 1.12388 1.12388 1.12388 1.12388 1.12388 1.12388 1.12388 1.12388 0.00000 0.00000 0.00000 0.00000 0.00000 0.00000 0.00000 0.00000 0.00000 0.00000 0.00000 0.00000 0.00000 0.00000 0.693993 0.543023 0.415711 0.415711 0.415711 0.415711 0.415711 0.415711 0.415711 0.401777 0.372470 0.343092 0.313749 0.284371 0.255010 0.238073 0.196870 0.137429 0.00000 0.00000 0.00000 0.00000 0.00000 0.00000 0.00000 0.00000 0.00000 0.00000 0.00000 0.00000 0.00000 0.00000 0.00000 0.00000 0.00000 0.00000 2.92219 2.92219 2.92219 2.92219 2.92219 2.92219
1.12388 1.12388 1.12388 1.12388 1.12388 1.12388 1.12388 1.12388 1.12388 1.12388 0.00000 0.00000 0.00000 0.00000 0.00000 0.00000 0.00000 0.00000 0.00000 0.00000 0.00000 0.00000 0.00000 0.00000 0.00000 0.632669 0.416339 0.400249 0.370906 0.341510 0.312185 0.282789 0.253446 0.237984 0.237984 0.237984 0.237984 0.237984 0.237984 0.237984 0.219497 0.137429 0.00000 0.00000 0.00000 0.00000 0.00000 0.00000 0.00000 0.00000 0.00000 0.00000 0.00000 0.00000 0.00000 0.00000 0.00000 0.00000 0.00000 0.00000 2.92219 2.92219 2.92219 2.92219 2.92219 2.92219
1.12388 1.12388 1.12388 1.12388 1.12388 1.12388 1.12388 1.12388 1.12388 1.12388 1.12388 0.00000 0.00000 0.00000 0.00000 0.00000 0.00000 0.00000 0.00000 0.00000 0.00000 1.84784 1.84784 1.84784 1.84784 1.08344 0.263720 0.237984 0.237984 0.237984 0.237984 0.237984 0.237984 0.237984 0.237984 0.237984 0.237984 0.237984 0.237984 0.237984 0.235082 0.142849 0.00000 0.00000 0.00000 0.00000 0.00000 0.00000 0.00000 0.00000 0.00000 0.00000 0.00000 0.00000 0.00000 0.00000 0.00000 0.00000 0.00000 0.00000 0.00000 2.92219 2.92219 2.92219 2.92219 2.92219
1.12388 1.12388 1.12388 1.12388 1.12388 1.12388 1.12388 1.12388 1.12388 1.12388 1.12388 0.00000 0.00000 0.00000 0.00000 1.84784 1.84784 1.84784 1.84784 1.84784 1.84784 1.84784 1.84784 1.84784 1.84784 1.55102 0.268198 0.237984 0.237984 0.237984 0.237984 0.237984 0.237984 0.237984 0.237984 0.238693 0.246202 0.256874 0.269869 0.286036 0.306670 0.313136 0.00000 0.00000 0.00000 0.00000 0.00000 0.00000 0.00000 0.00000 0.00000 0.00000 0.00000 0.00000 0.00000 0.00000 0.00000 0.00000 0.00000 0.00000 0.00000 2.92219 2.92219 2.92219 2.92219 2.92219
1.12388 1.12388 1.12388 1.12388 1.12388 1.12388 1.12388 1.12388 1.12388 1.10918 1.18504 1.84784 1.84784 1.84784 1.84784 1.84784 1.84784 1.84784 1.84784 1.84784 1.84784 1.84784 1.84784 1.84784 1.84784 1.83803 0.397150 0.237984 0.237984 0.238902 0.246728 0.257495 0.270623 0.286997 0.307948 0.333042 0.338539 0.338539 0.338539 0.338539 0.338539 0.338539 0.00000 0.00000 0.00000 0.00000 0.00000 0.00000 0.00000 0.00000 0.00000 0.00000 0.00000 0.00000 0.00000 0.00000 0.00000 0.00000 0.00000 0.00000 0.00000 2.92219 2.91944 2.90190 2.88208 2.86237
1.12388 1.12388 1.12388 1.12082 1.05976 0.976850 0.893795 0.810882 0.727828 0.659613 0.970259 1.84784 1.84784 1.84784 1.84784 1.84784 1.84784 1.84784 1.84784 1.84784 1.84784 1.84784 1.84784 1.84784 1.84784 1.84784 0.850273 0.287983 0.309244 0.333940 0.338539 0.338539 0.338539 0.338539 0.338539 0.338539 0.338539 0.338539 0.338539 0.338539 0.338539 0.338539 0.00000 0.00000 0.00000 0.00000 0.00000 0.00000 0.00000 0.00000 0.00000 0.00000 0.00000 0.00000 0.00000 0.00000 0.00000 0.00000 0.00000 0.00000 0.00000 2.58079 2.56268 2.56055 2.56055 2.56055
0.920601 0.837782 0.754586 0.674829 0.652782 0.652782 0.652782 0.652782 0.652782 0.652782 0.687326 1.79906 1.84784 1.84784 1.84784 1.84784 1.84784 1.84784 1.84784 1.84784 1.84784 1.84784 1.84784 1.84784 1.84784 1.84784 1.28487 0.338539 0.338539 0.338539 0.338539 0.338539 0.338539 0.338539 0.338539 0.338539 0.338539 0.338539 0.338539 0.338539 0.338539 0.338539 0.338539 0.00000 0.00000 0.00000 0.00000 0.00000 0.00000 0.00000 0.00000 0.00000 0.00000 0.00000 0.00000 0.00000 0.00000 0.00000 0.00000 0.00000 0.00000 2.56055 2.56055 2.56055 2.56055 2.56055
0.652782 0.652782 0.652782 0.652782 0.652782 0.652782 0.652782 0.652782 0.652782 0.652782 0.652782 1.50127 1.84784 1.84784 1.84784 1.84784 1.84784 1.84784 1.84784 1.84784 1.84784 1.84784 1.84784 1.84784 1.84784 1.84784 1.69553 0.342614 0.338539 0.338539 0.338539 0.338539 0.338539 0.338539 0.338539 0.338539 0.376413 0.512643 0.653990 0.794911 0.935917 1.07718 1.17348 0.00000 0.00000 0.00000 0.00000 0.00000 0.00000 0.00000 0.00000 0.00000 0.00000 0.00000 0.00000 0.00000 0.00000 0.00000 0.00000 0.00000 0.00000 0.00000 2.56055 2.56055 2.56055 2.56055
0.652782 0.652782 0.652782 0.652782 0.652782 0.652782 0.652782 0.652782 0.652782 0.652782 0.652782 1.16928 1.84784 1.84784 1.84784 1.84784 1.84784 1.84784 1.84784 1.84784 1.84784 1.84784 1.84784 1.84784 1.84784 1.84784 1.84784 0.604628 0.338539 0.338539 0.381446 0.519040 0.660132 0.801224 0.942571 1.08349 1.18662 1.19157 1.19157 1.19157 1.19157 1.19157 1.19157 0.00000 0.00000 0.00000 0.00000 0.00000 0.00000 0.00000 0.00000 0.00000 0.00000 0.00000 0.00000 0.00000 0.00000 0.00000 0.00000 0.00000 0.00000 0.00000 2.56055 2.56055 2.56055 2.56055
0.652782 0.652782 0.652782 0.652782 0.652782 0.652782 0.652782 0.652782 0.652782 0.652782 0.652782 0.837418 1.84784 1.84784 1.84784 1.84784 1.84784 1.84784 1.84784 1.84784 1.84784 1.84784 1.84784 1.84784 1.79833 1.61809 1.43093 0.978613 0.948628 1.08980 1.18816 1.19157 1.19157 1.19157 1.19157 1.19157 1.19157 1.19157 1.19157 1.19157 1.19157 1.19157 1.19157 0.00000 0.00000 0.00000 0.00000 0.00000 0.00000 0.00000 0.00000 0.00000 0.00000 0.00000 0.00000 0.00000 0.00000 0.00000 0.00000 0.00000 0.00000 0.00000 2.56055 2.56055 2.56055 2.56055
0.652782 0.652782 0.652782 0.652782 0.652782 0.652782 0.652782 0.652782 0.652782 0.652782 0.652782 0.653260 1.69989 1.84784 1.84784 1.84784 1.84784 1.84784 1.81480 1.64312 1.45607 1.26902 1.08175 0.894594 0.757052 0.750136 0.750136 0.871703 1.19157 1.19157 1.19157 1.19157 1.19157 1.19157 1.19157 1.19157 1.19157 1.19157 1.19157 1.19157 1.19157 1.19157 1.19157 1.19157 0.00000 0.00000 0.00000 0.00000 0.00000 0.00000 0.00000 0.00000 0.00000 0.00000 0.00000 0.00000 0.00000 0.00000 0.00000 0.00000 0.00000 0.00000 2.56055 2.56055 2.56055 2.56055
0.652782 0.652782 0.652782 0.652782 0.652782 0.652782 0.652782 0.652782 0.652782 0.652782 0.652782 0.652782 1.34874 1.66825 1.48109 1.29394 1.10689 0.919731 0.765504 0.750136 0.750136 0.750136 0.750136 0.750136 0.750136 0.750136 0.750136 0.765672 1.17683 1.19157 1.19157 1.19157 1.19157 1.19157 1.19157 1.19157 1.19157 1.19157 1.19157 1.19157 1.19157 1.19157 1.19157 1.19157 0.00000 0.00000 0.00000 0.00000 0.00000 0.00000 0.00000 0.00000 0.00000 0.00000 0.00000 0.00000 0.00000 0.00000 0.00000 0.00000 0.00000 0.00000 0.00000 2.56055 2.56055 2.56055
0.652782 0.652782 0.652782 0.652782 0.652782 0.652782 0.654316 0.774257 0.967478 1.16092 1.35414 1.54736 1.39908 0.750136 0.750136 0.750136 0.750136 0.750136 0.750136 0.750136 0.750136 0.750136 0.750136 0.750136 0.750136 0.750136 0.750136 0.750136 1.07153 1.19157 1.19157 1.19157 1.19157 1.19157 1.19157 1.19157 1.19157 1.19157 1.19157 1.19157 1.19157 1.19157 1.19157 1.19157 0.00000 0.00000 0.00000 0.00000 0.00000 0.00000 0.00000 0.00000 0.00000 0.00000 0.00000 0.00000 0.00000 0.00000 0.00000 0.00000 0.00000 0.00000 0.00000 2.15770 2.11185 2.08072
0.652782 0.714341 0.903728 1.09706 1.29039 1.48295 1.67475 1.74814 1.74814 1.74814 1.74814 1.74814 1.68727 0.765705 0.750136 0.750136 0.750136 0.750136 0.750136 0.750136 0.750136 0.750136 0.750136 0.750136 0.750136 0.750136 0.750136 0.750136 0.950773 1.19157 1.19157 1.19157 1.19157 1.19157 1.19157 1.19157 1.19157 1.19157 1.19157 1.19157 1.19157 1.19157 1.19157 1.19157 1.19157 0.00000 0.00000 0.00000 0.00000 0.00000 0.00000 0.00000 0.00000 0.00000 0.00000 0.00000 0.00000 0.00000 0.00000 0.00000 0.00000 0.00000 0.00000 1.98837 1.98837 1.98837
1.61242 1.74430 1.74814 1.74814 1.74814 1.74814 1.74814 1.74814 1.74814 1.74814 1.74814 1.74814 1.74814 0.980752 0.750136 0.750136 0.750136 0.750136 0.750136 0.750136 0.750136 0.750136 0.750136 0.750136 0.750136 0.750136 0.750136 0.750136 0.830028 1.19157 1.19157 1.19157 1.19157 1.19157 1.19157 1.19157 1.19157 1.19157 1.19157 1.17599 1.08665 0.987750 0.889151 0.790314 0.669632 0.00000 0.00000 0.00000 0.00000 0.00000 0.00000 0.00000 0.00000 0.00000 0.00000 0.00000 0.00000 0.00000 0.00000 0.00000 0.00000 0.00000 0.00000 1.98837 1.98837 1.98837
1.74814 1.74814 1.74814 1.74814 1.74814 1.74814 1.74814 1.74814 1.74814 1.74814 1.74814 1.74814 1.74814 1.25647 0.750136 0.750136 0.750136 0.750136 0.750136 0.750136 0.750136 0.750136 0.750136 0.750136 0.750136 0.750136 0.750136 0.750136 0.751681 1.14911 1.19157 1.19157 1.19157 1.17367 1.08265 0.983632 0.885152 0.786196 0.687239 0.604338 0.594729 0.594729 0.594729 0.594729 0.594729 0.00000 0.00000 0.00000 0.00000 0.00000 0.00000 0.00000 0.00000 0.00000 0.00000 0.00000 0.00000 0.00000 0.00000 0.00000 0.00000 0.00000 0.00000 1.98837 1.98837 1.98837
1.74814 1.74814 1.74814 1.74814 1.74814 1.74814 1.74814 1.74814 1.74814 1.74814 1.74814 1.74814 1.74814 1.53239 0.750136 0.750136 0.750136 0.750136 0.750136 0.750136 0.750136 0.750136 0.750136 0.750136 0.750136 0.750136 0.750136 0.750136 0.750136 0.927361 0.881094 0.782078 0.683300 0.602547 0.594729 0.594729 0.594729 0.594729 0.594729 0.594729 0.594729 0.594729 0.594729 0.594729 0.594729 0.00000 0.00000 0.00000 0.00000 0.00000 0.00000 0.00000 0.00000 0.00000 0.00000 0.00000 0.00000 0.00000 0.00000 0.00000 0.00000 0.00000 0.00000 0.00000 1.98837 1.98837
