High_resolution/powerplant/Fengdu/OMI_NO2_200904.asc
ncols      200
nrows      200
xllcorner       105.978
yllcorner       28.1831
cellsize     0.0166667
NODATA_Value      -999.000
[rows 58 to 86 of 200, columns 0 to 65 of 200]
2.76392 2.76392 2.58238 2.19338 1.80422 1.41506 1.12073 1.10296 1.34384 1.36953 1.36953 1.36953 1.46952 2.35288 2.35816 2.35816 2.35816 2.71844 4.18967 5.45997 6.49892 7.15513 7.18776 7.18776 7.18776 7.18776 7.18776 7.18776 7.18776 7.18921 7.19557 7.20228 7.18499 7.99539 8.07829 8.11948 8.23886 8.37158 8.50467 8.49979 8.05378 6.38720 6.24594 6.26710 6.28802 6.30895 6.33025 6.34431 6.22116 6.02598 5.80166 5.65736 6.98215 7.03086 7.05897 7.08758 7.11558 7.14348 7.17138 7.27101 7.51716 7.75627 8.13546 8.48252 4.84666 4.55310
1.69991 1.31058 1.10313 1.10296 1.10296 1.10296 1.10296 1.10296 1.36285 1.46185 1.47203 1.48200 1.49209 2.28320 2.50079 2.51094 2.89880 7.20009 7.30958 7.31637 7.32302 7.32975 7.33646 7.34313 7.34989 7.35643 7.36327 7.36986 7.37665 7.38184 7.38221 7.35364 7.29419 8.73462 9.29646 9.38780 9.40075 9.40075 9.40075 9.40042 8.67445 7.45070 6.71210 6.70412 6.57149 6.37642 6.15216 5.90241 5.82761 5.82761 5.82761 5.82761 6.97951 7.34327 7.34327 7.37091 7.48211 7.61990 7.78913 8.00091 8.48645 8.48645 8.48645 8.48645 5.70225 4.55310
1.10296 1.10296 1.10296 1.10296 1.10296 1.10296 1.10296 1.10296 1.42672 1.66121 1.66121 1.66121 1.66121 2.13987 2.64985 2.64985 2.64985 6.48675 7.38221 7.38221 7.38221 7.38221 7.38221 7.38221 7.38221 7.38221 7.37786 7.32984 7.27059 7.21134 7.15215 7.12154 7.12154 8.40582 9.40075 9.40075 9.40075 9.40075 9.40075 9.41847 9.19050 8.44942 6.14368 5.89528 5.82761 5.82761 5.82761 5.82761 5.82761 5.82761 5.82761 5.82041 6.57355 7.62254 7.79293 7.94352 7.95114 7.95114 7.95114 7.95833 8.46279 8.37295 7.78189 7.13741 5.37883 3.23395
1.10296 1.10296 1.10296 1.10296 1.10296 1.10296 1.10296 1.10296 1.28997 1.66121 1.66121 1.66121 1.66121 1.83749 2.64985 2.64985 2.64985 5.10216 7.38221 7.38221 7.38221 7.38221 7.36391 7.30605 7.24677 7.18754 7.13275 7.12154 7.12154 7.12154 7.12154 7.12154 7.12154 7.88837 9.40075 9.40936 9.70301 10.1341 10.5650 10.9782 10.7490 9.76949 6.12331 5.82761 5.82761 5.82761 5.82761 5.82001 5.79215 5.75802 5.71574 5.67940 6.04869 7.95114 7.95114 7.95114 7.93877 7.70074 7.37850 7.05611 6.27332 5.52122 5.46779 5.46779 5.42217 3.15680
1.10296 1.10296 1.10296 1.10296 1.10296 1.10296 1.10296 1.10296 1.12806 1.65300 1.66121 1.66121 1.66121 1.66220 2.52261 2.64985 2.64985 3.33406 7.31921 7.28222 7.22297 7.16377 7.12290 7.12154 7.12154 7.12154 7.12154 7.12154 7.12154 7.12154 7.12154 7.12458 7.38726 8.09788 10.4994 10.9509 11.0879 11.0879 11.0879 11.0879 11.0783 9.94690 7.49391 5.81960 5.79161 5.75726 5.71491 5.67913 5.67765 5.67765 5.67765 5.67765 5.65933 7.24645 7.15814 6.83590 6.52589 6.44182 6.44182 6.44182 6.01568 5.46779 5.46779 5.46779 5.46779 4.72027
1.10296 1.10296 1.10296 1.10296 1.10296 1.10296 1.10296 1.10296 1.10296 1.59464 1.66121 1.66121 1.66121 1.66969 2.19119 2.46412 2.37532 2.28813 6.31972 7.12154 7.12154 7.12154 7.12154 7.12154 7.12154 7.12154 7.12154 7.12171 7.35065 7.78171 8.21232 8.64063 8.80867 8.81992 10.8103 11.0879 11.0879 11.0879 11.0879 11.0879 11.0879 10.6962 9.49689 5.67889 5.67765 5.67765 5.67765 5.67266 5.63449 5.59021 5.54594 5.50169 5.47642 6.02222 6.44182 6.44182 6.44182 6.44182 6.44182 6.44182 6.18950 5.46779 5.46779 5.46779 5.46779 5.46779
1.10296 1.10296 1.10296 1.10296 1.10296 1.10296 1.10296 1.10296 1.10296 1.53643 1.73356 1.78785 1.84218 1.88802 1.98889 2.25884 2.25884 2.25884 4.93148 7.12154 7.12154 7.12154 7.12154 7.12154 7.31489 7.74510 8.17599 8.60672 8.80867 8.80867 8.80867 8.80867 8.80867 8.80867 10.3055 11.0879 11.0879 11.0879 11.0879 11.0879 11.0879 11.0879 10.9030 5.89547 5.61021 5.56595 5.52168 5.48240 5.47632 5.47632 5.47632 5.47632 5.47632 5.73367 6.44182 6.44182 6.44182 6.44182 6.44182 6.44182 6.32517 5.46779 5.46779 5.46779 5.46779 5.46779
1.10296 1.10296 1.10296 1.10296 1.10352 1.16860 1.27722 1.38588 1.49450 1.74304 1.89331 1.89331 1.89331 1.89331 1.90044 2.23585 2.25884 2.25884 3.13310 7.11506 7.28182 7.70832 8.13938 8.57028 8.80816 8.80867 8.80867 8.80867 8.80867 8.80867 8.80867 8.80867 8.80867 8.80867 9.79437 11.0817 11.0879 11.0879 11.0803 11.0290 10.9707 10.9128 10.8538 7.40822 5.21957 5.17647 5.13289 5.08948 5.04637 5.00374 4.96032 4.91644 4.87364 4.85281 5.69994 5.70905 5.66594 5.62331 5.58020 5.53648 5.46723 5.44792 5.46779 5.46779 5.46779 5.46779
1.11071 1.19831 1.30697 1.41559 1.52366 1.56715 1.56715 1.56715 1.56715 1.65941 1.88968 1.88753 1.88543 1.88326 1.88116 2.11717 2.24237 2.24021 2.23810 7.61616 8.78729 8.78971 8.78849 8.78687 8.78565 8.78425 8.78259 8.78140 8.77976 8.77856 8.77692 8.77571 8.77409 8.77279 9.05290 9.96125 10.0289 9.97050 9.91915 9.91249 9.91249 9.91249 9.91249 8.13321 3.91458 3.91458 3.91458 3.91458 3.91458 3.91458 3.91458 3.91458 3.91458 3.91458 4.56054 4.88008 4.88008 4.88008 4.88008 4.88008 4.88008 5.28630 5.46779 5.46779 5.46779 5.46779
1.54608 1.56715 1.56715 1.56715 1.56715 1.56715 1.56715 1.56715 1.56715 1.57197 1.82460 1.83152 1.83152 1.83152 1.83152 1.95827 2.19705 2.19705 2.19705 6.02367 8.76747 8.76747 8.76747 8.76747 8.76747 8.76747 8.76747 8.76747 8.76747 8.76423 8.74132 8.71513 8.68891 8.66278 8.75331 9.63049 9.91249 9.91249 9.91249 9.91249 9.91249 9.91249 9.79418 8.42229 3.91458 3.91458 3.91458 3.91458 3.91458 3.91458 3.91458 3.91458 3.91458 3.91458 4.27216 4.88008 4.88008 4.88008 4.88008 4.88008 4.88008 5.14351 5.46779 5.46779 5.39826 5.10196
1.56715 1.56715 1.56715 1.56715 1.56715 1.56715 1.56715 1.56715 1.56715 1.56715 1.79391 1.83152 1.83152 1.83152 1.83152 1.85413 2.18971 2.19705 2.19705 3.66137 8.76747 8.76747 8.76747 8.76747 8.76747 8.75649 8.73038 8.70416 8.67796 8.65500 8.65168 8.65168 8.65168 8.65168 8.65446 9.42173 9.91249 9.91249 9.83198 8.92254 7.60430 5.98888 4.22058 3.91458 3.91458 3.91458 3.91458 3.91458 3.91458 3.91458 3.91458 3.91458 3.91458 3.91458 3.99327 4.87033 4.88008 4.88008 4.88008 4.86937 4.74359 4.66488 4.56722 4.25320 4.00902 3.99145
1.56715 1.56715 1.56715 1.56715 1.56715 1.56715 1.56715 1.56715 1.56715 1.56715 1.75340 1.83152 1.83152 1.83152 1.83152 1.83152 2.10091 2.19705 2.19705 2.19705 8.02317 8.74562 8.71941 8.69321 8.66699 8.65178 8.65168 8.65168 8.65168 8.65168 8.65168 8.65168 8.65168 8.65168 8.59622 8.24334 7.63841 6.13817 4.32429 3.91458 3.91458 3.91458 3.91458 3.91458 3.91458 3.91458 3.91458 3.91458 3.91458 3.91458 3.91458 3.91458 3.91458 3.91458 3.91476 4.59383 4.63316 4.47630 4.31936 4.17306 4.14190 4.12321 3.99145 3.99145 3.99145 3.89719
1.56715 1.56715 1.56715 1.56715 1.56715 1.56715 1.56715 1.56715 1.56715 1.56715 1.70028 1.83152 1.83152 1.83152 1.83152 1.83152 1.98436 2.14783 2.10854 2.06920 6.12226 8.65168 8.65168 8.65168 8.65168 8.65168 8.65168 8.65168 8.65168 8.65168 8.62246 7.77495 6.36349 4.64108 2.60535 2.60389 3.56631 3.91458 3.91458 3.91458 3.91458 3.91458 3.91458 3.91458 3.91458 3.91458 3.91458 3.91458 3.91458 3.91458 3.93296 4.02633 4.12771 4.22909 4.33029 4.26440 4.14190 4.14190 4.14190 4.14190 4.14190 4.08181 3.45273 3.10892 2.86978 2.71335
1.56715 1.56715 1.56715 1.56715 1.56715 1.56715 1.56715 1.56715 1.56715 1.56715 1.62777 1.83152 1.84179 1.86221 1.88261 1.90302 1.93132 2.02326 2.02337 2.02337 3.80641 8.65168 8.65168 8.65168 8.65168 8.65168 8.63930 7.88063 6.49243 4.79931 2.74949 2.02337 2.02337 2.02337 2.02337 2.38119 3.32712 3.91458 3.91458 3.91458 3.91458 3.91458 3.91458 3.91458 3.91458 3.91564 3.97999 4.08137 4.18275 4.28418 4.36719 4.37520 4.37520 4.37520 4.37520 4.33362 4.14190 4.07968 3.81005 3.57306 3.37892 3.24236 2.82717 2.69750 2.69750 2.69750
1.56715 1.56715 1.56715 1.56715 1.56715 1.56715 1.56715 1.56865 1.59857 1.63940 1.68083 1.90071 1.91859 1.91859 1.91859 1.91859 1.91859 2.00480 2.02337 2.02337 2.04423 8.06953 8.64992 7.98523 6.61808 4.95393 2.90875 2.02337 2.02337 2.02337 2.02337 2.02337 2.02337 2.02337 2.02337 2.15780 3.13699 3.86543 3.91458 3.91458 3.91458 3.93858 4.03508 4.13642 4.23784 4.33817 4.37520 4.37520 4.37365 4.35050 4.31959 4.28846 4.25789 4.15715 3.85121 3.58568 3.22121 3.05933 3.02846 3.00771 2.98718 2.96695 2.79727 2.69750 2.69750 2.69750
1.56715 1.56715 1.56715 1.57300 1.60943 1.65025 1.69107 1.73041 1.74130 1.74130 1.74130 1.88913 1.91859 1.91859 1.91859 1.91859 1.91859 1.97620 2.03764 2.04875 2.06011 3.95607 3.13562 2.09345 2.10475 2.11582 2.12702 2.13818 2.14942 2.16065 2.17169 2.18301 2.19399 2.20535 2.21636 2.22883 2.40814 2.94386 3.29474 3.36555 3.43641 3.48317 3.45697 3.42639 3.39582 3.36547 3.33434 3.30354 3.27452 3.21710 3.03139 2.87227 2.74129 2.65288 2.64614 2.64614 2.55521 2.49061 2.49061 2.49061 2.49061 2.49061 2.55890 2.69750 2.69750 2.69750
1.82044 1.86716 1.91110 1.94857 1.96384 1.97536 1.98646 1.99690 2.00680 2.01626 2.02522 2.10858 2.18946 2.20079 2.21183 2.22306 2.23419 2.26437 2.34706 2.34706 2.34706 2.34706 2.34706 2.34706 2.34706 2.34706 2.34706 2.34706 2.34706 2.34706 2.34706 2.34706 2.36104 2.42768 2.49929 2.57096 2.40221 2.66277 3.26743 3.26743 3.26743 3.26743 3.26743 3.26743 3.26743 3.26743 3.06565 2.86829 2.73804 2.65179 2.64614 2.64614 2.64614 2.64614 2.64614 2.64614 2.60134 2.49061 2.49061 2.49061 2.49061 2.49061 2.52446 2.69750 2.69750 2.69750
2.06973 2.06973 2.06973 2.06973 2.06973 2.06973 2.06973 2.06973 2.06973 2.06973 2.06973 2.12167 2.24229 2.24229 2.24229 2.24229 2.24229 2.24294 2.33691 2.34706 2.34706 2.34706 2.34706 2.34706 2.34706 2.34706 2.34706 2.34713 2.38563 2.45727 2.52894 2.60051 2.65821 2.66321 2.66321 2.66321 2.49199 2.39550 3.25315 3.26743 3.26743 3.26743 3.26743 3.26743 3.26743 3.26743 2.87146 2.64614 2.64614 2.64614 2.64614 2.64614 2.64614 2.64614 2.64614 2.64614 2.64105 2.49704 2.49061 2.49061 2.49061 2.49061 2.48641 2.53790 2.36952 2.19786
2.06973 2.06973 2.06973 2.06973 2.06973 2.06973 2.06973 2.06973 2.06973 2.06973 2.06973 2.08600 2.24225 2.24229 2.24229 2.24229 2.24229 2.24229 2.30568 2.34706 2.34706 2.34706 2.34706 2.35440 2.41525 2.48686 2.55853 2.63011 2.66321 2.66321 2.66321 2.66321 2.66321 2.66321 2.66321 2.66321 2.55948 2.32998 3.03682 3.26743 3.26743 3.26743 3.26743 3.26743 3.26743 3.26743 3.07955 2.64614 2.64614 2.64614 2.64614 2.64614 2.64614 2.64614 2.64614 2.64614 2.64614 2.53751 2.42224 2.30785 2.19347 2.07919 1.97455 1.90825 1.89384 1.89384
2.06973 2.06973 2.06973 2.06973 2.06973 2.06973 2.06973 2.06973 2.06973 2.06973 2.06973 2.06973 2.22284 2.24229 2.24229 2.24229 2.24229 2.24229 2.27379 2.37384 2.44488 2.51652 2.58809 2.65246 2.66321 2.66321 2.66321 2.66321 2.66321 2.66321 2.66321 2.66321 2.66321 2.66321 2.66321 2.66321 2.62710 2.32998 2.75558 3.26743 3.26743 3.26743 3.26743 3.26743 3.26743 3.26743 3.26102 2.68832 2.64614 2.64614 2.64614 2.64614 2.64614 2.65547 2.69474 2.73623 2.77776 2.48261 1.95483 1.95483 1.95483 1.95483 1.95483 1.92246 1.87177 1.79813
2.06973 2.06973 2.06973 2.06973 2.06973 2.06973 2.06973 2.06973 2.06973 2.06973 2.06973 2.06973 2.18712 2.24229 2.24209 2.23015 2.21135 2.19254 2.18936 2.64277 2.66321 2.66321 2.66321 2.66321 2.66321 2.66321 2.66321 2.66321 2.66321 2.66321 2.66321 2.66321 2.66321 2.66321 2.66321 2.66321 2.66317 2.36141 2.47434 3.26743 3.26743 3.26743 3.26743 3.26743 3.26743 3.26743 3.26743 2.84117 2.64725 2.67651 2.71806 2.75954 2.80107 2.83324 2.83550 2.83550 2.83550 2.74295 1.95808 1.95483 1.93853 1.88903 1.83859 1.73970 1.59017 1.58815
2.06973 2.06973 2.06973 2.06973 2.06973 2.06973 2.06973 2.06973 2.06973 2.06973 2.06810 2.05249 2.11539 2.18744 2.16883 2.16197 2.16197 2.16197 2.16197 2.50963 2.66321 2.66321 2.66321 2.66321 2.66321 2.66321 2.66321 2.66321 2.66321 2.66321 2.66321 2.66321 2.66321 2.66321 2.66321 2.66321 2.66321 2.42898 2.32998 3.12984 3.26743 3.26743 3.26743 3.26743 3.28700 3.34796 3.41022 3.22060 2.82325 2.83550 2.83550 2.83550 2.83550 2.83550 2.83550 2.83550 2.81752 2.76768 2.00889 1.78762 1.75578 1.75717 1.75947 1.73364 1.58815 1.58815
2.06973 2.06973 2.06973 2.06973 2.06973 2.06973 2.06527 2.04739 2.02858 2.00977 1.99260 1.98940 2.03539 2.16197 2.16197 2.16197 2.16197 2.16197 2.16197 2.35763 2.66321 2.66643 2.87102 3.01974 2.66321 2.66321 2.68239 2.71753 2.75186 2.78751 2.82184 2.85728 2.89161 2.92695 2.96169 2.99663 3.03146 2.74008 2.38296 2.90872 3.38054 3.44630 3.51204 3.57787 3.62402 3.62879 3.63226 3.61080 2.92487 2.89634 2.89865 2.90097 2.88355 2.83582 2.78770 2.73955 2.70938 2.71109 2.26685 1.83361 1.83361 1.83361 1.83361 1.82627 1.59225 1.58815
2.06805 2.06629 2.05587 2.03530 2.01474 1.99417 1.97803 1.97536 1.97359 1.97183 1.97006 1.96830 1.99006 2.73169 2.77226 2.80680 2.84204 2.87667 3.04728 3.36992 3.93503 4.08851 4.15315 4.16097 3.65747 3.65751 3.67296 3.67296 3.67296 3.67296 3.67296 3.67296 3.67296 3.67296 3.67296 3.72601 3.90242 3.72105 3.04621 3.32303 3.67533 3.67533 3.67533 3.67533 3.67533 3.67533 3.67533 3.67533 3.10102 2.84623 2.79579 2.74533 2.71462 2.71427 2.71427 2.71427 2.71427 2.71427 2.52926 1.83361 1.83361 1.83361 1.83361 1.83361 1.64443 1.58815
1.97538 1.95659 1.94644 1.94643 1.94643 1.94643 1.94643 1.94643 1.94643 1.94643 1.94643 1.94643 1.94643 2.99080 3.24988 3.47989 3.66978 3.82473 3.89890 3.89909 4.16114 4.23325 4.23325 4.23325 3.90655 3.67296 3.67296 3.67296 3.67296 3.67296 3.67568 3.79505 3.97659 4.15805 4.33959 4.46800 4.47304 4.35810 3.25403 3.26137 3.64806 3.67533 3.67533 3.67533 3.67533 3.67533 3.67533 3.67533 3.26613 2.71427 2.71427 2.71427 2.71427 2.71427 2.71427 2.71427 2.71427 2.71427 2.70864 1.91595 1.83361 1.83361 1.83361 1.83361 1.70180 1.58927
1.94643 1.94643 1.94643 1.94643 1.94643 1.94643 1.94643 1.94643 1.94643 1.94643 2.01504 2.36265 2.67179 3.48704 3.89520 3.89909 3.89909 3.89909 3.89909 3.89909 4.05989 4.23325 4.23325 4.23325 4.08180 3.67296 3.70368 3.86930 4.05068 4.23222 4.41104 4.47304 4.47304 4.47304 4.47304 4.47304 4.47304 4.47304 3.38621 3.25391 3.52910 3.67533 3.67533 3.67533 3.67533 3.67533 3.67533 3.67533 3.60816 2.73487 2.71427 2.71427 2.71427 2.71427 2.71427 2.71427 2.71427 2.71427 2.71427 2.17196 1.83371 1.83803 1.84462 1.85121 1.77832 1.63321
1.96698 1.94643 1.94643 1.94643 1.94643 1.94643 1.97632 2.29471 2.61729 2.87833 3.06283 3.08223 3.08223 3.44006 3.89909 3.89909 3.89909 3.89909 3.89909 3.89909 3.95864 4.23325 4.29251 4.41359 4.51753 4.31842 4.45720 4.47304 4.47304 4.47304 4.47304 4.47304 4.47304 4.47304 4.47304 4.47304 4.47304 4.47304 3.63405 3.25391 3.40316 3.67533 3.67533 3.67533 3.67533 3.67533 3.67533 3.67533 3.67533 2.92737 2.71427 2.71427 2.71427 2.71427 2.71427 2.71427 2.68951 2.60664 2.52132 2.24923 1.86228 1.86455 1.86455 1.86455 1.82510 1.63457
2.03996 1.94643 1.95323 2.22361 2.56053 2.83198 3.04169 3.08223 3.08223 3.08223 3.08223 3.08223 3.08223 3.27078 3.89909 3.89909 3.89909 3.89944 3.90534 3.91316 3.92140 4.60070 4.76664 4.76664 4.76664 4.58202 4.47304 4.47304 4.47304 4.47304 4.47304 4.47304 4.47304 4.47304 4.47304 4.47304 4.47304 4.47304 3.88151 3.25391 3.28339 3.66888 3.67533 3.67533 3.67533 3.67533 3.67533 3.67533 3.67533 3.20930 2.71427 2.71000 2.64454 2.55922 2.47390 2.38858 2.32798 2.32557 2.32557 2.30280 1.87663 1.86455 1.86455 1.91339 2.00481 1.99900
2.89233 2.78395 3.01229 3.08223 3.08223 3.08223 3.08223 3.08223 3.08223 3.08223 3.08223 3.08223 3.08223 3.11546 3.89497 3.91535 3.92318 3.93067 3.93260 3.93260 3.93260 4.40921 4.76664 4.76664 4.76664 4.67688 4.47304 4.47304 4.47304 4.47304 4.47304 4.47304 4.47304 4.47304 4.47304 4.47304 4.47304 4.47304 4.12922 3.25391 3.25391 3.57166 3.67533 3.67533 3.67533 3.67533 3.67533 3.62647 3.49948 3.26932 2.43310 2.34544 2.32557 2.32557 2.32557 2.32557 2.32557 2.32557 2.32565 2.37775 2.13891 2.10989 2.20627 2.25397 2.25397 2.22658
