High_resolution/powerplant/Fengdu/OMI_NO2_200908.asc
ncols      200
nrows      200
xllcorner       105.978
yllcorner       28.1831
cellsize     0.0166667
NODATA_Value      -999.000
[rows 0 to 28 of 200, columns 132 to 197 of 200]
0.00000 0.00000 0.00000 0.00000 0.00000 0.00000 0.00000 0.00000 0.00000 1.54786 1.54786 1.51773 1.45323 1.40641 1.37124 1.34417 1.43990 1.54786 1.54786 1.54786 1.54786 1.54786 1.54786 1.54786 1.54786 1.54786 0.00000 0.00000 0.00000 0.00000 0.00000 0.00000 0.00000 0.00000 0.00000 0.00000 0.00000 0.00000 0.00000 0.00000 0.00000 0.00000 0.00000 0.00000 0.00000 0.00000 0.00000 0.00000 0.00000 0.00000 0.00000 0.00000 0.00000 0.00000 0.00000 0.00000 0.00000 0.00000 0.00000 0.00000 0.00000 0.00000 0.00000 0.00000 0.00000 0.00000
0.00000 0.00000 0.00000 0.00000 0.00000 0.00000 1.12384 1.12384 1.12384 1.22145 1.35170 1.33612 1.33585 1.33585 1.33585 1.33585 1.38195 1.54786 1.54786 1.54786 1.54786 1.54786 1.54786 1.54786 1.54786 1.54786 0.00000 0.00000 0.00000 0.00000 0.00000 0.00000 0.00000 0.00000 0.00000 0.00000 0.00000 0.00000 0.00000 0.00000 0.00000 0.00000 0.00000 0.00000 0.00000 0.00000 0.00000 0.00000 0.00000 0.00000 0.00000 0.00000 0.00000 0.00000 0.00000 0.00000 0.00000 0.00000 0.00000 0.00000 0.00000 0.00000 0.00000 0.00000 0.00000 0.00000
0.00000 1.12384 1.12384 1.12384 1.12384 1.12384 1.12384 1.12384 1.12384 1.12578 1.32516 1.33585 1.33585 1.33585 1.33585 1.33585 1.34362 1.54164 1.54786 1.54786 1.54786 1.54786 1.56767 1.82938 2.16316 2.50305 3.33258 0.00000 0.00000 0.00000 0.00000 0.00000 0.00000 0.00000 0.00000 0.00000 0.00000 0.00000 0.00000 0.00000 0.00000 0.00000 0.00000 0.00000 0.00000 0.00000 0.00000 0.00000 0.00000 0.00000 0.00000 0.00000 0.00000 0.00000 0.00000 0.00000 0.00000 0.00000 0.00000 0.00000 0.00000 0.00000 0.00000 0.00000 0.00000 0.00000
1.12384 1.12384 1.12384 1.12384 1.12384 1.12384 1.12384 1.12384 1.12384 1.12384 1.28661 1.33585 1.33585 1.33585 1.33585 1.33585 1.33585 1.59896 2.04900 2.38240 2.71599 3.04921 3.36336 3.43469 3.43469 3.43469 3.43469 0.00000 0.00000 0.00000 0.00000 0.00000 0.00000 0.413151 0.413151 0.413151 0.00000 0.00000 0.00000 0.00000 0.00000 0.00000 0.00000 0.00000 0.00000 0.00000 0.00000 0.00000 0.00000 0.00000 0.00000 0.00000 0.00000 0.00000 0.00000 0.00000 0.00000 0.00000 0.00000 0.00000 0.00000 0.00000 0.00000 0.00000 0.00000 0.00000
1.12384 1.12384 1.12384 1.12384 1.12384 1.12384 1.12384 1.12384 1.12384 1.12384 1.23110 1.37227 1.52925 1.69633 1.86275 2.02973 2.19634 2.61789 3.43469 3.43469 3.43469 3.43469 3.43469 3.43469 3.43469 3.43469 3.43469 0.00000 0.413151 0.413151 0.413151 0.413151 0.413151 0.413151 0.413151 0.413151 0.00000 0.00000 0.00000 0.00000 0.00000 0.00000 0.00000 0.00000 0.00000 0.00000 0.00000 0.00000 0.00000 0.00000 0.00000 0.00000 0.00000 0.00000 0.00000 0.00000 0.00000 0.00000 0.00000 0.00000 0.00000 0.00000 0.00000 0.00000 0.00000 0.00000
1.12384 1.12384 1.12384 1.12384 1.12384 1.12393 1.12736 1.13135 1.13436 1.13672 1.20705 2.25413 2.27926 2.27926 2.27926 2.27926 2.27926 2.37437 3.43469 3.43469 3.43469 3.43469 3.43469 3.39797 2.98533 2.60045 2.25135 0.437671 0.413151 0.413151 0.413151 0.413151 0.413151 0.413151 0.413151 0.413151 0.00000 0.00000 0.00000 0.00000 0.00000 0.00000 0.00000 0.00000 0.00000 0.00000 0.00000 0.00000 0.00000 0.00000 0.00000 0.00000 0.00000 0.00000 0.00000 0.00000 0.00000 0.00000 0.00000 0.00000 0.00000 0.00000 0.00000 0.00000 0.00000 0.00000
1.12514 1.12952 1.13297 1.13561 1.13771 1.13940 1.13992 1.13992 1.13992 1.13992 1.13992 2.01697 2.27926 2.27926 2.27926 2.27926 2.27926 2.27926 3.12600 3.05967 2.65398 2.35626 2.12837 1.95798 1.92392 1.92392 1.92392 0.917579 0.413151 0.413151 0.413151 0.413151 0.413151 0.413151 0.413151 0.413151 0.413151 0.00000 0.00000 0.00000 0.00000 0.00000 0.00000 0.00000 0.00000 0.00000 0.00000 0.00000 0.00000 0.00000 0.00000 0.00000 0.00000 0.00000 0.00000 0.00000 0.00000 0.00000 0.00000 0.00000 0.00000 0.00000 0.00000 0.00000 0.00000 0.00000
1.13984 1.13992 1.13992 1.13992 1.13992 1.13992 1.13992 1.13992 1.13992 1.13992 1.13992 1.69395 2.27926 2.27926 2.31297 2.39638 2.48022 2.56407 2.26735 1.92392 1.92392 1.92392 1.92392 1.92392 1.92392 1.92392 1.92392 1.39421 0.413151 0.413151 0.413151 0.413151 0.413151 0.413151 0.413151 0.413151 0.413151 0.486246 0.486246 0.486246 0.486246 0.486246 0.486246 0.486246 0.00000 0.00000 0.00000 0.00000 0.00000 0.00000 0.00000 0.00000 0.00000 0.00000 0.00000 0.00000 0.00000 0.00000 0.00000 0.00000 0.00000 0.00000 0.00000 0.00000 0.00000 0.00000
1.14125 1.13992 1.13992 1.13992 1.13992 1.13992 1.13992 1.13992 1.13992 1.15464 1.23155 1.54587 2.53863 2.62247 2.67264 2.67307 2.67307 2.67307 2.48421 1.92392 1.92392 1.92392 1.92392 1.92392 1.92392 1.92392 1.92392 1.71937 0.413151 0.413151 0.413151 0.414253 0.423130 0.431246 0.437523 0.442513 0.452469 0.486246 0.486246 0.486246 0.486246 0.486246 0.486246 0.486246 0.00000 0.00000 0.00000 0.00000 0.00000 0.00000 0.00000 0.00000 0.00000 0.00000 0.00000 0.00000 0.00000 0.00000 0.00000 0.00000 0.00000 0.00000 0.00000 0.00000 0.00000 0.00000
1.14469 1.13992 1.13992 1.13992 1.14342 1.20608 1.28996 1.37380 1.45764 1.52679 1.53372 1.54122 2.57308 2.67307 2.67307 2.67307 2.67307 2.67307 2.65981 1.97186 1.92392 1.92392 1.92392 1.92392 1.92392 1.92340 1.90506 1.86457 0.544336 0.441806 0.445991 0.449170 0.449699 0.449699 0.449699 0.449699 0.450208 0.482905 0.486246 0.486246 0.486246 0.486246 0.486246 0.486246 0.00000 0.00000 0.00000 0.00000 0.00000 0.00000 0.00000 0.00000 0.00000 0.00000 0.00000 0.00000 0.00000 0.00000 0.00000 0.00000 0.00000 0.00000 0.00000 0.00000 0.00000 0.00000
1.16413 1.26448 1.34828 1.43220 1.51254 1.53372 1.53372 1.53372 1.53372 1.53372 1.53372 1.53372 2.25721 2.67307 2.67307 2.67307 2.67307 2.67307 2.67307 2.18215 1.91371 1.88697 1.85999 1.83299 1.80605 1.77961 1.77094 1.77094 0.876024 0.449699 0.449699 0.449699 0.449699 0.449699 0.449699 0.449699 0.468820 0.518438 0.486246 0.486246 0.486246 0.486246 0.486246 0.486246 0.486246 0.00000 0.00000 0.00000 0.00000 0.00000 0.00000 0.00000 0.00000 0.00000 0.00000 0.00000 0.00000 0.00000 0.00000 0.00000 0.00000 0.00000 0.00000 0.00000 0.00000 0.00000
1.16495 1.51837 1.53372 1.53372 1.53372 1.53372 1.53372 1.53372 1.53372 1.53372 1.53372 1.53372 1.93394 2.67307 2.66912 2.64494 2.61798 2.59106 2.56404 2.26991 1.77115 1.77094 1.77094 1.77094 1.77094 1.77094 1.77094 1.77094 1.24673 0.449699 0.449699 0.461263 0.537331 0.623419 0.709423 0.795553 0.862436 0.776001 0.486246 0.486246 0.486246 0.486246 0.486246 0.486246 0.486246 0.00000 0.00000 0.00000 0.00000 0.00000 0.00000 0.00000 0.00000 0.00000 0.00000 0.00000 0.00000 0.00000 0.00000 0.00000 0.00000 0.00000 0.00000 0.00000 0.00000 0.00000
1.15599 1.44823 1.53372 1.53372 1.53372 1.53372 1.53372 1.53372 1.53408 1.59789 1.70795 1.81770 1.99187 2.54228 2.52292 2.52009 2.52009 2.52009 2.52009 2.46600 1.78128 1.77094 1.77094 1.77094 1.77094 1.77094 1.77678 1.84575 1.77675 0.697927 0.782736 0.857217 0.867195 0.867195 0.867195 0.867195 0.867195 0.848155 0.490715 0.486246 0.486246 0.486246 0.486246 0.486246 0.486246 0.00000 0.00000 0.00000 0.00000 0.00000 0.00000 0.00000 0.00000 0.00000 0.00000 0.00000 0.00000 0.00000 0.00000 0.00000 0.00000 0.00000 0.00000 0.00000 0.00000 0.00000
1.15599 1.34254 1.53372 1.55212 1.65216 1.76228 1.87198 1.98161 2.09089 2.13678 2.13678 2.13678 2.13678 2.43741 2.52009 2.52009 2.52009 2.52009 2.52009 2.52009 1.95088 1.77303 1.83294 1.91898 2.00503 2.09112 2.17132 2.18843 2.18843 1.08424 0.867195 0.867195 0.867195 0.867195 0.867195 0.867195 0.867195 0.867195 0.617330 0.486246 0.486246 0.486246 0.486246 0.486246 0.486246 0.486246 0.00000 0.00000 0.00000 0.00000 0.00000 0.00000 0.00000 0.00000 0.00000 0.00000 0.00000 0.00000 0.00000 0.00000 0.00000 0.00000 0.00000 0.00000 0.00000 0.00000
1.72178 1.93961 2.03756 2.12713 2.13678 2.13678 2.13678 2.13678 2.13678 2.13678 2.13678 2.13678 2.13678 2.32878 2.52009 2.52009 2.52009 2.49059 2.42678 2.36293 2.19510 2.16226 2.18843 2.18843 2.18843 2.18843 2.18843 2.18843 2.18843 1.45488 0.867195 0.867195 0.867195 0.867195 0.867195 0.867195 0.867195 0.867195 0.741900 0.486246 0.492967 0.560606 0.642886 0.725118 0.807302 0.925587 0.00000 0.00000 0.00000 0.00000 0.00000 0.00000 0.00000 0.00000 0.00000 0.00000 0.00000 0.00000 0.00000 0.00000 0.00000 0.00000 0.00000 0.00000 0.00000 0.00000
2.36210 2.36210 2.17323 2.13678 2.13678 2.13678 2.13678 2.13678 2.13678 2.13678 2.13678 2.13678 2.12279 2.14607 2.38202 2.31815 2.25431 2.21998 2.21995 2.21995 2.21487 2.18843 2.18843 2.18843 2.18843 2.18843 2.18843 2.18843 2.18843 1.82542 0.867195 0.867195 0.867195 0.867195 0.868371 0.897630 0.938794 0.979910 0.996071 0.876189 0.951700 0.966293 0.966293 0.966293 0.966293 0.966293 0.00000 0.00000 0.00000 0.00000 0.00000 0.00000 0.00000 0.00000 0.00000 0.00000 0.00000 0.00000 0.00000 0.00000 0.00000 0.00000 0.00000 0.00000 0.00000 0.00000
2.36210 2.36210 2.22915 2.13678 2.13678 2.13678 2.13678 2.13258 2.08167 2.01780 1.95396 1.89009 1.84027 1.84051 2.19089 2.21995 2.21995 2.21995 2.21995 2.21995 2.21994 2.19282 2.18843 2.18843 2.18843 2.18843 2.18843 2.18843 2.18841 2.12682 0.972160 0.973189 1.01431 1.05545 1.09539 1.10722 1.10722 1.10722 1.10693 0.992683 0.966293 0.966293 0.966293 0.966293 0.966293 0.966293 0.00000 0.00000 0.00000 0.00000 0.00000 0.00000 0.00000 0.00000 0.00000 0.00000 0.00000 0.00000 0.00000 0.00000 0.00000 0.00000 0.00000 0.00000 0.00000 0.00000
2.36210 2.36210 2.31471 2.10118 2.03689 1.97305 1.90927 1.84957 1.83664 1.83664 1.83664 1.83664 1.83664 1.83664 2.08613 2.21995 2.21995 2.21995 2.21995 2.21995 2.21995 2.20213 2.18843 2.17956 2.14559 2.11016 2.07473 2.03926 2.00385 1.98758 1.35951 1.10722 1.10722 1.10722 1.10722 1.10722 1.10722 1.10722 1.10722 1.04537 0.966293 0.966293 0.966293 0.966293 0.966293 0.966293 0.966293 0.00000 0.00000 0.00000 0.00000 0.00000 0.00000 0.00000 0.00000 0.00000 0.00000 0.00000 0.00000 0.00000 0.00000 0.00000 0.00000 0.00000 0.00000 0.00000
2.43722 2.43776 2.43822 2.10293 2.03883 2.05190 2.06434 2.07645 2.08475 1.84764 1.83664 1.83664 1.83664 1.83664 1.97762 2.21995 2.21995 2.21752 2.18903 2.15360 2.11817 2.07410 2.01570 1.98908 1.98758 1.98758 1.98758 1.98758 1.98758 1.98758 1.60646 1.10722 1.10722 1.10722 1.10493 1.08994 1.06924 1.04226 1.00569 0.968669 0.966293 0.966293 0.966293 0.966293 0.966293 0.966293 0.966293 0.00000 0.00000 0.00000 0.00000 0.00000 0.00000 0.00000 0.00000 0.00000 0.00000 0.00000 0.00000 0.00000 0.00000 0.00000 0.00000 0.00000 0.00000 0.00000
2.34349 2.32855 2.31405 2.14671 1.99149 1.98269 1.97403 1.96571 1.95757 1.76543 1.78948 1.83664 1.83626 1.83545 1.86619 2.09347 2.05908 2.02608 2.01909 2.01909 2.01909 2.01843 1.98943 1.98758 1.98758 1.98758 1.98758 1.98758 1.98758 1.99380 1.91563 1.07279 1.04694 1.01219 0.971874 0.966293 0.966293 0.966293 0.966293 0.966293 0.966293 0.966293 0.966293 0.966293 0.966293 0.966293 0.966293 0.00000 0.00000 0.00000 0.00000 0.00000 0.00000 0.00000 0.00000 0.00000 0.00000 0.00000 0.00000 0.00000 0.00000 0.00000 0.00000 0.00000 0.00000 0.00000
2.20413 2.20413 2.20413 2.14770 1.93634 1.93634 1.93630 1.93595 1.93553 1.81115 1.75024 1.83257 1.83212 1.83212 1.83212 1.98205 2.01909 2.01909 2.01909 2.01909 2.01909 2.01909 1.99823 1.98758 1.98995 2.04939 2.15028 2.28037 2.45400 2.67452 2.72648 1.19235 0.966293 0.966293 0.966293 0.966293 0.966293 0.966293 0.966293 0.966293 0.966293 0.966293 0.966293 0.966293 0.966293 0.966293 0.966293 0.00000 0.00000 0.00000 0.00000 0.00000 0.00000 0.00000 0.00000 0.00000 0.00000 0.00000 0.00000 0.00000 0.00000 0.00000 0.00000 0.00000 0.00000 0.00000
2.20413 2.20394 2.20353 2.20151 1.96073 1.93451 1.93414 1.93408 1.93408 1.86148 1.72020 1.83212 1.83212 1.83212 1.83212 1.92927 2.01909 2.01909 2.01909 2.01909 1.98814 1.92751 1.97270 2.42334 2.64554 2.72701 2.72701 2.72701 2.72701 2.72701 2.72701 1.68590 0.966293 0.966293 0.966293 0.966293 0.966293 0.966293 0.966293 0.966293 0.966293 0.966293 0.966293 0.970553 1.13299 1.37565 1.61941 2.18710 0.00000 0.00000 0.00000 0.00000 0.00000 0.00000 0.00000 0.00000 0.00000 0.00000 0.00000 0.00000 0.00000 0.00000 0.00000 0.00000 0.00000 0.00000
2.20209 2.20187 2.20187 2.20187 2.03895 1.93408 1.93408 1.93408 1.93408 1.90724 1.69555 1.83212 1.83212 1.83212 1.83212 1.86123 1.94582 1.88520 1.82460 1.76397 1.73433 1.73433 1.77349 2.70289 2.72701 2.72701 2.72701 2.72701 2.72701 2.72701 2.72701 2.17984 0.966293 0.966293 0.966293 0.966293 0.966293 0.966435 1.09692 1.33973 1.58211 1.82505 2.06743 2.30597 2.38620 2.38620 2.38620 2.38620 0.00000 0.00000 0.00000 0.00000 0.00000 0.00000 0.00000 0.00000 0.00000 0.00000 0.00000 0.00000 0.00000 0.00000 0.00000 0.00000 0.00000 0.00000
2.20187 2.20187 2.20187 2.20187 2.11963 1.93408 1.93408 1.93408 1.93408 1.93367 1.70730 1.75645 1.71654 1.65594 1.59529 1.55299 1.72287 1.73433 1.73433 1.73433 1.73433 1.73433 1.73433 2.34949 2.72701 2.72701 2.72701 2.72701 2.72701 2.72701 2.72701 2.63581 1.10028 1.30352 1.54618 1.78885 2.03151 2.27417 2.38620 2.38620 2.38620 2.38620 2.38620 2.38620 2.38620 2.38620 2.38620 2.38620 0.00000 0.00000 0.00000 0.00000 0.00000 0.00000 0.00000 0.00000 0.00000 0.00000 0.00000 0.00000 0.00000 0.00000 0.00000 0.00000 0.00000 0.00000
2.19281 2.20187 2.20187 2.20187 2.19102 1.94322 1.91574 1.88543 1.85513 1.82482 1.60700 1.52520 1.54736 1.54736 1.54736 1.54736 1.67313 1.73433 1.73433 1.73433 1.73433 1.73433 1.73433 2.03639 2.72701 2.72701 2.71616 2.65594 2.58961 2.52324 2.45695 2.39059 2.37757 2.38620 2.38620 2.38620 2.38620 2.38620 2.38620 2.38620 2.38620 2.38620 2.38620 2.38620 2.38620 2.38620 2.38620 2.38620 2.38620 0.00000 0.00000 0.00000 0.00000 0.00000 0.00000 0.00000 0.00000 0.00000 0.00000 0.00000 0.00000 0.00000 0.00000 0.00000 0.00000 0.00000
2.16007 2.17442 2.13385 2.09145 2.04907 1.82925 1.73482 1.72738 1.71981 1.71235 1.61381 1.51375 1.54736 1.54736 1.54736 1.54736 1.62033 1.73433 1.73433 1.73433 1.73329 1.70932 1.67620 1.72586 2.47802 2.41173 2.35622 2.35015 2.35015 2.35015 2.35015 2.35015 2.36712 2.38620 2.38620 2.38620 2.38620 2.31386 1.99349 1.73877 1.54858 1.55563 2.38620 2.38620 2.38620 2.38620 2.38620 2.38620 2.38620 0.00000 0.00000 0.00000 0.00000 0.00000 0.00000 0.00000 0.00000 0.00000 0.00000 0.00000 0.00000 0.00000 0.00000 0.00000 0.00000 0.00000
1.89432 1.92639 1.93213 1.94007 1.94811 1.84507 1.68460 1.68913 1.69382 1.69862 1.66568 1.53182 1.54736 1.54736 1.54736 1.57937 1.67853 1.65446 1.62042 1.58724 1.55513 1.54590 1.54590 1.54614 2.16397 2.35015 2.35015 2.35015 2.35015 2.35015 2.35015 2.35015 2.31696 2.03908 1.77203 1.57391 1.42075 1.31764 1.30774 1.30774 1.30774 1.31759 2.25951 2.38620 2.38620 2.38620 2.38620 2.38620 2.38620 0.00000 0.00000 0.00000 0.00000 0.00000 0.00000 0.00000 0.00000 0.00000 0.00000 0.00000 0.00000 0.00000 0.00000 0.00000 0.00000 0.00000
1.98370 2.07441 2.07694 2.07694 2.07694 2.04142 1.74314 1.74183 1.74183 1.74576 1.78324 1.70540 1.78776 1.87137 1.95503 2.00663 2.00727 1.62623 1.54590 1.54590 1.54590 1.54590 1.54590 1.54590 1.86758 2.35015 2.35015 2.33311 2.05604 1.78042 1.57723 1.42111 1.30786 1.30611 1.30774 1.30774 1.30774 1.30774 1.30774 1.30774 1.30774 1.30774 1.83928 2.38620 2.38620 2.38620 2.38620 2.38620 2.38620 0.00000 0.00000 0.00000 0.00000 0.00000 0.00000 0.00000 0.00000 0.00000 0.00000 0.00000 0.00000 0.00000 0.00000 0.00000 0.00000 0.00000
1.97908 2.05118 2.07694 2.07694 2.09828 2.15359 1.94101 1.92997 1.98574 2.03756 2.04844 2.01637 2.00727 2.00727 2.00727 2.00727 2.00727 1.75658 1.54590 1.54590 1.54590 1.54590 1.54599 1.56706 1.66100 1.60423 1.44204 1.31875 1.28971 1.28971 1.28971 1.28971 1.28971 1.30116 1.30774 1.30774 1.30774 1.30774 1.30774 1.30774 1.30774 1.30774 1.54849 2.38620 2.38620 2.38620 2.38620 2.17892 1.77895 0.574366 0.00000 0.00000 0.00000 0.00000 0.00000 0.00000 0.00000 0.00000 0.00000 0.00000 0.00000 0.00000 0.00000 0.00000 0.00000 0.00000
