High_resolution/powerplant/Fengdu/OMI_NO2_200508.asc
ncols      200
nrows      200
xllcorner       105.978
yllcorner       28.1831
cellsize     0.0166667
NODATA_Value      -999.000
[rows 90 to 119 of 200, columns 66 to 131 of 200]
2.70123 2.70123 2.70123 2.70123 2.69549 2.58643 2.58241 2.58464 2.71784 2.71469 2.71469 2.71469 2.58573 2.43802 2.43802 2.43802 2.43818 2.43060 2.42012 2.34984 2.16071 2.14671 2.14102 2.13821 2.13527 2.04886 2.02088 2.00854 1.98933 1.83211 1.83051 1.86308 1.86337 1.86336 1.86343 1.86341 1.86349 1.86346 1.86354 1.86236 1.85900 1.84378 1.61210 1.60247 1.66197 1.72867 1.80665 1.76654 1.71895 1.71895 1.71895 1.71895 1.71895 1.71895 1.71895 1.78479 1.81921 1.85468 1.97634 1.96017 1.93477 1.93477 1.93477 1.63365 1.56747 1.56746
2.71501 2.71661 2.71822 2.71983 2.72143 2.63563 2.60193 2.60327 2.70122 2.73822 2.73956 2.74041 2.67454 2.44581 2.43539 2.42487 2.41425 2.41141 2.41141 2.39769 2.09833 2.10742 2.12027 2.13530 2.15034 2.11340 2.06672 2.07068 2.07050 1.87571 1.81017 1.83853 1.84672 1.84672 1.84672 1.84672 1.84672 1.84672 1.84672 1.84672 1.84672 1.84672 1.66479 1.60054 1.63915 1.71332 1.79997 1.78570 1.71986 1.72135 1.72826 1.79286 1.86323 1.93095 2.00916 2.10408 2.15132 2.16035 2.12121 2.02981 2.04054 2.05167 2.06350 1.82107 1.54915 1.54702
2.73987 2.73987 2.73987 2.73987 2.73987 2.69065 2.61531 2.63566 2.69675 2.71294 2.69572 2.67860 2.66566 2.46680 2.47045 2.48159 2.49268 2.50377 2.51598 2.52484 2.24760 2.20045 2.20263 2.20575 2.21211 2.19710 2.10280 2.10526 2.07545 1.93836 1.81017 1.82686 1.84857 1.85137 1.85418 1.85697 1.85975 1.86255 1.86537 1.86817 1.87096 1.87374 1.76449 1.63318 1.65179 1.76864 1.90866 2.01314 2.04616 2.13392 2.22819 2.24939 2.24894 2.24894 2.24894 2.24894 2.24894 2.24894 2.23686 2.10789 2.10777 2.10777 2.10777 1.96384 1.54616 1.54616
2.73665 2.72974 2.74281 2.77070 2.79856 2.81748 2.71279 2.71222 2.70388 2.63664 2.63364 2.63364 2.63364 2.55291 2.52054 2.52408 2.52802 2.54443 2.57175 2.59764 2.38976 2.27423 2.29293 2.30727 2.31668 2.32571 2.21613 2.21145 2.13509 2.03926 1.85130 1.85904 1.89155 1.89158 1.89158 1.89158 1.89158 1.89158 1.89158 1.89158 1.90431 1.93454 1.93690 1.90882 1.97926 2.13832 2.19349 2.24999 2.24911 2.24894 2.24894 2.24894 2.24894 2.24894 2.24894 2.24894 2.24894 2.24894 2.24894 2.13887 2.10777 2.10777 2.10777 2.05361 1.54616 1.54616
2.79434 2.82912 2.84397 2.84953 2.86323 2.87704 2.77988 2.75189 2.76338 2.71153 2.69689 2.70698 2.71741 2.69979 2.69925 2.73122 2.76482 2.78104 2.78104 2.78104 2.60890 2.38234 2.38234 2.38234 2.38234 2.38234 2.30078 2.24894 2.17560 2.10536 1.85811 1.85503 1.88483 1.89158 1.89166 1.90917 1.93947 1.96983 2.00016 2.03048 2.04474 2.03334 2.02018 2.00278 1.99213 2.09506 2.15928 2.24961 2.24927 2.24894 2.24894 2.24894 2.24894 2.24894 2.24894 2.24894 2.24894 2.24894 2.24894 2.18407 2.10777 2.10777 2.10777 2.10560 1.61353 1.54616
2.98936 3.00312 3.01693 3.02514 3.02521 3.02832 2.96100 2.86119 2.86842 2.81604 2.76014 2.76094 2.76094 2.76530 2.78104 2.78104 2.78104 2.78104 2.78104 2.78104 2.69152 2.38234 2.38234 2.38234 2.38234 2.38234 2.33876 2.24894 2.20407 2.12094 1.92849 1.90788 1.95634 2.00510 2.03534 2.04820 2.04555 2.03439 2.02137 2.00676 1.99546 1.99505 1.99505 1.99317 1.99197 2.06658 2.13547 2.24588 2.24941 2.24894 2.24894 2.24894 2.24894 2.24894 2.24232 2.21410 2.18427 2.15441 2.12456 2.04986 1.83161 1.78682 1.74204 1.69725 1.59144 1.54616
3.03602 3.04589 3.05653 3.06800 3.08044 3.08908 3.07179 2.89004 2.88702 2.85399 2.76094 2.76094 2.76094 2.76135 2.78018 2.78104 2.78104 2.78104 2.78104 2.78104 2.76696 2.38947 2.38234 2.38234 2.38292 2.39145 2.39473 2.33763 2.35101 2.26798 2.12522 2.01165 2.01728 2.03544 2.02254 2.00806 1.99585 1.99505 1.99505 1.99505 1.99505 1.99505 1.99505 1.99465 1.99567 2.04507 2.14269 2.15577 2.12448 2.05848 2.02865 1.99880 1.96897 1.93908 1.91666 1.91645 1.91792 1.91942 1.92090 1.91530 1.63622 1.62232 1.62454 1.62677 1.61749 1.59721
3.08926 3.08926 3.08926 3.08926 3.08926 3.08926 3.08926 2.93343 2.88702 2.88080 2.76429 2.76094 2.76094 2.76094 2.77578 2.78104 2.78104 2.78104 2.78104 2.78162 2.79015 2.47820 2.41354 2.42446 2.43355 2.43438 2.43269 2.40678 2.39858 2.28886 2.18707 1.98404 1.97691 1.97611 1.97742 1.97863 1.97991 1.98112 1.98239 1.98361 1.98487 1.98611 1.98735 1.98781 1.98310 2.00661 2.19837 2.11052 2.03157 1.96694 1.96142 1.96290 1.96439 1.96586 1.96656 1.96656 1.96656 1.96656 1.96656 1.91920 1.73355 1.68419 1.68419 1.68419 1.68693 1.70322
3.09347 3.09679 3.10014 3.10345 3.10677 3.11009 3.11341 3.02109 2.91167 2.91433 2.81822 2.79356 2.79621 2.79887 2.81211 2.83330 2.84700 2.86069 2.87441 2.88763 2.89281 2.59213 2.39083 2.38527 2.37766 2.38088 2.39005 2.38272 2.37071 2.25433 2.16915 1.96478 1.96796 1.96938 1.96938 1.96938 1.96938 1.96938 1.96938 1.96938 1.96938 1.96938 1.96938 1.96938 1.96704 1.96665 2.18771 2.15710 2.03782 1.99157 1.96656 1.96656 1.96656 1.96144 1.89085 1.78747 1.69223 1.61327 1.53447 1.49252 1.55804 1.68419 1.68419 1.68419 1.68458 1.70249
3.16901 3.16901 3.16901 3.16901 3.16901 3.16901 3.16901 3.14443 2.95252 2.95107 2.88858 2.84479 2.85583 2.86886 2.88723 2.88220 2.87462 2.86702 2.85943 2.85182 2.84422 2.64816 2.33854 2.35016 2.36734 2.37341 2.37341 2.36597 2.33342 2.25864 2.17233 1.99760 1.96938 1.96938 1.96938 1.96938 1.96938 1.96536 1.95015 1.93443 1.91872 1.90301 1.88719 1.87148 1.85437 1.83713 1.99435 2.03464 1.84857 1.80573 1.77464 1.67850 1.59080 1.51938 1.50651 1.50734 1.50734 1.50709 1.49368 1.49252 1.51393 1.68419 1.68419 1.68419 1.68419 1.69661
3.16901 3.16901 3.16901 3.16904 3.17396 3.18754 3.20419 3.22082 3.05244 3.01867 2.99000 2.93185 2.93859 2.94345 2.93885 2.82797 2.82545 2.83848 2.88065 2.92864 2.98282 2.88916 2.36873 2.35655 2.34433 2.33208 2.31982 2.30745 2.25944 2.19618 2.02703 1.88480 1.79267 1.77693 1.76119 1.74558 1.72987 1.71818 1.71758 1.71758 1.71758 1.71758 1.71758 1.69937 1.64964 1.55013 1.60719 1.65284 1.47189 1.46036 1.50630 1.50734 1.50734 1.50734 1.50734 1.50734 1.50734 1.50734 1.49872 1.49252 1.49260 1.65136 1.68419 1.68419 1.68419 1.69157
3.22315 3.23981 3.25646 3.27308 3.28480 3.28788 3.28788 3.28788 3.16396 3.03309 3.00865 2.90844 2.89696 2.89519 2.92701 2.86265 2.86902 2.89173 2.88048 2.86824 2.85599 2.83121 2.21802 2.19723 2.19723 2.19723 2.19723 2.19723 2.17261 2.14794 1.92482 1.84222 1.71758 1.71758 1.71758 1.71758 1.71758 1.71751 1.69260 1.64786 1.60320 1.55849 1.51378 1.48921 1.49208 1.39550 1.45559 1.58980 1.50971 1.45748 1.50695 1.50734 1.50734 1.50734 1.50734 1.50734 1.50734 1.50734 1.50324 1.49252 1.49252 1.58844 1.68419 1.68419 1.68419 1.68793
3.22700 3.21639 3.20574 3.19512 3.18450 3.17385 3.16327 3.15258 3.11702 2.93802 2.97607 2.89727 2.93391 2.97937 2.98385 2.90438 2.83612 2.83612 2.83612 2.83612 2.83612 2.83612 2.33678 2.19723 2.19723 2.19723 2.19723 2.19723 2.18400 2.15725 1.96806 1.89040 1.71652 1.68559 1.64088 1.59619 1.55151 1.50687 1.48712 1.48868 1.49236 1.49566 1.49862 1.50005 1.50006 1.43542 1.41870 1.58980 1.54122 1.45475 1.49722 1.50734 1.50734 1.50734 1.50734 1.50734 1.50734 1.50734 1.50659 1.48891 1.48276 1.52545 1.68808 1.68938 1.69084 1.69373
3.14738 3.14738 3.14738 3.14738 3.14738 3.14738 3.14738 3.14738 3.14738 3.13813 3.14738 3.03551 2.98385 2.98385 2.98385 2.93996 2.83612 2.83612 2.83612 2.83612 2.83612 2.83612 2.46804 2.19723 2.19723 2.19723 2.19723 2.19671 2.18696 2.07713 1.89226 1.74708 1.51932 1.48712 1.48712 1.48838 1.49205 1.49538 1.49836 1.50004 1.50006 1.50006 1.50006 1.50006 1.50006 1.46435 1.39757 1.57073 1.55977 1.44698 1.47288 1.49189 1.48753 1.48295 1.47814 1.47306 1.46769 1.46200 1.45627 1.42447 1.40620 1.41524 1.69323 1.70322 1.70322 1.70322
3.14748 3.14738 3.14738 3.14738 3.14738 3.14738 3.14738 3.14738 3.14738 3.14738 3.14738 3.07194 2.98476 2.98385 2.98385 2.97428 2.83737 2.83612 2.83612 2.83612 2.83612 2.83612 2.59876 2.18945 2.18012 2.17080 2.16148 2.15267 2.15061 1.98050 1.84260 1.69006 1.55572 1.49573 1.50252 1.51528 1.52370 1.52346 1.51282 1.50123 1.48905 1.47603 1.46229 1.44754 1.43191 1.40462 1.25627 1.32866 1.35272 1.34983 1.36078 1.38613 1.38228 1.37835 1.37431 1.37018 1.36590 1.36149 1.35703 1.30602 1.16170 1.14747 1.19870 1.70322 0.00000 0.00000
3.15972 3.14738 3.14738 3.14738 3.14738 3.14738 3.14653 3.12807 3.10264 3.07709 3.05154 2.98536 2.84038 2.81148 2.78606 2.76045 2.61444 2.56127 2.52858 2.49359 2.45883 2.42384 2.37450 2.44664 2.46489 2.48363 2.50279 2.51254 2.51167 2.36129 2.13228 1.79182 1.67598 1.56789 1.53515 1.50611 1.49029 1.47295 1.47266 1.47266 1.47266 1.47266 1.47266 1.47266 1.47266 1.47266 1.33878 1.30179 1.30179 1.30179 1.30558 1.33049 1.33049 1.33049 1.33049 1.33049 1.33130 1.34485 1.34409 1.31786 1.10917 1.10917 1.10917 0.00000 0.00000 0.00000
2.72828 2.66988 2.64445 2.61884 2.59311 2.56768 2.54311 2.53614 2.53614 2.53614 2.53614 2.52844 2.38010 2.36483 2.35551 2.34618 2.25194 2.17142 2.14382 2.11670 2.08799 2.05773 2.02883 2.44066 2.44462 2.41134 2.37471 2.35419 2.35419 2.26976 1.90601 1.47569 1.43308 1.43308 1.43308 1.43541 1.47162 1.47266 1.47266 1.47266 1.47266 1.47266 1.47270 1.47570 1.48068 1.48589 1.39870 1.30792 1.30942 1.31099 1.31301 1.33420 1.35598 1.38291 1.39684 1.41614 1.48262 1.55181 0.00000 0.00000 0.00000 0.00000 0.00000 0.00000 0.00000 0.00000
2.61364 2.53614 2.53614 2.53614 2.53614 2.53614 2.53614 2.53575 2.51025 2.46977 2.42937 2.38901 2.22233 2.13944 2.10589 2.07272 1.99592 1.85405 1.85362 1.85362 1.85362 1.85362 1.85362 2.18781 2.35419 2.35419 2.35419 2.35541 2.36026 2.36376 1.96740 1.62281 1.47327 1.48228 1.49208 1.50266 1.52656 1.53749 1.54559 1.55409 1.56308 1.57269 1.58282 1.58679 1.58679 1.58679 1.53134 1.36453 1.39558 1.43429 1.47421 1.53973 1.55181 1.55181 0.00000 0.00000 0.00000 0.00000 0.00000 0.00000 0.00000 0.00000 0.00000 0.00000 0.00000 0.00000
2.66746 2.44053 2.40736 2.37039 2.33000 2.28963 2.24924 2.20920 2.19431 2.19431 2.19431 2.19431 2.10362 2.02604 2.02342 2.02598 2.01619 1.86971 1.87289 1.87628 1.87968 1.88308 1.88647 2.11948 2.41366 2.41874 2.42383 2.42769 2.42792 2.42792 2.15100 1.87097 1.62178 1.62178 1.62178 1.62178 1.60288 1.58679 1.58679 1.58679 1.58679 1.58479 1.58057 1.57526 1.56839 1.55918 1.55191 1.55181 1.55181 1.55181 0.00000 0.00000 0.00000 0.00000 0.00000 0.00000 0.00000 0.00000 0.00000 0.00000 0.00000 0.00000 0.00000 0.00000 0.00000 0.00000
2.46598 2.14536 2.08853 2.04629 2.00761 1.96872 1.92999 1.89125 1.85237 1.81368 1.77490 1.73607 1.83830 2.06708 2.05602 2.05602 2.05602 1.93005 1.90277 1.90277 1.90277 1.90277 1.90277 2.03538 2.42792 2.42792 2.42792 2.42792 2.42792 2.42792 2.27894 1.92989 1.62178 1.62178 1.62178 1.62178 1.61642 1.58006 1.57425 1.56704 1.55731 1.55181 1.55181 1.55181 1.55181 1.55181 0.00000 0.00000 0.00000 0.00000 0.00000 0.00000 0.00000 0.00000 0.00000 0.00000 0.00000 0.00000 0.00000 0.00000 0.00000 0.00000 0.00000 0.00000 0.00000 0.00000
1.97300 1.72014 1.68600 1.68600 1.68600 1.68600 1.68600 1.68600 1.68600 1.68600 1.68600 1.68600 1.74021 2.07296 2.05602 2.05602 2.05602 1.97125 1.90277 1.90277 1.90277 1.90277 1.90277 1.95000 2.42792 2.42792 2.42792 2.42792 2.42792 2.42792 2.39880 2.01122 1.63987 1.62178 1.62178 1.62178 0.00000 1.55181 1.55181 1.55181 1.55181 1.55181 0.00000 0.00000 0.00000 0.00000 0.00000 0.00000 0.00000 0.00000 0.00000 0.00000 0.00000 0.00000 0.00000 0.00000 0.00000 0.00000 0.00000 0.00000 0.00000 0.00000 0.00000 0.00000 0.00000 0.00000
2.04920 1.74351 1.68600 1.68600 1.68600 1.68600 1.68600 1.68600 1.68600 1.68600 1.68600 1.68600 1.68662 2.04280 2.05833 2.05602 2.05602 2.00704 1.90277 1.90277 1.90277 1.90277 1.90277 1.90330 2.36755 2.42729 2.41937 2.40735 2.39194 2.37151 2.34545 2.33876 2.33876 0.00000 0.00000 0.00000 0.00000 1.55181 0.00000 0.00000 0.00000 0.00000 0.00000 0.00000 0.00000 0.00000 0.00000 0.00000 0.00000 0.00000 0.00000 0.00000 0.00000 0.00000 0.00000 0.00000 0.00000 0.00000 0.00000 0.00000 0.00000 0.00000 0.00000 0.00000 0.00000 3.71556
2.09264 1.79092 1.68600 1.68600 1.68600 1.68600 1.68600 1.68600 1.68600 1.68600 1.68600 1.68600 1.68600 1.95607 2.07043 2.07509 2.08814 2.08512 1.97291 1.98982 2.00453 1.99075 1.96544 1.93410 2.21661 2.34545 2.33876 2.33876 2.33876 2.33876 2.33876 2.33876 2.33876 0.00000 0.00000 0.00000 0.00000 0.00000 0.00000 0.00000 0.00000 0.00000 0.00000 0.00000 0.00000 0.00000 0.00000 0.00000 0.00000 0.00000 0.00000 0.00000 0.00000 0.00000 0.00000 0.00000 0.00000 0.00000 0.00000 0.00000 0.00000 0.00000 0.00000 0.00000 3.71556 3.71556
2.09264 1.95264 1.81954 1.82200 1.83390 1.84609 1.85866 1.87158 1.88470 1.89817 1.91199 1.92643 1.94105 2.19781 2.47597 2.45692 2.45349 2.44860 2.39944 2.37151 2.34545 2.33876 2.33876 2.33876 2.33876 2.33876 2.33876 2.33876 2.33876 2.33876 2.33876 2.33876 2.33876 0.00000 0.00000 0.00000 0.00000 0.00000 0.00000 0.00000 0.00000 0.00000 0.00000 0.00000 0.00000 0.00000 0.00000 0.00000 0.00000 0.00000 0.00000 0.00000 0.00000 0.00000 0.00000 0.00000 0.00000 0.00000 0.00000 0.00000 0.00000 0.00000 0.00000 0.00000 3.71556 3.71556
2.09264 2.09264 2.00527 1.96384 1.96384 1.96384 1.96384 1.96384 1.96384 1.96384 1.96244 1.92884 1.86776 1.94865 2.40349 2.36846 2.34896 2.33239 2.32436 2.33876 2.33876 2.33876 2.33876 2.33876 2.33876 2.33876 2.33876 2.33876 2.33876 2.33876 2.33876 2.33876 2.32916 0.00000 0.00000 0.00000 0.00000 0.00000 0.00000 0.00000 0.00000 0.00000 0.00000 0.00000 0.00000 0.00000 0.00000 0.00000 0.00000 0.00000 0.00000 0.00000 0.00000 0.00000 0.00000 0.00000 0.00000 0.00000 0.00000 0.00000 0.00000 0.00000 0.00000 0.00000 3.71556 3.71556
2.09264 2.09264 2.03433 1.95269 1.94163 1.93035 1.89005 1.82283 1.74434 1.65157 1.54353 1.49707 1.49200 1.52239 2.25854 2.27323 2.27323 2.27316 2.27324 2.26217 2.21378 2.16560 2.11736 2.06911 2.02087 1.97255 1.92444 1.87606 1.82788 1.77964 1.73132 1.68308 1.64398 1.64056 0.00000 0.00000 0.00000 0.00000 0.00000 0.00000 0.00000 0.00000 0.00000 0.00000 0.00000 0.00000 0.00000 0.00000 0.00000 0.00000 0.00000 0.00000 0.00000 0.00000 0.00000 0.00000 0.00000 0.00000 0.00000 0.00000 0.00000 0.00000 0.00000 0.00000 0.00000 3.71556
1.67761 1.58462 1.51357 1.71125 1.63798 1.58906 1.60061 1.65398 1.70720 1.76057 1.81373 1.86695 1.92039 1.97361 2.02683 1.98232 1.95820 1.93414 1.89365 1.64056 1.64056 1.64056 1.64056 1.64056 1.64056 1.64056 1.64056 1.64056 1.64056 1.64056 1.64056 1.64056 1.64056 1.64056 0.00000 0.00000 0.00000 0.00000 0.00000 0.00000 0.00000 0.00000 0.00000 0.00000 0.00000 0.00000 0.00000 0.00000 0.00000 0.00000 0.00000 0.00000 0.00000 0.00000 0.00000 0.00000 0.00000 0.00000 0.00000 0.00000 0.00000 0.00000 0.00000 0.00000 0.00000 3.71556
1.57661 1.57286 1.63118 2.11134 2.18414 2.18959 2.18959 2.18959 2.18959 2.18959 2.18959 2.18959 2.18959 2.18959 2.03795 1.92412 1.92412 1.92412 1.92247 1.67088 1.64056 1.64056 1.64056 1.64056 1.64056 1.64056 1.64056 1.64056 1.64056 1.64056 1.64056 1.64056 1.64056 1.64056 0.00000 0.00000 0.00000 0.00000 0.00000 0.00000 0.00000 0.00000 0.00000 0.00000 0.00000 0.00000 0.00000 0.00000 0.00000 0.00000 0.00000 0.00000 0.00000 0.00000 0.00000 0.00000 3.41419 3.41419 3.41419 3.41419 3.41419 3.41419 3.41419 3.41419 3.41419 3.45732
1.73042 1.73042 1.73042 2.05684 2.18959 2.18959 2.18959 2.18959 2.18959 2.18959 2.18959 2.18959 2.18959 2.18959 2.09760 1.92412 1.92412 1.92412 1.92412 1.76593 1.64056 1.64056 1.64056 1.64056 1.64056 1.64056 1.64056 1.64056 1.64056 1.64056 1.64056 1.64056 1.64056 1.64056 0.00000 0.00000 0.00000 0.00000 0.00000 0.00000 0.00000 0.00000 0.00000 0.00000 0.00000 2.18534 2.18534 2.18534 2.18534 2.18534 2.18534 2.18534 2.92391 3.41419 3.41419 3.41419 3.41419 3.41419 3.41419 3.41419 3.41419 3.41419 3.41419 3.41419 3.41419 3.41419
1.73042 1.73042 1.73042 1.94581 2.18959 2.18959 2.18959 2.18959 2.18959 2.18959 2.18959 2.18959 2.18959 2.18959 2.15736 1.92412 1.92412 1.92412 1.92412 1.83524 1.64056 1.64056 1.64056 1.64056 1.64056 1.64056 1.64056 1.64056 1.64056 1.64056 1.64056 1.64056 1.64056 1.64056 1.64055 2.18534 2.18534 2.18534 2.18534 2.18534 2.18534 2.18534 2.18534 2.18534 2.18534 2.18534 2.18534 2.18534 2.18534 2.18534 2.18534 2.18534 2.66654 3.41419 3.41419 3.41419 3.41419 3.41419 3.41419 3.41419 3.41419 3.41419 3.41419 3.41419 3.41419 3.41419
