High_resolution/powerplant/Fengdu/OMI_NO2_201104.asc
ncols      200
nrows      200
xllcorner       105.978
yllcorner       28.1831
cellsize     0.0166667
NODATA_Value      -999.000
[rows 58 to 86 of 200, columns 0 to 65 of 200]
2.77769 2.65503 2.48661 2.26686 2.21674 2.21674 2.21674 2.21674 2.21674 2.21674 2.21674 2.21674 2.21674 2.21674 3.17203 3.98107 3.98107 3.98107 3.98107 3.98107 3.98107 3.98107 3.98107 3.98107 3.98107 4.02175 4.21546 4.42390 4.63243 4.83626 4.90132 4.90132 4.90132 4.90132 16.3537 23.2075 19.9390 14.9195 14.9195 14.9195 14.9195 14.9195 14.9195 14.9195 14.9195 14.9195 14.9195 14.9195 14.9195 14.9195 14.9195 14.9195 14.9195 12.7869 10.6703 10.7204 11.1397 10.9526 10.8004 10.7431 10.5047 9.98592 9.46707 8.94787 8.44639 8.30523
2.21674 2.21674 2.21674 2.21674 2.21674 2.21674 2.21674 2.21674 2.21674 2.21674 2.21674 2.21674 2.21674 2.21674 2.63171 3.98107 3.98107 3.98107 3.98107 3.98107 3.98126 4.09334 4.30197 4.51040 4.71875 4.88669 4.90132 4.90132 4.90132 4.90132 4.90132 4.90132 4.90132 4.90132 10.8295 23.2075 22.9915 15.2406 14.9195 14.9195 14.9195 14.9195 14.9195 14.9195 14.9195 14.9195 14.9195 14.9195 14.9195 14.9195 14.9195 14.9195 14.9195 14.0560 10.6703 10.3404 10.0538 9.62438 9.10535 8.58633 8.30572 8.30523 8.30537 8.31091 8.32033 8.33139
2.21674 2.21674 2.21674 2.21674 2.21674 2.21674 2.21674 2.21674 2.21674 2.21674 2.21674 2.21674 2.21674 2.21674 2.23615 3.83622 4.00252 4.17994 4.38828 4.59681 4.80516 4.90132 4.90132 4.90132 4.90132 4.90132 4.90132 4.90132 4.90132 4.90132 4.90132 4.90132 4.90132 4.90132 5.81114 22.7077 23.2075 16.7579 14.9195 14.9195 14.9195 14.9195 14.9195 14.9195 14.9195 14.9195 14.9195 14.9195 14.9195 14.9195 14.8746 13.8031 12.3084 10.7934 7.78704 7.09956 8.03928 8.30523 8.30838 8.31731 8.32784 8.34032 8.35511 8.36080 8.36080 8.36080
2.21674 2.21674 2.21674 2.21674 2.21674 2.21674 2.21674 2.21674 2.21674 2.21674 2.21674 2.21674 2.22753 2.26326 2.29998 3.79566 4.87022 4.90132 4.90132 4.90132 4.90132 4.90132 4.90132 4.90132 4.90132 4.90132 4.90132 4.90132 4.90132 4.90132 4.90132 4.90132 4.90132 4.90132 4.90132 18.0922 23.2075 19.0452 14.9195 14.9195 14.9195 14.9195 14.9195 14.9195 14.9195 14.9195 14.4453 12.9799 11.4852 9.99059 8.54016 8.11633 8.11633 8.13543 7.54688 7.11945 7.96664 8.35050 8.36068 8.36080 8.36080 8.36080 8.36080 8.36080 8.36080 8.36080
2.21674 2.21674 2.21674 2.21674 2.21674 2.21674 2.21674 2.21677 2.23656 2.27327 2.31000 2.34670 2.37265 2.37364 2.37364 3.17871 4.90132 4.90132 4.90132 4.90132 4.90132 4.90132 4.90132 4.90132 4.90132 4.90132 4.90132 4.90132 4.90132 4.90132 4.90132 4.90132 4.90132 4.90132 4.90132 12.5713 23.2075 22.3240 15.0150 14.9195 14.9195 14.8290 13.6514 12.1573 10.6621 9.16673 8.14626 8.11633 8.11648 8.21010 8.41831 8.69007 9.05911 9.51611 8.92292 7.39537 7.86722 8.36080 8.36080 8.36080 8.36080 8.36080 8.36080 8.36080 8.36080 8.36080
2.21674 2.21674 2.21674 2.21854 2.24660 2.28331 2.32000 2.35671 2.37364 2.37364 2.37364 2.37364 2.37364 2.37364 2.37364 2.48840 4.82221 4.90132 4.90132 4.90132 4.90132 4.90132 4.90132 4.90132 4.90132 4.90132 4.90132 4.90132 4.90132 4.90132 4.90132 4.90132 4.90132 4.90132 4.90132 7.08159 23.1745 21.9993 13.7874 11.3335 9.83820 8.43404 8.11633 8.11633 8.14640 8.32035 8.56099 8.88144 9.32951 9.60121 9.60121 9.60121 9.60121 9.60121 9.50879 7.46816 7.46534 8.33813 8.36080 8.36080 8.36080 8.36080 8.36080 8.36080 8.36080 8.25466
2.25662 2.29332 2.33007 2.36498 2.37364 2.37364 2.37364 2.37364 2.37364 2.37364 2.37364 2.37364 2.37364 2.37364 2.37364 2.37364 4.16689 4.90132 4.90132 4.90132 4.90132 4.90132 4.90132 4.90132 4.90132 4.90132 4.90132 4.90132 4.90132 4.90132 4.90132 4.90132 4.89785 4.85082 4.79065 4.73051 10.2715 9.61618 8.70777 8.11841 8.23240 8.44704 8.72814 9.11245 9.55042 9.60121 9.60121 9.60121 9.60121 9.60121 9.60121 9.60121 9.60121 9.60121 9.60121 8.03396 7.39537 8.16187 8.36080 8.36080 8.36080 8.33100 7.92469 7.40513 6.88537 6.47175
2.37364 2.37364 2.37364 2.37364 2.37364 2.37364 2.37364 2.37364 2.37364 2.37364 2.37364 2.37364 2.37364 2.37364 2.37364 2.37364 3.39735 4.90132 4.90132 4.90132 4.90132 4.90132 4.90132 4.90132 4.90132 4.90132 4.90132 4.90132 4.88443 4.82614 4.76599 4.70584 4.64915 4.63604 4.63604 4.63604 7.19038 9.60121 9.45603 9.38863 9.60121 9.60121 9.60121 9.60121 9.60121 9.60121 9.60121 9.60121 9.60121 9.60121 9.60121 9.60121 9.60121 9.60121 9.60121 8.69240 7.39537 7.86840 8.08064 7.56107 7.04131 6.55136 6.43791 6.22847 5.81734 5.40620
2.37364 2.37364 2.37364 2.37364 2.37364 2.37364 2.37364 2.37364 2.37364 2.37364 2.37364 2.37364 2.37364 2.37364 2.37364 2.37364 2.63905 4.89046 4.90132 4.90132 4.90132 4.90132 4.90132 4.90056 4.86164 4.80150 4.74133 4.68117 4.63793 4.63604 4.63604 4.63604 4.63604 4.63604 4.63604 4.63604 5.69462 9.60121 9.60121 9.60121 9.60121 9.60121 9.60121 9.60121 9.60121 9.60121 9.60121 9.60121 9.60121 9.60121 9.60121 9.60121 9.60121 9.60121 9.60121 9.34599 7.40000 7.32998 6.35256 5.93936 5.52784 5.11689 4.70575 4.50405 4.50405 4.50405
2.37364 2.37364 2.37364 2.37364 2.37364 2.37364 2.37364 2.37364 2.37364 2.37364 2.37364 2.37364 2.37364 2.37364 2.37364 2.37364 2.37364 4.38644 4.90132 4.89156 4.83699 4.77683 4.71666 4.65727 4.63604 4.63604 4.63604 4.63604 4.63604 4.63604 4.63604 4.63604 4.63604 4.63604 4.63604 4.63604 4.66782 9.13151 9.60121 9.60121 9.60121 9.60121 9.60121 9.60121 9.60121 9.60121 9.60121 9.60121 9.60121 9.60121 9.60121 9.60121 9.60121 9.59554 9.51487 9.41085 5.86314 4.17434 4.32576 4.50405 4.50405 4.50405 4.50405 4.50405 4.50405 4.50405
2.37364 2.37364 2.37364 2.37364 2.37364 2.37364 2.37364 2.37364 2.37364 2.37364 2.37364 2.37364 2.37364 2.37364 2.37364 2.28664 2.07532 3.27856 4.69202 4.64162 4.63604 4.63604 4.63604 4.63604 4.63604 4.63604 4.63604 4.63604 4.63604 4.63604 4.63604 4.63604 4.63604 4.63604 4.63604 4.63604 4.63604 7.66778 9.60121 9.60121 9.60121 9.60121 9.60121 9.60121 9.60121 9.60121 9.60121 9.60121 9.60121 9.56135 9.08128 8.30853 8.55164 9.15174 9.12838 9.12838 6.22606 3.52766 4.01263 4.50405 4.50405 4.50405 4.50405 4.50405 4.50405 4.50405
2.37364 2.37364 2.37364 2.37364 2.37364 2.37364 2.37364 2.37364 2.37364 2.37364 2.37010 2.22843 2.01620 1.80388 1.59166 1.46643 1.46552 2.05904 4.63604 4.63604 4.63604 4.63604 4.63604 4.63604 4.63604 4.63604 4.63604 4.63604 4.63604 4.63604 4.63604 4.63604 4.63604 4.63604 4.63604 4.63604 4.63604 6.17242 9.60121 9.60121 9.60121 9.60121 9.60121 9.60121 9.56361 8.87976 8.16891 7.63437 7.21758 6.90486 6.77053 6.76994 7.31867 9.12838 9.12838 9.12838 7.89037 3.52766 3.60421 4.48285 4.50405 4.50405 4.50405 4.50405 4.50405 4.50405
2.37364 2.37364 2.37364 2.37364 2.37364 2.37364 2.35094 2.16940 1.95727 1.74486 1.53617 1.46552 1.46552 1.46552 1.46552 1.46552 1.46552 1.47186 4.25812 4.63604 4.63604 4.63604 4.63604 4.63604 4.63604 4.63604 4.63604 4.63604 4.63604 4.63604 4.63604 4.63604 4.63604 4.63604 4.63604 4.63604 4.63604 4.84359 9.43438 9.45201 8.69714 8.04130 7.54221 7.14951 6.84395 6.76994 6.76994 6.76994 6.76994 6.76994 6.76994 6.76994 6.89263 9.11099 9.12838 9.12838 9.07853 4.00213 3.52766 4.30816 4.50405 4.50405 4.50405 4.50405 4.50405 4.50405
2.37364 2.37364 2.31552 2.11038 1.89815 1.68583 1.49621 1.46552 1.46552 1.46552 1.46552 1.46552 1.46552 1.46552 1.46552 1.46552 1.46552 1.46552 3.29893 4.63604 4.63604 4.63604 4.63604 4.63604 4.63604 4.63604 4.63604 4.63604 4.63604 4.63604 4.63604 4.63604 4.63604 4.63604 4.53553 4.33641 4.57958 5.26291 6.64340 6.81944 6.76996 6.76994 6.76994 6.76994 6.76994 6.76994 6.76994 6.76994 6.76994 6.76994 6.76994 6.76994 6.76994 8.38461 9.12838 9.12838 9.12838 5.61694 3.52766 4.01768 4.50405 4.50405 4.50405 4.50405 4.49408 4.43943
1.83903 1.62680 1.47269 1.46552 1.46552 1.46552 1.46552 1.46552 1.46552 1.46552 1.46552 1.46552 1.46552 1.46552 1.46552 1.46552 1.46552 1.46552 2.33352 4.63604 4.63604 4.63604 4.63604 4.63604 4.63604 4.63604 4.63604 4.63604 4.63604 4.49374 4.25733 4.23007 4.43604 4.60274 4.79516 5.06517 5.12130 5.80146 6.41842 7.55751 8.07468 6.86159 6.76994 6.76994 6.76994 6.76994 6.76994 6.76994 6.76994 6.76994 6.76994 6.76994 6.76994 7.62114 9.12838 9.12838 9.12838 7.28108 3.52766 3.60727 4.48146 4.45770 4.39770 4.33771 4.28769 4.28255
1.46552 1.46552 1.46552 1.46552 1.46552 1.46552 1.46552 1.46552 1.46552 1.46552 1.46552 1.46552 1.46552 1.46552 1.46552 1.46552 1.46552 1.46552 1.54224 4.46198 4.63604 4.63604 4.63604 4.63314 4.44902 4.22473 4.07201 4.20035 4.38858 4.61531 4.91706 5.11023 5.11356 5.11933 5.64773 6.38677 6.99632 7.85141 8.40644 8.96481 8.96706 7.57940 6.76994 6.76994 6.76994 6.76994 6.76994 6.76994 6.76994 6.76994 6.76994 6.76994 6.76994 7.10409 9.12838 9.12838 9.12838 8.81866 3.65367 3.52766 4.14427 4.29737 4.34479 4.39333 4.44449 4.49265
1.46552 1.46552 1.46552 1.46552 1.46552 1.46552 1.46552 1.46552 1.46552 1.46552 1.46552 1.46552 1.46552 1.46552 1.46552 1.46552 1.46552 1.46552 1.46217 3.22528 3.70980 4.03454 3.99131 4.18261 4.43872 4.74068 5.03211 5.11356 5.11356 5.24025 5.97119 6.65255 7.21842 7.69373 7.86281 7.86281 7.86281 8.04369 8.35839 8.84652 8.96706 8.25271 6.76994 6.76994 6.76994 6.76994 6.76994 6.76994 6.76994 6.76994 6.76994 6.76994 6.76994 6.79400 8.88502 9.12838 9.11102 8.95289 5.02741 3.91820 4.26413 4.50973 4.51066 4.51071 4.51074 4.51074
1.46552 1.46552 1.46552 1.46552 1.46552 1.46552 1.46552 1.46552 1.46552 1.46552 1.46552 1.46552 1.46552 1.46217 1.38709 1.30788 1.24915 1.20399 1.24112 2.02388 3.52892 4.72738 5.09823 5.11356 5.11356 5.50519 6.26892 6.89857 7.42554 7.81548 7.86281 7.86281 7.86281 7.86281 7.86281 7.86281 7.86281 7.90599 8.35497 8.66292 8.96706 8.78301 6.77521 6.76994 6.76994 6.76994 6.76994 6.76994 6.76994 6.76994 6.76994 6.76994 6.72473 6.62234 7.26426 7.25794 6.84477 6.59266 5.46397 4.24760 4.26531 4.50408 4.51074 4.51074 4.51074 4.51074
1.46552 1.46552 1.46552 1.46552 1.46552 1.46552 1.46552 1.46552 1.46217 1.38709 1.30788 1.24915 1.20386 1.17601 1.26668 1.39570 1.52472 1.65369 1.71259 1.88077 4.04203 4.67862 6.08624 7.12742 7.61895 7.86208 7.86281 7.86281 7.86281 7.86281 7.86281 7.86281 7.86281 7.86281 7.86281 7.86281 7.86281 7.86281 8.25645 8.47925 8.96706 8.96706 7.31695 6.76994 6.76994 6.76994 6.76994 6.75640 6.65866 6.54372 6.42881 6.31392 6.24423 6.23178 6.29536 6.39028 6.39028 6.39028 6.08548 4.24760 4.24760 4.44753 4.51074 4.51074 4.51074 4.51074
1.46552 1.46552 1.46552 1.46552 1.41805 1.30788 1.24915 1.20386 1.16877 1.18389 1.30351 1.43259 1.56161 1.68361 1.71259 1.71259 1.71259 1.71259 1.71259 1.71259 3.49018 4.38161 6.36784 7.86281 7.86281 7.86281 7.86281 7.86281 7.86281 7.86281 7.86281 7.86281 7.86281 7.86281 7.86281 7.86281 7.86281 7.86281 8.11538 8.36068 8.90193 8.96706 8.04573 6.69480 6.57990 6.46500 6.35012 6.24879 6.23164 6.23164 6.23164 6.23164 6.23164 6.23164 6.25077 6.39018 6.39028 6.39028 6.39028 4.57861 4.24760 4.36431 4.51074 4.51074 4.51074 4.51074
1.46552 1.46552 1.46552 1.46552 1.34760 1.21181 1.34023 1.46925 1.59828 1.70302 1.71259 1.71259 1.71259 1.71259 1.71259 1.71259 1.71259 1.71259 1.71259 1.71259 2.77036 4.11878 5.35910 7.83351 7.86281 7.86281 7.86281 7.86281 7.86281 7.86281 7.86281 7.86281 7.86281 7.86281 7.86281 7.86281 7.86281 7.88784 8.11715 8.70366 8.90952 8.71130 8.26642 6.23164 6.23164 6.23164 6.23164 6.23164 6.23164 6.23164 6.23164 6.23164 6.23164 6.23164 6.23164 6.36498 6.39028 6.39028 6.39028 5.21410 4.24760 4.26666 4.50473 4.51074 4.51074 4.51074
1.47051 1.64249 1.90054 2.15869 2.39334 1.74126 1.71259 1.71259 1.71259 1.71259 1.71259 1.71259 1.71259 1.71259 1.71259 1.71259 1.71259 1.71259 1.71259 1.71259 2.05018 4.07751 4.82351 7.36055 7.86281 7.86281 7.86281 7.86281 7.86281 7.86281 7.86281 7.86281 7.89981 7.98457 8.23832 8.67700 9.11576 9.52984 9.82961 9.84877 9.47954 8.47714 8.05689 6.29454 6.23164 6.23164 6.23164 6.23164 6.23164 6.23164 6.23164 6.23164 6.23164 6.23164 6.23164 6.32048 6.39028 6.39028 6.39028 5.84959 4.24760 4.24760 4.44900 4.52745 4.62649 4.73654
2.50899 2.57159 2.57159 2.57159 2.57159 1.88890 1.71259 1.71259 1.71259 1.71259 1.71259 1.71259 1.71259 1.71259 1.71259 1.71259 1.71259 1.71259 1.71259 1.71259 1.71259 3.69502 4.52753 6.61193 7.86281 7.86281 7.86320 7.91337 7.99844 8.10985 8.48226 8.92129 9.32314 9.67721 9.86283 9.86283 9.85383 9.65005 9.32693 8.93010 8.39164 6.31176 6.23164 6.23164 6.23164 6.23164 6.23164 6.23164 6.23164 6.23164 6.23164 6.23164 6.23164 6.23164 6.23164 6.27608 6.39028 6.39028 6.39028 6.35138 4.38173 4.24760 4.50422 4.90713 4.86563 4.71037
2.57159 2.57159 2.57159 2.57159 2.57159 2.10779 1.71259 1.71259 1.71259 1.71259 1.71259 1.71259 1.71259 1.71259 1.71259 1.71259 1.71259 1.71259 1.71259 1.71259 1.71259 2.97494 4.23450 5.86008 8.09676 8.29493 8.72625 9.11476 9.46897 9.79633 9.86283 9.86283 9.80136 9.52189 9.17519 8.75946 8.27138 8.11359 8.11359 8.10520 8.08996 6.78877 6.23164 6.23164 6.23164 6.23164 6.23164 6.23164 6.23164 6.23164 6.23164 6.23164 6.23164 6.23164 6.23164 6.23708 6.38468 6.39028 6.39028 6.33308 4.65816 3.76738 3.53436 4.15262 4.00652 3.94239
2.57159 2.57159 2.57159 2.57159 2.57159 2.43380 1.71569 1.71259 1.71259 1.71259 1.71259 1.71259 1.71259 1.71259 1.71259 1.71259 1.71252 1.71079 1.70834 1.70588 1.70724 2.44592 4.97305 6.97047 9.39494 9.85565 9.86283 9.86166 9.69887 9.38471 9.01141 8.56098 8.14437 8.11359 8.11359 8.11359 8.11359 8.11359 8.11359 8.11179 8.09008 7.34366 6.23164 6.23164 6.23164 6.23164 6.23164 6.23164 6.23164 6.23164 6.23164 6.23164 6.23164 6.23164 6.23119 5.96478 5.55631 5.01466 4.42795 3.89921 3.37675 2.65072 2.62913 3.56660 3.83919 3.83919
0.00000 2.57159 2.57159 2.57159 2.57159 2.57159 1.81320 1.71259 1.71259 1.71259 1.71259 1.71251 1.71078 1.70832 1.70586 1.70339 1.72633 1.93172 2.17309 2.41467 2.65231 2.77043 6.09808 7.33966 8.78722 9.23720 8.83449 8.34677 8.11359 8.11359 8.11359 8.11359 8.11359 8.11359 8.11359 8.11359 8.11359 8.11359 8.11359 8.11359 8.09480 7.89220 6.23823 6.23164 6.23164 6.23164 6.23164 6.23164 6.23164 6.23164 6.14267 5.67342 5.15586 4.63787 4.12096 3.86963 3.75637 3.63140 3.63140 3.63140 3.55303 2.64016 2.62913 3.19199 3.83919 3.83919
0.00000 2.57159 2.57159 2.57159 2.57159 2.57159 1.99837 1.71075 1.70829 1.70583 1.70337 1.70098 1.76633 1.99953 2.24100 2.48247 2.69862 2.73397 2.73397 2.77169 2.88352 2.97772 4.71301 5.91982 6.93810 8.11359 8.11359 8.11359 8.11359 8.11359 8.11359 8.11359 8.11359 8.11359 8.11359 8.11359 8.11359 8.11359 8.11359 8.11359 8.10152 8.08996 6.59504 6.23164 6.23164 6.22302 5.88335 5.36560 4.84779 4.33044 3.90145 3.85311 3.85311 3.85311 3.85311 3.85311 3.81820 3.63140 3.63140 3.63140 3.63140 2.85800 2.62913 2.73897 3.81918 3.83919
0.00000 2.57159 2.57159 2.57159 2.57159 2.57159 2.26810 1.70028 1.82598 2.06745 2.30881 2.55039 2.72570 2.73397 2.73403 2.80266 2.91161 3.00102 3.07555 3.12172 3.12352 3.12352 3.90657 5.61301 6.67725 7.93882 8.11359 8.11359 8.11359 8.11359 8.11359 8.11359 8.11359 8.11359 8.11359 8.11359 8.11359 8.11359 8.11359 8.11359 8.17005 8.11365 6.93822 5.05796 4.54039 4.03125 3.85311 3.85311 3.85311 3.85311 3.85311 3.85311 3.85311 3.85311 3.85311 3.85311 3.85300 3.65888 3.63140 3.63140 3.63140 3.15435 2.62913 2.62913 3.57932 3.83919
0.00000 0.00000 2.57159 2.59350 2.95840 3.44154 3.90144 2.69868 2.73397 2.73397 2.74065 2.83536 2.93831 3.02311 3.09417 3.12352 3.12352 3.12352 3.12352 3.12352 3.12352 3.12352 3.23748 5.49866 6.38323 7.43991 8.11359 8.11359 8.11359 8.11359 8.11359 8.11359 8.11359 8.11359 8.11359 8.23693 8.50781 8.91920 9.43049 9.94199 10.3435 9.11400 7.96273 3.85311 3.85311 3.85311 3.85311 3.85311 3.85311 3.85311 3.85311 3.85311 3.85311 3.85311 3.85311 3.85311 3.85311 3.72107 3.63140 3.63140 3.63140 3.45071 2.62913 2.62913 3.20848 3.83919
