High_resolution/powerplant/Fengdu/OMI_NO2_200909.asc
ncols      200
nrows      200
xllcorner       105.978
yllcorner       28.1831
cellsize     0.0166667
NODATA_Value      -999.000
[rows 58 to 86 of 200, columns 0 to 65 of 200]
3.41271 3.17437 3.14920 3.16070 3.17219 3.18369 3.18965 3.18965 3.18965 3.18965 3.18965 3.18965 3.18965 3.18965 2.90130 2.67244 3.90774 4.88324 4.88324 4.88324 4.88324 4.88324 4.88324 4.88324 4.88324 4.88324 4.88324 4.88324 4.88324 4.88324 4.88324 4.88324 4.88324 3.77474 3.36177 3.26943 3.04242 2.81394 2.58535 2.35736 2.16624 2.14519 2.14519 2.14519 2.14519 2.14519 2.14519 2.14519 2.14519 2.15533 2.18156 2.18156 2.18156 2.18156 3.46221 3.55015 3.14768 2.89680 2.64569 2.50575 2.50528 2.50528 2.50528 2.50528 2.50528 2.40834
3.17539 3.18650 3.18965 3.18965 3.18965 3.18965 3.18965 3.18965 3.18965 3.18965 3.18965 3.18965 3.18965 3.18965 3.05628 2.67244 3.27008 4.88324 4.88324 4.88324 4.88324 4.88324 4.88324 4.88324 4.88324 4.88324 4.88324 4.88324 4.88324 4.87798 4.46108 3.78275 3.10512 2.45112 2.28206 2.14629 2.14519 2.14519 2.14519 2.14519 2.14519 2.14519 2.14519 2.14519 2.14519 2.14519 2.14519 2.14519 2.14519 2.16796 2.88824 3.63510 4.17552 4.58498 4.52662 2.55488 2.50528 2.50528 2.50528 2.50528 2.50528 2.50528 2.50528 2.50528 2.50528 2.50396
3.18965 3.18965 3.18965 3.18965 3.18965 3.18965 3.18965 3.18965 3.18965 3.18965 3.18965 3.18965 3.18965 3.18965 3.16013 2.67646 2.73346 4.78264 4.88324 4.88324 4.88324 4.88324 4.88324 4.88324 4.85306 4.34212 3.66414 2.98581 2.30783 1.63511 1.37402 1.37402 1.37402 1.49593 2.14519 2.14519 2.14519 2.14519 2.14519 2.14519 2.14519 2.14519 2.14519 2.14519 2.14519 2.46246 3.31170 3.93450 4.39750 4.74971 4.86313 4.86833 4.86833 4.86833 4.86833 2.94207 2.50890 2.50528 2.50528 2.50528 2.50528 2.50528 2.50528 2.50528 2.50528 2.49965
3.20332 3.18965 3.18965 3.18965 3.18965 3.18965 3.18965 3.18965 3.18965 3.18965 3.18965 3.18965 3.18965 3.18965 3.18965 2.84614 2.67244 4.20585 4.88324 4.80709 4.22351 3.54483 2.86720 2.18921 1.54106 1.37402 1.37402 1.37402 1.37402 1.37402 1.37402 1.37402 1.37402 1.37433 2.04679 2.14519 2.14519 2.14519 2.14519 2.14519 2.20405 2.96615 3.68535 4.21008 4.60917 4.84119 4.85015 4.85015 4.85015 4.85015 4.85799 4.86833 4.86833 4.86833 4.86833 3.63124 2.52810 2.50528 2.50528 2.50460 2.49008 2.47013 2.45010 2.43907 2.44885 2.46509
3.28722 3.18965 3.18965 3.18965 3.18965 3.18965 3.18965 3.18965 3.18965 3.18965 3.18965 3.18965 3.18965 3.18965 3.19212 3.04446 2.74254 2.80424 2.06990 1.46807 1.37402 1.37402 1.37402 1.37402 1.37402 1.37402 1.37402 1.37402 1.37402 1.37402 1.37402 1.37402 1.37402 1.37402 1.82714 2.14519 2.33822 3.40066 3.99923 4.44685 4.77908 4.85015 4.85015 4.85015 4.85015 4.85015 4.85015 4.85015 4.85015 4.85015 4.85286 4.86833 4.86833 4.86833 4.85954 4.27582 2.49503 2.43999 2.41997 2.40386 2.42455 2.45514 2.48573 2.50731 2.50814 2.50814
3.41508 3.18965 3.18965 3.18965 3.18965 3.18965 3.18965 3.18965 3.18965 3.19212 3.20748 3.22470 3.24193 3.23177 3.16862 3.05919 2.84468 2.67001 1.37594 1.37402 1.37402 1.37402 1.37402 1.37402 1.37402 1.37402 1.37402 1.37402 1.37402 1.37402 1.37402 1.37402 1.37402 1.37402 1.60753 2.14519 2.47680 4.82654 4.85015 4.85015 4.85015 4.85015 4.85015 4.85015 4.85015 4.85015 4.85015 4.85015 4.85069 4.87049 4.89992 4.81215 4.75507 4.72518 4.70394 4.66968 2.57786 2.44211 2.47637 2.50371 2.50814 2.50814 2.50814 2.50814 2.50814 2.50814
3.60764 3.19043 3.18965 3.18965 3.19202 3.20731 3.22453 3.24175 3.25847 3.22521 3.14818 3.06908 2.99009 2.93845 2.93733 2.93724 2.86454 2.84468 1.62487 1.37402 1.37402 1.37402 1.37402 1.37402 1.37402 1.37402 1.37402 1.37402 1.37402 1.37402 1.37402 1.37402 1.37402 1.37402 1.40857 2.12391 2.14519 4.46019 4.85015 4.85015 4.85015 4.85015 4.85015 4.85406 4.88003 4.90942 4.93882 4.96819 4.99704 5.00661 5.00661 4.82942 4.70311 4.70311 4.70311 4.70311 3.22950 2.48246 2.50814 2.50814 2.50814 2.50807 2.47160 2.40403 2.33640 2.26874
3.70686 3.27251 3.24175 3.25898 3.26760 3.20483 3.12584 3.04675 2.96830 2.93733 2.93733 2.93733 2.93733 2.93733 2.93733 2.93733 2.89977 2.84468 2.04805 1.37402 1.37402 1.37402 1.37402 1.37402 1.37402 1.37402 1.37402 1.37402 1.37402 1.37402 1.37402 1.37402 1.37402 1.37402 1.37402 1.93888 2.14519 3.81898 4.86055 4.88954 4.91896 4.94833 4.97773 5.00319 5.00661 5.00661 5.00661 5.00661 5.00661 5.00661 5.00661 4.91493 4.70311 4.70311 4.70311 4.70311 3.91218 2.42843 2.42383 2.35626 2.28863 2.22103 2.18988 2.18988 2.18988 2.18988
3.67031 3.28846 3.10350 3.02444 2.95168 2.93733 2.93733 2.93733 2.93733 2.93733 2.93733 2.93733 2.93733 2.93733 2.93733 2.93733 2.92275 2.84468 2.47161 1.37402 1.37402 1.37402 1.37402 1.37402 1.37402 1.37402 1.37402 1.37402 1.37402 1.37402 1.37402 1.37402 1.37380 1.33830 1.27750 1.69425 2.36065 3.08424 5.00624 5.00661 5.00661 5.00661 5.00661 5.00661 5.00661 5.00661 5.00661 5.00661 5.00661 5.00661 5.00661 4.99244 4.68885 4.33056 3.86979 3.40902 2.88352 1.96470 2.17916 2.18988 2.18988 2.18988 2.18988 2.18988 2.18988 2.18988
3.03810 2.99515 2.93733 2.93733 2.93733 2.93733 2.93733 2.93733 2.93733 2.93733 2.93733 2.93733 2.93733 2.93733 2.93733 2.93733 2.93623 2.85457 2.81380 1.45491 1.37402 1.37402 1.37402 1.37402 1.37402 1.37402 1.37402 1.37204 1.32804 1.26714 1.20630 1.14540 1.08469 1.05929 1.05929 1.28588 2.45813 2.45813 4.79849 5.00661 5.00661 5.00661 5.00661 5.00661 5.00661 5.00661 5.00661 5.00661 4.83731 4.38136 3.92080 3.46004 2.79700 2.60776 2.60776 2.60776 2.60776 2.10734 2.11976 2.18988 2.18988 2.18988 2.18988 2.18988 2.18988 2.18988
3.02998 3.02766 2.94080 2.93733 2.93733 2.93733 2.93733 2.93733 2.93733 2.93733 2.93733 2.93733 2.93733 2.93733 2.93733 2.93733 2.93733 2.89149 2.84468 1.84757 1.37402 1.37402 1.36855 1.31781 1.25685 1.19598 1.13514 1.07620 1.05929 1.05929 1.05929 1.05929 1.05929 1.05929 1.05929 1.06027 2.28537 2.45813 4.26461 5.00661 5.00661 5.00661 5.00661 4.96869 4.58964 4.12887 3.66810 3.20755 2.91587 2.91126 2.91126 2.91126 2.77247 2.60776 2.60776 2.60776 2.60776 2.30522 2.03837 2.18988 2.18988 2.18988 2.19019 2.20436 2.22828 2.25557
3.02998 3.02998 2.95703 2.93733 2.93733 2.93733 2.93733 2.93733 2.93733 2.93733 2.93733 2.93733 2.93733 2.93733 2.93733 2.93733 2.93733 2.93525 3.06590 2.50351 1.18572 1.12479 1.06943 1.05929 1.05929 1.05929 1.05929 1.05929 1.05929 1.05929 1.05929 1.05929 1.05929 1.05929 1.05929 1.05929 1.88673 2.45813 3.47426 4.79708 4.33694 3.87617 3.41561 2.99277 2.91126 2.91126 2.91126 2.91126 2.91126 2.91126 2.91126 2.91126 2.85806 2.60776 2.60776 2.60776 2.60776 2.51615 1.96303 2.23066 2.27032 2.30445 2.28059 2.06124 1.82008 1.57928
3.02998 3.02998 2.98111 2.93733 2.93733 2.93733 2.93733 2.93733 2.93733 2.93733 2.93733 2.93733 2.95217 3.04794 3.15586 3.26377 3.36473 3.45897 3.90741 3.61936 1.06731 1.05929 1.05929 1.05929 1.05929 1.05929 1.05929 1.05929 1.05929 1.05929 1.05929 1.05929 1.05929 1.05929 1.14406 1.92271 2.91058 3.95408 4.21167 3.00996 2.91126 2.91126 2.91126 2.91126 2.91126 2.91126 2.91126 2.91126 2.91126 2.91126 2.90866 2.90127 2.88518 2.73780 2.81793 2.91979 3.03917 3.14358 2.34790 2.15574 1.89193 1.65086 1.47513 1.46674 1.46674 1.46674
3.02998 3.02998 3.01662 2.93782 2.93733 2.93733 2.93733 2.95217 3.04794 3.15586 3.26377 3.37113 3.45399 3.45242 3.43872 3.42501 3.41826 3.41826 3.72012 3.92383 1.58293 1.05929 1.05929 1.05929 1.05929 1.05929 1.05929 1.05929 1.05929 1.05929 1.41698 2.24496 2.83908 3.28041 3.59805 3.65495 3.68796 4.33632 4.22024 3.28546 2.85784 2.85287 2.84814 2.84359 2.83925 2.83504 2.83000 2.81711 2.80307 2.78953 2.77743 2.76723 2.76310 2.88324 2.99725 2.99725 2.99725 2.99725 2.62235 2.00460 1.46674 1.46674 1.46674 1.46674 1.46782 1.59141
3.02998 3.02998 3.02998 3.04440 3.15586 3.26377 3.37169 3.46258 3.46232 3.44861 3.43490 3.42175 3.41826 3.41826 3.41826 3.41826 3.41826 3.41826 3.56219 3.92383 2.40463 1.05929 1.05929 1.05929 1.05929 1.09179 1.79951 2.52122 3.04253 3.43536 3.64962 3.65495 3.65495 3.65495 3.65495 3.65495 3.65495 4.17023 4.12790 3.44779 2.81754 2.81451 2.80457 2.79437 2.78416 2.77396 2.76472 2.76310 2.76310 2.76310 2.76310 2.76310 2.76310 2.82128 2.99725 2.99725 2.99725 2.99725 2.82026 2.25623 1.55361 1.73967 1.94733 2.15489 2.36137 2.44534
3.02998 3.02998 3.02998 3.31569 3.45850 3.44480 3.43109 3.41956 3.41826 3.41826 3.41826 3.41826 3.41826 3.41826 3.41826 3.41826 3.41826 3.41826 3.45599 3.92352 3.22402 1.30414 2.13835 2.76323 3.22237 3.56637 3.65495 3.65495 3.65495 3.65495 3.65495 3.65495 3.65495 3.65495 3.65495 3.65522 3.75917 4.13122 4.24993 3.68325 2.78888 2.76336 2.76310 2.76310 2.76310 2.76310 2.76310 2.76310 2.76310 2.76310 2.76310 2.76310 2.76310 2.77346 2.99222 2.98956 2.91333 2.82105 2.71744 3.14848 2.77459 2.44534 2.44534 2.44534 2.44534 2.44534
2.98555 2.95813 2.93073 3.10312 3.49078 3.55075 3.60261 3.64784 3.46334 3.41826 3.41826 3.41826 3.41826 3.41826 3.41826 3.41826 3.41826 3.41826 3.41826 3.77995 4.65094 3.72503 3.65495 3.65495 3.65495 3.65495 3.65495 3.65495 3.65495 3.65495 3.65907 3.77949 3.96851 4.14767 4.29507 4.41819 4.46118 4.42894 4.27416 3.78502 3.01169 2.76310 2.76310 2.76310 2.76310 2.76310 2.76310 2.76310 2.76310 2.76310 2.76310 2.73470 2.67320 2.61166 2.63822 2.59317 2.57703 2.57703 2.57703 3.06957 3.19326 2.44534 2.44534 2.44534 2.44534 2.44534
3.37477 3.47139 3.54995 3.60737 3.70983 3.71682 3.71682 3.71682 3.56061 3.41826 3.41826 3.41826 3.41826 3.41826 3.41826 3.41826 3.41826 3.41826 3.41826 3.60045 4.45414 4.12588 3.65495 3.65495 3.65495 3.66776 3.80852 3.98392 4.16596 4.31974 4.44395 4.46765 4.45967 4.45965 4.45965 4.45965 4.45965 4.45952 4.29626 3.91510 3.30186 2.76310 2.76310 2.76310 2.76310 2.76310 2.75503 2.70077 2.63922 2.57767 2.51615 2.48301 2.48296 2.48296 2.51954 2.57703 2.57703 2.57703 2.57703 2.85217 3.57150 2.48469 2.44534 2.44534 2.44534 2.44531
3.61332 3.61332 3.61332 3.61332 3.68651 3.71682 3.71682 3.71682 3.63791 3.41826 3.41826 3.41826 3.41826 3.41826 3.41826 3.41826 3.41826 3.41826 3.41826 3.48248 3.96948 4.49120 4.01037 4.18686 4.34720 4.46866 4.47689 4.46254 4.45965 4.45965 4.45965 4.45965 4.45965 4.45965 4.45965 4.45965 4.45965 4.45965 4.34870 4.04249 3.59192 2.76328 2.72831 2.66679 2.60524 2.54369 2.49024 2.48296 2.48296 2.48296 2.48296 2.48296 2.48296 2.48296 2.49694 2.57703 2.57703 2.57703 2.57703 2.64078 3.46903 2.72177 2.42496 2.41731 2.41067 2.40929
3.61332 3.61332 3.61332 3.61332 3.65697 3.71682 3.71682 3.71682 3.69954 3.42099 3.41826 3.41826 3.41826 3.41826 3.41826 3.40171 3.29487 3.17495 3.05544 2.94347 3.11696 4.19664 4.47012 4.46001 4.45965 4.45965 4.45965 4.45965 4.45965 4.45965 4.45965 4.45965 4.45965 4.45965 4.45965 4.45965 4.45965 4.46869 4.47111 4.29597 3.93346 2.75593 2.48296 2.48296 2.48296 2.48296 2.48296 2.48296 2.48296 2.48296 2.48296 2.48296 2.48296 2.48296 2.48332 2.55168 2.55332 2.55594 2.55848 2.56038 2.96224 2.84220 2.41314 2.42205 2.43096 2.43556
3.61332 3.61332 3.61332 3.61332 3.62197 3.71544 3.71682 3.71682 3.71682 3.49727 3.40105 3.29367 3.17328 3.05350 2.93493 2.84202 2.84150 2.85452 2.86741 2.87216 3.25896 3.94360 4.45120 4.45965 4.45965 4.45965 4.45965 4.45965 4.45965 4.45965 4.45965 4.45965 4.45965 4.48984 4.55852 4.62727 4.69611 4.75585 4.75433 4.56717 4.09729 3.25515 2.55930 2.57576 2.59250 2.60896 2.62573 2.64219 2.65893 2.66985 2.63294 2.58468 2.53670 2.48847 2.44056 2.65734 2.79248 2.79251 2.79251 2.79251 3.02450 3.11842 2.45787 2.43556 2.43556 2.43556
3.61798 3.61332 3.61332 3.61332 3.61332 3.68480 3.63296 3.55270 3.47245 3.19281 2.83269 2.83220 2.84522 2.85825 2.87006 2.87216 2.87216 2.87216 2.87216 2.87216 3.06915 3.61771 4.43399 4.45965 4.45965 4.45965 4.45965 4.45965 4.46412 4.51887 4.58768 4.65645 4.72523 4.76385 4.76397 4.76397 4.76397 4.76397 4.76397 4.62560 4.37711 3.95927 2.78505 2.78505 2.76632 2.70340 2.63865 2.57392 2.50924 2.45002 2.43894 2.43894 2.43894 2.43894 2.43894 2.56799 2.79251 2.79251 2.79251 2.79251 2.88475 3.18922 2.61864 2.43923 2.44943 2.45975
3.71027 3.61332 3.61332 3.61332 3.61332 3.44701 3.31990 3.32858 3.33727 3.25301 2.87164 2.87216 2.87216 2.87216 2.87216 2.87216 2.87216 2.87216 2.87216 2.87216 2.89969 3.47823 4.28159 4.45965 4.48080 4.54805 4.61680 4.68561 4.74994 4.76397 4.76397 4.76397 4.76397 4.76397 4.76397 4.76397 4.76397 4.76397 4.76406 4.65170 4.26678 4.14097 2.66232 2.48677 2.44074 2.43894 2.43894 2.43894 2.43894 2.43894 2.43894 2.43894 2.43894 2.43894 2.43894 2.47060 2.79050 2.79251 2.79749 2.83707 2.88465 3.21127 2.90266 2.48391 2.48403 2.48403
3.87874 3.61386 3.62357 3.63660 3.64962 3.58944 3.35351 3.36323 3.37553 3.37863 2.90356 2.87216 2.87216 2.87216 2.87216 2.87216 2.87216 2.87216 2.87216 2.87216 2.87216 3.31574 4.13383 4.71192 4.76239 4.76397 4.76397 4.76397 4.76397 4.76397 4.76397 4.76397 4.76397 4.76485 4.78633 4.77774 4.73740 4.69704 4.65658 4.49012 3.88122 3.96003 2.98971 2.43894 2.43894 2.43894 2.43894 2.43894 2.43894 2.43894 2.43894 2.43894 2.43894 2.43894 2.46323 2.50945 2.83959 2.95544 2.99669 3.00331 3.00331 3.15101 3.18160 2.50536 2.48403 2.48403
4.14699 3.67901 3.70073 3.71921 3.73765 3.75564 3.45210 3.42487 3.42487 3.42487 3.07668 2.87216 2.87216 2.87216 2.87216 2.87216 2.87216 2.87216 2.87216 2.87216 2.87216 3.12598 3.79129 4.74923 4.76397 4.76397 4.76397 4.76397 4.76639 4.79123 4.81370 4.78327 4.74286 4.70167 4.63983 4.60806 4.60806 4.60806 4.60806 4.60637 3.97591 3.90592 3.45137 2.43894 2.43894 2.43894 2.43894 2.43894 2.43894 2.44689 2.48915 2.53540 2.58159 2.62779 2.64974 2.64974 2.83428 3.00331 3.00331 3.00331 3.00331 3.07845 3.22611 2.66878 2.48403 2.48403
4.51886 3.84367 3.77730 3.77730 3.77730 3.77730 3.53680 3.42487 3.42487 3.42487 3.23158 2.87216 2.87216 2.87216 2.87216 2.87216 2.87216 2.87216 2.87216 2.87216 2.87216 2.93862 3.49754 4.63734 4.79606 4.82633 4.82869 4.78872 4.74598 4.68075 4.61795 4.60806 4.60806 4.60806 4.60806 4.60806 4.60806 4.60806 4.60806 4.60806 4.18773 3.86852 3.88593 2.46632 2.43945 2.46890 2.51510 2.56131 2.60754 2.64580 2.64974 2.64974 2.64974 2.64974 2.64974 2.64974 2.73489 3.00331 3.00331 3.00331 3.00331 3.01544 3.21994 2.88704 2.37647 2.27155
4.53028 4.00758 3.77730 3.77730 3.77730 3.77730 3.63971 3.42487 3.42487 3.42487 3.35677 2.87216 2.87216 2.87216 2.87216 2.87216 2.87216 2.87216 2.90554 3.10084 3.31761 3.53929 4.20020 4.92921 4.72446 4.65120 4.60846 4.60806 4.60806 4.60806 4.60806 4.60806 4.60806 4.60806 4.60806 4.60806 4.60806 4.60806 4.60806 4.60806 4.35487 3.71960 3.67403 2.81500 2.63296 2.64974 2.64974 2.64974 2.64974 2.64974 2.64974 2.64974 2.64974 2.64974 2.64974 2.64974 2.65607 2.98276 2.94958 2.84432 2.73941 2.63398 2.51405 2.34877 1.99467 2.14683
4.53028 4.25328 3.77730 3.77730 3.77730 3.77730 3.75596 3.43237 3.42487 3.42487 3.42387 2.95142 2.87216 2.90673 3.10301 3.31891 3.53437 3.77086 4.06109 4.19949 4.31653 4.42870 4.28740 4.47001 4.71129 4.60806 4.60806 4.60806 4.60806 4.60806 4.60806 4.60806 4.60806 4.60806 4.60806 4.60787 4.52876 4.38464 4.24053 4.09641 3.93860 3.32710 3.34685 3.03487 2.64794 2.64520 2.64248 2.63974 2.63702 2.63427 2.63156 2.62881 2.62934 2.66392 2.70774 2.75158 2.79530 2.56485 2.38619 2.38345 2.38073 2.37799 2.33285 2.36049 2.47776 2.51515
4.53028 4.51759 3.81254 3.77730 3.77730 3.77730 3.77730 3.49746 3.44792 3.57877 3.72328 3.69178 3.75330 3.97997 4.11649 4.23348 4.35053 4.44783 4.45808 4.45808 4.45808 4.45808 4.39160 4.14587 4.81438 4.60806 4.60806 4.60806 4.60806 4.60806 4.60806 4.59160 4.46720 4.32308 4.17890 4.03497 3.97009 3.97009 3.97009 3.97009 3.97009 3.44462 3.30828 3.19597 2.60009 2.60009 2.60009 2.61194 2.65649 2.70305 2.74956 2.79607 2.83941 2.84855 2.84855 2.84855 2.84855 2.65983 2.37658 2.37658 2.37658 2.37658 2.30961 2.35975 2.42937 2.51515
