High_resolution/powerplant/Fengdu/OMI_NO2_200802.asc
ncols      200
nrows      200
xllcorner       105.978
yllcorner       28.1831
cellsize     0.0166667
NODATA_Value      -999.000
[rows 58 to 86 of 200, columns 66 to 131 of 200]
6.05508 6.05508 6.05508 6.05508 6.05508 6.05508 6.05508 6.05508 6.05508 0.00000 2.93176 2.93176 2.93176 2.93176 2.93176 2.93176 2.93176 2.93176 2.93176 2.93176 2.93176 2.93176 2.93176 2.93176 2.93176 2.93176 2.93176 2.93176 2.93176 2.51912 2.17106 2.17106 2.17106 2.17106 2.17106 2.17106 2.17106 2.17106 2.17106 2.17106 2.20077 2.29337 2.38798 2.48249 2.57714 2.62739 2.62744 1.53814 1.12268 1.12268 1.12268 1.12268 1.12268 1.12268 1.12268 1.12268 1.12268 1.12268 1.12268 1.12268 1.12268 1.12268 1.12268 1.12268 1.69130 2.45154
6.05508 6.05508 6.05508 6.05508 6.05508 0.00000 0.00000 0.00000 0.00000 0.00000 0.00000 2.93176 2.93176 2.93176 2.93176 2.93176 2.93176 2.93176 2.93176 2.93176 2.93176 2.93176 2.93176 2.93176 2.93176 2.93176 2.93176 2.93176 2.93176 2.74487 2.17106 2.17106 2.17106 2.17106 2.17106 2.18909 2.27676 2.37136 2.46597 2.56053 2.62543 2.62744 2.62744 2.62744 2.62744 2.62744 2.62744 1.97813 1.12268 1.12268 1.12268 1.12268 1.12268 1.12268 1.12268 1.12268 1.12268 1.12268 1.12268 1.12268 1.12268 1.12268 1.12268 1.12268 1.30688 2.45154
0.00000 0.00000 0.00000 0.00000 0.00000 0.00000 0.00000 0.00000 0.00000 0.00000 0.00000 2.93176 2.93176 2.93176 2.93176 2.93176 2.93176 2.93176 2.93176 2.93176 2.93176 2.93176 2.93176 2.93176 2.93176 2.93176 2.93176 2.93176 2.93176 2.91959 2.23121 2.26019 2.35475 2.44940 2.54397 2.62050 2.62744 2.62744 2.62744 2.62744 2.62744 2.62744 2.62744 2.62744 2.62744 2.62744 2.62744 2.41843 1.12283 1.12268 1.12268 1.12268 1.12268 1.12268 1.12268 1.12268 1.12268 1.12268 1.12268 1.12268 1.12268 1.12268 1.12268 1.12268 1.12268 2.25128
0.00000 0.00000 0.00000 0.00000 0.00000 0.00000 0.00000 0.00000 0.00000 0.00000 0.00000 2.93176 2.93176 2.93176 2.93176 2.93176 2.93176 2.93176 2.93176 2.93176 2.93176 2.93176 2.93176 2.93176 2.93176 2.93399 3.07142 3.28813 3.50454 3.72125 3.06004 2.62744 2.62744 2.62744 2.62744 2.62744 2.62744 2.62744 2.62744 2.62744 2.62744 2.62744 2.62744 2.62744 2.62744 2.62744 2.62744 2.62744 1.35381 1.12268 1.12268 1.12268 1.12268 1.12268 1.12268 1.12268 1.12268 1.12268 1.12268 1.12268 1.12268 1.12268 1.12297 1.23138 1.42723 2.00393
0.00000 0.00000 0.00000 0.00000 0.00000 0.00000 0.00000 0.00000 0.00000 0.00000 0.00000 0.00000 2.93176 2.93176 2.93176 2.93176 2.93176 2.93176 2.93176 2.93176 2.93176 3.00799 3.22176 3.43816 3.65487 3.86924 3.94823 3.94823 3.94823 3.94823 3.47662 2.62744 2.62744 2.62744 2.62744 2.62744 2.62744 2.62744 2.62744 2.62744 2.62744 2.62744 2.62744 2.62744 2.62744 2.62744 2.62744 2.62744 1.79380 1.12268 1.12268 1.12268 1.12268 1.12268 1.12268 1.12268 1.12268 1.12297 1.23138 1.42723 1.62309 1.81894 2.01451 2.10196 2.10196 2.10350
0.00000 0.00000 0.00000 0.00000 0.00000 0.00000 0.00000 0.00000 0.00000 0.00000 0.00000 0.00000 2.93176 2.93176 2.93176 2.93176 2.96245 3.15548 3.37199 3.58850 3.80501 3.94548 3.94823 3.94823 3.94823 3.94823 3.94823 3.94823 3.94823 3.94823 3.85037 2.64408 2.62744 2.62744 2.62744 2.62744 2.62744 2.62744 2.62744 2.62744 2.62744 2.62744 2.62744 2.62744 2.62744 2.62744 2.62744 2.62744 2.23394 1.12268 1.12268 1.12268 1.12287 1.22942 1.42527 1.62113 1.81699 2.01392 2.10196 2.10196 2.10196 2.10196 2.10196 2.10196 2.10196 2.10211
0.00000 0.00000 0.00000 0.00000 0.00000 0.00000 0.00000 0.00000 0.00000 0.00000 0.00000 0.00000 3.02619 3.30551 3.52233 3.73873 3.92454 3.94823 3.94823 3.94823 3.94823 3.94823 3.94823 3.94823 3.94823 3.94823 3.94823 3.94823 3.94823 3.94823 3.94823 2.93687 2.62744 2.62744 2.62744 2.62744 2.62744 2.62744 2.62744 2.62744 2.62744 2.62744 2.62744 2.62744 2.62744 2.62744 2.62744 2.62744 2.59938 1.47666 1.62113 1.81699 2.01265 2.10196 2.10196 2.10196 2.10196 2.10196 2.10196 2.10196 2.10196 2.10196 2.10196 2.10196 2.10196 2.10196
0.00000 0.00000 0.00000 0.00000 0.00000 0.00000 0.00000 0.00000 0.00000 0.00000 0.00000 0.00000 3.94823 3.94823 3.94823 3.94823 3.94823 3.94823 3.94823 3.94823 3.94823 3.94823 3.94823 3.94823 3.94823 3.94823 3.94823 3.94823 3.94823 3.94823 3.94823 3.32725 2.62744 2.62744 2.62744 2.62744 2.62744 2.62744 2.62744 2.62744 2.62744 2.62744 2.62744 2.63157 2.64327 2.65512 2.66698 2.67884 2.68475 2.29049 2.10196 2.10196 2.10196 2.10196 2.10196 2.10196 2.10196 2.10196 2.10196 2.10196 2.10196 2.10196 2.10196 2.10196 2.10196 2.10196
0.00000 0.00000 0.00000 0.00000 0.00000 0.00000 0.00000 0.00000 0.00000 0.00000 0.00000 0.00000 0.00000 3.94823 3.94823 3.94823 3.94823 3.94823 3.94823 3.94823 3.94823 3.94823 3.94823 3.94823 3.94823 3.94823 3.94823 3.94823 3.94823 3.94823 3.94823 3.71788 2.62744 2.62744 2.62744 2.62744 2.62744 2.62744 2.63007 2.64127 2.65314 2.66501 2.67686 2.68459 2.68475 2.68475 2.68475 2.68475 2.68475 2.46090 2.10196 2.10196 2.10196 2.10196 2.10196 2.10196 2.10196 2.10196 2.10196 2.10196 2.10196 2.10196 2.10196 2.10196 2.10196 2.10196
0.00000 0.00000 0.00000 0.00000 0.00000 0.00000 0.00000 0.00000 0.00000 0.00000 0.00000 0.00000 0.00000 3.94823 3.94823 3.94823 3.94823 3.94823 3.94823 3.94823 3.94823 3.94823 3.94823 3.94823 3.94823 3.94823 3.94823 3.94823 3.94823 3.94823 3.94823 3.94664 2.78910 2.62892 2.63930 2.65115 2.66300 2.67487 2.68409 2.68475 2.68475 2.68475 2.68475 2.68475 2.68475 2.68475 2.68475 2.68475 2.68475 2.62845 2.10493 2.10196 2.10196 2.10196 2.10196 2.10196 2.10196 2.10196 2.10196 2.10196 2.10196 2.10196 2.10196 2.10196 2.10196 2.10196
0.00000 0.00000 0.00000 0.00000 0.00000 0.00000 0.00000 0.00000 0.00000 0.00000 0.00000 0.00000 0.00000 3.94823 3.94823 3.94823 3.94823 3.94823 3.94823 3.94823 3.94823 3.94823 3.94823 3.94823 3.94823 3.94823 3.94823 3.94823 3.93687 3.61753 3.16082 2.70325 2.49460 2.68326 2.68475 2.68475 2.68475 2.68475 2.68475 2.68475 2.68475 2.68475 2.68475 2.68475 2.68475 2.68475 2.68475 2.68475 2.68475 2.68475 2.21910 2.10196 2.10196 2.10196 2.10196 2.10196 2.10196 2.10196 2.10196 2.10196 2.10196 2.10196 2.10196 2.10196 2.10196 2.10257
0.00000 0.00000 0.00000 0.00000 0.00000 0.00000 0.00000 0.00000 0.00000 0.00000 0.00000 0.00000 0.00000 0.00000 3.94823 3.94823 3.94823 3.94823 3.94823 3.94823 3.94823 3.94823 3.94823 3.94823 3.75855 3.30291 2.84555 2.38905 1.94284 1.80503 1.80503 1.80503 2.05981 2.68475 2.68475 2.68475 2.68475 2.68475 2.68475 2.68475 2.68475 2.68475 2.68475 2.68475 2.68475 2.68475 2.68475 2.68475 2.68475 2.68475 2.38951 2.10196 2.10196 2.10196 2.10196 2.10196 2.10196 2.10196 2.10196 2.10196 2.10245 2.23998 2.48428 2.72980 2.97532 3.21901
0.00000 0.00000 0.00000 0.00000 0.00000 0.00000 0.00000 0.00000 0.00000 0.00000 0.00000 0.00000 0.00000 0.00000 3.94823 3.94823 3.94823 3.94823 3.94823 3.86593 3.44543 2.98850 2.53115 2.07379 1.80696 1.80503 1.80503 1.80503 1.80503 1.80503 1.80503 1.80503 1.83547 2.65045 2.68475 2.68475 2.68475 2.68475 2.68475 2.68475 2.68475 2.68475 2.68475 2.68475 2.68475 2.68475 2.68475 2.68475 2.68475 2.68475 2.55991 2.10196 2.10196 2.10196 2.10196 2.10232 2.23754 2.48184 2.72614 2.97190 3.21668 3.32344 3.32344 3.32344 3.32344 3.32344
0.00000 0.00000 0.00000 0.00000 0.00000 0.00000 0.00000 0.00000 0.00000 0.00000 0.00000 0.00000 0.00000 0.00000 3.94823 3.59282 3.13081 2.67367 2.21653 1.84168 1.80503 1.80503 1.80503 1.80503 1.80503 1.80503 1.80503 1.80503 1.80503 1.80503 1.80503 1.80503 1.80503 2.42256 2.68475 2.68475 2.68475 2.68475 2.68475 2.68475 2.68475 2.68475 2.68475 2.68475 2.68475 2.68475 2.68475 2.68475 2.68475 2.68475 2.68023 2.27882 2.47940 2.72369 2.96799 3.21363 3.32344 3.32344 3.32344 3.32344 3.32344 3.32344 3.32344 3.32344 3.32344 3.32344
0.00000 0.00000 0.00000 0.00000 0.00000 0.00000 0.00000 0.00000 0.00000 0.00000 0.00000 0.00000 0.00000 0.00000 0.00000 1.80503 1.80503 1.80503 1.80503 1.80503 1.80503 1.80503 1.80503 1.80503 1.80503 1.80503 1.80503 1.80503 1.80503 1.80503 1.80503 1.80503 1.80503 2.16387 2.68475 2.68475 2.68475 2.68475 2.68475 2.68475 2.68475 2.68475 2.68475 2.68475 2.68475 2.68475 2.70397 2.75526 2.80711 2.85889 2.91071 3.17975 3.32344 3.32344 3.32344 3.32344 3.32344 3.32344 3.32344 3.32344 3.32344 3.32344 3.32344 3.32344 3.32344 3.32344
0.00000 0.00000 0.00000 0.00000 0.00000 0.00000 0.00000 0.00000 0.00000 0.00000 0.00000 0.00000 0.00000 0.00000 0.00000 1.80503 1.80503 1.80503 1.80503 1.80503 1.80503 1.80503 1.80503 1.80503 1.80503 1.80503 1.80503 1.80503 1.80503 1.80503 1.80503 1.80503 1.80503 1.90723 2.68316 2.68475 2.68475 2.68475 2.68475 2.68475 2.68475 2.69713 2.74646 2.79830 2.85005 2.90195 2.93448 2.93498 2.93498 2.93498 2.93498 3.06662 3.32344 3.32344 3.32344 3.32344 3.32344 3.32344 3.32344 3.32344 3.32344 3.32344 3.32344 3.32344 3.32344 3.32344
0.00000 0.00000 0.00000 0.00000 0.00000 0.00000 0.00000 0.00000 0.00000 0.00000 0.00000 0.00000 0.00000 0.00000 0.00000 1.80503 1.80503 1.80503 1.80503 1.80503 1.80503 1.80503 1.80503 1.80503 1.80503 1.80503 1.80503 1.80503 1.80503 1.80503 1.80503 1.80503 1.80503 1.80503 2.52666 2.68475 2.69178 2.73765 2.78950 2.84129 2.89309 2.93253 2.93498 2.93498 2.93498 2.93498 2.93498 2.93498 2.93498 2.93498 2.93498 2.95992 3.31707 3.32344 3.32344 3.32344 3.32344 3.32344 3.32344 3.32344 3.32344 3.32344 3.32344 3.32344 3.32344 3.32344
0.00000 0.00000 0.00000 0.00000 0.00000 0.00000 0.00000 0.00000 0.00000 0.00000 0.00000 0.00000 0.00000 0.00000 0.00000 1.80503 1.80503 1.80503 1.80503 1.80503 1.80503 1.80503 1.80503 1.80503 1.80503 1.80503 1.80503 1.80503 1.80503 1.80503 1.80503 1.80991 1.90798 2.04113 2.52396 2.88428 2.92905 2.93498 2.93498 2.93498 2.93498 2.93498 2.93498 2.93498 2.93498 2.93498 2.93498 2.93498 2.93498 2.93498 2.93498 2.93498 3.22895 3.32344 3.32344 3.32344 3.32344 3.32344 3.32344 3.32344 3.32344 3.32344 3.32344 3.32344 3.32344 3.32344
0.00000 0.00000 0.00000 0.00000 0.00000 0.00000 0.00000 0.00000 0.00000 0.00000 0.00000 0.00000 0.00000 0.00000 0.00000 0.00000 1.80503 1.80503 1.80503 1.80503 1.80503 1.80503 1.80503 1.80503 1.80503 1.80503 1.80503 1.86701 2.00029 2.13350 2.26672 2.39518 2.43045 2.43045 2.54759 2.93498 2.93498 2.93498 2.93498 2.93498 2.93498 2.93498 2.93498 2.93498 2.93498 2.93498 2.93498 2.93498 2.93498 2.93498 2.93498 2.93498 3.11585 3.32344 3.32344 3.32344 3.32344 3.32344 3.32344 3.32344 3.32344 3.32344 3.32344 3.32425 3.45983 3.68998
0.00000 0.00000 0.00000 0.00000 0.00000 0.00000 0.00000 0.00000 0.00000 0.00000 0.00000 0.00000 0.00000 0.00000 0.00000 0.00000 1.80503 1.80503 1.80503 1.80503 1.80503 1.80503 1.83387 1.95932 2.09254 2.22588 2.35915 2.43039 2.43045 2.43045 2.43045 2.43045 2.43045 2.43045 2.43661 2.89750 2.93498 2.93498 2.93498 2.93498 2.93498 2.93498 2.93498 2.93498 2.93498 2.93498 2.93498 2.93498 2.93498 2.93498 2.93498 2.93498 3.00277 3.32344 3.32344 3.32344 3.32344 3.32344 3.32402 3.45558 3.68538 3.91657 4.14729 4.37629 4.47247 4.47247
0.00000 0.00000 0.00000 0.00000 0.00000 0.00000 0.00000 0.00000 0.00000 0.00000 0.00000 0.00000 0.00000 0.00000 0.00000 0.00000 1.80503 1.81355 1.91836 2.05170 2.18491 2.31825 2.42270 2.43045 2.43045 2.43045 2.43045 2.43045 2.43045 2.43045 2.43045 2.43045 2.43045 2.43045 2.43045 2.75527 2.93498 2.93498 2.93498 2.93498 2.93498 2.93498 2.93498 2.93498 2.93498 2.93498 2.93498 2.93498 2.93498 2.93498 2.93498 2.93498 2.93553 3.27795 3.45098 3.68079 3.91278 4.14270 4.37250 4.47247 4.47247 4.47247 4.47247 4.47247 4.47247 4.47247
0.00000 0.00000 0.00000 0.00000 0.00000 0.00000 0.00000 0.00000 0.00000 0.00000 0.00000 0.00000 0.00000 3.44826 3.44826 3.44826 3.44826 2.70343 2.43045 2.43045 2.43045 2.43045 2.43045 2.43045 2.43045 2.43045 2.43045 2.43045 2.43045 2.43045 2.43045 2.43045 2.43045 2.43045 2.43045 2.60665 2.93498 2.93498 2.93498 2.93498 2.93498 2.93498 2.93498 2.93498 2.93498 2.93498 2.93498 2.93498 2.93498 2.95141 2.99101 3.03077 3.07050 3.86526 4.47247 4.47247 4.47247 4.47247 4.47247 4.47247 4.47247 4.47247 4.47247 4.47247 4.47247 4.47247
0.00000 0.00000 0.00000 0.00000 0.00000 0.00000 0.00000 0.00000 3.44826 3.44826 3.44826 3.44826 3.44826 3.44826 3.44826 3.44826 3.44826 3.03507 2.43045 2.43045 2.43045 2.43045 2.43045 2.43045 2.43045 2.43045 2.43045 2.43045 2.43045 2.43045 2.43045 2.43045 2.43045 2.43045 2.43045 2.46547 2.92772 2.93498 2.93498 2.93498 2.93498 2.93498 2.93498 2.93498 2.94606 2.98459 3.02430 3.06408 3.10385 3.12715 3.12732 3.12732 3.12732 3.53499 4.47247 4.47247 4.47247 4.47247 4.47247 4.47247 4.47247 4.47247 4.47247 4.47247 4.47247 4.47247
0.00000 0.00000 0.00000 0.00000 3.44826 3.44826 3.44826 3.44826 3.44826 3.44826 3.44826 3.44826 3.44826 3.44826 3.44826 3.44826 3.44826 3.33356 2.43289 2.43045 2.43045 2.43045 2.43045 2.43045 2.43045 2.43045 2.43045 2.43045 2.43045 2.43045 2.43045 2.43045 2.43045 2.43045 2.43045 2.43045 2.81435 2.93498 2.93498 2.94179 2.97812 3.01788 3.05765 3.09739 3.12607 3.12732 3.12732 3.12732 3.12732 3.12732 3.12732 3.12732 3.12732 3.18543 4.43225 4.47247 4.47247 4.47247 4.47247 4.47247 4.47247 4.47247 4.47247 4.47247 4.47247 4.47247
3.44826 3.44826 3.44826 3.44826 3.44826 3.44826 3.44826 3.44826 3.44826 3.44826 3.44826 3.44826 3.44826 3.44826 3.44826 3.44826 3.44826 3.44826 2.61913 2.43045 2.43045 2.43045 2.43045 2.43045 2.43045 2.43045 2.43045 2.43045 2.43045 2.43045 2.43045 2.43045 2.43045 2.43045 2.44903 2.67291 2.99064 3.05119 3.09097 3.12391 3.12732 3.12732 3.12732 3.12732 3.12732 3.12732 3.12732 3.12732 3.12732 3.12732 3.12732 3.12732 3.12732 3.12732 4.10080 4.47247 4.47247 4.47247 4.47247 4.47247 4.47247 4.47247 4.47247 4.47247 4.47247 4.47247
3.44826 3.44826 3.44826 3.44826 3.44826 3.44826 3.44826 3.44826 3.44826 3.44826 3.44826 3.44826 3.44826 3.44826 3.44826 3.44826 3.44826 3.44826 2.91997 2.43045 2.43045 2.43045 2.43045 2.43045 2.43045 2.43045 2.43045 2.43045 2.43045 2.43085 2.58581 2.86687 3.14781 3.42861 3.69123 3.74815 3.64047 3.12732 3.12732 3.12732 3.12732 3.12732 3.12732 3.12732 3.12732 3.12732 3.12732 3.12732 3.12732 3.12732 3.12732 3.12732 3.12732 3.12732 3.71111 4.47247 4.47247 4.47247 4.47247 4.47247 4.47247 4.47247 4.47247 4.47247 4.47247 4.47247
3.44826 3.44826 3.44826 3.44826 3.44826 3.44826 3.44826 3.44826 3.44826 3.44826 3.44826 3.44826 3.44826 3.44826 3.44826 3.44826 3.44826 3.44826 3.22098 2.43045 2.43045 2.43045 2.43045 2.43045 2.43045 2.50806 2.77990 3.06057 3.34177 3.62218 3.74815 3.74815 3.74815 3.74815 3.74815 3.74815 3.74734 3.20231 3.12732 3.12732 3.12732 3.12732 3.12732 3.12732 3.12732 3.12732 3.12732 3.12732 3.12732 3.05953 2.95742 2.87979 2.81878 2.77952 3.30706 4.47247 4.47247 4.47247 4.47247 4.47247 4.47247 4.47156 4.26427 3.90039 3.53650 3.17443
3.55003 3.44826 3.44826 3.44826 3.44826 3.44826 3.44826 3.44826 3.44826 3.44826 3.44826 3.44826 3.44826 3.44826 3.44826 3.44826 3.44826 3.44826 3.43848 2.51391 2.45681 2.69267 2.97387 3.25454 3.53560 3.73893 3.74815 3.74815 3.74815 3.74815 3.74815 3.74815 3.74815 3.74815 3.74815 3.74815 3.74815 3.38336 3.12732 3.12732 3.12732 3.12732 3.12732 3.08053 2.97411 2.89268 2.82899 2.77788 2.73593 2.71852 2.71852 2.71852 2.71852 2.71852 2.97753 4.27688 4.47156 4.26427 3.90220 3.54012 3.17805 2.81688 2.66209 2.66209 2.66209 2.66209
3.97880 3.44826 3.44826 3.44826 3.44826 3.44826 3.44826 3.44826 3.44826 3.44826 3.44826 3.44826 3.44826 3.44826 3.44826 3.44826 3.74625 4.32696 4.90740 4.20231 3.70308 3.74815 3.74815 3.74815 3.74815 3.74815 3.74815 3.74815 3.74815 3.74815 3.74815 3.74815 3.74815 3.74815 3.74815 3.74815 3.74815 3.58338 3.29259 2.93311 2.83966 2.78654 2.74309 2.71895 2.71852 2.71852 2.71852 2.71852 2.71852 2.71852 2.71852 2.71852 2.66226 2.54133 2.45753 2.79597 2.81688 2.66209 2.66209 2.66209 2.66209 2.66209 2.66209 2.66209 2.66209 2.66209
