High_resolution/powerplant/Fengdu/OMI_NO2_2009_06-08.asc
ncols      200
nrows      200
xllcorner       105.978
yllcorner       28.1831
cellsize     0.0166667
NODATA_Value      -999.000
[rows 116 to 144 of 200, columns 132 to 197 of 200]
1.15722 1.24586 0.991901 0.915224 0.764604 0.684794 0.585463 0.486043 0.386712 0.541861 1.09318 1.09318 1.36606 1.52824 1.52824 1.56098 1.54569 1.54569 1.54569 1.54497 1.54142 1.53679 1.50915 1.48247 1.47371 1.52406 1.52406 1.52406 1.45047 1.45047 1.45047 0.873613 0.434570 0.00000 0.00000 0.00000 2.13103 2.13103 2.14148 2.14027 1.97101 2.33096 2.32327 2.31557 2.29826 2.08541 1.99158 1.86860 1.83719 1.60513 1.40481 1.49746 1.49712 1.56743 1.56743 1.56676 1.55302 1.42593 1.48025 1.48025 1.55267 1.55267 1.55267 1.65405 1.65405 0.261432
1.10863 1.02314 0.697098 0.574827 0.420478 0.396946 0.396946 0.396946 0.396946 0.556631 1.06814 1.08059 1.26291 1.59026 1.58872 1.60581 1.58901 1.58169 1.57200 1.57703 1.57624 1.57624 1.56095 1.55885 1.55885 1.65586 1.55591 1.55591 1.55591 1.55591 1.55591 0.996194 0.869140 0.543213 0.723987 0.715081 0.702239 1.75491 1.81397 1.73084 1.68083 1.54204 2.01220 1.96905 1.94246 1.97018 2.02195 2.02249 2.02249 1.83415 1.32134 1.46899 1.46899 1.56743 1.56743 1.49712 1.48317 1.42593 1.48025 1.48025 1.55267 1.55267 1.55267 1.65405 1.65405 1.65405
0.498958 0.490388 0.425299 0.406725 0.396946 0.396946 0.396946 0.396946 0.396946 0.522160 1.01573 1.06689 1.10088 1.55879 1.55885 1.57624 1.56095 1.56095 1.56095 1.57624 1.57624 1.57624 1.56095 1.55885 1.55885 1.65586 1.55591 1.55591 1.57714 1.57714 1.57714 1.08857 1.23227 0.816263 1.00152 0.995607 0.995607 1.75677 1.75015 1.61337 1.53779 1.51051 2.03031 2.03031 2.03031 2.02249 2.03031 2.03031 2.03031 2.00137 1.43720 1.56743 1.56743 1.66586 1.66586 1.56743 1.55851 1.48025 1.55267 1.55267 1.55267 1.55267 1.55267 1.65405 1.65405 1.65405
0.490388 0.486043 0.429090 0.413711 0.406725 0.406725 0.406725 0.406725 0.406725 0.752331 0.752331 0.945016 0.945016 1.42224 1.55885 1.56095 1.54056 1.54056 1.54056 1.56126 1.56730 1.57530 1.56677 1.57656 1.58794 1.64671 1.61970 1.63367 1.65493 1.66615 1.67747 1.16048 1.19924 0.796486 0.995607 0.995607 0.995607 1.51051 1.60665 1.51051 1.51051 1.51051 2.03031 2.03031 2.03031 2.02249 2.03031 2.03031 2.03031 2.01401 1.60069 1.56743 1.56743 1.66586 1.66586 1.56743 1.56333 1.48025 1.55267 1.55267 1.55267 1.55527 1.64514 1.98357 2.21562 2.41997
0.486043 0.482663 0.432038 0.418950 0.260357 0.260357 0.260357 0.260357 0.260357 0.709945 0.709945 0.949579 0.963778 1.27888 1.68140 1.67494 1.68182 1.68984 1.69793 1.70282 1.70767 1.70767 0.924952 1.10994 1.10994 1.12220 0.545781 0.545781 0.436625 0.436625 0.436625 0.436625 1.23311 0.796486 0.995607 0.995607 1.19473 1.19473 1.67074 1.60665 1.60665 1.60665 2.02249 2.01728 2.01728 1.71652 1.67074 1.67074 1.67074 2.00489 1.72011 1.40337 1.40337 1.49712 1.49712 1.44439 1.49970 1.45908 1.56840 1.73890 1.92248 2.23018 2.34408 2.54459 2.54459 2.54459
0.260357 0.284765 0.227812 0.260357 0.260357 0.260357 0.260357 0.260357 0.260357 0.260357 0.260357 0.572232 0.572232 0.702430 1.27376 1.11454 1.03329 1.03329 1.03329 1.11454 1.03329 0.311875 0.363854 0.436625 0.436625 0.00000 0.545781 0.545781 0.436625 0.436625 0.436625 0.436625 1.23311 0.796486 0.995607 0.995607 1.19473 1.19473 1.67074 1.60665 1.60665 1.60665 1.60665 1.67074 1.67074 1.71652 1.67074 1.67074 1.67074 2.00489 1.92898 1.40612 1.45638 1.61441 1.69253 1.83226 2.09208 2.11271 2.33038 2.34575 2.34639 2.55444 2.56901 2.86925 2.88322 2.90128
0.227812 0.253125 0.202500 0.227812 0.227812 0.227812 0.227812 0.227812 0.227812 0.227812 0.227812 0.495820 0.535660 0.613897 1.08582 1.05996 0.990700 0.242569 0.242569 0.218312 0.242569 0.242569 0.311875 0.363854 0.363854 0.00000 0.436625 0.436625 0.363854 0.363854 0.363854 0.363854 1.02759 0.663738 0.796486 0.796486 0.995607 0.995607 1.43207 1.33887 1.33887 1.33887 1.33887 1.43207 1.43207 1.50196 1.43207 1.67074 1.67074 2.00489 2.00489 1.83967 1.98423 2.21679 2.35825 2.30679 2.39534 2.33054 2.42171 2.45632 2.49996 2.67873 2.67873 2.92668 2.92668 2.92668
0.151875 0.202500 0.151875 0.170859 0.170859 0.170859 0.170859 0.176655 0.218527 0.266642 0.314715 0.429895 0.940187 0.948555 0.940187 0.485139 0.485139 0.485139 0.485139 0.436625 0.485139 0.485139 0.623750 0.436625 0.436625 0.00000 0.545781 0.545781 0.436625 0.436625 0.436625 0.436625 0.436625 1.23311 0.796486 0.796486 0.995607 0.995607 1.13784 1.33887 1.33887 1.33887 1.33887 1.43207 1.43207 1.50196 1.43207 1.68568 0.413452 0.941793 1.05668 2.39534 2.39534 2.39534 2.23791 2.15919 2.23791 2.23791 2.23791 2.23791 2.23791 2.34811 2.34811 2.51342 2.51342 2.51342
0.151875 0.227812 0.170859 0.218573 0.273392 0.328381 0.383345 0.431686 0.438797 0.438797 0.438797 0.511930 1.05771 1.05395 1.20881 0.623750 0.623750 0.545781 0.545781 0.485139 0.545781 0.545781 0.727708 0.436625 0.436625 0.00000 0.00000 0.00000 0.00000 0.00000 0.00000 0.00000 0.00000 1.19473 1.19473 1.19473 1.32748 1.19473 1.32748 1.19473 1.19473 1.19473 1.19473 0.00000 0.00000 0.00000 0.00000 0.00000 0.00000 0.834987 0.834987 2.34811 2.34811 2.23791 2.23791 2.15919 2.23791 2.23791 2.23791 2.23791 2.23791 2.34811 2.34811 2.34811 2.34811 2.34811
0.259930 0.352028 0.316568 0.409385 0.409544 0.409544 0.409544 0.409544 0.409544 0.409544 0.409544 0.975041 1.33889 0.896937 1.05094 1.05094 0.436625 0.363854 0.363854 0.311875 0.363854 0.363854 0.436625 0.00000 0.00000 0.00000 0.00000 0.00000 0.00000 0.00000 0.00000 0.00000 0.00000 1.03922 1.32738 1.32748 1.42230 1.32748 0.00000 0.00000 0.00000 0.00000 0.00000 0.00000 0.00000 0.00000 0.00000 0.00000 0.00000 1.11332 1.11332 2.51342 2.51342 2.34811 2.34811 2.23791 2.34811 2.34811 2.23791 2.23791 2.23791 2.34811 2.34811 2.34811 2.34811 2.34811
0.455049 0.511930 0.438797 0.511930 0.511930 0.511930 0.975041 0.975041 0.975041 0.975041 0.975041 0.982015 1.33889 0.875784 1.05771 1.05771 0.545781 0.436625 0.436625 0.363854 0.436625 0.436625 0.545781 0.00000 0.00000 0.00000 0.00000 0.00000 0.968094 0.774475 0.774475 0.774475 0.774475 0.774475 0.774475 0.00000 0.00000 0.00000 0.00000 0.00000 0.00000 0.00000 0.00000 0.00000 0.00000 0.00000 0.00000 0.00000 0.00000 1.11332 1.11332 1.66997 2.51342 2.34811 2.34811 2.23791 2.34811 2.34811 2.23791 2.23791 2.23791 2.34811 2.34811 2.34811 2.34020 2.24529
0.511930 1.03192 1.03293 0.982015 0.982015 0.982015 0.982015 0.982015 0.982015 0.982015 0.982015 0.987246 1.29389 0.888267 1.03593 1.03379 0.417372 0.346024 0.413119 0.342483 0.408870 0.406726 0.505777 0.968094 0.968094 0.968094 0.968094 0.968094 0.968094 0.774475 0.774475 0.774475 0.774475 0.774475 0.774475 0.00000 0.00000 0.00000 0.00000 0.00000 0.00000 0.00000 0.00000 0.00000 0.242465 0.242465 0.303081 0.00000 0.00000 0.834987 0.834987 1.33598 2.34811 2.23791 2.23791 2.15919 2.23791 2.23791 2.15919 2.23384 2.16843 2.19091 2.06665 1.94206 1.82519 1.79543
1.03293 0.982015 0.982015 0.982015 0.982015 0.982015 0.982015 0.982015 0.982015 0.982015 0.982015 0.987246 0.982015 1.26625 1.01224 1.01224 1.01224 0.331605 0.397926 0.977001 0.978782 0.978782 1.22348 0.968094 0.968094 0.968094 0.968094 0.968094 0.968094 0.726070 0.726070 0.726070 0.726070 0.726070 0.726070 0.00000 0.00000 0.00000 0.00000 0.00000 0.00000 0.00000 0.00000 0.00000 0.00000 0.303081 0.303081 0.00000 0.00000 0.834987 0.834987 1.33598 2.34811 2.23791 2.23665 2.17971 2.21831 2.13317 1.87936 1.89174 1.82597 1.98043 1.97979 1.97979 1.97979 1.97979
1.03293 0.982015 0.982015 0.982015 0.982015 0.982015 0.982015 0.982015 0.982015 0.987246 0.987246 0.991314 0.987246 1.23595 1.01681 1.10845 1.09264 0.975728 0.977001 0.977001 0.978782 0.978782 1.22348 0.968094 0.968094 0.968094 0.968094 0.968094 0.968094 0.645396 0.645396 0.645396 0.645396 0.645396 0.645396 0.645396 0.00000 0.00000 0.00000 0.00000 0.00000 0.00000 0.00000 0.00000 0.00000 0.303081 0.303081 0.00000 0.00000 0.834987 1.89710 2.18567 2.18567 1.95997 1.81710 1.74844 1.83935 1.79981 1.67252 1.79543 1.79543 1.97979 1.97979 1.97979 1.97979 1.97979
0.958768 0.904947 0.904947 0.904947 0.904947 0.904947 0.904947 0.904947 0.904947 0.918160 0.936145 1.04331 1.10997 1.64208 1.42548 1.45796 1.20189 0.979970 0.981455 0.981455 1.14726 1.14726 1.22348 0.968094 0.968094 0.968094 0.968094 0.968094 0.968094 0.645396 0.645396 0.645396 0.645396 0.645396 0.645396 0.645396 0.00000 0.00000 0.00000 0.00000 0.00000 0.00000 0.00000 0.00000 0.00000 1.36519 1.76014 1.89710 1.89710 2.18567 2.16205 2.11487 2.06765 1.80264 1.67252 1.67252 1.67252 1.67252 1.58473 1.67252 1.67252 1.79543 1.79543 1.79543 1.79543 1.79543
1.00182 0.958768 0.958768 0.958768 0.958768 0.958888 0.996991 1.06440 1.13191 1.25394 1.31872 1.37844 1.31694 1.75908 1.81816 1.50942 1.38136 0.978782 0.979970 0.979970 1.12166 1.12166 1.17240 0.968094 0.968094 0.968094 0.968094 0.968094 0.968094 0.726070 0.726070 0.726070 0.726070 0.726070 0.726070 0.645396 0.00000 0.00000 0.00000 0.00000 0.944096 1.06211 1.06211 1.06211 0.944096 1.34820 1.83856 2.00959 1.97026 2.18829 2.15888 2.15888 2.15888 1.96517 1.79543 1.79543 1.79543 1.79543 1.67252 1.79543 1.79543 1.79543 1.79543 1.79543 1.79543 1.79543
1.08644 1.04436 1.10343 1.17087 1.23831 1.30564 1.33504 1.33504 1.33504 1.41876 1.41876 1.48155 1.42366 1.42366 1.84390 1.61234 1.60288 1.02256 0.977001 0.977001 1.17240 1.17240 0.968094 0.968094 0.968094 0.968094 0.968094 0.968094 0.968094 0.774475 0.774475 0.774475 0.774475 0.774475 0.774475 0.725860 1.04446 0.944096 0.944096 0.944096 0.944096 1.06211 0.944096 0.944096 0.708072 0.708072 1.84492 2.15888 2.15888 2.40645 2.40645 2.40645 2.40645 2.15746 1.99496 1.97979 1.79543 1.79543 1.67252 1.79543 1.79543 1.79543 1.79543 1.79543 1.79543 1.79543
1.33917 1.40795 1.41876 1.41876 1.41876 1.41876 1.41876 1.41876 1.41876 1.48402 1.44709 1.47749 1.40739 1.43575 1.89611 1.55059 1.55059 1.19909 0.978782 0.978782 1.22348 1.22348 0.968094 0.968094 0.968094 0.968094 0.968094 0.968094 0.968094 0.968094 0.968094 0.953325 0.887994 0.818408 0.748821 0.679488 1.26021 1.41614 1.41614 1.41614 1.41614 1.41614 1.41614 1.41614 1.41614 1.41614 2.15888 2.15888 2.15888 2.40645 2.40645 2.40645 2.40645 2.15888 2.04491 1.97979 1.79543 1.79543 1.79543 1.97979 1.97979 1.97979 1.97979 1.97979 1.97979 1.97979
1.47131 1.48155 1.48155 1.48155 1.48659 1.51124 1.53784 1.56447 1.59108 1.64920 1.61951 1.61951 1.54629 1.54629 1.90189 2.40145 2.39788 2.09002 1.81898 1.81545 1.19188 1.18747 0.968094 0.968094 0.968094 0.968094 0.966474 0.918293 0.848739 0.779120 0.709533 0.654715 0.650491 0.650491 0.650491 0.650491 1.03849 1.41614 1.41614 1.41614 1.41614 1.41614 1.41614 1.41614 1.41614 1.41614 2.15888 2.15888 2.15888 2.40645 2.40645 2.40645 2.40645 2.15888 2.09626 1.97979 1.97979 1.97979 1.97979 2.16415 2.16415 2.16415 2.15927 2.10228 1.96367 1.78363
1.51614 1.54137 1.56162 1.58191 1.59835 1.59984 1.59984 1.59984 1.59984 1.64000 1.59984 1.59984 1.50411 1.69210 2.05596 2.30714 2.34446 2.22790 1.78026 1.77265 1.14284 1.14284 0.946910 0.879006 0.809419 0.739864 0.671866 0.650491 0.650491 0.650491 0.650491 0.650491 0.650491 0.650491 0.650491 0.650491 0.816698 1.41614 1.41614 1.41614 1.41614 1.41614 1.41614 1.41614 1.41614 1.41614 1.78751 1.78751 1.78751 2.01033 2.01033 2.01033 2.15888 2.15888 2.14562 1.98181 1.97979 2.16212 2.11261 2.36493 2.27206 2.09213 1.91369 1.76824 1.71631 1.71631
1.59984 1.59984 1.59984 1.59984 1.59984 1.59984 1.59984 1.64000 1.64000 1.67123 1.64000 1.64000 1.57361 1.70771 2.04245 2.16463 2.27390 2.26998 1.86826 1.69563 0.994393 0.942203 0.652174 0.650491 0.650491 0.650491 0.650491 0.650491 0.650491 0.650491 0.650491 0.650491 0.650491 0.650491 0.650491 0.650491 0.657305 1.35367 1.41614 1.41614 1.41614 1.41614 1.41614 1.41614 1.41614 1.41614 1.78751 1.78751 1.78751 2.01033 2.01033 2.01033 2.15888 2.16562 2.17831 1.85987 1.65153 1.72848 1.59799 1.80663 1.71795 1.71631 1.71631 1.71631 1.71631 1.71631
1.37937 1.37937 1.37937 1.37937 1.37937 1.37937 1.37937 1.43957 1.43957 1.48772 1.43957 1.43957 1.39986 1.50992 1.66159 2.07991 2.26875 2.21589 2.15782 1.59625 0.904638 0.904638 0.650491 0.650491 0.650491 0.650491 0.650491 0.650491 0.650491 0.650491 0.650491 0.650491 0.650491 0.650491 0.650491 0.650491 0.650491 1.13867 1.41614 1.41614 1.41614 1.41614 1.41614 1.41614 1.41614 1.41614 1.78751 1.78751 1.79275 2.02924 2.04447 2.05970 2.20932 2.14769 2.05570 1.64054 1.22340 1.41519 1.41519 1.71631 1.71631 1.71631 1.71631 1.71631 1.71631 1.71631
1.42136 1.42136 1.42136 1.42136 1.42136 1.42136 1.42136 1.47133 1.47054 1.47740 1.35592 1.30635 1.22934 1.20933 1.45930 1.84952 2.11464 2.11694 2.13458 1.46115 0.853809 0.853809 0.650491 0.650491 0.650491 0.650491 0.650491 0.650491 0.650491 0.650491 0.650491 0.650491 0.650491 0.650491 0.650491 0.650491 0.650491 0.916938 1.41614 1.41614 1.41614 1.41614 1.41614 1.41874 1.44033 1.46571 1.96126 1.97818 1.99046 1.96131 1.89996 1.83856 1.90135 1.87695 1.87695 1.74491 1.21444 1.54902 1.54902 1.54902 1.54902 1.54902 1.54902 1.54902 1.54902 1.54902
1.51898 1.51898 1.51898 1.51898 1.51188 1.47740 1.44020 1.42738 1.38040 1.37241 1.29919 1.29919 1.24413 1.24413 1.43279 1.73320 1.87772 1.94252 1.88884 0.926805 0.650491 0.650491 0.650491 0.650491 0.650491 0.650491 0.650491 0.650491 0.650491 0.650491 0.650491 0.650491 0.650491 0.650491 0.650491 0.650491 0.650491 0.705005 1.40660 1.43298 1.45838 1.48374 1.50914 1.53191 1.53572 1.53572 1.91755 1.85617 1.79485 1.76321 1.76321 1.76321 1.87695 1.87695 1.87695 1.87357 1.27692 1.54902 1.54902 1.54902 1.54902 1.54902 1.54902 1.54902 1.54902 1.54902
1.49855 1.46136 1.42419 1.38701 1.35693 1.35424 1.35424 1.36462 1.36462 1.36462 1.27365 1.27365 1.20887 1.22058 1.41623 1.81492 1.81456 1.77592 1.76748 1.14270 0.650491 0.650491 0.650491 0.650491 0.650491 0.650491 0.650491 0.650491 0.650491 0.650491 0.650491 0.650491 0.650491 0.650491 0.629824 0.559508 0.487040 0.414605 1.25346 1.53572 1.57033 1.57033 1.58187 1.58187 1.58187 1.58187 1.74095 1.74095 1.58310 1.40069 1.40069 1.40069 1.35568 1.36104 1.42079 1.49449 1.36172 1.45476 1.54902 1.54902 1.54902 1.54902 1.54902 1.53104 1.39131 1.27359
1.37125 1.36462 1.36462 1.36462 1.36462 1.36462 1.36462 1.37726 1.39779 1.42770 1.36041 1.38835 1.27758 1.27984 1.40426 1.83059 1.81453 1.76748 1.76748 1.31388 0.650491 0.650491 0.650491 0.650491 0.650491 0.650491 0.650491 0.650491 0.650491 0.646616 0.590575 0.518107 0.445672 0.373204 0.321436 0.319283 0.319283 0.319283 0.901775 1.53572 1.57033 1.57033 1.58187 1.58187 1.58187 1.58187 1.74095 1.74095 1.67504 1.48729 1.54256 1.59784 1.69232 1.76066 1.88553 1.88553 1.86349 2.05615 2.21818 2.16555 1.94624 1.78025 1.65995 1.57583 1.56224 1.56224
1.40227 1.37241 1.38051 1.40606 1.43226 1.45840 1.48457 1.49712 1.50789 1.50789 1.41962 1.41962 1.42066 1.41962 1.34123 1.41284 1.77779 1.71556 1.70822 1.52487 0.676891 0.650491 0.650491 0.650491 0.650491 0.621345 0.549274 0.476806 0.404371 0.335678 0.319283 0.319283 0.319283 0.319283 0.319283 0.319283 0.319283 0.319283 0.549410 1.53572 1.56341 1.56341 1.57033 1.57033 1.57033 1.57033 1.69990 1.69990 1.67908 1.67908 1.71492 1.71492 1.77465 1.77465 1.88553 1.84274 1.75250 1.71015 1.64244 1.56887 1.56224 1.56224 1.56287 1.61084 1.68810 1.76539
1.47401 1.48923 1.50729 1.50789 1.50789 1.50789 1.50789 1.49889 1.50789 1.50789 1.41962 1.41962 1.42066 1.41962 1.28115 1.35111 1.83242 1.77720 1.75353 1.58851 0.865857 0.580308 0.507873 0.435405 0.362970 0.319648 0.319283 0.319283 0.319283 0.319283 0.319283 0.319283 0.319283 0.319283 0.319283 0.319283 0.319283 0.319283 0.323419 1.40933 1.57033 1.57033 1.57033 1.15179 1.15179 1.15179 1.36507 1.36507 1.36507 1.67908 1.71492 1.69791 1.66270 1.61346 1.58933 1.55831 1.52982 1.56419 1.56224 1.59006 1.66643 1.74369 1.82038 1.84967 1.84967 1.84967
1.36557 1.41615 1.41816 1.41816 1.41816 1.41895 1.41895 1.41962 1.41895 1.41895 1.34034 1.34034 1.34900 1.34034 1.24307 1.32455 1.89035 1.75584 1.72546 1.54810 0.395263 0.319283 0.319283 0.962392 0.962392 1.28395 1.28395 1.28395 1.28395 1.28395 0.962392 0.962080 0.799737 0.972405 1.07983 1.12269 0.901079 0.212856 0.212856 0.795799 0.921430 1.15179 1.15179 1.15179 1.15179 1.15179 1.36507 1.36507 1.36507 1.67908 1.71492 1.64164 1.45322 1.37493 1.36326 1.31129 1.32327 1.67138 1.79931 1.84878 1.84967 1.84967 1.84967 1.84967 1.84967 1.84967
