High_resolution/powerplant/Fengdu/OMI_NO2_200501.asc
ncols      200
nrows      200
xllcorner       105.978
yllcorner       28.1831
cellsize     0.0166667
NODATA_Value      -999.000
[rows 87 to 115 of 200, columns 67 to 133 of 200]
4.38484 4.73965 5.09508 5.44989 5.78473 5.86210 5.86210 5.86210 5.98414 7.01307 7.01669 6.44852 4.98413 4.98413 4.98413 4.98413 4.99720 5.15660 5.15701 5.15701 5.15701 5.15701 5.15701 5.15701 5.15701 5.15176 3.92816 2.89966 2.84341 2.84341 2.84341 2.84341 2.84364 2.92572 3.07500 3.22420 3.37347 3.52267 3.61386 3.61486 3.61486 3.50262 3.08016 2.61430 2.60337 2.60820 2.62295 2.63459 2.62970 2.62236 2.61509 2.60315 2.59917 2.60703 2.61528 2.62335 2.63157 2.04482 1.76761 2.30049 2.43624 2.44344 2.45081 2.55120 2.62559 2.63455 2.64369
5.86210 5.86210 5.86210 5.86210 5.86210 5.86210 5.86210 5.86210 5.86210 6.80066 7.01669 6.93883 5.04375 4.98413 4.98413 4.97941 4.96936 5.10667 5.11952 5.10995 5.10016 5.09067 5.08085 5.07134 5.06154 5.05200 4.20839 3.02351 2.81697 2.95654 3.09619 3.23565 3.37516 3.43251 3.42297 3.41317 3.40366 3.39384 3.40345 3.44675 3.49092 3.60625 4.19980 3.32233 3.13833 2.93163 2.90293 2.87839 2.87532 2.87532 2.87532 2.87532 2.87532 2.87532 2.87532 2.87532 2.87532 2.43422 1.81764 2.22979 2.60371 2.60371 2.60371 2.65697 2.78710 2.78710 2.78710
5.76370 5.75361 5.74354 5.73342 5.72333 5.71324 5.70317 5.69311 5.68304 6.27703 6.81747 6.80738 5.29636 4.75462 4.74455 4.73918 4.73918 4.83062 4.87802 4.87802 4.87802 4.87802 4.87261 4.75698 4.59793 4.43888 4.21905 3.85131 3.33586 3.33586 3.33586 3.33596 3.36626 3.41999 3.47373 3.52746 3.58123 3.63493 3.66961 3.67024 3.67024 3.67183 4.41278 3.56451 3.23021 2.88460 2.87532 2.87532 2.87532 2.87532 2.87532 2.87532 2.87532 2.87532 2.87532 2.87532 2.87532 2.71303 1.81764 2.00913 2.60371 2.60371 2.57545 2.42350 2.41837 2.25089 2.07634
5.61715 5.61715 5.61715 5.61715 5.61715 5.61715 5.61715 5.61715 5.61715 5.88686 6.77174 6.77174 5.82066 4.73918 4.73918 4.73918 4.73918 4.79687 4.75698 4.59793 4.43888 4.27982 4.12605 4.08222 4.08222 4.08652 4.22473 4.44160 3.48567 3.53943 3.59314 3.64680 3.67024 3.67024 3.67024 3.67024 3.67024 3.67024 3.67024 3.67024 3.67024 3.67024 4.29532 3.81533 3.25124 2.95796 2.87532 2.87532 2.87532 2.87532 2.87532 2.87532 2.87532 2.87532 2.87532 2.87532 2.87532 2.87498 1.93690 1.83590 1.99271 1.80855 1.66207 1.64569 1.77389 1.82908 1.82908
5.61715 5.61715 5.61715 5.61715 5.61715 5.61715 5.61715 5.61715 5.61715 5.63285 6.69126 6.77174 6.36483 4.61824 4.45919 4.30013 4.14108 4.02157 4.08222 4.08780 4.21644 4.39448 4.57261 4.75022 4.92879 5.10177 5.15600 5.32191 3.87370 3.67024 3.67024 3.67024 3.67024 3.67024 3.67024 3.67024 3.67024 3.67024 3.67024 3.67024 3.67024 3.67024 4.09247 4.17375 3.26967 3.06152 2.87532 2.87532 2.87532 2.87532 2.87532 2.87538 2.87637 2.87768 2.87900 2.88031 2.88163 2.88233 2.21964 1.82465 1.70233 1.64569 1.64569 1.64569 1.68693 1.63157 1.50039
5.61715 5.61715 5.61715 5.61715 5.61715 5.61715 5.61715 5.61839 5.67151 5.75179 6.17447 6.17228 6.00440 4.11391 4.08319 4.26197 4.43904 4.62482 4.93276 5.10682 5.15600 5.15600 5.15600 5.15600 5.15600 5.15600 5.15600 5.25968 4.33189 3.67024 3.67024 3.67024 3.67024 3.67024 3.67024 3.67024 3.67024 3.67024 3.67024 3.67024 3.67024 3.67024 3.91169 4.38198 3.45014 3.19295 2.87636 2.87681 2.87812 2.87944 2.88075 2.88201 2.88233 2.88233 2.88233 2.88233 2.88233 2.88233 2.49850 1.82404 1.74939 1.65684 1.67561 1.69444 1.66941 1.32498 1.34701
5.61715 5.61715 5.61715 5.65872 5.73896 5.81924 5.89952 5.97791 5.96761 5.90921 5.84005 5.76258 5.70417 5.21585 5.01716 5.01716 5.01716 5.01716 5.13313 5.15600 5.15600 5.15600 5.15600 5.15600 5.15600 5.15600 5.15600 5.19690 4.79028 3.67024 3.67024 3.67024 3.67024 3.67024 3.67024 3.67024 3.67024 3.67024 3.67024 3.67024 3.67024 3.67440 3.77224 4.59281 3.70237 3.26005 2.93427 2.88233 2.88233 2.88233 2.88233 2.88233 2.88233 2.88233 2.85714 2.78648 2.71323 2.63994 2.48968 1.93398 1.93188 1.78004 1.77997 1.77997 1.77997 1.44299 1.36543
5.80646 5.88674 5.93769 5.91799 5.85958 5.80118 5.74270 5.68495 5.66396 5.66396 5.66142 5.63448 5.63418 5.39790 5.01716 5.01716 5.01716 5.01716 5.10469 5.15600 5.15600 5.15600 5.15600 5.15600 5.15600 5.15600 5.15600 5.15670 5.21506 3.68184 3.67024 3.67024 3.67024 3.67024 3.67024 3.67024 3.67612 3.68745 3.69876 3.71012 3.72145 3.72862 3.72963 4.63164 4.02327 3.26176 3.03080 2.87954 2.82817 2.75929 2.68942 2.61652 2.54331 2.47002 2.42065 2.41147 2.40421 2.39728 2.39050 2.01613 1.94141 1.79687 1.76963 1.76847 1.76732 1.57172 1.39238
5.75152 5.69308 5.66396 5.66396 5.66396 5.66396 5.66396 5.66396 5.66396 5.66396 5.66396 5.64045 5.63418 5.56476 5.01784 5.01716 5.01716 5.01716 5.07600 5.15600 5.15600 5.15600 5.15600 5.15374 5.14830 5.14271 5.13732 5.13176 5.26085 3.96756 3.62972 3.63186 3.63759 3.64353 3.64932 3.65516 3.65517 3.64962 3.64420 3.63862 3.63320 3.60373 3.48019 3.56452 3.29924 2.56646 2.39528 2.27588 2.25411 2.24631 2.23927 2.23469 2.23043 2.22628 2.22292 2.22261 2.22261 2.22261 2.22261 2.02468 1.87725 1.80135 1.74303 1.74303 1.74303 1.67391 1.43212
5.80162 5.86733 5.93513 6.00530 6.07709 6.15109 6.22741 6.30616 6.38764 6.47222 6.55901 6.63073 6.70449 6.79993 6.23129 6.19167 6.28293 6.37764 6.09214 5.01544 5.00988 5.00443 4.99893 4.99569 4.99569 4.99632 5.01031 5.02968 5.11432 4.34481 3.56465 3.56844 3.56844 3.56844 3.56844 3.52491 3.39916 3.27166 3.14401 3.01643 2.88870 2.78515 2.77555 2.84902 2.88797 2.49473 2.27488 2.22640 2.22261 2.22261 2.22261 2.22261 2.22261 2.22261 2.22261 2.22261 2.22261 2.22261 2.22261 2.11558 1.87725 1.83887 1.74303 1.74303 1.74303 1.73700 1.43329
7.85930 7.85930 7.85930 7.85930 7.85930 7.85930 7.85930 7.85930 7.85930 7.85930 7.85930 7.85001 7.81463 7.81463 7.29004 6.88910 6.88910 6.88910 6.80130 5.02213 4.99637 5.01051 5.02987 5.04923 5.06852 5.08714 5.09252 5.09252 5.10351 4.79744 3.37196 3.24431 3.11681 2.98916 2.86150 2.77746 2.77555 2.77555 2.77555 2.77555 2.77555 2.77555 2.77555 2.82033 2.90855 2.65397 2.27533 2.23944 2.22261 2.22261 2.22261 2.22261 2.22261 2.22261 2.22261 2.22261 2.22261 2.22261 2.22261 2.20176 1.88292 1.87531 1.69073 1.65769 1.63335 1.61211 1.41271
7.85930 7.85930 7.85930 7.85930 7.85930 7.85930 7.85930 7.85930 7.85930 7.85930 7.85930 7.85893 7.81837 7.81463 7.54196 6.89027 6.91174 6.94066 6.96970 5.33890 5.08739 5.09252 5.09252 5.09349 5.09521 5.09694 5.09866 5.10039 5.10211 5.15880 2.86335 2.77555 2.77555 2.77555 2.77555 2.77555 2.77555 2.77555 2.77555 2.77555 2.77555 2.77555 2.77555 2.79154 2.91666 2.81668 2.28435 2.25513 2.22261 2.22261 2.22261 2.22261 2.22261 2.22261 2.22269 2.22430 2.22651 2.22871 2.23091 2.23312 1.96371 1.88898 1.68561 1.60913 1.60913 1.60913 1.50461
7.85930 7.85930 7.85930 7.85930 7.85930 7.85930 7.85930 7.85930 7.85930 7.85930 7.86928 8.11686 8.09734 7.89552 7.88190 7.04894 7.03435 7.03592 7.03851 5.70056 5.09875 5.10047 5.10219 5.10294 5.10294 5.10294 5.10294 5.10294 5.10294 5.18840 3.45780 2.77555 2.77555 2.77555 2.77555 2.77555 2.77555 2.77555 2.77555 2.77555 2.77555 2.77555 2.77555 2.77559 2.90405 2.87235 2.40856 2.27201 2.22371 2.22300 2.22502 2.22723 2.22943 2.23163 2.23376 2.23435 2.23435 2.23435 2.23435 2.23435 2.05459 1.88898 1.75936 1.58258 1.56599 1.55656 1.56100
7.85930 7.85930 7.85930 7.85930 7.85930 7.86048 8.06423 8.41351 8.76228 9.11138 9.45034 9.43013 8.52343 6.80163 6.14347 6.71750 7.04897 7.04997 7.04997 6.09682 5.10294 5.10294 5.10294 5.10294 5.10294 5.10294 5.10294 5.10294 5.10294 5.13682 4.13374 2.77555 2.77555 2.77555 2.77555 2.77555 2.77555 2.77555 2.77555 2.77555 2.77555 2.77555 2.77555 2.77555 2.81577 2.66774 2.35741 2.28538 2.24485 2.23417 2.23435 2.23435 2.23435 2.23435 2.23435 2.23435 2.23435 2.23179 2.20181 2.15905 2.03954 1.86115 1.80928 1.58900 1.59621 1.59621 1.59621
7.94212 8.01228 8.36054 8.70948 9.05859 9.31613 9.20578 8.88701 8.49118 7.98787 7.32550 6.92306 6.69416 3.77919 3.73972 5.88691 7.04997 7.04997 7.04997 6.56007 5.10294 5.10294 5.10294 5.10294 5.10294 5.10294 5.10294 5.10294 5.10294 5.10356 4.79087 2.77555 2.77555 2.77555 2.77555 2.77555 2.77555 2.77555 2.77555 2.69191 2.52403 2.35606 2.18818 2.02021 1.98284 2.04660 2.03763 2.29098 2.26285 2.23435 2.23435 2.22708 2.21164 2.18748 2.14210 2.09166 2.03615 1.98036 1.96645 1.96645 1.96288 1.87852 1.87567 1.62791 1.59545 1.59000 1.58415
9.40361 8.94094 8.56002 8.07654 7.44359 6.93146 6.92306 6.92306 6.92306 6.92306 6.92306 6.92306 6.92306 4.46782 3.73972 4.88692 7.04997 7.04997 7.04997 7.00563 5.15437 5.10294 5.10294 5.10294 5.10294 5.10294 5.10294 5.10294 5.10294 5.10294 5.20095 2.99059 2.77169 2.76444 2.65158 2.47845 2.30540 2.13248 1.95937 1.87005 1.86489 1.85983 1.85466 1.84960 1.86813 1.87204 1.76096 2.02615 2.02980 1.97122 1.90000 1.84209 1.80250 1.77186 1.76302 1.75519 1.74725 1.73946 1.73163 1.72386 1.71595 1.68787 1.67640 1.50028 1.38565 1.38506 1.38506
6.92306 6.92306 6.92306 6.92306 6.92306 6.92306 6.92306 6.92306 6.92306 6.92306 6.92306 6.92306 6.92306 5.38552 3.73972 3.80657 6.92814 7.04997 7.04997 7.04997 5.35569 5.00788 5.00276 4.99761 4.99256 4.98736 4.98234 4.97713 4.97331 4.99505 4.97776 3.03443 1.98817 1.82228 1.76228 1.76228 1.76228 1.76228 1.75100 1.69359 1.62473 1.54703 1.45861 1.35715 1.35847 1.69370 1.98969 2.45819 2.76052 1.87343 1.68492 1.68492 1.68492 1.68492 1.68492 1.68492 1.68492 1.68492 1.68492 1.68492 1.68492 1.67415 1.66492 1.57284 1.38506 1.38506 1.38506
6.92306 6.92306 6.92306 6.92306 6.92306 6.92306 6.92306 6.92306 6.92306 6.92306 6.92306 6.92306 6.92306 6.30352 3.73972 3.73972 6.39253 7.04997 7.04997 7.04997 5.67163 4.95548 4.95548 4.95690 4.98438 5.02167 5.05862 5.09587 5.13172 5.14192 5.08697 3.32926 1.74086 1.67837 1.60756 1.52751 1.43629 1.33154 1.23487 1.23089 1.48491 1.81702 2.09140 2.32200 2.46861 2.48173 2.48234 2.59423 2.80022 2.20480 1.68492 1.68492 1.68492 1.68492 1.68492 1.68492 1.68492 1.68492 1.68492 1.68492 1.68492 1.67984 1.66492 1.62697 1.37648 1.36825 1.36012
6.92306 6.92306 6.92306 6.92306 6.92306 6.92306 6.92306 6.92306 6.92306 6.92306 6.92306 6.92306 6.92306 6.90905 4.05169 3.73972 5.62521 7.04997 7.05258 7.09450 6.18828 5.05948 5.09662 5.13239 5.14192 5.14192 5.02454 4.70741 4.34674 3.93559 3.46713 1.94048 1.22712 1.22583 1.22583 1.29590 1.63356 1.93933 2.19383 2.40648 2.47530 2.47530 2.47530 2.47530 2.47530 2.48031 2.48234 2.50735 2.79736 2.53629 1.68492 1.68492 1.68492 1.68492 1.68492 1.68492 1.68492 1.68327 1.63872 1.56839 1.48747 1.39413 1.38098 1.34054 1.34028 1.34028 1.34028
6.92306 6.92306 6.92306 6.92306 6.92306 6.92306 6.92306 6.92306 6.92306 6.92306 6.92306 6.92306 6.92306 6.91209 4.94627 3.94275 4.76945 7.26264 7.31612 7.32963 6.76241 4.70005 4.33911 3.92661 3.45649 2.91118 2.53668 2.53277 2.53277 2.53277 2.53277 2.07180 1.77020 2.05264 2.28903 2.45861 2.47530 2.47530 2.47530 2.47530 2.47530 2.47530 2.47530 2.47530 2.47530 2.47884 2.48234 2.48234 2.73261 2.78565 1.76690 1.68492 1.67561 1.61726 1.54377 1.45894 1.35985 1.24600 1.20798 1.20798 1.20798 1.20798 1.30827 1.34028 1.34028 1.36726 1.46692
6.92306 6.92306 6.92306 6.92306 6.92306 6.92306 6.92306 6.92306 6.92062 6.76244 6.51058 6.25885 6.00688 5.76601 5.24022 4.29903 4.29903 6.00655 5.56498 4.84202 4.28648 2.59125 2.53277 2.53277 2.53277 2.53277 2.53277 2.53277 2.53277 2.53277 2.89151 3.17678 2.47530 2.47530 2.47530 2.47530 2.47530 2.47530 2.47530 2.47530 2.47530 2.47530 2.47530 2.47530 2.47530 2.47736 2.48234 2.48403 2.64651 2.82847 1.93455 1.32455 1.22102 1.20798 1.20798 1.20798 1.20798 1.20798 1.20798 1.20798 1.21429 1.33014 1.55986 1.80413 1.96908 2.10680 2.17203
6.92306 6.92306 6.92306 6.92306 6.80195 6.55010 6.29837 6.04640 5.79698 5.70344 5.70344 5.70344 5.70344 5.70344 5.61905 4.32431 4.29903 4.29903 4.29903 4.29903 4.29903 2.80442 2.53277 2.53277 2.53277 2.53277 2.53277 2.53277 2.53277 2.53277 2.62994 3.33691 2.55731 2.47530 2.47530 2.47530 2.47530 2.47530 2.47530 2.47530 2.47530 2.47530 2.47775 2.48260 2.48745 2.49300 2.50420 2.50735 2.56769 2.88092 2.30325 1.20798 1.20798 1.20798 1.20798 1.20798 1.26413 1.41781 1.57342 1.72895 1.87817 1.91785 1.98166 2.22162 2.22162 2.22162 2.22162
6.58962 6.33776 6.08603 5.83418 5.70344 5.70344 5.70344 5.70344 5.70344 5.70344 5.70344 5.70344 5.70344 5.70344 5.70344 4.64466 4.29903 4.29903 4.29903 4.29903 4.29903 3.08109 2.53277 2.53277 2.53277 2.53277 2.53277 2.53277 2.53277 2.53277 2.53277 3.21335 2.80067 2.47530 2.47530 2.47530 2.47537 2.47857 2.48343 2.48827 2.49754 2.52185 2.54516 2.56571 2.58674 2.60723 2.50692 2.47593 2.47517 2.78695 2.70787 1.18016 1.27472 1.42475 1.57461 1.72463 1.81841 1.81455 1.80889 1.80329 1.79769 1.79211 1.78693 2.10318 2.12653 2.12281 2.11907
5.70344 5.70344 5.70344 5.70344 5.70344 5.70344 5.70344 5.70344 5.70344 5.70344 5.70344 5.70344 5.70344 5.70344 5.70344 5.04855 4.29903 4.29903 4.29903 4.29903 4.29903 3.57163 2.88342 2.91515 2.94579 2.97716 3.00834 3.03917 3.07081 3.10127 3.13309 3.51110 3.49797 2.94659 2.97199 2.99788 3.02302 3.04588 3.06637 3.08722 3.10354 3.10474 3.10474 3.10474 3.10474 3.10474 2.60278 2.31835 2.16201 2.07280 1.88835 1.69467 1.71927 1.71927 1.71927 1.71927 1.71927 1.71927 1.71927 1.71927 1.71927 1.71927 1.71927 1.98424 2.08923 2.08923 2.08923
5.70344 5.70344 5.70344 5.70344 5.70344 5.70344 5.70344 5.70344 5.70344 5.70344 5.70344 5.70344 5.70344 5.70344 5.70344 5.45308 4.29903 4.29903 4.29903 4.29903 4.29903 4.12460 3.43932 3.43932 3.43932 3.43932 3.44020 3.45456 3.47349 3.49242 3.51135 3.64504 3.95037 3.11616 3.10474 3.10474 3.10474 3.10474 3.10474 3.10474 3.10474 3.10474 3.09922 2.98370 2.82554 2.66732 2.15538 1.67797 1.67615 1.66390 1.63403 1.67252 1.71927 1.71927 1.71927 1.71927 1.71927 1.71927 1.71927 1.71927 1.71927 1.71927 1.71927 1.89065 2.08923 2.08923 2.08923
5.70344 5.70344 5.70344 5.70344 5.70344 5.70344 5.70344 5.70344 5.70344 5.70344 5.70344 5.70344 5.70344 5.70344 5.70344 5.70063 4.45562 4.29903 4.29903 4.29903 4.29903 4.30045 3.49728 3.47349 3.49242 3.51135 3.52940 3.53398 3.53398 3.53398 3.53398 3.53462 3.97165 3.31134 3.10474 3.10474 3.10474 3.10474 3.06777 2.91737 2.75929 2.60113 2.44850 2.40587 2.40587 2.40587 2.20019 1.67615 1.67615 1.67316 1.63422 1.64714 1.71927 1.71927 1.71927 1.71927 1.71927 1.71927 1.71927 1.71927 1.71927 1.71927 1.71927 1.77464 2.08886 2.08923 2.08923
5.70344 5.70344 5.70344 5.70344 5.70344 5.70344 5.70344 5.70344 5.70344 5.70344 5.70344 5.70344 5.70344 5.70344 5.70344 5.70344 4.85904 4.32951 4.36737 4.40524 4.44310 4.47920 3.70147 3.53398 3.53398 3.53398 3.53398 3.53398 3.53398 3.53398 3.53398 3.53398 3.85515 3.57020 3.00942 2.85126 2.69304 2.53488 2.41376 2.40587 2.40587 2.40587 2.40587 2.40587 2.40587 2.40587 2.34746 1.67710 1.67615 1.67615 1.64451 1.63404 1.70703 1.71927 1.71927 1.71927 1.71927 1.71927 1.71927 1.71927 1.71927 1.71927 1.71927 1.71927 2.04802 2.08923 2.08923
5.70344 5.70344 5.70344 5.70344 5.70344 5.70344 5.70344 5.70344 5.70344 5.70344 5.70344 5.70344 5.70344 5.70344 5.70344 5.70344 4.64633 4.48834 4.48834 4.48834 4.48834 4.48834 3.85584 3.53398 3.53398 3.53398 3.53398 3.53398 3.53398 3.55338 3.71102 3.86600 3.86704 3.19477 2.40587 2.40587 2.40587 2.40587 2.40587 2.40587 2.40587 2.40587 2.40587 2.40587 2.40587 2.40587 2.40587 1.76673 1.67615 1.67615 1.65701 1.63403 1.68168 1.71927 1.71927 1.71927 1.71927 1.71927 1.71927 1.71927 1.71927 1.71927 1.71927 1.71043 1.83790 1.74739 1.53872
5.70344 5.70344 5.70344 5.70344 5.70344 5.70344 5.70344 5.70344 5.70344 5.70344 5.70344 5.70344 0.00000 0.00000 0.00000 0.00000 4.48834 4.48834 4.48834 4.48834 4.48834 4.48834 4.05959 3.53398 3.53398 3.58791 3.75997 3.90621 4.02770 4.12140 4.13665 4.13665 4.11562 3.35184 2.48689 2.40587 2.40587 2.40587 2.40587 2.40587 2.40587 2.40587 2.40587 2.40587 2.40587 2.42709 2.47478 1.94479 1.65161 1.64171 1.63420 1.63403 1.65632 1.71927 1.71927 1.71927 1.71927 1.71927 1.71927 1.66970 1.56719 1.46472 1.36221 1.26863 1.08253 0.841628 0.841628
