High_resolution/powerplant/Fengdu/OMI_NO2_200704.asc
ncols      200
nrows      200
xllcorner       105.978
yllcorner       28.1831
cellsize     0.0166667
NODATA_Value      -999.000
[rows 29 to 57 of 200, columns 66 to 131 of 200]
2.47173 2.08776 2.11411 2.64491 2.66343 2.66343 2.66343 2.75525 2.77189 2.77189 2.77189 2.77189 2.77297 2.79495 2.82497 2.85495 2.88494 2.91491 2.94481 2.95787 2.95972 2.99287 2.76032 2.21569 2.26185 2.30690 2.17461 2.09883 2.02303 1.94723 1.87366 1.82555 1.81782 1.81782 1.81782 1.81782 1.81782 1.73926 1.50263 1.50263 1.50263 1.50263 1.50859 1.25138 1.23313 1.31392 1.33317 1.33317 1.33317 1.33317 1.33317 1.33317 1.41921 1.53839 1.53957 1.53957 1.53957 1.53957 1.53957 1.53957 1.54114 1.68101 1.61574 1.54255 1.47552 1.41401
2.61813 2.08776 2.08776 2.49331 2.66343 2.66343 2.66909 2.76521 2.83101 2.86101 2.90418 2.97703 3.04605 3.09205 3.12846 3.16292 3.19545 3.22648 3.25574 3.28367 3.30917 3.30887 3.14649 2.60535 2.51560 2.26910 1.81789 1.81782 1.81782 1.81782 1.81782 1.81782 1.81782 1.81782 1.81782 1.81782 1.81782 1.81012 1.51653 1.50263 1.50263 1.50263 1.52658 1.29270 1.30693 1.33317 1.33317 1.33317 1.33317 1.33317 1.33317 1.33317 1.39102 1.51549 1.53771 1.49245 1.43231 1.36379 1.29765 1.23674 1.17997 1.25982 1.27513 1.27513 1.27513 1.27513
2.76277 2.15194 2.20216 2.48848 2.89519 2.95362 3.00624 2.99811 3.00149 3.29600 3.31493 3.31573 3.31573 3.31573 3.31573 3.31573 3.31573 3.28874 3.20855 3.12684 3.04518 2.97042 2.94980 2.53858 2.47024 2.40123 1.81858 1.81782 1.81782 1.81782 1.81782 1.81782 1.81782 1.81782 1.81782 1.81782 1.81782 1.81782 1.59369 1.50263 1.50263 1.50263 1.51103 1.36257 1.28064 1.33317 1.33317 1.33317 1.33311 1.33296 1.33281 1.33263 1.36095 1.31836 1.17032 1.14438 1.13006 1.12714 1.12714 1.12714 1.12714 1.21853 1.27513 1.26835 1.24746 1.22614
3.13315 2.56095 2.43977 2.49379 3.01112 3.01543 3.01543 3.01266 2.95916 3.28384 3.31573 3.31573 3.31383 3.25725 3.17569 3.09403 3.01233 2.95769 2.95629 2.95629 2.95629 2.95629 2.95629 2.66573 2.47099 2.47024 1.89880 1.81782 1.81782 1.81782 1.81782 1.81782 1.81782 1.81782 1.81782 1.81782 1.81782 1.81782 1.67844 1.50263 1.50263 1.50260 1.50244 1.42494 1.25727 1.32742 1.33241 1.32865 1.31653 1.30415 1.29179 1.27945 1.28827 1.30622 1.12714 1.12714 1.12714 1.12714 1.12714 1.12465 1.10616 1.14318 1.21151 1.19695 1.19652 1.19652
3.14170 2.70726 2.43977 2.43977 2.88719 3.01543 3.01543 3.01543 2.95140 3.11105 3.14284 3.06118 2.98138 2.95629 2.95629 2.95629 2.95629 2.95629 2.95629 2.95629 2.95629 2.95629 2.95629 2.78462 2.48648 2.47024 2.04823 1.81782 1.81782 1.81782 1.81782 1.81782 1.81782 1.81782 1.81780 1.80671 1.78636 1.76606 1.70076 1.50175 1.50156 1.50140 1.49784 1.45433 1.22489 1.26537 1.28326 1.27450 1.27416 1.27416 1.27416 1.27416 1.27531 1.35836 1.13514 1.12684 1.11285 1.09153 1.07020 1.05068 1.04317 1.06638 1.24354 1.25775 1.27222 1.28676
3.14170 2.85363 2.43977 2.43977 2.68512 2.84985 2.74111 2.63222 2.51674 2.70637 2.95629 2.95629 2.95629 2.95629 2.95629 2.95629 2.95629 2.95629 2.95629 2.95629 2.95629 2.95629 2.95629 2.89771 2.50782 2.47024 2.19756 1.81782 1.81567 1.79831 1.77800 1.75767 1.73736 1.71702 1.69673 1.68750 1.68750 1.68750 1.66813 1.45805 1.39707 1.35426 1.31498 1.34421 1.18429 1.19025 1.25447 1.25127 1.24489 1.23821 1.23155 1.22491 1.21196 1.27528 1.10348 1.01271 1.00006 0.994728 0.989404 0.984794 0.984151 0.985913 1.35999 1.38758 1.38758 1.38758
3.16663 3.05777 2.53016 2.56291 2.57238 2.53618 2.53618 2.53753 2.52945 2.58730 2.96528 2.96800 2.97063 2.97334 2.97599 2.97868 2.98134 2.98401 2.98668 2.98936 2.99204 2.99468 2.97991 2.92934 2.56781 2.45080 2.28288 1.63174 1.61047 1.60450 1.60151 1.59852 1.59543 1.58764 1.55001 1.50719 1.46211 1.41552 1.38777 1.26504 1.19389 1.19012 1.18636 1.18551 1.10713 1.02052 1.12957 1.13523 1.13240 1.11712 1.10006 1.08300 1.07220 1.15342 1.11317 0.984151 0.984151 0.984151 0.984151 0.984151 0.984151 0.984151 1.26978 1.38758 1.38758 1.38758
3.27707 3.26178 2.68304 2.66905 2.67257 2.63950 2.63659 2.63885 2.63843 2.58874 3.00661 3.03329 3.03329 3.03329 3.03329 3.03329 3.00632 2.95208 2.89776 2.84352 2.78914 2.73489 2.69803 2.69699 2.57071 2.39526 2.31445 1.58348 1.56332 1.53869 1.49510 1.45151 1.40796 1.36916 1.36021 1.35646 1.35490 1.35490 1.35490 1.28599 1.16877 1.16877 1.16877 1.16877 1.12258 1.00853 1.07113 1.08836 1.07380 1.07202 1.07202 1.07202 1.07202 1.12290 1.17780 0.984151 0.984151 0.984151 0.984151 0.984151 0.984151 0.984151 1.17777 1.38758 1.38610 1.40265
3.27576 3.27576 2.80996 2.68196 2.68196 2.65859 2.63885 2.63885 2.63885 2.60002 2.87802 2.94155 2.88724 2.83292 2.77133 2.67878 2.60670 2.56071 2.51208 2.46096 2.40691 2.34969 2.28920 2.22473 2.05101 1.71830 1.65022 1.40932 1.37385 1.35490 1.35490 1.35490 1.35490 1.35490 1.35490 1.35490 1.35490 1.35490 1.35490 1.33549 1.16910 1.16877 1.16877 1.16877 1.14918 1.00853 1.02732 1.07202 1.07202 1.07202 1.07202 1.07202 1.07202 1.09492 1.22552 1.00100 0.984151 0.984151 0.995591 1.02391 1.03478 1.04302 1.19863 1.66687 1.71642 1.75357
3.27576 3.27576 2.93370 2.67896 2.59904 2.47595 2.32974 2.21716 2.10397 2.05787 2.26267 2.32304 2.26087 2.19491 2.13813 2.13288 2.13288 2.13288 2.13288 2.13288 2.08330 1.96949 1.85552 1.74150 1.62404 1.39473 1.51880 1.36633 1.35490 1.35490 1.35490 1.35490 1.35490 1.35490 1.35490 1.35490 1.35490 1.35490 1.35490 1.35490 1.19950 1.16877 1.16877 1.16877 1.16962 1.01465 1.00939 1.06711 1.07202 1.07202 1.07202 1.07017 1.06091 1.05267 1.18197 1.12827 1.13531 1.15977 1.16668 1.13599 1.13002 1.13002 1.15671 1.81095 1.75357 1.75352
2.96270 2.84958 2.51884 2.03286 2.00006 1.99964 1.96069 1.95695 1.95695 1.97546 2.13253 2.13288 2.13288 2.13288 2.13288 2.12635 2.03724 1.92327 1.80926 1.69524 1.63079 1.63059 1.63059 1.63059 1.63059 1.41247 1.50637 1.38985 1.35490 1.35490 1.35490 1.35490 1.35490 1.35490 1.35490 1.35490 1.35490 1.35490 1.35490 1.35490 1.24934 1.16877 1.16877 1.16877 1.16845 1.03292 0.986829 1.01894 1.03460 1.02457 1.00763 0.977228 0.951775 0.924689 1.00011 1.06023 1.13002 1.13002 1.13002 1.13002 1.13002 1.13002 1.10563 1.62719 1.61631 1.55474
2.59386 2.59386 2.49950 2.00006 2.00006 2.00006 1.97361 1.95695 1.95695 1.95695 2.10291 2.10128 1.99108 1.87696 1.76300 1.65551 1.63059 1.63059 1.63059 1.63059 1.63059 1.63059 1.63059 1.63059 1.63059 1.48585 1.45740 1.42606 1.34755 1.35490 1.35490 1.35490 1.35490 1.35490 1.35490 1.35490 1.35490 1.35490 1.34243 1.30129 1.22026 1.12673 1.11419 1.10164 1.08943 0.982906 0.893366 0.887443 0.933517 0.904523 0.883374 0.882807 0.882807 0.882807 0.956087 1.03827 1.13002 1.13002 1.12204 1.04540 0.952964 0.860495 0.792380 1.24653 1.51886 1.48649
2.59386 2.59386 2.58965 2.03373 2.00006 2.00006 1.98568 1.88281 1.76884 1.65487 1.63859 1.63431 1.63059 1.63059 1.63059 1.63059 1.63059 1.63059 1.63059 1.63059 1.63059 1.63059 1.63059 1.63059 1.63059 1.56171 1.40616 1.50324 1.30542 1.35490 1.35490 1.35430 1.32652 1.28416 1.24185 1.19954 1.15721 1.11488 1.08501 1.08387 1.08397 1.09251 1.10656 1.12237 1.14033 1.03029 0.735084 0.736890 0.871571 0.881875 0.880933 0.879995 0.878430 0.876258 0.922808 0.996593 0.981249 0.876015 0.756949 0.723365 0.709891 0.694576 0.677038 0.673608 0.915642 0.982869
2.59386 2.59386 2.59766 2.19501 2.08742 2.13321 2.15132 1.48443 1.45466 1.45466 1.50441 1.63059 1.63059 1.63059 1.63059 1.63005 1.62536 1.62005 1.61457 1.60926 1.60377 1.59848 1.59300 1.58767 1.58221 1.55044 1.24623 1.33282 1.13430 1.16611 1.12278 1.08016 1.06466 1.06372 1.06278 1.06184 1.06270 1.07251 1.08469 1.09849 1.11522 1.12887 1.13261 1.13579 1.13895 1.11038 0.641043 0.625816 0.756380 0.827177 0.824342 0.802255 0.740228 0.678560 0.636484 0.733455 0.693365 0.643804 0.643804 0.643804 0.643804 0.643804 0.643804 0.643804 0.827093 0.982869
2.68121 2.72591 2.76682 2.41977 2.09936 2.09389 2.08854 1.57266 1.33740 1.33200 1.33342 1.49188 1.49174 1.48637 1.48093 1.47614 1.47536 1.47536 1.47536 1.43707 1.30974 1.17892 1.04794 0.917114 0.786212 0.675391 0.783305 0.955456 0.917508 1.05095 1.05427 1.05766 1.06796 1.08420 1.10253 1.12340 1.14390 1.15023 1.15467 1.15910 1.16247 1.16390 1.16514 1.16514 1.16514 1.16514 0.702558 0.566837 0.633009 0.697752 0.636129 0.593811 0.592492 0.592492 0.593919 0.725855 0.714207 0.643804 0.643804 0.643804 0.643804 0.643804 0.643804 0.643804 0.695717 0.981251
2.76296 2.76296 2.76296 2.52827 2.03978 2.03978 2.03978 1.75703 1.29943 1.29943 1.29943 1.42878 1.47536 1.41292 1.28202 1.15111 1.02029 0.889389 0.758486 0.665879 0.662301 0.662301 0.662301 0.662301 0.662301 0.662301 0.736908 0.907520 0.896042 1.11364 1.13466 1.15418 1.16268 1.16268 1.16268 1.16268 1.16268 1.16268 1.16268 1.16268 1.16268 1.16326 1.16514 1.16514 1.16514 1.16514 0.864366 0.566837 0.567132 0.590674 0.592492 0.592492 0.592492 0.592492 0.592492 0.691376 0.729112 0.644429 0.643804 0.643804 0.643804 0.654396 0.724855 0.789230 0.840428 0.951480
2.76296 2.76296 2.76296 2.67899 2.03978 2.03978 2.03978 1.93064 1.17330 1.07856 0.991180 0.886314 0.730680 0.662301 0.662301 0.662301 0.662301 0.662301 0.662301 0.662301 0.662301 0.662301 0.662322 0.675484 0.703009 0.735729 0.813717 1.06835 0.972011 1.08184 1.16268 1.16268 1.16268 1.16268 1.16268 1.16268 1.16268 1.19388 1.31897 1.43745 1.39899 1.16273 1.16500 1.16514 1.16514 1.16514 0.997418 0.566837 0.566837 0.583900 0.592492 0.592492 0.592492 0.592492 0.592532 0.661586 0.737478 0.805468 0.876246 0.911917 0.941938 0.964860 0.968120 0.968120 0.968120 0.968120
2.76291 2.71581 2.62848 2.54098 1.79864 1.64425 1.55697 1.51590 0.947612 0.775550 0.775550 0.754010 0.662301 0.662301 0.662301 0.662301 0.662301 0.662301 0.664617 0.686005 0.715461 0.750662 0.793387 0.816210 0.816210 0.816210 0.816622 1.04586 1.06189 0.975637 1.16268 1.16268 1.23013 1.35839 1.47262 1.57510 1.66765 1.73378 1.73846 1.73846 1.66751 1.16268 1.16440 1.16514 1.16514 1.16514 1.10871 0.566837 0.567751 0.577796 0.596163 0.597698 0.599232 0.600767 0.602254 0.645184 0.748748 0.871485 0.968120 0.968120 0.968120 0.968120 0.968120 0.968120 0.968120 1.00187
2.27931 2.23908 2.23908 2.23908 1.73367 1.51590 1.51590 1.51590 1.17534 0.775550 0.775550 0.774950 0.672154 0.662301 0.670832 0.697201 0.728760 0.766739 0.808246 0.816210 0.816210 0.816210 0.816210 0.816210 0.816210 0.816210 0.827423 1.15094 1.42001 1.38368 1.60569 1.69530 1.73846 1.73846 1.73846 1.73846 1.73846 1.73846 1.73846 1.73846 1.73828 1.26255 1.19684 1.16826 1.16980 1.17133 1.17259 0.665056 0.582117 0.582344 0.601152 0.602688 0.602688 0.602688 0.602688 0.621642 0.748748 0.813401 0.968120 0.968120 0.968120 0.983797 1.05102 1.12225 1.19350 1.23098
2.23908 2.23908 2.23908 2.23908 1.88443 1.51590 1.51590 1.51590 1.40265 0.776507 0.800781 0.839733 0.793708 0.784236 0.815587 0.816210 0.816210 0.816210 0.816210 0.816210 0.816210 0.816210 0.816210 0.816210 0.845297 1.54823 1.67195 1.75996 1.87096 1.69445 1.73836 1.73846 1.73846 1.73846 1.73846 1.75521 1.79765 1.84045 1.88314 1.92591 1.96862 1.75346 1.47111 1.17533 1.17533 1.17533 1.17533 0.835815 0.582129 0.582129 0.595713 0.602688 0.602688 0.602688 0.602688 0.604372 0.741381 0.764045 1.02456 1.10017 1.17139 1.22699 1.23101 1.23101 1.23101 1.23101
2.23908 2.23908 2.23908 2.23908 2.03524 1.50379 1.42246 1.31551 1.18664 0.971055 0.986084 0.986084 0.922432 0.816210 0.816210 0.816210 0.816210 0.816210 0.816210 0.816210 0.816210 0.816210 0.816210 0.816210 0.813822 1.55225 1.69222 1.70442 1.85953 1.78987 1.83700 1.90237 1.95016 1.99777 2.04554 2.07643 2.08176 2.08670 2.09164 2.09660 2.10166 1.99377 1.65968 1.35314 1.31939 1.30005 1.27335 1.09036 0.841510 0.851458 0.839048 0.795409 0.802089 0.808829 0.841141 0.895214 0.940271 1.07472 1.17939 1.23101 1.23101 1.23101 1.23101 1.23101 1.23101 1.23101
2.21277 2.19606 2.15589 2.10746 1.97547 0.964885 0.938595 0.934459 0.930202 0.926078 0.921809 0.917684 0.895601 0.739757 0.735149 0.731012 0.726768 0.722619 0.718386 0.714226 0.710005 0.705833 0.710699 0.768535 0.837351 1.40971 1.80766 1.85474 2.09486 2.15162 2.17464 2.19197 2.19197 2.19140 2.18789 2.18380 2.17952 2.17503 2.17031 2.16535 2.16013 2.13521 1.56874 1.19736 0.954193 0.942580 0.942580 0.942580 0.942580 0.942580 0.941731 0.925059 1.04614 1.15809 1.23714 1.29125 1.39270 1.45888 1.18622 1.23101 1.23101 1.23101 1.23101 1.23101 1.23101 1.23101
1.87410 1.81911 1.81756 1.81756 1.81756 0.992469 0.865493 0.865493 0.865493 0.865493 0.865493 0.865493 0.865493 0.724328 0.695619 0.695619 0.713593 0.781412 0.851993 0.922662 0.993243 1.06387 1.12542 1.13401 1.13401 1.34637 1.91126 1.91126 2.04352 2.15479 2.14465 2.14785 2.14164 2.13606 2.13538 2.13538 2.13538 2.13538 2.13538 2.13538 2.13538 2.13538 1.70039 1.28022 0.942580 0.945118 1.02709 1.13206 1.22160 1.29892 1.36636 1.37315 1.35241 1.35241 1.35241 1.35241 1.38679 1.45939 1.27397 1.23101 1.23101 1.23101 1.23101 1.23101 1.23064 1.19450
1.81756 1.81756 1.81756 1.81756 1.81756 1.18989 0.865493 0.865493 0.865493 0.865493 0.884227 0.939091 0.994290 0.985337 1.00793 1.07851 1.13116 1.13401 1.13401 1.13401 1.13401 1.13401 1.13401 1.13401 1.13401 1.14029 1.86142 1.91126 1.97781 2.15496 2.13995 2.13538 2.13538 2.13538 2.13538 2.13538 2.13538 2.13538 2.13538 2.13538 2.11986 2.03601 1.78511 1.62945 1.33344 1.39453 1.41335 1.41335 1.41335 1.41335 1.41335 1.39635 1.35241 1.35241 1.35241 1.35241 1.36826 1.45939 1.36082 1.14479 1.08390 1.02449 0.965153 0.905697 0.846731 0.823502
1.81756 1.81756 1.81756 1.81756 1.83723 1.46200 0.995460 1.05116 1.10689 1.16216 1.19913 1.20003 1.20003 1.18110 1.13401 1.13401 1.13401 1.13401 1.13401 1.13401 1.13401 1.13401 1.13401 1.13401 1.13401 1.13401 1.68878 1.91126 1.91994 2.14721 2.14397 2.13538 2.13538 2.13538 2.13538 2.09935 2.00557 1.89741 1.77216 1.62500 1.48455 1.47019 1.54017 1.76509 1.47406 1.41335 1.41335 1.41335 1.41335 1.41335 1.41335 1.41587 1.37225 1.37953 1.39256 1.40558 1.42054 1.55959 1.55771 0.940454 0.823502 0.823502 0.823502 0.823502 0.823502 0.823502
1.94860 2.00437 2.06010 2.11541 2.15139 1.91925 1.20003 1.20003 1.20003 1.20003 1.20003 1.20003 1.20003 1.19728 1.13579 1.13401 1.13401 1.13401 1.13401 1.13401 1.13401 1.13401 1.13401 1.13401 1.13401 1.13401 1.46983 1.91126 1.91126 2.08799 2.08494 1.97369 1.86070 1.72920 1.57413 1.47079 1.47019 1.47019 1.47019 1.47019 1.47019 1.47019 1.47090 1.74190 1.56810 1.42588 1.44324 1.46061 1.47798 1.49536 1.51273 1.52715 1.47233 1.43890 1.43890 1.43890 1.43890 1.53922 1.57471 1.16353 0.823502 0.823502 0.823502 0.823502 0.874218 0.993231
2.15210 2.15210 2.15210 2.15210 2.15210 2.10640 1.21012 1.20003 1.20003 1.20003 1.20003 1.20003 1.20003 1.20003 1.15102 1.13401 1.13401 1.13401 1.13401 1.13401 1.13401 1.13401 1.13401 1.13401 1.13401 1.13401 1.20357 1.54536 1.38375 1.36328 1.49482 1.47019 1.47019 1.47019 1.47019 1.47019 1.47019 1.47019 1.44623 1.33734 1.22098 1.10463 0.988272 1.21603 1.36567 1.52868 1.52868 1.52868 1.52868 1.52868 1.52868 1.52868 1.50362 1.43890 1.43890 1.43890 1.43890 1.50954 1.57471 1.37279 0.845842 0.956307 1.07567 1.19508 1.26378 1.26413
2.15210 2.15210 2.15210 2.15210 2.15210 2.15210 1.36172 1.20003 1.20003 1.20003 1.20003 1.20003 1.20003 1.20003 1.16897 1.13401 1.13401 1.13401 1.13401 1.13401 1.13401 1.13401 1.13401 1.13401 1.13401 1.13401 1.13401 1.13401 1.13401 1.20547 1.49928 1.47149 1.40597 1.29231 1.17664 1.05746 0.934919 0.808604 0.704689 0.691455 0.686092 0.680677 0.675110 0.936989 1.31074 1.58938 1.60168 1.60770 1.61404 1.62039 1.62685 1.63341 1.63932 1.51927 1.51154 1.51544 1.52273 1.60576 1.71821 1.75532 1.28880 1.26413 1.26413 1.26413 1.26413 1.26413
2.15210 2.15210 2.15210 2.15210 2.14504 2.12959 1.52778 1.16400 1.15471 1.14555 1.13629 1.12710 1.11787 1.10865 1.08638 1.02418 1.01497 1.00573 0.996549 0.987284 0.978125 0.968834 0.959702 0.950358 0.941278 0.935196 0.975820 1.03110 1.08670 1.14455 0.735427 0.540005 0.419092 0.416214 0.416214 0.416214 0.416214 0.416214 0.416214 0.416214 0.416214 0.416214 0.416214 0.519544 1.37601 1.68290 1.77728 1.77728 1.77728 1.77728 1.77728 1.77728 1.77728 1.67514 1.67256 1.64888 1.61349 1.52164 1.41019 1.30177 1.35823 1.26413 1.26413 1.26413 1.26413 1.26413
