High_resolution/powerplant/Fengdu/OMI_NO2_200904.asc
ncols      200
nrows      200
xllcorner       105.978
yllcorner       28.1831
cellsize     0.0166667
NODATA_Value      -999.000
[rows 87 to 115 of 200, columns 0 to 65 of 200]
3.76578 3.10618 3.08223 3.08223 3.08223 3.08223 3.08223 3.08223 3.08223 3.08509 3.09284 3.10067 3.10850 3.11503 3.78270 3.93260 3.93260 3.93260 3.93260 3.93260 3.93260 4.15654 4.76664 4.76664 4.76323 4.69809 4.47304 4.47304 4.47304 4.47304 4.47304 4.47304 4.47304 4.47304 4.47250 4.46998 4.46723 4.46454 4.36370 3.19248 3.18047 3.36160 3.56957 3.45219 3.31407 3.17587 3.03775 2.94823 2.93701 2.92689 2.33430 2.20174 2.19490 2.18800 2.18147 2.22995 2.31960 2.40940 2.49896 2.53659 2.33066 2.06200 2.05525 2.04838 2.04154 2.13307
3.53337 3.26271 3.08223 3.08223 3.08230 3.08719 3.09502 3.10279 3.11049 3.11534 3.11530 3.11518 3.11506 3.11493 3.60404 3.91443 3.91259 3.91079 3.90897 3.90717 3.90346 3.83271 4.57389 4.54468 4.44544 4.41855 4.41588 4.41311 4.41043 4.40768 4.40500 4.40224 4.39954 4.39682 4.39463 4.39446 4.39446 4.39446 4.50581 3.48039 3.58854 3.73853 2.75024 2.72943 2.72943 2.72943 2.72943 2.72943 2.72943 2.72943 2.38067 2.14240 2.23897 2.33551 2.43185 2.47309 2.47309 2.47309 2.47309 2.47309 2.41021 2.01217 2.01207 2.01207 2.01207 2.08386
3.09231 3.47941 3.09481 3.10252 3.11016 3.11297 3.11285 3.11279 3.11279 3.11279 3.11279 3.11279 3.11279 3.11279 3.42133 3.88021 3.88021 3.81501 3.66033 3.47101 3.23817 3.14339 3.97236 4.39446 4.39446 4.39446 4.39446 4.39446 4.39446 4.39446 4.39446 4.39446 4.39446 4.40628 4.62522 4.91952 5.21394 5.50824 5.69132 4.68218 4.19039 4.19039 2.94273 2.72943 2.72943 2.72943 2.72943 2.72943 2.72943 2.72943 2.68157 2.47335 2.47309 2.47309 2.47309 2.47309 2.47309 2.47309 2.47309 2.47309 2.47309 2.08556 2.01207 2.01207 2.01207 2.04908
2.45883 3.72457 3.11878 3.11279 3.11279 3.11279 3.11279 3.11279 3.11279 3.11279 3.11279 3.11279 3.11279 3.04918 2.99533 3.51019 3.28355 3.14339 3.14339 3.14339 3.14339 3.14339 3.59340 4.39446 4.39446 4.39446 4.39446 4.39446 4.39446 4.46618 4.74723 5.04152 5.33582 5.61842 5.69379 5.69379 5.69379 5.69379 5.69379 4.98740 4.19039 4.19039 3.38214 2.72943 2.72943 2.72943 2.72943 2.72943 2.72943 2.72943 2.72943 2.50737 2.47309 2.47309 2.47309 2.47309 2.47309 2.47309 2.47309 2.47309 2.47309 2.22184 2.01207 2.01118 1.99091 1.96975
2.30337 3.56134 3.23812 3.11279 3.11279 3.11279 3.11279 3.11279 3.11279 3.07643 2.87306 2.60712 2.27731 2.00149 2.01552 3.10617 3.14339 3.14339 3.14339 3.14339 3.14339 3.14339 3.23284 4.37594 4.39628 4.57481 4.86910 5.16340 5.45783 5.68040 5.69379 5.69379 5.69379 5.69379 5.69379 5.69379 5.69379 5.69379 5.69379 5.29267 4.19039 4.19039 3.82077 2.72943 2.72943 2.72943 2.72943 2.72943 2.72943 2.72943 2.72943 2.57607 2.47309 2.47309 2.47309 2.47309 2.47309 2.47309 2.47309 2.48696 2.52332 2.41116 1.91556 1.88843 1.88064 1.88064
2.30337 3.14127 3.43367 3.11279 3.11279 3.09578 2.91792 2.66189 2.34572 2.02637 1.99227 1.99227 1.99227 1.99227 1.99227 2.89078 3.14339 3.14339 3.14339 3.14339 3.15975 3.30031 3.46648 4.86881 5.57789 5.69379 5.69379 5.69379 5.69379 5.69379 5.69379 5.69379 5.69379 5.69379 5.69379 5.69379 5.69379 5.69379 5.69379 5.59286 4.19550 4.19039 4.16453 2.82395 2.72943 2.72943 2.72943 2.72943 2.72943 2.72943 2.72943 2.66448 2.47309 2.47309 2.47647 2.50719 2.54389 2.58056 2.61727 2.64009 2.64041 2.62719 1.92919 1.88064 1.88064 1.88052
2.30337 2.51090 3.51233 2.71470 2.41129 2.06624 1.99227 1.99227 1.99227 1.99227 1.99227 1.99227 1.99227 1.99227 1.99227 2.65242 3.18721 3.34705 3.51329 3.67938 3.82912 3.85473 3.85473 4.68293 5.69379 5.69379 5.69379 5.69379 5.69379 5.69379 5.69379 5.69379 5.69379 5.69379 5.69379 5.69379 5.69379 5.69379 5.69379 5.69379 4.39979 4.19039 4.19039 3.23679 2.72943 2.72943 2.72943 2.72943 2.72943 2.72943 2.75638 2.81091 2.59182 2.60113 2.63444 2.64041 2.64041 2.64041 2.64041 2.64041 2.64041 2.64191 2.15213 1.86737 1.85746 1.84543
2.30337 2.30337 2.30337 2.02017 1.99227 1.99227 1.99227 1.99227 1.99227 1.99227 1.99227 1.99227 2.07663 2.24280 2.40882 2.99660 3.84854 3.85473 3.85473 3.85473 3.85473 3.85473 3.85473 4.12586 5.69379 5.69379 5.69379 5.69379 5.69379 5.69379 5.69379 5.69379 5.69379 5.69379 5.69379 5.69379 5.69379 5.69379 5.69379 5.69379 4.70470 4.19039 4.19039 3.67855 2.74237 2.76203 2.82278 2.88897 2.95513 3.02127 3.06079 3.07196 2.83854 2.71634 2.72384 2.73142 2.73884 2.74849 2.80719 2.89787 3.00785 3.14029 2.78239 2.06676 2.07817 2.08929
2.30337 2.30337 2.30337 2.08845 1.99227 1.99227 1.99227 1.99924 2.12344 2.28953 2.45570 2.62180 2.70360 2.70360 2.70147 2.87544 3.80072 3.77991 3.75911 3.73818 3.71749 3.69644 3.67588 3.65471 5.18652 5.45215 5.43147 5.41054 5.38973 5.36892 5.34805 5.32731 5.30632 5.28569 5.26458 5.24408 5.22285 5.20240 5.18117 5.16067 4.87378 4.68934 4.92828 5.05206 3.36604 3.37797 3.38357 3.38357 3.38357 3.38357 3.38357 3.38357 3.22916 2.91274 2.97659 3.07513 3.19483 3.33770 3.38357 3.38357 3.38357 3.38357 3.29501 2.25666 2.24391 2.24391
2.14798 2.13285 2.11772 2.03872 2.06222 2.22076 2.37928 2.53091 2.56531 2.55774 2.55018 2.54256 2.53497 2.52741 2.52197 2.52715 3.21282 3.25335 3.25335 3.25335 3.25335 3.25335 3.25335 3.25335 4.24853 5.09241 5.09241 5.09241 5.09241 5.09241 5.09241 5.09241 5.09241 5.09241 5.09241 5.09241 5.11241 5.30203 5.52995 5.75776 5.86054 5.59847 5.59847 5.59847 3.92812 3.38357 3.38357 3.38357 3.38357 3.39746 3.69775 4.04298 4.31241 3.48290 3.38357 3.38357 3.38357 3.38357 3.38357 3.38357 3.38357 3.38357 3.38357 2.50500 2.24391 2.24391
1.93964 1.93964 1.93964 1.94807 2.49331 2.52173 2.52173 2.52173 2.52173 2.52173 2.52173 2.52173 2.52173 2.52173 2.52173 2.52173 3.06693 3.25335 3.25335 3.25335 3.25335 3.25335 3.25335 3.25335 3.69141 5.09241 5.09241 5.09241 5.09241 5.09241 5.09241 5.09241 5.17069 5.39529 5.62331 5.85122 6.05894 6.09732 6.09732 6.09732 6.07017 5.60218 5.59847 5.59847 4.58959 3.38990 3.66648 4.01792 4.30245 4.53111 4.59126 4.59126 4.59126 3.96728 3.38357 3.38357 3.38357 3.38357 3.38357 3.38357 3.38357 3.38357 3.38357 2.84200 2.24391 2.24391
1.93964 1.93964 1.93964 1.93964 2.38064 2.52173 2.52173 2.52173 2.52173 2.52173 2.52173 2.52173 2.52173 2.52173 2.52173 2.52173 2.91556 3.25335 3.25335 3.25335 3.25335 3.25335 3.25335 3.25335 3.27615 4.95043 5.09241 5.09884 5.26083 5.48865 5.71656 5.94458 6.09401 6.09732 6.09732 6.09732 6.09732 6.09732 6.09732 6.09732 6.09732 5.67615 5.69604 5.83512 5.68611 4.51724 4.59126 4.59126 4.59126 4.59126 4.59126 4.59126 4.59126 4.32069 3.38357 3.38357 3.38357 3.38357 3.38357 3.38357 3.38357 3.38357 3.31705 3.00741 2.39827 2.45937
1.93964 1.93964 1.93964 1.93964 2.21200 2.52173 2.52173 2.52173 2.52173 2.52173 2.52173 2.52173 2.52173 2.52173 2.52173 2.52173 2.76419 3.25335 3.25335 3.25335 3.25335 3.25335 3.25335 3.29366 3.50717 4.90372 5.80992 6.03126 6.09732 6.09732 6.09732 6.09732 6.09732 6.09732 6.09732 6.09732 6.09732 6.09732 6.15214 6.24366 6.31740 6.15688 6.06786 6.06786 6.06771 4.80023 4.59126 4.59126 4.59126 4.59126 4.59126 4.59126 4.59126 4.56390 3.46364 3.38357 3.38357 3.36405 3.23878 3.09785 2.95692 2.81593 2.74158 2.74115 2.55548 2.53061
1.93964 1.93964 1.93964 1.93964 1.98290 2.51058 2.52173 2.52173 2.52173 2.52173 2.52173 2.52173 2.52173 2.52173 2.52173 2.52173 2.61275 3.25335 3.25335 3.34115 3.57230 3.80539 4.03856 4.23137 4.25108 4.86107 6.09732 6.09732 6.09732 6.09732 6.09732 6.09732 6.09732 6.09732 6.14420 6.23705 6.31200 6.37370 6.40043 6.40043 6.40043 6.25430 6.06786 6.06786 6.06786 5.24076 4.59126 4.59126 4.59126 4.59126 4.59126 4.59126 4.59096 4.53660 3.69866 3.01959 2.87859 2.75724 2.74151 2.74151 2.74151 2.74151 2.74151 2.74151 2.61750 2.53061
1.93964 1.93964 1.93964 1.93964 1.93964 2.41752 2.52173 2.52173 2.52173 2.52173 2.52173 2.52173 2.52173 2.52173 2.52423 2.67269 2.90656 3.80949 4.10381 4.24898 4.25108 4.25108 4.25108 4.25108 4.25108 4.34981 6.05163 6.09732 6.09732 6.09732 6.12956 6.23031 6.30652 6.36915 6.40027 6.40043 6.40043 6.40043 6.40043 6.40043 6.40043 6.32191 6.06786 6.06786 6.06786 5.68163 4.59126 4.59126 4.57221 4.48438 4.39047 4.29647 4.20286 4.16220 3.76633 2.72129 2.71167 2.70198 2.69233 2.68246 2.67281 2.66315 2.65346 2.64377 2.57226 2.41342
1.93964 1.93964 1.93964 1.93964 1.93964 2.26742 2.52173 2.52173 2.52173 2.52173 2.54299 2.73774 2.97091 3.20408 3.43474 3.51946 3.51946 4.03935 4.25108 4.25108 4.25108 4.25108 4.25061 4.24605 4.24080 4.23542 5.57267 6.07108 6.06583 6.06047 6.18044 6.36880 6.36529 6.36173 6.35822 6.35467 6.35113 6.34758 6.34406 6.34051 6.33699 6.31741 5.91135 5.90178 6.06307 6.29820 4.32532 4.05025 3.96889 3.95626 3.94969 3.94327 3.93684 3.93140 3.86133 2.43658 2.39294 2.39294 2.39294 2.39294 2.39294 2.39294 2.39294 2.39294 2.38549 2.19016
2.06872 2.11256 2.15640 2.20056 2.24451 2.35876 2.77502 3.02125 3.27614 3.53138 3.76522 3.82556 3.84759 3.86951 3.89143 3.91340 3.93532 4.04971 4.12155 4.11614 4.11094 4.10554 4.10080 4.09997 4.09997 4.09997 4.88534 5.94621 5.94621 5.94621 5.96338 6.28844 6.29969 6.29969 6.29969 6.29969 6.29969 6.29969 6.29969 6.33929 6.58289 6.85525 6.74195 6.93431 7.03902 7.03902 4.96879 3.93084 3.93084 3.93084 3.93084 3.93084 3.91550 3.79015 3.64318 2.77553 2.39294 2.39294 2.39294 2.39294 2.39294 2.39294 2.39294 2.39294 2.39294 2.24510
3.00377 3.00377 3.00377 3.00377 3.00377 3.00377 3.91754 4.05153 4.05153 4.05153 4.05153 4.05153 4.05153 4.05153 4.05153 4.05153 4.05153 4.06608 4.09997 4.09997 4.09997 4.09997 4.09997 4.09997 4.09997 4.09997 4.33030 5.94400 5.94621 5.94621 5.94621 6.21202 6.29969 6.29969 6.29969 6.42366 6.69602 6.96874 7.24110 7.47423 7.50323 7.50323 7.21032 7.03902 7.03902 7.03902 5.89229 3.93084 3.92023 3.80145 3.65448 3.50750 3.37587 3.35424 3.35424 3.04013 2.39294 2.39294 2.39294 2.39294 2.39294 2.39294 2.39294 2.39294 2.39294 2.30743
3.00377 3.00377 3.00377 3.00377 3.00377 3.00377 3.68148 4.05153 4.05153 4.05153 4.05153 4.05153 4.05153 4.05153 4.05153 4.05153 4.05153 4.05603 4.09995 4.09997 4.09997 4.09997 4.09997 4.09997 4.09997 4.09997 4.09997 5.61761 5.94621 5.94621 5.97402 6.40721 6.80927 7.08175 7.35453 7.50299 7.50323 7.50323 7.50323 7.50323 7.50323 7.50323 7.30414 7.03902 7.03222 6.92094 6.51963 3.54958 3.38244 3.35424 3.35424 3.35424 3.35424 3.35424 3.35424 3.27947 2.39812 2.39294 2.39294 2.39294 2.39294 2.39294 2.39294 2.39294 2.39285 2.35028
3.00377 3.00377 3.00377 3.00377 3.00377 3.00377 3.31283 4.05153 4.05153 4.05153 4.05153 4.05153 4.05153 4.05153 4.05153 4.05153 4.05153 4.05153 4.09448 4.09997 4.09997 4.09997 4.09997 4.09997 4.09997 4.09997 4.36201 5.90086 6.88046 7.28919 7.67029 7.73018 7.50724 7.50323 7.50323 7.50323 7.50323 7.50323 7.50323 7.50323 7.49943 7.39645 7.14358 6.63829 6.49812 6.46242 6.46242 4.05393 3.35424 3.35424 3.35424 3.35424 3.35424 3.35424 3.35424 3.35424 2.65928 2.39294 2.39294 2.39294 2.38643 2.35583 2.32298 2.29010 2.25736 2.24336
3.00377 3.00377 3.00377 3.00377 3.00377 3.00377 3.00523 3.97719 4.05153 4.05153 4.05153 4.05153 4.05153 4.05153 4.05153 4.05153 4.05153 4.05153 4.08451 4.09997 4.09997 4.10037 4.60019 5.54361 6.48704 7.43208 8.11346 8.05749 7.75153 7.75153 7.75153 7.75153 7.55472 7.50323 7.50323 7.50323 7.50162 7.40761 7.26071 7.11380 6.97063 6.92664 6.90793 6.46860 6.46242 6.46242 6.46242 4.97771 3.35424 3.35424 3.35424 3.35424 3.35424 3.35424 3.35424 3.35388 2.96621 2.33767 2.30482 2.27196 2.24562 2.24336 2.24336 2.24336 2.24336 2.24336
3.00377 3.00377 3.00377 3.00377 3.00377 3.00377 3.00377 3.75875 4.05153 4.05153 4.05153 4.05153 4.05153 4.05153 4.05153 4.05153 4.05153 4.09803 4.84296 5.81172 6.75676 7.69978 8.14379 8.14379 8.14379 8.14379 8.14379 8.14058 7.78551 7.75153 7.75153 7.75153 7.62666 7.41908 7.27210 7.12499 6.97963 6.92664 6.92664 6.92664 6.92664 6.92664 6.92664 6.54364 6.46242 6.46242 6.46242 5.90109 3.35424 3.35424 3.35424 3.34833 3.32721 3.30529 3.28340 3.26185 3.13160 2.24336 2.24336 2.24336 2.24336 2.24336 2.24336 2.24376 2.24748 2.25183
3.00377 3.00377 3.00377 3.00377 3.00377 3.00377 3.00377 3.43393 4.05153 4.05153 4.05153 4.05153 4.05153 4.22056 5.08796 6.03260 6.97643 7.87375 8.10840 8.14379 8.14379 8.14379 8.14379 8.14379 8.14379 8.14379 8.14379 8.14379 7.90098 8.20653 9.16606 9.98212 10.3273 7.15402 7.19889 7.27603 7.35452 7.43189 7.51016 7.58797 7.66557 7.74383 7.82143 7.07506 6.51002 6.51296 6.52050 6.62929 3.79354 3.35539 3.33637 3.32335 3.32549 3.32839 3.33130 3.33420 3.33692 2.56224 2.37603 2.38039 2.38474 2.38911 2.39352 2.39751 2.39816 2.39816
3.00377 3.00377 3.00377 3.00377 3.00377 3.06573 3.19923 3.36402 4.25483 4.71725 5.72160 6.73227 7.74252 8.58383 8.72692 8.79351 8.85994 8.92701 9.02376 10.1557 10.2795 10.3962 10.5133 10.6297 10.7474 11.0556 11.7928 12.4026 12.8143 12.9279 13.0095 13.0485 13.0485 10.0735 9.16922 9.16922 9.16922 9.16922 9.16922 9.16922 9.16922 9.16922 9.20364 8.25347 6.90225 7.05768 7.20844 7.25276 4.96932 3.35773 3.35773 3.35773 3.35773 3.35773 3.35773 3.33870 3.26015 2.82686 2.39816 2.39816 2.39816 2.39816 2.39816 2.39816 2.39816 2.39816
5.59199 5.72517 5.85899 5.99313 6.12599 6.19753 6.19753 6.19753 8.50484 9.68576 9.69223 9.69223 9.69223 9.69223 9.69223 9.69223 9.69223 9.69223 9.69223 11.2464 11.5077 11.6035 12.1477 12.6412 13.0423 13.2967 13.3100 13.3100 13.2976 13.0560 13.0485 13.0485 13.0485 11.3026 9.16922 9.16922 9.16922 9.16977 9.26040 9.41590 9.57126 9.72669 9.84769 9.28843 7.25276 7.25276 7.25276 7.25276 6.12782 3.35773 3.35773 3.34266 3.26638 3.18361 3.10090 3.03722 3.03299 2.92513 2.39816 2.39816 2.39816 2.39816 2.39816 2.39816 2.39816 2.39816
6.19753 6.19753 6.19753 6.19753 6.19753 6.19753 6.19753 6.19753 7.98494 9.69223 9.69223 9.69223 9.69223 9.69223 9.69223 9.69223 9.69223 9.74636 10.4086 12.0447 12.9742 13.2741 13.3100 13.3100 13.3100 13.3100 13.3100 13.3100 13.3100 13.1222 13.0485 13.0485 13.0485 12.5482 9.32944 9.48124 9.63674 9.79155 9.85635 9.85635 9.85635 9.85635 9.85635 9.76938 7.30023 7.25276 7.25276 7.24120 7.03925 3.35194 3.10713 3.03949 3.03299 3.03299 3.03299 3.03299 3.03299 3.02879 2.47791 2.39816 2.39816 2.39816 2.39816 2.39816 2.39816 2.39816
6.19753 6.19753 6.19753 6.19753 6.19753 6.19753 6.19753 6.19753 6.59316 9.65479 9.69223 9.69223 9.69223 9.70377 10.2639 10.9798 11.5570 12.0065 12.0998 12.6342 13.3100 13.3100 13.3100 13.3100 13.3100 13.3100 13.3100 13.3100 13.3100 13.3393 13.2706 13.4260 13.5815 13.7168 10.5696 9.85635 9.85635 9.85635 9.85635 9.85635 9.85635 9.85635 9.85635 9.84784 7.66318 7.09114 7.00836 6.93721 6.92802 4.22502 3.03299 3.03299 3.03299 3.03299 3.03299 3.03299 3.03299 3.03299 2.70880 2.39816 2.39816 2.39816 2.39816 2.37621 2.30107 2.22352
6.19753 6.19753 6.19753 6.19753 6.19753 6.19753 6.19753 6.19753 6.19753 9.15591 10.1126 10.8599 11.4591 11.9450 12.0998 12.0998 12.0998 12.0998 12.0998 12.3834 13.3100 13.3100 13.3100 13.3100 13.3204 13.6841 14.2205 14.7567 15.2928 15.3826 13.7388 13.7357 13.7357 13.7357 11.7987 9.85635 9.85635 9.85635 9.85635 9.85047 9.78367 9.70096 9.61819 9.54399 7.94584 6.92802 6.92802 6.92802 6.92802 5.38438 3.03299 3.03299 3.03299 3.03299 3.03299 3.03299 3.03299 3.03299 2.89011 2.33528 2.25770 2.18018 2.10267 2.04703 2.04470 2.04470
6.19753 6.19753 6.19753 6.19753 6.19753 6.19753 6.19753 6.19753 6.22746 11.4011 12.0996 12.0998 12.0998 12.0998 12.0998 12.0998 12.0998 12.0998 12.0998 12.1500 13.3557 13.8382 14.3745 14.9109 15.4363 15.6092 15.6092 15.6092 15.6092 15.6092 14.0768 13.7357 13.7357 13.7357 13.0285 9.85255 9.78991 9.70720 9.62446 9.54759 9.53162 9.53162 9.53162 9.53162 8.47451 6.92802 6.92802 6.92802 6.92802 6.52709 3.04935 3.03299 3.03299 3.03299 3.01339 2.96216 2.91048 2.85878 2.79340 2.09611 2.04470 2.04470 2.04470 2.04470 2.04470 2.04470
