High_resolution/powerplant/Fengdu/OMI_NO2_201110.asc
ncols      200
nrows      200
xllcorner       105.978
yllcorner       28.1831
cellsize     0.0166667
NODATA_Value      -999.000
[rows 0 to 29 of 200, columns 132 to 197 of 200]
0.00000 0.00000 0.00000 0.00000 0.00000 0.00000 0.00000 0.00000 1.97587 1.97587 1.97587 1.97587 1.97587 1.97587 1.97587 1.97587 1.97587 1.97587 1.97587 1.97587 1.97587 0.00000 0.00000 0.00000 0.00000 0.00000 0.00000 0.00000 0.00000 0.00000 0.00000 0.00000 0.00000 0.00000 0.00000 0.00000 0.00000 1.53141 1.53141 1.53141 1.53141 1.53141 1.53141 1.53141 1.53141 1.53141 1.53141 1.53141 0.00000 0.00000 0.00000 0.00000 0.00000 0.00000 0.00000 0.00000 0.00000 0.00000 0.00000 0.00000 0.00000 0.00000 0.00000 0.00000 0.00000 0.00000
0.00000 0.00000 0.00000 0.00000 0.00000 1.97587 1.97587 1.97587 1.97587 1.97587 1.97587 1.97587 1.97587 1.97587 1.97587 1.97587 1.97587 1.97587 1.97587 1.97587 1.97587 1.97587 0.00000 0.00000 0.00000 0.00000 0.00000 0.00000 0.00000 0.00000 0.00000 0.00000 0.00000 0.00000 1.53141 1.53141 1.53141 1.53141 1.53141 1.53141 1.53141 1.53141 1.53141 1.53141 1.53141 1.53141 1.53141 1.53141 0.00000 0.00000 0.00000 0.00000 0.00000 0.00000 0.00000 0.00000 0.00000 0.00000 0.00000 0.00000 0.00000 0.00000 0.00000 0.00000 0.00000 0.00000
0.00000 1.97587 1.97587 1.97587 1.97587 1.97587 1.97587 1.97587 1.97587 1.97587 1.97587 1.97587 1.97587 1.97587 1.97587 1.97587 1.97587 1.97587 1.97587 1.97587 1.97587 1.97587 0.00000 0.00000 0.00000 0.00000 0.00000 0.00000 0.00000 0.00000 1.53141 1.53141 1.53141 1.53141 1.53141 1.53141 1.53141 1.53141 1.53141 1.53141 1.53141 1.53141 1.53141 1.53141 1.53141 1.53141 1.53141 1.53141 0.00000 0.00000 0.00000 0.00000 0.00000 0.00000 0.00000 0.00000 0.00000 0.00000 0.00000 0.00000 0.00000 0.00000 0.00000 0.00000 0.00000 0.00000
1.97587 1.97587 1.97587 1.97587 1.97587 1.97587 1.97587 1.97587 1.97587 1.97587 1.97587 1.97587 1.97587 1.97587 1.97587 1.97587 1.97587 1.97587 1.97587 1.97587 1.97587 1.97587 0.00000 0.00000 0.00000 0.00000 1.53141 1.53141 1.53141 1.53141 1.53141 1.53141 1.53141 1.53141 1.53141 1.53141 1.53141 1.53141 1.53141 1.53141 1.53141 1.53141 1.53141 1.53141 1.53141 1.53141 1.53141 1.53141 1.53141 0.00000 0.00000 0.00000 0.00000 0.00000 0.00000 0.00000 0.00000 0.00000 0.00000 0.00000 0.00000 0.00000 0.00000 0.00000 0.00000 0.00000
1.97587 1.97587 1.97587 1.97587 1.97587 1.97587 1.97587 1.97587 1.97587 1.97587 1.97587 1.97587 1.97587 1.97587 1.97587 1.97587 1.97587 1.97587 1.97587 1.97587 1.97587 1.97587 1.88751 1.53141 1.53141 1.53141 1.53141 1.53141 1.53141 1.53141 1.53141 1.53141 1.53141 1.53141 1.53141 1.53141 1.53141 1.53141 1.53141 1.53141 1.53141 1.53141 1.53141 1.53141 1.53141 1.53141 1.53141 1.53141 1.53141 0.00000 0.00000 0.00000 0.00000 0.00000 0.00000 0.00000 0.00000 0.00000 0.00000 0.00000 0.00000 0.00000 0.00000 0.00000 0.00000 0.00000
1.97587 1.97587 1.97587 1.97587 1.97587 1.97587 1.97587 1.97587 1.97587 1.97587 1.97587 1.97587 1.97587 1.97587 1.97587 1.97587 1.97587 1.97587 1.97587 2.10822 2.36777 2.62741 2.01632 1.53141 1.53141 1.53141 1.53141 1.53141 1.53141 1.53141 1.53141 1.53141 1.53141 1.53141 1.53141 1.53141 1.53141 1.53141 1.53141 1.53141 1.53141 1.53141 1.53141 1.53141 1.53141 1.53141 1.53141 1.53141 1.53232 0.00000 0.00000 0.00000 0.00000 0.00000 0.00000 0.00000 0.00000 0.00000 0.00000 0.00000 0.00000 0.00000 0.00000 0.00000 0.00000 0.00000
1.97587 1.97587 1.97587 1.97587 1.97587 1.97587 1.97587 1.97587 1.97587 1.97587 1.97587 1.97587 1.97587 1.97587 1.97587 2.03817 2.28536 2.54485 2.80449 2.93149 2.93149 2.93149 2.49985 1.53141 1.53141 1.53141 1.53141 1.53141 1.53141 1.53141 1.53141 1.53141 1.53141 1.53141 1.53141 1.53141 1.53141 1.53141 1.53141 1.53141 1.53141 1.53141 1.53141 1.53141 1.53196 1.53482 1.53793 1.54105 1.54315 1.54321 0.00000 0.00000 0.00000 0.00000 0.00000 0.00000 0.00000 0.00000 0.00000 0.00000 0.00000 0.00000 0.00000 0.00000 0.00000 0.00000
1.97587 1.97587 1.97587 1.97587 1.97587 1.97587 1.97587 1.97587 1.97587 1.97587 1.97587 1.99422 2.20292 2.46247 2.72202 2.91926 2.93149 2.93149 2.93149 2.93149 2.93149 2.93149 2.88935 1.60856 1.53141 1.53141 1.53141 1.53141 1.53141 1.53141 1.53141 1.53141 1.53141 1.53141 1.53141 1.53141 1.53141 1.53141 1.53141 1.53141 1.53164 1.53415 1.53727 1.54039 1.54295 1.54321 1.54321 1.54321 1.54321 1.54321 0.00000 0.00000 0.00000 0.00000 0.00000 0.00000 0.00000 0.00000 0.00000 0.00000 0.00000 0.00000 0.00000 0.00000 0.00000 0.00000
1.97587 1.97587 1.97587 1.97587 1.97587 1.97587 1.97587 1.97625 2.12055 2.38000 2.63964 2.88075 2.93149 2.93149 2.93149 2.93149 2.93149 2.93149 2.93149 2.93149 2.93149 2.93149 2.93149 2.03306 1.53141 1.53141 1.53141 1.53141 1.53141 1.53141 1.53141 1.53141 1.53141 1.53141 1.53141 1.53141 1.53146 1.53349 1.53661 1.53972 1.54261 1.54321 1.54321 1.54321 1.54321 1.54321 1.54321 1.54321 1.54321 1.54321 0.00000 0.00000 0.00000 0.00000 0.00000 0.00000 0.00000 0.00000 0.00000 0.00000 0.00000 0.00000 0.00000 0.00000 0.00000 0.00000
1.97587 1.97587 1.97587 1.97587 2.04687 2.29753 2.55708 2.81634 2.93149 2.93149 2.93149 2.93149 2.93149 2.93149 2.93149 2.93149 2.93149 2.93149 2.93149 2.93149 2.93149 2.93149 2.93149 2.49985 1.53141 1.53141 1.53141 1.53141 1.53141 1.53141 1.53141 1.53141 1.53141 1.53283 1.53594 1.53906 1.54213 1.54321 1.54321 1.54321 1.54321 1.54321 1.54321 1.54321 1.54321 1.54321 1.54321 1.54321 1.54321 1.54321 1.54321 0.00000 0.00000 0.00000 0.00000 0.00000 0.00000 0.00000 0.00000 0.00000 0.00000 0.00000 1.13193 1.13193 1.13193 1.13193
1.99899 2.21516 2.47470 2.73425 2.92280 2.93149 2.93149 2.93149 2.93149 2.93149 2.93149 2.93149 2.93149 2.93149 2.93149 2.93149 2.93149 2.93149 2.93149 2.93149 2.93149 2.93149 2.93149 2.88935 1.60856 1.53141 1.53141 1.53141 1.53141 1.53227 1.53528 1.53840 1.54151 1.54321 1.54321 1.54321 1.54321 1.54321 1.54321 1.54321 1.54321 1.54321 1.54321 1.54321 1.54321 1.54321 1.54321 1.54321 1.54321 1.54321 1.54321 0.00000 0.00000 0.00000 0.00000 0.00000 0.00000 0.00000 1.13193 1.13193 1.13193 1.13193 1.13193 1.13193 1.13193 1.13193
2.88820 2.93149 2.93149 2.93149 2.93149 2.93149 2.93149 2.93149 2.93149 2.93149 2.93149 2.93149 2.93149 2.93149 2.93149 2.93149 2.93149 2.93149 2.93149 2.93149 2.93149 2.93149 2.93149 2.93149 2.03301 1.53185 1.53462 1.53773 1.54085 1.54311 1.54321 1.54321 1.54321 1.54321 1.54321 1.54321 1.54321 1.54321 1.54321 1.54321 1.54321 1.54321 1.54321 1.54321 1.54321 1.54321 1.54321 1.54321 1.54321 1.54321 1.54321 0.00000 0.00000 0.00000 1.13193 1.13193 1.13193 1.13193 1.13193 1.13193 1.13193 1.13193 1.13193 1.13193 1.13193 1.13193
2.93149 2.93149 2.93149 2.93149 2.93149 2.93149 2.93149 2.93149 2.93149 2.93149 2.93149 2.93149 2.93149 2.93149 2.93149 2.93149 2.93149 2.93149 2.93149 2.93149 2.93149 2.92405 2.73318 2.46358 1.99241 1.54287 1.54321 1.54321 1.54321 1.54321 1.54321 1.54321 1.54321 1.54321 1.54321 1.54321 1.54321 1.54321 1.54321 1.54321 1.54321 1.54321 1.54321 1.54321 1.54321 1.54321 1.54321 1.54321 1.54321 1.54321 1.54321 1.22781 1.13193 1.13193 1.13193 1.13193 1.13193 1.13193 1.13193 1.13193 1.13193 1.13193 1.13193 1.13193 1.13193 1.13193
2.93149 2.93149 2.93149 2.93149 2.93149 2.93149 2.93149 2.93149 2.93149 2.93149 2.93149 2.93149 2.93149 2.93149 2.93149 2.93149 2.93149 2.93149 2.81819 2.54938 2.27967 2.01741 1.93846 1.93846 1.92657 1.56499 1.54321 1.54321 1.54321 1.54321 1.54321 1.54321 1.54321 1.54321 1.54321 1.54321 1.54321 1.54321 1.54321 1.54321 1.54321 1.54321 1.54321 1.54321 1.54321 1.54321 1.54321 1.56929 1.64953 1.73143 1.81334 1.36091 1.13193 1.13193 1.13193 1.13193 1.13193 1.13193 1.13193 1.13193 1.13193 1.13193 1.13193 1.13193 1.13193 1.13193
2.93149 2.93149 2.93149 2.93149 2.93149 2.93149 2.93149 2.93149 2.93149 2.93149 2.93149 2.93149 2.93149 2.93149 2.88313 2.63527 2.36547 2.09566 1.93936 1.93846 1.93846 1.93846 1.93846 1.93846 1.93846 1.68542 1.54321 1.54321 1.54321 1.54321 1.54321 1.54321 1.54321 1.54321 1.54321 1.54321 1.54321 1.54321 1.54321 1.54321 1.54321 1.54321 1.54321 1.55723 1.63210 1.71397 1.79588 1.85171 1.85335 1.85335 1.85335 1.59821 1.13193 1.13193 1.13193 1.13193 1.13193 1.13193 1.13193 1.13193 1.13193 1.13193 1.13193 1.13193 1.13193 1.13193
2.93149 2.93149 2.93149 2.93149 2.93149 2.93149 2.93149 2.93149 2.93149 2.93149 2.92087 2.72097 2.45126 2.18156 1.96021 1.93846 1.93846 1.93846 1.93846 1.93846 1.93846 1.93846 1.93846 1.93846 1.93846 1.81791 1.54321 1.54321 1.54321 1.54321 1.54321 1.54321 1.54321 1.54321 1.54321 1.54321 1.54321 1.54321 1.54321 1.54889 1.61464 1.69651 1.77845 1.84628 1.85335 1.85335 1.85335 1.85335 1.85335 1.85335 1.85335 1.81382 1.15328 1.13193 1.13193 1.13193 1.13193 1.13193 1.13193 1.13193 1.13193 1.13193 1.13193 1.13193 1.13193 1.13193
2.93149 2.93149 2.93149 2.93149 2.93149 2.93149 2.93149 2.80657 2.53696 2.26726 2.00817 1.93846 1.93846 1.93846 1.93846 1.93846 1.93846 1.93846 1.93846 1.93846 1.93846 1.93846 1.93846 1.93846 1.93846 1.92712 1.56585 1.54321 1.54321 1.54321 1.54321 1.54321 1.54321 1.54321 1.54321 1.54423 1.59714 1.67910 1.76093 1.83722 1.85335 1.85335 1.85335 1.85335 1.85335 1.85335 1.85335 1.85335 1.85335 1.85335 1.85335 1.85335 1.35086 1.13193 1.13193 1.13193 1.13193 1.13193 1.13193 1.13193 1.13193 1.13193 1.13193 1.13193 1.13193 1.14135
2.93149 2.93149 2.93149 2.87549 2.62276 2.35305 2.08335 1.93866 1.93846 1.93846 1.93846 1.93846 1.93846 1.93846 1.93846 1.93846 1.93846 1.93846 1.93846 1.93846 1.93846 1.93846 1.93846 1.93846 1.93846 1.93846 1.68748 1.54321 1.54321 1.54321 1.54321 1.54321 1.57987 1.66156 1.74353 1.82438 1.85335 1.85335 1.85335 1.85335 1.85335 1.85335 1.85335 1.85335 1.85335 1.85335 1.85335 1.85335 1.85335 1.85335 1.85335 1.85335 1.58804 1.13193 1.13193 1.13193 1.13193 1.13193 1.13193 1.13193 1.13193 1.13799 1.19563 1.26521 1.33468 1.39470
2.70856 2.43885 2.16924 1.95554 1.93846 1.93846 1.93846 1.93846 1.93846 1.93846 1.93846 1.93846 1.93846 1.93846 1.93846 1.93846 1.93846 1.93846 1.93846 1.93846 1.93846 1.93846 1.93846 1.93846 1.93846 1.93846 1.81922 1.54321 1.56517 1.64416 1.72604 1.80795 1.85323 1.85335 1.85335 1.85335 1.85335 1.85335 1.85335 1.85335 1.85335 1.85335 1.85335 1.85335 1.85335 1.85335 1.85335 1.85335 1.85335 1.85335 1.85335 1.85335 1.80790 1.14895 1.13193 1.13193 1.13193 1.13534 1.18840 1.25790 1.32743 1.39086 1.40266 1.40266 1.40266 1.40266
1.93846 1.93846 1.93846 1.93846 1.93846 1.93846 1.93846 1.93846 1.93846 1.93846 1.93846 1.93846 1.93846 1.93846 1.93846 1.93846 1.93846 1.93846 1.93846 1.93846 1.93846 1.93846 1.93846 1.93846 1.93846 1.93846 1.91601 1.78658 1.85044 1.85335 1.85335 1.85335 1.85335 1.85335 1.85335 1.85335 1.85335 1.85335 1.85335 1.85335 1.85335 1.85335 1.85335 1.85335 1.85335 1.85335 1.85335 1.85335 1.85335 1.85335 1.85335 1.85335 1.85335 1.34234 1.18118 1.25065 1.32014 1.38626 1.40266 1.40266 1.40266 1.40266 1.40266 1.40266 1.40266 1.40266
1.93846 1.93846 1.93846 1.93846 1.93846 1.93846 1.93846 1.93846 1.93846 1.93846 1.93846 1.93846 1.93846 1.93846 1.93846 1.93846 1.93846 1.93846 1.93846 1.93846 1.93846 1.93846 1.93846 1.93846 1.93846 0.00000 0.00000 1.85335 1.85335 1.85335 1.85335 1.85335 1.85335 1.85335 1.85335 1.85335 1.85335 1.85335 1.85335 1.85335 1.85335 1.85335 1.85335 1.85335 1.85335 1.85335 1.85335 1.85335 1.85335 1.85335 1.83626 1.80250 1.76875 1.60708 1.40266 1.40266 1.40266 1.40266 1.40266 1.40266 1.40266 1.40266 1.40266 1.40266 1.40266 1.40266
1.93846 1.93846 1.93846 1.93846 1.93846 1.93846 1.93846 1.93846 1.93846 1.93846 1.93846 1.93846 1.93846 1.93846 1.93846 1.93846 1.93846 1.93846 1.93846 1.93846 1.93846 0.00000 0.00000 0.00000 0.00000 0.00000 0.00000 1.85335 1.85335 1.85335 1.85335 1.85335 1.85335 1.85335 1.85335 1.85335 1.85335 1.85335 1.85335 1.85335 1.85335 1.85335 1.85335 1.85335 1.85335 1.85335 1.84266 1.80962 1.77585 1.74210 1.72544 1.72544 1.72544 1.70185 1.40850 1.40266 1.40266 1.40266 1.40266 1.40266 1.40266 1.40266 1.40266 1.40266 1.40266 1.40266
1.93846 1.93846 1.93846 1.93846 1.93846 1.93846 1.93846 1.93846 1.93846 1.93846 1.93846 1.93846 1.93846 1.93846 1.93846 1.93846 1.93846 1.93846 0.00000 0.00000 0.00000 0.00000 0.00000 0.00000 0.00000 0.00000 0.00000 1.85335 1.85335 1.85335 1.85335 1.85335 1.85335 1.85335 1.85335 1.85335 1.85335 1.85335 1.85335 1.85335 1.85335 1.85335 1.84756 1.81670 1.78293 1.74920 1.72613 1.72544 1.72544 1.72544 1.72544 1.72544 1.72544 1.72544 1.49055 1.40266 1.40266 1.40266 1.40266 1.40266 1.40266 1.40266 1.40266 1.40266 1.40266 1.40266
1.93846 1.93846 1.93846 1.93846 1.93846 1.93846 1.93846 1.93846 1.93846 1.93846 1.93846 1.93846 1.93846 1.93846 0.00000 0.00000 0.00000 0.00000 0.00000 0.00000 0.00000 0.00000 0.00000 0.00000 0.00000 0.00000 0.00000 0.00000 1.85335 1.85335 1.85335 1.85335 1.85335 1.85335 1.85335 1.85335 1.85335 1.85335 1.85097 1.82380 1.79006 1.75629 1.72834 1.72544 1.72544 1.72544 1.72544 1.72544 1.72544 1.72544 1.72544 1.72544 1.72544 1.72544 1.59617 1.40266 1.40266 1.40266 1.40266 1.40266 1.40266 1.40266 1.40266 1.40266 1.40266 1.40266
1.93846 1.93846 1.93846 1.93846 1.93846 1.93846 1.93846 1.93846 1.93846 1.93846 0.00000 0.00000 0.00000 0.00000 0.00000 0.00000 0.00000 0.00000 0.00000 0.00000 0.00000 0.00000 0.00000 0.00000 0.00000 0.00000 0.00000 0.00000 1.85335 1.85335 1.85335 1.85335 1.85335 1.85335 1.85289 1.83090 1.79716 1.76340 1.73202 1.72544 1.72544 1.72544 1.72544 1.72544 1.72544 1.72544 1.72544 1.72544 1.72544 1.72544 1.72544 1.72544 1.72544 1.72544 1.69765 1.40673 1.40266 1.40266 1.40266 1.40266 1.40266 1.40266 1.40266 1.40266 1.40266 1.40266
1.93846 1.93846 1.93846 1.93846 1.93846 1.93846 1.93846 0.00000 0.00000 0.00000 0.00000 0.00000 0.00000 0.00000 0.00000 0.00000 0.00000 0.00000 0.00000 0.00000 0.00000 0.00000 0.00000 0.00000 0.00000 0.00000 0.00000 0.00000 1.85335 1.85335 1.85335 1.83796 1.80426 1.77047 1.73720 1.72544 1.72544 1.72544 1.72544 1.72544 1.72544 1.72544 1.72544 1.72544 1.72544 1.72544 1.72544 1.72544 1.72544 1.72544 1.72544 1.72544 1.72544 1.72544 1.72544 1.48453 1.40266 1.40266 1.40266 1.40266 1.40266 1.40266 1.40266 1.40266 1.40266 0.00000
0.00000 1.93846 1.93846 0.00000 0.00000 0.00000 0.00000 0.00000 0.00000 0.00000 0.00000 0.00000 0.00000 0.00000 0.00000 0.00000 0.00000 0.00000 0.00000 0.00000 0.00000 0.00000 0.00000 0.00000 0.00000 0.00000 0.00000 0.00000 0.00000 1.77962 1.74383 1.72547 1.72544 1.72544 1.72544 1.72544 1.72544 1.72544 1.72544 1.72544 1.72544 1.72544 1.72544 1.72544 1.72544 1.72544 1.72544 1.72544 1.72544 1.72544 1.72544 1.72544 1.72544 1.72544 1.72544 1.59014 1.40266 1.40266 1.40266 1.40266 1.40266 0.00000 0.00000 0.00000 0.00000 0.00000
0.00000 0.00000 0.00000 0.00000 0.00000 0.00000 0.00000 0.00000 0.00000 0.00000 0.00000 0.00000 0.00000 0.00000 0.00000 0.00000 0.00000 0.00000 0.00000 0.00000 0.00000 0.00000 0.00000 0.00000 0.00000 0.00000 0.00000 0.00000 0.00000 1.72544 1.72544 1.72544 1.72544 1.72544 1.72544 1.72544 1.72544 1.72544 1.72544 1.72544 1.72544 1.72544 1.72544 1.72544 1.72544 1.72544 1.72544 1.72544 1.72544 1.72544 1.72544 1.72544 1.72745 1.78437 1.86586 1.92819 1.49792 0.00000 0.00000 0.00000 0.00000 0.00000 0.00000 0.00000 0.00000 0.00000
0.00000 0.00000 0.00000 0.00000 0.00000 0.00000 0.00000 0.00000 0.00000 0.00000 0.00000 0.00000 0.00000 0.00000 0.00000 0.00000 0.00000 0.00000 0.00000 0.00000 0.00000 0.00000 0.00000 0.00000 0.00000 0.00000 0.00000 0.00000 0.00000 1.72544 1.72544 1.72544 1.72544 1.72544 1.72544 1.72544 1.72544 1.72544 1.72544 1.72544 1.72544 1.72544 1.72544 1.72544 1.72544 1.72544 1.72544 1.72544 1.72544 1.76731 1.84881 1.93036 2.00985 2.03448 2.03448 2.03448 2.03448 0.00000 0.00000 0.00000 0.00000 0.00000 0.00000 0.00000 0.00000 0.00000
0.00000 0.00000 0.00000 0.00000 0.00000 0.00000 0.00000 0.00000 0.00000 0.00000 0.00000 0.00000 0.00000 0.00000 0.00000 0.00000 0.00000 0.00000 0.00000 0.00000 0.00000 0.00000 0.00000 0.00000 0.00000 0.00000 0.00000 0.00000 0.00000 0.00000 1.72544 1.72544 1.72544 1.72544 1.72544 1.72544 1.72544 1.72544 1.72544 1.72544 1.72544 1.72544 1.72544 1.72544 1.72544 1.75183 1.83175 1.91333 1.99480 2.03448 2.03448 2.03448 2.03448 2.03448 2.03448 2.03448 2.03448 0.00000 0.00000 0.00000 0.00000 0.00000 0.00000 0.00000 0.00000 0.00000
