High_resolution/powerplant/Fengdu/OMI_NO2_200904.asc
ncols      200
nrows      200
xllcorner       105.978
yllcorner       28.1831
cellsize     0.0166667
NODATA_Value      -999.000
[rows 145 to 173 of 200, columns 132 to 197 of 200]
0.515041 0.570832 0.600735 0.601211 0.601211 0.601211 0.601211 0.601211 0.601211 0.601211 0.691368 0.911026 0.911026 0.911026 0.909702 0.897805 0.897762 0.897762 0.897762 0.897762 0.897762 0.897762 0.897762 0.897762 0.897762 0.897762 0.897762 0.897762 0.897762 0.897762 0.897710 0.881519 0.879686 0.879686 0.879686 0.879686 0.886494 0.911002 0.763241 0.614831 0.466908 0.319147 0.194145 0.332375 0.364464 0.364464 0.387154 0.769498 0.777006 0.777006 0.777006 0.777006 0.777006 0.777006 0.777006 0.777006 0.777006 0.777006 0.777006 0.777006 0.777006 0.777006 0.711290 0.575631 0.691887 0.815675
0.601211 0.601211 0.601211 0.601211 0.601211 0.601211 0.601211 0.601211 0.601211 0.601211 0.628940 0.910933 0.911026 0.911026 0.911026 0.900164 0.897762 0.897762 0.897762 0.897762 0.897762 0.897762 0.897762 0.897762 0.897762 0.897762 0.897762 0.897762 0.897762 0.897762 0.897762 0.875593 0.802474 0.728593 0.654347 0.580427 0.506536 0.224446 0.179515 0.179515 0.179515 0.179515 0.179515 0.281196 0.364464 0.364464 0.364464 0.680034 0.777006 0.777006 0.777006 0.777006 0.777006 0.777006 0.777006 0.777006 0.777006 0.777006 0.777006 0.781047 0.830268 0.892161 0.949104 1.00108 1.00856 1.00856
0.601211 0.601211 0.601211 0.601211 0.601211 0.601211 0.601211 0.601211 0.601211 0.601211 0.601211 0.876203 0.911026 0.911026 0.911026 0.903849 0.897762 0.897762 0.897762 0.897762 0.897762 0.897762 0.897762 0.897762 0.897762 0.897762 0.894367 0.885461 0.876467 0.867476 0.858484 0.719093 0.473304 0.473304 0.473304 0.473304 0.473304 0.307940 0.179515 0.179515 0.179515 0.179515 0.179515 0.204487 0.362794 0.364464 0.364464 0.567600 0.777006 0.777006 0.777006 0.777006 0.777006 0.777006 0.777006 0.777155 0.812315 0.874215 0.936079 0.993932 1.00658 1.00658 1.00658 1.00822 1.00856 1.00856
0.601211 0.601211 0.601211 0.601211 0.601211 0.601211 0.601211 0.601211 0.601211 0.601211 0.601211 0.813775 0.911026 0.911026 0.911026 0.907532 0.897762 0.897762 0.897762 0.897762 0.897595 0.891528 0.882526 0.873543 0.864546 0.855568 0.849951 0.849879 0.849879 0.849879 0.849879 0.819026 0.475978 0.473304 0.473304 0.473304 0.472863 0.365906 0.179515 0.179515 0.179515 0.179515 0.179515 0.179515 0.335525 0.364464 0.364464 0.455429 0.777006 0.777006 0.777006 0.777006 0.795854 0.856255 0.918108 0.979859 1.00658 1.00658 1.00658 1.00658 1.00658 1.00658 1.00202 0.991796 1.00856 1.00856
0.601211 0.601211 0.601211 0.601784 0.609446 0.619044 0.628751 0.638322 0.648084 0.657600 0.667416 0.796473 0.937146 0.940089 0.943136 0.933782 0.915072 0.912366 0.903318 0.893905 0.884331 0.882611 0.884980 0.887448 0.890012 0.892698 0.895503 0.898468 0.901551 0.904771 0.908149 0.911697 0.375835 0.226791 0.212093 0.196518 0.181681 0.179515 0.179515 0.179515 0.179515 0.179515 0.179515 0.179515 0.286065 0.364464 0.364464 0.369786 0.757647 0.838271 0.900168 0.962067 1.00509 1.00658 1.00658 1.00658 1.00573 0.985732 0.957801 0.929901 0.901970 0.874087 0.850702 0.884191 1.00856 1.00856
0.843453 0.853187 0.862785 0.871893 0.873883 0.873883 0.873883 0.873883 0.873883 0.873883 0.856533 0.797899 0.717996 0.562649 0.407221 0.271071 0.733650 0.932665 0.932665 0.932665 0.932665 0.932665 0.932665 0.932665 0.932665 0.932665 0.932665 0.932665 0.932665 0.932665 0.932665 0.932665 0.537411 0.179515 0.179515 0.179515 0.179515 0.179515 0.179515 0.179515 0.179515 0.179515 0.179515 0.179515 0.210150 0.405969 0.469659 0.531550 0.864841 1.00658 1.00658 0.994715 0.966847 0.938979 0.911017 0.883149 0.856041 0.848152 0.848152 0.848152 0.848152 0.848152 0.848152 0.856612 1.00776 1.00856
0.861392 0.873883 0.873883 0.873883 0.873883 0.846774 0.770144 0.692350 0.614636 0.536922 0.476518 0.463023 0.252285 0.251712 0.251712 0.251712 0.544142 0.932665 0.932665 0.932665 0.932665 0.932665 0.932665 0.932665 0.932665 0.932665 0.932665 0.932665 0.932665 0.932665 0.932665 0.932665 0.744603 0.179515 0.179515 0.179515 0.179515 0.179515 0.179515 0.179515 0.179515 0.179515 0.179515 0.179515 0.179515 0.546967 0.666771 0.740026 0.863100 0.892179 0.864264 0.848231 0.848152 0.848152 0.848152 0.848152 0.848152 0.848152 0.848152 0.848152 0.848152 0.848152 0.848152 0.848152 0.961691 1.00856
0.754064 0.757011 0.679297 0.601583 0.523869 0.473345 0.472260 0.472260 0.472260 0.472260 0.472260 0.472260 0.300374 0.251712 0.251712 0.251712 0.354693 0.932665 0.932665 0.932665 0.932665 0.932665 0.932665 0.932665 0.932665 0.932665 0.932665 0.932665 0.932665 0.932665 0.932665 0.932665 0.915417 0.215741 0.179515 0.179515 0.179515 0.179515 0.179515 0.179515 0.249714 0.396625 0.542812 0.689563 0.835992 0.978051 0.996095 0.996095 0.976863 0.848166 0.848152 0.848152 0.848152 0.848152 0.848152 0.848152 0.848152 0.848152 0.848152 0.848152 0.848152 0.848152 0.848152 0.848152 0.910472 1.00856
0.638548 0.472260 0.472260 0.472260 0.472260 0.472260 0.472260 0.472260 0.472260 0.472260 0.472260 0.472260 0.360483 0.251712 0.251712 0.251712 0.251917 0.846166 0.932665 0.932665 0.932665 0.932665 0.932665 0.932665 0.932665 0.932665 0.932665 0.932665 0.932665 0.932665 0.932665 0.932665 0.932665 0.405686 0.195597 0.321360 0.467789 0.614459 0.760727 0.907638 0.983626 0.983626 0.983626 0.983626 0.983626 0.986276 0.996076 0.996095 0.996095 0.869422 0.848152 0.848152 0.848152 0.848152 0.848152 0.848152 0.848152 0.848152 0.848152 0.848152 0.848152 0.848152 0.857833 0.902073 0.993822 1.30542
0.719789 0.472260 0.472260 0.472260 0.472260 0.472260 0.472260 0.472260 0.472260 0.472260 0.472260 0.472260 0.404548 0.251712 0.251712 0.251712 0.251712 0.656879 0.932665 0.932665 0.932665 0.932665 0.932665 0.932665 0.932665 0.932665 0.932665 0.932665 0.932665 0.895257 0.789010 0.681614 0.573873 0.624437 0.962720 0.983626 0.983626 0.983626 0.983626 0.983626 0.983626 0.983626 0.983626 0.983626 0.983626 0.983626 0.994673 0.996095 0.996095 0.909881 0.848152 0.848152 0.848152 0.848152 0.848152 0.848152 0.848152 0.848152 0.851191 0.888702 0.935982 0.983244 1.02081 1.02385 1.03162 1.34439
0.762860 0.510449 0.472260 0.472260 0.472260 0.472260 0.472260 0.472260 0.472260 0.472260 0.472260 0.472260 0.438354 0.251712 0.251712 0.251712 0.251712 0.467323 0.932665 0.932665 0.932665 0.932665 0.932665 0.931113 0.860493 0.752809 0.645356 0.537615 0.429874 0.359541 0.358047 0.358047 0.358047 0.451724 0.983626 0.983626 0.983626 0.983626 0.983626 0.983626 0.983626 0.983626 0.983626 0.983626 0.983626 0.983626 0.991651 0.996095 0.996095 0.950369 0.848152 0.848152 0.848152 0.848152 0.848292 0.875385 0.922612 0.969909 1.01411 1.02385 1.02385 1.02385 1.02385 1.02385 1.02385 1.22668
0.762889 0.591663 0.472260 0.472260 0.472260 0.472260 0.472260 0.472260 0.472260 0.472260 0.472260 0.472260 0.461110 0.267354 0.274227 0.281341 0.288095 0.327588 0.847197 0.773062 0.682186 0.595518 0.512433 0.434028 0.409392 0.412259 0.415009 0.417633 0.420163 0.422588 0.424923 0.427172 0.429341 0.431555 0.763059 0.805864 0.801537 0.797338 0.793290 0.955304 0.983626 0.983626 0.983626 0.983626 0.983626 0.983626 0.986951 0.996095 0.996095 0.988061 0.850933 0.863033 0.909294 0.956538 1.00368 1.02385 1.02385 1.02385 1.02385 1.02374 1.01551 1.00219 0.988856 0.975543 0.962200 1.08167
0.668401 0.572765 0.366298 0.360640 0.354886 0.349164 0.343459 0.337689 0.332031 0.326214 0.320556 0.314818 0.312437 0.394522 0.434733 0.464307 0.493912 0.523486 0.479331 0.452918 0.452918 0.452918 0.452918 0.452918 0.452918 0.452918 0.452918 0.452918 0.452918 0.452918 0.452918 0.452918 0.452918 0.452918 0.640498 0.765708 0.765708 0.765708 0.765708 0.892406 0.983626 0.983626 0.983626 0.983626 0.983626 0.983626 0.983626 1.00171 1.04388 1.09115 1.02569 1.02285 1.02385 1.02385 1.01947 1.00637 0.993054 0.979718 0.966398 0.953176 0.948076 0.948076 0.948076 0.948076 0.948076 0.996938
0.603065 0.588069 0.318686 0.312437 0.312437 0.312437 0.312437 0.312437 0.323069 0.352307 0.381866 0.411425 0.441045 0.521347 0.552510 0.552510 0.552510 0.552510 0.504411 0.452918 0.452918 0.452918 0.452918 0.452918 0.452918 0.452918 0.452918 0.452918 0.452918 0.452918 0.452918 0.452918 0.452918 0.452918 0.554512 0.765708 0.765708 0.765708 0.765708 0.845838 0.983626 0.983626 0.983626 0.983626 0.983626 0.983626 0.983626 1.11045 1.17175 1.17141 1.08679 0.983916 0.970580 0.957260 0.948311 0.948076 0.948076 0.948076 0.948076 0.948076 0.948076 0.948076 0.948076 0.948076 0.948076 0.950313
0.603065 0.603065 0.384949 0.327560 0.357165 0.386739 0.416313 0.445888 0.464845 0.465196 0.465196 0.465196 0.465196 0.505267 0.552510 0.552510 0.552510 0.552510 0.532093 0.452918 0.452918 0.452918 0.452918 0.452918 0.452918 0.452918 0.452918 0.452918 0.452918 0.452918 0.452918 0.452918 0.452918 0.452918 0.472843 0.761329 0.765708 0.765708 0.765708 0.810358 0.983626 0.983626 0.983626 0.983290 0.982477 0.981661 0.980845 1.04133 1.16962 1.16955 1.12167 0.948076 0.948076 0.948076 0.948076 0.948076 0.948076 0.948076 0.948076 0.948076 0.948076 0.948076 0.948076 0.948076 0.948076 0.948076
0.718249 0.763687 0.639319 0.465196 0.465196 0.465196 0.465196 0.465196 0.465196 0.465196 0.465196 0.465196 0.465196 0.487636 0.552510 0.552510 0.552510 0.552510 0.551733 0.460945 0.452918 0.452918 0.452918 0.452918 0.452918 0.452918 0.452918 0.452918 0.452918 0.452918 0.452918 0.452918 0.452918 0.452918 0.452918 0.695268 0.765708 0.765677 0.765344 0.781595 0.981266 0.980449 0.979634 0.979153 0.979150 0.979150 0.979150 0.979758 1.15639 1.16955 1.16692 0.963026 0.948076 0.948076 0.948076 0.948076 0.948076 0.948076 0.948076 0.948076 0.948076 0.948076 0.948076 0.948076 0.948076 0.935669
0.830253 0.830253 0.760996 0.465196 0.465196 0.465196 0.465196 0.465196 0.465196 0.465196 0.465196 0.465196 0.465196 0.470501 0.552074 0.552510 0.552510 0.552510 0.552510 0.487835 0.452918 0.452918 0.452918 0.452918 0.452918 0.452918 0.452918 0.452918 0.452918 0.452918 0.452918 0.452918 0.485424 0.589887 0.696684 0.789058 0.763922 0.763545 0.763470 0.764010 0.954849 0.979150 0.979150 0.979150 0.979150 0.979150 0.979150 0.979150 1.11459 1.16955 1.16955 1.02061 0.948076 0.948076 0.948076 0.948076 0.948076 0.948076 0.948076 0.948076 0.948076 0.942132 0.915368 0.886823 0.858299 0.842183
0.830253 0.830253 0.828660 0.500051 0.465196 0.465196 0.465196 0.465196 0.465196 0.465196 0.465196 0.465196 0.465196 0.465196 0.539814 0.552510 0.552510 0.552510 0.552510 0.515492 0.452918 0.452918 0.452918 0.452918 0.452918 0.452918 0.453544 0.518101 0.625126 0.731866 0.838606 0.945346 1.01964 1.02220 1.02220 0.963984 0.763470 0.763470 0.763470 0.763470 0.892244 0.979150 0.979150 0.979150 0.979150 0.979150 0.979150 0.979150 1.05081 1.16955 1.16955 1.08081 0.948076 0.948076 0.948076 0.948076 0.948076 0.946233 0.923547 0.895013 0.866490 0.843910 0.842120 0.842120 0.842120 0.842120
0.830253 0.830253 0.830253 0.601075 0.465196 0.465196 0.465196 0.465196 0.465196 0.465196 0.465196 0.465196 0.465196 0.465196 0.522212 0.552510 0.552510 0.552510 0.552510 0.542800 0.453277 0.463150 0.553466 0.663476 0.776565 0.893242 1.01291 1.06653 1.07497 1.08379 1.09274 1.10210 1.11172 1.12172 1.13207 1.13827 0.844557 0.828586 0.834065 0.839723 0.913071 0.979150 0.979150 0.979150 0.979150 0.979150 0.979150 0.979150 0.982172 1.15991 1.16955 1.14100 0.948098 0.948002 0.931738 0.903204 0.874680 0.847968 0.842120 0.842120 0.842120 0.842120 0.842120 0.873883 0.935258 0.996599
0.909056 0.920314 0.932226 0.786334 0.490823 0.493571 0.496401 0.499444 0.502533 0.505901 0.509338 0.513043 0.516887 0.520997 0.540804 0.555789 0.552668 0.537900 0.521420 0.504008 1.09134 1.45743 1.49661 1.49661 1.49661 1.49661 1.49661 1.49661 1.49661 1.49661 1.49661 1.49661 1.49661 1.49661 1.49661 1.49661 1.14743 0.979150 0.979150 0.979150 0.979150 0.979150 0.979150 0.979150 0.979150 0.979150 0.979150 0.979150 0.979150 1.12065 1.16075 1.13287 0.914510 0.854379 0.842120 0.842120 0.842120 0.856214 0.914395 0.975770 1.03704 1.09842 1.15976 1.18926 1.18926 1.18926
1.28734 1.28734 1.28734 1.23214 0.564459 0.557231 0.557231 0.557231 0.557231 0.557231 0.557231 0.551093 0.533604 0.515867 0.498140 0.480403 0.466512 0.465475 0.465475 0.465475 1.02171 1.49661 1.49661 1.49661 1.49661 1.49661 1.49661 1.49661 1.49661 1.49661 1.49661 1.49661 1.49661 1.49661 1.49661 1.49661 1.28978 0.979150 0.979150 0.979150 0.979150 0.979150 0.979150 0.979150 0.979150 0.979150 0.979150 0.979150 0.979150 1.02279 1.06425 1.06391 0.967799 0.954941 1.01621 1.07755 1.13893 1.18610 1.18926 1.18926 1.18926 1.18926 1.18926 1.18926 1.18926 1.18926
1.28734 1.28734 1.28734 1.28734 0.714351 0.557231 0.548239 0.530493 0.512775 0.495048 0.477302 0.465722 0.465475 0.465475 0.465475 0.465475 0.465475 0.465475 0.465475 0.465475 0.736479 1.49661 1.49661 1.49661 1.49661 1.49661 1.49661 1.49661 1.49661 1.49661 1.49661 1.49661 1.49661 1.49661 1.49661 1.49661 1.43188 0.979305 0.979150 0.979150 0.979150 0.979150 0.979150 0.979150 0.979150 0.979150 0.983246 0.995521 1.00804 1.02304 1.08856 1.09650 1.12664 1.18926 1.18926 1.18926 1.18926 1.18926 1.18926 1.18926 1.18926 1.18926 1.18926 1.18926 1.18926 1.18926
1.28744 1.31336 1.35942 1.40547 0.969112 0.474210 0.465475 0.465475 0.465475 0.465475 0.465475 0.465475 0.465475 0.465475 0.465475 0.465475 0.465475 0.465475 0.465475 0.465475 0.494241 1.45331 1.49661 1.49661 1.49661 1.49661 1.49661 1.49661 1.49661 1.49661 1.49661 1.49661 1.49661 1.49661 1.49661 1.49661 1.49661 1.05692 0.979150 0.979150 0.979727 0.989267 1.00177 1.01426 1.02676 1.03925 1.04766 1.04788 1.04788 1.04788 1.08674 1.09796 1.10333 1.18784 1.18926 1.18926 1.18926 1.18926 1.18926 1.18926 1.18926 1.18926 1.18926 1.18926 1.18926 1.18926
1.49749 1.51762 1.51762 1.51762 1.28144 0.465475 0.465475 0.465475 0.465475 0.465475 0.465475 0.465475 0.465475 0.465475 0.465475 0.465475 0.465475 0.465475 0.465475 0.465475 0.465475 1.19671 1.49661 1.49661 1.49661 1.49661 1.49661 1.49661 1.49661 1.49661 1.49661 1.49661 1.49661 1.49661 1.49661 1.48362 1.43781 1.16719 1.02045 1.03294 1.04486 1.04788 1.04788 1.04788 1.04788 1.04788 1.04788 1.04788 1.04788 1.04788 1.07188 1.09796 1.09796 1.16849 1.18926 1.18926 1.18926 1.18926 1.18926 1.18926 1.18926 1.18926 1.18926 1.18926 1.17579 1.14423
1.51762 1.51762 1.51762 1.51762 1.50415 0.536915 0.465475 0.465475 0.465475 0.465475 0.465475 0.465475 0.465475 0.465475 0.465475 0.465475 0.465475 0.465475 0.465475 0.465475 0.465475 0.911441 1.49661 1.49661 1.49661 1.49661 1.49661 1.49661 1.49661 1.49643 1.46883 1.42143 1.37411 1.32671 1.27931 1.24497 1.24340 1.18455 1.04788 1.04788 1.04788 1.04788 1.04788 1.04788 1.04788 1.04788 1.04788 1.04788 1.04788 1.04788 1.05154 1.09689 1.09796 1.14376 1.18926 1.18926 1.18926 1.18926 1.18926 1.18926 1.18282 1.15323 1.12155 1.08988 1.07168 1.07159
1.51762 1.51762 1.51762 1.51762 1.51762 0.817487 0.465475 0.465475 0.465475 0.465475 0.465475 0.465475 0.465475 0.465475 0.465475 0.465475 0.465475 0.465475 0.465475 0.465475 0.465475 0.626006 1.49661 1.49661 1.49223 1.45248 1.40515 1.35773 1.31035 1.26320 1.24340 1.23971 1.21088 1.18014 1.15103 1.12333 1.09722 1.06412 0.889475 0.867114 0.849191 0.849859 1.04788 1.04788 1.04788 1.04788 1.04788 1.04788 1.04788 1.04788 1.04788 1.08834 1.09796 1.11902 1.18926 1.18926 1.18727 1.16223 1.13056 1.09888 1.07366 1.07159 1.07159 1.07159 1.07159 1.07159
1.51481 1.47763 1.43427 1.39248 1.35473 0.972586 0.415056 0.408183 0.401570 0.395488 0.389566 0.384060 0.378815 0.373772 0.369077 0.364278 0.328942 0.323823 0.319597 0.328672 0.377559 0.427976 0.777464 0.768951 0.734041 0.719592 0.709715 0.700141 0.690825 0.681848 0.673104 0.665454 0.664497 0.664497 0.664497 0.664497 0.664497 0.664497 0.590870 0.566736 0.566736 0.569787 1.00945 1.04788 1.04788 1.04788 1.04788 1.04788 1.04788 1.04788 1.04788 1.07432 1.09789 1.08143 1.13438 1.10789 1.07819 1.07159 1.07159 1.07159 1.07080 1.06656 1.06192 1.05727 1.05263 1.04798
0.848900 0.846408 0.846408 0.846408 0.846408 0.789434 0.321388 0.320336 0.320336 0.320336 0.320336 0.320336 0.320336 0.320336 0.337256 0.383786 0.393701 0.433065 0.480154 0.516255 0.518638 0.518638 0.606550 0.664497 0.664497 0.664497 0.664497 0.664497 0.664497 0.664497 0.664497 0.664497 0.664497 0.664497 0.664497 0.664497 0.664497 0.664497 0.617615 0.566736 0.566736 0.566736 0.869725 1.04788 1.04788 1.04788 1.04788 1.04788 1.04788 1.04788 1.04788 1.04917 0.994893 0.980288 1.04304 1.06808 1.06343 1.05879 1.05414 1.04950 1.04564 1.04523 1.04523 1.04523 1.04523 1.04523
0.846408 0.846408 0.846408 0.846408 0.846408 0.846408 0.411451 0.320336 0.320336 0.344646 0.391711 0.438752 0.485792 0.532857 0.562929 0.563440 0.535367 0.518638 0.518638 0.518638 0.518638 0.518638 0.566222 0.664497 0.664497 0.664497 0.664497 0.664497 0.664497 0.664497 0.664497 0.664497 0.664497 0.664497 0.664497 0.664497 0.664497 0.664497 0.644340 0.566736 0.566736 0.566736 0.759935 1.04788 1.04788 1.04788 1.04788 1.04788 1.04788 1.03780 1.00343 0.967953 0.924244 0.904884 0.955128 1.04523 1.04523 1.04523 1.04523 1.04523 1.04523 1.04523 1.04523 1.04523 1.04523 1.04523
