High_resolution/powerplant/Fengdu/OMI_NO2_201110.asc
ncols      200
nrows      200
xllcorner       105.978
yllcorner       28.1831
cellsize     0.0166667
NODATA_Value      -999.000
[rows 30 to 59 of 200, columns 132 to 197 of 200]
0.00000 0.00000 0.00000 0.00000 0.00000 0.00000 0.00000 0.00000 0.00000 0.00000 0.00000 0.00000 0.00000 0.00000 0.00000 0.00000 0.00000 0.00000 0.00000 0.00000 0.00000 0.00000 0.00000 0.00000 0.00000 0.00000 0.00000 0.00000 0.00000 0.00000 1.72544 1.72544 1.72544 1.72544 1.72544 1.72544 1.72544 1.72544 1.72544 1.72544 1.72544 1.73990 1.81472 1.89624 1.97777 2.03293 2.03448 2.03448 2.03448 2.03448 2.03448 2.03448 2.03448 2.03448 2.03448 2.03448 2.03448 2.03448 0.00000 0.00000 0.00000 0.00000 0.00000 0.00000 0.00000 0.00000
0.00000 0.00000 0.00000 0.00000 0.00000 0.00000 0.00000 0.00000 0.00000 0.00000 0.00000 0.00000 0.00000 0.00000 0.00000 0.00000 0.00000 0.00000 0.00000 0.00000 0.00000 0.00000 0.00000 0.00000 0.00000 0.00000 0.00000 0.00000 0.00000 0.00000 1.72544 1.72544 1.72544 1.72544 1.72544 1.72544 1.72544 1.73152 1.79766 1.87921 1.96071 2.02780 2.03448 2.03448 2.03448 2.03448 2.03448 2.03448 2.03448 2.03448 2.03448 2.03448 2.03448 2.03448 2.03448 2.03448 2.03448 2.03448 0.00000 0.00000 0.00000 0.00000 0.00000 0.00000 0.00000 0.00000
0.00000 0.00000 0.00000 0.00000 0.00000 0.00000 0.00000 0.00000 0.00000 0.00000 0.00000 0.00000 0.00000 0.00000 0.00000 0.00000 0.00000 0.00000 0.00000 0.00000 0.00000 0.00000 0.00000 0.00000 0.00000 0.00000 0.00000 0.00000 0.00000 0.00000 0.00000 1.72544 1.72544 1.72670 1.78063 1.86216 1.94368 2.01912 2.03448 2.03448 2.03448 2.03448 2.03448 2.03448 2.03448 2.03448 2.03448 2.03448 2.03448 2.03448 2.03448 2.03448 2.03448 2.03448 2.03448 2.03448 2.03448 2.03448 0.00000 0.00000 0.00000 0.00000 0.00000 0.00000 0.00000 0.00000
0.00000 0.00000 0.00000 0.00000 0.00000 0.00000 0.00000 0.00000 0.00000 0.00000 0.00000 0.00000 0.00000 0.00000 0.00000 0.00000 0.00000 0.00000 0.00000 0.00000 0.00000 0.00000 0.00000 0.00000 0.00000 0.00000 0.00000 0.00000 0.00000 0.00000 0.00000 1.83405 1.92662 2.00688 2.03448 2.03448 2.03448 2.03448 2.03448 2.03448 2.03448 2.03448 2.03448 2.03448 2.03448 2.03448 2.03448 2.03448 2.03448 2.03448 2.03448 2.03448 2.03448 2.03448 2.03448 2.03448 2.03448 2.03448 2.03448 0.00000 0.00000 0.00000 0.00000 0.00000 0.00000 0.00000
0.00000 0.00000 0.00000 0.00000 0.00000 0.00000 0.00000 0.00000 0.00000 0.00000 0.00000 0.00000 0.00000 0.00000 0.00000 0.00000 0.00000 0.00000 0.00000 0.00000 0.00000 0.00000 0.00000 0.00000 0.00000 0.00000 0.00000 0.00000 0.00000 0.00000 0.00000 2.03448 2.03448 2.03448 2.03448 2.03448 2.03448 2.03448 2.03448 2.03448 2.03448 2.03448 2.03448 2.03448 2.03448 2.03448 2.03448 2.03448 2.03448 2.03448 2.03448 2.03448 2.03448 2.03448 2.03448 2.00346 1.73190 1.41016 1.00361 0.00000 0.00000 0.00000 0.00000 0.00000 0.00000 0.00000
0.00000 0.00000 0.00000 0.00000 0.00000 0.00000 0.00000 0.00000 0.00000 0.00000 0.00000 0.00000 0.00000 0.00000 0.00000 0.00000 0.00000 0.00000 0.00000 0.00000 0.00000 0.00000 0.00000 0.00000 0.00000 0.00000 0.00000 0.00000 0.00000 0.00000 0.00000 0.00000 2.03448 2.03448 2.03448 2.03448 2.03448 2.03448 2.03448 2.03448 2.03448 2.03448 2.03448 2.03448 2.03448 2.03448 2.03448 2.03448 2.03448 2.03448 2.03448 2.02581 1.79833 1.47658 1.15459 0.863984 0.813433 0.813433 0.813433 0.00000 0.00000 0.00000 0.00000 0.00000 0.00000 0.00000
0.00000 0.00000 0.00000 0.00000 0.00000 0.00000 0.00000 0.00000 0.00000 0.00000 0.00000 0.00000 0.00000 0.00000 0.00000 0.00000 0.00000 0.00000 0.00000 0.00000 0.00000 0.00000 0.00000 0.00000 0.00000 0.00000 0.00000 0.00000 0.00000 0.00000 0.00000 0.00000 2.03448 2.03448 2.03448 2.03448 2.03448 2.03448 2.03448 2.03448 2.03448 2.03448 2.03448 2.03448 2.03448 2.03448 2.03448 2.03435 1.86487 1.54301 1.22114 0.907942 0.813433 0.813433 0.813433 0.813433 0.813433 0.813433 0.813433 0.813433 0.00000 0.00000 0.00000 0.00000 0.00000 0.00000
0.00000 0.00000 0.00000 0.00000 0.00000 0.00000 0.00000 0.00000 0.00000 0.00000 0.00000 0.00000 0.00000 0.00000 0.00000 0.00000 0.00000 0.00000 0.00000 0.00000 0.00000 0.00000 0.00000 0.00000 0.00000 0.00000 0.00000 0.00000 0.00000 0.00000 0.00000 0.00000 2.03448 2.03448 2.03448 2.03448 2.03448 2.03448 2.03448 2.03448 2.03448 2.03448 2.03448 2.03448 1.92617 1.60931 1.28756 0.965697 0.813433 0.813433 0.813433 0.813433 0.813433 0.813433 0.813433 0.813433 0.813433 0.813433 0.813433 0.813433 0.00000 0.00000 0.00000 0.00000 0.00000 0.00000
0.00000 0.00000 0.00000 0.00000 0.00000 0.00000 0.00000 0.00000 0.00000 0.00000 0.00000 0.00000 0.00000 0.00000 0.00000 0.00000 0.00000 0.00000 0.00000 0.00000 0.00000 0.00000 0.00000 0.00000 0.00000 0.00000 0.00000 0.00000 0.00000 0.00000 0.00000 0.00000 0.00000 2.03448 2.03448 2.03448 2.03448 2.22554 2.66435 2.03448 1.97367 1.67573 1.35387 1.03200 0.818561 0.813433 0.813433 0.813433 0.813433 0.813433 0.813433 0.813433 0.813433 0.813433 0.813433 0.813433 0.813433 0.813433 0.813433 0.813433 0.00000 0.00000 0.00000 0.00000 0.00000 0.00000
0.00000 0.00000 0.00000 0.00000 0.00000 0.00000 0.00000 0.00000 0.00000 0.00000 0.00000 0.00000 0.00000 0.00000 0.00000 0.00000 0.00000 0.00000 0.00000 0.00000 0.00000 0.00000 0.00000 0.00000 0.00000 0.00000 0.00000 0.00000 0.00000 0.00000 0.00000 0.00000 0.00000 2.70393 2.78308 3.12064 3.35422 3.36266 3.20701 1.57330 0.837365 0.813433 0.813433 0.813433 0.813433 0.813433 0.813433 0.813433 0.813433 0.813433 0.813433 0.813433 0.813433 0.813433 0.813433 0.813433 0.813433 0.813433 0.813433 0.813433 0.00000 0.00000 0.00000 0.00000 0.00000 0.00000
0.00000 0.00000 0.00000 0.00000 0.00000 0.00000 0.00000 0.00000 0.00000 0.00000 0.00000 0.00000 0.00000 0.00000 0.00000 0.00000 0.00000 0.00000 0.00000 0.00000 0.00000 0.00000 0.00000 0.00000 0.00000 0.00000 0.00000 0.00000 4.99462 4.99462 4.99462 4.99462 4.99462 4.86919 3.28507 3.07980 2.93217 2.90403 2.90403 2.11243 0.813433 0.813433 0.813433 0.813433 0.813433 0.813433 0.813433 0.813433 0.813433 0.813433 0.813433 0.813433 0.813433 0.813433 0.813433 0.813433 0.813433 0.813433 0.813433 0.813433 0.813433 0.00000 0.00000 0.00000 0.00000 0.00000
0.00000 0.00000 0.00000 0.00000 0.00000 0.00000 0.00000 0.00000 0.00000 0.00000 0.00000 0.00000 0.00000 0.00000 0.00000 0.00000 0.00000 0.00000 0.00000 0.00000 0.00000 0.00000 0.00000 0.00000 4.99462 4.99462 4.99462 4.99462 4.99462 4.99462 4.99462 4.99462 4.99462 4.99462 3.30892 2.90403 2.90403 2.90403 2.90403 2.62299 0.813433 0.813433 0.813433 0.813433 0.813433 0.813433 0.813433 0.813433 0.813433 0.813433 0.813433 0.813433 0.813433 0.813433 0.813433 0.813433 0.813433 0.892605 1.06611 1.26196 1.45953 0.00000 0.00000 0.00000 0.00000 0.00000
0.00000 0.00000 0.00000 0.00000 0.00000 0.00000 0.00000 0.00000 0.00000 0.00000 0.00000 0.00000 0.00000 0.00000 0.00000 0.00000 0.00000 0.00000 0.00000 0.00000 4.99462 4.99462 4.99462 4.99462 4.99462 4.99462 4.99462 4.99462 4.99462 4.99462 4.99462 4.99462 4.99462 4.99462 3.92212 2.90403 2.90403 2.90403 2.90403 2.89299 1.14277 0.813433 0.813433 0.813433 0.813433 0.813433 0.813433 0.813433 0.813433 0.813433 0.813433 0.813433 0.816449 0.937519 1.08315 1.26008 1.40489 1.50721 1.56924 1.57370 1.58610 1.73040 0.00000 0.00000 0.00000 0.00000
0.00000 0.00000 0.00000 0.00000 0.00000 0.00000 0.00000 0.00000 0.00000 0.00000 0.00000 0.00000 0.00000 0.00000 0.00000 0.00000 9.11692 9.11692 6.92783 4.99462 4.99462 4.99462 4.99462 4.99462 4.99462 4.99462 4.99462 4.99462 4.99462 4.99462 4.99462 4.99462 4.99462 4.99462 4.79779 2.94072 2.90403 2.90403 2.90403 2.90403 1.98115 0.813433 0.813433 0.813433 0.813433 0.813433 0.813433 0.813433 0.833611 0.978603 1.10328 1.25833 1.39800 1.49104 1.56212 1.57370 1.57370 1.57370 1.57370 1.57370 1.57385 1.62953 0.00000 0.00000 0.00000 0.00000
0.00000 0.00000 0.00000 0.00000 0.00000 0.00000 0.00000 0.00000 0.00000 0.00000 0.00000 0.00000 9.11692 9.11692 9.11692 9.11692 9.11692 9.11692 8.15077 4.99462 4.99462 4.99462 4.99462 4.99462 4.99462 4.99462 4.99462 4.99462 4.99462 4.99462 4.99462 4.99462 4.99462 4.99462 4.99462 3.29588 2.90403 2.90403 2.90403 2.90403 2.53452 0.813433 0.813433 0.813433 0.864193 1.01564 1.12606 1.25678 1.38888 1.47466 1.55167 1.57370 1.57370 1.57370 1.57370 1.57370 1.57370 1.57370 1.57370 1.57370 1.57370 1.59346 0.00000 0.00000 0.00000 0.00000
0.00000 0.00000 0.00000 0.00000 0.00000 0.00000 0.00000 0.00000 9.11692 9.11692 9.11692 9.11692 9.11692 9.11692 9.11692 9.11692 9.11692 9.11692 9.07816 5.36529 4.99462 4.99462 4.99462 4.99462 4.99462 4.99462 4.99462 4.99462 4.99462 4.99462 4.99462 4.99462 4.99462 4.99462 4.99462 3.90237 2.90403 2.90403 2.90403 2.90403 2.67859 1.08500 1.15015 1.25629 1.37710 1.45842 1.53779 1.57370 1.57370 1.57370 1.57370 1.57370 1.57370 1.57370 1.57370 1.57370 1.57370 1.57370 1.57370 1.57370 1.57370 1.58419 1.73040 0.00000 0.00000 0.00000
0.00000 0.00000 0.00000 0.00000 9.11692 9.11692 9.11692 9.11692 9.11692 9.11692 9.11692 9.11692 9.11692 9.11692 9.11692 9.11692 9.11692 9.11692 9.11692 6.62630 4.99462 4.99462 4.99462 4.99462 4.99462 4.99462 4.99462 4.99462 4.99462 4.99462 4.99462 4.99462 4.99462 4.99462 4.99462 4.78012 2.68626 2.23893 1.82023 1.41748 1.26002 1.40879 1.52162 1.57274 1.57370 1.57370 1.57370 1.57370 1.57370 1.57370 1.57370 1.57370 1.57370 1.57370 1.57370 1.57370 1.57370 1.57370 1.57370 1.57370 1.57370 1.57415 1.62143 0.00000 0.00000 0.00000
9.11692 9.11692 9.11692 9.11692 9.11692 9.11692 9.11692 9.11692 9.11692 9.11692 9.11692 9.11692 9.11692 9.11692 9.11692 9.11692 9.11692 9.11692 9.11692 7.92533 4.99462 4.99462 4.99462 4.99462 4.99462 4.99462 4.99462 4.99462 4.99462 4.99462 4.99462 4.97241 4.38245 3.54470 2.70731 1.87269 1.29472 1.32270 1.40225 1.46547 1.47063 1.50843 1.57370 1.57370 1.57370 1.57370 1.57370 1.57370 1.57370 1.57370 1.57370 1.57370 1.57370 1.57370 1.57370 1.57370 1.57370 1.57370 1.57370 1.57370 1.57370 1.57370 1.58783 0.00000 0.00000 0.00000
9.11692 9.11692 9.11692 9.11692 9.11692 9.11692 9.11692 9.11692 9.11692 9.11692 9.11692 9.11692 9.11692 9.11692 9.11692 9.11692 9.11692 9.11692 9.11692 9.00397 5.21519 4.99462 4.99462 4.99462 4.99462 4.99462 4.99462 4.93667 4.26376 3.42671 2.58862 1.77237 1.52426 1.52426 1.52426 1.52426 1.49569 1.47063 1.47063 1.47063 1.47063 1.47803 1.57208 1.57370 1.57370 1.57370 1.57370 1.57370 1.57370 1.57370 1.57370 1.57370 1.57370 1.57370 1.57370 1.57370 1.57370 1.57370 1.57370 1.57376 1.59900 1.57795 1.47302 0.00000 0.00000 0.00000
9.11692 9.11692 9.11692 9.11692 9.11692 9.11692 9.11692 9.11692 9.11692 9.11692 9.11692 9.11692 9.11692 9.11692 9.11692 9.11692 9.11692 9.11692 9.11692 9.11692 6.40129 4.99462 4.99462 4.88392 4.14438 3.30664 2.46889 1.68945 1.52426 1.52426 1.52426 1.52426 1.52426 1.52426 1.52426 1.52426 1.51821 1.47134 1.47063 1.47063 1.47063 1.47063 1.54749 1.57370 1.57370 1.57370 1.57370 1.57370 1.57370 1.57370 1.57370 1.57370 1.57370 1.57370 1.57370 1.57598 1.61142 1.61741 1.50523 1.38518 1.24023 1.14117 1.14557 1.32264 0.00000 0.00000
9.11692 9.11692 9.11692 9.11692 9.11692 9.11692 9.11692 9.11692 9.11692 9.11692 9.11692 9.11692 9.11692 9.11692 9.11692 9.11692 9.11692 9.11692 9.11692 9.11692 6.99199 3.18691 2.34951 1.62247 1.52426 1.52426 1.52426 1.52426 1.52426 1.52426 1.52426 1.52426 1.52426 1.52426 1.52426 1.52426 1.52426 1.47992 1.47063 1.47063 1.47063 1.47063 1.51548 1.57370 1.57370 1.57370 1.57370 1.57370 1.57370 1.57370 1.57370 1.58152 1.62379 1.64993 1.55152 1.42922 1.27399 1.14805 1.14041 1.14041 1.14041 1.14041 1.14041 1.17758 0.00000 0.00000
9.11692 9.11692 9.11692 9.11692 9.11692 9.11692 9.11692 9.11692 9.11692 9.11692 9.11692 9.11692 9.11692 9.11692 9.11692 9.11692 9.11692 9.11692 9.11692 9.11692 1.52426 1.52426 1.52426 1.52426 1.52426 1.52426 1.52426 1.52426 1.52426 1.52426 1.52426 1.52426 1.52426 1.52426 1.52426 1.52426 1.52426 1.49496 1.47063 1.47063 1.47063 1.47063 1.48364 1.57355 1.57370 1.57370 1.57370 1.59043 1.63618 1.67562 1.59774 1.46994 1.30793 1.16174 1.14041 1.14041 1.14041 1.14041 1.14041 1.14041 1.14041 1.14041 1.14041 1.14885 0.00000 0.00000
9.11692 9.11692 9.11692 9.11692 9.11692 9.11692 9.11692 9.11692 9.11692 9.11692 9.11692 9.11692 9.11692 9.11692 9.11692 9.11692 0.00000 0.00000 0.00000 0.00000 0.00000 1.52426 1.52426 1.52426 1.52426 1.52426 1.52426 1.52426 1.52426 1.52426 1.52426 1.52426 1.52426 1.52426 1.52426 1.52426 1.52426 1.51747 1.47120 1.47063 1.47063 1.47063 1.47042 1.57519 1.64860 1.69428 1.64403 1.50730 1.34175 1.18237 1.14041 1.14041 1.14041 1.14041 1.14041 1.14041 1.14041 1.14041 1.14041 1.14041 1.14041 1.14041 1.14041 1.14041 1.09508 0.00000
9.11692 9.11692 9.11692 9.11692 9.11692 9.11692 9.11692 9.11692 9.11692 9.11692 9.11692 9.11692 0.00000 0.00000 0.00000 0.00000 0.00000 0.00000 0.00000 0.00000 0.00000 1.52426 1.52426 1.52426 1.52426 1.52426 1.52426 1.52426 1.52426 1.52426 1.52426 1.52426 1.52426 1.52426 1.52426 1.52426 1.52426 1.52426 1.47790 1.43820 1.39499 1.35169 1.24409 1.30347 1.37557 1.20994 1.14041 1.14041 1.14041 1.14041 1.14041 1.14041 1.14041 1.14041 1.14041 1.14041 1.14041 1.14041 1.14041 1.14041 1.14041 1.14041 1.14041 1.14041 1.10720 0.00000
9.11692 9.11692 9.11692 9.11692 9.11692 9.11692 9.11692 9.11692 0.00000 0.00000 0.00000 0.00000 0.00000 0.00000 0.00000 0.00000 0.00000 0.00000 0.00000 0.00000 0.00000 1.52426 1.52426 1.52426 1.52426 1.52426 1.52426 1.52426 1.52426 1.52426 1.52426 1.52426 1.52426 1.52426 1.51759 1.44687 1.36043 1.27385 1.22108 1.09553 0.929459 0.763141 0.661494 0.752645 1.14041 1.14041 1.14041 1.14041 1.14041 1.14041 1.14041 1.14041 1.14041 1.14041 1.14041 1.14041 1.14041 1.14041 1.14041 1.14041 1.14041 1.14041 1.14041 1.14041 1.10899 0.00000
9.11692 9.11692 9.11692 9.11692 0.00000 0.00000 0.00000 0.00000 0.00000 0.00000 0.00000 0.00000 0.00000 0.00000 0.00000 0.00000 0.00000 0.00000 0.00000 0.00000 0.00000 0.00000 1.52426 1.52426 1.52426 1.52426 1.52426 1.52426 1.52426 1.52426 1.51175 1.43438 1.34788 1.26136 1.18154 1.16561 1.16561 1.16561 1.09363 0.664562 0.660359 0.660359 0.660359 0.661415 1.08255 1.14041 1.14041 1.14041 1.14041 1.14041 1.14041 1.14041 1.14041 1.14041 1.14041 1.14041 1.14041 1.14041 1.14041 1.14041 1.14041 1.14041 1.13854 1.06183 0.914580 0.379184
0.00000 0.00000 0.00000 0.00000 0.00000 0.00000 0.00000 0.00000 0.00000 0.00000 0.00000 0.00000 0.00000 0.00000 0.00000 0.00000 0.00000 0.00000 0.00000 0.00000 0.00000 0.00000 1.52426 1.52426 1.52426 1.52426 1.50414 1.42190 1.33536 1.24878 1.17487 1.16561 1.16561 1.16561 1.16561 1.16561 1.16561 1.16561 1.16561 0.738135 0.660359 0.660359 0.660359 0.660359 0.934268 1.14041 1.14041 1.14041 1.14041 1.14041 1.14041 1.14041 1.14041 1.14041 1.14041 1.14041 1.14041 1.14041 1.12821 1.02957 0.908755 0.780620 0.654433 0.603077 0.598340 0.528602
0.00000 0.00000 0.00000 0.00000 0.00000 0.00000 0.00000 0.00000 0.00000 0.00000 0.00000 0.00000 0.00000 0.00000 0.00000 0.00000 0.00000 0.00000 0.00000 0.00000 0.00000 0.00000 1.51700 1.40957 1.32288 1.23627 1.16995 1.16561 1.16561 1.16561 1.16561 1.16561 1.16561 1.16561 1.16561 1.16561 1.16561 1.16561 1.16561 0.873867 0.660359 0.660359 0.660359 0.660359 0.785039 1.14041 1.14041 1.14041 1.14041 1.14041 1.14041 1.14041 1.14041 1.14041 1.10883 0.997297 0.878544 0.750935 0.635077 0.605576 0.598374 0.598340 0.598340 0.598340 0.598340 0.556851
0.00000 0.00000 0.00000 0.00000 0.00000 0.00000 0.00000 0.00000 0.00000 0.00000 0.00000 0.00000 0.00000 0.00000 0.00000 0.00000 0.00000 0.00000 0.00000 0.00000 0.00000 0.00000 0.00000 1.16561 1.16561 1.16561 1.16561 1.16561 1.16561 1.16561 1.16561 1.16561 1.16561 1.16561 1.16561 1.16561 1.16561 1.16561 1.16561 1.08269 0.663102 0.660359 0.660359 0.660359 0.668760 1.10743 1.14041 1.14041 1.14041 1.14041 1.08047 0.965027 0.847880 0.721177 0.624740 0.608168 0.598834 0.598340 0.598340 0.598340 0.598340 0.598340 0.598340 0.598340 0.598340 0.575473
0.00000 0.00000 0.00000 0.00000 0.00000 0.00000 0.00000 0.00000 0.00000 0.00000 0.00000 0.00000 0.00000 0.00000 0.00000 0.00000 0.00000 0.00000 0.00000 0.00000 0.00000 0.00000 0.00000 1.16561 1.16561 1.16561 1.16561 1.16561 1.16561 1.16561 1.16561 1.16561 1.16561 1.16561 1.16561 1.16561 1.16561 1.16561 1.16561 1.16561 0.732076 0.660359 0.660359 0.660359 0.660359 0.961494 1.04815 0.932708 0.816623 0.691604 0.623429 0.610806 0.599835 0.598340 0.598340 0.598340 0.598340 0.598340 0.598340 0.598340 0.598340 0.598340 0.598340 0.598340 0.598340 0.598340
