High_resolution/powerplant/Fengdu/OMI_NO2_200510.asc
ncols      200
nrows      200
xllcorner       105.978
yllcorner       28.1831
cellsize     0.0166667
NODATA_Value      -999.000
[rows 29 to 57 of 200, columns 132 to 197 of 200]
2.14114 2.14114 2.14114 2.14114 2.14114 2.21795 2.25311 2.25311 2.25311 2.25311 2.26069 2.29139 2.42077 2.42077 2.42077 2.42077 2.42077 2.42077 2.42077 2.42077 2.42077 1.93204 1.27754 1.27754 1.27754 1.31208 1.38261 1.45318 1.52375 1.57550 1.57809 1.17463 0.723664 0.723664 0.723664 0.723664 0.723664 0.723664 1.15318 1.24511 1.24511 1.24511 1.24511 1.24508 1.24336 1.24039 1.23709 1.23342 1.22928 1.22462 1.21929 1.49035 1.88195 1.93350 1.97996 1.19293 1.09730 1.09730 1.09698 1.09184 1.08511 1.07832 1.07163 1.06688 1.06670 1.06670
2.14114 2.14114 2.14114 2.14114 2.14114 2.19036 2.25311 2.25311 2.25311 2.25311 2.25533 2.27061 2.41497 2.42077 2.42077 2.42077 2.42077 2.42077 2.42077 2.42077 2.42296 2.26316 1.40095 1.47144 1.54205 1.57809 1.57809 1.57809 1.57809 1.57809 1.57809 1.43988 0.723664 0.728238 0.798285 0.889049 0.979813 1.07058 1.21472 1.22222 1.21656 1.20999 1.20232 1.19335 1.18952 1.18952 1.18952 1.18952 1.18952 1.18952 1.18952 1.29901 1.98326 1.98350 1.97861 1.32941 1.08146 1.07472 1.06831 1.06670 1.06670 1.06670 1.06670 1.06670 1.06670 1.06670
2.14114 2.14114 2.14114 2.14156 2.14958 2.18180 2.28264 2.29319 2.30376 2.31437 2.32494 2.32470 2.39905 2.42077 2.42077 2.42077 2.42990 2.49194 2.56253 2.63307 2.70142 2.71228 1.65503 1.57988 1.64150 1.73235 1.82321 1.91397 2.00473 2.09559 2.18644 2.27721 1.64066 1.59965 1.62054 1.62054 1.62054 1.62054 1.53088 1.18952 1.18952 1.18952 1.18952 1.18952 1.18952 1.18952 1.18952 1.18952 1.18952 1.20575 1.45758 1.78678 2.00615 1.93104 1.92245 1.49559 1.06670 1.06670 1.06670 1.06670 1.06670 1.06670 1.06670 1.06670 1.06670 1.06670
2.32702 2.33757 2.34812 2.35829 2.36089 2.36200 2.46583 2.47286 2.47286 2.47286 2.47286 2.43921 2.43457 2.51027 2.57529 2.61329 2.63864 2.61104 2.57493 2.53885 2.50277 2.46673 2.37283 2.44591 2.47497 2.47497 2.47497 2.47497 2.47497 2.47497 2.47497 2.47497 2.01311 1.62054 1.62054 1.62054 1.62054 1.62054 1.59683 1.19004 1.18952 1.18952 1.18952 1.18952 1.18952 1.27342 1.58929 1.91863 2.24783 2.56109 2.63847 2.63847 2.26187 1.92230 1.92230 1.77156 1.06713 1.06670 1.06670 1.06670 1.06670 1.06670 1.06670 1.06670 1.06670 1.06670
2.36089 2.36089 2.36089 2.36089 2.36089 2.35600 2.40023 2.38934 2.35330 2.31719 2.28111 2.28642 2.44249 2.42126 2.39083 2.38726 2.38726 2.38726 2.38726 2.38726 2.38726 2.38726 2.42725 2.47497 2.47497 2.47497 2.47497 2.47497 2.47497 2.47497 2.47497 2.47497 2.27844 1.62054 1.62054 1.62054 1.62054 1.62054 1.62054 1.29326 1.19155 1.39180 1.72100 2.05034 2.37954 2.62514 2.63847 2.63847 2.63847 2.63847 2.63847 2.63847 2.48095 1.92230 1.92230 1.92230 1.13155 1.06670 1.06670 1.06670 1.06670 1.06670 1.06670 1.06670 1.06670 1.06670
2.29099 2.27385 2.25673 2.23955 2.22241 2.21015 2.17735 2.13880 2.13880 2.13880 2.13880 2.13880 2.36308 2.38726 2.38726 2.38726 2.38726 2.38726 2.38726 2.38726 2.38726 2.38726 2.40602 2.47497 2.47497 2.47497 2.47497 2.47497 2.47497 2.47497 2.47497 2.47497 2.46736 1.69693 1.62054 1.62054 1.64228 1.78746 1.95221 2.14628 2.50922 2.63847 2.63847 2.63847 2.63847 2.63847 2.63847 2.63847 2.63847 2.63847 2.63847 2.63847 2.63324 1.98899 1.92230 1.92230 1.26571 1.06670 1.06670 1.06670 1.06670 1.06670 1.06670 1.06670 1.06670 1.06670
2.20965 2.20965 2.20965 2.20965 2.20965 2.20965 2.19472 2.13880 2.13880 2.13880 2.13880 2.13880 2.29937 2.38771 2.38726 2.38726 2.38726 2.38726 2.38726 2.38726 2.38726 2.38726 2.38881 2.47092 2.47497 2.47497 2.47497 2.47497 2.47497 2.47497 2.47497 2.47497 2.43175 2.02893 2.01806 2.18266 2.32560 2.34501 2.34501 2.41421 2.63847 2.63847 2.63847 2.63847 2.63847 2.63847 2.63847 2.63847 2.63847 2.63847 2.63847 2.63847 2.63847 2.20281 1.92230 1.92230 1.44564 1.06670 1.07040 1.10417 1.14793 1.19608 1.24945 1.30901 1.37590 1.45119
2.20965 2.20965 2.20965 2.20965 2.20965 2.20965 2.20853 2.14238 2.13880 2.13880 2.13880 2.13880 2.21543 2.38897 2.38726 2.38726 2.38726 2.38726 2.38726 2.38726 2.38726 2.38726 2.38726 2.45124 2.47497 2.47497 2.47497 2.47385 2.40234 2.28876 2.17529 2.06167 1.99136 2.09700 2.34501 2.34501 2.34501 2.34501 2.34501 2.36727 2.63847 2.63847 2.63847 2.63847 2.63847 2.63847 2.63847 2.63847 2.63847 2.63847 2.63847 2.63847 2.63847 2.42197 1.92230 1.92230 1.86045 1.77427 1.89868 1.92230 1.92230 1.92230 1.92230 1.92230 1.92230 1.92230
2.20965 2.20965 2.20965 2.20965 2.20965 2.20965 2.20965 2.15862 2.13880 2.13880 2.13880 2.13880 2.14160 2.36974 2.38726 2.38726 2.38726 2.38726 2.38726 2.38726 2.38726 2.38726 2.38726 2.42068 2.37196 2.25848 2.14486 2.03245 1.99044 1.99044 1.99044 1.99044 1.99044 2.00287 2.33008 2.34501 2.34501 2.34162 2.28712 2.21541 2.52527 2.63847 2.63847 2.63847 2.63847 2.63847 2.63847 2.63847 2.63847 2.63847 2.63847 2.63847 2.63847 2.61233 1.95095 1.92230 1.92230 1.92230 1.92230 1.92230 1.92230 1.92230 0.00000 0.00000 0.00000 0.00000
2.20965 2.20965 2.20965 2.20965 2.20965 2.20965 2.20965 2.17599 2.13880 2.13880 2.13698 2.13059 2.12367 2.29717 2.38726 2.38726 2.38726 2.38726 2.38726 2.36153 2.25401 2.14044 2.02687 1.94428 1.99044 1.99044 1.99044 1.98931 1.94175 1.86997 1.79827 1.72664 1.65494 1.58317 1.75449 1.79434 1.72264 1.65440 1.63720 1.63720 2.13081 2.63847 2.63847 2.63847 2.63847 2.63847 2.63847 2.63847 2.63847 2.63847 2.63847 2.63847 2.61856 2.43204 2.02960 1.92230 1.92230 1.92230 0.00000 0.00000 0.00000 0.00000 0.00000 0.00000 0.00000 0.00000
2.14035 2.13145 2.12199 2.11184 2.10093 2.08916 2.07638 2.03374 1.91676 1.89425 1.87687 1.87614 1.87614 2.10441 2.38726 2.33701 2.22368 2.11006 1.98828 1.86850 1.82897 1.79550 1.76202 1.73060 1.52955 1.44904 1.37720 1.30670 1.28263 1.28263 1.28263 1.28263 1.28263 1.28263 1.41655 1.63720 1.63720 1.63720 1.63720 1.63720 1.90424 2.63847 2.63847 2.63847 2.63847 2.63847 2.63847 2.63847 2.56122 2.34096 2.11732 1.89375 1.69028 1.65313 1.65313 0.00000 0.00000 0.00000 0.00000 0.00000 0.00000 0.00000 0.00000 0.00000 0.00000 0.00000
2.01783 2.01783 2.01783 2.01783 2.01783 2.01783 2.01783 2.01452 1.88164 1.84245 1.77557 1.70850 1.64155 1.60598 1.77808 1.68518 1.65152 1.61804 1.59282 1.59136 1.59136 1.59136 1.59136 1.59136 1.35633 1.28263 1.28263 1.28263 1.28263 1.28263 1.28263 1.28263 1.28263 1.28263 1.31150 1.63316 1.63720 1.63720 1.63720 1.63720 1.73738 2.63847 2.63847 2.63216 2.47313 2.24975 2.02618 1.80261 1.65628 1.65313 1.65313 1.65313 1.65313 1.65313 1.65313 1.65313 0.00000 0.00000 0.00000 0.00000 0.00000 0.00000 0.00000 0.00000 0.00000 0.00000
1.98914 1.91124 1.83265 1.75384 1.67518 1.59652 1.51765 1.43912 1.30640 1.25339 1.25339 1.25339 1.25339 1.25339 1.52294 1.59136 1.59136 1.59136 1.59136 1.59136 1.59136 1.59136 1.59136 1.59136 1.43104 1.28263 1.28263 1.28263 1.28263 1.28263 1.28263 1.28263 1.28263 1.28263 1.28263 1.55292 1.63720 1.63720 1.63720 1.61380 1.51251 2.06491 1.93494 1.71777 1.65313 1.65313 1.65313 1.65313 1.65313 1.65313 1.65313 1.65313 1.65313 1.65313 1.65313 1.65313 0.00000 0.00000 0.00000 0.00000 0.00000 0.00000 0.00000 0.00000 0.00000 0.00000
1.32553 1.32477 1.32477 1.32477 1.32477 1.32477 1.32477 1.32477 1.28944 1.25339 1.25339 1.25339 1.25339 1.25339 1.42915 1.59136 1.59136 1.59136 1.59136 1.59136 1.59136 1.59136 1.59136 1.59136 1.50579 1.28263 1.28263 1.28263 1.28263 1.28263 1.28263 1.28263 1.28263 1.28263 1.28260 1.39575 1.46339 1.35160 1.23987 1.15148 1.14454 1.42039 1.65313 1.65313 1.65313 1.65313 1.65313 1.65313 1.65313 1.65313 1.65313 1.65313 1.65313 1.65313 1.65313 1.65313 0.00000 0.00000 0.00000 0.00000 0.00000 0.00000 0.00000 0.00000 0.00000 0.00000
1.32477 1.32477 1.32477 1.32477 1.32477 1.32477 1.32477 1.32477 1.30692 1.25339 1.25339 1.25339 1.25339 1.25339 1.29237 1.58765 1.59136 1.59136 1.59136 1.59136 1.59136 1.59136 1.59136 1.59136 1.57580 1.28729 1.28263 1.28263 1.28263 1.28263 1.27935 1.21636 1.11042 0.967487 0.764114 0.766459 1.14454 1.14454 1.14454 1.14454 1.14454 1.29826 1.65313 1.65313 1.65313 1.65313 1.65313 1.65313 1.65313 1.65313 1.65313 1.65313 1.62799 1.57137 1.52341 1.45742 0.955703 0.955703 0.955703 0.00000 0.00000 0.00000 0.00000 0.00000 1.85048 1.85048
1.32477 1.32477 1.32477 1.32477 1.32477 1.32477 1.32477 1.32477 1.32240 1.25539 1.25339 1.25339 1.25339 1.25339 1.25339 1.53807 1.59136 1.59136 1.59136 1.59136 1.59136 1.59136 1.59136 1.59136 1.59136 1.34651 1.27081 1.19151 1.07741 0.921703 0.707769 0.635941 0.635941 0.635941 0.635941 0.635941 1.10031 1.14454 1.14454 1.14454 1.14454 1.20919 1.60249 1.54956 1.50477 1.46630 1.43277 1.40346 1.37747 1.35439 1.33367 1.31500 1.30452 1.30442 1.30442 1.30435 1.03958 0.955703 0.955703 1.85048 1.85048 1.85048 1.85048 1.85048 1.85048 1.85048
1.32477 1.32477 1.32477 1.32477 1.32477 1.32477 1.32477 1.32477 1.32477 1.27048 1.25339 1.25339 1.25339 1.25339 1.25339 1.45184 1.59136 1.59136 1.59136 1.59136 1.59136 1.59136 1.57772 1.52981 1.46544 1.09800 0.665638 0.635941 0.635941 0.635941 0.635941 0.635941 0.635941 0.635941 0.635941 0.635941 1.14742 1.34956 1.40439 1.46807 1.54342 1.61415 1.31108 1.30442 1.30442 1.30442 1.30442 1.30442 1.30442 1.30442 1.30442 1.30442 1.30442 1.30442 1.30442 1.29651 1.19444 1.23589 1.32535 1.82970 1.85048 1.85048 1.85048 1.85048 1.85048 1.85048
1.32477 1.32477 1.32477 1.32477 1.32477 1.32477 1.32477 1.32477 1.32477 1.28797 1.25339 1.25339 1.25339 1.25339 1.25339 1.31939 1.59063 1.59126 1.56697 1.51482 1.44513 1.34733 1.27184 1.31644 1.36473 1.23617 0.635941 0.635941 0.635941 0.635941 0.635941 0.635941 0.00000 0.00000 0.00000 0.00000 1.65313 1.65313 1.65313 1.65313 1.65313 1.65313 1.35508 1.30442 1.30442 1.30442 1.30442 1.30442 1.30442 1.30442 1.30442 1.28006 1.22510 1.17001 1.11490 1.06774 1.14914 1.40309 1.40309 1.68924 1.85048 1.85048 1.85048 1.85048 1.85048 1.85048
1.32477 1.32477 1.32477 1.32477 1.32477 1.32477 1.32477 1.32477 1.32477 1.30544 1.25339 1.25339 1.25362 1.28221 1.33036 1.37856 1.53776 1.51651 1.52305 1.57129 1.61944 1.66759 1.70003 1.70088 1.70088 1.70088 1.70088 0.00000 0.00000 0.00000 0.00000 0.00000 0.00000 0.00000 0.00000 0.00000 1.65313 1.65313 1.65313 1.65313 1.65313 1.65313 1.41850 1.30442 1.30442 1.30442 1.30117 1.25799 1.20285 1.14774 1.09272 1.06194 1.06184 1.06184 1.06184 1.06184 1.06796 1.38082 1.40309 1.56949 1.85048 1.85048 1.85048 1.85048 1.85048 1.85048
1.32477 1.32477 1.32477 1.32487 1.38722 1.50010 1.61318 1.72626 1.83934 1.94376 1.59681 1.63336 1.68128 1.70088 1.70088 1.70088 1.70088 1.70088 1.70088 1.70088 1.70088 1.70088 1.70088 1.70088 1.70088 1.70088 1.70088 0.00000 0.00000 0.00000 0.00000 0.00000 0.00000 0.00000 0.00000 0.00000 0.00000 1.65313 1.65313 1.65313 1.65313 1.65313 1.48163 1.23572 1.18066 1.12557 1.07371 1.06184 1.06184 1.06184 1.06184 1.06184 1.06184 1.06184 1.06184 1.06184 1.06184 1.28352 1.40309 1.48347 1.85048 1.85048 1.85048 1.85048 1.85048 1.85048
1.92925 2.04253 2.15541 2.26829 2.31931 2.31931 2.31931 2.31931 2.31931 2.31931 1.83726 1.70088 1.70088 1.70088 1.70088 1.70088 1.70088 1.70088 1.70088 1.70088 1.70088 1.70088 1.70088 1.70088 1.70088 1.70088 1.70088 0.00000 0.00000 0.00000 0.00000 0.00000 0.00000 0.00000 0.00000 0.00000 0.00000 1.64914 1.58143 1.47140 1.36117 1.25090 1.16208 1.06278 1.06184 1.06184 1.06184 1.06184 1.06184 1.06184 1.06184 1.06184 1.06184 1.06184 1.06184 1.06184 1.06184 1.18005 1.40309 1.41985 1.84532 1.85048 1.85048 1.85048 1.85048 1.85048
2.31931 2.31931 2.31931 2.31931 2.31931 2.31931 2.31931 2.31931 2.31931 2.31931 1.98941 1.70088 1.70088 1.70088 1.70088 1.70088 1.70088 1.70088 1.70088 1.70088 1.70088 1.70088 1.70088 1.70088 1.70088 1.70088 1.70088 0.00000 0.00000 0.00000 0.00000 0.00000 0.00000 0.00000 0.00000 0.00000 0.00000 1.16799 1.16799 1.16799 1.16799 1.16799 1.16799 1.07435 1.06184 1.06184 1.06184 1.06184 1.06184 1.06184 1.06184 1.06184 1.06184 1.06184 1.06184 1.06184 1.05321 1.04559 1.32915 1.30589 1.67123 1.85048 1.85048 1.85048 1.85048 1.85048
2.31931 2.31931 2.31931 2.31931 2.31931 2.31931 2.31931 2.31931 2.31931 2.31931 2.14181 1.70088 1.70088 1.70088 1.70088 1.70088 1.70088 1.70088 1.70088 1.70088 1.70088 1.70088 1.70088 1.70088 1.70088 1.70088 1.70088 1.70088 0.00000 0.00000 0.00000 0.00000 0.00000 0.00000 0.00000 0.00000 0.00000 0.00000 1.16799 1.16799 1.16799 1.16799 1.16799 1.09267 1.06184 1.06132 1.04128 1.01146 0.981726 0.951872 0.922111 0.892350 0.862495 0.832796 0.802911 0.773181 0.752025 0.751187 1.00381 1.09243 1.41138 1.85048 1.85048 1.85048 1.85048 1.85048
2.31931 2.31931 2.31931 2.31931 2.31931 2.31931 2.31931 2.31931 2.31931 2.31931 2.28555 1.70929 1.70088 1.70088 1.70088 1.70088 1.70088 1.70088 1.70088 1.70088 1.70088 1.70088 1.70088 1.70088 1.70088 1.70088 1.70088 1.70088 0.00000 0.00000 0.00000 0.00000 0.00000 0.00000 0.00000 0.319637 0.319637 0.319637 0.816203 0.938238 0.895609 0.858442 0.825721 0.805548 0.790174 0.760941 0.751187 0.751187 0.751187 0.751187 0.751187 0.751187 0.751187 0.751187 0.751187 0.751187 0.751187 0.751187 0.882434 0.979912 1.01231 1.85048 1.85048 0.00000 0.00000 0.00000
2.31931 2.31931 2.31931 2.31931 2.31931 2.31931 2.31931 2.31931 2.31931 2.31931 2.31931 1.82786 1.70088 1.70088 1.70088 1.70088 1.70088 1.70088 1.70088 1.70088 1.70088 1.70088 1.70088 1.70088 1.70088 1.70088 1.70983 1.47271 0.319637 0.319637 0.319637 0.319637 0.319637 0.319637 0.319637 0.319637 0.319637 0.319637 0.385160 0.741551 0.743811 0.743811 0.743811 0.744406 0.751168 0.751187 0.751187 0.751187 0.751187 0.751187 0.751187 0.751187 0.751187 0.751146 0.740583 0.721940 0.703296 0.684660 0.646033 0.334722 0.334388 0.00000 0.00000 0.00000 0.00000 0.00000
2.31931 2.31931 2.31931 2.31931 2.31931 2.31931 2.31931 2.31931 2.31931 2.31931 2.31931 1.98004 1.70088 1.70088 1.70088 1.70088 1.70126 1.71569 1.73722 1.75878 1.78032 1.80185 1.82337 1.84491 1.86646 1.88800 1.90059 1.32717 0.319637 0.319637 0.319637 0.319637 0.319637 0.319637 0.319637 0.319637 0.319637 0.319637 0.319637 0.687444 0.743811 0.743811 0.743811 0.743811 0.749968 0.751187 0.751187 0.751187 0.751187 0.749076 0.733011 0.714359 0.695715 0.677129 0.669055 0.669055 0.669055 0.669055 0.669055 0.431054 0.334388 0.334388 0.00000 0.00000 0.00000 0.00000
2.31931 2.31931 2.31931 2.31931 2.31931 2.31931 2.31931 2.31794 2.28413 2.23686 2.18941 2.02311 1.80781 1.82932 1.85086 1.87242 1.89357 1.90067 1.90067 1.90067 1.90067 1.90067 1.90067 1.90067 1.90067 1.90067 1.90067 1.70984 0.319637 0.319637 0.319637 0.319637 0.319637 0.319637 0.319637 0.319637 0.319637 0.319637 0.319637 0.586008 0.743811 0.743811 0.743811 0.743811 0.748235 0.743926 0.725430 0.706786 0.688134 0.671618 0.669055 0.669055 0.669055 0.669055 0.669055 0.669055 0.669055 0.669055 0.669055 0.548950 0.334388 0.334388 0.00000 0.00000 0.00000 0.00000
2.24700 2.19976 2.15228 2.10504 2.05768 2.01036 1.96299 1.91705 1.90349 1.90349 1.90349 1.90330 1.90069 1.90067 1.90067 1.90067 1.90067 1.90067 1.90067 1.90067 1.90067 1.90067 1.90067 1.90067 1.90067 1.90067 1.90067 1.90067 0.511436 0.319637 0.319637 0.319637 0.319637 0.319637 0.319637 0.319637 0.319637 0.319637 0.319637 0.430291 0.743039 0.729102 0.710474 0.691831 0.675786 0.669187 0.669055 0.669055 0.669055 0.669055 0.669055 0.669055 0.669055 0.669055 0.669055 0.669055 0.669055 0.669055 0.669055 0.626675 0.334388 0.334388 0.00000 0.00000 0.00000 0.00000
1.90349 1.90349 1.90349 1.90349 1.90349 1.90349 1.90349 1.90349 1.90349 1.90349 1.90349 1.90349 1.90120 1.90067 1.90067 1.90067 1.90067 1.90067 1.90067 1.90067 1.90067 1.90067 1.90067 1.90067 1.90067 1.90067 1.90067 1.90067 0.894184 0.319637 0.319637 0.319637 0.319637 0.319637 0.319637 0.319637 0.319637 0.319637 0.319637 0.319637 0.637237 0.661680 0.661680 0.661680 0.662488 0.669070 0.669055 0.669055 0.669055 0.669055 0.669055 0.669055 0.669055 0.669055 0.669055 0.669055 0.669055 0.669055 0.669055 0.667559 0.387971 0.334022 0.00000 0.00000 0.00000 0.00000
