High_resolution/powerplant/Fengdu/OMI_NO2_200806.asc
ncols      200
nrows      200
xllcorner       105.978
yllcorner       28.1831
cellsize     0.0166667
NODATA_Value      -999.000
[rows 120 to 149 of 200, columns 66 to 131 of 200]
2.17291 2.13251 2.11360 2.09024 2.06168 2.05203 2.05203 2.15164 2.38745 2.38745 2.38745 2.34369 2.12122 1.88019 1.63905 1.48205 1.55300 1.55308 2.23504 2.35191 2.35191 2.35191 2.35191 2.35191 2.35191 2.35191 2.35034 2.29953 2.22543 2.15138 2.02758 1.81773 1.73880 1.82992 1.89127 1.93672 1.98214 2.02079 2.02550 1.91366 1.55131 1.55131 1.55131 1.61522 1.78268 1.95173 2.13637 2.36949 2.38397 2.38397 2.38397 2.38397 2.38397 2.38397 2.38397 2.38397 2.38397 2.33438 2.21483 2.21483 2.06738 1.99248 2.03604 2.04191 2.04466 2.10776
2.12002 2.05471 2.05203 2.05203 2.05203 2.05203 2.05203 2.05570 2.11286 1.87212 1.63108 1.43379 1.41512 1.41512 1.41512 1.42433 1.55368 1.55300 1.98930 2.35176 2.31050 2.23634 2.16234 2.08824 2.01418 1.94013 1.88878 1.90594 1.94632 1.98675 2.05560 2.35621 2.02550 2.02550 2.02550 2.02550 2.02550 2.02550 2.02471 1.94225 1.80576 1.99978 2.16862 2.27356 2.27500 2.27500 2.27501 2.37021 2.38397 2.38397 2.38397 2.38397 2.38397 2.38397 2.38397 2.38397 2.38397 2.37989 2.22070 2.21483 2.11795 1.98917 2.19037 2.31889 2.40409 2.42881
2.13389 2.06804 2.05203 2.01112 1.84004 1.65918 1.47841 1.33528 1.40944 1.41512 1.41512 1.41512 1.41512 1.40258 1.36464 1.32596 1.30932 1.22623 1.34206 1.87709 1.85362 1.89186 1.93226 1.97267 2.01305 2.05343 2.07263 2.07263 2.07263 2.07263 2.07263 2.39439 2.03718 2.02550 2.02114 1.92890 1.80225 1.67559 1.54978 1.50019 1.98628 2.27500 2.27500 2.27500 2.27500 2.27500 2.27500 2.34076 2.38397 2.38397 2.38397 2.38397 2.38397 2.38397 2.38397 2.38397 2.31639 2.17334 2.01679 1.93643 1.87593 1.82019 2.32874 2.42881 2.42881 2.42881
1.93413 1.68336 1.47228 1.33256 1.32279 1.32279 1.32014 1.29587 1.31900 1.30193 1.26327 1.22462 1.18594 1.15986 1.16094 1.19850 1.19380 1.15964 1.20915 1.97423 2.07051 2.07263 2.07263 2.07263 2.07263 2.07263 2.07263 2.07263 2.07263 2.07263 2.06549 2.18932 1.90617 1.65689 1.53455 1.50019 1.50019 1.50019 1.50019 1.50019 1.75150 2.27500 2.27500 2.27500 2.27500 2.27500 2.27500 2.31125 2.38397 2.38397 2.38397 2.38113 2.27368 2.13806 2.02657 1.93325 1.88462 1.88422 1.88096 1.87078 1.86041 1.72359 2.18709 2.42182 2.40412 2.38581
1.42884 1.33155 1.24885 1.21986 1.19085 1.16188 1.13554 1.13080 1.14477 1.17312 1.22281 1.27425 1.32562 1.37703 1.42666 1.44051 1.41492 1.27381 1.27371 1.77024 2.07263 2.07263 2.07263 2.07263 2.07263 2.07263 2.05943 1.98312 1.89875 1.81432 1.73703 1.78684 1.75656 1.50019 1.50019 1.50019 1.50019 1.50019 1.50019 1.50019 1.53843 2.25330 2.27500 2.27500 2.27500 2.27500 2.27500 2.26570 2.23175 2.10466 1.99870 1.91111 1.88173 1.86900 1.85516 1.84127 1.82735 1.81352 1.80680 1.80962 1.79420 1.70434 1.93190 2.30997 2.34800 2.34800
1.28869 1.23702 1.13835 1.13164 1.15823 1.19678 1.23534 1.27389 1.33925 1.43876 1.44051 1.44051 1.44051 1.44051 1.44051 1.44051 1.43929 1.29475 1.27371 1.52420 2.07263 2.07263 2.05144 1.97065 1.88621 1.80178 1.73058 1.72242 1.72242 1.72242 1.72242 1.73586 1.88745 1.50019 1.50019 1.50019 1.50019 1.50019 1.50019 1.50019 1.50019 2.05656 2.27500 2.23183 2.09894 1.98659 1.92152 2.00556 1.93587 1.84132 1.82749 1.81366 1.80231 1.80120 1.79906 1.78154 1.76101 1.74046 1.72095 1.75236 1.75410 1.73042 1.75077 2.25436 2.34800 2.34800
1.51773 1.52918 1.47242 1.48605 1.50470 1.51143 1.51808 1.53522 1.59951 1.63079 1.71421 1.79196 1.86452 1.93241 1.63898 1.44051 1.44051 1.33881 1.29582 1.39597 1.86747 1.78928 1.72600 1.72242 1.72242 1.72242 1.72242 1.72242 1.72242 1.72242 1.72242 1.72242 1.91546 1.53915 1.50019 1.50019 1.50019 1.50019 1.50019 1.57317 1.73753 2.26906 2.49028 2.31419 2.48299 2.65551 2.80192 2.81925 2.28827 1.80120 1.79561 1.77578 1.75523 1.73470 1.71631 1.71329 1.71329 1.71329 1.71329 1.74439 1.75431 1.75747 1.63827 2.19149 2.36901 2.37451
1.84592 1.88734 1.84507 1.85316 1.90775 1.95968 2.00910 2.04959 2.05472 2.07221 2.07319 2.07319 2.07319 2.07319 1.84618 1.53195 1.60060 1.61271 1.54866 1.55007 1.67074 1.72242 1.72242 1.72242 1.72242 1.72242 1.72242 1.72242 1.72242 1.72242 1.73539 1.77197 1.89312 1.66903 1.50767 1.77424 2.11733 2.39739 2.63000 2.82032 2.97968 3.07072 3.34906 2.81925 2.81925 2.81925 2.80860 2.78806 2.51082 1.72893 1.71399 1.71329 1.71329 1.70484 1.67540 1.64722 1.62133 1.59737 1.57516 1.65967 1.78480 1.78577 1.69493 2.01705 2.38546 2.39022
2.20102 2.20036 2.12299 2.05455 2.05455 2.05455 2.05455 2.05455 2.05455 2.06816 2.09235 2.14338 2.19482 2.24626 2.18242 1.71687 1.71687 1.70233 1.55333 1.55007 1.61788 1.72242 1.72242 1.73100 1.76614 1.80323 1.84032 1.87736 1.91445 1.91461 1.85411 1.83317 1.82943 2.16876 2.95901 3.01153 3.01153 3.01153 3.01153 3.01153 3.01153 3.01023 3.39949 2.83006 2.76176 2.74094 2.68658 2.61492 2.52571 1.65007 1.58917 1.56756 1.54745 1.53347 1.53276 1.53276 1.53276 1.53276 1.53276 1.58397 1.78577 1.78577 1.74482 1.84093 2.29644 2.31974
2.20102 2.20102 2.15290 2.06356 2.05455 2.05455 2.07100 2.11194 2.15311 2.22205 2.28001 2.28046 2.28046 2.28046 2.27248 1.74989 1.71913 1.73630 1.65538 1.66213 1.71545 1.90740 1.94570 1.96013 1.88311 1.79619 1.71604 1.71235 1.72745 1.77064 1.84487 1.86657 1.86540 1.96794 3.01000 3.01153 3.01153 3.00844 2.98076 2.94784 2.91492 2.88329 3.16049 2.98119 2.72948 2.33712 2.29630 2.29630 2.29630 1.75159 1.53276 1.53276 1.53276 1.53276 1.53276 1.53276 1.53276 1.53276 1.53283 1.55797 1.83249 1.88778 1.92507 1.82746 2.15907 2.25504
2.20102 2.20102 2.19094 2.14129 2.15437 2.19549 2.22016 2.22036 2.22036 2.23998 2.28951 2.30497 2.32043 2.33589 2.35134 2.00826 1.85032 1.85376 1.82403 1.65443 1.56746 1.61511 1.58098 1.60714 1.69735 1.78236 1.85237 1.86657 1.86657 1.86657 1.86657 1.86657 1.86657 1.84063 2.78508 2.94281 2.90989 2.88005 2.87480 2.87480 2.87480 2.87480 2.98916 3.19506 2.73134 2.40483 2.29630 2.29630 2.29630 1.95743 1.53276 1.53276 1.53276 1.53276 1.53506 1.56623 1.60605 1.64589 1.68562 1.70316 1.87973 1.95906 1.98533 1.90829 2.13126 2.25504
2.26421 2.34321 2.35935 2.26987 2.23525 2.24760 2.25997 2.27233 2.28470 2.30882 2.38274 2.38274 2.38756 2.40734 2.42828 2.23788 1.96965 1.99695 1.89061 1.31268 1.31268 1.39440 1.74544 1.86657 1.86657 1.86657 1.86657 1.86657 1.86657 1.85981 1.83595 1.81125 1.78656 1.73806 2.36514 2.87480 2.87480 2.87480 2.87480 2.87480 2.87480 2.87480 2.87723 3.33606 2.74472 2.50916 2.29630 2.29630 2.29630 2.16299 1.54036 1.57732 1.61714 1.65696 1.69450 1.70623 1.73267 1.76404 1.79543 1.82660 1.97069 2.13953 2.14637 2.14097 2.37014 2.68889
2.22856 2.38655 2.39084 2.33202 2.30223 2.30219 2.30242 2.31327 2.33000 2.34791 2.45520 2.48016 2.49628 2.49735 2.49735 2.40164 2.00604 2.00604 2.01442 1.38080 1.31268 1.34159 1.63168 1.86657 1.86657 1.85673 1.83217 1.80747 1.78279 1.76485 1.76402 1.76402 1.76402 1.75047 2.04625 2.87480 2.87480 2.87480 2.87480 2.87480 2.87480 2.87480 2.87480 3.21192 2.91386 2.62980 2.31232 2.35193 2.39176 2.42018 1.78676 1.76468 1.79573 1.82714 1.85852 1.88673 1.89147 1.89191 1.89398 1.89620 1.94749 2.15353 2.15400 2.16688 2.40256 2.71435
2.13517 2.42341 2.42534 2.40502 2.39225 2.40976 2.43072 2.44008 2.44304 2.44606 2.48881 2.47958 2.43110 2.38209 2.33307 2.27134 2.00936 2.00604 2.00628 1.58079 1.31268 1.32463 1.44945 1.79390 1.77901 1.76416 1.76402 1.76402 1.76402 1.76402 1.76402 1.76402 1.76402 1.76217 1.75694 2.84688 2.87480 2.87480 2.87480 2.87480 2.87480 2.87476 2.86796 3.04187 3.13917 2.72928 2.19840 2.04575 1.90476 1.76350 1.84517 1.89147 1.89147 1.89237 1.89459 1.89681 1.89904 1.90084 1.90100 1.90100 1.90330 2.13702 2.15400 2.15400 2.30661 2.67544
2.02978 2.49243 2.49156 2.46635 2.42506 2.36607 2.31690 2.26789 2.21887 2.16986 2.12085 2.08944 2.08891 2.08891 2.08891 2.08891 2.03088 2.01855 2.04194 1.83236 1.39552 1.40708 1.37452 1.66520 1.76402 1.76402 1.76402 1.76402 1.76402 1.76402 1.76402 1.76402 1.76402 1.76715 1.72803 2.58160 2.87480 2.87429 2.80289 2.64326 2.41412 2.05836 1.61340 1.18312 2.45951 2.11056 1.82685 1.73738 1.73742 1.73937 1.80897 1.89742 1.89965 1.90098 1.90100 1.90100 1.90220 1.92579 1.95961 1.99592 2.03514 2.20050 2.26133 2.27935 2.37883 2.67878
1.92704 2.13068 2.10044 2.08461 2.10368 2.08891 2.08891 2.08891 2.08891 2.08891 2.08891 2.08891 2.08894 2.09869 2.11632 2.13387 2.12407 2.10044 2.10044 2.05621 1.40999 1.40708 1.39251 1.54399 1.76402 1.76402 1.76534 1.78608 1.81315 1.84026 1.86737 1.89446 1.93240 1.98912 1.85420 1.94466 1.94961 1.32719 0.958619 0.958619 0.958619 0.958619 0.958619 0.958619 2.12569 2.16448 1.92123 1.74613 1.74905 1.75707 1.81039 1.97196 2.00953 2.04981 2.09335 2.14073 2.19020 2.20426 2.20426 2.20426 2.20426 2.24881 2.29173 2.29173 2.32061 2.57500
2.03124 2.00232 2.08390 2.08390 2.10243 2.08924 2.08891 2.08891 2.08897 2.09918 2.11670 2.13433 2.15189 2.15971 2.15971 2.15971 2.14683 2.10044 2.10044 2.10992 1.57127 1.46656 1.50189 1.53336 1.88834 1.91705 1.94636 1.98461 2.02577 2.06111 2.04731 2.02036 1.96304 1.85080 1.70416 0.958619 0.958619 0.958619 0.958619 0.958619 1.00919 1.26539 1.54307 1.82064 2.29461 2.30249 2.08269 2.00142 2.06640 2.12442 2.12952 2.19521 2.20426 2.20426 2.20426 2.20426 2.20426 2.20426 2.20426 2.20426 2.20426 2.22398 2.27642 2.25574 2.23506 2.38991
2.17210 1.94084 2.08390 2.08390 2.09608 2.10459 2.11719 2.13475 2.15229 2.15971 2.15971 2.15971 2.15971 2.15158 2.12358 2.09469 2.06265 1.93914 1.89816 1.86000 1.93417 1.67324 1.70824 1.70403 2.04225 2.14120 2.12652 2.05118 1.94740 1.83986 1.82539 1.82539 1.82539 1.82539 1.81358 1.02112 1.03921 1.30904 1.58660 1.86440 2.09151 2.11321 2.11321 2.11321 2.16570 2.48098 2.12952 2.12952 2.12952 2.12952 2.12952 2.17854 2.20426 2.20426 2.20426 2.20426 2.20426 2.20052 2.17610 2.14851 2.12095 2.09525 2.19673 2.20318 2.20300 2.30851
2.32753 1.90301 2.11257 2.13019 2.15196 2.17079 2.15786 2.13491 2.10600 2.07710 2.04819 2.01930 1.99043 1.96966 1.96876 1.97048 1.97941 1.90432 1.88600 1.89898 2.12913 1.91355 1.91355 1.88455 1.87499 1.83182 1.82539 1.82539 1.82539 1.82539 1.82539 1.82539 1.88405 2.02242 2.16126 2.07299 2.10536 2.11321 2.11321 2.11321 2.11321 2.11321 2.11321 2.11321 2.11321 2.55643 2.15489 2.12952 2.12952 2.12952 2.12952 2.15795 2.20426 2.19539 2.16834 2.14078 2.11319 2.08935 2.08573 2.07456 2.05739 2.03794 2.13595 2.16611 2.14412 2.10852
2.20226 1.99295 2.17700 2.21508 2.23338 2.20470 1.97470 1.96876 1.96876 1.96879 1.97433 1.98408 1.99380 2.00354 2.01327 2.02130 2.02209 1.97287 1.91695 1.91695 2.10639 1.94561 1.91355 1.90905 1.82785 1.82539 1.82539 1.82580 1.90546 2.04425 2.18314 2.32198 2.40223 2.40269 2.40269 2.31185 2.11321 2.11321 2.11321 2.11321 2.11321 2.11321 2.11321 2.11321 2.11321 2.39053 2.26181 2.12952 2.12938 2.10538 2.06399 2.02995 2.10299 2.07495 2.05720 2.03779 2.01578 1.99029 1.96159 1.95241 1.90867 1.77408 1.79941 1.85100 1.77166 1.76003
2.27241 2.14959 2.17500 2.27199 2.27275 2.28676 1.99989 1.99846 2.00819 2.01790 2.02209 2.02209 2.02209 2.02209 2.02195 2.01560 2.00541 1.97313 1.91695 1.91695 1.97449 2.12540 1.91355 1.91306 1.92328 2.06613 2.20497 2.34346 2.40269 2.40269 2.40269 2.40269 2.40269 2.40269 2.40269 2.36653 2.11321 2.11321 2.11321 2.11321 2.11321 2.11321 2.11321 2.11321 2.11321 2.21554 2.38835 2.01100 1.96977 1.95241 1.95241 1.95241 1.95860 1.95241 1.95241 1.95194 1.87286 1.73545 1.59810 1.46081 1.36720 1.36444 1.46252 1.76100 1.76100 1.76100
2.27877 2.24478 2.12232 2.29672 2.30166 2.31867 2.10832 2.01244 2.00205 1.99096 1.97914 1.96646 1.95286 1.93822 1.92266 1.91695 1.91695 1.91695 1.91695 1.91652 1.90603 2.15107 1.85314 1.83156 2.06288 2.40269 2.40269 2.40269 2.40269 2.40269 2.40269 2.40269 2.40269 2.40269 2.40269 2.40018 2.14136 2.11321 2.11321 2.11321 2.11321 2.11321 2.11321 2.11321 2.11321 2.11379 2.55848 1.96399 1.95241 1.95241 1.95241 1.94348 1.83417 1.69682 1.55953 1.42259 1.36444 1.36444 1.36444 1.36444 1.36652 1.37266 1.38100 1.53728 1.46928 1.40271
2.38440 2.42599 2.25629 2.29127 2.29409 2.29634 2.14807 1.91695 1.91695 1.91695 1.91695 1.91695 1.91695 1.91695 1.91695 1.91641 1.90561 1.89092 1.87624 1.86199 1.85778 2.10236 1.82479 1.82479 1.88863 2.40078 2.40269 2.40269 2.40269 2.40269 2.39363 2.36943 2.34090 2.30676 2.26537 2.21393 2.12573 2.11321 2.11321 2.11321 2.11321 2.11321 2.11321 2.11321 2.11321 2.11321 2.44491 2.04356 1.79554 1.65825 1.52084 1.39249 1.36454 1.36890 1.37489 1.38019 1.38492 1.38916 1.39298 1.39646 1.39868 1.39876 1.39876 1.29937 1.25206 1.25206
2.62677 2.62309 2.46868 2.25688 2.29059 2.29059 2.24762 1.91695 1.91695 1.91695 1.91695 1.91629 1.90520 1.89050 1.87583 1.86169 1.85778 1.85778 1.85778 1.85778 1.85778 2.04110 1.91451 1.80569 1.73638 2.20830 2.31210 2.27190 2.22208 2.15886 2.11350 2.11321 2.11321 2.11321 2.11321 2.11321 2.11321 2.11321 2.11321 2.11321 2.11321 2.11321 2.11321 2.05672 1.89004 1.72062 1.60486 1.44054 1.37162 1.38661 1.39069 1.39437 1.39767 1.39876 1.39876 1.39876 1.39876 1.39876 1.39876 1.39876 1.39876 1.39876 1.39876 1.33604 1.26041 1.34195
2.59311 2.58648 2.52834 2.25114 2.29059 2.29059 2.31789 1.94221 1.90479 1.89009 1.87538 1.86140 1.85778 1.85778 1.85778 1.85778 1.86227 1.90218 1.95411 2.01221 2.07754 2.17576 1.76264 0.964156 0.957417 1.53225 2.11321 2.11321 2.11321 2.11321 2.11321 2.11321 2.11321 2.11321 2.11321 2.11321 2.11321 2.11321 2.11321 2.03336 1.86415 1.69473 1.52531 1.41245 1.40964 1.40964 1.41218 1.48079 1.37159 1.39876 1.39876 1.39876 1.39876 1.39876 1.39876 1.39876 1.39876 1.39876 1.39876 1.39876 1.42212 1.51589 1.61464 1.68714 1.65683 1.67388
2.58636 2.58636 2.58491 2.28756 2.27539 2.26332 2.26322 1.99611 1.85778 1.85793 1.88453 1.93446 1.99016 2.05273 2.12346 2.20397 2.28677 2.30192 2.28874 2.20329 2.10697 2.01060 1.70729 0.957417 0.957417 1.17947 2.11321 2.11321 2.11321 2.11321 2.11321 2.11321 2.11321 2.11321 2.11195 2.00754 1.83812 1.66884 1.49941 1.40971 1.40964 1.40964 1.40964 1.40964 1.40964 1.40964 1.40964 1.48116 1.38069 1.39617 1.39876 1.39876 1.39876 1.39876 1.39876 1.39876 1.44465 1.54327 1.64189 1.74047 1.81580 1.82057 1.82057 1.81976 1.68563 1.67388
2.56020 2.52680 2.49338 2.31709 2.09440 2.01774 1.91514 1.94333 2.17324 2.26086 2.30192 2.30192 2.30192 2.25427 2.15795 2.06158 1.96521 1.86889 1.78570 1.77474 1.77474 1.77474 1.73864 0.967651 0.957417 0.960422 1.98017 2.11321 2.11321 2.11321 2.10674 1.98164 1.81222 1.64280 1.47465 1.40964 1.40964 1.40964 1.40964 1.40964 1.40964 1.40964 1.40964 1.40964 1.40964 1.40964 1.40964 1.44882 1.41442 1.38935 1.39876 1.40162 1.47194 1.57052 1.66918 1.76780 1.82053 1.82057 1.82057 1.82057 1.82057 1.82057 1.82057 1.80900 1.68566 1.61366
2.24040 2.17838 2.11632 2.00938 1.61626 1.56967 1.56967 1.68646 2.20887 2.11256 2.01619 1.91982 1.82345 1.77474 1.77474 1.77474 1.77474 1.77474 1.77474 1.77474 1.77474 1.77474 1.77474 1.22416 0.957417 0.957417 1.61486 1.95575 1.78633 1.61677 1.45389 1.40964 1.40964 1.40964 1.40964 1.40964 1.40964 1.40964 1.40964 1.40964 1.40964 1.40964 1.40964 1.40964 1.40964 1.40964 1.40964 1.40447 1.41817 1.63146 1.69647 1.79223 1.82057 1.82057 1.82057 1.82057 1.82057 1.82057 1.81980 1.80232 1.77799 1.75368 1.72936 1.71660 1.65425 1.56990
2.05851 2.05851 2.04213 1.98310 1.50803 1.08416 0.882090 0.977719 1.70924 1.77474 1.77474 1.77474 1.77474 1.77474 1.77474 1.77474 1.77474 1.77474 1.77474 1.77474 1.77474 1.77474 1.79559 1.73494 1.72598 2.11808 2.15993 1.40964 1.40964 1.40964 1.40964 1.40964 1.40964 1.40964 1.40964 1.40964 1.40964 1.40964 1.40964 1.40964 1.40964 1.40964 1.40964 1.38729 1.30489 1.24353 1.19910 1.16879 1.20927 1.89072 1.82057 1.82057 1.82057 1.82057 1.81722 1.79564 1.77132 1.74700 1.72343 1.71660 1.71660 1.71660 1.71660 1.71701 1.69766 1.56218
1.84134 1.76858 1.69504 1.65304 1.29575 0.729207 0.633527 0.735367 1.55466 1.77474 1.77474 1.77474 1.77474 1.77474 1.77474 1.77474 1.77474 1.77474 1.79843 1.96889 2.16502 2.36107 2.53587 2.56055 2.53720 2.53720 2.50833 1.46929 1.40964 1.40964 1.40964 1.40964 1.40964 1.40964 1.40964 1.40964 1.40964 1.40964 1.40964 1.37614 1.29412 1.23597 1.19339 1.16677 1.16472 1.16472 1.16472 1.16472 1.18939 1.68842 1.82731 1.78896 1.76464 1.74032 1.71934 1.71660 1.71898 1.73023 1.74339 1.75791 1.77409 1.79212 1.81248 1.83458 1.83893 1.55400
