High_resolution/powerplant/Fengdu/OMI_NO2_200804.asc
ncols      200
nrows      200
xllcorner       105.978
yllcorner       28.1831
cellsize     0.0166667
NODATA_Value      -999.000
[rows 116 to 144 of 200, columns 0 to 65 of 200]
5.47249 5.47249 5.47249 5.47249 5.47249 5.47249 5.47249 5.47249 5.47249 5.47249 7.22459 16.9616 16.9616 16.9616 16.9616 16.9616 16.9616 16.9616 16.9616 16.9616 16.9616 16.9616 16.9616 16.9616 16.9632 17.0507 18.0305 18.1234 18.1068 18.0901 18.0734 18.0568 18.0401 18.0296 18.0295 13.5384 11.9605 11.9605 11.9605 11.9605 11.9605 10.4413 5.89146 5.89146 5.89146 5.89146 5.89146 5.11811 4.95252 4.88390 4.82001 4.75990 4.34925 2.85620 2.85620 2.85620 2.85620 2.85620 2.85620 2.85620 2.85620 2.85620 2.85620 2.85620 2.85620 2.85620
5.47249 5.47249 5.47249 5.47249 5.47249 5.47249 5.47249 5.47249 5.47249 5.47249 5.48973 15.8412 16.9616 16.9616 16.9616 16.9616 16.9634 17.0520 17.1893 17.3261 17.4634 17.6002 17.7369 17.8730 18.0087 18.0581 18.0403 18.0295 18.0295 18.0295 18.0295 18.0295 18.0295 18.0295 18.0295 14.8587 11.9605 11.9605 11.9605 11.9605 11.9605 11.4488 5.89146 5.89146 5.89146 5.89146 5.89146 4.64133 4.37383 4.37383 4.37383 4.37383 4.25388 2.85620 2.85620 2.85620 2.85620 2.85620 2.85620 2.85620 2.85620 2.85620 2.85620 2.85620 2.85620 2.85620
5.47249 5.47249 5.47249 5.47249 5.47249 5.47249 5.47249 5.47249 5.47299 5.65545 5.98093 13.5418 17.4647 17.6017 17.7388 17.8745 18.0099 18.0581 18.0581 18.0581 18.0581 18.0581 18.0581 18.0581 18.0581 18.0581 18.0473 18.0295 18.0295 18.0295 18.0295 18.0295 18.0295 18.0295 18.0295 16.7299 11.9605 11.9605 11.9605 11.9605 11.9605 11.9541 6.90797 5.89146 5.89146 5.89146 5.89146 4.90028 4.37383 4.37383 4.37383 4.37383 4.37224 3.09733 2.85620 2.85620 2.85620 2.85620 2.85620 2.85620 2.85620 2.85620 2.85620 2.85620 2.85620 2.85620
5.47249 5.55711 5.87011 6.19584 6.52233 6.84806 7.17354 7.49953 7.82526 7.96853 7.96853 12.0548 18.0581 18.0581 18.0581 18.0581 18.0581 18.0581 18.0581 18.0581 18.0581 18.0581 18.0581 18.0581 18.0581 18.0581 18.0544 18.0295 18.0295 18.0295 18.0295 18.0295 18.0295 18.0295 18.0295 18.0295 12.3270 11.9605 11.9605 11.9605 11.9605 11.9605 8.94961 5.96965 6.02314 6.07676 6.13032 5.47765 4.54685 4.57359 4.60040 4.62715 4.65396 3.72569 2.85620 2.85620 2.85620 2.85620 2.85620 2.85620 2.85620 2.85620 2.85620 2.85620 2.85620 2.85620
7.71468 7.95605 7.96853 7.96853 7.96853 7.96853 7.96853 7.96853 7.96853 7.96853 7.96853 9.53242 18.0581 18.0581 18.0581 18.0581 18.0581 18.0581 18.0581 18.0581 18.0581 18.0581 18.0581 18.0581 18.0581 18.0581 18.0581 18.0329 18.0295 18.0295 18.0295 18.0410 18.0787 18.1117 18.1399 18.1642 13.8892 12.1377 12.1645 12.1913 12.2181 12.2448 10.7209 6.48920 6.48920 6.48920 6.48920 6.28130 4.67880 4.67270 4.67270 4.67270 4.67270 4.13896 2.85620 2.85620 2.85620 2.85620 2.85620 2.85620 2.85620 2.85620 2.85620 2.85620 2.85620 2.85620
7.96853 7.96853 7.96853 7.96853 7.96853 7.96853 7.96853 7.96853 7.96853 7.96853 7.96853 7.98669 17.0815 18.0581 18.0581 18.0581 18.0581 18.0581 18.0581 18.0581 18.0583 18.0815 18.1162 18.1453 18.1704 18.1921 18.2110 18.2166 18.2261 18.2402 18.2530 18.2616 18.2620 18.2620 18.2620 18.2620 15.7474 12.2593 12.2593 12.2593 12.2593 12.2593 11.7022 6.48920 6.48920 6.48920 6.48920 6.48920 4.83237 4.67270 4.67270 4.67270 4.67270 4.44417 2.85620 2.85620 2.85620 2.85620 2.85620 2.85620 2.85620 2.85620 2.89228 3.23364 2.85620 2.85620
7.96853 7.96853 7.96853 7.96853 7.96853 7.96853 7.96853 7.96853 7.96853 7.96853 7.96853 8.06767 13.9846 16.4643 15.9882 15.5783 15.2219 14.9096 14.6333 14.3910 17.9292 18.2763 18.2763 18.2763 18.2763 18.2763 18.2763 18.2708 18.2620 18.2620 18.2620 18.2620 18.2620 18.2620 18.2620 18.2620 17.1423 11.9171 11.4015 10.8842 10.3669 9.84966 9.30620 6.69293 6.48920 6.48920 6.48920 6.48920 5.09451 4.67270 4.67270 4.67270 4.67270 4.64943 2.97090 2.85620 2.85620 3.19991 3.80724 4.26547 4.62297 4.90937 5.13510 5.06682 2.87061 2.85620
7.96853 7.96853 7.96853 7.96853 8.48524 8.62565 8.72453 8.81118 8.88773 8.95591 9.01696 9.04653 11.0771 14.0913 14.0913 14.0913 14.0913 14.0913 14.0913 14.0913 16.9653 18.2763 18.2763 18.2763 18.2763 18.2763 18.2763 18.2743 18.1978 17.7456 17.2283 16.7110 16.1937 15.6782 15.1609 14.6436 14.0726 8.29679 7.94864 7.94864 7.94864 7.94864 7.94864 7.18298 6.48920 6.48920 6.82580 7.77607 6.65462 4.85290 4.90828 5.01311 5.28798 5.54529 5.37012 5.55919 5.90620 6.12072 6.23668 6.36123 6.49530 6.63973 6.79643 6.96631 6.00479 2.85620
7.96853 7.96853 7.96853 7.96853 8.90804 9.04653 9.04346 8.93891 8.80951 8.83543 9.04653 9.04653 9.81587 14.0913 14.0913 14.0913 14.0913 14.0913 14.0913 14.0913 15.9537 18.1086 17.9446 17.7801 17.6161 17.4515 17.2875 17.1230 14.3893 14.2708 14.5600 14.8347 15.0942 15.3425 15.5777 15.8018 16.0167 12.7839 11.7377 12.0274 12.3016 12.5658 12.8203 13.7401 15.3387 15.6223 15.8503 15.9205 14.9197 6.89965 6.95906 6.99989 7.00354 7.00354 7.18956 7.51789 7.51789 7.51789 7.51789 7.51789 7.51789 7.51789 7.51789 7.51789 7.51789 0.00000
7.96853 7.96853 7.95958 7.90273 8.46420 8.67693 8.59341 8.56860 8.56860 8.62316 9.04653 9.04653 9.10633 13.5013 13.7596 13.5951 13.4311 13.2665 13.1025 12.9380 13.6899 16.9621 16.9621 16.9621 16.9621 16.9621 16.9621 16.9621 17.8825 17.6740 17.6740 17.6740 17.6740 17.6740 17.6740 17.6740 17.6740 15.7321 13.6722 13.6722 13.7103 13.8687 14.0204 14.4410 16.0467 16.0859 16.0988 16.0988 16.0311 7.75361 7.00354 7.00354 7.00354 7.00354 7.09445 7.51789 7.51789 7.51789 7.51789 7.51789 7.51789 7.51789 7.51789 7.51789 7.51789 0.00000
7.84600 7.81498 7.79360 7.79063 8.09660 8.75750 9.05064 9.34444 9.63757 9.93160 11.2791 11.9708 12.3586 12.6510 12.7771 12.7771 12.7771 12.7771 12.7771 12.7771 12.8572 16.7855 16.9621 16.9621 16.9621 16.9621 16.9621 16.9621 17.8564 17.6740 17.6740 17.6740 17.6740 17.6740 17.6735 17.6374 17.5850 16.6697 14.2176 14.3346 14.4197 14.4261 14.4261 14.4430 15.9799 16.0988 16.1507 16.4261 16.7427 10.9521 7.11952 7.15618 7.19732 7.24398 7.32134 7.51789 7.51789 7.51789 7.51789 7.51789 7.51789 7.51789 7.51789 7.51789 7.51789 7.51789
9.24240 9.68250 10.1225 10.5629 10.9699 10.8165 10.8148 10.8148 10.8148 10.8148 11.5567 12.4158 12.4158 12.5617 12.7771 12.7771 12.7771 12.7771 12.7771 12.7771 12.7771 15.8764 16.9621 16.9621 16.9621 16.9621 16.9621 16.9621 17.8116 17.6137 17.1980 16.7695 16.3861 16.4085 17.4404 17.4234 17.3995 17.2487 15.0603 15.2617 15.4849 15.7190 15.9664 16.2275 18.5736 20.3446 20.8533 20.9036 20.9036 17.0168 7.51789 7.51789 7.51789 7.51789 7.51789 7.51789 7.51789 7.51789 7.51789 7.51789 7.51789 7.51789 7.51789 7.51789 7.51789 7.51789
11.1599 11.1599 11.1599 11.1599 11.1599 10.8583 10.8148 10.8148 10.8148 10.8148 11.1256 12.4158 12.4158 12.4718 12.7771 12.7771 12.7771 12.7771 12.7771 12.7771 12.7771 14.8862 16.9621 16.9621 16.7419 16.0987 15.4574 14.8660 14.8939 15.4896 15.1995 15.1056 15.0067 14.9635 17.0142 17.0761 17.0718 17.0718 17.0718 17.0718 17.0718 17.0718 17.0718 17.0718 18.5062 20.9036 20.9036 20.9036 20.9036 19.5558 7.56740 7.51789 7.51789 7.51789 7.51789 7.51789 7.51789 7.51789 7.51789 7.51789 7.51789 7.51789 7.51789 7.51789 7.51789 7.51789
11.1599 11.1599 11.1599 11.1599 11.1599 10.9258 10.8148 10.8148 10.8148 10.8148 10.8389 12.2855 12.4158 12.4165 12.7420 12.8406 12.9907 13.1582 13.3434 13.2751 13.0541 13.3407 13.7189 13.0980 12.6223 12.4693 12.4693 12.4693 12.4838 15.0926 14.6788 14.6788 14.6788 14.6788 16.3701 17.0718 17.0718 17.0718 17.0718 17.0718 17.0984 17.3624 17.7048 18.0787 19.0278 20.9036 20.9036 20.9036 20.9036 20.6242 9.28769 7.51789 7.51789 7.51789 7.51789 7.51789 7.51789 7.51789 7.51789 7.51789 7.26112 6.55532 5.84024 5.12516 4.41090 3.75856
11.1599 11.1599 11.1599 11.1599 11.1599 11.0124 10.8450 10.8716 10.9002 10.9311 10.9646 12.3361 13.7607 14.0051 13.4145 12.2443 11.0890 10.1933 11.5346 12.4693 12.4693 12.4693 12.4693 12.4693 12.4693 12.4693 12.4693 12.4693 12.4693 14.8406 14.6788 14.6788 14.7451 14.9644 16.3370 18.2271 18.6504 19.1167 19.6322 20.2061 20.7881 20.9036 20.9036 20.9036 20.9036 20.9036 20.9036 20.9036 20.9036 20.9021 12.9228 7.51789 7.51789 7.51789 7.43324 6.81208 6.09741 5.38274 4.66847 3.95339 3.49508 3.48702 3.48702 3.48702 3.48702 3.48702
11.1599 11.1599 11.1599 11.1599 11.1599 11.1599 11.1599 11.1599 11.0863 10.4895 9.92258 9.72389 9.66855 9.03978 9.04051 9.25507 9.25507 9.25507 10.4599 12.4693 12.4693 12.4693 12.4693 12.4693 12.3492 12.0477 11.7415 11.4379 11.1345 13.5676 16.5823 16.9929 17.3042 17.3141 17.8097 20.7602 20.6300 20.4928 20.3450 20.1892 20.0226 19.8434 19.6529 19.4454 19.2244 18.9847 18.7231 18.4404 18.1237 16.7001 11.7092 5.64031 4.92523 4.21056 3.58094 3.48702 3.48702 3.48702 3.48702 3.48702 3.48702 3.48702 3.48702 3.48702 3.48702 3.48702
11.1599 11.1599 11.1599 11.0288 10.3902 9.80956 9.34767 8.95297 8.64367 8.62217 8.62984 8.64428 8.88949 8.89378 8.95159 9.25507 9.13761 8.83716 8.93665 11.5306 11.3176 11.1083 10.9091 10.7214 10.6423 10.7145 10.7837 10.8500 10.9132 11.2709 12.1561 11.6388 10.9576 10.1953 9.55611 15.7768 16.6878 16.6878 16.6878 16.6878 16.6878 16.6878 16.6878 16.3521 14.3770 12.1908 10.0046 7.81364 5.63466 4.69567 4.66546 3.54151 3.48702 3.48702 3.48702 3.48702 3.48702 3.48702 3.48702 3.48702 3.48702 3.48702 3.48702 3.48702 3.48702 3.48702
11.1013 11.1834 10.0296 8.58949 8.59683 8.62733 8.62984 8.62984 8.66271 8.84358 9.63288 9.95245 10.7273 11.2328 11.4984 9.23908 8.92769 9.02382 9.06166 10.8113 11.2045 11.2045 11.2045 11.2045 11.2045 11.2045 11.2045 11.2045 11.2045 11.1582 9.79140 9.50882 9.50882 9.50882 9.50882 13.7839 16.6878 16.6866 15.5102 13.3240 11.1391 8.94690 6.76072 4.91153 4.69567 4.69567 4.69567 4.69567 4.69567 4.69567 4.69567 3.84193 3.48702 3.48702 3.48702 3.48702 3.48702 3.48702 3.48702 3.48702 3.48702 3.48702 3.48702 3.48702 3.48702 3.48702
10.8972 11.6202 11.3501 9.17002 9.36800 9.56599 9.76413 9.96196 10.1272 10.1446 10.7677 10.9906 11.3743 11.9535 11.9535 10.0375 9.06166 9.06166 9.06166 10.2128 11.2045 11.2045 11.2045 11.2045 11.2045 11.2045 11.2045 11.2045 11.2045 11.2045 10.2437 9.50882 9.41625 8.55280 7.51634 7.71808 7.89518 5.70901 4.69567 4.69567 4.69567 4.69567 4.69567 4.69567 4.69567 4.69567 4.69567 4.69567 4.69567 4.69567 4.69567 4.17243 3.48702 3.48702 3.48702 3.48702 3.48702 3.48702 3.48702 3.48702 3.48702 3.48702 3.48702 3.48702 3.48702 3.48702
11.7719 13.6768 13.6768 10.5037 10.1446 10.1446 10.1446 10.1446 10.1446 10.1446 10.5915 10.9906 11.1180 11.9535 11.9535 10.7606 9.06166 9.06166 9.06166 9.61493 11.2045 11.2045 11.2045 11.2045 11.2045 11.2045 11.2045 11.1110 10.7772 10.4317 9.07903 5.11609 4.17220 3.99862 3.99862 4.03933 4.68382 4.69567 4.69567 4.69567 4.69567 4.69567 4.69567 4.69567 4.69567 4.69567 4.69567 4.69567 4.69567 4.69567 4.69567 4.50317 3.48702 3.48702 3.48702 3.48702 3.48702 3.48702 3.48702 3.48702 3.48702 3.48702 3.48702 3.48702 3.48702 3.48702
10.2932 13.6768 13.6768 11.3183 10.1446 10.1446 10.1446 10.1446 10.1446 10.1446 10.3912 10.9906 10.9910 11.7926 11.9535 11.4803 9.06166 9.06166 9.06166 9.11544 11.1053 11.2041 11.0145 10.6689 10.3232 9.97752 9.63185 9.37985 9.36773 9.36773 8.72168 4.42836 3.99862 3.99862 3.99862 3.99862 4.53188 4.69567 4.69567 4.69567 4.69567 4.69567 4.69567 4.69567 4.69567 4.69567 4.69567 4.69567 4.69567 4.69567 4.69567 4.69458 3.62635 3.48702 3.48702 3.48702 3.48702 3.48702 3.48702 3.48702 3.48702 3.48702 3.48702 3.48702 3.48702 3.48702
8.40142 13.5772 13.6768 12.3337 10.1446 10.1446 10.1446 10.1446 10.1446 10.1446 10.1842 10.9775 10.9906 11.4706 11.9535 11.9442 9.31466 9.01449 8.95220 8.88991 9.57204 9.52385 9.36773 9.36773 9.36773 9.36773 9.36773 9.36773 9.36773 9.36773 9.09650 5.55092 3.99862 3.99862 3.99862 3.99862 4.33924 4.69567 4.69567 4.69567 4.69567 4.69567 4.69567 4.69567 4.69567 4.69567 4.69567 4.69567 4.69567 4.69567 4.69567 4.69567 3.95586 3.48702 3.48702 3.48702 3.48702 3.48702 3.48702 3.48702 3.48702 3.48702 3.48702 3.48702 0.00000 0.00000
8.10195 12.8445 13.6768 13.4721 10.2194 10.1446 10.1446 10.1446 10.1446 10.1446 10.1446 10.8488 10.9684 11.2539 11.7719 11.7097 9.72633 8.74039 8.74039 8.74039 9.00371 9.36773 9.36773 9.36773 9.36773 9.36773 9.36773 9.36153 9.23501 9.06246 8.86848 5.83691 3.99862 3.99862 3.99862 3.99862 4.14666 4.69567 4.69567 4.69567 4.69567 4.69567 4.69567 4.69567 4.69567 4.69567 4.69567 4.69567 4.69567 4.69567 4.69567 4.69567 4.26133 3.48702 3.48702 3.48702 3.48702 3.48702 0.00000 0.00000 0.00000 0.00000 0.00000 0.00000 0.00000 0.00000
8.10195 11.7591 13.6768 13.6768 10.8556 10.1446 10.1345 10.0779 10.0623 10.1582 10.2770 11.0611 11.5977 11.6322 11.6322 11.6322 10.4254 8.74039 8.74039 8.73501 8.69940 9.06618 8.89281 8.70088 8.43971 8.17192 7.90247 7.64118 7.49977 7.40425 7.30933 5.78349 3.99862 3.99862 3.99862 3.99862 4.00553 4.64409 4.69567 4.69567 4.69567 4.69567 4.69567 4.69567 4.69567 4.69567 4.67579 4.52683 4.35478 4.18264 4.01040 3.83836 3.75346 3.75346 0.00000 0.00000 0.00000 0.00000 0.00000 0.00000 0.00000 0.00000 0.00000 0.00000 0.00000 0.00000
8.10195 10.2316 13.6768 13.6782 11.8524 10.1284 10.2602 10.4848 10.5785 10.4123 10.2500 10.5853 11.0768 10.8187 10.5594 10.3013 9.54767 6.80673 6.53898 6.27532 6.13127 6.57626 6.56802 6.49161 6.48529 6.48529 6.48529 6.48529 6.48529 6.48529 6.48529 5.93673 4.13473 3.99862 3.99862 3.99862 3.99862 4.45835 4.69567 4.69567 4.69567 4.61709 4.44514 4.27300 4.10095 3.92890 3.77655 3.75346 3.75346 3.75346 3.75346 3.75346 3.75346 3.75346 0.00000 0.00000 0.00000 0.00000 0.00000 0.00000 0.00000 0.00000 0.00000 0.00000 0.00000 0.00000
7.06327 7.00440 12.7955 13.2607 12.2461 8.90631 8.65198 8.40930 8.21355 8.05036 7.88705 7.88707 8.87459 8.87459 8.87459 8.87459 8.86252 6.11136 5.85795 5.85795 5.85795 6.22261 6.48529 6.48529 6.48529 6.48529 6.48529 6.48529 6.48529 6.48529 6.48529 6.18875 4.55310 3.99862 3.99862 3.98533 3.83222 3.91799 4.19131 4.01926 3.84712 3.75365 3.75346 3.75346 3.75346 3.75346 3.75346 3.75346 3.75346 3.75346 3.75346 3.75346 3.75346 3.75346 0.00000 0.00000 0.00000 0.00000 0.00000 0.00000 0.00000 0.00000 0.00000 0.00000 0.00000 0.00000
5.33709 5.33709 10.0252 10.6061 10.4210 7.88311 7.64842 7.64842 7.64842 7.64842 7.64842 7.64989 8.76706 8.87459 8.87459 8.87459 8.87459 6.84589 5.85795 5.85795 5.85795 6.04734 6.48529 6.48529 6.48529 6.48529 6.48529 6.48529 6.48529 6.48529 6.46977 6.32229 4.58378 3.38924 3.19857 3.02133 2.98399 3.06748 3.75208 3.75346 3.75346 3.75346 3.75346 3.75346 3.75346 3.75346 3.75346 3.75346 3.75346 3.75346 3.75346 3.75346 3.75346 3.75346 0.00000 0.00000 0.00000 0.00000 0.00000 0.00000 0.00000 0.00000 0.00000 0.00000 0.00000 0.00000
5.33709 5.33709 8.64200 10.4143 10.4143 8.50881 7.64842 7.64842 7.54493 7.30568 7.05474 6.82379 7.21365 7.40758 8.41001 8.32905 8.24810 7.00501 5.37940 5.33429 5.28937 5.27135 5.73116 5.69648 5.65023 5.57603 5.47932 5.38410 5.29064 5.19948 5.12147 5.08171 3.66185 2.09587 2.07673 2.05820 2.44470 2.98399 3.62283 3.75346 3.75346 3.75346 3.75346 3.75346 3.75346 3.75346 3.75346 3.75346 3.75346 3.75346 3.75346 3.75346 3.75346 3.75346 3.75346 0.00000 0.00000 0.00000 0.00000 0.00000 0.00000 0.00000 0.00000 0.00000 0.00000 0.00000
4.59409 4.56294 5.75501 8.07788 7.74660 7.00337 6.09426 5.96127 5.87876 5.85848 5.85441 5.85441 5.79000 6.12892 6.80710 6.92458 6.92458 6.52299 4.66210 4.66614 4.75009 4.86545 5.00677 4.94924 4.90163 4.87895 4.87895 4.87895 4.87895 4.87895 4.87895 4.87895 4.04867 2.13479 2.02928 2.02928 2.26365 2.98399 3.41028 3.75346 3.75346 3.75346 3.75346 3.75346 3.75346 3.75346 3.75346 3.75346 3.75346 3.75346 3.75346 3.75346 3.75346 3.75346 3.75346 0.00000 0.00000 0.00000 0.00000 0.00000 0.00000 0.00000 0.00000 0.00000 0.00000 0.00000
