High_resolution/powerplant/Fengdu/OMI_NO2_201011.asc
ncols      200
nrows      200
xllcorner       105.978
yllcorner       28.1831
cellsize     0.0166667
NODATA_Value      -999.000
[rows 0 to 28 of 200, columns 0 to 65 of 200]
4.80971 4.64021 4.26687 4.16593 4.12516 4.03822 3.93441 3.80414 3.67792 3.57125 3.47987 3.40091 3.37265 3.92851 4.09880 4.08972 4.05512 4.02365 3.99643 3.97945 3.99141 4.08656 3.76040 3.74335 3.74335 3.74335 3.74335 3.74335 3.74335 3.72619 3.62498 0.00000 0.00000 0.00000 0.00000 0.00000 0.00000 0.00000 0.00000 0.00000 0.00000 0.781781 0.781781 0.781781 0.781781 0.781781 1.86452 2.68129 2.87394 3.02601 3.14388 3.23775 3.31433 3.34580 3.34580 3.34580 3.34580 3.34580 3.34580 3.34580 3.34580 3.33845 2.79466 0.00000 0.00000 0.00000
3.96855 3.91866 3.78488 3.66201 3.55758 3.46794 3.39244 3.37223 3.37223 3.37223 3.37223 3.37559 3.39291 3.70256 3.99906 3.98010 3.97886 3.97886 3.97886 3.97886 3.97886 4.06990 3.88585 3.74335 3.74335 3.74335 3.74335 3.74335 3.74335 3.74212 3.65222 0.00000 0.00000 0.00000 0.00000 0.00000 0.781781 0.781781 0.781781 0.781781 0.781781 0.787156 0.941926 1.11694 1.24902 1.35250 2.32057 3.34282 3.34580 3.34580 3.34580 3.34580 3.34580 3.34580 3.34580 3.34580 3.34580 3.34580 3.34580 3.34580 3.34580 3.34580 3.07991 0.00000 0.00000 0.00000
3.45641 3.38551 3.37223 3.37223 3.37223 3.37223 3.37223 3.37451 3.39106 3.40777 3.42217 3.43282 3.43393 3.55020 3.96283 3.97886 3.97886 3.97886 3.97886 3.97886 3.97886 4.02812 4.00017 3.74335 3.74335 3.74335 3.74335 3.74335 3.74335 3.74335 3.69374 0.781781 0.781781 0.781781 0.781781 0.781781 0.837076 1.03002 1.18295 1.30030 1.39329 1.46747 1.48889 1.48889 1.48889 1.48889 1.90109 3.32028 3.34580 3.34580 3.34580 3.34580 3.34580 3.34580 3.34580 3.34580 3.34580 3.34580 3.34580 3.34580 3.34580 3.34580 3.18316 2.62100 2.61274 2.61274
3.37223 3.37223 3.37223 3.37362 3.38921 3.40615 3.42079 3.43222 3.43393 3.43393 3.43393 3.43393 3.43393 3.44884 3.90551 3.97886 3.97886 3.97886 3.97886 3.96282 3.89614 3.83417 3.79713 3.74300 3.74335 3.72955 3.61814 3.48780 3.35753 3.22727 2.88171 0.977447 1.10680 1.24122 1.34616 1.43036 1.48523 1.48889 1.48889 1.48889 1.48889 1.48889 1.48889 1.48889 1.48889 1.48889 1.59486 3.09703 3.34580 3.34580 3.34580 3.34580 3.34580 3.34580 3.34580 3.34580 3.34580 3.34580 3.34580 3.31222 3.24938 3.19685 3.11019 2.61577 2.61274 2.61274
3.38731 3.40454 3.41937 3.43149 3.43393 3.43393 3.43393 3.43393 3.43393 3.43393 3.43393 3.43393 3.43393 3.43393 3.76179 3.96751 3.90360 3.83323 3.76285 3.70843 3.68477 3.62119 3.53957 3.36526 3.18546 3.07094 3.06809 3.08699 3.10587 3.12475 3.04620 1.70324 1.48889 1.48889 1.48889 1.48889 1.48889 1.48889 1.48889 1.48889 1.48889 1.48889 1.48889 1.48889 1.48889 1.48889 1.48889 2.67438 3.34580 3.34580 3.34580 3.34580 3.34580 3.34580 3.34580 3.33280 3.20523 3.15945 3.12027 3.10146 3.10144 3.10246 3.12173 2.80238 2.61274 2.65915
3.43393 3.43393 3.43393 3.43393 3.43393 3.43393 3.43393 3.43393 3.43393 3.43393 3.43393 3.42642 3.36615 3.29572 3.39843 3.66953 3.60029 3.53509 3.46999 3.40485 3.36245 3.37010 3.34502 3.25257 3.13082 3.14775 3.15057 3.15057 3.15057 3.15057 3.15057 2.08336 1.48889 1.48889 1.48889 1.48889 1.48889 1.48889 1.48889 1.48889 1.48889 1.48889 1.48889 1.48889 1.48889 1.48889 1.48889 2.14551 3.34580 3.34580 3.34580 3.34580 3.34580 3.34580 3.34580 3.34441 3.13055 3.13824 3.16430 3.19035 3.21642 3.23931 3.19784 2.98886 2.61274 2.81803
3.43393 3.43393 3.43393 3.43393 3.43393 3.43393 3.43393 3.42946 3.37361 3.30342 3.23890 3.18439 3.18257 3.19092 3.25096 3.42719 3.37313 3.38258 3.39202 3.40146 3.40807 3.40831 3.39710 3.32792 3.15476 3.15057 3.15057 3.15057 3.15057 3.15057 3.15057 2.56157 1.48897 1.48889 1.48889 1.48889 1.48889 1.48889 1.48889 1.48889 1.48889 1.48889 1.48889 1.48889 1.48889 1.48889 1.48889 1.72911 3.23252 3.34580 3.35161 3.38666 3.42577 3.46483 3.50393 3.54299 3.31460 3.15384 3.08716 3.02021 2.95349 2.88882 2.87022 2.86340 2.65336 2.61274
3.43393 3.43393 3.43393 3.43173 3.38165 3.31785 3.25586 3.19824 3.19205 3.20311 3.28574 3.40003 3.51427 3.62857 3.74240 3.56408 3.40831 3.40831 3.40713 3.40409 3.40104 3.39799 3.39640 3.34896 3.21563 3.15057 3.15057 3.15057 3.15057 3.15057 3.15057 2.92958 1.59900 1.48889 1.48889 1.48889 1.48889 1.48889 1.48889 1.48889 1.48889 1.48889 1.48889 1.48889 1.48918 1.52934 1.60881 1.73488 3.36374 3.52868 3.54562 3.45875 3.35856 3.25826 3.15812 3.05787 2.94932 2.87022 2.87022 2.87022 2.87022 2.87022 2.87022 2.86953 2.74148 2.61274
3.39520 3.33478 3.27276 3.21293 3.20841 3.30099 3.41547 3.52953 3.64394 3.75525 3.78939 3.78939 3.78939 3.78939 3.78848 3.67102 3.40136 3.39831 3.39644 3.39642 3.39642 3.39642 3.39642 3.36971 3.27822 3.15057 3.15057 3.15057 3.15057 3.15057 3.15057 3.13671 1.86994 1.48889 1.48889 1.48889 1.48889 1.48889 1.48889 1.50024 1.56681 1.65524 1.76573 1.90820 2.09836 2.22517 2.27238 2.31961 3.04695 3.09218 3.00826 2.99896 2.99896 2.99896 2.99896 2.99896 2.99213 2.87361 2.87022 2.87022 2.87022 2.87022 2.87022 2.87022 2.81274 2.61274
3.29211 3.43072 3.54496 3.65920 3.76610 3.78939 3.78939 3.78939 3.78939 3.78939 3.78871 3.78583 3.78278 3.77972 3.77758 3.74080 3.42953 3.39642 3.39642 3.39642 3.39642 3.39642 3.39642 3.38694 3.32564 3.15295 3.15057 3.15057 3.15057 3.15057 3.15057 3.15057 2.33401 1.48914 1.52898 1.60838 1.70665 1.83145 1.99519 2.18306 2.24777 2.29500 2.34224 2.38947 2.43639 2.45482 2.45482 2.45482 2.66774 2.99820 2.99896 2.99896 2.99896 2.99896 2.99896 2.99896 2.99896 2.89915 2.87022 2.87022 2.87022 2.87022 2.87022 2.87022 2.85349 2.61811
3.80181 3.78939 3.78939 3.78939 3.78939 3.78939 3.78891 3.78615 3.78310 3.78005 3.77767 3.77750 3.77750 3.77750 3.77750 3.77447 3.50664 3.39642 3.39642 3.39642 3.39642 3.39642 3.38890 3.36620 3.25951 3.15858 3.15057 3.15057 3.15820 3.23743 3.35264 3.49813 3.11448 2.09721 2.22313 2.27036 2.31762 2.36486 2.41209 2.45096 2.45482 2.45482 2.45482 2.45482 2.45482 2.45482 2.45482 2.45482 2.51224 2.98933 2.99896 2.99896 2.99896 2.99896 2.99896 2.99896 2.99896 2.93511 2.87022 2.87022 2.87022 2.87027 2.93024 3.04318 3.16772 3.67274
3.81105 3.78947 3.78908 3.78648 3.78342 3.78037 3.77780 3.77750 3.77750 3.77750 3.77750 3.77750 3.77750 3.77750 3.77750 3.77750 3.61449 3.39642 3.39063 3.36886 3.34305 3.31307 3.29126 3.30795 3.32922 3.39166 3.54814 3.75363 3.98947 3.87829 3.67821 3.47791 3.17973 2.43785 2.45482 2.45482 2.45482 2.45482 2.45482 2.45482 2.45482 2.45482 2.45482 2.45482 2.45482 2.45482 2.45482 2.45482 2.45482 2.92098 2.99896 2.99896 2.99896 2.99896 2.99896 2.99896 2.99896 2.98043 3.02314 3.13810 3.25099 3.36392 3.41692 3.41692 3.41711 3.80184
3.82772 3.78457 3.77796 3.77750 3.77750 3.77750 3.77750 3.77750 3.77750 3.77750 3.77750 3.77750 3.77750 3.77750 3.77838 3.78262 3.71569 3.32889 3.32659 3.40113 3.48812 3.58910 3.70785 3.78408 3.70964 3.61528 3.41505 3.21486 3.03254 2.99903 2.99903 2.99903 2.99903 2.56517 2.45482 2.45482 2.45482 2.45482 2.45482 2.45482 2.45482 2.45482 2.45482 2.45482 2.45482 2.45482 2.45482 2.45482 2.45482 2.77068 2.99896 2.99896 2.99896 2.99896 2.99896 2.99896 2.99896 2.99896 3.35593 3.42331 3.44577 3.47193 3.50190 3.53659 3.57707 3.87891
3.92766 3.78768 3.77750 3.77750 3.77750 3.77750 3.77750 3.77750 3.77750 3.77750 3.77812 3.78212 3.78779 3.81728 3.86164 3.90001 3.91910 3.76308 3.76211 3.66201 3.56192 3.46182 3.36178 3.28876 3.28148 3.02683 2.99903 2.99903 2.99903 2.99903 2.99903 2.99903 2.99903 2.72083 2.45482 2.45482 2.45482 2.45482 2.45482 2.45482 2.45482 2.45482 2.45482 2.45482 2.45482 2.45482 2.45482 2.45482 2.45482 2.58434 2.99525 2.99896 2.99896 2.99846 2.99333 2.98600 2.97691 2.96536 3.34797 3.60313 3.63685 3.67017 3.70343 3.73680 3.76995 3.86914
4.05655 3.79546 3.77754 3.77750 3.77750 3.77750 3.77791 3.78351 3.81411 3.85684 3.90447 3.94372 3.98034 3.98242 3.96756 3.95271 3.93784 3.53473 3.28525 3.28525 3.28481 3.17872 2.99056 2.80263 2.61733 2.73768 2.99903 2.99903 2.99903 2.99903 2.99903 2.99903 2.99903 2.87696 2.45482 2.45482 2.45482 2.45482 2.45482 2.45482 2.45482 2.45482 2.45482 2.45482 2.45482 2.45482 2.45482 2.45482 2.65173 2.96921 3.18373 2.96974 2.95601 2.94593 2.99889 3.06560 3.13227 3.19894 3.42727 3.78246 3.78331 3.78331 3.78331 3.78331 3.78331 3.79547
4.39119 3.80709 3.78519 3.81147 3.85053 3.89574 3.94678 3.98428 3.98048 3.96562 3.95075 3.93589 3.92136 3.91672 3.91672 3.91672 3.91672 3.61161 3.01047 2.82189 2.63440 2.55256 2.55256 2.55256 2.55256 2.62031 2.99903 2.99903 2.99903 2.99903 2.99903 2.99903 2.99903 2.99272 2.49482 2.45482 2.45482 2.45482 2.45482 2.45482 2.45482 2.45482 2.50546 2.81357 3.07815 3.28142 3.44091 3.57055 3.63709 3.65831 3.69147 3.17694 3.24365 3.30367 3.31380 3.31380 3.31380 3.31380 3.31707 3.75680 3.78331 3.78331 3.78331 3.78331 3.78331 3.78331
4.63472 4.04345 3.98599 3.97854 3.96366 3.94881 3.93394 3.91995 3.91672 3.91672 3.91672 3.91672 3.91672 3.87022 3.74605 3.62081 3.49538 3.32373 2.64841 2.55256 2.55256 2.55256 2.55256 2.55256 2.55256 2.55620 2.93650 2.99903 2.99903 2.99903 2.99903 2.99903 2.99903 2.99903 2.64453 2.45482 2.45482 2.64285 2.95227 3.18362 3.36358 3.50742 3.61452 3.64708 3.66832 3.68953 3.71075 3.73195 3.74188 3.74188 3.84490 3.34073 3.31380 3.31380 3.31380 3.31380 3.31380 3.31380 3.31380 3.66483 3.78331 3.78331 3.78331 3.78331 3.78331 3.78331
4.63472 4.10714 3.91879 3.91672 3.91672 3.91672 3.91672 3.91672 3.91672 3.88067 3.75900 3.63356 3.50832 3.42943 3.42826 3.42826 3.42826 3.42329 2.82466 2.55256 2.55256 2.55256 2.55256 2.55256 2.55256 2.55256 2.75240 2.99903 2.99903 2.99903 2.99903 3.12254 4.47851 5.76330 6.60381 3.69819 3.56764 3.63589 3.65709 3.67831 3.69954 3.72075 3.73928 3.74188 3.74188 3.74188 3.74188 3.74188 3.74188 3.74188 3.78365 3.60490 3.31380 3.31380 3.31380 3.31380 3.31380 3.31380 3.31380 3.52882 3.78331 3.78331 3.78331 3.78331 3.78304 3.70517
0.00000 4.23101 3.92527 3.91672 3.91672 3.88976 3.77180 3.64651 3.52117 3.43188 3.42826 3.42826 3.42826 3.42826 3.42826 3.42826 3.42826 3.42826 3.06724 2.55256 2.55256 2.55256 2.55256 2.55256 2.55256 2.55256 2.89034 4.91636 6.08957 6.98572 7.69260 8.22838 8.29106 8.23460 8.16350 5.09246 3.73075 3.74188 3.74188 3.74188 3.74188 3.74188 3.74188 3.74188 3.74188 3.74188 3.74188 3.74188 3.74188 3.74188 3.74188 3.76461 3.31380 3.31380 3.31380 3.31380 3.31380 3.31380 3.31380 3.34643 3.71745 3.59053 3.45264 3.31468 3.17719 3.11717
0.00000 4.39446 3.87734 3.65935 3.53406 3.43569 3.42826 3.42826 3.42826 3.42826 3.42826 3.42826 3.42826 3.42826 3.42826 3.42826 3.42826 3.42826 3.25837 2.58735 2.57406 3.08399 3.87344 4.65225 5.29283 5.84908 6.26563 8.10969 8.21687 8.16013 8.10338 8.05004 8.03796 8.03796 8.03796 6.36378 3.74188 3.74188 3.74188 3.74188 3.74188 3.74188 3.74188 3.74188 3.74188 3.74188 3.74188 3.74188 3.74188 3.74188 3.74188 3.82828 3.31380 3.31380 3.31380 3.31380 3.31380 3.31380 3.31380 3.31380 3.15228 3.11717 3.20392 3.53109 3.82662 4.08128
0.00000 4.40596 3.84225 3.42826 3.42826 3.42826 3.42826 3.42826 3.42826 3.42826 3.42826 3.42826 3.42826 3.42826 3.42826 3.43058 3.53142 3.66914 3.75912 4.49890 5.39235 5.57885 5.65428 6.16830 6.13049 6.09264 6.06292 7.15642 8.03796 8.03796 8.03796 8.03796 8.03796 8.03796 8.03796 7.58507 3.74632 3.74188 3.74188 3.74188 3.74188 3.74188 3.74188 3.74188 3.74188 3.74188 3.74188 3.74188 3.74188 3.74188 3.74188 3.82874 3.44763 3.31380 3.31380 3.31380 3.35081 3.84477 4.33616 4.71115 4.60716 4.43107 4.62187 4.85899 5.70382 6.78222
0.00000 0.00000 4.16156 3.45561 3.42826 3.42826 3.42826 3.42826 3.42826 3.42826 3.43652 3.55313 3.69480 3.81812 3.92615 4.01901 4.01201 3.96096 3.90998 4.36943 5.45663 5.44141 5.44311 5.98472 6.33604 6.76219 7.28314 7.89300 8.03796 8.03796 8.03796 8.03796 8.03796 8.03796 8.03796 8.06971 4.48446 3.74188 3.74188 3.74188 3.74188 3.74188 3.74188 3.74188 3.74188 3.74188 3.74188 3.74188 3.74188 3.74188 3.74188 3.79328 4.16059 4.58762 4.90886 5.16606 5.38303 5.69178 6.04426 6.39674 6.96757 6.87687 7.76628 8.40022 8.62238 8.62238
0.00000 0.00000 4.33380 3.60912 3.42826 3.44616 3.57647 3.72263 3.84931 3.95949 4.04719 4.00900 3.95380 3.90276 3.85176 3.80141 3.78350 3.78350 3.78350 3.85057 5.57936 5.83873 6.12756 7.13266 8.03796 8.03796 8.03796 8.03796 8.03796 8.03796 8.03796 8.03796 8.03796 8.03796 8.03796 8.03941 5.74150 3.74188 3.74188 3.74188 3.74188 3.75207 3.78217 3.74188 3.74188 3.74965 3.82798 3.92311 4.01835 4.11338 4.20866 4.35577 5.21785 6.27082 6.62350 6.97578 7.45974 8.50205 9.38655 10.1000 10.5115 8.92627 8.62238 8.62238 8.62238 8.62238
0.00000 0.00000 4.40596 4.30330 3.99550 4.07325 4.01454 3.94699 3.89558 3.84457 3.79587 3.78350 3.78350 3.78350 3.78350 3.78366 3.84591 3.96988 4.11280 4.21603 6.05108 6.55316 6.55316 6.86223 8.03796 8.03796 8.03796 8.03796 8.03796 8.03796 8.03796 8.03796 8.03796 8.03796 8.03796 8.03796 6.96347 3.77672 3.82295 3.86129 3.92043 4.00523 4.06601 4.06656 4.15945 4.26376 4.46505 4.69232 4.92022 5.14737 5.37502 5.50999 6.04354 8.16517 9.12737 9.88901 10.4461 10.5230 10.5230 10.5230 10.5230 9.44065 8.62238 8.62238 8.62238 8.62238
0.00000 0.00000 0.00000 4.50333 3.86157 3.79139 3.78350 3.78350 3.78350 3.78350 3.78350 3.78350 3.83431 3.95661 4.09731 4.26117 4.34263 4.34263 4.34263 4.34110 5.34910 6.55316 6.55316 6.58074 7.92783 8.03796 8.03796 8.03796 8.03796 8.03796 8.03796 8.03796 7.94450 7.60504 7.38178 8.25653 9.30365 4.55033 4.16445 4.22784 4.32342 4.47433 4.62576 4.94249 5.25752 5.46820 5.51112 5.51112 5.51112 6.03436 7.25160 8.23157 9.12652 10.3947 10.5230 10.5230 10.5230 10.5230 10.5230 10.5230 10.5230 10.0523 8.62238 8.62238 8.62238 8.62238
0.00000 0.00000 0.00000 3.96517 3.97311 3.78350 3.78350 3.78350 3.82395 3.94329 4.08224 4.24360 4.34248 4.34263 4.34263 4.34263 4.34263 4.34263 4.34263 4.34263 4.70746 6.55316 6.55316 6.55316 7.40856 8.03796 8.03796 8.02782 7.76080 7.75763 8.90236 9.97442 11.0044 12.3263 13.6223 14.1219 14.3538 7.72687 4.85096 5.00256 5.09694 5.09819 5.09819 5.23851 5.51112 5.72154 6.89263 7.94349 8.79221 9.25553 9.26330 9.26330 9.26337 10.1419 10.5230 10.5230 10.5230 10.5230 10.5230 10.5230 10.5230 10.5134 8.77729 8.69146 8.85226 9.01360
0.00000 0.00000 0.00000 3.36004 4.17415 3.93045 4.06717 4.22610 4.34070 4.34263 4.34263 4.34263 4.34263 4.34263 4.34263 4.34263 4.34263 4.34263 4.34263 4.34263 4.26392 6.35628 6.55316 6.55628 7.52100 9.59934 10.6555 11.5660 12.7510 13.8856 14.1938 14.4196 14.6453 14.8710 15.0879 15.1456 15.1456 10.9792 5.09819 5.09819 5.09819 5.09819 5.09819 5.13665 5.97116 9.18111 9.26330 9.26330 9.26330 9.26330 9.26330 9.26330 9.26330 9.78459 10.5230 10.5230 10.5230 10.5230 10.4250 9.99991 9.59874 9.24411 9.17410 9.40257 9.40296 9.44318
0.00000 0.00000 0.00000 3.35699 4.34305 4.34466 4.34263 4.34263 4.34263 4.34263 4.34263 4.34263 4.34263 4.34263 4.34263 4.34263 4.34263 4.34263 4.34115 4.27194 4.13309 8.09540 11.6426 12.9988 13.8750 14.2632 14.4915 14.7172 14.9430 15.1279 15.1456 15.1456 15.1456 15.1456 15.1456 15.1456 15.1456 13.8499 5.10894 5.09819 5.09819 5.09819 5.09819 5.09819 5.41428 8.69556 9.26330 9.26330 9.26330 9.26330 9.26330 9.26330 9.26330 9.45592 10.0935 9.72151 9.35304 9.02569 8.78890 8.77485 8.96451 9.24525 9.71659 10.4406 10.7219 11.0167
0.00000 0.00000 0.00000 0.00000 4.16332 4.40433 4.34263 4.34263 4.34263 4.34263 4.34263 4.34263 4.34263 4.33686 4.24674 4.12388 3.98344 3.81859 3.62906 3.69681 3.91873 8.71522 14.6127 14.8385 14.9686 15.1032 15.1456 15.1456 15.1456 15.1456 15.1456 15.1456 15.1456 15.1456 15.1456 15.1456 15.1456 15.0876 6.74628 5.09819 5.09819 5.09819 5.09819 5.09819 5.27450 7.58764 9.26330 9.26330 9.26330 9.06874 8.71096 8.39618 8.11757 7.90320 8.69445 9.14892 9.43003 9.71104 9.99210 10.2738 10.6369 11.0507 11.4896 12.3294 12.4821 12.5652
