High_resolution/powerplant/Fengdu/OMI_NO2_200810.asc
ncols      200
nrows      200
xllcorner       105.978
yllcorner       28.1831
cellsize     0.0166667
NODATA_Value      -999.000
[rows 30 to 59 of 200, columns 0 to 65 of 200]
1.36658 1.40514 1.43900 1.46872 1.49529 1.50955 1.50587 1.50164 1.49961 1.49961 1.49961 1.49961 1.49961 1.56635 1.33910 1.18102 1.18102 1.34545 1.57203 1.57203 1.57203 1.57203 1.57203 1.57203 1.57203 1.57203 1.57203 1.57203 1.57203 1.57203 1.57203 1.57203 1.57203 1.57203 1.57203 1.57203 1.57203 1.57203 1.57203 1.57203 1.57203 1.57203 1.57203 1.57203 1.57203 0.00000 0.00000 0.00000 0.00000 0.00000 0.00000 0.00000 0.00000 0.00000 0.00000 0.00000 0.00000 0.00000 0.00000 0.00000 0.00000 0.00000 0.00000 0.00000 0.00000 0.00000
1.49961 1.49961 1.49961 1.49961 1.49961 1.49961 1.49961 1.49961 1.49961 1.49961 1.49961 1.49961 1.49961 1.53889 1.46245 1.18102 1.18102 1.26547 1.57203 1.57203 1.57203 1.57203 1.57203 1.57203 1.57203 1.57203 1.57203 1.57203 1.57203 1.57203 1.57203 1.57203 1.57203 1.57203 1.57203 1.57203 1.57203 1.57203 1.57203 1.57203 1.57203 1.57203 1.57203 1.57203 1.57203 0.00000 0.00000 0.00000 0.00000 0.00000 0.00000 0.00000 0.00000 0.00000 0.00000 0.00000 0.00000 0.00000 0.00000 0.00000 0.00000 0.00000 0.00000 0.00000 0.00000 0.00000
1.49961 1.49961 1.49961 1.49961 1.49961 1.49961 1.49961 1.49961 1.50288 1.51235 1.52284 1.53442 1.54725 1.57134 1.54795 1.18102 1.18102 1.19338 1.56421 1.57203 1.57203 1.57203 1.57203 1.57203 1.57203 1.57203 1.57203 1.57203 1.57203 1.57203 1.57203 1.57203 1.57203 1.57203 1.57203 1.57203 1.57203 1.57203 1.57203 1.57203 1.57203 1.57203 1.57203 1.57203 1.57203 0.00000 0.00000 0.00000 0.00000 0.00000 0.00000 0.00000 0.00000 0.00000 0.00000 0.00000 0.00000 0.00000 0.00000 0.00000 0.00000 0.00000 0.00000 0.00000 0.00000 0.00000
1.50061 1.50862 1.51875 1.52989 1.54223 1.55592 1.57126 1.58851 1.60067 1.60088 1.60088 1.60088 1.60088 1.60088 1.59790 1.23057 1.18102 1.18102 1.49666 1.57203 1.57203 1.57203 1.57203 1.57203 1.57203 1.57203 1.57203 1.57203 1.57203 1.57203 1.57203 1.57203 1.57203 1.57203 1.57203 1.57203 1.57203 1.57203 1.57203 1.57203 1.57203 1.57203 1.57203 1.57203 1.57203 0.00000 0.00000 0.00000 0.00000 0.00000 0.00000 0.00000 0.00000 0.00000 0.00000 0.00000 0.00000 0.00000 0.00000 0.00000 0.00000 0.00000 0.00000 0.00000 0.00000 0.00000
1.59241 1.60088 1.60088 1.60088 1.60088 1.60088 1.60088 1.60088 1.60088 1.60088 1.60088 1.60088 1.60088 1.60088 1.60088 1.38483 1.18102 1.18102 1.41668 1.57203 1.57203 1.57203 1.57203 1.57203 1.57203 1.57203 1.57203 1.57203 1.57203 1.57203 1.57203 1.57203 1.57203 1.57203 1.57203 1.57203 1.57203 1.57203 1.57203 1.57203 1.57203 1.57203 1.57203 1.57203 1.57203 1.57203 0.00000 0.00000 0.00000 0.00000 0.00000 0.00000 0.00000 0.00000 0.00000 0.00000 0.00000 0.00000 0.00000 0.00000 0.00000 0.00000 0.00000 0.00000 0.00000 0.00000
1.53878 1.60088 1.60088 1.60088 1.60088 1.60088 1.60088 1.60088 1.60088 1.60088 1.60088 1.60088 1.60088 1.60088 1.59767 1.46231 1.18102 1.18102 1.33677 1.57203 1.57203 1.57203 1.57203 1.57203 1.57203 1.57203 1.57203 1.57203 1.57203 1.57203 1.57203 1.57203 1.57203 1.57203 1.57203 1.57203 1.57203 1.57203 1.57203 1.57203 1.57203 1.57203 1.57203 1.57203 1.57203 1.57203 0.00000 0.00000 0.00000 0.00000 0.00000 0.00000 0.00000 0.00000 0.00000 0.00000 0.00000 0.00000 0.00000 0.00000 0.00000 0.00000 0.00000 0.00000 0.00000 0.00000
1.44954 1.60088 1.60088 1.60088 1.60088 1.60088 1.60088 1.60088 1.59395 1.55859 1.51357 1.45879 1.39079 1.30413 1.20206 1.18102 1.19271 1.24308 1.36614 1.67942 1.70740 1.73508 1.76316 1.79154 1.81941 1.84719 1.87497 1.90315 1.93132 1.95930 1.98698 2.01496 2.04314 2.07131 2.09909 2.12697 2.15475 2.18322 2.21120 2.23888 2.26686 2.29463 2.32321 2.35099 2.37887 2.42912 0.00000 0.00000 0.00000 0.00000 0.00000 0.00000 0.00000 0.00000 0.00000 0.00000 0.00000 0.00000 0.00000 0.00000 0.00000 0.00000 0.00000 0.00000 0.00000 0.00000
1.87593 1.96018 1.98558 2.01183 2.04345 2.08182 2.12995 2.19170 2.26542 2.32082 2.37328 2.42605 2.47836 2.53127 2.58359 2.63680 2.67727 2.67997 2.67781 2.57807 2.57481 2.57481 2.57481 2.57481 2.57481 2.57481 2.57481 2.57481 2.57481 2.57481 2.57481 2.57481 2.57481 2.57481 2.57481 2.57481 2.57481 2.57481 2.57481 2.57481 2.57481 2.57481 2.57481 2.57481 2.57481 2.57481 0.00000 0.00000 0.00000 0.00000 0.00000 0.00000 0.00000 0.00000 0.00000 0.00000 0.00000 0.00000 0.00000 0.00000 0.00000 0.00000 0.00000 0.00000 0.00000 0.00000
2.67558 2.61593 2.67852 2.67997 2.67997 2.67997 2.67997 2.67997 2.67997 2.67997 2.67997 2.67997 2.67997 2.67997 2.67997 2.67997 2.67997 2.67997 2.67997 2.59740 2.57481 2.57481 2.57481 2.57481 2.57481 2.57481 2.57481 2.57481 2.57481 2.57481 2.57481 2.57481 2.57481 2.57481 2.57481 2.57481 2.57481 2.57481 2.57481 2.57481 2.57481 2.57481 2.57481 2.57481 2.57481 2.57481 0.00000 0.00000 0.00000 0.00000 0.00000 0.00000 0.00000 0.00000 0.00000 0.00000 0.00000 0.00000 0.00000 0.00000 0.00000 0.00000 0.00000 0.00000 0.00000 0.00000
2.67997 2.67997 2.67997 2.67997 2.67997 2.67997 2.67997 2.67997 2.67997 2.67997 2.67997 2.67997 2.67997 2.67997 2.67997 2.67997 2.67997 2.67997 2.67997 2.61891 2.57481 2.57481 2.57481 2.57481 2.57481 2.57481 2.57481 2.57481 2.57481 2.57481 2.57481 2.57481 2.57481 2.57481 2.57481 2.57481 2.57481 2.57481 2.57481 2.57481 2.57481 2.57481 2.57481 2.57481 2.57481 2.57481 2.57481 0.00000 0.00000 0.00000 0.00000 0.00000 0.00000 0.00000 0.00000 0.00000 0.00000 0.00000 0.00000 0.00000 0.00000 0.00000 0.00000 0.00000 0.00000 0.00000
2.67997 2.67997 2.67997 2.67997 2.67997 2.67997 2.67997 2.67997 2.67997 2.67997 2.67997 2.67997 2.67997 2.67997 2.67997 2.67997 2.67997 2.67997 2.67997 2.64040 2.57481 2.57481 2.57481 2.57481 2.57481 2.57481 2.57481 2.57481 2.57481 2.57481 2.57481 2.57481 2.57481 2.57481 2.57481 2.57481 2.57481 2.57481 2.57481 2.57481 2.57481 2.57481 2.57481 2.57481 2.57481 2.57481 2.57481 0.00000 0.00000 0.00000 0.00000 0.00000 0.00000 0.00000 0.00000 0.00000 0.00000 0.00000 0.00000 0.00000 0.00000 0.00000 0.00000 0.00000 0.00000 0.00000
2.67997 2.67997 2.67997 2.67997 2.67997 2.67997 2.67997 2.67997 2.67997 2.67997 2.67997 2.67997 2.67997 2.67997 2.67997 2.67997 2.67997 2.67997 2.67997 2.66191 2.57481 2.57481 2.57481 2.57481 2.57481 2.57481 2.57481 2.57481 2.57481 2.57481 2.57481 2.57481 2.57481 2.57481 2.57481 2.57481 2.57481 2.57481 2.57481 2.57481 2.57481 2.57481 2.57481 2.57481 2.57481 2.57481 2.57481 0.00000 0.00000 0.00000 0.00000 0.00000 0.00000 0.00000 0.00000 0.00000 0.00000 0.00000 0.00000 0.00000 0.00000 0.00000 0.00000 0.00000 0.00000 0.00000
2.67997 2.67997 2.67997 2.67997 2.67997 2.67997 2.67997 2.67997 2.67997 2.67997 2.67997 2.67997 2.67997 2.67997 2.67997 2.67997 2.67997 2.67997 2.67997 2.67872 2.57949 2.57481 2.57481 2.57481 2.57481 2.57481 2.57481 2.57481 2.57481 2.57481 2.57481 2.57481 2.57481 2.57481 2.57481 2.57481 2.57481 2.57481 2.57481 2.57481 2.57481 2.57481 2.57481 2.57481 2.57481 2.57481 2.57481 0.00000 0.00000 0.00000 0.00000 0.00000 0.00000 0.00000 0.00000 0.00000 0.00000 0.00000 0.00000 0.00000 0.00000 0.00000 0.00000 0.00000 0.00000 0.00000
2.67997 2.67997 2.67997 2.67997 2.67997 2.67997 2.67997 2.67997 2.67997 2.67997 2.67997 2.67997 2.67997 2.67997 2.67997 2.67997 2.67997 2.67997 2.67997 2.67997 2.59975 2.57481 2.57481 2.57481 2.57481 2.57478 2.57405 2.57302 2.57200 2.57099 2.56998 2.56897 2.56793 2.56693 2.56591 2.56490 2.56389 2.56286 2.56185 2.56083 2.55983 2.55881 2.55778 2.55677 2.55576 2.55475 2.55277 0.00000 0.00000 0.00000 0.00000 0.00000 0.00000 0.00000 0.00000 0.00000 0.00000 0.00000 0.00000 0.00000 0.00000 0.00000 0.00000 0.00000 0.00000 0.00000
2.57024 2.54502 2.51922 2.49407 2.46819 2.44319 2.41717 2.39224 2.36615 2.34122 2.31520 2.29019 2.26432 2.23917 2.21337 2.18814 2.16249 2.13712 2.11154 2.08610 2.32432 2.54276 2.54174 2.54071 2.53971 2.53873 2.53845 2.53845 2.53845 2.53845 2.53845 2.53845 2.53845 2.53845 2.53845 2.53845 2.53845 2.53845 2.53845 2.53845 2.53845 2.53845 2.53845 2.53845 2.53845 2.53845 2.53845 2.53845 0.00000 0.00000 0.00000 0.00000 0.00000 0.00000 0.00000 0.00000 0.00000 0.00000 0.00000 0.00000 0.00000 0.00000 0.00000 0.00000 0.00000 0.00000
1.95521 1.95521 1.95521 1.95521 1.95521 1.95521 1.95521 1.95521 1.95521 1.95521 1.95521 1.95521 1.95521 1.95521 1.95521 1.95521 1.95521 1.95521 1.95521 1.95521 2.16161 2.53845 2.53845 2.53845 2.53845 2.53845 2.53845 2.53845 2.53845 2.53845 2.53845 2.53845 2.53845 2.53845 2.53845 2.53845 2.53845 2.53845 2.53845 2.53845 2.53845 2.53845 2.53845 2.53845 2.53845 2.53845 2.53845 2.53845 0.00000 0.00000 0.00000 0.00000 0.00000 0.00000 0.00000 0.00000 0.00000 0.00000 0.00000 0.00000 0.00000 0.00000 0.00000 0.00000 0.00000 0.00000
1.95521 1.95521 1.95521 1.95521 1.95521 1.95521 1.95521 1.95521 1.95521 1.95521 1.95521 1.95521 1.95521 1.95521 1.95521 1.95521 1.95521 1.95521 1.95521 1.95521 2.04243 2.53845 2.53845 2.53845 2.53845 2.53845 2.53845 2.53845 2.53845 2.53845 2.53845 2.53845 2.53845 2.53845 2.53845 2.53845 2.53845 2.53845 2.53845 2.53845 2.53845 2.53845 2.53845 2.53845 2.53845 2.53845 2.53845 2.53845 0.00000 0.00000 0.00000 0.00000 0.00000 0.00000 0.00000 0.00000 0.00000 0.00000 0.00000 0.00000 0.00000 0.00000 0.00000 0.00000 0.00000 0.00000
1.95521 1.95521 1.95521 1.95521 1.95521 1.95521 1.95521 1.95521 1.95521 1.95521 1.95521 1.95521 1.95521 1.95521 1.95521 1.95521 1.95521 1.95521 1.95521 1.95521 1.95841 2.50312 2.53845 2.53845 2.53845 2.53845 2.53845 2.53845 2.53845 2.53845 2.53845 2.53845 2.53845 2.53845 2.53845 2.53845 2.53845 2.53845 2.53845 2.53845 2.53845 2.53845 2.53845 2.53845 2.53845 2.53845 2.53845 2.53845 0.00000 0.00000 0.00000 0.00000 0.00000 0.00000 0.00000 0.00000 0.00000 0.00000 0.00000 0.00000 0.00000 0.00000 0.00000 0.00000 0.00000 0.00000
1.95521 1.95521 1.95521 1.95521 1.95521 1.95521 1.95521 1.95521 1.95521 1.95521 1.95521 1.95521 1.95521 1.95521 1.95521 1.95521 1.95521 1.95521 1.95521 1.95521 1.95521 2.38719 2.53845 2.53845 2.53845 2.53845 2.53845 2.53845 2.53845 2.53845 2.53845 2.53845 2.53845 2.53845 2.53845 2.53845 2.53845 2.53845 2.53845 2.53845 2.53845 2.53845 2.53845 2.53845 2.53845 2.53845 2.53845 2.53845 0.00000 0.00000 0.00000 0.00000 0.00000 0.00000 0.00000 0.00000 0.00000 0.00000 0.00000 0.00000 0.00000 0.00000 0.00000 0.00000 0.00000 0.00000
1.95521 1.95521 1.95521 1.95521 1.95521 1.95521 1.95521 1.95521 1.95521 1.95521 1.95521 1.95521 1.95521 1.95521 1.95521 1.95521 1.95521 1.95521 1.95521 1.95521 1.95521 2.26805 2.53845 2.53845 2.53845 2.53845 2.53845 2.53845 2.53845 2.53845 2.53845 2.53845 2.53845 2.53845 2.53845 2.53845 2.53845 2.53845 2.53845 2.53845 2.53845 2.53845 2.53845 2.53845 2.53845 2.53845 2.53845 2.53845 2.53845 0.00000 0.00000 0.00000 0.00000 0.00000 0.00000 0.00000 0.00000 0.00000 0.00000 0.00000 0.00000 0.00000 0.00000 0.00000 0.00000 0.00000
1.95521 1.95521 1.95521 1.95521 1.95521 1.95521 1.95521 1.95521 1.95521 1.95521 1.95521 1.95521 1.95521 1.95521 1.95521 1.95521 1.95521 1.95521 1.95521 1.95521 1.95521 2.14877 2.53845 2.53845 2.53845 2.53845 2.53845 2.53845 2.53845 2.53845 2.53845 2.53845 2.53845 2.53845 2.53845 2.53822 2.52316 2.50156 2.48012 2.45876 2.43739 2.41564 2.39397 2.37261 2.35124 2.32988 2.30805 2.28653 2.20836 0.00000 0.00000 0.00000 0.00000 0.00000 0.00000 0.00000 0.00000 0.00000 0.00000 0.00000 0.00000 0.00000 0.00000 0.00000 0.00000 0.00000
1.95521 1.95521 1.95521 1.95521 1.95980 1.99691 2.03922 2.08189 2.12444 2.16699 2.20955 2.25198 2.29477 2.33696 2.37999 2.42206 2.46509 2.50716 2.55032 2.59214 2.63554 2.64612 2.05552 2.03415 2.01271 1.99135 1.96975 1.94800 1.92664 1.90520 1.88383 1.86216 1.84049 1.81913 1.79776 1.77655 1.76994 1.76994 1.76994 1.76994 1.76994 1.76994 1.76994 1.76994 1.76994 1.76994 1.76994 1.76994 1.76994 0.00000 0.00000 0.00000 0.00000 0.00000 0.00000 0.00000 0.00000 0.00000 0.00000 0.00000 0.00000 0.00000 0.00000 0.00000 0.00000 0.00000
2.99251 3.03554 3.07773 3.12064 3.15824 3.16404 3.16404 3.16404 3.16404 3.16404 3.16404 3.16404 3.16404 3.16404 3.16404 3.16404 3.16404 3.16404 3.16404 3.16404 3.16404 3.16195 1.87988 1.76994 1.76994 1.76994 1.76994 1.76994 1.76994 1.76994 1.76994 1.76994 1.76994 1.76994 1.76994 1.76994 1.76994 1.76994 1.76994 1.76994 1.76994 1.76994 1.76994 1.76994 1.76994 1.76994 1.76994 1.76994 1.76994 0.00000 0.00000 0.00000 0.00000 0.00000 0.00000 0.00000 0.00000 0.00000 0.00000 0.00000 0.00000 0.00000 0.00000 0.00000 0.00000 0.00000
3.16404 3.16404 3.16404 3.16404 3.16404 3.16404 3.16404 3.16404 3.16404 3.16404 3.16404 3.16404 3.16404 3.16404 3.16404 3.16404 3.16404 3.16404 3.16404 3.16404 3.16404 3.16404 2.16240 1.76994 1.76994 1.76994 1.76994 1.76994 1.76994 1.76994 1.76994 1.76994 1.76994 1.76994 1.76994 1.76994 1.76994 1.76994 1.76994 1.76994 1.76994 1.76994 1.76994 1.76994 1.76994 1.76994 1.76994 1.76994 1.76994 0.00000 0.00000 0.00000 0.00000 0.00000 0.00000 0.00000 0.00000 0.00000 0.00000 0.00000 0.00000 0.00000 0.00000 0.00000 0.00000 0.00000
3.16404 3.16404 3.16404 3.16404 3.16404 3.16404 3.16404 3.16404 3.16404 3.16404 3.16404 3.16404 3.16404 3.16404 3.16404 3.16404 3.16404 3.16404 3.16404 3.16404 3.16404 3.16404 2.44727 1.76994 1.76994 1.76994 1.76994 1.76994 1.76994 1.76994 1.76994 1.76994 1.76994 1.76994 1.76994 1.76994 1.76994 1.76994 1.76994 1.76994 1.76994 1.76994 1.76994 1.76994 1.76994 1.76994 1.76994 1.76994 1.76994 1.76994 0.00000 0.00000 0.00000 0.00000 0.00000 0.00000 0.00000 0.00000 0.00000 0.00000 0.00000 0.00000 0.00000 0.00000 0.00000 0.00000
3.16404 3.16404 3.16404 3.16404 3.16404 3.16404 3.16404 3.16404 3.16404 3.16404 3.16404 3.16404 3.16404 3.16404 3.16404 3.16404 3.16404 3.16404 3.16404 3.16404 3.16404 3.16404 2.73223 1.76994 1.76994 1.76994 1.76994 1.76994 1.76994 1.76994 1.76994 1.76994 1.76994 1.76994 1.76994 1.76994 1.76994 1.76994 1.76994 1.76994 1.76994 1.76994 1.76994 1.76994 1.76994 1.76994 1.76994 1.76994 1.76994 1.76994 0.00000 0.00000 0.00000 0.00000 0.00000 0.00000 0.00000 0.00000 0.00000 0.00000 0.00000 0.00000 0.00000 0.00000 0.00000 0.00000
3.16404 3.16404 3.16404 3.16404 3.16404 3.16404 3.16404 3.16404 3.16404 3.16404 3.16404 3.16404 3.16404 3.16404 3.16404 3.16404 3.16404 3.16404 3.16404 3.16404 3.16404 3.16404 3.01713 1.76994 1.76994 1.76994 1.76994 1.76994 1.76994 1.76994 1.76994 1.76994 1.76994 1.76994 1.76994 1.76994 1.76994 1.76994 1.76994 1.76994 1.76994 1.76994 1.76994 1.76994 1.76994 1.76994 1.76994 1.76994 1.76994 1.76994 0.00000 0.00000 0.00000 0.00000 0.00000 0.00000 0.00000 0.00000 0.00000 0.00000 0.00000 0.00000 0.00000 0.00000 0.00000 0.00000
3.16404 3.16404 3.16404 3.16404 3.16404 3.16404 3.16404 3.16404 3.16404 3.16404 3.16404 3.16404 3.16404 3.16404 3.16404 3.16404 3.16404 3.16404 3.16404 3.16404 3.16404 3.16404 3.16404 1.90808 1.76994 1.76994 1.76994 1.76994 1.76994 1.76994 1.76994 1.76994 1.76994 1.76994 1.76994 1.76994 1.76994 1.76994 1.76994 1.76994 1.76994 1.76994 1.76994 1.76994 1.76994 1.77142 1.78373 1.79773 1.81172 1.83121 0.00000 0.00000 0.00000 0.00000 0.00000 0.00000 0.00000 0.00000 0.00000 0.00000 0.00000 0.00000 0.00000 0.00000 0.00000 0.00000
3.16404 3.16404 3.16404 3.16404 3.16404 3.16404 3.16404 3.16404 3.16404 3.16404 3.16404 3.16404 3.16207 3.12589 3.07577 3.02776 2.97778 2.92949 2.87965 2.83136 2.78166 2.73308 2.68367 2.12255 1.96923 1.98322 1.99736 2.01150 2.02544 2.03948 2.05347 2.06741 2.08150 2.09569 2.10968 2.12367 2.13767 2.15166 2.16570 2.17989 2.19393 2.20792 2.22186 2.23585 2.24989 2.26260 2.26433 2.26433 2.26433 2.26433 0.00000 0.00000 0.00000 0.00000 0.00000 0.00000 0.00000 0.00000 0.00000 0.00000 0.00000 0.00000 0.00000 0.00000 0.00000 0.00000
2.35521 2.30635 2.25693 2.20836 2.15880 2.11023 2.06053 2.01224 1.96240 1.91411 1.86427 1.81598 1.76811 1.75615 1.75615 1.75615 1.75615 1.75615 1.75615 1.75615 1.75615 1.75615 1.75615 2.00612 2.26433 2.26433 2.26433 2.26433 2.26433 2.26433 2.26433 2.26433 2.26433 2.26433 2.26433 2.26433 2.26433 2.26433 2.26433 2.26433 2.26433 2.26433 2.26433 2.26433 2.26433 2.26433 2.26433 2.26433 2.26433 2.26433 2.26433 0.00000 0.00000 0.00000 0.00000 0.00000 0.00000 0.00000 0.00000 0.00000 0.00000 0.00000 0.00000 0.00000 0.00000 0.00000
