High_resolution/powerplant/Fengdu/OMI_NO2_200609.asc
ncols      200
nrows      200
xllcorner       105.978
yllcorner       28.1831
cellsize     0.0166667
NODATA_Value      -999.000
[rows 0 to 28 of 200, columns 66 to 131 of 200]
1.96429 1.52818 1.52818 1.52991 1.57822 1.63998 1.69512 1.74480 1.78965 1.83047 1.86778 1.90190 1.93324 1.96216 1.98893 2.01390 2.03706 2.05864 2.07770 2.28443 2.37116 2.38834 2.40431 2.41905 2.43268 2.44534 2.48374 2.55453 2.61732 2.67298 2.72267 2.76372 2.78458 2.80061 2.81427 2.65408 2.42019 2.42136 2.42153 2.42153 2.51941 2.56919 2.56994 2.59912 2.60124 2.60098 2.57932 2.57815 2.57815 2.57815 2.57815 2.57815 2.57815 2.57732 2.57575 2.57575 2.57575 2.57575 2.57575 2.57575 2.57575 2.57575 2.55933 2.69853 2.83805 2.83805
2.19686 2.08144 2.08197 2.10026 2.10556 2.10556 2.10556 2.10556 2.10556 2.10556 2.10556 2.10556 2.10556 2.10556 2.10556 2.09385 2.06820 2.05165 2.45080 2.65535 2.77785 2.81820 2.85673 2.89339 2.92833 2.96174 2.98112 2.97558 2.94861 2.92244 2.89903 2.88136 2.87965 2.87965 2.87965 2.78823 2.42153 2.42153 2.42153 2.42153 2.48739 2.56919 2.56919 2.58817 2.60124 2.60124 2.58488 2.57815 2.57815 2.57815 2.57815 2.57815 2.57815 2.57788 2.57575 2.57575 2.57575 2.57575 2.57575 2.57575 2.57575 2.57575 2.57180 2.61180 2.83805 2.83805
2.22982 2.15833 2.10556 2.10556 2.10297 2.08056 2.05587 2.03332 2.01254 1.99340 1.97571 1.95924 1.94388 1.92957 1.91619 1.90890 1.90887 1.90887 2.53358 2.89116 2.98130 2.98130 2.98130 2.97519 2.94805 2.92192 2.89858 2.88120 2.87965 2.87965 2.87965 2.87965 2.87965 2.87965 2.87965 2.87157 2.43487 2.42153 2.42153 2.42153 2.45537 2.56919 2.56919 2.57807 2.60124 2.60124 2.59006 2.57815 2.57815 2.57815 2.57815 2.57815 2.57815 2.57815 2.57602 2.57575 2.57575 2.57575 2.57575 2.57575 2.57575 2.57575 2.57575 2.52227 2.83424 2.83805
2.13139 2.04908 1.93646 1.92265 1.91087 1.90887 1.90887 1.90887 1.90887 1.90887 1.90887 1.90887 1.90887 1.90887 1.90887 1.90887 1.90887 1.90887 2.32188 2.86737 2.97057 2.92142 2.89814 2.88104 2.87965 2.87965 2.87965 2.87965 2.87965 2.87965 2.87965 2.87965 2.87965 2.87965 2.87965 2.88008 2.53552 2.42153 2.42153 2.42153 2.42650 2.56606 2.56919 2.57038 2.59988 2.60124 2.59441 2.57815 2.57815 2.57815 2.57815 2.57815 2.57815 2.57815 2.57658 2.57575 2.57575 2.57575 2.57575 2.57575 2.57575 2.57575 2.57575 2.52942 2.79769 2.83805
2.06742 2.03776 1.90887 1.90887 1.90887 1.90887 1.90887 1.90887 1.90887 1.90887 1.90887 1.90887 1.90887 1.90887 1.90887 1.90887 1.90887 1.90887 2.08038 2.84928 2.96975 2.88270 2.87965 2.87965 2.87965 2.87965 2.87965 2.87965 2.87965 2.87965 2.87965 2.87965 2.87965 2.87965 2.87965 2.87965 2.65442 2.42153 2.42153 2.42153 2.42153 2.53900 2.56919 2.56919 2.58944 2.60124 2.59804 2.57815 2.57815 2.57815 2.57815 2.57815 2.57815 2.57815 2.57714 2.57575 2.57575 2.57575 2.57575 2.57575 2.57106 2.55000 2.52888 2.47007 2.61258 2.69323
2.06742 2.06599 1.91900 1.90887 1.90887 1.90887 1.90887 1.90887 1.90887 1.90887 1.90887 1.90887 1.91085 1.91527 1.91982 1.92440 1.92924 1.93403 1.96323 2.83407 2.96639 2.89346 2.86554 2.86438 2.86326 2.86214 2.86101 2.85986 2.85873 2.85761 2.85648 2.85532 2.85420 2.85308 2.85195 2.85080 2.72887 2.38267 2.38124 2.37982 2.37841 2.46248 2.52408 2.52586 2.53075 2.53206 2.52852 2.56855 2.56507 2.55812 2.55139 2.54494 2.53869 2.53266 2.47151 2.30540 2.24274 2.18166 2.12212 2.06410 2.00779 1.95252 1.89447 1.82472 1.97776 2.20414
2.11865 2.21374 2.07999 2.02649 2.03417 2.04182 2.04989 2.05812 2.06661 2.07552 2.08447 2.09404 2.09922 2.09922 2.09922 2.09922 2.09922 2.09922 2.09922 2.93564 3.05105 2.89234 2.83831 2.83831 2.83831 2.83831 2.84094 2.84624 2.85150 2.85678 2.86205 2.86732 2.87261 2.87786 2.88315 2.88887 2.88387 2.44927 2.45278 2.45841 2.46458 2.47362 2.47013 2.46435 2.45923 2.45706 2.45542 2.45858 2.45781 2.45500 2.45220 2.44939 2.44659 2.44379 2.39000 1.65377 1.62452 1.62452 1.62452 1.62452 1.62452 1.62452 1.62452 1.62452 1.78790 2.41880
1.98593 2.33704 2.22740 2.09922 2.09922 2.09922 2.09922 2.09922 2.09922 2.09939 2.10004 2.10071 2.10138 2.10204 2.10271 2.10338 2.10405 2.10472 2.10539 2.68853 3.16557 3.01153 2.91766 2.92058 2.92821 2.95506 2.98329 3.00888 3.03458 3.06019 3.08218 3.08418 3.08306 3.08198 3.08978 3.11986 3.11434 2.51676 2.47586 2.47446 2.47305 2.46842 2.44150 2.44149 2.44149 2.44149 2.44149 2.44167 2.44186 2.44186 2.44186 2.44186 2.44186 2.44186 2.43998 1.79338 1.62452 1.62452 1.62452 1.62452 1.62452 1.62452 1.62452 1.76813 2.62321 3.28278
1.82340 2.34264 2.29127 2.10615 2.10682 2.10749 2.10816 2.10883 2.10950 2.10999 2.11001 2.11001 2.11001 2.11045 2.11993 2.13191 2.14295 2.15304 2.16238 2.49813 3.47669 3.23301 3.11797 3.07885 3.07537 3.05277 3.02607 2.99934 2.97268 2.94598 2.92965 2.95016 2.97692 3.00688 3.03056 3.03157 3.03157 2.60537 2.47081 2.47081 2.47081 2.47075 2.44444 2.44149 2.44149 2.44149 2.44149 2.44160 2.44186 2.44186 2.44186 2.44186 2.44186 2.44186 2.44186 1.98113 1.62452 1.62452 1.62452 1.62452 1.62452 1.62452 1.62452 1.66918 3.14859 3.41647
1.73433 2.34784 2.34315 2.12384 2.12599 2.13750 2.14804 2.15775 2.16869 2.21566 2.27271 2.32612 2.37588 2.42245 2.46777 2.51335 2.55897 2.60454 2.65016 2.75921 3.27410 3.03956 2.98314 2.91986 2.91986 2.91986 2.92694 2.95043 2.97735 3.00745 3.03065 3.03157 3.03157 3.03157 3.03157 3.03157 3.03157 2.73715 2.47081 2.47081 2.47081 2.47081 2.45193 2.44149 2.44149 2.44149 2.44149 2.44154 2.44186 2.44186 2.44186 2.44186 2.44186 2.44186 2.44186 2.17087 1.62452 1.62452 1.62452 1.62452 1.62452 1.62452 1.62452 1.62452 2.75110 3.37071
1.62592 2.40810 2.45382 2.44120 2.49027 2.53599 2.58147 2.62719 2.67104 2.68320 2.68320 2.68320 2.68320 2.68320 2.68320 2.68320 2.68320 2.68320 2.68320 2.68326 3.21366 3.07783 3.02162 2.95121 2.97775 3.00783 3.03080 3.03157 3.03157 3.03157 3.03157 3.03157 3.03157 3.03157 3.03157 3.03157 3.03157 2.86894 2.47081 2.47081 2.47081 2.47081 2.45857 2.44149 2.44149 2.44149 2.44149 2.44149 2.44185 2.44186 2.44186 2.44186 2.44186 2.44186 2.44186 2.35199 1.63301 1.62452 1.62452 1.62452 1.62452 1.62452 1.62452 1.62452 2.21347 3.31909
1.81179 2.43904 2.61244 2.63339 2.68320 2.68320 2.68320 2.68320 2.68320 2.68320 2.68320 2.68320 2.68320 2.68320 2.68320 2.68320 2.68320 2.68320 2.68320 2.68320 3.07159 3.12333 3.03157 3.03157 3.03157 3.03157 3.03157 3.03157 3.03157 3.03157 3.03157 3.03157 3.03157 3.03157 3.03157 3.03157 3.03157 2.98708 2.48462 2.47081 2.47081 2.47081 2.46443 2.44149 2.44149 2.44149 2.44149 2.44149 2.44176 2.44186 2.44186 2.44186 2.44186 2.44186 2.44186 2.43248 1.74223 1.62452 1.62452 1.62452 1.62452 1.62452 1.62452 1.62452 1.66918 3.18529
1.81179 2.25886 2.61244 2.61495 2.68320 2.68320 2.68320 2.68320 2.68320 2.68320 2.68320 2.68320 2.68320 2.68320 2.68320 2.68320 2.68320 2.68320 2.68320 2.68320 2.92945 3.17691 3.04068 3.04498 3.04921 3.05349 3.05789 3.06242 3.06690 3.07142 3.07609 3.08087 3.08561 3.09043 3.09539 3.10046 3.10550 3.11063 2.59071 2.47537 2.47565 2.47592 2.47474 2.44206 2.44170 2.44171 2.44173 2.44174 2.44182 2.44186 2.44186 2.44186 2.45013 2.48921 2.53125 2.57324 2.00748 1.68871 1.70049 1.72340 1.75623 1.78911 1.82193 1.85484 1.88759 2.97757
1.81179 2.07857 2.61244 2.59705 2.67981 2.68320 2.68320 2.68320 2.68320 2.68320 2.68320 2.68320 2.68320 2.68320 2.68320 2.68320 2.68320 2.68320 2.68320 2.68320 2.78640 3.27485 3.22879 3.22851 3.22851 3.22851 3.22851 3.22851 3.22851 3.22851 3.22851 3.22851 3.23564 3.24839 3.26188 3.27558 3.29019 3.30508 2.82341 2.46819 2.47627 2.50762 2.54122 2.57913 2.62150 2.66349 2.70726 2.76855 2.83464 2.90081 2.96700 3.03307 3.09087 3.11790 3.14155 3.15445 2.65348 2.05601 2.08511 2.10285 2.11111 2.11899 2.12667 2.13399 2.14102 2.57664
1.81179 1.89846 2.61244 2.60978 2.65381 2.68320 2.68320 2.68320 2.68320 2.68320 2.68320 2.68320 2.68320 2.68320 2.68343 2.68952 2.69795 2.70639 2.71484 2.72328 2.73487 3.29299 3.34952 3.37340 3.39205 3.41169 3.43211 3.45374 3.47605 3.48645 3.48891 3.49150 3.47965 3.45659 3.43270 3.37634 3.30381 3.23121 3.05851 3.04295 3.09642 3.12154 3.14566 3.16976 3.08489 3.06065 3.06757 3.06095 3.05107 3.04153 3.03232 3.02341 3.01480 3.00644 2.99855 2.99639 2.82478 2.20506 2.20499 2.20499 2.20499 2.20499 2.20499 2.20499 2.20499 2.23126
1.81282 1.81351 2.55916 2.67411 2.69081 2.74124 2.74968 2.75811 2.76655 2.77499 2.78349 2.79192 2.80036 2.80880 2.81703 2.81941 2.81941 2.82043 2.81052 2.78866 2.76765 3.18317 3.42989 3.43711 3.36030 3.28775 3.21517 3.14265 3.07030 3.01214 2.96267 2.91320 2.86367 2.81420 2.76557 2.74941 2.74941 2.74941 2.73722 3.20872 3.24522 3.24522 3.24522 3.24522 3.08311 2.99639 2.99639 2.99639 2.99639 2.99639 2.99639 2.99639 2.99639 2.99639 2.99639 2.99639 2.95916 2.25334 2.20499 2.20499 2.20499 2.20499 2.20499 2.20499 2.20499 2.20499
1.82172 1.82500 2.50844 2.86671 2.84451 2.88563 2.90067 2.90871 2.89005 2.86925 2.84904 2.82957 2.81084 2.78508 2.75382 2.72341 2.69402 2.66437 2.64214 2.62888 2.61560 2.86737 3.10046 2.92766 2.74941 2.74941 2.74941 2.74941 2.74941 2.74941 2.74941 2.74941 2.74941 2.74941 2.74941 2.74941 2.74941 2.74941 2.74893 3.08117 3.24522 3.24522 3.24522 3.24522 3.13684 2.99639 2.99639 2.99639 2.99639 2.99639 2.99639 2.99639 2.99639 2.99639 2.99639 2.99639 2.99639 2.39876 2.20499 2.20499 2.20499 2.20499 2.20499 2.20499 2.20499 2.20499
2.41197 2.44008 2.69643 3.04358 2.99853 2.73750 2.68994 2.65148 2.63569 2.62248 2.60914 2.59592 2.58266 2.57631 2.57631 2.57631 2.57631 2.57631 2.57631 2.57631 2.57631 2.71133 3.07748 2.98373 2.74941 2.74941 2.74941 2.74941 2.74941 2.74941 2.74941 2.74941 2.74941 2.74941 2.74941 2.74941 2.74941 2.74941 2.74941 2.96510 3.24522 3.24522 3.24522 3.24522 3.20147 2.99639 2.99639 2.99639 2.99639 2.99639 2.99639 2.99639 2.99639 2.99639 2.99639 2.99639 2.99639 2.58134 2.20499 2.20499 2.20499 2.20499 2.20499 2.20499 2.20499 2.20499
2.74296 2.77910 2.91603 3.32145 3.31320 2.65654 2.57631 2.57631 2.57631 2.57631 2.57631 2.57631 2.57631 2.57631 2.57631 2.57631 2.57631 2.57631 2.57631 2.57631 2.57631 2.58898 3.08299 3.03863 2.74941 2.74941 2.74941 2.74941 2.74941 2.74941 2.74941 2.74941 2.74941 2.74941 2.74941 2.74941 2.74941 2.74941 2.74941 2.84935 3.24522 3.24522 3.24522 3.24522 3.24496 3.01203 2.99639 2.99639 2.99639 2.99639 2.99639 2.99639 2.99639 2.99639 2.99639 2.99639 2.99639 2.76399 2.20499 2.20499 2.20499 2.20499 2.20499 2.20499 2.20499 2.20499
2.82002 2.82002 2.82993 3.30026 3.32846 2.82223 2.57631 2.57631 2.57631 2.57631 2.57631 2.57631 2.57631 2.57631 2.57631 2.57631 2.57631 2.57631 2.57631 2.57631 2.57631 2.57631 2.97732 3.06621 2.79598 2.74941 2.74941 2.74941 2.74941 2.74941 2.74941 2.74941 2.74941 2.74941 2.74941 2.74941 2.74941 2.74941 2.74941 2.74697 3.23188 3.24522 3.24522 3.24522 3.24522 3.05290 2.99639 2.99639 2.99639 2.99639 2.99639 2.99639 2.99639 2.99639 2.99639 2.99639 2.99639 2.92230 2.21124 2.17935 2.16957 2.15977 2.15001 2.13982 2.11344 2.07922
2.81627 2.81092 2.80549 3.16558 3.28303 2.96455 2.55442 2.55128 2.54828 2.54527 2.54235 2.53946 2.53658 2.53382 2.53100 2.52832 2.52561 2.52298 2.52040 2.51780 2.51531 2.51277 2.74712 3.01286 2.88013 2.74941 2.74941 2.74941 2.74941 2.74941 2.74941 2.74941 2.74941 2.74941 2.74941 2.74941 2.74941 2.74941 2.74941 2.74645 3.11665 3.24522 3.24522 3.24522 3.24515 3.09827 2.99080 2.98748 2.98416 2.98082 2.97749 2.95781 2.90151 2.84403 2.78661 2.72919 2.67165 2.61313 1.96176 1.85777 1.83323 1.80665 1.77129 1.73428 1.71283 1.69937
2.69005 2.69005 2.69005 2.90188 3.09406 2.98065 2.49565 2.49508 2.49508 2.49508 2.49508 2.49508 2.49508 2.49508 2.49508 2.49508 2.49508 2.49508 2.49508 2.49508 2.49067 2.47626 2.59169 2.92599 2.94971 2.74941 2.74941 2.74941 2.74941 2.74941 2.74941 2.74941 2.74941 2.73772 2.69344 2.64305 2.58759 2.52588 2.45707 2.40549 2.86935 3.00494 2.91882 2.83260 2.74626 2.64733 2.56028 2.50049 2.43843 2.37412 2.30745 2.25804 2.25166 2.24666 2.24144 2.23604 2.23040 2.22451 1.69378 1.42731 1.40214 1.38063 1.37851 1.37851 1.37851 1.37851
2.69005 2.69005 2.69005 2.81225 3.08656 3.05671 2.50891 2.44513 2.43039 2.41555 2.40069 2.38590 2.37104 2.35630 2.34146 2.32657 2.31181 2.29695 2.28220 2.26734 2.25689 2.25654 2.28543 2.68654 2.92737 2.57554 2.51246 2.44237 2.40948 2.40713 2.40456 2.40147 2.39775 2.42520 2.53395 2.64692 2.75952 2.87249 2.98547 3.06092 2.74975 2.19882 2.19882 2.19882 2.19882 2.19882 2.19882 2.19882 2.19882 2.19882 2.19882 2.19882 2.19882 2.19882 2.19882 2.19882 2.19882 2.19882 1.82782 1.37851 1.37851 1.37851 1.37851 1.37851 1.37851 1.37851
2.77825 2.78635 2.79448 2.80702 2.85167 2.85826 2.43037 2.25182 2.24224 2.23263 2.22301 2.21426 2.21611 2.22110 2.22608 2.23106 2.23603 2.24721 2.26812 2.28903 2.31008 2.33098 2.34640 2.40432 2.72928 2.79308 2.90366 3.01613 3.06282 3.06282 3.06282 3.06282 3.06282 3.06282 3.06282 3.06282 3.06282 3.06282 3.06282 3.06282 3.00233 2.20201 2.19882 2.19882 2.19882 2.19882 2.19882 2.19882 2.19882 2.19882 2.19882 2.19882 2.19882 2.19882 2.19882 2.19882 2.19882 2.19882 2.01706 1.37966 1.37851 1.37851 1.37851 1.37851 1.37851 1.37851
2.89930 2.91268 2.94042 2.97061 3.02996 2.79938 2.51072 2.20659 2.23708 2.26771 2.29822 2.32799 2.34706 2.36309 2.37904 2.39507 2.41102 2.42080 2.42090 2.42090 2.42090 2.42090 2.42090 2.47630 2.79533 3.03673 3.06282 3.06282 3.06282 3.06282 3.06282 3.06282 3.06282 3.06282 3.06282 3.06282 3.06282 3.06282 3.06282 3.06282 3.08137 2.35343 2.19882 2.19882 2.19882 2.19882 2.19882 2.19882 2.19882 2.19882 2.19882 2.19882 2.19882 2.19882 2.19882 2.19882 2.19882 2.19882 2.17437 1.41259 1.37851 1.37851 1.37851 1.37851 1.37851 1.37851
3.15882 3.18129 3.18944 3.19513 3.22745 3.00304 2.80911 2.42090 2.42090 2.42090 2.42090 2.42090 2.42090 2.42090 2.42090 2.42090 2.42090 2.42090 2.42090 2.42090 2.42090 2.42090 2.42090 2.45430 2.68419 3.01687 3.06282 3.06282 3.06282 3.06282 3.06282 3.06282 3.06282 3.06282 3.06282 3.06282 3.06282 3.06282 3.06282 3.06282 3.06282 2.52127 2.19882 2.19882 2.19882 2.19882 2.19882 2.19882 2.19882 2.19882 2.19882 2.19882 2.19882 2.19882 2.19882 2.19882 2.19882 2.19882 2.19882 1.57845 1.37851 1.37851 1.37851 1.37851 1.37851 1.37851
3.21305 3.21305 3.21305 3.21305 3.23034 3.07820 2.91395 2.44379 2.42090 2.42090 2.42090 2.42090 2.42090 2.42090 2.42090 2.42090 2.42090 2.42090 2.42090 2.42090 2.42090 2.42090 2.42090 2.43027 2.60760 3.00235 3.06282 3.06282 3.06282 3.06282 3.06282 3.06282 3.06282 3.06282 3.06282 3.06282 3.06282 3.06282 3.06282 3.06282 3.06282 2.69719 2.19882 2.19882 2.19882 2.19882 2.19882 2.19882 2.19985 2.23605 2.28493 2.25586 2.19882 2.19882 2.19882 2.19882 2.19882 2.19882 2.19882 1.76867 1.37851 1.37816 1.37208 1.36399 1.35584 1.34774
3.21305 3.21305 3.21305 3.21305 3.22094 3.14678 2.94651 2.53764 2.42228 2.42832 2.43471 2.44102 2.44753 2.45379 2.46025 2.46660 2.47296 2.47938 2.48568 2.49218 2.49846 2.50491 2.51126 2.51761 2.63410 2.96480 3.06282 3.06282 3.06282 3.06282 3.06282 3.06282 3.06282 3.06282 3.06282 3.06282 3.06282 3.06282 3.06282 3.06282 3.06434 2.95185 2.30261 2.34475 2.38286 2.41748 2.44907 2.47801 2.50415 2.50860 2.48741 2.36362 2.09157 2.05657 2.02170 1.98954 1.99865 2.02120 2.04382 1.90243 1.40832 1.42450 1.44674 1.47083 1.49505 1.51914
3.34942 3.35570 3.36211 3.36850 3.37537 3.38179 3.12104 2.84519 2.60686 2.60721 2.60721 2.60721 2.60721 2.60721 2.60721 2.60721 2.60721 2.60721 2.60721 2.60721 2.60721 2.60721 2.60721 2.60721 2.68478 2.86525 3.05025 3.06282 3.06282 3.06282 3.06282 3.06282 3.06282 3.06282 3.06282 3.06282 3.08611 3.08851 3.04349 2.99712 2.95753 2.93862 2.45742 2.37164 2.38058 2.39561 2.41074 2.42578 2.44104 2.45984 2.49611 2.50491 2.28969 2.34718 2.40474 2.45957 2.47325 2.47325 2.47325 2.43765 1.65124 1.59340 1.59340 1.59340 1.59340 1.59340
