High_resolution/powerplant/Fengdu/OMI_NO2_201107.asc
ncols      200
nrows      200
xllcorner       105.978
yllcorner       28.1831
cellsize     0.0166667
NODATA_Value      -999.000
[rows 116 to 144 of 200, columns 132 to 197 of 200]
1.99835 1.99835 1.98998 1.96997 1.94987 1.92978 1.91218 1.90965 1.90965 1.90965 1.90965 1.90965 1.90965 1.62395 1.23722 1.23722 1.23722 1.23722 1.23722 1.23722 1.23722 1.23722 1.23722 1.23722 1.23722 1.23722 1.23722 1.23722 1.23722 1.23722 1.23722 1.23722 0.975938 0.717465 0.717465 0.717465 0.731462 1.92652 2.16011 2.38044 2.68071 3.00397 3.03233 3.03233 3.03233 3.03233 3.03233 3.03233 3.03233 3.03233 2.78368 2.46272 2.46272 2.46272 2.45530 2.35608 2.22943 2.10278 2.00145 1.99294 1.99294 1.99294 1.99294 1.99294 1.97755 1.89312
1.94156 1.92146 1.90973 1.90965 1.90965 1.90965 1.90965 1.90965 1.90965 1.90965 1.90965 1.90965 1.90965 1.82329 1.23769 1.23722 1.23722 1.23722 1.23722 1.23722 1.23722 1.23722 1.23722 1.23722 1.23722 1.23722 1.23722 1.23722 1.23722 1.23722 1.23722 1.23730 1.21812 0.717465 0.717465 0.717465 0.717465 3.03233 3.03233 3.03233 3.03233 3.03233 3.03233 3.03233 3.03233 3.03233 3.03233 3.03233 3.03233 3.03233 2.99769 2.40343 2.26621 2.13956 2.02038 1.99294 1.99294 1.99294 1.99294 1.99294 1.99294 1.99294 1.99294 1.99294 1.99204 1.90637
1.90965 1.90965 1.90965 1.90965 1.90965 1.90965 1.90965 1.90965 1.90965 1.90965 1.90965 1.90965 1.90965 1.90965 1.35102 1.23722 1.23722 1.23722 1.23722 1.23722 1.23722 1.23722 1.23722 1.23722 1.23722 1.23722 1.23722 1.26806 1.43254 1.61269 1.79300 1.97290 2.05756 2.05756 0.00000 0.00000 0.00000 3.03233 3.03233 3.03233 3.03233 3.03233 3.03233 3.03233 3.03233 3.03233 3.03233 2.95904 2.71288 2.45967 2.20664 2.01057 1.99294 1.99294 1.99294 1.99294 1.99294 1.99294 1.99294 1.99294 1.99294 1.99294 1.99294 1.98089 1.91625 1.73259
1.90965 1.90965 1.90965 1.90965 1.90965 1.90965 1.90965 1.90965 1.90965 1.90965 1.90965 1.90965 1.90965 1.90965 1.55081 1.23722 1.23722 1.23722 1.23722 1.23722 1.23722 1.23722 1.23894 1.35215 1.53246 1.71252 1.89259 2.04205 2.05756 2.05756 2.05756 2.05756 2.05756 2.05756 0.00000 0.00000 0.00000 3.03233 3.03233 3.03233 3.03233 3.03233 3.03233 3.00433 2.78654 2.53323 2.27993 2.09991 2.09277 2.09277 2.09277 2.03470 1.99294 1.99294 1.99294 1.99294 1.99294 1.99294 1.98635 1.92700 1.85614 1.78539 1.71457 1.65576 1.64965 1.56952
1.90965 1.90965 1.90965 1.90965 1.90965 1.90965 1.90965 1.90965 1.90965 1.90965 1.90965 1.90965 1.90965 1.90965 1.75067 1.23722 1.23722 1.23722 1.28037 1.45206 1.63205 1.81236 1.99070 2.05756 2.05756 2.05756 2.05756 2.05756 2.05756 2.05756 2.05756 2.05756 2.05756 2.05756 0.00000 0.00000 0.00000 0.00000 3.03233 3.02829 2.86001 2.60680 2.35350 2.12828 2.09277 2.09277 2.09277 2.09277 2.09277 2.09277 2.09277 2.07115 1.99299 1.99016 1.93774 1.86689 1.79610 1.72531 1.66109 1.64965 1.64965 1.64965 1.64965 1.64965 1.64965 1.64215
1.90965 1.90965 1.90965 1.90965 1.90965 1.90965 1.90965 1.90965 1.90965 1.90965 1.90965 1.90965 1.90965 1.90050 1.59639 1.47136 1.73196 1.91195 2.04911 2.05756 2.05756 2.05756 2.05756 2.05756 2.05756 2.05756 2.05756 2.05756 2.05756 2.05756 2.05756 2.05756 2.05756 2.05756 2.05756 0.00000 0.00000 0.00000 2.45403 2.17780 2.09277 2.09277 2.09277 2.09277 2.09277 2.09277 2.09277 2.09277 2.09257 1.89352 1.61269 1.40930 1.65617 1.66802 1.64965 1.64965 1.64965 1.64965 1.64965 1.64965 1.64965 1.64965 1.64965 1.64965 1.64899 1.62557
1.90965 1.90965 1.90965 1.90965 1.90965 1.90965 1.90965 1.90965 1.90965 1.82517 1.42412 0.992551 0.560984 0.138572 0.00259890 1.32461 2.05756 2.05756 2.05756 2.05756 2.05756 2.05756 2.05756 2.05756 2.05756 2.05756 2.05756 2.05756 2.05756 2.05756 2.05756 2.05756 2.05756 2.05756 2.05756 0.00000 0.00000 0.00000 2.09277 2.09277 2.09277 2.09277 2.09277 2.09277 1.98447 1.68471 1.46244 1.29615 1.16694 1.11619 1.11619 1.11619 1.40478 1.64965 1.64965 1.64965 1.64965 1.64965 1.64965 1.64965 1.64965 1.63561 1.60118 1.56656 1.53266 1.52148
1.90965 1.90965 1.90965 1.90965 1.90927 1.67451 1.24295 0.811380 0.380005 0.0327304 0.00259890 0.00259890 0.00259890 0.00259890 0.00259890 0.715954 2.05756 2.05756 2.05756 2.05756 2.05756 2.05756 2.05756 2.05756 2.05756 2.05756 2.05756 2.05756 2.05756 2.05756 2.05756 2.05756 2.05756 2.05756 2.05756 0.00000 0.00000 0.00000 0.00000 2.02666 1.76413 1.52023 1.34008 1.20151 1.11957 1.11619 1.11619 1.11619 1.11619 1.11619 1.11619 1.11619 1.25025 1.64965 1.64965 1.64965 1.64965 1.64330 1.61137 1.57679 1.54220 1.52165 1.52148 1.52148 1.52148 1.52148
1.86312 1.49315 1.06197 0.630401 0.199025 0.00259890 0.00259890 0.00259890 0.00259890 0.00259890 0.00259890 0.00259890 0.00259890 0.00259890 0.00259890 0.140089 2.02488 2.05756 2.05756 2.05756 2.05756 2.05756 2.05756 2.05756 2.05756 2.05756 2.05756 2.05756 2.05756 2.05756 2.05756 2.05756 2.05756 2.05756 2.05642 0.139608 0.139608 0.139608 0.139608 0.595737 1.11619 1.11619 1.11619 1.11619 1.11619 1.11619 1.11619 1.11619 1.11619 1.11619 1.11619 1.11619 1.12659 1.61705 1.62158 1.58698 1.55240 1.52416 1.52148 1.52148 1.52148 1.52148 1.52148 1.52148 1.52148 1.52148
0.0643875 0.00259890 0.00259890 0.00259890 0.00259890 0.00259890 0.00259890 0.00259890 0.00259890 0.00259890 0.00259890 0.00259890 0.00259890 0.00259890 0.00259890 0.00259890 1.55415 2.05756 2.05756 2.05756 2.05756 2.05756 2.05756 2.05756 2.05756 2.05756 2.05756 2.05756 2.05756 2.05756 2.05756 2.05756 2.05756 2.05756 2.05264 0.139608 0.139608 0.139608 0.139608 0.191142 1.08780 1.11619 1.11619 1.11619 1.11619 1.11619 1.11619 1.11619 1.11619 1.11619 1.09832 1.06373 1.02914 1.35464 1.52148 1.52148 1.52148 1.52148 1.52148 1.52148 1.52148 1.52148 1.52148 1.52148 1.52148 1.52148
0.00259890 0.00259890 0.00259890 0.00259890 0.00259890 0.00259890 0.00259890 0.00259890 0.00259890 0.00259890 0.00259890 0.00259890 0.00259890 0.00259890 0.00259890 0.00259890 0.945619 2.05756 2.05756 2.05756 2.05756 2.05756 2.05756 2.05756 2.05756 2.05756 2.05756 2.05756 2.05756 2.05756 2.05756 0.00000 0.00000 0.00000 0.00000 0.139608 0.139608 0.139608 0.139608 0.139608 0.906302 1.11619 1.11619 1.11619 1.11619 1.11619 1.10719 1.07392 1.03934 1.00475 0.988019 0.988019 0.988019 1.19196 1.52148 1.52148 1.52148 1.52148 1.52148 1.52148 1.52148 1.52837 1.57854 1.63633 1.69414 1.75193
0.00259890 0.00259890 0.00259890 0.00259890 0.00259890 0.00259890 0.00259890 0.00259890 0.00259890 0.00259890 0.00259890 0.00259890 0.00259890 0.00259890 0.00259890 0.00259890 0.336974 2.05756 2.05756 2.05756 2.05756 2.05756 2.05756 2.05756 2.05756 2.05756 0.00000 0.00000 0.00000 0.00000 0.00000 0.00000 0.00000 0.00000 0.00000 0.139608 0.139608 0.139608 0.139608 0.139608 0.614893 1.11619 1.11305 1.08413 1.04953 1.01495 0.989352 0.988019 0.988019 0.988019 0.988019 0.988019 0.988019 1.03993 1.51898 1.52148 1.52465 1.56945 1.62726 1.68502 1.74280 1.79376 1.80132 1.80132 1.80132 1.80132
0.00259890 0.00259890 0.00259890 0.00259890 0.00259890 0.00259890 0.00259890 0.00259890 0.00259890 0.00259890 0.00259890 0.00259890 0.00259890 0.00259890 0.00259890 0.00259890 0.0221480 1.76988 2.05756 2.05756 2.05756 2.05756 0.00000 0.00000 0.00000 0.00000 0.00000 0.00000 0.00000 0.00000 0.00000 0.00000 0.00000 0.00000 0.00000 0.139608 0.139608 0.139608 0.139608 0.139608 0.213111 1.00778 0.993697 0.988019 0.988019 0.988019 0.988019 0.988019 0.988019 0.988019 0.988019 0.989409 1.13710 1.38338 1.68348 1.73374 1.78836 1.80132 1.80132 1.80132 1.80132 1.80132 1.80132 1.80132 1.80132 1.80132
0.00259890 0.00259890 0.00259890 0.00259890 0.00259890 0.00259890 0.00259890 0.00259890 0.00259890 0.00259890 0.00259890 0.00259890 0.0858091 0.344789 0.609612 0.874319 1.11998 1.17128 0.00000 0.00000 0.00000 0.00000 0.00000 0.00000 0.00000 0.00000 0.00000 0.00000 0.00000 0.00000 0.00000 0.00000 0.00000 0.00000 0.00000 0.00000 0.139608 0.139608 0.139608 0.139608 0.139608 0.821645 0.988019 0.988019 0.988019 0.988019 0.988019 1.06911 1.31086 1.55713 1.80317 2.04806 2.14640 2.14640 1.96877 1.80132 1.80132 1.80132 1.80132 1.80132 1.80132 1.80132 1.80132 1.80135 1.80313 1.80594
0.00259890 0.00259890 0.00259890 0.00259890 0.00259890 0.00259890 0.00259890 0.00832544 0.190037 0.454645 0.719468 0.984058 1.16556 1.17128 1.17128 1.17128 1.17128 1.17128 0.00000 0.00000 0.00000 0.00000 0.00000 0.00000 0.00000 0.00000 0.00000 0.00000 0.00000 0.00000 0.00000 0.00000 0.00000 0.00000 0.00000 0.00000 0.139608 0.139608 0.139608 0.139608 0.139608 0.577380 1.02103 1.23869 1.48473 1.73093 1.97693 2.14212 2.14640 2.14640 2.14640 2.14640 2.14640 2.14640 2.06828 1.80132 1.80132 1.80132 1.80132 1.80132 1.80235 1.80513 1.80794 1.81071 1.81173 1.81173
0.00259890 0.00259890 0.00259890 0.0539040 0.299795 0.564384 0.829325 1.08819 1.17128 1.17128 1.17128 1.17128 1.17128 1.17128 1.17128 1.17128 1.17128 1.17128 1.17128 0.00000 0.00000 0.00000 0.00000 0.00000 0.00000 0.00000 0.00000 0.00000 0.00000 0.00000 0.00000 0.00000 0.00000 0.00000 0.00000 0.00000 0.139608 0.151901 0.496159 0.988472 1.48055 1.96628 2.12222 2.14640 2.14640 2.14640 2.14640 2.14640 2.14640 2.14640 2.14640 2.14640 2.14640 2.14640 2.14238 1.82671 1.80177 1.80432 1.80713 1.80993 1.81170 1.81173 1.81173 1.81173 1.81173 1.81173
0.409768 0.674240 0.939064 1.15247 1.17128 1.17128 1.17128 1.17128 1.17128 1.17128 1.17128 1.17128 1.17128 1.17128 1.17128 1.17128 1.17128 1.17128 1.17128 0.00000 0.00000 0.00000 0.00000 0.00000 0.00000 0.00000 0.00000 0.00000 0.00000 0.00000 0.00000 0.00000 0.00000 1.21183 1.21183 1.21183 1.21183 2.11930 2.45638 2.45638 2.45638 2.45638 2.20156 2.14640 2.14640 2.14640 2.14640 2.14640 2.14640 2.14640 2.14640 2.14640 2.14651 2.14860 2.15140 1.92999 1.81147 1.81173 1.81173 1.81173 1.81173 1.81173 1.81173 1.81173 1.81173 1.81173
1.17128 1.17128 1.17128 1.17128 1.17128 1.17128 1.17128 1.17128 1.17128 1.17128 1.17128 1.17128 1.17128 1.17128 1.17128 1.17128 1.17128 1.17128 1.17128 0.00000 0.00000 0.00000 0.00000 0.00000 0.00000 0.00000 0.00000 0.00000 1.21183 1.21183 1.21183 1.21183 1.21183 1.21183 1.21183 1.21183 1.21183 1.87966 2.45638 2.45638 2.45638 2.45638 2.28809 2.14640 2.14640 2.14640 2.14640 2.14640 2.14640 2.14779 2.15060 2.15340 2.15609 2.15681 2.15681 2.03211 1.81173 1.81173 1.81173 1.81173 1.81173 1.81173 1.81173 1.81173 1.80648 1.77351
1.17128 1.17128 1.17128 1.17128 1.17128 1.17128 1.17128 1.17128 1.17128 1.17128 1.17128 1.17128 1.17128 1.17128 1.17128 1.17128 1.17128 1.17128 1.17128 1.17128 0.00000 0.00000 0.00000 0.00000 1.21183 1.21183 1.21183 1.21183 1.21183 1.21183 1.21183 1.21183 1.21183 1.21183 1.21183 1.21183 1.21183 1.51675 2.45638 2.45638 2.45638 2.45638 2.41685 2.14955 2.14640 2.14710 2.14979 2.15259 2.15540 2.15681 2.15681 2.15681 2.15681 2.15681 2.15681 2.12855 1.81476 1.81173 1.81173 1.80901 1.77902 1.74197 1.70493 1.66790 1.63609 1.63203
1.17128 1.17128 1.17128 1.17128 1.17128 1.17128 1.17128 1.17128 1.17128 1.17128 1.17128 1.17128 1.17128 1.17128 1.17128 1.17128 1.17128 1.17128 1.17128 1.17614 1.21183 1.21183 1.21183 1.21183 1.21183 1.21183 1.21183 1.21183 1.21183 1.21183 1.21183 1.21183 1.21183 1.21183 1.21183 1.21183 1.21183 1.23274 2.37771 2.45638 2.45638 2.45638 2.45638 2.20055 2.15459 2.15669 2.15681 2.15681 2.15681 2.15681 2.15681 2.15681 2.15681 2.15681 2.15465 2.07544 1.78812 1.71047 1.67342 1.63908 1.63203 1.63203 1.63203 1.63203 1.63203 1.63203
1.17118 1.17128 1.17128 1.17128 1.17128 1.17128 1.17128 1.17128 1.17128 1.17128 1.17128 1.17128 1.17128 1.17128 1.17128 1.17128 1.17128 1.17128 1.17128 1.20987 1.21183 1.21183 1.21183 1.21183 1.21183 1.21183 1.21183 1.21183 1.21183 1.21183 1.21183 1.21183 1.21183 1.21183 1.21183 1.21183 1.21183 1.21183 2.03585 2.45638 2.45638 2.45638 2.45638 2.28498 2.15681 2.15681 2.15681 2.15681 2.15681 2.15681 2.10860 1.99128 1.87341 1.75560 1.63995 1.60135 1.61660 1.63203 1.63203 1.63203 1.63203 1.63203 1.63203 1.63203 1.63203 1.63203
1.09088 1.17128 1.17128 1.17128 1.17128 1.17128 1.17128 1.17128 1.17128 1.17128 1.17128 1.17128 1.17128 1.17128 1.17128 1.17128 0.00000 0.00000 0.00000 1.21183 1.21183 1.21183 1.21183 1.21183 1.21183 1.21183 1.21183 1.21183 1.21183 1.21183 1.21183 1.21183 1.21183 1.21183 1.21183 1.21183 1.21183 1.21183 1.67281 2.45638 2.45638 2.45638 2.45638 2.40726 2.15839 2.13432 2.02511 1.90730 1.78926 1.67145 1.60185 1.60135 1.60135 1.60135 1.60135 1.60135 1.60775 1.63203 1.63203 1.63203 1.63203 1.63203 1.63069 1.55400 1.43396 1.31388
0.940827 1.17128 1.17128 1.17128 1.17128 1.17128 1.17128 1.17128 1.17128 1.17128 1.17128 0.00000 0.00000 0.00000 0.00000 0.00000 0.00000 0.00000 0.00000 1.21183 1.21183 1.21183 1.21183 1.21183 1.21183 1.21183 1.21183 1.21183 1.21183 1.21183 1.21183 1.21183 1.21183 1.21183 1.21183 1.21183 1.21183 1.21183 1.31974 2.44692 2.44338 2.26030 2.02467 1.78893 1.68423 1.60996 1.60135 1.60135 1.60135 1.60135 1.60135 1.60135 1.60135 1.60135 1.60135 1.60135 1.60158 1.62936 1.63203 1.58717 1.46825 1.34822 1.22947 1.18613 1.18613 1.18613
0.790742 1.17128 1.17128 1.17128 1.17128 1.17128 1.17128 0.00000 0.00000 0.00000 0.00000 0.00000 0.00000 0.00000 0.00000 0.00000 0.00000 0.00000 0.00000 0.00000 1.21183 1.21183 1.21183 1.21183 1.21183 1.21183 1.21183 1.21183 1.21183 1.21183 1.21183 1.21183 1.21183 1.21183 1.21183 1.21183 1.16645 1.06407 0.961359 1.46796 1.39799 1.34545 1.34545 1.34545 1.50047 1.60135 1.60135 1.60135 1.60135 1.60135 1.60135 1.60135 1.60135 1.60135 1.60135 1.58137 1.47204 1.37138 1.26250 1.18724 1.18613 1.18613 1.18613 1.18613 1.18613 1.18613
2.54518 2.21474 0.00000 0.00000 0.00000 0.00000 0.00000 0.00000 0.00000 0.00000 0.00000 0.00000 0.00000 0.00000 0.00000 0.00000 0.00000 0.00000 0.00000 0.00000 1.21183 1.21183 1.21183 1.21183 1.21183 1.21183 1.21183 1.21183 1.21183 1.21183 1.21183 1.19901 1.10927 1.00661 0.903993 0.801380 0.744107 0.743920 0.743920 1.04267 1.34545 1.34545 1.34545 1.34545 1.39869 1.60089 1.60135 1.60135 1.60135 1.60135 1.60135 1.59627 1.50633 1.38629 1.26625 1.16615 1.15545 1.16597 1.18613 1.18613 1.18613 1.18613 1.18613 1.18613 1.18613 1.18613
3.33395 3.33395 0.00000 0.00000 0.00000 0.00000 0.00000 0.00000 0.00000 0.00000 0.00000 0.00000 0.00000 0.00000 0.00000 0.00000 0.00000 0.00000 0.00000 0.00000 1.21183 1.21183 1.21183 1.21183 1.21183 1.21183 1.21165 1.15451 1.05181 0.949240 0.846580 0.756787 0.743920 0.743920 0.743920 0.743920 0.743920 0.743920 0.743920 0.867498 1.34545 1.34545 1.34545 1.34545 1.34545 1.57139 1.60135 1.60135 1.54062 1.42058 1.30054 1.18559 1.15545 1.15545 1.15545 1.15545 1.15545 1.15755 1.18571 1.18613 1.18613 1.18613 1.19038 1.22677 1.26977 1.31284
3.33395 3.33395 0.00000 0.00000 0.00000 0.00000 0.00000 0.00000 0.00000 0.00000 0.00000 0.00000 0.00000 0.00000 0.00000 0.00000 0.00000 0.00000 0.00000 0.00000 0.00000 1.21183 1.19223 1.09705 0.994488 0.891781 0.789354 0.743920 0.743920 0.743920 0.743920 0.743920 0.743920 0.743920 0.743920 0.743920 0.743920 0.743920 0.743920 0.747649 1.29028 1.34545 1.34545 1.34545 1.34545 1.41700 1.33483 1.21480 1.15545 1.15545 1.15545 1.15545 1.15545 1.15545 1.15545 1.15545 1.15545 1.15553 1.20609 1.26315 1.30615 1.34915 1.38796 1.39456 1.39456 1.39456
3.33395 3.33395 3.33395 0.00000 0.00000 0.00000 0.00000 0.00000 0.00000 0.00000 0.00000 0.00000 0.00000 0.00000 0.00000 0.00000 0.00000 1.22349 1.22349 1.22349 1.22349 1.02716 0.751406 0.743920 0.743920 0.743920 0.743920 0.743920 0.743920 0.743920 0.743920 0.743920 0.743920 0.743920 0.743920 0.743920 0.743920 0.743920 0.743920 0.743920 1.11889 1.34545 1.34545 1.34545 1.34545 1.29709 1.15548 1.15545 1.15545 1.15545 1.15545 1.15545 1.15545 1.15652 1.15876 1.16100 1.16324 1.16540 1.27557 1.39456 1.39456 1.39456 1.39456 1.39456 1.39456 1.39456
3.33395 3.33395 3.33395 0.00000 0.00000 0.00000 0.00000 0.00000 0.00000 0.00000 0.00000 0.00000 0.00000 1.22349 1.22349 1.22349 1.22349 1.22349 1.22349 1.22349 1.22349 1.15195 0.743920 0.743920 0.743920 0.743920 0.743920 0.743920 0.743920 0.743920 0.743920 0.743920 0.743920 0.743920 0.743920 0.743920 0.743920 0.743920 0.743920 0.743920 0.943747 1.34545 1.34545 1.34545 1.34545 1.34545 1.17396 1.15545 1.15598 1.15811 1.16035 1.16259 1.16483 1.16599 1.16599 1.16599 1.16599 1.16599 1.21000 1.39456 1.39456 1.39456 1.39456 1.39456 1.39456 1.39339
