High_resolution/powerplant/Fengdu/OMI_NO2_200512.asc
ncols      200
nrows      200
xllcorner       105.978
yllcorner       28.1831
cellsize     0.0166667
NODATA_Value      -999.000
[rows 90 to 119 of 200, columns 0 to 65 of 200]
0.542811 0.542811 0.542811 0.542811 0.542811 0.542811 0.542811 0.542811 0.542811 0.542811 0.542811 0.542811 0.542811 0.542811 0.542811 0.864394 1.96463 1.96463 1.96463 1.96463 2.01732 2.24474 2.48587 2.72701 2.96827 3.19505 3.24658 3.24658 3.24658 3.24658 3.24658 3.24872 5.33881 5.62016 5.62016 5.62016 5.62016 5.62016 5.62016 5.62016 5.62016 5.62016 5.62016 5.62016 5.62016 5.62016 5.62016 5.62016 1.88628 5.13613 5.91637 5.91637 5.91637 5.91637 5.91637 5.91637 5.91637 5.91637 5.91637 5.91637 5.91637 5.91891 6.01342 6.17077 4.71149 4.08125
0.542811 0.542811 0.542811 0.542811 0.542811 0.542811 0.542811 0.542811 0.542811 0.542811 0.542811 0.542811 0.542811 0.542811 0.542811 0.745386 2.25056 2.56189 2.80303 3.04416 3.23274 3.24658 3.24658 3.24658 3.24658 3.24658 3.24658 3.24658 3.24658 3.24658 3.24658 3.24658 4.67367 5.62016 5.62016 5.62016 5.62016 5.62016 5.62016 5.62016 5.62016 5.62016 5.62016 5.62016 5.62016 5.62016 5.62016 5.62016 3.08890 4.16136 5.91637 5.91637 5.91637 5.91637 5.91637 5.91637 5.96688 6.10516 6.24519 6.38506 6.52509 6.66235 6.70795 6.70795 5.29338 4.05960
0.542811 0.542811 0.542811 0.542811 0.542811 0.542811 0.542811 0.542811 0.542811 0.544320 0.788542 1.20736 1.62661 2.04500 2.46425 2.69770 3.05925 3.24658 3.24658 3.24658 3.24658 3.24658 3.24658 3.24658 3.24658 3.24658 3.24658 3.24658 3.24658 3.24658 3.24658 3.24658 4.00675 5.62016 5.62016 5.62016 5.62016 5.62016 5.62016 5.62016 5.62016 5.62016 5.62016 5.62016 5.62016 5.62016 5.62016 5.62016 4.29238 2.75522 5.93434 6.05719 6.19707 6.33709 6.47696 6.61691 6.70636 6.70795 6.70795 6.70795 6.70795 6.70795 6.70795 6.70795 5.98873 4.05960
0.542811 0.542811 0.542811 0.542811 0.554020 0.850190 1.26858 1.68761 2.10622 2.52375 2.69834 2.69834 2.69834 2.69834 2.69834 2.69834 2.90384 3.24658 3.24658 3.24658 3.24658 3.24658 3.24658 3.24658 3.24658 3.24658 3.24658 3.24658 3.24658 3.24658 3.24658 3.24658 3.38308 5.57696 5.62016 5.62016 5.62016 5.62016 5.62016 5.62016 5.62016 5.62016 5.62016 5.62016 5.61994 5.40649 5.00656 4.60618 4.04456 2.65632 6.53075 6.70795 6.70795 6.70795 6.70795 6.70795 6.70795 6.70795 6.70795 6.70795 6.70795 6.70795 6.70795 6.70795 6.51073 4.23322
0.909862 1.32980 1.74862 2.16765 2.57505 2.69834 2.69834 2.69834 2.69834 2.69834 2.69834 2.69834 2.69834 2.69834 2.69834 2.69834 2.75075 3.24406 3.24658 3.24658 3.24658 3.24658 3.24658 3.24658 3.24658 3.24658 3.24658 3.24658 3.24658 3.24658 3.24658 3.24658 3.24658 5.04641 5.62016 5.62016 5.62016 5.62016 5.62016 5.56735 5.21496 4.81517 4.41487 4.01494 3.61522 3.42873 3.42873 3.42873 3.42873 3.01082 5.93545 6.70795 6.70795 6.70795 6.70795 6.70795 6.70795 6.70795 6.70795 6.70795 6.70795 6.70795 6.70795 6.70795 6.67494 4.76465
2.69834 2.69834 2.69834 2.69834 2.69834 2.69834 2.69834 2.69834 2.69834 2.69834 2.69834 2.69834 2.69834 2.69834 2.69834 2.69834 2.69834 3.14096 3.24658 3.24658 3.24658 3.24658 3.24658 3.24658 3.24658 3.24658 3.24658 3.24658 3.24658 3.24658 3.24658 3.24658 3.24658 4.37973 5.42359 5.02365 4.62372 4.22356 3.82340 3.47628 3.42873 3.42873 3.42873 3.42873 3.42873 3.42873 3.42873 3.42873 3.42873 3.16543 5.07519 6.70795 6.70795 6.70795 6.70795 6.70795 6.70795 6.70795 6.70795 6.66971 6.42424 6.14773 5.87159 5.59508 5.31894 4.78440
2.69834 2.69834 2.69834 2.69834 2.69834 2.69834 2.69834 2.69834 2.69834 2.69834 2.69834 2.69834 2.69834 2.69834 2.69834 2.69834 2.69834 2.98537 3.24658 3.24658 3.24658 3.24658 3.24658 3.24658 3.24658 3.24658 3.24658 3.24658 3.27148 3.66849 4.18971 4.71121 5.23244 5.29625 3.42873 3.42873 3.42873 3.42873 3.42873 3.42873 3.42873 3.42873 3.42873 3.42873 3.42873 3.42873 3.42873 3.42873 3.42873 3.32002 3.82115 6.70795 6.68864 6.46607 6.18993 5.91342 5.63709 5.36077 5.08407 4.84635 4.81531 4.81531 4.81531 4.81531 4.81531 4.63928
2.69834 2.69834 2.69834 2.69834 2.69834 2.69834 2.69834 2.69834 2.69834 2.69834 2.69834 2.69834 2.69834 2.69834 2.69834 2.69834 2.69834 2.82985 3.24658 3.24658 3.24658 3.24658 3.24658 3.34618 3.82922 4.35073 4.87140 5.39290 5.88895 6.01317 6.01317 6.01317 6.01317 5.99895 3.66088 3.42873 3.42873 3.42873 3.42873 3.42873 3.42873 3.42873 3.42873 3.42873 3.42873 3.42873 3.42873 3.42873 3.42873 3.42550 2.92312 5.01122 4.86925 4.81531 4.81531 4.81531 4.81531 4.81531 4.81531 4.81531 4.81531 4.81531 4.81531 4.81531 4.81581 4.77094
0.00000 2.69834 2.69834 2.69834 2.69834 2.69834 2.69834 2.69834 2.69834 2.69834 2.69834 2.69834 2.69834 2.69834 2.69834 2.69834 2.69834 2.70766 3.43271 3.98969 4.51119 5.03214 5.55364 5.97499 6.01317 6.01317 6.01317 6.01317 6.01317 6.01317 6.01317 6.01317 6.01317 6.01317 4.37285 3.42873 3.42873 3.42873 3.42873 3.42873 3.42873 3.42873 3.42873 3.42873 3.42873 3.42873 3.42873 3.42873 3.42873 3.42873 3.07285 4.35607 4.81531 4.81531 4.81531 4.81531 4.81531 4.81531 4.81531 4.86233 5.03253 5.20932 5.38601 5.56260 5.73890 5.79659
0.00000 2.69834 2.69834 2.69834 2.69834 2.69834 2.69834 2.69834 2.69834 2.69834 2.69834 2.69834 2.69805 2.61781 2.47456 2.33131 2.18813 2.04495 4.68955 6.01317 6.01317 6.01317 6.01317 6.01317 6.01317 6.01317 6.01317 6.01317 6.01317 6.01317 6.01317 6.01317 6.01317 6.01317 5.09939 3.42873 3.42873 3.42873 3.42873 3.42873 3.42873 3.42873 3.42873 3.42873 3.42873 3.42873 3.42873 3.42873 3.42873 3.42873 3.22732 3.89227 4.81531 4.82789 4.97054 5.14723 5.32402 5.50061 5.67750 5.80708 5.81357 5.81357 5.81357 5.81357 5.81357 5.81357
0.00000 2.69834 2.69834 2.69834 2.69834 2.69834 2.69834 2.69547 2.59771 2.45461 2.31136 2.16810 2.02514 1.96220 1.96220 1.96220 1.96220 1.96220 3.54564 6.01317 6.01317 6.01317 6.01317 6.01317 6.01317 6.01317 6.01317 6.01317 6.01317 6.01317 6.01317 6.01317 6.01317 6.01317 5.80430 3.44992 3.42873 3.42873 3.42873 3.42873 3.42873 3.42873 3.42873 3.42873 3.42873 3.42873 3.42873 3.42873 3.41184 3.37398 3.31986 4.34380 5.61392 5.77952 5.81357 5.81357 5.81357 5.81357 5.81357 5.81357 5.81357 5.81357 5.81357 5.81357 5.81357 5.81357
0.00000 0.00000 2.68808 2.57784 2.43459 2.29133 2.14815 2.00777 1.96220 1.96220 1.96220 1.96220 1.96220 1.96220 1.96220 1.96220 1.96220 1.96220 2.40948 6.00547 6.01317 6.01317 6.01317 6.01317 6.01317 6.01317 6.01317 6.01317 6.01317 6.01317 6.01317 6.01317 6.01317 6.01317 6.01317 3.96686 3.42873 3.42873 3.42873 3.42873 3.42873 3.42873 3.42515 3.39322 3.35537 3.31756 3.27960 3.24172 3.22080 3.22073 3.22073 4.55174 5.72713 5.81357 5.81357 5.81357 5.81357 5.81357 5.81357 5.81357 5.81357 5.81357 5.81357 5.81357 5.81357 5.81357
0.00000 0.00000 1.97596 1.96220 1.96220 1.96220 1.96220 1.96220 1.96220 1.96220 1.96220 1.96220 1.96220 1.96220 1.96220 1.96220 1.96220 1.96220 1.96220 5.30904 6.01317 6.01317 6.01317 6.01317 6.01317 6.01317 6.01317 6.01317 6.01317 6.01317 6.01317 6.01317 6.01317 6.01317 6.01317 4.69329 3.42873 3.41240 3.37465 3.33684 3.29888 3.26100 3.22677 3.22073 3.22073 3.22073 3.22073 3.22073 3.22073 3.22073 3.22073 4.09571 5.55521 5.81357 5.81357 5.81357 5.81357 5.81357 5.81357 5.81357 5.81357 5.81357 5.81243 5.74986 5.65186 5.55373
0.00000 0.00000 1.96220 1.96220 1.96220 1.96220 1.96220 1.96220 1.96220 1.96220 1.96220 1.96220 1.96220 1.96220 1.96220 1.96220 1.96220 1.96220 1.96220 4.16552 6.01317 6.01317 6.01317 6.01317 6.01317 6.01317 6.01317 6.01317 6.01317 6.01317 6.01317 6.02597 6.27049 6.60131 6.93195 6.36336 3.24247 3.22084 3.22073 3.22073 3.22073 3.22073 3.22073 3.22073 3.22073 3.22073 3.22073 3.22073 3.22073 3.22073 3.22073 3.63968 5.31470 5.81357 5.81357 5.81357 5.76607 5.66794 5.57000 5.47194 5.37400 5.27613 5.17907 5.14370 5.14370 5.14370
0.00000 0.00000 1.96220 1.96220 1.96220 1.96220 1.96220 1.96220 1.96220 1.96220 1.96220 1.96220 1.96220 1.96220 1.96220 1.96220 1.96220 1.96220 1.96220 3.02153 6.01317 6.01317 6.01317 6.01317 6.01317 6.01317 6.06947 6.37135 6.70199 7.03263 7.36345 7.68128 7.76723 7.76723 7.76723 7.70039 3.50992 3.22073 3.22073 3.22073 3.22073 3.22073 3.22073 3.22073 3.22073 3.22073 3.22073 3.22073 3.22073 3.22073 3.22073 3.26062 4.89474 5.39009 5.29221 5.19414 5.14370 5.14370 5.14370 5.14370 5.14370 5.14370 5.14370 5.14370 5.14370 5.14370
0.00000 0.00000 0.00000 1.96220 1.96220 1.96220 1.96220 1.96220 1.96220 1.96220 1.96220 1.96220 1.96220 1.96220 1.96220 1.96220 1.96220 1.96220 1.96220 2.06631 5.82480 6.14367 6.47203 6.80285 7.13349 7.46413 7.73864 7.76723 7.76723 7.76723 7.76723 7.76723 7.76723 7.76723 7.76723 7.76723 4.71289 3.22073 3.22073 3.22073 3.22073 3.22073 3.22073 3.22073 3.22073 3.22073 3.22073 3.22073 3.22073 3.22073 3.22073 3.22073 4.37551 5.11082 5.14370 5.14370 5.14370 5.14370 5.14370 5.14370 5.14370 5.14370 5.14797 5.16759 5.18854 5.20952
0.00000 0.00000 0.00000 1.96220 1.96220 1.96220 1.96220 1.96220 1.96220 1.96220 1.96220 1.96220 1.96220 1.96220 1.96220 1.96235 2.00259 2.07416 2.14568 2.21728 5.96697 7.76513 7.76723 7.76723 7.76723 7.76723 7.76723 7.76723 7.76723 7.76723 7.76723 7.76723 7.76723 7.76723 7.76723 7.76723 5.98137 3.22073 3.22073 3.22073 3.22073 3.22073 3.22073 3.22073 3.22073 3.22073 3.22073 3.22073 3.22073 3.22073 3.22073 3.22073 3.91943 5.05828 5.14370 5.14370 5.14465 5.16050 5.18147 5.20245 5.22342 5.24438 5.26114 5.26253 5.26253 5.26253
0.00000 0.00000 0.00000 1.96221 1.96220 1.96220 1.96220 1.96220 1.96220 1.96220 1.96386 2.01328 2.08488 2.15641 2.22801 2.29938 2.33071 2.33071 2.33071 2.33071 4.58383 7.76723 7.76723 7.76723 7.76723 7.76723 7.76723 7.76723 7.76723 7.76723 7.76723 7.76723 7.76723 7.76723 7.76723 7.76723 7.24570 3.22619 3.22073 3.22073 3.22073 3.22073 3.22073 3.22073 3.22073 3.22073 3.22073 3.22073 3.22073 3.22073 3.22073 3.37458 3.95874 5.06605 5.21654 5.23747 5.25741 5.26253 5.26253 5.26253 5.26253 5.26253 5.26253 5.26253 5.26253 5.26253
0.00000 0.00000 0.00000 0.00000 1.96220 1.96696 2.02400 2.09560 2.16713 2.23869 2.30860 2.33071 2.33071 2.33071 2.33071 2.33071 2.33071 2.33071 2.33071 2.33071 3.04956 7.76669 7.76723 7.76723 7.76723 7.76723 7.76723 7.76723 7.76723 7.76723 7.76723 7.76723 7.76723 7.76723 7.76723 7.76723 7.76723 3.97363 3.22073 3.22073 3.22073 3.22073 3.22073 3.22073 3.22073 3.24631 3.54801 3.92518 4.30298 4.68037 5.05754 5.28129 5.28292 5.13929 5.26010 5.26253 5.26253 5.26253 5.26253 5.26253 5.26253 5.26253 5.26253 5.26253 5.26253 5.26253
0.00000 0.00000 0.00000 0.00000 2.24848 2.31622 2.33071 2.33071 2.33071 2.33071 2.33071 2.33071 2.33071 2.33071 2.33071 2.33071 2.33071 2.33071 2.33071 2.33071 2.33071 6.95113 7.76723 7.76723 7.76723 7.76723 7.76723 7.76723 7.76723 7.76723 7.76723 7.76723 7.76723 7.76723 7.76723 7.76723 7.76723 5.24302 3.22073 3.22073 3.35107 3.72288 4.10088 4.47786 4.85524 5.20747 5.28294 5.28294 5.28294 5.28294 5.28294 5.28294 5.28294 5.17829 5.23957 5.26253 5.26253 5.26253 5.26253 5.26253 5.26253 5.26253 5.26253 5.26253 5.26253 5.26253
0.00000 0.00000 0.00000 0.00000 2.33071 2.33071 2.33071 2.33071 2.33071 2.33071 2.33071 2.33071 2.33071 2.33071 2.33071 2.33071 2.33071 2.33071 2.33071 2.33071 2.33071 5.41593 7.76723 7.76723 7.76723 7.76723 7.76723 7.76723 7.76723 7.76723 7.76723 7.76723 7.76723 7.76723 7.77721 8.07880 8.51519 7.66432 4.65314 5.03053 5.27758 5.28294 5.28294 5.28294 5.28294 5.28294 5.28294 5.28294 5.28294 5.28294 5.28294 5.28294 5.28294 5.22698 5.20818 5.26253 5.26253 5.26253 5.26253 5.26008 5.24826 5.23358 5.21612 5.19499 5.16898 5.13602
0.00000 0.00000 0.00000 0.00000 3.77746 3.71093 5.18257 6.37227 7.31625 6.79572 2.33071 2.33071 2.33071 2.33071 2.33071 2.33071 2.33071 2.33071 2.33071 2.33071 2.33071 3.88120 7.76723 7.76723 7.76723 7.76723 7.76723 7.76723 7.76723 7.82825 8.21661 8.65299 9.08961 9.52599 9.95240 10.0872 10.0872 9.92817 5.45972 5.28294 5.28294 5.28294 5.28294 5.28294 5.28294 5.28294 5.28294 5.28294 5.28294 5.28294 5.28294 5.28294 5.28294 5.27266 5.15533 5.21871 5.19818 5.17290 5.14109 5.10956 5.10681 5.10681 5.10681 5.10681 5.10681 5.10681
15.4893 15.4893 15.4893 15.4893 15.4893 10.2087 8.90999 8.90999 8.90999 8.63121 2.41568 2.33071 2.33071 2.33071 2.33071 2.33071 2.33071 2.33071 2.33071 2.33071 2.33071 2.53023 7.58293 7.76723 7.92337 8.35465 8.79103 9.22765 9.66403 10.0392 10.0872 10.0872 10.0872 10.0872 10.0872 10.0872 10.0872 10.0872 6.64302 5.28294 5.28294 5.28294 5.28294 5.28294 5.28294 5.28294 5.28294 5.28294 5.28294 5.28294 5.28294 5.28294 5.28294 5.28294 5.14820 5.10681 5.10681 5.10681 5.10681 5.10681 5.10681 5.10681 5.10681 5.10681 5.10681 5.10308
15.4893 15.4893 15.4893 15.4893 15.4893 11.8267 8.90999 8.90999 8.90999 8.90999 4.45853 2.33071 2.33071 2.33071 2.33071 2.33071 2.33071 2.33071 2.33232 2.90727 3.95488 5.00142 8.47608 9.80184 10.0821 10.0872 10.0872 10.0872 10.0872 10.0872 10.0872 10.0872 10.0872 10.0872 10.0872 10.0872 10.0872 10.0872 7.98629 5.28294 5.28294 5.28294 5.28294 5.28294 5.28294 5.28294 5.28294 5.28294 5.28294 5.28294 5.28294 5.28294 5.28294 5.28294 5.19688 5.10681 5.10681 5.10681 5.10681 5.10634 5.08841 5.06168 5.03489 5.00812 4.98138 4.95830
15.4893 15.4893 15.4893 15.4893 15.4893 14.2583 8.92053 8.90999 8.90999 8.90999 6.48026 2.33071 2.33071 2.35116 3.05800 4.10400 5.15107 6.19761 7.24361 7.71412 7.71412 7.71412 8.75410 10.0872 10.0872 10.0872 10.0872 10.0872 10.0872 10.0872 10.0872 10.0872 10.0872 10.0872 10.0872 10.0872 10.0872 10.0872 9.32916 5.28294 5.28294 5.28294 5.28294 5.28294 5.28294 5.28294 5.28294 5.28294 5.28294 5.28294 5.28294 5.28294 5.28294 5.28294 5.30245 5.07077 5.04404 5.01724 4.99049 4.96421 4.95533 4.95533 4.95533 4.95533 4.95533 4.95533
15.4893 15.4893 15.4893 15.4893 15.4893 15.4893 9.57901 8.90999 8.93987 9.34900 8.98931 5.30235 6.34888 7.37550 7.71412 7.71412 7.71412 7.71412 7.71412 7.71412 7.71412 7.71412 8.08388 10.0872 10.0872 10.0872 10.0872 10.0872 10.0872 10.0872 10.0872 10.0872 10.0872 10.0872 10.0872 10.0872 10.0872 10.0872 10.0843 5.87050 5.28294 5.28294 5.28294 5.28294 5.28294 5.28294 5.28294 5.28294 5.29276 5.45959 5.68083 5.90194 6.12330 6.34465 6.47577 5.06892 4.95533 4.95533 4.95533 4.95533 4.95533 4.95533 4.95533 4.95533 4.95533 4.95533
15.4893 15.4893 15.4893 15.4893 15.4893 15.4893 11.9731 10.9939 11.4873 11.6017 11.5314 7.95155 7.71412 7.71412 7.71412 7.71412 7.71412 7.71412 7.71412 7.71412 7.71412 7.71412 7.71483 9.78623 10.0872 10.0872 10.0872 10.0872 10.0872 10.0872 10.0872 10.0872 10.0872 10.0872 10.0872 10.0872 10.0872 10.0872 10.0872 7.21089 5.28294 5.28294 5.28294 5.34934 5.56488 5.78636 6.00759 6.22870 6.44000 6.49453 6.49453 6.49453 6.49453 6.49453 6.49453 5.47866 4.95533 4.95533 4.95533 4.95533 4.95533 4.95533 4.95533 4.95533 4.95533 4.95533
15.4893 15.4893 15.4893 15.4893 15.4893 15.4893 13.9522 11.6017 11.6017 11.6017 11.6017 9.33658 7.71412 7.71412 7.71412 7.71412 7.71412 7.71412 7.71412 7.71412 7.71412 7.71412 7.71412 9.11708 10.0872 10.0872 10.0872 10.0872 10.0872 10.0872 10.0872 10.0872 10.0872 10.0872 10.0872 10.0872 10.0872 10.1131 11.0777 10.3994 5.89164 6.11288 6.33411 6.48895 6.49453 6.49453 6.49453 6.49453 6.49453 6.49453 6.49453 6.49453 6.49453 6.49453 6.49453 5.90317 4.95533 4.95533 4.95533 4.95533 4.95533 4.95533 4.95533 4.95533 4.95533 4.95533
15.4893 15.4893 15.4893 15.4893 15.4893 15.4893 15.3428 11.7149 11.4431 11.0590 10.5943 9.07518 7.71412 7.71412 7.71412 7.71412 7.71412 7.71412 7.71412 7.71412 7.71412 7.71412 7.71412 8.44692 10.0872 10.0872 10.0872 10.0872 10.0872 10.0872 10.0872 10.0872 10.2660 11.5212 12.9536 14.3869 15.8193 17.2259 17.6945 17.0413 6.68496 6.49453 6.49453 6.49453 6.49453 6.49453 6.49453 6.49453 6.49453 6.49453 6.49453 6.49453 6.49453 6.49453 6.49453 6.32583 4.95779 4.95533 4.95533 4.95533 4.95533 4.95533 4.95533 4.95533 4.95533 4.95533
15.4893 15.4893 15.4893 15.4893 15.4893 15.4893 15.4893 8.60977 7.71412 7.71412 7.71412 7.71412 7.71412 7.71412 7.71412 7.71412 7.71412 7.71412 7.71412 7.71412 7.71412 7.71412 7.71412 7.83230 10.0319 10.0872 10.0872 10.5566 11.9639 13.3972 14.8296 16.2628 17.5165 17.6945 17.6945 17.6945 17.6945 17.6945 17.6945 17.6945 9.14103 6.49453 6.49453 6.49453 6.49453 6.49453 6.49453 6.49453 6.49453 6.49453 6.49453 6.49453 6.49453 6.49453 6.49453 6.49453 5.21376 4.95533 4.95533 4.95533 4.95533 4.95533 4.95533 4.95533 4.95533 4.95533
