High_resolution/powerplant/Fengdu/OMI_NO2_201101.asc
ncols      200
nrows      200
xllcorner       105.978
yllcorner       28.1831
cellsize     0.0166667
NODATA_Value      -999.000
[rows 0 to 28 of 200, columns 0 to 66 of 200]
1.56346 1.56346 1.56346 1.56346 1.56346 1.56346 1.56346 1.56346 1.56346 0.00000 0.00000 0.00000 0.00000 0.00000 0.00000 0.00000 0.00000 0.00000 0.00000 0.00000 0.00000 0.00000 0.00000 0.00000 0.00000 0.00000 0.00000 0.00000 0.00000 2.91870 2.91870 2.91870 2.91870 2.91870 2.91870 2.91870 2.91870 2.91870 2.91870 2.91870 2.92137 3.77458 3.87435 3.87435 3.87435 3.87435 3.87435 3.87435 3.87435 3.87435 3.87435 3.87435 3.87435 3.87435 3.87435 3.87435 3.87435 3.87435 0.00000 0.00000 0.00000 0.00000 0.00000 0.00000 0.00000 0.00000 0.00000
1.56346 1.56346 1.56346 1.56346 1.56346 1.56346 1.56346 1.56346 1.56346 0.00000 0.00000 0.00000 0.00000 0.00000 0.00000 0.00000 0.00000 0.00000 0.00000 0.00000 0.00000 0.00000 0.00000 0.00000 2.41305 2.83977 2.91870 2.91870 2.91870 2.91870 2.91870 2.91870 2.91870 2.91870 2.91870 2.91870 2.91870 2.91870 2.91870 2.91870 2.91870 3.50432 3.87435 3.87435 3.87435 3.87435 3.87435 3.87435 3.87435 3.87435 3.87435 3.87435 3.87435 3.87435 3.87435 3.87435 3.87435 3.87435 0.00000 0.00000 0.00000 0.00000 0.00000 0.00000 0.00000 0.00000 0.00000
1.56346 1.56346 1.56346 1.56346 1.56346 1.56346 1.56346 1.56346 1.56346 0.00000 0.00000 0.00000 0.00000 0.00000 0.00000 0.00000 0.00000 0.00000 0.00000 2.41305 2.41305 2.41305 2.41305 2.41305 2.41305 2.71629 2.91870 2.91870 2.91870 2.91870 2.91870 2.91870 2.91870 2.91870 2.91870 2.91870 2.91870 2.91870 2.91870 2.91870 2.91870 3.23205 3.87435 3.87435 3.87435 3.87435 3.87435 3.87435 3.87435 3.87435 3.87435 3.87435 3.87435 3.87435 3.87435 3.87435 3.87435 3.87435 0.00000 0.00000 0.00000 0.00000 0.00000 0.00000 0.00000 0.00000 0.00000
1.56346 1.56346 1.56346 1.56346 1.56346 1.56346 1.56346 1.56346 1.56346 1.56346 0.00000 0.00000 0.00000 2.41305 2.41305 2.41305 2.41305 2.41305 2.41305 2.41305 2.41305 2.41305 2.41305 2.41305 2.41305 2.57083 2.91870 2.91870 2.91870 2.91870 2.91870 2.91870 2.91870 2.91870 2.91870 2.91870 2.91870 2.91870 2.91870 2.91870 2.91870 2.97632 3.85762 3.87435 3.87435 3.87435 3.87435 3.87435 3.87435 3.87435 3.87435 3.87435 3.87435 3.87435 3.87435 3.73932 3.33607 2.87000 1.56216 0.00000 0.00000 0.00000 0.00000 0.00000 0.00000 0.00000 0.00000
1.56346 1.56346 1.56346 1.56346 1.56346 1.56346 1.56346 1.56346 1.59750 1.97066 2.41305 2.41305 2.41305 2.41305 2.41305 2.41305 2.41305 2.41305 2.41305 2.41305 2.41305 2.41305 2.41305 2.41305 2.41305 2.43787 2.90601 2.91870 2.91870 2.91870 2.91870 2.91870 2.91870 2.91870 2.91870 2.91870 2.91870 2.91870 2.91870 2.91870 2.91870 2.91870 3.64239 3.87435 3.87435 3.87435 3.87435 3.87435 3.87435 3.83296 3.48521 3.07479 2.66438 2.25443 1.84445 1.56933 1.56216 1.56216 1.56216 0.00000 0.00000 0.00000 0.00000 0.00000 0.00000 0.00000 0.00000
1.56346 1.56346 1.56346 1.61699 1.84932 2.09582 2.34207 2.58870 2.80116 2.68360 2.41305 2.41305 2.41305 2.41305 2.41305 2.41305 2.41305 2.41305 2.41305 2.41305 2.41305 2.41305 2.41305 2.41305 2.41305 2.41305 2.78533 2.91870 2.91870 2.91870 2.91870 2.91870 2.91870 2.91870 2.91870 2.91870 2.91870 2.91870 2.91870 2.91870 2.91870 2.91870 3.37053 3.87296 3.63365 3.22347 2.81352 2.40357 1.99315 1.62436 1.56216 1.56216 1.56216 1.56216 1.56216 1.56216 1.56216 1.56216 1.56216 0.00000 0.00000 0.00000 0.00000 0.00000 0.00000 0.00000 0.00000
2.12885 2.37535 2.62173 2.81470 2.82888 2.82888 2.82888 2.82888 2.82888 2.79911 2.41842 2.41305 2.41305 2.41305 2.41305 2.41305 2.41305 2.41305 2.41305 2.41305 2.41305 2.41305 2.41305 2.41305 2.41305 2.41305 2.63969 2.91870 2.91870 2.91870 2.91870 2.91870 2.91870 2.91870 2.91870 2.91870 2.91870 2.91870 2.96262 3.18801 3.43288 3.67829 3.62457 1.73350 1.56216 1.56216 1.56216 1.56216 1.56216 1.56216 1.56216 1.56216 1.56216 1.56216 1.56216 1.56216 1.56216 1.56216 1.56216 0.00000 0.00000 0.00000 0.00000 0.00000 0.00000 0.00000 0.00000
2.82888 2.82888 2.82888 2.82888 2.82888 2.82888 2.82888 2.82888 2.82888 2.82888 2.50956 2.41305 2.41305 2.41305 2.41305 2.41305 2.41305 2.41305 2.41305 2.41305 2.41305 2.41305 2.41305 2.41305 2.41305 2.41305 2.49421 2.91870 2.91870 2.91870 2.91870 2.91870 2.91937 3.06027 3.30541 3.55042 3.79542 4.04096 4.24218 4.26192 4.26192 4.26192 4.25274 1.83438 1.56216 1.56216 1.56216 1.56216 1.56216 1.56216 1.56216 1.56216 1.56216 1.56216 1.56216 1.56216 1.56216 1.56216 1.56216 1.56216 0.00000 0.00000 0.00000 0.00000 0.00000 0.00000 0.00000
2.82888 2.82888 2.82888 2.82888 2.82888 2.82888 2.82888 2.82888 2.82888 2.82888 2.63038 2.41305 2.41305 2.41305 2.41305 2.41305 2.41305 2.41305 2.41305 2.41305 2.41305 2.41305 2.41305 2.41305 2.41305 2.41305 2.41331 2.89172 3.17754 3.42281 3.66781 3.91295 4.15742 4.26192 4.26192 4.26192 4.26192 4.26192 4.26192 4.26192 4.26192 4.26192 4.26192 2.59563 1.56216 1.56216 1.56216 1.56216 1.56216 1.56216 1.56216 1.56216 1.56216 1.56216 1.56216 1.56216 1.56216 1.56216 1.56216 1.56216 0.00000 0.00000 0.00000 0.00000 0.00000 0.00000 0.00000
2.82888 2.82888 2.82888 2.82888 2.82888 2.82888 2.82888 2.82888 2.82888 2.82888 2.75125 2.41305 2.41305 2.41305 2.41305 2.41305 2.41305 2.41305 2.41305 2.41305 2.41305 2.41305 2.50624 2.75542 3.00699 3.25843 3.51001 4.02391 4.26192 4.26192 4.26192 4.26192 4.26192 4.26192 4.26192 4.26192 4.26192 4.26192 4.26192 4.26192 4.26192 4.26192 4.26192 3.36614 1.56216 1.56216 1.56216 1.56216 1.56216 1.56216 1.56216 1.56216 1.56216 1.56216 1.56216 1.56216 1.56216 1.56216 1.56216 1.56216 0.00000 0.00000 0.00000 0.00000 0.00000 0.00000 0.00000
2.82888 2.82888 2.82888 2.82888 2.82888 2.82888 2.82888 2.82888 2.82888 2.82888 2.82763 2.45750 2.41305 2.41305 2.41305 2.41305 2.41625 2.57904 2.83061 3.08232 3.33389 3.58560 3.74385 3.74625 3.74625 3.74625 3.74625 3.90023 4.26192 4.26192 4.26192 4.26192 4.26192 4.26192 4.26192 4.26192 4.26192 4.26192 4.26192 4.26192 4.26192 4.26192 4.26192 4.09130 1.60536 1.56216 1.56216 1.56216 1.56216 1.56216 1.56216 1.56216 1.56216 1.56216 1.56216 1.56216 1.56216 1.56216 1.56216 1.56216 0.00000 0.00000 0.00000 0.00000 0.00000 0.00000 0.00000
2.82888 2.82888 2.82888 2.82888 2.82888 2.82888 2.82888 2.82888 2.82888 2.82888 2.82888 2.60371 2.65449 2.90607 3.15764 3.40922 3.65759 3.74625 3.74625 3.74625 3.74625 3.74625 3.74625 3.74625 3.74625 3.74625 3.74625 3.76811 4.24646 4.26192 4.26192 4.26192 4.26192 4.26192 4.26192 4.26192 4.26192 4.26192 4.26192 4.26192 4.26192 4.26192 4.26192 4.26192 2.20633 1.56216 1.56216 1.56216 1.56216 1.56216 1.56216 1.56216 1.56216 1.56216 1.56216 1.56216 1.56216 1.56216 1.56216 0.00000 0.00000 0.00000 0.00000 0.00000 0.00000 0.00000 0.00000
2.82888 2.82888 2.82888 2.82888 2.82888 2.82888 2.78402 2.56013 2.31737 2.07461 1.83198 2.29637 3.74625 3.74625 3.74625 3.74625 3.74625 3.74625 3.74625 3.74625 3.74625 3.74625 3.74625 3.74625 3.74625 3.74625 3.74625 3.74625 4.12047 4.26192 4.26192 4.26192 4.26192 4.26192 4.26192 4.26192 4.26192 4.26192 4.26192 4.26192 4.26192 4.26192 4.26192 4.26192 2.97428 1.56216 1.56216 1.56216 1.56216 1.56216 1.56216 1.56216 1.56216 0.00000 0.00000 0.00000 0.00000 0.00000 0.00000 0.00000 0.00000 0.00000 0.00000 0.00000 0.00000 0.00000 0.00000
2.82888 2.75978 2.52427 2.28164 2.03875 1.79612 1.59821 1.57947 1.57947 1.57947 1.57947 1.68565 3.69099 3.74625 3.74625 3.74625 3.74625 3.74625 3.74625 3.74625 3.74625 3.74625 3.74625 3.74625 3.74625 3.74625 3.74625 3.74625 3.97281 4.26192 4.26192 4.26192 4.26192 4.26192 4.26192 4.26192 4.26192 4.26192 4.26192 4.26192 4.26192 4.26192 4.26192 4.26192 3.62468 1.56216 1.56216 1.56216 0.00000 0.00000 0.00000 0.00000 0.00000 0.00000 0.00000 0.00000 0.00000 0.00000 0.00000 0.00000 0.00000 0.00000 0.00000 0.00000 0.00000 0.00000 0.00000
1.76038 1.58672 1.57947 1.57947 1.57947 1.57947 1.57947 1.57947 1.57947 1.57947 1.57947 1.57947 3.16636 3.74625 3.74625 3.74625 3.74625 3.74625 3.74625 3.74625 3.74625 3.74625 3.74625 3.74625 3.74625 3.74625 3.74625 3.74625 3.82504 4.26192 4.26192 4.26192 4.26192 4.26192 4.26192 4.26192 4.26192 4.26192 4.26192 4.26192 4.26192 4.26192 0.00000 0.00000 0.00000 0.00000 0.00000 0.00000 0.00000 0.00000 0.00000 0.00000 0.00000 0.00000 0.00000 0.00000 0.00000 0.00000 0.00000 0.00000 0.00000 0.00000 0.00000 0.00000 0.00000 0.00000 0.00000
1.57947 1.57947 1.57947 1.57947 1.57947 1.57947 1.57947 1.57947 1.57947 1.57947 1.57947 1.57947 2.53564 3.74625 3.74625 3.74625 3.74625 3.74625 3.74625 3.74625 3.74625 3.74625 3.74625 3.74625 3.74625 3.74625 3.74625 3.74625 3.74635 4.19282 4.26192 4.26192 4.26192 4.26192 4.26192 4.26192 0.00000 0.00000 0.00000 0.00000 0.00000 0.00000 0.00000 0.00000 0.00000 0.00000 0.00000 0.00000 0.00000 0.00000 0.00000 0.00000 0.00000 0.00000 0.00000 0.00000 0.00000 0.00000 0.00000 0.00000 0.00000 0.00000 0.00000 0.00000 0.00000 0.00000 0.00000
1.57947 1.57947 1.57947 1.57947 1.57947 1.57947 1.57947 1.57947 1.57947 1.57947 1.57947 1.57947 1.90492 3.74625 3.74625 3.74625 3.74625 3.74625 3.74625 3.74625 3.74625 3.74625 3.74625 3.74625 3.74625 3.70463 3.57702 3.44671 3.31640 3.41195 4.26192 0.00000 0.00000 0.00000 0.00000 0.00000 0.00000 0.00000 0.00000 0.00000 0.00000 0.00000 0.00000 0.00000 0.00000 0.00000 0.00000 0.00000 0.00000 0.00000 0.00000 0.00000 0.00000 0.00000 0.00000 0.00000 0.00000 0.00000 0.00000 0.00000 0.00000 0.00000 0.00000 0.00000 0.00000 0.00000 0.00000
1.57947 1.57947 1.57947 1.57947 1.57947 1.57947 1.57947 1.57947 1.57947 1.57947 1.57947 1.57947 1.57947 3.44073 3.74625 3.74625 3.74625 3.74625 3.74625 3.74549 3.66716 3.53692 3.40668 3.27637 3.14620 3.05750 3.05494 3.05494 3.05494 3.05494 0.00000 0.00000 0.00000 0.00000 0.00000 0.00000 0.00000 0.00000 0.00000 0.00000 0.00000 0.00000 0.00000 0.00000 0.00000 0.00000 0.00000 0.00000 0.00000 0.00000 0.00000 0.00000 0.00000 0.00000 0.00000 0.00000 0.00000 0.00000 0.00000 0.00000 0.00000 0.00000 0.00000 0.00000 0.00000 0.00000 0.00000
1.57947 1.57947 1.57947 1.57947 1.57947 1.57947 1.57947 1.57947 1.57947 1.57947 1.57947 1.57947 1.57947 2.80998 3.73498 3.62714 3.49683 3.36658 3.23627 3.10686 3.05494 3.05494 3.05494 3.05494 3.05494 3.05494 3.05494 3.05494 3.05494 3.05494 3.05494 0.00000 0.00000 0.00000 0.00000 0.00000 0.00000 0.00000 0.00000 0.00000 0.00000 0.00000 0.00000 0.00000 0.00000 0.00000 0.00000 0.00000 0.00000 0.00000 0.00000 0.00000 0.00000 0.00000 0.00000 0.00000 0.00000 0.00000 0.00000 0.00000 0.00000 0.00000 0.00000 0.00000 0.00000 0.00000 0.00000
1.57947 1.57947 1.57947 1.57947 1.57947 1.57947 1.57947 1.57947 1.57947 1.62321 1.85591 2.11061 2.36557 2.78261 3.07727 3.05494 3.05494 3.05494 3.05494 3.05494 3.05494 3.05494 3.05494 3.05494 3.05494 3.05494 3.05494 3.05494 3.05494 3.05494 3.05494 0.00000 0.00000 0.00000 0.00000 0.00000 0.00000 0.00000 0.00000 0.00000 0.00000 0.00000 0.00000 0.00000 0.00000 0.00000 0.00000 0.00000 0.00000 0.00000 0.00000 0.00000 0.00000 0.00000 0.00000 0.00000 0.00000 0.00000 0.00000 0.00000 0.00000 0.00000 0.00000 0.00000 0.00000 0.00000 0.00000
1.57947 1.57947 1.57947 1.57947 1.64678 1.89192 2.14662 2.40119 2.65628 2.86711 2.88898 2.88898 2.88898 2.89404 3.04794 3.05494 3.05494 3.05494 3.05494 3.05494 3.05494 3.05494 3.05494 3.05494 3.05494 3.05494 3.05494 3.05494 3.05494 3.05494 3.05494 0.00000 0.00000 0.00000 0.00000 0.00000 0.00000 0.00000 0.00000 0.00000 0.00000 0.00000 0.00000 0.00000 0.00000 0.00000 0.00000 0.00000 0.00000 0.00000 0.00000 0.00000 0.00000 0.00000 0.00000 0.00000 0.00000 0.00000 0.00000 0.00000 0.00000 0.00000 0.00000 0.00000 0.00000 0.00000 0.00000
1.92793 2.18263 2.43720 2.69190 2.87955 2.88898 2.88898 2.88898 2.88898 2.88898 2.88898 2.88898 2.88898 2.88898 3.00497 3.05494 3.05494 3.05494 3.05494 3.05494 3.05494 3.05494 3.05494 3.05494 3.05494 3.05494 3.05494 3.05494 3.05494 3.05494 3.05494 0.00000 0.00000 0.00000 0.00000 0.00000 0.00000 0.00000 0.00000 0.00000 0.00000 0.00000 0.00000 0.00000 0.00000 0.00000 0.00000 0.00000 0.00000 0.00000 0.00000 0.00000 0.00000 0.00000 0.00000 0.00000 0.00000 0.00000 0.00000 0.00000 0.00000 0.00000 0.00000 0.00000 0.00000 0.00000 0.00000
2.88898 2.88898 2.88898 2.88898 2.88898 2.88898 2.88898 2.88898 2.88898 2.88898 2.88898 2.88898 2.88898 2.88898 2.95697 3.05494 3.05494 3.05494 3.05494 3.05494 3.05494 3.05494 3.05494 3.05494 3.05494 3.05494 3.05494 3.05494 3.05494 3.05494 3.05494 3.05494 0.00000 0.00000 0.00000 0.00000 0.00000 0.00000 0.00000 0.00000 0.00000 0.00000 0.00000 0.00000 0.00000 0.00000 0.00000 0.00000 0.00000 0.00000 0.00000 0.00000 0.00000 0.00000 0.00000 0.00000 0.00000 0.00000 0.00000 0.00000 0.00000 0.00000 0.00000 0.00000 0.00000 0.00000 0.00000
2.88898 2.88898 2.88898 2.88898 2.88898 2.88898 2.88898 2.88898 2.88898 2.88898 2.88898 2.88898 2.88898 2.88898 2.90909 3.05478 3.05494 3.05494 3.05494 3.05494 3.05494 3.05494 3.05494 3.05494 3.05494 3.05494 3.05494 3.05494 3.13096 3.40830 3.69632 4.02555 0.00000 0.00000 0.00000 0.00000 0.00000 0.00000 0.00000 0.00000 0.00000 0.00000 0.00000 0.00000 0.00000 0.00000 0.00000 0.00000 0.00000 0.00000 0.00000 0.00000 0.00000 0.00000 0.00000 0.00000 0.00000 0.00000 0.00000 0.00000 0.00000 0.00000 0.00000 0.00000 0.00000 0.00000 0.00000
2.88898 2.88898 2.88898 2.88898 2.88898 2.88898 2.88898 2.88898 2.88898 2.88898 2.88898 2.88898 2.88898 2.88898 2.88898 3.02691 3.05494 3.05494 3.05494 3.05494 3.05494 3.05494 3.05494 3.20712 3.49499 3.78302 4.07104 4.35876 4.57062 4.58131 4.58131 4.58131 0.00000 0.00000 0.00000 0.00000 0.00000 0.00000 0.00000 0.00000 0.00000 0.00000 0.00000 0.00000 0.00000 0.00000 0.00000 0.00000 0.00000 0.00000 0.00000 0.00000 0.00000 0.00000 0.00000 0.00000 0.00000 0.00000 0.00000 0.00000 0.00000 0.00000 0.00000 0.00000 0.00000 0.00000 0.00000
2.88898 2.88898 2.88898 2.88898 2.88898 2.88898 2.88898 2.88898 2.88898 2.88898 2.88898 2.88898 2.88898 2.88898 2.88898 2.97887 3.05494 3.07051 3.29367 3.58154 3.86941 4.15728 4.44531 4.58131 4.58131 4.58131 4.58131 4.58131 4.58131 4.58131 4.58131 4.58131 4.58131 0.00000 0.00000 0.00000 0.00000 0.00000 0.00000 0.00000 0.00000 0.00000 0.00000 0.00000 0.00000 0.00000 0.00000 0.00000 0.00000 0.00000 0.00000 0.00000 0.00000 0.00000 0.00000 0.00000 0.00000 0.00000 0.00000 0.00000 0.00000 0.00000 0.00000 0.00000 0.00000 0.00000 0.00000
2.88898 2.88898 2.88898 2.88898 2.88898 2.88898 2.88898 2.88898 2.88898 2.88898 2.88898 2.88898 2.97893 3.53933 4.16735 4.60834 4.24413 4.51659 4.58131 4.58131 4.58131 4.58131 4.58131 4.58131 4.58131 4.58131 4.58131 4.58131 4.58131 4.58131 4.58131 4.58131 4.58131 0.00000 0.00000 0.00000 0.00000 0.00000 0.00000 0.00000 0.00000 0.00000 0.00000 0.00000 0.00000 0.00000 0.00000 0.00000 0.00000 0.00000 0.00000 0.00000 0.00000 0.00000 0.00000 0.00000 0.00000 0.00000 0.00000 0.00000 0.00000 0.00000 0.00000 0.00000 0.00000 0.00000 0.00000
2.88898 2.88898 2.88898 2.88898 2.88898 2.88898 2.88898 3.03685 3.63413 4.26248 4.89018 5.51885 6.05660 6.12455 6.12455 6.09306 4.66789 4.58131 4.58131 4.58131 4.58131 4.58131 4.58131 4.58131 4.58131 4.58131 4.58131 4.58131 4.58131 4.58131 4.58131 4.58131 4.58131 0.00000 0.00000 0.00000 0.00000 0.00000 0.00000 0.00000 0.00000 0.00000 0.00000 0.00000 0.00000 0.00000 0.00000 0.00000 0.00000 0.00000 0.00000 0.00000 0.00000 0.00000 0.00000 0.00000 0.00000 0.00000 0.00000 0.00000 0.00000 0.00000 0.00000 0.00000 0.00000 0.00000 0.00000
2.88898 2.88898 3.10932 3.72893 4.35728 4.98498 5.61365 6.09381 6.12455 6.12455 6.12455 6.12455 6.12455 6.12455 6.12455 6.12455 5.08121 4.58131 4.58131 4.58131 4.58131 4.58131 4.58131 4.58131 4.58131 4.58131 4.58131 4.58131 4.58131 4.58131 4.58131 4.58131 4.58131 0.00000 0.00000 0.00000 0.00000 0.00000 0.00000 0.00000 0.00000 0.00000 0.00000 0.00000 0.00000 0.00000 0.00000 0.00000 0.00000 0.00000 0.00000 0.00000 0.00000 0.00000 0.00000 0.00000 0.00000 0.00000 0.00000 0.00000 0.00000 0.00000 0.00000 0.00000 0.00000 0.00000 0.00000
