High_resolution/powerplant/Fengdu/OMI_NO2_201005.asc
ncols      200
nrows      200
xllcorner       105.978
yllcorner       28.1831
cellsize     0.0166667
NODATA_Value      -999.000
[rows 145 to 173 of 200, columns 0 to 64 of 200]
2.89126 2.89126 2.89126 2.89126 2.89126 2.89126 2.89126 2.89126 2.89126 2.98484 4.16469 4.16469 4.16469 4.16934 4.18413 4.19925 4.21435 4.22085 4.11867 3.50424 3.50395 3.50395 3.50395 3.50395 3.50395 3.50395 3.50395 3.50395 3.50395 3.50395 3.50395 3.50395 3.50395 3.50395 3.50395 3.50395 3.50395 3.50395 3.50395 3.50395 3.50395 3.50395 3.47540 3.22551 2.66802 2.37061 2.34111 2.33782 2.33782 2.33782 2.33782 2.33782 2.33782 2.33782 2.33782 2.33782 2.33782 2.33782 2.33782 2.33782 2.33782 2.33782 2.33782 2.33782 2.33782
2.89126 2.89126 2.89126 2.89126 2.89126 2.89126 2.89126 2.89126 2.89126 2.89219 3.87802 4.19489 4.21002 4.22049 4.22085 4.22085 4.22085 4.22085 4.22085 3.62929 3.50395 3.50395 3.50395 3.50395 3.50395 3.50395 3.50395 3.50395 3.50395 3.50395 3.50395 3.50395 3.50395 3.50395 3.50395 3.50395 3.50395 3.50395 3.49398 3.27866 2.98209 2.68540 2.41739 2.37070 2.36497 2.33782 2.33782 2.33782 2.33782 2.33782 2.33782 2.33782 2.33782 2.33782 2.33782 2.33782 2.33782 2.33782 2.33782 2.33782 2.33782 2.33782 2.33782 2.33782 2.33782
2.89126 2.89126 2.89126 2.89126 2.89126 2.89142 2.89661 2.90417 2.91174 2.91838 3.47170 4.22085 4.22085 4.22085 4.22085 4.22085 4.22085 4.22085 4.22085 3.85656 3.50395 3.50395 3.50395 3.50395 3.50395 3.50395 3.50395 3.50395 3.50395 3.50395 3.50395 3.50395 3.50395 3.50395 3.50305 3.33170 3.03519 2.73855 2.45184 2.37070 2.37070 2.37070 2.37070 2.37070 2.37068 2.34240 2.33782 2.33782 2.33782 2.33782 2.33782 2.33782 2.33782 2.33782 2.33782 2.33782 2.33782 2.33782 2.33782 2.33782 2.33782 2.33782 2.33782 2.33782 2.33806
2.89126 2.89126 2.89445 2.90199 2.90955 2.91696 2.91934 2.91934 2.91934 2.91934 3.17224 4.22085 4.22085 4.22085 4.22085 4.22085 4.22085 4.22085 4.22085 4.08385 3.50395 3.50395 3.50395 3.50395 3.50395 3.50395 3.50395 3.50395 3.50395 3.50395 3.50395 3.38349 3.08816 2.79159 2.49604 2.37070 2.37070 2.37070 2.37070 2.37070 2.37070 2.37070 2.37070 2.37070 2.37070 2.35266 2.33782 2.33782 2.33782 2.33782 2.33782 2.33782 2.33782 2.33782 2.33782 2.33782 2.33782 2.33782 2.33782 2.33782 2.33782 2.36984 2.43107 2.49233 2.55337
2.90737 2.91494 2.91932 2.91934 2.91934 2.91934 2.91934 2.91934 2.91934 2.92989 3.06157 4.20301 4.22085 4.22085 4.22085 4.22085 4.22085 4.22085 4.22085 4.21963 3.59542 3.50395 3.50395 3.50395 3.50395 3.50395 3.50395 3.42655 3.14131 2.84474 2.54828 2.37206 2.37070 2.37070 2.37070 2.37070 2.37070 2.37070 2.37070 2.37070 2.37070 2.37070 2.37070 2.37070 2.37070 2.36295 2.33782 2.33782 2.33782 2.33782 2.33782 2.33782 2.33782 2.33782 2.33782 2.33782 2.33782 2.36581 2.42698 2.48819 2.54947 2.57872 2.57872 2.57872 2.57872
2.91934 2.91934 2.91934 2.92017 2.98092 3.07835 3.17584 3.27332 3.37075 3.45774 3.47166 3.95611 4.22085 4.22085 4.22085 4.22085 4.22085 4.22085 4.22085 4.22085 3.82139 3.50395 3.50395 3.46010 3.19457 2.89784 2.60120 2.38214 2.37070 2.37070 2.37070 2.37070 2.37070 2.37070 2.37070 2.37070 2.37070 2.37070 2.37070 2.37070 2.37070 2.37070 2.37070 2.37070 2.37070 2.37037 2.34068 2.33782 2.33782 2.33782 2.33782 2.33782 2.33782 2.36196 2.42291 2.48412 2.54535 2.57867 2.57872 2.57872 2.57872 2.57872 2.57872 2.57872 2.57872
3.14336 3.24084 3.33827 3.43493 3.47166 3.47166 3.47166 3.47166 3.47166 3.47166 3.47166 3.73229 4.22085 4.22085 4.22085 4.22085 4.22085 4.22085 4.22085 4.19342 3.66831 2.95104 2.65424 2.40164 2.37070 2.37070 2.37070 2.37070 2.37070 2.37070 2.37070 2.37070 2.37070 2.37070 2.37070 2.37070 2.37070 2.37070 2.37070 2.37070 2.37070 2.37070 2.37070 2.37070 2.37070 2.37070 2.35063 2.33782 2.33782 2.35847 2.41879 2.48002 2.54123 2.57836 2.57872 2.57872 2.57872 2.57872 2.57872 2.57872 2.57872 2.57872 2.57872 2.57872 2.57872
3.47166 3.47166 3.47166 3.47166 3.47166 3.47166 3.47166 3.47166 3.47166 3.47166 3.47166 3.57736 4.22085 4.22085 4.22085 4.22030 3.94836 3.45328 2.95783 2.49000 2.37962 2.37148 2.37070 2.37070 2.37070 2.37070 2.37070 2.37070 2.37070 2.37070 2.37070 2.37070 2.37070 2.37070 2.37070 2.37070 2.37070 2.37070 2.37070 2.37070 2.37070 2.37070 2.37070 2.37070 2.37070 2.31870 2.20003 2.47598 2.53716 2.57775 2.57872 2.57872 2.57872 2.57872 2.57872 2.57872 2.57872 2.57872 2.57872 2.57872 2.57872 2.57872 2.57872 2.57872 2.57872
3.47166 3.47166 3.47166 3.47166 3.47166 3.47166 3.47166 3.47166 3.47166 3.47166 3.47166 3.48060 4.01629 3.59302 3.09776 2.60305 2.37972 2.37972 2.37972 2.37972 2.37972 2.37424 2.37070 2.37070 2.37070 2.37070 2.37070 2.37070 2.37070 2.37070 2.37070 2.37070 2.37070 2.37070 2.37070 2.37070 2.37070 2.37070 2.37070 2.37070 2.37070 2.34114 2.15870 1.95413 1.74964 1.59708 1.62070 2.53355 2.57872 2.57872 2.57872 2.57872 2.57872 2.57872 2.57872 2.57872 2.57872 2.57872 2.57872 2.57872 2.57872 2.57872 2.57872 2.57872 2.57872
3.47166 3.47166 3.47166 3.47166 3.47166 3.47166 3.47166 3.47166 3.44238 3.22771 2.98007 2.73235 2.46720 2.37972 2.37972 2.37972 2.37972 2.37972 2.37972 2.37972 2.37972 2.37708 2.37070 2.37070 2.37070 2.37070 2.37070 2.37070 2.37070 2.37070 2.37070 2.37070 2.37070 2.37070 2.37070 2.37070 2.37070 2.35740 2.19467 1.99003 1.78562 1.61061 1.58871 1.58871 1.58871 1.58871 1.58871 2.25779 2.57872 2.57872 2.57872 2.57872 2.57872 2.57872 2.57872 2.57872 2.57872 2.57872 2.57872 2.57872 2.57872 2.57872 2.57872 2.57872 2.57872
3.47166 3.47166 3.47166 3.47166 3.46659 3.29748 3.04994 2.80240 2.58386 2.55109 2.55109 2.55109 2.50274 2.37972 2.37972 2.37972 2.37972 2.37972 2.37972 2.37972 2.37972 2.37946 2.37117 2.37070 2.37070 2.37070 2.37070 2.37070 2.37070 2.37070 2.37070 2.37070 2.37070 2.36718 2.23057 2.02620 1.82167 1.63047 1.58871 1.58871 1.58871 1.58871 1.58871 1.58871 1.58871 1.58871 1.58871 1.94975 2.57872 2.57872 2.57872 2.57872 2.57872 2.57872 2.57872 2.57872 2.57872 2.57872 2.57872 2.57872 2.57872 2.57872 2.57872 2.56648 2.31684
3.47166 3.36680 3.11982 2.87228 2.62971 2.55109 2.55109 2.55109 2.55109 2.55109 2.55109 2.55109 2.53443 2.37972 2.37972 2.37972 2.37972 2.37972 2.37972 2.37972 2.37972 2.37972 2.37377 2.37070 2.37070 2.37070 2.37070 2.37070 2.37070 2.37070 2.26677 2.06213 1.85764 1.65667 1.58871 1.58871 1.58871 1.58871 1.58871 1.58871 1.58871 1.58871 1.58871 1.58871 1.58871 1.58871 1.58871 1.65833 2.56228 2.57872 2.57872 2.57872 2.57872 2.57872 2.57872 2.57872 2.57872 2.57872 2.57872 2.57199 2.34119 1.99861 1.65617 1.32624 1.23370
2.69451 2.55183 2.55109 2.55109 2.55109 2.55109 2.55109 2.54410 2.53068 2.51725 2.50382 2.49040 2.47761 2.39714 2.37972 2.37972 2.37972 2.37972 2.37972 2.37972 2.37972 2.37972 2.37662 2.37070 2.37070 2.37070 2.29977 2.09818 1.89361 1.68920 1.58871 1.58871 1.58871 1.58871 1.58871 1.58871 1.58871 1.58871 1.58871 1.58871 1.58871 1.58871 1.58871 1.58871 1.58871 1.58871 1.58871 1.58871 2.32411 2.57872 2.57872 2.57872 2.57872 2.57872 2.57872 2.57603 2.36513 2.02269 1.68052 1.34480 1.23370 1.23370 1.23370 1.23370 1.23370
2.55109 2.54775 2.53489 2.52148 2.50804 2.49462 2.48119 2.47474 2.47474 2.47474 2.47474 2.47474 2.47474 2.43082 2.37972 2.37972 2.37972 2.37972 2.37972 2.37972 2.37972 2.37972 2.37998 2.14909 1.92974 1.72525 1.59153 1.58871 1.58871 1.58871 1.58871 1.58871 1.58871 1.58871 1.58871 1.58871 1.58871 1.58871 1.58871 1.58871 1.58871 1.58871 1.58871 1.58871 1.58871 1.58871 1.58871 1.58871 2.01624 2.57872 2.57872 2.57831 2.38907 2.04676 1.70473 1.36511 1.23370 1.23370 1.23370 1.23370 1.23370 1.23370 1.23370 1.23370 1.23370
2.48540 2.47533 2.47474 2.47474 2.47474 2.47474 2.47474 2.47474 2.47474 2.47474 2.47474 2.47474 2.47474 2.45369 2.37972 2.37972 2.37972 2.37972 2.37995 2.38289 2.38661 2.39034 2.39331 1.81977 1.58871 1.58871 1.58871 1.58871 1.58871 1.58871 1.58871 1.58871 1.58871 1.58871 1.58871 1.58871 1.58871 1.58871 1.58871 1.58871 1.58871 1.58871 1.58871 1.58871 1.58871 1.58871 1.58871 1.58871 1.74301 2.07236 1.72880 1.38703 1.23370 1.23370 1.23370 1.23370 1.23370 1.23370 1.23370 1.23370 1.23370 1.23370 1.23370 1.23370 1.23370
2.47474 2.47474 2.47474 2.47474 2.47474 2.47474 2.47474 2.47474 2.47474 2.47474 2.47474 2.47474 2.47474 2.46992 2.38031 2.38183 2.38555 2.38928 2.39278 2.39356 2.39356 2.39356 2.39356 2.07404 1.58871 1.58871 1.58871 1.58871 1.58871 1.58871 1.58871 1.58871 1.58871 1.58871 1.58871 1.58871 1.58871 1.58871 1.58871 1.58871 1.58871 1.58871 1.58871 1.58871 1.61373 1.69334 1.77495 1.85650 1.90061 1.36102 1.23370 1.23370 1.23370 1.23370 1.23370 1.23370 1.23370 1.23370 1.23370 1.23370 1.23370 1.23370 1.23370 1.23370 1.23370
2.47474 2.47474 2.47474 2.47474 2.47474 2.47474 2.47474 2.47474 2.47474 2.47474 2.47474 2.47531 2.47713 2.47899 2.41858 2.39356 2.39356 2.39356 2.39356 2.39356 2.39356 2.39356 2.39356 2.32077 1.59612 1.58871 1.58871 1.58871 1.58871 1.58871 1.58871 1.58871 1.58871 1.58871 1.58871 1.58871 1.58871 1.58871 1.58871 1.58871 1.60381 1.67912 1.76067 1.84225 1.89877 1.90068 1.90068 1.90068 1.90068 1.56852 1.23370 1.23370 1.23370 1.23370 1.23370 1.23370 1.23370 1.23370 1.23370 1.23370 1.23370 1.23370 1.23370 1.23370 1.23370
2.47474 2.47474 2.47474 2.47474 2.47474 2.47474 2.47474 2.47497 2.47660 2.47846 2.48032 2.48162 2.48167 2.48167 2.44786 2.39356 2.39356 2.39356 2.39356 2.39356 2.39356 2.39356 2.39356 2.39356 1.77725 1.58871 1.58871 1.58871 1.58871 1.58871 1.58871 1.58871 1.58871 1.58871 1.58871 1.58871 1.59639 1.66486 1.74641 1.82801 1.89444 1.90068 1.90068 1.90068 1.90068 1.90068 1.90068 1.90068 1.90068 1.77607 1.23370 1.23370 1.23370 1.23370 1.23370 1.23370 1.23370 1.23370 1.23370 1.23370 1.23370 1.23370 1.23370 1.23370 1.23370
2.47474 2.47474 2.47474 2.47479 2.47607 2.47793 2.47979 2.48143 2.48167 2.48167 2.48167 2.48167 2.48167 2.48167 2.46702 2.39356 2.39356 2.39356 2.39356 2.39356 2.39356 2.39356 2.39356 2.39356 2.03134 1.58871 1.58871 1.58871 1.58871 1.58871 1.58871 1.58871 1.59146 1.65061 1.73218 1.81370 1.88760 1.90068 1.90068 1.90068 1.90068 1.90068 1.90068 1.90068 1.90068 1.90068 1.90068 1.90068 1.90068 1.89968 1.31787 1.23370 1.23370 1.23370 1.23370 1.23370 1.23370 1.23370 1.23370 1.23370 1.23370 1.23370 1.21322 1.04662 0.851398
2.47554 2.47740 2.47926 2.48109 2.48167 2.48167 2.48167 2.48167 2.48167 2.48167 2.50520 2.55850 2.61184 2.66524 2.71447 2.41325 2.39356 2.39356 2.39356 2.39356 2.39356 2.39356 2.39356 2.39356 2.28470 1.58944 1.58871 1.58871 1.58902 1.63635 1.71793 1.79944 1.87831 1.90068 1.90068 1.90068 1.90068 1.90068 1.90068 1.90068 1.90068 1.90068 1.90068 1.90068 1.90068 1.90068 1.90068 1.90068 1.90068 1.90068 1.52444 1.23370 1.23370 1.23370 1.23370 1.23370 1.23370 1.23370 1.21890 1.06004 0.864782 0.669737 0.495173 0.466638 0.466638
2.48166 2.48167 2.48167 2.48167 2.49201 2.54149 2.59492 2.64823 2.70162 2.75499 2.78480 2.78489 2.78489 2.78489 2.78489 2.55069 2.39356 2.39356 2.39356 2.39356 2.39356 2.39356 2.39356 2.39356 2.39356 1.76041 1.70367 1.78522 1.86645 1.90068 1.90068 1.90068 1.90068 1.90068 1.90068 1.90068 1.90068 1.90068 1.90068 1.90068 1.90068 1.90068 1.90068 1.90068 1.90068 1.90068 1.90068 1.90068 1.90068 1.90068 1.73210 1.23370 1.23370 1.23370 1.22365 1.07354 0.878168 0.683181 0.502844 0.466638 0.466638 0.466638 0.466638 0.466638 0.466638
2.57129 2.63131 2.68464 2.73804 2.78107 2.78489 2.78489 2.78489 2.78489 2.78489 2.78489 2.78489 2.78489 2.78489 2.78489 2.66097 2.39356 2.39356 2.39356 2.39356 2.39356 2.35410 2.16703 1.96581 1.76467 1.77468 1.90068 1.90068 1.90068 1.90068 1.90068 1.90068 1.90068 1.90068 1.90068 1.90068 1.90068 1.90068 1.90068 1.90068 1.90068 1.90068 1.90068 1.90068 1.90068 1.90068 1.90068 1.90068 1.90068 1.90068 1.88965 1.14748 0.891669 0.696604 0.511588 0.466638 0.466638 0.466638 0.466638 0.466638 0.466638 0.466638 0.466638 0.466638 0.466638
2.72636 2.78489 2.78489 2.78489 2.78489 2.78489 2.78489 2.78489 2.78489 2.78489 2.78489 2.78489 2.78489 2.78489 2.78489 2.73817 2.39356 2.38136 2.22275 2.02160 1.82046 1.65878 1.64470 1.64470 1.64470 1.69332 1.90068 1.90068 1.90068 1.90068 1.90068 1.90068 1.90068 1.90068 1.90068 1.90068 1.90068 1.90068 1.90068 1.90068 1.90068 1.90068 1.90068 1.90068 1.90068 1.90068 1.90062 1.88319 1.85213 1.82107 1.79087 0.951547 0.466638 0.466638 0.466638 0.466638 0.466638 0.466638 0.466638 0.466638 0.466638 0.466638 0.466638 0.466638 0.466638
2.64362 2.78489 2.78489 2.78489 2.78489 2.78489 2.78489 2.78489 2.78489 2.78489 2.78489 2.78489 2.78489 2.78463 2.72738 2.62358 1.95704 1.68731 1.64470 1.64470 1.64470 1.64470 1.64470 1.64470 1.64470 1.64514 1.86845 1.90068 1.90068 1.90068 1.90068 1.90068 1.90068 1.90068 1.90068 1.90068 1.90068 1.90068 1.90068 1.90068 1.90068 1.90068 1.90068 1.88853 1.85765 1.82659 1.79557 1.78192 1.78192 1.78192 1.78192 1.35880 0.466638 0.466638 0.466638 0.466638 0.466638 0.466638 0.466638 0.466638 0.466638 0.466638 0.466638 0.466638 0.466638
2.52341 2.78489 2.78489 2.78489 2.78489 2.78489 2.78489 2.78489 2.78489 2.78489 2.75314 2.65474 2.55413 2.45382 2.41046 2.41046 2.01773 1.64470 1.64470 1.64470 1.64470 1.64470 1.64470 1.64470 1.64470 1.64470 1.78849 1.90068 1.90068 1.90068 1.90068 1.90068 1.90068 1.90068 1.90068 1.90068 1.90068 1.90068 1.90068 1.89292 1.86320 1.83212 1.80104 1.78213 1.78192 1.78192 1.78192 1.78192 1.78192 1.78192 1.78192 1.72272 0.509652 0.466638 0.466638 0.466638 0.466638 0.466638 0.466638 0.466638 0.466638 0.466638 0.466638 0.466638 0.466638
2.39939 2.76880 2.78489 2.78489 2.78489 2.78489 2.77148 2.68259 2.58206 2.48141 2.41259 2.41046 2.41046 2.41046 2.41046 2.41046 2.21288 1.64470 1.64470 1.64470 1.64470 1.64470 1.64470 1.64470 1.64470 1.64470 1.70802 1.90068 1.90068 1.90068 1.90068 1.90068 1.90068 1.90068 1.90068 1.89634 1.86872 1.83766 1.80657 1.78326 1.78192 1.78192 1.78192 1.78192 1.78192 1.78192 1.78192 1.78192 1.78192 1.78192 1.78192 1.78192 0.857525 0.466638 0.466638 0.466638 0.466638 0.466638 0.466638 0.466638 0.466638 0.466638 0.466638 0.466638 0.466638
2.39356 2.70417 2.78204 2.71049 2.60992 2.50931 2.42218 2.41046 2.41046 2.41046 2.41046 2.41046 2.41046 2.39112 2.33354 2.27489 2.16525 1.64470 1.64470 1.64470 1.64470 1.64470 1.64470 1.64470 1.64470 1.64470 1.64803 1.88028 1.90068 1.90068 1.90068 1.89878 1.87425 1.84318 1.81210 1.78536 1.78192 1.78192 1.78192 1.78192 1.78192 1.78192 1.78192 1.78192 1.78192 1.78192 1.78192 1.78192 1.78192 1.78192 1.78192 1.78192 1.26483 0.466638 0.466638 0.466638 0.466638 0.466638 0.466638 0.466638 0.466638 0.490976 0.607581 0.732974 0.858465
2.11219 2.25524 2.43952 2.41046 2.41046 2.41046 2.41046 2.40357 2.35258 2.29396 2.23534 2.17656 2.11804 2.07863 2.07760 2.07760 2.07758 1.74254 1.64470 1.64470 1.64470 1.64470 1.64470 1.64470 1.64470 1.64470 1.64470 1.80269 1.87979 1.84871 1.81763 1.78847 1.78192 1.78192 1.78192 1.78192 1.78192 1.78192 1.78192 1.78192 1.78192 1.78192 1.78192 1.78192 1.78192 1.78192 1.78192 1.78192 1.78192 1.78192 1.78192 1.78192 1.66130 0.477292 0.466638 0.466638 0.466638 0.486089 0.599288 0.724878 0.850172 0.951423 0.960309 0.960309 0.960309
1.64470 1.80598 2.37171 2.31303 2.25442 2.19577 2.13705 2.08539 2.07760 2.07760 2.07760 2.07760 2.07760 2.07760 2.07760 2.07760 2.07760 1.89066 1.64470 1.64470 1.64470 1.64470 1.64470 1.64470 1.75658 2.02963 2.30409 2.31497 1.78192 1.78192 1.78192 1.78192 1.78192 1.78192 1.78192 1.78192 1.78192 1.78192 1.78192 1.78192 1.78192 1.78192 1.78192 1.78192 1.78192 1.78192 1.78192 1.78192 1.78192 1.78192 1.78192 1.78192 1.78192 0.779047 0.591093 0.716584 0.842075 0.948017 0.960309 0.960309 0.960309 0.960309 0.960309 0.960309 0.960309
