High_resolution/powerplant/Fengdu/OMI_NO2_200711.asc
ncols      200
nrows      200
xllcorner       105.978
yllcorner       28.1831
cellsize     0.0166667
NODATA_Value      -999.000
[rows 58 to 86 of 200, columns 132 to 197 of 200]
2.23105 2.25030 2.39617 2.99209 3.08759 3.08119 3.03285 3.01099 2.98872 2.93879 2.88617 2.85210 2.50401 2.51014 2.32252 2.28377 2.27755 2.28273 2.14874 2.15330 2.08587 1.95908 1.95908 1.95898 1.84379 1.72086 1.72086 1.72079 1.60438 1.03750 0.924115 0.922582 0.922582 0.941737 0.944435 0.944435 0.944435 0.948299 0.982741 1.00177 1.02052 1.06899 1.11422 1.13725 0.883300 0.970582 0.947277 0.913807 0.800026 0.738518 0.738518 0.738518 0.738518 0.738518 0.738518 0.738518 0.738518 0.738518 0.738518 0.752669 0.773283 0.719928 0.669017 0.656440 0.753222 0.764717
3.02064 3.21994 3.34293 3.20320 3.12454 3.06408 2.91786 2.88568 2.85046 2.81297 2.74478 2.74832 2.58389 2.50712 2.33084 2.30558 2.30558 2.30558 2.20306 2.15501 2.14271 1.96311 1.95908 1.95908 1.91074 1.72088 1.72086 1.72086 1.65185 1.19258 0.969131 1.02287 1.10324 1.15024 1.16292 1.18157 1.20027 1.21505 1.19935 1.23392 1.32813 1.40794 1.31651 1.34544 1.18689 0.970868 0.797933 0.809600 0.790330 0.745800 0.753003 0.759956 0.766521 0.770067 0.772113 0.773952 0.775574 0.777035 0.778370 0.779383 0.796577 0.782262 0.734747 0.740675 0.817441 0.888307
3.47580 3.47580 3.48128 3.30309 3.10907 3.07065 2.86275 2.86930 2.88105 2.87914 2.82342 2.82190 2.72743 2.49073 2.40050 2.30558 2.30558 2.30558 2.24318 2.15501 2.15501 2.01161 1.95908 1.95069 1.91503 1.70248 1.63838 1.61409 1.53716 1.51101 1.47436 1.32249 1.26468 1.21744 1.19895 1.25307 1.35164 1.45388 1.54903 1.60688 1.61426 1.61001 1.36562 1.32757 1.20472 0.940155 0.678637 0.666695 0.749207 0.815158 0.810682 0.806504 0.802691 0.801568 0.801568 0.801568 0.801568 0.801568 0.801568 0.800576 0.806715 0.810489 0.749326 0.746488 0.783397 0.875451
3.54561 3.54270 3.53348 3.39333 3.08065 3.08065 2.91518 2.88105 2.88105 2.88105 2.83516 2.82190 2.81174 2.50162 2.44977 2.30558 2.29629 2.27806 2.23386 2.08198 2.05976 1.95101 1.81125 1.78972 1.75910 1.59289 1.44073 1.41278 1.37404 1.38614 1.42178 1.29048 1.41259 1.52266 1.55036 1.58567 1.57594 1.56008 1.54427 1.52843 1.51231 1.49504 1.32402 1.22686 1.19590 0.850468 0.665914 0.605848 0.699222 0.790971 0.801568 0.801568 0.801568 0.801568 0.801568 0.801568 0.801568 0.801568 0.801568 0.801568 0.802693 0.811408 0.758254 0.723088 0.720430 0.904699
3.52100 3.52926 3.52926 3.50880 3.09297 3.08065 2.95846 2.88311 2.89250 2.88912 2.81208 2.72542 2.68982 2.42279 2.29978 2.14386 2.13006 2.12519 2.11774 1.93682 1.89746 1.85649 1.66511 1.64964 1.64701 1.56766 1.38121 1.46798 1.56756 1.63158 1.89923 1.71119 1.68707 1.68707 1.52242 1.47889 1.47734 1.47613 1.47498 1.47387 1.47295 1.47282 1.40162 1.23918 1.23666 0.932161 0.730964 0.605307 0.673603 0.764683 0.801568 0.801568 0.801568 0.801568 0.801568 0.801568 0.799432 0.790672 0.781412 0.769155 0.745547 0.754975 0.770686 0.825110 0.872524 1.09394
3.52657 3.61306 3.61255 3.58563 3.21004 3.08159 2.98281 2.83835 2.80820 2.79095 2.71319 2.54570 2.54570 2.41257 2.21558 2.10816 2.06652 2.05042 2.03602 1.91429 1.84425 1.84425 1.71927 1.73902 1.76361 1.76091 1.75148 1.76523 1.75936 1.67655 1.81948 1.74986 1.66047 1.65473 1.54466 1.47282 1.47340 1.47519 1.47706 1.47895 1.48088 1.48284 1.47559 1.24729 1.23640 1.04593 0.795188 0.606011 0.647590 0.740599 0.801568 0.798353 0.789236 0.779971 0.770726 0.751537 0.735717 0.748208 0.761295 0.777432 0.805123 0.833003 0.845434 0.934271 0.940110 1.10190
3.50330 3.43688 3.40967 3.40905 3.18690 2.97762 2.95215 2.79089 2.79089 2.73842 2.60801 2.27701 2.16850 2.07477 2.10762 2.02868 1.91430 1.86697 1.81340 1.75776 1.73924 1.67282 1.68563 1.67586 1.59307 1.52958 1.54045 1.51607 1.46702 1.43405 1.63149 1.83709 1.69523 1.70003 1.63534 1.50107 1.50266 1.50270 1.50270 1.50270 1.50270 1.50270 1.50270 1.31796 1.23568 1.14220 0.870192 0.793035 0.870038 0.702976 0.758789 0.736184 0.740451 0.753571 0.766691 0.789739 0.811531 0.811710 0.811710 0.811710 0.811710 0.831330 0.843138 0.916000 0.940242 1.00222
3.61317 3.40524 3.40905 3.40905 3.27516 2.83238 2.70873 2.44217 2.27390 2.16190 2.10068 1.82830 1.73307 1.67136 1.70297 1.66027 1.49001 1.37406 1.23972 1.14436 1.11538 1.03302 0.996857 1.13631 1.13631 1.20607 1.40019 1.47650 1.47650 1.45933 1.52394 1.92252 1.72124 1.71360 1.69901 1.50506 1.50270 1.50270 1.50270 1.50270 1.50270 1.52708 1.58936 1.54664 1.43690 1.48779 1.37662 1.21482 1.12367 0.803954 0.760907 0.802991 0.811710 0.811710 0.811710 0.811710 0.811710 0.811710 0.811710 0.811710 0.811710 0.821193 0.834728 0.865008 0.901991 0.920713
3.63067 3.03506 2.87696 2.67577 2.50136 2.11521 2.06168 1.86692 1.77991 1.77407 1.76362 1.54734 1.35401 1.24651 1.19493 1.17740 0.942040 0.923528 0.923528 0.923530 0.945220 0.948727 0.948952 1.11223 1.13631 1.15971 1.36679 1.47185 1.47650 1.47142 1.43399 1.88710 1.77702 1.71259 1.69103 1.48884 1.45378 1.51790 1.58482 1.65472 1.72788 1.77406 1.73879 1.64473 1.39369 1.36050 1.28657 1.19628 1.17518 0.986983 0.771675 0.811710 0.811710 0.811187 0.808935 0.807642 0.823634 0.857831 0.890480 0.921648 0.951481 0.963683 0.828464 0.843200 0.905635 0.937511
2.85055 2.32321 2.35378 2.35378 2.35378 2.08014 1.97001 1.76863 1.54413 1.44309 1.34639 1.19441 1.02751 1.02751 1.05058 1.13689 0.962143 0.923528 0.923528 0.923528 0.938169 0.948727 0.948727 1.05444 1.13631 1.13633 1.33776 1.46725 1.52201 1.54513 1.52182 1.69109 1.73035 1.76131 1.87746 1.83297 1.77374 1.77091 1.72150 1.64688 1.56578 1.48484 1.43945 1.42647 1.31615 1.27924 1.25629 1.13605 1.10193 1.09604 0.786859 0.884524 0.915391 0.945624 0.978885 1.01181 1.02927 1.02927 1.02927 1.02927 1.02927 1.02927 0.879242 0.852563 0.917674 0.936079
2.89905 2.37280 2.21423 2.15443 2.09560 1.83837 1.53492 1.47493 1.30773 1.30773 1.30773 1.25805 1.02751 1.02751 1.02831 1.12586 1.01845 0.923528 0.923528 0.926737 0.954024 0.996579 1.01972 1.09057 1.25354 1.27400 1.45091 1.58627 1.64033 1.64386 1.59934 1.58591 1.76442 1.99346 1.91402 1.73601 1.47356 1.39622 1.36427 1.35416 1.34950 1.34483 1.34017 1.33540 1.26451 1.18048 1.17053 1.18543 1.21380 1.31116 1.00340 1.02924 1.02927 1.02927 1.02927 1.02927 1.02927 1.02927 1.02927 1.02927 1.02927 1.02927 0.930557 0.852340 0.898359 0.977846
3.03525 2.57191 2.07499 2.04078 2.04078 1.95641 1.52501 1.52059 1.31569 1.30773 1.30773 1.30523 1.03633 0.985227 0.946909 0.975807 0.978426 1.00046 1.01566 1.02771 1.02860 1.06033 1.04467 1.02932 1.20018 1.20471 1.31396 1.50596 1.60479 1.57668 1.45622 1.28621 1.26629 1.51031 1.52924 1.50292 1.33732 1.32901 1.32242 1.31839 1.31525 1.31193 1.30839 1.30480 1.27724 1.14347 1.14347 1.22237 1.26485 1.27921 1.13873 1.01529 1.02927 1.02927 1.02927 1.02927 1.02927 1.02927 1.02927 1.03613 1.06807 1.10228 1.09964 1.08583 1.18694 1.19707
3.17831 2.71390 2.07765 1.97807 1.96106 1.93970 1.42734 1.31900 1.12350 1.03452 0.986197 0.937854 0.784713 0.735305 0.735305 0.770693 0.856103 0.993174 0.982384 0.969128 0.954981 0.968919 0.972911 0.972911 1.11380 1.14051 1.10847 1.21269 1.22490 1.19189 1.16014 1.08526 1.06225 1.31858 1.47096 1.47245 1.34821 1.30472 1.30383 1.30383 1.30383 1.30383 1.30383 1.30383 1.30379 1.16578 1.14347 1.18710 1.27127 1.24922 1.27438 0.989756 1.02927 1.02927 1.03983 1.07326 1.10749 1.14168 1.20057 1.27691 1.32715 1.37240 1.40778 1.32838 1.32408 1.20890
2.87020 2.45233 1.86090 1.64639 1.60703 1.57090 1.23431 1.04833 0.965560 0.899147 0.899147 0.899147 0.821652 0.740049 0.743413 0.749983 0.757170 0.907760 0.959596 0.976918 0.993728 0.977626 0.941602 0.929241 0.909657 0.881544 0.884591 1.04893 1.10918 1.16717 1.16537 1.08707 1.02401 1.17240 1.47601 1.47601 1.38971 1.30383 1.30383 1.30383 1.30383 1.30383 1.30383 1.30383 1.30383 1.21454 1.14347 1.15112 1.26968 1.23991 1.31076 1.05193 1.14724 1.18576 1.24690 1.29278 1.33629 1.37812 1.39670 1.39358 1.39219 1.39219 1.40134 1.35019 1.32755 1.24709
2.38414 2.15074 1.78256 1.58929 1.56410 1.56410 1.36945 1.05217 1.01630 0.918092 0.929891 0.955296 0.928006 0.804772 0.830356 0.858747 0.886743 1.01195 1.10452 1.10773 1.11118 1.08803 1.02632 1.04023 1.05286 1.03247 1.04643 1.05218 1.06914 1.16555 1.16566 1.10441 1.03563 1.05408 1.45591 1.47601 1.43403 1.30383 1.30383 1.30383 1.30383 1.30383 1.30383 1.30383 1.28640 1.20791 1.05902 1.02082 1.07608 1.09399 1.20995 1.25829 1.34501 1.38399 1.39199 1.39219 1.39219 1.39219 1.39219 1.39219 1.39219 1.39219 1.39410 1.37746 1.32811 1.31088
2.38414 2.28746 1.83357 1.66854 1.58594 1.56377 1.48380 1.21095 1.22128 1.17943 1.21347 1.23336 1.23875 1.02963 1.02224 1.03089 1.04266 1.10407 1.21160 1.21076 1.21032 1.20216 1.09218 1.09103 1.09103 1.06337 1.05218 1.05218 1.05218 1.14784 1.16566 1.12308 1.05822 1.02505 1.35441 1.47601 1.47160 1.31305 1.31388 1.30421 1.26853 1.23427 1.20162 1.17048 1.15491 1.14844 1.08819 1.11114 1.13797 1.21312 1.30397 1.37301 1.37866 1.39219 1.39219 1.39219 1.39219 1.40165 1.42646 1.44500 1.44666 1.44745 1.44831 1.49590 1.60014 1.61138
2.35440 2.36139 1.79761 1.48528 1.32284 1.32284 1.32284 1.28090 1.27230 1.28549 1.30516 1.32643 1.35233 1.16972 1.13841 1.13966 1.13966 1.12893 1.20541 1.21032 1.21032 1.21032 1.11492 1.09103 1.09103 1.07531 1.05218 1.05218 1.05218 1.11503 1.17742 1.17511 1.13708 1.07013 1.26773 1.43655 1.40031 1.25946 1.18128 1.15695 1.15572 1.14650 1.11574 1.07447 1.02884 0.993899 1.10572 1.16574 1.14254 1.23941 1.32067 1.46830 1.44115 1.49461 1.49604 1.49743 1.49885 1.48952 1.46220 1.44168 1.44068 1.44068 1.44068 1.46949 1.64794 1.65518
2.28756 2.28756 1.89656 1.55871 1.39309 1.39569 1.42119 1.41418 1.41881 1.42639 1.42639 1.42639 1.42639 1.26221 1.13966 1.13966 1.13966 1.13966 1.18153 1.21032 1.21032 1.21032 1.14603 1.10767 1.13367 1.15567 1.14699 1.17279 1.19874 1.24273 1.31485 1.30872 1.23932 1.15711 1.19156 1.34274 1.35080 1.28265 1.18058 1.15388 1.12283 1.09987 1.11749 1.16690 1.21568 1.26092 1.35660 1.45627 1.42599 1.45786 1.44626 1.53097 1.41365 1.44074 1.44068 1.44068 1.44068 1.44068 1.44068 1.44068 1.44068 1.44068 1.44068 1.45376 1.60271 1.65518
2.33381 2.30994 2.17888 1.73233 1.53551 1.48786 1.48786 1.46781 1.42639 1.42639 1.42639 1.42639 1.42639 1.32804 1.13966 1.14006 1.16057 1.19910 1.25803 1.33597 1.37398 1.41332 1.41669 1.34400 1.35332 1.35267 1.31786 1.30830 1.30761 1.30934 1.37489 1.38165 1.31331 1.22493 1.19784 1.34095 1.38144 1.34693 1.27941 1.32965 1.38400 1.42321 1.42923 1.39975 1.37195 1.34679 1.33129 1.41533 1.39312 1.33921 1.34880 1.45139 1.41378 1.44032 1.44068 1.44068 1.44068 1.44068 1.44068 1.44068 1.44068 1.44068 1.43964 1.43708 1.54101 1.63260
2.22218 2.22211 2.19782 1.77447 1.56486 1.46090 1.43909 1.41285 1.33464 1.32933 1.33797 1.34666 1.35536 1.36255 1.47403 1.53233 1.56601 1.56981 1.54740 1.56896 1.54891 1.52608 1.49953 1.36484 1.35150 1.35021 1.33150 1.31159 1.31889 1.33084 1.37658 1.39561 1.30966 1.22161 1.11429 1.31171 1.42938 1.39886 1.37143 1.34616 1.32325 1.31454 1.31454 1.31454 1.31454 1.31454 1.31454 1.39413 1.41268 1.33889 1.34110 1.42095 1.45217 1.42476 1.44068 1.44068 1.44068 1.43903 1.43371 1.42826 1.42289 1.42133 1.39617 1.36081 1.36586 1.42656
2.04040 2.01858 2.03326 1.80319 1.42761 1.33652 1.36011 1.39057 1.37184 1.37299 1.37299 1.37299 1.37299 1.37299 1.54050 1.56981 1.56981 1.56969 1.46503 1.46691 1.46948 1.46906 1.46846 1.40223 1.37192 1.35236 1.34084 1.42842 1.43699 1.44045 1.44757 1.45470 1.38997 1.30849 1.07874 1.12761 1.31454 1.31454 1.31454 1.31454 1.31454 1.31454 1.31454 1.31454 1.31454 1.31454 1.31454 1.36452 1.41707 1.35373 1.34110 1.38509 1.47611 1.39303 1.42737 1.42197 1.41868 1.41557 1.38539 1.35173 1.31794 1.28037 1.26744 1.26871 1.27001 1.36925
2.37478 2.42825 2.46616 2.36771 1.72294 1.47431 1.43446 1.43446 1.40146 1.37299 1.37299 1.37299 1.37299 1.37295 1.48856 1.57680 1.58171 1.58720 1.47357 1.43961 1.42159 1.38300 1.34508 1.31371 1.31423 1.31957 1.32499 1.44462 1.47495 1.47862 1.47862 1.47862 1.44605 1.31654 1.13912 1.07691 1.29569 1.31454 1.31454 1.31454 1.31454 1.31454 1.31454 1.31454 1.31454 1.31454 1.31454 1.30917 1.34597 1.25280 1.19703 1.17733 1.28921 1.33308 1.37646 1.34272 1.30689 1.27251 1.26887 1.26887 1.26887 1.26887 1.26887 1.26887 1.26918 1.33679
2.54825 2.46653 2.46653 2.42322 1.90785 1.50974 1.43446 1.44056 1.43243 1.36143 1.35612 1.35035 1.34405 1.33722 1.42566 1.58573 1.51122 1.43529 1.31146 1.26778 1.32408 1.32942 1.33477 1.33828 1.33836 1.33836 1.33836 1.40715 1.47862 1.47862 1.47862 1.47862 1.47765 1.32552 1.20333 1.07161 1.22857 1.31454 1.31454 1.31454 1.31319 1.28782 1.23193 1.14383 1.05543 0.966518 0.878145 0.812785 0.974495 1.05032 1.16026 1.17206 1.12963 1.12997 1.26802 1.26887 1.26887 1.26887 1.26887 1.26887 1.26750 1.25014 1.22757 1.20135 1.17371 1.15058
2.56673 2.46227 2.47126 2.49704 2.16519 1.61280 1.52204 1.52688 1.52136 1.34149 1.33445 1.31108 1.26057 1.20997 1.18576 1.29665 1.29523 1.29523 1.28423 1.24556 1.33836 1.33836 1.33836 1.33836 1.33836 1.33836 1.33836 1.36711 1.47862 1.47862 1.47862 1.47862 1.47862 1.33808 1.18993 0.984866 1.04950 1.14915 1.06103 0.972679 0.885600 0.822604 0.790117 0.792816 0.805536 0.817757 0.828777 0.838123 0.941694 1.04390 1.18273 1.20085 1.13110 1.06124 1.16301 1.15683 1.12745 1.09545 1.06392 1.03303 1.00384 0.989383 0.979725 0.973426 0.967775 0.933146
2.28998 2.51261 2.51265 2.53374 2.40572 1.67670 1.55892 1.50359 1.46565 1.27203 1.15160 1.12437 1.12433 1.12433 1.12599 1.28336 1.29523 1.29523 1.29523 1.23029 1.33253 1.33836 1.33836 1.33836 1.33836 1.33836 1.31612 1.24167 1.23616 1.13896 1.03463 0.930155 0.855089 0.870490 0.942269 1.06762 1.16518 0.834086 0.842572 0.860818 0.883233 0.903374 0.921554 0.937032 0.948349 0.957966 0.955132 0.949602 0.983669 1.11254 1.17721 1.18967 1.07453 0.874348 0.930995 0.968567 0.965496 0.965345 0.965345 0.965345 0.965345 0.965345 0.965345 0.965345 0.965345 0.940597
2.19586 2.42999 2.39877 2.32166 2.24391 1.75830 1.46284 1.36932 1.36932 1.26760 1.12433 1.12433 1.12433 1.12433 1.12433 1.23579 1.29523 1.29523 1.29523 1.23970 1.22493 1.15276 1.07436 0.996101 0.917857 0.839509 0.783387 0.794295 0.858925 0.960721 1.06939 1.17807 1.25751 1.28495 1.35040 1.35742 1.38140 1.08046 0.999151 0.990950 0.960858 0.945305 0.930469 0.916365 0.894420 0.864151 0.843448 0.824768 0.807201 0.934602 0.996397 1.11930 1.11977 0.865547 0.897075 0.965345 0.965345 0.965345 0.965345 0.965345 0.965345 0.965345 0.965345 0.965345 0.965345 0.952332
1.89833 2.08637 2.11395 2.08886 2.06911 1.89660 1.49036 1.37010 1.36938 1.32890 1.13445 1.14049 1.14043 1.12075 1.09752 1.11570 1.12941 1.06572 0.985229 0.945126 0.871370 0.781047 0.787710 0.854902 0.936446 1.01803 1.09957 1.16779 1.19905 1.26129 1.25929 1.24559 1.23178 1.22457 1.29393 1.29647 1.33529 1.17614 0.990119 0.947989 0.843067 0.824409 0.805886 0.787194 0.776766 0.776733 0.776733 0.776733 0.776733 0.875544 0.967677 1.09557 1.13140 0.900358 0.858217 0.943123 0.938865 0.933627 0.928460 0.923387 0.917641 0.909868 0.901772 0.891962 0.850865 0.799394
1.84374 2.02422 2.12330 2.12030 2.08052 2.08683 1.54334 1.42893 1.39136 1.37764 1.06794 0.999696 0.962329 0.959842 0.959842 0.952939 0.917562 0.917562 0.917562 0.918857 1.29656 1.08648 1.16097 1.17536 1.17536 1.17536 1.18716 1.23536 1.28885 1.22133 1.20750 1.20622 1.20602 1.20549 1.27625 1.29147 1.26775 1.15221 0.865739 0.865501 0.784091 0.776733 0.776733 0.776733 0.776733 0.776733 0.776733 0.776733 0.776733 0.784260 0.859254 0.963297 1.02113 0.885743 0.795110 0.866269 0.879648 0.875943 0.872036 0.857750 0.812497 0.773230 0.731900 0.689146 0.679061 0.678986
1.77712 1.83786 1.89783 1.82903 1.61483 1.52237 1.52086 1.43571 1.34133 1.34133 1.10912 0.959842 0.959842 0.959842 0.959842 0.958512 0.918250 0.917562 0.917562 0.917562 1.58411 1.22028 1.19284 1.24287 1.29356 1.34430 1.38306 1.38510 1.38456 1.25418 1.20396 1.20342 1.20308 1.20307 1.25714 1.28874 1.27104 1.20450 0.899879 0.865725 0.804464 0.776733 0.776733 0.776733 0.776733 0.776733 0.776733 0.776733 0.776733 0.753099 0.840688 0.908529 0.990143 0.903190 0.749053 0.781400 0.791031 0.751166 0.708439 0.674366 0.676112 0.676402 0.676402 0.676402 0.676402 0.676402
