High_resolution/powerplant/Fengdu/OMI_NO2_200901.asc
ncols      200
nrows      200
xllcorner       105.978
yllcorner       28.1831
cellsize     0.0166667
NODATA_Value      -999.000
[rows 116 to 144 of 200, columns 66 to 131 of 200]
3.26277 3.12994 3.12592 3.12592 3.12592 3.12592 3.12592 3.12592 3.12592 3.12592 3.12592 3.12592 3.12592 3.12592 3.12592 3.21959 4.09071 4.09546 4.09546 4.09546 4.09546 4.09546 4.09546 4.09546 4.09546 4.09546 4.09546 4.09546 4.09546 4.09546 4.09546 4.09546 4.07573 2.93711 1.97012 2.07200 2.17453 2.26964 2.28950 2.28950 2.28950 2.28950 2.28950 2.28950 2.28950 2.28950 2.28950 2.28950 2.28950 2.28950 2.21158 2.05135 2.05135 2.05135 2.05135 2.05135 2.05135 2.05135 2.05135 2.05135 2.05135 2.05135 2.05135 2.05135 2.05135 2.05135
3.12592 3.12592 3.12592 3.12592 3.12592 3.12592 3.12592 3.12592 3.12592 3.12592 3.12592 3.12592 3.12592 3.12592 3.12592 3.12592 3.90211 4.09546 4.09546 4.09546 4.09546 4.09546 4.09546 4.09546 4.09546 4.09546 4.09546 4.09129 3.85252 3.47706 3.10153 2.72634 2.37062 2.28586 2.28950 2.28950 2.28950 2.28950 2.28950 2.28950 2.28950 2.28950 2.28950 2.28950 2.28950 2.28950 2.28950 2.28950 2.28950 2.28950 2.27514 2.05552 2.05135 2.05135 2.05135 2.05135 2.05135 2.05135 2.05135 2.05135 2.05135 2.05135 2.05135 2.05135 2.05135 2.05122
3.12592 3.12592 3.12592 3.12592 3.12592 3.12592 3.12592 3.12592 3.12592 3.12592 3.12592 3.12592 3.12592 3.12592 3.12592 3.12592 3.61980 4.09546 4.09546 4.09546 4.09546 4.09546 4.09546 3.91841 3.54332 3.16823 2.79260 2.42149 2.28517 2.28517 2.28517 2.28517 2.28517 2.28517 2.28894 2.28950 2.28950 2.28950 2.28950 2.28950 2.28950 2.28950 2.28950 2.28950 2.28950 2.28950 2.28950 2.28950 2.28950 2.28950 2.28950 2.10917 2.05135 2.05135 2.05135 2.05135 2.05135 2.05135 2.05135 2.05135 2.05017 2.01623 1.96753 1.91889 1.87020 1.82165
3.12592 3.12592 3.12592 3.12592 3.12592 3.12592 3.12592 3.12592 3.12592 3.12592 3.12592 3.12592 3.12592 3.12592 3.12592 3.12592 3.33748 4.09546 3.97725 3.60976 3.23431 2.85903 2.48376 2.28517 2.28517 2.28517 2.28517 2.28517 2.28517 2.28517 2.28517 2.28517 2.28517 2.28517 2.28769 2.28950 2.28950 2.28950 2.28950 2.28950 2.28950 2.28950 2.28950 2.28950 2.28950 2.28950 2.28950 2.28950 2.28950 2.28950 2.28950 2.17724 2.05135 2.05135 2.05135 2.04809 2.00922 1.96050 1.91188 1.86316 1.81575 1.80100 1.80100 1.80100 1.80100 1.80100
3.12592 3.12592 3.12592 3.12592 3.12592 3.12592 3.12592 3.12592 3.12592 3.12592 3.12592 3.12592 3.12592 3.11790 3.06430 3.00360 2.95165 2.59562 2.29314 2.28517 2.28517 2.28517 2.28517 2.28517 2.28517 2.28517 2.28517 2.28517 2.28517 2.28517 2.28517 2.28517 2.28517 2.28517 2.28644 2.28950 2.28950 2.28950 2.28950 2.28950 2.28950 2.28950 2.28950 2.28950 2.28950 2.28950 2.28950 2.28950 2.28950 2.28950 2.27677 2.13942 1.95356 1.90490 1.85623 1.81079 1.80100 1.80100 1.80100 1.80100 1.80100 1.80100 1.80100 1.80100 1.80100 1.80100
3.12592 3.12592 3.12592 3.12592 3.12592 3.12592 3.12592 3.12592 3.12470 3.08340 3.02267 2.96193 2.90119 2.84845 2.84131 2.84131 2.84131 2.48776 2.28517 2.28517 2.28517 2.28517 2.28517 2.28517 2.28517 2.28517 2.28517 2.28517 2.28517 2.28517 2.28517 2.28517 2.28517 2.28517 2.28534 2.28936 2.28950 2.28950 2.28950 2.28950 2.28950 2.28950 2.28950 2.28950 2.28950 2.27813 2.17810 2.06004 1.94116 1.82310 1.71695 1.70041 1.79065 1.80100 1.80100 1.80100 1.80100 1.80100 1.80100 1.80100 1.80100 1.80100 1.80100 1.80100 1.80100 1.80100
3.12592 3.12592 3.12592 3.12592 3.10207 3.04173 2.98103 2.92023 2.86075 2.84131 2.84131 2.84131 2.84131 2.84131 2.84131 2.84131 2.84131 2.64989 2.28517 2.28517 2.28517 2.28517 2.28517 2.28517 2.28517 2.28517 2.28517 2.28517 2.28517 2.28517 2.28517 2.28517 2.28517 2.28517 2.28517 2.28827 2.28950 2.28950 2.28950 2.28950 2.27936 2.18140 2.06258 1.94446 1.82563 1.71889 1.70009 1.70009 1.70009 1.70009 1.70009 1.70009 1.76222 1.80100 1.80100 1.80100 1.80100 1.80100 1.80100 1.80100 1.80100 1.80100 1.80100 1.80100 1.80100 1.80100
3.06083 3.00007 2.93936 2.87862 2.84168 2.84131 2.84131 2.84131 2.84131 2.84131 2.84131 2.84131 2.84131 2.84131 2.84131 2.84131 2.84131 2.80382 2.29340 2.28517 2.28517 2.28517 2.28517 2.28517 2.28517 2.28517 2.28517 2.28517 2.28517 2.28517 2.28517 2.28517 2.28517 2.28517 2.28517 2.27837 2.18400 2.06582 1.94705 1.82888 1.72025 1.70009 1.70009 1.70009 1.70009 1.70009 1.70009 1.70009 1.70009 1.70009 1.70009 1.70009 1.73339 1.80100 1.80100 1.80100 1.80100 1.80100 1.80100 1.80100 1.80100 1.80100 1.80100 1.80100 1.80100 1.80100
2.80157 2.84131 2.84131 2.84131 2.84131 2.84131 2.84131 2.84131 2.84131 2.84131 2.84131 2.84131 2.84131 2.84131 2.84131 2.84131 2.84131 2.84131 2.41792 2.28517 2.28517 2.28517 2.28517 2.28517 2.28517 2.28517 2.28517 2.28517 2.28517 2.28517 2.28455 2.26623 2.23984 2.21348 2.18705 2.09825 1.70009 1.70009 1.70009 1.70009 1.70009 1.70009 1.70009 1.70009 1.70009 1.70009 1.70009 1.70009 1.70009 1.70009 1.70009 1.70009 1.70633 1.79934 1.80100 1.80100 1.80100 1.80100 1.80100 1.80100 1.80100 1.80100 1.80100 1.80100 1.80100 1.80100
2.58696 2.84131 2.84131 2.84131 2.84131 2.84131 2.84131 2.84131 2.84131 2.84131 2.84131 2.84131 2.84131 2.84131 2.84131 2.84131 2.84131 2.84131 2.58015 2.28517 2.28517 2.28517 2.28517 2.28517 2.28517 2.28514 2.27067 2.24430 2.21790 2.19153 2.16575 2.15770 2.15770 2.15770 2.15770 2.15770 1.76702 1.70009 1.70009 1.70009 1.70009 1.70009 1.70009 1.70009 1.70009 1.70009 1.70009 1.70009 1.70009 1.70009 1.70009 1.70009 1.70009 1.77678 1.80100 1.80100 1.80100 1.80100 1.80100 1.80100 1.80100 1.80100 1.80100 1.80329 1.87590 1.98199
2.35144 2.84131 2.84131 2.84131 2.84131 2.84131 2.84131 2.84131 2.84131 2.84131 2.84131 2.84131 2.84131 2.84131 2.84131 2.84131 2.84131 2.84131 2.74221 2.28517 2.28517 2.27492 2.24873 2.22236 2.19598 2.16961 2.15770 2.15770 2.15770 2.15770 2.15770 2.15770 2.15770 2.15770 2.15770 2.15770 1.89824 1.70009 1.70009 1.70009 1.70009 1.70009 1.70009 1.70009 1.70009 1.70009 1.70009 1.70009 1.70009 1.70009 1.70009 1.70009 1.70009 1.74800 1.80100 1.80100 1.80100 1.80100 1.80726 1.89049 1.99642 2.10240 2.20833 2.31208 2.34534 2.34534
2.11971 2.83762 2.84131 2.84131 2.84131 2.84131 2.84131 2.84131 2.84131 2.84131 2.84131 2.84131 2.84131 2.84131 2.84131 2.84131 2.76869 2.41433 2.03096 2.09849 2.17405 2.15789 2.15770 2.15770 2.15770 2.15770 2.15770 2.15770 2.15770 2.15770 2.15770 2.15770 2.15770 2.15770 2.15770 2.15770 2.02957 1.70009 1.70009 1.70009 1.70009 1.70009 1.70009 1.70009 1.70009 1.70009 1.70009 1.70009 1.70009 1.70009 1.70009 1.70009 1.70009 1.73251 1.90497 2.01090 2.11688 2.22286 2.32253 2.34534 2.34534 2.34534 2.34534 2.34534 2.34534 2.34534
2.03989 2.68178 2.84131 2.84131 2.84131 2.84131 2.84131 2.84131 2.84131 2.84131 2.84131 2.82597 2.54191 2.15936 1.77717 1.39480 1.08505 1.05704 1.05704 1.71424 2.15770 2.15770 2.15770 2.15770 2.15770 2.15770 2.15770 2.15770 2.15770 2.15770 2.15770 2.15770 2.15770 2.15770 2.15770 2.15770 2.14283 1.71812 1.70009 1.70009 1.70009 1.70009 1.70009 1.70009 1.70009 1.70009 1.70009 1.70009 1.71322 1.82141 1.94945 2.07635 2.20325 2.31648 2.34428 2.34534 2.34534 2.34534 2.34534 2.34534 2.34534 2.34534 2.34534 2.34534 2.34534 2.34534
2.03989 2.44641 2.84131 2.84131 2.84131 2.84131 2.84131 2.66770 2.28551 1.90332 1.52179 1.15517 1.05704 1.05704 1.05704 1.05704 1.05704 1.05704 1.05704 1.39535 2.15770 2.15770 2.15770 2.15770 2.15770 2.15770 2.15770 2.15770 2.15770 2.15770 2.15770 2.15770 2.15770 2.15770 2.15770 2.15770 2.15770 1.83453 1.70009 1.70009 1.70009 1.70009 1.70009 1.71265 1.82001 1.94710 2.07508 2.20198 2.31574 2.33459 2.33459 2.33459 2.33459 2.33459 2.34126 2.34534 2.34534 2.34534 2.34534 2.34534 2.34534 2.34534 2.34534 2.34534 2.34534 2.34534
2.03989 2.21083 2.76780 2.41308 2.03072 1.64852 1.26598 1.05739 1.05704 1.05704 1.05704 1.05704 1.05704 1.05704 1.05704 1.05704 1.05704 1.05704 1.05704 1.10722 2.12699 2.15770 2.15770 2.15770 2.15770 2.15770 2.15770 2.15770 2.15770 2.15770 2.15770 2.15770 2.15770 2.15770 2.15770 2.15770 2.15770 1.96578 1.71208 1.81874 1.94564 2.07279 2.20071 2.31505 2.33459 2.33459 2.33459 2.33459 2.33459 2.33459 2.33459 2.33459 2.33459 2.33459 2.33821 2.34534 2.34534 2.34534 2.34534 2.34534 2.34534 2.34534 2.34534 2.34534 2.34534 2.34534
1.98886 1.97069 1.16336 1.05704 1.05704 1.05704 1.05704 1.05704 1.05704 1.05704 1.05704 1.05704 1.05704 1.05704 1.05704 1.05704 1.05704 1.05704 1.05704 1.05704 1.85832 2.15770 2.15770 2.15770 2.15770 2.15770 2.15770 2.15770 2.15770 2.15770 2.15770 2.15770 2.15770 2.15483 2.10165 2.03003 1.95851 1.92202 2.31424 2.33459 2.33459 2.33459 2.33459 2.33459 2.33459 2.33459 2.33459 2.33459 2.33459 2.33459 2.33459 2.33459 2.33459 2.33459 2.33531 2.34519 2.34534 2.34534 2.34534 2.34534 2.34534 2.34534 2.34534 2.34534 2.34534 2.34534
1.95320 1.95320 1.39142 1.05704 1.05704 1.05704 1.05704 1.05704 1.05704 1.05704 1.05704 1.05704 1.05704 1.05704 1.05704 1.05704 1.05704 1.05704 1.05704 1.05704 1.53957 2.15770 2.15770 2.15770 2.15770 2.15770 2.15770 2.15770 2.15728 2.11412 2.04253 1.97101 1.89939 1.84605 2.40750 2.50948 1.81237 1.81237 2.25388 2.33459 2.33459 2.33459 2.33459 2.33459 2.33459 2.33459 2.33459 2.33459 2.33459 2.33459 2.33459 2.33459 2.33459 2.33459 2.33459 2.34285 2.34534 2.34534 2.34534 2.34534 2.34534 2.34534 2.34534 2.34534 2.34534 2.34534
1.95320 1.95320 1.65379 1.05704 1.05704 1.05704 1.05704 1.05704 1.05704 1.05704 1.05704 1.05704 1.05704 1.05704 1.05704 1.05704 1.05704 1.05704 1.05704 1.05704 1.22071 2.15770 2.15770 2.15770 2.12648 2.05500 1.98348 1.91193 1.84076 1.81237 2.16979 2.85587 3.32059 3.64949 3.74312 3.52094 1.81237 1.81237 2.10408 2.33459 2.33459 2.33459 2.33459 2.33459 2.33459 2.33459 2.33459 2.33459 2.33459 2.33459 2.33459 2.33459 2.33459 2.33459 2.33459 2.33980 2.34534 2.34534 2.34534 2.34534 2.34534 2.35004 2.40654 2.47742 2.54822 2.61906
1.95320 1.95320 1.89935 1.07397 1.05704 1.05704 1.05704 1.05704 1.05704 1.05704 1.05704 1.05704 1.05704 1.05704 1.05704 1.05704 1.05704 1.05704 1.05704 1.10903 1.31116 1.95823 1.92436 1.85284 1.81251 1.81237 1.97157 2.67534 3.19601 3.56272 3.74090 3.74312 3.74312 3.74312 3.74312 3.73993 2.21777 1.81237 1.95418 2.33459 2.33459 2.33459 2.33459 2.33459 2.33459 2.33459 2.33459 2.33459 2.33459 2.33459 2.33459 2.33459 2.33459 2.33459 2.33459 2.33674 2.35475 2.41720 2.48807 2.55887 2.62967 2.69581 2.71011 2.71011 2.71011 2.71011
1.95320 1.95320 1.95320 1.28260 1.05704 1.05704 1.05704 1.05704 1.05704 1.05704 1.05704 1.05704 1.05704 1.05704 1.07179 1.24233 1.45427 1.66611 1.87785 2.03789 2.04740 1.91362 1.84719 2.47010 3.05768 3.46313 3.71789 3.74312 3.74312 3.74312 3.74312 3.74312 3.74312 3.74312 3.74312 3.74312 2.98162 1.81237 1.82741 2.31161 2.33459 2.33459 2.33459 2.33459 2.33459 2.33459 2.33459 2.33459 2.33459 2.33459 2.33459 2.33591 2.34469 2.35471 2.36469 2.37521 2.67258 2.71011 2.71011 2.71011 2.71011 2.71011 2.71011 2.71011 2.71011 2.71011
1.95320 1.95320 1.95320 1.54504 1.05704 1.05704 1.05704 1.05704 1.05704 1.05733 1.17350 1.38534 1.59718 1.80902 2.00610 2.04740 2.04740 2.04740 2.04740 2.44517 3.07163 3.45519 3.66862 3.74312 3.74312 3.74312 3.74312 3.74312 3.74312 3.74312 3.74312 3.74312 3.74312 3.74312 3.74312 3.74312 3.47308 1.81237 1.81237 2.17683 2.33459 2.33459 2.33459 2.33459 2.33459 2.33459 2.33581 2.34450 2.35454 2.36449 2.37448 2.38317 2.38434 2.38434 2.38434 2.38434 2.59039 2.71011 2.71011 2.71011 2.71011 2.71011 2.71011 2.71011 2.71011 2.71011
1.95320 1.95320 1.95320 1.80748 1.05704 1.11250 1.31661 1.52815 1.74029 1.95163 2.04740 2.04740 2.04740 2.04740 2.04740 2.24296 2.90810 3.38110 3.71605 3.86036 3.86063 3.85686 3.74798 3.74312 3.74312 3.74312 3.74312 3.74312 3.74312 3.74312 3.74312 3.74312 3.74312 3.74312 3.74312 3.74312 3.73215 2.11882 1.81237 2.02700 2.33459 2.33571 2.34434 2.35434 2.36429 2.37432 2.38307 2.38434 2.38434 2.38434 2.38434 2.38434 2.38434 2.38434 2.38434 2.38434 2.49806 2.71011 2.71011 2.71011 2.71011 2.71011 2.71011 2.71011 2.71011 2.71011
1.96466 2.15916 2.41671 2.67413 2.02299 2.03928 2.04740 2.04740 2.04740 2.04740 2.04740 2.10486 2.72216 3.25509 3.62478 3.84555 3.86063 3.86063 3.86063 3.86063 3.86063 3.86063 3.77836 3.74312 3.74312 3.74312 3.74312 3.74312 3.74312 3.74312 3.74312 3.74312 3.74312 3.74312 3.74312 3.74312 3.73546 2.75472 1.35267 1.23626 2.37308 2.38298 2.38434 2.38434 2.38434 2.38434 2.38434 2.38434 2.38434 2.38434 2.38434 2.38434 2.38434 2.38434 2.38434 2.38434 2.40897 2.70672 2.71011 2.71011 2.71011 2.71011 2.71011 2.71011 2.71011 2.71011
3.05951 3.12279 3.12279 3.12279 2.50263 2.04740 2.04740 2.04740 2.04740 2.04740 3.33587 3.80638 3.86063 3.86063 3.86063 3.86063 3.86063 3.86063 3.86063 3.86063 3.86063 3.86063 3.81239 3.74312 3.74312 3.74312 3.74312 3.74312 3.74312 3.74312 3.74312 3.74132 3.65980 3.53559 3.41145 3.28725 3.13600 2.35520 0.615229 0.615229 2.09671 2.38434 2.38434 2.38434 2.38434 2.38434 2.38434 2.38434 2.38434 2.38434 2.38434 2.38434 2.38434 2.38434 2.38434 2.38434 2.38434 2.63894 2.71011 2.71011 2.71011 2.71011 2.71011 2.71011 2.71011 2.71011
3.12279 3.12279 3.12279 3.12279 2.81755 2.04740 2.04740 2.04740 2.04740 2.04740 3.26537 3.86063 3.86063 3.86063 3.86063 3.86063 3.86063 3.86063 3.86063 3.86063 3.86063 3.86063 3.84632 3.74324 3.74312 3.74312 3.74312 3.68218 3.55798 3.43384 3.30963 3.18723 3.14087 2.90231 2.42010 1.73473 0.813998 0.615229 0.615229 0.615229 1.59072 2.38434 2.38434 2.38434 2.38434 2.38434 2.38434 2.38434 2.38434 2.38434 2.38434 2.38434 2.38434 2.38434 2.38434 2.38434 2.38434 2.54654 2.71011 2.71011 2.71011 2.71011 2.71011 2.71011 2.70990 2.70731
3.12279 3.12279 3.12279 3.12279 3.08806 2.09181 2.04740 2.04740 2.04740 2.04740 2.60345 3.86063 3.86063 3.86063 3.86063 3.86063 3.86063 3.86063 3.86063 3.86063 3.86063 3.86063 3.85202 3.62603 3.45616 3.33196 3.20788 3.14455 3.14455 3.01702 2.58349 1.97143 1.06924 0.615229 0.615229 0.615229 0.615229 0.615229 0.615229 0.615229 1.08281 2.38434 2.38434 2.38434 2.38434 2.38434 2.38434 2.38434 2.38434 2.38434 2.38434 2.38434 2.38434 2.38434 2.38434 2.38434 2.38434 2.45408 2.71011 2.70970 2.70684 2.70356 2.70029 2.69702 2.69395 2.69327
3.12279 3.12279 3.12279 3.12279 3.12279 2.37213 2.04740 2.04740 2.04740 2.04740 2.04921 3.71932 3.86063 3.86063 3.86063 3.86063 3.86063 3.85761 3.83341 3.80502 3.77681 3.74852 3.72884 3.41224 3.14455 3.09398 2.73109 2.18130 1.37924 0.632371 0.615229 0.615229 0.615229 0.615229 0.615229 0.615229 0.615229 0.615229 0.615229 0.615229 0.660873 2.30032 2.38434 2.38434 2.38434 2.38434 2.38434 2.38434 2.38434 2.38434 2.38434 2.38434 2.38434 2.38434 2.39109 2.43463 2.48417 2.53626 2.69150 2.69368 2.69327 2.69327 2.69327 2.69327 2.69327 2.69327
3.12279 3.12279 3.12279 3.12279 3.12279 2.68698 2.04740 2.04740 2.04740 2.04740 2.04740 3.30564 3.86034 3.84240 3.81400 3.78580 3.75752 3.73223 3.72815 3.72815 3.72815 3.72082 3.51340 2.93924 1.65939 0.756362 0.615229 0.615229 0.615229 0.615229 0.615229 0.615229 0.615229 0.615229 0.615229 0.615229 0.615229 0.615229 0.615229 0.615229 0.615229 1.83839 2.38434 2.38434 2.38434 2.38434 2.38434 2.38434 2.38434 2.39038 2.43364 2.48272 2.53225 2.58130 2.62410 2.62962 2.62962 2.62962 2.67089 2.69327 2.69327 2.69327 2.69327 2.69327 2.69327 2.69327
3.12279 3.12279 3.12279 3.12279 3.12279 2.99976 2.04955 2.04740 2.02805 1.97233 1.91573 2.51126 3.73849 3.72815 3.72815 3.72815 3.72815 3.72815 3.60681 3.26087 2.77457 2.06768 1.78243 1.75943 0.682687 0.615229 0.615229 0.615229 0.615229 0.615229 0.615229 0.615229 0.615229 0.615229 0.615229 0.615229 0.615229 0.615229 0.615229 0.615229 0.615229 1.33207 2.38434 2.38434 2.38986 2.43222 2.48172 2.53082 2.58032 2.62337 2.62962 2.62962 2.62962 2.62962 2.62962 2.62962 2.62962 2.62962 2.65292 2.69327 2.69327 2.69327 2.69327 2.69327 2.69327 2.69327
