High_resolution/powerplant/Fengdu/OMI_NO2_200608.asc
ncols      200
nrows      200
xllcorner       105.978
yllcorner       28.1831
cellsize     0.0166667
NODATA_Value      -999.000
[rows 116 to 144 of 200, columns 0 to 65 of 200]
4.10988 4.59082 5.48708 5.71301 5.65023 5.65127 5.67433 5.69898 5.71931 5.73507 5.74351 5.74471 5.74592 5.74716 5.74592 6.02562 7.32455 8.03683 9.59807 10.7670 11.5579 12.0418 11.6857 11.7034 11.7513 11.8003 11.8503 11.9049 12.0607 12.2668 12.4769 11.5464 11.7802 12.2366 12.2411 11.3194 10.9307 10.4285 10.1815 8.56871 7.46458 5.81834 5.81490 5.81908 5.66452 5.65146 5.18888 4.53613 4.53602 4.03063 3.96175 3.86180 3.83262 3.83262 3.83262 3.83262 3.80143 3.74142 3.44520 3.05037 2.78796 2.52044 2.22093 2.10976 2.01291 2.00549
3.90351 4.62543 5.25958 5.76184 5.70717 5.70559 5.70434 5.70076 5.70019 5.70303 5.69920 5.69440 5.68955 5.68473 5.67990 5.68462 7.14500 7.61309 9.27523 11.0962 12.3106 12.6718 12.6306 12.5697 12.7243 12.8789 13.0642 13.3725 13.5909 13.7717 14.0650 13.3973 13.0667 13.2862 13.1717 11.9747 11.1563 10.6321 10.4686 9.06833 7.64416 6.26787 5.82126 5.82126 5.71314 5.65146 5.46208 4.52270 4.47816 4.05844 3.76864 3.63460 3.49396 3.42127 3.34503 3.26350 3.15480 3.05143 2.84074 2.45950 2.25517 2.10034 2.08690 2.06843 1.93639 1.81822
3.63836 4.46043 5.01849 5.77596 5.68845 5.65648 5.65648 5.65648 5.65648 5.65648 5.65648 5.65648 5.65648 5.65648 5.65648 5.65648 6.74181 7.37134 8.85651 10.9889 12.6052 13.0758 13.6382 13.5553 13.8753 14.2005 14.4949 14.6631 14.8175 14.9619 14.9934 14.4379 13.6104 13.6104 13.6267 12.3982 11.1564 10.7844 10.5478 9.53285 7.53610 6.63379 5.58800 5.52537 5.42930 5.30058 5.24374 4.10143 3.97641 3.71958 3.26907 3.22572 3.05415 2.94216 2.82973 2.71927 2.67721 2.64851 2.55365 2.23483 1.93721 1.76590 1.68973 1.62339 1.55721 1.49701
3.58982 4.28627 4.83043 5.67133 5.70509 5.65648 5.65648 5.65648 5.65648 5.65648 5.65648 5.65648 5.67325 5.71691 5.76093 5.80493 6.53461 7.49378 8.76909 10.7650 13.1264 13.7304 14.6933 14.9782 14.9815 14.9786 14.9757 14.9728 14.9699 14.9670 14.9719 14.8463 13.5117 13.4684 13.6448 12.4141 11.0560 10.5850 10.1284 9.46697 7.25249 6.71136 5.19142 5.19142 5.19014 5.13074 5.12660 4.33340 3.86782 3.70318 2.98124 2.87468 2.65285 2.53677 2.41792 2.29900 2.18012 2.08089 2.02681 1.94907 1.71459 1.62178 1.58493 1.57096 1.54053 1.43953
3.58982 4.03609 4.72520 5.45866 5.71661 5.66536 5.66291 5.68855 5.73564 5.78266 5.83066 5.89791 5.95605 5.99186 6.03341 6.07504 6.39991 7.73775 8.53846 10.3643 12.9367 13.9189 14.4796 15.0265 15.1801 15.3080 15.4364 15.5647 15.6806 15.7893 15.8900 15.8925 13.4451 13.1761 13.3534 12.5920 11.3696 10.6710 10.1101 9.67564 7.75616 7.01323 5.42567 5.19142 5.19142 5.10160 4.97176 4.36357 3.42299 3.33820 2.68374 2.49608 2.16819 2.02540 2.02540 2.02540 2.02540 2.02540 2.02540 1.95187 1.71993 1.56331 1.51089 1.50356 1.49605 1.58621
3.71110 3.83327 4.71101 5.26257 5.91721 5.91213 5.96445 6.01375 6.04216 6.07830 6.11594 6.13430 6.14501 6.15115 6.15145 6.15806 6.17606 7.87163 8.53094 10.4705 12.8216 14.5996 15.0645 15.8899 15.9309 15.9111 15.8913 15.8717 15.8644 15.8644 15.8644 15.8644 14.0928 13.1758 13.1862 12.9307 11.6809 10.6315 10.1313 9.88348 8.21996 7.01112 5.92586 5.09598 5.01959 4.83071 4.53716 4.26546 3.11522 3.11522 2.71662 2.42596 2.26874 2.01814 2.00934 2.00054 1.99174 1.98292 1.97413 1.92785 1.73541 1.54708 1.48290 1.48290 1.48290 1.57371
3.74907 3.75064 4.60824 4.95881 6.00386 6.06750 6.12792 6.14215 6.16146 6.17310 6.18234 6.19157 6.19990 6.19252 6.17920 6.15955 6.13728 7.71614 8.62438 10.2438 12.3702 14.5643 14.7044 15.7282 15.8063 15.7701 15.7339 15.6977 15.6616 15.6253 15.5891 15.5529 14.4109 12.7919 12.7717 12.8031 11.7347 10.3120 10.0664 9.75605 8.10777 6.11244 5.59343 4.80292 4.80292 4.79340 4.47498 4.39891 3.07252 2.90827 2.69814 2.37627 2.32158 1.96576 1.96536 1.96536 1.96536 1.96536 1.96536 1.96315 1.81127 1.57043 1.48290 1.48290 1.48290 1.53731
3.73916 3.75064 4.46354 4.91774 5.85683 6.14284 6.21568 6.22154 6.21636 6.19519 6.17292 6.15064 6.12888 6.11671 6.10922 6.10177 6.09428 7.09514 8.45484 9.65169 11.6297 13.9713 14.2866 15.0612 15.4468 15.4459 15.3951 15.3428 15.2900 15.2378 15.1862 15.1765 14.7506 12.5143 12.4375 12.4936 11.1533 9.32903 8.44278 8.08516 7.11685 5.67704 5.57574 4.60119 4.50024 4.44122 4.23905 4.15829 3.20979 2.72432 2.70005 2.36954 2.36592 2.03033 1.96536 1.96536 1.96536 1.96536 1.96536 1.96536 1.86482 1.63459 1.49519 1.49638 1.50722 1.53601
3.47494 3.51624 4.02251 4.71912 5.42335 5.95854 5.99174 5.96805 5.93717 5.91996 5.90235 5.88459 5.86745 5.85616 5.84604 5.83579 5.82564 6.23811 8.15398 9.18215 10.7487 12.6921 13.5751 13.9519 14.5214 14.5385 14.5939 14.6605 14.7271 14.7592 14.6915 14.5757 14.4268 11.7713 11.3712 11.3146 10.5757 9.22536 7.93878 7.33715 6.69115 5.39916 5.28736 4.71354 4.41202 4.41202 4.32147 4.15829 3.56842 2.72432 2.72432 2.43861 2.36592 2.14116 1.96536 1.96536 1.96536 1.96536 1.96665 1.97764 1.93020 1.73694 1.55205 1.52299 1.52593 1.55938
2.91160 3.05016 3.16689 4.42880 4.69978 5.65126 5.73911 5.78699 5.78315 5.78158 5.78158 5.78158 5.78158 5.78158 5.78158 5.78158 5.78158 5.79553 7.95492 8.73784 10.4118 12.0205 13.5809 13.7900 14.7278 14.7701 14.6262 14.3843 14.1270 13.9043 13.7804 13.6625 13.5455 11.6696 10.6172 10.4424 10.0469 9.05384 7.55332 7.01657 6.69132 5.57857 5.19954 4.86321 4.07810 3.88339 3.67042 3.35738 3.04836 2.68700 2.67937 2.47933 2.30569 2.18414 1.88999 1.89059 1.89594 1.90130 1.90539 1.89930 1.84406 1.66029 1.56082 1.50829 1.57385 1.60898
2.78595 2.95508 2.95509 4.23878 4.52936 5.45476 5.69975 5.78158 5.78158 5.78158 5.78158 5.78158 5.78158 5.78158 5.78158 5.84080 5.99850 6.15776 7.91948 9.15156 11.0145 12.2738 13.6621 13.6702 14.4625 13.6548 13.5085 13.4687 13.4421 13.2667 12.9948 12.7371 12.4921 11.2809 9.85149 9.80925 9.66786 8.93627 7.13990 6.32334 5.92673 4.84566 3.80694 3.60456 2.49481 2.48954 2.48954 2.54676 2.56956 2.56956 2.56956 2.47511 2.22862 2.22624 1.86632 1.84297 1.82018 1.80414 1.78808 1.77248 1.79196 1.72411 1.81714 1.65732 1.65352 1.63900
2.69228 2.94200 2.95509 3.93050 4.46103 5.16110 5.66860 5.77896 5.78158 5.78156 5.86041 6.01893 6.17737 6.33573 6.55517 6.77178 6.93099 7.12200 8.32999 10.0564 11.4546 12.6798 12.9483 13.1165 13.5530 13.0578 12.4615 11.9626 11.4784 11.1190 10.8357 10.4867 10.0942 9.61477 8.97924 8.85391 9.00447 8.61308 7.22702 6.07288 5.67408 4.98436 3.75937 3.73750 2.72173 2.48954 2.48954 2.52243 2.58312 2.59612 2.58715 2.49403 2.06511 1.96179 1.82727 1.81683 1.82356 1.82356 1.82356 1.82356 1.82356 1.74232 1.76321 1.59265 1.57273 1.56493
2.59149 2.89107 2.93185 3.50087 4.39497 4.81245 5.93561 6.17649 6.43387 6.70964 6.90621 7.03148 7.21260 7.40435 7.53498 7.60953 7.64272 7.64272 8.05710 9.72980 10.4815 11.4432 11.5149 11.4939 11.1653 10.4712 9.67996 9.55920 9.44921 9.33922 9.22993 9.18747 9.18747 9.18561 8.80664 8.76954 8.82159 8.85421 7.77314 6.17843 5.67750 5.29851 3.83139 3.74756 3.08210 2.44821 2.35461 2.24779 2.31585 2.22669 2.15438 2.14680 1.87601 1.78840 1.80444 1.82356 1.81969 1.81112 1.80252 1.79391 1.78532 1.73334 1.64631 1.57342 1.53504 1.53504
2.46495 2.82883 2.91658 3.02699 4.27843 4.40752 6.09381 6.77368 7.41630 7.49094 7.56365 7.59934 7.56925 7.52854 7.48782 7.44506 7.38569 7.32264 7.27375 7.82698 8.47225 9.66456 10.0681 10.3329 10.2202 9.94176 9.18953 9.16437 9.08261 8.99802 8.91343 8.82894 8.74435 8.65976 8.25325 7.98554 7.89049 7.87200 7.14631 5.33879 5.63621 5.30435 3.80214 3.13745 2.52260 1.92529 1.90096 1.90096 2.08256 2.13849 2.10595 2.07392 1.91067 1.78099 1.78665 1.81341 1.81633 1.82357 1.83068 1.83766 1.84454 1.85010 1.69979 1.71990 1.55383 1.53504
2.64534 2.85356 2.94108 2.94108 3.89441 4.07921 5.58455 6.59320 7.42204 7.38133 7.34250 7.32494 7.30292 7.28058 7.25824 7.23267 7.21324 7.18957 7.16407 7.56826 8.14556 8.93577 9.56309 9.47853 9.39477 9.24609 8.46226 8.24719 8.24446 8.24446 8.24446 8.23130 8.18450 8.13441 7.75948 7.19016 6.95589 6.70732 5.70528 4.45990 4.18958 3.87165 3.00502 2.62628 2.37427 1.93642 1.87518 1.84420 1.90533 2.01610 2.01638 2.01638 1.98323 1.87565 1.87575 1.90210 1.90495 1.90495 1.90495 1.90495 1.90495 1.90495 1.78732 1.76442 1.59128 1.51247
2.63126 2.75129 2.88606 2.87502 3.27205 3.59242 4.67674 6.16021 7.14711 7.17882 7.13347 7.08796 7.05664 7.02570 6.99449 6.96665 6.94923 6.93948 6.92075 7.16297 7.77125 8.46475 9.09571 8.71735 8.62955 8.54440 8.01243 7.56697 7.50304 7.32335 7.11970 6.92853 6.73492 6.47293 6.17743 5.40376 5.24293 5.14173 4.52607 3.83691 3.31798 3.22569 2.58494 2.30400 2.20453 1.92312 1.79362 1.79362 1.81085 2.01234 2.01638 2.01638 2.01336 1.88201 1.87565 1.89415 1.90495 1.90495 1.90495 1.90495 1.90495 1.89367 1.78888 1.67565 1.49517 1.37344
1.92168 2.17475 2.50222 2.53298 2.77258 3.32581 3.61416 5.69013 6.53251 6.84436 6.81633 6.79658 6.77719 6.75815 6.73980 6.72340 6.70743 6.69188 6.68531 6.79021 7.40655 8.05549 8.65085 8.40934 8.10840 7.94367 7.52145 6.71837 6.49132 6.35439 6.16912 5.95145 5.77038 5.66078 5.54816 4.63187 4.47192 4.43462 4.34852 3.91667 3.04478 3.02032 2.55305 2.20018 2.19074 2.02804 1.79362 1.79362 1.79362 1.96159 2.01638 2.01678 2.01761 1.91752 1.87856 1.88984 1.90953 1.90651 1.87099 1.82818 1.78535 1.75384 1.74258 1.63354 1.49785 1.31820
1.92168 2.08413 2.41489 2.46982 2.51473 3.31800 3.47657 5.11866 6.09805 6.68531 6.68531 6.68531 6.68531 6.68531 6.68531 6.68531 6.68531 6.68531 6.67261 6.64366 7.16771 7.86122 8.36372 8.10342 7.00587 6.62334 6.15973 5.65112 5.51112 5.40617 5.37364 5.37280 5.34193 5.28973 5.23728 4.57902 4.21636 4.19519 4.14858 3.95474 2.89068 2.78330 2.60323 2.24347 2.21123 2.14698 1.81461 1.81041 1.81142 1.90863 2.03289 2.03333 2.03333 1.96861 1.86537 1.82427 1.80722 1.76758 1.77081 1.79890 1.82769 1.85651 1.88472 1.75657 1.49616 1.26719
1.92168 1.97479 2.38173 2.46982 2.46982 3.18479 3.46486 4.51947 5.82938 6.68531 6.68531 6.68531 6.68531 6.66799 6.63504 6.60193 6.56867 6.49401 6.34328 6.06271 6.09825 6.37903 6.30190 6.13441 5.45482 5.38755 5.32355 5.18040 5.08820 5.03472 4.90266 4.72360 4.57418 4.44618 4.31723 4.07992 3.94908 3.94579 3.94919 3.75675 2.96911 2.57205 2.55697 2.31964 2.21713 2.19049 1.89948 1.81396 1.81396 1.83530 2.01592 1.97546 1.93179 1.87263 1.79020 1.84034 1.85929 1.87779 1.89609 1.89676 1.89676 1.89676 1.89676 1.82479 1.63245 1.41328
1.92168 1.92168 2.30801 2.46671 2.46596 2.93469 3.43760 3.88406 5.61085 6.51091 6.59415 6.49605 6.33434 6.18989 6.01989 5.68382 5.33074 5.01880 4.79553 4.72239 4.96904 5.56955 5.68657 5.79153 5.21144 4.82460 4.63483 4.27204 4.06998 3.94095 3.89003 3.88711 3.88418 3.88126 3.87996 3.89044 3.94006 3.94006 3.95115 3.79891 3.27919 2.58955 2.56219 2.38940 2.21713 2.20339 2.00444 1.81510 1.83673 1.88742 1.97531 2.03321 2.08333 2.12012 1.99351 1.98365 1.93746 1.89676 1.89676 1.90079 1.91962 1.93982 1.96003 1.97279 1.87039 1.62884
1.92168 1.92168 2.20450 2.43158 2.42330 2.63587 3.29196 3.35796 5.19544 5.77502 5.66171 5.37338 5.14851 4.92354 4.73421 4.69825 4.67928 4.66033 4.64098 4.61971 4.60328 4.65722 4.78423 4.98493 4.69822 4.19410 4.18948 4.00321 3.88282 3.87996 3.87996 3.87942 3.87353 3.86629 3.85905 3.85230 3.89629 3.89210 3.88396 3.78778 3.50645 2.55741 2.57339 2.48868 2.24184 2.18529 2.05127 2.06918 2.10771 2.11714 2.12050 2.12438 2.12628 2.14537 2.06993 2.04353 2.03979 1.98846 2.00141 2.01035 2.00449 1.99724 1.99000 1.98271 1.91176 1.65875
2.00355 2.04181 2.20238 2.43081 2.48298 2.52529 3.24232 3.30218 4.25959 4.67464 4.64799 4.62902 4.61004 4.59107 4.57611 4.57218 4.56859 4.56484 4.56230 4.56410 4.56523 4.53675 4.78754 4.90799 4.87328 4.14650 4.13470 4.00590 3.85026 3.81464 3.80740 3.80069 3.79933 3.79577 3.78667 3.77766 3.79838 3.72021 3.56411 3.32576 2.89854 2.45757 2.39174 2.26370 1.93218 1.92187 1.85204 2.03459 2.07941 2.09858 2.11864 2.14087 2.15500 2.15187 2.07895 1.98122 1.97345 1.89232 1.88847 1.88847 1.88847 1.88847 1.88847 1.88847 1.87149 1.66010
2.15748 2.16728 2.26463 2.48207 2.53849 2.55035 2.90232 3.10446 3.63723 4.43501 4.57298 4.56422 4.55388 4.54399 4.53717 4.53256 4.52796 4.52337 4.51806 4.51139 4.50712 4.44089 4.73699 4.74931 4.79229 4.12081 3.96152 3.88534 3.71831 3.64483 3.62894 3.60399 3.49283 3.36021 3.22596 3.06389 2.83923 2.67052 2.61224 2.50502 2.13691 2.14100 2.16173 2.17002 1.99329 1.96936 1.94420 2.03682 2.12570 2.12570 2.12570 2.13035 2.13151 2.13151 2.10628 1.97536 1.97536 1.91399 1.88847 1.88847 1.88847 1.88847 1.88847 1.88847 1.88691 1.72121
2.31752 2.34188 2.34611 2.49369 2.54591 2.54688 2.73635 3.05867 3.16361 4.33192 4.49225 4.52802 4.51880 4.50398 4.48798 4.47206 4.45603 4.44005 4.42406 4.40799 4.38971 4.31519 4.52776 4.50774 4.48959 4.13290 3.75740 3.62936 3.38031 3.16267 3.02382 2.85183 2.77466 2.70138 2.60493 2.53168 2.46542 2.32273 2.27251 2.22400 2.22531 2.20138 2.21559 2.19298 2.03885 1.95396 1.94697 1.97324 2.12570 2.12570 2.12570 2.12855 2.13151 2.13151 2.13120 1.99087 1.97536 1.93680 1.88168 1.87544 1.87277 1.88033 1.88854 1.89675 1.89642 1.80854
2.32937 2.32914 2.32922 2.44038 2.60125 2.60746 2.68019 2.94670 2.89596 3.96729 4.30464 4.36332 4.35876 4.35876 4.35876 4.35876 4.35876 4.35876 4.35876 4.35876 4.35876 4.25772 4.16299 3.98835 3.72796 3.45083 3.02509 2.90064 2.74440 2.57332 2.47642 2.42526 2.38062 2.35743 2.35709 2.35219 2.34418 2.21500 2.19830 2.18962 2.18724 2.14840 2.18738 2.16722 2.04070 1.90230 1.89596 1.84773 2.03382 2.03377 2.02629 2.02219 2.03614 2.02996 2.02373 1.91698 1.85628 1.84945 1.79004 1.80448 1.81536 1.82389 1.85585 1.89594 1.93605 1.96365
2.36766 2.38070 2.39291 2.45409 2.59270 2.61544 2.62613 2.85271 2.86323 3.51853 4.23582 4.35876 4.35876 4.35876 4.35876 4.35876 4.25475 4.05236 3.85007 3.64778 3.43404 3.24180 3.10231 3.02666 2.81724 2.72388 2.39697 2.36595 2.36620 2.34495 2.32132 2.31174 2.30212 2.29358 2.29176 2.29541 2.30048 2.16384 2.05961 2.01361 2.02240 2.09765 2.11770 2.11087 2.01148 1.82802 1.82802 1.78910 1.91207 1.97457 1.97457 1.97457 2.00017 2.01436 2.02880 1.98319 1.89769 1.89469 1.89882 1.94625 1.98637 2.01858 2.02674 2.02674 2.02674 2.01281
2.39765 2.39765 2.39765 2.43236 2.56724 2.61349 2.61089 2.79424 2.87552 3.12195 4.16857 4.20767 4.00769 3.80342 3.57889 3.30961 3.14277 3.05717 2.92818 2.79707 2.67744 2.61237 2.54999 2.59863 2.51537 2.55050 2.43444 2.34509 2.35368 2.33693 2.31167 2.31797 2.29506 2.26143 2.22148 2.18055 2.13966 2.01608 1.88446 1.88446 1.90637 2.11942 2.10548 2.11122 2.06252 1.83728 1.82802 1.80913 1.84849 1.97457 1.97398 1.95876 1.99648 2.04293 2.04224 2.01857 1.85515 1.85553 1.96661 2.02674 2.02674 2.02674 2.02731 2.03989 2.05791 2.07688
2.39765 2.39765 2.39765 2.40410 2.49606 2.57410 2.58024 2.71911 2.85152 2.78249 3.07170 3.05146 2.98771 2.88206 2.77315 2.70891 2.64641 2.60093 2.59871 2.59860 2.59847 2.59838 2.56520 2.66740 2.58065 2.58309 2.57755 2.34977 2.30377 2.24946 2.17008 2.12899 2.11938 2.11938 2.11938 2.11938 2.11585 2.06139 1.86575 1.85839 1.85124 2.03558 2.02624 2.10515 2.07911 1.87576 1.79890 1.78918 1.75499 1.91990 1.91432 1.92797 1.95283 2.04289 2.04292 2.04292 1.88926 1.88105 1.96427 2.09334 2.11423 2.13632 2.15852 2.15888 2.15076 2.14264
2.39780 2.40580 2.40092 2.36873 2.40838 2.50373 2.47326 2.51171 2.70211 2.63923 2.73098 2.72539 2.62187 2.59842 2.59831 2.59820 2.59809 2.59798 2.59794 2.59794 2.59794 2.60323 2.60668 2.71484 2.65961 2.43899 2.41646 2.13763 2.13016 2.12652 2.09557 2.07575 2.06920 2.06265 2.05611 2.04957 2.04656 2.04062 1.80363 1.78189 1.77211 1.89172 1.96778 2.06179 2.07622 1.90440 1.82786 1.84445 1.77825 1.84202 1.85160 1.84102 1.83043 1.93289 1.94370 1.93523 1.88105 1.83385 1.84145 2.02534 2.01928 2.01116 2.00337 2.00144 2.00144 2.00144
