High_resolution/powerplant/Fengdu/OMI_NO2_201009.asc
ncols      200
nrows      200
xllcorner       105.978
yllcorner       28.1831
cellsize     0.0166667
NODATA_Value      -999.000
[rows 58 to 86 of 200, columns 66 to 131 of 200]
2.91779 2.91779 2.91779 2.91779 2.91779 2.91779 2.91524 2.84128 2.73498 2.62869 2.53697 2.52499 2.49270 1.70145 1.68464 1.68464 1.68455 0.939873 0.800538 0.800538 0.800538 0.800538 0.800538 0.800538 0.800538 0.800538 0.800538 0.800538 0.800538 0.800538 0.800538 0.800538 0.800538 0.800538 0.800538 0.803052 0.948701 1.17714 1.40541 1.61947 1.66750 1.66750 1.66750 0.984248 0.780931 0.780931 0.780931 0.780931 0.780931 0.780931 0.780931 0.780931 0.780931 0.780931 0.780931 0.780931 0.780931 0.780931 0.780931 0.780931 0.780931 0.780931 0.780931 0.780931 0.780931 0.784170
2.91779 2.91779 2.91779 2.87337 2.76743 2.66113 2.55736 2.52499 2.52499 2.52499 2.52499 2.52499 2.52499 1.98079 1.68464 1.68464 1.68464 1.23092 0.800538 0.800538 0.800538 0.800538 0.800538 0.800538 0.800538 0.800538 0.800538 0.800538 0.800538 0.800538 0.800538 0.800538 0.902839 1.13076 1.35921 1.58496 1.66750 1.66750 1.66750 1.66750 1.66750 1.66750 1.66750 1.27012 0.780931 0.780931 0.780931 0.780931 0.780931 0.780931 0.780931 0.780931 0.780931 0.780931 0.780931 0.780931 0.780931 0.780931 0.780931 0.780931 0.780931 0.781723 0.890402 1.07444 1.25876 1.43963
2.79991 2.69362 2.58725 2.52538 2.52499 2.52499 2.52499 2.52499 2.52499 2.52286 2.46856 2.39181 2.31498 2.04404 1.68464 1.68464 1.68464 1.52205 0.800538 0.800538 0.800538 0.800538 0.800538 0.800538 0.800538 0.800538 0.800538 0.800538 0.863826 1.08464 1.31282 1.54127 1.66724 1.66750 1.66750 1.66750 1.66750 1.66750 1.66750 1.66750 1.66750 1.66750 1.66750 1.55430 0.782616 0.780931 0.780931 0.780931 0.780931 0.780931 0.780931 0.780931 0.780931 0.780931 0.780931 0.780931 0.780931 0.780931 0.873417 1.05774 1.24177 1.42509 1.50066 1.50066 1.50066 1.50066
2.52499 2.52499 2.52499 2.52499 2.49353 2.41718 2.34056 2.26381 2.18706 2.11236 2.08991 2.08991 2.08991 2.03670 1.68464 1.68464 1.68464 1.68420 0.929264 0.800538 0.800538 0.800538 0.800538 0.800538 0.834003 1.03843 1.26670 1.49488 1.66004 1.66750 1.66750 1.66750 1.66750 1.66750 1.66750 1.66750 1.66750 1.66750 1.66750 1.66750 1.66750 1.66750 1.66750 1.66750 0.955621 0.780931 0.780931 0.780931 0.780931 0.780931 0.780931 0.780931 0.780931 0.780931 0.857359 1.04075 1.22493 1.40904 1.50066 1.50066 1.50066 1.50066 1.50066 1.50066 1.50066 1.50066
2.36592 2.28913 2.21238 2.13559 2.09026 2.08991 2.08991 2.08991 2.08991 2.08991 2.08991 2.08991 2.08991 2.08666 1.73074 1.68464 1.68464 1.68464 1.21960 0.800538 0.813629 0.992049 1.22049 1.44876 1.64348 1.66750 1.66750 1.66750 1.66750 1.66750 1.66750 1.66750 1.66750 1.66750 1.66750 1.66750 1.66750 1.66750 1.66750 1.66750 1.66750 1.66750 1.66750 1.66750 1.24141 0.780931 0.780931 0.780931 0.780931 0.780931 0.842756 1.02384 1.20795 1.39220 1.49994 1.50066 1.50066 1.50066 1.50066 1.50066 1.50066 1.50066 1.50066 1.50066 1.50066 1.50066
2.08991 2.08991 2.08991 2.08991 2.08991 2.08991 2.08991 2.08991 2.08991 2.08991 2.08991 2.08991 2.08991 2.08991 1.88146 1.68464 1.68553 1.82586 1.89119 1.40255 1.61773 1.66750 1.66750 1.66750 1.66750 1.66750 1.66750 1.66750 1.66750 1.66750 1.66750 1.66750 1.66750 1.66750 1.66750 1.66750 1.66750 1.66750 1.66750 1.66750 1.66750 1.66750 1.66750 1.66750 1.52742 0.780931 0.829585 1.00707 1.19111 1.37514 1.49778 1.50066 1.50066 1.50066 1.50066 1.50066 1.50066 1.50066 1.50066 1.50066 1.50066 1.50066 1.50066 1.50066 1.50066 1.50066
2.08991 2.08991 2.08991 2.08991 2.08991 2.08991 2.08991 2.08991 2.08991 2.08991 2.08991 2.08991 2.08991 2.12682 2.18141 2.23533 2.47575 2.57674 2.57510 1.78642 1.66750 1.66750 1.66750 1.66750 1.66750 1.66750 1.66750 1.66750 1.66750 1.66750 1.66750 1.66750 1.66750 1.66750 1.66750 1.66750 1.66750 1.66750 1.66750 1.66750 1.66750 1.66750 1.67077 1.68938 1.70994 1.40968 1.49382 1.50066 1.50066 1.50066 1.50066 1.50066 1.50066 1.50066 1.50066 1.50066 1.50066 1.50066 1.50066 1.50066 1.50066 1.50066 1.50066 1.50066 1.50066 1.50066
2.08991 2.08991 2.08991 2.08991 2.08991 2.08991 2.08991 2.08991 2.08991 2.10378 2.20807 2.32872 2.44934 2.53310 2.53872 2.57672 2.57674 2.57674 2.57674 2.08168 1.66750 1.66750 1.66750 1.66750 1.66750 1.66750 1.66750 1.66750 1.66750 1.66750 1.66750 1.66750 1.66750 1.66750 1.66750 1.66750 1.66750 1.66750 1.66891 1.68540 1.70596 1.72652 1.74381 1.74576 1.74576 1.61987 1.50066 1.50066 1.50066 1.50066 1.50066 1.50066 1.50066 1.50066 1.50066 1.50066 1.50066 1.50066 1.50066 1.50066 1.50066 1.50066 1.50066 1.50066 1.50066 1.50066
2.08991 2.08991 2.08991 2.08991 2.08991 2.09178 2.17154 2.29215 2.41285 2.51959 2.53596 2.53596 2.53596 2.53596 2.53596 2.56611 2.57674 2.57674 2.57674 2.37851 1.66750 1.66750 1.66750 1.66750 1.66750 1.66750 1.66750 1.66750 1.66750 1.66750 1.66750 1.66750 1.66750 1.66750 1.66782 1.68142 1.70198 1.72254 1.74169 1.74576 1.74576 1.74576 1.74576 1.74576 1.74576 1.69859 1.50066 1.50066 1.50066 1.50066 1.50066 1.50066 1.50066 1.50066 1.50066 1.50066 1.50066 1.50066 1.50066 1.50066 1.50066 1.50066 1.50066 1.50066 1.50066 1.50066
2.08991 2.08991 2.13590 2.25562 2.37627 2.49501 2.53596 2.53596 2.53596 2.53596 2.53596 2.53596 2.53500 2.43264 2.26260 2.27043 2.57674 2.57674 2.57674 2.57265 1.77000 1.66750 1.66750 1.66750 1.66750 1.66750 1.66750 1.66750 1.66750 1.66750 1.66750 1.67744 1.69800 1.71856 1.73880 1.74576 1.74576 1.74576 1.74576 1.74576 1.74576 1.74576 1.74576 1.74576 1.74576 1.74540 1.53281 1.50066 1.50066 1.50066 1.50066 1.50066 1.50066 1.50066 1.50066 1.50066 1.51853 1.55830 1.58789 1.61052 1.53735 1.50066 1.50066 1.50066 1.50066 0.00000
2.34233 2.46035 2.53502 2.53596 2.53596 2.53596 2.53596 2.48579 2.31989 2.14994 1.98009 1.80994 1.64057 1.57307 1.57307 1.74832 2.57674 2.57674 2.57674 2.57674 2.06268 1.66750 1.66750 1.66750 1.66750 1.66750 1.66750 1.67391 1.69402 1.71458 1.73514 1.74576 1.74576 1.74576 1.74576 1.74576 1.74576 1.74576 1.74576 1.74576 1.74576 1.74576 1.74576 1.74576 1.74576 1.74576 1.61117 1.50066 1.50066 1.50066 1.50066 1.52590 1.56403 1.59219 1.61389 1.63111 1.64065 1.65318 1.67786 1.71207 1.74035 0.00000 0.00000 0.00000 0.00000 0.00000
2.68534 2.52017 2.37766 2.20771 2.03730 1.86733 1.69738 1.57760 1.57307 1.57307 1.57307 1.57307 1.57307 1.57307 1.57307 1.59660 2.52797 2.57674 2.57674 2.57674 2.35950 1.66750 1.66750 1.67114 1.69004 1.71060 1.73116 1.74532 1.74576 1.74576 1.74576 1.74576 1.74576 1.74576 1.74576 1.74576 1.74576 1.74576 1.74576 1.74576 1.74576 1.74576 1.74576 1.74576 1.74576 1.74588 1.70062 1.56945 1.59632 1.61713 1.63371 1.64063 1.64066 1.65134 1.67536 1.70853 1.75662 1.78060 1.78060 1.78060 1.78060 0.00000 0.00000 0.00000 0.00000 0.00000
2.52125 1.60052 1.57307 1.57307 1.57307 1.57307 1.57307 1.57307 1.57307 1.57307 1.57307 1.57307 1.57307 1.57307 1.57307 1.57307 2.16836 2.57674 2.57674 2.54676 2.16863 1.66431 1.72717 1.74410 1.74576 1.74576 1.74576 1.74576 1.74576 1.74576 1.74576 1.74576 1.74576 1.74576 1.74576 1.74576 1.74576 1.74576 1.74576 1.74576 1.74576 1.74576 1.74576 1.74576 1.75845 1.76260 1.76232 1.65301 1.64063 1.64953 1.67293 1.70510 1.75196 1.78060 1.78060 1.78060 1.78060 1.78060 1.78060 1.78060 1.78060 1.78060 0.00000 0.00000 0.00000 0.00000
2.94804 1.57307 1.57307 1.57307 1.57307 1.57307 1.57307 1.57307 1.57307 1.57307 1.57307 1.57307 1.57307 1.57307 1.57307 1.57273 1.71042 1.85136 1.38557 0.949761 0.854158 1.37763 1.74576 1.74576 1.74576 1.74576 1.74576 1.74576 1.74576 1.74576 1.74576 1.74576 1.74576 1.74576 1.74576 1.74576 1.74576 1.74576 1.74576 1.74576 1.74576 1.74576 1.74576 1.74576 1.75738 1.77193 1.79781 1.76317 1.74705 1.78058 1.78060 1.78060 1.78060 1.78060 1.78060 1.78060 1.78060 1.78060 1.78060 1.78060 1.78060 1.78060 0.00000 0.00000 0.00000 0.00000
3.38177 1.65809 1.57307 1.57307 1.57307 1.57307 1.57307 1.57307 1.57307 1.57307 1.57307 1.57307 1.50676 1.28067 1.04795 0.815225 0.726895 0.854158 0.854158 0.854158 0.854158 1.08687 1.74576 1.74576 1.74576 1.74576 1.74576 1.74576 1.74576 1.74576 1.74576 1.74576 1.74576 1.74576 1.74576 1.74576 1.74576 1.74576 1.74576 1.74576 1.74576 1.75579 1.80451 1.85714 1.88717 1.86279 1.86324 1.85068 1.78060 1.78060 1.78060 1.78060 1.78060 1.78060 1.78060 1.78060 1.78060 1.78060 1.78060 1.78060 1.78060 1.78060 0.00000 0.00000 0.00000 0.00000
3.42929 2.12949 1.57307 1.57307 1.57307 1.57307 1.57307 1.57307 1.54922 1.35112 1.11823 0.885248 0.718761 0.711785 0.711785 0.711785 0.712156 0.830695 0.854158 0.854158 0.854158 0.867178 1.67496 1.74576 1.74576 1.74576 1.74576 1.74576 1.74576 1.74576 1.74576 1.74576 1.74576 1.74576 1.74576 1.74576 1.74576 1.75036 1.79405 1.84670 1.89938 1.94201 1.94587 1.94587 1.94452 1.86684 1.86324 1.86254 1.79199 1.78060 1.78060 1.78060 1.78060 1.78060 1.78060 1.78060 1.78060 1.78060 1.78060 1.78060 1.78060 1.78060 1.78060 0.00000 0.00000 0.00000
3.42929 2.64828 1.57307 1.57307 1.57040 1.42149 1.18851 0.955616 0.746581 0.711785 0.711785 0.711785 0.711785 0.711785 0.711785 0.711785 0.799013 0.927410 0.854158 0.854158 0.854158 0.854158 1.39740 1.74576 1.74576 1.74576 1.74576 1.74576 1.74576 1.74576 1.74576 1.74576 1.74576 1.74702 1.78362 1.83627 1.88896 1.93698 1.94587 1.94587 1.94587 1.94587 1.94587 1.94587 1.94587 1.88159 1.86324 1.86324 1.82602 1.78060 1.78060 1.78060 1.78060 1.78060 1.78060 1.78060 1.78060 1.78060 1.78060 1.78060 1.78060 1.78060 1.78060 1.67169 1.67169 1.67169
3.42929 3.08331 1.25879 1.02606 0.795674 0.711785 0.711785 0.711785 0.711785 0.711785 0.751296 0.919471 1.09828 1.27642 1.45530 1.63361 1.72489 1.53116 0.854158 0.854158 0.854158 0.854158 1.10683 1.74576 1.74576 1.74576 1.74576 1.74576 1.74576 1.74576 1.77320 1.82586 1.87851 1.92982 1.94587 1.94587 1.94587 1.94587 1.94587 1.94587 1.94587 1.94587 1.94587 1.94587 1.94587 1.90314 1.86324 1.86324 1.84865 1.78060 1.78060 1.78060 1.78060 1.78060 1.78060 1.78060 1.78060 1.78060 1.78060 1.69193 1.67169 1.67169 1.67169 1.67169 1.67169 1.67169
2.71950 2.57067 0.968685 0.711785 0.722017 0.861623 1.04033 1.21864 1.39725 1.57566 1.71486 1.72489 1.72489 1.72489 1.72489 1.72489 1.72489 1.68233 0.861614 0.854158 0.854158 0.854158 0.873952 1.68825 1.74576 1.74576 1.76359 1.81544 1.86801 1.92063 1.94587 1.94587 1.94587 1.94587 1.94587 1.94587 1.94587 1.94587 1.94587 1.94587 1.94587 1.94587 1.94587 1.94587 1.94587 1.93467 1.86373 1.86324 1.86204 1.78979 1.78060 1.78060 1.78060 1.78060 0.00000 1.67169 1.67169 1.67169 1.67169 1.67169 1.67169 1.67169 1.67169 1.67169 1.67169 1.67169
2.48621 2.42755 1.75315 1.51781 1.68609 1.72489 1.72489 1.72489 1.72489 1.72489 1.72489 1.72489 1.72489 1.72489 1.72489 1.72489 1.72489 1.72489 1.12752 0.854158 0.854158 0.854158 0.851138 1.44753 1.85756 1.91021 1.94505 1.94587 1.94587 1.94587 1.94587 1.94587 1.94587 1.94587 1.94587 1.94587 1.94587 1.94587 1.94587 1.94587 1.94587 1.94587 1.94587 1.94587 1.94587 1.94587 1.90099 1.91135 1.93475 1.94587 0.00000 1.67169 1.67169 1.67169 1.67169 1.67169 1.67169 1.67169 1.67169 1.67169 1.67169 1.67169 1.67169 1.67169 1.67169 1.67169
2.24688 2.24688 2.08755 1.72489 1.72489 1.72489 1.72489 1.72489 1.72489 1.72489 1.72489 1.72489 1.72489 1.72489 1.72489 1.72489 1.72489 1.72489 1.40339 0.840638 0.823639 0.806621 0.792636 1.14575 1.94587 1.94587 1.94587 1.94587 1.94587 1.94587 1.94587 1.94587 1.94587 1.94587 1.94587 1.94587 1.94587 1.94587 1.94587 1.94587 1.94587 1.94587 1.94587 1.94587 1.94587 1.94587 1.94587 1.94596 2.07077 2.21735 1.67169 1.67169 1.67169 1.67169 1.67169 1.67169 1.67169 1.67169 1.67169 1.67169 1.67169 1.67169 1.67169 1.67169 1.67169 1.67169
2.24688 2.24688 2.22094 1.73674 1.72489 1.72489 1.72489 1.72489 1.72489 1.72489 1.72489 1.72489 1.72489 1.72489 1.72489 1.72069 1.71219 1.70368 1.55879 0.791245 0.791245 0.791245 0.791245 0.828428 1.88836 1.94587 1.94587 1.94587 1.94587 1.94587 1.94587 1.94587 1.94587 1.94587 1.94587 1.94587 1.94587 1.94587 1.94587 1.94587 1.94587 1.94587 1.94587 1.94587 2.02812 2.25996 2.49493 2.72998 2.83996 2.78351 1.70932 1.67169 1.67169 1.67169 1.67169 1.67169 1.67169 1.67169 1.67169 1.67169 1.67169 1.67169 1.67169 1.67169 1.67169 1.67169
2.24688 2.24688 2.24688 1.85596 1.72489 1.72489 1.72489 1.72489 1.72489 1.72489 1.72489 1.72285 1.71475 1.70625 1.69774 1.69343 1.69343 1.69343 1.68021 0.860978 0.791245 0.791245 0.791245 0.791245 1.55122 1.94587 1.94587 1.94587 1.94587 1.94587 1.94587 1.94587 1.94587 1.94587 1.94587 1.94587 1.94587 1.94587 1.94587 1.94587 1.99415 2.21392 2.44906 2.68403 2.83683 2.83996 2.83996 2.83996 2.83996 2.83996 2.02699 1.67169 1.67169 1.67169 1.67169 1.67169 1.67169 1.67169 1.67169 1.67169 1.67169 1.67169 1.67169 1.67169 1.67169 1.67169
2.24688 2.24688 2.24688 2.00097 1.72489 1.72489 1.72489 1.72424 1.71731 1.70880 1.70030 1.69383 1.69343 1.69343 1.69343 1.69343 1.69343 1.69343 1.69343 1.18262 0.791245 0.791245 0.791245 0.791245 1.17643 1.94587 1.94587 1.94587 1.94587 1.94587 1.94587 1.94587 1.94587 1.94587 1.94587 1.94587 1.96920 2.16814 2.40302 2.63798 2.82485 2.83996 2.83996 2.83996 2.83996 2.83996 2.83996 2.83996 2.83996 2.83996 2.40133 1.67169 1.67169 1.67169 1.67169 1.67169 1.67169 1.67169 1.67169 1.67169 1.67169 1.67169 1.67169 1.67169 1.67169 1.67169
2.24688 2.24688 2.24688 2.14590 1.71987 1.71136 1.70286 1.69500 1.69343 1.69343 1.69343 1.69343 1.69343 1.67073 1.53160 1.37638 1.22115 1.06574 0.910514 0.808786 0.791245 0.791245 0.791245 0.791245 0.843434 1.90419 1.94587 1.94587 1.94587 1.94587 1.94587 1.94587 1.95311 2.12209 2.35706 2.59220 2.80375 2.83996 2.83996 2.83996 2.83996 2.83996 2.83996 2.83996 2.83996 2.83996 2.83996 2.83996 2.83996 2.83996 2.75547 1.69167 1.67169 1.67169 1.67169 1.67169 1.67169 1.67169 1.67169 1.67169 1.67169 1.67169 1.63942 1.46552 1.27514 1.08492
2.24423 2.23592 2.22741 2.21617 1.74031 1.69343 1.69343 1.69009 1.58344 1.42812 1.27289 1.11757 0.962257 0.829732 0.813452 0.813452 0.813452 0.813452 0.813452 0.811469 0.791245 0.791245 0.791245 0.791245 0.791245 1.58201 1.94587 1.94587 1.94623 2.07614 2.31119 2.54607 2.77388 2.83996 2.83996 2.83996 2.83996 2.83996 2.83996 2.83996 2.83996 2.83996 2.83996 2.83996 2.83996 2.83996 2.83996 2.83996 2.83996 2.83996 2.83996 1.98126 1.67169 1.67169 1.67169 1.67169 1.67169 1.67169 1.64799 1.48154 1.29124 1.10094 0.942843 0.926295 0.926295 0.926295
2.21561 2.21543 2.24728 2.34419 1.74724 1.16932 1.01400 0.862115 0.813452 0.813452 0.813452 0.813452 0.813452 0.813452 0.813452 0.813452 0.813452 0.813452 0.813452 0.813439 0.795736 0.791245 0.791245 0.791245 0.791245 1.25607 2.26515 2.50020 2.73490 2.83996 2.83996 2.83996 2.83996 2.83996 2.83996 2.83996 2.83996 2.83996 2.83996 2.83996 2.83996 2.83996 2.83996 2.83996 2.83996 2.83996 2.83996 2.83996 2.83996 2.83996 2.83996 2.35543 1.67169 1.67169 1.65530 1.49735 1.30705 1.11674 0.950148 0.926295 0.926295 0.926295 0.926295 0.926295 0.926295 0.926295
2.58933 2.68786 2.75438 2.75622 2.05602 0.813452 0.813452 0.813452 0.813452 0.813452 0.813452 0.813452 0.813452 0.813452 0.813452 0.813452 0.813452 0.813452 0.813452 0.813452 0.803619 0.798646 0.842812 0.892009 0.941206 1.08532 2.79403 2.83996 2.83996 2.83996 2.83996 2.83996 2.83996 2.83996 2.83996 2.83996 2.83996 2.83996 2.83996 2.83996 2.83996 2.83996 2.83996 2.83996 2.83996 2.83996 2.83996 2.83996 2.83996 2.83996 2.84067 2.73265 1.33604 1.13262 0.958794 0.926295 0.926295 0.926295 0.926295 0.926295 0.926295 0.926295 0.926295 0.926295 0.926295 0.926295
2.75622 2.75622 2.75622 2.75622 2.58483 0.824721 0.813452 0.813452 0.813452 0.813452 0.813452 0.813452 0.813452 0.813452 0.813452 0.813452 0.813452 0.814245 0.831990 0.856589 0.890464 0.968511 0.973524 0.973524 0.973524 0.973524 2.30058 2.83996 2.83996 2.83996 2.83996 2.83996 2.83996 2.83996 2.83996 2.83996 2.83996 2.83996 2.83996 2.83996 2.83996 2.83996 2.83996 2.83996 2.83996 2.83996 2.84004 2.84983 2.86624 2.88264 2.89834 2.90241 1.36969 0.926295 0.926295 0.926295 0.926295 0.926295 0.926295 0.926295 0.926295 0.926295 0.926295 0.926295 0.926295 0.926295
