High_resolution/powerplant/Fengdu/OMI_NO2_201111.asc
ncols      200
nrows      200
xllcorner       105.978
yllcorner       28.1831
cellsize     0.0166667
NODATA_Value      -999.000
[rows 30 to 59 of 200, columns 66 to 131 of 200]
5.37910 5.37910 5.37910 5.38223 6.77427 6.94458 6.94458 6.94458 6.94458 6.94458 6.94458 6.94458 6.94458 6.94458 6.94458 6.94458 6.94458 6.94458 6.94458 5.55182 0.531566 0.531566 0.531566 0.531566 0.548795 0.653430 0.770652 0.887312 1.00383 1.12112 1.22182 1.23476 1.23476 1.23476 1.23476 1.23476 0.00000 0.00000 0.00000 0.00000 0.00000 0.00000 0.00000 0.00000 0.00000 0.00000 0.00000 0.00000 0.00000 0.00000 0.00000 0.00000 4.55315 4.55315 4.55315 4.55315 4.55315 4.55315 4.55315 4.55315 4.55315 4.55315 4.55315 4.14950 3.87430 3.87430
5.37910 5.37910 5.37910 5.37910 6.33827 6.94458 6.94458 6.94458 6.94458 6.94458 6.94458 6.94458 6.94458 6.94458 6.94458 6.94458 6.94458 6.94458 6.91368 6.63063 1.13503 0.889773 1.00622 1.12337 1.22295 1.23476 1.23476 1.23476 1.23476 1.23476 1.23476 1.23476 1.23476 1.23476 1.23476 1.23476 0.00000 0.00000 0.00000 0.00000 0.00000 0.00000 0.00000 0.00000 0.00000 0.00000 0.00000 0.00000 0.00000 0.00000 0.00000 0.00000 4.55315 4.55315 4.55315 4.55315 4.55315 4.55315 4.55315 4.55315 4.55315 4.55315 4.55315 4.38517 3.87430 3.87430
5.37910 5.37910 5.37910 5.37910 5.89910 6.94458 6.94458 6.94458 6.94458 6.94458 6.94458 6.94458 6.93192 6.74680 6.50768 6.26843 6.02931 5.79005 5.58142 5.55274 2.68388 1.23476 1.23476 1.23476 1.23476 1.23476 1.23476 1.23476 1.23476 1.23476 1.23476 1.23476 1.23476 1.23476 1.23476 1.23476 0.00000 0.00000 0.00000 0.00000 0.00000 0.00000 0.00000 0.00000 0.00000 0.00000 0.00000 0.00000 0.00000 0.00000 0.00000 0.00000 4.55315 4.55315 4.55315 4.55315 4.55315 4.55315 4.55315 4.55315 4.55315 4.55315 4.55315 4.55315 3.92709 3.87430
5.37910 5.37910 5.37910 5.37910 5.48179 6.92267 6.94222 6.79065 6.55139 6.31213 6.07301 5.83376 5.60717 5.55274 5.55274 5.55274 5.55274 5.55274 5.55274 5.55274 3.87770 1.23476 1.23476 1.23476 1.23476 1.23476 1.23476 1.23476 1.23476 1.23476 1.23476 1.23476 1.23476 1.23476 1.23476 1.23476 1.23476 0.00000 0.00000 0.00000 0.00000 0.00000 0.00000 0.00000 0.00000 0.00000 0.00000 0.00000 0.00000 0.00000 0.00000 0.00000 0.00000 4.55315 4.55315 4.55315 4.55315 4.55315 4.55315 4.55315 4.55315 4.55315 4.55315 4.55315 4.05990 3.87430
5.37910 5.44190 5.61604 5.79228 5.96872 5.96980 5.64057 5.55274 5.55274 5.55274 5.55274 5.55274 5.55274 5.55274 5.55274 5.55274 5.55274 5.55274 5.55274 5.55274 5.06524 1.24037 1.23476 1.23476 1.23476 1.23476 1.23476 1.23476 1.23476 1.23476 1.23476 1.23476 1.23476 1.23476 1.23476 1.23476 1.23476 0.00000 0.00000 0.00000 0.00000 0.00000 0.00000 0.00000 0.00000 0.00000 0.00000 0.00000 0.00000 0.00000 0.00000 0.00000 0.00000 4.55315 4.55315 4.55315 4.55315 4.55315 4.55315 4.55315 4.55315 4.55315 4.55315 4.55315 4.25145 3.87430
6.26020 6.37374 6.37593 6.37593 6.37593 5.96965 5.55274 5.55274 5.55274 5.55274 5.55274 5.55274 5.55274 5.55274 5.55274 5.55274 5.55274 5.55274 5.55274 5.55274 5.55274 1.94665 1.23476 1.23476 1.23476 1.23476 1.23476 1.23476 1.23476 1.23476 1.23476 1.23476 1.23476 1.23476 1.23476 1.23476 1.23476 0.00000 0.00000 0.00000 0.00000 0.00000 0.00000 0.00000 0.00000 0.00000 0.00000 0.00000 0.00000 0.00000 0.00000 0.00000 0.00000 4.55315 4.55315 4.55315 4.55315 4.55315 4.55315 4.55315 4.55315 4.55315 4.55315 4.55315 4.50635 3.88664
6.37593 6.37593 6.37593 6.37593 6.37593 6.19866 5.55274 5.55274 5.55274 5.55274 5.55274 5.55274 5.55274 5.55274 5.55274 5.55274 5.55274 5.55274 5.55274 5.55274 5.55274 3.13985 1.23476 1.23476 1.23476 1.23476 1.23476 1.23476 1.23476 1.23476 1.23476 1.23476 1.23476 1.23476 1.23698 1.30948 1.48070 3.35381 3.35381 3.35381 3.35381 3.35381 3.35381 3.35381 3.35381 3.35381 3.35381 3.35381 3.35381 3.35381 3.35381 3.35381 3.35381 3.43109 3.42953 3.38391 3.33878 3.29365 3.24753 3.20190 3.15677 3.11164 3.06569 3.01990 2.97477 3.04052
6.37593 6.37593 6.37593 6.37593 6.37593 6.36737 5.61301 5.55274 5.55274 5.55274 5.55274 5.55274 5.55274 5.55274 5.55274 5.55274 5.55274 5.55274 5.55274 5.55274 5.55274 4.33260 1.23476 1.23476 1.23476 1.23476 1.23476 1.23476 1.23476 2.33749 2.54607 2.74254 2.98645 3.27629 3.35381 3.35381 3.35381 3.35381 3.35381 3.35381 3.35381 3.35381 3.35381 3.35381 3.35381 3.35381 3.35381 3.35381 3.35381 3.35381 3.35381 3.35381 3.35381 3.34746 2.91793 2.90004 2.90004 2.90004 2.90004 2.90004 2.90004 2.93578 3.06635 3.16930 3.24782 3.18913
6.37593 6.37593 6.37593 6.37593 6.37593 6.37593 5.83348 5.55274 5.55274 5.55274 5.55274 5.55274 5.55274 5.55274 5.55274 5.55274 5.55274 5.55274 5.55274 5.55274 5.55274 5.41266 1.41333 1.23476 1.23476 1.23476 1.23476 1.23476 0.00000 3.35381 3.35381 3.35381 3.35381 3.35381 3.35381 3.35381 3.35381 3.35381 3.35381 3.35381 3.35381 3.35381 3.35381 3.35381 3.35381 3.35381 3.35381 3.35381 3.35381 3.35381 3.35381 3.35381 3.35381 3.35381 3.00359 2.90004 2.97446 3.10132 3.19568 3.26843 3.32632 3.36424 3.36691 3.36691 3.36691 3.32011
6.37593 6.37593 6.37593 6.37593 6.37593 6.37593 6.06243 5.55274 5.55274 5.55274 5.55274 5.55274 5.55274 5.55274 5.55274 5.55928 5.79511 6.14537 6.49583 6.84610 7.19595 7.52373 7.59628 0.00000 0.00000 0.00000 0.00000 0.00000 0.00000 3.35381 3.35381 3.35381 3.35381 3.35381 3.35381 3.35381 3.35381 3.35381 3.35381 3.35381 3.35381 3.35381 3.35381 3.35381 3.35381 3.35381 3.35381 3.35381 3.35381 3.35381 3.35701 3.41445 3.47369 3.51830 3.40225 3.34182 3.36689 3.36691 3.36691 3.36691 3.36691 3.36691 3.36691 3.36691 3.36691 3.36691
6.37593 6.37593 6.37593 6.37593 6.37593 6.37593 6.28949 5.55472 5.55274 5.55274 5.73789 6.08815 6.43841 6.78826 7.13853 7.48225 7.59628 7.59628 7.59628 7.59628 7.59628 7.59628 7.59628 0.00000 0.00000 0.00000 0.00000 0.00000 0.00000 3.35381 3.35381 3.35381 3.35381 3.35381 3.35381 3.35381 3.35381 3.35381 3.35381 3.35381 3.35381 3.35381 3.35381 3.35381 3.35381 3.35381 3.35381 3.35381 3.35381 3.37810 3.58653 3.59380 3.59380 3.59380 3.51093 3.36691 3.36691 3.36691 3.36691 3.36691 3.36691 3.36691 3.36691 3.36691 3.36691 3.36691
6.37593 6.37593 6.37593 6.37593 6.32313 6.14661 5.96528 6.49652 7.08131 7.43096 7.59628 7.59628 7.59628 7.59628 7.59628 7.59628 7.59628 7.59628 7.59628 7.59628 7.59628 7.59628 7.59628 0.00000 0.00000 0.00000 0.00000 0.00000 0.00000 3.35381 3.35381 3.35381 3.35381 3.35381 3.35381 3.35381 3.35381 3.35381 3.35381 3.35381 3.35381 3.35381 3.35381 3.35381 3.35381 3.35381 3.35381 3.35381 3.35381 3.35381 3.56542 3.59380 3.59380 3.59380 3.55701 3.36691 3.36691 3.36691 3.36691 3.36691 3.36691 3.36691 3.36691 3.36691 3.36691 3.36691
6.03036 5.84893 5.66750 5.48618 5.35775 5.35264 5.35264 6.57611 7.59628 7.59628 7.59628 7.59628 7.59628 7.59628 7.59628 7.59628 7.59628 7.59628 7.59628 7.59628 7.59628 7.59628 7.59628 7.59628 0.00000 0.00000 0.00000 0.00000 0.00000 0.00000 3.35381 3.35381 3.35381 3.35381 3.35381 3.35381 3.35381 3.35381 3.35381 3.35381 3.35381 3.35381 3.35381 3.35381 3.35381 3.35381 3.35381 3.35381 3.35381 3.35381 3.51410 3.59380 3.59380 3.59380 3.59172 3.37821 3.36691 3.36691 3.36691 3.36691 3.36691 3.36691 3.36691 3.36691 3.36691 3.36691
5.35264 5.35264 5.35264 5.35264 5.35264 5.35264 5.35264 5.94944 7.59628 7.59628 7.59628 7.59628 7.59628 7.59628 7.59628 7.59628 7.59628 7.59628 7.59628 7.59628 7.59628 7.59628 7.59628 7.59628 0.00000 0.00000 0.00000 0.00000 0.00000 0.00000 3.35381 3.35381 3.35381 3.35381 3.35381 3.35381 3.35381 3.35381 3.35381 3.35381 3.35381 3.35381 3.35381 3.35381 3.35381 3.35381 3.35381 3.35381 3.35381 3.35381 3.46108 3.63438 3.64022 3.64625 3.65264 3.59087 3.59926 3.61323 3.62756 3.64168 3.65565 3.66961 3.68394 3.69806 3.71203 3.72600
5.35264 5.35264 5.35264 5.35264 5.35264 5.35264 5.35264 5.41703 7.50271 7.59628 7.59628 7.59628 7.59628 7.59628 7.59628 7.59628 7.59628 7.59628 7.59628 7.59628 7.59628 7.59628 7.59628 7.59628 0.00000 0.00000 0.00000 0.00000 0.00000 0.00000 3.35381 3.35381 3.35381 3.35381 3.35381 3.35381 3.35381 3.35381 3.35381 3.35381 3.35381 3.35381 3.35381 3.35381 0.00000 0.00000 0.00000 0.00000 0.00000 0.00000 3.83378 3.83378 3.83378 3.83378 3.83378 3.86564 3.87858 3.87858 3.87858 3.87858 3.87858 3.87858 3.87858 3.87858 3.86019 3.76565
5.35264 5.35264 5.35264 5.35264 5.35264 5.35264 5.35264 5.35264 6.94062 7.59628 7.59628 7.59628 7.59628 7.59628 7.59628 7.59628 7.59628 7.59628 7.59628 7.59628 7.59628 7.59628 7.59628 7.59628 7.59628 0.00000 0.00000 0.00000 0.00000 0.00000 0.00000 0.00000 0.00000 0.00000 0.00000 0.00000 0.00000 0.00000 0.00000 0.00000 0.00000 0.00000 0.00000 0.00000 0.00000 0.00000 0.00000 0.00000 0.00000 0.00000 0.00000 3.83378 3.83378 3.83378 3.83378 3.85689 3.87858 3.87858 3.87858 3.83486 3.73258 3.63008 3.52757 3.42496 3.34091 3.33278
5.35264 5.35264 5.35264 5.35264 5.35264 5.35264 5.35264 5.35264 6.31426 7.59628 7.59628 7.59628 7.59628 7.59628 7.59628 7.59628 7.59628 7.59628 7.59628 7.30486 6.75445 6.20371 5.65329 5.10223 4.55660 0.00000 0.00000 0.00000 0.00000 0.00000 0.00000 0.00000 0.00000 0.00000 0.00000 0.00000 0.00000 0.00000 0.00000 0.00000 0.00000 0.00000 0.00000 0.00000 0.00000 0.00000 0.00000 0.00000 0.00000 0.00000 0.00000 3.83378 3.83378 3.82756 3.68063 3.53158 3.59689 3.49444 3.39183 3.33305 3.33278 3.33278 3.33278 3.33278 3.33278 3.33278
5.35264 5.35264 5.35264 5.35264 5.35264 5.35264 5.35264 5.35264 5.68784 7.59628 7.59628 7.59628 7.59628 7.39440 6.84880 6.29839 5.74765 5.19723 4.64650 4.38685 4.38685 4.38685 4.38685 4.38685 4.38685 0.00000 0.00000 0.00000 0.00000 0.00000 0.00000 0.00000 0.00000 0.00000 0.00000 0.00000 0.00000 0.00000 0.00000 0.00000 0.00000 0.00000 0.00000 0.00000 0.00000 0.00000 0.00000 0.00000 0.806807 0.806807 0.806807 1.13915 2.97912 2.80025 2.74218 2.74712 3.31278 3.33278 3.33278 3.33278 3.33278 3.33278 3.33278 3.33278 3.33278 3.33278
5.35264 5.35264 5.35264 5.35264 5.35264 5.35264 5.35264 5.29614 5.03257 6.21330 5.84233 5.29191 4.74085 4.39231 4.38685 4.38685 4.38685 4.38685 4.38685 4.38685 4.38685 4.38685 4.38685 4.38685 4.38685 0.00000 0.00000 0.00000 0.00000 0.00000 0.00000 0.00000 0.00000 0.00000 0.00000 0.00000 0.00000 0.00000 0.00000 0.00000 0.00000 0.00000 0.00000 0.806807 0.806807 0.806807 0.806807 0.806807 0.806807 0.806807 0.806807 0.806807 2.31390 2.74218 2.74218 2.74218 3.24233 3.33278 3.33278 3.33278 3.33278 3.33278 3.33278 3.33278 3.33278 3.33278
5.35264 5.34060 5.12842 4.84530 4.56105 4.27777 3.99433 3.76674 3.74764 4.12641 4.38685 4.38685 4.38685 4.38685 4.38685 4.38685 4.38685 4.38685 4.38685 4.38685 4.38685 4.38685 4.38685 4.38685 4.38685 4.38685 0.00000 0.00000 0.00000 0.00000 0.00000 0.00000 0.00000 0.00000 0.00000 0.00000 0.00000 0.00000 0.806807 0.806807 0.806807 0.806807 0.806807 0.806807 0.806807 0.806807 0.806807 0.806807 0.806807 0.806807 0.806807 0.806807 1.75669 2.74218 2.74218 2.74218 3.15125 3.33278 3.33278 3.33278 3.33278 3.33278 3.33278 3.33278 3.33278 3.33278
4.09095 3.81922 3.74764 3.74764 3.74764 3.74764 3.74764 3.74764 3.74764 3.94875 4.38685 4.38685 4.38685 4.38685 4.38685 4.38685 4.38685 4.38685 4.38685 4.38685 4.38685 4.38685 4.38685 4.38685 4.38685 4.38685 0.00000 0.00000 0.00000 0.00000 0.00000 0.00000 0.00000 0.00000 0.00000 0.806807 0.806807 0.806807 0.806807 0.806807 0.809750 0.806807 0.806807 0.806807 0.806807 0.806807 0.806807 0.806807 0.806807 0.806807 0.806807 0.806807 1.20011 2.74218 2.74218 2.74218 3.05659 3.40626 3.41658 3.42658 3.43661 3.44664 3.45696 3.46699 3.47703 3.48706
3.74764 3.74764 3.74764 3.74764 3.74764 3.74764 3.74764 3.74764 3.74764 3.78305 4.37484 4.38685 4.38685 4.38685 4.38685 4.38685 4.38685 4.38685 4.38685 4.38685 4.38685 4.38685 4.38685 4.38685 4.38685 4.38685 0.00000 0.00000 0.00000 0.00000 0.00000 0.00000 0.00000 0.00000 0.865378 0.865378 0.827009 0.828197 0.831748 0.834677 0.835663 0.809055 0.806807 0.806807 0.806807 0.806807 0.806807 0.806807 0.806807 0.806807 0.806807 0.806807 0.818420 2.56608 2.74218 2.74218 2.95008 3.69889 3.69889 3.69889 3.69889 3.69889 3.69889 3.69889 3.69889 3.69889
3.74764 3.74764 3.74764 3.74764 3.74764 3.74764 3.74764 3.74764 3.74764 3.74764 4.23274 4.38685 4.38685 4.38685 4.38685 4.38685 4.38685 4.38685 4.38685 4.38685 4.38685 4.38685 4.38685 4.38685 4.38685 4.38685 0.00000 0.00000 0.865378 0.865378 0.865378 0.865378 0.865378 0.865378 0.865378 0.865378 0.846143 0.836093 0.836093 0.836093 0.836093 0.819730 0.806807 0.806807 0.806807 0.806807 0.806807 0.806807 0.806807 0.806807 0.806807 0.806807 0.806807 2.02074 2.74218 2.74218 2.74428 3.65789 3.69889 3.69889 3.69889 3.69889 3.68011 3.62960 3.57861 3.52761
3.74764 3.74764 3.74764 3.74764 3.74764 3.74764 3.74764 3.74764 3.74764 3.74764 4.05517 4.38685 4.38685 4.38685 4.38685 4.38685 4.38685 4.38685 4.38685 4.38685 4.38685 4.38685 4.36174 4.29694 4.23167 4.16635 1.40456 0.865378 0.865378 0.865378 0.865378 0.865378 0.865378 0.865378 0.865378 0.865378 0.855645 0.836093 0.836093 0.836093 0.836093 0.827712 0.806807 0.806807 0.806807 0.806807 0.806807 0.806807 0.806807 0.806807 0.806807 0.806807 0.806807 1.46367 2.74218 2.74218 2.74072 3.50060 3.61367 3.56267 3.51167 3.46065 3.42843 3.42791 3.42791 3.42791
3.74764 3.74764 3.74764 3.74764 3.74764 3.74764 3.74764 3.74764 3.74764 3.74764 3.87766 4.38685 4.38685 4.38685 4.38685 4.38685 4.37094 4.30867 4.24341 4.17811 4.11285 4.04758 4.00743 4.00697 4.00697 4.00697 2.13434 0.865378 0.865378 0.865378 0.865378 0.865378 0.865378 0.865378 0.865378 0.865378 0.865081 0.837560 0.836093 0.836093 0.836093 0.833316 0.806807 0.806807 0.806807 0.806807 0.806807 0.806807 0.806807 0.806807 0.806807 0.838446 1.15132 1.65167 2.44599 2.33576 2.23523 3.03243 3.42791 3.42791 3.42791 3.42791 3.42791 3.42791 3.42791 3.42791
3.74764 3.74764 3.74764 3.74764 3.74764 3.74764 3.74764 3.74764 3.74764 3.74764 3.73035 4.25530 4.25511 4.18985 4.12455 4.05932 4.00994 4.00697 4.00697 4.00697 4.00697 4.00697 4.00697 4.00697 4.00697 4.00697 2.99706 0.865378 0.865378 0.865378 0.865378 0.865378 0.865378 0.865378 0.865378 0.865378 0.865378 0.842962 0.836093 0.836093 0.836093 0.836055 0.812190 0.806807 0.806807 0.806807 0.865592 1.20756 1.58683 1.96630 2.34557 2.69360 2.75980 2.75980 2.33182 2.20022 2.20022 2.78098 3.42791 3.42791 3.42791 3.42791 3.42791 3.42791 3.42791 3.42791
3.74764 3.74764 3.74764 3.74764 3.74563 3.63203 3.45410 3.27637 3.09854 2.92051 2.76470 3.56199 4.00697 4.00697 4.00697 4.00697 4.00697 4.00697 4.00697 4.00697 4.00697 4.00697 4.00697 4.00697 4.00697 4.00697 3.81343 0.912193 0.865378 0.865378 0.865378 0.865378 0.865378 0.865378 0.865378 0.865378 0.865378 0.850839 0.836093 0.836093 0.836093 0.883160 1.15624 1.64328 2.02274 2.40202 2.72250 2.75980 2.75980 2.75980 2.75980 2.75980 2.75980 2.75980 2.49199 2.20022 2.20022 2.43695 3.42791 3.42791 3.42791 3.42791 3.42791 3.42791 3.42791 3.42791
3.51613 3.33830 3.16037 2.98244 2.80672 2.74238 2.74238 2.74238 2.74238 2.74238 2.74238 3.21056 4.00697 4.00697 4.00697 4.00697 4.00697 4.00697 4.00697 4.00697 4.00697 4.00697 4.00697 4.00697 4.00697 4.00697 4.00697 1.58103 0.865378 0.865378 0.865378 0.865378 0.865378 0.865378 0.865378 0.865378 0.865378 0.862104 1.26841 1.47218 1.66172 1.80439 2.01890 2.75980 2.75980 2.75980 2.75980 2.75980 2.75980 2.75980 2.75980 2.75980 2.75980 2.75980 2.65253 2.20022 2.20022 2.20022 3.36588 3.42791 3.42761 3.42625 3.42478 3.42331 3.42186 3.42040
2.74238 2.74238 2.74238 2.74238 2.74238 2.74238 2.74238 2.74238 2.74238 2.74238 2.74238 2.86391 4.00204 4.00697 4.00697 4.00697 4.00697 4.00697 4.00697 4.00697 4.00697 4.00697 4.00697 4.00697 4.00697 4.00697 4.00697 2.44419 0.865378 0.865378 0.865378 0.892810 1.01863 1.11231 1.17029 1.24262 1.31296 1.39629 2.05328 2.27540 2.43264 2.61322 2.84413 3.02406 3.03818 3.05203 3.06478 3.07741 3.08925 3.10072 3.11169 3.12216 3.13227 3.14183 3.15011 2.88699 2.87156 2.88516 3.23773 3.37704 3.37589 3.37580 3.37580 3.37580 3.37580 3.37580
2.74238 2.74238 2.74238 2.74238 2.74238 2.74238 2.74238 2.74238 2.74238 2.74238 2.86739 2.95928 3.85374 4.05368 4.05964 4.06526 4.07049 4.07540 4.08004 4.08445 4.08862 4.09254 4.09629 4.09982 4.10318 4.10642 4.10949 3.73133 2.44432 2.48333 2.52051 2.58998 2.74793 2.80643 2.76117 3.00553 3.32199 3.61783 3.35727 3.19652 3.19652 3.19652 3.19652 3.19652 3.19652 3.19652 3.19652 3.19652 3.19652 3.19652 3.19652 3.19652 3.19652 3.19652 3.19652 3.02344 2.91673 2.91673 3.14434 3.37580 3.37580 3.37580 3.37580 3.37580 3.37580 3.46755
