High_resolution/powerplant/Fengdu/OMI_NO2_200807.asc
ncols      200
nrows      200
xllcorner       105.978
yllcorner       28.1831
cellsize     0.0166667
NODATA_Value      -999.000
[rows 58 to 86 of 200, columns 0 to 66 of 200]
2.62351 2.55111 2.47871 2.40642 2.33396 2.25576 2.13865 2.07034 2.01525 1.96722 2.18933 2.77377 2.92892 2.81777 2.77168 2.77168 2.77168 2.77168 2.77228 2.80755 2.86275 2.91795 2.97314 3.01248 3.01408 3.01408 3.30414 3.35619 3.31302 3.62258 3.74946 4.26648 4.25719 4.62751 4.96662 5.11442 5.30685 5.28586 5.26475 5.24371 5.22260 5.48268 5.71752 5.68611 5.99728 6.66329 6.67503 6.65392 6.66168 6.70386 6.75024 6.82898 6.79742 6.61966 6.35281 6.17893 6.10234 5.34502 4.52469 3.80668 3.11478 2.82468 2.69702 2.66634 2.66386 2.66134 2.66302
2.19716 2.18141 2.11599 2.05508 2.00187 1.95811 1.94963 1.94963 1.94963 1.94963 2.07164 2.62071 2.91896 2.86606 2.77978 2.82915 2.88435 2.93954 2.99413 3.01408 3.01408 3.01408 3.01408 2.99253 2.97259 2.96989 3.17063 3.30528 3.29189 3.55884 3.68064 3.82445 3.82035 4.05986 4.57756 4.68196 5.01355 5.01462 5.01462 5.01462 5.01462 5.12700 5.60520 5.59096 5.82592 6.50764 6.69855 6.68206 6.63377 6.50979 6.33507 6.15734 6.00773 5.67808 5.51082 5.39157 5.25805 4.87812 4.35877 3.59775 3.24024 3.01485 3.01610 3.01610 3.01610 3.01610 3.01610
1.98892 1.95242 1.94963 1.94963 1.94963 1.94963 1.94963 1.94963 1.94963 1.94963 1.99234 2.41185 2.81848 2.85933 3.00715 3.01408 3.01408 3.01359 2.98661 2.94444 2.92080 2.91797 2.91522 2.93398 2.95108 2.95108 3.06814 3.29263 3.29263 3.46108 3.68064 3.77770 3.81943 3.91173 4.38416 4.39668 4.67655 4.73082 4.70913 4.67565 4.62702 4.57993 5.14795 5.26047 5.21482 5.51146 5.71783 5.61974 5.52495 5.47114 5.46273 5.41788 5.39328 5.01808 4.91795 4.86587 4.96592 4.85335 4.47914 3.76831 3.38818 3.04473 3.01610 3.01419 2.99774 2.97823 2.95875
1.94963 1.94963 1.94963 1.94963 1.94963 1.94954 1.93584 1.91236 1.88891 1.86544 1.85286 2.13771 2.69858 2.79555 2.89909 2.89649 2.86929 2.86661 2.89086 2.93019 2.95106 2.95108 2.95108 2.95108 2.95108 2.95108 2.98244 3.29168 3.29263 3.34121 3.68015 3.74792 3.81773 3.79417 4.17307 4.16389 4.31732 4.48529 4.45715 4.43566 4.40447 4.37044 4.45360 4.75601 4.74584 5.03109 5.46197 5.41684 5.36483 5.31238 5.26573 5.25832 5.28683 5.00077 4.87747 4.74366 4.82448 4.76466 4.39315 3.79708 3.31440 2.96162 2.86664 2.84719 2.84418 2.84418 2.84418
1.94963 1.94817 1.92965 1.90618 1.88272 1.85934 1.84959 1.84891 1.83547 1.81722 1.79908 1.91664 2.46687 2.66223 2.79074 2.92632 2.95076 2.95108 2.95108 2.95108 2.95108 2.95108 2.95108 2.95108 2.95108 2.97552 3.02277 3.21021 3.18804 3.14346 3.46451 3.52485 3.61891 3.61142 3.89401 4.04142 4.06933 4.35205 4.31851 4.28994 4.28644 4.28644 4.33707 4.63081 4.65166 4.77133 5.18874 5.23793 5.19203 5.14655 5.10184 5.05782 5.02638 4.86969 4.65451 4.57013 4.69783 4.69790 4.38835 3.96692 3.25940 2.97327 2.86727 2.84418 2.84418 2.84418 2.84418
1.87653 1.85452 1.84896 1.83572 1.81751 1.79926 1.78112 1.76367 1.78919 1.95539 2.11935 2.34595 2.77320 2.75712 2.79812 2.95108 2.95108 2.96093 3.01328 3.07045 3.11386 3.11980 3.07484 3.02817 2.98789 2.93515 2.87463 3.04105 3.03007 3.02985 3.27766 3.40176 3.53445 3.50163 3.59860 3.91001 3.90877 4.22787 4.27882 4.21953 4.14767 4.07417 4.03443 4.33581 4.51204 4.60953 4.90464 4.99048 4.99029 4.99029 4.99029 4.99029 4.99100 4.96685 4.64545 4.60358 4.67180 4.69790 4.48492 4.14820 3.41124 3.03132 2.89144 2.84418 2.84418 2.83614 2.79555
1.79954 1.78130 1.76380 1.75890 1.77072 1.91853 2.08673 2.23632 2.35049 2.36329 2.36779 2.38823 2.84927 2.96636 3.03769 3.22005 3.20446 3.14303 3.05289 2.97106 2.90670 2.86783 2.86221 2.86221 2.86221 2.86221 2.84509 2.91925 2.90726 2.85607 2.97157 3.21534 3.34746 3.35183 3.32793 3.77094 3.76952 3.87919 3.92959 3.92602 3.93555 3.94484 3.94818 4.18280 4.50540 4.53691 4.83250 4.99029 4.99029 4.99029 4.99029 4.99029 4.99029 5.02541 4.69410 4.64428 4.63802 4.64428 4.45924 4.06055 3.61159 3.06485 2.83491 2.69049 2.62815 2.56380 2.48064
1.76072 1.88070 2.05424 2.21402 2.34994 2.38450 2.39159 2.39868 2.41413 2.47033 2.52754 2.56991 2.79937 3.04583 2.97847 2.96140 2.86496 2.86221 2.86221 2.86221 2.86221 2.86037 2.82834 2.79930 2.78754 2.77646 2.78167 2.87218 2.98000 3.00705 3.01397 2.83891 3.03651 3.16461 3.17626 3.57850 3.75705 3.79766 3.94600 3.94044 3.93477 3.92889 3.92300 4.02891 4.46718 4.49759 4.74470 5.00461 5.01622 5.01894 5.02173 5.00298 4.94585 4.88748 4.57204 4.30359 4.23817 4.26498 4.19307 3.69403 3.52709 2.83664 2.60575 2.46114 2.41003 2.38301 2.40450
2.35349 2.40829 2.41449 2.41537 2.43386 2.48760 2.54223 2.59681 2.64311 2.64852 2.64852 2.48935 2.51417 2.90152 2.87375 2.91047 2.90016 2.91141 2.89973 2.88677 2.87420 2.86373 2.87993 2.89364 2.89368 2.89368 2.91349 2.96865 3.16797 3.20581 3.23181 2.94097 2.95090 2.99401 2.97646 3.22726 3.62530 3.61675 3.80533 3.83033 3.83033 3.83033 3.83033 3.90520 4.33084 4.48007 4.60266 4.84863 4.85839 4.80232 4.74424 4.69352 4.60935 4.48690 4.22523 3.84727 3.76218 3.60029 3.44365 3.18765 3.05952 2.50397 2.26676 2.11784 2.02038 1.99201 1.96437
2.44764 2.50229 2.55689 2.61152 2.64766 2.64852 2.64852 2.64852 2.64852 2.64852 2.64852 2.53648 2.47011 2.84135 2.82633 2.80908 2.92980 2.89543 2.89368 2.89368 2.89405 2.91952 2.96014 3.00116 3.04231 3.08350 3.10485 3.10500 3.25416 3.28535 3.28535 3.02405 2.90759 2.90759 2.90759 2.96963 3.59195 3.59659 3.73140 3.83421 3.81432 3.73349 3.66032 3.64710 3.94425 4.22916 4.28703 4.44832 4.50416 4.30386 4.10080 3.92059 3.85136 3.80188 3.70534 3.31176 3.18886 2.70990 2.65904 2.69456 2.72298 2.44495 2.12557 2.03315 1.99069 2.00765 2.02316
2.64852 2.64852 2.64852 2.64852 2.64852 2.64852 2.64852 2.64852 2.64756 2.62715 2.59916 2.51637 2.38040 2.61633 2.76409 2.75931 2.90758 2.96620 3.00686 3.04777 3.08856 3.10429 3.10481 3.10500 3.10500 3.10500 3.10500 3.10500 3.19794 3.28535 3.28535 3.12588 2.90759 2.90759 2.90759 2.87863 3.32260 3.43186 3.45641 3.60446 3.58332 3.62255 3.63652 3.53173 3.30820 3.59088 3.44824 3.45060 3.82234 3.80079 3.71239 3.61977 3.52696 3.45470 3.44963 3.22590 3.09124 2.70270 2.58563 2.60084 2.64867 2.56099 2.18009 2.13038 2.17363 2.19846 2.22323
2.64852 2.64852 2.64852 2.64852 2.64461 2.61970 2.59170 2.56369 2.53667 2.52907 2.53053 2.54890 2.42435 2.58536 2.91611 3.03402 3.10489 3.10424 3.10477 3.10500 3.10500 3.10500 3.10500 3.10500 3.10500 3.10500 3.10500 3.10500 3.14448 3.28677 3.26876 3.17582 2.81010 2.77271 2.73651 2.72617 3.04426 3.40031 3.32793 3.44997 3.35229 3.23346 3.13770 3.12915 3.02068 3.25831 3.27483 3.18243 3.46598 3.45414 3.43953 3.42108 3.40517 3.39015 3.37601 3.25656 3.10216 2.90856 2.74388 2.75517 2.80578 2.80263 2.39020 2.22538 2.24039 2.24468 2.24468
2.63966 2.61224 2.58426 2.55624 2.53218 2.53043 2.55540 2.58894 2.62272 2.65636 2.68844 2.66435 2.41853 2.28601 2.61677 3.00816 3.07295 3.12108 3.10500 3.10500 3.10500 3.09035 3.06260 3.03875 3.03266 3.03627 3.04177 3.04752 3.05663 3.15544 3.17164 3.16590 2.79598 2.74252 2.77783 2.81638 2.89056 2.90631 2.86370 3.02732 3.12915 3.10983 3.03830 2.96441 2.82335 2.85940 3.12857 3.27059 3.45071 3.42496 3.41943 3.42085 3.42085 3.42085 3.42085 3.39723 3.16236 3.04179 2.76236 2.75142 2.79597 2.80623 2.52881 2.24748 2.23467 2.24468 2.24468
2.53082 2.55480 2.58861 2.62215 2.65568 2.68818 2.69677 2.67971 2.57396 2.44354 2.29650 2.18065 2.11790 2.05764 2.38243 2.78835 2.92770 3.00694 2.98810 2.98344 2.98671 3.00736 3.04404 3.07791 3.09095 3.09278 3.09278 3.09278 3.09278 3.14479 3.21953 3.25171 3.03920 2.90251 2.90580 2.90580 2.90579 2.86093 2.81880 2.84237 2.93579 2.92749 2.97684 3.03397 3.06307 3.00581 3.45624 3.49257 3.55946 3.42085 3.42085 3.42085 3.42085 3.42085 3.42085 3.42085 3.21646 3.11013 2.79918 2.75142 2.78240 2.80623 2.67174 2.27824 2.24249 2.27434 2.28702
2.68771 2.69677 2.69677 2.69012 2.59927 2.47181 2.33894 2.22475 2.22927 2.25046 2.27162 2.29173 2.28428 2.15544 2.15316 2.39708 2.78575 2.95792 3.08197 3.09178 3.09278 3.09278 3.09278 3.09278 3.09525 3.12146 3.15284 3.17803 3.20186 3.23028 3.28045 3.27210 3.14347 2.89937 2.87948 2.88567 2.89322 2.88441 2.91356 2.96819 3.10978 3.11698 3.11698 3.11698 3.11648 2.93419 3.40336 3.45692 3.60965 3.42575 3.42085 3.42085 3.42085 3.42085 3.41892 3.23906 3.11095 2.98151 2.73416 2.65803 2.68836 2.73605 2.73980 2.32910 2.25237 2.34170 2.41738
2.65679 2.55274 2.43590 2.31360 2.30015 2.32137 2.33148 2.33034 2.32763 2.32455 2.32101 2.31793 2.31772 2.22043 2.22801 2.28146 2.80630 2.91109 3.09267 3.08802 3.08981 3.11296 3.13679 3.16057 3.18193 3.17953 3.17193 3.17057 3.17057 3.16222 3.19028 3.14069 3.08078 2.98773 3.02262 3.02365 3.02365 3.01015 2.97103 2.97103 3.06802 3.11698 3.11698 3.11698 3.11698 2.98080 3.22957 3.45624 3.58454 3.46918 3.42085 3.42085 3.42085 3.42085 3.41849 3.17671 3.09329 3.00054 2.84006 2.69272 2.64972 2.64868 2.60641 2.53532 2.47868 2.48778 2.49293
2.33148 2.33148 2.33142 2.32964 2.32683 2.32363 2.31995 2.31772 2.31772 2.31772 2.31772 2.31772 2.31772 2.25785 2.22309 2.24397 2.66055 2.80392 3.08028 3.14790 3.16989 3.17057 3.17057 3.17038 3.15883 3.13822 3.09409 3.04406 2.99407 2.95696 3.01978 3.03165 3.03165 3.03171 3.02365 3.02365 3.02365 3.02266 2.97438 2.97103 3.02178 3.11698 3.11698 3.13484 3.22147 3.22439 3.21704 3.27500 3.38629 3.50177 3.37202 3.34144 3.31084 3.28026 3.25203 3.07415 2.93171 2.78479 2.57562 2.43571 2.45052 2.51745 2.52942 2.54326 2.47806 2.43050 2.41352
2.32925 2.32267 2.31895 2.31772 2.31772 2.31772 2.31772 2.31772 2.31772 2.31772 2.31772 2.31491 2.28386 2.22016 2.13881 2.12842 2.38932 2.72925 3.01343 3.15625 3.13813 3.11857 3.07638 3.02658 2.98807 2.95865 2.95278 2.95278 2.95278 2.95278 3.00379 3.03165 3.03165 3.02825 3.02365 3.02365 3.02365 3.02365 3.02646 3.07496 3.09613 3.22687 3.21701 3.18252 3.08088 2.95211 2.75939 2.72115 2.81150 3.33978 3.20765 3.20765 3.15983 3.04042 2.92023 2.72610 2.56369 2.53362 2.45808 2.34150 2.38537 2.38166 2.36311 2.29029 2.26933 2.24008 2.27227
2.33341 2.31772 2.31772 2.31772 2.31772 2.31772 2.31772 2.30973 2.27382 2.23549 2.19720 2.16166 2.15441 2.15026 2.07343 2.05103 2.09483 2.63687 2.77120 3.02294 2.99106 2.96060 2.95278 2.95278 2.95278 2.95278 2.95278 2.95278 2.95278 2.95278 2.98775 3.03165 3.02715 3.04180 2.99136 2.97108 2.95568 2.94015 2.86895 2.76053 2.73514 2.82811 2.85594 2.84200 2.82807 2.81739 2.68090 2.66749 2.60807 3.09501 2.92642 2.79739 2.72532 2.70559 2.61915 2.47540 2.27513 2.16043 2.01938 1.88313 2.00629 2.01204 2.02970 2.02597 2.11441 2.18693 2.22468
2.35366 2.31772 2.31772 2.30192 2.26378 2.22545 2.18714 2.15681 2.15226 2.11859 2.07463 2.03045 1.98628 1.94463 1.93443 1.94090 1.95713 2.37520 2.54192 2.92456 2.95278 2.95278 2.95278 2.95278 2.95624 2.98280 3.01361 3.04466 3.07734 3.11035 3.13981 3.09279 3.15672 3.17247 2.86766 2.78721 2.79239 2.81165 2.82643 2.69196 2.67511 2.72920 2.81729 2.81729 2.75123 2.60142 2.35181 2.15122 2.06415 2.37691 2.35736 2.17413 2.05405 1.95301 1.91941 1.91881 1.89290 1.88974 1.84422 1.78055 1.88553 1.96398 2.02578 2.02597 2.06548 2.18673 2.21191
2.31774 2.21541 2.17711 2.15266 2.11947 2.07551 2.03113 1.98715 1.94524 1.93463 1.93463 1.93463 1.93463 1.93463 1.93450 1.93551 1.95702 2.24301 2.53999 2.92456 3.06424 3.09506 3.12629 3.15910 3.18864 3.19509 3.19726 3.19920 3.19952 3.19952 3.19952 3.14384 3.18528 3.20131 3.02717 2.85966 2.87454 2.87533 2.87533 2.72234 2.64619 2.58987 2.44940 2.29800 2.21371 2.21346 2.15123 2.06366 2.06366 2.12690 2.11462 1.91907 1.91907 1.91907 1.91907 1.91907 1.89792 1.89158 1.85700 1.79457 1.82283 1.95800 2.01503 2.02597 2.02372 2.17706 2.19839
2.11595 2.02607 1.98803 1.94570 1.93463 1.93463 1.93463 1.93463 1.93463 1.95258 2.06959 2.20192 2.33416 2.46639 2.57437 2.53179 2.36685 2.39045 2.75345 2.97652 3.19540 3.19757 3.19934 3.19952 3.19952 3.19952 3.19952 3.20129 3.21308 3.22643 3.23506 3.18169 3.20788 3.19021 3.11546 2.87533 2.85981 2.80848 2.74841 2.56202 2.35966 2.35916 2.24099 2.21346 2.21346 2.21346 2.18837 2.06366 2.06366 2.08388 2.20621 1.92437 1.91907 1.91907 1.91907 1.91907 1.90822 1.90161 1.88129 1.81427 1.77563 1.95778 2.00793 2.01571 1.99127 2.23410 2.32382
2.14718 1.89934 1.98810 2.11975 2.25199 2.38432 2.51645 2.64878 2.78092 2.89549 2.91052 2.91052 2.87584 2.77390 2.68183 2.65664 2.49423 2.32772 2.70864 2.87211 3.18708 3.19952 3.19756 3.19079 3.19027 3.18980 3.18926 3.18679 3.17259 3.15584 3.14482 3.08276 3.10845 3.12437 3.15314 2.70641 2.63277 2.63115 2.63115 2.59040 2.35916 2.35916 2.28366 2.21346 2.21346 2.21346 2.21293 2.07656 2.06366 2.06362 2.20156 1.98409 1.91907 1.91907 1.91907 1.91693 1.90286 1.88363 1.84963 1.75911 1.69152 1.79871 1.89145 1.93816 1.92108 2.11145 2.10406
2.24461 2.37939 2.90993 2.91052 2.91052 2.91052 2.91052 2.87833 2.77648 2.68421 2.60168 2.52794 2.48116 2.47967 2.47967 2.63755 2.73017 2.57831 2.87056 3.03974 3.05229 3.13650 3.13718 3.14459 3.14465 3.14465 3.14484 3.16576 3.19893 3.21886 3.24157 3.24868 3.14561 3.26312 3.26312 2.76925 2.63115 2.63115 2.63115 2.63115 2.40027 2.35916 2.33776 2.22955 2.24331 2.25702 2.27023 2.18955 2.15777 2.17867 2.24924 2.12782 1.99166 1.97462 1.95548 1.93925 1.93307 1.93166 1.93811 1.91314 1.78989 1.83705 1.90505 1.93351 1.92947 2.04699 2.11953
2.24461 2.17663 2.88032 2.77942 2.68642 2.60400 2.52975 2.48755 2.56457 2.65945 2.74837 2.83231 2.91093 2.98525 3.06027 3.16316 3.30697 3.07324 3.16905 3.32665 3.00616 3.14566 3.17080 3.20842 3.24672 3.27383 3.30436 3.30522 3.28427 3.28213 3.28213 3.28213 3.11815 3.26312 3.26312 2.92321 2.63115 2.63115 2.63115 2.73815 2.65968 2.57540 2.58480 2.45858 2.44836 2.46675 2.48514 2.43469 2.33561 2.31950 2.25542 2.13278 1.95171 1.94882 1.94887 1.95816 1.97415 1.99028 2.00622 1.98993 1.85639 1.82611 1.88383 1.96348 1.99775 2.09053 2.24209
1.77043 1.71312 2.39321 2.47967 2.47967 2.87367 3.00978 3.07472 3.08929 3.08929 3.09973 3.13166 3.16421 3.19676 3.22471 3.23129 3.38537 3.23597 3.25285 3.44613 3.17062 3.32909 3.32950 3.30758 3.28545 3.28213 3.28213 3.28213 3.28213 3.28213 3.28213 3.28213 3.12332 3.26312 3.26312 3.11533 2.64612 2.67661 2.70726 2.81606 2.83980 2.71001 2.73139 2.63482 2.53935 2.52388 2.50839 2.45431 2.25543 2.25516 2.24220 2.16932 1.99337 1.99056 2.00652 2.01334 2.01976 2.04742 2.08228 2.11044 2.03201 2.00760 2.03846 2.08964 2.12094 2.14020 2.25142
1.53270 1.71261 2.21120 2.47967 2.47967 2.88613 3.10786 3.14041 3.17298 3.20553 3.22764 3.23175 3.29025 3.37360 3.46460 3.56367 3.80190 3.71798 3.54145 3.54378 3.25889 3.18673 3.28213 3.28213 3.28213 3.28213 3.28213 3.28213 3.28044 3.27636 3.27904 3.34139 3.31682 3.33549 3.34972 3.35559 2.89918 2.84781 2.84781 2.89939 2.98931 2.72699 2.68110 2.62467 2.48229 2.48229 2.48245 2.49525 2.31027 2.31544 2.34961 2.27564 2.15567 2.12617 2.16414 2.20214 2.23367 2.24404 2.24711 2.24674 2.15554 2.05887 2.06332 2.09573 2.13401 2.13401 2.25635
1.34776 1.72056 2.08595 2.55453 2.59522 2.87406 3.23153 3.28945 3.37308 3.46365 3.56263 3.66611 3.69389 3.69389 3.69389 3.69389 3.77202 3.80866 3.54145 3.54145 3.40746 3.05967 3.27362 3.26950 3.26465 3.27212 3.33623 3.40902 3.48481 3.56472 3.64868 3.66582 3.65048 3.36359 3.35940 3.38925 3.10839 2.96415 3.00675 3.04168 3.09135 2.81004 2.66600 2.67338 2.56004 2.57535 2.60229 2.61526 2.50116 2.45501 2.45969 2.39741 2.31988 2.24711 2.24711 2.24711 2.24711 2.24711 2.24711 2.24711 2.19939 2.05887 2.05910 2.07991 2.13399 2.13401 2.23985
1.18830 1.98435 2.10193 2.77939 2.86257 3.03493 3.66476 3.69389 3.69389 3.69389 3.69389 3.69389 3.69382 3.66669 3.61754 3.56843 3.53972 3.66357 3.52443 3.52078 3.52072 3.04117 3.40837 3.48298 3.57076 3.65578 3.66582 3.66582 3.66582 3.66582 3.67418 3.71388 3.75653 3.55897 3.53340 3.54625 3.32370 3.01965 3.01620 3.01298 3.05101 2.92033 2.70096 2.69687 2.65282 2.62345 2.62324 2.62324 2.55469 2.46100 2.46100 2.42405 2.34941 2.24847 2.24711 2.24711 2.24711 2.24711 2.24711 2.24711 2.23202 2.07047 2.05887 2.06871 2.12576 2.13798 2.20408
