High_resolution/powerplant/Fengdu/OMI_NO2_2009_06-08.asc
ncols      200
nrows      200
xllcorner       105.978
yllcorner       28.1831
cellsize     0.0166667
NODATA_Value      -999.000
[rows 145 to 173 of 200, columns 0 to 65 of 200]
1.70110 3.06523 3.13038 3.13038 2.96760 2.90151 2.90151 2.90151 2.90151 2.90151 2.90809 2.98958 1.39116 1.44319 1.44319 1.52148 1.52148 1.52148 1.35167 1.28218 1.59650 1.58136 1.46733 1.46616 1.45908 1.42835 1.42402 1.44669 1.30611 1.13679 1.11573 1.25536 1.25536 1.33909 1.28840 1.30648 1.32441 1.34247 1.43486 1.48272 1.48843 1.49016 1.49155 1.49155 1.56316 1.74999 1.49999 1.64999 2.41279 2.63413 2.50469 2.34973 2.28389 2.25010 2.28033 2.08813 1.90080 1.90080 1.20574 1.20574 1.20574 1.07656 1.00478 0.941986 1.00478 1.00478
3.09486 3.06523 3.13038 3.13038 3.03194 2.90151 2.90151 2.90151 2.90151 2.90151 2.90090 2.97746 2.94949 1.44319 1.59670 1.71764 1.75223 1.78682 1.78343 1.61647 1.82658 1.76908 1.63214 1.54900 1.48886 1.44540 1.55462 1.56783 1.14782 1.01260 1.02677 1.15652 1.17231 1.28302 1.25454 1.25454 1.25454 1.25454 1.32348 1.33782 1.48376 1.46572 1.49155 2.06852 2.10741 2.14582 1.81507 1.88785 2.00062 2.28033 2.28033 2.25010 2.28033 2.28033 2.32063 2.23976 1.96641 1.96641 1.13038 1.13038 1.13038 1.00478 0.904306 0.904306 1.00478 1.00478
3.03088 3.01245 3.07114 3.07114 3.04991 2.84473 2.84227 2.84227 2.84227 2.84227 2.90944 2.99643 3.04142 1.59117 1.69085 1.72082 1.48892 1.43105 1.32356 1.20846 1.27490 1.26795 1.21873 1.17787 1.18639 1.20051 1.28577 1.15095 0.950565 0.955843 1.07532 1.19480 1.19480 1.29039 1.17308 1.17308 1.17308 1.17308 1.25454 1.22338 1.40513 1.40099 2.19837 2.35736 2.43781 1.94046 1.80008 2.00009 2.28033 2.28033 2.28033 2.25010 2.28033 2.28033 2.32063 2.31557 1.98915 1.96641 1.20574 1.20574 1.20574 1.07656 0.904190 0.894580 0.976645 0.959349
2.95468 2.94203 2.94203 2.94203 2.94203 2.71495 2.66639 2.65171 2.65842 2.66544 2.73080 2.77835 2.79906 1.70815 1.69585 1.62685 1.53319 1.53040 1.60721 1.56966 1.34025 1.32565 1.31384 1.34194 1.34844 1.34844 1.39725 1.28950 1.24777 0.955843 0.955843 1.07532 1.07532 1.07532 0.977567 0.977567 0.979262 1.01542 1.17167 1.13381 1.36644 1.25380 2.66629 2.71109 2.71109 2.44625 2.17320 2.41467 2.71650 2.71650 2.71650 2.64117 2.71650 2.71650 2.81336 2.81336 2.08262 1.96453 1.18571 1.16490 1.14415 1.00301 0.827056 0.821107 0.912342 0.912342
3.02123 2.98199 2.94567 2.89788 2.88644 2.76946 2.66470 2.66081 2.64179 2.62545 2.68949 2.70661 2.80019 2.64845 1.53739 1.59620 1.50118 1.48889 1.54572 1.53883 1.34052 1.29252 1.29338 1.34489 1.34844 1.34844 1.36606 1.28638 1.24777 0.955843 0.955843 1.07532 1.07553 1.10758 1.05663 1.10638 1.15440 1.16798 1.28478 1.16917 1.36944 1.22608 1.37625 2.71109 2.71109 2.62962 2.17320 2.41467 2.71650 2.64117 2.64117 2.58091 2.62269 2.54667 2.55279 2.47767 1.88294 1.80440 1.14043 1.02638 1.02638 0.957959 0.855639 0.876935 0.971426 1.00751
2.81044 2.78088 2.80964 2.84982 2.85366 2.77946 2.60072 2.60072 2.60072 2.59732 2.66749 2.66565 2.75904 2.62116 1.48737 1.55330 1.47057 1.47057 1.53883 1.53883 1.41826 1.29252 1.29252 1.32987 1.34844 1.34844 1.34851 1.27238 1.24777 0.976342 1.02481 1.07345 1.12188 1.02782 1.02782 1.02782 1.02782 1.02782 1.16798 1.02262 1.16316 0.979284 1.08982 2.66629 2.66629 2.70937 2.52355 2.78773 3.17288 2.90163 2.81578 2.57790 2.14630 2.14116 2.14116 2.14116 1.41016 1.36855 1.36868 1.22460 1.27195 1.20614 1.17094 1.18590 1.12943 1.12943
3.16146 3.16172 3.16172 3.16172 3.16172 3.16086 2.97803 2.95362 2.94439 2.93773 2.89431 2.71027 2.66246 2.51524 1.24264 1.33688 1.34648 1.34648 1.53883 1.53883 1.49624 1.29252 1.29252 1.31403 1.34844 1.36584 1.50840 1.47233 1.52361 1.42735 1.42753 1.42753 1.42753 1.27728 1.24631 1.32410 1.28847 1.25285 1.30177 1.18883 1.34750 1.30884 1.43666 2.91081 2.84208 2.77538 2.76182 2.86762 2.86687 2.65953 2.65953 2.50402 2.14116 2.14116 2.14116 2.16404 1.49705 1.51185 1.55804 1.38355 1.35532 1.22982 1.12943 1.12943 1.12943 1.12943
3.11974 3.11974 3.11974 3.11974 3.10351 3.00955 2.71822 2.53575 2.43159 2.32748 2.26183 2.25595 2.29006 2.29623 1.38071 1.38071 1.41542 1.41542 1.69850 1.69850 1.69842 1.48771 1.51045 1.58222 1.70025 1.74785 1.85246 1.62352 1.66447 1.73079 1.47447 1.37638 1.33723 1.18820 1.18637 1.26876 1.18640 1.18989 1.27884 1.20170 1.32151 1.18634 1.21314 1.58531 2.64867 2.64867 2.82261 2.65953 2.65953 2.50402 2.65953 2.52210 2.20619 2.25126 2.29631 2.31840 1.62813 1.60182 1.58120 1.38355 1.35532 1.22982 1.12943 1.12943 1.12943 1.12943
2.93973 2.83557 2.73170 2.62759 2.53972 2.52956 2.41662 2.26374 2.26374 2.26374 2.26117 2.25595 2.27518 2.30812 2.18583 1.38071 1.41542 1.41112 1.59882 1.44967 1.26490 1.47246 1.68924 1.68825 1.73588 1.74687 1.86677 1.62396 1.54116 1.69250 1.35939 1.30505 1.30894 1.19585 1.20176 1.29149 1.21348 1.21590 1.30034 1.21590 1.33749 1.19365 1.06057 1.42121 2.40788 2.40788 2.65541 2.38546 2.37368 2.31149 2.44123 1.01753 1.08542 1.08542 1.08542 1.08542 1.30250 1.29189 1.26496 1.18590 1.31767 1.31767 1.18590 1.18590 1.18590 1.18590
2.52956 2.52956 2.52956 2.52956 2.52956 2.52956 2.50585 2.26677 2.26374 2.26374 2.26117 2.25595 2.26246 2.30471 2.17063 1.22961 1.09917 0.923810 1.04458 1.04354 1.06107 1.30139 1.81036 1.86721 1.94783 2.02393 2.09266 1.79747 1.83444 2.02647 1.58147 1.48321 1.48610 1.33749 1.33749 1.41855 1.33749 1.33749 1.41855 1.33749 1.48610 1.44920 1.23494 1.48832 2.52919 2.44169 2.64944 1.16698 1.08542 1.13969 1.08542 1.08542 1.16295 1.16295 1.16295 1.16295 1.35677 1.35532 1.31893 1.22982 1.31767 1.31767 1.18590 1.18590 1.18590 1.18607
2.49473 2.49473 2.49473 2.49473 2.49473 2.49473 2.49473 2.27520 2.23505 2.23558 2.23189 2.14727 2.04655 1.87508 1.69126 0.997928 1.01514 1.05208 1.08286 1.11364 1.12866 1.13613 1.76924 1.83612 1.86513 1.88727 1.94984 1.89664 1.88948 2.01421 2.01421 1.23842 1.23842 1.11458 1.11458 1.21590 1.11458 1.11458 1.21590 1.10821 1.18611 1.17930 0.907151 1.00002 1.07194 1.07194 1.17913 1.11267 0.976878 1.03608 0.976878 0.976878 1.01758 1.01758 1.16295 1.16295 1.35677 1.35677 1.32834 1.22982 1.32452 1.40179 1.36393 1.49253 1.65922 1.88329
2.41601 2.41601 2.41601 2.41601 2.43489 2.50412 2.64375 2.53155 2.30775 2.18736 1.87839 1.93408 1.93923 1.92550 1.85252 1.21545 1.12866 1.14245 1.17583 1.20935 1.24288 1.27637 1.71719 1.91034 2.92285 2.91018 2.85293 2.90943 2.82012 2.68940 2.68940 1.23842 1.23842 1.11458 1.11458 1.21280 1.07551 1.02968 1.07325 0.944369 1.04361 1.12192 0.873659 0.950214 1.07194 1.07194 1.25060 1.24027 1.04268 1.08542 1.03608 1.03608 1.08542 1.08542 1.22110 1.23226 1.46691 1.38799 1.49803 1.72630 2.02602 2.08156 1.91163 1.91163 1.91163 1.91163
2.59977 2.76696 2.95563 3.16238 3.38533 3.46959 3.48645 2.34449 2.05275 2.05329 1.90397 1.94692 1.96291 1.96549 1.94712 1.96031 1.27187 1.29157 1.29171 2.30451 2.30451 2.30451 2.53207 2.92314 2.92314 2.91376 2.85293 2.90943 2.87998 2.76020 2.75786 0.990096 0.963119 0.830157 0.793492 0.862598 0.751400 0.751400 0.751400 0.626166 0.704437 0.834888 0.669248 0.718173 0.759199 0.786089 0.982612 0.982612 0.863499 0.888071 0.918064 0.958014 1.12349 1.16917 1.38845 1.43002 1.67234 1.56085 1.61018 2.00722 2.08156 2.08156 2.00722 2.00722 2.00722 2.00722
3.21020 3.21605 3.22176 2.11377 2.11377 2.11377 2.11377 2.48743 2.02974 2.07145 1.98631 2.07214 2.10978 2.03445 1.95723 2.14481 2.30451 2.30451 2.30451 2.30451 2.30451 2.30451 2.32597 2.89801 3.04847 3.04358 2.97275 2.90943 2.85683 2.70330 2.62678 0.848665 0.834888 0.939250 0.939250 1.02464 0.938650 0.933833 0.928220 0.820091 0.916989 1.01264 0.844461 0.845465 0.876399 1.00071 1.15253 1.19317 1.15981 1.17409 1.25349 1.25425 1.43343 1.43343 1.67234 1.67234 1.67234 1.55912 1.45419 1.79211 2.00722 2.00722 0.00000 0.00000 0.00000 0.00000
2.17768 2.16878 2.47763 2.47763 2.47763 2.47763 2.47763 2.47507 2.20592 2.18069 2.08807 2.12725 2.10964 2.09728 2.03463 2.18822 2.30377 2.30377 2.30377 2.30377 2.30377 2.30377 2.30377 2.73997 3.07420 3.02771 2.77608 2.60052 2.57995 2.60776 2.55658 2.68815 0.824754 0.922231 0.916618 0.993819 0.905986 0.905186 0.905186 0.905184 1.00535 1.08501 0.970073 1.02055 1.05552 1.30216 1.40634 1.30216 1.28494 1.20574 1.25425 1.25425 1.43343 1.43257 1.62051 1.52228 1.38627 1.11279 1.00299 0.972593 0.00000 0.00000 0.00000 0.00000 0.00000 0.00000
2.50847 2.47739 2.46181 2.43719 2.41255 2.38792 2.36330 2.34121 2.04803 2.03828 1.98559 2.02364 2.02364 2.02364 1.68985 1.74034 1.95597 1.95665 1.95665 1.95665 1.95665 1.95665 1.95665 2.19351 2.73509 2.75813 2.61725 2.49902 2.58970 2.57853 2.29772 2.38960 1.00576 1.08622 1.00576 1.08576 1.00462 1.00391 1.00320 1.00249 1.00219 1.08237 0.983971 1.06691 1.00657 1.30079 1.40634 1.30216 1.30216 1.24973 1.21932 1.14688 1.19683 1.03218 1.11443 1.11443 1.11443 1.04013 1.00299 1.04013 0.00000 0.00000 0.00000 0.00000 0.00000 0.00000
2.43387 2.34665 2.33759 2.33759 2.33759 2.33759 2.33759 2.33759 2.05198 2.03851 1.98559 2.02364 2.02364 2.02364 1.70433 1.67381 1.89364 1.95665 1.95684 1.96106 1.96781 1.97606 1.98640 2.05927 2.95119 2.97100 2.82226 2.67355 2.61420 2.62649 2.23222 2.25758 1.00390 1.08344 1.00248 1.08237 1.00219 1.00219 1.00219 0.983973 0.983973 1.05230 0.971358 1.04212 0.967792 1.20515 1.42600 1.45520 1.57723 1.39774 0.742953 0.742953 0.835822 0.835822 0.955225 0.955225 0.955225 0.936121 0.955225 1.00299 1.06985 0.00000 0.00000 0.00000 0.00000 0.00000
2.85287 2.64359 2.64200 2.64200 2.64200 2.64200 2.64200 2.64200 2.22202 2.21087 2.13779 2.21389 2.00481 2.00481 1.63641 1.59578 1.81966 1.99757 2.01388 2.01932 2.01932 2.01932 2.01932 2.01932 2.86451 2.92799 2.79205 2.72459 2.63069 2.66937 2.36912 2.29772 1.03083 1.12747 1.03083 1.12747 1.03083 1.03083 1.03083 1.00219 1.00219 1.08237 1.00851 1.19108 1.26827 1.58469 2.03623 1.92003 1.92003 1.82738 0.835822 0.835822 0.835822 0.835822 0.955225 0.955225 0.955225 0.936121 0.955225 0.955225 1.00299 0.00000 0.00000 0.00000 0.00000 0.00000
2.85252 3.21956 3.17011 3.17011 3.17011 3.17011 3.17011 3.17011 2.32695 2.30634 2.18323 2.15998 1.94613 1.90661 1.64016 1.64016 1.75204 2.01932 2.01932 2.01932 1.93820 1.76372 1.58915 1.41475 2.23605 2.61671 2.52514 2.70550 2.62881 2.63169 2.45650 2.31157 1.80517 1.00219 0.901975 1.00219 0.901975 0.901975 0.915617 0.984366 1.05894 1.23649 1.18551 1.29447 1.36831 1.47964 1.96926 1.86670 1.86670 1.86670 1.10471 0.802389 0.802389 0.891543 1.00299 0.891543 0.891543 0.891543 0.898597 0.932942 0.973698 0.00000 0.00000 0.00000 0.00000 0.00000
2.85252 3.30020 3.16981 3.14662 3.10320 3.04963 2.94343 2.77419 2.06799 2.01406 1.90718 1.87587 1.80825 1.80825 1.64016 1.57886 1.42471 1.60305 1.43686 1.26229 1.16910 1.16901 1.16901 1.16901 1.80389 2.61165 2.51425 2.60728 1.99368 1.99704 1.93289 1.80535 1.80535 0.901975 0.779115 0.971552 0.896677 0.960571 1.01275 1.05543 1.05543 1.18736 1.18736 1.31929 1.41149 1.42765 2.02618 1.92003 1.92003 1.92003 1.68103 0.891543 0.891543 1.01652 1.20849 1.17235 1.21681 1.21275 1.29723 1.30049 1.21921 0.00000 0.00000 0.00000 0.00000 0.00000
2.13939 2.88240 2.50791 2.39283 2.32463 2.25673 2.22845 2.22845 1.87418 1.87411 1.77863 1.65726 1.40448 1.25908 0.905418 0.792158 0.794572 1.06685 1.16901 1.16901 1.16901 1.16901 1.64937 0.298984 0.256272 0.973686 1.18717 1.40552 1.70887 1.71175 1.71460 1.58512 1.63541 1.23095 1.17540 1.18736 1.01774 1.01774 1.01774 1.05677 1.22518 1.28076 1.34356 1.61711 1.85997 1.96063 2.13337 2.00003 2.00863 2.02598 2.17329 1.09394 1.13360 1.35381 1.35467 1.26436 1.21921 1.18226 1.21921 1.21921 1.21921 1.21921 0.00000 0.00000 0.00000 0.00000
0.00000 2.20410 2.20410 2.20410 2.20410 2.20410 2.20410 2.20410 2.02351 2.05199 1.72102 1.53620 1.07882 1.11155 0.448475 0.448475 0.448475 0.448475 0.448475 0.448475 0.448475 0.448475 0.298984 0.298984 0.269085 0.807882 1.26689 1.40137 2.01598 2.08597 2.19397 1.99212 1.85452 1.42727 1.36324 1.42536 1.49513 1.57532 1.66673 1.73803 1.94673 1.94673 1.94685 2.17565 2.29970 2.18307 2.31167 2.22011 2.22947 2.22947 2.50310 1.37025 1.16115 1.35467 1.35467 1.26436 1.21921 1.18226 1.21921 1.21921 1.21921 1.21921 0.00000 0.00000 0.00000 0.00000
0.00000 0.00000 2.20410 2.20410 2.20421 2.24052 2.30604 2.37151 2.29772 2.34682 2.27236 2.04421 1.58096 1.58096 0.448475 0.448475 0.448475 0.448475 0.448475 0.448475 0.448475 0.448475 0.224238 0.224238 0.224238 0.448764 1.59715 1.65152 2.09474 2.09418 2.03253 2.07252 2.20347 2.38706 1.80253 1.80253 1.80253 1.80268 1.81328 1.79703 1.99520 2.01360 2.03182 2.26561 2.37871 2.23297 2.34094 2.22947 2.22947 2.22947 2.50815 1.85595 1.16115 1.35467 1.35467 1.26436 1.21921 1.30049 1.39338 1.39338 1.39338 1.39338 0.00000 0.00000 0.00000 0.00000
0.00000 0.00000 2.40751 2.48163 2.54703 2.57612 2.57612 2.57612 2.40207 2.40207 2.37877 2.04961 1.58096 1.58096 0.448475 0.448475 0.448475 0.448475 0.448475 0.448475 0.448475 0.448927 0.258555 0.304439 0.339517 0.367162 1.27752 1.35369 1.50743 1.65654 1.65092 1.75986 2.07299 2.19147 1.64759 1.66285 1.67820 1.53950 1.54473 1.56850 1.69921 1.69921 1.69921 1.85368 1.98241 1.83496 1.82411 1.67210 1.66851 1.54992 1.52935 1.29552 0.928919 1.08374 1.08374 1.08374 1.16115 1.21921 1.30049 1.30049 1.30049 1.30049 1.35467 0.00000 0.00000 0.00000
0.00000 0.00000 2.43881 2.43881 2.50747 2.50747 2.50747 2.50747 2.38195 2.38195 2.40207 2.12826 1.58096 1.58096 1.58096 1.58096 1.61672 1.65606 1.69220 0.363924 0.386900 0.405725 0.275093 0.412639 0.550186 0.550186 1.26037 1.67914 1.59859 1.80723 1.81895 1.93168 2.29126 2.51670 2.12401 2.12401 2.12401 1.88801 1.88801 1.85368 2.03905 2.03905 2.03905 2.03905 2.16254 1.91639 1.68712 1.36929 1.18043 1.11927 1.11927 1.14761 0.948392 1.08374 1.08374 1.08374 1.16115 1.21921 1.30049 1.30049 1.30049 1.30049 1.35467 0.00000 0.00000 0.00000
0.00000 0.00000 2.43881 2.43881 2.50747 2.50747 2.50747 2.50747 2.38195 2.38195 2.39857 2.24139 1.71869 1.76044 1.79373 1.82087 1.83412 1.77948 1.76936 0.412639 0.412639 0.412639 0.275093 0.422869 0.596036 0.637075 1.17073 2.27489 2.09575 1.90245 1.89812 3.09157 3.27880 3.48831 3.49830 1.88801 1.88801 1.69921 1.69921 1.69921 1.85368 1.78319 1.70639 1.50389 1.37299 1.20420 1.17544 1.09892 1.09892 1.09892 1.09892 1.25918 1.13477 1.16115 1.16115 1.13793 1.21921 1.21921 1.30049 1.30049 1.30049 1.32140 1.47556 0.00000 0.00000 0.00000
0.00000 0.00000 0.00000 2.43881 2.50747 2.50747 2.50747 2.50747 2.34833 2.41518 2.48284 2.53567 1.83417 1.83417 1.83417 1.83417 1.83417 1.79686 1.77696 0.443462 0.473265 0.512358 0.377402 0.601041 0.801388 2.46353 2.46816 3.66501 3.60501 3.25185 3.21307 3.14473 3.22460 3.49830 3.51078 1.69921 1.69921 1.47336 1.32646 1.19870 1.14506 1.03604 1.12849 1.12849 1.20686 1.12849 1.10485 1.09892 1.09892 1.09892 1.09892 1.25918 1.28475 1.08374 1.08374 1.08374 1.16840 1.25641 1.37318 1.46435 1.55548 1.62793 1.71548 0.00000 0.00000 0.00000
0.00000 0.00000 0.00000 2.57190 2.71483 2.83226 2.94935 3.06664 2.80565 2.84871 2.36583 2.36466 1.86813 1.84142 1.87100 1.90969 1.96030 1.99396 1.95708 2.15039 3.72498 3.72498 4.04035 3.72498 3.09426 3.09426 3.09426 3.78982 3.80235 3.69166 3.60258 3.48555 3.49775 3.81710 3.76421 1.15567 1.00678 0.782019 0.886671 0.886671 1.03445 1.03445 1.18223 1.18223 1.29306 1.18223 1.16607 1.15125 1.15125 1.15125 1.15125 1.53548 1.68006 1.30195 1.38247 1.46757 1.63242 1.63379 1.63379 1.63379 1.63379 1.63379 1.71548 1.63379 0.00000 0.00000
0.00000 0.00000 0.00000 3.10942 3.03022 3.03022 3.03022 3.03022 2.80242 2.79364 2.42259 2.40744 2.26888 2.29039 2.20967 2.09249 1.97544 1.85338 1.65614 2.87099 4.04035 4.04035 3.47269 3.09426 2.71582 2.71582 2.71582 3.17762 3.71861 3.65342 3.38699 3.15649 3.02782 3.03115 3.18685 1.03445 1.03445 0.919510 1.03445 1.03445 1.18223 1.18223 1.29306 1.18223 1.29306 1.18219 1.17873 1.21313 1.24958 1.28605 1.32252 1.75915 1.87643 1.54049 1.52487 1.52487 1.63379 1.63379 1.63379 1.63379 1.63379 1.63379 1.71548 1.63379 0.00000 0.00000
