High_resolution/powerplant/Fengdu/OMI_NO2_200706.asc
ncols      200
nrows      200
xllcorner       105.978
yllcorner       28.1831
cellsize     0.0166667
NODATA_Value      -999.000
[rows 29 to 57 of 200, columns 0 to 66 of 200]
1.63941 1.63941 1.63941 1.63941 1.63941 1.55291 2.19462 2.21205 2.21313 2.18164 2.16754 2.18667 2.24572 2.30606 2.36720 2.31858 2.15311 2.14188 2.14096 2.14000 2.13903 2.13803 2.13701 2.13596 2.13489 1.99831 1.95864 1.94219 1.94179 1.97476 2.01467 2.01622 1.97204 1.97420 1.97420 1.97420 1.97420 1.97420 1.97420 1.97420 1.97420 1.97420 1.97420 2.01028 2.11065 2.11065 2.11065 2.29712 2.56881 2.56881 2.62807 2.98362 2.93782 2.77610 2.83046 2.88937 2.95562 3.02365 3.09170 3.14162 3.15265 3.09535 2.97675 2.56991 2.48435 2.58245 2.68054
1.63941 1.63941 1.63941 1.63941 1.63941 1.50947 2.09981 2.34642 2.43034 2.46328 2.47098 2.52280 2.52702 2.52988 2.53056 2.42952 2.09914 2.09781 2.09648 2.09512 2.09378 2.09246 2.09051 2.05594 2.00311 1.80351 1.54901 1.46779 1.52337 1.74987 1.80937 1.97696 1.94307 1.97420 1.97014 1.95588 1.94086 1.92553 1.90982 1.89365 1.87702 1.86006 1.84248 1.82799 1.95274 1.94478 1.92758 1.98570 2.51186 2.57356 2.63846 3.18612 3.29630 3.32081 3.33404 3.34322 3.34504 3.34504 3.34505 3.35041 3.36036 3.36229 3.46736 3.29774 3.02318 3.02318 3.02318
1.66585 1.91692 2.21861 2.52031 2.82185 2.63215 2.42766 2.67833 2.67833 2.63521 2.50504 2.50504 2.50504 2.50504 2.50504 2.49966 2.11363 2.09468 2.09110 2.05140 2.00959 1.96783 1.92661 1.91807 1.92776 1.86477 1.55593 1.56573 1.58071 1.84480 1.86155 1.73556 1.62652 1.59060 1.57252 1.57177 1.57177 1.57177 1.57177 1.57177 1.57177 1.57222 1.61280 1.67949 1.86770 1.99494 2.06158 2.12125 2.71425 2.81865 2.81865 3.21541 3.37173 3.34960 3.34898 3.35887 3.36882 3.37878 3.38873 3.39332 3.39332 3.39332 3.54280 3.48772 3.02318 3.02318 3.02318
3.19100 3.24163 3.24163 3.24163 3.24163 3.01799 2.24717 2.67681 2.67833 2.67445 2.63169 2.64208 2.65178 2.65954 2.63107 2.58864 2.25515 2.05866 2.02042 2.01837 2.01837 2.01837 2.01837 2.01837 2.01837 2.01755 1.67273 1.62707 1.62707 1.83450 1.88722 1.72859 1.63423 1.57177 1.57177 1.57177 1.59142 1.65640 1.72312 1.78980 1.85652 1.92283 1.94893 1.94893 2.01604 2.13086 2.13086 2.13086 2.52210 2.82229 2.83511 3.12750 3.41473 3.40191 3.39326 3.39332 3.39332 3.39332 3.39332 3.39332 3.39332 3.39332 3.48492 3.58927 3.07869 3.02318 3.02318
3.24163 3.24163 3.24163 3.24163 3.24163 3.24056 2.22016 2.60408 2.67833 2.65401 2.60780 2.56148 2.50995 2.46045 2.44710 2.44710 2.28538 2.01837 2.01837 2.01837 2.01837 2.01837 2.01837 2.01837 2.01837 2.01837 1.78946 1.62707 1.62707 1.78267 1.89024 1.82178 1.78910 1.76665 1.83344 1.90008 1.94715 1.94893 1.94893 1.94893 1.94893 1.94893 1.94893 1.94893 1.99268 2.14925 2.15861 2.17188 2.38447 2.88258 2.88303 3.04458 3.43610 3.41782 3.39332 3.39332 3.39332 3.39332 3.39332 3.39332 3.39332 3.39332 3.42704 3.59120 3.23369 3.02318 3.02318
3.24163 3.24163 3.24163 3.24163 3.24163 3.24163 2.35271 2.35612 2.41015 2.36577 2.41499 2.44710 2.44710 2.44710 2.44710 2.44710 2.40594 2.02034 2.01837 2.01837 2.01837 2.01837 2.01837 2.01837 2.01837 2.03974 1.98616 1.76489 1.82341 1.96146 2.13515 2.09820 2.01651 1.98050 1.94893 1.94893 1.94893 1.94893 1.94893 1.95497 2.08486 2.26376 2.44266 2.62164 2.77142 2.32982 2.19524 2.19524 2.22302 2.86257 2.88303 2.92783 3.43516 3.42815 3.39332 3.39332 3.39332 3.39332 3.39332 3.39332 3.39332 3.39388 3.40281 3.58746 3.42266 3.06652 3.07787
3.24163 3.24163 3.24163 3.24163 3.24163 3.24163 2.52100 2.22093 2.36492 2.36492 2.39655 2.44710 2.44710 2.44710 2.44710 2.44710 2.44710 2.10113 2.01837 2.02195 2.06810 2.12688 2.18546 2.24398 2.30249 2.33964 2.32839 1.96673 1.94894 1.97572 2.14473 2.12479 2.00750 2.03221 1.94893 2.02965 2.20821 2.38736 2.56601 2.74027 2.79432 2.79961 2.80489 2.81022 2.81553 2.53849 2.23335 2.23866 2.24398 2.75231 2.94234 2.94763 3.56700 3.68290 3.59591 3.60145 3.61280 3.62409 3.63544 3.64679 3.65811 3.66888 3.68078 3.84041 3.91875 3.19029 3.14624
3.24163 3.24163 3.24163 3.24163 3.24163 3.24163 2.74222 2.17213 2.34877 2.36492 2.37554 2.44709 2.44710 2.44710 2.43300 2.38411 2.33343 2.24055 2.27294 2.32789 2.34025 2.34025 2.34025 2.34025 2.34025 2.34025 2.34025 2.07260 1.94894 1.94894 2.18441 2.30820 2.35524 2.64000 2.77531 2.87881 2.88434 2.88966 2.89497 2.89908 2.89931 2.89931 2.89931 2.89931 2.89931 2.79279 2.30651 2.30651 2.30651 2.61760 2.99430 2.99430 3.52707 3.80700 3.70199 3.67149 3.67655 3.71684 3.76393 3.81095 3.85799 3.90509 3.94288 4.00753 4.15725 3.29234 3.07280
0.00000 3.24163 3.24163 3.24163 3.24163 3.24163 3.04408 2.16947 2.29629 2.31906 2.24883 2.29526 2.25446 2.20168 2.16299 2.15923 2.15702 2.19336 2.31545 2.31327 2.31111 2.30898 2.30682 2.30462 2.30249 2.30171 2.32669 2.27505 2.28225 2.41438 2.62675 2.67266 2.66700 2.85822 2.90303 2.89931 2.89931 2.89931 2.89931 2.89931 2.89931 2.89931 2.89931 2.89931 2.89931 2.89830 2.37680 2.30651 2.30651 2.42550 2.99712 3.04447 3.46807 3.98265 3.99756 4.02976 4.09069 4.10949 4.12031 4.13146 4.14285 4.15480 4.24800 4.41095 4.57290 3.87018 3.24358
0.00000 3.24163 3.24163 3.22556 3.05962 2.85735 2.65465 1.66286 1.66505 1.89956 1.89956 2.04286 2.09808 2.09808 2.09808 2.09808 2.09808 2.10060 2.25035 2.26078 2.26078 2.27285 2.30465 2.33712 2.37044 2.40333 2.40947 2.41219 2.47763 2.47489 2.56364 2.64618 2.64295 2.75883 2.97740 2.89931 2.89931 2.89931 2.89931 2.89931 2.89931 2.89931 2.89931 2.89931 2.89931 2.88345 2.50328 2.22562 2.19310 2.16196 3.21233 3.36047 3.54971 4.17317 4.17317 4.17317 4.17317 4.23286 4.37826 4.52429 4.67033 4.81615 4.88037 4.88037 4.74005 4.32864 3.26187
0.00000 2.71335 2.38650 2.19986 2.16342 2.16342 2.16342 1.59741 1.48859 1.88344 1.89956 1.96396 2.01274 2.00189 1.99060 1.97904 1.97025 1.99496 2.16613 2.27414 2.31479 2.34084 2.34056 2.34056 2.34056 2.34056 2.34056 2.34056 2.41370 2.43386 2.49671 2.64081 2.64081 2.66418 3.07254 2.89931 2.89931 2.89931 2.89931 2.89222 2.86165 2.82914 2.79664 2.76410 2.73161 2.71508 2.54333 2.12229 2.12229 2.12229 2.88609 3.36047 3.43205 4.34167 4.50117 4.64720 4.79331 4.87973 4.88037 4.88037 4.88037 4.88037 4.88037 4.88037 4.79844 4.65020 3.33229
0.00000 2.16342 2.16342 2.16342 2.16342 2.16342 2.16342 1.70832 1.47356 1.79199 1.89956 1.89956 1.92109 1.97020 2.01941 2.06861 2.11423 2.12362 2.20636 2.34056 2.34056 2.34056 2.34056 2.34056 2.34056 2.34056 2.34056 2.34056 2.38571 2.43386 2.44579 2.63859 2.64081 2.63854 3.01235 2.83986 2.80736 2.77485 2.74233 2.71694 2.71508 2.71508 2.71508 2.71508 2.71508 2.71508 2.69504 2.17160 2.28112 2.42723 2.99302 3.95749 4.06300 4.72613 4.88037 4.88037 4.88037 4.88037 4.88037 4.88037 4.88037 4.88037 4.88037 4.88037 4.85665 4.68185 3.69275
0.00000 0.00000 2.16342 2.16342 2.16342 2.16342 2.16342 1.86777 1.59681 1.82660 2.04670 2.09588 2.12353 2.12362 2.12362 2.12362 2.12362 2.12362 2.14523 2.33971 2.34056 2.34056 2.34056 2.34056 2.34056 2.34056 2.34056 2.34056 2.33636 2.34206 2.27000 2.42495 2.41005 2.35852 2.64424 2.72575 2.71508 2.71508 2.71508 2.71508 2.71508 2.71508 2.71253 2.66781 2.60816 2.54850 2.48885 2.70859 2.82948 2.82948 2.91863 4.05417 4.06767 4.55427 4.88037 4.88037 4.88037 4.88037 4.88037 4.88037 4.88037 4.88037 4.88037 4.88037 4.88037 4.71679 4.08459
0.00000 0.00000 2.16342 2.20720 2.30522 2.37543 2.42740 2.39316 1.90832 1.92343 2.12039 2.12362 2.12362 2.12362 2.12362 2.12362 2.12362 2.12362 2.12362 2.29954 2.34056 2.34056 2.33803 2.28569 2.21374 2.14191 2.06988 1.99809 1.94811 2.02853 2.03940 2.24195 2.34497 2.34497 2.54238 2.76603 2.71508 2.71508 2.68586 2.62623 2.56657 2.50689 2.44981 2.43488 2.43488 2.43488 2.44250 2.61337 2.86218 2.87466 2.88727 3.86987 4.15054 4.39324 4.75244 4.73727 4.72165 4.70551 4.68882 4.67157 4.65372 4.63524 4.61609 4.59624 4.57565 4.39400 3.82679
2.77728 2.77728 2.74590 2.47403 2.47035 2.47035 2.47035 2.47035 1.95365 1.90814 2.07040 2.12362 2.12362 2.12362 2.12362 2.12362 2.12362 2.15656 2.29062 2.31188 2.10692 2.03505 1.96558 1.94610 1.94610 1.94610 1.94610 1.94610 1.94610 2.00068 2.03940 2.19996 2.41593 2.41480 2.48888 2.81011 2.66970 2.62265 2.60483 2.61731 2.62978 2.64245 2.65500 2.66748 2.68006 2.69256 2.69755 2.74041 3.09097 3.09216 3.09216 3.71806 4.33035 4.34768 4.47066 4.47066 4.47066 4.47066 4.47066 4.46459 4.34358 4.17889 4.01429 3.84951 3.68482 3.46442 3.20819
2.77728 2.77728 2.77728 2.51797 2.47035 2.47035 2.47035 2.47035 2.05937 1.95820 2.06596 2.12362 2.19505 2.33627 2.47748 2.61891 2.75997 2.87066 2.88612 2.67042 1.97451 1.98327 1.99203 2.00111 2.00987 2.01865 2.02751 2.03649 2.04445 2.05883 2.04397 2.09924 2.46908 2.44153 2.46936 2.83068 2.69801 2.69755 2.69755 2.69755 2.69755 2.69755 2.69755 2.69755 2.69755 2.69755 2.69755 2.69755 3.01714 3.09216 3.09216 3.37422 4.33035 4.33048 4.35998 4.20280 4.03811 3.87342 3.70883 3.55012 3.50644 3.50644 3.50644 3.50644 3.50563 3.44081 3.15642
3.06886 3.08964 3.10885 2.92889 2.79134 2.80905 2.83389 2.96043 2.88719 2.82576 2.95098 3.08070 3.15865 3.16754 3.17626 3.18509 3.19413 3.20071 3.20107 3.18480 2.32697 2.27162 2.27162 2.27162 2.26615 2.25304 2.23988 2.22671 2.21435 2.20772 2.09046 2.08935 2.55379 2.57597 2.57597 2.79775 2.72484 2.69755 2.69755 2.69755 2.69755 2.69755 2.69755 2.69755 2.69755 2.69755 2.69755 2.69755 2.93146 3.20753 3.29292 3.39589 3.83133 3.72938 3.56697 3.50644 3.50644 3.50644 3.50644 3.50644 3.46050 3.36227 3.26398 3.16574 3.06832 3.03094 3.02683
3.19380 3.19380 3.19380 3.16104 3.29548 3.43684 3.57046 3.60226 3.44806 3.14177 3.14177 3.18937 3.20107 3.20107 3.20107 3.20107 3.20107 3.20107 3.20107 3.19960 2.56166 2.24566 2.23248 2.21932 2.21162 2.21157 2.21157 2.21157 2.21157 2.21157 2.12465 2.08472 2.47030 2.57597 2.57597 2.73627 2.76696 2.69755 2.69755 2.69755 2.69755 2.69755 2.70887 2.78420 2.86958 2.95497 3.04030 3.12598 3.26662 3.57592 3.57592 3.57592 3.65115 3.68753 3.60863 3.47448 3.37805 3.27986 3.18153 3.08325 3.03099 3.03094 3.03094 3.03094 3.03094 3.03094 3.02869
3.19380 3.19380 3.19380 3.19404 3.56573 3.60226 3.60226 3.60226 3.55821 3.14260 3.14177 3.15875 3.20107 3.20107 3.20106 3.19405 3.18089 3.16772 3.15455 3.14285 2.77794 2.21157 2.21157 2.21157 2.21157 2.21157 2.21157 2.21157 2.21157 2.21157 2.16286 2.08472 2.37348 2.57597 2.57597 2.68126 2.81062 2.75546 2.84080 2.92623 3.01157 3.09695 3.17131 3.18132 3.18132 3.18132 3.18132 3.18132 3.18464 3.54219 3.56229 3.50092 3.47945 3.48148 3.33926 3.03275 3.03094 3.03094 3.03094 3.03094 3.03094 3.03094 3.03094 3.03094 3.03094 3.03094 3.03047
3.19380 3.19380 3.19380 3.19380 3.47137 3.60226 3.60226 3.60226 3.60226 3.18887 3.14780 3.16780 3.17350 3.16034 3.14717 3.14102 3.14102 3.14102 3.14102 3.14102 3.03975 2.21361 2.21157 2.21157 2.21157 2.21157 2.21157 2.21157 2.21157 2.21157 2.20000 2.12114 2.43060 2.83039 2.94734 3.15458 3.63967 3.20626 3.18132 3.18132 3.18132 3.18132 3.18132 3.18132 3.18132 3.19860 3.39484 3.63823 3.88161 3.61687 3.26305 3.25893 3.27204 3.37043 3.34436 3.03094 3.03094 3.03094 3.03094 3.03094 3.03094 3.03094 3.03094 3.03094 3.03094 3.03094 3.03094
3.19380 3.19380 3.19380 3.19380 3.35312 3.60226 3.62678 3.68073 3.73478 3.42075 3.31615 3.30552 3.14744 3.14102 3.14102 3.14102 3.14102 3.14102 3.14102 3.14102 3.14102 2.37587 2.21157 2.21157 2.21157 2.21380 2.31604 2.47198 2.62800 2.78453 2.94064 2.96162 2.97369 3.21904 3.21927 3.24269 3.70314 3.34069 3.18132 3.18132 3.18212 3.32230 3.56568 3.80895 4.05245 4.27856 4.32559 4.32559 4.32559 3.97365 3.25893 3.25893 3.25990 3.35965 3.38442 3.08502 3.03094 3.03094 3.03094 3.03094 3.03094 3.03094 3.03094 3.03094 3.03094 3.03094 3.03094
3.19380 3.19905 3.26344 3.34443 3.44616 3.80473 3.84027 3.84034 3.84034 3.56276 3.32033 3.31941 3.17833 3.14102 3.14102 3.14102 3.14102 3.14102 3.14102 3.14102 3.12665 2.69900 2.54994 2.70597 2.86190 3.01561 3.06930 3.06930 3.06930 3.06930 3.06930 3.00801 2.94334 3.19906 3.23433 3.23947 3.72270 3.84055 3.78378 4.03396 4.28350 4.39341 4.40018 4.40702 4.41384 4.42067 4.42746 4.43424 4.44108 4.38890 3.41206 3.39485 3.40068 3.46403 3.51301 3.22702 3.03094 3.03094 3.03094 3.03094 3.03094 3.03094 3.03004 2.93673 2.78301 2.62928 2.47547
3.45846 3.53431 3.55092 3.55092 3.55092 3.78211 3.84034 3.84034 3.84034 3.67504 3.32033 3.32033 3.22884 3.14087 3.13900 3.10524 3.03469 2.96642 2.90041 2.83664 2.78769 2.85753 3.06098 3.06017 3.05940 3.05865 3.05793 3.05805 3.06518 3.07357 3.08203 3.07479 3.18652 3.63710 3.97526 4.18392 4.74614 4.92219 4.46813 4.46807 4.46807 4.46807 4.46807 4.46807 4.46807 4.46807 4.46807 4.46807 4.46807 4.46807 3.68326 3.40141 3.40141 3.43303 3.51301 3.33141 3.03094 2.96028 2.80656 2.65275 2.49902 2.34521 2.19256 2.13197 2.13197 2.13197 2.13197
3.62087 3.64232 3.66377 3.68523 3.70678 3.85276 3.97283 3.98716 4.00144 3.97463 3.67765 3.64183 3.41183 3.11391 3.05762 3.03193 3.04258 3.05315 3.06386 3.07491 3.08628 3.10463 3.39490 3.42441 3.43909 3.45386 3.46907 3.47089 3.44872 3.42422 3.39971 3.37992 4.37029 4.71820 4.99234 4.99234 4.99234 4.99234 4.54515 4.46807 4.46807 4.46807 4.46807 4.46807 4.46807 4.46807 4.46807 4.46807 4.46807 4.46807 4.00018 3.46026 3.67489 3.90296 3.22998 2.93565 2.21509 2.13206 2.13197 2.13197 2.13197 2.13197 2.13197 2.13526 2.14182 2.14837 2.15493
3.90031 3.90031 3.90031 3.90031 3.90031 3.92923 3.92229 3.84960 3.77694 3.70680 3.68702 3.68702 3.55360 3.19408 3.17128 3.17128 3.17128 3.17128 3.17128 3.17128 3.17128 3.17128 3.38514 3.45988 3.43538 3.41088 3.38637 3.37443 3.37443 3.37443 3.37443 3.37443 4.03530 4.61302 4.99234 4.99234 4.99234 4.99234 4.69247 4.46807 4.46807 4.46807 4.46807 4.46807 4.46807 4.48608 4.66950 4.89300 5.11638 5.33988 5.41235 4.66148 4.66987 4.66987 3.39122 2.88179 2.13934 2.13197 2.13432 2.14080 2.14735 2.15391 2.16047 2.16373 2.16373 2.16373 2.16373
3.90031 3.90031 3.90031 3.90031 3.90031 3.90025 3.70681 3.68702 3.68702 3.68702 3.68702 3.68702 3.64778 3.21947 3.17128 3.17128 3.17128 3.17115 3.15653 3.13201 3.10750 3.08300 3.19115 3.37443 3.37443 3.37443 3.37443 3.37443 3.37443 3.37443 3.37443 3.37443 3.69845 4.51873 4.98143 4.99234 4.99234 4.99234 4.83978 4.46870 4.59745 4.82057 5.04420 5.26758 5.49096 5.69658 5.73653 5.73653 5.73653 5.73653 5.73653 4.83574 4.66987 4.67091 3.88446 2.92327 2.32247 2.15944 2.16366 2.16373 2.16373 2.16373 2.16373 2.16373 2.16373 2.16373 2.16373
3.90031 3.90031 3.90031 3.90031 3.90031 3.90031 3.75620 3.68702 3.68702 3.68702 3.68702 3.68702 3.68702 3.27294 3.14250 3.11868 3.09416 3.06978 3.05990 3.05990 3.05990 3.05990 3.10006 3.37434 3.37443 3.37443 3.37443 3.37443 3.37443 3.37443 3.37443 3.37443 3.41023 4.45446 4.89909 5.03690 5.07734 5.11777 5.15636 5.62572 5.73653 5.73653 5.73653 5.73653 5.73653 5.73653 5.73653 5.73653 5.78163 6.16518 6.61787 5.78185 4.68751 4.69083 4.38863 2.93487 2.52350 2.16373 2.16373 2.16373 2.16373 2.16373 2.16373 2.16373 2.16373 2.16373 2.16373
3.90031 3.90031 3.90031 3.90031 3.90031 3.90031 3.81789 3.68702 3.68690 3.61359 3.47842 3.34308 3.20797 2.81637 2.98598 3.05990 3.05990 3.05990 3.05990 3.05990 3.05990 3.05990 3.05990 3.32571 3.37443 3.37443 3.37443 3.37443 3.37463 3.39863 3.43896 3.47942 3.51983 4.33921 5.00510 5.21415 5.21415 5.21415 5.21415 5.59526 5.73653 5.73653 5.73653 5.74143 6.02882 6.48151 6.93420 7.38667 7.79447 7.86382 7.86382 7.06510 4.69104 4.69104 4.68753 3.12366 2.68325 2.16373 2.16373 2.16373 2.16373 2.16373 2.16373 2.16373 2.16373 2.16373 2.16373
3.90031 3.90031 3.90031 3.90031 3.87909 3.70607 3.49831 3.28734 3.15197 3.09000 3.09000 3.09000 3.09000 2.90155 2.86445 3.05990 3.05990 3.05990 3.05990 3.05990 3.05990 3.05990 3.05990 3.24458 3.41860 3.45892 3.49940 3.53979 3.57992 3.59624 3.59624 3.59624 3.59624 4.03832 4.90312 5.21415 5.21415 5.21415 5.21311 5.60493 6.33560 6.78360 7.23196 7.67549 7.83606 7.83159 7.82709 7.82256 7.81807 7.81357 7.80909 7.74684 4.82459 4.62280 4.61831 3.53096 2.74849 2.16373 2.16373 2.16373 2.16373 2.16373 2.16373 2.16373 2.16373 2.16373 2.26963
