High_resolution/powerplant/Fengdu/OMI_NO2_201003.asc
ncols      200
nrows      200
xllcorner       105.978
yllcorner       28.1831
cellsize     0.0166667
NODATA_Value      -999.000
[rows 145 to 173 of 200, columns 0 to 65 of 200]
3.25678 3.25678 3.25678 3.25678 6.29397 7.24604 7.08116 7.01269 7.01269 7.01269 7.01269 9.77463 10.7686 10.7686 10.7686 10.7686 10.7686 10.7686 10.7686 10.7686 10.7686 10.7245 9.98790 9.97189 9.97189 9.97189 9.97189 9.97189 9.97189 9.97189 9.97189 9.97189 9.97189 9.97189 9.97189 9.97189 9.97189 9.97189 9.86873 7.51858 7.34913 7.24102 7.13301 7.02473 6.92221 6.89694 6.89694 6.89694 6.89694 6.89694 6.89694 6.89694 6.89694 6.89694 6.89694 7.18202 7.53909 7.53909 7.53909 7.53909 7.53909 7.53909 7.53909 7.53909 7.53909 7.53909
3.25678 3.25678 3.25678 3.25678 4.92692 7.01269 7.01269 7.01269 7.01269 7.01269 7.01269 8.54121 10.7686 10.7686 10.7686 10.7686 10.7686 10.7686 10.7686 10.7686 10.7686 10.7686 10.1698 9.97189 9.97189 9.97189 9.97189 9.97189 9.97189 9.97189 9.97189 9.97189 9.97189 9.97189 9.97189 9.97189 9.97189 9.97189 9.97189 6.95642 6.89694 6.89694 6.89694 6.89694 6.89694 6.89694 6.89694 6.89694 6.89694 6.89694 6.89694 6.89694 6.89694 6.89694 6.89694 7.00360 7.53909 7.53909 7.53909 7.53909 7.53909 7.53909 7.53909 7.53909 7.53909 7.53909
3.25678 3.25678 3.25678 3.25678 3.51431 6.94307 7.01269 7.01269 7.01269 7.01269 7.01269 7.70007 10.7686 10.7686 10.7686 10.7686 10.7686 10.7686 10.7686 10.7686 10.7686 10.7686 10.3958 9.97189 9.97189 9.97189 9.97189 9.97189 9.97189 9.97189 9.97189 9.97189 9.97189 9.97189 9.97189 0.00000 0.00000 0.00000 0.00000 6.89694 6.89694 6.89694 6.89694 6.89694 6.89694 6.89694 6.89694 6.89694 6.89694 6.89694 6.89694 6.89694 6.89694 6.89694 6.89694 6.89778 7.46652 7.53909 7.53909 7.53909 7.53909 7.53909 7.53909 7.53909 7.53909 7.53909
3.25678 3.25678 3.25678 3.25678 3.25678 6.38111 7.01269 7.01269 7.01269 7.01269 6.94431 6.90596 10.6206 10.7686 10.7686 10.7686 10.7686 10.7686 10.7686 10.7686 10.7686 10.7686 10.6219 9.97189 9.97189 9.97189 9.97189 9.97189 9.97189 9.97189 0.00000 0.00000 0.00000 0.00000 0.00000 0.00000 0.00000 0.00000 0.00000 6.89694 6.89694 6.89694 6.89694 6.89694 6.89694 6.89694 6.89694 6.89694 6.89694 6.89694 6.89694 6.89694 6.89694 6.89694 6.89694 6.89694 7.28904 7.53909 7.53909 7.53909 7.53909 7.53909 7.53909 7.53909 7.53909 7.53909
3.25678 3.25678 3.25678 3.25678 3.19741 5.26944 6.70771 6.56572 6.42373 6.28182 6.20821 6.20821 9.06309 10.7686 10.7686 10.7686 10.7686 10.7686 10.7686 10.7686 10.7686 10.7686 10.7622 9.98390 9.97189 0.00000 0.00000 0.00000 0.00000 0.00000 0.00000 0.00000 0.00000 0.00000 0.00000 0.00000 0.00000 0.00000 0.00000 6.89694 6.89694 6.89694 6.89694 6.89694 6.89694 6.89694 6.89694 6.89694 6.89694 6.89694 6.89694 6.89694 6.89694 6.89694 6.89694 6.89694 7.11065 7.53909 7.53909 7.53908 7.53909 7.53909 7.53909 7.53909 0.00000 0.00000
2.74240 2.45858 2.17443 1.89061 1.66568 2.75738 6.20821 6.20821 6.20821 6.20821 6.20821 6.20821 7.72510 10.7686 10.7686 10.7686 10.7686 10.7686 10.7686 10.7686 0.00000 0.00000 0.00000 0.00000 0.00000 0.00000 0.00000 0.00000 0.00000 0.00000 0.00000 0.00000 0.00000 0.00000 0.00000 0.00000 0.00000 0.00000 0.00000 0.00000 6.89694 6.89694 6.89694 6.89694 6.89694 6.89694 6.89694 6.89694 6.89694 6.89694 6.89694 6.89694 6.89694 6.89694 6.89694 6.89694 6.97293 7.53909 7.53909 0.00000 0.00000 0.00000 0.00000 0.00000 0.00000 0.00000
1.64782 1.64782 1.64782 1.64782 1.64782 1.64782 5.84218 6.20821 6.20821 6.20273 5.88151 5.27680 5.03178 10.7686 10.7686 0.00000 0.00000 0.00000 0.00000 0.00000 0.00000 0.00000 0.00000 0.00000 0.00000 0.00000 0.00000 0.00000 0.00000 0.00000 0.00000 0.00000 0.00000 0.00000 0.00000 0.00000 0.00000 0.00000 0.00000 0.00000 6.89694 6.89694 6.89694 6.89694 6.89694 6.89694 6.89694 6.89694 6.89694 6.89694 6.89694 6.89694 6.89694 0.00000 0.00000 0.00000 0.00000 0.00000 0.00000 0.00000 0.00000 0.00000 0.00000 0.00000 0.00000 0.00000
1.64782 1.64782 1.64782 1.64782 1.64782 1.64782 4.22243 4.61630 3.62681 2.27546 1.64782 1.64782 1.64782 1.64782 0.00000 0.00000 0.00000 0.00000 0.00000 0.00000 0.00000 0.00000 0.00000 0.00000 0.00000 0.00000 0.00000 0.00000 0.00000 0.00000 0.00000 0.00000 0.00000 0.00000 0.00000 0.00000 0.00000 0.00000 0.00000 0.00000 6.89694 6.89694 6.89694 6.89694 6.89694 6.89694 6.89694 6.89694 0.00000 0.00000 0.00000 0.00000 0.00000 0.00000 0.00000 0.00000 0.00000 0.00000 0.00000 0.00000 0.00000 0.00000 0.00000 0.00000 0.00000 0.00000
1.64782 1.64782 1.64782 1.64782 1.64782 1.64782 1.64782 1.64782 1.64782 1.64782 1.64782 1.64782 1.64782 1.64782 0.00000 0.00000 0.00000 0.00000 0.00000 0.00000 0.00000 0.00000 0.00000 0.00000 0.00000 0.00000 0.00000 0.00000 0.00000 0.00000 0.00000 0.00000 0.00000 0.00000 0.00000 0.00000 0.00000 0.00000 0.00000 0.00000 0.00000 6.89694 6.89694 0.00000 0.00000 0.00000 0.00000 0.00000 0.00000 0.00000 0.00000 0.00000 0.00000 0.00000 0.00000 0.00000 0.00000 0.00000 0.00000 0.00000 0.00000 0.00000 0.00000 0.00000 0.00000 0.00000
1.64782 1.64782 1.64782 1.64782 1.64782 1.64782 1.64782 1.64782 1.64782 1.64782 1.64782 1.64782 1.64782 1.64782 0.00000 0.00000 0.00000 0.00000 0.00000 0.00000 0.00000 0.00000 0.00000 0.00000 0.00000 0.00000 0.00000 0.00000 0.00000 0.00000 0.00000 0.00000 0.00000 0.00000 0.00000 0.00000 0.00000 0.00000 0.00000 0.00000 0.00000 0.00000 0.00000 0.00000 0.00000 0.00000 0.00000 0.00000 0.00000 0.00000 0.00000 0.00000 0.00000 0.00000 0.00000 0.00000 0.00000 0.00000 0.00000 0.00000 0.00000 0.00000 0.00000 0.00000 0.00000 0.00000
1.64782 1.64782 1.64782 1.64782 1.64782 1.64782 1.64782 1.64782 1.64782 1.64782 1.64782 1.64782 1.64782 1.73399 0.00000 0.00000 0.00000 0.00000 0.00000 0.00000 0.00000 0.00000 0.00000 0.00000 0.00000 0.00000 0.00000 0.00000 0.00000 0.00000 0.00000 0.00000 0.00000 0.00000 0.00000 0.00000 0.00000 0.00000 0.00000 0.00000 0.00000 0.00000 0.00000 0.00000 0.00000 0.00000 0.00000 0.00000 0.00000 0.00000 0.00000 0.00000 0.00000 0.00000 0.00000 0.00000 0.00000 0.00000 0.00000 0.00000 0.00000 0.00000 0.00000 0.00000 0.00000 0.00000
1.64782 1.64782 1.64782 1.64782 1.64782 1.64782 1.64782 1.67829 1.85537 2.05106 2.24654 2.44267 2.63837 2.75494 2.75594 0.00000 0.00000 0.00000 0.00000 0.00000 0.00000 0.00000 0.00000 0.00000 0.00000 0.00000 0.00000 0.00000 0.00000 0.00000 0.00000 0.00000 0.00000 0.00000 0.00000 0.00000 0.00000 0.00000 0.00000 0.00000 0.00000 0.00000 0.00000 0.00000 0.00000 0.00000 0.00000 0.00000 0.00000 0.00000 0.00000 0.00000 0.00000 0.00000 0.00000 0.00000 0.00000 0.00000 0.00000 0.00000 0.00000 3.49451 3.49451 3.49451 3.49451 3.49451
1.64782 1.65247 1.78877 1.98458 2.18005 2.37608 2.57188 2.73688 2.75594 2.75594 2.75594 2.75594 2.75594 2.75594 2.75594 0.00000 0.00000 0.00000 0.00000 0.00000 0.00000 0.00000 0.00000 0.00000 0.00000 0.00000 0.00000 0.00000 0.00000 0.00000 0.00000 0.00000 0.00000 0.00000 0.00000 0.00000 0.00000 0.00000 0.00000 0.00000 0.00000 0.00000 0.00000 0.00000 0.00000 0.00000 0.00000 0.00000 0.00000 0.00000 0.00000 0.00000 0.00000 0.00000 0.00000 9.84441 9.84441 9.84441 9.44558 3.50997 3.49451 3.49451 3.49451 3.49451 3.49451 3.49451
2.50531 2.69621 2.75594 2.75594 2.75594 2.75594 2.75594 2.75594 2.75594 2.75594 2.75594 2.75594 2.75594 2.75594 2.75594 0.00000 0.00000 0.00000 0.00000 0.00000 0.00000 0.00000 0.00000 0.00000 0.00000 0.00000 0.00000 0.00000 0.00000 0.00000 0.00000 0.00000 0.00000 0.00000 0.00000 0.00000 0.00000 0.00000 0.00000 0.00000 0.00000 0.00000 0.00000 0.00000 0.00000 0.00000 0.00000 0.00000 0.00000 0.00000 9.84441 9.84441 9.84441 9.84441 9.84441 9.84441 9.84441 9.84441 9.84441 4.57083 3.49451 3.49451 3.49451 3.49451 3.49451 3.49451
2.75594 2.75594 2.75594 2.75594 2.75594 2.75594 2.75594 2.75594 2.98075 2.75594 2.75594 2.75594 2.75594 2.75594 2.75594 2.75594 0.00000 0.00000 0.00000 0.00000 0.00000 0.00000 0.00000 0.00000 0.00000 0.00000 0.00000 0.00000 0.00000 0.00000 0.00000 0.00000 0.00000 0.00000 0.00000 0.00000 0.00000 0.00000 0.00000 0.00000 0.00000 0.00000 0.00000 0.00000 0.00000 9.84441 9.84441 9.84441 9.84441 9.84441 9.84441 9.84441 9.84441 9.84441 9.84441 9.84441 9.84441 9.84441 9.84441 6.33694 3.49451 3.49451 3.49451 3.49451 3.49451 3.49451
2.75594 2.75594 2.75594 3.09503 4.09442 4.84067 5.39854 5.83117 5.49598 2.75594 2.75594 2.75594 2.75594 2.75594 2.75594 2.75594 0.00000 0.00000 0.00000 0.00000 0.00000 0.00000 0.00000 0.00000 0.00000 0.00000 0.00000 0.00000 0.00000 0.00000 0.00000 0.00000 0.00000 0.00000 0.00000 0.00000 0.00000 0.00000 0.00000 0.00000 0.00000 0.00000 0.00000 9.84441 9.84441 9.84441 9.84441 9.84441 9.84441 9.84441 9.84441 9.84441 9.84441 9.84441 9.84441 9.84441 9.84441 9.84441 9.84441 8.10136 3.49451 3.49451 3.49451 3.49451 3.49451 3.49451
4.65766 5.24873 5.71375 5.99440 6.00812 6.00812 6.00812 6.00812 5.96043 3.02768 2.75594 2.75594 2.75594 2.75594 2.75594 2.75594 0.00000 0.00000 0.00000 0.00000 0.00000 0.00000 0.00000 0.00000 0.00000 0.00000 0.00000 0.00000 0.00000 0.00000 0.00000 0.00000 0.00000 0.00000 0.00000 0.00000 0.00000 0.00000 0.00000 0.00000 0.00000 0.00000 0.00000 9.84441 9.84441 9.84441 9.84441 9.84441 9.84441 9.84441 9.84441 9.84441 9.84441 9.84441 9.84441 9.84441 9.84441 9.84441 9.84441 9.63486 3.72564 3.49451 3.49451 3.49451 3.49451 3.49451
6.39270 6.00812 6.00812 6.00812 6.00812 6.00812 6.00812 6.00812 6.00812 4.26309 2.75594 2.75594 2.75594 2.75594 2.75594 2.75594 0.00000 0.00000 0.00000 0.00000 0.00000 0.00000 0.00000 0.00000 0.00000 0.00000 0.00000 0.00000 0.00000 0.00000 0.00000 0.00000 0.00000 0.00000 0.00000 0.00000 0.00000 0.00000 0.00000 0.00000 0.00000 0.00000 0.00000 9.84441 9.84441 9.84441 9.84441 9.84441 9.84441 9.84441 9.84441 9.84441 9.84441 9.84441 9.84441 9.84441 9.84441 9.84441 9.84441 9.84441 5.27946 3.49451 3.49451 3.49451 3.49451 3.49451
7.04160 6.00812 6.00812 6.00812 6.00812 6.00812 6.00812 6.00812 6.00812 5.16590 2.73447 2.55375 2.33992 2.12634 1.91275 1.69628 1.54307 0.00000 0.00000 0.00000 0.00000 0.00000 0.00000 0.00000 0.00000 0.00000 0.00000 0.00000 0.00000 0.00000 0.00000 0.00000 0.00000 0.00000 0.00000 0.00000 0.00000 0.00000 0.00000 0.00000 0.00000 0.00000 0.00000 9.84441 9.84441 9.84441 9.84441 9.84441 9.84441 9.84441 9.84441 9.84441 9.84441 9.84441 9.84441 9.84441 9.84441 9.84441 9.84441 9.84441 7.04347 3.49451 3.49451 3.49451 3.42549 3.22641
7.97236 6.00812 6.00812 6.00812 6.00727 5.94123 5.83461 5.72764 5.62091 5.26437 1.58018 1.54307 1.54307 1.54307 1.54307 1.54307 1.54307 0.00000 0.00000 0.00000 0.00000 0.00000 0.00000 0.00000 0.00000 0.00000 0.00000 0.00000 0.00000 0.00000 0.00000 0.00000 0.00000 0.00000 0.00000 0.00000 0.00000 0.00000 0.00000 0.00000 0.00000 0.00000 0.00000 0.00000 9.84441 9.84441 9.84441 9.84441 9.84441 9.84441 9.84441 9.84441 9.84441 9.84441 9.84441 9.84441 9.84441 9.84441 9.83952 9.21947 7.26863 2.95895 2.75685 2.55529 2.42253 2.41952
9.11468 5.85756 5.65523 5.54850 5.44249 5.40168 5.40168 5.40168 5.40168 5.40168 2.62182 1.54307 1.54307 1.54307 1.54307 1.54307 1.54307 0.00000 0.00000 0.00000 0.00000 0.00000 0.00000 0.00000 0.00000 0.00000 0.00000 0.00000 0.00000 0.00000 0.00000 0.00000 0.00000 0.00000 0.00000 0.00000 0.00000 0.00000 0.00000 0.00000 0.00000 0.00000 0.00000 0.00000 9.84441 9.84441 9.84441 9.84441 9.84441 9.84441 9.84441 9.84441 9.84441 9.80697 9.04037 7.99057 6.94185 5.89314 4.84822 4.41908 4.41688 2.64922 2.41952 2.41952 2.41952 2.41952
9.26029 6.06877 5.40168 5.40168 5.40168 5.40168 5.40168 5.40168 5.40168 5.40168 3.93586 1.54307 1.54307 1.54307 1.54307 1.54307 1.54307 0.00000 0.00000 0.00000 0.00000 0.00000 0.00000 0.00000 0.00000 0.00000 0.00000 0.00000 0.00000 0.00000 0.00000 0.00000 0.00000 0.00000 0.00000 0.00000 0.00000 0.00000 0.00000 0.00000 0.00000 0.00000 0.00000 0.00000 9.84441 9.84441 9.84441 9.84441 9.74404 8.85917 7.81099 6.76228 5.71193 4.70174 4.41908 4.41908 4.41908 4.41908 4.41908 4.41908 4.41908 3.20019 2.41952 2.41952 2.41952 2.41952
9.26029 6.92317 5.40168 5.40168 5.40168 5.40168 5.26256 4.77744 4.14514 3.30610 2.08615 1.54307 1.54307 1.54307 1.54307 1.54307 1.54307 1.54307 0.00000 0.00000 0.00000 0.00000 0.00000 0.00000 0.00000 0.00000 0.00000 0.00000 0.00000 0.00000 0.00000 0.00000 0.00000 0.00000 0.00000 0.00000 0.00000 0.00000 0.00000 0.00000 0.00000 0.00000 0.00000 0.00000 0.00000 7.75199 6.58161 5.53290 4.58455 4.41908 4.41908 4.41908 4.41908 4.41908 4.41908 4.41908 4.41908 4.41908 4.41908 4.41908 4.41908 3.75356 2.41952 2.41952 2.41952 2.41952
9.26029 8.14929 4.93667 4.35205 3.58377 2.53094 1.57305 1.54307 1.54307 1.54307 1.54307 1.54307 1.54307 1.54307 1.54307 1.54307 1.54307 1.54307 0.00000 0.00000 0.00000 0.00000 0.00000 0.00000 0.00000 0.00000 0.00000 0.00000 0.00000 0.00000 0.00000 0.00000 0.00000 0.00000 0.00000 0.00000 0.00000 0.00000 0.00000 0.00000 0.00000 0.00000 0.00000 0.00000 0.00000 4.41908 4.41908 4.41908 4.41908 4.41908 4.41908 4.41908 4.41908 4.41908 4.41908 4.41908 4.41908 4.41908 4.41908 4.41908 4.41908 4.28252 2.44411 2.41952 2.41952 2.41952
9.26029 8.82997 1.54307 1.54307 1.54307 1.54307 1.54307 1.54307 1.54307 1.54307 1.54307 1.54307 1.54307 1.54307 1.54307 1.54307 1.54307 1.54307 0.00000 0.00000 0.00000 0.00000 0.00000 0.00000 0.00000 0.00000 0.00000 0.00000 0.00000 0.00000 0.00000 0.00000 0.00000 0.00000 0.00000 0.00000 0.00000 0.00000 0.00000 0.00000 0.00000 0.00000 0.00000 0.00000 0.00000 4.41908 4.41908 4.41908 4.41908 4.41908 4.41908 4.41908 4.41908 4.41908 4.41908 4.41908 4.41908 4.41908 4.41908 4.41908 4.41908 4.41908 2.86077 2.41952 2.41952 2.41952
0.00000 0.00000 1.54307 1.54307 1.54307 1.54307 1.54307 1.54307 1.54307 1.54307 1.54307 1.54307 1.54307 1.54102 1.51137 1.47308 1.43484 1.39230 1.32505 0.00000 0.00000 0.00000 0.00000 0.00000 0.00000 0.00000 0.00000 0.00000 1.78704 1.78704 0.00000 0.00000 0.00000 0.00000 0.00000 0.00000 0.00000 0.00000 0.00000 0.00000 0.00000 0.00000 0.00000 0.00000 0.00000 4.41908 4.41908 4.41908 4.41908 4.41908 4.41908 4.41908 4.41908 4.41908 4.41908 4.41908 4.41908 4.41908 4.41908 4.41908 4.41908 4.41908 3.41420 2.41952 2.41952 2.41952
0.00000 0.00000 1.54307 1.54307 1.54307 1.54307 1.54307 1.54307 1.52299 1.48475 1.44644 1.40816 1.36992 1.33369 1.32505 1.32505 1.32505 1.32505 1.32505 0.00000 0.00000 0.00000 0.00000 1.78704 1.78704 1.78704 1.78704 1.78704 1.78704 1.78704 0.00000 0.00000 0.00000 0.00000 0.00000 0.00000 0.00000 0.00000 0.00000 0.00000 0.00000 0.00000 0.00000 0.00000 0.00000 0.00000 4.41908 4.41908 4.41908 4.41908 4.41908 4.41908 4.41908 4.41908 4.41908 4.41908 4.41908 4.41908 4.41908 4.41908 4.41908 4.41728 3.81614 2.06260 1.84741 1.63153
0.00000 0.00000 1.54307 1.49716 1.45808 1.41980 1.38152 1.34328 1.32505 1.32505 1.32505 1.32505 1.32505 1.32505 1.32505 1.32505 1.32505 1.32505 1.33343 1.78704 1.78704 1.78704 1.78704 1.78704 1.78704 1.78704 1.78704 1.78704 1.78704 1.78704 0.00000 0.00000 0.00000 0.00000 0.00000 0.00000 0.00000 0.00000 0.00000 0.00000 0.00000 0.00000 0.00000 0.00000 0.00000 0.00000 4.41908 4.41908 4.41908 4.41908 4.41908 4.41908 4.41908 4.41908 4.41908 4.41908 4.40893 4.22340 3.97479 3.72605 3.47715 3.23025 3.10834 1.38871 1.26816 1.26816
0.00000 0.00000 0.00000 1.32505 1.32505 1.32505 1.32505 1.32505 1.32505 1.32505 1.32505 1.32505 1.32505 1.32579 1.37799 1.44114 1.48738 1.52274 1.59127 1.78704 1.78704 1.78704 1.78704 1.78704 1.78704 1.78704 1.78704 1.78704 1.78704 1.78704 1.78704 0.00000 0.00000 0.00000 0.00000 0.00000 0.00000 0.00000 0.00000 0.00000 0.00000 0.00000 0.00000 0.00000 0.00000 0.00000 4.41908 4.41908 4.41908 4.41908 4.41908 4.39376 4.18242 3.93381 3.68494 3.43607 3.19762 3.13427 3.13427 3.13427 3.13427 3.13427 3.13427 1.87869 1.26816 1.26816
