High_resolution/powerplant/Fengdu/OMI_NO2_200708.asc
ncols      200
nrows      200
xllcorner       105.978
yllcorner       28.1831
cellsize     0.0166667
NODATA_Value      -999.000
[rows 58 to 86 of 200, columns 0 to 65 of 200]
0.00000 0.00000 2.53964 2.64171 2.73362 2.73803 2.74514 2.75265 2.76014 2.76763 2.77466 2.77622 2.77622 2.77622 2.77622 2.77622 2.77622 2.77800 3.04607 3.21083 3.50994 3.79015 3.79015 3.79015 3.79015 3.79015 3.79015 3.86299 3.66014 3.33390 3.10709 2.93157 2.77834 2.80295 3.18556 3.43419 4.03590 4.41444 4.41444 4.41444 4.41444 4.41444 4.41444 4.41444 4.41444 4.41444 4.41529 4.45057 4.52818 4.84830 4.46836 3.71054 3.02775 2.65310 2.64172 2.69382 2.77174 2.82001 2.85601 2.90536 3.01156 3.01767 3.02712 3.02367 2.72335 2.76679
0.00000 0.00000 2.58849 2.63604 2.76949 2.77584 2.77622 2.77622 2.77622 2.77622 2.77622 2.77622 2.77622 2.77622 2.77635 2.77727 2.77833 2.77938 2.96533 3.18342 3.32552 3.59316 3.42336 3.18767 2.98659 2.81602 2.69869 2.61621 2.57143 2.50590 2.50590 2.50590 2.50590 2.57025 3.35864 3.38426 3.94446 4.37435 4.41444 4.41444 4.41444 4.43367 4.48425 4.53145 4.57342 4.59661 4.61361 4.60591 4.58559 4.78831 4.61119 3.62480 3.13125 2.49715 2.49287 2.60581 2.81220 2.81220 2.81220 2.83436 3.01948 3.02038 3.03065 3.03087 2.79670 2.71497
0.00000 0.00000 2.68374 2.63104 2.76659 2.77622 2.77622 2.77938 2.80787 2.83658 2.86454 2.89142 2.91621 2.94040 2.96365 2.98578 3.00327 2.97708 2.91628 2.78238 2.85548 3.01837 3.02048 3.04702 3.07249 3.09605 3.10116 3.10116 2.96235 2.50590 2.50590 2.50590 2.50590 2.50590 3.23974 3.37091 3.88616 4.32351 4.50035 4.52238 4.54284 4.54807 4.52826 4.50793 4.48906 4.48512 4.48512 4.48512 4.48512 4.64047 4.70913 3.80264 3.25493 2.61606 2.49287 2.50483 2.79851 2.81220 2.80777 2.74268 2.86424 2.82120 2.78852 2.73949 2.74655 2.85874
0.00000 0.00000 0.00000 2.63402 2.73377 2.77610 2.77511 2.83361 3.19561 3.19402 3.19244 3.17862 3.12696 3.07267 3.01836 2.96410 2.91323 2.90195 2.88681 2.80064 2.82648 3.08193 3.15266 3.21407 3.26961 3.32009 3.19723 3.10144 3.06840 2.51245 2.55339 2.62913 2.69694 2.75784 3.21944 3.58119 3.98191 4.24848 4.48512 4.48512 4.48512 4.48512 4.48512 4.48512 4.48512 4.48512 4.48512 4.48512 4.48512 4.56863 4.73589 4.04927 3.28303 2.58942 2.18166 2.07624 2.27557 2.36103 2.32506 2.35338 2.61288 2.76248 2.82434 2.87435 2.92991 3.15879
0.00000 0.00000 0.00000 2.61267 2.67257 2.76626 2.73282 2.66496 3.01623 3.00076 2.94647 2.90473 2.90195 2.90195 2.90195 2.90195 2.90195 2.92296 2.98177 2.96859 3.07234 3.30243 3.36079 3.36203 3.36580 3.38306 3.32914 3.20681 3.23292 2.91235 2.86334 2.86334 2.86334 2.86334 3.09023 3.49143 3.90294 4.14758 4.48257 4.48512 4.48512 4.48512 4.48512 4.48512 4.48340 4.46663 4.44635 4.40707 4.30613 4.20491 3.89047 3.40953 2.53298 2.01732 1.97197 2.02822 2.27284 2.58461 2.58461 2.58461 2.72148 2.87911 2.87955 2.88154 2.88397 3.13718
0.00000 0.00000 0.00000 2.63090 2.61801 2.63766 2.40571 2.40571 2.76469 2.90195 2.90195 2.90084 2.90253 2.94713 2.99800 3.04318 3.08361 3.10659 3.10193 3.05005 3.11137 3.30584 3.42225 3.43979 3.45146 3.45297 3.44041 3.27041 3.26806 3.02966 2.86334 2.86334 2.86334 2.86334 2.91951 3.48194 3.75471 4.11101 4.39416 4.44867 4.42840 4.40357 4.31693 4.21126 4.10738 4.01857 3.93286 3.86660 3.86191 3.85197 3.63243 3.47379 2.96962 2.22956 2.08838 2.08297 2.10859 2.56822 2.58461 2.58461 2.64916 2.87911 2.87911 2.88126 2.88150 3.05634
0.00000 0.00000 0.00000 2.68374 2.59904 2.71942 2.44274 2.45479 2.70617 2.96353 3.00862 3.05125 3.09053 3.09810 3.08437 3.06620 3.04802 3.02986 3.01168 2.97668 3.09131 3.30912 3.44249 3.45297 3.45297 3.45297 3.45297 3.31657 3.26806 3.11725 2.86334 2.86334 2.86334 2.86334 2.86334 3.34214 3.52268 3.91257 4.05607 4.04730 3.95616 3.85140 3.80539 3.78794 3.80144 3.78476 3.68689 3.65325 3.61770 3.59574 3.47925 3.43976 3.23086 2.31264 2.12519 2.08297 2.08297 2.44857 2.58461 2.58461 2.58861 2.86297 2.86813 2.86379 2.85948 2.96192
0.00000 0.00000 0.00000 1.20432 2.42563 2.49831 2.35319 2.29692 2.65187 3.07860 3.06043 3.04226 3.02409 3.00672 3.00229 3.00229 3.00229 3.00229 3.00229 2.99123 3.01147 3.25994 3.43506 3.45297 3.45297 3.45297 3.45297 3.37388 3.26806 3.19688 2.86266 2.85539 2.83580 2.81312 2.79043 3.03916 3.16700 3.63501 3.73742 3.67328 3.70138 3.74854 3.79268 3.82420 3.82629 3.80998 3.59787 3.59557 3.59557 3.59547 3.48934 3.26498 3.25696 2.52722 2.14198 2.04376 2.04423 2.25269 2.53405 2.52317 2.51262 2.62437 2.62468 2.61088 2.62220 2.63243
1.20432 1.20432 1.20432 1.20432 1.76358 2.12288 2.21171 2.17802 2.31309 2.99708 3.00229 3.00229 3.00229 3.00229 3.00229 3.00229 3.00229 3.00278 3.01555 3.03305 2.99809 3.21764 3.40903 3.44938 3.44001 3.42772 3.41262 3.36817 3.18337 3.15675 2.72869 2.69736 2.69426 2.69457 2.75532 2.94850 3.12046 3.61749 3.89956 3.83103 3.82629 3.82629 3.82629 3.81637 3.78587 3.71052 3.44098 3.28961 3.19767 3.06357 2.95842 2.70145 2.71605 2.30579 2.12178 2.04313 2.05005 2.07262 2.41809 2.42842 2.42842 2.36454 2.28620 2.29099 2.40367 2.40836
1.20432 1.20432 1.20432 1.20432 1.38828 1.92335 2.17554 2.15854 2.16942 2.91733 3.00229 3.00626 3.02327 3.03840 3.04286 3.04745 3.05304 3.05840 3.05089 3.03937 2.96409 3.00987 3.23877 3.22641 3.16339 3.13912 3.11774 3.09587 2.81756 2.77291 2.81314 2.89394 2.97116 3.05089 3.10524 3.13360 3.29935 3.50613 3.89857 3.78611 3.65863 3.54467 3.42534 3.25429 3.15382 3.10341 2.87709 2.57439 2.50708 2.49943 2.49943 2.33335 2.41789 2.22459 2.16363 2.06249 2.05005 2.05005 2.32773 2.42842 2.42842 2.39470 2.29676 2.32495 2.44171 2.49614
1.20432 1.20432 1.20432 1.20432 1.20432 1.86526 2.18515 2.22841 2.25813 2.64085 2.82782 2.82632 2.81100 2.79814 2.80353 2.83123 2.85968 2.88790 2.91584 2.94217 2.88157 2.81384 3.00272 3.03145 2.93345 2.90540 2.87013 2.83482 2.88847 2.99613 2.99768 2.99143 2.97504 2.94927 2.94909 2.86701 2.95351 2.97328 3.12195 3.01116 2.93739 2.93739 2.93739 2.94500 2.94938 2.94938 2.87595 2.49943 2.49943 2.49943 2.49943 2.39106 2.37853 2.31648 2.16383 2.10501 2.08100 2.10228 2.29521 2.56059 2.59779 2.68689 2.72506 2.81173 2.68142 2.34234
1.20432 1.20432 1.20432 1.20432 1.20432 1.79596 2.21607 2.35678 2.33377 2.50861 2.82918 2.85833 2.88748 2.91661 2.94003 2.94206 2.94206 2.94206 2.94206 2.94206 2.90079 2.73062 2.86703 2.94886 2.75258 2.72882 2.71231 2.69134 2.69433 2.78613 2.71767 2.65550 2.60347 2.57440 2.59572 2.59692 2.71278 2.78118 3.04783 3.02644 2.93741 2.93739 2.93739 2.94226 2.94938 2.94938 2.94794 2.55564 2.50160 2.50601 2.51782 2.53508 2.58702 2.71615 2.59870 2.52510 2.30805 2.42703 2.55591 2.89762 2.95649 2.97052 2.96519 2.96382 2.88843 2.33189
1.20432 1.20432 1.20432 1.20432 1.20432 1.63823 2.07709 2.43714 2.47255 2.52095 2.93540 2.94206 2.94206 2.94206 2.94244 2.94514 2.92704 2.90463 2.88228 2.85989 2.84872 2.70416 2.76980 2.74611 2.52821 2.45966 2.40774 2.36024 2.35788 2.56393 2.57408 2.57408 2.57408 2.57408 2.59087 2.59692 2.67021 2.75866 2.98846 3.03951 2.95271 2.94546 2.96674 2.99010 3.01173 3.05999 3.12473 2.92157 2.75322 2.81174 2.86160 2.90997 2.99667 3.10113 3.01462 3.04526 2.73142 2.72767 2.72767 2.91053 2.97052 2.97052 2.96684 2.96382 2.96382 2.44045
1.20432 1.20432 1.20432 1.20432 1.20432 1.34168 1.94986 2.40672 2.50218 2.51116 2.86175 2.96439 2.94200 2.91964 2.89688 2.87180 2.86814 2.88514 2.90949 2.93384 2.95820 2.88044 2.63845 2.53898 2.41824 2.35137 2.35137 2.35137 2.35137 2.50427 2.57408 2.57408 2.57408 2.57408 2.59681 2.65619 2.72626 2.85126 2.98529 3.21132 3.23089 3.25847 3.31719 3.37564 3.33262 3.33808 3.31590 3.15658 3.05476 3.12072 3.17968 3.20872 3.20875 3.21594 3.13435 3.09608 2.80623 2.72767 2.72767 2.83372 2.97052 2.97052 2.96832 2.96298 2.92395 2.52488
1.31400 1.36860 1.41349 1.45102 1.48292 1.51032 1.89917 2.30158 2.64457 2.73023 2.82678 2.87126 2.89318 2.91753 2.94192 2.96631 2.99006 2.99740 2.99740 2.99740 2.99740 2.93193 2.72372 2.54308 2.46933 2.35137 2.35137 2.35379 2.39118 2.52107 2.69089 2.72880 2.76504 2.80087 2.86693 2.94647 3.00170 3.12872 3.14046 3.53928 3.53124 3.44195 3.35695 3.24220 3.08265 2.96128 2.87147 2.88872 3.20159 3.20875 3.20875 3.20875 3.20875 3.20635 3.15162 3.09608 2.90809 2.72767 2.72767 2.74975 2.94417 2.90997 2.87962 2.78196 2.77606 2.64237
1.53867 1.53867 1.61650 1.82586 2.03718 2.24869 2.42650 2.58844 2.84099 2.90082 2.93273 2.99497 2.99740 2.99740 2.99740 2.99740 2.99740 2.99740 2.99740 2.99740 2.99740 2.96720 2.80845 2.65487 2.66481 2.55349 2.59186 2.63919 2.67462 2.73825 2.96711 3.01962 3.07297 3.12707 3.18454 3.33180 3.33267 3.24015 2.92520 3.23590 3.14297 2.83754 2.80292 2.80292 2.83809 2.86772 2.86772 2.86187 3.12180 3.19673 3.19090 3.18447 3.17732 3.18533 3.20864 3.24995 3.18933 2.91071 2.94210 2.97249 3.00690 3.02007 3.02013 2.82012 2.79981 2.78880
2.12364 2.33510 2.46868 2.47082 2.47082 2.47082 2.51346 2.66496 2.90384 2.94822 2.94822 2.99012 2.99740 2.99740 2.99721 2.99493 2.99206 2.98919 2.98631 2.98338 2.98043 2.97712 2.92755 2.96261 2.96262 2.88590 2.90809 2.94579 2.96458 2.96508 3.14225 3.18779 3.16752 3.10999 3.05091 3.10119 3.04293 3.02697 2.68450 2.98526 3.17964 3.11047 3.07651 3.06598 3.03936 2.96037 2.93192 2.90632 3.14022 3.34712 3.34712 3.34712 3.34712 3.34712 3.34712 3.36914 3.37994 3.03938 3.01761 3.01761 3.01908 3.02080 3.02080 2.87601 2.79981 2.80634
2.47082 2.47082 2.47963 2.51071 2.54088 2.56917 2.59685 2.67988 2.90259 3.01285 3.00916 2.99662 3.01862 3.01783 3.01728 3.01894 3.02123 3.02622 3.04426 3.06419 3.08429 3.10453 3.18857 3.25422 3.20968 3.15125 3.10260 3.12164 3.14845 3.17680 3.22114 3.18809 3.16396 3.18226 3.19790 3.20766 3.22293 3.26717 3.10664 3.12540 3.23039 3.11627 3.01059 3.01059 3.00826 2.90856 2.90476 2.90476 2.99013 3.34706 3.34712 3.34712 3.34712 3.34712 3.34712 3.35922 3.38602 3.13503 3.01161 2.98692 2.97906 2.98195 2.97602 2.88119 2.68410 2.56901
2.80216 2.81792 2.84797 2.88096 2.91040 2.93721 2.96172 2.91850 2.94886 3.08270 3.08433 3.03571 3.08001 3.11350 3.14611 3.17782 3.20866 3.23595 3.24993 3.26193 3.27360 3.28496 3.34356 3.45040 3.39869 3.37066 3.28309 3.29141 3.29383 3.29685 3.28714 3.25140 3.30393 3.36519 3.43759 3.51500 3.56777 3.56893 3.43332 3.17952 3.17952 3.14993 3.01059 3.01059 3.01059 2.93036 2.90476 2.90476 2.90476 3.29846 3.34712 3.34712 3.34712 3.30465 3.23052 3.24526 3.30547 3.15610 2.92143 2.86686 2.75725 2.69759 2.61892 2.46937 2.22516 2.22516
2.96698 2.99853 3.05124 3.09575 3.13806 3.17871 3.21742 3.16465 3.13931 3.26850 3.28048 3.25634 3.30051 3.30399 3.30399 3.30399 3.30399 3.30399 3.30534 3.31291 3.32127 3.32961 3.35935 3.48528 3.45119 3.48100 3.39028 3.42485 3.47207 3.52798 3.58563 3.57296 3.56893 3.56893 3.56893 3.56893 3.56893 3.56893 3.51840 3.17952 3.17952 3.17915 3.02863 3.01059 3.01059 2.95448 2.90476 2.90531 2.96931 3.32577 3.53311 3.60466 3.67624 3.66140 3.25193 3.11361 3.06054 2.91994 2.46867 2.44270 2.45755 2.51278 2.56835 2.56946 2.36604 2.37686
3.37359 3.39801 3.38799 3.37290 3.35886 3.34580 3.33367 3.28985 3.19232 3.27426 3.34530 3.27746 3.28553 3.30260 3.30764 3.31599 3.32434 3.33269 3.33969 3.34079 3.35516 3.37705 3.40021 3.54820 3.65460 3.78557 3.67268 3.60683 3.60013 3.60013 3.60013 3.58337 3.56893 3.56893 3.56893 3.56893 3.56893 3.56601 3.53112 3.21110 3.17952 3.17952 3.10044 3.14711 3.25448 3.32980 3.36315 3.46980 3.51311 3.57016 3.50768 3.32328 3.13891 2.95462 2.71512 2.74197 2.82357 2.87909 2.58110 2.53057 2.53057 2.53990 2.61653 2.64589 2.52420 2.51744
3.34367 3.33210 3.33077 3.34189 3.35468 3.36747 3.38027 3.38200 3.25845 3.28621 3.34507 3.24267 3.23431 3.33717 3.34319 3.36228 3.38414 3.40599 3.42783 3.44937 3.45682 3.45682 3.45682 3.55116 3.65988 3.75491 3.72643 3.60818 3.60065 3.60013 3.60013 3.57492 3.50605 3.46456 3.42306 3.38154 3.33862 3.26902 3.21794 3.07751 2.93738 2.87270 3.09516 3.61894 3.61894 3.61071 3.51347 3.51311 3.51311 3.49365 2.88390 2.85783 2.85783 2.85783 2.75007 2.75437 2.80326 2.91426 2.74967 2.64463 2.67760 2.71031 2.75850 2.77528 2.70454 2.64974
3.40217 3.41496 3.42626 3.42794 3.42794 3.41544 3.39078 3.36610 3.23339 3.20721 3.31303 3.25215 3.24409 3.43151 3.45409 3.45682 3.45682 3.45682 3.45682 3.45682 3.45682 3.45682 3.45682 3.51543 3.63734 3.69492 3.71260 3.51076 3.47319 3.43974 3.40860 3.38111 3.24456 3.19691 3.15386 3.11093 3.06920 3.05725 3.05725 2.98652 2.82531 2.82531 2.88177 3.61010 3.61894 3.61894 3.52954 3.51993 3.48521 3.47024 3.02570 2.88037 2.88162 2.87483 2.79636 2.76838 2.82957 2.98461 2.89002 2.70392 2.71084 2.71593 2.72458 2.72152 2.71539 2.72602
3.42574 3.40516 3.38049 3.35584 3.33116 3.31900 3.31900 3.31900 3.26407 3.29132 3.36961 3.33007 3.28384 3.41006 3.45682 3.45682 3.45682 3.45695 3.48099 3.52213 3.56330 3.60445 3.63997 3.69611 3.84222 3.53811 3.57625 3.38484 3.30954 3.27304 3.24084 3.21741 3.11229 3.05725 3.05804 3.07211 3.09010 3.10714 3.12330 3.12086 2.96179 2.93676 2.91329 3.34625 3.43532 3.39961 3.43910 3.49264 3.32108 3.31146 3.15455 2.94983 2.97639 3.00760 3.01498 2.92836 2.96099 2.93402 2.90512 2.69582 2.69099 2.69099 2.69216 2.70059 2.70605 2.73060
3.32309 3.31900 3.31900 3.31900 3.31900 3.31900 3.31900 3.31840 3.27130 3.25498 3.31398 3.31901 3.30211 3.43885 3.57563 3.59613 3.61616 3.63597 3.63184 3.61056 3.58756 3.55480 3.52604 3.51590 3.82171 3.49012 3.46443 3.33831 3.21588 3.15147 3.15928 3.16455 3.08601 3.01874 3.00074 2.97217 2.93976 2.90732 2.87483 2.84400 2.64552 2.66879 2.83415 3.10380 3.35370 3.38165 3.49268 3.63826 3.53140 3.46644 3.42572 3.08559 3.09069 3.09963 3.10772 2.99338 2.98545 2.96405 2.92169 2.74945 2.69661 2.69876 2.70940 2.74061 2.76913 2.82069
3.19199 3.17759 3.16317 3.14885 3.13445 3.12568 3.12106 3.09284 3.06763 3.06948 3.22423 3.33481 3.29410 3.41145 3.55247 3.54725 3.53427 3.52122 3.50821 3.49518 3.48385 3.48245 3.48263 3.48281 3.71558 3.59333 3.44625 3.38282 3.13184 2.61635 2.63277 2.83669 2.83669 2.83669 2.83669 2.83669 2.83669 2.83669 2.83669 2.83669 2.71312 2.67129 3.02959 3.11934 3.42644 3.42644 3.46101 3.63878 3.56068 3.44830 3.43814 3.17155 3.11422 3.10972 3.09918 3.01698 2.99651 2.97454 2.90779 2.84437 2.82933 2.85970 2.89512 2.92475 2.95280 2.99545
3.05289 3.03812 3.02393 3.01028 2.99720 2.97992 2.96112 2.96233 2.96504 2.98725 3.14324 3.30387 3.20043 3.32223 3.46373 3.48358 3.48354 3.48355 3.48355 3.48355 3.48355 3.48212 3.48764 3.50352 3.68645 3.79531 3.48968 3.39127 3.08849 2.64616 2.54649 2.83214 2.83669 2.83669 2.83669 2.83669 2.83669 2.83669 2.83669 2.83669 2.77106 2.60854 2.98702 3.03506 3.39824 3.41464 3.40724 3.56074 3.52994 3.39997 3.33859 3.15971 2.99647 2.93977 2.88651 2.84161 2.83166 2.87641 2.87400 2.90615 2.96515 2.98691 2.99283 2.99183 2.99651 3.00739
2.97182 2.97455 2.97727 2.98000 2.98283 2.98752 2.99098 2.99397 2.99696 2.99628 3.11661 3.31263 3.17765 3.28015 3.41309 3.51756 3.53880 3.55716 3.57516 3.59445 3.61503 3.63757 3.64879 3.63447 3.69124 3.96807 3.58121 3.39901 3.17191 2.77198 2.53028 2.78524 2.83669 2.83669 2.83669 2.83669 2.83669 2.83669 2.83669 2.83669 2.82347 2.66467 2.93981 3.05304 3.24870 3.31920 3.23835 3.25055 3.21216 3.04404 2.95199 2.87723 2.75335 2.77457 2.79848 2.82226 2.86427 2.92094 2.94737 2.92805 2.97010 2.97329 2.97329 2.97329 2.98096 2.99166
2.98850 2.99149 2.99448 2.99747 3.00035 3.00115 3.00445 3.01265 3.02089 3.02489 3.09228 3.33814 3.35927 3.46458 3.61102 3.65093 3.64941 3.64660 3.62623 3.60202 3.57787 3.55365 3.52958 3.51974 3.52543 3.91495 3.62301 3.42311 3.26312 2.89795 2.53028 2.72183 2.83669 2.83669 2.83358 2.82116 2.80837 2.81454 2.83060 2.84515 2.86854 2.83059 2.92951 2.97729 2.95684 2.88946 2.88168 2.94686 3.04318 3.01228 3.00567 3.02320 2.87580 2.85742 2.85742 2.85742 2.85958 2.87635 2.95292 2.92491 2.96379 2.98757 2.99416 3.00075 3.01204 3.02029
