High_resolution/powerplant/Fengdu/OMI_NO2_200510.asc
ncols      200
nrows      200
xllcorner       105.978
yllcorner       28.1831
cellsize     0.0166667
NODATA_Value      -999.000
[rows 29 to 57 of 200, columns 66 to 131 of 200]
2.83060 2.81786 2.80750 2.59968 2.59430 2.59430 2.49466 2.00379 1.90876 1.66126 1.66126 1.66126 1.66126 1.66126 1.90295 1.94771 1.94771 1.94771 1.94771 1.94771 1.94771 1.94771 1.94771 1.94679 1.48697 1.43629 1.43629 1.44270 1.66891 1.67470 1.67470 1.67470 1.67470 1.67470 2.10657 2.24742 2.24742 2.24742 2.24742 2.28907 2.35951 2.36102 2.38095 2.40631 2.43168 2.45706 2.48242 2.50780 2.53318 2.55853 2.57223 2.57223 2.57223 2.57223 2.64590 2.52136 2.14114 2.14114 2.14114 2.14114 2.14114 2.14114 2.14114 2.14114 2.14114 2.14114
2.81360 2.81360 2.81360 2.63931 2.59430 2.59430 2.59266 2.09303 1.98906 1.66907 1.66126 1.66126 1.66126 1.66126 1.82483 1.94771 1.94771 1.94771 1.94771 1.94771 1.94771 1.94771 1.94771 1.94771 1.61646 1.43629 1.43629 1.43629 1.62660 1.67470 1.67470 1.67470 1.67470 1.67520 1.99451 2.25429 2.25786 2.26142 2.26498 2.29568 2.54294 2.56681 2.57223 2.57223 2.57223 2.57223 2.57223 2.57223 2.57223 2.57223 2.57223 2.57223 2.57223 2.57223 2.59490 2.68916 2.14114 2.14114 2.14114 2.14114 2.14114 2.14114 2.14114 2.14114 2.14114 2.14114
2.81360 2.81360 2.81360 2.68507 2.59430 2.59430 2.59430 2.30669 2.00379 1.74239 1.66126 1.66126 1.66126 1.66126 1.76039 1.94771 1.94771 1.94771 1.94771 1.94771 1.94771 1.94771 1.94771 1.94771 1.74677 1.43680 1.44132 1.44665 1.59355 1.69576 1.70111 1.70644 1.71176 1.71659 1.88951 2.27592 2.27592 2.27592 2.27592 2.27592 2.53371 2.57223 2.57223 2.57223 2.57223 2.57223 2.57223 2.57223 2.57223 2.57223 2.57223 2.57223 2.57223 2.57223 2.57223 2.80743 2.14508 2.14114 2.14114 2.14114 2.14114 2.14114 2.14114 2.14114 2.14114 2.14114
2.81360 2.81360 2.81360 2.73077 2.59430 2.59430 2.59430 2.48547 2.00379 1.83044 1.66126 1.66126 1.66126 1.66126 1.70627 1.94771 1.94771 1.94749 1.93275 1.90934 1.88593 1.86250 1.83909 1.81568 1.74750 1.47821 1.47904 1.47904 1.57189 1.71746 1.71746 1.71746 1.71746 1.71746 1.74368 2.26691 2.27592 2.27592 2.27592 2.27592 2.45963 2.57223 2.57223 2.57223 2.57223 2.57223 2.57223 2.57223 2.57223 2.57177 2.55085 2.51882 2.48712 2.45508 2.42339 2.54031 2.25287 2.23187 2.24242 2.25308 2.26363 2.27418 2.28472 2.29527 2.30588 2.31648
2.81360 2.81360 2.81360 2.77654 2.59430 2.59430 2.59430 2.59119 2.08197 1.91850 1.65621 1.64089 1.62527 1.60966 1.59838 1.81239 1.80006 1.77686 1.76817 1.76817 1.76817 1.76817 1.76817 1.76817 1.76811 1.51278 1.47904 1.47904 1.52315 1.71746 1.71746 1.71746 1.75127 1.82607 1.89598 2.13842 2.12128 2.08919 2.05755 2.02546 2.10343 2.25804 2.22641 2.19431 2.16268 2.13064 2.09894 2.06691 2.03521 2.00364 1.99286 1.99286 1.99286 1.99286 1.99286 2.01113 2.23831 2.36089 2.36089 2.36089 2.36089 2.36089 2.36089 2.36089 2.36089 2.36089
2.81360 2.81360 2.81311 2.79706 2.57087 2.54011 2.52016 2.50026 2.16180 1.81749 1.55142 1.54157 1.54157 1.54157 1.54157 1.69825 1.80675 1.87939 1.94838 2.01288 2.07415 2.13181 2.18709 2.23908 2.28884 2.19570 2.16299 2.21115 2.25970 2.46250 2.50668 2.54355 2.56245 2.55604 2.54908 2.05230 1.66831 1.66135 1.65436 1.64749 1.67548 1.92995 1.92299 1.91615 1.90929 1.90233 1.89534 1.88847 1.88161 1.87464 1.86765 1.86079 1.85393 1.84699 1.83997 1.87362 2.17003 2.36089 2.36089 2.36089 2.36089 2.36089 2.35807 2.34244 2.32530 2.30817
2.71143 2.69535 2.70069 2.71868 2.56737 2.51061 2.50529 2.49991 2.38521 1.92191 1.69223 1.61176 1.62027 1.62932 1.63909 2.19745 2.51807 2.51230 2.50662 2.50093 2.49517 2.48956 2.48375 2.47812 2.47236 2.39464 2.26824 2.26250 2.25686 2.31516 2.32534 2.31847 2.31274 2.31216 2.31216 2.01388 1.44513 1.44513 1.44513 1.44513 1.44513 1.70218 1.74144 1.74144 1.74144 1.74144 1.74144 1.74144 1.74144 1.74144 1.74144 1.74144 1.74144 1.74074 1.72106 1.71207 2.04094 2.29410 2.27696 2.25983 2.24265 2.22551 2.21119 2.20965 2.20965 2.20965
2.93376 2.93786 2.89915 2.86165 2.71197 2.60630 2.60630 2.60630 2.60081 2.00245 1.72566 1.51848 1.51848 1.51848 1.51848 1.89930 2.43093 2.43093 2.43093 2.43093 2.43093 2.43093 2.43093 2.43093 2.43093 2.40803 2.23820 2.23818 2.23818 2.28077 2.31216 2.31216 2.31216 2.31216 2.31216 2.20539 1.44513 1.44513 1.44513 1.44513 1.44513 1.62810 1.74144 1.74144 1.74144 1.73639 1.71001 1.67908 1.64536 1.60843 1.56779 1.52291 1.47300 1.41887 1.40111 1.40111 1.62271 2.20248 2.20965 2.20965 2.20965 2.20965 2.20965 2.20965 2.20965 2.20965
2.83593 2.82508 2.82508 2.82508 2.75172 2.60630 2.60630 2.60630 2.60630 2.26192 1.82772 1.51848 1.51848 1.51848 1.51848 1.64871 2.43075 2.43093 2.43093 2.43093 2.43093 2.43093 2.43093 2.43093 2.43093 2.43093 2.26443 2.23818 2.23818 2.26586 2.31216 2.31216 2.31216 2.31216 2.31216 2.31188 1.53028 1.45038 1.46642 1.48294 1.49933 1.54855 1.55128 1.50460 1.45264 1.40568 1.40111 1.40111 1.40111 1.40111 1.40111 1.40111 1.40111 1.40111 1.40111 1.40111 1.53936 2.13971 2.20965 2.20965 2.20965 2.20965 2.20965 2.20965 2.20965 2.20965
2.82508 2.82508 2.82508 2.82508 2.79737 2.60630 2.60630 2.60630 2.60630 2.46789 1.90963 1.53859 1.51848 1.51848 1.51848 1.51848 2.35218 2.43093 2.43093 2.43093 2.43093 2.43093 2.43093 2.43093 2.43093 2.43093 2.31356 2.23818 2.23818 2.25636 2.33402 2.35046 2.36694 2.38332 2.39981 2.41623 1.84203 1.57687 1.57719 1.57719 1.57719 1.56282 1.40114 1.40111 1.40111 1.40111 1.40111 1.40111 1.40111 1.40111 1.40111 1.40111 1.40111 1.40111 1.40111 1.40111 1.48723 2.04683 2.20965 2.20965 2.20965 2.20965 2.20965 2.20965 2.20965 2.20965
2.82508 2.82508 2.82508 2.82508 2.82484 2.62449 2.60630 2.60630 2.60630 2.59765 1.98760 1.63360 1.51848 1.51848 1.51848 1.51848 2.19139 2.43093 2.43093 2.43093 2.43093 2.42093 2.37091 2.31670 2.26256 2.20847 2.20830 2.34281 2.35919 2.37088 2.44087 2.44423 2.44423 2.44423 2.44423 2.44423 2.04512 1.57719 1.57719 1.57719 1.57719 1.57719 1.43419 1.40111 1.40111 1.40111 1.40111 1.40111 1.40111 1.40111 1.40111 1.40111 1.40111 1.40111 1.40111 1.40092 1.44212 1.91938 2.19458 2.18907 2.18327 2.17710 2.17058 2.16370 2.15639 2.14863
2.82508 2.82508 2.82508 2.82508 2.82508 2.66990 2.60630 2.60630 2.60630 2.60630 2.24576 1.73558 1.51848 1.51562 1.45613 1.37475 1.81604 2.22685 2.17276 2.11850 2.06437 2.02028 2.01613 2.01613 2.01613 2.01613 2.05224 2.36982 2.37024 2.37024 2.42665 2.44423 2.44423 2.44423 2.44423 2.44423 2.23675 1.57708 1.57590 1.57439 1.57284 1.57122 1.46494 1.35197 1.34168 1.33066 1.31886 1.30611 1.29242 1.27760 1.26149 1.24395 1.22476 1.20369 1.18046 1.15548 1.14750 2.01783 2.01783 2.01783 2.01783 2.01783 2.01783 2.01783 2.01783 2.01783
2.82508 2.82508 2.82508 2.82508 2.82508 2.71561 2.59826 2.56947 2.53958 2.50977 2.31525 1.56653 0.996268 0.917933 0.896281 0.896281 1.20807 2.01613 2.01613 2.01613 2.01613 2.00764 1.95336 1.89214 1.83181 1.77089 1.70997 1.94931 1.94243 1.88161 1.86252 1.83405 1.77322 1.71260 1.65168 1.59105 1.52831 1.53707 1.53842 1.53842 1.53842 1.53842 1.45183 1.15960 1.17276 1.18611 1.19956 1.21273 1.22589 1.23919 1.25269 1.26585 1.27901 1.29232 1.30582 1.31898 1.33218 1.46679 2.01783 2.01783 2.01783 2.01783 2.01783 2.01783 2.01783 2.01783
2.77641 2.74657 2.71665 2.68683 2.65695 2.56323 2.38652 2.35668 2.20826 2.01564 1.76945 1.57983 0.946483 0.902409 0.904915 0.907473 0.938751 1.29137 1.23270 1.17355 1.11435 1.06398 1.05916 1.06084 1.06253 1.06423 1.06590 1.27791 1.42339 1.42511 1.47724 1.57955 1.58393 1.58842 1.59287 1.59726 1.60164 1.70762 1.75238 1.75896 1.76554 1.77224 1.76916 1.62969 1.62960 1.62960 1.62960 1.62960 1.62960 1.62960 1.62960 1.62960 1.62960 1.62960 1.62960 1.62960 1.62960 1.62497 1.87341 1.84776 1.76916 1.69029 1.61170 1.53303 1.45423 1.37564
2.88457 2.90410 2.92363 2.93493 2.87229 2.72842 1.88845 1.67069 1.65276 1.65529 1.65782 1.65933 1.18715 0.970209 0.970209 0.970209 0.970209 1.06818 1.08913 1.08913 1.08913 1.08913 1.08913 1.08913 1.08913 1.08913 1.08913 1.20979 1.44324 1.44324 1.47115 1.62864 1.62864 1.62864 1.62864 1.62864 1.62864 1.70099 1.77948 1.77948 1.77948 1.77948 1.77948 1.66584 1.62960 1.62960 1.62960 1.62960 1.62960 1.62601 1.61940 1.61402 1.60954 1.60577 1.60254 1.59974 1.59730 1.58380 1.51876 1.32477 1.32477 1.32477 1.32477 1.32477 1.32477 1.32477
3.01272 2.91201 2.78789 2.64715 2.61770 2.61770 1.77975 1.65933 1.65933 1.65933 1.65933 1.65933 1.36391 0.970209 0.970209 0.970209 0.970209 1.04530 1.08913 1.08913 1.08913 1.08913 1.08913 1.08913 1.08913 1.08913 1.08913 1.12100 1.44211 1.44324 1.44429 1.61761 1.62864 1.62864 1.62864 1.62864 1.62864 1.66984 1.77948 1.77948 1.77740 1.71766 1.63188 1.56887 1.60808 1.60452 1.60146 1.59881 1.59648 1.59534 1.59534 1.59534 1.59534 1.59534 1.59534 1.59534 1.59534 1.58912 1.55967 1.34242 1.32477 1.32477 1.32477 1.32477 1.32477 1.32477
2.61770 2.61770 2.61770 2.61770 2.61770 2.61770 1.97944 1.65933 1.65933 1.65933 1.65933 1.65933 1.54067 0.970209 0.970209 0.970209 0.970209 1.01802 1.08913 1.08913 1.08913 1.08913 1.08913 1.08913 1.08913 1.08913 1.08913 1.08913 1.38433 1.44324 1.44324 1.58074 1.62698 1.58610 1.52900 1.47154 1.41394 1.35798 1.28566 1.19933 1.11507 1.08882 1.08882 1.27152 1.59534 1.59534 1.59534 1.59534 1.59534 1.59534 1.59534 1.59534 1.59534 1.59534 1.59534 1.59534 1.59534 1.59341 1.56108 1.39948 1.32477 1.32477 1.32477 1.32477 1.32477 1.32477
2.61770 2.61770 2.61770 2.61770 2.61770 2.61770 2.17933 1.65933 1.65933 1.65933 1.65933 1.65933 1.65685 1.03106 0.970209 0.970209 0.970209 0.985130 1.08901 1.08913 1.08913 1.08913 1.08913 1.08913 1.08901 1.07561 1.05331 1.03103 1.14030 1.16988 1.11269 1.15504 1.18478 1.16821 1.16821 1.16821 1.16821 1.16809 1.09810 1.08882 1.08882 1.08882 1.08882 1.14413 1.59504 1.59534 1.59534 1.59534 1.59534 1.59534 1.59534 1.59534 1.59534 1.59534 1.59534 1.59534 1.59534 1.59534 1.56692 1.45798 1.32477 1.32477 1.32477 1.32477 1.32477 1.32477
2.61770 2.61770 2.61770 2.61770 2.61770 2.61770 2.37906 1.65933 1.65933 1.65933 1.65933 1.65933 1.65933 1.20527 0.970209 0.970209 0.970209 0.959617 1.04738 1.03796 1.01566 0.993378 0.971081 0.948784 0.926624 0.917746 0.917746 0.917746 0.938955 0.982804 0.982804 1.04456 1.16821 1.16821 1.16821 1.16821 1.16821 1.16821 1.11977 1.08882 1.08882 1.08882 1.08882 1.08882 1.52276 1.59534 1.59534 1.59534 1.59534 1.59534 1.59534 1.59534 1.59534 1.59534 1.59534 1.59534 1.59534 1.59534 1.57661 1.51647 1.32477 1.32477 1.32477 1.32477 1.32477 1.32477
2.61770 2.61770 2.61770 2.61770 2.61770 2.61770 2.56969 1.66863 1.65933 1.66191 1.70347 1.75833 1.81323 1.46358 0.803519 0.770099 0.736654 0.713825 0.861642 0.917746 0.917746 0.917746 0.917746 0.917746 0.917746 0.917746 0.917746 0.911463 0.905574 0.954184 0.943560 0.956532 1.10703 1.09605 1.08507 1.07405 1.06314 1.05216 1.05646 1.08882 1.08882 1.08882 1.08882 1.08882 1.39512 1.59534 1.59534 1.59534 1.59534 1.59534 1.59534 1.59534 1.59504 1.59274 1.59024 1.58773 1.58521 1.58269 1.57236 1.55910 1.34067 1.32477 1.32477 1.32477 1.32477 1.32477
2.61770 2.61770 2.62947 2.68107 2.73593 2.79075 2.84561 2.10325 1.99688 2.04925 2.06243 2.06202 2.05747 1.86716 0.819734 0.852327 0.883044 0.911918 0.901909 0.822993 0.809334 0.795321 0.781155 0.766956 0.752818 0.738635 0.724667 0.716676 0.713556 0.763761 0.772284 0.769443 0.949515 0.963972 0.962293 0.960621 0.958942 0.957270 0.970585 1.03131 1.02881 1.02630 1.02378 1.02122 1.19725 1.52271 1.52020 1.51769 1.51512 1.51261 1.51010 1.50759 1.50538 1.50511 1.50511 1.50511 1.50511 1.50511 1.51526 1.56108 1.39717 1.36514 1.47703 1.59011 1.70319 1.81617
2.56474 2.55904 2.54374 2.49658 2.44944 2.40478 2.36248 2.08356 1.95353 1.94873 1.94425 1.93993 1.93661 1.93288 1.13042 1.02758 1.02440 1.02128 0.947920 0.650264 0.649740 0.649740 0.649740 0.649740 0.649740 0.649740 0.649740 0.649740 0.649740 0.686635 0.714798 0.714798 0.871505 0.932064 0.932064 0.932064 0.932064 0.932064 0.934466 0.997582 0.998585 0.998585 0.998585 0.998585 1.04995 1.50450 1.50511 1.50511 1.50511 1.50511 1.50511 1.50511 1.50279 1.45752 1.39624 1.33491 1.27358 1.21219 1.13380 0.730024 1.34821 2.31802 2.31931 2.31931 2.31931 2.31931
2.02485 2.02485 2.02485 2.02485 2.02485 2.02485 2.02485 1.97897 1.91421 1.91421 1.91421 1.91421 1.91421 1.91421 1.34426 1.01467 1.01467 1.01467 1.00927 0.666089 0.649740 0.649740 0.649740 0.649740 0.649740 0.649740 0.649740 0.649740 0.649740 0.670183 0.714798 0.714798 0.827368 0.932064 0.932064 0.932064 0.932064 0.932064 0.932064 0.982385 0.998585 0.998585 0.998585 0.998585 1.00135 1.37205 1.37183 1.31055 1.24922 1.18778 1.12650 1.06517 1.00615 0.990136 0.990136 0.990136 0.990136 0.990136 0.990090 0.607866 0.883301 2.31931 2.31931 2.31931 2.31931 2.31931
2.02511 2.02485 2.02485 2.02485 2.02485 2.02485 2.02485 2.00186 1.91421 1.91421 1.91421 1.91421 1.91421 1.91421 1.57472 1.01467 1.01467 1.01467 1.01467 0.741776 0.649740 0.649740 0.649740 0.649740 0.649740 0.649740 0.649740 0.649740 0.649740 0.654277 0.714252 0.714798 0.783256 0.932064 0.932064 0.932064 0.933728 0.942310 0.951657 1.00173 1.05587 1.06991 1.08385 1.09781 1.10909 1.03840 0.990136 0.990136 0.990136 0.990136 0.990136 0.990136 0.990136 0.990136 0.990136 0.990136 0.990136 0.990136 0.990136 0.737126 0.549919 2.20666 2.31931 2.31931 2.31931 2.31931
2.03247 2.02485 2.02485 2.02485 2.02485 2.02485 2.02485 2.02195 1.91702 1.91421 1.91421 1.91421 1.91421 1.91421 1.80518 1.01476 1.01467 1.01467 1.01467 0.822943 0.649740 0.649740 0.649740 0.649740 0.649740 0.649740 0.649740 0.649740 0.656288 0.699803 0.740672 0.743426 0.777113 0.979341 0.988644 0.998013 1.00562 1.00636 1.00636 1.03679 1.11004 1.11004 1.11004 1.11004 1.11004 1.06837 0.990136 0.990136 0.990136 0.990136 0.990136 0.990136 0.990136 0.990136 0.990136 0.990136 0.990136 0.990136 0.990136 0.832617 0.531143 1.78057 2.31931 2.31931 2.31931 2.31931
2.04244 2.02485 2.02485 2.02485 2.02485 2.02485 2.02485 2.02485 1.93700 1.91421 1.91421 1.91421 1.91421 1.91421 1.91421 1.13620 1.01467 1.01467 1.01467 0.904391 0.651110 0.685945 0.735248 0.784626 0.833891 0.883231 0.932572 0.981874 1.02467 1.03045 0.896602 0.789099 0.789164 0.986563 1.00636 1.00636 1.00636 1.00636 1.00636 1.01836 1.11004 1.11004 1.11004 1.11004 1.11004 1.09817 0.990316 0.990136 0.990136 0.990136 0.990136 0.990136 0.990136 0.990136 0.990136 0.990136 0.990136 0.990136 0.990136 0.905041 0.531143 1.33582 2.31931 2.31931 2.31931 2.31931
2.00485 2.02485 2.02485 2.02485 2.02485 2.02485 2.02485 2.02485 1.95989 1.91421 1.91421 1.91421 1.91421 1.88498 1.80419 1.35410 1.18497 1.23431 1.28365 1.30292 1.01679 1.03045 1.03045 1.03045 1.03045 1.03045 1.03045 1.03045 1.03045 1.03045 0.957721 0.789099 0.789058 0.945951 1.01598 1.02079 1.02584 1.03112 1.03666 1.04311 1.10878 1.11004 1.11004 1.11004 1.11004 1.11004 1.00859 0.990136 0.990136 0.990136 0.990136 0.990136 0.990136 0.990136 0.990136 0.990136 0.990136 0.990136 0.990136 0.962650 0.531143 0.888777 2.31931 2.31931 2.31931 2.31931
1.93699 2.02485 2.02485 2.02485 2.02485 2.02281 1.96575 1.88399 1.76041 1.61006 1.52842 1.44672 1.36496 1.31266 1.31170 1.34120 1.39494 1.38629 1.37413 1.36136 1.08788 1.05820 1.06438 1.07091 1.07772 1.08482 1.09234 1.10033 1.10957 1.12035 1.11120 0.795724 0.793348 0.934933 1.05916 1.05262 1.04606 1.03946 1.03280 1.02627 1.01971 1.01317 1.00654 0.999912 0.993352 0.986816 0.908916 0.853750 0.847120 0.840561 0.834001 0.827465 0.820859 0.814205 0.807645 0.801109 0.794573 0.787943 0.781290 0.774619 0.566412 0.552069 2.21292 2.31931 2.31931 2.29436
1.78504 1.78295 1.71913 1.64774 1.57278 1.49625 1.47698 1.48458 1.45559 1.21195 1.19431 1.17568 1.15584 1.13477 1.11240 1.10031 1.18830 1.18427 1.18637 1.18839 1.19046 1.19252 1.19458 1.19665 1.19867 1.20077 1.20279 1.20489 1.20598 1.20598 1.20598 0.918407 0.843945 0.853225 0.874928 0.874928 0.874928 0.874928 0.874928 0.874928 0.874928 0.874928 0.874928 0.874928 0.874928 0.874928 0.833563 0.755028 0.755028 0.755028 0.755028 0.755028 0.755028 0.755028 0.755028 0.755028 0.764555 0.823368 0.888899 0.954595 1.04311 1.19273 1.83512 1.97318 1.92590 1.90349
