High_resolution/powerplant/Fengdu/OMI_NO2_200706.asc
ncols      200
nrows      200
xllcorner       105.978
yllcorner       28.1831
cellsize     0.0166667
NODATA_Value      -999.000
[rows 87 to 115 of 200, columns 0 to 66 of 200]
4.08101 4.08087 4.07508 3.97323 3.81875 3.87933 3.97399 3.98273 4.00925 4.03626 4.06331 4.08830 4.09337 4.09337 4.09337 3.98430 3.88699 3.88699 3.88699 3.88699 4.14848 4.13232 4.15167 4.44231 4.73409 4.79404 4.92167 5.06837 5.23869 5.43880 5.61540 5.57304 5.26749 5.27409 5.28102 5.28785 5.29479 5.30163 5.30857 5.31540 5.32169 4.35348 3.72354 3.30723 3.33255 3.36534 3.38691 3.30623 2.50478 2.50043 2.50043 2.50043 2.50043 2.50043 2.50043 2.50043 2.50043 2.50043 2.50043 2.50043 2.44862 2.16113 2.16113 1.84328 1.56929 1.61119 2.57975
4.08101 4.08101 4.07584 4.06008 3.88297 3.92825 4.07349 4.09286 4.09344 4.09384 4.09430 4.09476 4.09522 4.09568 4.09614 4.04985 3.88995 3.89032 3.89068 3.89295 4.16171 4.32035 4.47580 4.80250 5.63734 5.75789 5.75808 5.75808 5.75808 5.75808 5.75808 5.75808 5.39030 5.34203 5.34203 5.34203 5.34190 5.26260 5.11717 4.97195 4.82646 3.89984 3.52015 3.38739 3.38739 3.38739 3.38739 3.38739 2.66993 2.50043 2.50043 2.50043 2.50043 2.50043 2.50043 2.50043 2.50043 2.50043 2.50043 2.50043 2.50043 2.21862 2.19966 2.05341 1.49010 1.45813 2.27878
4.09478 4.09795 4.08926 4.08523 4.00766 3.98602 4.08072 4.10037 4.10077 4.10082 4.10082 4.10082 4.10082 4.10082 4.10082 4.09981 3.97398 4.00541 4.04750 4.09063 4.30833 4.59377 4.72629 4.89060 5.66793 5.75808 5.75808 5.75808 5.75808 5.75808 5.75808 5.75808 5.45633 5.18211 5.03682 4.89132 4.74623 4.68010 4.68010 4.68010 4.68010 4.12293 3.54938 3.40591 3.38739 3.38739 3.38739 3.38739 2.91633 2.50043 2.50043 2.50043 2.50043 2.50043 2.50043 2.50401 2.52930 2.55821 2.58706 2.61590 2.64478 2.47095 2.32467 2.22453 1.56665 1.42230 2.01337
4.11079 4.11079 4.10128 4.08981 4.03883 3.98785 4.05430 4.10082 4.10082 4.10082 4.10128 4.10336 4.10558 4.10781 4.11004 4.11226 4.11449 4.11671 4.11894 4.12117 4.22830 4.60964 4.70231 4.88694 5.41163 5.75808 5.75808 5.75550 5.61560 5.39756 5.17943 4.96149 4.74985 4.68010 4.68010 4.68010 4.68010 4.68010 4.68010 4.68010 4.68010 4.36529 3.54971 3.45332 3.38739 3.38739 3.38739 3.38739 3.16263 2.50082 2.51961 2.54849 2.57734 2.60619 2.63507 2.66034 2.66397 2.66397 2.66397 2.66397 2.66397 2.57059 2.32467 2.28014 1.79972 1.50475 1.82632
4.11079 4.11079 4.10981 4.13114 4.11852 4.02178 4.05611 4.13045 4.13268 4.13491 4.13667 4.13682 4.13682 4.13682 4.13682 4.13682 4.13682 4.13682 4.13383 4.12151 4.12283 4.62106 4.67420 4.87396 5.03397 5.27683 5.05879 4.84323 4.76519 4.76519 4.76519 4.76519 4.76122 4.68234 4.68010 4.68010 4.68010 4.68010 4.68010 4.68010 4.68010 4.60256 3.55457 3.50112 3.34622 3.18118 3.00795 2.83471 2.65089 2.64299 2.66397 2.66397 2.66397 2.66397 2.66397 2.66397 2.66397 2.66397 2.66501 2.67260 2.68135 2.68110 2.48434 2.49056 2.12155 1.60061 1.62205
0.00000 4.11079 4.11079 4.15768 4.16181 4.05417 4.03903 4.13338 4.13682 4.13682 4.13682 4.13682 4.13165 4.11855 4.10425 4.08862 4.07144 4.05253 4.03669 4.01435 3.97773 4.43405 4.53093 4.61820 4.64908 4.76105 4.76519 4.76519 4.76519 4.76519 4.76519 4.76519 4.76519 4.69819 4.68010 4.68010 4.68010 4.68010 4.67686 4.55966 4.38642 4.21377 3.07944 2.73080 2.44835 2.43450 2.43450 2.43450 2.43450 2.59500 2.66397 2.66397 2.66397 2.66414 2.67007 2.67882 2.68754 2.69630 2.70399 2.70514 2.70514 2.70514 2.56575 2.50297 2.30840 1.63558 1.60061
0.00000 4.11079 4.11079 4.15020 4.16181 4.08683 4.03584 4.09660 4.10097 4.08502 4.06748 4.04813 4.03591 4.03584 4.03108 3.99886 3.96227 3.92568 3.88921 3.87398 3.87398 4.23015 4.50037 4.57815 4.64414 4.73006 4.76519 4.76519 4.76519 4.76519 4.76519 4.76519 4.76519 4.68502 4.47304 4.29980 4.12657 3.95333 3.78334 3.72721 3.72721 3.72721 3.00783 2.59681 2.48142 2.43450 2.43450 2.43450 2.43450 2.53522 2.67892 2.69629 2.71394 2.73137 2.74303 2.75188 2.76075 2.76963 2.77854 2.78739 2.79625 2.80512 2.73379 2.62073 2.64429 2.20937 2.02405
0.00000 4.11079 4.11079 4.14037 4.16181 4.12850 4.03584 4.03584 4.03584 4.03584 4.01992 3.98341 3.94682 3.91020 3.87838 3.87398 3.87398 3.87398 3.87398 3.87398 3.87398 4.09347 4.50037 4.54723 4.64414 4.69397 4.76519 4.76519 4.76519 4.76519 4.76519 4.74606 4.69661 4.43665 3.61526 3.58193 3.54891 3.51558 3.48268 3.44929 3.41632 3.38294 3.06627 2.72123 2.66373 2.58643 2.60404 2.62169 2.63929 2.68692 2.88902 2.88924 2.88924 2.88924 2.88924 2.88924 2.88924 2.88924 2.88924 2.88924 2.88924 2.88924 2.86761 2.68770 2.74854 2.54678 2.15132
0.00000 4.11079 4.11079 4.12688 4.16181 4.16126 4.01736 3.96796 3.93134 3.89476 3.87406 3.87398 3.87398 3.87398 3.86258 3.84169 3.82090 3.80008 3.77929 3.75851 3.73765 3.78965 4.18467 4.14709 4.07115 4.03548 4.09252 4.04296 3.99324 3.94352 3.89389 3.86312 3.86285 3.86263 3.19168 3.12565 3.12565 3.12565 3.12565 3.12568 3.12699 3.12900 3.05922 2.78828 2.77397 2.65994 2.65977 2.65977 2.65977 2.65979 2.85946 2.88924 2.88195 2.86870 2.85590 2.84345 2.83131 2.81959 2.80824 2.79722 2.78650 2.77602 2.76585 2.61767 2.59974 2.60432 2.35821
0.00000 4.11079 3.83771 3.76017 3.94595 3.92100 3.75509 3.67183 3.65104 3.63022 3.60937 3.58858 3.56780 3.54701 3.53762 3.53762 3.53762 3.53762 3.53762 3.53762 3.53762 3.53808 3.86769 3.89672 3.75010 3.74180 3.84063 3.86285 3.86285 3.86285 3.86285 3.86285 3.86285 3.86285 3.35733 3.12617 3.12812 3.13012 3.13213 3.13411 3.13480 3.13480 3.12653 2.80031 2.78536 2.56292 2.53705 2.53070 2.52450 2.51845 2.61660 2.67983 2.67626 2.67626 2.67626 2.67626 2.67626 2.67626 2.67547 2.66574 2.65346 2.64121 2.62894 2.53811 2.45792 2.56371 2.72272
0.00000 0.00000 3.10173 3.10173 3.57617 3.65728 3.61205 3.53762 3.53762 3.53762 3.53762 3.53762 3.53762 3.53762 3.53762 3.53742 3.52815 3.51355 3.49823 3.48227 3.46559 3.44816 3.72238 3.83976 3.76139 3.74180 3.80462 3.86285 3.86285 3.86285 3.86297 3.86523 3.86824 3.87125 3.57311 3.13473 3.13480 3.13480 3.13480 3.13480 3.13480 3.13480 3.13480 2.86591 2.79007 2.57126 2.50416 2.50416 2.50416 2.50416 2.55881 2.67626 2.67625 2.66969 2.65742 2.64515 2.63289 2.62062 2.60914 2.60661 2.60661 2.60661 2.60661 2.57245 2.45499 2.54222 2.65827
0.00000 0.00000 3.10173 3.10173 3.40937 3.53508 3.50440 3.40959 3.38726 3.36590 3.34343 3.31970 3.29469 3.26805 3.24001 3.21070 3.20003 3.20003 3.20003 3.20003 3.20003 3.20003 3.46093 3.74180 3.74180 3.74180 3.76639 3.86691 3.86992 3.87293 3.87582 3.87658 3.87658 3.87658 3.81808 3.14466 3.13480 3.13480 3.13480 3.13480 3.13480 3.13480 3.13480 2.93979 2.79007 2.63462 2.50416 2.51000 2.54039 2.57347 2.61346 2.62592 2.61231 2.60661 2.60661 2.60661 2.60661 2.60661 2.60661 2.60661 2.60661 2.61418 2.65482 2.69763 2.48967 2.52972 2.62699
0.00000 0.00000 3.10173 3.10173 3.10173 3.10173 3.10173 3.18164 3.20003 3.20003 3.20003 3.20003 3.20003 3.20003 3.20003 3.20003 3.20003 3.20003 3.20003 3.20003 3.20003 3.19976 3.33673 3.72599 3.71691 3.70783 3.70340 3.86166 3.87658 3.87658 3.87658 3.87658 3.87658 3.87658 3.87658 3.26668 3.13480 3.13480 3.13480 3.13480 3.13480 3.13497 3.16077 3.08364 2.90427 2.83644 2.66307 2.68298 2.68569 2.68569 2.68569 2.62520 2.60661 2.60661 2.60661 2.60661 2.60851 2.64169 2.68613 2.73056 2.77500 2.81184 2.81566 2.81566 2.59258 2.50787 2.58942
0.00000 0.00000 3.10173 3.10173 3.10173 3.10173 3.10173 3.15621 3.20003 3.20003 3.20003 3.20003 3.20003 3.20003 3.20003 3.20003 3.20003 3.19807 3.18953 3.18045 3.17137 3.16256 3.19050 3.69711 3.70172 3.70172 3.70172 3.81098 3.87658 3.87658 3.87658 3.87658 3.87658 3.87658 3.87658 3.44892 3.14233 3.18256 3.22673 3.27078 3.31479 3.35864 3.37684 3.32934 3.03211 2.97014 2.72057 2.68569 2.68569 2.68569 2.68569 2.64705 2.62858 2.67300 2.71747 2.76189 2.80455 2.81838 2.82200 2.82560 2.82921 2.83285 2.83646 2.84006 2.72182 2.52011 2.67085
0.00000 0.00000 0.00000 3.10173 3.10173 3.10173 3.10173 3.11787 3.19964 3.20003 3.20003 3.20003 3.20000 3.19483 3.18575 3.17668 3.16760 3.16048 3.15995 3.15995 3.15995 3.15995 3.15995 3.61019 3.70172 3.70172 3.70172 3.75880 3.87658 3.87658 3.87658 3.87658 3.87658 3.87658 3.87658 3.73149 3.37307 3.39176 3.42396 3.45575 3.48796 3.51987 3.55195 3.58305 3.12633 3.07100 2.79393 2.73806 2.78408 2.83215 2.88020 2.91144 2.87524 2.87884 2.88245 2.88608 2.88958 2.89058 2.89058 2.89058 2.89058 2.89058 2.89058 2.89058 2.86552 2.54818 2.75800
0.00000 0.00000 0.00000 3.10173 3.10173 3.10173 3.10173 3.10173 3.18666 3.19106 3.18198 3.17291 3.16386 3.15995 3.15995 3.15995 3.15995 3.15995 3.15995 3.16068 3.16500 3.16975 3.17450 3.62467 3.97004 4.01834 4.06621 4.12346 4.33287 4.38528 4.43315 4.48128 4.52932 4.57719 4.62532 4.66672 3.98766 3.95706 3.95706 3.95706 3.95706 3.95706 3.95801 3.97711 3.41730 3.20418 2.98593 2.96736 2.96966 2.96966 2.96966 2.96888 2.89643 2.89058 2.89058 2.89058 2.89058 2.89058 2.89192 2.90123 2.91192 2.92286 2.93405 2.94557 2.95737 2.67782 2.78238
0.00000 0.00000 0.00000 3.10464 3.10471 3.09399 3.08612 3.08036 3.12952 3.18883 3.19358 3.19834 3.20311 3.20785 3.21257 3.21732 3.22210 3.22685 3.23160 3.23562 3.23608 3.23608 3.23608 3.76594 4.57204 4.57204 4.57204 4.57204 4.69975 4.74690 4.74690 4.74690 4.74690 4.74690 4.74690 4.74690 4.17424 3.95706 3.96593 3.99160 4.01765 4.04372 4.06884 4.07579 3.66628 3.25074 3.12647 3.08777 3.10854 3.12358 3.13901 3.15496 3.10789 3.09063 3.10660 3.12299 3.13986 3.15734 3.17291 3.17500 3.17500 3.17703 3.22551 3.29313 3.36103 3.20769 3.19159
3.00179 3.00179 3.00179 3.03705 3.12826 3.12789 3.12789 3.12789 3.14700 3.23608 3.23608 3.23608 3.23608 3.23608 3.23608 3.23608 3.23608 3.23608 3.23608 3.23608 3.23608 3.23608 3.23608 3.47474 4.57204 4.57204 4.57204 4.57204 4.64749 4.74690 4.74690 4.74690 4.74690 4.74971 4.78129 4.82037 4.48273 4.05819 4.07539 4.07579 4.07579 4.07579 4.07579 4.07579 3.84276 3.25074 3.25074 3.26460 3.28043 3.28043 3.28043 3.28043 3.24002 3.17500 3.17500 3.17500 3.20341 3.27095 3.33861 3.40647 3.47428 3.54010 3.55944 3.55944 3.55944 3.47324 3.18976
3.00179 3.00179 3.00179 3.00211 3.12213 3.12789 3.12789 3.12789 3.12801 3.22243 3.23608 3.23608 3.23608 3.23608 3.23608 3.23608 3.23608 3.23608 3.23608 3.23608 3.23608 3.23608 3.23608 3.25091 4.50476 4.57204 4.57204 4.57204 4.59526 4.76389 4.80300 4.84210 4.88121 4.91747 4.92501 4.92501 4.82103 4.07960 4.07579 4.07579 4.07579 4.07579 4.07579 4.07579 4.01643 3.25363 3.25074 3.25584 3.28043 3.28043 3.28913 3.34669 3.40123 3.38424 3.45191 3.51972 3.55921 3.55944 3.55944 3.55944 3.55944 3.55944 3.55944 3.55944 3.54206 3.46271 3.21959
3.00179 3.00179 3.00179 3.00179 3.10503 3.12789 3.12789 3.12789 3.12789 3.18990 3.23608 3.23608 3.23608 3.23608 3.23608 3.23608 3.23608 3.23608 3.23608 3.23608 3.23608 3.23608 3.23608 3.23608 4.23205 4.61996 4.67590 4.73183 4.78774 4.90758 4.92501 4.92501 4.92501 4.92501 4.92501 4.92501 4.92501 4.19789 4.07579 4.07579 4.07579 4.07579 4.07579 4.07579 4.07579 3.40463 3.35048 3.41585 3.50738 3.57666 3.63356 3.64128 3.64128 3.57336 3.55944 3.55944 3.55944 3.55944 3.55944 3.55450 3.48906 3.40576 3.32243 3.23914 3.17322 3.16801 3.23940
3.00179 3.00179 3.00179 3.00179 3.08266 3.12789 3.12789 3.12789 3.12789 3.15726 3.23608 3.23608 3.23608 3.23608 3.23608 3.23608 3.23608 3.23608 3.23608 3.23608 3.25299 3.30757 3.36348 3.41941 4.17310 4.81932 4.81932 4.81932 4.81932 4.87601 4.92501 4.92501 4.92501 4.92501 4.92501 4.92501 4.92501 4.39995 4.07579 4.08485 4.14306 4.20866 4.27426 4.33968 4.40514 3.90803 3.61159 3.61159 3.62893 3.64128 3.64128 3.64128 3.64128 3.59601 3.55936 3.51407 3.43078 3.34748 3.26419 3.18586 3.16801 3.16801 3.16801 3.16413 3.14004 3.11318 3.12357
3.00179 3.00179 3.00179 3.00179 3.05240 3.12789 3.12789 3.12789 3.12789 3.13050 3.23020 3.23608 3.23608 3.23608 3.23608 3.23717 3.27520 3.33108 3.38704 3.44298 3.48198 3.48336 3.48336 3.48336 3.89340 4.81932 4.81932 4.81932 4.81932 4.84446 4.92501 4.92501 4.92501 4.92501 4.92501 4.92501 4.92501 4.71989 4.37299 4.42943 4.43665 4.43665 4.43665 4.48114 4.59476 4.22532 3.51118 3.48420 3.46603 3.46034 3.41053 3.30316 3.19316 3.06023 2.89099 2.82621 2.79946 2.77270 2.74589 2.71892 2.69216 2.66541 2.63860 2.61573 2.61296 2.61296 2.61889
3.00179 3.00179 3.00179 3.00179 3.01260 3.12696 3.12789 3.12789 3.12789 3.12789 3.20018 3.24684 3.29872 3.35465 3.41061 3.46541 3.48336 3.48336 3.48336 3.48336 3.48336 3.48336 3.48336 3.48336 3.60346 4.90038 5.07326 5.24462 5.41661 5.58871 5.85798 6.03607 6.20868 6.37942 6.55171 6.72245 6.89475 7.03262 6.02658 6.09253 6.20719 6.32122 6.43567 6.50562 6.50624 5.77624 3.12053 3.19659 3.26874 2.78540 2.69751 2.69481 2.69481 2.69202 2.61583 2.61296 2.61296 2.61296 2.61296 2.61296 2.61296 2.61296 2.61296 2.61296 2.61296 2.61296 2.61296
3.00179 3.00179 3.00179 3.00179 3.00179 3.11458 3.12789 3.14563 3.18647 3.28640 3.48681 3.73600 3.83863 3.93754 4.03614 4.13457 4.23317 4.33177 4.43068 4.52912 4.62787 4.72647 4.82491 4.92382 5.02242 7.55754 7.92372 7.92372 7.92372 7.92372 7.99219 8.02941 8.02941 8.02941 8.02941 8.02941 8.02941 8.02941 6.86427 6.50624 6.50624 6.53712 6.61279 6.68874 6.76476 6.74594 3.49663 3.40303 3.40303 2.90650 2.69481 2.69481 2.69481 2.69481 2.63567 2.61296 2.61296 2.61296 2.61296 2.61296 2.61296 2.61296 2.61296 2.61296 2.61256 2.58905 2.54843
3.00179 3.00179 3.00381 3.06057 3.14187 4.14169 4.63277 4.75428 4.85295 4.89239 4.90661 5.07154 5.07362 5.07362 5.07362 5.07362 5.07362 5.07362 5.07362 5.07362 5.07362 5.07362 5.07362 5.07362 5.07362 6.93953 7.92372 7.92372 7.92372 7.92372 7.96002 8.02941 8.02941 8.02941 8.02941 8.02941 8.04152 8.13886 7.44311 6.73126 6.80725 6.85236 6.85274 6.85274 6.85274 6.85274 4.14471 3.40303 3.40303 3.11499 2.69481 2.69481 2.69481 2.69481 2.65834 2.61296 2.61296 2.61296 2.61296 2.60037 2.56180 2.51746 2.46665 2.40786 2.33988 2.31225 2.31225
3.16535 3.24662 3.32579 3.35025 3.35025 4.17845 4.89239 4.89239 4.89239 4.89239 4.89239 5.03147 5.07362 5.07362 5.07362 5.07362 5.07362 5.07362 5.07362 5.07362 5.07362 5.07362 5.07362 5.07362 5.07362 6.32141 7.92372 7.92372 7.92372 7.92372 7.93047 8.02741 8.08866 8.20264 8.31662 8.43070 8.53252 8.54915 8.24056 6.85297 6.85274 6.85274 6.85274 6.85274 6.85274 6.85274 4.88399 3.40303 3.40303 3.32181 2.69622 2.69481 2.69481 2.69036 2.64210 2.53208 2.48346 2.42742 2.36195 2.31329 2.31225 2.31225 2.31225 2.31225 2.31225 2.31225 2.31225
3.35025 3.35025 3.35025 3.35025 3.35025 3.74365 4.89239 4.89239 4.89239 4.89239 4.89239 4.97684 5.07362 5.07362 5.07362 5.07362 5.07362 5.07362 5.07362 5.07362 5.07362 5.07362 5.07362 5.07362 5.07362 5.70385 7.92372 8.00771 8.65534 9.40795 10.1606 9.10864 8.54915 8.54915 8.54915 8.54915 8.54915 8.54915 8.54915 7.02993 6.85274 6.85274 6.85274 6.85274 6.85274 6.85274 5.62326 3.40303 3.38460 3.34401 2.72406 2.55477 2.51422 2.47819 2.47233 2.33684 2.31225 2.31225 2.31225 2.31225 2.31225 2.31225 2.30207 2.20803 2.09539 1.98263 1.86994
3.35025 3.35025 3.35025 3.35025 3.35025 3.35886 4.83005 4.89239 4.89239 4.89239 4.89239 4.92247 5.07362 5.07362 5.07362 5.07362 5.07362 5.07362 5.07362 5.07362 5.07362 5.07362 5.07362 5.37894 6.12788 6.96362 10.4121 11.1518 11.2568 11.2568 11.2568 10.0402 8.54915 8.54915 8.54915 8.54915 8.54915 8.54915 8.54915 7.41518 6.85274 6.85274 6.84883 6.81475 6.77414 6.73364 6.20043 3.20284 3.18079 3.18074 2.80978 2.47252 2.47252 2.47252 2.47252 2.38921 2.31225 2.31130 2.24138 2.12862 2.01603 1.90328 1.80076 1.78215 1.78215 1.78215 1.78215
3.35025 3.35025 3.35025 3.35025 3.35025 3.35025 4.62461 4.89239 4.89239 4.89239 4.89239 4.89246 5.04928 5.07362 5.07362 5.07362 5.07362 5.07362 5.11462 5.69891 6.45153 7.20398 7.95576 8.40306 8.40673 8.40673 10.6504 11.2568 11.2568 11.2568 11.2568 10.8423 8.54915 8.54915 8.54915 8.54915 8.54915 8.54915 8.54915 7.86066 6.71404 6.67349 6.63684 6.63046 6.63046 6.63046 6.62045 3.43740 3.18074 3.17976 3.01347 2.46421 2.46049 2.43068 2.35289 2.20686 1.89627 1.77888 1.73058 1.72501 1.71942 1.71384 1.70824 1.70264 1.69706 1.69148 1.68592
