High_resolution/powerplant/Fengdu/OMI_NO2_201109.asc
ncols      200
nrows      200
xllcorner       105.978
yllcorner       28.1831
cellsize     0.0166667
NODATA_Value      -999.000
[rows 90 to 119 of 200, columns 0 to 65 of 200]
0.00000 0.00000 0.00000 0.00000 7.08281 7.08281 7.08281 7.08281 7.08281 7.08281 7.08281 7.08281 7.08281 7.08281 7.08281 7.08281 7.08281 7.08281 7.08281 7.08298 7.19389 7.39943 7.60479 7.81032 7.95697 7.84890 7.79701 7.79701 7.79701 7.79701 7.79701 7.79701 7.79701 7.79701 7.79701 7.79701 7.79701 7.79701 7.79701 7.79701 7.79701 7.79701 7.79701 7.79701 7.78851 4.78540 4.39982 4.39982 4.39982 4.39982 4.39982 4.39982 4.39982 4.39648 4.28273 4.11566 3.94843 3.78120 3.64935 3.63901 3.63901 3.63901 3.63901 3.64194 5.78205 6.08011
0.00000 0.00000 0.00000 0.00000 7.08281 7.08281 7.08281 7.08281 7.08281 7.08281 7.08281 7.08281 7.08281 7.08281 7.08281 7.09355 7.25216 7.45770 7.66315 7.86842 7.96305 7.96305 7.96305 7.96305 7.96305 7.89919 7.79701 7.79701 7.79701 7.79701 7.79701 7.79701 7.79701 7.79701 7.79701 7.79701 7.79701 7.79701 7.79701 7.79701 7.79701 7.79701 7.79701 7.79701 7.79701 5.79926 4.39982 4.39982 4.39982 4.35265 4.19068 4.02352 3.85630 3.69249 3.63901 3.63901 3.63901 3.63901 3.63901 3.63901 3.63901 3.63901 3.63901 3.63901 5.06325 6.08011
0.00000 0.00000 0.00000 0.00000 0.00000 7.08281 7.08281 7.08281 7.08281 7.08281 7.08281 7.12083 7.31044 7.51606 7.72151 7.91622 7.96305 7.96305 7.96305 7.96305 7.96305 7.96305 7.96305 7.96305 7.96305 7.94814 7.79837 7.79701 7.79701 7.79701 7.79701 7.79701 7.79701 7.79701 7.79701 7.79701 7.79701 7.79701 7.79701 7.79701 7.79701 7.79701 7.79701 7.79701 7.79695 6.78211 4.09862 3.93139 3.76416 3.64418 3.63901 3.63901 3.63901 3.63901 3.63901 3.63901 3.63901 3.63901 3.63901 3.63901 3.63901 3.63901 3.63901 3.63901 4.34149 6.08011
0.00000 0.00000 0.00000 0.00000 0.00000 7.08281 7.08281 7.16458 7.36888 7.57424 7.77987 7.94729 7.96305 7.96305 7.96305 7.96305 7.96305 7.96305 7.96305 7.96305 7.96305 7.96305 7.96305 7.96305 7.96305 7.96305 7.83382 7.79701 7.79701 7.79701 7.79701 7.79701 7.79701 7.79701 7.79701 7.79701 7.79701 7.79701 7.79701 7.79701 7.79661 7.79495 7.79321 7.79147 7.78978 7.65608 3.81707 3.63901 3.63901 3.63901 3.63901 3.63901 3.63901 3.63901 3.63901 3.63901 3.63901 3.63901 3.63901 3.63901 3.63901 3.63901 3.63901 3.63901 3.72004 5.98002
0.00000 0.00000 0.00000 0.00000 0.00000 7.54332 7.83796 7.96190 7.96305 7.96305 7.96305 7.96305 7.96305 7.96305 7.96305 7.96305 7.96305 7.96305 7.96305 7.96305 7.96305 7.96305 7.96305 7.96305 7.96305 7.96305 7.88410 7.79701 7.79701 7.79701 7.79701 7.79701 7.79701 7.79701 7.79701 7.79700 7.79598 7.79424 7.79249 7.79075 7.78941 7.78932 7.78932 7.78932 7.78932 7.78932 4.92254 3.63901 3.63901 3.63901 3.63901 3.63901 3.63901 3.63901 3.63901 3.63901 3.63901 3.63901 3.63901 3.63901 3.63901 3.63901 3.63901 3.63901 3.63901 5.33899
0.00000 0.00000 0.00000 0.00000 0.00000 7.96305 7.96305 7.96305 7.96305 7.96305 7.96305 7.96305 7.96305 7.96305 7.96305 7.96305 7.96305 7.96305 7.96305 7.96305 7.96305 7.96305 7.96305 7.96305 7.96305 7.96305 7.93442 7.79701 7.79701 7.79701 7.79701 7.79679 7.79527 7.79352 7.79178 7.79004 7.78932 7.78932 7.78932 7.78932 7.78932 7.78932 7.78932 7.78932 7.78932 7.78932 6.16099 3.63901 3.63901 3.63901 3.63901 3.63901 3.63901 3.63901 3.63901 3.63901 3.63901 3.63901 3.63901 3.63901 3.63901 3.63901 3.63901 3.63901 3.63901 4.61625
0.00000 0.00000 0.00000 0.00000 0.00000 0.00000 7.96305 7.96305 7.96305 7.96305 7.96305 7.96305 7.96305 7.96305 7.96305 7.96305 7.96305 7.96305 7.96305 7.96305 7.96305 7.96305 7.96305 7.96305 7.96305 7.96305 7.96293 7.82825 7.79455 7.79281 7.79107 7.78954 7.78932 7.78932 7.78932 7.78932 7.78932 7.78932 7.78932 7.78932 7.78932 7.78932 7.78932 7.78932 7.78932 7.78932 7.37881 3.66018 3.63901 3.63901 3.63901 3.63901 3.63901 3.63901 3.63901 3.63901 3.63901 3.63901 3.63901 3.63901 3.63901 3.97617 5.13451 6.33091 7.52731 8.34496
0.00000 0.00000 0.00000 0.00000 0.00000 0.00000 7.96305 7.96305 7.96305 7.96305 7.96305 7.96305 7.96305 7.96305 7.96305 7.96305 7.96305 7.96305 7.96305 7.96305 7.96305 7.96305 7.97373 8.41025 9.06773 9.72487 10.3819 9.07834 7.78932 7.78932 7.78932 7.78932 7.78932 7.78932 7.78932 7.78932 7.78932 7.78932 7.78932 7.78932 7.78932 7.78932 7.78932 7.78932 7.78932 7.78932 7.78932 4.48824 3.63901 3.63901 3.63901 3.63901 3.63901 3.63901 3.63901 3.63901 3.69121 4.59178 5.78818 6.98458 8.18098 9.04021 9.07719 9.07719 9.07719 9.07719
0.00000 0.00000 0.00000 0.00000 0.00000 0.00000 7.96305 7.96305 7.96305 7.96305 7.96305 7.96305 7.96305 7.96305 7.96305 7.96305 7.96305 7.96305 8.03252 8.59414 9.25095 9.90863 10.5549 10.7757 10.7757 10.7757 10.7757 9.98248 7.78932 7.78932 7.78932 7.78932 7.78932 7.78932 7.78932 7.78932 7.78932 7.78932 7.78932 7.78932 7.78932 7.78932 7.78932 7.78932 7.78932 7.78932 7.78932 5.72703 3.63901 3.63901 3.63901 3.63901 4.06264 5.24436 6.44076 7.63716 8.78136 9.07719 9.07719 9.07719 9.07719 9.07719 9.07719 9.07719 9.07719 9.07719
0.00000 0.00000 0.00000 0.00000 0.00000 0.00000 0.00000 7.96305 7.96305 7.96305 7.96305 7.96305 7.96305 7.96305 8.14277 8.77758 9.43489 10.0922 10.6798 10.7757 10.7757 10.7757 10.7757 10.7757 10.7757 10.7757 10.7757 10.7111 7.96196 7.78932 7.78932 7.78932 7.78932 7.78932 7.78932 7.78932 7.78932 7.78932 7.78932 7.78932 7.78932 7.78932 7.78932 7.78932 7.78932 7.78932 7.78932 6.99275 4.70163 5.89803 7.09443 8.29083 9.06305 9.07719 9.07719 9.07719 9.07719 9.07719 9.07719 9.07719 9.07719 9.07719 9.07719 9.07719 9.07719 9.07719
0.00000 0.00000 0.00000 0.00000 0.00000 0.00000 0.00000 7.96305 7.96305 7.96305 8.30394 8.96125 9.61828 10.2759 10.7532 10.7757 10.7757 10.7757 10.7757 10.7757 10.7757 10.7757 10.7757 10.7757 10.7757 10.7757 10.7757 10.7757 8.79781 7.78932 7.78932 7.78932 7.78932 7.78932 7.78932 7.78932 7.78932 7.78932 7.78932 7.78932 7.78932 7.78932 7.78932 7.79739 7.82247 7.84807 7.87369 7.90217 8.95570 9.07719 9.07719 9.07719 9.07719 9.07719 9.07719 9.07719 9.07719 9.07719 9.07719 9.07719 9.07719 9.07719 9.07719 9.07719 9.07719 9.07719
0.00000 0.00000 0.00000 0.00000 0.00000 0.00000 0.00000 8.05433 9.77377 10.4593 10.7757 10.7757 10.7757 10.7757 10.7757 10.7757 10.7757 10.7757 10.7757 10.7757 10.7757 10.7757 10.7757 10.7757 10.7757 10.7757 10.7757 10.7757 9.69928 7.78932 7.78932 7.78932 7.78932 7.78932 7.78932 7.78932 7.78932 7.78932 7.78988 7.80749 7.83310 7.85872 7.88433 7.90186 7.90240 7.90240 7.90240 7.90240 8.61087 9.07719 9.07719 9.07719 9.07719 9.07719 9.07719 9.07719 9.07719 9.07719 9.07719 9.07719 9.07719 9.07719 9.07719 9.07719 9.07719 9.07719
0.00000 0.00000 0.00000 0.00000 0.00000 0.00000 0.00000 0.00000 10.7757 10.7757 10.7757 10.7757 10.7757 10.7757 10.7757 10.7757 10.7757 10.7757 10.7757 10.7757 10.7757 10.7757 10.7757 10.7757 10.7757 10.7757 10.7757 10.7757 10.5582 7.83142 7.78932 7.78932 7.78932 7.78932 7.79431 7.81812 7.84374 7.86936 7.89439 7.90240 7.90240 7.90240 7.90240 7.90240 7.90240 7.90240 7.90240 7.90240 8.26129 9.07719 9.07719 9.07719 9.07719 9.07719 9.07719 9.07719 9.07719 9.07719 9.07719 9.07719 9.07719 9.07719 9.07719 9.07719 9.07719 9.07719
0.00000 0.00000 0.00000 0.00000 0.00000 0.00000 0.00000 0.00000 10.7757 10.7757 10.7757 10.7757 10.7757 10.7757 10.7757 10.7757 10.7757 10.7757 10.7757 10.7757 10.7757 10.7757 10.7757 10.7757 10.7757 10.7757 10.7757 10.7757 10.7757 8.51472 7.80315 7.82877 7.85437 7.87998 7.90061 7.90240 7.90240 7.90240 7.90240 7.90240 7.90240 7.90240 7.90240 7.90240 7.90240 7.90240 7.90240 7.90240 7.95092 9.03819 9.07719 9.07719 9.07719 9.07719 9.07719 9.07719 9.07719 9.07719 9.07719 9.07719 9.07719 9.07719 9.07719 9.07719 9.15574 9.37714
0.00000 0.00000 0.00000 0.00000 0.00000 0.00000 0.00000 0.00000 10.7757 10.7757 10.7757 10.7757 10.7757 10.7757 10.7757 10.7757 10.7757 10.7757 10.7757 10.7757 10.7757 10.7757 10.7757 10.7757 10.7757 10.7549 10.4740 10.1143 9.75514 8.73371 7.90240 7.90240 7.90240 7.90240 7.90240 7.90240 7.90240 7.90240 7.90240 7.90240 7.90240 7.90240 7.90240 7.90240 7.90240 7.90240 7.90240 7.90240 7.90240 8.73734 9.07719 9.07719 9.07719 9.07719 9.07719 9.07719 9.07719 9.07719 9.07719 9.09522 9.27934 9.50372 9.72809 9.95246 10.0984 10.1013
0.00000 0.00000 0.00000 0.00000 0.00000 0.00000 0.00000 0.00000 0.00000 10.7757 10.7757 10.7757 10.7757 10.7757 10.7757 10.7757 10.7757 10.7757 10.7757 10.7757 10.7757 10.7058 10.3713 10.0122 9.65309 9.31461 9.23641 9.23641 9.23641 9.02842 7.90240 7.90240 7.90240 7.90240 7.90240 7.90240 7.90240 7.90240 7.90240 7.90240 7.90240 7.90240 7.90240 7.90240 7.90240 7.90240 7.90240 7.90240 7.90240 8.38769 9.07719 9.07719 9.07719 9.07719 9.07719 9.18175 9.40592 9.63029 9.85466 10.0610 10.1013 10.1013 10.1013 10.1013 10.1013 10.1013
0.00000 0.00000 0.00000 0.00000 0.00000 0.00000 0.00000 0.00000 0.00000 10.7757 10.7757 10.7757 10.7757 10.7757 10.7757 10.7757 10.7757 10.6271 10.2693 9.90999 9.55104 9.26166 9.23641 9.23641 9.23641 9.23641 9.23641 9.23641 9.23641 9.23641 8.09560 7.90240 7.90240 7.90240 7.90240 7.90240 7.90240 7.90240 7.90240 7.90240 7.90240 7.90240 7.90240 7.90240 7.90240 7.90240 7.90240 7.90240 7.90240 8.04022 9.10652 9.30812 9.53249 9.75687 9.98124 10.1012 10.1013 10.1013 10.1013 10.1013 10.1013 10.1013 10.1013 10.1013 10.1013 10.1013
0.00000 0.00000 0.00000 0.00000 0.00000 0.00000 0.00000 0.00000 0.00000 10.7757 10.7757 10.7757 10.7691 10.5262 10.1672 9.80809 9.44868 9.23795 9.23641 9.23641 9.23641 9.23641 9.23641 9.23641 9.23641 9.23641 9.23641 9.23641 9.23641 9.23641 8.49604 7.90240 7.90240 7.90240 7.90240 7.90240 7.90240 7.90240 7.90240 7.90240 7.90240 7.90240 7.90240 7.90240 7.90240 7.90240 8.29063 9.14315 9.99718 10.8508 10.3482 10.1013 10.1013 10.1013 10.1013 10.1013 10.1013 10.1013 10.1013 10.1013 10.1013 10.1013 10.1013 10.1013 10.1013 10.1013
0.00000 0.00000 0.00000 0.00000 0.00000 0.00000 0.00000 0.00000 7.24372 7.28277 9.87809 9.70589 9.35324 9.23641 9.23641 9.23641 9.23641 9.23641 9.23641 9.23641 9.23641 9.23641 9.23641 9.23641 9.23641 9.23641 9.23641 9.23641 9.23641 9.23641 8.89624 7.90240 7.90240 7.90240 7.90240 7.90240 7.90240 7.90240 7.90240 7.90240 7.90240 7.95888 8.64045 9.49335 10.3478 11.2014 11.6672 11.6680 11.6680 11.6680 10.8512 10.1013 10.1013 10.1013 10.1013 10.1013 10.1013 10.1013 10.1013 10.1013 10.1013 10.1013 10.1013 10.1013 10.1013 10.1013
0.00000 0.00000 0.00000 0.00000 7.24372 7.24372 7.24372 7.24372 7.24372 7.24372 8.40310 9.23641 9.23641 9.23641 9.23641 9.23641 9.23641 9.23641 9.23641 9.23641 9.23641 9.23641 9.23641 9.23641 9.23641 9.23641 9.23641 9.23641 9.23641 9.23641 9.21200 7.98739 7.90240 7.90240 7.90240 7.90240 7.90240 8.15846 8.99065 9.84430 10.6979 11.4955 11.6680 11.6680 11.6680 11.6680 11.6680 11.6680 11.6680 11.6680 11.3168 10.1013 10.1013 10.1013 10.1013 10.1013 10.1013 10.1013 10.1013 10.1013 10.1013 10.1013 10.1013 10.1013 10.1013 10.1013
7.24372 7.24372 7.24372 7.24372 7.24372 7.24372 7.24372 7.24372 7.24372 7.24372 7.79555 9.23641 9.23641 9.23641 9.23641 9.23641 9.23641 9.23641 9.23641 9.23641 9.23641 9.23641 9.23641 9.23641 9.23641 9.23641 9.23641 9.23641 9.23641 9.23641 9.23641 8.36397 7.91671 8.48757 9.34084 10.1949 11.0489 11.6461 11.6680 11.6680 11.6680 11.6680 11.6680 11.6680 11.6680 11.6680 11.6680 11.6680 11.6680 11.6680 11.6529 10.2305 10.1013 10.1013 10.1013 10.1013 10.1013 10.1013 10.1013 10.1013 10.1013 10.1013 10.1013 10.1013 10.1013 10.1013
7.24372 7.24372 7.24372 7.24372 7.24372 7.24372 7.24372 7.24372 7.24372 7.24372 7.29414 9.13000 9.23641 9.23641 9.23641 9.23641 9.23641 9.23641 9.23641 9.23641 9.23641 9.23641 9.23641 9.23641 9.23641 9.23641 9.23641 9.23641 9.46055 10.9914 12.7321 13.0932 11.3848 11.6680 11.6680 11.6680 11.6680 11.6680 11.6680 11.6680 11.6680 11.6680 11.6680 11.6680 11.6680 11.6680 11.6680 11.6680 11.6680 11.6680 11.6680 10.6809 10.1013 10.1013 10.1013 10.1013 10.1013 10.1013 10.1013 10.1013 10.1013 10.1013 9.96995 9.06899 8.04466 7.01893
7.24372 7.24372 7.24372 7.24372 7.24372 7.24372 7.24372 7.24372 7.24372 7.24372 7.24372 8.57318 9.23641 9.23641 9.23641 9.23641 9.23641 9.23641 9.23641 9.23641 9.23641 9.23641 9.23641 9.23641 9.78554 11.4927 13.2334 14.9764 16.4961 16.7075 16.7075 16.3582 11.7451 11.6680 11.6680 11.6680 11.6680 11.6680 11.6680 11.6680 11.6680 11.6680 11.6680 11.6680 11.6680 11.6680 11.6680 11.6680 11.6680 11.6680 11.6680 11.1464 10.1013 10.1013 10.1013 10.1013 10.1013 10.0994 9.52133 8.49654 7.47128 6.44648 5.55253 5.42823 5.42823 5.42823
7.24372 7.24372 7.24372 7.24372 7.24372 7.24372 7.24372 7.24372 7.24372 7.24372 7.24372 7.96515 9.23641 9.23641 9.23641 9.23641 9.23641 9.23641 9.23641 9.24239 10.2495 11.9932 13.7347 15.4770 16.6709 16.7075 16.7075 16.7075 16.7075 16.7075 16.7075 16.7075 12.9116 11.6680 11.6680 11.6680 11.6680 11.6680 11.6680 11.6680 11.6680 11.6680 11.6680 11.6680 11.6680 11.6680 11.6680 11.6680 11.6680 11.6680 11.6680 11.5783 10.1348 9.90125 8.94842 7.92363 6.89789 5.87544 5.42823 5.42823 5.42823 5.42823 5.42823 5.42823 5.42823 5.42823
7.24372 7.24372 7.24372 7.24372 7.24372 7.24372 7.24372 7.24372 7.24372 7.24372 7.24372 7.38741 9.20692 9.23641 9.23641 9.35446 10.7508 12.4938 14.2346 15.9723 16.7075 16.7075 16.7075 16.7075 16.7075 16.7075 16.7075 16.7075 16.7075 16.7075 16.7075 16.7075 14.4246 11.6680 11.6680 11.6680 11.6680 11.6680 11.6680 11.6680 11.6680 11.6680 11.6680 11.6680 11.6680 11.6680 11.6680 11.6680 11.6675 11.5905 11.4564 11.3224 7.62393 5.50019 5.42823 5.42823 5.42823 5.42823 5.42823 5.42823 5.42823 5.42823 5.42823 5.42823 5.42823 5.42823
7.24372 7.24372 7.24372 7.24372 7.24372 7.24372 7.24372 7.24372 7.24372 7.24372 7.24372 7.33943 10.3701 12.9944 14.7359 16.3601 16.7075 16.7075 16.7075 16.7075 16.7075 16.7075 16.7075 16.7075 16.7075 16.7075 16.7075 16.7075 16.7075 16.7075 16.7075 16.7075 15.9364 11.6680 11.6680 11.6680 11.6680 11.6680 11.6680 11.6680 11.6680 11.6680 11.6680 11.6680 11.6516 11.5347 11.4007 11.2666 11.1330 11.0760 11.0760 11.0760 8.58090 5.42823 5.42823 5.42823 5.42823 5.42823 5.42823 5.42823 5.42823 5.42823 5.42823 5.42823 5.42823 5.42823
7.24372 7.24372 7.24372 7.24372 7.24372 7.24372 7.24372 7.39197 7.87032 8.36088 8.85084 9.24569 12.6138 16.7075 16.7075 16.7075 16.7075 16.7075 16.7075 16.7075 16.7075 16.7075 16.7075 16.7075 16.7075 16.7075 16.7075 16.7075 16.7075 16.7075 16.7075 16.7075 16.7075 12.4099 11.6680 11.6680 11.6680 11.6680 11.6680 11.6680 11.6124 11.4789 11.3448 11.2109 11.0931 11.0760 11.0760 11.0760 11.0760 11.0760 11.0760 11.0760 10.2592 5.42823 5.42823 5.42823 5.42823 5.42823 5.42823 5.42823 5.42823 5.42823 5.42823 5.42823 5.42823 5.42823
7.24372 7.24372 7.24372 7.45591 7.94505 8.43541 8.92618 9.26789 9.28010 9.28010 9.28010 9.28010 10.3630 16.7075 16.7075 16.7075 16.7075 16.7075 16.7075 16.7075 16.7075 16.7075 16.7075 16.7075 16.7075 16.7075 16.7075 16.7075 16.7075 16.7075 16.7075 16.7075 16.7075 13.9257 11.6680 11.6609 11.5571 11.4231 11.2890 11.1550 11.0766 11.0760 11.0760 11.0760 11.0760 11.0760 11.0760 11.0760 11.0760 11.0760 11.0760 11.0760 11.0760 6.28856 5.42823 5.42823 5.42823 5.42823 5.42823 5.42823 5.42823 5.42823 5.42823 5.42823 5.42823 5.42823
8.01979 8.51035 9.00071 9.27888 9.28010 9.28010 9.28010 9.28010 9.28010 9.28010 9.28010 9.28010 9.28010 15.5392 16.7075 16.7075 16.7075 16.7075 16.7075 16.7075 16.7075 16.7075 16.7075 16.7075 16.7075 16.7075 16.7075 16.7075 16.7075 16.7075 16.7075 17.3386 20.0133 20.1389 11.2333 11.1064 11.0760 11.0760 11.0760 11.0760 11.0760 11.0760 11.0760 11.0760 11.0760 11.0760 11.0760 11.0760 11.0760 11.0760 11.0760 11.0760 11.0760 7.96686 5.42823 5.42823 5.42823 5.42823 5.42823 5.42823 5.42823 5.42823 5.42823 5.42823 5.42823 5.39340
9.28010 9.28010 9.28010 9.28010 9.28010 9.28010 9.28010 9.28010 9.28010 9.28010 9.28010 9.28010 9.28010 13.2876 16.7075 16.7075 16.7075 16.7075 16.7075 16.7075 16.7075 16.7075 16.7075 16.7075 16.7075 16.7075 16.7075 17.9867 20.8128 23.6414 26.4687 28.6662 28.8212 28.5142 12.2348 11.0760 11.0760 11.0760 11.0760 11.0760 11.0760 11.0760 11.0760 11.0760 11.0760 11.0760 11.0760 11.0760 11.0760 11.0760 11.0760 11.0760 11.0760 9.64488 5.42823 5.42823 5.42823 5.42823 5.42823 5.42823 5.42561 5.30452 5.11942 4.93415 4.74897 4.59870
