High_resolution/powerplant/Fengdu/OMI_NO2_201007.asc
ncols      200
nrows      200
xllcorner       105.978
yllcorner       28.1831
cellsize     0.0166667
NODATA_Value      -999.000
[rows 87 to 115 of 200, columns 66 to 131 of 200]
3.19375 3.07637 2.97945 2.96958 2.96958 2.96958 3.66395 4.27308 4.08505 4.11523 4.19374 4.27995 4.29614 4.29614 4.21070 3.54421 3.54270 3.54270 3.54270 3.54270 3.54270 3.54114 2.53780 1.46271 1.46271 1.46271 1.46271 1.46271 1.46271 1.46271 1.46271 1.46271 1.52420 1.62035 1.62035 1.62035 1.62035 1.62035 1.62035 1.62035 0.00000 0.00000 0.00000 0.00000 0.00000 0.00000 0.00000 0.00000 0.00000 0.00000 0.00000 0.00000 0.00000 0.00000 0.00000 0.00000 0.00000 0.00000 0.00000 0.00000 0.00000 0.00000 0.00000 0.00000 0.00000 0.00000
2.96958 2.96958 2.96958 2.97803 3.01103 3.03556 3.16908 3.91960 4.01407 4.29614 4.29614 4.29614 4.29614 4.29614 4.29614 3.67922 3.48322 3.27441 3.01455 2.68941 2.27192 1.72210 1.46271 1.46271 1.46271 1.46271 1.46271 1.46271 1.46271 1.46271 1.46271 1.46271 1.48728 1.62035 1.62035 0.00000 0.00000 0.00000 0.00000 0.00000 0.00000 0.00000 0.00000 0.00000 0.00000 0.00000 0.00000 0.00000 0.00000 0.00000 0.00000 0.00000 0.00000 0.00000 0.00000 0.00000 0.00000 0.00000 0.00000 0.00000 0.00000 0.00000 0.00000 0.00000 0.00000 0.00000
3.01191 3.03618 3.05372 3.06476 3.06568 3.06568 3.06568 3.79554 3.93201 4.28185 4.28389 4.17409 4.01960 3.82786 3.58419 2.55929 1.47846 1.46271 1.46271 1.46271 1.46271 1.46271 1.46271 1.46271 1.46271 1.46271 1.46271 1.46271 1.46271 1.46271 0.00000 0.00000 0.00000 0.00000 0.00000 0.00000 0.00000 0.00000 0.00000 0.00000 0.00000 0.00000 0.00000 0.00000 0.00000 0.00000 0.00000 0.00000 0.00000 0.00000 0.00000 0.00000 0.00000 0.00000 0.00000 0.00000 0.00000 0.00000 0.00000 0.00000 0.00000 0.00000 2.14384 2.14384 2.14384 2.14384
3.06568 3.06568 3.06568 3.06568 3.06568 3.06568 3.06568 3.39222 3.45711 3.34134 3.03807 2.96958 2.96958 2.96958 2.96958 2.61712 1.46271 1.46271 1.46271 1.46271 1.46271 1.46271 1.46271 1.46271 1.46271 0.00000 0.00000 0.00000 0.00000 0.00000 0.00000 0.00000 0.00000 0.00000 0.00000 0.00000 0.00000 0.00000 0.00000 0.00000 0.00000 0.00000 0.00000 0.00000 0.00000 0.00000 0.00000 0.00000 0.00000 0.00000 0.00000 0.00000 0.00000 0.00000 0.00000 0.00000 0.00000 2.14384 2.14384 2.14384 2.14384 2.14384 2.14384 2.14384 2.14384 2.14384
3.06568 3.06568 3.06568 3.06568 3.06568 3.06568 3.06568 3.06568 3.06568 3.04084 2.96958 2.96958 2.96958 2.96958 2.96958 2.94612 1.52499 1.46271 1.46271 1.46271 0.00000 0.00000 0.00000 0.00000 0.00000 0.00000 0.00000 0.00000 0.00000 0.00000 0.00000 0.00000 0.00000 0.00000 0.00000 0.00000 0.00000 0.00000 0.00000 0.00000 0.00000 0.00000 0.00000 0.00000 0.00000 0.00000 0.00000 0.00000 0.00000 0.00000 0.00000 0.00000 2.14384 2.14384 2.14384 2.14384 2.14384 2.14384 2.14384 2.14384 2.14384 2.14384 2.14384 2.14384 2.14384 2.14384
3.06568 3.06568 3.06568 3.06568 3.06568 3.06568 3.06568 3.06568 3.06568 3.06029 2.97053 2.96958 2.96958 2.96958 2.96958 0.00000 0.00000 0.00000 0.00000 0.00000 0.00000 0.00000 0.00000 0.00000 0.00000 0.00000 0.00000 0.00000 0.00000 0.00000 0.00000 0.00000 0.00000 0.00000 0.00000 0.00000 0.00000 0.00000 0.00000 0.00000 0.00000 0.00000 0.00000 0.00000 0.00000 0.00000 0.00000 1.96633 1.96633 1.96633 1.96633 2.10102 2.14384 2.14384 2.14384 2.14384 2.14384 2.14384 2.14384 2.14384 2.14384 2.14384 2.14384 2.14384 2.14384 2.14384
3.06568 3.06568 3.06568 3.06568 3.06568 3.06796 3.07919 3.09430 3.11425 3.14178 3.16160 0.00000 0.00000 0.00000 0.00000 0.00000 0.00000 0.00000 0.00000 0.00000 0.00000 0.00000 0.00000 0.00000 0.00000 0.00000 0.00000 0.00000 0.00000 0.00000 0.00000 0.00000 0.00000 0.00000 0.00000 0.00000 0.00000 0.00000 0.00000 0.00000 0.00000 0.00000 1.96633 1.96633 1.96633 1.96633 1.96633 1.96633 1.96633 1.96633 1.96633 2.05149 2.14384 2.14384 2.14384 2.14384 2.14384 2.14384 2.14384 2.14384 2.14384 2.14384 2.14384 2.14384 2.14384 2.14384
3.06638 3.07544 3.08947 3.10778 3.13270 3.15947 3.16179 3.16179 3.16179 3.16179 3.21237 0.00000 0.00000 0.00000 0.00000 0.00000 0.00000 0.00000 0.00000 0.00000 0.00000 0.00000 0.00000 0.00000 0.00000 0.00000 0.00000 0.00000 0.00000 0.00000 0.00000 0.00000 0.00000 0.00000 0.00000 0.00000 0.00000 1.96633 1.96633 1.96633 1.96633 1.96633 1.96633 1.96633 1.96633 1.96633 1.96633 1.96633 1.96633 1.96633 1.96633 2.00082 2.14384 2.14384 2.14384 2.14384 2.14384 2.14384 2.14384 2.14384 2.14384 2.14384 2.14384 2.14384 2.14384 2.14384
3.15399 3.16179 3.16179 3.16179 3.16179 3.16179 3.25681 3.55222 3.85382 4.15518 4.36649 0.00000 0.00000 0.00000 0.00000 0.00000 0.00000 0.00000 0.00000 0.00000 0.00000 0.00000 0.00000 0.00000 0.00000 0.00000 0.00000 0.00000 0.00000 0.00000 0.00000 0.00000 3.66972 3.66972 3.61636 1.98873 1.96633 1.96633 1.96633 1.96633 1.96633 1.96633 1.96633 1.96633 1.96633 1.96633 1.96633 1.96633 1.96633 1.96633 1.96633 1.96715 2.12690 2.14384 2.14384 2.14384 2.14384 2.14384 2.14384 2.14384 2.14384 2.14384 2.14384 2.14384 2.14384 2.14384
3.16179 3.16179 3.26484 3.56210 3.86354 4.16441 4.37087 4.37694 4.37694 4.37694 4.37694 4.37694 0.00000 0.00000 0.00000 0.00000 0.00000 0.00000 0.00000 0.00000 0.00000 0.00000 0.00000 0.00000 0.00000 0.00000 0.00000 3.66972 3.66972 3.66972 3.66972 3.66972 3.66972 3.66972 3.66972 2.33327 1.96633 1.96633 1.96633 1.96633 1.96633 1.96633 1.96633 1.96633 1.96633 1.96633 1.96633 1.96633 1.96633 1.96633 1.96633 1.96633 2.07715 2.14384 2.14384 2.14384 2.14384 2.14384 2.14384 2.14384 2.14384 2.14384 2.14384 2.14384 2.14384 2.11575
3.87265 4.17413 4.37257 4.37694 4.37694 4.37694 4.37694 4.37694 4.37694 4.37694 4.37694 4.37694 0.00000 0.00000 0.00000 0.00000 0.00000 0.00000 0.00000 0.00000 0.00000 0.00000 3.66972 3.66972 3.66972 3.66972 3.66972 3.66972 3.66972 3.66972 3.66972 3.66972 3.66972 3.66972 3.66972 2.82356 1.96633 1.96633 1.96633 1.96633 1.96633 1.96633 1.96633 1.96633 1.96633 1.96633 1.96633 1.96633 1.96633 1.96633 1.96633 1.96633 2.02644 2.14384 2.14384 2.14384 2.14384 2.14384 2.14384 2.14384 2.09323 1.85425 1.59739 1.34079 1.08393 0.855285
4.37694 4.37694 4.37694 4.37694 4.37694 4.37694 4.37694 4.37694 4.37694 4.37694 4.37694 4.37694 0.00000 0.00000 0.00000 0.00000 0.00000 3.69137 3.67243 3.66972 3.66972 3.66972 3.66972 3.66972 3.66972 3.66972 3.66972 3.66972 3.66972 3.66972 3.66972 3.66972 3.66972 3.66972 3.66972 3.31348 1.96633 1.96633 1.96633 1.96633 1.96633 1.96633 1.96633 1.96633 1.96633 1.96633 1.96633 1.96633 1.96633 1.96633 1.96633 1.96633 1.97835 2.14140 2.14384 2.06422 1.81319 1.55646 1.29973 1.04286 0.836871 0.819120 0.819120 0.819120 0.819120 0.819120
4.34693 4.37694 4.37694 4.37694 4.37694 4.37694 4.37694 4.37694 4.37694 4.37694 4.37694 4.37694 4.37424 3.69137 3.69137 3.69137 3.69137 3.69137 3.67817 3.66972 3.66972 3.66972 3.66972 3.66972 3.66972 3.66972 3.66972 3.66972 3.66972 3.66972 3.66972 3.66972 3.66972 3.66972 3.66972 3.65728 2.11349 1.96633 1.96633 1.96633 1.96633 1.96633 1.96633 1.96633 1.96633 1.96633 1.96633 1.96633 1.96633 1.96633 1.96633 1.96633 1.96633 1.33688 1.00193 0.824816 0.819120 0.819120 0.819120 0.819120 0.819120 0.819120 0.819120 0.819120 0.819120 0.819120
4.29181 4.37694 4.37694 4.37694 4.37694 4.37694 4.37694 4.37694 4.33795 4.23264 4.15481 4.09651 3.89076 3.69137 3.69137 3.69137 3.69137 3.69137 3.68447 3.66972 3.66972 3.66972 3.66972 3.66972 3.66972 3.66972 3.66972 3.66972 3.66972 3.66972 3.66972 3.66972 3.66972 3.66972 3.66972 3.66972 2.59107 1.96633 1.96633 1.96633 1.96633 1.96633 1.96633 1.96633 1.96633 1.96633 1.96633 1.96633 1.96633 1.96633 1.96633 0.00000 0.00000 0.819120 0.819120 0.819120 0.819120 0.819120 0.819120 0.819120 0.819120 0.819120 0.819120 0.819120 0.819120 0.819120
4.25545 4.37694 4.37694 4.36238 4.26145 4.17574 4.11241 4.06374 4.03527 4.03416 4.03416 4.03416 3.96889 3.69137 3.69137 3.69137 3.69137 3.69137 3.69026 3.67023 3.66972 3.66972 3.66972 3.66972 3.66972 3.66972 3.66972 3.66972 3.66972 3.66972 3.66972 3.66972 3.66972 3.66972 3.66972 3.66972 3.08171 1.96633 1.96633 1.96633 1.96633 1.96633 1.96633 1.96633 1.96633 1.96633 0.00000 0.00000 0.00000 0.00000 0.00000 0.00000 0.00000 0.819120 0.819120 0.819120 0.819120 0.819120 0.819120 0.819120 0.819120 0.819120 0.819120 0.819120 0.819120 0.819120
4.10704 4.12243 4.07717 4.03971 4.03416 4.03416 4.03416 4.03416 4.03416 3.98553 3.88499 3.78446 3.68440 3.68729 3.69137 3.69137 3.69137 3.69137 3.69137 3.67542 3.66972 3.66972 3.66972 3.66972 3.66972 3.66972 3.66972 3.66972 3.66972 3.66972 3.66972 3.66972 3.66972 3.66972 3.66972 3.66972 3.50681 1.96633 1.96633 1.96633 1.96633 0.00000 0.00000 0.00000 0.00000 0.00000 0.00000 0.00000 0.00000 0.00000 0.00000 0.00000 0.00000 0.819120 0.819120 0.819120 0.819120 0.819120 0.819120 0.819120 0.819120 0.819120 0.819120 0.819120 0.819120 0.819120
3.87573 3.98808 4.03416 4.03416 4.03416 3.98220 3.88158 3.78092 3.68031 3.62827 3.62827 3.62827 3.62827 3.66237 3.69137 3.69137 3.69137 3.69137 3.69137 3.68173 3.66972 3.66972 3.66972 3.66972 3.66972 3.66972 3.66972 3.66972 3.66972 3.66972 3.66972 3.66972 3.66972 3.66972 3.66972 3.66972 0.00000 0.00000 0.00000 0.00000 0.00000 0.00000 0.00000 0.00000 0.00000 0.00000 0.00000 0.00000 0.00000 0.00000 0.00000 0.00000 0.00000 0.00000 0.819120 0.819120 0.819120 0.819120 0.819120 0.819120 0.819120 0.819120 0.819120 0.819120 0.819120 0.819120
3.87560 3.88632 3.87805 3.77743 3.67698 3.62827 3.62827 3.62827 3.62827 3.62827 3.62827 3.62827 3.62827 3.64369 3.69137 3.69137 3.69137 3.69137 3.69137 3.68803 3.66972 3.66972 3.66972 3.66972 3.66972 3.66972 3.66972 3.66972 3.66972 3.66972 3.66972 0.00000 0.00000 0.00000 0.00000 0.00000 0.00000 0.00000 0.00000 0.00000 0.00000 0.00000 0.00000 0.00000 0.00000 0.00000 0.00000 0.00000 0.00000 0.00000 0.00000 0.00000 0.00000 0.00000 0.819120 0.819120 0.819120 0.819120 0.819120 0.819120 0.819120 0.819120 0.819120 0.819120 0.819120 0.819120
3.51514 3.48966 3.62814 3.62827 3.62827 3.62827 3.62827 3.62827 3.62827 3.62827 3.62827 3.62827 3.62827 3.63130 3.69035 3.69137 3.69137 3.69137 3.69137 3.69137 3.67274 3.66972 3.66972 3.66972 3.66972 3.66972 0.00000 0.00000 0.00000 0.00000 0.00000 0.00000 0.00000 0.00000 0.00000 0.00000 0.00000 0.00000 0.00000 0.00000 0.00000 0.00000 0.00000 0.00000 0.00000 0.00000 0.00000 0.00000 0.00000 0.00000 0.00000 0.00000 0.00000 0.00000 0.819120 0.819120 0.819120 0.819120 0.819120 0.819120 0.819120 0.819120 0.819120 0.819120 0.00000 0.00000
3.46984 3.46984 3.60162 3.62827 3.62827 3.62827 3.62827 3.62827 3.62827 3.62827 3.62827 3.62827 3.62827 3.62827 3.66814 3.69092 3.64640 3.57334 3.50022 3.42717 3.37614 0.00000 0.00000 0.00000 0.00000 0.00000 0.00000 0.00000 0.00000 0.00000 0.00000 0.00000 0.00000 0.00000 0.00000 0.00000 0.00000 0.00000 0.00000 0.00000 0.00000 0.00000 0.00000 0.00000 0.00000 0.00000 0.00000 0.00000 0.00000 0.00000 0.00000 0.00000 0.00000 0.00000 0.00000 0.819120 0.819120 0.819120 0.819120 0.00000 0.00000 0.00000 0.00000 0.00000 0.00000 0.00000
3.46984 3.46984 3.55528 3.62827 3.62827 3.62827 3.62827 3.62827 3.62827 3.62827 3.62827 3.61624 3.58035 3.54379 3.48967 3.37670 3.34808 3.34808 3.34808 3.34808 3.34808 0.00000 0.00000 0.00000 0.00000 0.00000 0.00000 0.00000 0.00000 0.00000 0.00000 0.00000 0.00000 0.00000 0.00000 0.00000 0.00000 0.00000 0.00000 0.00000 0.00000 0.00000 0.00000 0.00000 0.00000 0.00000 0.00000 0.00000 0.00000 0.00000 0.00000 0.00000 0.00000 0.00000 0.00000 0.00000 0.00000 0.00000 0.00000 0.00000 0.00000 0.00000 0.00000 0.00000 0.00000 0.00000
3.46984 3.46984 3.50894 3.62827 3.62827 3.62827 3.62355 3.59142 3.55489 3.51831 3.48179 3.45726 3.45662 3.45662 3.44742 3.34808 3.34808 3.34808 3.34808 3.34808 3.34808 3.34808 0.00000 0.00000 0.00000 0.00000 0.00000 0.00000 0.00000 0.00000 0.00000 0.00000 0.00000 0.00000 0.00000 0.00000 0.00000 0.00000 0.00000 0.00000 0.00000 0.00000 0.00000 0.00000 0.00000 0.00000 0.00000 0.00000 0.00000 0.00000 0.00000 0.00000 0.00000 0.00000 0.00000 0.00000 0.00000 0.00000 0.00000 0.00000 0.00000 0.00000 0.00000 0.00000 0.00000 0.00000
3.46984 3.46999 3.48033 3.56696 3.52942 3.49286 3.46104 3.45662 3.45662 3.45662 3.45662 3.45643 3.44678 3.42831 3.40300 3.34944 3.34808 3.34808 3.34808 3.34808 3.34808 3.34808 0.00000 0.00000 0.00000 0.00000 0.00000 0.00000 0.00000 0.00000 0.00000 0.00000 0.00000 0.00000 0.00000 0.00000 0.00000 0.00000 2.20492 2.20492 0.00000 0.00000 0.00000 0.00000 0.00000 0.00000 0.00000 0.00000 0.00000 0.00000 0.00000 0.00000 0.00000 0.00000 0.00000 0.00000 0.00000 0.00000 0.00000 0.00000 0.00000 0.00000 0.00000 0.00000 0.00000 0.00000
3.52221 3.55181 3.56517 3.47883 3.45662 3.45662 3.45662 3.45633 3.44614 3.42745 3.40180 3.36505 3.34808 3.34808 3.34808 3.34808 3.34808 3.34808 3.34808 3.34808 3.34808 3.34808 0.00000 0.00000 0.00000 0.00000 0.00000 0.00000 0.00000 0.00000 0.00000 0.00000 0.00000 2.20492 2.20492 2.20492 2.20492 2.20492 2.20492 2.20492 0.00000 0.00000 0.00000 0.00000 0.00000 0.00000 0.00000 0.00000 0.00000 0.00000 0.00000 0.00000 0.00000 0.00000 0.00000 0.00000 0.00000 0.00000 0.00000 0.00000 0.00000 0.00000 0.00000 0.00000 0.00000 0.00000
3.56517 3.56517 3.56517 3.50665 3.44549 3.42658 3.40057 3.36356 3.34808 3.34808 3.34808 3.34808 3.34808 3.34808 3.34808 3.34808 3.34808 3.34808 3.34808 3.34808 3.34808 3.34808 3.34808 0.00000 0.00000 0.00000 0.00000 0.00000 2.20492 2.20492 2.20492 2.20492 2.20492 2.20492 2.20492 2.20492 2.20492 2.20492 2.20492 2.20492 0.00000 0.00000 0.00000 0.00000 0.00000 0.00000 0.00000 0.00000 0.00000 0.00000 0.00000 0.00000 0.00000 0.00000 0.00000 0.00000 0.00000 0.00000 0.00000 0.00000 0.00000 0.00000 0.00000 0.00000 0.00000 0.00000
3.56517 3.56517 3.56517 3.44762 3.34808 3.34808 3.34808 3.34808 3.34808 3.34808 3.34808 3.34808 3.34808 3.34808 3.34808 3.34808 3.34808 3.34808 3.34808 3.34808 3.34808 3.34808 3.34808 2.20492 2.20492 2.20492 2.20492 2.20492 2.20492 2.20492 2.20492 2.20492 2.20492 2.20492 2.20492 2.20492 2.20492 2.20492 2.20492 2.20492 0.00000 0.00000 0.00000 0.00000 0.00000 0.00000 0.00000 0.00000 0.00000 0.00000 0.00000 0.00000 0.00000 0.00000 0.00000 0.00000 0.00000 0.00000 0.00000 0.00000 0.00000 0.00000 0.00000 0.00000 0.00000 0.00000
0.00000 0.00000 0.00000 0.00000 3.34808 3.34808 3.34808 3.34808 3.34808 3.34808 3.34808 3.34808 3.34808 3.34808 3.34808 3.34808 3.34808 3.34808 3.34281 3.13508 2.82406 2.51290 2.20439 2.20492 2.20492 2.20492 2.20492 2.20492 2.20492 2.20492 2.20492 2.20492 2.20492 2.20492 2.20492 2.20492 2.20492 2.20492 2.20492 2.20492 2.20492 0.00000 0.00000 0.00000 0.00000 0.00000 0.00000 0.00000 0.00000 0.00000 0.00000 0.00000 0.00000 0.00000 0.00000 0.00000 0.00000 0.00000 0.00000 0.00000 0.00000 0.00000 0.00000 0.00000 0.00000 0.00000
0.00000 0.00000 0.00000 0.00000 3.34808 3.34808 3.34808 3.34808 3.34808 3.34808 3.34808 3.34808 3.34808 3.34808 3.22505 2.91608 2.60521 2.29391 1.98845 1.88517 1.88517 1.88517 1.96350 2.20492 2.20492 2.20492 2.20492 2.20492 2.20492 2.20492 2.20492 2.20492 2.20492 2.20492 2.20492 2.20492 2.20492 2.20492 2.20492 2.20492 2.20492 0.00000 0.00000 0.00000 0.00000 0.00000 0.00000 0.00000 0.00000 0.00000 0.00000 0.00000 0.00000 0.00000 0.00000 0.00000 0.00000 0.00000 0.00000 0.00000 0.00000 0.00000 0.00000 0.00000 0.00000 0.00000
0.00000 0.00000 0.00000 0.00000 3.34808 3.34808 3.34808 3.34808 3.34808 3.29336 3.00810 2.69708 2.38607 2.07506 1.88707 1.88517 1.88517 1.88517 1.88517 1.88517 1.88517 1.88517 1.89070 2.18507 2.20492 2.20492 2.20492 2.20492 2.20492 2.20492 2.20492 2.20492 2.20492 2.20492 2.20492 2.20492 2.20492 2.20492 2.20492 2.20492 2.20492 0.00000 0.00000 0.00000 0.00000 0.00000 0.00000 0.00000 0.00000 0.00000 0.00000 0.00000 0.00000 0.00000 0.00000 0.00000 0.00000 0.00000 0.00000 0.00000 0.00000 0.00000 0.00000 0.00000 0.00000 0.00000
