High_resolution/powerplant/Fengdu/OMI_NO2_200810.asc
ncols      200
nrows      200
xllcorner       105.978
yllcorner       28.1831
cellsize     0.0166667
NODATA_Value      -999.000
[rows 0 to 29 of 200, columns 0 to 65 of 200]
0.00000 0.00000 0.00000 0.00000 0.00000 0.00000 0.00000 0.00000 0.00000 0.00000 0.00000 1.65315 1.65315 1.65315 1.65315 1.65315 1.65315 1.65315 1.65315 1.65315 1.65315 1.65315 1.65315 1.65315 1.65315 1.65315 1.65315 1.65315 1.65315 1.65315 1.65315 1.65315 1.65315 1.65315 1.65315 1.65315 1.65315 1.65315 1.65315 0.00000 0.00000 0.00000 0.00000 0.00000 0.00000 0.00000 0.00000 0.00000 0.00000 0.00000 0.00000 0.00000 0.00000 0.00000 0.00000 0.00000 0.00000 0.00000 0.00000 0.00000 0.00000 0.00000 0.00000 0.00000 0.00000 0.00000
0.00000 0.00000 0.00000 0.00000 0.00000 0.00000 0.00000 0.00000 0.00000 0.00000 0.00000 1.65315 1.65315 1.65315 1.65315 1.65315 1.65315 1.67728 1.79619 1.90251 1.98948 1.88418 1.65315 1.65315 1.65315 1.65315 1.65315 1.65315 1.65315 1.65315 1.65315 1.65315 1.65315 1.65315 1.65315 1.65315 1.65315 1.65315 1.65315 0.00000 0.00000 0.00000 0.00000 0.00000 0.00000 0.00000 0.00000 0.00000 0.00000 0.00000 0.00000 0.00000 0.00000 0.00000 0.00000 0.00000 0.00000 0.00000 0.00000 0.00000 0.00000 0.00000 0.00000 0.00000 0.00000 0.00000
0.00000 0.00000 0.00000 0.00000 0.00000 0.00000 0.00000 0.00000 0.00000 2.86603 2.86603 2.39998 1.98948 2.06216 2.12362 2.17642 2.22215 2.25608 2.25959 2.25959 2.25959 2.14571 1.65315 1.65315 1.65315 1.65315 1.65315 1.65315 1.65315 1.65315 1.65315 1.65315 1.65315 1.65315 1.65315 1.65315 1.65315 1.65315 1.65315 0.00000 0.00000 0.00000 0.00000 0.00000 0.00000 0.00000 0.00000 0.00000 0.00000 0.00000 0.00000 0.00000 0.00000 0.00000 0.00000 0.00000 0.00000 0.00000 0.00000 0.00000 0.00000 0.00000 0.00000 0.00000 0.00000 0.00000
0.00000 0.00000 0.00000 0.00000 0.00000 1.91521 2.55385 2.56072 2.83855 2.86603 2.86603 2.85593 2.27594 2.25959 2.25959 2.25959 2.25959 2.25959 2.25959 2.25959 2.25959 2.23730 1.66254 1.65315 1.65315 1.65315 1.65315 1.65315 1.65315 1.65315 1.65315 1.65315 1.65315 1.65315 1.65315 1.65315 1.65315 1.65315 1.65315 0.00000 0.00000 0.00000 0.00000 0.00000 0.00000 0.00000 0.00000 0.00000 0.00000 0.00000 0.00000 0.00000 0.00000 0.00000 0.00000 0.00000 0.00000 0.00000 0.00000 0.00000 0.00000 0.00000 0.00000 0.00000 0.00000 0.00000
1.91521 1.91521 1.91521 1.91521 1.91521 1.91521 2.18953 2.39062 2.67175 2.86603 2.86603 2.86603 2.34623 2.25959 2.25959 2.25959 2.25959 2.25959 2.25959 2.25959 2.25959 2.25959 1.84749 1.65315 1.65315 1.65315 1.65315 1.65315 1.65315 1.65315 1.65315 1.65315 1.65315 1.65315 1.65315 1.65315 1.65315 1.65315 1.65315 1.65315 0.00000 0.00000 0.00000 0.00000 0.00000 0.00000 0.00000 0.00000 0.00000 0.00000 0.00000 0.00000 0.00000 0.00000 0.00000 0.00000 0.00000 0.00000 0.00000 0.00000 0.00000 0.00000 0.00000 0.00000 0.00000 0.00000
1.91521 1.91521 1.91521 1.91521 1.91521 1.91521 2.03880 2.39062 2.53670 2.86603 2.86603 2.86603 2.43864 2.25959 2.25959 2.25959 2.25959 2.25959 2.25959 2.25959 2.25959 2.25959 2.02603 1.65315 1.65315 1.65315 1.65315 1.65315 1.65315 1.65315 1.65315 1.65315 1.65315 1.65315 1.65315 1.65315 1.65315 1.65315 1.65315 1.65315 0.00000 0.00000 0.00000 0.00000 0.00000 0.00000 0.00000 0.00000 0.00000 0.00000 0.00000 0.00000 0.00000 0.00000 0.00000 0.00000 0.00000 0.00000 0.00000 0.00000 0.00000 0.00000 0.00000 0.00000 0.00000 0.00000
1.91521 1.91521 1.91521 1.91521 1.91521 1.91521 1.91597 2.36354 2.44251 2.86603 2.86603 2.86603 2.55930 2.25959 2.25959 2.25959 2.25959 2.25959 2.25959 2.25959 2.25959 2.25959 2.15144 1.65315 1.65315 1.65315 1.65315 1.65315 1.65315 1.65315 1.65315 1.65315 1.65315 1.65315 1.65315 1.65315 1.65315 1.65315 1.65315 1.65315 0.00000 0.00000 0.00000 0.00000 0.00000 0.00000 0.00000 0.00000 0.00000 0.00000 0.00000 0.00000 0.00000 0.00000 0.00000 0.00000 0.00000 0.00000 0.00000 0.00000 0.00000 0.00000 0.00000 0.00000 0.00000 0.00000
1.91521 1.90183 1.75129 1.60327 1.48805 1.39582 1.32024 1.68054 2.37775 2.79300 2.86603 2.86160 2.69673 2.26855 2.27235 2.27618 2.28007 2.28387 2.28768 2.29145 2.29534 2.29915 2.28524 1.76076 1.75518 1.76293 1.77053 1.77814 1.78575 1.79355 1.80118 1.80879 1.81640 1.82403 1.83175 1.83935 1.84696 1.85457 1.86240 1.87564 0.00000 0.00000 0.00000 0.00000 0.00000 0.00000 0.00000 0.00000 0.00000 0.00000 0.00000 0.00000 0.00000 0.00000 0.00000 0.00000 0.00000 0.00000 0.00000 0.00000 0.00000 0.00000 0.00000 0.00000 0.00000 0.00000
1.41468 1.36933 1.36366 1.36829 1.37270 1.37715 1.38132 1.55926 2.06558 2.25449 2.30556 2.29668 2.29563 2.38990 2.39740 2.39740 2.39740 2.39740 2.39740 2.39740 2.39740 2.42878 2.49417 2.15575 1.92876 1.92876 1.92876 1.92876 1.92876 1.92876 1.92876 1.92876 1.92876 1.92876 1.92876 1.92876 1.92876 1.92876 1.92876 1.92876 0.00000 0.00000 0.00000 0.00000 0.00000 0.00000 0.00000 0.00000 0.00000 0.00000 0.00000 0.00000 0.00000 0.00000 0.00000 0.00000 0.00000 0.00000 0.00000 0.00000 0.00000 0.00000 0.00000 0.00000 0.00000 0.00000
1.40114 1.40114 1.40114 1.40114 1.40114 1.40114 1.40114 1.45952 1.93810 2.20507 2.29539 2.29539 2.29539 2.39998 2.49349 2.55893 2.62427 2.68971 2.75505 2.82080 2.88651 2.92051 2.92051 2.55202 1.92876 1.92876 1.92876 1.92876 1.92876 1.92876 1.92876 1.92876 1.92876 1.92876 1.92876 1.92876 1.92876 1.92876 1.92876 1.92876 1.92876 0.00000 0.00000 0.00000 0.00000 0.00000 0.00000 0.00000 0.00000 0.00000 0.00000 0.00000 0.00000 0.00000 0.00000 0.00000 0.00000 0.00000 0.00000 0.00000 0.00000 0.00000 0.00000 0.00000 0.00000 0.00000
1.40114 1.40114 1.40114 1.40114 1.40114 1.42770 1.50102 1.56962 1.93139 2.40532 2.65236 2.71791 2.78382 2.87148 2.92051 2.92051 2.92051 2.92051 2.92051 2.92051 2.92051 2.92051 2.92051 2.75327 1.92876 1.92876 1.92876 1.92876 1.92876 1.92876 1.92876 1.92876 1.92876 1.92876 1.92876 1.92876 1.92876 1.92876 1.92876 1.92876 1.92876 0.00000 0.00000 0.00000 0.00000 0.00000 0.00000 0.00000 0.00000 0.00000 0.00000 0.00000 0.00000 0.00000 0.00000 0.00000 0.00000 0.00000 0.00000 0.00000 0.00000 0.00000 0.00000 0.00000 0.00000 0.00000
1.61108 1.67140 1.72571 1.77260 1.81970 1.85041 1.84810 1.84468 1.98509 2.74932 2.81850 2.81850 2.81850 2.85069 2.92051 2.92051 2.92051 2.92051 2.92051 2.92051 2.92051 2.92051 2.92051 2.89419 1.96077 1.92876 1.92876 1.92876 1.92876 1.92876 1.92876 1.92876 1.92876 1.92876 1.92876 1.92876 1.92876 1.92876 1.92876 1.92876 1.92876 0.00000 0.00000 0.00000 0.00000 0.00000 0.00000 0.00000 0.00000 0.00000 0.00000 0.00000 0.00000 0.00000 0.00000 0.00000 0.00000 0.00000 0.00000 0.00000 0.00000 0.00000 0.00000 0.00000 0.00000 0.00000
1.84748 1.84399 1.84096 1.84070 1.84070 1.84070 1.84070 1.84070 1.92109 2.50512 2.81850 2.81850 2.81850 2.82977 2.92051 2.92051 2.92051 2.92051 2.92051 2.92051 2.92051 2.92051 2.92051 2.92051 2.28417 1.92876 1.92876 1.92876 1.92876 1.92876 1.92876 1.92876 1.92876 1.92876 1.92876 1.92876 1.92876 1.92876 1.92876 1.92876 1.92876 0.00000 0.00000 0.00000 0.00000 0.00000 0.00000 0.00000 0.00000 0.00000 0.00000 0.00000 0.00000 0.00000 0.00000 0.00000 0.00000 0.00000 0.00000 0.00000 0.00000 0.00000 0.00000 0.00000 0.00000 0.00000
1.84070 1.84070 1.84070 1.84070 1.84070 1.84070 1.84070 1.84070 1.86356 2.30046 2.81850 2.81850 2.81850 2.81851 2.91091 2.92051 2.92051 2.92051 2.92051 2.92051 2.92051 2.92051 2.92051 2.92051 2.56441 1.92876 1.92876 1.92876 1.92876 1.92876 1.92876 1.92876 1.92876 1.92876 1.92876 1.92876 1.92876 1.92876 1.92876 1.92876 1.92876 0.00000 0.00000 0.00000 0.00000 0.00000 0.00000 0.00000 0.00000 0.00000 0.00000 0.00000 0.00000 0.00000 0.00000 0.00000 0.00000 0.00000 0.00000 0.00000 0.00000 0.00000 0.00000 0.00000 0.00000 0.00000
1.84070 1.84070 1.84070 1.84070 1.84104 1.88333 1.96108 2.04862 2.14780 2.55582 2.81850 2.81850 2.81850 2.81850 2.89002 2.92051 2.92051 2.92051 2.92051 2.92051 2.92051 2.91687 2.90341 2.88945 2.70993 1.81000 1.78208 1.75406 1.72584 1.69721 1.66929 1.64137 1.61345 1.58502 1.55680 1.52888 1.50096 1.47294 1.44431 1.41639 1.38787 1.06542 0.00000 0.00000 0.00000 0.00000 0.00000 0.00000 0.00000 0.00000 0.00000 0.00000 0.00000 0.00000 0.00000 0.00000 0.00000 0.00000 0.00000 0.00000 0.00000 0.00000 0.00000 0.00000 0.00000 0.00000
2.07921 2.18692 2.30880 2.44884 2.60968 2.69143 2.70595 2.72068 2.73533 2.94895 3.10377 3.11833 3.13315 3.14750 2.84993 2.49584 2.48178 2.46782 2.45386 2.43980 2.42553 2.41522 2.41471 2.41471 2.37283 0.972475 0.917166 0.917166 0.917166 0.917166 0.917166 0.917166 0.917166 0.917166 0.917166 0.917166 0.917166 0.917166 0.917166 0.917166 0.917166 0.917165 0.00000 0.00000 0.00000 0.00000 0.00000 0.00000 0.00000 0.00000 0.00000 0.00000 0.00000 0.00000 0.00000 0.00000 0.00000 0.00000 0.00000 0.00000 0.00000 0.00000 0.00000 0.00000 0.00000 0.00000
2.90269 2.90269 2.90269 2.90269 2.90269 2.90269 2.90269 2.90269 2.90269 3.01486 3.24187 3.24187 3.24187 3.24187 3.00137 2.41471 2.40720 2.31858 2.20823 2.09708 1.98619 1.87575 1.76531 1.65398 1.55167 1.14841 0.917166 0.917166 0.917166 0.917166 0.917166 0.917166 0.917166 0.917166 0.917166 0.917166 0.917166 0.917166 0.917166 0.917166 0.917166 0.917166 0.00000 0.00000 0.00000 0.00000 0.00000 0.00000 0.00000 0.00000 0.00000 0.00000 0.00000 0.00000 0.00000 0.00000 0.00000 0.00000 0.00000 0.00000 0.00000 0.00000 0.00000 0.00000 0.00000 0.00000
2.90269 2.90269 2.90269 2.90269 2.90269 2.90269 2.90269 2.90269 2.90156 2.90831 3.03931 2.92698 2.81565 2.70503 2.52371 1.65721 1.55308 1.53117 1.53117 1.53117 1.53117 1.53117 1.53117 1.53117 1.53117 1.31840 0.917166 0.917166 0.917166 0.917166 0.917166 0.917166 0.917166 0.917166 0.917166 0.917166 0.917166 0.917166 0.917166 0.917166 0.917166 0.917166 0.00000 0.00000 0.00000 0.00000 0.00000 0.00000 0.00000 0.00000 0.00000 0.00000 0.00000 0.00000 0.00000 0.00000 0.00000 0.00000 0.00000 0.00000 0.00000 0.00000 0.00000 0.00000 0.00000 0.00000
2.90269 2.89100 2.86369 2.83630 2.80893 2.78154 2.75415 2.72678 2.70052 2.69360 2.41928 2.35833 2.35833 2.35833 2.35833 1.63055 1.53117 1.53117 1.53117 1.53117 1.53117 1.53117 1.53117 1.53117 1.53117 1.43873 0.917166 0.917166 0.917166 0.917166 0.917166 0.917166 0.917166 0.917166 0.917166 0.917166 0.917166 0.917166 0.917166 0.917166 0.917166 0.917166 0.00000 0.00000 0.00000 0.00000 0.00000 0.00000 0.00000 0.00000 0.00000 0.00000 0.00000 0.00000 0.00000 0.00000 0.00000 0.00000 0.00000 0.00000 0.00000 0.00000 0.00000 0.00000 0.00000 0.00000
2.70939 2.69368 2.69360 2.69360 2.69360 2.69360 2.69360 2.69360 2.69360 2.69360 2.50511 2.35833 2.35833 2.35833 2.35833 1.80058 1.53117 1.53117 1.53117 1.53117 1.53117 1.53117 1.53117 1.53117 1.53117 1.51982 0.950148 0.917166 0.917166 0.917166 0.917166 0.917166 0.917166 0.917166 0.917166 0.917166 0.917166 0.917166 0.917166 0.917166 0.917166 0.917166 0.917166 0.00000 0.00000 0.00000 0.00000 0.00000 0.00000 0.00000 0.00000 0.00000 0.00000 0.00000 0.00000 0.00000 0.00000 0.00000 0.00000 0.00000 0.00000 0.00000 0.00000 0.00000 0.00000 0.00000
2.69360 2.69360 2.69360 2.69360 2.69360 2.69360 2.69360 2.69360 2.69360 2.69360 2.59111 2.35833 2.35833 2.35833 2.35833 1.97053 1.53117 1.53117 1.53117 1.53117 1.53117 1.53117 1.53117 1.53117 1.53117 1.53117 1.15827 0.917166 0.917166 0.917166 0.917166 0.917166 0.917166 0.917166 0.917166 0.917166 0.917166 0.917166 0.917166 0.917166 0.917166 0.917166 0.917165 0.00000 0.00000 0.00000 0.00000 0.00000 0.00000 0.00000 0.00000 0.00000 0.00000 0.00000 0.00000 0.00000 0.00000 0.00000 0.00000 0.00000 0.00000 0.00000 0.00000 0.00000 0.00000 0.00000
2.69360 2.69360 2.69360 2.69360 2.69360 2.69360 2.69360 2.69360 2.69360 2.69360 2.67291 2.36236 2.35833 2.35833 2.35833 2.14071 1.53117 1.53117 1.53117 1.53117 1.53117 1.53117 1.53117 1.53117 1.53117 1.53117 1.32503 0.917166 0.917166 0.917166 0.917166 0.921869 0.961767 1.00750 1.05292 1.09849 1.14439 1.19077 1.23619 1.28176 1.32733 1.37291 1.48192 0.00000 0.00000 0.00000 0.00000 0.00000 0.00000 0.00000 0.00000 0.00000 0.00000 0.00000 0.00000 0.00000 0.00000 0.00000 0.00000 0.00000 0.00000 0.00000 0.00000 0.00000 0.00000 0.00000
2.68034 2.66221 2.64438 2.62646 2.60843 2.59071 2.57248 2.55486 2.53658 2.51896 2.50078 2.21704 2.12966 2.11184 2.09381 2.03994 1.99594 2.02114 2.04400 2.06679 2.08998 2.11277 2.13564 2.15834 2.18113 2.20416 2.23897 2.35478 2.40036 2.44593 2.49151 2.53335 2.53903 2.53903 2.53903 2.53903 2.53903 2.53903 2.53903 2.53903 2.53903 2.53903 2.53903 0.00000 0.00000 0.00000 0.00000 0.00000 0.00000 0.00000 0.00000 0.00000 0.00000 0.00000 0.00000 0.00000 0.00000 0.00000 0.00000 0.00000 0.00000 0.00000 0.00000 0.00000 0.00000 0.00000
2.17554 2.17554 2.17554 2.17554 2.17554 2.17554 2.17554 2.17554 2.17554 2.17554 2.17554 1.99543 1.84027 1.84027 1.84027 1.84027 2.26832 2.34210 2.34210 2.34210 2.34544 2.35849 2.37400 2.39173 2.41266 2.43744 2.47186 2.53903 2.53903 2.53903 2.53903 2.53903 2.53903 2.53903 2.53903 2.53903 2.53903 2.53903 2.53903 2.53903 2.53903 2.53903 2.53903 0.00000 0.00000 0.00000 0.00000 0.00000 0.00000 0.00000 0.00000 0.00000 0.00000 0.00000 0.00000 0.00000 0.00000 0.00000 0.00000 0.00000 0.00000 0.00000 0.00000 0.00000 0.00000 0.00000
2.17554 2.17554 2.17554 2.17554 2.17554 2.17554 2.17554 2.17554 2.17554 2.17554 2.17554 2.08136 1.83497 1.81466 1.79064 1.76297 2.17306 2.43772 2.46769 2.50443 2.53726 2.53903 2.53903 2.53903 2.53903 2.53903 2.53903 2.53903 2.53903 2.53903 2.53903 2.53903 2.53903 2.53903 2.53903 2.53903 2.53903 2.53903 2.53903 2.53903 2.53903 2.53903 2.53903 2.53903 0.00000 0.00000 0.00000 0.00000 0.00000 0.00000 0.00000 0.00000 0.00000 0.00000 0.00000 0.00000 0.00000 0.00000 0.00000 0.00000 0.00000 0.00000 0.00000 0.00000 0.00000 0.00000
2.17554 2.17554 2.17554 2.17554 2.16817 2.08753 1.98799 1.88836 1.78882 1.68919 1.58957 1.49190 1.53301 1.53537 1.53537 1.53537 1.98049 2.53903 2.53903 2.53903 2.53903 2.53903 2.53903 2.53903 2.53903 2.53903 2.53903 2.53903 2.53903 2.53903 2.53903 2.53903 2.53903 2.53903 2.53903 2.53903 2.53903 2.53903 2.53903 2.53903 2.53903 2.53903 2.53903 2.53903 0.00000 0.00000 0.00000 0.00000 0.00000 0.00000 0.00000 0.00000 0.00000 0.00000 0.00000 0.00000 0.00000 0.00000 0.00000 0.00000 0.00000 0.00000 0.00000 0.00000 0.00000 0.00000
1.82600 1.72640 1.62685 1.52723 1.43505 1.41622 1.41622 1.41622 1.41622 1.41622 1.41622 1.41622 1.49056 1.53537 1.53537 1.53537 1.77514 2.53903 2.53903 2.53903 2.53903 2.53903 2.53903 2.53903 2.53903 2.53903 2.53903 2.53903 2.53903 2.53903 2.53903 2.53903 2.53903 2.53903 2.53903 2.53903 2.53903 2.53903 2.53903 2.53903 2.53903 2.53903 2.53903 2.53903 0.00000 0.00000 0.00000 0.00000 0.00000 0.00000 0.00000 0.00000 0.00000 0.00000 0.00000 0.00000 0.00000 0.00000 0.00000 0.00000 0.00000 0.00000 0.00000 0.00000 0.00000 0.00000
1.41622 1.41622 1.41622 1.41622 1.41622 1.41622 1.41622 1.41622 1.41622 1.41622 1.41622 1.41622 1.45725 1.53537 1.53537 1.53537 1.58104 2.52769 2.53903 2.53903 2.53903 2.53903 2.53903 2.53903 2.53903 2.53903 2.53903 2.53903 2.53903 2.53903 2.53903 2.53903 2.53903 2.53903 2.53903 2.53903 2.53903 2.53903 2.53903 2.53903 2.53903 2.53903 2.53903 2.53903 0.00000 0.00000 0.00000 0.00000 0.00000 0.00000 0.00000 0.00000 0.00000 0.00000 0.00000 0.00000 0.00000 0.00000 0.00000 0.00000 0.00000 0.00000 0.00000 0.00000 0.00000 0.00000
1.41622 1.41622 1.41622 1.41622 1.41622 1.41622 1.41622 1.41622 1.41622 1.41622 1.41622 1.42589 1.48945 1.63285 1.53537 1.53537 1.53537 2.36790 2.53903 2.53903 2.53903 2.53903 2.53903 2.53903 2.53903 2.53903 2.53903 2.53903 2.53903 2.53903 2.53903 2.53903 2.53903 2.53903 2.53903 2.53903 2.53903 2.53903 2.53903 2.53903 2.53903 2.53555 2.51060 2.47836 0.00000 0.00000 0.00000 0.00000 0.00000 0.00000 0.00000 0.00000 0.00000 0.00000 0.00000 0.00000 0.00000 0.00000 0.00000 0.00000 0.00000 0.00000 0.00000 0.00000 0.00000 0.00000
1.41622 1.41622 1.41622 1.41622 1.41622 1.43266 1.47497 1.51201 1.54194 1.56586 1.58725 1.60169 1.60236 1.72853 1.46407 1.44207 1.42984 1.92976 2.19071 2.16335 2.13656 2.10987 2.08299 2.05572 2.02874 2.00195 1.97507 1.94838 1.92092 1.89394 1.86725 1.84056 1.81349 1.78612 1.75943 1.73265 1.70576 1.67859 1.65161 1.62463 1.59794 1.57473 1.57203 1.57203 1.57203 0.00000 0.00000 0.00000 0.00000 0.00000 0.00000 0.00000 0.00000 0.00000 0.00000 0.00000 0.00000 0.00000 0.00000 0.00000 0.00000 0.00000 0.00000 0.00000 0.00000 0.00000
