High_resolution/powerplant/Fengdu/OMI_NO2_200905.asc
ncols      200
nrows      200
xllcorner       105.978
yllcorner       28.1831
cellsize     0.0166667
NODATA_Value      -999.000
[rows 150 to 179 of 200, columns 0 to 65 of 200]
3.11683 3.11683 3.11683 3.11683 3.11683 3.11683 3.11683 3.11683 3.11683 3.11683 3.11683 3.11683 3.38393 2.67935 2.46333 2.46333 2.46333 2.46336 2.49075 2.54165 2.59261 2.64347 2.69437 2.74455 2.76202 2.75044 2.70610 2.78519 2.70758 2.44606 2.44412 2.44268 2.44261 2.44261 2.44261 2.44261 2.44261 2.44261 2.44261 2.44261 2.44261 2.44261 2.29498 1.73662 0.00000 0.00000 0.00000 0.00000 0.00000 0.00000 0.00000 0.00000 0.00000 0.00000 0.00000 0.00000 0.00000 0.00000 0.00000 0.00000 0.00000 0.00000 0.00000 0.00000 0.00000 0.00000
3.11683 3.11683 3.11683 3.11683 3.11683 3.11683 3.11683 3.11683 3.11683 3.11683 3.11683 3.11683 3.23215 2.85169 2.58585 2.63672 2.68768 2.73855 2.76202 2.75445 2.71240 2.66613 2.61987 2.57358 2.52732 2.49267 2.49069 2.59133 2.82533 2.44261 2.44261 2.44261 2.44261 2.44261 2.44261 2.44261 2.44261 2.44261 2.44261 2.44261 2.44261 2.44261 2.41085 1.74390 1.73662 0.00000 0.00000 0.00000 0.00000 0.00000 0.00000 0.00000 0.00000 0.00000 0.00000 0.00000 0.00000 0.00000 0.00000 0.00000 0.00000 0.00000 0.00000 0.00000 0.00000 0.00000
3.11683 3.11683 3.11683 3.11683 3.11683 3.11683 3.09195 2.93155 2.75088 2.57000 2.38932 2.20865 2.19112 2.48708 2.71869 2.67243 2.62617 2.57988 2.53361 2.49492 2.49069 2.49069 2.49069 2.49069 2.49069 2.49069 2.49069 2.50012 2.88252 2.48952 2.44261 2.44261 2.44261 2.44261 2.44261 2.44261 2.44261 2.44261 2.44261 2.44261 2.44261 2.44261 2.44261 1.95585 1.73662 0.00000 0.00000 0.00000 0.00000 0.00000 0.00000 0.00000 0.00000 0.00000 0.00000 0.00000 0.00000 0.00000 0.00000 0.00000 0.00000 0.00000 0.00000 0.00000 0.00000 0.00000
3.11356 2.99178 2.81110 2.63032 2.44955 2.26887 2.11299 2.09251 2.08492 2.07270 2.06047 2.04825 2.04571 2.14812 2.47260 2.49069 2.49069 2.49069 2.49069 2.49069 2.49069 2.49069 2.49069 2.49069 2.49069 2.49069 2.49069 2.49069 2.78266 2.61169 2.44261 2.44261 2.44261 2.44261 2.44261 2.44261 2.44261 2.44261 2.44261 2.44261 2.44261 2.44261 2.44261 2.17402 1.73662 0.00000 0.00000 0.00000 0.00000 0.00000 0.00000 0.00000 0.00000 0.00000 0.00000 0.00000 0.00000 0.00000 0.00000 0.00000 0.00000 0.00000 0.00000 0.00000 0.00000 0.00000
2.15160 2.09260 2.08874 2.07678 2.06455 2.05232 2.04011 2.02798 2.02334 2.02334 2.02334 2.02334 2.02334 2.10983 2.38416 2.49069 2.49069 2.49069 2.49069 2.49069 2.49069 2.49069 2.49069 2.49069 2.49069 2.49069 2.49069 2.49069 2.67243 2.73479 2.44261 2.44261 2.44261 2.44261 2.44261 2.44261 2.44261 2.44261 2.44261 2.37556 2.24530 2.11476 1.98417 1.63707 0.313586 0.00000 0.00000 0.00000 0.00000 0.00000 0.00000 0.00000 0.00000 0.00000 0.00000 0.00000 0.00000 0.00000 0.00000 0.00000 0.00000 0.00000 0.00000 0.00000 0.00000 0.00000
2.04418 2.03195 2.02359 2.02334 2.02334 2.02334 2.02334 2.02334 2.02334 2.02334 2.02334 2.02334 2.02334 2.07978 2.28860 2.49069 2.49069 2.49069 2.49069 2.49069 2.49069 2.49069 2.49069 2.49069 2.49069 2.49069 2.49069 2.49069 2.56221 2.85668 2.44376 2.44261 2.44238 2.36972 2.23907 2.10866 1.97833 1.84776 1.71712 1.65369 1.62840 1.44161 1.22693 0.967406 0.167626 0.158769 0.00000 0.00000 0.00000 0.00000 0.00000 0.00000 0.00000 0.00000 0.00000 0.00000 0.00000 0.00000 0.00000 0.00000 0.00000 0.00000 0.00000 0.00000 0.00000 0.00000
2.02334 2.02334 2.02334 2.02334 2.02334 2.02334 2.02334 2.02334 2.02334 2.02334 2.02334 2.02334 2.02334 2.04973 2.19307 2.49069 2.49069 2.49069 2.49069 2.49069 2.49069 2.49069 2.49069 2.49069 2.49069 2.49069 2.49069 2.40887 2.24866 2.45778 2.03124 1.84177 1.71152 1.65369 1.62328 1.43200 1.21680 1.00186 0.787184 0.572247 0.382260 0.354191 0.354191 0.354191 0.234746 0.158769 0.00000 0.00000 0.00000 0.00000 0.00000 0.00000 0.00000 0.00000 0.00000 0.00000 0.00000 0.00000 0.00000 0.00000 0.00000 0.00000 0.00000 0.00000 0.00000 0.00000
2.02334 2.02334 2.02334 2.02334 2.02334 2.02334 2.02334 2.02334 2.02334 2.02334 2.02334 2.02334 2.02334 2.02549 2.13029 2.45212 2.49069 2.49069 2.49069 2.49069 2.49069 2.42952 2.26939 2.10784 1.94639 1.78494 1.62349 1.54376 1.53855 1.64440 1.33929 0.992115 0.777048 0.562111 0.377972 0.354191 0.354191 0.354191 0.354191 0.354191 0.354191 0.354191 0.354191 0.354191 0.289812 0.158769 0.00000 0.00000 0.00000 0.00000 0.00000 0.00000 0.00000 0.00000 0.00000 0.00000 0.00000 0.00000 0.00000 0.00000 0.00000 0.00000 0.00000 0.00000 0.00000 0.00000
2.02334 2.02334 2.02334 2.02334 2.02334 2.02334 2.02334 2.02334 2.02334 2.02334 2.02334 2.02334 2.02334 2.02334 2.10189 2.31736 2.29136 2.12972 1.96836 1.80700 1.64536 1.54508 1.54082 1.51204 1.47719 1.44237 1.40754 1.37272 1.34308 1.08538 0.566409 0.354191 0.354191 0.354191 0.354191 0.354191 0.354191 0.354191 0.354191 0.354191 0.354191 0.354191 0.354191 0.354191 0.328510 0.158769 0.00000 0.00000 0.00000 0.00000 0.00000 0.00000 0.00000 0.00000 0.00000 0.00000 0.00000 0.00000 0.00000 0.00000 0.00000 0.00000 0.00000 0.00000 0.00000 0.00000
2.02748 2.02334 2.02334 2.02334 2.02334 2.02334 2.02334 2.02334 2.02334 2.02050 1.99278 1.95937 1.92589 1.89248 1.90753 1.80397 1.54243 1.51678 1.48193 1.44711 1.41228 1.37743 1.34555 1.33950 1.33950 1.33950 1.33950 1.33950 1.33950 1.26647 0.641780 0.360167 0.354191 0.354191 0.354191 0.354191 0.354191 0.354191 0.354191 0.354191 0.354191 0.354191 0.354191 0.354191 0.352287 0.177430 0.158769 0.00000 0.00000 0.00000 0.00000 0.00000 0.00000 0.00000 0.00000 0.00000 0.00000 0.00000 0.00000 0.00000 0.00000 0.00000 0.00000 0.00000 0.00000 0.00000
2.04089 2.02334 2.02334 2.02318 2.00330 1.96987 1.93642 1.90298 1.86953 1.83894 1.83320 1.86319 1.92149 1.97979 2.01156 1.74717 1.35032 1.33950 1.33950 1.33950 1.33950 1.33950 1.33950 1.33950 1.33950 1.33950 1.33950 1.33950 1.33950 1.33950 0.765819 0.425339 0.354191 0.354191 0.354191 0.354191 0.354191 0.354191 0.354191 0.354191 0.354191 0.354191 0.354191 0.354191 0.354191 0.247546 0.158769 0.00000 0.00000 0.00000 0.00000 0.00000 0.00000 0.00000 0.00000 0.00000 0.00000 0.00000 0.00000 0.00000 0.00000 0.00000 0.00000 0.00000 0.00000 0.00000
2.02306 1.91351 1.88003 1.84678 1.83320 1.84717 1.90272 1.96102 2.01934 2.07764 2.13590 2.16424 2.16424 2.16424 2.16356 1.78630 1.41213 1.33950 1.33950 1.33950 1.33950 1.33950 1.33950 1.33950 1.33950 1.33950 1.33950 1.33950 1.33950 1.33950 0.948085 0.505702 0.354191 0.354191 0.354191 0.354191 0.354191 0.354191 0.354191 0.354191 0.354191 0.354191 0.400243 0.531006 0.664180 0.867820 1.32692 0.00000 0.00000 0.00000 0.00000 0.00000 0.00000 0.00000 0.00000 0.00000 0.00000 0.00000 0.00000 0.00000 0.00000 0.00000 0.00000 0.00000 0.00000 0.00000
2.14834 1.94304 2.00057 2.05887 2.11717 2.16149 2.16424 2.16424 2.16424 2.16424 2.16424 2.16424 2.16424 2.16424 2.16424 1.89942 1.51986 1.33950 1.33950 1.33950 1.33950 1.33950 1.33950 1.33950 1.33950 1.33950 1.33950 1.33950 1.33950 1.33950 1.12993 0.586127 0.354191 0.354191 0.354191 0.354191 0.404824 0.536632 0.669725 0.802979 0.935590 1.06884 1.15597 1.16172 1.24367 1.40987 1.76618 1.76618 0.00000 0.00000 0.00000 0.00000 0.00000 0.00000 0.00000 0.00000 0.00000 0.00000 0.00000 0.00000 0.00000 0.00000 0.00000 0.00000 0.00000 0.00000
2.76271 2.22441 2.16424 2.16424 2.16424 2.16424 2.16424 2.16424 2.16424 2.16424 2.16424 2.16424 2.16424 2.16424 2.16424 2.01326 1.62752 1.33950 1.33950 1.33950 1.33950 1.33950 1.33950 1.33950 1.33950 1.33950 1.33950 1.33950 1.33950 1.33950 1.34311 0.816223 0.685968 0.808284 0.941216 1.07447 1.15677 1.16369 1.25076 1.36321 1.47580 1.58832 1.70091 1.80960 1.84024 1.84008 1.77818 1.76618 0.00000 0.00000 0.00000 0.00000 0.00000 0.00000 0.00000 0.00000 0.00000 0.00000 0.00000 0.00000 0.00000 0.00000 0.00000 0.00000 0.00000 0.00000
2.76271 2.33974 2.16424 2.16424 2.16424 2.16424 2.16424 2.16424 2.16424 2.16424 2.16424 2.16424 2.16424 2.16424 2.16424 2.12534 1.72626 1.35015 1.33950 1.33950 1.33950 1.33950 1.33950 1.33950 1.37103 1.48085 1.59440 1.70796 1.82145 1.93500 2.00641 1.48696 1.30764 1.37031 1.48290 1.59542 1.70800 1.81472 1.84024 1.84024 1.84024 1.84024 1.84024 1.84024 1.84024 1.84024 1.80437 1.76618 0.00000 0.00000 0.00000 0.00000 0.00000 0.00000 0.00000 0.00000 0.00000 0.00000 0.00000 0.00000 0.00000 0.00000 0.00000 0.00000 0.00000 0.00000
2.76271 2.50410 2.16424 2.16424 2.16424 2.16424 2.16424 2.16424 2.16424 2.16424 2.16424 2.16424 2.16424 2.16424 2.16424 2.16424 1.81781 1.44117 1.36195 1.46762 1.58118 1.69473 1.80822 1.92177 2.00373 2.00966 2.05942 2.12848 2.19758 2.26664 2.33574 2.19186 1.93404 1.84024 1.84024 1.84024 1.84024 1.84024 1.84024 1.84024 1.84024 1.84024 1.84024 1.84024 1.84024 1.84024 1.82235 1.76618 0.00000 0.00000 0.00000 0.00000 0.00000 0.00000 0.00000 0.00000 0.00000 0.00000 0.00000 0.00000 0.00000 0.00000 0.00000 0.00000 0.00000 0.00000
2.76271 2.72047 2.17382 2.16424 2.16424 2.16424 2.16424 2.16424 2.16424 2.16424 2.16424 2.16424 2.16876 2.23043 2.30920 2.38811 2.23424 2.02078 1.99966 2.00788 2.04943 2.11857 2.18759 2.25669 2.32583 2.39275 2.41205 2.41205 2.41205 2.41205 2.41205 2.31340 1.97804 1.84024 1.84024 1.84024 1.84024 1.84024 1.84024 1.84024 1.84024 1.84024 1.84024 1.84024 1.84024 1.84024 1.83528 1.76618 1.76618 0.00000 0.00000 0.00000 0.00000 0.00000 0.00000 0.00000 0.00000 0.00000 0.00000 0.00000 0.00000 0.00000 0.00000 0.00000 0.00000 0.00000
0.00000 2.76271 2.25605 2.16424 2.16424 2.16424 2.16424 2.20506 2.28387 2.36269 2.44154 2.52031 2.59465 2.61179 2.55770 2.42254 2.28829 2.39012 2.31588 2.38458 2.41205 2.41205 2.41205 2.41205 2.41205 2.41205 2.41205 2.41205 2.41205 2.41205 2.41205 2.40265 2.02405 1.85642 1.84024 1.84024 1.84024 1.84024 1.84024 1.84024 1.84024 1.84024 1.84024 1.84024 1.84024 1.84024 1.84024 1.78416 1.76618 0.00000 0.00000 0.00000 0.00000 0.00000 0.00000 0.00000 0.00000 0.00000 0.00000 0.00000 0.00000 0.00000 0.00000 0.00000 0.00000 0.00000
0.00000 2.76271 2.44252 2.33731 2.41612 2.49503 2.57375 2.61179 2.58800 2.46331 2.32738 2.19137 2.05551 1.91943 1.83759 1.83681 1.86718 2.57070 2.42474 2.41205 2.41205 2.41205 2.41205 2.41205 2.41205 2.41205 2.41205 2.41205 2.41205 2.41205 2.41205 2.41205 2.12264 1.89995 1.84024 1.84024 1.84024 1.84024 1.84024 1.84024 1.84024 1.84024 1.84024 1.84024 1.84024 1.86744 1.98387 2.19128 2.58756 0.00000 0.00000 0.00000 0.00000 0.00000 0.00000 0.00000 0.00000 0.00000 0.00000 0.00000 0.00000 0.00000 0.00000 0.00000 0.00000 0.00000
0.00000 2.76271 2.70428 2.50415 2.36814 2.23221 2.09620 1.96027 1.84813 1.83681 1.83681 1.83681 1.83681 1.83681 1.83681 1.83681 1.83681 2.40011 2.47165 2.41205 2.41205 2.41205 2.41205 2.41205 2.41205 2.41205 2.41205 2.41205 2.41205 2.41205 2.41205 2.41205 2.23004 1.94394 1.84024 1.84024 1.84024 1.84024 1.84024 1.87029 1.98889 2.11274 2.23719 2.36097 2.48512 2.58230 2.58909 2.67561 3.26468 0.00000 0.00000 0.00000 0.00000 0.00000 0.00000 0.00000 0.00000 0.00000 0.00000 0.00000 0.00000 0.00000 0.00000 0.00000 0.00000 0.00000
0.00000 1.96207 1.29063 1.80932 1.83681 1.83681 1.83681 1.83681 1.83681 1.83681 1.83681 1.83681 1.83681 1.83681 1.83681 1.83681 1.83681 2.19734 2.52039 2.41205 2.41205 2.41205 2.41205 2.41205 2.41205 2.41205 2.41205 2.41205 2.41205 2.41205 2.41205 2.41205 2.33760 1.96131 1.99252 2.11746 2.24162 2.36592 2.48969 2.58387 2.58828 2.51743 2.40615 2.29468 2.18341 2.07193 1.96107 1.96993 3.24619 3.26468 0.00000 0.00000 0.00000 0.00000 0.00000 0.00000 0.00000 0.00000 0.00000 0.00000 0.00000 0.00000 0.00000 0.00000 0.00000 0.00000
0.00000 0.00000 1.21275 1.70471 1.83681 1.83681 1.83681 1.83681 1.83681 1.83681 1.83681 1.83681 1.83681 1.83681 1.83681 1.83681 1.83681 1.99458 2.56919 2.41205 2.41205 2.41205 2.41205 2.41205 2.41205 2.41205 2.41205 2.39405 2.29852 2.19387 2.08936 1.98466 1.87816 1.43153 2.40177 2.51088 2.39954 2.28813 2.17680 2.06539 1.95533 1.91471 1.91471 1.91471 1.91471 1.91471 1.91471 1.91471 2.83321 3.26468 0.00000 0.00000 0.00000 0.00000 0.00000 0.00000 0.00000 0.00000 0.00000 0.00000 0.00000 0.00000 0.00000 0.00000 0.00000 0.00000
0.00000 0.00000 1.21275 1.55631 1.83681 1.83681 1.83681 1.83681 1.83681 1.83681 1.83681 1.83681 1.83681 1.83681 1.83681 1.83681 1.83681 1.84461 2.54050 2.43668 2.41205 2.40112 2.31189 2.20732 2.10274 1.99817 1.89353 1.80695 1.79756 1.76318 1.70733 1.65155 1.59574 1.09865 1.44546 1.91471 1.91471 1.91471 1.91471 1.91471 1.91471 1.91471 1.91471 1.91471 1.91471 1.91471 1.91471 1.91471 2.42382 3.26468 0.00000 0.00000 0.00000 0.00000 0.00000 0.00000 0.00000 0.00000 0.00000 0.00000 0.00000 0.00000 0.00000 0.00000 0.00000 0.00000
0.00000 0.00000 1.21275 1.33664 1.83641 1.83681 1.83681 1.83681 1.83681 1.83681 1.83681 1.83681 1.83681 1.83681 1.83681 1.83619 1.81809 1.79201 2.27464 2.21288 1.90698 1.81334 1.79798 1.77032 1.71451 1.65873 1.60288 1.54710 1.49162 1.47025 1.47025 1.47025 1.47025 1.17757 1.09130 1.91471 1.91471 1.91471 1.91471 1.91471 1.91471 1.91471 1.91471 1.91471 1.91471 1.91471 1.91471 1.91471 2.13969 3.26468 0.00000 0.00000 0.00000 0.00000 0.00000 0.00000 0.00000 0.00000 0.00000 0.00000 0.00000 0.00000 0.00000 0.00000 0.00000 0.00000
0.00000 0.00000 1.21275 1.21275 1.78185 1.83681 1.83681 1.83681 1.83681 1.83681 1.82590 1.79995 1.77386 1.74782 1.72177 1.69630 1.68835 1.72886 2.06341 2.10082 1.61006 1.55428 1.49843 1.47025 1.47025 1.47025 1.47025 1.47025 1.47025 1.47025 1.47025 1.47025 1.47025 1.37690 0.789748 1.89764 1.91471 1.91471 1.91471 1.91471 1.91471 1.91471 1.91471 1.91471 1.91471 1.91471 1.91471 1.91471 1.94614 3.20594 3.26468 0.00000 0.00000 0.00000 0.00000 0.00000 0.00000 0.00000 0.00000 0.00000 0.00000 0.00000 0.00000 0.00000 0.00000 0.00000
0.00000 0.00000 0.00000 1.21275 1.65884 1.80786 1.78179 1.75574 1.72965 1.70362 1.68844 1.70266 1.80857 1.93041 2.05206 2.17414 2.29610 2.37760 2.34381 2.07183 1.47685 1.47025 1.47025 1.47025 1.47025 1.47025 1.47025 1.47025 1.47025 1.47025 1.47025 1.47025 1.47025 1.47025 0.823620 1.65116 1.91471 1.91471 1.91471 1.91471 1.91471 1.91471 1.91471 1.91471 1.91471 1.91471 1.91471 1.91471 1.90005 2.51472 2.62635 0.00000 0.00000 0.00000 0.00000 0.00000 0.00000 0.00000 0.00000 0.00000 0.00000 0.00000 0.00000 0.00000 0.00000 0.00000
0.00000 0.00000 0.00000 1.21275 1.43073 1.68980 1.76826 1.89028 2.01217 2.13384 2.25586 2.36350 2.37968 2.37968 2.37968 2.37968 2.37968 2.37968 2.37968 2.15151 1.60467 1.47025 1.47025 1.47025 1.47025 1.47025 1.47025 1.47025 1.47025 1.47025 1.47025 1.47025 1.47025 1.47025 1.02303 1.33202 1.91471 1.91471 1.91471 1.91471 1.91471 1.91471 1.89640 1.76489 1.61426 1.46389 1.31344 1.16280 1.02692 1.15014 1.44319 0.00000 0.00000 0.00000 0.00000 0.00000 0.00000 0.00000 0.00000 0.00000 0.00000 0.00000 0.00000 0.00000 0.00000 0.00000
0.00000 0.00000 0.00000 1.72837 2.26174 2.33794 2.37968 2.37968 2.37968 2.37968 2.37968 2.37968 2.37968 2.37968 2.37968 2.37968 2.37968 2.37968 2.37968 2.22183 1.77790 1.47025 1.47025 1.47025 1.47025 1.47025 1.47025 1.47025 1.47025 1.47025 1.47025 1.47025 1.47025 1.47025 1.22244 1.01356 1.89249 1.75733 1.60661 1.45633 1.30579 1.15524 1.02291 1.00397 1.01445 1.03648 1.05852 1.08054 1.10256 1.16627 1.44319 0.00000 0.00000 0.00000 0.00000 0.00000 0.00000 0.00000 0.00000 0.00000 0.00000 0.00000 0.00000 0.00000 0.00000 0.00000
0.00000 0.00000 0.00000 0.00000 2.59541 2.40921 2.37968 2.37968 2.37968 2.37968 2.37968 2.37968 2.37968 2.37968 2.37968 2.37968 2.37968 2.37968 2.37968 2.29209 1.95099 1.47025 1.47025 1.47025 1.47025 1.47025 1.47025 1.47025 1.47025 1.47025 1.47680 1.53633 1.60742 1.67854 1.69460 1.08261 1.02480 1.00397 1.01557 1.03758 1.05964 1.08165 1.10368 1.12566 1.13721 1.13721 1.13721 1.13721 1.13721 1.14047 1.41558 1.44319 0.00000 0.00000 0.00000 0.00000 0.00000 0.00000 0.00000 0.00000 0.00000 0.00000 0.00000 0.00000 0.00000 0.00000
0.00000 0.00000 0.00000 0.00000 2.59541 2.45348 2.37968 2.37968 2.37968 2.37968 2.37968 2.37968 2.37968 2.37968 2.37968 2.37968 2.37968 2.37968 2.37968 2.36012 2.10115 1.49554 1.47025 1.47025 1.47338 1.52690 1.59803 1.66912 1.74016 1.81129 1.87587 1.88742 1.85787 1.79588 1.73389 1.29579 1.14152 1.12676 1.13721 1.13721 1.13721 1.13721 1.13721 1.13721 1.13721 1.13721 1.13721 1.13721 1.13721 1.13721 1.30591 1.44319 0.00000 0.00000 0.00000 0.00000 0.00000 0.00000 0.00000 0.00000 0.00000 0.00000 0.00000 0.00000 0.00000 0.00000
