High_resolution/powerplant/Fengdu/OMI_NO2_201110.asc
ncols      200
nrows      200
xllcorner       105.978
yllcorner       28.1831
cellsize     0.0166667
NODATA_Value      -999.000
[rows 90 to 119 of 200, columns 132 to 197 of 200]
0.00000 0.00000 0.00000 0.00000 0.00000 0.00000 0.00000 0.00000 0.00000 0.00000 0.00000 0.00000 0.00000 0.107409 0.107409 0.107409 0.107409 0.107409 0.107409 0.107409 0.107409 0.107409 0.218833 0.341918 0.345545 0.345545 0.345545 0.345545 0.345545 0.345545 0.345545 0.345545 0.345545 0.513714 0.583680 0.583680 0.583680 0.583680 0.583680 0.583680 0.583680 0.583680 0.583680 0.583680 0.583680 0.583680 0.583680 0.583680 0.573641 0.524079 1.43389 2.18663 2.30994 2.31174 2.29596 2.21615 2.21574 2.21574 2.21574 2.21574 2.21574 2.21574 2.21574 2.21574 2.21574 2.21574
0.00000 0.00000 0.00000 0.00000 0.00000 0.00000 0.00000 0.00000 0.00000 0.00000 0.107409 0.107409 0.107409 0.107409 0.107409 0.107409 0.107409 0.107409 0.107409 0.107409 0.107409 0.107409 0.148013 0.344348 0.345545 0.345545 0.345545 0.345545 0.345545 0.345545 0.345545 0.345545 0.345545 0.428649 0.583680 0.583680 0.583680 0.583680 0.583680 0.583680 0.583680 0.583680 0.583680 0.583680 0.581022 0.540031 0.486432 0.432833 0.389303 0.385275 0.992739 2.31174 2.31174 2.31174 2.31174 2.22789 2.21574 2.21574 2.21574 2.21574 2.21574 2.21574 2.21574 2.21574 2.21574 2.21574
0.00000 0.00000 0.00000 0.00000 0.00000 0.00000 0.00000 0.00000 0.00000 0.00000 0.107409 0.107409 0.107409 0.107409 0.107409 0.107409 0.107409 0.107409 0.107409 0.107409 0.107409 0.107409 0.107409 0.312270 0.345545 0.345545 0.345545 0.345545 0.345545 0.345545 0.345545 0.345545 0.345545 0.372993 0.583680 0.583680 0.583680 0.583680 0.583680 0.583680 0.583680 0.555963 0.502394 0.448785 0.397854 0.385275 0.385275 0.385275 0.385275 0.385275 0.454642 2.22446 2.31174 2.31174 2.31174 2.25041 2.21574 2.21574 2.21574 2.21574 2.21574 2.21574 2.21574 2.21574 2.21574 2.21574
0.00000 0.00000 0.00000 0.00000 0.00000 0.00000 0.00000 0.00000 0.00000 0.00000 0.00000 0.107409 0.107409 0.107409 0.107409 0.107409 0.107409 0.107409 0.107409 0.107409 0.107409 0.107409 0.107409 0.249853 0.345545 0.345545 0.345545 0.345545 0.345545 0.345545 0.345545 0.345545 0.355985 0.393063 0.573884 0.583680 0.583680 0.569831 0.518306 0.464736 0.411147 0.385275 0.385275 0.385275 0.385275 0.385275 0.385275 0.385275 0.385275 0.385275 0.385275 1.66740 2.31174 2.31174 2.31174 2.28476 2.21574 2.21574 2.21574 2.21574 2.21574 2.21574 2.21574 2.21574 2.20931 2.18779
0.00000 0.00000 0.00000 0.00000 0.00000 0.00000 0.00000 0.00000 0.00000 0.00000 0.00000 0.107409 0.107409 0.107409 0.107409 0.107409 0.107409 0.107409 0.107409 0.107409 0.107409 0.107409 0.107409 0.152666 0.344792 0.345545 0.345545 0.345545 0.356740 0.393458 0.443592 0.515210 0.581783 0.578918 0.534257 0.480668 0.427099 0.387359 0.385275 0.385275 0.385275 0.385275 0.385275 0.385275 0.385275 0.385275 0.385275 0.385275 0.385275 0.385275 0.385275 1.04188 2.31174 2.31174 2.31174 2.31170 2.22310 2.21574 2.21574 2.21572 2.20382 2.18167 2.14809 2.05017 1.94877 1.86248
0.00000 0.00000 0.00000 0.00000 0.00000 0.00000 0.00000 0.00000 0.00000 0.00000 0.00000 0.107409 0.107409 0.107409 0.107409 0.107409 0.107409 0.107409 0.107409 0.107409 0.107409 0.107409 0.107409 0.107409 0.326369 0.394648 0.445190 0.517387 0.582350 0.583263 0.550209 0.496620 0.443031 0.394204 0.385275 0.385275 0.385275 0.385275 0.385275 0.385275 0.385275 0.385275 0.385275 0.385275 0.385275 0.385275 0.385275 0.385275 0.385275 0.385275 0.385275 0.479296 2.24815 2.31174 2.31174 2.31174 2.22998 2.17554 2.14889 2.06059 1.96468 1.87902 1.80477 1.79486 1.79486 1.79486
0.00000 0.00000 0.00000 0.00000 0.00000 0.00000 0.00000 0.00000 0.00000 0.00000 0.00000 0.107409 0.107409 0.107409 0.107409 0.107409 0.107409 0.107409 0.107409 0.107409 0.107409 0.107409 0.107409 0.107409 0.581750 0.583680 0.565348 0.512572 0.458983 0.405810 0.385275 0.385275 0.385275 0.385275 0.385275 0.385275 0.385275 0.385275 0.385275 0.385275 0.385275 0.385275 0.385275 0.385275 0.385275 0.385275 0.385275 0.385275 0.385275 0.385275 0.385275 0.385275 1.71659 2.31174 2.31030 2.20337 2.01200 1.89556 1.81440 1.79486 1.79486 1.79486 1.79486 1.79486 1.79486 1.79486
0.00000 0.00000 0.00000 0.00000 0.00000 0.00000 0.00000 0.00000 0.00000 0.00000 0.00000 0.00000 0.107409 0.107409 0.107409 0.107409 0.107409 0.107409 0.107409 0.107409 0.107409 0.00000 0.00000 0.00000 0.511931 0.421470 0.386069 0.385275 0.385275 0.385275 0.385275 0.385275 0.385275 0.385275 0.385275 0.385275 0.385275 0.385275 0.385275 0.385275 0.385275 0.385275 0.385275 0.385275 0.385275 0.385275 0.385275 0.385275 0.385275 0.385275 0.385275 0.565766 1.41942 1.89375 1.72383 1.65931 1.66302 1.78960 1.79486 1.79486 1.79486 1.79486 1.79486 1.79486 1.79486 1.79486
0.00000 0.00000 0.00000 0.00000 0.00000 0.00000 0.00000 0.00000 0.00000 0.00000 0.00000 0.00000 0.107409 0.107409 0.107409 0.107409 0.107409 0.00000 0.00000 0.00000 0.00000 0.00000 0.00000 0.00000 0.00000 0.385275 0.385275 0.385275 0.385275 0.385275 0.385275 0.385275 0.385275 0.385275 0.385275 0.385275 0.385275 0.385275 0.385275 0.385275 0.385275 0.385275 0.385275 0.385275 0.385275 0.385275 0.385275 0.464462 0.879314 1.33210 1.78469 2.05690 2.03334 1.66787 1.65931 1.65931 1.65931 1.76438 1.79486 1.79486 1.79486 1.79486 1.79486 1.79486 1.79486 1.79486
0.00000 0.00000 0.00000 0.00000 0.00000 0.00000 0.00000 0.00000 0.00000 0.00000 0.00000 0.00000 0.00000 0.00000 0.00000 0.00000 0.00000 0.00000 0.00000 0.00000 0.00000 0.00000 0.00000 0.00000 0.00000 0.385275 0.385275 0.385275 0.385275 0.385275 0.385275 0.385275 0.385275 0.385275 0.385275 0.385275 0.385275 0.385275 0.385275 0.385275 0.385275 0.385275 0.385275 0.404193 0.742704 1.19539 1.64808 2.02158 2.05941 2.05941 2.05941 2.05941 2.05941 1.77047 1.65931 1.65931 1.65931 1.72606 1.79486 1.79486 1.79486 1.79486 1.79486 1.79486 1.79486 1.79486
0.00000 0.00000 0.00000 0.00000 0.00000 0.00000 0.00000 0.00000 0.00000 0.00000 0.00000 0.00000 0.00000 0.00000 0.00000 0.00000 0.00000 0.00000 0.00000 0.00000 0.00000 0.00000 0.00000 0.00000 0.00000 0.385275 0.385275 0.385275 0.385275 0.385275 0.385275 0.385275 0.385275 0.385275 0.385275 0.385275 0.385275 0.385275 0.385275 0.385275 0.606094 1.05861 1.51147 1.94507 2.05941 2.05941 2.05941 2.05941 2.05941 2.05941 2.05941 2.05941 2.05941 1.89916 1.65931 1.65931 1.65931 1.67202 1.79287 1.79486 1.79486 1.79486 1.79486 1.79486 1.79486 1.79486
0.00000 0.00000 0.00000 0.00000 0.00000 0.00000 0.00000 0.00000 0.00000 0.00000 0.00000 0.00000 0.00000 0.00000 0.00000 0.00000 0.00000 0.00000 0.00000 0.00000 0.00000 0.00000 0.00000 0.00000 0.00000 0.00000 0.385275 0.385275 0.385275 0.385275 0.385275 0.385275 0.385275 0.385275 0.385275 0.385275 0.491751 0.921837 1.37486 1.82738 2.05941 2.05941 2.05941 2.05941 2.05941 2.05941 2.05941 2.05941 2.05941 2.05941 2.05941 2.05941 2.05941 2.02354 1.66347 1.65931 1.65931 1.65931 1.77226 1.79486 1.79486 1.79486 1.79453 1.78269 1.76116 1.73674
0.00000 0.00000 0.00000 0.00000 0.00000 0.00000 0.00000 0.00000 0.00000 0.00000 0.00000 0.00000 0.00000 0.00000 0.00000 0.00000 0.00000 0.00000 0.00000 0.00000 0.00000 0.00000 0.00000 0.00000 0.00000 0.00000 0.385275 0.385275 0.385275 0.385275 0.385275 0.385275 0.418591 0.785227 1.23825 1.69060 2.03715 2.05941 2.05941 2.05941 2.05941 2.05941 2.05941 2.05941 2.05941 2.05941 2.05941 2.05941 2.05941 2.05941 2.05941 2.05941 2.05941 2.05941 1.75637 1.65931 1.65931 1.65931 1.73484 1.77724 1.75395 1.72455 1.68467 1.65931 1.65931 1.65931
0.00000 0.00000 0.00000 0.00000 0.00000 0.00000 0.00000 0.00000 0.00000 0.00000 0.00000 0.00000 0.00000 0.00000 0.00000 0.00000 0.00000 0.00000 0.00000 0.00000 0.00000 0.00000 0.00000 0.00000 0.00000 0.00000 0.385275 0.385275 0.386782 0.648618 1.10147 1.55399 1.97353 2.05941 2.05941 2.05941 2.05941 2.05941 2.05941 2.05941 2.05941 2.05941 2.05941 2.05941 2.05941 2.05941 2.05941 2.05941 2.05941 2.05941 2.05941 2.05941 2.05941 2.05941 1.88498 1.65931 1.65931 1.65931 1.65931 1.65931 1.65931 1.65931 0.00000 0.00000 0.00000 0.00000
0.00000 0.00000 0.00000 0.00000 0.00000 0.00000 0.00000 0.00000 0.00000 0.00000 0.00000 0.00000 0.00000 0.00000 0.00000 0.00000 0.00000 0.00000 0.00000 0.00000 0.00000 0.00000 0.00000 0.00000 0.00000 0.00000 0.00000 1.37629 1.86873 2.05941 2.05941 2.05941 2.05941 2.05941 2.05941 2.05941 2.05941 2.05941 2.05941 2.05941 2.05941 2.05941 2.05941 2.05941 2.05941 2.05941 2.05941 2.05941 2.05941 2.05941 2.05941 2.05941 2.05941 2.05593 1.83434 1.65539 1.65931 1.65931 0.00000 0.00000 0.00000 0.00000 0.00000 0.00000 0.00000 0.00000
0.00000 0.00000 0.00000 0.00000 0.00000 0.00000 0.00000 0.00000 0.00000 0.00000 0.00000 0.00000 0.00000 0.00000 0.00000 0.00000 0.00000 0.00000 0.00000 0.00000 0.00000 0.00000 0.00000 0.00000 0.00000 0.00000 0.00000 2.05941 2.05941 2.05941 2.05941 2.05941 2.05941 2.05941 2.05941 2.05941 2.05941 2.05941 2.05941 2.05941 2.05941 2.05941 2.05941 2.05941 2.05941 2.05941 2.05941 2.05941 2.05941 2.05941 1.95713 1.68259 1.40528 1.13134 1.03348 1.03348 0.00000 0.00000 0.00000 0.00000 0.00000 0.00000 0.00000 0.00000 0.00000 0.00000
0.00000 0.00000 0.00000 0.00000 0.00000 0.00000 0.00000 0.00000 0.00000 0.00000 0.00000 0.00000 0.00000 0.00000 0.00000 0.00000 0.00000 0.00000 0.00000 0.00000 0.00000 0.00000 0.00000 0.00000 0.00000 0.00000 0.00000 2.05941 2.05941 2.05941 2.05941 2.05941 2.05941 2.05941 2.05941 2.05941 2.05941 2.05941 2.05941 2.05941 2.05941 2.05941 2.05941 2.05941 2.05941 2.05941 2.01622 1.76610 1.48864 1.21117 1.03625 1.03348 1.03348 1.03348 1.03348 1.03348 0.00000 0.00000 0.00000 0.00000 0.00000 0.00000 0.00000 0.00000 0.00000 0.00000
0.00000 0.00000 0.00000 0.00000 0.00000 0.00000 0.00000 0.00000 0.00000 0.00000 0.00000 0.00000 0.00000 0.00000 0.00000 0.00000 0.00000 0.00000 0.00000 0.00000 0.00000 0.00000 0.00000 0.00000 0.00000 0.00000 0.00000 0.00000 2.05941 2.05941 2.05941 2.05941 2.05941 2.05941 2.05941 2.05941 2.05941 2.05941 2.05941 2.05941 2.05941 2.05941 2.05028 1.84951 1.57205 1.29468 1.06056 1.03348 1.03348 1.03348 1.03348 1.03348 1.03348 1.03348 1.03348 1.03348 1.03348 0.00000 0.00000 0.00000 0.00000 0.00000 0.00000 0.00000 0.00000 0.00000
0.00000 0.00000 0.00000 0.00000 0.00000 0.00000 0.00000 0.00000 0.00000 0.00000 0.00000 0.00000 0.00000 0.00000 0.00000 0.00000 0.00000 0.00000 0.00000 0.00000 0.00000 0.00000 0.00000 0.00000 0.00000 0.00000 0.00000 0.00000 2.05941 2.05941 2.05941 2.05941 2.05941 2.05941 2.05941 2.05941 2.05941 2.05941 2.05941 1.93271 1.65550 1.37809 1.11002 1.03348 1.03348 1.03348 1.03348 1.03348 1.03348 1.03348 1.03348 1.03348 1.03348 1.03348 1.03348 1.03348 1.03348 0.00000 0.00000 0.00000 0.00000 0.00000 0.00000 0.00000 0.00000 0.00000
0.00000 0.00000 0.00000 0.00000 0.00000 0.00000 0.00000 0.00000 0.00000 0.00000 0.00000 0.00000 0.00000 0.00000 0.00000 0.00000 0.00000 0.00000 0.00000 0.00000 0.00000 0.00000 0.00000 0.00000 0.00000 0.00000 0.00000 0.00000 2.05941 2.05941 2.05941 2.05941 2.05941 2.05941 2.05941 1.99981 1.73891 1.46160 1.18429 1.03379 1.03348 1.03348 1.03348 1.03348 1.03348 1.03348 1.03348 1.03348 1.03348 1.03348 1.03348 1.03348 1.03348 1.03348 1.03348 1.03348 1.03348 0.00000 0.00000 0.00000 0.00000 0.00000 0.00000 0.00000 0.00000 0.00000
0.00000 0.00000 0.00000 0.00000 0.00000 0.00000 0.00000 0.00000 0.00000 0.00000 0.00000 0.00000 0.00000 0.00000 0.00000 0.00000 0.00000 0.00000 0.00000 0.00000 0.00000 0.00000 0.00000 0.00000 0.00000 0.00000 0.00000 0.00000 2.05941 2.05941 2.05941 2.04197 1.82232 1.54501 1.26780 1.05000 1.03348 1.03348 1.03348 1.03348 1.03348 1.03348 1.03348 1.03348 1.03348 1.03348 1.03348 1.03348 1.03348 1.03348 1.03348 1.03348 1.03348 1.03348 1.03348 1.03348 1.03348 2.31444 2.31444 2.31444 2.31444 2.31444 0.00000 0.00000 0.00000 0.00000
0.00000 0.00000 0.00000 0.00000 0.00000 0.00000 0.00000 0.00000 0.00000 0.00000 0.00000 0.00000 0.00000 0.00000 0.00000 0.00000 0.00000 0.00000 0.00000 0.00000 0.00000 0.00000 0.00000 0.00000 0.00000 0.00000 0.00000 0.00000 0.00000 1.64007 1.35121 1.09134 1.03348 1.03348 1.03348 1.03348 1.03348 1.03348 1.03348 1.03348 1.03348 1.03348 1.03348 1.03348 1.03348 1.03348 1.03348 1.03348 1.03348 1.03348 1.03348 1.03348 1.03348 1.16508 1.36950 1.51209 1.61949 2.15896 2.31444 2.31444 2.31444 2.31444 0.00000 0.00000 0.00000 0.00000
0.00000 0.00000 0.00000 0.00000 0.00000 0.00000 0.00000 0.00000 0.00000 0.00000 0.00000 0.00000 0.00000 0.00000 0.00000 0.00000 0.00000 0.00000 0.00000 0.00000 0.00000 0.00000 0.00000 0.00000 0.00000 0.00000 0.00000 0.00000 0.00000 1.03348 1.03348 1.03348 1.03348 1.03348 1.03348 1.03348 1.03348 1.03348 1.03348 1.03348 1.03348 1.03348 1.03348 1.03348 1.03348 1.03348 1.03348 1.03348 1.03578 1.20134 1.39395 1.52988 1.63085 1.68900 1.71466 1.74029 1.76407 1.96758 2.31444 2.31444 2.31444 2.31444 0.00000 0.00000 0.00000 0.00000
0.00000 0.00000 0.00000 0.00000 0.00000 0.00000 0.00000 0.00000 0.00000 0.00000 0.00000 0.00000 0.00000 0.00000 0.00000 0.00000 0.00000 0.00000 0.00000 0.00000 0.00000 0.00000 0.00000 0.00000 0.00000 0.00000 0.00000 0.00000 0.00000 1.03348 1.03348 1.03348 1.03348 1.03348 1.03348 1.03348 1.03348 1.03348 1.03348 1.03348 1.03348 1.03348 1.03348 1.03348 1.04516 1.23519 1.41735 1.54685 1.64304 1.68204 1.70714 1.73278 1.75832 1.76900 1.76900 1.76900 1.76900 1.83384 2.31444 2.31444 2.31444 2.31444 2.31444 0.00000 0.00000 0.00000
0.00000 0.00000 0.00000 0.00000 0.00000 0.00000 0.00000 0.00000 0.00000 0.00000 0.00000 0.00000 0.00000 0.00000 0.00000 0.00000 0.00000 0.00000 0.00000 0.00000 0.00000 0.00000 0.00000 0.00000 0.00000 0.00000 0.00000 0.00000 0.00000 0.00000 1.03348 1.03348 1.03348 1.03348 1.03348 1.03348 1.03348 1.03348 1.03348 1.03348 1.05650 1.26722 1.43947 1.56319 1.65310 1.67717 1.69963 1.72526 1.75090 1.76846 1.76900 1.76900 1.76900 1.76900 1.76900 1.76900 1.76900 1.77009 2.20333 2.31444 2.31444 2.31444 2.31444 0.00000 0.00000 0.00000
0.00000 0.00000 0.00000 0.00000 0.00000 0.00000 0.00000 0.00000 0.00000 0.00000 0.00000 0.00000 0.00000 0.00000 0.00000 0.00000 0.00000 0.00000 0.00000 0.00000 0.00000 0.00000 0.00000 0.00000 0.00000 0.00000 0.00000 0.00000 0.00000 0.00000 1.03348 1.03348 1.03348 1.03348 1.03348 1.03348 1.03348 1.03348 1.03348 1.03348 1.14961 1.67259 1.69211 1.71775 1.74339 1.76581 1.76900 1.76900 1.76900 1.76900 1.76900 1.76900 1.76900 1.76900 1.76900 1.76900 1.76900 1.76900 1.98609 2.31444 2.31444 2.31444 2.31444 0.00000 0.00000 0.00000
0.00000 0.00000 0.00000 0.00000 0.00000 0.00000 0.00000 0.00000 0.00000 0.00000 0.00000 0.00000 0.00000 0.00000 0.00000 0.00000 0.00000 0.00000 0.00000 0.00000 0.00000 0.00000 0.00000 0.00000 0.00000 0.00000 0.00000 0.00000 0.00000 0.00000 1.03348 1.03348 1.03348 1.03348 1.03348 1.03348 1.03348 1.03348 1.05496 1.10605 1.15731 1.69444 1.76900 1.76900 1.76900 1.76900 1.76900 1.76900 1.76900 1.76900 1.76900 1.76900 1.76900 1.76900 1.76900 1.76900 1.76900 1.76900 1.84614 2.31444 2.31444 2.31444 2.31444 2.31444 0.00000 0.00000
0.00000 0.00000 0.00000 0.00000 0.00000 0.00000 0.00000 0.00000 0.00000 0.00000 0.00000 0.00000 0.00000 0.00000 0.00000 0.00000 0.00000 0.00000 0.00000 0.00000 0.00000 0.00000 0.00000 0.00000 0.00000 0.00000 0.00000 0.00000 0.00000 0.00000 0.00000 1.03348 1.03348 1.03348 1.04340 1.09102 1.14230 1.19356 1.22336 1.22355 1.22355 1.57606 1.76900 1.76900 1.76900 1.76900 1.76900 1.76900 1.76900 1.76900 1.76900 1.76900 1.76900 1.76900 1.76900 1.76900 1.76900 1.76900 1.77221 2.22852 2.12442 1.73793 1.35080 0.843471 0.00000 0.00000
0.00000 0.00000 0.00000 0.00000 0.00000 0.00000 0.00000 0.00000 0.00000 0.00000 0.00000 0.00000 0.00000 0.00000 0.00000 0.00000 0.00000 0.00000 0.00000 0.00000 0.00000 0.00000 0.00000 0.00000 0.00000 0.00000 0.00000 0.00000 0.00000 0.00000 0.00000 1.06853 1.12726 1.17856 1.21989 1.22355 1.22355 1.22355 1.22355 1.22355 1.22355 1.38150 1.76900 1.76900 1.76900 1.76900 1.76900 1.76900 1.76900 1.76900 1.76900 1.76900 1.76900 1.76900 1.76900 1.76674 1.64242 1.44918 1.25562 0.991706 0.704085 0.704085 0.704085 0.704085 0.00000 0.00000
0.00000 0.00000 0.00000 0.00000 0.00000 0.00000 0.00000 0.00000 0.00000 0.00000 0.00000 0.00000 0.00000 0.00000 0.00000 0.00000 0.00000 0.00000 0.00000 0.00000 0.00000 0.00000 0.00000 0.00000 0.00000 0.00000 0.00000 0.00000 0.00000 0.00000 0.00000 1.22355 1.22355 1.22355 1.22355 1.22355 1.22355 1.22355 1.22355 1.22355 1.22355 1.22388 1.72816 1.76900 1.76900 1.76900 1.76900 1.76900 1.76900 1.76900 1.76900 1.75925 1.61086 1.41762 1.22405 1.03150 0.930251 0.877472 0.801530 0.712768 0.704085 0.704085 0.704085 0.704085 0.00000 0.00000
