High_resolution/powerplant/Fengdu/OMI_NO2_200509.asc
ncols      200
nrows      200
xllcorner       105.978
yllcorner       28.1831
cellsize     0.0166667
NODATA_Value      -999.000
[rows 29 to 57 of 200, columns 0 to 65 of 200]
4.71384 4.73281 4.89317 3.88901 3.65683 3.65208 3.66221 3.64867 3.56959 3.54866 3.55676 3.56493 3.57268 3.57933 3.23920 3.03962 3.04609 3.05265 3.05907 3.05133 3.17047 3.31279 3.30700 3.30122 3.29553 3.23075 3.19763 3.17771 3.15408 3.20911 3.77897 3.86348 3.86206 3.86206 3.86206 3.86206 3.85720 3.84545 3.81839 3.80916 3.80365 3.80360 3.80360 3.80360 3.79719 3.75162 3.68720 3.55861 3.36793 3.17449 3.17449 3.17449 3.21825 3.28288 3.28288 3.24216 3.10098 3.10098 3.10098 3.09255 3.04081 2.98265 2.89849 2.96902 3.17178 3.38770
5.81302 5.10988 5.10988 4.07435 3.60415 3.55659 3.54758 3.50307 3.43212 3.42544 3.41879 3.41216 3.40590 3.40077 3.21932 2.92237 2.91959 2.91688 2.91418 2.90664 2.92225 3.14678 3.14258 3.12934 3.11612 3.05310 2.98371 2.98025 2.98025 2.98909 3.50615 3.86021 3.85596 3.84679 3.83762 3.82845 3.82414 3.82414 3.80711 3.80360 3.80278 3.76828 3.71633 3.66438 3.61883 3.61226 3.60281 3.55748 3.45015 3.18678 3.15749 3.11152 3.07487 3.08815 3.03011 2.97037 2.74701 2.67420 2.65173 2.77621 2.95807 3.14637 3.57607 4.01629 4.02945 4.02945
6.58973 5.10988 5.10988 4.30611 3.54270 3.45313 3.45313 3.44965 3.37596 3.37300 3.37300 3.37300 3.37300 3.37300 3.31624 2.91243 2.91243 2.91104 2.90422 2.89541 2.84771 3.03370 3.08743 3.08743 3.08743 3.05886 2.98025 2.98054 2.98945 3.00255 3.40453 3.79994 3.82414 3.82414 3.82414 3.82414 3.82414 3.80485 3.74249 3.68085 3.62975 3.60597 3.58932 3.57256 3.55573 3.53895 3.41168 3.20779 3.10564 2.86808 2.74246 2.74203 2.74203 2.74104 2.73251 2.72282 2.97513 3.33410 3.48658 3.50050 3.50050 3.50050 3.61258 4.02945 4.02945 4.02945
7.52755 5.19449 5.10988 4.60363 3.60075 3.45313 3.45313 3.45313 3.39624 3.37300 3.37300 3.37300 3.37291 3.36814 3.36078 2.95180 2.88549 2.87952 2.87898 2.87898 2.83759 2.94083 3.08743 3.08772 3.09555 3.09930 3.01602 3.02862 3.03271 3.03271 3.29003 3.77027 3.82027 3.79666 3.73330 3.66452 3.59579 3.54635 3.52424 3.49171 3.47494 3.46440 3.46427 3.46427 3.46427 3.46427 3.37631 3.05836 3.03260 2.92667 2.72776 2.71999 2.71224 2.70140 2.69547 2.69547 2.96722 3.50050 3.50050 3.50050 3.50050 3.50050 3.54468 4.20031 4.39690 4.56865
7.61669 5.64439 5.10988 4.95634 3.67615 3.45196 3.45313 3.45313 3.41962 3.36412 3.35676 3.34941 3.34214 3.33955 3.33955 3.05400 2.87898 2.87898 2.87898 2.87939 2.86394 2.87199 3.11493 3.12906 3.13283 3.13354 3.05027 3.03570 3.03653 3.03647 3.15924 3.54171 3.53532 3.49020 3.48481 3.48481 3.48481 3.48481 3.48459 3.46582 3.46427 3.46427 3.46427 3.46413 3.45775 3.44806 3.43106 3.04192 2.99993 2.97929 2.71627 2.74830 2.89425 2.99539 2.69547 2.69547 2.74456 3.48528 3.51637 3.66015 3.83184 4.00353 4.14002 4.53611 4.68003 4.68003
7.61669 6.33316 5.10988 5.10919 3.84625 3.44118 3.42883 3.42000 3.40851 3.34120 3.33955 3.33955 3.33955 3.33955 3.33955 3.16975 2.88983 2.90371 2.91757 2.93105 2.92739 2.88125 3.07687 3.13805 3.13832 3.13832 3.06447 2.99083 2.95617 2.92243 2.97942 3.39631 3.50407 3.48481 3.48481 3.48481 3.48481 3.48481 3.48481 3.46479 3.44971 3.44000 3.43031 3.42076 3.41744 3.41744 3.41744 3.20015 3.23756 3.33608 3.28572 3.28943 3.28574 3.27602 2.71870 2.74083 2.90282 3.66565 4.01595 4.03411 4.02436 4.01463 4.00493 4.25218 4.51442 4.50472
7.61669 7.32904 5.06491 5.01570 4.00410 3.44988 3.41299 3.40832 3.37891 3.29945 3.25588 3.22881 3.21091 3.19635 3.18173 3.14305 2.93840 2.93836 2.93836 2.93836 2.93836 2.89165 2.99059 3.10591 3.07623 3.04653 2.98313 2.91207 2.91207 2.91207 2.92060 3.32650 3.54621 3.48481 3.47843 3.45194 3.42401 3.39610 3.36814 3.37569 3.41744 3.41744 3.41759 3.51953 3.70688 3.89410 4.08146 3.99784 3.70279 3.42289 3.32582 3.20576 3.34316 3.48046 3.32339 3.10994 3.10994 3.47273 3.91497 3.91497 3.91497 3.91497 3.91497 4.04387 4.44392 4.44392
7.44788 7.27388 5.11502 4.67232 3.91364 3.23394 3.17879 3.15020 3.14710 3.15349 3.17408 3.19764 3.21196 3.22304 3.23406 3.24512 3.05599 3.03564 3.04668 3.05774 3.06878 3.04974 3.04753 3.17271 3.18926 3.20408 3.16470 2.94339 2.94963 2.95532 2.94957 3.20724 3.47623 3.37687 3.35533 3.35387 3.35387 3.35387 3.35697 3.48632 3.73192 3.92034 4.10751 4.19280 4.19280 4.19280 4.19280 4.09696 3.77004 3.42071 3.41448 3.64686 3.65643 3.65643 3.53443 3.10994 3.10994 3.23472 3.91497 3.91497 3.91497 3.91497 3.91497 3.94561 4.35317 4.28485
6.28437 6.28437 5.11573 4.34337 4.02501 3.43596 3.60675 3.63713 3.66703 3.68002 3.62903 3.64162 3.65512 3.66871 3.68265 3.69664 3.55170 3.46393 3.47709 3.49030 3.50359 3.50143 3.46612 3.52636 3.54853 3.54397 3.52485 3.24664 3.22038 3.20324 3.19894 3.31413 3.48276 3.36721 3.36372 3.50840 3.69573 3.88298 4.06713 4.12923 4.17689 4.19280 4.19280 4.19225 4.18641 4.17925 4.17209 4.15687 3.77602 3.47059 3.40175 3.57431 3.65643 3.65643 3.67293 3.25305 3.27778 3.34660 4.10694 4.28897 4.35765 4.41176 4.41409 4.39753 3.70344 3.43295
0.00000 6.28437 5.84570 4.34444 4.28630 3.68583 3.97472 3.99572 3.99572 3.99572 3.88459 3.85400 3.85400 3.85400 3.85400 3.85400 3.75395 3.57608 3.57608 3.57608 3.58793 3.63488 3.48368 3.47140 3.49663 3.48823 3.48823 3.27082 3.19894 3.19894 3.20179 3.31023 3.55563 3.79311 4.08667 4.12923 4.12923 4.12923 4.12923 4.12921 4.15377 4.18147 4.17431 4.16770 4.16638 4.16821 4.17149 4.17477 4.04798 3.82616 3.71746 3.86076 4.08198 4.13698 4.16749 3.92310 3.75434 3.78529 4.15354 4.33091 4.25994 4.20347 4.21327 4.32175 4.05376 3.83399
0.00000 6.28437 6.28437 4.53346 4.34337 3.75271 3.91764 3.99572 3.99572 3.99572 3.92797 3.85400 3.85400 3.85400 3.85400 3.85540 3.86104 3.66388 3.71413 3.76457 3.80317 3.80567 3.54814 3.41254 3.48694 3.48823 3.49098 3.36941 3.27337 3.31223 3.34845 3.39825 3.63945 3.80862 4.12923 4.12923 4.12832 4.12460 4.12072 4.11687 4.12702 4.18399 4.18727 4.19055 4.19383 4.19529 4.19529 4.19529 4.29610 4.20446 3.91286 3.92760 4.18359 4.21935 4.24667 4.16560 3.91055 3.91373 4.02954 4.35411 4.46516 4.56536 4.64681 4.65923 4.47922 3.97844
0.00000 6.28437 6.28437 4.96103 4.34337 3.86018 3.85286 3.99572 3.99572 3.99572 3.97724 3.87033 3.91902 3.96946 4.01988 4.06894 4.08359 3.84572 3.80567 3.80567 3.80567 3.80567 3.67216 3.44142 3.53380 3.58340 3.61322 3.53780 3.36882 3.38300 3.39716 3.41734 3.68819 3.70939 4.11095 4.13484 4.13188 4.13172 4.13172 4.13172 4.13172 4.18616 4.19529 4.19529 4.19529 4.19529 4.19613 4.22003 4.30510 4.40869 4.01462 4.03979 4.21943 4.29946 4.30744 4.31167 4.24278 4.35437 4.43362 4.64782 4.65923 4.64838 4.60137 4.55154 4.47105 3.82059
0.00000 6.28437 6.28437 5.60323 4.34337 3.98577 3.78387 4.04873 4.11181 4.17483 4.23788 4.11900 4.08359 4.08359 4.08359 4.08359 4.08359 3.91572 3.80964 3.84780 3.90059 3.95386 3.97873 3.63112 3.65658 3.69369 3.70550 3.68774 3.47484 3.47116 3.46544 3.45971 3.66477 3.69134 3.97324 4.13172 4.13172 4.13172 4.13172 4.13172 4.13172 4.16733 4.21414 4.24829 4.28246 4.31662 4.34990 4.36019 4.36692 4.55702 4.08774 4.07302 4.18119 4.36317 4.37318 4.38623 4.44666 4.47851 4.45573 4.58094 4.62336 4.60406 4.62082 4.64040 4.66003 4.16000
0.00000 0.00000 6.28437 6.26122 4.71395 4.51696 4.06012 4.28029 4.28271 4.28271 4.28271 4.17918 4.08063 4.07851 4.08076 4.11229 4.14912 4.12585 4.06631 4.08143 4.08164 4.08164 4.08164 3.78445 3.68426 3.71589 3.71179 3.70661 3.47920 3.45376 3.45376 3.45376 3.60524 3.70145 3.83436 4.12736 4.12532 4.14141 4.19991 4.25892 4.31658 4.35479 4.32001 4.31607 4.31220 4.30896 4.31884 4.33401 4.34886 4.49324 4.50929 4.52836 4.56198 4.81325 4.80477 4.76150 4.73429 4.72502 4.71752 4.80600 4.94562 4.94562 4.94562 4.94562 4.94562 4.58705
0.00000 0.00000 6.28437 6.28028 5.24448 4.85045 4.06034 4.23781 4.26847 4.26582 4.26404 4.24020 4.14465 4.18349 4.21677 4.20519 4.18351 4.14755 3.99890 3.97747 3.95584 3.93451 3.91296 3.71457 3.46948 3.49189 3.48852 3.47066 3.49342 3.52339 3.52695 3.53042 3.62513 3.80905 3.86066 4.23981 4.30553 4.34341 4.34498 4.34498 4.34498 4.34482 4.29816 4.31209 4.32981 4.34706 4.35223 4.35223 4.35223 4.43632 4.55892 4.60749 4.61708 4.65772 4.65936 4.65936 4.66440 4.71691 4.71752 4.73994 4.94455 4.94562 4.94562 4.94562 4.94562 4.74823
0.00000 0.00000 6.20476 6.19988 5.58510 4.87506 4.11071 3.94888 3.90499 3.89756 3.88811 3.86062 3.77899 3.73773 3.70905 3.69537 3.68604 3.67686 3.55617 3.52838 3.52006 3.51189 3.50372 3.44475 3.12920 3.16593 3.21946 3.21428 3.30421 3.41108 3.44408 3.47680 3.55503 3.82482 3.99072 4.23555 4.34498 4.34742 4.36316 4.38090 4.39862 4.41508 4.37428 4.35223 4.35223 4.35223 4.35418 4.36314 4.37272 4.42641 4.57335 4.62899 4.62899 4.64009 4.65936 4.65936 4.65936 4.70379 4.70488 4.68149 4.84065 4.86283 4.83939 4.81602 4.79036 4.73336
0.00000 0.00000 6.03122 5.90480 5.58717 4.76741 4.23759 3.71003 3.56185 3.56185 3.56185 3.56185 3.53473 3.50755 3.50755 3.50755 3.50755 3.50755 3.43623 3.38935 3.38935 3.38935 3.38935 3.39430 3.15999 3.16610 3.28656 3.32570 3.37696 3.47719 3.47719 3.47719 3.48417 3.73460 3.92531 4.05445 4.40118 4.41649 4.41848 4.41848 4.41848 4.41848 4.39449 4.36018 4.36976 4.37934 4.38697 4.38760 4.38940 4.43598 4.51897 4.56253 4.53931 4.51778 4.52211 4.49949 4.47610 4.47898 4.50010 4.51321 4.64977 4.70397 4.69262 4.68127 4.67221 4.66834
4.39688 4.39688 4.39688 5.21136 5.29835 4.84717 4.37552 3.80653 3.56185 3.56185 3.56185 3.56185 3.55212 3.50755 3.50755 3.50755 3.50755 3.50755 3.46712 3.40236 3.41759 3.43284 3.44810 3.45838 3.35288 3.26312 3.31972 3.33952 3.34801 3.46789 3.42849 3.38484 3.34133 3.48370 3.71915 3.79580 4.40819 4.41848 4.41848 4.42347 4.46280 4.52643 4.58420 4.58031 4.63380 4.68799 4.74210 4.79620 4.84859 4.86344 4.44935 4.40087 4.41158 4.41158 4.43990 4.51173 4.58702 4.67035 4.79568 4.85785 4.82299 4.66495 4.64785 4.63060 4.61335 4.59921
4.39688 4.39688 4.39688 5.05203 5.29835 5.01145 4.52822 3.90632 3.56903 3.56185 3.56185 3.56185 3.56182 3.51521 3.51371 3.52889 3.54307 3.55486 3.55378 3.45052 3.44798 3.44559 3.44328 3.44096 3.39494 3.24673 3.23511 3.24064 3.20065 3.27297 3.28946 3.28189 3.23326 3.29302 3.59339 3.98292 4.54687 4.78280 4.84649 4.90519 4.92969 4.92969 4.92969 4.87822 4.86344 4.86344 4.86344 4.86344 4.86344 4.86602 4.63659 4.51693 4.61960 4.69488 4.77474 4.80599 4.80586 4.79061 4.82306 4.81869 4.79995 4.61466 4.59784 4.59784 4.56016 4.46693
4.39688 4.39688 4.39688 4.83084 5.29835 5.21828 4.68724 3.99648 3.59108 3.56336 3.56077 3.54598 3.55645 3.54110 3.52437 3.52167 3.51982 3.51977 3.51977 3.43365 3.41846 3.40906 3.36788 3.29019 3.18640 2.94046 2.87583 2.93029 2.88219 2.90625 2.90102 2.85130 2.82064 2.88290 3.23542 4.25643 4.54549 4.92969 4.92969 4.92969 4.92969 4.92969 4.92969 4.89794 4.86384 4.90851 4.98379 5.05918 5.13432 5.20706 5.07304 4.73168 4.77485 4.75640 4.73275 4.73465 4.70960 4.69912 4.74615 4.79053 4.76821 4.55789 4.39187 4.29617 4.23807 4.23551
4.39688 4.39688 4.39688 4.51719 5.29482 5.29835 4.84172 4.18645 3.70329 3.62883 3.61945 3.56631 3.56631 3.55610 3.51769 3.47518 3.41739 3.35016 3.25093 3.08088 2.93226 2.83998 2.77977 2.75573 2.75573 2.64830 2.58811 2.69883 2.74289 2.79763 2.87533 2.87823 2.83992 2.86820 3.03036 4.18169 4.33545 4.92767 4.92969 4.92969 4.92465 4.91681 4.90903 4.93030 5.14386 5.16268 5.15102 5.13933 5.12567 5.09294 5.02443 4.53191 4.64597 4.63658 4.63451 4.65430 4.64973 4.56649 4.48943 4.46635 4.39291 4.32160 4.19230 4.19228 4.19228 4.19228
4.39688 4.39688 4.39688 4.39688 5.20394 5.29835 5.03231 4.27624 3.66710 3.44339 3.37578 3.29075 3.23236 3.17063 3.03008 2.96118 2.91753 2.88388 2.88164 2.83757 2.75563 2.75476 2.75372 2.75268 2.75164 2.69334 2.58194 2.65004 2.75422 2.76654 2.79974 2.79245 2.73846 2.72467 2.84418 3.72242 4.05920 4.58881 4.71644 4.70861 4.70588 4.70594 4.70594 4.70650 4.94959 4.95863 4.93286 4.90711 4.88335 4.87864 4.87864 4.46289 4.61640 4.72693 4.88133 4.78176 4.30603 4.29356 4.29389 4.37488 4.38498 4.37309 4.19575 4.19228 4.19228 4.19228
4.39688 4.39688 4.39688 4.39688 4.22445 3.92271 3.74846 3.55552 3.20295 3.07703 3.05769 3.05200 3.03923 3.02560 2.93237 2.86542 2.86579 2.86615 2.86650 2.85386 2.73800 2.73860 2.73951 2.74049 2.74147 2.73161 2.57002 2.57972 2.74851 2.75343 2.74008 2.74205 2.70540 2.68260 2.81841 3.40314 4.03307 4.35843 4.70594 4.70594 4.69976 4.67522 4.64946 4.62371 4.76716 4.87864 4.87864 4.87864 4.87864 4.94003 5.09359 4.95279 5.08629 5.18864 5.18864 5.11886 4.30793 4.29356 4.29356 4.34692 4.38498 4.38480 4.21209 4.11624 4.06839 4.02046
4.39688 4.39688 4.39688 4.39688 4.06196 3.67139 3.62385 3.55948 3.16959 3.08725 3.08195 3.09459 3.10514 3.10812 3.05974 2.92195 2.92195 2.92195 2.92195 2.92195 2.79709 2.77505 2.77505 2.77505 2.77505 2.77505 2.63119 2.58400 2.73189 2.78823 2.77861 2.77553 2.74984 2.70860 2.82204 3.12982 4.05567 4.22780 4.64564 4.61987 4.60029 4.59907 4.59907 4.59907 4.68181 4.90480 5.04576 5.20024 5.35471 5.44774 5.44865 5.28329 5.07423 5.14433 5.09640 5.04851 4.34466 4.05760 4.00967 3.98670 4.00512 3.95741 3.84443 3.68358 3.62972 3.57586
4.39688 4.38896 4.29946 4.18858 4.01289 3.47191 3.46127 3.55566 3.16282 3.11462 3.09461 3.09902 3.10837 3.10837 3.10539 2.93586 2.92195 2.92195 2.92195 2.92195 2.83414 2.77527 2.77734 2.77983 2.78231 2.78479 2.70160 2.59468 2.67359 2.79183 2.78300 2.77553 2.78083 2.78844 2.93524 3.16142 4.26085 4.32967 4.55959 4.59907 4.59907 4.60477 4.71843 4.87265 5.03144 5.41012 5.42541 5.41696 5.40849 5.40003 5.39158 5.32160 4.58718 4.74107 4.74107 4.74107 4.37982 3.85469 3.92411 4.00702 4.17185 4.25823 4.18160 3.47542 3.39665 3.24018
4.08846 3.98547 3.96409 3.96409 3.96409 3.51829 3.46127 3.52196 3.22980 3.12750 3.09461 3.09571 3.10831 3.10837 3.10837 2.99240 2.92195 2.92311 2.92559 2.92807 2.87950 2.78591 2.78329 2.77123 2.75848 2.74587 2.70587 2.52888 2.54987 2.77813 2.81928 2.85034 2.87451 2.94952 3.00333 3.23674 4.02265 4.30827 4.51673 4.78686 4.93281 5.07312 5.10543 5.09721 5.09481 5.29183 5.37438 5.37438 5.37438 5.37438 5.37438 5.37438 4.68089 4.80657 4.88751 4.96837 4.97153 4.23766 4.23795 4.23935 4.22449 4.05157 3.89457 2.99408 2.87621 2.97650
3.96409 3.96409 3.96409 3.96409 3.96409 3.59857 3.43873 3.43017 3.28340 3.12862 3.08419 3.08241 3.01978 2.99292 2.98274 2.91607 2.77590 2.76450 2.75184 2.73912 2.71194 2.56708 2.55721 2.55661 2.57737 2.63816 2.70394 2.65419 2.72880 2.91580 3.01487 3.05488 3.10926 3.33327 3.49380 4.01308 4.36347 4.74248 4.88566 5.09481 5.09481 5.09481 5.09481 5.09481 5.09481 5.20919 5.37438 5.37532 5.42730 5.50816 5.58914 5.67000 5.22775 5.11896 5.13303 5.13642 5.17185 4.54770 4.36336 4.40529 4.17608 3.75103 3.80674 3.44209 3.18191 3.19494
3.53210 3.51109 3.49152 3.47323 3.45606 3.38500 3.28394 3.28393 3.24688 3.11321 3.07543 3.07587 2.96056 2.88993 2.88993 2.88395 2.71257 2.70351 2.71172 2.75060 2.81416 2.85177 2.97040 3.09568 3.19975 3.26418 3.32369 3.23300 3.14526 3.19201 3.27036 3.34239 3.45105 3.71351 3.95621 4.32094 4.49875 4.82536 4.82730 5.06854 5.09481 5.09481 5.09481 5.09607 5.09916 5.14790 5.65748 5.74726 5.78582 5.79537 5.80492 5.82074 5.56848 5.22640 5.36101 5.41604 5.43679 5.03464 4.45708 4.49577 4.53140 3.89761 3.89332 3.66540 3.07871 3.07058
3.44668 3.44668 3.44668 3.44367 3.42034 3.38830 3.26537 3.25881 3.26239 3.12258 3.09852 3.12753 3.09300 3.02264 3.06441 3.10614 3.04315 3.08663 3.18152 3.24616 3.28615 3.31680 3.33691 3.33691 3.33691 3.33691 3.33562 3.28040 3.12535 3.13466 3.59933 3.66825 3.70048 3.80460 4.03330 4.31134 4.52023 4.91636 4.94744 5.12012 5.24191 5.25462 5.26730 5.27871 5.28827 5.29780 5.84364 5.97412 6.01526 6.05855 6.10187 6.13884 6.06174 5.42259 5.61730 5.61125 5.56174 5.40403 4.56512 4.57628 4.64477 4.10167 3.89079 3.86107 3.06972 3.03684
