High_resolution/powerplant/Fengdu/OMI_NO2_201111.asc
ncols      200
nrows      200
xllcorner       105.978
yllcorner       28.1831
cellsize     0.0166667
NODATA_Value      -999.000
[rows 90 to 119 of 200, columns 66 to 131 of 200]
7.31024 7.31024 7.31024 7.31024 7.27736 6.24412 6.19947 6.19947 6.19947 6.19947 6.19947 6.19947 5.61484 4.92158 4.92158 4.92158 4.86723 4.65726 4.65726 4.65726 4.84132 5.40153 5.40153 5.42007 5.51502 5.61804 5.71180 5.78407 5.82517 5.79624 5.75947 5.72586 5.70773 5.70763 5.70763 5.70763 5.26953 5.11886 5.11886 5.11807 4.77822 4.75011 4.75011 4.75011 4.75011 4.75011 4.75011 4.31181 3.93522 3.93522 3.93522 4.13377 4.55325 4.55325 4.55325 4.55325 4.55325 4.55325 4.55325 4.55325 4.55325 4.53618 4.40253 4.24700 3.87901 0.860954
7.31024 7.31024 7.31024 7.31024 7.31024 6.51971 6.19947 6.19947 6.19947 6.19947 6.19947 6.19947 5.98849 4.92158 4.92158 4.92158 4.91523 4.66491 4.66693 4.75351 4.88670 5.64211 5.73972 5.79260 5.76924 5.73761 5.71551 5.71474 5.71474 5.71474 5.71164 5.70763 5.70763 5.70763 5.70763 5.70763 5.42967 5.11886 5.11886 5.11886 4.85392 4.75011 4.75011 4.75011 4.75011 4.75011 4.75011 4.54554 3.93522 3.93522 3.93522 3.99767 4.55325 4.55325 4.55325 4.55325 4.52320 4.37889 4.22320 4.06775 3.91230 3.77376 3.75197 3.75197 4.34689 5.57549
7.31024 7.31024 7.31024 7.31024 7.31024 6.82828 6.19947 6.19947 6.19947 6.19947 6.19947 6.19947 6.19870 5.08874 5.00267 5.16025 5.33954 5.31170 5.42464 5.51740 5.57977 5.67573 5.71474 5.71474 5.71474 5.71474 5.71474 5.71474 5.71474 5.71474 5.71366 5.70763 5.70763 5.70763 5.70763 5.70763 5.59012 5.11886 5.11886 5.11886 4.93042 4.75011 4.75011 4.75011 4.75011 4.75011 4.75011 4.73373 3.98077 3.93522 3.93522 3.90411 4.25636 4.19948 4.04403 3.88851 3.76303 3.75197 3.75197 3.75197 3.75197 3.75197 3.75197 3.75197 3.97712 5.57549
7.31024 7.31024 7.31024 7.31024 7.31024 7.13685 6.19947 6.19947 6.19947 6.36645 6.73307 7.10026 7.46740 6.59715 5.82826 5.85011 5.85011 5.69841 5.58579 5.58579 5.58579 5.64029 5.71474 5.71474 5.71474 5.71474 5.71474 5.71474 5.71474 5.71474 5.71474 5.70862 5.70763 5.70763 5.70763 5.70763 5.70322 5.16584 5.11886 5.11886 5.00680 4.75011 4.75011 4.75011 4.75011 4.75011 4.75288 4.76039 4.04155 3.57993 3.47624 3.40370 3.57741 3.75197 3.75197 3.75197 3.75197 3.75197 3.75197 3.75197 3.75197 3.75197 3.75197 3.75197 3.76196 5.02988
7.31024 7.31024 7.31024 7.31941 7.45950 7.82255 7.20116 7.42755 7.79442 7.99472 7.99524 7.99524 7.99524 7.37992 5.85011 5.85011 5.85011 5.75415 5.58579 5.58579 5.58579 5.60471 5.71474 5.71474 5.71474 5.71474 5.71474 5.71474 5.71474 5.71474 5.71474 5.71064 5.70763 5.70763 5.70763 5.70763 5.70763 5.32187 5.11886 5.11886 5.08326 4.75280 4.76031 4.76789 4.76791 4.75412 4.73669 4.70774 4.12320 3.23560 3.19248 3.15013 3.20071 3.44572 3.41225 3.38000 3.34663 3.31429 3.28083 3.24867 3.21521 3.18296 3.14940 3.11725 3.08378 3.34293
7.77867 8.15821 8.53775 8.90812 9.14743 9.16355 8.46242 7.99524 7.99524 7.99524 7.99524 7.99524 7.99524 7.92310 5.93528 5.85011 5.85011 5.80989 5.58579 5.58590 5.61514 5.66151 5.82009 5.88299 5.92944 5.97611 6.02245 6.06867 6.11501 6.16157 6.20813 6.25241 6.29359 6.33993 6.38660 6.43305 6.48196 6.31004 6.00084 6.05524 6.10916 4.44349 4.17128 4.12887 4.09336 4.07232 4.05147 4.03812 3.88963 2.65452 2.65091 2.65091 2.65921 2.81241 2.81456 2.81456 2.81456 2.81456 2.81456 2.81456 2.81456 2.81456 2.81456 2.81456 2.81456 2.93471
9.21388 9.24900 9.28404 9.31916 9.35421 9.38932 9.04803 8.29117 8.32636 8.36148 8.39652 8.43157 8.46669 8.50173 7.03276 6.42684 6.46203 6.49633 6.61728 6.67154 6.68909 6.68909 6.76603 6.81803 6.81803 6.81803 6.81803 6.81803 6.81803 6.81803 6.81803 6.87673 6.83898 6.82848 6.83606 6.86428 6.93406 6.92468 6.19117 6.16909 6.14823 4.70537 4.03790 4.03790 4.03790 4.03790 4.03790 4.03790 4.03790 2.90400 2.65091 2.65091 2.65091 2.76946 2.81456 2.81456 2.81456 2.81456 2.81456 2.81456 2.81456 2.81456 2.81456 2.81456 2.81456 2.85264
9.88464 9.88464 9.88464 9.88464 9.88464 9.88464 9.81450 8.73526 8.71633 8.71633 8.71633 8.71633 8.71633 8.71633 7.84047 6.57120 6.57120 6.57120 6.65665 6.68909 6.68909 6.68909 6.73058 6.81803 6.81803 6.81803 6.85678 7.03591 7.22790 7.43333 7.68713 7.88643 7.31500 7.12259 7.18881 7.23444 7.23587 7.23587 6.31258 6.13488 6.13488 5.13852 4.03790 4.03790 4.03790 4.03790 4.03790 4.03790 4.03790 3.30085 2.65091 2.65091 2.65091 2.72112 2.81456 2.81456 2.81456 2.81456 2.81456 2.81456 2.81456 2.81456 2.81456 2.81456 2.82111 2.87465
9.88464 9.88464 9.88464 9.88464 9.88464 9.88464 9.88464 8.99027 8.71633 8.71633 8.71633 8.71633 8.71633 8.71633 8.46527 6.57464 6.57120 6.57120 6.63182 6.68909 6.68909 6.71181 6.88651 7.20518 7.45642 7.71455 7.93414 8.01312 8.07927 8.13218 8.13659 8.13659 7.75535 7.23587 7.23587 7.23587 7.23587 7.23587 6.61227 6.13488 6.13488 5.57207 4.03790 4.03790 4.03790 4.03790 4.03790 4.03790 4.03790 3.69900 2.65091 2.65091 2.65091 2.68225 2.81456 2.81456 2.81456 2.81456 2.81456 2.82583 2.88363 2.94640 3.00923 3.07194 3.12822 3.13746
9.88464 9.88464 9.88464 9.88464 9.88464 9.88464 9.88464 9.31503 8.71633 8.71633 8.71633 8.71633 8.71633 8.71633 8.71633 6.95175 6.58220 6.73386 7.06176 7.49333 7.84244 8.16910 8.35165 8.20839 8.13659 8.13659 8.13659 8.13659 8.13659 8.13659 8.13659 8.13659 8.01610 7.23605 7.23587 7.23587 7.23587 7.23587 6.91207 6.13488 6.13488 5.99708 4.04670 4.03790 4.03790 4.03790 4.03790 4.03790 4.03790 4.01293 2.73357 2.65091 2.65091 2.65429 2.82283 2.89260 2.95537 3.01818 3.08095 3.13245 3.13746 3.13746 3.13746 3.13746 3.13746 3.13746
9.88464 9.88464 9.88464 9.88464 9.88464 9.88464 9.88464 9.64000 8.71633 8.71633 8.71633 8.71655 8.81982 9.06686 9.31701 8.62822 8.13725 8.33470 8.40326 8.50982 8.50985 8.50985 8.50985 8.32360 8.13659 8.13659 8.13659 8.13659 8.13659 8.13659 8.13659 8.13659 8.13659 7.37647 7.23587 7.23587 7.23587 7.23587 7.18523 6.16108 6.13488 6.13488 4.34294 4.03790 4.03790 4.03790 4.03790 4.03790 4.03790 3.97029 3.05698 2.75077 2.79262 2.83451 3.03783 3.13746 3.13746 3.13746 3.13746 3.13746 3.13746 3.13746 3.13746 3.13746 3.13746 3.13746
9.88464 9.88464 9.88464 9.88464 9.88464 9.88464 9.89978 10.0688 9.23720 9.39102 9.64122 9.89124 10.0386 10.0417 10.0417 9.64698 8.39196 8.39196 8.39196 8.49612 8.50985 8.50985 8.50985 8.42571 8.13659 8.13659 8.13659 8.13659 8.13659 8.13659 8.13659 8.13639 8.09812 7.57961 7.19780 7.18554 7.17441 7.17072 7.23569 6.41057 6.13488 6.13488 4.77603 4.03790 3.97029 3.78320 3.59383 3.40446 3.21509 3.09333 2.98690 2.77342 2.69320 2.60511 2.72464 3.10934 3.09824 3.08675 3.07474 3.06232 3.04933 3.03592 3.02177 3.00719 2.99178 2.97591
9.88464 9.95616 10.1496 10.4142 10.6927 10.9712 11.2347 11.3340 10.4892 10.0417 10.0417 10.0417 10.0417 10.0417 10.0417 10.0169 8.50232 8.39196 8.39196 8.47134 8.50985 8.50985 8.50985 8.50449 8.15999 8.13659 8.10811 8.03833 7.95838 7.88402 7.81512 7.75084 7.71068 7.49399 6.92773 6.89275 6.85705 6.82052 6.73497 5.95242 4.94820 4.62424 3.81298 3.07433 2.88118 2.76438 2.64168 2.51563 2.38509 2.24983 2.10269 1.77381 1.73987 1.72918 1.81768 2.57425 2.57425 2.57425 2.57425 2.57425 2.57425 2.57425 2.57425 2.57425 2.57425 2.57425
11.0305 11.2376 11.3226 11.3367 11.3367 11.3429 11.3938 11.4531 11.0229 10.2770 10.3363 10.3957 10.4553 10.5148 10.5740 10.6334 9.60911 9.10252 9.16181 8.79464 8.17114 8.64659 9.09635 7.79212 7.37591 7.19278 7.14613 7.11973 7.11915 7.11915 7.11915 7.11915 7.11915 7.09682 6.19748 5.96563 5.77626 5.58689 4.99275 3.79596 2.52232 2.40327 2.28358 2.16367 2.07233 2.06650 2.06650 2.06650 2.06650 2.06650 2.06650 1.79182 1.72918 1.72918 1.73155 2.44184 2.57425 2.57425 2.57425 2.57425 2.57425 2.57425 2.57425 2.57425 2.57425 2.57425
12.2569 12.3163 12.3759 12.4350 12.4948 12.5480 12.5565 12.5565 12.4218 11.2646 11.2615 11.2615 11.2615 11.2615 11.2748 11.4606 11.1339 10.4606 10.7057 10.7633 10.3479 10.3640 10.3640 8.19808 7.34152 7.11915 7.11915 7.11915 7.11915 7.07130 6.87425 6.66642 6.43472 6.05808 5.15306 4.69367 4.50091 4.30838 3.86310 2.74374 2.11746 2.06650 2.06650 2.06650 2.06650 2.06650 2.06650 2.06650 2.06650 2.06650 2.06650 1.88782 1.72918 1.72918 1.72918 2.13746 2.57425 2.57425 2.57425 2.57425 2.57425 2.57425 2.57425 2.57425 2.57425 2.57425
12.5565 12.5565 12.5565 12.5565 12.5565 12.5565 12.5565 12.5565 12.5565 11.5982 11.6048 11.8082 11.9916 12.1580 12.3017 12.3346 12.2315 11.1080 11.0974 11.0695 10.3739 10.3640 10.3640 8.98320 7.41471 6.90568 6.68648 6.32774 5.92748 5.57486 5.37154 5.17901 5.01033 4.98648 4.65240 4.14635 4.14635 4.14635 4.10669 2.80567 2.29605 2.06650 2.06650 2.06650 2.06650 2.06650 2.06650 2.06650 2.06650 2.06650 2.06650 1.98409 1.72918 1.72918 1.72918 1.92902 2.57425 2.57425 2.57425 2.57425 2.57425 2.57425 2.53346 2.32724 2.10373 1.88011
12.5565 12.5565 12.5565 12.5565 12.5565 12.5565 12.5565 12.5565 13.1911 12.7729 12.3346 12.3346 12.3346 12.3346 12.3346 12.3346 12.3346 11.3651 11.0974 11.0863 10.3506 9.95850 9.72173 8.89029 6.40582 5.38870 5.02800 4.98648 4.98648 4.98648 4.98648 4.98648 4.98648 4.98648 4.89294 4.14803 4.14635 4.14635 4.14635 3.22724 2.48100 2.06650 2.06650 2.06650 2.06650 2.06650 2.06650 2.06650 2.06650 2.06650 2.06650 2.06043 1.74922 1.72918 1.72918 1.78040 2.57289 2.51007 2.29302 2.06952 1.84590 1.62239 1.43967 1.42216 1.42216 1.42216
12.5565 12.5565 12.5565 12.5565 12.5565 12.5565 12.5565 12.5565 13.0734 13.0411 12.3346 12.3346 12.3346 12.3346 12.3322 12.1727 11.9073 11.1376 10.4477 10.2813 9.66993 9.19341 9.19341 9.16728 6.53865 5.54192 4.98648 4.98648 4.98648 4.98648 4.98648 5.03589 5.22360 5.04169 4.98648 4.29676 4.14635 4.14635 4.14635 3.62684 2.66556 2.06671 2.06650 2.06650 2.06650 2.06650 2.06650 2.06650 2.06650 2.06650 2.06650 2.06650 1.79172 1.57146 1.45971 1.34790 1.49337 1.42873 1.42216 1.42216 1.42216 1.42216 1.42216 1.42216 1.42216 1.42216
12.5565 12.5565 12.5565 12.5565 12.5565 12.5565 12.5565 12.5565 12.8687 13.2716 12.2651 11.9674 11.7010 11.4343 11.1701 11.0630 11.0619 10.8923 10.2194 10.2194 9.87210 9.19341 9.19341 9.19341 7.29814 5.90707 4.98648 5.00213 5.16818 5.34568 5.49786 5.60154 5.60838 5.26785 4.98648 4.47550 3.89421 3.69206 3.46101 3.10124 2.74987 2.16722 2.06650 2.06650 2.06650 2.06650 2.06650 2.01832 1.87538 1.69414 1.45875 1.13937 1.03605 1.15553 1.17642 1.20534 1.33152 1.42216 1.42216 1.42216 1.42216 1.42216 1.42216 1.42216 1.42216 1.42216
12.5565 12.5565 12.5565 12.5565 12.5343 12.4206 12.0612 11.6661 11.3829 12.0414 11.2922 11.0619 11.0619 11.0619 11.0619 11.0619 11.0619 11.0575 10.2994 10.2194 10.0625 9.19341 9.19341 9.19295 8.05331 6.40039 5.47466 5.58352 5.60838 5.59044 5.53066 5.46378 5.39027 5.09314 4.14183 3.70242 2.74987 2.74987 2.74987 2.74987 2.74987 2.35201 2.01948 1.87800 1.69679 1.46146 1.14312 0.887244 0.884116 0.884116 0.884116 0.884116 1.08772 1.40936 1.42216 1.42216 1.42216 1.42216 1.42216 1.42216 1.42216 1.42216 1.42216 1.42216 1.42216 1.42216
12.5394 12.1269 11.7320 11.3370 10.9641 10.6829 10.6473 10.6473 10.6473 11.6762 11.5123 11.0619 11.0485 11.0206 10.9920 10.9626 10.9324 10.9014 10.3032 9.90998 9.79211 9.01794 8.90024 8.73347 8.09991 6.57686 5.67547 5.32273 5.23403 5.16698 5.16474 5.16474 5.16474 5.14282 4.10114 3.98801 2.82724 2.73048 2.67098 2.59529 2.49599 1.99703 0.888357 0.884116 0.884116 0.884116 0.884116 0.884116 0.00000 0.00000 0.00000 0.00000 0.00000 1.42216 1.42216 1.42216 1.42216 1.42216 1.42216 1.42216 1.42216 1.42216 1.42216 1.42216 1.42216 1.42216
10.5261 10.1332 10.0707 10.0055 9.93775 9.86701 9.79338 9.71619 9.63553 10.7320 11.2648 10.3413 10.3167 10.3167 10.3167 10.3167 10.2865 10.0731 9.24882 8.10662 7.67544 7.27461 6.87365 6.53850 6.50209 6.50049 5.84431 5.16474 5.16474 5.16474 5.16474 5.16474 5.09380 4.83809 3.76566 2.72523 2.37950 2.33970 2.38610 2.43414 2.48217 2.52426 2.53110 0.00000 0.00000 0.00000 0.00000 0.00000 0.00000 0.00000 0.00000 0.00000 0.00000 1.42216 1.42216 1.42216 1.42216 1.42216 1.42216 1.42216 1.42216 1.42216 1.42216 1.42216 1.42216 1.42216
9.74835 9.32225 9.32225 9.32225 9.32225 9.32225 9.32225 9.32225 9.32225 9.99813 11.3974 10.4321 10.1162 9.46747 8.84794 8.31831 7.86317 7.46806 7.29622 6.51911 6.50209 6.50209 6.50209 6.50209 6.50209 6.50109 6.20937 5.12105 4.87972 4.61441 4.35956 4.11009 3.93168 3.93818 3.51721 2.21705 2.29529 2.53110 2.53110 2.53110 2.53110 2.53110 2.53110 0.00000 0.00000 0.00000 0.00000 0.00000 0.00000 0.00000 0.00000 0.00000 0.00000 1.42216 1.42216 1.42216 1.42216 1.42216 1.42216 1.42216 1.42216 1.42216 1.42216 1.42216 1.42216 1.41692
9.90050 9.34613 9.32225 9.32225 9.32225 9.32225 9.32225 9.32225 9.32225 9.28596 9.10364 7.95323 7.34584 7.34458 7.34458 7.34458 7.34458 7.34458 7.34458 6.71608 6.50209 6.50209 6.48484 6.31946 6.05460 5.62756 4.91900 3.96559 3.95152 3.96738 3.97315 3.97315 3.97315 3.97315 3.91972 2.31402 2.23865 2.52858 2.53110 2.53110 2.53110 2.53110 2.53110 0.00000 0.00000 0.00000 0.00000 0.00000 0.00000 0.00000 0.00000 0.00000 0.00000 1.42216 1.42216 1.42216 1.42216 1.42216 1.42216 1.42216 1.41396 1.38475 1.35445 1.32419 1.29390 1.26889
9.92067 9.50199 9.32225 9.32225 9.32225 9.32225 9.32225 9.16268 8.77675 8.70677 8.29415 7.87609 7.34458 7.34458 7.34458 7.34458 7.34458 7.33839 7.11182 6.35288 5.61394 5.25051 4.90368 4.70525 4.60667 4.58429 3.99258 3.97245 3.97315 3.97315 3.97315 3.97315 3.97315 3.97315 3.82956 2.66445 2.22269 2.43140 2.53110 2.53110 2.53110 2.53110 2.53110 0.00000 0.00000 0.00000 0.00000 0.00000 0.00000 0.00000 0.00000 0.00000 0.00000 0.00000 1.42216 1.41038 1.38031 1.35001 1.31977 1.28946 1.26740 1.26634 1.26634 1.26634 1.26634 1.26634
9.92067 9.67824 9.32225 9.32225 9.32225 9.32225 9.32225 9.27524 8.71893 8.70619 8.43800 8.09276 7.34723 7.10434 6.64817 6.19108 5.73412 5.28257 5.05183 4.96486 4.60574 4.60574 4.60574 4.60574 4.60574 4.60574 4.16904 3.97213 3.97315 3.97315 3.90837 3.57434 3.13946 2.59519 2.22426 2.22269 2.22269 2.33113 2.53110 2.53110 2.53110 2.53110 2.53110 2.53110 0.00000 0.00000 0.00000 0.00000 0.00000 0.00000 0.00000 0.00000 0.00000 0.00000 1.28136 1.26654 1.25907 1.12857 1.15952 1.26634 1.26634 1.26634 1.26634 1.26634 1.26634 1.26634
9.92067 9.85299 9.32357 9.32225 9.32225 9.32225 9.32225 9.23758 8.47490 7.80271 7.17215 6.58040 5.43800 5.03689 5.03578 5.03578 5.03578 5.03578 5.03578 5.03545 4.65985 4.60574 4.60574 4.60574 4.60574 4.60574 4.33698 3.68680 3.27984 2.77232 2.26953 2.22269 2.22269 2.22269 2.22269 2.22269 2.22269 2.26347 2.53110 2.53110 2.53110 2.53110 2.53110 2.53110 0.00000 0.00000 0.00000 0.00000 0.00000 0.00000 0.0480415 0.0480416 0.0480416 0.0480416 0.229560 0.725770 0.671020 0.657190 0.825859 1.26634 1.26634 1.26634 1.26634 1.26634 1.26634 1.26634
9.92067 9.91204 9.20156 8.74819 7.98495 7.08629 6.18790 5.37364 5.29209 5.72164 5.72164 5.89796 5.46071 5.03578 5.03578 5.03578 5.03578 5.03578 5.03578 5.03578 4.78437 4.60574 4.60560 4.49816 4.27379 4.01293 3.51819 2.22039 2.22237 2.22269 2.22269 2.22269 2.22269 2.22269 2.22269 2.22269 2.22269 2.22489 2.49215 2.53110 2.53110 2.53110 2.53110 2.53110 0.0480416 0.0480416 0.0480416 0.0480416 0.0480416 0.0480416 0.0480416 0.0480416 0.0480416 0.0480416 0.0480416 0.598705 0.657190 0.657190 0.712180 1.26634 1.26634 1.26634 1.26634 1.26634 1.26634 1.26634
7.66616 6.69968 5.73468 4.98084 4.84542 4.84542 4.84542 4.84542 4.92915 5.70887 5.72164 5.85128 5.70444 5.03578 5.03578 5.03578 5.03578 5.03578 5.03578 4.99033 4.67512 4.02060 3.53852 3.13779 2.88611 2.59399 2.28334 2.22039 2.22173 2.22269 2.22269 2.22269 2.22269 2.22269 2.22269 2.16190 1.97752 1.78968 2.04211 2.33609 2.05424 1.77256 1.49087 1.06563 0.0480416 0.0480416 0.0480416 0.0480416 0.0480416 0.0480416 0.0480416 0.0480416 0.0480416 0.0480416 0.0480416 0.475698 0.657190 0.657190 0.657738 1.15127 1.26634 1.26634 1.26634 1.26634 1.26634 1.26634
5.19717 5.19717 5.11617 4.84542 4.84542 4.84542 4.84542 4.84542 4.84542 5.53996 5.72164 5.79678 5.90105 5.08329 5.03578 5.00179 4.76978 4.43272 3.98162 3.47963 3.17233 2.24972 2.22039 2.22039 2.22039 2.22039 2.22039 2.22039 2.22109 2.22269 2.18231 2.00541 1.81766 1.55676 1.22800 0.960024 0.815627 0.674785 0.638445 0.889588 0.889588 0.889588 0.889588 0.889419 0.153340 0.0480416 0.0480416 0.0480416 0.0480416 0.0480416 0.0480416 0.0480416 0.0480416 0.0480416 0.0480416 0.297437 0.657190 0.657190 0.657190 0.936984 1.26634 1.26634 1.26634 1.26634 1.26634 1.26634
