High_resolution/powerplant/Fengdu/OMI_NO2_200504.asc
ncols      200
nrows      200
xllcorner       105.978
yllcorner       28.1831
cellsize     0.0166667
NODATA_Value      -999.000
[rows 0 to 29 of 200, columns 0 to 65 of 200]
0.00000 0.00000 0.00000 0.00000 0.00000 0.134736 0.134736 0.134736 0.134736 0.134736 0.134736 0.134736 0.190405 0.426230 0.650359 0.856177 1.04125 1.21240 1.13742 1.23271 1.56666 2.28222 3.48609 3.44344 3.44242 3.44823 3.45335 3.45786 3.46245 3.47180 3.48222 3.49233 3.50121 3.50273 3.50273 3.50273 3.50273 3.47817 2.89067 2.87613 2.53042 1.79701 1.40367 1.40367 1.38193 1.28452 1.20379 1.14106 1.09784 1.13081 1.17825 1.23708 1.27940 1.26265 1.57739 1.73038 1.73038 1.73038 1.73038 1.73038 1.73038 1.73038 1.73038 1.73985 1.92118 1.92363
5.03118 5.03118 5.03118 5.03118 5.03118 3.22224 2.11663 2.20854 2.29482 2.37628 2.45248 2.52814 2.59684 2.61597 2.62976 2.64222 2.66763 2.71488 2.53530 2.54219 2.56238 2.62156 3.47302 3.50273 3.50273 3.50273 3.50273 3.50273 3.50273 3.50273 3.50273 3.50273 3.50273 3.50273 3.50273 3.50273 3.50273 3.50273 3.00894 2.76518 2.43206 1.73486 1.09883 1.05660 1.02823 1.08529 1.16301 1.22559 1.27407 1.28383 1.28383 1.28383 1.28383 1.27212 1.45983 1.73038 1.73038 1.73038 1.73038 1.73038 1.73038 1.73038 1.73038 1.73038 1.89501 1.92363
5.03118 5.03118 5.03118 5.03118 5.03118 4.64427 2.60978 2.64714 2.65804 2.66800 2.67714 2.68442 2.68532 2.69339 2.75006 2.77606 2.79214 2.79268 2.65521 2.56238 2.56238 2.56238 3.24495 3.50273 3.50273 3.50273 3.50273 3.50273 3.50273 3.50273 3.50273 3.50273 3.50273 3.50273 3.50273 3.50273 3.50273 3.50273 2.64235 2.31835 2.20834 1.67498 1.15997 1.21360 1.26656 1.28383 1.28383 1.28383 1.28383 1.28383 1.28383 1.28383 1.28383 1.28128 1.34243 1.73038 1.73038 1.73038 1.73038 1.73038 1.73038 1.73038 1.73038 1.73038 1.85980 1.92363
5.03118 5.03118 5.03118 5.03118 5.03118 5.03118 2.87047 2.68518 2.68532 2.68532 2.68532 2.68532 2.68532 2.68721 2.78540 2.79268 2.79268 2.79268 2.70518 2.56238 2.56238 2.56238 2.96306 3.50273 3.50273 3.50273 3.50273 3.50273 3.50273 3.50273 3.50273 3.50273 3.50273 3.50273 3.50273 3.50273 3.50273 3.49519 2.87801 2.25045 2.20041 1.57692 1.36853 1.28383 1.28383 1.28383 1.28383 1.28383 1.28383 1.28383 1.28383 1.28383 1.28383 1.28383 1.26184 1.70035 1.73038 1.73041 1.73706 1.74802 1.75443 1.74791 1.74071 1.73381 1.80684 1.89388
5.03118 5.03118 5.03118 5.03118 5.03118 5.03118 3.39382 2.67390 2.68532 2.68532 2.68532 2.68532 2.68532 2.68532 2.75544 2.79268 2.79268 2.79268 2.75510 2.56238 2.56238 2.56974 2.81497 3.50163 3.50273 3.50273 3.50273 3.50273 3.50273 3.50273 3.50273 3.50273 3.50273 3.50113 3.46926 3.42593 3.38258 3.34678 3.09983 2.20669 2.19866 1.71626 1.46110 1.28383 1.28383 1.28383 1.28383 1.28383 1.28383 1.28383 1.28553 1.31620 1.35743 1.39867 1.42263 1.59013 1.62120 1.74896 1.74091 1.72664 1.71560 1.71484 1.71611 1.77288 1.88770 2.06570
5.03118 5.03118 5.03118 5.03118 5.03118 5.03118 4.16606 2.65277 2.68532 2.68532 2.68532 2.68532 2.68532 2.68532 2.71788 2.79268 2.83651 2.96640 3.10926 3.01594 3.16238 3.33258 3.37159 3.47781 3.50273 3.50273 3.50273 3.50273 3.50273 3.50273 3.48297 3.43971 3.39636 3.35461 3.34314 3.34314 3.34314 3.34314 3.32048 2.31943 2.19866 1.87326 1.59338 1.38060 1.41348 1.45464 1.49588 1.53711 1.57831 1.61951 1.65908 1.66958 1.66958 1.66958 1.66183 1.59312 1.54297 1.68506 1.71484 1.76462 1.90413 2.06077 2.23060 2.35038 2.44632 2.56353
5.03118 5.03118 5.03118 5.03118 5.03118 5.03118 4.98943 2.71776 2.68532 2.68532 2.69351 2.81965 3.00346 3.21428 3.45715 3.55700 3.67606 3.67866 3.67866 3.45452 3.37159 3.37159 3.37159 3.44503 3.50273 3.50273 3.49395 3.45346 3.41013 3.36677 3.34318 3.34314 3.34602 3.36248 3.38066 3.39880 3.41699 3.43514 3.45331 2.74110 2.45561 2.30738 1.94729 1.75520 1.66958 1.66958 1.66958 1.66958 1.66958 1.66958 1.66958 1.66958 1.66958 1.67947 1.73648 1.79810 1.92819 2.18688 2.38958 2.53318 2.54118 2.54118 2.54118 2.54118 2.54118 2.90255
5.03118 5.03118 5.03118 5.03118 5.03118 5.03118 5.03118 3.62685 3.32728 3.58956 3.88192 3.96061 3.96061 3.96061 3.96061 3.77378 3.67866 3.67866 3.67827 3.51597 3.35731 3.35134 3.34311 3.34571 3.40143 3.37033 3.34794 3.35728 3.36948 3.38171 3.39387 3.40608 3.41543 3.41118 3.40515 3.39922 3.39327 3.38728 3.38128 2.94327 2.39361 2.33506 1.94729 1.84831 1.66958 1.66958 1.66958 1.67428 1.72524 1.79466 1.87356 1.98669 2.23727 2.52133 2.70788 2.82800 2.70293 2.63184 2.54118 2.54118 2.54118 2.54118 2.54118 2.54118 2.54118 2.81992
5.02909 5.02438 5.01963 5.01492 5.01017 5.00547 5.00071 4.99602 4.03887 3.93829 3.93591 3.93357 3.93118 3.92883 3.92646 3.84822 3.67437 3.68984 3.70568 3.58131 3.27049 3.24421 3.22009 3.23610 3.37605 3.37729 3.37729 3.37729 3.37729 3.37729 3.37729 3.37729 3.37729 3.37729 3.37729 3.37729 3.37729 3.37729 3.37729 3.23993 2.39763 2.39247 2.03519 2.07330 1.86908 1.94699 2.04923 2.16865 2.32762 2.49991 2.67226 2.81827 2.83546 2.83546 2.83546 2.83546 2.73423 2.67565 2.54128 2.54118 2.54118 2.54118 2.54118 2.54118 2.54118 2.72710
4.94490 4.94490 4.94490 4.94490 4.94490 4.94490 4.94384 4.83871 4.18086 3.98600 4.01156 4.03712 4.06266 4.08824 4.11379 4.12918 3.77606 3.69857 3.65522 3.60081 3.23033 3.22950 3.22950 3.22950 3.34929 3.37729 3.37729 3.37729 3.37729 3.37729 3.37729 3.37729 3.37729 3.37729 3.37729 3.37729 3.37729 3.37729 3.37729 3.37729 2.90440 2.93676 2.72785 2.59826 2.38936 2.46422 2.63664 2.79854 2.83546 2.83546 2.83546 2.83546 2.83546 2.83546 2.83546 2.83546 2.76806 2.69655 2.55603 2.54118 2.54118 2.54118 2.54118 2.54118 2.54118 2.62192
4.68742 4.56929 4.47077 4.38760 4.31750 4.25621 4.20314 4.18382 4.16720 4.13243 4.13243 4.13243 4.13243 4.13243 4.13243 4.13243 3.81022 3.63361 3.63361 3.63361 3.28511 3.22950 3.22950 3.22950 3.31263 3.37729 3.37729 3.37729 3.37729 3.37729 3.37729 3.37729 3.37729 3.37729 3.37729 3.37729 3.37729 3.37729 3.37729 3.37729 3.15249 2.95548 2.76927 2.51886 2.62418 2.83546 2.83546 2.83546 2.83546 2.83546 2.83546 2.83546 2.83546 2.83546 2.83546 2.83546 2.80186 2.69655 2.58440 2.54118 2.54118 2.54118 2.54118 2.54439 2.55540 2.58716
4.18382 4.18382 4.18382 4.18382 4.18382 4.18382 4.18382 4.18382 4.17984 4.13274 4.13243 4.13243 4.13243 4.13243 4.13243 4.13243 3.99054 3.63361 3.63361 3.63361 3.37276 3.22950 3.22950 3.22950 3.27569 3.37729 3.37729 3.37729 3.37729 3.37729 3.37729 3.37729 3.37729 3.37729 3.37729 3.37729 3.37536 3.36139 3.34529 3.32920 3.19803 2.91723 2.82086 2.50956 2.52628 2.82471 2.83546 2.83546 2.83546 2.83546 2.83546 2.83546 2.83546 2.83546 2.84019 2.89551 2.96076 2.82222 2.77317 2.73230 2.76350 2.79467 2.82588 2.85388 2.87408 2.87129
4.18382 4.18382 4.18382 4.18382 4.18382 4.18382 4.18382 4.18382 4.18382 4.14171 4.13243 4.13243 4.13243 4.13243 4.13243 4.13243 4.13079 3.67960 3.63361 3.63361 3.46035 3.22950 3.22950 3.22950 3.23989 3.37614 3.37729 3.37729 3.37729 3.37729 3.37729 3.37729 3.37705 3.36647 3.35039 3.33430 3.32014 3.31804 3.31804 3.31804 3.29279 2.92136 2.88781 2.50956 2.50956 2.75021 2.91939 2.98849 3.05773 3.12710 3.19646 3.26557 3.33480 3.40423 3.46881 3.48253 3.48253 3.17398 3.02558 2.87564 2.87564 2.87461 2.83939 2.78736 2.73544 2.68777
4.18382 4.18382 4.18382 4.18382 4.18382 4.18382 4.18382 4.18382 4.18382 4.15466 4.13243 4.13243 4.13243 4.13243 4.13243 4.13243 4.13243 3.81876 3.63361 3.63361 3.54791 3.22950 3.22950 3.22950 3.22950 3.34980 3.37729 3.37729 3.37729 3.37140 3.35549 3.33939 3.32355 3.31804 3.31804 3.31804 3.31247 3.29428 3.27566 3.25702 3.23835 3.16944 3.21976 3.06854 3.10188 3.26833 3.48842 3.50487 3.52087 3.53618 3.55095 3.56510 3.57881 3.59202 3.60475 3.61703 3.62890 3.47089 3.29247 3.04263 3.00435 2.97712 2.97844 2.99325 3.00777 3.02194
4.18382 4.18382 4.18382 4.18382 4.18382 4.18382 4.18382 4.18382 4.18382 4.16764 4.13243 4.13243 4.13243 4.13243 4.13243 4.13243 4.13243 4.00198 3.63361 3.63361 3.62359 3.24142 3.22950 3.22950 3.23054 3.33315 3.41180 3.42079 3.41650 3.41662 3.42666 3.43690 3.44712 3.45731 3.46756 3.47781 3.49374 3.52222 3.55084 3.57970 3.60874 3.74700 3.86204 3.64083 3.52598 3.54817 3.75397 3.76130 3.76130 3.76130 3.76130 3.76130 3.76130 3.76130 3.74571 3.69504 3.64306 3.51808 3.29192 3.13451 3.08876 3.08876 3.08876 3.08876 3.08876 3.08876
4.17121 4.18382 4.18382 4.18382 4.18382 4.18382 4.15990 4.10941 4.05937 4.00523 3.90775 3.85694 3.80672 3.75640 3.70618 3.65587 3.60555 3.55501 3.24572 3.19625 3.18626 3.65262 3.84631 3.88270 3.91828 3.89471 3.77715 3.76212 3.76076 3.76076 3.76076 3.76076 3.76076 3.76076 3.76076 3.76076 3.76076 3.76076 3.76076 3.76076 3.76076 3.82194 3.95622 3.76415 3.54403 3.54403 3.69222 3.76130 3.76130 3.76130 3.75307 3.70605 3.65407 3.60208 3.56571 3.56439 3.56439 3.55238 3.29720 3.17726 3.08876 3.08876 3.08876 3.08876 3.08876 3.08876
3.54913 3.49455 3.44460 3.39410 3.34406 3.29347 3.26735 3.26735 3.26735 3.26735 3.23031 3.25181 3.28720 3.32263 3.35803 3.39343 3.42886 3.46428 3.31831 3.19832 3.18224 3.62429 3.97617 3.97617 3.97617 3.96062 3.76232 3.76076 3.76076 3.76076 3.76076 3.76076 3.76076 3.76076 3.76076 3.76076 3.76076 3.76076 3.76076 3.76076 3.76076 3.77507 3.95493 3.85183 3.54403 3.54403 3.61777 3.71706 3.66505 3.61311 3.56934 3.56439 3.56439 3.56439 3.56439 3.56439 3.56439 3.56439 3.35154 3.22598 3.08876 3.08876 3.08876 3.08876 3.08876 3.08876
3.31235 3.26735 3.27954 3.35702 3.44398 3.53108 3.61761 3.70429 3.79118 3.87835 3.70249 3.51342 3.51342 3.51342 3.51342 3.51342 3.51342 3.51342 3.42915 3.16169 3.16169 3.44301 3.97617 3.97617 3.97617 3.97617 3.80061 3.76076 3.76076 3.76076 3.76076 3.76076 3.76076 3.76076 3.76076 3.76076 3.76076 3.76076 3.76076 3.76076 3.76076 3.76076 3.92117 3.95556 3.60658 3.64064 3.66959 3.56798 3.56439 3.56439 3.56439 3.56439 3.56439 3.56439 3.56439 3.56439 3.56439 3.56439 3.41786 3.27860 3.09075 3.08876 3.08876 3.08876 3.08876 3.08876
4.13370 3.87918 3.95395 3.96356 3.96356 3.96356 3.96356 3.96356 3.96356 3.96356 3.82514 3.51342 3.51342 3.51342 3.51342 3.51342 3.51342 3.51342 3.51342 3.20240 3.16169 3.26668 3.97617 3.97617 3.97617 3.97617 3.85452 3.76076 3.76076 3.76076 3.76076 3.76076 3.76076 3.76076 3.76076 3.76076 3.76076 3.76076 3.76076 3.77053 3.80716 3.84532 3.99566 4.09680 3.75551 3.68461 3.68461 3.60187 3.56439 3.56439 3.56439 3.56439 3.56439 3.56439 3.56439 3.56439 3.56439 3.56439 3.48146 3.27820 3.11727 3.08577 3.07877 3.07176 3.06474 3.05776
4.64416 3.96356 3.96356 3.96356 3.96356 3.96356 3.96356 3.96356 3.96356 3.96356 3.93426 3.51784 3.51342 3.51342 3.51342 3.51342 3.51342 3.51342 3.51342 3.30330 3.16169 3.16250 3.90401 3.97617 3.97617 3.97617 3.90886 3.76076 3.76076 3.76076 3.76076 3.76076 3.76076 3.76076 3.76076 3.76380 3.79512 3.83325 3.87143 3.89980 3.90134 3.90134 3.96551 4.09680 3.84311 3.68461 3.68461 3.64110 3.56439 3.55094 3.50853 3.46527 3.42204 3.37870 3.33544 3.29201 3.24879 3.20541 3.16633 3.15357 3.07753 3.03666 3.03666 3.03666 3.05112 3.21154
4.81516 4.01212 3.96356 3.96356 3.96356 3.96356 3.96356 3.96356 3.96356 3.96356 3.96356 3.60167 3.51342 3.51342 3.51342 3.51342 3.51342 3.51342 3.51342 3.43535 3.16171 3.16169 3.72840 3.97617 3.97617 3.97617 3.96103 3.76244 3.76076 3.76076 3.76076 3.76091 3.78303 3.82118 3.85938 3.89448 3.90134 3.90134 3.90134 3.90134 3.93006 3.99335 4.07010 3.94284 3.73079 3.44140 3.39806 3.34798 3.19482 3.16138 3.16045 3.16045 3.16045 3.16055 3.16193 3.16361 3.16530 3.16699 3.16867 3.16476 3.11797 3.18107 3.38048 3.58030 3.76528 3.80448
4.81516 4.13038 3.96356 3.96356 3.96356 3.96356 3.96356 3.96356 3.96356 3.96356 3.96356 3.71486 3.51342 3.51342 3.51342 3.51342 3.51342 3.49701 3.44617 3.39817 3.11739 3.05992 3.37701 3.70689 3.91546 3.97617 3.97617 3.80115 3.77204 3.80919 3.84733 3.90216 3.96383 4.00903 4.05446 4.09971 4.14492 4.19034 4.23548 4.28069 4.29740 4.27943 4.26143 3.60212 3.42096 3.30843 3.31012 3.31184 3.23036 3.19496 3.19665 3.19833 3.20002 3.20160 3.20192 3.20192 3.20192 3.32706 3.59157 3.85190 4.05044 3.82057 3.82057 3.82057 3.82057 3.82057
4.81516 4.28432 3.96356 3.96356 3.96356 3.96356 3.96134 3.85327 3.78955 3.73083 3.67639 3.51737 3.23451 3.21211 3.19129 3.17172 3.15339 3.14385 3.15231 3.16145 3.07170 2.99936 3.11144 3.33034 3.46263 3.56083 3.51652 3.69145 3.96599 4.01232 4.05759 4.08617 4.08566 4.08566 4.08566 4.08566 4.08566 4.08566 4.08566 4.08566 4.08566 4.08566 4.08566 3.63356 3.31870 3.32216 3.32214 3.32214 3.27903 3.20192 3.20192 3.20192 3.20192 3.28001 3.53737 3.80185 4.06644 4.20555 4.20565 4.20338 4.19842 3.84894 3.82057 3.82057 3.82057 3.82057
4.81516 4.52437 4.08420 4.09800 4.11160 4.12539 4.13826 3.56343 3.52887 3.53802 3.54717 3.53804 3.26498 3.26138 3.24266 3.18012 3.11568 3.05124 2.98675 2.92237 2.83932 2.72789 2.72261 2.93276 3.03873 3.20143 3.20143 3.47996 4.08566 4.08566 4.08566 4.08566 4.08566 4.08566 4.08566 4.08566 4.08566 4.08566 4.08566 4.08566 4.08566 4.08566 4.08566 3.82220 3.31856 3.32150 3.32214 3.32214 3.31547 3.24768 3.48337 3.74785 4.01224 4.19863 4.20565 4.20565 4.20565 4.20565 4.20565 4.20509 4.19875 3.92042 3.82057 3.82057 3.82057 3.82057
4.81516 4.77493 4.22167 4.21536 4.21536 4.21536 4.21862 3.73473 3.57446 3.57989 3.58531 3.59073 2.99523 2.76802 2.72219 2.72035 2.72035 2.72035 2.72035 2.72035 2.72035 2.75419 2.76025 2.93006 2.99558 3.20143 3.20143 3.26692 4.07982 4.08566 4.08566 4.08566 4.08566 4.08566 4.08566 4.08566 4.08566 4.08566 4.08566 4.08566 4.08566 4.08566 4.08566 4.01025 3.31956 3.32054 3.31835 3.31333 3.30831 3.91447 4.20565 4.20565 4.20565 4.20565 4.20565 4.20565 4.20565 4.20565 4.20565 4.20565 4.19987 4.00146 3.82057 3.82057 3.82057 3.82057
4.85492 4.87119 4.32436 4.25964 4.26779 4.27592 4.28079 3.92329 3.60511 3.60511 3.60511 3.60511 3.12292 2.72101 2.75008 2.79030 2.79545 2.72035 2.72035 2.72035 2.72035 2.74195 2.76025 2.88601 2.96551 3.17964 3.20143 3.20143 3.92644 4.08566 4.08566 4.08566 4.08566 4.08566 4.08566 4.08566 4.08566 4.08566 4.08566 4.08566 4.08566 4.08566 4.08343 4.07842 3.42060 3.30281 3.30365 3.30365 3.30365 3.62453 4.20565 4.20565 4.20565 4.20565 4.20565 4.20565 4.20565 4.20565 4.20565 4.20565 4.20156 4.09784 3.85094 3.88264 3.91880 3.95496
4.94609 4.94609 4.46019 4.28083 4.28083 4.28083 4.28083 4.10319 3.60409 3.59658 3.58875 3.58176 3.36768 2.89530 2.90444 2.90444 2.89382 2.72299 2.72035 2.72035 2.72035 2.72715 2.76019 2.84207 2.96449 3.11600 3.20143 3.20143 3.70747 4.08566 4.08566 4.08566 4.08566 4.08566 4.08566 4.08566 4.08566 4.08566 4.08467 4.08000 4.07498 4.06996 4.06717 4.06717 3.60341 3.30063 3.30365 3.30365 3.30365 3.35335 4.17850 4.20565 4.20565 4.22600 4.27909 4.33238 4.38581 4.43924 4.49263 4.54601 4.56603 4.52788 4.21558 4.21173 4.21173 4.21173
4.94609 4.94609 4.59685 4.25839 4.19260 4.13548 4.08653 4.03680 3.58745 3.56801 3.56801 3.56801 3.53079 2.91372 2.90444 2.90444 2.90444 2.77096 2.72035 2.72035 2.72035 2.72035 2.75373 2.79808 2.96449 3.05920 3.20143 3.20143 3.48859 4.08566 4.08566 4.08566 4.08566 4.07228 4.01280 3.94901 3.88742 3.82885 3.77394 3.72476 3.67812 3.63345 3.59089 3.74036 3.79125 3.39033 3.44716 3.50077 3.55416 3.60754 4.28627 4.61637 4.66975 4.70279 4.70318 4.70318 4.70318 4.70318 4.70318 4.70318 4.69043 4.58269 4.28223 4.22062 4.26963 4.32994
4.93927 4.35882 4.21263 4.00702 4.00613 4.00613 4.00613 4.00613 3.66706 3.56801 3.56801 3.56801 3.56801 3.04379 2.90444 2.90444 2.90444 2.82706 2.72035 2.72035 2.72035 2.72376 2.76816 2.81025 3.02661 3.06830 3.00794 2.97708 3.00782 3.63643 3.59701 3.55427 3.51149 3.47797 3.47201 3.45770 3.42893 3.40020 3.36625 3.32417 3.28202 3.23978 3.19754 3.23513 3.62238 3.66562 3.76651 3.82977 3.83245 3.83513 4.16405 4.74249 4.74517 4.74785 4.75054 4.75321 4.75589 4.75857 4.76124 4.76502 4.81857 4.79323 4.58523 4.47026 4.48155 4.48155
4.94609 4.31268 4.20093 4.01742 4.00613 4.00613 4.00613 4.00613 3.76285 3.56801 3.57312 3.59565 3.61971 3.28659 3.00419 3.02819 3.05228 3.05565 2.98507 3.02582 3.06670 3.10402 3.10827 3.06483 3.12689 3.10798 2.71155 2.70643 2.71110 3.13934 3.17010 3.12606 3.08387 3.04160 2.99942 2.97058 2.95713 2.94368 2.93533 2.93528 2.93528 2.93528 2.93528 2.94084 3.32960 3.41253 3.64423 3.86631 3.86631 3.86631 3.91837 4.74368 4.76831 4.76831 4.76831 4.76831 4.80402 4.88168 4.95940 5.03604 5.06294 4.98783 4.76540 4.48155 4.46999 4.40141
