High_resolution/powerplant/Fengdu/OMI_NO2_200609.asc
ncols      200
nrows      200
xllcorner       105.978
yllcorner       28.1831
cellsize     0.0166667
NODATA_Value      -999.000
[rows 58 to 86 of 200, columns 0 to 65 of 200]
3.88929 3.38229 3.35792 3.35792 3.35792 3.25183 3.25958 3.30332 3.34716 3.39100 3.43480 3.47854 3.52238 3.56597 3.59629 3.68386 3.54600 3.72503 3.98300 3.98300 3.98300 3.93485 3.41978 3.50897 3.50897 3.50897 3.50897 3.50897 3.50812 3.50612 3.50410 3.49846 4.00238 4.16905 4.28156 4.38499 4.47632 4.49876 4.49876 4.58318 5.78348 6.14242 6.14242 6.14242 6.14242 6.14242 6.14242 6.09863 5.38686 5.38640 5.38640 5.38640 5.38640 5.38640 5.38640 5.38640 5.38640 5.38640 5.38640 5.38640 0.00000 0.00000 0.00000 0.00000 2.13510 1.86316
0.00000 3.45983 3.35792 3.35792 3.35792 3.46465 3.58426 3.58426 3.58426 3.61607 3.71470 3.81537 3.91619 4.01697 4.10566 4.11886 3.97845 3.77985 3.98300 3.98287 3.98058 3.97756 3.46527 3.49666 3.49931 3.49729 3.49528 3.49326 3.49210 3.49209 3.49209 3.49209 4.23692 4.49876 4.49876 4.49876 4.49876 4.49876 4.49876 4.49876 5.47389 6.13742 6.14242 6.14242 6.14242 6.14242 6.14242 6.14242 5.56707 5.38640 5.38640 5.38640 5.38640 5.38640 5.38640 5.38640 5.38640 5.38640 5.38640 5.38640 0.00000 0.00000 0.00000 0.00000 2.18184 1.90294
0.00000 3.57298 3.35792 3.35864 3.44869 3.62772 3.84627 3.94704 4.04781 4.11672 4.11886 4.11169 4.04632 3.96841 3.89037 3.81247 3.71954 3.72150 3.94685 3.95842 3.95768 3.95768 3.56283 3.46199 3.49209 3.49209 3.49209 3.49209 3.49209 3.49209 3.49209 3.49209 3.98767 4.49876 4.49876 4.49876 4.49876 4.49876 4.49876 4.49876 5.13105 6.05205 6.14242 6.14242 6.14242 6.15748 6.20440 6.24582 6.08597 5.95556 5.39641 5.38640 5.38640 5.38640 5.38640 5.38640 5.38640 5.38640 5.38640 5.38640 0.00000 0.00000 0.00000 0.00000 2.18184 1.96990
0.00000 4.17243 3.94836 4.08795 4.05100 3.93418 3.88530 3.81247 3.73443 3.65652 3.57849 3.50776 3.49509 3.49509 3.49509 3.49509 3.49509 3.68197 3.86402 3.95768 3.95768 3.95768 3.69728 3.43413 3.49209 3.49209 3.49209 3.49209 3.49209 3.49209 3.49209 3.49209 3.73843 4.49876 4.49876 4.49876 4.49876 4.49876 4.49876 4.51096 5.01230 6.05817 6.27022 6.30282 6.33138 6.34989 6.35066 6.35066 6.27248 6.07677 5.61873 5.38640 5.38640 5.38640 5.38640 5.34796 5.21775 5.08364 4.94988 4.78769 3.61480 0.00000 0.00000 0.00000 2.18184 2.06478
0.00000 4.21663 3.36055 3.24316 3.22417 3.22417 3.42682 3.49509 3.49509 3.49509 3.49509 3.49509 3.49509 3.49509 3.49509 3.49509 3.49509 3.62792 3.79345 3.95768 3.95768 3.95768 3.86109 3.40623 3.49209 3.49209 3.49209 3.49287 3.51804 3.55610 3.59662 3.63975 3.71945 4.89083 5.04774 5.29542 5.48465 5.66077 5.82629 5.97574 6.02018 6.13888 6.32940 6.28469 6.24017 6.19523 6.15076 6.10600 6.02344 5.57585 5.06483 4.11651 3.98205 3.84847 3.71401 3.61869 3.61480 3.61480 3.61997 3.66727 3.91722 4.20160 4.20160 4.20160 4.20089 2.98930
0.00000 0.00000 3.22475 3.22417 3.22417 3.22417 3.36747 3.49509 3.49509 3.49509 3.49509 3.49509 3.49509 3.49509 3.49509 3.49509 3.49354 3.56414 3.70834 3.87482 3.85333 3.83340 3.81488 3.69611 3.90278 3.96892 4.03857 4.11197 4.13669 4.13699 4.16202 4.20278 4.24370 5.41634 5.86392 6.17011 6.20036 6.22753 6.25471 6.28189 6.30916 6.26198 5.76012 5.76012 5.76012 5.76012 5.76012 5.76012 5.76008 5.27177 4.91936 3.72607 3.76437 3.79693 3.82501 3.84942 3.87082 3.88982 3.90541 3.90820 4.02833 4.20160 4.20160 4.20160 4.20160 3.78608
0.00000 0.00000 3.22529 3.22417 3.22417 3.22417 3.29573 3.48205 3.47720 3.47261 3.46825 3.46410 3.46016 3.45640 3.45283 3.44941 3.44702 3.46565 3.60142 3.67086 3.65350 3.61548 3.57746 3.60509 4.23544 4.45277 4.49354 4.53430 4.57522 4.61568 4.63142 4.63142 4.63142 5.38929 6.14142 6.31524 6.34999 6.34999 6.34999 6.34999 6.34518 6.30941 5.73791 5.63832 5.59753 5.55683 5.51608 5.47530 5.43459 5.05740 4.84793 3.98065 3.90820 3.90820 3.90820 3.90820 3.90820 3.90820 3.90820 3.90820 3.97173 4.20160 4.20160 4.20160 4.20160 3.92156
0.00000 0.00000 3.22701 3.22423 3.22417 3.22417 3.24958 3.42571 3.40550 3.37698 3.34850 3.31995 3.29141 3.26289 3.23441 3.20589 3.17737 3.15180 3.29698 3.33186 3.31348 3.31348 3.31348 3.31527 4.08376 4.63142 4.63142 4.63142 4.63142 4.63142 4.63142 4.63141 4.63123 4.99337 5.96992 6.07768 6.15414 6.11343 6.07261 6.03190 5.99600 5.99069 5.59470 5.40081 5.40081 5.40081 5.40081 5.40081 5.40081 5.18658 4.86118 4.28929 3.90820 3.90820 3.90820 3.90820 3.90820 3.90820 3.90820 3.90812 3.90833 4.05623 3.99172 3.94091 3.89986 3.79467
0.00000 0.00000 3.22782 3.22475 3.22417 3.22417 3.24114 3.15529 3.12759 3.12759 3.12759 3.12759 3.13577 3.16420 3.19356 3.22291 3.25229 3.27870 3.38347 3.41388 3.31348 3.31348 3.31348 3.31418 3.78057 4.63085 4.63058 4.63031 4.63004 4.62977 4.62950 4.62924 4.62915 4.66259 5.57560 5.71366 5.99069 5.99069 5.99069 5.99069 5.99069 5.99069 5.72989 5.40081 5.40081 5.40081 5.40081 5.40081 5.40081 5.31830 4.86118 4.55442 3.90820 3.90820 3.89508 3.86610 3.84108 3.81940 3.80041 3.78366 3.77697 3.84697 3.85800 3.85800 3.85800 3.84857
0.00000 0.00000 0.00000 3.22523 3.22417 3.22417 3.23496 3.20039 3.17300 3.20235 3.23172 3.26106 3.28224 3.28317 3.28317 3.29999 3.35269 3.40664 3.46191 3.44083 3.31737 3.31232 3.31214 3.31202 3.47085 4.62915 4.62915 4.62915 4.62915 4.62915 4.62915 4.62915 4.62915 4.62915 5.36801 5.60774 5.97015 5.99069 5.99069 5.99069 5.99069 5.99069 5.86515 5.40081 5.40081 5.40081 5.40081 5.40081 5.38511 5.30300 4.64607 4.32924 3.80344 3.78633 3.77702 3.77693 3.77693 3.77693 3.77693 3.77693 3.77693 3.82452 3.85800 3.85800 3.85800 3.85800
0.00000 0.00000 0.00000 3.25089 3.39126 3.44997 3.50021 3.42410 3.35217 3.40608 3.45999 3.51390 3.56781 3.62172 3.67567 3.71328 3.71444 3.71444 3.68272 3.44471 3.35525 3.31197 3.31197 3.31197 3.31498 4.48531 4.62915 4.62915 4.62915 4.62915 4.62915 4.62915 4.62915 4.62915 5.12703 5.60246 5.88906 5.99069 5.99069 5.99069 5.99069 5.99069 5.97651 5.35822 5.24086 5.13324 5.00951 4.86533 4.73048 4.71765 4.17904 3.90820 3.78947 3.77693 3.77693 3.77693 3.77693 3.77693 3.77693 3.77693 3.76982 3.79084 3.85800 3.85800 3.85800 3.85800
0.00000 0.00000 0.00000 4.03328 4.12356 4.21130 4.31920 4.05334 3.71984 3.71444 3.71444 3.71444 3.71444 3.71444 3.71444 3.71444 3.71444 3.71444 3.71444 3.48043 3.39398 3.31197 3.31197 3.31197 3.31381 4.18241 4.62915 4.62915 4.62915 4.62915 4.62915 4.62915 4.62915 4.62915 4.88610 5.60246 5.78574 5.97007 5.91890 5.86046 5.79361 5.71580 5.62859 4.93507 4.71765 4.71765 4.71741 4.70244 4.67900 4.65557 4.29076 3.79924 3.71655 3.67304 3.65744 3.64184 3.62619 3.61063 3.59492 3.57936 3.57080 3.61845 3.85681 3.84968 3.84176 3.83383
0.00000 0.00000 0.00000 4.95291 4.54316 4.39787 4.39787 4.14193 3.77017 3.71444 3.71444 3.71444 3.71444 3.71444 3.71444 3.71444 3.71444 3.71444 3.71444 3.54787 3.42721 3.31222 3.31253 3.31286 3.31402 3.87951 4.62915 4.62915 4.62915 4.62915 4.62915 4.62915 4.62915 4.62915 4.66281 5.54534 5.53908 5.50198 5.46875 5.43563 5.40259 5.36960 5.33656 4.87401 4.46353 4.44016 4.41690 4.40846 4.40846 4.40846 4.26446 3.59901 3.58764 3.56886 3.56362 3.55835 3.55307 3.54778 3.54251 3.53723 3.53195 3.53202 3.77469 3.78428 3.78428 3.78428
0.00000 0.00000 0.00000 0.00000 4.65151 4.39787 4.39787 4.22544 3.83714 3.71580 3.72427 3.73416 3.74449 3.75537 3.76679 3.77878 3.79143 3.80475 3.81883 3.70643 3.49080 3.34504 3.32072 3.35958 3.40651 3.68129 4.49159 4.45843 4.42544 4.39240 4.35940 4.32624 4.29324 4.26021 4.23205 4.97707 5.20200 5.20200 5.20200 5.20200 5.20200 5.20200 5.20200 4.96739 4.38099 4.28306 4.18184 4.08054 3.97924 3.87803 3.77138 3.53802 3.52993 3.52175 3.52166 3.52166 3.52166 3.52166 3.52166 3.52166 3.52166 3.52166 3.70515 3.78428 3.78428 3.78428
0.00000 0.00000 0.00000 0.00000 4.87917 4.40755 4.39787 4.37982 4.14708 3.85008 3.85179 3.85872 3.88822 3.91951 3.95080 3.98208 4.01341 4.04463 4.07588 4.06574 3.78565 3.84379 3.83662 3.84470 3.84470 3.85030 4.21020 4.22869 4.22869 4.22869 4.22869 4.22869 4.22869 4.22869 4.22869 4.72441 5.10194 5.00073 4.89934 4.79813 4.69683 4.59553 4.49432 4.33620 3.52970 3.52219 3.52219 3.52219 3.52219 3.52219 3.52219 3.52428 3.52529 3.52230 3.52166 3.52166 3.52166 3.52166 3.52166 3.52166 3.52166 3.52166 3.63962 3.76644 3.72441 3.68222
6.12340 6.12340 6.12340 6.12340 5.62917 4.83453 4.77279 4.82136 4.80418 4.14934 4.17763 4.20199 4.20375 4.20375 4.20375 4.22760 4.32799 4.43425 4.54045 4.64665 4.43485 4.27174 3.84470 3.84470 3.84470 3.84470 4.12661 4.22227 4.20462 4.18676 4.16892 4.15106 4.13324 4.11538 4.09752 4.14664 4.31573 4.31573 4.31573 4.31573 4.31573 4.31573 4.31573 4.31573 3.65151 3.52219 3.52219 3.52219 3.52219 3.52219 3.52219 3.52352 3.52529 3.52318 3.52166 3.52166 3.52166 3.51387 3.48668 3.45858 3.43049 3.40238 3.41995 3.53888 3.53875 3.53875
6.12340 6.12340 6.12340 6.12340 6.07925 5.23991 4.97304 4.97304 4.97304 4.32724 4.25473 4.36104 4.46724 4.57339 4.67964 4.76199 4.76774 4.76774 4.76798 4.78144 4.54891 4.35252 3.79374 3.76056 3.74272 3.72487 3.89968 4.07959 4.07938 4.07938 4.07938 4.07938 4.07938 4.07938 4.07938 4.09037 4.31148 4.31573 4.31573 4.31573 4.31573 4.31573 4.31573 4.31573 3.83346 3.52219 3.52219 3.52219 3.52219 3.52219 3.52219 3.54100 3.65856 3.71024 3.43544 3.40734 3.37920 3.35889 3.35798 3.35798 3.35798 3.35798 3.37013 3.53859 3.53875 3.53875
6.12340 6.12340 6.12340 6.12340 6.12340 5.48823 5.16328 5.26953 5.37573 5.01668 4.76805 4.78207 4.80349 4.82465 4.84609 4.86746 4.88868 4.91006 4.93124 4.93897 4.70885 4.30852 3.89320 3.69539 3.69539 3.69539 3.79879 4.07938 4.07938 4.07938 4.07938 4.07938 4.07938 4.07938 4.07938 4.07938 4.26423 4.31573 4.31573 4.31573 4.31573 4.31573 4.31573 4.31573 4.01530 3.52449 3.61449 3.73333 3.83532 3.92367 4.00079 4.06085 4.07070 4.06511 3.41472 3.35798 3.35798 3.35798 3.35798 3.35798 3.35798 3.35798 3.35798 3.50577 3.53875 3.53875
6.12340 6.12340 6.12340 6.12340 6.12340 5.78211 5.61991 5.63722 5.65861 5.39550 4.93160 4.93897 4.93897 4.93897 4.93897 4.93897 4.93897 4.93897 4.93897 4.93897 4.86587 4.30859 4.07680 3.69539 3.69539 3.69539 3.71477 4.07420 4.07938 4.07938 4.07938 4.07938 4.07938 4.07938 4.07938 4.07938 4.20607 4.31573 4.31573 4.31573 4.34177 4.40568 4.46090 4.50855 4.46457 4.04663 4.06875 4.06875 4.06875 4.06875 4.06875 4.07014 4.09329 4.12289 3.65299 3.39675 3.40825 3.42052 3.43343 3.44724 3.46192 3.47755 3.49434 3.52982 3.53875 3.53875
6.12340 6.12340 6.12340 6.12340 6.12340 5.98853 5.73662 5.70826 5.70826 5.60439 4.93897 4.93897 4.93897 4.93897 4.93897 4.93897 4.93897 4.93897 4.93897 4.93897 4.93897 4.39206 4.22360 3.69539 3.69539 3.69539 3.69539 4.00436 4.07938 4.07938 4.07938 4.07938 4.07938 4.07938 4.11738 4.53329 5.03729 5.54755 5.70757 4.57408 4.59397 4.59208 4.58981 4.58755 4.58391 4.31413 4.34109 4.38533 4.43219 4.48253 4.53661 4.59136 4.60636 4.60801 4.20640 3.53875 3.53875 3.49718 3.39222 3.28677 3.18132 3.07610 2.99327 2.93180 2.87621 2.82557
6.12340 6.12340 6.12340 6.12340 6.12340 6.10112 5.76528 5.70826 5.70826 5.70780 5.01617 4.93897 4.93897 4.93897 4.93897 4.93897 4.93897 4.93897 4.93897 4.93897 4.93897 4.54967 4.30648 3.77712 3.69539 3.69539 3.69592 3.92687 4.07360 4.26432 4.74194 5.15333 5.50733 5.81469 6.06720 6.11537 6.12205 6.26638 6.26613 4.80636 4.57016 4.57016 4.57016 4.57016 4.57016 4.59101 4.60491 4.60491 4.56772 4.47482 4.38119 4.28763 4.18139 4.00191 3.79257 2.86843 2.81644 2.80418 2.84090 2.87519 2.90689 2.93614 2.94782 2.94782 2.94782 2.94782
6.12340 6.12340 6.12340 6.12340 6.12340 6.12340 5.83387 5.71005 5.70826 5.70826 5.19637 4.93897 4.93897 4.93897 4.93897 4.94085 4.97126 5.01149 5.05159 5.09183 5.13192 4.94047 4.58186 4.40181 4.64371 5.13412 5.55330 5.80460 5.93486 6.10429 6.10746 6.10746 6.10746 6.10746 6.10746 6.10746 6.10746 6.23308 6.26503 5.26330 4.49622 4.43396 4.37137 4.30911 4.24679 4.12640 3.93266 3.83911 3.78266 3.78209 3.78209 3.78209 3.77900 3.66080 3.66066 3.07407 2.94782 2.94782 2.94782 2.94782 2.94782 2.94782 2.94782 2.94782 2.94782 2.94782
6.12340 6.12340 6.12340 6.12340 6.12340 6.12340 5.87854 5.68579 5.65451 5.63710 5.39377 5.21894 5.25908 5.29927 5.33942 5.37781 5.38750 5.38750 5.37508 5.31939 5.25983 5.12508 4.51039 5.10540 6.32761 6.32761 6.32761 6.30381 6.10749 6.10746 6.10761 6.11393 6.12354 6.13316 6.14277 6.15239 6.16200 5.98747 5.76739 5.20341 4.02161 4.02161 4.02161 4.02161 4.02161 3.98065 3.78209 3.78209 3.78209 3.78209 3.78209 3.78209 3.78209 3.68172 3.66066 3.27109 2.94782 2.94782 2.94782 2.94782 2.94471 2.92857 2.91098 2.89339 2.87583 2.85824
6.12340 6.12340 6.12340 6.12340 6.12340 0.00000 5.46659 5.48749 5.50069 5.50069 5.47026 5.38750 5.38750 5.35946 5.29997 5.24053 5.18101 5.12154 5.07440 5.07069 5.07069 5.07069 4.52378 4.59513 6.32947 6.35715 6.36677 6.37638 6.19319 6.17547 6.18494 6.18824 6.18824 6.18824 6.18824 6.18824 6.18824 6.04448 5.71648 5.63292 4.06009 4.02161 4.02161 4.02161 4.02161 4.01632 3.79075 3.78209 3.78209 3.78209 3.78209 3.78209 3.78209 3.70985 3.65715 3.43181 2.91423 2.89663 2.87907 2.86149 2.84703 2.84559 2.84559 2.84559 2.84559 2.84559
0.00000 0.00000 0.00000 0.00000 0.00000 0.00000 5.46659 5.46791 5.42970 5.34031 5.25060 5.16166 5.10218 5.07069 5.08080 5.14073 5.20697 5.27315 5.33986 5.40593 5.47227 5.53887 4.92560 4.52103 6.00482 6.40839 6.40839 6.40839 6.26663 6.18824 6.18824 6.18824 6.18824 6.18824 6.18824 6.18824 6.18824 6.15666 5.72044 5.71648 4.44719 4.02161 4.02161 4.02161 4.02161 4.02161 3.85315 3.78209 3.78200 3.74228 3.66958 3.59697 3.52435 3.42317 3.39422 3.36900 2.86554 2.84559 2.84559 2.84559 2.84559 2.84559 2.84559 2.84559 2.84559 2.84559
0.00000 0.00000 4.27065 4.27065 4.27065 4.27065 4.26494 4.87072 5.20719 5.32702 5.42621 5.42817 5.47079 5.53686 5.59304 5.59971 5.59971 5.59971 5.59971 5.59971 5.59971 5.59971 5.19818 4.52103 5.47439 6.40839 6.40839 6.40839 6.31775 6.18824 6.18824 6.18824 6.18824 6.18824 6.18824 6.18824 6.18824 6.18824 5.80505 5.71648 4.91803 4.02161 4.02161 4.00924 3.96277 3.91434 3.72264 3.47586 3.40332 3.37043 3.37043 3.37043 3.37043 3.36553 3.36607 3.38622 2.99704 2.84559 2.84559 2.84559 2.84559 2.84559 2.84559 2.84559 2.84559 2.84559
4.19542 4.18440 4.17707 4.16344 4.15021 4.13880 4.13003 4.88966 5.75489 5.81901 5.81901 5.68834 5.59971 5.59971 5.59971 5.59971 5.59971 5.59971 5.59971 5.59971 5.59971 5.59971 5.46757 4.52103 4.94420 6.40839 6.40839 6.40839 6.36880 6.18824 6.18824 6.18824 6.18824 6.18824 6.18824 6.18824 6.18824 6.18516 5.86000 5.57749 5.18321 3.83362 3.78519 3.74601 3.71538 3.68139 3.57420 3.37043 3.37043 3.37043 3.37043 3.37043 3.37043 3.37043 3.35733 3.38622 3.14575 2.84559 2.84559 2.84559 2.84559 2.87043 2.91861 2.96692 3.01514 3.06382
4.12883 4.12883 4.12883 4.12883 4.12883 4.12883 4.12883 4.50326 5.71029 5.81901 5.81901 5.74281 5.59971 5.59971 5.59971 5.59971 5.59971 5.59971 5.59971 5.59971 5.59971 5.59971 5.59971 4.65711 4.54443 6.27784 6.40839 6.40839 6.40647 6.20165 6.18824 6.18211 6.12774 6.01794 5.90578 5.79376 5.68155 5.57278 5.36763 5.01275 4.97042 3.54095 3.36951 3.33858 3.33315 3.33315 3.33566 3.37040 3.37043 3.37043 3.37043 3.37109 3.44541 3.56966 3.57779 3.56659 3.52501 3.13827 3.20270 3.26711 3.33152 3.37109 3.38719 3.40329 3.41942 3.43521
4.12883 4.12883 4.12883 4.12883 4.12883 4.12883 4.12883 4.17115 5.61557 5.81509 5.81901 5.80453 5.60219 5.59971 5.59971 5.59971 5.59971 5.59971 5.59971 5.59971 5.59995 5.60041 5.60089 4.92718 4.52314 5.77361 6.40892 6.35314 6.27557 5.79039 5.51189 5.40607 5.34829 5.34615 5.34615 5.34615 5.34615 5.34615 5.30897 4.87674 4.87439 3.89088 3.33315 3.36571 3.44795 3.53071 3.61347 3.87446 4.03907 4.16299 4.28724 4.41061 4.46031 4.46031 4.29181 3.96421 3.97778 3.49824 3.44034 3.44034 3.44034 3.44034 3.44034 3.44034 3.44034 3.44034
