High_resolution/powerplant/Fengdu/OMI_NO2_200704.asc
ncols      200
nrows      200
xllcorner       105.978
yllcorner       28.1831
cellsize     0.0166667
NODATA_Value      -999.000
[rows 87 to 115 of 200, columns 66 to 131 of 200]
2.78058 2.78963 2.73887 2.73883 2.75251 2.76622 2.77984 2.76803 2.74179 2.75056 2.75066 2.75066 2.86868 3.24272 3.24272 3.24272 3.24272 3.24272 3.24272 3.24272 3.24272 3.24272 3.23359 3.12121 3.12010 3.12010 3.08414 2.97750 2.86883 2.76023 2.65163 2.54303 2.45336 2.44430 2.44430 2.44430 2.44430 1.73798 1.04993 0.979710 0.979710 0.979710 0.979710 0.979710 0.979710 0.979710 0.979710 0.979710 0.979710 0.979710 0.979710 0.979710 0.979710 0.773420 0.664407 0.673042 0.858019 1.06038 1.18041 1.25818 1.31375 1.34844 1.34967 1.39496 1.57668 1.57668
2.85923 2.85923 2.83862 2.81598 2.81598 2.81598 2.81598 2.80824 2.75070 2.75066 2.75066 2.75066 2.79932 3.24272 3.24272 3.24272 3.24272 3.24272 3.24272 3.24272 3.30003 3.43512 3.57055 2.96543 2.62744 2.51891 2.44619 2.44430 2.44430 2.44430 2.44430 2.44430 2.44430 2.44430 2.44430 2.44430 2.44430 1.88838 1.20264 0.979710 0.979710 0.979710 0.979710 0.979710 0.979710 0.979710 0.979710 0.979710 0.979710 0.979710 1.03165 1.23796 1.36061 1.23239 1.29277 1.34339 1.35034 1.34967 1.34967 1.34967 1.34967 1.34967 1.34967 1.35786 1.57286 1.57668
2.85923 2.85923 2.85012 2.81598 2.81598 2.81598 2.81598 2.81598 2.76072 2.75066 2.75066 2.75066 2.75418 3.20414 3.30125 3.43651 3.57193 3.70735 3.84293 3.97770 4.05517 4.05557 4.05557 3.20886 2.44430 2.44430 2.44430 2.44430 2.44430 2.44430 2.44430 2.44430 2.44430 2.44430 2.44430 2.44430 2.44430 2.08662 1.35593 0.979710 0.979710 0.979710 0.979710 0.979710 0.979710 1.08728 1.29636 1.47369 1.61839 1.71110 1.75833 1.73042 1.69258 1.35205 1.34967 1.34967 1.34967 1.34967 1.34967 1.34967 1.34967 1.35641 1.38771 1.41809 1.60203 1.66054
2.85923 2.87968 2.94320 2.83504 2.81598 2.81598 2.81598 2.81598 2.80947 2.84820 2.91595 2.98366 3.05088 3.65281 4.05525 4.05557 4.05557 4.05557 4.05557 4.05557 4.05557 4.05557 4.05557 3.64237 2.44430 2.44430 2.44430 2.44430 2.44430 2.44430 2.44430 2.44430 2.44430 2.44430 2.44430 2.44430 2.44430 2.35103 1.50867 0.990408 1.15301 1.35205 1.52126 1.66694 1.79343 1.85614 1.85626 1.85626 1.75198 1.70419 1.70419 1.70419 1.70419 1.43927 1.35008 1.37549 1.40739 1.43649 1.46312 1.48761 1.51015 1.52720 1.52870 1.52870 1.63685 1.69896
3.12661 3.17094 3.18747 3.04069 2.99713 3.07758 3.15799 3.23839 3.24583 3.15708 3.15708 3.15708 3.15708 3.50624 4.05557 4.05557 4.05557 4.05557 4.05557 4.05557 4.05557 4.05557 4.05557 4.01110 2.50924 2.44430 2.44430 2.44430 2.44430 2.44430 2.44430 2.44430 2.44430 2.44430 2.44430 2.44430 2.44430 2.79543 2.20855 1.89752 1.85626 1.85626 1.85626 1.85626 1.85626 1.85626 1.85626 1.85626 1.80985 1.74896 1.78715 1.82539 1.86365 1.73901 1.53523 1.52870 1.52870 1.52870 1.52870 1.52870 1.52870 1.52870 1.52870 1.52870 1.61153 1.69896
3.39102 3.44462 3.48304 3.41978 3.28455 3.28455 3.28455 3.28455 3.27812 3.15977 3.15708 3.15708 3.15708 3.34959 4.05557 4.05557 4.05557 4.05557 4.05557 4.05557 4.05557 4.05557 4.05557 4.05557 2.89811 2.44430 2.44430 2.44430 2.44430 2.44430 2.44430 2.44430 2.44430 2.44430 2.44430 2.44430 2.44430 2.83348 2.45263 2.03002 1.85626 1.85642 1.88568 1.93667 1.98765 2.03863 2.08958 2.14160 2.17467 1.96515 1.96171 1.96571 1.96973 1.91420 1.58506 1.56141 1.56541 1.56942 1.57345 1.57745 1.58152 1.58556 1.58956 1.59358 1.63960 1.70468
3.48467 3.48467 3.48467 3.46641 3.28464 3.28455 3.28455 3.28455 3.28455 3.18797 3.15708 3.15708 3.15708 3.22794 4.05557 4.05557 4.05557 4.00955 3.89784 3.79064 3.69243 3.59807 3.51129 3.42805 2.77571 2.03103 1.99422 1.95870 1.92553 1.89362 1.86358 1.83452 1.80710 1.78061 1.75556 1.74086 1.83112 2.13469 2.60295 2.56168 2.26386 2.32003 2.34704 2.35241 2.35786 2.36321 2.36856 2.37290 2.37329 2.16500 2.09196 2.09196 2.09196 2.09166 1.75709 1.67153 1.67153 1.67153 1.67153 1.67153 1.67153 1.67153 1.67153 1.66794 1.65623 1.69659
3.35110 3.33420 3.31730 3.30040 3.04840 2.95720 2.93185 2.90650 2.88134 2.79418 2.70311 2.67764 2.65229 2.62756 2.43760 2.39023 2.35937 2.34046 2.34046 2.34046 2.34046 2.34046 2.34046 2.34046 2.19529 1.53483 1.53483 1.53483 1.53483 1.55451 1.66351 1.78355 1.90344 2.02355 2.14344 2.25573 2.28041 2.28748 2.74934 2.90478 2.38856 2.37329 2.37329 2.37329 2.37329 2.37329 2.37329 2.37329 2.37329 2.25045 2.09196 2.09196 2.09196 2.09196 1.87030 1.67513 1.67153 1.67153 1.67131 1.65260 1.61782 1.58271 1.54770 1.51617 1.49752 1.56273
3.07843 3.07843 3.07843 3.07843 2.89541 2.67519 2.67519 2.67519 2.67519 2.64802 2.54773 2.54773 2.54773 2.54773 2.39635 2.34046 2.34046 2.34046 2.34046 2.34046 2.34046 2.34046 2.34046 2.33189 2.29806 1.83244 1.92916 2.04905 2.16909 2.26945 2.28041 2.28041 2.28041 2.28041 2.28041 2.28041 2.28041 2.28041 2.61733 2.92413 2.51473 2.37329 2.37329 2.37329 2.37329 2.37329 2.37329 2.37329 2.37329 2.34734 2.09554 2.09196 2.09196 2.08401 1.93062 1.63434 1.58269 1.54759 1.51279 1.49637 1.49617 1.49617 1.49617 1.49617 1.49617 1.54530
3.07843 3.07843 3.07843 3.07843 2.99961 2.67519 2.67519 2.67519 2.67519 2.67382 2.55661 2.54773 2.54773 2.54773 2.43931 2.34046 2.34046 2.33141 2.30013 2.26820 2.23596 2.20387 2.17179 2.14810 2.14694 2.23270 2.28041 2.28041 2.28041 2.28041 2.28041 2.28041 2.28041 2.28041 2.28041 2.28041 2.28041 2.28041 2.48816 2.89113 2.66285 2.37329 2.37329 2.37329 2.37329 2.37329 2.37329 2.37329 2.34729 2.28519 2.02993 1.92830 1.87012 1.81984 1.78995 1.53133 1.49617 1.49617 1.49617 1.49617 1.49617 1.49617 1.49617 1.49617 1.49398 1.48206
3.07843 3.07843 3.07843 3.07843 3.07035 2.70259 2.67519 2.67519 2.67519 2.67519 2.58997 2.53801 2.50678 2.47450 2.37695 2.20306 2.17094 2.14795 2.14694 2.14694 2.14694 2.14694 2.14694 2.14694 2.14694 2.19696 2.28041 2.28041 2.28041 2.28041 2.28041 2.28041 2.28041 2.28041 2.28041 2.28041 2.28041 2.28041 2.33952 2.84833 2.81109 2.37329 2.37146 2.32695 2.26462 2.20229 2.13996 2.13767 2.28081 2.43799 2.23147 1.79678 1.79665 1.79665 1.79665 1.59991 1.49617 1.49617 1.47304 1.42105 1.36905 1.31702 1.26499 1.21299 1.16311 1.14458
3.07520 3.07241 3.06962 3.06684 3.06497 2.83736 2.71057 2.74209 2.77363 2.80519 2.65197 2.35498 2.35420 2.35420 2.33151 2.14694 2.14694 2.14694 2.14694 2.14694 2.14694 2.14694 2.14694 2.14694 2.14694 2.16103 2.28017 2.28041 2.28041 2.28041 2.28041 2.28041 2.28041 2.28041 2.28041 2.28041 2.28041 2.28041 2.28041 2.64717 2.72940 2.15760 2.05871 2.08902 2.26545 2.42488 2.56294 2.64884 2.65182 2.65182 2.55279 1.79489 1.75040 1.69986 1.64942 1.47935 1.23940 1.17890 1.15006 1.14999 1.14999 1.14999 1.14999 1.14999 1.14999 1.14894
3.08467 3.10571 3.12675 3.14777 3.16881 3.08439 2.85877 2.85877 2.85877 2.85877 2.79565 2.35430 2.35420 2.35420 2.35418 2.16712 2.14694 2.14694 2.14694 2.14694 2.14694 2.14694 2.14694 2.14694 2.14694 2.14694 2.25851 2.28041 2.28041 2.28041 2.28041 2.28041 2.28041 2.28041 2.28041 2.28041 2.28041 2.28041 2.28041 2.43755 2.75621 2.56493 2.55144 2.64607 2.65182 2.63528 2.58568 2.53514 2.48469 2.43412 2.38368 1.65418 1.47370 1.47370 1.47370 1.42365 1.17847 1.14986 1.14929 1.14867 1.14804 1.14740 1.14676 1.14611 1.14544 1.14476
3.18730 3.18730 3.18730 3.18730 3.18730 3.16168 2.85976 2.85877 2.85877 2.85877 2.85877 2.42837 2.35420 2.35420 2.35420 2.20999 2.14694 2.14694 2.14694 2.14694 2.14694 2.14961 2.14694 2.14694 2.14694 2.14838 2.23256 2.30039 2.31000 2.31988 2.32945 2.33936 2.34894 2.35885 2.36840 2.41273 2.62755 2.82443 2.98401 3.02443 3.22845 3.00132 2.67346 2.62604 2.57762 2.54813 2.55819 2.56956 2.58118 2.59308 2.60503 2.09271 1.53917 1.54190 1.54476 1.54540 1.21427 1.12148 1.12142 1.12142 1.12142 1.12142 1.12142 1.12142 1.12142 1.12142
3.19409 3.20518 3.21624 3.22731 3.23848 3.24954 3.04142 3.00968 3.05756 3.10249 3.14462 2.93215 2.80061 2.84763 2.89212 2.82848 2.75494 2.79345 2.82995 2.86477 2.89791 2.74952 2.39568 2.40553 2.41517 2.42358 2.46411 2.55799 2.55799 2.55799 2.55799 2.57951 2.75552 2.86470 2.93578 2.97803 2.92040 2.84740 2.77489 2.74606 3.10928 3.14912 2.69326 2.69326 2.69326 2.69326 2.69326 2.69326 2.69326 2.69326 2.69326 2.49759 1.55303 1.55303 1.55303 1.55303 1.33064 1.12170 1.12142 1.12142 1.12142 1.12149 1.09968 1.05315 1.00638 0.959893
3.45328 3.45328 3.48986 3.56368 3.57147 3.57895 3.54624 3.50289 3.50289 3.50289 3.50289 3.39885 3.16651 3.16651 3.16651 3.10500 2.94742 2.94742 2.94742 2.94742 2.94742 2.87583 2.42452 2.42452 2.42452 2.42452 2.42742 2.45434 2.54012 2.65365 2.74520 2.80820 2.76310 2.74678 2.74678 2.74678 2.74678 2.74678 2.74678 2.74678 3.02474 3.22392 2.75905 2.69326 2.69326 2.69326 2.69326 2.69326 2.69326 2.69326 2.69326 2.69291 1.71551 1.55303 1.55303 1.55303 1.42975 1.15800 1.12507 1.07843 1.03175 0.985097 0.960181 0.960181 0.960181 0.960181
3.45328 3.45328 3.47199 3.58826 3.58826 3.58826 3.57180 3.50289 3.50289 3.50289 3.50289 3.48429 3.17250 3.16651 3.16651 3.14990 2.94791 2.94742 2.94742 2.94742 2.94481 2.92354 2.40505 2.34464 2.42287 2.54036 2.63745 2.52728 2.69365 2.74678 2.74678 2.74678 2.74678 2.74678 2.74678 2.74678 2.74678 2.74678 2.74678 2.74678 2.93869 3.22397 2.89960 2.69326 2.69326 2.69326 2.69326 2.69326 2.69326 2.69326 2.69326 2.65716 1.94376 1.33034 1.20167 1.04322 0.923192 1.03345 0.960181 0.960181 0.960181 0.960181 0.960181 0.960181 0.960181 0.960181
3.45328 3.45328 3.45328 3.57600 3.58826 3.58826 3.58722 3.51003 3.50289 3.50289 3.50289 3.50289 3.24536 3.16651 3.16381 3.14773 2.93998 2.89285 2.87514 2.85725 2.87406 2.93738 2.73420 2.71299 2.74610 2.74610 2.74610 2.62031 2.61182 2.74678 2.74678 2.74678 2.74678 2.74678 2.74678 2.74678 2.74678 2.74678 2.74678 2.74678 2.84745 3.22450 3.04024 2.69326 2.69326 2.69141 2.62794 2.53424 2.44070 2.34715 2.21059 2.06543 1.72533 0.824248 0.794682 0.794682 0.794682 0.978453 0.960181 0.960181 0.960181 0.958319 0.948614 0.938034 0.927439 0.916859
3.45328 3.45328 3.44502 3.51737 3.53311 3.50808 3.48305 3.48870 3.48961 3.37843 3.24764 3.11692 3.03396 3.07599 3.06093 3.05917 2.93337 2.92558 2.98309 3.03274 3.05778 3.05788 2.91604 2.74610 2.74610 2.74610 2.74610 2.68943 2.53016 2.74678 2.74678 2.74678 2.74678 2.74678 2.74678 2.74678 2.74678 2.74678 2.74678 2.74678 2.76538 3.16808 2.98934 2.41338 2.31723 2.22552 2.15949 2.07219 1.98458 1.89697 1.85238 1.85238 1.84312 0.891103 0.794619 0.788497 0.777480 0.920267 0.923620 0.910401 0.899806 0.891080 0.890206 0.890206 0.890206 0.890206
3.35150 3.31814 3.28755 3.28977 3.29141 3.19343 3.09527 2.95980 2.75896 2.73934 2.73934 2.73934 2.82245 3.11406 3.15840 3.19661 3.14660 3.05788 3.05788 3.05788 3.05788 3.05788 2.98084 2.74610 2.74610 2.74610 2.74610 2.74261 2.50506 2.70617 2.74678 2.74678 2.74678 2.74678 2.74678 2.75895 2.81002 2.85844 2.90166 2.94049 2.97145 2.99151 2.69669 2.17712 1.99209 1.90452 1.85275 1.85238 1.85886 1.90174 1.95499 2.01494 2.08269 1.29365 0.708927 0.700527 0.700527 0.798209 0.924508 0.890206 0.890206 0.890206 0.890206 0.890206 0.890206 0.890206
2.81704 2.68639 2.56102 2.62260 2.89432 2.89432 2.89432 2.88335 2.74584 2.80712 2.87525 2.93379 2.98087 3.20737 3.22220 3.22220 3.18183 3.05788 3.05788 3.05788 3.05788 3.05788 3.03779 2.74689 2.74610 2.74610 2.74610 2.74610 2.57067 2.62433 2.76530 2.81781 2.86537 2.90782 2.94453 2.97010 2.97016 2.96809 2.94830 2.88286 2.81509 2.83516 2.34821 2.07723 1.97950 2.04249 2.11402 2.19592 2.27621 2.28707 2.28707 2.28707 2.28707 1.82317 0.700527 0.700527 0.700527 0.708391 0.954537 0.890206 0.890206 0.890206 0.890206 0.890206 0.890206 0.890206
2.52803 2.52803 2.52803 2.53764 2.88454 2.92840 2.97477 3.01293 2.97782 2.95834 2.94816 2.93797 2.92318 3.06845 3.12646 3.10825 3.08232 2.98794 2.97795 2.96790 2.95779 2.94771 2.93761 2.73512 2.69343 2.71302 2.77167 2.81905 2.77456 2.74162 2.92320 2.92185 2.91980 2.91779 2.90336 2.84134 2.73589 2.60367 2.48930 2.42051 2.35394 2.41348 1.87506 1.92933 2.28707 2.28707 2.28707 2.28707 2.28707 2.28707 2.28707 2.28707 2.28707 2.24042 0.780013 0.700527 0.700527 0.700527 0.918594 0.890206 0.890206 0.890206 0.890206 0.890206 0.891837 0.906356
2.29240 2.27882 2.26508 2.25140 2.71868 2.82371 2.80914 2.79738 2.72636 2.64077 2.63275 2.62471 2.62128 2.71979 2.86115 2.86115 2.86115 2.87958 2.88301 2.88301 2.88301 2.88301 2.88301 2.76034 2.66798 2.77833 2.91667 2.91667 2.88886 2.72162 2.83187 2.72770 2.59557 2.46330 2.34496 2.27476 2.24794 2.24794 2.24794 2.24794 2.24794 2.31035 2.09270 1.84720 2.28025 2.34138 2.38225 2.31689 2.28707 2.28707 2.28707 2.28707 2.28707 2.28707 1.22900 0.700527 0.700527 0.700527 0.857539 0.887409 0.824797 0.804880 0.804489 0.804333 0.801625 0.784534
2.20167 2.20167 2.20167 2.20167 2.52933 2.76888 2.76888 2.76888 2.74151 2.62128 2.62128 2.62128 2.62128 2.65481 2.86115 2.86115 2.86115 2.87505 2.88301 2.88301 2.88301 2.88301 2.88301 2.80724 2.66047 2.68268 2.89558 2.87456 2.84889 2.34347 2.24639 2.24794 2.24794 2.24794 2.24794 2.24794 2.24794 2.24794 2.24794 2.24794 2.26260 2.29521 2.38903 2.03276 2.33509 2.45392 2.45392 2.37899 2.28707 2.28707 2.28707 2.28707 2.28707 2.28707 1.74056 0.755989 0.800993 0.917342 1.04481 0.703545 0.756444 0.784534 0.784534 0.784534 0.784534 0.784534
2.20167 2.20167 2.20167 2.20167 2.35607 2.76593 2.76888 2.76888 2.76765 2.63525 2.62128 2.62128 2.62128 2.62128 2.82971 2.86115 2.86115 2.87002 2.87714 2.87054 2.86397 2.85736 2.85046 2.79543 2.57211 2.54668 2.76399 2.80425 2.80425 2.46106 2.24132 2.24794 2.24794 2.24794 2.24794 2.25053 2.27445 2.30063 2.32431 2.34576 2.35588 2.35588 2.53630 2.07232 2.23095 2.45392 2.45392 2.42324 2.28766 2.31455 2.35548 2.39638 2.43648 2.45807 2.36122 1.22528 1.30011 1.32579 1.32579 0.961416 0.784534 0.784534 0.784534 0.784534 0.785555 0.804517
2.20167 2.20167 2.20167 2.20167 2.23788 2.69152 2.66677 2.58630 2.50579 2.54335 2.62128 2.62155 2.62550 2.63060 2.75995 2.83527 2.82866 2.82728 2.84322 2.83384 2.81477 2.79570 2.77694 2.76738 2.53161 2.51809 2.68699 2.80425 2.80425 2.61249 2.23932 2.25758 2.28575 2.31084 2.33353 2.35248 2.35588 2.35588 2.35588 2.35588 2.35588 2.35588 2.54018 2.16895 2.16047 2.50814 2.53543 2.56135 2.49936 2.48686 2.45995 2.43307 2.40699 2.39943 2.39943 1.61459 1.32579 1.32579 1.32579 1.15398 0.854839 0.893831 0.941610 1.00166 1.07535 1.13479
2.17569 2.05101 1.91689 1.78278 1.64866 2.16078 2.38093 2.38501 2.38908 2.46934 2.64500 2.64981 2.65095 2.65095 2.70679 2.81526 2.79657 2.77819 2.77975 2.77059 2.77059 2.77059 2.77059 2.77059 2.59429 2.51809 2.59874 2.72692 2.68656 2.76353 2.33868 2.35293 2.35588 2.35588 2.35588 2.35588 2.35588 2.35588 2.34547 2.29542 2.23744 2.17429 2.21959 2.26408 2.18552 2.55603 2.57077 2.55285 2.46424 2.39943 2.39943 2.39943 2.39943 2.39943 2.39943 1.94876 1.32579 1.32579 1.32579 1.28725 1.09989 1.22605 1.37557 1.48357 1.56512 1.61939
1.56344 1.56073 1.56751 1.57429 1.58109 1.97455 2.40028 2.40198 2.40198 2.41824 2.64819 2.64743 2.62983 2.61076 2.60336 2.74720 2.74873 2.74873 2.76622 2.77059 2.77059 2.77059 2.75830 2.66584 2.43766 2.19685 2.12120 2.38796 2.43701 2.79681 2.43786 2.35109 2.35588 2.34017 2.28736 2.22868 2.16484 2.09490 2.03437 2.02916 2.02916 2.02267 2.06158 2.27633 2.13423 2.37811 2.52883 2.52883 2.49353 2.39943 2.39943 2.39943 2.39943 2.39943 2.39943 2.27899 1.35021 1.42097 1.48562 1.53957 1.60116 1.62466 1.62466 1.62466 1.62466 1.62466
1.59017 1.59017 1.59017 1.59017 1.59017 1.82208 2.33997 2.40067 2.38801 2.37276 2.53450 2.57980 2.57833 2.57833 2.57767 2.70813 2.74052 2.73987 2.77495 2.74145 2.65782 2.58143 2.52094 2.52698 2.45981 2.22332 2.23621 2.47372 2.55459 2.88293 2.66995 2.35082 2.30109 2.26017 2.27252 2.28685 2.30170 2.30990 2.30818 2.31536 2.33616 2.36600 2.39855 2.41073 2.22744 2.33877 2.52883 2.52883 2.52219 2.40184 2.39943 2.39863 2.38071 2.35959 2.34203 2.32721 1.74422 1.60101 1.60101 1.60101 1.61625 1.62466 1.62466 1.62466 1.62466 1.62466
