High_resolution/powerplant/Fengdu/OMI_NO2_200606.asc
ncols      200
nrows      200
xllcorner       105.978
yllcorner       28.1831
cellsize     0.0166667
NODATA_Value      -999.000
[rows 145 to 173 of 200, columns 0 to 66 of 200]
4.06152 4.06152 3.94199 3.55213 3.55213 3.55213 3.55213 3.55213 3.52694 3.42442 3.31649 3.20847 3.14263 3.14189 3.00828 2.76279 2.71681 2.71681 2.71681 2.71681 2.71681 2.71681 2.71681 2.71681 2.71681 2.71681 2.71681 2.82589 2.87877 2.87877 2.87877 3.00665 3.02820 3.02820 3.02820 3.02820 3.02820 3.02820 3.07053 3.12920 2.79773 2.81223 2.82273 2.82318 2.82318 2.82318 2.82318 2.82318 2.67664 2.55237 2.53892 2.52534 2.51189 2.42205 2.28522 2.28522 2.28522 2.41813 2.43309 2.42527 2.32970 2.12655 1.90127 1.76183 1.75724 1.75724 1.75724
4.06152 4.06152 4.05346 3.56866 3.53953 3.44600 3.33807 3.23009 3.14731 3.14189 3.14189 3.14189 3.14189 3.14189 3.08056 2.78115 2.71884 2.71160 2.70631 2.70112 2.69587 2.69062 2.68544 2.68012 2.67495 2.66971 2.66444 2.68304 2.68178 2.66834 2.65489 2.79244 2.86102 2.85205 2.87648 3.01753 3.16861 3.31981 3.42837 3.41685 2.65543 2.57530 2.56633 2.55737 2.54841 2.53944 2.53048 2.52154 2.38061 2.11078 2.11078 2.11078 2.11078 2.14144 2.28522 2.28522 2.28522 2.26250 2.12554 2.01330 1.98878 1.97402 1.88271 1.75724 1.75724 1.74395 1.70195
4.05518 3.93500 3.77310 3.27582 3.10178 3.08386 3.08041 3.07689 3.07341 3.06995 3.06641 3.06296 3.05946 3.05596 3.04428 2.66139 2.59401 2.57222 2.57222 2.57222 2.57222 2.57222 2.57222 2.57222 2.57222 2.57222 2.57222 2.53113 2.41830 2.41830 2.45621 2.76641 3.05146 3.21152 3.33819 3.34835 3.34835 3.34835 3.34836 3.34879 2.81034 2.44531 2.41558 2.38377 2.34969 2.31303 2.27350 2.23077 2.16831 2.11078 2.11078 2.11078 2.11078 2.12001 2.28522 2.28522 2.28522 2.19925 1.98878 1.98878 1.98878 2.05200 2.08555 1.72147 1.60978 1.58008 1.57910
3.48801 3.44616 3.44616 3.18691 3.04550 3.04550 3.04550 3.04550 3.04550 3.04550 3.04550 3.04550 3.04550 3.04550 3.04550 2.76639 2.61434 2.57222 2.57222 2.57222 2.57222 2.57222 2.57222 2.57222 2.57222 2.57222 2.59987 2.79733 2.89425 3.13379 3.33604 3.35765 3.35192 3.35283 3.35380 3.35484 3.35598 3.35720 3.35852 3.35900 2.97749 2.11078 2.11078 2.11078 2.11078 2.11078 2.11078 2.11078 2.11078 2.11078 2.11078 2.11078 2.11078 2.11078 2.25379 2.28522 2.28522 2.41855 2.26498 2.38659 2.55301 2.65574 2.47945 1.88673 1.48067 1.36279 1.24496
3.44616 3.44616 3.44616 3.26963 3.04550 3.04550 3.04550 3.04550 3.04550 3.04550 3.04550 3.04550 3.04550 3.04550 3.04550 2.87027 2.63432 2.57331 2.57222 2.57222 2.57222 2.57222 2.59113 2.78782 3.02780 3.26795 3.48046 3.51291 3.38064 3.35900 3.35900 3.35900 3.35900 3.35900 3.35900 3.35900 3.35900 3.35900 3.35900 3.35900 3.31311 2.16145 2.11078 2.11078 2.11078 2.11078 2.11078 2.11078 2.11078 2.11078 2.11078 2.11078 2.11078 2.18149 2.56900 3.08993 3.42144 3.62034 2.95898 2.65714 2.65714 2.65714 2.51631 1.72211 1.14317 1.14317 1.14317
3.44616 3.44616 3.44616 3.36826 3.04550 3.04550 3.04550 3.04463 3.02400 2.99362 2.96095 2.92563 2.88750 2.84611 2.80100 2.71659 2.63913 2.58953 2.58426 2.76788 3.00795 3.24801 3.46945 3.51291 3.51291 3.51291 3.51291 3.51291 3.41174 3.35900 3.35900 3.35900 3.35900 3.35900 3.35900 3.35900 3.35900 3.35900 3.35900 3.35900 3.35900 2.50211 2.11078 2.11078 2.11078 2.11078 2.11078 2.11078 2.11078 2.18496 2.35132 2.51681 2.68317 2.77861 3.06233 3.62195 3.62195 3.62195 3.29981 2.65714 2.65714 2.65714 2.65659 1.97306 1.17760 1.14317 1.14317
3.38595 3.35635 3.32287 3.28247 2.83121 2.76536 2.71268 2.65644 2.63913 2.63913 2.63913 2.63913 2.63913 2.63913 2.63990 2.68315 2.75076 2.99246 3.45647 3.51291 3.51291 3.51291 3.51291 3.51291 3.51291 3.51291 3.51291 3.51291 3.44304 3.35900 3.35900 3.35900 3.35900 3.35900 3.35900 3.35900 3.35900 3.35900 3.35900 3.35900 3.35900 2.88854 2.11078 2.11078 2.11078 2.18938 2.35487 2.52129 2.68724 2.77894 2.77914 2.77914 2.77914 2.77914 2.93068 3.62195 3.62195 3.62195 3.61752 2.72135 2.65714 2.65714 2.65714 2.19602 1.39081 1.14317 1.14370
3.03410 3.03410 3.03410 3.03410 2.70162 2.63913 2.63913 2.63913 2.63913 2.63913 2.63913 2.66971 2.73724 2.80488 2.87174 2.89610 2.89610 2.96796 3.51106 3.51291 3.51291 3.51291 3.51291 3.51291 3.51291 3.51291 3.51291 3.51291 3.47419 3.35900 3.35900 3.35900 3.35900 3.35900 3.35900 3.35900 3.35900 3.35900 3.35900 3.35900 3.35900 3.12330 2.35292 2.52517 2.69132 2.77908 2.77914 2.77914 2.77914 2.77914 2.77914 2.77914 2.77914 2.77914 2.82584 3.62195 3.62195 3.62195 3.62195 2.93380 2.65714 2.65714 2.65749 2.45173 1.63191 1.14702 1.14773
3.03410 3.03410 3.03410 3.03410 2.76348 2.63913 2.63913 2.65820 2.72373 2.79134 2.85900 2.89603 2.89610 2.89610 2.89610 2.89610 2.89610 2.89610 3.38943 3.51291 3.51291 3.51291 3.51291 3.51291 3.51189 3.50010 3.48604 3.47183 3.44896 3.38841 3.39606 3.40140 3.40673 3.41205 3.41740 3.42276 3.42810 3.32084 3.03761 2.75242 2.46678 2.31783 2.74590 2.88555 2.89087 2.89620 2.90154 2.90685 2.91225 2.91756 2.92290 2.92823 2.93355 2.93890 2.94420 3.50924 3.62195 3.62195 3.62195 3.25992 2.66050 2.66235 2.66385 2.66013 1.92203 1.15571 1.14773
3.03410 3.03410 3.03410 3.05476 2.91204 2.65741 2.71060 2.74503 2.73305 2.71864 2.70458 2.69040 2.67610 2.66208 2.64771 2.63361 2.61951 2.60513 2.89094 3.19366 3.17945 3.16539 3.15101 3.13691 3.12383 3.12124 3.12124 3.12124 3.12124 3.47616 3.54138 3.54138 3.54138 3.45008 3.16582 2.87531 2.58434 2.40640 2.40435 2.40435 2.40435 2.40435 2.65547 2.96153 2.96153 2.96153 2.96153 2.96153 2.96153 2.96153 2.96153 2.96153 2.96153 2.96153 2.96153 3.32343 3.62195 3.62195 3.62195 3.60731 2.71360 2.66398 2.66398 2.66231 1.99057 1.16754 1.04577
3.14943 3.28475 3.41996 3.53452 3.34391 2.50444 2.50444 2.50444 2.50444 2.50444 2.50444 2.50444 2.50444 2.50444 2.50444 2.50444 2.50444 2.50444 2.61077 3.12124 3.12124 3.12124 3.12124 3.12124 3.12124 3.12124 3.12124 3.12124 3.12124 3.31847 3.19140 2.90078 2.60993 2.41061 2.40435 2.40435 2.40435 2.40435 2.40435 2.40435 2.40435 2.40435 2.48398 2.96142 2.96153 2.96153 2.96153 2.96153 2.96153 2.96153 2.96153 2.96153 2.96153 2.96153 2.96153 3.18698 3.62195 3.62195 3.62195 3.61594 2.59087 1.99372 1.57995 1.16802 0.939419 0.896581 0.992288
3.54804 3.54804 3.54804 3.54804 3.54804 2.55867 2.50444 2.50444 2.50444 2.50444 2.50444 2.50444 2.50444 2.50444 2.50444 2.50444 2.50444 2.50444 2.50462 3.03384 3.12124 3.12124 3.12124 3.12124 3.12124 3.06598 2.79674 2.50622 2.21537 2.18188 2.40435 2.40435 2.40435 2.40435 2.40435 2.40435 2.40435 2.40435 2.40435 2.40480 2.40956 2.40435 2.40435 2.86937 2.96153 2.96153 2.96153 2.96153 2.96153 2.96153 2.96153 2.96153 2.96153 2.96153 2.96153 3.07724 3.08727 2.25808 1.42921 0.609355 0.583854 0.996247 0.996247 0.996247 0.993830 0.927922 1.08630
3.54804 3.54804 3.54804 3.54804 3.54804 2.69295 2.50444 2.50444 2.50444 2.50444 2.50444 2.50444 2.50444 2.50444 2.50444 2.50444 2.50444 2.50444 2.50444 2.84053 3.12124 3.08065 2.82232 2.53169 2.24084 2.00559 1.98421 1.98421 1.98421 2.08408 2.40435 2.40435 2.40435 2.40435 2.40435 2.40925 2.43190 2.45222 2.46914 2.48324 2.46400 2.40435 2.40435 2.69759 2.96153 2.96153 2.96153 2.96153 2.96153 2.96153 2.96153 2.95503 2.68218 2.26792 1.85366 1.39405 0.286483 0.286483 0.286483 0.286483 0.309937 0.969015 0.996247 0.996247 0.996247 0.943711 1.06362
3.54804 3.54804 3.54804 3.54804 3.54804 2.86456 2.50444 2.50444 2.50444 2.50444 2.50444 2.50444 2.50444 2.50444 2.50444 2.50444 2.50444 2.49437 2.36789 2.28528 2.26631 2.01651 1.98421 1.98421 1.98421 1.98421 1.98421 1.98421 1.98421 2.00344 2.39976 2.41803 2.44083 2.45964 2.47538 2.48656 2.48759 2.48759 2.48759 2.48759 2.48261 2.40530 2.40435 2.52609 2.96153 2.96153 2.96153 2.95319 2.66968 2.25641 1.84198 1.43389 1.29380 1.29380 1.29380 1.29365 0.449431 0.286483 0.286483 0.286483 0.286483 0.830138 0.996247 0.996247 0.996247 0.968844 1.01223
3.54804 3.54804 3.54804 3.54804 3.54804 3.09184 2.50444 2.50444 2.50444 2.50444 2.50444 2.50444 2.50444 2.50208 2.40103 2.20751 1.93505 1.56098 1.46084 1.47028 1.95978 1.98421 1.98421 1.98421 1.98421 1.98421 1.99111 2.04797 2.10429 2.15102 2.43239 2.48759 2.48759 2.48759 2.48759 2.48759 2.48759 2.48759 2.48759 2.48759 2.48759 2.42843 2.40435 2.41006 2.64265 2.24440 1.83031 1.42421 1.29380 1.29380 1.29380 1.29380 1.29380 1.29380 1.29380 1.29380 0.735743 0.286483 0.286483 0.286483 0.286483 0.613057 0.996247 0.996247 0.996247 1.01541 1.01493
3.54804 3.54804 3.54804 3.54804 3.54804 3.40278 2.50569 2.50444 2.50444 2.50444 2.43236 2.25019 1.99668 1.62771 1.46084 1.46084 1.46084 1.46084 1.46084 1.46084 1.85683 1.98421 2.01029 2.07277 2.12477 2.16824 2.20194 2.20750 2.20750 2.20750 2.38387 2.48759 2.48759 2.48701 2.48216 2.47662 2.47107 2.46551 2.45997 2.45495 2.48494 2.51272 2.55362 2.62822 1.77683 1.19411 1.18577 1.17747 1.16913 1.16082 1.15249 1.14415 1.13584 1.12751 1.11920 1.11087 0.865290 0.715829 0.960444 1.14196 0.707818 0.327025 1.03037 1.10469 1.15582 1.18546 1.08830
3.54804 3.54804 3.54804 3.54804 3.54804 3.54804 2.52512 2.26912 2.01800 1.65048 1.38184 1.36742 1.35269 1.33803 1.32353 1.30863 1.29426 1.27937 1.26452 1.25354 1.44196 1.68514 2.00488 2.11779 2.11289 2.10799 2.10318 2.09819 2.09340 2.08847 2.18403 2.31171 2.30615 2.30120 2.30048 2.30055 2.33171 2.38838 2.44505 2.50113 2.52229 2.51282 2.45640 2.45640 2.03237 1.01314 1.01314 1.01314 1.01314 1.01314 1.01314 1.01711 1.11362 1.22910 1.32497 1.40596 1.42672 1.32492 1.32492 1.32492 1.04219 0.286483 0.998587 1.18563 1.18563 1.18563 1.14062
3.54804 3.54804 3.54804 3.54804 3.54804 3.54804 1.07287 1.05256 1.05256 1.05256 1.05256 1.05256 1.05256 1.05637 1.08892 1.11699 1.13721 1.15240 1.15734 1.15734 1.17874 1.59328 1.81592 2.07141 2.07141 2.07141 2.07141 2.07141 2.07141 2.07141 2.12278 2.30048 2.32699 2.38359 2.44024 2.49682 2.52229 2.52229 2.52229 2.52229 2.52229 2.52207 2.46554 2.45640 2.41040 1.07964 1.01314 1.05653 1.17948 1.28357 1.37085 1.44325 1.46322 1.46322 1.46322 1.46322 1.45174 1.32492 1.32492 1.32492 1.24790 0.286690 0.759881 1.40082 1.65775 1.91467 2.13765
3.54804 3.54804 3.54804 0.00000 0.00000 0.00000 1.05256 1.05256 1.05256 1.06309 1.09768 1.12317 1.14184 1.15507 1.15734 1.15734 1.15734 1.15734 1.15734 1.15734 1.15734 1.49791 1.67877 2.07141 2.07141 2.07141 2.07141 2.07141 2.09345 2.14975 2.21487 2.48855 2.52226 2.52229 2.52229 2.52229 2.52229 2.52229 2.52229 2.52229 2.52229 2.52229 2.48769 2.44867 2.44085 1.68800 1.41284 1.46159 1.46322 1.46322 1.46322 1.46322 1.46322 1.46322 1.46322 1.46322 1.46311 1.34073 1.34263 1.54861 1.80553 1.84100 2.23769 2.22351 2.22120 2.22120 2.22120
0.00000 0.00000 0.00000 0.00000 0.00000 1.26212 1.17441 1.12887 1.14612 1.15668 1.15734 1.15734 1.15734 1.15734 1.15734 1.15734 1.15734 1.15734 1.15734 1.15734 1.15734 1.36486 1.60743 2.00550 2.08942 2.14495 2.20160 2.25825 2.29281 2.29321 2.29321 2.48064 2.52229 2.52229 2.52229 2.52229 2.52229 2.52229 2.50590 2.44803 2.38812 2.32826 2.32492 2.42539 2.42539 2.06990 1.46322 1.46322 1.46322 1.46322 1.46322 1.46322 1.46322 1.46322 1.47702 1.61800 1.78928 2.03047 2.30965 2.36050 2.36050 2.35939 2.35763 2.24590 2.22120 2.22120 2.22120
0.00000 0.00000 0.00000 1.26212 1.26212 1.26212 1.25266 1.15791 1.15734 1.15734 1.15734 1.15734 1.15734 1.15734 1.15734 1.15734 1.15734 1.15734 1.15734 1.15734 1.21540 1.45998 1.73284 2.05042 2.29208 2.29321 2.29321 2.29321 2.29321 2.29321 2.29321 2.43414 2.52229 2.52160 2.48325 2.42337 2.36346 2.30355 2.26006 2.25802 2.25802 2.25802 2.26683 2.42147 2.42539 2.35294 1.47649 1.46322 1.46322 1.46322 1.47944 1.62366 1.79460 1.96588 2.12330 2.15360 2.15360 2.24174 2.36050 2.36050 2.36050 2.36005 2.35763 2.28352 2.22120 2.22120 2.22120
0.00000 0.00000 0.00000 1.26212 1.26212 1.26212 1.26212 1.16711 1.15734 1.15734 1.15734 1.15734 1.15734 1.15734 1.15734 1.15734 1.18699 1.38930 1.57856 1.73206 1.83276 1.83944 1.83151 1.95297 2.29321 2.29321 2.29321 2.29321 2.29321 2.28369 2.22949 2.26391 2.33878 2.27957 2.25802 2.25802 2.25802 2.25802 2.25802 2.25802 2.25802 2.25802 2.25802 2.38127 2.42539 2.42539 1.71978 1.62891 1.80026 1.97154 2.12653 2.15360 2.15360 2.15360 2.15360 2.15360 2.15360 2.20465 2.36050 2.36050 2.36050 2.36046 2.35789 2.33968 2.22246 2.22120 2.22120
0.00000 0.00000 0.00000 1.26212 1.26212 1.26212 1.26212 1.18175 1.15734 1.15734 1.15734 1.15734 1.16772 1.34742 1.54510 1.70468 1.82263 1.83944 1.83944 1.83944 1.83944 1.83944 1.83477 1.84032 2.26866 2.26469 2.20484 2.14493 2.08499 2.03465 2.02894 2.07672 2.25802 2.25802 2.25802 2.25802 2.25802 2.25802 2.25802 2.25802 2.25802 2.25802 2.25219 2.26704 2.29427 2.20439 2.14931 2.18469 2.19170 2.19872 2.20573 2.21275 2.21977 2.22681 2.23382 2.24084 2.24786 2.27018 2.36050 2.36038 2.36000 2.35951 2.35803 2.35763 2.19174 2.05390 1.93713
0.00000 0.00000 0.00000 1.26212 1.26212 1.26212 1.26212 1.20066 1.15836 1.30355 1.51017 1.67621 1.80775 1.84165 1.85101 1.86066 1.87080 1.88108 1.89160 1.90256 1.91135 1.87897 1.82843 1.76807 2.05428 2.19578 2.21220 2.22888 2.24599 2.26390 2.28185 2.30840 2.41989 2.42712 2.43413 2.44115 2.44817 2.45518 2.45954 2.41797 2.35027 2.26746 2.17314 2.19274 2.40593 2.40593 2.40281 2.38984 2.38983 2.38983 2.38983 2.38983 2.38983 2.38983 2.38996 2.39164 2.39404 2.39683 2.36352 2.35765 2.35763 2.35763 2.35763 2.35763 2.02606 1.78857 1.78857
0.00000 0.00000 0.00000 0.00000 1.26212 1.44597 1.78221 1.97912 2.08250 2.15762 2.17635 2.19589 2.21623 2.23193 2.23287 2.23287 2.22049 2.14820 2.06805 1.98791 1.91085 1.88993 1.88993 1.87729 2.11848 2.51713 2.51713 2.51713 2.51713 2.51713 2.51713 2.51713 2.49745 2.49426 2.49301 2.45065 2.37859 2.29060 2.18612 2.15489 2.15489 2.15489 2.15489 2.15489 2.37026 2.40593 2.40593 2.39177 2.38983 2.38983 2.39066 2.39289 2.39552 2.39867 2.40222 2.40307 2.40307 2.40307 2.37667 2.35763 2.35763 2.35763 2.35763 2.35763 2.25576 1.76590 1.62176
0.00000 3.20362 3.20362 3.20362 2.48588 2.23214 2.23287 2.23287 2.23287 2.23287 2.23287 2.23287 2.20503 2.12591 2.04580 1.96558 1.89782 1.88993 1.88993 1.88993 1.88993 1.88993 1.88993 1.88212 1.93271 2.51263 2.51713 2.51713 2.51713 2.51713 2.51654 2.46064 2.37406 2.29912 2.19409 2.15489 2.15489 2.15489 2.15489 2.15489 2.15489 2.15489 2.15489 2.15489 2.29675 2.40642 2.41091 2.40262 2.39715 2.40065 2.40305 2.40307 2.40307 2.40307 2.40307 2.40307 2.40307 2.40307 2.38647 2.35763 2.35763 2.30425 2.01487 1.69995 1.38426 1.16190 1.15313
3.20362 3.20362 3.20362 3.20362 2.89090 2.23287 2.23287 2.23236 2.18380 2.10362 2.02351 1.94333 1.89103 1.88993 1.88993 1.88993 1.88993 1.88993 1.88993 1.88993 1.88993 1.88993 1.88993 1.88701 1.87462 2.38037 2.51710 2.46928 2.35730 2.20328 1.97921 1.86127 2.02932 2.15489 2.15489 2.15489 2.15489 2.15489 2.15489 2.15489 2.15489 2.17063 2.20980 2.24915 2.31550 2.44578 2.44851 2.43245 2.40307 2.40307 2.40307 2.40307 2.40307 2.40307 2.40307 2.40307 2.40307 2.37352 2.18301 1.69080 1.37587 1.11356 1.08675 1.08675 1.08675 1.12797 1.15313
3.20362 3.20362 3.20362 3.20362 3.19801 2.15512 2.00122 1.92152 1.88993 1.88993 1.88993 1.88993 1.88993 1.88993 1.88993 1.88993 1.88993 1.88993 1.88993 1.88993 1.88993 1.88993 1.88993 1.93273 1.67211 1.74350 2.00139 1.86127 1.86127 1.86127 1.86127 1.86127 1.95873 2.15489 2.15489 2.15489 2.15682 2.18686 2.22624 2.26562 2.30496 2.32862 2.32883 2.32883 2.33046 2.43759 2.44851 2.44796 2.40544 2.40307 2.40307 2.40307 2.40307 2.37072 2.22356 2.06571 1.90761 1.77970 1.71744 1.08675 1.08675 1.08675 1.08675 1.08675 1.08675 1.10219 1.15308
3.20362 3.20362 3.20362 3.20362 3.20362 2.22557 1.88993 1.88993 1.88993 1.88993 1.88993 1.88993 1.88993 1.88993 1.88993 1.88993 1.88993 1.88993 1.88993 1.91678 2.01516 2.11739 2.21971 2.27916 1.61139 0.826562 1.86127 1.86127 1.86127 1.86127 1.86127 1.86127 1.89541 2.20004 2.24269 2.28205 2.31952 2.32883 2.32883 2.32883 2.32883 2.32883 2.32883 2.32883 2.32883 2.39135 2.44851 2.44851 2.41445 2.36844 2.21898 2.06152 1.90367 1.77792 1.76763 1.76763 1.76763 1.76763 1.76633 1.16962 1.08675 1.08675 1.08675 1.08675 1.08675 1.08675 1.14616
