High_resolution/powerplant/Fengdu/OMI_NO2_2005_06-08.asc
ncols      200
nrows      200
xllcorner       105.978
yllcorner       28.1831
cellsize     0.0166667
NODATA_Value      -999.000
[rows 150 to 179 of 200, columns 0 to 65 of 200]
3.04882 3.01412 2.98613 3.06657 3.17987 3.18433 3.17010 3.14373 3.14696 3.11585 3.13299 3.08833 3.06117 2.63979 2.22199 2.15863 2.22578 2.32710 2.19748 2.13495 2.34247 2.57302 2.56731 2.54550 2.53104 2.53385 2.52579 2.54366 2.52226 2.45361 2.43720 2.38907 2.30458 2.51622 2.84809 2.80232 2.71805 2.77306 2.73944 2.76094 2.50207 2.42825 2.37017 2.29531 2.23928 2.19470 2.13294 2.07068 2.30221 2.45603 2.50675 2.84456 2.90893 2.82034 2.83112 2.77737 2.70156 2.59181 2.73059 2.72369 2.70815 2.76820 0.722466 0.681156 2.01835 1.93447
3.15137 3.04621 3.01176 3.01402 3.17673 3.17666 3.16655 3.05493 2.96039 2.76517 2.66399 2.58209 2.49975 2.27068 1.98604 1.93789 1.97047 2.16404 2.23329 2.16533 2.24647 2.60406 2.58757 2.56513 2.52557 2.52062 2.49759 2.50730 2.48176 2.43924 2.43156 2.41763 2.31592 2.41008 2.82200 2.77911 2.70308 2.75588 2.68465 2.66807 2.33557 2.11206 2.04796 2.03768 2.02690 2.02105 2.01984 2.01360 2.09043 2.28063 2.23297 2.74706 2.90880 2.84860 0.894402 0.959253 0.926503 0.934647 0.831969 0.817401 0.812319 0.816339 0.752526 0.713577 2.02140 1.94738
2.95667 2.61674 2.40926 2.21566 2.11010 2.02041 1.90846 1.78256 1.72091 1.73469 1.77759 1.79161 1.76343 1.76144 1.75399 1.76602 1.86955 2.07290 2.32451 2.15964 2.15734 2.53829 2.56493 2.56388 2.52201 2.54361 2.52671 2.55149 2.51915 2.48384 2.47954 2.48054 2.44446 2.43480 2.91444 2.70108 2.39855 2.09652 1.88865 1.68158 1.72166 2.02339 2.01074 2.00383 2.00001 2.00860 2.01055 2.01478 2.00766 1.99168 1.98495 1.97494 0.818193 0.830674 0.783428 0.874894 0.868976 0.933984 0.839932 0.831508 0.812319 0.813884 0.694803 0.641049 2.03096 1.99254
2.03524 1.88549 1.83761 1.91299 1.89985 1.95178 1.87759 1.75233 1.68301 1.73583 1.85570 1.90783 1.89082 1.89477 1.91064 1.91666 2.05986 2.17228 2.49472 2.33095 2.30894 2.53962 2.68033 2.70072 2.62633 2.63559 2.58683 2.60005 2.55832 2.53883 2.55818 2.48792 2.35863 2.15161 2.00172 1.86575 1.85492 1.61754 1.62142 1.61265 1.63310 1.99645 2.01169 2.00907 2.00380 2.00246 1.99402 1.99371 1.98463 1.95488 1.95831 1.96068 0.717863 0.695837 0.673278 0.794509 0.808409 0.891705 0.779356 0.790515 0.767225 0.770261 0.727247 0.676419 0.664026 2.03581
1.25872 1.82917 1.80687 1.82455 1.77620 1.88993 1.83092 1.74385 1.66131 1.72574 1.80955 1.86279 1.78242 1.75610 1.73147 1.71061 1.81459 1.96432 2.33229 2.23161 2.14942 2.25854 2.60312 2.65631 2.68583 2.70889 2.73778 2.60042 2.34535 2.08116 1.81583 1.73990 1.78596 1.67761 1.66858 1.75665 1.87671 1.66818 1.65847 1.65355 1.66655 1.86839 2.01232 2.00243 2.00631 2.00370 2.00326 2.02000 2.02595 1.98232 1.97589 1.97806 0.896242 0.894308 0.885928 1.02581 1.01790 0.995341 0.881207 0.889846 0.882327 0.864180 0.762285 0.745409 0.690619 2.10576
1.24300 1.77704 1.72051 1.74997 1.70357 1.74585 1.68695 1.61474 1.56969 1.61939 1.63073 1.56338 1.45665 1.43757 1.45994 1.45994 1.52969 1.61553 1.66305 1.60480 1.58533 1.70628 3.04551 2.64783 2.23319 1.84678 1.39785 1.46744 1.20600 1.29296 1.49920 1.46919 1.44850 1.39269 1.43420 1.42448 1.70282 1.65958 1.63228 1.64808 1.66294 1.77115 2.03606 2.01871 2.02106 2.02612 2.04246 2.02855 2.02178 1.98829 1.96338 1.96141 1.95582 0.959101 1.00798 1.23504 1.24653 1.20192 1.02725 0.978337 0.976677 0.963354 0.847226 0.804289 0.769404 1.68794
1.64756 2.00509 1.90141 1.90559 1.81350 1.79266 1.70532 1.60746 1.58917 1.61748 1.64294 1.56525 1.45671 1.37969 1.39947 1.39917 1.43826 1.49516 1.43996 1.37323 1.27986 1.27769 1.23874 1.30339 1.27739 1.30254 1.19658 1.25647 1.02407 1.07656 1.27290 1.24850 1.22968 1.21945 1.24084 1.20215 1.58586 1.62644 1.61281 1.61357 1.67025 1.78118 2.25728 2.35092 2.44252 2.51223 2.55509 2.52598 2.50811 2.50543 2.53956 2.62732 3.06988 3.36011 3.40500 3.09590 1.24068 1.17348 0.946716 0.911159 0.915610 0.934738 0.868199 0.826200 0.846347 1.05111
1.63050 1.93517 1.84723 1.88187 1.81039 1.76100 1.69065 1.62201 1.64890 1.71013 1.73911 1.67587 1.58111 1.47047 1.39159 1.33529 1.31005 1.34076 1.33321 1.32778 1.27878 1.32736 1.33505 1.39074 1.32673 1.26693 1.15554 1.11721 0.930840 0.948043 1.13559 1.12209 1.12940 1.14917 1.51347 2.37849 2.36586 2.38321 2.40303 2.42643 2.47655 2.53410 2.95377 2.99575 3.02057 3.03083 3.04528 3.09367 3.08190 3.21805 3.48755 3.57571 3.54814 3.44380 3.46273 3.27455 1.33397 1.30203 1.06973 1.00523 1.00030 1.02594 0.941383 0.901500 0.937999 1.14121
1.52478 1.62120 1.79791 1.83557 1.76006 1.71423 1.68725 1.65024 1.63629 1.64780 1.61739 1.47665 1.36669 1.31700 1.29215 1.27702 1.29099 1.33555 1.30899 1.22480 1.20722 1.20389 1.24307 1.28652 1.30171 1.15064 1.07950 1.11117 1.01027 1.02665 1.11211 1.11134 1.14599 1.20104 1.30123 2.61430 2.55344 2.46875 2.46854 2.43955 2.45320 2.57661 2.91137 3.44684 3.67944 3.91369 3.85125 3.91786 3.75174 3.74999 3.71371 3.70741 3.65800 3.52400 3.57861 3.45957 1.12938 1.15492 0.980039 0.926213 0.918309 0.928846 0.874288 0.942350 0.956549 1.14511
1.63125 1.74360 1.82391 1.87785 1.82846 1.67333 1.55777 1.51230 1.46610 1.50339 1.52723 1.42766 1.37435 1.33942 1.29250 1.21382 1.19889 1.17230 1.11133 1.09614 1.13003 1.15439 1.21529 1.27342 1.25493 1.11200 1.06919 1.11300 1.02433 1.04739 1.14980 1.15042 1.15102 1.15160 1.12227 2.53905 2.66953 2.58318 2.65819 2.65986 2.68252 2.79811 3.00311 4.06728 4.06758 4.06789 4.02582 4.10531 3.97499 3.96462 3.93100 3.92142 3.85326 3.71434 3.67902 3.57045 1.25327 1.28695 1.14632 1.06433 0.935307 0.851031 0.798284 0.873738 0.864849 1.03606
1.50881 1.74286 1.82391 1.81160 1.64245 1.48989 1.38235 1.38608 1.40792 1.44322 1.46720 1.39562 1.34976 1.33583 1.29586 1.24194 1.24275 1.23883 1.03075 1.04825 1.10825 1.17580 1.27029 1.38438 1.34843 1.22003 1.16779 1.23344 1.24892 1.24892 1.32492 1.32492 1.32492 1.32679 1.30784 2.39899 2.71083 2.71923 2.74597 2.71556 2.71303 2.80647 2.85561 3.95279 4.04396 3.99803 3.95182 4.04070 3.92151 3.96243 4.01128 4.01804 3.99791 3.83904 3.77843 3.58880 3.70341 1.34081 1.21526 1.15522 1.08950 1.00547 0.889955 1.00482 0.955807 1.03563
1.50881 1.75261 1.26483 1.67026 1.50651 1.36343 1.21607 1.27533 1.31637 1.35285 1.35500 1.31179 1.26676 1.26380 1.22262 1.22148 1.21587 1.20923 1.08624 1.04604 1.07528 1.18119 1.31087 1.51797 1.46421 1.34086 1.27695 1.44042 1.37252 1.38321 1.46948 1.45271 1.41136 1.45141 1.41861 2.08809 2.59938 2.64165 2.63084 2.64208 2.64141 2.74455 2.83371 3.37074 3.88863 3.85908 3.75097 3.80403 3.68097 3.59123 3.77551 3.77394 3.77574 3.58234 3.54641 3.44376 3.58632 1.32860 1.21313 1.13105 1.10157 1.03625 0.920711 1.04296 1.02290 1.10121
1.29334 1.43641 1.07713 1.46186 1.35195 1.22544 1.11577 1.16814 1.21597 1.18283 1.16660 1.12825 1.12649 1.12070 1.08404 1.07934 1.07909 1.07909 1.02543 0.960254 0.967975 1.08480 1.20152 1.37905 1.39165 1.31352 1.24115 1.38180 1.37031 1.35588 1.33623 1.33507 1.31572 1.35059 1.37208 1.75172 2.64001 2.66801 2.64600 2.61232 2.62906 2.72390 2.83988 3.08019 3.84429 3.78485 3.65925 3.71748 3.62304 3.44186 3.61295 3.62751 3.65708 3.46494 3.45918 3.28402 3.49297 1.50282 1.45652 1.34849 1.29506 1.22448 1.11784 1.17503 1.11413 1.11413
1.48617 1.61736 1.17626 1.51358 1.43956 1.25650 1.15681 1.16449 1.23480 1.19795 1.15716 1.12292 1.13653 1.14189 1.11162 1.11606 1.12049 1.12493 1.10001 0.974017 0.977533 1.14231 1.35258 1.40391 1.34077 1.24132 1.20240 1.31239 1.31239 1.31239 1.31239 1.31239 1.29488 1.29987 1.34669 1.37313 2.64218 2.68749 2.69899 2.64459 2.65056 2.69689 2.82485 2.84890 3.82443 3.75653 3.59611 3.55908 3.42834 3.53808 3.59621 3.51965 3.39418 3.17608 3.08977 2.83870 2.88531 1.45587 1.41724 1.36319 1.35232 1.36402 1.29034 1.35961 1.36096 1.36096
1.72349 1.52412 1.53389 1.83527 1.89307 1.72975 1.48603 1.34541 1.38765 1.34640 1.30139 1.23528 1.18481 1.18481 1.14277 1.14811 1.18029 1.23938 1.26834 1.19761 1.19464 1.29164 1.49216 1.43920 1.32750 1.20930 1.19295 1.27266 1.27450 1.31187 1.42103 1.52099 1.58067 1.66291 1.80985 1.88527 2.27160 2.25525 2.31545 2.18564 2.13970 2.11342 2.18700 2.15039 2.39690 2.46829 2.41456 2.41324 2.41324 2.48093 2.55607 2.55607 2.53713 2.53725 2.52331 2.39944 2.45339 2.50902 1.41757 1.37020 1.33969 1.37191 1.31137 1.35961 1.40952 1.40952
2.55529 2.06175 2.19530 2.08933 2.01099 1.96018 1.88904 1.46039 1.46064 1.42561 1.40442 1.38548 1.38302 1.45793 1.49907 1.56851 1.64212 1.95131 1.99861 1.98586 1.91311 2.00699 2.19887 2.18919 2.12057 2.09864 2.14761 2.21740 2.25233 2.27540 2.27617 2.27617 2.24292 2.24292 2.25476 2.25324 2.06280 1.88251 2.00080 1.95650 1.91938 1.89629 1.95837 2.00230 2.14390 2.42254 2.42037 2.42254 2.42254 2.44595 2.51709 2.51142 2.48182 2.46219 2.44144 2.37864 2.39851 2.51513 1.28802 1.25580 1.20334 1.37193 1.29612 1.35961 1.40952 1.45467
1.82022 1.30016 1.81231 1.70225 1.61956 1.63090 1.53565 1.55139 1.66019 1.74376 1.88495 1.87597 1.65413 1.66805 1.68488 1.69682 1.79399 2.52052 2.52772 2.50706 2.01978 2.30075 2.38067 2.36115 2.27861 2.24482 2.24155 2.26902 2.26902 2.26902 2.26902 2.26902 2.23483 2.23515 2.24358 2.24727 2.13375 1.86938 1.94099 1.93409 1.87717 1.89844 2.02560 2.17831 2.30511 2.39502 2.37604 2.37553 2.36560 2.38013 2.47267 2.47219 2.44922 2.40457 2.38815 2.34555 2.30249 2.47427 1.18162 1.09925 1.00303 1.15123 1.13054 1.23012 1.28138 1.32818
1.31480 1.22657 1.72592 1.60189 1.50509 1.62688 1.66780 1.92561 2.13882 2.04412 2.02718 1.96572 1.80417 1.78460 1.75844 1.75199 1.72035 2.09996 2.17807 2.16233 2.02104 2.33336 2.37542 2.34996 2.28540 2.21616 2.19363 2.23016 2.23125 2.23238 2.23348 2.23460 2.20765 2.20825 2.21011 2.22487 2.15227 1.81108 1.91961 2.03549 2.07667 2.16725 2.16721 2.29733 2.28219 2.30713 2.28557 2.33177 2.33177 2.36735 2.45564 2.48325 2.44852 2.38210 2.38699 2.36682 2.28363 2.40618 1.22584 1.14999 1.00416 1.17151 1.16783 1.22282 1.27021 1.31110
1.57779 1.71252 1.61544 1.56058 1.47571 1.68776 1.71803 1.83853 1.89412 1.83024 1.82852 1.78827 1.78021 1.81656 1.81656 1.81656 1.77693 2.10848 2.29513 2.16465 2.21607 2.19086 2.45329 2.42538 2.39288 2.27065 2.23846 2.23447 2.23392 2.20627 2.16757 2.13671 2.11275 2.14558 2.17017 2.19769 2.14585 1.76451 1.97603 2.13224 2.08159 2.13264 2.12381 2.27765 2.27161 2.29598 2.28243 2.32114 2.32387 2.34657 2.40396 2.46630 2.44139 2.40038 2.40735 2.41774 2.32230 2.41573 1.24577 1.18414 1.07954 1.04463 1.03258 1.07990 1.12250 1.12081
1.35320 1.38138 1.36155 1.31219 1.26301 1.47784 1.56337 1.62559 1.67723 1.65842 1.65842 1.63010 1.59135 1.63108 1.63108 1.63108 1.60406 2.15136 2.25364 2.08128 2.19400 2.13872 2.42955 2.32388 2.27157 2.12487 2.04619 2.02925 2.02766 2.05177 2.09527 2.16657 2.17100 2.15343 2.12807 2.10037 2.05216 1.67854 1.77984 2.03166 2.21390 2.28690 2.28047 2.35013 2.36569 2.36903 2.35292 2.36591 2.36591 2.36591 2.40590 2.52100 2.49792 2.45888 2.43126 2.39517 2.29112 2.29709 2.48068 1.16931 1.06934 0.925443 0.886786 0.870578 0.911036 0.852545
1.35320 1.29783 1.30740 1.26158 1.22231 1.40221 1.52737 1.59046 1.60861 1.63010 1.63010 1.60435 1.55323 1.60449 1.66228 1.73845 1.78036 2.03943 2.23095 2.06917 2.17843 2.00863 2.25387 2.09250 2.00948 1.95436 1.97274 2.07522 2.10728 2.10681 2.10681 2.12842 2.11285 2.11285 2.09269 2.05913 2.02702 1.75844 1.67084 2.03847 2.20843 2.30490 2.29083 2.30911 2.32490 2.30500 2.26634 2.24319 2.20802 2.16592 2.15177 2.06973 2.01703 1.96696 1.95478 1.89863 1.92803 1.93074 2.10190 1.07161 1.01064 0.949298 0.902391 0.956568 1.00533 0.957453
1.35320 1.27289 1.30541 1.26059 1.18726 1.35861 1.47875 1.56227 1.59441 1.80728 1.85144 1.87376 1.86178 1.94816 1.96004 1.96004 1.93576 1.95925 2.11397 1.97053 2.08831 1.92426 2.20399 2.13660 1.99985 1.97399 1.94191 2.08803 2.11285 2.11285 2.13108 2.14763 2.12654 2.09894 2.04712 1.97293 1.92742 1.75107 1.47694 1.76651 1.81601 1.85874 1.76199 1.75860 1.80855 1.76843 1.75298 1.71345 1.68652 1.65891 1.68096 1.65234 1.64960 1.66430 1.65728 1.62714 1.66592 1.70298 1.85155 0.951192 0.962968 0.961584 0.880189 0.955473 1.00971 0.956568
1.39139 1.26782 1.29242 1.41903 1.41639 1.57590 1.71900 1.77476 1.77234 2.04636 2.05183 2.05183 2.01276 2.07078 2.03964 2.04555 2.02058 2.03758 2.17431 2.09918 2.21396 2.01688 1.90123 2.08000 1.81969 1.80802 1.65755 1.73009 1.68372 1.61497 1.54630 1.46329 1.37738 1.28458 1.19563 1.17766 1.18150 1.16422 1.19633 1.46715 1.49509 1.61955 1.60245 1.62362 1.62273 1.62362 1.65906 1.65762 1.65762 1.66890 1.66890 1.66503 1.67933 1.67255 1.67484 1.66661 1.70445 1.78053 1.80752 0.822070 0.870427 0.921714 0.838263 0.967011 0.967011 0.916115
0.922885 0.738308 0.771612 1.03087 1.01079 1.24676 1.74030 1.74030 1.70720 1.95539 1.97141 1.96981 1.94305 1.98739 2.02089 2.04195 2.03275 2.04195 1.70666 1.61013 1.74728 1.63335 1.49104 1.67083 1.35798 1.38268 1.27428 1.21658 1.16961 1.16961 1.16616 1.16302 1.16302 1.16616 1.17343 1.17343 1.17728 1.17653 1.20156 1.47272 1.50231 1.64428 1.64288 1.67991 1.67589 1.67991 1.70583 1.68824 1.70300 1.72466 1.73251 1.78890 1.82737 1.80489 1.78009 1.74289 1.75503 1.80684 1.79241 0.840753 0.880789 0.937699 0.834273 0.931867 0.975340 0.934701
0.727242 0.565633 0.566576 0.875427 0.956688 1.23223 1.24832 1.76713 1.76928 1.93408 1.98470 1.98598 1.98598 2.00799 2.03197 2.04768 2.03597 2.04392 2.05278 1.64120 1.77356 1.68269 1.48239 1.66250 1.45602 1.42277 1.32786 1.24390 1.17661 1.17421 1.16845 1.16314 1.16099 1.16157 1.16555 1.16301 1.14126 1.15601 1.17740 1.39549 1.47870 1.60173 1.66241 1.73403 1.78172 1.77883 1.80235 1.72839 1.72083 1.72839 1.72083 1.77627 1.77627 1.75974 1.72717 1.68324 1.72717 1.77019 1.76352 1.80719 0.798020 0.833308 0.733239 0.844061 0.891351 0.854212
0.749552 0.584207 0.782842 1.07318 1.13194 1.38638 1.33124 1.95603 1.90695 1.98761 2.05649 2.05990 2.06325 2.05273 1.98390 1.99900 1.99149 1.55967 1.67820 1.63938 1.76038 1.64503 1.40545 1.61162 1.48769 1.37783 1.32764 1.21371 1.14041 1.13786 1.13623 1.13473 1.13909 1.16010 1.16106 1.17796 1.18077 1.22916 1.26879 1.42651 1.51923 1.65985 1.74035 1.77983 1.81798 1.75148 1.75110 1.66129 1.64847 1.66062 1.64482 1.70698 1.70046 1.68418 1.68737 1.63704 1.67426 1.70273 1.70927 1.71772 0.743168 0.731832 0.718097 0.817185 0.862895 0.824469
0.753177 0.632810 0.841752 1.15854 1.22363 1.34794 1.27120 1.96497 1.87127 1.48663 1.65913 1.65492 1.65492 1.65417 1.60800 1.69451 1.69451 1.55967 1.71849 1.76688 1.91636 1.80779 1.50296 1.57193 1.63334 1.42069 1.40803 1.27949 1.24502 1.25093 1.27268 1.30276 1.34337 1.36836 1.36821 1.39722 1.39267 1.40829 1.37025 1.44633 1.52117 1.58317 1.57798 1.61571 1.62792 1.59947 1.58968 1.57252 1.55766 1.56979 1.55269 1.57483 1.57483 1.56485 1.57477 1.57070 1.60087 1.61638 1.64191 1.64551 0.677159 0.682057 0.760275 0.870679 0.875359 0.791005
0.706590 0.588825 0.749390 1.02275 1.09194 1.20057 1.13739 1.93302 1.82653 1.46377 1.65915 1.67431 1.67431 1.67431 1.64143 1.70263 1.70263 1.56641 1.67038 1.66887 1.76224 1.57413 1.38961 1.42909 1.45579 1.49740 1.45863 1.36205 1.34940 1.41333 1.43341 1.44626 1.45101 1.45801 1.42036 1.42036 1.38346 1.39288 1.35170 1.45564 1.52318 1.60256 1.54158 1.54404 1.56008 1.55904 1.55913 1.56760 1.59090 1.61445 1.62121 1.64910 1.66267 1.67128 1.69040 1.71013 1.74436 1.76223 1.68375 1.68001 0.773193 0.810475 0.858822 0.971353 0.971353 0.882280
0.706590 0.588825 0.749390 1.01092 1.08113 1.17745 1.10648 1.08825 1.78007 1.40873 1.53433 1.53976 1.49159 1.44334 1.38024 1.36417 1.31267 1.18721 1.32544 1.35587 1.45204 1.34669 1.28311 1.32376 1.32951 1.31412 1.27777 1.30856 1.37694 1.47205 1.46842 1.46512 1.47205 1.48051 1.46697 1.46697 1.41100 1.42533 1.39405 1.47169 1.54546 1.71060 1.69141 1.69649 1.73248 1.76228 1.77855 1.79341 1.78540 1.77559 1.76925 1.74786 1.75793 1.76503 1.76925 1.76925 1.77224 1.77396 0.781709 0.759426 0.789695 2.00837 2.03369 2.13728 2.13728 2.18342
0.856473 0.930567 1.71803 1.75177 1.71759 1.75175 1.71940 1.71933 1.68068 1.28318 1.29438 1.28573 1.28404 1.28404 1.32234 1.27247 1.26511 1.16810 1.23640 1.19521 1.19674 1.09277 1.06441 1.13490 1.22126 1.24863 1.25246 1.26311 1.33829 1.43081 1.45151 1.45505 1.47179 1.48054 1.48393 1.51555 1.47252 1.46636 1.44364 1.41901 1.41478 0.709835 0.732990 0.708369 0.722592 0.675643 1.92902 1.93971 1.91125 1.92061 1.91125 1.88904 1.90547 1.90926 1.92373 1.92319 1.93705 1.92737 1.85496 1.79984 1.93435 1.95666 1.95768 2.15996 2.16294 2.17833
