High_resolution/powerplant/Fengdu/OMI_NO2_200707.asc
ncols      200
nrows      200
xllcorner       105.978
yllcorner       28.1831
cellsize     0.0166667
NODATA_Value      -999.000
[rows 60 to 89 of 200, columns 66 to 131 of 200]
0.720128 0.720128 0.720128 0.720128 0.720128 0.720128 0.720128 0.720128 0.720128 0.720128 0.720128 0.720128 0.720128 0.720128 0.720128 0.720128 0.720128 0.836972 1.02409 1.02409 1.02409 1.02409 1.02409 1.02409 1.02409 1.02409 1.02409 1.02409 1.02409 1.02144 1.01619 1.01090 1.00561 1.00034 0.995084 0.989806 0.984511 0.996009 0.820556 0.726547 0.631677 0.538012 0.442970 0.348961 0.254091 0.160427 0.104124 0.104124 0.104124 0.104124 0.104124 0.104124 0.104124 0.104124 0.801824 1.05977 1.05977 1.05977 1.19399 1.66603 1.64250 1.66402 1.68772 1.71397 1.74302 1.77541
0.720128 0.720128 0.720128 0.720128 0.720128 0.720128 0.720128 0.720128 0.720128 0.720128 0.720128 0.720128 0.720128 0.740874 0.834960 0.935036 1.03511 1.14261 0.994472 0.989194 0.983941 0.978655 0.973360 0.968099 0.962829 0.957559 0.952273 0.947003 0.941725 0.939099 0.939099 0.939099 0.939099 0.939099 0.939099 0.939099 0.939099 0.876522 0.106797 0.104124 0.104124 0.104124 0.104124 0.104124 0.104124 0.104124 0.104124 0.104124 0.104124 0.104124 0.104124 0.104124 0.104124 0.104124 0.554968 1.05977 1.05977 1.05977 1.08157 1.98959 2.01543 2.01543 2.01543 2.01543 2.01732 2.03590
0.894859 0.994935 1.09487 1.19499 1.29516 1.39524 1.49517 1.59554 1.69561 1.79554 1.89562 1.99555 2.09562 2.17510 2.18109 2.18109 2.18109 2.17376 1.02095 0.939099 0.939099 0.939099 0.939099 0.939099 0.939099 0.939099 0.939099 0.939099 0.939099 0.939099 0.939099 0.939099 0.939099 0.939099 0.939099 0.939099 0.939099 0.939099 0.227333 0.104124 0.104124 0.104124 0.104124 0.104124 0.104124 0.104124 0.104124 0.104124 0.104124 0.104124 0.104124 0.104124 0.104124 0.104124 0.208390 1.05236 1.05977 1.05981 1.06619 1.74712 2.07327 2.09581 2.11831 2.14081 2.16146 2.16540
2.18109 2.18109 2.18109 2.18109 2.18109 2.18109 2.18109 2.18109 2.18109 2.18109 2.18109 2.18109 2.18109 2.18109 2.18109 2.18109 2.18109 2.18109 1.28959 0.939099 0.939099 0.939099 0.939099 0.939099 0.939099 0.939099 0.939099 0.939099 0.939099 0.939099 0.939099 0.939099 0.939099 0.939099 0.939099 0.939099 0.939099 0.939099 0.410828 0.104124 0.104124 0.104124 0.104124 0.104124 0.104124 0.104124 0.104124 0.104124 0.104124 0.104124 0.104124 0.193705 0.586791 0.918172 1.18022 1.18210 1.11864 1.12990 1.13476 1.57615 2.16540 2.16540 2.16540 2.16540 2.16540 2.16540
2.18109 2.18109 2.18109 2.18109 2.18109 2.18109 2.18109 2.18109 2.18109 2.18109 2.18109 2.18109 2.18109 2.18109 2.18109 2.18109 2.18109 2.18109 1.56556 0.939099 0.939099 0.939099 0.939099 0.939099 0.939099 0.939099 0.939099 0.939099 0.939099 0.939099 0.939099 0.939099 0.939099 0.939099 0.939099 0.939099 0.939099 0.939099 0.594318 0.104124 0.104124 0.104124 0.104124 0.104124 0.104124 0.359074 0.742117 1.04020 1.27835 1.47322 1.63543 1.74966 1.76007 1.76007 1.76007 1.44041 1.13476 1.13476 1.13476 1.37967 2.16540 2.16540 2.16540 2.16540 2.16540 2.16540
2.18109 2.18109 2.18109 2.18109 2.18109 2.18109 2.18109 2.18109 2.18109 2.18109 2.18109 2.18109 2.18109 2.18109 2.18109 2.18109 2.18109 2.18109 1.84229 0.939099 0.939099 0.939099 0.939099 0.939099 0.939099 0.939099 0.939099 0.939099 0.939099 0.939099 0.939099 0.939099 0.939099 0.939099 0.939099 0.939099 0.939099 0.939099 0.777750 0.104124 0.433405 1.15086 1.36823 1.54785 1.69814 1.76007 1.76007 1.76007 1.76007 1.76007 1.76007 1.76007 1.76007 1.76007 1.76007 1.60618 1.13476 1.13476 1.13476 1.22958 2.16540 2.16540 2.16540 2.16540 2.16540 2.16540
2.18109 2.18109 2.18109 2.18109 2.18109 2.18109 2.18109 2.18109 2.18109 2.18109 2.18109 2.18109 2.18109 2.18109 2.18109 2.18109 2.18109 2.18109 2.10856 0.949532 0.939099 0.939099 0.939099 0.939099 0.939099 0.939099 0.939099 0.939099 0.939099 0.939099 0.939099 0.939099 0.939099 0.939099 0.939099 0.939099 0.939099 0.939099 0.925905 0.139444 0.479421 1.76007 1.76007 1.76007 1.76007 1.76007 1.76007 1.76007 1.76007 1.76007 1.76007 1.76007 1.78112 1.82898 1.87975 1.91674 1.30901 1.31628 1.35672 1.40692 2.14823 2.16540 2.16540 2.16540 2.16540 2.16540
2.18109 2.18109 2.18109 2.18109 2.18109 2.18109 2.18109 2.18109 2.18109 2.18109 2.18109 2.18109 2.18109 2.18109 2.18109 2.18109 2.18109 2.18109 2.18109 1.15297 0.939099 0.939099 0.939099 0.939099 0.939099 0.939099 0.939099 0.939099 0.939099 0.939099 0.939099 0.939099 0.939099 0.939099 0.939099 0.939099 0.939099 0.939099 0.939099 0.288018 0.104124 2.08417 2.27743 2.35895 2.44618 2.54095 2.64334 2.75512 2.87651 3.01031 3.15741 3.32018 3.41602 3.41602 3.41602 3.41602 2.51995 2.16540 2.16540 2.16540 2.16540 2.16540 2.16540 2.16540 2.16540 2.16540
2.18109 2.18109 2.18109 2.18109 2.18109 2.18109 2.18109 2.18109 2.18109 2.18109 2.18109 2.18109 2.18109 2.18109 2.18109 2.18109 2.18109 2.18109 2.18109 1.43023 1.03792 1.26062 1.44422 1.59696 1.72644 1.83690 1.31070 0.939099 0.939099 0.939099 0.939099 0.939099 0.939099 0.939099 0.939099 0.00000 0.00000 0.00000 0.00000 0.00000 0.00000 3.41602 3.41602 3.41602 3.41602 3.41602 3.41602 3.41602 3.41602 3.41602 3.41602 3.41602 3.41602 3.41602 3.41602 3.41602 2.85137 2.16540 2.16540 2.16540 2.16540 2.16540 2.16540 2.16540 2.16540 2.16540
2.18109 2.18109 2.18109 2.18109 2.18109 2.18109 2.18109 2.18109 2.18109 2.18109 2.18109 2.18109 2.18109 2.18109 2.22429 2.29711 2.34344 2.37555 2.39624 2.39845 2.39845 2.39845 2.39845 2.39845 2.39845 2.39845 2.39845 0.00000 0.00000 0.00000 0.00000 0.00000 0.00000 0.00000 0.00000 0.00000 0.00000 0.00000 0.00000 0.00000 0.00000 3.41602 3.41602 3.41602 3.41602 3.41602 3.41602 3.41602 3.41602 3.41602 3.41602 3.41602 3.41602 3.41602 3.41602 3.41602 3.18240 2.16540 2.16540 2.16540 2.16540 2.19167 2.27983 2.37028 2.46085 2.55135
2.18109 2.18109 2.18109 2.18109 0.00000 0.00000 0.00000 0.00000 0.00000 0.00000 0.00000 2.39845 2.39845 2.39845 2.39845 2.39845 2.39845 2.39845 2.39845 2.39845 2.39845 2.39845 2.39845 2.39845 2.39845 2.39845 2.39845 0.00000 0.00000 0.00000 0.00000 0.00000 0.00000 0.00000 0.00000 0.00000 0.00000 0.00000 0.00000 0.00000 0.00000 3.41602 3.41602 3.41602 3.41602 3.41602 3.41602 3.41602 3.41602 3.41602 3.41602 3.41602 3.41602 3.41602 3.40982 3.32249 3.20347 2.45503 2.52026 2.61071 2.70127 2.76551 2.76798 2.76798 2.76798 2.76798
0.00000 0.00000 0.00000 0.00000 0.00000 0.00000 0.00000 0.00000 0.00000 0.00000 0.00000 2.39845 2.39845 2.39845 2.39845 2.39845 2.39845 2.39845 2.39845 2.39845 2.39845 2.39845 2.39845 2.39845 2.39845 2.39845 2.39845 2.39845 0.00000 0.00000 0.00000 0.00000 0.00000 0.00000 0.00000 0.00000 0.00000 0.00000 0.00000 0.00000 0.00000 0.00000 3.41602 3.41602 3.41602 3.41602 3.41602 3.41602 3.38342 3.27446 3.16225 3.05012 2.93784 2.82577 2.71977 2.69489 2.69489 2.74290 2.76798 2.76798 2.76798 2.76798 2.76798 2.76798 2.76798 2.76798
0.00000 0.00000 0.00000 0.00000 0.00000 0.00000 0.00000 0.00000 0.00000 0.00000 0.00000 2.39845 2.39845 2.39845 2.39845 2.39845 2.39845 2.39845 2.39845 2.39845 2.39845 2.39845 2.39845 2.39845 2.39845 2.39845 2.39845 2.39845 0.00000 0.00000 0.00000 0.00000 0.00000 0.00000 0.00000 0.00000 0.00000 0.00000 0.00000 0.00000 0.00000 2.66341 3.27767 3.22629 3.11422 3.00202 2.88981 2.77767 2.69806 2.69489 2.69489 2.69489 2.69489 2.69489 2.69489 2.69489 2.69489 2.72353 2.76798 2.76798 2.76798 2.76798 2.76798 2.76798 2.76798 2.76798
0.00000 0.00000 0.00000 0.00000 0.00000 0.00000 0.00000 0.00000 0.00000 0.00000 0.00000 0.00000 2.39845 2.39845 2.39845 2.39845 2.39845 2.39845 2.39845 2.39845 2.39845 2.39845 2.39845 2.39845 2.39845 2.39845 2.39845 2.39845 0.00000 0.00000 0.00000 0.00000 0.00000 0.00000 0.00000 2.66341 2.66341 2.66341 2.66341 2.66341 2.66341 2.66341 2.67141 2.69489 2.69489 2.69489 2.69489 2.69489 2.69489 2.69489 2.69489 2.69489 2.69489 2.69489 2.69489 2.69489 2.69489 2.70418 2.76798 2.76798 2.76798 2.76798 2.76798 2.76798 2.76798 2.76798
0.00000 0.00000 0.00000 0.00000 0.00000 0.00000 0.00000 0.00000 0.00000 0.00000 0.00000 0.00000 2.39845 2.39845 2.39845 2.39845 2.39845 2.39845 2.39845 2.39845 2.39845 2.39845 2.39845 2.39845 2.39845 2.39845 2.39845 2.39845 0.00000 2.66341 2.66341 2.66341 2.66341 2.66341 2.66341 2.66341 2.66341 2.66341 2.66341 2.66341 2.66341 2.66341 2.66426 2.69361 2.69489 2.69489 2.69489 2.69489 2.69489 2.69489 2.69489 2.69489 2.69489 2.69489 2.69489 2.69489 2.69489 2.69489 2.75789 2.76798 2.76798 2.76798 2.76798 2.76798 2.76798 2.76798
0.00000 0.00000 0.00000 0.00000 0.00000 0.00000 0.00000 0.00000 0.00000 0.00000 0.00000 0.00000 2.39845 2.39845 2.39845 2.39845 2.39845 2.39845 2.39845 2.39845 2.39845 2.39845 2.39845 2.37922 2.30662 2.23050 2.15438 2.07592 2.60108 2.66341 2.66341 2.66341 2.66341 2.66341 2.66341 2.66341 2.66341 2.66341 2.66341 2.66341 2.66341 2.66341 2.66341 2.68603 2.69489 2.69489 2.69489 2.69489 2.69489 2.69489 2.69489 2.69489 2.69489 2.69489 2.69489 2.69489 2.69489 2.69489 2.73854 2.76798 2.76798 2.76798 2.76798 2.76798 2.76798 2.76798
0.00000 0.00000 0.00000 0.00000 0.00000 0.00000 0.00000 0.00000 0.00000 0.00000 0.00000 0.00000 2.39845 2.39845 2.39845 2.39845 2.39845 2.37812 2.30456 2.22867 2.15264 2.07647 2.00072 1.94365 1.94044 1.94044 1.94044 1.94044 2.42158 2.66341 2.66341 2.66341 2.66341 2.66341 2.66341 2.66341 2.66341 2.66341 2.66341 2.66341 2.66341 2.66341 2.66341 2.67761 2.69489 2.69489 2.69489 2.69489 2.69489 2.69489 2.69489 2.69489 2.69489 2.69489 2.69489 2.69489 2.69489 2.69489 2.71917 2.76798 2.76798 2.76798 2.76798 2.76798 2.76798 2.76798
0.00000 0.00000 0.00000 0.00000 0.00000 0.00000 0.00000 0.00000 0.00000 0.00000 0.00000 0.00000 0.00000 2.23580 2.15076 2.07478 1.99852 1.94319 1.94044 1.94044 1.94044 1.94044 1.94044 1.94044 1.94044 1.94044 1.94044 1.94044 2.22707 2.66341 2.66341 2.66341 2.66341 2.66341 2.66341 2.66341 2.66341 2.66341 2.66341 2.66341 2.66341 2.66341 2.66341 2.66918 2.69489 2.69489 2.69489 2.69489 2.69489 2.69489 2.69489 2.69489 2.69489 2.69489 2.69489 2.69489 2.69489 2.69387 2.47401 2.74328 2.76798 2.76798 2.76798 2.76798 2.76798 0.00000
0.00000 0.00000 0.00000 0.00000 0.00000 0.00000 0.00000 0.00000 0.00000 0.00000 0.00000 0.00000 0.00000 1.94044 1.94044 1.94044 1.94044 1.94044 1.94044 1.94044 1.94044 1.94044 1.94044 1.94044 1.94044 1.94044 1.94044 1.94044 2.03261 2.66334 2.66341 2.66341 2.66341 2.66341 2.66341 2.66341 2.66341 2.66341 2.66341 2.66341 2.66341 2.66341 2.66341 2.66356 2.69209 2.69489 2.69489 2.69489 2.69489 2.69489 2.69489 2.64707 2.30164 1.90584 1.50954 1.11350 0.717391 0.321909 0.151230 0.151230 0.00000 0.00000 0.00000 0.00000 0.00000 0.00000
0.00000 0.00000 0.00000 0.00000 0.00000 0.00000 0.00000 0.00000 0.00000 0.00000 0.00000 0.00000 0.00000 1.94044 1.94044 1.94044 1.94044 1.94044 1.94044 1.94044 1.94044 1.94044 1.94044 1.94044 1.94044 1.94044 1.94044 1.94044 1.94044 2.56105 2.66341 2.66341 2.66341 2.66341 2.66341 2.66341 2.66341 2.66341 2.66341 2.66341 2.66341 2.66341 2.66341 2.66341 2.68381 2.53006 2.13554 1.73923 1.34293 0.947140 0.550330 0.202612 0.151230 0.151230 0.151230 0.151230 0.151230 0.151230 0.151230 0.151230 0.00000 0.00000 0.00000 0.00000 0.00000 0.00000
0.00000 0.00000 0.00000 0.00000 0.00000 0.00000 0.00000 0.00000 0.00000 0.00000 0.00000 0.00000 0.00000 1.94044 1.94044 1.94044 1.94044 1.94044 1.94044 1.94044 1.94044 1.94044 1.94044 1.94044 1.94044 1.94044 1.94044 1.94044 1.94044 2.36642 2.66341 2.66341 2.66341 2.66341 2.66341 2.66341 2.66341 2.66341 2.66310 2.64717 2.62254 2.59793 2.57332 2.54872 1.68902 0.152756 0.151230 0.151230 0.151230 0.151230 0.151230 0.151230 0.151230 0.151230 0.151230 0.151230 0.151230 0.151230 0.151230 0.151230 0.00000 0.00000 0.00000 0.00000 0.00000 0.00000
0.00000 0.00000 0.00000 0.00000 0.00000 0.00000 0.00000 0.00000 0.00000 0.00000 0.00000 0.00000 0.00000 0.00000 1.94044 1.94044 1.94044 1.94044 1.94044 1.94044 1.94044 1.94044 1.94044 1.94044 1.94044 1.94044 1.94044 1.94044 1.94044 2.17201 2.66341 2.66341 2.66154 2.64150 2.61688 2.59227 2.56767 2.54305 2.51873 2.51006 2.51006 2.51006 2.51006 2.51006 2.23809 0.152645 0.151230 0.151230 0.151230 0.151230 0.151230 0.151230 0.151230 0.151230 0.151230 0.151230 0.151230 0.151230 0.151230 0.151230 0.151230 0.00000 0.00000 0.00000 0.00000 0.00000
0.00000 0.00000 0.00000 0.00000 0.00000 0.00000 0.00000 0.00000 0.00000 0.00000 0.00000 0.00000 0.00000 0.00000 1.94044 1.94044 1.94044 1.94044 1.94044 1.94044 1.94044 1.94044 1.94044 1.94044 1.94044 1.94044 1.94568 1.98116 2.02121 2.10380 2.55776 2.53737 2.51463 2.51006 2.51006 2.51006 2.51006 2.51006 2.51006 2.51006 2.51006 2.51006 2.51006 2.51006 2.51006 0.508335 0.151230 0.151230 0.151230 0.151230 0.151230 0.151230 0.151230 0.151230 0.151230 0.151230 0.151230 0.151230 0.151230 0.151230 0.151230 0.00000 0.00000 0.00000 0.00000 0.00000
0.00000 0.00000 0.00000 0.00000 0.00000 0.00000 0.00000 0.00000 0.00000 0.00000 0.00000 0.00000 0.00000 0.00000 1.94044 1.94044 1.94044 1.94044 1.94044 1.94044 1.94655 1.98278 2.02284 2.06297 2.10312 2.14320 2.17802 2.18277 2.18277 2.18277 2.43869 2.51006 2.51006 2.51006 2.51006 2.51006 2.51006 2.51006 2.51006 2.51006 2.51006 2.51006 2.51006 2.51006 2.51006 1.13722 0.151230 0.151230 0.151230 0.151230 0.151230 0.151230 0.151230 0.151230 0.151230 0.151230 0.151230 0.151230 0.151230 0.151230 0.151230 0.00000 0.00000 0.00000 0.00000 0.00000
0.00000 0.00000 0.00000 0.00000 0.00000 0.00000 0.00000 0.00000 0.00000 0.00000 0.00000 0.00000 0.00000 0.00000 0.00000 1.98309 2.02446 2.06459 2.10482 2.14480 2.17885 2.18277 2.18277 2.18277 2.18277 2.18277 2.18277 2.18277 2.18277 2.18277 2.35067 2.51006 2.51006 2.51006 2.51006 2.51006 2.51006 2.51006 2.51006 2.51006 2.51006 2.51006 2.51006 2.51006 2.51006 1.76539 0.151230 0.151230 0.151230 0.151230 0.151230 0.151230 0.151230 0.151230 0.151230 0.151230 0.151230 0.151230 0.151230 0.151230 0.151230 0.00000 0.00000 0.00000 0.00000 0.00000
0.00000 0.00000 0.00000 0.00000 0.00000 0.00000 0.00000 0.00000 0.00000 0.00000 0.00000 0.00000 0.00000 0.00000 0.00000 2.18277 2.18277 2.18277 2.18277 2.18277 2.18277 2.18277 2.18277 2.18277 2.18277 2.18277 2.18277 2.18277 2.18277 2.18277 2.26257 2.51006 2.51006 2.51006 2.51006 2.51006 2.51006 2.51006 2.51006 2.51006 2.51006 2.51006 2.51006 2.51006 2.51006 2.36240 0.182367 0.151230 0.151230 0.151230 0.151230 0.151230 0.151230 0.151230 0.155803 0.320406 0.565420 0.809803 1.05466 1.29904 1.54703 1.72789 0.00000 0.00000 0.00000 0.00000
0.00000 0.00000 0.00000 0.00000 0.00000 0.00000 0.00000 0.00000 0.00000 0.00000 0.00000 0.00000 0.00000 0.00000 0.00000 2.18277 2.18277 2.18277 2.18277 2.18277 2.19504 2.26717 2.33265 2.38550 2.30136 2.18277 2.18277 2.18277 2.18277 2.18277 2.19007 2.49455 2.51006 2.51006 2.51006 2.51006 2.51006 2.51006 2.51006 2.51006 2.51006 2.51006 2.51006 2.51006 2.51006 2.51006 0.662912 0.151230 0.200737 0.429354 0.674052 0.918435 1.16345 1.40783 1.64811 1.72789 1.72789 1.72789 1.72789 1.72789 1.72789 1.72789 0.00000 0.00000 0.00000 0.00000
0.00000 0.00000 0.00000 0.00000 0.00000 0.00000 0.00000 0.00000 0.00000 0.00000 0.00000 0.00000 0.00000 2.88409 2.88409 2.78773 2.40750 2.44494 2.47920 2.50841 2.53062 2.53343 2.53343 2.53343 2.44544 2.18277 2.18277 2.18277 2.18277 2.18277 2.18277 2.41377 2.51006 2.51006 2.51006 2.51006 2.51006 2.51006 2.51006 2.51006 2.51006 2.51006 2.51230 2.51751 2.52274 2.52797 1.86821 1.51662 1.71181 1.72789 1.72789 1.72789 1.72789 1.72789 1.72789 1.72789 1.72789 1.72789 1.72789 1.72789 1.72789 1.72789 0.00000 0.00000 0.00000 0.00000
0.00000 0.00000 0.00000 0.00000 0.00000 0.661860 0.661860 0.661860 0.661860 1.12981 2.88409 2.88409 2.88409 2.88409 2.88409 2.88409 2.58114 2.53343 2.53343 2.53343 2.53343 2.53343 2.53343 2.53343 2.50543 2.18277 2.18277 2.18277 2.18277 2.18277 2.18277 2.32570 2.51006 2.51006 2.51006 2.51012 2.51345 2.51867 2.52390 2.52913 2.53436 2.53958 2.54257 2.54259 2.54259 2.54259 2.33848 1.72789 1.72789 1.72789 1.72789 1.72789 1.72789 1.72789 1.72789 1.72789 1.72789 1.72789 1.72789 1.72789 1.72789 1.72789 0.00000 0.00000 0.00000 0.00000
0.661860 0.661860 0.661860 0.661860 0.661860 0.661860 0.661860 0.661860 0.661860 0.723416 2.80231 2.88409 2.88409 2.88409 2.88409 2.88409 2.65390 2.53343 2.53343 2.53343 2.53343 2.53343 2.53343 2.53343 2.53329 2.25033 2.18277 2.18277 2.18277 2.17970 2.12818 2.12891 2.52506 2.53029 2.53551 2.54069 2.54259 2.54259 2.54259 2.54259 2.54259 2.54259 2.54259 2.54259 2.54259 2.54259 2.52156 1.76164 1.72789 1.72789 1.72789 1.72789 1.72789 1.72789 1.72789 1.72789 1.72789 1.72789 1.72789 1.72789 1.72789 1.72789 1.72789 0.00000 0.00000 0.00000
