High_resolution/powerplant/Fengdu/OMI_NO2_200906.asc
ncols      200
nrows      200
xllcorner       105.978
yllcorner       28.1831
cellsize     0.0166667
NODATA_Value      -999.000
[rows 120 to 149 of 200, columns 132 to 197 of 200]
0.00000 0.00000 0.00000 0.00000 0.00000 0.00000 0.00000 0.00000 0.00000 0.00000 0.00000 1.67744 1.77684 1.83301 1.88950 1.94568 2.00216 2.05834 2.11493 2.16875 2.18312 2.18312 2.18312 2.18312 2.18312 2.18312 2.18312 2.18312 2.18312 2.18312 2.18312 2.18312 2.18312 0.00000 0.00000 0.00000 0.00000 0.00000 2.05961 2.05961 2.05961 2.05961 2.05961 2.05961 2.05961 2.05961 2.05961 2.05961 2.05961 2.05961 2.05961 2.05961 2.05961 2.05961 2.05961 2.05961 2.05961 2.05961 2.11697 2.43091 2.77539 3.11986 3.33662 3.33995 3.33995 3.33995
0.00000 0.00000 0.00000 0.00000 0.00000 0.00000 0.00000 0.00000 0.00000 0.00000 0.00000 2.18312 2.18312 2.18312 2.18312 2.18312 2.18312 2.18312 2.18312 2.18312 2.18312 2.18312 2.18312 2.18312 2.18312 2.18312 2.18312 2.18312 2.18312 2.18312 2.18312 2.18312 2.18312 0.00000 0.00000 0.00000 0.00000 0.00000 2.05961 2.05961 2.05961 2.05961 2.05961 2.05961 2.05961 2.05961 2.05961 2.05961 2.05961 2.05961 2.05961 2.05961 2.05961 2.05961 2.07420 2.33245 2.67712 3.02178 3.30922 3.33995 3.33995 3.33995 3.33995 3.33995 3.33995 3.33995
0.00000 0.00000 0.00000 0.00000 0.00000 0.00000 0.00000 0.00000 0.00000 0.00000 0.00000 2.18312 2.18312 2.18312 2.18312 2.18312 2.18312 2.18312 2.18312 2.18312 2.18312 2.18312 2.18312 2.18312 2.18312 2.18312 2.18312 2.18312 2.18312 2.18312 2.18312 2.18312 2.18312 0.00000 0.00000 0.00000 0.00000 0.00000 2.05961 2.05961 2.05961 2.05961 2.05961 2.05961 2.05961 2.05961 2.05961 2.05961 2.05961 2.05961 2.05961 2.23437 2.57891 2.92333 3.25340 3.33995 3.33995 3.33995 3.33995 3.33995 3.33995 3.33995 3.33995 3.33995 3.33995 3.33995
0.00000 0.00000 0.00000 0.00000 0.00000 0.00000 0.00000 0.00000 0.00000 0.00000 0.00000 0.00000 2.18312 2.18312 2.18312 2.18312 2.18312 2.18312 2.18312 2.18312 2.18312 2.18312 2.18312 2.18312 2.18312 2.18312 2.18312 2.18312 2.18312 2.18312 2.18312 2.18312 2.18312 2.18312 0.00000 0.00000 0.00000 0.00000 0.00000 2.05961 2.05961 2.05961 2.05961 2.05961 2.05961 2.05961 2.05961 2.14923 2.48071 2.82538 3.17005 3.33995 3.33995 3.33995 3.33995 3.33995 3.33995 3.33995 3.33995 3.33995 3.33995 3.33995 3.33995 3.33995 3.33995 3.33995
0.00000 0.00000 0.00000 0.00000 0.00000 0.00000 0.00000 0.00000 0.00000 0.00000 0.00000 0.00000 2.18312 2.18312 2.18312 2.18312 2.18312 2.18312 2.18312 2.18312 2.18312 2.18312 2.18312 2.18312 2.18312 2.18312 2.18312 2.18312 2.18312 2.18312 2.18312 2.18312 2.18312 2.18312 0.00000 0.00000 0.00000 0.00000 0.00000 2.05961 2.05961 2.05961 2.05961 2.09251 2.38225 2.72679 3.07159 3.32663 3.33995 3.33995 3.33995 3.33995 3.33995 3.33995 3.33995 3.33995 3.33995 3.33995 3.33995 3.33995 3.33995 3.33995 3.33995 3.33995 3.33995 3.33995
0.00000 0.00000 0.00000 0.00000 0.00000 0.00000 0.00000 0.00000 0.00000 0.00000 0.00000 0.00000 2.18312 2.18312 2.18312 2.18312 2.18312 2.18312 2.18312 2.18312 2.18312 2.18312 2.18312 2.18312 2.18312 2.18312 2.18312 2.18312 2.18312 2.18312 2.18312 2.18312 2.18312 2.18312 0.00000 0.00000 0.00000 0.00000 0.00000 2.06825 2.28418 2.62885 2.97352 3.28541 3.33995 3.33995 3.33995 3.33995 3.33995 3.33995 3.33995 3.33995 3.33995 3.33995 3.33995 3.33995 3.33995 3.33995 3.33995 3.33995 3.33995 3.33995 3.33995 3.33995 3.33995 3.33995
0.00000 0.00000 0.00000 0.00000 0.00000 0.00000 0.00000 0.00000 0.00000 0.00000 0.00000 0.00000 2.18312 2.18312 2.18312 2.18312 2.18312 2.18312 2.18312 2.18312 2.18312 2.18312 2.18312 2.18312 2.18312 2.18247 2.17409 2.16339 2.15284 2.14216 2.13158 2.12092 2.11033 2.09363 0.00000 0.00000 0.00000 0.00000 0.00000 3.33995 3.33995 3.33995 3.33995 3.33995 3.33995 3.33995 3.33995 3.33995 3.33995 3.33995 3.33995 3.33995 3.33995 3.33995 3.33995 3.33995 3.33995 3.33995 3.33995 3.33995 3.33995 3.33995 3.33995 3.33995 3.33885 3.26478
0.00000 0.00000 0.00000 0.00000 0.00000 0.00000 0.00000 0.00000 0.00000 0.00000 0.00000 0.00000 2.18312 2.12243 2.10809 2.09739 2.08686 2.07614 2.06560 2.05490 2.04435 2.03363 2.02311 2.01241 2.00184 1.99182 1.98963 1.98963 1.98963 1.98963 1.98963 1.98963 1.98963 1.98963 0.00000 0.00000 0.00000 0.00000 0.00000 0.00000 3.33995 3.33995 3.33995 3.33995 3.33995 3.33995 3.33995 3.33995 3.33995 3.33995 3.33995 3.33995 3.33995 3.33995 3.33995 3.33995 3.33995 3.33995 3.33995 3.33995 3.33995 3.29704 3.18032 3.06243 2.94553 2.90161
0.00000 0.00000 0.00000 0.00000 0.00000 0.00000 0.00000 0.00000 0.00000 0.00000 0.00000 0.00000 0.00000 1.98963 1.98963 1.98963 1.98963 1.98963 1.98963 1.98963 1.98963 1.98963 1.98963 1.98963 1.98963 1.98963 1.98963 1.98963 1.98963 1.98963 1.98963 1.98963 1.98963 1.98963 1.98963 0.00000 0.00000 0.00000 0.00000 0.00000 3.33995 3.33995 3.33995 3.33995 3.33995 3.33995 3.33995 3.33995 3.33995 3.33995 3.33995 3.33995 3.33995 3.33995 3.33995 3.33995 3.33995 3.32088 3.21384 3.09588 2.97797 2.90288 2.90161 2.90161 2.90161 2.90161
0.00000 0.00000 0.00000 0.00000 0.00000 0.00000 0.00000 0.00000 0.00000 0.00000 0.00000 0.00000 0.00000 1.98963 1.98963 1.98963 1.98963 1.98963 1.98963 1.98963 1.98963 1.98963 1.98963 1.98963 1.98963 1.98963 1.98963 1.98963 1.98963 1.98963 1.98963 1.98963 1.98963 1.98963 1.98963 0.00000 0.00000 0.00000 0.00000 0.00000 3.33995 3.33995 3.33995 3.33995 3.33995 3.33995 3.33995 3.33995 3.33995 3.33995 3.33995 3.33995 3.33995 3.33517 3.24742 3.12937 3.01141 2.91257 2.90161 2.90161 2.90161 2.90161 2.90161 2.90161 2.90161 2.90161
0.00000 0.00000 0.00000 0.00000 0.00000 0.00000 0.00000 0.00000 0.00000 0.00000 0.00000 0.00000 0.00000 1.98963 1.98963 1.98963 1.98963 1.98963 1.98963 1.98963 1.98963 1.98963 1.98963 1.98963 1.98963 1.98963 1.98963 1.98963 1.98963 1.98963 1.98963 1.98963 1.98963 1.98963 1.98963 0.00000 0.00000 0.00000 0.00000 0.00000 0.00000 3.33995 3.33995 3.33995 3.33995 3.33995 3.33995 3.33995 3.33995 3.33995 3.28091 3.16295 3.04490 2.93176 2.90161 2.90161 2.90161 2.90161 2.90161 2.90161 2.90161 2.90161 2.90161 2.90161 2.90161 2.90161
0.00000 0.00000 0.00000 0.00000 0.00000 0.00000 0.00000 0.00000 0.00000 0.00000 0.00000 0.00000 0.00000 1.98963 1.98963 1.98963 1.98963 1.98963 1.98963 1.98963 1.98963 1.98963 1.98963 1.98963 1.98963 1.98963 1.98963 1.98963 1.98963 1.98963 1.98963 1.98963 1.98963 1.98963 1.98963 0.00000 0.00000 0.00000 0.00000 0.00000 0.00000 3.33995 3.33995 3.33995 3.33995 3.33995 3.30962 3.19648 3.07848 2.96043 2.90161 2.90161 2.90161 2.90161 2.90161 2.90161 2.90161 2.90161 2.90161 2.90161 2.90161 2.90161 2.90161 2.90161 2.90161 2.90161
0.00000 0.00000 0.00000 0.00000 0.00000 0.00000 0.00000 0.00000 0.00000 0.00000 0.00000 0.00000 0.00000 0.00000 1.98963 1.98963 1.98963 1.98963 1.98963 1.98963 1.98963 1.98963 1.98963 1.98963 1.98963 1.98963 1.98963 1.98963 1.98963 1.98963 1.98963 1.98963 1.98963 1.98963 1.98963 1.98963 0.00000 0.00000 0.00000 0.00000 0.00000 3.33995 3.32779 3.22988 3.11201 2.99401 2.90630 2.90161 2.90161 2.90161 2.90161 2.90161 2.90161 2.90161 2.90161 2.90161 2.90161 2.90161 2.90161 2.90161 2.90161 2.90161 2.90161 2.90161 2.90161 2.90161
0.00000 0.00000 0.00000 0.00000 0.00000 0.00000 0.00000 0.00000 0.00000 0.00000 0.00000 0.00000 0.00000 0.00000 1.98963 1.98963 1.98963 1.98963 1.98963 1.98963 1.98963 1.98963 1.98963 1.98963 1.98963 1.98963 1.98963 1.98963 1.98963 1.98963 1.98963 1.98799 1.97296 1.95531 1.93751 1.88732 0.00000 0.00000 0.00000 0.00000 0.00000 0.00000 2.91104 2.90161 2.90161 2.90161 2.90161 2.90161 2.90161 2.90161 2.90161 2.90161 2.90161 2.90161 2.90161 2.90161 2.90161 2.90161 2.90161 2.90161 2.90161 2.90161 2.90161 2.90161 2.90161 2.90161
0.00000 0.00000 0.00000 0.00000 0.00000 0.00000 0.00000 0.00000 0.00000 0.00000 0.00000 0.00000 0.00000 0.00000 1.96970 1.95202 1.93419 1.91657 1.89870 1.88109 1.86322 1.84561 1.82778 1.81013 1.79233 1.77465 1.75685 1.73917 1.72137 1.70372 1.68589 1.66989 1.66708 1.66708 1.66708 1.66708 0.00000 0.00000 0.00000 0.00000 0.00000 0.00000 2.90161 2.90161 2.90161 2.90161 2.90161 2.90161 2.90161 2.90161 2.90161 2.90161 2.90161 2.90161 2.90161 2.90161 2.90161 2.90161 2.90161 2.90161 2.90161 2.90161 2.90161 2.90003 2.78515 2.60117
0.00000 0.00000 0.00000 0.00000 0.00000 0.00000 0.00000 0.00000 0.00000 0.00000 0.00000 0.00000 0.00000 0.00000 1.66708 1.66708 1.66708 1.66708 1.66708 1.66708 1.66708 1.66708 1.66708 1.66708 1.66708 1.66708 1.66708 1.66708 1.66708 1.66708 1.66708 1.66708 1.66708 1.66708 1.66708 1.66708 0.00000 0.00000 0.00000 0.00000 0.00000 0.00000 2.90161 2.90161 2.90161 2.90161 2.90161 2.90161 2.90161 2.90161 2.90161 2.90161 2.90161 2.90161 2.90161 2.90161 2.90161 2.90161 2.90161 2.90161 2.83579 2.65400 2.47003 2.28741 2.21818 2.21818
0.00000 0.00000 0.00000 0.00000 0.00000 0.00000 0.00000 0.00000 0.00000 0.00000 0.00000 0.00000 0.00000 0.00000 1.66708 1.66708 1.66708 1.66708 1.66708 1.66708 1.66708 1.66708 1.66708 1.66708 1.66708 1.66708 1.66708 1.66708 1.66708 1.66708 1.66708 1.66708 1.66708 1.66708 1.66708 1.66708 0.00000 0.00000 0.00000 0.00000 0.00000 0.00000 0.00000 2.90161 2.90161 2.90161 2.90161 2.90161 2.90161 2.90161 2.90161 2.90161 2.90161 2.90161 2.90161 2.90161 2.87290 2.70683 2.52285 2.33860 2.22037 2.21818 2.21818 2.21818 2.21818 2.21818
0.00000 0.00000 0.00000 0.00000 0.00000 0.00000 0.00000 0.00000 0.00000 0.00000 0.00000 0.00000 0.00000 0.00000 0.00000 1.66708 1.66708 1.66708 1.66708 1.66708 1.66708 1.66708 1.66708 1.66708 1.66708 1.66708 1.66708 1.66708 1.66708 1.66708 1.66708 1.66708 1.66708 1.66708 1.66708 1.66708 1.66708 0.00000 0.00000 0.00000 0.00000 0.00000 0.00000 2.90161 2.90161 2.90161 2.90161 2.90161 2.90161 2.90161 2.90161 2.90161 2.89484 2.75966 2.57568 2.39143 2.23609 2.21818 2.21818 2.21818 2.21818 2.21818 2.21818 2.21818 2.21818 2.21818
0.00000 0.00000 0.00000 0.00000 0.00000 0.00000 0.00000 0.00000 0.00000 0.00000 0.00000 0.00000 0.00000 0.00000 0.00000 1.66708 1.66708 1.66708 1.66708 1.66708 1.66708 1.66708 1.66708 1.66708 1.66708 1.66708 1.66708 1.66708 1.66708 1.66708 1.66708 1.66708 1.66708 1.66708 1.66708 1.66708 1.66708 0.00000 0.00000 0.00000 0.00000 0.00000 0.00000 2.90161 2.90161 2.90161 2.90161 2.90161 2.90161 2.81249 2.62844 2.44426 2.26698 2.21818 2.21818 2.21818 2.21818 2.21818 2.21818 2.21818 2.21818 2.21818 2.21818 2.21818 2.21818 2.21818
0.00000 0.00000 0.00000 0.00000 0.00000 0.00000 0.00000 0.00000 0.00000 0.00000 0.00000 0.00000 0.00000 0.00000 0.00000 1.66708 1.66708 1.66708 1.66708 1.66708 1.66708 1.66708 1.66708 1.66708 1.66708 1.66708 1.66708 1.66708 1.66708 1.66708 1.66708 1.66708 1.66708 1.66708 1.66708 1.66708 1.66708 0.00000 0.00000 0.00000 0.00000 0.00000 0.00000 0.00000 2.90161 2.85691 2.68120 2.49709 2.31311 2.21818 2.21818 2.21818 2.21818 2.21818 2.21818 2.21818 2.21818 2.21818 2.21818 2.21818 2.21818 2.21818 2.21818 2.21818 2.21818 2.21818
0.00000 0.00000 0.00000 0.00000 0.00000 0.00000 0.00000 0.00000 0.00000 0.00000 0.00000 0.00000 0.00000 0.00000 0.00000 1.66708 1.66708 1.66708 1.66708 1.66708 1.66708 1.66708 1.66708 1.66708 1.66708 1.66708 1.66708 1.66708 1.66708 1.66708 1.66708 1.66708 1.66708 1.66708 1.66708 1.66708 1.66708 0.00000 0.00000 0.00000 0.00000 0.00000 0.00000 0.00000 2.35395 2.22659 2.21818 2.21818 2.21818 2.21818 2.21818 2.21818 2.21818 2.21818 2.21818 2.21818 2.21818 2.21818 2.21818 2.21818 2.21818 2.21818 2.21818 2.19120 1.98161 1.80503
0.00000 0.00000 0.00000 0.00000 0.00000 0.00000 0.00000 0.00000 0.00000 0.00000 0.00000 0.00000 0.00000 0.00000 0.00000 1.66708 1.66708 1.66708 1.66708 1.66906 1.68117 1.69485 1.70838 1.72200 1.73558 1.74916 1.76279 1.77632 1.78999 1.80350 1.81717 1.83070 1.84433 1.85791 1.87149 1.88511 1.89870 0.00000 0.00000 0.00000 0.00000 0.00000 0.00000 0.00000 2.21818 2.21818 2.21818 2.21818 2.21818 2.21818 2.21818 2.21818 2.21818 2.21818 2.21818 2.21818 2.21818 2.21818 2.21818 2.16555 1.94624 1.78025 1.65995 1.57583 1.56224 1.56224
0.00000 0.00000 0.00000 0.00000 0.00000 0.00000 0.00000 0.00000 0.00000 0.00000 0.00000 0.00000 0.00000 0.00000 0.00000 0.00000 1.86800 1.88511 1.89864 1.91034 1.91173 1.91173 1.91173 1.91173 1.91173 1.91173 1.91173 1.91173 1.91173 1.91173 1.91173 1.91173 1.91173 1.91173 1.91173 1.91173 1.91173 1.91173 0.00000 0.00000 0.00000 0.00000 0.00000 0.00000 0.00000 2.21818 2.21818 2.21818 2.21818 2.21818 2.21818 2.21818 2.21818 2.21818 2.21818 2.13259 1.91327 1.75685 1.64244 1.56887 1.56224 1.56224 1.56287 1.61084 1.68810 1.76539
0.00000 0.00000 0.00000 0.00000 0.00000 0.00000 0.00000 0.00000 0.00000 0.00000 0.00000 0.00000 0.00000 0.00000 0.00000 0.00000 1.91173 1.91173 1.91173 1.91173 1.91173 1.91173 1.91173 1.91173 1.91173 1.91173 1.91173 1.91173 1.91173 1.91173 1.91173 1.91173 1.91173 1.91173 1.91173 1.91173 1.91173 1.91173 0.00000 0.00000 0.00000 0.00000 0.00000 0.00000 0.00000 2.21818 2.21818 2.21818 2.21818 2.21818 2.21818 2.15015 1.88233 1.73461 1.62577 1.56444 1.56224 1.56224 1.56224 1.59006 1.66643 1.74369 1.82038 1.84967 1.84967 1.84967
0.00000 0.00000 0.00000 0.00000 0.00000 0.00000 0.00000 0.00000 0.00000 0.00000 0.00000 0.00000 0.00000 0.00000 0.00000 0.00000 1.91173 1.91173 1.91173 1.91173 1.91173 1.91173 1.91173 1.91173 1.91173 1.91173 1.91173 1.91173 1.91173 1.91173 1.91173 1.91173 1.91173 1.91173 1.91173 1.91173 1.91173 1.91173 0.00000 0.00000 0.00000 0.00000 0.00000 0.00000 0.00000 2.21818 2.21818 2.21818 2.21818 2.21818 2.21818 2.08245 1.56303 1.56224 1.56224 1.57469 1.64470 1.72205 1.79931 1.84878 1.84967 1.84967 1.84967 1.84967 1.84967 1.84967
0.00000 0.00000 0.00000 0.00000 0.00000 0.00000 0.00000 0.00000 0.00000 0.00000 0.00000 0.00000 0.00000 0.00000 0.00000 0.00000 1.91173 1.91173 1.91173 1.91173 1.91173 1.91173 1.91173 1.91173 1.91173 1.91173 1.91173 1.91173 1.91173 1.91173 1.91173 1.91173 1.91173 1.91173 1.91173 1.91173 1.91173 1.91173 0.00000 0.00000 0.00000 0.00000 0.00000 0.00000 0.00000 0.00000 2.21818 2.21818 2.21818 2.21818 2.21818 2.22456 1.69830 1.70038 1.77764 1.84248 1.84967 1.84967 1.84967 1.84967 1.84967 1.84967 1.84967 1.84967 1.84967 1.84967
0.00000 0.00000 0.00000 0.00000 0.00000 0.00000 0.00000 0.00000 0.00000 0.00000 0.00000 0.00000 0.00000 0.00000 0.00000 0.00000 0.00000 1.91173 1.91173 1.91173 1.91173 1.91173 1.91173 1.91173 1.91173 1.91173 1.91173 1.91173 1.91173 1.91173 1.91173 1.91173 1.91173 1.91173 1.91173 1.91173 1.91173 1.91173 0.00000 0.00000 0.00000 0.00000 0.00000 0.00000 0.00000 0.00000 2.21818 2.21818 2.29654 2.45106 2.60564 2.75384 2.15828 1.84967 1.84967 1.84967 1.84967 1.84967 1.84967 1.84967 1.84967 1.84967 1.84967 1.84967 1.84967 1.84967
0.00000 0.00000 0.00000 0.00000 0.00000 0.00000 0.00000 0.00000 0.00000 0.00000 0.00000 0.00000 0.00000 0.00000 0.00000 0.00000 0.00000 1.91173 1.91173 1.91173 1.91173 1.91173 1.91173 1.91173 1.91173 1.91173 1.91173 1.91173 1.91173 1.91173 1.91173 1.91173 1.91173 1.91173 1.91173 1.91173 1.91173 1.91173 1.91173 0.00000 0.00000 0.00000 0.00000 0.00000 0.00000 0.00000 2.45537 2.71641 2.79304 2.79304 2.79304 2.79304 2.47388 1.84967 1.84967 1.84967 1.84967 1.84967 1.84967 1.84967 1.84967 1.84967 1.84967 1.84967 1.84967 1.84967
0.00000 0.00000 0.00000 0.00000 0.00000 0.00000 0.00000 0.00000 0.00000 0.00000 0.00000 0.00000 0.00000 0.00000 0.00000 0.00000 0.00000 1.91173 1.91173 1.91173 1.91173 1.91173 1.91173 1.91173 1.91173 1.90998 1.90102 1.89131 1.88155 1.87185 1.86211 1.85242 1.84264 1.83295 1.82318 1.81352 1.80373 1.79406 1.77556 0.00000 0.00000 0.00000 0.00000 0.00000 0.00000 0.00000 0.00000 2.79304 2.79304 2.79304 2.79304 2.79304 2.78459 1.90136 1.84967 1.84967 1.84967 1.84967 1.84967 1.84967 1.84967 1.84967 1.88323 2.01719 2.19965 2.45408
0.00000 0.00000 0.00000 0.00000 0.00000 0.00000 0.00000 0.00000 0.00000 0.00000 0.00000 0.00000 0.00000 0.00000 0.00000 0.00000 0.00000 1.83106 1.80237 1.79263 1.78290 1.77320 1.76346 1.75373 1.74399 1.73603 1.73526 1.73526 1.73526 1.73526 1.73526 1.73526 1.73526 1.73526 1.73526 1.73526 1.73526 1.73526 1.73526 0.00000 0.00000 0.00000 0.00000 0.00000 0.00000 0.00000 0.00000 2.79304 2.79304 2.79304 2.79304 2.79304 2.79304 2.08728 1.84967 1.84967 1.84967 1.84967 1.90099 2.04454 2.23696 2.50795 2.77993 2.79304 2.79304 2.78430
