High_resolution/powerplant/Fengdu/OMI_NO2_200704.asc
ncols      200
nrows      200
xllcorner       105.978
yllcorner       28.1831
cellsize     0.0166667
NODATA_Value      -999.000
[rows 0 to 28 of 200, columns 0 to 65 of 200]
1.60792 1.37017 1.21587 1.21462 1.21339 1.21220 1.21100 1.20988 1.20878 1.20769 1.20813 1.25002 1.30463 1.35320 1.39660 1.43579 1.46181 1.50379 2.16890 2.22662 2.17102 2.00595 1.78764 1.64924 1.57053 1.54454 1.60468 2.01224 2.00938 2.00672 2.00442 2.00242 2.00067 2.00999 1.86019 1.67701 1.68524 1.67644 1.70032 2.09250 2.08347 2.07008 2.05751 2.04575 2.03469 2.02424 2.01441 2.00512 1.99630 1.92691 1.40354 1.34020 1.43814 1.52414 1.60343 1.66410 1.67732 1.67730 1.67727 1.67822 1.65241 1.61509 1.61509 1.61509 1.61509 1.69154
1.36757 1.32774 1.18769 1.23731 1.28097 1.32150 1.35933 1.39462 1.42763 1.45865 1.48708 1.49559 1.49559 1.49559 1.49578 1.50650 1.50784 1.38021 1.47980 1.50974 1.51962 1.60607 1.62703 1.65059 1.67143 1.69006 1.70712 1.98307 2.03135 2.03322 2.03503 2.03681 2.03853 2.04025 2.00487 1.84164 1.84201 1.68689 1.67610 1.84717 1.92142 1.92142 1.92142 1.92142 1.92142 1.92142 1.92142 1.93802 1.97850 2.00426 1.78849 1.67252 1.67723 1.67723 1.67723 1.67723 1.67723 1.67723 1.67723 1.67723 1.66477 1.61509 1.61509 1.61509 1.61509 1.63247
1.34365 1.33885 1.20265 1.45311 1.46160 1.45775 1.45394 1.45028 1.44664 1.44315 1.43899 1.42101 1.41224 1.40487 1.41610 1.56165 1.55692 1.46015 1.48123 1.62744 1.65233 1.75431 1.75660 1.75660 1.75660 1.75660 1.75660 1.90688 2.04376 2.04376 2.04376 2.04376 2.04376 2.04376 2.04670 1.84287 1.84287 1.72149 1.67610 1.76484 1.92142 1.92142 1.92165 1.94900 1.98788 2.01977 2.04639 2.06147 2.06176 2.06176 1.95418 1.67723 1.67723 1.67723 1.67723 1.67723 1.67723 1.67723 1.67723 1.67720 1.67531 1.61861 1.62036 1.62196 1.62342 1.62242
1.29183 1.29183 1.21749 1.36291 1.42582 1.42582 1.42390 1.42719 1.44739 1.39343 1.37832 1.38332 1.38029 1.37676 1.37325 1.52111 1.53885 1.49896 1.43478 1.64435 1.65130 1.74999 1.75660 1.75660 1.75660 1.75660 1.75660 1.82402 2.04376 2.04376 2.04376 2.04376 2.04376 2.04376 2.05881 1.88049 1.84287 1.75696 1.67911 1.75091 1.99674 2.02716 2.05252 2.06176 2.06176 2.06176 2.06176 2.06176 2.06176 2.06176 2.03701 1.70253 1.67723 1.67720 1.67638 1.67530 1.67433 1.67344 1.67263 1.67191 1.67292 1.63163 1.62509 1.62509 1.62509 1.62482
1.29183 1.29180 1.25344 1.31076 1.44395 1.46171 1.47801 1.49064 1.48756 1.41809 1.36818 1.36730 1.36730 1.36730 1.36730 1.48124 1.53878 1.53719 1.39582 1.62127 1.65064 1.72690 1.75660 1.75660 1.75660 1.75660 1.75660 1.76272 2.02586 2.04376 2.04376 2.04376 2.04376 2.04376 2.05079 1.99989 1.95788 1.96620 1.90573 1.91930 2.03704 2.06176 2.06176 2.06176 2.06176 2.06176 2.06176 2.06160 2.05136 2.03519 2.00104 1.74878 1.67264 1.67192 1.67170 1.67170 1.67170 1.67170 1.67170 1.67170 1.67170 1.64139 1.62509 1.62509 1.62509 1.62509
1.34149 1.37525 1.40565 1.34491 1.48235 1.47988 1.47979 1.47979 1.47979 1.44803 1.36730 1.36730 1.36730 1.36730 1.36730 1.44381 1.53878 1.53878 1.43846 1.55319 1.65064 1.70464 1.75660 1.75660 1.75660 1.75660 1.75660 1.75660 1.93574 2.04376 2.05146 2.09161 2.12267 2.14755 2.16900 2.14836 2.08607 2.07096 1.91940 1.91930 1.99198 2.06176 2.05387 2.03770 2.02155 2.00539 1.98923 1.97323 1.96731 1.96731 1.96448 1.79752 1.67170 1.67170 1.67170 1.67170 1.67170 1.67170 1.67170 1.67170 1.67170 1.64992 1.62491 1.61348 1.60637 1.60836
1.43522 1.43522 1.43522 1.32880 1.46930 1.47979 1.47979 1.47979 1.47979 1.47664 1.37286 1.36730 1.36730 1.36730 1.36730 1.40640 1.53878 1.53878 1.49194 1.47611 1.65064 1.68396 1.75660 1.74519 1.71953 1.69254 1.67428 1.68339 1.82028 2.03910 2.05645 2.03235 2.02147 2.02147 2.02147 2.05143 2.08048 2.06453 1.90208 1.86544 1.87688 1.97558 1.96731 1.96731 1.96731 1.96731 1.96731 1.96731 1.96731 1.96731 1.96731 1.88106 1.67190 1.67170 1.67170 1.67170 1.67400 1.69357 1.71041 1.66601 1.60450 1.55088 1.68764 1.70862 1.72265 1.72265
1.43522 1.43522 1.43522 1.36664 1.42834 1.47979 1.47979 1.47979 1.47979 1.47979 1.40394 1.36752 1.37065 1.37476 1.38054 1.40142 1.58037 1.60124 1.61440 1.51189 1.55623 1.51548 1.52237 1.56430 1.66631 1.78139 1.89721 1.98762 2.02147 2.02147 2.01946 2.00445 1.98714 1.96982 1.95251 1.94747 1.99184 1.99162 1.88077 1.82484 1.82512 1.94952 1.96730 1.96538 1.96232 1.95927 1.95622 1.95317 1.95012 1.94708 1.94402 1.90675 1.74386 1.75663 1.76167 1.69909 1.62386 1.52441 1.43072 1.41187 1.40881 1.42285 2.20924 2.28770 2.31110 2.33443
1.59032 1.59641 1.60269 1.58032 1.51391 1.60360 1.61324 1.63012 1.64703 1.66397 1.63934 1.58518 1.59895 1.61181 1.62302 1.62459 1.76032 1.79607 1.77089 1.71931 1.83923 1.87837 1.94899 1.99889 1.98966 1.96893 1.94151 1.91407 1.88662 1.85913 1.83367 1.82123 1.81111 1.80100 1.79076 1.78086 1.83135 1.82808 1.79219 1.76070 1.75766 1.83449 1.89402 1.89288 1.89288 1.89288 1.89288 1.89288 1.89288 1.89288 1.84555 1.73215 1.56844 1.46799 1.39256 1.38819 1.38819 1.38819 1.38819 1.38819 1.38819 1.38819 2.13618 2.39887 2.39887 2.39887
1.65881 1.65881 1.66056 1.67330 1.56943 1.75872 1.77579 1.78554 1.79520 1.80495 1.80575 1.71320 1.72149 1.73223 1.73805 1.71780 1.67123 1.60339 1.58850 1.67803 1.90836 1.83255 1.77355 1.73631 1.71912 1.71235 1.71235 1.71235 1.71235 1.71235 1.71235 1.71235 1.71235 1.71235 1.71235 1.71235 1.75439 1.78005 1.77306 1.75042 1.75042 1.78522 1.89288 1.89288 1.89288 1.89010 1.81891 1.71846 1.61805 1.51769 1.46458 1.46441 1.39655 1.38819 1.38819 1.38819 1.38819 1.38819 1.38819 1.38819 1.38819 1.38819 1.88970 2.42720 2.47879 2.53016
1.89505 1.90957 1.92236 1.92419 1.77833 1.89917 1.91400 1.91400 1.91400 1.90053 1.83004 1.77488 1.77204 1.73909 1.71608 1.72644 1.68926 1.61380 1.62423 1.64306 1.90253 1.78808 1.75163 1.71235 1.71235 1.71235 1.71235 1.71235 1.71235 1.71235 1.71235 1.71235 1.71235 1.71235 1.71235 1.71235 1.73540 1.78005 1.77888 1.75090 1.75042 1.74464 1.78503 1.69177 1.59137 1.49379 1.46454 1.46454 1.46454 1.46454 1.46454 1.46454 1.41767 1.38819 1.38819 1.38819 1.38832 1.41757 1.46876 1.52016 1.57169 1.62324 1.96077 2.67653 2.70815 2.70815
1.92419 1.92419 1.92419 1.92419 1.84457 1.81245 1.80868 1.70112 1.59578 1.51035 1.48198 1.59472 1.75222 1.76245 1.76587 1.76587 1.74722 1.63241 1.63241 1.63241 1.82608 1.81199 1.75878 1.71235 1.71235 1.71235 1.71235 1.71235 1.71235 1.71235 1.71235 1.71235 1.71235 1.71235 1.71235 1.71235 1.71719 1.76732 1.70868 1.62041 1.55045 1.49354 1.47245 1.46454 1.46454 1.46454 1.46454 1.46454 1.46454 1.46454 1.46454 1.41478 1.36152 1.52118 1.57252 1.62374 1.67520 1.69747 1.69747 1.69747 1.69747 1.69747 1.83990 2.57410 2.70815 2.70815
1.90016 1.84262 1.73413 1.57282 1.41169 1.36049 1.49476 1.50344 1.51021 1.51069 1.51069 1.54477 1.76587 1.76587 1.76569 1.76121 1.75488 1.63591 1.62406 1.62210 1.70476 1.79316 1.73281 1.71033 1.71235 1.71235 1.71235 1.71235 1.71235 1.71235 1.71235 1.71235 1.71235 1.69478 1.63269 1.56841 1.50410 1.50448 1.51452 1.49689 1.48489 1.48489 1.47884 1.46454 1.46454 1.43127 1.33754 1.24266 1.14777 1.05294 0.958060 0.912879 0.966962 1.68782 1.69747 1.69747 1.69747 1.69747 1.69747 1.69747 1.69747 1.69747 1.71566 2.45189 2.70815 2.70844
1.40447 1.30075 1.24793 1.24793 1.24793 1.27657 1.51069 1.51069 1.51112 1.51200 1.51289 1.51374 1.70255 1.73573 1.73117 1.72983 1.72983 1.65131 1.61861 1.61861 1.63270 1.80988 1.74000 1.70382 1.71235 1.71235 1.71235 1.71235 1.71235 1.68814 1.62441 1.56010 1.49576 1.44903 1.44682 1.44682 1.44682 1.48059 1.51452 1.48309 1.37560 1.28066 1.18514 1.07153 0.975713 0.914093 0.912879 0.912879 0.912879 0.912879 0.912879 0.912879 0.912879 1.52286 1.69747 1.69747 1.69747 1.69747 1.69747 1.69747 1.69747 1.70089 1.72020 2.28453 2.72319 2.74645
1.24793 1.25012 1.28940 1.33863 1.38442 1.39342 1.61715 1.65839 1.56547 1.51625 1.51625 1.51625 1.62552 1.72983 1.72983 1.72983 1.72983 1.67542 1.60880 1.57926 1.54795 1.68407 1.74159 1.70997 1.71235 1.68041 1.61610 1.55181 1.48747 1.44738 1.44682 1.44682 1.44682 1.44683 1.44692 1.44703 1.44714 1.38720 1.04329 0.963649 0.933230 0.933230 0.933230 0.919625 0.912879 0.912879 0.912879 0.912879 0.912879 0.912879 0.916559 0.929490 0.942812 1.34724 1.75418 1.76760 1.78095 1.80165 1.83603 1.87065 1.90534 1.93658 1.95197 2.12638 2.38939 2.46832
1.51236 1.54834 1.55898 1.56089 1.56279 1.55138 1.63189 1.70219 1.63920 1.54891 1.53279 1.50704 1.52818 1.67180 1.64271 1.61227 1.58044 1.51134 1.39138 1.39260 1.39476 1.51348 1.73211 1.63104 1.47916 1.44682 1.44682 1.44682 1.45264 1.46304 1.47344 1.48387 1.49433 1.50473 1.51504 1.52533 1.53567 1.54076 1.10725 1.08173 1.12424 1.14178 1.15517 1.16136 1.16153 1.17491 1.18836 1.20172 1.21507 1.22846 1.23813 1.23859 1.23868 1.42309 2.05706 2.07836 2.09967 2.11366 2.11397 2.11397 2.11397 2.11397 2.11397 2.07288 2.10652 2.29078
1.59624 1.59624 1.59624 1.59624 1.59624 1.59624 1.55720 1.56609 1.51072 1.32186 1.30532 1.30050 1.29834 1.48429 1.49637 1.49058 1.48520 1.50464 1.55031 1.60883 1.66613 1.68515 1.69342 1.70615 1.62438 1.63680 1.64720 1.65769 1.66228 1.66228 1.66228 1.66228 1.66228 1.66228 1.66228 1.66228 1.66228 1.66228 1.34420 1.17768 1.23792 1.25894 1.25894 1.25769 1.23904 1.23859 1.23859 1.23859 1.23990 1.25672 1.27803 1.29934 1.32056 1.33833 2.05796 2.11397 2.11397 2.11397 2.11397 2.11397 2.11397 2.11397 2.11397 2.09587 2.02273 2.28545
1.53854 1.53280 1.52705 1.52126 1.51553 1.50975 1.45400 1.41452 1.41020 1.25063 1.22796 1.22796 1.24477 1.40327 1.51088 1.56207 1.61352 1.64780 1.76173 1.81043 1.84474 1.88202 1.81860 1.76173 1.65079 1.66228 1.66228 1.66228 1.66228 1.66228 1.66228 1.66228 1.66228 1.66228 1.66228 1.66228 1.66228 1.66228 1.48039 1.17768 1.22068 1.25894 1.25894 1.25894 1.24827 1.26230 1.28360 1.30490 1.32491 1.32938 1.32938 1.32938 1.32938 1.32938 1.84792 2.11397 2.11397 2.11397 2.11397 2.11397 2.07477 1.96594 1.85499 1.74403 1.52950 1.62518
1.49219 1.49219 1.49219 1.49219 1.49219 1.49219 1.46768 1.41458 1.45402 1.41301 1.42947 1.53437 1.63911 1.68566 1.71404 1.74490 1.77838 1.79277 1.87012 1.91713 1.91713 1.91713 1.86513 1.77996 1.65342 1.66228 1.66228 1.66228 1.66228 1.66228 1.66228 1.66228 1.66228 1.66228 1.66228 1.66228 1.66228 1.66228 1.61469 1.17947 1.23016 1.37730 1.47169 1.56615 1.51156 1.32938 1.32938 1.32938 1.32938 1.32938 1.32938 1.32938 1.32938 1.32938 1.63153 1.96208 1.85172 1.74110 1.63054 1.52012 1.44857 1.44717 1.44717 1.44717 1.36487 1.45931
1.49219 1.49219 1.49219 1.52197 1.58345 1.68797 1.81649 1.82130 1.91822 1.89401 1.76029 1.78944 1.79277 1.79277 1.79277 1.79277 1.79277 1.79277 1.82411 1.85177 1.80526 1.75875 1.69834 1.57418 1.43023 1.66228 1.66228 1.66228 1.66228 1.66228 1.66228 1.66228 1.66228 1.66228 1.66228 1.66228 1.70006 1.79398 1.88844 1.58869 1.57432 1.65009 1.65009 1.65009 1.61781 1.33140 1.32938 1.32938 1.36086 1.48788 1.62153 1.75509 1.88866 2.02222 2.03730 1.44862 1.44717 1.44717 1.44717 1.44717 1.44717 1.44717 1.44717 1.44717 1.38774 1.37090
1.62514 1.72616 1.85455 1.94038 1.98236 1.98796 1.98157 2.03474 2.06508 2.04422 1.79498 1.78572 1.74388 1.69741 1.65093 1.60439 1.55791 1.51137 1.50736 1.60811 1.60811 1.60811 1.60811 1.53516 1.42855 1.60243 1.66228 1.66228 1.66228 1.66228 1.66228 1.66236 1.71289 1.80736 1.90183 1.99628 2.05296 2.05343 2.05343 1.79538 1.56883 1.64109 1.66801 1.78615 1.91971 1.80337 1.86614 1.99994 2.10210 2.10864 2.10864 2.10864 2.10864 2.10864 2.10864 1.56239 1.44717 1.44717 1.44717 1.44717 1.44717 1.44717 1.44717 1.44717 1.39792 1.27490
1.99831 1.98157 1.98157 1.98157 1.98157 1.97712 1.96808 1.98615 2.02567 2.01438 1.62516 1.48844 1.48375 1.48375 1.48375 1.48375 1.48375 1.48375 1.48558 1.60272 1.60811 1.60811 1.60811 1.55932 1.46884 1.50175 1.66228 1.66376 1.72627 1.82083 1.91523 2.00962 2.05343 2.05343 2.05343 2.05343 2.05367 2.05941 2.06738 2.02980 2.08337 2.27193 2.41392 2.42935 2.42935 2.28057 2.10864 2.10864 2.10864 2.10864 2.10864 2.10864 2.10864 2.10864 2.10864 1.74629 1.44717 1.44728 1.44864 1.45032 1.42772 1.37813 1.32856 1.27894 1.22995 1.15519
2.00947 1.94443 1.93348 1.92258 1.91166 1.90520 1.90328 1.90738 1.96238 1.96012 1.68680 1.44616 1.44379 1.44139 1.43900 1.43664 1.43429 1.43190 1.42950 1.52100 1.54915 1.54676 1.54437 1.52195 1.50151 1.55587 1.92861 2.02151 2.05343 2.05343 2.05343 2.05657 2.06451 2.07249 2.08109 2.09362 2.10649 2.11386 2.11899 2.12963 2.36617 2.41261 2.44476 2.44644 2.44811 2.40203 2.13078 2.13243 2.13410 2.13579 2.13746 2.13913 2.14081 2.14248 2.14415 1.96579 1.44823 1.39855 1.34756 1.29632 1.26932 1.26930 1.26930 1.26930 1.26927 1.23703
1.91953 1.85557 1.85475 1.85475 1.85475 1.85515 1.85652 1.85788 1.89648 1.90655 1.77195 1.39733 1.39733 1.39733 1.39738 1.39764 1.39795 1.39825 1.39855 1.47346 1.51112 1.47008 1.42938 1.39049 1.68821 1.69365 2.12174 2.14057 2.15369 2.16680 2.17994 2.18990 2.19507 2.20020 2.20471 2.20532 2.20532 2.20532 2.20532 2.20532 2.37768 2.45879 2.47010 2.47010 2.47010 2.47010 2.20275 2.14939 2.14939 2.14939 2.14939 2.14296 2.09804 2.04677 1.99550 1.92526 1.29490 1.26930 1.26930 1.26930 1.26930 1.26930 1.26930 1.26930 1.26930 1.24442
1.92647 1.87586 1.86289 1.86420 1.86545 1.86639 1.86662 1.86682 1.88679 1.91049 1.89460 1.41975 1.40217 1.40247 1.40273 1.40032 1.36547 1.32073 1.27605 1.29734 1.42765 1.43763 1.44679 1.45523 1.63134 1.74827 2.08448 2.20532 2.20532 2.20532 2.20532 2.20532 2.20532 2.20532 2.20532 2.20532 2.20532 2.20532 2.20532 2.20532 2.30762 2.45573 2.46994 2.47010 2.47010 2.47010 2.30378 2.13437 2.08450 2.03322 1.98197 1.93713 1.93077 1.93077 1.93077 1.93077 1.45815 1.26930 1.26930 1.26930 1.26930 1.26930 1.26930 1.29907 1.43520 1.56224
1.92834 1.90038 1.86822 1.86822 1.86822 1.86822 1.86822 1.86822 1.87708 1.91198 1.91198 1.53817 1.36502 1.32043 1.27760 1.25144 1.25938 1.27556 1.29049 1.32116 1.46987 1.46987 1.46987 1.46987 1.53335 1.76068 1.94875 2.20532 2.20532 2.20532 2.20532 2.20532 2.20532 2.20532 2.20532 2.20532 2.20532 2.20532 2.20532 2.20532 2.23765 2.45493 2.46747 2.43766 2.36121 2.28450 2.15933 1.93217 1.93077 1.93077 1.93077 1.93077 1.93077 1.93077 1.93077 1.93077 1.64197 1.30195 1.43808 1.58365 1.72838 1.87320 2.01867 2.13306 2.14249 2.13232
1.92834 1.92101 1.86854 1.86822 1.86822 1.86822 1.86822 1.86639 1.84347 1.82610 1.77674 1.52259 1.28258 1.29698 1.30884 1.31059 1.31059 1.31059 1.31059 1.31059 1.45193 1.47587 1.50899 1.54741 1.58978 1.94672 2.10636 2.20532 2.20532 2.20532 2.20532 2.20532 2.20532 2.20532 2.20532 2.20532 2.20532 2.20532 2.20519 2.16257 2.08586 2.22104 2.19143 2.15298 2.15273 2.15273 2.15190 1.95572 1.93077 1.93077 1.93077 1.91616 1.81840 1.70738 1.59643 1.48541 1.47729 2.13463 2.14249 2.14249 2.14249 2.14249 2.14249 2.14249 2.14249 2.13965
1.92834 1.92834 1.87994 1.86642 1.84607 1.82100 1.79573 1.77230 1.77067 1.73935 1.71797 1.63910 1.31059 1.31059 1.31135 1.33292 1.36531 1.39982 1.43668 1.47610 1.64745 1.75435 1.75896 1.75896 1.75896 1.98471 2.20532 2.20532 2.20532 2.20532 2.20532 2.20532 2.20532 2.20532 2.20389 2.15197 2.07532 1.99862 1.92203 1.88795 1.88795 2.02980 2.14368 2.15273 2.15273 2.14639 2.05982 1.82057 1.61583 1.50481 1.39380 1.29739 1.28420 1.28420 1.28420 1.28420 1.28489 2.04134 2.14249 2.14249 2.14249 2.14249 2.14249 2.14249 2.14249 2.14249
1.93993 1.94556 1.87688 1.77812 1.77331 1.77331 1.77331 1.77331 1.76289 1.70274 1.61328 1.56360 1.45328 1.50289 1.54602 1.55986 1.55986 1.55986 1.55986 1.55986 1.65015 1.75896 1.75896 1.75896 1.75896 1.85994 2.20187 2.20532 2.20532 2.20532 2.20107 2.14146 2.06472 1.98808 1.91274 1.88795 1.88795 1.88795 1.88795 1.88742 1.83124 1.80135 1.84501 1.74623 1.63521 1.53053 1.50616 1.44751 1.28420 1.28420 1.28420 1.28420 1.28420 1.28420 1.28420 1.28420 1.28420 1.80489 2.14249 2.14249 2.14249 2.14249 2.14288 2.18526 2.25548 2.33336
