High_resolution/powerplant/Fengdu/OMI_NO2_200910.asc
ncols      200
nrows      200
xllcorner       105.978
yllcorner       28.1831
cellsize     0.0166667
NODATA_Value      -999.000
[rows 0 to 29 of 200, columns 66 to 131 of 200]
0.00000 0.00000 0.00000 0.00000 0.00000 0.00000 0.00000 0.00000 0.00000 0.00000 0.00000 0.00000 0.00000 0.00000 0.00000 0.00000 0.00000 1.48775 1.48775 1.48775 1.48775 1.48775 1.48775 1.48775 1.48775 1.48775 1.48775 1.48775 1.48775 0.00000 0.00000 0.00000 0.00000 0.00000 0.00000 0.00000 0.00000 0.00000 0.00000 0.00000 0.00000 0.00000 0.00000 0.479205 0.479205 0.479205 0.479205 0.479205 0.479205 0.479205 0.479205 0.479205 0.479205 0.479205 0.479205 0.479205 0.479205 0.479205 0.479205 0.479205 0.479205 0.479205 0.479205 0.00000 0.00000 0.00000
0.00000 0.00000 0.00000 0.00000 0.00000 0.00000 0.00000 0.00000 0.00000 0.00000 0.00000 0.344320 0.344320 1.43201 1.48775 1.48775 1.48775 1.48775 1.48775 1.48775 1.48775 1.48775 1.48775 1.48775 1.48775 1.48775 1.48775 1.48775 1.48775 0.00000 0.00000 0.00000 0.00000 0.00000 0.00000 0.00000 0.00000 0.00000 0.00000 0.00000 0.00000 0.00000 0.00000 0.479205 0.479205 0.479205 0.479205 0.479205 0.479205 0.479205 0.479205 0.479205 0.479205 0.479205 0.479205 0.479205 0.479205 0.479205 0.479205 0.479205 0.479205 0.502336 0.734543 3.52261 3.52261 3.52261
0.00000 0.00000 0.00000 0.00000 0.00000 0.344320 0.344320 0.344320 0.344320 0.344320 0.344320 0.344320 0.344320 1.21571 1.48775 1.48775 1.48775 1.48775 1.48775 1.48775 1.48775 1.48775 1.48775 1.48775 1.48775 1.48775 1.48775 1.48775 1.48775 0.00000 0.00000 0.00000 0.00000 0.00000 0.00000 0.00000 0.00000 0.00000 0.00000 0.00000 0.00000 0.00000 0.00000 0.479205 0.479205 0.479205 0.479205 0.479205 0.479205 0.479205 0.479205 0.479205 0.479205 0.479205 0.479205 0.479205 0.479448 0.578225 0.756786 0.935348 1.11391 1.26934 1.29085 3.19610 3.52261 3.52261
0.344320 0.344320 0.344320 0.344320 0.344320 0.344320 0.344320 0.344320 0.344320 0.344320 0.344320 0.344320 0.344320 0.897903 1.48775 1.48775 1.48775 1.48775 1.48775 1.48775 1.48775 1.48775 1.48775 1.48775 1.48775 1.48775 1.48775 1.48775 1.48775 1.48775 0.00000 0.00000 0.00000 0.00000 0.00000 0.00000 0.00000 0.00000 0.00000 0.00000 0.00000 0.00000 0.00000 0.479205 0.479205 0.479205 0.479205 0.479205 0.479205 0.479205 0.479205 0.479205 0.511264 0.675479 0.854183 1.03274 1.21106 1.29085 1.29085 1.29085 1.29085 1.29085 1.29085 2.51752 3.52261 3.52261
0.344320 0.344320 0.344320 0.344320 0.344320 0.344320 0.344320 0.344320 0.344320 0.344320 0.344320 0.344320 0.344320 0.579981 1.48775 1.48775 1.48775 1.48775 1.48775 1.48775 1.48775 1.48775 1.48775 1.48775 1.48775 1.48775 1.48775 1.48775 1.48775 1.48775 0.00000 0.00000 0.00000 0.00000 0.00000 0.00000 0.00000 0.00000 0.00000 0.00000 0.00000 0.00000 0.00000 0.00000 0.479205 0.479205 0.479205 0.481071 0.594296 0.772857 0.951418 1.12998 1.27648 1.29085 1.29085 1.29085 1.29085 1.29085 1.29085 1.29085 1.29085 1.29085 1.29085 1.83908 3.52261 3.52261
0.344320 0.344320 0.344320 0.344320 0.344320 0.344320 0.344320 0.344320 0.344320 0.344320 0.344320 0.344320 0.344320 0.353582 1.39651 1.48775 1.48775 1.48775 1.48775 1.48775 1.48775 1.48775 1.48775 1.48775 1.48775 1.48775 1.48775 1.48775 1.48775 1.48775 0.00000 0.00000 0.00000 0.00000 0.00000 0.00000 0.00000 0.00000 0.00000 0.00000 0.00000 0.00000 0.00000 0.00000 0.646750 0.870254 1.04882 1.22551 1.29085 1.29085 1.29085 1.29085 1.29085 1.29085 1.29085 1.29085 1.29085 1.29085 1.29085 1.29085 1.29085 1.29085 1.29085 1.32298 3.35991 3.52261
0.344320 0.344320 0.344320 0.344320 0.344320 0.344320 0.344320 0.344320 0.344320 0.344320 0.344320 0.344320 0.344320 0.344320 1.08824 1.48775 1.48775 1.48775 1.48775 1.48775 1.48775 1.48775 1.48775 1.48775 1.48775 1.48775 1.49113 1.58117 1.70854 1.85768 2.25597 0.00000 0.00000 0.00000 0.00000 0.00000 0.00000 0.00000 0.00000 0.00000 0.00000 0.00000 0.00000 0.00000 1.29085 1.29085 1.29085 1.29085 1.29085 1.29085 1.29085 1.29085 1.29085 1.29085 1.29085 1.29085 1.29085 1.29085 1.29085 1.29085 1.29085 1.29085 1.29085 1.29085 2.71361 3.52261
0.344320 0.344320 0.344320 0.344320 0.344320 0.344320 0.344320 0.344320 0.344320 0.344320 0.344320 0.344320 0.344320 0.344320 0.770591 1.48775 1.48775 1.48775 1.48775 1.48775 1.49175 1.58378 1.71107 1.83860 1.96658 2.09395 2.21802 2.25597 2.25597 2.25597 2.25597 0.00000 0.00000 0.00000 0.00000 0.00000 0.00000 0.00000 0.00000 0.00000 0.00000 0.00000 0.00000 0.00000 0.00000 1.29085 1.29085 1.29085 1.29085 1.29085 1.29085 1.29085 1.29085 1.29085 1.29085 1.29085 1.29085 1.29085 1.29085 1.29085 1.29085 1.29085 1.29085 1.29085 2.03499 3.52261
0.344320 0.344320 0.344320 0.344320 0.344320 0.344320 0.344320 0.344320 0.344320 0.344320 0.344320 0.344320 0.344320 0.344320 0.461434 1.58252 1.71376 1.84113 1.96919 2.09649 2.22002 2.25597 2.25597 2.25597 2.25597 2.25597 2.25597 2.25597 2.25597 2.25597 2.25597 0.00000 0.00000 0.00000 0.00000 0.00000 0.00000 0.00000 0.00000 0.00000 0.00000 0.00000 0.00000 0.00000 0.00000 1.29085 1.29085 1.29085 1.29085 1.29085 1.29085 1.29085 1.29085 1.29085 1.29085 1.29085 1.29085 1.29085 1.29085 1.29085 1.29085 1.29085 1.29085 1.29085 1.41583 3.48987
0.344320 0.344320 0.344320 0.344320 0.344320 0.344320 0.344320 0.344320 0.345412 0.427593 0.560532 0.693628 0.826568 0.959507 1.08800 2.04901 2.25597 2.25597 2.25597 2.25597 2.25597 2.25597 2.25597 2.25597 2.25597 2.25597 2.25597 2.25597 2.25597 2.25597 2.25597 0.00000 0.00000 0.00000 0.00000 0.00000 0.00000 0.00000 0.00000 0.00000 0.00000 0.00000 0.00000 0.00000 0.00000 1.29085 1.29085 1.29085 1.29085 1.29085 1.29085 1.29085 1.29085 1.29085 1.29085 1.29085 1.29085 1.29085 1.29085 1.29085 1.29085 1.29085 1.29085 1.29085 1.29085 0.00000
0.344320 0.344320 0.344320 0.409426 0.542443 0.675461 0.808401 0.941340 1.07327 1.12402 1.12402 1.12402 1.12402 1.12402 1.12402 1.73409 2.25597 2.25597 2.25597 2.25597 2.25597 2.25597 2.25597 2.25597 2.25597 2.25597 2.25597 2.25597 2.25597 2.25597 2.25597 2.25597 0.00000 0.00000 0.00000 0.00000 0.00000 0.00000 0.00000 0.00000 0.00000 0.00000 0.00000 0.00000 0.00000 0.00000 1.29085 1.29085 1.29085 1.29085 1.29085 1.29085 1.29085 1.29085 1.29085 1.29085 1.29085 1.29085 1.29085 1.29085 0.00000 0.00000 0.00000 0.00000 0.00000 0.00000
0.766380 0.923173 1.05619 1.12402 1.12402 1.12402 1.12402 1.12402 1.12402 1.12402 1.12402 1.12402 1.12402 1.12402 1.12402 1.41918 2.25597 2.25597 2.25597 2.25597 2.25597 2.25597 2.25597 2.25597 2.25597 2.25597 2.25597 2.25597 2.25597 2.25597 2.25597 2.25597 0.00000 0.00000 0.00000 0.00000 0.00000 0.00000 0.00000 0.00000 0.00000 0.00000 0.00000 0.00000 0.00000 0.00000 1.29085 1.29085 1.29085 1.29085 1.29085 1.29085 1.29085 1.29085 1.29085 1.29085 0.00000 0.00000 0.00000 0.00000 0.00000 0.00000 0.00000 0.00000 0.00000 0.00000
0.958660 1.12402 1.12402 1.12402 1.12402 1.12402 1.12402 1.12402 1.12402 1.12402 1.12402 1.12402 1.12402 1.12402 1.12402 1.15413 2.20627 2.25597 2.25597 2.25597 2.25597 2.25597 2.25597 2.25597 2.25597 2.25597 2.25597 2.25597 2.25597 2.25597 2.25597 2.25597 0.00000 0.00000 0.00000 0.00000 0.00000 0.00000 0.00000 0.00000 0.00000 0.00000 0.00000 0.00000 0.00000 0.00000 1.29085 1.29085 1.29085 1.29085 1.29085 0.00000 0.00000 0.00000 0.00000 0.00000 0.00000 0.00000 0.00000 0.00000 0.00000 0.00000 0.00000 0.00000 0.00000 0.00000
0.802931 1.12402 1.12402 1.12402 1.12402 1.12402 1.12402 1.12402 1.12402 1.12402 1.12402 1.12402 1.12402 1.12402 1.12402 1.12402 1.92148 2.25597 2.25597 2.25597 2.25597 2.25597 2.25597 2.25597 2.25597 2.25597 2.25597 2.25597 2.25597 2.25608 2.35576 2.56371 0.00000 0.00000 0.00000 0.00000 0.00000 0.00000 0.00000 0.00000 0.00000 0.00000 0.00000 0.00000 0.00000 0.00000 0.00000 0.00000 0.00000 0.00000 0.00000 0.00000 0.00000 0.00000 0.00000 0.00000 0.00000 0.00000 0.00000 0.00000 0.00000 0.00000 0.00000 0.00000 0.00000 0.00000
0.647185 1.12402 1.12402 1.12402 1.12402 1.12402 1.12402 1.12402 1.12402 1.12402 1.12402 1.12402 1.12402 1.12402 1.12402 1.12402 1.60640 2.25597 2.25597 2.25597 2.25597 2.25597 2.25597 2.25652 2.36319 2.54636 2.73041 2.91380 3.09719 3.28080 3.36473 3.36473 3.36473 0.00000 0.00000 0.00000 0.00000 0.00000 0.00000 0.00000 0.00000 0.00000 0.00000 0.00000 0.00000 0.00000 0.00000 0.00000 0.00000 0.00000 0.00000 0.00000 0.00000 0.00000 0.00000 0.00000 0.00000 0.00000 0.00000 0.00000 0.00000 0.00000 0.00000 0.00000 0.00000 0.00000
0.568869 1.04658 1.12402 1.12402 1.12402 1.12402 1.12402 1.12402 1.12402 1.12402 1.12402 1.12402 1.12402 1.12402 1.12402 1.12402 1.29157 2.25730 2.37051 2.55401 2.73784 2.92123 3.10462 3.28790 3.36473 3.36473 3.36473 3.36473 3.36473 3.36473 3.36473 3.36473 3.36473 0.00000 0.00000 0.00000 0.00000 0.00000 0.00000 0.00000 0.00000 0.00000 0.00000 0.00000 0.00000 0.00000 0.00000 0.00000 0.00000 0.00000 0.00000 0.00000 0.00000 0.00000 0.00000 0.00000 0.00000 0.00000 0.00000 0.00000 0.00000 0.00000 0.00000 0.00000 0.00000 0.00000
0.568869 0.890859 1.12402 1.12402 1.12402 1.12402 1.12402 1.12402 1.12402 1.12402 1.12402 1.12402 1.10272 1.05890 1.01510 0.971311 0.927631 2.97314 3.36473 3.36473 3.36473 3.36473 3.36473 3.36473 3.36473 3.36473 3.36473 3.36473 3.36473 3.36473 3.36473 3.36473 3.36473 0.00000 0.00000 0.00000 0.00000 0.00000 0.00000 0.00000 0.00000 0.00000 0.00000 0.00000 0.00000 0.00000 0.00000 0.00000 0.00000 0.00000 0.00000 0.00000 0.00000 0.00000 0.00000 0.00000 0.00000 0.00000 0.00000 0.00000 0.00000 0.00000 0.00000 0.00000 0.00000 0.00000
0.568869 0.735121 1.12402 1.12402 1.12402 1.12402 1.10936 1.06628 1.02249 0.978669 0.934799 0.891006 0.868522 0.868522 0.868522 0.868522 0.868522 2.34767 3.36473 3.36473 3.36473 3.36473 3.36473 3.36473 3.36473 3.36473 3.36473 3.36473 3.36473 3.36473 3.36473 3.36473 3.36473 3.36473 0.00000 0.00000 0.00000 0.00000 0.00000 0.00000 0.00000 0.00000 0.00000 0.00000 0.00000 0.00000 0.00000 0.00000 0.00000 0.00000 0.00000 0.00000 0.00000 0.00000 0.00000 0.00000 0.00000 0.00000 0.00000 0.00000 0.00000 0.00000 0.00000 0.00000 0.00000 0.00000
0.590862 0.726598 1.03703 0.985977 0.942183 0.898365 0.869237 0.868522 0.868522 0.868522 0.868522 0.868522 0.868522 0.868522 0.868522 0.868522 0.868522 1.65366 3.36473 3.36473 3.36473 3.36473 3.36473 3.36473 3.36473 3.36473 3.36473 3.36473 3.36473 3.36473 3.36473 3.36473 3.36473 3.36473 0.00000 0.00000 0.00000 0.00000 0.00000 0.00000 0.00000 0.00000 0.00000 0.00000 0.00000 0.00000 0.00000 0.00000 0.00000 0.00000 0.00000 0.00000 0.00000 0.00000 0.00000 0.00000 0.00000 0.00000 0.00000 0.00000 0.00000 0.00000 0.00000 0.00000 0.00000 0.00000
1.24037 1.24977 0.967837 0.868522 0.868522 0.868522 0.868522 0.868522 0.868522 0.868522 0.868522 0.868522 0.868522 0.868522 0.868522 0.868522 0.868522 1.00681 3.31781 3.36473 3.36473 3.36473 3.36473 3.36473 3.36473 3.36473 3.36473 3.36473 3.36473 3.36473 3.36473 3.36473 3.36473 3.36473 0.00000 0.00000 0.00000 0.00000 0.00000 0.00000 0.00000 0.00000 0.00000 0.00000 0.00000 0.00000 0.00000 0.00000 0.00000 0.00000 0.00000 0.00000 0.00000 0.00000 0.00000 0.00000 0.00000 0.00000 0.00000 0.00000 0.00000 0.00000 0.00000 0.00000 0.00000 0.00000
1.24977 1.24977 1.07430 0.868522 0.868522 0.868522 0.868522 0.868522 0.868522 0.868522 0.868522 0.868522 0.868522 0.868522 0.868522 0.868522 0.868522 0.868522 2.76290 3.36473 3.36473 3.36473 3.36473 3.36473 3.36473 3.36473 3.36473 3.36473 3.36473 3.36473 3.36473 3.36473 3.36473 3.35486 0.00000 0.00000 0.00000 0.00000 0.00000 0.00000 0.00000 0.00000 0.00000 0.00000 0.00000 0.00000 0.00000 0.00000 0.00000 0.00000 0.00000 0.00000 0.00000 0.00000 0.00000 0.00000 0.00000 0.00000 0.00000 0.00000 0.00000 0.00000 0.00000 0.00000 0.00000 0.00000
1.24977 1.24977 1.18069 0.868522 0.868522 0.868522 0.868522 0.868522 0.868522 0.868522 0.868522 0.868522 0.868522 0.868522 0.868522 0.868522 0.868522 0.868522 2.06945 3.36473 3.36473 3.36473 3.36473 3.36473 3.36473 3.36473 3.36473 3.35288 3.32103 3.28884 3.25668 3.22455 3.19237 3.17064 3.17004 0.00000 0.00000 0.00000 0.00000 0.00000 0.00000 0.00000 0.00000 0.00000 0.00000 0.00000 0.00000 0.00000 0.00000 0.00000 0.00000 0.00000 0.00000 0.00000 0.00000 0.00000 0.00000 0.00000 0.00000 0.00000 0.00000 0.00000 0.00000 0.00000 0.00000 0.00000
1.24977 1.24977 1.24859 0.907070 0.868522 0.868522 0.868522 0.868522 0.868522 0.868522 0.868522 0.868522 0.868522 0.868522 0.868522 0.868522 0.868522 0.868522 1.37625 3.36473 3.36473 3.35134 3.31931 3.28717 3.25501 3.22282 3.19066 3.17035 3.17004 3.17004 3.17004 3.17004 3.17004 3.17004 3.17004 0.00000 0.00000 0.00000 0.00000 0.00000 0.00000 0.00000 0.00000 0.00000 0.00000 0.00000 0.00000 0.00000 0.00000 0.00000 0.00000 0.00000 0.00000 0.00000 0.00000 0.00000 0.00000 0.00000 0.00000 0.00000 0.00000 0.00000 0.00000 0.00000 0.00000 0.00000
1.24977 1.24977 1.24977 1.01233 0.868522 0.868522 0.868522 0.868522 0.868522 0.868522 0.868522 0.868522 0.868522 0.868522 0.868522 0.848838 0.790758 0.731781 0.691172 3.00573 3.18896 3.17016 3.17004 3.17004 3.17004 3.17004 3.17004 3.17004 3.17004 3.17004 3.17004 3.17004 3.17004 3.17004 3.17004 0.00000 0.00000 0.00000 0.00000 0.00000 0.00000 0.00000 0.00000 0.00000 0.00000 0.00000 0.00000 0.00000 0.00000 0.00000 0.00000 0.00000 0.00000 0.00000 0.00000 0.00000 0.00000 0.00000 0.00000 0.00000 0.00000 0.00000 0.00000 0.00000 0.00000 0.00000
1.24977 1.24977 1.24977 1.11874 0.868522 0.868522 0.868522 0.868522 0.868522 0.856203 0.800874 0.741862 0.682817 0.623771 0.564725 0.525430 0.524432 0.524432 0.524432 2.24364 3.17004 3.17004 3.17004 3.17004 3.17004 3.17004 3.17004 3.17004 3.17004 3.17004 3.17004 3.17004 3.17004 3.17004 3.17004 0.00000 0.00000 0.00000 0.00000 0.00000 0.00000 0.00000 0.00000 0.00000 0.00000 0.00000 0.00000 0.00000 0.00000 0.00000 0.00000 0.00000 0.00000 0.00000 0.00000 0.00000 0.00000 0.00000 0.00000 0.00000 0.00000 0.00000 0.00000 0.00000 0.00000 0.00000
1.24977 1.24977 1.24977 1.24275 0.822876 0.751944 0.692933 0.633852 0.574875 0.528148 0.524432 0.524432 0.524432 0.524432 0.524432 0.524432 0.524432 0.524432 0.524432 1.51336 3.17004 3.17004 3.17004 3.17004 3.17004 3.17004 3.17004 3.17004 3.17004 3.17004 3.17004 3.17004 3.17004 3.17004 3.17004 3.17004 0.00000 0.00000 0.00000 0.00000 0.00000 0.00000 0.00000 0.00000 0.00000 0.00000 0.00000 0.00000 0.00000 0.00000 0.00000 0.00000 0.00000 0.00000 0.00000 0.00000 0.00000 0.00000 0.00000 0.00000 0.00000 0.00000 0.00000 0.00000 0.00000 0.00000
1.77893 1.97912 2.17932 2.35825 0.925045 0.524432 0.524432 0.524432 0.524432 0.524432 0.524432 0.524432 0.524432 0.524432 0.524432 0.524432 0.524432 0.524432 0.524432 0.791109 3.16210 3.17004 3.17004 3.17004 3.17004 3.17004 3.17004 3.17004 3.17004 3.17004 3.17004 3.17004 3.17004 3.17004 3.17004 3.17004 0.00000 0.00000 0.00000 0.00000 0.00000 0.00000 0.00000 0.00000 0.00000 0.00000 0.00000 0.00000 0.00000 0.00000 0.00000 0.00000 0.00000 0.00000 0.00000 0.00000 0.00000 0.00000 0.00000 0.00000 0.00000 0.00000 0.00000 0.00000 0.00000 0.00000
2.38725 2.38725 2.38725 2.38725 1.44560 0.524432 0.524432 0.524432 0.524432 0.524432 0.524432 0.524432 0.524432 0.524432 0.524432 0.524432 0.524432 0.524432 0.524432 0.524432 2.69859 3.17004 3.17004 3.17004 3.17004 3.17004 3.17004 3.17004 3.17004 3.17004 3.17004 3.17004 3.17004 3.17004 3.17004 3.17004 0.00000 0.00000 0.00000 0.00000 0.00000 0.00000 0.00000 0.00000 0.00000 0.00000 0.00000 0.00000 0.00000 0.00000 0.00000 0.00000 0.00000 0.00000 0.00000 0.00000 0.00000 0.00000 0.00000 0.00000 0.00000 0.00000 0.00000 0.00000 0.00000 0.00000
2.38725 2.38725 2.38725 2.38725 1.96644 0.524432 0.524432 0.524432 0.524432 0.524432 0.524432 0.524432 0.524432 0.524432 0.524432 0.524432 0.524432 0.524432 0.524432 0.524432 1.96840 3.17004 3.17004 3.17004 3.17004 3.17004 3.17004 3.17004 3.17004 3.17004 3.08228 2.69483 2.28070 1.86532 1.45244 1.02764 0.676783 0.00000 0.00000 0.00000 0.00000 0.00000 0.00000 0.00000 0.00000 0.00000 0.00000 0.00000 0.00000 0.00000 0.00000 0.00000 0.00000 0.00000 0.00000 0.00000 0.00000 0.00000 0.00000 0.00000 0.00000 0.00000 0.00000 0.00000 0.00000 0.00000
2.38725 2.38725 2.38725 2.38725 2.36266 0.649042 0.524432 0.524432 0.524432 0.524432 0.524432 0.524432 0.524432 0.524432 0.524432 0.524432 0.524432 0.524432 0.524432 0.524432 1.23822 3.17004 3.17004 3.17004 3.07679 2.68610 2.27247 1.85684 1.44396 1.02983 0.702214 0.676783 0.676783 0.676783 0.676783 0.676783 0.676783 0.00000 0.00000 0.00000 0.00000 0.00000 0.00000 0.00000 0.00000 0.00000 0.00000 0.00000 0.00000 0.00000 0.00000 0.00000 0.00000 0.00000 0.00000 0.00000 0.00000 0.00000 0.00000 0.00000 0.00000 0.00000 0.00000 0.00000 0.00000 0.00000
