High_resolution/powerplant/Chizhou/OMI_NO2_200903.asc
ncols      200
nrows      200
xllcorner       115.585
yllcorner       28.7700
cellsize     0.0166667
NODATA_Value      -999.000
[rows 145 to 173 of 200, columns 67 to 133 of 200]
2.59200 2.41476 2.41466 2.41466 2.41466 2.41466 3.24386 4.17593 4.17593 4.17593 4.23801 4.54390 4.35866 3.90470 3.55071 3.51878 3.70218 3.79346 3.79346 3.79346 3.79346 3.79041 3.74486 3.70716 3.67713 3.64680 3.61995 3.63649 3.63668 3.61844 3.40346 3.35657 3.13012 2.67681 2.67681 2.67681 2.67681 2.67681 2.67681 2.67681 2.72815 2.92463 3.12973 3.33494 3.34882 3.07517 3.07517 2.93892 2.90162 2.90162 2.90162 2.90162 2.90162 2.90162 2.90162 2.90162 3.12192 3.51870 3.51870 3.51870 3.54597 4.23231 4.03039 3.95516 3.84571 3.64922 3.50622
2.61642 2.44583 2.41466 2.41466 2.41466 2.41466 2.61365 4.06886 3.89847 3.71293 3.53134 3.89301 3.97148 3.83359 3.51878 3.51878 3.62449 3.74664 3.70865 3.67844 3.64816 3.62099 3.63616 3.62524 3.59478 3.56435 3.53390 3.50347 3.46843 3.45375 3.38368 3.12558 3.47515 2.67681 2.67681 2.67681 2.71439 2.90359 3.10871 3.31391 3.46776 3.47648 3.47648 3.47648 3.45672 3.08480 3.07517 2.98789 2.90162 2.90162 2.90162 2.90162 2.90162 2.90162 2.90162 2.89927 2.91512 3.45895 3.45209 3.43258 3.41322 3.42634 3.43503 3.44355 3.47506 3.47506 3.47250
2.61642 2.50131 2.41466 2.41466 2.41466 2.41466 2.41466 3.26355 3.47261 3.47261 3.47261 3.74663 3.92140 3.76115 3.40214 3.37487 3.38062 3.61738 3.59447 3.56404 3.53370 3.50345 3.47316 3.46083 3.46083 3.46083 3.46083 3.46083 3.45785 3.45375 3.45307 3.09719 3.60301 2.92055 3.08776 3.29280 3.46049 3.47648 3.47648 3.47648 3.47648 3.47648 3.47648 3.47648 3.47648 3.17886 3.07517 3.03690 2.90162 2.90162 2.89447 2.86869 2.84881 2.82931 2.80978 2.79264 2.79669 3.24860 3.41545 3.41545 3.41545 3.42462 3.43229 3.38397 3.35566 3.29386 3.23123
2.61642 2.55680 2.41466 2.41466 2.41466 2.41466 2.41470 2.95285 3.42537 3.32812 3.23085 3.18046 3.20306 3.19559 3.38325 3.46721 3.48948 3.46667 3.46083 3.46083 3.46083 3.46083 3.46083 3.46083 3.46083 3.46083 3.46083 3.46083 3.45524 3.35985 3.23939 2.87603 2.90584 3.35569 3.47648 3.47648 3.47648 3.47648 3.47648 3.47648 3.47648 3.47648 3.47648 3.47648 3.47648 3.26996 2.99327 2.88165 2.80935 2.80408 2.79173 2.79800 2.79838 2.79838 2.79838 2.79838 2.79838 3.05502 3.41232 3.36323 3.29813 3.23673 3.19073 3.17430 3.20044 3.21434 3.21434
2.61642 2.60726 2.42543 2.37221 2.24288 2.12110 2.01983 2.08522 3.07041 3.09628 3.11859 3.13513 3.26450 3.27130 3.37117 3.49838 3.49838 3.47682 3.46083 3.46083 3.46083 3.46083 3.46083 3.46083 3.46051 3.39171 3.27134 3.15079 3.03495 2.99765 2.99660 2.86852 2.74326 3.25247 3.47648 3.47648 3.47648 3.47648 3.47648 3.47614 3.43265 3.31163 3.15903 3.00648 2.85384 2.70264 2.50617 2.50613 2.69789 2.79838 2.79838 2.79838 2.79838 2.79838 2.80026 2.84945 2.91931 3.02193 3.16985 3.15473 3.15473 3.15484 3.17234 3.17430 3.18938 3.21434 3.21434
2.34854 2.23214 1.99583 1.90751 1.93690 1.95894 1.96009 1.96009 2.93478 3.13169 3.13169 3.13169 3.22775 3.27130 3.30570 3.49838 3.49838 3.48692 3.46083 3.46083 3.46083 3.41548 3.29603 3.17562 3.05534 3.00368 3.00368 3.00368 3.00368 2.99968 2.99660 2.97480 2.63233 3.15512 3.46082 3.42110 3.29061 3.13810 2.98550 2.83324 2.72418 2.69268 2.69268 2.69268 2.69268 2.69231 2.52656 2.50613 2.61536 2.79838 2.79898 2.84259 2.91237 2.98218 3.05008 3.07063 3.07063 3.07063 3.13693 3.15473 3.15473 3.15473 3.16683 3.17430 3.17823 3.21419 3.21434
2.06409 2.06409 2.01493 1.96009 1.96009 1.96009 1.96009 1.96009 2.59052 3.13169 3.13169 3.13169 3.18750 3.27130 3.27132 3.46732 3.49838 3.46993 3.32152 3.20035 3.07985 3.00474 3.00368 3.00368 3.00368 3.00368 3.00368 3.00368 3.00368 2.99886 2.94491 2.82452 2.41470 2.52673 2.70898 2.71483 2.69268 2.69268 2.69268 2.69268 2.69268 2.69268 2.69268 2.69268 2.69268 2.69268 2.57890 2.54343 2.64132 2.97395 3.04439 3.07063 3.07063 3.07063 3.07063 3.07063 3.07063 3.07063 3.11055 3.15473 3.15473 3.15473 3.16132 3.17430 3.17430 3.20694 3.21434
2.06409 2.06409 2.04343 1.96009 1.96009 1.96009 1.96009 1.96009 2.17602 3.13143 3.13169 3.13169 3.14750 3.25846 3.15614 3.16614 3.14217 3.04814 3.01246 3.00368 3.00368 3.00368 3.00368 3.00368 3.00206 2.97293 2.87619 2.76142 2.64662 2.52938 2.32089 2.29791 2.19470 2.23194 2.48451 2.69268 2.69268 2.69268 2.69268 2.69268 2.69268 2.69268 2.69268 2.72320 2.79276 2.86262 2.87121 2.77838 2.77838 3.01484 3.07063 3.07063 3.07063 3.07063 3.07063 3.07063 3.07063 3.07063 3.08417 3.15473 3.15473 3.15473 3.15603 3.17400 3.15409 3.16987 3.29518
2.06409 2.06409 2.06337 1.96861 1.96009 1.96009 1.96009 1.96009 1.96009 2.96494 3.04122 2.92081 2.80026 2.80724 2.81415 2.87921 3.04123 3.04123 3.02262 3.00225 2.97397 2.87765 2.76300 2.64808 2.53440 2.44849 2.46253 2.54232 2.62282 2.70323 2.68948 2.73152 2.72772 2.46482 2.38831 2.68582 2.69268 2.69268 2.69268 2.71702 2.78590 2.85568 2.92549 2.96477 2.96494 2.96494 2.95341 2.78139 2.77838 2.93231 3.07063 3.07063 3.07063 3.07063 3.07063 3.07063 3.07063 3.07063 3.07399 3.18270 3.22072 3.24005 3.25933 2.96652 2.82755 2.99555 3.77579
2.06409 2.06409 2.06409 1.99634 1.96009 1.96009 1.96009 1.96009 1.96009 2.37991 2.67454 2.67454 2.67454 2.74919 2.81290 2.79678 2.91082 2.80118 2.67783 2.53551 2.48161 2.54314 2.62359 2.70405 2.78446 2.86492 2.91280 2.91318 2.91318 2.91318 2.85691 2.78056 2.77980 2.51830 2.37421 2.61902 2.77899 2.84877 2.91854 2.96395 2.96494 2.96494 2.96494 2.96494 2.96494 2.96494 2.96494 2.82256 2.77838 2.84975 3.07063 3.07063 3.07063 3.08135 3.12092 3.14172 3.16099 3.18029 3.19624 3.22292 3.25627 3.25627 3.25627 3.03842 2.81440 2.78787 3.19458
2.06409 2.06409 2.06409 2.02483 1.96009 1.96009 1.96009 1.96009 1.96009 2.12158 2.67301 2.65748 2.63471 2.61991 2.58579 2.54026 2.45269 2.40818 2.39103 2.83217 2.91280 2.91318 2.91318 2.91318 2.91318 2.91318 2.91318 2.91318 2.91318 2.91318 2.89469 2.76175 2.63262 2.26105 1.63716 2.08121 2.96494 2.96494 2.96494 2.96494 2.96494 2.96494 2.96494 2.96494 2.96494 2.96494 2.96494 2.87520 2.80071 2.84435 3.13130 3.16608 3.18540 3.19392 3.17367 3.17217 3.17217 3.17217 3.17217 3.19066 3.25627 3.21065 2.89985 2.44888 1.74515 1.43379 1.54066
2.06409 2.06409 2.06409 2.05309 1.96030 1.95885 1.94201 1.91163 1.87717 1.82498 2.44885 2.50753 2.48912 2.47063 2.45227 2.45138 2.41302 2.36096 2.36096 2.73945 2.91318 2.91318 2.91318 2.91318 2.91318 2.91318 2.91318 2.90664 2.80408 2.65326 2.47817 2.15333 2.10145 1.97420 1.51301 1.39963 2.95641 2.96494 2.96494 2.96494 2.96494 2.96494 2.96567 3.06001 3.20393 3.33817 3.47265 3.46709 2.92763 2.91459 3.09027 3.17217 3.17217 3.17217 3.17217 3.17217 3.17217 3.15913 3.04888 2.91931 2.26291 1.87338 1.83061 1.82623 1.42192 1.38873 1.47067
2.06323 2.05038 2.01943 1.97801 1.83111 1.75528 1.71725 1.69269 1.67226 1.67008 2.14762 2.45704 2.45704 2.45704 2.45325 2.45138 2.43896 2.36097 2.36096 2.58990 2.91318 2.91318 2.91318 2.91232 2.83232 2.68585 2.51627 2.32832 2.27828 2.27828 2.27828 2.17773 2.10145 2.07798 1.64756 1.14222 2.66936 2.96942 3.08160 3.22231 3.35661 3.49094 3.62467 3.66457 3.65512 3.65512 3.65512 3.65081 2.98089 2.91458 3.01780 3.17217 3.17217 3.16410 3.06136 2.93127 2.80137 2.68427 2.66458 2.66458 2.16989 1.83061 1.83061 1.83061 1.54092 1.38873 1.41428
1.88578 1.85423 1.84075 1.83774 1.74439 1.67008 1.67008 1.67008 1.67008 1.67008 1.88041 2.45704 2.45704 2.45704 2.45488 2.45138 2.45138 2.37453 2.36096 2.44034 2.85927 2.71765 2.55301 2.36210 2.27828 2.27828 2.27828 2.27828 2.27828 2.27828 2.27828 2.22827 2.11288 2.24579 2.09855 1.80594 2.82556 3.63921 3.66151 3.65512 3.65512 3.65512 3.65512 3.65512 3.65512 3.65512 3.65512 3.65512 3.18566 2.91031 2.84732 2.94355 2.81381 2.69178 2.66458 2.66458 2.66458 2.66458 2.66458 2.66458 2.43048 1.83061 1.83061 1.83061 1.66424 1.38873 1.38875
1.83774 1.83774 1.83774 1.83774 1.79009 1.67008 1.67008 1.67008 1.67008 1.67008 1.67480 2.38946 2.45704 2.45704 2.45649 2.45141 2.41149 2.19118 1.94261 1.70241 2.18540 2.27828 2.27828 2.27828 2.27828 2.27828 2.27828 2.27943 2.29711 2.35890 2.43132 2.51083 3.08295 3.18493 2.81843 2.27846 2.47021 3.65463 3.65512 3.65512 3.65512 3.65512 3.65512 3.65512 3.65512 3.65350 3.56919 3.43924 3.04892 2.44292 2.40698 2.62294 2.66458 2.66458 2.66458 2.66458 2.66458 2.66458 2.66458 2.66458 2.64398 1.87800 1.83061 1.83061 1.78624 1.39015 1.38873
1.89374 1.83774 1.83774 1.83774 1.83112 1.67495 1.67008 1.67008 1.67008 1.67008 1.67008 2.17379 2.43704 2.28967 2.09786 1.86867 1.67418 1.62926 1.54199 1.54199 1.98516 2.27828 2.27927 2.29644 2.35789 2.42990 2.50228 2.57324 2.62756 2.62542 2.58405 2.54145 2.89576 3.01332 2.81885 2.15777 2.17751 3.47106 3.65512 3.65512 3.65512 3.65482 3.58167 3.45173 3.32163 3.19331 3.14753 3.14753 3.08939 2.41379 2.40698 2.55049 2.66458 2.66458 2.66458 2.66458 2.66458 2.66458 2.66458 2.66458 2.66458 2.11760 1.82083 1.84535 1.88178 1.74255 1.80756
2.03154 1.83774 1.83774 1.83774 1.83774 1.71411 1.67008 1.67008 1.67008 1.67008 1.67008 1.73905 1.70362 1.67008 1.67008 1.66619 1.66254 1.65968 1.56445 1.62063 1.93635 2.50089 2.57225 2.61527 2.58446 2.54189 2.49932 2.45669 2.41379 2.38341 2.38218 2.38218 2.62015 2.93922 2.93574 2.22924 2.17745 3.07384 3.59416 3.46417 3.33412 3.20448 3.14753 3.14753 3.14753 3.14753 3.14753 3.14753 3.14753 2.56472 2.40698 2.47810 2.66458 2.66458 2.66458 2.66458 2.66170 2.65817 2.69128 2.72765 2.76405 2.51557 2.01263 2.02448 2.02448 1.96258 1.90983
2.16992 1.83774 1.83774 1.83774 1.83774 1.75993 1.67008 1.67008 1.67008 1.67008 1.67008 1.67008 1.66916 1.64000 1.62931 1.66458 1.85629 1.93436 2.00158 2.07608 2.22486 2.45796 2.41412 2.38351 2.38218 2.38218 2.38218 2.38218 2.38218 2.38218 2.38218 2.38218 2.46116 2.93922 2.93922 2.44511 2.17097 2.44185 3.14758 3.14753 3.14753 3.14753 3.14753 3.14753 3.14753 3.14753 3.14753 3.14753 3.14753 2.77392 2.40698 2.40890 2.65759 2.70325 2.73964 2.77598 2.81526 2.85522 2.85845 2.85845 2.85845 2.81233 2.04600 2.02448 2.03571 2.04405 1.99929
2.29439 1.85165 1.83774 1.83774 1.83774 1.80576 1.67008 1.67006 1.64651 1.62934 1.63296 1.64157 1.69640 1.80129 1.89838 1.99598 2.47371 2.63091 2.59560 2.52895 2.52895 2.40431 2.38218 2.38218 2.38218 2.38218 2.38218 2.38218 2.38218 2.38218 2.38218 2.38218 2.38218 2.85967 2.93922 2.66961 2.16190 2.17969 3.06078 3.14753 3.14753 3.14753 3.14753 3.14753 3.14753 3.14720 3.09452 3.08003 3.11532 3.04206 2.79140 2.90894 2.89224 2.85845 2.85845 2.85845 2.85845 2.85845 2.85845 2.85845 2.83577 2.74912 2.26165 2.15437 2.18298 2.18112 2.07453
2.31555 1.96890 1.83774 1.82121 1.79725 1.80005 1.69092 1.74848 1.85590 1.97084 2.07547 2.18651 2.20938 2.20938 2.20938 2.20938 2.49312 2.64302 2.62818 2.52899 2.52895 2.43818 2.38218 2.38218 2.38218 2.38218 2.38218 2.38218 2.38218 2.38218 2.38218 2.38218 2.38218 2.70047 2.93922 2.88414 2.16583 2.17751 2.81052 3.14753 3.14528 3.08585 3.08686 3.12214 3.15743 3.19306 3.28100 3.33077 3.33077 3.32654 3.00181 2.97692 2.92551 2.85845 2.85845 2.85845 2.84180 2.75829 2.66786 2.57736 2.50961 2.50577 2.37484 2.18423 2.18423 2.18423 2.10337
2.10430 1.90239 1.84510 1.88116 1.92463 1.94038 2.09005 2.20938 2.20938 2.20938 2.20938 2.20938 2.20938 2.20938 2.20938 2.20938 2.36876 2.64302 2.64302 2.54688 2.52895 2.48024 2.38218 2.38218 2.38218 2.38218 2.38218 2.38218 2.38218 2.38218 2.38218 2.38218 2.38218 2.54205 2.93922 2.93345 2.26323 2.09665 2.46348 3.16428 3.20177 3.29646 3.33077 3.33077 3.33077 3.33077 3.33077 3.33077 3.33077 3.33077 3.09704 2.97692 2.94713 2.76753 2.67696 2.58653 2.51275 2.50577 2.50577 2.50577 2.50577 2.50577 2.47314 2.18607 2.18423 2.18423 2.13523
1.71569 1.74942 1.94552 1.94552 1.94552 1.94552 2.02031 2.20938 2.20938 2.20938 2.20938 2.20938 2.20938 2.20938 2.20938 2.20938 2.24736 2.64002 2.64302 2.57953 2.52895 2.52377 2.38669 2.38218 2.38218 2.38218 2.38218 2.38218 2.38218 2.38218 2.37839 2.34590 2.37492 2.44032 2.84033 2.86141 2.62795 2.41512 2.46587 3.27756 3.33077 3.33077 3.33077 3.33077 3.33077 3.33077 3.33077 3.33077 3.32336 3.24888 3.02418 2.71414 2.63524 2.52091 2.50577 2.50577 2.50577 2.50577 2.50577 2.50577 2.50577 2.50577 2.50577 2.25338 2.18423 2.18423 2.16713
1.71590 1.71590 1.91255 1.94552 1.94552 1.94552 1.96424 2.20847 2.20938 2.20938 2.20938 2.20938 2.20938 2.20938 2.20938 2.20938 2.20938 2.55364 2.64302 2.61222 2.52895 2.52895 2.41385 2.38218 2.38218 2.37874 2.34613 2.37374 2.42004 2.46618 2.51568 2.59464 2.61826 2.66278 2.95297 3.09705 3.02102 2.52966 2.45237 3.06454 3.33077 3.33077 3.33077 3.33077 3.32663 3.25808 3.16762 3.07719 2.99414 2.97809 2.94204 2.62530 2.62424 2.55412 2.50577 2.50577 2.50577 2.50577 2.50577 2.50577 2.50577 2.50577 2.50577 2.35339 2.18360 2.16989 2.10830
1.71649 1.71590 1.84603 1.94552 1.94552 1.94552 1.94552 2.14673 2.20938 2.20938 2.20938 2.20938 2.20938 2.20938 2.20938 2.20938 2.20938 2.42928 2.64302 2.63980 2.52941 2.47457 2.43817 2.41941 2.46492 2.51446 2.60056 2.66327 2.71361 2.76390 2.81376 2.86401 2.90750 2.91330 3.05831 3.24748 3.24306 2.65890 2.45237 2.78428 3.32894 3.26725 3.17675 3.08636 3.00003 2.97809 2.97809 2.97809 2.97809 2.97809 2.97809 2.68871 2.62424 2.58734 2.50577 2.50577 2.50577 2.50577 2.50577 2.50318 2.47891 2.40707 2.33003 2.20072 1.85506 1.79169 1.77621
1.74389 1.71590 1.77953 1.94552 1.94552 1.94552 1.94552 2.06555 2.20938 2.20938 2.20938 2.20938 2.20938 2.20938 2.20938 2.21010 2.21900 2.19516 2.16836 1.94396 2.41208 2.80373 2.76502 2.76441 2.81469 2.86465 2.90775 2.91330 2.91330 2.91330 2.91330 2.91330 2.91330 2.91330 2.96359 3.24748 3.24748 2.85441 2.46577 2.48365 2.98780 2.97809 2.97809 2.97809 2.97809 2.97809 2.97809 2.97809 2.97809 2.97809 2.97809 2.78811 2.62424 2.61807 2.50256 2.46097 2.38430 2.30725 2.23020 2.15571 2.10294 2.09775 2.09775 2.09772 1.82395 1.77621 1.77621
1.78586 1.71590 1.72281 1.93569 1.94552 1.94552 1.94552 2.00066 2.20938 2.20938 2.20946 2.21966 2.14822 2.01628 1.88581 1.78712 1.70443 1.71286 1.73460 1.76875 2.16460 2.68744 2.68787 2.88977 2.91330 2.91330 2.91330 2.91330 2.91330 2.91330 2.91330 2.91330 2.91330 2.91330 2.91333 3.20289 3.24748 3.02957 2.52277 2.45237 2.84200 2.97809 2.97809 2.97809 2.97809 2.97809 2.97809 2.97809 2.97811 2.98139 2.98607 2.88750 2.56628 2.55007 2.23749 2.09815 2.09775 2.09775 2.09775 2.09775 2.09775 2.09775 2.09775 2.13543 1.99714 1.82667 1.84694
1.82783 1.71590 1.71590 1.87608 1.94552 1.94552 1.95075 1.92414 2.02684 1.92332 1.83702 1.75444 1.74524 1.78047 1.81054 1.81818 1.81818 1.81818 1.80725 1.80129 1.91312 2.68700 2.68744 2.82943 2.91330 2.91330 2.91330 2.91330 2.91330 2.91330 2.91330 2.91330 2.91330 2.91330 2.91330 3.10815 3.24748 3.19850 2.57833 2.45237 2.68182 2.97809 2.97809 2.97822 2.98206 2.98652 2.99051 2.99449 2.99846 2.99917 2.99847 2.98757 2.56092 2.53854 2.33092 2.09775 2.09775 2.09775 2.09775 2.12783 2.21162 2.29631 2.38110 2.42817 2.29672 1.85774 1.85774
1.85906 1.73003 1.72756 1.78070 1.77339 1.70086 1.62292 1.58369 1.75111 1.81818 1.81818 1.81818 1.81818 1.81818 1.81818 1.81818 1.81818 1.81818 1.81209 1.80129 1.80129 2.54601 2.68744 2.76866 2.91330 2.91330 2.91330 2.91330 2.91330 2.91330 2.91330 2.91330 2.91330 2.91330 2.91330 3.01331 3.24748 3.24748 2.75062 2.45928 2.50592 2.98121 2.99495 2.99880 2.99894 2.99847 2.99847 2.99847 2.99847 2.99847 2.99847 2.99847 2.67925 2.53854 2.45417 2.12122 2.20319 2.28791 2.37267 2.42724 2.42830 2.42830 2.42830 2.42830 2.42319 1.90879 1.85774
1.84457 1.80464 1.78977 1.77687 1.60512 1.60492 1.60492 1.60492 1.70464 1.81818 1.81818 1.81818 1.81818 1.81818 1.81818 1.81818 1.81818 1.81818 1.81678 1.80143 1.80129 2.29373 2.68744 2.70869 2.91251 2.91330 2.91330 2.91330 2.91330 2.91330 2.91330 2.91330 2.91330 2.91379 2.91270 2.87704 3.12497 3.07233 2.83069 2.50854 2.48294 2.88792 2.99847 2.99847 2.99847 2.99847 2.99847 2.99847 2.99847 2.99847 2.99847 3.01605 2.90542 2.72028 2.80288 2.46646 2.42830 2.42830 2.42830 2.42830 2.42830 2.42830 2.42830 2.42830 2.42830 2.08118 1.85774
