High_resolution/powerplant/Chizhou/OMI_NO2_201004.asc
ncols      200
nrows      200
xllcorner       115.585
yllcorner       28.7700
cellsize     0.0166667
NODATA_Value      -999.000
[rows 0 to 28 of 167, columns 66 to 131 of 200]
0.651960 0.651960 0.651960 0.651960 0.651960 0.651960 0.651960 0.651960 0.651960 0.651960 0.651960 0.651960 0.00000 0.00000 0.00000 0.00000 0.00000 0.00000 0.00000 0.00000 0.00000 0.00000 0.00000 0.00000 0.00000 0.00000 0.00000 2.72633 2.72633 2.72633 2.72633 2.72633 2.72633 2.72633 2.72633 2.72633 2.72633 2.72633 2.72633 2.72633 2.72633 3.15821 4.08243 4.71859 7.38679 7.85253 7.85253 7.85253 7.85253 7.85253 7.85253 7.85253 7.85253 7.85253 7.85253 7.85253 7.85253 7.85253 7.85253 7.85253 7.85253 0.00000 0.00000 0.00000 0.00000 0.00000
0.651960 0.651960 0.651960 0.651960 0.651960 0.651960 0.651960 0.651960 0.651960 0.651960 0.651960 0.651960 0.00000 0.00000 0.00000 0.00000 0.00000 0.00000 0.00000 0.00000 0.00000 0.00000 0.00000 0.00000 0.00000 0.00000 0.00000 2.72633 2.72633 2.72633 2.72633 2.72633 2.72633 2.72633 2.72633 2.72633 2.72633 2.89537 3.82345 4.53266 5.02957 5.28403 5.28943 5.28943 6.46344 7.85253 7.85253 7.85253 7.85253 7.85253 7.85253 7.85253 7.85253 7.85253 7.85253 7.85253 7.85253 7.85253 7.85253 7.85253 7.85253 0.00000 0.00000 0.00000 0.00000 0.00000
0.651960 0.651960 0.651960 0.651960 0.651960 0.651960 0.651960 0.651960 0.651960 0.651960 0.651960 0.651960 0.00000 0.00000 0.00000 0.00000 0.00000 0.00000 0.00000 0.00000 0.00000 0.00000 0.00000 0.00000 0.00000 0.00000 0.00000 0.00000 2.72633 2.72633 2.72633 2.72633 2.72633 2.74828 3.52552 4.33299 4.88666 5.24537 5.28943 5.28943 5.28943 5.28943 5.28943 5.28943 5.81533 7.85253 7.85253 7.85253 7.85253 7.85253 7.85253 7.85253 7.85253 7.85253 7.85253 7.78353 7.58130 7.42344 7.30132 7.20383 7.03990 0.00000 11.2245 11.2245 11.2245 11.2245
0.651960 0.651960 0.651960 0.651960 0.651960 0.651960 0.651960 0.651960 0.658272 0.749620 0.867554 1.00146 0.00000 0.00000 0.00000 0.00000 0.00000 0.00000 0.00000 0.00000 0.00000 0.00000 0.00000 0.00000 0.00000 0.00000 0.00000 0.00000 2.72633 2.72633 2.72633 2.72633 3.94357 5.16654 5.28943 5.28943 5.28943 5.28943 5.28943 5.28943 5.28943 5.28943 5.28943 5.28943 5.37854 7.77926 7.85253 7.85253 7.85253 7.83234 7.64656 7.47278 7.34005 7.23494 7.14991 7.09720 7.09484 7.09484 7.09892 7.16748 7.26380 10.7726 11.2245 11.2245 11.2245 11.2245
0.651960 0.651960 0.651960 0.664949 0.766433 0.884488 1.00242 1.12054 1.23222 1.25892 1.25892 1.25892 1.25892 0.00000 0.00000 0.00000 0.00000 0.00000 0.00000 0.00000 0.00000 0.00000 0.00000 0.00000 0.00000 0.00000 0.00000 0.00000 2.72633 2.72633 2.72633 2.72633 3.40154 5.28853 5.28943 5.28943 5.28943 5.28943 5.28943 5.28943 5.28943 5.28943 5.28943 5.28943 5.54703 7.09032 7.38202 7.26849 7.17721 7.10744 7.09484 7.09484 7.09484 7.09484 7.09484 7.13887 7.22952 7.32031 7.40693 7.42912 7.42912 9.42601 11.2245 11.2245 11.2245 11.2245
0.901361 1.01929 1.13735 1.24241 1.25892 1.25892 1.25892 1.25892 1.25892 1.25892 1.25892 1.25892 1.25892 0.00000 0.00000 0.00000 0.00000 0.00000 0.00000 0.00000 0.00000 0.00000 0.00000 0.00000 0.00000 0.00000 0.00000 0.00000 0.00000 2.72633 2.72633 2.72633 2.72633 5.01567 5.28943 5.28943 5.28943 5.28943 5.34795 5.79064 6.30164 6.81293 7.32478 7.83579 8.08948 7.61528 7.09484 7.09484 7.09484 7.09484 7.09484 7.11513 7.20091 7.29163 7.38236 7.42912 7.42912 7.42912 7.42912 7.42912 7.42912 8.31754 11.2245 11.2245 11.2245 11.2245
1.25892 1.25892 1.25892 1.25892 1.25892 1.25892 1.25892 1.25892 1.25892 1.25892 1.25892 1.25892 1.25892 0.00000 0.00000 0.00000 0.00000 0.00000 0.00000 0.00000 0.00000 0.00000 0.00000 0.00000 0.00000 0.00000 0.00000 0.00000 0.00000 2.72633 2.72633 2.72633 2.72633 4.66667 6.03340 6.54469 7.05598 7.56755 8.02060 8.08948 8.08948 8.08948 8.08948 8.08948 8.08948 7.90136 7.09484 7.10046 7.17230 7.26295 7.35374 7.42414 7.42912 7.42912 7.42912 7.42912 7.42912 7.42912 7.42912 7.42912 7.42912 7.57861 11.1391 11.2245 11.2245 11.2245
1.25892 1.25892 1.25892 1.25892 1.25892 1.25892 1.25892 1.25892 1.25892 1.25892 1.25892 1.25892 1.25892 1.25892 0.00000 0.00000 0.00000 0.00000 0.00000 0.00000 0.00000 0.00000 0.00000 0.00000 0.00000 0.00000 0.00000 0.987949 0.987949 2.65862 5.72350 6.74608 7.76866 8.27360 8.08995 8.08948 8.08948 8.08948 8.08948 8.08948 8.08948 8.08948 8.08948 8.08954 8.13815 8.22546 7.42695 7.41017 7.42912 7.42912 7.42912 7.42912 7.42912 7.42912 7.42912 7.42912 7.42912 7.42912 7.42912 7.42912 7.42912 7.42912 9.77550 11.2245 11.2245 11.2245
1.25892 1.25892 1.25892 1.25892 1.25892 1.25892 1.25892 1.25892 1.25892 1.25892 1.25892 1.25892 1.25892 1.25892 0.00000 0.00000 0.00000 0.00000 0.00000 0.00000 0.00000 0.00000 0.987949 0.987949 0.987949 0.987949 0.987949 0.987949 0.987949 1.18317 7.98225 8.32643 8.32643 8.32643 8.11960 8.08948 8.08948 8.08948 8.08948 8.08948 8.11304 8.20029 8.29098 8.38170 8.42376 8.42376 7.81373 7.42912 7.42912 7.42912 7.42912 7.42912 7.42912 7.42912 7.42912 7.42912 7.42912 7.42912 7.42912 7.42912 7.42912 7.42912 8.48637 11.2245 11.2245 11.2245
1.25892 1.25892 1.25892 1.25892 1.25892 1.25892 1.25892 1.25892 1.25892 1.25892 1.25892 1.25892 1.25892 1.25892 0.00000 0.00000 0.00000 0.987949 0.987949 0.987949 0.987949 0.987949 0.987949 0.987949 0.987949 0.987949 0.987949 0.987949 0.987949 0.987949 6.05398 8.32643 8.32643 8.32643 8.18383 8.08948 8.09696 8.17158 8.26237 8.35306 8.42025 8.42376 8.42376 8.42376 8.42376 8.42376 8.10031 7.42912 7.42912 7.42912 7.42912 7.42912 7.42912 7.42912 7.42912 7.42912 7.42912 7.42912 7.39321 7.19014 6.96642 6.74304 6.87216 11.1347 11.2245 11.2974
1.25892 1.25892 1.25892 1.25892 1.25892 1.25892 1.25892 1.25892 1.25892 1.25892 1.25892 1.26371 1.37818 1.55386 0.994581 0.987949 0.987949 0.987949 0.987949 0.987949 0.987949 0.987949 0.987949 0.987949 0.987949 0.987949 0.987949 0.987949 0.987949 0.987949 3.93141 8.32643 8.32643 8.32643 8.29415 8.32335 8.40771 8.42376 8.42376 8.42376 8.42376 8.42376 8.42376 8.42376 8.42376 8.42376 8.36696 7.44862 7.42912 7.42912 7.42912 7.42912 7.42274 7.26480 7.04172 6.81821 6.59496 6.37159 6.18425 6.16352 6.16352 6.13466 5.96713 10.0429 11.9475 12.1101
1.25892 1.25892 1.25892 1.25892 1.25892 1.25892 1.27156 1.40270 1.56292 1.72326 1.88352 2.03902 2.08478 2.08478 1.19525 0.987949 0.987949 0.987949 0.987949 0.987949 0.987949 0.987949 0.987949 0.987949 0.987949 0.987949 0.987949 0.987949 0.987949 0.987949 1.82168 8.31248 8.32643 8.32643 8.32643 8.40937 8.42376 8.42376 8.42376 8.42376 8.42376 8.42376 8.42376 8.42376 8.42376 8.42376 8.42376 7.60195 7.11588 6.89277 6.66876 6.44534 6.22822 6.16352 6.16352 6.16352 6.16352 6.15934 6.01366 5.79941 5.58523 5.39991 5.37523 7.53307 12.1154 12.1154
1.25892 1.28312 1.42723 1.58745 1.74775 1.90796 2.05571 2.08478 2.08478 2.08478 2.08478 2.08478 2.08478 2.08478 1.51607 0.987949 0.987949 0.987949 0.987949 0.987949 0.987949 0.987949 0.987949 0.987949 0.987949 0.987949 0.987949 0.987949 0.987949 0.987949 0.987949 7.02445 8.32643 8.32643 8.32643 8.38194 8.42376 8.42376 8.42376 8.42376 8.42376 8.43320 8.54717 8.68969 8.83230 8.97490 9.11742 7.79672 6.16352 6.16352 6.16352 6.16352 6.16352 6.16352 6.08067 5.86799 5.65381 5.44381 5.37523 5.37523 5.37523 5.37523 5.37523 5.90974 11.9121 12.1154
1.93249 2.06859 2.08478 2.08478 2.08478 2.08478 2.08478 2.08478 2.08478 2.08478 2.08478 2.08478 2.08478 2.08478 1.83700 0.987949 0.987949 0.987949 0.987949 0.987949 0.987949 0.987949 0.987949 0.987949 0.987949 0.987949 0.987949 0.987949 0.987949 0.987949 0.987949 4.90009 8.32643 8.32643 8.32643 8.34003 8.47329 8.61434 8.75702 8.89954 9.04206 9.17523 9.20386 9.20386 9.20386 9.20386 9.20386 8.66967 6.16352 6.16352 6.13001 5.93657 5.72231 5.50806 5.37681 5.37523 5.37523 5.37523 5.37523 5.37523 5.37523 5.37523 5.37523 5.47274 10.3883 12.1154
2.08478 2.08478 2.08478 2.08478 2.08478 2.08478 2.08478 2.08478 2.08478 2.08478 2.08478 2.08478 2.08478 2.08478 2.07282 1.07284 0.987949 0.987949 0.987949 0.987949 0.987949 0.987949 0.987949 0.987949 0.987949 0.987949 0.987949 0.987949 0.987949 0.987949 0.988939 2.84037 8.84223 9.12728 9.41264 9.69769 9.31667 9.20386 9.20386 9.20386 9.20386 9.20386 9.20386 9.20386 9.20386 9.20386 9.19779 9.03963 6.13251 5.57664 5.39597 5.37523 5.37523 5.37523 5.37523 5.37523 5.37523 5.37523 5.37523 5.37523 5.37523 5.37523 5.37523 5.37523 7.95482 12.1154
2.08478 2.08478 2.08478 2.08478 2.08478 2.08478 2.08478 2.08478 2.08478 2.08478 2.08478 2.08478 2.08478 2.08478 2.08478 1.38160 0.987949 0.987949 0.987949 0.987949 0.987949 0.987949 0.987949 0.987949 0.987949 0.992629 1.01610 1.04154 1.06705 1.09249 1.11697 1.27256 9.33718 9.88663 9.88663 9.88663 9.51936 9.20386 9.20386 9.20386 9.20386 9.20386 9.20386 9.11339 8.89982 8.68556 8.47745 8.41557 6.58286 5.37523 5.37523 5.37523 5.37523 5.37523 5.37523 5.37523 5.37523 5.37523 5.37523 5.37523 5.37523 5.37523 5.37523 5.37523 6.10603 11.8780
2.08478 2.08478 2.08478 2.08478 2.08478 2.08478 2.08478 2.08478 2.08478 2.08478 2.08478 2.08478 2.08478 2.08478 2.08478 1.70253 0.987949 0.987949 0.987949 0.987949 0.999019 1.02441 1.04988 1.07537 1.10079 1.12163 1.12361 1.12361 1.12361 1.12361 1.12361 1.12361 6.94693 9.88663 9.88663 9.88663 9.81421 9.21485 9.20386 9.16539 8.96840 8.75422 8.53996 8.41628 8.41557 8.41557 8.41557 8.41557 7.45373 5.37523 5.37523 5.37523 5.37523 5.37523 5.37523 5.37523 5.37523 5.37523 5.37523 5.37523 5.37523 5.36742 5.28890 5.19335 5.36927 10.3295
2.08478 2.08478 2.08478 2.08478 2.08478 2.08478 2.08478 2.08478 2.08478 2.08478 2.08478 2.08478 2.08478 2.08478 2.08217 1.92938 1.03869 1.05821 1.08367 1.10911 1.12355 1.12361 1.12361 1.12361 1.12361 1.12361 1.12361 1.12361 1.12361 1.12361 1.12361 1.12361 4.40853 9.88663 9.88663 9.88663 9.88663 9.03696 8.60855 8.43276 8.41557 8.41557 8.41557 8.41557 8.41557 8.41557 8.41557 8.41557 8.25656 5.44303 5.37523 5.37523 5.37523 5.37523 5.37523 5.37491 5.31940 5.22384 5.12834 5.03285 4.93729 4.84955 4.83262 4.83262 4.89147 8.75603
2.08478 2.08478 2.08478 2.08478 2.08478 2.08478 2.08478 2.08478 2.08478 2.07758 1.98989 1.87976 1.76957 1.65949 1.55185 1.51795 1.21683 1.12361 1.12361 1.12361 1.12361 1.12361 1.12361 1.12361 1.12361 1.12361 1.12361 1.12361 1.12361 1.12361 1.12361 1.12361 1.92455 9.83230 9.88663 9.88663 9.88663 9.14340 8.41557 8.41557 8.41557 8.41557 8.41557 8.41557 8.41557 8.41557 8.41557 8.41557 8.41557 6.15599 5.34729 5.25439 5.15889 5.06339 4.96779 4.87272 4.83262 4.83262 4.83262 4.83262 4.84196 4.93614 5.05085 5.16554 5.25065 6.79010
2.08478 2.08478 2.08478 2.08478 2.07055 1.97379 1.86355 1.75347 1.64333 1.54040 1.51795 1.51795 1.51795 1.51795 1.51795 1.51795 1.33214 1.12361 1.12361 1.12361 1.12361 1.12361 1.12361 1.12361 1.12361 1.12361 1.12361 1.12361 1.12361 1.12361 1.12361 1.12361 1.12361 8.09547 9.88663 9.88663 9.88663 9.77265 8.44959 8.41557 8.41557 8.41557 8.41557 8.41557 8.39514 7.99605 7.45721 6.91630 6.37687 5.42582 4.83528 4.83262 4.83262 4.83262 4.83262 4.83262 4.83304 4.90024 5.01479 5.12954 5.23485 5.25522 5.25522 5.25522 5.25522 5.91781
1.95758 1.84750 1.73726 1.62729 1.53122 1.51795 1.51795 1.51795 1.51795 1.51795 1.51795 1.51795 1.51795 1.51795 1.51795 1.51795 1.44756 1.12361 1.12361 1.12361 1.12361 1.12361 1.12361 1.12361 1.12361 1.12361 1.12361 1.12361 1.12361 1.12361 1.12361 1.12361 1.12361 5.55594 9.88663 9.88663 9.88663 9.88663 8.72524 8.26014 7.73463 7.19549 6.65547 6.11515 5.59645 5.45493 5.45493 5.45493 5.45493 5.34792 4.83262 4.83262 4.83262 4.86715 4.97888 5.09353 5.20776 5.25522 5.25522 5.25522 5.25522 5.25522 5.25522 5.25522 5.25522 5.43286
1.44918 1.51795 1.51795 1.51795 1.51795 1.51795 1.51795 1.51795 1.51795 1.51795 1.51795 1.51795 1.51795 1.51795 1.51795 1.51795 1.51724 1.16923 1.12361 1.12361 1.12361 1.12361 1.12361 1.12361 1.12361 1.12361 1.12361 1.12361 1.12361 1.12361 1.12361 1.12361 1.12361 3.00070 9.08311 8.00247 6.92302 5.84416 5.27926 5.47033 5.45493 5.45493 5.45493 5.45493 5.45493 5.45493 5.45493 5.45493 5.45493 5.46615 5.01411 5.05753 5.17222 5.25230 5.25522 5.25522 5.25522 5.25522 5.25522 5.25522 5.25522 5.25522 5.25522 5.25522 5.25522 5.25522
1.12351 1.51795 1.51795 1.51795 1.51795 1.51795 1.51795 1.51795 1.51795 1.51795 1.51795 1.51795 1.51795 1.51795 1.51795 1.51795 1.51795 1.28383 1.12361 1.12361 1.12361 1.12361 1.12361 1.12361 1.12361 1.12361 1.12361 1.12361 1.12344 1.12248 1.12141 1.12035 1.11928 1.14358 3.73252 3.96534 3.96534 3.96534 4.04620 5.40807 5.45493 5.45493 5.45493 5.45493 5.45493 5.45620 5.52918 5.64391 5.75844 5.86096 5.50325 5.25522 5.25522 5.25522 5.25522 5.25522 5.25522 5.25522 5.25522 5.25522 5.25522 5.25522 5.25522 5.25522 5.25522 5.25522
0.773538 1.51795 1.51795 1.51795 1.51795 1.51795 1.51795 1.51795 1.51795 1.51795 1.51795 1.51795 1.51795 1.51795 1.51795 1.51795 1.51795 1.39914 1.12361 1.12361 1.12361 1.12361 1.12361 1.12320 1.12214 1.12107 1.12001 1.11894 1.11804 1.11794 1.11794 1.11794 1.11794 1.11794 2.93849 3.96534 3.96534 3.96534 3.96534 5.11028 5.45493 5.45493 5.49482 5.60787 5.72252 5.83594 5.87752 5.87752 5.87752 5.87752 5.68013 5.25522 5.25522 5.25522 5.25522 5.25522 5.25522 5.25522 5.25522 5.25522 5.25522 5.25522 5.25522 5.25522 5.25275 5.20725
0.434059 1.50754 1.51795 1.51795 1.51795 1.51795 1.51795 1.51795 1.51795 1.51795 1.51795 1.51795 1.51795 1.51795 1.51795 1.51795 1.51795 1.49969 1.13161 1.12180 1.12073 1.11967 1.11860 1.11795 1.11794 1.11794 1.11794 1.11794 1.11794 1.11794 1.11794 1.11794 1.11794 1.11794 2.11897 3.96534 3.96534 3.96534 3.96534 4.66369 5.68651 5.80116 5.87596 5.87752 5.87752 5.87752 5.87752 5.87752 5.87752 5.87752 5.84448 5.26872 5.25522 5.25522 5.25522 5.25522 5.25522 5.25522 5.25522 5.22701 5.16572 5.10451 5.04319 4.98198 4.92309 4.90740
0.334156 1.25731 1.51795 1.51795 1.51795 1.51795 1.51795 1.51795 1.51795 1.51795 1.51795 1.51795 1.51066 1.41476 1.29289 1.17083 1.04896 0.929102 1.05319 1.11794 1.11794 1.11794 1.11794 1.11794 1.11794 1.11794 1.11794 1.11794 1.11794 1.11794 1.11794 1.11794 1.11794 1.11794 1.33117 3.93345 3.96534 3.96534 3.96534 4.03222 5.80003 5.87752 5.87752 5.87752 5.87752 5.87752 5.87752 5.87752 5.87752 5.87752 5.87752 5.41273 5.25522 5.24283 5.18555 5.12433 5.06298 5.00177 4.94045 4.90744 4.90740 4.90740 4.90740 4.85167 4.60114 4.33406
0.334156 0.907412 1.51795 1.51795 1.51795 1.51795 1.51795 1.50255 1.39571 1.27377 1.15178 1.02984 0.915204 0.889107 0.889107 0.889107 0.889107 0.889107 0.986694 1.11794 1.11794 1.11794 1.11794 1.11794 1.11794 1.11794 1.11794 1.11794 1.11794 1.11794 1.11794 1.11794 1.11794 1.11794 1.11794 3.32651 3.96534 3.96534 3.96534 3.96534 5.39724 5.87752 5.87752 5.87752 5.87752 5.87752 5.87752 5.87232 5.65510 5.32739 5.00004 4.82116 4.96031 4.91141 4.90740 4.90740 4.90740 4.90740 4.90740 4.89249 4.68475 4.41767 4.15070 3.93926 3.92262 3.92262
0.334156 0.557302 1.49148 1.37659 1.25472 1.13266 1.01079 0.904199 0.889107 0.889107 0.889107 0.889107 0.889107 0.889107 0.889107 0.889107 0.889107 0.889107 0.920225 1.11789 1.11794 1.11794 1.11794 1.11794 1.11794 1.11794 1.11794 1.11794 1.11794 1.11794 1.11794 1.11794 1.11794 1.11794 1.11794 2.50719 3.96534 3.96534 3.96534 3.96534 4.74822 5.87752 5.80685 5.49887 5.17134 4.84363 4.51610 4.19395 4.08382 4.08382 4.08382 4.22871 4.90740 4.90740 4.90740 4.90740 4.76835 4.50128 4.23421 3.98200 3.92262 3.92262 3.92262 3.92262 3.92262 3.92262
0.267598 0.249517 0.823853 0.889107 0.889107 0.889107 0.889107 0.889107 0.889107 0.889107 0.889107 0.889107 0.889107 0.889107 0.889107 0.889107 0.889107 0.889107 0.889107 1.08247 1.11794 1.11794 1.11794 1.11794 1.11794 1.11794 1.11794 1.11794 1.11794 1.11794 1.11794 1.11794 1.11794 1.11794 1.11794 1.68742 3.95960 3.55028 2.89521 2.24015 1.65174 4.18864 4.10319 4.08382 4.08382 4.08382 4.08382 4.08382 4.08382 4.08382 4.08382 4.08546 4.74915 4.58499 4.31774 4.05064 3.92262 3.92262 3.92262 3.92262 3.92262 3.92262 3.92262 3.92262 3.92262 3.92262
