High_resolution/powerplant/Chizhou/OMI_NO2_200511.asc
ncols      200
nrows      200
xllcorner       115.585
yllcorner       28.7700
cellsize     0.0166667
NODATA_Value      -999.000
[rows 145 to 173 of 200, columns 67 to 133 of 200]
2.18609 2.19288 2.19969 2.20626 2.62849 2.75039 2.75617 2.41731 2.36571 2.37077 2.37575 2.38068 2.38550 2.39028 2.39497 2.39962 2.40413 2.40869 2.41306 2.41748 2.42174 2.28893 2.12095 2.10599 1.86895 1.79464 1.83200 1.97114 1.95640 1.89977 1.84063 1.78150 1.72309 1.70222 1.70222 1.70222 1.70222 1.70222 1.70222 1.70222 1.70222 2.15336 2.46994 2.46994 2.46735 2.32334 2.27817 2.29678 2.46862 2.60307 3.01687 3.01687 3.01687 2.96239 2.92444 2.95778 2.91262 2.81861 2.72026 2.71194 2.69527 2.64887 2.60389 2.56096 2.51578 2.53681 2.52632
2.30676 2.30676 2.30676 2.30676 2.56987 2.78047 2.78047 2.54617 2.42339 2.42339 2.42339 2.42339 2.42339 2.42339 2.42339 2.42339 2.42339 2.42339 2.42339 2.42339 2.42339 2.35030 2.12095 2.12072 1.92033 1.76141 1.74249 1.74934 1.70475 1.70222 1.70222 1.70222 1.70222 1.70222 1.70222 1.70222 1.70222 1.70222 1.70222 1.70222 1.70222 1.97585 2.46994 2.46994 2.46994 2.36375 2.27910 2.25155 2.37813 2.35679 2.83465 2.85972 2.76099 2.62926 2.48812 2.34079 2.26762 2.20774 2.14957 2.08210 2.08774 2.08227 2.07687 2.06866 2.03361 1.99181 1.95427
2.30676 2.30676 2.30676 2.30676 2.46527 2.78047 2.78047 2.61780 2.41964 2.42339 2.42339 2.42339 2.42339 2.42339 2.42339 2.42339 2.42339 2.42339 2.42339 2.42026 2.40213 2.36741 2.06242 2.03958 1.92436 1.70604 1.70604 1.70368 1.70222 1.70222 1.70222 1.70222 1.70222 1.70222 1.70222 1.70408 1.70900 1.71397 1.71894 1.72391 1.72889 1.76934 2.18463 2.14723 2.08754 1.95176 1.79477 1.74221 1.74784 1.72894 1.97789 2.03418 1.97322 1.94533 1.93588 1.96032 1.98544 2.01055 2.03534 1.99627 1.97100 1.97100 1.97100 1.97100 1.95977 1.94181 1.94181
2.30676 2.30676 2.30676 2.30676 2.36054 2.78047 2.78047 2.70892 2.39658 2.42339 2.42339 2.42339 2.42339 2.42339 2.42339 2.41406 2.39396 2.37386 2.35374 2.33676 2.33479 2.33479 2.08205 2.03235 1.98548 1.72859 1.71868 1.72243 1.72481 1.72978 1.73475 1.73454 1.72971 1.72488 1.72007 1.71339 1.70363 1.69384 1.68404 1.67424 1.66444 1.63726 1.68636 1.74774 1.74774 1.70127 1.59002 1.55597 1.56063 1.57056 1.69276 1.97769 2.00280 2.02792 2.04323 2.02441 1.99694 1.96930 1.94177 1.88371 1.81290 1.78591 1.75833 1.73069 1.69146 1.57253 1.53806
2.30676 2.30676 2.30676 2.30676 2.30676 2.72959 2.78047 2.78040 2.39310 2.42339 2.42202 2.40591 2.38581 2.36458 2.33055 2.30232 2.28486 2.26737 2.24993 2.23246 2.22044 2.21928 2.02717 1.91505 1.92916 1.82429 1.69591 1.68591 1.67258 1.66269 1.65289 1.64828 1.64828 1.64828 1.64828 1.64821 1.64505 1.64019 1.63538 1.63054 1.62571 1.62083 1.61376 1.71069 1.70607 1.67202 1.30003 1.26623 1.24593 1.19272 1.16468 1.53588 1.54765 1.52007 1.49316 1.48460 1.48460 1.48460 1.48460 1.47308 1.40852 1.41149 1.41149 1.41149 1.41149 1.27172 1.24243
2.30676 2.30676 2.30676 2.30362 2.27720 2.56430 2.69819 2.70269 2.37499 2.24894 2.22385 2.21894 2.21803 2.21828 2.23131 2.24785 2.26444 2.28101 2.29725 2.30807 2.31147 2.30405 2.16644 1.98611 1.97842 1.85681 1.61064 1.60581 1.59818 1.59234 1.58748 1.58268 1.57783 1.57301 1.56819 1.56340 1.56176 1.56176 1.56176 1.56176 1.56547 1.57937 1.56857 1.70782 1.72210 1.72654 1.17201 1.11507 1.10341 1.01376 1.01376 1.30825 1.48460 1.48460 1.48460 1.48460 1.48460 1.48460 1.48460 1.48450 1.41374 1.41149 1.41149 1.41149 1.41149 1.33688 1.41136
2.10941 2.10137 2.11168 2.15402 2.23150 2.49652 2.75480 2.77160 2.55451 2.26741 2.26566 2.25796 2.25026 2.24250 2.23475 2.22706 2.21937 2.21166 2.20418 2.20225 2.20225 2.20225 2.13384 1.89981 1.89981 1.88417 1.56558 1.56558 1.56394 1.56176 1.56144 1.55825 1.55441 1.55057 1.54674 1.54339 1.55004 1.56067 1.57135 1.58201 1.58894 1.58571 1.53625 1.67484 1.67359 1.66976 1.24164 1.05112 1.04521 1.01247 1.01376 1.14994 1.48460 1.48460 1.48460 1.48460 1.48460 1.48460 1.48460 1.48460 1.43032 1.41172 1.49937 1.65620 1.81299 1.95206 1.96746
2.59067 2.64282 2.67370 2.67600 2.66613 2.66445 2.68109 2.67156 2.56050 2.11131 2.10741 2.09785 2.08799 2.07841 2.06857 2.05893 2.04915 2.03948 2.02973 2.02003 2.01028 2.00058 1.98155 1.79551 1.78926 1.84216 1.45635 1.44353 1.43915 1.43198 1.42844 1.43250 1.44673 1.46122 1.47571 1.48971 1.49368 1.49368 1.49368 1.49368 1.49368 1.49368 1.46610 1.54951 1.59314 1.59314 1.30017 0.983240 0.980339 1.00338 1.01376 1.01986 1.44965 1.48460 1.48460 1.48460 1.48460 1.48460 1.52972 1.68198 1.80135 1.92220 1.99152 1.99268 2.00416 2.01762 2.00883
2.42907 2.42637 2.42637 2.42637 2.42637 2.42744 2.45993 2.46077 2.45629 1.94948 1.92599 1.92599 1.92599 1.92599 1.92599 1.92599 1.92599 1.92599 1.92599 1.92599 1.92599 1.92599 1.92599 1.79468 1.76586 1.79473 1.55230 1.47951 1.54113 1.49545 1.48360 1.49340 1.49368 1.49368 1.49368 1.49368 1.49368 1.49368 1.49368 1.49368 1.49368 1.49368 1.49121 1.50146 1.59314 1.59314 1.43148 0.983963 0.980679 0.996424 1.01376 1.01726 1.33190 1.50834 1.53546 1.67986 1.84728 2.01488 2.13662 2.13914 2.12187 2.13392 2.21347 2.29921 2.37452 2.44743 2.07734
2.42637 2.42637 2.42637 2.42637 2.42637 2.42637 2.45335 2.46077 2.46077 2.07144 1.92599 1.92599 1.92599 1.92599 1.92599 1.92599 1.92599 1.92599 1.92599 1.92599 1.92599 1.92599 1.94057 1.90047 1.90080 1.96273 1.91588 1.70368 1.70368 1.59067 1.49368 1.49368 1.49368 1.49368 1.49368 1.49368 1.49368 1.49368 1.49368 1.49302 1.48845 1.48324 1.47805 1.50186 1.64995 1.66060 1.63551 1.06391 1.05031 1.05651 1.08302 1.07128 1.26663 1.91317 2.03637 2.04216 2.02488 2.03966 2.09549 2.16343 2.23512 2.40765 2.52006 2.52006 2.52006 2.52006 2.26508
2.42637 2.42637 2.42637 2.42637 2.42637 2.42637 2.44574 2.46077 2.46077 2.19807 1.92563 1.92599 1.92599 1.92599 1.92599 1.92599 1.92599 1.92629 1.96294 2.02458 2.08631 2.14798 2.19502 2.13176 2.03791 2.03791 2.01388 1.70368 1.70250 1.64704 1.48238 1.47719 1.47198 1.46679 1.46158 1.46087 1.47480 1.48983 1.50488 1.52058 1.54020 1.56043 1.58069 1.62597 1.55303 1.53579 1.51930 1.00681 0.904683 0.903857 0.916169 0.916169 0.956734 2.00446 2.14176 2.21427 2.28677 2.32715 2.32729 2.32729 2.32729 2.38561 2.52749 2.53318 2.53887 2.54458 2.47764
2.42637 2.42637 2.42637 2.42637 2.42637 2.42637 2.43804 2.46077 2.46077 2.32928 1.92067 1.92599 1.92599 1.93402 1.98834 2.04999 2.11163 2.17345 2.21007 2.22672 2.24335 2.25996 2.27663 2.25950 2.14653 2.14875 2.11239 1.71743 1.73359 1.75056 1.57870 1.58401 1.60429 1.62450 1.64478 1.66051 1.66166 1.66166 1.66166 1.66166 1.66166 1.66168 1.66191 1.67793 1.53815 1.51624 1.51654 1.15716 0.897762 1.07359 1.23567 1.33956 1.41867 2.07538 2.40458 2.41029 2.41599 2.42169 2.42737 2.43308 2.43878 2.45515 2.63553 2.63553 2.63553 2.63553 2.63553
2.42637 2.42637 2.42637 2.42637 2.42637 2.42637 2.43038 2.45656 2.42549 2.37966 2.01191 2.14444 2.22273 2.29294 2.30992 2.31442 2.31906 2.32348 2.31580 2.30214 2.28791 2.27306 2.25749 2.23544 2.03016 2.01899 2.01505 1.89304 1.87310 1.87341 1.73814 1.66402 1.66433 1.66463 1.66494 1.66525 1.66555 1.66586 1.66617 1.66647 1.66678 1.66707 1.66714 1.64778 1.50278 1.37069 1.30683 1.04394 0.730983 1.20091 1.44752 1.48642 1.48642 1.80748 2.44275 2.44275 2.44275 2.44275 2.44275 2.44275 2.44275 2.43286 2.61393 2.63553 2.63553 2.63553 2.63553
2.32715 2.29127 2.25542 2.21950 2.17039 2.12026 2.07539 2.06560 2.05399 2.03497 2.00818 2.24317 2.22766 2.20515 2.19194 2.18645 2.18098 2.17545 2.16994 2.16445 2.15893 2.15344 2.14793 2.14242 1.97791 1.93880 1.94071 1.93266 1.87714 1.87714 1.80404 1.66714 1.66714 1.66714 1.66714 1.66714 1.66714 1.66714 1.66212 1.60991 1.54571 1.47982 1.41379 1.37066 1.32691 1.21894 1.21675 1.11938 0.713170 0.997419 1.40777 1.48642 1.48642 1.51459 2.39457 2.44275 2.44275 2.44275 2.44275 2.44275 2.44275 2.43980 2.56302 2.63553 2.63207 2.58308 2.51997
1.85415 1.83230 1.81284 1.79333 1.78714 1.78198 1.77147 1.83627 1.86971 1.86808 1.84903 2.05634 2.12363 2.11923 2.11472 2.11033 2.10581 2.10143 2.09690 2.09252 2.08798 2.08361 2.07910 2.07469 1.95929 1.88403 1.88127 1.90078 1.82669 1.82450 1.80829 1.61352 1.60790 1.60571 1.57499 1.50900 1.44297 1.37695 1.31592 1.30211 1.30029 1.30011 1.30011 1.30011 1.29321 1.15352 1.15352 1.14539 0.674254 0.757244 1.34210 1.48642 1.48642 1.48642 2.14169 2.44275 2.44275 2.44275 2.44275 2.44275 2.44273 2.40927 2.41945 2.47579 2.41615 2.40202 2.40202
1.70161 1.68057 1.67705 1.67345 1.66992 1.66633 1.66278 1.71108 1.77051 1.76851 1.75717 1.85603 2.01256 2.01256 2.01256 2.01256 2.01256 2.01256 2.01256 2.01256 2.01256 2.01256 2.01256 2.01256 1.94507 1.84299 1.84299 1.88731 1.80049 1.80962 1.88966 1.60221 1.39937 1.33554 1.30020 1.30011 1.30011 1.30011 1.30011 1.30011 1.30011 1.30011 1.30011 1.30011 1.31746 1.16318 1.15352 1.15352 0.773043 0.654650 1.22287 1.48642 1.48642 1.48642 1.82921 2.44276 2.44283 2.42612 2.36542 2.30240 2.23941 2.20984 2.32486 2.59900 2.62342 2.54970 2.43948
1.77900 1.65365 1.65365 1.65365 1.65365 1.65365 1.65365 1.68014 1.76851 1.76851 1.76610 1.77254 2.01234 2.01256 2.01256 2.01256 2.01256 2.01256 2.01256 2.01256 2.01256 2.01256 2.01256 2.01256 1.97940 1.88538 2.00274 2.17251 2.13281 2.20417 2.21910 1.79938 1.30011 1.30011 1.30011 1.30011 1.30011 1.30011 1.30011 1.30011 1.30011 1.30011 1.30011 1.30038 1.32145 1.20687 1.15381 1.15391 0.880515 0.654936 1.01891 1.47861 1.51608 1.53908 1.59978 2.37128 2.35482 2.32675 2.34269 2.36101 2.32011 2.22101 2.20683 2.27372 2.13596 2.10093 2.10093
1.89440 1.65365 1.65365 1.65365 1.65365 1.65365 1.65365 1.65740 1.76587 1.76851 1.76851 1.74413 1.96710 2.01256 2.01256 2.01256 2.01256 2.01256 2.01256 2.01256 2.01632 2.10182 2.22066 2.33933 2.45442 2.36989 2.36625 2.39555 2.28863 2.21910 2.21910 2.07111 1.30114 1.31782 1.33969 1.36152 1.38339 1.40523 1.42706 1.45086 1.50416 1.56717 1.63020 1.69302 1.74144 1.45127 1.28716 1.30546 1.15682 0.842760 1.04090 1.68398 1.76192 1.76192 1.76192 2.20244 2.28891 2.17164 2.05436 1.93708 1.87905 1.87905 1.90515 2.08885 2.10093 2.10093 2.10093
2.00979 1.65365 1.65365 1.65365 1.65365 1.65365 1.65365 1.65365 1.74423 1.76851 1.76851 1.74931 1.88753 2.01256 2.01256 2.01256 2.03830 2.15009 2.26890 2.38763 2.50259 2.53581 2.54084 2.55043 2.56005 2.43576 2.40967 2.42013 2.50809 2.43260 2.49564 2.55835 1.82567 1.74803 1.78929 1.83050 1.87162 1.91288 1.95404 1.99328 2.00311 2.00311 2.00311 2.00311 2.00311 1.75386 1.37392 1.37484 1.32325 0.927227 0.972140 1.60519 1.64043 1.52418 1.40785 1.61734 2.10131 2.12553 2.14975 2.17401 2.19823 2.22245 2.24904 2.54872 2.62112 2.65151 2.68184
2.12522 1.65365 1.65365 1.65365 1.65365 1.65365 1.65365 1.65365 1.71885 1.76851 1.76851 1.75564 1.81620 2.21707 2.34534 2.47371 2.57630 2.59279 2.60239 2.61200 2.62157 2.63119 2.63574 2.63574 2.63574 2.53638 2.46618 2.46618 2.74060 2.92258 2.92952 2.93857 2.42389 2.03758 2.04655 2.05552 2.06459 2.07352 2.08256 2.09153 2.10053 2.10955 2.11851 2.12754 2.13653 2.03661 1.52785 1.52568 1.52156 1.36715 1.34658 1.48807 1.69272 1.69272 1.69272 1.73038 2.35407 2.37429 2.37429 2.37429 2.37429 2.37429 2.37429 2.59020 2.71998 2.71998 2.71998
2.20809 1.68611 1.64987 1.64447 1.63905 1.63365 1.62824 1.62169 1.65219 1.72455 1.72186 1.72972 1.77721 2.56495 2.67806 2.72519 2.77240 2.81968 2.86709 2.91432 2.96138 3.00896 3.05602 3.10345 3.15043 3.13308 3.07559 3.12287 3.08453 3.07872 3.08286 3.08286 2.83092 2.16387 2.16387 2.16387 2.16387 2.16387 2.16387 2.16387 2.16387 2.16323 2.15856 2.15320 2.14784 2.10127 1.59262 1.51027 1.51027 1.39598 1.34992 1.43260 1.69272 1.69272 1.69272 1.69272 2.18962 2.37429 2.37429 2.37429 2.37429 2.37429 2.37429 2.50931 2.71990 2.71998 2.71998
2.20773 1.80380 1.67288 1.68395 1.67903 1.67249 1.66594 1.66051 1.72065 2.30927 2.34734 2.38504 2.46796 3.04450 3.38866 3.38866 3.38866 3.38880 3.38962 3.39056 3.39147 3.39240 3.39332 3.39424 3.39518 3.38449 3.41250 3.42993 3.39206 3.27153 3.29334 3.30723 3.29650 2.46089 2.43030 2.44429 2.45817 2.46918 2.47781 2.48634 2.49492 2.50434 2.51758 2.53157 2.54551 2.55504 2.13496 1.95813 1.97207 1.90745 1.83106 1.84166 1.70893 1.69272 1.69272 1.69272 1.97274 2.37429 2.37429 2.37429 2.37429 2.37429 2.37429 2.43593 2.58850 2.44275 2.28973
2.09256 1.82718 1.64397 1.62712 1.62621 1.62696 1.62770 1.62844 1.62960 2.39825 2.48039 2.48112 2.52571 2.80549 3.41185 3.41278 3.41370 3.41449 3.41458 3.41458 3.41458 3.41458 3.41458 3.41458 3.41458 3.42100 3.81105 3.82616 3.81553 3.58618 3.56851 3.56851 3.55478 2.90836 2.63825 2.63289 2.62754 2.62511 2.62511 2.62511 2.62511 2.62511 2.62511 2.62511 2.62511 2.62511 2.32747 1.99592 1.99592 1.95250 1.83120 1.83120 1.74144 1.69272 1.69272 1.69272 1.74201 2.36020 2.37429 2.37429 2.31439 2.20540 2.09751 2.00443 2.13444 2.15364 2.15364
1.73341 1.69648 1.63580 1.63580 1.63580 1.63580 1.63580 1.63580 1.63580 2.21678 2.48553 2.48553 2.52103 2.56213 3.39335 3.41458 3.41458 3.41458 3.41458 3.41458 3.41458 3.41458 3.41458 3.41458 3.41458 3.41458 3.73438 3.82616 3.77523 3.48496 3.35913 3.27477 3.20414 2.97527 2.62511 2.62511 2.62511 2.62511 2.62511 2.62511 2.62511 2.62511 2.62511 2.62511 2.62511 2.62511 2.47265 1.99592 1.99939 2.00379 1.86430 1.87747 1.82808 1.78689 1.80503 1.82349 1.85046 2.26902 2.29939 2.20339 2.16897 2.18748 2.20590 2.29867 2.54382 2.77914 2.98847
1.73341 1.71918 1.63580 1.63580 1.63587 1.63610 1.63633 1.63654 1.63675 1.98101 2.36334 2.38212 2.50131 2.52920 3.17265 3.41458 3.41458 3.41458 3.41458 3.41458 3.41458 3.41458 3.41458 3.40635 3.32016 3.21476 3.34614 3.41549 3.36103 3.23319 3.19618 3.19641 3.19641 3.14116 2.62815 2.62511 2.62511 2.62915 2.63820 2.64760 2.65735 2.66747 2.67801 2.68897 2.69463 2.69419 2.64831 2.25374 2.25013 2.26964 2.13412 2.12040 2.10023 2.08396 2.10676 2.13036 2.13811 2.21729 2.35583 2.49057 2.62822 2.76594 2.90302 2.95987 3.11351 3.25445 3.25445
1.72375 1.72136 1.64307 1.63719 1.63732 1.63732 1.63732 1.63732 1.63732 1.80850 2.34543 2.35055 2.48254 2.53868 2.90261 3.41458 3.41458 3.41458 3.41458 3.38016 3.27667 3.17127 3.06587 2.96871 2.94945 2.94945 3.10598 3.37154 3.37939 3.31739 3.28615 3.31465 3.33840 3.35513 2.83115 2.69264 2.69212 2.68587 2.67292 2.65996 2.64701 2.63405 2.62109 2.60813 2.60142 2.60142 2.59203 2.44155 2.40576 2.40576 2.27780 2.19987 2.17382 2.14868 2.31124 2.48069 2.65005 2.81997 2.90747 2.89944 2.88885 2.87830 2.86773 2.85716 2.92419 3.08933 3.07523
1.71571 1.71571 1.65752 1.63732 1.63732 1.63732 1.63732 1.63732 1.63732 1.66492 2.33254 2.34543 2.44861 2.53148 2.63230 3.33869 3.23905 3.14144 3.04391 2.98077 2.98666 2.99452 3.00234 3.01020 3.01804 3.02588 3.10177 3.44265 3.44265 3.41609 3.38168 3.33236 3.31967 3.31554 2.95842 2.60060 2.59437 2.58716 2.57997 2.57271 2.56556 2.55829 2.55108 2.54391 2.53663 2.52946 2.52222 2.39782 2.31238 2.38909 2.42041 2.39481 2.53473 2.65768 2.71380 2.71380 2.71380 2.71380 2.73775 2.74415 2.74415 2.74415 2.74415 2.74415 2.76827 2.96683 2.96683
1.71571 1.71571 1.67306 1.63732 1.63732 1.63741 1.64091 1.64610 1.65129 1.65650 2.22623 2.36043 2.41736 2.51935 2.49583 2.94161 3.03107 3.03107 3.03107 3.03120 3.03146 3.03172 3.03198 3.03225 3.03251 3.03277 3.03822 3.42754 3.44513 3.44299 3.26690 3.21577 3.20856 3.20136 3.04815 2.47361 2.47262 2.47262 2.47262 2.47262 2.47262 2.47262 2.47262 2.47262 2.50042 2.63995 2.79113 2.82633 2.89754 2.96473 2.90816 2.67192 2.67192 2.65883 2.71380 2.71380 2.71380 2.71380 2.72852 2.74415 2.74415 2.74415 2.74415 2.74415 2.74438 2.94128 2.96683
1.74384 1.75007 1.72789 1.67544 1.68453 1.69622 1.70012 1.69242 1.68432 1.67624 2.05440 2.32814 2.35985 2.48719 2.51368 2.78822 3.03458 3.03484 3.03510 3.03524 3.03524 3.03524 3.03524 3.03524 3.03524 3.03545 3.03816 3.34838 3.43674 3.43366 3.26640 3.16741 3.16430 3.16121 3.15427 2.50998 2.43785 2.43476 2.43168 2.43039 2.52485 2.67293 2.82103 2.96912 3.08929 3.09782 3.09474 3.00404 2.89251 2.88980 2.88163 2.60198 2.58773 2.59780 2.71253 2.71380 2.71380 2.71380 2.71765 2.74397 2.74415 2.74415 2.74415 2.74415 2.74415 2.88248 2.95387
