High_resolution/powerplant/Chizhou/OMI_NO2_200605.asc
ncols      200
nrows      200
xllcorner       115.585
yllcorner       28.7700
cellsize     0.0166667
NODATA_Value      -999.000
[rows 116 to 144 of 188, columns 67 to 133 of 200]
3.91740 3.95149 3.98273 3.98864 3.98864 3.98864 3.98864 3.98864 3.98864 3.98864 3.98864 3.98864 3.94571 3.55016 3.14484 3.14650 3.03946 3.01232 3.01232 3.01232 3.00354 2.94064 2.82396 2.64399 2.57173 2.50105 2.47817 2.48488 2.56708 1.82960 1.70665 1.58161 1.47237 1.44644 1.47891 1.51132 1.54377 1.59107 1.84813 2.00515 2.03411 2.05015 2.05140 2.05140 2.22196 2.25624 2.36652 2.37917 2.36212 2.36190 2.36190 2.36190 2.36190 2.36190 2.36190 2.36190 2.36190 2.36190 2.36190 2.04353 1.95470 1.87967 1.80237 1.72507 1.65447 1.61585 1.08620
3.98864 3.98864 3.98864 3.98864 3.98864 3.98864 3.98864 3.98864 3.98864 3.98864 3.98864 3.98864 3.98671 3.75249 3.13928 3.12882 2.99972 2.84754 2.77536 2.70314 2.63967 2.63043 2.62614 2.48624 2.47785 2.40278 2.22164 2.02283 1.74253 1.47467 1.53637 1.59545 1.60664 1.62159 1.67975 1.73316 1.77937 1.81161 1.90172 2.05140 2.05140 2.05140 2.05140 2.05140 2.17008 2.24928 2.33239 2.38045 2.36721 2.36190 2.36190 2.36190 2.36190 2.36190 2.36190 2.36190 2.33055 2.25360 2.17637 1.88093 1.65665 1.62667 1.59194 1.55723 1.53042 1.52858 1.19471
3.98864 3.98864 3.98864 3.98864 3.98864 3.98864 3.98864 3.98864 3.98864 3.98864 3.93287 3.80878 3.68475 3.42109 2.94347 2.84237 2.80001 2.63043 2.63043 2.58496 2.50622 2.37823 2.19739 1.83577 1.49370 1.31180 1.28768 1.28768 1.28768 1.39946 1.63558 1.73366 1.77996 1.81188 1.81400 1.81400 1.81400 1.81400 1.82459 2.04225 2.05140 2.05140 2.05140 2.05140 2.11825 2.24839 2.29580 2.38045 2.37327 2.36190 2.36190 2.36184 2.31989 2.24259 2.16532 2.08799 2.04203 2.02247 1.98776 1.83519 1.53560 1.52858 1.52858 1.52858 1.52858 1.52858 1.41084
3.98864 3.98864 3.98864 3.98864 3.98819 3.91611 3.79202 3.66786 3.54383 3.41961 3.35148 3.35129 3.35435 3.29634 3.02537 2.53703 2.38213 2.14986 1.93681 1.76788 1.66253 1.61421 1.61421 1.50300 1.28768 1.28775 1.39034 1.46459 1.52825 1.59336 1.76028 1.81377 1.81400 1.81400 1.81400 1.81400 1.81400 1.81400 1.81400 1.98163 2.05140 2.05140 2.05140 2.05140 2.06755 2.25218 2.28484 2.37946 2.33705 2.23159 2.15424 2.07704 2.04168 2.03211 1.99854 1.96383 1.92914 1.91359 1.91359 1.89072 1.53385 1.52858 1.53605 1.55969 1.58389 1.60810 1.63210
3.89922 3.77513 3.65103 3.52688 3.40329 3.35129 3.35815 3.35906 3.33656 3.30239 3.25966 3.21244 3.15655 3.13803 3.49104 1.83616 1.67293 1.61445 1.61421 1.61421 1.61421 1.61421 1.61421 1.59711 1.29704 1.28768 1.52888 1.57478 1.57478 1.57478 1.72813 1.80285 1.81400 1.81400 1.81400 1.81400 1.81400 1.81400 1.81400 1.90364 2.05743 2.06570 2.07464 2.08486 2.10992 2.33921 2.39794 2.16422 2.14028 2.05949 2.00933 1.97461 1.93989 1.91474 1.91359 1.90758 1.88335 1.85783 1.83233 1.80682 1.67988 1.68270 1.69943 1.70000 1.70000 1.70000 1.70000
3.34819 3.35430 3.33236 3.31044 3.28479 3.24367 3.18966 3.13681 3.10709 3.07702 3.00272 2.92559 2.84847 2.79771 3.26291 2.01808 1.61421 1.61421 1.61421 1.61421 1.61421 1.61421 1.61421 1.61421 1.38340 1.28768 1.44625 1.57478 1.57478 1.57478 1.68055 1.78606 1.81400 1.81400 1.81358 1.81206 1.81032 1.80840 1.80626 1.82002 2.10876 2.13963 2.16084 2.18135 2.18757 2.32280 2.41764 2.17327 2.06320 1.95447 1.86227 1.83680 1.81125 1.78578 1.76027 1.74076 1.73951 1.73951 1.73951 1.73951 1.71875 1.70000 1.70000 1.70000 1.70000 1.70000 1.70000
3.08231 3.17938 3.15354 3.12486 3.09964 3.08225 3.01042 2.93335 2.85613 2.79949 2.79663 2.79663 2.79663 2.79663 3.09403 2.49596 1.61421 1.61421 1.61421 1.61421 1.61421 1.61421 1.61421 1.61421 1.48684 1.28768 1.34710 1.57478 1.57470 1.56779 1.61471 1.74341 1.80743 1.80517 1.80338 1.80432 1.82484 1.85307 1.88124 1.90847 2.11322 2.18734 2.17240 2.13768 2.09584 2.10320 2.20216 2.03792 1.84260 1.82360 1.73951 1.73951 1.73951 1.73951 1.73951 1.73951 1.73951 1.73951 1.73951 1.73951 1.72896 1.70000 1.70000 1.70000 1.70000 1.70000 1.70000
2.78356 3.08673 3.01824 2.94108 2.86395 2.80195 2.79663 2.79663 2.79663 2.79663 2.79663 2.79663 2.79663 2.79663 2.94811 2.97627 1.61421 1.61421 1.61421 1.61421 1.61421 1.61421 1.61421 1.61288 1.57276 1.26265 1.24392 1.49464 1.51957 1.51525 1.52764 1.69561 1.81730 1.85359 1.88163 1.90442 1.89988 1.88768 1.87550 1.86330 1.93827 2.02653 1.98792 1.96923 1.95748 1.96532 2.12973 2.09780 1.84069 1.83977 1.75359 1.73951 1.73951 1.73951 1.73951 1.73951 1.73951 1.73951 1.73951 1.73951 1.73805 1.70111 1.70000 1.71625 1.75398 1.79183 1.82967
2.56338 2.80321 2.79663 2.79663 2.79663 2.79663 2.79663 2.79663 2.79663 2.79663 2.79663 2.79663 2.79663 2.79663 2.82664 3.31632 1.74600 1.61421 1.61030 1.59590 1.58091 1.56594 1.55096 1.53733 1.53483 1.28784 1.20830 1.39363 1.53389 1.57290 1.61626 1.73270 1.82035 1.85557 1.84335 1.83566 1.82604 1.80181 1.77743 1.75291 1.75023 1.95075 1.95727 1.95727 1.95727 1.95727 2.09159 2.13362 1.89643 1.84009 1.78853 1.73951 1.73951 1.73951 1.73951 1.73951 1.73951 1.73951 1.73957 1.76086 1.79869 1.80693 1.83485 1.83681 1.74595 1.64843 1.55094
2.52453 2.73961 2.79663 2.79663 2.79663 2.79663 2.79663 2.79663 2.79663 2.79663 2.79663 2.79663 2.79663 2.79290 2.78431 3.19081 2.13610 1.54647 1.53540 1.53483 1.53483 1.53483 1.54361 1.57159 1.58466 1.48634 1.41391 1.53428 1.73745 1.74161 1.74161 1.72969 1.74999 1.80146 1.77696 1.75266 1.73764 1.73746 1.73746 1.73746 1.73746 1.89909 1.95727 1.95727 1.95727 1.95727 2.04537 2.13362 1.98798 1.84009 1.81808 1.73951 1.73951 1.73951 1.74027 1.76602 1.80387 1.84170 1.87946 1.89104 1.81602 1.69912 1.58150 1.50360 1.49706 1.49706 1.49706
2.59543 2.66132 2.79663 2.79663 2.79663 2.79663 2.79663 2.79661 2.79163 2.78303 2.77442 2.76582 2.75721 2.75233 2.75232 3.00167 2.57057 1.58372 1.61327 1.64252 1.65730 1.66421 1.66237 1.64129 1.63516 1.61927 1.51035 1.51154 1.71461 1.71576 1.69748 1.67310 1.65420 1.73736 1.73746 1.73746 1.73746 1.73746 1.73746 1.73746 1.73746 1.82847 1.95727 1.95727 1.95727 1.95727 1.99917 2.13362 2.07947 1.84009 1.84008 1.77864 1.80904 1.84690 1.88395 1.89603 1.84661 1.74908 1.65160 1.55903 1.53657 1.52742 1.49706 1.49706 1.49706 1.50006 1.53752
2.65530 2.58304 2.79635 2.79034 2.78174 2.77314 2.76453 2.75595 2.75232 2.74911 2.72578 2.72628 2.72729 2.72834 2.72949 2.74766 2.59690 1.68945 1.66535 1.64302 1.63516 1.63516 1.63516 1.63516 1.63516 1.63516 1.53383 1.51012 1.61244 1.66805 1.66805 1.66732 1.64632 1.71853 1.73746 1.73746 1.73746 1.73746 1.73746 1.73746 1.73746 1.75190 1.95179 1.95727 1.95727 1.95727 1.96411 2.15932 2.20437 1.96593 1.95128 1.92182 1.87260 1.77967 1.68215 1.58463 1.53657 1.53657 1.53610 1.52925 1.52038 1.51073 1.66611 1.72939 1.77641 1.82046 1.83005
2.91284 2.48609 2.74014 2.74458 2.72768 2.72871 2.72974 2.73092 2.73221 2.73773 2.77039 2.77084 2.76013 2.73750 2.71486 2.69227 2.68007 1.77017 1.63516 1.63516 1.63516 1.63516 1.63516 1.63516 1.63516 1.63516 1.57326 1.51012 1.56134 1.66805 1.66805 1.66805 1.65154 1.68994 1.73746 1.73746 1.73746 1.73746 1.73746 1.73746 1.73746 1.73746 1.90508 1.99188 2.02922 2.06673 2.10104 2.23355 2.27882 2.03604 1.81999 1.70112 1.53516 1.52172 1.51286 1.50400 1.49514 1.48627 1.47787 1.47586 1.47586 1.47586 1.72797 1.83005 1.83005 1.83005 1.83005
3.02994 2.39548 2.64333 2.74667 2.77084 2.77084 2.77084 2.77084 2.76216 2.73969 2.71706 2.69442 2.68249 2.68248 2.68248 2.68248 2.68248 2.05939 1.63516 1.63516 1.63516 1.63516 1.63516 1.63516 1.63516 1.63516 1.61270 1.51012 1.51393 1.65979 1.66805 1.66810 1.66564 1.68525 1.73746 1.73746 1.73746 1.73746 1.74231 1.78460 1.83446 1.88441 2.00326 2.10773 2.10757 2.07461 2.02034 2.01526 1.99080 1.85751 1.51342 1.47889 1.47586 1.47586 1.47586 1.47586 1.47586 1.47586 1.47586 1.47586 1.47586 1.47586 1.63562 1.83005 1.83005 1.83005 1.83005
2.90947 2.26762 2.58811 2.77084 2.76398 2.74191 2.71926 2.69662 2.68266 2.68248 2.68248 2.68248 2.68248 2.68248 2.68248 2.68248 2.68248 2.35185 1.63516 1.63516 1.63516 1.63516 1.63516 1.63516 1.63516 1.63516 1.63626 1.53639 1.52891 1.66442 1.73487 1.75719 1.76131 1.73746 1.74277 1.78561 1.83552 1.88541 1.93436 1.96478 1.98996 2.01511 2.05081 2.03846 1.96774 1.92957 1.91271 1.90499 1.91132 1.90475 1.50785 1.47586 1.47586 1.47586 1.47586 1.47586 1.47586 1.47586 1.47586 1.47586 1.47586 1.47586 1.54330 1.83005 1.83005 1.83007 1.83276
2.96616 2.25706 2.23069 2.63503 2.68304 2.68248 2.68248 2.68248 2.68248 2.68248 2.68248 2.68248 2.68248 2.68248 2.68248 2.68248 2.68248 2.62366 1.65500 1.63516 1.63516 1.63896 1.65626 1.67714 1.70132 1.72962 1.76061 1.66483 1.58024 1.65758 1.77332 1.81684 1.88386 1.93126 1.99860 2.03080 2.05598 2.08117 2.10237 2.10298 2.09929 2.09480 2.08928 1.94416 1.90362 1.90362 1.90362 1.90367 1.91065 1.91132 1.63659 1.47586 1.47586 1.47586 1.47586 1.47586 1.47586 1.47586 1.47586 1.47586 1.47586 1.47520 1.46259 1.82409 1.87772 1.90246 1.87260
2.61878 2.16616 1.95687 2.44613 2.68248 2.68248 2.68248 2.68248 2.68248 2.68248 2.68248 2.68248 2.68248 2.68248 2.68248 2.68248 2.64008 2.53559 1.87633 1.70914 1.73886 1.76578 1.76780 1.76780 1.76780 1.77318 1.80109 1.75927 1.85563 1.97526 2.09978 2.13431 2.14465 2.11788 2.10478 2.10292 2.09922 2.09470 2.08917 2.08627 2.08627 2.08627 2.08627 2.00059 1.90362 1.90362 1.90362 1.90362 1.90868 1.91132 1.77175 1.47586 1.47586 1.47586 1.47586 1.47586 1.47586 1.49339 1.51094 1.52464 1.53897 1.55443 1.58267 1.84206 1.97782 1.99624 1.97716
2.61098 2.41305 1.88329 2.22961 2.68248 2.68248 2.68248 2.68248 2.68248 2.68248 2.68237 2.62557 2.52065 2.41573 2.31086 2.20599 2.14352 2.14304 1.99895 1.78401 1.82528 1.86687 1.90291 1.88097 1.84344 1.80066 1.73521 1.72803 2.10821 2.14606 2.14498 2.14480 2.14508 2.12471 2.08906 2.08627 2.08627 2.08627 2.08627 2.08627 2.08627 2.08627 2.08627 2.06917 1.90649 1.90362 1.90362 1.90362 1.90669 1.91132 1.89224 1.49852 1.51632 1.54514 1.56033 1.57390 1.58804 1.58833 1.58598 1.59956 1.61798 1.63640 1.65168 1.79787 2.00748 2.00748 1.99097
2.61098 2.60539 1.89147 2.06477 2.62972 2.68064 2.61057 2.50570 2.40073 2.29586 2.19110 2.14304 2.14311 2.15182 2.16634 2.18085 2.19536 2.20988 2.18645 1.97099 1.89226 1.81316 1.73966 1.72410 1.72410 1.72410 1.72410 1.72410 1.97977 2.14606 2.14601 2.14606 2.14606 2.13737 2.08627 2.08627 2.08627 2.08627 2.08627 2.08627 2.08627 2.08627 2.08627 2.08627 1.94248 1.90379 1.91395 1.92857 1.94256 1.94671 1.88655 1.66288 1.59958 1.58720 1.58528 1.59390 1.61231 1.63073 1.64845 1.65329 1.65329 1.65329 1.67144 1.73007 1.87764 1.82481 1.76075
2.60182 2.42170 1.82054 1.69088 2.08771 2.17783 2.14375 2.15485 2.16936 2.18388 2.19840 2.21292 2.22735 2.23317 2.23232 2.19725 2.14458 2.09185 2.03799 1.75211 1.72410 1.72410 1.72410 1.72410 1.72410 1.72410 1.72410 1.72410 1.84740 2.14606 2.14606 2.14606 2.14606 2.14602 2.09333 2.08627 2.08627 2.08627 2.08627 2.08627 2.08782 2.09473 2.10110 2.10656 2.04143 1.95562 1.89015 1.80506 1.70642 1.61932 1.60952 1.59888 1.60666 1.62508 1.64350 1.66744 1.70628 1.74553 1.78477 1.82401 1.86325 1.90252 1.90231 1.71273 1.66156 1.65528 1.65519
1.45556 1.42196 1.42354 1.48488 1.82720 2.21595 2.22976 2.23317 2.23317 2.23317 2.23296 2.20231 2.14962 2.09689 2.04509 2.02744 2.02744 2.02744 2.02744 1.84670 1.72410 1.72410 1.72410 1.72410 1.72410 1.72410 1.72410 1.72410 1.73638 2.12466 2.14606 2.14606 2.14606 2.14606 2.10904 2.08780 2.09786 2.10377 2.10888 2.11332 2.11653 2.10056 2.01700 1.90947 1.77121 1.61160 1.60182 1.60297 1.61614 1.66652 1.74816 1.79397 1.81786 1.85713 1.89637 1.92143 1.92189 1.92189 1.92189 1.92189 1.92189 1.92189 1.92189 1.74397 1.67598 1.65528 1.65528
1.74270 1.77666 1.76154 1.56041 1.69484 2.19484 2.23317 2.20737 2.15462 2.10197 2.04945 2.02744 2.02744 2.02744 2.02744 2.02744 2.02744 2.02744 2.02744 1.92526 1.72410 1.72410 1.72410 1.72410 1.72410 1.72410 1.72410 1.72410 1.72410 2.00458 2.14606 2.14606 2.14606 2.14606 2.12483 2.08845 2.11633 2.09942 2.01437 1.90700 1.77476 1.64558 1.62621 1.61626 1.60629 1.60280 1.61726 1.62788 1.62649 1.73983 1.94613 1.94466 1.92228 1.92189 1.92189 1.92189 1.92189 1.92189 1.92189 1.92189 1.92189 1.92189 1.92189 1.79251 1.69043 1.65528 1.65528
1.77666 1.77666 1.77666 1.65852 1.82242 2.12316 2.05429 2.02744 2.02744 2.02744 2.02744 2.02744 2.02744 2.02744 2.02744 2.02744 2.02744 2.02744 2.02744 1.98949 1.72425 1.72410 1.72410 1.72410 1.72410 1.72410 1.72410 1.72410 1.72410 1.87221 2.14606 2.14606 2.14606 2.11817 1.97851 1.71128 1.70512 1.62089 1.60043 1.59047 1.58051 1.57083 1.56795 1.56795 1.56795 1.59663 1.62609 1.62609 1.62609 1.65730 1.94536 1.94613 1.92755 1.92189 1.92189 1.92189 1.92189 1.92189 1.92189 1.92189 1.92189 1.92189 1.92189 1.84865 1.70824 1.69456 1.71809
1.94182 2.08861 2.23532 2.22506 2.12591 2.25110 2.02744 2.02744 2.02744 2.02744 2.02744 2.02744 2.02744 2.02744 2.02744 2.02744 2.02744 2.02744 2.02744 2.03823 1.78612 1.72410 1.72410 1.72410 1.72410 1.72410 1.72410 1.72410 1.72192 1.66880 1.79960 1.46354 0.982677 0.413798 0.203911 0.813391 1.34658 1.56795 1.56795 1.56795 1.56795 1.56795 1.56795 1.56795 1.56795 1.57465 1.62548 1.62609 1.62609 1.62609 1.89323 1.94613 1.93428 1.92189 1.92189 1.92189 1.92189 1.92189 1.92189 1.92189 1.91414 1.91657 1.92246 1.91700 1.76102 1.70548 1.69353
2.33352 2.33352 2.33352 2.28969 2.11436 2.28346 2.04519 2.02744 2.02744 2.02744 2.02744 2.02744 2.02744 2.02744 2.04204 2.06962 2.09727 2.12487 2.15249 2.16915 1.94959 1.72410 1.70727 1.62586 1.53806 1.43287 1.22137 0.923738 0.503755 0.114390 0.0867654 0.0867654 0.0867654 0.0867654 0.0867654 0.581595 1.15133 1.56795 1.56795 1.56795 1.56795 1.56795 1.56795 1.56795 1.56795 1.56795 1.61485 1.62609 1.62609 1.62609 1.80989 1.94613 1.94101 1.92189 1.91696 1.88578 1.86107 1.86906 1.87811 1.88607 1.89865 1.90218 1.90282 1.90355 1.77154 1.71282 1.69491
2.33352 2.33352 2.33352 2.33227 2.13427 2.22902 2.13824 2.02744 2.02782 2.04577 2.07340 2.10102 2.12863 2.15625 2.16931 2.16931 2.14410 2.07869 2.01283 1.94693 1.75567 1.22515 1.01501 0.796505 0.496791 0.133927 0.0867654 0.0867654 0.0867654 0.0867654 0.0867654 0.0867654 0.0867654 0.0867654 0.0867654 0.350733 0.963133 1.53747 1.56795 1.56795 1.56795 1.56795 1.56795 1.56795 1.56795 1.56795 1.59741 1.62609 1.62602 1.59364 1.63468 1.79474 1.73506 1.78614 1.83880 1.87378 1.90028 1.90209 1.90260 1.90333 1.90406 1.90468 1.90477 1.90477 1.81170 1.72168 1.65914
2.33352 2.33352 2.33352 2.33462 2.21762 2.21584 2.31707 2.13241 2.15966 2.16914 2.13143 2.06553 1.99960 1.93374 1.86784 1.80194 1.76125 1.75772 1.72166 1.66896 1.57079 0.298272 0.0867654 0.0867654 0.0867654 0.0867654 0.0867654 0.0867654 0.0867654 0.0867654 0.0867654 0.0867654 0.0867654 0.0867654 0.0867654 0.134598 0.943394 1.42951 1.56795 1.56795 1.56795 1.56795 1.56795 1.55620 1.47760 1.38832 1.31802 1.38609 1.32806 1.30101 1.32175 1.61745 1.62105 1.74118 1.90237 1.90310 1.90383 1.90454 1.90696 1.92383 1.94347 1.96306 1.98266 2.00229 1.97694 1.85470 1.50401
2.38531 2.41469 2.44394 2.47124 2.37270 2.18642 2.28372 1.92999 1.85464 1.78895 1.76076 1.76076 1.76076 1.75908 1.72637 1.67466 1.61130 1.53853 1.52146 1.52146 1.52146 0.732062 0.0867654 0.0867654 0.0867654 0.0867654 0.0867654 0.0867654 0.0867654 0.0867654 0.0867654 0.0867654 0.0867654 0.0867654 0.0867654 0.0867654 0.760428 1.27476 1.52504 1.43586 1.34668 1.25744 1.16831 1.09087 1.08034 1.08034 1.08034 1.26054 1.30101 1.30101 1.30119 1.55718 1.64423 1.71259 1.94867 1.97945 1.99903 2.01865 2.03605 2.03874 2.03874 2.03874 2.03874 2.03874 2.03362 1.89810 1.57062
2.36328 2.32026 2.27728 2.23529 2.20595 2.00104 2.05508 1.85526 1.76076 1.76004 1.73102 1.68020 1.61823 1.54426 1.52146 1.52146 1.52146 1.52146 1.52146 1.52146 1.52146 1.11036 0.0867654 0.0867654 0.0867654 0.0867654 0.0867654 0.0867654 0.0867654 0.0867654 0.0867654 0.0867654 0.0989469 0.292651 0.488771 0.636202 1.00943 1.28437 1.08233 1.08034 1.08034 1.08034 1.08034 1.08034 1.08034 1.06401 1.02596 1.11898 1.21563 1.19120 1.16652 1.49419 1.80328 1.81424 1.99532 2.03874 2.03874 2.03874 2.03874 2.03874 2.03874 2.03874 2.03874 2.03874 2.03874 1.92634 1.67201
