High_resolution/powerplant/Chizhou/OMI_NO2_200811.asc
ncols      200
nrows      200
xllcorner       115.585
yllcorner       28.7700
cellsize     0.0166667
NODATA_Value      -999.000
[rows 58 to 86 of 164, columns 0 to 66 of 200]
11.9469 10.5139 10.4493 10.4493 10.3148 9.57226 9.46496 9.27286 8.28779 8.27101 8.27101 8.27101 8.27101 8.25188 8.20136 8.14482 8.01946 7.97617 7.54818 7.40739 7.04676 6.50518 5.61165 5.40608 5.21349 5.15250 5.15250 5.13765 4.94876 4.94830 4.99871 6.06917 6.12651 6.12651 6.12651 6.04643 5.90130 5.82272 5.55868 5.34974 5.33327 5.33327 5.31798 5.25826 4.77509 4.46003 4.24183 4.12478 4.03746 3.99789 3.88544 3.82880 4.21977 4.60392 4.47851 4.38368 4.39237 4.40280 4.41492 4.44096 4.46882 4.62343 4.71028 4.72901 4.74765 4.76616 4.78475
12.0774 10.5955 10.2296 10.1225 10.0382 9.40745 9.27786 9.27786 8.49350 8.25145 8.20084 8.14601 8.08733 8.04918 8.04363 7.89737 7.63426 7.40302 7.01763 6.71648 6.68969 6.21519 5.60603 5.34566 5.27503 5.15274 5.15250 5.15250 4.97489 4.94830 4.94830 5.66728 5.75413 5.48998 5.22594 5.04199 5.05324 5.23344 5.07773 4.87556 4.66001 4.42672 4.19163 3.98861 3.79280 3.76714 3.90164 4.03310 4.06088 4.05762 4.06901 4.07969 4.29540 4.86631 4.89208 4.82047 4.84088 4.85952 4.87652 4.87954 4.87954 4.96143 5.08221 5.06824 5.03146 4.99438 4.95730
11.6226 10.6650 10.0318 10.0318 10.0318 9.62190 9.26055 9.24716 8.70645 8.04910 7.98860 7.78425 7.57368 7.36311 7.15792 7.09486 7.06505 7.04014 6.99447 6.76208 6.77962 6.44013 5.78754 5.19689 5.16670 4.97706 4.94676 4.92895 4.76009 4.67666 4.64411 4.55850 4.38553 4.23208 4.07860 3.89109 3.67082 3.73870 3.70209 3.63963 3.59876 3.59626 3.59816 3.60494 3.75211 4.03320 4.08494 4.23673 4.22577 4.19017 4.16985 4.16689 4.22301 4.82402 4.99029 4.88511 4.87954 4.87954 4.87926 4.85637 4.81927 4.81160 4.94775 4.92172 4.86709 4.79404 4.72103
11.5490 10.8834 9.86846 9.68613 9.48670 9.35729 9.21542 9.02257 8.66499 7.46230 7.32873 7.33987 7.35742 7.37490 7.39201 7.40849 7.40946 7.35187 7.35040 7.07047 7.03882 6.84754 6.08484 4.96901 4.93178 4.75443 4.64584 4.59832 4.40909 4.26014 4.22634 4.16416 3.62289 3.50694 3.38604 3.29442 3.24981 3.41806 3.59688 3.60273 3.60975 3.61223 3.60644 3.59571 3.63734 3.98810 3.98965 4.19311 4.20126 4.18798 4.16689 4.16689 4.16689 4.61430 4.99053 4.88275 4.80975 4.77267 4.73589 4.72146 4.67975 4.60682 4.71316 4.66628 4.64757 4.64757 4.64757
11.7318 10.4613 9.26445 9.06444 8.85387 8.65219 8.59965 8.59965 8.59965 7.63681 7.42499 7.42499 7.42499 7.42499 7.42499 7.42499 7.42465 7.33171 7.26648 7.02122 6.84346 6.77180 6.15863 4.68154 4.65824 4.57952 4.46509 4.45932 4.31800 4.04571 3.95784 3.86882 3.36853 3.24880 3.24884 3.25306 3.28058 3.42212 3.59649 3.58670 3.57574 3.56930 3.56926 3.56926 3.56972 3.94810 3.98353 4.14227 4.20126 4.19869 4.17818 4.24401 4.31839 4.60906 4.85222 4.79082 4.69442 4.62207 4.54905 4.47620 4.44490 4.44490 4.57193 4.64861 4.67650 4.71628 4.75602
11.3361 9.50877 8.76616 8.59965 8.59965 8.59965 8.59965 8.59965 8.59965 8.01279 7.42591 7.43587 7.44816 7.46044 7.47271 7.48639 7.50186 7.16754 6.98444 6.89034 6.67325 6.67325 6.32819 4.91567 4.65824 4.62788 4.31554 4.25504 4.21958 3.84336 3.84251 3.85045 3.62008 3.42810 3.52286 3.61332 3.68047 3.68455 3.58185 3.56926 3.56926 3.56926 3.56926 3.56926 3.56926 3.86092 4.00034 4.17252 4.36295 4.43737 4.47610 4.47476 4.49121 4.62431 4.72014 4.59334 4.44599 4.44490 4.44490 4.44490 4.46537 4.51921 4.65166 4.70695 4.68368 4.64866 4.61359
11.9080 9.51619 9.02370 8.60569 8.61360 8.62976 8.64608 8.66243 8.67876 8.48376 7.53587 7.54370 7.55097 7.55822 7.56548 7.57137 7.57543 7.37671 7.05346 7.04455 6.75895 6.75260 6.57902 5.31369 4.73676 4.73509 4.32894 4.28704 4.36736 4.13271 4.17383 4.26061 4.13834 3.68500 3.68486 3.68486 3.68486 3.68486 3.61567 3.56926 3.56926 3.56926 3.59369 3.66667 3.74111 4.01962 4.28739 4.33625 4.51292 4.57929 4.65424 4.72226 4.79451 4.80123 4.67855 4.63448 4.61409 4.69665 4.80887 4.92716 5.02796 5.09011 5.02259 4.55113 4.64402 4.75513 4.86529
11.4770 8.98819 8.38291 8.81285 8.82125 8.82152 8.82152 8.77549 8.65236 8.52729 7.75589 7.65969 7.65970 7.65970 7.65970 7.65970 7.65970 7.59793 7.12980 7.12953 6.90739 6.81648 6.82125 5.79864 4.95174 5.03290 4.82635 4.61865 4.61947 4.40137 4.27857 4.27857 4.26075 3.72948 3.68486 3.68486 3.68486 3.68486 3.68306 3.67683 3.75127 3.82571 3.87577 3.87713 3.87713 4.03565 4.42205 4.52618 4.88246 4.99512 5.06597 5.10922 5.19770 5.32629 5.35634 5.20309 5.15913 5.09382 5.10544 5.21604 5.34844 5.48163 5.61396 5.15834 5.09042 5.09016 5.07588
10.2162 8.88236 7.70620 8.76254 8.66542 8.54118 8.41693 8.33867 8.33750 8.33750 7.97032 7.65970 7.65970 7.65970 7.65970 7.65970 7.65970 7.65696 7.16105 7.02168 7.00075 7.15816 7.22321 6.55304 5.15478 5.15478 5.02782 4.62724 4.61947 4.47057 4.27857 4.27857 4.27857 3.87894 3.72817 3.80259 3.87700 3.95147 3.98796 3.88098 3.88581 3.94268 4.06693 4.20185 4.33798 4.46219 4.76816 4.77287 5.04560 5.13233 5.03824 5.15298 5.24589 5.22097 5.11723 4.79454 4.73872 5.21097 5.30611 5.30290 5.27710 5.25149 5.22576 4.83773 4.60696 4.58577 4.59588
10.0239 9.37513 7.07819 8.15153 8.33750 8.33750 8.33750 8.33750 8.33750 8.33750 8.18588 7.65970 7.65970 7.63898 7.58006 7.52024 7.46043 7.40343 7.07949 6.85875 6.90051 7.22574 7.21976 6.95850 5.21495 5.14888 5.07096 4.68936 4.58413 4.50747 4.24792 4.10461 3.96274 3.75906 4.12197 4.16940 4.21685 4.26927 4.38592 4.43974 4.53388 4.61306 4.62489 4.62600 4.62600 4.59834 4.33098 4.23900 4.31568 4.47017 4.39870 4.48912 4.64768 4.57942 4.56210 4.38233 4.27945 5.07045 5.14025 5.14025 5.14025 5.14168 5.17197 4.99955 4.67454 4.70942 4.73666
9.42237 9.49555 7.10426 7.64874 8.04620 7.97993 7.90263 7.82556 7.74483 7.61965 7.47879 6.73687 6.53138 6.41521 6.33692 6.26010 6.18275 6.10582 5.86031 5.42128 5.34442 5.56545 5.56475 5.52801 4.85595 4.72237 4.59154 4.09690 3.76271 3.58816 3.58930 3.52433 3.45918 3.47682 4.37413 4.54986 4.63856 4.72214 4.74160 4.69352 4.62600 4.61340 4.55947 4.50234 4.41757 4.32859 4.11081 3.96442 3.94599 4.17029 4.17029 4.20765 4.55849 4.56210 4.56210 4.47360 4.27326 4.83045 5.18289 5.22463 5.26638 5.30668 5.32196 5.33596 4.87012 4.94533 5.01385
9.07915 9.25052 7.67013 6.47858 6.62901 6.55881 6.49902 6.43926 6.38337 6.37119 6.37119 5.97345 5.69338 5.69338 5.69338 5.69338 5.69338 5.69338 5.65960 5.16990 5.14801 5.27309 5.29541 5.07964 4.43738 3.96834 3.84690 3.44400 3.30642 3.30332 3.40290 3.50067 3.58934 3.68419 4.41884 4.74160 4.74160 4.73819 4.69335 4.59615 4.38646 4.28237 4.21963 4.16007 4.12813 4.12810 4.02200 3.88301 3.88349 4.13653 4.17029 4.17029 4.46763 4.54763 4.49007 4.40378 4.35111 4.74351 5.31837 5.37200 5.46609 5.56015 5.65036 5.67426 5.12782 5.02356 5.02807
8.55093 8.25917 7.30940 6.17159 6.32367 6.37119 6.37119 6.37119 6.37119 6.37119 6.37119 6.18913 5.69338 5.69270 5.62818 5.52217 5.41637 5.30903 5.10939 4.60735 4.34088 4.26720 4.49917 4.49917 4.26896 3.83862 3.83862 3.52334 3.44345 3.52248 3.66798 3.72058 3.72058 3.72056 4.08235 4.57121 4.42521 4.28273 4.18175 4.11902 4.12609 4.12810 4.12810 4.12810 4.12810 4.12810 4.07402 3.88301 3.88301 4.03590 4.09028 4.02991 4.13873 4.31546 4.31262 4.26546 4.36792 4.72902 5.62067 5.67426 5.67426 5.67426 5.67655 5.74326 5.40568 5.19286 5.28140
6.54488 6.86977 6.85078 6.24089 6.19085 6.37119 6.37119 6.35729 6.26403 6.15809 6.05201 5.93340 5.19801 5.02570 4.87076 4.70148 4.53200 4.36426 4.28949 4.12463 3.97025 3.95381 4.26603 4.28170 4.20148 3.62338 3.60399 3.49213 3.50413 3.58272 3.58123 3.50891 3.36297 3.21704 3.25916 4.06313 4.11661 4.11661 4.11661 4.11661 4.12270 4.12810 4.12810 4.12810 4.12810 4.10504 4.04725 3.76490 3.70906 3.75930 3.92081 3.90273 3.82462 4.03389 3.89841 3.80810 4.19248 4.79718 5.34882 5.45534 5.39428 5.33026 5.26090 5.14211 5.15383 5.45624 5.45120
6.56052 6.35895 6.33592 5.91775 5.51191 5.36502 5.24028 5.12944 5.09809 5.07894 4.98737 4.84398 4.23639 3.80790 3.75349 3.75349 3.75349 3.75349 3.75349 3.68261 3.47166 3.47166 3.69682 3.83956 3.83956 3.30937 3.17236 3.11194 3.06449 3.11225 3.06176 3.09560 3.09560 3.09560 3.15228 3.85177 4.11661 4.11661 4.11661 4.11661 4.11910 4.09841 4.04814 3.99779 3.94750 3.92024 3.92020 3.72297 3.59525 3.50191 3.54273 3.35652 3.26348 3.47182 3.47377 3.39088 3.39990 4.06638 4.50268 4.98048 4.98048 4.97610 4.93500 4.88611 4.86283 5.25630 5.21999
6.78379 6.43462 6.29537 6.05518 5.43378 5.03414 4.97336 4.84896 4.72442 4.60036 4.54843 4.54843 4.29916 3.75349 3.75349 3.75349 3.75349 3.75349 3.75349 3.74597 3.48350 3.47610 3.54515 3.57771 3.48893 3.01983 2.74675 2.75569 2.82461 2.98931 3.05093 3.09556 3.09560 3.09560 3.09705 3.60278 4.11536 4.08029 4.02996 3.97967 3.92969 3.91935 3.92020 3.91841 3.83588 3.66984 3.50313 3.19559 3.00429 2.95287 2.93428 2.92387 2.87680 2.98335 3.16665 3.14427 3.14883 3.89783 4.30383 4.89022 4.84640 4.80695 4.80403 4.80921 4.81432 5.19087 5.30031
6.80871 6.54045 6.23719 6.03350 5.21188 4.66451 4.54843 4.54843 4.54843 4.54843 4.54843 4.54843 4.51866 3.78680 3.75349 3.75349 3.75564 3.76063 3.76564 3.77065 3.57254 3.49438 3.49125 3.42699 3.42491 3.16632 2.74377 2.74096 2.82348 2.91426 3.04296 3.08108 3.08480 3.09079 3.10010 3.33823 3.88259 3.85106 3.79589 3.74065 3.66712 3.51552 3.34976 3.18186 3.09461 3.09082 3.08782 3.04721 2.95133 2.89732 2.85658 2.81823 2.81377 2.86143 3.24092 3.24556 3.24869 3.66905 4.24916 4.78544 4.85813 4.85813 4.85813 4.85813 4.84993 5.02097 5.15389
6.46355 6.14451 5.69697 5.68957 5.15530 4.72470 4.59096 4.59634 4.60165 4.60703 4.60966 4.59643 4.58411 4.03404 3.76626 3.75479 3.74117 3.72472 3.70836 3.69170 3.54757 3.37703 3.36039 3.29422 3.25811 3.17222 2.86528 2.82147 2.90661 2.95480 3.17318 3.18591 3.23237 3.30922 3.38662 3.31995 3.36614 3.40447 3.28986 3.17534 3.07909 3.07232 3.07981 3.07981 3.05607 2.99874 2.94119 2.87321 2.78868 2.79144 2.80345 2.82431 2.82530 2.82530 3.14897 3.24944 3.24944 3.38302 4.21270 4.60792 4.83678 4.74781 4.65392 4.55996 4.47423 4.58690 4.95044
6.04726 5.98900 5.53391 5.53391 5.23194 4.68341 4.43366 4.41415 4.39747 4.38057 4.36652 4.36837 4.36909 4.08294 3.57415 3.57415 3.57415 3.57415 3.57415 3.57415 3.52144 3.29232 3.29232 3.26773 3.28302 3.35559 3.14511 3.08699 3.26604 3.42430 3.59762 3.61558 3.58722 3.52709 3.38989 3.17918 2.81743 3.06833 3.06833 3.06833 3.05814 3.00604 2.95995 2.90525 2.87419 2.87672 2.87949 2.88038 2.80292 2.79793 2.80021 2.82516 2.82530 2.82530 3.00421 3.24944 3.20122 3.07405 3.76201 4.10726 4.46323 4.45910 4.47132 4.48711 4.50292 4.53375 4.98045
6.04726 6.04710 5.56783 5.42025 5.22381 4.70776 4.37214 4.36909 4.36909 4.36909 4.36909 4.36909 4.36909 4.31856 3.59124 3.57415 3.57415 3.55424 3.49962 3.44443 3.38814 3.60046 3.75506 3.84873 3.80964 3.81330 3.58138 3.28812 3.35985 3.48829 3.49953 3.37030 3.15833 3.08098 3.08067 3.08067 2.70307 3.02020 2.99832 2.97379 2.95945 2.98776 2.91156 2.88093 2.88093 2.88093 2.88093 2.88093 2.82008 2.79793 2.79793 2.82030 2.77159 2.66400 2.60078 2.79718 2.71667 2.71564 3.21778 3.89764 4.47869 4.51451 4.51811 4.51811 4.51811 4.51811 4.87521
5.76941 5.65203 5.18560 5.01728 5.01720 4.79397 4.44400 4.36909 4.36909 4.36909 4.36747 4.32817 4.27288 4.21772 3.58669 3.31224 3.25764 3.23169 3.24347 3.25574 3.26754 3.65405 3.90338 3.91317 3.85297 3.84768 3.69075 3.39240 3.35145 3.48829 3.46591 3.21081 3.08132 3.07468 3.04525 3.01579 2.70128 2.89102 3.01065 3.01065 3.01065 3.01065 2.95041 2.88093 2.88093 2.88093 2.88093 2.87999 2.76958 2.62213 2.51454 2.42214 2.38035 2.38035 2.38848 2.68207 2.78859 2.82052 2.97571 3.88080 4.34266 4.51517 4.50861 4.50203 4.49547 4.48890 4.65083
5.28201 5.24097 5.24744 5.31369 5.32174 5.09679 4.64557 4.41285 4.36295 4.31254 4.26339 4.25629 4.25861 4.09844 3.67290 3.42081 3.44110 3.45135 3.45827 3.46526 3.47226 3.76013 4.31705 4.31705 4.26188 4.21285 4.08555 3.73077 3.50251 3.52685 3.50143 3.26852 3.05397 3.01148 3.01145 3.01145 2.84059 2.75407 3.01065 3.01065 3.01065 3.01065 2.98856 2.87710 2.79821 2.69067 2.58303 2.47638 2.41047 2.35298 2.35589 2.38692 2.43289 2.45960 2.47526 2.62529 2.81703 2.81045 2.80582 3.64153 4.12131 4.47157 4.47156 4.47156 4.45775 4.32900 4.24488
4.81163 4.75793 4.87466 5.29344 5.22592 5.13883 4.69460 4.37619 4.37247 4.21159 3.96725 3.72293 3.48748 3.42294 3.42882 3.48127 3.48166 3.48166 3.48166 3.48166 3.48166 3.56538 4.31684 4.30206 4.20025 4.31325 4.31070 4.04943 3.50674 3.42317 3.41907 3.30655 3.06382 3.01145 3.01145 3.01145 2.96892 2.61636 3.00948 3.00193 2.91347 2.80584 2.69818 2.48090 2.43598 2.43598 2.43630 2.46462 2.50864 2.48555 2.53461 2.56169 2.45122 2.44258 2.46539 2.58964 2.78712 2.78723 2.78738 3.29261 3.95523 4.17874 4.02535 3.87106 3.73119 3.70603 3.71268
4.60045 4.60045 4.65122 5.21836 5.21747 5.04051 4.42413 3.76918 3.50635 3.42294 3.42294 3.42294 3.42294 3.42294 3.42294 3.46843 3.48166 3.48166 3.48162 3.42814 3.32697 3.22584 3.74091 3.75934 3.75095 4.39039 4.44328 4.12229 3.62565 3.41907 3.41907 3.39630 3.09792 3.01145 3.01145 3.01155 2.99385 2.59978 2.68166 2.62855 2.62707 2.66187 2.69729 2.66680 2.67433 2.73648 2.79839 2.83223 2.84246 2.65719 2.63641 2.71568 2.65914 2.71359 2.78852 2.80727 2.83141 2.85545 2.87947 3.07339 3.97027 3.75316 3.70826 3.70826 3.70826 3.70826 3.70826
4.60045 4.50338 4.30029 4.40906 4.15770 4.02687 3.89711 3.54939 3.42197 3.41456 3.40638 3.39822 3.39010 3.38192 3.35724 3.28405 3.20293 3.07721 2.95046 2.87704 2.85125 2.82561 3.15520 3.43258 3.40037 3.81444 4.03805 4.05658 3.85340 3.42644 3.43052 3.43055 3.21871 3.16743 3.13038 3.09305 3.07307 2.88465 2.84056 2.93139 2.97290 3.00028 3.02700 3.00699 2.91488 2.91488 2.91624 2.98355 3.09499 2.99904 3.00756 3.04838 2.95866 2.87550 2.89900 2.90666 2.90666 2.90666 2.90666 2.91114 3.79445 3.83270 3.70826 3.69814 3.66870 3.63878 3.60887
3.85076 3.64053 3.63272 3.69982 3.74393 3.73260 3.59176 3.22429 2.96134 2.94233 2.86329 2.74468 2.62589 2.50724 2.40504 2.38642 2.42285 2.42173 2.42173 2.42173 2.42173 2.42173 2.57925 2.99214 2.99214 3.22044 3.63184 3.71921 3.72972 3.15470 3.06564 3.00577 2.91348 2.85616 2.98150 3.02405 3.04253 3.01304 2.91911 3.04162 3.04460 3.04460 3.04460 3.07903 3.06418 3.18632 3.34002 3.41381 3.43783 3.30410 3.12753 3.12753 3.07135 2.90666 2.90666 2.90666 2.90666 2.90666 2.90665 2.88978 3.40809 3.83501 3.60103 3.58124 3.56260 3.45385 3.33279
3.86714 3.59019 3.59019 3.63584 3.70303 3.68289 3.47777 2.95659 2.50328 2.40275 2.36301 2.36301 2.36301 2.36301 2.36301 2.36301 2.41132 2.42173 2.42151 2.38839 2.37797 2.37853 2.40725 2.76868 2.71752 2.69665 3.09745 3.14331 3.30948 3.05311 2.93736 2.93736 2.92536 2.87720 2.99650 3.11368 3.12191 3.11329 2.92803 3.04341 3.15136 3.22654 3.30484 3.33916 3.40602 3.47275 3.47294 3.47294 3.47294 3.38877 3.12753 3.12753 3.12104 2.91454 2.90619 2.88540 2.85389 2.82236 2.79087 2.77623 2.98688 3.74523 3.37433 3.23729 3.13445 3.12207 3.12207
4.03312 3.55346 3.47928 3.41875 3.31414 3.22296 3.20866 2.81954 2.40973 2.36301 2.36301 2.36301 2.36301 2.36301 2.37021 2.38563 2.43075 2.47520 2.49062 2.40219 2.37241 2.34464 2.31572 2.54142 2.60390 2.60390 2.95040 3.08932 3.30871 3.17579 2.93736 2.93736 2.93736 2.93265 2.98373 3.12312 3.16702 3.23741 3.14345 3.22315 3.25643 3.25134 3.25134 3.25134 3.34110 3.47294 3.47294 3.47294 3.47294 3.45766 3.13058 3.10183 3.07037 2.87690 2.78695 2.77623 2.77623 2.87008 3.05060 3.23118 3.39584 3.34656 3.21227 3.12207 3.13319 3.20791 3.29701
3.94875 3.27107 3.25220 3.23917 3.14867 3.13781 3.12946 2.85345 2.48535 2.35759 2.36936 2.38102 2.39256 2.40396 2.40872 2.40091 2.37449 2.38965 2.35640 2.27872 2.24648 2.24492 2.24338 2.38996 2.52002 2.51734 2.69579 2.92012 3.09225 3.10376 2.90189 2.92053 2.91554 2.96894 3.02466 3.31264 3.34412 3.34412 3.22649 3.14088 3.25134 3.25134 3.25134 3.25134 3.27643 3.47248 3.46971 3.44292 3.41140 3.37989 3.06733 2.99710 2.99710 2.93769 2.99424 3.17481 3.35552 3.45855 3.54525 3.64469 3.75029 3.77260 3.80647 3.72323 3.82927 3.84374 3.84374
