High_resolution/powerplant/Chizhou/OMI_NO2_200612.asc
ncols      200
nrows      200
xllcorner       115.585
yllcorner       28.7700
cellsize     0.0166667
NODATA_Value      -999.000
[rows 112 to 139 of 165, columns 0 to 63 of 200]
4.13800 4.21469 4.27858 4.41913 4.50057 4.57366 4.62733 4.63859 4.64915 4.66016 4.66629 4.41524 4.34743 4.29042 4.29042 3.85687 3.76458 3.73587 3.57355 3.54430 3.66232 3.69042 3.06868 3.15296 3.19108 3.18775 3.30335 3.55181 3.57910 3.59235 3.47816 3.29665 3.19998 3.20778 3.48207 3.49789 3.50117 3.51107 3.48998 3.45299 3.83598 4.01028 4.01511 4.07581 3.93438 3.93732 3.99153 4.47107 4.51395 4.51395 4.51759 4.44130 4.20126 4.09033 4.12355 4.15119 4.57075 4.53596 4.79099 4.69492 4.64896 4.31026 4.27811 4.29795
4.54369 4.53472 4.55439 4.61976 4.66391 4.65889 4.65375 4.64847 4.64305 4.63847 4.64954 4.49485 4.33821 4.28062 4.28583 3.88907 3.66429 3.83097 3.99717 4.15124 4.13745 3.97167 3.42434 3.16433 3.15867 3.15830 3.20965 3.49929 3.56590 3.61244 3.55044 3.41481 3.26168 3.27469 3.46730 3.53230 3.49402 3.44913 3.43516 3.43719 3.67685 4.06698 4.06902 4.04379 3.88437 3.72121 3.77692 3.93631 3.86129 3.62142 3.37596 3.19920 3.14203 3.10409 3.46769 3.49487 3.99115 3.87482 4.00891 3.99103 3.99387 3.79014 3.83770 4.00673
4.58784 4.49740 4.49631 4.51959 4.60704 4.62900 4.65271 4.67635 4.70009 4.72270 4.72945 4.67533 4.53947 4.66480 4.81681 4.74910 4.17217 4.11645 4.06112 4.00602 3.99497 3.88955 3.55336 3.16381 3.15958 3.15535 3.17976 3.39441 3.56881 3.71305 3.67126 3.51929 3.24097 3.19039 3.26753 3.45854 3.45854 3.45854 3.45854 3.45854 3.51736 4.08071 4.08061 3.90026 3.57235 3.05287 2.87125 2.88924 3.04026 3.00900 2.97911 2.89638 2.78208 2.67399 2.87122 2.96457 3.37911 3.56209 3.69415 3.84631 3.90002 3.73374 3.66850 3.85356
4.66618 4.65250 4.68536 4.72408 4.86497 4.88531 4.89758 4.91097 4.94527 4.98705 5.02202 4.99499 5.10153 5.01775 4.88886 4.80808 4.08530 4.05745 4.05085 4.04671 4.04666 3.97043 3.69518 3.16279 3.15173 3.15173 3.15660 3.28531 3.46524 3.57779 3.52691 3.41181 3.21445 3.16063 3.18074 3.45333 3.45854 3.45854 3.44646 3.28002 3.08126 3.38359 3.31832 3.23300 3.13443 2.84492 2.74578 2.65753 2.68963 2.58180 2.47366 2.42091 2.42091 2.42091 2.57611 2.92192 3.14003 3.47391 3.47892 3.70253 3.74475 3.74356 3.64766 3.79245
4.77081 4.83880 4.82883 4.82844 4.92691 4.99357 4.98959 4.94865 4.88685 4.81759 4.75409 4.74175 4.85178 4.91517 4.81448 4.81448 4.23791 4.04666 4.04666 4.04666 4.04666 4.03369 3.73218 3.26506 3.07679 3.03593 2.98077 2.96381 3.08900 3.17272 3.17557 3.19486 3.28380 3.16063 3.15105 3.20171 3.04508 2.84882 2.66493 2.63511 2.63779 2.93228 3.11303 2.98177 2.77706 2.41103 2.26273 2.26179 2.39614 2.42091 2.42091 2.42189 2.43693 2.45652 2.50698 2.91859 2.83836 3.40040 3.39953 3.65879 3.69974 3.79916 3.63820 3.72396
4.79681 4.86494 4.86960 4.87196 4.85276 4.77750 4.74178 4.74175 4.74175 4.74175 4.74175 4.74175 4.79104 4.93558 4.82419 4.81425 4.42467 4.02399 4.00903 3.99091 3.90665 3.79285 3.39826 2.96653 2.57033 2.51685 2.47479 2.54124 2.77311 2.96008 3.07099 3.03281 3.25374 2.92101 2.85963 2.76535 2.64155 2.67961 2.72599 2.77240 2.81879 2.81253 2.66424 2.66424 2.58887 2.41122 2.26179 2.26179 2.36288 2.45074 2.47037 2.48895 2.49350 2.49350 2.49350 2.79426 2.66846 3.19748 3.34495 3.55309 3.70031 3.67272 3.29535 3.09773
4.82048 4.81450 4.81689 4.81689 4.81026 4.74229 4.74175 4.74175 4.74175 4.73467 4.69000 4.63981 4.59256 4.71948 4.60114 4.51193 4.38352 3.65623 3.46093 3.38763 3.36549 3.36549 3.17708 2.95733 2.48262 2.49645 2.49523 2.41662 2.57822 2.77146 2.86891 2.87873 3.20189 2.96694 2.99180 3.00810 2.84746 2.85554 2.85554 2.85554 2.85554 2.85391 2.68022 2.66424 2.61296 2.51146 2.31250 2.32504 2.38167 2.50056 2.51384 2.52712 2.54041 2.55371 2.56698 2.74527 2.83908 3.01036 3.20627 3.07505 3.08575 2.91080 2.63424 2.60126
4.80243 4.80048 4.82538 4.79357 4.74344 4.63424 4.56785 4.51762 4.46743 4.42428 4.41875 4.41875 4.41875 4.54108 4.56091 4.49148 4.48327 3.69371 3.38193 3.42394 3.46890 3.51689 3.41139 3.10228 2.37324 2.14848 2.03224 2.03598 2.37283 2.76834 3.02977 3.08682 3.30607 3.21776 3.08921 3.08921 2.89776 2.85554 2.85554 2.85554 2.83745 2.81512 2.67479 2.58636 2.52248 2.45692 2.46440 2.43821 2.45904 2.61314 2.61688 2.61688 2.61688 2.59693 2.61310 2.71956 2.83798 2.71449 2.58971 2.62298 2.96091 2.98210 2.83413 2.82107
5.01629 5.04523 4.74932 4.49390 4.49390 4.45730 4.41875 4.41875 4.41875 4.41875 4.41875 4.41875 4.42022 4.51715 4.67701 4.62673 4.67613 4.29990 3.60632 3.48590 3.35218 3.21906 3.03747 2.66137 2.33609 2.20930 2.27421 2.31934 2.46343 2.79983 3.04899 3.09350 3.14389 3.23737 2.95433 2.91321 2.75860 2.62691 2.61809 2.60900 2.61861 2.63272 2.57396 2.45206 2.44094 2.40213 2.62188 2.57618 2.60052 2.74483 2.85456 2.95563 3.05555 3.17534 3.25690 3.28267 3.35502 3.15406 2.94494 2.96773 3.09715 3.01325 2.76236 2.60255
5.16097 5.14164 4.91996 4.49390 4.49390 4.47963 4.41875 4.42684 4.47159 4.52089 4.57026 4.61950 4.66727 4.68946 4.84844 4.64196 4.51915 4.17300 3.07984 2.94960 2.87616 2.80270 2.73140 2.58307 2.57619 2.49098 2.52335 2.55653 2.62240 2.99287 3.08756 2.94083 2.96283 3.35992 2.99734 3.03801 3.01540 2.80061 2.76994 2.73867 2.70850 2.67937 2.63723 2.41659 2.34288 2.25075 2.49802 2.75192 3.00026 3.16183 3.29298 3.31201 3.33181 3.35173 3.39670 3.44821 3.52926 3.46151 3.26478 3.17578 3.01017 2.79469 2.74526 2.70112
5.18226 5.18737 5.09729 4.47739 4.50938 4.54124 4.50662 4.52220 4.50949 4.49210 4.48462 4.53206 4.58860 4.63899 4.27339 3.97260 3.89301 3.76023 2.73652 2.56018 2.57640 2.59262 2.60865 2.85143 2.95287 2.78040 2.77239 2.77239 2.77239 3.00661 3.23975 2.98752 2.94160 3.22404 2.92923 2.84439 2.80608 2.53068 2.45521 2.40752 2.36174 2.33529 2.38604 2.30218 2.34861 2.39026 2.53332 2.84926 3.10753 3.23600 3.44137 3.48634 3.53128 3.57610 3.59553 3.59553 3.60622 3.60076 3.38640 3.29592 3.32663 3.08827 3.07056 2.88505
5.44237 5.44624 5.43651 4.52725 4.44709 4.44709 4.40935 4.44180 4.51677 4.56680 4.58832 4.55455 4.51202 4.47540 4.26422 3.92083 3.90963 3.90765 3.05934 2.61431 2.61431 2.61431 2.61431 2.77441 2.95863 2.82941 2.77239 2.77239 2.77239 2.91535 3.32695 3.07812 2.95408 2.97958 2.65798 2.48812 2.44921 2.35087 2.39309 2.48590 2.57490 2.64687 2.64382 2.57409 2.50049 2.50505 2.59034 2.96243 3.22932 3.39527 3.58002 3.59553 3.59553 3.59553 3.57611 3.47467 3.36414 3.32655 3.71622 3.52033 3.50684 3.17860 3.09701 2.91760
5.54463 5.46303 5.47908 4.81828 4.59159 4.66704 4.68816 4.53456 4.49074 4.47175 4.47175 4.47175 4.47175 4.47175 4.42689 3.93181 3.90963 3.90963 3.42425 2.61431 2.61431 2.61431 2.61431 2.73197 3.09376 3.11953 3.10527 3.22344 3.35263 3.51452 3.79115 3.61586 3.17848 3.05134 2.65012 2.50248 2.48629 2.52960 2.65841 2.64709 2.58990 2.52372 2.45755 2.44562 2.70394 2.67091 2.63858 2.97110 3.17901 3.39373 3.52190 3.50733 3.39671 3.28613 3.19502 3.18584 3.18584 3.22477 3.57999 3.58872 3.50684 3.28797 3.11546 2.97168
5.93383 5.67438 5.76229 5.29617 4.74881 4.74886 4.73844 4.48188 4.47175 4.47175 4.47175 4.47175 4.46952 4.41731 4.34113 3.81635 3.54566 3.35720 3.12871 2.81447 2.90558 2.99137 3.08342 3.18919 3.77986 3.75338 3.52588 3.44993 3.36509 3.30564 3.46322 3.53414 3.02823 2.96630 2.56237 2.37625 2.30776 2.24782 2.39898 2.35298 2.34400 2.34400 2.34400 2.34508 2.66699 2.68816 2.62639 2.81938 2.94277 3.11065 3.08944 3.18584 3.18580 3.17911 3.16770 3.15632 3.14491 3.14693 3.36094 3.59084 3.46173 3.39514 3.17531 3.25323
6.17648 5.78296 5.76125 5.56779 4.74936 4.74886 4.73526 4.47145 4.30956 4.22734 4.09899 3.89734 3.69743 3.56998 3.47671 3.13749 2.75326 2.73605 2.73605 2.93761 3.14440 3.12377 3.07171 3.02330 3.38894 3.40263 3.24133 3.25125 3.30850 3.35107 3.24194 3.18350 2.78853 2.64109 2.33918 2.13629 2.10793 2.10793 2.26501 2.34400 2.34400 2.34400 2.34400 2.31633 2.43273 2.46725 2.32295 2.38882 2.62627 2.84851 2.92977 3.09664 3.08545 3.08074 3.08074 3.08062 3.06676 3.03452 3.24056 3.75056 3.62900 3.60344 3.22688 3.23360
6.26388 6.15074 6.21777 6.34154 4.75150 4.12057 3.93735 3.70491 3.43808 3.35181 3.29906 3.29817 3.29817 3.29817 3.29817 3.22278 2.74784 2.73762 2.73853 2.79505 2.91870 2.90874 2.95300 2.99881 3.32187 3.54898 3.40913 3.07997 2.94763 2.81534 2.72747 2.80697 2.67167 2.54090 2.39607 2.17038 2.11435 2.11893 2.20794 2.35472 2.26777 2.16172 2.05573 1.97742 2.08926 2.33561 2.29326 2.31258 2.51180 2.70173 2.84316 3.00905 3.02817 2.99000 2.93327 2.87060 2.82167 2.79113 2.96481 3.46618 3.51607 3.49939 3.27416 3.26424
7.35212 7.15677 6.93032 6.89564 5.32766 3.57874 3.57527 3.54307 3.29870 3.29817 3.29831 3.29913 3.30004 3.30095 3.30186 3.30274 2.85004 2.75319 2.79060 2.83578 3.04478 3.11469 3.18107 3.25682 3.52952 3.89064 3.63647 2.72852 2.72458 2.72064 2.71670 2.69341 2.79387 2.57842 2.52388 2.24012 2.07969 1.96916 1.87448 1.98933 1.97445 1.99001 2.02871 2.06777 2.12540 2.49833 2.45734 2.45354 2.56045 2.55290 2.61931 2.67587 2.72439 2.73045 2.75526 2.78615 2.81697 2.84262 2.92145 3.36543 3.60047 3.51468 3.44368 3.35986
7.35259 7.26180 6.93032 6.92384 6.05371 3.69760 3.59908 3.61192 3.39792 3.36051 3.37315 3.38515 3.39712 3.44779 3.59464 3.74611 3.45542 3.10806 3.17150 3.23363 3.50505 3.59804 3.60726 3.60580 3.65677 3.87052 3.85433 2.78907 2.69910 2.69910 2.69910 2.68204 2.75935 2.47575 2.38884 2.04515 1.90973 1.93979 1.97880 2.19320 2.30644 2.35111 2.37258 2.39385 2.41141 2.67093 2.68179 2.53738 2.55129 2.44500 2.42443 2.54168 2.85786 2.84972 2.84137 2.83300 2.82471 2.82155 2.82294 3.16216 3.62307 3.48732 3.42519 3.24817
7.84742 7.96667 7.69863 7.80350 7.01292 4.11678 3.79318 3.79318 3.64825 3.54697 3.66234 3.75841 3.88792 3.99648 4.00900 4.01686 3.82141 3.24526 3.32541 3.32536 3.46964 3.59608 3.59608 3.59608 3.60478 3.86078 3.86626 3.11623 2.69910 2.69910 2.69910 2.69344 2.54800 2.45609 2.49788 2.32844 2.19522 2.17644 2.19769 2.32137 2.45768 2.42549 2.37569 2.32581 2.27964 2.42034 2.58288 2.44730 2.49796 2.39196 2.37639 2.38854 2.81144 2.82155 2.82155 2.82155 2.82155 2.83214 2.86013 3.08708 3.44827 3.38575 3.36345 3.22559
8.40672 8.40672 8.09006 7.92436 7.30267 4.70612 3.74994 3.84211 3.87736 3.84318 3.87481 3.92618 3.94399 3.94399 3.94399 3.94399 3.94009 3.25962 3.32536 3.32536 3.40588 3.59608 3.59608 3.59608 3.59608 3.80479 3.85682 3.40577 2.65807 2.63999 2.62311 2.60729 2.56959 2.37879 2.46133 2.43357 2.35708 2.25367 2.26495 2.27836 2.26297 2.24528 2.25096 2.28508 2.32299 2.39909 2.57101 2.42360 2.45321 2.40204 2.36550 2.36174 2.70885 2.82611 2.85172 2.87996 2.90821 2.92587 2.92612 3.01426 3.36726 3.42844 3.36345 3.27132
8.57301 8.61825 8.29442 7.89900 7.69014 5.90091 3.95878 3.93476 3.93439 3.94329 3.94399 3.94399 3.94399 3.94399 3.94399 3.94399 3.94399 3.46836 3.32536 3.32543 3.35207 3.53221 3.48690 3.44985 3.41470 3.47940 3.52258 3.45008 2.59599 2.58789 2.65500 2.74534 2.83674 2.71411 2.82394 2.87044 2.71965 2.25471 2.27943 2.31734 2.35019 2.38716 2.41931 2.42310 2.42310 2.42315 2.54735 2.45271 2.42601 2.44253 2.38913 2.41174 2.66208 2.92349 2.92612 2.92612 2.92584 2.91600 2.90148 2.89177 3.21401 3.40088 3.28773 3.26308
9.00528 9.11641 8.90504 8.12550 8.00555 6.57488 4.09631 3.93422 3.93422 3.94050 3.94399 3.94399 3.94399 3.94554 3.95521 3.96603 3.97688 3.73878 3.36635 3.39066 3.39489 3.37747 3.35094 3.35094 3.37290 3.50917 3.72250 3.81299 3.21829 3.16308 3.26006 3.33362 3.33540 2.97199 2.92459 2.96545 2.90098 2.50234 2.42908 2.42908 2.42592 2.42310 2.42310 2.42310 2.42310 2.42310 2.51964 2.52315 2.47795 2.53240 2.43045 2.40908 2.49131 2.83946 2.82493 2.81034 2.79610 2.79138 2.79490 2.84169 3.17731 3.61955 3.70015 3.79045
9.11863 9.11863 9.10076 8.09580 7.73983 6.42792 4.28616 3.93915 3.94998 3.96414 3.98142 3.99224 4.00308 4.01236 4.01353 4.01353 4.01353 3.99270 3.36653 3.41647 3.44908 3.53112 3.63296 3.70824 3.79132 3.89308 4.19623 4.26988 3.87166 3.44533 3.50598 3.56664 3.62726 3.32127 3.03418 3.05092 2.97896 2.65191 2.42910 2.43080 2.43220 2.43023 2.43937 2.46884 2.49979 2.53075 2.59038 2.63987 2.52786 2.49835 2.34390 2.34198 2.34841 2.77453 2.80853 2.85092 2.98592 3.13766 3.30043 3.41918 3.54098 3.84904 3.91144 3.88892
8.08535 7.62939 7.11566 5.90899 5.48719 4.74573 4.22578 4.00375 4.00376 4.00444 4.01335 4.01353 4.01353 4.01727 4.04545 4.07807 4.11068 4.14329 3.72008 3.56831 3.60012 3.71710 3.91824 3.97899 3.98405 3.94579 4.16287 4.13281 4.01260 3.64375 3.62412 3.60535 3.58689 3.39980 3.01403 3.00555 2.96016 2.74720 2.40401 2.42157 2.44303 2.45938 2.47397 2.47031 2.46526 2.44052 2.40615 2.48721 2.48209 2.43962 2.42443 2.49793 2.66386 3.09832 3.39254 3.51312 3.54173 3.55122 3.54348 3.53448 3.48968 3.69698 3.79122 3.66142
6.28705 6.25077 6.25077 5.78152 5.25764 4.87639 4.25309 4.01795 4.01409 4.04603 4.08395 4.10623 4.12451 4.13911 4.12923 4.11488 4.04494 3.91334 3.68684 3.64640 3.62287 3.57605 3.70716 3.65623 3.62892 3.61521 3.68354 3.69510 3.67864 3.35850 3.31971 3.31974 3.31974 3.27322 2.94757 2.92309 2.92465 2.80444 2.37592 2.33298 2.29879 2.26139 2.22505 2.19565 2.17730 2.17878 2.19502 2.34254 2.55468 2.70978 2.96649 3.19131 3.30804 3.43153 3.52874 3.48708 3.41812 3.34951 3.28094 3.21334 3.18961 3.37176 3.62762 3.58456
6.20565 6.19867 6.19174 5.96102 5.17671 4.93547 4.20764 4.01793 3.94919 3.93559 3.92778 3.93157 3.88507 3.76895 3.66365 3.53599 3.45363 3.43290 3.40782 3.38259 3.38169 3.38233 3.53289 3.57795 3.57795 3.57795 3.63033 3.67735 3.67735 3.46273 3.31974 3.31974 3.31974 3.31921 3.02611 2.72428 2.70131 2.62891 2.30150 2.19816 2.21437 2.22906 2.24152 2.30234 2.45283 2.63752 2.82244 3.02157 3.17481 3.23319 3.24816 3.27686 3.27995 3.22551 3.22256 3.18961 3.18961 3.18961 3.18961 3.18973 3.19728 3.30264 3.61446 3.69213
6.12592 6.12070 6.11548 6.09311 5.16452 5.04747 4.25885 4.09852 3.93645 3.84079 3.76356 3.60125 3.50976 3.48778 3.45502 3.44463 3.44463 3.44463 3.44463 3.40467 3.38259 3.38259 3.48256 3.57795 3.57795 3.57795 3.60883 3.67735 3.67735 3.56769 3.32608 3.33469 3.34330 3.35191 3.17554 2.77739 2.73768 2.72023 2.51092 2.34650 2.45712 2.59304 2.89859 3.04400 3.07871 3.07998 3.08574 3.09484 3.00135 2.95249 2.91116 3.03721 3.09086 3.11463 3.17852 3.18961 3.19389 3.20567 3.21758 3.22936 3.23373 3.24739 3.54450 3.72420
6.00668 5.96326 5.91982 5.87640 5.37631 5.12770 4.33285 4.02604 3.80396 3.86882 3.91380 3.50947 3.44463 3.44463 3.44463 3.44463 3.44463 3.44463 3.44463 3.43473 3.38259 3.38259 3.43167 3.58181 3.58976 3.59836 3.61659 3.71495 3.72359 3.71619 3.38748 3.37685 3.37667 3.37017 3.29017 2.85252 2.79194 2.85695 2.89184 2.84764 2.87229 2.87726 3.02317 3.09621 3.10235 3.10728 3.10768 3.10768 2.91638 2.90927 2.89755 3.01944 3.07285 3.12717 3.18257 3.22597 3.23359 3.23373 3.23373 3.23373 3.23464 3.24773 3.45802 3.76163
