High_resolution/powerplant/Chizhou/OMI_NO2_201111.asc
ncols      200
nrows      200
xllcorner       115.585
yllcorner       28.7700
cellsize     0.0166667
NODATA_Value      -999.000
[rows 116 to 144 of 165, columns 0 to 64 of 200]
5.40524 4.80015 5.10987 4.94076 4.81470 4.23208 3.74212 3.74212 7.62140 7.62140 7.62140 7.62140 7.62140 7.62129 7.51203 7.32218 7.59134 8.10517 8.62970 8.41995 8.58984 8.84702 8.78445 8.78445 8.78445 8.78445 8.78445 8.78445 8.78445 8.78445 8.77433 8.55643 8.33629 8.21417 7.85549 7.66428 7.25487 7.01297 6.86949 6.86677 6.86677 6.86677 6.86677 6.86677 6.65024 5.98729 5.98729 5.98729 5.98729 5.88417 5.73700 5.49240 5.56605 5.67053 5.91597 5.49157 5.15850 4.60207 3.87440 3.77692 3.80777 3.97179 3.86204 3.75015 3.63866
5.33007 4.91317 4.77197 4.87389 4.77304 4.76591 3.74212 3.74212 7.62129 7.51203 7.32218 7.14918 6.99088 6.79827 6.60182 6.47593 6.34974 6.93248 7.58516 8.02932 8.13353 8.78392 8.78445 8.78445 8.78445 8.78445 8.77786 8.69226 8.58370 8.47522 8.37673 8.28083 8.12070 8.13587 7.93613 7.66497 7.44542 7.02295 6.90597 6.86677 6.86677 6.86677 6.86677 6.86677 6.85558 6.05731 5.97767 6.01167 6.11658 6.14607 6.05165 5.83497 5.73809 5.65739 5.69694 5.47879 5.00511 4.65322 3.74591 3.70213 3.62946 3.59019 3.58706 3.58484 3.57133
5.37973 5.28198 5.11226 6.14428 7.14599 7.40195 3.86992 3.74212 6.84579 6.69925 6.56515 6.44212 6.32899 6.25638 6.25409 6.25409 6.25406 6.71505 7.27661 8.02932 8.02932 8.65020 8.78058 8.70123 8.59267 8.48411 8.38213 8.35921 8.35921 8.35921 8.35921 8.32919 8.12070 8.14419 7.99363 7.71278 7.62419 7.03463 6.95233 6.86677 6.86677 6.86346 6.86234 6.95536 7.04051 6.49889 6.17132 6.16030 6.06822 6.01898 5.93222 5.71422 5.56986 5.56036 5.58093 5.69984 4.97062 4.77016 3.89285 3.73954 3.67776 3.62385 3.59944 3.58586 3.58357
6.27219 6.47187 5.94090 6.83040 7.49750 7.54291 5.32503 3.74212 6.29895 6.25409 6.25409 6.25409 6.25409 6.25409 6.25409 6.25409 6.25402 6.52438 7.01781 7.97529 8.00515 8.24558 8.38834 8.35921 8.35921 8.35921 8.35921 8.35921 8.35921 8.35921 8.35921 8.35890 8.13955 8.12142 8.04506 7.79454 7.66408 7.16538 6.99333 6.94128 6.99628 7.05884 7.12973 7.10314 7.09091 6.79611 6.10722 6.12852 6.14987 6.15892 6.09354 5.91303 5.63161 5.62726 5.62885 5.69972 4.95319 4.76617 3.91100 3.55002 3.50130 3.44425 3.44113 3.44203 3.44292
6.48767 6.48948 6.07940 6.60139 7.27199 7.54291 6.53197 3.74212 6.25409 6.25409 6.25402 6.24704 6.23545 6.22388 6.21231 6.19451 6.16804 6.24232 6.84612 7.69621 7.97217 8.04510 8.35921 8.35921 8.35921 8.35921 8.35921 8.35952 8.37395 8.39506 8.41629 8.43598 8.20011 8.01288 7.83386 7.55648 7.20443 7.17715 7.34219 7.23485 7.23741 7.25828 7.27196 7.27183 7.27138 7.17509 6.23320 6.17451 6.14592 6.12962 6.09577 5.99127 5.62640 5.61686 5.61641 5.63484 5.11592 4.83866 4.12661 3.56964 3.55581 3.46237 3.45455 3.45432 3.45432
6.52105 6.52913 6.30767 6.29988 7.08454 7.54291 7.32574 3.77843 6.40483 6.41436 6.42415 6.43681 6.44372 6.44973 6.45619 6.46819 6.48961 6.50776 7.15783 7.81384 8.41894 8.43687 8.78959 8.85543 8.87169 8.88753 8.90373 8.90540 8.83334 8.66621 8.47385 8.29327 7.74742 7.31196 7.33315 7.38878 7.08040 7.10892 7.39256 7.32027 7.26354 7.21563 7.08447 6.95186 6.81919 6.74471 6.31946 6.12395 6.12395 6.12395 6.11539 6.02847 5.69011 5.61305 5.61305 5.62651 5.32375 4.84200 4.41977 3.56964 3.56964 3.48312 3.47967 3.65815 3.86773
6.53334 6.53786 6.48816 6.03907 6.93276 7.53744 7.54291 5.09870 6.63127 6.75583 6.74128 6.75047 6.78057 6.81140 6.84213 6.87292 6.90374 6.93444 7.20333 7.64242 8.50766 8.51985 8.71442 8.81535 8.67116 8.49726 8.32011 8.16538 8.06625 8.03464 8.03389 8.03389 7.80268 7.30038 7.30774 7.39616 7.16534 7.03184 7.17527 7.05859 6.83071 6.74595 6.74450 6.74450 6.74450 6.74450 6.51267 6.12395 6.12395 6.12395 6.12395 6.05043 5.79420 5.61305 5.61305 5.62040 5.52132 4.87146 4.78477 4.02036 4.26544 4.40604 4.47139 4.50779 4.55958
6.54922 6.54922 6.54922 6.03292 6.93784 8.25241 9.58994 10.6414 6.50944 6.99106 7.02136 7.03169 7.03169 7.03169 7.03169 7.03169 7.03166 7.02062 7.05933 7.30162 8.04759 7.99842 7.93940 8.09391 8.04652 8.03389 8.03389 8.03389 8.03389 8.03389 8.03389 8.03389 7.95063 7.27440 7.16678 7.12995 6.89767 6.62321 6.75202 6.87069 6.75182 6.74450 6.74450 6.74450 6.74450 6.74450 6.69712 6.13253 6.12395 6.12395 6.12395 6.07548 5.90373 5.66256 5.85650 5.95692 5.97167 5.62609 5.69790 5.11170 5.06290 5.09278 4.85936 4.67945 4.69005
6.62132 6.77358 6.91061 6.80215 7.53035 9.40645 11.3437 11.3397 6.25002 7.03169 7.03169 7.03166 7.02062 7.00069 6.98075 6.94923 6.94086 6.97977 7.01312 6.89927 7.36071 7.70213 7.70537 8.00446 8.03389 8.03389 8.03389 8.03389 8.03389 8.01422 7.91025 7.79654 7.68248 6.92645 6.85548 6.90601 6.90714 6.62000 6.67915 6.87352 6.78731 6.74450 6.74450 6.74450 6.74450 6.74450 6.74450 6.27806 6.12947 6.28155 6.42603 6.50912 6.63209 6.44799 6.41224 6.51126 6.53868 6.08810 5.96827 5.44235 5.15629 5.19080 4.96435 4.82522 4.79832
7.03166 6.99292 6.99081 6.91213 6.97490 8.62842 10.9085 10.7385 5.85396 6.98075 6.95981 6.92572 6.94588 6.99233 7.03561 7.08823 7.12280 7.12289 7.13071 6.92173 7.12855 7.69624 7.70213 7.90261 8.03389 8.01965 7.92017 7.80646 7.69274 7.59865 7.58899 7.58899 7.58899 7.06798 6.85548 6.87946 6.95227 6.66818 6.62471 6.85688 6.82573 6.74450 6.74450 6.74450 6.81018 6.99826 7.16163 7.12240 7.00203 7.07675 7.17019 7.31068 7.29806 6.82053 6.60692 6.60721 6.55714 6.23025 6.05312 5.75792 5.30568 5.31807 5.15668 4.91783 4.80950
6.97637 6.93372 6.89034 6.84082 6.44714 8.04258 10.1878 10.6829 5.54957 7.00414 7.04810 7.10415 7.12289 7.12289 7.12289 7.12289 7.12289 7.12289 7.12289 7.01366 6.96610 7.59903 7.52219 7.44873 7.70266 7.60318 7.58899 7.58899 7.58899 7.58899 7.58899 7.58899 7.58899 7.21578 6.85548 6.85812 6.94741 6.76159 6.62000 6.78323 6.93113 7.20329 7.43932 7.66547 7.82413 7.86470 7.93308 7.82498 7.26002 7.23339 7.20746 7.18199 7.18184 7.11813 6.83598 6.89039 6.83761 6.49965 6.19123 6.00947 5.36429 5.36034 5.27794 4.90280 4.75725
6.82636 6.82562 6.82562 6.82562 6.56546 7.56730 9.36583 10.6829 5.71219 6.98076 7.12289 7.12289 7.12289 7.12289 7.10857 7.07622 7.04398 7.00885 6.82313 6.50787 5.96234 6.58832 6.79663 6.82157 7.55217 7.58899 7.58899 7.58899 7.58899 7.58899 7.58899 7.58899 7.58899 7.36380 6.85548 6.88294 7.12513 7.25611 7.19703 7.35210 7.27784 7.61956 7.70519 7.67266 7.64012 7.60756 7.57820 7.56937 7.08403 7.00241 7.03603 7.06924 7.07698 7.22838 6.83095 6.81745 6.76878 6.44315 5.96487 5.88968 5.22387 5.18862 5.18029 4.82086 4.65694
6.85603 6.91028 6.96453 7.01883 6.93203 7.26977 8.96044 10.6829 5.69477 6.65718 7.01895 6.97793 6.93692 6.89582 6.75812 6.49575 6.21116 5.90638 5.78411 5.81523 5.48261 6.06402 6.64604 6.63596 7.19153 7.43002 7.41463 7.39953 7.38412 7.36904 7.37558 7.46295 7.54115 7.52372 6.96402 6.99531 7.08803 7.42340 7.17411 7.14119 6.86944 7.12613 7.40621 7.40647 7.44454 7.51006 7.57542 7.63991 7.29921 6.94796 6.94796 6.94796 6.94796 7.07202 6.83073 6.70831 6.70640 6.48713 5.89486 5.82410 5.33412 5.17227 5.17227 4.94758 4.69981
7.05776 7.05776 7.05454 7.02566 6.95721 6.68981 8.62346 10.5248 5.48535 6.09808 6.60876 6.35825 6.08014 5.77811 5.60559 5.61044 5.61819 5.62595 5.63373 5.65626 5.40056 5.57971 6.38576 6.43934 6.75319 7.30455 7.37710 7.47610 7.55462 7.62553 7.67458 7.64298 7.62037 7.62031 7.00052 6.93335 6.94241 7.43353 7.23789 7.16645 6.96557 7.06481 7.56994 7.63510 7.66244 7.66244 7.66244 7.66244 7.52155 6.94796 6.94796 6.94796 6.94796 7.00093 6.98351 6.70831 6.70831 6.54759 6.00717 5.83200 5.48583 5.12583 5.06728 4.93717 4.57065
6.98158 6.94711 6.91583 6.91026 6.91026 6.57507 8.03076 9.71016 4.75092 4.80046 5.65634 5.65525 5.66301 5.67077 5.67843 5.68109 5.68109 5.68109 5.68109 5.68111 5.53596 5.46243 6.43610 6.74628 6.88115 7.64056 7.65596 7.62792 7.62031 7.62031 7.62031 7.62031 7.62031 7.62031 7.13989 6.93335 6.93603 7.39820 7.47106 7.39008 7.27759 7.12432 7.60147 7.66244 7.66244 7.66244 7.66244 7.66244 7.66051 7.03131 6.94796 6.94796 6.94796 6.95004 7.11615 6.70831 6.74773 6.74189 6.33479 6.17216 6.02982 4.88673 4.89637 4.92619 4.62844
6.91026 6.91026 6.91026 6.91026 6.84404 6.55605 7.33775 9.11167 4.04640 4.17093 5.67481 5.68109 5.68109 5.68109 5.68111 5.68991 5.69078 5.66986 5.63301 5.61173 5.60887 5.31480 6.19029 6.83426 6.83316 7.42110 7.62031 7.62031 7.62031 7.62031 7.62031 7.62031 7.63987 7.69511 7.41040 7.12032 7.15275 7.36756 7.64407 7.42267 7.36624 7.12296 7.44336 7.66244 7.66244 7.66244 7.66244 7.66244 7.66244 7.25153 6.94796 6.95493 7.05893 7.16814 7.43454 6.98661 7.01181 6.92910 6.54553 6.24512 6.36173 5.40761 5.11732 5.07641 4.79742
6.62882 6.40807 6.18733 5.96658 5.81206 5.94415 6.78731 8.52760 4.04640 4.04643 5.48385 5.69045 5.66997 5.64762 5.60971 5.58894 5.58116 5.59342 5.62610 5.64266 5.65922 5.37037 5.68280 6.79236 6.83316 7.17955 7.62031 7.62031 7.63605 7.69041 7.74648 7.80254 7.83913 7.83992 7.63877 7.15297 7.15297 7.21558 7.69027 7.45138 7.42183 7.15602 7.28379 7.66244 7.66244 7.66244 7.66244 7.71475 7.84013 7.74475 7.34828 7.55032 7.66279 7.72954 7.08642 7.30540 7.32201 7.28945 6.90785 6.32433 6.40017 5.55612 4.90893 4.86796 4.74954
5.80654 5.80654 5.80617 5.74225 5.63185 5.53176 5.92857 7.50213 4.15396 4.15884 5.11164 5.57317 5.58429 5.59979 5.63505 5.64266 5.64266 5.64266 5.64266 5.64266 5.64913 5.52631 5.43043 6.59368 6.87185 7.12650 7.73914 7.79780 7.83819 7.83992 7.83992 7.83992 7.83992 7.83992 7.77801 7.15318 7.15297 7.10096 7.65757 7.52581 7.42267 7.24381 7.13747 7.75629 7.89568 8.07263 8.30959 8.50568 8.63306 8.79201 8.12910 8.06344 8.04766 8.03186 7.23879 7.08149 6.98107 6.88074 6.50571 5.85637 5.89425 5.38219 4.37652 4.35847 4.34332
5.65306 5.54278 5.43293 5.38661 5.38661 5.38661 5.71975 6.93964 3.98935 3.96173 4.79185 5.64266 5.64266 5.64266 5.64266 5.64266 5.64266 5.65971 5.72315 5.78918 5.87756 6.14256 6.03932 6.98914 7.48466 7.49542 7.76179 7.83992 7.83992 7.83992 7.83992 7.83992 7.83992 7.83992 7.83992 7.23092 7.15297 7.12034 7.44015 7.50328 7.29660 7.17796 6.93905 8.15487 8.78859 8.83959 8.82269 8.79699 8.76955 8.74209 8.15863 7.77252 7.68413 7.59584 6.99999 6.53504 6.52560 6.51587 6.18102 5.61082 5.52627 5.36838 4.36447 4.20298 4.20053
5.38661 5.38661 5.38932 5.46560 5.57494 5.68427 6.02136 7.04013 4.00696 4.00030 4.43509 5.66175 5.72586 5.79190 5.85809 5.92413 5.99000 6.18804 6.39296 6.57902 6.73536 6.77340 6.46180 6.77062 7.38957 7.38401 7.52987 7.70506 7.69326 7.68735 7.68979 7.69248 7.69490 7.71418 7.72331 7.21039 6.92214 6.83847 6.47746 6.53031 6.98315 6.96604 6.64733 7.34999 8.36840 8.35661 8.34514 8.33139 8.31573 8.30005 7.91940 7.17779 7.17779 7.17779 6.95949 6.27588 6.27895 6.27895 6.06618 5.54107 5.30558 5.34310 4.64633 4.18730 4.18730
5.60513 5.71442 5.82104 5.85404 5.85404 5.84633 5.86846 6.47211 4.31524 4.34122 4.48512 5.69907 5.70216 5.82116 6.04006 6.24164 6.42881 6.48454 6.48407 6.45021 6.39638 6.43211 6.38907 6.38032 7.12086 7.26024 7.32347 7.63325 7.67473 7.71656 7.67403 7.59386 7.50818 7.40593 7.31347 6.97890 6.64292 6.64292 6.35170 6.41934 6.79155 6.92004 6.68426 6.78852 8.31475 8.30135 8.28645 8.28282 8.28282 8.28282 8.22692 7.20916 7.17779 7.17779 7.16827 6.33237 6.27895 6.27895 6.16173 5.66447 5.28327 5.36177 4.94599 4.18522 4.15357
5.85404 5.83663 5.78915 5.74111 5.69301 5.65273 5.64822 6.14481 4.53279 4.57416 4.83788 5.90135 6.20735 6.24492 6.19104 6.13721 6.08338 6.02960 5.97625 5.95628 5.95628 6.10352 6.61155 6.38019 7.10453 7.37336 7.31322 7.51246 7.45939 7.34046 7.29722 7.29166 7.29166 7.29166 7.29166 7.10969 6.64292 6.64292 6.42362 6.37884 6.62192 6.87844 6.72586 6.52718 7.97492 8.28282 8.28282 8.28282 8.28282 8.28282 8.28282 7.49536 7.17779 7.17779 7.17779 6.54832 6.27895 6.27895 6.25727 5.76699 5.18938 5.19788 4.92615 4.12105 4.09887
5.67944 5.64875 5.64822 5.64822 5.64822 5.64822 5.64822 5.95943 5.00536 5.02458 5.02801 5.63043 5.95628 5.95628 5.95628 5.95628 5.95628 5.95634 5.96102 5.94130 5.88783 5.84647 6.51094 6.31545 6.70156 6.97288 6.94727 7.12303 7.29166 7.29166 7.29166 7.29166 7.29166 7.29166 7.29164 7.23330 6.62609 6.61422 6.48594 6.27554 6.46040 6.85862 6.81892 6.52756 7.45820 8.28282 8.28282 8.28282 8.28282 8.28282 8.28282 7.83738 7.17779 7.17779 7.16636 6.69349 6.11752 6.04646 5.94291 5.58891 5.10977 5.06140 4.89262 4.35169 4.11382
5.64822 5.64822 5.67727 5.77576 5.88781 6.01327 6.15470 6.26359 5.23090 5.03653 5.02801 5.44155 5.95633 5.96094 5.94181 5.88836 5.83480 5.78356 5.73806 5.71809 5.73225 5.74590 6.27465 6.35328 6.40243 6.90817 6.94716 7.01440 7.29166 7.29166 7.29166 7.28618 7.27498 7.26378 7.25262 7.24779 6.67885 6.59905 6.57759 6.22566 6.37258 6.81639 6.85862 6.58591 6.94186 8.28282 8.28282 8.28282 8.28282 8.28282 8.22548 8.01233 6.95154 6.87378 6.81434 6.56792 5.86211 5.83286 5.83085 5.62659 5.19402 5.04416 4.91972 4.52929 4.05544
6.01327 6.15470 6.26359 6.26739 6.26739 6.28535 6.53831 6.86375 5.24265 5.06493 4.94940 5.10325 5.78179 5.72835 5.70784 5.72198 5.73623 5.74815 5.74946 5.74946 5.74946 5.74946 6.10412 6.48904 6.23810 6.81459 6.94716 6.91834 7.21853 7.26470 7.25351 7.24779 7.24779 7.24779 7.24779 7.24779 6.80970 6.59905 6.59905 6.25857 6.36296 6.67048 6.85862 6.68395 6.55088 8.13998 8.16383 8.08141 8.01056 7.93959 7.92598 7.95817 7.09366 6.85475 6.85475 6.61507 5.94067 5.87110 5.86866 5.72277 5.30061 5.04632 4.97980 4.79718 4.14041
6.26739 6.27036 6.47513 6.80057 7.12613 7.43372 7.50620 7.50620 4.93015 4.80311 4.74267 4.78626 5.71755 5.74931 5.74946 5.74946 5.74946 5.74946 5.74946 5.74946 5.75603 5.79908 6.03276 6.66097 6.25470 6.51064 6.70178 6.65434 6.99011 7.24779 7.24779 7.24779 7.24779 7.24779 7.24779 7.24779 6.94048 6.59905 6.59905 6.35092 6.31043 6.53466 6.87965 6.85727 6.62491 7.43766 7.88059 7.86507 7.83816 7.81125 7.78435 7.75741 7.20639 6.59261 6.53717 6.38583 5.99687 5.95114 5.94414 5.84322 5.33950 4.99731 4.95699 4.82802 4.23157
7.06282 7.38541 7.50620 7.50620 7.50620 7.54460 7.97277 8.50275 5.09439 4.91591 4.78672 4.78672 5.57177 5.74946 5.75693 5.80054 5.84894 5.89736 5.94567 5.98479 5.95928 5.88775 5.84087 6.46843 6.29710 6.18491 6.61545 6.62212 6.76217 7.19550 7.18528 7.17472 7.16456 7.15249 7.13633 7.11995 6.93526 6.49756 6.57684 6.49475 6.31636 6.60639 6.70289 6.66573 6.30186 6.69695 7.48023 7.47313 7.46601 7.46808 7.51326 7.56375 7.38770 6.20349 6.19425 6.17255 5.86106 5.77545 5.77545 5.76916 5.31672 4.90574 4.89593 4.84744 4.46614
7.50620 7.62460 8.12594 8.65547 9.18567 9.67725 9.77883 9.77883 5.27437 4.94633 4.90193 4.96098 5.49979 5.81980 5.85050 5.84135 5.77283 5.68537 5.59807 5.51997 5.49987 5.48956 5.47967 6.03137 6.14970 5.77277 6.21574 6.33647 6.33927 6.87416 6.91221 6.90263 6.91528 6.99698 7.12109 7.25603 7.35832 6.91113 6.93069 6.86028 6.29907 6.56492 6.56492 6.56492 6.32313 6.28245 7.44972 7.52394 7.58170 7.63028 7.63576 7.63576 7.63547 6.39087 6.18030 6.18030 5.99245 5.77085 5.77545 5.77545 5.41698 4.97438 4.89787 4.85102 4.68245
9.33862 9.74997 9.77883 9.77883 9.96447 10.3221 10.6798 11.0375 5.46987 4.94668 5.06767 5.12671 5.33618 5.64313 5.60061 5.56184 5.57775 5.61238 5.64707 5.68170 5.71636 5.75095 5.78521 5.96987 6.19435 5.70667 6.03628 6.31847 6.38131 6.87141 7.24387 7.39164 7.51675 7.55658 7.55985 7.55985 7.55985 7.01489 6.93069 6.93069 6.33580 6.53581 6.61720 6.67495 6.60197 6.40705 7.34674 7.63576 7.63576 7.63576 7.63576 7.63576 7.63576 6.84105 6.18030 6.18030 6.07928 5.82116 5.77545 5.77545 5.51185 5.05882 4.83397 4.66491 4.49948
