High_resolution/powerplant/Chizhou/OMI_NO2_200908.asc
ncols      200
nrows      200
xllcorner       115.585
yllcorner       28.7700
cellsize     0.0166667
NODATA_Value      -999.000
[rows 30 to 59 of 190, columns 66 to 131 of 200]
2.43735 2.43735 2.37730 2.74681 3.04206 3.04206 3.03080 2.98303 2.94485 2.91590 2.89319 2.87649 2.87385 2.87385 2.86772 2.80324 2.72420 2.64516 2.56612 2.52550 2.43543 2.45037 3.02952 2.75942 2.75480 2.75480 2.75480 2.75480 2.75480 2.75480 2.75480 2.75480 2.75480 2.75480 2.75480 2.75480 2.76155 2.80240 2.80240 2.80240 2.80240 2.34924 4.77867 5.61611 5.61611 5.61611 5.61117 5.56232 5.50323 5.42943 5.31527 5.19856 5.10673 6.40245 6.71044 6.71044 6.71044 6.71044 6.71044 6.71044 6.69450 6.33894 6.33075 6.33075 6.33075 6.33075
2.43735 2.44495 2.47382 2.56148 2.91182 2.88993 2.87517 2.87385 2.87385 2.87385 2.84853 2.77102 2.69201 2.61294 2.54003 2.52550 2.52550 2.52550 2.52550 2.52550 2.46903 2.41011 2.92157 2.83317 2.75480 2.75480 2.75480 2.75480 2.75480 2.75480 2.75480 2.75480 2.75480 2.75480 2.75480 2.75480 2.75480 2.79544 2.80240 2.80240 2.80240 2.55829 3.55877 5.47423 5.41024 5.30383 5.19210 5.12415 5.06665 5.02357 5.02114 5.02114 5.02114 5.81296 6.71044 6.71044 6.71044 6.71044 6.71044 6.71044 6.71044 6.47350 6.31771 6.17578 6.00069 5.82574
2.56939 2.59327 2.59473 2.54650 2.87385 2.87215 2.81787 2.73880 2.65979 2.58079 2.52704 2.52550 2.52550 2.52550 2.52550 2.52550 2.52550 2.52550 2.52550 2.52550 2.50263 2.41011 2.73351 2.93009 2.75480 2.75480 2.75480 2.75480 2.75480 2.75480 2.75480 2.75480 2.75480 2.75480 2.75480 2.75518 2.76053 2.72748 2.62504 2.47814 2.36279 2.28967 2.26640 5.03745 5.03137 5.02114 5.02114 5.02114 5.02114 5.02114 5.02114 5.02114 5.02114 5.37772 6.71044 6.71044 6.71044 6.71044 6.71018 6.66025 6.57277 6.30086 5.71833 5.68528 5.68528 5.68528
2.59473 2.56068 2.35423 2.12164 2.57738 2.55027 2.52550 2.52550 2.52550 2.52550 2.52550 2.52550 2.52550 2.52550 2.52550 2.52550 2.52550 2.52550 2.52550 2.52550 2.52495 2.42137 2.49690 3.02313 2.75502 2.75480 2.75480 2.75480 2.75480 2.75480 2.75630 2.76278 2.76965 2.77654 2.74011 2.65183 2.64072 2.55223 2.33160 2.41834 2.47382 2.47382 2.34220 4.47499 5.02114 5.02114 5.02114 5.02114 5.02114 5.02114 5.02114 5.02114 5.02114 5.06321 6.62597 6.68507 6.60007 6.51254 6.42524 6.38771 6.38771 6.32413 5.68528 5.68528 5.68528 5.68528
1.83082 1.63460 1.61069 1.61794 2.29021 2.52550 2.52550 2.52550 2.52550 2.52550 2.52550 2.52550 2.52550 2.52550 2.52550 2.52550 2.52550 2.52550 2.52550 2.52550 2.52550 2.45442 2.41011 2.96280 2.80999 2.75815 2.76503 2.77192 2.77879 2.77579 2.68864 2.64113 2.64030 2.63962 2.68215 2.77610 2.78793 2.77781 2.48620 2.47382 2.47382 2.47382 2.40441 3.62350 5.02114 5.02114 5.02114 5.02114 5.02114 5.02114 5.02114 5.01524 4.96576 4.90741 5.86087 6.39019 6.38771 6.38771 6.38771 6.38771 6.38771 6.38760 5.85314 5.68528 5.68528 5.68528
1.61069 1.61069 1.61069 1.61069 2.02250 2.52550 2.52550 2.52550 2.52550 2.52550 2.52550 2.52550 2.52550 2.52550 2.52550 2.52550 2.52550 2.52550 2.52550 2.52229 2.44766 2.36376 2.43916 2.81771 2.93990 2.74015 2.64959 2.64076 2.63993 2.64898 2.74080 2.78793 2.78793 2.78793 2.78793 2.78793 2.78793 2.78793 2.56608 2.47382 2.47382 2.47382 2.45338 2.68257 4.97030 5.02114 5.02114 5.02058 4.98396 4.92559 4.86729 4.81483 4.80598 4.80598 5.34449 6.38771 6.38771 6.38771 6.38771 6.38771 6.38771 6.37490 6.01461 5.68528 5.68528 5.68528
1.61069 1.61069 1.61069 1.61069 1.75900 2.51403 2.52550 2.52550 2.52550 2.52550 2.52550 2.52550 2.52550 2.52550 2.51694 2.43137 2.32754 2.22366 2.11988 2.01922 1.99003 2.01660 2.50722 2.67715 2.77465 2.68999 2.77978 2.78793 2.78793 2.78793 2.78793 2.78793 2.78793 2.78793 2.78793 2.78793 2.78793 2.78793 2.65600 2.47382 2.47382 2.47382 2.47382 2.32385 4.58169 4.94379 4.88546 4.82767 4.80598 4.80598 4.80598 4.80598 4.80598 4.80598 4.97599 6.38771 6.38743 6.27961 6.08315 5.88650 5.69013 5.50629 5.49927 5.68528 5.68528 5.68528
1.61069 1.61069 1.61069 1.61069 1.62838 2.36970 2.52550 2.52550 2.52550 2.50901 2.41504 2.31121 2.20738 2.10361 2.00824 1.99003 1.99003 2.00083 2.07983 2.17075 2.26166 2.35234 2.74442 2.86633 2.86585 2.79611 2.78793 2.78793 2.78793 2.78793 2.78793 2.78793 2.78793 2.78793 2.78793 2.78793 2.78793 2.78793 2.74605 2.47389 2.47382 2.47382 2.47382 2.38710 3.70096 4.80598 4.80598 4.80598 4.80598 4.81349 4.96293 5.18847 5.40404 5.53557 5.68369 5.75113 5.55494 5.46620 5.46620 5.46620 5.46620 5.46620 5.46848 5.66060 5.68528 5.68528
1.61069 1.61069 1.61069 1.61069 1.63731 2.13456 2.29493 2.19105 2.08727 1.99989 1.99003 1.99003 1.99003 2.02687 2.11742 2.20826 2.29922 2.37934 2.39126 2.39126 2.39126 2.39126 2.60627 2.86633 2.86627 2.81976 2.78793 2.78793 2.78793 2.78793 2.78793 2.78793 2.78793 2.78793 2.78793 2.78793 2.78793 2.78793 2.78793 2.52185 2.47382 2.47382 2.47382 2.43963 2.89346 5.04314 5.31456 5.57630 5.74992 5.90832 5.81223 5.61585 5.47284 5.46620 5.46620 5.46620 5.46620 5.46620 5.46620 5.46620 5.46620 5.46620 5.46620 5.57403 5.68528 5.62742
1.74819 1.86522 1.98224 2.09927 2.18967 2.24626 1.99003 1.99003 1.99453 2.06402 2.15494 2.24586 2.33677 2.39082 2.39126 2.39126 2.39126 2.39126 2.39126 2.39126 2.39126 2.39126 2.46827 2.86633 2.86630 2.84387 2.78793 2.78793 2.78793 2.78793 2.78793 2.78793 2.78793 2.78793 2.78793 2.78793 2.78793 2.78793 2.78870 2.64758 2.57465 2.64098 2.70784 2.91789 3.57096 5.90021 5.67695 5.49827 5.46620 5.46620 5.46620 5.46620 5.46620 5.46620 5.46620 5.46620 5.46620 5.46620 5.46620 5.46620 5.46620 5.45948 5.33980 5.16556 4.79361 4.53209
2.19581 2.19581 2.19581 2.19581 2.19260 2.21374 2.26066 2.28341 2.36987 2.39126 2.39126 2.39126 2.39126 2.39126 2.39126 2.39126 2.39126 2.39126 2.39126 2.39126 2.39126 2.39126 2.39150 2.80497 2.86632 2.86395 2.79182 2.78793 2.78793 2.78793 2.78793 2.78793 2.78793 2.79180 2.81305 2.83642 2.85979 2.88376 2.93464 3.10027 3.51847 3.99499 4.40117 4.56488 4.56488 5.12872 5.46620 5.46620 5.46620 5.46620 5.46620 5.46620 5.46620 5.46620 5.46620 5.46620 5.46620 5.46620 5.38960 5.22979 5.07010 4.91707 4.87694 4.86319 4.51726 4.50675
2.18941 2.17533 2.16123 2.14714 2.13625 2.13551 2.44637 2.39126 2.39126 2.39126 2.39126 2.39126 2.39126 2.39126 2.39126 2.39126 2.39126 2.39126 2.39126 2.39126 2.39126 2.39126 2.39126 2.66718 2.86633 2.86626 2.81371 2.78793 2.79723 2.82047 2.84385 2.86723 2.89083 2.91493 3.01130 3.18042 3.38477 3.59703 3.74649 3.77334 4.49950 4.56488 4.56488 4.56488 4.56488 4.81345 5.44899 5.46620 5.46620 5.46620 5.46620 5.46620 5.46620 5.46620 5.43049 5.27946 5.11974 4.96002 4.87694 4.87694 4.87694 4.87694 4.87694 4.87694 4.65202 4.50675
2.13552 2.13551 2.13551 2.13551 2.13551 2.13551 2.35704 2.39126 2.39126 2.39126 2.39126 2.39126 2.39126 2.39126 2.39126 2.39126 2.39126 2.39126 2.39126 2.39126 2.39126 2.39126 2.39107 2.53014 2.92628 2.94833 2.92448 2.89801 2.91407 2.95043 3.09995 3.28716 3.50614 3.69420 3.76127 3.76127 3.76127 3.76127 3.76127 3.76127 4.19465 4.56488 4.56488 4.56488 4.56488 4.61481 5.38973 5.46620 5.46620 5.46620 5.45601 5.32914 5.16945 5.00970 4.88572 4.87694 4.87694 4.87694 4.87694 4.87694 4.87694 4.87694 4.87694 4.87694 4.75097 4.30420
2.13551 2.13551 2.13551 2.13551 2.13551 2.13551 2.24408 2.41482 2.39126 2.39126 2.39126 2.39126 2.39126 2.39126 2.39126 2.39126 2.39126 2.39053 2.38129 2.36961 2.35791 2.34622 2.33473 2.35692 3.02648 3.04103 2.99931 3.39752 3.61342 3.75235 3.76127 3.76127 3.76127 3.76127 3.76127 3.76127 3.76127 3.76127 3.76127 3.76127 3.97123 4.56488 4.56488 4.56488 4.56488 4.56488 5.17012 5.37887 5.21912 5.05937 4.90982 4.87694 4.87694 4.87694 4.87694 4.87694 4.87694 4.87694 4.87694 4.87588 4.75392 4.54864 4.34364 4.13846 3.94225 3.86332
2.13551 2.13551 2.13551 2.13551 2.13551 2.13551 2.13551 2.43406 2.39126 2.39126 2.39126 2.39126 2.38966 2.37931 2.36761 2.35592 2.34424 2.33327 2.33083 2.33083 2.31441 2.21592 2.07783 1.89158 2.58329 2.95767 2.95767 3.64589 3.76127 3.76127 3.76127 3.76127 3.76127 3.76127 3.76127 3.76127 3.76127 3.76127 3.76127 3.76127 3.81622 4.56423 4.56488 4.56488 4.56488 4.56488 4.87175 4.90987 4.87694 4.87694 4.87694 4.87694 4.87313 4.73263 4.54981 4.34145 4.05987 4.29156 4.20069 3.99666 3.91362 3.91362 3.91362 3.91362 3.91362 3.87054
2.13551 2.13551 2.13551 2.13551 2.13551 2.13551 2.13551 2.33181 2.37731 2.36562 2.35393 2.34224 2.33215 2.33083 2.33083 2.33083 2.28094 2.16266 2.00693 1.79294 1.54430 1.51384 1.51384 1.51384 2.12119 2.95767 2.95767 3.44992 3.76127 3.76127 3.76127 3.76127 3.76127 3.76127 3.76127 3.76127 3.76127 3.76127 3.76127 3.76127 3.76127 4.34487 4.56488 4.56488 4.56488 4.56488 4.66414 4.93076 4.63842 4.46910 4.30476 4.05078 3.81177 3.64691 3.51012 3.41674 3.41392 3.65936 3.91362 3.91362 3.91362 3.91362 3.91362 3.91362 3.91362 3.88555
2.13551 2.13551 2.10470 1.97985 1.84850 1.71715 1.58580 1.67112 2.33072 2.33083 2.33083 2.32228 2.23503 2.10294 1.92615 1.67735 1.51384 1.51384 1.51384 1.51384 1.51384 1.51384 1.51384 1.51384 1.70354 2.95723 2.95767 3.14883 3.76103 3.76127 3.76127 3.76127 3.76127 3.76127 3.76127 3.76127 3.76127 3.76127 3.76127 3.76127 3.76127 4.06622 4.32833 4.06167 3.86033 3.70161 3.50422 3.54745 3.68834 3.55174 3.43151 3.41392 3.41392 3.41392 3.41392 3.41392 3.41392 3.52876 3.91362 3.91362 3.91362 3.91362 3.91362 3.91362 3.92746 3.99778
1.71715 1.58580 1.48525 1.47875 1.47875 1.47875 1.47875 1.48282 2.12654 2.03558 1.83295 1.57229 1.51384 1.51384 1.51384 1.51384 1.51384 1.51384 1.51384 1.51384 1.51384 1.51384 1.51384 1.51384 1.51384 2.72853 2.95767 2.95767 3.68513 3.76127 3.76127 3.76127 3.76127 3.76127 3.76127 3.76127 3.76337 3.77724 3.79296 3.80868 3.82443 3.72367 3.36687 3.26309 3.15922 3.05638 3.01819 2.93690 3.34284 3.41392 3.41392 3.41392 3.41392 3.41392 3.41392 3.41392 3.41392 3.43086 3.89650 3.91362 3.91619 3.98196 4.07505 4.16814 4.24736 4.25599
1.47875 1.47875 1.47873 1.47442 1.46529 1.45310 1.43599 1.42006 1.46910 1.51384 1.51384 1.51384 1.51384 1.51384 1.51384 1.51384 1.51384 1.51384 1.51384 1.51384 1.51384 1.51384 1.51384 1.51384 1.51384 2.31025 2.95767 2.95767 3.50750 3.76127 3.76127 3.76687 3.78243 3.79814 3.81385 3.82958 3.84069 3.77005 3.66618 3.56235 3.45848 3.36920 3.03439 3.01819 3.01819 3.01819 3.01819 2.98237 3.18317 3.41392 3.41392 3.41392 3.41392 3.41392 3.41392 3.41392 3.41392 3.44045 3.86130 4.13929 4.22974 4.25701 4.25701 4.25701 4.25701 4.25701
1.46235 1.44907 1.43018 1.41957 1.41957 1.41957 1.41957 1.41957 1.44153 1.51384 1.51384 1.51384 1.51384 1.51384 1.51384 1.51384 1.51384 1.51384 1.51384 1.51384 1.51384 1.51384 1.51384 1.51384 1.51384 1.89208 2.97883 3.01026 3.30860 3.81904 3.83475 3.84488 3.81489 3.71394 3.61007 3.50624 3.40491 3.37356 3.37356 3.37356 3.37356 3.37356 3.12643 3.01819 3.01819 3.01819 3.01819 3.01629 2.98436 3.41337 3.41392 3.41392 3.41392 3.42564 3.48308 3.54512 3.60718 3.64266 3.86650 4.25701 4.25701 4.25701 4.25701 4.25701 4.25701 4.25701
1.41957 1.41957 1.41957 1.41957 1.41957 1.41957 1.41957 1.41957 1.42079 1.50701 1.51384 1.51384 1.51384 1.51384 1.51384 1.51384 1.51384 1.51384 1.51384 1.51384 1.50251 1.34393 1.14099 0.938054 0.734694 0.597751 2.98931 3.12526 3.13342 3.64032 3.55401 3.45013 3.37644 3.37356 3.37356 3.37356 3.37356 3.37356 3.37356 3.37356 3.37356 3.37356 3.22835 3.01819 3.01819 3.01819 3.01819 3.01819 2.92246 3.33778 3.46385 3.52589 3.58792 3.63824 3.64284 3.64284 3.64284 3.64284 3.72115 4.25701 4.25701 4.31731 4.65979 5.02761 5.36604 5.66056
1.41957 1.41957 1.41957 1.41957 1.41957 1.41957 1.41957 1.41957 1.41957 1.48066 1.51384 1.51384 1.51384 1.51384 1.51384 1.48856 1.31079 1.10785 0.904493 0.701553 0.509939 0.465052 0.465052 0.465052 0.465052 0.465052 2.28242 3.12526 3.12526 3.31133 3.37356 3.37356 3.37356 3.37356 3.37356 3.37356 3.37356 3.37356 3.37356 3.37356 3.37356 3.37356 3.32984 3.01847 3.01819 3.01819 3.01819 3.01819 2.96784 3.29717 3.64284 3.64284 3.64284 3.64284 3.64284 3.64336 3.69925 3.79247 3.90527 5.32039 5.78573 6.00066 6.06883 6.08645 6.08645 6.08645
1.41957 1.41957 1.41957 1.41957 1.41957 1.41957 1.41957 1.41957 1.41957 1.45309 1.46916 1.27755 1.07440 0.871351 0.668306 0.490327 0.465052 0.465052 0.465052 0.465052 0.465052 0.465052 0.465052 0.465052 0.465052 0.465052 1.51301 3.12526 3.12526 3.23785 3.37356 3.37356 3.37356 3.37356 3.37356 3.37356 3.37356 3.37356 3.37356 3.37356 3.37356 3.37356 3.37356 3.07657 3.01819 3.01819 3.01819 3.01819 3.00978 3.00606 3.65725 3.74478 3.83815 3.93872 4.07666 4.21909 4.30636 4.35603 4.38780 5.43082 6.08645 6.08645 6.08645 6.08645 6.08645 6.08645
1.41957 1.41957 1.41957 1.41957 1.41957 1.37388 1.18358 0.982727 0.781877 0.585377 0.475897 0.465052 0.465052 0.465052 0.465052 0.465052 0.465052 0.465052 0.465052 0.465052 0.465052 0.465052 0.465052 0.465052 0.465052 0.465052 0.750521 3.11782 3.12526 3.14075 3.36788 3.37356 3.37356 3.37356 3.37356 3.37356 3.37356 3.37356 3.37356 3.37356 3.37356 3.37356 3.37356 3.17842 3.01857 3.09933 3.23916 3.37968 3.52028 3.59700 4.15847 4.29104 4.34069 4.38308 4.38836 4.38836 4.38836 4.38836 4.38836 4.94992 6.08645 6.08645 6.08645 6.08645 6.08645 6.08645
1.37388 1.18358 0.982727 0.781877 0.581028 0.425872 0.415327 0.415327 0.415327 0.415327 0.453645 0.465052 0.465052 0.465052 0.465052 0.465052 0.465052 0.465052 0.465052 0.465052 0.465052 0.465052 0.465052 0.465052 0.465052 0.465052 0.465052 2.63414 3.12526 3.12526 3.32653 3.37356 3.37356 3.37356 3.37356 3.37356 3.37356 3.37356 3.37356 3.37504 3.38801 3.40342 3.41880 3.46972 3.73755 3.83097 3.86574 3.90051 3.93454 3.96271 4.20511 4.38836 4.38836 4.38836 4.38836 4.38836 4.38836 4.38836 4.38836 4.49534 6.05996 6.08645 6.08645 6.09517 6.17147 6.27880
0.425872 0.415327 0.415327 0.415327 0.415327 0.415327 0.415327 0.415327 0.415327 0.415327 0.439095 0.465052 0.465052 0.465052 0.465052 0.465052 0.465052 0.465052 0.465052 0.465052 0.465052 0.465052 0.465052 0.465052 0.465052 0.465052 0.465052 1.86432 3.12526 3.12526 3.26088 3.37356 3.37356 3.37356 3.37799 3.39298 3.40837 3.42377 3.43918 3.45465 3.48332 3.51811 3.55289 3.59613 3.92866 3.94537 3.94537 3.94537 3.94537 3.95050 4.04968 4.38683 4.38836 4.38836 4.38836 4.38836 4.38836 4.38836 4.38836 4.38750 5.71640 6.24321 6.36786 6.50723 6.53292 6.53292
0.415327 0.415327 0.415327 0.415327 0.415327 0.415327 0.415327 0.415327 0.415327 0.415327 0.424556 0.465052 0.465052 0.465052 0.465052 0.465052 0.465052 0.465052 0.465052 0.465052 0.465052 0.465052 0.465052 0.465052 0.465052 0.465052 0.465052 1.09499 3.12536 3.14320 3.20764 3.41214 3.42874 3.44413 3.45510 3.46786 3.50226 3.53703 3.57181 3.60505 3.61358 3.61358 3.61358 3.61358 3.84344 3.94537 3.94537 3.94537 3.94537 3.94537 3.97862 4.32078 4.38836 4.38836 4.38836 4.38836 4.36157 4.27704 4.17209 4.04164 5.21019 6.53292 6.53292 6.53292 6.53292 6.53292
0.415327 0.415327 0.415327 0.415327 0.415327 0.415327 0.415327 0.415327 0.415327 0.415327 0.415456 0.459607 0.465052 0.465052 0.465052 0.465052 0.465052 0.465052 0.465052 0.465052 0.465052 0.465052 0.465052 0.473496 0.631088 0.842857 1.05484 1.30308 3.16100 3.28922 3.29787 3.47024 3.52116 3.55596 3.59073 3.61317 3.61358 3.61358 3.61358 3.61358 3.61358 3.61358 3.61358 3.61358 3.74885 3.94537 3.94537 3.94537 3.94537 3.94537 3.96637 4.19945 4.37781 4.30528 4.20700 4.08423 3.98777 3.98578 3.98578 3.98578 4.48858 6.53292 6.53292 6.53292 6.55033 6.76093
0.415327 0.415327 0.415327 0.415327 0.415327 0.415327 0.415327 0.415327 0.415327 0.415327 0.415327 0.445197 0.465052 0.465052 0.465052 0.465052 0.465052 0.465052 0.487204 0.667937 0.879705 1.09191 1.30368 1.50722 1.56173 1.56173 1.71175 2.08098 3.09864 3.53568 3.57150 3.59441 3.61358 3.61358 3.61358 3.61358 3.61358 3.61358 3.61358 3.61358 3.61358 3.61358 3.61358 3.61358 3.65456 3.94513 3.94537 3.94537 3.94537 3.94537 3.95412 4.00736 4.00315 3.98578 3.98578 3.98578 3.98578 3.98578 3.98578 4.02900 4.13467 7.01604 8.03433 8.95099 10.1474 11.4380
0.415327 0.415327 0.415327 0.415327 0.415327 0.415327 0.415327 0.415327 0.415327 0.415327 0.415327 0.430647 0.465052 0.507274 0.704676 0.916883 1.12876 1.34053 1.53058 1.56173 1.56173 1.57229 1.87784 2.20296 2.43657 2.61287 2.71140 2.71447 3.03508 3.57821 3.57821 3.58363 3.61358 3.61358 3.61358 3.61358 3.61358 3.61358 3.61358 3.61358 3.61358 3.61358 3.61358 3.61358 3.61358 3.89135 3.94537 3.94537 3.94537 3.94537 3.94565 3.98200 3.98578 3.99614 4.07541 4.16732 4.26410 4.39530 4.56540 4.72526 4.85890 9.35581 11.9247 11.9247 11.9247 11.9247
