High_resolution/powerplant/Chizhou/OMI_NO2_200610.asc
ncols      200
nrows      200
xllcorner       115.585
yllcorner       28.7700
cellsize     0.0166667
NODATA_Value      -999.000
[rows 29 to 57 of 175, columns 0 to 66 of 200]
7.28138 7.06316 7.71898 8.03188 8.20548 8.20548 8.20548 8.20302 8.15126 8.15174 8.15301 8.17227 9.13834 9.58235 10.0116 9.46098 9.45887 9.45676 9.43815 9.84013 10.5094 10.2987 10.1487 10.1426 0.492170 0.492170 0.498728 1.07554 1.24633 1.86775 1.86836 1.86836 1.86836 1.86836 1.86836 1.86836 2.04154 2.31520 2.30785 2.30132 2.29549 2.29290 2.28640 2.36405 2.35311 2.31831 2.29873 2.28098 2.26396 2.24389 2.24176 2.40914 2.38092 2.35726 2.34464 2.41104 2.44798 2.59210 2.74738 2.75243 2.75766 2.76304 2.76859 2.77432 2.78024 2.78635 2.79267
7.29741 6.99471 7.60842 7.84512 8.20592 8.19434 8.17995 8.16555 8.10493 8.07887 8.06322 8.05200 8.76152 9.40030 10.1984 9.35683 9.16914 8.99360 8.83534 8.95731 10.0782 9.91124 9.72426 9.51565 0.492170 0.492170 0.492170 0.974318 1.10271 1.76732 1.86836 1.87035 1.88032 1.88996 1.90622 1.94070 1.99671 2.29394 2.29643 2.29095 2.24791 2.15454 2.00713 1.94109 1.89204 2.09844 2.11972 2.10146 2.08556 2.07907 2.07330 2.24989 2.28183 2.25368 2.25368 2.32814 2.44582 2.52913 2.79588 2.79588 2.79588 2.79588 2.79588 2.79588 2.79588 2.79588 2.79588
7.10113 6.91913 7.24500 7.62060 8.05270 8.09907 8.09907 8.09907 8.06574 8.04324 8.04324 7.99934 8.21172 8.99682 9.66116 9.03443 8.70884 8.51023 8.29387 8.05738 9.05609 9.31940 9.22844 9.13440 0.492170 0.492170 0.503508 0.966570 1.26971 1.67594 1.93119 1.93249 1.92863 1.92452 1.92179 1.94952 1.92695 1.99710 1.92757 1.85380 1.80573 1.80219 1.77635 1.69722 1.73927 1.91814 2.06026 2.06026 2.06026 2.06026 2.06026 2.16935 2.29152 2.25436 2.25368 2.28825 2.44582 2.45363 2.78023 2.79588 2.79588 2.79588 2.79588 2.79443 2.77920 2.76052 2.73880
6.83829 6.82691 6.89599 7.59737 7.89330 8.09907 8.09907 8.08253 7.94583 7.77485 7.63469 7.53770 7.52147 8.47104 8.98086 8.57860 7.80176 7.78123 7.70466 7.61588 8.17108 8.79017 8.77030 8.75334 1.23064 1.34872 1.43871 1.47707 1.52941 1.60988 1.90174 1.90080 1.87515 1.81549 1.75565 1.71741 1.68587 1.76433 1.80219 1.80219 1.80219 1.80219 1.80118 1.69185 1.73927 1.80492 2.06026 2.06026 2.06026 2.06026 2.06026 2.09610 2.29417 2.26372 2.25368 2.25722 2.43765 2.44582 2.69562 2.77948 2.76089 2.74231 2.72285 2.67614 2.60883 2.48907 2.32800
6.55564 6.52659 6.40412 7.14697 7.28828 7.55642 7.40335 7.26552 7.20573 7.25628 7.18009 7.03694 6.89237 7.31910 7.84308 7.94398 7.42602 7.35780 7.34568 7.34568 7.60269 8.64792 8.64792 8.64792 1.46635 1.46635 1.46635 1.46602 1.51857 1.52637 1.72831 1.68775 1.65359 1.65344 1.65344 1.66570 1.68456 1.73718 1.80219 1.80219 1.80219 1.80219 1.80219 1.71406 1.73469 1.73927 2.01735 2.06026 2.06026 2.06026 2.06026 2.06026 2.25669 2.27473 2.24084 2.22599 2.34158 2.37389 2.51657 2.68217 2.60885 2.48720 2.31860 2.16834 2.07192 2.06783 2.06783
6.31293 6.31293 6.25530 6.42482 6.53651 7.00286 6.89167 6.70041 6.55806 6.59407 6.47228 6.37758 6.33052 6.56278 7.25276 7.76769 7.38782 7.34568 7.34568 7.34568 7.36350 8.52975 8.64792 8.64792 1.46635 1.46635 1.46635 1.46635 1.50677 1.52609 1.60215 1.65344 1.65344 1.65344 1.65344 1.65659 1.68441 1.71003 1.80219 1.80219 1.80219 1.80219 1.80219 1.74796 1.71600 1.73927 1.91950 2.06026 2.05938 2.02931 1.98493 1.94052 2.01933 2.10448 2.17944 2.15852 2.12014 2.01532 1.86078 2.13364 2.06783 2.06706 2.04468 2.00852 1.96651 1.91676 1.85743
5.94720 5.89990 5.62186 5.36758 5.63733 5.96464 6.27056 6.22971 6.18267 6.25505 6.26644 6.26554 6.26554 6.34652 7.11981 7.77195 7.53000 7.37451 7.38870 7.40289 7.41213 8.13054 8.61880 8.59150 1.46635 1.46635 1.46635 1.46635 1.49102 1.52609 1.55994 1.65344 1.65344 1.65344 1.65344 1.65344 1.67815 1.68717 1.79791 1.80219 1.80219 1.80219 1.80219 1.78278 1.67195 1.65398 1.67171 1.90330 1.85978 1.84552 1.84552 1.83901 1.83623 1.75375 1.64999 1.43962 1.37972 1.33081 1.32428 1.78176 1.74971 1.65252 1.61764 1.61764 1.61764 1.61764 1.61764
4.68136 5.05505 5.05491 4.95041 5.42543 5.66042 6.10906 6.10294 6.10294 6.18722 6.26577 6.27198 6.28085 6.28973 6.93794 7.74373 7.65693 7.34821 7.32638 7.30452 7.28270 7.60915 8.43944 8.42156 1.46635 1.46635 1.46635 1.46635 1.46941 1.52544 1.52715 1.64304 1.65344 1.65344 1.65344 1.65344 1.66882 1.68456 1.77337 1.78512 1.74112 1.69671 1.65233 1.60795 1.47381 1.47084 1.47089 1.80019 1.82127 1.77357 1.71993 1.66911 1.65628 1.25236 1.27680 1.34762 1.34364 1.27832 1.26978 1.40937 1.51034 1.48100 1.45458 1.43089 1.40939 1.38972 1.37185
4.39821 5.05505 5.05505 4.98652 5.23964 5.51529 6.03618 6.11554 6.12150 6.17459 6.29153 6.28914 6.28410 6.27906 6.65202 7.48356 7.66979 7.26533 7.25002 7.23570 7.22140 7.26780 8.36469 8.39446 1.46635 1.46635 1.46635 1.46635 1.46597 1.51438 1.52609 1.60777 1.65344 1.65344 1.63898 1.57274 1.51593 1.54185 1.55912 1.58777 1.58659 1.58130 1.57506 1.58428 1.53856 1.55452 1.59853 1.63629 1.62931 1.62547 1.62161 1.61776 1.61390 1.36495 1.17423 1.29039 1.28525 1.19217 1.17629 1.21458 1.29440 1.29440 1.29440 1.29440 1.29440 1.29440 1.29440
4.05596 4.95288 4.93016 4.86835 4.98053 5.46866 5.80125 6.05440 6.05026 6.06258 6.20861 6.20677 6.20475 6.20268 6.38484 7.27639 7.67044 7.31861 7.20955 7.20955 7.20955 7.20955 8.03404 8.39446 1.46635 1.46635 1.46635 1.46635 1.46635 1.49573 1.45267 1.41444 1.44662 1.36644 1.29030 1.26342 1.24055 1.36485 1.41244 1.55090 1.59501 1.64579 1.69732 1.73076 1.66363 1.58693 1.59436 1.59436 1.59436 1.59436 1.59436 1.59436 1.59436 1.48893 1.11743 1.27149 1.27976 1.21464 1.17629 1.18954 1.29440 1.29440 1.29440 1.29440 1.29440 1.29440 1.29963
3.70673 4.42607 4.68476 4.68858 4.83779 5.33965 5.56515 6.03631 6.03631 6.03631 6.17566 6.18789 6.17895 6.17001 6.20200 7.05041 7.65402 7.44231 7.19953 7.19620 7.21262 7.29464 7.85845 8.71895 1.36335 1.25069 1.05279 0.855013 0.657048 0.720528 0.886463 0.845650 1.10607 1.10358 1.10116 1.13153 1.18443 1.34836 1.49173 1.72717 1.72849 1.72849 1.72849 1.72849 1.70922 1.58120 1.59436 1.59436 1.59436 1.59436 1.59436 1.59436 1.59436 1.58670 1.15249 1.22656 1.27976 1.23809 1.17629 1.17643 1.27731 1.29948 1.35051 1.41251 1.47452 1.53652 1.59344
3.68439 4.19150 4.75068 4.76188 4.88125 5.24169 5.53265 6.04269 6.11930 6.11876 6.13075 6.11686 6.09827 6.07963 6.01754 6.53474 7.41480 7.35092 7.30770 7.39827 7.46914 7.47435 7.62211 8.72546 0.467680 0.382421 0.382421 0.382421 0.382421 0.481075 0.747140 0.747140 1.05553 1.24460 1.29732 1.31991 1.31991 1.37543 1.50587 1.69178 1.72849 1.72849 1.72849 1.72849 1.72849 1.59811 1.59436 1.59436 1.59436 1.59436 1.59436 1.59436 1.59436 1.59436 1.31694 1.17727 1.28298 1.29852 1.25462 1.29596 1.44529 1.59325 1.60573 1.65237 1.71049 1.75825 1.79821
3.82356 4.04930 4.88966 4.88966 4.94900 5.13580 5.57563 5.87931 6.11614 6.02299 5.89842 5.77634 5.67297 5.59844 5.60754 6.02595 7.38269 7.47435 7.47435 7.47435 7.47435 7.47435 7.47435 8.49224 0.382421 0.382421 0.382421 0.382421 0.382421 0.388514 0.731949 0.747140 0.966655 1.31991 1.31991 1.31991 1.31991 1.32686 1.49895 1.64078 1.72849 1.72849 1.72849 1.72849 1.72849 1.63035 1.59334 1.59436 1.59436 1.59436 1.59436 1.59514 1.61361 1.64180 1.52770 1.15031 1.47748 1.48553 1.39612 1.44320 1.56690 1.76979 1.80733 1.81861 1.81861 1.81861 1.81861
3.76423 3.88894 4.75990 4.79911 4.62688 4.58913 4.94982 5.06966 5.56270 5.56431 5.61780 5.65198 5.71666 5.74688 5.74688 5.90985 7.14975 7.47435 7.47920 7.50262 7.52783 7.55301 7.57824 8.14821 0.382421 0.382421 0.382421 0.382421 0.382421 0.382421 0.666091 0.747140 0.777360 1.30290 1.31991 1.31991 1.31991 1.31991 1.45038 1.58972 1.72849 1.72849 1.72849 1.72849 1.72849 1.67130 1.58740 1.60921 1.63690 1.66788 1.70283 1.74118 1.75328 1.75328 1.70507 1.25395 1.56005 1.63961 1.62767 1.63604 1.68401 1.81861 1.81861 1.81861 1.81861 1.81861 1.81861
3.65465 3.81235 3.84675 3.78305 3.78293 3.93129 4.37889 4.76806 5.59475 5.78358 5.78492 5.74784 5.74688 5.74768 5.76125 5.79734 6.90752 7.57003 7.57157 7.53872 7.50190 7.46256 7.42073 7.64773 0.382421 0.382421 0.382421 0.382421 0.382421 0.382421 0.584153 0.747140 0.747140 1.17257 1.31991 1.31991 1.31991 1.31991 1.39492 1.53871 1.72849 1.72849 1.74210 1.77686 1.81582 1.84239 1.70190 1.75328 1.75328 1.75328 1.71520 1.61919 1.50717 1.34802 1.18222 1.55443 1.78855 1.90026 1.87072 1.81861 1.81861 1.81861 1.81908 1.83102 1.84778 1.86450 1.88122
3.56178 3.76066 3.78293 3.78293 3.78293 3.87276 4.09595 4.76625 5.31902 5.79466 5.81266 5.78709 5.75448 5.72823 5.68912 5.64565 6.26195 7.33364 7.31190 7.31190 7.32571 7.39695 7.47450 7.57069 0.382421 0.382421 0.382421 0.382421 0.382421 0.382421 0.483019 0.747140 0.747140 0.996803 1.31991 1.31991 1.31991 1.33493 1.41215 1.55761 1.82947 1.90071 1.93193 1.93224 1.93848 1.94743 1.77897 1.73686 1.61994 1.43931 1.28029 1.30269 1.31184 1.32093 1.33011 1.59420 1.83922 1.94739 1.95816 2.00779 2.02453 2.04125 2.05750 2.06230 2.06230 2.06230 2.06230
3.63774 3.78477 3.87232 3.87901 3.89179 3.93157 4.03158 4.64589 4.95677 5.75389 5.71521 5.66654 5.65320 5.65788 5.66261 5.66722 5.98111 7.31777 7.45028 7.52783 7.59157 7.59786 7.59786 7.59786 0.382421 0.382421 0.382421 0.382421 0.382421 0.382421 0.388947 0.732658 0.753153 0.868944 1.42802 1.49674 1.56532 1.65205 1.70052 1.79105 1.93604 1.96850 1.92953 1.86113 1.77917 1.68014 1.51527 1.38555 1.39568 1.40181 1.40195 1.40195 1.40195 1.40195 1.40195 1.46980 1.82367 1.95351 1.96769 2.06125 2.06230 2.06230 2.06230 2.06230 2.06230 2.06230 2.06230
3.89441 3.95940 3.90610 3.90474 3.89709 3.89051 3.92614 4.32966 4.73032 5.60060 5.75382 5.73991 5.71461 5.73556 5.77984 5.82414 5.97180 7.31295 7.59786 7.59786 7.59786 7.59786 7.58571 7.43753 0.406320 0.470499 0.535548 0.600726 0.735233 0.922702 1.11027 1.35920 1.53171 1.60313 1.88758 1.98339 2.00535 2.00370 1.96376 1.95532 1.86175 1.67031 1.62896 1.62896 1.62896 1.62896 1.57996 1.39140 1.40195 1.40195 1.40195 1.40195 1.40195 1.40195 1.40195 1.40195 1.76795 1.92237 1.96221 2.04406 2.06230 2.06230 2.06230 2.06230 2.06134 2.05104 2.03679
4.21489 4.18207 3.88954 3.87157 3.85063 3.82973 3.83193 3.94404 4.62466 5.17346 5.68711 5.70942 5.68624 5.68744 5.62820 5.56324 5.50179 6.41852 7.14557 7.06307 6.71140 6.27193 5.77189 5.44181 1.32682 1.45017 1.57283 1.69514 1.74828 1.74828 1.74828 1.69985 1.74537 1.74297 1.82416 1.89839 1.83439 1.76551 1.74537 1.75793 1.77625 1.62896 1.62896 1.62896 1.62896 1.62896 1.62330 1.40033 1.40195 1.40195 1.40195 1.40195 1.40195 1.40195 1.40195 1.40195 1.66453 1.88250 1.96221 2.02027 2.05131 2.03697 2.02036 2.00079 1.97932 1.96576 1.83240
3.87871 3.85777 3.56886 3.51046 3.51046 3.51046 3.52110 3.55194 4.36566 4.77807 5.59340 5.54329 5.42088 5.37144 5.36590 5.35647 5.16417 5.38101 5.88735 5.48856 5.43880 5.43880 5.43880 5.43880 1.74828 1.74828 1.74828 1.74828 1.74828 1.74295 1.69409 1.62229 1.65137 1.64247 1.64756 1.74464 1.74537 1.74537 1.74537 1.74576 1.80587 1.63480 1.62896 1.62896 1.62896 1.62896 1.62896 1.47911 1.40195 1.40195 1.40195 1.40195 1.40195 1.40195 1.40428 1.44342 1.55260 1.80493 1.86433 1.88583 1.97462 1.94493 1.78662 1.61347 1.44032 1.27610 1.23623
3.83485 3.83485 3.65203 3.51046 3.51046 3.49923 3.43678 3.40469 3.87126 4.37609 5.27460 5.44512 5.27069 4.97409 4.67781 4.36745 4.27775 4.49604 5.26207 5.43880 5.43880 5.42730 5.37712 5.32378 1.74828 1.74269 1.69335 1.64465 1.60520 1.57447 1.56901 1.56795 1.59993 1.63839 1.63839 1.71785 1.74537 1.74537 1.74537 1.74537 1.78616 1.67373 1.62896 1.62896 1.62896 1.62896 1.62896 1.53696 1.40098 1.40234 1.43596 1.47717 1.50735 1.53040 1.54795 1.55213 1.55213 1.71550 1.60354 1.43814 1.39454 1.25100 1.23623 1.23623 1.23623 1.23623 1.23623
3.83485 3.82303 3.66302 3.36464 3.29486 3.23604 3.22955 3.25665 3.41766 4.36550 4.62357 4.54904 4.32504 4.27775 4.27775 4.27775 4.27609 4.32581 5.05783 5.28660 5.23324 5.19149 5.18827 5.18827 1.60447 1.57419 1.56901 1.56901 1.56901 1.56901 1.56901 1.56901 1.57944 1.63839 1.63839 1.68242 1.74537 1.74537 1.74537 1.74537 1.76488 1.71775 1.62896 1.62896 1.62896 1.63121 1.63565 1.60771 1.50691 1.54584 1.55213 1.55213 1.55213 1.69589 1.94306 2.14466 2.31189 1.83472 1.22006 1.08629 1.22266 1.23623 1.23623 1.23623 1.23623 1.23623 1.23623
3.61785 3.55984 3.53802 3.23630 3.22955 3.22955 3.22955 3.24413 3.27103 4.15566 4.37017 4.37013 4.32995 4.23639 4.21166 4.20448 4.20315 4.22173 4.77309 5.17028 5.18827 5.18827 5.18827 5.03446 1.56901 1.56901 1.56901 1.56901 1.56901 1.56901 1.56901 1.56901 1.55467 1.63803 1.63839 1.65162 1.74536 1.74537 1.74537 1.74537 1.74508 1.75429 1.63899 1.64254 1.64572 1.64729 1.64730 1.63826 1.52598 1.73533 1.97518 2.17105 2.33403 2.40680 2.39805 2.38207 2.36605 2.12838 1.19319 0.953015 1.07496 1.13361 1.12102 1.10842 1.09587 1.08331 1.07072
3.54698 3.54218 3.53749 3.28612 3.20370 3.19888 3.19420 3.18642 3.20211 3.73151 4.29886 4.29199 4.29370 4.22742 4.24478 4.24502 4.24112 4.23710 4.58745 5.00180 4.70845 4.13795 3.42554 2.86136 1.56845 1.56901 1.56901 1.56901 1.56901 1.56901 1.56901 1.56901 1.55391 1.62018 1.63839 1.63749 1.71434 1.72494 1.71454 1.70415 1.69137 1.71449 1.59683 1.60179 1.61349 1.72594 1.86122 1.98871 2.21819 2.26582 2.24986 2.23384 2.21781 2.20185 2.19455 2.19455 2.19455 2.19127 1.20932 0.830533 0.898148 1.05331 1.05331 1.05331 1.05331 1.05331 1.05331
3.38240 3.37455 3.33757 3.18951 3.10934 3.11510 3.12091 3.13249 3.13961 3.28302 4.25348 4.25937 4.25937 4.18129 4.16695 4.16077 3.97542 3.68695 3.49759 3.15957 2.84946 2.84946 2.84946 2.84946 1.54613 1.56901 1.56901 1.56901 1.56831 1.55517 1.53741 1.51086 1.47860 1.52649 1.57665 1.57272 1.61707 1.67049 1.67479 1.67929 1.70258 1.89240 1.96773 2.05872 2.15516 2.17932 2.17932 2.17932 2.24353 2.19720 2.19455 2.19455 2.19455 2.19455 2.19455 2.19455 2.19455 2.19455 1.55401 0.935782 0.833064 1.05331 1.05331 1.05331 1.05331 1.05331 1.05331
3.11439 3.06086 3.03646 3.05612 3.14420 3.14420 3.14420 3.14420 3.13933 3.11966 4.00199 4.21272 4.08906 3.79171 3.47596 3.11802 3.01618 3.09698 3.24625 3.61326 2.64748 2.58291 2.55276 2.52035 1.41522 1.41266 1.38995 1.35704 1.32620 1.30909 1.29735 1.29368 1.29413 1.55023 1.63720 1.63720 1.67863 1.88856 2.00798 2.11516 2.20341 2.22842 2.22334 2.17932 2.17932 2.17932 2.17932 2.17932 2.20573 2.23929 2.19455 2.19455 2.19455 2.19455 2.19455 2.19455 2.19455 2.19455 1.90245 1.01831 0.775947 1.04531 1.05295 1.04991 1.04682 1.04422 1.04199
2.84018 2.82129 2.80261 2.78554 2.87250 2.86000 2.84132 2.82239 2.80487 2.79710 3.06204 3.01616 2.82007 2.95532 3.16081 3.26135 3.33668 3.34093 3.37327 3.81497 2.96311 2.30779 2.30779 2.30779 1.30765 1.30109 1.29452 1.29455 1.29455 1.29455 1.29455 1.29455 1.32619 1.64982 1.94879 2.09956 2.22525 2.22072 2.21833 2.21833 2.21833 2.21833 2.23730 2.17932 2.17932 2.17932 2.17932 2.17932 2.17961 2.26215 2.19455 2.19455 2.19455 2.19455 2.19455 2.19455 2.19455 2.19562 2.19019 1.18507 0.842316 0.995411 1.04022 1.03992 1.04661 1.06948 1.09306
2.68934 2.68934 2.68934 2.68934 2.76835 2.80323 2.80323 2.80323 2.82599 2.89913 2.97843 3.05921 3.11795 3.15679 3.34093 3.34093 3.34093 3.34093 3.34179 3.71294 3.45746 2.30779 2.30779 2.30779 1.28296 1.29455 1.29455 1.29455 1.32845 1.50068 1.68821 1.87574 2.03139 2.09472 2.23608 2.23993 2.23993 2.22755 2.21833 2.21833 2.21833 2.21833 2.24117 2.17932 2.17932 2.17932 2.17932 2.17932 2.17932 2.24608 2.19455 2.19455 2.19483 2.20701 2.22546 2.24394 2.26236 2.27975 2.28377 1.57277 0.964359 0.989234 1.09943 1.12301 1.13991 1.14063 1.14063
2.74243 2.68934 2.68934 2.68934 2.76234 2.90604 2.98653 3.06713 3.12466 3.12358 3.12090 3.12090 3.12090 3.12401 3.33041 3.34093 3.34093 3.34093 3.34093 3.58948 3.91374 2.83411 3.09141 3.36005 1.32952 1.50804 1.69198 1.87898 2.03290 2.04797 2.04797 2.04797 2.04797 2.05234 2.22560 2.23993 2.23993 2.23432 2.21833 2.21833 2.21833 2.21833 2.23610 2.18823 2.17932 2.17932 2.17932 2.17932 2.18499 2.25086 2.24214 2.25934 2.27751 2.28377 2.28377 2.28440 2.31116 2.35158 2.39201 2.04850 1.14638 1.01061 1.14063 1.14063 1.14063 1.14063 1.14063
