High_resolution/powerplant/Chizhou/OMI_NO2_200508.asc
ncols      200
nrows      200
xllcorner       115.585
yllcorner       28.7700
cellsize     0.0166667
NODATA_Value      -999.000
[rows 29 to 57 of 164, columns 0 to 64 of 200]
1.26749 1.26749 1.16259 0.991116 0.832633 0.675487 0.610146 0.608909 0.608909 0.608909 0.608909 0.608909 0.608909 0.608909 0.608909 0.608909 0.608909 0.634840 1.78165 1.91973 1.91973 1.91973 1.91973 1.91973 1.91973 1.91973 1.91973 1.91973 1.92366 2.49920 2.52999 2.49301 2.41361 2.35457 2.28259 2.25613 2.25613 2.25613 2.25613 2.25613 2.25613 2.25613 2.25613 2.25613 2.34675 2.44690 2.44690 2.44690 2.06170 1.51493 1.47244 1.41091 1.41091 1.41170 1.41341 1.41512 1.41683 1.41854 1.42025 1.42195 1.42354 1.46603 1.48838 1.49003 1.82736
0.696520 0.410088 0.267508 0.606490 0.608909 0.608909 0.608909 0.608909 0.608909 0.608909 0.608909 0.608909 0.608909 0.608909 0.608909 0.608909 0.608909 0.608909 1.39424 1.91973 1.91973 1.91973 1.91973 1.91973 1.91973 1.91973 1.91973 1.88653 1.77121 2.19754 2.27205 2.22964 2.22958 2.24291 2.25613 2.25613 2.25613 2.25613 2.25613 2.25613 2.25613 2.25613 2.25613 2.25613 2.28396 2.43824 2.38325 2.32112 2.11523 1.52444 1.51078 1.42146 1.42579 1.43189 1.43727 1.44279 1.44848 1.45297 1.45680 1.46077 1.46496 1.49422 1.54261 1.55764 1.89136
0.214816 0.214816 0.214816 0.561540 0.608909 0.608909 0.608909 0.608909 0.608909 0.608909 0.608909 0.608909 0.608909 0.608909 0.608909 0.608909 0.608909 0.608909 0.980988 1.91973 1.91973 1.91973 1.91973 1.90310 1.79726 1.67807 1.55888 1.47295 1.46912 1.90674 2.22958 2.22958 2.22958 2.23593 2.25613 2.25613 2.25613 2.25613 2.23087 2.16901 2.10682 2.04469 1.98260 1.92032 1.85828 1.95948 1.98833 1.98833 1.98019 1.54983 1.53249 1.52827 1.53249 1.53103 1.52833 1.52562 1.52295 1.52196 1.54645 1.59711 1.64219 1.68318 1.72991 1.75376 1.95098
0.214816 0.214816 0.214816 0.483673 0.608909 0.608909 0.608909 0.608909 0.608909 0.608909 0.608909 0.608909 0.608909 0.608909 0.608909 0.608909 0.608909 0.608909 0.708389 1.77301 1.82326 1.70407 1.58497 1.48237 1.46912 1.46912 1.46912 1.46912 1.46912 1.71972 2.22841 2.17658 2.09860 2.02118 2.01532 1.95907 1.89685 1.83476 1.79784 1.79757 1.79757 1.79757 1.79757 1.79757 1.79757 1.88946 1.98833 1.98833 1.98833 1.64199 1.52862 1.52591 1.52341 1.55424 1.60405 1.64840 1.68801 1.72372 1.74213 1.74218 1.74218 1.74218 1.75113 1.75475 1.83315
0.214816 0.214816 0.214816 0.372453 0.608909 0.608909 0.608909 0.608909 0.608909 0.608909 0.608909 0.608909 0.608909 0.608909 0.608909 0.608909 0.637685 0.709752 0.829040 1.51764 1.46912 1.46912 1.46912 1.46259 1.37147 1.25449 1.13752 1.02062 0.903732 0.843015 1.68427 1.67175 1.67175 1.67175 1.76103 1.79757 1.79757 1.79757 1.79757 1.79757 1.79757 1.79757 1.79757 1.79757 1.79757 1.84683 1.98476 1.98278 1.99856 1.80190 1.65447 1.69350 1.72852 1.74218 1.74218 1.74218 1.74218 1.74218 1.74218 1.74218 1.74218 1.74234 1.74849 1.75662 1.75915
0.214816 0.214816 0.214816 0.234190 0.600270 0.608909 0.608909 0.608909 0.608909 0.608909 0.608909 0.608909 0.621790 0.684365 0.774925 0.908947 1.01135 1.10747 1.22659 1.18528 1.00247 0.885491 0.768514 0.658231 0.632376 0.632376 0.632376 0.632376 0.632376 0.632376 1.51600 1.67175 1.67175 1.67175 1.72811 1.79757 1.79757 1.79757 1.79757 1.79757 1.79757 1.80932 1.87107 1.93838 2.00574 2.05948 2.08578 2.10451 2.12234 2.01803 1.74682 1.74773 1.74861 1.74949 1.75038 1.75126 1.75215 1.75303 1.75391 1.75480 1.75568 1.75640 1.75814 1.76903 1.76903
0.214816 0.214816 0.214816 0.214816 0.543284 0.608909 0.608909 0.608909 0.612528 0.663213 0.801321 1.02919 1.31442 1.44846 1.56765 1.68702 1.79787 1.82110 1.82110 1.01983 0.586702 0.632376 0.632376 0.632376 0.632376 0.632376 0.632376 0.632376 0.632376 0.632376 1.31732 1.67843 1.69632 1.71442 1.75591 1.87645 1.89457 1.91742 1.98970 2.07516 2.16060 2.23424 2.25800 2.27608 2.29423 2.31136 2.30645 2.28139 2.28139 2.23843 1.75485 1.75647 1.75647 1.75647 1.75647 1.75647 1.75647 1.75647 1.75647 1.75647 1.75647 1.75647 1.75647 1.76703 1.77439
0.214816 0.214816 0.214816 0.214816 0.513315 0.807813 0.985134 1.23634 1.59476 1.78633 1.82110 1.82110 1.82110 1.82110 1.82110 1.82110 1.82110 1.82110 1.82110 1.47609 0.457469 0.632376 0.632376 0.632376 0.632376 0.632376 0.632376 0.632376 0.632376 0.632376 1.18951 1.93467 1.93486 1.93572 1.98001 2.16219 2.23979 2.30242 2.31554 2.31554 2.31554 2.31554 2.31554 2.31554 2.31554 2.31554 2.31912 2.28139 2.28139 2.28139 1.82874 1.75647 1.75647 1.75647 1.75647 1.75647 1.75823 1.77592 1.79737 1.81880 1.84025 1.86169 1.88312 1.90963 1.91444
0.214816 0.214816 0.214816 0.214816 1.16732 1.82110 1.82110 1.82110 1.82110 1.82110 1.82110 1.82110 1.82110 1.82110 1.82110 1.82110 1.82110 1.82110 1.82110 1.80609 0.362924 0.632376 0.632376 0.632376 0.632376 0.632376 0.632376 0.632376 0.632376 0.632376 0.874288 2.03203 2.09947 2.16597 2.18972 2.27299 2.31554 2.31554 2.31554 2.31554 2.31554 2.31554 2.31554 2.31554 2.31554 2.31554 2.32272 2.29068 2.28139 2.32292 2.03985 1.81239 1.83384 1.85528 1.87670 1.89816 1.91783 1.92159 1.92159 1.92050 1.90487 1.88469 1.86453 1.84951 1.85556
0.214816 0.214816 0.00000 0.00000 1.82110 1.82110 1.82110 1.82110 1.82110 1.82110 1.82110 1.82110 1.82110 1.82110 1.82110 1.82110 1.82110 1.82110 1.82110 1.82110 0.663627 0.585181 0.632376 0.632376 0.632376 0.632376 0.659175 0.756509 0.857514 0.958556 1.01453 2.09129 2.18972 2.18972 2.18972 2.24008 2.31554 2.31554 2.31554 2.31554 2.31554 2.32560 2.41236 2.51542 2.61817 2.72108 2.82039 2.77230 2.81686 2.85268 2.60300 1.92437 1.92159 1.92159 1.92159 1.92108 1.90693 1.88677 1.86659 1.84752 1.84299 1.83127 1.80148 1.76863 1.59947
0.00000 0.00000 0.00000 0.00000 0.00000 1.82110 1.82110 1.82110 1.82110 1.82110 1.82110 1.82110 1.82110 1.82110 1.82110 1.82110 1.82110 1.82110 1.82110 1.82110 1.11986 0.455909 0.645641 0.734756 0.835684 0.936803 1.01097 1.01468 1.01468 1.01468 1.01468 1.88084 2.18972 2.18972 2.19608 2.23989 2.55685 2.65992 2.76275 2.86558 2.96841 3.06134 3.07726 3.07726 3.07726 3.07726 3.07726 2.94212 2.85268 2.85268 2.75427 1.99504 1.90900 1.88883 1.86867 1.84897 1.82744 1.79712 1.76348 1.72583 1.68351 1.65652 1.65637 1.65637 1.50665
0.00000 0.00000 0.00000 0.00000 0.00000 1.82110 1.82110 1.82110 1.82110 1.82110 1.82110 1.82110 1.82110 1.82110 1.82110 1.82110 1.82110 1.82110 1.82110 1.82110 1.57663 0.327894 1.00271 1.01468 1.01468 1.01468 1.01468 1.02711 1.05856 1.09018 1.12179 1.74518 2.30328 2.32438 2.33907 2.33968 2.98660 3.07726 3.07726 3.07726 3.07726 3.07726 3.07726 3.07726 3.07726 3.07726 3.07726 3.00089 2.85396 2.82199 2.79640 2.04133 1.79273 1.75855 1.72032 1.67736 1.65637 1.65637 1.65637 1.65637 1.65637 1.65637 1.65637 1.65637 1.56343
0.00000 0.00000 0.00000 0.00000 0.00000 1.82110 1.82110 1.82110 1.82110 1.82110 1.82110 1.82110 1.82110 1.82110 1.82110 1.82110 1.82110 1.82110 1.82110 1.82110 1.82073 0.332183 1.01812 1.12529 1.15693 1.18851 1.22017 1.23930 1.23951 1.23951 1.23951 1.53366 2.33961 2.33961 2.33961 2.33961 2.79467 3.07726 3.07726 3.07726 3.07726 3.07726 3.07726 3.07726 3.09673 3.15591 3.21629 3.25253 3.00432 2.85911 2.88683 2.18818 1.60049 1.56904 1.53760 1.50595 1.47450 1.44305 1.41161 1.38021 1.34856 1.31712 1.28567 1.25417 1.21037
0.00000 0.00000 0.00000 0.00000 0.00000 0.00000 1.82110 1.82110 1.82110 1.82110 1.82110 1.82110 1.82110 1.82110 1.82110 1.82110 1.82110 1.82110 1.82110 1.82110 1.82110 0.545501 1.00712 1.23951 1.23951 1.23951 1.23951 1.23951 1.23951 1.23951 1.23951 1.26342 2.30467 2.33961 2.33961 2.33961 2.59083 3.03487 2.99845 2.96027 2.93191 2.95282 2.98061 3.01004 3.01726 2.97443 2.92738 2.87749 2.71734 2.18175 2.10289 1.79373 1.15777 1.14835 1.14835 1.14835 1.14835 1.14835 1.14835 1.14835 1.14835 1.14835 1.14835 1.14835 1.14835
0.00000 0.00000 0.00000 0.00000 0.00000 0.00000 1.83179 1.82110 1.82110 1.82110 1.82110 1.82110 1.82110 1.82110 0.00000 0.00000 0.00000 0.00000 0.00000 0.00000 0.00000 0.545501 0.741267 1.23951 1.23951 1.23951 1.23951 1.23951 1.23951 1.23951 1.23951 1.23951 1.55135 1.52721 1.42940 1.32533 1.35899 2.42365 2.51650 2.60703 2.68166 2.68914 2.68914 2.68914 2.68914 2.68914 2.68914 2.68914 2.68859 2.16401 2.07682 1.92187 1.26494 1.14835 1.14835 1.14835 1.14835 1.14835 1.14835 1.14835 1.13827 1.11086 1.08312 1.05541 1.02770
2.88225 2.88225 2.88225 2.88225 2.88225 2.88225 2.88225 0.00000 0.00000 0.00000 0.00000 0.00000 0.00000 0.00000 0.00000 0.00000 0.00000 0.00000 0.00000 0.00000 0.00000 0.545501 0.545501 1.17433 1.23951 1.23951 1.23951 1.23951 1.23951 1.23951 1.23951 1.23951 1.24084 1.30048 1.39098 1.48153 1.56544 2.50735 2.68914 2.68914 2.68914 2.68914 2.68914 2.68914 2.68914 2.68914 2.68914 2.68914 2.68914 2.36559 2.07682 2.03641 1.39482 1.11942 1.09169 1.06398 1.03627 1.00856 0.980828 0.953117 0.935489 0.935190 0.952951 1.07415 1.21231
2.88225 2.88225 2.88225 2.88225 2.88225 2.88225 2.88225 2.88225 0.00000 0.00000 0.00000 0.00000 0.00000 0.00000 0.00000 0.00000 0.00000 0.00000 0.00000 0.00000 0.00000 0.00000 0.545501 1.00408 1.23951 1.23951 1.23951 1.23951 1.23951 1.28147 1.37196 1.46252 1.55171 1.58266 1.58266 1.58266 1.58266 2.21925 2.68914 2.68914 2.68914 2.68914 2.68914 2.68914 2.68914 2.63658 2.51701 2.39726 2.27743 2.03623 1.42560 1.30577 1.05767 0.935190 0.935190 0.935190 0.935190 0.935190 0.946546 1.06027 1.19832 1.33631 1.45665 1.47339 1.47339
2.88225 2.88225 2.88225 2.88225 2.88225 2.88225 2.88225 2.88225 0.00000 0.00000 0.00000 0.00000 0.00000 0.00000 0.00000 0.00000 0.00000 0.00000 0.00000 0.00000 0.00000 0.00000 0.545501 0.735298 1.23947 1.26517 1.35295 1.44348 1.53407 1.58259 1.58266 1.58266 1.58266 1.58266 1.58266 1.58266 1.58266 1.92563 2.58863 2.46888 2.34909 2.22944 2.10956 1.99007 1.87014 1.80304 1.80278 1.80278 1.80278 1.80168 1.27220 1.19045 1.10215 0.939725 0.941649 1.04628 1.18432 1.32248 1.44901 1.47339 1.47339 1.47339 1.47339 1.47339 1.47339
2.88225 2.88225 2.88225 2.88225 2.88225 2.88225 2.88225 2.88225 0.00000 0.00000 0.00000 0.00000 0.00000 0.00000 0.00000 0.00000 0.00000 0.00000 0.00000 0.00000 0.00000 0.00000 0.545501 0.545501 1.41475 1.57992 1.58266 1.58266 1.58266 1.58266 1.58159 1.57176 1.56003 1.54829 1.53655 1.52482 1.51307 1.52165 1.79921 1.80278 1.80278 1.80278 1.80278 1.80278 1.80278 1.80278 1.80278 1.80278 1.80278 1.80278 1.47752 1.33609 1.42775 1.34397 1.44002 1.47339 1.47339 1.47339 1.47339 1.47339 1.47339 1.47339 1.47339 1.47339 1.47339
2.88225 2.88225 2.88225 2.88225 2.88225 2.88225 2.88225 2.88225 0.00000 0.00000 0.00000 0.00000 0.00000 0.00000 0.00000 0.00000 0.00000 0.00000 0.00000 0.00000 0.00000 0.00000 0.545501 0.542198 1.20991 1.55888 1.54716 1.53542 1.52367 1.51196 1.50123 1.49937 1.49937 1.49937 1.49937 1.49937 1.49937 1.49937 1.73946 1.80278 1.80278 1.80278 1.80278 1.80278 1.80278 1.80278 1.80278 1.70721 1.51637 1.32575 1.32598 1.99775 1.90835 1.54417 1.47339 1.47339 1.47247 1.46936 1.46616 1.46296 1.45976 1.45656 1.45333 1.45016 1.44696
2.88225 2.88225 2.88225 2.88225 2.88225 2.88225 2.88225 2.88225 2.88225 0.00000 0.00000 0.00000 0.00000 0.00000 0.00000 0.00000 0.574489 0.574489 0.574489 0.574489 0.574489 0.574489 0.574489 0.426092 0.679976 1.49926 1.49937 1.49937 1.49937 1.49937 1.49937 1.49937 1.49937 1.49937 1.49937 1.49937 1.49937 1.49937 1.66014 1.80278 1.80278 1.80278 1.80278 1.74266 1.55594 1.36525 1.17448 1.07935 1.07935 1.07935 1.08210 1.88485 1.99392 1.55482 1.42696 1.42375 1.42146 1.42138 1.42138 1.42138 1.42138 1.42138 1.42138 1.42138 1.42138
2.88225 2.88225 2.88225 2.88225 2.88225 2.88225 2.88225 2.88225 2.88225 0.574489 0.574489 0.574489 0.574489 0.574489 0.574489 0.574489 0.574489 0.574489 0.574489 0.574489 0.574489 0.574489 0.574489 0.477072 0.378912 1.38970 1.49937 1.49937 1.49937 1.49937 1.49937 1.49937 1.49937 1.49937 1.49937 1.49937 1.49937 1.49937 1.58068 1.77001 1.59544 1.40475 1.21405 1.08340 1.07935 1.07935 1.07935 1.07935 1.07935 1.07935 1.07935 1.58570 1.99775 1.64637 1.42827 1.42138 1.42138 1.42138 1.42138 1.42138 1.42138 1.42138 1.42138 1.42228 1.43658
2.88225 2.88225 2.88225 2.77032 2.53716 2.30400 2.07053 1.83737 1.19452 0.574489 0.574489 0.574489 0.574489 0.574489 0.574489 0.574489 0.574489 0.574489 0.574489 0.574489 0.574489 0.574489 0.574489 0.528660 0.378912 1.11414 1.49937 1.49937 1.49937 1.49937 1.49937 1.49937 1.49937 1.49937 1.49937 1.48570 1.33168 1.14084 0.961124 1.08667 1.07935 1.07935 1.07935 1.07935 1.07935 1.07935 1.07935 1.07935 1.07935 1.07935 1.07935 1.28415 1.99775 1.73612 1.46107 1.42138 1.43066 1.44948 1.46833 1.48715 1.50598 1.52481 1.54363 1.56158 1.56609
1.92010 1.68669 1.45353 1.33199 1.33199 1.33199 1.33199 1.33199 1.19669 0.574489 0.574489 0.574489 0.574489 0.574489 0.574489 0.574489 0.574489 0.574489 0.574489 0.574489 0.574489 0.574489 0.574489 0.570596 0.388515 0.679976 1.49926 1.49937 1.49937 1.49937 1.49937 1.49655 1.37110 1.18041 0.989713 0.812617 0.775939 0.775939 0.775939 1.00198 1.07935 1.07935 1.07935 1.07935 1.07935 1.07935 1.07935 1.07935 1.08647 1.14884 1.22309 1.30181 2.18770 2.16250 1.71033 1.55656 1.56609 1.56609 1.56609 1.56609 1.56609 1.53641 1.38299 1.21566 1.04854
1.33199 1.33199 1.33199 1.33199 1.33199 1.33199 1.33199 1.33199 1.32911 0.643958 0.574489 0.574489 0.574489 0.574489 0.574489 0.574489 0.574489 0.574489 0.574489 0.574489 0.574489 0.574489 0.574489 0.574489 0.436143 0.378912 1.38970 1.49937 1.41053 1.21991 1.02921 0.841337 0.775939 0.775939 0.775939 0.775939 0.775939 0.775939 0.775939 0.922519 1.07935 1.10448 1.17742 1.25162 1.32576 1.39991 1.47411 1.54814 1.61522 1.62694 1.62694 1.62694 2.14653 2.49365 1.85731 1.56609 1.56609 1.54555 1.39969 1.23236 1.06524 0.927464 0.913765 0.913765 0.913765
1.33199 1.33199 1.33199 1.33199 1.33199 1.33199 1.33199 1.33199 1.33199 0.842644 0.574489 0.574489 0.574489 0.574489 0.574489 0.574489 0.574489 0.574489 0.574489 0.574489 0.574489 0.574489 0.574489 0.574489 0.487683 0.378912 0.839101 0.878015 0.776084 0.775939 0.775939 0.775939 0.775939 0.775939 0.817885 0.901656 0.985308 1.06908 1.15273 1.29580 1.57673 1.62579 1.62694 1.62694 1.62694 1.62694 1.62694 1.62694 1.62694 1.62694 1.62694 1.62694 1.84442 2.52568 1.83852 1.27442 1.08167 0.935161 0.913765 0.913765 0.913765 0.913765 0.913765 0.913765 0.913765
1.33199 1.33199 1.33199 1.33199 1.33199 1.33199 1.33199 1.33199 1.33199 1.04444 0.574489 0.574489 0.574489 0.574489 0.574489 0.574489 0.574489 0.574489 0.574489 0.574489 0.574489 0.574489 0.574489 0.574489 0.539226 0.378912 0.488624 0.828488 0.912217 0.995869 1.07958 1.16335 1.24712 1.33084 1.37260 1.37260 1.37260 1.37260 1.37260 1.37670 1.61308 1.62694 1.62694 1.62694 1.62694 1.62694 1.62694 1.62694 1.62694 1.63267 1.82364 2.10389 2.38994 1.72419 1.36200 1.02822 0.913765 0.913765 0.913765 0.913765 0.913765 0.913898 0.917419 0.922475 0.927759
1.33199 1.33199 1.33199 1.33199 1.33199 1.33199 1.33199 1.33199 1.33199 1.24556 0.575095 0.574489 0.574489 0.574489 0.574489 0.574489 0.574489 0.574489 0.574489 0.574489 0.574489 0.574489 0.574489 0.574489 0.571867 1.32054 1.50851 1.39175 1.37260 1.37260 1.37260 1.37260 1.37260 1.37260 1.37260 1.37260 1.37260 1.37260 1.37260 1.37260 1.55092 1.62694 1.62694 1.62694 1.62694 1.62694 1.76420 2.04444 2.32479 2.59920 2.68847 2.68847 2.68847 2.03674 1.49040 1.23381 0.981948 0.990154 0.998848 1.00804 1.01776 1.02780 1.03083 1.03083 1.03083
1.33199 1.33199 1.33199 1.33199 1.33199 1.33199 1.33199 1.33199 1.33199 1.33199 0.690310 0.574489 0.574489 0.574489 0.574489 0.574489 0.574489 0.574489 0.574489 0.574489 0.00000 0.00000 0.00000 0.00000 0.00000 1.57224 1.57224 1.44063 1.37260 1.37260 1.37260 1.37260 1.37260 1.37260 1.37260 1.37260 1.37260 1.37260 1.37260 1.37260 1.48469 1.62694 1.71176 1.98510 2.26535 2.54559 2.68847 2.68847 2.68847 2.68847 2.68847 2.68847 2.68847 2.40365 1.56685 1.47862 1.03083 1.03083 1.03083 1.03083 1.03083 1.03083 1.03083 1.03083 1.03083
