High_resolution/powerplant/Chizhou/OMI_NO2_201111.asc
ncols      200
nrows      200
xllcorner       115.585
yllcorner       28.7700
cellsize     0.0166667
NODATA_Value      -999.000
[rows 0 to 28 of 165, columns 0 to 64 of 200]
0.00000 6.31110 6.31110 10.4029 11.2301 10.8483 10.8329 10.8329 10.8329 10.8329 10.8329 10.8329 10.8329 10.8329 10.8329 10.8329 10.8329 10.8329 10.8329 10.8329 12.0374 15.3547 15.1979 7.06558 7.06558 7.06558 0.00000 0.00000 0.00000 0.00000 0.00000 0.00000 0.00000 0.00000 0.00000 15.5690 15.0449 11.5693 10.4720 10.8874 7.36701 3.95077 3.95077 3.95077 3.95077 3.95077 3.95077 3.95077 3.95077 3.95077 3.95077 3.95077 3.95077 3.95077 3.95077 3.95077 3.95077 0.00000 0.00000 0.00000 0.00000 0.00000 0.00000 0.00000 0.00000
0.00000 6.31110 6.31110 8.20787 10.8329 10.8329 10.8329 10.8329 10.8329 10.8329 10.8156 10.6883 10.5506 10.4233 10.3043 10.1941 10.0909 9.99438 9.90380 9.81846 9.88904 11.4204 9.81372 7.06558 7.06558 7.06558 7.06558 0.00000 0.00000 0.00000 15.5690 15.4845 12.0536 10.3605 9.70753 9.21129 8.37837 8.18606 8.27721 9.68896 8.43554 3.95077 3.95077 3.95077 3.95077 3.95077 3.95077 3.95077 3.95077 3.95077 3.95077 3.95077 3.95077 3.95077 3.95077 3.95077 3.95077 0.00000 0.00000 0.00000 0.00000 0.00000 0.00000 0.00000 0.00000
4.88051 4.88051 5.80857 6.04294 9.53173 9.51199 9.35700 9.21371 9.68460 9.64983 9.58662 9.57712 9.57712 9.57712 9.57712 9.53731 9.48170 9.43731 9.39426 9.35240 9.31167 10.2245 9.98676 6.91454 6.90327 6.92601 8.06555 9.11846 8.80329 8.63052 8.47116 7.95751 7.72877 7.70967 7.69118 7.67761 7.67694 7.79545 8.23214 9.27344 9.51561 4.07490 3.95077 3.95077 3.95077 3.95077 3.95077 3.95077 3.95077 3.95077 3.95077 3.95077 3.95077 3.95077 3.95077 3.95077 3.95077 3.95077 0.00000 0.00000 0.00000 0.00000 0.00000 19.8253 19.5709
6.45476 6.52822 6.55412 6.52068 8.36690 9.06964 9.07862 9.08779 9.53336 9.70344 9.70772 9.71190 9.71595 9.72004 9.72406 9.30355 9.07790 9.08464 9.09114 9.09759 8.92204 9.29803 9.85940 8.08406 7.97352 7.99081 7.82368 7.67830 7.67694 7.67694 7.67694 7.67694 7.67694 7.67694 7.67694 7.67694 7.67694 7.70596 8.22998 8.81353 9.75986 6.13401 3.95077 3.95077 3.95077 3.95077 3.95077 3.95077 3.95077 3.95077 3.95077 3.95077 3.95077 3.95077 3.95077 3.95077 3.95077 3.95077 19.8253 19.1982 15.9972 14.7023 14.1278 13.6395 12.8637
7.58232 7.58232 7.57254 7.17948 8.00040 9.20761 9.20761 9.20761 9.47440 9.75387 9.75387 9.75387 9.75387 9.75387 9.75387 9.48274 9.15076 9.29080 9.41301 9.52966 9.57537 9.36116 8.36892 7.85682 7.52410 7.52410 7.55482 7.67694 7.67694 7.67694 7.67694 7.67694 7.67694 7.67694 7.67694 7.67694 7.67694 7.67694 8.12179 8.36597 9.74703 7.98825 3.95077 3.95077 3.95077 3.95077 3.95077 3.95077 3.95077 3.95077 3.95077 3.95077 3.95077 3.95077 4.04245 4.97513 6.10703 6.70166 5.46752 12.3088 12.6372 12.6372 12.6372 12.6372 12.6372
7.58232 7.58232 7.58232 7.27612 7.31587 9.17283 9.20761 9.20761 9.34516 9.75387 9.75387 9.76547 9.91495 10.0777 10.2236 10.2301 9.69117 9.66777 9.66221 9.66221 9.62237 9.50166 8.47639 8.11105 7.52410 7.52410 7.52855 7.67267 7.67694 7.67694 7.67694 7.67694 7.67694 7.67694 7.67694 7.67694 7.67694 7.67694 7.97956 8.23214 9.42068 9.23303 3.95077 3.95077 3.95077 3.95077 3.95077 3.95077 3.95077 4.03453 4.95250 6.08496 7.22761 8.35951 9.40312 9.61026 9.61026 8.82730 5.44903 10.7166 12.6372 12.6372 12.6372 12.6372 12.6372
7.58232 7.58232 7.58232 7.40415 7.15858 8.76088 9.20770 9.30785 9.50445 10.1646 10.3227 10.4567 10.4534 10.4361 10.4361 10.4323 9.70712 9.66221 9.66221 9.66221 9.64939 9.50673 8.82152 8.32889 7.56092 7.52410 7.52410 7.63581 7.67694 7.67694 7.67694 7.67694 7.67694 7.67694 7.67694 7.67694 7.67694 7.67694 7.86116 8.23214 8.96025 9.75899 5.33717 3.95077 4.02604 4.92986 6.06798 7.20497 8.33687 9.39406 9.61026 9.61026 9.61026 9.61026 9.61026 9.61026 9.61026 9.59985 5.91638 8.59560 12.6372 12.6372 12.6372 12.6372 12.6372
7.58232 7.58232 7.58232 7.55265 7.11456 8.36037 9.87520 9.92093 9.89083 10.3153 10.4361 10.4361 10.4361 10.4361 10.4361 10.4361 9.85065 9.66221 9.66221 9.66221 9.66221 9.52550 9.17139 8.35603 7.78807 7.52410 7.52410 7.60314 7.67694 7.67694 7.67694 7.67694 7.67694 7.67694 7.67694 7.67694 7.67694 7.67694 7.63870 7.23868 6.77161 8.01813 7.51599 8.31763 9.38218 9.61026 9.61026 9.61026 9.61026 9.61026 9.61026 9.61026 9.61026 9.61026 9.61026 9.61026 9.61026 9.61026 7.14632 5.85148 12.4653 12.6372 12.6372 12.6372 12.6372
7.58232 7.58232 7.58232 7.58232 7.03656 7.33279 9.88355 9.88986 9.88986 10.1861 10.4361 10.4361 10.4361 10.4361 10.4361 10.4722 10.1116 9.81381 9.87541 9.93686 9.99831 10.0232 10.0441 9.05871 8.77070 8.32830 8.40511 8.25601 7.67694 7.67694 7.67694 7.67694 7.67694 7.61788 7.11354 6.58631 6.10029 5.61432 5.23159 4.70126 4.71749 7.81753 8.47113 9.61026 9.61026 9.61026 9.61026 9.61026 9.61026 9.61026 9.61026 9.61026 9.61026 9.61026 9.61026 9.61026 9.61026 9.61026 8.38661 5.44903 11.2888 12.6372 12.6372 12.6372 12.6372
7.58232 7.58232 7.58232 7.58591 7.25139 6.91514 9.45783 9.93014 9.93995 10.2376 11.0224 11.0992 11.1760 11.2528 11.3298 11.3706 11.0628 10.4098 10.4098 10.4098 10.4098 10.4427 10.5104 9.75070 9.33808 8.57551 8.59134 8.56613 7.80526 7.31785 6.68853 6.10765 5.50307 4.94855 4.93891 4.95917 4.92498 4.88931 4.85174 4.72947 4.71404 6.75156 8.28247 9.46073 9.61026 9.61026 9.61026 9.61026 9.61026 9.61026 9.61026 9.61026 9.61026 9.61026 9.61026 9.61026 9.61026 9.61026 9.46378 5.61257 9.45281 12.6372 12.6372 12.6372 12.6372
7.64667 7.64555 7.64508 7.64115 7.52041 6.90311 8.58934 9.87935 9.86916 9.96145 11.2129 11.2094 11.1994 11.1893 11.1790 11.1690 11.1268 10.9616 11.0032 11.0457 11.0888 11.2532 11.7327 11.1521 9.75097 8.35074 7.68052 7.19455 5.12282 4.62432 4.71396 4.71404 4.71404 4.71404 4.71404 4.71404 4.71404 4.71404 4.71404 4.71404 4.71404 5.68317 8.26829 8.93076 9.61026 9.61026 9.61026 9.61026 9.61026 9.61026 9.61026 9.61026 9.61026 9.61026 9.61026 9.61026 9.61026 9.61026 9.61026 6.70614 6.68669 12.3153 11.3820 10.5820 9.84796
7.04817 7.04817 7.04817 7.04817 7.04817 6.61018 7.25593 9.62278 9.62278 9.62278 10.7653 10.9934 10.9934 10.9934 10.9934 10.9934 10.9934 10.9934 10.9934 10.8335 10.2409 9.59732 8.94696 7.95451 6.88763 6.85848 6.74384 6.74384 5.69488 4.71404 4.71404 4.71404 4.71404 4.71404 4.71404 4.71404 4.71404 4.71404 4.71404 4.71404 4.71404 4.80219 8.07979 8.56297 9.61026 9.61026 9.61026 9.61026 9.61026 9.61026 9.61026 9.61026 9.61026 9.61026 9.61026 9.61026 9.67532 9.88664 10.3577 9.74562 8.73301 8.68470 8.79697 8.86185 8.86185
7.04817 7.04817 7.04817 7.04817 7.04817 6.74791 6.53849 9.32708 9.62278 9.62278 10.4414 10.9934 10.9934 10.9934 10.9450 10.4465 9.79682 9.12432 8.45053 7.93862 7.85742 7.84912 7.57936 7.54037 7.09489 6.92690 6.74384 6.74384 6.15043 4.71404 4.71404 4.71404 4.71404 4.71404 4.71404 4.71404 4.71404 4.71404 4.71404 4.71404 4.71404 4.71404 7.09895 8.31935 9.57372 9.61026 9.61026 9.61026 9.61026 9.61026 9.61026 9.67197 9.87729 10.3461 10.7834 11.1260 11.3696 11.4463 11.3190 11.4612 9.46074 9.16104 8.86185 8.86185 8.86185
7.04817 7.04817 7.04817 7.04817 7.04817 6.92470 6.53149 8.50430 9.62278 9.62137 9.76991 10.0163 9.34452 8.67085 8.00767 7.65466 7.45580 7.29318 7.38282 7.84912 7.84912 7.84912 7.65162 7.54037 7.27103 6.96071 6.77595 6.74384 6.53168 4.71404 4.71404 4.71404 4.71404 4.71404 4.71404 4.71404 4.71404 4.71404 4.71404 4.71404 4.71404 4.71404 6.02929 8.26829 9.08852 9.61026 9.66816 9.87063 10.3332 10.7745 11.1184 11.4117 11.5997 11.4518 11.2766 11.1309 11.0339 11.0276 11.0276 11.4280 9.90254 9.33626 8.86185 8.86185 8.86185
7.04817 7.04817 7.04817 7.04817 7.04817 7.04770 6.56762 7.06287 7.51984 6.76039 6.47086 7.37882 7.22134 7.07653 6.96705 6.95740 6.95740 6.95740 7.03071 7.84478 7.84912 7.84912 7.71586 7.54037 7.44699 6.96071 6.84190 6.74384 6.74086 4.96677 4.71404 4.71404 4.71404 4.71404 4.71404 4.71404 4.71404 4.71404 4.71404 4.71404 4.71404 4.72925 5.08465 8.64576 9.77696 11.1119 11.4037 11.6959 11.6058 11.4030 11.2362 11.0969 11.0279 11.0276 11.0276 11.0276 11.0276 11.0276 11.0276 11.2054 10.5911 9.45032 8.92304 8.86185 8.86185
7.04817 7.04817 7.04817 6.99767 6.72718 6.47025 5.89128 5.58308 5.87694 5.86090 5.86101 6.83525 6.95740 6.95740 6.95740 6.95740 6.95740 6.95740 6.95740 7.64358 7.81193 7.76809 7.63748 7.31526 7.25688 6.70185 6.50750 6.28488 6.22649 5.30150 4.71404 4.71404 4.71404 4.71404 4.71404 4.71404 4.72202 4.79253 4.74100 4.60049 4.46009 4.30456 4.09411 8.81967 10.3914 11.3567 11.1978 11.0666 11.0276 11.0276 11.0276 11.0276 11.0276 11.0276 11.0276 11.0276 11.0276 11.0276 11.0276 11.0485 11.2477 9.45268 9.09591 8.86185 9.13593
7.04817 7.04817 7.04817 5.95783 5.82895 5.82895 5.70587 5.43100 5.70774 5.81111 5.78215 6.44937 6.78209 6.74702 6.71186 6.67682 6.64179 6.60671 6.57155 6.90492 7.31636 7.31636 7.27702 6.83002 6.83002 6.50965 6.24734 6.04956 6.03349 5.56707 4.71404 4.71703 4.77982 4.76398 4.62360 4.48324 4.33483 4.12410 4.03511 4.19372 4.72034 5.16876 5.54090 7.78944 10.0086 10.8828 11.0276 11.0276 11.0276 11.0276 11.0276 11.0276 11.0276 11.0276 11.0276 11.0276 11.0276 11.0276 11.0276 11.0276 11.4586 9.66319 9.27120 8.86185 9.19415
6.75822 6.68582 6.61357 5.83566 5.44279 5.39457 5.31813 5.00532 5.15985 5.45805 5.43714 5.83122 6.39227 6.37089 6.35014 6.32938 6.30824 6.28710 6.26634 6.38539 6.93264 6.90650 6.88056 6.80341 6.83002 6.68574 6.25079 6.15893 6.07893 5.77831 4.50646 4.36282 4.15989 4.03544 3.96826 3.75298 4.03511 4.03511 4.03511 5.14752 5.86807 5.86807 5.86807 6.56779 10.0085 10.5772 11.0276 11.0276 11.0276 11.0276 11.0276 11.0276 11.0276 11.0276 11.0276 11.0276 11.0276 11.0276 11.0276 11.0276 11.2400 10.3358 9.45376 9.15705 9.48648
4.59131 4.53923 4.48561 4.30300 4.05138 4.01615 4.00346 4.04510 4.11113 4.75188 4.76561 4.94464 5.76241 5.76241 5.76241 5.76241 5.76241 5.76241 5.76241 5.76897 6.30561 6.35539 6.38434 6.79368 6.97382 6.94474 6.38838 6.06512 5.56915 5.33365 3.66075 3.38346 3.21155 3.06081 2.95778 2.95286 3.86187 4.03511 4.03511 4.50713 5.86807 5.86807 5.86807 5.87055 9.46424 10.2716 11.0276 11.0276 11.0276 11.0276 11.0276 11.0276 11.0276 11.0276 11.0276 11.0276 11.0276 11.0276 11.0276 10.9683 10.7820 10.1353 7.89661 9.24805 9.55004
4.30994 4.30994 4.30994 4.29444 4.01143 4.00346 4.00346 4.02707 4.06278 4.60174 4.76561 4.77359 5.69784 5.76241 5.76241 5.76241 5.76241 5.77015 5.83608 5.85422 6.21335 6.43973 6.39525 6.36461 6.26310 5.98051 5.40885 5.00089 4.42870 4.38182 3.38632 2.95163 2.95163 2.95163 2.95163 2.95163 3.49982 4.03511 4.03511 4.03841 5.69841 5.86807 5.86807 5.86807 8.22651 10.0286 10.9656 11.0276 11.0276 11.0276 11.0276 11.0276 11.0276 11.0276 10.9702 10.7558 10.4789 10.1849 9.89172 9.63886 9.50677 9.36842 6.26765 8.11856 9.25305
4.30994 4.30994 4.30994 4.30994 4.07026 4.00346 4.00346 4.00748 4.06157 4.39462 4.76561 4.76561 5.47038 5.81213 5.85828 5.84714 5.83504 5.80802 5.68071 5.59407 5.57646 5.43926 5.27092 5.20248 5.24945 5.24945 5.09806 4.80433 4.49716 4.38182 3.73928 2.95163 2.95163 2.95163 2.95163 2.95163 3.21236 4.03511 4.03511 4.03511 5.21962 5.86807 5.86807 5.86807 6.98597 10.0085 10.6801 11.0276 11.0276 10.9731 10.7584 10.4834 10.1900 9.89571 9.65952 9.54865 9.47638 9.42099 9.36556 9.32901 9.32816 9.41161 7.09340 7.17285 9.25110
4.30994 4.30994 4.30994 4.30994 4.15207 4.00346 4.00346 4.00346 4.12808 4.43916 4.85548 4.84362 5.27329 5.68365 5.56902 5.51172 5.45527 5.40606 5.39907 5.39907 5.37989 5.18720 5.18586 5.19132 5.24945 5.24945 5.22333 4.81394 4.62506 4.38182 4.04843 2.95163 2.95163 2.95163 2.95163 2.95163 2.99405 4.00532 4.03511 4.03511 4.60182 5.86807 5.86807 5.86807 5.94234 9.63553 9.97232 10.1937 9.90054 9.66174 9.57858 9.51770 9.46228 9.40700 9.35174 9.32816 9.32816 9.32816 9.32816 9.32816 9.32816 9.34845 8.09690 6.33884 8.98295
4.30994 4.30994 4.30994 4.32789 4.60160 4.57149 4.83089 5.00596 4.85394 4.45247 4.46873 4.43248 4.63507 5.39907 5.39907 5.39907 5.39907 5.39907 5.39907 5.39907 5.39907 5.22910 5.18586 5.18586 5.22668 5.19187 5.14952 4.78036 4.56766 4.15560 4.04424 2.96102 2.95163 2.95163 2.95163 2.95163 2.95163 3.68129 4.03511 4.01526 3.87447 5.72812 6.14182 6.47350 6.90068 8.62027 9.03956 9.49660 9.44829 9.45652 9.55387 9.67694 9.79869 9.38764 9.32816 9.32816 9.32816 9.32816 9.32816 9.32816 9.32816 9.32816 9.07318 6.18477 8.30652
4.88698 5.24368 5.54242 5.78817 5.85019 5.05270 4.86190 4.85031 4.77711 4.30054 4.35066 4.40227 4.42978 5.32144 5.31469 5.28086 5.24703 5.21319 5.17928 5.14545 5.11161 4.96894 4.83074 4.79682 4.75001 4.73621 4.73621 4.54410 4.29109 3.94501 3.86857 3.15477 2.95163 2.95163 2.94658 2.84988 2.79952 3.28253 4.31786 4.68980 5.46871 7.22896 7.67095 7.68909 7.95195 8.65147 9.31188 9.78393 9.99244 10.0495 10.0500 10.0500 10.0500 9.61303 9.32816 9.32816 9.32816 9.32816 9.32816 9.32816 9.32816 9.32816 9.42460 6.70615 7.38531
5.85016 5.84909 5.84749 5.84589 5.84429 5.23021 4.84349 4.84229 4.84109 4.38236 4.30959 4.39202 4.39146 4.84591 4.98848 4.98848 4.98824 4.98761 4.98700 4.98638 4.98575 4.93726 4.77130 4.77068 4.75448 4.73621 4.73621 4.67843 4.29144 4.07229 3.80900 3.26247 2.83695 2.88873 2.95646 3.17020 3.85386 4.97417 8.15770 8.81412 9.81066 9.88576 8.81807 8.96216 8.96965 9.03915 9.62759 9.82696 10.0500 10.0500 10.0500 10.0500 10.0500 9.81543 9.32816 9.32816 9.32816 9.32816 9.32816 9.32816 9.32816 9.32816 9.35821 7.70825 6.36885
5.81090 5.80934 5.80828 5.80725 5.80622 5.49650 4.81577 4.81500 4.81423 4.51458 4.26906 4.35987 4.37091 4.68432 4.96668 4.96606 4.96567 4.96567 4.96567 4.96567 4.96567 4.96328 4.76824 4.75246 4.74827 4.67379 4.47206 4.23600 4.01017 4.04536 4.23279 4.11969 3.70418 4.51563 5.47946 6.33391 6.78551 7.04589 8.73502 9.57504 10.7884 10.7516 9.08966 8.96965 8.96965 8.96965 9.51181 9.70263 10.0500 10.0500 10.0500 10.0500 10.0500 9.98752 9.32970 9.32816 9.32816 9.32816 9.32816 9.32816 9.32816 9.33122 9.33254 8.80235 6.92315
5.79415 5.79415 5.79415 5.79415 5.79415 5.76739 4.85051 4.80829 4.80829 4.68647 4.26528 4.32548 4.36865 4.54245 4.96567 4.96567 4.96567 4.96567 4.96567 4.96567 4.94835 4.81071 4.48908 4.22277 4.01423 3.65642 3.64614 3.70112 4.07526 4.83608 5.56494 6.18551 6.56953 6.87333 7.01398 7.01398 7.01398 7.01398 8.20778 9.05885 10.7884 10.7884 9.63124 8.96965 8.96965 8.96965 9.32966 9.63313 9.99499 10.0500 10.0500 10.0500 10.0500 10.0500 9.48299 9.32816 9.32816 9.31862 9.26698 8.91879 8.52641 8.16622 7.71670 7.12670 6.58681
5.79415 5.79415 5.79415 5.79415 5.79415 5.79415 5.07028 4.80829 4.80829 4.80693 4.31869 4.29403 4.36865 4.40686 4.96083 4.96410 4.86334 4.69050 4.49838 4.30664 4.13589 4.12433 4.09906 4.05127 3.90449 3.96619 4.61032 5.19330 5.87321 6.83748 6.93849 6.94823 7.00591 7.01398 7.01398 7.01398 7.01398 7.01398 7.66746 8.79031 10.6433 10.7884 10.2094 8.96965 8.96965 8.96965 9.11272 9.63292 9.87092 10.0500 10.0500 10.0500 10.0422 9.99117 9.28096 8.44238 8.07764 7.75598 7.32938 7.11524 6.99016 6.86514 6.79501 6.86433 6.84036
5.79415 5.79415 5.79415 5.79415 5.79415 5.79415 5.34574 4.80829 4.80829 4.80829 4.46648 4.21542 4.14691 3.96419 4.26176 4.19878 4.15833 4.19080 4.24209 4.29352 4.34064 4.51622 5.17119 5.68666 5.75846 6.01833 6.12513 6.12513 6.13054 6.84074 6.93091 6.94822 6.98912 7.01398 7.01398 7.01398 7.01398 7.01398 7.15020 8.85965 9.93474 10.7884 10.7157 9.04148 8.96965 8.96965 8.97027 9.56804 9.72917 9.67845 9.27749 8.91891 8.60743 8.34917 7.98174 7.08297 6.95789 6.83521 6.79480 6.79480 6.79480 6.79480 6.79480 6.79722 6.92751
