High_resolution/powerplant/Chizhou/OMI_NO2_200710.asc
ncols      200
nrows      200
xllcorner       115.585
yllcorner       28.7700
cellsize     0.0166667
NODATA_Value      -999.000
[rows 87 to 115 of 161, columns 67 to 133 of 200]
2.46538 2.44795 2.38279 2.38279 2.38541 2.58391 2.59973 2.71787 2.81603 2.60990 2.64817 2.86605 2.86605 2.86605 2.73301 2.68295 2.67129 2.69813 2.69974 2.65387 2.60837 2.56410 2.33821 2.30726 2.25937 2.06623 2.20477 2.25506 2.25825 2.27041 2.28312 2.29588 2.30861 2.31903 2.29984 2.26852 2.23724 2.20592 2.18805 2.55075 2.59990 2.73901 2.56721 2.53103 2.53103 2.53103 2.53103 2.53103 2.53190 2.53433 2.43029 2.37848 2.40022 2.40047 2.40013 2.29668 2.22614 2.20213 2.29618 2.36372 2.43715 2.57255 2.60004 4.55622 4.51829 4.48224 4.44787
2.43741 2.47802 2.38414 2.38279 2.38279 2.51806 2.55672 2.57459 2.68221 2.70769 2.77385 3.00270 3.05283 3.07487 2.97597 2.84450 2.73167 2.66481 2.61942 2.61763 2.62313 2.62854 2.55094 2.49662 2.38693 2.22214 2.18175 2.32365 2.31303 2.28760 2.26166 2.23564 2.20972 2.18414 2.17884 2.18407 2.18949 2.19474 2.20015 2.51198 2.59873 2.63695 2.56675 2.45406 2.44563 2.43836 2.43126 2.42417 2.41620 2.40663 2.36483 2.24730 2.23513 2.21579 2.19629 2.12600 1.99987 1.95599 2.06185 2.13361 2.23423 2.29853 2.36589 4.35941 4.37458 4.42498 4.47678
2.22172 2.25038 2.12513 2.05302 2.00582 2.04230 2.17127 2.17640 2.31822 2.62248 2.82032 2.88004 2.87997 2.79615 2.67731 2.59185 2.73709 2.74902 2.73956 2.70707 2.67138 2.63422 2.58524 2.67347 2.56184 2.43102 2.16095 2.28576 2.28004 2.28004 2.28004 2.28004 2.27983 2.27582 2.27043 2.26502 2.25960 2.25420 2.24879 2.43197 2.60447 2.48835 2.53171 2.34899 2.35031 2.35039 2.35039 2.35002 2.34256 2.33238 2.32106 2.18504 2.16430 2.16389 2.16389 2.15070 2.00851 1.95551 2.00241 2.05367 2.13767 2.12141 2.15457 4.55764 4.59427 4.59571 4.59571
1.89454 1.95573 1.92671 1.87045 1.87045 1.88774 2.08358 2.03884 2.07369 2.20510 2.46632 2.52229 2.66710 2.65180 2.59365 2.48191 2.59609 2.58134 2.54124 2.52595 2.51086 2.49735 2.49218 2.56456 2.53014 2.44833 2.10937 2.22052 2.24619 2.24076 2.23536 2.22995 2.22475 2.22342 2.22368 2.22394 2.22458 2.22680 2.22921 2.29769 2.61751 2.43165 2.54143 2.33317 2.31092 2.29934 2.28784 2.27678 2.27243 2.27064 2.26890 2.18945 2.11802 2.04681 1.97284 1.89942 1.87319 1.80428 1.80588 1.89238 1.95565 1.97366 2.01450 4.66019 4.67304 4.68590 4.69876
1.96105 1.92776 1.95805 1.83497 1.76813 1.70084 1.80142 1.82483 1.88086 1.96756 2.39407 2.42120 2.39788 2.33545 2.30049 2.25362 2.35865 2.42530 2.41173 2.39847 2.38552 2.37288 2.36284 2.40557 2.46556 2.42639 2.17443 2.13288 2.22975 2.23001 2.23027 2.23053 2.23107 2.23313 2.23528 2.23743 2.23920 2.23938 2.23867 2.21709 2.46839 2.31993 2.36369 2.28314 2.24125 2.24125 2.24121 2.20404 2.13427 2.06451 1.99793 1.91287 1.79385 1.81239 1.83403 1.85570 1.93485 1.99610 2.01829 2.20038 2.09404 1.96586 1.99148 4.83328 4.88765 4.94657 5.00590
2.00287 1.86220 1.73296 1.62027 1.63409 1.69225 1.79585 1.87050 1.91446 1.98375 2.29292 2.32427 2.18303 2.14770 2.14770 2.17085 2.25082 2.36438 2.36438 2.36438 2.36438 2.36438 2.36438 2.37321 2.47570 2.43142 2.27000 2.07480 2.23117 2.23295 2.23510 2.23725 2.23912 2.23938 2.23395 2.21050 2.18559 2.16069 2.13650 2.13049 2.32234 2.33717 2.30599 2.27540 2.15517 2.10704 2.05896 2.04803 2.06967 2.09078 2.09953 2.08581 1.96020 1.94015 1.92715 1.91413 1.93459 2.05260 2.10091 2.24664 2.19093 1.94185 1.94232 5.23695 5.26620 5.29156 5.35999
2.05804 1.94796 1.87822 1.86926 1.86275 1.86278 1.87345 1.91585 1.92109 1.96492 2.18584 2.31146 2.22568 2.14770 2.14770 2.16434 2.21245 2.36438 2.36438 2.36438 2.36438 2.36438 2.36438 2.36187 2.45534 2.50749 2.51224 2.30631 2.24260 2.24677 2.24850 2.23969 2.23087 2.22207 2.21869 2.23333 2.25137 2.27892 2.30783 2.33479 2.33406 2.15788 2.08233 2.18814 2.09720 2.08320 2.07019 2.05720 2.04418 2.03170 2.02839 2.02839 1.94847 1.90574 1.90571 1.90219 1.89814 2.02517 2.09895 2.22284 2.28552 1.92347 1.92605 5.48273 5.48273 5.48273 5.49610
1.86034 2.01655 2.00437 1.91755 1.86278 1.86278 1.86307 1.91086 1.91585 1.95842 2.10292 2.31146 2.26999 2.14770 2.14770 2.15787 2.18172 2.35671 2.36438 2.36001 2.34990 2.38759 2.46443 2.54130 2.66666 2.71681 2.66544 2.54390 2.35222 2.30846 2.29793 2.30101 2.31321 2.32599 2.33878 2.35156 2.36243 2.37741 2.40846 2.43962 2.45629 2.32842 2.23329 2.14660 2.05307 2.02839 2.02839 2.02839 2.02839 2.02839 2.02830 2.01263 1.95539 1.88909 1.88201 1.87898 1.87898 1.97630 2.07966 2.18073 2.37171 2.12282 2.15505 5.49363 5.49424 5.49484 5.49058
1.85747 1.94621 2.04991 1.93348 1.86874 1.86278 1.86278 1.89576 1.91585 1.94894 2.03017 2.28838 2.27392 2.11114 2.09386 2.08726 2.10477 2.26835 2.38774 2.46894 2.55590 2.59877 2.61636 2.64084 2.65394 2.64557 2.61412 2.56539 2.40968 2.34065 2.35379 2.38339 2.41513 2.44367 2.46914 2.49472 2.52021 2.53212 2.52658 2.52098 2.50842 2.40425 2.26462 2.20653 2.10571 2.05187 2.05346 2.04200 2.02415 2.00920 1.99429 1.99499 2.00577 1.99104 2.00404 2.03050 2.07966 2.19936 2.43902 2.59224 2.70275 2.54488 2.43830 5.42815 5.40703 5.38590 5.36966
1.86190 1.89282 2.09871 1.99067 1.93664 1.92010 1.93144 1.96372 2.01421 2.04603 2.08156 2.22090 2.23764 2.14458 2.18404 2.27553 2.39568 2.50902 2.54620 2.56537 2.58493 2.60974 2.63475 2.65298 2.65723 2.60618 2.57236 2.54425 2.43623 2.39274 2.42588 2.44184 2.44655 2.45384 2.46382 2.47367 2.48333 2.49455 2.50693 2.51917 2.52794 2.48697 2.46659 2.39168 2.21253 2.11541 2.09883 2.09529 2.09812 2.09812 2.10063 2.12625 2.15747 2.18529 2.21938 2.24248 2.24293 2.26539 2.48107 2.61212 2.71020 2.62690 2.45657 5.35275 5.33539 5.31805 5.30069
2.03561 2.04011 2.21033 2.19150 2.10769 2.06311 2.06674 2.07031 2.11921 2.13705 2.25357 2.44116 2.57623 2.58375 2.51792 2.54740 2.60806 2.64034 2.63691 2.66990 2.70402 2.72926 2.74108 2.76814 2.79750 2.72718 2.69514 2.68817 2.61751 2.57555 2.56423 2.56712 2.57001 2.57291 2.57579 2.57869 2.58157 2.58285 2.58285 2.57474 2.55049 2.49758 2.40205 2.41195 2.19856 2.11265 2.11459 2.14623 2.17792 2.20960 2.23875 2.24482 2.24526 2.24683 2.24930 2.25358 2.26989 2.28711 2.43861 2.61058 2.69664 2.69940 2.48083 5.30377 5.32373 5.34365 5.36361
2.06179 2.06179 2.15729 2.24988 2.15717 2.13815 2.20532 2.29535 2.42343 2.52401 2.59362 2.69130 2.81200 2.80418 2.74387 2.77147 2.80996 2.83303 2.79123 2.79501 2.79690 2.79884 2.80077 2.81563 2.84925 2.79509 2.76312 2.76247 2.71038 2.65835 2.63025 2.63310 2.63606 2.63895 2.64196 2.63781 2.61521 2.59141 2.56744 2.55226 2.55449 2.49466 2.35928 2.32606 2.06114 2.13518 2.25632 2.25635 2.25635 2.25635 2.26364 2.27824 2.29287 2.30840 2.33564 2.33363 2.31169 2.28881 2.32438 2.43707 2.48388 2.48359 2.48678 5.51430 5.51430 5.46488 5.35997
2.04925 2.04815 2.05713 2.21635 2.33191 2.47869 2.50143 2.50243 2.55482 2.64167 2.64432 2.64006 2.71456 2.70434 2.76778 2.77400 2.81373 2.92392 2.86388 2.85981 2.85981 2.85981 2.85981 2.86331 2.90714 2.87417 2.81237 2.80881 2.77679 2.71350 2.66516 2.65826 2.63282 2.60567 2.57849 2.55861 2.55764 2.53656 2.47399 2.41032 2.34666 2.26248 2.18483 2.18966 1.99380 2.00979 2.22545 2.22009 2.21466 2.20927 2.19657 2.17658 2.15658 2.14765 2.14417 2.16109 2.18846 2.21582 2.27044 2.34029 2.28355 2.30603 2.43663 4.99507 4.88967 4.83348 4.83298
2.01474 1.96291 1.90070 2.02985 2.22583 2.47544 2.51905 2.51885 2.55340 2.71549 2.65160 2.56955 2.69377 2.70062 2.74606 2.77278 2.78454 2.92409 2.87680 2.85981 2.85981 2.85981 2.85981 2.85981 2.90016 2.90196 2.81196 2.80587 2.77072 2.66693 2.59350 2.55936 2.55598 2.50713 2.43170 2.35597 2.28032 2.22571 2.21262 2.19803 2.17063 2.13110 2.08929 2.12615 2.01894 1.82247 2.09879 2.13114 2.15512 2.17907 2.20300 2.22696 2.25089 2.26377 2.26617 2.26947 2.26947 2.26947 2.27304 2.36449 2.27908 2.30478 2.38982 4.83106 4.83106 4.83106 4.83106
1.77926 1.73874 1.72437 1.86690 2.10941 2.42758 2.51842 2.51885 2.51922 2.69325 2.68694 2.56768 2.66382 2.70062 2.72651 2.77278 2.77278 2.90412 2.89004 2.85981 2.85981 2.85981 2.85981 2.85422 2.85452 2.83611 2.72597 2.66959 2.63255 2.48508 2.35284 2.25108 2.17704 2.15019 2.14577 2.12938 2.11227 2.09512 2.07801 2.06343 2.05845 2.04166 2.02176 2.07038 2.03776 1.94750 2.16363 2.26378 2.26378 2.26378 2.26378 2.26378 2.26378 2.26384 2.26550 2.26947 2.26947 2.26947 2.26947 2.34712 2.29295 2.29809 2.34611 4.80779 4.80488 4.80192 4.79903
1.71736 1.71736 1.71736 1.76463 2.03876 2.37195 2.50280 2.51885 2.51885 2.63721 2.71380 2.57612 2.63203 2.69801 2.69585 2.75200 2.74326 2.82977 2.85035 2.79670 2.77116 2.73511 2.69904 2.66856 2.66524 2.64660 2.53374 2.33376 2.24795 2.19727 2.16804 2.11001 2.09245 2.07532 2.05655 2.04122 2.02658 2.01191 1.99725 1.98259 1.97117 1.97023 1.96638 2.01084 2.02723 1.96361 2.06811 2.25550 2.25417 2.25285 2.25212 2.25165 2.24546 2.23005 2.21373 2.19735 2.18093 2.16456 2.13661 2.12719 2.02754 1.96757 2.02503 4.72657 4.71131 4.69990 4.68846
1.71736 1.71736 1.71736 1.71736 1.98325 2.26440 2.49147 2.53540 2.54007 2.60671 2.74605 2.64501 2.60980 2.61200 2.60803 2.66056 2.65776 2.68782 2.72433 2.67701 2.64334 2.60004 2.54442 2.48527 2.44526 2.46917 2.43577 2.21513 2.14966 2.05311 2.03904 2.03642 2.01248 1.99714 1.97694 1.96334 1.94949 1.93553 1.92132 1.90691 1.89213 1.87899 1.87366 1.86354 1.86908 1.85646 1.85626 2.12406 2.10799 2.08922 2.07283 2.05797 2.04906 2.04544 2.01913 1.98703 1.95268 1.91589 1.89408 1.90249 1.88152 1.77419 1.95552 4.67994 4.65336 4.65445 4.66184
1.67173 1.67105 1.66920 1.66729 1.82340 2.07156 2.39435 2.45058 2.44420 2.44793 2.62361 2.55140 2.46168 2.43371 2.40771 2.41932 2.41164 2.39922 2.41652 2.45690 2.40040 2.35444 2.29101 2.20564 2.12611 2.13924 2.07365 1.79323 1.67260 1.62793 1.65902 1.80726 1.76742 1.75641 1.75902 1.76405 1.76912 1.77417 1.77923 1.78429 1.78934 1.79245 1.79543 1.78245 1.74707 1.69603 1.70397 1.97689 2.04895 2.03274 2.00155 1.96826 1.93261 1.89891 1.89360 1.89344 1.89327 1.89310 1.89203 1.88732 1.92552 1.71671 1.95643 4.71736 4.68330 4.69063 4.69164
1.58676 1.59629 1.59629 1.59629 1.65470 1.92109 2.26594 2.34114 2.33139 2.29474 2.40133 2.36764 2.19240 2.14015 2.05911 1.99106 1.94957 1.85071 1.82197 1.86391 1.85224 1.79351 1.76514 1.75872 1.75232 1.81381 1.83301 1.69226 1.60450 1.60766 1.59374 1.82631 1.79257 1.79250 1.79250 1.79250 1.79250 1.79250 1.78514 1.76824 1.74999 1.73022 1.72469 1.72366 1.71676 1.71820 1.82552 1.91629 1.90891 1.88778 1.88756 1.88733 1.88725 1.88467 1.87888 1.87309 1.86730 1.86151 1.85677 1.86382 1.94660 1.79512 2.06051 4.56859 4.52265 4.50291 4.48322
1.56081 1.57564 1.57131 1.56697 1.56403 1.85443 1.98987 2.01928 2.00007 1.96614 1.98707 1.98132 1.76840 1.69849 1.66916 1.64298 1.49373 1.47911 1.56296 1.64873 1.71552 1.71428 1.71428 1.71428 1.71428 1.75843 1.80419 1.74706 1.59446 1.62352 1.58660 1.77243 1.80177 1.79250 1.78638 1.76972 1.75156 1.73190 1.72060 1.72059 1.75319 1.82787 1.90279 1.97763 2.01842 1.97866 1.99621 1.96742 1.89571 1.91149 1.92729 1.94305 1.95888 1.97722 1.99878 2.02036 2.04100 2.05910 2.07706 2.08749 2.12964 2.14776 2.31556 4.55204 4.49004 4.44798 4.40944
1.46342 1.50429 1.51354 1.48714 1.44743 1.56236 1.61754 1.60542 1.63977 1.57414 1.55456 1.61881 1.59800 1.59172 1.59241 1.59241 1.48592 1.44741 1.52221 1.61147 1.71428 1.71428 1.71428 1.71428 1.71428 1.73910 1.80419 1.79490 1.60381 1.63008 1.59022 1.70352 1.79969 1.73363 1.72076 1.72529 1.78454 1.86236 1.95079 2.04013 2.09696 2.11158 2.12627 2.14171 2.12387 2.09970 2.10747 2.15494 2.10678 2.09935 2.09711 2.09349 2.08987 2.08625 2.08262 2.07901 2.07629 2.07614 2.07614 2.07614 2.08466 2.18734 2.20046 4.63591 4.61360 4.59530 4.59530
1.28040 1.26677 1.23799 1.25455 1.28532 1.31321 1.31900 1.39283 1.52418 1.53211 1.53219 1.60825 1.60452 1.59149 1.59240 1.59241 1.52514 1.44741 1.49689 1.58152 1.71415 1.71428 1.71428 1.71428 1.71428 1.72097 1.80395 1.79682 1.62693 1.58780 1.60588 1.71020 1.97648 1.98646 2.07583 2.16057 2.19062 2.20248 2.20446 2.20554 2.20664 2.20773 2.20865 2.20837 2.16847 2.13243 2.08858 2.15123 2.10963 2.07752 2.07614 2.07614 2.07614 2.07614 2.07614 2.07614 2.07614 2.07614 2.07614 2.07614 2.07614 2.18446 2.10763 4.63591 4.62626 4.59592 4.60166
1.23656 1.28964 1.32050 1.32052 1.32052 1.32052 1.32009 1.36266 1.48511 1.53211 1.53211 1.58334 1.61103 1.59143 1.59223 1.59241 1.56436 1.44359 1.45563 1.53545 1.64778 1.65071 1.63573 1.62047 1.60508 1.58969 1.63362 1.64449 1.57330 1.62096 1.81025 1.99837 2.23303 2.21262 2.20571 2.20680 2.20789 2.20783 2.20406 2.20001 2.19596 2.19191 2.18786 2.18420 2.16161 2.12222 2.06760 2.13146 2.12417 2.07614 2.07614 2.07541 2.07279 2.07008 2.06738 2.06462 2.06406 2.07338 2.08390 2.09441 2.10491 2.18956 2.18041 4.90862 4.91617 4.84278 4.84818
1.27709 1.29289 1.32052 1.32052 1.32052 1.32052 1.32052 1.33624 1.43904 1.52262 1.51695 1.53758 1.59076 1.55960 1.52288 1.48461 1.47043 1.32895 1.32004 1.41972 1.51838 1.56457 1.56009 1.56660 1.57567 1.58485 1.63813 1.66976 1.63776 1.63188 1.74291 1.95942 2.12524 2.14231 2.09970 2.08835 2.07717 2.06665 2.05935 2.05196 2.04487 2.03753 2.03039 2.02309 2.01484 2.04636 2.01509 2.06492 2.10210 2.04491 2.05251 2.06375 2.07690 2.09012 2.10334 2.11658 2.12762 2.12882 2.12882 2.12882 2.12882 2.16015 2.22924 5.22779 5.31398 5.29038 5.29235
1.26315 1.26038 1.29263 1.28589 1.27899 1.27208 1.26519 1.25360 1.34278 1.47154 1.47356 1.47690 1.55681 1.53672 1.50533 1.45269 1.45182 1.35635 1.30810 1.40401 1.44210 1.45587 1.47165 1.48114 1.49060 1.51982 1.60266 1.69508 1.75051 1.71723 1.87565 2.15035 2.12189 2.04175 1.97523 1.96443 1.94856 1.93277 1.91693 1.90110 1.88531 1.86946 1.85368 1.83783 1.82203 1.85247 2.04424 2.13410 2.18569 2.14761 2.12882 2.12882 2.12882 2.12882 2.12882 2.12882 2.12882 2.12882 2.12882 2.12882 2.12882 2.13622 2.25773 5.47440 5.48031 5.49910 5.71487
1.20556 1.20556 1.24114 1.24898 1.24898 1.24898 1.24898 1.24310 1.30119 1.43464 1.47347 1.47640 1.54397 1.55554 1.54526 1.48832 1.50523 1.46572 1.38869 1.49307 1.61405 1.68263 1.74775 1.80869 1.86503 1.89804 1.89714 1.89592 1.89469 1.79383 1.82559 2.00002 2.04165 1.93883 1.83739 1.82348 1.82572 1.82799 1.83019 1.83242 1.83455 1.83675 1.83883 1.84097 1.81270 1.83344 1.99099 2.11244 2.17152 2.14796 2.12882 2.12882 2.12882 2.12882 2.12882 2.12882 2.14252 2.17645 2.21055 2.24468 2.27880 2.30709 2.30091 5.30271 5.31928 5.31145 5.78855
1.20556 1.20556 1.22931 1.24898 1.25198 1.25922 1.26645 1.28026 1.35270 1.46752 1.57228 1.59379 1.67014 1.72865 1.71514 1.63893 1.62396 1.62736 1.79126 1.86485 1.92027 1.92229 1.92259 1.92285 1.92320 1.92431 1.92567 1.92700 1.92834 1.86989 1.80997 1.93551 2.04709 1.96919 1.90799 1.87034 1.87034 1.87034 1.87034 1.87034 1.87034 1.87034 1.87032 1.85950 1.78667 1.75721 1.84326 2.04115 2.10643 2.12882 2.12956 2.15302 2.18130 2.19467 2.20736 2.21998 2.21898 2.19771 2.17629 2.16654 2.25634 2.36846 2.49162 4.90498 5.05175 5.05512 5.49721
1.35477 1.36199 1.38119 1.42144 1.45813 1.51076 1.63183 1.77596 1.91059 1.97309 1.91422 1.96102 1.96155 1.82309 1.75531 1.70124 1.66753 1.66753 1.84958 1.89262 1.92839 1.92993 1.93020 1.93020 1.93020 1.93020 1.93020 1.93020 1.93020 1.91910 1.78944 1.88295 2.04709 1.98008 1.90164 1.87034 1.87034 1.87034 1.86813 1.85081 1.82948 1.80348 1.74914 1.70090 1.60449 1.51845 1.55082 1.84275 1.95314 2.12314 2.15582 2.15819 2.15613 2.21315 2.34582 2.47704 2.60564 2.73159 2.85526 2.96613 2.98930 2.99277 3.00796 4.81874 5.13039 5.12098 5.39422
1.41941 1.48387 1.63669 1.82844 1.97342 2.10088 2.15985 2.18903 2.18976 2.14852 2.00964 1.98375 1.98373 1.85489 1.76641 1.72212 1.66753 1.66753 1.79104 1.88487 1.92701 1.92955 1.93020 1.93020 1.93020 1.93020 1.93020 1.93020 1.93020 1.92143 1.76987 1.77276 1.91550 1.84570 1.74842 1.70053 1.64025 1.57553 1.51001 1.46902 1.43323 1.40087 1.39556 1.39605 1.34061 1.23197 1.29701 1.72291 1.91749 2.55073 2.70699 2.81841 2.92976 3.00024 3.00139 3.00139 3.00139 3.00139 3.00139 3.00139 3.00139 3.00139 3.00139 4.67027 5.12085 5.12725 5.26268
