High_resolution/powerplant/Chizhou/OMI_NO2_200707.asc
ncols      200
nrows      200
xllcorner       115.585
yllcorner       28.7700
cellsize     0.0166667
NODATA_Value      -999.000
[rows 0 to 28 of 175, columns 132 to 197 of 200]
3.11567 3.10020 3.13825 3.51515 3.52097 3.52097 3.52097 3.52097 3.45399 3.29032 3.15091 3.09413 3.16366 3.12410 3.13502 3.13388 3.12460 3.12646 3.11148 3.10210 3.18300 3.31468 3.45933 3.61646 3.67272 3.66673 3.62515 3.57949 3.74085 3.84691 3.78751 4.35761 4.35186 4.28314 4.37010 4.30939 4.22613 4.19894 4.19894 4.19894 4.85879 4.98445 4.75630 4.75071 4.75071 4.75071 4.73432 3.91391 3.86659 4.94138 6.68811 8.00732 9.03626 9.86419 10.5079 10.6455 10.6455 10.6455 12.2629 13.4448 13.1738 9.46821 9.46503 9.46503 9.46503 9.46503
3.03201 3.07310 3.07310 3.37355 3.26650 3.13214 3.03407 2.95908 2.92649 2.94637 2.96571 2.99688 3.19939 3.21028 3.21085 3.18333 3.13687 3.14533 3.20504 3.53836 3.58336 3.58336 3.52791 3.29681 3.26393 3.23607 3.23222 3.23222 3.29538 3.46261 3.46261 3.86326 4.07695 4.07695 4.14438 4.19894 4.19894 4.19894 4.19894 4.19894 4.66974 4.99772 4.83654 4.74652 4.72639 6.51571 7.50606 9.10297 10.1432 10.2648 10.4489 10.6455 10.6455 10.6455 10.6455 10.6455 10.6455 10.6455 11.6138 13.4448 13.4448 10.5498 9.46503 9.46503 9.46503 9.46503
2.76728 2.78883 2.74471 2.88639 2.99646 3.01124 3.01407 3.01407 3.01407 3.01407 3.01407 3.01407 3.16486 3.21653 3.22013 3.21715 3.16241 3.16226 3.16270 3.53254 3.58336 3.58336 3.57292 3.23806 3.23222 3.23222 3.23222 3.23222 3.24208 3.45605 3.46261 3.70669 4.07695 4.07695 4.11396 4.19894 4.19894 4.19898 4.20830 4.25412 4.58241 5.04123 5.02188 4.98139 5.04020 7.36618 8.49815 8.85970 9.32996 9.27568 9.85370 10.6455 10.6455 10.6455 10.6455 10.6455 10.6455 10.6455 10.9732 13.7959 14.2759 13.8430 13.4610 13.0021 9.46503 9.46503
2.66011 2.79013 2.79013 2.86907 3.01407 3.01407 3.01407 3.01407 3.01900 3.03412 3.04796 3.06032 3.13965 3.22679 3.22903 3.23122 3.18100 3.17298 3.17516 3.40803 3.60069 3.60287 3.60530 3.25831 3.17541 3.17190 3.16830 3.16478 3.16135 3.28890 3.34002 3.39975 3.83485 3.82891 3.84767 4.29323 4.34998 4.39955 4.44251 4.46797 4.50951 4.86487 4.84477 4.70564 4.69206 5.64807 7.27271 7.33492 7.64498 7.65279 9.72130 11.6378 12.2041 12.7176 13.1854 13.6130 14.0042 14.3655 14.6946 16.4501 16.6706 16.5952 16.2937 15.8578 9.46503 9.46503
2.65353 2.84163 2.84449 2.86849 3.07619 3.09088 3.10404 3.11574 3.12400 3.12641 3.12859 3.13084 3.15876 3.29077 3.29077 3.29077 3.25451 3.22811 3.22811 3.31886 3.64921 3.64921 3.64911 3.27625 3.07454 3.05829 3.04204 3.04321 3.06628 3.15483 3.26637 3.29717 3.69245 3.74125 3.74128 4.30288 4.39775 4.39969 4.40162 4.40235 4.40235 4.75154 4.78750 4.66249 4.60494 4.81840 7.14416 7.18877 10.2021 10.6078 12.2284 14.6792 14.8045 14.8045 14.8045 14.8045 14.8045 14.8045 14.8045 16.0165 16.6706 16.6630 16.3167 16.2937 11.0244 9.46503
2.81077 3.01268 3.02917 2.93952 3.10267 3.13334 3.13334 3.13334 3.13334 3.13334 3.13334 3.13334 3.13342 3.27026 3.29077 3.26160 3.17625 3.06832 3.00299 2.98733 3.49326 3.52120 3.53603 3.34218 3.07853 3.11797 3.15742 3.17950 3.17958 3.20382 3.33172 3.33300 3.59409 3.73993 3.72841 4.10953 4.35545 4.34199 4.32853 4.31506 4.30161 4.54711 4.68832 4.62108 4.51825 4.51825 6.57537 7.10685 9.83205 10.7405 11.7682 14.1210 14.8045 14.8198 14.8860 14.9562 15.0261 15.0961 15.1660 16.2839 18.3935 18.6790 19.6815 20.8823 19.8011 9.46503
3.10148 3.14353 3.15102 2.95557 3.05655 3.13334 3.13334 3.11949 3.05803 2.99265 2.92731 2.86198 2.79664 2.82205 2.82330 2.78714 2.79018 2.77549 2.82233 2.88691 3.49133 3.73091 3.74410 3.63947 3.18082 3.16807 3.14735 3.12771 3.10888 3.08998 3.20332 3.20293 3.35667 3.63566 3.63566 3.86301 4.28893 4.28893 4.28893 4.28893 4.28893 4.46633 4.73774 4.75725 4.66211 4.70349 6.05821 7.37613 9.22587 11.0938 11.7951 14.2224 15.6032 15.6578 15.6616 15.6616 15.6616 15.6599 15.5434 15.9425 19.5443 19.2684 20.0908 23.1224 23.1224 0.00000
3.11401 3.15384 3.20585 3.06348 2.97709 2.75035 2.68502 2.63351 2.62960 2.62960 2.62960 2.63744 2.66115 2.74375 2.94727 2.99461 3.03431 2.97592 2.93617 2.91112 3.24873 3.62914 3.60425 3.55560 3.06872 3.01715 3.01906 3.01969 3.01969 3.02000 3.12443 3.21483 3.30107 3.75959 3.79581 3.90135 4.59472 4.64838 4.70207 4.75760 4.81514 4.90433 5.11689 5.11689 5.05278 5.03253 5.60099 7.62114 8.51355 11.2547 11.5329 13.8335 15.6040 15.4241 15.2402 15.0560 14.8722 14.6901 14.6225 14.6491 18.3630 18.7148 19.0366 23.1224 23.1224 0.00000
3.23154 3.23554 3.27451 3.18245 3.05487 2.63514 2.64069 2.66486 2.68902 2.71601 2.74834 2.77301 2.78177 2.79920 3.07105 3.09115 3.09945 2.92306 2.77565 2.82289 3.07024 3.53206 3.55150 3.55216 3.24369 3.19742 3.22626 3.25604 3.28692 3.31842 3.38279 3.51211 3.51211 3.99540 4.06874 4.06874 4.72591 4.85267 4.85267 4.85267 4.85267 4.85447 5.10089 5.11689 5.08122 5.03253 5.07495 7.34596 7.51113 10.8026 10.8317 12.6905 14.5103 14.6225 14.6225 14.6225 14.6225 14.6225 14.6225 14.6225 17.1943 18.7148 18.7148 21.9899 23.1224 23.1224
3.23167 3.24627 3.30729 3.30291 3.19610 2.87003 2.79622 2.80455 2.81285 2.81838 2.81851 2.81851 2.81851 2.81851 3.01715 3.14331 3.21634 3.19398 3.03334 3.05914 3.14509 3.48367 3.55223 3.55223 3.39545 3.32958 3.32958 3.32958 3.32958 3.32958 3.33639 3.50570 3.51211 3.85360 4.06874 4.06874 4.52616 4.85267 4.85267 4.85267 4.85267 4.92936 5.27511 5.53838 5.78527 6.11695 6.39042 7.14437 7.58970 10.3903 11.4352 13.1353 14.3336 14.6225 14.6225 14.6225 14.6225 14.6225 14.6225 14.6225 16.1969 18.7148 18.7157 20.4827 23.1644 23.1936
3.34657 3.35613 3.40142 3.42919 3.28176 3.03187 2.81851 2.81851 2.81851 2.81851 2.81851 2.85113 2.92405 2.99708 3.18543 3.38737 3.38737 3.37071 3.06496 3.05914 3.07064 3.41799 3.54644 3.54160 3.45577 3.39602 3.40903 3.42244 3.43530 3.44841 3.46172 3.60471 3.67032 3.88309 4.25382 4.28903 4.77594 5.74995 6.05255 6.35508 6.65772 6.89077 7.06929 7.18958 7.33006 7.30960 7.27893 7.63552 8.26239 10.0546 11.9224 12.8729 14.1198 14.6228 14.6281 14.6354 14.6428 14.6501 14.6574 14.6648 15.4219 18.8001 18.8102 19.5641 23.3170 23.3170
3.31259 3.30783 3.33098 3.38384 3.26837 3.08242 2.74608 2.76691 2.83415 2.90236 2.97065 3.00623 3.00154 2.99678 3.02455 3.27103 3.26678 3.26188 3.00262 2.92405 2.91919 3.16206 3.39486 3.40846 3.53119 3.82431 3.82525 3.83224 3.84043 3.84853 3.85485 4.03991 4.49533 4.74579 5.43426 5.60431 5.76512 7.25074 7.37853 7.53458 7.68976 7.83813 7.81429 7.63662 7.63662 7.63935 7.80691 8.15659 9.29974 10.2105 12.0476 12.5974 13.9788 14.6854 14.6874 14.6874 14.6874 14.6874 14.6874 14.6874 14.7941 18.6817 18.8121 18.8963 23.0199 23.3170
3.21236 3.21232 3.19953 3.28635 3.27976 3.27454 2.92355 2.95817 2.95913 2.95913 2.95913 2.95913 2.95913 2.95913 2.95913 3.19257 3.24360 3.24360 3.07535 2.93562 2.95853 3.12257 3.37503 3.44928 3.49524 3.87780 3.88007 3.87604 3.87092 3.86581 3.86254 4.02502 5.07988 5.08861 5.68088 5.92077 6.08827 7.76441 8.36432 8.63624 8.90816 9.18007 9.43764 9.19261 9.40304 9.56912 9.72085 9.72085 10.4730 10.7124 11.9192 12.2904 13.8564 14.6239 14.6874 14.6874 14.6874 14.6874 14.7062 14.7416 14.7771 17.6513 18.8121 18.8121 21.3422 22.1215
3.12646 3.17132 3.24278 3.39085 3.41289 3.41289 3.07322 2.95913 2.95913 2.95913 2.95920 2.97247 2.99536 3.01825 3.04114 3.21424 3.37140 3.39431 3.33008 3.09094 3.08644 3.13150 3.33762 3.45341 3.44837 3.81525 3.86249 3.86249 3.86724 3.91960 4.09318 4.29935 5.53270 5.92332 7.14168 8.22160 8.48207 9.46267 10.1652 10.1652 10.1652 10.1652 10.1652 9.65322 9.40526 9.28466 9.26025 9.16247 9.46885 9.76099 10.5563 12.0647 13.9099 14.6350 14.9977 15.0331 15.0682 15.1039 15.1204 15.1204 15.1204 16.1058 16.2352 14.8963 14.6187 15.7720
3.35472 3.31302 3.31302 3.37443 3.43634 3.45646 3.26007 3.05711 3.08002 3.10289 3.12571 3.13535 3.13535 3.13535 3.13418 3.19709 3.40789 3.40277 3.38669 3.07506 3.06978 3.11852 3.37424 3.58736 3.65094 3.99555 4.30235 4.51021 4.71116 4.86656 4.90051 4.90051 5.57249 6.11815 6.94792 8.54983 8.54670 8.95095 9.87690 9.72239 9.57607 9.43756 9.30609 9.06559 8.96549 8.98013 9.01088 9.03829 9.20805 9.83604 10.3924 11.8038 13.6389 14.5341 15.1204 15.0137 14.5292 13.7445 12.8952 12.1584 11.5137 11.5108 12.3675 12.3675 12.7297 15.7607
3.55108 3.45382 3.47888 3.51683 3.56228 3.56228 3.46519 3.13535 3.13535 3.13371 3.12983 3.12594 3.12225 3.12333 3.12754 3.13811 3.39879 3.42546 3.43239 3.42645 3.47086 3.47974 3.65890 3.99361 4.30671 4.65029 4.90051 4.90051 4.90051 4.90051 4.90051 4.90051 5.21853 6.11815 6.33931 8.54302 8.04348 7.93470 9.17886 9.19205 9.19205 9.19205 9.19205 9.12676 8.98421 8.98421 8.99423 9.03829 9.04508 9.75815 9.89404 10.9513 12.2664 12.5701 12.1010 11.5106 11.2826 11.2099 11.2099 11.2099 11.2099 11.2885 12.3645 12.3675 12.3679 15.1304
3.70272 3.49976 3.49976 3.50186 3.55814 3.55951 3.55488 3.16057 3.14171 3.14639 3.15330 3.16024 3.16695 3.16892 3.16892 3.16892 3.34878 3.44684 3.46906 3.51696 3.56550 3.59621 3.70283 4.01375 4.48467 4.59820 4.90051 4.90051 4.90051 4.90051 4.90051 4.90051 4.92861 6.05423 6.11815 8.14829 8.20957 7.84591 8.92498 9.19205 9.19205 9.19205 9.19205 9.17822 8.99127 9.00506 9.01878 9.05369 9.03155 8.50934 8.16804 9.26025 10.4268 11.2151 11.2099 11.2099 11.2099 11.2099 11.2099 11.2099 11.2099 11.2099 12.1529 12.3675 12.3675 14.0103
3.77500 3.48660 3.48173 3.47687 3.56534 3.59584 3.59584 3.29439 3.16892 3.16892 3.16892 3.16892 3.16892 3.16910 3.18850 3.22073 3.35147 3.56174 3.57179 3.57924 3.60379 3.60379 3.64742 3.83602 4.44487 4.51441 4.89939 4.90051 4.90051 4.90051 4.90051 4.90356 4.90923 5.74286 6.13827 7.55860 8.44365 7.87690 8.61150 9.19357 9.17367 9.15310 9.13151 9.10890 8.89691 8.80009 8.73523 8.71464 8.70654 8.43965 7.95333 8.79673 10.0477 11.2099 11.2099 11.2099 11.2099 11.1688 10.7745 10.3005 9.82567 9.35084 9.08661 8.62473 7.99162 7.55729
3.51776 3.57769 3.58699 3.58699 3.58699 3.56579 3.74739 3.95989 3.82908 3.69748 3.56598 3.43459 3.37622 3.48368 3.87729 3.87729 3.87729 3.87729 3.87729 3.87729 3.87729 3.87729 3.84934 3.79928 3.79928 3.79928 3.79934 3.83863 3.91099 3.98332 4.12596 4.36352 4.90898 4.90849 4.88749 5.14635 5.11090 5.06470 5.01395 4.99482 4.97333 4.95548 4.95362 4.95362 4.95362 4.97547 5.05329 5.13398 5.79139 6.08530 6.79286 7.23612 7.19766 7.76311 8.35034 8.63088 8.63388 8.50296 8.39945 8.31611 8.26094 8.23453 8.23453 8.23453 7.92620 6.56583
3.58699 3.58699 3.55128 3.42428 3.29283 3.15460 3.09115 3.37692 3.37622 3.37622 3.37622 3.37622 3.37622 3.37998 3.83285 3.87729 3.87729 3.87729 3.87729 3.87729 3.87729 3.87729 3.87194 3.82556 3.89577 3.96816 4.03255 4.01654 3.96159 3.90675 3.90624 3.93754 4.48465 4.52290 4.50224 4.81507 4.90128 4.90128 4.93891 4.95362 4.98532 5.06547 5.14616 5.23390 5.34240 5.43020 5.46210 5.49115 5.93141 6.38845 6.58737 6.94301 6.94298 7.24197 8.16274 8.42694 8.57143 8.23453 8.23453 8.23453 8.23453 8.23453 8.23453 8.23453 8.22793 6.78380
3.18223 3.05080 2.95493 2.95041 2.95041 2.95041 2.93030 3.36670 3.37622 3.37622 3.37622 3.37622 3.37622 3.37622 3.68848 3.87729 3.87729 3.87729 3.87729 3.89604 3.98569 4.08220 4.17858 3.91156 3.77477 3.71977 3.67267 3.66673 3.66673 3.66673 3.70303 3.77402 4.20110 4.50224 4.50229 4.77004 5.05249 5.16225 5.29586 5.43398 5.51198 5.54154 5.57060 5.59248 5.59378 5.59378 5.59378 5.59378 5.76190 6.43988 6.49472 6.98298 7.00589 7.06540 8.19431 8.37309 8.65453 8.29496 8.23453 8.23453 8.23453 8.23453 8.23453 8.23453 8.23453 7.23905
2.95041 2.95041 2.95041 2.95041 2.95041 2.95041 2.92921 3.28331 3.37622 3.37622 3.37622 3.37622 3.37622 3.37622 3.54028 3.88555 3.96543 4.06188 4.15836 4.23605 4.24288 4.24288 4.24288 3.90612 3.66673 3.66673 3.66673 3.66673 3.71716 3.85589 4.01005 4.20386 4.70101 5.36122 5.51944 5.59920 5.54144 5.54144 5.55185 5.59378 5.59378 5.59378 5.59378 5.59378 5.59378 5.59917 5.61739 5.63613 5.65935 6.42655 6.50624 6.91830 7.01618 7.01618 7.90409 8.28528 8.65474 8.43089 8.23453 8.23422 8.23305 8.23179 8.23055 8.22932 8.22808 7.69175
2.95041 2.95041 2.95041 2.95041 2.95041 2.91296 2.82607 2.96783 3.19145 3.37622 3.37622 3.37819 3.44414 3.54052 3.66436 4.21495 4.24288 4.24288 4.24288 4.24288 4.24670 4.36367 4.51855 4.47065 4.15868 4.27737 4.39257 4.50143 4.57226 4.58110 4.58606 4.66213 4.94715 5.58278 5.65470 5.65744 5.57927 5.57926 5.58421 5.63701 5.64496 5.65362 5.67571 5.69892 5.72218 5.73994 5.74498 5.74945 5.75385 6.27947 6.60206 6.88875 7.12096 7.12536 7.70639 8.37022 8.59964 8.52339 8.18961 8.18869 8.18864 8.18864 8.18864 8.18864 8.21599 8.19719
2.76689 2.69860 2.63564 2.57770 2.52394 2.49446 2.49212 2.59898 2.95508 3.52268 3.61970 3.71464 3.74575 3.74626 3.74677 4.11612 4.24886 4.24936 4.24987 4.25047 4.31102 5.20258 5.22989 5.21604 4.60660 4.59024 4.59055 4.59085 4.59116 4.59140 4.59142 4.74549 4.92603 5.52842 5.76236 5.76236 5.69922 5.67656 5.69355 5.74787 5.78339 5.79804 5.79910 5.79910 5.79910 5.79910 5.79910 5.79910 5.79910 6.07714 6.63835 6.79057 7.15394 7.25238 7.63841 8.38538 8.55189 8.60738 8.11727 8.08915 8.14369 8.19674 8.24838 8.29891 8.32480 8.30412
2.45790 2.45563 2.45337 2.45109 2.45113 2.45033 2.45025 2.63258 3.12179 3.68453 3.72817 3.75432 3.75432 3.75432 3.75433 3.97945 4.27586 4.28838 4.30090 4.31331 4.31799 5.07279 5.25471 5.25471 4.74210 4.59142 4.59142 4.59142 4.59142 4.59142 4.59142 4.70521 4.80461 5.35185 5.78055 5.79932 5.77800 5.74500 5.74676 5.76885 5.79910 5.79910 5.79910 5.79910 5.79910 5.84836 5.94665 6.05038 6.16011 6.33321 7.36044 7.57511 8.32753 8.39451 8.46557 8.54833 8.75267 8.93748 8.40258 8.19163 8.19163 8.19163 8.18900 8.13693 8.09528 8.06901
2.65228 2.69372 2.73044 2.76478 2.79640 2.82908 2.68409 2.64357 3.14283 3.49066 3.67223 3.75564 3.75814 3.75970 3.76126 3.84265 4.31799 4.31799 4.31799 4.31799 4.31799 4.85004 5.25471 5.25471 4.90573 4.59142 4.59142 4.59142 4.59142 4.59363 4.64478 4.78931 4.98129 5.38041 5.79813 5.83557 5.81845 5.76836 5.86803 5.98762 6.12941 6.24367 6.36486 6.49334 6.63032 6.69888 6.69888 6.69888 6.82324 7.27766 7.92335 8.02091 8.60654 8.81490 8.82154 8.75125 8.73622 8.79363 8.33912 7.84276 7.80184 7.77553 7.75179 7.77772 7.79291 7.79291
2.86213 2.86073 2.86073 2.86073 2.86073 2.86097 2.75658 2.60831 3.03820 3.35877 3.67372 3.74359 3.76187 3.76187 3.76187 3.76187 4.23458 4.31799 4.31799 4.31799 4.31799 4.59125 5.25471 5.25471 5.08928 4.59147 4.62990 4.70099 4.77208 4.84114 4.90710 5.02539 5.28767 5.60618 6.22532 6.52408 6.67317 6.69714 6.69888 6.69888 6.69888 6.69888 6.69888 6.87740 7.34590 7.81830 8.29322 8.94369 9.57041 9.86768 9.71266 9.48775 9.00698 8.20236 8.11682 8.09951 8.32407 8.82707 8.87866 7.69615 7.51838 7.43315 7.35059 7.27059 7.19320 7.11812
2.86088 2.86160 2.86238 2.86316 2.86394 2.86449 2.82201 2.61070 2.89454 3.23749 3.67372 3.72264 3.76187 3.76187 3.76187 3.76187 4.07035 4.31799 4.31799 4.31799 4.31799 4.34465 5.25327 5.37311 5.45126 5.09416 5.21455 5.31650 5.42491 5.54024 5.59157 5.59419 5.82309 5.91070 6.50863 6.80989 6.80989 6.73508 6.94176 7.51963 8.26851 9.02041 9.77118 10.3446 10.6276 10.9071 11.1832 11.2846 11.2846 11.2846 11.1219 10.3462 9.88622 8.57489 8.88471 9.19210 9.30837 9.51550 9.24868 7.26912 6.88677 6.88677 6.88677 6.88677 6.88677 6.88677
2.86445 2.86451 2.86451 2.86451 2.86451 2.86451 2.86292 2.63368 2.74949 3.16608 3.61512 3.70418 3.76187 3.76187 3.76187 3.76187 3.90612 4.31799 4.34108 4.45116 4.56960 4.68804 5.40074 5.59157 5.59157 5.59157 5.59157 5.59157 5.59157 5.59157 5.59157 5.59859 5.88583 6.17345 7.37228 8.52959 9.17470 10.0202 10.8236 10.8177 10.6545 10.4965 11.1565 11.2846 11.2846 11.2846 11.2846 11.2846 11.4245 11.7340 12.0428 11.5254 11.4554 9.35483 9.30777 9.30777 9.30777 9.47066 9.53116 7.69870 6.88677 6.88677 6.88677 6.88677 6.88677 6.88677
