High_resolution/powerplant/Chizhou/OMI_NO2_201108.asc
ncols      200
nrows      200
xllcorner       115.585
yllcorner       28.7700
cellsize     0.0166667
NODATA_Value      -999.000
[rows 29 to 57 of 166, columns 0 to 66 of 200]
0.00000 0.00000 0.00000 0.00000 0.00000 0.00000 0.00000 0.00000 3.13243 3.10513 2.94235 2.76102 2.57958 2.39834 2.21750 2.13989 2.13989 2.13989 2.13989 2.13989 2.13989 2.13989 2.13989 2.13989 2.13989 1.91640 1.91640 1.91640 1.91640 1.91640 1.91640 1.91640 1.91640 1.91640 1.91640 1.91640 1.91640 1.91640 1.91640 1.91640 1.91640 1.91640 1.91640 0.00000 0.00000 2.77913 2.77913 2.77913 2.77913 2.77913 2.77913 2.77913 2.77913 2.77913 2.77913 2.77913 2.77913 2.77913 2.77913 2.77913 2.77913 2.77913 2.77913 2.77913 2.77913 2.77913 2.70356
0.00000 0.00000 0.00000 0.00000 3.27747 3.27747 3.27747 3.27747 3.10827 2.15835 2.13989 2.13989 2.13989 2.13989 2.13989 2.13989 2.13989 2.13989 2.13989 2.13989 2.13989 2.13989 2.13989 2.13989 2.13989 2.13989 1.91640 1.91640 1.91640 1.91640 1.91640 1.91640 1.91640 1.91640 1.91640 1.91640 1.91640 1.91640 1.91640 1.91640 1.91640 1.91640 1.91640 0.00000 0.00000 2.77913 2.77913 2.77913 2.77913 2.77913 2.77913 2.77913 2.77913 2.77913 2.77913 2.77913 2.77913 2.77913 2.77913 2.77913 2.77913 2.77913 2.77913 2.66134 2.24559 1.81572 1.47393
3.27747 3.27747 3.27747 3.27747 3.27747 3.27747 3.27747 3.27747 3.27735 2.29348 2.13989 2.13989 2.13989 2.13989 2.13989 2.13989 2.13989 2.13989 2.13989 2.13989 2.13989 2.13989 2.13989 2.13989 2.13989 2.13989 1.91640 1.91640 1.91640 1.91640 1.91640 1.91640 1.91640 1.91640 1.91640 1.91640 1.91640 1.91640 1.91640 0.00000 0.00000 0.00000 0.00000 0.00000 0.00000 2.77913 2.77913 2.77913 2.77913 2.77913 2.77913 2.77913 2.77913 2.77913 2.77913 2.77913 2.77913 2.77913 2.77913 2.56190 2.13147 1.70160 1.27099 0.959082 0.944404 0.944404 0.944404
3.27747 3.27747 3.27747 3.27747 3.27747 3.27747 3.27747 3.27747 3.27747 2.62136 2.13989 2.13989 2.13989 2.13989 2.13989 2.13989 2.13989 2.13989 2.13989 2.13989 2.13989 2.13989 2.13989 2.13989 2.13989 2.13989 1.91640 1.91640 1.91640 1.91640 1.91640 1.91640 1.91640 1.91640 0.00000 0.00000 0.00000 0.00000 0.00000 0.00000 0.00000 0.00000 0.00000 0.00000 0.00000 0.00000 2.77913 2.77913 2.77913 2.77913 2.77913 2.77913 2.77913 2.77913 2.76336 2.44778 2.01754 1.58729 1.15705 0.944404 0.944404 0.944404 0.944404 0.944404 0.944404 0.944404 0.944404
3.27747 3.27747 3.27747 3.27747 3.27747 3.27747 3.27747 3.27747 3.27747 2.94924 2.13989 2.13989 2.13989 2.13989 2.13989 2.13989 2.13989 2.13989 2.13989 2.13989 2.13989 2.13989 2.13989 2.13989 2.13989 2.13989 2.13112 1.91640 0.00000 0.00000 0.00000 0.00000 0.00000 0.00000 0.00000 0.00000 0.00000 0.00000 0.00000 0.00000 0.00000 0.00000 0.00000 0.00000 0.00000 0.00000 2.77913 2.77913 2.77913 2.77913 2.71749 2.33366 1.90342 1.47317 1.05889 0.944404 0.944404 0.944404 0.944404 0.944404 0.944404 0.944404 0.944404 0.944404 0.944404 0.944404 0.944404
3.27747 3.27747 3.27747 3.27747 3.27747 3.27747 3.27747 3.27747 3.27747 3.23651 2.18073 2.13989 2.13989 2.13989 2.13989 2.13989 2.13989 2.13989 2.13989 2.13989 2.13989 2.13989 2.13989 2.13989 2.13989 2.13989 2.13989 0.00000 0.00000 0.00000 0.00000 0.00000 0.00000 0.00000 0.00000 0.00000 0.00000 0.00000 0.00000 0.00000 0.00000 0.00000 0.00000 0.00000 0.00000 0.00000 2.17825 2.24428 1.78911 1.35924 0.990639 0.944404 0.944404 0.944404 0.944404 0.944404 0.944404 0.944404 0.944404 0.944404 0.944404 0.944404 0.944404 0.944404 0.944404 0.944404 0.944404
3.27747 3.27747 3.27747 3.27747 3.27747 3.27747 3.27747 3.27747 3.27747 3.27747 2.46772 2.15597 2.13989 2.13989 2.13989 2.13989 2.13989 2.13989 2.13989 2.13989 2.13989 2.13989 2.13989 2.13989 0.00000 0.00000 0.00000 0.00000 0.00000 0.00000 0.00000 0.00000 0.00000 0.00000 0.00000 0.00000 0.00000 0.00000 0.00000 0.00000 0.00000 0.00000 2.12567 2.12567 2.12567 2.12567 2.12567 1.43058 0.944404 0.944404 0.944404 0.944404 0.944404 0.944404 0.944404 0.944404 0.944404 0.944404 0.944404 0.944404 0.944404 0.944404 0.944404 0.944404 0.944404 0.944404 0.944404
3.27747 3.27747 3.27747 3.27747 3.27747 3.26950 3.18757 3.11085 3.05291 3.00756 2.71995 2.34408 2.13989 2.13989 2.13989 2.13989 2.13989 2.13989 0.00000 0.00000 0.00000 0.00000 0.00000 0.00000 0.00000 0.00000 0.00000 0.00000 0.00000 0.00000 0.00000 0.00000 0.00000 0.00000 0.00000 0.00000 0.00000 2.12567 2.12567 2.12567 2.12567 2.12567 2.12567 2.12567 2.12567 2.12567 2.12567 1.80400 0.944404 0.944404 0.944404 0.944404 0.944404 0.944404 0.944404 0.944404 0.944404 0.944404 0.944404 0.944404 0.944404 0.944404 0.944404 0.944404 0.944404 0.944404 0.944404
3.25155 3.16187 3.09163 3.03801 2.99573 2.96360 2.95742 2.91583 2.80132 2.68540 2.54632 2.55688 2.41116 0.00000 0.00000 0.00000 0.00000 0.00000 0.00000 0.00000 0.00000 0.00000 0.00000 0.00000 0.00000 0.00000 0.00000 0.00000 0.00000 0.00000 0.00000 0.00000 0.00000 2.12567 2.12567 2.12567 2.12567 2.12567 2.12567 2.12567 2.12567 2.12567 2.12567 2.12567 2.12567 2.12567 2.12567 2.10146 1.02116 0.944404 0.944404 0.944404 0.944404 0.944404 0.944404 0.944404 0.944404 0.944404 0.944404 0.944404 0.944404 0.944404 0.944404 0.944404 0.944404 0.944404 0.944404
2.95908 2.95619 2.88254 2.76655 2.65057 2.53470 2.41878 2.34445 2.34309 2.34309 2.34309 2.55928 2.63738 0.00000 0.00000 0.00000 0.00000 0.00000 0.00000 0.00000 0.00000 0.00000 0.00000 0.00000 0.00000 0.00000 0.00000 0.00000 0.00000 2.12567 2.12567 2.12567 2.12567 2.12567 2.12567 2.12567 2.12567 2.12567 2.12567 2.12567 2.12567 2.12567 2.12567 2.12612 2.12567 2.12567 2.12567 2.12567 1.37079 0.944404 0.944404 0.944404 0.944404 0.944404 0.944404 0.944404 0.944404 0.944404 0.944404 0.944404 0.944404 0.944404 0.944404 0.944404 0.944404 0.944404 0.944404
2.50006 2.38536 2.34309 2.34309 2.34309 2.34309 2.34309 2.34309 2.34309 2.34309 2.34309 2.45734 2.63738 0.00000 0.00000 0.00000 0.00000 0.00000 0.00000 0.00000 0.00000 0.00000 0.00000 0.00000 0.00000 0.00000 2.12567 2.12567 2.12567 2.12567 2.12567 2.12567 2.12567 2.12567 2.12567 2.12567 2.12567 2.12929 2.28460 2.46989 2.61031 2.72075 2.80973 2.73394 2.12567 2.12567 2.12567 2.12567 1.74435 0.944404 0.944404 0.944404 0.944404 0.944404 0.944404 0.944404 0.944404 0.944404 0.944404 0.944404 0.944404 0.944404 0.00000 0.00000 0.00000 0.00000 0.00000
2.34309 2.34309 2.34309 2.34309 2.34309 2.34309 2.34309 2.34309 2.34309 2.34309 2.34309 2.38928 2.63738 0.00000 0.00000 0.00000 0.00000 0.00000 0.00000 0.00000 0.00000 0.00000 0.00000 0.00000 0.00000 0.00000 2.12567 2.12567 2.12567 2.12567 2.12567 2.12567 2.21095 2.41263 2.56617 2.68579 2.78127 2.85853 2.88259 2.88259 2.88259 2.88259 2.88259 2.86342 2.15999 2.12567 2.12567 2.12567 2.07524 0.987516 0.944404 0.944404 0.944404 0.944404 0.944404 0.944404 0.944404 0.944404 0.00000 0.00000 0.00000 0.00000 0.00000 0.00000 0.00000 0.00000 0.00000
2.34309 2.34309 2.34309 2.34309 2.34309 2.34309 2.34309 2.34309 2.34309 2.34309 2.34309 2.34732 2.61214 2.63738 0.00000 0.00000 0.00000 0.00000 0.00000 0.00000 0.00000 0.00000 0.00000 0.00000 0.00000 0.00000 0.00000 2.12567 2.41828 2.64793 2.75089 2.83440 2.88153 2.88259 2.88259 2.88259 2.88259 2.88259 2.88259 2.88259 2.88259 2.88259 2.88259 2.88259 2.43268 2.12567 2.12567 2.12567 2.12567 1.32981 0.944404 0.944404 0.944404 0.944404 0.00000 0.00000 0.00000 0.00000 0.00000 0.00000 0.00000 0.00000 0.00000 0.00000 0.00000 0.00000 0.00000
2.34309 2.34309 2.34309 2.34309 2.34309 2.34309 2.34309 2.34309 2.34309 2.34309 2.34309 2.34309 2.50006 2.63738 0.00000 0.00000 0.00000 0.00000 0.00000 0.00000 0.00000 0.00000 0.00000 0.00000 0.00000 0.00000 0.00000 2.12567 2.58633 2.88259 2.88259 2.88259 2.88259 2.88259 2.88259 2.88259 2.88259 2.88259 2.88259 2.88259 2.88259 2.88259 2.88259 2.88259 2.65337 2.12567 2.12567 2.12567 2.12567 2.12567 0.00000 0.00000 0.00000 0.00000 0.00000 0.00000 0.00000 0.00000 0.00000 0.00000 0.00000 0.00000 0.00000 0.00000 0.00000 0.00000 0.00000
2.34309 2.34309 2.34309 2.34309 2.34309 2.34309 2.34309 2.34309 2.34185 2.31918 2.28312 2.23789 2.24010 2.63738 0.00000 0.00000 0.00000 0.00000 0.00000 0.00000 0.00000 0.00000 0.00000 0.00000 0.00000 0.00000 0.00000 2.12567 2.32739 2.88259 2.88259 2.88259 2.88259 2.88259 2.88259 2.88259 2.88259 2.88259 2.88259 2.88259 2.88437 2.95240 3.07825 3.24936 3.46591 0.00000 0.00000 0.00000 0.00000 0.00000 0.00000 0.00000 0.00000 0.00000 0.00000 0.00000 0.00000 0.00000 0.00000 0.00000 0.00000 0.00000 0.00000 0.00000 0.00000 0.00000 0.00000
2.34309 2.34309 2.34309 2.33781 2.30866 2.27005 2.22117 2.15731 2.07481 2.04881 2.04881 2.04881 2.04881 0.00000 0.00000 0.00000 0.00000 0.00000 0.00000 0.00000 0.00000 0.00000 0.00000 0.00000 0.00000 0.00000 0.00000 0.00000 2.12604 2.82979 2.88259 2.88259 2.88259 2.88259 2.88259 2.88259 2.88765 2.96720 3.09801 3.27687 3.53023 3.63950 3.63950 3.63950 3.63950 3.63950 0.00000 0.00000 0.00000 0.00000 0.00000 0.00000 0.00000 0.00000 0.00000 0.00000 0.00000 0.00000 0.00000 0.00000 0.00000 0.00000 0.00000 0.00000 0.00000 0.00000 0.00000
2.25599 2.20304 2.13300 2.05694 2.04881 2.04881 2.04881 2.04881 2.04881 2.04881 2.04881 0.00000 0.00000 0.00000 0.00000 0.00000 0.00000 0.00000 0.00000 0.00000 0.00000 0.00000 0.00000 0.00000 0.00000 0.00000 0.00000 0.00000 2.12567 2.68519 2.88259 2.88259 2.89256 2.98249 3.11861 3.30577 3.56181 3.63950 3.63950 3.63950 3.63950 3.63950 3.63950 3.63950 3.63950 3.63950 0.00000 0.00000 0.00000 0.00000 0.00000 0.00000 0.00000 0.00000 0.00000 0.00000 0.00000 0.00000 0.00000 0.00000 0.00000 0.00000 0.00000 0.00000 0.00000 0.00000 0.00000
2.04881 2.04881 2.04881 2.04881 2.04881 0.00000 0.00000 0.00000 0.00000 0.00000 0.00000 0.00000 0.00000 0.00000 0.00000 0.00000 0.00000 0.00000 0.00000 0.00000 0.00000 0.00000 0.00000 0.00000 0.00000 0.00000 0.00000 0.00000 2.12567 2.56710 3.13990 3.33606 3.58873 3.63950 3.63950 3.63950 3.63950 3.63950 3.63950 3.63950 3.63950 3.53017 3.32249 3.11410 2.90570 2.69560 0.00000 0.00000 0.00000 0.00000 0.00000 0.00000 0.00000 0.00000 0.00000 0.00000 0.00000 0.00000 0.00000 0.00000 0.00000 0.00000 0.00000 0.00000 0.00000 0.00000 0.00000
0.00000 0.00000 0.00000 0.00000 0.00000 0.00000 0.00000 0.00000 0.00000 0.00000 0.00000 0.00000 0.00000 0.00000 0.00000 0.00000 0.00000 0.00000 0.00000 0.00000 0.00000 0.00000 0.00000 0.00000 0.00000 0.00000 0.00000 0.00000 0.00000 3.63950 3.63950 3.63950 3.63950 3.63950 3.63950 3.58921 3.39050 3.18222 2.97442 2.76615 2.55787 2.45881 2.45881 2.45881 2.45881 2.45881 2.45881 0.00000 0.00000 0.00000 0.00000 0.00000 0.00000 0.00000 0.00000 0.00000 0.00000 0.00000 0.00000 0.00000 0.00000 0.00000 0.00000 0.00000 0.00000 0.00000 0.00000
0.00000 0.00000 0.00000 0.00000 0.00000 0.00000 0.00000 0.00000 0.00000 0.00000 0.00000 0.00000 0.00000 0.00000 0.00000 0.00000 0.00000 0.00000 0.00000 0.00000 0.00000 0.00000 0.00000 0.00000 0.00000 0.00000 0.00000 0.00000 0.00000 0.00000 3.45589 3.25094 3.04255 2.83415 2.62647 2.46849 2.45881 2.45881 2.45881 2.45881 2.45881 2.45881 2.45881 2.45881 2.45881 2.45881 2.45881 0.00000 0.00000 0.00000 0.00000 0.00000 0.00000 0.00000 0.00000 0.00000 0.00000 0.00000 0.00000 0.00000 0.00000 0.00000 0.00000 0.00000 0.00000 0.00000 0.00000
0.00000 0.00000 0.00000 0.00000 0.00000 0.00000 0.00000 0.00000 0.00000 0.00000 0.00000 0.00000 0.00000 0.00000 0.00000 0.00000 0.00000 0.00000 0.00000 0.00000 0.00000 0.00000 0.00000 0.00000 0.00000 0.00000 0.00000 0.00000 0.00000 0.00000 2.45881 2.45881 2.45881 2.45881 2.45881 2.45881 2.45881 2.45881 2.45881 2.45881 2.45881 2.45881 2.45881 2.45881 2.45881 2.45881 2.45881 0.00000 0.00000 0.00000 0.00000 0.00000 0.00000 0.00000 0.00000 0.00000 0.00000 0.00000 0.00000 0.00000 0.00000 0.00000 0.00000 0.00000 0.00000 0.00000 0.00000
0.00000 0.00000 0.00000 0.00000 0.00000 0.00000 0.00000 0.00000 0.00000 0.00000 0.00000 0.00000 0.00000 0.00000 0.00000 0.00000 0.00000 0.00000 0.00000 0.00000 0.00000 0.00000 0.00000 0.00000 0.00000 0.00000 0.00000 0.00000 0.00000 0.00000 2.45881 2.45881 2.45881 2.45881 2.45881 2.45881 2.45881 2.45881 2.45881 2.45881 2.45881 2.45881 2.45881 2.45881 2.45881 2.45881 2.45881 0.00000 0.00000 0.00000 0.00000 0.00000 0.00000 0.00000 0.00000 0.00000 0.00000 0.00000 0.00000 0.00000 0.00000 0.00000 0.00000 0.00000 0.00000 0.00000 0.00000
0.00000 0.00000 0.00000 0.00000 0.00000 0.00000 0.00000 0.00000 0.00000 0.00000 0.00000 0.00000 0.00000 0.00000 0.00000 0.00000 0.00000 0.00000 0.00000 0.00000 0.00000 0.00000 0.00000 0.00000 0.00000 0.00000 0.00000 0.00000 0.00000 0.00000 2.45881 2.45881 2.45881 2.45881 2.45881 2.45881 2.45881 2.45881 2.45881 2.45881 2.45881 2.45881 2.45881 2.45881 2.45881 2.45881 2.45881 2.45881 0.00000 0.00000 0.00000 0.00000 0.00000 0.00000 0.00000 0.00000 0.00000 0.00000 0.00000 0.00000 0.00000 0.00000 0.00000 0.00000 0.00000 0.00000 0.00000
0.00000 0.00000 0.00000 0.00000 0.00000 0.00000 0.00000 0.00000 0.00000 0.00000 0.00000 0.00000 0.00000 0.00000 0.00000 0.00000 0.00000 0.00000 0.00000 0.00000 0.00000 0.00000 0.00000 0.00000 0.00000 0.00000 0.00000 0.00000 0.00000 0.00000 0.00000 2.45881 2.45881 2.45881 2.45881 2.45881 2.45881 2.45881 2.45881 2.45881 2.45881 2.45881 2.45881 2.45881 2.45881 2.45881 2.45881 2.45881 0.00000 0.00000 0.00000 0.00000 0.00000 0.00000 0.00000 0.00000 0.00000 0.00000 0.00000 0.00000 0.00000 0.00000 0.00000 0.00000 0.00000 0.00000 0.00000
0.00000 0.00000 0.00000 0.00000 0.00000 0.00000 0.00000 0.00000 0.00000 0.00000 0.00000 0.00000 0.00000 0.00000 0.00000 0.00000 0.00000 0.00000 0.00000 0.00000 0.00000 0.00000 0.00000 0.00000 0.00000 0.00000 0.00000 0.00000 0.00000 0.00000 0.00000 2.45881 2.45881 2.45881 2.45881 2.45881 2.45881 2.45881 2.45881 2.45881 2.45881 2.45881 2.45881 2.45881 2.45881 2.45881 2.45881 2.45881 0.00000 0.00000 0.00000 0.00000 0.00000 0.00000 0.00000 0.00000 0.00000 0.00000 0.00000 0.00000 0.00000 0.00000 0.00000 0.00000 0.00000 0.00000 0.00000
0.00000 0.00000 0.00000 0.00000 0.00000 0.00000 0.00000 0.00000 0.00000 0.00000 0.00000 0.00000 0.00000 0.00000 0.00000 0.00000 0.00000 0.00000 0.00000 0.00000 0.00000 0.00000 0.00000 0.00000 0.00000 0.00000 0.00000 0.00000 0.00000 0.00000 0.00000 2.45881 2.45881 2.45881 2.45881 2.45881 2.45881 2.45881 2.45881 2.45881 2.45881 2.45881 2.45881 2.45881 2.45881 0.00000 0.00000 0.00000 0.00000 0.00000 0.00000 0.00000 0.00000 0.00000 0.00000 0.00000 0.00000 0.00000 0.00000 0.00000 0.00000 0.00000 0.00000 0.00000 0.00000 0.00000 0.00000
0.00000 0.00000 0.00000 0.00000 0.00000 0.00000 0.00000 0.00000 0.00000 0.00000 0.00000 0.00000 0.00000 0.00000 0.00000 0.00000 0.00000 0.00000 0.00000 0.00000 0.00000 0.00000 0.00000 0.00000 0.00000 0.00000 0.00000 0.00000 0.00000 0.00000 0.00000 0.00000 2.45881 2.45881 2.45881 2.45881 2.45881 2.45881 2.45881 0.00000 0.00000 0.00000 0.00000 0.00000 0.00000 0.00000 0.00000 0.00000 0.00000 0.00000 0.00000 0.00000 0.00000 0.00000 0.00000 0.00000 0.00000 0.00000 0.00000 0.00000 0.00000 0.00000 0.00000 0.00000 0.00000 0.00000 0.00000
0.00000 0.00000 0.00000 0.00000 0.00000 0.00000 0.00000 0.00000 0.00000 0.00000 0.00000 0.00000 0.00000 0.00000 0.00000 0.00000 0.00000 0.00000 0.00000 0.00000 0.00000 0.00000 0.00000 0.00000 0.00000 0.00000 0.00000 1.41197 1.41197 1.41197 1.41197 1.41197 1.43390 0.00000 0.00000 0.00000 0.00000 0.00000 0.00000 0.00000 0.00000 0.00000 0.00000 0.00000 0.00000 0.00000 0.00000 0.00000 0.00000 0.00000 0.00000 0.00000 0.00000 0.00000 0.00000 0.00000 0.00000 0.00000 0.00000 0.00000 0.00000 0.00000 0.00000 0.00000 0.00000 0.00000 0.00000
0.00000 0.00000 0.00000 0.00000 0.00000 0.00000 0.00000 0.00000 0.00000 0.00000 0.00000 0.00000 0.00000 0.00000 0.00000 0.00000 0.00000 0.00000 0.00000 0.00000 0.00000 1.41197 1.41197 1.41197 1.41197 1.41197 1.41197 1.41197 1.41197 1.41197 1.41197 1.41197 1.41197 0.00000 0.00000 0.00000 0.00000 0.00000 0.00000 0.00000 0.00000 0.00000 0.00000 0.00000 0.00000 0.00000 0.00000 0.00000 0.00000 0.00000 0.00000 0.00000 0.00000 0.00000 0.00000 0.00000 0.00000 0.00000 0.00000 0.00000 0.00000 0.00000 0.00000 0.00000 0.00000 0.00000 0.00000
