High_resolution/powerplant/Chizhou/OMI_NO2_201102.asc
ncols      200
nrows      200
xllcorner       115.585
yllcorner       28.7700
cellsize     0.0166667
NODATA_Value      -999.000
[rows 87 to 115 of 179, columns 0 to 66 of 200]
3.76699 3.76699 3.76699 3.76699 3.61303 3.43207 5.37442 5.06108 4.86986 4.86718 4.86718 4.86718 4.86718 4.86718 4.86718 4.86718 5.80056 8.20223 7.24862 6.57835 6.31159 6.50253 6.94687 7.67936 8.26572 8.65342 8.66273 8.66273 8.66273 8.66273 8.66273 8.66273 8.66273 8.66273 8.65264 8.18592 7.58270 7.09101 6.21511 6.48157 11.3688 11.3846 11.3846 11.3846 11.3846 11.3846 11.3846 11.3860 11.4603 11.5753 11.6902 11.8052 11.8605 11.8605 11.9821 12.1438 12.1438 12.1438 12.1438 12.1438 12.1438 12.5847 14.2340 14.2340 14.2340 14.2340 14.0823
3.64997 3.25342 2.96657 2.76112 2.64697 2.64268 4.43736 4.86718 4.86718 4.86718 4.86718 4.86718 4.86449 4.77097 4.66170 4.70636 5.06971 6.87748 7.21466 7.51505 7.60957 7.60957 7.90175 8.66273 8.66273 8.66273 8.66273 8.66273 8.66273 8.66273 8.65138 8.17460 7.57382 7.08656 6.68477 6.55722 6.55722 6.55722 6.38737 5.68547 10.5025 11.3846 11.3846 11.3896 11.4761 11.5911 11.7062 11.8197 11.8605 11.8605 11.8605 11.8605 11.8605 11.8605 11.9150 12.1438 12.1438 12.1438 12.1438 12.1438 12.1438 12.1540 13.5457 11.8672 10.4403 9.40072 8.64836
2.65141 2.64268 2.64268 2.64268 2.64268 2.64268 3.86709 4.86718 4.86653 4.85709 4.92175 4.98898 5.05895 5.21975 5.39625 5.41892 5.43367 7.25805 7.60957 7.60957 7.60957 7.60957 7.64439 8.62336 8.66273 8.66273 8.64855 8.16601 7.56647 7.07768 6.68164 6.55722 6.55722 6.55722 6.55722 6.55722 6.55722 6.55722 6.55618 5.65481 8.79269 11.6071 11.7220 11.8320 11.8605 11.8605 11.8605 11.8605 11.8605 11.8605 11.8860 12.0845 12.3148 12.5454 12.7771 12.1755 12.1438 12.1438 11.3610 9.36097 7.94108 6.91916 8.03886 8.49734 8.49734 8.49734 8.49734
2.64268 2.64268 2.64268 2.64268 2.64268 2.53834 2.94649 5.27176 5.33974 5.41642 5.41892 5.41892 5.41892 5.41892 5.41892 5.41892 5.41892 6.45548 7.60957 7.60957 7.60957 7.60957 7.59644 7.87773 7.55764 7.07325 6.67555 6.55722 6.55722 6.55722 6.55722 6.55722 6.55722 6.55722 6.55722 6.57289 6.71679 6.88975 7.06195 6.59504 7.51262 11.8605 11.8605 11.8605 11.8623 12.0041 12.2346 12.4653 12.6958 12.9261 13.1311 13.1632 13.1632 13.1632 12.5539 9.87925 7.77585 6.77929 6.22051 6.20084 6.20084 6.20084 7.30551 8.49734 8.49734 8.49734 8.49734
2.64268 2.55748 2.35163 2.14456 1.93774 1.83509 1.83885 5.11119 5.41892 5.41892 5.41892 5.41892 5.41892 5.41892 5.41892 5.41892 5.41892 5.83311 7.57318 7.17897 6.68265 6.27790 5.95124 6.15791 6.55722 6.55722 6.55722 6.55722 6.55722 6.55722 6.55722 6.57462 6.72026 6.89336 7.06542 7.22285 7.25102 7.25102 7.25102 6.93717 6.70504 11.8232 12.6155 12.8458 13.0746 13.1632 13.1632 13.1632 13.1632 13.1612 12.3653 11.1328 10.1281 9.29395 8.86429 7.82263 6.20084 6.20084 6.20084 6.20084 6.20084 6.20084 6.65024 8.66325 9.27507 9.82929 10.3832
1.95784 1.83590 1.83509 1.83509 1.83509 1.83509 1.83509 4.28556 5.41892 5.41892 5.41892 5.41892 5.41892 5.41892 5.42257 5.64652 6.05636 6.58709 5.95282 5.85510 5.85510 5.85510 5.85510 5.96063 6.55722 6.55722 6.55722 6.57630 6.72373 6.89704 7.06889 7.22479 7.25102 7.25108 7.25277 7.25519 7.25761 7.26002 7.26244 7.25361 7.08961 10.9396 13.1632 13.1632 13.1632 13.1368 12.1747 10.9792 10.0021 9.18827 8.86142 8.86142 8.86142 8.86142 8.86142 8.45516 6.20084 6.20084 6.20063 6.06683 5.82007 5.57351 5.39445 9.31409 10.8577 10.8577 10.8577
1.83509 1.83509 1.83509 1.83509 1.83509 1.83509 1.83509 3.25491 5.41892 5.41892 5.41931 5.61215 6.01451 6.50501 7.10842 7.36920 7.36920 7.36920 6.19103 5.85510 5.85510 5.85510 5.85510 5.87606 6.63480 6.90065 7.07236 7.22666 7.25161 7.25391 7.25633 7.25874 7.26116 7.26351 7.26423 7.26423 7.26423 7.24906 7.12871 7.00125 6.76949 8.56883 11.9910 10.8308 9.87830 9.09683 8.86142 8.86142 8.86142 8.86142 8.86142 8.86142 8.86142 8.86142 8.85870 8.73112 6.08661 5.53878 5.29222 5.17946 5.17946 5.17946 5.17946 7.61768 10.8577 10.8577 10.8577
1.83509 1.83509 1.83509 1.83509 1.83509 1.83509 1.83509 2.10873 5.90508 6.45494 7.05133 7.36920 7.36920 7.36920 7.36920 7.36920 7.36920 7.36920 6.66144 5.86879 6.02883 6.20201 6.37499 6.62671 7.07674 7.25747 7.25988 7.26230 7.26412 7.26423 7.26423 7.26423 7.20167 7.06686 6.94600 6.83721 6.73892 6.65403 6.58582 6.51528 6.37897 6.39690 8.60720 8.86142 8.86142 8.86142 8.86142 8.86142 8.86142 8.86142 8.85277 8.72585 8.56141 8.39690 8.23525 8.18050 6.49418 5.17946 5.17946 5.17946 5.17946 5.17946 5.17946 5.95290 10.7590 10.8577 10.8577
1.83509 1.83509 1.83509 1.85106 1.90220 1.97261 2.07484 2.15168 6.56397 7.36920 7.36920 7.36920 7.36920 7.36920 7.36920 7.38190 7.50117 7.66628 7.88329 6.72760 7.02138 7.18302 7.34354 7.40593 7.36377 7.26423 7.25257 7.13648 7.00819 6.89326 6.78976 6.69587 6.64577 6.64070 6.58458 6.51387 6.44361 6.37732 6.36237 6.36237 6.33508 6.30936 7.86321 8.86142 8.86142 8.86142 8.84372 8.70277 8.53826 8.37381 8.21802 8.18050 8.18050 8.18050 8.18050 8.18050 7.30813 5.17946 5.17946 5.17946 5.17946 5.17946 5.17946 5.30660 9.64256 10.7769 10.4985
1.89668 1.96502 2.06331 2.15035 2.15180 2.15180 2.15180 2.15180 5.36878 7.36920 7.36920 7.37680 7.55152 7.92801 8.31379 8.68695 8.95322 9.17394 9.21418 7.62367 7.40593 7.28257 6.87453 6.49769 6.15444 5.80584 6.64633 6.64554 6.64554 6.64030 6.58325 6.51245 6.44237 6.37642 6.36237 6.36237 6.36237 6.36237 6.36237 6.36237 6.36151 6.24249 7.14624 8.67962 8.51517 8.35073 8.20399 8.18050 8.18050 8.18050 8.18050 8.18050 8.18050 8.17167 8.01593 7.80811 7.39265 5.18547 5.17946 5.17946 5.17946 5.20242 5.25642 5.31059 7.26720 9.64058 9.63163
2.15180 2.15180 2.15180 2.15180 2.15180 2.15180 2.15180 2.89123 5.11164 8.23034 8.61606 8.99406 9.20505 9.21418 9.21418 9.21280 8.75682 8.04005 7.43128 6.36851 5.75207 5.56643 5.55740 5.55740 5.55740 5.47406 6.31158 6.51126 6.44095 6.37554 6.36237 6.36237 6.36237 6.36237 6.36237 6.36237 6.36237 6.36237 6.40321 6.60171 6.81595 6.94314 7.45039 8.14008 8.18050 8.18050 8.18050 8.18050 8.08508 7.87738 7.66934 7.46152 7.25371 7.05450 7.00243 7.00243 7.00249 5.72369 5.38369 5.31798 5.37213 5.40332 5.40349 5.40349 5.79594 9.61437 9.63163
2.15180 2.16480 3.09389 4.23582 5.20270 6.01177 6.65502 7.00734 7.05072 8.94176 9.15339 8.51285 7.83396 7.25578 6.75644 6.32237 6.14672 6.14672 6.14672 6.05572 5.46098 5.55117 5.49227 5.42187 5.35139 5.23880 5.75353 6.36237 6.36237 6.36237 6.36237 6.36237 6.36237 6.36237 6.40653 6.60697 6.82164 7.03528 7.20933 7.22485 7.22485 7.17559 7.29183 7.72883 7.73873 7.53079 7.32298 7.11505 7.00255 7.00243 7.00243 7.00608 7.25058 7.62839 7.97830 8.29399 8.58047 8.50185 6.85450 5.40349 5.40349 5.40349 5.40349 5.40349 5.37150 8.72734 9.70855
5.91262 6.55280 6.85417 6.99621 7.04964 7.04964 7.04964 7.04964 7.04964 8.32672 7.05426 6.14672 6.14672 6.14672 6.14672 6.14672 6.14672 6.12057 5.82894 5.51282 5.18382 5.28592 5.27423 5.27423 5.27423 5.25661 5.41459 6.36237 6.36237 6.36237 6.40972 6.61249 6.82633 7.04114 7.21088 7.22485 7.22811 7.48998 7.91420 8.33865 8.76193 8.95723 6.27931 6.66721 7.00243 7.00243 7.12162 7.48235 7.81613 8.13868 8.43709 8.70680 8.81900 8.82778 8.82778 8.82778 8.82778 8.69379 7.57668 5.40349 5.40349 5.40952 5.60495 5.88999 6.17548 8.18187 10.2335
7.04964 7.04964 7.04964 7.04964 7.04964 7.04964 7.04964 7.04964 7.04964 7.70831 7.86869 6.14672 6.14672 6.13277 5.86322 5.54164 5.26462 5.03862 4.99321 4.99321 4.98703 5.26882 5.27423 5.27423 5.27423 5.27411 5.24063 6.51635 6.83216 7.04589 7.21312 7.30346 7.69535 8.11910 8.54401 8.96729 9.38872 9.55059 9.55059 9.55059 9.56371 9.73726 7.28412 7.47753 8.27707 8.57193 8.76331 8.79610 8.82171 8.82778 8.82778 8.82778 8.82778 8.82778 8.82778 8.82778 8.82778 8.82127 8.31639 6.01615 6.21664 6.49588 6.58573 6.58573 6.58573 7.15726 10.2335
7.04964 7.04964 7.04964 7.04964 7.04964 7.04964 7.04964 7.04964 7.04964 7.13915 8.28930 5.59219 5.29015 5.05405 4.99321 4.99321 4.99321 4.99321 4.99321 4.99321 4.98465 5.18180 5.32857 5.53496 5.74859 5.96328 6.23034 7.46976 8.32423 8.74914 9.17266 9.51850 9.55059 9.55059 9.55059 9.62630 9.84444 10.0662 10.2877 10.5096 10.7198 10.7821 9.05771 8.02982 8.68270 8.82778 8.82778 8.82778 8.82778 8.82778 8.82778 8.82778 8.82778 8.84528 8.96977 9.11240 9.25510 9.38881 9.14833 7.38863 6.58573 6.58573 6.58573 6.58573 6.58573 6.54370 9.72091
7.04964 7.04964 7.04964 7.04964 7.04964 7.04798 6.67478 6.12574 5.68327 5.32271 6.27027 5.29446 4.99321 4.99321 4.99321 4.99321 4.99321 4.99321 5.02410 5.16556 5.31493 5.63158 6.08278 6.06694 6.04266 6.01843 6.75436 8.78057 9.55059 9.56116 9.73021 9.95163 10.1735 10.3948 10.6167 10.7625 10.7682 10.7825 10.7985 10.8144 10.8283 10.8302 10.0236 7.76938 8.57913 8.82778 8.82778 8.82778 8.82778 8.85704 8.99051 9.13303 9.27573 9.40081 9.41890 9.41890 9.41890 9.41890 9.26500 8.09983 6.58573 6.58573 6.58573 6.58573 6.58573 6.58381 8.55298
7.04964 7.04964 6.73613 6.17463 5.72299 5.35197 5.21065 5.21065 5.21065 5.21065 5.85855 5.72574 4.99321 4.99321 5.01514 5.14475 5.27302 5.39997 5.49581 5.48130 5.45870 5.48722 6.00527 6.00800 6.07439 6.36102 6.83853 9.84472 10.5038 10.7134 10.7659 10.7659 10.7685 10.7829 10.7989 10.8149 10.8285 10.8302 10.8302 10.8302 10.8302 10.8302 10.7690 7.70610 8.45025 8.86666 9.01114 9.15378 9.29630 9.40968 9.41890 9.41890 9.41890 9.41890 9.41890 9.41890 9.41701 9.32987 9.15653 8.67011 6.58573 6.58573 6.58573 6.58599 6.63085 6.70799 7.74922
5.76380 5.38463 5.21077 5.21065 5.21065 5.21065 5.21065 5.21065 5.21065 5.21065 5.54134 6.36846 5.22626 5.35310 5.45800 5.45523 5.45392 5.45392 5.45392 5.58488 5.86684 6.16534 7.02863 7.61709 7.98176 8.00673 8.00673 10.3681 10.8308 10.7834 10.7994 10.8154 10.8287 10.8302 10.8302 10.8302 10.8302 10.8302 10.8302 10.8302 10.8302 10.8240 10.8056 8.50223 8.14528 9.14501 9.41890 9.41890 9.41890 9.41890 9.41890 9.37359 9.24206 9.10864 8.97521 8.84171 8.71018 8.66382 8.66423 8.95199 6.94462 6.71898 6.79615 6.87300 6.90527 6.90527 7.00363
5.21065 5.21065 5.21065 5.21065 5.21133 5.32120 5.51987 5.86437 6.25316 6.64180 6.92789 7.21429 5.57790 5.46687 5.67138 5.96239 6.28495 6.64448 7.04750 7.26795 7.26795 7.26795 7.57760 8.00673 8.01090 8.03076 8.05200 9.55140 10.9945 10.8302 10.8302 10.8302 10.8302 10.8302 10.8302 10.8302 10.8302 10.8238 10.8053 10.7864 10.7677 10.7550 10.7546 9.40486 7.86361 8.80396 9.28759 9.15439 9.02082 8.88740 8.75390 8.66586 8.66382 8.66382 8.66382 8.59014 8.47457 8.36728 8.25937 8.24483 7.48831 6.90527 6.90527 6.90527 6.90527 6.90527 6.91008
5.34864 5.53547 5.72834 6.05865 6.44651 6.72565 6.91552 6.95953 6.95953 6.95953 6.95953 7.14282 6.93209 7.16354 7.26795 7.26795 7.26795 7.26795 7.26795 7.26795 7.26061 7.22183 7.31992 8.07392 8.09107 8.09254 8.09254 8.68783 11.1137 10.8302 10.8302 10.8302 10.8302 10.8235 10.8049 10.7861 10.7673 10.7549 10.7546 10.7546 10.6136 10.3387 10.0638 9.41840 6.95127 7.78132 8.66301 8.66382 8.66382 8.62993 8.49107 8.34972 8.23711 8.12947 8.02135 7.98737 7.99504 7.99504 7.99504 8.02854 7.78199 6.90527 6.90527 6.90527 6.88596 6.66677 6.39449
6.50372 6.70522 6.90106 6.95953 6.95953 6.95953 6.95953 6.95953 6.95953 6.95953 6.95953 7.05471 7.26795 7.26795 7.26795 7.26795 7.26278 7.22586 7.18358 7.14123 7.10626 7.10271 7.12935 7.95308 8.09254 8.09254 8.09254 8.10631 10.9176 10.8440 10.8045 10.7858 10.7669 10.7548 10.7218 10.4824 10.2078 9.93291 9.65815 9.38369 9.24992 9.24992 9.24992 9.25135 7.08423 7.32460 8.04273 8.11046 7.99963 7.92526 7.95644 7.99012 7.99504 7.99504 7.99504 7.99504 7.99504 7.99504 7.99504 8.00145 8.01272 6.63546 6.35429 6.08201 5.82893 5.77597 5.77597
6.95953 6.95953 6.95953 6.95953 6.95953 6.95953 6.95953 6.95953 6.95953 6.95953 6.95953 6.97375 7.25699 7.22991 7.18759 7.14526 7.10813 7.10271 7.10271 7.10271 7.10271 7.10271 7.10259 7.66522 8.09254 8.08278 8.05777 8.03281 9.96849 10.7168 10.3515 10.0768 9.80215 9.52739 9.28543 9.24992 9.24992 9.24992 9.25997 9.29328 9.32756 9.36185 9.39613 9.41209 7.88988 6.71397 7.36976 7.99294 7.99504 7.99504 7.99504 7.99504 7.99504 7.99504 7.99504 7.99504 7.96438 7.83569 7.69944 7.56342 7.40177 6.18564 5.77597 5.77597 5.77597 5.77597 5.77597
6.95953 6.95953 6.95953 6.95953 6.95953 6.95953 6.95953 6.95953 6.95758 6.92555 6.88318 6.84090 7.02971 7.10271 7.10271 7.10271 7.10271 7.10271 7.10271 7.10271 7.10271 7.16771 7.35292 7.71397 8.21877 8.47043 8.73714 9.00389 9.24862 9.17633 9.24992 9.24992 9.25092 9.27536 9.30965 9.34391 9.37816 9.41246 9.43669 9.41948 9.35569 9.28931 9.22312 9.17377 8.42993 6.58496 6.96536 7.99504 7.99504 7.99504 7.99504 7.99504 7.94953 7.81559 7.67951 7.54332 7.43778 7.43039 7.43039 7.43039 7.40215 6.67417 5.77597 5.77597 5.77597 5.77597 5.77597
6.95953 6.95953 6.95953 6.95953 6.95862 6.92955 6.88725 6.84493 6.80455 6.79428 6.79428 6.79428 6.93381 7.10271 7.10271 7.10271 7.10271 7.15462 7.38478 7.81885 8.27368 8.66351 8.93320 9.22289 9.40777 9.40913 9.40913 9.40913 9.38744 9.13998 9.35930 9.39451 9.42777 9.43763 9.43763 9.41839 9.35417 9.28774 9.22196 9.17340 9.17116 9.17116 9.17116 9.17116 9.07273 6.65933 6.67035 7.85462 7.93168 7.79555 7.65947 7.52327 7.43265 7.43039 7.43039 7.43039 7.43039 7.43039 7.43039 7.43043 7.42383 7.06404 5.77597 5.77597 5.77597 5.77597 5.77533
6.99601 6.93358 6.89128 6.84895 6.80755 6.79428 6.79428 6.79428 6.79428 6.79428 6.79428 6.79428 6.84629 7.25441 7.69707 8.15197 8.60680 9.00965 9.23453 9.25537 9.25537 9.25537 9.25537 9.25679 9.39238 9.40913 9.40913 9.40913 9.40913 9.18057 9.39042 9.41738 9.35252 9.28641 9.22011 9.17308 9.17116 9.17116 9.17116 9.17116 9.17116 9.17116 9.17116 9.17116 9.20156 7.37482 6.75349 7.28362 7.43044 7.43039 7.43039 7.43039 7.43039 7.43039 7.43315 7.44278 7.45273 7.46268 7.47264 7.48255 7.48549 7.34763 5.87610 5.75825 5.73854 5.71884 5.69976
7.12233 6.79428 6.79428 6.79428 6.79428 6.79428 6.79428 6.79460 6.86398 7.01558 7.30738 7.61689 7.92739 9.11310 9.25537 9.25537 9.25537 9.25537 9.25537 9.25537 9.25537 9.25537 9.25537 9.25537 9.34563 9.40913 9.40913 9.38052 9.29366 9.05970 9.06137 9.17276 9.17116 9.17116 9.17116 9.17116 9.17116 9.17116 9.17116 9.17118 9.20296 9.26242 9.32229 9.38173 9.41113 8.25071 6.83072 7.08469 7.43118 7.43934 7.44929 7.45924 7.46920 7.47915 7.48634 7.48666 7.48666 7.48666 7.48729 7.48365 7.47901 7.39806 6.32911 5.69428 5.69428 5.69428 5.69428
8.26687 6.79428 6.79742 6.88290 7.00442 7.14734 7.43127 7.74041 7.98069 8.13855 8.15627 8.15627 8.15627 8.81265 9.25537 9.25537 9.25537 9.25537 9.25537 9.25537 9.25537 9.25537 9.25537 9.35847 9.58467 9.20259 9.11512 9.05543 9.05383 8.99092 8.88661 9.17116 9.17116 9.17116 9.17116 9.17123 9.20415 9.26388 9.32354 9.38314 9.41113 9.41113 9.41113 9.27067 8.96539 8.31751 6.85630 6.97315 7.45988 7.48666 7.48666 7.48666 7.48743 7.49211 7.49499 7.49083 7.48620 7.48157 7.47645 7.47531 7.47531 7.43382 6.79237 5.69428 5.69428 5.69428 5.69428
11.2672 7.31161 7.55189 7.77606 7.96400 8.13068 8.15627 8.15627 8.15627 8.15627 8.15627 8.15627 8.15627 8.49853 9.25537 9.25537 9.25537 9.25537 9.25537 9.33567 9.65494 9.99018 10.3256 10.5576 10.5205 9.12799 9.05383 9.05383 9.05383 9.05102 8.79461 9.15449 9.20550 9.26535 9.32474 9.38454 9.41113 9.38307 9.12755 8.82226 8.51664 8.21136 7.90598 7.74123 7.74107 7.73985 6.96632 6.90481 7.35860 7.50073 7.50251 7.49802 7.49260 7.48330 7.47578 7.47531 7.47531 7.47531 7.47531 7.47531 7.47531 7.46350 7.16706 5.66964 5.56948 5.46422 5.35892
14.9854 8.28013 8.15627 8.15627 8.15627 8.15627 8.15627 8.15627 8.15627 8.15627 8.15627 8.15627 8.15627 8.21111 9.22965 9.31563 9.62428 9.95927 10.2946 10.5497 10.5654 10.5654 10.5654 10.5654 10.5654 9.56250 9.05383 9.05422 9.10157 9.18102 9.07021 9.29862 9.28804 8.98392 8.67864 8.37352 8.06823 7.79067 7.74107 7.74107 7.74107 7.71324 7.59099 7.44876 7.29154 7.11694 6.31583 6.80904 7.31600 7.48187 7.47544 7.47531 7.47531 7.47531 7.47531 7.47531 7.47531 7.47531 7.47531 7.45727 7.40538 7.35278 7.15103 5.56607 5.25807 5.25807 5.25807
