High_resolution/powerplant/Chizhou/OMI_NO2_200807.asc
ncols      200
nrows      200
xllcorner       115.585
yllcorner       28.7700
cellsize     0.0166667
NODATA_Value      -999.000
[rows 0 to 29 of 187, columns 66 to 131 of 200]
2.92347 2.92346 2.91917 2.91184 2.90514 2.61156 2.52093 2.50475 2.12062 1.89600 1.89547 1.89547 1.89547 1.78488 1.43820 1.43820 1.43820 1.43820 1.43820 1.43820 2.43075 2.56840 2.63701 2.70099 2.86057 4.58177 4.54412 3.95412 3.44737 3.10828 3.14816 3.61027 3.54444 3.48760 3.35437 3.14126 2.97657 2.84868 2.83786 2.84575 2.98876 2.95897 2.77647 2.77647 2.77647 2.77647 2.77647 2.77647 2.77647 2.81792 2.94102 3.04272 3.12902 3.15614 2.93953 2.65116 2.39714 1.42187 0.00000 0.00000 0.00000 0.00000 3.19808 3.31678 3.33248 3.33693
2.89828 2.89270 2.89029 2.89029 2.89029 2.73029 2.53760 2.50480 2.25986 1.93393 1.89547 1.89547 1.89547 1.86795 1.43938 1.43820 1.43820 1.43820 1.46979 1.75648 2.92723 3.14877 2.98066 2.71671 2.55359 2.74840 2.65112 2.60003 2.58262 2.56977 2.60222 3.08612 2.97222 2.86206 2.80183 2.80114 2.80114 2.80114 2.82171 2.84575 2.91499 3.03514 2.77647 2.77647 2.77647 2.78974 2.87435 2.95972 3.03545 3.09821 3.15614 3.15614 3.15614 3.15614 3.08087 2.65116 2.59019 1.43460 2.78322 3.08954 3.22460 3.33553 3.39814 3.44678 3.48858 3.52529
2.89029 2.89029 2.89029 2.89029 2.89029 2.82500 2.54540 2.50506 2.38972 1.98445 1.89547 1.89547 1.89547 1.93430 1.92508 2.13950 2.32079 2.44176 2.41933 2.31914 2.53876 2.66284 2.47532 2.31237 2.29587 2.35070 2.43797 2.41421 2.39715 2.41417 2.29552 2.66036 2.80114 2.80114 2.80114 2.80114 2.80114 2.80114 2.80755 2.84571 2.85284 3.09361 2.84342 2.93242 3.01116 3.07272 3.08078 3.08078 3.08078 3.08254 3.15163 3.15614 3.15614 3.14721 3.12930 2.84362 3.01053 2.95588 3.39698 3.51884 3.55000 3.55628 3.55628 3.55628 3.55628 3.55628
2.89029 2.89029 2.89029 2.89029 2.89029 2.88732 2.58085 2.51398 2.53099 2.22000 2.29696 2.38538 2.45852 2.47245 2.39426 2.29267 2.18850 2.10425 2.07960 2.07177 2.21243 2.48381 2.43452 2.24275 2.24897 2.27301 2.41155 2.41658 2.40822 2.41412 2.31822 2.50235 2.80114 2.80114 2.80114 2.80114 2.80114 2.80114 2.83643 2.94215 3.01023 3.25029 3.11129 3.08078 3.08078 3.08078 3.08078 3.08078 3.09199 3.14096 3.19061 3.20195 3.29726 3.41277 3.53771 3.53289 3.46007 3.38734 3.42518 3.55628 3.55628 3.55628 3.55628 3.55628 3.55628 3.55628
2.89088 2.89119 2.89168 2.90122 2.91552 2.92982 2.80180 2.76429 2.79380 2.55408 2.41033 2.32847 2.08535 1.87817 1.88024 2.05639 2.06542 2.07801 2.08991 2.10136 2.14700 2.51187 2.54430 2.40246 2.41721 2.43980 2.43525 2.43525 2.42441 2.39604 2.38385 2.34619 2.79929 2.80114 2.81419 2.89743 2.98141 3.05592 3.09970 3.09310 3.08780 3.20492 3.17181 3.08783 3.15059 3.22536 3.30001 3.37503 3.48922 3.60412 3.62988 3.60225 3.61803 3.61803 3.61803 3.58776 3.46007 3.42102 3.34639 3.55488 3.55628 3.55628 3.55628 3.54255 3.51089 3.48364
2.92393 2.93550 2.94687 2.92030 2.85218 2.78384 2.64933 2.44411 2.34595 2.16117 1.99017 1.99982 1.92856 1.82749 1.87907 2.13747 2.16925 2.19384 2.22018 2.24839 2.27749 2.62073 2.66915 2.55468 2.47323 2.46881 2.43526 2.43525 2.43288 2.39639 2.43756 2.37782 2.86216 3.03202 3.09258 3.10051 3.10051 3.10051 3.10075 3.12990 3.21689 3.33478 3.50224 3.45281 3.48886 3.57498 3.66428 3.75317 3.79157 3.79157 3.77828 3.62242 3.62901 3.63836 3.64771 3.65980 3.55378 3.54509 3.37823 3.55646 3.58626 3.56675 3.55016 3.54506 3.55505 3.46240
2.68663 2.62076 2.55484 2.51787 2.51775 2.51775 2.50538 2.32144 2.28203 2.25294 1.99034 2.03886 2.06668 1.89277 1.95904 2.19907 2.28566 2.28566 2.28566 2.28566 2.28566 2.54314 2.66915 2.61084 2.47323 2.47323 2.44057 2.43525 2.54969 2.65531 2.80911 2.73325 2.89170 3.10051 3.11253 3.15258 3.20824 3.26627 3.32405 3.36128 3.49022 3.57804 3.85409 3.79298 3.86688 3.88356 3.89718 3.91052 3.92364 3.93654 3.94921 3.84694 3.81676 3.82220 3.82755 3.83342 3.78493 3.69146 3.55937 3.57885 3.65869 3.65869 3.65869 3.65869 3.65869 3.51211
2.53995 2.51775 2.51775 2.51775 2.51775 2.57517 2.68760 2.65415 2.77080 2.91552 2.37296 2.18702 2.18702 1.97933 1.97714 2.11634 2.28566 2.28566 2.28566 2.28566 2.28566 2.48593 2.75445 2.76152 2.61828 2.63454 2.63115 2.63578 2.83872 2.98398 3.08598 3.22577 3.18271 3.57105 3.64599 3.73857 3.81614 3.94162 4.10575 4.26992 4.38169 4.43923 4.33183 3.98165 3.97620 3.97620 3.97620 3.97620 3.97620 3.97620 3.97620 3.91095 3.84587 3.87115 3.89643 3.91972 3.86480 3.64619 3.57547 3.53073 3.65727 3.65869 3.65869 3.65869 3.65869 3.55527
2.71233 2.70253 2.81479 2.92716 3.03947 3.09430 3.09430 3.00563 2.96923 3.00272 2.63447 2.18557 2.18702 2.05716 1.97143 2.03110 2.28566 2.28566 2.28566 2.28566 2.28566 2.43263 2.99323 3.02651 2.89847 2.84698 2.89847 3.02399 3.20307 3.47263 3.67976 4.00881 3.74533 4.19198 4.37524 4.46486 4.55382 4.59248 4.59248 4.59248 4.55340 4.50143 4.40239 4.03829 3.97620 3.97620 3.97620 3.97620 3.98297 4.00734 4.03262 4.03673 3.92431 3.92429 3.92429 3.92429 3.92551 3.68058 3.60705 3.51689 3.62225 3.63633 3.59874 3.55827 3.50485 3.36832
3.32316 3.09430 3.09430 3.09430 3.09430 3.09430 3.09430 3.06278 2.94543 3.00272 2.86448 2.17187 2.18702 2.17049 1.95145 1.97788 2.26036 2.32901 2.37383 2.42092 2.47144 2.56025 3.21052 3.27832 3.20297 3.06185 3.07546 3.51777 3.48233 3.58270 3.73761 4.04654 4.17701 4.41518 4.59248 4.59248 4.59248 4.59248 4.59248 4.59248 4.58164 4.50172 4.45580 4.10744 3.97824 3.99900 4.02428 4.04955 4.06800 4.06891 4.06891 4.06891 3.94741 3.92429 3.92429 3.92427 3.91081 3.73711 3.65535 3.73022 3.73825 3.39362 3.36200 3.33132 3.31978 3.28834
3.42972 3.09445 3.09430 3.09430 3.09430 3.09430 3.09430 3.09424 2.95107 3.00285 3.01190 2.32191 2.31025 2.38868 2.19635 2.19235 2.44265 2.61149 2.65478 2.66937 2.66798 2.63557 3.08107 3.19207 3.11355 2.82177 2.82087 3.26975 3.37665 3.49811 3.67161 3.84112 4.33045 4.29500 4.59248 4.59248 4.59248 4.59248 4.59248 4.59248 4.59254 4.53121 4.53772 4.25264 4.06438 4.06891 4.06891 4.06891 4.06891 4.06891 4.06891 4.06687 3.96901 3.85955 3.86891 4.02023 4.19856 4.38296 4.26160 4.25550 4.17533 3.33333 3.31978 3.31978 3.31978 3.31978
3.47698 3.15380 3.09959 3.11509 3.13082 3.14640 3.13942 3.11653 3.10241 3.32774 3.38724 3.00169 2.58217 2.54590 2.45640 2.45728 2.52980 2.53917 2.50015 2.48714 2.48464 2.48180 2.86876 3.18619 3.19977 2.91410 2.87046 3.26259 3.54509 3.58970 3.69568 3.70433 4.37698 4.20052 4.56459 4.59248 4.59248 4.60074 4.63004 4.66030 4.69056 4.64162 4.59413 4.39972 4.06891 4.06891 4.06803 4.05994 4.05009 4.04024 4.03901 4.17730 4.31298 4.32205 4.47718 4.49033 4.49033 4.53715 4.30929 4.25759 4.25404 3.57166 3.31978 3.31978 3.31978 3.31980
3.57059 3.34244 3.14769 3.10649 3.06458 3.02283 3.00692 3.00225 3.01855 3.24756 3.22530 3.00699 2.53057 2.53202 2.53096 2.52461 2.51871 2.46927 2.46507 2.46183 2.46154 2.46154 2.72544 3.24382 3.24382 3.04963 2.87807 3.09319 3.54509 3.54682 3.68320 3.69568 4.18605 4.24978 4.47527 4.65027 4.68062 4.70269 4.70372 4.70372 4.70372 4.67386 4.58470 4.47789 4.06484 4.02991 4.02096 4.10944 4.30308 4.49694 4.68213 4.72981 4.72746 4.51047 4.49033 4.52940 4.62092 4.73608 4.80193 4.62062 4.25404 3.88840 3.34098 3.38434 3.42828 3.47217
3.36184 3.22975 3.00357 2.98325 2.94518 2.91022 2.87514 2.84494 2.84896 3.10170 3.18002 3.15492 2.56032 2.53202 2.53202 2.52025 2.51634 2.47276 2.46154 2.46154 2.46154 2.46154 2.52919 3.24088 3.24382 3.15259 2.87807 2.92716 3.54009 3.54509 3.65011 3.74336 4.05678 4.45933 4.43575 4.70372 4.70372 4.70121 4.69409 4.68687 4.67965 4.67075 4.55305 4.54263 4.35979 4.48511 4.71436 4.91733 5.02062 5.12333 5.22621 5.32918 5.43204 5.38603 5.39831 5.46206 5.47368 5.48540 5.70117 5.43342 4.64653 4.62014 3.79560 3.77757 3.77757 3.77757
3.10767 3.04683 2.86382 2.84362 2.84362 2.84362 2.84362 2.84362 2.80782 2.89138 2.94050 2.84212 2.60440 2.53202 2.53202 2.52516 2.51634 2.48781 2.46154 2.46154 2.46154 2.46154 2.46154 3.14199 3.24566 3.23626 2.90042 2.88599 3.42816 3.55677 3.62576 3.81925 3.91731 4.68476 4.48973 4.69974 4.69464 4.69194 4.71113 4.74905 4.95141 5.21116 5.28885 5.38618 5.63609 5.70175 5.76934 5.77288 5.77288 5.77288 5.77288 5.77288 5.77288 5.69680 5.53184 5.49543 5.44474 5.39403 5.51283 5.60094 4.87395 4.71183 4.04492 3.77757 3.77757 3.77757
2.98477 2.98477 2.88147 2.79613 2.71428 2.63229 2.55031 2.46829 2.42206 2.50007 2.67395 2.67395 2.62599 2.53202 2.53202 2.53005 2.51635 2.50277 2.46154 2.46154 2.46154 2.46154 2.46154 3.00375 3.27083 3.27045 3.03335 2.91186 3.32486 3.72230 3.84745 4.13135 4.24517 5.05663 4.90312 4.84929 4.98966 5.24810 5.48881 5.71096 5.76855 5.76855 5.63978 5.45986 5.72109 5.77288 5.77288 5.77288 5.77288 5.77288 5.77288 5.75131 5.70072 5.63918 5.36896 5.34709 5.34709 5.34709 5.42822 5.61390 5.11506 4.71183 4.36128 3.77783 3.77445 3.69244
2.77324 2.67960 2.53384 2.42190 2.42190 2.42190 2.42190 2.42190 2.42190 2.44136 2.66690 2.67395 2.66068 2.53397 2.53202 2.53202 2.51932 2.51517 2.46423 2.46145 2.46085 2.45198 2.41173 2.75142 3.23695 3.27848 3.19469 3.02963 3.41566 4.43158 4.59906 4.78793 4.94621 5.25556 5.36071 5.63076 5.76838 5.76855 5.76855 5.76855 5.76855 5.76855 5.73487 5.46125 5.63822 5.77375 5.77288 5.76385 5.71725 5.66655 5.61580 5.58672 5.58657 5.58657 5.41660 5.34709 5.34709 5.34709 5.36087 5.62493 5.34024 4.60815 4.36353 3.54243 3.43043 3.41311
2.60047 2.56304 2.53827 2.42190 2.42190 2.42190 2.42190 2.42190 2.42190 2.42190 2.61108 2.67395 2.67395 2.55382 2.48280 2.43983 2.38878 2.33750 2.25638 2.24547 2.29760 2.35833 2.48021 2.81649 3.56329 3.66829 3.75239 3.65127 3.88702 5.49537 5.51882 5.48086 5.35267 5.35267 5.38769 5.74180 5.76844 5.76855 5.76855 5.76855 5.76855 5.76855 5.76855 5.51101 5.50106 5.69998 5.63238 5.59067 5.58657 5.58657 5.58657 5.58657 5.58657 5.58657 5.48488 5.34913 5.30957 5.21905 5.04338 5.17449 5.03242 4.03502 4.03349 3.60009 3.41311 3.41311
2.62632 2.56304 2.56270 2.43666 2.42190 2.42037 2.39408 2.35902 2.32390 2.26453 2.31929 2.42890 2.38629 2.26864 2.18187 2.14086 2.16597 2.58313 2.75478 2.88963 3.00138 3.12445 3.20404 3.21430 3.99413 4.03058 4.03058 3.85462 3.80994 5.15729 5.51882 5.51879 5.37394 5.35267 5.35267 5.64821 5.76409 5.76855 5.76855 5.76855 5.74132 5.68062 5.61974 5.40774 5.27730 5.59777 5.58657 5.58657 5.58657 5.58106 5.51635 5.42901 5.34167 5.23800 5.04325 4.82739 4.68921 4.60249 4.60046 4.80863 5.07174 4.21591 4.03349 3.80997 3.41311 3.40378
2.56660 2.44241 2.40736 2.28399 2.16326 2.07770 2.01320 1.95401 1.89615 1.87740 2.00739 2.39471 2.40869 2.38466 2.27242 2.34034 2.36821 3.09795 3.20475 3.20475 3.20475 3.20475 3.20475 3.20475 3.84968 4.03058 4.03058 3.92488 3.80994 4.72197 5.51882 5.51882 5.42543 5.35267 5.35267 5.51636 5.74531 5.70038 5.63959 5.57871 5.54506 5.54497 5.54497 5.47413 5.25658 5.42733 5.40715 5.31983 5.23249 5.14875 5.03942 4.90777 4.77572 4.66048 4.64388 4.60909 4.60046 4.60046 4.60003 4.61716 4.89500 4.34033 4.03349 3.99990 3.39668 3.21063
2.26903 2.22721 2.18748 2.08996 2.00530 2.05555 2.07970 2.09238 2.09910 2.09882 2.07435 2.48259 2.52495 2.52174 2.37728 2.36712 2.36712 2.83929 3.20475 3.20475 3.20475 3.20475 3.20475 3.20475 3.68118 4.03058 4.03058 3.98430 3.80994 4.28620 5.51882 5.51882 5.48789 5.29280 5.21624 5.16864 5.51876 5.54497 5.54100 5.45417 5.32590 5.18293 5.04900 4.92280 4.82750 4.97893 5.08092 4.94682 4.79381 4.64118 4.53419 4.41318 4.29117 4.16951 4.04776 3.90424 3.76062 3.63874 3.51751 3.45502 3.65648 3.62035 3.57485 3.58653 3.17356 2.84412
2.02563 2.19713 2.21442 2.18561 2.13869 2.09108 2.07682 2.07682 2.07682 2.07682 2.07682 2.32307 2.48236 2.44778 2.37837 2.36712 2.36712 2.57954 3.20475 3.20475 3.20475 3.20475 3.20475 3.20475 3.48876 4.03058 4.03058 4.02665 3.82483 3.86194 5.40303 5.38347 5.32813 4.91520 4.70640 4.56109 4.78715 4.78228 4.63504 4.55139 4.50225 4.46594 4.35557 4.13622 3.89850 3.72333 3.68331 3.55995 3.45939 3.36042 3.30021 3.29960 3.29960 3.29960 3.29960 3.29115 3.25619 3.26118 3.29899 3.34290 3.51790 3.55845 3.36778 3.31389 3.07334 2.79355
1.85985 1.97517 2.07682 2.07682 2.07682 2.07680 2.04938 1.99360 1.93162 1.86244 1.78445 1.85723 2.32995 2.32995 2.34506 2.36712 2.36712 2.38027 3.14435 3.20475 3.20475 3.20475 3.20475 3.20475 3.24356 3.42355 3.38221 3.33944 2.97111 2.74535 3.84497 4.07317 3.96272 3.82851 3.71077 3.60686 3.75064 4.02453 3.90864 3.74481 3.53741 3.33886 3.21416 3.19886 3.19740 3.19621 3.30563 3.29960 3.29960 3.29960 3.29960 3.29510 3.26278 3.22748 3.21932 3.22619 3.19791 3.19631 3.16982 3.13906 3.16322 3.26350 3.07840 3.05409 3.03108 2.78293
1.80125 1.85858 1.98549 1.92262 1.85226 1.77308 1.73244 1.73244 1.73244 1.73244 1.73244 1.65303 2.31824 2.32995 2.33555 2.36712 2.36712 2.36712 2.89776 3.20475 3.20475 3.20475 3.19175 3.08312 2.95547 2.98677 2.93533 2.85032 2.77549 2.70912 2.97839 3.07491 2.96196 2.91669 3.05945 3.06004 3.09099 3.42801 3.24200 3.19886 3.19886 3.19886 3.19886 3.19886 3.19851 3.19493 3.27814 3.29960 3.29960 3.15035 3.05432 3.06626 3.10021 3.13743 3.15108 3.15108 3.12916 3.11386 3.11386 3.11386 3.12232 3.27134 3.13528 3.05914 3.05791 2.81974
1.21243 1.22601 1.73202 1.73244 1.73244 1.73244 1.73244 1.73244 1.73244 1.73244 1.73244 1.67884 2.12526 2.32995 2.32999 2.36311 2.36712 2.35038 2.53342 3.00847 2.91694 2.82533 2.73197 2.72274 2.73312 2.85560 2.89963 2.89767 2.88465 2.77595 2.80552 2.89095 2.89095 2.89095 3.02814 3.06004 3.06004 3.21295 3.20476 3.19886 3.19886 3.19886 3.19886 3.19886 3.19886 3.19572 3.25452 3.34284 3.38676 3.30183 3.15046 3.15108 3.15108 3.15108 3.15108 3.15108 3.14042 3.11480 3.12204 3.17457 3.23684 3.26833 3.16237 3.02541 3.02062 2.90782
1.14908 1.14867 1.67722 1.73244 1.73244 1.73244 1.73244 1.73244 1.73244 1.74308 1.77748 1.81255 1.98411 2.28322 2.19085 2.13094 2.05849 1.99477 2.09554 2.74962 2.73730 2.71152 2.70048 2.70048 2.70048 2.79272 2.89767 2.89767 2.89767 2.79822 2.77039 2.85660 2.87998 2.89095 2.97341 3.06004 3.06004 3.13699 3.22992 3.19886 3.19886 3.19886 3.19939 3.22761 3.27153 3.31343 3.37568 3.46071 3.46060 3.41344 3.15108 3.15108 3.15343 3.19949 3.27594 3.35245 3.42560 3.40433 3.45379 3.46238 3.46125 3.34382 3.19427 3.02059 3.02033 3.01671
1.25033 1.15408 1.61042 1.80139 1.83679 1.87209 1.90898 2.01988 2.15767 2.27112 2.35349 2.42681 2.30697 1.95677 2.03050 2.12522 2.23348 2.29619 2.30368 2.58277 2.70048 2.70048 2.70048 2.70048 2.69925 2.72927 2.86065 2.84344 2.82760 2.76104 2.70972 2.77892 2.84616 2.89095 2.91153 3.05875 3.06004 3.06664 3.24367 3.21380 3.25704 3.30095 3.34429 3.35986 3.35986 3.35898 3.35687 3.47242 3.55627 3.64552 3.42193 3.46259 3.53653 3.56487 3.56230 3.55974 3.55787 3.49202 3.46125 3.46125 3.46125 3.41382 3.21285 3.05282 3.02033 3.02033
1.47187 1.55685 1.86196 2.10374 2.19518 2.27921 2.35581 2.37542 2.36858 2.41065 2.47058 2.53294 2.59623 2.29407 2.24838 2.25502 2.30367 2.30368 2.30368 2.45954 2.68279 2.66971 2.65799 2.64745 2.63860 2.63899 2.79989 2.80739 2.80739 2.78450 2.70972 2.75539 2.82185 2.89095 2.89095 3.03094 3.11247 3.16515 3.34401 3.36139 3.35986 3.36032 3.38156 3.42115 3.47131 3.52158 3.74203 3.90462 3.94606 3.94433 3.68978 3.56056 3.55823 3.55761 3.54240 3.51747 3.49260 3.43119 3.34632 3.32143 3.29657 3.27054 3.02455 3.06298 3.06550 3.00755
2.09278 2.28682 2.31210 2.31210 2.33070 2.40148 2.47530 2.54913 2.61916 2.63604 2.63604 2.63604 2.63604 2.40701 2.24838 2.24838 2.30865 2.32932 2.33506 2.36640 2.63446 2.63693 2.63693 2.63693 2.63693 2.63693 2.76913 2.80739 2.80739 2.80604 2.71647 2.73186 2.80382 2.88558 2.89095 3.05331 3.25000 3.27903 3.36541 3.46754 3.49680 3.54041 3.56312 3.56759 3.56142 3.55537 3.69250 3.84528 3.92378 3.89344 3.71201 3.47236 3.44742 3.42276 3.41309 3.41309 3.41309 3.40486 3.31745 3.31655 3.30855 3.27561 3.08640 2.99423 2.93712 2.96767
2.28478 2.42917 2.50387 2.57770 2.63296 2.63604 2.63604 2.63604 2.63604 2.63604 2.63604 2.63604 2.63604 2.52040 2.24838 2.24838 2.29777 2.33933 2.33933 2.33933 2.56943 2.63693 2.63693 2.63693 2.63693 2.63693 2.69602 2.72793 2.72042 2.71298 2.64172 2.62635 2.74419 2.83262 2.89061 2.94938 3.28193 3.27563 3.26884 3.46905 3.51897 3.52179 3.52238 3.52249 3.52260 3.52257 3.60263 3.75492 3.76627 3.76926 3.71507 3.41309 3.41309 3.41309 3.41309 3.42022 3.45082 3.45855 3.38019 3.35573 3.36304 3.39819 3.34115 3.21531 3.29806 3.25240
