High_resolution/powerplant/Chizhou/OMI_NO2_200802.asc
ncols      200
nrows      200
xllcorner       115.585
yllcorner       28.7700
cellsize     0.0166667
NODATA_Value      -999.000
[rows 58 to 86 of 200, columns 67 to 133 of 200]
4.79428 4.78383 4.80417 5.66243 6.30065 6.41190 6.50517 6.59845 6.42971 6.35120 6.45305 6.99466 7.06668 7.13046 7.17547 7.16534 7.13813 7.11090 7.09421 7.50992 7.98465 7.95346 7.92186 7.99324 8.18981 8.30610 8.42258 8.53460 8.56647 8.77362 8.84243 8.93000 9.67812 9.68987 9.67073 9.65244 9.73857 9.46047 9.44304 10.0158 10.0158 10.0158 10.0158 10.0158 10.0158 10.0158 10.0158 10.0860 10.2393 10.3930 10.9655 11.8531 13.6673 14.1693 15.7719 15.8604 15.8904 15.9028 15.8945 15.8862 15.8778 15.8633 15.8232 14.5735 14.4965 14.5056 14.4482
4.79358 4.72955 4.54096 5.55075 6.51350 6.79586 6.84018 6.88402 6.75585 6.54903 6.52275 6.88571 6.99321 6.96600 6.94306 6.94045 6.94045 6.94045 6.94045 7.23398 7.94978 8.13546 8.23520 8.36000 8.58743 8.59380 8.60017 8.60654 8.61187 8.72685 8.85566 8.80386 9.39863 9.52797 9.50142 9.49261 9.66518 9.53177 9.35125 9.93991 10.0158 10.0165 10.1069 10.2606 10.4142 10.5677 10.7214 10.8048 10.7948 10.7286 10.8015 11.9398 13.2831 14.0553 15.5031 15.9166 15.8783 15.8575 15.8575 15.8575 15.8630 15.8890 15.9167 15.0406 14.5833 14.5850 14.5047
4.21839 4.11777 4.08095 5.12353 6.42734 6.78546 6.78528 6.78528 6.72895 6.41564 6.41564 6.64035 6.94045 6.94045 6.93261 6.98142 7.08093 7.18053 7.28011 7.51086 8.01868 8.25053 8.25035 8.45772 9.18563 9.59377 9.96450 9.00653 8.78815 8.85034 8.67464 8.67310 9.06276 9.50142 9.50142 9.48268 9.63865 9.62990 9.57148 10.1450 10.5890 10.7419 10.7851 10.7131 10.6383 10.5634 10.4886 10.4138 10.3762 10.4345 10.5018 12.0257 12.8730 13.9103 14.8124 15.8575 15.8632 15.8893 15.9172 15.9449 15.9671 15.9690 15.9690 15.5374 14.5850 14.5795 14.4616
3.85335 3.85335 3.88259 4.50912 6.18159 6.78509 6.78528 6.73907 6.65305 6.38938 6.35894 6.47532 7.05762 7.15875 7.26611 7.31698 7.31698 7.31698 7.52845 8.05367 8.86773 9.61610 9.96898 10.2017 10.4755 10.6499 10.7026 9.77815 8.91686 8.91686 8.72800 8.67315 8.80826 9.50791 9.51166 9.51450 9.57545 9.59482 9.80355 10.0560 10.4732 10.3983 10.3433 10.3436 10.3944 10.4618 10.5291 10.5964 10.6366 10.6370 10.6370 11.6311 12.5711 14.2941 15.0274 15.9159 15.9673 15.9690 15.9690 15.9763 16.0014 16.0273 16.0533 16.0514 14.6141 14.4483 14.4244
3.85120 3.84585 3.84083 4.18081 5.48747 6.27711 6.30333 6.34797 6.44617 6.57516 6.70286 6.73453 7.21625 7.51977 7.96173 8.38012 8.77180 9.14086 9.33662 9.39848 9.76893 10.3007 10.3860 10.3956 10.5197 10.7060 10.7060 10.2868 8.92319 8.92703 8.82014 8.68657 8.68492 9.38560 9.50733 9.50439 9.30212 9.29727 9.47412 9.71644 10.4217 10.4890 10.5563 10.6206 10.6370 10.6370 10.6370 10.6370 10.6870 11.0557 11.4801 12.4364 13.9523 15.2215 15.8153 16.0465 16.1899 16.2158 16.2416 16.2602 16.2610 16.2610 16.2610 16.2610 15.1560 14.5426 14.5771
3.82094 3.82091 3.81910 3.93204 5.07880 6.30707 6.67603 6.69652 6.90615 7.47852 8.02668 8.50652 9.04419 9.33398 9.33475 9.37222 9.44118 9.51004 9.57668 9.59560 9.81744 10.2560 10.3977 10.4010 10.4464 10.7141 10.7149 10.6769 9.03006 8.91974 8.88766 8.67512 8.67438 9.12092 9.50302 9.53696 9.45738 9.44366 9.57847 9.85443 10.5038 10.6076 10.5994 10.5912 10.6159 10.9597 11.3844 11.8087 12.1830 12.2385 12.2385 12.3365 13.9087 14.6979 15.9381 16.0492 16.2610 16.2610 16.2610 16.2610 16.2697 16.3330 16.4059 16.4788 16.0213 14.8435 14.8636
3.96761 4.06938 4.17776 4.47626 5.88094 7.80826 8.70717 9.14399 9.41782 9.39186 9.17691 9.21327 9.31883 9.49538 9.56419 9.59560 9.59560 9.61175 9.64632 9.68177 9.86932 10.2060 10.4006 10.3980 10.3968 10.6696 10.7071 10.7071 9.54031 8.87497 8.86010 8.77944 8.87288 9.13401 9.53705 9.52976 9.44844 9.44137 9.47954 9.79943 10.2966 11.0307 11.9981 12.9268 13.7615 12.8317 12.2385 12.2385 12.2385 12.2385 12.2385 12.2385 13.5438 14.2008 15.8733 15.9971 16.3524 16.4279 16.5007 16.5737 16.6379 16.6475 16.6475 16.6475 16.5783 14.7478 14.3857
6.14481 6.62045 7.06750 7.39794 7.84562 8.77056 9.49622 9.52440 9.58830 9.64893 9.43238 9.48692 9.50349 9.62980 9.67736 9.71281 9.74830 9.76763 9.77069 9.78018 9.85421 10.0352 10.2858 10.2633 10.2380 10.4048 10.5311 10.6459 10.1567 9.17679 9.33504 9.25123 9.16257 9.23946 9.64161 9.76325 10.0610 10.9396 12.0810 13.3098 14.2283 14.6348 14.6560 14.6560 14.6560 13.6531 12.2385 12.2385 12.2385 12.2385 12.2905 12.4140 13.3815 14.3661 16.1163 16.5733 16.6334 16.6475 16.6067 16.5143 16.3130 16.0313 15.7493 15.4677 15.2263 14.2194 13.6539
7.41702 7.41702 7.41702 7.42822 7.82616 8.70795 9.58670 9.77573 9.81405 9.85429 9.69272 9.68736 9.73185 9.78489 9.82381 9.83389 9.84400 9.85411 9.86206 9.86267 9.85946 9.81750 10.1645 10.3605 10.5094 10.8039 11.2810 11.3977 11.3560 9.79676 9.88496 10.2281 10.6464 11.4507 12.5769 13.5512 14.1945 14.2729 14.3326 14.4562 14.6560 14.6560 14.6560 14.6560 14.6563 14.3595 12.4327 12.5566 12.6806 12.8045 12.8765 12.8838 13.3364 14.4042 15.3885 16.1855 15.9531 15.7067 15.4657 15.2764 15.1959 15.1959 15.1959 15.0943 14.7906 14.0673 12.7981
7.52241 7.75129 7.99975 8.25680 8.47375 9.19864 9.86448 10.0216 10.0339 10.0392 9.90737 9.79377 9.80157 9.81755 9.86267 9.86267 9.86267 9.86649 9.97373 10.1306 10.2876 10.3994 10.6870 10.8327 10.8407 10.9372 11.9379 11.9516 11.9627 11.9978 12.5250 12.7572 13.6192 13.9813 14.0840 14.3202 14.3202 14.2855 14.3326 14.3662 14.7286 14.8334 14.9367 15.0400 15.1430 15.2006 13.3316 13.1541 13.2914 13.4288 13.5663 13.7220 13.8051 14.0899 14.4151 15.1387 15.1389 15.1959 15.1959 15.0911 14.7844 14.4754 14.1641 13.9546 13.9490 13.9447 12.8761
8.54537 8.58903 8.61322 8.61776 8.63131 9.22004 9.72431 10.0392 10.0392 10.0392 9.96537 9.80401 9.82228 9.83419 10.0193 10.1964 10.3535 10.5065 10.5562 10.5562 10.5562 10.5293 10.6212 10.8658 10.8753 10.8797 11.7574 11.9350 11.9096 12.3174 12.7227 12.7227 13.3383 13.9813 13.9957 14.3882 14.5205 14.6278 14.7600 14.9149 15.2739 15.4417 15.5562 15.6706 15.7851 15.8845 14.7050 13.7724 13.8197 13.8670 13.9143 13.9364 13.9364 14.1119 14.2097 15.0507 15.0081 14.5322 14.1597 13.9540 14.0870 14.5005 14.8782 14.4490 14.5095 14.5540 14.0936
8.61776 8.61776 8.61776 8.61996 8.63557 9.08692 9.57113 10.0906 10.1287 10.1466 10.1412 9.87476 9.87039 9.87428 10.3128 10.5562 10.5606 10.5702 10.5797 10.5892 10.5987 10.5835 10.5595 10.8221 10.8250 10.8084 11.3929 11.8944 11.8944 12.0781 12.8034 12.9217 13.2458 14.4063 14.4868 14.7205 14.7903 14.7533 15.3196 15.6283 15.7672 15.8979 15.9109 15.9497 15.9891 16.0285 15.4857 13.9364 13.9364 13.9364 13.9364 13.9149 13.8302 13.8660 13.9525 14.6181 15.0915 14.9422 14.9424 15.2245 15.3877 15.3282 15.2615 14.2231 13.9555 13.9555 13.9555
8.68727 8.70518 8.72309 8.73880 8.74107 8.99170 9.47816 10.0779 10.1626 10.1626 10.1626 9.99654 10.0580 9.90154 10.1343 10.5986 10.6038 10.6030 10.5870 10.5652 10.5435 10.5199 10.4673 10.7156 10.8087 10.8747 11.2919 12.1991 12.2811 12.3686 13.1252 13.1551 13.1182 14.1467 14.3497 14.4775 14.6886 14.6894 15.1674 15.7001 15.7962 16.0438 16.0792 16.1008 16.1218 16.1428 16.0802 14.1238 13.9987 13.9708 14.2654 14.6310 15.0290 15.4202 15.9360 15.9497 15.8709 15.6844 15.1876 15.1876 15.1876 15.1876 15.1876 14.5643 13.9701 13.9854 14.0007
8.74107 8.74107 8.74107 8.73953 8.71306 8.74885 9.38704 9.93507 10.3362 10.4552 10.5740 10.6973 10.7038 9.95853 9.93971 10.5415 10.5480 10.5271 10.5213 10.5213 10.5137 10.4969 10.4270 10.6308 11.1738 11.1776 11.2110 12.2492 12.2628 12.2628 12.7909 13.0911 13.1127 13.8149 14.5451 14.6946 15.0191 15.1072 15.3396 15.9727 15.9957 16.2568 16.2917 16.2824 16.2135 16.1255 16.0364 15.3473 15.4944 15.7935 15.8480 15.8480 15.8480 15.8481 16.0346 15.9855 15.8689 15.8581 15.2393 15.2070 15.2223 15.2377 15.2530 14.9936 14.0369 14.0369 14.0369
8.38900 8.37729 8.48105 8.60133 8.74679 8.90142 9.60736 9.93564 10.4395 10.4423 10.4344 10.5326 10.6762 10.0787 9.83357 10.3100 10.4919 10.4682 10.4446 10.4210 10.4050 10.3981 10.3752 10.4216 11.1825 11.2554 11.2959 12.2389 12.5590 12.6310 13.0412 13.7068 13.8096 14.1101 15.1433 15.1433 15.2816 15.3253 15.3355 15.9705 15.9419 16.0197 16.0289 15.9492 15.9291 15.9282 15.9282 15.8922 15.8480 15.8480 15.8480 15.8480 15.8480 15.8653 16.0358 16.1495 15.9831 16.0557 15.5587 15.2691 15.2691 15.2835 15.3434 15.2174 13.8795 13.5778 13.3670
8.87486 9.00561 9.02081 9.02081 9.02081 9.02081 9.44461 9.84305 10.3506 10.3732 10.3482 10.3741 10.5811 10.2139 9.72416 9.99096 10.4251 10.4327 10.4404 10.4481 10.4557 10.4634 10.5612 10.7402 11.2863 11.5586 11.6247 12.3018 13.0025 13.0549 13.1140 13.8733 13.8848 13.8859 14.9611 15.1214 15.1330 15.1439 15.0550 15.4571 15.6632 15.7525 15.9282 15.9282 15.9282 15.9282 15.9282 15.9155 15.8711 15.9130 15.9549 15.9969 16.0388 16.0634 16.1344 16.3153 16.1814 16.2591 15.9915 15.2425 15.0319 14.8067 14.5361 14.4375 13.6349 13.2054 13.2166
9.02081 9.02081 9.02382 9.08082 9.20068 9.35047 9.70515 10.1252 10.2671 10.2944 10.2895 10.2991 10.5747 10.4782 9.77360 9.82504 10.4574 10.4692 10.4692 10.4692 10.4733 10.5329 10.6381 10.9586 11.3559 11.8585 11.8704 12.1682 13.0565 13.0674 13.0895 13.6809 13.8772 13.9259 14.4579 14.7983 14.8055 14.9617 14.9618 15.2589 15.6632 15.6797 15.9243 15.9572 15.9991 16.0411 16.0830 16.1248 16.0777 16.1343 16.2248 16.3153 16.4058 16.4959 16.5662 16.6406 16.3569 15.4773 15.2269 14.4703 14.4375 14.4375 14.4492 14.4720 14.0432 13.2856 13.2974
9.40991 9.57797 9.75492 9.87784 9.93794 9.96829 9.99619 10.1961 10.2472 10.3077 10.3077 10.3077 10.5151 10.5772 9.92234 9.79679 10.3506 10.5879 10.6659 10.7439 10.8179 10.8364 10.8364 11.0679 11.2067 11.9138 11.9348 11.9946 13.1467 13.2546 13.3162 13.6853 14.0516 14.0516 14.2037 14.7798 14.7798 14.9317 14.9805 15.1220 15.7349 15.7629 16.0571 16.2341 16.3245 16.4151 16.5055 16.5960 16.6362 16.6201 16.5832 16.5420 16.5007 16.4599 16.4448 16.5107 16.4199 15.3990 15.2026 14.6559 14.4954 14.5182 14.5295 14.5281 14.4143 13.1995 13.1428
9.96090 9.97286 9.97286 9.97286 9.97286 9.97286 9.97284 10.1666 10.2010 10.3015 10.2979 10.2952 10.4335 10.6639 10.2460 9.87112 10.3141 10.8364 10.8364 10.8450 10.8640 10.8831 10.9020 11.0873 11.2177 11.9032 12.0992 12.1522 13.0670 13.4007 13.4007 13.5189 14.0520 14.0698 14.0993 14.7650 14.8980 15.1228 15.3314 15.4580 16.1108 16.2696 16.5088 16.7063 16.7063 16.6883 16.6471 16.6058 16.5411 16.4492 16.4448 16.4448 16.4448 16.4448 16.4029 16.3391 16.2457 15.2954 14.7818 14.6201 14.4101 14.3770 14.3438 14.3121 14.2839 13.0926 12.7659
9.97162 9.96891 9.96620 9.96349 9.96078 9.95807 9.95537 10.0986 10.1756 10.2600 10.2891 10.2891 10.3634 10.6471 10.4886 9.90306 10.0485 10.8988 10.9208 10.9311 10.9377 10.9840 11.0369 11.1905 11.3995 11.8131 12.1828 12.1831 12.7569 13.4455 13.4921 13.6242 14.3408 14.5354 14.6484 15.1681 15.5831 15.6314 15.7745 15.7745 16.1553 16.3260 16.3438 16.5895 16.5483 16.5251 16.5356 16.5696 16.6014 16.5620 16.5611 16.4909 16.4175 16.3402 16.3041 16.3539 16.4445 15.3730 14.4951 14.4555 14.1951 14.1897 14.1897 14.1897 14.1897 13.4440 12.7232
9.95431 9.95431 9.95431 9.95431 9.95431 9.95431 9.95431 10.0471 10.1740 10.2066 10.2719 10.2674 10.2776 10.6755 10.7266 10.0330 9.98428 10.8042 11.0258 11.0786 11.1249 11.1314 11.1316 11.2258 11.5671 11.8935 12.4706 12.5903 12.9701 14.1107 14.2039 14.2134 14.6040 14.8643 14.8643 15.0339 15.5482 15.3604 15.6205 15.6531 15.9297 16.3807 16.4158 16.7544 16.8312 16.8660 16.8653 16.7945 16.8297 16.5883 16.3766 16.3689 16.3640 16.3630 16.3630 16.3651 16.4423 15.8203 14.5696 14.4914 14.2541 14.1757 14.1198 14.0608 14.0019 13.6150 12.4262
9.87341 9.85778 9.84201 9.82634 9.81257 9.80710 9.80260 9.82717 10.0295 10.0283 10.1330 10.1364 10.1366 10.5956 10.8358 10.4045 10.1999 10.6952 11.1740 11.2842 11.3961 11.5081 11.6197 11.6729 11.9176 12.2086 12.8511 12.8831 12.9118 14.1564 14.2278 14.2312 14.3456 14.5960 14.3963 14.2023 14.6970 14.7589 15.2762 15.6263 15.8262 16.5349 16.5726 16.8269 17.0151 17.0605 17.1307 17.2479 17.2582 16.8770 16.3630 16.3630 16.3630 16.3630 16.3630 16.3630 16.3951 15.9769 14.6718 14.2561 14.0677 13.8800 13.8771 13.8771 13.8657 13.7041 12.0388
9.75824 9.76917 9.78033 9.79147 9.80069 9.80161 9.80161 9.80161 10.0138 10.0312 10.1579 10.2618 10.3147 10.6784 11.1249 10.9958 10.6400 10.9371 11.6811 11.6855 11.6883 11.6911 11.6939 11.6967 11.8755 12.0771 12.7732 12.9039 12.7838 13.4957 13.6959 13.4928 13.4100 14.0125 14.0307 14.0307 14.4547 14.8222 15.2131 15.8902 15.9875 16.8051 16.9178 17.0149 17.2582 17.2582 17.2582 17.2582 17.2582 17.1348 16.3630 16.3260 16.2551 16.1842 16.1133 16.0424 16.0346 15.9521 14.7044 13.9122 13.7051 13.2512 12.8686 12.4841 12.1113 11.8709 10.8559
9.80161 9.80161 9.80161 9.80161 9.80161 9.80484 9.82563 9.82519 9.96838 10.0958 10.3373 10.6991 10.8136 11.1082 11.6007 11.5783 10.8908 10.8839 11.6043 11.7040 11.7040 11.7040 11.7040 11.6838 11.6769 11.8005 12.4259 12.7243 12.8380 13.1909 13.3798 13.3798 13.4878 14.1152 14.4252 14.6437 14.9890 15.2358 15.1665 15.9516 15.9935 16.6374 16.9122 16.9258 17.2466 17.2571 17.2104 17.1395 17.0687 16.9977 16.1658 15.9977 15.9325 15.8077 15.6829 15.5581 15.4058 14.9665 13.7036 12.4594 12.2090 11.8696 11.8126 11.8126 11.8077 11.6568 10.8990
9.80839 9.80355 9.77444 9.74962 9.75836 9.77873 9.78148 9.80561 9.95019 10.3236 10.4390 10.9044 10.9093 10.9853 11.5872 11.6400 11.0585 10.9277 11.5506 11.9825 11.9553 11.9209 11.8849 11.8707 12.0196 12.2931 12.7355 13.4789 13.7016 13.9154 14.1297 14.3949 14.5857 14.8320 15.1206 15.1404 15.1402 15.1271 15.1261 15.7105 15.9955 16.4747 17.0819 17.1811 17.0799 16.9138 16.8012 16.6764 16.5516 16.4269 15.7988 15.2821 15.1819 15.0086 14.8255 14.6420 14.4645 14.1991 13.5022 12.3739 12.0572 11.7099 11.4336 11.2154 10.9999 10.9312 10.8080
9.70921 9.73766 9.79032 9.83884 9.85370 9.85370 9.85370 9.85370 9.88662 10.2606 10.3529 10.8181 10.9093 10.9097 11.5319 12.5532 12.2224 11.8006 11.8052 11.9816 11.9754 11.9754 12.0804 12.2950 12.5100 13.0142 13.4882 14.3776 14.5680 14.6531 14.7376 14.7713 14.7713 14.8259 15.1404 15.1418 15.2082 15.2985 15.3929 15.8107 16.4693 16.7235 17.0645 16.9149 16.5711 16.1542 16.1178 16.1175 16.0139 15.8304 15.4010 14.5682 14.4253 14.4151 14.4151 14.4151 14.4132 14.0160 13.0820 11.6221 10.5795 10.4808 10.9238 10.9221 10.9183 10.9145 10.9037
9.90783 9.85370 9.85370 9.85370 9.85369 9.85369 9.85368 9.85367 9.85367 10.1617 10.3455 10.6298 10.8324 10.7867 11.0962 12.1670 12.2565 11.7401 11.9574 12.4777 12.7205 12.9343 13.0444 13.0648 13.1459 13.4467 13.6916 14.5247 14.6750 14.5744 14.4771 14.4420 14.4419 14.6182 15.4645 15.6285 15.6761 15.6860 15.6898 15.7663 16.5602 16.6447 16.8061 16.6122 16.3845 15.7571 15.5735 15.3903 15.3103 15.3103 15.2733 14.3957 14.3066 14.0492 13.5830 13.1189 12.6755 12.3972 12.0573 11.2071 10.2479 10.2306 10.6165 10.7272 10.7272 10.7272 10.7272
9.98008 9.85367 9.85366 9.85366 9.85366 9.85366 9.85339 9.84301 9.82835 9.98241 10.2320 10.3484 10.6822 10.5855 10.6622 11.2837 11.5733 12.2589 12.2935 12.4260 12.5440 12.5501 12.5561 12.5436 12.4780 12.5317 12.6332 13.1241 13.7137 13.8107 13.9073 13.9496 13.9616 14.1345 15.5604 15.7199 15.7199 15.7195 15.7064 15.6748 16.1557 16.1784 16.1636 15.6670 15.5901 15.1036 14.9741 14.9236 14.8726 14.6546 14.1984 13.1722 12.5299 12.3487 12.3759 12.4017 12.4080 12.3865 12.1610 11.3761 10.4530 10.2409 10.4498 10.7272 10.7152 10.6624 10.6063
9.94241 9.85489 9.85491 9.84379 9.82996 9.81700 9.80504 9.78019 9.68483 9.67631 9.85815 9.84500 10.1691 10.2349 10.1971 10.2909 10.9308 11.4989 11.9098 12.0617 12.2743 12.2897 12.4273 12.6097 12.7921 13.0274 13.4146 13.4106 13.8904 13.9748 13.9815 14.0042 14.0274 14.0520 15.4225 15.8097 15.7476 15.6857 15.6145 15.5781 15.7867 16.0311 15.8229 15.2939 15.2929 14.8692 14.2191 13.7873 13.3560 13.0914 13.0758 12.7999 12.4080 12.4080 12.4080 12.4080 12.4080 12.4080 12.2112 11.5517 10.7144 10.1286 10.1081 10.4763 10.4323 10.4290 10.4290
