High_resolution/powerplant/Chizhou/OMI_NO2_201007.asc
ncols      200
nrows      200
xllcorner       115.585
yllcorner       28.7700
cellsize     0.0166667
NODATA_Value      -999.000
[rows 0 to 28 of 200, columns 130 to 194 of 200]
0.00000 0.00000 0.00000 0.00000 0.00000 0.00000 0.00000 0.00000 0.00000 0.00000 0.00000 0.00000 0.00000 0.00000 0.00000 0.00000 0.00000 0.00000 0.00000 0.00000 0.00000 0.00000 0.00000 0.00000 0.00000 0.00000 0.00000 0.00000 0.00000 0.00000 0.00000 0.00000 0.00000 0.00000 0.00000 0.00000 0.00000 0.00000 5.01508 5.01508 5.01508 5.01508 0.00000 0.00000 0.00000 0.00000 0.00000 0.00000 0.00000 0.00000 0.00000 0.00000 0.00000 0.00000 0.00000 0.00000 0.00000 0.00000 0.00000 0.00000 0.00000 0.00000 0.00000 0.00000 0.00000
0.00000 0.00000 0.00000 0.00000 0.00000 0.00000 0.00000 0.00000 0.00000 0.00000 0.00000 0.00000 0.00000 0.00000 0.00000 0.00000 0.00000 0.00000 0.00000 0.00000 0.00000 0.00000 0.00000 0.00000 0.00000 0.00000 0.00000 0.00000 0.00000 0.00000 0.00000 0.00000 0.00000 0.00000 5.01508 5.01508 5.01508 5.01508 5.01508 5.01508 5.01508 5.01508 5.01508 0.00000 0.00000 0.00000 0.00000 0.00000 0.00000 0.00000 0.00000 0.00000 0.00000 0.00000 0.00000 0.00000 0.00000 0.00000 0.00000 0.00000 0.00000 0.00000 0.00000 0.00000 0.00000
0.00000 0.00000 0.00000 0.00000 0.00000 0.00000 0.00000 0.00000 0.00000 0.00000 0.00000 0.00000 0.00000 0.00000 0.00000 0.00000 0.00000 0.00000 0.00000 0.00000 0.00000 0.00000 0.00000 0.00000 0.00000 0.00000 0.00000 0.00000 0.00000 5.01508 5.01508 5.01508 5.01508 5.01508 5.01508 5.01508 5.01508 5.01508 5.01508 5.01508 5.01508 5.01508 5.01508 0.00000 0.00000 0.00000 0.00000 0.00000 0.00000 0.00000 0.00000 0.00000 0.00000 0.00000 0.00000 0.00000 0.00000 0.00000 0.00000 0.00000 0.00000 0.00000 0.00000 0.00000 0.00000
0.00000 0.00000 0.00000 0.00000 0.00000 0.00000 0.00000 0.00000 0.00000 0.00000 0.00000 0.00000 0.00000 0.00000 0.00000 0.00000 0.00000 0.00000 0.00000 0.00000 0.00000 0.00000 0.00000 0.00000 0.00000 5.01508 5.01508 5.01508 5.01508 5.01508 5.01508 5.01508 5.01508 5.01508 5.01508 5.01508 5.01508 5.01508 5.01508 5.01508 5.01508 5.01508 5.01508 0.00000 0.00000 0.00000 0.00000 0.00000 0.00000 0.00000 0.00000 0.00000 0.00000 0.00000 0.00000 0.00000 0.00000 0.00000 0.00000 16.9150 16.9150 16.9150 16.9150 0.00000 0.00000
0.00000 0.00000 0.00000 0.00000 0.00000 0.00000 0.00000 0.00000 0.00000 0.00000 0.00000 0.00000 0.00000 0.00000 0.00000 0.00000 0.00000 0.00000 0.00000 0.00000 0.00000 0.00000 5.01508 5.01508 5.01508 5.01508 5.01508 5.01508 5.01508 5.01508 5.01508 5.01508 5.01508 5.01508 5.01508 5.01508 5.01508 5.01508 5.01508 5.01508 5.01508 5.01508 5.01508 5.01508 0.00000 0.00000 0.00000 0.00000 0.00000 0.00000 0.00000 0.00000 0.00000 0.00000 0.00000 16.9150 16.9150 16.9150 16.9150 16.9150 16.9150 16.9150 16.9150 0.00000 0.00000
0.00000 0.00000 0.00000 0.00000 0.00000 0.00000 0.00000 0.00000 0.00000 0.00000 0.00000 0.00000 0.00000 0.00000 0.00000 0.00000 0.00000 0.00000 0.00000 0.00000 0.00000 0.00000 5.01508 5.01508 5.01508 5.01508 5.01508 5.01508 5.01508 5.01508 5.01508 5.01508 5.01508 5.01508 5.01508 5.01508 5.01508 5.01508 5.01508 5.01508 5.01508 5.01508 5.01508 5.01508 0.00000 0.00000 0.00000 0.00000 0.00000 0.00000 16.9150 16.9150 16.9150 16.9150 16.9150 16.9150 16.9150 16.9150 16.9150 16.9150 16.9150 16.9150 16.9150 0.00000 0.00000
0.00000 0.00000 0.00000 0.00000 0.00000 0.00000 0.00000 0.00000 0.00000 0.00000 0.00000 0.00000 0.00000 0.00000 0.00000 0.00000 0.00000 0.00000 0.00000 0.00000 0.00000 0.00000 0.00000 5.01508 5.01508 5.01508 5.01508 5.01508 5.01508 5.01508 5.01508 5.01508 5.01508 5.01508 5.01508 5.01508 5.01508 5.01508 5.01508 5.01508 5.01508 5.01508 5.01508 5.01508 0.00000 0.00000 16.9150 16.9150 16.9150 16.9150 16.9150 16.9150 16.9150 16.9150 16.9150 16.9150 16.9150 16.9150 16.9150 16.9150 16.9150 16.9150 16.9150 16.9150 0.00000
0.00000 0.00000 0.00000 0.00000 7.77616 7.77616 7.77616 7.77616 0.00000 0.00000 0.00000 0.00000 0.00000 0.00000 0.00000 0.00000 0.00000 0.00000 0.00000 0.00000 0.00000 0.00000 0.00000 5.01508 5.01508 5.01508 5.01508 5.01508 5.01508 5.01508 5.01508 5.01508 5.01508 5.01508 5.01508 5.01508 5.01508 5.01508 5.01508 5.01508 5.01508 5.01508 5.01508 5.05046 16.9150 16.9150 16.9150 16.9150 16.9150 16.9150 16.9150 16.9150 16.9150 16.9150 16.9150 16.9150 16.9150 16.9150 16.9150 16.9150 16.9150 16.9150 16.9150 16.9150 0.00000
7.77616 7.77616 7.77616 7.77616 7.77616 7.77616 7.77616 7.77616 0.00000 0.00000 0.00000 0.00000 0.00000 0.00000 0.00000 0.00000 0.00000 0.00000 0.00000 0.00000 0.00000 0.00000 0.00000 5.01508 5.01508 5.01508 5.01508 5.01508 5.01508 5.01508 5.01508 5.01508 5.01508 5.01508 5.01508 5.01508 5.01508 5.01508 5.01508 5.01508 5.01508 5.01508 0.00000 0.00000 16.9150 16.9150 16.9150 16.9150 16.9150 16.9150 16.9150 16.9150 16.9150 16.9150 16.9150 16.9150 16.9150 16.9150 16.9150 16.9150 16.9150 16.9150 16.9150 16.9150 0.00000
7.77616 7.77616 7.77616 7.77616 7.77616 7.77616 7.77616 7.77616 0.00000 0.00000 0.00000 0.00000 0.00000 0.00000 0.00000 0.00000 0.00000 0.00000 0.00000 0.00000 0.00000 0.00000 0.00000 0.00000 5.01508 5.01508 5.01508 5.01508 5.01508 5.01508 5.01508 5.01508 5.01508 5.01508 5.01508 5.01508 5.01508 5.01508 0.00000 0.00000 0.00000 0.00000 0.00000 0.00000 16.9150 16.9150 16.9150 16.9150 16.9150 16.9150 16.9150 16.9150 16.9150 16.9150 16.9150 16.9150 16.9150 16.9150 16.9150 16.9150 16.9150 16.9150 16.9150 16.9150 16.9150
7.77616 7.77616 7.77616 7.77616 7.77616 7.77616 7.77616 7.77616 7.77616 0.00000 0.00000 0.00000 0.00000 0.00000 0.00000 0.00000 0.00000 0.00000 0.00000 0.00000 0.00000 0.00000 0.00000 0.00000 5.01508 5.01508 5.01508 5.01508 5.01508 5.01508 5.01508 5.01508 5.01508 0.00000 0.00000 0.00000 0.00000 0.00000 0.00000 0.00000 0.00000 0.00000 0.00000 0.00000 16.9150 16.9150 16.9150 16.9150 16.9150 16.9150 16.9150 16.9150 16.9150 16.9150 16.9150 16.9150 16.9150 16.9150 16.9150 16.9150 16.9150 16.9150 16.9150 16.9150 16.9150
7.77616 7.77616 7.77616 7.77616 7.77616 7.77616 7.77616 7.77616 7.77616 0.00000 0.00000 0.00000 0.00000 0.00000 0.00000 0.00000 0.00000 0.00000 0.00000 0.00000 0.00000 0.00000 0.00000 0.00000 5.01508 5.01508 5.01508 5.01508 5.01508 0.00000 0.00000 0.00000 0.00000 0.00000 0.00000 0.00000 0.00000 0.00000 0.00000 0.00000 0.00000 0.00000 0.00000 0.00000 0.00000 16.9150 16.9150 16.9150 16.9150 16.9150 16.9150 16.9150 16.9150 16.9150 16.9150 16.9150 16.9150 16.9150 16.9150 16.9150 16.9150 16.9150 16.9150 0.00000 0.00000
7.77616 7.77616 7.77616 7.77616 7.77616 7.77616 7.77616 7.77616 7.77616 0.00000 0.00000 0.00000 0.00000 0.00000 0.00000 0.00000 0.00000 0.00000 0.00000 0.00000 0.00000 0.00000 0.00000 0.00000 0.00000 0.00000 0.00000 0.00000 0.00000 0.00000 0.00000 0.00000 0.00000 0.00000 0.00000 0.00000 0.00000 0.00000 0.00000 0.00000 0.00000 0.00000 0.00000 0.00000 0.00000 16.9150 16.9150 16.9150 16.9150 16.9150 16.9150 16.9150 16.9150 16.9150 16.9150 16.9150 16.9150 16.9150 16.9150 0.00000 0.00000 0.00000 0.00000 0.00000 0.00000
7.77616 7.77616 7.77616 7.77616 7.77616 7.77616 7.77616 7.77616 7.77616 7.77616 0.00000 0.00000 0.00000 0.00000 0.00000 0.00000 0.00000 0.00000 0.00000 0.00000 0.00000 0.00000 0.00000 0.00000 0.00000 0.00000 0.00000 0.00000 0.00000 0.00000 0.00000 0.00000 0.00000 0.00000 0.00000 0.00000 0.00000 0.00000 0.00000 0.00000 0.00000 0.00000 0.00000 0.00000 0.00000 16.9150 16.9150 16.9150 16.9150 16.9150 16.9150 16.9150 16.9150 16.9150 0.00000 0.00000 0.00000 0.00000 0.00000 0.00000 0.00000 0.00000 0.00000 0.00000 0.00000
7.77616 7.77616 7.77616 7.77616 7.77616 7.77616 7.77616 7.62653 7.10595 6.40952 0.00000 0.00000 0.00000 0.00000 0.00000 0.00000 0.00000 0.00000 0.00000 0.00000 0.00000 0.00000 0.00000 0.00000 0.00000 0.00000 0.00000 0.00000 0.00000 0.00000 0.00000 0.00000 0.00000 0.00000 0.00000 0.00000 0.00000 0.00000 0.00000 0.00000 0.00000 0.00000 0.00000 0.00000 8.32767 8.33189 15.6970 16.9150 16.9150 16.9150 0.00000 0.00000 0.00000 0.00000 0.00000 0.00000 0.00000 0.00000 0.00000 0.00000 0.00000 0.00000 0.00000 0.00000 0.00000
7.77616 7.77616 7.68101 7.18702 6.64975 6.11197 5.57444 5.18654 5.16934 5.16934 0.00000 0.00000 0.00000 0.00000 0.00000 0.00000 0.00000 0.00000 0.00000 0.00000 0.00000 0.00000 0.00000 0.00000 0.00000 0.00000 0.00000 0.00000 0.00000 0.00000 0.00000 0.00000 0.00000 0.00000 0.00000 0.00000 0.00000 0.00000 0.00000 0.00000 8.32767 8.32767 8.32767 8.32767 8.32767 8.32767 8.32767 0.00000 0.00000 0.00000 0.00000 0.00000 0.00000 0.00000 0.00000 0.00000 0.00000 0.00000 0.00000 0.00000 0.00000 0.00000 0.00000 0.00000 0.00000
6.19304 5.65551 5.21313 5.16934 5.16934 5.16934 5.16934 5.16934 5.16934 5.16934 5.16934 0.00000 0.00000 0.00000 0.00000 0.00000 0.00000 0.00000 0.00000 0.00000 0.00000 0.00000 0.00000 0.00000 0.00000 0.00000 0.00000 0.00000 0.00000 0.00000 0.00000 0.00000 0.00000 0.00000 0.00000 8.32767 8.32767 8.32767 8.32767 8.32767 8.32767 8.32767 8.32767 8.32767 8.32767 8.32767 8.32767 0.00000 0.00000 0.00000 0.00000 0.00000 0.00000 0.00000 0.00000 0.00000 0.00000 0.00000 0.00000 0.00000 0.00000 0.00000 0.00000 0.00000 0.00000
5.16934 5.16934 5.16934 5.16934 5.16934 5.16934 5.16934 5.16934 5.16934 5.16934 5.16934 0.00000 0.00000 0.00000 0.00000 0.00000 0.00000 0.00000 0.00000 0.00000 0.00000 0.00000 0.00000 0.00000 0.00000 0.00000 0.00000 0.00000 0.00000 0.00000 0.00000 8.32767 8.32767 8.32767 8.32767 8.32767 8.32767 8.32767 8.32767 8.32767 8.32767 8.32767 8.32767 8.32767 8.32767 8.32767 8.32767 8.32767 0.00000 0.00000 0.00000 0.00000 0.00000 0.00000 0.00000 0.00000 0.00000 0.00000 0.00000 0.00000 0.00000 0.00000 0.00000 0.00000 0.00000
5.16934 5.16934 5.16934 5.16934 5.16934 5.16934 5.16934 5.16934 5.16934 5.16934 5.16934 0.00000 0.00000 0.00000 0.00000 0.00000 0.00000 0.00000 0.00000 0.00000 0.00000 0.00000 0.00000 0.00000 0.00000 0.00000 0.00000 8.32767 8.32767 8.32767 8.32767 8.32767 8.32767 8.32767 8.32767 8.32767 8.32767 8.32767 8.32767 8.32767 8.32767 8.32767 8.32767 8.32767 8.32767 8.32767 8.32767 8.32767 0.00000 0.00000 0.00000 0.00000 0.00000 0.00000 0.00000 0.00000 0.00000 0.00000 0.00000 0.00000 0.00000 11.3126 11.3126 11.3126 11.3126
5.16934 5.16934 5.16934 5.16934 5.16934 5.16934 5.16934 5.16934 5.16934 5.16934 5.16934 0.00000 0.00000 0.00000 0.00000 0.00000 0.00000 0.00000 0.00000 0.00000 0.00000 0.00000 0.00000 0.00000 0.00000 0.00000 0.00000 8.32767 8.32767 8.32767 8.32767 8.32767 8.32767 8.32767 8.32767 8.32767 8.32767 8.32767 8.32767 8.32767 8.32767 8.32767 8.32767 8.32767 8.32767 8.32767 8.32767 8.32767 0.00000 0.00000 0.00000 0.00000 0.00000 0.00000 0.00000 0.00000 11.3126 11.3126 11.3126 11.3126 11.3126 11.3126 11.3126 11.3126 11.3126
5.16934 5.16934 5.16934 5.16934 5.16934 5.16934 5.16934 5.16934 5.16934 5.16934 5.16934 5.16934 0.00000 0.00000 0.00000 0.00000 0.00000 0.00000 0.00000 0.00000 0.00000 0.00000 0.00000 0.00000 0.00000 0.00000 0.00000 8.32767 8.32767 8.32767 8.32767 8.32767 8.32767 8.32767 8.32767 8.32767 8.32767 8.32767 8.32767 8.32767 8.32767 8.32767 8.32767 8.32767 8.32767 8.32767 8.32767 8.32767 8.32767 0.00000 0.00000 0.00000 11.3126 11.3126 11.3126 11.3126 11.3126 11.3126 11.3126 11.3126 11.3126 11.3126 11.3126 11.3126 11.3126
5.16934 5.16934 5.16934 5.16934 5.16934 5.16934 5.16934 5.16934 5.16934 5.16934 5.46584 6.47116 0.00000 0.00000 0.00000 0.00000 0.00000 0.00000 0.00000 0.00000 0.00000 0.00000 0.00000 0.00000 0.00000 0.00000 0.00000 8.32767 8.32767 8.32767 8.32767 8.32767 8.32767 8.32767 8.32767 8.32767 8.32767 8.32767 8.32767 8.32767 8.32767 8.32767 8.32767 8.32767 8.32767 8.32767 8.32767 8.38345 9.59251 11.3126 11.3126 11.3126 11.3126 11.3126 11.3126 11.3126 11.3126 11.3126 11.3126 11.3126 11.3126 11.3126 11.3126 11.3126 11.3126
5.16934 5.16934 5.16934 5.16934 5.16934 5.34771 6.25381 7.23724 8.21955 9.20220 9.88913 9.91332 0.00000 0.00000 0.00000 0.00000 0.00000 0.00000 0.00000 0.00000 0.00000 0.00000 0.00000 0.00000 0.00000 0.00000 0.00000 0.00000 8.32767 8.32767 8.32767 8.32767 8.32767 8.32767 8.32767 8.32767 8.32767 8.32767 8.32767 8.32767 8.32767 8.32767 8.32767 8.50486 8.92599 9.34860 9.77047 10.1371 10.6043 11.3126 11.3126 11.3126 11.3126 11.3126 11.3126 11.3126 11.3126 11.3126 11.3126 11.3126 11.3126 11.3126 11.3126 11.3126 11.3126
5.26042 6.08350 7.06646 8.04941 9.03142 9.83647 9.91332 9.91332 9.91332 9.91332 9.91332 9.91332 9.91332 0.00000 0.00000 0.00000 0.00000 0.00000 0.00000 0.00000 0.00000 0.00000 0.00000 0.00000 0.00000 0.00000 0.00000 0.00000 8.32767 8.32767 8.32767 8.32767 8.32767 8.32767 8.32767 8.32767 8.32767 8.32767 8.34906 8.67331 9.09593 9.51798 9.94023 10.1855 10.1870 10.1870 10.1870 10.1870 10.2724 11.2970 11.3126 11.3126 11.3126 11.3126 11.3126 11.3126 11.3126 11.3126 11.3126 11.3126 11.3126 11.3126 11.3126 11.3126 11.3126
9.75393 9.91332 9.91332 9.91332 9.91332 9.91332 9.91332 9.91332 9.91332 9.91332 9.91332 9.91332 9.91332 0.00000 0.00000 0.00000 0.00000 0.00000 0.00000 0.00000 0.00000 0.00000 0.00000 0.00000 0.00000 0.00000 0.00000 0.00000 8.32767 8.32767 8.32767 8.32767 8.32767 8.32767 8.43718 8.84325 9.26549 9.68736 10.0888 10.1870 10.1870 10.1870 10.1870 10.1870 10.1870 10.1870 10.1870 10.1870 10.1870 11.0350 11.3126 11.3126 11.3126 11.3126 11.3126 11.3126 11.3126 11.3126 11.3126 11.3126 11.3126 11.3126 11.3126 11.3126 11.3126
9.91332 9.91332 9.91332 9.91332 9.91332 9.91332 9.91332 9.91332 9.91332 9.91332 9.91332 9.91332 9.91332 0.00000 0.00000 0.00000 0.00000 0.00000 0.00000 0.00000 0.00000 0.00000 0.00000 0.00000 0.00000 0.00000 0.00000 0.00000 11.7719 9.35961 8.76565 9.01319 9.43487 9.85730 10.1704 10.1870 10.1870 10.1870 10.1870 10.1870 10.1870 10.1870 10.1870 10.1870 10.1870 10.1870 10.1870 10.1870 10.1870 10.6876 11.3126 11.3126 11.3126 11.3126 11.3126 11.3126 11.3126 11.3126 11.3126 11.3126 11.3126 11.3126 11.3126 11.3126 10.4751
9.91332 9.91332 9.91332 9.91332 9.91332 9.91332 9.91332 9.91332 9.91332 9.91332 9.91332 9.91332 9.91332 0.00000 0.00000 0.00000 0.00000 0.00000 0.00000 0.00000 0.00000 0.00000 0.00000 11.7719 11.7719 11.7719 11.7719 11.7719 11.7719 11.3937 10.6056 10.1870 10.1870 10.1870 10.1870 10.1870 10.1870 10.1870 10.1870 10.1870 10.1870 10.1870 10.1870 10.1870 10.1870 10.1870 10.1870 10.1870 10.1870 10.3409 11.3120 11.3126 11.3126 11.3126 11.3126 11.3126 11.3126 11.3126 11.3126 11.0758 9.51763 7.75790 5.99683 4.23683 3.31377
9.91332 9.91332 9.91332 9.91332 9.91332 9.91332 9.91332 9.91332 9.91332 9.91332 9.91332 9.91332 9.91332 9.91332 0.00000 0.00000 0.00000 0.00000 11.7719 11.7719 11.7718 11.7719 11.7719 11.7719 11.7719 11.7719 11.7719 11.7719 11.7719 11.7245 10.8317 10.1870 10.1870 10.1870 10.1870 10.1870 10.1870 10.1870 10.1870 10.1870 10.1870 10.1870 10.1870 10.1870 10.1870 10.1870 10.1870 10.1870 10.1870 10.1870 11.1183 11.3126 11.3126 11.3126 11.3094 10.3207 8.56098 6.80044 5.03991 3.51694 3.31377 3.31377 3.31377 3.31377 3.31377
9.91332 9.91332 9.91332 9.91332 9.91332 9.91332 9.91332 9.91332 9.91332 9.91332 9.91332 9.91332 9.91332 10.1013 11.7719 11.7718 11.7719 11.7719 11.7719 11.7719 11.7719 11.7719 11.7719 11.7719 11.7719 11.7719 11.7719 11.7719 11.7719 11.7719 11.1090 10.2101 10.1870 10.1870 10.1870 10.1870 10.1870 10.1870 10.1870 10.1870 10.1870 10.1870 10.1870 10.1870 10.1870 10.1870 10.1870 10.1870 10.1870 10.1870 10.5108 9.36325 7.60272 5.84299 4.08638 3.31377 3.31377 3.31377 3.31377 3.31377 3.31377 3.31377 3.31377 3.31377 3.31377
