High_resolution/powerplant/Chizhou/OMI_NO2_200502.asc
ncols      200
nrows      200
xllcorner       115.585
yllcorner       28.7700
cellsize     0.0166667
NODATA_Value      -999.000
[rows 116 to 144 of 164, columns 67 to 133 of 200]
3.79459 3.79459 3.79459 3.79459 3.79459 3.72035 3.42567 3.11648 2.80741 2.52360 2.46899 2.46899 2.46899 2.46899 2.46899 2.46899 2.46899 2.37905 1.97227 1.97227 1.97227 1.97227 1.97227 1.97227 1.97227 1.97227 1.97227 1.97227 1.97227 1.97227 1.97227 1.97227 1.97227 1.97227 1.97227 6.90685 8.46779 8.57179 8.67868 8.50626 8.26769 8.02912 7.79055 7.60821 7.59655 7.59655 7.59655 7.59655 7.59655 7.51324 5.98052 3.60381 3.46325 3.32233 3.18177 3.04109 2.84578 2.66700 2.63062 2.63062 2.63062 2.63062 2.63062 2.63062 2.63062 2.63062 2.87277
3.79459 3.64599 3.33686 3.02773 2.71860 2.48357 2.46899 2.46899 2.46899 2.46899 2.46899 2.46899 2.46899 2.46899 2.46899 2.46899 2.46899 2.46819 2.03217 1.97227 1.97227 1.97227 1.97227 1.97227 1.97227 1.97227 1.97227 1.97227 1.97227 1.97227 1.97227 1.97227 1.97227 1.97227 1.93549 5.30653 8.30392 8.17642 7.66282 7.59655 7.59655 7.51036 7.09377 6.64487 6.19596 5.74705 5.29814 4.85354 4.40463 4.03939 3.89269 2.73247 2.72890 2.72890 2.72890 2.72890 2.70321 2.63062 2.63062 2.63062 2.63062 2.63062 2.63062 2.63062 2.63062 2.63062 2.80399
2.62992 2.46899 2.46899 2.46899 2.46899 2.46899 2.46899 2.46899 2.46899 2.46899 2.46899 2.46899 2.46899 2.46899 2.46899 2.46899 2.46899 2.46899 2.18039 1.97227 1.97227 1.97227 1.97227 1.97227 1.97227 1.97227 1.97227 1.97227 1.97227 1.97128 1.88053 1.73180 1.58299 1.43419 1.32216 2.66035 6.73444 6.28452 5.35872 4.84635 4.40032 4.03760 4.00528 4.00528 4.00528 4.00528 4.00528 4.00528 4.00528 4.00528 4.00528 2.93452 2.72890 2.72890 2.72890 2.72890 2.72667 2.63595 2.63062 2.63062 2.63062 2.63062 2.63062 2.63062 2.64551 2.88156 3.38755
2.46899 2.46899 2.46899 2.46899 2.46899 2.46899 2.46899 2.46899 2.46899 2.46899 2.46899 2.46899 2.46899 2.46899 2.46899 2.46899 2.46899 2.46899 2.32959 1.97227 1.97227 1.97227 1.97227 1.97227 1.97227 1.95132 1.81894 1.67013 1.52140 1.37359 1.31560 1.31560 1.31560 1.31560 1.31560 1.31560 4.31474 4.54818 4.23000 4.00528 4.00528 4.00528 4.00528 4.00528 4.00528 4.00528 4.00528 4.00528 4.00528 4.00528 4.00528 3.24844 2.72890 2.72890 2.72890 2.72890 2.72890 2.66262 2.63062 2.63075 2.78558 3.13515 3.58643 4.19138 4.99008 5.22800 5.30087
2.46899 2.46899 2.46899 2.46899 2.46899 2.46899 2.46899 2.46899 2.46899 2.46899 2.46899 2.46899 2.46899 2.46899 2.46899 2.46899 2.46899 2.46899 2.45498 1.99621 1.97227 1.90594 1.75734 1.60860 1.45980 1.33195 1.31560 1.31560 1.31560 1.31560 1.31560 1.31560 1.31560 1.31560 1.31560 1.31560 3.78375 4.54818 4.39047 4.00528 4.00528 4.00528 4.00528 4.00528 4.00528 4.00528 4.00528 4.00528 4.00528 4.00528 4.00528 3.56314 2.72890 2.72890 2.72890 2.79035 3.09361 3.47664 3.99025 4.75489 5.22800 5.22800 5.22800 5.22800 5.22800 5.22800 5.22806
2.46899 2.46899 2.46899 2.46899 2.46899 2.46899 2.46899 2.46899 2.46899 2.46899 2.46899 2.46899 2.46899 2.46899 2.46899 2.46899 2.46567 2.40511 2.32382 1.77319 1.39827 1.31579 1.31560 1.31560 1.31560 1.31560 1.31560 1.31560 1.31560 1.31560 1.31560 1.31560 1.31560 1.31560 1.31560 1.31560 3.05304 4.54818 4.52961 4.02669 4.00528 4.00528 4.00528 4.00528 4.00528 4.00528 4.00528 4.00528 4.00528 4.00528 4.01607 4.19204 3.31383 3.79383 4.45339 5.16678 5.22800 5.22800 5.22800 5.22800 5.22800 5.22800 5.22800 5.22800 5.22800 5.22800 5.22800
2.46899 2.46899 2.46899 2.46899 2.46899 2.46899 2.46899 2.46899 2.46899 2.46899 2.46899 2.46899 2.45544 2.38131 2.30001 2.21868 2.14067 2.11993 2.11993 1.81336 1.31560 1.31560 1.31560 1.31560 1.31560 1.31560 1.31560 1.31560 1.31560 1.31560 1.31560 1.31560 1.31560 1.31560 1.31560 1.31560 2.00468 4.54818 4.54818 4.16880 4.00528 4.00528 4.00528 4.00528 4.00528 4.00528 4.14019 4.62858 5.27184 6.13591 7.31857 7.78076 5.60074 5.22800 5.22800 5.22800 5.22800 5.22800 5.22800 5.22800 5.22800 5.24725 5.37156 5.51135 5.65125 5.79115 5.93105
2.46899 2.46899 2.46899 2.46899 2.46899 2.46899 2.46899 2.46899 2.43820 2.35757 2.27621 2.19495 2.12716 2.11993 2.11993 2.11993 2.11993 2.11993 2.11993 2.04764 1.32171 1.31560 1.31560 1.31560 1.31560 1.31560 1.31560 1.31560 1.31560 1.31560 1.31560 1.31560 1.31560 1.31560 1.31560 1.31560 1.31560 4.32345 4.54818 4.32928 4.00528 4.03227 4.39745 4.97078 5.72660 6.76912 7.74618 7.78076 7.78076 7.78076 7.78076 7.78076 6.22868 5.29294 5.43284 5.57274 5.71259 5.85254 5.99232 6.13234 6.27224 6.39302 6.40860 6.40860 6.40860 6.40860 6.40860
2.46899 2.46899 2.46899 2.46791 2.41509 2.33380 2.25246 2.17114 2.12063 2.11993 2.11993 2.11993 2.11993 2.11993 2.11993 2.11993 2.11993 2.11993 2.11993 2.11993 1.48986 1.31560 1.31560 1.31560 1.31560 1.31560 1.31560 1.31560 1.31560 1.31560 1.31560 1.31560 1.31560 1.31560 1.31560 1.31560 1.31560 3.87372 4.80230 4.98700 6.26373 7.45560 7.78076 7.78076 7.78076 7.74068 7.65875 7.57695 7.49503 7.41323 7.33130 7.24951 6.88013 6.40860 6.40860 6.40860 6.40860 6.40860 6.40860 6.40860 6.40860 6.40860 6.40860 6.40860 6.40860 6.40860 6.40860
2.44711 2.31003 2.22870 2.14842 2.11993 2.11993 2.11993 2.11993 2.11993 2.11993 2.11993 2.11993 2.11993 2.11993 2.11993 2.11993 2.11993 2.11993 2.11993 2.11993 1.73023 1.31560 1.31560 1.31560 1.31560 1.31560 1.31560 1.31560 1.31560 1.31560 1.31560 1.31560 1.32804 1.60302 1.98377 2.36420 2.74462 4.27867 5.32807 5.28717 6.78232 7.41323 7.33130 7.24951 7.16758 7.12586 7.12586 7.12586 7.12586 7.12586 7.12586 7.12586 7.04252 6.40867 6.40860 6.40860 6.40860 6.40860 6.40860 6.40860 6.40860 6.40860 6.40860 6.40860 6.40860 6.40860 6.40860
3.25449 2.11993 2.11993 2.11993 2.11993 2.11993 2.11993 2.11993 2.11993 2.11993 2.11993 2.11993 2.11993 2.11993 2.11993 2.11993 2.11993 2.11993 2.11993 2.11993 1.97058 1.31560 1.31560 1.31560 1.31560 1.31560 1.31560 1.31560 1.40221 1.76295 2.14321 2.52397 2.89194 2.99739 2.99739 2.99739 2.99739 3.44794 5.06163 5.06163 5.77938 7.12586 7.12586 7.12586 7.12586 7.12586 7.12586 7.12586 7.12586 7.12586 7.12586 7.12586 7.12586 6.50177 6.40860 6.40860 6.40860 6.40860 6.40860 6.40860 6.40860 6.40860 6.40860 6.40860 6.40860 6.40860 6.40860
4.22366 2.11993 2.11993 2.11993 2.11993 2.11993 2.11993 2.11993 2.11993 2.11993 2.11993 2.11993 2.11993 2.11993 2.11993 2.11993 2.11993 2.11993 2.11993 2.11993 2.11824 1.40842 1.31560 1.31728 1.54197 1.92256 2.30315 2.68357 2.97738 2.99739 2.99739 2.99739 2.99739 2.99739 2.99739 2.99739 2.99739 2.99739 4.92366 5.06163 5.31715 7.12586 7.12586 7.12586 7.12586 7.12586 7.12586 7.12586 7.12586 7.12586 7.12586 7.12586 7.12586 6.67829 6.40860 6.40860 6.40860 6.40860 6.40860 6.40860 6.40860 6.40860 6.40860 6.40860 6.40860 6.40860 6.40860
4.82439 2.15037 2.11993 2.11993 2.11993 2.11993 2.11993 2.11993 2.11993 2.11993 2.11993 2.11993 2.11993 2.11993 2.11993 2.11993 2.11993 2.11993 2.11993 2.10728 2.00329 1.97915 2.46258 2.84166 2.99739 2.99739 2.99739 2.99739 2.99739 2.99739 2.99739 2.99739 2.99739 2.99739 2.99739 2.99739 2.99739 2.99739 4.58527 5.06163 5.07085 6.80524 7.12586 7.12586 7.12586 7.12586 7.12586 7.12586 7.12586 7.12586 7.12586 7.12586 7.12586 6.85431 6.40860 6.40860 6.40860 6.40860 6.40860 6.40860 6.40860 6.40860 6.40860 6.40860 6.40860 6.40860 6.40860
5.07780 3.02947 2.11993 2.11993 2.11993 2.11993 2.11993 2.11993 2.11993 2.11993 2.11993 2.11993 2.11993 2.11993 2.11993 2.08641 1.96841 1.84638 1.72435 1.61493 1.59689 2.00161 2.99739 2.99739 2.99739 2.99739 2.99739 2.99739 2.99739 2.99739 2.99739 2.99739 2.99739 2.99739 2.99739 2.99739 2.99739 2.99739 4.12596 5.06163 5.06163 6.00890 7.12586 7.12586 7.12586 7.12586 7.12586 7.12586 7.12586 7.12586 7.12586 7.12586 7.12586 7.03083 6.40860 6.40860 6.40860 6.40860 6.40860 6.40860 6.40860 6.40860 6.40860 6.40860 6.40860 6.38098 6.29525
5.07780 4.00486 2.11993 2.11993 2.11993 2.11993 2.11993 2.11993 2.11993 2.11993 2.11988 2.05560 1.93357 1.81149 1.68947 1.60097 1.59689 1.59689 1.59689 1.59689 1.59689 1.64268 2.93761 2.99739 2.99739 2.99739 2.99739 2.99739 2.99739 2.99739 2.99739 2.99739 2.99739 2.99739 2.99739 2.99739 2.99739 2.99739 3.46425 5.06163 5.06163 5.47457 7.12586 7.12586 7.12586 7.12586 7.12586 7.12586 7.12586 7.12586 7.12586 7.12586 7.12586 7.12572 6.49015 6.40860 6.40728 6.34947 6.26206 6.17464 6.08716 5.99974 5.91233 5.82484 5.73743 5.67764 5.67588
5.07780 4.65304 2.12932 2.11993 2.11993 2.11993 2.11397 2.02071 1.89869 1.77666 1.65463 1.59689 1.59689 1.59689 1.59689 1.59689 1.59689 1.59689 1.59689 1.59689 1.59689 1.59689 2.56486 2.99739 2.99739 2.99739 2.99739 2.99739 2.99739 2.99739 2.99739 2.99739 2.99739 2.99739 2.99739 2.99739 2.99739 2.99739 2.99739 4.92718 5.17681 5.55991 7.12586 7.12586 7.12586 7.12586 7.12586 7.12586 7.11901 7.01024 6.86788 6.72597 6.58315 6.44159 6.02562 5.79165 5.70556 5.67588 5.67588 5.67588 5.67588 5.67588 5.67588 5.67588 5.67588 5.67588 5.67588
5.07780 5.05536 2.72057 1.98588 1.86380 1.74130 1.62539 1.59689 1.59689 1.59689 1.59689 1.59689 1.59689 1.59689 1.59689 1.59689 1.59689 1.59689 1.59689 1.59689 1.59689 1.59689 2.14634 2.99739 2.99739 2.99739 2.99739 2.99739 2.99739 2.99739 2.99739 2.99739 2.99739 2.99739 2.99739 2.99739 2.99739 2.99739 2.99739 6.46300 7.11711 7.00590 6.86308 6.72140 6.57881 6.43656 6.29454 6.15195 6.01702 5.98331 5.98331 5.98331 5.98331 5.98331 5.86146 5.67588 5.67588 5.67588 5.67588 5.67588 5.67588 5.67588 5.67588 5.67588 5.67588 5.67588 5.67588
3.85290 3.53953 2.60025 1.59380 1.59357 1.59336 1.59503 1.59689 1.59689 1.59689 1.59689 1.59689 1.59689 1.59689 1.59689 1.59689 1.59689 1.59689 1.59689 1.59689 1.59689 1.59689 1.73524 2.99011 2.99739 2.99739 2.99739 2.99739 2.99739 2.99739 2.99739 2.99739 2.99739 2.99739 2.99739 2.99739 0.00000 0.00000 0.00000 6.14653 6.01347 5.98331 5.98331 5.98331 5.98331 5.98331 5.98331 5.98331 5.98331 5.98331 5.98331 5.98331 5.98331 5.98331 5.93676 5.67588 5.67588 5.67588 5.67588 5.67588 5.67588 5.67588 5.67588 5.67588 5.67588 5.67588 5.67588
3.19930 3.22298 2.95005 1.59347 1.59331 1.59331 1.59423 1.59689 1.59689 1.59689 1.59689 1.59689 1.59689 1.59689 1.59689 1.59689 1.59689 1.59689 1.59689 1.59689 1.59689 1.59689 1.59689 2.70973 2.99739 2.99739 3.08203 3.64163 3.86867 2.99739 2.99739 2.99739 0.00000 0.00000 0.00000 0.00000 0.00000 0.00000 0.00000 5.98331 5.98331 5.98331 5.98331 5.98331 5.98331 5.98331 5.98331 5.98331 5.98331 5.98331 5.98331 5.98331 5.98331 5.98331 5.98276 5.70506 5.67588 5.67588 5.67588 5.67588 5.67588 5.67588 5.67588 5.67588 5.67588 5.67588 5.67588
3.22298 3.22298 3.19493 1.86424 1.59331 1.59331 1.59365 1.59689 1.59689 1.59689 1.59689 1.59689 1.59689 1.59689 1.59689 1.59689 1.59689 1.59689 1.59689 1.59689 1.59689 1.59689 1.65165 3.05686 4.30146 4.94920 5.53195 5.70136 5.70136 5.70136 0.00000 0.00000 0.00000 0.00000 0.00000 0.00000 0.00000 0.00000 0.00000 5.98331 5.98331 5.98331 5.98331 5.98331 5.98331 5.98331 5.98331 5.98331 5.98331 5.98331 5.98331 5.98331 5.96395 5.96182 5.98331 5.77981 5.67588 5.67588 5.67588 5.67588 5.67588 5.67588 5.67588 5.67588 5.67588 5.67588 5.67588
3.22298 3.22298 3.22298 2.41056 1.59331 1.59331 1.59332 1.59642 1.59689 1.59689 1.59689 1.59689 1.59689 1.59689 1.59689 1.59689 1.59689 1.59689 1.60731 2.41121 3.62681 4.76612 5.63213 5.70136 5.70136 5.70136 5.70136 5.70136 5.70136 5.70136 0.00000 0.00000 0.00000 0.00000 0.00000 0.00000 0.00000 0.00000 0.00000 0.00000 5.98331 5.98331 5.98331 5.98331 5.98331 5.98331 5.98331 5.98331 5.97371 5.62923 5.26231 5.00639 4.82321 5.45279 5.98331 5.85509 5.67588 5.67588 5.67588 5.67588 5.67588 5.67588 5.67588 5.67588 5.67588 5.67588 5.67588
3.22298 3.22298 3.22298 2.86316 1.59331 1.59331 1.59331 1.59523 1.59689 1.59689 1.59689 1.59689 1.59689 1.59689 1.59689 2.27152 3.67369 4.97686 5.69682 5.70136 5.70136 5.70136 5.70136 5.70136 5.70136 5.70136 5.70136 5.70136 5.70136 5.70136 0.00000 0.00000 0.00000 0.00000 0.00000 0.00000 0.00000 0.00000 0.00000 0.00000 5.98331 5.98331 5.98331 5.98331 5.98042 5.66453 5.28594 5.02328 4.83333 4.77874 4.77874 4.77874 4.77874 5.08754 5.98331 5.93040 5.67588 5.67588 5.67588 5.67588 5.67204 5.64326 5.61005 5.57678 5.54352 5.51028 5.47702
3.22298 3.22298 3.22298 3.15566 1.78199 1.59331 1.59331 1.59438 1.59689 1.59689 1.59689 2.11668 3.73810 5.23431 5.70136 5.70136 5.70136 5.70136 5.70136 5.70136 5.70136 5.70136 5.70136 5.70136 5.70136 5.70136 5.70136 5.70136 5.70136 5.70136 0.00000 0.00000 0.00000 0.00000 0.00000 0.00000 0.00000 0.00000 0.00000 0.00000 5.98331 5.70070 5.31024 5.04075 4.84461 4.77874 4.77874 4.77874 4.77874 4.77874 4.77874 4.77874 4.75164 4.70139 5.47586 5.25604 5.45553 5.49784 5.46463 5.43137 5.40200 5.39752 5.39752 5.39752 5.39752 5.39752 5.39752
3.22298 3.22298 3.22298 3.22298 2.29973 1.59318 1.59269 1.73831 3.82895 5.47149 5.70136 5.70136 5.70136 5.70136 5.70136 5.70136 5.70136 5.70136 5.70136 5.70136 5.70136 5.70136 5.70136 5.70136 5.70136 5.70136 5.70136 5.70136 5.70136 5.70136 5.70136 0.00000 0.00000 0.00000 0.00000 0.00000 0.00000 3.57417 3.57417 3.57417 3.57636 4.71173 4.77874 4.77874 4.74999 4.64075 4.52676 4.41369 4.29961 4.18553 4.07199 3.95846 3.87158 3.86610 4.05634 4.15803 5.00246 5.39752 5.39752 5.39752 5.39752 5.39752 5.39752 5.39752 5.39752 5.39752 5.39752
3.22828 3.20824 3.13148 3.04277 2.82166 3.25801 3.67820 3.96876 5.58469 5.70136 5.70136 5.70136 5.70136 5.70136 5.70136 5.70136 5.70136 5.70136 5.70136 5.70136 5.70136 5.70136 5.70136 5.70136 5.70136 5.70136 5.70136 5.70136 5.70136 5.70136 5.70136 0.00000 0.00000 3.57417 3.57417 3.57417 3.57417 3.57417 3.57417 3.57417 3.57417 4.06944 4.06907 3.95609 3.87085 3.86610 3.86610 3.86610 3.86610 3.86610 3.86610 3.86610 3.86610 3.86610 3.95814 4.15803 4.69726 5.39752 5.39752 5.39752 5.39752 5.39752 5.39752 5.33179 4.76529 4.28422 3.94193
3.01361 2.75055 2.49984 2.20816 2.19727 3.99091 4.06215 4.06215 5.04275 5.70136 5.70136 5.70136 5.70136 5.70136 5.70136 5.70136 5.70136 5.70136 5.70136 5.70136 5.70136 5.70136 5.70136 5.70136 5.70136 5.70136 5.70136 5.70136 5.70136 5.47299 4.53651 3.57417 3.57417 3.57417 3.57417 3.57417 3.57417 3.57417 3.57417 3.57417 3.57417 3.74102 3.86610 3.86610 3.86610 3.86610 3.86610 3.86610 3.86610 3.86610 3.86610 3.86610 3.86610 3.86610 3.89319 4.15803 4.39207 5.39752 5.39752 5.31508 4.73841 4.26624 3.92875 3.69313 3.65297 3.65297 3.65297
2.13812 2.13812 2.13812 2.13812 2.13925 3.57080 4.06215 4.06215 4.62485 5.70136 5.70136 5.70136 5.70136 5.70136 5.70136 5.70136 5.70136 5.70136 5.70136 5.70136 5.70136 5.70136 5.70136 5.70136 5.70136 5.57152 4.82980 4.01048 3.19053 2.59927 2.58741 3.49800 3.57417 3.57417 3.57417 3.57417 3.57417 3.57417 3.57417 3.57417 3.57417 3.65147 3.86610 3.86610 3.86610 3.86610 3.86610 3.86610 3.86610 3.86610 3.86610 3.86610 3.86610 3.86610 3.86615 4.03154 3.72532 4.19327 3.91538 3.68721 3.65297 3.65297 3.65297 3.65297 3.65297 3.65297 3.65297
2.13812 2.13812 2.13812 2.13812 2.13812 2.86516 4.06215 4.06215 4.32194 5.70136 5.70136 5.70136 5.70136 5.70136 5.70136 5.70136 5.70136 5.70136 5.70136 5.70136 5.70136 5.64224 4.98059 4.16064 3.34101 2.65120 2.57300 2.57300 2.57300 2.57300 2.57300 3.19933 3.57417 3.57417 3.57417 3.57417 3.57417 3.57417 3.57417 3.57417 3.57417 3.57522 3.85125 3.86610 3.86610 3.86610 3.86610 3.86610 3.86610 3.86610 3.86610 3.86127 3.81561 3.76070 3.70577 3.31964 3.03323 3.46482 3.65297 3.65297 3.65297 3.65297 3.65297 3.65297 3.65297 3.65297 3.65297
2.13812 2.13812 2.13812 2.13812 2.13812 2.24883 4.01667 4.06215 4.10453 5.65482 5.70136 5.70136 5.70136 5.70136 5.70136 5.70136 5.70136 5.68572 5.13075 4.31143 3.49117 2.73098 2.57300 2.57300 2.57300 2.57300 2.57300 2.57300 2.57300 2.57300 2.57300 2.88646 3.57417 3.57417 3.57417 3.57417 3.57417 3.57417 3.57417 3.57417 3.57417 3.57417 3.80578 3.86610 3.86610 3.86610 3.86610 3.86280 3.81964 3.76473 3.70985 3.65976 3.65051 3.65051 3.65051 3.49990 3.03323 3.31220 3.65297 3.65297 3.65297 3.65297 3.65297 3.65297 3.65514 3.66254 3.67018
