High_resolution/powerplant/Chizhou/OMI_NO2_201106.asc
ncols      200
nrows      200
xllcorner       115.585
yllcorner       28.7700
cellsize     0.0166667
NODATA_Value      -999.000
[rows 130 to 155 of 173, columns 116 to 173 of 200]
3.53405 3.53405 3.53405 3.53405 3.53405 3.53405 3.53405 3.53405 3.53405 3.53405 3.53405 3.53405 3.53405 3.53405 3.53405 3.91647 3.98797 3.98797 3.98797 3.98797 3.98797 3.98797 3.98797 3.98797 3.98684 3.96641 3.93895 3.91151 3.88405 3.85661 3.84183 3.31965 2.95820 2.95820 2.95820 2.95820 2.95820 2.95820 2.95820 2.95820 2.95820 2.95820 2.95820 2.95820 2.95820 2.95820 2.95820 2.27667 1.94568 1.94568 1.94568 1.94568 1.94568 1.94568 1.94568 1.94568 1.94568 1.94568
3.53405 3.53405 3.53405 3.53405 3.53405 3.53405 3.53405 3.53405 3.53405 3.53405 3.53405 3.53405 3.53405 3.53405 3.53405 3.78895 3.98797 3.98797 3.98797 3.98288 3.95751 3.93005 3.90261 3.87517 3.84882 3.84181 3.84181 3.84181 3.84181 3.84181 3.84181 3.56386 2.95820 2.95820 2.95820 2.95820 2.95820 2.95820 2.95820 2.95820 2.95820 2.95820 2.95820 2.95820 2.95820 2.95820 2.95820 2.55532 1.94568 1.94568 1.94568 1.94568 1.94568 1.94568 1.94568 1.94568 1.94568 1.94568
3.53405 3.53405 3.53405 3.53405 3.53405 3.53405 3.53405 3.53405 3.53405 3.53405 3.53405 3.53405 3.53405 3.53405 3.47604 3.49615 3.92116 3.89370 3.86627 3.84389 3.84181 3.84181 3.84181 3.84181 3.84181 3.84181 3.84181 3.84181 3.84181 3.84181 3.84181 3.79207 2.97419 2.95820 2.95820 2.95820 2.95820 2.95820 2.95820 2.95820 2.95820 2.95820 2.95820 2.95820 2.95820 2.95820 2.95820 2.83325 1.94598 1.94568 1.94568 1.94568 1.94568 1.94568 1.94568 1.94942 1.96300 1.97708
3.53405 3.53405 3.53405 3.53405 3.53405 3.53405 3.53405 3.53405 3.53382 3.45175 3.30363 3.15536 3.00724 2.85897 2.76878 2.80570 3.80466 3.84181 3.84181 3.84181 3.84181 3.84181 3.84181 3.84181 3.84181 3.84181 3.84181 3.84181 3.84181 3.84181 3.84181 3.84181 3.16872 2.95820 2.95820 2.95820 2.95820 2.95820 2.95820 2.95820 2.95820 2.95820 2.95820 2.95820 2.95820 2.95820 2.95820 2.95820 2.09968 1.94681 1.95839 1.97247 1.98656 2.00065 2.01473 2.02508 2.02560 2.02560
3.53405 3.53405 3.53405 3.53030 3.42654 3.27827 3.13015 2.98188 2.83399 2.76778 2.76778 2.76778 2.76778 2.76778 2.76778 2.76778 3.54237 3.84181 3.84181 3.84181 3.84181 3.84181 3.84181 3.84181 3.84181 3.84181 3.84181 3.84181 3.84181 3.84181 3.84181 3.84181 3.41291 2.95820 2.95820 2.95820 2.95820 2.95820 2.95820 2.95820 2.95820 2.95820 2.95820 2.95820 2.95469 2.94660 2.93852 2.93040 2.39915 2.02308 2.02560 2.02560 2.02560 2.02560 2.02560 2.02560 2.02560 2.02560
3.25891 3.10494 2.95659 2.81223 2.76778 2.76778 2.76778 2.76778 2.76778 2.76778 2.76778 2.76778 2.76778 2.76778 2.76778 2.76778 3.24208 3.84181 3.84181 3.84181 3.84181 3.84181 3.84181 3.84181 3.84181 3.84181 3.84181 3.84181 3.84181 3.84181 3.84181 3.84181 3.65707 2.95820 2.95820 2.95820 2.95820 2.95820 2.95749 2.95075 2.94264 2.93456 2.92644 2.91836 2.91377 2.91375 2.91375 2.91375 2.64756 2.02560 2.02560 2.02560 2.02560 2.02560 2.02560 2.02560 2.02560 2.02560
2.89130 2.76778 2.76778 2.76778 2.76778 2.76778 2.76778 2.76778 2.76778 2.76778 2.76778 2.76778 2.76778 2.76778 2.76778 2.76778 2.94178 3.84181 3.84181 3.84181 3.84181 3.84181 3.84181 3.84181 3.84181 3.84181 3.84181 3.84181 3.84181 3.84181 3.84181 3.84181 3.83377 3.02253 2.94678 2.93868 2.93060 2.92248 2.91511 2.91375 2.91375 2.91375 2.91375 2.91375 2.91375 2.91375 2.91375 2.91375 2.87069 2.04549 2.02560 2.02560 2.02560 2.02560 2.02560 2.02560 2.02560 2.02560
3.05182 2.76778 2.76778 2.76778 2.76778 2.76778 2.76778 2.76778 2.76778 2.76778 2.76778 2.76778 2.76778 2.76778 2.76778 2.76778 2.76875 3.71466 3.84181 3.84181 3.84181 3.84181 3.84181 3.84181 3.84181 3.84181 3.84181 3.84238 3.85612 3.87531 3.89451 3.91375 3.93299 3.26832 2.91375 2.91375 2.91375 2.91375 2.91375 2.91375 2.91375 2.91375 2.91375 2.91375 2.91375 2.91375 2.91375 2.91375 2.91375 2.24546 2.02560 2.02560 2.02560 2.02560 2.02560 2.02560 2.02560 2.02560
3.21228 2.76778 2.76778 2.76778 2.76778 2.76778 2.76778 2.76778 2.76778 2.76778 2.76778 2.76778 2.76778 2.76778 2.76778 2.76778 2.76778 3.41542 3.84181 3.84181 3.84181 3.84181 3.84502 3.86252 3.88176 3.90099 3.92023 3.93889 3.94440 3.94440 3.94440 3.94440 3.94440 3.55482 2.91375 2.91375 2.91375 2.91375 2.91375 2.91375 2.91375 2.91375 2.91375 2.91375 2.91375 2.91375 2.91375 2.91375 2.91375 2.48850 2.02560 2.02560 2.02560 2.02560 2.02560 2.02560 2.02560 2.02560
3.33022 2.81024 2.76778 2.76778 2.76778 2.76778 2.76778 2.76778 2.76778 2.76778 2.76778 2.76778 2.76778 2.76778 2.76778 2.76778 2.76778 3.15502 3.86900 3.88823 3.90747 3.92668 3.94267 3.94440 3.94440 3.94440 3.94440 3.94440 3.94440 3.94440 3.94440 3.94440 3.94440 3.83854 2.91653 2.91375 2.91375 2.91375 2.91375 2.91375 2.91375 2.91375 2.91375 2.91375 2.91375 2.91375 2.91375 2.91375 2.91375 2.73143 2.02560 2.02560 2.02560 2.02560 2.02560 2.02560 2.02560 2.02560
3.33613 2.96489 2.76778 2.76778 2.76778 2.76778 2.76778 2.76778 2.76778 2.76778 2.76778 2.76802 2.85331 3.00772 3.16181 3.31589 3.47030 3.58620 3.93824 3.94440 3.94440 3.94440 3.94440 3.94440 3.94440 3.94440 3.94440 3.94440 3.94440 3.94440 3.94440 3.94440 3.94440 3.94440 3.09700 2.91375 2.91375 2.91375 2.91375 2.91375 2.91375 2.91375 2.91375 2.91375 2.91375 2.91375 2.91375 2.91375 2.91375 2.90611 2.09390 2.02560 2.02950 2.09790 2.18937 2.28075 2.37207 2.46355
3.33613 3.12527 2.76778 2.76778 2.76778 2.76778 2.77145 2.87879 3.03288 3.18697 3.34138 3.49531 3.56411 3.56411 3.56411 3.56411 3.56411 3.56411 3.85502 3.94440 3.94440 3.94440 3.94440 3.94440 3.94440 3.94440 3.94440 3.94440 3.94440 3.94440 3.94440 3.94440 3.94440 3.94440 3.38321 2.91375 2.91375 2.91375 2.91375 2.91375 2.91375 2.91375 2.91375 2.91375 2.91375 2.91375 2.91375 2.93850 3.00501 3.07222 2.61323 2.43486 2.52244 2.54536 2.54536 2.54536 2.54536 2.54536
3.33613 3.27646 2.90257 3.05812 3.21237 3.36662 3.51705 3.56411 3.56411 3.56411 3.56411 3.56411 3.56411 3.56411 3.56411 3.56411 3.56411 3.56411 3.74885 3.94440 3.94440 3.94440 3.94440 3.94440 3.94440 3.94440 3.94440 3.94440 3.94440 3.94440 3.94440 3.94440 3.94440 3.94440 3.66963 2.91375 2.91375 2.91375 2.91375 2.91375 2.91375 2.91751 2.96995 3.03716 3.10436 3.17157 3.23882 3.28131 3.28201 3.28201 2.99950 2.54536 2.54536 2.54536 2.54536 2.54536 2.54536 2.54536
2.97473 2.88800 3.43039 3.56411 3.56411 3.56411 3.56411 3.56411 3.56411 3.56411 3.56411 3.56411 3.56411 3.56411 3.56411 3.56411 3.56411 3.56411 3.64268 3.94440 3.94440 3.94440 3.94440 3.94440 3.94440 3.94440 3.94440 3.94440 3.94440 3.94440 3.94440 3.94440 3.94440 3.94440 3.91410 2.95549 2.93599 3.00210 3.06931 3.13651 3.20372 3.26721 3.28201 3.28201 3.28201 3.28201 3.28201 3.28201 3.28201 3.28201 3.20075 2.54639 2.54536 2.54536 2.54536 2.54536 2.54536 2.54536
2.86981 2.86981 3.23526 3.56411 3.56411 3.56411 3.56411 3.56411 3.56411 3.56411 3.56411 3.56411 3.56411 3.56411 3.56411 3.56411 3.56411 3.56411 3.56715 3.91375 3.94440 3.94440 3.94440 3.94440 3.94440 3.94440 3.94440 3.94440 3.94440 3.94440 3.94303 3.88296 3.79180 3.70060 3.60934 3.31655 3.28087 3.28201 3.28201 3.28201 3.28201 3.28201 3.28201 3.28201 3.28201 3.28201 3.28201 3.28201 3.28201 3.28201 3.28201 2.66745 2.54536 2.54536 2.54536 2.54536 2.54536 2.54536
2.86981 2.86981 3.04003 3.56411 3.56411 3.56411 3.56411 3.56411 3.56411 3.56411 3.56411 3.56411 3.56411 3.56411 3.56411 3.56411 3.56411 3.56411 3.56411 3.81069 3.94440 3.94440 3.94440 3.94440 3.94440 3.93287 3.85285 3.76150 3.67019 3.57899 3.48909 3.45796 3.45796 3.45796 3.45796 3.38107 3.28201 3.28201 3.28201 3.28201 3.28201 3.28201 3.28201 3.28201 3.28201 3.28201 3.28201 3.28201 3.28201 3.28201 3.28201 2.86978 2.54536 2.54536 2.54536 2.54536 2.54536 2.54536
2.86981 2.86981 2.88328 3.52585 3.56411 3.56411 3.56411 3.56411 3.56411 3.56411 3.56411 3.56411 3.56411 3.56411 3.56411 3.56411 3.56411 3.56411 3.56411 3.70443 3.91249 3.82250 3.73124 3.64008 3.54888 3.46920 3.45796 3.45796 3.45796 3.45796 3.45796 3.45796 3.45796 3.45796 3.45796 3.42944 3.28201 3.28201 3.28201 3.28201 3.28201 3.28201 3.28201 3.28201 3.28201 3.28201 3.28201 3.28201 3.28201 3.28201 3.28201 3.07212 2.54536 2.54536 2.54536 2.54536 2.54536 2.54536
2.86981 2.86981 2.86981 3.34427 3.56411 3.56411 3.56411 3.56411 3.56411 3.56411 3.56411 3.56411 3.56411 3.56411 3.56411 3.46815 3.28595 3.10347 2.92103 2.81301 3.45566 3.45796 3.45796 3.45796 3.45796 3.45796 3.45796 3.45796 3.45796 3.45796 3.45796 3.45796 3.45796 3.45796 3.45796 3.45779 3.30209 3.28201 3.28201 3.28201 3.28201 3.28201 3.28201 3.28201 3.28201 3.28201 3.28201 3.28201 3.28201 3.28201 3.28201 3.25277 2.56694 2.54536 2.54536 2.57845 2.91257 3.18837
2.86981 2.86981 2.86981 3.14915 3.56411 3.56411 3.56411 3.56411 3.56411 3.56033 3.43594 3.25356 3.07098 2.88860 2.70631 2.61961 2.61961 2.61961 2.61961 2.61961 3.30066 3.45796 3.45796 3.45796 3.45796 3.45796 3.45796 3.45796 3.45796 3.45796 3.45796 3.45796 3.45796 3.45796 3.45796 3.45796 3.35026 3.28201 3.28201 3.28201 3.28201 3.28201 3.28201 3.28201 3.28201 3.28201 3.28201 3.28201 3.28201 3.28201 3.28232 3.28390 2.83738 2.94149 3.18123 3.34367 3.36714 3.36714
2.86981 2.86981 2.86981 2.95451 3.55056 3.40345 3.22107 3.03868 2.85620 2.67760 2.61961 2.61961 2.61961 2.61961 2.61961 2.61961 2.61961 2.61961 2.61961 2.61961 3.06746 3.45796 3.45796 3.45796 3.45796 3.45796 3.45796 3.45796 3.45796 3.45796 3.45796 3.45796 3.45796 3.45796 3.45796 3.45796 3.39869 3.28201 3.28201 3.28201 3.28201 3.28201 3.28201 3.28201 3.28205 3.28284 3.28397 3.28510 3.39948 3.70208 3.90745 4.05337 3.76431 3.36714 3.36714 3.36714 3.36714 3.36714
2.96712 3.07464 3.18216 3.28969 2.77469 2.61961 2.61961 2.61961 2.61961 2.61961 2.61961 2.61961 2.61961 2.61961 2.61961 2.61961 2.61961 2.61961 2.61961 2.61961 2.83418 3.45796 3.45796 3.45796 3.45796 3.45796 3.45796 3.45796 3.45796 3.45796 3.45796 3.45796 3.45796 3.45796 3.45796 3.45796 3.44522 3.28383 3.28201 3.28231 3.28340 3.28453 3.28566 3.28678 3.28788 3.28821 3.28821 3.28821 3.78511 4.10702 4.10702 4.10702 3.96567 3.36714 3.36714 3.36714 3.36714 3.36714
3.40743 3.40743 3.40743 3.40743 2.96817 2.61961 2.61961 2.61961 2.61961 2.61961 2.61961 2.61961 2.61961 2.61961 2.61961 2.61961 2.61961 2.61961 2.61961 2.61961 2.64015 3.41881 3.45796 3.45796 3.45796 3.45796 3.45796 3.45796 3.45796 3.45796 3.45796 3.45796 3.45796 3.45444 3.19706 2.78569 2.37410 2.96686 3.28735 3.28817 3.28821 3.28821 3.28821 3.28821 3.28821 3.28821 3.28821 3.28821 3.45870 4.10551 4.10702 4.10702 4.10296 3.43143 3.36714 3.36714 3.36714 3.36714
3.40743 3.40743 3.40743 3.40743 3.19057 2.61961 2.61961 2.61961 2.61961 2.61961 2.61961 2.61961 2.61961 2.61961 2.61961 2.61961 2.61961 2.61961 2.61961 2.61961 2.61961 3.20609 3.45796 3.45796 3.45796 3.45796 3.45796 3.45796 3.41111 3.05583 2.64402 2.23265 1.82062 1.41299 1.25812 1.25812 1.25812 2.29418 3.28821 3.28821 3.28821 3.28821 3.28821 3.28821 3.28821 3.28821 3.28821 3.28821 3.28821 4.01071 4.10702 4.10702 4.10702 3.62861 3.36714 3.36714 3.36714 3.36714
3.40743 3.40743 3.40743 3.40743 3.38237 2.65025 2.61961 2.61961 2.61961 2.61961 2.61961 2.61961 2.61961 2.61961 2.61961 2.61961 2.61961 2.61961 2.61961 2.61961 2.61961 2.97292 3.45796 3.31937 2.91438 2.50235 2.09142 1.67895 1.31466 1.25812 1.25812 1.25812 1.25812 1.25812 1.25812 1.25812 1.25812 1.73332 3.28821 3.28821 3.28821 3.28821 3.28821 3.28821 3.28821 3.28821 3.28821 3.28821 3.28821 3.80907 4.10702 4.10702 4.10702 3.83023 3.36714 3.36714 3.36714 3.36714
3.40743 3.40743 3.40743 3.40743 3.40743 2.84768 2.61961 2.61961 2.61961 2.61961 2.61961 2.61961 2.61961 2.61961 2.61961 2.61961 2.61961 2.61961 2.61961 2.61961 2.61961 2.46202 1.53772 1.26472 1.25812 1.25812 1.25812 1.25812 1.25812 1.25812 1.25812 1.25812 1.25812 1.25812 1.25812 1.25812 1.25812 1.29182 3.16825 3.28821 3.28821 3.28821 3.28821 3.28821 3.28821 3.28821 3.28821 3.28821 3.28821 3.49422 4.10682 4.10702 4.10702 4.02978 3.36869 3.36714 3.36714 3.36714
3.40743 3.40743 3.40743 3.40743 3.40743 3.07000 2.61961 2.61961 2.61961 2.61961 2.61961 2.61961 2.61961 2.61961 2.61961 2.61961 2.61961 2.61961 0.00000 0.00000 0.00000 0.00000 1.25812 1.25812 1.25812 1.25812 1.25812 1.25812 1.25812 1.25812 1.25812 1.25812 1.25812 1.25812 1.25812 1.25812 1.25812 1.25812 2.64108 3.28821 3.28821 3.28821 3.28821 3.28821 3.28821 3.28821 3.28821 3.28821 3.28821 3.28821 4.02624 4.10702 4.10702 4.07285 3.42364 2.88695 2.30454 1.72212
