High_resolution/powerplant/Chizhou/OMI_NO2_200712.asc
ncols      200
nrows      200
xllcorner       115.585
yllcorner       28.7700
cellsize     0.0166667
NODATA_Value      -999.000
[rows 0 to 28 of 176, columns 67 to 133 of 200]
11.0498 10.8329 10.8896 11.0948 11.2846 11.4615 11.6266 11.7804 11.9032 11.9171 11.9171 12.1193 15.9919 18.6659 18.3909 17.1905 16.2996 15.6472 16.3895 17.1609 17.2727 17.3787 16.8138 16.6492 16.6447 16.6403 16.6362 16.5136 15.2688 15.5105 15.5955 15.5955 15.6144 15.8464 16.1091 16.3417 16.5493 17.9218 18.1922 18.1922 18.1505 18.1232 18.1232 18.1232 18.1232 18.1232 18.1232 18.1491 18.1887 16.7309 15.8307 15.1002 14.5691 14.1669 13.8525 13.3083 13.1537 13.1537 13.1537 11.0564 10.2732 10.2732 10.2732 10.6415 11.7724 12.8300 13.7937
11.9171 11.9171 11.9171 11.9171 11.9348 12.1660 12.4268 12.6730 12.9059 13.0962 12.9456 12.7670 14.5707 16.1073 16.0664 16.1769 16.2183 16.2183 16.7301 17.8847 17.8847 17.8847 17.1210 16.6322 16.6322 16.6322 16.6322 16.6315 15.3529 15.0150 14.9277 15.9323 16.6944 16.7323 16.7323 16.7323 16.7323 17.3966 17.9836 17.8573 17.9305 18.1232 18.1232 18.1232 18.1232 17.9915 17.5758 17.1332 16.4405 15.0983 13.7425 13.7419 13.7419 13.7659 14.4131 15.0209 15.5060 16.2242 16.8814 16.3848 16.1629 17.5048 18.1115 18.5124 18.5267 18.3624 18.0125
12.4363 12.5020 12.5644 12.6239 12.7794 14.0980 13.6833 13.2941 12.9415 12.6400 12.5780 12.5792 13.5823 15.8563 16.2183 16.2183 16.2183 16.2183 16.2810 17.8186 17.8847 17.8847 17.4140 16.5307 16.2555 16.0008 15.7721 15.5661 14.7713 14.2639 14.4334 15.2032 16.3760 16.3158 16.2594 16.2067 16.1580 16.3106 16.9565 16.9313 17.2208 17.6452 17.2590 16.9172 16.6687 16.8231 17.1905 17.5425 17.8560 18.1278 18.1046 18.6283 19.1133 19.5523 19.6803 19.6276 19.2883 19.2882 19.2882 18.7705 17.2978 17.9972 17.7061 17.4435 17.2143 17.1012 17.0970
11.5469 11.2671 10.9779 10.7980 11.5794 12.4901 12.7391 12.7498 12.7602 12.7707 12.7813 12.7917 13.2580 15.4133 15.6424 15.6260 15.6096 15.5937 15.5613 16.2949 16.4643 16.2481 15.9331 15.0896 15.0853 15.0850 15.0841 15.0837 14.7684 14.1351 14.3031 14.4316 15.7684 15.7830 15.7830 15.7947 15.9491 16.1498 16.5239 16.5376 16.8019 17.9192 18.1519 18.3607 18.7267 19.4352 19.4352 19.4352 19.6840 19.7249 19.5626 19.5092 19.4697 19.4318 19.3957 19.2166 18.6037 18.2575 17.9969 17.7019 16.4962 17.0375 17.1847 17.1847 17.1847 17.1847 17.1838
10.5462 10.5470 10.5470 10.5470 11.4244 12.3379 12.8888 12.8888 12.8888 12.8888 12.8888 12.8888 12.9902 14.9337 15.4096 15.2442 15.0918 14.9504 14.8307 15.2313 15.9203 15.9203 15.9196 15.1686 15.0853 15.0851 15.0830 15.1188 15.1017 14.7648 15.1047 15.3390 16.5545 17.0220 17.1766 17.3180 17.3500 17.3502 17.2867 17.2512 17.3395 18.3984 18.5573 18.5577 18.5734 19.3974 19.4387 19.4390 19.4089 19.3855 19.1857 18.7719 18.4960 18.2420 18.0100 17.8783 17.7516 17.6393 17.5892 17.5191 16.6093 16.7762 17.0724 17.0500 17.0276 17.0052 16.9828
10.4803 10.5470 10.5470 10.5470 11.1705 12.0271 12.8888 12.8888 12.8888 12.8925 12.9095 12.9277 12.9765 14.2167 14.8358 14.8094 14.8094 14.8094 14.8181 14.9740 16.0561 16.1436 16.2185 15.7381 15.5301 15.5996 15.5943 15.5920 15.5750 15.8810 16.0134 16.0858 16.6736 17.3521 17.3523 17.3525 17.3525 17.3525 17.3189 17.2530 17.2548 18.1793 18.5590 18.5590 18.5507 19.1560 19.4533 19.5126 19.5542 19.5780 18.8470 17.3898 17.3198 17.2504 17.1806 17.1109 16.9870 16.7384 16.7192 16.7192 16.3954 16.3680 16.8572 16.8372 16.8045 16.7715 16.7386
10.4386 10.5470 10.5470 10.5470 10.9369 11.7307 12.9172 12.9375 12.9557 12.9701 13.0347 13.2479 13.4598 14.2073 15.1292 15.1987 15.2682 15.3377 15.3985 15.4032 16.2438 16.5024 16.4854 16.1076 15.6138 15.5994 15.5451 15.5133 15.5133 15.7402 15.9532 16.0867 16.3033 17.4090 17.4500 17.4910 17.5319 17.5728 17.6082 17.5576 17.6084 18.2318 18.0365 18.0954 18.1634 18.6688 19.1395 19.1395 19.1344 19.0861 18.9478 16.9922 16.9544 16.9544 16.9544 16.9544 16.9519 16.7381 16.6997 16.6669 16.4386 16.0862 16.6987 16.6935 16.6935 16.6935 16.6935
10.4167 10.5491 10.6424 10.8504 11.2376 12.3435 13.5209 13.8436 13.9871 14.1240 14.2098 14.1804 14.1473 14.5358 15.2180 15.3794 15.3794 15.3870 15.4046 15.4223 15.8973 16.4450 16.4574 16.3268 15.8046 15.8524 15.8639 15.8223 15.8632 16.0353 16.3396 16.5589 16.5847 17.6650 17.8508 17.8561 17.9282 18.0203 18.1125 18.1321 18.1852 18.6343 18.2914 18.2595 18.2595 18.4575 19.1395 19.1395 19.1395 19.0934 19.0860 17.4964 16.9544 16.9311 16.8779 16.8248 16.7716 16.6254 16.5553 16.5553 16.4887 15.9982 16.5570 16.6935 16.6935 16.6935 16.6935
11.5639 11.7906 11.9494 11.9531 11.9668 13.0043 13.7203 14.1390 14.1390 14.1477 14.1631 14.1785 14.1957 14.4445 15.1543 15.5327 15.5657 15.5911 15.6066 15.6219 15.7735 16.5963 16.5964 16.5913 16.1923 16.1688 16.1622 16.0158 16.0116 16.0474 16.3900 16.6872 16.9430 17.6835 18.1888 18.2756 18.2957 18.2957 18.2957 18.2533 18.2084 18.5552 18.5466 18.2595 18.2595 18.2771 19.0996 19.1395 19.1241 19.0388 18.9657 17.9650 16.7277 16.6978 16.6977 16.6977 16.6977 16.6440 16.4256 16.2643 16.1028 15.4457 15.5239 15.5656 15.3804 15.1950 15.0102
11.8713 11.9158 12.0165 12.0314 12.0464 12.8693 13.6026 14.2908 14.3149 14.3392 14.3569 14.3745 14.3903 14.5047 15.0747 15.5908 15.6332 15.6332 15.6332 15.6332 15.6332 16.4409 16.5964 16.5964 16.2883 16.1688 16.2477 16.3471 16.5238 16.7490 17.2908 17.5631 17.6399 17.8079 18.3690 18.4453 18.5249 18.6081 18.6953 18.7725 18.7492 18.8954 19.0810 18.2503 18.2017 18.1485 18.7355 18.9221 18.8555 18.6843 18.4904 18.0231 16.0359 15.8737 15.7124 15.5508 15.3892 15.2272 15.0567 15.0529 15.0529 14.6863 14.6112 14.8840 14.9244 14.9642 14.9797
12.4425 12.4990 12.6687 12.7376 12.8115 13.0649 13.3423 14.2716 14.2660 14.2515 14.2369 14.2225 14.2078 14.2123 14.7643 15.4655 15.7392 15.7442 15.7493 15.7545 15.7595 16.3044 16.9854 17.2530 17.3141 17.3611 17.5500 17.4029 17.2947 17.3485 17.6455 17.9649 18.1783 18.2581 18.9666 19.0237 19.0237 19.0237 19.0221 19.0043 18.8658 18.8058 19.2271 18.0673 18.0776 18.0925 17.9185 17.5264 17.3935 17.3719 17.3270 17.3270 15.5279 15.1612 15.1265 15.0918 15.0571 15.0225 14.9004 14.8673 14.8731 14.6414 14.3549 14.6859 14.6542 14.6205 14.6110
12.7161 12.7389 12.8371 12.8954 12.8973 12.8973 12.8977 13.8487 13.9641 13.9641 13.9641 13.9641 13.9641 13.9641 14.3691 15.2472 15.8261 15.9930 16.2556 16.5184 16.7809 17.2317 18.0172 18.0172 17.9117 17.5896 17.5896 17.5896 17.5896 17.5896 17.7365 18.0726 18.2819 18.2943 18.7788 19.0462 19.0339 19.0217 19.0110 19.0166 18.9047 18.7924 19.3868 18.1222 18.0924 18.0828 17.9019 17.3100 17.3004 17.2905 16.9682 16.9032 15.7202 14.7517 14.7921 14.8329 14.8736 14.9145 14.8789 14.7970 14.7970 14.6875 14.2387 14.5262 14.5729 14.5522 14.5315
12.7830 12.7830 12.8202 12.8973 12.8973 12.8973 12.8973 13.5938 13.9641 13.9641 13.9641 13.9641 13.9673 13.9799 14.2244 15.0224 16.9192 17.0540 17.0540 17.0540 17.0540 17.0618 17.9237 17.9939 17.9611 17.5410 17.5125 17.4946 17.4655 17.3974 17.3703 17.9371 18.2041 18.2200 18.4532 18.9579 18.9499 18.9419 18.9339 18.9259 18.8757 18.7059 19.1783 18.3358 18.0175 18.0175 18.0022 17.2954 17.1839 16.8781 16.2736 15.8246 15.3566 14.8803 14.8667 14.8529 14.8389 14.8251 14.7936 14.6550 14.6408 14.6175 13.9743 14.1504 14.3089 14.3098 14.4322
12.7830 12.7830 12.7883 12.8938 12.8973 12.8973 12.8973 13.3388 13.9737 13.9869 14.0000 14.0132 14.0231 14.0234 14.1357 14.7636 16.5015 16.9649 16.9013 16.8378 16.7740 16.7105 17.2400 17.5697 17.5220 17.1252 16.9583 16.8879 16.8289 16.8088 16.8078 17.3906 17.9371 18.1555 18.1951 18.9005 18.9254 18.9751 19.0368 19.0982 19.1584 19.0273 19.3729 18.8503 17.5684 17.2389 16.9100 16.0306 15.5776 15.5543 15.3702 15.1581 15.1527 14.7838 14.7541 14.7541 14.7541 14.7541 14.7541 14.6372 14.6124 14.7401 14.4436 14.6143 15.1580 15.4461 15.5729
12.7802 12.7830 12.7830 12.8675 12.9140 12.9268 12.9177 13.0626 13.8912 13.8353 13.7794 13.7234 13.6675 13.6116 13.5932 14.0071 15.3238 16.3875 16.3875 16.3875 16.4160 16.4727 16.7636 17.2622 17.2589 17.1193 16.9327 16.9941 17.0555 17.1170 17.1785 17.6469 18.2777 18.7101 18.7717 19.3848 19.6549 19.6663 19.6472 19.4347 19.1716 18.7795 18.5342 18.1422 16.3075 16.3075 16.3075 15.9457 15.5538 15.5538 15.4620 15.1581 15.1581 14.8996 14.7541 14.7541 14.7271 14.6687 14.6103 15.0032 15.8140 15.9513 15.5231 15.1477 15.5712 15.5729 15.5729
12.4432 12.5517 12.5089 12.5075 12.5211 12.4654 12.4317 12.4362 13.4204 13.4963 13.4963 13.4963 13.4963 13.5474 13.7272 14.1916 15.3372 17.2866 17.5325 17.7748 17.9884 18.1743 18.3815 19.1126 19.3028 18.7955 17.5535 17.5535 17.5535 17.5535 17.5535 17.7843 18.3774 18.8987 18.7664 18.8381 18.9523 18.6894 18.4460 18.3958 18.3958 18.3321 18.1828 18.6806 16.3077 16.3075 16.3075 16.1339 15.5538 15.5538 15.5423 15.1512 15.0825 14.8867 14.5618 14.5033 14.4720 14.4720 14.4720 14.7443 15.9513 15.9574 15.7860 15.2570 15.6258 15.7092 15.7430
12.2528 12.3153 12.3138 12.3163 12.4102 12.4022 12.3934 12.3844 13.9543 14.8940 15.0797 15.2967 15.5393 15.7303 15.7931 15.9813 16.6960 18.3836 18.7392 18.7392 18.7392 18.7392 18.7392 19.1459 19.3303 19.2047 17.5643 17.5535 17.5535 17.4816 17.2796 17.1325 17.5758 17.9779 17.9433 17.9956 18.3946 18.3958 18.3958 18.3958 18.3958 18.3884 18.1901 18.7831 16.6485 16.3075 16.2960 16.2242 15.4602 15.3712 15.3128 14.9691 14.8928 14.9286 14.6197 14.6743 14.7366 14.7991 14.8618 14.9347 16.4213 16.6670 16.6314 15.8464 15.8774 15.9054 15.8874
12.1377 12.2303 12.2229 12.2221 12.3108 12.3365 12.3462 12.3982 13.9406 15.7599 15.8109 15.8305 15.8248 15.8192 15.8137 15.8892 16.4909 17.7988 18.7362 18.7360 18.7357 18.7355 18.7352 18.9600 19.2983 19.1171 17.4401 16.9304 16.7256 16.5924 16.5896 16.5894 17.1701 17.7528 17.9363 17.9360 18.3027 18.3881 18.3878 18.3876 18.3873 18.3788 18.1814 18.4350 16.7989 15.4397 15.0852 14.7596 15.2662 15.6826 15.7451 15.5956 15.4576 15.4598 15.1605 15.0558 15.0558 15.0633 15.0977 15.1347 16.1081 16.8545 16.8556 16.1658 16.0381 16.0828 16.1020
11.9619 12.0948 12.0963 12.1020 12.2147 12.3928 12.4342 12.4334 13.1376 15.6833 15.6833 15.6833 15.6833 15.6833 15.6833 15.7088 16.2138 17.2112 18.7301 18.7261 18.5871 18.3825 18.1778 18.0227 18.3809 18.3632 17.3112 16.5864 16.5864 16.5864 16.5864 16.5864 16.9919 17.5976 17.9054 17.7328 17.7723 17.7500 17.4464 17.1305 16.8013 16.4664 16.1807 16.1226 15.1029 13.0516 13.0174 12.9833 14.4604 15.7251 15.6979 15.6721 15.7679 15.8046 15.6635 15.4745 15.4978 15.4916 15.4577 15.4217 15.8529 17.0657 17.0653 16.5673 16.2289 16.2895 16.2896
11.9395 12.0736 12.1071 12.1071 12.1571 12.4286 12.4286 12.4286 12.4944 15.5486 15.6833 15.6833 15.6833 15.6833 15.6833 15.6719 15.9316 16.7536 17.9078 17.8379 17.7722 17.7722 17.7722 17.7722 18.2250 18.3632 17.7269 16.5759 16.5690 16.5621 16.5552 16.5483 16.2848 15.5013 15.6866 15.5248 15.5029 15.8645 15.8373 15.8100 15.7827 15.7554 15.7244 15.7116 15.4969 12.6619 12.6619 12.6619 13.4556 15.5225 15.5225 15.4912 15.6574 15.4267 15.2073 15.3742 15.3431 15.3340 15.3254 15.3166 15.3744 16.9274 16.9746 16.7689 16.4655 16.5438 16.5755
11.9560 12.0397 12.1071 12.1071 12.1071 12.3788 12.4286 12.4286 12.4286 14.8368 15.6814 15.6530 15.6162 15.5793 15.5424 15.5170 15.6644 16.5459 17.3071 17.7589 17.7520 17.7473 17.7497 17.7526 18.0271 18.3493 18.1432 16.5794 16.5128 16.4333 16.3540 16.2746 16.1270 14.8339 15.1166 15.1247 15.1273 15.6124 15.6677 15.6677 15.6677 15.6393 15.5481 15.4250 15.6471 12.7799 12.5540 12.2796 12.0677 14.6370 14.4921 14.3134 14.6517 14.7126 14.7071 15.1620 15.2476 15.2476 15.2476 15.2476 15.2476 16.3696 16.8623 16.7625 16.2719 16.0567 15.8593
11.9560 12.0007 12.1071 12.1071 12.1071 12.2791 12.4151 12.3786 12.3417 13.9337 15.5146 15.5056 15.5066 15.5077 15.5087 15.5098 15.5980 16.3433 17.0000 17.8068 17.8165 17.8241 17.8247 17.8357 17.9295 18.1801 18.0909 16.4414 16.2218 16.1898 16.1121 16.0345 15.9568 14.7076 14.5496 14.5269 14.4339 14.6667 14.7902 14.6971 14.6039 14.5210 14.3286 14.0770 13.8299 12.0102 11.1392 11.1118 11.1118 13.5794 14.2824 14.2824 14.5382 14.7070 14.7070 15.0000 15.2476 15.2476 15.2476 15.2941 15.3895 15.7143 15.8769 15.7106 15.4129 15.4039 15.4327
11.9617 11.9732 12.0886 12.0568 12.0208 12.0568 12.2842 12.2850 12.2859 13.1413 15.5528 15.5545 15.5545 15.5545 15.5545 15.5545 15.5869 16.1491 16.5439 17.3184 17.1396 16.9009 16.6624 16.4124 16.1552 15.9712 15.7273 15.4175 15.3253 15.2798 15.2795 15.2795 15.2795 14.4414 13.8506 13.9939 13.9909 14.0291 14.1355 13.9026 13.6699 13.4549 13.4124 13.4056 13.3242 12.2389 11.1118 11.1118 11.1118 12.8339 14.2824 14.2824 14.4389 14.7070 14.7387 14.9637 15.4684 15.5638 15.6593 15.7080 15.7080 15.6571 15.6442 15.6443 15.4710 15.3706 15.4250
11.6700 11.6109 11.8955 11.9782 11.9782 11.9806 12.2670 12.2646 12.2234 12.3206 14.4838 14.2430 13.9853 13.7278 13.4822 13.2437 13.0052 13.1488 13.9016 14.6336 15.0051 15.0051 15.0051 15.0051 15.0051 15.0522 15.0927 15.1692 15.2795 15.2795 15.2795 15.2795 15.2297 14.6402 13.3995 13.4550 13.2979 13.2512 13.4056 13.4124 13.4124 13.4124 13.4124 13.4124 13.3494 12.7396 11.1118 11.1118 11.1118 12.0284 14.3912 14.4867 14.6393 15.1021 15.1658 15.1752 15.5931 15.3868 15.1255 14.8524 14.5666 14.3416 14.2073 13.9477 13.5394 13.1151 15.0994
11.2536 11.3778 11.5348 11.6738 11.6326 11.5913 11.7463 11.8655 11.8655 11.8700 12.5020 12.6902 12.7092 12.7281 12.7349 12.7349 12.7349 12.8966 13.8257 14.2654 14.9649 14.9548 14.9442 14.9340 14.9238 14.9340 14.9907 14.9939 15.0188 14.8748 14.7312 14.5876 14.4932 14.3726 12.7527 13.0102 12.9995 12.9874 13.0903 13.1294 13.1173 13.1049 13.0924 13.0802 13.0743 13.3070 11.3951 11.7619 12.5041 13.2688 13.8421 13.3986 13.0686 13.1657 12.8626 12.4920 12.6615 12.8938 12.8938 12.8938 12.8938 12.9568 13.3767 13.3975 13.3952 13.3163 14.9496
10.8135 11.1835 11.2853 11.5644 11.5654 11.5546 11.6472 11.9428 11.9631 11.9789 12.4076 12.7655 12.7668 12.7680 12.7693 12.7706 12.7718 12.8656 13.3398 13.5946 14.6034 14.6229 14.6201 14.5284 14.3950 14.2624 14.2083 14.1023 14.2605 14.2735 14.2735 14.2735 14.2735 14.2735 12.8627 12.7350 12.7868 12.7868 13.0034 13.5734 14.0980 14.6404 15.1601 15.6578 16.1044 17.3489 16.4695 16.3212 16.3212 16.3107 13.0371 11.5827 11.5362 12.0097 12.3038 12.3191 12.5670 13.0252 13.0404 13.1191 13.3178 13.5210 13.9864 14.1885 14.2769 13.9889 14.8757
10.6291 11.1825 11.1784 11.5136 11.5060 11.4994 11.5142 11.9656 11.9893 11.9893 12.2283 12.7724 12.7724 12.7724 12.7724 12.7724 12.7724 12.8144 13.2110 13.5342 14.1210 14.1717 14.0412 13.9992 13.9992 13.9992 14.0538 14.0867 14.2177 14.2742 14.2823 14.2924 14.3025 14.3126 14.5251 15.3939 15.9753 16.4192 16.7368 16.9309 16.9354 16.9045 16.8735 16.8425 16.8097 17.4231 16.7508 15.9357 15.8985 15.8719 13.7878 11.1242 11.1242 11.6877 12.3874 12.2692 12.1987 13.6727 13.8992 14.1129 14.2673 14.4183 14.6558 14.8407 14.9638 14.6137 14.8291
10.3899 11.0790 11.1211 11.4051 11.4994 11.4994 11.4994 11.8284 11.9893 11.9893 12.0456 12.7677 12.7724 12.7731 12.7811 12.7912 12.8013 12.8140 13.1096 13.5667 13.7558 14.0021 14.0119 14.0220 14.0321 14.0417 14.0675 14.1206 14.2006 14.2933 14.2894 14.3532 14.4296 14.5061 15.1603 16.5132 16.5447 16.5256 16.5253 16.6345 16.6645 16.6645 16.6645 16.6645 16.6645 17.1043 17.0303 16.0858 16.2071 16.3127 15.3843 11.7453 11.7744 12.0655 13.1581 13.3052 13.4559 15.2522 15.9611 16.0238 16.0238 16.0238 15.9649 15.8776 15.8842 15.3736 14.9130
10.3363 10.9276 11.1211 11.3074 11.4994 11.4994 11.4994 11.6766 11.9893 11.9935 12.0035 12.6610 12.8068 12.8037 12.7745 12.7395 12.7031 12.6666 12.7654 13.4548 13.5999 13.9654 13.9492 13.9323 13.9155 13.8989 13.8752 14.1182 14.2721 14.5095 14.5919 14.6044 14.6044 14.5980 14.6580 16.2855 16.2763 16.1903 16.1040 16.0850 16.0709 15.9844 15.8985 15.8122 15.7197 15.7747 16.2484 17.1813 17.0851 17.0021 16.8828 12.6992 12.5264 12.5473 13.7630 13.8216 13.8216 14.8086 16.0238 16.0238 16.0238 16.0238 16.0890 16.2165 16.4273 16.2372 15.5648
