High_resolution/powerplant/Chizhou/OMI_NO2_200505.asc
ncols      200
nrows      200
xllcorner       115.585
yllcorner       28.7700
cellsize     0.0166667
NODATA_Value      -999.000
[rows 58 to 86 of 200, columns 0 to 66 of 200]
1.98705 1.98705 1.80914 1.33153 1.33153 1.26493 1.22122 1.22122 1.22122 1.22122 1.22122 1.13549 0.993765 0.993765 0.993765 0.995652 1.01557 1.03990 1.06186 1.08289 1.64723 2.05026 2.22401 2.23705 2.25174 2.24091 2.26063 2.38525 2.37456 2.36405 2.35137 2.64091 2.63372 2.42772 2.24372 2.20761 2.19919 2.19116 2.18962 1.97410 1.87087 1.87674 1.92315 1.86997 1.86997 1.86997 1.86997 1.86997 1.86997 1.86997 1.86997 1.86997 1.86968 1.86606 1.86149 1.85692 1.92141 2.39603 2.92739 2.98720 2.92766 2.81212 2.72319 2.56801 2.48682 2.48682 2.48682
1.98705 1.98705 1.98705 1.38303 1.33153 1.29213 1.22122 1.22122 1.22122 1.22122 1.22131 1.21296 1.03532 1.09796 1.16461 1.22949 1.27621 1.31854 1.36320 1.40889 1.64839 1.90938 2.22644 2.20616 2.11292 2.11243 2.11327 2.23898 2.19839 2.15044 2.10886 2.12213 2.18990 2.18990 2.18990 2.18990 2.18990 2.18990 2.18990 2.06782 1.87087 1.87087 1.91952 1.86997 1.86997 1.86997 1.86997 1.86969 1.86608 1.86149 1.85692 1.85235 1.84807 1.84712 1.84712 1.84712 1.86567 2.24297 2.57909 2.47905 2.38339 2.39729 2.48682 2.48682 2.48707 2.49074 2.49550
1.98705 1.98705 1.98705 1.52091 1.33362 1.33445 1.51936 1.59935 1.67471 1.75010 1.82540 1.88384 1.67910 1.63848 1.63848 1.63848 1.63848 1.63848 1.63848 1.63848 1.69065 1.79966 2.22080 2.22134 2.06447 2.02004 1.98392 2.05230 2.09729 2.09729 2.09729 2.09872 2.18255 2.18990 2.18990 2.18990 2.18990 2.18990 2.18990 2.15951 1.87311 1.87087 1.90985 1.86610 1.86154 1.85697 1.85240 1.84810 1.84712 1.84712 1.84712 1.84712 1.85189 1.88333 1.91886 1.95441 1.98057 2.20658 2.34214 2.39407 2.39883 2.40387 2.50474 2.51772 2.52221 2.52330 2.52330
2.03289 2.04889 2.06490 1.82419 1.49214 1.52910 1.87279 1.92481 1.92481 1.92481 1.92481 1.92481 1.75849 1.63848 1.63848 1.63848 1.63848 1.63848 1.63848 1.63742 1.63459 1.73513 1.98811 2.06581 1.98815 1.96487 1.96487 2.01751 2.09729 2.09729 2.09729 2.09729 2.15335 2.18990 2.18990 2.18990 2.18990 2.18821 2.15117 2.09865 1.89347 1.85331 1.87850 1.84736 1.84712 1.84712 1.84712 1.84712 1.84883 1.87521 1.90277 1.92845 1.94937 1.94362 1.93378 1.92392 1.91409 2.04301 2.33761 2.41722 2.41867 2.41867 2.49179 2.52330 2.52330 2.52330 2.52330
2.09333 2.09333 2.09333 2.07642 1.57536 1.55628 1.80246 1.92481 1.92481 1.92481 1.92481 1.92481 1.83423 1.63848 1.63848 1.63848 1.62740 1.60726 1.59009 1.57588 1.57252 1.68230 1.84933 2.06298 2.01065 1.96487 1.96487 1.98287 2.09729 2.09729 2.09729 2.09729 2.12223 2.15953 2.10838 2.05720 2.00605 1.95655 1.94242 1.94182 1.89428 1.84803 1.84782 1.85226 1.82462 1.83604 1.86174 1.88742 1.91141 1.91071 1.90886 1.90886 1.90886 1.90886 1.90886 1.90886 1.90886 1.94465 2.30161 2.40570 2.41867 2.41867 2.46854 2.52330 2.52330 2.52330 2.52330
2.09333 2.09333 2.09333 2.09333 1.67190 1.55628 1.71729 1.92481 1.92481 1.92481 1.92481 1.92481 1.89589 1.61640 1.59519 1.57969 1.57252 1.57252 1.57252 1.57252 1.57252 1.65629 1.74082 2.06221 2.03314 1.96487 1.96487 1.96487 2.05849 2.02411 1.97298 1.92175 1.87238 1.93540 1.94242 1.93891 1.92990 1.92084 1.91177 1.90268 1.87257 1.80446 1.83340 1.87254 1.89460 1.90886 1.90886 1.90886 1.90886 1.90886 1.90886 1.90886 1.90886 1.90886 1.90886 1.90886 1.90886 1.91047 2.22384 2.40075 2.44370 2.45104 2.46742 2.46710 2.47985 2.51367 2.54170
2.09333 2.09333 2.09333 2.09333 1.81841 1.55628 1.61332 1.92479 1.92166 1.88523 1.84571 1.81185 1.78879 1.61821 1.57252 1.57252 1.57252 1.57252 1.57252 1.57252 1.57252 1.62752 1.69851 1.98040 1.99047 1.84924 1.79768 1.74660 1.80201 1.83623 1.82717 1.81811 1.80905 1.85631 1.88353 1.87798 1.87792 1.88634 1.92016 1.95571 1.98842 1.92747 1.91595 1.89838 1.91404 1.91627 1.91856 1.92092 1.92335 1.92587 1.92846 1.93111 1.93386 1.93669 1.93961 1.94263 1.94577 1.94686 2.18051 2.49083 2.52525 2.76746 2.82151 2.74412 2.75193 2.74613 2.77715
2.09333 2.09333 2.09333 2.09333 2.03082 1.55615 1.52483 1.79291 1.79312 1.78727 1.78727 1.78727 1.78727 1.67504 1.57252 1.57252 1.57252 1.57252 1.57351 1.58163 1.59116 1.64665 1.80419 1.90790 2.00388 1.97729 2.01858 2.07491 1.99248 1.77636 1.73069 1.68106 1.63131 1.60985 1.65946 1.64543 1.63125 1.60873 1.56076 1.51106 1.50186 1.43636 1.34282 1.43484 1.94664 1.94664 1.94664 1.94664 1.94664 1.94664 1.94664 1.94664 1.94664 1.94664 1.94664 1.94715 1.95354 1.96161 2.05647 2.43306 2.48889 2.74287 2.90203 2.88042 2.92003 2.97388 3.00108
2.09333 2.09333 2.09333 2.09333 2.09333 1.62774 1.49687 1.70198 1.78727 1.78727 1.78727 1.78727 1.78727 1.73191 1.59592 1.67276 1.75317 1.81338 1.84974 1.87810 1.90402 1.90657 1.81061 1.76012 1.76772 1.66904 1.59311 1.54334 1.46437 1.13494 1.12099 1.10587 1.08883 1.07841 1.34018 1.35744 1.35744 1.35744 1.35744 1.35744 1.37695 1.40937 1.33098 1.33444 1.89494 1.94664 1.94664 1.94664 1.94664 1.94664 1.94712 1.95346 1.96153 1.96960 1.97769 1.98530 1.98698 1.98698 1.99076 2.43806 2.78786 2.93875 3.08819 3.04001 3.00321 3.00321 3.00321
2.09333 2.09333 2.09333 2.09333 2.09340 1.78345 1.54321 1.62034 1.67439 1.66720 1.66566 1.66426 1.66295 1.66235 1.71879 1.69203 1.66054 1.64392 1.64392 1.64392 1.64392 1.64392 1.49314 1.42619 1.49971 1.48448 1.45050 1.45489 1.45988 1.14341 1.06891 1.06891 1.06891 1.06891 1.26105 1.35744 1.35744 1.35744 1.35744 1.35744 1.36095 1.43817 1.33435 1.33098 1.74634 1.94707 1.95335 1.96145 1.96951 1.97758 1.98521 1.98698 1.98698 1.98698 1.98698 2.01988 2.13439 2.25261 2.37102 2.69492 2.96322 2.87844 3.06181 3.01584 2.94451 2.92969 2.91484
2.09333 2.15026 2.25836 2.36682 2.35274 2.25756 1.90026 1.78775 1.56795 1.57288 1.57297 1.57297 1.57297 1.57297 1.62468 1.64392 1.64392 1.64392 1.64392 1.64392 1.64392 1.64392 1.54486 1.42855 1.48886 1.52207 1.46755 1.46762 1.46762 1.24230 1.06891 1.06891 1.06891 1.06891 1.16455 1.35744 1.35744 1.35744 1.35744 1.35744 1.35758 1.42822 1.37545 1.35377 1.62518 1.98515 1.98698 1.98698 1.98698 1.98698 1.98698 2.00417 2.10992 2.21363 2.29523 2.34360 2.31055 2.27359 2.23665 2.34434 2.83476 2.71544 2.95829 2.96523 2.88889 2.88889 2.88889
2.76260 2.81399 2.81399 2.81399 2.67144 2.45717 2.07291 1.87284 1.58859 1.57297 1.57297 1.57297 1.57297 1.57297 1.60588 1.64392 1.64392 1.64392 1.64428 1.65490 1.67167 1.69056 1.64680 1.43824 1.47148 1.53954 1.47334 1.46762 1.46762 1.34662 1.06891 1.06891 1.06891 1.06891 1.07645 1.34165 1.35974 1.36344 1.36716 1.37088 1.37446 1.42369 1.42637 1.37132 1.48274 1.98521 1.95770 1.92726 1.98234 2.06368 2.14507 2.20925 2.18491 2.16260 2.16241 2.16241 2.16241 2.16241 2.16241 2.18764 2.74259 2.77541 2.90292 2.97649 2.89732 2.88889 2.88889
2.81399 2.81399 2.81399 2.81399 2.78839 2.46123 2.19156 1.91432 1.64704 1.57297 1.57297 1.57297 1.57297 1.57297 1.58710 1.65010 1.66622 1.68441 1.70447 1.71124 1.71124 1.71124 1.70369 1.44649 1.44370 1.53740 1.48974 1.46762 1.46762 1.44489 1.07493 1.07107 1.07571 1.08036 1.08500 1.28118 1.37545 1.37545 1.37821 1.40328 1.43314 1.49757 1.60139 1.55647 1.68169 1.93734 2.02430 2.13615 2.16241 2.16241 2.16241 2.16241 2.16241 2.16241 2.16241 2.16241 2.16241 2.16241 2.16241 2.16241 2.55044 2.83533 2.83991 2.96921 2.92898 2.92582 2.93628
2.81399 2.81399 2.81399 2.81399 2.81399 2.50141 2.32554 1.96859 1.71378 1.57297 1.57297 1.57491 1.58553 1.59844 1.61372 1.70456 1.71124 1.71124 1.71124 1.71124 1.71124 1.71124 1.71124 1.50199 1.43824 1.51268 1.50793 1.47372 1.47836 1.48300 1.17662 1.09692 1.13041 1.16773 1.20510 1.32884 1.52614 1.55604 1.58309 1.58793 1.62800 1.74069 2.01923 2.05627 2.08578 2.18861 2.16241 2.16193 2.15521 2.14665 2.13809 2.12954 2.12098 2.11242 2.10382 2.09529 2.08674 2.07818 2.06962 2.06106 2.28810 2.74322 2.65789 2.75220 2.79408 2.84921 2.80233
2.81399 2.81399 2.81399 2.81399 2.81399 2.56252 2.44997 2.04921 1.81236 1.59424 1.60827 1.62120 1.62255 1.62255 1.63714 1.77647 1.88686 1.96371 1.81438 1.71124 1.71124 1.70522 1.66603 1.47549 1.29824 1.33538 1.42918 1.31448 1.25509 1.19578 1.23353 1.35312 1.35702 1.35702 1.36934 1.41821 1.68935 1.83642 1.98133 2.13091 2.24131 2.29419 2.46686 2.45531 2.44650 2.27892 2.04774 2.03965 2.03781 2.03781 2.03781 2.03781 2.03781 2.03781 2.03781 2.03781 2.03781 2.03781 2.03491 2.00010 2.04501 2.60571 2.58735 2.51106 2.55636 2.74380 2.89675
2.81399 2.81399 2.81399 2.81399 2.81399 2.64545 2.45717 2.15779 2.09369 1.78526 1.85752 1.93343 2.00469 2.07140 2.12475 2.15949 2.20103 2.17398 1.88412 1.48216 1.37862 1.28914 1.24549 1.11287 0.820213 0.857413 1.17252 1.33847 1.39961 1.45046 1.59006 1.90405 1.97061 2.04089 2.09067 2.09240 2.47715 2.64604 2.64604 2.64604 2.64604 2.64604 2.64604 2.62221 2.55015 2.41340 2.03876 2.03781 2.03781 2.03781 2.03781 2.03781 2.03781 2.03491 2.00010 1.95650 1.91290 1.86930 1.82861 1.81982 1.82111 2.37612 2.73592 2.88973 3.08388 3.42670 3.47132
2.81399 2.81399 2.81399 2.95722 3.26756 3.29278 2.94886 2.82641 2.56909 2.22479 2.15557 2.19427 2.23773 2.26003 2.28218 2.26729 1.90008 1.86076 1.76580 1.31383 1.33467 1.34724 1.34743 1.31312 0.774483 0.771646 1.14211 1.60772 1.72523 1.72523 1.73628 2.07943 2.09240 2.09240 2.09240 2.09240 2.29433 2.64604 2.64604 2.64604 2.64604 2.64604 2.64604 2.64436 2.55620 2.50435 2.07009 2.03781 2.03491 2.00010 1.95650 1.91290 1.86930 1.82861 1.81982 1.81982 1.81982 1.81982 1.73992 1.55265 1.33609 1.57238 2.50735 3.27400 3.28730 3.47375 3.54817
0.937903 2.26228 2.15379 2.19363 2.83598 2.82992 2.83407 2.83621 2.50639 2.47691 2.47550 2.45900 2.43768 2.43746 2.43746 2.43741 1.97693 1.91073 1.90540 1.39247 1.34743 1.34743 1.34743 1.34743 0.885836 0.771646 1.01029 1.48959 1.72523 1.72523 1.72523 1.99433 2.09240 2.09240 2.09240 2.09240 2.11244 2.62203 2.64604 2.64604 2.64604 2.64604 2.64604 2.64473 2.55087 2.46847 2.02203 1.86930 1.82861 1.81982 1.81982 1.81982 1.81982 1.81982 1.77075 1.59330 1.38596 1.17215 1.06663 1.10643 1.14625 1.47476 2.42573 3.40768 3.51964 3.63020 3.71693
0.462699 1.80918 2.12812 2.23025 2.85707 2.93170 2.95580 2.96747 2.56736 2.44456 2.43746 2.43746 2.43746 2.43746 2.43746 2.43746 2.11616 1.91073 1.91073 1.55503 1.34743 1.34743 1.34743 1.34743 1.03498 0.771646 0.878376 1.37140 1.72523 1.72523 1.72523 1.89825 2.09240 2.09240 2.09240 2.09240 2.09240 2.48167 2.64570 2.63022 2.60673 2.58327 2.55976 2.53758 2.45888 2.33216 2.05093 1.81982 1.81982 1.82931 1.83287 1.70666 1.54295 1.35242 1.20930 1.24188 1.27854 1.28574 1.28574 1.28574 1.28574 1.34213 2.26730 3.22968 3.51976 3.58605 3.71693
0.462699 1.70501 2.31558 2.31558 2.72558 2.93170 2.94762 2.96747 2.71631 2.44703 2.43752 2.43746 2.43746 2.43746 2.43746 2.43746 2.25546 1.91073 1.91073 1.70577 1.34743 1.34743 1.34743 1.34743 1.16510 0.771646 0.777963 1.22324 1.72365 1.72523 1.72523 1.80218 2.09240 2.09240 2.07635 2.04505 2.01370 2.19953 2.54041 2.53238 2.53238 2.53238 2.52424 2.50759 2.47462 2.27603 2.09205 1.84893 1.70137 1.51497 1.31100 1.28574 1.28574 1.28574 1.28574 1.28574 1.28574 1.28574 1.28574 1.28574 1.28574 1.28574 2.01267 2.88980 3.51976 3.54183 3.71693
0.462699 1.17173 2.31558 2.31558 2.55862 2.93170 2.93824 2.96747 2.88641 2.44810 2.43918 2.43746 2.43746 2.43746 2.43746 2.43746 2.39222 1.91336 1.91073 1.84009 1.34743 1.34743 1.34743 1.34743 1.27957 0.771646 0.771646 1.05645 1.64667 1.71388 1.68289 1.65589 1.96394 1.95610 1.94076 1.92773 1.90554 1.90856 2.44801 2.45600 2.43939 2.42273 2.41286 2.32934 2.18321 1.82482 1.46746 1.23864 1.28574 1.28574 1.28574 1.28574 1.28593 1.29286 1.30292 1.31298 1.32305 1.33312 1.34318 1.35324 1.36333 1.37338 1.84681 2.65064 3.51237 3.59650 3.69268
0.462699 0.534649 2.26729 2.31558 2.36373 2.92426 2.93178 2.96500 2.96747 2.52152 2.44155 2.43746 2.43746 2.43746 2.43746 2.43746 2.43746 2.00589 1.86938 1.81260 1.39370 1.34743 1.34743 1.34743 1.35220 0.882144 0.868426 0.986768 1.39887 1.57831 1.58071 1.58347 1.76076 1.81461 1.79251 1.78338 1.78338 1.78338 2.23182 2.36057 2.22337 2.05673 1.85272 1.76269 1.75730 1.59719 1.40229 1.27818 1.38882 1.39890 1.40895 1.41904 1.42890 1.43206 1.43206 1.43206 1.43206 1.43206 1.43206 1.43206 1.43206 1.44568 1.80976 3.06857 3.97310 4.36496 4.60938
0.462699 0.462699 1.99014 2.31558 2.31558 2.82852 2.93170 2.95812 2.96747 2.66396 2.44396 2.41703 2.36122 2.30477 2.24832 2.19192 2.13543 1.78983 1.53716 1.53814 1.45365 1.40982 1.44672 1.48363 1.51458 1.19573 1.01227 1.03705 1.28984 1.55589 1.54479 1.53294 1.61789 1.74395 1.73744 1.73046 1.72303 1.71505 1.74950 1.70214 1.70175 1.70175 1.70175 1.70175 1.70175 1.62537 1.30131 1.29202 1.43206 1.43206 1.43206 1.43206 1.43206 1.43206 1.43206 1.43206 1.44500 1.60137 1.79687 1.99144 2.18601 2.36696 2.42698 3.84285 4.41977 4.84887 5.06280
0.462699 0.462699 1.58353 2.31558 2.31558 2.62978 2.74647 2.70721 2.68748 2.49511 2.10948 2.06453 2.06389 2.06522 2.07610 2.08336 2.10422 2.00088 1.76206 1.81604 1.81638 1.77249 1.80429 1.83616 1.86804 1.62739 1.21512 1.21512 1.28307 1.41562 1.41562 1.41562 1.46210 1.70175 1.70175 1.70175 1.70175 1.70175 1.70175 1.70175 1.70175 1.70175 1.70175 1.70175 1.70175 1.70047 1.34396 1.25537 1.42573 1.43206 1.43206 1.44432 1.60036 1.79493 1.98950 2.18407 2.38414 2.49346 2.56438 2.66399 2.75696 2.83416 2.89928 3.55586 4.29219 4.94581 5.16283
0.462699 0.462699 0.994172 2.33373 2.35108 2.36087 2.35590 2.43636 2.65260 2.63387 2.21083 2.21927 2.24353 2.26312 2.27323 2.28691 2.28695 2.27314 1.99368 1.98713 1.98107 1.91016 1.90989 1.90989 1.90989 1.78249 1.21512 1.21512 1.24891 1.40121 1.41562 1.41562 1.41617 1.67279 1.70175 1.70175 1.70175 1.70175 1.70175 1.70175 1.70175 1.70175 1.70175 1.70175 1.70175 1.70175 1.47879 1.48078 1.73846 2.02351 2.27416 2.53779 2.64811 2.70457 2.76335 2.84086 2.89981 2.92567 2.94637 2.95139 2.95192 2.95340 2.95490 3.31468 4.14800 4.93574 5.19520
0.787018 0.821721 0.857538 2.24342 2.22982 2.15012 2.14117 2.10607 2.54512 2.55896 2.34972 2.27522 2.28695 2.28695 2.28695 2.28695 2.28695 2.28695 2.05874 1.98713 1.98713 1.92574 1.90989 1.90989 1.90989 1.89456 1.24082 1.21512 1.22719 1.36509 1.41562 1.41562 1.41562 1.59843 1.70175 1.70175 1.70175 1.70175 1.70175 1.70175 1.70175 1.70358 1.81540 1.97536 2.11633 2.24144 2.53762 2.93079 2.60229 2.70267 2.71689 2.82684 2.90867 2.93301 2.95217 2.95548 2.95697 2.95847 2.95996 2.96146 2.96242 2.96244 2.96244 3.08199 4.03788 4.78363 5.16202
0.854815 0.854815 0.854815 1.72061 1.97278 1.97278 2.05675 2.08055 2.46352 2.55896 2.44217 2.26695 2.28695 2.28695 2.28695 2.28695 2.28695 2.28695 2.13763 1.98713 1.98713 1.94782 1.90989 1.90989 1.90989 1.90989 1.41141 1.21512 1.21516 1.32377 1.41562 1.41562 1.41562 1.52355 1.70175 1.70175 1.79461 2.03088 2.16004 2.27542 2.37935 2.47239 2.50456 2.50456 2.50456 2.51025 2.60801 3.13718 2.80042 2.82833 2.84637 2.88312 2.96200 2.96244 2.96244 2.96244 2.96244 2.96244 2.96244 2.96244 2.96244 2.96244 2.96244 2.97752 3.83093 4.48442 5.08591
0.854815 0.854815 0.854815 1.45390 1.97278 1.97278 2.03057 2.08055 2.36241 2.55896 2.53893 2.26489 2.28695 2.28695 2.28695 2.28695 2.28695 2.28695 2.21657 1.98713 1.98713 1.96743 1.90989 1.90989 1.90989 1.90989 1.58271 1.21512 1.21512 1.27630 1.41562 1.41562 1.43536 1.52115 1.82717 1.88048 2.07861 2.50456 2.51256 2.55070 2.59174 2.63271 2.67369 2.71472 2.76984 2.92954 2.94365 3.23412 3.02380 2.85169 2.85002 2.85716 2.96115 2.96244 2.96244 2.96244 2.96244 2.96244 2.96789 2.97856 2.98898 2.99914 3.00899 3.01864 3.69676 4.48610 5.13214
0.854815 0.854815 0.854815 1.06196 1.97166 1.97278 1.99800 2.08055 2.24705 2.55896 2.55896 2.32284 2.28533 2.28695 2.28695 2.28695 2.28695 2.28695 2.28089 2.00169 1.98713 1.98017 1.91057 1.90989 1.90989 1.90989 1.73264 1.21788 1.23200 1.28766 1.57893 1.63200 1.63490 1.60290 2.05753 2.22043 2.28645 2.73875 2.79392 2.79682 2.79682 2.79682 2.79682 2.79612 2.75890 2.86761 2.87417 3.00127 3.05626 2.92897 2.93032 2.94057 3.02993 3.05922 3.06765 3.07580 3.08382 3.09164 3.09550 3.09550 3.09550 3.09550 3.09550 3.09550 3.51915 4.68521 5.32606
