High_resolution/powerplant/Chizhou/OMI_NO2_200805.asc
ncols      200
nrows      200
xllcorner       115.585
yllcorner       28.7700
cellsize     0.0166667
NODATA_Value      -999.000
[rows 116 to 144 of 175, columns 67 to 133 of 200]
3.53644 3.12039 3.19218 3.19559 3.10881 2.82705 2.54940 2.54208 2.54208 2.54208 2.29172 1.88852 1.88852 1.88852 1.88852 1.88852 1.88852 1.88852 1.88852 1.88092 1.77943 1.65012 1.50413 1.38470 1.37666 1.38304 1.57096 1.67396 1.57143 1.48609 1.45800 1.44806 1.33661 1.31386 1.31109 1.31109 1.31109 1.31109 1.31109 1.31109 1.31109 1.26084 1.07760 1.07760 1.07760 1.01398 0.777596 0.779705 1.09442 1.11764 1.10353 1.08943 1.07724 1.07562 1.07562 1.07562 1.07535 1.09936 1.78042 1.77881 1.76123 1.74365 1.72621 1.71951 1.71951 1.71951 1.71951
3.31618 2.75361 2.81118 2.93201 2.95465 2.80095 2.56539 2.54208 2.54208 2.54208 2.47215 1.88986 1.88852 1.88852 1.88852 1.88843 1.81892 1.68951 1.56015 1.43839 1.41048 1.42096 1.47260 1.55359 1.66044 1.76098 1.79225 1.65653 1.42692 1.42692 1.42692 1.42692 1.36159 1.31109 1.31109 1.31109 1.31109 1.31109 1.31109 1.31109 1.31109 1.30833 1.09334 1.07760 1.07753 1.05674 0.756884 0.740673 0.940397 1.07562 1.07562 1.07562 1.07562 1.07562 1.06782 1.05027 1.03270 0.995129 1.51986 1.71951 1.71951 1.71951 1.71951 1.71951 1.71951 1.71951 1.71951
3.47083 2.76173 2.76623 2.93027 2.93373 2.83972 2.64210 2.54208 2.54208 2.54208 2.54208 2.00185 1.85377 1.72890 1.59959 1.47033 1.41582 1.48272 1.58900 1.69584 1.80281 1.89914 1.94250 1.91285 1.91276 1.91276 1.88728 1.72037 1.44966 1.42692 1.42692 1.42692 1.39899 1.31109 1.31109 1.31109 1.31109 1.31109 1.31109 1.31109 1.31109 1.30663 1.13882 1.05203 1.04153 1.03742 0.783832 0.724023 0.830558 1.07455 1.06067 1.04310 1.02552 1.00795 0.998180 0.998149 0.998149 0.986271 1.27863 1.71951 1.71976 1.73436 1.75706 1.77978 1.80250 1.82522 1.84794
3.57337 2.96640 2.86048 2.92698 2.93201 2.85117 2.72091 2.54208 2.53022 2.42194 2.29255 1.83212 1.51157 1.59062 1.69746 1.80440 1.90594 1.94593 1.94657 1.94657 1.94657 1.94657 1.94657 1.91749 1.91276 1.91276 1.91276 1.75033 1.53647 1.42692 1.42692 1.42692 1.42577 1.32172 1.31109 1.31109 1.31109 1.30837 1.29822 1.28764 1.27707 1.27094 1.17688 1.03742 1.03742 1.06273 1.02084 1.06540 1.22380 1.01683 0.998149 0.998149 0.998149 0.998149 1.00038 1.04853 1.11411 1.16815 1.13177 1.82495 1.85222 1.86036 1.86036 1.86036 1.86036 1.86036 1.85872
3.87602 3.30171 2.93201 2.93201 2.93201 2.84240 2.60433 2.26789 2.16531 2.19882 2.27033 2.20564 1.92327 1.94657 1.94657 1.94657 1.94657 1.94657 1.94657 1.94657 1.94657 1.94657 1.94657 1.92458 1.91276 1.91276 1.91276 1.80191 1.62712 1.42692 1.42692 1.42692 1.42797 1.36907 1.32768 1.29853 1.27919 1.27133 1.27091 1.27091 1.27091 1.32258 1.41051 1.32670 1.44573 1.53931 1.49392 1.40284 1.40522 1.17020 1.11544 1.18168 1.24820 1.31586 1.38020 1.39884 1.39976 1.40067 1.17238 1.67592 1.82688 1.82322 1.81928 1.75005 1.63210 1.51658 1.40489
3.88104 3.53596 2.98866 3.01450 3.04153 3.05340 2.58322 2.42964 2.37895 2.39589 2.39589 2.38151 1.96324 1.94657 1.94657 1.94657 1.94657 1.94657 1.94657 1.94690 1.94909 1.95147 1.95376 1.94213 1.92725 1.92984 1.93234 1.88308 1.75768 1.52549 1.53729 1.56334 1.58801 1.54451 1.38292 1.27385 1.19340 1.26628 1.37609 1.48583 1.59564 1.65383 1.64422 1.46646 1.48209 1.52218 1.57218 1.66800 1.71569 1.60215 1.41600 1.41658 1.41703 1.41706 1.41706 1.41706 1.41706 1.41706 1.29024 1.44303 1.61978 1.52103 1.42236 1.37947 1.37947 1.37947 1.37947
3.99861 3.87322 3.15682 3.21668 3.27565 3.29074 2.83684 2.59853 2.41065 2.41878 2.42693 2.43506 2.12037 2.00202 2.01017 2.01833 2.02648 2.04098 2.04953 2.05644 2.06300 2.06950 2.07602 2.02152 1.79602 1.78862 1.79153 1.80038 1.68348 1.53460 1.47489 1.47489 1.48642 1.56519 1.46320 1.49616 1.52598 1.55127 1.53198 1.51270 1.49341 1.47411 1.45555 1.55518 1.62773 1.62773 1.63128 1.71912 1.72058 1.68895 1.41833 1.41706 1.41706 1.41706 1.41706 1.43009 1.47380 1.51887 1.49476 1.37403 1.37947 1.37947 1.37947 1.37947 1.37947 1.38028 1.39567
4.37591 4.39590 3.47654 3.43553 3.44368 3.45182 3.20154 2.84917 2.56785 2.56287 2.56287 2.56287 2.36417 2.11355 2.11355 2.11355 2.11355 2.10913 2.10656 2.10656 2.10656 2.10656 2.11110 2.12158 1.83020 1.84899 1.86346 1.86357 1.75100 1.67137 1.69115 1.77948 1.84764 1.84448 1.69305 1.57939 1.45815 1.45048 1.45048 1.45048 1.45048 1.45048 1.45048 1.50725 1.62773 1.62773 1.62773 1.70357 1.72058 1.72058 1.47776 1.42418 1.46488 1.50994 1.55504 1.58705 1.58834 1.58834 1.57418 1.37573 1.37837 1.38434 1.40410 1.42490 1.44569 1.46569 1.47108
4.46446 4.46446 3.71411 3.46157 3.46157 3.46157 3.37875 2.89008 2.64123 2.56287 2.56287 2.56287 2.48841 2.11355 2.11355 2.11355 2.11355 2.11073 2.10771 2.12642 2.15110 2.17577 2.19591 2.19781 1.93229 1.86827 1.83116 1.79115 1.72739 1.70916 1.80036 1.79219 1.79217 1.79217 1.72568 1.57503 1.45884 1.45048 1.45048 1.45048 1.45048 1.45048 1.45048 1.46168 1.62533 1.62773 1.62773 1.68743 1.75947 1.80455 1.69795 1.58404 1.58834 1.58834 1.58834 1.58834 1.58842 1.60062 1.62140 1.47300 1.45102 1.47004 1.47108 1.47108 1.47108 1.47108 1.47108
4.46446 4.46446 3.92867 3.46157 3.46157 3.46157 3.41954 3.00565 2.73649 2.56287 2.56287 2.56287 2.56224 2.16383 2.11355 2.12904 2.15988 2.18739 2.19185 2.19541 2.16216 2.12219 2.08215 2.04220 1.79830 1.62319 1.62033 1.62033 1.63165 1.67185 1.76844 1.79217 1.79217 1.79217 1.78489 1.58635 1.48997 1.45048 1.45048 1.45048 1.45048 1.45048 1.45048 1.45110 1.61858 1.70278 1.74784 1.82751 1.89186 1.89186 1.83146 1.58834 1.59089 1.60905 1.62985 1.65063 1.67134 1.67995 1.67995 1.56837 1.46596 1.47108 1.47108 1.47108 1.47383 1.48024 1.48667
4.46446 4.46446 4.14353 3.46157 3.46157 3.46157 3.44109 3.15677 2.83137 2.56324 2.56287 2.57042 2.59987 2.35527 2.18345 2.13431 2.07902 2.02906 1.99722 1.96137 1.95457 1.95457 1.95457 1.95457 1.82585 1.62033 1.62033 1.62033 1.62095 1.66846 1.73187 1.79217 1.79217 1.79217 1.79217 1.64859 1.51943 1.45048 1.45048 1.45048 1.47155 1.51662 1.56168 1.60611 1.71193 1.79900 1.79900 1.81751 1.87170 1.81184 1.74967 1.65556 1.67731 1.67995 1.67995 1.67995 1.67995 1.68002 1.70345 1.68033 1.48163 1.49357 1.50081 1.50725 1.51094 1.51096 1.51096
4.46446 4.46446 4.35845 3.46157 3.46157 3.46157 3.45862 3.31806 2.90483 2.60947 2.51183 2.46328 2.40342 2.20437 1.90380 1.91832 1.92356 1.92356 1.94574 1.95457 1.95457 1.95457 1.95457 1.95457 1.89649 1.62033 1.62033 1.62033 1.62033 1.65502 1.69521 1.79217 1.79217 1.79217 1.79217 1.71808 1.55744 1.50767 1.55276 1.59782 1.62175 1.62176 1.62176 1.62153 1.62822 1.70235 1.64142 1.58256 1.62983 1.63146 1.63146 1.66060 1.70388 1.74586 1.78788 1.82986 1.87148 1.91336 1.93190 1.92099 1.52217 1.49805 1.48771 1.47500 1.46189 1.45158 1.48039
4.45631 4.45000 4.44362 3.51235 3.32534 3.24652 3.16755 2.93586 2.52408 2.31176 2.32331 2.33746 2.34105 2.31074 1.92785 1.92356 1.92356 1.92356 1.93891 1.95457 1.95457 1.95457 1.95308 1.93228 1.90443 1.58940 1.60428 1.63771 1.64313 1.66913 1.70574 1.81747 1.83698 1.84598 1.85553 1.86125 1.78066 1.63877 1.64347 1.64563 1.60328 1.54848 1.49359 1.43897 1.42311 1.59397 1.63348 1.68155 1.58401 1.55896 1.58793 1.63147 1.67063 1.65785 1.64477 1.63203 1.61892 1.60621 1.59306 1.58039 1.26200 1.14023 1.18302 1.23873 1.29439 1.34759 1.36137
4.03295 3.96053 3.88798 3.15339 2.71378 2.57469 2.43550 2.19152 2.04713 2.09064 2.34105 2.34096 2.33812 2.33104 1.98827 1.87358 1.84422 1.81722 1.80419 1.82209 1.80004 1.77888 1.75959 1.75443 1.75083 1.62671 1.65970 1.77011 1.77505 1.78923 1.84323 1.92266 1.98118 1.98662 1.99149 1.98387 1.87211 1.66839 1.57526 1.51826 1.52100 1.55642 1.59193 1.62742 1.66292 1.85099 1.93496 1.93496 1.69193 1.51615 1.51615 1.51792 1.56277 1.56463 1.56463 1.56463 1.56463 1.56463 1.60250 1.67686 1.55987 1.39622 1.36670 1.36137 1.36137 1.36137 1.36137
3.44962 3.25325 3.06888 2.57150 2.18243 2.17441 2.16670 2.08205 1.93966 1.93420 2.15943 2.02046 1.96839 1.94192 1.79051 1.65477 1.65477 1.65477 1.65580 1.69951 1.69103 1.68081 1.67124 1.66226 1.67068 1.66576 1.66237 1.81628 1.82038 1.82179 1.86580 1.88562 1.92510 1.87633 1.83563 1.82419 1.81326 1.69396 1.65675 1.69227 1.71252 1.71260 1.71260 1.71260 1.71260 1.80738 1.93496 1.93496 1.77867 1.51615 1.51615 1.51615 1.54999 1.56463 1.58922 1.66234 1.73674 1.81105 1.84760 1.84760 1.77063 1.42033 1.38479 1.36137 1.37223 1.40438 1.43703
2.42594 2.47880 2.52663 2.42527 2.12142 2.12142 2.12142 2.08416 1.91609 1.91704 2.06589 2.00767 1.93310 1.93310 1.86611 1.64689 1.63803 1.62975 1.62198 1.64802 1.65764 1.65813 1.66083 1.66381 1.66885 1.69133 1.64475 1.77640 1.74233 1.73842 1.73677 1.72864 1.89367 1.92958 1.94993 1.95079 1.94357 1.81060 1.71260 1.71260 1.71260 1.71260 1.71260 1.71260 1.71260 1.74716 1.93496 1.93496 1.86545 1.51615 1.53039 1.59932 1.69299 1.79659 1.84630 1.84760 1.84760 1.84760 1.84760 1.84844 1.86968 1.51586 1.49257 1.48317 1.50500 1.50555 1.50555
2.42594 2.45556 2.52663 2.50718 2.12616 2.12142 2.12142 2.11560 1.92028 1.91663 1.97555 2.02527 1.88769 1.87168 1.85315 1.62905 1.61573 1.61584 1.61804 1.64330 1.66589 1.66838 1.66861 1.66959 1.67173 1.70006 1.65250 1.80102 1.91755 1.92447 1.88676 1.80227 1.90223 1.95079 1.95079 1.95079 1.95079 1.86325 1.71260 1.71260 1.71260 1.71260 1.71260 1.71260 1.71260 1.71278 1.91578 2.00363 2.07410 1.75471 1.79372 1.79912 1.80405 1.84738 1.84760 1.85427 1.88482 1.91749 1.95017 1.98202 1.99178 1.71630 1.56298 1.50884 1.50555 1.50555 1.50555
2.42594 2.43292 2.52605 2.52663 2.19331 2.11722 2.09952 2.06646 1.87899 1.81936 1.83360 1.99466 1.85430 1.85430 1.85571 1.69474 1.62309 1.64074 1.68139 1.70533 1.73651 1.73865 1.74089 1.74199 1.74199 1.76646 1.73631 1.80837 1.92447 1.92447 1.91781 1.80450 1.85715 1.95079 1.95079 1.95079 1.95079 1.91065 1.72579 1.71260 1.71260 1.71667 1.74339 1.77857 1.84112 1.91552 2.11970 2.21793 2.21793 1.90312 1.79912 1.82692 1.88464 1.93508 1.96363 1.98965 1.99178 1.99178 1.99178 1.99178 1.99178 1.86177 1.68833 1.73900 1.80774 1.89685 1.98601
2.42526 2.40318 2.45110 2.43537 2.19429 2.04657 2.04573 2.02787 1.88906 1.80917 1.82412 1.97257 1.87781 1.86986 1.86990 1.80312 1.75941 1.74679 1.70902 1.70351 1.74188 1.74199 1.74199 1.74199 1.74199 1.75017 1.75164 1.76432 1.92447 1.92447 1.92447 1.83110 1.81389 1.94899 1.95079 1.95079 1.95176 1.95290 1.80628 1.82156 1.90366 1.97721 2.03663 2.02630 1.99557 1.99557 2.07379 2.26177 2.31952 2.14924 2.01611 2.04600 2.04600 2.01906 1.99178 2.02100 2.09294 2.16579 2.23790 2.31063 2.38309 2.39339 2.11655 2.09641 2.05730 2.05730 2.05730
2.30554 2.29950 2.35000 2.38341 2.25007 2.04573 2.04705 2.04660 1.93682 1.82455 1.84063 1.91610 1.84777 1.75562 1.71979 1.71243 1.70009 1.70009 1.70009 1.70009 1.73581 1.74199 1.74199 1.74199 1.74199 1.74200 1.76136 1.75195 1.91851 1.92043 1.91239 1.84197 1.78229 1.90629 1.94811 1.94756 1.93001 1.90183 1.99547 2.05433 2.05433 2.05433 2.06221 2.09762 2.12414 2.18875 2.27133 2.50987 2.52094 2.40225 2.18051 2.25587 2.33185 2.39657 2.42880 2.47532 2.47881 2.48200 2.48515 2.48831 2.49148 2.49464 2.23496 2.18570 2.12734 2.06449 1.99148
2.19126 2.21966 2.25164 2.30521 2.24496 1.96912 1.96782 1.96109 1.90115 1.81935 1.81825 1.84746 1.79950 1.71443 1.71443 1.71443 1.70414 1.71161 1.73277 1.75882 1.76896 1.76207 1.77171 1.78206 1.79304 1.80486 1.84675 1.84256 1.85608 1.87458 1.89668 1.88314 1.75810 1.80790 1.87272 1.85342 1.85420 1.85588 2.00117 2.20764 2.26979 2.33320 2.38687 2.38675 2.38977 2.36439 2.33704 2.97479 3.25043 3.18412 2.57262 2.57262 2.57262 2.57243 2.52423 2.51840 2.51840 2.51840 2.51840 2.51840 2.51929 2.53860 2.38598 2.27967 1.98905 1.84898 1.84898
2.22207 2.21338 2.22328 2.29064 2.28383 1.97009 1.96117 1.97071 1.95458 1.87074 1.88134 1.90677 1.91650 1.86917 1.89847 1.92878 1.94829 1.96274 1.96763 1.96661 1.89850 1.77560 1.77995 1.79444 1.80932 1.82420 1.86912 1.94799 1.92760 1.89595 1.86431 1.83398 1.68846 1.70752 1.89851 1.95623 2.01390 2.06754 2.12657 2.34910 2.32877 2.30826 2.28773 2.27393 2.27036 2.26829 2.26829 2.82097 3.30639 3.30473 2.61686 2.57262 2.57262 2.57262 2.54031 2.51840 2.51846 2.53347 2.56015 2.58683 2.61264 2.62000 2.52430 2.30771 2.12944 1.84898 1.84898
2.26303 2.24375 2.24781 2.37400 2.39482 2.13806 2.05350 2.05350 2.04381 1.95749 1.94544 1.94957 1.96707 1.98311 1.98311 1.98311 1.97788 1.96761 1.97814 1.99054 1.97610 1.83437 1.84490 1.84531 1.83605 1.81101 1.78950 1.84274 1.83124 1.83186 1.84627 1.86736 1.77290 1.71378 1.99881 2.02992 2.00939 1.99297 1.99157 2.22276 2.27356 2.27356 2.27356 2.27356 2.27187 2.26829 2.26829 2.54174 3.30639 3.30639 2.74099 2.57262 2.57262 2.58277 2.59318 2.58170 2.60833 2.62000 2.62000 2.62000 2.62000 2.62000 2.60206 2.30604 2.25423 1.83149 1.81842
2.28815 2.26146 2.25963 2.35177 2.39536 2.21180 2.05350 2.05350 2.05324 1.97546 1.94544 1.94647 1.95835 1.99092 2.00334 2.01575 2.02722 2.02288 2.02446 2.02446 2.02014 1.83259 1.79329 1.76797 1.75191 1.75295 1.77087 1.85677 1.91618 1.94603 1.96205 1.97142 1.83988 1.64268 1.83411 1.99157 1.99157 1.99157 1.99157 2.13246 2.27356 2.27356 2.27356 2.27356 2.27315 2.26831 2.26829 2.30026 3.26840 3.31460 2.91682 2.63078 2.65747 2.67401 2.67232 2.62217 2.62000 2.62000 2.61756 2.60987 2.60200 2.59413 2.58684 2.34455 2.27305 1.92572 1.81432
2.28858 2.26908 2.25963 2.32045 2.39536 2.28548 2.05350 2.05350 2.04191 1.99197 1.97989 1.99477 2.00822 2.03616 2.04120 2.04120 2.04052 2.01253 1.98745 1.96634 1.95029 1.82656 1.78693 1.81128 1.83564 1.85870 1.86514 1.90406 1.97311 1.97311 1.97311 1.97311 1.92991 1.64268 1.72822 1.99157 1.99157 1.99157 1.99157 2.04213 2.27356 2.27356 2.27356 2.27356 2.27021 2.26805 2.30343 2.33900 3.12749 3.44006 3.16153 2.67422 2.67422 2.67394 2.65816 2.61424 2.59883 2.59095 2.58552 2.58534 2.58534 2.58534 2.58534 2.42817 2.26707 2.03843 1.75459
2.28858 2.27714 2.25963 2.28708 2.36372 2.28913 1.94505 1.90665 1.87983 1.92378 2.01514 2.01514 2.01389 2.01774 2.01051 1.98923 1.96855 1.96706 1.98918 2.00949 2.02799 1.96185 1.86514 1.86514 1.86514 1.86514 1.86514 1.87412 1.97303 1.97311 1.97311 1.97311 1.97311 1.68940 1.64770 1.96620 1.99157 1.99157 1.99157 1.98991 2.21577 2.23764 2.23853 2.24605 2.25690 2.33342 2.40375 2.40375 2.87734 3.43877 3.31851 2.62657 2.60175 2.57734 2.56838 2.57509 2.58534 2.58534 2.58604 2.58876 2.59161 2.59448 2.59732 2.48764 2.10282 2.04266 1.64317
2.23597 2.19416 2.13023 2.09681 2.21581 2.22075 1.91638 1.87888 1.87888 1.88546 2.01030 2.01444 2.00423 1.94820 1.98002 1.99339 2.00682 2.02188 2.04099 2.04099 2.04099 2.00130 1.86514 1.86514 1.86514 1.86514 1.86514 1.86431 1.95053 1.97311 1.97311 1.97311 1.97311 1.77935 1.64195 1.85048 1.95751 1.93834 1.92410 1.91595 2.09867 2.27570 2.28232 2.28232 2.28232 2.29884 2.36368 2.33075 2.49202 3.30603 3.30074 2.67643 2.64043 2.66433 2.68830 2.71511 2.75625 2.78259 2.80766 2.83198 2.85575 2.88069 2.90549 2.92030 2.40616 2.39713 1.97824
2.16980 2.17328 2.15246 2.15124 2.25699 2.29345 2.06599 1.95798 1.96118 1.97466 2.02844 2.09042 2.12285 2.06047 2.02007 2.01749 2.01749 2.01772 2.03927 2.04099 2.04096 2.03272 1.86806 1.86514 1.86514 1.86514 1.86095 1.85148 1.90680 1.97297 1.96123 1.94208 1.92290 1.79993 1.55733 1.67797 1.91937 1.92860 1.93292 1.93292 2.00932 2.26997 2.24528 2.22056 2.19585 2.17855 2.25381 2.25259 2.24928 3.21735 3.31687 3.32067 3.32350 3.32365 3.32365 3.32365 3.34162 3.34627 3.34627 3.34627 3.34627 3.34627 3.34627 3.35150 2.91857 2.75807 2.51785
2.18233 2.15851 2.17255 2.20249 2.27357 2.34914 2.21333 2.04811 2.06728 2.07471 2.04270 2.08355 2.07140 2.01445 1.94641 1.92624 1.91611 1.90600 1.91146 1.90926 1.89917 1.89047 1.74710 1.69809 1.68863 1.68304 1.68839 1.69912 1.80762 1.88771 1.88114 1.88890 1.89814 1.88812 1.58905 1.60329 1.92360 1.91356 1.88886 1.86416 1.84052 2.13270 2.16348 2.15695 2.15042 2.14388 2.18313 2.21180 2.21180 2.93202 3.32365 3.32365 3.32365 3.32365 3.32365 3.32365 3.33489 3.34627 3.34627 3.34832 3.37903 3.41889 3.42019 3.38601 3.15606 2.82208 2.74144
