High_resolution/powerplant/Chizhou/OMI_NO2_200906.asc
ncols      200
nrows      200
xllcorner       115.585
yllcorner       28.7700
cellsize     0.0166667
NODATA_Value      -999.000
[rows 58 to 86 of 165, columns 0 to 66 of 200]
0.00000 0.00000 0.00000 0.00000 0.00000 0.00000 0.00000 0.00000 2.43172 2.43172 2.18669 2.23825 2.24264 2.24264 2.24264 2.23429 2.18013 2.11880 2.05743 2.00369 1.99566 1.99566 1.99566 2.14698 2.16762 2.18004 2.22888 2.27796 2.32700 2.34608 2.33411 2.33411 2.33411 2.20237 2.35588 2.45131 2.45201 2.45201 2.45201 2.45201 2.45201 2.41827 2.03060 2.02596 2.02596 2.02596 2.02425 1.91589 1.73993 1.52052 1.32741 1.41456 1.38766 1.44819 1.52456 1.73538 2.42406 2.64002 2.59674 2.54041 2.41297 2.39293 2.39293 2.39293 2.39293 2.39293 2.33723
0.00000 0.00000 0.00000 0.00000 0.00000 0.00000 0.00000 0.00000 2.43172 2.43172 2.25237 2.20620 2.17830 2.11695 2.05563 2.00277 1.99566 1.99566 1.99566 1.99566 1.99566 2.03712 2.11892 2.26507 2.38045 2.35364 2.35364 2.35364 2.35364 2.34316 2.29747 2.27006 2.24475 2.17107 2.12976 2.40826 2.45201 2.45201 2.45201 2.45201 2.45201 2.45201 2.11671 1.89009 1.71859 1.51286 1.28425 1.19085 1.22930 1.31390 1.40927 1.67829 1.73927 1.74340 1.77640 1.81177 2.05703 2.49020 2.49020 2.49020 2.40853 2.39293 2.39293 2.39293 2.39293 2.39293 2.37335
0.00000 0.00000 0.00000 0.00000 0.00000 0.00000 0.00000 1.97143 2.17239 2.27819 2.20495 2.06347 1.99566 1.99566 1.99566 1.99566 1.99569 2.03922 2.12089 2.20273 2.28416 2.32444 2.32444 2.33160 2.42084 2.31174 2.28884 2.26777 2.24800 2.23298 2.19464 2.19355 2.19355 2.19039 2.05154 2.35711 2.45201 2.45201 2.43523 2.29047 2.11905 1.92990 1.51906 1.28821 1.32482 1.39551 1.49092 1.55779 1.56853 1.60708 1.64837 1.79018 1.87870 1.84919 1.84756 1.84615 1.83210 2.48342 2.49020 2.49020 2.43713 2.39293 2.39293 2.39293 2.39293 2.39293 2.39276
0.00000 0.00000 0.00000 1.97143 1.97143 1.97143 1.97143 1.97143 1.97801 2.19635 2.20158 2.10180 2.00058 2.04149 2.12306 2.20467 2.28643 2.32444 2.30953 2.26115 2.24241 2.21141 2.18339 2.15856 2.26176 2.24603 2.23324 2.23324 2.23324 2.23324 2.20304 2.19355 2.19355 2.19355 2.07742 2.12889 2.09345 1.91289 1.65666 1.48945 1.33252 1.17719 1.18466 1.56016 1.57282 1.61310 1.65440 1.69565 1.72858 1.73128 1.73128 1.78304 1.88440 1.85991 1.84756 1.84756 1.79277 2.32061 2.49020 2.49020 2.46574 2.39062 2.38677 2.38263 2.37817 2.37335 2.35989
1.97143 1.97143 1.97143 1.97143 1.97143 1.97143 1.97143 1.97143 1.97143 2.28841 2.47354 2.44467 2.32092 2.29237 2.23227 2.17871 2.13066 2.08733 2.05649 2.06674 2.15111 2.15115 2.15115 2.15115 2.21913 2.26683 2.23324 2.23324 2.23324 2.23324 2.20970 2.17749 2.16290 2.13122 1.99067 1.63519 1.29259 1.10913 1.06883 1.06883 1.09261 1.14746 1.20321 1.65909 1.73032 1.73128 1.73128 1.73128 1.73128 1.73128 1.73128 1.73896 1.88074 1.87207 1.84756 1.83652 1.78361 2.05531 2.48929 2.48899 2.48647 2.37443 2.32770 2.22939 2.14228 2.05541 1.97693
1.97143 1.97143 1.97143 1.97143 1.97143 2.16013 2.48112 2.69372 2.74089 2.63488 2.53376 2.41723 2.12318 2.05442 2.05442 2.05442 2.05442 2.05442 2.06072 2.07700 2.17470 2.20647 2.22278 2.23924 2.27232 2.38421 2.32270 2.32179 2.31546 2.29395 2.19174 1.94157 1.83504 1.74952 1.72080 1.47281 1.15691 1.15551 1.21057 1.26556 1.29686 1.29700 1.29700 1.57868 1.73128 1.73128 1.73128 1.73128 1.73128 1.73128 1.73128 1.73128 1.78992 1.77583 1.70429 1.68523 1.68071 1.71152 2.40850 2.29570 2.20869 2.04111 1.95248 1.96355 1.96489 2.02365 2.11268
1.97143 2.12875 2.45780 2.68349 2.56802 2.54304 2.45541 2.38192 2.36482 2.42314 2.55716 2.57322 2.36580 2.28136 2.29554 2.31182 2.32827 2.34455 2.35468 2.35477 2.40852 2.45150 2.44742 2.43017 2.41196 2.44790 2.34017 2.25583 2.18861 2.14007 2.06514 1.72838 1.67666 1.59294 1.50912 1.58429 1.41429 1.29700 1.29700 1.29700 1.29700 1.29700 1.29700 1.44718 1.73128 1.73128 1.73128 1.73128 1.73128 1.73128 1.73128 1.73128 1.73128 1.73304 1.77269 1.88892 2.05785 2.15202 2.08810 2.08477 2.05371 2.03516 2.20171 2.29069 2.37576 2.40199 2.39795
2.83698 2.92353 2.92506 2.92506 2.44468 2.36482 2.36482 2.36482 2.36482 2.40256 2.68170 2.68190 2.54301 2.37660 2.35477 2.35477 2.35477 2.35477 2.35026 2.33284 2.34090 2.39309 2.37894 2.37794 2.37794 2.37794 2.24922 2.10906 2.06593 1.99898 1.93094 1.46449 1.39141 1.39141 1.39141 1.49264 1.52462 1.29772 1.29700 1.29700 1.29700 1.29700 1.29700 1.31477 1.71689 1.73128 1.73128 1.73128 1.73128 1.73727 1.81995 1.93176 2.06694 2.20276 2.29080 2.34945 2.31160 2.22170 1.97972 1.80121 1.76377 1.82790 2.39250 2.39287 2.39146 2.39146 2.39146
2.92506 2.92506 2.92506 2.92506 2.58169 2.36482 2.36482 2.36482 2.36482 2.36482 2.65030 2.68190 2.62490 2.39975 2.34984 2.33222 2.31398 2.29573 2.28203 2.28120 2.28400 2.37376 2.37794 2.37659 2.32055 2.23686 2.12580 1.86509 1.83975 1.83975 1.83975 1.54285 1.38570 1.35843 1.32917 1.31780 1.49317 1.28004 1.29700 1.29700 1.29700 1.29700 1.29700 1.29700 1.62206 1.74392 1.83616 1.94361 2.07363 2.20525 2.24740 2.23242 2.18820 2.13555 2.08066 2.10273 1.93582 1.75461 1.92589 1.74666 1.74580 1.74580 2.27889 2.39146 2.39146 2.39146 2.39146
2.92506 2.92506 2.92506 2.92506 2.75395 2.36482 2.36482 2.36482 2.36482 2.36482 2.60147 2.73294 2.77567 2.57430 2.28734 2.28120 2.28120 2.28120 2.28120 2.27935 2.22128 2.20541 2.15054 2.06804 2.04036 2.04036 2.04013 1.86574 1.80176 1.77839 1.75502 1.52347 1.23277 1.23072 1.23072 1.23072 1.43513 1.29935 1.29700 1.29700 1.29700 1.32606 1.45832 1.59974 1.90993 2.19661 2.20211 2.18763 2.14455 2.08611 2.04137 1.98215 1.80357 1.62110 1.43863 1.36379 1.38454 1.38454 1.82867 1.77085 1.74580 1.74580 2.10630 2.39146 2.39146 2.39146 2.39146
2.92506 2.92506 2.92506 2.92506 2.91504 2.39241 2.37401 2.42722 2.48625 2.54523 2.72258 2.85464 2.85464 2.70644 2.36606 2.27877 2.21875 2.13513 2.05128 1.96928 1.94362 1.97959 2.00764 1.97841 1.94920 1.91992 1.89085 1.79959 1.71120 1.71120 1.71120 1.59865 1.23072 1.23072 1.23072 1.23072 1.34580 1.39965 1.47986 1.62128 1.77309 1.92566 1.97689 2.01901 2.04738 2.04459 2.03991 1.95683 1.77451 1.59212 1.40965 1.28499 1.28120 1.28120 1.28120 1.31763 1.38454 1.38454 1.64513 1.84156 1.74580 1.74580 1.90168 2.39146 2.39587 2.40468 2.41282
2.92506 2.92506 2.93446 3.01015 3.09866 2.70906 2.58939 2.59514 2.59514 2.59514 2.66353 2.85502 2.86630 2.77666 2.23582 1.96736 1.94106 1.93529 1.92951 1.92374 1.91797 1.90887 1.87968 1.87967 1.87967 1.87967 1.87967 1.86013 1.71255 1.71120 1.71120 1.68580 1.23396 1.22194 1.19594 1.16935 1.17301 1.49477 1.94428 2.00638 2.03806 2.03991 2.03877 1.92800 1.74553 1.56306 1.38074 1.28135 1.28120 1.28120 1.28120 1.28120 1.28120 1.28120 1.28120 1.28670 1.38131 1.38454 1.48261 1.96151 1.84716 1.88398 1.91969 2.39158 2.43614 2.46549 2.54309
3.09010 3.17864 3.25773 3.27054 3.27054 2.95725 2.59514 2.59533 2.60887 2.63052 2.65953 2.90299 2.90800 2.89189 2.25825 1.91843 1.91284 1.91283 1.91283 1.91283 1.91283 1.91283 1.88467 1.87967 1.86873 1.84547 1.82212 1.79895 1.65904 1.60185 1.56223 1.52234 1.19679 1.14325 1.17436 1.20599 1.23501 1.46151 1.90239 1.89894 1.71655 1.53415 1.35290 1.28120 1.28120 1.28120 1.28120 1.28120 1.28120 1.28120 1.28120 1.28120 1.30850 1.43911 1.46384 1.48480 1.59467 1.66427 1.69143 2.05027 1.97489 2.02480 2.12179 2.49705 2.72032 2.76952 2.77055
3.27054 3.27054 3.27054 3.27058 3.28836 3.23507 2.64539 2.65559 2.65602 2.64833 2.64092 2.73723 2.72533 2.70198 2.27141 1.75410 1.65744 1.63431 1.61092 1.58766 1.56444 1.54101 1.49910 1.46120 1.44893 1.43897 1.42033 1.40861 1.32922 1.28942 1.31394 1.33921 1.28595 1.24062 1.23734 1.19332 1.13674 1.10066 1.16031 1.28120 1.28120 1.28120 1.28120 1.28120 1.28120 1.28120 1.28681 1.39381 1.52613 1.64467 1.75201 1.84959 1.92305 1.92988 1.77212 1.61462 1.63741 1.61393 1.52349 1.65842 2.15452 2.37987 2.38107 2.51198 2.70378 2.66369 2.62122
3.28563 3.31812 3.35063 3.38307 3.39778 3.39778 2.75168 2.63891 2.63891 2.63891 2.63891 2.52564 2.45672 2.45672 2.25934 1.65756 1.48209 1.48209 1.48209 1.48209 1.48209 1.47149 1.47503 1.50357 1.55040 1.60117 1.65537 1.55057 1.34331 1.37373 1.37158 1.33541 1.23459 1.07880 1.02559 1.01322 1.01322 1.00485 1.02849 1.28101 1.28120 1.34712 1.48403 1.60708 1.71773 1.81842 1.90685 1.92988 1.92988 1.92988 1.92988 1.92988 1.91855 1.83697 1.67868 1.35487 1.28539 1.31947 1.32261 1.40765 1.97201 2.38107 2.37034 2.32695 2.46494 2.42213 2.37682
3.39775 3.39778 3.39778 3.39778 3.39778 3.39778 2.93831 2.63891 2.63891 2.63891 2.63891 2.56619 2.45672 2.45672 2.43640 1.79208 1.48263 1.48248 1.52580 1.57250 1.61477 1.66197 1.69028 1.66563 1.66465 1.66465 1.66119 1.59467 1.23643 1.22992 1.20165 1.19261 1.16319 1.01322 1.01322 1.01080 0.994377 0.975627 0.915000 1.63762 1.88075 1.92974 1.92988 1.92988 1.92988 1.92988 1.92988 1.92988 1.91018 1.82229 1.73089 1.65090 1.58373 1.58688 1.59273 1.30308 1.28151 1.31038 1.34157 1.39765 1.64665 2.16170 2.13035 2.12558 2.30940 2.36566 2.36566
3.39778 3.39778 3.39778 3.39778 3.39778 3.39778 3.17263 2.63891 2.63891 2.63891 2.63891 2.61247 2.45683 2.44515 2.40151 1.98147 1.67173 1.68530 1.69118 1.69118 1.69118 1.69118 1.68721 1.63089 1.57804 1.53276 1.49119 1.48273 1.19969 1.15069 1.18481 1.16984 1.15208 0.956170 0.928647 0.912331 0.910082 0.910082 0.879833 1.46713 1.92988 1.92988 1.92988 1.92988 1.89951 1.80765 1.71439 1.63167 1.57287 1.58231 1.59523 1.59678 1.59678 1.59678 1.62357 1.46960 1.42039 1.49177 1.55464 1.55550 1.52987 1.94749 2.12558 2.12558 2.24197 2.36566 2.36566
3.39778 3.39778 3.39778 3.39778 3.39778 3.39778 3.38645 2.67899 2.63773 2.62581 2.57058 2.51085 2.35584 2.31860 2.31803 2.13881 1.74337 1.69118 1.68677 1.64850 1.60340 1.55821 1.51690 1.49787 1.48059 1.46728 1.45228 1.43735 1.24972 1.03073 1.10903 1.11010 1.11010 0.965397 0.910082 0.910082 0.910082 0.910082 0.898463 1.15523 1.88650 1.79293 1.69923 1.61242 1.56429 1.57776 1.59250 1.59678 1.59678 1.59727 1.63223 1.68829 1.74432 1.80038 1.82968 1.70726 1.51441 1.51711 1.55459 1.55550 1.54387 1.75531 2.12558 2.12558 2.16499 2.36562 2.36566
3.39778 3.39778 3.39778 3.39774 3.35015 3.24390 3.07101 2.58284 2.37508 2.35992 2.42000 2.42000 2.34651 2.31803 2.31660 2.27640 1.70602 1.55701 1.51624 1.51700 1.53675 1.55658 1.57645 1.57064 1.40184 1.40022 1.40022 1.40022 1.33322 1.01139 1.08829 1.11010 1.11010 1.01115 0.910082 0.910082 0.931987 0.976316 1.02079 1.02436 1.52964 1.57321 1.58843 1.59677 1.59678 1.59909 1.64089 1.69697 1.75303 1.80855 1.82968 1.82968 1.82968 1.82968 1.82968 1.79436 1.51485 1.51441 1.54376 1.55550 1.55474 1.57137 2.12167 2.12745 2.12833 2.33729 2.36927
3.31646 3.22475 3.06352 2.91818 2.80364 2.72487 2.71946 2.54822 2.31989 2.32842 2.41795 2.40352 2.33556 2.27381 2.27316 2.29045 1.85729 1.59833 1.60279 1.61488 1.61502 1.61502 1.61502 1.61502 1.42988 1.40022 1.40022 1.40022 1.39854 1.05807 1.05168 1.09724 1.10687 1.08644 1.02184 1.06720 1.10187 1.11709 1.13232 1.11080 1.44054 1.60226 1.64956 1.70564 1.76172 1.81542 1.82968 1.82968 1.82968 1.82968 1.82968 1.82968 1.82968 1.82968 1.82968 1.82065 1.55327 1.51616 1.53289 1.55902 1.55990 1.53187 1.99159 2.12668 2.08149 2.22885 2.33182
2.81302 2.72845 2.71946 2.71946 2.71946 2.71946 2.71866 2.65802 2.29159 2.29155 2.37520 2.41841 2.41492 2.36558 2.37705 2.38236 2.12716 1.64595 1.59106 1.58729 1.58340 1.57946 1.57537 1.57123 1.42245 1.30961 1.30187 1.29390 1.30905 1.05960 0.879279 1.06578 1.09732 1.11254 1.12774 1.14202 1.14522 1.15872 1.24618 1.31110 1.48136 1.82097 1.82968 1.82968 1.82968 1.82968 1.82968 1.82968 1.82968 1.82874 1.77593 1.69361 1.61138 1.52906 1.44679 1.37354 1.44935 1.51957 1.52261 1.56206 1.58186 1.64559 1.86608 2.05560 2.10556 2.18619 2.37737
2.71946 2.71946 2.71914 2.70199 2.67672 2.65430 2.63496 2.63172 2.42808 2.37514 2.42213 2.47526 2.47526 2.47526 2.47526 2.47526 2.41294 1.65380 1.54123 1.54123 1.54123 1.54123 1.54123 1.54130 1.48693 1.36104 1.43900 1.51701 1.57115 1.43688 0.950228 1.09789 1.14522 1.16018 1.24887 1.34714 1.44529 1.53022 1.54115 1.53804 1.42239 1.83244 1.82968 1.82968 1.80086 1.71962 1.63734 1.55507 1.47275 1.39141 1.36194 1.36194 1.36194 1.36194 1.36194 1.36549 1.42396 1.55364 1.56930 1.76195 1.90947 2.04408 2.25730 2.63034 2.80455 2.95231 2.54831
2.67941 2.65820 2.63940 2.63413 2.63424 2.63424 2.63424 2.63424 2.50469 2.37514 2.39179 2.47526 2.47526 2.47526 2.47526 2.47526 2.47526 1.87577 1.55562 1.54138 1.57375 1.64926 1.72738 1.80517 1.84721 1.61246 1.60448 1.60448 1.60448 1.60091 1.11984 1.28268 1.44810 1.53141 1.54115 1.54115 1.54115 1.54115 1.55007 1.63091 1.58979 1.63675 1.49880 1.41643 1.36302 1.36194 1.36194 1.36194 1.36194 1.36194 1.36194 1.36729 1.38277 1.39843 1.41409 1.42619 1.53052 1.91052 2.13216 2.44495 2.78851 2.89342 2.86616 2.98333 3.01165 3.01077 2.67975
2.63424 2.63424 2.63424 2.63424 2.63424 2.63424 2.63424 2.63424 2.57880 2.37514 2.37517 2.46154 2.47526 2.47526 2.47526 2.47579 2.45329 2.06199 1.65796 1.82493 1.87066 1.87298 1.87298 1.87298 1.87298 1.69579 1.71352 1.81195 1.91034 1.99171 1.66454 1.48472 1.54041 1.58155 1.67800 1.77472 1.87155 1.96821 2.05623 2.07199 2.00405 1.60728 1.36194 1.36194 1.36194 1.36194 1.36194 1.36945 1.38515 1.40083 1.41650 1.49481 1.73391 1.96014 2.16631 2.35511 2.46600 2.59471 2.68742 2.76766 3.07172 3.10539 2.99438 2.92336 3.01073 3.01073 2.82464
2.63424 2.63424 2.63424 2.63424 2.63424 2.63424 2.63424 2.63424 2.63202 2.39623 2.37514 2.44315 2.47896 2.42883 2.37867 2.32793 2.30028 2.21320 1.59381 1.87298 1.87298 1.89313 1.98483 2.08310 2.18157 2.14188 2.00042 2.00811 2.08742 2.18430 2.13572 1.98131 2.03574 2.07167 2.07199 2.07199 2.07199 2.07199 2.07199 2.07199 2.06426 1.76464 1.36230 1.37184 1.38755 1.40324 1.42344 1.46245 1.49470 2.06935 2.32845 2.46011 2.46944 2.51274 2.57040 2.62804 2.68515 2.76257 2.83270 2.83270 3.03446 3.10539 3.07929 2.86766 3.01073 3.01073 2.96606
2.63424 2.63424 2.63424 2.63424 2.63424 2.63424 2.63518 2.68947 2.74286 2.57906 2.48757 2.43411 2.30035 2.30028 2.30028 2.30028 2.30028 2.29182 1.74951 2.05590 2.18422 2.26250 2.26988 2.27292 2.27603 2.27733 2.42472 2.51390 2.53126 2.53126 2.50218 2.18740 2.13251 2.07199 2.07199 2.07199 2.07199 2.07199 2.07122 2.03931 1.99150 1.78627 1.46338 1.48553 1.51567 1.54312 1.56535 1.56850 1.57439 2.20106 2.57944 2.63712 2.69226 2.70660 2.70660 2.70660 2.70660 2.72754 2.83270 2.83270 2.94466 3.10539 3.10539 2.88918 2.99664 3.04583 3.08202
2.63424 2.63424 2.64744 2.72435 2.78358 2.78693 2.78754 2.73480 2.68296 2.59047 2.42317 2.42090 2.30817 2.29396 2.25659 2.21510 2.17364 2.14255 2.02763 2.13161 2.28020 2.28332 2.28547 2.28554 2.28554 2.28571 2.50109 2.53126 2.53126 2.53126 2.53126 2.27003 2.17402 2.07332 2.07093 2.03816 1.99019 1.94639 1.91184 1.90805 1.91821 1.86237 1.62739 1.56850 1.57918 1.63241 1.69007 1.74771 1.79949 2.12045 2.70660 2.70660 2.70660 2.70660 2.70660 2.70660 2.70660 2.70676 2.82029 2.86239 2.92372 3.20461 3.24371 3.14954 3.14272 3.22253 3.22821
2.82354 2.82876 2.81711 2.74182 2.68407 2.68227 2.68227 2.68227 2.68227 2.65762 2.38567 2.34191 2.22308 2.14816 2.14714 2.15026 2.15334 2.15454 2.11825 2.01936 2.28554 2.28554 2.28554 2.28554 2.28554 2.28554 2.43152 2.53126 2.53126 2.53126 2.52999 2.34130 2.07608 1.96677 1.91841 1.91534 1.92487 1.93014 1.93016 1.93016 1.94031 1.96714 1.81319 1.75679 1.80374 1.80815 1.80815 1.80815 1.80815 1.86896 2.69285 2.70660 2.70660 2.71174 2.72184 2.73195 2.74204 2.75215 2.93073 3.04450 3.04450 3.24975 3.33894 3.38435 3.26598 3.38040 3.42109
2.68584 2.68227 2.68227 2.68227 2.68227 2.67928 2.64848 2.61835 2.58887 2.56389 2.33932 2.27698 2.23457 2.15454 2.15454 2.15454 2.15454 2.15454 2.15454 1.96046 2.26642 2.28554 2.28554 2.28554 2.28554 2.28554 2.36022 2.49330 2.38251 2.24046 2.09946 1.98755 1.97966 1.95761 1.93017 1.93016 1.94120 1.97997 2.01997 2.05994 2.08972 2.09138 1.99436 1.81381 1.80815 1.80815 1.80815 1.81052 1.82013 1.83022 2.52046 2.74887 2.75899 2.76394 2.76394 2.76394 2.76394 2.76394 2.89016 3.17572 3.33609 3.56182 3.68744 3.68729 3.34984 3.13346 2.94534
