High_resolution/powerplant/Chizhou/OMI_NO2_200504.asc
ncols      200
nrows      200
xllcorner       115.585
yllcorner       28.7700
cellsize     0.0166667
NODATA_Value      -999.000
[rows 60 to 89 of 175, columns 66 to 131 of 200]
1.96566 1.94897 1.83966 2.28306 2.34581 2.34581 2.34581 2.34581 2.34349 2.32707 2.31267 2.31756 2.34481 2.40779 2.49872 2.59128 2.73829 2.94674 3.17043 3.16087 3.23958 3.60061 3.81613 3.98553 4.19761 4.19761 4.19761 4.19761 4.19761 4.19761 4.19761 4.19761 4.19761 4.19325 4.13597 4.13597 4.13624 4.19420 4.21013 4.02637 4.05195 3.98327 3.96310 3.96844 3.96844 3.96844 3.96844 3.96902 3.95669 4.08493 4.03914 4.06295 3.99861 4.01867 4.10585 4.14135 4.58564 5.24492 5.27852 5.28992 5.31483 5.34216 5.36439 5.38036 5.45621 5.58135
1.96566 1.96561 1.84789 2.15816 2.31922 2.37409 2.54710 2.62294 2.69812 2.78274 2.86278 2.92923 2.98067 2.99350 2.99350 2.99350 3.01785 3.13772 3.23618 3.17770 3.20391 3.47383 3.81284 3.86280 4.19654 4.19761 4.19761 4.19761 4.19761 4.19761 4.19761 4.19761 4.19761 4.20270 4.13633 4.15306 4.17865 4.23645 4.33697 4.12490 4.10687 4.04298 3.97619 4.00267 4.03051 4.05843 4.08628 4.11206 4.08232 4.14396 4.21441 4.27320 4.25387 4.26128 4.34607 4.38546 4.65350 5.33559 5.48654 5.47571 5.45393 5.44801 5.39515 5.26887 5.21894 5.28804
2.09809 2.17825 2.18443 2.45683 2.67610 2.78474 2.99350 2.99350 2.99350 2.99350 2.99350 2.99350 2.99350 2.99350 2.99350 2.99350 2.99350 3.11975 3.23246 3.17770 3.17810 3.38645 3.76306 3.81613 4.11944 4.19772 4.19932 4.20137 4.20342 4.20547 4.20759 4.22427 4.25190 4.28421 4.25510 4.25461 4.25390 4.25940 4.39429 4.27141 4.22350 4.22576 4.16678 4.14975 4.12966 4.10959 4.09850 4.10608 4.11674 4.17977 4.39222 4.51968 4.51233 4.45067 4.48644 4.51294 4.65451 5.23711 5.54727 5.46466 5.34048 5.27886 5.16904 5.02331 4.98648 5.01657
2.39143 2.40690 2.34972 2.42081 2.75523 2.73808 2.97682 2.99350 2.99350 2.99350 2.99387 3.00411 3.01856 3.03300 3.04747 3.06192 3.07639 3.16976 3.31903 3.28912 3.29303 3.40788 3.70878 3.83187 4.01076 4.21184 4.20953 4.21908 4.24195 4.26477 4.28754 4.29572 4.29090 4.28466 4.24075 4.21205 4.20856 4.19871 4.38376 4.35955 4.22619 4.22884 4.14553 4.16967 4.19701 4.22438 4.24266 4.24476 4.25024 4.25490 4.42906 4.60351 4.60859 4.52915 4.55896 4.61321 4.64492 5.10634 5.36641 5.27488 5.15116 5.13396 5.14711 5.05499 5.06547 5.13665
2.44676 2.45729 2.45166 2.43926 2.91366 2.90198 3.08703 3.16735 3.18536 3.20334 3.22096 3.22871 3.23224 3.23577 3.23931 3.24284 3.24637 3.28335 3.38444 3.34696 3.30671 3.35185 3.59610 3.81692 3.90606 4.24726 4.27283 4.28357 4.28008 4.27660 4.27312 4.27028 4.29820 4.34408 4.29545 4.14472 4.13195 4.12845 4.35430 4.52585 4.35117 4.35843 4.28552 4.27352 4.28081 4.28807 4.30086 4.33675 4.37026 4.38246 4.56871 4.81231 4.85562 4.79894 4.77030 4.81288 4.80055 5.05641 5.34175 5.40056 5.27552 5.27427 5.27427 5.18830 5.15732 5.19114
2.60402 2.60931 2.61582 2.66349 3.01373 3.04972 3.14990 3.25448 3.25448 3.25448 3.25448 3.25448 3.25448 3.25448 3.25448 3.25448 3.25448 3.25835 3.36116 3.39236 3.35158 3.40010 3.62829 3.91789 3.92581 4.21057 4.27136 4.30684 4.35937 4.41208 4.46479 4.51051 4.49771 4.46451 4.37645 4.18079 4.22551 4.27582 4.46203 4.80237 4.58777 4.60928 4.58397 4.57616 4.60935 4.64246 4.67008 4.67297 4.67297 4.65566 4.70579 4.85604 4.87551 4.78515 4.73534 4.78022 4.79662 4.98411 5.24602 5.40760 5.29722 5.27031 5.23934 5.14246 5.05022 5.02238
2.62484 2.62410 2.62410 2.65874 2.92558 3.05411 3.09738 3.25448 3.25448 3.25448 3.25448 3.25448 3.25448 3.25448 3.25448 3.25880 3.29977 3.36822 3.50006 3.62027 3.54784 3.57463 3.66348 3.95057 4.04693 4.25459 4.48331 4.50277 4.50618 4.50927 4.51254 4.52203 4.56142 4.60464 4.64872 4.66364 4.65631 4.65631 4.71391 5.04869 4.85301 4.77243 4.73561 4.67297 4.67297 4.67572 4.69108 4.70801 4.72493 4.72065 4.53537 4.70590 4.83525 4.80875 4.73534 4.76285 4.77797 4.85072 5.04671 5.28032 5.16507 5.08032 5.05592 4.99184 4.87662 4.84447
2.67726 2.62410 2.62410 2.64864 2.77599 3.10025 3.05303 3.24524 3.25448 3.25448 3.25448 3.25794 3.31279 3.38617 3.45944 3.54027 3.61400 3.72076 3.82827 3.96825 3.73027 3.72843 3.73589 4.01515 4.31828 4.40374 4.69200 4.69200 4.69200 4.69200 4.69200 4.69200 4.69200 4.69200 4.69200 4.68505 4.65631 4.65631 4.67775 4.96605 4.92939 4.77438 4.77391 4.70648 4.72341 4.73758 4.73914 4.73914 4.73914 4.73914 4.56851 4.62939 4.80292 4.78163 4.67026 4.63924 4.56184 4.56167 4.81136 5.05002 5.04404 4.92587 4.91953 4.92767 4.83219 4.85624
2.74944 2.62410 2.62410 2.63854 2.66987 3.10612 3.05340 3.27209 3.42127 3.52772 3.63668 3.75267 3.86871 3.96774 4.06077 4.13790 4.18774 4.19336 4.19119 4.21019 3.87229 3.71468 3.71940 3.90731 4.34177 4.34188 4.64073 4.69200 4.69200 4.69200 4.69200 4.69200 4.69200 4.69200 4.69200 4.69947 4.65631 4.65760 4.67160 4.90071 5.05456 4.83631 4.83818 4.74615 4.73914 4.73599 4.71938 4.70103 4.67708 4.65085 4.51229 4.48071 4.61119 4.58142 4.44844 4.36098 4.26544 4.27369 4.61492 4.85219 5.05621 4.95515 4.97392 4.97475 4.89824 4.87395
2.82727 2.69041 2.75623 2.83165 2.94490 3.26087 3.35130 3.69898 4.02633 4.08747 4.14288 4.18784 4.19336 4.19336 4.19336 4.19336 4.19336 4.19336 4.19336 4.19078 4.01584 3.71468 3.71468 3.78699 4.30454 4.34177 4.52772 4.69200 4.69200 4.69200 4.69200 4.68828 4.67836 4.66904 4.67179 4.69487 4.65566 4.65551 4.64858 4.73768 5.03891 4.71787 4.69140 4.60548 4.55926 4.54100 4.53538 4.53114 4.53276 4.53914 4.52693 4.38983 4.45776 4.47899 4.47752 4.48611 4.45878 4.43489 4.67857 4.84255 5.15844 5.01432 4.93140 4.82008 4.63668 4.47267
3.15687 3.10326 3.23495 3.38061 3.51037 3.68918 3.80358 3.88833 4.19336 4.19336 4.19336 4.19336 4.19336 4.19336 4.19336 4.19330 4.18939 4.18316 4.17692 4.16111 4.12016 3.67949 3.67325 3.68809 4.08115 4.23918 4.30413 4.57369 4.56580 4.55831 4.56214 4.57490 4.59390 4.61225 4.61854 4.61274 4.59868 4.54947 4.53601 4.56928 4.92137 4.73840 4.67770 4.64132 4.61010 4.62610 4.64167 4.65713 4.67258 4.68580 4.68743 4.52128 4.52939 4.51901 4.50278 4.46908 4.43485 4.37376 4.51707 4.71719 4.82560 4.60318 4.50482 4.47916 4.41895 4.36101
3.23717 3.22835 3.45859 3.62262 3.62921 3.65884 3.81322 3.76681 4.13614 4.14113 4.12702 4.11220 4.09742 4.08264 4.06782 4.05311 4.04221 4.03362 4.02507 4.01209 4.13327 3.69150 3.65982 3.65719 3.90443 4.21491 4.19425 4.53645 4.60960 4.62582 4.62033 4.60469 4.58907 4.57344 4.55764 4.53697 4.54169 4.45682 4.38136 4.32427 4.91839 4.91708 4.77565 4.75267 4.67309 4.66372 4.65435 4.64497 4.63561 4.62623 4.61736 4.52522 4.50268 4.52898 4.55503 4.55437 4.56778 4.50564 4.53782 4.59244 4.57290 4.47749 4.39705 4.39680 4.37609 4.30523
3.20816 3.12650 3.23606 3.52296 3.50005 3.47157 3.65505 3.59566 3.88922 3.97967 3.97898 3.97898 3.97898 3.97898 3.97898 3.97898 3.97898 3.97898 3.97898 3.97863 4.08160 3.83514 3.64750 3.60226 3.65003 4.07239 4.04263 4.34160 4.57101 4.55482 4.52585 4.44678 4.35891 4.27112 4.18345 4.12661 4.11037 4.01296 4.00360 3.99395 4.66939 4.97269 4.78982 4.80578 4.74192 4.76750 4.79380 4.82010 4.84641 4.87271 4.89845 4.86852 4.74006 4.72632 4.70658 4.66742 4.64468 4.58795 4.56967 4.56184 4.56140 4.50791 4.39680 4.39680 4.39166 4.27624
3.21167 3.07718 3.06362 3.44920 3.46588 3.43819 3.59262 3.58442 3.78543 3.97898 3.97898 3.97898 3.97898 3.97898 3.97898 3.97898 3.97898 3.97898 3.96900 3.92885 3.94270 3.86038 3.52991 3.53960 3.44606 3.84720 3.80331 3.85766 4.23030 4.17824 4.14512 4.16695 4.19747 4.22801 4.25852 4.27180 4.22657 3.92158 3.89311 3.88602 4.30344 4.97709 5.00372 5.00372 4.92286 4.90699 4.90699 4.90699 4.89185 4.84034 4.78714 4.73394 4.66677 4.67355 4.67355 4.66173 4.64436 4.60899 4.56978 4.55090 4.51260 4.45764 4.27469 4.23799 4.20357 4.12286
3.21167 3.10594 3.03682 3.34458 3.47199 3.43984 3.52870 3.61562 3.68940 3.97898 3.97898 3.97898 3.97898 3.97898 3.97485 3.94571 3.91270 3.87969 3.85660 3.83153 3.71087 3.83789 3.48637 3.47175 3.38919 3.59371 3.67139 3.69907 4.19726 4.24464 4.24451 4.24451 4.24451 4.24451 4.24451 4.24451 4.24369 3.96679 3.88405 3.88405 4.08849 4.89531 5.00373 5.00372 4.93233 4.84504 4.79184 4.73866 4.70065 4.69903 4.69903 4.69903 4.68652 4.67298 4.65311 4.61974 4.56503 4.51592 4.39315 4.36505 4.36032 4.36032 4.21268 4.19573 4.19573 4.14258
3.21167 3.18866 2.96405 3.22385 3.47246 3.44713 3.46200 3.64974 3.59937 3.96572 3.94785 3.89420 3.82284 3.73082 3.62364 3.45079 3.27008 3.08967 2.90927 2.76106 2.78638 3.39918 3.43649 3.43471 3.40766 3.53620 3.68488 3.68488 4.01744 4.24451 4.24451 4.24451 4.24451 4.24451 4.24451 4.24451 4.24451 4.06180 3.88405 3.88405 3.90549 4.71549 4.89307 4.84009 4.76028 4.69903 4.69903 4.69903 4.69516 4.66924 4.63979 4.61036 4.58832 4.52669 4.51877 4.52090 4.49764 4.49540 4.39022 4.38034 4.38155 4.38908 4.28418 4.23951 4.24701 4.26572
3.22018 3.23615 2.99138 3.15127 3.52976 3.50652 3.47741 3.57542 3.56479 3.46414 3.27927 3.11948 2.97740 2.85598 2.75387 2.74146 2.74146 2.74146 2.74146 2.74146 2.74146 3.25577 3.44227 3.43471 3.43015 3.45563 3.68924 3.68488 3.83705 4.24451 4.24451 4.24451 4.24451 4.24451 4.24451 4.24451 4.23866 4.09778 3.77561 3.71188 3.66300 4.28088 4.76351 4.75405 4.71052 4.65139 4.61992 4.57015 4.52208 4.49617 4.47362 4.45123 4.43254 4.38145 4.30588 4.25283 4.25649 4.28023 4.18616 4.12075 4.08828 4.06374 4.13871 4.25882 4.26745 4.29465
3.36607 3.33577 3.07061 3.08396 3.34430 3.26274 3.07544 2.92168 2.87842 2.77236 2.74146 2.74146 2.74146 2.74146 2.74146 2.74146 2.74146 2.74146 2.74146 2.74146 2.74146 3.07054 3.45701 3.44923 3.45408 3.35478 3.68860 3.65685 3.66345 4.16918 4.19468 4.17739 4.15633 4.10086 4.03708 3.97313 3.91521 3.85952 3.52202 3.43855 3.41295 3.73792 4.19465 4.18976 4.16490 4.15462 4.12842 4.09919 4.07065 4.04206 4.01349 3.98491 3.95737 3.97221 3.92448 3.92726 3.99706 4.13418 4.09786 4.01995 4.01828 4.02221 4.10615 4.30246 4.21838 4.13473
3.23964 3.23674 3.08403 2.87158 2.81164 2.73354 2.70247 2.69882 2.74284 2.78631 2.76437 2.77009 2.77581 2.78152 2.78687 2.78993 2.79263 2.79532 2.79802 2.80072 2.80342 2.93418 3.40254 3.36794 3.35276 3.15825 3.40851 3.43629 3.42507 3.74942 3.88145 3.83492 3.79196 3.77749 3.76844 3.75939 3.75035 3.74068 3.43900 3.30406 3.34190 3.53986 3.96744 4.01528 3.98664 3.96939 3.95340 3.97246 3.99762 4.02266 4.04768 4.07283 4.09781 4.10383 3.95825 3.96904 4.01286 4.24185 4.25965 4.11489 3.82701 3.45554 3.31799 3.53991 3.48311 3.42035
3.16347 3.14727 3.07202 2.74359 2.74394 2.62266 2.73900 2.75988 2.75742 2.83266 2.79275 2.78949 2.78647 2.78344 2.78079 2.78042 2.78042 2.78042 2.78042 2.78042 2.78042 2.78720 3.25934 3.27477 3.27281 3.19845 3.35269 3.53220 3.57183 3.63351 3.75787 3.74882 3.73871 3.71073 3.71858 3.74303 3.76742 3.79204 3.69901 3.73843 3.79675 3.82297 3.91803 4.05826 4.09753 4.15333 4.20634 4.23350 4.25628 4.27906 4.30181 4.32461 4.34733 4.38743 4.26501 4.21172 4.12780 4.22254 4.18086 4.03249 3.69302 2.95704 2.95704 3.26442 3.33150 3.33150
3.01503 3.01475 3.01382 2.68825 2.71892 2.59893 2.68082 2.74051 2.72041 2.81331 2.78741 2.78042 2.78042 2.78042 2.78042 2.78042 2.78042 2.78042 2.78042 2.78042 2.78042 2.80270 3.19581 3.35832 3.34399 3.24035 3.29460 3.56117 3.57378 3.60438 3.80499 3.84012 3.86767 3.91089 3.88746 3.84386 3.80031 3.75661 3.68636 3.62703 3.57982 3.52776 3.50834 3.95831 4.39232 4.39701 4.40758 4.40758 4.40758 4.40758 4.40758 4.39818 4.37889 4.36170 4.14242 3.91957 3.91957 4.03991 4.14099 4.07172 3.91045 2.95742 2.96927 3.24959 3.46760 3.53588
3.01475 3.01475 3.01475 2.76578 2.70044 2.63425 2.64647 2.74051 2.72579 2.78359 2.79710 2.78042 2.78042 2.78042 2.78042 2.78042 2.78042 2.78935 2.79239 2.78617 2.77962 2.75131 2.89345 3.14138 3.06773 2.98442 2.87973 3.43166 3.49624 3.45268 3.53588 3.55610 3.51045 3.47319 3.46957 3.46957 3.46957 3.46957 3.45988 3.40428 3.40553 3.40553 3.42380 3.71836 4.39232 4.39366 4.40756 4.39976 4.38057 4.36127 4.34197 4.33207 4.33207 4.33207 4.25942 3.91957 3.91951 3.97805 4.13274 4.13430 4.28233 3.37777 3.24523 3.45048 3.73457 3.74521
3.01475 3.01475 3.01475 2.84638 2.67899 2.67349 2.61213 2.74051 2.73279 2.75228 2.80681 2.78042 2.77630 2.73073 2.73548 2.71017 2.67085 2.67635 2.76316 2.86912 2.97504 3.08103 3.16048 2.95274 2.80962 2.80906 2.66305 3.03271 3.27771 3.27771 3.34294 3.46957 3.46957 3.46957 3.46957 3.46957 3.46957 3.46957 3.46951 3.41101 3.40553 3.40553 3.41003 3.51014 4.34033 4.34768 4.34166 4.33216 4.33207 4.33207 4.33207 4.33161 4.32794 4.32366 4.34547 3.93094 3.89485 3.90371 4.10378 4.10813 4.35516 3.76162 3.35660 3.34323 3.55599 3.45946
3.01475 3.01475 3.01475 2.92686 2.66470 2.75773 2.67562 2.84970 2.90601 2.95987 2.95548 2.89076 2.94696 3.10379 3.22653 3.20219 3.09055 3.17582 3.18596 3.18596 3.18596 3.18596 3.18809 3.02806 2.82792 2.80962 2.68709 2.86988 3.27672 3.27771 3.28728 3.46351 3.46957 3.46957 3.46957 3.46957 3.46957 3.46957 3.46957 3.42247 3.38187 3.36256 3.34091 3.36746 4.11012 4.30225 4.29770 4.28561 4.27454 4.26336 4.25226 4.23860 4.20278 4.16422 4.13712 3.84746 3.75718 3.81024 3.83440 3.76781 3.83043 3.44547 2.68146 2.67132 2.67758 2.64344
3.22594 3.26220 3.29796 3.32868 3.08414 3.13492 3.06202 3.19080 3.36106 3.58202 3.52567 3.44625 3.50180 3.51070 3.51070 3.46330 3.18596 3.18596 3.18596 3.18596 3.18596 3.18596 3.18596 3.09460 2.87014 2.80962 2.72279 2.75184 3.20909 3.26466 3.26096 3.39093 3.44540 3.44169 3.43799 3.43166 3.41476 3.39682 3.37889 3.33940 3.28831 3.30215 3.34038 3.39384 3.87258 4.24783 4.22036 4.16616 4.13543 4.10634 4.07980 4.05703 4.05477 4.05634 4.05866 3.95178 3.72163 3.82599 3.71226 3.59132 3.65232 3.61064 2.68354 2.68354 2.54689 2.49994
3.39733 3.41585 3.43012 3.43226 3.19755 3.21721 3.45136 3.68942 3.76736 3.82486 3.76478 3.56176 3.50310 3.49472 3.48632 3.47692 3.16964 3.12935 3.11979 3.11120 3.10988 3.11000 3.11014 3.07020 2.80520 2.69582 2.66671 2.64636 3.08569 3.24575 3.24842 3.32341 3.42782 3.41361 3.39940 3.38823 3.40838 3.44126 3.47410 3.49774 3.47829 3.49611 3.48055 3.46515 3.65403 4.11184 4.08469 4.05698 4.05850 4.05990 4.06111 4.06436 4.06782 4.07138 4.07506 4.06966 3.69412 3.82406 3.77444 3.58980 3.59228 3.73460 2.77105 2.71022 2.62850 2.55665
3.39489 3.47083 3.48070 3.49478 3.35790 3.27422 3.54343 3.78328 3.70199 3.73088 3.76719 3.53082 3.45341 3.46189 3.47039 3.47887 3.27427 3.16901 3.17871 3.18743 3.18888 3.18888 3.18888 3.17498 2.88451 2.72022 2.71505 2.62355 3.02081 3.33766 3.38098 3.43928 3.44700 3.47932 3.51217 3.54569 3.59521 3.65913 3.73031 3.80143 3.75954 3.49644 3.50993 3.49697 3.47643 4.10231 4.11219 4.08029 4.07944 4.07026 4.05916 4.04540 4.03150 4.01761 4.00376 3.98986 3.68437 3.66284 3.68909 3.47034 3.46539 3.60338 3.03891 2.74542 2.68791 2.56148
3.35702 3.47871 3.46445 3.45023 3.44890 3.47296 3.62311 3.92455 3.77267 3.77351 3.87719 3.65198 3.51326 3.51326 3.51326 3.51326 3.38200 3.18888 3.18888 3.18888 3.18888 3.18888 3.18888 3.18559 3.01024 2.82637 2.92579 2.97662 3.15750 3.54157 3.58502 3.64801 3.69542 3.75797 3.82759 3.88884 3.91244 3.91118 3.91243 3.91583 3.91749 3.58700 3.54917 3.55858 3.50758 3.92239 3.99899 3.95399 3.93434 3.93383 3.93383 3.93383 3.93383 3.93182 3.87257 3.78690 3.64083 3.63080 3.71389 3.55196 3.47921 3.55850 3.25184 2.74542 2.72751 2.56153
3.20696 3.42964 3.42964 3.42964 3.43477 3.47296 3.55279 3.85330 3.80770 3.76992 3.85336 3.73676 3.52739 3.51326 3.51326 3.51326 3.45644 3.18888 3.18888 3.18888 3.21636 3.33720 3.47528 3.61286 3.59591 3.45388 3.51597 3.56374 3.64306 3.85930 3.96451 3.98369 3.97371 3.95809 3.96302 3.97523 3.98830 4.00014 4.00225 4.00225 4.01322 3.79616 3.63237 3.63237 3.57199 3.79863 3.97424 3.95198 3.93383 3.93319 3.88041 3.79477 3.70910 3.62534 3.59892 3.59892 3.59563 3.58969 3.71389 3.61428 3.49565 3.55259 3.44776 2.74542 2.74542 2.57658
3.12064 3.42770 3.42964 3.42964 3.42965 3.46833 3.48742 3.76786 3.85202 3.76992 3.82461 3.80437 3.55996 3.51326 3.51326 3.51912 3.59133 3.43957 3.56953 3.74908 3.88574 3.89534 3.88433 3.87355 3.85511 4.00725 3.94366 3.91274 3.88164 3.97651 4.03463 4.03463 4.03144 4.00250 4.00225 4.00225 4.00225 4.00225 4.00225 4.00225 4.00593 3.91037 3.63237 3.63237 3.58814 3.70504 3.92883 3.82961 3.71697 3.63191 3.59892 3.59892 3.59892 3.59892 3.60153 3.62688 3.65902 3.65958 3.84347 3.85627 3.63778 3.62622 3.58159 2.58741 2.49936 2.28663
