High_resolution/powerplant/Chizhou/OMI_NO2_201101.asc
ncols      200
nrows      200
xllcorner       115.585
yllcorner       28.7700
cellsize     0.0166667
NODATA_Value      -999.000
[rows 0 to 28 of 166, columns 67 to 133 of 200]
0.00000 0.00000 0.00000 0.00000 0.00000 40.3651 40.3651 40.3651 40.3462 36.3437 32.8642 32.1911 30.8899 30.1102 29.6305 29.5814 29.5814 29.5814 29.5814 29.5244 28.0764 27.5203 21.8615 21.8467 21.8467 21.8467 21.8467 21.8467 21.8467 21.8467 21.8467 21.8467 21.8467 22.4485 23.3108 27.2800 39.1489 54.4879 51.9348 50.9589 47.0115 42.2476 38.8987 36.4159 35.3485 35.3477 35.3477 35.3477 35.3477 35.3477 35.2071 33.7116 33.4945 35.3477 28.2925 19.6991 19.6991 0.00000 0.00000 0.00000 0.00000 0.00000 0.00000 0.00000 0.00000 0.00000 0.00000
0.00000 0.00000 0.00000 21.0089 21.0089 31.2800 30.4239 28.1475 26.6057 26.0275 26.6647 29.5814 29.5814 29.5814 29.5814 29.5814 29.5814 29.5814 29.5814 29.5814 28.4764 28.0195 23.3414 21.8467 21.8467 21.8467 21.8467 21.8842 23.7031 26.1511 28.2385 30.0394 31.6075 32.6675 34.3189 35.3540 37.1738 44.2086 39.7138 36.1497 35.3477 35.3477 35.3477 35.3477 35.3477 34.3240 32.6288 31.1752 29.9189 28.8200 27.9167 27.7381 28.8883 35.3477 32.1935 19.6991 19.6991 0.00000 0.00000 0.00000 0.00000 0.00000 0.00000 0.00000 0.00000 0.00000 0.00000
20.8045 20.1981 19.4931 19.2099 19.0129 21.3066 26.0253 26.0253 26.0253 26.0253 26.0264 29.0459 29.5814 29.5814 29.5814 29.5814 29.5814 29.5814 29.5814 29.5814 28.9331 28.0195 25.7035 24.8801 27.1502 29.0981 30.7851 32.2475 32.7271 32.7271 32.7271 32.7240 32.6615 32.5762 32.1293 30.4250 30.4182 36.8644 36.8304 34.8804 33.1813 31.6489 30.3309 29.1804 28.1722 27.7381 27.7381 27.7381 27.7381 27.7381 27.7381 27.7381 27.7798 34.4433 34.8296 20.1768 19.6991 19.6991 0.00000 0.00000 0.00000 0.00000 0.00000 23.1601 23.1601 23.1601 23.1601
18.9363 18.7557 18.7532 18.7532 18.8402 19.0737 25.7426 26.0253 26.0253 26.0253 26.0253 27.8731 29.5814 29.5814 29.5814 29.5814 29.5814 29.5921 29.6179 29.6438 29.4766 28.1347 29.2610 32.7271 32.7271 32.7271 32.7271 32.7238 32.6606 32.5760 32.4909 32.4087 32.3860 32.3868 32.2711 30.2748 30.2524 30.8091 29.7274 27.9443 27.7381 27.7381 27.7381 27.7381 27.7381 27.7381 27.7381 27.7381 27.7381 27.7381 27.7381 27.7381 27.7381 31.8654 35.3477 25.7077 19.6991 19.6991 0.00000 23.1601 23.1601 23.1601 23.1601 23.1601 23.1601 23.1601 23.1601
18.7532 18.7532 18.7532 18.7532 18.8101 18.8554 24.2379 26.0253 26.0253 26.0253 26.0253 26.6997 29.5997 29.6256 29.6515 29.6774 29.7033 29.7185 29.7186 29.7186 29.7186 28.4219 28.2285 32.4234 32.6606 32.5753 32.4900 32.4081 32.3935 32.4223 32.4525 32.4827 32.5128 32.5422 32.5511 30.9690 30.3352 29.6812 28.9019 28.2365 27.7381 27.7381 27.7381 27.7381 27.7381 27.7381 27.7381 27.7381 27.7381 27.7381 27.7381 27.7381 27.7381 29.7698 35.2574 30.4958 20.5719 21.8796 23.1601 23.1601 23.1601 23.1601 23.1601 23.1601 23.1601 23.1601 23.1601
18.7532 18.7532 18.7532 18.7532 18.7799 18.8554 22.2880 26.0513 26.0773 26.1031 26.1290 26.1576 29.2158 29.7186 29.7186 29.7186 29.7186 29.7186 29.7186 29.7152 29.6521 28.7271 27.9201 30.8653 32.4367 32.4668 32.4970 32.5271 32.5498 32.5511 32.5511 32.5511 32.5511 32.5511 32.5511 31.6863 30.3352 30.0954 28.9019 28.5726 27.7381 27.7381 27.7381 27.7381 27.7381 27.7381 27.7381 27.7345 27.6957 27.6478 27.5999 27.6560 27.8243 28.4265 35.9627 34.8019 22.3789 22.4940 23.1598 23.1601 23.1601 23.1601 23.1601 23.1601 23.1601 23.1601 23.1601
18.7532 19.1553 20.8422 22.3668 23.6678 24.8535 25.7438 26.1603 26.1625 26.1625 26.1625 26.1625 28.0451 29.7186 29.7186 29.7150 29.6512 29.5273 29.1846 28.8112 28.4971 28.1289 27.9706 29.6531 32.5511 32.5511 32.5511 32.5511 32.5511 32.5511 32.5511 32.5511 32.5511 32.5511 32.5511 32.3734 30.3667 30.3339 29.0749 28.8633 27.7836 27.7381 27.7134 27.6656 27.6177 27.5698 27.5233 27.6105 27.8177 28.0338 28.2497 28.3620 28.3620 28.3620 33.9758 36.2522 24.8055 22.3789 23.0246 23.1601 23.1601 23.1601 23.1601 23.1601 23.1601 23.1601 23.1601
24.9244 25.6984 25.7599 25.7599 25.7599 25.8059 25.8280 26.0909 26.1625 26.1625 26.1625 26.1551 26.6167 29.1826 28.8052 28.4315 28.1179 27.8647 27.8303 27.8303 27.8303 27.8329 27.9710 28.3601 32.5102 32.5511 32.5511 32.5511 32.5511 32.5511 32.5511 32.5511 32.5511 32.5511 32.5511 32.5511 30.7932 29.5117 27.8697 26.4883 26.9500 27.4919 27.4754 27.6306 27.8466 28.0627 28.2775 28.3620 28.3620 28.3620 28.3620 28.3620 28.3620 28.3746 31.7033 36.2835 29.9559 22.3789 22.7739 23.1601 23.1601 23.1601 23.1601 23.1601 23.1601 23.1601 23.1601
25.7599 25.7599 25.7599 25.7599 25.7599 25.7856 25.8263 25.8132 25.5459 25.0275 24.5090 23.9979 23.7471 27.2909 27.8303 27.8303 27.8303 27.8303 27.8303 27.8303 27.8303 27.8303 27.9299 27.9807 31.5540 32.5511 32.5511 32.5511 32.5511 32.5511 32.5511 32.1478 31.3526 30.5573 29.7625 28.9677 27.3593 25.9848 25.5659 24.7424 26.1811 28.0917 28.3010 28.3620 28.3620 28.3620 28.3620 28.3620 28.5291 28.9423 29.3581 29.7736 30.1891 30.5920 31.5710 36.2835 33.4144 22.3789 22.5232 23.1601 23.1601 23.1601 23.1601 23.1601 23.1601 23.1601 23.1601
25.7599 25.7500 25.5592 25.3015 24.9231 24.4328 23.8233 23.5490 23.7348 23.7348 23.7348 23.7348 23.7348 25.9522 27.8303 27.8303 27.8303 27.8303 27.8303 27.8303 27.8303 27.8303 27.8861 27.9807 30.2198 32.4602 31.7724 30.9776 30.1828 29.3871 28.5927 28.2007 28.2007 28.2007 28.1766 27.9666 27.5389 26.6392 26.7741 25.4862 25.8328 28.3614 28.4242 28.7967 29.2123 29.6278 30.0431 30.4591 30.7075 30.7096 30.7096 30.7096 30.7096 30.7096 30.7454 35.6566 35.7725 22.7087 22.3797 23.0531 23.1601 23.1601 23.1601 23.1601 23.1601 23.1601 23.2402
24.6551 24.1820 23.8885 23.6620 23.5563 23.5563 23.4330 23.4017 23.7020 23.7348 23.7348 23.7348 23.7348 24.6072 27.8303 27.8303 27.8303 27.8303 27.8303 27.8303 27.6875 27.2633 26.8457 26.5511 26.7032 28.3082 28.2007 28.2007 28.2007 28.2007 28.1755 27.9641 27.7151 27.4678 27.2436 27.2045 27.2082 27.2990 27.7859 27.0623 26.9806 29.8639 30.6666 30.7096 30.7096 30.7096 30.7096 30.7096 30.7096 30.7096 30.7096 30.7096 30.7096 30.7096 30.7096 33.7809 36.2835 27.4775 22.3789 22.8033 23.1601 23.1601 23.3364 23.9093 24.4969 25.0841 25.5905
23.5570 23.5563 23.5563 23.5563 23.5563 23.5563 23.4788 23.4003 23.6046 23.7348 23.7348 23.7348 23.7348 23.7491 27.3374 27.5600 27.1290 26.6982 26.2674 25.8366 25.5486 25.5413 25.5413 25.6601 25.7040 27.9600 28.1755 27.9641 27.7151 27.4660 27.2422 27.3001 27.8138 28.3752 28.9366 29.4986 30.0560 30.1300 29.9492 29.0012 27.7924 29.4259 30.7096 30.7096 30.7096 30.7096 30.7096 30.7096 30.7096 30.7096 30.7096 30.7096 30.7096 30.7096 30.7096 32.2499 36.1474 31.1724 22.4092 22.7829 24.6453 25.2326 25.6427 25.6574 25.6574 25.6574 25.6574
23.5563 23.5563 23.5563 23.5563 23.5563 23.5563 23.5246 23.4003 23.5057 23.6934 23.3301 22.8991 22.4683 22.0373 23.8868 25.5413 25.5413 25.5413 25.5413 25.5413 25.5413 25.5413 25.5150 25.3777 25.2036 26.5093 27.5526 28.0764 28.6384 29.1995 29.7612 30.2274 30.2756 30.2756 30.2756 30.2756 30.2756 30.2347 29.9500 29.6219 27.7924 28.5882 30.7096 30.7096 30.7096 30.7096 30.7096 30.7096 30.7096 30.7096 30.6951 30.3309 29.8172 29.3032 28.8023 28.5719 32.0389 30.9538 22.6398 22.6583 25.3454 25.6574 25.6574 25.6574 25.6574 25.6574 25.6574
23.5563 23.5563 23.5563 23.5563 23.5290 23.3860 23.2296 22.9340 22.7353 21.5453 21.4458 21.4458 21.4458 21.4458 22.3752 25.5413 25.5413 25.5413 25.5143 25.3022 25.0385 24.6544 24.2696 24.4857 26.9537 28.3412 30.2756 30.2756 30.2756 30.2756 30.2756 30.2756 30.2756 30.2756 30.2756 30.2756 30.2756 30.2756 30.0150 29.9489 28.0867 27.8788 30.5841 30.7096 30.7096 30.5113 30.0007 29.4869 28.9734 28.4604 27.9754 27.8471 27.8681 27.8890 27.8972 27.8972 30.9118 32.0294 24.1118 22.6398 24.3992 25.6574 25.6574 25.6574 25.6574 25.6574 25.6574
23.3658 23.2101 23.0544 22.8987 22.7704 22.7575 22.7575 22.6614 22.6016 21.7620 21.4458 21.4458 21.4458 21.4458 21.4674 24.8466 24.8510 24.4399 24.0564 23.8594 23.7123 23.6854 23.6854 23.7164 27.4164 27.9145 30.2279 30.2756 30.2756 30.2756 30.2756 30.2756 30.2756 30.2756 30.2756 30.2756 30.2756 30.2756 30.1208 29.8999 28.2322 26.8132 28.3061 28.6432 28.1294 27.8156 27.8290 27.8500 27.8710 27.8914 27.8972 27.8972 27.8972 27.8972 27.8972 27.8972 29.6178 32.0649 27.6581 22.6398 23.4336 25.6574 25.6574 25.6574 25.6574 25.6574 25.6574
22.7575 22.7575 22.7575 22.7575 22.7575 22.7575 22.7575 22.7078 22.6016 22.1018 21.3564 21.1747 20.9876 20.8006 20.6159 22.3155 23.6854 23.6854 23.6854 23.6854 23.6854 23.6854 23.6854 23.6854 26.2676 27.7666 29.6486 30.2756 30.2756 30.2756 30.2756 30.2756 30.2756 30.2756 30.0593 29.5565 29.0518 28.5482 27.9939 27.2625 26.5629 25.0299 26.1963 27.8530 27.8740 27.8933 27.8972 27.8972 27.8972 27.8972 27.8972 28.0693 28.6317 29.2085 29.7856 30.3620 31.0845 32.0649 30.0476 22.6398 22.6902 25.4365 25.6574 25.6574 25.6574 25.6574 25.6574
22.7575 22.7575 22.7575 22.7575 22.7551 22.6949 22.6098 22.4968 21.9490 21.5867 20.4937 20.4882 20.4882 20.4882 20.4882 21.2579 23.6854 23.6854 23.6854 23.6854 23.6854 23.6854 23.6854 23.6854 25.0860 27.7666 28.9217 30.2756 30.2335 29.8162 29.3126 28.8076 28.3043 27.7990 27.5114 27.5100 27.5100 27.4423 27.1055 27.1099 27.1731 25.1892 25.4625 27.8952 27.8972 27.9457 28.4232 28.9996 29.5767 30.1538 30.7309 31.1352 31.1502 31.1502 31.1502 31.1502 31.1586 31.9756 31.6865 22.8265 22.6398 24.5216 25.6574 25.6574 25.6574 25.6574 25.6574
22.6839 22.5994 22.5147 22.4146 22.3074 22.2582 22.2334 22.2260 21.7997 21.6439 20.6671 20.4882 20.4882 20.4882 20.4882 20.5173 23.3766 23.6854 23.6854 23.6854 23.6854 23.6854 23.6854 23.4902 23.0989 26.6750 26.6764 28.0598 27.5974 27.5100 27.5100 27.5100 27.5100 27.4401 27.1018 26.7374 26.3748 26.0798 26.0521 26.6638 27.5356 26.5944 26.5849 29.4899 30.5220 31.0503 31.1502 31.1502 31.1502 31.1502 31.1502 31.1502 31.1502 31.1502 31.1502 31.1502 31.1502 31.6692 32.0649 26.0162 22.6398 23.5564 25.6574 25.6574 25.6574 26.2440 27.5871
8*                :*                  9*                  ?*                  ?*                 ;*                   ;*                  ;*                  ;*                  :*                <*                  >*                       >*                     >*        
>*                       >*                      >*                  3*                 2*                2*                 ;*                  ;*                  ;*                  3*                 :*    *        :     *    $      *     $      *        9      *    
;*                     :*             :*    *        :     *    $      *      9       *         9        *      $        *    $     *        $      *       $      8*                  <*                  =*                  8*                 <*                  =*             =*           
         9*                  8*                   =*                 <*              =*            ;*                  8*             >*                  3*                  2*                 ;*                 9*              9*                  >*                  >*                       ?*                 ?*  
>*             ?*                 2*                  2*                  2*                   8*                        3*                  3*                      3*                :*    *       :     *       9    *        2      *        $      *         $      *            $  
   8*                  8*                8*                  =*                  <*               ;*                  ;*               8*                  2*               ;*                 2*            9*            9*               9*                    :*                ?*            ?*              ?*                 2*           
        3*                        3*                    3*               :*    *        :    *    $        *    $      *        =       *         $      *    $     *       $      *       $      8*                  8*                  :*                 
                3*                  =*              :*             :*    *        :    *     $      *        ?      *        ?      *        ;    *    $      *    $      *     $      ;*                  :*                  9*                  2*                 2*  
   *        ?     *        ?      *        3      *        3      *       ;      *      $    =*                  9*                 9*                  2*                  2*             >*               8*                 ;*            9*               8*           
    *       :      *       ?      *    ?      *        ?      *        8      *      ;      *      2       *    $    9*                 9*                9*                  2*                  2*                3*                  8*                  ;*                 
            <*                        <*                        <*                   <*                ;*                 ?*                  ?*               :*            :*               :*                  :*      *        :      *        ;      *    ?      *       ?      *       ?      *    9      *    9      *    >    9*                 3*               =*               3*       
