High_resolution/powerplant/Chizhou/OMI_NO2_201003.asc
ncols      200
nrows      200
xllcorner       115.585
yllcorner       28.7700
cellsize     0.0166667
NODATA_Value      -999.000
[rows 29 to 57 of 165, columns 0 to 66 of 200]
2.22830 2.22830 2.22830 2.22830 2.22830 2.22830 2.22830 2.22830 2.22830 2.33730 2.46031 2.37291 2.15077 1.95525 1.77286 2.36416 2.54347 2.58561 2.61711 2.61887 2.61887 2.61887 2.61887 2.61887 2.61887 2.66713 3.28091 3.51371 3.67949 3.80225 3.84083 3.84083 3.84083 3.79657 3.64531 3.64531 3.64531 3.64531 3.64531 3.64531 3.64531 3.64531 3.64531 3.64531 3.64531 3.64531 3.43385 2.62555 2.61047 2.59519 1.91496 2.18263 4.26393 4.26393 4.26393 4.26393 4.26393 4.26393 4.26393 4.26393 4.26393 4.26393 4.26393 4.35735 4.74773 5.25569 5.91360
2.22830 2.22830 2.22830 2.22830 2.22830 2.22830 2.20726 2.02997 1.86164 1.73539 1.71232 1.61755 1.65754 1.67083 1.67083 2.19785 2.61887 2.61887 2.61887 2.61887 2.61887 2.61887 2.61887 2.61887 2.70582 3.27035 3.75291 3.84083 3.84083 3.84083 3.84083 3.84083 3.84083 3.83901 3.66186 3.64531 3.64531 3.64531 3.64531 3.64531 3.64531 3.64531 3.64350 3.63629 3.62860 3.62096 3.58401 2.61292 2.55685 2.55685 2.15406 1.68949 4.00167 4.26393 4.26393 4.26393 4.26393 4.26393 4.35735 4.74773 5.25569 5.91360 6.79936 7.67792 7.72952 7.72952 7.72952
2.22830 2.22830 2.14497 1.98097 1.81713 1.65325 1.51047 1.52385 1.52847 1.52881 1.65537 1.67083 1.67083 1.67083 1.67083 1.90923 2.61887 2.61887 2.61887 2.61887 2.61887 2.61887 2.61887 2.61887 2.61887 3.21374 3.57151 3.84083 3.84083 3.84083 3.84083 3.84083 3.84083 3.84083 3.71908 3.64531 3.64531 3.64421 3.63740 3.62975 3.62211 3.61448 3.60864 3.60827 3.60827 3.60827 3.60827 3.03059 2.55685 2.55685 2.49476 1.69462 3.24155 4.35735 4.74773 5.25569 5.91360 6.79936 7.67792 7.72952 7.72952 7.72952 7.72952 7.72952 7.72952 7.72952 7.72952
1.77248 1.60877 1.52825 1.52847 1.52847 1.52847 1.52847 1.52847 1.52847 1.52847 1.61478 1.67083 1.69308 1.76511 1.78307 1.68616 2.55322 2.61887 2.61887 2.61887 2.61887 2.61887 2.61887 2.61887 2.61887 3.02834 3.42724 3.84083 3.84083 3.84083 3.84083 3.84083 3.82782 3.62912 3.43785 3.62327 3.61563 3.60909 3.53957 3.35714 3.19909 3.06254 3.10985 3.60827 3.60827 3.55896 3.40133 2.97983 2.55685 2.55685 2.55685 2.19022 3.69262 7.67792 7.72952 7.72952 7.72952 7.72952 7.72952 7.72952 7.72952 7.72952 7.72952 7.72952 7.72952 7.72952 7.72952
1.52847 1.52847 1.52847 1.52847 1.52847 1.52847 1.52847 1.53221 1.60157 1.68112 1.78196 1.90375 1.93425 1.93574 1.92378 1.67788 2.27976 2.61887 2.61887 2.61887 2.61887 2.61887 2.61887 2.61887 2.61887 2.78841 3.31867 3.82379 3.70999 3.45037 3.19111 2.93186 2.67058 2.51146 2.45319 3.08443 2.98179 2.87254 2.80670 2.80509 2.80509 2.72755 2.58120 3.12910 2.83810 2.56188 2.55685 2.55685 2.55685 2.55685 2.55685 2.55685 2.77048 7.55572 7.72952 7.72952 7.72952 7.72952 7.72952 7.72952 7.72952 7.72952 7.72952 7.72952 7.72952 7.40810 6.75878
1.52847 1.52847 1.52847 1.56138 1.64678 1.71861 1.77884 1.82834 1.84083 1.84083 1.84582 1.93359 1.93574 1.93574 1.93574 1.76154 1.99137 2.61887 2.61887 2.61887 2.61887 2.61887 2.61887 2.55637 2.30915 2.05081 2.65299 2.63334 2.44438 2.35528 2.27799 2.21028 2.15712 2.14945 2.14945 2.62059 2.80379 2.70508 2.52363 2.30524 2.03686 1.87779 1.87779 2.29407 2.55685 2.55685 2.55685 2.55685 2.55685 2.55685 2.55685 2.55685 2.55685 6.22634 7.72952 7.72952 7.72952 7.72952 7.72952 7.72952 7.40810 6.75878 6.10945 5.46012 4.81080 4.48289 4.48289
1.68757 1.75267 1.80772 1.84004 1.84083 1.84083 1.84083 1.84083 1.84083 1.84083 1.84083 1.91125 1.93574 1.93574 1.93574 1.84552 1.72459 2.59707 2.59978 2.38990 2.13040 1.86848 1.59599 1.38466 1.35828 1.34395 2.03747 2.30341 2.14945 2.14945 2.14945 2.14945 2.14198 1.98286 1.73127 1.77982 1.99809 1.87779 1.87779 1.87779 1.87779 1.87779 1.87779 2.09199 2.55685 2.55685 2.55685 2.55685 2.55685 2.55685 2.55685 2.55685 2.55685 4.68230 7.72952 7.40810 6.75878 6.10945 5.46012 4.81080 4.48289 4.48289 4.48289 4.48289 4.48289 4.48289 4.48289
1.84083 1.84083 1.84083 1.84083 1.84083 1.84083 1.84083 1.84083 1.84083 1.84083 1.84083 1.88392 1.93574 1.93574 1.96492 2.00684 1.89246 1.76816 1.41507 1.35131 1.33700 1.32531 1.32423 1.32423 1.32423 1.32423 1.65341 2.38463 2.13235 1.95109 1.69309 1.38090 1.01109 0.894333 0.894333 1.01048 1.87592 1.87779 1.87779 1.87779 1.87779 1.87779 1.87779 1.95290 2.55685 2.55685 2.55685 2.55685 2.55685 2.55685 2.53320 2.47138 2.40902 2.75141 4.80612 4.48289 4.48289 4.48289 4.48289 4.48289 4.48289 4.48289 4.48289 4.48289 4.48289 4.48289 4.35588
1.84083 1.84083 1.84083 1.84083 1.84083 1.84083 1.84083 1.84083 1.84083 1.84898 1.90336 1.97851 2.10284 2.15532 2.17865 2.16915 2.05143 1.72176 1.32423 1.32423 1.32423 1.32423 1.32423 1.32423 1.32423 1.32423 1.33304 1.70369 1.01672 0.894333 0.894333 0.894333 0.894333 0.894333 0.894333 0.894333 1.69561 1.87779 1.87779 1.87779 1.87779 1.87779 1.87779 1.87990 2.44746 2.54099 2.48119 2.41880 2.35644 2.29410 2.25539 2.25484 2.25484 2.25484 4.07301 4.48289 4.48289 4.48289 4.48289 4.48289 4.48289 4.36066 4.00444 3.73670 3.53292 3.37376 3.27907
1.84083 1.84083 1.84083 1.84083 1.84091 1.87449 1.93439 1.99424 2.05412 2.10582 2.11129 2.11109 2.15858 2.16525 2.16525 2.16525 2.10248 1.93089 1.32540 1.32423 1.32423 1.32423 1.32423 1.32423 1.32423 1.32423 1.32423 1.32423 1.06079 0.894333 0.894333 0.894333 0.894333 0.894333 0.894333 0.894333 1.39934 1.87779 1.87779 1.87779 1.87297 1.84484 1.81369 1.78249 2.01013 2.25741 2.25484 2.25484 2.25484 2.25484 2.25484 2.25484 2.25484 2.25484 3.41230 4.48289 4.36546 4.01067 3.74110 3.53577 3.37660 3.27968 3.27513 3.27513 3.27513 3.27513 3.27513
1.85048 1.90531 1.96516 2.02503 2.08480 2.11107 2.11105 2.11105 2.11105 2.11105 2.11105 2.11105 2.14303 2.16525 2.16525 2.15793 2.11150 2.01511 1.45155 1.32423 1.32423 1.32423 1.32423 1.32423 1.32423 1.32423 1.32423 1.32423 1.18262 0.894333 0.894333 0.894333 0.894333 0.894333 0.894333 0.901837 1.18255 1.81858 1.78738 1.75622 1.72985 1.70804 1.62695 1.54075 1.62073 2.25484 2.25484 2.25484 2.25484 2.25484 2.25484 2.26302 2.29387 2.24602 2.48424 3.37944 3.28023 3.27513 3.27513 3.27513 3.27513 3.27513 3.27513 3.27513 3.27513 3.27513 3.27513
2.10603 2.11105 2.11105 2.11105 2.11105 2.11105 2.11105 2.11105 2.11105 2.11105 2.10947 2.08752 2.07439 2.08591 2.04710 2.01605 2.01511 2.01511 1.66200 1.32423 1.32423 1.32423 1.32423 1.32423 1.32423 1.32423 1.32423 1.32423 1.29744 0.901211 0.894495 0.958413 1.07335 1.18833 1.30321 1.40646 1.36597 1.54293 1.48445 1.39834 1.31209 1.24478 1.23977 1.23977 1.28388 2.23973 2.25947 2.28926 2.31443 2.33312 2.34759 2.35700 2.35772 2.29347 2.17147 3.18262 3.27513 3.27513 3.27513 3.27513 3.27513 3.27513 3.27513 3.27513 3.27513 3.27513 3.27513
2.11105 2.11105 2.11105 2.11105 2.11105 2.11105 2.10043 2.07076 2.03563 1.99364 1.94594 1.93380 1.93735 2.01274 2.01511 2.01511 2.01511 2.01511 1.87223 1.32423 1.32423 1.32423 1.32423 1.32423 1.32423 1.32423 1.35689 1.46831 1.58324 1.37031 1.34278 1.30770 1.22164 1.13549 1.04929 0.967468 0.947160 1.12624 1.23977 1.23977 1.23977 1.24584 1.33437 1.43227 1.51462 2.12610 2.35622 2.35772 2.35772 2.35772 2.35772 2.35772 2.35772 2.34721 2.16578 2.86247 3.27513 3.27513 3.27513 3.27513 3.27513 3.27513 3.27513 3.24876 3.19169 3.13493 3.07828
2.11105 2.10860 2.08498 2.05244 2.01381 1.96722 1.93415 1.93380 1.93380 1.93380 1.93380 1.93380 1.93380 1.99287 2.01511 2.01511 2.01511 2.01511 2.01179 1.39504 1.32423 1.33583 1.43344 1.54837 1.65628 1.71886 1.74044 1.68309 1.62246 1.28833 0.947160 0.947160 0.947160 0.947160 0.947160 0.947160 0.948974 1.12832 1.41782 1.50241 1.57423 1.63328 1.64671 1.64671 1.64671 1.93913 2.35772 2.35772 2.35772 2.35772 2.35772 2.35772 2.35772 2.35772 2.21366 2.53197 3.27513 3.27513 3.24876 3.19214 3.13550 3.07885 3.02220 2.99192 2.99189 2.99189 2.99189
1.99070 1.94300 1.93380 1.93380 1.93380 1.93380 1.93380 1.93380 1.93380 1.93380 1.93380 1.93380 1.93380 1.96949 2.01511 2.01511 2.01512 2.01799 2.02414 1.71824 1.65392 1.69646 1.65307 1.59244 1.53875 1.53058 1.53058 1.53058 1.53058 1.41746 0.947160 0.947160 0.967449 1.01513 1.05516 1.08887 1.24971 1.46027 1.64061 1.64671 1.64671 1.64671 1.64671 1.64671 1.64671 1.76473 2.35772 2.35772 2.35772 2.35772 2.35772 2.35772 2.35772 2.30369 2.07741 1.89135 3.04686 3.02220 2.99192 2.99189 2.99189 2.99189 2.99189 2.99189 2.99189 2.99189 2.99189
1.92365 1.93380 1.93380 1.93380 1.93380 1.93380 1.93380 1.93380 1.93380 1.93380 1.93380 1.93380 1.93299 1.93387 1.95160 1.85600 1.72191 1.57649 1.45523 1.45493 1.53058 1.53058 1.53058 1.53058 1.53058 1.53058 1.53058 1.52985 1.52599 1.52021 1.12139 1.10932 1.12620 1.12645 1.12645 1.12645 1.16374 1.45085 1.59073 1.64671 1.64671 1.64671 1.64671 1.64671 1.64671 1.65338 2.28937 2.35772 2.32053 2.18422 2.04248 1.90081 1.75907 1.67143 1.64304 1.47377 2.59799 2.99189 2.99189 2.99189 2.99189 2.99189 2.99189 2.99189 2.94578 2.78098 2.60934
1.91207 1.93380 1.93380 1.93380 1.93380 1.93380 1.93380 1.93374 1.90750 1.81099 1.68173 1.50483 1.27815 1.13501 1.35361 1.39153 1.39153 1.39153 1.39153 1.40073 1.52762 1.53058 1.53044 1.52723 1.52344 1.52027 1.51759 1.51561 1.51540 1.51540 1.27295 1.12645 1.12645 1.12645 1.12645 1.12645 1.12645 1.39014 1.53220 1.64671 1.64671 1.64671 1.64671 1.63108 1.54511 1.45062 1.67891 1.78025 1.67569 1.67033 1.67033 1.67033 1.67033 1.67033 1.67033 1.50491 2.14925 2.99189 2.99189 2.94706 2.78269 2.61020 2.43942 2.26863 2.14396 2.13799 2.13799
1.89760 1.93267 1.93361 1.88892 1.79372 1.67030 1.50501 1.27400 1.11705 1.11306 1.11306 1.11306 1.11306 1.11306 1.27379 1.39153 1.39153 1.39153 1.39153 1.41314 1.50035 1.51837 1.51602 1.51540 1.51540 1.51540 1.51540 1.51540 1.51540 1.51540 1.38370 1.12645 1.12645 1.12645 1.12645 1.12645 1.12645 1.29220 1.47243 1.55950 1.46469 1.37024 1.27580 1.19693 1.19574 1.24899 1.43641 1.67033 1.67033 1.67033 1.67033 1.67033 1.67033 1.67033 1.65397 1.41293 1.32038 2.44112 2.27034 2.14439 2.13799 2.13799 2.13799 2.13799 2.13799 2.13799 2.13799
1.47035 1.46072 1.29201 1.12021 1.11306 1.11306 1.11306 1.11306 1.11306 1.11306 1.11306 1.11306 1.11306 1.11306 1.19404 1.39153 1.39153 1.39153 1.39153 1.43271 1.47580 1.51540 1.51540 1.51540 1.51540 1.51540 1.51540 1.51540 1.51540 1.51540 1.48934 1.13197 1.12645 1.12634 1.11431 1.09413 1.07401 1.12163 1.36156 1.26092 1.29356 1.36817 1.45393 1.55365 1.65489 1.67033 1.67033 1.67033 1.67033 1.66108 1.59847 1.52733 1.45623 1.38499 1.33018 1.15166 0.619822 1.91583 2.13799 2.13799 2.13799 2.13799 2.13799 2.13799 2.13799 2.13799 2.13799
1.11306 1.11306 1.11306 1.11306 1.11306 1.11306 1.11306 1.11306 1.11306 1.11306 1.11306 1.11306 1.11306 1.11306 1.12361 1.38218 1.39153 1.39153 1.39153 1.42199 1.44844 1.51502 1.51540 1.51540 1.51540 1.51540 1.51540 1.51540 1.51540 1.50904 1.48932 1.17027 1.06005 1.05722 1.10086 1.16067 1.22915 1.31094 1.82685 1.79352 1.67033 1.67033 1.67033 1.67033 1.66621 1.61047 1.53933 1.46816 1.39706 1.33507 1.32651 1.32651 1.32651 1.32651 1.32651 1.31480 0.666322 1.46681 2.13799 2.13799 2.13799 2.13799 2.13799 2.13799 2.13799 2.13799 2.05214
1.11306 1.11306 1.11306 1.11306 1.11306 1.11306 1.11306 1.11306 1.11306 1.11306 1.11306 1.11306 1.11306 1.11306 1.11306 1.31292 1.39153 1.39153 1.39153 1.40574 1.43828 1.50331 1.51540 1.51540 1.51303 1.49555 1.47540 1.45211 1.39779 1.34182 1.29901 1.26213 1.36876 1.43412 1.43551 1.43551 1.43551 1.43551 1.73111 1.86838 1.62251 1.55130 1.48016 1.40902 1.34201 1.32651 1.32651 1.32651 1.32651 1.32651 1.32651 1.32651 1.32651 1.32651 1.32651 1.32651 0.864213 1.01818 2.13799 2.13799 2.13799 2.05214 1.87513 1.69813 1.52112 1.34412 1.25296
1.11306 1.11306 1.11306 1.11306 1.11306 1.11306 1.11306 1.11306 1.11306 1.11306 1.11306 1.11306 1.11306 1.11306 1.11306 1.23319 1.39153 1.39153 1.39153 1.39165 1.43513 1.46438 1.44533 1.38329 1.32320 1.27838 1.23616 1.19697 1.18900 1.18900 1.18900 1.22446 1.43551 1.43551 1.43551 1.43330 1.42686 1.41852 1.51874 1.60221 1.35004 1.32651 1.32651 1.32651 1.32651 1.32651 1.32651 1.32651 1.32651 1.32651 1.32651 1.32651 1.32651 1.32651 1.32651 1.32651 1.08773 0.699407 1.66492 1.52112 1.34412 1.25296 1.25296 1.25296 1.25296 1.25296 1.32670
1.11306 1.11306 1.11306 1.11306 1.11306 1.11306 1.11306 1.11306 1.11306 1.11306 1.11306 1.11306 1.11306 1.11306 1.11306 1.15333 1.38312 1.28184 1.15504 1.02859 1.11388 1.15075 1.18932 1.18900 1.18900 1.18900 1.18900 1.18900 1.18900 1.18900 1.18536 1.16535 1.38273 1.41125 1.39730 1.38611 1.38600 1.38600 1.40117 1.57612 1.42414 1.32651 1.32651 1.32651 1.32651 1.32651 1.32651 1.32651 1.32651 1.32651 1.32651 1.33603 1.36746 1.39977 1.43204 1.46435 1.43071 0.785355 1.09625 1.25296 1.25296 1.25296 1.42543 1.92704 2.34895 2.69934 2.96128
1.11306 1.11306 1.11306 1.11306 1.11306 1.11306 1.11306 1.11306 1.11306 1.11306 1.11306 1.10590 1.07839 1.04968 1.02095 0.992230 0.757937 0.695966 0.695966 0.695966 0.862248 1.09064 1.18024 1.18900 1.18900 1.18822 1.17179 1.14631 1.11633 1.08049 1.04503 1.04098 1.20212 1.38600 1.38600 1.38600 1.38600 1.38600 1.38600 1.54646 1.50004 1.32651 1.32651 1.32651 1.32651 1.32651 1.33251 1.36237 1.39467 1.42696 1.45927 1.48206 1.48292 1.48292 1.48292 1.48292 1.48292 0.943122 1.27967 2.04854 2.44939 2.78339 3.01754 3.13540 3.25163 3.36728 3.48265
1.11306 1.11306 1.11306 1.11306 1.11306 1.11306 1.09786 1.06914 1.04044 1.01169 0.982981 0.961411 0.960188 0.960188 0.960188 0.960188 0.809212 0.695966 0.695966 0.695966 0.712725 1.05685 1.11066 1.12623 1.09240 1.05316 1.04098 1.04098 1.04098 1.04098 1.04098 1.04098 1.11524 1.38600 1.38600 1.38600 1.38600 1.38600 1.38600 1.49851 1.56813 1.33760 1.35727 1.38959 1.42189 1.45419 1.48045 1.47793 1.45229 1.48292 1.48292 1.48292 1.48292 1.48292 1.82419 2.35381 2.71793 2.80935 2.84460 3.24719 3.36504 3.48150 3.56820 3.57322 3.57322 3.57322 3.57322
1.11096 1.08860 1.05991 1.03118 1.00244 0.973748 0.960188 0.960188 0.960188 0.960188 0.960188 0.960188 0.960188 0.960188 0.960188 0.960188 0.878053 0.684964 0.677332 0.671720 0.667422 0.680518 0.841380 1.04098 1.04098 1.04098 1.04098 1.04098 1.04098 1.04098 1.04098 1.04098 1.05543 1.38012 1.38600 1.38600 1.38290 1.22410 0.979766 0.841517 1.13118 1.35280 1.44964 1.39855 1.35476 1.31689 1.28378 1.25682 1.27413 1.48292 1.48292 1.48292 1.46331 1.33583 2.17478 2.85945 2.76339 2.78717 3.25540 3.50512 3.57322 3.57322 3.57322 3.57322 3.57322 3.57322 3.57322
0.963030 0.960188 0.960188 0.960188 0.960188 0.960188 0.960188 0.960188 0.960188 0.960188 0.960188 0.960123 0.925399 0.877696 0.843454 0.817690 0.795173 0.670292 0.665483 0.665483 0.665483 0.672159 0.710754 1.03068 1.04098 1.04098 1.04098 1.04098 1.04098 1.04098 1.04098 1.04098 0.995744 0.991430 0.809144 0.564691 0.344807 0.336603 0.393999 0.438497 0.886491 1.07398 1.25196 1.25196 1.25196 1.25196 1.25196 1.24564 1.16897 1.18627 1.07025 0.926083 0.801666 0.785129 1.16660 2.68411 2.68449 2.68501 3.18393 3.41127 3.57322 3.57322 3.57322 3.57322 3.57322 3.57322 3.57322
0.960188 0.960188 0.960188 0.960188 0.960188 0.960188 0.960188 0.948253 0.897333 0.857793 0.828599 0.806188 0.797594 0.797594 0.797594 0.797594 0.797594 0.703504 0.665483 0.665483 0.665483 0.666623 0.695107 0.970542 1.04098 1.04098 1.04098 1.02192 0.911638 0.789527 0.665659 0.518354 0.408230 0.390504 0.462982 0.493935 0.513063 0.513922 0.513922 0.513922 0.771572 0.972585 1.24954 1.18409 1.08807 0.992012 0.895902 0.806213 0.786768 0.785984 0.785129 0.785129 0.785129 0.785129 0.785129 2.45587 2.68449 2.68449 3.01559 3.31738 3.57322 3.57322 3.57322 3.57322 3.59921 3.65395 3.70868
0.960188 0.960188 0.960188 0.922142 0.874232 0.840894 0.815720 0.799129 0.797594 0.797594 0.797594 0.797594 0.797594 0.797594 0.797594 0.797594 0.797594 0.741355 0.665483 0.665483 0.665483 0.665483 0.684032 0.828879 0.826384 0.693885 0.539364 0.402930 0.357927 0.324771 0.293088 0.285108 0.285108 0.336294 0.513922 0.513922 0.513922 0.513922 0.513922 0.513922 0.576867 0.592697 0.761021 0.786768 0.786768 0.786768 0.786768 0.786768 0.786768 0.786403 0.785129 0.785129 0.785129 0.785129 0.785129 1.95464 2.68449 2.68449 2.84678 3.32073 3.64570 3.70868 3.76341 3.81815 3.84688 3.84688 3.84688
