High_resolution/powerplant/Chizhou/OMI_NO2_200501.asc
ncols      200
nrows      200
xllcorner       115.585
yllcorner       28.7700
cellsize     0.0166667
NODATA_Value      -999.000
[rows 29 to 57 of 163, columns 0 to 66 of 200]
8.49386 8.13997 7.84623 6.84762 6.88060 6.91353 6.94651 6.98717 6.11026 5.83880 5.88525 6.12519 6.08384 6.04835 6.01281 5.97737 6.36550 7.34639 7.43770 8.18983 8.20483 8.29841 8.39396 8.48322 8.55890 8.57693 8.34767 8.37743 8.77475 9.21873 9.78713 9.93689 10.7614 11.5837 11.6307 11.6370 11.6370 11.6370 11.6369 11.6325 11.6261 11.6197 11.6133 11.6261 14.5347 15.8321 15.8265 15.9524 16.7553 17.3396 17.5254 17.4994 17.4994 17.4994 17.4994 17.4917 17.4728 17.3553 17.1697 16.9584 16.7178 16.6243 16.3675 16.7474 17.1025 17.1013 17.1013
6.74763 7.26865 8.79755 7.35881 7.35201 7.38973 7.42746 7.45740 6.84801 6.14451 6.14451 5.88195 5.80572 5.80572 5.80572 5.83512 5.95663 7.39996 7.48976 8.44096 8.56028 8.54059 8.52076 8.58760 8.97153 9.35082 9.59496 9.65048 9.65596 9.63637 9.81475 9.72961 10.0262 11.3152 11.4713 11.5947 11.5883 11.5819 11.5756 11.5735 11.5735 11.5735 11.5735 11.5736 13.1064 15.7930 15.8145 15.8473 16.5578 17.1466 17.4760 17.4303 17.4106 17.2908 17.0787 16.8739 16.6309 16.3396 16.1059 15.8984 15.7565 15.9593 15.9942 16.2516 16.9146 16.8103 16.7061
7.78280 7.78280 9.09329 7.79786 7.45986 7.45986 7.45986 7.45986 7.28088 6.14757 6.16300 6.07708 6.18205 6.47724 6.75350 6.98659 7.15083 7.49274 7.53473 8.19293 8.81420 9.09606 9.36208 9.54990 9.47511 9.36858 9.23218 8.84606 8.71716 8.62521 8.88245 8.95897 9.02565 10.7678 11.2141 11.5735 11.5735 11.5735 11.5735 11.5735 11.5763 11.5814 11.5864 11.5914 12.1524 15.4086 15.8428 15.8462 16.2094 16.7645 17.0720 16.8553 16.6142 16.3322 16.1254 15.9189 15.7506 15.6604 15.5679 15.4754 15.3829 15.4261 15.4460 15.5403 16.3513 16.4309 16.4309
7.78280 7.78280 8.98126 8.17008 7.45986 7.44787 7.39766 7.42036 7.43997 7.20274 7.38465 7.36641 7.05823 6.90264 6.74137 6.57273 6.39763 6.37185 6.68046 8.27448 8.93195 8.93195 8.93195 8.93195 8.93195 8.93195 8.93195 8.68958 8.62186 8.62186 8.80562 8.95897 8.97035 10.3056 11.0570 11.5885 11.5935 11.5986 11.6036 11.6086 11.6109 11.6109 11.6135 11.7514 11.8855 14.4086 15.4922 15.2969 15.2604 15.7200 16.1464 15.8430 15.5630 15.4535 15.3610 15.2685 15.1872 15.1752 15.1752 15.1752 15.1752 15.2399 15.4203 15.4537 16.1672 16.4309 16.4309
7.78200 7.38391 8.60169 8.23272 7.22597 7.10734 7.01058 6.84506 6.67206 6.43383 6.18657 6.06512 5.75570 5.75488 5.75488 5.75488 5.75488 5.81037 6.11340 7.91856 8.93195 8.93195 8.93195 8.93195 8.93195 8.94858 9.04580 9.00339 8.95123 9.05887 9.27353 9.61158 9.70880 10.0447 10.9809 11.5585 11.6109 11.6128 11.7489 11.9638 12.1783 12.4538 12.9360 13.3007 13.5771 13.2181 14.8614 14.7635 14.7483 14.6851 15.0880 15.1998 15.1752 15.1752 15.1695 15.1556 15.1418 15.1279 15.1140 15.1002 15.0863 15.0785 15.2911 15.2898 15.7859 16.2727 16.2588
5.88817 5.78466 7.68867 7.13357 6.24023 6.21206 6.21206 6.21206 6.21206 6.18776 6.09368 6.09249 5.79743 5.73967 5.73231 5.72498 5.71760 5.71027 6.02154 7.28284 9.07973 9.27374 9.38146 9.48934 9.59690 9.68806 9.69864 9.64107 9.38855 9.38855 9.41910 9.72523 9.72760 9.86699 11.3810 12.0199 12.3907 12.6305 12.9912 13.3851 13.7687 14.0929 14.2068 14.3029 14.3625 13.5868 14.4600 14.6896 14.6860 14.6199 14.7500 15.0157 14.9727 14.9573 14.9492 14.9491 14.9491 14.9491 14.9491 14.9491 14.9491 14.9491 15.1165 15.1964 15.4554 16.2485 16.2798
5.78466 5.78466 7.16949 7.35447 6.40114 6.19049 6.18315 6.17580 6.16845 6.16057 6.04731 6.02500 5.79036 5.63546 5.60920 5.58291 5.55665 5.53036 6.08529 7.26033 9.27831 9.69864 9.69864 9.69864 9.69864 9.69271 9.67686 9.66011 9.51193 9.73468 9.97613 10.4651 10.7671 10.9076 12.2423 13.2061 13.7424 14.0987 14.2020 14.1918 14.1916 14.1916 14.1916 14.1916 14.1916 13.6793 13.9303 14.5895 14.5895 14.6547 14.5425 14.9803 14.9578 14.9534 14.9590 14.9648 14.9707 14.9769 14.9831 14.9896 14.9963 15.0031 15.1212 15.2843 15.2548 15.9437 15.9159
5.78466 5.78466 6.50883 7.58216 6.58304 6.12162 6.09538 6.06907 6.04283 6.01652 5.91893 5.84941 5.69646 5.48096 5.46496 5.44904 5.43303 5.41709 5.63309 6.67128 8.70455 9.54338 9.52731 9.50219 9.46544 9.43474 9.43436 9.50851 10.2386 10.7808 11.0601 11.6479 12.1434 12.4823 13.2092 14.0994 14.1916 14.1916 14.1916 14.1916 14.1916 14.1916 14.1915 14.1850 14.1750 14.0065 13.2859 14.5680 14.5738 14.6966 14.3845 15.0111 15.0149 15.0161 15.0161 15.0161 15.0161 15.0161 15.0170 15.0186 14.8845 14.7022 14.5374 14.5697 14.2887 14.5583 14.6677
5.70541 5.60854 5.57617 7.49465 6.40796 5.73963 5.70088 5.66199 5.62315 5.58417 5.50967 5.38852 5.36162 5.29512 5.29512 5.29512 5.29512 5.29512 5.30121 6.40847 7.80926 9.51694 9.59771 9.68780 9.78938 9.89087 10.0840 10.4292 11.0916 12.1973 12.3650 12.4555 12.5861 12.5861 12.7869 14.0775 14.1519 14.1440 14.1324 14.1204 14.1079 14.0949 14.0816 14.0769 14.0769 14.0769 12.9942 14.2775 14.5602 14.6298 14.4163 14.9636 15.0401 15.0552 15.0702 15.0803 14.9524 14.7555 14.5577 14.2448 13.8592 13.4884 13.0964 13.3674 13.4816 13.7880 14.4845
4.60185 4.60185 4.60185 6.56626 6.36715 5.51763 5.49257 5.49257 5.49257 5.49257 5.48810 5.37862 5.37386 5.29693 5.26745 5.07450 4.77888 4.45901 4.12168 6.00963 7.52005 9.89120 10.0400 10.3569 10.7022 11.0476 11.2809 11.2874 11.3257 12.3234 12.3650 12.4056 12.5861 12.5861 12.4907 13.9512 14.0769 14.0769 14.0769 14.0769 14.0769 14.0769 14.0769 14.0859 14.1409 14.2025 13.4738 14.0232 14.8186 14.8737 14.6972 14.8796 14.9811 14.7692 14.5571 14.2600 13.8761 13.5236 13.1363 12.8727 12.8047 12.7165 12.6284 12.8580 13.0615 13.0499 14.0375
4.60185 4.60185 4.60185 5.87399 6.60374 5.67096 5.49257 5.49257 5.48268 5.28890 4.89376 4.60417 4.34423 3.92424 3.53175 3.40142 3.40142 3.40142 3.43493 5.43150 7.61725 10.3071 11.2592 11.2874 11.2874 11.2874 11.2874 11.2874 11.2874 12.0414 12.3650 12.3673 12.5741 12.5861 12.5575 13.4615 14.1045 14.1659 14.2274 14.2889 14.3504 14.4118 14.4734 14.5259 14.5323 14.5293 14.0261 13.5279 14.7774 14.5720 14.2957 13.8566 13.9086 13.5496 13.0915 12.7078 12.6083 12.5201 12.4320 12.3469 12.3231 12.3231 12.3231 12.4631 12.9326 12.9633 13.7686
4.60185 4.60185 4.60185 5.00390 6.41909 5.05502 4.30427 3.82189 3.30913 3.02071 3.01557 3.20895 3.50024 3.45414 3.40142 3.72467 4.30405 4.81720 5.25175 5.73144 8.06464 9.62377 11.2874 11.2874 11.2874 11.2874 11.2874 11.2874 11.2868 11.6716 12.2358 12.1564 12.2383 12.2186 12.1392 13.2518 14.5322 14.5323 14.5323 14.5323 14.5293 14.3482 14.0628 13.7774 13.3015 12.4264 11.6378 11.2724 13.3358 13.0288 12.4452 11.8478 12.4119 12.3345 12.3231 12.3231 12.3231 12.3231 12.3231 12.3212 12.3003 12.2746 12.2489 12.2306 12.7622 12.7879 13.2995
4.19501 3.87111 3.54751 3.22437 3.09948 3.17858 3.01557 3.01557 3.01557 3.01557 3.01557 3.22663 4.21965 4.72863 5.13570 5.33942 5.30280 5.26532 5.22787 5.19042 7.52674 8.54902 11.2261 11.1467 11.0672 10.9877 10.9084 10.8289 10.7501 10.8366 11.7940 11.7974 11.9085 12.0185 12.0185 12.5874 14.3476 14.0656 13.7791 13.4919 13.0991 12.4071 11.5550 10.5789 9.79276 9.52584 9.26996 8.94369 11.2569 11.4241 11.4050 11.3282 12.0763 12.0622 12.0365 12.0108 11.9852 11.9595 11.9339 11.9101 11.9054 11.9054 11.9054 11.9054 12.2999 12.5148 12.7502
3.08547 3.08547 3.08547 3.08547 3.08547 3.21358 3.01460 3.01354 3.49262 4.03178 4.51023 4.83022 5.12385 5.16190 5.04790 4.95118 4.85007 4.74998 4.64956 4.54948 6.24440 7.37148 10.4188 10.7198 10.7198 10.7198 10.7198 10.7198 10.7198 10.7198 11.5781 11.5862 11.3412 11.1928 10.8878 10.7357 12.3913 11.9958 11.0937 10.0781 9.11975 8.84501 8.80295 8.77847 8.76070 8.75984 8.75984 8.67500 10.2912 11.2423 11.2425 11.1918 11.7462 11.9054 11.9054 11.9054 11.9054 11.9054 11.9054 11.9054 11.9054 11.9054 11.9054 11.9054 12.1223 12.5148 12.5060
3.08547 3.08547 3.08547 3.08849 3.80019 4.62499 4.37772 4.62243 4.65340 4.55325 4.45303 4.35274 4.44565 4.54018 4.38068 4.33124 4.33003 4.31437 4.29462 4.27480 5.23393 7.24054 9.24876 10.5842 10.5645 10.5446 10.5562 10.6005 10.6449 10.6637 10.1947 9.53838 9.20712 8.43270 6.91779 5.17110 7.29795 8.75984 8.75984 8.75984 8.75984 8.75984 8.75984 8.75984 8.75984 8.75984 8.75984 8.74221 9.38467 11.2423 11.2423 11.2370 11.5637 11.9054 11.9054 11.9054 11.9054 11.9054 11.9054 11.9054 11.9054 11.9054 11.8488 11.5252 11.2407 11.4799 11.3254
3.45482 4.54439 5.43837 6.16336 6.42247 5.99588 4.46276 3.92841 3.84416 3.80181 3.75945 3.71704 3.75207 4.01986 4.04832 4.08992 4.07139 4.06725 4.06725 4.06725 4.21209 7.04451 8.18549 10.5940 10.4630 10.2550 9.99667 9.68014 9.33769 8.49989 7.13692 5.06798 3.52845 3.27116 3.33133 3.33133 5.64759 8.75984 8.75984 8.75984 8.75984 8.75984 8.75984 8.75984 8.75984 8.75984 8.75984 8.75984 8.63363 11.0745 11.2423 11.2434 11.4202 11.9054 11.9011 11.8668 11.8266 11.7865 11.7169 11.4527 11.2149 10.9790 10.7997 10.8873 10.9825 11.2010 11.2860
5.82879 5.77877 5.70809 5.63741 5.58408 5.54069 4.06246 3.50726 3.50726 3.50726 3.50726 3.50726 3.50889 3.85460 3.94900 4.06725 4.08145 4.14209 4.20635 4.27053 4.33471 5.73234 5.97895 8.79303 8.94694 8.62763 7.57535 6.33751 4.89216 4.09714 4.08900 3.09510 2.99663 3.19491 3.33133 3.33133 4.08942 8.63648 8.75984 8.75984 8.75984 8.75984 8.75984 8.75984 8.75984 8.75984 8.75984 8.68722 8.42668 10.0074 10.8281 10.7657 11.0556 11.6382 11.6457 11.5158 11.3201 11.1245 10.9580 10.9871 10.9888 10.9888 10.9888 10.9551 10.8854 10.9487 11.0197
5.58116 5.58116 5.58116 5.58116 5.58116 5.58116 4.51084 3.52967 3.50726 3.50726 3.50726 3.50501 3.48586 3.79506 4.10267 4.32412 4.37446 4.37803 4.38984 4.48283 4.58752 5.08424 5.32467 6.55349 5.21016 4.12877 4.09714 4.09714 4.09714 4.09714 4.09714 3.41331 2.99663 3.11863 3.33133 3.33133 3.61243 7.77243 8.73567 8.72917 8.62233 8.47400 8.32545 8.17722 8.02856 7.88034 7.73179 7.65619 7.61525 8.48558 10.5548 10.4581 10.7607 11.2319 11.0605 10.9888 10.9873 10.9395 10.8698 10.8001 10.7305 10.6609 10.5912 10.5553 10.5553 10.6090 10.8288
5.58116 5.58116 5.58116 5.58116 5.58116 5.58116 4.87639 3.65074 3.47024 3.45371 3.53048 3.63655 3.75381 4.09182 4.70634 4.92805 5.03603 5.11978 5.23007 5.29733 5.35335 5.55956 5.62429 5.80239 4.09714 4.09714 4.09714 4.09714 4.15225 4.27841 4.39696 4.18907 3.65191 3.78036 4.09681 4.16711 4.25604 6.20527 7.82927 7.70613 7.65619 7.65619 7.65619 7.65784 7.79404 8.01611 8.23666 8.64281 9.14884 9.12554 9.79438 9.40366 9.38601 10.4199 10.7149 10.6453 10.5772 10.5553 10.5553 10.5553 10.5553 10.5553 10.5553 10.5553 10.5553 10.5484 10.7636
5.58116 5.58116 5.56825 5.53111 5.49342 5.45573 5.52035 4.51752 4.27304 4.36390 4.38634 4.38634 4.38634 4.41148 5.05533 5.22543 5.33580 5.39031 5.40685 5.42997 5.47634 5.53423 5.92634 6.20901 4.99559 4.82064 4.87090 4.91735 4.92918 4.89474 4.86001 4.78203 3.99300 3.97117 4.19872 4.22192 4.22192 4.88385 7.70300 7.80733 8.01226 8.23405 8.45418 8.79002 9.13097 9.02673 8.84387 8.50457 8.00162 7.15568 6.68977 6.74358 7.03534 9.34740 10.3818 10.3503 10.3186 10.2870 10.2553 10.2237 10.1921 10.1604 10.1288 10.0972 10.0656 10.0421 10.2100
5.46740 5.42969 5.40493 5.40438 5.40438 5.40438 5.75163 5.01248 4.38634 4.38634 4.41296 4.51042 4.61272 4.71511 5.26329 5.56699 5.70082 5.74724 5.80507 5.86520 5.90305 5.94086 6.13339 6.04082 5.73313 4.79702 4.79627 4.79627 4.79627 4.79627 4.79627 4.79627 4.19259 3.97211 4.27487 4.56813 4.77769 4.98280 8.11813 8.18598 8.03113 7.84185 7.65845 7.34021 6.79154 6.66500 6.65356 6.64210 6.63064 6.45801 6.23631 6.59946 6.71718 8.37403 10.0410 10.0410 10.0410 10.0410 10.0410 10.0410 10.0410 10.0410 10.0410 10.0410 10.0410 10.0410 10.1308
5.40438 5.39642 5.29469 5.17407 5.06214 4.95783 4.93914 5.08240 4.81288 4.92211 4.99785 5.01094 5.04656 5.08436 5.39023 5.85342 6.01191 6.04974 6.07609 6.07703 6.07703 6.07760 6.16976 5.80976 6.30417 4.82508 4.83232 4.83953 4.84677 4.79574 4.68424 4.57280 4.62015 5.07004 5.16144 5.20782 5.65545 6.12868 6.56612 6.84820 6.70851 6.61940 6.61940 6.61940 6.61940 6.61940 6.61940 6.61940 6.61940 6.59684 6.11334 6.56954 6.60111 7.51379 10.0232 10.0410 10.0410 10.0410 10.0410 10.0410 10.0410 10.0410 10.0410 10.0410 10.0410 10.0186 9.92365
4.65159 4.57782 4.56166 4.60196 4.67558 4.66381 4.63180 5.06229 5.10754 5.18243 5.20266 5.21471 5.19931 5.18166 5.23428 5.81482 6.08702 6.12189 6.12671 6.13153 6.13636 6.14060 6.18918 5.97061 6.50510 4.96340 4.61495 4.49622 4.37755 4.31707 4.31707 4.33294 4.86298 6.04963 6.48119 6.82673 6.88637 6.88615 6.87329 6.87243 6.77152 6.61940 6.61940 6.61940 6.61940 6.61940 6.61940 6.61940 6.61940 6.61940 6.23370 6.41349 6.59946 7.06647 9.59826 10.0410 10.0410 10.0410 10.0256 9.98906 9.95228 9.89936 9.77368 9.62680 9.47933 9.35421 9.31765
4.30079 4.26262 4.22675 4.15982 4.06861 4.03540 4.01426 4.52365 4.96250 5.04890 5.04890 5.04890 5.04890 5.04890 5.04890 5.58597 6.01418 6.14124 6.14124 6.12259 6.04731 5.96820 5.88984 5.72799 5.85986 5.27753 4.31707 4.31707 4.63100 5.18089 5.66844 6.09013 6.17277 6.67800 6.72220 6.65792 6.60435 6.55307 6.49537 6.54636 6.82806 6.61940 6.61940 6.61940 6.61940 6.61940 6.61940 6.61940 6.61940 6.61940 6.38716 6.21323 6.53874 6.77166 8.76989 9.85357 9.81681 9.75872 9.63727 9.52638 9.41574 9.32120 9.29936 9.29886 9.29886 9.29886 9.23815
3.96365 3.96365 3.96365 3.96365 3.96365 3.96365 3.96365 4.26877 4.90820 5.04890 5.04890 5.04890 5.04890 5.04890 5.05587 5.37135 5.75604 5.90105 5.82194 5.76140 5.75756 5.75756 5.74115 5.67213 5.51071 5.76442 5.42418 5.80133 5.94453 5.90681 5.87046 5.83795 5.83159 6.14229 6.39880 6.39241 6.39044 6.39044 6.38551 6.39810 6.85871 6.63480 6.61940 6.60676 6.57632 6.54576 6.51521 6.48463 6.45407 6.42349 6.32495 5.87241 6.33030 6.39834 7.69482 9.50962 9.39890 9.30953 9.29886 9.29886 9.19948 8.99693 8.79426 8.59159 8.38891 8.18624 8.04428
3.96365 3.96365 3.96365 3.96365 3.96365 3.96365 3.96365 4.03103 4.85911 5.04357 5.08772 5.14327 5.19887 5.24534 5.22528 5.15803 5.19971 5.44163 5.36223 5.28290 5.19255 5.02275 4.85391 4.83612 4.77791 5.52065 5.80330 5.83159 5.83159 5.83159 5.83159 5.83159 5.80213 5.88502 6.24898 6.18376 6.10315 6.01872 5.93331 5.84984 6.04903 6.32011 6.41060 6.39266 6.39255 6.39255 6.39179 6.33912 6.25497 6.15582 5.73232 4.94481 5.39361 5.81685 6.46916 8.89874 8.75055 8.54780 8.34520 8.14266 8.03924 8.03924 8.03924 8.03924 8.03924 8.03924 8.03924
3.96365 3.96365 3.96365 3.96365 3.96500 4.06396 4.23598 4.40074 4.74088 4.86274 4.84840 4.76886 4.68959 4.61931 4.60851 4.60863 4.64447 4.97731 4.88190 4.77598 4.68116 4.66557 4.66532 4.69011 4.75492 5.21731 5.47965 5.54105 5.47946 5.40041 5.31593 5.23158 5.17674 5.16302 5.66054 5.66937 5.65606 5.65606 5.65607 5.66461 5.83967 6.17612 6.33912 6.25497 6.17083 6.08615 5.74526 5.24255 4.77221 4.31599 4.18482 4.04526 4.54199 5.79813 6.16432 7.70946 8.00674 7.99010 7.97343 7.95676 7.94003 7.92342 7.90672 7.89008 7.87343 7.85679 7.84004
4.40256 4.55030 4.69671 4.83716 4.97120 5.03147 5.03176 5.03176 4.68963 4.51580 4.60851 4.60851 4.60851 4.57180 4.45947 4.33826 4.23378 4.51793 4.59653 4.58122 4.56592 4.55232 4.55635 4.57477 4.61138 4.70346 4.93209 5.12527 5.10251 5.09721 5.09721 5.09721 5.09721 5.09721 5.47208 5.66365 5.65556 5.62044 5.56434 5.51428 5.53780 5.74704 5.76789 5.28875 4.80302 4.31862 4.09087 4.07639 4.06189 4.04733 4.03283 3.95327 3.82597 5.52711 5.80308 7.05724 7.76862 7.76862 7.76862 7.76862 7.76862 7.76862 7.76862 7.76862 7.76862 7.76862 7.76862
5.02721 5.03176 5.03176 5.03176 5.03176 5.03638 5.05786 5.08080 4.91401 4.51571 4.41859 4.29742 4.17616 4.09175 4.08374 4.10114 4.13263 4.40490 4.61945 4.64298 4.66656 4.68840 4.69290 4.69290 4.59374 4.53699 4.80099 5.03286 5.02103 4.98396 4.94705 4.91005 4.88375 4.86634 4.98903 5.12552 5.24919 5.25883 5.18496 4.88536 4.57930 4.32620 3.98303 3.97317 3.97317 3.97317 3.97317 3.97317 3.97317 3.97317 3.97317 3.96797 3.73312 4.97727 5.64807 6.61384 7.76862 7.76862 7.76862 7.76862 7.76862 7.76862 7.76862 7.76862 7.81084 7.92416 8.03085
