High_resolution/powerplant/Chizhou/OMI_NO2_200905.asc
ncols      200
nrows      200
xllcorner       115.585
yllcorner       28.7700
cellsize     0.0166667
NODATA_Value      -999.000
[rows 116 to 144 of 200, columns 0 to 66 of 200]
2.55263 2.55263 2.55263 2.55263 2.55263 3.09429 3.23005 3.23005 3.23005 3.23005 3.23005 3.23005 3.23005 3.23005 3.23005 3.23005 3.23005 3.29923 3.39902 3.39902 3.41388 3.57061 3.64513 3.61067 3.56867 3.55524 3.55482 3.55440 3.54848 3.54373 3.54665 3.53575 3.52482 3.52666 3.70057 3.70430 3.70430 3.70395 3.63787 3.63265 3.63265 3.63265 3.46874 3.30191 3.30191 3.30191 3.30191 3.30191 3.30191 3.31958 3.82541 3.84524 3.95985 4.13693 4.07698 4.03543 4.37975 4.38399 4.38399 4.38399 4.38399 4.38399 4.38399 4.38399 4.38399 4.65229 5.51509
2.55263 2.55263 2.55263 2.55263 2.55263 2.90090 3.23005 3.23005 3.23005 3.23005 3.23005 3.23005 3.23005 3.23005 3.23005 3.23005 3.22950 3.19452 3.24837 3.15465 3.07226 3.33579 3.55110 3.54265 3.53217 3.52166 3.51118 3.50068 3.49569 3.49640 3.51483 3.51569 3.51569 3.51569 3.65818 3.70430 3.70430 3.70430 3.65406 3.63265 3.63265 3.63265 3.53664 3.30191 3.30191 3.30191 3.30191 3.30150 3.29716 3.29184 3.67645 3.82521 3.83299 3.99553 4.00060 4.00060 4.29291 4.38399 4.38399 4.38399 4.38399 4.38399 4.38399 4.38399 4.41938 4.58737 5.48866
0.00000 2.55263 2.55263 2.55263 2.55263 2.62168 3.22040 3.23005 3.23005 3.23005 3.23005 3.23005 3.23001 3.18028 3.08651 2.99271 2.89947 2.85009 2.97191 2.98448 2.96348 3.16543 3.49779 3.49569 3.49569 3.49569 3.49569 3.49569 3.49569 3.49569 3.50921 3.51569 3.51569 3.51569 3.60545 3.70430 3.70430 3.70430 3.67059 3.63265 3.63265 3.63265 3.59706 3.30140 3.29693 3.29161 3.28630 3.28140 3.28044 3.28044 3.51910 3.82409 3.82409 3.94949 4.00060 4.00060 4.19230 4.38399 4.39419 4.51864 4.67440 4.83042 4.98627 5.14212 5.26275 5.27100 5.44022
0.00000 2.55263 2.55263 2.55263 2.55263 2.55263 3.11308 3.23005 3.23005 3.18720 3.09351 2.99971 2.88808 2.79332 2.74188 2.69047 2.63906 2.59942 2.77651 2.91874 2.91874 3.05018 3.46513 3.49569 3.49569 3.49569 3.49569 3.49569 3.49569 3.49569 3.50288 3.51569 3.51569 3.51569 3.55272 3.70430 3.70430 3.70430 3.68713 3.63219 3.62874 3.62475 3.62019 3.31533 3.28044 3.28044 3.28044 3.28044 3.28044 3.28044 3.36791 3.82409 3.82421 3.95202 4.16198 4.26594 4.53069 5.09369 5.23943 5.27100 5.27100 5.27100 5.27100 5.27100 5.27100 5.27100 5.37258
0.00000 2.55263 2.55263 2.55263 2.55263 2.55263 2.86148 2.98159 2.83637 2.73392 2.68246 2.63102 2.59748 2.59677 2.59677 2.59677 2.59677 2.59677 2.68557 2.91874 2.91874 3.00298 3.39627 3.49569 3.49569 3.49569 3.49569 3.49569 3.49569 3.49569 3.49700 3.51529 3.51569 3.51569 3.51677 3.68697 3.70021 3.69623 3.68985 3.61884 3.61655 3.61655 3.61655 3.39872 3.28044 3.28044 3.28044 3.29772 3.38127 3.47111 3.56138 4.19061 4.36878 4.43236 4.59069 4.59195 4.66052 5.27100 5.27100 5.27100 5.27100 5.27100 5.27100 5.27100 5.27100 5.27100 5.30547
0.00000 0.00000 2.48138 2.38336 2.28051 2.17771 2.15609 2.59289 2.59677 2.59677 2.59677 2.59677 2.59677 2.59677 2.59677 2.59677 2.59677 2.59677 2.60707 2.90630 2.91874 2.94564 3.31868 3.49569 3.49569 3.49569 3.49569 3.49569 3.49569 3.49569 3.49569 3.50960 3.51143 3.50745 3.50347 3.62023 3.68819 3.68819 3.68819 3.63244 3.61655 3.61710 3.65907 3.59916 3.51682 3.60685 3.69664 3.76920 3.77568 3.77568 3.77483 4.15995 4.40853 4.40546 4.53961 4.57583 4.57366 5.18357 5.27100 5.27100 5.27100 5.27100 5.27530 5.36792 5.49538 5.62283 5.74960
0.00000 0.00000 2.02233 2.02233 2.02233 2.02233 2.02233 2.51403 2.59677 2.59677 2.59677 2.59677 2.59677 2.59677 2.59677 2.59677 2.59677 2.59677 2.59677 2.82573 2.91874 2.91874 3.21754 3.49569 3.49569 3.49569 3.49569 3.49463 3.48696 3.47900 3.48204 3.50594 3.54299 3.55838 3.57369 3.65655 3.80682 3.88518 3.95538 3.98703 4.05626 4.13618 4.17472 4.09392 3.75597 3.75289 3.74982 3.74676 3.74367 3.74061 3.73840 3.94958 4.37805 4.37805 4.46037 4.55456 4.55456 4.98273 5.28235 5.38833 5.51574 5.64319 5.76635 5.80119 5.80119 5.80119 5.80119
0.00000 0.00000 2.02233 2.02233 2.02233 2.02233 2.02233 2.36780 2.59677 2.59677 2.59677 2.59677 2.59677 2.59677 2.59677 2.59677 2.59677 2.59677 2.59677 2.73480 2.91874 2.91874 3.08743 3.67005 3.68716 3.69373 3.69996 3.68441 3.66095 3.63778 3.60358 3.55070 3.50839 3.43215 3.35571 3.33424 3.96624 3.93826 3.91312 4.01607 4.23886 4.23886 4.23886 4.21125 3.74050 3.73830 3.73830 3.73830 3.73830 3.73830 3.73830 3.78097 4.36988 4.37805 4.41213 4.64639 4.73136 5.12608 5.77977 5.80119 5.80119 5.80119 5.80119 5.80119 5.80119 5.80119 5.80119
0.00000 0.00000 2.02233 2.02233 2.02233 2.02233 2.02233 2.14073 2.59576 2.59677 2.59677 2.59677 2.59677 2.59677 2.59677 2.59677 2.59677 2.59677 2.59677 2.64291 2.90404 2.88644 2.81655 3.32408 3.40361 3.36380 3.29627 3.24298 3.20426 3.16542 3.12657 3.10689 3.13708 3.14531 3.14531 3.14531 3.75684 3.91252 3.91252 3.94134 4.23827 4.23886 4.23886 4.23886 3.83061 3.73830 3.73830 3.73830 3.73830 3.73830 3.74531 3.78092 4.31687 4.49785 4.53029 4.85010 4.90802 5.06124 5.80119 5.80119 5.80119 5.80119 5.80119 5.80119 5.80119 5.80119 5.80119
0.00000 0.00000 0.00000 2.02233 2.02233 2.02233 2.02233 2.02233 2.53052 2.59677 2.59677 2.59677 2.59677 2.59677 2.59677 2.59619 2.58345 2.56584 2.54822 2.53162 2.78866 2.75903 2.61782 2.89616 3.15234 3.11559 3.10689 3.10689 3.10689 3.10689 3.10689 3.10689 3.12502 3.14531 3.14531 3.14531 3.54165 3.91252 3.91252 3.91252 4.19180 4.23886 4.23886 4.23886 3.95213 3.73830 3.74628 3.78246 3.82104 3.85962 3.89118 3.89414 4.21472 4.53389 4.53389 4.73446 4.90802 4.92837 5.77033 5.80119 5.80119 5.79742 5.70499 5.57538 5.44547 5.31585 5.18601
0.00000 0.00000 0.00000 2.02233 2.02233 2.02233 2.02645 2.02679 2.39220 2.59677 2.59677 2.59649 2.58483 2.56722 2.54961 2.55222 2.60289 2.65928 2.71560 2.77192 2.59290 2.43534 2.43416 2.63070 3.10689 3.10689 3.10689 3.10689 3.10689 3.10689 3.10689 3.10689 3.11297 3.14531 3.14531 3.14531 3.32641 3.91252 3.91252 3.91252 4.11648 4.23886 4.24561 4.27313 4.13013 3.86117 3.89176 3.89414 3.89414 3.89414 3.89414 3.89414 4.03792 4.53389 4.53389 4.61882 4.87089 4.78462 5.25575 5.35657 5.22681 5.10088 5.06348 5.06348 5.06348 5.06348 5.06348
3.74240 3.74240 3.74240 3.56024 2.68513 2.77607 2.85700 2.32601 2.17633 2.56860 2.57913 2.61815 2.66859 2.72497 2.78136 2.81800 2.81879 2.81879 2.81879 2.81879 2.70403 2.43534 2.43534 2.45763 3.10689 3.10689 3.10689 3.10689 3.10689 3.10689 3.10689 3.10689 3.10689 3.13934 3.14531 3.14531 3.15782 3.86588 3.92010 3.94795 4.10552 4.33215 4.35432 4.35574 4.27762 3.89414 3.89414 3.89414 3.89414 3.89414 3.90686 3.98896 4.09007 4.28152 4.17812 4.09489 4.38252 4.41621 4.71163 5.06348 5.06348 5.06348 5.06348 5.06348 5.06348 5.06348 5.06348
3.74240 3.74240 3.74240 3.74240 3.00855 2.91991 2.97627 2.78456 2.43550 2.76929 2.81879 2.81879 2.81879 2.81879 2.81879 2.81879 2.81879 2.81879 2.81879 2.81879 2.80180 2.44580 2.43534 2.32494 3.05786 3.10689 3.10689 3.10689 3.10689 3.10689 3.10689 3.10689 3.10689 3.12728 3.15375 3.18190 3.21082 3.75758 4.02833 4.02941 4.08276 4.35574 4.35574 4.35574 4.34654 3.95850 4.03520 4.12767 4.22015 4.31263 4.39239 4.40282 4.40282 4.16052 4.04203 4.03909 4.26249 4.40441 4.56347 5.06348 5.06348 5.06348 5.06348 5.06348 5.06348 5.05909 5.01740
3.74240 3.74240 3.74240 3.74240 3.37690 3.17345 3.17345 3.09209 2.60450 2.75102 2.81879 2.81879 2.81879 2.81879 2.81879 2.81879 2.81879 2.81879 2.81879 2.81879 2.81879 2.53714 2.43534 2.37277 2.90271 3.10689 3.10689 3.10689 3.10689 3.10689 3.20562 3.58556 3.98329 4.12700 3.26141 3.26208 3.26005 3.56001 4.02197 4.02868 4.08907 4.45690 4.54700 4.61116 4.67456 4.47210 4.38593 4.38152 4.37713 4.37272 4.36831 4.36390 4.35950 4.21250 3.99003 3.98854 4.10067 4.36267 4.41270 5.06317 5.06348 5.05499 5.00915 4.95895 4.90877 4.86295 4.85442
3.74240 3.74240 3.74240 3.74240 3.57259 3.17345 3.17345 3.16619 2.65120 2.67634 2.81879 2.81879 2.81879 2.81879 2.81879 2.81879 2.81879 2.81879 2.81879 2.81879 2.81879 2.64531 2.43534 2.42769 2.72480 3.08540 3.16107 3.52821 3.92330 4.31805 4.61440 4.63913 4.67265 4.69933 3.50717 3.45863 3.55601 3.74588 4.56471 4.66302 4.70852 4.68147 4.64934 4.64861 4.64861 4.49882 4.34927 4.34927 4.34927 4.34927 4.34927 4.34927 4.34927 4.30609 3.98884 3.98854 4.00126 4.33711 4.32097 4.83381 4.90050 4.85881 4.85442 4.85442 4.85442 4.85442 4.85442
3.74240 3.74240 3.74240 3.74240 3.74024 3.20717 3.17345 3.17345 2.85708 2.60569 2.80511 2.81879 2.81879 2.81879 2.81879 2.81879 2.81879 2.81879 2.81879 2.81879 2.81879 2.75360 2.55574 3.27040 3.79765 4.47817 4.83508 4.90016 4.93982 5.02163 5.11970 5.20784 5.26972 5.33027 4.53740 3.96123 3.96123 3.96123 4.65088 4.78594 4.78594 4.72100 4.64861 4.64861 4.64861 4.56039 4.34927 4.34927 4.34927 4.34927 4.34927 4.34927 4.34927 4.32848 3.95954 3.83631 3.76986 4.06499 4.22329 4.57064 4.85442 4.85442 4.85442 4.85442 4.85442 4.85442 4.85442
3.74240 3.74240 3.74240 3.74240 3.74240 3.31356 3.17345 3.17345 3.00964 2.60450 2.75916 2.81879 2.81879 2.81879 2.81879 2.81879 2.81879 2.81879 2.90800 3.59271 4.38816 5.18245 5.51821 5.57794 5.24535 5.16946 5.23048 5.29104 5.34942 5.36562 5.36562 5.36562 5.36562 5.36562 4.97815 3.96123 3.96123 3.96123 4.42156 4.78594 4.78594 4.75248 4.64861 4.64861 4.64861 4.61517 4.34927 4.34927 4.34927 4.32620 4.26072 4.19427 4.12782 4.08216 3.87640 3.71995 3.71995 3.90748 4.22329 4.42843 4.85442 4.85442 4.85442 4.85442 4.85220 4.67980 4.40127
3.74240 3.74240 3.74240 3.74240 3.74240 3.46654 3.17345 3.17345 3.11738 2.60450 2.68914 2.81879 2.81879 2.81879 2.88118 3.53157 4.32702 5.12185 5.85544 6.04602 6.12784 6.20966 6.17322 6.19401 5.86129 5.35825 5.36562 5.36562 5.36562 5.36562 5.36562 5.36562 5.36562 5.36562 5.33402 4.04591 3.96123 3.96123 4.19209 4.78594 4.78594 4.78101 4.65165 4.64861 4.64861 4.62884 4.28886 4.19145 4.12502 4.08165 4.08068 4.08068 4.08068 4.08068 3.97615 3.71995 3.71995 3.75863 4.21655 4.24493 4.49111 4.21226 3.93373 3.65535 3.37872 3.27275 3.27275
3.74240 3.74240 3.74240 3.74240 3.66175 3.45892 2.98103 2.89947 2.81966 2.62110 2.62990 3.42576 4.26557 5.09980 5.91464 6.14088 6.22270 6.30452 6.35907 6.36038 6.36038 6.36038 6.30983 6.20276 6.11864 5.35089 5.36562 5.36562 5.36562 5.36562 5.36562 5.36562 5.36562 5.36562 5.36562 4.45501 3.96123 3.96123 3.99061 4.75798 4.78594 4.76506 4.60766 4.52816 4.47833 4.44755 4.20778 4.08068 4.08068 4.08068 4.08068 4.08068 4.08068 4.06679 3.93145 3.36815 3.16595 2.98026 3.17437 3.17326 3.26520 3.27275 3.27275 3.27275 3.27275 3.27275 3.27275
3.34302 3.18700 3.03108 2.87562 2.80025 2.80025 2.71790 2.82256 3.02553 3.34069 3.64978 5.26876 6.31757 6.36038 6.36038 6.36038 6.36038 6.36038 6.36038 6.36038 6.36038 6.36038 6.35122 6.20552 6.20276 5.43409 5.36562 5.36562 5.36562 5.36562 5.36562 5.36562 5.36562 5.36562 5.36562 4.89557 3.96123 3.93834 3.88855 4.43548 4.61356 4.58466 4.50832 4.44716 4.44716 4.44716 4.28956 4.08068 4.01574 3.87268 3.72971 3.58641 3.44351 3.31411 3.29162 2.83011 2.66550 2.66550 2.88969 3.17103 3.24083 3.27275 3.27275 3.27275 3.27275 3.27275 3.27275
2.80025 2.80025 2.80025 2.95121 3.20932 3.38522 3.45418 3.49779 3.51808 3.62000 3.87699 4.60736 6.36038 6.36038 6.36038 6.36038 6.36038 6.36038 6.36038 6.36038 6.36038 6.36038 6.36038 6.24077 6.20276 5.58691 5.36562 5.36562 5.36562 5.36562 5.36562 5.36562 5.36562 5.30816 5.17068 4.96647 3.81720 3.75982 3.75978 4.12713 4.58449 4.58454 4.52881 4.34467 4.23805 4.13150 3.90634 3.37393 3.30716 3.31840 3.32979 3.34122 3.35263 3.36404 3.37543 3.09838 2.77213 2.78355 2.86380 3.30724 3.29379 3.27275 3.27275 3.27275 3.21996 3.03994 2.85435
3.16765 3.35604 3.49084 3.55239 3.55269 3.55269 3.54408 3.51808 3.51808 3.54427 3.87602 3.94926 6.23223 6.36038 6.36038 6.36038 6.36038 6.36038 6.36038 6.36038 6.36038 6.36038 6.36038 6.28538 6.20276 5.79469 5.36588 5.36867 5.36941 5.32237 5.18703 5.04975 4.91241 4.83258 4.83277 4.83475 4.08831 3.83578 3.95573 4.15249 4.28207 4.18744 4.08937 3.94234 3.95076 3.95932 3.93643 3.43285 3.43110 3.43110 3.43110 3.43110 3.43110 3.43110 3.43110 3.31565 2.80499 2.80499 2.80499 3.22133 3.24404 3.01054 2.82495 2.63937 2.50664 2.50109 2.50109
3.55269 3.55269 3.55269 3.55269 3.55269 3.55269 3.55255 3.52060 3.51808 3.51808 3.79489 3.87699 5.51851 6.36038 6.36038 6.36038 6.36038 6.36038 6.36038 6.36038 6.36038 6.36038 6.36038 6.32951 6.20276 5.97550 5.20910 5.10654 4.98035 4.90195 4.91185 4.92600 5.01222 5.13212 5.25232 5.37108 5.05516 4.48206 4.48281 4.48233 4.17855 4.13971 4.13971 3.99589 3.97344 3.97344 3.97344 3.52829 3.43110 3.43110 3.43110 3.43110 3.43110 3.43110 3.43110 3.42872 2.80429 2.61763 2.49108 2.62524 2.78178 2.50428 2.50109 2.50109 2.50109 2.50109 2.50109
3.55269 3.55269 3.55269 3.55269 3.55269 3.55269 3.55269 3.52832 3.51808 3.51808 3.68493 3.87699 4.73252 6.36038 6.36038 6.36038 6.36038 6.36038 6.36038 6.36038 6.36038 6.29837 6.03693 5.76005 5.34166 5.12909 4.93546 5.08316 5.19127 5.29956 5.40780 5.51361 5.54759 5.54759 5.54759 5.54759 5.44531 4.49034 4.48281 4.48281 4.27393 4.13971 4.13971 4.03415 3.97344 3.97344 3.97344 3.66065 3.43110 3.43110 3.43110 3.43105 3.36429 3.23780 3.11125 2.98466 2.52332 2.29266 2.29266 2.39792 2.79389 2.57016 2.50109 2.50109 2.50109 2.50109 2.50109
3.55269 3.55269 3.55269 3.55269 3.55269 3.55269 3.55269 3.53799 3.51808 3.51808 3.59689 3.87699 4.01308 6.29382 6.36038 6.36038 6.36038 6.31222 6.05922 5.78307 5.50713 5.30978 5.35103 5.40860 5.69635 6.06300 5.69243 5.54759 5.54759 5.54759 5.54759 5.54759 5.54759 5.54759 5.54759 5.54759 5.54759 4.71912 4.48281 4.48281 4.36966 4.13971 4.13971 4.07249 3.97344 3.97344 3.97344 3.77686 3.35840 3.23175 3.10516 2.97861 2.91877 2.91877 2.91877 2.91877 2.69636 2.29266 2.29266 2.29521 2.74222 2.64669 2.50013 2.49607 2.49176 2.48745 2.48314
3.55269 3.55269 3.55269 3.55269 3.55269 3.55269 3.55269 3.50344 3.38960 3.29196 3.20478 3.84803 3.87699 5.60764 6.08141 5.80525 5.55460 5.38392 5.41861 5.47615 5.53372 5.57449 5.57610 5.57610 5.82088 6.27267 5.86992 5.54759 5.54759 5.54759 5.54759 5.54759 5.54759 5.54759 5.54759 5.54759 5.54759 5.05034 4.48281 4.48281 4.46059 4.14458 4.13971 4.11005 3.91435 3.81940 3.72441 3.51700 2.91877 2.91877 2.91877 2.91877 2.91877 2.91877 2.91877 2.91877 2.85962 2.29242 2.28732 2.28445 2.57921 2.69400 2.47681 2.47657 2.47657 2.47657 2.47657
3.55269 3.49998 3.35439 3.20747 3.06037 2.91300 2.76608 2.66653 2.88050 2.91493 2.76250 3.12205 3.13410 3.93351 5.48609 5.54373 5.57598 5.57610 5.57610 5.57610 5.57610 5.57610 5.57610 5.57610 5.63122 6.26658 6.07649 5.54614 5.54759 5.54759 5.54759 5.54759 5.54759 5.54759 5.54759 5.54759 5.54759 5.38140 4.48281 4.48143 4.41922 4.05956 3.88626 3.79076 3.59982 3.58920 3.58920 3.57492 2.94120 2.91877 2.91877 2.88337 2.78671 2.68892 2.59112 2.49376 2.40182 2.29686 2.27631 2.27631 2.41958 2.74597 2.47657 2.47657 2.47657 2.47657 2.47657
2.76022 2.66547 2.66387 2.66387 2.66387 2.65979 2.45375 2.17751 2.23692 2.36343 2.35729 2.63973 3.04741 3.27006 5.55005 5.57610 5.57610 5.57610 5.57610 5.57610 5.57610 5.57610 5.57610 5.57610 5.57610 6.12608 6.25861 5.56431 5.54759 5.54759 5.54759 5.54759 5.54759 5.54759 5.54759 5.54515 5.39320 5.15334 4.31993 4.13129 4.09856 3.92969 3.75546 3.75546 3.63683 3.58448 3.52610 3.44941 2.82504 2.54174 2.44394 2.38131 2.35436 2.31579 2.27723 2.23866 2.19996 2.10616 2.01830 1.97974 1.95512 2.37747 2.45737 2.47657 2.47657 2.47657 2.47657
2.66275 2.63137 2.47579 2.21996 2.00121 1.81385 1.74993 1.74993 1.87125 2.37247 2.37247 2.48424 3.04741 3.04741 4.97138 5.57610 5.57610 5.57610 5.57610 5.57610 5.57610 5.57610 5.57610 5.57610 5.57610 5.93022 6.27267 5.66642 5.54759 5.54188 5.50482 5.46199 5.28554 5.00321 4.72157 4.44166 4.31183 4.26959 3.95666 3.67659 3.61338 3.43437 3.00376 2.87613 2.63154 2.35794 2.27201 2.20451 2.10404 2.00218 1.96362 1.92562 1.91284 1.91284 1.91284 1.91284 1.91284 1.88636 1.80831 1.80831 1.80831 2.14390 2.41042 2.46245 2.44001 2.41757 2.39513
