High_resolution/powerplant/Chizhou/OMI_NO2_200809.asc
ncols      200
nrows      200
xllcorner       115.585
yllcorner       28.7700
cellsize     0.0166667
NODATA_Value      -999.000
[rows 145 to 173 of 200, columns 0 to 66 of 200]
4.19479 4.69364 4.57915 4.57899 4.57899 4.58692 4.63023 4.68267 4.72246 4.73314 4.69790 4.65957 4.66813 5.55584 5.31113 4.70120 4.04045 4.13776 4.14127 4.14127 4.14127 4.14127 4.14127 4.14127 4.14127 4.14262 4.30020 4.31484 4.11999 3.88924 3.76031 3.57536 3.57418 3.57418 3.57418 3.57356 3.49760 3.23441 3.13866 3.12287 3.05543 3.08875 3.07095 3.02562 2.81540 2.71701 2.69481 2.64409 2.61592 2.31421 2.29204 2.27679 2.26222 2.25729 2.25554 2.25379 2.25204 2.25030 2.26859 2.37372 2.22553 3.00016 3.02582 3.05259 3.08136 3.11192 3.14459
4.48344 4.73523 4.57989 4.56952 4.58486 4.59225 4.55851 4.52015 4.50185 4.50185 4.50185 4.50185 4.50185 5.09205 5.46923 4.75282 4.13691 4.11971 4.14127 4.14127 4.14127 4.14127 4.14127 4.14127 4.14127 4.14127 4.25175 4.31484 4.18769 3.93907 3.81430 3.59094 3.55858 3.53502 3.51156 3.48640 3.45213 3.13923 3.05294 3.01950 2.92045 2.85150 2.81543 2.77590 2.55764 2.62190 2.62621 2.55942 2.55795 2.32769 2.22839 2.22839 2.22839 2.22839 2.22839 2.22839 2.22839 2.22839 2.23156 2.35794 2.12758 3.27257 3.35992 3.35992 3.35992 3.35992 3.35992
4.10112 4.39781 4.50185 4.50185 4.50185 4.50185 4.50185 4.50185 4.50185 4.50185 4.50407 4.51332 4.52275 4.91257 5.65344 4.78934 4.33214 4.09543 4.09965 4.09099 4.08255 4.07388 4.06537 4.05677 4.04317 4.01705 4.05338 4.16251 4.04030 3.71495 3.44192 3.33517 3.28486 3.25637 3.22792 3.20171 3.19798 2.97605 2.92244 2.93136 2.85000 2.75496 2.75496 2.75496 2.59985 2.59745 2.62782 2.56913 2.55619 2.43105 2.22839 2.22839 2.22769 2.21732 2.20387 2.19038 2.17695 2.16347 2.15002 2.19671 2.16406 3.03722 3.35992 3.35992 3.35992 3.35992 3.35992
4.33094 4.50970 4.69549 4.70484 4.71451 4.72396 4.73350 4.74306 4.75249 4.76214 4.76932 4.76975 4.76975 4.96805 5.78263 5.16780 4.64717 4.12438 4.02909 4.00835 3.97825 3.94861 3.92028 3.89483 3.93106 3.99947 4.06190 3.92017 3.89222 3.66735 3.26934 3.23207 3.21326 3.21326 3.21326 3.21326 3.21326 3.05263 2.92930 2.94075 2.88911 2.75496 2.75496 2.75496 2.64635 2.56221 2.60010 2.55438 2.50492 2.45947 2.14094 2.12651 2.11372 2.11062 2.11062 2.11062 2.11062 2.11062 2.11062 2.14696 2.18854 2.58215 3.35992 3.35992 3.35992 3.35992 3.35992
4.45542 4.51354 4.76975 4.76975 4.76975 4.76975 4.76975 4.76975 4.76975 4.76975 4.76975 4.75915 4.64160 4.52748 5.25724 4.64932 3.90790 3.93130 3.85397 3.84759 3.89581 3.97305 4.04444 4.10936 4.13012 4.13012 4.13012 3.97729 3.89635 3.72706 3.36639 3.24096 3.21378 3.21326 3.21326 3.21222 3.20152 3.09106 2.88697 2.88988 2.85817 2.66700 2.65210 2.63718 2.59041 2.47311 2.53793 2.52437 2.45797 2.45628 2.18359 2.10290 2.10009 2.09730 2.09450 2.09169 2.08889 2.08608 2.08328 2.09431 2.12119 2.01262 2.50143 2.37851 2.25883 2.14498 2.03646
4.45542 4.45550 4.73963 4.76975 4.76975 4.74577 4.61376 4.46864 4.32370 4.17867 3.97652 3.73454 3.59911 3.49142 4.04682 4.19484 3.73899 4.01877 4.04759 4.10439 4.13012 4.13012 4.13012 4.13012 4.13012 4.13012 4.13012 4.03869 3.83237 3.70408 3.42515 3.19232 3.16135 3.14826 3.13937 3.13158 3.13345 3.10024 2.79367 2.81165 2.81022 2.62458 2.60182 2.59982 2.59386 2.42917 2.49495 2.47582 2.34438 2.30347 2.17391 2.05324 2.05324 2.05324 2.03069 1.98674 1.94275 1.89883 1.85482 1.81429 1.78927 1.37371 1.80319 1.87874 1.87874 1.87874 1.87874
4.45542 4.45542 4.36206 4.15083 4.00405 3.81188 3.69111 3.58336 3.47556 3.36787 3.31718 3.31718 3.38275 3.52590 3.99698 4.60208 4.12745 4.19769 4.19523 4.15631 4.10971 4.05924 4.00845 3.95786 3.90752 3.85657 3.80614 3.75455 3.54107 3.55800 3.53256 3.20740 3.19014 3.17883 3.17883 3.17883 3.17883 3.17875 2.81423 2.79177 2.79582 2.65441 2.58689 2.56080 2.52902 2.35316 2.30792 2.28987 2.21401 2.17385 2.09941 1.86109 1.81717 1.77319 1.75178 1.75178 1.75370 1.76556 1.77884 1.79235 1.82829 1.55622 1.69688 1.87874 1.87874 1.87874 1.87874
4.33719 4.19353 3.85363 3.45976 3.35373 3.31718 3.31718 3.31718 3.37065 3.51347 3.64258 3.76140 3.84832 3.87824 3.99149 4.33776 3.88326 3.77285 3.84911 3.77765 3.77376 3.77376 3.77376 3.77376 3.77376 3.77376 3.77376 3.77376 3.60617 3.54172 3.61191 3.22733 3.19784 3.17883 3.17883 3.17883 3.17883 3.17883 2.89808 2.75911 2.71598 2.53858 2.34307 2.28899 2.24073 2.12066 2.05300 2.06452 2.01336 2.02916 2.03977 1.83698 1.81524 1.82851 1.84179 1.85506 1.86502 1.86285 1.85924 1.85565 1.86610 1.71040 1.60300 1.87874 1.87874 1.87874 1.87874
3.70725 3.71603 3.67504 3.31974 3.37700 3.55731 3.71678 3.85941 3.95560 3.98654 4.01604 4.04221 4.04628 4.04628 4.03526 4.01101 3.83090 3.56731 3.80024 3.77376 3.77376 3.77376 3.77376 3.77376 3.77376 3.77376 3.77376 3.77376 3.67924 3.53999 3.60035 3.32301 3.20500 3.17981 3.15630 3.09072 3.02224 2.95855 2.70551 2.45802 2.44542 2.38291 2.21755 2.23325 2.24896 2.22114 2.11070 2.13208 2.05890 2.06518 2.06218 1.92800 1.80786 1.80427 1.80067 1.79706 1.79486 1.79484 1.79484 1.79484 1.80498 1.73717 1.53209 1.87305 1.87874 1.87856 1.84854
3.74266 3.97758 4.02675 3.66200 3.74596 4.04628 4.04628 4.04628 4.04628 4.04628 4.04628 4.04628 4.04628 4.04628 4.04628 3.99708 3.99190 3.51291 3.78062 3.77982 3.77841 3.77724 3.77618 3.77499 3.77393 3.77280 3.77160 3.77477 3.78296 3.61007 3.68137 3.53687 3.35032 3.01738 2.86882 2.87934 2.89269 2.90135 2.80419 2.48726 2.36044 2.33903 2.27714 2.27714 2.27714 2.27143 2.10743 2.11390 2.05587 2.04408 2.04534 1.98703 1.79484 1.79484 1.79484 1.79484 1.79791 1.81603 1.83617 1.85630 1.88268 1.86194 1.52315 1.72617 1.76438 1.73551 1.72464
3.76075 4.18688 4.19530 3.88772 3.70203 4.10243 4.12801 4.13304 4.13821 4.14323 4.14833 4.15343 4.15849 4.16363 4.16862 4.01001 3.72621 3.18671 3.38021 3.57985 3.60591 3.62081 3.65793 3.68423 3.69847 3.71255 3.72696 3.73892 3.72311 3.44217 3.33398 3.36343 3.30364 3.05503 2.80441 2.80441 2.81271 2.85970 2.88787 2.58565 2.40661 2.25722 2.27534 2.27714 2.27714 2.27714 2.14422 2.11184 2.08829 2.06884 2.09214 2.10480 1.90836 1.91144 1.93156 1.95169 1.96877 1.96893 1.94842 1.92487 1.90538 1.88856 1.51951 1.59553 1.72464 1.71482 1.69677
3.62351 4.33104 4.33104 4.14915 3.77844 4.06506 4.18906 4.18906 4.18906 4.18906 4.18906 4.18906 4.18906 4.18906 4.18966 4.14256 3.77485 3.39289 3.33908 3.63184 3.69636 3.69555 3.67278 3.66252 3.66510 3.66767 3.67003 3.67048 3.67048 3.49654 3.30052 3.37654 3.33376 3.26415 2.93495 2.98062 3.01750 3.02166 3.02166 2.72236 2.53048 2.25705 2.27082 2.27681 2.27673 2.27665 2.24239 2.23029 2.22375 2.16969 2.19195 2.19195 2.05725 1.96722 1.94484 1.92251 1.90404 1.88820 1.88714 1.88994 1.89278 1.88577 1.59426 1.51013 1.68794 1.61047 1.57600
3.17323 4.26977 4.33104 4.30627 3.79219 3.93645 4.18906 4.18906 4.19186 4.22815 4.27422 4.32028 4.36635 4.33995 4.24780 4.11572 3.55554 3.16529 3.22906 3.56597 3.66487 3.66745 3.66989 3.67048 3.67048 3.67048 3.67048 3.67748 3.70822 3.68515 3.42981 3.52213 3.50370 3.47598 3.05663 3.02142 3.02163 3.02188 3.02213 2.81666 2.62819 2.32928 2.30326 2.32227 2.32805 2.33389 2.32556 2.29589 2.31080 2.23356 2.25399 2.23227 2.12577 1.93855 1.93935 1.94205 1.94216 1.94647 1.96642 1.98779 2.00917 1.95761 1.77423 1.60933 1.51487 1.49455 1.47793
3.14742 4.05165 4.33104 4.33104 3.98430 3.97598 4.36590 4.41917 4.37264 4.24470 4.10712 3.96933 3.83176 3.76644 3.76648 3.76878 3.44710 3.15614 3.17658 3.50364 3.67164 3.67203 3.67301 3.70572 3.75533 3.80229 3.84657 3.88352 3.90194 3.91885 3.66139 3.58834 3.52520 3.49061 3.16984 3.02666 3.02670 3.02670 3.02670 2.94104 2.75613 2.49534 2.36783 2.39597 2.39597 2.39165 2.36647 2.28918 2.28086 2.20257 2.19769 2.22035 2.22674 2.01177 2.02727 2.04866 2.07001 2.08707 2.08849 2.08849 2.08489 2.01445 1.85020 1.59171 1.53847 1.50465 1.47793
3.14750 3.79101 4.32030 4.14597 3.86678 3.65186 3.83089 3.81435 3.76644 3.76644 3.76644 3.76847 3.77208 3.77568 3.77925 3.77497 3.57422 3.26692 3.20711 3.54428 3.77431 3.80134 3.84361 3.94528 3.94528 3.94528 3.94528 3.94528 3.94528 3.94528 3.77251 3.60481 3.54297 3.49131 3.29218 3.02670 3.02670 3.02670 3.02670 2.98711 2.78664 2.57756 2.33730 2.35426 2.33354 2.31182 2.30933 2.25701 2.24837 2.27530 2.34284 2.34398 2.33136 2.12980 2.04521 2.03071 2.01625 2.00173 1.98725 1.97276 1.96186 1.93352 1.82580 1.49256 1.56595 1.51146 1.48084
3.14750 3.20946 3.20670 3.15154 3.17590 3.25016 3.47777 3.76607 3.75866 3.75026 3.74186 3.73142 3.71942 3.70740 3.69539 3.68896 3.65964 3.45715 3.30247 3.54032 3.80060 3.82894 3.82918 3.93319 3.94528 3.94528 3.94528 3.94528 3.94528 3.94528 3.87426 3.61791 3.55921 3.49380 3.42217 3.02705 3.02670 3.02920 3.02819 3.02252 2.78873 2.62465 2.27839 2.26425 2.25364 2.24654 2.23938 2.19591 2.09494 2.02015 2.08813 2.05781 2.03834 1.91291 1.74601 1.72842 1.71083 1.69331 1.67571 1.65812 1.64057 1.62036 1.57951 1.50511 1.56669 1.51151 1.48860
3.14750 3.13358 3.08777 3.07717 3.05837 3.15675 3.20516 3.68465 3.68896 3.68896 3.68896 3.68896 3.68896 3.68896 3.68896 3.68896 3.68618 3.51011 3.26789 3.42108 3.69241 3.76255 3.75788 3.82703 3.86768 3.86217 3.85661 3.85110 3.84564 3.83907 3.82980 3.56285 3.49096 3.42716 3.39578 3.03987 2.97352 2.96943 2.96947 2.97057 2.79694 2.51358 2.17263 2.08448 2.01253 2.00891 2.00891 1.98923 1.88530 1.74332 1.85036 1.86232 1.86232 1.83297 1.60591 1.60514 1.60514 1.60514 1.60514 1.60514 1.60104 1.58872 1.55608 1.51181 1.54913 1.47393 1.41946
3.14750 3.14738 2.96051 2.98983 2.98784 3.09416 3.13478 3.60567 3.72977 3.73425 3.73888 3.74346 3.74826 3.75300 3.75786 3.76280 3.76782 3.48415 3.15365 3.19890 3.45368 3.57999 3.57615 3.61419 3.70373 3.71332 3.72239 3.72823 3.73434 3.73232 3.69907 3.53537 3.42143 3.35649 3.32171 3.10328 2.92686 2.92686 2.92686 2.92123 2.77248 2.47525 2.16285 2.04866 2.03140 2.00891 2.00891 2.00509 1.93128 1.74597 1.81969 1.86020 1.84872 1.83616 1.61703 1.55384 1.54127 1.52871 1.51614 1.50357 1.49048 1.46554 1.43856 1.40171 1.37579 1.35478 1.32584
0.00000 0.00000 2.78641 2.92459 2.92459 3.02671 3.13173 3.48608 3.82433 3.82433 3.82433 3.82433 3.82433 3.82433 3.82433 3.82433 3.82433 3.53593 3.14715 3.04999 3.31310 3.63334 3.64594 3.66171 3.77476 3.76820 3.72661 3.68443 3.64170 3.60759 3.60476 3.56155 3.43983 3.38353 3.32230 3.18952 2.88572 2.86205 2.83838 2.82034 2.74088 2.48653 2.20099 2.02349 2.03039 1.97299 1.95908 1.94517 1.87996 1.69759 1.69008 1.75316 1.75206 1.75206 1.62478 1.49487 1.48756 1.46147 1.43442 1.40739 1.38496 1.38265 1.39225 1.41870 1.45459 1.56595 1.56914
0.00000 0.00000 2.64370 2.91512 2.92459 2.96125 3.13171 3.24357 3.82340 3.82433 3.82433 3.82322 3.76756 3.68230 3.59698 3.51162 3.43316 3.20018 2.92896 2.89412 3.12283 3.63876 3.61647 3.56896 3.61087 3.60903 3.60476 3.60476 3.60476 3.60476 3.59817 3.57335 3.41006 3.33233 3.23396 3.19475 2.80893 2.79662 2.78892 2.78119 2.74517 2.49397 2.16030 1.97533 1.96533 1.89297 1.89297 1.89297 1.85825 1.72153 1.64765 1.75206 1.72654 1.64855 1.54014 1.40330 1.38487 1.41823 1.46448 1.50774 1.54794 1.57928 1.56793 1.46531 1.44706 1.50458 1.51577
0.00000 0.00000 2.61702 2.86495 2.92459 2.92459 3.02280 2.91891 3.46293 3.49403 3.40890 3.33309 3.31638 3.32937 3.34237 3.35536 3.36151 3.26958 2.90012 2.80434 2.88685 3.34899 3.47644 3.47581 3.52406 3.58839 3.56314 3.52932 3.49466 3.45998 3.43193 3.41807 3.30380 3.19156 3.10093 3.07202 2.73348 2.63013 2.62118 2.61222 2.60312 2.50458 2.21837 2.03628 1.97828 1.89297 1.89297 1.89297 1.84669 1.66430 1.44863 1.47212 1.48827 1.53929 1.57338 1.56350 1.58529 1.58709 1.57811 1.56914 1.56047 1.56531 1.60685 1.51855 1.55762 1.66031 1.68420
0.00000 0.00000 0.00000 2.80760 2.92459 2.92576 2.59961 2.45683 2.95814 3.34415 3.35697 3.36151 3.36151 3.35674 3.27601 3.16919 3.06224 2.95686 2.66612 2.67055 2.69374 3.02878 3.30450 3.29020 3.29300 3.33275 3.32343 3.32261 3.32261 3.32261 3.32261 3.32261 3.26916 3.13695 3.06428 3.02480 2.80738 2.59564 2.59564 2.59564 2.59564 2.52796 2.29252 2.10219 1.95307 1.79020 1.70707 1.62135 1.54635 1.45485 1.25382 1.32505 1.52983 1.60364 1.60007 1.57702 1.56372 1.56879 1.57383 1.57889 1.58394 1.59739 1.72845 1.62886 1.62489 1.66942 1.69097
0.00000 0.00000 0.00000 2.72576 3.02654 3.05175 2.83080 2.51463 2.70417 3.35900 3.28495 3.16305 3.02929 2.90041 2.84747 2.82070 2.79389 2.76711 2.58681 2.60590 2.62598 2.81821 3.27060 3.27060 3.27060 3.31368 3.32261 3.32261 3.32261 3.32261 3.32261 3.32261 3.31331 3.15616 3.08412 3.02480 2.91720 2.59564 2.59564 2.59564 2.57825 2.47655 2.22708 1.94662 1.68232 1.52441 1.46397 1.44681 1.43962 1.38004 1.23359 1.27199 1.48180 1.63916 1.64539 1.63894 1.60719 1.60786 1.60853 1.60923 1.60993 1.61065 1.72656 1.67076 1.62128 1.65570 1.69810
0.00000 0.00000 0.00000 2.57366 2.94453 2.93918 2.83745 2.36724 2.32895 2.75717 2.74959 2.73790 2.73790 2.73790 2.73790 2.73790 2.73790 2.73790 2.60315 2.59629 2.61928 2.68136 3.24640 3.27018 3.27010 3.29831 3.32202 3.32196 3.32189 3.32182 3.32055 3.31747 3.31433 3.19744 3.07068 2.93644 2.83932 2.47462 2.41347 2.35518 2.31449 2.27587 2.12625 1.90427 1.73233 1.47937 1.36748 1.36287 1.36090 1.31498 1.21877 1.19165 1.40676 1.66436 1.66682 1.66583 1.61960 1.61639 1.61639 1.61639 1.61639 1.61639 1.69389 1.70882 1.62080 1.64570 1.69787
0.00000 0.00000 0.00000 1.79658 2.39500 2.64788 2.64788 2.30198 2.24115 2.54739 2.73790 2.73790 2.73790 2.73790 2.73790 2.73790 2.73790 2.73790 2.66070 2.66595 2.69200 2.72384 3.15505 3.29650 3.29657 3.30851 3.34614 3.34342 3.31150 3.26917 3.20884 3.13848 3.05879 2.89161 2.64598 2.54680 2.51584 2.40913 2.37425 2.37437 2.37437 2.36811 2.24413 2.04106 1.92115 1.51346 1.36043 1.36043 1.36043 1.33402 1.24569 1.17239 1.34673 1.61579 1.66682 1.66833 1.64015 1.62705 1.63165 1.63628 1.64089 1.64550 1.67832 1.78173 1.67489 1.70127 1.77713
0.00000 0.00000 0.00000 0.00000 2.18700 2.64788 2.64788 2.39414 2.24115 2.38321 2.73790 2.73790 2.73790 2.73790 2.73790 2.73790 2.73790 2.73790 2.72603 2.75545 2.76991 2.79157 3.03411 3.20883 3.14271 3.06170 3.05372 2.98864 2.93941 2.88513 2.84950 2.82565 2.81119 2.78671 2.55659 2.52005 2.51537 2.44561 2.37128 2.36768 2.36407 2.36047 2.25144 2.07542 1.99396 1.57416 1.36092 1.36592 1.37201 1.37060 1.29596 1.20194 1.32736 1.57959 1.70502 1.72275 1.72499 1.68414 1.65686 1.66934 1.69891 1.72858 1.75832 1.89218 1.74373 1.73926 1.75903
0.00000 0.00000 0.00000 0.00000 1.85900 2.62619 2.64788 2.50813 2.24115 2.24677 2.70239 2.73790 2.73790 2.73790 2.73790 2.74465 2.75972 2.77483 2.78887 2.77880 2.73399 2.66993 2.68435 2.81988 2.79716 2.77208 2.81462 2.82756 2.81154 2.81100 2.81100 2.81100 2.81100 2.80968 2.61252 2.51470 2.50434 2.46618 2.35870 2.36132 2.36404 2.36674 2.29340 2.14006 2.03223 1.75332 1.41640 1.41135 1.41715 1.42559 1.37161 1.31747 1.40922 1.62341 1.78987 1.81610 1.85654 1.81121 1.79618 1.81429 1.80307 1.78322 1.76370 1.81854 1.70348 1.64344 1.65625
0.00000 0.00000 0.00000 0.00000 1.79658 2.49149 2.64788 2.63009 2.25156 2.25418 2.59997 2.77789 2.79299 2.80769 2.80618 2.78965 2.76476 2.73988 2.71499 2.69660 2.69152 2.58462 2.52986 2.71483 2.70328 2.70215 2.74113 2.81100 2.81068 2.80671 2.79270 2.77173 2.75063 2.73096 2.60370 2.47432 2.46006 2.45108 2.30403 2.29069 2.28171 2.27276 2.25270 2.18698 2.04751 1.90738 1.58373 1.57300 1.59929 1.62169 1.60928 1.57301 1.59592 1.77188 1.94289 1.95047 1.93218 1.84362 1.75776 1.73889 1.73753 1.74446 1.75138 1.79424 1.73357 1.59132 1.52760
0.00000 0.00000 1.39287 1.39287 1.50757 2.07257 2.35398 2.29628 2.32807 2.33846 2.47169 2.76110 2.73622 2.71174 2.70345 2.70345 2.69502 2.64324 2.58525 2.52414 2.58059 2.48614 2.38036 2.53224 2.56262 2.54290 2.53112 2.61870 2.60009 2.58297 2.57598 2.57587 2.57587 2.57587 2.53786 2.38120 2.38060 2.37844 2.26729 2.22223 2.22223 2.22223 2.22470 2.21975 2.05276 2.00365 1.69730 1.67049 1.71442 1.76965 1.81554 1.84437 1.87180 1.92611 1.90498 1.90041 1.90635 1.86916 1.78294 1.78049 1.82163 1.86028 1.89641 1.91605 1.52248 1.36110 1.31590
