High_resolution/powerplant/Chizhou/OMI_NO2_200803.asc
ncols      200
nrows      200
xllcorner       115.585
yllcorner       28.7700
cellsize     0.0166667
NODATA_Value      -999.000
[rows 90 to 119 of 175, columns 0 to 65 of 200]
1.16048 1.15518 1.19358 1.19992 1.19380 1.19594 1.19815 1.17188 1.30463 1.44437 1.44899 1.45146 1.45146 1.45146 1.45146 1.45398 1.47808 1.52091 1.71464 1.79817 1.80360 1.76400 1.83445 2.15123 1.54232 1.56765 2.47142 3.11358 3.41458 3.47124 3.29911 3.02590 2.99980 2.99980 2.99921 2.98580 2.98555 2.98555 2.98555 2.98555 2.98555 3.17807 3.40207 3.40207 3.40207 3.40207 3.40598 3.92112 4.08047 4.11266 4.15222 4.19175 4.22953 4.25479 4.80912 4.90243 4.83180 4.72571 4.70345 4.70482 4.73143 4.76571 4.79993 4.85932 4.75001 4.65900
1.16927 1.16927 1.17141 1.23743 1.20903 1.20903 1.20903 1.19302 1.21875 1.45146 1.45146 1.45246 1.45890 1.49775 1.56749 1.63494 1.73499 1.82847 1.82552 1.78050 1.74089 1.66639 1.53921 2.15042 2.68264 3.10880 3.36796 3.67247 3.67247 3.57394 3.29926 3.08980 2.99980 2.99980 2.99980 2.98842 2.98555 2.98555 2.98555 3.00523 3.07583 3.22429 3.53367 3.57317 3.61273 3.65223 3.68793 4.02790 4.30090 4.28844 4.30639 4.31251 4.32201 4.32334 4.76585 5.12466 5.18033 5.14621 5.21063 5.27379 5.31218 5.34297 5.37381 5.32491 4.66323 4.69654
1.16927 1.16927 1.16927 1.21678 1.20903 1.20903 1.20903 1.20725 1.17230 1.46916 1.57228 1.64280 1.71211 1.74941 1.75004 1.73024 1.72486 1.74984 1.72233 1.67947 1.67772 1.67362 1.48075 1.97877 3.20897 3.20897 3.23053 3.66193 3.67247 3.65925 3.30653 3.16077 3.02621 3.09880 3.17206 3.23719 3.30450 3.37957 3.46968 3.54336 3.57161 3.63684 3.87926 3.96064 4.03030 4.10013 4.16968 4.38800 4.78463 4.76486 4.75899 4.77328 4.78416 4.76375 5.10239 5.70004 5.70287 5.61552 5.59947 5.60220 5.60504 5.60778 5.61062 5.61196 4.93937 4.83544
1.16927 1.16927 1.16927 1.19394 1.21251 1.26821 1.34466 1.42837 1.46697 1.63498 1.75128 1.73827 1.71187 1.68547 1.66023 1.65370 1.65924 1.72134 1.72135 1.69269 1.67772 1.67772 1.52466 1.61437 3.22954 3.30141 3.37552 3.98890 4.30618 4.47753 4.21307 4.16685 3.91256 3.99751 4.08143 4.11052 4.07559 4.14349 4.19643 4.24624 4.29030 4.29710 4.42612 4.47799 4.46222 4.44626 4.43050 4.45927 4.90846 4.86164 4.82541 4.82541 4.82541 4.80255 4.91658 5.72094 5.72094 5.65866 5.61196 5.61196 5.61196 5.61196 5.61196 5.61196 5.12384 4.83544
1.17060 1.21657 1.27558 1.34023 1.52132 1.55130 1.55130 1.54194 1.47604 1.47682 1.66709 1.65370 1.65370 1.65370 1.65370 1.65370 1.65370 1.71228 1.71351 1.62747 1.47560 1.35071 0.980870 0.665865 4.14492 4.13093 4.11621 4.59048 4.93832 4.90454 4.59682 4.42599 4.47690 4.48157 4.48157 4.45876 4.29710 4.29710 4.29710 4.29479 4.28052 4.26457 4.32950 4.42497 4.42479 4.42479 4.42479 4.42479 4.82581 4.88970 4.82541 4.82541 4.82541 4.81232 4.78095 5.64740 5.72094 5.68645 5.61196 5.61196 5.61196 5.61196 5.61196 5.61196 5.30828 4.83544
1.38837 1.40138 1.40138 1.39904 1.46098 1.47671 1.43714 1.40695 1.40254 1.35503 1.63178 1.65388 1.65390 1.65393 1.64205 1.58217 1.51216 1.45320 1.37252 1.34382 1.17756 1.17420 1.04177 0.620191 4.06092 4.06092 4.06092 4.27480 4.84786 4.84786 4.67015 4.42505 4.46336 4.48157 4.48157 4.48110 4.30419 4.26948 4.25352 4.23988 4.23818 4.23818 4.27107 4.42479 4.42479 4.42479 4.42479 4.42479 4.70865 4.91052 4.83270 4.82541 4.82541 4.82194 4.77843 5.44107 5.72094 5.71330 5.61287 5.61196 5.61196 5.61196 5.61196 5.61196 5.49666 4.92883
1.38347 1.35182 1.32017 1.29086 1.30938 1.40571 1.40537 1.40408 1.40275 1.36227 1.52762 1.56742 1.49531 1.41645 1.34719 1.33976 1.33869 1.33956 1.34106 1.33992 1.20460 1.15463 1.12027 0.448551 4.06092 4.06092 4.06092 4.07689 4.81452 4.84786 4.76855 4.42505 4.44280 4.45888 4.44292 4.42738 4.29843 4.23818 4.23818 4.23818 4.23818 4.23818 4.23896 4.40876 4.42479 4.42479 4.42479 4.42479 4.59150 4.91160 4.85963 4.82541 4.82541 4.82541 4.78459 5.23180 5.72094 5.71574 5.63408 5.63050 5.63935 5.71327 5.84024 5.96705 6.08821 5.41827
1.30401 1.30698 1.30994 1.31291 1.28402 1.38919 1.38820 1.38815 1.38815 1.36813 1.33554 1.33554 1.33554 1.33554 1.33554 1.33554 1.33554 1.33647 1.34851 1.36539 1.26167 1.16780 1.15324 0.399176 4.06092 4.06092 4.06092 4.06092 4.65279 4.82564 4.80264 4.39576 4.37696 4.42266 4.42266 4.42266 4.33994 4.23818 4.23818 4.23818 4.23818 4.23818 4.23818 4.36147 4.42479 4.42479 4.42479 4.42479 4.47465 4.91123 4.87389 4.78223 4.75279 4.72340 4.66290 4.86147 5.53067 5.54897 5.76039 5.95642 6.07454 6.12754 6.12754 6.12735 6.12348 5.58308
1.32074 1.32074 1.32074 1.32074 1.29600 1.33898 1.38815 1.38815 1.38815 1.38549 1.33732 1.33554 1.33554 1.33554 1.33897 1.34947 1.29474 1.18944 0.999796 0.863945 0.847326 1.08786 1.08025 0.723460 4.05967 4.03951 4.01289 3.98629 4.38095 4.77421 4.77421 4.45814 4.36669 4.41913 4.42266 4.42266 4.38148 4.23818 4.23818 4.23818 4.23818 4.23818 4.23690 4.29029 4.37061 4.34119 4.31176 4.28237 4.25289 4.64272 4.69297 4.61437 4.60850 4.63316 4.71942 4.85287 5.85054 5.93450 5.98904 6.11250 6.11353 6.11458 6.11557 6.11684 6.12171 5.75387
1.32074 1.32074 1.32074 1.32074 1.32074 1.27575 1.38815 1.38815 1.38815 1.38815 1.35190 1.34194 1.27428 1.16548 1.05312 0.950612 0.917757 0.917401 0.836448 0.812990 0.810876 1.02651 1.07344 0.886072 3.96915 3.96273 3.96273 3.96273 4.14896 4.77421 4.77421 4.53872 4.36613 4.40593 4.42266 4.42026 4.39252 4.19108 4.15841 4.13103 4.10370 4.07636 4.05090 4.07742 4.23101 4.26257 4.30099 4.33944 4.37801 4.70382 5.08441 5.16163 5.19263 5.31421 5.32595 5.25149 5.98619 6.16363 6.18494 6.35816 6.37123 6.38229 6.39309 6.40421 6.41494 6.25406
1.32074 1.32074 1.32074 1.32074 1.32074 1.24666 1.38815 1.37477 1.26427 1.14344 1.03386 0.939095 0.917674 0.917606 0.916367 0.914627 0.912889 0.911408 0.854536 0.809399 0.809399 0.936506 1.07344 0.995892 3.96634 3.96273 3.96273 3.96273 3.96867 4.69573 4.71784 4.61922 4.52516 4.55244 4.58402 4.58932 4.61833 4.54570 4.55513 4.59353 4.63197 4.67039 4.70818 4.73780 4.90870 4.93458 5.07156 5.30542 5.53920 5.90180 6.18399 6.03204 5.68234 5.68234 5.67059 5.44801 5.96174 6.31710 6.31710 6.45559 6.49182 6.49182 6.49182 6.49182 6.49182 6.47926
1.31559 1.32074 1.32074 1.31578 1.26938 1.13088 1.01541 0.930303 0.917657 0.917657 0.916890 0.915137 0.913416 0.911727 0.911228 0.911228 0.911228 0.911228 0.875992 0.809399 0.809399 0.861285 1.07344 1.06824 4.14026 4.07810 4.10915 4.19310 4.28036 4.70207 4.88702 4.95111 5.05200 5.04963 4.87386 4.87736 4.87745 4.81835 4.76954 4.76954 4.76954 4.76954 4.84162 5.07004 5.40790 5.70098 5.79795 5.79795 5.79795 5.85194 6.18399 6.16853 5.70813 5.68234 5.68234 5.48525 5.76811 6.31710 6.31710 6.41127 6.49182 6.49182 6.49182 6.49182 6.49182 6.49182
1.27536 1.22437 1.17221 1.12504 1.11931 1.07601 0.914523 0.915681 0.913942 0.912203 0.911231 0.909354 0.905319 0.901195 0.896979 0.892695 0.888323 0.883851 0.865679 0.809399 0.809399 0.812141 1.04758 1.07344 4.98137 4.72461 4.78078 4.78396 4.78396 4.95697 5.14705 5.14705 5.16769 5.16432 4.89060 4.87745 4.87745 4.84265 4.79659 4.99883 5.23269 5.46663 5.62833 5.63378 5.69572 5.79795 5.79795 5.79795 5.79795 5.79826 6.14487 6.18399 5.85496 5.68234 5.68234 5.53421 5.57435 6.31710 6.31710 6.36702 6.49182 6.49182 6.49182 6.49182 6.49182 6.49182
1.27383 1.09537 1.09280 1.08874 1.08413 1.07486 0.839886 0.830343 0.824576 0.818696 0.812649 0.805319 0.795577 0.785757 0.776001 0.766220 0.756413 0.746657 0.736838 0.727056 0.717288 0.707494 0.825147 0.911466 5.42781 4.78974 4.78396 4.78396 4.78396 4.85158 5.14705 5.14705 5.16349 5.16978 4.95993 5.03560 5.26946 5.49275 5.60227 5.63378 5.63378 5.63378 5.63378 5.63378 5.65366 5.79793 5.79795 5.79795 5.79795 5.79795 6.05238 6.18399 6.01714 5.68234 5.68234 5.58316 5.44816 6.24887 6.31710 6.32580 6.48880 6.49970 6.51264 6.53666 6.71421 6.94060
1.39786 1.08598 1.08601 1.09172 1.09795 1.10413 0.818790 0.715709 0.705988 0.696232 0.686438 0.680724 0.680698 0.680698 0.680698 0.680698 0.680698 0.680698 0.680698 0.680698 0.680698 0.680698 0.739133 0.901839 5.52158 4.91843 4.78396 4.78396 4.78396 4.78425 5.11538 5.25810 5.51821 5.72444 5.81231 5.74168 5.74168 5.74168 5.64753 5.63378 5.63378 5.63378 5.63378 5.63378 5.63378 5.77577 5.79795 5.79795 5.79795 5.79795 5.95962 6.18399 6.16136 5.70619 5.72748 5.72222 5.58061 6.23742 6.54176 6.58834 6.72944 6.93813 7.15143 7.35377 7.40270 7.40270
1.50929 1.21194 1.13628 1.13628 1.13628 1.13628 0.893636 0.678346 0.680698 0.680698 0.680698 0.680698 0.680698 0.680698 0.680698 0.680698 0.680698 0.680698 0.681138 0.687662 0.691189 0.687531 0.690521 0.888946 5.52158 5.13647 4.78396 4.84676 5.20024 5.58993 6.02414 6.22497 6.16965 6.03401 5.96286 5.74168 5.74168 5.74168 5.67183 5.63378 5.63378 5.63378 5.63378 5.63378 5.63378 5.73369 5.81499 5.85950 5.90435 5.94916 6.06296 6.42497 6.46985 6.16504 6.01278 6.00602 5.87300 6.49861 7.14153 7.31049 7.32019 7.25060 7.20657 7.14894 7.08777 7.02665
1.52588 1.31981 1.13628 1.13628 1.13628 1.13628 1.00051 0.675250 0.680698 0.680698 0.680698 0.680698 0.680698 0.680698 0.681648 0.686750 0.683894 0.679599 0.674225 0.660334 0.667519 0.726383 0.799832 1.26603 5.52158 5.46446 5.85647 6.18805 6.22435 6.22435 6.22566 6.22734 6.21494 6.03547 6.02510 5.75057 5.74168 5.74168 5.69611 5.62767 5.61539 5.60306 5.59077 5.57845 5.56614 5.74925 6.12802 6.12874 6.15905 6.26148 6.37162 6.45014 6.45992 6.50252 6.36696 6.57727 6.44051 6.49399 6.85889 6.84545 6.81645 6.76206 6.74972 6.75101 6.75582 6.76073
1.67708 1.44860 1.13668 1.13628 1.13628 1.13628 1.10445 0.674941 0.680698 0.680698 0.681835 0.680367 0.675949 0.670952 0.664149 0.651208 0.656531 0.706770 0.775513 0.861358 0.931211 0.933034 0.933034 1.12966 5.52158 5.52158 6.10434 6.22435 6.22435 6.22435 6.22478 6.22728 6.21815 6.15438 6.22232 6.09344 6.11507 6.20722 6.23722 5.96976 6.10394 6.23817 6.37286 6.50713 6.64147 6.83297 7.49091 7.62627 7.74911 7.98713 8.26882 7.91625 7.85530 7.82914 7.25142 7.23642 6.79894 6.51400 6.88203 6.88705 6.88476 6.83218 6.83088 6.83088 6.83088 6.83088
1.89951 1.50929 1.19045 1.13628 1.13628 1.13628 1.13213 0.736299 0.664883 0.661568 0.653605 0.649726 0.650805 0.688275 0.752843 0.832834 0.919608 0.933034 0.933034 0.933034 0.933034 0.933034 0.933034 0.975204 6.25745 6.47406 6.84262 7.10010 7.21005 7.31055 7.36399 7.09307 7.04739 7.24496 7.29397 7.52603 7.95289 8.04752 8.12738 7.29376 7.25241 7.25241 7.25241 7.25241 7.25316 7.39956 8.14327 8.49121 8.72733 8.77591 8.77591 8.35891 7.86818 7.86818 7.41741 7.23642 6.95363 6.49503 6.81386 6.88705 6.88705 6.84417 6.83088 6.83088 6.83088 6.83088
2.16502 1.52084 1.27019 1.11696 1.10938 1.10180 1.09837 0.817169 0.641439 0.671151 0.731585 0.806296 0.898190 0.933034 0.933034 0.933034 0.933034 0.930817 0.914011 0.895531 0.913087 0.933034 0.933034 0.933034 7.35942 7.23204 7.13025 7.15057 7.06112 6.97091 6.91850 6.73018 6.60196 6.77597 6.97704 7.30790 8.19622 8.19622 8.19622 7.49150 7.25241 7.32848 7.57674 7.83150 8.08550 8.19386 8.53360 8.77591 8.77591 8.77591 8.77591 8.57621 7.86818 7.86818 7.62255 7.23642 7.10814 6.49503 6.72675 6.88705 6.88705 6.85833 6.83088 6.83088 6.83088 6.83088
1.61359 1.21395 1.08053 1.02830 1.01813 1.01817 1.06336 0.941877 0.688721 0.744767 0.733647 0.722566 0.711881 0.701592 0.691637 0.682196 0.679657 0.681776 0.690768 0.700914 0.826777 1.01969 1.03492 1.05016 6.68095 6.68095 6.68095 6.87586 6.91818 6.91818 6.91818 6.81167 6.60196 6.69046 6.97704 7.03397 8.17501 8.22409 8.44288 8.20543 8.00858 8.18737 8.19386 8.19386 8.19386 8.19386 8.38442 8.77591 8.77591 8.77591 8.77591 8.75675 7.90485 7.86818 7.81803 7.24560 7.22799 6.52980 6.63935 6.88705 6.88705 6.87259 6.83088 6.83088 6.82094 6.76791
1.16382 1.07511 0.985916 0.985003 0.997895 1.00763 0.971308 0.880329 0.687421 0.730116 0.742081 0.752227 0.762413 0.772625 0.782824 0.792837 0.796369 0.796369 0.796369 0.796369 0.866445 1.13223 1.13223 1.13223 6.68095 6.68095 6.68095 6.80374 6.91818 6.91818 6.91818 6.89162 6.60348 6.61553 7.13710 7.40088 8.61541 9.10171 9.13768 8.85783 8.19386 8.19386 8.19386 8.19386 8.19386 8.19386 8.23897 8.77224 8.77591 8.77591 8.77591 8.77591 8.10284 7.86818 7.86818 7.40068 7.23645 6.69689 6.61093 6.98375 7.02174 7.05405 6.50962 6.30864 6.11002 5.95445
0.775639 0.734217 0.692893 0.633942 0.609831 0.609831 0.609831 0.610109 0.731199 0.777308 0.796369 0.796369 0.796369 0.796369 0.796369 0.796369 0.796369 0.796369 0.796369 0.796369 0.813593 1.14647 1.26723 1.35612 6.68095 6.68095 6.68095 6.71736 6.91756 6.91818 7.03551 7.35078 7.40951 7.66733 7.89228 7.91849 8.58331 9.13768 9.13768 9.06689 8.19745 8.19386 8.19386 8.19386 8.19386 8.19386 8.19386 8.66823 8.77591 8.77897 8.81021 8.84812 8.43022 8.01626 8.05417 7.82960 7.49824 7.10945 6.77308 7.03558 6.91594 6.76528 6.02691 5.78095 5.76031 5.73967
0.664746 0.664746 0.664746 0.650418 0.609831 0.609831 0.609831 0.609831 0.701252 0.761186 0.796369 0.796369 0.796369 0.796369 0.796369 0.796369 0.796369 0.807895 0.848556 0.849068 0.845753 1.16669 1.12954 1.06674 6.68095 6.68095 6.68095 6.68095 7.39907 7.89070 8.09182 8.09500 7.91667 7.77878 7.86524 7.91849 8.28814 9.13768 9.13768 9.13768 8.33897 8.19386 8.22186 8.37409 8.54127 8.70857 8.87551 9.01344 9.01324 9.04808 9.05483 9.05483 8.80425 8.11853 8.09680 8.00400 7.21051 6.77799 6.11721 6.35328 6.46749 6.44192 6.03865 5.64180 5.63705 5.63212
0.664746 0.664746 0.664746 0.663777 0.613543 0.609831 0.609831 0.609831 0.671025 0.747573 0.796290 0.796369 0.796369 0.810786 0.819166 0.815636 0.812047 0.796241 0.755783 0.752673 0.752673 0.926553 1.06669 1.06669 6.68095 6.68095 6.68095 6.68095 7.43151 8.09500 8.09500 8.09500 7.99814 7.77878 7.83557 7.95645 8.19393 9.48161 9.64728 9.75956 9.33934 9.18760 9.31973 9.30276 9.25133 9.19991 9.14844 8.99787 8.72013 8.66866 8.61726 8.56197 8.47644 7.79177 7.75269 7.73559 6.85964 6.47319 5.67274 5.90756 6.17062 6.17062 5.97952 5.38992 5.38992 5.38992
0.664746 0.664746 0.664746 0.664746 0.629646 0.609831 0.609831 0.609831 0.640786 0.764697 0.798765 0.784692 0.780914 0.763350 0.752673 0.752673 0.752673 0.752673 0.752673 0.752673 0.752673 0.860500 1.06669 1.06669 6.09929 6.03622 5.91092 5.77738 5.91294 7.11479 7.13238 7.14779 7.15232 7.17576 7.37736 8.32128 8.25346 9.08663 9.17928 9.12316 9.01539 8.87476 8.83064 8.81088 8.81088 8.81088 8.81088 8.78975 8.47302 8.44954 8.42999 8.41433 8.41301 7.86237 7.71147 7.71147 7.20569 6.57772 5.72989 5.79096 6.17062 6.17062 6.14907 5.41798 5.38992 5.38992
0.664746 0.664746 0.664746 0.664746 0.647482 0.630540 0.670000 0.722938 0.805032 1.10871 0.886690 0.752673 0.752673 0.752673 0.752673 0.752673 0.752673 0.752673 0.752673 0.752673 0.752673 0.804476 1.06669 1.06669 5.12214 5.20200 5.32804 5.46389 5.57065 6.69691 6.90456 6.89048 6.87635 6.93354 6.95055 7.95897 8.03725 8.57609 8.97086 8.97086 8.94338 8.81088 8.81088 8.81087 8.80056 8.78100 8.76144 8.74293 8.47984 8.41301 8.41301 8.41301 8.41301 8.03006 7.71147 7.71147 7.56768 6.58152 5.91917 5.68377 6.16456 6.17062 6.17062 5.59393 5.38992 5.38992
0.672457 0.686017 0.714352 0.746656 0.784148 0.852048 0.857069 0.859438 0.861801 1.07043 1.01491 0.765062 0.766638 0.768217 0.769802 0.771378 0.772954 0.774526 0.776102 0.777681 0.778225 0.770781 1.00313 0.979078 5.49799 5.48690 5.48675 5.48675 5.48675 6.21512 6.85683 6.85683 6.85683 6.90464 6.94706 7.73211 8.03725 8.35054 8.97086 8.97086 8.96446 8.79677 8.76735 8.74780 8.73855 8.73855 8.73855 8.73855 8.56285 8.41301 8.41301 8.41301 8.41301 8.19754 7.71147 7.71147 7.71147 6.80181 6.11000 5.65820 6.07688 6.17062 6.17062 5.79137 5.38992 5.38992
0.854120 0.821033 0.822609 0.824091 0.824418 0.870633 0.898853 0.897730 0.875642 0.988149 1.06588 0.720211 0.682778 0.662023 0.641399 0.620650 0.599896 0.579250 0.558468 0.537768 0.518127 0.513373 0.620937 0.659203 5.48675 5.48675 5.48675 5.48675 5.48675 5.73165 6.85650 6.85683 6.85683 6.88125 6.94706 7.50154 8.03551 8.10817 8.93185 8.91369 8.89927 8.78316 8.73855 8.73855 8.73855 8.73855 8.73855 8.73855 8.64583 8.41301 8.41301 8.41301 8.41301 8.36141 7.71531 7.71147 7.71147 7.16556 6.30100 5.65820 5.95616 6.11773 6.06708 5.84805 5.28191 5.22611
0.812557 0.707966 0.687809 0.667700 0.647736 0.620230 0.573541 0.544572 0.536751 0.607529 0.756625 0.578607 0.513373 0.513373 0.513373 0.513373 0.513373 0.513373 0.513373 0.513373 0.513373 0.513373 0.586030 0.659203 5.48675 5.48675 5.48675 5.48675 5.48675 5.48675 6.65241 6.85683 6.85658 6.84804 6.91292 7.22004 7.96825 7.96491 8.76031 8.89853 8.89853 8.81923 8.73855 8.73855 8.73855 8.73855 8.73855 8.73855 8.72273 8.41910 8.41301 8.41301 8.41301 8.39115 7.75887 7.58835 7.53766 7.30544 6.21644 5.33252 5.48135 5.78263 5.64902 5.47389 4.74621 4.58904
