High_resolution/powerplant/Chizhou/OMI_NO2_200611.asc
ncols      200
nrows      200
xllcorner       115.585
yllcorner       28.7700
cellsize     0.0166667
NODATA_Value      -999.000
[rows 112 to 139 of 165, columns 64 to 127 of 200]
4.68277 4.68277 4.68277 4.68277 4.68277 4.68277 4.68277 0.00000 5.68697 7.22892 8.19251 8.11845 8.10544 8.10544 8.10544 8.10544 8.10544 8.10544 8.10544 8.10544 8.09070 7.77085 7.33074 7.21835 7.04855 6.94868 7.54848 7.54821 7.54821 7.54821 7.61686 7.72621 7.72621 7.72621 7.73928 8.62651 8.69705 8.69705 9.16757 9.51322 9.51322 9.36212 8.30291 7.79968 7.36182 7.36182 7.36182 7.58916 7.83856 7.83856 7.83856 7.80408 7.61773 6.55338 5.83016 5.71594 5.71480 5.62169 5.50634 5.50619 5.50604 5.48421 5.07012 3.39910
4.68277 4.68277 4.68277 4.68277 4.68277 4.68277 4.68277 0.00000 5.14323 5.74705 8.11069 8.10544 8.10544 8.10544 8.10544 8.03244 7.63163 7.19152 6.75141 6.31130 5.88593 5.76566 5.76566 5.93716 6.36393 6.45148 7.51850 7.54821 7.54821 7.54821 7.57922 7.72621 7.72621 7.72621 7.72621 8.35505 8.69705 8.69705 8.95502 9.51322 9.51322 9.51322 8.48476 8.01276 7.36182 7.36182 7.36182 7.43769 7.60911 7.26555 6.92222 6.61324 6.44052 6.06696 5.71403 5.71396 5.71396 5.64726 5.38000 5.19173 4.99179 4.77822 4.35948 2.98879
4.68277 4.68277 4.68277 4.63450 4.45909 4.25584 4.02565 0.00000 5.09940 5.14641 7.59776 7.49265 7.05254 6.61219 6.17208 5.80497 5.76566 5.76566 5.76566 5.76566 5.76566 5.76566 5.76566 5.79335 6.35111 6.36393 7.32619 7.54821 7.54821 7.54821 7.54996 7.71711 7.72621 7.72621 7.72621 8.03208 8.69705 8.69705 8.75116 9.50456 9.51322 9.44565 8.56993 7.79493 6.63732 6.22459 5.81385 5.41418 6.00814 6.09469 6.09584 6.08306 5.99499 5.61591 5.05261 4.80157 4.53369 4.28589 4.11445 4.09515 4.07513 4.05477 3.91754 3.08170
4.35141 4.15695 3.93945 3.77345 3.79498 3.82503 3.85514 0.00000 0.00000 5.13701 5.49301 5.76566 5.76566 5.76566 5.76566 5.76566 5.76566 5.76566 5.76566 5.76566 5.76566 5.76566 5.76639 5.77631 6.24550 6.39992 7.09479 7.60953 7.62222 7.63489 7.64754 7.72640 7.74531 7.74704 7.74697 7.75914 8.64029 8.69136 8.68364 8.62047 8.34511 8.01166 7.41836 6.34089 5.42342 5.28315 5.22598 5.30954 5.59599 5.43280 5.19010 4.94652 4.78464 4.51704 4.09288 4.01822 4.00839 3.99860 3.95164 3.92259 3.92232 3.92232 3.88862 3.47876
3.58757 3.58000 3.56834 3.55656 3.54479 3.53317 3.52152 0.00000 0.00000 5.12569 5.25904 5.85130 5.86408 5.87663 5.88939 5.90201 5.91466 5.92740 5.93997 5.95273 5.96531 5.97805 5.98997 5.99269 6.29258 6.59096 7.00050 7.76771 7.76730 7.75592 7.74454 7.72625 7.70810 7.69717 7.72682 7.78988 8.46408 8.64134 8.46312 8.08340 7.73762 7.69095 7.70275 6.87606 6.09970 5.69169 5.85562 5.90745 5.56075 4.70645 4.70645 4.70645 4.70645 4.52573 4.15400 3.98156 3.98156 3.98156 3.96065 3.92232 3.92232 3.92232 3.90522 3.81305
3.50288 3.50288 3.50288 3.50288 3.50288 3.50288 3.50288 0.00000 0.00000 5.09696 5.03828 5.92971 5.99269 5.99269 5.99269 5.99269 5.99269 5.99269 5.99269 5.99269 5.99269 5.97305 5.90968 5.85913 5.99317 6.62275 6.82126 8.02759 8.13122 8.19546 8.25962 8.31969 8.37425 8.43795 8.45264 8.32729 8.28209 8.29081 8.29264 8.20305 8.01681 8.10326 8.10745 7.51580 6.75272 5.90745 5.90745 5.90745 5.84107 4.72542 4.70645 4.70645 4.70645 4.59056 4.26157 3.98156 3.98156 3.98156 3.97654 3.92264 3.92232 3.89579 3.68739 3.37777
3.50288 3.50288 3.50288 3.50178 3.48817 3.47103 3.45389 0.00000 0.00000 4.98118 5.13449 5.65302 6.02951 6.05384 6.07722 6.05291 6.00276 5.95246 5.90220 5.85192 5.80167 5.77108 5.78417 5.78447 5.80654 6.74132 6.79384 8.27830 8.47650 8.42032 8.25990 8.09560 7.92048 8.13709 8.29616 8.39933 8.43884 8.42242 8.42153 8.40895 8.11555 8.10745 8.10745 7.73434 7.07398 5.90745 5.90745 5.90745 5.90745 5.01385 4.70645 4.70645 4.70645 4.65548 4.36656 3.98415 3.98156 3.97783 3.81987 3.53256 3.28144 3.06846 3.03491 2.97684
3.36522 3.34810 3.33094 3.31489 3.31137 3.31137 3.31137 0.00000 0.00000 5.15271 5.43827 5.41851 5.95876 5.88410 5.81054 5.78447 5.78447 5.78447 5.78447 5.78447 5.78447 5.78447 5.78447 5.77900 5.58485 6.01389 6.01701 6.88298 7.69370 7.58713 7.58481 7.58481 7.57266 8.00196 8.43938 8.43938 8.43938 8.42721 8.42153 8.42153 8.18481 8.10745 8.10745 7.95297 7.30605 5.99636 5.90745 5.90745 5.90745 5.35880 4.70645 4.70645 4.70645 4.70377 4.32324 3.72869 3.41158 3.17570 3.09212 3.05190 3.01488 3.00564 2.99637 2.94562
3.31137 3.31137 3.31137 3.31137 3.31137 3.31137 3.31137 0.00000 0.00000 0.00000 4.98789 4.68392 5.78387 5.78447 5.78447 5.78447 5.78447 5.78447 5.74446 5.49067 5.20539 4.91995 4.63482 4.35502 4.26297 4.71312 5.26584 5.99538 7.47151 7.58481 7.58481 7.58481 7.57581 7.74070 8.43938 8.43938 8.43938 8.43301 8.42153 8.42153 8.26659 8.10745 8.10745 8.10278 7.38529 6.30719 5.90745 5.90745 5.90745 5.67111 4.66572 4.43811 4.15662 3.87179 3.45115 3.17141 3.04531 3.03605 3.02883 3.01304 2.94568 2.88519 2.82418 2.73837
3.33119 3.31137 3.31137 3.31137 3.31137 3.31137 3.31137 0.00000 0.00000 0.00000 5.24429 4.51746 5.58708 5.67903 5.39649 5.11121 4.82516 4.53958 4.29446 4.26297 4.26297 4.26297 4.26297 4.26297 4.26297 4.44892 5.26584 5.63993 7.25790 7.58481 7.58481 7.58481 7.57851 7.57221 8.35653 8.43938 8.43938 8.43861 8.42220 8.42153 8.34833 8.10745 8.10745 8.10745 7.59491 6.59145 5.82480 5.63815 5.40254 5.15667 3.69413 3.54460 3.55169 3.56198 3.40274 3.16265 2.98648 2.93167 2.87681 2.82071 2.74422 2.75143 2.76127 2.76283
3.42598 3.31137 3.31137 3.31137 3.29049 3.23186 3.17266 0.00000 0.00000 0.00000 5.92079 4.71451 4.33739 4.26571 4.26297 4.26297 4.26297 4.26297 4.26297 4.26297 4.26297 4.26297 4.26297 4.26297 4.26297 4.26838 5.18200 5.31997 7.00539 7.55909 7.53290 7.50694 7.50665 7.64312 8.21608 8.51757 8.52785 8.53655 8.48442 8.43475 8.38703 8.09136 8.05069 7.92346 7.40940 6.34471 5.11987 5.07776 5.08361 5.04459 4.06623 3.54563 3.48097 3.41632 3.26996 3.06113 2.89989 2.89755 2.89755 2.89756 2.86166 2.84723 2.84723 2.84724
3.63761 2.96436 2.90353 2.84287 2.80325 2.80091 2.79934 0.00000 0.00000 0.00000 5.99865 4.96559 4.20748 4.18762 4.16167 4.13529 4.10933 4.08314 4.05700 4.03099 4.00462 3.97871 3.95242 3.92632 3.90027 3.87399 4.50825 4.82458 6.04953 7.09685 7.11712 7.08758 7.04547 7.64638 7.90950 8.38758 8.32786 8.26966 8.25330 8.19377 7.98128 7.58797 7.29716 7.13255 6.87768 5.93743 4.42901 4.10052 3.76843 3.45895 3.41215 3.84938 4.31457 4.66674 3.35240 3.07126 2.93438 2.89758 2.89758 2.89758 2.87536 2.84724 2.84724 2.84724
3.82526 2.79126 2.78110 2.78110 2.78110 2.78110 2.78110 0.00000 0.00000 0.00000 0.00000 5.12210 3.88184 3.78885 3.79528 3.79528 3.79528 3.79528 3.79528 3.79528 3.79528 3.79528 3.79528 3.79528 3.80352 3.86906 4.23868 4.62257 5.36703 6.43579 6.52789 6.44957 6.41606 6.96997 7.14368 7.99846 7.98321 7.95032 7.78716 6.95564 6.63481 6.20145 5.71460 5.39353 5.20617 4.81171 3.68476 3.86412 4.32908 4.75388 5.10281 5.15582 5.15582 5.15582 3.85997 3.09897 2.97883 2.89758 2.89758 2.89758 2.88905 2.84724 2.84724 2.84724
3.90376 3.07658 2.78110 2.78110 2.78110 2.78110 2.78110 0.00000 0.00000 0.00000 0.00000 5.47740 4.11244 3.74070 3.79528 3.80630 3.85554 3.90811 3.98942 4.11798 4.24702 4.37617 4.50526 4.63435 4.75536 4.81887 4.86721 4.88701 5.07012 5.80600 6.21958 6.21958 6.16029 6.40511 6.49679 6.91013 6.66971 6.27028 5.97307 5.58562 5.48136 5.42483 5.25502 5.62877 6.01350 6.14579 5.59101 5.15582 5.15582 5.15582 5.15582 5.15582 5.15582 5.15582 4.42881 3.15836 3.02339 2.89758 2.89758 2.89758 2.89981 2.87419 2.89170 2.91445
3.96138 3.51331 2.89858 2.91892 2.93923 2.95957 2.97992 0.00000 0.00000 0.00000 0.00000 7.40057 5.39475 4.40392 4.54900 4.66708 4.74698 4.82356 4.87129 4.87197 4.87197 4.87197 4.87197 4.87197 4.87197 4.87197 4.87105 4.84581 4.84426 5.38329 5.49184 5.29908 5.16518 5.43992 5.87789 5.87789 5.87789 5.87789 5.95830 6.19286 6.28767 6.62480 6.67067 6.68763 6.68763 6.58457 5.89440 5.15582 5.15582 5.15582 5.15582 5.15582 5.15582 5.15582 4.93826 3.21823 3.06414 2.91654 2.93533 2.95809 2.97854 2.95002 2.91911 2.90198
4.07398 3.90807 3.00807 3.00807 3.00807 3.00807 3.00807 0.00000 0.00000 0.00000 0.00000 8.34325 7.15119 5.00463 4.87197 4.87197 4.87197 4.87197 4.87197 4.87197 4.87197 4.86461 4.81408 4.75640 4.69891 4.64123 4.58466 4.57458 4.58038 5.06895 5.15915 5.16073 5.16073 5.28624 5.96764 6.40525 6.83109 7.21189 7.50369 7.48892 6.93973 6.92836 6.76524 6.68763 6.68763 6.67622 6.16862 5.15582 5.15582 5.15582 5.15582 5.15582 5.15582 5.16288 5.18039 3.64444 3.06847 2.95321 2.91560 2.89847 2.88133 2.84682 2.80923 2.82315
4.07398 4.07062 3.14880 3.00807 3.00807 3.00807 3.00807 0.00000 0.00000 0.00000 0.00000 0.00000 7.49009 5.29772 4.88336 4.87197 4.85220 4.79535 4.73782 4.68018 4.62265 4.57237 4.56534 4.56534 4.56534 4.56534 4.56534 4.57065 4.58038 4.93973 5.15483 5.16073 5.48864 6.62972 7.47986 7.53499 7.53499 7.53499 7.53499 7.53499 7.07845 6.92836 6.82762 6.68763 6.68763 6.68763 6.40876 5.26999 5.13320 5.09885 5.07870 5.06027 5.04186 5.01638 4.98086 4.08243 2.82796 2.81957 2.82732 2.83277 2.83827 2.84953 2.99973 3.03215
4.07398 4.07398 3.50291 3.00807 3.00807 3.00807 3.00807 0.00000 0.00000 0.00000 3.54245 3.54245 6.62477 5.30518 4.68462 4.60392 4.56617 4.56534 4.56534 4.56534 4.56534 4.56534 4.56534 4.56534 4.56534 4.56534 4.56534 4.56677 4.58033 4.81007 5.15044 5.16073 5.24435 6.90289 7.39524 7.56480 7.59087 7.61704 7.64311 7.66928 7.41915 7.07325 7.02857 6.79511 6.77953 6.76462 6.59170 5.60730 5.26044 5.29814 5.32177 5.34357 5.37385 5.41055 5.44680 5.13654 2.81252 2.68595 2.71548 2.73363 2.75166 2.76983 2.93692 2.99013
4.14698 4.02083 3.74037 3.40504 3.49344 3.58413 3.67662 3.54245 3.54245 3.54245 3.54245 3.54245 4.81610 5.29698 4.60842 4.56534 4.57166 4.61372 4.66315 4.71358 4.76569 4.81927 4.87438 4.93172 4.99002 5.05094 5.11351 5.17791 5.26024 5.45506 6.10823 6.21323 6.30363 7.82495 8.19520 8.03571 8.00376 7.97182 7.93995 7.90798 7.81247 7.20433 7.20503 6.94052 6.93433 6.95949 6.90937 6.11328 5.53769 5.56768 5.59779 5.62773 5.64927 5.62348 5.48303 5.32359 3.41480 2.89053 2.90079 2.90117 2.90117 2.90117 3.00016 3.08530
4.25484 4.25484 4.25790 4.35175 4.35625 4.35625 4.35625 3.54245 3.54245 3.54245 3.54245 3.54245 4.08948 5.77575 5.60328 5.60763 5.67744 5.68685 5.68685 5.68685 5.68685 5.68685 5.68685 5.68685 5.68685 5.68685 5.68685 5.68666 5.67175 5.62299 6.27051 6.28770 6.25243 7.09746 8.07084 7.89469 7.90294 7.91120 7.91944 7.92769 7.93613 7.47254 7.35867 7.16337 7.05662 7.06372 7.06855 6.53624 5.69731 5.65370 5.49638 5.33395 5.17146 5.04949 5.04262 5.04262 4.00810 2.89020 2.89830 2.90117 2.90117 2.90117 2.94998 3.08530
4.25484 4.25484 4.25484 4.31877 4.35625 4.35625 4.35625 3.54245 3.54245 3.54245 3.54245 3.54245 3.54389 5.76141 5.77071 5.70723 5.68685 5.68685 5.68685 5.68582 5.67363 5.65628 5.63012 5.60299 5.57585 5.54870 5.52157 5.49462 5.39550 5.20255 5.96359 6.28269 6.29284 6.49179 8.20210 7.95853 7.96667 7.97517 7.98372 7.99223 8.00057 7.71773 7.38889 7.26554 7.06927 7.02201 6.86436 6.46305 5.19909 5.04803 5.04262 5.04262 5.04262 5.04262 5.04262 5.04262 4.54803 2.89020 2.89549 2.90117 2.90117 2.90117 2.90684 3.07147
4.25484 4.26841 4.30215 4.38956 4.56848 4.64607 4.73265 3.54245 3.54245 3.54245 3.54245 3.54245 3.54245 5.37248 5.68006 5.61651 5.54557 5.51842 5.49129 5.46516 5.45022 5.44044 5.43947 5.43947 5.43947 5.43947 5.43947 5.43947 5.42371 5.18646 5.80906 6.47950 6.33097 6.34521 7.92618 8.03080 8.00324 8.00324 8.00324 8.00324 8.00324 7.86935 7.18245 6.97626 6.53453 6.41930 6.41459 6.29644 5.28123 5.04262 5.04262 5.04262 5.04262 5.04262 5.04262 5.04262 4.97933 2.97034 2.89268 2.89878 2.87672 2.85030 2.82387 2.93709
4.74969 4.79066 4.79090 4.84155 5.52875 5.52979 5.52979 3.54245 3.54109 3.51651 3.49023 3.46980 3.45345 4.30287 5.38501 5.50660 5.43947 5.43947 5.43947 5.43947 5.43947 5.43947 5.43947 5.43947 5.45431 5.58312 5.73561 5.88810 6.04067 5.98976 6.27345 7.06729 6.40719 6.37081 7.37267 8.09023 8.00324 7.93882 7.74658 7.55151 7.35675 7.22194 6.82898 6.73420 6.45636 6.41459 6.41459 6.38786 5.51703 5.04262 5.04262 5.04262 5.04262 5.04262 5.04262 5.04244 5.02880 3.48367 2.83377 2.80593 2.79321 2.78907 2.78492 2.86338
4.79090 4.79090 4.79090 4.79090 5.31734 5.52979 5.52979 3.43735 3.42699 3.42440 3.42440 3.42440 3.42440 3.82457 5.20136 5.52279 5.44670 5.43947 5.43947 5.48335 5.63154 5.78403 5.93653 6.08910 6.22683 6.25059 6.25059 6.25059 6.25059 6.11571 6.04057 7.06417 6.58964 6.37081 6.67468 7.64253 7.35117 7.22084 7.21762 7.21762 7.21762 7.21762 6.97783 6.73420 6.53865 6.41459 6.41459 6.41459 5.81730 5.04262 5.04262 5.05045 5.06796 5.07188 5.07558 5.07937 5.09670 4.18353 3.00393 2.83980 2.77468 2.78889 2.80878 2.86552
4.79090 4.79090 4.79090 4.79090 5.06163 5.52979 5.52979 3.42440 3.42440 3.42440 3.42440 3.42440 3.42440 3.45742 4.99033 5.52306 5.71062 5.98495 6.13752 6.24621 6.25059 6.25059 6.25059 6.25059 6.25059 6.25059 6.25059 6.25059 6.25059 6.18321 5.99305 6.86028 6.78772 6.37081 6.37081 7.17372 7.21762 7.21762 7.21762 7.21762 7.21762 7.21703 7.14271 6.73244 6.61921 6.43969 6.46433 6.48901 6.23882 5.14498 5.14632 5.14113 5.12629 5.12498 5.12398 5.13034 5.14494 4.74558 3.13864 3.04151 2.93723 2.94488 2.94688 2.94797
4.79090 4.79090 4.79378 5.02311 5.45061 5.52979 5.52979 3.42440 3.42440 3.42422 3.42395 3.42368 3.42340 3.42313 4.61973 5.48785 5.78564 6.25059 6.25059 6.25059 6.25059 6.25059 6.25059 6.25059 6.25059 6.25059 6.25059 6.25059 6.25059 6.24219 6.00158 6.60876 6.98592 6.37081 6.37081 6.93148 7.19985 7.19636 7.17694 7.15111 7.12528 7.10003 7.07539 6.67188 6.57757 6.55441 6.53233 6.50759 6.38222 5.25398 5.13580 5.15172 5.16767 5.18359 5.19951 5.20809 5.11983 4.73750 3.28571 3.13476 2.95110 2.95113 2.95113 2.95113
5.33821 6.21547 6.97253 7.41259 7.43330 7.43330 0.00000 3.42337 3.42309 3.42300 3.42300 3.42300 3.42300 3.42300 4.30979 5.33236 5.58647 6.24622 6.25059 6.25059 6.25059 6.25059 6.25059 6.25059 6.25059 6.25059 6.25059 6.25059 6.25059 6.25059 6.06071 6.34002 7.02467 6.37261 6.23056 6.43963 7.04450 6.97628 6.94048 6.91114 6.88169 6.85235 6.82301 6.54756 6.25513 6.17817 6.11227 6.05016 6.00338 5.47583 5.20968 5.20968 5.11496 4.88975 4.64373 4.37453 4.20553 4.19270 3.22899 3.17899 2.96624 2.95113 2.95113 2.95113
5.88817 7.43330 7.43330 7.43330 7.43330 7.43330 0.00000 3.42300 3.42300 3.42300 3.42300 3.42300 3.42300 3.42300 3.94994 5.16626 5.52239 6.10677 6.25059 6.25059 6.25059 6.25059 6.25059 6.25059 6.23918 6.23634 6.23971 6.24311 6.24646 6.24984 5.92510 5.62054 6.36483 5.90307 5.55501 5.51905 6.59296 6.67516 6.66512 6.61983 6.57152 6.52305 6.47466 6.34724 5.97919 5.97526 5.97223 5.97223 5.88649 5.35208 4.63583 4.36597 4.20493 4.20457 4.20457 4.20457 4.20457 4.20457 3.43196 3.18138 3.02288 2.95113 2.95113 2.95113
