High_resolution/powerplant/Chizhou/OMI_NO2_2006_06-08.asc
ncols      200
nrows      200
xllcorner       115.585
yllcorner       28.7700
cellsize     0.0166667
NODATA_Value      -999.000
[rows 0 to 28 of 200, columns 66 to 131 of 200]
2.23826 2.41905 2.62905 2.65973 2.44338 2.39131 2.38747 2.42268 2.48823 2.50741 2.49221 2.48631 2.52587 2.64792 2.67879 2.69263 2.71361 2.76481 2.76746 2.75813 2.41370 2.41439 2.51123 2.60431 2.73542 2.84499 2.97467 2.98552 3.29464 3.64737 4.07078 3.88666 3.93485 3.71357 3.63981 3.79077 4.12861 4.20331 4.52392 4.28952 4.29399 4.28990 4.22611 4.22162 4.21769 4.21545 4.21542 4.21542 4.21542 4.16246 3.57954 3.57272 3.65665 3.57404 3.51401 3.24812 3.09748 3.20447 3.25345 3.28953 3.34540 3.38787 3.62559 3.78181 3.64357 3.62358
2.33536 2.45444 2.68129 2.70604 2.51859 2.35643 2.41309 2.44403 2.49864 2.52399 2.50918 2.48816 2.50272 2.53290 2.51716 2.53366 2.53632 2.61104 2.64588 2.70261 2.66056 2.75387 2.87131 2.97741 3.03025 2.96862 2.95024 2.89013 3.06350 3.38078 3.69141 3.61662 3.90144 3.67885 3.64068 3.69844 4.07836 3.96950 4.49209 4.29442 4.27430 4.27281 4.22096 4.21915 4.21771 4.21646 4.21818 4.22241 4.22630 4.22205 3.57563 3.44485 3.50721 3.86079 3.93661 3.78699 3.82631 3.88098 3.88035 3.92690 3.99366 4.04487 4.01533 4.05854 3.81040 3.70148
2.37967 2.46849 2.69934 2.75264 2.65973 2.39444 2.40771 2.40523 2.41056 2.41546 2.37349 2.32567 2.30225 2.33845 2.36621 2.52208 2.57612 2.79499 2.93197 2.96260 2.89544 2.84166 2.79384 2.82395 2.88854 2.82081 2.84417 2.80524 2.84596 3.18148 3.50160 3.47505 3.74285 3.62714 3.57369 3.61072 3.83371 3.78165 4.20313 4.27629 4.19432 4.17608 4.11778 4.12665 4.11346 4.10916 4.13567 4.14728 4.15718 4.17517 3.77851 3.49350 3.55735 4.15837 4.23583 4.06029 3.98491 3.93821 3.89848 3.90598 3.95575 4.00477 3.70418 3.70794 3.64938 3.50719
2.43546 2.47330 2.51725 2.51991 2.48724 2.22262 2.25129 2.24190 2.21448 2.24088 2.21476 2.23968 2.34049 2.49364 2.61946 2.75293 2.68418 2.86136 2.86979 2.84991 2.84407 2.82753 2.77353 2.80750 2.86770 2.82466 2.84227 2.79527 2.77357 3.02249 3.37559 3.35011 3.59135 3.55985 3.32426 3.49037 3.60239 3.60192 3.77180 4.12022 4.03119 4.03666 4.02225 4.05175 4.06589 4.09034 4.14930 4.19431 4.23994 4.26666 4.04318 3.61109 3.61092 4.05799 4.25982 4.17411 4.04211 3.99257 3.97132 4.00062 3.99194 4.01854 3.30764 3.26394 3.28629 3.22445
2.49681 2.51670 2.53682 2.54058 2.53310 2.31192 2.29379 2.29920 2.28492 2.30091 2.28570 2.31919 2.53194 2.63895 2.69065 2.76072 2.70583 2.84134 2.81245 2.83995 2.88193 2.87987 2.79481 2.82420 2.85400 2.81430 2.80623 2.77933 2.76692 2.88561 3.27640 3.29684 3.51664 3.54988 3.27412 3.46985 3.57253 3.62725 3.66272 4.14764 4.06997 4.09416 4.11021 4.16962 4.20422 4.25762 4.30937 4.36657 4.37696 4.36712 4.30416 3.75581 3.73420 3.93667 4.26787 4.24433 4.03064 3.95047 3.94450 3.95501 3.98938 4.00454 3.44560 3.31946 3.35294 3.30758
2.53838 2.50671 2.52946 2.54709 2.61351 2.49228 2.44791 2.43441 2.42106 2.44564 2.42929 2.40768 2.57625 2.69246 2.72702 2.82266 2.87524 3.02537 3.01791 3.13500 3.18735 3.02347 2.77167 2.77722 2.78004 2.78326 2.74481 2.71620 2.75364 2.76154 3.19816 3.27308 3.47025 3.47148 3.23136 3.53100 3.62967 3.74416 3.70148 4.32547 4.30589 4.36769 4.37594 4.37404 4.31381 4.28297 4.27280 4.28138 4.24580 4.14886 4.07435 3.92366 3.92430 3.88457 4.33711 4.31063 4.11764 3.95162 3.92805 3.93069 3.94626 3.94883 3.63106 3.41691 3.35800 3.31995
2.56080 2.47476 2.49639 2.51191 2.62765 2.56424 2.48738 2.45685 2.46040 2.49807 2.48990 2.50751 2.66895 2.92167 3.06067 3.05160 3.03982 3.13045 3.05558 3.10602 3.08929 3.05771 2.84801 2.82676 2.81664 2.88209 2.85850 2.80243 2.85103 2.82359 3.18031 3.38645 3.48355 3.48147 3.27010 3.67532 3.72150 3.87256 3.68201 4.16463 4.19771 4.14038 4.08433 4.05477 4.03603 4.04157 4.06765 4.10280 4.11040 4.04693 4.07580 4.03464 4.03891 3.92807 4.35605 4.36647 4.23280 4.03594 4.02222 4.02657 4.05899 4.03837 3.80935 3.44912 3.49549 3.52224
2.50831 2.38753 2.38138 2.34416 2.43661 2.44658 2.60221 2.55840 2.56553 2.58155 2.56847 2.56030 2.59003 2.77469 2.86537 2.84496 2.83542 3.00543 3.01296 3.08873 3.10000 3.14047 2.97991 2.91450 2.89015 2.95527 2.96897 2.88641 2.95213 2.87883 3.13857 3.47847 3.66819 3.82297 3.70836 3.79629 3.81478 3.85319 3.70276 3.98274 4.19469 4.12709 4.10563 4.10215 4.09791 4.10949 4.14410 4.16051 4.16966 4.08072 4.08656 4.01152 3.97667 3.88183 4.22700 4.38418 4.37263 4.19069 4.15782 4.25142 4.19405 4.13916 4.06558 3.68845 3.60780 3.53042
2.62242 2.48746 2.49352 2.44799 2.51560 2.58063 2.70382 2.67528 2.62489 2.58833 2.53070 2.50008 2.50243 2.65204 2.76657 2.80155 2.82205 2.92713 2.98760 3.04762 3.04919 3.14349 2.91465 2.85367 2.86818 2.93463 3.02194 2.95506 3.04841 2.97734 3.16539 3.54347 3.67638 3.82455 3.71640 3.76176 3.75262 3.75012 3.74144 3.92606 4.22037 4.18547 4.15352 4.15578 4.15573 4.13702 4.14382 4.08325 4.07464 4.00191 4.01240 3.97722 3.95627 3.88634 4.15000 4.45821 4.51695 4.40104 4.31993 4.32002 4.06667 3.88949 3.83756 3.44414 3.38278 3.32327
2.74930 2.63412 2.48396 2.43127 2.39391 2.44790 2.49322 2.52787 2.52353 2.51445 2.50135 2.50323 2.52661 2.63032 2.78820 2.83163 2.85195 2.86491 2.97064 3.00904 2.99770 3.09410 2.88524 2.84147 2.90495 2.93880 3.08780 2.97952 3.03705 2.94231 3.06611 3.31122 3.53479 3.63546 3.63400 3.72896 3.65716 3.61265 3.62156 3.84523 4.20241 4.15563 4.07421 4.05991 4.09049 4.11320 4.16774 4.12823 4.02306 3.99398 4.07496 4.29022 4.41165 4.50586 4.55300 4.54134 4.53884 4.42393 4.28640 4.23843 4.09681 3.81972 3.78108 3.52034 3.44447 3.39494
2.75072 2.68832 2.48582 2.46848 2.36786 2.48073 2.53526 2.60020 2.59862 2.58086 2.59455 2.59391 2.61356 2.66247 2.85300 2.88401 2.88741 2.87749 2.98312 3.02964 3.06600 3.14892 3.08076 3.02535 3.09671 3.08231 3.28630 3.16888 3.16157 3.08872 3.20261 3.31743 3.62278 3.79485 3.85188 3.96023 3.80900 3.81129 3.90177 4.07317 4.39118 4.34576 4.29286 4.33026 4.37529 4.39318 4.44243 4.54238 4.53802 4.58895 4.62583 4.60565 4.56287 4.56044 4.54306 4.54480 4.54273 4.45977 4.32632 4.18175 4.17253 3.79731 3.69953 3.74136 3.78774 3.72613
2.76178 2.76769 2.65827 2.56639 2.46652 2.51934 2.57825 2.65798 2.66312 2.63928 2.64657 2.64617 2.64981 2.65176 2.84158 2.91136 2.92648 2.94431 3.03213 3.15419 3.19699 3.20730 3.21653 3.01056 3.11743 3.09746 3.27562 3.25889 3.32401 3.25556 3.39445 3.39943 3.84382 3.98809 4.11742 4.19411 4.00384 4.03205 4.17216 4.33170 4.50741 4.51660 4.45195 4.55760 4.73950 4.79240 4.81942 4.79405 4.67193 4.61584 4.61356 4.62940 4.61876 4.60157 4.56556 4.53268 4.54103 4.49343 4.39550 4.23423 4.19702 3.87454 3.63253 3.63834 3.68457 3.66242
2.77170 2.76135 2.73005 2.58841 2.54199 2.50811 2.61010 2.65959 2.68829 2.67012 2.69604 2.71610 2.74316 2.78154 2.94218 3.11597 3.11757 3.13081 3.10090 3.20235 3.20218 3.14152 3.16847 3.06937 3.18898 3.17238 3.29242 3.38086 3.48710 3.42517 3.51557 3.52717 3.81976 3.92581 4.10303 4.19806 4.03071 4.09279 4.37326 4.60559 4.82960 4.95527 4.88989 4.84731 4.81010 4.79845 4.78972 4.78889 4.72606 4.59100 4.57929 4.57535 4.55973 4.54100 4.50563 4.44565 4.42606 4.39280 4.25138 4.01435 3.93689 3.82258 3.45355 3.43437 3.46379 3.48186
2.86819 2.82479 2.83326 2.64508 2.61681 2.49258 2.65511 2.70164 2.77981 2.77793 2.80805 2.84228 2.85369 2.83800 2.87033 3.04290 2.95150 2.90064 2.82135 2.99978 3.02778 3.00288 3.11321 3.15978 3.22456 3.26535 3.36831 3.48864 3.58299 3.52603 3.58511 3.55006 3.72088 3.97286 4.19649 4.37510 4.31883 4.37436 4.58055 4.75501 4.79284 4.92321 4.81648 4.77985 4.77092 4.75055 4.72849 4.71080 4.70023 4.52925 4.51991 4.51616 4.50374 4.49432 4.48200 4.42070 4.41839 4.39286 4.27334 4.00170 3.80242 3.76461 3.38329 3.36263 3.39194 3.40199
2.80544 2.76029 2.78758 2.64629 2.62762 2.49259 2.60902 2.64938 2.66376 2.63031 2.63712 2.64910 2.67842 2.66923 2.67492 2.88227 2.90176 2.87825 2.93141 3.22851 3.26692 3.21921 3.25179 3.21383 3.25645 3.32824 3.39087 3.46369 3.64112 3.66398 3.74117 3.82007 3.83642 4.21567 4.20741 4.32982 4.40761 4.31784 4.33038 4.57350 4.60363 4.82475 4.72875 4.73145 4.73725 4.73324 4.72042 4.69942 4.69278 4.54193 4.47566 4.46319 4.43038 4.39925 4.39540 4.30086 4.28507 4.30895 4.27499 4.09705 3.86635 3.81065 3.50651 3.33736 3.36686 3.44769
2.66719 2.59733 2.60404 2.52112 2.48869 2.43185 2.44713 2.50132 2.41795 2.39466 2.35240 2.34174 2.39870 2.41237 2.49585 2.65331 2.79161 2.70819 2.92352 3.12591 3.15457 3.18487 3.23957 3.22096 3.33370 3.48854 3.64276 3.63409 3.94511 3.84274 3.79497 3.76948 3.63886 3.83340 3.97774 3.94736 4.26312 4.36546 4.23708 4.55986 4.55235 4.83130 4.76424 4.71293 4.70829 4.69533 4.65745 4.61605 4.58609 4.46693 4.31798 4.31610 4.31747 4.35331 4.42723 4.42278 4.42643 4.42700 4.34929 4.14850 3.90671 3.86237 3.73084 3.49544 3.51999 3.55683
2.60789 2.51441 2.52303 2.48535 2.45073 2.45709 2.38083 2.51906 2.45101 2.41908 2.40476 2.40389 2.50030 2.51829 2.53636 2.61666 2.82074 2.67868 2.91868 3.11830 3.29255 3.34854 3.44762 3.51587 3.61268 3.59602 3.68899 3.49227 3.78531 3.70474 3.72138 3.68926 3.56103 3.71616 3.89419 3.88001 4.05826 4.39417 4.20236 4.47315 4.45718 4.68893 4.69283 4.58939 4.56287 4.52960 4.50335 4.51380 4.52042 4.50740 4.41195 4.45059 4.48186 4.47267 4.43255 4.32654 4.17326 4.10570 4.07762 4.04254 4.01378 3.93211 3.87637 3.51700 3.54307 3.58419
2.60829 2.50891 2.47246 2.46329 2.49649 2.49576 2.47035 2.66111 2.68437 2.64334 2.64874 2.69438 2.78188 2.79631 2.78537 2.79999 3.09506 2.98144 3.23401 3.43770 3.62993 3.68073 3.68186 3.67664 3.74043 3.72546 3.80472 3.66598 3.91274 3.83117 3.81938 3.81749 3.78790 3.83655 4.10687 4.05556 3.97840 4.38677 4.21788 4.32621 4.34197 4.48241 4.62893 4.52539 4.53785 4.55048 4.56442 4.57336 4.58153 4.57657 4.42816 4.31456 4.23352 4.16138 4.12537 4.16699 4.08962 4.09692 4.11160 4.06779 4.02679 3.93932 3.88831 3.61475 3.58886 3.58804
2.61551 2.44713 2.42647 2.42076 2.47207 2.49347 2.55524 2.68706 2.78492 2.70744 2.67661 2.69512 2.79992 2.82990 2.84298 2.84020 3.10503 3.21181 3.33267 3.50480 3.70530 3.68426 3.68967 3.67378 3.70879 3.68946 3.79159 3.67628 3.97515 3.87269 3.82271 3.81689 3.75639 3.72735 3.87374 3.92925 3.81735 4.36274 4.38737 4.36571 4.48135 4.50495 4.57343 4.50663 4.48354 4.47844 4.43380 4.35325 4.24982 4.16452 4.04541 3.97058 4.00775 4.01989 4.05402 4.04337 4.03626 4.03023 4.04981 4.01730 3.95440 3.87475 3.77857 3.74969 3.65395 3.60110
2.60409 2.46973 2.48556 2.44966 2.50320 2.50081 2.54894 2.63083 2.79329 2.70017 2.63560 2.60945 2.68199 2.74612 2.85766 2.82797 2.93620 3.20017 3.25227 3.46179 3.64205 3.66839 3.65459 3.62879 3.79437 3.79034 3.85320 3.74995 3.90571 3.76148 3.67990 3.68895 3.66119 3.66297 3.76583 3.89838 3.93083 4.34757 4.47000 4.28370 4.37053 4.31607 4.43339 4.39161 4.21593 4.14271 4.08504 4.05086 4.06828 4.05914 4.02398 3.93534 3.95251 3.93569 4.02044 4.04817 4.04675 4.04864 4.07638 4.05523 3.98269 3.95396 3.80628 3.83632 3.70845 3.68761
2.48547 2.38366 2.38643 2.34819 2.39323 2.37015 2.35812 2.45758 2.61562 2.59519 2.52199 2.50742 2.56091 2.61260 2.72455 2.76523 2.74609 3.15540 3.22543 3.36569 3.54235 3.61178 3.59649 3.50650 3.64668 3.59777 3.69642 3.60724 3.84945 3.68149 3.62085 3.65015 3.57641 3.60036 3.59861 3.75714 3.73028 3.89130 4.10011 4.00411 4.01659 3.89180 3.90145 3.99158 3.91118 3.95831 3.94645 3.92378 3.95104 3.90577 3.88437 3.74717 3.81613 3.79384 3.88455 3.95377 3.93441 3.94753 4.00248 3.97059 3.90192 3.91297 3.79830 3.87631 3.80784 3.69305
2.35577 2.26798 2.26227 2.23073 2.25221 2.24179 2.19112 2.32598 2.43083 2.46900 2.39049 2.42440 2.48735 2.56382 2.62553 2.70238 2.67472 3.01293 3.18214 3.26891 3.43640 3.46291 3.43635 3.38222 3.44708 3.44255 3.58134 3.53925 3.78957 3.61802 3.57249 3.57447 3.47116 3.39406 3.31933 3.46302 3.56493 3.57864 3.51719 3.50355 3.58753 3.60738 3.63643 3.86345 3.79816 3.84175 3.90044 3.88948 3.94217 3.89481 3.93582 3.84725 3.93797 3.94839 4.02341 4.04683 4.04853 4.11602 4.18118 4.13538 4.04574 4.00063 3.92604 3.91843 3.90680 3.72405
2.23900 2.18456 2.13144 2.10859 2.11088 2.11967 2.08521 2.15393 2.23427 2.35032 2.31007 2.33201 2.37962 2.42893 2.45208 2.60239 2.60809 2.72926 2.92173 2.94701 3.08171 3.03342 3.02798 2.98123 3.00380 2.96360 3.12447 3.10207 3.34800 3.07030 3.01332 3.03456 3.12468 3.20457 3.27514 3.31423 3.33897 3.40776 3.40841 3.45286 3.48471 3.53528 3.56291 3.74036 3.75337 3.76163 3.89968 3.95094 4.06667 4.06638 4.19993 4.14466 4.05346 4.05048 4.09063 4.11891 4.08460 4.12276 4.13980 4.08108 4.05714 3.95130 3.96541 3.90918 3.94447 3.75459
2.18067 2.15991 2.12519 2.12684 2.09678 2.11022 2.09225 2.12967 2.16976 2.30953 2.28771 2.30650 2.31653 2.33105 2.33370 2.47425 2.52580 2.54952 2.81172 2.82331 2.97831 2.90955 2.87230 2.80148 2.72732 2.62265 2.67513 2.71847 3.14540 3.13063 3.26249 3.32848 3.33486 3.33819 3.33830 3.31916 3.30242 3.38628 3.41754 3.49897 3.55087 3.68889 3.75383 3.90085 4.03942 4.00733 4.13604 4.13934 4.19103 4.15695 4.24813 4.18489 4.01463 3.91135 3.88815 3.90847 3.94767 4.01757 4.12550 4.14770 4.15060 4.06957 4.06861 3.86056 3.86738 3.72679
2.20189 2.19861 2.13219 2.12907 2.05116 2.06413 2.04940 2.07035 2.13698 2.24546 2.26800 2.26442 2.26167 2.25060 2.23557 2.29975 2.45060 2.47166 2.63572 2.70647 2.81477 2.70729 2.61793 2.56864 2.65851 2.80062 2.92913 3.08722 3.31560 3.23963 3.26627 3.29685 3.29201 3.29021 3.29725 3.28426 3.28221 3.55705 3.67995 3.74517 3.75646 3.87906 3.91407 3.95190 4.10985 4.06029 4.20757 4.23495 4.20938 4.17404 4.21657 4.14861 3.94092 3.84749 3.88295 3.94688 4.03603 4.06144 4.17654 4.13681 4.09667 4.04763 3.95149 3.87322 3.76107 3.70534
2.10145 2.09011 2.00565 1.99498 1.95668 1.95251 1.90522 1.88744 1.97423 2.09549 2.16809 2.16821 2.17286 2.14439 2.13568 2.12593 2.28134 2.24061 2.25897 2.33976 2.53211 2.63041 2.69863 2.81397 2.87460 2.94537 2.98563 3.06154 3.26214 3.20827 3.20517 3.28525 3.33211 3.34967 3.38023 3.40547 3.38895 3.51896 3.65716 3.69647 3.71308 3.84729 3.92081 3.97525 4.09261 4.04669 4.12133 4.16159 4.14616 4.09874 4.18069 4.15547 4.07268 3.93271 3.95078 3.89646 4.01727 3.99815 4.07697 4.03778 4.00105 4.00417 3.82426 3.86813 3.66972 3.74303
1.98180 1.98121 1.90544 1.86078 1.84265 1.87618 1.84358 1.83029 1.90671 2.00142 2.13096 2.11836 2.08836 2.04742 2.00224 1.99104 2.11320 2.25394 2.35901 2.61425 2.68506 2.76592 2.77782 2.84961 2.91326 2.94306 2.99830 3.01821 3.22846 3.22308 3.31068 3.42358 3.42034 3.38033 3.36835 3.36004 3.36167 3.52589 3.75863 3.78342 3.78149 3.87211 3.95981 4.00269 4.07140 4.10387 4.19806 4.29669 4.29066 4.22213 4.28793 4.28446 4.23785 4.03262 3.96115 3.92309 4.04431 4.05009 4.15278 4.13515 4.12011 4.13066 3.96104 3.94918 3.88118 3.95030
1.98927 2.01158 1.97011 1.91211 1.89151 1.93171 1.92729 1.94558 1.98277 2.09176 2.09200 2.07927 2.08027 2.15747 2.23415 2.29884 2.37361 2.45129 2.45913 2.64956 2.74294 2.85116 2.90488 2.99972 3.09323 3.12578 3.21460 3.18416 3.34335 3.34207 3.33315 3.39350 3.38195 3.35138 3.35138 3.37939 3.37389 3.52817 3.81579 3.82377 3.79467 3.89970 4.04896 4.05104 4.10825 4.19324 4.28954 4.39456 4.41005 4.34539 4.37724 4.39218 4.38526 4.18705 4.13461 4.11567 4.15568 4.13775 4.15533 4.12525 4.08850 4.07498 4.00418 3.91858 3.96917 3.95823
1.95582 2.00395 1.99213 1.92579 1.91346 1.95962 1.93487 1.91897 1.93899 2.02876 2.07206 2.06169 2.29840 2.35383 2.36077 2.36195 2.36495 2.44847 2.45716 2.61970 2.82024 2.92182 3.00688 3.07281 3.09952 3.10384 3.17317 3.16658 3.29737 3.37982 3.40274 3.45635 3.46695 3.44453 3.42795 3.42835 3.39465 3.46977 3.70689 3.82386 3.89558 4.05406 4.33527 4.40468 4.43724 4.49007 4.50013 4.56334 4.60288 4.55685 4.49648 4.49648 4.43058 4.22859 4.07413 4.02671 4.01292 4.02481 4.05227 4.08395 4.08412 4.08687 4.08574 3.89171 3.97015 3.94353
