High_resolution/powerplant/Chizhou/OMI_NO2_200711.asc
ncols      200
nrows      200
xllcorner       115.585
yllcorner       28.7700
cellsize     0.0166667
NODATA_Value      -999.000
[rows 116 to 144 of 200, columns 67 to 133 of 200]
9.90788 10.7702 11.3373 11.3838 11.2316 11.1132 10.9366 10.7969 10.6575 10.5122 10.3700 10.2333 10.1893 10.1893 10.1893 10.1893 9.98979 9.66080 9.62983 9.51796 9.15048 8.42789 7.32716 7.06476 6.78015 6.77972 6.22693 6.10506 6.10506 6.10506 6.10506 6.09319 5.72199 5.70962 5.70962 5.69542 5.39019 5.38215 5.03998 4.72425 4.68975 4.28191 4.17965 4.06477 3.97303 4.04380 4.04380 4.05195 4.05166 4.02952 3.12939 2.00764 2.02236 1.99257 1.84419 1.79620 1.76832 1.74890 1.73051 1.73854 1.78981 2.01476 2.24433 2.36266 2.50900 2.65271 2.71509
10.6755 10.7445 10.5683 10.4245 10.2759 10.1749 10.1976 10.1976 10.1976 10.1940 10.1893 10.1893 10.1893 10.1446 10.0417 9.93844 9.76899 9.20350 9.13128 9.12862 8.94475 8.54420 7.17111 7.11796 6.78541 6.77972 6.38534 6.10506 6.10506 6.10506 6.10506 6.10506 5.80824 5.70962 5.68668 5.66501 5.42068 5.34688 5.14687 4.79475 4.72274 4.30651 4.14010 4.00029 3.79797 3.85878 3.82760 3.80019 3.79659 3.78229 3.24868 1.68511 1.76670 1.77130 1.74408 1.77162 1.84180 1.90839 1.99236 2.12511 2.22246 2.45830 2.72299 2.86776 3.09402 3.14559 3.18876
11.1567 10.9335 10.3498 10.3490 10.3001 10.1607 10.1976 10.1972 10.1371 10.0323 9.92236 9.81911 9.71592 9.65733 9.65712 9.65712 9.65712 9.19468 9.12862 9.12862 9.02115 8.71731 7.43165 7.13681 6.84453 6.77972 6.54379 6.10506 6.10484 6.09345 6.07607 6.04324 5.76959 5.49572 5.39595 5.30377 5.15412 5.05116 4.88617 4.43047 4.25514 3.94054 3.74438 3.66006 3.40883 3.46666 3.45571 3.43128 3.43729 3.43884 3.27235 1.77950 1.90967 1.94319 1.95370 2.04848 2.13424 2.37673 2.54638 2.58137 2.60877 2.68954 2.97659 3.10424 3.45450 3.47202 3.46607
11.2542 11.0002 10.4487 10.3947 10.4288 10.2585 9.80091 9.66753 9.60962 9.59515 9.57266 9.55784 9.54306 9.52865 9.51391 9.49950 9.48476 9.14004 8.90417 8.81800 8.66057 8.30130 7.25967 6.45751 5.99379 5.38508 5.19157 4.89575 4.79094 4.69751 4.60998 4.53710 4.40606 4.08377 4.08201 4.14691 4.14751 4.14928 4.13096 3.69424 3.43618 3.26352 3.04730 3.10202 2.95952 2.92999 2.94234 2.97869 2.89751 2.84659 2.79202 1.83292 1.84407 1.96807 2.06660 2.13708 2.13878 2.43100 2.66547 2.66605 2.66664 2.66927 2.95363 3.00807 3.34592 3.38115 3.38115
11.2669 10.8884 10.5564 10.3041 10.2669 10.1037 9.34816 9.24886 9.24008 9.22578 9.09395 8.96402 8.89095 8.81751 8.74444 8.66308 8.53883 8.20976 7.77048 7.71027 7.61934 7.30524 6.61184 5.46635 5.29218 4.54864 4.53556 4.43319 4.40867 4.39503 4.37507 4.34828 4.29420 3.96132 3.95287 4.05589 4.05596 4.02895 3.98011 3.76063 3.45560 3.44238 3.37212 3.36041 3.21435 3.04352 2.95651 2.97599 2.99045 2.99291 3.07125 2.35834 2.03534 2.09433 2.09433 2.13106 2.14319 2.31235 2.66815 2.66815 2.66815 2.66815 2.88622 2.98911 3.26993 3.38115 3.38115
11.5334 10.9058 10.6578 10.2215 10.2010 10.0872 9.38491 9.10686 9.05893 8.99710 8.62945 8.23872 8.17708 8.11527 8.05348 7.99985 7.98949 7.92088 7.44427 7.36898 7.27956 6.78247 6.28783 5.23019 5.02620 4.27174 4.16747 4.07267 4.00765 3.98057 3.95977 3.94486 3.91316 3.79375 3.72413 3.78011 3.78745 3.75955 3.75851 3.78981 3.52258 3.48822 3.37940 3.37283 3.34128 3.22698 3.18618 3.24587 3.22209 3.11145 3.11145 2.62064 2.00789 2.09433 2.09433 2.11739 2.14319 2.18535 2.66585 2.66815 2.66815 2.66815 2.81646 2.97494 3.18821 3.38115 3.38115
11.4435 10.9221 10.8045 10.2143 10.2099 10.0522 9.51232 8.62024 8.56609 8.48349 8.24528 7.68273 7.59961 7.51666 7.43372 7.33471 7.18597 7.03332 6.55623 6.48534 6.46523 6.12279 5.72796 5.24563 4.88945 4.25802 4.04169 3.95904 3.85229 3.80615 3.76000 3.71475 3.69982 3.65049 3.60310 3.66662 3.76190 3.76009 3.75851 3.77252 3.60386 3.49227 3.40017 3.38340 3.60204 3.39859 3.24864 3.21204 3.17195 2.99518 2.94139 2.69164 1.98485 2.08992 2.09433 2.10378 2.14319 2.14319 2.59220 2.66815 2.66762 2.66592 2.74271 2.96815 3.08251 3.37061 3.36861
11.3261 10.8066 10.6978 10.1161 9.97163 9.81039 9.21429 7.87762 7.67668 7.60694 7.51654 6.84987 6.76366 6.69437 6.62497 6.57145 6.56788 6.56788 6.47011 6.41082 6.41082 6.13486 5.57854 5.16149 4.73794 4.23018 3.80781 3.78451 3.69982 3.69982 3.69982 3.69982 3.69982 3.67467 3.60310 3.62001 3.76131 3.76093 3.75851 3.75917 3.67664 3.47466 3.36824 3.27723 3.43215 3.27296 3.06872 3.02656 3.02656 2.91693 2.87134 2.82811 1.99067 2.06335 2.08811 2.08637 2.13512 2.16452 2.52379 2.73288 2.75660 2.78138 2.81226 2.79017 2.77763 2.94692 2.77717
11.1117 10.5385 10.3653 9.89773 9.52669 9.37051 8.89399 7.57114 7.20275 7.20275 7.20275 6.71449 6.56788 6.56788 6.56788 6.56788 6.49993 6.33294 6.10676 5.84053 5.67285 5.41748 5.00126 4.82757 4.65339 4.35948 3.80236 3.80166 3.70676 3.69982 3.69982 3.69982 3.69982 3.69628 3.60555 3.60310 3.71332 3.70864 3.67677 3.64682 3.58250 3.27226 3.22371 3.14151 3.24788 3.31768 3.16284 3.11550 3.14206 3.09728 3.04025 3.06654 2.37698 2.30043 2.36768 2.39609 2.44721 2.44765 2.62714 2.89367 2.87274 2.79700 2.64425 2.31081 2.11707 2.10796 2.08193
10.7548 10.3494 10.1023 9.84176 9.30796 9.25825 9.02752 7.83599 7.20275 7.20275 7.20258 6.77302 6.30790 6.14031 5.97255 5.80487 5.70523 5.70445 5.68521 5.54740 5.54740 5.50560 5.07755 4.82692 4.70413 4.53232 3.80462 3.80236 3.73016 3.69982 3.69982 3.69982 3.69982 3.69737 3.61775 3.61003 3.63825 3.66653 3.60367 3.56851 3.58215 3.24235 3.20193 3.08472 3.08874 3.43853 3.45272 3.34139 3.34126 3.30785 3.18579 3.17385 2.61277 2.26862 2.28589 2.24516 2.24509 2.28029 2.24008 2.43580 2.26103 2.14025 2.10219 1.92679 1.77717 1.63198 1.54121
10.7545 10.4676 10.1213 10.0395 9.31254 9.29468 9.11466 8.12332 6.75192 6.58247 6.41479 6.15267 5.70445 5.69791 5.67988 5.66116 5.64297 5.62441 5.60606 5.45095 5.41209 5.39385 4.99098 4.61955 4.47104 4.27813 3.67878 3.62463 3.65837 3.74084 3.76894 3.79709 3.82518 3.85578 3.84014 3.80593 3.80580 3.80567 3.66301 3.54142 3.54872 3.31638 3.21062 3.08259 3.04389 3.26037 3.38479 3.16708 3.11720 3.06864 3.04163 3.03431 2.70423 2.25154 2.23180 2.11069 1.99693 1.98422 1.96967 1.77647 1.75619 1.75256 1.74886 1.65453 1.47347 1.42892 1.35990
10.4819 10.2435 9.75107 9.63685 8.92592 8.72083 8.54244 7.91535 6.12403 5.87475 5.85661 5.79689 5.16927 5.11338 5.07482 5.03647 4.99808 4.95961 4.92126 4.78310 4.68610 4.63183 4.31081 4.06762 4.04634 3.89483 3.71160 3.68519 3.74109 3.91783 3.91273 3.89396 3.87506 3.85622 3.81869 3.72059 3.68270 3.64474 3.52969 3.30499 3.25419 3.01856 2.75637 2.84835 2.90681 3.00826 3.33366 3.12876 3.11549 3.11788 3.08754 2.96700 2.62888 1.79768 1.81630 1.83522 1.83522 1.92097 1.94238 1.78830 1.72141 1.72141 1.72141 1.69056 1.44419 1.44351 1.36555
10.0659 9.96202 9.43565 9.32415 8.85241 8.48157 8.35026 7.88062 6.31651 5.57858 5.53661 5.49309 4.80414 4.62991 4.58898 4.56127 4.53641 4.51257 4.48985 4.41783 4.29475 4.14303 3.89387 3.58922 3.61633 3.47309 3.45629 3.42466 3.40064 3.58410 3.56687 3.55676 3.54694 3.53690 3.51232 3.31111 3.27175 3.23662 3.18667 2.90596 2.87976 2.80364 2.55289 2.71698 2.89789 2.91001 3.27897 3.02777 2.82565 2.69219 2.64616 2.67076 2.62250 1.76350 1.79739 1.83522 1.83522 1.89116 1.94238 1.83894 1.72141 1.72141 1.72141 1.72141 1.47688 1.44419 1.38535
9.62671 9.56483 8.97029 8.72707 8.42245 7.80449 7.69327 7.42469 6.13561 5.00906 4.99032 4.97407 4.52412 4.20227 4.19707 4.17484 4.15013 4.12531 4.10034 4.02667 3.88145 3.70593 3.49505 3.07553 3.23612 3.38430 3.29567 3.28444 3.28444 3.45580 3.47840 3.44325 3.40809 3.37296 3.33827 3.18544 3.14334 3.14334 3.14334 2.93364 2.87935 2.87223 2.55499 2.64535 2.89789 2.89789 2.85743 2.74288 2.62341 2.62491 2.64916 2.69882 2.71245 1.98578 1.77843 1.83522 1.83522 1.86136 1.94238 1.88956 1.72141 1.72141 1.72141 1.72141 1.55022 1.47437 1.45646
9.23130 9.20569 8.75664 8.24776 8.13593 7.30155 7.19344 7.03098 6.17045 4.80059 4.74805 4.70588 4.38985 3.87186 3.81781 3.76376 3.70971 3.65562 3.60186 3.58035 3.69396 3.62431 3.49784 3.01557 3.06375 3.34646 3.20392 3.16963 3.13402 3.22480 3.32578 3.32578 3.32578 3.32578 3.32578 3.23056 3.14334 3.14334 3.14334 2.99947 2.87935 2.88135 2.61663 2.57799 2.90211 2.91362 2.90442 2.83323 2.68883 2.70078 2.70398 2.74348 2.74496 2.23027 1.76130 1.83998 1.86177 1.88431 2.00394 2.02264 1.83485 1.85197 1.87553 1.89917 1.79811 1.65083 1.65378
8.84267 8.80568 8.49150 7.98154 7.81965 6.95371 6.75349 6.60988 6.03896 4.71478 4.32678 4.29012 4.21118 3.58042 3.58035 3.58035 3.58035 3.58035 3.58035 3.55814 3.58412 3.54278 3.30202 2.83784 2.70129 3.10156 3.08821 3.10547 3.09780 3.16658 3.32578 3.32578 3.32578 3.32578 3.32578 3.27565 3.14334 3.14334 3.14374 3.07085 2.89860 2.90797 2.74249 2.63198 2.90671 2.95297 2.95186 2.90199 2.70132 2.70094 2.70205 2.73459 2.74640 2.40856 1.79495 1.97413 2.03976 2.04296 2.11982 2.15728 2.00097 1.97114 1.98852 2.00609 1.99116 1.82417 1.84669
8.34750 8.24626 7.96554 7.33477 7.16830 6.77183 6.50089 6.43008 6.06741 5.00577 4.28913 4.28913 4.28913 3.66996 3.54964 3.49428 3.43900 3.38369 3.32838 3.29528 3.34328 3.42493 3.21917 2.90166 2.69239 3.00053 3.10328 3.10339 3.09780 3.11451 3.32464 3.32578 3.32578 3.33349 3.35875 3.37556 3.24103 3.26321 3.20738 3.13465 2.90689 2.89480 2.77960 2.58628 2.76781 2.87168 2.86138 2.93023 2.75120 2.72150 2.72150 2.74257 2.76359 2.57708 1.86104 1.88429 1.97641 1.93835 2.02985 2.22590 2.11101 2.03428 2.06814 2.12243 2.15614 1.94933 1.97091
8.03580 8.03580 7.96790 7.39156 7.16830 6.94722 6.50089 6.45138 6.23943 5.29497 4.19424 4.13896 4.08365 3.57709 3.29497 3.29497 3.29497 3.29497 3.29497 3.29497 3.31059 3.42490 3.28083 2.99617 2.66005 2.86225 3.08046 3.06649 3.11214 3.14406 3.32026 3.36101 3.37503 3.38191 3.37314 3.36372 3.22775 3.18372 3.14415 3.05419 2.86102 2.81182 2.76771 2.51976 2.64083 2.81548 2.81180 2.89199 2.79525 2.74015 2.73713 2.72621 2.67014 2.60376 1.81218 1.73662 1.94579 1.98389 2.07504 2.43958 2.51996 2.67228 2.70538 2.71783 2.72988 2.55402 2.49859
7.97403 7.96380 7.95282 7.41319 6.95469 6.74037 6.00981 5.81936 5.58366 4.80803 3.93699 3.85849 3.85079 3.55927 3.12653 3.11887 3.11187 3.10606 3.10017 3.09439 3.08846 3.19668 3.13345 2.90305 2.49572 2.66845 3.04258 3.07462 3.23078 3.22137 3.26906 3.29822 3.28940 3.28065 3.27183 3.26305 3.17569 3.10915 3.09578 2.94307 2.77107 2.62625 2.59115 2.51484 2.56829 2.66480 2.64427 2.69481 2.78066 2.85001 2.84974 2.84560 2.73772 2.75140 2.13171 1.88754 2.16211 2.16947 2.16947 2.48896 2.56267 2.75398 2.75415 2.75415 2.75415 2.62419 2.50012
7.51533 7.35010 7.18388 6.63558 6.13280 6.09283 5.63826 5.49608 5.37878 4.79982 3.94509 3.62029 3.59042 3.47881 3.08818 3.07843 3.05933 3.02379 2.91653 2.79605 2.67422 2.63300 2.59594 2.94038 2.64154 2.75540 3.22907 3.18048 3.18881 3.15431 3.15622 3.19160 3.16256 3.13281 3.10289 3.07225 2.99252 2.84896 2.83979 2.76545 2.67321 2.51238 2.53997 2.60311 2.59011 2.59011 2.59011 2.61219 2.77415 2.86015 2.88362 2.90714 2.84146 2.82118 2.34607 1.94792 2.11307 2.16947 2.16947 2.38589 2.54226 2.72609 2.75415 2.75415 2.75415 2.68206 2.50012
6.83666 6.80696 6.77711 6.46665 5.94425 5.79687 5.48374 5.25222 5.10601 4.67405 3.90866 3.34832 3.29711 3.17749 2.69212 2.55072 2.45366 2.39457 2.41044 2.43951 2.46990 2.54838 2.66218 3.00772 3.11943 3.22564 3.00484 2.79607 2.81290 2.83602 2.85684 2.95108 2.95347 2.97629 3.00389 3.03142 3.05235 2.96318 2.97272 2.90806 2.81315 2.56271 2.56025 2.60672 2.59011 2.59011 2.59011 2.59011 2.78198 2.93301 2.93684 2.93684 2.87471 2.79864 2.44413 1.95072 2.04671 2.16947 2.16947 2.28292 2.54226 2.67783 2.75415 2.75415 2.75415 2.73807 2.50200
6.53843 6.49289 6.44740 6.24742 5.71191 5.52168 5.31731 4.86661 4.61551 4.27214 3.78819 2.99936 2.94502 2.97180 2.73015 2.65442 2.70592 2.73464 2.76023 2.78585 2.81145 2.83825 2.85000 3.04615 3.24741 3.26408 3.15544 2.85210 2.85357 2.90590 2.93346 3.05666 3.09315 3.09783 3.09783 3.09783 3.09783 2.99894 2.97272 2.94770 2.83087 2.61196 2.56025 2.60342 2.59629 2.59011 2.59011 2.57905 2.69600 2.84718 2.85107 2.82561 2.77032 2.68182 2.49285 1.91717 1.98029 2.16947 2.16947 2.19458 2.55571 2.66628 2.80609 2.82123 2.83636 2.85091 2.66816
5.99420 5.92554 5.85695 5.73877 5.11835 4.83265 4.75656 3.93871 3.86157 3.81039 3.98754 3.32075 3.20020 3.22580 3.07237 2.86194 2.86194 2.86194 2.86194 2.86194 2.86194 2.86194 2.87437 3.01110 3.39056 3.45597 3.54653 3.17620 2.96157 2.99084 2.99084 3.06139 3.09783 3.09783 3.09783 3.09783 3.09783 3.02992 2.97272 2.97238 2.84584 2.67702 2.53530 2.51246 2.55470 2.47950 2.45099 2.43353 2.52608 2.74202 2.79991 2.82186 2.84251 2.75993 2.72998 2.04332 2.07144 2.23207 2.23755 2.23498 2.52914 2.66647 2.85388 2.85272 2.85305 2.85409 2.85580
5.59854 5.59522 5.59191 5.58859 5.09901 4.77237 4.76046 4.27983 4.05478 3.93626 4.08380 3.61964 3.25860 3.25860 3.17462 2.86194 2.86197 2.89231 2.94940 3.00653 3.06362 3.12071 3.14898 3.14782 3.51453 3.56975 3.66940 3.20513 3.00936 2.99084 2.99084 3.03621 3.09783 3.09783 3.09783 3.09783 3.08605 3.00527 2.87154 2.82592 2.73452 2.59530 2.43273 2.48940 2.63131 2.63318 2.69012 2.74711 2.81502 2.90155 3.00043 3.00351 3.00191 2.89836 2.87037 2.14535 2.02241 2.16320 2.29550 2.40589 2.56837 2.62049 2.85764 2.85622 2.82744 2.79866 2.77234
5.57669 5.57669 5.57669 5.57669 5.20910 4.82131 4.75850 4.46317 4.08085 3.94262 4.04024 3.85397 3.29774 3.35481 3.40471 3.08985 3.12942 3.15624 3.15624 3.15624 3.15624 3.15624 3.15219 3.14516 3.40262 3.56586 3.64322 3.31559 3.07335 2.98983 2.99034 2.99520 3.07352 3.05170 3.03485 3.02537 3.02785 3.05630 2.97097 3.00803 3.02658 3.01351 2.91627 2.91225 2.99641 2.93481 2.93117 2.92748 2.92301 2.82846 2.92625 2.90637 2.93505 2.94369 2.98707 2.60028 2.46412 2.66112 2.72173 2.70770 2.64403 2.49343 2.31942 2.17946 2.11023 2.02951 1.95513
5.57669 5.57669 5.57115 5.56068 5.30083 4.86549 4.73594 4.56034 3.91366 3.70648 3.63874 3.57706 3.48804 3.50840 3.50477 3.20908 3.10070 3.09694 3.09329 3.08953 3.08957 3.09693 3.10333 3.10108 3.25239 3.52779 3.53935 3.37559 3.03924 2.83296 2.81182 2.80418 3.10804 3.14132 3.15079 3.14969 3.14849 3.14726 3.03166 3.00190 2.99606 2.93521 2.83692 2.80536 2.85889 2.82384 2.80607 2.86868 2.93473 2.92409 2.87714 2.93115 2.95338 2.98411 3.04731 2.74566 2.35659 2.41275 2.47753 2.45686 2.44833 2.28765 2.04209 1.82813 1.82050 1.82040 1.82040
5.34049 5.32826 5.25711 5.15798 4.95064 4.45938 4.17731 4.13224 3.61443 3.45930 3.39172 3.50230 3.27912 3.31565 3.27693 3.16904 3.12741 3.13852 3.14851 3.16764 3.19101 3.24599 3.30960 3.36577 3.43537 3.40986 3.41581 3.42674 3.00713 2.80017 2.81006 2.81151 3.05597 3.15689 3.17148 3.19372 3.21696 3.24098 3.09149 2.93792 2.92304 2.83330 2.71051 2.63726 2.61478 2.99250 3.19432 3.19776 3.19776 3.15979 3.02415 2.96795 2.95228 2.93442 2.98551 2.79121 2.28143 2.29310 2.38561 2.36687 2.32903 2.23574 2.06904 1.78947 1.77637 1.76385 1.75189
4.94857 4.80936 4.73155 4.68064 4.60287 4.13967 3.84048 3.78865 3.37213 3.07333 2.94512 3.06347 2.90820 2.99545 2.99422 3.03057 3.15186 3.20291 3.25740 3.30448 3.34218 3.30751 3.25725 3.19924 3.14898 3.08186 3.15684 3.22287 3.10047 2.98092 2.95782 2.97478 3.16118 3.36229 3.37235 3.36891 3.32802 3.27742 3.07227 2.72901 2.68573 2.63412 2.57691 2.53262 2.53262 2.85974 3.19776 3.19776 3.19776 3.17862 3.05944 2.89333 2.88367 2.88367 2.93685 2.81381 2.28976 2.33588 2.41982 2.45095 2.27397 2.14553 2.05775 1.74928 1.74628 1.74628 1.74628
4.21797 4.19461 4.17413 4.15258 4.09797 3.64856 3.32560 3.25282 3.01198 2.65564 2.52600 2.63735 2.74101 2.96937 2.98740 2.99366 3.06484 3.02839 2.99052 2.95525 2.92128 2.91560 2.91879 2.92028 2.92255 2.90254 3.01581 3.10545 3.20545 3.10994 2.98223 2.93392 2.98019 3.21064 3.16004 3.11315 3.10346 3.10346 3.06910 2.66962 2.66665 2.65225 2.59502 2.53283 2.53262 2.69039 3.19158 3.19776 3.19776 3.19485 3.09912 2.96964 3.00018 3.06372 3.16417 3.08883 2.62284 2.49811 2.37124 2.40969 2.32592 2.17375 2.07704 1.78047 1.68256 1.64343 1.60412
