High_resolution/powerplant/Chizhou/OMI_NO2_2009_06-08.asc
ncols      200
nrows      200
xllcorner       115.585
yllcorner       28.7700
cellsize     0.0166667
NODATA_Value      -999.000
[rows 87 to 115 of 165, columns 0 to 65 of 200]
3.00362 3.03122 3.05033 3.07445 3.08514 3.11081 3.17071 3.15620 3.21860 3.22520 3.24876 3.17128 3.25800 3.17064 3.28182 3.30854 3.33555 3.24875 3.22028 3.17968 3.20108 3.13084 3.05900 3.02599 3.02599 3.05652 3.03175 2.89990 2.78824 2.74771 2.65325 2.59337 2.53211 2.61143 2.61818 2.63581 2.64951 2.63942 2.57948 2.56152 2.54268 2.50872 2.47761 2.44986 2.42709 2.42829 2.42859 2.42859 2.42859 2.41714 2.35605 2.29754 2.13376 1.79965 1.72851 1.71514 1.74058 1.68090 1.63082 1.56617 1.52847 1.53589 1.57640 1.59717 1.61939 1.61431
3.02861 3.06856 3.09981 3.15519 3.19218 3.18534 3.17797 3.16275 3.17966 3.18464 3.20016 3.07834 3.11657 3.05000 3.09025 3.19036 3.25622 3.14636 3.14636 3.14374 3.17694 3.10515 3.07386 2.94548 2.84369 2.75850 2.61668 2.49180 2.46123 2.51528 2.52576 2.52154 2.49463 2.60271 2.59541 2.59985 2.59489 2.58899 2.50183 2.47096 2.46071 2.43656 2.44814 2.44814 2.44814 2.44814 2.44814 2.44814 2.44814 2.44247 2.40600 2.30773 2.21761 1.88024 1.63654 1.58163 1.55096 1.54654 1.58913 1.61800 1.61336 1.60666 1.61145 1.60073 1.62539 1.63884
3.21108 3.22021 3.23068 3.23549 3.24474 3.23733 3.20632 3.19557 3.14908 3.18241 3.22511 3.12118 3.19710 3.14938 3.16473 3.20113 3.30255 3.18220 3.13503 3.04865 3.00563 2.84357 2.70454 2.56886 2.55369 2.57583 2.54535 2.49369 2.45748 2.49886 2.52355 2.52107 2.49556 2.55587 2.53520 2.51943 2.47149 2.49492 2.45307 2.42877 2.42887 2.42106 2.42901 2.42901 2.42901 2.42901 2.42901 2.42901 2.42901 2.42831 2.40419 2.31308 2.30518 2.02043 1.61320 1.61320 1.63143 1.61320 1.62649 1.62650 1.63012 1.63535 1.67089 1.65345 1.64260 1.60628
3.15498 3.20207 3.21877 3.25195 3.27125 3.28578 3.23331 3.17500 3.08618 3.10349 3.17080 3.06559 3.12956 3.13868 3.24324 3.15651 3.17969 2.95692 2.88819 2.79148 2.84005 2.80422 2.74313 2.67056 2.67142 2.71984 2.72296 2.72255 2.63205 2.63744 2.63260 2.63104 2.63598 2.55038 2.56122 2.57468 2.53102 2.53357 2.49926 2.46311 2.45181 2.44498 2.43730 2.43675 2.43329 2.42954 2.43060 2.44136 2.45248 2.46382 2.46007 2.41633 2.37702 2.18388 1.68402 1.60028 1.62490 1.61865 1.64355 1.65399 1.65096 1.59339 1.57167 0.996717 1.04664 1.01064
3.22504 3.27067 3.27040 3.29331 3.29331 3.29331 3.25372 3.21426 3.12278 3.13750 3.18578 3.10211 3.09092 3.05662 3.09412 2.96410 2.90107 2.77302 2.77042 2.69164 2.79402 2.81237 2.75530 2.75663 2.70568 2.73587 2.71775 2.76809 2.68996 2.62713 2.62966 2.62460 2.62425 2.56613 2.53045 2.54950 2.50318 2.50553 2.47086 2.43342 2.42321 2.41283 2.41023 2.42121 2.43493 2.44894 2.45841 2.45875 2.45875 2.45875 2.45014 2.41753 2.35732 2.28711 1.85108 1.64541 1.64224 1.60682 1.58507 1.18520 1.22543 1.13879 1.24710 1.13879 1.20578 1.17747
3.21945 3.34250 3.34813 3.35636 3.36426 3.37370 3.39075 3.39000 3.32183 3.22397 3.17158 3.13692 3.14524 3.19182 3.24113 3.10303 2.95890 2.85930 2.89036 2.91486 2.99702 2.97083 2.95513 2.97716 2.92289 2.98645 3.00207 3.00233 2.85159 2.74297 2.73993 2.73393 2.71126 2.65890 2.49763 2.48802 2.42484 2.41930 2.42214 2.45034 2.46460 2.47301 2.46995 2.46995 2.46995 2.46965 2.45861 2.44079 2.42017 2.39463 2.37385 2.41148 2.31673 2.25329 1.99660 1.01963 1.13879 1.07380 1.17747 1.17747 1.22543 1.10821 1.22543 1.10821 1.17747 1.17747
3.25219 3.36320 3.40242 3.43129 3.48378 3.54526 3.55451 3.53347 3.50061 3.33952 3.23411 3.19559 3.24330 3.25751 3.36779 3.22548 3.03371 2.83413 2.81829 2.84450 2.99481 3.05145 3.09767 3.12361 2.99052 3.00312 2.97010 2.94611 2.83283 2.64406 2.60058 2.57643 2.56815 2.59823 2.41866 2.47895 2.45346 2.47944 2.47209 2.48125 2.48865 2.46789 2.44079 2.42091 2.39821 2.37055 2.35825 2.35484 2.33468 2.28379 2.22459 2.18064 1.39068 1.38227 1.45724 1.04664 1.16615 1.10821 1.17747 1.17747 1.22543 1.10821 1.22543 1.11186 1.23782 1.31109
3.44662 3.55430 3.60512 3.61079 3.59387 3.56645 3.56348 3.54658 3.52192 3.45965 3.44290 3.37958 3.35042 3.28691 3.38411 3.25787 3.19844 3.00840 3.05259 3.06746 3.14746 3.13363 3.11980 3.12342 2.94789 2.87263 2.85707 2.85707 2.82220 2.64314 2.57809 2.57788 2.68380 2.75354 2.55380 2.51562 2.44518 2.45281 2.41817 2.39867 2.38659 2.37141 2.36756 2.36372 2.34807 2.29513 2.22097 2.11312 1.35182 1.35129 1.33582 1.37121 1.41300 1.38227 1.49854 1.13798 1.16615 1.10821 1.10821 1.11032 1.21354 1.16053 1.33728 1.33710 1.42433 1.40453
3.70498 3.63685 3.54790 3.53914 3.52698 3.51406 3.50165 3.50994 3.51838 3.43272 3.48866 3.30939 3.31913 3.32616 3.47730 3.28287 3.24200 2.95668 2.94133 2.92923 2.99410 2.99410 2.99410 3.01450 2.90971 2.79823 2.77982 2.70607 2.62718 2.55558 2.60367 2.56301 2.59647 2.57982 2.43125 2.39098 2.34328 2.37738 2.36148 2.35808 2.36663 2.30889 2.22930 2.11504 1.37830 1.37117 1.37117 1.37117 1.37117 1.37117 1.35129 1.36880 1.45100 1.40488 1.50977 1.22118 1.18816 1.22314 1.28623 1.33284 1.37820 1.24883 1.34715 1.72182 1.74574 1.74574
3.66210 3.61861 3.50999 3.49475 3.48995 3.47180 3.45286 3.43622 3.50643 3.47188 3.67210 3.52638 3.52518 3.48594 3.53251 3.31034 3.31034 3.04263 2.99410 2.99410 2.99522 3.00467 3.01629 2.97795 2.85783 2.63372 2.53488 2.43867 2.34345 2.20120 2.28564 2.19938 2.26607 2.36903 2.34573 2.36734 2.33081 2.30399 2.23713 2.13795 1.45440 1.37117 1.37117 1.37117 1.37117 1.37117 1.37117 1.37117 1.37117 1.37117 1.35129 1.35271 1.48909 1.41801 1.50370 1.34392 1.48560 1.42724 1.70702 1.72449 1.70931 1.70546 1.74244 1.73982 1.72840 1.72373
3.63175 3.62510 3.49173 3.43683 3.43177 3.46100 3.46109 3.52787 3.63164 3.56769 3.65446 3.55181 3.53549 3.48967 3.54125 3.42586 3.40990 3.20908 3.10479 3.07442 2.99531 2.86768 2.68044 2.54217 2.43440 2.03959 1.96982 1.96967 1.96967 1.93500 2.15577 2.18253 2.21399 2.34711 2.28645 2.17491 1.52579 1.58015 1.53315 1.48027 1.49051 1.44137 1.44137 1.44137 1.44137 1.44137 1.44126 1.43949 1.42199 1.38999 1.35154 1.28269 1.38879 1.70728 1.63572 1.60660 1.71975 1.70419 1.70407 1.71161 1.67157 1.64951 1.64111 1.57378 1.52997 1.51104
3.60510 3.59563 3.52225 3.50135 3.52233 3.52240 3.49668 3.55209 3.61531 3.58622 3.62098 3.62147 3.53400 3.46172 3.49092 3.37285 3.27051 3.11568 2.70708 2.57020 2.47804 2.36699 2.36487 2.32902 2.32902 2.14310 2.06648 2.08419 2.09561 2.06352 1.96400 2.06325 1.47051 1.60751 1.50913 1.46516 1.37176 1.49698 1.44797 1.39320 1.39548 1.34940 1.34721 1.34502 1.33528 1.31702 1.30696 1.29848 1.30469 1.32457 1.30877 1.32466 1.85265 1.80854 1.66189 1.62818 1.71161 1.69945 1.66685 1.65246 1.57737 1.57815 1.56464 1.53868 1.53868 1.54968
3.61479 3.61479 3.60897 3.55956 3.54724 3.54202 3.50584 3.56822 3.59505 3.60492 3.53021 3.57714 3.45958 3.36612 3.34861 3.28721 3.32912 3.31458 2.38891 2.32425 2.32425 2.28895 2.30085 2.28764 2.30417 2.17884 1.94699 1.88449 1.80088 1.74214 1.59766 1.94257 1.53773 1.66457 1.61617 1.55086 1.43109 1.39293 1.31289 1.23191 1.20109 1.31514 1.32495 1.31695 1.31656 1.32466 1.32466 1.32466 1.32467 1.32500 1.30957 1.33680 1.85805 1.82244 1.72447 1.68628 1.61725 1.53272 1.47299 1.51277 1.45300 1.50278 1.51277 1.51277 1.51277 1.52769
3.62193 3.58486 3.57185 3.54961 3.51688 3.48324 3.44314 3.46692 3.45569 3.50829 3.43221 3.46643 3.43816 3.39298 3.39545 3.34681 3.33417 3.33417 2.71508 2.35232 2.37308 2.34238 2.30730 2.21828 2.14135 2.02310 1.74206 1.74200 1.74176 1.71190 1.55075 1.73083 1.40212 1.40431 1.37850 1.35541 1.31878 1.32374 1.27936 1.23216 1.22268 1.31136 1.38576 1.38577 1.38614 1.38661 1.38703 1.39389 1.47158 1.48635 2.21341 2.16867 2.17005 2.01873 1.88449 1.72395 1.64242 1.55974 1.49316 1.53868 1.47791 1.52769 1.53868 1.53868 1.53868 1.54968
3.67575 3.47954 3.45373 3.46718 3.43783 3.41482 3.39311 3.36768 3.33842 3.43630 3.38981 3.39021 3.40417 3.37055 3.39867 3.36703 3.37718 3.39293 3.04006 2.29822 2.21459 2.09381 2.06867 2.06334 2.04932 2.03516 1.66620 1.55051 1.50237 1.48281 1.46005 1.43429 1.68165 1.30724 1.28570 1.26962 1.18523 1.16906 1.16678 1.12614 1.14888 1.22312 1.32620 1.33028 1.35460 1.36107 2.14899 2.16067 2.15380 2.14213 2.18301 2.17377 2.19141 2.07471 1.97911 1.75204 1.71136 1.58234 1.45382 1.49404 1.47869 1.53961 1.54760 1.51108 1.46850 1.45686
3.79605 3.49256 3.51289 3.52243 3.28758 3.23684 3.21807 3.23088 3.20575 3.20800 3.19741 3.22262 3.36787 3.33047 3.40573 3.30552 3.22235 3.13455 2.99823 2.04856 2.03053 2.00330 2.00324 1.99472 1.99461 1.99461 1.71257 1.50774 1.53985 1.58339 1.61475 1.60081 1.63691 1.19881 1.31526 1.38763 1.33977 1.31886 1.32794 1.27716 1.30505 1.33707 2.05304 2.04200 2.02002 2.00939 2.00938 2.04890 2.07015 2.07015 2.13058 2.11662 2.14306 2.09179 2.02917 1.75933 1.71294 1.56223 1.44311 1.42252 1.41058 1.46076 1.47542 1.51496 1.56059 1.59637
3.90400 3.37767 3.36627 3.36702 3.31714 3.15411 3.12279 3.15068 3.13281 3.16373 3.22557 3.19314 3.32260 3.15997 3.12710 3.07905 3.04400 3.03526 3.03419 2.24118 1.99461 1.98019 1.99461 1.99729 2.03563 2.03011 1.93610 1.62724 1.67204 1.74363 1.81933 1.84418 1.74426 1.36903 1.40004 1.46588 1.51951 1.43889 1.82999 1.80915 1.79923 1.79808 1.93514 1.96329 1.96329 1.96329 1.96329 2.00938 2.03498 2.03498 2.11976 2.10517 2.13281 2.10543 2.05992 1.81992 1.70391 1.67125 1.46444 1.46908 1.53305 1.56492 1.58275 1.62380 1.64253 1.68476
3.83287 3.36703 3.21698 3.18706 3.22031 3.07217 3.08428 3.09400 3.04890 3.10138 3.05224 3.05123 3.12012 3.08476 3.08577 3.05828 3.03419 3.03419 3.03419 2.57413 2.04398 2.08426 2.19129 2.32594 2.45793 2.48678 2.44166 1.95487 1.99476 2.01890 1.98911 2.01049 1.83213 1.77120 1.82362 1.86945 1.92566 1.84424 1.82878 1.81273 1.81294 1.81644 1.91594 1.99440 1.99440 1.99440 1.99440 2.03498 2.05717 2.03499 2.10626 2.08374 2.08705 1.97750 1.81017 1.74057 1.91146 1.91848 1.66397 1.60358 1.64589 1.64356 1.64116 1.65777 1.64076 1.64541
3.80678 3.51286 3.22240 3.22281 3.23839 3.04806 2.96567 2.99278 3.02419 3.14487 3.08882 3.09278 3.06250 3.10068 3.05281 3.01420 3.01319 3.04696 3.12718 3.11124 2.44905 2.58506 2.62701 2.63899 2.64547 2.57944 2.48067 2.12662 1.99754 1.96196 1.81598 1.88111 1.86058 1.87298 1.89790 1.94043 1.98196 1.91777 1.87769 1.86629 1.86629 1.86883 1.91743 2.03500 2.03608 2.03779 2.03950 2.07768 2.00823 1.90579 1.82024 1.69074 1.63235 1.64011 1.56907 1.60587 1.95439 1.96330 1.73501 1.59789 1.57235 1.52908 1.50111 1.52752 1.51395 1.53858
3.82692 3.71752 3.08205 3.08205 3.05667 3.08039 2.94686 2.97411 2.99298 3.05114 3.01309 3.03372 2.93826 3.04271 3.15565 3.18212 3.09849 3.02499 2.84081 2.60578 2.66491 2.67826 2.66891 2.66891 2.65528 2.50589 2.29925 1.97118 1.64379 1.70016 1.62375 1.77897 1.78220 1.82186 1.87305 1.89951 1.98196 1.94343 1.89715 1.91852 1.95251 1.98802 2.02671 2.03048 1.95983 1.87347 1.77296 1.72401 1.63597 1.64011 1.63235 1.64432 1.62014 1.59734 1.47686 1.49198 1.72553 1.79038 1.64934 1.46762 1.46357 1.45698 1.45698 1.50248 1.50248 1.53787
3.73263 3.72707 3.03803 3.04649 2.99935 3.00738 2.88583 2.92497 2.96036 3.03555 2.94784 2.91653 2.69023 2.61459 2.57281 2.59099 2.58354 2.58354 2.58354 2.59099 2.64698 2.57856 2.38649 2.20999 2.03994 1.99812 2.08951 1.99994 1.61558 1.67683 1.63950 1.77897 1.76127 1.85777 1.99509 2.00330 2.16987 2.18607 2.11641 2.05001 1.96787 1.87721 1.77370 1.65234 1.63597 1.63597 1.63152 1.63140 1.53939 1.50412 1.44261 1.41497 1.38707 1.37515 1.29136 1.33094 1.44126 1.65666 1.59879 1.42861 1.42570 1.42570 1.42570 1.46962 1.45431 1.47974
3.68790 3.65297 3.31716 3.01449 2.92457 2.99386 2.73569 2.65955 2.59428 2.56045 2.56552 2.61582 2.46944 2.39290 2.45565 2.58144 2.58354 2.51956 2.33339 2.18306 2.03757 2.00090 1.93117 1.92884 1.93251 1.93636 2.00711 2.00968 1.71336 1.83848 1.85299 2.05587 1.97373 1.95632 2.08631 2.05069 2.04204 1.92856 1.76472 1.66939 1.66930 1.66914 1.65224 1.60594 1.55017 1.57711 1.50990 1.50842 1.44470 1.48606 1.39981 1.37256 1.32087 1.30360 1.30586 1.32561 1.35208 1.62961 1.63760 1.51751 1.50660 1.51386 1.51386 1.54798 1.51386 1.52378
3.58692 3.36010 3.12387 2.61022 2.39131 2.31488 2.42328 2.42791 2.39670 2.45805 2.43169 2.52507 2.41991 2.19513 2.14586 2.22133 2.06708 1.94735 1.93651 1.97761 1.93442 1.96693 1.87076 1.82665 1.78248 1.73836 1.73954 1.82540 1.87547 1.97398 1.94084 2.06868 1.93575 1.85571 2.05621 2.04279 1.85096 1.62112 1.55039 1.42149 1.37750 1.32729 1.31067 1.30055 1.27836 1.38978 1.35558 1.37399 1.32112 1.30840 1.29374 1.30586 1.30586 1.31917 1.31917 1.34159 1.29962 1.57742 1.64002 1.60170 1.47425 1.52164 1.56315 1.63783 1.61430 1.60990
2.63267 2.46817 2.46080 2.08206 1.96500 2.00787 2.10349 2.29929 2.31491 2.43989 2.40335 2.40384 2.32450 1.99270 1.88995 1.94298 1.82830 1.75900 1.68943 1.65348 1.55588 1.71428 1.70348 1.70348 1.70348 1.70348 1.70689 1.80398 1.72787 1.83109 1.76632 1.86666 1.67737 1.61224 2.10239 2.04136 1.88308 1.54982 1.53008 1.31596 1.33913 1.36348 1.37837 1.40667 1.34139 1.31456 1.30364 1.30840 1.29542 1.30064 1.28757 1.29867 1.29867 1.32334 1.31166 1.32000 1.31580 1.49490 1.66174 1.60942 1.50076 1.57477 1.53687 1.53116 1.49461 1.49461
2.32786 2.26777 2.25154 2.08128 1.91302 2.16362 2.23320 2.27900 2.20220 2.31272 2.24484 2.23471 2.10614 1.74729 1.52919 1.55368 1.54334 1.54334 1.54334 1.57368 1.54334 1.70544 1.82416 1.87292 1.90851 1.93516 1.97849 1.87737 1.55051 1.76948 1.70424 1.78247 1.73393 1.63830 2.00171 2.09516 2.00371 1.67859 1.64634 1.47032 1.38483 1.36360 1.36239 1.36239 1.32552 1.30364 1.29456 1.30840 1.31128 1.31719 1.30064 1.31394 1.31394 1.32419 1.28423 1.37655 1.46508 1.54726 1.42849 1.39090 1.34295 1.49713 1.50402 1.53436 1.50438 1.00096
2.52536 2.48091 2.41118 2.45337 2.09314 2.13161 2.08569 1.99848 1.89128 1.92526 1.93318 2.00948 1.92207 1.73650 1.47640 1.48048 1.57913 1.67312 1.71651 1.75777 1.75798 1.81273 1.93033 1.91307 1.89585 1.87863 1.88281 1.84932 1.47837 1.68221 1.64888 1.78334 1.88672 1.96611 2.06190 2.05517 2.01562 1.75095 1.59071 1.48637 1.35491 1.35491 1.35491 1.35491 1.33477 1.30089 1.29456 1.30124 1.28127 1.27201 1.25091 1.38496 1.51091 1.64659 1.80920 1.85861 1.75649 1.64108 1.35075 1.31470 1.27582 1.36709 1.10201 1.11900 1.17069 1.16892
2.52722 2.47027 2.35276 2.44424 1.93136 1.98937 2.07976 2.01769 1.89500 1.95415 1.96916 2.02878 1.96146 1.86966 1.53411 1.50140 1.68034 1.73746 1.84598 1.98417 2.05107 2.13025 1.86531 1.82836 1.82836 1.82836 1.84801 1.90445 1.64176 1.89530 2.03416 2.12180 2.12196 2.10641 2.09812 2.02820 1.96826 1.85112 1.59071 1.54658 1.35491 1.34607 1.32472 1.30322 1.27528 1.21120 1.23027 1.40291 1.58976 1.71651 1.87444 1.86528 1.86528 1.87418 1.91938 1.99689 2.03615 1.80028 1.62079 1.57883 1.65072 1.62964 1.32915 1.31071 1.34844 1.32113
2.42429 2.42017 2.31813 2.48860 2.02813 2.01384 2.10857 2.06828 1.95527 1.96197 1.91182 1.92908 1.83634 1.88377 1.60019 1.69868 1.92497 2.12796 2.13575 2.18020 2.13575 2.13575 1.93458 1.81071 1.86963 1.94372 2.02614 2.09020 2.02208 2.04555 2.10371 2.12197 2.12197 2.10641 2.10633 2.04408 1.95850 1.90048 1.56816 1.52565 1.26274 1.23036 1.33228 1.50188 1.67881 1.77036 1.93722 1.91527 1.95861 1.89645 2.00045 2.06040 2.13556 2.23299 2.36887 2.38340 2.33036 2.11925 2.07995 1.95589 1.97303 1.73892 1.72543 1.27353 1.30328 1.27702
2.42987 2.46730 2.33905 2.46652 2.19552 2.05472 2.14647 2.00319 1.93284 1.96122 2.01673 2.16179 2.17771 2.24236 1.96814 1.89967 1.97082 2.18020 2.18020 2.18035 2.17796 2.25208 2.22055 2.06557 2.08072 2.08278 2.09229 2.11309 2.06973 2.04212 2.04285 2.03769 2.02339 2.00909 1.99476 1.93716 1.86472 1.82376 1.67177 1.69989 1.73956 1.84904 1.90921 1.94438 1.94904 1.97632 2.07713 2.11878 2.23890 2.25500 2.30580 2.24736 2.25082 2.20965 2.26141 2.26736 2.28962 2.23035 2.26396 1.98118 1.99688 1.84979 1.78379 1.24972 1.28033 1.25210
