High_resolution/powerplant/Chizhou/OMI_NO2_200905.asc
ncols      200
nrows      200
xllcorner       115.585
yllcorner       28.7700
cellsize     0.0166667
NODATA_Value      -999.000
[rows 29 to 57 of 200, columns 67 to 133 of 200]
2.18588 2.00590 1.87439 1.89403 1.89927 1.90929 2.07632 2.07827 2.07827 2.07827 2.07891 2.08607 2.09493 2.10378 2.11164 2.11286 2.11286 2.11286 2.11286 2.13149 2.94505 4.61128 6.23490 6.91141 7.50155 7.83612 7.84125 7.89650 8.73520 7.77910 7.66381 7.55246 7.44100 7.33681 7.31401 7.31401 7.70549 8.89467 8.89467 8.52251 7.45921 7.73225 7.73672 7.73399 7.73125 7.72954 7.72951 7.72951 7.72951 7.72951 8.16196 8.69928 8.86977 8.24974 8.20075 8.27300 8.39721 8.52139 8.81866 9.02584 9.04309 9.03284 9.00944 8.98601 8.96345 8.95274 8.94670
2.18588 2.10303 1.87439 1.88582 1.89927 1.89927 2.02934 2.08524 2.09409 2.10295 2.11117 2.11286 2.11286 2.11286 2.18114 3.10109 4.11826 4.97965 5.72029 6.35338 6.65495 6.85207 7.83801 7.84125 7.82453 7.69630 7.54783 7.39929 7.95975 7.42196 7.31401 7.31401 7.31401 7.31401 7.31401 7.31401 7.34325 8.79942 8.88894 8.88324 7.58043 7.65747 7.72951 7.72951 7.72951 7.72951 7.72951 7.72951 7.72951 7.72951 8.02567 8.56055 9.03552 8.71634 8.60594 8.65354 8.63193 8.60848 8.66096 8.92101 8.93427 8.93783 8.95434 8.97089 8.98657 8.99036 8.99036
2.18588 2.17977 1.89552 1.91689 1.90959 1.91517 2.00073 2.11286 2.11286 2.25915 3.26842 4.25929 5.10055 5.82476 6.42223 6.55477 6.55477 6.55477 6.55477 6.55477 6.61818 6.76189 7.34884 7.31636 7.18461 7.16423 7.16423 7.16423 7.54367 7.58620 7.31401 7.31401 7.31401 7.31231 7.30820 7.30412 7.30001 8.35798 8.87819 8.87819 7.96780 7.56806 7.72951 7.72951 7.72951 7.72951 7.72951 7.74030 7.82861 7.93072 8.14900 8.60357 8.98010 8.75135 8.54598 8.52987 8.53629 8.54465 8.55527 8.88356 8.97692 8.99036 8.99036 8.98986 8.93364 8.79291 8.64573
2.27502 2.33636 2.19677 2.10709 2.13136 2.84501 3.69617 4.98435 5.92666 6.47620 6.55477 6.55477 6.55477 6.55477 6.55477 6.55654 6.57756 6.60383 6.63012 6.65641 6.67780 6.83455 7.00092 7.16423 7.16423 7.16423 7.16423 7.16423 7.23417 7.75230 7.30815 7.30404 7.29994 7.29755 7.29754 7.29754 7.29754 7.90241 8.87819 8.87819 8.47102 7.47861 7.72951 7.73054 7.77351 7.77655 7.77315 7.75699 7.65737 7.54423 7.54949 8.09078 8.48896 8.64580 8.55939 8.56411 8.56420 8.56420 8.56420 8.75204 8.83323 8.72334 8.57616 8.42961 8.33858 8.33219 8.33219
2.40337 2.30969 2.12065 1.85909 4.04031 4.42915 4.30767 4.98146 6.44193 6.55477 6.55477 6.56264 6.58826 6.61455 6.64083 6.66534 6.67060 6.67060 6.67060 6.67060 6.67060 6.79260 6.90119 7.16423 7.16423 7.17834 7.21829 7.25822 7.29822 7.74538 7.27847 7.26720 7.25593 7.24460 7.23339 7.22199 7.21078 7.35562 8.76054 8.65491 8.46772 7.28375 7.43143 7.46579 7.41135 7.39750 7.39494 7.39635 7.40306 7.41002 7.41594 8.02846 8.33538 8.66887 8.57558 8.51014 8.43270 8.30774 8.18226 8.15384 8.27915 8.33219 8.33219 8.33219 8.33219 8.33219 8.33219
1.86823 1.84411 1.81578 1.58408 2.99366 4.23467 4.23485 4.74755 6.01119 6.62526 6.65154 6.66993 6.67060 6.67060 6.67060 6.67060 6.67060 6.67060 6.67060 6.67060 6.67060 6.75489 6.89022 7.21531 7.29458 7.32064 7.32115 7.32115 7.32115 7.64244 7.13268 7.08920 7.08920 7.06172 6.86470 6.63887 6.41257 6.18614 7.48242 7.78798 7.78798 7.31423 7.26012 7.40093 7.40789 7.41465 7.41665 7.41665 7.41665 7.41431 7.38354 7.77907 8.02380 8.36486 8.19919 8.06703 8.01900 8.01845 8.01845 8.02885 8.25444 8.32509 8.33219 8.33219 8.33219 8.34214 8.36524
1.80578 1.80578 1.80991 1.66397 2.17411 4.30383 4.29881 4.59489 5.63914 6.67060 6.67060 6.67060 6.67060 6.67060 6.67060 6.67060 6.67060 6.67926 6.71701 6.75720 6.79731 6.85046 6.99627 7.18350 7.32115 7.32115 7.32115 7.32115 7.21992 6.99614 6.74597 6.33834 6.11239 5.91357 5.88416 5.88416 5.88566 5.89860 6.90144 7.83300 7.84839 7.59959 7.20218 7.41665 7.41662 7.39548 7.35643 7.31739 7.27008 7.21763 7.19349 7.44681 7.82507 8.04883 8.09884 8.01845 8.01845 8.01845 8.01845 8.01845 8.19142 8.30875 8.35811 8.38128 8.40444 8.41765 8.41771
1.86719 1.89353 1.91574 1.81608 1.66179 4.07447 4.30409 4.39900 5.26418 6.67060 6.67060 6.67060 6.67060 6.67703 6.71339 6.75351 6.79368 6.82514 6.82751 6.82751 6.82751 6.82751 6.96839 6.88809 6.82403 6.52277 6.22151 5.91944 5.71924 5.71442 5.98251 5.88416 5.89175 5.90704 5.92233 5.93762 5.95140 5.95376 6.39302 7.85759 7.85759 7.81840 7.09237 7.26787 7.24253 7.20890 7.19311 7.17732 7.16984 7.16984 7.16984 7.30481 7.82507 7.95306 8.12174 8.02522 8.01845 8.01956 8.03723 8.06039 8.18305 8.36708 8.41771 8.41771 8.35613 8.16440 7.96850
1.91829 1.91829 1.91829 1.89468 1.66131 3.38581 4.30410 4.30415 4.97256 6.39829 6.70975 6.74987 6.79001 6.82373 6.82751 6.82751 6.82751 6.79813 6.34334 5.67694 4.90602 4.00239 4.63699 5.39631 5.69472 5.71442 5.71442 5.71750 5.73583 5.75620 5.93302 5.94607 5.95376 5.95376 5.95376 5.95376 5.95376 5.95376 5.97877 7.72385 7.84383 7.82019 7.13139 7.07276 7.16984 7.16984 7.16984 7.16984 7.16984 7.16984 7.16984 7.19095 7.81120 7.85843 8.13342 8.08837 8.07642 8.09847 8.08159 7.91199 7.74363 7.76620 7.63512 7.41938 7.25099 7.21278 7.17866
1.91829 1.91829 1.91829 1.91829 1.71845 2.57080 4.32321 4.34948 4.81209 6.04176 6.82751 6.82751 6.76157 6.24265 5.56161 4.77120 3.84274 2.80188 2.52198 2.52198 2.52198 2.52198 3.55534 5.42993 5.66394 5.76747 5.78786 5.80516 5.80723 5.80723 5.84789 5.95198 5.95376 5.95376 5.95376 5.95362 5.93936 5.91566 5.89206 7.11530 7.76229 7.76229 7.37388 6.98120 7.16984 7.16984 7.16984 7.16984 7.16984 7.16984 7.17451 7.19290 7.72536 7.83176 7.95891 7.78783 7.38605 7.18995 6.96937 6.82715 6.71067 6.79182 7.02412 7.13882 7.13882 7.13882 7.13814
1.91829 1.91661 1.82956 1.69510 1.44171 1.29223 4.10987 4.30875 4.08401 4.37761 4.63242 3.67857 2.68648 2.52198 2.52198 2.52198 2.52198 2.52198 2.53380 2.62736 2.73630 2.84524 3.06699 5.62630 5.74389 5.80723 5.80723 5.80723 5.80723 5.80723 5.80723 5.88898 5.93872 5.91502 5.89134 5.86790 5.85847 5.85847 5.85847 6.55660 7.76229 7.76229 7.65010 6.93175 7.16211 7.16984 7.17128 7.17203 7.10244 7.02269 6.93817 6.84013 7.05003 7.23747 7.26862 7.25495 6.63056 6.51231 6.44331 6.44276 6.44276 6.56725 6.83789 7.02035 6.88617 6.75154 6.61766
1.58826 1.45549 1.40803 1.40832 1.37394 1.15778 1.65923 1.73781 1.79054 1.87557 2.50358 2.52198 2.52198 2.52198 2.56395 2.67202 2.78111 2.89010 2.98721 3.00274 3.00274 3.00274 3.00274 5.08988 5.71592 5.80534 5.80723 5.80767 5.96904 6.30492 6.71465 6.22728 5.85847 5.85847 5.85876 5.87338 5.89594 5.91851 5.94099 6.12793 7.87619 7.91258 7.85609 7.04223 7.01625 7.03011 6.96405 6.89839 6.89877 6.83973 6.75780 6.67582 6.66584 6.72029 6.75417 7.00920 6.54926 6.44592 6.45780 6.42805 6.36400 6.28372 6.18019 6.53870 6.54033 6.54033 6.54033
1.42214 1.46981 1.55411 1.63799 1.71846 1.58125 1.61817 2.07049 2.14754 1.93377 2.38322 2.71688 2.82582 2.93486 3.00192 3.00274 3.00274 3.00274 3.00274 3.00274 3.00274 3.00274 3.00274 4.35922 5.83888 6.24024 6.67148 7.16903 7.43317 7.43317 7.43317 6.93318 6.22191 6.24372 6.26612 6.27397 6.27604 6.29663 6.32172 6.34676 7.34466 7.43288 7.36324 6.98316 6.78876 6.82803 6.73101 6.63403 6.54171 6.51871 6.51871 6.51871 6.54484 6.72268 6.73480 6.94527 6.62865 6.29418 6.21820 6.18371 6.18371 6.18312 6.09702 6.44927 6.54033 6.54033 6.54033
1.88075 1.91743 1.91743 1.91743 1.91743 1.79435 1.72349 2.02936 2.32189 2.27783 2.49038 3.00274 3.00274 3.00274 3.00274 3.00274 3.00274 3.00274 3.00274 3.00274 3.02512 3.09737 3.19685 4.04053 7.28309 7.35025 7.43317 7.43317 7.43317 7.43317 7.43317 7.28226 6.38795 6.32973 6.35479 6.37986 6.40282 6.40728 6.40728 6.40861 6.89940 7.38214 7.39142 7.23536 6.70394 6.51924 6.51871 6.51877 6.52505 6.53548 6.54547 6.54224 6.53251 6.68975 6.68165 6.71199 6.61252 6.18371 6.18371 6.18371 6.18371 6.18371 6.12517 6.31354 6.51703 6.45246 6.38712
1.91743 1.93916 1.98568 2.03225 2.07875 2.06774 1.89856 1.98920 2.38792 2.34888 2.29352 3.00274 3.00274 3.00274 3.00274 3.00274 3.02024 3.08942 3.18574 3.32464 3.44797 3.45011 3.45011 3.45011 6.90696 7.30491 7.46024 7.51064 7.56082 7.61089 7.66098 7.68227 6.67959 6.40728 6.40730 6.41274 6.42196 6.43124 6.44052 6.44846 6.65843 7.40542 7.40542 7.40051 6.79792 6.58193 6.55270 6.54894 6.53315 6.51312 6.49360 6.48733 6.48733 6.61427 6.67365 6.68763 6.74010 6.21740 6.18371 6.18371 6.17428 6.11589 6.02055 5.97991 6.29985 6.29906 6.29906
2.09165 2.11645 2.11647 2.11647 2.11647 2.11527 1.92083 1.89890 2.31736 2.38577 2.19092 2.91425 3.01600 3.08169 3.17500 3.30871 3.44389 3.45011 3.45011 3.45011 3.52207 4.83987 6.19823 7.21474 7.72548 7.53126 7.67229 7.69977 7.69977 7.69977 7.70341 7.72069 7.00926 6.43629 6.44554 6.44945 6.44945 6.44945 6.44945 6.44945 6.45886 7.33066 7.40444 7.38281 6.95968 6.61385 6.49326 6.48733 6.48733 6.48733 6.48733 6.48733 6.48733 6.57252 6.67365 6.67373 6.73819 6.32050 6.07065 6.00531 5.94941 5.94608 5.99847 5.98586 6.46025 6.58042 6.62217
2.11647 2.11647 2.11647 2.11647 2.11647 2.11647 1.98720 1.89856 2.15411 2.37555 2.19634 2.68306 3.43793 3.45011 3.45011 3.64546 5.10791 6.39536 7.36533 8.12235 8.71030 8.85603 8.85603 8.85603 8.54448 7.55408 7.63621 7.73081 7.74937 7.76793 7.78284 7.78412 7.31641 6.52648 6.44945 6.44945 6.44945 6.44945 6.44827 6.42609 6.39610 6.98339 7.29309 7.28485 7.08353 6.65332 6.48733 6.48733 6.48733 6.48733 6.48733 6.48733 6.48733 6.50954 6.58066 6.51533 6.46459 6.26530 6.12516 6.19927 6.27316 6.36084 6.41661 6.38692 6.49200 6.50464 6.48989
2.11647 2.11647 2.11647 2.11647 2.12015 2.16424 2.15764 2.05659 2.13778 2.33211 2.38649 3.72771 6.58254 7.51004 8.23696 8.77176 8.85603 8.85603 8.85603 8.85603 8.85603 8.85712 8.86350 8.87058 8.85761 7.66838 7.62484 7.78412 7.78412 7.78412 7.78412 7.78412 7.48366 6.69745 6.44810 6.42534 6.39542 6.36539 6.33669 6.32888 6.32888 6.67169 7.28485 7.28485 7.25811 6.71792 6.50924 6.48733 6.48733 6.47700 6.42144 6.31968 6.20856 6.12762 6.16505 6.09746 6.08420 6.20354 6.44300 6.48195 6.52050 6.54172 6.54178 6.50230 6.45922 6.54648 6.66005
2.11718 2.15296 2.20809 2.26327 2.31468 2.32579 2.31995 2.11448 3.20222 4.77645 5.31278 6.24246 8.85133 8.85603 8.85603 8.85603 8.85603 8.85930 8.86637 8.87346 8.88053 8.88653 8.88722 8.88722 8.88722 8.02789 7.58573 7.76215 7.78412 7.78412 7.78412 7.78412 7.68531 6.88491 6.33609 6.32888 6.32888 6.32888 6.32888 6.32888 6.32873 6.39750 7.25357 7.24832 7.23465 6.77131 6.39526 6.19068 6.07046 5.96052 5.89550 5.87886 5.89475 5.91777 6.12534 6.20629 6.23747 6.30865 6.50200 6.54178 6.56801 6.66194 6.77605 6.89456 6.94898 7.05170 7.05828
2.30627 2.32045 2.31278 2.30508 2.28580 2.24597 2.20558 2.02581 2.93433 4.71759 5.07162 5.82483 8.21461 8.86217 8.86925 8.87633 8.88341 8.88722 8.88722 8.88722 8.88722 8.88722 8.88722 8.88722 8.88722 8.40508 7.58520 7.70114 7.78412 7.78412 7.78412 7.78412 7.78412 6.93007 6.23321 6.14931 6.13555 6.12189 6.10805 6.09723 6.12215 6.16663 6.67674 6.69867 6.61368 6.37225 5.97741 5.82316 5.85525 5.88736 5.91947 5.94971 5.95671 5.95671 6.12473 6.24718 6.31606 6.45453 6.73900 6.99561 7.10704 7.12483 7.12930 7.12930 7.03232 7.04532 7.05828
2.20423 2.16898 2.13644 2.10373 2.08264 2.08222 2.08222 2.00532 2.09920 4.45441 5.07905 5.55283 7.34814 8.88722 8.88722 8.88722 8.88722 8.88722 8.88722 8.88722 8.88722 8.88722 8.88722 8.88722 8.88722 8.77291 7.59444 7.64040 7.78412 7.78412 7.78412 7.78412 7.78412 6.98675 6.33281 6.13376 6.18307 6.23239 6.28170 6.32817 6.33891 6.33891 6.44696 6.53513 6.50835 6.43244 6.00130 5.95544 5.95671 5.95671 5.95727 5.99266 6.05189 6.11336 6.29515 6.58859 6.55917 6.60959 6.92019 7.12930 7.12930 7.12930 7.12930 7.12930 7.06409 7.03221 7.05880
2.08222 2.08222 2.08222 2.08200 2.02193 1.91559 1.80926 1.71274 1.87479 3.88766 4.98102 5.31271 6.63567 8.88722 8.88722 8.88722 8.88722 8.88722 8.88722 8.88722 8.88722 8.88722 8.88722 8.88722 8.88722 8.88722 7.85732 7.59034 7.77265 7.83378 7.93236 8.03104 8.12967 7.57220 6.85707 6.33891 6.33891 6.33864 6.32170 6.29490 6.26812 6.24132 6.26752 6.44241 6.44241 6.44241 6.12242 6.02602 6.09569 6.16027 6.20221 6.19256 6.15525 6.12032 6.18069 6.50541 6.50541 6.51280 6.83241 7.11592 7.12930 7.12930 7.12930 7.17409 7.27743 7.28452 7.43896
1.99192 1.88554 1.77924 1.67309 1.62682 1.62682 1.62682 1.62682 1.81265 3.20877 4.72186 5.11950 6.07624 8.76960 8.88722 8.88722 8.88722 8.88722 8.88722 8.88722 8.88722 8.88722 8.88722 8.87887 8.68570 8.41639 7.98222 7.96362 8.19355 8.31015 8.31015 8.31015 8.31015 7.93523 7.00726 6.33875 6.25333 6.22681 6.21696 6.21696 6.21696 6.21696 6.21896 6.42431 6.44241 6.43806 6.39910 6.21722 6.15414 6.11982 6.11308 6.11308 6.11308 6.11308 6.12024 6.49003 6.50541 6.50541 6.72440 7.05963 7.27063 7.41576 7.56078 7.66106 7.66188 7.43752 7.42567
1.62682 1.62682 1.62682 1.62682 1.62682 1.62682 1.62682 1.62682 1.73447 2.43687 4.49531 5.08660 5.73434 7.89715 8.88722 8.88722 8.88722 8.88722 8.86398 8.64074 8.37144 8.10199 7.83269 7.57145 7.49546 7.49546 7.62630 8.11122 8.17966 8.27020 8.21661 8.16303 8.10945 8.02611 6.91614 6.45888 6.21696 6.21696 6.21696 6.21696 6.21696 6.21219 6.17225 6.27088 6.30423 6.26173 6.25408 6.18088 6.11282 6.11308 6.11308 6.11308 6.11308 6.11308 6.11308 6.40289 6.60157 6.74666 7.00202 7.43998 7.61173 7.57314 7.53450 7.49597 7.46348 7.34120 7.39495
1.62682 1.62682 1.62682 1.62682 1.62682 1.62682 1.62682 1.62891 1.67364 1.96013 4.67735 5.08660 5.46399 7.03880 8.59537 8.32593 8.05676 7.78732 7.54125 7.49546 7.49546 7.49546 7.49546 7.49546 7.50110 7.52560 7.55667 8.14210 8.20894 8.06957 8.06625 8.06625 8.06625 8.06625 7.08305 6.68390 6.21696 6.21153 6.17114 6.12426 6.07759 6.03554 6.02863 6.10947 6.25408 6.25408 6.25408 6.23927 6.10896 6.11308 6.11308 6.11308 6.15517 6.26001 6.25315 6.42401 6.48953 6.29656 6.11874 6.45891 7.45811 7.46903 7.47982 7.49050 7.49577 7.42747 7.38485
1.62682 1.62682 1.62682 1.62769 1.63848 1.65376 1.67149 1.68868 1.69071 1.96296 3.90216 4.70612 4.73329 5.60619 7.49546 7.49546 7.49546 7.49546 7.49546 7.49553 7.51036 7.53637 7.56258 7.58840 7.60878 7.61030 7.61030 8.00223 8.22606 8.10853 8.06625 8.06625 8.06625 8.06625 7.30142 6.88098 6.13262 6.03499 6.02863 6.02863 6.02863 6.02863 6.02863 6.04698 6.25214 6.25408 6.25428 6.26436 6.11755 6.05526 6.02956 6.00421 5.93615 5.80596 5.78758 5.86576 5.99925 6.00993 6.02062 6.26359 7.32290 7.49577 7.49577 7.49577 7.49881 7.53124 8.15937
1.63567 1.65049 1.66768 1.68635 1.71620 1.77012 1.82410 1.88393 1.96397 2.21368 3.29109 4.72243 4.74679 5.36046 7.23071 7.49854 7.52113 7.54714 7.57316 7.59910 7.61030 7.61030 7.61030 7.61030 7.61030 7.61030 7.61030 7.82428 8.22606 8.15743 8.06625 8.06625 8.06625 8.06625 7.60521 7.03770 6.44896 6.16883 6.18420 6.19977 6.21520 6.23071 6.23917 6.15233 6.12328 5.96267 5.78560 5.59787 5.65890 5.91979 5.92470 5.93326 5.94180 5.95035 5.95825 5.96718 6.02920 6.02920 6.02920 6.15548 7.00940 7.54511 7.59456 7.64408 7.69049 7.70093 8.39344
1.82717 1.88755 1.96801 2.04966 2.10604 2.13381 2.16163 2.18355 2.18526 2.24894 2.65911 4.71977 4.77986 5.18507 6.62918 7.60688 7.61030 7.61030 7.61030 7.61030 7.61030 7.61030 7.61030 7.61030 7.61030 7.61030 7.61030 7.65476 8.21826 8.20589 8.06643 8.06625 8.06625 8.06625 7.93610 7.27166 6.93801 6.28518 6.16112 6.02905 5.89725 5.76504 5.64027 5.61040 5.54309 5.48831 5.53590 5.58643 5.66503 5.96130 5.95986 5.95986 5.95986 5.95986 5.95986 5.95991 6.00611 5.91529 5.80651 5.74925 6.86537 7.70093 7.70093 7.70093 7.70093 7.70093 8.13152
2.16258 2.18384 2.18526 2.18526 2.18526 2.18526 2.18664 2.22922 2.29122 2.35377 2.57017 4.32909 4.81906 5.03182 6.09361 7.61030 7.61030 7.61030 7.61030 7.61030 7.61030 7.61030 7.61030 7.61030 7.61030 7.61030 7.61030 7.61030 8.08536 8.22606 8.09514 8.06625 7.93973 7.67614 7.41185 6.69470 6.45911 5.65125 5.61040 5.61040 5.61157 5.64657 5.69708 5.74758 5.76918 5.70449 5.70739 5.70739 5.70739 5.90847 5.95986 5.95986 5.94557 5.86613 5.77907 5.69213 5.60718 5.59040 5.59040 5.59040 6.35041 7.65822 7.70093 7.70093 7.70093 7.70093 7.87834
