High_resolution/powerplant/Chizhou/OMI_NO2_201002.asc
ncols      200
nrows      200
xllcorner       115.585
yllcorner       28.7700
cellsize     0.0166667
NODATA_Value      -999.000
[rows 29 to 57 of 171, columns 0 to 66 of 200]
           :*                              :*            :*            :*            :*                :*                :*      *        :     *        :      *        :      *        :          *            :       *        :    *       :      *    :      :*                              :*                              :*                              :*        
    :    *        :    *      :      *    :      :*                              :*                              :*                              :*                    3*                  3*                  3*                       >*                        >*                       =*              
               3*                      >*                        >*                    =*                          :*                    :*                  :*                  :*                    :*                              :*                          :*     
      :*                    :*                              :*                  :*                  :*                            :*                              :*                              :*                :*                :*                  =*              =*               :*      *        :       *       :     *       :      *    :      *   
   =*                  =*              =*               :*      *        :      *    :      *    :      *    :      *        :    *        :    *        :      *    :      :*                              :*                              :*                              :*                      3*                  3*     
 :*                              :*                              :*                      3*                  2*                  =*                  <*                  <*                  <*                            :*                      :*                  :*  
            <*                          :*                      :*                  :*                :*                  :*                  :*                  :*                  :*                    :*            :*                 <*                  <*        
            :*                  :*             :*             <*                  <*                 <*                  =*                  =*                  =*                  :*      *    :      *     :      *    :      *    :       *     :  :   :  :   :  *     
      :*      *    :      *     :      *    :      *     :   *    :  :   :  :   :  *            :          :*                              :*                              :*                              :*                          =*                  =*                  =*                  <*  
            =*                  =*                  <*                  <*                            :*                              :*                        :*                  :*                  :*                  :*                :*                 
      :*                  :*                  :*                   :*                        :*                        :*                 :*            :*                 <*               <*              <*                        3*                       3*                       :*      *    :    *     :    *  
0.00000 0.00000 0.00000 0.00000 0.00000 0.00000 0.00000 0.00000 0.00000 0.00000 0.00000 0.00000 0.00000 0.00000 20.6669 20.6669 20.6669 20.6669 20.6669 20.6669 20.6669 20.6669 20.7068 21.0204 21.3864 21.7518 22.1176 22.4651 22.5504 22.5504 22.5504 16.6190 13.9330 13.9330 13.9330 13.9330 13.9330 13.9330 13.9330 13.9330 13.9330 13.9330 13.9330 13.9330 13.9330 13.9330 13.9330 13.9330 13.9330 0.00000 0.00000 0.00000 0.00000 0.00000 0.00000 0.00000 0.00000 0.00000 0.00000 0.00000 0.00000 0.00000 0.00000 0.00000 0.00000 0.00000 0.00000
0.00000 0.00000 0.00000 0.00000 0.00000 0.00000 0.00000 0.00000 0.00000 0.00000 0.00000 0.00000 0.00000 0.00000 20.6669 20.6669 20.6669 20.7368 21.0754 21.4414 21.8070 22.1726 22.4984 22.5504 22.5504 22.5504 22.5504 22.5504 22.5504 22.5504 22.5504 19.1278 13.9330 13.9330 13.9330 13.9330 13.9330 13.9330 13.9330 13.9330 13.9330 13.9330 13.9330 13.9330 13.9330 13.9330 13.9330 13.9330 13.9330 0.00000 0.00000 0.00000 0.00000 0.00000 0.00000 0.00000 0.00000 0.00000 0.00000 0.00000 0.00000 0.00000 0.00000 0.00000 0.00000 0.00000 0.00000
0.00000 0.00000 0.00000 0.00000 0.00000 0.00000 0.00000 0.00000 0.00000 0.00000 0.00000 0.00000 13.7729 13.7729 15.0462 21.8042 22.2278 22.5237 22.5504 22.5504 22.5504 22.5504 22.5504 22.5504 22.5504 22.5504 22.5504 22.5504 22.5504 22.5504 22.5504 21.6136 13.9563 13.9330 13.9330 13.9330 13.9330 13.9330 13.9330 13.9330 13.9330 13.9330 13.9330 13.9330 13.9330 13.9330 13.9330 13.9330 13.9330 0.00000 0.00000 0.00000 0.00000 0.00000 0.00000 0.00000 0.00000 0.00000 0.00000 0.00000 0.00000 0.00000 0.00000 0.00000 0.00000 0.00000 0.00000
0.00000 0.00000 0.00000 0.00000 0.00000 0.00000 0.00000 13.7729 13.7729 13.7729 13.7729 13.7729 13.7729 13.7729 13.7729 20.7221 22.5504 22.5504 22.5504 22.5504 22.5504 22.5504 22.5504 22.5504 22.5504 22.5504 22.5504 22.5504 22.5504 22.5504 22.5504 22.5504 15.5274 13.9330 13.9330 13.9330 13.9330 13.9330 13.9330 13.9330 13.9330 13.9330 13.9330 13.9330 13.9330 13.9330 13.8813 13.4172 12.7934 0.00000 0.00000 0.00000 0.00000 0.00000 0.00000 0.00000 0.00000 0.00000 0.00000 0.00000 0.00000 0.00000 0.00000 0.00000 0.00000 0.00000 0.00000
0.00000 0.00000 13.7729 13.7729 13.7729 13.7729 13.7729 13.7729 13.7729 13.7729 13.7729 13.7729 13.7729 13.7729 13.7729 18.1546 22.5504 22.5504 22.5504 22.5504 22.5504 22.5504 22.5504 22.5504 22.5504 22.5504 22.5504 22.5504 22.5504 22.5504 22.5504 22.5504 18.0362 13.9330 13.9330 13.9330 13.9330 13.9330 13.9330 13.9330 13.9330 13.7789 13.2433 12.6898 12.1365 11.5827 11.0812 10.9918 10.9918 10.9918 0.00000 0.00000 0.00000 0.00000 0.00000 0.00000 0.00000 0.00000 0.00000 0.00000 0.00000 0.00000 0.00000 0.00000 0.00000 0.00000 0.00000
13.7729 13.7729 13.7729 13.7729 13.7729 13.7729 13.7729 13.7729 13.7729 13.7729 13.7729 13.7729 13.7729 13.7729 13.7729 15.5872 22.5504 22.5504 22.5504 22.5504 22.5504 22.5504 22.5504 22.5504 22.5504 22.5504 22.5504 22.5504 22.5504 22.5504 22.5504 22.5504 20.5451 13.9330 13.9330 13.9322 13.6230 13.0695 12.5163 11.9624 11.4696 12.4610 10.9918 10.9918 10.9918 10.9918 10.9918 10.9918 10.9918 10.9918 0.00000 0.00000 0.00000 0.00000 0.00000 0.00000 0.00000 0.00000 0.00000 0.00000 0.00000 0.00000 0.00000 0.00000 0.00000 0.00000 0.00000
13.7729 13.7729 13.7729 13.7729 13.7729 13.7729 13.7729 13.7729 13.7729 13.7729 13.7729 13.7729 13.7729 13.7729 13.7729 13.8282 21.7429 22.5504 22.5504 22.5504 22.5504 22.5504 22.5504 22.5504 22.5504 22.5504 22.5504 22.5504 22.5504 22.5504 22.5446 22.4449 22.2006 13.0976 11.7886 11.2359 10.9996 13.4340 16.5292 18.6694 20.2179 19.8720 10.9937 10.9918 10.9918 10.9918 10.9918 10.9918 10.9918 10.9918 0.00000 0.00000 0.00000 0.00000 0.00000 0.00000 0.00000 0.00000 0.00000 0.00000 0.00000 0.00000 0.00000 0.00000 0.00000 0.00000 0.00000
13.7729 13.7729 13.7729 13.7729 13.7729 13.7729 13.7729 13.7729 13.7729 13.7729 13.7729 13.7729 13.7729 13.7729 13.7729 13.7729 19.2308 22.5504 22.5504 22.5504 22.5504 22.5504 22.5504 22.5504 22.5504 22.5373 22.4254 22.2931 22.1607 22.0285 21.9020 21.8694 21.8694 16.4407 16.2768 18.4903 20.0976 20.6753 20.6753 20.6753 20.6753 20.6753 13.8171 10.9918 10.9918 10.9918 10.9918 10.9918 10.9918 10.9918 10.9918 0.00000 0.00000 0.00000 0.00000 0.00000 0.00000 0.00000 0.00000 0.00000 0.00000 0.00000 0.00000 0.00000 0.00000 0.00000 0.00000
13.7729 13.7729 13.7729 13.7729 13.7729 13.7729 13.7729 13.7729 13.7729 13.7729 13.7729 13.7729 13.7729 13.7729 13.7729 13.7729 16.6625 22.5504 22.5504 22.5504 22.5272 22.4058 22.2735 22.1412 22.0090 21.8898 21.8694 21.8694 21.8694 22.6158 24.0717 25.0750 25.8014 24.1434 20.6753 20.6753 20.6753 20.6753 20.6753 20.6753 20.6753 20.6753 17.4034 10.9918 10.9918 10.9918 10.9918 10.9918 10.9918 10.9918 10.9918 0.00000 0.00000 0.00000 0.00000 0.00000 0.00000 0.00000 0.00000 0.00000 0.00000 0.00000 0.00000 0.00000 0.00000 0.00000 0.00000
13.7729 13.7729 13.7729 13.7729 13.7729 13.7729 13.7729 13.7729 13.7729 13.7729 13.7729 13.7729 13.7729 13.7729 13.7729 13.9891 15.3682 22.1815 22.1218 21.9895 21.8804 21.8694 21.8694 21.8694 21.8694 22.4675 23.9531 24.9912 25.7392 26.1094 26.1141 26.1141 26.1141 25.6706 20.7242 20.6753 20.6753 20.6753 20.6753 20.6753 20.6753 20.6753 19.7100 10.9918 10.9918 10.9918 10.9918 10.9918 10.9918 10.9918 10.9918 0.00000 0.00000 0.00000 0.00000 0.00000 0.00000 0.00000 0.00000 0.00000 0.00000 0.00000 0.00000 0.00000 0.00000 0.00000 0.00000
13.7729 13.7729 13.7729 13.7729 13.7729 13.7729 13.7729 13.7729 13.7729 13.7729 13.9817 14.8560 15.7778 16.7024 17.6307 18.3363 18.3819 20.9780 21.8694 21.8694 21.8694 22.3333 23.8295 24.9046 25.6757 26.0996 26.1141 26.1141 26.1141 26.1141 26.1141 26.1141 26.1141 26.1141 21.8566 20.6753 20.6753 20.6753 20.6753 20.6753 20.6753 20.6753 20.6728 13.4178 10.9918 10.9918 10.9918 10.9918 10.9918 10.9163 9.94268 0.00000 0.00000 0.00000 0.00000 0.00000 0.00000 0.00000 0.00000 0.00000 0.00000 0.00000 0.00000 0.00000 0.00000 0.00000 0.00000
12.7512 13.7729 13.7729 13.7729 13.7729 13.9706 14.8376 15.7672 16.6904 17.6122 18.3303 18.3819 18.3819 18.3819 18.3819 18.3819 18.3819 19.9579 22.1006 24.8156 25.6097 26.0848 26.1141 26.1141 26.1141 26.1141 26.1141 26.1141 26.1141 26.1141 26.1141 26.1141 26.1141 26.1141 23.4322 20.6753 20.6753 20.6753 20.6753 20.6753 20.6753 20.6753 20.6753 17.1543 10.7225 9.64156 8.50871 7.37404 6.23998 5.18261 4.95314 0.00000 0.00000 0.00000 0.00000 0.00000 0.00000 0.00000 0.00000 0.00000 0.00000 0.00000 0.00000 0.00000 0.00000 0.00000 0.00000
10.6172 14.8284 15.7502 16.6734 17.6030 18.3271 18.3819 18.3819 18.3819 18.3819 18.3819 18.3819 18.3819 18.3819 18.3819 18.3819 18.3819 18.9375 21.8702 25.7580 26.1141 26.1141 26.1141 26.1141 26.1141 26.1141 26.1141 26.1141 26.1141 26.1141 26.1141 26.1141 26.1141 26.1141 25.0078 20.6753 20.6753 20.6753 20.6753 20.3827 19.8163 19.2486 18.6825 16.5601 5.00749 4.95314 4.95314 4.95314 4.95314 4.95314 4.95314 0.00000 0.00000 0.00000 0.00000 0.00000 0.00000 0.00000 0.00000 0.00000 0.00000 0.00000 0.00000 0.00000 0.00000 0.00000 0.00000
17.7941 18.3819 18.3819 18.3819 18.3819 18.3819 18.3819 18.3819 18.3819 18.3819 18.3819 18.3819 18.3819 18.3819 18.3819 18.3819 18.3819 18.3830 21.4042 24.7663 26.1141 26.1141 26.1141 26.1141 26.1141 26.1141 26.1141 26.1141 26.1141 26.1141 26.1141 26.1141 26.1141 26.1313 26.4324 20.2463 19.0642 18.4977 17.9304 17.5729 15.6139 12.8895 10.1619 7.59460 5.38590 4.95314 4.95314 4.95314 4.95314 4.95314 4.95314 0.00000 0.00000 0.00000 0.00000 0.00000 0.00000 0.00000 0.00000 0.00000 0.00000 0.00000 0.00000 0.00000 0.00000 0.00000 0.00000
18.3819 18.3819 18.3819 18.3819 18.3819 18.3819 18.3819 18.3819 18.3819 18.3819 18.3819 18.3819 18.3819 18.3819 18.3819 18.3819 18.3819 18.3819 20.3851 23.2284 26.1141 26.1141 26.1141 26.1141 26.1141 26.1141 26.1141 26.1141 26.1524 26.5367 27.0952 27.8060 28.7406 29.9622 30.3587 20.5534 15.8727 13.1461 10.4196 7.77817 7.00950 7.00950 7.00950 7.00950 6.20344 4.95314 4.95314 4.95314 4.95314 4.95314 4.95314 0.00000 0.00000 0.00000 0.00000 0.00000 0.00000 0.00000 0.00000 0.00000 0.00000 0.00000 0.00000 0.00000 0.00000 0.00000 0.00000
0.00000 18.3819 18.3819 18.3819 18.3819 18.3819 18.3819 18.3819 18.3819 18.3819 18.3819 18.3819 18.3819 18.3819 18.3819 18.3819 18.3819 18.3819 19.3654 21.8796 25.8000 26.1141 26.1141 26.1824 26.6075 27.1855 27.9220 28.8970 30.0995 30.3587 30.3587 30.3502 27.3075 21.8522 16.4034 9.49448 7.00950 7.00950 7.00950 7.00950 7.00950 7.00950 7.00950 7.00950 6.72829 4.95314 4.95314 4.95314 4.95314 4.95314 4.95314 0.00000 0.00000 0.00000 0.00000 0.00000 0.00000 0.00000 0.00000 0.00000 0.00000 0.00000 0.00000 0.00000 0.00000 0.00000 0.00000
0.00000 18.3819 18.3819 18.3819 18.3819 18.3819 18.3819 18.3819 18.3819 18.3819 18.3819 18.3819 18.3819 18.3819 18.3819 18.3819 18.3819 18.3819 18.4968 21.7690 25.9867 28.0435 29.0601 30.2103 30.3587 30.3587 30.3587 30.3587 27.8164 22.3696 16.9187 11.4741 9.06585 9.06585 9.06585 8.82320 7.02702 7.00950 7.00950 7.00950 7.00950 7.00950 7.00950 7.00950 6.99937 5.29894 4.95314 4.95314 4.95314 4.95314 4.95314 0.00000 0.00000 0.00000 0.00000 0.00000 0.00000 0.00000 0.00000 0.00000 0.00000 0.00000 0.00000 0.00000 0.00000 0.00000 0.00000
0.00000 18.3819 18.3819 18.3819 18.3819 18.3819 18.3819 18.3819 18.3819 18.3819 18.3819 18.3819 18.3819 18.3819 18.3819 18.3819 18.3819 18.3819 18.3819 0.00000 30.3587 30.3587 30.3587 30.3587 28.2912 22.8871 17.4318 11.9808 9.07011 9.06585 9.06585 9.06585 9.06585 9.06585 9.06585 9.06585 7.29456 7.00950 7.00950 7.00950 7.00950 7.00950 7.00950 7.00950 7.00950 6.13720 4.95314 4.95314 4.95314 4.95314 4.95314 0.00000 0.00000 0.00000 0.00000 0.00000 0.00000 0.00000 0.00000 0.00000 0.00000 0.00000 0.00000 0.00000 0.00000 0.00000 0.00000
