High_resolution/powerplant/Chizhou/OMI_NO2_200911.asc
ncols      200
nrows      200
xllcorner       115.585
yllcorner       28.7700
cellsize     0.0166667
NODATA_Value      -999.000
[rows 116 to 144 of 165, columns 130 to 194 of 200]
4.78598 4.72982 4.66377 4.59767 4.54091 4.57296 4.68902 4.68902 4.68902 4.68902 4.68902 3.01108 2.55151 2.55151 2.55151 2.55151 2.55151 2.55151 2.55151 2.47188 2.08695 1.67190 1.25708 0.840433 0.428579 0.269770 0.269770 0.360503 1.58651 2.01134 2.01134 2.01203 2.01714 2.02305 2.02897 2.03459 2.03597 2.03597 2.03597 2.03597 2.03597 2.03597 2.10483 2.39475 2.39475 2.39475 2.39475 2.39475 2.39475 2.38242 1.75799 1.71359 1.71359 1.71359 1.71359 1.71359 1.71359 1.71359 2.21408 2.36569 2.36569 2.36569 2.36860 2.40730 2.55651
4.54363 4.53366 4.53366 4.53366 4.53366 4.54175 4.68705 4.68902 4.68902 4.68902 4.68902 3.60488 2.55151 2.54877 2.29641 1.88068 1.46449 1.04967 0.634848 0.299661 0.269770 0.269770 0.269770 0.269770 0.269770 0.269770 0.269770 0.406212 1.22894 2.02403 2.02994 2.03517 2.03597 2.03597 2.03597 2.03597 2.03597 2.03597 2.03597 2.03597 2.03597 2.03597 2.03790 2.36357 2.39475 2.39475 2.39475 2.39475 2.39475 2.39475 1.95227 1.71359 1.71359 1.71359 1.71359 1.71359 1.71410 1.72186 2.09020 2.51726 2.69971 2.90722 3.11208 3.28080 3.33942
4.53366 4.53366 4.53366 4.53366 4.53366 4.53366 4.63335 4.68902 4.65285 4.40471 4.12305 3.26267 0.844312 0.432230 0.269770 0.269770 0.269770 0.269770 0.269770 0.269770 0.269770 0.269770 0.269770 0.355505 0.666125 0.894331 1.05880 1.17879 1.24582 1.99220 2.03597 2.03597 2.03597 2.03597 2.03597 2.03597 2.03597 2.03597 2.03597 2.03597 2.03597 2.03597 2.03597 2.26727 2.39475 2.39475 2.39475 2.39475 2.39475 2.39475 2.15915 1.72030 1.73039 1.74048 1.75055 1.80390 1.96810 2.13083 2.49182 3.31421 3.33942 3.33942 3.33942 3.33942 3.33942
4.53366 4.53366 4.53366 4.48480 4.34602 4.20476 3.96731 3.46756 3.22213 3.18791 3.18791 3.14471 0.452810 0.269770 0.269770 0.269770 0.269770 0.269770 0.269770 0.365268 0.675291 0.900619 1.06346 1.16434 1.17170 1.17170 1.17170 1.17429 1.22381 1.76341 2.03597 2.03597 2.03597 2.03597 2.03597 2.03597 2.03597 2.03597 2.03597 2.03597 2.03597 2.03597 2.03597 2.16926 2.39475 2.39990 2.40999 2.42008 2.43017 2.44025 2.40782 1.86897 2.01767 2.17808 2.33856 2.45565 2.46130 2.46130 2.47541 3.28841 3.33942 3.33942 3.33942 3.33942 3.33942
4.15928 4.01818 3.87737 3.78513 3.78310 3.78310 3.73152 3.18791 3.18791 3.18791 3.18791 3.18791 1.22078 0.269770 0.269770 0.373800 0.684551 0.907218 1.06836 1.16553 1.17170 1.17170 1.17170 1.17170 1.17170 1.17170 1.17170 1.17170 1.21173 1.51388 2.03597 2.03597 2.03597 2.03597 2.03597 2.03597 2.03597 2.03597 2.03597 2.03602 2.03619 2.03637 2.03655 2.07656 2.44769 2.45371 2.45273 2.41356 2.35484 2.29613 2.23741 2.39593 2.46130 2.46130 2.46130 2.46130 2.46130 2.46130 2.46130 3.06511 3.33942 3.33942 3.33942 3.33942 3.33942
3.78310 3.78310 3.78310 3.78310 3.78310 3.78310 3.78310 3.34452 3.18791 3.18791 3.18791 3.11725 2.04181 0.913594 1.07293 1.16690 1.17170 1.17170 1.17170 1.17170 1.17170 1.17170 1.17170 1.17170 1.17170 1.17170 1.17170 1.17170 1.19707 1.27894 2.02137 2.03597 2.03597 2.03598 2.03613 2.03631 2.03649 2.03667 2.03685 2.03698 2.03698 2.03698 2.03354 1.98749 2.27296 2.28678 2.22908 2.20952 2.20952 2.20952 2.20952 2.31966 2.46130 2.46130 2.46130 2.46130 2.46130 2.46130 2.46130 2.82747 3.33942 3.33942 3.33942 3.33942 3.33942
3.78310 3.78310 3.78310 3.78310 3.78310 3.78310 3.78310 3.50892 2.92067 2.78636 2.68881 2.63312 2.45700 1.17287 1.17170 1.17170 1.17170 1.17170 1.17170 1.17170 1.17170 1.17170 1.17170 1.17170 1.17170 1.17170 1.17170 1.17179 1.21973 1.22530 1.82615 2.03661 2.03679 2.03695 2.03698 2.03698 2.03698 2.03698 2.02959 1.97814 1.91946 1.86073 1.80547 1.79280 2.02366 2.20952 2.20952 2.20952 2.20952 2.20952 2.20952 2.24345 2.46121 2.46130 2.46130 2.46130 2.46130 2.46130 2.46130 2.59000 3.33942 3.33942 3.33942 3.33942 3.33942
3.78310 3.78310 3.78310 3.78379 3.78658 3.78952 3.79246 3.53046 2.63077 2.63077 2.63077 2.63077 2.63077 1.40428 1.17170 1.17170 1.17170 1.17170 1.17170 1.17170 1.17170 1.17170 1.18330 1.25599 1.33740 1.41918 1.50064 1.58219 1.61667 1.25811 1.57726 2.03698 2.03698 2.03698 2.02414 1.96883 1.91011 1.85138 1.80008 1.79280 1.79280 1.79280 1.79280 1.79280 1.91015 2.20952 2.20952 2.20952 2.20952 2.20952 2.20952 2.20952 2.41868 2.46130 2.46130 2.46130 2.46130 2.46130 2.46130 2.46148 3.23027 3.33942 3.33942 3.33942 3.33942
3.78636 3.78929 3.79223 3.79448 3.79462 3.79462 3.79462 3.78516 2.73801 2.63077 2.63077 2.63077 2.63077 1.80961 1.17170 1.17170 1.17170 1.21425 1.29589 1.37731 1.45908 1.54055 1.61059 1.61954 1.61954 1.61954 1.61954 1.61954 1.61954 1.36351 1.40511 1.95993 1.90075 1.84205 1.79617 1.79280 1.79280 1.79280 1.79280 1.79280 1.79280 1.79280 1.79280 1.79280 1.80905 2.19723 2.20952 2.20952 2.20952 2.20952 2.20952 2.20952 2.34221 2.46130 2.46130 2.46130 2.46130 2.46130 2.46130 2.46183 2.94503 3.12183 2.98518 2.81804 2.64798
3.79462 3.79462 3.79462 3.79462 3.79462 3.79462 3.79462 3.79462 3.09053 2.63077 2.63077 2.63669 2.68644 2.34125 1.41721 1.49903 1.58045 1.61954 1.61954 1.61954 1.61954 1.61954 1.61954 1.61954 1.61954 1.61954 1.70543 1.94894 2.19574 2.29457 2.21741 1.86992 1.79280 1.79280 1.79280 1.79280 1.79280 1.79280 1.79280 1.79280 1.79280 1.79280 1.79280 1.79280 1.79280 2.10001 2.20952 2.20952 2.20952 2.20952 2.20952 2.20952 2.26590 2.46130 2.48683 2.53692 2.58704 2.63709 2.67195 2.68262 2.59373 2.42029 2.38797 2.38471 2.38471
3.79462 3.79462 3.79462 3.79462 3.79462 3.79462 3.81279 3.87018 3.58681 2.82365 2.88236 2.93517 2.94404 2.89326 1.66105 1.61954 1.61954 1.61954 1.61954 1.61954 1.61954 1.61954 1.71380 1.95831 2.20520 2.45190 2.61272 2.61590 2.61590 2.57529 2.22338 2.00180 1.79280 1.79280 1.79280 1.79280 1.79280 1.79280 1.79280 1.79280 1.79280 1.79280 1.79280 1.79280 1.79280 1.98658 2.20952 2.20952 2.22865 2.27838 2.32844 2.37853 2.43081 2.70784 2.72873 2.68956 2.65038 2.61120 2.58727 2.58700 2.57145 2.38629 2.38471 2.38471 2.38471
3.79509 3.83143 3.89017 3.94869 4.00746 4.06619 4.10654 4.10789 4.07213 2.99972 2.94404 2.94404 2.94404 2.94404 1.97866 1.61954 1.61954 1.61954 1.72217 1.96797 2.21467 2.46137 2.61381 2.61590 2.61590 2.61590 2.61590 2.61590 2.61590 2.61590 2.29094 2.13341 1.79280 1.79280 1.79280 1.79280 1.79280 1.79280 1.79280 1.79280 1.79280 1.79280 1.81538 1.92383 2.04069 2.20561 2.42189 2.47195 2.50288 2.51602 2.67942 2.88582 3.09248 2.85391 2.58700 2.58700 2.58700 2.58700 2.58700 2.58700 2.58700 2.42494 2.38471 2.38471 2.38471
4.08549 4.10789 4.10789 4.10789 4.10789 4.10789 4.10789 4.10789 4.10789 3.32584 2.94404 2.94404 2.94404 2.94404 2.45845 1.97734 2.22404 2.47083 2.61491 2.61590 2.61590 2.61590 2.61590 2.61590 2.61590 2.61590 2.61590 2.61590 2.61590 2.61590 2.39920 2.22032 1.83749 1.79280 1.79280 1.79280 1.79777 1.88530 2.00189 2.11862 2.23542 2.35228 2.44656 2.45490 2.45490 2.48280 2.70918 2.91962 3.12628 3.31995 3.36329 3.36329 3.36329 3.11699 2.58700 2.58700 2.58700 2.58700 2.58700 2.58700 2.58700 2.47904 2.38471 2.38471 2.38471
4.10789 4.10789 4.10789 4.10789 4.10789 4.10789 4.10789 4.10789 4.10789 3.68767 3.06440 3.31120 3.55790 3.80470 3.71188 2.61590 2.61590 2.61590 2.61590 2.61590 2.61590 2.61590 2.61590 2.61590 2.61590 2.61590 2.61590 2.61590 2.61590 2.61590 2.50737 2.27602 2.13760 2.08009 2.19688 2.31368 2.42564 2.45490 2.45490 2.45490 2.45490 2.50263 2.69846 2.90512 3.11160 3.29065 3.34662 3.36329 3.36329 3.36329 3.36329 3.36329 3.36329 3.32773 2.61045 2.58700 2.58700 2.58700 2.58700 2.58700 2.58700 2.53319 2.38471 2.38471 2.38471
4.10789 4.10789 4.10789 4.10789 4.10789 4.10789 4.12027 4.14956 4.17899 4.18442 3.94537 3.94040 3.94040 3.94040 3.93775 2.75850 2.61590 2.61590 2.61590 2.61590 2.61590 2.61590 2.61590 2.61590 2.61590 2.60594 2.52672 2.43433 2.34194 2.24955 2.18120 2.85808 2.76107 2.45490 2.45490 2.45490 2.45490 2.52826 2.73225 2.93891 3.14531 3.30433 3.31491 3.31491 3.31491 3.31491 3.33353 3.36329 3.36329 3.36329 3.36329 3.36329 3.36329 3.36329 2.80938 2.58700 2.58700 2.58700 2.58700 2.58700 2.58700 2.58045 2.39165 2.38471 2.38471
4.10789 4.10789 4.11833 4.14736 4.17676 4.20616 4.22318 4.22327 4.22327 4.22327 4.01398 3.94040 3.94040 3.94040 3.94040 3.12438 2.61590 2.61590 2.61590 2.61590 2.57245 2.48006 2.38767 2.29564 2.20335 2.12092 2.10771 2.10771 2.10771 2.10771 2.10771 2.67268 2.87185 2.57356 2.76614 2.97263 3.17920 3.31241 3.31491 3.31491 3.31491 3.31491 3.31491 3.31491 3.31491 3.31491 3.32050 3.36325 3.36329 3.36329 3.36329 3.36329 3.36329 3.36329 3.04349 2.58700 2.58700 2.58700 2.58700 2.58700 2.58700 2.58700 2.43921 2.41810 2.48851
4.17455 4.20394 4.22290 4.22327 4.22327 4.22327 4.22327 4.22327 4.22327 4.22327 4.10204 3.94040 3.94040 3.94040 3.93349 3.41780 2.43387 2.34148 2.24909 2.15670 2.10771 2.10771 2.10771 2.10771 2.10771 2.10771 2.10771 2.10771 2.10749 1.96160 1.69194 1.77483 1.92930 2.82152 3.31491 3.31491 3.31491 3.31491 3.31491 3.31491 3.31491 3.31491 3.31491 3.31491 3.31491 3.31491 3.31491 3.35566 3.36329 3.36329 3.36329 3.36329 3.36329 3.36329 3.27556 2.58918 2.58700 2.55543 2.46719 2.37770 2.28856 2.31709 2.76226 3.36564 3.58399
4.22327 4.22327 4.22327 4.22327 4.22327 4.22327 4.22327 4.22327 4.22327 4.20148 4.09580 3.77403 3.69997 3.62637 3.55968 3.44444 2.12326 2.10771 2.10771 2.10771 2.10771 2.10771 2.10771 2.10771 2.10684 1.95082 1.68116 1.41139 1.14195 1.01818 1.01818 1.15836 1.79496 2.35815 3.31491 3.31491 3.31491 3.31491 3.31491 3.31491 3.31491 3.31491 3.31491 3.31491 3.31491 3.31491 3.31491 3.34250 3.36329 3.36329 3.36329 3.34156 3.25616 3.16682 3.07739 2.36045 2.13403 2.24509 2.46234 2.68077 2.89893 2.99926 3.14343 3.74655 3.74655
4.18713 4.22327 4.22327 4.22284 4.17884 4.10527 4.03164 3.95807 3.88447 3.83266 3.83074 3.60245 3.54787 3.54787 3.54787 3.54787 2.41795 2.10771 2.10771 2.10771 2.10575 1.93992 1.67037 1.40060 1.13182 1.01818 1.01818 1.01818 1.01818 1.01818 1.01818 1.02085 1.71993 1.91352 3.29606 3.31491 3.31491 3.31491 3.31491 3.31491 3.31491 3.31491 3.31491 3.31491 3.31491 3.31534 3.31856 3.28726 3.09016 3.00078 2.91134 2.84374 2.83114 2.77707 2.71621 2.69808 2.94984 2.99926 2.99926 2.99926 2.99926 2.99926 3.00393 3.68512 3.74655
3.80022 4.00691 3.93327 3.86010 3.83074 3.83074 3.83074 3.83074 3.83074 3.83074 3.83074 3.69056 3.54787 3.54787 3.54787 3.54787 2.81250 1.92914 1.65948 1.38971 1.12201 1.01818 1.01818 1.01818 1.01818 1.01818 1.01818 1.01818 1.01818 1.01818 1.01818 1.01818 1.51006 1.79496 2.95139 3.31491 3.31491 3.31491 3.31491 3.31496 3.31738 3.32108 3.32477 3.32847 3.33217 3.33543 3.33592 3.31126 2.83522 2.76683 2.70597 2.64511 2.59280 2.58608 2.58608 2.67034 2.99926 2.99926 2.99926 2.99926 2.99926 2.99926 2.99926 3.48867 3.74655
3.35839 3.83074 3.83074 3.83074 3.83074 3.83074 3.83074 3.83074 3.83074 3.83074 3.83074 3.77846 3.54242 3.35850 3.08885 2.81908 2.21901 1.01818 1.01818 1.01818 1.01818 1.01818 1.01818 1.01818 1.01818 1.01818 1.01818 1.01818 1.01818 1.01818 1.01818 1.01818 1.29759 1.79496 2.48898 3.31991 3.32360 3.32730 3.33100 3.33464 3.33592 3.33592 3.33592 3.33592 3.31317 3.25284 3.19199 3.13122 2.70871 2.58608 2.58608 2.58608 2.58608 2.58608 2.58608 2.58806 2.95710 2.99926 2.99926 2.99926 2.99926 2.99926 2.99926 3.28774 3.74655
3.11920 3.83074 3.83074 3.83074 3.83074 3.83074 3.83074 3.83074 3.83162 3.88300 3.96374 4.04408 2.75672 2.45833 2.45833 2.45833 2.43558 1.10516 1.01818 1.01818 1.01818 1.01818 1.01818 1.01818 1.01818 1.01818 1.01818 1.01818 1.03500 1.21539 1.43770 1.65977 1.89319 1.81556 2.04530 3.33592 3.33592 3.33592 3.33592 3.33589 3.30346 3.24260 3.18168 3.12098 3.08287 3.08234 3.08234 3.08234 2.84008 2.58608 2.58608 2.58608 2.58608 2.58608 2.58608 2.58608 2.83441 2.99926 2.99926 2.99926 2.99926 2.99926 2.99926 3.08707 3.74610
2.97575 3.73517 3.83074 3.83074 3.83093 3.87680 3.95753 4.03827 4.11812 4.14748 4.14748 4.14748 3.19063 2.45833 2.45833 2.45833 2.45833 1.48040 1.01818 1.01818 1.01818 1.01818 1.01818 1.10496 1.32508 1.54740 1.76947 1.99105 2.19582 2.23701 2.23701 2.23701 2.23701 1.89473 1.81597 3.10060 3.29321 3.23238 3.17160 3.11077 3.08234 3.08234 3.08234 3.08234 3.08234 3.08234 3.08234 3.08234 2.97433 2.58608 2.58608 2.58608 2.58608 2.58608 2.58608 2.58608 2.70973 2.99926 2.99926 2.99926 2.99926 2.99926 2.99926 2.99926 3.63296
2.97438 3.53736 3.95126 4.03200 4.11255 4.14748 4.14748 4.14748 4.14748 4.14748 4.14748 4.14748 3.70964 2.45833 2.45833 2.45833 2.45833 1.89339 1.21319 1.43478 1.65721 1.87916 2.10075 2.23555 2.23701 2.23701 2.23701 2.23701 2.23701 2.23701 2.23701 2.23083 2.08931 1.66589 1.27564 2.18341 3.08234 3.08234 3.08234 3.08234 3.08234 3.08234 3.08234 3.08234 3.08234 3.08234 3.08234 3.08234 3.07604 2.61848 2.58608 2.58608 2.58608 2.58608 2.58608 2.58608 2.60123 2.98324 2.99926 2.99926 3.02820 3.15137 3.28147 3.42868 4.18709
3.25017 3.57510 4.14748 4.14748 4.14748 4.14748 4.14748 4.14748 4.14748 4.14748 4.14748 4.14748 4.13344 2.64979 2.60298 2.66857 2.73434 2.72253 2.23713 2.23701 2.23701 2.23701 2.23701 2.23701 2.23701 2.23701 2.23701 2.22869 2.08226 1.88591 1.68963 1.49946 1.44462 1.33252 1.02358 1.50716 3.08234 3.08234 3.08234 3.08234 3.08234 3.08234 3.08234 3.08234 3.08234 3.08234 3.08234 3.08234 3.08234 2.74637 2.58608 2.58608 2.58608 2.58608 2.60367 2.71899 2.84901 3.26709 3.52246 3.76375 4.70175 5.67807 6.64681 7.59768 7.80025
3.29113 3.34774 4.13584 4.14748 4.14748 4.14748 4.14752 4.18245 4.24822 4.31377 4.37933 4.44489 4.49433 3.40965 2.80797 2.80797 2.80797 2.80797 2.32132 2.23701 2.23701 2.23701 2.23701 2.22687 2.07496 1.87869 1.68234 1.49448 1.44462 1.44462 1.44462 1.44462 1.44462 1.43165 1.03941 1.04623 2.91378 3.08234 3.08234 3.08234 3.08234 3.08234 3.08234 3.08234 3.08234 3.08234 3.08234 3.08234 3.09392 3.02457 2.82990 2.96007 3.09017 3.22042 3.33284 3.50035 4.09664 5.19375 6.92816 7.78553 7.91685 7.91685 7.91685 7.91685 7.89503
3.29113 3.29633 4.01373 4.26965 4.33538 4.40097 4.46650 4.49712 4.49712 4.49712 4.49712 4.49712 4.49712 3.92923 2.80797 2.80797 2.80797 2.80797 2.47859 2.22418 2.06800 1.87164 1.67528 1.48907 1.44462 1.44462 1.44462 1.44462 1.44462 1.44462 1.44462 1.44462 1.44462 1.44462 1.14150 1.02358 2.30639 3.08234 3.08234 3.08234 3.08234 3.08234 3.08234 3.18474 3.38280 3.58098 3.77893 3.97699 4.16348 4.08982 3.34777 3.57937 4.19748 4.82208 5.44695 5.91872 5.94705 6.14181 7.90661 7.91685 7.91685 7.91685 7.91685 7.91685 7.91685
3.64813 3.73189 4.12086 4.49712 4.49712 4.49712 4.49712 4.49712 4.49712 4.49712 4.49712 4.49712 4.49712 4.40591 2.85105 2.79236 2.63167 2.43555 2.06671 1.48472 1.44462 1.44462 1.44462 1.44462 1.44462 1.44462 1.44462 1.44462 1.44462 1.44462 1.44462 1.44462 1.44462 1.44462 1.25650 1.02358 1.67696 3.12978 3.31873 3.51634 3.71486 3.91258 4.11087 4.20642 4.20642 4.20642 4.20642 4.53289 5.15749 5.78210 5.66389 5.94081 5.94705 5.94705 5.94705 5.94705 5.94705 5.94705 7.50987 7.91685 7.91685 7.91685 7.91685 7.91685 7.91685
3.75112 3.75112 3.91365 4.49712 4.49712 4.49712 4.49712 4.49712 4.49712 4.49712 4.49712 4.50102 4.54753 4.60582 2.92114 2.05124 2.01558 2.01558 1.98755 1.45730 1.44462 1.44462 1.44462 1.44462 1.44462 1.44462 1.44462 1.44462 1.44462 1.44462 1.44462 1.44190 1.38907 1.31754 1.27398 1.78964 2.07860 4.12976 4.20642 4.20642 4.20642 4.20642 4.21681 4.63374 5.25861 5.88295 6.50756 6.80570 6.80570 6.80570 6.29572 5.94705 5.94705 5.94705 5.94705 5.94705 5.94705 5.94705 6.91803 7.91685 7.91685 7.91685 7.91685 7.91685 7.91685
