High_resolution/powerplant/Chizhou/OMI_NO2_200903.asc
ncols      200
nrows      200
xllcorner       115.585
yllcorner       28.7700
cellsize     0.0166667
NODATA_Value      -999.000
[rows 0 to 28 of 200, columns 67 to 133 of 200]
3.19593 3.19593 3.16483 3.08137 3.08137 2.54840 1.96505 1.96505 1.96505 1.96505 1.96505 1.96505 1.96505 1.96505 1.96505 1.96505 1.96505 1.96505 1.96505 1.96505 0.00000 0.00000 0.00000 0.00000 0.00000 0.00000 3.20087 3.62395 4.27081 4.46837 4.55679 4.61003 4.73257 4.78871 4.78871 4.96773 6.07936 6.07936 5.13663 4.30242 4.30242 4.30242 4.30242 4.30242 4.30242 4.30242 4.30242 4.30242 4.30242 4.30242 4.30242 4.26057 2.88354 2.82267 2.82267 0.00000 0.00000 0.00000 0.00000 0.00000 0.00000 0.00000 0.00000 0.00000 0.00000 0.00000 0.00000
3.19593 3.19593 3.19300 3.08704 3.08137 2.84376 1.96505 1.96505 1.96505 1.96505 1.96505 1.96505 1.96505 1.96505 1.96505 1.96505 1.96505 1.96505 1.96505 1.96505 3.20087 3.20136 3.82525 4.38443 4.51539 4.58233 4.65385 4.77680 4.78871 4.78871 4.78871 4.78871 4.78871 4.78871 4.78871 4.78871 5.88513 6.07936 5.65059 4.30242 4.30242 4.49210 5.16503 5.75219 5.31925 4.30242 4.30242 4.30242 4.30242 4.30242 4.30242 4.30242 3.42156 2.82267 2.82267 0.00000 0.00000 0.00000 0.00000 0.00000 0.00000 0.00000 0.00000 4.35273 4.04917 3.72439 3.62516
3.19593 3.19593 3.19593 3.11793 3.08137 3.04088 1.99631 1.96505 1.96505 1.96505 1.96505 1.96505 1.96505 1.96505 1.96505 1.94574 1.78325 1.84335 1.94699 2.03304 3.35105 3.46537 3.91642 4.78871 4.78871 4.78871 4.78871 4.78871 4.78871 4.78871 4.78871 4.78871 4.78871 4.78871 4.78871 4.78871 5.55495 6.57134 7.02623 6.17751 6.53280 6.82763 6.84515 6.84515 6.37172 4.30242 4.30242 4.30242 4.30242 4.30242 4.30242 4.30242 3.86229 2.82267 2.82267 2.82267 0.00000 4.35273 4.14004 3.75230 3.63460 3.58308 3.55418 3.51288 3.45292 3.44989 3.44989
3.19593 3.19593 3.19593 3.15176 3.08137 3.08137 2.39660 1.96505 1.96505 1.96505 1.91386 1.77937 1.88402 1.97812 2.04994 2.11735 2.24714 2.27836 2.27836 2.27836 3.06962 3.47797 3.55740 4.76447 4.78871 4.78871 4.78871 4.78871 4.78871 4.78871 4.78871 4.78871 5.16585 5.78889 6.30707 6.74518 7.33448 8.02978 8.02978 7.24473 6.84515 6.84515 6.84515 6.84515 6.81565 4.55004 4.30242 4.30242 4.30242 4.30242 4.30242 4.34002 4.75373 3.49804 3.94852 4.00969 3.55652 3.52436 3.45832 3.44989 3.44989 3.44989 3.44989 3.44989 3.44989 3.44989 3.44989
3.19593 3.19593 3.19593 3.18490 3.08200 3.03228 2.58360 1.92095 2.00689 2.07283 2.15330 2.26900 2.27836 2.27836 2.27836 2.27836 2.27836 2.27836 2.27836 2.27836 2.71766 3.47797 3.47797 4.46037 4.78871 4.78871 4.78871 4.96461 5.59437 6.14419 6.60660 7.00024 7.16935 7.16935 7.16935 7.16935 7.19306 7.99020 8.02978 7.58760 6.84515 6.84515 6.84515 6.84515 6.84515 5.45314 4.61206 5.42786 6.40231 7.37878 8.35485 9.29317 9.70417 5.61683 5.06646 4.61272 3.44989 3.44989 3.44989 3.44989 3.44989 3.44989 3.44989 3.52589 4.00441 4.45366 4.83201
3.15257 3.10675 3.08558 3.06436 2.80936 2.73867 2.68594 2.27836 2.27836 2.27836 2.27836 2.27836 2.27836 2.27836 2.27836 2.27836 2.27836 2.27836 2.27836 2.27836 2.37685 3.46682 3.48724 4.27878 5.11001 5.25321 5.49942 7.13716 7.16935 7.16935 7.16935 7.16935 7.16935 7.16935 7.16935 7.16935 7.16935 7.76494 8.02978 7.92269 6.92196 7.36291 7.99395 8.64447 9.29528 9.69280 9.62012 9.78010 9.78172 9.78172 9.78172 9.78172 9.78172 6.95244 5.06646 5.01215 3.51116 3.44989 3.44947 3.44427 3.43863 3.43389 3.42986 3.86963 5.42062 5.42062 5.42062
3.06302 3.08762 3.08762 3.08762 2.92861 2.76944 2.76899 2.33935 2.27836 2.27836 2.27836 2.27836 2.27836 2.27836 2.27836 2.27836 2.27836 2.27836 2.41331 2.82570 3.17717 4.15937 4.53355 4.72743 5.45743 5.45743 5.45743 6.77715 7.16935 7.16935 7.16935 7.16935 7.16935 7.16935 7.16957 7.22870 7.68718 9.17668 11.4597 12.6057 11.0029 10.4778 10.4980 10.4980 10.4980 10.4703 9.80626 9.78172 9.78172 9.78172 9.78172 9.78172 9.78172 8.28805 4.95958 4.81946 3.80214 3.43057 3.42719 3.42647 3.42647 3.42647 3.42647 3.44262 5.24334 5.42062 5.42062
3.08762 3.08762 3.08762 3.08762 3.02247 2.76944 2.76944 2.48354 2.27836 2.27836 2.27836 2.27836 2.27836 2.29658 2.63257 3.01742 3.33712 3.60693 3.77692 3.78386 3.78386 4.17245 4.58360 4.58413 5.34523 5.45743 5.45743 6.24883 7.16935 7.18361 7.35924 8.04996 8.82426 9.59855 10.3722 11.0871 11.4032 11.7473 14.3607 14.3649 12.4040 10.4980 10.4980 10.4980 10.4980 10.4980 10.0386 9.78172 9.78172 9.48646 8.93604 8.47684 8.08722 7.58774 4.57240 4.50418 4.04545 3.42647 3.42647 3.42647 3.42647 3.42647 3.42647 3.42647 4.65830 5.42062 5.42062
3.08762 3.08762 3.08762 3.08762 3.08584 2.80002 2.76944 2.62747 2.27836 2.42961 2.84307 3.19146 3.48364 3.72335 3.78386 3.78386 3.78386 3.78386 3.78386 3.78386 3.78386 3.93773 4.58360 4.58360 5.13964 5.92721 6.70156 7.73844 9.96170 10.7214 11.3200 11.4032 11.4032 11.4032 11.4032 11.4032 11.4032 11.4032 13.8516 14.3649 13.5167 10.4980 10.4980 10.4980 10.4474 10.2556 9.50596 8.15535 7.81183 7.64783 7.64769 7.64769 7.64769 7.64769 5.30320 4.50418 4.35330 3.42647 3.42647 3.42647 3.42647 3.42647 3.42647 3.42647 4.05782 5.42062 5.41775
3.08762 3.08762 3.08762 3.08762 3.08762 2.89220 2.76944 2.75259 2.75923 3.77913 3.78386 3.78386 3.78386 3.78386 3.78386 3.78386 3.78386 3.78386 3.78825 3.85362 3.91985 3.98180 4.82061 4.99071 6.29639 9.69132 9.69132 9.69132 11.1379 11.4032 11.4032 11.4032 11.4032 11.4032 11.4032 11.4032 11.4032 11.4032 12.9999 14.3502 14.1499 10.4242 9.92002 9.71982 9.56965 9.56122 9.33103 7.65113 7.64769 7.64769 7.64769 7.64769 7.64769 7.64769 6.19728 4.50418 4.50418 3.58266 3.42647 3.42647 3.42531 3.40645 3.32924 3.23734 3.23662 4.98720 4.95863
3.08762 3.08762 3.08762 3.08762 3.08762 2.98613 2.76944 2.76944 2.46640 3.71644 3.78386 3.78386 3.78386 3.79914 3.87415 3.93569 3.99483 4.05395 4.10868 4.10235 4.09522 4.09522 4.64762 5.00316 5.16677 9.51437 9.69132 9.69132 10.6095 11.4032 11.4032 11.4032 11.4032 11.4032 11.4030 11.2920 11.0914 10.8908 11.4339 13.4662 13.4281 10.9400 9.56122 9.56122 9.56122 9.56122 9.56122 8.00342 7.64769 7.64769 7.64769 7.64769 7.64769 7.64769 7.09087 4.49908 4.89062 4.25910 3.16178 3.06978 2.97907 2.90607 2.89126 2.89126 2.89126 4.31512 4.88542
3.08762 3.08762 3.08762 3.08762 3.08762 3.07177 2.77765 2.76944 2.61864 3.49884 3.95163 4.01068 4.06983 4.11362 4.09772 4.09522 4.09522 4.09522 4.09522 4.09522 4.09522 4.09522 4.38378 5.00316 5.00316 8.31518 9.69132 9.69132 10.0809 11.4032 11.3503 11.1570 10.9564 10.7562 10.5557 10.4664 10.4664 10.4664 10.5258 13.2601 13.4281 12.0532 9.56122 9.56122 9.56122 9.56122 9.56122 8.58577 7.64769 7.59058 7.59208 8.03139 8.48818 8.94545 9.39995 8.04800 8.04763 6.57923 2.89126 2.89126 2.89126 2.89126 2.89126 2.89126 2.89126 3.71445 4.84385
3.08762 3.08762 3.08766 3.11061 3.15710 3.20761 3.25564 3.40276 3.40832 3.32109 4.09522 4.09522 4.09522 4.09522 4.09522 4.09522 4.09522 4.09522 4.09522 4.09522 4.09522 4.09522 4.14170 4.98127 5.00316 6.95285 9.87009 10.1314 10.4600 10.6668 10.4737 10.4664 10.4664 10.4664 10.4664 10.4664 10.4664 10.4664 10.4664 12.4667 13.4281 13.1272 9.59989 9.54630 9.43770 9.77172 10.2285 10.2935 9.22919 9.74368 10.1992 10.2175 10.2175 10.2175 10.2175 8.90026 8.04763 7.86354 3.07522 2.89126 2.89126 2.88901 2.86013 2.81891 2.77057 2.79122 2.72179
3.21349 3.26402 3.31454 3.34212 3.34615 3.34615 3.41209 3.49793 3.49793 2.97577 4.06795 4.09522 4.09522 4.09522 4.09522 4.09522 4.09522 4.09522 4.09522 4.09522 4.09522 4.02902 3.80754 4.34776 4.42530 5.04167 11.1346 11.1396 11.1396 10.6674 10.4664 10.4664 10.4664 10.4664 10.4664 10.4664 10.4664 10.4664 10.5351 11.7497 13.2837 13.3303 11.4524 11.4420 12.0075 12.1310 12.1310 12.1222 10.4163 10.2175 10.2175 10.2175 10.2175 10.2175 10.2175 9.52007 8.05339 8.28059 4.48730 2.77980 2.72414 2.66201 2.64709 2.64709 2.64709 2.64709 2.64709
3.34615 3.34615 3.34615 3.34615 3.34615 3.34615 3.36714 3.49798 3.49793 3.10457 3.80356 4.09522 4.09522 4.09522 4.09522 4.09522 4.08492 3.92066 3.67593 3.38507 3.03456 2.75388 2.74539 3.35261 4.10731 4.10731 9.97608 11.1396 11.1396 10.8749 10.4664 10.4664 10.4788 10.6179 10.9576 11.3430 11.7284 12.1136 12.4303 12.6797 13.6491 13.6528 12.9043 12.1310 12.1310 12.1310 12.1310 12.1310 10.9899 10.2175 10.2175 10.2175 10.4674 11.0143 11.6525 12.2485 10.2118 10.3816 7.04949 2.64709 2.64709 2.64709 2.64709 2.64709 2.64709 2.64709 2.64709
3.34615 3.34615 3.34615 3.34615 3.34615 3.34615 3.34615 3.47416 3.49793 3.32695 3.41453 4.09522 4.02306 3.79892 3.53192 3.21237 2.84532 2.74539 2.74539 2.74539 2.74539 2.74539 2.74539 2.95676 4.10731 4.10731 7.93144 11.2206 11.5670 12.0884 11.5534 11.9047 12.2776 12.5237 12.5694 12.5694 12.5694 12.5694 12.5694 12.5694 13.4482 13.6528 13.3431 12.1310 12.1310 12.1310 12.1310 12.1979 11.9637 11.5312 12.2630 13.1400 13.6364 13.6364 13.6364 13.6364 11.1908 10.3816 9.25236 2.64709 2.64709 2.64709 2.64709 2.64709 2.64709 2.64709 2.64709
3.34615 3.34615 3.34615 3.34615 3.34615 3.34615 3.34615 3.42933 3.49793 3.48981 2.90971 3.02125 2.75106 2.74539 2.74539 2.74539 2.74539 2.74539 2.74539 2.74539 2.74539 2.74474 2.72960 2.80960 4.68056 5.37053 7.71329 14.0583 14.2898 14.2940 12.9751 12.5694 12.5694 12.5694 12.5694 12.5694 12.5694 12.5694 12.5694 12.5694 13.1365 13.6528 13.6755 12.4971 12.6166 12.9337 13.3129 13.6247 13.6364 13.6364 13.6364 13.6364 13.6364 13.6364 13.6364 13.6364 12.1204 10.3816 10.3816 3.71909 2.64709 2.64709 2.64709 2.64492 2.57123 2.59375 2.68458
3.34615 3.34615 3.34615 3.34615 3.34615 3.34615 3.34615 3.38454 3.49793 3.49793 3.01870 2.74539 2.74539 2.74539 2.74539 2.74539 2.74206 2.73853 2.84935 2.98026 3.11095 3.24258 3.38858 3.43972 4.99063 6.14347 6.30492 13.8234 14.2940 14.2940 13.4757 12.5694 12.5694 12.5694 12.5694 12.5694 12.5694 12.5709 12.7265 13.0176 13.6735 15.2277 15.8080 14.4883 13.6364 13.6364 13.6364 13.6364 13.6364 13.6364 13.6364 13.6364 13.6364 13.6364 13.6364 13.6364 13.0460 10.3816 10.3246 5.76556 2.66592 2.75633 2.84734 2.94023 3.10448 3.17249 3.17249
3.34615 3.34615 3.34615 3.34615 3.34615 3.34615 3.34615 3.34896 3.48859 3.49793 3.24094 2.73732 2.76171 2.88926 3.02019 3.15097 3.28526 3.41966 3.43972 3.43972 3.43972 3.43972 3.43972 3.43972 4.20333 6.14347 6.14347 11.6123 14.2940 14.2940 14.0965 12.5836 12.5694 12.6446 12.9146 13.2385 13.6235 14.0834 14.2940 14.2940 14.3178 15.8104 15.9191 15.1465 13.6364 13.6364 13.6364 13.6364 13.6364 13.6364 13.6364 13.6364 13.5010 12.8198 11.8080 10.7688 9.72027 8.17712 7.69047 6.22088 3.17249 3.17249 3.17249 3.17249 3.17249 3.17249 3.17249
3.34615 3.34615 3.34615 3.34615 3.34615 3.34615 3.39970 3.49210 3.46091 3.33674 3.26012 3.32627 3.43640 3.43972 3.43972 3.43972 3.43972 3.43972 3.43972 3.43972 3.43972 3.43972 3.43972 3.43972 3.52678 6.03336 6.14347 9.23927 14.2940 14.2940 14.2940 13.6217 13.9203 14.2799 14.2940 14.2940 14.2940 14.2940 14.2940 14.2940 14.2940 15.3669 15.9191 15.7698 13.6715 13.6364 13.6140 13.1302 12.1929 11.1532 10.1138 9.07379 8.17000 7.81082 7.78299 7.78299 7.78299 7.59854 7.47971 7.30724 3.30734 3.17249 3.17249 3.17249 3.17249 3.17249 3.17249
3.34702 3.41269 3.50164 3.57874 3.65590 3.73307 3.75670 3.74144 3.54866 3.21778 3.21778 3.38521 3.43972 3.43972 3.43972 3.43972 3.43972 3.43972 3.43972 3.43972 3.43972 3.43972 3.43972 3.43972 3.43972 5.33306 6.14347 6.91135 14.2489 14.2940 14.2940 14.2940 14.2940 14.2940 14.2940 14.2940 14.2940 14.2940 14.2940 14.2940 14.2940 14.7141 14.7458 13.3302 10.7995 9.45886 8.44121 7.88601 7.78299 7.78299 7.78299 7.78299 7.78299 7.78299 7.78299 7.78299 7.78299 7.68421 7.47971 7.47971 4.35694 3.17249 3.17249 3.17249 3.17249 3.17249 3.17249
3.74172 3.75329 3.74143 3.74143 3.74143 3.74143 3.74143 3.74143 3.69802 3.22255 3.21778 3.32032 3.43972 3.43972 3.43972 3.43972 3.43972 3.43972 3.43972 3.43972 3.43972 3.43972 3.43972 3.43972 3.43972 4.54609 6.14347 6.14347 12.6452 14.2940 14.2940 14.2940 14.2940 14.2940 14.2940 14.2763 13.9693 13.0226 11.8925 10.7632 9.63307 8.62446 8.05724 8.04931 7.92305 7.78299 7.78299 7.78299 7.78299 7.78299 7.78299 7.78299 7.78299 7.78299 7.78299 7.78299 7.78299 7.76569 7.48541 7.47971 5.57917 3.17249 3.17249 3.17249 3.17249 3.17249 3.17249
3.74143 3.74143 3.74143 3.74143 3.74143 3.74143 3.74143 3.74143 3.74143 3.33275 3.21778 3.25538 3.43972 3.43972 3.43972 3.43972 3.43972 3.43972 3.43972 3.43972 3.43972 3.43972 3.43972 3.43972 3.43972 3.76228 6.13995 6.14347 10.2717 14.2940 14.1891 13.6150 12.5058 11.3748 10.2465 9.13374 8.31098 8.12861 8.12861 8.12861 8.12861 8.12861 8.06499 8.04931 7.99908 7.78299 7.78299 7.78299 7.78299 7.78299 7.78299 7.78299 7.78299 7.78299 7.78299 7.78299 7.78299 7.78299 7.55380 7.47971 6.80030 3.17249 3.17249 3.17249 3.17249 3.17249 3.17249
3.74143 3.74143 3.74143 3.74143 3.74143 3.74143 3.74143 3.74143 3.74143 3.48683 3.21778 3.21798 3.41222 3.43972 3.43972 3.43972 3.43972 3.43972 3.43972 3.43972 3.43972 3.43972 3.43972 3.43972 3.44075 3.48189 5.23734 5.21675 6.26134 9.72887 8.70407 8.14821 8.12861 8.12861 8.12861 8.12861 8.12861 8.12861 8.12861 8.12861 8.12861 8.12861 8.08735 8.04931 8.04835 7.81032 7.78299 7.78299 7.78299 7.78299 7.78299 7.78299 7.78299 7.78299 7.78299 7.78299 7.78299 7.78299 7.64045 7.47971 7.47799 3.71779 3.17249 3.17249 3.17249 3.17249 3.17284
3.74143 3.74143 3.74143 3.74143 3.74143 3.74143 3.74143 3.74143 3.74143 3.64052 3.21778 3.21778 3.34750 3.43972 3.43972 3.43972 3.43972 3.43972 3.43972 3.44629 3.50036 3.57558 3.65337 3.73113 3.80787 3.84452 4.10542 4.32616 4.35883 7.81529 8.12861 8.12861 8.12861 8.12861 8.12861 8.12861 8.12861 8.12861 8.12861 8.12861 8.12861 8.12861 8.11065 8.04931 8.04931 7.88533 7.78299 7.78299 7.78299 7.78299 7.78299 7.78299 7.78299 7.78299 7.78299 7.78299 7.78299 7.78299 7.72695 7.47971 7.47971 5.00962 3.62562 4.33957 5.05958 5.78035 6.50013
3.74143 3.74143 3.74143 3.74143 3.74143 3.74143 3.74143 3.74143 3.74143 3.73959 3.27276 3.21778 3.28259 3.43972 3.45651 3.52027 3.59749 3.67527 3.75309 3.82428 3.84800 3.85055 3.85055 3.85055 3.85055 3.85055 3.96719 4.32616 4.32616 6.74810 8.12861 8.12861 8.12861 8.12861 8.12861 8.12861 8.12861 8.12861 8.12861 8.12861 8.12861 8.12861 8.12757 8.05523 8.04931 7.96198 7.78299 7.78299 7.78299 7.78299 7.78299 7.78299 7.78299 7.78299 7.78299 7.77210 7.63360 7.08046 6.45903 6.55697 6.33766 6.29804 7.35100 7.35766 7.35766 7.35766 7.35766
3.74143 3.74143 3.74143 3.74143 3.74143 3.74143 3.74143 3.74143 3.74143 3.63221 3.30416 3.26299 3.25719 3.74936 3.83598 3.85000 3.85055 3.85055 3.85055 3.85055 3.85055 3.85055 3.85055 3.85055 3.85055 3.85055 3.85871 4.29644 4.32616 5.64792 8.12861 8.12861 8.12861 8.12861 8.12861 8.12861 8.12861 8.12861 8.12861 8.12861 8.12861 8.12861 8.12861 8.07747 8.04931 8.03325 7.78767 7.78299 7.78299 7.78229 7.72718 7.30200 6.68150 6.06109 5.44116 4.83129 4.34960 4.28255 4.28255 5.07749 5.57493 5.65999 7.31297 7.35766 7.35766 7.35766 7.35766
3.74143 3.74143 3.74143 3.74060 3.60525 3.33108 3.02522 2.71929 2.41347 2.21632 2.48014 3.15393 3.15393 3.64651 3.85055 3.85055 3.85055 3.85055 3.85055 3.85055 3.85055 3.85055 3.85055 3.85055 3.85055 3.85055 3.85055 4.16632 4.32616 4.59728 8.07994 8.12861 8.12861 8.12861 8.12861 8.12861 8.12861 8.12861 8.12861 8.12861 8.12861 8.12861 8.12861 8.10031 8.02780 7.74113 6.91142 6.28286 5.66245 5.04256 4.47757 4.28255 4.28255 4.28255 4.28255 4.28255 4.28255 4.28255 4.28255 4.70949 5.57493 5.57493 6.89251 7.35766 7.35766 7.35766 7.35766
3.29400 2.98807 2.68197 2.37702 2.20644 2.17456 2.17456 2.17456 2.17456 2.17456 2.22049 3.12700 3.15393 3.44275 3.85055 3.85055 3.85055 3.85055 3.85055 3.85055 3.85055 3.85055 3.85055 3.85055 3.85055 3.85055 3.85055 4.02812 4.32616 4.32616 7.25035 8.12861 8.12861 8.12861 8.12861 8.12861 8.12861 8.12861 8.12601 8.02413 7.39399 6.53717 5.67935 4.83173 4.16374 3.64242 3.93207 4.28255 4.28255 4.28255 4.28255 4.28255 4.28255 4.28255 4.28255 4.28255 4.28255 4.28255 4.28255 4.36294 5.55358 5.57493 6.38642 7.35766 7.35766 7.35766 7.35766
