High_resolution/powerplant/Chizhou/OMI_NO2_200609.asc
ncols      200
nrows      200
xllcorner       115.585
yllcorner       28.7700
cellsize     0.0166667
NODATA_Value      -999.000
[rows 0 to 28 of 200, columns 0 to 66 of 200]
0.00000 0.00000 4.16967 4.04213 4.02538 4.05541 4.08073 4.16310 4.23041 4.27850 4.32000 4.32904 4.31841 4.31841 4.31841 4.31841 4.31841 4.31841 4.21705 3.54732 3.54732 3.54732 3.63774 3.85099 3.99986 4.11023 4.12357 4.05678 3.37212 2.34877 2.41232 2.53440 2.64018 2.75108 3.79903 3.83382 3.94969 3.95102 4.29048 4.55148 4.56609 4.58918 4.63377 4.67182 4.70061 4.72423 4.55273 4.42556 4.65564 4.54375 4.67619 4.91014 4.87966 4.85235 4.83902 4.95352 5.32937 5.32937 5.32937 5.32937 5.32937 5.32937 5.32973 5.67604 5.79464 6.51348 6.57933
4.37711 4.37711 4.31752 4.20835 4.11636 4.11636 4.11636 4.28623 4.33309 4.33309 4.33309 4.33244 4.31884 4.31841 4.31841 4.31841 4.30638 4.17693 4.03340 3.58142 3.80812 3.93273 3.99471 3.99047 3.99194 3.99490 3.99762 4.00014 3.83545 2.90911 2.92157 2.92160 2.92160 2.92160 3.74968 4.04007 4.09163 4.23086 4.42716 4.70186 4.69683 4.67735 4.64327 4.60928 4.57688 4.54595 4.43199 4.22836 4.33185 4.50207 4.46569 4.79213 4.78770 4.79195 4.82029 4.84089 5.31863 5.32937 5.32937 5.32937 5.32937 5.32937 5.32937 5.51329 5.59585 5.97761 6.25711
4.37711 4.37711 4.36548 4.26053 4.11791 4.11636 4.11636 4.22068 4.33309 4.33309 4.33064 4.24718 4.08140 3.92405 3.81164 3.83040 3.88828 4.00427 4.08440 3.91169 3.99766 4.00018 4.00253 4.00472 4.00583 4.00583 4.00583 4.00583 3.96050 3.21054 2.92516 3.07549 3.31530 3.54109 4.06560 4.41814 4.33143 4.30146 4.27839 4.48818 4.48945 4.48945 4.48945 4.48945 4.49066 4.49579 4.48944 4.27992 4.28928 4.57807 4.35886 4.78201 4.78765 4.78765 4.81369 4.82030 5.21443 5.27234 5.20382 5.13918 5.07818 5.02051 4.96585 4.99715 5.18092 5.42382 5.98969
4.37711 4.37711 4.37711 4.28782 4.14154 4.03840 3.89776 3.80449 3.94304 3.85210 3.76792 3.81625 3.88287 3.90370 3.97178 3.94854 3.89557 3.84264 3.81444 3.93840 3.99313 4.00583 4.00583 4.00583 4.00719 4.04413 4.10778 4.22152 4.34801 4.02517 3.98186 4.13947 4.18321 4.18393 4.30101 4.36833 4.23786 4.23786 4.23786 4.43146 4.49028 4.49520 4.50029 4.50500 4.50847 4.50873 4.50873 4.34484 4.28303 4.49315 4.40193 4.65083 4.68755 4.64587 4.60470 4.55860 4.74918 4.93223 4.94386 4.98028 5.02067 5.07312 5.12674 5.19049 5.52534 5.61319 5.88545
4.37711 4.37711 4.37711 4.31068 3.71021 3.43016 3.41888 3.42719 3.75493 3.87718 3.94007 3.93985 3.89820 3.81370 3.81363 3.81363 3.81363 3.81367 3.81397 3.95763 4.09718 4.24328 4.33123 4.47050 4.61852 4.71533 4.77669 4.78444 4.78444 4.54740 4.05856 4.18393 4.18393 4.18393 4.19220 4.44659 4.24379 4.25540 4.27269 4.40344 4.50827 4.50873 4.50873 4.50873 4.52008 4.54813 4.57634 4.50700 4.40703 4.54367 4.64246 4.52606 4.54765 4.57952 4.61113 4.63957 4.80021 5.12948 5.15450 5.15477 5.14492 5.10928 5.07198 5.03471 5.09804 5.08931 5.30477
4.37711 4.37711 4.37711 4.27357 3.81436 3.49815 3.60535 3.69095 3.79859 3.90754 3.90805 3.91043 3.91310 3.83491 3.81512 3.81554 3.81599 3.81647 3.85556 4.04683 4.48145 4.73356 4.78285 4.78444 4.78444 4.78444 4.78444 4.78444 4.78444 4.68840 4.12120 4.18393 4.18530 4.20575 4.22988 4.43485 4.33685 4.30249 4.32238 4.41072 4.58237 4.61054 4.63875 4.66694 4.68264 4.65906 4.54361 4.37404 4.02716 3.89609 4.12498 4.60764 4.62609 4.62481 4.62330 4.61580 4.63226 4.99869 4.98093 4.96061 4.94641 4.94590 4.94590 4.94590 4.99529 5.06159 5.21580
4.37711 4.37711 4.37711 4.37912 4.38693 3.71118 3.68132 3.67746 3.71186 3.92527 3.92837 3.91920 3.88961 3.84002 3.87383 3.94548 4.01721 4.08877 4.12146 4.14496 4.51322 4.78426 4.78444 4.78444 4.78444 4.78444 4.78444 4.78444 4.78460 4.78650 4.29999 4.23503 4.26370 4.26239 4.25667 4.37343 4.43978 4.49370 4.50670 4.48646 4.43922 4.29116 4.13866 3.98140 3.82157 3.69508 3.67417 3.64706 3.36351 3.25562 3.65947 4.47483 4.57567 4.55526 4.53502 4.51754 4.50708 4.87847 4.94590 4.95547 4.97627 4.99815 5.02081 5.04471 5.08718 5.22929 5.36408
4.37711 4.37711 4.37711 4.37711 4.35808 3.86212 3.65784 3.62284 3.58496 3.79732 3.86455 3.90099 3.95766 4.03001 4.12146 4.12146 4.12146 4.12146 4.12146 4.12146 4.39782 4.73622 4.78444 4.78444 4.78444 4.79056 4.80009 4.80752 4.81481 4.81291 4.54920 4.17179 4.23752 4.22314 4.17234 4.15530 3.99721 3.92534 3.79086 3.68343 3.67453 3.67453 3.66869 3.62918 3.57092 3.45638 3.31562 3.19927 3.05971 3.00830 3.33734 4.20293 4.54486 4.55672 4.56978 4.61080 4.59100 4.91723 5.12421 5.13928 5.13928 5.13928 5.13928 5.13928 5.13928 5.25649 5.32143
4.37711 4.36271 4.23536 4.08390 3.96428 3.92807 3.64375 3.75858 3.86409 3.98066 4.02646 4.02646 4.02646 4.02728 4.11207 4.12146 4.12146 4.12146 4.12146 4.12217 4.32443 4.67959 4.78237 4.78983 4.79715 4.79852 4.79637 4.77792 4.71462 4.64922 4.46938 3.95292 3.96213 3.92394 3.92218 3.92218 3.64465 3.66599 3.65640 3.59594 3.48290 3.34718 3.19650 3.08844 2.99278 2.97489 2.96656 2.95761 2.95566 2.96557 3.06105 4.14333 4.72490 4.78404 4.84406 4.86987 4.68021 4.83524 5.13928 5.13928 5.13928 5.13928 5.13928 5.13928 5.13928 5.21608 5.28120
3.80756 3.83770 4.18084 4.43783 4.56108 4.45266 3.95513 3.95430 3.95430 3.96634 4.02646 4.02646 4.02646 4.02646 4.10062 4.18298 4.22340 4.26567 4.31878 4.37305 4.47452 4.75936 4.71422 4.64855 4.58288 4.51713 4.45146 4.40424 4.40219 4.40219 4.38671 3.91312 3.91874 3.92028 3.86807 3.75604 3.41264 3.17665 3.06314 2.96551 2.95090 2.94071 2.92966 2.92057 2.91996 2.91996 2.91996 2.95569 3.05471 3.13115 3.20526 3.99342 4.86125 4.86997 4.86997 4.86997 4.76204 4.70058 5.13896 5.13928 5.14479 5.15513 5.16548 5.17583 5.18618 5.23285 5.34378
4.64781 4.74253 4.74445 4.74445 4.74445 4.50084 4.04604 3.95430 3.96601 3.99802 4.09155 4.13491 4.16725 4.20002 4.26511 4.39214 4.45448 4.51954 4.57358 4.62587 4.67743 4.40897 4.40119 4.40219 4.40219 4.40219 4.40219 4.40219 4.40219 4.37307 4.28122 3.96075 3.47096 3.28792 3.17767 3.17619 3.05420 2.80331 2.91996 2.91996 2.91996 2.91996 2.91996 2.94669 3.04333 3.14359 3.24389 3.30838 3.30963 3.26317 3.24603 3.69042 4.69954 4.87128 4.87983 4.89018 4.86457 4.69024 5.13427 5.20088 5.20574 5.21482 5.27859 5.36038 5.47016 5.58506 5.82522
4.74445 4.74445 4.74445 4.74445 4.74445 4.47408 4.29304 4.12193 4.14260 4.14661 4.22598 4.31341 4.36682 4.41982 4.47376 4.70618 4.71674 4.71674 4.71674 4.71674 4.71602 4.46291 4.39515 4.40219 4.38540 4.32193 4.23303 4.15184 4.07705 4.02597 4.02285 3.92485 3.37953 3.17619 3.17619 3.17619 3.16097 2.76968 2.91868 2.93901 3.03191 3.13221 3.23243 3.30600 3.30963 3.30963 3.30963 3.29709 3.24398 3.17290 3.11233 3.23307 4.31259 4.82582 4.93643 4.96547 5.03776 4.96834 5.31479 5.55392 5.66904 5.77516 5.82673 5.85461 5.83904 5.82058 6.13158
4.74445 4.74445 4.74445 4.74445 4.74445 4.58198 4.53686 4.31518 4.36859 4.41831 4.44564 4.50269 4.50269 4.50080 4.45360 4.51042 4.48523 4.41031 4.34006 4.26250 4.17394 4.03050 4.16862 4.11275 4.05074 4.02308 4.02285 4.02285 4.02285 4.02285 4.02285 4.00403 3.55762 3.17619 3.17619 3.18886 3.27673 3.06207 3.18464 3.30226 3.30963 3.28826 3.23242 3.17616 3.11987 3.06357 3.00731 2.96352 2.96397 3.11146 3.26260 3.41844 4.35405 5.06306 5.30322 5.36530 5.38861 5.37213 5.54449 5.85421 5.83255 5.81057 5.78859 5.77225 5.77136 5.77136 6.04939
4.74445 4.74445 4.74445 4.74445 4.74445 4.74271 4.74390 4.39535 4.31438 4.25618 4.20110 4.20458 4.16026 4.11244 4.09110 4.10173 4.12549 4.06907 4.00982 3.96003 3.92188 3.88942 3.92282 4.02285 4.02285 4.02285 4.02285 4.02285 4.02285 4.02285 4.02285 4.01766 3.70023 3.36338 3.46587 3.56590 3.60470 3.43797 3.16911 3.05205 2.99572 3.00560 3.17682 3.33942 3.52255 3.69597 3.86081 4.01776 4.16474 4.21723 4.10792 4.17440 4.49468 5.14530 5.39327 5.38034 5.36203 5.32783 5.31701 5.77136 5.77136 5.77136 5.77136 5.77136 5.77136 5.77136 5.84003
4.59770 4.40529 4.23638 4.08663 3.95354 3.83402 3.87605 4.11909 4.03833 4.03388 4.01104 4.02059 4.01277 3.95154 3.89568 3.86901 3.91474 3.90830 3.90830 3.90830 3.90830 3.90830 3.88029 4.02035 4.02285 4.02285 4.02285 4.02206 3.96954 3.89385 3.82601 3.76342 3.62294 3.58374 3.71056 3.72438 3.72131 3.64836 3.57457 3.50305 3.67920 3.87585 4.18795 4.21448 4.21448 4.23901 4.35787 4.46495 4.50616 4.53134 4.42987 4.35329 4.39953 4.94903 5.27985 5.33468 5.33468 5.33568 5.26282 5.71852 5.77136 5.77136 5.77136 5.77136 5.77136 5.77136 5.77136
3.70927 3.70927 3.70927 3.70927 3.70467 3.66321 3.63710 4.03458 3.89143 3.73027 3.58531 3.54539 3.81706 3.81508 3.81508 3.81508 3.89252 3.90830 3.90830 3.90830 3.90830 3.90830 3.86403 4.02082 4.01134 3.94371 3.87597 3.80890 3.79364 3.80157 3.79958 3.78780 3.73867 3.47750 3.63612 3.61427 3.59562 3.59409 4.28331 4.07162 4.05378 4.14799 4.37763 4.43460 4.46787 4.48031 4.42853 4.38017 4.37356 4.37356 4.36488 4.33126 4.33317 4.78790 5.24828 5.41676 5.46761 5.51727 5.38756 5.59261 5.77136 5.77136 5.77136 5.77136 5.77136 5.77136 5.77136
3.67160 3.62207 3.57242 3.52287 3.34501 3.05136 2.78837 3.22792 3.32991 3.32778 3.32778 3.33442 3.77627 3.81508 3.81508 3.81508 3.86446 3.90860 3.90947 3.91035 3.89378 3.82801 3.71338 3.75950 3.79969 3.78754 3.77443 3.76140 3.74835 3.73524 3.72419 3.72292 3.72292 3.44801 3.58427 3.59330 3.61136 3.76825 4.28234 4.40209 4.37548 4.36319 4.35308 4.37356 4.37356 4.37356 4.37356 4.37356 4.37356 4.37356 4.39926 4.41209 4.45892 4.74416 5.35230 5.53285 5.53285 5.53285 5.47783 5.46613 5.77136 5.77136 5.77136 5.76244 5.72885 5.69380 5.65875
3.29927 3.01331 2.72736 2.44129 2.28839 2.28815 2.28815 2.76682 3.35366 3.32778 3.32778 3.32796 3.62890 3.81698 3.81786 3.81874 3.83244 3.84429 3.77460 3.70468 3.65222 3.64897 3.64555 3.56896 3.72184 3.72292 3.72292 3.72292 3.72292 3.72292 3.72292 3.72292 3.71311 3.63785 3.86034 3.98168 4.04733 4.03376 4.18810 4.42489 4.30895 4.30895 4.33384 4.37356 4.37356 4.37356 4.39447 4.44506 4.49591 4.54684 4.57173 4.54562 4.52943 4.61344 5.23388 5.51599 5.53263 5.51456 5.48420 5.28575 5.64430 5.60925 5.57424 5.54809 5.54660 5.54433 5.51727
2.28815 2.28815 2.28815 2.28815 2.28815 2.28797 2.28606 2.48123 3.24210 3.33128 3.33216 3.33286 3.47547 3.76583 3.69590 3.62596 3.56540 3.64076 3.64823 3.64817 3.64817 3.64817 3.64817 3.56548 3.69607 3.72292 3.72292 3.72923 3.71670 3.67646 3.63602 3.59571 3.56521 3.65718 4.06850 4.03267 4.03267 4.03267 4.06338 4.47282 4.30897 4.30895 4.33589 4.43977 4.49064 4.54149 4.57151 4.57173 4.57173 4.57173 4.57588 4.60567 4.62994 4.69110 5.29034 5.45004 5.35673 5.34561 5.34508 5.17614 5.50558 5.53268 5.46738 5.38048 5.25504 5.11612 5.01069
2.28686 2.28464 2.28266 2.28086 2.27924 2.27786 2.27760 2.36003 2.97907 3.29298 3.22304 3.15311 3.10071 3.53045 3.55495 3.55495 3.55495 3.62447 3.69684 3.73679 3.77872 3.82284 3.87508 3.81511 3.66145 3.67839 3.63815 3.59144 3.56359 3.56359 3.56359 3.56359 3.56359 3.56386 4.00998 4.02927 4.03267 4.03267 4.04753 4.47127 4.47180 4.50414 4.54557 4.56872 4.58192 4.63108 4.68408 4.73707 4.79003 4.84299 4.89186 4.89920 4.87324 4.89947 5.24430 5.50429 5.32093 5.29054 5.21744 5.06977 4.77904 4.68659 4.65453 4.64433 4.67270 4.71671 4.75213
2.27760 2.28295 2.30520 2.32702 2.34712 2.36574 2.38301 2.39212 2.66029 3.06663 3.07770 3.10179 3.12713 3.50451 3.72526 3.76932 3.81577 3.88928 3.98556 3.99459 3.96025 3.91994 3.87350 3.78059 3.47653 3.56359 3.56359 3.56359 3.56359 3.56359 3.56359 3.56359 3.56359 3.56359 3.84576 4.05603 4.16046 4.22153 4.25337 4.44293 4.66033 4.75933 4.82288 4.86317 4.89047 4.89111 4.90604 4.93174 4.95745 4.98313 5.00881 5.03454 5.01365 4.96142 5.01643 5.34520 5.05374 5.04605 5.08194 5.11601 4.80452 4.75512 4.75524 4.75524 4.75524 4.75524 4.75524
2.37628 2.39016 2.39111 2.39847 2.42115 2.44570 2.47186 2.49971 2.67890 3.17384 3.26561 3.26570 3.26702 3.47483 3.86505 3.85285 3.80269 3.75781 3.85411 3.80897 3.80301 3.80301 3.80301 3.80301 3.51638 3.55344 3.56359 3.56359 3.56359 3.56359 3.56001 3.51297 3.43815 3.33054 3.35479 3.82868 4.06136 4.01234 3.97790 4.08214 4.62630 5.00679 5.04176 5.03496 5.00600 5.03486 5.04561 5.04561 5.03276 4.98364 4.93422 4.89799 4.86447 4.88911 4.93929 5.37867 5.22357 5.17631 5.17631 5.17631 4.96911 4.75524 4.75524 4.75524 4.75524 4.75524 4.75524
2.47251 2.52454 2.55612 2.57858 2.57917 2.57917 2.57917 2.58003 2.67300 3.07032 3.28598 3.32382 3.39334 3.48229 3.67406 3.63707 3.63603 3.63603 3.75732 3.80301 3.80301 3.80301 3.80301 3.80301 3.61352 3.52348 3.54745 3.46272 3.35411 3.24518 3.13994 3.07856 3.04453 3.04668 3.09648 3.62618 4.12573 4.19816 4.25567 4.31416 4.66489 5.14745 5.15932 5.14138 5.01485 4.96672 4.93163 4.89790 4.87707 4.89250 4.90821 4.91074 4.91979 4.97242 4.97242 5.26032 5.30341 5.18544 5.19669 5.20795 5.12607 4.75729 4.75524 4.75524 4.75524 4.75524 4.75524
2.52718 2.57917 2.57950 2.58585 2.59446 2.60305 2.61224 2.66886 2.76821 3.13744 3.52977 3.56332 3.56332 3.56332 3.61484 3.63603 3.63603 3.63603 3.70751 3.80301 3.80214 3.79835 3.79433 3.76571 3.61031 3.24264 3.06721 3.04689 3.09244 3.15026 3.20801 3.26577 3.32328 3.37743 3.39001 3.71036 4.16030 4.32327 4.32327 4.31583 4.49507 4.93794 5.02248 4.98228 4.90268 4.90934 4.91074 4.91074 4.91074 4.91074 4.91074 4.91074 4.91096 4.97133 4.99156 5.14804 5.42333 5.22010 5.22010 5.22010 5.21553 4.81053 4.75524 4.75524 4.75524 4.75524 4.75378
2.49314 2.61018 2.62103 2.68097 2.76085 2.84084 2.92019 2.95119 2.95119 3.14427 3.50118 3.56332 3.56332 3.56332 3.59124 3.63203 3.62800 3.62398 3.64169 3.76868 3.70869 3.64706 3.55462 3.47421 3.41946 3.40371 3.32547 3.37808 3.39001 3.39001 3.39001 3.39001 3.39001 3.39001 3.39001 3.47673 3.91911 4.22679 4.18633 4.15331 4.29251 4.73611 4.99747 4.99747 4.93771 4.91074 4.91074 4.91074 4.91078 4.91741 4.92866 4.93991 4.95093 4.98917 5.01620 5.04272 5.47294 5.22843 5.22010 5.22010 5.21513 4.94451 4.71682 4.70049 4.68419 4.66787 4.65301
2.66437 2.84384 2.92895 2.95119 2.95119 2.95119 2.95119 2.95119 2.94946 3.03747 3.34904 3.55190 3.54790 3.54387 3.54647 3.60504 3.52891 3.42394 3.31900 3.36696 3.34716 3.30359 3.29112 3.29112 3.29112 3.47456 3.42350 3.39001 3.39001 3.39001 3.36815 3.21439 3.00186 2.78945 2.57711 2.46716 3.40475 4.14723 4.16142 4.16142 4.19861 4.59925 4.99747 4.99747 4.95833 4.91619 4.92743 4.93869 4.94988 4.95452 4.95452 4.95452 4.95452 4.97009 4.96748 4.89480 5.17431 5.18127 5.15500 5.14141 5.13279 5.01104 4.57751 4.49360 4.40248 4.22312 4.01812
2.90357 2.93418 2.95119 2.93129 2.88424 2.83708 2.78992 2.74274 2.69728 2.73701 3.04375 3.47441 3.38753 3.28262 3.17768 3.13427 3.12414 3.12414 3.12414 3.21307 3.29112 3.29112 3.29112 3.29112 3.29112 3.38182 3.37839 3.11468 2.90182 2.68935 2.49874 2.44015 2.44015 2.44015 2.44015 2.44015 3.05490 3.97459 4.16142 4.16142 4.16142 4.45350 4.97255 5.02953 5.02502 4.95452 4.95452 4.94900 4.88998 4.81721 4.74463 4.67187 4.59924 4.52916 4.56123 4.55767 4.72290 4.92286 4.86755 4.77120 4.63433 4.43010 3.56520 3.33356 3.15245 3.03759 2.94788
2.71062 2.68482 2.71218 2.68489 2.67653 2.62506 2.56748 2.50983 2.45218 2.39661 2.59655 3.02485 3.05143 3.05143 3.05143 3.08320 3.12414 3.12414 3.12414 3.16326 3.27113 3.21324 3.11976 2.91568 2.70328 2.54877 2.59131 2.44015 2.44015 2.44015 2.44015 2.44015 2.44015 2.44015 2.44015 2.44015 2.75896 3.72169 4.17851 4.19202 4.20552 4.41036 4.82925 4.86621 4.77881 4.65847 4.58125 4.49215 4.45208 4.41501 4.36335 4.31154 4.25979 4.20801 4.19846 4.16658 4.10991 4.14852 4.10870 3.98882 3.89905 3.86934 3.18914 2.77958 2.75729 2.75692 2.75692
2.41923 2.34838 2.46403 2.41506 2.36564 2.35943 2.35943 2.35943 2.35943 2.35943 2.51815 2.89495 3.05143 3.05143 3.05143 3.04396 3.03515 2.95808 2.81282 2.58495 2.60431 2.46852 2.34952 2.34126 2.34126 2.34126 2.56439 2.44996 2.44015 2.44015 2.44015 2.44015 2.44015 2.43775 2.42273 2.41374 2.49267 3.49567 4.34372 4.40498 4.45190 4.58492 4.71739 4.48952 4.45927 4.25557 4.13686 4.10690 4.08170 4.06696 4.06686 4.04219 3.96513 3.88796 3.82984 3.73922 3.69579 3.74466 3.79547 3.79213 3.79213 3.79213 3.44323 2.75692 2.75692 2.75692 2.75692
