High_resolution/powerplant/Chizhou/OMI_NO2_200710.asc
ncols      200
nrows      200
xllcorner       115.585
yllcorner       28.7700
cellsize     0.0166667
NODATA_Value      -999.000
[rows 116 to 144 of 161, columns 67 to 133 of 200]
2.10115 2.24428 2.30057 2.22083 2.18976 2.18976 2.18976 2.18976 2.18976 2.16642 2.05527 1.98375 1.98375 1.89760 1.78548 1.74300 1.66753 1.66753 1.73252 1.88394 1.91878 1.93156 1.94263 1.95327 1.96390 1.96948 1.95398 1.93623 1.91841 1.90954 1.83196 1.78249 1.62349 1.55166 1.43797 1.41108 1.39516 1.39564 1.39613 1.39661 1.39891 1.41610 1.43647 1.45687 1.45459 1.35108 1.41022 1.75375 1.94180 2.91570 3.00139 3.00139 3.00139 3.00139 3.00139 3.00139 3.00139 3.00139 3.00139 3.00139 3.00154 3.00743 3.01789 4.85319 5.26140 5.33587 5.34308
2.30773 2.30464 2.30464 2.25220 2.18976 2.18976 2.18976 2.18976 2.18976 2.18398 2.10123 1.98375 1.98368 1.94019 1.80430 1.75448 1.72177 1.73156 1.75306 1.96481 2.00557 2.03065 2.00919 1.98076 1.95233 1.92961 1.93105 1.93542 1.94008 1.94515 1.89306 1.74029 1.64298 1.56632 1.49499 1.48609 1.49115 1.51904 1.54672 1.57460 1.60036 1.61106 1.61841 1.62585 1.63183 1.52829 1.52125 1.71719 2.01722 2.76260 3.09437 3.10487 3.11539 3.12589 3.13643 3.14699 3.15750 3.16801 3.17852 3.18317 3.17162 3.15463 3.13460 5.16619 5.26697 5.39658 5.41859
2.31518 2.30464 2.30463 2.28350 2.19032 2.19501 2.20035 2.20567 2.21095 2.21628 2.17713 2.03444 2.02628 2.02601 1.88194 1.81358 1.83100 1.84195 1.82765 1.96892 2.01452 2.02468 2.05613 2.07097 2.08616 2.07999 2.04155 2.00225 1.96888 1.95394 1.95684 1.99515 1.96176 1.85994 1.80138 1.72964 1.73593 1.73619 1.73619 1.73904 1.74479 1.75051 1.75625 1.76199 1.76771 1.70596 1.66201 1.70920 2.15372 2.62082 3.20359 3.20410 3.20410 3.20410 3.20319 3.18585 3.16375 3.14310 3.12379 3.11007 3.10932 3.10932 3.10932 5.48271 5.34585 5.48852 5.48852
2.35952 2.41699 2.42228 2.42721 2.32823 2.31802 2.31802 2.31802 2.31802 2.31802 2.29271 2.17008 2.11201 2.11200 1.98998 1.84773 1.81894 1.80198 1.79323 1.90794 2.02302 2.02463 2.01558 2.00184 1.98234 1.98343 2.00960 2.03554 2.05599 2.06369 2.07239 2.08456 2.07306 1.90691 1.87296 1.76343 1.77720 1.78740 1.79254 1.79295 1.79041 1.78778 1.78518 1.78249 1.77981 1.74970 1.72113 1.68184 2.10746 2.34431 3.13467 3.12911 3.08953 3.06931 3.05102 3.04388 3.04067 3.03748 3.03428 3.02965 3.02240 3.01515 3.00794 5.49283 5.33738 5.50221 5.51890
2.33411 2.43290 2.43290 2.43290 2.35975 2.31802 2.31802 2.31802 2.31802 2.31802 2.31270 2.17700 2.03960 2.00995 1.92762 1.75407 1.67744 1.65789 1.62407 1.65392 1.87026 2.00041 2.06222 2.08721 2.09584 2.10455 2.11337 2.12227 2.13096 2.13299 2.13245 2.12432 2.10660 1.92634 1.88677 1.72125 1.71264 1.71196 1.70928 1.70912 1.70912 1.70912 1.70912 1.70912 1.70912 1.74187 1.78672 1.73646 2.01017 2.18552 2.97074 3.05414 2.99493 2.99379 2.99116 2.98713 2.98329 2.98152 2.98030 2.98048 2.98324 2.98604 2.98830 5.50542 5.48938 5.67348 5.67585
2.22928 2.33369 2.33563 2.32909 2.28082 2.20116 2.19571 2.19590 2.19166 2.16344 2.09253 1.81263 1.61717 1.51819 1.43252 1.48218 1.54217 1.57158 1.58154 1.58876 1.85840 2.02805 2.10248 2.12801 2.12801 2.12801 2.12801 2.12801 2.12801 2.12801 2.12801 2.12495 2.10218 1.96959 1.88389 1.75600 1.70648 1.70912 1.70912 1.70912 1.70912 1.70912 1.70912 1.70912 1.70912 1.72588 1.81527 1.80699 1.99533 2.29483 2.79994 3.06418 3.01753 3.01150 3.02315 3.03633 3.04233 3.01471 2.98236 2.95011 2.91777 2.88550 2.85382 5.52357 5.52020 5.82953 5.93227
2.15181 2.22215 2.24600 2.23821 2.21514 2.06969 1.96684 1.85434 1.74631 1.66226 1.61835 1.52427 1.37029 1.34286 1.34286 1.44246 1.56408 1.57885 1.58496 1.58496 1.78365 1.98337 2.09365 2.12801 2.12801 2.12801 2.12801 2.12801 2.12801 2.12801 2.12801 2.12804 2.11392 2.04535 1.90835 1.83612 1.77677 1.83932 1.90039 1.95988 2.01834 2.07499 2.13072 2.17939 2.20945 2.23573 2.22876 2.19151 2.22571 2.63516 2.78347 3.20465 3.12453 3.04181 2.99928 2.95666 2.92086 2.91682 2.91682 2.91682 2.91682 2.91682 2.91682 5.54598 5.50614 5.84509 6.00101
2.07863 2.07115 2.06562 1.98926 1.91723 1.66642 1.61940 1.61940 1.61940 1.61940 1.61940 1.58557 1.39609 1.34286 1.34286 1.39403 1.55572 1.57389 1.58496 1.58496 1.70501 1.94142 2.08617 2.12665 2.12801 2.12737 2.12480 2.12209 2.12642 2.14369 2.16285 2.32033 2.35745 2.37297 2.51924 2.52178 2.38114 2.38114 2.37320 2.35071 2.32788 2.30508 2.28228 2.26488 2.28123 2.30775 2.31746 2.31728 2.31299 2.72386 2.74800 2.95669 2.96128 2.91682 2.91682 2.91682 2.91682 2.91682 2.91682 2.91682 2.91682 2.91682 2.91682 5.53423 5.45410 5.71495 5.94796
1.73491 1.75821 1.85321 1.85321 1.85321 1.72514 1.61940 1.61940 1.61940 1.61940 1.61940 1.61930 1.44744 1.34332 1.34286 1.36696 1.51322 1.54746 1.57792 1.57560 1.61484 1.88771 2.06625 2.09689 2.10766 2.12377 2.14464 2.16778 2.18367 2.18392 2.18392 2.32626 2.39566 2.37348 2.50751 2.50124 2.31641 2.28063 2.28593 2.30643 2.32707 2.34785 2.36846 2.38884 2.39176 2.38606 2.36350 2.34103 2.31868 2.58873 2.73467 2.85749 2.93174 2.88692 2.88107 2.88304 2.88501 2.88697 2.88889 2.89086 2.89283 2.89480 2.90006 4.91303 4.90893 5.37319 5.87846
1.69856 1.73497 1.84735 1.85321 1.85321 1.78846 1.61686 1.60599 1.59447 1.58294 1.57138 1.55985 1.44400 1.26771 1.23070 1.21995 1.35980 1.43513 1.54629 1.54851 1.54609 1.80459 2.05098 2.08095 2.08066 2.07467 2.06784 2.06077 2.05443 2.04843 2.04254 2.13113 2.21453 2.01718 2.05870 2.05087 2.15289 2.26344 2.26397 2.26391 2.26391 2.26391 2.26391 2.26656 2.27386 2.28125 2.28277 2.28057 2.29932 2.45876 2.74788 2.78342 2.93258 2.90759 2.88927 2.88927 2.88927 2.88997 2.89791 2.90823 2.91917 2.93077 2.93887 4.57709 4.16854 4.05914 5.24763
1.76415 1.79547 1.78575 1.75470 1.74160 1.71986 1.49131 1.48187 1.48028 1.47870 1.47713 1.47555 1.43264 1.23451 1.17763 1.17763 1.27069 1.38991 1.47511 1.49919 1.49194 1.69657 1.99726 2.04127 1.98803 1.97959 1.91697 1.84511 1.77258 1.70031 1.62733 1.61922 1.88568 1.78266 1.82607 1.93272 2.07624 2.29962 2.30698 2.31439 2.32177 2.32916 2.33652 2.34129 2.34136 2.34136 2.33736 2.31960 2.33068 2.37967 2.76643 2.76294 2.95758 2.95300 2.92524 2.93983 2.95545 2.97126 2.97730 2.98067 2.98407 2.98750 3.00752 4.57709 4.20172 3.57958 5.09914
1.90656 1.87235 1.79275 1.70863 1.70863 1.70863 1.53676 1.47483 1.47483 1.47483 1.47483 1.47483 1.47364 1.27696 1.14479 1.12221 1.14648 1.34552 1.42346 1.49744 1.50984 1.59879 1.76654 1.78023 1.65050 1.60204 1.60834 1.62343 1.63848 1.65355 1.66864 1.68483 1.98586 1.90738 1.84904 1.98924 2.03162 2.34126 2.34136 2.34136 2.34136 2.34136 2.34136 2.34136 2.34136 2.34136 2.34136 2.34136 2.35325 2.39810 2.82705 2.88004 3.13261 3.14304 3.06952 3.06467 3.06525 3.09882 3.15124 3.20369 3.25609 3.29780 3.31362 4.57709 4.56361 3.44470 4.81001
1.95404 1.91904 1.88232 1.75990 1.76613 1.77250 1.66331 1.53493 1.54006 1.53955 1.52779 1.51058 1.48067 1.36046 1.28260 1.37569 1.46282 1.54763 1.66295 1.80870 1.82481 1.83447 1.78267 1.78692 1.70622 1.70176 1.70176 1.70176 1.70176 1.70176 1.70176 1.70176 1.93005 1.95666 1.81788 1.98022 1.98924 2.28995 2.34136 2.34136 2.34136 2.34136 2.34136 2.34136 2.35504 2.39941 2.44206 2.48182 2.52215 2.53773 2.77630 2.91774 3.08407 3.17297 3.15680 3.16540 3.19871 3.19905 3.17151 3.13583 3.07751 3.02140 2.97218 4.57709 4.57709 3.63354 4.46598
2.10253 2.05983 2.04390 1.86843 1.87084 1.88397 1.83188 1.60770 1.60661 1.64725 1.70614 1.77321 1.84881 1.85939 1.73036 1.73036 1.73036 1.65185 1.70084 1.85808 1.86045 1.86045 1.80252 1.78767 1.72316 1.70176 1.70176 1.70176 1.70176 1.70176 1.70176 1.70176 1.86554 1.98777 1.83447 1.94155 1.98924 2.19617 2.34136 2.34002 2.35945 2.38872 2.40528 2.41983 2.42253 2.39848 2.37613 2.36272 2.35282 2.35088 2.50256 2.93704 2.89459 3.00060 2.91215 2.77010 2.71170 2.65215 2.60558 2.57084 2.56180 2.56180 2.56180 4.57709 4.57709 3.75814 3.83347
2.13383 2.12349 2.14400 1.97119 1.91801 1.90782 1.91056 1.86391 1.89933 1.90108 1.90108 1.90108 1.90108 1.89864 1.74484 1.73036 1.73036 1.66912 1.69220 1.82652 1.86045 1.86045 1.82213 1.78767 1.74085 1.70176 1.70176 1.70176 1.70176 1.70585 1.72598 1.74776 1.83110 1.95039 1.81083 1.76854 1.78652 1.92852 2.17353 2.19668 2.19744 2.19095 2.20259 2.21524 2.22789 2.24053 2.25041 2.23333 2.19402 2.16567 2.17605 2.70124 2.62019 2.74026 2.72533 2.56322 2.56180 2.56180 2.56180 2.56180 2.56180 2.56180 2.56180 4.37321 4.31563 3.72937 3.34325
2.07471 2.03039 2.11590 2.04896 1.94949 1.94949 1.94949 1.91801 1.90108 1.90108 1.90108 1.90108 1.90108 1.90108 1.80149 1.73036 1.73036 1.68795 1.69064 1.78842 1.88093 1.90271 1.90574 1.87344 1.86605 1.83107 1.85287 1.87463 1.89639 1.91409 1.91571 1.91571 1.91659 1.92871 1.83364 1.83051 1.89026 1.92295 2.21394 2.23001 2.24195 2.22427 2.18443 2.14247 2.09841 2.05203 2.00336 1.97784 1.98007 2.01174 2.04032 2.55183 2.64502 2.79880 2.81353 2.70076 2.67242 2.68305 2.69375 2.70492 2.71603 2.72702 2.73806 2.54244 2.54244 2.69213 2.67493
2.14713 2.10674 2.14426 2.10598 1.94949 1.94949 1.94949 1.93117 1.90108 1.90108 1.90530 1.91966 1.93441 1.94921 1.92109 1.82357 1.84126 1.85241 1.81837 1.92219 2.06584 2.05923 2.05065 1.97627 1.95837 1.93532 1.93794 1.94057 1.94319 1.94582 1.94845 1.99065 2.06868 2.12505 2.13533 1.91534 2.01733 2.03394 2.11988 2.08651 2.04146 2.02747 2.02969 2.03184 2.03407 2.03622 2.03836 2.03869 2.03781 2.19348 2.30132 2.63963 2.93757 3.01443 3.05447 3.00368 2.94111 2.94152 2.94181 2.94182 2.94182 2.94182 2.94182 2.54244 2.54244 2.59811 2.74279
2.13590 2.06908 2.04644 2.05044 1.95030 1.96143 1.97073 1.97482 1.94100 1.95025 1.95529 1.95022 1.94477 1.93930 1.92900 1.77187 1.75648 1.74993 1.69571 1.71939 1.91708 1.91767 1.91767 1.86539 1.84523 1.98012 2.03061 2.10599 2.18286 2.27710 2.37651 2.43620 2.46022 2.43124 2.39450 2.10653 2.09798 2.10595 2.07233 2.03643 2.03548 2.03454 2.03360 2.03266 2.03172 2.03078 2.02984 2.02909 2.02904 2.13182 2.29443 2.45613 2.98791 2.94742 3.05574 3.03632 2.94060 2.93072 2.91970 2.90884 2.89802 2.88737 2.87675 2.54244 2.54244 2.54244 2.79711
1.86642 1.75134 1.75049 1.81534 1.92838 1.95653 1.95653 1.95653 1.91611 1.90811 1.90811 1.90811 1.90811 1.90811 1.90811 1.80138 1.73881 1.73881 1.70828 1.70064 1.88409 1.95725 2.03165 2.07796 2.15582 2.36076 2.46099 2.46418 2.44959 2.41766 2.38067 2.34361 2.30655 2.24986 2.19547 2.18921 2.04996 2.09800 2.08226 2.02904 2.02904 2.02904 2.02904 2.02904 2.02904 2.02904 2.02904 2.02904 1.96249 1.94644 2.13256 2.18887 2.62183 2.57037 2.67988 2.63668 2.61274 2.61181 2.61181 2.61159 2.58918 2.55212 2.51502 2.62654 3.23993 3.78322 3.84816
1.86378 1.76770 1.73472 1.81421 1.89445 1.95653 1.95653 1.95653 1.92927 1.90811 1.90811 1.90821 1.93362 1.97871 2.02381 1.96067 1.73903 1.72804 1.71518 1.83510 1.98899 2.05687 2.00473 1.99426 2.09303 2.13144 2.16512 2.14897 2.14897 2.14897 2.14897 2.14897 2.14897 2.14406 2.12319 2.24488 2.00717 2.09800 2.09631 2.03211 2.02904 2.03209 2.02904 2.02904 2.02904 2.02904 2.02904 2.00453 1.88608 1.73401 1.90747 1.88305 2.32149 2.44308 2.61002 2.62713 2.62533 2.62366 2.62180 2.62021 2.64081 2.67605 2.71133 4.98789 4.60493 4.60493 4.35757
1.84347 1.79098 1.73607 1.79599 1.86051 1.95653 1.95653 1.95651 1.95386 1.95974 2.00102 2.03558 2.03899 2.02277 2.00651 1.97271 1.62709 1.60823 1.60815 1.62005 1.70028 1.83715 1.83715 1.83783 1.98774 2.04818 2.14897 2.14897 2.14897 2.14897 2.14897 2.14897 2.14897 2.14877 2.12457 2.23302 2.03799 2.09724 2.18890 2.24263 2.31785 2.26729 2.02597 1.97838 1.91350 1.84350 1.76734 1.71963 1.70228 1.60417 1.84159 1.93318 2.22788 2.48535 2.76251 2.80953 2.81013 2.81613 2.82341 2.83070 2.83799 2.84527 2.85255 5.37358 4.60493 4.60493 4.47813
1.87570 1.87311 1.83058 1.81376 1.81007 1.97027 1.99747 2.02448 2.03799 1.98589 1.97247 1.96668 1.96670 1.96670 1.96670 1.96670 1.72388 1.60813 1.60813 1.60773 1.64870 1.83715 1.83715 1.83715 1.94407 2.01809 2.14897 2.14897 2.14897 2.14897 2.14897 2.14499 2.13379 2.12648 2.18757 2.32485 2.34954 2.34300 2.39533 2.35284 2.29730 2.23115 1.76867 1.73847 1.75167 1.78799 1.82485 1.86146 1.89748 1.77531 1.91986 2.03266 2.17854 2.40783 2.70835 2.84832 2.85501 2.85630 2.85630 2.85630 2.85630 2.85630 2.85630 5.82927 4.60493 4.60493 4.59454
2.01121 2.01940 1.99679 1.94436 1.86945 1.98377 2.00679 2.00685 2.00685 1.97679 1.96670 1.96670 1.96670 1.96670 1.96670 1.96670 1.83949 1.60513 1.60115 1.58491 1.60494 1.78298 1.79836 1.78997 1.82310 1.88868 1.97752 1.96276 1.93561 1.91112 1.95917 2.03967 2.11812 2.18819 2.25519 2.32206 2.40032 2.23069 2.24267 2.24667 2.24129 2.27172 2.00567 1.90380 1.92783 1.92838 1.92838 1.92838 1.92838 1.80537 1.86599 2.03266 2.12452 2.35132 2.61460 2.85630 2.85432 2.84995 2.84550 2.84306 2.87467 2.91589 2.95265 6.43787 4.60476 4.59886 4.74219
2.00991 2.00362 2.02145 2.00779 1.87146 1.95897 2.01781 2.02132 2.02473 2.01022 1.99445 1.99805 2.00159 2.00504 2.00899 1.97493 1.85430 1.56870 1.56677 1.55306 1.57524 1.59822 1.58500 1.56822 1.58084 1.70347 1.84543 1.99044 2.09054 2.18148 2.21205 2.21396 2.21595 2.21781 2.22945 2.26987 2.37437 2.32339 2.42448 2.50154 2.41160 2.38729 2.23736 1.97498 1.97774 1.98044 1.98320 1.98589 1.98864 1.89317 1.81550 1.73819 1.77516 2.00137 2.19294 2.56039 2.61792 2.66368 2.70541 2.74133 2.73801 2.72108 2.70588 6.75875 5.32440 5.33046 5.40246
2.03266 2.03532 2.04571 2.07033 1.95904 1.99309 2.07407 2.08126 2.08839 2.08837 2.06822 2.07537 2.08255 2.08968 2.09623 2.09077 1.96537 1.75291 1.67882 1.68511 1.67073 1.69960 1.73344 1.85090 1.96107 2.16437 2.24499 2.25988 2.25983 2.24072 2.20619 2.17237 2.17762 2.20522 2.25849 2.41490 2.58139 2.72786 2.80503 2.80503 2.56349 2.42067 2.39031 2.02429 2.02731 2.03323 2.03912 2.04505 2.05095 1.98992 1.87790 1.75413 1.81649 1.91926 2.21250 2.59509 2.70334 2.70334 2.70334 2.70334 2.70334 2.70334 2.70334 6.83941 5.78081 5.40246 5.40246
2.11846 2.13424 2.15913 2.26457 2.25930 2.20868 2.19668 2.19668 2.19668 2.19634 2.16476 2.16227 2.16227 2.16227 2.16227 2.16227 2.04094 1.90308 1.75283 1.85811 1.93415 2.06510 2.11175 2.11330 2.09386 2.12844 2.19368 2.24137 2.26873 2.31568 2.37762 2.46329 2.52606 2.56698 2.60787 2.73459 2.78265 2.76729 2.83363 2.84293 2.71079 2.46966 2.46966 2.16839 2.06837 2.06837 2.06837 2.06848 2.12120 2.19059 2.19170 2.22768 2.25094 2.24583 2.41112 2.77724 2.94031 2.95096 2.96178 2.97263 2.98372 2.99485 3.00636 6.83941 6.04877 5.40246 5.39320
2.19002 2.18979 2.19347 2.24890 2.28407 2.18844 2.17452 2.16897 2.16454 2.16018 2.13496 2.12065 2.11683 2.11312 2.14259 2.20596 2.16769 2.15353 2.11949 2.13403 2.11961 2.07604 2.07727 2.09383 2.13093 2.31219 2.65576 2.72254 2.76348 2.80441 2.84501 2.86161 2.86161 2.86161 2.86161 2.92511 2.93364 2.77571 2.83146 2.84921 2.80588 2.46966 2.46966 2.29862 2.11403 2.20309 2.28415 2.35808 2.38917 2.38917 2.38917 2.37032 2.35286 2.34426 2.42948 2.79575 3.05118 3.05268 3.06467 3.08017 3.09763 3.11746 3.14025 6.70353 6.16019 5.18815 5.13555
2.10720 2.10139 2.10791 2.16008 2.24611 2.14197 2.13958 2.13840 2.13840 2.13840 2.12655 2.13387 2.18076 2.22975 2.31000 2.40031 2.37898 2.33698 2.30873 2.31910 2.37017 2.44327 2.41220 2.40716 2.40716 2.43116 2.82642 2.85794 2.86161 2.86161 2.86161 2.86161 2.86161 2.86161 2.86161 2.90276 2.96281 2.78850 2.81519 2.84921 2.84332 2.50049 2.42067 2.39487 2.38917 2.38917 2.38917 2.38919 2.38966 2.39032 2.39099 2.38012 2.38973 2.53336 2.66419 2.71582 3.07833 3.15103 3.15774 3.15738 3.12806 3.07775 3.02140 6.42953 6.32697 5.12102 5.01961
2.08422 2.08422 2.08757 2.13804 2.22859 2.15996 2.15240 2.16614 2.21452 2.27443 2.34194 2.36871 2.39437 2.42044 2.44945 2.52617 2.50319 2.40159 2.36477 2.32948 2.33225 2.47037 2.41633 2.40716 2.40716 2.40716 2.73643 2.85214 2.86161 2.86161 2.86161 2.86161 2.86161 2.86161 2.86161 2.88037 2.96713 2.85236 2.85760 2.87737 2.89147 2.70993 2.58028 2.61109 2.64266 2.67354 2.70415 2.76706 2.89598 3.02673 3.15733 3.30792 3.55489 3.56858 3.57860 3.30595 3.06762 2.92727 2.85074 2.76362 2.72821 2.72821 2.72821 5.55101 5.40500 4.67977 4.58774
