High_resolution/powerplant/Chizhou/OMI_NO2_200608.asc
ncols      200
nrows      200
xllcorner       115.585
yllcorner       28.7700
cellsize     0.0166667
NODATA_Value      -999.000
[rows 29 to 57 of 164, columns 66 to 131 of 200]
2.07772 2.07217 2.02697 1.99207 1.97521 1.98250 1.98884 1.98945 2.08085 2.12801 2.27625 2.26435 2.26447 2.26447 2.27114 2.35406 2.34881 2.34195 2.33508 2.38523 2.84872 2.93149 3.09315 3.12677 3.14353 3.14809 3.27643 3.27867 3.36889 3.55981 3.60294 3.54534 3.48498 3.42340 3.37516 3.34003 3.27044 3.29389 3.95449 4.48275 4.49042 4.49847 4.88032 4.92403 4.93034 4.93034 4.92036 4.99068 5.07005 5.00108 4.92788 4.85473 4.79060 4.58237 4.29267 4.29211 4.29237 4.29256 4.29469 4.33809 4.39716 4.45623 4.51166 4.32091 4.43619 4.55117
1.97239 1.97239 1.97239 1.97239 1.97239 1.97774 1.98884 1.98884 2.05195 2.09298 2.23084 2.26609 2.24607 2.23995 2.23386 2.29919 2.31285 2.31285 2.31285 2.33130 2.71144 2.86937 3.08763 3.11329 3.14353 3.14353 3.22780 3.19838 3.17548 3.34011 3.37100 3.35423 3.29205 3.22246 3.15266 3.11202 3.10905 3.12083 3.66988 4.45763 4.49042 4.48665 4.73432 4.86764 4.82917 4.75531 4.67987 4.61371 4.71623 4.71225 4.71250 4.71275 4.71304 4.64693 4.41388 4.45683 4.51594 4.57480 4.62351 4.61437 4.58027 4.50637 4.42213 4.32045 4.33250 4.81727
1.97239 1.97239 1.97239 1.97239 1.97275 1.98333 1.97132 1.97384 2.01820 2.10031 2.15901 2.25029 2.22709 2.22709 2.22709 2.27660 2.31285 2.31285 2.31285 2.31626 2.55785 2.85737 3.00102 3.01966 3.02962 2.98738 3.03458 3.08488 3.03611 3.14388 3.16914 3.11826 3.10935 3.10905 3.11092 3.12665 3.14516 3.16367 3.51422 4.18451 4.32622 4.30312 4.43380 4.66767 4.51088 4.39500 4.34507 4.48147 4.69498 4.72461 4.72925 4.73390 4.73840 4.73914 4.66028 4.60807 4.57923 4.51268 4.43405 4.36961 4.31142 4.29211 4.28707 4.26953 4.18103 4.70446
1.98641 2.00019 2.02597 2.06211 2.10004 2.12995 2.04573 2.01160 2.02488 2.14962 2.18660 2.26245 2.27210 2.28351 2.29493 2.31084 2.31285 2.31296 2.32445 2.34367 2.44641 2.67770 2.77234 2.90263 2.93530 2.88717 2.86268 2.85433 2.84731 2.97480 3.13651 3.17916 3.19768 3.21619 3.23282 3.23561 3.23561 3.22952 3.33007 3.87669 4.13383 4.07945 4.08808 4.44446 4.43588 4.33104 4.33547 4.44037 4.65811 4.73775 4.72079 4.69799 4.67461 4.62331 4.51292 4.37969 4.31441 4.28647 4.27924 4.27550 4.27503 4.27477 4.27452 4.27426 4.19851 4.49740
2.16164 2.20370 2.23079 2.24548 2.26014 2.27481 2.22372 2.16017 2.17340 2.29754 2.32645 2.34300 2.36204 2.35778 2.37161 2.38418 2.37034 2.38945 2.39719 2.39719 2.42697 2.53686 2.56142 2.68659 2.73688 2.81391 2.84634 2.93907 2.94044 2.98164 3.16906 3.20813 3.20252 3.15737 3.09799 3.04082 2.99690 2.96114 3.01158 3.48172 3.96405 3.99923 4.02970 4.35725 4.48363 4.34058 4.31016 4.32623 4.52980 4.62641 4.57333 4.51729 4.45903 4.42881 4.40078 4.27625 4.27309 4.27309 4.27309 4.27309 4.27309 4.27309 4.27309 4.27404 4.25493 4.36666
2.31441 2.30584 2.30486 2.30389 2.30299 2.30471 2.28347 2.16644 2.16887 2.24401 2.31469 2.31297 2.40823 2.43255 2.43801 2.44024 2.41154 2.36029 2.29417 2.22684 2.15964 2.20124 2.31455 2.51876 2.61843 2.77032 2.77423 2.88794 2.90911 2.94565 2.98777 2.99188 2.95810 2.96143 2.97902 2.99430 2.99642 2.99642 2.99649 3.31521 3.83796 3.99606 4.01588 4.26117 4.40130 4.26420 4.15403 4.08501 4.20895 4.41622 4.42405 4.42404 4.42404 4.42404 4.41847 4.30075 4.27309 4.27309 4.27309 4.27748 4.31237 4.35563 4.40200 4.45083 4.44492 4.33257
2.36434 2.34112 2.34496 2.34880 2.34979 2.34367 2.34142 2.21722 2.20887 2.26427 2.36894 2.36011 2.40513 2.42696 2.36746 2.30537 2.21152 2.17153 2.17024 2.17024 2.16129 2.13239 2.30907 2.46025 2.60711 2.85614 2.90724 3.06885 3.13076 3.14813 3.02331 2.97783 2.99642 2.99642 2.99642 2.99642 2.99642 3.00208 3.01864 3.18886 3.72940 4.02781 3.96834 4.02664 4.12278 4.04286 3.96008 3.95964 4.08501 4.33516 4.42404 4.42404 4.42404 4.42404 4.42404 4.34736 4.32304 4.36707 4.41442 4.47274 4.50702 4.51986 4.53228 4.54405 4.55483 4.48839
2.39254 2.34145 2.34909 2.36183 2.37729 2.39731 2.41215 2.33811 2.28276 2.28625 2.36665 2.36797 2.18222 2.23118 2.22792 2.22792 2.20514 2.17024 2.17394 2.22332 2.28637 2.29801 2.50720 2.66646 2.81079 2.96229 3.00535 3.09373 3.15441 3.15441 3.08902 2.95959 2.99642 3.00387 3.02064 3.02887 3.03055 3.02694 3.02482 3.11274 3.43578 3.74057 3.75061 3.84415 4.01404 4.06184 3.96412 3.95964 4.02084 4.26071 4.42404 4.44288 4.49201 4.55106 4.61394 4.62252 4.59984 4.60997 4.61968 4.61869 4.60701 4.60690 4.60289 4.59569 4.58849 4.52210
2.47722 2.42165 2.42675 2.42675 2.42675 2.42675 2.42675 2.38363 2.28276 2.28276 2.34513 2.36894 2.19685 2.21632 2.27602 2.33234 2.38238 2.41458 2.47426 2.48832 2.48832 2.44805 2.51898 2.63770 2.80644 2.91172 3.00535 3.06387 3.15444 3.16387 3.18090 3.01873 3.02112 3.01466 3.00652 3.02348 3.05510 3.08650 3.10545 3.12149 3.38473 3.63607 3.74894 3.80780 3.96744 4.07476 4.01417 4.01009 4.05470 4.33048 4.66529 4.69183 4.67872 4.65845 4.63812 4.61028 4.60040 4.59569 4.58849 4.58130 4.57410 4.55971 4.53929 4.53155 4.52337 4.43170
2.54892 2.42751 2.42675 2.42675 2.42675 2.42675 2.42675 2.42046 2.30644 2.33581 2.41257 2.50575 2.48857 2.45263 2.51066 2.51066 2.51046 2.48981 2.48832 2.48832 2.48832 2.46022 2.45647 2.62859 2.76328 2.87085 3.04878 3.11730 3.29806 3.33681 3.36118 3.20894 3.06863 3.07643 3.10120 3.10945 3.10953 3.10942 3.09343 3.06580 3.23052 3.58386 3.81570 3.85250 4.02026 4.16266 4.17309 4.18114 4.18804 4.28884 4.52902 4.54768 4.49095 4.43410 4.37721 4.32653 4.54072 4.55227 4.53497 4.52267 4.52170 4.48789 4.45430 4.39653 4.34124 4.31846
2.58502 2.44123 2.42366 2.39686 2.36363 2.32843 2.29112 2.25191 2.40265 2.45754 2.47919 2.57285 2.57322 2.44639 2.49124 2.47969 2.46806 2.47568 2.48832 2.48832 2.48810 2.46740 2.41909 2.64463 2.82835 2.96667 3.15471 3.18511 3.40219 3.44197 3.47518 3.38108 3.13407 3.04222 3.01259 2.98175 2.94966 2.91642 2.90246 2.90246 3.03161 3.48348 3.83362 3.87022 4.02141 4.09608 4.09156 4.04184 3.99218 3.98919 4.14913 4.29579 4.29526 4.28193 4.26558 4.25117 4.43142 4.49518 4.44680 4.39490 4.33523 4.31453 4.30254 4.30252 4.30336 4.30419
2.55069 2.30765 2.22878 2.20489 2.18744 2.16996 2.15251 2.13500 2.22963 2.34031 2.32624 2.39389 2.38385 2.32613 2.36041 2.38055 2.38112 2.42584 2.48102 2.47436 2.46760 2.46118 2.40239 2.58017 2.82731 3.03777 3.16694 3.19693 3.34461 3.36127 3.34405 3.31189 3.03933 2.94952 2.96155 2.97389 2.99190 3.01179 3.02707 3.00034 3.01234 3.37418 3.70546 3.78130 3.77600 3.83450 3.92707 3.92790 3.92545 3.92361 4.05948 4.26418 4.26275 4.23691 4.19441 4.15246 4.18943 4.31353 4.31249 4.31249 4.31249 4.31249 4.31249 4.31249 4.31249 4.31249
2.33783 2.07192 2.04686 2.04797 2.04911 2.05025 2.05138 2.05253 2.09654 2.31373 2.31608 2.38084 2.38698 2.32698 2.29868 2.41597 2.41289 2.44786 2.57422 2.58852 2.62517 2.67925 2.74823 2.86405 3.22887 3.45310 3.50340 3.52463 3.57449 3.60042 3.60250 3.58047 3.36808 3.15962 3.09527 3.04526 2.98625 2.92172 2.85909 2.84656 2.84737 3.17921 3.60370 3.81063 3.79198 3.77432 3.89230 3.88245 3.90460 3.93477 4.03296 4.13978 4.09685 4.07781 4.07781 4.07781 4.10675 4.30882 4.31249 4.31249 4.31249 4.31249 4.31249 4.31249 4.31249 4.31249
2.42304 2.11614 2.11710 2.12059 2.12408 2.12771 2.13143 2.10833 2.04976 2.28866 2.26741 2.24484 2.28070 2.28442 2.24786 2.51972 2.53842 2.58135 2.83082 2.88410 2.90479 2.90672 2.93212 2.94449 3.29115 3.50294 3.59151 3.54352 3.45529 3.35862 3.25570 3.17095 3.05823 2.89698 2.84656 2.84656 2.84656 2.84656 2.84656 2.84656 2.83688 3.00924 3.45983 3.74837 3.79587 3.81541 3.92789 3.96467 3.93301 3.90435 3.96358 4.05557 4.07781 4.07781 4.07781 4.07781 4.07781 4.27284 4.31249 4.31249 4.31249 4.31249 4.31070 4.27729 4.22574 4.17411
2.45800 2.21354 2.14116 2.08695 2.02329 1.94850 1.86356 1.80270 1.77834 2.07009 2.26201 2.27408 2.27426 2.27426 2.27235 2.57553 2.67029 2.67532 2.84538 2.90672 2.90672 2.90161 2.86307 2.82163 2.98082 3.16850 3.12694 3.06775 3.06354 3.06354 3.06354 3.06354 3.04754 2.93794 2.84656 2.84646 2.83436 2.81447 2.81672 2.83276 2.86107 3.02659 3.51105 3.79454 3.82291 3.76131 3.82090 3.90420 3.90420 3.90420 3.92768 4.03967 4.07781 4.07781 4.07781 4.07225 4.04265 4.14055 4.19658 4.14513 4.09346 4.04185 3.99198 3.97378 3.97368 3.97181
2.33650 2.10967 1.84300 1.80667 1.77980 1.77172 1.77172 1.77172 1.77172 1.94326 2.27426 2.27426 2.27426 2.27426 2.30148 2.46525 2.66803 2.61073 2.63852 2.65829 2.55637 2.45192 2.45591 2.56500 2.66073 3.06354 3.06354 3.06354 3.06354 3.06354 3.06354 3.06291 3.04570 2.93154 2.84162 2.86028 2.88852 2.94274 2.99617 3.04137 3.08398 3.12083 3.48424 3.75572 3.78577 3.76299 3.77547 3.90369 3.89650 3.86303 3.82669 3.90366 3.93337 3.89159 3.83327 3.77973 3.75642 3.81179 3.97380 3.97186 3.96686 3.96179 3.95671 3.95166 3.92554 3.87980
1.91576 1.91027 1.77174 1.77172 1.77172 1.77172 1.77172 1.77172 1.77172 1.79287 2.25857 2.23167 2.15483 2.07549 2.00963 1.94046 2.25932 2.24200 2.28762 2.42292 2.42292 2.42292 2.42587 2.56040 2.56575 2.99835 3.06354 3.06203 3.03718 2.98510 2.93457 2.88834 2.85941 2.81525 2.92929 3.02675 3.07185 3.09875 3.10437 3.10437 3.10437 3.10437 3.34523 3.63481 3.65563 3.59920 3.54432 3.62800 3.63413 3.65777 3.68499 3.70469 3.71805 3.72292 3.71701 3.71108 3.70515 3.71075 3.93876 3.94210 3.91148 3.86893 3.83886 3.87754 4.02563 4.18558
1.88625 1.92315 1.80127 1.77172 1.77172 1.77172 1.77172 1.76922 1.77074 1.77697 1.82115 1.85163 1.86340 1.86397 1.86389 1.76033 2.14749 2.24993 2.28667 2.42366 2.42292 2.42292 2.42292 2.53844 2.58156 2.79968 2.91461 2.87103 2.84878 2.85004 2.87787 2.92098 2.96616 2.98232 3.00290 3.10437 3.10437 3.10437 3.10437 3.10437 3.10437 3.10437 3.23682 3.38898 3.50155 3.53193 3.54137 3.64715 3.74855 3.74363 3.73770 3.70396 3.65714 3.68991 3.68965 3.68345 3.64081 3.59225 3.75291 3.83910 3.97646 4.10162 4.21144 4.25244 4.20527 4.16782
1.86101 1.86014 1.79485 1.71136 1.72183 1.73116 1.75151 1.78636 1.81684 1.84390 1.88184 2.04722 2.08154 2.11548 2.14928 2.10213 2.27778 2.54368 2.54444 2.44739 2.44277 2.46657 2.48818 2.56752 2.61195 2.66597 2.86650 2.90636 2.95158 2.99371 3.01108 3.01318 3.01318 3.01110 2.95972 3.10265 3.10029 3.09023 3.08238 3.09788 3.11961 3.14133 3.21806 3.41345 3.49638 3.52321 3.56341 3.58548 3.72406 3.72427 3.72448 3.70704 3.58047 3.58348 3.53811 3.52987 3.63594 3.77556 4.02022 4.19861 4.17159 4.16881 4.16881 4.16881 4.16881 4.16881
1.83146 1.87917 2.03954 1.98356 2.01079 2.03791 2.05355 2.05361 2.05361 2.05361 2.05361 2.20544 2.24201 2.24201 2.25326 2.29910 2.28003 2.55748 2.57498 2.54274 2.50767 2.50767 2.51961 2.57186 2.61092 2.64757 2.87347 2.89207 2.88206 2.87202 2.86194 2.85191 2.84185 2.83166 2.78837 2.91971 2.98261 3.01434 3.04389 3.05011 3.05011 3.05011 3.05185 3.25968 3.33569 3.40700 3.55557 3.54534 3.63270 3.60404 3.55341 3.53208 3.58681 3.69361 3.81395 3.91954 3.94728 3.94728 3.99222 4.16884 4.16881 4.16881 4.16881 4.16881 4.16881 4.16881
1.94075 1.94083 2.13964 2.06896 2.05361 2.05361 2.05361 2.05361 2.05361 2.05364 2.08940 2.27425 2.49012 2.61146 2.72116 2.76157 2.55492 2.53830 2.59837 2.60148 2.59811 2.65234 2.69465 2.68992 2.57077 2.57077 2.70881 2.80581 2.80581 2.80186 2.79092 2.77983 2.76875 2.75784 2.80554 2.96450 3.05011 3.05011 3.05011 3.05011 3.05011 3.05011 3.04993 3.18277 3.25370 3.30994 3.39984 3.41715 3.55291 3.77198 3.95287 4.11833 4.13784 4.01599 3.94728 3.94728 3.94728 3.94728 3.94836 4.15089 4.16881 4.16881 4.16881 4.16881 4.16881 4.16881
1.94075 1.94075 2.09421 2.10313 2.05361 2.06352 2.12421 2.19462 2.28687 2.38383 2.44497 2.55544 2.77024 2.77024 2.77024 2.77024 2.66766 2.58609 2.74242 2.75348 2.70710 2.70710 2.70710 2.70710 2.58222 2.55960 2.61116 2.77244 2.76136 2.75422 2.75408 2.75408 2.75408 2.75408 2.76609 2.91491 3.05011 3.05011 3.04913 3.02363 2.98713 2.93743 2.88034 2.94876 3.09861 3.25501 3.75368 3.99798 4.10610 4.17567 4.17567 4.17567 4.16503 4.05660 3.94728 3.94728 3.94728 3.94728 3.94728 4.09069 4.15916 4.16158 4.17329 4.18481 4.19613 4.20728
1.94086 1.98762 2.16304 2.31610 2.32168 2.40861 2.44497 2.47145 2.47619 2.47619 2.47619 2.49680 2.76892 2.77024 2.77024 2.77024 2.72670 2.58324 2.75597 2.76084 2.70556 2.68485 2.67155 2.65825 2.55689 2.51904 2.52317 2.73725 2.75408 2.75408 2.75408 2.75408 2.75408 2.75408 2.75176 2.82852 2.95288 2.91556 2.85923 2.82836 2.82135 2.81087 2.80094 2.81203 3.03018 3.15736 3.89814 4.08816 4.08857 4.16620 4.17567 4.17567 4.17567 4.09972 3.96136 3.94728 3.95948 4.04356 4.06466 4.13914 4.23119 4.23973 4.23723 4.22566 4.21332 4.20093
2.36288 2.49737 2.61267 2.75092 2.51193 2.47619 2.47619 2.47619 2.47619 2.47619 2.47619 2.47619 2.71030 2.77024 2.77024 2.76427 2.73711 2.57650 2.65268 2.71307 2.67018 2.64504 2.64504 2.64504 2.58192 2.51904 2.51904 2.66598 2.75408 2.75408 2.74983 2.72592 2.72550 2.72770 2.73237 2.82826 2.86100 2.81422 2.80428 2.79342 2.76970 2.76263 2.76263 2.76263 2.98102 3.08705 3.63467 4.08816 4.08816 4.13891 4.17567 4.17245 4.16199 4.13609 4.06099 4.02489 4.03687 4.10807 4.12250 4.13955 4.18955 4.17642 4.16331 4.12580 4.08030 4.02335
2.69820 2.69820 2.69885 2.76113 2.60459 2.47619 2.47619 2.47619 2.47619 2.47619 2.47540 2.47893 2.62347 2.71617 2.69700 2.68376 2.68334 2.59496 2.56200 2.70928 2.68534 2.64504 2.64504 2.64504 2.61056 2.51904 2.52262 2.61951 2.74639 2.74867 2.75522 2.78135 2.78848 2.80086 2.79261 2.80713 2.86622 2.76260 2.76106 2.75883 2.75671 2.75467 2.75273 2.75087 2.87872 3.03194 3.36296 4.06527 4.06568 4.07801 4.13205 4.12934 4.13522 4.15204 4.15411 4.06596 4.07126 4.11919 4.13237 4.08456 4.06360 4.01613 3.95011 3.92315 3.92960 3.94943
2.69820 2.69820 2.69820 2.76703 2.75217 2.55458 2.58289 2.60190 2.62225 2.64340 2.66008 2.64107 2.60263 2.56416 2.52573 2.48725 2.44882 2.36010 2.24625 2.46801 2.48016 2.64504 2.66844 2.72782 2.78133 2.69138 2.73615 2.74818 2.78346 2.79933 2.79595 2.78452 2.76785 2.74450 2.74118 2.73973 2.84041 2.75530 2.74880 2.74880 2.74880 2.74790 2.73904 2.72853 2.77867 2.98075 3.11775 3.90933 4.04192 4.04709 4.13019 4.13518 4.13266 4.13055 4.14238 3.95992 3.89452 3.87368 3.87129 3.87292 3.90902 3.91073 3.90760 3.92233 3.91194 3.90054
2.98712 3.05145 3.10334 3.02392 2.86851 2.48911 2.40226 2.36363 2.32516 2.28664 2.25506 2.25200 2.25200 2.25200 2.25200 2.25200 2.25200 2.22387 2.09167 2.42888 2.56859 2.86045 2.91722 2.91854 2.91855 2.78749 2.76366 2.75409 2.76792 2.75664 2.74247 2.73863 2.73892 2.73921 2.73950 2.73978 2.80717 2.77986 2.73494 2.72449 2.71403 2.70448 2.70288 2.70293 2.70711 2.97777 3.07695 3.64604 4.01132 4.01069 4.02765 4.00186 3.94339 3.87620 3.80664 3.77770 3.81284 3.85011 3.95179 3.95400 3.96446 3.92283 3.84639 3.86539 3.86539 3.86539
3.07691 3.05321 3.04840 2.92558 2.61259 2.40244 2.25200 2.25200 2.25200 2.25200 2.25200 2.25200 2.25160 2.20713 2.13614 2.07856 2.02252 1.97853 1.90969 2.44193 2.64965 2.83604 2.93911 2.92894 2.91701 2.79111 2.71746 2.71746 2.73029 2.75452 2.74900 2.74185 2.74888 2.76603 2.78323 2.80044 2.81310 2.76822 2.70293 2.70293 2.70293 2.70293 2.70293 2.70293 2.70293 2.89591 2.97567 3.26773 3.83339 3.73448 3.68451 3.68122 3.61355 3.55683 3.56703 3.71223 3.86864 3.86955 3.94988 3.95427 3.95489 3.96227 3.83619 3.86539 3.86539 3.86539
2.96338 3.04840 3.04840 3.03439 2.62447 2.51924 2.25200 2.25200 2.23708 2.16781 2.09675 2.03927 1.98358 1.97199 1.98698 1.98850 1.98850 1.98850 1.92848 2.25752 2.64657 2.75145 2.87660 2.87488 2.87488 2.80982 2.71746 2.72077 2.74107 2.79519 2.81303 2.81199 2.82219 2.82227 2.82227 2.82227 2.82180 2.79861 2.70414 2.70293 2.70293 2.69826 2.64697 2.58288 2.48888 2.51120 2.63204 2.76875 3.43811 3.48571 3.47676 3.55577 3.55914 3.55914 3.56152 3.63270 3.86826 3.86864 3.93262 3.95427 3.95427 3.98033 3.85440 3.91833 3.97579 4.08071
