High_resolution/powerplant/Chizhou/OMI_NO2_200907.asc
ncols      200
nrows      200
xllcorner       115.585
yllcorner       28.7700
cellsize     0.0166667
NODATA_Value      -999.000
[rows 0 to 28 of 165, columns 0 to 63 of 200]
1.82437 1.82437 1.82437 1.82437 1.82437 1.82437 1.82437 1.82437 1.82437 1.82437 1.82437 1.82437 1.82437 1.66611 1.67012 1.91738 1.92985 1.88018 1.82689 1.80570 1.80570 1.80570 1.80570 1.77486 1.64089 1.56966 1.50906 1.46181 1.45445 1.45445 1.45445 1.45445 1.43820 1.42673 1.42673 1.42673 1.31482 0.751943 0.751943 0.751943 0.751943 0.751943 0.00000 0.00000 0.876752 0.780317 0.711859 0.690385 0.664192 0.638006 0.635719 0.635719 0.635719 0.635719 0.635719 0.635719 0.635719 0.649101 0.873770 0.00000 0.00000 0.00000 2.16486 2.16486
1.82437 1.82437 1.82437 1.82437 1.81813 1.79990 1.78297 1.76779 1.75370 1.64308 1.45887 1.33155 1.26023 1.24498 1.37674 1.75151 1.76215 1.80570 1.80570 1.80570 1.80570 1.80570 1.80570 1.76673 1.45743 1.45445 1.45445 1.45445 1.45445 1.45445 1.45445 1.45445 1.44735 1.42673 1.42673 1.42673 1.41843 0.827372 0.751943 0.751943 0.757241 0.740580 0.685744 0.670257 0.654577 0.635972 0.635719 0.635719 0.635719 0.635719 0.635719 0.635719 0.635719 0.635719 0.635719 0.635719 0.635719 0.635719 0.882150 1.72164 2.16486 2.16486 2.16486 2.16486
1.65747 1.65138 1.64570 1.64023 1.63671 1.57586 1.45435 1.35608 1.28712 1.26799 1.28553 1.29988 1.30266 1.30266 1.30433 1.67274 1.73094 1.80570 1.80570 1.80570 1.80570 1.80570 1.80570 1.80570 1.51551 1.45445 1.45445 1.45445 1.45445 1.45445 1.45445 1.45445 1.45364 1.42843 1.42673 1.42673 1.41068 0.967344 0.702470 0.691794 0.681596 0.674460 0.653260 0.635719 0.635719 0.635719 0.635719 0.635719 0.635719 0.635719 0.635719 0.635719 0.635719 0.635719 0.635719 0.635719 0.635719 0.635719 1.01549 1.73264 2.16486 2.16486 2.16486 2.16486
1.63660 1.57335 1.45291 1.35491 1.27378 1.26066 1.28021 1.29625 1.30266 1.30266 1.30266 1.30266 1.30266 1.30266 1.30266 1.53810 1.71958 1.80554 1.80570 1.80570 1.80570 1.80570 1.80570 1.80570 1.61002 1.45445 1.45445 1.45445 1.45445 1.45445 1.45445 1.45445 1.44226 1.30136 1.09057 0.964396 0.867429 0.792135 0.674460 0.674460 0.674460 0.674460 0.664451 0.635719 0.635719 0.635719 0.635719 0.635719 0.635719 0.635719 0.635719 0.635719 0.635719 0.635719 0.635719 0.635719 0.635719 0.635719 0.732025 1.57515 2.16486 2.16486 2.16486 2.16486
1.27304 1.23369 1.23358 1.23358 1.23358 1.28741 1.30266 1.30266 1.30266 1.30266 1.30266 1.30266 1.30266 1.30266 1.30266 1.40206 1.71911 1.78405 1.80570 1.80570 1.80570 1.80570 1.80570 1.80570 1.73132 1.45445 1.45445 1.45445 1.43375 1.35913 1.30418 1.24958 1.20718 1.09366 0.849162 0.849162 0.849162 0.841543 0.680820 0.674460 0.672841 0.667034 0.658051 0.635719 0.635719 0.635719 0.635719 0.635719 0.635719 0.635719 0.635719 0.635719 0.635719 0.635719 0.635719 0.635719 0.635719 0.635719 0.629030 1.44097 2.10091 2.13724 2.17946 2.24646
1.23358 1.23358 1.23358 1.23358 1.23358 1.26475 1.30266 1.30266 1.30266 1.30266 1.30266 1.30266 1.30266 1.30266 1.30266 1.30617 1.68076 1.75691 1.80570 1.80570 1.80570 1.80570 1.80570 1.80570 1.75999 1.36795 1.27801 1.22338 1.18949 1.20951 1.20990 1.20990 1.20990 1.19750 0.867741 0.850433 0.857223 0.865703 0.722746 0.643858 0.636032 0.635719 0.635719 0.635719 0.635719 0.635719 0.635719 0.635719 0.635719 0.635719 0.635719 0.635719 0.635719 0.635719 0.632680 0.601820 0.554903 0.503734 0.452566 1.48138 2.15598 2.31624 2.33937 2.33937
1.23358 1.23358 1.23358 1.23358 1.23358 1.23933 1.30128 1.30266 1.30266 1.30266 1.30266 1.30266 1.30266 1.30266 1.30266 1.30266 1.54810 1.73891 1.80570 1.80570 1.74254 1.60166 1.50172 1.41987 1.38368 1.28710 1.20990 1.20990 1.20990 1.20990 1.21314 1.24205 1.28104 1.32678 1.06224 0.896643 0.897772 0.897772 0.801205 0.635719 0.635719 0.635719 0.635719 0.635719 0.635719 0.635719 0.635719 0.635719 0.635719 0.635719 0.634884 0.610093 0.568852 0.525081 0.469572 0.478607 0.502167 0.506238 0.506238 0.979103 2.08866 2.33679 2.33937 2.33937
1.23358 1.23358 1.23358 1.23358 1.23358 1.23583 1.29484 1.31863 1.32603 1.33332 1.34064 1.34801 1.35530 1.36270 1.37001 1.37739 1.51200 1.65517 1.46270 1.38062 1.36183 1.42091 1.43887 1.43887 1.43887 1.36667 1.23636 1.27442 1.31897 1.37183 1.42842 1.43887 1.43887 1.43887 1.27437 0.897772 0.897772 0.897772 0.879874 0.640750 0.635719 0.635719 0.635719 0.635719 0.635719 0.635719 0.635719 0.617841 0.583085 0.544649 0.489833 0.485668 0.505167 0.506238 0.506238 0.506238 0.506238 0.506238 0.506238 0.512702 1.95806 2.28496 2.33937 2.33937
1.36753 1.37734 1.38707 1.39694 1.40664 1.41418 1.42459 1.43847 1.43847 1.43847 1.43910 1.44138 1.48153 1.55026 1.62445 1.72129 1.78140 1.64691 1.44103 1.43887 1.43887 1.43887 1.43887 1.43887 1.43887 1.43887 1.43887 1.43887 1.43887 1.43887 1.43887 1.43887 1.43887 1.43887 1.42451 0.931263 0.897772 0.897772 0.897772 0.706526 0.635719 0.635719 0.635719 0.625069 0.597012 0.562745 0.512432 0.492763 0.506238 0.506238 0.506238 0.506238 0.506238 0.506238 0.506238 0.506238 0.506238 0.506238 0.506238 0.506238 1.61930 2.20074 2.36212 2.38059
1.44034 1.44325 1.44620 1.44912 1.45205 1.45497 1.45866 1.47299 1.51472 1.58325 1.65274 1.74181 1.80092 1.83137 1.85632 1.85873 1.85873 1.76655 1.46939 1.43887 1.43887 1.43887 1.43887 1.43887 1.43887 1.43887 1.43887 1.43887 1.43887 1.43887 1.43887 1.43887 1.43887 1.43887 1.43887 1.10051 0.897772 0.897772 0.897772 0.790326 0.610066 0.579436 0.535171 0.500653 0.506238 0.506238 0.506238 0.506238 0.506238 0.506238 0.506238 0.506238 0.506238 0.506238 0.506238 0.506238 0.506238 0.506238 0.506238 0.506238 0.902819 2.02043 2.42356 2.42663
1.46885 1.46885 1.46885 1.46938 1.52314 1.61144 1.70056 1.75036 1.79132 1.82179 1.85100 1.85873 1.85873 1.85873 1.85873 1.85873 1.85873 1.81646 1.54707 1.43887 1.43887 1.43887 1.43887 1.43887 1.43887 1.43887 1.43887 1.43887 1.43887 1.43887 1.43887 1.43887 1.43887 1.43887 1.43887 1.28484 0.937433 0.985262 1.05363 1.07567 0.510806 0.506238 0.506238 0.506238 0.506238 0.506238 0.506238 0.506238 0.506238 0.506238 0.506238 0.506238 0.506238 0.506238 0.506238 0.506238 0.506238 0.506238 0.506238 0.506238 0.532951 1.84505 2.35578 2.42663
1.52464 1.61322 1.70213 1.79004 1.82533 1.82533 1.82533 1.83813 1.85873 1.85873 1.85873 1.85873 1.85873 1.85873 1.85873 1.85873 1.85873 1.85488 1.61988 1.43887 1.43887 1.43887 1.43887 1.43887 1.43887 1.43887 1.43887 1.43887 1.43887 1.43887 1.43887 1.44733 1.35183 1.16674 0.981595 0.895363 1.24594 1.14970 1.14970 1.14970 0.651780 0.506238 0.506238 0.506238 0.506238 0.506238 0.506238 0.506238 0.506238 0.506238 0.506238 0.506238 0.506238 0.506238 0.506238 0.506238 0.506238 0.506238 0.506238 0.506238 0.506238 1.41932 2.22485 2.42843
1.82533 1.82533 1.82533 1.82533 1.82533 1.82533 1.82533 1.82671 1.85731 1.85873 1.85873 1.85873 1.85873 1.85873 1.85873 1.85873 1.85873 1.85873 1.71389 1.43887 1.43887 1.43887 1.43887 1.43887 1.43887 1.43887 1.43887 1.45154 1.41748 1.23840 1.05328 0.878271 1.11690 1.47557 1.76359 1.96168 1.80258 1.14970 1.14970 1.14970 0.856303 0.506238 0.506238 0.506238 0.506238 0.506238 0.506238 0.506238 0.506238 0.506238 0.506238 0.506238 0.506238 0.506238 0.506238 0.506238 0.506238 0.506238 0.506238 0.506238 0.508428 1.20957 1.99954 2.72749
1.82533 1.82533 1.82533 1.82533 1.82533 1.82533 1.82533 1.82533 1.84862 1.85873 1.85873 1.85873 1.85873 1.85873 1.85873 1.85873 1.85873 1.85873 1.79528 1.44614 1.43887 1.43887 1.43901 1.45552 1.46230 1.31010 1.12502 0.927231 0.991971 1.37214 1.67983 1.92190 1.98013 1.98013 1.98013 1.98013 1.96105 1.14970 1.14970 1.14970 1.06034 0.506689 0.506238 0.506238 0.506238 0.506238 0.506238 0.506238 0.506238 0.506238 0.506238 0.506238 0.506238 0.506238 0.506238 0.506238 0.506238 0.763823 1.36662 1.82559 1.86639 1.86639 1.86639 1.86639
1.82533 1.82533 1.82533 1.82533 1.82533 1.82533 1.82533 1.82533 1.83715 1.85873 1.85873 1.85368 1.83021 1.80549 1.78050 1.75565 1.73093 1.70594 1.67415 1.46999 1.48579 1.38182 1.19649 0.994935 0.904508 1.26112 1.59067 1.85750 1.97997 1.98013 1.98013 1.98013 1.98013 1.98013 1.98013 1.98013 1.98830 1.46767 1.14970 1.14970 1.14970 0.621973 0.506238 0.506238 0.506238 0.506238 0.506238 0.506238 0.506238 0.506238 0.506238 0.506238 0.506238 0.692836 1.42351 1.86074 1.86639 1.86639 1.86639 1.86639 1.86639 1.86639 1.86639 1.86639
1.57229 1.53934 1.50608 1.47294 1.43980 1.40660 1.37365 1.34033 1.31191 1.43595 1.42052 1.40090 1.39934 1.39934 1.39819 1.36971 1.32870 1.24897 1.09614 1.05032 0.879177 1.14180 1.49535 1.77968 1.96699 1.98013 1.98013 1.98013 1.98013 1.98013 1.98013 1.98013 1.98013 1.98013 1.98013 1.98013 1.98013 1.81021 1.14970 1.14970 1.14970 0.826552 0.506238 0.506238 0.506238 0.506238 0.506238 0.506238 0.506238 0.619971 1.51416 1.86639 1.86639 1.86639 1.86639 1.86639 1.86639 1.86639 1.86639 1.86639 1.86639 1.86639 1.86639 1.86639
1.19351 1.18535 1.17696 1.16810 1.15901 1.14944 1.13954 1.12913 1.11829 1.28055 1.35396 1.31430 1.25947 1.18630 1.00909 0.843427 0.691216 0.768546 1.05467 1.44408 1.93175 1.98013 1.98013 1.98013 1.98013 1.98013 1.98013 1.98013 1.98013 1.98013 1.98013 1.98013 1.98013 1.98013 1.98013 1.98013 1.98013 1.96552 1.14970 1.14970 1.14970 1.03093 0.506238 0.506238 0.506238 0.552285 1.62551 1.86639 1.86639 1.86639 1.86639 1.86639 1.86639 1.86639 1.86639 1.86639 1.86639 1.86639 1.86639 1.86639 1.86639 1.86639 1.86639 1.86639
1.01351 1.01351 1.01351 1.01351 1.01351 1.01351 1.01059 0.951842 0.872333 0.926413 1.03409 0.877456 0.735530 0.696547 0.969579 1.22784 1.44993 1.54426 1.54426 1.61551 1.97768 1.98013 1.98013 1.98013 1.98013 1.98013 1.98013 1.98013 1.98013 1.98013 1.98013 1.98013 1.98013 1.98013 1.98013 1.98013 1.98013 1.98728 1.57481 1.58676 1.91934 2.25078 2.10647 1.86639 1.86639 1.86639 1.86639 1.86639 1.86639 1.86639 1.86639 1.86639 1.86639 1.86639 1.86639 1.86639 1.86639 1.86639 1.86639 1.86639 1.86639 1.86639 1.86639 1.86639
1.01351 1.01351 1.01037 0.951041 0.870956 0.791511 0.714501 0.693167 0.693167 0.691273 0.845123 1.15143 1.38396 1.53645 1.54426 1.54426 1.54426 1.54426 1.54426 1.55554 1.94511 1.98013 1.98013 1.98013 1.98013 1.98013 1.98013 1.98013 1.98013 1.98013 1.98013 1.98013 1.98013 1.98013 2.03765 2.27691 2.61236 3.02911 3.05505 2.35477 2.27514 2.21795 2.07228 1.86639 1.86639 1.86639 1.86639 1.86639 1.86639 1.86639 1.86639 1.86639 1.86639 1.86639 1.86639 1.86639 1.86639 1.86639 1.86639 1.86639 1.86639 1.86639 1.86639 1.86639
0.870155 0.790070 0.713797 0.693167 0.693167 0.693167 0.693167 0.693167 0.693167 0.693167 1.24579 1.54426 1.54426 1.54426 1.54426 1.54426 1.54426 1.54426 1.54426 1.54426 1.83881 1.98013 1.98013 1.98013 1.98013 1.98013 1.98013 1.98013 1.98013 1.98082 2.04767 2.23810 2.55862 2.95409 3.36776 3.50800 3.55143 3.59482 3.36402 2.19719 2.19719 2.19719 2.15412 1.86639 1.86639 1.86639 1.86639 1.86639 1.86639 1.86639 1.86639 1.86639 1.86639 1.86639 1.86639 1.86639 1.86639 1.86639 1.86639 1.86639 1.86639 1.86639 1.81248 1.65301
0.693167 0.693167 0.693167 0.693167 0.693167 0.693167 0.693167 0.693167 0.693167 0.693167 0.918109 1.54426 1.54426 1.54426 1.54426 1.54426 1.54426 1.54426 1.54426 1.54426 1.72882 1.97878 1.98013 1.98013 1.98013 1.98376 2.06398 2.21103 2.50820 2.88332 3.26116 3.49418 3.53760 3.58102 3.61872 3.62385 3.62385 3.62385 3.62342 2.41823 2.19719 2.19719 2.19586 1.92412 1.86639 1.86639 1.86639 1.86639 1.86639 1.86639 1.86639 1.86639 1.86639 1.86639 1.86639 1.86639 1.86639 1.86639 1.76767 1.61302 1.46828 1.33764 1.24728 1.19782
0.693167 0.693167 0.693167 0.693167 0.693167 0.693167 0.693167 0.693167 0.693167 0.693167 0.692232 1.44280 1.54426 1.54426 1.54426 1.54426 1.54426 1.54907 1.57192 1.59621 1.70766 1.96411 2.08033 2.20107 2.46116 2.81461 3.15097 3.45723 3.52379 3.56719 3.60980 3.62385 3.62385 3.62385 3.62385 3.62385 3.62385 3.62385 3.62385 2.89721 2.19719 2.19719 2.19719 2.05723 1.86639 1.86639 1.86639 1.86639 1.86639 1.86639 1.86639 1.86639 1.86639 1.85943 1.71961 1.58014 1.45749 1.33313 1.25569 1.20624 1.18513 1.18513 1.18513 1.18513
0.770899 0.819931 0.868514 0.917096 0.966129 1.01444 1.06356 1.11206 1.16082 1.20967 1.25807 1.63096 1.87552 1.89990 1.92433 1.94857 1.97304 1.99460 2.01573 2.03934 2.11690 2.47335 3.04948 3.38529 3.50996 3.55338 3.59682 3.62353 3.62385 3.62385 3.62385 3.62385 3.62385 3.62385 3.62385 3.62385 3.62385 3.62385 3.62385 3.37668 2.19719 2.19719 2.19719 2.14405 1.86639 1.86639 1.86639 1.86639 1.86639 1.83626 1.67655 1.54985 1.44523 1.33052 1.26600 1.21641 1.18554 1.18513 1.18513 1.18513 1.18513 1.18513 1.18513 1.18513
1.59284 1.59284 1.59284 1.59284 1.59284 1.59284 1.59284 1.59284 1.59284 1.59284 1.59284 1.65332 1.99319 1.99637 2.01620 2.03959 2.09336 2.23775 2.38973 2.56385 2.67621 2.94270 3.57969 3.61963 3.62385 3.62385 3.62385 3.62385 3.62385 3.62385 3.62385 3.62385 3.62385 3.62385 3.62385 3.62385 3.62385 3.62385 3.62385 3.62385 2.42962 2.19719 2.19719 2.19356 1.90554 1.79919 1.63752 1.52215 1.43140 1.33201 1.27628 1.22673 1.18797 1.18513 1.18513 1.18513 1.18513 1.18513 1.18513 1.18513 1.18513 1.18513 1.18513 1.18513
1.58631 1.59284 1.59284 1.59284 1.59284 1.59284 1.59284 1.59284 1.59284 1.59781 1.63783 1.68334 2.00578 2.19612 2.34092 2.50586 2.65853 2.69517 2.72412 2.75223 2.76057 2.89888 3.48245 3.62385 3.62385 3.62385 3.62385 3.62385 3.62385 3.62385 3.62385 3.62385 3.62385 3.62385 3.62385 3.62385 3.62385 3.62385 3.62385 3.62385 2.90900 2.12878 1.98099 1.83342 1.51828 1.33738 1.28659 1.23702 1.19252 1.18513 1.18513 1.18513 1.18513 1.18513 1.18513 1.18513 1.18513 1.18513 1.18513 1.18513 1.18513 1.18513 1.18513 1.18513
1.51200 1.59284 1.59284 1.59284 1.59284 1.59817 1.63847 1.68551 1.73218 1.77415 1.78100 1.78100 2.26239 2.68597 2.71492 2.74386 2.76048 2.76057 2.76057 2.76057 2.76057 2.84827 3.22478 3.62385 3.62385 3.62385 3.62385 3.62385 3.62385 3.62385 3.62385 3.62385 3.62385 3.62385 3.62385 3.62385 3.62311 3.53437 3.38658 3.23873 2.85533 1.55819 1.50847 1.45890 1.34205 1.18513 1.18513 1.18513 1.18513 1.18513 1.18513 1.18513 1.18513 1.18513 1.18513 1.18513 1.18513 1.18513 1.18513 1.18513 1.18513 1.18513 1.18513 1.18513
1.39852 1.59849 1.63941 1.68619 1.73302 1.77464 1.78100 1.78100 1.78100 1.78100 1.78100 1.78100 1.94355 2.75723 2.76057 2.76057 2.76057 2.75961 2.73163 2.69559 2.66468 2.66300 2.80609 3.61451 3.62385 3.62385 3.62385 3.62385 3.62385 3.62385 3.62385 3.62385 3.61932 3.51324 3.36551 3.21760 3.07055 2.95680 2.75705 2.54941 2.34201 1.54224 1.39670 1.39670 1.38740 1.19267 1.18513 1.18513 1.18513 1.18513 1.18513 1.18513 1.18513 1.18513 1.18513 1.18513 1.18513 1.18513 1.18513 1.18513 1.18513 1.18513 1.18513 1.18513
1.45566 1.77491 1.78100 1.78100 1.78100 1.78100 1.78100 1.78100 1.78100 1.78100 1.78100 1.78100 1.78100 2.59773 2.73070 2.69492 2.66398 2.63747 2.62966 2.62966 2.62966 2.63581 2.72947 3.36501 3.62385 3.62385 3.62385 3.62385 3.61258 3.49217 3.34432 3.19647 3.05322 2.99370 2.82182 2.61423 2.40663 2.25366 2.24577 2.24577 2.24577 1.82764 1.39670 1.39670 1.39670 1.25033 1.18513 1.18513 1.18513 1.18513 1.18513 1.18513 1.18513 1.18513 1.18513 1.18513 1.18513 1.18513 1.18513 1.18513 1.18517 1.18965 1.20511 1.37996
1.39407 1.78100 1.78100 1.78100 1.78100 1.78100 1.78100 1.78100 1.78100 1.78277 1.82008 1.86245 1.89726 2.28276 2.62966 2.62966 2.62966 2.62966 2.62966 2.62966 2.62966 2.62966 2.71207 3.06272 3.60278 3.47110 3.32319 3.17540 3.03883 3.01031 2.88658 2.67903 2.47140 2.28152 2.24577 2.24577 2.24577 2.24577 2.24577 2.24577 2.24577 2.11287 1.39687 1.39670 1.39670 1.31732 1.18513 1.18513 1.18513 1.18513 1.18513 1.18513 1.18513 1.18513 1.18513 1.18513 1.18566 1.19174 1.19961 1.33462 1.57162 1.80409 2.02584 2.08801
