High_resolution/powerplant/Chizhou/OMI_NO2_2010_06-08.asc
ncols      200
nrows      200
xllcorner       115.585
yllcorner       28.7700
cellsize     0.0166667
NODATA_Value      -999.000
[rows 150 to 179 of 200, columns 132 to 197 of 200]
1.34307 1.34307 1.32248 1.32248 1.58836 1.94287 1.94408 1.95383 2.01835 2.17336 2.13766 1.82255 1.48307 1.53287 1.54591 1.53908 1.58249 1.56607 1.61007 1.57368 1.54403 1.32728 1.26100 1.32127 1.27624 1.26071 1.24584 1.22881 1.20931 1.17489 1.08071 1.07422 1.05717 1.06803 0.948980 0.966030 0.904189 0.929787 0.441594 0.426157 0.410706 0.395268 0.385154 0.384935 1.23677 1.64333 1.61067 1.61067 1.61067 1.61067 1.53438 1.53438 1.47080 1.24099 1.34832 0.970278 1.04491 0.833746 0.774741 0.715659 0.656628 0.631007 0.628621 0.651393 0.651393 0.545635
1.30507 1.32302 1.42538 1.43531 1.63747 2.18534 2.20036 2.15231 2.20938 2.38625 2.25322 1.97052 1.69319 1.68476 1.65496 1.62173 1.65496 1.62173 1.65496 1.62173 1.34613 1.28510 1.23646 1.22603 1.17596 1.14628 1.13055 1.11348 1.09270 1.06697 0.901927 0.858287 0.829284 0.888143 0.783541 0.828540 0.794546 0.327284 0.349941 0.349941 0.349941 0.349941 0.349941 0.349941 1.24931 1.56814 1.44734 1.43374 1.39650 1.39650 1.34441 1.34441 1.29814 1.16674 1.26167 0.825276 0.863197 0.628621 0.628621 0.628621 0.628621 0.658117 0.708078 0.787092 0.841115 0.901933
0.917253 1.46190 1.76219 1.84270 1.87114 2.06429 1.99218 1.87521 1.83910 1.96380 1.93515 1.85525 1.71161 1.68617 1.62173 1.58297 1.62173 1.58297 1.62173 1.89387 1.81970 1.24090 1.19213 1.14717 1.10223 1.03083 1.02801 1.04092 1.05697 1.06858 0.947438 0.843337 0.804686 0.838166 0.764959 0.806622 0.790867 0.413791 0.296104 0.296104 1.02805 1.02805 1.02805 1.02805 1.02805 1.22730 1.39669 1.32175 1.23404 1.18786 1.09972 1.08791 1.20283 1.11142 1.33278 0.953630 1.07726 0.933696 0.984223 1.03615 1.08804 1.17284 1.15344 1.13890 1.13786 1.14295
1.00619 1.47726 1.58805 1.58416 1.52468 1.74093 1.80818 1.77417 1.80818 1.96380 1.96380 1.88665 1.76952 1.71480 1.92576 1.91233 1.92576 1.91233 1.91233 1.89646 1.89646 1.25073 1.06877 1.06877 1.07465 1.07670 1.06453 1.05050 1.03645 1.02314 0.961467 0.798762 0.777939 0.841086 0.764421 0.791997 0.841250 1.17036 1.00679 1.00679 1.00679 1.00679 1.00679 1.00679 1.02324 1.05012 1.19180 1.03977 0.888987 0.835863 0.804157 0.835863 0.983988 0.947224 1.22049 0.907729 1.06919 1.13809 1.10189 1.05082 1.06660 1.09805 1.12410 1.16062 1.16740 1.16740
0.945308 1.33526 1.41415 1.55458 1.55458 1.71846 1.89020 1.86447 1.99772 2.03545 2.03545 1.94727 1.98245 1.87771 1.92576 1.91233 1.92576 1.91233 1.91233 1.89646 1.89646 1.49367 1.18705 1.29630 1.28916 1.02177 1.01990 1.01990 1.01990 1.01943 1.00187 0.861197 0.888375 0.968610 0.938683 0.977549 0.961834 1.13057 0.990192 0.990192 1.01210 1.04668 1.07085 1.08868 1.09828 1.07305 1.08808 1.03956 0.972903 0.919845 0.942238 1.02995 1.23159 1.15792 1.32452 1.01057 1.14830 1.18332 1.24025 1.30038 1.31647 1.32422 1.32422 1.33418 1.33418 1.33418
0.850777 0.850777 1.26081 1.53524 1.53529 1.59891 1.93676 1.97828 1.97828 2.01395 2.02128 1.94142 2.00176 1.87794 1.92145 1.90872 1.92145 1.92521 2.01113 2.10651 2.20817 2.10148 1.50784 1.47126 1.45090 1.02892 1.00636 0.996383 0.986397 0.976855 0.969042 0.984949 0.964459 1.00151 0.953590 0.971343 0.984668 1.12961 1.25077 1.09112 1.09852 1.09852 1.09852 1.09852 1.09417 1.07103 1.03143 1.16665 1.14832 1.23500 1.12321 1.08880 1.14335 1.10621 1.29473 1.24507 1.37649 1.37649 1.38758 1.38758 1.38758 1.40088 1.40088 1.40322 1.40751 1.41065
1.04249 1.04249 1.33495 1.50342 1.55427 1.55736 1.94339 2.03890 2.03890 2.03545 2.02128 1.94142 2.00929 1.95061 2.03179 2.09013 2.14799 2.20410 2.17828 2.13778 2.08569 2.00288 1.36164 1.25742 1.24720 1.02414 0.930220 0.930220 0.930220 0.930220 0.930220 0.938305 0.974785 1.04222 1.03788 1.07438 1.08368 1.13334 1.26497 1.04900 1.04144 1.01634 0.994995 0.977354 0.964611 0.975285 0.928789 0.921882 0.899598 1.02089 1.01617 1.07089 1.18437 1.11078 1.24581 1.17985 1.27061 1.27061 1.27422 1.27839 1.28209 1.28609 1.28886 1.29015 1.29795 1.31803
0.984722 0.984722 1.32218 1.40721 1.52463 1.52463 1.77302 2.00042 2.00045 1.97195 2.10207 2.26360 2.33860 2.35849 2.18850 2.16504 2.09102 2.06461 2.03659 2.02779 2.01896 2.01358 1.65995 1.42338 1.42338 1.24322 0.967848 0.972778 1.00963 1.04520 1.07448 1.09852 1.09042 1.11304 1.08469 1.09766 1.09514 1.10070 1.23655 1.09664 1.08472 1.10124 1.12670 1.15215 1.17761 1.21574 1.26182 1.17578 1.20066 1.30543 1.20091 1.19644 1.26946 1.18721 1.27660 1.20807 1.21183 1.21520 1.21055 1.21090 1.22639 1.24028 1.26252 1.28476 1.29841 1.29857
1.09769 1.10841 1.39116 1.43782 1.60264 1.60884 1.83020 2.24523 2.28844 2.43759 2.30168 2.29688 2.10139 2.11094 1.90638 1.92308 1.88795 1.91427 1.91427 1.91427 1.91427 1.91427 1.69309 1.28314 1.27049 1.28617 1.06233 1.08369 1.08731 1.08540 1.08540 1.08415 1.07385 1.09017 1.07011 0.968979 0.967796 0.985661 1.11112 1.16451 1.18671 1.19406 1.19406 1.19406 1.19406 1.22428 1.37697 1.23982 1.20535 1.28831 1.21720 1.21183 1.28755 1.20311 1.28936 1.21308 1.23328 1.25686 1.26902 1.29093 1.29857 1.28240 1.28240 1.28240 1.27962 1.26732
1.18618 1.19033 1.16902 1.53617 1.70125 1.75141 1.72573 2.12413 2.17998 2.32319 2.30538 2.39041 2.26369 2.26275 1.90740 1.91427 1.88707 1.91427 1.91427 1.91427 1.91427 1.91427 1.82676 1.32531 1.27049 1.30721 1.15928 1.08722 1.08427 0.845710 0.857162 0.866821 0.820774 0.904676 0.877456 0.942706 0.960070 0.963943 1.02306 1.08886 1.08886 1.08886 1.08886 1.08407 1.07023 1.05617 1.19747 1.12931 1.06554 1.22294 1.20245 1.29589 1.37820 1.30607 1.42169 1.25953 1.26219 1.26219 1.24565 1.24565 1.24100 1.21229 1.20285 1.19340 1.18607 1.20183
0.969218 0.948220 0.946230 1.74791 1.84233 1.98072 2.00375 2.39351 2.43859 2.49919 2.36701 2.40445 2.29990 2.29990 2.03397 1.88904 1.88904 1.91600 1.89315 1.86701 1.84074 1.81447 1.78647 1.29792 1.23935 1.27902 1.23084 1.00220 0.994947 0.948011 0.981961 1.01789 0.909337 0.971877 0.866584 0.847327 0.847327 0.847361 0.879061 0.966364 0.950908 0.935444 0.919987 0.909786 0.909561 0.909561 1.02541 1.07491 1.01929 1.20158 1.21557 1.32209 1.39133 1.28818 1.38253 1.26193 1.25379 1.24198 1.21655 1.20582 1.20157 1.20993 1.23191 1.21745 1.19659 1.15950
1.14204 1.17825 1.21225 1.73746 1.77709 1.94120 1.94120 2.23975 2.36451 2.43859 2.29990 2.35054 2.28799 2.26420 2.10340 1.80560 1.78181 1.77808 1.77467 1.77412 1.76527 1.75557 1.74765 1.51302 1.37034 1.27303 1.24003 1.16259 1.15296 1.04944 1.04944 1.04884 0.909871 0.973636 0.857512 0.832078 0.830446 0.828792 0.825767 0.881600 0.884295 0.884295 0.884222 0.881382 0.877137 0.872893 0.911883 1.07223 1.08297 1.23904 1.19921 1.30998 1.37284 1.35509 1.47224 1.32785 1.32879 1.35079 1.37371 1.34869 1.30593 1.26872 1.21530 1.20748 1.20748 1.20748
1.19031 1.19031 1.19031 1.19031 1.75810 1.94085 1.95458 2.16376 2.36451 2.43859 2.20437 2.24950 2.16855 2.16855 2.14882 1.76936 1.74748 1.75522 1.74737 1.74109 1.72132 1.66557 1.60863 1.42583 1.15819 1.11448 1.14317 1.22450 1.25892 1.15380 1.15544 1.15924 1.03385 1.06671 0.963807 0.954291 0.954291 0.954291 0.954115 0.987792 1.00181 0.997990 0.994233 0.992970 0.992970 0.992970 1.00399 1.17805 1.23503 1.31607 1.14642 1.26430 1.33605 1.35547 1.49212 1.34681 1.29472 1.22098 1.16981 1.15276 1.15276 1.15276 1.15276 1.15276 1.15276 1.17763
1.19031 1.18875 1.18385 1.20941 1.72237 1.83877 1.91523 2.07038 2.35312 2.43859 2.16855 2.03712 1.89120 1.84257 1.81532 1.56416 1.47380 1.44240 1.41654 1.39069 1.37314 1.36067 1.33476 1.27142 1.04881 0.983834 0.998615 1.09326 1.10709 1.02366 1.02902 1.09677 0.944624 0.968453 0.942300 0.939894 0.937165 0.934439 0.931875 0.949945 0.979497 0.979497 0.979497 0.982499 0.991142 1.00157 1.02950 1.18583 1.21332 1.29543 1.06884 1.17407 1.21304 1.14673 1.16066 1.03942 1.05087 1.05087 1.06408 1.06408 1.06408 1.05027 1.02406 0.997887 0.971567 0.969342
1.08305 1.07885 1.07871 1.12540 1.74645 1.81411 1.93954 2.12477 2.30741 2.37905 2.03746 1.86918 1.72352 1.69525 1.68931 1.52396 1.33270 1.30572 1.27507 1.24343 1.21618 1.20817 1.23145 1.26364 1.09430 0.987432 0.987432 1.05999 1.13527 1.01753 1.02282 1.09135 1.00070 1.07514 1.04807 1.04771 1.04771 1.15643 1.14978 1.15703 1.20978 1.21475 1.14375 1.15617 1.17479 1.19783 1.21684 1.29969 1.22336 1.29791 0.897972 0.984981 1.00244 1.01271 1.01271 0.930802 0.918416 0.888606 0.867166 0.838709 0.810423 0.796879 0.794583 0.762486 0.721292 0.702372
1.02035 1.02035 1.02035 1.07595 1.04588 1.73785 1.89094 2.21689 2.23117 2.22769 1.91168 1.72514 1.63423 1.62570 1.63213 1.49916 1.27087 1.29030 1.31676 1.34463 1.34678 1.34678 1.34678 1.34678 1.21097 1.15183 1.07536 1.11713 1.23334 1.01150 1.01359 1.20480 1.12805 1.16994 1.13668 1.13684 1.14034 1.14432 1.14878 1.15446 1.25094 1.27595 1.29642 1.23922 1.24326 1.24326 1.23740 1.23626 0.930155 1.17398 0.866288 0.947742 0.962037 0.945377 0.914442 0.798123 0.796879 0.796879 0.804219 0.768442 0.729907 0.691388 0.654967 0.646443 0.646443 0.677897
1.28613 1.23854 1.19098 1.14691 1.13589 1.53249 1.66821 1.71571 1.67866 1.88305 1.68903 1.51242 1.42119 1.34479 1.27698 1.25658 1.32232 1.34678 1.34678 1.34678 1.34678 1.34678 1.34678 1.34678 1.26608 1.15183 1.23129 1.18835 1.31363 1.14509 1.13895 1.17092 1.10957 1.15012 1.12192 1.11352 1.12950 1.14625 1.16301 1.17740 1.22552 1.24973 1.24972 1.12491 1.12491 1.12491 1.10891 1.20723 0.968017 1.27061 0.892393 0.986633 1.00998 1.04432 1.02851 0.879014 0.872290 0.836966 0.851296 0.848970 0.848970 0.848970 0.849034 0.859842 0.878444 0.942983
p'x9 aPa*r>aa ^u~vqao:uap>qF aOa~|u|jy rao-:v#Za!gqHpr``HTq_c`4`, 4[ vTP 7P q :Jn9 Z : * P 7* /g * * >  smz tZ w;`2 ]* qlk &[ , ^ q0&j A~kr 7* :* n J* P`|n`yA`| q:yr`pxj``'pwg`|x+uq`>qtza a5iq0q.ga4o)r)>a>o Ir_Fa>q dtqaa .7u -t PaJv-"Iv-a2gq)%qG``rsC*`< < 6>UU<9 Z6 hyJqIgEr ,+g ng2agK(k*28*Pq3 z%g'8<(*4I?e'538 > -} u~r^,NLZQELgHT4 * Bv* Ar4$dZ|J4[*gPi4[2.>gFFp6 * :IE>Pq4ur,f>i(= *4i:KE>p 2 ">Pr :ON FF ,  z f P: l 8)H=| !P'WF
s v 4ada~waFa}aFrpXusVga^nodp*aZa`tJa a s Dpgaov PaPsds4ara*t&CaZa|rup* a| pu#[a Paq"aramp.ua;o`q| a>pqra Pa.0pKagoq>agpmq?aa.0p<a*a%Uqaw Pa[;oFWWtEZaJ PpM-qeeatqak$qzFt*a gokx,qa.gp(W_vQF` P`.2ud `4``wfq* `n9 y `q`Ark:`g`:v#*v4Z`2nn">q&4`=Pr 9x P`` ty51`g* `lqi85x[`qran vz>`dZ`r ` ` s t3*`0 1n9$Jy?r`1gq;)v+g` `$ pJ| `gn ts` Pqx*`>4[`&,u"`.4[`+1w?.v.4[`3n,+vFF`Zqk&vf `L`vwCxq`;n3 w`Zqu: `* `:Oy=` ` ^tpw`>ne wM``y``Lqf.y>`?|n33 g WF q.0/<N4[$n g3:-[qK'E PDg$I| CM| ,40.4Kuq,#J<.FF$+494 0. +* iPb12hTlHZA^HC4[<>C-[* O'O40b* 0!-C BZv4[PI>Z'9 |WHNrI44['VUFFFW| > 4[$ 4J q>>g*| $BFWGhl* g*>|/1>)P3'gfWFgm4eg| :H87;$> - )n@b| i`0`apI05w4[`gqfr`>`rr9a)Pa1q*xa o'Bv* adpa xmPaEa@tHtK Pago&s|
a Pa+Ht#'a-a(v1bv q`ntg``sc``8pp `nwv`| rcvh`| `^r*` P`S uUyPg`srahxwr`p`fTpj @`Ag`IsFr[>` Bnh s`grUTpg`4`Tq~J`n#Jv`rCq@`*`y)`Z`tjw4`nLJwk| `lruu `  `5,w?Eq'* `"nI * %MP 4 HWQW FF :> ,+ lF P fT , r n9 6 l3 FFAg M>4o )5,02 gou~z PU$C8 *K4g-P4 Pk%5s04[)g"M(9 3*).6%0 ctH~ng{niBgIAGfW| ^`ug?VFr$:4ppg<a/9gZlZ PZgO1. *#[HSZ%U>q'g'FFTIFF;*r&|.1'4Ahq.I]q@qz~Vb4[:.g(4[%I^F8 :%* !>P:V DZ ^,>$* qb<> gq(^Rt%I``v"ye`Qg`xyFF`4[q!r`q`r t3=a8qav~r >ahogBtk>aC*pEj rGWFaXaNr veK4aZo'qa4pFsga*aTyaaawrao t*arpw/aFFawravo<qga pssgaataaKu%LvPaZow*a Pafr(a4a ^rqw>a Aow>a pVQtOaqauaa;pbxgagpVVu@aqitagaqKvQaEylpx Pac* o u gaq3Hs%,BK/?a)t6gx4`$nyg`pr_V`>`t-Bp`0.t<s* `gndv9`>`*y;x`VHupv>`nex7 `pmy`q`<pfyZ`vHwM`>py*`4[``qxg`vnky`FFqdq [``Bx&`?`$rF;plFF`vFFqi-s ` `p*i`0 `(s2g
x [|D CAd| $Ug28rP d $d;4( "e&5g)&d4!O4g9 sjg~o=}gC:Z'CCZVbE-4>t*j& Pim 4K ETlZH_B4[$,C 4r<|4J? 4[.1-| rg4[tB4`* B4[g E"[qv"FF P94A|r%mP8I$C|HpTTkhq Bt?&',%q* P+8v$lr 8 PZG P8FF$hm *%>#6| r w1``Cir`4`^spPa*gs8ct,[a a  ptaj4[arrrkIyAgaG,o_xIPaUPsVItC3 a]>aLap92K|a*o&q4[ars,uUFaPanr;aas27rPaorgaqs*waqaupx* aoe v?as'Iq^Faa wa acplyaopgaaw< a* a,uuwga|od ya* sdv#[a| aTr@aqapta|sy a?a$va4ayKipYaToYju\aD pspe>aq>a{dyuK a/os>apLp)>a6ga#jy?ca+* a'$t=t"FFa n qq`qw27`Z`ukx>`mn#q>`qev ` `qc```uLq `;n$w9`r`ku`g`Kv"u|`nrA4`NrqK)sk`r|`xpp``vw q(|`;>q;)p?r`(q`0 ` > 1.J4 vr | 10gr g %T4> ; PgB| 4o0 .:B Phn9 \S: r; FF$UPP(>ID4[k4 ( ,J(-: P.$ 9 ATT|
^nFo4[mj>l9>0K?32* c^Vr* bugYatZve:ggJ| K0  P p rw2&`74`:sapj P`|nC90t`q9p`P`yD``|spqa"rp'tu&0 a6|a,iu9a Par q Pac0xzHxxatoc@rg>aDZqGpr_%IKRFFaV|wMbpO|a>oqNa qFsaar pBw?aJtew4[aoGpaFFafv;yawrn tgago&rarqHv a*a-yyaVHs71u?a>qu La?atuhvair38v>ao*w8 agqrHagaNgwC<yraUgoEvVVFaK* qIhuR,a@ a|`tlttaq>oyuyqaeo{ Hr|a* q't>Kqa oBw4[arp1lx%a8a$s SSa/| a,p<+v&4[a#o1dpg`>q!u`Z`;qw`cnr*`rqp*`r`iq`r`qw* `n yO [`S`Ypi'B`s`h`s Bx8|`4r2r)`'* $ v P  * y Zcr0nK>q"( |}PN%UGa4qV0>>G4[-  ?m +?>&*%74;:&,>/d9$ r |bWH~%HimPbwdxZrh4C| Tt^WRMQBFrq[4Q? T"L P&: ||*$ A>n&rg4|^ B:SV,'J|i &U Eqqh ,o HU* ^v P>lFg B>BgFT* ,6 YP@aR>D}Bc%MD|fg; + 7/ 0 FFFWd| |=_HmPg"P F >| q ;  >`)n$
Pawojxv4ah qbq`BatZaxKqnbq@aD 1oV&qXaNrp\&LvMaXaM.2wG K>ao!KtPagp By?aa.6x(aqamvCqPaZoEy Pa>pvXa| a%Utpao Eta* ph y4aa:Iv BaqaWHr^Qtqa Ao Ix*aa^t3ara ^p:p| ao Cp>agprBaapa4[a/su>a4[p; qaravP_a>apy| a 1oqNFFa[4pVxMaRgq^86yYKIaFcoS,qRZa}>pwwgras>aaqxaigaup{ev * a0v 11xZaoDpa4[aHQq,wq;a7lv#'q a,o?Ir5a puB` P`kulp|`ivtrg`gpqvs`|`iwGr P`S uTra|`anwy`/| F v $ Y( ,FF $-*  "IGgu!ghao*W4[qgF< wIZr| .5(-A 64[:FW/eg*  9| 0. >c/s.r| o|~frzFFo:OQEgHUJO*SBl@\:O>r I?vGg!I~ZdrSTvWHs| -MFFkgrrir4[*tr OPJBq><V>"r:k 0 \ Y:D<O| [$ WnA}.hKj>n|gF| g |+P7$%>4%n /* h-Hh r[p ,!|~| 1.73 l J `9nwy>`DZqRyg`* ` vk``;tjq4[`n-p5a%p% y a64[a;mwsa co>sap Grp; ag4a}yfatayvvd@yAaEo^p^aQPaD0u@a\qa_$qsgagsR_va| axa?au'JwgaFTo'q|asdr>aFFa
956 .9 56 1.65 186 88 1 .8515 183 86 2 .882 2.10 211 17 8 2.38 234 22 4 .2 47 2. 65 234 .2 34 2. 26 293 221 .2 64 2. 50 466 .4 96 2. 46 245 18 2 .2 795 275 26 4 .0 78 1.75 190 75 9 1. 22 158 47 8 .401 1. 40 164 .4 02 1.
483 .491 1. 94 175 .478 1. 82 139 529 .172 1.77 058 6 66 43 .486 0. 20 0759 56185 0. 69 038 3 7333 .7 43 0.84 038 3 .7 43 0.55 0264 62 04 .6 70 0. 67 6029 .684 124 26 2 .136 1.69 151 .2 13 1. 69 166 484 .6 445 153 66 8 .658 1. 58 175 67 5
65 166 .216 1.92 113 381 .3 47 1. 60 29 1 .1 01 1. 96 199 19 1 .0645 152 094 .130 1. 42 182 18 0 1.01 170 157 .1 19 .9 05 0.42 8711 .8 05 0.67 0204 7022 .6 71 058 0 6506 .7 99 0.75 027 8 63 375 0. 69 0367 6191 .633 0. 42 0533 .6 24 0. 13
72 277 .3 90 2. 72 278 42 0 .574 2. 63 57 1 .4 43 2. 45 244 048 .8 855 122 865 .8 79 1.27 122 772 1.48 174 461 .4 47 1. 54 173 .4 89 1. 98 169 469 .4 89 1.09 952 .9 42 1.84 296 93 8 .9 725 172 79 6 .9 27 1.63 180 67 7 1. 79
.814 0.95 0189 .8 22 0.69 051 4 .099 1.05 143 .0 49 1.64 177 34 4 8693 .984 02 8 97 39 1.35 123 16 8 .4 425 108 844 .568 1. 57 171 570 1. 75 137 52 3 .502 1. 61 102 .225 1. 51 141 .142 3.44 227 927 .6105 202 60 0 .6 58 2. 52 226 272 2.90 222 13
190 20 9 1. 57 104 193 .105 .9 59 0.94 85 46 .8 19 0.76 0392 82 52 .503 0764 67 66 .7 09 0.63 0164 65 395 0. 30 0539 64 43 .676 0.29 017 5 .825 0.52 0949 4672 .4 97 0. 01 4559 .484 0. 32 024 9 5578 .5 77 083 4 17 43 .117 .0 23 0.41 5 044055 .0
69 1.69 179 736 1. 09 101 50 2 .582 1. 50 143 .5 38 1. 33 143 540 .5 77 1. 29 911 .8 92 1.71 202 79 5 .8115 125 62 7 .6 81 1. 45 174 46 8 1. 64 169 120 .008 1.86 158 .107 1.38 128 122 .243 1.09 27 2 .2 71 1. 82 166 26 1 .1 745 161
