High_resolution/powerplant/Chizhou/OMI_NO2_200806.asc
ncols      200
nrows      200
xllcorner       115.585
yllcorner       28.7700
cellsize     0.0166667
NODATA_Value      -999.000
[rows 29 to 57 of 175, columns 0 to 66 of 200]
5.67781 5.67914 5.67914 5.67914 5.67914 5.67914 5.67914 5.67570 5.24243 5.20072 5.20072 5.20942 5.11052 5.09866 5.14819 5.26833 5.42982 5.11203 4.96988 4.96988 4.96988 4.96988 4.96988 4.96988 0.00000 0.00000 0.00000 2.27238 2.27238 2.26403 1.34117 1.33422 1.30676 1.23652 1.16834 1.15950 1.15950 1.15950 1.15950 1.15950 1.15950 1.15950 1.27606 1.56045 1.56045 1.56045 1.57198 1.61422 1.61422 1.61422 1.61422 1.61422 1.61715 1.62011 1.59006 1.54826 1.55838 1.83574 1.35027 1.31404 1.31404 1.31404 1.31404 1.31404 1.31404 1.31404 1.31404
5.67914 5.67914 5.67914 5.67914 5.67914 5.67914 5.66439 5.62128 5.40811 5.36852 5.41810 5.45302 5.33193 5.15627 5.10537 5.09338 5.25560 5.16718 4.96988 4.96988 4.96988 4.96988 4.96988 4.96988 0.00000 0.00000 0.00000 2.27238 2.27238 0.00000 0.726305 0.997935 1.15950 1.15950 1.15950 1.15950 1.15950 1.15950 1.15883 1.13874 1.11008 1.08132 1.06031 1.44961 1.45091 1.43156 1.41246 1.47610 1.47452 1.46004 1.43217 1.38657 1.37447 1.47933 1.46756 1.46756 1.47249 1.82133 1.53840 1.31404 1.31404 1.31404 1.31404 1.31404 1.31404 1.31404 1.31404
5.63239 5.60465 5.55330 5.50201 5.45062 5.39944 5.36267 5.35098 5.30537 5.25314 5.19460 5.14221 5.10859 4.91603 4.90704 4.90252 5.23834 5.23817 4.97452 4.96988 4.97005 4.97640 4.98590 4.99538 0.00000 0.00000 0.00000 0.00000 0.00000 0.00000 0.726305 0.791473 0.820818 0.792317 0.763401 0.734745 0.705777 0.677328 0.649087 0.640366 0.640366 0.640366 0.640366 1.07556 1.21436 1.21436 1.21436 1.27412 1.28857 1.25721 1.24444 1.25426 1.27410 1.51129 1.52750 1.54061 1.55425 1.76969 1.68162 1.31404 1.31404 1.31404 1.31404 1.31404 1.31404 1.31404 1.31404
5.26025 5.23666 5.23664 5.23478 5.19743 5.14647 5.09558 5.04828 5.03889 5.04734 5.04753 5.04753 5.04753 4.88731 4.84173 4.84173 5.14594 5.26332 5.08279 5.00044 5.00976 5.01289 5.01289 5.01289 0.00000 0.00000 0.00000 0.00000 0.00000 0.00000 1.30111 1.41045 1.02253 1.03772 1.05753 1.07726 1.09736 1.11746 1.13713 1.15694 1.17711 1.19706 1.21687 1.42701 1.62535 1.63860 1.65181 1.64791 1.58738 1.59733 1.60209 1.60209 1.60209 1.87531 1.95131 1.95131 1.95131 1.88995 1.72961 1.31404 1.31404 1.31404 1.31404 1.31404 1.31404 1.31404 1.31404
5.20282 5.15191 5.10097 5.05193 5.03838 5.03838 5.03838 5.03838 5.03838 5.04527 5.04753 5.04671 5.01657 4.91279 4.85479 4.85954 5.07710 5.28427 5.19376 5.01289 5.01289 5.01289 5.01289 5.01289 0.00000 0.00000 0.00000 0.00000 0.00000 0.00000 2.17755 2.17755 1.45933 1.36599 1.36599 1.36599 1.36599 1.36599 1.36599 1.36599 1.36599 1.36599 1.36599 1.43038 1.69810 1.69810 1.69810 1.69810 1.61608 1.60209 1.60114 1.57970 1.54802 1.71075 1.85533 1.82175 1.78334 1.64585 1.31404 1.31404 1.31404 1.31404 1.31404 1.31404 1.31404 1.31404 1.31404
5.03838 5.03838 5.03838 5.03838 5.03838 5.03838 5.03838 5.03086 4.99023 4.94989 4.91025 4.86653 4.85209 4.85400 4.86324 4.86324 4.99402 5.28427 5.26371 5.01496 5.01289 5.01289 5.01289 5.01289 0.00000 0.00000 0.00000 0.00000 0.00000 0.00000 2.17755 2.17755 1.58649 1.36599 1.36599 1.36599 1.36599 1.36599 1.36599 1.36599 1.36599 1.36599 1.36599 1.36599 1.65395 1.64877 1.60793 1.56215 1.47715 1.40842 1.36257 1.34867 1.34867 1.46872 1.74579 1.74579 1.74579 1.70100 1.31404 1.31404 1.31404 1.31404 1.31404 1.31404 1.31404 1.31404 1.31404
5.03838 5.03838 5.03838 5.01753 4.97297 4.92845 4.88391 4.84685 4.84294 4.84454 4.85209 4.85209 4.85209 4.85209 4.86178 4.86324 4.91965 5.28427 5.28427 5.09605 5.08084 5.17229 5.26363 5.35493 0.00000 0.00000 0.00000 0.00000 0.00000 0.00000 0.00000 2.17755 1.75523 1.36599 1.36599 1.36599 1.36599 1.36599 1.36599 1.36599 1.36599 1.36599 1.36599 1.36599 1.36599 1.36599 1.36599 1.36599 1.36258 1.34869 1.34867 1.34867 1.34867 1.39847 1.74579 1.74579 1.74579 1.74167 1.34073 1.31404 1.31404 1.31404 1.31404 1.31404 0.00000 0.00000 0.00000
4.95579 4.91123 4.86667 4.84296 4.84294 4.84294 4.84294 4.84294 4.84294 4.84296 4.85101 4.85209 4.85209 4.85209 4.86509 4.91094 4.96059 5.44214 5.55053 5.59945 5.49723 5.49723 5.49723 5.49723 0.00000 0.00000 0.00000 0.00000 0.00000 0.00000 0.00000 2.17755 1.98993 1.36599 1.36599 1.36599 1.36599 1.36599 1.36599 1.36599 1.36599 1.36599 1.36599 1.36599 1.36599 1.36599 1.36599 1.36599 1.36599 1.35114 1.34867 1.34867 1.34867 1.35157 1.71645 1.74579 1.75255 1.81185 1.58616 1.31404 1.31404 0.00000 0.00000 0.00000 0.00000 0.00000 0.00000
4.84294 4.84294 4.84294 4.84294 4.84294 4.84294 4.84294 4.84294 4.84294 4.81827 4.84207 4.95922 5.00492 5.05062 5.10370 5.16006 5.20534 5.63920 5.84119 5.80961 5.49774 5.49723 5.49723 5.49723 0.00000 0.00000 0.00000 0.00000 0.00000 0.00000 0.00000 2.17755 2.17609 1.40476 1.36599 1.36599 1.36599 1.36599 1.36599 1.36599 1.36599 1.36599 1.36599 1.36599 1.36696 1.38445 1.40870 1.43441 1.46181 1.45351 1.44427 1.46283 1.48287 1.51754 1.79509 1.98976 2.14666 2.17755 2.17755 0.00000 0.00000 0.00000 0.00000 0.00000 0.00000 0.00000 0.00000
4.84294 4.84294 4.84288 4.84178 4.80635 4.72863 4.65086 4.57296 4.49509 4.44201 4.64293 5.13096 5.17475 5.21848 5.25111 5.26167 5.26101 5.54170 5.84225 5.84225 5.58564 5.49723 5.49723 5.50496 0.00000 0.00000 0.00000 0.00000 0.00000 0.00000 0.00000 2.17755 2.17755 1.67560 1.59123 1.62934 1.67028 1.71430 1.76211 1.81442 1.87083 1.93346 2.00132 2.07691 2.15577 2.17755 2.17755 2.17755 2.17755 2.08078 1.84182 1.94688 2.10184 2.17755 2.17755 2.17755 2.17755 2.17755 2.17755 0.00000 0.00000 0.00000 0.00000 0.00000 0.00000 0.00000 0.00000
4.68229 4.60436 4.52660 4.44991 4.40743 4.40731 4.41294 4.45250 4.49775 4.54304 4.60879 5.20895 5.22716 5.22716 5.22716 5.23425 5.23831 5.41368 5.84225 5.90174 6.00940 6.22263 6.71796 7.39302 0.00000 0.00000 0.00000 0.00000 0.00000 0.00000 0.00000 0.00000 2.07700 2.05556 2.04283 2.03024 2.01761 2.00460 1.99197 1.97938 1.96669 1.95392 1.94110 1.92847 1.91578 1.90319 1.89033 1.87755 1.86492 1.85233 1.83964 1.82664 1.81405 1.80141 1.78873 1.77600 1.76949 1.78199 1.76310 0.00000 0.00000 0.00000 0.00000 0.00000 0.00000 0.00000 0.00000
4.40731 4.40731 4.41082 4.44778 4.49307 4.53828 4.57795 4.58363 4.58363 4.58363 4.58363 5.05232 5.22716 5.22716 5.22791 5.26756 5.45043 5.68675 6.81795 7.07720 7.13697 7.63847 7.63847 7.63847 0.00000 0.00000 0.00000 0.00000 0.00000 0.00000 0.00000 0.00000 1.72135 1.72135 1.72135 1.72135 1.72135 1.72135 1.72135 1.72135 1.72135 1.72135 1.72135 1.72135 1.72135 1.72135 1.72135 1.72135 1.72135 1.72135 1.72135 1.72135 1.72994 1.75960 1.78124 1.79677 1.80630 1.80700 1.78577 1.72135 0.00000 0.00000 0.00000 0.00000 0.00000 0.00000 0.00000
4.48831 4.53356 4.57531 4.58363 4.58363 4.58363 4.58363 4.58363 4.58363 4.58363 4.58760 4.88657 5.26288 5.27915 5.29466 5.32062 5.84537 5.87007 6.97727 7.08539 7.08544 7.49352 7.63847 7.63847 0.00000 0.00000 0.00000 0.00000 0.00000 0.00000 0.00000 0.00000 1.72135 1.72135 1.72135 1.72135 1.72135 1.72135 1.72135 1.72135 1.72135 1.72135 1.72135 1.72135 1.72135 1.72135 1.72135 1.72135 1.73019 1.75986 1.78128 1.79682 1.80634 1.80700 1.80700 1.80700 1.80700 1.80700 1.80261 1.72705 0.00000 0.00000 0.00000 0.964618 0.964618 0.964618 0.964618
4.58363 4.58363 4.58363 4.58363 4.58363 4.58369 4.59319 4.60946 4.62573 4.64199 4.65431 4.75308 5.29860 5.29860 5.29860 5.29860 5.67083 5.86576 6.66460 7.08539 7.08539 7.28378 7.63463 7.46419 0.00000 0.00000 0.00000 0.00000 0.00000 0.00000 0.00000 0.00000 1.72135 1.72135 1.72135 1.72135 1.72135 1.72135 1.72135 1.72135 1.72135 1.72135 1.72135 1.72135 1.73039 1.75986 1.78142 1.79695 1.80638 1.80700 1.80700 1.80700 1.80700 1.80700 1.80700 1.80700 1.80700 1.80700 1.80323 1.61228 0.964618 0.964618 0.964618 0.964618 0.964618 0.964618 0.964618
4.58363 4.58550 4.59957 4.61583 4.63210 4.64830 4.65506 4.65506 4.65506 4.65506 4.65506 4.65513 5.21140 5.29860 5.29860 5.29860 5.49403 5.85620 6.29396 6.83033 6.70095 6.59544 6.35565 6.26721 0.00000 0.00000 0.00000 0.00000 0.00000 0.00000 0.00000 0.00000 1.72135 1.72135 1.72135 1.72135 1.72135 1.72135 1.72135 1.72135 1.73045 1.76012 1.78160 1.79709 1.80641 1.80700 1.80700 1.80700 1.80700 1.80700 1.80700 1.80700 1.80700 1.80700 1.76696 1.69282 1.63130 1.57925 1.53650 1.41432 0.964618 0.964618 0.964618 0.964618 0.964618 0.964618 0.964618
4.63848 4.65287 4.65506 4.65506 4.65506 4.65506 4.65506 4.65506 4.65506 4.65506 4.65506 4.65506 5.00579 5.21653 5.15184 5.08711 5.06262 5.42973 5.69723 6.49657 6.53666 6.55563 6.32865 6.26721 0.00000 0.00000 0.00000 0.00000 0.00000 0.00000 0.00000 0.00000 0.00000 1.72135 1.72135 1.72135 1.72223 1.76037 1.78178 1.79715 1.80641 1.80700 1.80700 1.80700 1.80700 1.80700 1.80700 1.80700 1.80700 1.88392 2.24355 1.71733 1.59510 1.54841 1.52623 1.52621 1.52621 1.52621 1.52621 1.49393 0.965267 0.964618 0.964618 0.964618 0.964618 0.964618 0.964618
4.65506 4.65506 4.65506 4.65506 4.65506 4.65506 4.65506 4.61643 4.52293 4.42909 4.33511 4.23664 4.38608 4.93763 4.94738 4.95723 4.96737 5.31198 5.50642 6.55608 6.55608 6.55608 6.44329 6.26721 0.00000 0.00000 0.00000 0.00000 0.00000 0.00000 0.00000 0.00000 1.60084 1.68646 1.67964 1.66832 1.66742 1.80109 1.80700 1.80700 1.80700 1.80700 1.80700 1.80700 1.81025 2.06814 2.42405 2.71878 2.96705 3.14440 3.16111 2.01612 1.52621 1.52621 1.52621 1.52621 1.52621 1.52621 1.52621 1.52503 1.12381 0.964618 0.964618 0.964618 0.964618 0.964618 0.964618
4.46782 4.45750 4.39563 4.29154 4.18760 4.08360 3.97962 3.91439 3.90374 3.89883 3.90786 3.92241 3.97087 4.71213 4.74056 4.74056 4.74056 4.90182 5.12295 6.39097 6.55608 6.55608 6.51685 6.26721 0.00000 0.00000 0.00000 0.00000 1.60084 1.60084 1.60084 1.60084 1.60084 1.63906 1.65697 1.64871 1.64036 1.73073 1.76968 1.76144 1.84808 2.21086 2.53006 2.79743 3.02264 3.09760 3.09199 3.08646 3.08100 3.07549 3.06994 2.41254 1.42394 1.41847 1.41294 1.40738 1.40183 1.39632 1.39085 1.40951 1.35459 0.964618 0.964618 0.964618 0.964618 0.964618 0.964618
4.01397 3.92018 3.87822 3.87822 3.87822 3.88187 3.90036 3.92042 3.94047 3.95552 3.95638 3.95638 3.95638 4.51475 4.74056 4.74056 4.74056 4.80355 5.12170 6.02283 6.55608 6.55608 6.55473 6.31627 1.60084 1.60084 1.60084 1.60084 1.60084 1.60084 1.60084 1.60084 1.60084 1.50398 1.36393 1.37247 1.68098 2.11381 2.50643 2.77023 2.95015 2.96300 2.96300 2.96300 2.96300 2.96300 2.96300 2.96300 2.96300 2.96300 2.96300 2.79634 1.33593 1.32809 1.32809 1.35333 1.42553 1.49812 1.57141 1.62007 1.65641 0.964618 0.964618 0.964618 0.964618 0.964618 0.964618
3.87822 3.88073 3.89830 3.91834 3.93840 3.95481 3.95638 3.95638 3.95638 3.95638 3.95638 3.95638 3.95638 4.31907 4.86243 4.95541 5.04855 5.13366 5.12600 5.71275 6.55608 6.55608 6.55608 6.43407 1.60084 1.60084 1.60084 1.60084 1.60084 1.60084 1.60084 1.67859 1.94202 2.85746 2.54714 2.79071 2.86573 2.87129 2.96041 2.96300 2.96300 2.96300 2.96300 2.96300 2.96300 2.96300 2.96300 2.96300 2.96300 2.96300 2.96300 2.98947 1.76078 1.49958 1.57258 1.62019 1.62124 1.62124 1.62124 1.62124 1.69407 1.17904 0.964618 0.964618 0.964618 0.964618 1.13221
3.93634 3.95388 3.95638 3.95638 3.95638 3.95638 3.95638 3.95638 3.95838 4.02223 4.11525 4.20827 4.30137 4.47015 5.14972 5.14980 5.14980 5.14980 5.13559 5.44993 6.55608 6.55608 6.55608 6.51068 1.60084 1.60084 1.60133 1.78397 2.02707 2.20022 2.32990 2.41034 2.41563 3.31142 2.95660 2.86573 2.86573 2.86573 2.93451 2.96300 2.96300 2.96300 2.96300 2.96300 2.96300 2.96300 2.96300 2.99032 3.06267 3.13584 3.20851 3.25533 2.44906 1.62124 1.62124 1.62124 1.62124 1.62124 1.62124 1.62124 1.65425 1.55947 1.58913 2.30908 3.02903 3.74830 4.30065
3.95638 3.95638 3.95638 3.95638 3.97336 4.05922 4.15228 4.24526 4.33634 4.36562 4.36562 4.36562 4.36562 4.36562 5.02987 5.14980 5.14980 5.14980 5.14367 5.22390 6.55856 6.58064 6.60693 6.62559 2.10159 2.25539 2.37216 2.40931 2.37503 2.34127 2.31118 2.28418 2.36969 2.90990 3.09783 2.86573 2.86573 2.86573 2.90313 2.96300 2.96300 2.96300 2.96300 2.99138 3.06414 3.13672 3.20998 3.25554 3.25615 3.25615 3.25615 3.25615 2.94192 1.62124 1.62124 1.62124 1.62158 1.75377 1.99375 2.23362 2.48243 3.53415 4.33673 4.33673 4.33673 4.33673 4.33673
4.00307 4.09622 4.18928 4.28230 4.35834 4.36562 4.36562 4.36562 4.36562 4.36562 4.36562 4.36562 4.36562 4.36562 4.80382 5.15343 5.16614 5.17928 5.19219 5.19579 6.32690 6.27810 6.01866 5.76509 2.26825 2.24541 2.22467 2.20859 2.20681 2.20681 2.20681 2.20681 2.29748 2.52285 3.25097 2.86573 2.86573 2.86573 2.87321 2.99116 3.06510 3.13816 3.21121 3.25562 3.25615 3.25615 3.25615 3.25615 3.25615 3.25615 3.25615 3.25615 3.17914 1.99983 2.15786 2.39795 2.63760 2.74528 2.74528 2.74528 2.74528 3.32584 4.20360 4.33673 4.33673 4.33673 4.33673
4.26807 4.36562 4.36562 4.36562 4.36562 4.36562 4.36562 4.36562 4.36562 4.36562 4.35357 4.32424 4.29475 4.26526 4.50022 5.21915 5.15348 5.02376 4.89409 4.67253 5.22877 5.68417 5.68417 5.68417 2.20681 2.20681 2.20681 2.20681 2.20681 2.20681 2.20681 2.20681 2.24991 2.41563 3.18151 2.90061 3.02313 3.17467 3.36236 3.30132 3.25615 3.25615 3.25615 3.25615 3.25615 3.25615 3.25615 3.24837 3.04295 2.75139 2.45996 2.16853 1.94953 2.41320 2.74528 2.74528 2.74528 2.74528 2.74528 2.74528 2.74528 3.14229 3.88874 4.33673 4.33673 4.33673 4.33673
4.05106 4.36206 4.36174 4.36142 4.36107 4.34469 4.31489 4.28509 4.25530 4.22550 4.20777 4.20731 4.15323 4.02364 3.92171 4.72379 4.70545 4.70513 4.70481 4.65329 4.97846 5.68417 5.68417 5.68417 2.20681 2.20681 2.20681 2.20681 2.20681 2.20681 2.20681 2.21918 2.28365 2.72034 3.90348 3.50674 3.49817 3.49817 3.49817 3.37206 3.25615 3.25615 3.25615 3.17238 2.88950 2.59892 2.30807 2.02487 1.93943 1.94000 1.94059 1.94117 1.94174 2.17499 2.75130 2.75189 2.75247 2.75305 2.75362 2.75420 2.75478 2.99533 3.60237 4.33673 4.33673 4.33673 4.33673
3.79517 4.30661 4.27711 4.24768 4.21822 4.20481 4.20481 4.20481 4.16218 4.03483 3.90511 3.77544 3.69959 3.69908 3.69908 4.39765 4.70457 4.70457 4.70457 4.69573 4.77368 5.68417 5.68417 5.68417 2.20681 2.20681 2.20681 2.21554 2.26829 2.33783 2.42347 2.50402 2.50980 2.96235 3.64421 3.74081 3.52266 3.52352 3.50658 3.16145 2.75469 2.46374 2.17276 1.96568 1.95756 1.95756 1.95756 1.95756 1.95756 1.95756 1.95756 1.95756 1.95756 1.98287 2.72987 2.76598 2.76598 2.76583 2.70057 2.58028 2.45970 2.41825 2.84906 4.16814 4.33673 4.33673 4.33673
3.37233 4.12084 4.20481 4.20481 4.17204 4.04783 3.91806 3.78844 3.70136 3.69908 3.69908 3.69908 3.69908 3.69908 3.69908 4.10810 4.66239 4.56116 4.45953 4.35795 4.50637 5.68227 5.68417 5.68417 2.26152 2.32955 2.41332 2.49933 2.50980 2.50980 2.50980 2.50980 2.50980 2.76102 3.20248 3.24498 2.51878 2.08163 1.66210 1.55029 1.89336 1.95756 1.95756 1.95756 1.95756 1.95756 1.95756 1.95756 1.95756 1.95756 1.95756 1.95756 1.95756 1.95737 2.44412 2.57888 2.45849 2.33806 2.28365 2.28365 2.28365 2.29125 2.80690 3.55264 4.33673 4.33673 4.33673
3.16018 3.78976 3.93106 3.80144 3.70444 3.69908 3.69908 3.69908 3.69908 3.69908 3.69908 3.69439 3.61736 3.51577 3.41414 3.43329 4.25759 4.25824 4.25824 4.25824 4.35813 5.48184 5.68417 5.68417 2.50980 2.50980 2.50980 2.50980 2.50980 2.50908 2.47882 2.43312 2.38734 2.42514 2.83053 1.98980 1.55029 1.55029 1.55029 1.55029 1.77921 1.95756 1.95756 1.95756 1.95756 1.95756 1.95756 1.95756 1.95756 1.95727 1.88883 1.76825 1.64878 1.52849 1.78574 2.28365 2.28365 2.28365 2.28365 2.28365 2.28365 2.28365 2.67559 3.13043 4.30847 4.04202 3.72264
2.67520 3.33712 3.69908 3.69908 3.69908 3.69908 3.69908 3.67435 3.57741 3.47582 3.37424 3.27729 3.25275 3.25275 3.25275 3.25275 4.08821 4.25824 4.25824 4.25824 4.28688 5.19490 5.68417 5.67871 2.50980 2.50228 2.46072 2.41496 2.36924 2.32423 2.30875 2.32534 2.36392 2.42215 2.82749 2.35416 1.55029 1.55029 1.55029 1.55029 1.63113 1.95743 1.95756 1.95756 1.95756 1.95713 1.88763 1.76704 1.64646 1.52733 1.47524 1.47524 1.47524 1.47524 1.54840 2.27742 2.28365 2.28365 2.28365 2.28310 2.21960 2.11309 2.20720 2.27820 2.84562 2.84150 2.84150
