High_resolution/powerplant/Chizhou/OMI_NO2_200706.asc
ncols      200
nrows      200
xllcorner       115.585
yllcorner       28.7700
cellsize     0.0166667
NODATA_Value      -999.000
[rows 116 to 144 of 175, columns 66 to 131 of 200]
2.85338 2.85338 2.85338 2.85338 2.85338 2.85338 2.73789 1.73040 1.47820 1.47820 1.47820 1.47820 1.47820 1.47820 1.47820 1.47820 1.47820 1.47820 1.47820 1.47820 1.47820 1.34018 0.673785 0.511476 0.00000 0.00000 0.00000 0.00000 0.00000 0.00000 0.00000 0.00000 0.00000 0.00000 0.00000 0.00000 0.00000 0.00000 0.00000 2.18694 2.46145 3.46192 3.33614 3.22594 3.13498 3.06621 3.05596 3.05596 3.05596 3.05596 3.05596 3.05596 3.05596 2.99315 3.15168 3.15168 2.68174 2.53286 2.42367 2.29793 2.15100 1.97833 1.88999 1.88999 1.88926 1.88688
2.85338 2.85338 2.85338 2.85338 2.85338 2.85338 2.83505 2.03948 1.47820 1.47820 1.47820 1.47820 1.47796 1.44813 1.40185 1.35977 1.32157 1.28668 1.25468 1.22516 1.19792 1.15145 0.608278 0.554106 0.00000 0.00000 0.00000 0.00000 0.00000 0.00000 0.00000 0.00000 0.00000 0.00000 0.00000 0.00000 0.00000 0.00000 2.18694 2.18694 2.18694 2.92427 3.05596 3.05596 3.05596 3.05596 3.05596 3.05596 3.05596 3.05596 3.05596 3.05596 3.05596 2.93405 2.92137 2.82353 2.24210 1.88995 1.88827 1.88586 1.88344 1.88099 1.87855 1.87612 1.87442 1.87436
2.85338 2.85338 2.85338 2.85187 2.80281 2.73138 2.66014 2.09343 1.27947 1.24545 1.21670 1.19004 1.16551 1.15596 1.15596 1.15570 1.12333 1.06526 1.00107 0.929805 0.849922 0.760030 0.607839 0.577838 0.00000 0.00000 0.00000 0.00000 0.00000 0.00000 0.00000 0.00000 0.00000 0.00000 0.00000 0.00000 0.00000 0.00000 2.18694 2.18694 2.18694 2.74167 3.05596 3.05596 3.05596 3.05596 3.05596 3.05596 3.05596 3.05596 3.05596 3.04899 2.99753 2.86609 2.51470 2.45549 2.22027 1.87514 1.87436 1.87436 1.87436 1.87436 1.87436 1.87436 1.87436 1.87436
2.45634 2.38484 2.31347 2.24368 2.22124 2.22124 2.22124 1.93899 1.19107 1.11452 1.05558 0.990286 0.917722 0.836418 0.744761 0.641199 0.595827 0.595827 0.595827 0.595827 0.595827 0.593686 0.585614 0.565016 0.00000 0.00000 0.00000 0.00000 0.00000 0.00000 0.00000 0.00000 0.00000 0.00000 0.00000 0.00000 0.00000 0.00000 2.18694 2.18694 2.18694 2.47746 3.05596 3.05596 3.05596 3.03972 2.98240 2.92315 2.86391 2.80458 2.74526 2.69302 2.68520 2.68228 2.34836 2.32097 2.28542 1.87742 1.87436 1.87436 1.87436 1.87436 1.87436 1.87436 1.87436 1.87436
2.22124 2.22027 2.17563 2.09891 2.00824 1.89961 1.76710 1.56535 0.647885 0.595827 0.595827 0.595827 0.595827 0.595827 0.595827 0.594525 0.587101 0.577386 0.565391 0.550237 0.530460 0.512299 0.511476 0.511476 0.511476 0.00000 0.00000 0.00000 0.00000 0.00000 0.00000 0.00000 0.00000 0.00000 0.00000 0.00000 0.00000 0.00000 0.00000 2.18144 2.17319 2.17640 2.80813 2.78949 2.73028 2.68720 2.68520 2.68520 2.68520 2.68520 2.68520 2.68520 2.68520 2.68520 2.44190 2.32097 2.32097 1.96013 1.87436 1.87436 1.87436 1.87169 1.85603 1.83867 1.82131 1.80395
1.62574 1.42429 1.34164 1.34164 1.34164 1.34164 1.34164 1.34164 0.748440 0.595160 0.588537 0.579123 0.567560 0.553009 0.534128 0.513822 0.511476 0.511476 0.511476 0.511476 0.511476 0.511476 0.511476 0.511476 0.511476 0.00000 0.00000 0.00000 0.00000 0.00000 0.00000 0.00000 0.00000 2.11299 2.11299 2.11299 2.11299 2.11299 2.11299 2.13857 2.14996 2.14996 2.50591 2.68520 2.68520 2.68520 2.68520 2.68520 2.68520 2.68520 2.68520 2.68520 2.68520 2.68520 2.53842 2.31225 2.29488 2.03499 1.81354 1.79620 1.77884 1.76415 1.76244 1.76244 1.76244 1.76244
1.34164 1.34164 1.34164 1.34164 1.34164 1.34164 1.34164 1.34164 0.961967 0.516071 0.511476 0.511476 0.511476 0.511476 0.511476 0.511476 0.511476 0.511476 0.511476 0.511476 0.511476 0.511476 0.511476 0.511476 0.511476 0.00000 0.00000 2.11299 2.11299 2.11299 2.11299 2.11299 2.11299 2.11299 2.11299 2.11299 2.11980 2.13162 2.14150 2.15589 2.16892 2.15021 2.36262 2.68520 2.68520 2.68520 2.68520 2.68520 2.68553 2.69405 2.70611 2.71816 2.73021 2.74227 2.67909 2.20905 2.20905 2.08476 1.76244 1.76244 1.76244 1.76244 1.76244 1.76244 1.76244 1.76244
1.34164 1.34164 1.34164 1.34164 1.34164 1.34164 1.34164 1.34164 1.16436 0.511476 0.511476 0.511476 0.511476 0.511476 0.511476 0.511476 0.511476 0.511476 0.511476 0.511476 0.511476 0.511476 0.511476 0.511476 0.511476 0.00000 2.25394 2.14998 2.14026 2.14885 2.15623 2.16264 2.16828 2.17324 2.17768 2.18164 2.18346 2.18346 2.18346 2.18352 2.18459 2.15794 2.22064 2.69674 2.70879 2.72085 2.73291 2.74496 2.75669 2.76022 2.76022 2.76022 2.76022 2.76022 2.76022 2.27862 2.20905 2.19119 1.77441 1.76244 1.76244 1.76244 1.76244 1.76244 1.76244 1.76244
1.34164 1.34164 1.34164 1.34164 1.34164 1.34164 1.34164 1.34164 1.32669 0.548917 0.511476 0.511476 0.511476 0.511476 0.511476 0.511476 0.515683 0.633474 0.800967 0.968617 1.13627 1.30423 1.47188 1.63937 1.81806 2.24330 2.25394 2.23884 2.18348 2.18346 2.18346 2.18346 2.18346 2.18346 2.18346 2.18346 2.17381 2.12288 2.07413 2.03183 2.15745 2.21937 2.22321 2.68630 2.76022 2.76022 2.76022 2.76022 2.76022 2.76022 2.76022 2.76022 2.76022 2.76022 2.76022 2.42450 2.20905 2.20905 1.87477 1.76244 1.76244 1.79136 1.85777 1.92426 1.99079 2.05724
1.34164 1.34164 1.34164 1.34164 1.34164 1.34164 1.34164 1.35211 1.45231 1.03852 1.01754 1.18519 1.35299 1.52080 1.68829 1.85610 2.01939 2.06956 2.06956 2.06956 2.06956 2.06956 2.06956 2.06956 2.06956 2.20231 2.25394 2.25394 2.18917 2.18346 2.17275 2.12108 2.07271 2.03047 1.99364 1.96098 1.93634 1.93365 1.93365 1.93365 2.07140 2.23199 2.22498 2.54308 2.76022 2.76022 2.76022 2.76022 2.76022 2.76022 2.76022 2.76022 2.76022 2.76022 2.75812 2.52214 2.09746 2.03387 1.98456 2.08659 2.15321 2.19074 2.19087 2.19087 2.19087 2.19087
1.54775 1.66784 1.78836 1.90866 2.02885 2.14937 2.26956 2.37939 2.39971 2.23765 2.06956 2.06956 2.06956 2.06956 2.06956 2.06956 2.06956 2.06956 2.06956 2.06956 2.06956 2.06956 2.06956 2.06956 2.06956 2.10433 2.04025 1.97401 1.97019 1.95995 1.93592 1.93365 1.93365 1.93365 1.93365 1.93365 1.93365 1.93365 1.93365 1.93365 1.99080 2.23380 2.22498 2.39975 2.76022 2.76022 2.76022 2.76022 2.75221 2.69647 2.63296 2.56949 2.50602 2.44243 2.38102 2.31651 1.81517 1.81236 1.89562 2.19087 2.19087 2.19087 2.19087 2.19087 2.19087 2.19087
2.39971 2.39971 2.39971 2.39971 2.39971 2.39971 2.39971 2.39971 2.39971 2.31747 2.06956 2.06956 2.06956 2.06956 2.06956 2.06956 2.06956 2.06956 2.06956 2.06956 2.06956 2.06956 2.06956 2.06956 2.06956 2.01597 1.84398 1.84398 1.88021 1.93365 1.93365 1.93365 1.93365 1.93365 1.93365 1.93365 1.93365 1.93365 1.93365 1.93365 1.93539 2.20947 2.26835 2.48172 2.62740 2.55390 2.49031 2.42684 2.37138 2.36352 2.36352 2.36352 2.36352 2.36352 2.36352 2.36352 1.91399 1.81236 1.81793 2.16884 2.19087 2.19087 2.19087 2.19087 2.19298 2.24910
2.39971 2.39971 2.39971 2.39971 2.39971 2.39971 2.39971 2.39971 2.39971 2.38848 2.07837 2.06956 2.06956 2.06956 2.06956 2.06956 2.06956 2.06956 2.06956 2.06956 2.06956 2.06956 2.06956 2.06956 2.06956 2.07396 1.86335 1.84398 1.85155 1.93269 1.93365 1.93365 1.93365 1.93365 1.93365 1.93365 1.96577 2.08428 2.20756 2.33068 2.45411 2.77412 3.17204 3.34025 2.56613 2.36352 2.36352 2.36352 2.36352 2.36352 2.36352 2.36352 2.36352 2.36352 2.36352 2.36352 2.05977 1.81236 1.82276 2.15914 2.38533 2.50411 2.64991 2.83381 3.06473 3.14709
2.39971 2.39971 2.39971 2.39971 2.39971 2.39971 2.39971 2.39971 2.39971 2.39971 2.14690 2.06956 2.06956 2.06956 2.06956 2.06956 2.06956 2.06956 2.06956 2.06956 2.06956 2.06956 2.06956 2.06956 2.06956 2.06956 1.91018 1.84398 1.84398 1.91893 1.96852 2.08860 2.21135 2.33514 2.45782 2.58147 2.67233 2.67716 2.67716 2.67716 2.66825 2.76374 3.05808 3.34025 2.82626 2.36352 2.36352 2.36352 2.36352 2.36352 2.36352 2.36352 2.29621 2.15269 2.00892 1.86533 1.79462 2.25904 2.38078 2.71524 3.14709 3.14709 3.14709 3.14709 3.14709 3.14709
2.39971 2.39971 2.39971 2.39971 2.39971 2.39971 2.39971 2.39971 2.39971 2.39971 2.22674 2.06956 2.06956 2.06956 2.06956 2.06956 2.06956 2.06956 2.06956 2.06956 2.06956 2.06956 2.06956 2.06956 2.06956 2.06956 1.97191 1.84398 1.84398 2.29593 2.66732 2.65038 2.62939 2.60835 2.58737 2.56629 2.54532 2.52426 2.50328 2.48224 2.47015 2.50605 2.84442 3.34025 3.08640 2.36038 2.26161 2.11792 1.97441 1.83073 1.68713 1.54353 1.46716 1.46716 1.46716 1.46716 1.48821 2.34821 2.39006 2.51580 3.14709 3.14709 3.14709 3.14709 3.14709 3.14709
2.39971 2.39971 2.39971 2.39971 2.39971 2.39971 2.39971 2.39971 2.39971 2.39971 2.30655 2.06956 2.06956 2.06956 2.06956 2.06956 2.06956 2.06956 2.06956 2.06956 2.06857 2.04724 2.01777 1.98833 1.95891 1.92950 1.85637 1.61962 1.58785 1.84830 2.47062 2.47009 2.47009 2.47009 2.47009 2.47009 2.47009 2.47009 2.47009 2.46631 2.42004 2.36230 2.46954 2.73849 2.59986 1.54756 1.46716 1.46716 1.46716 1.46716 1.46716 1.46716 1.46716 1.46716 1.46716 1.46716 1.46716 2.09164 2.39006 2.39173 3.07160 3.14709 3.14709 3.14709 3.14709 3.14709
2.39971 2.39971 2.39971 2.39971 2.39971 2.39971 2.39971 2.39971 2.39971 2.39971 2.38191 2.06969 2.03899 2.00955 1.98011 1.95069 1.92125 1.89186 1.86236 1.83295 1.80449 1.79643 1.79643 1.79643 1.79643 1.79643 1.78672 1.54390 1.53337 1.55899 2.43614 2.47009 2.45101 2.39172 2.29528 2.19530 2.10082 2.01231 1.92820 1.85214 1.93187 2.12081 2.15181 2.34188 2.44389 1.73339 1.46716 1.46716 1.46716 1.46716 1.46716 1.46716 1.55197 1.79686 2.00912 2.18986 2.34591 2.83407 2.70333 2.67111 3.02577 3.14709 3.14709 3.14709 3.14709 0.00000
2.39971 2.39971 2.39705 2.36819 2.33273 2.29734 2.26188 2.22645 2.19106 2.15560 2.12014 1.85793 1.79643 1.79643 1.79643 1.79643 1.79643 1.79643 1.79643 1.79643 1.79643 1.79643 1.79643 1.79643 1.68572 1.53446 1.47618 1.35649 1.27811 1.19350 1.75243 1.88210 1.81855 1.77800 1.76988 1.76988 1.76988 1.76988 1.76988 1.76988 1.82959 2.12081 2.13784 2.27582 2.44389 1.99389 1.46716 1.58805 1.83261 2.03935 2.21583 2.37099 2.51101 2.57500 2.63576 2.69648 2.75721 3.00384 3.79602 3.52652 3.52652 0.00000 0.00000 0.00000 0.00000 0.00000
2.16154 2.12612 2.09338 2.08675 2.08675 2.08675 2.08675 2.08675 2.08675 2.08675 2.08675 1.92451 1.79643 1.79643 1.79643 1.79643 1.79643 1.79643 1.79643 1.79643 1.79643 1.80066 1.86845 1.93844 1.76562 1.53677 1.58930 1.40663 0.912004 0.912004 1.33948 1.76988 1.76988 1.76988 1.76988 1.76988 1.76988 1.76988 1.76988 1.76988 1.77517 2.10216 2.20565 2.44594 2.84963 2.81151 2.45470 2.58914 2.65015 2.71088 2.77160 2.82998 2.84574 2.84574 2.84574 2.84574 2.84574 2.85870 3.80151 3.52652 3.52652 3.52652 0.00000 0.00000 0.00000 0.00000
2.08675 2.08675 2.08675 2.08675 2.08675 2.08675 2.08675 2.08675 2.08675 2.08675 2.08675 1.99440 1.79643 1.79643 1.79643 1.79770 1.85761 1.93030 1.98590 2.02983 2.06539 2.09369 2.10039 2.10039 2.04476 1.64024 1.63929 1.59269 0.929678 0.912004 1.08338 1.76988 1.76988 1.76988 1.76988 1.76988 1.76988 1.76988 1.76988 1.75402 1.65317 1.72669 2.17614 2.28498 2.34808 2.22630 2.79516 2.84574 2.84574 2.84574 2.84574 2.84574 2.84574 2.84574 2.84574 2.84574 2.84574 2.84574 3.51950 3.54432 3.52652 3.52652 0.00000 0.00000 0.00000 0.00000
1.96706 1.95746 1.94876 1.94706 2.08615 2.08675 2.08675 2.08675 2.08675 2.08675 2.08675 2.06319 1.82249 2.02459 2.06112 2.09090 2.10039 2.10039 2.10039 2.10039 2.10039 2.10039 2.10039 2.10039 2.10039 1.69018 1.63929 1.63385 1.08274 0.912004 0.913147 1.69561 1.76988 1.75258 1.64974 1.53647 1.42202 1.30834 1.19430 1.09600 1.08336 1.13681 1.58206 2.04125 2.16291 2.20271 2.62843 2.84574 2.84574 2.84574 2.84574 2.84574 2.84574 2.84574 2.84574 2.87370 2.97122 3.07195 3.45982 3.71148 3.52652 3.52652 0.00000 0.00000 0.00000 0.00000
1.92824 1.92824 1.92824 1.92824 2.04725 2.08675 2.08675 2.08675 2.08675 2.08675 2.08675 2.08675 1.84415 2.08126 2.10039 2.10039 2.10039 2.10039 2.10039 2.10039 2.10039 2.10039 2.10039 2.10039 2.10039 1.77912 1.63929 1.65074 1.38591 1.16862 1.27985 1.34602 1.19149 1.09490 1.07995 1.06615 1.05090 1.03481 1.01780 0.999784 0.980722 0.982718 1.20811 2.15066 2.20254 2.20271 2.45717 2.84574 2.84574 2.89437 2.99510 3.09583 3.19662 3.29741 3.39814 3.47084 3.47411 3.47411 3.53656 3.85054 3.52652 3.52652 0.00000 0.00000 0.00000 0.00000
1.92824 1.92824 1.92824 1.92824 2.00131 2.08675 2.08675 2.08675 2.08675 2.08675 2.08675 2.08675 1.91368 2.02718 2.10039 2.10039 2.10039 2.10039 2.10039 2.10039 2.10039 2.10687 2.19078 2.28417 2.36260 2.19944 1.98480 2.01635 1.94358 1.53608 1.53317 1.33189 0.942421 0.919639 0.901389 0.900243 0.900243 0.900243 0.900243 0.900243 0.900243 0.903499 0.991341 2.04770 2.36659 2.47668 2.66068 3.32129 3.42202 3.47411 3.47411 3.47411 3.47411 3.47411 3.47411 3.47411 3.47411 3.47411 3.47505 3.86930 3.52652 3.52652 3.52652 0.00000 0.00000 0.00000
1.92824 1.92824 1.92824 1.92824 1.96842 2.08675 2.08675 2.08675 2.08675 2.08675 2.08675 2.08675 1.98357 1.95115 2.10039 2.08998 2.08728 2.18071 2.22943 2.27211 2.30947 2.33881 2.32035 2.28786 2.25707 2.18647 1.86662 1.86662 1.96572 1.56858 1.52034 1.46709 0.903615 0.900243 0.900243 0.900243 0.904345 0.949894 1.01143 1.07305 1.13473 1.19628 1.40020 2.11537 2.73137 2.83109 2.83109 3.38619 3.47411 3.47411 3.47411 3.47411 3.47411 3.47411 3.47411 3.45389 3.38437 3.30251 3.20725 3.37295 3.52652 3.58810 3.79580 0.00000 0.00000 0.00000
1.92824 1.92824 1.92824 1.92824 1.94372 2.08675 2.08050 2.04979 2.01658 1.98334 1.95016 1.91695 1.81216 1.16488 1.68436 1.64874 1.81577 2.24980 2.24980 2.24980 2.24980 2.24980 2.24980 2.24980 2.24980 2.24970 1.90024 1.87380 1.91807 1.76917 1.55634 1.60377 1.16242 1.10687 1.16841 1.23007 1.28756 1.30364 1.30364 1.30364 1.30364 1.30364 1.38467 1.82150 2.63598 2.83109 2.83109 3.21478 3.47411 3.47411 3.44395 3.37115 3.28730 3.18953 3.07407 3.03167 3.11964 3.21083 3.30196 3.61899 4.53905 4.65995 4.66279 0.00000 0.00000 0.00000
1.87942 1.86282 1.84623 1.82960 1.81322 1.82019 1.79611 1.79365 1.79365 1.79365 1.79365 1.79365 1.79365 1.00001 1.56173 1.64583 1.65439 2.19516 2.17287 2.12376 2.07776 2.03457 1.99406 1.95591 1.91897 1.83579 1.78057 1.72762 1.65291 1.79943 1.90949 1.92374 1.58783 1.30364 1.30364 1.30364 1.30364 1.30364 1.30364 1.30364 1.30364 1.30364 1.34706 1.51368 2.50897 2.76206 2.63937 2.75347 3.17440 3.12031 3.14102 3.23208 3.32315 3.41433 3.50541 3.54609 3.54609 3.54609 3.54609 3.61547 4.66190 4.66279 4.66279 0.00000 0.00000 0.00000
1.78169 1.78169 1.78169 1.78169 1.78169 1.78849 1.79365 1.79378 1.83312 1.89248 1.80942 1.47789 1.42128 1.01492 1.18001 1.36448 1.33959 1.71362 1.85927 1.82212 1.74707 1.67202 1.59684 1.52179 1.44758 1.42064 1.44871 1.48821 1.48821 1.63761 1.92374 1.92374 1.75488 1.30364 1.30364 1.30364 1.30364 1.30364 1.30364 1.30364 1.30364 1.30364 1.32258 1.61354 1.83781 2.42674 2.63225 2.84267 3.51801 3.54609 3.54609 3.54609 3.54609 3.54609 3.54609 3.54609 3.54609 3.54609 3.54609 3.54609 4.37724 4.66279 4.66279 4.66279 2.85206 2.85206
1.83761 1.87594 1.91308 1.94904 1.98397 2.04327 2.09271 2.11344 2.12179 2.12179 2.00183 1.24067 1.24067 1.05713 0.935719 1.09257 0.992446 1.19125 1.45863 1.42064 1.42064 1.42064 1.42064 1.42064 1.42064 1.42064 1.43270 1.48821 1.48821 1.56144 1.89186 1.92374 1.90191 1.32366 1.30364 1.30364 1.31210 1.39954 1.50649 1.61364 1.72046 1.82741 1.92784 2.35188 2.44583 2.79810 2.98277 2.98277 3.43248 3.54609 3.54609 3.54609 3.54609 3.54609 3.54609 3.54609 3.54609 3.54609 3.54867 3.56805 3.90832 4.08218 3.96451 3.31378 2.85206 2.85206
2.12179 2.12179 2.12179 2.12179 2.12179 2.12179 2.12179 2.11004 2.02814 1.94679 1.87628 1.23072 1.14944 1.09291 0.835927 0.745457 0.741609 0.850505 1.42054 1.42064 1.42064 1.42064 1.42064 1.42064 1.42064 1.42064 1.42115 1.48369 1.48821 1.51924 1.82967 1.93502 1.94833 1.69993 1.72472 1.83193 1.93049 1.94987 1.94987 1.94987 1.94987 1.94987 1.94987 2.21365 2.44583 2.65491 2.98277 2.98277 3.28272 3.54609 3.54609 3.54609 3.55215 3.57379 3.59626 3.61874 3.64116 3.66363 3.68352 3.68656 3.70975 3.75743 3.75743 3.48031 2.85206 2.85206
