High_resolution/powerplant/Chizhou/OMI_NO2_200607.asc
ncols      200
nrows      200
xllcorner       115.585
yllcorner       28.7700
cellsize     0.0166667
NODATA_Value      -999.000
[rows 58 to 86 of 200, columns 66 to 131 of 200]
1.01862 1.09124 1.09124 1.09124 1.09124 1.09124 1.09124 1.09124 1.09124 1.09124 1.09267 1.13772 1.20233 1.26282 1.32106 1.37573 1.11604 1.09941 1.15528 1.20951 1.26052 1.30986 1.64588 1.82586 1.85150 1.87609 1.90027 1.86396 1.62651 1.63249 1.49683 1.20948 1.92555 1.93161 1.90953 1.85186 1.79368 1.82186 1.86840 1.79097 1.71340 1.66012 1.64259 1.67358 1.73152 1.74928 1.74928 1.76151 1.89254 1.89304 2.72306 3.08739 3.13788 3.80037 3.80517 3.62152 3.47314 3.48235 3.48783 3.48788 3.48788 3.48788 3.48788 3.48788 3.98756 4.10635
0.990852 1.09089 1.09124 1.09124 1.09124 1.09124 1.09124 1.09124 1.09124 1.39374 1.89738 1.91056 1.91060 1.91060 1.91060 1.91060 1.74525 1.61133 1.61133 1.61133 1.61133 1.61133 1.71203 1.95185 1.95185 1.95339 1.97812 2.00655 1.71917 1.72396 1.70435 1.32676 1.48175 1.43674 1.39682 1.39276 1.38910 1.42368 1.59476 1.65420 1.71378 1.74899 1.74928 1.74928 1.74928 1.74928 1.74928 1.74928 1.86948 1.89304 2.41128 3.08553 3.08739 3.71088 3.80517 3.74181 3.48788 3.48788 3.48788 3.48788 3.48788 3.48788 3.48788 3.48788 3.83715 4.10635
0.968986 1.06960 1.09030 1.09014 1.08999 1.08982 1.08965 1.08947 1.08929 1.22401 2.08408 1.86782 1.80600 1.80113 1.79628 1.79139 1.69641 1.49174 1.52758 1.56600 1.60427 1.64266 1.68410 2.00728 2.06171 2.08888 2.09296 2.09120 1.82592 1.74397 1.74393 1.34896 1.29325 1.29395 1.32618 1.37082 1.41543 1.47044 1.74885 1.74928 1.74928 1.74928 1.74928 1.74928 1.74928 1.74928 1.74928 1.74928 1.83411 1.89304 2.20104 2.98147 3.08739 3.57867 3.80517 3.80513 3.52681 3.48788 3.48788 3.48788 3.48788 3.48788 3.49773 3.57575 3.86159 4.33077
0.864189 0.991461 1.08480 1.08480 1.08480 1.08480 1.08480 1.08480 1.08480 1.09058 2.24176 1.93348 1.76193 1.77028 1.77865 1.78700 1.79252 1.79466 1.79713 1.79713 1.79713 1.79713 1.79713 1.98308 2.09120 2.09120 2.09120 2.09120 1.89672 1.74397 1.75945 1.51778 1.40217 1.44414 1.45652 1.45652 1.45652 1.45652 1.70388 1.74928 1.74928 1.74928 1.74928 1.75109 1.76993 1.79348 1.81788 1.84328 1.92315 2.05543 2.23473 2.88163 3.15732 3.49779 3.86809 3.87335 3.68240 3.55078 3.55770 3.62701 3.71810 3.79867 3.86357 3.86458 3.90014 4.37414
0.864189 0.957552 1.11466 1.13972 1.16482 1.18988 1.21498 1.24004 1.26514 1.28424 2.17202 2.11070 1.80222 1.80222 1.80222 1.80222 1.80222 1.79810 1.79713 1.79713 1.79713 1.79713 1.79713 1.87930 2.09120 2.09120 2.09943 2.14064 2.08669 1.95603 1.99461 1.83763 1.60200 1.61752 1.63535 1.65362 1.67245 1.69183 2.01147 2.25722 2.30021 2.34519 2.39220 2.43744 2.44639 2.44639 2.44639 2.44639 2.46792 2.66178 2.66672 2.82270 3.25163 3.41782 3.92981 3.98930 3.94918 3.70871 3.72600 3.69115 3.84702 3.86353 3.86353 3.86353 3.86353 4.31268
2.08454 2.15403 1.29228 1.28545 1.28545 1.28545 1.28545 1.28545 1.28545 1.28545 1.96118 2.25468 1.80222 1.80222 1.80222 1.80222 1.80222 1.79945 1.79713 1.79713 1.79713 1.79713 1.79713 1.79889 2.13271 2.21540 2.25180 2.25523 2.25523 2.25523 2.25523 2.16806 1.82600 1.82411 1.82369 1.82369 1.82369 1.82369 2.06032 2.44639 2.44639 2.44639 2.44639 2.44639 2.44639 2.44639 2.44639 2.44639 2.44639 2.63023 2.66204 2.71761 3.21222 3.45719 4.00627 3.98147 3.98808 3.77429 3.80169 3.85514 4.03542 4.16780 4.22117 4.27441 4.32782 4.79953
2.23399 2.23399 1.46501 1.28545 1.28545 1.28545 1.28545 1.28545 1.28545 1.28545 1.67338 2.39737 1.81629 1.80222 1.80222 1.80222 1.80222 1.80074 1.79713 1.79713 1.79713 1.79713 1.79713 1.79713 2.08076 2.25523 2.25523 2.25523 2.25523 2.25523 2.25523 2.23920 1.83244 1.82469 1.82369 1.83422 1.85409 1.87334 2.01876 2.51034 2.52281 2.53476 2.54621 2.55720 2.56777 2.57792 2.58867 2.60238 2.52507 2.56682 2.58855 2.61391 3.06458 3.57199 4.67166 5.06067 5.08149 4.77901 4.60436 4.60436 4.66657 4.85516 4.93805 5.02083 5.10371 5.39848
2.23399 2.23399 1.70765 1.28545 1.28545 1.28545 1.28545 1.28545 1.28545 1.28545 1.33339 2.39479 1.89974 1.80222 1.80222 1.80222 1.80157 1.78637 1.76162 1.74137 1.72123 1.70123 1.68094 1.66087 1.77136 2.12285 2.10779 2.09260 2.07761 2.06247 2.04733 2.03231 2.09074 2.12490 2.13549 2.14109 2.14109 2.14109 2.18161 2.69289 2.71415 2.73461 2.75505 2.77055 2.70269 2.60800 2.52504 2.44939 2.43646 2.54020 2.72508 2.74560 2.87551 3.62189 4.43440 5.08149 5.07776 4.89977 4.75408 4.83693 4.92647 5.15319 5.16267 5.16267 5.16267 5.23476
2.23399 2.23399 1.95031 1.28545 1.28545 1.28545 1.28545 1.28545 1.28545 1.28545 1.28545 1.94600 1.68516 1.50754 1.48747 1.46725 1.44783 1.44250 1.43853 1.43741 1.43741 1.43741 1.43741 1.43741 1.43931 1.93048 1.98545 1.98545 1.98545 1.98760 1.99849 2.01030 2.11705 2.19164 2.22245 2.23801 2.25335 2.26958 2.27859 2.74874 2.76768 2.65332 2.55232 2.46542 2.43646 2.43646 2.43646 2.43646 2.43646 2.46880 2.72499 2.73396 2.77509 3.42395 4.03084 4.82613 4.75459 4.74077 4.94375 4.95721 4.95721 5.09521 5.16267 5.16267 5.16267 5.16267
2.23399 2.23399 2.17982 1.29542 1.25318 1.22208 1.19220 1.16479 1.13842 1.11415 1.09078 1.48692 1.56844 1.47581 1.47852 1.48128 1.48397 1.48667 1.48666 1.48698 1.48973 1.50003 1.51849 1.53691 1.55541 1.88504 2.10162 2.11545 2.12928 2.14100 2.14396 2.14597 2.20855 2.30739 2.33724 2.34536 2.33881 2.27704 2.20445 2.38042 2.43779 2.43646 2.43646 2.43646 2.43646 2.43646 2.43646 2.43646 2.44108 2.46968 2.72097 2.76897 2.80981 3.13343 3.68060 4.73584 4.73584 4.73463 4.87282 4.94397 4.93874 5.00302 5.12116 5.16176 5.16267 5.15613
1.31817 1.29982 1.28156 0.891668 0.789204 0.789204 0.789204 0.789204 0.789204 0.789204 0.789204 1.02397 1.37842 1.54576 1.55675 1.56774 1.57878 1.58974 1.60732 1.64263 1.65837 1.66650 1.66650 1.66650 1.66650 1.78740 2.15726 2.15726 2.15726 2.15726 2.15726 2.15726 2.18254 2.26657 2.21328 2.15528 2.09128 2.08162 2.08162 2.24764 2.43748 2.43646 2.43646 2.43646 2.45312 2.52756 2.58454 2.63422 2.67600 2.70364 2.85283 2.94466 2.96704 3.06439 3.62587 4.60333 4.68744 4.68380 4.74479 4.86838 4.86581 4.87166 5.01054 5.05688 5.05175 5.03725
1.26347 1.26347 1.26347 1.01135 0.789204 0.797565 0.814151 0.830573 0.847110 0.863607 0.880078 0.974813 1.43163 1.61724 1.62714 1.62714 1.62714 1.62714 1.62885 1.66567 1.66650 1.66650 1.66650 1.66650 1.66650 1.66728 2.10311 2.15726 2.15726 2.13017 2.05405 1.98347 1.91301 2.02329 2.03606 2.05061 2.04479 2.03929 2.03412 2.09662 2.30548 2.32304 2.34002 2.35497 2.46281 2.75575 2.74902 2.74238 2.73584 2.72937 2.78761 2.89166 2.94387 2.99456 3.47372 4.33573 4.64261 4.64188 4.63619 4.81721 4.84048 4.86093 4.93585 4.99437 5.02662 5.02662
0.975962 0.886671 0.797448 0.756273 0.912370 0.920449 0.920449 0.920449 0.920449 0.920449 0.920449 0.919792 1.38026 1.54669 1.57529 1.55860 1.54237 1.52685 1.51162 1.52360 1.51680 1.50262 1.48877 1.47540 1.46242 1.44979 1.66517 1.76841 1.70720 1.66696 1.77895 1.87308 1.87298 1.94959 1.97959 2.00033 2.01521 2.05370 2.08914 2.13727 2.35182 2.34712 2.34712 2.34712 2.36060 2.71808 2.72674 2.72674 2.72674 2.72674 2.74678 2.89166 2.92201 2.99456 3.27181 4.11510 4.66092 4.67947 4.71261 4.85940 4.93367 4.95963 5.00205 5.06622 5.11817 5.11211
0.579250 0.579250 0.579250 0.593976 0.912911 0.920449 0.920449 0.920449 0.920449 0.867420 0.820287 0.816602 1.11416 1.30698 1.37204 1.37204 1.37204 1.37204 1.37204 1.38739 1.40156 1.40156 1.40156 1.40156 1.40156 1.40156 1.45262 1.66454 1.67114 1.67114 1.73655 1.87298 1.88998 1.98393 2.06886 2.11874 2.14207 2.14316 2.14436 2.14436 2.32782 2.34780 2.35192 2.35666 2.36141 2.66299 2.75053 2.75528 2.76002 2.76480 2.78027 3.00334 3.12252 3.30476 3.44044 4.02541 4.34220 4.33671 4.33155 4.40052 4.49107 4.45972 4.43253 4.44921 4.41482 4.37663
0.579250 0.579250 0.579250 0.579250 0.840675 0.920449 0.920449 0.920449 0.920449 0.886217 0.815889 0.815889 1.02750 1.27753 1.37204 1.37204 1.37204 1.37204 1.37204 1.37994 1.40156 1.40156 1.40148 1.40059 1.39950 1.39841 1.39741 1.62679 1.68762 1.73783 1.80423 2.00533 2.02661 2.07012 2.18752 2.20327 2.21639 2.22130 2.22780 2.23258 2.38559 2.45031 2.45622 2.47184 2.48749 2.71238 2.90743 2.97416 3.04711 3.12016 3.18234 3.35877 3.45878 3.54825 3.56168 3.93992 4.22080 4.22161 4.22161 4.24062 4.38065 4.34821 4.31549 4.31450 4.28131 4.27781
0.579250 0.579250 0.579250 0.579250 0.753734 0.925066 0.966383 1.01276 1.05621 1.08894 0.978580 1.00549 1.08920 1.23852 1.36141 1.36031 1.35923 1.35813 1.35704 1.35713 1.38366 1.38329 1.38227 1.38207 1.42089 1.51006 1.59079 1.75521 1.84868 1.84897 1.84897 2.00254 2.02198 2.03867 2.22364 2.24153 2.29461 2.31027 2.32732 2.34350 2.47001 2.60231 2.59314 2.64170 2.69901 2.87796 3.18427 3.19047 3.19047 3.19047 3.19047 3.29272 3.45878 3.52638 3.56168 3.77704 4.21329 4.26335 4.28367 4.30226 4.27977 4.27196 4.27196 4.29081 4.28972 4.27781
1.08034 1.11350 1.14525 1.17567 1.26433 1.45830 1.46192 1.46192 1.46192 1.46192 1.28136 1.24813 1.25246 1.22335 1.35415 1.36479 1.36766 1.37056 1.37343 1.37638 1.44113 1.53842 1.61982 1.69307 1.73483 1.73996 1.74569 1.78013 1.88664 1.89077 1.89487 2.01476 2.07608 2.07927 2.25200 2.29148 2.41800 2.42048 2.42295 2.43008 2.50088 2.68446 2.80181 2.81085 2.81085 2.84540 3.18994 3.19047 3.19047 3.19047 3.19047 3.23142 3.48291 3.54898 3.62650 3.70380 4.23224 4.30573 4.30573 4.30573 4.29037 4.27193 4.27025 4.27401 4.29355 4.27781
1.47012 1.48750 1.50571 1.52410 1.55327 1.86028 1.89530 1.92127 1.94856 1.97605 1.69582 1.56086 1.56652 1.52541 1.46868 1.45633 1.49716 1.60080 1.69690 1.78345 1.82138 1.80502 1.80845 1.81188 1.81522 1.81621 1.81621 1.81621 1.91496 1.92880 1.92880 2.00685 2.10181 2.10181 2.22973 2.30191 2.42678 2.46768 2.48430 2.49820 2.51384 2.70105 2.79157 2.81085 2.81085 2.81085 3.13687 3.19736 3.21705 3.22764 3.23402 3.23575 3.47050 3.51523 3.58787 3.57690 4.05821 4.27905 4.26974 4.26020 4.24491 4.20114 4.19295 4.18626 4.18712 4.05847
1.70520 1.70520 1.70520 1.70520 1.70520 1.95998 2.04640 2.04640 2.05041 2.08979 1.90347 1.65905 1.69087 1.69367 1.63945 1.62421 1.89361 1.91649 1.91649 1.91649 1.89037 1.81621 1.81621 1.81621 1.81621 1.81621 1.81621 1.81621 1.88154 1.92880 1.92880 1.96912 2.11136 2.12781 2.22906 2.35815 2.44074 2.51638 2.53628 2.55769 2.57796 2.78790 2.88675 2.95901 2.99919 3.03939 3.08888 3.08528 3.06754 3.06135 3.06088 3.06041 3.26103 3.37333 3.35574 3.34849 3.64025 4.10986 4.10986 4.10986 4.09503 3.94500 3.76430 3.58103 3.30579 3.04670
1.70710 1.78246 1.89512 2.00760 2.12034 2.26238 2.32786 2.37552 2.41971 2.42799 2.30877 1.82092 1.82092 1.80346 1.72100 1.64712 1.82305 1.91801 1.93016 1.94419 1.95461 1.87489 1.88622 1.90037 1.91484 1.93967 1.96744 1.99442 2.04458 2.17293 2.21973 2.26977 2.31976 2.33930 2.40088 2.57790 2.63924 2.73390 2.73378 2.72688 2.76829 2.95174 3.07379 3.13198 3.13199 3.13199 3.10533 3.05813 3.05813 3.05813 3.05813 3.05813 3.18216 3.37116 3.34589 3.33993 3.41787 3.99666 3.82576 3.64263 3.47425 3.38811 3.35964 3.35727 3.25004 2.93713
2.52919 2.56649 2.56649 2.56649 2.56649 2.53359 2.42799 2.42799 2.42799 2.42799 2.42617 2.11046 2.12499 2.14434 2.10473 1.96227 2.05718 2.20661 2.21752 2.22630 2.23478 2.17650 2.16454 2.17359 2.18208 2.18443 2.18443 2.18443 2.20508 2.40104 2.41538 2.41538 2.40260 2.39933 2.40388 2.56273 2.52943 2.60344 2.55383 2.57097 2.81971 2.93426 3.07584 3.12439 3.13199 3.13199 3.12120 3.05813 3.05518 3.04945 3.04370 3.03798 3.07917 3.33468 3.26598 3.16431 3.06317 3.09281 3.05744 3.00530 2.95334 2.89341 2.80996 2.76034 2.73421 2.39900
2.56649 2.56649 2.56649 2.56649 2.56649 2.56316 2.43364 2.42799 2.42799 2.42799 2.42799 2.33039 2.36256 2.37066 2.33676 2.13761 2.12664 2.26025 2.26800 2.26800 2.26800 2.22577 2.18443 2.18443 2.18443 2.18443 2.18443 2.18443 2.18558 2.36498 2.42355 2.39847 2.34268 2.28954 2.24321 2.33094 2.35167 2.45853 2.47759 2.47269 2.70327 2.81304 2.98942 3.02288 3.04809 3.04233 3.02941 2.93022 2.90930 2.88112 2.81167 2.73384 2.64828 2.68631 2.64240 2.61592 2.61592 2.64595 2.68154 2.68154 2.68154 2.68142 2.63636 2.57760 2.51847 2.24685
2.56649 2.56649 2.56649 2.56649 2.56649 2.56649 2.46558 2.42799 2.42799 2.42799 2.42790 2.32899 2.34894 2.33454 2.34261 2.20471 2.15681 2.25649 2.30574 2.31044 2.31511 2.29857 2.24091 2.24557 2.25028 2.25497 2.25944 2.22959 2.17466 2.22974 2.30702 2.28567 2.27977 2.26962 2.26962 2.28384 2.29506 2.36738 2.41581 2.40676 2.54209 2.69379 2.89785 2.90694 2.96143 2.93353 2.88455 2.74245 2.62333 2.56523 2.56227 2.56227 2.56227 2.62222 2.64705 2.61592 2.61592 2.61762 2.65785 2.57211 2.48300 2.39389 2.36440 2.39033 2.39033 2.28907
2.40724 2.37845 2.34947 2.32058 2.29160 2.26272 2.16827 2.06626 2.03747 2.00858 1.97969 1.95723 2.12441 2.14208 2.28160 2.32705 2.22387 2.26971 2.35221 2.35221 2.35221 2.34924 2.26951 2.23125 2.17111 2.11099 2.05111 2.02550 2.02297 2.07419 2.23968 2.24879 2.23659 2.21321 2.20345 2.20235 2.20954 2.24745 2.33347 2.33241 2.38462 2.60868 2.78249 2.77608 2.76948 2.73405 2.73109 2.65877 2.56227 2.56227 2.56227 2.56227 2.56227 2.59976 2.61351 2.47249 2.36357 2.25049 2.28669 2.31332 2.31332 2.31332 2.33336 2.39033 2.39033 2.38100
2.03407 2.02687 2.02012 2.01336 2.00698 2.00062 1.97041 1.88014 1.87586 1.87165 1.86758 1.86376 1.99683 2.04911 2.10351 2.26470 2.17791 2.18256 2.30629 2.27486 2.20299 2.10357 1.99026 1.95466 1.94451 1.93436 1.92422 1.91405 1.90519 1.93358 2.11103 2.17495 2.17487 2.15998 2.15890 2.16198 2.18442 2.19248 2.29406 2.26172 2.22737 2.43947 2.62292 2.70765 2.72119 2.73109 2.73109 2.69551 2.56227 2.56227 2.50969 2.40276 2.29579 2.20396 2.21259 2.18368 2.17405 2.17395 2.22922 2.31332 2.31332 2.31332 2.31466 2.38501 2.38604 2.37614
1.92536 1.92536 1.92536 1.92536 1.92536 1.92536 1.92381 1.83780 1.83302 1.83302 1.83302 1.83302 1.91562 1.96604 1.92426 2.10392 1.96428 1.91557 1.84820 1.77844 1.74968 1.74852 1.82596 1.90393 1.90393 1.90393 1.90393 1.90393 1.90393 1.90691 2.05831 2.17491 2.17495 2.16126 2.15118 2.12361 2.11082 2.07906 2.15856 2.17845 2.17845 2.33478 2.56475 2.69016 2.68839 2.69711 2.63430 2.53132 2.27407 2.16132 2.10502 2.10311 2.10120 2.09962 2.18080 2.08754 1.97862 1.96662 1.96104 2.12052 2.11065 2.10074 2.09081 2.11874 2.09728 2.04686
1.92536 1.92536 1.92536 1.92536 1.92733 1.93799 1.94965 1.69736 1.49118 1.40963 1.32861 1.24752 1.36921 1.63766 1.63766 1.83468 1.79387 1.78209 1.76881 1.74852 1.74852 1.74852 1.78691 1.90530 1.91278 1.92097 1.92919 1.93741 1.94569 1.95796 2.05855 2.17122 2.15670 2.07863 1.98569 1.97021 1.98091 1.98215 2.05083 2.09782 2.09101 2.15342 2.37067 2.44295 2.35424 2.28714 2.25459 2.25459 2.12514 2.08163 2.08163 2.08163 2.08163 2.08163 2.14294 2.08300 1.88833 1.88833 1.86628 2.03354 2.02898 1.97530 1.91664 1.89413 1.94248 1.94151
1.96878 1.98043 1.99210 2.00377 2.01346 2.01446 2.00968 1.62231 1.18109 1.17929 1.17756 1.17589 1.28220 1.70235 1.72675 1.87764 1.92490 1.90072 1.91088 1.87498 1.88826 1.90292 1.92194 2.08095 2.09332 2.09849 2.10217 2.10558 2.10875 2.11078 2.10575 2.10105 2.10105 2.05189 1.93083 1.93083 1.94272 1.95657 2.00481 2.09722 2.10381 2.10968 2.07547 2.23101 2.23115 2.24594 2.25459 2.25459 2.16725 2.08163 2.08163 2.08163 2.08163 2.08163 2.11845 2.12854 1.85251 1.81991 1.76127 1.71055 1.69502 1.64546 1.59673 1.55238 1.58892 1.54323
1.85271 1.83971 1.82720 1.81507 1.80327 1.79196 1.78364 1.65665 1.16135 1.16135 1.16135 1.16135 1.22491 1.79117 1.87376 1.96653 2.08982 2.04122 2.04478 1.98704 1.96743 1.96743 1.96916 2.07877 2.11215 2.11082 2.11082 2.11082 2.11082 2.11082 2.10802 2.10105 2.10105 2.08871 1.93879 1.95444 1.96860 1.94345 1.94640 2.05301 2.04270 2.03214 1.98891 2.09223 2.10078 2.09582 2.09948 2.08713 2.01597 1.84743 1.81583 1.78299 1.73995 1.68164 1.61915 1.51042 1.12161 1.03327 0.998245 1.05179 1.24570 1.24570 1.24570 1.24570 1.31058 1.33175
