High_resolution/powerplant/Chizhou/OMI_NO2_200811.asc
ncols      200
nrows      200
xllcorner       115.585
yllcorner       28.7700
cellsize     0.0166667
NODATA_Value      -999.000
[rows 87 to 115 of 164, columns 67 to 133 of 200]
4.34556 4.37495 4.40307 4.41263 4.42211 4.43160 4.43423 4.40452 4.37845 4.34742 4.31640 4.29557 4.37470 4.61895 4.74327 4.70522 4.50591 3.71196 3.70659 3.70774 3.68266 3.63561 3.63674 3.63764 3.63770 3.63770 3.63770 3.63770 3.63770 3.56563 3.02830 3.32163 4.95776 5.68838 5.74077 6.07023 6.09417 6.10239 6.11060 6.11490 6.11490 6.11490 6.11490 6.11909 6.15754 6.20694 6.27480 6.08879 5.27138 5.41175 5.53230 5.49992 5.44901 5.44901 5.44901 5.43879 5.34928 5.32835 5.38667 5.43305 5.59957 5.84519 5.92808 5.94140 5.87525 5.86544 5.86536
4.59827 4.59815 4.57777 4.56806 4.53721 4.50508 4.45638 4.29586 4.36408 4.46981 4.57561 4.67168 4.68894 4.78239 4.84398 4.78232 4.46742 3.82220 3.71209 3.71209 3.70784 3.63965 3.63770 3.63770 3.63770 3.63770 3.63770 3.63770 3.63681 3.56462 3.09000 3.24334 4.50463 5.68838 5.69573 6.04108 6.11490 6.11490 6.12245 6.16427 6.21030 6.25629 6.30229 6.34413 6.35169 6.35176 6.37507 6.36765 5.35203 5.35319 5.53230 5.51530 5.40664 5.35735 5.29419 5.23593 5.47146 5.65097 5.65624 5.65155 5.64158 5.82946 5.82201 5.75481 5.65069 5.56035 5.50121
4.53880 4.49860 4.46260 4.44034 4.49196 4.59776 4.70360 4.67099 4.68894 4.68894 4.68894 4.68160 4.59520 4.54067 4.54075 4.46661 4.26855 3.90845 3.71209 3.71209 3.71209 3.65915 3.63770 3.64651 3.59482 3.51306 3.43128 3.34969 3.26889 3.25912 3.31960 3.45376 4.30715 5.70502 5.76691 6.05843 6.26301 6.30904 6.34750 6.35169 6.35169 6.35169 6.35169 6.35169 6.35169 6.35169 6.37003 6.37646 5.61003 5.19499 5.38248 5.32319 5.22073 5.19845 5.19100 5.17862 5.36165 5.61304 5.60066 5.58774 5.55014 5.71121 5.70088 5.55053 5.52696 5.47482 5.47532
4.46765 4.59685 4.70698 4.78670 4.83948 4.83948 4.83948 4.73349 4.61745 4.51622 4.42439 4.34590 4.32964 4.33631 4.45589 4.45684 4.31716 4.01516 3.79601 3.74386 3.66179 3.55077 3.42354 3.33319 3.30314 3.30314 3.30314 3.30074 3.23664 3.14143 2.96560 2.67284 2.89710 6.01744 6.02473 6.14316 6.36176 6.37744 6.38476 6.39223 6.39957 6.40698 6.41438 6.42030 6.39093 6.34407 6.29474 6.24558 5.79616 5.07534 5.22720 5.24277 5.17394 5.13573 5.12994 5.13044 5.18320 5.58900 5.59110 5.59161 5.57500 5.66605 5.77330 5.54832 5.49939 5.38002 5.32916
4.92439 4.92734 4.91186 4.83948 4.78706 4.67666 4.57643 4.42373 4.32366 4.30441 4.28469 4.26496 4.24525 4.21997 4.21491 4.11632 3.96105 3.67610 3.34939 3.37753 3.37753 3.37132 3.30402 3.28556 3.20096 3.10793 2.94624 2.73485 2.57011 2.42469 2.37699 2.16009 2.43342 6.31709 6.31187 6.35596 6.52400 6.56024 6.56024 6.55976 6.52704 6.47781 6.43210 6.38513 6.37366 6.37936 6.40927 6.44992 6.14191 5.10855 5.16741 5.21847 5.18108 5.13518 5.13518 5.13518 5.13518 5.50033 5.59434 5.59434 5.58616 5.57939 5.60023 5.43534 5.44271 5.42802 5.45452
4.88618 4.72313 4.56161 4.44746 4.38401 4.36420 4.34450 4.28939 4.18043 4.14630 4.10877 4.07108 4.03332 4.00135 3.91506 3.81598 3.81244 3.60882 3.36032 3.33089 3.23972 3.14867 2.95468 2.72469 2.58400 2.43644 2.38382 2.38382 2.38382 2.38382 2.38382 2.22939 2.34099 6.43883 6.31380 6.33876 6.52435 6.55141 6.51417 6.47067 6.45963 6.46486 6.46679 6.47125 6.47574 6.48025 6.48808 6.51939 6.38020 5.39077 5.21104 5.28885 5.27450 5.21215 5.20958 5.20508 5.20062 5.43990 5.73743 5.79826 5.85950 5.93795 5.99655 5.87735 5.76512 5.73517 5.70009
4.27328 4.26021 4.26021 4.28703 4.27251 4.23497 4.19715 4.14988 4.00192 3.99747 3.99747 3.99747 3.99747 3.99747 3.96695 3.81103 3.80505 3.52790 3.12163 3.01974 3.05448 3.08695 2.82943 2.38382 2.38382 2.38382 2.38382 2.38382 2.38382 2.38382 2.38382 2.29712 2.25750 6.93172 6.66348 6.65878 6.69566 6.56735 6.55597 6.55597 6.55597 6.55597 6.55597 6.54809 6.52168 6.49458 6.46741 6.47424 6.37178 5.60165 5.07214 5.28398 5.30929 5.42179 5.48826 5.55364 5.61896 5.73670 6.12220 6.12220 6.12220 6.15362 6.16982 6.10494 5.93064 5.95011 5.90924
4.18525 4.14741 4.10987 4.09593 4.12565 4.13349 4.14132 4.14917 4.00370 3.97193 3.96662 3.95698 3.94674 3.93663 3.93267 3.79372 3.79439 3.63747 3.19817 2.99359 3.01453 3.00944 2.93425 2.26056 2.25113 2.24476 2.23853 2.23219 2.22591 2.21965 2.21332 2.17251 1.98660 7.09951 6.59102 6.59094 6.58198 6.46043 6.40191 6.37475 6.34764 6.32045 6.29331 6.27406 6.27330 6.27330 6.28729 6.45302 6.61633 6.23220 5.19486 5.54870 5.58686 5.64351 5.66304 5.66304 5.66304 5.66309 6.05568 6.13619 6.16159 6.21428 6.25869 6.28888 6.07620 6.06646 5.98049
4.23061 4.23844 4.24629 4.25998 4.30965 4.30974 4.30749 4.30156 4.01122 3.85904 3.85706 3.87981 3.90694 3.93403 3.95503 3.84931 3.77500 3.74459 3.24950 2.93542 2.95862 2.95862 2.95862 2.39197 2.20640 2.20640 2.20640 2.20640 2.20640 2.20640 2.20640 2.20583 1.96085 6.94904 6.63310 6.59094 6.50348 6.32260 6.27330 6.27330 6.27330 6.29876 6.45075 6.61969 6.78871 6.95756 7.11268 7.16116 7.17943 6.96135 5.38414 5.49360 5.58686 5.62560 5.66217 5.65821 5.64397 5.60961 5.93846 6.29656 6.31954 6.31981 6.31981 6.32385 6.22191 6.27300 6.32867
4.25935 4.25929 4.25554 4.24955 4.28681 4.28798 4.28516 4.30476 4.13737 3.92843 3.95261 3.95649 3.95649 3.95649 3.96746 3.97052 3.90070 3.97031 3.55757 3.05538 2.95862 2.95862 2.95862 2.64461 2.20640 2.20640 2.20409 2.16170 2.09991 2.03110 1.95404 1.86819 1.82512 6.47541 6.79473 6.59094 6.62104 6.58193 6.64691 6.81287 6.98172 7.12529 7.14232 7.14232 7.14232 7.14232 7.14232 7.15359 7.17943 7.05342 5.82770 5.41656 5.57095 5.56101 5.58934 5.56238 5.54618 5.56355 5.78988 6.46010 6.53552 6.61301 6.69271 6.77013 6.78371 6.77687 6.73725
4.24196 4.23603 4.23384 4.24877 4.30615 4.35339 4.37960 4.38705 4.28234 3.95649 3.96104 4.01379 4.08481 4.16293 4.23364 4.23164 4.02967 4.02338 3.75247 3.14824 2.94549 2.93590 2.92150 2.80012 1.98921 1.90885 1.82258 1.79796 1.79796 1.79796 1.80572 1.91177 2.04753 5.92628 8.10745 7.61668 7.79637 7.42341 7.19999 7.14232 7.14232 7.14232 7.14228 7.14211 7.14195 7.14178 7.14670 7.19422 7.19792 7.06837 6.25278 5.30526 5.56481 5.62134 5.75376 5.81466 5.87704 5.92443 5.92963 6.63514 6.71405 6.71185 6.70965 6.70745 6.70525 6.70305 6.69433
4.27028 4.29739 4.32447 4.33665 4.35395 4.38705 4.38822 4.44337 4.51257 4.15152 4.22405 4.23722 4.16487 4.06729 3.96999 3.87247 3.61967 3.47548 3.30136 2.68129 2.85276 2.84245 2.84035 2.84035 2.01808 1.79796 1.83447 1.96522 2.10110 2.23680 2.36474 2.39445 2.39445 5.57982 8.70362 7.85004 7.80235 7.51415 7.26615 7.13809 7.13793 7.13776 7.14072 7.18113 7.23226 7.27772 7.32136 7.31809 7.29352 7.17072 7.23782 5.54068 5.80162 5.80214 5.87206 5.88920 5.88920 5.88920 5.88920 6.35584 6.68282 6.68282 6.68282 6.68282 6.68282 6.71727 6.89949
4.33665 4.33665 4.33665 4.37399 4.46506 4.50968 4.51312 4.45174 4.35415 3.82999 3.64260 3.54896 3.52260 3.52110 3.51959 3.51809 3.45698 3.36168 3.36168 2.72184 2.83310 2.84120 2.90419 3.00597 2.68688 2.29036 2.38956 2.39445 2.39445 2.39445 2.39445 2.39445 2.39445 5.57470 7.98613 8.05974 7.80100 7.61686 7.34320 7.19721 7.26840 7.32143 7.36954 7.37149 7.36334 7.36555 7.36664 7.36770 7.40202 7.22896 7.44072 5.94011 5.78029 5.84592 5.89889 5.93998 5.94348 5.94701 5.96613 6.21495 6.90440 7.13475 7.36634 7.59949 7.84746 8.06451 8.13403
4.43843 4.53036 4.63184 4.69027 4.68945 4.15185 4.04062 4.03929 4.03777 3.71721 3.51809 3.51679 3.51662 3.51662 3.51662 3.51662 3.49688 3.35866 3.33489 3.02763 3.08046 3.13033 2.97359 2.77803 2.57121 2.39445 2.39445 2.39445 2.39445 2.39445 2.39445 2.39445 2.39445 5.63632 6.87345 8.56361 7.93994 7.86017 7.45869 7.42683 7.39586 7.39140 7.39231 7.39242 7.39242 7.39242 7.39242 7.39739 7.49497 7.40030 7.51957 6.70422 5.98860 6.20024 6.29795 6.59711 6.84508 7.09326 7.32569 7.56121 8.42691 8.49879 8.51874 8.53720 8.54073 8.54073 8.54073
4.67700 4.68917 4.68784 4.68634 4.68483 4.31196 4.03347 4.03329 4.03329 3.82201 3.51662 3.51704 3.52345 3.52575 3.51267 3.49881 3.48502 3.25737 3.04058 2.80721 2.58000 2.64846 2.65894 2.66939 2.67966 2.60403 2.60093 2.61510 2.62879 2.64296 2.65673 2.67078 2.68467 5.66505 5.75887 8.90985 7.89854 7.83658 7.46102 7.45092 7.47383 7.49666 7.51957 7.54243 7.56527 7.58820 7.61106 7.62900 7.67460 7.61582 7.54029 7.41309 6.78727 7.28465 7.49984 7.74696 7.74712 7.74712 7.74712 7.74712 8.25623 8.54073 8.54073 8.54088 8.54113 8.54138 8.54163
4.49859 4.57179 4.56361 4.55569 4.54776 4.33470 3.88330 3.87532 3.86739 3.82150 3.70842 3.69435 3.67404 3.62003 3.47020 3.31374 3.15735 2.92275 2.79552 2.79427 2.65718 2.84011 2.84011 2.84011 2.84011 2.81442 2.78685 2.78685 2.78685 2.78685 2.78685 2.78685 2.78685 5.66505 5.66505 8.44178 8.06838 7.83700 7.69187 7.63031 7.63031 7.63031 7.63031 7.63031 7.62190 7.57583 7.52509 7.47439 7.43645 7.44021 7.30180 7.57835 7.21791 7.54265 7.54265 7.71924 7.74712 7.74712 7.74725 7.78585 8.08112 8.54139 8.54164 8.54174 8.54174 8.54174 8.54174
4.33943 4.49313 4.49313 4.49313 4.49219 4.43069 3.81074 3.78265 3.76046 3.72886 3.50505 3.34592 3.18940 3.07099 3.06369 3.06369 3.06369 2.99556 2.79552 2.79552 2.66495 2.83118 2.84011 2.84011 2.84011 2.83018 2.78685 2.78685 2.78685 2.78749 2.81580 2.87953 2.93735 5.66505 5.66505 7.49573 8.40877 7.83700 7.73983 7.61750 7.56890 7.51817 7.46749 7.41678 7.37446 7.36988 7.36988 7.36988 7.36988 7.46733 7.30027 7.49706 7.25992 7.52470 7.54265 7.70307 7.84308 7.89647 7.94919 7.96345 7.97180 8.44189 8.44378 8.42819 8.41241 8.39679 8.38112
4.18522 4.46947 4.44729 4.42511 4.40385 4.39193 3.75411 3.47054 3.31414 3.17645 3.08352 3.06369 3.06369 3.06369 3.06369 3.06369 3.06369 3.05452 2.80537 2.79552 2.72584 2.76992 2.84414 2.88071 2.92461 2.97062 3.01702 3.06736 3.11212 3.15268 3.18146 3.18249 3.18249 5.66505 5.66505 6.19356 8.64205 7.66697 7.53720 7.37199 7.36988 7.36988 7.36988 7.36988 7.36988 7.36988 7.36988 7.36988 7.36988 7.47413 7.14193 7.22720 7.28999 7.37255 7.57165 7.68414 7.80761 7.81794 7.82881 7.83965 7.85046 8.22945 8.39944 8.41043 8.42131 8.43211 8.44291
3.84399 4.36272 4.30765 4.15120 3.99487 3.84470 3.44961 3.15621 3.15621 3.15621 3.10267 3.06369 3.06369 3.06369 3.06369 3.06671 3.07543 3.08427 2.91559 2.84482 2.85516 2.89917 3.14937 3.15070 3.14669 3.14597 3.16568 3.18249 3.18249 3.17439 3.15463 3.13479 3.11495 5.81881 5.83337 5.84753 8.37300 7.79363 7.61258 7.45844 7.45453 7.45933 7.46410 7.46882 7.47366 7.47836 7.48316 7.51148 7.63050 7.85946 7.63994 7.60975 7.68541 7.66022 7.91009 7.94262 8.11456 8.11456 8.11456 8.11456 8.11456 8.31732 8.64190 8.64190 8.64190 8.64190 8.64190
3.56740 3.75733 3.80476 3.80476 3.80476 3.80476 3.61571 3.15634 3.16219 3.17103 3.14552 3.09621 3.10507 3.11393 3.11001 3.04285 2.96283 2.88287 2.84816 2.90865 2.90915 2.88065 3.14597 3.14597 3.14524 3.13321 3.12417 3.12685 3.10702 3.09528 3.09519 3.09519 3.09519 6.06278 6.06278 6.06278 8.00019 8.08568 7.68358 7.54805 7.50245 7.50478 7.54814 7.62757 7.77421 7.93495 8.10540 8.25885 8.29815 8.34873 8.07624 7.73631 7.73438 7.58958 7.90459 7.90366 8.08944 8.10402 8.10234 8.10067 8.09898 8.14085 8.61167 8.61730 8.65905 8.70193 8.74484
3.48029 3.58559 3.74166 3.70653 3.67137 3.63624 3.57811 3.22390 3.22126 3.20894 3.12167 2.96443 2.88367 2.80371 2.73651 2.72895 2.72895 2.72895 2.75725 2.90915 2.88097 2.74654 3.09434 3.09266 3.04341 2.99587 2.95334 3.08037 3.09519 3.09519 3.09519 3.09519 3.09519 5.69023 5.65479 5.62013 6.64347 8.35551 7.70897 7.65474 7.68847 7.84023 7.94246 8.00343 7.99491 7.98089 7.96687 7.95297 7.93875 7.95791 8.16824 7.66649 7.64206 7.44953 7.65797 7.59094 7.66741 7.66795 7.64346 7.64516 7.64714 7.64879 8.05498 8.18402 8.14221 8.09965 8.05686
3.23776 3.28262 3.54622 3.55576 3.54432 3.47260 3.39225 3.05171 2.89763 2.82938 2.82063 2.73370 2.72895 2.72895 2.72895 2.72895 2.67442 2.54554 2.41644 2.44371 2.33857 2.31684 2.84614 2.91909 2.90924 2.90905 2.90886 3.01683 3.09316 3.09293 3.09269 3.09245 3.09222 5.07824 5.07824 5.07824 5.15995 8.42444 8.24072 8.12876 7.90433 7.89216 7.85830 7.82407 7.78977 7.75555 7.72129 7.68703 7.65280 7.61847 7.96013 7.37958 7.36592 7.20267 6.97445 7.03201 7.19563 7.37780 7.40418 7.40418 7.40418 7.40418 7.63801 7.93152 7.93152 7.92879 7.88018
3.14112 3.10111 3.21293 3.18543 3.11126 3.09696 3.09136 2.91089 2.74561 2.73995 2.73433 2.72188 2.63743 2.50798 2.37864 2.24923 2.15550 2.11127 2.06732 2.12943 2.18751 2.18751 2.62421 2.90479 2.90479 2.90479 2.90479 2.95532 3.08855 3.08855 3.08855 3.08855 3.08855 5.07824 5.07824 5.07824 5.07824 7.70233 8.43144 8.21148 7.58768 7.54892 7.54856 7.54856 7.54856 7.54856 7.54856 7.53195 7.42526 7.30487 7.51352 7.04674 6.87597 6.86954 7.21329 7.19131 7.23864 7.40418 7.40418 7.40418 7.40418 7.40617 7.50909 7.81398 7.74953 7.68765 7.67153
2.80165 2.80965 2.93024 3.02390 3.02390 3.02390 3.02390 2.92243 2.56833 2.43918 2.30991 2.20141 2.16173 2.11964 2.07595 2.03218 2.00741 2.00731 2.00731 2.06162 2.18751 2.18751 2.42844 2.90479 2.90479 2.90479 2.90479 2.91103 3.08006 3.08855 3.08855 3.08855 3.09026 5.07824 5.07824 5.07824 5.07824 6.76016 8.54903 8.23767 7.68497 7.54856 7.52122 7.40728 7.28683 7.16633 7.04605 6.94227 6.92864 6.92864 7.15533 7.04471 6.85634 6.85634 7.12916 7.19131 7.19640 7.39759 7.43902 7.49004 7.54110 7.59017 7.61115 7.69565 7.73864 7.76973 7.80096
2.80165 2.80165 2.87384 2.99264 2.86943 2.74022 2.61096 2.48160 2.14214 2.09424 2.05054 2.01839 2.00892 2.00731 2.00731 2.00731 2.00731 2.00731 2.00731 2.01524 2.18241 2.18751 2.25206 2.88522 2.90479 2.90479 2.88842 2.84628 2.93701 2.98690 2.97672 2.96676 2.95489 5.07824 5.07824 5.07824 5.07824 5.58157 8.30440 7.93363 7.39333 7.02807 6.93502 6.92864 6.92864 6.92864 6.92864 6.92864 6.92864 6.92864 7.05302 7.25358 7.08865 7.12046 7.36379 7.59028 7.67883 7.94766 8.06117 8.09836 8.12986 8.15911 8.17905 8.21146 8.24175 8.23273 8.22374
2.75662 2.72366 2.55256 2.45500 2.47133 2.43764 2.39387 2.35018 2.06026 1.97307 1.97307 1.97753 2.00731 2.00731 2.00731 2.00731 2.00731 2.00731 2.00808 2.01955 2.16616 2.22949 2.25045 2.65535 2.70766 2.69961 2.70793 2.74203 2.79516 2.89351 2.89351 2.89346 2.82597 4.99488 4.96304 4.93092 4.89862 4.86694 7.03759 7.33934 7.13597 6.79254 6.77983 6.76677 6.75406 6.74118 6.72826 6.71559 6.70252 6.68978 6.73784 7.26664 7.32950 7.38767 7.46348 7.68350 7.67077 7.79139 7.90105 7.89228 7.88972 7.88972 7.88972 7.90509 7.96921 7.96921 7.96921
2.66506 2.69342 2.67639 2.33299 2.31758 2.30757 2.30757 2.30757 2.14109 1.97307 1.97307 1.97674 2.02243 2.04000 2.05488 2.06974 2.08460 2.11621 2.22542 2.33287 2.43045 2.45374 2.48610 2.64653 2.74876 2.74876 2.74876 2.73876 2.65281 2.62218 2.45736 2.26623 2.16611 4.18593 4.18593 4.18593 4.18593 4.18593 5.91380 6.95431 6.97750 6.57526 6.57171 6.57171 6.57171 6.57171 6.59996 6.67100 6.74251 6.81393 6.85061 7.27074 7.35106 7.35106 7.34352 7.61172 7.64137 7.71305 7.88972 7.88972 7.88972 7.88520 7.87694 7.86883 7.93019 7.93164 7.85972
2.82963 2.85289 2.85179 2.39930 2.29369 2.25830 2.22271 2.18718 2.11901 2.05594 2.07082 2.08207 2.12325 2.22674 2.33079 2.43573 2.53993 2.62738 2.63722 2.63722 2.61338 2.49023 2.49023 2.59025 2.59797 2.47210 2.32792 2.16046 2.10378 2.13550 2.16611 2.16611 2.16611 4.23386 4.25404 4.27382 4.29405 4.31383 5.21026 7.05883 7.09820 6.72678 6.68535 6.76329 6.84268 6.92234 6.97337 6.98190 6.98988 6.99788 7.00588 7.08026 7.09342 7.08351 7.07263 7.25763 7.40658 7.42938 7.57498 7.52897 7.48292 7.32334 7.07985 6.83654 6.63807 6.42917 6.24937
2.64047 2.69393 2.65837 2.35070 2.04924 2.05554 2.05554 2.07042 2.16395 2.29374 2.39956 2.50361 2.60963 2.63722 2.63722 2.63722 2.63722 2.63722 2.63780 2.73648 2.90661 2.94815 3.09826 3.16667 2.17060 2.07955 2.05432 2.05166 2.05211 2.09363 2.17007 2.17174 2.17344 4.74787 4.74787 4.74787 4.74787 4.74787 4.81295 7.21572 7.40472 7.23014 7.07385 7.07539 7.07539 7.07953 7.09831 7.11847 7.13864 7.15878 7.17894 7.17053 7.15336 7.17352 7.19368 7.09652 6.88857 6.65598 6.41814 6.20648 6.00107 5.91336 5.91336 5.91336 5.93376 5.99285 5.99285
