High_resolution/powerplant/Chizhou/OMI_NO2_201009.asc
ncols      200
nrows      200
xllcorner       115.585
yllcorner       28.7700
cellsize     0.0166667
NODATA_Value      -999.000
[rows 78 to 103 of 169, columns 58 to 115 of 200]
      9*                     =*                       :*             8*                  8*                  8*                8*                  :*                  :*                  :*                :*      *       2     *       =      *        =     *        9      *        ?  
:       2*                 8*            ;*            9*                  2*                 2*                    3*                      <*                3*             >*                  2*                 8*                   >*                        >*              
=*                        =*                         :*            :*                :*                  :*                  :*                  :*                  :*               :*                :*    *        <      *       =    *       3     *       ?  *?  *2     *  9   * 
8      8*                  ;*            ;*              ;*                   8*                 >*                  8*                   8*                 :*              2*                       2*                    ;*                   ?*                  >*  
   >*                  >*                     =*                        =*                        <*                    :*                  :*                  :*                  :*                  :*                
      :*                       :*                              :*                          :*                  :*      *        =       *     =      *    3      *     2    *    =  *    9    *   9    *    8      8*                  ;*               :*             :*             >*              
            8*              :*            :*             8*                3*                  3*                2*                    3*                  =*                   2*                  9*                   >*                  >*                   3*            
         ;*                      8*                  8*                  8*                 :*                  :*                        :*                              :*                              :*                              :*       
               :*                  :*          *          8       *     9      *    <      *      =    *=    *:    *  >   *    <      2*                  :*              :*            8*                  3*                8*            =*            ?*           
1.68259 1.68259 1.68259 1.68909 2.34380 2.40451 2.40451 2.40451 2.40451 2.40451 2.40451 2.40451 2.40451 2.40451 2.40451 2.40451 3.05436 4.52758 4.52758 4.52758 4.52758 4.56889 5.00391 5.18008 5.35485 5.52963 5.70335 5.77257 5.77257 5.77257 5.77257 5.77257 5.77257 5.77257 5.77257 5.77257 5.77257 5.77257 5.77145 5.11797 4.94058 4.91150 5.01281 5.97022 5.97413 5.97413 5.97413 5.97413 5.97413 5.97413 5.97413 5.97413 5.97413 5.97413 5.97413 5.96275 5.51253 5.48788
1.68259 1.68259 1.68259 1.68259 2.13685 2.40451 2.40451 2.40451 2.40451 2.40451 2.40451 2.40451 2.40451 2.40451 2.40451 2.40451 2.40663 4.39839 4.64483 4.72555 4.80619 4.88632 5.61446 5.77257 5.77257 5.77257 5.77257 5.77257 5.77257 5.77257 5.77257 5.77257 5.77257 5.77257 5.77248 5.75584 5.72673 5.69759 5.66962 5.25577 4.88179 4.88179 4.88179 5.74484 5.97413 5.97413 5.97413 5.97413 5.97413 5.97413 5.97413 5.97413 5.97413 5.97413 5.97413 6.00434 5.61170 5.25683
1.68259 1.68259 1.68259 1.68259 1.92342 2.40451 2.40451 2.40451 2.40451 2.40451 2.40451 2.40451 2.45509 2.61302 2.77438 2.93566 3.09710 4.37898 4.91790 4.91790 4.91790 4.91790 5.36455 5.77257 5.77257 5.77257 5.77257 5.77257 5.77257 5.77257 5.77257 5.76148 5.73263 5.70352 5.67446 5.66202 5.66202 5.66202 5.66202 5.48158 4.88179 4.88179 4.88179 5.39251 5.97413 5.97413 5.97413 5.97413 5.97413 5.97413 6.02141 6.16989 6.32166 6.47335 6.62512 6.74659 6.02239 4.92047
1.68259 1.68259 1.68259 1.68259 1.72468 2.38978 2.40451 2.43659 2.58702 2.74823 2.90966 3.07102 3.18164 3.18515 3.18515 3.18515 3.18515 3.75719 4.91790 4.91790 4.91790 4.91790 5.11447 5.77257 5.77257 5.77257 5.77257 5.76605 5.73850 5.70941 5.68030 5.66225 5.66202 5.66202 5.66202 5.66202 5.66202 5.66202 5.66202 5.65187 4.93711 4.88179 4.88179 5.04061 5.97371 6.04246 6.19399 6.34569 6.49738 6.64922 6.75356 6.75685 6.75685 6.75685 6.75685 6.75685 6.54199 4.63062
1.68259 1.68259 1.68191 1.67466 1.66572 2.55428 3.04487 3.17422 3.18515 3.18515 3.18515 3.18515 3.18515 3.18515 3.18515 3.18515 3.18515 3.19138 4.79566 4.91790 4.91790 4.91790 4.92816 5.70572 5.74442 5.71528 5.68619 5.66361 5.66202 5.66202 5.66202 5.66202 5.66202 5.66202 5.66202 5.66202 5.66202 5.66202 5.66202 5.66180 5.21220 5.12576 5.27746 5.42915 6.47914 6.75661 6.75685 6.75685 6.75685 6.75685 6.75685 6.75685 6.75685 6.51807 5.87927 5.23340 4.58867 2.71198
1.65953 1.65060 1.64234 1.64067 1.64067 2.33310 3.18515 3.18515 3.18515 3.18515 3.18515 3.18515 3.18515 3.18515 3.18515 3.18515 3.18515 3.18515 4.40383 4.91687 4.89565 4.86654 4.83740 5.36283 5.66202 5.66202 5.66202 5.66202 5.66202 5.66202 5.66202 5.66202 5.66202 5.66202 5.66175 5.63354 5.58569 5.53784 5.48998 5.44234 5.51088 5.66451 5.66451 5.66451 6.21035 6.75685 6.75685 6.75685 6.75685 6.56623 5.93789 5.29315 4.64792 4.24147 4.23541 4.23541 4.23541 3.23397
1.64067 1.64067 1.64067 1.64067 1.64067 1.87927 3.18515 3.18515 3.18515 3.18515 3.18515 3.18515 3.18515 3.18515 3.18515 3.18515 3.18489 3.18449 3.59267 4.81521 4.80735 4.80735 4.80735 5.10879 5.66202 5.66202 5.66202 5.66202 5.66202 5.66175 5.63306 5.58521 5.53736 5.48950 5.44191 5.42275 5.42275 5.42275 5.42275 5.42275 5.44311 5.66255 5.66451 5.66451 5.85796 6.60884 5.99714 5.35216 4.70717 4.25256 4.23541 4.23541 4.23541 4.23541 4.23541 4.23541 4.23541 3.75796
1.64067 1.64067 1.64067 1.64067 1.64067 1.64083 2.96976 3.18515 3.18515 3.18515 3.18515 3.18515 3.18502 3.18460 3.18430 3.18409 3.18400 3.18400 3.19050 4.62104 4.80735 4.80735 4.80735 4.86948 5.65094 5.63259 5.58473 5.53688 5.48903 5.44163 5.42275 5.42275 5.42275 5.42275 5.42275 5.42275 5.42275 5.42275 5.42275 5.42275 5.42275 5.59971 5.55205 5.43807 5.32441 4.41376 4.23541 4.23541 4.23541 4.23541 4.23541 4.23541 4.23541 4.23541 4.23541 4.23541 4.23541 4.19134
1.64067 1.64067 1.64067 1.64067 1.64067 1.64067 2.51593 3.18515 3.18511 3.18471 3.18438 3.18415 3.18401 3.18400 3.18400 3.18400 3.18400 3.18400 3.18400 4.09871 4.76381 4.67324 4.58271 4.49213 5.20109 5.42275 5.42275 5.42275 5.42275 5.42275 5.42275 5.42275 5.42275 5.42275 5.42275 5.42275 5.42275 5.41807 5.33306 5.21908 5.10515 5.12543 5.23146 5.23146 5.23146 4.70050 4.23541 4.23541 4.23541 4.23541 4.23541 4.23541 4.23541 4.23541 4.23541 4.23541 4.23541 4.23541
1.64067 1.64067 1.64067 1.64067 1.64191 1.84798 2.39707 3.18421 3.18404 3.18400 3.18400 3.18400 3.18400 3.18400 3.18400 3.15383 3.06487 2.97421 2.88359 3.17890 4.36936 4.36936 4.36936 4.36936 4.87221 5.42275 5.42275 5.42275 5.42275 5.42275 5.42275 5.42275 5.42275 5.42232 5.35589 5.24186 5.12793 5.01867 4.98970 4.98970 4.98970 5.04069 5.23146 5.23146 5.23146 5.02078 4.23541 4.23541 4.23541 4.23541 4.23541 4.23541 4.23541 4.19265 4.05198 3.90750 3.76324 3.61891
1.64067 1.75504 2.03506 2.22747 2.36429 2.41176 2.43261 3.14701 3.18400 3.18400 3.16478 3.07963 2.98910 2.89857 2.80795 2.74751 2.74602 2.74602 2.74602 2.75966 4.21238 4.36936 4.36936 4.36936 4.56541 5.42275 5.42275 5.42275 5.42275 5.42275 5.37793 5.26468 5.15070 5.03720 4.98970 4.98970 4.98970 4.98970 4.98970 4.98970 4.98970 4.99159 5.21088 5.23146 5.23146 5.22747 4.34914 4.23541 4.17176 4.02772 3.88317 3.73876 3.59451 3.49287 3.48913 3.48913 3.48913 3.48913
2.32723 2.40902 2.41176 2.41176 2.41176 2.41173 2.41144 2.82264 2.91333 2.82293 2.75149 2.74602 2.74602 2.74602 2.74602 2.74602 2.74602 2.74602 2.74602 2.74602 3.69686 4.36936 4.36936 4.36936 4.37231 5.30924 5.39586 5.28751 5.17348 5.05955 4.99043 4.98970 4.98970 4.98970 4.98970 4.98970 4.98970 4.98970 4.98970 4.98970 4.98970 4.98970 5.14222 5.14362 4.99921 4.85496 4.14454 3.56996 3.48936 3.48913 3.48913 3.48913 3.48913 3.48913 3.48913 3.48910 3.48257 3.46838
2.41176 2.41154 2.41119 2.41084 2.41049 2.41021 2.41011 2.54160 2.74602 2.74602 2.74602 2.74602 2.74602 2.74602 2.74602 2.74602 2.74602 2.74602 2.74602 2.74602 3.16793 4.36936 4.35585 4.25690 4.14292 4.66509 4.99528 4.98970 4.98970 4.98970 4.98970 4.98970 4.98970 4.98970 4.98970 4.98970 4.98970 4.98910 4.94034 4.86137 4.78240 4.70343 4.59196 4.48518 4.48518 4.48518 4.23949 3.48913 3.48913 3.48913 3.48913 3.48913 3.48356 3.46970 3.45067 3.42294 3.40692 3.40692
2.41024 2.41011 2.41011 2.41011 2.41011 2.41011 2.41011 2.44404 2.74458 2.74602 2.74602 2.74602 2.74602 2.74602 2.74602 2.74602 2.74602 2.74602 2.74519 2.72259 2.71395 3.94618 3.95129 3.93631 3.93631 4.26570 4.98970 4.98970 4.98970 4.98970 4.98970 4.98970 4.98910 4.94034 4.86137 4.78240 4.70343 4.62505 4.59485 4.59485 4.59485 4.59485 4.58695 4.48649 4.48518 4.48518 4.47378 3.57519 3.48449 3.47099 3.45249 3.42558 3.40692 3.40692 3.40692 3.40692 3.40692 3.40692
2.41011 2.41011 2.41011 2.41011 2.41011 2.41011 2.41011 2.41011 2.67975 2.74602 2.74602 2.74602 2.74602 2.74602 2.74602 2.73211 2.70001 2.66783 2.63648 2.62689 2.62689 3.42292 3.93631 3.93631 3.93631 3.98687 4.96189 4.98910 4.94034 4.86137 4.78240 4.70343 4.62505 4.59485 4.59485 4.59485 4.59485 4.59485 4.59485 4.59485 4.59485 4.59485 4.59485 4.50992 4.42508 4.21333 3.99435 3.62140 3.40705 3.40692 3.40692 3.40692 3.40692 3.40692 3.40692 3.40692 3.40692 3.40692
2.41011 2.41011 2.41011 2.41011 2.41011 2.41011 2.41011 2.41011 2.58094 2.74602 2.74602 2.73959 2.70960 2.67741 2.64524 2.62696 2.62689 2.62689 2.62689 2.62689 2.62689 2.99550 3.93631 3.97246 4.04124 4.11001 4.57105 4.62505 4.59485 4.59485 4.59485 4.59485 4.59485 4.59485 4.59485 4.59485 4.59485 4.59485 4.59485 4.59485 4.56255 4.36645 4.14763 3.87529 3.66016 3.65284 3.65284 3.61227 3.40692 3.40692 3.40692 3.40692 3.40692 3.40692 3.40692 3.40692 3.40692 3.40692
2.41011 2.41011 2.41011 2.41011 2.41011 2.41011 2.41011 2.40831 2.45510 2.68700 2.65483 2.62907 2.62689 2.62689 2.62689 2.62689 2.62689 2.62689 2.65291 2.72105 2.78989 2.88671 4.15029 4.26951 4.26951 4.26951 4.41315 4.59485 4.59485 4.59485 4.59485 4.59485 4.59485 4.59485 4.59485 4.59485 4.58178 4.40996 4.19116 3.97209 3.78540 3.76251 3.76251 3.74048 3.65284 3.65284 3.65284 3.64994 3.43541 3.40692 3.40692 3.40692 3.40692 3.40692 3.40692 3.40692 3.25723 2.72433
