High_resolution/powerplant/Chizhou/OMI_NO2_2005_06-08.asc
ncols      200
nrows      200
xllcorner       115.585
yllcorner       28.7700
cellsize     0.0166667
NODATA_Value      -999.000
[rows 87 to 115 of 165, columns 0 to 66 of 200]
1.74900 1.74001 1.80299 1.92384 1.93674 1.94771 1.96087 1.96812 1.96433 1.94369 1.97229 2.06099 2.15227 2.13936 2.14802 2.06312 2.00459 1.92028 1.82484 1.83474 1.72255 1.66309 1.72399 1.48668 1.45409 1.44768 1.50924 1.56564 1.67587 1.62877 1.65148 1.67345 1.73836 1.93987 1.94909 2.01306 1.99820 2.08479 2.45252 2.57699 2.60985 2.56000 2.46385 2.40645 2.43373 2.54419 2.50287 2.53204 2.43216 2.38095 2.38120 2.44602 2.45661 2.40819 2.32619 2.49370 2.55026 2.54776 2.57046 2.60143 2.54332 2.50589 2.81471 3.05716 3.33939 3.48324 3.51245
1.71369 1.71369 1.77078 1.88470 1.91751 1.94601 1.98096 1.97397 1.99099 1.95624 1.78579 1.78311 1.83889 1.78788 1.75238 1.68471 1.68472 1.66123 1.60182 1.65259 1.65459 1.55283 1.60578 1.54714 1.79652 1.80513 1.76895 1.78164 1.91865 1.85432 1.88493 1.90605 1.93095 2.04910 2.09479 2.15731 2.15413 2.23791 2.52513 2.72897 2.79192 2.71788 2.61196 2.48553 2.49997 2.57547 2.54545 2.55241 2.49704 2.41754 2.39909 2.48100 2.44843 2.38519 2.29203 2.38060 2.44029 2.40502 2.42086 2.53142 2.51362 2.50754 2.72637 2.95321 2.99394 3.14694 3.25847
1.83332 1.84416 1.91149 1.97736 2.03491 2.06295 2.05126 1.98025 1.94228 1.89171 1.69800 1.70505 1.76920 1.75702 1.73927 1.66493 1.66289 1.64104 1.59386 1.66434 1.75884 1.62937 1.66420 1.59078 1.82780 1.84829 1.80110 1.76653 1.94953 1.90911 1.97755 2.02883 2.09746 2.20129 2.34007 2.40506 2.48247 2.53130 2.66106 2.78698 2.81626 2.82938 2.86327 2.71191 2.70570 2.71062 2.68189 2.62234 2.56464 2.41183 2.36037 2.38434 2.34673 2.33154 2.35188 2.41580 2.52695 2.52207 2.51224 2.62817 2.57754 2.55459 2.66262 2.93284 3.10842 3.20871 3.53284
1.98018 1.99724 2.04571 2.05040 2.07495 2.09199 2.08758 2.00032 1.98074 1.93580 1.76295 1.68519 1.75850 1.74001 1.70868 1.62896 1.61930 1.58874 1.54428 1.65202 1.81179 1.70530 1.65867 1.60730 1.83078 1.91378 1.91959 1.95400 2.14276 2.19823 2.25567 2.29384 2.34650 2.35421 2.50638 2.45117 2.52315 2.58245 2.68136 2.85362 2.88900 2.85269 2.83869 2.65319 2.56466 2.44501 2.39998 2.36093 2.34827 2.27121 2.25228 2.31577 2.31156 2.29859 2.30123 2.34097 2.43788 2.45056 2.44010 2.55532 2.54536 2.54468 2.62042 2.91352 3.04024 3.05335 3.37872
1.92958 1.92958 1.98061 1.98179 2.00536 2.02268 2.02135 1.94283 1.92209 1.87640 1.74804 1.58718 1.66891 1.66246 1.63203 1.60405 1.63318 1.60683 1.54711 1.59344 1.81457 1.71294 1.63513 1.60597 1.89885 2.09187 2.10835 2.12427 2.25547 2.32176 2.37104 2.35864 2.39230 2.43848 2.56378 2.58182 2.63296 2.59660 2.57362 2.54086 2.56812 2.58996 2.64868 2.60385 2.48894 2.42926 2.42337 2.36918 2.34556 2.30580 2.26635 2.30049 2.29935 2.27848 2.28698 2.34501 2.43753 2.51856 2.55120 2.64818 2.68824 2.66692 2.67058 2.80796 2.89523 2.89626 3.19401
1.86000 1.86000 1.92958 1.92861 1.95130 1.97077 1.96627 1.89898 1.86543 1.79913 1.75256 1.52319 1.59765 1.57877 1.54725 1.55006 1.58940 1.58010 1.53891 1.60092 1.79025 1.77368 1.71562 1.70691 1.89951 2.16959 2.15118 2.12528 2.16993 2.30669 2.40086 2.45222 2.50593 2.51959 2.49712 2.46958 2.45239 2.47141 2.47987 2.47746 2.45642 2.46047 2.59008 2.65116 2.47784 2.43868 2.41491 2.38635 2.34853 2.32132 2.26686 2.29746 2.33015 2.34008 2.36456 2.43336 2.47656 2.54440 2.54359 2.60089 2.69411 2.69143 2.74615 2.80142 2.95449 3.00619 3.13105
1.84427 1.83321 1.88759 1.87902 1.88838 1.92197 1.91997 1.86689 1.82078 1.70740 1.67926 1.42411 1.49844 1.54049 1.53370 1.57649 1.62999 1.64328 1.61856 1.64194 1.75223 1.74679 1.71886 1.67930 1.80236 2.16231 2.21732 2.28224 2.35648 2.55103 2.58710 2.57975 2.57244 2.56511 2.47990 2.42676 2.37330 2.37130 2.33573 2.29835 2.26331 2.30503 2.46191 2.56708 2.43816 2.38555 2.32129 2.33760 2.33641 2.35522 2.29357 2.29794 2.33645 2.38120 2.38247 2.40964 2.40050 2.46789 2.50905 2.54516 2.71160 2.76422 2.80574 2.74909 2.91304 3.02352 3.04202
1.70865 1.71245 1.81353 1.81743 1.83404 1.91161 1.91472 1.89171 1.84216 1.76854 1.80313 1.61033 1.63841 1.75744 1.72889 1.71696 1.77516 1.79587 1.77301 1.90745 2.04716 2.02957 1.97799 2.02584 2.17664 2.39694 2.43210 2.46077 2.47326 2.47084 2.46450 2.44803 2.40571 2.33551 2.23608 2.16863 2.11567 2.17897 2.19443 2.21025 2.16361 2.17721 2.27881 2.44603 2.47367 2.47040 2.41645 2.44872 2.41012 2.40707 2.30250 2.23808 2.24444 2.28575 2.31364 2.34488 2.35188 2.40109 2.41799 2.42302 2.59624 2.67487 2.74296 2.68859 2.79532 3.04066 2.98715
1.66117 1.65876 1.80106 1.80105 1.80113 1.90721 1.91134 1.88938 1.85122 1.79807 1.86327 1.77884 1.76234 1.82587 1.83830 1.90190 2.01353 2.04900 2.01238 2.23154 2.38327 2.33938 2.17945 2.15905 2.22473 2.34220 2.34653 2.30817 2.27832 2.18130 2.12405 2.07689 2.04940 2.04268 2.02647 2.03062 2.11240 2.27673 2.31103 2.28443 2.16771 2.11537 2.15015 2.34074 2.46072 2.51360 2.42290 2.39369 2.35470 2.34550 2.26853 2.21241 2.22269 2.29934 2.32377 2.34992 2.37151 2.40719 2.44009 2.47780 2.61793 2.74435 2.74621 2.67985 2.67943 2.94199 2.96305
1.76730 1.76953 1.91714 1.92075 1.92467 1.90563 1.90705 1.82476 1.78281 1.72489 1.80595 1.87880 1.84399 1.85956 1.92329 2.01391 2.03258 2.08472 1.98331 2.16555 2.32287 2.32020 2.19374 2.12023 2.14043 2.20876 2.15100 2.06704 2.03255 2.02082 2.02558 2.02590 2.03120 2.04043 2.04195 2.02782 2.06806 2.20808 2.21341 2.19447 2.15583 2.16221 2.18034 2.29921 2.35874 2.38976 2.33514 2.33538 2.34034 2.32981 2.27370 2.18507 2.18885 2.28643 2.31319 2.29098 2.44521 2.50213 2.51960 2.55671 2.67121 2.80726 2.78395 2.72623 2.67264 2.86069 2.84386
2.07377 2.08260 2.19322 2.20645 2.26137 2.26604 2.28248 2.23436 2.11557 1.94454 1.91692 1.96383 1.94097 2.04444 2.04776 2.05580 1.97974 2.01933 1.90707 1.93780 2.17616 2.26995 2.18596 2.04646 2.01222 2.08522 2.11785 2.10435 2.11724 2.12804 2.13582 2.12167 2.09050 2.05942 2.03718 2.00883 2.06071 2.22109 2.27360 2.25677 2.20762 2.17922 2.14372 2.16947 2.27395 2.34424 2.32077 2.28972 2.30543 2.27912 2.28013 2.19809 2.23167 2.36985 2.40320 2.38359 2.46260 2.53917 2.53288 2.55504 2.59652 2.76590 2.76590 2.74303 2.68666 2.77913 2.77358
2.13972 2.19201 2.33535 2.37514 2.39014 2.34556 2.24244 2.15985 2.05145 1.85526 1.78904 1.81771 1.77829 1.97536 2.13971 2.15002 2.06555 2.08914 1.97684 1.96722 2.08833 2.26752 2.22439 2.04657 2.03603 2.08473 2.20642 2.15089 2.10316 2.05967 2.02786 2.01582 2.01582 2.01555 2.01296 1.96844 1.99782 2.16002 2.20681 2.18180 2.14339 2.15397 2.15557 2.14896 2.26769 2.38394 2.41840 2.41631 2.44635 2.41734 2.44319 2.35197 2.34713 2.44322 2.44334 2.38887 2.36921 2.50023 2.52305 2.51599 2.53418 2.75882 2.74921 2.71856 2.63769 2.70437 2.77880
2.13649 2.15683 2.30860 2.31226 2.31546 2.27949 2.12049 2.10816 2.02849 1.84009 1.72211 1.68193 1.64241 1.81176 2.04422 2.10933 1.96560 1.96470 1.88642 1.83535 1.92004 2.19125 2.25323 2.11203 1.99125 1.96026 2.06177 2.07207 2.06984 2.06797 2.07789 2.07926 2.05366 2.00634 1.93540 1.87937 1.89886 2.06031 2.16328 2.14178 2.14287 2.12551 2.17411 2.18458 2.26269 2.41868 2.44807 2.44346 2.47725 2.42462 2.41894 2.31230 2.22558 2.27917 2.36049 2.33056 2.28598 2.44254 2.45514 2.42838 2.40778 2.53644 2.52472 2.51174 2.46526 2.46388 2.62413
2.20560 2.25738 2.33780 2.33229 2.32674 2.29267 2.13928 2.10279 2.04814 1.87452 1.73062 1.58087 1.46979 1.61048 2.06026 2.11657 1.88934 1.89161 1.81096 1.73930 1.74861 2.09394 2.19343 2.11507 1.97149 1.92049 2.07043 2.07463 1.99983 1.92292 1.85878 1.80633 1.77335 1.76323 1.76577 1.76933 1.84464 2.05822 2.12848 2.09630 2.10402 2.06305 2.12034 2.15976 2.20858 2.40555 2.40645 2.38946 2.37425 2.27369 2.30068 2.22966 2.11123 2.11587 2.25969 2.23146 2.18370 2.28898 2.31119 2.30489 2.29352 2.39926 2.42676 2.41779 2.41278 2.39388 2.57607
2.05868 2.18621 2.18246 2.17285 2.16289 2.12805 2.02460 1.94642 1.92976 1.75812 1.69927 1.49832 1.34837 1.47199 1.93694 2.03479 1.82885 1.80866 1.79749 1.71323 1.75341 2.02341 2.19920 2.14745 1.96972 1.77358 1.67773 1.73128 1.73770 1.74878 1.76365 1.81028 1.81445 1.81863 1.81894 1.83131 1.85233 2.05141 2.15464 2.11650 2.14607 2.09318 2.17176 2.22838 2.23595 2.32096 2.24557 2.23250 2.22261 2.15760 2.15836 2.11196 1.93070 1.91478 2.10356 2.11730 2.12211 2.18410 2.22624 2.21099 2.19106 2.27484 2.32538 2.33169 2.33713 2.33569 2.47764
1.91346 2.16297 2.18515 2.18478 2.18478 2.13663 2.08473 1.96714 1.96576 1.83130 1.81703 1.62406 1.29451 1.41348 1.81935 1.97654 1.84340 1.83509 1.83746 1.73789 1.75939 1.92654 2.15115 2.02590 1.87946 1.70545 1.62249 1.74403 1.76309 1.77602 1.78256 1.85306 1.84826 1.84766 1.88112 1.89981 1.92309 2.07737 2.17370 2.15074 2.19328 2.12899 2.21505 2.27909 2.24912 2.35074 2.25469 2.21751 2.22628 2.21850 2.19672 2.14223 1.92504 1.89298 2.04490 2.10724 2.11737 2.13047 2.20136 2.17642 2.15589 2.19134 2.25319 2.27630 2.27367 2.28530 2.38891
1.90123 2.08577 2.18478 2.05604 2.05604 2.03568 2.01201 1.89159 1.90810 1.82755 1.81179 1.67265 1.40772 1.51365 1.78278 1.95949 1.81533 1.83967 1.87593 1.83080 1.80664 1.78240 2.14637 2.05610 1.96519 1.80591 1.69929 1.79399 1.82936 1.84104 1.84148 1.89842 1.91771 1.91900 1.95032 1.99664 2.05005 2.13488 2.19846 2.15008 2.18567 2.08276 2.14469 2.31352 2.27841 2.36213 2.28211 2.23079 2.20682 2.21686 2.18506 2.15946 1.94678 1.88273 1.99077 2.14386 2.17354 2.17933 2.22382 2.21186 2.17838 2.18465 2.26251 2.28480 2.29443 2.31622 2.41060
2.04774 2.15488 2.39024 2.17857 2.14389 1.97717 1.95366 1.92909 1.95406 1.95805 1.93743 1.87896 1.36700 1.45249 1.62945 1.86190 1.72458 1.73900 1.79219 1.76808 1.83596 1.78771 2.16549 2.13540 2.06562 1.90339 1.74691 1.77771 1.84352 1.85060 1.83167 1.88919 1.93186 1.95284 2.01674 2.04605 2.09097 2.12506 2.25810 2.20266 2.25897 2.22126 2.26342 2.31384 2.26108 2.27873 2.27569 2.20293 2.18009 2.19915 2.16174 2.14795 1.97294 1.90082 1.95585 2.16317 2.18962 2.18516 2.21064 2.22284 2.19839 2.21919 2.34318 2.39884 2.41453 2.47420 2.54533
1.90261 1.90525 2.18847 1.98523 1.97643 1.87108 1.87776 1.86321 1.91702 1.94042 1.98422 2.01356 1.56588 1.64985 1.77296 2.02400 1.88488 1.89790 2.00154 1.93240 1.94007 1.97923 2.14809 2.11904 2.07980 1.99872 1.82858 1.85974 1.96250 2.02502 2.05879 2.09222 2.12138 2.13381 2.17706 2.25795 2.29491 2.29096 2.43236 2.34755 2.36224 2.32111 2.38749 2.39050 2.33689 2.29735 2.26565 2.11561 2.02338 1.96964 1.88085 1.87749 1.82653 1.86882 1.89141 2.13704 2.20902 2.25138 2.30432 2.37046 2.34304 2.34104 2.42191 2.48543 2.48246 2.53771 2.62656
1.89543 1.88669 2.06312 1.95303 1.91032 1.89604 1.86458 1.86586 1.88826 1.97233 2.08422 2.11122 1.80788 1.82816 1.95460 2.06830 1.99265 2.03602 2.08594 1.94228 1.92023 1.98441 2.10269 2.15443 2.08248 2.07187 1.99684 2.01687 2.09149 2.13390 2.11659 2.12238 2.14277 2.14924 2.20387 2.33320 2.36125 2.29450 2.34922 2.27546 2.25862 2.25830 2.25037 2.16746 2.12750 2.07320 2.07798 1.92293 1.84412 1.79797 1.77272 1.80743 1.85370 1.92696 2.01026 2.23818 2.34309 2.37581 2.40477 2.48419 2.45800 2.46115 2.47276 2.50713 2.49455 2.57363 2.64325
1.61981 1.61939 1.67502 1.63222 1.59813 1.59693 1.59129 1.59454 1.66117 1.79490 1.93528 1.99819 1.85245 1.88683 2.01561 2.11996 2.09453 2.10642 2.20692 2.04973 2.06950 2.16670 2.21217 2.29207 2.20228 2.19554 2.14540 2.16812 2.16686 2.19912 2.19557 2.22242 2.28150 2.30989 2.38876 2.48677 2.51989 2.45096 2.30261 2.23289 2.23516 2.29046 2.32291 2.28569 2.26327 2.23988 2.21046 2.09917 2.06355 2.08236 2.14450 2.18940 2.20346 2.16722 2.23317 2.36082 2.51633 2.56980 2.58050 2.65018 2.62179 2.59116 2.56761 2.52727 2.51784 2.56850 2.59672
1.80338 1.80231 1.88634 1.94899 1.90027 1.89777 1.85339 1.85267 1.87872 2.04319 2.14269 2.23375 2.15045 2.06933 2.06369 2.10590 2.18994 2.21780 2.39521 2.23495 2.13195 2.17123 2.18695 2.29781 2.25866 2.29369 2.27799 2.31785 2.35614 2.39265 2.38561 2.38563 2.40553 2.41578 2.46585 2.50186 2.54191 2.46817 2.33362 2.25925 2.28916 2.35003 2.35950 2.34144 2.31526 2.28388 2.22496 2.20583 2.19726 2.19643 2.23980 2.26128 2.30677 2.26082 2.27668 2.36801 2.59361 2.67186 2.70299 2.75026 2.73571 2.68452 2.66525 2.58444 2.57674 2.60904 2.66646
1.76798 1.75914 1.79471 1.87408 1.90885 1.88677 1.84321 1.83892 1.84309 2.01143 2.07301 2.18564 2.14929 2.03949 1.98690 1.95207 2.03891 2.02810 2.34218 2.26251 2.08263 2.13935 2.06676 2.20684 2.37019 2.32768 2.31821 2.31338 2.35496 2.38482 2.36501 2.36470 2.38008 2.38512 2.44846 2.46985 2.54458 2.50649 2.33247 2.19941 2.21743 2.27945 2.25915 2.22532 2.19551 2.18378 2.15893 2.18815 2.21521 2.25481 2.28774 2.30332 2.34925 2.36128 2.48682 2.51567 2.67777 2.67058 2.66474 2.68283 2.67878 2.64595 2.62592 2.58405 2.59360 2.63209 2.72219
1.74532 1.64403 1.68235 1.71655 1.83258 1.80452 1.78080 1.78080 1.79657 1.97272 1.93965 2.00647 1.92004 1.85591 1.81866 1.77953 2.11598 2.19778 2.41189 2.39991 2.19720 2.21832 2.15408 2.29751 2.45540 2.47590 2.37562 2.32952 2.35638 2.39777 2.38482 2.39815 2.42206 2.42573 2.44561 2.44168 2.51118 2.48650 2.36558 2.22832 2.22828 2.32232 2.36164 2.40434 2.44433 2.42570 2.37700 2.35259 2.40162 2.43269 2.44827 2.42594 2.44136 2.44450 2.51492 2.53831 2.68566 2.74891 2.73800 2.75828 2.76331 2.74780 2.71267 2.70071 2.68531 2.71874 2.77150
1.71763 1.62924 1.66543 1.61210 1.80855 1.76201 1.70701 1.67009 1.67797 1.79407 1.91706 1.98997 2.02086 2.03943 2.00787 1.96006 2.15261 2.22449 2.38658 2.43686 2.25917 2.22812 2.18064 2.27527 2.43858 2.53675 2.40763 2.33722 2.35039 2.41497 2.41350 2.41450 2.43550 2.43973 2.45576 2.44587 2.49888 2.55830 2.53483 2.51055 2.53164 2.58171 2.56641 2.58473 2.57294 2.51630 2.47382 2.40773 2.44651 2.45152 2.48463 2.49825 2.52886 2.57084 2.64316 2.70132 2.78055 2.88068 2.84568 2.85345 2.84815 2.82735 2.76145 2.75091 2.70451 2.69228 2.71001
1.74191 1.64518 1.66838 1.58074 1.76597 1.69125 1.62558 1.61927 1.67302 1.79601 2.07062 2.09716 2.14698 2.22645 2.17401 2.15608 2.29123 2.38607 2.47111 2.67105 2.62865 2.54637 2.57108 2.66108 2.68854 2.84756 2.67504 2.59154 2.55937 2.59464 2.59889 2.57992 2.55973 2.57618 2.62585 2.68531 2.76347 2.75573 2.70094 2.60691 2.57874 2.60084 2.56920 2.58215 2.64878 2.65232 2.65006 2.57430 2.62756 2.66510 2.67817 2.66175 2.64751 2.68769 2.71425 2.75886 2.80548 2.94382 2.92258 2.90219 2.86556 2.81060 2.68108 2.65128 2.60649 2.65758 2.68249
1.72719 1.62650 1.66073 1.75224 1.90387 1.96824 1.88860 1.91245 1.96265 1.95544 2.21401 2.28573 2.30001 2.41770 2.37445 2.36887 2.38297 2.49701 2.55371 2.73630 2.78756 2.67207 2.72160 2.76715 2.72959 2.88305 2.73621 2.61850 2.53314 2.59815 2.68336 2.76437 2.82066 2.81175 2.78846 2.78422 2.77792 2.72661 2.70713 2.65671 2.64156 2.69920 2.67534 2.69189 2.75135 2.78053 2.76020 2.67405 2.67488 2.68705 2.71733 2.68126 2.65440 2.68887 2.69796 2.72819 2.71660 2.83399 2.82133 2.77035 2.75264 2.73519 2.65262 2.68821 2.69395 2.73966 2.73598
1.76843 1.66153 1.72548 1.83383 1.93016 2.09894 1.96049 1.95431 1.98082 1.93661 2.08568 2.23091 2.25253 2.35024 2.44683 2.47411 2.42431 2.52247 2.53287 2.69077 2.79025 2.70654 2.67805 2.77979 2.75833 2.88713 2.89749 2.90044 2.88560 2.81359 2.81596 2.81761 2.80832 2.86188 2.82735 2.83269 2.85614 2.81328 2.78454 2.74778 2.77277 2.71750 2.66717 2.64548 2.67968 2.70976 2.71365 2.66788 2.66758 2.66420 2.66180 2.58022 2.49368 2.47771 2.47399 2.49186 2.49839 2.66608 2.76998 2.71341 2.71830 2.70050 2.61427 2.65976 2.71805 2.75459 2.74789
2.04089 1.95220 1.97408 2.02815 2.09225 2.28663 2.17461 2.13307 2.14073 2.13812 2.19187 2.42103 2.42828 2.43610 2.48605 2.53271 2.49621 2.49987 2.51777 2.66894 2.80871 2.84089 2.84457 3.10735 3.18436 3.31197 3.37642 3.35169 3.14774 3.04826 2.99435 3.01427 2.97449 3.07101 3.01885 2.93703 2.94736 2.89454 2.85977 2.83156 2.86899 2.75472 2.76006 2.75169 2.81757 2.85289 2.87012 2.87121 2.87651 2.91023 2.78339 2.62785 2.58062 2.57184 2.62914 2.63067 2.69269 2.78216 2.94509 2.86405 2.83083 2.79089 2.69193 2.71959 2.75065 2.78381 2.76417
