High_resolution/powerplant/Chizhou/OMI_NO2_200602.asc
ncols      200
nrows      200
xllcorner       115.585
yllcorner       28.7700
cellsize     0.0166667
NODATA_Value      -999.000
[rows 60 to 89 of 165, columns 132 to 197 of 200]
2.75664 2.75664 2.75664 2.75664 2.75664 2.75664 2.75664 2.75664 2.75664 2.75664 2.75664 0.00000 0.00000 0.00000 0.00000 0.00000 0.00000 0.00000 0.00000 0.00000 3.57388 3.57388 3.57388 3.57388 3.57388 3.57388 3.57388 3.57388 3.57388 3.57388 3.57388 3.57388 3.57388 2.19113 2.07671 2.00609 1.91914 1.91914 1.91914 1.91914 1.91914 1.91914 1.91914 1.91914 1.91914 1.91914 1.91914 1.91914 2.25570 2.36104 2.55760 3.18744 3.43712 3.68680 3.93647 4.18598 4.38972 4.40880 4.40880 4.40880 4.40880 4.40880 4.40880 4.92726 5.20618 5.11178
2.75664 2.75664 2.75664 2.75664 2.75664 2.75664 2.75664 2.75664 2.75664 2.75664 2.75664 0.00000 0.00000 0.00000 0.00000 0.00000 0.00000 0.00000 0.00000 0.00000 3.57388 3.57388 3.57388 3.57388 3.57388 3.57388 3.57388 3.57388 3.57388 3.57388 3.57388 3.57388 3.57388 2.45911 2.07671 2.04762 1.91914 1.91914 1.91914 1.91914 1.91914 1.91914 1.91984 1.92477 1.93040 1.93604 1.94167 1.94730 2.17416 2.39816 2.58146 4.40156 4.40880 4.40880 4.40880 4.40880 4.40880 4.40880 4.40880 4.40880 4.40880 4.40880 4.40880 4.72057 5.20618 5.19746
2.75664 2.75664 2.75664 2.75664 2.75664 2.75664 2.75664 2.75664 2.75664 2.75664 2.75664 0.00000 0.00000 0.00000 0.00000 0.00000 0.00000 0.00000 0.00000 0.00000 3.57388 3.57388 3.57388 3.57388 3.57388 3.57388 3.57388 3.57388 3.57388 3.57388 3.57388 3.57388 3.57388 2.83380 2.07671 2.07403 1.93392 1.92961 1.93524 1.94087 1.94651 1.95214 1.95707 1.95777 1.95777 1.95777 1.95777 1.95777 2.06365 2.39852 2.39852 4.06022 4.40880 4.40880 4.40880 4.40880 4.40880 4.40880 4.40880 4.40775 4.39974 4.39029 4.38114 4.46200 4.95615 4.90765
2.75664 2.75664 2.75664 2.75664 2.75664 2.75664 2.75664 2.75664 2.75664 2.75664 2.75664 0.00000 0.00000 0.00000 0.00000 0.00000 0.00000 0.00000 0.00000 0.00000 0.00000 3.57388 3.57388 3.57388 3.57388 3.57388 3.57388 3.57388 3.57388 3.54531 3.48064 3.41585 3.35101 3.10395 1.90645 1.86994 1.92528 1.95777 1.95777 1.95777 1.95777 1.95777 1.95777 1.95777 1.95777 1.95777 1.95777 1.95777 1.96787 2.37895 2.39852 3.53654 4.40741 4.39906 4.38976 4.38046 4.37116 4.36186 4.35256 4.34431 4.34302 4.34302 4.34302 4.34302 4.78487 4.84875
2.75664 2.75664 2.75664 2.75664 2.75664 2.75664 2.75664 2.75664 2.75664 2.75664 2.75664 2.75664 0.00000 0.00000 0.00000 0.00000 0.00000 0.00000 0.00000 0.00000 0.00000 3.57388 3.56455 3.50669 3.44188 3.37700 3.31218 3.24734 3.18254 3.14632 3.14619 3.14619 3.14619 3.14619 2.00672 1.86286 1.90007 1.95777 1.95777 1.95777 1.95777 1.95777 1.95777 1.95777 1.95777 1.97574 2.10298 2.24878 2.39458 2.42968 2.35091 2.95514 4.34398 4.34302 4.34302 4.34302 4.34302 4.34302 4.34302 4.34302 4.34302 4.34302 4.34302 4.34302 4.65369 4.84875
2.75664 2.75664 2.75664 2.75664 2.75664 2.75664 2.75811 2.78293 2.81565 2.84845 2.88124 2.96585 0.00000 0.00000 0.00000 0.00000 4.15068 4.15068 4.15068 4.15068 4.15068 3.90752 3.15312 3.14619 3.14619 3.14619 3.14619 3.14619 3.14619 3.14619 3.14619 3.14619 3.14619 3.14619 2.25337 1.86286 1.87494 1.95777 1.96646 2.08102 2.22672 2.37243 2.51813 2.66404 2.80954 2.93738 2.95574 2.95574 2.95574 2.67121 2.33274 2.45035 4.31468 4.34302 4.34302 4.34302 4.34302 4.34302 4.34302 4.34302 4.34302 4.34302 4.34302 4.34302 4.52813 4.86553
2.92072 2.95352 2.98627 3.01903 3.05179 3.08459 3.11591 3.12388 3.12388 3.12388 3.12388 3.12388 0.00000 0.00000 0.00000 4.15068 4.15068 4.15068 4.15068 4.15068 4.15068 4.13340 3.20103 3.14619 3.14619 3.14619 3.14619 3.14619 3.14619 3.14619 3.14619 3.14619 3.14619 3.14619 2.74071 2.40127 2.54687 2.77444 2.92470 2.95574 2.95574 2.95574 2.95574 2.95574 2.95574 2.95574 2.95574 2.95574 2.95574 2.83343 2.33274 2.33274 3.90820 4.34302 4.34302 4.35725 4.39711 4.43379 4.46711 4.49622 4.48575 4.45958 4.43542 4.41306 4.42168 4.67958
3.12388 3.12388 3.12388 3.12388 3.12388 3.12388 3.12388 3.12388 3.12388 3.12388 3.12388 3.12388 0.00000 0.00000 0.00000 4.15068 4.15068 4.15068 4.15068 4.15068 4.15068 4.15068 3.45145 3.14619 3.14619 3.14619 3.14619 3.14619 3.14619 3.14619 3.14619 3.14619 3.14619 3.14619 3.12625 2.86510 2.86083 2.91747 2.95574 2.95574 2.95574 2.95574 2.95574 2.95574 2.95574 2.95574 2.98517 3.06381 3.13577 3.19634 2.79850 2.98479 3.84681 4.53877 4.51286 4.48073 4.43347 4.38571 4.33802 4.29134 4.27652 4.27652 4.27652 4.27652 4.27652 4.55926
3.12388 3.12388 3.12388 3.12388 3.12388 3.12388 3.12388 3.12388 3.12388 3.12388 3.12388 3.12388 0.00000 0.00000 0.00000 4.15068 4.15068 4.15068 4.15068 4.15068 4.15068 4.15068 3.71875 3.14619 3.14619 3.14619 3.14619 3.14619 3.14619 3.14619 3.14619 3.14619 3.14619 3.14619 3.14619 2.90257 2.86083 2.91073 3.04940 3.12277 3.18896 3.24907 3.30400 3.35425 3.40045 3.44463 3.54754 3.66532 3.78264 3.89997 3.73678 3.89947 4.10388 4.27652 4.27652 4.27652 4.27652 4.27652 4.27652 4.27652 4.27652 4.27652 4.27652 4.27652 4.27652 4.47193
3.12388 3.12388 3.12388 3.12388 3.12388 3.12388 3.12388 3.12388 3.12388 3.12388 3.12388 3.12388 3.12388 0.00000 0.00000 4.15068 4.15068 4.15068 4.15068 4.15068 4.15068 4.15068 3.98635 3.14619 3.14619 3.14619 3.14619 3.14619 3.14619 3.14619 3.14619 3.14619 3.14619 3.14619 3.14619 3.23562 3.36988 3.40864 3.46935 3.52977 3.64701 3.76441 3.88166 3.99906 4.11639 4.23210 4.27290 4.27290 4.27290 4.27290 4.10054 3.98364 4.08528 4.27029 4.27652 4.27652 4.27652 4.27652 4.27652 4.27652 4.27652 4.27652 4.27652 4.34569 4.49812 4.75143
3.12388 3.12388 3.12388 3.12388 3.12388 3.12388 3.12388 3.12388 3.12388 3.12388 3.12388 3.12388 3.12388 0.00000 0.00000 4.15068 4.15068 4.15068 4.15068 4.15068 4.15068 4.15068 4.14887 3.25106 3.14619 3.14619 3.14619 3.14619 3.14619 3.14619 3.14619 3.14619 3.13951 3.10890 3.07617 3.14724 3.36140 3.35049 4.04032 4.27290 4.27290 4.27290 4.27290 4.27290 4.27290 4.27290 4.27290 4.27290 4.27290 4.27290 4.20859 3.92951 4.07857 4.22544 4.27652 4.27711 4.36048 4.51444 4.68449 4.87401 5.08607 5.32493 5.59664 5.75004 5.75004 5.75004
3.12388 3.12388 3.12388 3.12388 3.12388 3.12388 3.12388 3.12388 3.12388 3.12388 3.12388 3.12388 3.12388 0.00000 0.00000 4.15068 4.15068 4.15068 4.15068 4.15068 4.15068 4.15068 4.15068 3.51685 3.14619 3.14532 3.12214 3.08939 3.05666 3.02388 2.99113 2.95839 2.93227 2.93013 2.93013 2.93159 3.31632 3.33457 3.84067 4.27290 4.27290 4.27290 4.27290 4.27290 4.27290 4.27290 4.27290 4.27290 4.27335 4.32480 4.41667 4.26594 4.65417 4.97751 5.35110 5.62546 5.75004 5.75004 5.75004 5.75004 5.75004 5.75004 5.75004 5.75004 5.75004 5.75004
3.12388 3.12388 3.12388 3.12388 3.12388 3.12388 3.12388 3.12388 3.12388 3.12388 3.12388 3.12388 3.12388 0.00000 0.00000 4.15068 4.15068 4.15068 4.15068 4.16125 4.20098 4.24245 4.28384 3.84906 2.97162 2.93975 2.93013 2.93013 2.93013 2.93013 2.93013 2.93013 2.93013 2.93013 2.93013 2.93013 3.27215 3.33457 3.59375 4.27290 4.27290 4.27290 4.31126 4.40210 4.50320 4.61614 4.74295 4.88668 5.04986 5.12161 5.12161 5.12161 5.39892 5.51868 5.75004 5.75004 5.75004 5.75004 5.75004 5.75004 5.75004 5.75004 5.75004 5.75004 5.75004 5.75004
3.12388 3.12388 3.12388 3.12388 3.12388 3.12388 3.12388 3.12388 3.12388 3.12388 3.12388 0.00000 0.00000 0.00000 0.00000 4.26002 4.30143 4.34289 4.38425 4.41518 4.41683 4.41683 4.41683 4.26711 2.93340 2.93013 2.93013 2.93013 2.93013 2.93013 2.93013 2.93013 2.93013 2.93013 2.93013 2.93013 3.23524 3.43021 3.52410 4.69068 4.86301 5.02380 5.12149 5.12161 5.12161 5.12161 5.12161 5.12161 5.12161 5.12161 5.12161 5.12161 5.31767 5.45781 5.73362 5.75004 5.75004 5.75004 5.75004 5.72317 5.65979 5.59623 5.53267 5.49284 5.50655 5.52225
0.00000 0.00000 0.00000 0.00000 0.00000 0.00000 0.00000 0.00000 0.00000 0.00000 0.00000 0.00000 0.00000 0.00000 0.00000 4.41683 4.41683 4.41683 4.41683 4.41683 4.41683 4.41683 4.41683 4.41683 3.17990 2.93013 2.93013 2.93013 2.93013 2.93013 2.93013 2.93013 2.93013 2.93013 2.93013 2.93013 3.16954 3.71412 3.71412 4.76987 5.12161 5.12161 5.12161 5.12161 5.12161 5.12161 5.12161 5.12161 5.12161 5.12161 5.10032 5.05996 5.11477 5.21999 5.36430 5.38979 5.35667 5.37173 5.38749 5.43028 5.50935 5.58883 5.66809 5.72372 5.72575 5.72575
0.00000 0.00000 0.00000 0.00000 0.00000 0.00000 0.00000 0.00000 0.00000 0.00000 0.00000 0.00000 0.00000 0.00000 0.00000 4.41683 4.41683 4.41683 4.41683 4.41683 4.41683 4.41683 4.41683 4.41683 3.57542 2.93013 2.93013 2.93013 2.93013 2.93013 2.93013 2.93013 2.93013 2.93013 2.93013 2.93013 2.94041 3.68404 3.71412 4.39937 5.12161 5.10781 5.06805 5.02770 4.98741 4.94702 4.90674 4.86638 4.82603 4.80085 4.83114 4.88159 4.94260 5.08123 5.33494 5.67632 5.72513 5.72575 5.72575 5.72575 5.72575 5.72575 5.72575 5.72575 5.72575 5.72575
0.00000 0.00000 0.00000 0.00000 0.00000 0.00000 0.00000 0.00000 0.00000 0.00000 0.00000 0.00000 0.00000 0.00000 0.00000 4.41683 4.41683 4.41683 4.41683 4.41683 4.41683 4.41683 4.41683 4.41683 3.97152 2.93013 2.93013 2.93013 2.93013 2.93013 2.93013 2.93013 2.92192 2.84024 2.75715 2.68883 2.63167 3.25607 3.46698 3.74126 4.79376 4.76729 4.77605 4.82270 4.87329 4.92392 4.97448 5.02514 5.07569 5.11121 5.11249 5.11249 5.11249 5.19701 5.30336 5.72575 5.72575 5.72575 5.72575 5.72575 5.72575 5.72575 5.72575 5.72575 5.72575 5.72575
0.00000 0.950437 0.950437 0.950437 0.950437 0.950437 0.950437 0.950437 0.950437 0.950437 0.950437 0.950437 0.950437 0.950436 0.950437 4.41683 4.41683 4.41683 4.41683 4.41683 4.41683 4.41683 4.41683 4.41683 4.26297 2.83219 2.73075 2.66685 2.61313 2.56727 2.52768 2.49320 2.46494 2.45957 2.45957 2.46838 2.61651 3.20721 3.90779 4.12627 4.99149 5.06736 5.10861 5.11249 5.11249 5.11249 5.11249 5.11249 5.11249 5.11249 5.11249 5.11249 5.11249 5.17288 5.21332 5.68172 5.72575 5.72575 5.72575 5.72575 5.72575 5.72575 5.72575 5.72575 5.72575 5.72575
0.950437 0.950437 0.950437 0.950437 0.950437 0.950437 0.950437 0.950437 0.950437 0.950437 0.950437 0.950437 0.950437 0.950437 0.950437 4.41683 4.41683 4.41683 4.41683 4.41683 4.41683 4.41683 3.50459 3.25998 3.20522 2.63268 2.45957 2.45957 2.45957 2.54186 2.73717 2.93313 3.12883 3.32467 3.52062 3.70777 3.75559 3.92923 4.65522 4.65522 4.97470 5.11249 5.11249 5.11249 5.11249 5.11249 5.11249 5.11249 5.11249 5.11249 5.11249 5.11249 5.11249 5.14886 5.21095 5.54999 5.72575 5.72575 5.72575 5.72575 5.72575 5.72575 5.72575 5.72575 5.72575 5.72575
0.950437 0.950437 0.950437 0.950437 0.950437 0.950437 0.950437 0.950437 0.950437 0.950437 0.950437 0.950437 0.950437 0.950437 0.950437 4.41683 4.41683 4.41683 4.41683 4.41683 4.41683 4.41683 3.58956 3.29590 3.39479 3.26365 3.24962 3.44571 3.64141 3.75495 3.75559 3.75559 3.75559 3.75559 3.75559 3.75559 3.75559 3.76441 4.59840 4.65522 4.85484 5.11249 5.11249 5.11249 5.11249 5.11249 5.11249 5.11249 5.11249 5.11249 5.11249 5.11249 5.11249 5.12467 5.21095 5.41589 5.72575 5.72575 5.72575 5.72575 5.72575 5.72575 5.72575 5.72575 5.72575 5.72575
0.950437 0.950437 0.950437 0.950437 0.998031 1.11576 1.21753 1.30500 1.38145 1.44850 1.50796 1.56100 1.60850 1.65152 1.52664 4.41683 4.48947 4.68509 4.88249 5.08026 5.27778 5.47530 4.85213 3.83680 3.83680 3.81776 3.75559 3.75559 3.75559 3.75559 3.75559 3.75559 3.75559 3.75559 3.75559 3.75559 3.75559 3.75559 4.38587 4.65522 4.73495 5.11249 5.11249 5.11249 5.11249 5.11249 5.11249 5.11249 5.11249 5.11249 5.11249 5.11249 5.11249 5.11249 5.19904 5.28184 5.72575 5.72575 5.72575 5.72575 5.72575 5.72575 5.72575 5.75584 5.81222 5.86870
1.56977 1.61650 1.65867 1.69700 1.71985 1.72023 1.72023 1.72023 1.72023 1.72023 1.72023 1.72023 1.72023 1.72023 1.67197 5.55771 5.68258 5.68461 5.68461 5.68461 5.68461 5.68461 5.51535 3.85330 3.83680 3.83527 3.75969 3.75559 3.75559 3.75559 3.75559 3.75559 3.75559 3.75559 3.75559 3.75559 3.75559 3.75559 4.16411 4.65522 4.65686 5.07067 5.11249 5.11249 5.11249 5.11249 5.11249 5.11249 5.11249 5.11249 5.11249 5.11249 5.11249 5.11798 5.25175 5.31084 5.81885 5.93847 5.99486 6.06858 6.27721 6.51393 6.75091 6.95802 7.13831 7.31885
1.72023 1.72023 1.72023 1.72023 1.72023 1.72023 1.72023 1.72023 1.72023 1.72023 1.72023 1.72023 1.72023 1.72023 1.72023 5.68461 5.68461 5.68461 5.68461 5.68461 5.68461 5.68461 5.68461 4.06227 3.83680 3.83680 3.77948 3.75559 3.75559 3.75559 3.75559 3.75559 3.75559 3.75559 3.75559 3.75559 3.75559 3.75559 3.94299 4.65522 4.65522 4.95247 5.11249 5.11249 5.11249 5.22231 5.43042 5.63853 5.84682 6.05475 6.26286 6.47134 6.68572 6.95531 6.62690 5.96800 6.60849 7.15521 7.33549 7.49888 7.52730 7.52730 7.52730 7.52730 7.52730 7.52730
1.72023 1.72023 1.72023 1.72023 1.72023 1.72023 1.72023 1.72023 1.72023 1.72023 1.72023 1.72023 1.72023 1.72023 1.72023 5.68461 5.68461 5.68461 5.68461 5.68461 5.68461 5.68461 5.68461 4.40049 3.83680 3.83680 3.80100 3.75559 3.75559 3.75559 3.75559 3.75559 3.75559 3.75559 3.75559 3.75559 3.78427 3.90359 4.04227 5.26803 5.55502 5.94027 6.42814 6.63662 6.84455 6.94574 7.00511 7.08646 7.16757 7.24892 7.33009 7.41132 7.48597 7.50036 7.32455 6.28958 6.73034 7.52730 7.52730 7.52730 7.52730 7.52730 7.52730 7.52730 7.52730 7.52730
1.72023 1.72023 1.72023 1.72023 1.72023 1.72023 1.72023 1.72629 1.74803 1.77182 1.79721 1.82402 1.85284 1.88330 1.91600 5.68461 5.68461 5.68461 5.68461 5.68461 5.68461 5.68461 5.68461 4.86653 3.83680 3.83680 3.82251 3.75559 3.82219 3.94802 4.07375 4.19948 4.32520 4.45104 4.57676 4.70239 4.79944 4.80595 4.80595 6.14326 6.88059 7.17126 7.23771 7.31894 7.40017 7.47856 7.50036 7.50036 7.50036 7.50036 7.50036 7.50036 7.50036 7.50036 7.49891 6.40974 6.41051 7.52446 7.52730 7.52730 7.52730 7.52730 7.52730 7.52730 7.52730 7.52730
2.06770 2.11477 2.16655 2.22262 2.28423 2.35249 2.42741 2.48757 2.49003 2.49003 2.49003 2.33534 2.01574 1.78575 1.61424 5.68461 5.68461 5.68461 5.68461 5.67926 5.47373 5.21675 5.00921 4.74805 4.44203 4.57668 4.70211 4.75443 4.80595 4.80595 4.80595 4.80595 4.85673 5.09890 5.35950 5.61992 5.88034 6.14093 6.40135 7.31558 8.20679 8.20679 7.59699 7.50036 7.50036 7.50036 7.50036 7.50036 7.50036 7.50036 7.50036 7.50036 7.50036 7.50036 7.50036 6.70310 6.28958 7.32283 7.52730 7.52730 7.52730 7.52730 7.52730 7.52730 7.52730 7.52730
2.49003 2.49003 2.49003 2.49003 2.49003 2.49003 2.45644 2.15258 1.88468 1.68907 1.53979 1.46248 1.46135 1.46135 1.46135 4.84227 4.69634 4.57167 4.46432 4.37183 4.34305 4.34305 4.34305 4.34305 4.77088 4.88590 4.83542 5.06542 5.51768 5.77810 6.03869 6.29894 6.50893 6.52718 6.52718 6.52718 6.52718 6.52718 6.52718 6.90254 8.20679 8.20679 7.78206 7.50036 7.50036 7.50036 7.50036 7.50036 7.50036 7.50036 7.50036 7.50036 7.50036 7.50036 7.50036 6.99789 6.28958 6.99991 7.52730 7.52730 7.52730 7.52730 7.52730 7.52730 7.52730 7.52730
2.49003 2.49003 2.31446 1.99947 1.77393 1.60515 1.48304 1.46135 1.45554 1.42444 1.39045 1.35642 1.32236 1.28837 1.25435 4.34305 4.34305 4.34305 4.34305 4.32991 4.26030 4.18437 4.10834 4.03246 4.24889 4.42587 4.40042 5.21132 6.52718 6.52718 6.52718 6.52718 6.52718 6.52718 6.52718 6.52718 6.52718 6.52718 6.52718 6.56127 8.13406 8.20679 7.96720 7.50036 7.50036 7.50036 7.50036 7.50036 7.50036 7.50036 7.50036 7.50036 7.50036 7.50036 7.50036 7.29247 6.28958 6.67699 7.52730 7.52730 7.52730 7.52730 7.52730 7.52730 7.52730 7.52730
1.54500 1.37742 1.28313 1.24876 1.21474 1.18071 1.14673 1.11270 1.08452 1.08160 1.08160 1.08160 1.08160 1.08160 1.08160 4.15341 4.07748 4.00150 3.92552 3.86273 3.85630 3.85630 3.85630 3.85630 4.01279 4.40042 4.40042 4.64904 6.52633 6.52718 6.52718 6.52718 6.52718 6.52718 6.52718 6.52718 6.52718 6.52718 6.52718 6.52718 7.75497 8.20679 8.14841 7.50424 7.50036 7.50036 7.50036 7.50036 7.50036 7.50036 7.50036 7.50036 7.50036 7.50036 7.50036 7.49430 6.38257 6.36736 7.49301 7.48488 7.46240 7.43989 7.41742 7.40060 7.38837 7.37613
1.08160 1.08160 1.08160 1.08160 1.08160 1.08160 1.08160 1.08160 1.08160 1.08160 1.08160 1.08160 1.08160 1.08160 1.08160 3.85630 3.85630 3.85630 3.85630 3.85630 3.85630 3.85630 3.85630 3.85630 3.88588 4.39258 4.40042 4.40042 6.21114 6.52718 6.52718 6.52718 6.52718 6.52718 6.52718 6.52718 6.52718 6.52718 6.52718 6.52718 7.34111 8.20679 8.20679 7.63111 7.50036 7.50036 7.50036 7.50036 7.50362 7.58863 7.70829 7.82859 7.94825 8.06834 8.18821 8.30874 6.93571 6.33974 7.18737 7.35746 7.36769 7.37794 7.38816 7.39273 7.39273 7.39273
