High_resolution/powerplant/Chizhou/OMI_NO2_201010.asc
ncols      200
nrows      200
xllcorner       115.585
yllcorner       28.7700
cellsize     0.0166667
NODATA_Value      -999.000
[rows 0 to 28 of 164, columns 0 to 65 of 200]
11.8057 11.8057 11.8057 11.8057 11.8057 11.8057 11.8057 11.8057 11.7436 10.9370 9.78334 8.70651 7.98446 8.07401 8.65370 8.59305 5.06706 4.45226 4.45226 4.45226 4.45226 4.45226 4.45226 4.33670 4.25943 4.25943 4.15588 3.94957 3.78115 3.64160 3.55856 3.55598 3.27716 2.99320 2.99320 3.06061 3.83699 3.83732 0.00000 7.65774 7.06481 6.24130 5.97185 5.69543 5.35245 5.11003 5.07627 5.12155 5.15660 5.21051 5.33758 5.38351 5.38351 5.38351 5.38351 5.38351 5.38351 5.38351 5.69184 8.06311 8.77792 8.45867 8.19003 8.08785 8.08785 8.08785
11.5714 11.8057 11.8057 11.8057 11.7401 10.5920 9.58335 8.64373 7.94336 7.60217 7.45664 7.43932 7.43932 7.52531 8.63411 8.61538 6.41024 4.45226 4.45226 4.45226 4.45226 4.45195 4.35273 4.11171 3.76071 3.62444 3.55631 3.55598 3.97834 5.14984 6.22029 7.18672 6.20745 2.99320 2.99320 3.10519 4.36521 5.31654 5.77369 5.60108 5.37304 5.61203 5.19595 5.15574 5.20851 5.33630 5.38351 5.38351 5.38351 5.38351 5.38351 5.38351 5.38351 5.38351 5.37785 5.36078 5.34504 5.32686 5.40436 6.55998 8.08785 8.08785 8.08785 8.08785 8.08785 8.08785
10.0237 11.0387 10.3390 9.76214 9.12757 7.75977 7.48850 7.43932 7.43932 7.43932 7.43932 7.43932 7.43932 7.43932 8.29518 8.63371 7.54921 4.44873 4.32985 4.17528 4.04117 3.92385 3.98004 4.76971 5.85960 6.86266 7.76668 8.58871 9.10034 9.11368 9.11368 9.13238 8.38877 3.72984 4.14783 4.35106 4.98270 6.07621 6.37965 6.69172 6.95878 7.04108 5.70568 5.38351 5.38351 5.38351 5.38351 5.38351 5.38351 5.38350 5.37362 5.35656 5.34126 5.32743 5.31853 5.31822 5.31822 5.31563 5.31113 5.92549 8.01896 8.08785 8.08785 8.08785 8.06740 7.81448
6.29673 9.22572 9.22572 9.22572 9.15211 7.74232 7.43932 7.43932 7.43932 7.43932 7.43932 7.43932 7.43932 7.44198 7.81182 8.00141 7.51714 4.59175 5.33756 6.14860 6.89736 7.59074 8.16868 8.25853 8.89030 9.11368 9.11368 9.11339 9.25385 9.55903 9.91447 10.3052 10.3496 5.35424 5.46358 5.73083 6.05793 7.11500 7.07342 7.05959 7.05959 7.05959 6.17847 5.38351 5.38351 5.38271 5.36906 5.35248 5.33756 5.32410 5.31822 5.31822 5.31822 5.31822 5.31822 5.31822 5.31822 5.26632 5.12240 5.28240 7.44246 7.69736 7.42899 7.19339 6.99679 6.95499
4.24129 9.21549 9.22572 9.22572 9.22572 8.20647 7.43932 7.43932 7.43932 7.44217 7.48734 7.56844 7.74458 7.92957 8.03763 7.87753 7.97275 8.19256 8.25853 8.25853 8.25853 8.25853 8.25853 8.25733 8.65161 9.43696 9.78043 10.1887 10.3955 10.3996 10.4033 10.4057 10.4058 7.46616 5.87352 5.87352 5.87492 6.90692 7.09098 7.05959 7.05959 7.03657 6.58421 5.37272 5.33398 5.32136 5.31822 5.31822 5.31822 5.31822 5.31822 5.31822 5.31822 5.28856 5.16151 5.01231 4.85018 4.75196 4.75574 4.79704 5.96802 6.95499 6.94973 6.92510 6.93300 6.96639
3.32758 8.45762 9.22572 9.22572 9.22572 8.78520 7.61629 7.74684 7.93456 8.11936 8.26184 8.36848 8.37945 8.37945 8.37945 8.12646 8.03850 8.12103 8.25853 8.25594 8.24534 8.38622 8.69676 9.08770 9.63020 10.4027 10.4055 10.4058 10.4058 10.4058 10.4058 10.4058 10.4058 8.88269 5.82438 5.87352 5.87352 6.44525 6.91856 6.75375 6.64810 6.56807 6.51154 5.48332 5.31822 5.31822 5.31822 5.31822 5.31822 5.30424 5.19125 5.04620 4.89067 4.76335 4.76576 4.77742 4.78301 4.80054 4.87721 5.19734 5.94910 7.00328 7.04399 7.10199 7.12746 7.12746
3.32758 7.16144 9.74224 10.0550 10.3679 10.6123 8.74065 8.37945 8.37945 8.37945 8.37945 8.37945 8.37945 8.37945 8.37945 8.23083 8.04532 8.16860 8.72064 9.10693 9.54862 9.77791 9.81902 9.81902 9.81937 10.3277 10.4058 10.4058 10.4058 10.4058 10.4058 10.4058 10.4058 10.0790 5.69529 5.86863 5.86661 6.03526 6.60052 6.56749 6.55896 6.55896 6.55896 5.79154 5.31822 5.31410 5.22044 5.07998 4.93021 4.78332 4.76876 4.77993 4.80038 4.87990 5.19903 5.65185 6.10729 6.54203 6.91594 7.03439 6.92987 6.96416 7.12746 7.12746 7.12746 7.12727
3.74701 6.07004 10.7926 10.7926 10.7926 10.7926 9.37179 8.37945 8.37945 8.37945 8.37945 8.37854 8.40579 8.59031 8.95308 9.32116 9.45374 9.56081 9.77933 9.81902 9.81902 9.81902 9.81902 9.81902 9.81902 10.1496 10.4058 10.4058 10.4058 10.4047 10.4027 10.4006 10.3986 10.3975 6.67659 5.86518 5.86518 5.87093 6.52897 6.58076 6.55896 6.55888 6.51796 6.02706 4.97193 4.81160 4.77176 4.79877 4.87799 5.19078 5.64304 6.09866 6.53429 6.90953 7.04434 7.04434 7.04434 7.04434 7.04434 7.03687 7.05618 6.80532 7.11271 7.09879 7.08492 7.07114
3.92041 4.06677 10.4714 10.7926 10.7926 10.7926 10.2153 8.42308 8.49540 8.64719 8.97551 9.38586 9.81570 10.0773 10.0898 10.0898 9.76199 9.61773 9.68966 9.81902 9.81902 9.81902 9.81902 9.81902 9.81899 9.96979 10.4024 10.4004 10.3984 10.3974 10.3974 10.4444 10.6679 10.9082 8.61196 5.81040 5.86518 5.86518 6.26737 6.51462 6.38043 6.28740 6.24791 6.12393 5.26197 5.63558 6.09009 6.52683 6.90225 7.04434 7.04434 7.04434 7.04434 7.04434 7.04434 7.04434 7.04434 7.03454 7.00931 6.99048 6.98869 6.73648 7.06628 7.06628 7.06628 7.06628
3.92041 3.92041 9.00718 10.7910 10.7808 10.7692 10.7215 9.52971 9.71861 10.0280 10.0898 10.0898 10.0898 10.0898 10.0898 10.0898 9.89354 9.67128 9.60293 9.81902 9.81892 9.81738 9.81536 9.81334 9.81135 9.83059 10.5454 10.8231 11.0634 11.3038 11.5442 11.7376 11.7544 11.7544 10.5390 5.54406 5.65558 5.54236 5.73988 6.45014 6.19249 6.08432 6.01252 5.94106 7.16406 7.04434 7.04434 7.04434 7.04434 7.04434 7.04434 7.04434 7.04410 7.02813 7.00271 6.97723 6.95186 6.93625 6.93605 6.94042 6.97295 6.78543 6.98848 7.06628 7.06628 7.06628
3.90272 3.88538 7.05426 10.7477 10.7463 10.7463 10.7463 10.4598 10.0898 10.0898 10.0898 10.0898 10.0898 10.0898 10.0898 10.0898 10.0281 9.68142 9.56371 9.80333 9.91211 10.1513 10.3915 10.6319 10.8722 11.1037 11.5498 11.7544 11.7544 11.7544 11.7403 11.4436 11.0768 10.7516 10.4534 5.76452 5.33881 5.26701 5.21312 6.06599 6.01973 5.91241 5.91241 5.91241 6.85387 7.04434 7.04434 7.04434 7.04233 7.02153 6.99611 6.97068 6.94550 6.93605 6.93605 6.93605 6.93605 6.93605 6.93605 6.93605 6.96566 6.97244 6.77101 7.05837 7.03585 7.01299
3.85105 3.85105 4.67149 10.7058 10.7463 10.7463 10.7463 10.6826 10.0968 10.0898 10.0898 10.0898 10.0933 10.1231 10.1480 10.0884 10.0070 9.43463 9.15793 10.4478 11.1668 11.1676 11.1676 11.1676 11.1676 11.1676 11.3754 11.5907 11.2079 10.8614 10.5297 10.4094 10.3663 10.3232 10.2924 7.13318 5.13837 5.15429 5.15429 5.76928 6.09068 5.91241 5.91241 5.91241 6.39564 7.08978 6.98950 6.96408 6.94068 6.93605 6.93605 6.93605 6.93605 6.93605 6.93605 6.93605 6.93605 6.93605 6.93655 6.97093 7.04383 7.11596 6.65676 6.96605 6.96573 6.95100
3.85105 3.85105 3.85105 9.67212 10.7463 10.7463 10.7463 10.7463 10.2229 10.0757 9.99819 9.92004 9.83881 9.73110 9.62815 9.60981 9.60981 9.32425 9.03695 9.87697 11.1676 11.1676 11.1747 11.1315 10.7908 10.3612 9.97864 10.3579 10.3308 10.2950 10.2911 10.2911 10.2911 10.2911 10.2911 8.60736 5.10338 5.15429 5.15429 5.45492 6.12000 5.89181 5.83048 5.79658 5.80276 7.10270 6.93605 6.93605 6.93605 6.93605 6.93605 6.93605 6.93605 6.93605 6.94032 6.98522 7.04021 7.09518 7.14959 7.17028 7.17610 7.20291 6.70552 6.89775 6.95773 7.02183
3.85105 3.85105 3.85105 7.92320 10.6147 10.5038 10.3999 10.2956 9.91936 9.61018 9.60981 9.60981 9.60981 9.60981 9.60981 9.60981 9.60981 9.50392 9.04084 9.27052 10.8516 10.3781 9.95304 9.59789 9.45724 9.42888 9.42888 10.0671 10.2911 10.2911 10.2911 10.2911 10.2911 10.2911 10.2911 9.89004 5.20647 5.50285 5.72640 5.95197 5.99451 5.86596 5.76802 5.76802 5.76802 6.82610 6.93605 6.93605 6.93605 6.93605 6.94779 6.99950 7.05448 7.10947 7.16020 7.16979 7.16614 7.07624 6.93416 6.79124 6.64912 6.54254 6.44994 7.10785 7.22147 7.22147
3.85887 3.91960 3.98985 5.71465 10.0994 10.1063 10.1063 10.1063 10.0176 9.60992 9.60981 9.60981 9.60981 9.60981 9.59697 9.50633 9.15981 8.69366 7.88046 7.60000 9.17741 9.42888 9.42888 9.42888 9.42888 9.42888 9.42888 9.80569 10.2911 10.2911 10.2911 10.2937 10.3846 10.5185 10.6527 10.7866 6.93236 6.01782 6.07884 6.07884 6.01950 5.93693 5.76802 5.76802 5.76802 6.43089 6.98790 7.01379 7.06876 7.12376 7.16653 7.16651 7.07877 6.93559 6.79351 6.65192 6.51217 6.45994 6.45994 6.45994 6.45994 6.47992 6.46975 6.87798 7.20540 7.13460
4.12438 4.13432 4.13432 4.18524 9.72589 10.1063 10.1063 10.1063 10.1063 9.67462 9.58489 9.40400 9.12804 8.67225 8.26538 7.96811 7.87015 7.87009 7.62692 7.44470 8.65269 9.42888 9.42888 9.42888 9.42888 9.42888 9.42888 9.55221 10.4024 10.5370 10.6710 10.8026 10.8459 10.8459 10.8301 10.7036 8.30564 5.89742 6.07884 6.07884 6.04765 5.98759 5.83017 5.89072 5.96402 6.16282 7.36502 7.08047 6.93840 6.79557 6.65333 6.51455 6.45994 6.45994 6.45994 6.45994 6.45994 6.45994 6.45994 6.45994 6.51773 6.59320 6.30531 6.37431 6.89526 6.89077
4.13432 4.13432 4.13432 4.13432 8.39482 10.1063 9.80993 9.19776 8.65819 8.43672 8.24634 8.02073 7.88076 7.87009 7.87009 7.87009 7.87009 7.87009 7.77059 7.42489 8.09136 9.42888 9.42888 9.44370 9.55880 9.69299 9.82713 9.95372 10.6991 10.7539 10.6060 10.4576 10.3095 10.1615 10.0287 10.0073 9.15471 5.80949 6.04879 6.01096 5.96785 5.84946 5.93433 5.92928 5.82591 5.72244 6.53057 6.45994 6.45994 6.45994 6.45994 6.45994 6.45994 6.45994 6.45994 6.46375 6.54891 6.66670 6.78439 6.90213 6.96203 6.95622 6.24357 6.16534 6.82612 6.89077
4.13432 4.09992 3.85168 3.55553 5.39936 7.97899 7.74503 7.74230 7.74230 7.79839 7.87009 7.87009 7.87009 7.87009 7.87009 7.87009 7.87009 7.87009 7.86742 7.49631 7.72224 9.64843 9.84543 9.91981 9.79402 9.64594 9.49768 9.34960 9.65754 10.0073 10.0073 10.0073 10.0073 10.0088 10.0199 10.0326 9.98907 6.10279 5.77006 5.68507 5.58169 5.41490 5.40382 5.58021 5.58021 5.58021 6.21501 6.46395 6.45994 6.45994 6.45994 6.47590 6.58004 6.69783 6.81552 6.92949 6.96203 6.96203 6.96203 6.96203 6.96203 6.96203 6.48853 6.12973 6.65201 6.89077
3.22872 3.04440 2.97600 2.97298 3.36170 7.68087 7.74230 7.74230 7.74230 7.74829 7.89845 7.87009 7.87009 7.87009 7.87009 7.84984 7.75198 7.61962 7.09342 6.74357 6.39135 8.48599 9.25182 9.14868 9.14507 9.14507 9.14507 9.14507 9.33865 10.0041 10.0055 10.0182 10.0186 9.97198 9.91158 9.84950 9.78751 7.06661 5.42339 5.42236 5.42236 5.38720 5.33995 5.56573 5.58021 5.58021 5.80908 6.61198 6.61127 6.72891 6.84670 6.94847 6.96203 6.96203 6.96203 6.96203 6.96203 6.96203 6.96203 6.96203 6.96203 6.96104 6.71521 6.10980 6.32344 6.78172
2.97298 2.97298 2.97298 2.97298 2.97298 6.81281 7.74230 7.74230 7.74230 7.74230 7.89559 7.84917 7.58047 6.92662 6.21019 5.45554 4.72799 3.98744 3.79778 3.96775 4.46197 6.81144 9.14507 9.14507 9.14507 9.13964 9.12965 9.13702 9.11322 9.83809 9.85970 9.79771 9.74799 9.74373 9.74373 9.74373 9.74373 8.29136 5.42394 5.42236 5.42236 5.41444 5.33495 5.57979 5.82348 5.98041 6.13746 7.12919 6.96203 6.96203 6.96203 6.96203 6.96203 6.96203 6.96203 6.96203 6.96203 6.95778 6.92934 6.89702 6.86475 6.83346 6.80548 6.06983 6.05423 6.54057
2.97298 2.97298 2.97298 2.97298 2.97298 5.54171 7.71578 7.18460 6.31127 5.33772 4.59151 4.36947 3.81374 3.79778 3.79778 3.79778 3.79778 3.79778 3.79778 3.80695 4.40833 5.33897 9.11899 9.09587 9.05519 9.01998 8.98950 8.94126 8.93208 9.43407 9.74373 9.74373 9.74373 9.74373 9.74373 9.74373 9.74373 9.36841 5.43444 5.27429 5.04502 4.82456 5.61262 6.08464 6.24966 6.24966 6.24966 6.94955 6.96203 6.96203 6.96203 6.96203 6.96203 6.95228 6.92078 6.88850 6.85621 6.82816 6.81868 6.78953 6.68329 6.52670 6.36899 5.70096 5.26168 5.59055
2.97298 2.97298 2.97298 2.93586 2.77086 2.89269 2.72208 2.28135 2.26996 2.26996 2.31031 3.70984 3.79778 3.79778 3.79778 3.79778 3.79778 3.78175 3.71730 3.63510 3.97171 4.22665 8.41872 8.93208 8.93208 8.93208 8.93208 8.93208 8.93208 9.18851 9.74373 9.74373 9.74373 9.74373 9.73557 9.63110 9.49893 9.36671 5.74761 4.64351 4.51024 4.51024 5.17222 6.01473 6.24138 6.24966 6.24966 6.63945 7.03833 6.94453 6.91224 6.87995 6.84767 6.81967 6.79009 6.68611 6.52890 6.37138 6.22044 6.09213 6.04141 6.04141 6.04141 5.77527 5.24425 5.42692
2.76916 2.59335 2.41759 2.28057 2.26996 2.26996 2.26996 2.26996 2.26996 2.26996 2.26996 3.32078 3.79778 3.77461 3.67257 3.57551 3.50616 3.45348 3.44914 3.46264 3.65382 4.12692 7.19933 8.93208 8.93208 8.93208 8.93208 8.93208 8.93208 8.96834 9.70220 9.61297 9.48055 9.34833 9.22431 9.19646 9.19646 9.15895 6.75696 4.71229 4.51033 4.51024 4.70008 6.00064 6.17242 6.21492 6.17187 6.15794 7.02738 6.79028 6.68863 6.53085 6.37420 6.22283 6.09402 6.04141 6.04141 6.04141 6.04141 6.04141 6.04141 6.04141 6.04028 5.93107 5.30835 5.38434
2.26996 2.26996 2.26996 2.26996 2.26996 2.26996 2.26996 2.26996 2.27000 2.29067 2.31202 2.72057 3.44484 3.40055 3.43369 3.46210 3.46264 3.46264 3.46264 3.46264 3.47925 4.08738 5.78684 8.93208 8.93208 8.93208 8.90592 8.78278 8.65067 8.51829 8.97897 9.19646 8.87785 8.20003 7.46959 6.68018 5.82334 4.94977 4.74009 4.74009 4.55663 4.38159 4.24617 5.31638 5.70726 6.07818 6.10484 6.13152 6.47910 6.09634 6.04141 6.04141 6.04141 6.04141 6.04141 6.04141 6.04141 6.04141 6.03249 5.94192 5.83187 5.72174 5.61277 5.57234 5.44248 5.37602
2.26996 2.26996 2.26996 2.26996 2.28364 2.33438 2.35552 2.37677 2.39749 2.39807 2.39755 2.43070 3.35036 3.46264 3.46264 3.46264 3.46264 3.46264 3.46264 3.46264 3.46264 3.88965 4.33644 8.62865 8.63217 8.50006 8.25502 7.59531 6.85145 6.04882 5.56687 5.22560 4.74009 4.74009 4.74009 4.74009 4.74448 4.73901 4.72941 4.71968 4.39177 3.98446 4.01113 4.76881 5.60381 6.18521 6.19523 6.19523 6.37313 6.06650 6.04141 6.04141 6.04141 6.04141 6.01720 5.91330 5.80321 5.69308 5.59195 5.57234 5.57234 5.57234 5.57234 5.57234 5.50011 5.40104
2.32097 2.37806 2.39905 2.42032 2.42739 2.39792 2.39755 2.39755 2.39755 2.39755 2.39755 2.39755 3.06369 3.46264 3.46264 3.46264 3.46264 3.46264 3.47171 3.49937 3.52784 3.55345 3.44832 5.69881 5.48956 4.57189 3.78883 3.72552 3.72552 3.72552 3.83611 4.73664 4.71978 4.69559 4.68595 4.68032 4.68491 4.70062 4.72066 4.74066 4.67745 4.07973 4.07910 4.33561 5.57218 6.03356 6.19523 6.19523 6.23626 6.21911 5.99445 5.88464 5.77455 5.66442 5.57858 5.57234 5.57234 5.57234 5.57234 5.57234 5.57234 5.57786 5.66730 5.77356 5.85382 5.79089
2.43697 2.39780 2.39755 2.39755 2.39755 2.39755 2.39755 2.39755 2.39755 2.39755 2.39755 2.39755 2.68688 3.45954 3.47175 3.49965 3.52812 3.55659 3.57595 3.57652 3.57652 3.57115 3.44817 3.60345 3.72552 3.72552 3.72552 3.72552 3.68801 3.63768 3.61678 4.42621 4.68306 4.71744 4.73747 4.75347 4.75480 4.75480 4.75480 4.75480 4.75480 4.24048 4.07910 4.07940 5.35379 5.83301 6.09479 5.94800 5.80121 5.83220 5.57262 5.57234 5.57234 5.57234 5.57234 5.57234 5.57234 5.57272 5.64243 5.75164 5.84737 5.92573 5.94098 5.93621 5.93176 5.81807
2.40963 2.39755 2.39755 2.39755 2.39755 2.39755 2.39755 2.39755 2.39755 2.39755 2.41000 2.44728 2.54751 3.43844 3.57595 3.57652 3.57652 3.57652 3.57652 3.57652 3.57652 3.57652 3.48595 3.51262 3.67497 3.59678 3.51429 3.39315 3.30956 3.23879 3.13857 3.93845 4.75480 4.75480 4.75480 4.75480 4.75480 4.75480 4.75480 4.75480 4.75480 4.49284 4.23824 4.42341 4.90021 5.06373 5.56700 5.56981 5.56981 5.77082 5.57499 5.57234 5.57234 5.57234 5.61800 5.72906 5.82624 5.90980 5.93971 5.93493 5.93112 5.92989 5.92533 5.91313 5.89582 5.81187
2.42258 2.39755 2.39755 2.39755 2.39755 2.39755 2.41030 2.44766 2.48527 2.52320 2.54871 2.54939 2.54939 3.20682 3.57652 3.57652 3.57652 3.57652 3.57652 3.57652 3.54626 3.45770 3.31739 3.15379 3.19490 3.16034 3.12167 3.12167 3.12167 3.12167 3.12167 3.44442 4.75480 4.75480 4.75480 4.75480 4.75480 4.77162 4.89258 5.03146 5.17034 5.24716 4.84555 4.84458 4.86682 4.94676 5.43728 5.56981 5.56981 5.65998 5.69183 5.70585 5.80429 5.89027 5.93770 5.93366 5.92992 5.92540 5.91347 5.89599 5.87868 5.86228 5.84946 5.84425 5.84425 5.82371
