High_resolution/powerplant/Chizhou/OMI_NO2_201104.asc
ncols      200
nrows      200
xllcorner       115.585
yllcorner       28.7700
cellsize     0.0166667
NODATA_Value      -999.000
[rows 0 to 28 of 200, columns 0 to 66 of 200]
3.94894 3.94894 3.94894 3.94894 3.94894 3.94894 3.94894 3.94894 3.94894 3.94894 3.94894 3.94894 3.80312 3.55102 3.21976 2.62525 2.16880 1.30184 1.70934 1.81875 1.86352 1.89965 1.99267 2.07391 2.14459 2.20229 2.21328 2.21328 2.21328 2.21328 2.21328 2.21328 2.21328 2.29841 2.64252 2.64310 2.61455 2.12997 2.12367 2.12367 0.00000 0.00000 0.00000 0.00000 0.00000 5.07942 5.07942 5.07942 5.07942 5.07942 4.90445 4.59577 4.37889 4.21269 3.99956 3.86011 3.74969 3.65433 3.02796 2.95767 2.08282 1.37209 1.37209 1.37209 1.37209 1.37209 1.37209
3.94894 3.94894 3.94894 3.94894 3.94894 3.94894 3.91344 3.67616 3.44348 3.24348 3.07063 2.91951 2.84486 2.80212 2.68911 2.03247 1.87311 1.82332 2.08524 2.08365 2.15309 2.20649 2.21328 2.21328 2.21328 2.21328 2.21328 2.21328 2.21328 2.21328 2.21328 2.21328 2.21328 2.22879 2.59763 2.64310 2.64310 2.31296 2.12367 2.12367 0.00000 5.07942 5.07942 5.07942 5.07942 5.07210 4.81331 4.53256 4.33272 4.15890 3.95584 3.82841 3.72331 3.63720 3.61374 3.61374 3.61374 3.61374 3.23200 2.95767 2.56706 1.37209 1.37209 1.37209 1.37209 1.37209 1.37209
3.94894 3.91425 3.55918 3.34332 3.15715 2.99528 2.86904 2.85164 2.85072 2.81694 2.72243 2.60504 2.50207 2.43458 2.47426 2.21593 2.13527 2.17637 2.28628 2.22277 2.21328 2.21328 2.21328 2.21328 2.21328 2.21328 2.21328 2.21328 2.21328 2.21328 2.21328 2.21328 2.21328 2.21328 2.45549 2.64310 2.64310 2.56439 2.78494 3.52288 5.07942 5.03648 4.73012 4.47453 4.29003 4.09880 3.91893 3.79824 3.69813 3.62352 3.61374 3.61374 3.61374 3.61374 3.61374 3.61374 3.61374 3.61374 3.43975 2.95767 2.88054 1.53597 1.37209 1.37209 1.37209 1.37209 1.37693
3.94894 3.91731 2.89521 2.85164 2.85035 2.84088 2.75314 2.61677 2.51604 2.45037 2.48364 2.55130 2.61896 2.66909 2.67174 2.48518 2.18843 2.18379 2.24973 2.25149 2.21328 2.21328 2.21328 2.21328 2.21328 2.21328 2.21328 2.21328 2.21328 2.21328 2.21328 2.21328 2.21328 2.21785 2.42077 3.12218 3.31372 3.46972 3.70932 3.86181 4.24824 4.03943 3.88420 3.76962 3.67410 3.61581 3.61374 3.61374 3.61374 3.61374 3.61374 3.61374 3.61374 3.61374 3.61374 3.61374 3.61374 3.61374 3.60180 3.00329 2.95676 2.06152 1.37229 1.62785 2.03474 2.36237 2.62956
3.94894 3.94899 3.07635 2.68766 2.59555 2.51666 2.53962 2.55198 2.61964 2.66928 2.67174 2.67174 2.67174 2.67174 2.67174 2.63433 2.19592 2.18790 2.21340 2.27739 2.21328 2.21328 2.21328 2.21328 2.21328 2.21328 2.21328 2.21328 2.21328 2.21328 2.25468 2.33489 2.42571 2.53346 2.67689 3.47096 3.66028 3.62449 3.70054 3.65736 3.63125 3.61374 3.61374 3.61374 3.61374 3.61374 3.61374 3.61374 3.61374 3.61374 3.61374 3.61374 3.61374 3.61374 3.61374 3.61374 3.61374 3.61374 3.61374 3.17574 2.87003 2.56862 2.60434 2.71849 2.71849 2.71921 2.78215
3.98021 4.07116 3.33415 2.64394 2.73913 2.80466 2.80747 2.68705 2.67174 2.67174 2.67174 2.67174 2.67174 2.67174 2.67174 2.67174 2.31503 2.18843 2.18419 2.29460 2.21469 2.21328 2.21328 2.21328 2.21328 2.21328 2.23760 2.33179 2.43035 2.54800 2.65307 2.71962 2.76857 2.72904 2.64118 3.01843 3.25459 3.22139 3.37844 3.53841 3.57052 3.61374 3.61374 3.61374 3.61374 3.61374 3.61374 3.61374 3.61374 3.61374 3.61374 3.61374 3.61374 3.61374 3.61374 3.60078 3.54010 3.47503 3.40996 3.16107 2.71128 2.62640 2.78968 2.92552 3.02811 3.14322 3.23600
4.89277 5.08731 4.71288 2.86821 2.80769 2.80769 2.80769 2.72837 2.67174 2.67174 2.67174 2.67174 2.67174 2.67174 2.67174 2.67174 2.47167 2.18843 2.18338 2.26741 2.23923 2.22949 2.25357 2.33645 2.43498 2.55887 2.68128 2.73385 2.76946 2.71804 2.62772 2.53726 2.45361 2.43691 2.43691 2.61850 3.21602 3.22139 3.27724 3.53841 3.54680 3.61341 3.61374 3.61374 3.61374 3.61374 3.61374 3.61374 3.61374 3.61374 3.61374 3.60808 3.55407 3.48897 3.42388 3.37177 3.36736 3.34294 3.26233 3.15383 2.46707 2.40683 3.07384 3.31376 3.36938 3.41181 3.41452
5.09576 5.09576 5.09576 3.12532 2.81481 2.80769 2.80769 2.77882 2.67174 2.67174 2.67174 2.67174 2.67174 2.67174 2.67174 2.70882 2.75771 2.38035 2.46411 2.46308 2.46542 2.55375 2.67644 2.74032 2.76865 2.70621 2.61559 2.52509 2.44702 2.43691 2.43691 2.43691 2.43691 2.43691 2.43691 2.50510 3.08519 3.22139 3.22152 3.49286 3.53841 3.59774 3.61374 3.61374 3.61374 3.61374 3.61374 3.61241 3.56804 3.50297 3.43785 3.37839 3.36732 3.32327 3.24046 3.15758 3.06908 2.94445 2.85982 2.77742 2.61925 2.60269 2.97319 3.41452 3.41452 3.41452 3.41452
5.09576 5.09576 5.09576 3.60107 2.83119 2.80769 2.80769 2.80769 2.69052 2.67785 2.75465 2.85938 2.97498 3.10362 3.24721 3.37098 3.47503 3.08818 3.03601 2.89398 2.65084 2.69400 2.60346 2.51288 2.44211 2.43691 2.43691 2.43691 2.43691 2.43691 2.43691 2.43691 2.43691 2.43691 2.43691 2.45052 2.89701 3.22139 3.22139 3.39176 3.53841 3.57368 3.61374 3.61374 3.58198 3.51691 3.45182 3.38808 3.36375 3.30140 3.21856 3.13571 3.03625 2.92050 2.83807 2.75563 2.67895 2.66268 2.66268 2.66268 2.64059 2.60269 2.74498 3.38061 3.41452 3.41452 3.41452
5.09576 5.09576 5.09576 4.30430 2.91606 2.99886 3.16509 3.35683 3.34500 3.31093 3.34331 3.35235 3.44070 3.50999 3.52160 3.50381 3.35349 2.83850 2.29026 2.23674 2.18502 2.40519 2.43691 2.43691 2.43691 2.43691 2.43691 2.43691 2.43691 2.43691 2.43691 2.43691 2.43691 2.43691 2.43691 2.43691 2.65567 3.21446 3.22139 3.29053 3.51900 3.46676 3.46575 3.40069 3.35436 3.27957 3.19665 3.11385 3.00119 2.89872 2.81631 2.73391 2.66810 2.66268 2.66268 2.66268 2.66268 2.66268 2.66268 2.66268 2.65849 2.60371 2.61843 3.24400 3.41452 3.41452 3.41452
5.09576 5.09576 5.09576 5.08557 5.02176 3.91208 3.88302 3.87381 3.66641 3.33509 3.34609 3.34798 3.20966 3.00304 2.85187 2.70134 2.61047 2.54337 2.06940 2.08603 2.20816 2.32050 2.43691 2.43691 2.43691 2.43691 2.43691 2.43691 2.43691 2.43691 2.43691 2.43691 2.43691 2.43691 2.43691 2.43691 2.54968 3.05399 3.08743 3.02399 3.25185 3.25707 3.18976 3.09085 2.96739 2.87697 2.79453 2.71213 2.66311 2.66268 2.66268 2.66268 2.66268 2.66268 2.66268 2.66268 2.66268 2.66268 2.66268 2.66268 2.66268 2.61839 2.60269 2.99748 3.41452 3.41622 3.46644
5.09576 5.09576 5.09576 5.09576 5.09576 3.72980 3.26022 3.12552 3.00227 2.96656 2.85037 2.69983 2.61023 2.60951 2.60951 2.60951 2.60951 2.60951 2.17791 2.06799 2.19702 2.24499 2.43691 2.43691 2.43691 2.43691 2.43691 2.43691 2.43691 2.43691 2.43691 2.43691 2.43842 2.48500 2.55259 2.63716 2.78289 2.95562 2.90864 2.88899 3.03644 3.01878 2.85290 2.69146 2.66268 2.66268 2.66268 2.66268 2.66268 2.66268 2.66268 2.66268 2.66268 2.66268 2.66268 2.66268 2.66268 2.66268 2.66268 2.66268 2.66268 2.63737 2.66782 2.95330 3.58530 3.67486 3.69716
5.09576 5.09576 5.09576 5.09576 4.90463 3.49655 2.54985 2.32576 2.19344 2.42155 2.60951 2.60951 2.60951 2.60951 2.60951 2.60951 2.60951 2.60951 2.35268 2.06799 2.16302 2.18580 2.43110 2.43691 2.43691 2.43691 2.43691 2.43691 2.43691 2.46919 2.57136 2.68720 2.80042 2.85891 2.89695 2.92405 2.99676 3.09330 3.16318 3.25431 3.15621 2.82628 2.79504 2.66268 2.66268 2.66268 2.66268 2.66268 2.66268 2.66268 2.66268 2.66268 2.66268 2.66268 2.66268 2.66268 2.66268 2.66268 2.70419 2.82086 2.93896 3.05013 3.05024 3.07999 3.60971 3.70307 3.70842
4.89813 4.44995 3.99834 3.54818 3.29076 3.07087 2.19386 2.19254 2.19254 2.25837 2.60770 2.60951 2.60951 2.60951 2.60951 2.60951 2.60951 2.60951 2.52731 2.06804 2.09117 2.19490 2.35989 2.43782 2.46118 2.50844 2.61786 2.74605 2.87152 2.95440 2.93372 2.92894 3.01037 3.10984 3.20926 3.29424 3.30482 3.30482 3.28108 3.27218 3.26515 2.85973 2.82604 2.68394 2.66268 2.66268 2.66268 2.66268 2.66268 2.66268 2.66268 2.66268 2.66268 2.66268 2.68595 2.79585 2.91391 3.03205 3.10849 3.11002 3.17164 3.32938 3.44059 3.58636 3.58540 3.62850 3.57345
3.29022 3.28931 3.28931 3.28931 3.28931 3.28931 2.30260 2.19254 2.19254 2.19254 2.53729 2.60951 2.60951 2.60951 2.60951 2.60951 2.60951 2.60951 2.59074 2.12118 2.01334 2.16624 2.44949 2.81371 2.90124 2.94917 2.92995 2.93581 3.02420 3.12358 3.22301 3.29967 3.30482 3.30482 3.30482 3.30482 3.30482 3.30482 3.29211 3.27218 3.27218 2.99510 2.82628 2.73594 2.66268 2.66268 2.66268 2.66268 2.66268 2.66268 2.67293 2.77080 2.88894 3.00699 3.10183 3.11171 3.21292 3.37175 3.53058 3.69298 3.81569 3.84626 3.72512 3.50427 3.40419 3.45961 3.47836
3.28931 3.28931 3.28931 3.28931 3.28931 3.28931 2.53237 2.19254 2.19254 2.19254 2.40844 2.60951 2.60708 2.56460 2.51283 2.46664 2.42480 2.38710 2.39225 2.25322 2.12038 2.26290 2.58446 2.94513 3.03794 3.13741 3.23679 3.30317 3.30482 3.30482 3.30482 3.30482 3.30482 3.30482 3.30482 3.30482 3.30482 3.30482 3.30248 3.27282 3.27218 3.13748 2.82628 2.78818 2.66268 2.66268 2.66514 2.74584 2.86394 2.98194 3.08989 3.12364 3.25535 3.41418 3.57310 3.73843 3.82470 3.85409 3.88353 3.90949 3.91340 3.91340 3.84266 3.48559 3.46421 3.39822 3.47836
3.28931 3.28931 3.28931 3.28931 3.28931 3.28931 2.87005 2.17737 2.13325 2.09461 2.10658 2.40212 2.37128 2.36257 2.37485 2.43717 2.52403 2.66321 2.78613 2.70592 2.62182 2.79958 3.17201 3.30473 3.30482 3.30482 3.30482 3.30482 3.30482 3.30482 3.30482 3.30482 3.30482 3.30482 3.30482 3.30482 3.30482 3.30482 3.30482 3.28162 3.27218 3.25800 2.84818 2.88306 2.85434 2.95703 3.07257 3.14689 3.29766 3.45662 3.61545 3.77597 3.83254 3.86195 3.89137 3.91249 3.91340 3.91340 3.91340 3.91340 3.91340 3.91340 3.91336 3.54951 3.48559 3.37558 3.47836
3.28931 3.28931 3.28931 3.28931 3.28931 3.28931 2.55549 2.02416 2.00227 2.00227 2.00376 2.37229 2.60246 2.75839 2.91641 2.91824 2.79215 2.59196 2.38788 2.29795 2.89017 2.98641 3.12429 3.30482 3.30482 3.30482 3.30482 3.30482 3.30482 3.30482 3.30482 3.30482 3.30482 3.30482 3.30482 3.30482 3.30482 3.30482 3.30482 3.28707 3.42338 3.54143 3.36372 3.29744 3.34540 3.49899 3.65894 3.80299 3.84039 3.86982 3.89922 3.91340 3.91340 3.91340 3.91340 3.91340 3.91340 3.91340 3.91340 3.91340 3.91340 3.91340 3.91340 3.68411 3.48559 3.39299 3.45961
3.28931 3.28931 3.28931 3.28931 3.28931 3.28931 2.65763 2.22645 2.22186 2.31414 2.41882 2.62824 2.79497 2.59024 2.38600 2.29747 2.29747 2.29747 2.29747 2.29747 2.66886 2.98641 3.04468 3.30482 3.30482 3.30482 3.30482 3.30482 3.30482 3.30482 3.30482 3.30482 3.30482 3.30482 3.30482 3.28893 3.15322 2.99276 2.82641 2.78937 3.85110 4.01419 3.95433 3.66778 3.76187 3.87765 3.90589 3.91340 3.91340 3.91340 3.91340 3.91340 3.91340 3.91340 3.91340 3.91340 3.91340 3.91340 3.91340 3.91340 3.91340 3.91340 3.91340 3.81864 3.48248 3.36618 3.23151
3.28931 3.28931 3.28931 3.28931 3.28931 3.28931 2.88318 2.27741 1.97031 1.66321 1.35709 1.33256 2.28050 2.29747 2.29747 2.29747 2.29747 2.29747 2.29747 2.29747 2.44696 2.98641 2.98143 3.28120 3.30482 3.30482 3.30482 3.30482 3.30482 3.30482 3.30482 3.30358 3.20002 3.01080 2.83560 2.69654 2.66750 2.66036 2.62953 2.55071 3.41278 3.67718 3.52905 3.80097 3.81350 3.90895 3.91340 3.91340 3.91340 3.91340 3.91340 3.91340 3.91340 3.91340 3.91340 3.91340 3.91340 3.91340 3.91340 3.91340 3.91340 3.85096 3.73014 3.60658 3.10653 3.02777 2.94817
3.28931 3.28931 3.28686 2.92694 2.31274 1.69854 1.11694 1.22268 1.22713 1.22713 1.22713 1.22713 2.06094 2.29747 2.29747 2.29747 2.29747 2.29747 2.29747 2.29747 2.30082 2.91063 2.98641 3.18667 3.30482 3.30482 3.30452 3.27404 3.18048 3.00475 2.84470 2.70523 2.64855 2.65187 2.61649 2.49105 2.36222 2.23339 2.13396 2.04758 2.52549 3.49192 3.49192 3.71701 3.81019 3.88529 3.91340 3.91340 3.91340 3.91340 3.91340 3.91340 3.91340 3.91340 3.91340 3.91340 3.91340 3.87412 3.75559 3.63477 3.51396 3.45558 3.45558 3.35485 2.89786 2.51976 2.46982
2.30669 1.69854 1.08679 0.832516 0.832516 0.832516 0.832516 1.16863 1.22713 1.22713 1.22713 1.24392 1.74330 2.27003 2.29747 2.29747 2.29747 2.29747 2.29747 2.29747 2.29747 2.70794 3.09303 3.19263 3.14533 2.99976 2.85285 2.73199 2.65007 2.65264 2.60191 2.47374 2.34491 2.21608 2.12954 2.12719 2.12719 2.12719 2.12719 2.08688 2.06431 3.44348 3.49192 3.61655 3.81019 3.85315 3.91340 3.91340 3.91340 3.91340 3.91340 3.91340 3.91340 3.89198 3.78111 3.66032 3.53941 3.45783 3.44836 3.29944 3.09589 2.89234 2.69402 2.61945 2.54271 2.32023 2.45175
0.832516 0.832516 0.832516 0.832516 0.832516 0.832516 0.836729 1.16502 1.34871 1.40464 1.45181 1.48450 1.53660 2.20878 2.29594 2.29808 2.32629 2.37400 2.42862 2.49178 2.56287 2.73016 3.26852 2.96511 2.66659 2.65304 2.58512 2.45638 2.32760 2.19872 2.12735 2.12719 2.12719 2.12719 2.12719 2.12719 2.12719 2.12719 2.12719 2.11803 1.98510 3.01501 3.49192 3.51926 3.80685 3.81657 3.91079 3.91340 3.91340 3.90448 3.80650 3.68568 3.56491 3.46547 3.42609 3.24412 3.04057 2.83693 2.65217 2.62787 2.65859 2.68930 2.71455 2.71703 2.70925 2.40319 2.38558
0.832516 0.832516 0.896796 1.08191 1.21854 1.32000 1.39719 1.43499 1.48708 1.48708 1.48531 1.47692 1.46680 2.10338 2.47352 2.60457 2.63534 2.55012 2.31227 2.07159 1.83392 1.76411 2.57710 2.45193 2.30453 2.18184 2.12719 2.12719 2.12719 2.12719 2.12719 2.12719 2.12719 2.12719 2.12719 2.12719 2.12719 2.12719 2.12719 2.12719 2.02206 2.50620 3.49192 3.49192 3.73353 3.80744 3.79830 3.71118 3.59027 3.47847 3.38878 3.18879 2.98524 2.78192 2.62731 2.63627 2.66700 2.69774 2.71678 2.71703 2.71703 2.71703 2.71703 2.71703 2.71703 2.49987 2.38348
1.27741 1.36513 1.41733 1.41975 1.41974 1.41044 1.39522 1.38238 1.43763 1.43423 1.42085 1.41975 1.41975 1.83241 2.30613 2.14874 1.90797 1.75447 1.80843 1.88959 1.97152 2.05108 2.02061 1.98403 2.07761 2.12719 2.12719 2.12719 2.12719 2.12719 2.12719 2.12719 2.12719 2.13793 2.12719 2.12719 2.12719 2.12719 2.12719 2.12719 2.06671 2.05412 3.35332 3.22663 3.18647 3.18526 3.21880 3.13347 2.92983 2.72907 2.61762 2.64470 2.67542 2.70583 2.71703 2.71703 2.71703 2.71703 2.71703 2.71703 2.71703 2.71703 2.71703 2.71703 2.71703 2.60440 2.38348
1.40539 1.39096 1.37868 1.36809 1.35888 1.35498 1.35498 1.35498 1.38642 1.41975 1.41975 1.41975 1.41975 1.44471 1.85542 1.89125 1.97299 2.05230 2.07720 2.07720 2.07720 2.07720 2.05068 1.98403 2.03555 2.12719 2.12719 2.12719 2.16324 2.28956 2.40567 2.50823 2.59960 2.43289 2.12719 2.12719 2.12719 2.12719 2.14857 2.24610 2.34487 2.47520 2.72419 2.80519 2.84607 3.13405 3.12214 2.65998 2.68382 2.71186 2.71703 2.71703 2.71703 2.71703 2.71703 2.71703 2.71703 2.71703 2.71703 2.71703 2.71703 2.71703 2.71703 2.71703 2.71703 2.84035 3.13011
1.35498 1.35498 1.35498 1.35498 1.35498 1.35498 1.35498 1.35498 1.36924 1.42250 1.48146 1.56312 1.64462 1.72380 1.97175 2.07172 2.07720 2.07720 2.07720 2.07720 2.07720 2.07720 2.07501 2.00765 2.17827 2.37001 2.47709 2.57185 2.63611 2.63958 2.63958 2.63958 2.63958 2.57068 2.13260 2.21116 2.29339 2.36934 2.42391 2.40235 2.37575 2.50216 2.48608 2.53310 2.41669 3.13027 3.32044 2.83358 2.71703 2.71703 2.71703 2.71703 2.71703 2.71703 2.71703 2.71703 2.71703 2.71703 2.71703 2.71703 2.84912 3.41827 3.96371 4.44606 4.92352 5.29014 5.19384
1.36215 1.35498 1.35498 1.35498 1.35498 1.35710 1.39703 1.45165 1.50965 1.71729 1.74746 1.74746 1.74746 1.74746 1.86858 2.06372 2.07720 2.07720 2.07783 2.19922 2.37988 2.53030 2.65748 2.71815 2.71494 2.65778 2.63958 2.63958 2.63958 2.63958 2.62923 2.64722 2.70418 2.76092 2.43628 2.35720 2.35097 2.31435 2.23671 2.15911 2.08154 2.05942 2.08793 2.31334 2.32378 2.81417 3.32044 3.00645 2.71703 2.71703 2.71703 2.71703 2.71703 2.71703 2.71703 2.84102 3.40649 3.95225 4.43508 4.86814 5.21513 5.29962 5.35934 5.41725 5.43442 5.43513 5.40711
1.41861 1.35727 1.39813 1.45266 1.50682 1.55929 1.57345 1.57345 1.57345 1.68353 1.74746 1.74746 1.74746 1.74746 1.75200 2.08279 2.48561 2.61951 2.73341 2.77705 2.77705 2.77705 2.77705 2.75732 2.71494 2.66676 2.59418 2.59113 2.64416 2.70110 2.76845 2.80741 2.80710 2.77212 2.47257 2.14865 2.07108 2.03006 2.03003 2.03003 2.03003 2.04463 2.07816 2.24063 2.32378 2.49806 3.32044 3.22745 2.71889 2.71703 2.77955 3.14757 3.72570 4.42597 4.85871 5.18044 5.22840 5.28713 5.34681 5.40646 5.43442 5.44288 5.53813 5.65615 5.77417 5.88867 5.90196
