High_resolution/powerplant/Chizhou/OMI_NO2_200612.asc
ncols      200
nrows      200
xllcorner       115.585
yllcorner       28.7700
cellsize     0.0166667
NODATA_Value      -999.000
[rows 84 to 111 of 165, columns 128 to 191 of 200]
8.88867 9.04412 11.0009 11.3022 11.7181 11.7181 11.7181 11.7181 11.7181 11.7181 11.7181 11.7181 11.7181 11.7181 11.7181 11.9641 12.4743 13.0782 13.6115 14.5436 15.1385 15.1385 15.1356 15.1235 15.1107 15.0979 15.0851 15.0723 15.0595 15.0568 15.1290 15.3344 15.5458 16.6744 17.3902 17.3582 16.9618 17.3223 17.3325 17.3431 17.3541 17.3654 17.5197 18.0177 17.9748 17.8647 17.7542 17.6088 17.4466 17.0130 16.7713 16.7627 16.7627 16.7627 16.7417 16.8055 16.6892 16.4123 16.7581 16.7491 16.6546 16.4281 16.0875 15.9207
9.09454 9.09454 10.6128 11.1321 11.7179 11.7181 11.7181 11.7181 11.7181 11.7181 11.7181 11.7181 11.7181 11.7181 11.7192 11.7984 12.4253 13.0388 13.2862 14.2127 15.0222 15.0504 15.0405 15.0399 15.0399 15.0464 15.1377 15.4268 15.8449 16.2938 16.6875 16.9612 17.0219 17.1623 17.5410 17.7746 16.9478 17.3300 17.2989 17.1882 17.0776 16.9670 16.8614 17.3163 17.3118 17.3114 17.3114 17.3114 17.2284 17.0830 16.7627 16.7627 16.7606 16.7503 16.7026 16.7423 16.5563 15.7941 15.9262 15.5247 15.1858 15.0280 15.0964 15.3110
9.09454 9.09454 10.0840 11.0606 11.6125 11.7181 11.7181 11.7243 11.7543 11.7865 11.8187 11.8509 11.8830 11.9152 11.9464 11.9553 12.4501 12.9822 13.0226 13.9901 14.8846 15.1969 15.4523 15.9129 16.3985 16.8971 17.3208 17.5300 17.5684 17.5684 17.5684 17.5609 17.5075 17.1522 17.2046 17.4751 16.5100 16.5526 16.6802 16.6802 16.6802 16.6802 16.6802 17.0550 17.3322 17.3637 17.3950 17.4264 17.2976 17.4096 16.8874 16.8920 16.7910 16.5514 15.8634 15.0315 14.9279 14.5644 14.7308 15.1285 15.2925 15.4064 15.4102 15.4179
9.11746 9.17506 9.68067 11.2044 11.5695 11.8948 11.9271 11.9530 11.9553 11.9553 11.9553 11.9553 11.9581 11.9820 12.0112 12.0416 12.3968 13.1308 13.6162 14.8448 16.5284 17.3424 17.5618 17.5684 17.5684 17.5553 17.5152 17.4744 17.4336 17.3928 17.3519 17.3186 17.3155 17.0591 16.9927 17.2329 16.7075 16.5312 16.8645 16.8959 16.9273 16.9587 16.9901 17.1947 17.6633 17.6633 17.6633 17.6633 17.3814 17.1726 16.4167 16.0568 15.9582 16.0497 15.9377 15.3668 15.8419 15.6465 14.8822 15.1708 15.1382 15.1053 15.0726 15.0399
9.50568 9.50597 9.53778 11.2732 11.4802 11.9654 11.9937 12.0233 12.0543 12.0865 12.1202 12.1552 12.1882 12.1887 12.1844 12.2159 12.5082 14.5220 15.0020 15.3898 16.8089 17.4665 17.4267 17.3931 17.3605 17.3409 17.3483 17.3565 17.3647 17.3729 17.3810 17.3892 17.3974 17.2251 17.0643 17.2307 17.0637 16.5152 17.0418 17.0444 17.0470 17.0497 17.0522 17.0681 17.4878 17.1756 16.8274 16.4994 16.3856 16.6057 16.4275 16.3096 16.3522 16.3517 16.3396 15.4051 15.8915 15.8901 14.7649 14.7156 14.7459 14.7459 14.7460 14.7618
9.50597 9.50597 9.50597 10.8609 11.4348 12.1738 12.1939 12.1939 12.1939 12.1814 12.1596 12.1886 12.2251 12.2880 12.3401 12.3562 12.3725 14.2923 15.1221 15.2216 16.6768 17.3814 17.4008 17.4020 17.4022 17.4024 17.4026 17.4029 17.4031 17.4033 17.4035 17.4037 17.4039 17.3131 17.0676 17.1656 17.3041 16.4346 17.0688 17.0792 17.1017 17.1561 17.1741 17.2583 16.7155 16.4200 16.4902 16.5394 16.4994 16.7250 16.7420 16.3464 16.3464 16.3464 16.3464 15.5294 15.7203 15.7434 15.0411 14.2992 14.5084 14.4982 14.4900 14.4659
9.50597 9.50597 9.50595 10.3667 11.4353 12.1020 12.3120 12.3549 12.3886 12.4345 12.4899 12.4943 12.4914 12.4671 12.4530 12.4389 12.4248 13.5879 15.2388 15.2989 16.3244 17.3114 17.4044 17.4044 17.4044 17.4044 17.4044 17.4044 17.4044 17.4044 17.4044 17.4044 17.4044 17.3775 17.0222 16.9975 17.1897 16.5517 16.8522 17.1137 17.2209 17.2963 17.4082 17.4537 17.1308 16.4433 16.4433 16.4433 16.4433 16.5264 16.6923 16.0600 15.9715 15.9040 15.8460 15.2665 15.0793 15.3830 15.1787 14.0471 14.4992 14.5012 14.5012 14.5012
9.34197 9.30486 9.27788 9.67261 11.2981 12.0967 12.3985 12.3891 12.3891 12.3891 12.3891 12.3891 12.3891 12.3891 12.3891 12.3891 12.3891 12.9083 15.0694 15.2994 15.8054 17.2176 17.4044 17.4044 17.4044 17.4037 17.3249 17.1934 17.0615 16.9298 16.7984 16.6665 16.5485 16.4856 16.6294 16.5887 16.6851 16.5862 17.1438 17.4537 17.4537 17.4537 17.4537 17.4537 17.4128 16.4828 16.4433 16.4566 16.5273 16.6195 16.6468 16.0260 15.8668 15.8834 15.8905 15.6057 14.9502 15.4338 15.4332 14.0794 14.4662 14.5083 14.5211 14.4601
9.37871 9.45979 9.53079 9.56213 11.3291 11.9487 12.3891 12.3891 12.3891 12.3891 12.3891 12.3891 12.3891 12.3891 12.3891 12.3891 12.3891 12.4165 14.7195 15.1721 15.1080 16.5747 16.8432 16.7115 16.5801 16.4489 16.3961 16.3961 16.4061 16.4389 16.3556 16.2531 16.1372 15.9792 16.0503 16.1786 16.3268 16.4520 16.9796 17.4537 17.4537 17.4941 17.5711 17.6483 17.7252 17.1123 16.8689 16.9326 16.9391 16.9436 16.9645 16.2942 15.8905 15.8905 15.8905 15.8503 14.8351 15.4746 15.5537 14.5212 14.0054 14.1374 13.9132 13.7691
9.54808 9.54808 9.54808 9.54808 10.8470 11.7474 12.3558 12.3891 12.3891 12.3891 12.3890 12.3722 12.3448 12.3174 12.2901 12.2627 12.2353 12.2079 13.7163 14.6892 14.2906 15.4941 16.3917 16.3961 16.4031 16.3857 16.2836 16.1813 16.0690 15.9338 15.9148 15.9148 15.9148 15.9148 15.9833 16.1785 16.2989 16.6617 17.0541 17.8358 17.9128 17.9495 17.9495 17.9495 17.9495 17.5811 16.9391 16.9391 16.9093 16.8152 16.7594 16.3811 15.6887 15.6569 15.6219 15.4725 14.5427 14.6775 14.7257 14.2370 12.7945 13.5393 13.5482 13.5570
9.54808 9.54808 9.54808 9.55254 10.3631 11.5660 12.1650 12.2793 12.2519 12.2245 12.1973 12.1867 12.1867 12.1867 12.1867 12.1867 12.1867 12.1867 12.9017 14.8818 14.2952 14.9377 16.1375 16.1096 16.0002 15.9152 15.9148 15.9148 15.9148 15.9147 15.9146 15.9146 15.9145 15.9144 15.9236 16.1705 16.2225 16.9193 17.0589 17.6880 17.6145 17.5181 17.4217 17.3252 17.2289 17.0655 16.0459 15.9292 15.8626 15.8604 15.8950 15.9186 15.0531 14.8049 14.6328 14.5579 14.1515 14.1328 14.6670 14.6632 12.6201 13.4142 13.2736 13.0514
9.69972 9.75599 9.79698 9.83351 10.0685 11.3006 11.9287 12.1867 12.1867 12.1867 12.1867 12.1867 12.1867 12.1867 12.1867 12.1867 12.1830 12.2905 12.5686 14.9043 14.3869 14.4616 15.7283 15.9147 15.9146 15.9145 15.9147 15.9171 15.9202 15.9234 15.9265 15.9297 15.9329 15.9361 15.9392 16.1412 16.2093 16.7937 17.0030 16.9971 16.8699 16.8557 16.8371 16.8186 16.7999 16.7815 16.0241 15.5969 15.3762 15.1560 14.9486 15.1011 14.6221 14.2464 13.9778 13.7107 13.2223 12.5652 13.1082 12.8678 10.9647 10.9061 11.3094 11.3094
9.66922 9.83940 9.83940 9.83940 9.84197 11.1276 11.7257 12.1860 12.1867 12.1867 12.1867 12.1867 12.1741 12.2413 12.4208 12.6007 12.8053 12.9618 13.0528 14.6938 14.9551 14.8420 15.6284 15.9377 15.9423 15.9594 15.9791 15.9963 16.0130 16.0296 16.0463 16.0629 16.0796 16.0962 16.1129 16.2616 16.4099 16.8068 17.1949 17.0271 16.5400 16.5357 16.5358 16.5526 16.5810 16.5753 15.7137 14.4458 14.3246 14.2037 14.0184 13.1314 12.8282 12.1635 12.1541 12.1541 12.0871 11.4588 12.1417 12.2688 11.1413 10.0359 10.6479 10.0971
9.48012 9.83940 9.83940 9.83940 9.83940 10.7616 11.5596 12.1452 12.2299 12.2983 12.5338 12.8128 13.1052 13.3180 13.4184 13.5186 13.5975 13.6134 13.6226 14.5565 15.6746 15.2718 15.6886 16.1954 16.2107 16.2134 16.2134 16.2134 16.2134 16.2134 16.2134 16.2134 16.2134 16.2134 16.2134 16.2786 16.4772 16.6229 17.0976 16.9536 16.2458 16.1681 16.0765 15.9668 15.8459 15.7595 15.5578 13.8307 13.8180 13.8180 13.8200 12.7176 12.5405 11.6864 11.5186 11.3515 11.1847 10.3924 10.4697 10.7584 10.2627 8.41318 8.33019 8.27015
9.52188 10.0238 10.0645 10.1022 10.1328 10.7866 12.1073 12.9766 13.4173 13.6289 13.6733 13.6743 13.6743 13.6743 13.6743 13.6743 13.6743 13.6743 13.6743 13.9393 15.9517 15.3231 15.4665 16.2046 16.2134 16.2134 16.2134 16.2134 16.2134 16.2016 16.1285 16.0467 15.9648 15.8829 15.8011 15.7362 15.7785 15.6845 16.3043 16.3508 15.8076 15.7522 15.7524 15.7666 15.7849 15.8025 15.8195 14.4693 14.1253 14.1721 14.2106 13.2619 11.3706 10.6387 10.4371 10.3549 10.2725 9.77569 9.67261 10.4010 10.3116 8.46367 8.21632 8.24746
9.90756 10.3890 10.5842 10.8245 11.0718 11.4353 12.7503 13.3883 13.6743 13.6743 13.6743 13.6743 13.6743 13.6743 13.6743 13.6743 13.6743 13.6743 13.6743 13.6743 15.7186 15.3529 15.2656 15.9398 15.9903 15.9085 15.8267 15.7448 15.6629 15.5929 15.5841 15.5935 15.6016 15.5329 15.4626 15.5414 15.6842 15.3968 15.9080 16.1366 16.0336 15.8669 15.8809 15.8845 15.8593 15.7702 15.6780 14.8225 13.8364 13.7443 13.6566 13.1719 11.1905 10.5206 10.2128 10.2128 10.2128 9.93516 9.51795 10.2917 10.4010 8.94024 8.10629 8.08189
10.5324 11.1750 11.2698 11.2698 11.2698 11.2698 12.5168 13.2026 13.6629 13.6743 13.6743 13.6743 13.6743 13.6743 13.6541 13.5610 13.4614 13.3617 13.2621 13.1626 14.4480 14.9157 14.6938 15.1883 15.5841 15.5841 15.5841 15.6895 15.8896 16.0363 16.1773 16.3040 16.4269 16.6126 16.7934 16.8477 16.8660 15.6003 15.8715 16.0067 15.8503 15.5467 15.4546 15.3624 15.2955 15.2924 15.2924 15.0532 13.6356 13.6351 13.6351 13.4983 11.5298 10.6523 10.0899 10.0265 9.96338 9.82095 9.49184 9.89989 10.1678 9.10280 7.76132 7.56238
10.7230 11.1038 11.2698 11.2698 11.2698 11.2698 12.1485 12.9957 13.4180 13.4226 13.3231 13.2234 13.1238 13.0241 12.9449 12.9383 12.9383 12.9383 12.9383 12.9572 13.7823 15.2924 15.3933 15.8606 16.6148 16.7374 16.8553 16.8884 16.8477 16.8477 16.8477 16.8666 17.1231 17.4495 17.7768 18.0587 18.1733 17.3537 16.5660 15.2869 15.5329 15.2774 15.2172 15.1539 15.0906 15.0274 14.9642 14.9010 13.4662 13.1171 13.0538 12.9907 11.3705 10.1755 9.41642 9.29146 9.17625 9.07070 9.25701 9.45769 9.25718 8.33551 6.78055 6.66654
10.5940 11.1522 11.5303 11.6292 11.7281 11.8268 11.9431 12.1736 12.7252 12.9383 12.9383 12.9383 12.9942 13.1484 13.2978 13.4411 13.5782 13.7099 13.8365 13.9605 14.1947 15.6136 15.7622 15.9812 16.7683 16.8962 17.1898 17.5163 17.8436 18.0846 18.1642 18.1948 17.9904 17.7299 17.4801 17.2767 17.2266 16.6956 15.9851 14.7601 15.1502 14.5891 14.5813 14.5813 14.5813 14.5813 14.5797 14.5369 13.6294 12.7515 12.5999 12.4240 11.3475 9.42235 8.87726 8.77293 8.82838 8.87170 8.92973 8.86363 7.84751 7.54034 6.62850 6.23037
11.0221 11.5220 11.8523 11.8536 11.9707 11.9707 11.9703 12.2919 13.1930 13.6251 13.7551 13.8797 13.9584 13.9600 13.9601 13.9915 14.0382 14.0804 14.1227 14.1592 14.2313 15.4301 15.6186 16.1510 17.7643 18.0024 17.7686 17.5140 17.2697 17.1032 17.0515 17.0070 16.9752 16.9433 16.9113 16.8795 16.8475 16.6174 15.6185 14.6047 14.7561 13.9115 13.7462 13.6861 13.6253 13.5473 13.1755 12.7407 12.1569 11.3513 11.2537 11.1778 10.8355 9.35354 8.71547 8.34604 8.32744 8.31815 8.38622 8.46270 7.76656 7.43801 6.70530 6.13503
10.8520 11.3791 11.8005 11.8163 11.9554 11.9707 11.9707 12.3765 13.5630 13.9300 13.9630 14.0008 14.0405 14.0847 14.1730 14.2531 14.3251 14.4013 14.4779 14.5436 14.5659 15.0688 15.3211 15.8519 16.8472 16.7027 16.6540 16.6223 16.5904 16.5584 16.5401 16.5401 16.5401 16.5401 16.5401 16.5401 16.5401 16.5585 15.4509 14.7548 14.3875 13.6461 12.8670 12.2579 11.6919 11.2163 11.0362 10.9601 10.8815 10.4204 10.3604 10.3604 10.3673 9.63314 8.86574 8.34228 8.36534 8.38926 8.45099 8.59806 8.18451 7.48580 6.79168 6.14964
10.8274 11.2471 11.8127 11.9940 12.1829 12.3465 12.4422 12.6767 13.8726 14.2613 14.5253 14.6059 14.6851 14.7596 14.7896 14.7969 14.7969 14.7969 14.7969 14.7969 14.7969 14.7172 15.0012 15.5458 16.1380 16.7542 16.5401 16.5401 16.5401 16.5401 16.5401 16.5401 16.5401 16.4872 16.3854 16.2837 16.1819 16.0273 14.5644 13.4937 11.6951 10.9151 10.6572 10.7742 10.8477 10.8489 10.7944 10.5389 10.2643 9.71446 9.22694 8.95515 8.68095 8.71605 9.32190 8.52833 8.47588 8.45455 8.43862 8.57610 8.44570 7.38311 6.88620 6.31211
11.4183 11.6845 12.3904 12.7504 12.9317 13.2402 13.3099 13.3234 14.1075 14.4599 14.7969 14.7969 14.7969 14.7969 14.7969 14.7969 14.7969 14.7969 14.7969 14.7969 14.7969 14.7390 14.9588 15.3198 15.7023 16.8727 16.4183 16.3164 16.2148 16.1130 16.0112 15.9094 15.8076 15.7588 15.5692 15.1951 14.7983 14.3922 13.1589 12.1910 10.6482 10.1010 9.50193 9.43858 9.16372 8.88974 8.67173 8.64896 8.61345 8.45042 8.04250 7.98067 7.84091 7.80215 8.60825 8.13128 8.39010 8.39010 8.39010 8.52043 8.55874 7.61850 7.08127 6.47021
11.7016 11.8174 12.5810 12.9816 12.9895 13.3101 13.3166 13.3161 13.8774 14.3153 14.7953 14.7969 14.7969 14.7969 14.7969 14.7969 14.7969 14.7958 14.7404 14.6555 14.5705 14.4672 14.4703 14.4589 14.8127 15.8615 15.7588 15.7588 15.7588 15.7588 15.5950 15.1226 14.6114 14.0999 13.7782 13.6409 13.5260 13.4125 12.5172 10.5388 9.59427 8.96207 8.16827 8.55508 8.51390 8.40924 8.25370 8.10894 7.99889 7.89258 7.40151 7.29848 7.29224 7.31056 8.03371 7.94719 8.32723 8.41831 8.46224 8.51530 8.48885 7.86983 7.14445 6.30906
14.8690 14.1177 14.1643 14.7771 14.8901 14.7937 14.8350 15.0031 14.8308 14.2879 13.7839 13.8527 13.0397 12.7927 11.9152 11.6615 11.5232 11.3545 11.1241 10.5652 10.5247 10.4842 10.4400 9.79775 9.37724 9.53926 9.67392 9.59377 9.51363 9.43387 9.40024 9.40024 8.61396 8.32662 8.37898 8.37904 8.15736 7.95710 7.71013 7.15835 7.11346 6.58404 6.60668 6.64711 6.62990 6.58585 6.49134 6.38165 6.31394 6.24631 6.18323 5.96742 5.63478 5.77306 5.99055 5.82203 5.17223 5.00251 5.00915 5.00329 5.00010 5.00010 4.99999 4.96400
15.5079 14.3514 14.3514 14.7677 15.0995 14.8439 14.8945 15.0677 15.1970 14.6531 14.0383 13.8208 13.0609 12.2549 11.4852 11.0849 11.0502 11.0458 11.0442 10.4801 10.3861 10.3083 10.2281 9.78991 9.03525 9.07343 9.40024 9.40024 9.40024 9.40024 9.40227 9.42406 8.95823 8.20033 8.20121 8.16330 8.01466 7.65610 7.68519 7.26268 7.38714 6.54610 6.07400 5.98167 5.94687 5.93903 5.93903 5.93903 5.93903 5.93903 5.93903 5.90042 5.59920 5.63242 5.97728 5.85504 5.33221 4.98430 4.94974 4.89406 4.83786 4.78545 4.73656 4.71848
15.9975 14.8202 14.6823 14.8904 15.2209 14.9254 14.8057 14.6913 14.6573 14.1275 13.5253 13.2423 13.0304 12.0225 11.6204 11.0361 10.9663 10.8895 10.8331 10.3929 10.1053 10.1303 10.1534 9.96914 9.21527 9.14547 9.52598 9.56298 9.56781 9.57279 9.57582 9.55889 9.44459 8.11078 8.49758 8.79652 9.07245 8.93951 9.00609 8.27216 8.03347 7.02427 5.93903 5.93903 5.93903 5.93903 5.93903 5.93903 5.93903 5.93903 5.93903 5.93903 5.63377 5.57406 5.77347 5.69264 5.24338 4.76015 4.77443 4.80759 4.83276 4.85797 4.88314 4.90565
15.9238 15.1199 14.4380 14.4523 14.7937 14.5209 14.1991 14.2200 14.5157 14.3920 14.0865 13.6711 13.6675 12.6090 12.1446 10.8667 10.8137 10.7674 10.7011 10.4301 9.91370 9.84390 9.77797 9.76957 9.38614 9.13987 9.44357 9.80680 10.0577 10.3905 10.8452 11.3009 11.6796 10.2782 9.76154 9.37561 9.35988 9.08114 8.93794 8.48929 8.03347 7.59063 5.93903 5.93903 5.93903 5.93903 5.93903 5.93722 5.91450 5.88880 5.86347 5.83812 5.58616 5.47282 5.61035 5.73217 5.50100 4.93282 4.89795 4.90895 4.90926 4.91820 4.91706 4.89380
