High_resolution/powerplant/Chizhou/OMI_NO2_200512.asc
ncols      200
nrows      200
xllcorner       115.585
yllcorner       28.7700
cellsize     0.0166667
NODATA_Value      -999.000
[rows 58 to 86 of 164, columns 0 to 66 of 200]
4.80743 4.84303 4.84303 4.84303 4.83570 4.10185 4.52691 5.87623 5.96422 6.04703 5.97632 5.95381 5.97943 6.11866 6.24667 6.33759 6.39694 6.40398 6.38462 6.36319 6.38972 6.54662 6.49834 6.37643 5.74096 5.68118 5.14126 5.08440 4.60187 3.44391 3.44587 3.49466 3.56349 3.92962 3.93250 4.08061 4.08606 4.07671 4.11097 4.42950 4.41997 4.38289 4.35524 4.29988 4.23659 4.21119 4.21144 4.23388 4.25881 4.41865 4.85949 4.78012 4.73620 4.67667 4.17197 4.04727 3.94899 3.82775 3.72107 3.81498 3.78431 3.77791 3.77791 3.77791 3.77791 3.79087 3.80414
4.72831 4.70649 4.68470 4.66291 4.64112 4.14313 4.02922 5.69597 5.85306 6.03162 6.07118 6.15033 6.20891 6.23057 6.24303 6.19827 6.17506 6.16337 6.11853 6.07593 6.07414 6.33564 6.41531 6.50164 6.18567 5.99418 5.54651 5.34583 5.04964 3.56806 3.43431 3.45309 3.46710 3.80853 3.87326 3.97509 4.01718 3.99857 3.95292 4.22484 4.23304 4.21488 4.23804 4.28626 4.33115 4.37561 4.42039 4.44386 4.41386 4.24827 4.77534 4.71847 4.60760 4.47971 3.88618 3.63808 3.61443 3.61363 3.61363 3.74947 3.77791 3.77791 3.77791 3.77791 3.77791 3.78323 3.80740
4.58551 4.56371 4.54744 4.53119 4.52362 4.33232 4.21475 5.49308 6.17759 6.19711 6.10563 6.00173 5.95431 5.95707 6.04680 6.04599 6.05288 6.09689 6.15229 6.26289 6.37501 6.68230 6.80243 6.82489 6.64394 6.18791 5.76966 5.29385 5.05328 3.97883 3.37056 3.38453 3.42709 3.63992 3.80415 3.83451 3.87099 3.86292 3.90707 4.17241 4.36805 4.41272 4.42400 4.35238 4.26788 4.18355 4.09917 4.02566 4.08654 3.96431 3.96995 3.84035 4.07344 4.02401 3.88080 3.61375 3.61363 3.61363 3.61363 3.71629 3.81044 3.83804 3.86689 3.94961 4.06088 4.17231 4.30390
4.50050 4.49678 4.61531 4.73393 4.84382 4.65084 4.25640 4.86388 6.06655 6.05866 6.06596 5.99298 6.01334 6.03369 6.16703 6.28648 6.39903 6.56135 6.62013 6.62016 6.62016 6.74674 6.89456 6.89456 6.85231 6.27392 6.00707 5.26719 5.18561 4.48186 3.32087 3.27085 3.29201 3.39245 3.79235 3.85276 3.94793 3.85789 3.77366 3.81252 3.97650 3.89212 3.82219 3.87255 4.03940 4.16702 4.27828 4.37856 4.34444 4.19511 3.96214 3.66948 3.96968 3.93178 3.83013 3.73132 3.74739 3.77498 3.80277 3.92834 4.12090 4.20458 4.28692 4.31540 4.31540 4.31540 4.33169
4.44576 4.85552 4.90942 4.96333 5.01728 5.01169 4.51185 4.59848 6.27344 6.34850 6.33355 6.21590 6.29140 6.38122 6.51327 6.56549 6.56549 6.60354 6.62016 6.62016 6.62016 6.67449 6.89456 6.89456 6.87562 6.47337 6.21067 5.33285 5.24507 4.56406 2.96502 2.79542 3.01615 3.11055 3.45378 3.48344 3.62637 3.44978 3.44328 3.57658 4.08750 4.20820 4.31930 4.38373 4.32237 4.26268 4.21559 4.16856 4.12146 4.01822 3.78698 3.36655 3.53916 3.61425 3.59433 3.81674 3.99583 4.08993 4.18387 4.24768 4.40505 4.41557 4.42602 4.43649 4.44690 4.45364 4.46528
4.82956 5.23882 5.26698 5.26698 5.26698 5.26698 4.71203 4.64297 5.96985 6.57847 6.63876 6.52088 6.45737 6.45737 6.48667 6.56549 6.56549 6.59091 6.62016 6.62016 6.62010 6.61113 6.77723 6.70979 6.62702 6.33373 5.77268 4.99199 4.77416 4.25743 3.05055 2.53288 2.70216 3.00247 3.28239 3.63920 3.93137 3.93983 4.00415 4.00956 4.08764 4.03883 3.97598 3.91626 3.86515 3.84539 3.82962 3.81388 3.79810 3.77739 3.56386 3.26684 3.28286 3.49363 3.54279 3.91522 4.31783 4.31783 4.31783 4.32587 4.45532 4.44775 4.42325 4.39877 4.37429 4.36593 4.44041
4.83876 5.11433 5.26698 5.29834 5.42639 5.56112 5.23028 4.97871 5.62733 6.68892 6.66174 6.57128 6.45737 6.45737 6.45140 6.53185 6.51830 6.50872 6.50628 6.47177 6.43957 6.41848 6.35534 6.32868 6.33018 6.28277 5.72944 5.22458 4.78888 4.53365 3.63947 2.87431 3.15079 3.79769 4.07197 4.20979 4.08735 3.91763 3.81258 3.81258 3.76863 3.73243 3.73243 3.73392 3.73910 3.73910 3.73910 3.74555 3.78509 3.83334 3.74941 3.56677 3.41035 3.65199 3.67187 3.86001 4.44941 4.45079 4.45220 4.44560 4.37290 4.34555 4.40925 4.52705 4.90801 5.32015 5.67741
4.99341 5.25272 5.65227 5.75565 5.76234 5.76234 5.43638 4.99687 5.05426 6.60987 6.60568 6.53789 6.35580 6.35222 6.36601 6.37680 6.34511 6.33729 6.46862 6.48687 6.49736 6.50788 6.48938 6.45956 6.47343 6.45956 6.04197 5.30564 4.30897 3.97680 3.17620 3.63769 3.62593 3.98712 4.09659 4.19020 4.13258 3.96313 3.81374 3.81505 3.79974 3.75367 3.76449 3.77785 3.86879 3.93559 3.99876 4.05548 4.07909 4.09405 3.99302 3.81131 3.48301 3.71321 3.71629 3.73304 4.44950 4.48078 4.54183 4.75884 5.14649 5.50600 5.86689 6.17376 6.21749 6.21749 6.21749
5.63730 5.33680 5.54349 5.47413 5.38295 5.29582 5.08116 4.69188 4.83116 6.15123 6.60766 6.62031 6.47887 6.49429 6.51510 6.46015 6.36393 6.37660 6.53034 6.58585 6.59856 6.61129 6.52408 6.18896 5.89180 5.51903 5.08071 4.63371 3.72043 3.72796 3.16023 3.50350 3.67011 3.90449 4.16375 4.23580 4.25990 4.09546 3.92736 3.92596 3.95197 3.92153 3.96426 4.00609 4.08355 4.07710 4.01109 3.94486 3.87905 3.81325 3.78158 3.80767 3.54429 3.62083 3.78379 4.08355 5.09114 5.73694 6.10052 6.30814 6.29668 6.21749 6.21749 6.21749 6.21749 6.21749 6.21749
5.13911 4.78566 5.01881 5.16412 5.19029 5.22004 5.23266 4.87371 5.09003 5.86831 6.88091 6.86390 6.73786 6.68782 6.70054 6.69883 6.55271 6.55123 6.52685 6.32253 6.02962 5.66692 5.36033 5.18475 5.08468 5.07256 5.08193 4.72921 4.04632 3.82778 3.48901 3.41476 3.75481 3.83830 4.22440 4.25285 4.33281 4.20528 4.09353 4.07902 4.06618 3.93860 3.85418 3.78801 3.76744 3.77893 3.80591 3.85288 3.90121 3.95074 3.98760 4.03495 4.20427 4.89883 5.27416 5.36240 5.84355 6.30983 6.30983 6.30983 6.30974 6.22663 6.21800 6.25223 6.30674 6.36457 6.45520
5.38772 4.87880 5.01310 5.31598 5.36473 5.41710 5.46946 5.20457 5.30281 5.53724 7.03171 6.93724 6.83031 6.71676 6.55574 6.26481 5.84498 5.47535 5.25856 5.27920 5.17535 5.14169 5.14160 5.09742 5.06994 5.06994 5.08022 4.85476 4.27229 3.83970 3.71521 3.23143 3.76485 3.81436 4.27638 4.35144 4.38321 4.19398 3.98176 3.84752 3.85853 3.86427 3.87240 3.92264 3.99928 4.12867 4.14028 4.10716 4.05270 3.99027 3.94043 3.92422 4.14605 5.24955 5.36663 5.37753 5.66388 6.43217 6.48944 6.54382 6.59833 6.59342 6.64905 6.71385 6.75841 6.79965 6.80799
5.88226 5.10581 5.13617 5.52125 5.57023 5.60134 5.63668 5.42764 5.39485 5.52219 6.72406 6.67291 6.27583 5.62554 5.39979 5.29424 5.10938 4.95851 4.97228 5.14096 5.14160 5.14160 5.14160 5.11630 5.06994 5.06994 5.07637 4.98619 4.49203 3.95999 4.09838 3.49216 3.87173 4.00164 4.00374 3.93859 3.99595 3.92700 3.85065 4.13886 4.13886 4.11619 4.04049 4.00449 3.94738 3.98291 3.93166 3.89934 3.91686 3.95694 3.99711 4.04521 4.11608 5.25894 5.62918 5.66064 5.70921 6.68933 6.77542 6.83455 6.89371 6.91217 6.88496 6.89945 6.91398 6.92861 6.94310
6.23742 5.48034 5.40353 5.67743 5.85713 5.86708 6.07346 6.18666 6.19664 6.55614 6.30545 5.84849 5.65448 5.16402 5.12404 5.12404 5.09436 4.95785 4.95785 5.11297 5.14160 5.14160 5.14160 5.13490 5.06500 5.12417 5.26328 5.40997 5.15744 4.35629 4.32388 3.80034 3.61807 3.92258 3.90391 3.85847 3.90636 3.94606 3.78482 4.05861 4.03226 3.97226 3.88816 3.90888 3.95980 4.10048 4.18064 4.23350 4.26265 4.27563 4.28859 4.30190 4.34800 5.08594 5.80425 5.94755 6.04243 6.92732 7.13400 7.13400 7.13400 7.11725 7.04166 7.07227 7.19653 7.32706 7.45775
6.22273 5.82573 5.74855 6.16963 6.64185 6.89373 6.92303 6.73177 6.21640 6.27205 6.17473 5.67721 5.56112 5.25836 5.12404 5.12404 5.12380 4.98244 4.99124 5.14144 5.25660 5.37029 5.58894 5.81898 5.54143 5.52961 5.53218 5.54538 5.31508 4.50828 4.28050 4.08309 3.38179 3.85567 3.83742 3.74657 3.71405 3.72088 3.69566 3.93476 4.09555 4.11001 4.22143 4.26080 4.26080 4.32052 4.37542 4.37542 4.37542 4.37542 4.39895 4.47843 4.58360 5.03467 6.06894 6.19974 6.21910 6.79697 7.26195 7.35612 7.45369 7.55113 7.86815 7.98567 8.02474 8.15939 8.25540
7.15015 7.31934 6.78598 6.66197 6.70470 6.60504 6.53765 6.53656 6.11417 6.20165 6.25308 5.83088 5.66721 5.48353 5.26752 5.30827 5.36861 5.36293 5.47782 5.72316 5.95323 6.04369 6.02973 6.01221 5.64132 5.38659 5.37939 5.38941 5.26979 4.58017 4.28490 4.39899 3.67588 3.67377 3.65900 3.60635 3.58717 3.58717 3.70212 3.88394 4.12628 4.12628 4.19004 4.26158 4.27896 4.33211 4.43980 4.53066 4.62992 4.72901 4.80472 4.82440 4.85429 4.98484 6.21838 6.53694 6.61578 6.99922 7.73975 7.71839 7.74124 7.86969 8.07118 8.03536 7.88793 7.63807 7.42720
7.49821 7.25352 6.32207 6.31183 6.43724 6.51896 6.50937 6.49977 6.16215 6.29090 6.71181 6.43131 6.07176 5.94798 5.68101 5.86261 6.02587 6.12574 6.06644 6.04898 5.96582 6.02147 6.07654 6.13088 5.98164 5.67188 5.83186 5.86061 5.83703 5.26340 4.55743 4.53573 4.02810 3.59842 3.62863 3.62005 3.60146 3.62103 3.72054 3.86379 4.23027 4.25229 4.30765 4.49864 4.58514 4.67037 4.81541 4.82501 4.84453 4.88575 4.92715 4.96851 5.02498 5.26478 6.15479 6.69414 6.75392 6.93541 7.77887 7.64908 7.51124 7.26754 7.26014 7.40389 7.40389 7.40389 7.40389
7.38225 7.21799 6.37753 6.30862 6.36370 6.53382 6.53776 6.55990 6.34293 6.25754 6.92843 6.97383 6.56238 6.64303 6.29708 6.31917 6.37350 6.42437 6.37493 6.41786 6.28363 6.34617 6.48072 6.61924 6.73956 6.21172 6.23108 6.21827 5.97562 5.58064 4.65909 4.64683 4.48254 3.73660 3.80292 3.79781 3.74108 3.74093 3.78655 3.94098 4.37708 4.51269 4.57911 4.75469 4.80413 4.84539 4.95082 5.00886 5.03087 5.03089 5.03089 5.03089 5.03408 5.29124 5.88684 6.34753 6.42847 6.21433 6.99419 7.13942 7.13776 7.13776 7.19608 7.40389 7.40389 7.40389 7.41062
7.26845 7.21005 6.55180 6.35642 6.38563 6.60344 6.66454 6.79431 6.78544 6.54653 7.33597 7.40734 6.86862 7.01673 6.68469 6.53516 6.53759 6.62608 6.67931 6.77545 6.82056 6.86277 6.89374 6.92168 6.92314 6.36172 6.22362 6.22362 5.99117 5.79352 4.87584 4.70999 4.70295 3.84664 3.73656 3.74164 3.73143 3.75970 3.82269 3.98387 4.21031 4.36194 4.50657 4.90858 4.95010 4.95010 4.99435 5.03089 5.03110 5.11534 5.27075 5.42619 5.57858 5.76369 5.97778 5.77957 6.16220 6.16354 6.74641 7.18571 7.20232 7.23913 7.28140 7.56783 7.62903 7.76282 7.90456
7.47463 7.42757 6.84955 6.42932 6.42707 6.77957 7.15856 7.17586 7.17126 6.73479 7.31851 7.70297 7.45532 7.54547 7.36089 6.88351 7.02286 7.09987 7.09141 7.05877 7.00215 6.91892 6.91892 6.91892 6.91892 6.53651 6.17640 5.97619 5.77009 5.60758 4.76284 4.37799 4.28145 3.90510 3.74762 3.84997 3.91395 3.99989 4.06937 4.24528 4.35628 4.40920 4.43752 4.87126 4.95311 5.03913 5.21845 5.43017 5.58549 5.65686 5.65686 5.66170 5.68328 5.74768 6.03123 5.91102 6.18966 6.30505 6.67536 7.46265 7.42757 7.51779 7.62915 7.93286 8.09550 8.10458 8.09903
7.81453 7.67399 7.41393 6.79988 6.90102 7.16675 7.77069 7.85926 7.91441 7.36814 7.58347 8.12053 8.10688 8.22414 8.14459 7.16002 7.18459 7.18539 7.17411 7.07368 7.03798 6.91892 6.91892 6.91892 6.91892 6.72268 6.19180 5.72063 5.63332 5.48303 5.00103 4.36062 4.41838 4.40590 4.14870 4.21453 4.22370 4.25508 4.25508 4.34947 4.41957 4.49552 4.62936 5.15653 5.51827 5.61073 5.64008 5.73772 5.76220 5.78654 5.81085 5.83036 5.83310 5.83481 6.07186 6.10646 6.10790 6.38375 6.53209 7.51809 7.75354 7.77181 7.76656 7.89755 8.03141 8.03141 8.04607
9.31532 8.61447 8.45665 7.30053 7.26849 7.26325 7.82923 7.89078 7.88310 7.49341 7.40514 8.20530 8.23654 8.25681 8.44333 7.26548 7.18539 7.18539 7.18539 7.09570 7.06892 6.92357 6.91892 6.92111 6.89328 6.80939 6.62745 6.17096 6.06170 5.81369 5.61883 4.59569 4.56965 4.56902 4.21835 4.23737 4.28103 4.42656 4.60247 4.81630 5.01177 5.10391 5.13816 5.44760 5.75383 5.76208 5.76340 5.83075 5.84597 5.84597 5.84597 5.84597 5.84597 5.87214 6.06549 6.34893 6.15694 6.55966 6.59371 7.40191 7.78219 7.86482 7.94609 8.11270 8.45780 8.54996 8.62722
9.61294 8.64571 8.57810 7.46343 7.23120 7.24399 7.65861 7.96463 7.99983 7.73146 7.36774 8.11174 8.24182 8.22004 8.43796 7.56849 7.18539 7.18539 7.18466 7.13078 7.08606 6.92215 6.83627 6.78780 6.76929 6.78833 6.80743 6.45876 6.21357 6.01202 5.98670 4.99952 4.79898 4.74892 4.51279 4.75601 5.11115 5.21223 5.23815 5.22996 5.18638 5.18638 5.18638 5.34574 5.73896 5.76518 5.76518 5.81276 5.86243 5.89798 5.96982 6.04304 6.11637 6.16395 6.25369 6.59647 6.42157 6.80235 6.95782 7.58996 8.21438 8.35853 8.36771 8.41093 8.84076 8.96870 9.11713
9.57908 8.84543 8.55858 7.79517 7.35303 7.37906 7.52812 8.04567 8.18757 8.24036 7.86556 8.29750 8.50788 8.57092 8.79004 8.32823 7.61870 7.59416 7.55270 7.53538 7.58117 7.23138 6.94958 6.92897 6.89355 6.85811 6.82266 6.57660 6.07086 6.02173 5.97476 5.22874 4.77402 4.84051 4.77628 4.71753 5.20165 5.21609 5.24835 5.27196 5.24962 5.27124 5.29659 5.36890 5.89999 5.98361 6.06104 6.14490 6.21137 6.24954 6.25141 6.28057 6.34128 6.40206 6.47212 6.98720 7.04165 7.07846 7.30664 7.62174 8.45750 8.73245 8.87433 8.99464 9.36690 9.48062 9.48062
9.21055 9.40094 9.03321 8.98254 8.72263 9.05545 9.41912 10.1418 10.3009 10.2473 9.21183 9.17117 9.15841 9.08970 9.06645 8.85762 7.59637 7.54485 7.51071 7.47681 7.49682 7.25587 6.80230 6.78971 6.71670 6.61263 6.50312 6.32201 5.68990 5.67329 5.73948 5.49847 4.98184 4.98109 5.00508 4.71645 5.38048 5.42193 5.47891 5.48112 5.44476 5.43246 5.47056 5.51847 6.03944 6.23786 6.26991 6.33139 6.40035 6.46111 6.52147 6.55361 6.55361 6.55361 6.55361 6.87021 7.13419 7.02926 7.68956 7.92220 8.86345 9.06142 9.09989 9.09989 9.30493 9.48062 9.48062
9.88812 10.8560 9.52294 9.42724 9.02069 8.92422 8.84722 9.07762 9.24341 9.20097 9.12400 9.04399 8.96239 8.93558 8.92458 8.85537 7.48233 7.39577 7.39577 7.38677 7.31779 7.13707 6.45407 6.29483 6.20023 6.13295 6.07040 6.03924 5.50163 5.39418 5.54828 5.53651 5.16182 5.10205 5.10205 4.87411 5.25185 5.50076 5.61734 5.73323 5.81571 5.91862 6.04895 6.17222 6.34599 6.50131 6.54406 6.54415 6.55217 6.55361 6.55361 6.55264 6.52860 6.49418 6.45978 6.58678 7.08027 7.12426 7.76972 7.93438 8.67557 9.00936 9.10577 9.12839 9.26609 9.55648 9.58019
8.38162 10.2517 9.27473 9.02060 8.82415 8.73282 8.74869 8.85077 9.02163 8.96529 8.96697 8.96958 8.93093 8.86956 8.79300 8.61868 7.51444 6.97653 6.82262 6.66557 6.61035 6.62555 6.08291 5.99039 5.99039 5.99039 5.99039 5.99039 5.67299 5.52687 5.72061 5.82873 5.55428 5.42973 5.47671 5.42978 5.60337 6.12008 6.22507 6.43161 6.47775 6.46873 6.46888 6.46888 6.46888 6.51524 6.54415 6.54241 6.52328 6.49260 6.45820 6.42475 6.41438 6.41438 6.41539 6.50329 7.17661 7.32181 7.81580 8.26600 8.78653 9.12106 9.27996 9.29225 9.37263 9.78451 9.84698
7.87528 10.3797 9.72146 9.09149 8.92581 8.65176 8.58017 8.50917 8.63216 8.59589 8.53646 8.46857 8.37724 8.30017 8.21533 7.87714 7.27760 6.56794 6.53741 6.52230 6.52557 6.59064 6.20203 5.99039 5.99039 5.99039 5.99039 5.99039 5.99039 5.99039 6.07995 6.14235 5.85929 5.45449 5.40941 5.37797 5.30052 6.02946 6.11547 6.52712 6.52488 6.47005 6.46888 6.46446 6.44059 6.43312 6.44719 6.42632 6.49213 6.57826 6.65847 6.73851 6.81873 6.89716 6.97329 6.99868 7.50190 7.67152 7.85106 8.47635 9.05740 9.73660 9.85865 9.92374 9.96485 10.3139 10.4187
7.80222 9.47212 9.39127 8.39513 8.38059 8.20904 8.19653 8.18191 8.25488 8.29216 8.21628 8.15971 8.18158 8.22022 8.26226 8.05623 7.62389 6.52230 6.52230 6.52230 6.52230 6.57304 6.34036 5.99039 5.99039 5.99039 5.98511 5.93432 5.87175 5.80916 5.79594 5.91090 5.82842 5.37674 5.35798 5.35798 5.25905 5.86267 6.03203 6.44857 6.47987 6.41289 6.37680 6.35200 6.34678 6.39002 6.89513 6.96159 6.96800 6.97329 6.97027 6.96725 6.96423 6.96288 6.96288 6.96617 7.41136 7.87306 8.06195 8.85266 9.41581 10.2110 10.2253 10.1905 10.2337 10.3155 10.2830
8.30348 8.73840 9.51204 8.48965 8.26749 8.06279 7.92015 7.84502 7.92364 8.20102 8.24165 8.28845 8.29747 8.29747 8.29747 8.17418 7.89270 6.59789 6.52230 6.52230 6.52230 6.54996 6.45595 5.91369 5.85114 5.78777 5.72057 5.69633 5.68394 5.67149 5.66306 5.82720 5.80611 5.36644 5.27287 5.29844 5.29887 5.52545 5.83627 6.10317 6.30463 6.32746 6.34525 6.34525 6.34525 6.34525 6.85411 6.95342 6.95342 6.96174 6.96288 6.96565 7.07344 7.26031 7.44710 7.63067 7.90681 8.42969 8.50714 8.98003 9.60055 10.5242 10.6317 10.4939 10.4847 10.3373 10.0133
