High_resolution/powerplant/Chizhou/OMI_NO2_201107.asc
ncols      200
nrows      200
xllcorner       115.585
yllcorner       28.7700
cellsize     0.0166667
NODATA_Value      -999.000
[rows 87 to 115 of 200, columns 66 to 131 of 200]
3.81455 3.81455 3.92834 6.20352 6.27209 6.27209 6.27209 6.27209 6.27209 6.27209 6.27209 6.27209 6.27209 6.27209 6.27209 6.27209 6.27209 6.16094 5.91236 5.33110 5.26508 5.73057 5.80624 5.75307 5.75307 5.75307 5.75307 5.77314 5.92430 6.09948 6.27465 6.44929 6.52510 6.52510 6.52510 6.52510 6.52510 5.54707 5.36781 4.80638 4.49783 4.23393 3.98683 3.93240 3.93240 3.93240 3.99119 4.72899 4.73572 4.73572 4.73572 4.73572 4.73572 4.95676 5.28914 5.28914 5.27932 5.06519 4.16671 3.68079 3.38680 3.09282 2.89239 2.89220 2.90159 2.91413
3.81455 3.81455 3.81455 5.59848 6.27209 6.27209 6.27209 6.27209 6.27209 6.27209 6.27209 6.27209 6.16566 5.91660 5.66591 5.41697 5.16790 5.02774 5.02737 4.81677 5.17193 5.92040 5.86352 5.82201 5.99595 6.17105 6.34622 6.50125 6.52510 6.52510 6.52510 6.52510 6.52510 6.52510 6.52139 6.34892 6.08481 5.17173 4.41933 4.10135 3.93240 3.93240 3.93240 3.93240 3.93240 3.93240 3.93240 4.49729 4.73572 4.73572 4.73572 4.76333 4.88122 5.01974 4.33924 4.04332 3.75916 3.65114 3.24693 2.89839 2.90981 2.92558 2.93674 2.93675 2.93675 2.93675
3.81455 3.81455 3.81455 4.87965 6.27209 6.27209 6.27209 6.16815 5.91983 5.67089 5.42058 5.17051 5.02799 5.02737 5.02737 5.02737 5.02737 5.02737 5.02798 4.98566 5.27085 6.65445 6.90744 6.55505 6.52510 6.52510 6.52510 6.52510 6.52510 6.52510 6.52448 6.37377 6.10986 5.84585 5.58556 5.49422 5.49422 5.17376 4.34769 4.22710 3.93240 3.93240 3.93240 3.93240 3.93240 3.93240 3.97360 4.37042 5.04650 5.17122 5.29574 5.39259 5.39736 5.30127 3.72413 3.28883 3.14273 3.02468 3.00736 2.93675 2.93675 2.93675 2.93675 2.93675 2.93675 2.93675
3.81455 3.81455 3.72655 3.83008 5.67338 5.42444 5.17549 5.02849 5.02737 5.02737 5.02737 5.02737 5.02737 5.02737 5.02995 5.04565 5.06318 5.08071 5.09764 5.10795 5.72567 6.87389 7.07846 6.69155 6.52510 6.52510 6.52510 6.39882 6.13512 5.87090 5.60772 5.49422 5.49422 5.49422 5.49422 5.49422 5.49422 5.45730 4.39309 4.33444 3.95513 4.00072 4.08369 4.16693 4.24990 4.33287 4.37491 4.47620 5.36023 5.22047 5.07436 4.92832 4.78441 4.73446 3.79162 3.01411 3.01411 3.01411 3.01410 2.95557 2.93675 2.93675 2.93675 2.93675 2.93675 2.93675
3.03105 2.78639 2.62974 2.62689 4.66220 5.02737 5.02737 5.02737 5.02737 5.02737 5.03330 5.05055 5.06808 5.08561 5.10057 5.10240 5.10240 5.10240 5.10240 5.10240 5.52155 6.50064 7.07846 6.82984 6.15986 5.89606 5.63205 5.49422 5.49422 5.49422 5.49422 5.49422 5.49422 5.49422 5.49422 5.51042 5.60707 5.71444 4.96758 4.69236 4.48695 4.37491 4.37491 4.37110 4.29905 4.20165 4.10433 4.00693 4.54139 4.73446 4.73446 4.73446 4.73446 4.73446 4.27964 3.01411 3.01411 3.01411 3.01411 2.98377 2.93675 2.93675 2.93675 2.93675 2.93675 2.93675
2.62620 2.62689 2.62689 2.62689 3.95935 5.02746 5.03792 5.05546 5.07298 5.09052 5.10212 5.10240 5.10240 5.10240 5.10240 5.10240 5.10240 5.10240 5.10240 5.10240 5.31202 6.12706 7.07846 7.02465 5.56175 5.49422 5.49422 5.49422 5.49422 5.49422 5.52010 5.62266 5.73014 5.83757 5.94494 6.03628 6.04712 6.04712 5.51769 4.76180 4.50929 4.14778 4.05042 3.95683 3.93156 3.93156 3.93156 3.93156 4.25365 4.73446 4.73446 4.73446 4.73446 4.73446 4.68905 3.09272 3.01411 3.01411 3.01411 3.00230 2.93675 2.93675 2.93675 2.93675 2.93675 2.93675
2.47755 2.62816 2.64234 2.65988 3.30707 5.09533 5.10240 5.10240 5.10240 5.10240 5.10240 5.10240 5.10240 5.10240 5.10240 5.10240 5.10240 5.10240 5.10240 5.10240 5.12862 5.79260 7.01339 7.07846 5.92997 5.53210 5.63831 5.74568 5.85311 5.96064 6.04214 6.04712 6.04712 6.04712 6.04548 5.98341 5.89074 5.79810 5.53473 4.38440 4.34247 3.93534 3.93156 3.93156 3.93156 3.95436 4.09335 4.27636 4.54168 4.73446 4.73446 4.73446 4.73446 4.73446 4.73446 3.53552 3.01411 3.01411 3.01411 3.01323 2.94495 2.93675 2.93675 2.93675 2.93675 2.86074
2.25437 2.69857 2.70192 2.70192 2.75681 4.97378 5.10240 5.10240 5.10240 5.10240 5.10240 5.10240 5.10240 5.10240 5.10240 5.10240 5.10240 5.10240 5.10240 5.10240 4.91357 4.94853 6.56319 7.64025 7.05796 6.04579 6.04712 6.04712 6.04712 6.04712 6.03087 5.94590 5.85327 5.76063 5.66959 5.63903 5.63903 5.63903 5.63903 4.57009 4.38211 4.04864 4.07818 4.25805 4.47908 4.70672 4.73446 4.73446 4.73446 4.73446 4.73446 4.73446 4.73446 4.73446 4.73446 4.02339 3.01411 3.01411 3.01411 3.01176 2.80932 2.38572 2.05656 1.72684 1.39695 1.14397
2.02176 2.70192 2.70192 2.70192 2.70192 4.32592 5.10240 5.10240 5.10240 5.10240 5.10240 5.10240 5.10240 5.10240 5.10240 4.90937 4.46920 4.03123 3.58951 3.14779 2.89490 3.15983 5.28753 7.90780 7.80883 6.10379 6.00112 5.90854 5.81581 5.72317 5.64674 5.63903 5.63903 5.63903 5.63903 5.63903 5.63903 5.66059 5.91090 5.42784 5.05483 5.04162 4.73446 4.73446 4.73446 4.73446 4.73446 4.73446 4.73446 4.73446 4.73446 4.73446 4.73446 4.73446 4.68530 4.22385 2.65823 2.49294 2.32809 2.16595 1.86858 1.12714 1.12714 1.12714 1.12714 1.12714
1.85348 2.60597 2.70192 2.70192 2.70192 3.62298 5.10240 5.10240 5.10240 5.10240 4.90517 4.46655 4.02681 3.58509 3.14337 2.89468 2.89380 2.89380 2.89380 2.89380 2.89380 2.94152 3.91412 7.63166 7.50459 6.10358 5.63903 5.63903 5.63903 5.63903 5.63903 5.63903 5.63903 5.65144 5.88102 6.23907 6.67731 7.18037 7.29566 6.76776 5.41029 5.29236 4.73446 4.73446 4.73446 4.73446 4.73446 4.73446 4.73446 4.61916 4.35847 4.09652 3.83541 3.57347 3.36138 3.34285 2.22461 1.87351 1.68173 1.41856 1.14543 1.12714 1.12714 1.12714 1.12714 1.12714
1.85058 2.34449 2.70192 2.70192 2.70192 3.00884 4.46767 4.02240 3.58067 3.13895 2.89446 2.89380 2.89380 2.89380 2.89380 2.89380 2.89380 2.85132 2.67308 2.48435 2.29593 2.12141 2.76975 6.49630 7.29566 6.56412 5.63903 5.63903 5.63903 5.64511 5.85114 6.20350 6.63337 7.14366 7.29566 7.29566 7.29566 7.29566 7.29566 7.23330 5.48175 5.40969 4.82097 4.72541 4.53518 4.27338 4.01199 3.75019 3.48894 3.34244 3.34188 3.35160 3.38447 3.42760 3.48560 3.56435 2.19822 1.12714 1.12714 1.12714 1.12714 1.12714 1.12714 1.12714 1.12714 1.12714
1.90435 2.30802 3.11064 3.29179 3.47276 3.57727 3.03101 2.89380 2.89380 2.89380 2.89380 2.89380 2.89380 2.80803 2.61978 2.43104 2.24263 2.09638 2.08620 2.08620 2.08620 2.08620 2.49995 5.24248 7.29566 7.16620 5.84652 6.16812 6.58994 7.10291 7.29566 7.29566 7.29566 7.29566 7.29566 7.29566 7.29566 7.29566 7.22476 6.76968 5.25295 4.60274 3.95543 3.41291 3.34188 3.34188 3.34393 3.36883 3.40715 3.45779 3.52777 3.59065 3.59230 3.59230 3.59230 3.59230 2.89367 1.12714 1.12714 1.12714 1.12714 1.12714 1.12714 1.12714 1.12714 1.12714
2.64887 2.74443 3.52527 3.57788 3.57788 3.57788 3.22987 2.89380 2.88863 2.75497 2.56648 2.37782 2.18925 2.08644 2.08620 2.08620 2.08620 2.08620 2.08620 2.08620 2.08620 2.08620 2.26940 3.83316 6.26116 5.96589 6.73596 7.29566 7.29566 7.29566 7.29566 7.29566 7.29566 7.17793 6.69137 6.17756 5.66428 5.15073 4.70783 4.64988 4.38120 4.01771 3.77275 3.38903 3.43361 3.49390 3.57239 3.59230 3.59230 3.59230 3.59230 3.59230 3.59230 3.59230 3.59230 3.59230 3.50354 1.21220 1.12714 1.12714 1.12714 1.12714 1.12714 1.12714 1.12714 1.12714
2.58509 2.72654 3.27889 3.57788 3.55252 3.38591 3.04804 2.32460 2.14120 2.08620 2.08620 2.08620 2.08620 2.08620 2.08620 2.08620 2.08620 2.08620 2.11497 2.21056 2.29064 2.35577 2.38891 2.93350 5.66575 5.86199 6.27749 7.29566 7.11945 6.61332 6.09951 5.58623 5.07268 4.67661 4.64988 4.64988 4.64988 4.63712 4.45021 4.20895 3.87914 3.09404 2.96229 3.52551 3.59230 3.59230 3.59230 3.59230 3.59230 3.59230 3.59230 3.59230 3.59230 3.59230 3.59230 3.59230 3.59230 1.81819 1.12714 1.12714 1.12714 1.12714 1.12714 1.12714 1.12714 1.12714
2.55621 2.87605 3.06823 2.95538 2.79209 2.77028 2.76406 2.14209 2.08620 2.08620 2.08620 2.08620 2.08620 2.08620 2.10121 2.19227 2.27585 2.34362 2.38669 2.38902 2.38902 2.38902 2.38902 2.73708 4.57834 5.01252 4.71301 4.97820 4.65729 4.64988 4.64988 4.64988 4.64988 4.58478 4.35203 4.11066 3.86929 3.64068 3.58611 3.58611 3.58611 3.04525 2.95394 3.27336 3.59230 3.59230 3.59230 3.59230 3.59230 3.59230 3.59230 3.59230 3.59230 3.59230 3.59230 3.59230 3.59230 2.51379 1.12714 1.12714 1.12714 1.12714 1.12719 1.15039 1.19281 1.23513
2.86594 3.12198 3.22216 2.78217 2.77028 2.77028 2.77028 2.33475 2.08620 2.08620 2.09166 2.17301 2.26037 2.33099 2.38242 2.38902 2.38902 2.38902 2.41304 2.46958 2.52571 2.58185 2.63799 2.81332 3.56762 4.09814 4.09814 4.45752 4.64744 4.49489 4.25363 4.01215 3.77078 3.59462 3.58611 3.58611 3.58611 3.58611 3.58611 3.58611 3.58611 3.22532 2.95394 3.09678 3.59230 3.59230 3.59230 3.59230 3.59230 3.59230 3.59230 3.59230 3.59230 3.59230 3.59230 3.59230 3.59230 3.16346 1.17090 1.21330 1.25562 1.29799 1.34033 1.35943 1.35943 1.35943
2.86917 2.99357 3.24852 2.90285 2.77028 2.77028 2.77043 2.56734 2.24439 2.31796 2.37584 2.38902 2.38902 2.41276 2.46901 2.52515 2.58129 2.63743 2.66957 2.66971 2.66971 2.66971 2.66971 2.67770 3.26340 3.92391 3.76837 3.70614 3.67494 3.58611 3.58611 3.58611 3.58611 3.58611 3.58611 3.58611 3.58611 3.58611 3.58611 3.58611 3.58611 3.40533 2.95394 2.97940 3.57678 3.59230 3.59230 3.59230 3.59230 3.59230 3.59230 3.59230 3.45976 3.08478 2.70454 2.32471 1.94468 1.61590 1.38638 1.35943 1.35943 1.35943 1.35943 1.35943 1.35943 1.35943
2.86917 2.89599 3.24455 3.04706 2.80520 2.82414 2.83958 2.81351 2.41885 2.46845 2.52459 2.58073 2.63687 2.66952 2.66971 2.66971 2.66971 2.66971 2.66971 2.66971 2.67939 2.70675 2.73444 2.76214 2.63803 3.21763 3.38896 3.40271 3.58411 3.58611 3.58611 3.58611 3.58611 3.58611 3.58611 3.58611 3.58611 3.58611 3.58611 3.58611 3.58611 3.56310 2.97607 2.95394 3.34786 3.59230 3.58785 3.34399 2.96416 2.58413 2.20410 1.82426 1.57697 1.57192 1.57192 1.57192 1.57192 1.57192 1.44630 1.35943 1.35943 1.35943 1.35943 1.45058 1.59141 1.68923
2.83223 2.79934 3.07476 3.13482 2.87394 2.89464 2.90687 2.92661 2.73615 2.66971 2.66971 2.66971 2.66971 2.66971 2.66971 2.66990 2.68680 2.71449 2.74222 2.76991 2.78794 2.78830 2.78830 2.78830 2.70923 2.97669 3.38896 3.38896 3.52587 3.58611 3.58611 3.58611 3.58611 3.58611 3.58611 3.58611 3.58611 3.58611 3.58611 3.58611 3.58611 3.56785 2.95223 2.57957 2.41163 2.08348 1.70809 1.57192 1.57192 1.57192 1.57192 1.57192 1.57192 1.57192 1.57192 1.57192 1.57192 1.57192 1.50632 1.45520 1.59488 1.69149 1.76275 1.79318 1.79320 1.79320
2.79403 2.81192 2.99145 3.18519 2.95469 2.89350 2.89073 2.90305 2.81856 2.66971 2.66971 2.67189 2.69457 2.72227 2.74998 2.77749 2.78830 2.78830 2.78830 2.78830 2.78830 2.78830 2.78830 2.78830 2.77508 2.66701 3.19529 3.07652 3.19310 3.58611 3.58611 3.58611 3.58611 3.58611 3.58611 3.58611 3.55186 3.38252 3.19928 3.01603 2.83297 2.66808 2.33953 1.94375 1.91129 1.57192 1.57192 1.57192 1.57192 1.57192 1.57192 1.57192 1.57192 1.57192 1.57199 1.64774 1.75213 1.82448 1.87208 1.79568 1.79320 1.79320 1.79320 1.79320 1.79320 1.79320
2.82005 2.81759 2.85498 3.12875 3.01213 2.89073 2.89073 2.89638 2.92906 2.73003 2.75775 2.78326 2.78830 2.78830 2.78830 2.78830 2.78830 2.78830 2.78830 2.78830 2.78830 2.73629 2.61770 2.49889 2.38098 2.17232 2.87442 2.93668 2.99608 3.58465 3.58611 3.53067 3.35206 3.16891 2.98585 2.80279 2.65379 2.64008 2.64008 2.64008 2.64339 2.67800 2.59942 1.75966 1.64622 1.57192 1.57192 1.57192 1.57192 1.57192 1.57192 1.57192 1.57192 1.77649 1.87899 1.89945 1.89945 1.89945 1.89945 1.82039 1.79320 1.79320 1.79320 1.79320 1.79320 1.79320
2.81759 2.81759 2.81759 3.05022 3.04721 2.94180 2.96257 2.97859 3.03405 2.81970 2.78830 2.78830 2.78830 2.78830 2.78830 2.78830 2.78830 2.75565 2.64072 2.52191 2.40305 2.33630 2.33603 2.33603 2.33603 2.23613 2.59395 2.76046 2.63843 2.84013 2.77233 2.64452 2.64008 2.64008 2.64008 2.64008 2.65345 2.69799 2.75689 2.83731 2.94098 2.96456 2.96456 1.76494 1.57192 1.57192 1.57192 1.57192 1.57192 1.57192 1.57192 1.57192 1.57192 1.76661 1.89945 1.89945 1.89945 1.89945 1.89945 1.85039 1.79320 1.79320 1.79320 1.79320 1.79320 1.79320
2.76397 2.72938 2.69475 2.81898 2.98631 2.98051 2.97967 2.97967 3.00826 2.90133 2.78830 2.78830 2.78830 2.77053 2.66379 2.54493 2.42612 2.34001 2.33603 2.33603 2.33603 2.31020 2.24993 2.18951 2.12909 2.04135 1.98012 2.30599 2.30599 2.43532 2.64008 2.64123 2.67020 2.72031 2.78692 2.87977 2.96262 2.96456 2.96456 2.96456 2.96456 2.96456 2.96456 2.16132 1.57192 1.57192 1.57192 1.57192 1.57192 1.57192 1.57192 1.57192 1.57192 1.63768 1.89879 1.89945 1.89945 1.89945 1.89945 1.88038 1.79517 1.81105 1.82966 1.84828 1.86696 1.88556
2.67407 2.67407 2.67407 2.71718 2.98604 2.98255 2.97967 2.97967 2.98619 2.97571 2.68686 2.56800 2.44919 2.34815 2.33603 2.33603 2.31020 2.24993 2.18951 2.12909 2.06867 2.03408 2.03393 2.03393 2.03393 2.03393 1.88252 2.30155 2.30506 2.35100 2.82130 2.92570 2.96456 2.96456 2.96456 2.96456 2.96456 2.96456 2.96456 2.96456 2.96456 2.96456 2.96456 2.55875 1.57192 1.57192 1.57192 1.57192 1.57192 1.57192 1.57192 1.57192 1.57192 1.57192 1.86155 1.89850 1.89551 1.89246 1.88940 1.88609 1.89158 1.89551 1.89551 1.89551 1.89551 1.89551
2.67407 2.67407 2.67407 2.67407 2.92721 2.98349 2.92085 2.83174 2.74263 2.63531 2.34394 2.31020 2.24993 2.18951 2.12909 2.06867 2.03408 2.03393 2.03393 2.03393 2.03393 2.03393 2.03393 2.01300 1.96890 1.92475 1.76186 2.13858 2.30119 2.30119 2.78483 2.96456 2.96456 2.96456 2.96456 2.96456 2.96456 2.96456 2.96456 2.96456 2.96456 2.96456 2.96456 2.91081 1.61719 1.57192 1.57192 1.57192 1.57192 1.57189 1.56826 1.56214 1.55603 1.54993 1.76457 1.88329 1.88323 1.88323 1.88323 1.88323 1.89085 1.89551 1.89551 1.89551 1.89551 1.89491
2.67407 2.67407 2.71873 2.82901 2.85870 2.67844 2.65871 2.71258 2.76808 2.84321 2.30562 2.03408 2.03393 2.03393 2.03393 2.03393 2.03393 2.03393 2.03247 2.00052 1.95638 1.91224 1.86814 1.84489 1.84489 1.84489 1.80048 1.91610 2.30119 2.30119 2.53536 2.96456 2.96456 2.96456 2.96456 2.96456 2.96456 2.96456 2.96456 2.96456 2.96456 2.96456 2.96456 2.96456 1.95940 1.56636 1.56025 1.55414 1.54803 1.54195 1.53948 1.53948 1.53948 1.53948 1.63553 1.88323 1.88323 1.88323 1.88323 1.88323 1.88742 1.89476 1.86430 1.80740 1.72898 1.61660
2.90653 3.02924 3.14776 3.20380 3.20421 2.89280 2.94243 2.95581 2.97219 2.97754 2.56467 2.03393 2.03393 2.03393 2.02750 1.98801 1.94389 1.89976 1.85706 1.84489 1.84489 1.84489 1.84489 1.84489 1.84489 1.84489 1.84411 1.73830 2.35290 2.41172 2.52629 2.96456 2.96456 2.96456 2.96456 2.96456 2.96456 2.96456 2.96456 2.96456 2.96456 2.96456 2.96456 2.96456 1.63301 1.53948 1.53948 1.53948 1.53948 1.53948 1.53948 1.53948 1.53948 1.53948 1.53948 1.85477 1.88323 1.88221 1.84975 1.79005 1.70939 1.61365 1.56404 1.56404 1.56404 1.56404
3.35467 3.44263 3.49282 3.54519 3.56920 3.08221 2.98348 2.97754 2.97754 2.97754 2.82308 1.97551 1.93139 1.88725 1.84955 1.84489 1.84489 1.84489 1.84489 1.84489 1.84489 1.84489 1.84489 1.84554 1.87167 1.91084 1.95005 1.87230 2.45983 2.52475 2.52532 2.86948 2.96456 2.96456 2.96456 2.96456 2.96456 2.96456 2.96456 2.96456 0.00000 0.00000 0.00000 0.00000 1.53948 1.53948 1.53948 1.53948 1.53948 1.53948 1.53948 1.53948 1.53948 1.53948 1.53948 1.70193 1.70587 1.58803 1.53948 1.53948 1.53948 1.55849 1.56404 1.56404 1.56404 1.56404
3.56920 3.56920 3.56920 3.56920 3.56920 3.27105 2.94932 2.90505 2.86251 2.81835 2.78920 1.97869 1.84489 1.84489 1.84489 1.84489 1.84489 1.84489 1.84489 1.84489 1.86392 1.90313 1.94233 1.98084 1.99392 1.99392 1.99392 1.94299 2.24447 2.50709 2.45614 2.56888 2.96456 2.96456 2.96456 0.00000 0.00000 0.00000 0.00000 0.00000 0.00000 0.00000 0.00000 0.00000 1.53948 1.53948 1.53948 1.53948 1.53948 1.53948 1.53948 1.53948 1.53948 1.53948 1.53948 1.53948 1.53948 1.53948 1.53948 1.53948 1.53948 1.55159 1.56404 1.56404 1.56404 1.56404
