High_resolution/powerplant/Chizhou/OMI_NO2_200711.asc
ncols      200
nrows      200
xllcorner       115.585
yllcorner       28.7700
cellsize     0.0166667
NODATA_Value      -999.000
[rows 116 to 144 of 200, columns 0 to 66 of 200]
5.51049 5.55556 5.55658 5.55658 5.55658 5.56366 5.63027 5.71015 5.40418 5.42818 5.50807 5.74902 5.81173 5.75385 5.80988 6.10724 6.16528 6.19057 6.48842 6.95658 7.04045 7.35976 7.43256 7.48807 7.47178 7.46908 7.46908 7.44812 7.87123 7.77485 7.74878 7.74878 7.74317 7.53587 7.52895 7.52895 7.52510 7.24756 7.18529 7.18424 7.20227 7.22486 7.68598 8.36980 8.97596 9.23479 9.76371 9.76128 9.80438 9.53514 9.23333 8.99971 8.92969 9.54041 10.0161 10.7176 10.7140 10.5511 10.4707 10.3606 9.76049 9.76489 9.82223 9.87780 9.95201 10.0388 10.1894
5.47327 5.73801 5.81551 5.89295 5.97042 6.04076 6.05364 6.09722 5.88948 5.77855 5.84013 5.97894 6.08012 5.96875 6.01965 6.24755 6.40173 6.45266 6.67575 7.28590 7.28829 7.49335 7.54617 7.50291 7.46759 7.46556 7.46356 7.43358 7.78112 7.81418 7.75518 7.76020 7.76521 7.76040 7.79789 7.83755 7.86958 7.66606 7.54816 7.52826 7.54989 7.56708 7.86173 8.36569 8.59446 8.61569 8.70530 8.57973 9.06058 9.05597 9.02131 8.95848 8.86871 9.22551 9.63223 10.5740 10.8674 10.8567 10.8499 10.9207 10.4988 10.4707 10.4709 10.4805 10.5721 10.6824 10.8642
5.62659 5.98068 6.00079 6.06351 6.12749 6.18883 6.24672 6.26058 6.18177 6.12028 6.18089 6.25846 6.37449 6.17149 6.17815 6.28682 6.44615 6.46202 6.57389 7.24219 7.35750 7.52302 7.64709 7.64009 7.60329 7.64874 7.72743 7.79068 7.98985 8.05316 7.89966 7.91438 7.92906 7.96511 7.98770 7.98770 7.98770 7.85067 7.60610 7.50181 7.44573 7.38075 7.49886 8.14127 8.46458 8.50208 8.49122 8.48073 8.88133 8.93960 8.95411 8.96402 8.88640 9.03934 9.59708 10.3247 11.2130 11.2857 11.2815 11.3918 11.1489 11.0551 11.1656 11.2662 11.2850 11.2850 11.3228
5.50487 6.21994 6.26773 6.27291 6.27680 6.28333 6.29138 6.29942 6.30641 6.30341 6.31140 6.32199 6.59940 6.46524 6.43632 6.48262 6.63735 6.68555 6.77501 7.38855 7.71598 7.87089 8.09555 8.15230 8.14147 8.17337 8.17337 8.17052 8.14673 8.17298 7.94634 7.94634 7.94514 7.92372 7.90964 7.86848 7.82346 7.74964 7.51415 7.43547 7.60194 7.63860 7.67531 8.07936 8.42630 8.50976 8.50976 8.50976 8.80039 9.00677 9.07948 9.15209 9.15415 9.22269 10.1667 10.6700 11.9605 11.9888 11.8488 11.8422 11.6231 11.2850 11.2850 11.2850 11.2850 11.2850 11.2915
5.30721 6.33504 6.33510 6.33510 6.33510 6.33510 6.33510 6.33510 6.34078 6.36931 6.41089 6.45468 6.73883 6.82772 6.83706 6.89889 7.11953 7.14466 7.14467 7.54002 7.99257 8.03114 8.25045 8.25045 8.19172 8.18050 8.18729 8.19390 8.14643 8.16252 7.91118 7.84643 7.80769 7.79491 7.82138 7.81206 7.80748 7.80748 7.59640 7.48648 7.63042 7.66287 7.70680 8.05067 8.57670 8.77206 8.84467 8.92334 9.19288 9.51447 9.52459 9.53462 9.49340 9.46951 10.1882 10.5823 11.8917 12.0993 12.0014 11.9697 11.8948 11.4326 11.4428 11.4529 11.4636 11.5180 11.5990
5.10412 6.27510 6.42304 6.46684 6.51056 6.55436 6.59808 6.64187 6.67993 6.67848 6.67302 6.67302 6.83199 6.98851 6.96759 6.96759 7.09216 7.14466 7.14466 7.37269 7.97255 7.99364 8.23383 8.24419 8.18217 8.13671 8.10069 8.06813 8.02415 8.06353 7.93118 7.85441 7.86247 7.87646 7.92568 7.95342 7.98070 8.00791 7.89884 7.89786 8.20833 8.37505 8.41790 8.58282 9.05473 9.25132 9.26615 9.27029 9.35323 9.73156 9.73156 9.73156 9.69949 9.64621 10.0961 10.6546 11.7015 12.2355 12.1661 12.0862 12.1287 11.6938 11.7150 11.7858 11.8560 11.8759 11.8616
5.57766 6.37450 6.68518 6.68518 6.68518 6.68518 6.68518 6.69034 6.73346 6.73856 6.72234 6.73762 6.83999 7.06955 7.06433 7.07813 7.17744 7.28672 7.30179 7.37614 8.04697 8.04786 8.22672 8.28351 8.28199 8.28302 8.29226 8.29840 8.29254 8.30055 8.23832 8.10582 8.11881 8.13183 8.17045 8.19199 8.19199 8.19199 8.13057 8.01497 8.34698 8.47491 8.47491 8.54802 9.00348 9.23129 9.27029 9.27029 9.27490 9.70602 9.73156 9.73156 9.71865 9.64621 9.84046 10.7108 11.3783 12.3463 12.3431 12.2500 12.2160 11.9086 11.7672 11.7357 11.7042 11.6793 11.6622
5.64698 6.31653 6.98544 7.03354 7.07994 7.12499 7.16841 7.20639 7.21595 7.15388 7.07656 7.15369 7.24613 7.51576 7.23746 7.19266 7.21107 7.32171 7.29845 7.29193 7.92338 7.99669 8.15436 8.32006 8.32154 8.35560 8.37398 8.38699 8.39247 8.35429 8.35458 8.15063 8.15063 8.15063 8.16673 8.19199 8.19199 8.19199 8.18818 7.96064 8.28307 8.46506 8.44911 8.44080 8.86343 9.11974 9.18353 9.13788 9.09051 9.26340 9.28113 9.28303 9.28518 9.47701 9.52397 10.4219 10.6648 11.9164 11.9059 11.7446 11.7303 11.6317 11.5005 11.5031 11.5057 11.4950 11.4604
6.15426 6.40622 7.22090 7.28694 7.35472 7.42246 7.49019 7.55784 7.62476 7.61154 7.42993 7.40700 7.38703 7.53870 7.26494 7.15108 7.15953 7.32893 7.33632 7.33898 7.75997 7.95397 8.05740 8.31120 8.31120 8.37128 8.39461 8.39461 8.39453 8.35031 8.40109 8.16006 8.15166 8.16762 8.18021 8.12410 8.12669 8.12783 8.12235 7.94870 8.09761 8.37028 8.40534 8.41478 8.72977 9.03819 8.98076 9.12349 9.17414 9.16822 9.15998 9.16033 9.15984 9.28603 9.30917 9.94858 10.2356 11.3981 11.5169 11.5435 11.5536 11.4714 11.2437 11.2062 11.1686 11.1444 11.1440
6.79831 6.92808 7.80925 7.84728 7.85399 7.85044 7.83304 7.81561 7.80822 7.81486 7.63976 7.57539 7.57091 7.67797 7.55275 7.32732 7.33311 7.47118 7.50356 7.50320 7.69712 7.88814 7.86874 8.14907 8.10155 8.10653 8.12609 8.08363 8.04122 7.96671 7.94201 8.23257 8.35272 8.34583 8.33607 8.17605 8.15532 8.14767 8.14674 8.05433 8.06357 8.45707 8.63449 8.78600 9.08291 9.60881 9.41912 9.37378 9.26127 9.07137 8.93371 8.88602 8.83887 8.92300 9.03374 9.45471 10.0377 10.7485 11.2027 11.2771 11.3363 11.2813 11.0104 10.9437 10.8911 10.8385 10.7860
7.14656 7.05216 7.73433 7.86122 7.86241 7.88395 7.93348 7.98322 8.02255 8.04450 7.92780 7.74178 7.76881 7.77625 7.61791 7.26852 7.24498 7.14863 7.05994 7.01783 7.09103 7.35910 7.36170 7.66767 7.71741 7.74751 7.87367 7.87298 7.87232 7.85766 7.80869 8.07125 8.31030 8.31030 8.31030 8.19400 8.13037 8.10835 8.08709 8.13743 8.50820 8.89858 9.04581 9.04361 9.04888 9.29915 9.17809 9.13635 9.11711 8.92806 8.81053 8.80958 8.81489 8.89130 9.09617 9.26459 9.81611 10.1586 10.8759 10.8578 10.9894 10.9894 10.8227 10.7545 10.7545 10.7545 10.7545
7.61589 7.52289 7.97292 8.15003 8.16827 8.17744 8.17349 8.16953 8.16614 8.16568 8.11684 7.87341 7.86533 7.82573 7.51369 7.12311 7.08645 7.05390 6.98317 6.98249 7.01692 7.35181 7.35676 7.58667 7.71407 7.71502 7.86105 7.87212 7.87092 7.86543 7.80066 7.93198 8.25841 8.23072 8.20305 8.14126 8.13206 8.20840 8.27971 8.29786 8.49653 8.85752 9.02716 9.02716 9.02731 9.23076 9.26007 9.19899 9.20762 9.00204 8.79286 8.71481 8.65471 8.70708 9.24833 9.23311 9.56460 9.66977 10.7154 10.7056 10.8464 10.8398 10.7090 10.5641 10.5436 10.5231 10.5027
7.74609 7.65318 7.89809 8.18733 8.16794 8.17387 8.17985 8.18583 8.19182 8.19779 8.18393 7.97178 7.91656 7.91647 7.59413 7.23957 7.08380 7.07521 6.98213 6.98242 7.00105 7.35570 7.42057 7.58816 7.79697 7.82769 7.89516 7.92217 7.94837 7.97796 7.77207 7.71632 8.24920 8.31461 8.37219 8.35610 8.23048 8.21401 8.19920 8.18892 8.30073 8.67672 8.96690 8.98516 8.92042 8.94418 8.91728 8.69420 8.61936 8.49630 8.27402 8.21197 8.19383 8.18123 8.69418 8.76666 9.02122 9.15634 10.0852 10.3213 10.4396 10.4975 10.4433 10.2362 10.1936 10.1509 10.1083
7.56977 7.69447 7.80037 8.26709 8.21348 8.21352 8.21352 8.21352 8.21352 8.21352 8.21195 8.03596 7.93125 7.94299 7.72220 7.43632 7.19303 7.21116 7.15409 7.19500 7.24220 7.52611 7.65404 7.73782 7.85669 7.85394 7.81131 7.78645 7.84772 7.92248 7.82779 7.67284 8.04124 8.11909 8.12554 8.12616 7.99578 7.99950 8.00002 7.94826 7.93153 8.24720 8.52955 8.52167 8.51309 8.55383 8.68736 8.52302 8.52164 8.49193 8.23225 8.16287 8.16287 8.16287 8.52809 8.76666 8.92153 9.15711 9.78605 10.2445 10.2477 10.2792 10.2025 9.85931 9.79601 9.74133 9.68404
7.26422 7.74169 7.71632 8.23952 8.21494 8.24759 8.28034 8.31316 8.34612 8.37874 8.41152 8.18094 8.01425 8.17338 8.19650 8.05772 7.40571 7.42501 7.35111 7.26582 7.20718 7.31954 7.52594 7.69570 7.77028 7.85751 7.93494 8.03257 8.05404 8.06049 8.00339 7.70381 7.97613 8.14936 8.08005 7.97000 7.76052 7.77437 7.72432 7.71328 7.71401 7.98593 8.42101 8.51309 8.51309 8.51886 8.69037 8.54531 8.50792 8.50306 8.28294 8.11756 8.10028 8.13073 8.36667 8.72124 8.85315 9.26351 9.41306 9.63809 9.65646 9.79516 9.78617 9.45033 9.31080 9.28250 9.25688
7.21275 8.10556 8.05040 8.44617 8.44814 8.44109 8.56498 8.72782 8.89034 9.05307 9.21580 9.22877 8.99366 8.92710 8.80269 8.48609 7.37449 7.23145 7.19093 7.12565 7.12083 7.21311 7.48353 7.92394 7.97957 7.98093 7.98077 8.06177 8.07289 8.03623 7.92735 7.50583 7.53960 7.69825 7.66163 7.66229 7.57773 7.64931 7.68717 7.68449 7.68180 7.82048 8.32164 8.50075 8.51044 8.52038 8.68127 8.57705 8.48583 8.53504 8.50254 8.29726 8.37956 8.43342 8.46142 8.79937 8.79830 9.12778 9.20269 9.53251 9.47858 9.53680 9.48439 9.20498 8.95366 8.91664 8.87969
7.39789 8.75350 8.92896 9.33200 9.52606 9.58448 9.63032 9.63725 9.61261 9.56085 9.50920 9.38725 8.98044 8.90016 8.89110 8.58767 7.81371 7.40062 7.38807 7.31832 7.31979 7.32966 7.41018 7.85847 7.96360 7.87857 7.77891 7.73577 7.67641 7.61725 7.62006 7.40846 7.36021 7.70179 7.71631 7.73086 7.67694 7.64606 7.75254 7.76490 7.77727 7.85729 8.28498 8.59540 8.69411 8.76532 8.91674 8.93202 8.71073 8.68604 8.67783 8.49450 8.41690 8.41536 8.41379 8.69047 8.78109 9.04021 9.19866 9.13533 9.11195 9.17792 9.21340 9.06522 8.65145 8.55014 8.44890
7.68038 9.25006 9.75054 9.83355 9.91576 9.60289 9.55163 9.50052 9.48088 9.48708 9.48885 9.48208 9.07008 8.86382 8.84616 8.62077 8.09814 7.38202 7.37995 7.35672 7.29647 7.20882 7.17789 7.37011 7.55688 7.53547 7.51579 7.52408 7.55916 7.53948 7.51980 7.37104 7.38380 7.77588 7.80617 7.80617 7.78392 7.63956 7.79162 7.83583 7.88978 8.00161 8.63304 9.01365 8.96955 8.97031 9.02099 9.02056 8.69754 8.70056 8.70725 8.58325 8.44940 8.44940 8.44940 8.61747 8.83037 8.92704 8.94147 8.78910 8.64073 8.57947 8.53956 8.44900 8.04279 8.03580 8.03580
7.71278 8.68846 9.77270 9.74758 9.97699 9.43484 9.39586 9.37819 9.36055 9.34416 9.33217 9.32057 9.04365 8.69870 8.69864 8.62669 8.37416 7.35557 7.33373 7.21876 6.87392 6.85420 6.85080 6.94510 7.38187 7.39845 7.39648 7.36986 7.40291 7.36953 7.47928 7.43973 7.35584 7.82767 8.07221 8.22669 8.39541 8.38493 8.64946 8.74089 8.80724 8.82328 9.23222 9.47037 9.10303 9.10303 9.10051 9.06206 8.76159 8.71824 8.73324 8.70206 8.60162 8.70204 8.80749 8.90735 8.94082 8.88407 8.46401 8.43740 8.36651 8.37842 8.45681 8.44656 8.09437 7.99449 7.98426
7.52599 7.79970 9.61484 9.55784 9.81683 9.46245 9.30485 9.30274 9.26246 9.20789 9.15319 9.09884 8.89191 8.42483 8.32883 8.23696 8.12328 7.33757 7.21159 7.20367 6.84141 6.80340 6.81146 6.82183 7.38723 7.58514 7.69254 7.82848 7.78955 7.93041 8.30790 8.58409 8.43025 8.78362 9.00532 8.97199 8.92167 8.72302 8.75397 8.83825 8.84725 8.85840 9.10616 9.65000 9.19643 9.22034 9.25963 9.19316 9.03432 8.97611 9.06415 9.11784 8.83982 8.82553 8.81530 8.79414 8.74596 8.73573 8.31334 8.22885 8.13861 8.12113 8.20940 8.22143 7.98279 7.78767 7.68023
7.49577 7.51273 9.17788 9.29066 9.44439 9.28651 8.93333 8.88073 8.86653 8.86653 8.86653 8.86653 8.79192 8.37880 8.26032 8.32045 8.37180 8.00681 7.81544 7.94543 7.76988 7.71502 7.89776 8.18788 8.49179 8.77836 8.89278 9.00612 8.82569 8.78222 8.91550 9.05917 8.65570 8.70090 8.99911 9.03895 9.09409 9.05325 9.04488 9.23250 9.27868 9.33037 9.49211 10.1666 9.73874 9.81558 9.91879 9.59618 9.28781 9.03387 9.03387 9.03387 8.79930 8.74379 8.74379 8.74245 8.69624 8.69491 8.40445 8.21793 8.14240 8.01032 7.90885 7.78165 7.46995 6.95364 6.86640
7.49577 7.49577 8.42304 8.99429 9.17117 9.36809 8.93012 8.96249 9.02115 9.07987 9.13868 9.19716 9.25334 9.78739 9.80391 9.83438 9.63686 9.28777 8.81478 8.86920 8.77233 8.52071 8.60736 8.82269 8.93626 9.24071 9.23361 9.20331 8.98640 8.77178 8.81730 9.16059 8.97116 8.84579 9.32976 9.35465 9.35702 9.40924 9.38401 9.61891 9.73230 9.84180 9.86383 10.4128 10.1422 9.93146 9.93146 9.71361 9.38446 9.03387 9.03334 9.02999 8.85663 8.73240 8.72801 8.72008 8.66132 8.57722 8.32217 7.92833 7.71719 7.25877 7.28728 7.34270 7.27580 6.58206 6.56793
7.65485 7.76051 8.27442 9.27497 9.44064 9.94956 9.53524 9.45369 9.45369 9.45773 9.45551 9.37693 9.28661 9.74491 9.60605 9.59893 9.56481 9.52537 9.15696 9.19535 9.17932 8.69081 8.73361 8.99243 9.07897 9.37390 9.43567 9.49477 9.39798 8.94759 8.94747 9.24775 9.31029 9.00691 9.62170 9.88467 10.0567 10.1202 9.87492 9.85573 9.85198 9.84824 9.83801 10.1468 10.2644 9.83960 9.77644 9.61247 9.15193 8.90708 8.87696 8.83475 8.63833 8.35829 8.26917 8.18356 8.17545 8.20003 8.15187 7.72414 7.69941 7.23994 7.19478 7.12792 7.03024 6.30513 6.07897
8.42382 8.43648 8.50519 9.49621 9.57940 10.1031 9.83081 9.56660 9.49880 9.29152 9.21478 9.23188 9.27877 9.69176 9.90271 9.94258 9.97355 9.96599 9.68434 9.66457 9.72923 9.34111 9.19402 9.27715 9.30666 9.43880 9.56415 9.61842 9.76447 9.38799 9.56589 10.0347 10.4841 10.0601 10.3372 10.4425 10.4578 10.4324 9.79724 9.53695 9.47752 9.41796 9.36495 9.45973 9.86061 9.30899 9.28934 9.19168 8.68054 8.56763 8.49320 8.44478 8.40417 8.15036 8.13922 8.11430 8.10713 8.11900 8.09402 7.66606 7.50295 6.86323 6.59931 6.37863 6.34585 5.90219 5.60105
8.79398 8.79398 8.79630 9.53354 9.79844 10.1907 10.1782 9.75742 9.74969 9.39817 9.40931 9.39729 9.36938 9.52603 10.2719 10.4724 10.4949 10.4384 10.2739 10.1347 10.1928 9.94250 9.65617 9.87879 10.1622 10.4374 10.8175 11.0015 11.0952 10.7107 10.5970 10.7788 11.3471 10.9525 10.2140 10.0580 10.0227 10.0209 9.61972 9.24119 9.24119 9.24761 9.29604 9.36652 9.68047 8.99461 8.85607 8.79510 8.42762 8.31451 8.29406 8.26917 8.24339 7.94297 7.90192 7.90192 7.90751 7.95649 7.95651 7.67306 7.47030 6.89109 6.52681 6.40801 6.32863 6.05980 5.57749
8.79398 8.79304 8.74753 9.20351 9.80024 10.0992 10.3315 9.97787 9.95628 9.64650 9.59171 9.62509 9.65838 9.71332 10.5106 10.7851 10.7801 11.0650 10.9805 10.6686 10.7133 10.6809 10.7199 10.8961 11.1379 11.2011 11.4866 11.5555 11.5722 11.2716 11.0049 11.0815 11.5477 11.3575 10.2339 10.0208 10.0090 10.0256 9.83643 9.29463 9.30274 9.30436 9.26397 9.21610 9.18368 8.68158 8.46459 8.46459 8.29326 8.19414 8.20051 8.20051 8.17959 7.91270 7.75512 7.69160 7.62809 7.61248 7.55565 7.49073 7.45514 7.10482 6.52561 6.44620 6.32134 6.23396 5.57669
8.43863 8.28572 8.24889 8.54703 10.0721 10.2384 10.5520 10.2847 10.1296 9.90942 9.68203 9.68597 9.70259 9.72225 10.3178 10.8385 10.8620 11.0736 11.2096 11.0779 11.0690 11.0225 11.0347 11.0748 11.3291 11.3402 11.5691 11.7303 11.8291 11.7449 11.1621 11.1431 11.2969 11.3557 10.3183 9.95712 9.95643 9.94784 9.87070 9.14083 9.13561 9.13561 9.13561 9.13561 9.11205 8.85061 8.37130 8.30596 8.11492 7.86408 7.79669 7.72335 7.67023 7.52135 7.34947 7.33900 7.32853 7.35380 7.36218 7.34754 7.29256 7.06374 6.45884 6.30036 6.11710 6.10615 5.44183
8.72582 8.20594 8.20594 8.27479 9.84815 10.1770 10.6210 10.4992 10.2303 10.1802 9.83793 9.87024 9.88946 9.90557 10.2478 10.8239 10.9040 11.0312 11.1966 11.1641 11.1049 11.1027 11.1782 11.2874 11.6797 11.7692 11.8183 11.9188 11.8869 11.8275 10.8438 10.7815 10.8632 11.0900 10.5243 9.95285 9.89388 9.89200 9.90679 9.30723 9.22431 9.27333 9.32245 9.37143 9.40809 8.69204 7.97406 7.97406 7.85681 7.49604 7.49361 7.49614 7.49614 7.42613 7.19756 7.19756 7.19756 7.22108 7.25214 7.25214 7.21193 7.09430 6.53102 6.25952 6.03269 5.90263 5.32788
9.42016 8.20594 8.20594 8.21333 9.67053 10.2916 10.6804 10.7108 10.3388 10.3309 9.97427 9.98936 10.0885 10.1882 10.3955 10.8376 11.0231 11.1144 11.4207 11.4452 11.3017 11.2667 11.1865 11.2622 11.6072 11.8427 12.0201 11.7826 11.7827 11.7827 11.0140 10.7705 10.8214 11.1609 10.9239 10.1836 10.1407 10.1916 10.2259 9.75681 9.44721 9.44721 9.44721 9.44721 9.44721 9.03207 7.99114 7.97406 7.94786 7.50952 7.49178 7.49614 7.49614 7.48627 7.20464 7.19741 7.19691 7.20493 7.19883 7.11703 6.99030 6.86485 6.22847 5.45593 5.24549 5.09925 4.73069
