High_resolution/powerplant/Chizhou/OMI_NO2_201106.asc
ncols      200
nrows      200
xllcorner       115.585
yllcorner       28.7700
cellsize     0.0166667
NODATA_Value      -999.000
[rows 52 to 77 of 173, columns 58 to 115 of 200]
2.50342 2.50342 2.50342 2.50342 2.50342 2.50342 2.50342 2.50342 2.50342 2.50342 2.50342 2.50342 2.50342 2.50342 2.50342 2.67407 2.74071 2.74071 2.74071 2.74071 2.74071 2.74071 2.74071 2.74071 2.74071 2.74071 2.74071 2.74071 2.74071 2.74071 2.74071 2.74071 3.02607 3.15042 3.19504 3.23962 3.28424 3.32885 3.35740 3.35792 3.35792 3.35792 3.35792 3.35792 3.35792 3.35792 3.35792 3.35792 3.35792 0.00000 0.00000 0.00000 0.00000 0.00000 0.00000 0.00000 0.00000 0.00000
2.50342 2.50342 2.50342 2.50342 2.50342 2.50342 2.50342 2.50342 2.50342 2.50342 2.50342 2.50342 2.50342 2.50342 2.50342 2.60469 2.74071 2.74071 2.74071 2.74071 2.74071 2.74071 2.74071 2.74071 2.74071 2.74071 2.74071 2.76594 3.12394 3.58454 4.04538 4.50693 4.18905 3.35792 3.35792 3.35792 3.35792 3.35792 3.35792 3.35792 3.35792 3.35792 3.35792 3.35792 3.35792 3.35792 3.35792 3.35792 3.35792 3.35792 0.00000 0.00000 0.00000 0.00000 0.00000 0.00000 0.00000 0.00000
2.50342 2.50342 2.50342 2.50342 2.50342 2.50342 2.50342 2.50342 2.50342 2.50342 2.50342 2.50342 2.50342 2.50342 2.50342 2.53536 2.74066 2.74071 2.74071 2.74071 2.74071 2.74071 2.79712 3.19916 3.66024 4.12131 4.58215 5.01776 5.12107 5.12107 5.12107 5.12107 4.82024 3.35792 3.35792 3.35792 3.35792 3.35792 3.35792 3.35792 3.35792 3.35792 3.35792 3.35792 3.35792 3.35792 3.35792 3.35792 3.35792 3.35792 0.00000 0.00000 0.00000 0.00000 0.00000 0.00000 0.00000 0.00000
2.50342 2.50342 2.50342 2.50342 2.50342 2.50342 2.50342 2.50342 2.50342 2.50342 2.50342 2.50342 2.50342 2.50342 2.50342 2.50342 2.70317 2.84044 3.27510 3.73570 4.19677 4.65785 5.06227 5.12107 5.12107 5.12107 5.12107 5.12107 5.12107 5.12107 5.12107 5.12107 5.11895 3.56740 3.35792 3.35792 3.35792 3.35792 3.35792 3.35792 3.35792 3.35792 3.35792 3.35792 3.35792 3.35792 3.35792 3.35792 3.35792 3.35792 0.00000 0.00000 0.00000 0.00000 0.00000 0.00000 0.00000 0.00000
2.50342 2.50342 2.50342 2.50342 2.50342 2.50342 2.50342 2.50342 2.50342 2.50342 2.50342 2.50342 2.48908 2.42910 2.36569 2.30266 3.61579 5.09417 5.12107 5.12107 5.12107 5.12107 5.12107 5.12107 5.12107 5.12107 5.12107 5.12107 5.12107 5.12107 5.12107 5.12107 5.12107 4.07365 3.35792 3.35792 3.35792 3.35792 3.35792 3.35792 3.35792 3.35792 3.35792 3.35792 3.35792 3.35792 3.35792 3.35792 3.35792 3.35792 3.35792 0.00000 0.00000 0.00000 0.00000 0.00000 0.00000 0.00000
2.50342 2.50342 2.50342 2.50342 2.50342 2.50342 2.50342 2.48990 2.43008 2.36695 2.30385 2.24025 2.19156 2.18825 2.18825 2.18825 2.94169 5.12107 5.12107 5.12107 5.12107 5.12107 5.12107 5.12107 5.12107 5.12107 5.12107 5.12107 5.12107 5.12107 5.12107 5.12107 5.12107 4.58202 3.35792 3.35792 3.35792 3.35792 3.35792 3.35792 3.35792 3.35792 3.35792 3.35792 3.35792 3.35792 3.35862 3.36384 3.36987 3.37590 3.38364 0.00000 0.00000 0.00000 0.00000 0.00000 0.00000 0.00000
2.50342 2.50342 2.49050 2.43124 2.36821 2.30480 2.24151 2.19200 2.18825 2.18825 2.18825 2.18825 2.18825 2.18825 2.18825 2.18825 2.24955 4.95536 5.12107 5.12107 5.12107 5.12107 5.12107 5.12107 5.12107 5.12107 5.12107 5.12107 5.12107 5.12107 5.12107 5.12107 5.12107 5.04136 3.40693 3.35792 3.35792 3.35792 3.35792 3.35792 3.35792 3.35987 3.36578 3.37181 3.37784 3.38387 3.38920 3.39001 3.39001 3.39001 3.39001 0.00000 0.00000 0.00000 0.00000 0.00000 0.00000 0.00000
2.29749 2.24277 2.19244 2.18825 2.18825 2.18825 2.18825 2.18825 2.18825 2.18825 2.18825 2.18825 2.18825 2.18825 2.18825 2.18825 2.18825 4.15881 5.12107 5.12107 5.12107 5.12107 5.12107 5.12107 5.12107 5.12107 5.12107 5.12107 5.12107 5.12107 5.12107 5.12107 5.12107 5.12107 3.83538 3.35797 3.36169 3.36772 3.37375 3.37978 3.38582 3.38989 3.39001 3.39001 3.39001 3.39001 3.39001 3.39001 3.39001 3.39001 3.39001 0.00000 0.00000 0.00000 0.00000 0.00000 0.00000 0.00000
1.97434 2.18825 2.18825 2.18825 2.18825 2.18825 2.18825 2.18825 2.18825 2.18825 2.18825 2.18825 2.18825 2.18825 2.18825 2.18825 2.18825 3.30096 5.12107 5.12107 5.12107 5.12107 5.12107 5.12107 5.12107 5.12107 5.12107 5.12107 5.12107 5.12107 5.10690 4.89898 4.62940 4.36009 3.77340 3.38771 3.39001 3.39001 3.39001 3.39001 3.39001 3.39001 3.39001 3.39001 3.39001 3.39001 3.39001 3.39001 3.39001 3.39001 3.39001 3.39001 0.00000 0.00000 0.00000 0.00000 0.00000 0.00000
1.68534 2.18825 2.18825 2.18825 2.18825 2.18825 2.18825 2.18825 2.18825 2.18825 2.18825 2.18825 2.18825 2.18825 2.18825 2.18825 2.18825 2.46100 5.10347 5.12107 5.12107 5.12107 5.12107 5.12107 5.12107 5.09023 4.85745 4.58801 4.31856 4.04898 3.79370 3.73217 3.73217 3.73217 3.68040 3.39001 3.39001 3.39001 3.39001 3.39001 3.39001 3.39001 3.39001 3.39001 3.39001 3.39001 3.39001 3.39001 3.39001 3.39001 3.39001 3.39001 0.00000 0.00000 0.00000 0.00000 0.00000 0.00000
1.39625 2.18825 2.18825 2.18825 2.18825 2.18825 2.18825 2.18825 2.18825 2.18825 2.18825 2.18825 2.18825 2.18825 2.18825 2.18825 2.18825 2.18825 4.51808 5.12107 5.06718 4.81579 4.54634 4.27690 4.00731 3.76870 3.73217 3.73217 3.73217 3.73217 3.73217 3.73217 3.73217 3.73217 3.73214 3.43723 3.39001 3.39001 3.39001 3.39001 3.39001 3.39001 3.39001 3.39001 3.39001 3.39001 3.39001 3.39001 3.39001 3.39001 3.39001 3.39001 0.00000 0.00000 0.00000 0.00000 0.00000 0.00000
1.21342 2.08197 2.18825 2.18825 2.18825 2.18825 2.18825 2.18825 2.18825 2.18825 2.18825 2.18825 2.18825 2.18825 2.18825 2.22252 2.36144 2.50759 3.46792 3.96578 3.75037 3.73217 3.73217 3.73217 3.73217 3.73217 3.73217 3.73217 3.73217 3.73217 3.73217 3.73217 3.73217 3.73217 3.73217 3.53619 3.39001 3.39001 3.39001 3.39001 3.39001 3.39001 3.39001 3.39001 3.39001 3.39001 3.39001 3.39001 3.39001 3.39001 3.39001 3.39001 3.39001 0.00000 0.00000 2.74736 2.74736 2.74736
1.21049 1.79582 2.18825 2.18825 2.18825 2.18825 2.18825 2.18825 2.18825 2.18825 2.22150 2.35998 2.50620 2.65373 2.79988 2.91176 2.91899 2.91899 3.08935 3.73217 3.73217 3.73217 3.73217 3.73217 3.73217 3.73217 3.73217 3.73217 3.73217 3.73217 3.73217 3.73217 3.73217 3.73217 3.73217 3.63520 3.39001 3.39001 3.39001 3.39001 3.39001 3.39001 3.39001 3.39001 3.39001 3.39001 3.39001 3.39001 3.39001 3.36421 3.10774 2.79654 2.59827 2.74736 2.74736 2.74736 2.74736 2.74736
1.21049 1.50682 2.18825 2.18825 2.18825 2.22055 2.35851 2.50532 2.65227 2.79842 2.91132 2.91899 2.91899 2.91899 2.91899 2.91899 2.91899 2.91899 2.92460 3.65915 3.73217 3.73217 3.73217 3.73217 3.73217 3.73217 3.73217 3.73217 3.73217 3.73217 3.73217 3.73217 3.73217 3.73217 3.73217 3.72081 3.40339 3.39001 3.39001 3.39001 3.39001 3.39001 3.39001 3.39001 3.30882 3.00968 2.69848 2.38728 2.07624 1.79099 1.73643 1.73643 2.20654 2.74736 2.74736 2.74736 2.74736 2.74736
1.18580 1.10025 2.42971 2.65081 2.79696 2.91081 2.91899 2.91899 2.91899 2.91899 2.91899 2.91899 2.91899 2.91899 2.91899 2.91899 2.91899 2.91899 2.91899 3.42682 3.73217 3.73217 3.73217 3.73217 3.73217 3.73217 3.73217 3.73217 3.73217 3.73217 3.73217 3.73217 3.73217 3.73217 3.73217 3.73217 3.49101 3.39001 3.38984 3.22266 2.91146 2.60026 2.28922 1.97818 1.74833 1.73643 1.73643 1.73643 1.73643 1.73643 1.73643 1.73643 1.91839 2.74736 2.74736 2.74736 2.74736 2.74736
0.564382 0.553743 2.24003 2.91899 2.91899 2.91899 2.91899 2.91899 2.91899 2.91899 2.91899 2.91899 2.91899 2.91899 2.91899 2.91899 2.91899 2.91899 2.91899 3.18905 3.73217 3.73217 3.73217 3.73217 3.73217 3.73217 3.73217 3.73217 3.73217 3.73217 3.73217 3.73217 3.73217 3.73531 3.79911 3.88601 3.38840 2.19116 1.88029 1.73643 1.73643 1.73643 1.73643 1.73643 1.73643 1.73643 1.73643 1.73643 1.73643 1.73643 1.73643 1.73643 1.73885 2.63826 2.74736 2.74736 2.74736 2.74736
          ;*                  ;*                  <*                  9*                    2*                 9*             9*            9*            >*                  >*                  >*                           :*                              :*   
             ;*                     2*                  8*              9*            9*            >*                  >*                   >*                          :*                              :*                              :*                              :*                            
               :*                  8*                        :*                              :*                              :*                              :*                              :*                              :*                              :*                  
                     :*                              :*                              :*                              :*                              :*                              :*                        <*                  <*                  <*                 
                :*                              :*                              :*                              :*                        <*                  <*                  <*                  8*                    :*          *            :  
                :*                        <*                  <*                  <*                  8*                              :*          *            :      *        ?      *        ?      *        8  
<*                      =*                          :*                              :*          *            :      *        ?      *        ?      *        <      *        2      *        ;      *   
                      :*                              :*          *            :        *        ?      *        ?      *        :      *        ;      *        >      *        9      *     
      :*                              :*          *            :        *        ?      *        ?      *        =      *        >      *        >      *        9      *        2         :*   
           :*          *            :        *        ?      *        <      *        3        *        ?      *        >      *        9      *        9          :*                       
