High_resolution/powerplant/Chizhou/OMI_NO2_200708.asc
ncols      200
nrows      200
xllcorner       115.585
yllcorner       28.7700
cellsize     0.0166667
NODATA_Value      -999.000
[rows 0 to 27 of 165, columns 63 to 125 of 200]
0.00000 0.00000 0.00000 4.36115 4.31820 4.16228 4.84675 7.67839 7.45316 7.13720 6.84202 6.52059 6.07917 5.40038 5.40038 5.11042 5.00056 5.00056 5.00056 5.00056 5.00056 5.00077 5.39019 5.44923 5.44923 4.90190 4.11131 4.11131 4.11131 3.64150 3.52580 3.06071 3.05087 3.03330 2.94644 2.86241 2.78955 2.67744 2.55496 2.61245 2.66716 2.73818 3.21834 3.26062 3.27007 3.27007 3.27007 3.26633 2.85073 2.90967 3.60537 3.27713 3.28478 3.35229 3.36110 3.36928 3.37685 3.38389 3.38994 3.39900 3.41575 3.41575 3.41575
3.78036 3.84433 3.87974 3.89338 3.86804 3.86257 3.83961 6.09872 6.33442 6.33442 6.33442 6.33130 6.27768 5.41321 5.40038 5.23759 5.00056 5.00056 5.00056 5.00056 5.00056 5.00056 5.26409 5.44923 5.44923 5.26460 4.11131 4.11131 4.09597 3.64121 3.31260 2.88727 2.73218 2.68132 2.67633 2.69891 2.92978 2.92788 2.82342 2.82328 2.82771 2.83285 3.13119 3.24718 3.24200 3.23706 3.23235 3.22783 2.98319 2.87187 3.39066 3.27577 3.23486 3.39104 3.39104 3.39104 3.39104 3.39104 3.39104 3.39311 3.41570 3.41575 3.41575
3.86257 3.86257 3.86257 3.86257 3.86257 3.86257 3.84008 5.33380 6.33442 6.33442 6.33442 6.33198 6.33088 5.55583 5.40038 5.37215 5.00911 5.00056 5.00056 5.00056 5.00056 5.00056 5.15188 5.44923 5.36535 5.12471 3.90406 3.58539 3.48860 3.31730 3.04725 2.84113 2.67633 2.67633 2.66578 2.62030 2.84774 2.88133 2.86081 2.86341 2.86404 2.86404 3.00933 3.22182 3.22182 3.22182 3.22182 3.22182 3.06779 2.87074 3.23538 3.34054 3.20770 3.36614 3.37439 3.36520 3.35638 3.34792 3.33979 3.33198 3.31928 3.26862 3.16737
3.86257 3.86257 3.86257 3.86257 3.86257 3.86257 3.85871 4.55203 6.33442 6.33442 6.33442 6.33280 6.33088 5.75167 5.40038 5.40038 5.10022 5.00056 5.00056 5.00056 5.00056 5.00056 5.05130 5.44923 5.24058 4.57320 3.87849 3.47166 3.47166 3.41655 3.03970 2.88575 2.55758 2.49391 2.43841 2.43469 2.68695 2.86394 2.86404 2.87099 2.89553 2.92072 2.98482 3.32783 3.35447 3.37966 3.40495 3.43017 3.39040 3.19440 3.28130 3.29824 3.14313 3.23233 3.27964 3.27964 3.25926 3.20639 3.15312 3.09985 2.99125 2.90586 2.90535
3.86257 3.86257 3.86257 3.86257 3.86257 3.86257 3.86257 3.89079 6.22782 6.33442 6.33442 6.33380 6.33088 5.97558 5.40038 5.40038 5.22590 5.00056 5.00056 5.00056 4.95976 4.77014 4.54967 4.59039 4.30028 3.51437 3.47757 3.50417 3.53664 3.57382 3.10497 3.03154 2.71242 2.75412 2.79638 2.83842 2.97897 3.16106 3.17774 3.17567 3.15403 3.13089 3.10695 3.39377 3.45086 3.43115 3.41073 3.38960 3.36006 3.29223 3.30001 3.30461 3.08330 3.07192 3.09985 3.04658 3.01369 3.01329 3.01329 3.01329 2.98878 2.90532 2.88330
3.86257 3.86257 3.86257 3.86257 3.86257 3.86257 3.86257 3.82138 5.53395 6.33442 6.33442 6.33442 6.33115 6.23009 5.40998 5.41656 5.22653 4.68699 4.47016 4.23587 4.03809 4.04225 4.08900 4.36163 4.67433 4.10498 3.76989 3.69877 3.62093 3.53833 3.18288 3.01849 2.67096 2.55872 2.49099 2.41898 2.37733 2.84920 2.84718 2.84500 2.84500 2.84500 2.84500 3.06964 3.29223 3.29223 3.27230 3.21951 3.16624 3.11297 3.06072 3.05902 2.93750 2.89823 3.00909 2.97493 2.93501 2.89502 2.85510 2.81511 2.77407 2.63606 2.60939
3.86257 3.86257 3.86257 3.86257 3.86257 3.86257 3.86257 3.84148 4.74985 6.33442 6.33442 6.14778 5.89348 5.63793 4.78606 4.35236 4.20703 3.99345 3.93641 3.93139 3.92508 3.91674 3.87312 3.86021 3.85146 3.17498 2.60492 2.60492 2.60492 2.60492 2.60492 2.60492 2.33943 2.18193 2.18193 2.18193 2.18193 2.71717 2.84500 2.84500 2.84500 2.86508 2.93584 3.06508 3.11297 3.05970 3.02636 3.01822 2.98696 2.95404 2.92113 2.91421 2.79868 2.62173 2.71131 2.71733 2.71733 2.71733 2.71733 2.71733 2.71733 2.64918 2.61094
3.86257 3.86257 3.86257 3.86257 3.86257 3.86257 3.84945 3.78462 3.82560 4.73970 3.88030 3.36723 3.47610 3.47287 3.57061 3.61267 3.63681 3.64190 3.64320 3.64320 3.64320 3.64320 3.64320 3.64417 3.65714 3.56980 2.62263 2.60492 2.60492 2.60492 2.60492 2.60492 2.43763 2.18193 2.18193 2.18193 2.19369 2.65317 3.00230 3.09175 3.17824 3.21405 3.17321 3.12810 2.89913 2.85024 2.81735 2.79209 2.79044 2.79044 2.79044 2.80874 2.79121 2.59705 2.71511 2.78521 2.80963 2.83404 2.85848 2.88292 2.90739 2.89582 2.84677
3.82878 3.72391 3.57468 3.40208 3.22974 3.05711 2.89777 2.78712 3.45696 3.65405 3.62926 3.62926 3.62926 3.62926 3.63681 3.64320 3.64320 3.64320 3.64320 3.64320 3.64320 3.64320 3.64320 3.64320 3.65410 3.65714 2.78618 2.60492 2.60492 2.60492 2.60492 2.61474 2.63961 2.33840 2.45521 2.61254 2.79024 2.93299 3.03514 2.99092 2.96245 2.96185 2.96185 2.96662 2.87644 2.84223 2.86770 2.89322 2.91873 2.94425 2.96969 3.00587 3.05389 2.84939 2.87833 2.95978 2.95978 2.95978 2.95978 2.95978 2.95978 2.95364 2.85417
2.79492 2.72733 2.70410 2.70410 2.70410 2.70410 2.70410 2.70410 3.20224 3.67504 3.62926 3.62926 3.62926 3.62926 3.63259 3.64320 3.64320 3.64320 3.64320 3.64320 3.64320 3.64320 3.64320 3.64320 3.64954 3.65714 3.06083 2.69357 2.83778 3.02403 3.27328 3.58696 3.65308 2.87317 2.81116 2.81116 2.81116 2.81498 3.04643 3.14483 3.17882 3.21281 3.24686 3.27605 3.18779 3.02890 3.02890 3.02890 3.02890 3.02890 3.02890 3.03185 3.06242 2.91378 2.84353 2.95978 2.95978 2.95978 2.93788 2.89711 2.85639 2.81562 2.69538
2.70410 2.70410 2.70410 2.70410 2.70410 2.70410 2.70410 2.70410 2.94971 3.68905 3.62926 3.62926 3.62926 3.62926 3.62927 3.64246 3.64320 3.64320 3.64320 3.64320 3.64320 3.64320 3.64320 3.64320 3.64640 3.65714 3.65714 3.65729 3.73920 3.65714 3.65714 3.65714 3.65714 3.06563 2.81116 2.81116 2.81116 2.81116 3.08721 3.27980 3.27980 3.27980 3.27980 3.27980 3.27665 3.06277 3.07513 3.09467 3.11406 3.13360 3.15307 3.17258 2.78147 2.56481 2.36497 2.45448 2.42417 2.38340 2.36459 2.37922 2.42065 2.46265 2.38708
2.70410 2.70410 2.70410 2.70410 2.70410 2.70410 2.70410 2.70410 2.73238 3.65937 3.64694 3.62926 3.62926 3.62926 3.62926 3.64038 3.64320 3.64320 3.64320 3.64320 3.64320 3.64320 3.64320 3.68469 3.83382 4.15489 4.28817 4.39144 4.37675 3.65791 3.65714 3.65233 3.64207 3.33522 3.09904 3.17732 3.25508 3.33325 3.34354 3.50540 3.53166 3.55772 3.58360 3.60962 3.62565 3.36933 3.28844 3.28844 3.28844 3.28844 3.28844 3.28844 2.77303 2.44615 2.23844 2.37583 2.46225 2.50465 2.54665 2.57401 2.57457 2.57457 2.52350
2.70410 2.70410 2.70410 2.70410 2.70410 2.70410 2.70410 2.70410 2.70410 3.43518 3.67054 3.62926 3.62926 3.62926 3.62926 3.63760 3.64320 3.64320 3.65614 3.77681 3.89945 4.00220 4.08949 4.14543 4.14504 4.35073 4.39267 4.38753 4.38240 3.78800 3.60882 3.75766 3.55182 3.60594 3.84932 3.84932 3.84932 3.84932 3.73721 3.60608 3.62585 3.62585 3.62585 3.62585 3.62585 3.46557 3.28844 3.28844 3.28844 3.30239 3.34367 3.38588 3.10089 2.64892 2.47676 2.49535 2.57457 2.57457 2.56917 2.55813 2.54712 2.53609 2.52506
2.70410 2.70410 2.70410 2.70410 2.70410 2.70410 2.70410 2.70410 2.70410 3.18287 3.68594 3.62926 3.62926 3.63036 3.80334 3.97086 3.94112 4.03567 4.13748 4.19058 4.22424 4.23622 4.24554 4.25440 4.26291 4.49192 4.71916 4.74815 4.77548 4.71298 4.61997 4.62008 3.88390 3.54086 3.84011 3.84932 3.84932 3.84932 3.84804 3.59235 3.62585 3.62585 3.62585 3.62585 3.62585 3.58056 3.38589 3.42766 3.46966 3.49772 3.50090 3.54802 3.47291 2.85462 2.63352 2.40610 2.50925 2.49822 2.49261 2.49261 2.49261 2.49261 2.49261
2.70410 2.70410 2.70410 2.70410 2.70410 2.70410 2.70769 2.72050 2.73277 2.91201 3.44713 3.78408 3.95000 3.98799 4.49352 4.67323 4.39428 4.38665 4.37436 4.35216 4.33402 4.33230 4.33230 4.33230 4.33230 4.47904 4.81580 4.81580 4.81580 4.78403 4.62008 4.62008 4.18106 3.53154 3.77515 3.84932 3.84932 3.84932 3.84932 3.61634 3.62585 3.62585 3.62585 3.63334 3.70427 3.78950 3.71425 3.74898 3.81286 3.87678 3.93824 3.95505 3.94971 3.18851 2.90471 2.35249 2.48357 2.48592 2.47657 2.46722 2.45786 2.44851 2.43916
2.76704 2.77590 2.78418 2.79275 2.83368 2.82586 2.79057 2.75124 2.71168 2.70613 2.84746 3.37047 3.70468 3.70468 4.17729 4.59921 4.39229 4.33230 4.33230 4.33230 4.33230 4.33230 4.33230 4.33230 4.33230 4.37623 4.81573 4.81580 4.81580 4.81462 4.64439 4.62008 4.39483 3.53154 3.70089 3.84932 3.84932 3.84932 3.84932 3.83213 3.97227 4.05751 4.14264 4.22037 4.23467 4.23467 4.07352 3.96728 4.03176 4.10209 4.17262 4.24316 4.31362 3.80044 3.59402 2.93579 2.57416 2.40000 2.40000 2.40000 2.40000 2.40000 2.40000
3.03262 2.99512 2.95560 2.91524 2.84377 2.81753 2.81753 2.81753 2.81753 2.81753 2.80707 3.07913 3.70468 3.70468 3.96729 4.59921 4.45039 4.33230 4.33230 4.33230 4.33230 4.33230 4.33230 4.33230 4.33230 4.33230 4.73399 4.81580 4.81580 4.81580 4.71382 4.62008 4.55624 3.53154 3.62659 3.84932 3.84932 3.84932 3.84932 3.94213 4.43755 4.55680 4.65066 4.74435 4.83848 4.93244 4.90412 4.60712 4.61298 4.61298 4.61298 4.61298 4.61298 4.21766 3.79182 3.18946 2.73008 2.40000 2.40000 2.40000 2.40000 2.40000 2.40000
2.81967 2.81753 2.81753 2.81753 2.81753 2.81753 2.81753 2.81753 2.81753 2.81753 2.81078 2.83719 3.66970 3.70468 3.76377 4.59259 4.51690 4.33230 4.33230 4.33230 4.33230 4.33230 4.33230 4.33230 4.33230 4.33230 4.59608 4.81580 4.81580 4.81580 4.76948 4.62008 4.62008 3.76706 3.55411 3.84751 3.84932 3.84932 3.84932 3.84932 4.88073 5.11192 5.11192 5.11192 5.11192 5.11192 5.10853 4.65104 4.61298 4.59988 4.57584 4.55173 4.52766 4.34232 3.94303 3.57098 3.08112 2.62713 2.65242 2.67775 2.70305 2.72845 2.74763
2.81753 2.81753 2.81753 2.81753 2.81753 2.81753 2.81753 2.81753 2.81753 2.81753 2.81449 2.80299 3.42667 3.70468 3.70468 4.44174 4.58603 4.33673 4.33230 4.33230 4.33230 4.33230 4.33230 4.33230 4.33230 4.33230 4.45806 4.70946 4.62455 4.53976 4.46151 4.61083 4.62008 4.10002 3.53154 3.78639 3.75845 3.66216 3.56586 3.46944 4.40911 4.92105 4.88904 4.85681 4.82484 4.79257 4.76060 4.45744 4.32962 4.38457 4.44852 4.50998 4.35685 4.28499 4.16346 3.96853 3.36803 2.79342 2.74484 2.72384 2.70033 2.67382 2.65414
2.81753 2.81753 2.81753 2.81753 2.81753 2.81753 2.81753 2.81753 2.81753 2.81753 2.81734 2.80385 3.14978 3.70468 3.70468 4.23160 4.59921 4.37877 4.33230 4.33230 4.33230 4.32612 4.27244 4.20325 4.11677 4.02920 3.99164 4.28436 4.25248 4.22047 4.18858 4.20097 4.17998 3.71973 2.46881 2.77182 3.17253 3.47040 3.73256 3.96593 4.42698 5.15013 5.20890 5.26501 5.31886 5.37051 5.42029 5.29918 5.01932 5.01944 5.01944 5.01944 4.64060 4.37291 4.32793 4.34503 3.49138 2.87855 2.65362 2.65362 2.65362 2.67174 2.80149
2.81753 2.81753 2.81753 2.81753 2.81753 2.81753 2.81753 2.81753 2.81753 2.81753 2.81753 2.80582 2.86281 3.61544 3.58437 3.83139 4.29273 4.15929 4.05129 3.96366 3.87612 3.79473 3.75234 3.67714 3.59852 3.49962 3.40056 3.53850 3.51206 3.42631 3.34045 3.13474 2.74647 3.02631 5.11569 5.18479 5.24730 5.24730 5.24730 5.24730 5.23777 5.45599 5.49526 5.49526 5.49526 5.49526 5.49526 5.47141 5.13115 5.21367 5.31039 5.41647 5.23913 4.68165 4.58147 4.49901 3.99080 3.58046 3.30573 3.45415 3.60290 3.73330 3.75220
2.81731 2.79617 2.77927 2.76328 2.74815 2.73377 2.72011 2.70711 2.69477 2.68297 2.67245 2.66781 2.70359 3.17803 3.22783 3.23114 3.29345 3.18361 3.11430 3.01504 2.91600 2.81692 2.72637 2.68401 2.66235 2.66209 2.66209 2.83510 2.98068 2.98068 2.98068 2.94137 2.46640 2.48915 4.98932 5.16194 5.24730 5.24730 5.24730 5.24730 5.24730 5.40799 5.49526 5.49526 5.49526 5.49526 5.49526 5.49264 5.48671 5.48078 5.47484 5.46891 5.36729 4.63070 4.56708 4.45295 4.50401 4.37465 3.75220 3.75220 3.75200 3.74235 3.72679
2.73676 2.68833 2.70131 2.71430 2.72728 2.74024 2.75323 2.76266 2.80305 2.86153 2.91940 2.97729 3.07083 3.00033 2.92182 2.88873 2.64920 2.62232 2.66193 2.66209 2.66209 2.66209 2.66209 2.66209 2.66209 2.66209 2.66209 2.75693 2.98068 2.98068 2.98068 2.98068 2.60229 2.46392 4.39048 5.14837 5.23801 5.24730 5.24730 5.24730 5.24730 5.34709 5.48001 5.47407 5.46814 5.46220 5.45627 5.45295 5.45294 5.45294 5.45294 5.43799 5.37787 4.53876 4.34557 4.11072 4.05102 4.04100 3.61798 3.57928 3.54992 3.53901 3.53901
2.85000 2.68958 2.63366 2.61444 2.65887 2.70440 2.74998 2.79914 2.81739 2.81739 2.81739 2.81852 2.95204 2.94927 2.88059 2.88059 2.71076 2.61887 2.65525 2.66209 2.66209 2.66209 2.66209 2.66209 2.66209 2.66209 2.66209 2.68904 2.98042 2.98068 2.98068 2.98068 2.77328 2.46392 3.76681 5.14826 5.21526 5.24730 5.24730 5.24730 5.24730 5.25769 5.41736 5.35615 5.29512 5.23409 5.17294 5.11185 5.05088 4.98967 4.92864 4.88257 4.87987 4.24010 3.86114 3.70912 3.68972 3.79158 3.62816 3.53901 3.53901 3.53901 3.53901
2.69574 2.64994 2.75130 2.81624 2.81739 2.81739 2.81739 2.81739 2.81739 2.81739 2.81739 2.81739 2.91646 2.96249 2.89224 2.88059 2.77221 2.61887 2.64509 2.66209 2.66209 2.66209 2.66209 2.66209 2.66209 2.66209 2.66209 2.66209 2.92273 2.98068 2.98068 2.98068 2.90729 2.56201 3.41061 5.34211 5.44646 5.55001 5.60260 5.65079 5.69516 5.72894 4.96629 4.87987 4.87987 4.87987 4.87987 4.87987 4.87987 4.87987 4.87987 4.87987 4.87987 4.47874 3.86123 3.71087 3.59738 3.64108 3.51274 3.26356 3.21744 3.17152 3.12546
3.00343 2.82513 2.81739 2.81739 2.81739 2.81739 2.81739 2.81739 2.81739 2.81739 2.81739 2.81739 2.87980 2.96249 2.91718 2.88059 2.83379 2.61887 2.63493 2.66209 2.66209 2.66209 2.66209 2.66209 2.66209 2.66209 2.82303 3.00645 3.31936 3.59762 3.67670 3.75993 3.84821 3.89641 3.96886 5.65136 5.70063 5.75246 5.75246 5.75246 5.75248 5.75259 5.14687 4.88014 4.88023 4.88032 4.88041 4.88049 4.87428 4.85749 4.84102 4.82492 4.80848 4.59277 3.89369 3.70052 3.44159 3.52465 3.56958 3.43143 3.48865 3.54199 3.59193
3.00607 2.86602 2.81739 2.81739 2.81739 2.81739 2.81739 2.81739 2.81739 2.81739 2.81739 2.81739 2.84296 2.96249 2.94211 2.88059 2.87849 2.63572 2.62476 2.66209 2.66209 2.66209 2.66209 2.66209 2.65413 2.58837 2.96485 3.40499 3.51705 3.85736 3.83175 3.80641 3.78103 3.75562 3.73027 5.11542 5.46643 5.66910 5.60695 5.53175 5.43176 5.33289 4.96310 4.54749 4.55044 4.59915 4.36714 4.33011 4.29712 4.26981 4.24270 4.21534 4.18877 4.18012 4.17968 4.10600 3.80486 3.81428 3.86843 3.76268 3.75893 3.75893 3.75893
3.00607 2.91180 2.81739 2.81739 2.81739 2.81739 2.81739 2.81739 2.81739 2.81739 2.81739 2.81739 2.81811 2.95072 2.96123 2.88633 2.88869 2.71277 2.64432 2.60213 2.51926 2.41087 2.28902 2.15102 2.00906 1.96363 2.21848 3.12516 3.15360 3.58153 3.57976 3.57747 3.57533 3.57333 3.57143 4.16905 4.57043 4.74361 4.77955 4.74950 4.74499 4.74499 4.67255 4.24841 4.25662 4.41088 4.18220 4.18010 4.18010 4.18010 4.18010 4.18010 4.18010 4.18010 4.17984 4.17424 3.82270 3.80467 3.86388 3.79260 3.76233 3.76348 3.76464
