High_resolution/powerplant/Chizhou/OMI_NO2_200712.asc
ncols      200
nrows      200
xllcorner       115.585
yllcorner       28.7700
cellsize     0.0166667
NODATA_Value      -999.000
[rows 87 to 115 of 176, columns 67 to 133 of 200]
8.44636 8.44888 8.64115 9.25027 9.43217 9.50586 9.73084 9.73268 9.65788 9.63376 9.63376 9.63376 9.63376 9.63376 9.64883 9.58504 9.58391 9.98143 10.6831 10.6689 11.0072 11.2838 11.5762 11.8358 11.9789 13.2745 14.1623 14.2119 14.2138 14.2138 14.2288 14.3093 14.2913 13.4389 13.4578 13.5239 13.5587 13.5865 13.4933 13.2060 13.2520 13.3246 14.0430 14.9199 14.7875 14.0371 14.0360 14.0407 14.9017 14.7406 14.3007 14.3007 14.3007 14.3007 14.2008 14.0118 13.8227 13.4925 13.4471 13.4236 12.4095 11.1813 11.1813 10.4061 10.0552 9.63623 9.18651
8.58540 8.64441 8.72708 9.23150 9.50320 9.50342 9.69740 9.76378 9.78435 9.84264 9.94827 10.0519 10.1554 10.2587 10.3700 10.5702 10.8126 10.9853 11.8163 12.0045 12.2703 12.2711 12.2711 12.2838 12.3219 13.0972 14.4316 14.5421 14.6149 14.6877 14.7613 14.9017 14.9577 14.2881 14.0984 14.0649 14.0578 14.0578 14.0460 13.6430 13.6217 13.6217 13.8571 14.9120 14.9120 14.1686 14.0360 14.0360 14.6569 14.8614 14.0718 13.8824 13.6932 13.5042 13.4149 13.4149 13.4149 13.2645 13.0106 12.7368 11.9617 9.94598 9.67091 9.10766 8.68104 8.58226 8.19384
8.65318 8.86619 8.91626 9.50132 10.0048 10.1082 10.3539 10.5133 10.5174 10.4435 10.5094 10.6540 10.7999 10.9720 11.1327 11.2011 11.3117 11.3506 11.8907 12.2264 12.5131 12.6097 12.6485 12.6746 12.6753 13.2169 14.7708 14.9901 14.9450 14.9000 14.8550 14.9032 14.9389 14.5015 14.0495 14.0578 14.0523 14.0406 14.0286 13.7208 13.5691 13.5574 13.5576 14.7459 14.7976 14.1490 13.5544 13.3536 13.5236 13.9467 13.2448 12.9040 12.6568 12.4101 12.1627 11.9164 11.6691 11.5175 11.5317 11.5317 11.4741 9.34332 9.04842 8.65813 7.98849 7.70632 7.26154
9.08163 9.50536 9.57208 10.1008 10.3516 10.3858 10.6264 10.9515 11.1368 11.3454 11.4818 11.5401 11.5977 11.6292 11.6487 11.6692 11.7696 11.7954 12.1188 12.6149 12.8090 12.9774 13.0625 13.2323 13.4026 13.7487 15.2488 15.2514 15.2713 15.2908 15.3105 14.9184 14.5504 14.3588 13.6430 13.6440 13.6379 13.6379 13.6379 13.4720 13.0921 12.9031 12.7139 13.4451 13.6267 13.3585 12.6899 12.6767 12.6520 12.1973 11.6389 11.3734 11.3734 11.3734 11.3731 11.3465 11.3035 11.1310 10.9178 10.5866 10.2560 8.22848 7.59317 7.53410 7.19276 7.16430 7.34315
9.75869 10.4078 10.6020 11.0776 11.6701 11.8360 11.8984 11.9791 11.9806 12.0394 12.0540 12.0540 12.0540 12.0540 12.0540 12.0540 12.1154 12.1500 12.3751 13.1796 13.4319 13.8227 13.9079 13.9083 13.9083 13.9083 15.2614 15.4023 15.4018 15.4018 15.4018 15.0959 14.5073 14.5239 13.6656 13.6309 13.6011 13.5598 13.5144 13.3676 12.2768 12.2541 12.2410 12.8511 13.5193 13.5038 12.6757 12.5336 12.4446 11.8477 11.4917 11.1402 11.0339 10.7590 10.4522 10.1587 9.88144 9.73452 9.62800 9.53447 9.49189 8.24883 7.16451 7.12188 6.82792 6.66742 6.78061
10.7181 11.1144 11.1686 11.2713 11.8802 11.8844 11.8862 11.9686 11.9806 12.0221 12.0540 12.0540 12.0540 12.0948 12.2401 12.3906 12.5817 12.7711 12.8047 13.4589 13.6088 13.8765 13.9083 13.9083 13.9083 13.9083 14.9005 15.4141 15.4018 15.4018 15.3705 15.1099 14.1877 14.0611 13.5772 13.4191 13.4083 13.4037 13.3494 13.2603 12.2527 11.9067 11.8173 12.0453 12.9250 12.8335 12.1922 11.8640 11.6629 11.0665 10.5166 9.69662 9.48270 9.43762 9.42485 9.42485 9.42485 9.42485 9.37133 9.25840 9.25840 8.57238 7.00713 6.94914 6.73291 6.44849 6.42782
10.8391 11.0336 11.1686 11.1687 11.7881 11.8844 11.8844 11.9470 11.9821 12.1006 12.3005 12.4511 12.6018 12.7117 12.7169 12.7169 12.7364 12.8045 12.8045 13.2498 13.6020 13.7866 13.9083 13.9073 13.8328 13.7129 14.2115 14.9557 14.7753 14.6242 14.5242 14.5424 13.7735 13.7726 13.6605 13.2150 12.7680 12.6772 12.6402 12.6379 12.0679 11.4578 11.4559 11.3895 12.3709 12.1677 11.6047 10.7840 10.7420 10.5432 10.1191 9.33671 9.11868 8.98014 8.84143 8.70289 8.56452 8.42631 8.21518 7.77184 7.60835 7.33680 6.02333 5.84521 5.61810 5.15165 5.00362
10.7908 10.9490 11.1686 11.1686 11.6014 11.9566 12.0340 12.1638 12.5831 12.6501 12.7167 12.7169 12.7169 12.7169 12.7169 12.7169 12.7188 12.7919 12.7258 12.8684 13.2196 13.2340 13.3572 13.2708 13.2580 13.2905 13.5930 14.9333 14.9532 15.0173 15.0610 15.0891 14.4360 14.1740 13.8086 13.3579 12.6311 12.6311 12.6022 12.4452 12.0582 10.9293 10.7590 10.7022 10.8514 10.6705 10.4650 9.46099 9.30853 9.12214 8.48248 7.99749 7.74353 7.74353 7.74353 7.74353 7.74424 7.81542 7.89754 7.10069 6.67953 6.52232 5.51916 5.34459 5.33845 5.03292 4.97534
10.7622 10.9873 11.3104 11.4165 11.7186 12.2115 12.2139 12.2377 12.5558 12.6435 12.7063 12.7124 12.6584 12.6007 12.6108 12.6939 12.7769 13.0456 13.4253 13.8102 14.3096 14.1316 13.6237 13.5978 13.5978 13.5978 13.6063 15.0431 15.1664 15.2213 15.2835 15.3458 14.9341 14.5750 14.2160 13.7271 12.6275 12.4258 12.2845 12.2713 12.2690 11.2325 11.0960 11.0960 10.4992 10.0072 10.0072 9.29260 9.06071 9.06071 8.58355 8.17230 7.78013 7.89542 8.01347 8.13163 8.24880 8.29568 8.29358 7.35791 6.48358 6.46844 5.74634 5.29390 5.27779 5.08174 4.93873
11.0256 11.2275 11.4197 11.5549 11.6257 12.2695 12.2578 12.3444 12.6467 12.9297 13.0575 13.1740 13.3120 13.5567 13.8024 13.9749 14.1479 14.4941 14.7910 14.9643 15.3755 14.9986 14.7540 14.7390 14.9131 15.0866 15.2607 15.7017 15.8126 15.7427 15.5258 15.2934 14.7686 13.9346 13.6329 13.3278 12.5153 12.2713 12.2713 12.2713 12.2713 11.5807 11.0960 11.0960 10.7518 10.0072 10.0116 9.60385 9.19929 9.32732 9.13276 8.86969 8.35757 8.36869 8.36657 8.36273 8.35889 8.35507 8.35146 7.83117 6.37752 6.37651 5.93231 5.23417 5.23355 5.14201 4.85023
11.1143 11.4770 11.6988 11.9425 11.9891 12.4800 13.0161 13.0447 13.2096 13.7059 14.1293 14.9213 15.2664 15.5094 15.6835 15.8666 16.0501 16.1975 16.3782 16.3886 16.6427 16.1614 15.8714 15.5101 15.5207 15.5026 15.4605 15.6296 15.6299 14.9035 14.8983 14.9089 14.8118 14.0688 13.9560 13.6467 13.0207 12.5430 12.5532 12.5631 12.5731 12.2434 11.4190 11.5039 11.5382 10.6735 10.7933 10.7154 9.88107 9.82975 9.64615 9.30844 8.62829 8.56014 8.55842 8.55842 8.55842 8.55842 8.55811 8.25448 6.55189 6.34672 6.15120 5.17787 5.16524 5.12318 4.74265
11.3911 11.6227 11.8401 12.1103 12.2138 12.6321 13.4577 13.6566 14.1981 14.6824 14.9683 16.3768 16.3871 16.3978 16.4072 16.4089 16.4089 16.4193 16.6366 16.6407 16.7616 16.5697 16.2167 15.5819 15.5222 15.4966 15.4966 15.6094 15.9725 15.0875 15.0353 15.0353 15.0343 14.2637 14.1531 13.8197 13.3582 12.6287 12.5901 12.4396 12.2505 11.9882 11.8323 11.8313 11.7800 10.8011 10.5900 10.5751 9.76621 9.62859 9.60569 9.27374 8.75779 8.53698 8.53109 8.52336 8.51208 8.50073 8.48939 8.28758 6.95342 6.27984 6.27292 5.21791 5.13149 5.12772 4.82539
11.4652 11.6742 12.0582 12.5543 12.8462 12.9532 13.6035 13.7483 14.1180 14.6232 14.7941 16.2391 16.4089 16.4089 16.4089 16.4089 16.4007 16.3784 16.5522 16.5888 16.5897 16.7141 16.2048 15.6486 15.4966 15.4966 15.4966 15.5095 15.9769 15.3342 15.0353 15.0353 15.0353 14.4203 14.0080 13.4531 13.0374 11.7921 11.5420 11.4735 11.4375 11.4359 11.5876 11.6362 11.6215 10.9320 10.5029 10.4734 9.91304 9.45498 9.42580 9.14134 8.78082 8.47766 8.47048 8.46513 8.46333 8.46161 8.46017 8.36899 7.41560 6.26171 6.26171 5.46099 5.11937 5.11937 4.95385
11.7886 11.8123 12.1943 12.4380 12.8466 12.8555 13.4640 13.7483 13.9775 14.5110 14.7934 15.8515 16.3919 16.3688 16.3441 16.3175 16.3002 16.2999 16.4484 16.5703 16.5703 16.8139 16.2048 15.8620 15.4966 15.4966 15.4966 15.4495 15.6973 15.3089 14.5449 14.3283 14.0968 13.3742 12.8542 12.6119 12.5526 11.6525 11.2747 11.2327 11.1908 11.1501 11.2392 11.3725 11.3513 10.9070 10.1277 9.96858 9.66339 9.24736 9.24259 9.07328 8.81389 8.46001 8.45919 8.39941 8.30289 8.20625 8.10985 8.00357 7.22792 5.57697 5.40290 5.02587 4.71527 4.70266 4.62631
11.7886 11.7886 12.1194 12.2484 12.8381 12.8466 13.2357 13.7502 13.8486 14.4527 14.5341 15.2186 16.2999 16.2999 16.2999 16.2999 16.2999 16.2999 16.3839 16.5703 16.5695 16.7546 16.0585 15.7170 15.0026 14.7856 14.5238 14.2946 14.4432 14.5485 13.7235 13.6938 13.6764 13.3552 12.6359 12.4899 12.3724 11.7478 11.0159 11.0159 11.0159 10.9779 10.8468 10.9041 10.6182 10.1685 9.15813 9.06173 8.96005 8.60755 8.49389 8.31851 7.94974 7.45182 7.32682 7.29009 7.29009 7.29009 7.29009 7.28671 6.49222 5.23282 4.98690 4.94914 4.75788 4.76468 4.73744
11.7886 11.7886 12.0208 12.2031 12.7042 12.8720 13.0731 13.7546 13.7950 14.4191 14.4391 14.7496 16.2999 16.2999 16.2966 16.2301 16.1289 16.0264 15.9347 16.1898 16.0495 15.7862 14.9901 14.5473 13.9401 13.8337 13.8351 13.8351 14.0071 14.4313 13.7609 13.5708 13.4638 13.2076 12.1689 11.9641 11.5957 11.0866 9.66070 9.32573 8.99059 8.69359 8.52559 8.98498 9.10240 9.09985 8.41017 8.35030 8.35030 8.16668 8.07201 8.06551 7.74877 7.41504 7.29009 7.18540 6.88922 6.58896 6.28855 5.99167 5.33361 4.95814 5.05827 5.04689 4.75170 4.71960 4.69378
11.8062 11.8168 11.9611 12.2444 12.5368 12.8684 12.8769 13.4980 13.5855 13.9861 14.0503 13.8602 15.4861 15.4998 15.3871 15.3338 15.1924 14.9937 14.8061 15.0674 15.0287 15.0625 14.8224 14.5496 14.4245 14.3478 14.4651 14.5812 14.6480 12.7796 12.2977 11.8662 11.7666 11.5943 10.5365 10.2550 9.83525 9.82724 8.49571 8.44878 8.44878 8.44878 8.44878 8.79956 9.10240 9.10240 8.58225 8.35030 8.35030 8.24942 8.03121 7.76562 7.22515 6.61413 6.08271 5.88698 5.87599 5.84661 5.80906 5.77179 5.39508 4.79014 4.91408 4.88987 4.65296 4.58948 4.58948
11.7417 11.7225 11.7206 11.7569 11.7934 12.3121 12.3137 12.7260 12.9623 13.2933 13.6158 13.4374 14.6880 15.1974 15.1091 15.0248 15.0637 15.1606 15.2581 15.6747 15.9888 16.0472 15.8892 15.3291 15.2365 14.9937 14.9656 14.9379 14.9266 12.8429 12.2984 10.9426 10.7910 10.7616 10.0685 9.75394 9.54829 9.52585 8.48575 8.10469 8.08675 8.06875 8.05043 8.19308 8.73004 8.70834 8.14139 7.41924 7.10343 6.76607 6.18102 5.99619 5.80671 5.63187 5.25709 5.21993 5.18975 5.18181 5.18181 5.18181 5.10136 4.71389 4.84954 4.87423 4.70962 4.57700 4.57518
11.6598 11.6896 11.7375 11.7872 11.8348 12.4260 12.5767 12.7490 13.0593 13.0702 13.1764 12.8403 13.8004 15.0563 15.0332 15.0097 14.9863 14.9630 14.9395 15.1086 15.4286 15.4056 15.3433 14.7261 14.6852 14.3767 14.3992 14.4392 14.4519 13.1247 12.1677 10.6144 10.3285 10.3285 9.86537 9.38279 9.25712 9.15439 8.53175 7.80586 7.80586 7.76944 7.66487 7.54795 7.41082 6.96871 6.57090 5.85794 5.72598 5.59401 5.30458 5.23995 5.30864 5.59812 5.18767 5.14618 5.12660 5.10699 5.09436 5.09267 5.08159 4.62115 4.69545 4.77375 4.66410 4.45190 4.43777
12.1105 12.1294 12.1078 11.8439 11.5109 11.7796 12.1526 12.1625 12.6717 12.7187 12.7969 12.6743 12.9905 14.8338 14.8338 14.8338 14.8338 14.8338 14.8338 14.9091 15.3748 15.3779 15.3707 14.9572 14.7766 14.5687 14.4519 14.4519 14.4519 13.6643 12.1677 11.1685 10.3285 10.3285 10.0576 9.38279 9.30764 8.94647 8.39321 7.14157 6.92902 6.75016 6.61712 6.50482 6.35779 6.25796 6.18455 5.41959 5.33959 5.28308 5.09530 4.87656 4.77981 5.03418 4.97155 4.99103 4.99696 5.00287 5.00186 4.98990 4.97780 4.57718 4.48600 4.60959 4.58117 4.31623 4.31600
11.4154 11.0812 10.7685 10.7010 10.7029 11.0190 12.0785 12.0976 12.5715 12.7106 12.7870 12.7672 12.5169 14.7452 14.8357 14.8546 14.8761 14.8962 14.9149 14.9238 15.3297 15.3833 15.3833 15.1027 14.7766 14.6669 14.4519 14.4519 14.4519 14.2033 12.1576 11.6499 10.1052 9.85318 9.54402 8.55676 8.37671 8.06689 7.63425 6.37561 6.26903 6.17021 6.07139 5.97253 5.80583 5.56626 5.52069 4.90418 4.68287 4.60629 4.47920 4.34376 4.36136 4.62661 4.86912 4.94739 4.94739 4.94739 4.94739 4.93777 4.88051 4.52037 4.21601 4.29587 4.23497 4.23889 4.26656
10.6999 10.6999 10.6999 10.7003 10.7029 10.7165 11.9623 12.0785 12.4259 12.7106 12.7991 12.9316 12.7772 14.3726 14.9207 14.9238 14.9238 14.9238 14.9238 14.9238 15.2205 15.3833 15.3833 15.2564 14.7483 14.6653 14.2855 14.1752 13.8224 13.3851 11.1122 10.4926 8.81734 8.57067 8.44056 7.59677 7.36911 6.93915 6.61425 5.76316 5.54463 5.54463 5.54463 5.54463 5.52153 5.26866 5.21141 4.74747 4.28613 4.20669 4.14323 4.10937 4.04984 4.13565 4.37008 4.42871 4.36499 4.30149 4.23807 4.18411 4.17773 3.94734 3.54230 3.64656 3.70615 4.03323 4.21781
10.6999 10.6999 10.6999 10.6999 10.7026 10.7029 11.6132 12.2427 12.5330 13.0907 13.2092 13.2585 13.0787 13.9281 14.9238 14.9238 14.9238 14.9233 14.9060 14.8761 15.0245 15.1963 15.0244 14.6745 13.6695 13.2903 12.3620 11.8327 11.6704 11.5977 10.3511 9.63884 8.63063 8.06243 8.06243 7.51320 7.22452 6.86113 6.46226 5.66833 5.15087 5.01870 4.88624 4.75402 4.63530 4.39403 4.24838 4.00258 3.57449 3.57449 3.57449 3.59410 3.60836 3.65677 4.01644 4.17285 4.17773 4.17773 4.17457 4.16654 4.15846 4.03705 3.50128 3.56579 3.69604 3.90755 4.21415
10.6999 10.7046 10.7856 10.8936 11.0035 11.1125 11.5997 12.5401 12.6032 13.1232 13.1831 13.2365 13.1394 13.3398 14.6671 14.5021 14.3374 14.1729 14.0146 13.7239 13.4551 13.4786 13.2764 13.1416 12.5819 12.4133 11.9729 11.4795 11.4254 11.3710 10.4715 9.10566 8.49018 7.36488 7.28269 6.79938 6.26888 6.05832 5.63807 5.04104 4.39887 4.39887 4.39887 4.39887 4.39887 4.30697 4.17794 4.13419 3.57763 3.57449 3.57449 3.58397 3.60836 3.60701 3.93200 4.13537 4.15283 4.14474 4.13980 4.13975 4.13362 4.09796 3.45846 3.42672 3.58255 3.65269 4.05208
11.0337 11.1399 11.1697 11.1726 11.1559 11.1169 11.2332 12.5855 12.7187 12.6335 12.3442 12.2708 12.1352 11.8032 13.5911 13.3914 13.1361 12.8809 12.6364 12.5367 12.4844 12.7703 12.7429 12.6886 12.2279 11.8571 11.7131 11.0257 11.0257 11.0257 10.6328 8.53997 8.20894 6.98524 6.90118 6.64399 6.10194 6.06312 5.57680 5.29691 4.41426 4.39138 4.39069 4.39001 4.38933 4.36204 4.16738 4.16636 3.66127 3.55529 3.54653 3.53873 3.56126 3.55935 3.77923 4.00784 4.05288 4.02992 4.00699 3.98405 3.96725 3.96582 3.46338 3.31985 3.46891 3.52084 3.96312
11.3331 11.4236 11.5140 11.6043 11.6735 11.6978 11.7993 12.8478 13.3246 12.9217 12.1929 12.1281 12.0129 11.6758 11.9291 12.0097 11.9931 11.9764 11.9598 11.9432 11.9266 12.1665 12.2625 12.2459 12.0127 11.4782 11.4061 10.4537 10.1022 9.85910 9.61335 7.41550 7.24600 6.65405 6.44106 6.41539 6.08284 6.08187 5.64347 5.40672 4.56973 4.37470 4.37470 4.37470 4.37022 4.35873 4.16900 4.14278 3.79489 3.57720 3.60109 3.62500 3.67204 3.70275 3.72904 3.85081 3.96274 3.95881 3.93194 3.90139 3.87076 3.82267 3.36970 2.99541 3.00559 3.03366 3.36685
11.9392 12.0143 12.0891 12.1641 12.2441 12.1953 12.2041 12.6062 12.9431 12.5641 11.5213 11.5421 11.5539 11.4544 11.4982 11.7435 11.7435 11.7435 11.7435 11.7435 11.7435 11.9110 11.9754 11.7490 11.4481 10.6088 10.3898 9.90656 9.55116 9.55116 9.55116 7.94033 7.24600 6.89704 6.44106 6.44106 6.13000 6.08187 5.76731 5.50939 4.78079 4.38663 4.40136 4.41717 4.43843 4.46626 4.36602 4.27449 4.05045 3.67900 3.69673 3.71445 3.74522 3.78381 3.80726 3.92449 3.73723 3.64134 3.59395 3.55025 3.50658 3.48032 3.20823 2.74479 2.77123 2.93047 3.17886
12.2894 12.2957 12.3166 12.3381 12.3596 12.3072 12.2746 12.3156 12.6699 12.6483 11.6599 11.5353 11.5539 11.5455 11.3864 11.7435 11.7435 11.7135 11.5138 11.2872 11.0605 10.9161 11.1138 11.1138 11.1069 10.5492 10.3794 10.1550 9.55116 9.55116 9.55116 8.47903 7.24600 7.13712 6.39954 6.37104 6.11940 5.97710 5.74670 5.32847 5.17560 4.51878 4.53946 4.56015 4.58050 4.59976 4.55640 4.39107 4.32354 3.81249 3.81120 3.80902 3.79543 3.77094 3.73084 3.75315 3.56512 3.44848 3.44848 3.44848 3.44848 3.44848 3.31586 2.71988 2.74388 2.96532 3.17084
12.3654 12.3807 12.3813 12.3813 12.3813 12.3356 12.2746 12.2746 12.5900 12.6714 11.9323 11.5284 11.5539 11.5465 11.1429 11.1933 10.9679 10.7714 10.7446 10.7446 10.7446 10.7524 11.0990 11.1138 11.1138 10.7318 10.3794 10.3460 9.53082 9.43283 9.40082 8.93014 7.11701 7.08423 6.27671 6.02707 5.71518 5.36963 5.18871 4.77354 4.78324 4.66673 4.66072 4.65919 4.65799 4.65790 4.65481 4.41813 4.38006 3.81362 3.73640 3.71691 3.73631 3.73633 3.76754 3.84958 3.83118 3.68525 3.72772 3.77028 3.81265 3.85501 3.88144 3.30961 3.31896 3.43392 3.55508
