High_resolution/powerplant/Chizhou/OMI_NO2_200609.asc
ncols      200
nrows      200
xllcorner       115.585
yllcorner       28.7700
cellsize     0.0166667
NODATA_Value      -999.000
[rows 145 to 173 of 200, columns 0 to 66 of 200]
2.95803 2.95803 2.95803 2.97385 3.02660 3.08081 3.13499 3.32384 3.77780 4.62676 5.04019 5.16435 7.00156 7.43929 7.47961 7.38524 7.16690 6.93408 6.78640 6.61439 6.50950 6.62180 6.74614 6.71849 6.96940 6.86441 6.77753 6.59532 6.06788 6.01540 5.47644 4.67210 4.59266 4.51545 4.49247 4.49247 4.38782 4.11124 4.10949 4.09027 4.03717 3.80032 3.76242 3.52478 3.32237 3.33136 3.34028 3.34371 3.34371 3.33651 2.84117 2.79143 2.71130 2.68572 2.67670 2.67173 2.66460 2.45337 2.30860 2.14836 1.97308 1.82316 1.70280 1.68303 1.68303 1.68303 1.68303
3.05672 3.11095 3.16518 3.20360 3.20511 3.20511 3.20511 3.21394 3.83918 4.78997 5.57996 5.63899 6.20519 6.34235 6.15489 6.06955 5.97790 5.88604 5.83353 5.91503 5.90609 6.00402 6.21419 6.38603 6.65359 6.88362 6.73382 6.56087 6.04119 5.76547 5.59115 4.49787 4.49247 4.49203 4.45757 4.40201 4.33577 4.03327 4.00161 4.00469 4.01368 3.80914 3.78884 3.64431 3.36123 3.34577 3.34668 3.34759 3.34850 3.34941 3.03436 2.80460 2.76406 2.71135 2.71214 2.70770 2.71363 2.36987 2.23226 1.88241 1.68303 1.68303 1.68303 1.68303 1.68303 1.68303 1.68303
3.17304 3.20511 3.19894 3.15165 3.07110 2.98907 2.90702 2.82526 3.63968 4.21916 4.75924 4.86680 5.20935 5.75923 5.74990 5.74337 5.74314 5.74314 5.74548 5.89267 5.90375 5.95945 6.14399 6.31826 6.36403 6.73921 6.46112 6.41482 6.06291 5.70240 5.64767 4.61701 4.30787 4.25273 4.22107 4.18138 4.14012 3.93541 3.82124 3.77235 3.72207 3.74952 3.79888 3.70541 3.43777 3.35470 3.35992 3.36514 3.37036 3.37558 3.23925 2.83806 2.81732 2.70680 2.68656 2.64919 2.62602 2.29512 2.08644 1.99150 1.68303 1.68303 1.68303 1.68303 1.68303 1.68303 1.65721
2.71275 2.77148 2.69590 2.66112 2.65949 2.65949 2.65949 2.65949 3.14249 4.08982 4.59317 4.84263 4.96914 5.72366 5.74314 5.74314 5.74314 5.74314 5.74314 5.84777 5.90375 5.91792 6.13787 6.13546 6.13059 6.65280 6.29178 6.18450 5.84586 5.26183 5.16876 4.47243 3.89802 3.85676 3.82598 3.82442 3.82442 3.72927 3.58902 3.58521 3.56921 3.63607 3.74585 3.68367 3.47219 3.38256 3.38386 3.37866 3.27184 3.11871 2.92736 2.75537 2.74362 2.63161 2.60999 2.59450 2.58977 2.39750 2.08644 2.07897 1.70464 1.66071 1.58737 1.45110 1.30702 1.16291 1.04435
2.37471 2.66156 2.66232 2.66308 2.66383 2.66460 2.66536 2.66612 2.73485 4.00347 4.44677 4.85065 4.91275 5.54593 5.75166 5.75220 5.75274 5.78608 5.87330 6.01757 6.17599 6.21619 6.49374 6.55926 6.55965 7.11199 5.91694 5.56705 5.28545 4.64383 4.42912 4.31727 3.82442 3.82351 3.81039 3.79343 3.77653 3.73223 3.50761 3.49410 3.49079 3.50402 3.66799 3.64243 3.46331 3.16297 2.97686 2.78428 2.74352 2.74352 2.74352 2.74352 2.74352 2.67225 2.60999 2.60030 2.56706 2.43441 1.91371 1.77056 1.34649 1.10124 1.03043 1.02260 1.02260 1.02260 1.02260
2.28690 2.66951 2.68632 2.68632 2.68632 2.68632 2.68632 2.68632 2.68661 3.68276 4.33364 5.14199 5.25881 5.74597 6.26241 6.38965 6.60988 6.80125 6.93862 7.02089 6.43775 6.42952 6.57853 6.53992 6.35560 6.49858 5.76924 5.15827 5.03122 4.58308 4.38117 4.36373 3.82706 3.73239 3.72852 3.71870 3.70104 3.68227 3.44503 3.36851 3.29034 3.12492 3.20338 3.04097 2.95732 2.77334 2.74352 2.74352 2.74352 2.74352 2.74352 2.73993 2.72674 2.68178 2.51373 2.37169 2.06834 1.98346 1.47457 1.42600 1.25493 1.02260 1.02260 1.02260 1.02260 1.02260 1.02260
2.27439 2.59556 2.73693 2.76692 2.79690 2.82674 2.85682 2.88666 2.91635 3.47981 4.37735 5.67097 6.00255 6.22694 7.01437 7.11117 7.11496 7.11496 7.07434 6.95049 6.29753 6.01312 6.00896 6.03335 5.94048 5.95899 5.72767 4.61183 4.52963 4.33976 4.32896 4.33026 3.95940 3.64875 3.62651 3.61672 3.59918 3.47334 3.14442 2.79676 2.64602 2.64152 2.85361 2.95732 2.95732 2.83185 2.74125 2.72878 2.71507 2.69845 2.63099 2.54864 2.47597 2.40236 2.20182 2.18468 1.95506 1.92933 1.59245 1.42600 1.36408 1.02260 1.02260 1.02260 1.02260 1.02362 1.07853
2.56274 2.72928 2.92734 2.92734 2.92734 2.92734 3.00002 3.18974 3.38128 3.68742 4.99407 5.95073 6.44307 6.34510 6.99310 6.94698 6.82074 6.65334 6.47322 6.37607 5.95614 5.50116 5.45344 5.59251 5.66658 5.75437 5.87105 4.44395 4.41535 4.36152 4.33627 4.33539 4.15003 3.51708 3.36308 3.18967 3.01977 2.99463 2.90794 2.64152 2.64152 2.64028 2.76449 2.93090 2.91721 2.82927 2.60981 2.53634 2.46415 2.39482 2.37639 2.37639 2.37639 2.37639 2.25783 2.18568 2.02302 1.89886 1.69615 1.49687 1.48612 1.27177 1.35203 1.44537 1.53850 1.63077 1.66897
2.57500 2.61554 3.09919 3.29579 3.48708 3.67863 3.79723 3.79880 3.79880 3.79880 4.69806 5.43800 6.14104 6.01002 6.21637 6.32572 6.30085 6.31914 6.38852 6.44182 6.35761 5.76914 5.82105 6.02051 6.01115 6.02563 6.02527 4.56546 4.39335 4.33652 4.19463 4.06978 3.92373 3.05715 2.99463 2.99463 2.99357 2.95874 2.90173 2.61543 2.58974 2.56378 2.55401 2.73835 2.66617 2.58901 2.38007 2.36575 2.33814 2.31043 2.28267 2.25493 2.22714 2.19940 2.08537 1.87699 1.71964 1.49420 1.43813 1.36544 1.34736 1.54476 1.66912 1.66912 1.66912 1.66912 1.66912
2.57500 2.57500 3.58611 3.79880 3.79880 3.79880 3.86543 4.07014 4.26212 4.43733 4.63475 5.31576 6.73989 6.79268 6.65935 6.65958 6.63086 6.60229 6.58103 6.57987 6.57839 5.87311 5.78018 5.97830 6.01048 6.02081 6.02206 4.84331 4.11369 4.02045 3.90593 3.89297 3.87221 3.24727 2.87238 2.82154 2.77178 2.73408 2.67465 2.51056 2.40633 2.37607 2.40194 2.44370 2.40543 2.37769 2.18616 2.11905 2.10038 2.05022 1.99957 1.94891 1.89819 1.84757 1.81374 1.63764 1.61687 1.38032 1.37507 1.34898 1.34736 1.45820 1.66912 1.66912 1.66912 1.66912 1.66912
2.68138 2.76506 3.56554 4.27414 4.45754 4.62478 4.73397 4.74548 4.79514 4.84954 4.91817 5.38626 6.71499 6.87634 6.57205 6.57953 6.57987 6.57987 6.57987 6.57987 6.57987 6.10685 5.78018 5.92822 6.01048 6.01048 6.01048 5.20675 4.00615 3.96650 3.79494 3.74587 3.74429 3.42156 2.79886 2.75515 2.71141 2.68933 2.70504 2.63771 2.52455 2.52455 2.51651 2.33551 2.22857 2.17811 2.01863 1.85519 1.82297 1.82243 1.82243 1.82243 1.82243 1.82243 1.82243 1.68680 1.63173 1.43936 1.37537 1.35535 1.34736 1.37371 1.66703 1.66912 1.67971 1.71050 1.75416
3.67041 3.84546 4.15063 4.81214 4.86553 4.91592 4.96348 5.00348 5.00977 5.01461 5.02104 5.31419 6.42690 6.91432 6.70488 6.62243 6.63860 6.64626 6.65380 6.66131 6.66827 6.38857 5.75215 5.69078 5.58738 5.44997 5.31274 4.98471 4.04084 4.00028 3.75064 3.50868 3.34334 3.22102 2.72030 2.70524 2.70401 2.66895 2.61846 2.55192 2.33823 2.28660 2.24424 2.15025 2.04757 2.04757 1.99779 1.82243 1.82243 1.82243 1.82243 1.82243 1.82243 1.82243 1.82243 1.74468 1.63173 1.51329 1.37537 1.37240 1.38343 1.41898 1.72270 1.82954 1.86328 1.87678 1.87740
4.48381 4.56057 4.61604 5.15168 5.21044 5.21703 5.22347 5.22990 5.23606 5.23768 5.23768 5.38195 6.34311 7.06287 6.85986 6.58330 6.52302 6.44247 6.34201 6.20969 6.07753 5.96501 5.24493 5.16020 5.00846 4.94590 4.81570 4.68262 3.68749 3.53536 3.43288 3.24973 3.17886 3.12843 2.68952 2.48462 2.43547 2.42016 2.42016 2.42016 2.27713 2.23948 2.23948 2.19637 2.04757 2.04757 2.04460 1.83684 1.82243 1.82243 1.82243 1.82243 1.82243 1.82243 1.83349 1.84864 1.71674 1.71698 1.52238 1.54966 1.54687 1.55564 1.72852 1.87740 1.87740 1.87740 1.87740
4.66163 4.66163 4.66163 5.03015 5.24629 5.30661 5.37554 5.44446 5.51339 5.58232 5.65124 5.74857 6.44864 6.46395 6.39047 6.04005 6.01781 5.96566 5.93349 5.93309 5.93309 5.87737 5.25639 4.91920 4.55142 4.48861 4.55133 4.63054 4.06964 3.84065 3.89718 3.53846 2.96314 2.96314 2.74133 2.42016 2.42016 2.42016 2.42016 2.42016 2.32973 2.23948 2.23948 2.23514 2.05493 2.04757 2.04757 1.89506 1.82243 1.82953 1.86355 1.90021 1.94182 2.01525 2.08325 2.12658 1.94033 1.88773 1.61810 1.58284 1.55650 1.55564 1.64194 1.87740 1.87740 1.87740 1.87740
4.98329 5.06371 5.14412 5.39310 5.78049 5.78910 5.78910 5.78910 5.78910 5.76795 5.72325 5.67897 6.11864 6.24501 6.23136 5.95845 5.93060 5.87404 5.76558 5.65708 5.57207 5.58442 5.34926 4.99497 4.85706 4.90234 4.91898 4.92656 4.50404 3.90441 3.87523 3.76189 2.97549 2.96314 2.90597 2.42266 2.42016 2.42016 2.42016 2.42016 2.38235 2.23948 2.23948 2.23948 2.10073 2.08304 2.11968 2.06501 1.97657 2.04579 2.09081 2.13322 2.17065 2.17626 2.17626 2.17626 2.03301 1.88825 1.70464 1.58365 1.56101 1.54801 1.55200 1.83198 1.80476 1.75434 1.70774
5.33961 5.30495 5.30495 5.32845 5.76942 5.74342 5.69872 5.65400 5.60928 5.58573 5.58573 5.58573 5.88316 6.18440 6.06125 5.79078 5.62508 5.68282 5.74898 5.81492 5.85760 5.86584 5.80932 5.17477 5.04197 4.97644 4.99342 5.00030 4.77712 3.81474 3.81474 3.81474 3.15620 2.96314 2.96314 2.53251 2.42016 2.42016 2.42016 2.42174 2.45202 2.32325 2.34257 2.37921 2.32871 2.28019 2.32261 2.33491 2.17354 2.17626 2.17626 2.17266 2.16406 2.15542 2.14679 2.13816 2.07358 1.83861 1.74963 1.54980 1.55212 1.55756 1.56785 1.60426 1.61070 1.60999 1.60999
5.45731 5.30495 5.30495 5.30495 5.51618 5.58573 5.58573 5.58573 5.58573 5.61232 5.67825 5.74652 5.80380 5.91560 5.91159 5.83304 5.71197 5.92349 5.96734 6.01418 6.06440 6.10751 6.11148 5.39115 5.13693 5.00030 5.00030 5.00030 4.98951 3.89074 3.81474 3.81474 3.39047 2.96314 2.96314 2.72022 2.48363 2.52648 2.56931 2.61058 2.64128 2.55478 2.51545 2.54730 2.51593 2.36957 2.36094 2.35231 2.14963 2.10990 2.10128 2.09997 2.11570 2.13236 2.14901 2.16566 2.18087 1.91847 1.84885 1.58840 1.57459 1.56565 1.56565 1.58608 1.60999 1.60999 1.60999
5.59029 5.30512 5.30838 5.31276 5.45416 5.64810 5.71621 5.78448 5.85274 5.89436 5.89489 5.87781 5.85257 5.88281 5.81684 5.78674 5.81764 6.11141 6.11148 6.11148 6.11148 6.11148 6.11148 5.64481 5.18273 5.00030 5.00030 5.00030 5.00030 4.16863 3.82495 3.86574 3.71841 3.09589 3.12827 3.04360 2.61244 2.64432 2.67620 2.70803 2.72054 2.64032 2.50031 2.50031 2.49278 2.32716 2.34367 2.36777 2.24746 2.16302 2.17968 2.19261 2.19351 2.22179 2.28488 2.22234 2.06157 1.91520 1.82036 1.63829 1.57605 1.56577 1.56565 1.57415 1.60999 1.60999 1.60999
5.75718 5.42408 5.49804 5.57326 5.67049 5.89072 5.87109 5.84928 5.82618 5.80168 5.77815 5.77381 5.77381 5.84124 5.77940 5.77414 5.77414 6.06155 6.11141 6.11056 6.10952 6.10848 6.10744 5.89334 5.21149 4.91349 4.85101 4.79628 4.74144 4.32810 3.94924 3.94069 3.91660 3.12163 3.06260 3.05880 2.75081 2.70521 2.70521 2.70532 2.71955 2.72996 2.56584 2.58692 2.61102 2.49334 2.45798 2.45798 2.37396 2.20662 2.26715 2.32525 2.37686 2.40481 2.40501 2.34649 2.05077 1.98499 1.82036 1.70793 1.57668 1.56776 1.57162 1.58599 1.66176 1.71241 1.75941
5.95473 5.67027 5.56503 5.52638 5.48480 5.71019 5.75373 5.75287 5.75200 5.75114 5.75026 5.74939 5.74853 5.83367 5.75969 5.74069 5.71445 5.83083 5.89509 5.81677 5.73870 5.62443 5.46331 5.26973 4.70312 4.41474 4.38409 4.38403 4.38169 4.27914 3.91408 3.91061 3.90933 3.33595 3.06472 3.08816 2.91306 2.78385 2.80797 2.83196 2.84183 2.84183 2.68552 2.63694 2.63694 2.54300 2.49945 2.54457 2.57114 2.40473 2.40501 2.40501 2.40501 2.40501 2.40501 2.40501 2.10566 2.03914 1.81355 1.75880 1.65541 1.69609 1.73235 1.76524 1.80581 1.82116 1.82116
5.88522 5.62609 5.43778 5.43778 5.43778 5.61348 5.74322 5.74322 5.73369 5.70871 5.68345 5.65806 5.63282 5.69482 5.46008 5.13746 5.07026 5.08348 5.23768 5.13436 5.01998 4.95792 4.95792 4.95784 4.78410 4.49127 4.37456 4.37111 4.36641 4.29501 3.77940 3.67422 3.58981 3.37866 3.19368 3.19436 3.10320 2.84183 2.84183 2.84183 2.84183 2.84184 2.76201 2.69422 2.72629 2.71048 2.61659 2.61659 2.61659 2.45300 2.40501 2.40501 2.40170 2.38922 2.37622 2.35206 2.10400 1.87509 1.84960 1.89486 1.80053 1.78418 1.77682 1.77682 1.79387 1.82116 1.82116
5.87124 5.70770 5.36641 5.33600 5.30561 5.36474 5.58268 5.55750 5.54181 5.54161 5.54161 5.54138 5.50363 5.44358 5.40370 4.67312 4.55188 4.55583 4.94759 4.95781 4.95527 4.95177 4.94826 4.91819 4.74277 4.37972 4.09220 4.00779 3.92691 3.90565 3.56998 3.44504 3.44504 3.41405 3.19443 3.19436 3.18798 2.86506 2.84912 2.87324 2.89539 2.91506 2.89326 2.75975 2.75975 2.75060 2.61788 2.61450 2.60270 2.48363 2.36511 2.33476 2.27361 2.22075 2.16844 2.12724 2.05169 1.76987 1.81905 1.90003 1.83241 1.78679 1.77683 1.77682 1.77965 1.80531 1.79352
5.58316 5.57327 5.21281 5.19585 5.19585 5.20111 5.52005 5.52893 5.46689 5.39512 5.31741 5.23333 5.19585 5.19585 5.36433 4.58774 4.53347 4.52704 4.77531 4.79278 4.70745 4.62341 4.53900 4.48124 4.46438 4.21964 3.90565 3.90565 3.90565 3.90565 3.68190 3.44504 3.44504 3.44504 3.23253 3.19774 3.20091 3.01375 2.92304 2.92367 2.92367 2.92367 2.92152 2.76433 2.73476 2.72176 2.59229 2.52975 2.47620 2.37549 2.15997 2.12498 2.12410 2.12410 2.12410 2.11461 2.09279 1.76092 1.70912 1.80617 1.75017 1.64858 1.64530 1.65129 1.73670 1.94179 2.07844
5.56590 5.58280 5.29939 5.19585 5.19585 5.19585 5.24613 5.20214 5.19585 5.19585 5.19585 5.19263 5.10080 4.93089 4.95433 4.48060 4.20918 4.13566 4.28616 4.47948 4.47948 4.47948 4.47948 4.47948 4.47948 4.31785 3.90565 3.90565 3.90565 3.90565 3.79354 3.43691 3.42563 3.41564 3.29160 3.20569 3.20569 3.10989 2.91149 2.89074 2.86997 2.84922 2.82962 2.71409 2.61090 2.55851 2.41340 2.30008 2.27931 2.25517 2.03861 2.00529 1.98451 1.96374 1.94232 1.92716 1.92289 1.71886 1.56010 1.66645 1.77877 1.78535 1.91484 2.01802 2.02632 2.10096 2.15563
5.52041 5.58280 5.40400 5.19585 5.19585 5.19615 5.19762 5.17264 5.03919 4.86555 4.69187 4.52134 4.43957 4.43576 4.52608 4.49618 4.11571 4.11571 4.18515 4.47948 4.47948 4.47948 4.47948 4.47948 4.47948 4.39918 3.94888 3.90565 3.90565 3.90565 3.79483 3.41751 3.40623 3.40001 3.31998 3.15848 3.13773 3.09764 2.82023 2.76707 2.70773 2.64838 2.58952 2.52144 2.42623 2.41931 2.32651 2.14314 2.14241 2.13187 1.98449 1.91922 1.91495 1.91067 1.90700 1.90509 1.84391 1.73778 1.85433 2.01666 2.10375 2.02044 2.00469 2.02632 2.02632 2.06620 2.15563
5.46320 5.59096 5.53058 5.10003 4.97405 4.80004 4.62490 4.47614 4.43589 4.43589 4.43589 4.43589 4.43589 4.43589 4.44456 4.68229 4.11571 4.11571 4.11742 4.44583 4.47948 4.47948 4.47948 4.47948 4.47948 4.44489 4.04521 3.90565 3.89014 3.81363 3.67977 3.37606 3.29376 3.27219 3.25229 3.02126 2.96198 2.91092 2.64299 2.54670 2.54670 2.54670 2.54670 2.53299 2.39942 2.38299 2.34428 2.08243 2.06903 2.06596 2.00001 1.90653 1.87059 1.77869 1.68610 1.59498 1.56360 1.56819 1.93836 1.99589 2.10359 2.04087 1.99286 2.02632 2.02632 2.03105 2.14265
5.26723 5.31737 5.16678 4.49256 4.36353 4.35710 4.35065 4.34424 4.33782 4.33134 4.32483 4.31840 4.31197 4.30554 4.29909 4.55631 3.97294 3.92047 3.91243 4.13499 4.22673 4.16113 4.09544 4.03003 3.98881 3.96646 3.64538 3.37481 3.30685 3.29991 3.29378 3.22548 3.15705 3.10958 3.06505 2.90518 2.85468 2.85179 2.70891 2.51735 2.50373 2.49010 2.47649 2.46952 2.37287 2.33974 2.33974 2.10733 2.05008 1.96545 1.85005 1.62039 1.55776 1.54970 1.54258 1.53576 1.52919 1.52288 1.73340 1.86135 1.95369 1.96694 1.92490 1.95064 1.90114 1.85070 1.90564
4.34412 4.72045 4.75533 4.41495 4.20877 4.20877 4.20877 4.20877 4.20877 4.20877 4.20877 4.20598 4.14186 4.05239 3.96242 4.01545 3.67449 3.48681 3.42930 3.51616 3.77307 3.82078 3.86403 3.90325 3.91854 3.91854 3.64974 3.24443 3.18507 3.12573 3.07095 3.07934 3.01072 2.94760 2.88448 2.81052 2.78905 2.77832 2.74068 2.47013 2.46952 2.46952 2.46952 2.46952 2.40638 2.26656 2.14314 1.84443 1.66960 1.65388 1.64550 1.52149 1.50334 1.50334 1.50334 1.50979 1.53335 1.55781 1.68380 1.95967 1.98198 1.93842 1.73911 1.78357 1.79533 1.79533 1.86013
4.52385 4.61875 4.75533 4.56809 4.14279 4.05339 3.96428 3.87488 3.78562 3.69551 3.60632 3.51978 3.49472 3.49472 3.49604 3.58124 3.64237 3.52907 3.58449 3.64954 3.91665 3.91854 3.91322 3.87224 3.82475 3.77728 3.58969 2.96542 2.88618 2.80728 2.72838 2.71569 2.70885 2.70805 2.70805 2.72185 2.77750 2.77750 2.77750 2.52724 2.46952 2.42367 2.33111 2.23855 2.12792 1.99682 1.97067 1.78044 1.63620 1.63620 1.64029 1.58253 1.55416 1.57862 1.60728 1.63377 1.64317 1.65166 1.66617 1.97981 1.97370 1.90374 1.78354 1.77531 1.79533 1.79533 1.82536
