High_resolution/powerplant/Chizhou/OMI_NO2_200506.asc
ncols      200
nrows      200
xllcorner       115.585
yllcorner       28.7700
cellsize     0.0166667
NODATA_Value      -999.000
[rows 58 to 86 of 200, columns 67 to 133 of 200]
2.18236 2.21554 2.24878 2.28041 2.26220 2.20889 2.23742 2.29705 2.30245 2.29843 2.32810 2.36970 2.47840 2.81147 2.83419 2.90410 2.91367 2.91367 2.91367 2.91367 2.91367 2.91319 3.08118 3.21381 3.28281 3.53031 3.61550 3.40138 3.40444 3.40444 3.40444 3.40809 3.42607 3.59388 3.74806 3.84162 3.95537 4.20516 4.65375 4.77219 4.76713 4.76209 4.75703 4.75504 5.60879 5.74994 5.69841 5.67464 5.65150 5.62896 5.61894 5.62452 5.76574 5.88341 5.58406 5.88413 6.36696 6.53041 6.01277 5.80496 5.88879 5.93549 5.56706 5.56812 5.77651 5.99269 6.03539
2.24050 2.18720 2.13389 2.08062 2.05352 2.05352 2.10976 2.22985 2.29843 2.29843 2.31352 2.36970 2.44316 2.70956 2.83395 2.87862 2.91367 2.91367 2.96362 3.03248 3.10194 3.17134 3.26368 3.37267 3.37342 3.44849 3.77436 3.50179 3.53079 3.58308 3.68634 3.79164 3.89162 4.09393 4.30663 4.29899 4.29616 4.43079 4.69121 4.85512 4.84701 4.83890 4.83079 4.82265 5.37208 5.74826 5.52777 5.51395 5.50699 5.62775 5.84143 6.05529 6.47146 6.67432 6.16939 6.11208 6.91647 6.93782 6.66086 6.22232 6.27944 6.37306 6.12165 5.97992 6.09791 6.40143 6.40143
2.05352 2.05352 2.05352 2.05352 2.05352 2.05352 2.06660 2.19898 2.29685 2.29843 2.30052 2.36813 2.41487 2.61383 2.96900 3.11876 3.16288 3.25776 3.31003 3.35929 3.40627 3.45039 3.50987 3.67156 3.69954 3.67422 3.88421 3.94899 4.07414 4.14347 4.13259 4.11343 4.09433 4.08968 4.13727 4.13501 4.13662 4.23188 4.45618 4.72120 4.72628 4.72628 4.72628 4.72628 5.00395 5.79431 5.79388 5.91177 6.07121 6.10825 6.06049 6.01420 6.05480 6.11152 6.13882 6.17802 6.95243 7.04907 6.98135 6.29796 6.29598 6.39542 6.25063 5.97992 6.01292 6.40093 6.38318
2.05376 2.05405 2.05433 2.05462 2.05491 2.05520 2.05548 2.16583 2.27358 2.30859 2.41730 2.83318 3.01849 3.30523 3.67759 3.71148 3.59753 3.59782 3.60523 3.60162 3.57577 3.51575 3.45091 3.51405 3.47143 3.47160 3.62769 3.88150 4.03095 4.00624 3.99675 3.99216 3.98764 3.98373 4.04986 4.04949 4.03534 4.06347 4.35853 4.58354 4.62308 4.76002 4.93231 5.09906 5.28411 6.08819 6.01700 5.92928 5.92928 5.92928 5.92928 5.92928 5.96563 6.10659 6.12114 6.17802 6.76831 7.04907 7.04907 6.46813 6.29076 6.32405 6.19477 5.90583 5.88708 6.17779 6.22066
2.06166 2.06191 2.06215 2.06241 2.06265 2.07459 2.20956 2.45748 2.69690 2.89073 2.94739 3.14918 3.15406 3.28173 3.50378 3.60381 3.46932 3.35370 3.29718 3.24066 3.21054 3.24083 3.27304 3.39428 3.47926 3.49736 3.51221 3.62563 3.87268 3.85672 3.83968 3.82265 3.80561 3.78857 3.82727 3.83022 3.82844 3.92994 4.63643 5.05879 5.27047 5.30893 5.30893 5.30893 5.30893 5.87186 6.06181 5.92928 5.92928 5.92928 5.92928 5.92928 5.93216 6.09619 6.10758 6.17691 6.56162 6.91073 6.79564 6.33123 5.78250 5.74511 5.82663 5.89502 5.91276 6.11752 6.25283
2.12113 2.16567 2.28535 2.44509 2.59734 2.73474 2.77185 2.82651 2.91485 2.98889 2.98891 3.08002 3.05390 3.09777 3.19552 3.35638 3.32819 3.25962 3.29434 3.32869 3.35698 3.35912 3.35667 3.38291 3.41639 3.40126 3.38679 3.43400 3.71429 3.74713 3.74713 3.74713 3.75292 3.74431 3.76966 3.79130 3.77149 3.88707 4.99355 5.25325 5.30883 5.30893 5.30893 5.30893 5.30893 5.62916 6.10596 5.92970 5.92098 5.88456 5.84590 5.79193 5.63838 5.77077 5.79378 5.71427 5.83870 6.47873 6.47873 6.37325 5.72080 5.72976 5.82732 5.87148 5.98484 6.36427 6.89019
2.61225 2.72804 2.77185 2.77185 2.77185 2.77185 2.77000 2.75932 2.87127 2.80967 2.73517 2.80003 2.91577 3.01719 3.14256 3.47142 3.49231 3.36192 3.34990 3.34843 3.34832 3.34832 3.34832 3.34656 3.37032 3.37032 3.37032 3.41083 3.62251 3.74437 3.73005 3.71566 3.69564 3.68959 3.71251 3.76527 3.76527 3.76527 4.71835 5.21619 5.30699 5.30304 5.26824 5.22956 5.19092 5.23351 5.91660 5.61395 5.41191 5.25862 5.09746 4.94664 4.92355 5.19472 5.53717 5.58659 5.69459 6.56519 6.60894 6.64957 6.18994 6.42023 6.82593 7.16633 7.29663 7.37374 7.45713
2.77185 2.77185 2.76459 2.74263 2.71609 2.68960 2.66596 2.67853 2.82596 2.84219 2.82794 2.89685 3.02585 3.05925 3.16729 3.39236 3.48954 3.40163 3.34832 3.34832 3.34832 3.34832 3.34832 3.34441 3.37263 3.36798 3.35498 3.36348 3.47630 3.68903 3.68959 3.68959 3.68959 3.68959 3.69420 3.72868 3.68284 3.63698 4.16456 4.98838 5.07447 5.04618 5.04153 5.04044 5.03935 5.03827 5.12074 5.03907 5.02616 5.04221 5.05880 5.07578 5.09332 5.24170 5.86163 5.89791 6.14379 7.27755 7.71661 7.97582 7.87678 7.67039 7.67012 7.70459 7.55442 7.57088 7.61018
2.68824 2.66387 2.65089 2.67561 2.70768 2.74042 2.77300 2.78638 2.86137 2.94568 2.86119 2.86148 3.02055 3.02933 3.16541 3.28889 3.48954 3.44724 3.34832 3.34832 3.35411 3.34572 3.33321 3.31830 3.31336 3.31918 3.31918 3.32241 3.37578 3.61172 3.57334 3.52061 3.46792 3.41516 3.36441 3.41199 3.41506 3.40980 3.60936 4.82658 4.96237 4.98269 4.99076 4.99913 5.00752 5.01590 5.05510 5.13864 5.22059 5.23234 5.24409 5.27646 5.49292 5.77180 6.71580 7.04629 7.22302 8.32347 9.04596 9.08186 9.03506 8.73264 8.76503 8.75896 8.50474 8.34860 8.33920
2.72085 2.75357 2.78226 2.78638 2.78638 2.78638 2.78638 2.78638 2.81111 2.96408 2.87063 2.86119 2.98178 3.02251 3.14040 3.19090 3.47117 3.41569 3.32714 3.28730 3.23443 3.19409 3.15019 3.10252 2.96943 2.90291 2.82449 2.74597 2.73093 2.92577 3.27342 3.26994 3.26701 3.26845 3.27088 3.42205 3.51970 3.53134 3.53996 4.77792 5.09362 5.15197 5.15358 5.15358 5.15358 5.15358 5.16915 5.29146 5.63479 5.87348 6.10971 6.32528 6.35677 6.32919 6.78412 7.00920 7.13054 7.98052 9.14762 9.14762 9.14649 8.77660 8.72663 8.72515 8.68666 8.48909 8.33733
2.78638 2.78638 2.78638 2.78638 2.78638 2.78823 2.79335 2.79855 2.80587 2.95472 2.93070 2.89414 2.89979 2.84582 2.86426 2.85271 2.85989 2.82673 2.81747 2.81745 2.80462 2.79291 2.78949 2.78887 2.63184 2.60028 2.59906 2.59921 2.63529 2.76640 3.24743 3.27808 3.28750 3.29249 3.29669 3.42814 3.59618 3.60030 3.60441 4.38136 5.05668 5.11210 5.09644 5.11703 5.26961 5.43833 5.60763 5.91662 6.20387 6.22597 6.22597 6.22597 6.22597 6.22597 6.51573 6.96121 7.06492 7.56117 9.14784 9.20847 9.30962 9.18588 9.12320 9.21169 9.22135 8.77918 8.28282
2.85466 2.86140 2.86810 2.87482 2.88152 2.88637 2.88795 2.88945 2.88894 2.97898 3.02818 2.94881 2.90812 2.76339 2.76246 2.76888 2.79682 2.83551 2.85672 2.89410 2.89663 2.89900 2.90138 2.90695 2.82082 2.75017 2.77042 2.78613 2.79509 2.84389 3.31585 3.41843 3.42263 3.42700 3.43138 3.50040 3.73152 3.73589 3.74026 4.06656 5.12896 5.20399 5.59504 5.74320 5.75925 5.75925 5.75925 5.86628 6.13142 6.22597 6.22597 6.22597 6.22597 6.22597 6.41356 7.22682 7.44529 7.78026 9.50033 9.64497 9.71204 9.68877 9.49533 9.56143 9.62491 9.18969 8.71694
2.91477 2.91477 2.91589 2.92347 2.93009 2.93928 2.95301 2.96678 2.98257 2.97514 3.04013 2.94308 2.93762 2.80449 2.79888 2.80941 2.81407 2.86589 2.86802 2.92477 2.93971 2.95294 2.96619 2.98343 2.95330 2.80036 2.80557 2.80946 2.81334 2.84104 3.20998 3.45374 3.45391 3.45391 3.45391 3.45212 3.72510 3.73158 3.73101 3.79745 5.32435 5.39199 5.70145 5.75925 5.75925 5.75925 5.75925 5.81091 6.06596 6.28739 6.49719 6.70526 7.00719 7.32441 7.56163 8.00380 8.10574 8.34120 9.67559 10.0709 10.0709 10.0652 9.74513 9.72003 9.71596 9.41151 8.85540
2.94971 2.95806 2.97066 2.97686 2.98397 2.98856 2.98856 2.98856 2.98856 2.98270 3.00985 2.96678 2.93517 2.82868 2.79508 2.82769 2.85525 2.92762 2.96770 3.02254 3.05179 3.06522 3.07859 3.08541 3.08328 2.86794 2.82415 2.82415 2.82415 2.83918 3.05302 3.44308 3.44052 3.44017 3.43944 3.44962 3.68210 3.74304 3.74304 3.75513 4.85504 5.40852 5.58375 5.75925 5.76053 5.83933 5.96379 6.09662 6.56805 7.79949 7.97575 8.11469 8.15067 8.15067 8.15067 8.21017 8.24887 8.38213 9.34311 10.0709 10.0709 10.0709 9.84569 9.62743 9.53530 9.39582 8.69179
2.98312 2.98856 2.98856 2.98856 2.98856 2.98661 2.98207 2.98198 2.98789 2.99560 3.04139 3.08501 3.05765 3.00608 2.95257 2.96950 2.97343 3.00009 3.03279 3.05266 3.08541 3.08541 3.08541 3.08541 3.08541 2.93502 2.82410 2.81427 2.81213 2.81815 2.89709 3.44246 3.45164 3.45164 3.45164 3.45164 3.61930 3.74304 3.76120 3.80336 4.54453 5.86040 6.02525 6.44245 6.56599 6.64800 6.71110 6.76614 6.89772 7.93770 8.15067 8.15067 8.15067 8.15067 8.15067 8.18432 8.24887 8.33804 8.98011 9.83885 9.54491 9.25066 9.04358 9.13796 9.18234 9.31334 8.78166
3.00008 3.00705 3.01301 3.01897 3.02492 3.04364 3.10793 3.17227 3.23055 3.28759 3.27756 3.20786 3.12232 3.07759 2.95952 2.96644 2.97343 2.98117 3.03270 3.03669 3.08456 3.08541 3.08531 3.07525 3.07336 2.98625 2.81677 2.82073 2.82213 2.82233 2.84944 3.34999 3.49759 3.53995 3.58007 3.61036 3.74438 3.96010 3.97125 3.95829 4.23878 6.16942 6.23165 6.63627 6.73569 6.74873 6.73329 6.73152 6.73944 7.58775 8.17935 8.18940 8.19947 8.20950 8.19090 7.96498 7.77024 7.53141 7.56150 8.33007 8.29201 8.24647 8.19701 8.39704 8.34729 8.44485 8.11352
3.05041 3.07954 3.13779 3.19604 3.25434 3.30175 3.30619 3.30619 3.30619 3.30619 3.29385 3.22667 3.14171 3.11481 2.96296 2.96338 2.97343 2.97343 3.02134 3.03918 3.07270 3.07296 3.07245 3.09280 3.11303 3.09153 2.97384 3.01372 3.07325 3.13703 3.22172 3.49884 3.63330 3.62783 3.62457 3.62813 3.65647 3.90871 3.89629 3.88303 3.97495 5.90373 6.45945 6.71570 6.90814 6.91819 6.92824 6.93773 6.93986 7.39177 8.30854 8.04534 7.75999 7.49474 7.25875 7.23877 7.34848 7.40041 7.26970 7.70307 7.72098 7.70417 7.70360 7.90165 7.98819 8.09893 8.03929
3.27807 3.30619 3.30619 3.30619 3.30619 3.30619 3.30619 3.30619 3.30619 3.30619 3.30395 3.24959 3.18594 3.14507 3.06090 3.06707 3.10247 3.12271 3.22196 3.33666 3.31897 3.29010 3.29645 3.29221 3.27956 3.28006 3.42529 3.45346 3.48634 3.51498 3.54918 3.59434 3.67157 3.64427 3.61532 3.58817 3.58481 3.91103 3.94115 3.94490 3.99931 5.24449 6.53027 6.62505 6.97160 7.00116 6.95546 6.70522 6.44055 6.33587 7.23322 7.38110 7.40209 7.40290 7.40290 7.40290 7.45717 7.50110 7.26843 7.55375 7.70360 7.70293 7.61190 7.56726 7.58852 7.49082 7.45638
3.35534 3.36350 3.37165 3.37967 3.38689 3.39400 3.40108 3.40824 3.41532 3.42243 3.42901 3.38685 3.30246 3.19411 3.22867 3.24500 3.24487 3.23130 3.25049 3.41348 3.41031 3.36415 3.39267 3.42419 3.45575 3.48719 3.59097 3.60081 3.58424 3.56678 3.54867 3.54666 3.69471 3.70739 3.71120 3.73333 3.77173 4.06092 4.19825 4.23293 4.27567 4.82247 6.70247 6.46579 6.49476 6.21617 5.99720 5.98317 5.98317 6.02243 7.00938 7.40290 7.40290 7.40290 7.40290 7.40290 7.43133 7.43348 7.12227 7.07002 7.17429 7.02101 6.93420 6.89644 7.07840 7.02661 7.10985
3.41087 3.40981 3.40879 3.40788 3.40775 3.40812 3.41697 3.42789 3.43390 3.43941 3.44492 3.31954 3.15438 3.06545 3.15229 3.25180 3.26450 3.28997 3.31860 3.51164 3.56984 3.54638 3.52073 3.49926 3.47666 3.45287 3.49335 3.59246 3.62277 3.65312 3.68347 3.71382 3.85912 3.96324 3.99795 4.01430 4.01430 4.18916 4.39887 4.46322 4.52804 4.85088 5.78987 5.77202 5.90574 5.98317 5.98317 5.98317 5.98317 5.98317 6.64305 7.40290 7.35608 7.20593 7.05198 6.86919 6.64864 6.54340 6.41151 6.29308 6.58736 6.54231 6.51708 6.51729 6.70266 6.76122 6.86609
3.41964 3.43204 3.44441 3.45574 3.46202 3.46717 3.46382 3.45842 3.45792 3.45792 3.45792 3.38816 3.17394 3.12815 3.17773 3.34256 3.37910 3.39494 3.36954 3.43814 3.49601 3.42462 3.36225 3.34440 3.32641 3.30849 3.30579 3.68730 3.81922 3.81922 3.81922 3.81922 3.87928 4.01474 4.04666 4.11136 4.17589 4.33842 4.62790 4.62838 4.62838 4.73113 5.62563 5.78192 5.83916 5.98317 5.98317 5.99136 6.02405 6.01635 6.29472 6.53986 6.35864 6.32199 6.29862 6.30275 6.34424 6.34873 6.33220 6.11687 6.51576 6.51729 6.51729 6.51729 6.61711 6.69376 6.44678
3.47825 3.47137 3.46452 3.45869 3.45792 3.45792 3.45792 3.45795 3.47151 3.49630 3.51954 3.51906 3.26577 3.16235 3.08505 3.21491 3.18002 3.15832 3.14130 3.18385 3.35687 3.34770 3.28909 3.28901 3.28901 3.28901 3.28901 3.56525 3.81922 3.81970 3.84882 3.90531 3.96758 4.24043 4.27459 4.27493 4.27493 4.29807 4.62647 4.62838 4.62838 4.70409 5.27136 5.71253 5.68064 5.86013 5.86338 5.85209 5.81591 5.81435 6.04894 6.34776 6.32637 6.29938 6.26635 6.23384 6.20217 6.15345 6.10621 5.88873 6.14781 6.14398 5.91877 5.66607 5.42188 5.08368 5.01021
3.45792 3.45792 3.45784 3.44878 3.44983 3.45466 3.45947 3.46421 3.49252 3.60650 3.72704 3.86231 3.78964 2.98311 2.87416 3.07516 3.11596 3.13720 3.13848 3.13927 3.33171 3.35687 3.30169 3.28901 3.28901 3.28958 3.31990 3.51677 3.96334 4.01943 4.04707 4.04727 4.04016 4.21235 4.27568 4.29581 4.32430 4.35285 4.71692 4.88655 4.99601 5.15097 5.39716 5.63677 5.64173 5.76760 5.82571 5.82721 5.82872 5.83021 5.91110 6.01142 5.97549 5.97549 5.97306 5.96589 5.95864 5.89465 5.65614 5.30136 5.06985 4.87538 4.80549 4.76715 4.72882 4.57364 4.54406
3.38609 3.39089 3.39576 3.41106 3.50294 3.64183 3.78091 3.91992 4.02175 4.02685 4.02685 4.02685 3.90951 3.23567 2.89241 3.02428 3.11575 3.13239 3.13848 3.13848 3.26263 3.35646 3.34113 3.37762 3.43439 3.49038 3.51692 3.57309 4.04641 4.14149 4.19322 4.24487 4.29645 4.32004 4.57863 4.69137 4.79032 4.88386 5.08571 5.15699 5.14968 5.16157 5.34255 5.49707 5.55973 5.61878 5.72404 5.71573 5.70743 5.69910 5.70641 5.89178 5.83801 5.75854 5.53747 5.31283 5.07497 4.86949 4.79250 4.75544 4.63949 4.43604 4.47507 4.51519 4.55658 4.48897 4.40094
3.56036 3.69938 3.83832 3.97599 4.02685 4.02685 4.02685 4.02685 4.02685 4.02685 4.02685 4.02685 3.97728 3.49052 2.91266 2.96950 3.13321 3.18362 3.25318 3.34879 3.47665 3.62099 3.70784 3.84973 3.91279 3.97571 4.03882 4.10002 4.52132 4.68336 4.71515 4.74674 4.77846 4.70077 5.10343 5.10343 5.10343 5.10343 5.08147 5.05007 5.05007 5.05009 5.21908 5.32522 5.48615 5.49236 5.65723 5.65059 5.61700 5.47425 5.18729 5.13716 4.91867 4.72188 4.68472 4.65574 4.64021 4.64021 4.61664 4.62935 4.93144 4.58273 4.58273 4.58273 4.58107 4.45543 4.17330
4.03266 4.04357 4.05444 4.06529 4.07615 4.08896 4.11363 4.13972 4.16520 4.19009 4.21441 4.23822 4.26472 4.03640 3.41576 3.50101 3.74651 3.85677 3.96393 3.99029 4.01681 4.09364 4.10589 4.18861 4.20804 4.22811 4.24932 4.27055 4.55930 4.83769 4.83891 4.84012 4.84133 4.69480 5.06490 5.13328 5.13448 5.13572 5.12567 5.06928 5.05100 5.03275 5.11012 5.16543 5.27869 5.15156 4.97728 4.71185 4.45598 4.30921 4.30657 4.48807 4.67023 4.64021 4.64021 4.64021 4.64021 4.64021 4.62511 4.60771 4.86234 4.38769 4.23983 4.10257 3.96656 3.87639 3.54530
4.44363 4.46394 4.48386 4.50320 4.52237 4.53969 4.54993 4.55865 4.56763 4.57806 4.59931 4.65964 4.71825 4.68156 4.23832 4.04284 3.99171 4.02414 4.07845 4.07901 4.09251 4.14734 4.18998 4.26093 4.32111 4.32227 4.32227 4.32227 4.45230 4.85940 4.85463 4.83601 4.81655 4.72430 4.81465 5.04634 5.02687 5.00740 4.98778 4.93258 4.93068 4.91351 4.93419 4.97356 4.72765 4.37052 4.34335 4.30657 4.30657 4.30657 4.30657 4.36438 4.68587 4.64022 4.64021 4.59889 4.48030 4.36002 4.22621 4.03215 4.06860 3.68721 3.40963 3.22430 3.03874 2.89404 2.77320
4.59833 4.59833 4.59842 4.60067 4.60379 4.60692 4.61666 4.66605 4.72046 4.77342 4.81538 4.81844 4.81844 4.77849 4.44985 4.07431 4.00608 4.06441 4.13439 4.16286 4.16937 4.18596 4.22948 4.25866 4.34259 4.35155 4.36046 4.36938 4.41502 4.69617 4.69652 4.69565 4.69565 4.68805 4.55879 4.98392 4.98401 4.96600 4.93222 4.85778 4.81132 4.79472 4.82354 4.90045 4.84076 4.37052 4.36325 4.30682 4.30657 4.30657 4.28869 4.18585 4.38945 4.18578 3.98410 3.83991 3.69157 3.52902 3.37278 3.21666 3.18670 3.06709 2.87894 2.87894 2.87894 2.87894 2.82972
4.61079 4.61392 4.62124 4.66605 4.71736 4.76866 4.81340 4.81844 4.81844 4.81844 4.81820 4.79947 4.76913 4.72641 4.51858 3.98796 4.09446 4.13992 4.18598 4.21665 4.22560 4.23598 4.29489 4.29890 4.38339 4.39390 4.39390 4.39390 4.39519 4.63802 4.69565 4.69565 4.69571 4.67689 4.41436 4.87305 4.86387 4.84808 4.84808 4.81878 4.79472 4.79472 4.80485 4.89652 4.93595 4.38020 4.18142 3.96238 3.78109 3.61283 3.46297 3.40641 3.56476 3.47383 3.27464 3.17714 3.15448 3.14424 3.13400 3.09355 3.08255 3.09554 2.80104 2.78939 2.78902 2.78479 2.77336
