High_resolution/powerplant/Chizhou/OMI_NO2_200510.asc
ncols      200
nrows      200
xllcorner       115.585
yllcorner       28.7700
cellsize     0.0166667
NODATA_Value      -999.000
[rows 29 to 57 of 189, columns 0 to 66 of 200]
3.34348 2.90930 2.63853 2.44990 2.44439 2.44439 2.44523 2.50889 2.63014 2.66136 2.67664 2.69263 2.70655 2.60340 2.37087 2.37210 2.54843 2.66369 2.68305 3.20829 3.26366 3.28575 3.29566 3.25254 3.26738 3.39621 3.56059 3.64775 3.68612 3.58049 3.48324 3.40033 3.38268 3.38176 3.40716 3.51444 3.51612 3.51780 3.51948 3.52114 3.48307 3.41622 3.30577 3.03262 3.25268 3.31469 3.41997 3.55513 3.50501 3.50497 3.35435 3.23361 3.21240 3.19124 3.17002 3.14424 3.11207 3.12284 3.28390 3.44477 3.60019 3.75780 3.79183 3.65106 3.49018 3.43960 3.47598
2.98700 2.80260 2.62518 2.52338 2.51454 2.53493 2.55451 2.57325 2.67845 2.70951 2.71124 2.71228 2.71229 2.69242 2.39224 2.40939 2.49441 2.77994 2.83907 3.26674 3.52036 3.58736 3.65437 3.68697 3.69671 3.65256 3.72793 3.66582 3.63309 3.40176 3.31678 3.30082 3.32497 3.39372 3.39431 3.50568 3.45833 3.38169 3.30574 3.21911 3.10162 3.06526 3.04789 2.83839 2.98622 3.21820 3.25318 3.46239 3.38506 3.35585 3.25944 3.09709 3.09709 3.11326 3.26471 3.43607 3.59606 3.72584 3.74245 3.74223 3.71904 3.73353 3.59888 3.52487 3.40192 3.33652 3.40277
2.98733 2.86173 2.66253 2.59136 2.56347 2.56577 2.56808 2.56918 2.65753 2.71344 2.72782 2.74112 2.75415 2.76681 2.75039 2.82728 2.89431 3.20633 3.22828 3.41871 3.73715 3.65909 3.57845 3.47861 3.39867 3.38263 3.50144 3.54411 3.55512 3.41461 3.26652 3.20732 3.14454 3.17767 3.10173 3.09132 3.08068 3.03693 2.99190 2.93321 2.91366 2.93353 2.90152 2.74760 2.66704 3.05519 3.07287 3.36599 3.33443 3.32948 3.45114 3.42211 3.57909 3.71735 3.74245 3.74245 3.74245 3.74245 3.74245 3.74245 3.71652 3.74285 3.62758 3.55974 3.44053 3.33659 3.38376
2.99558 2.94173 2.71800 2.61563 2.55596 2.54700 2.56007 2.57745 2.64252 2.74310 2.74207 2.74183 2.73285 2.70419 2.77705 2.84419 2.82877 2.98686 2.99552 2.96466 3.40864 3.41769 3.41769 3.41302 3.37084 3.37000 3.41513 3.40115 3.34108 3.19891 2.90736 2.86019 2.81627 2.86989 2.83521 2.82451 2.82905 2.79530 2.76551 2.76047 2.76491 2.83203 2.84006 2.79910 2.59467 3.01369 3.19351 3.59590 3.79062 3.90459 3.94024 3.79514 3.75084 3.75412 3.75740 3.76069 3.76395 3.76488 3.74082 3.71003 3.69625 3.77464 3.70819 3.63431 3.52351 3.45210 3.49686
2.91158 2.88569 2.71863 2.60389 2.58548 2.59592 2.56349 2.52445 2.50868 2.60813 2.59084 2.56152 2.54264 2.62207 2.79703 3.07146 3.18303 3.13508 2.86558 2.87032 3.28549 3.40985 3.39710 3.38435 3.33501 3.31217 3.27176 3.10662 3.07375 3.01492 2.69752 2.65928 2.64948 2.71869 2.77330 2.77724 2.77050 2.77776 2.78256 2.78637 2.79018 2.83676 2.88799 2.92973 3.07155 3.55022 3.75679 3.90935 4.02225 3.98952 3.97248 3.84424 3.70846 3.67437 3.64031 3.60627 3.57229 3.54055 3.53384 3.55524 3.66174 3.99682 4.06300 3.99512 3.98938 3.94755 3.94316
2.84147 2.84147 2.85206 2.48955 2.38068 2.34254 2.34018 2.34018 2.34165 2.54659 2.70739 2.83275 2.95668 3.00195 3.00712 3.19244 3.19481 3.18200 2.88224 2.82634 3.06467 3.35051 3.32226 3.26335 3.18120 3.09522 3.03868 2.88120 2.93963 2.96572 2.77279 2.69639 2.70394 2.75055 2.83828 2.84071 2.82855 2.82519 2.83770 2.87497 2.91286 2.97155 3.05216 3.12234 3.34357 3.63422 3.62548 3.67944 3.82499 3.74770 3.72979 3.69065 3.56099 3.60034 3.66064 3.73637 3.82485 3.91745 4.01349 4.08704 4.09697 4.38588 4.43535 4.20835 4.15342 4.10424 4.09391
2.84492 2.84147 2.84678 2.52509 2.34872 2.36189 2.50911 2.67626 2.83786 2.96179 2.98500 2.97429 2.95509 2.93558 2.91605 3.03941 3.07932 3.07053 2.90960 2.79217 2.91554 3.05840 3.02306 3.02153 3.01477 2.97650 2.98024 2.88884 2.93193 3.00194 2.87643 2.71763 2.71763 2.72615 2.84634 2.91765 3.02435 3.13155 3.23378 3.31133 3.38815 3.46706 3.59553 3.60557 3.64794 3.88245 3.50462 3.52987 3.77059 3.92605 4.07827 4.16856 4.02881 4.05827 4.08413 4.09574 4.09674 4.09674 4.10082 4.10880 4.11889 4.31304 4.50813 4.31208 4.23261 4.21255 4.24132
2.72968 2.70187 2.87027 2.88692 2.74743 2.79961 2.81134 2.86296 2.92365 2.93435 2.85827 2.84742 2.84511 2.84314 2.86894 3.01630 3.19377 3.26259 3.23632 2.92786 2.93588 3.04113 2.99315 2.97648 2.95985 2.98380 2.99032 2.94116 2.87852 2.95960 2.92128 3.04545 3.16022 3.27501 3.48121 3.55084 3.54735 3.53426 3.53257 3.53088 3.52919 3.52750 3.57281 3.59761 3.62757 3.91515 3.64888 3.62292 3.89876 4.09548 4.31377 4.32069 4.17472 4.09740 4.10733 4.12174 4.13616 4.15057 4.16091 4.16735 4.18678 4.33739 4.66218 4.57903 4.44874 4.33699 4.31196
3.24505 3.40634 3.54904 3.49144 3.07573 3.05726 3.07745 3.08232 3.08030 3.06186 2.87311 2.92831 2.98644 3.04846 3.07851 3.12198 3.30444 3.28962 3.27057 2.93415 2.85384 2.94620 2.90740 2.88274 2.85807 2.85260 2.84690 2.84079 2.75064 2.92895 2.98348 3.42873 3.49163 3.51428 3.54175 3.54068 3.53879 3.52383 3.52559 3.55613 3.59408 3.63185 3.69949 3.79127 3.81058 3.96305 3.87153 3.70134 3.87247 4.02054 4.31135 4.31166 4.25206 4.16729 4.17178 4.17178 4.18296 4.23756 4.29666 4.35567 4.39953 4.43181 4.73712 4.69678 4.41020 4.32117 4.28651
3.99427 3.81885 3.83909 3.78532 3.28784 3.14930 3.12517 3.18799 3.25493 3.32536 3.14723 3.07851 3.07646 3.06038 3.04438 3.03068 3.14246 3.11541 3.08722 2.87172 2.65501 2.74697 2.77975 2.81501 2.87549 2.94335 3.03369 3.06940 2.98084 3.11024 3.13029 3.42959 3.58796 3.59031 3.60647 3.60848 3.64627 3.67393 3.71285 3.73656 3.75292 3.76927 3.78020 3.82520 3.81975 3.86789 3.96383 3.68278 3.80130 3.96216 4.27907 4.30972 4.30344 4.23201 4.29070 4.34968 4.39755 4.40193 4.40193 4.40193 4.40193 4.40193 4.66541 4.75602 4.44969 4.34911 4.29292
4.23443 3.87456 3.96558 4.10656 3.68879 3.49126 3.35118 3.35384 3.35430 3.34062 3.21086 3.03762 3.02446 3.02532 3.02610 3.02933 3.06646 3.11243 3.15843 3.12087 2.83157 2.93876 3.09025 3.08093 3.08097 3.08105 3.11394 3.11861 3.05562 3.10848 3.19927 3.41641 3.73277 3.76900 3.78766 3.75768 3.74292 3.72318 3.76360 3.75689 3.75087 3.75146 3.75749 3.80734 3.83134 3.83568 4.04515 3.69009 3.75005 4.00750 4.29175 4.48169 4.53290 4.42627 4.40193 4.39902 4.38763 4.37567 4.36374 4.35183 4.33991 4.33481 4.49829 4.73698 4.50828 4.36267 4.28815
4.94977 4.66165 4.52531 4.53200 4.08353 3.54293 3.35769 3.31590 3.30188 3.33397 3.35433 3.15373 3.19933 3.24520 3.29125 3.33167 3.31739 3.28906 3.26064 3.23555 3.02358 2.99602 3.13572 3.08101 3.08307 3.08629 3.11068 3.13039 3.13549 3.23014 3.31569 3.33465 3.69178 3.64986 3.59621 3.50147 3.46340 3.50280 3.75937 3.76874 3.77609 3.77536 3.77296 3.79401 3.82458 3.82938 4.02386 3.89641 3.86882 4.04797 4.18015 4.39254 4.38058 4.29553 4.23869 4.24988 4.26952 4.28975 4.30998 4.33016 4.35034 4.36373 4.46439 4.75201 4.66085 4.44901 4.40901
5.13670 4.87637 4.55399 4.55399 4.34888 3.68675 3.59917 3.55883 3.60314 3.61543 3.61722 3.40499 3.32657 3.29817 3.26974 3.24355 3.23842 3.23852 3.23852 3.24028 3.09954 3.00516 3.13303 3.09544 3.08369 3.03500 2.99943 2.97965 2.93153 2.93519 3.04240 3.03932 3.43771 3.50483 3.51136 3.49364 3.47293 3.47106 3.70041 3.74537 3.74388 3.74919 3.75913 3.77525 3.83452 3.83730 3.89464 4.01973 3.90515 4.02384 4.12479 4.46123 4.48146 4.46186 4.36404 4.35633 4.32399 4.29272 4.26522 4.24285 4.22142 4.20060 4.20314 4.48735 4.63936 4.37009 4.37279
5.13670 5.05375 4.55443 4.55399 4.52557 3.92238 3.77748 3.61543 3.60746 3.57996 3.55153 3.40390 3.23831 3.23317 3.22635 3.22192 3.21761 3.21334 3.20920 3.20488 3.12980 2.95597 2.96026 2.79504 2.74182 2.74230 2.73943 2.77363 2.78264 2.80670 3.03594 3.05147 3.33381 3.51435 3.51435 3.50309 3.46476 3.46810 3.62561 3.71700 3.67670 3.63105 3.58090 3.53063 3.52506 3.48651 3.47138 3.86003 3.97217 4.02313 4.06331 4.33142 4.33725 4.30460 4.16669 4.14898 4.15557 4.16216 4.16627 4.16644 4.16634 4.15923 4.14787 4.35829 4.60355 4.38558 4.33374
5.13766 5.14682 4.64247 4.57807 4.58182 4.07063 3.81255 3.57181 3.54920 3.54307 3.49068 3.35231 3.14724 3.14923 3.15393 3.15620 3.15844 3.16247 3.16702 3.16976 3.15358 2.98345 2.95537 2.79458 2.77972 2.82904 2.87839 2.85452 2.81465 2.81847 3.00476 3.05494 3.18767 3.39568 3.35463 3.31343 3.22711 3.18085 3.21282 3.40961 3.40502 3.38261 3.35850 3.33432 3.33731 3.34209 3.32180 3.55210 3.80193 3.86320 3.96503 4.16337 4.27937 4.28504 4.20031 4.16644 4.16488 4.15471 4.14301 4.13131 4.11968 4.11508 4.11473 4.21926 4.40187 4.24367 4.03904
5.26820 5.23059 4.78536 4.52494 4.47639 4.14034 3.67002 3.44617 3.33437 3.28336 3.27953 3.26475 3.16767 3.16516 3.16763 3.16995 3.17210 3.17287 3.17293 3.17813 3.21888 3.12887 3.10675 3.04539 2.94067 2.93564 2.93061 2.88767 2.79230 2.78815 2.92811 3.03966 3.05999 3.16917 3.14625 3.12188 3.06108 3.02130 3.00590 3.24131 3.23254 3.23423 3.27239 3.31955 3.37604 3.47222 3.52094 3.53092 3.80789 3.86230 3.98673 4.09499 4.26424 4.23931 4.17927 4.12609 4.11594 4.11440 4.11439 4.08329 3.99035 3.89572 3.80109 3.82794 4.09617 4.20634 4.16232
4.98995 4.81418 4.42599 3.98121 3.82607 3.72372 3.34842 3.30574 3.28481 3.28359 3.28221 3.27792 3.19383 3.17283 3.17283 3.18148 3.22669 3.28368 3.31853 3.35678 3.35899 3.27730 3.13675 3.07731 2.91956 2.90724 2.90164 2.88337 2.75098 2.72934 2.78747 2.92450 2.90007 2.98503 3.00682 3.00682 2.98544 2.99223 3.03952 3.28556 3.41313 3.47473 3.51054 3.53749 3.56445 3.54606 3.52787 3.48651 3.62395 3.75556 3.86205 3.89693 4.15508 4.15513 4.14831 4.09088 4.00034 3.90574 3.81115 3.74755 3.74589 3.74589 3.74589 3.76612 4.03014 4.23009 4.23732
3.97056 3.90376 3.86690 3.66942 3.66329 3.64572 3.38810 3.30759 3.27967 3.27948 3.28501 3.31282 3.31563 3.33309 3.39748 3.45314 3.47231 3.47970 3.36757 3.31929 3.27708 3.21743 3.06765 3.01058 2.83941 2.78025 2.77137 2.77137 2.68638 2.64313 2.66769 2.88744 2.92476 3.03984 3.14057 3.18761 3.22437 3.21159 3.23855 3.38694 3.55246 3.54773 3.53410 3.50866 3.42009 3.30849 3.20876 3.12718 3.17715 3.59592 3.80456 3.83823 4.00824 3.95651 3.86185 3.75452 3.74589 3.74589 3.74589 3.74589 3.74575 3.74088 3.73371 3.72658 3.92253 4.15210 4.16967
3.88168 3.88168 3.85765 3.64813 3.62132 3.63987 3.51544 3.39137 3.42899 3.48912 3.54794 3.58449 3.53646 3.42219 3.37840 3.33619 3.29395 3.25172 3.13026 3.02963 3.01100 2.99871 3.00658 2.99295 2.86182 2.77137 2.77092 2.75445 2.68558 2.57728 2.56620 3.06869 3.12631 3.19330 3.32658 3.37525 3.42091 3.39651 3.41353 3.41205 3.38894 3.30463 3.22025 3.14770 3.13832 3.12634 3.08637 3.07080 3.02348 3.23445 3.42638 3.44541 3.61005 3.72351 3.71637 3.68420 3.66138 3.65258 3.64150 3.63040 3.61944 3.61323 3.60927 3.60530 3.68811 3.88987 4.00726
3.88168 3.88168 3.87551 3.74598 3.73290 3.73290 3.70634 3.51974 3.46067 3.40560 3.36330 3.32110 3.27774 3.20429 3.18823 3.17429 3.15567 3.13704 3.08274 2.98189 2.98189 2.98202 2.99908 2.95609 2.85785 2.69372 2.66137 2.65640 2.68143 2.61235 2.65786 3.11490 3.31678 3.32606 3.42545 3.36618 3.26717 3.13193 3.01395 2.94140 2.98636 2.98017 2.96541 2.95044 2.92976 2.91030 2.87089 2.86042 2.81777 2.79017 3.16458 3.36313 3.46087 3.65519 3.65123 3.63350 3.60257 3.60024 3.60011 3.58806 3.57729 3.56877 3.55342 3.53790 3.56915 3.72152 3.88286
3.88168 3.88168 3.88168 3.78114 3.73290 3.73290 3.73290 3.36368 3.31726 3.29566 3.29566 3.28695 3.26225 3.17475 3.12522 3.12053 3.12053 3.11236 3.08884 2.94363 2.92446 2.90908 2.94053 2.95510 2.91631 2.84665 2.90878 2.96300 2.98810 2.90516 2.87265 2.93500 2.99431 2.90997 2.91980 2.90982 2.90982 2.88802 2.85468 2.85468 2.89241 2.91198 2.90294 2.89350 2.88979 2.88853 2.86661 2.85226 2.84586 2.73918 3.00813 3.33473 3.40023 3.59634 3.57678 3.56498 3.52275 3.50998 3.49456 3.49113 3.48639 3.47941 3.47929 3.47837 3.46364 3.57793 3.77046
3.88168 3.88168 3.88168 3.82808 3.73375 3.73704 3.74937 3.47402 3.33480 3.29727 3.28708 3.28654 3.28954 3.21445 3.15319 3.13732 3.12758 3.13438 3.15060 3.05831 3.01080 2.98840 2.97003 2.94481 2.91497 2.89504 2.99674 2.91516 2.82131 2.68499 2.53984 2.55794 2.78817 2.78817 2.85023 2.90871 2.90475 2.88794 2.83042 2.82074 2.83806 2.88427 2.88363 2.88377 2.90062 2.92863 2.94653 2.95096 2.97901 2.91863 3.09603 3.51271 3.59023 3.54697 3.54044 3.53380 3.49115 3.47929 3.47929 3.47246 3.44184 3.41940 3.39873 3.37893 3.38282 3.51724 3.76375
4.02185 4.04071 4.05950 4.06375 3.87036 3.83971 3.81507 3.61615 3.34473 3.28921 3.24952 3.22913 3.21652 3.19380 3.17738 3.18520 3.16234 3.12592 3.08947 2.98666 2.90824 2.90824 2.89405 2.83601 2.71993 2.57434 2.62459 2.61835 2.60652 2.58369 2.48045 2.46536 2.67053 2.69747 2.72863 2.87456 2.86860 2.86640 2.86546 2.89766 2.92995 3.02272 3.05185 3.07972 3.08811 3.05698 3.01762 2.94842 2.90297 2.90918 3.04403 3.46974 3.57934 3.54552 3.52025 3.50309 3.46235 3.43675 3.41608 3.40217 3.41213 3.41387 3.44032 3.49374 3.54711 3.68187 3.87137
4.09150 4.05423 4.01698 3.94851 3.76403 3.67969 3.63058 3.54371 3.18822 3.22298 3.26486 3.25951 3.22592 3.16692 3.09180 3.05203 3.04688 3.04688 3.01948 2.89629 2.69343 2.58720 2.49821 2.50996 2.48054 2.42594 2.48359 2.52490 2.52251 2.51537 2.42799 2.39428 2.51732 2.64963 2.65297 2.84607 2.85184 2.85147 2.95474 3.01817 2.98751 3.00289 2.98104 2.94234 2.89694 2.87558 2.86070 2.83004 2.81872 2.83501 2.98244 3.32052 3.51637 3.46463 3.39001 3.37338 3.38287 3.41387 3.43509 3.48826 3.54170 3.59510 3.62213 3.62213 3.62213 3.66511 3.80510
3.81979 3.74608 3.67240 3.63188 3.59200 3.56014 3.56014 3.54673 3.17546 3.12550 3.14802 3.11824 3.11542 3.10177 2.99099 2.85520 2.73094 2.60665 2.50978 2.47563 2.42582 2.42328 2.43213 2.46328 2.44267 2.40619 2.39440 2.48819 2.47793 2.47422 2.42851 2.37437 2.42018 2.64226 2.63973 2.76183 2.78043 2.74199 2.76305 2.83519 2.81345 2.83352 2.85678 2.84272 2.84019 2.84147 2.85516 2.89808 2.93103 2.98001 3.14545 3.22075 3.43040 3.42837 3.39073 3.44226 3.49643 3.58734 3.62182 3.62213 3.62213 3.62213 3.62213 3.62213 3.62213 3.62945 3.77082
3.62254 3.62254 3.62254 3.62254 3.61242 3.44385 3.39349 3.32636 3.06096 2.95900 2.93849 2.82334 2.69905 2.57738 2.46765 2.45571 2.49086 2.53381 2.57849 2.62486 2.65302 2.66172 2.60839 2.42275 2.20475 2.38483 2.32771 2.47081 2.47401 2.47282 2.42895 2.30189 2.24153 2.47221 2.45949 2.54105 2.63066 2.59438 2.57115 2.70785 2.68995 2.70958 2.86960 2.92542 2.98126 3.03713 3.08056 3.07960 3.03462 3.03394 3.08303 3.24137 3.51964 3.61840 3.61365 3.60745 3.61228 3.64492 3.66242 3.66724 3.67016 3.65096 3.62569 3.60036 3.57508 3.54973 3.77332
3.62254 3.62254 3.62254 3.62254 3.62254 3.23564 3.08847 3.07978 2.96159 2.55495 2.56802 2.64359 2.69107 2.74055 2.74844 2.76711 2.76703 2.75424 2.67068 2.57638 2.46904 2.39095 2.38973 2.36993 2.14142 2.31673 2.27258 2.32361 2.32560 2.28506 2.27178 2.15582 2.08140 2.19517 2.28254 2.29340 2.46932 2.47102 2.51183 2.73057 2.82210 2.88220 3.08604 3.10258 3.10505 3.10755 3.09812 2.99945 2.86338 2.75526 2.70556 3.16523 3.61101 3.70180 3.64032 3.58292 3.55276 3.53939 3.53297 3.50285 3.47461 3.46848 3.47360 3.45870 3.39482 3.31236 3.43882
3.62254 3.62254 3.62254 3.62254 3.62254 3.34693 3.07978 3.07978 3.07978 2.89732 2.78992 2.84537 2.84537 2.84339 2.74841 2.61803 2.51177 2.43029 2.41945 2.41945 2.39617 2.32424 2.27730 2.23370 2.00635 2.08762 2.19863 2.14694 2.17774 2.12873 2.07783 2.00424 1.95356 2.01540 2.31391 2.37500 2.65286 2.72280 2.74029 2.85029 2.93385 2.93385 3.05259 3.03219 2.91261 2.79376 2.69102 2.67831 2.68408 2.68917 2.69588 2.83224 3.33480 3.48660 3.47124 3.45378 3.49033 3.53196 3.54756 3.49616 3.41809 3.33033 3.23416 3.16226 3.14433 3.14433 3.25708
3.62254 3.62254 3.62254 3.62254 3.62254 3.53208 3.08032 3.07978 3.07978 2.99993 2.72684 2.70060 2.60215 2.50350 2.46289 2.46481 2.39964 2.35213 2.30894 2.27562 2.28402 2.29585 2.33255 2.37806 2.27306 2.21424 2.42398 2.08381 2.08150 2.08000 2.07362 2.06717 2.14915 2.15366 2.49664 2.50119 2.66557 2.74029 2.74246 2.74592 2.76600 2.65213 2.61169 2.69748 2.70315 2.70813 2.70886 2.71088 2.72033 2.72612 2.73566 2.73268 3.23677 3.47419 3.40702 3.45284 3.32848 3.20151 3.17756 3.15111 3.14433 3.14433 3.13739 3.11170 3.06302 3.00625 2.96598
