High_resolution/powerplant/Chizhou/OMI_NO2_200907.asc
ncols      200
nrows      200
xllcorner       115.585
yllcorner       28.7700
cellsize     0.0166667
NODATA_Value      -999.000
[rows 87 to 115 of 165, columns 0 to 63 of 200]
1.70060 1.97806 1.97806 1.96895 1.83766 1.66795 1.49804 1.33524 1.29319 1.29319 1.29319 1.29319 1.29319 1.29319 1.53430 1.92566 1.92958 1.92958 1.92958 1.92958 1.92958 1.92958 1.92958 2.19189 2.42268 2.42268 2.42268 2.42268 2.42268 2.42268 2.42268 2.42268 2.42268 2.42268 2.42268 2.42058 2.31003 2.13799 1.96586 1.84755 1.96300 2.11120 2.81623 4.13684 4.13684 4.13684 4.13684 4.13684 4.13684 4.13684 4.13684 4.13684 4.13684 4.13684 4.13684 4.13684 4.13684 4.13684 4.13684 4.13684 4.13684 4.06163 3.85539 3.67396
1.42471 1.66240 1.49242 1.33161 1.29319 1.29319 1.29319 1.29319 1.29319 1.29319 1.29319 1.29319 1.29319 1.29319 1.31132 1.88642 1.92958 1.92958 1.92958 1.92958 1.92958 1.92958 1.92958 2.04667 2.42268 2.42268 2.42268 2.42268 2.42268 2.42268 2.42268 2.42268 2.35890 2.18850 2.01637 1.85877 1.91949 2.06764 2.21583 2.32761 2.33420 2.33420 2.37907 4.03758 4.13684 4.13684 4.13684 4.13684 4.13684 4.13684 4.13684 4.13684 4.13684 4.13684 4.13684 4.05068 3.84422 3.66419 3.50761 3.36995 3.24812 3.18394 3.22170 3.26321
1.39082 1.29601 1.29319 1.29319 1.29319 1.29319 1.29319 1.29319 1.29319 1.29319 1.29319 1.29319 1.29319 1.29319 1.29319 1.73942 1.92958 1.92958 1.92958 1.92958 1.92958 1.92958 1.92958 1.94371 2.39674 2.42268 2.42268 2.42268 2.39500 2.23901 2.06701 1.89593 1.87755 2.02414 2.17233 2.30822 2.33420 2.33420 2.33420 2.33420 2.33420 2.33420 2.33420 3.49075 4.13684 4.13684 4.13684 4.13684 4.13684 4.13684 4.13684 4.13684 4.13684 4.13684 3.46433 3.17216 3.17113 3.17681 3.21363 3.25509 3.29660 3.18200 2.88721 2.59079
1.39641 1.32309 1.29319 1.29319 1.29319 1.29319 1.29319 1.29319 1.29319 1.29319 1.29319 1.29319 1.29319 1.29319 1.29319 1.52151 1.92958 1.92958 1.92958 1.92958 1.92958 1.92958 1.92686 1.89367 2.18786 2.28958 2.11752 1.94545 1.85082 1.98064 2.12877 2.27598 2.33420 2.33420 2.33420 2.33420 2.33420 2.33420 2.33420 2.33420 2.33420 2.33420 2.33420 2.89960 4.13684 4.13684 4.13684 4.13684 4.13684 4.13684 4.13684 4.13684 4.13684 4.14020 3.69552 3.24701 3.28850 3.22913 2.94324 2.64693 2.35862 2.23812 2.26303 2.28568
1.39641 1.35576 1.29319 1.29319 1.29319 1.29319 1.29256 1.28785 1.28250 1.27708 1.27173 1.26632 1.26095 1.25556 1.25017 1.24489 1.90792 1.92958 1.92622 1.89229 1.85075 1.75418 1.60063 1.47757 1.51811 1.93702 2.08522 2.23346 2.33184 2.33420 2.33420 2.33420 2.33420 2.33420 2.33420 2.33420 2.33420 2.32709 2.25714 2.27610 2.33420 2.33420 2.33420 2.39041 4.05386 4.13684 4.13684 4.13684 4.13684 4.13738 4.17629 4.23848 4.30075 4.27644 3.69007 2.70644 2.44696 2.29178 2.30734 2.32611 2.33693 2.33706 2.33706 2.33706
1.32984 1.31547 1.21693 1.21050 1.20510 1.19972 1.19497 1.19428 1.19428 1.19428 1.19428 1.19428 1.19428 1.19428 1.18847 1.13615 1.64143 1.78080 1.63354 1.51125 1.39921 1.40924 1.50803 1.60679 1.72705 2.32300 2.33420 2.33420 2.33420 2.33420 2.33420 2.33399 2.28355 2.20546 2.13846 2.08058 2.02991 1.98841 1.98064 2.09188 2.33420 2.33420 2.33420 2.33420 3.51842 4.13684 4.16419 4.22636 4.25216 4.15899 3.76655 3.35011 2.98587 2.72207 2.70053 2.37811 2.33706 2.33706 2.33706 2.33706 2.33706 2.33706 2.33706 2.33706
1.29750 1.29750 1.21902 1.19428 1.19428 1.19428 1.19428 1.19428 1.19428 1.19428 1.18754 1.13400 1.07175 1.00949 0.952985 0.942931 1.03220 1.38600 1.47899 1.57779 1.67395 1.70302 1.70302 1.70302 1.70302 2.12951 2.30863 2.22913 2.15890 2.09828 2.04546 1.99905 1.98064 1.98064 1.98064 1.98064 1.98064 1.98064 1.98064 2.01350 2.33420 2.33420 2.36036 2.46273 3.04141 3.99466 3.70871 3.34194 3.02023 2.74991 2.70055 2.70055 2.70055 2.70055 2.70055 2.46449 2.33706 2.33706 2.33706 2.33706 2.33706 2.33706 2.33706 2.33706
1.29750 1.29750 1.25169 1.19428 1.19428 1.19428 1.18644 1.13197 1.06966 1.00733 0.951753 0.942931 0.942931 0.942931 0.942931 0.942931 0.808811 1.65487 1.70302 1.70302 1.70302 1.70302 1.70302 1.70302 1.64930 1.75848 1.98194 1.98064 1.98064 1.98064 1.98064 1.98064 1.98064 1.98064 1.98064 1.98064 1.98064 1.98064 1.98503 2.03185 2.48399 2.63089 2.72235 2.81573 2.91670 2.78830 2.70055 2.70055 2.70055 2.70055 2.70055 2.70055 2.70055 2.70055 2.70055 2.56507 2.33706 2.33706 2.33706 2.33706 2.33706 2.33706 2.33706 2.33706
1.29750 1.29750 1.30329 1.13118 1.06750 1.00519 0.950773 0.942931 0.942931 0.942931 0.942931 0.942931 0.942931 0.942931 0.942931 0.942931 0.869138 1.45457 1.70302 1.70302 1.70302 1.70302 1.70302 1.70302 1.65726 1.63568 1.98018 1.98064 1.98064 1.98064 1.98064 1.98064 1.98064 1.98064 1.98092 2.01503 2.07245 2.12989 2.20294 2.29897 2.67550 2.96991 3.01858 3.01865 3.01865 2.76823 2.70055 2.70055 2.70055 2.70055 2.70055 2.70055 2.70055 2.70055 2.70055 2.67492 2.34220 2.33706 2.33583 2.32995 2.32361 2.31726 2.31092 2.30459
1.57415 1.71678 1.84017 1.11496 0.942931 0.942931 0.942931 0.942931 0.942931 0.942931 0.942931 0.942931 0.942931 0.942931 0.942931 0.942931 0.929735 1.07681 1.70302 1.70302 1.70302 1.70302 1.70302 1.70302 1.69103 1.59615 1.89398 1.98064 1.98064 1.98064 1.98064 1.99931 2.05565 2.11307 2.17637 2.27212 2.36267 2.45315 2.52364 2.52874 2.68017 3.01865 3.01865 3.01865 3.01865 2.87218 2.70055 2.70055 2.70055 2.70055 2.70055 2.70055 2.69427 2.65796 2.62135 2.58830 2.36485 2.30427 2.29917 2.29871 2.29684 2.29054 2.28410 2.28140
1.85661 1.85661 1.85661 1.40297 0.942931 0.942931 0.942931 0.942931 0.942931 0.942931 0.942931 0.942931 0.942931 0.942931 0.942931 0.942931 0.942931 0.629343 1.65816 1.70302 1.70302 1.70302 1.70302 1.70302 1.70302 1.62725 1.81601 1.98820 2.03885 2.09627 2.15393 2.24419 2.33577 2.42630 2.51067 2.52874 2.52874 2.52874 2.52874 2.52874 2.55490 3.00940 3.01865 3.01865 3.01865 2.97614 2.69720 2.66394 2.62669 2.59317 2.56272 2.53499 2.51323 2.51065 2.51065 2.51065 2.40583 2.29178 2.28532 2.27901 2.34692 2.48023 2.61368 2.74329
1.85661 1.85661 1.85661 1.70326 1.04173 1.11898 1.19037 1.25641 1.31767 1.37466 1.42781 1.47749 1.52546 1.29117 0.980718 0.999979 1.01903 0.783652 1.46117 1.70302 1.70302 1.72389 1.83024 1.94741 2.10338 2.11140 2.07439 2.21394 2.30896 2.39946 2.48972 2.52874 2.52874 2.52874 2.52874 2.52874 2.52874 2.52874 2.52874 2.52874 2.52865 2.86987 2.92166 2.87327 2.82949 2.78956 2.56156 2.51065 2.51065 2.51065 2.51065 2.51065 2.51018 2.50494 2.49848 2.49201 2.48884 2.45094 2.57912 2.71834 2.78723 2.78909 2.79115 2.79284
2.24048 2.27632 2.30989 2.33701 1.82427 1.75503 1.76775 1.78062 1.79334 1.80618 1.81890 1.83174 1.84307 1.70835 1.29185 1.29185 1.29185 1.12532 1.34152 1.94957 2.09021 2.24256 2.30929 2.37571 2.47131 2.46399 2.30794 2.50041 2.52874 2.52874 2.52874 2.52874 2.52874 2.52874 2.52874 2.52723 2.52362 2.52000 2.51638 2.51276 2.50922 2.64221 2.74923 2.74923 2.74923 2.74923 2.63456 2.51065 2.51053 2.50616 2.49969 2.48373 2.45951 2.53284 2.61523 2.69757 2.73096 2.78227 2.79294 2.79294 2.79294 2.79294 2.79294 2.79294
2.45398 2.45398 2.45398 2.45398 2.11841 1.84486 1.84486 1.84486 1.84486 1.84486 1.84486 1.84486 1.84486 1.83313 1.49361 1.66692 1.84080 1.96390 1.85086 2.33196 2.44431 2.53500 2.62550 2.70564 2.71797 2.70798 2.37113 2.44297 2.52874 2.52807 2.52473 2.52111 2.51749 2.51387 2.51025 2.50813 2.50812 2.50812 2.50812 2.50812 2.50812 2.57083 2.74923 2.74923 2.74923 2.72447 2.60595 2.39422 2.35174 2.41300 2.49539 2.58723 2.68778 2.69550 2.69550 2.69550 2.69550 2.75197 2.79294 2.79294 2.79294 2.79294 2.79294 2.79294
2.45398 2.45398 2.45398 2.45398 2.31029 1.84486 1.84486 1.84486 1.84486 1.87255 1.98259 2.09841 2.21433 2.30500 2.05145 1.99213 1.99213 1.99116 1.85443 2.52728 2.71797 2.71797 2.71797 2.71797 2.71797 2.71797 2.44209 2.38177 2.51135 2.50840 2.50812 2.50812 2.50812 2.50812 2.50812 2.50812 2.50812 2.50812 2.50812 2.50818 2.50991 2.50359 2.55809 2.46267 2.36735 2.25631 2.18764 2.43227 2.67655 2.69550 2.69550 2.69550 2.69550 2.69550 2.69550 2.69550 2.69550 2.72585 2.79294 2.79294 2.79294 2.79294 2.79294 2.79294
2.45398 2.45398 2.45398 2.45398 2.44808 1.92923 1.98609 2.10191 2.21788 2.30612 2.31172 2.31172 2.31172 2.31172 2.13931 1.99213 1.99213 1.99213 1.90103 2.28650 2.71797 2.71797 2.71797 2.71797 2.71797 2.71797 2.53554 2.34361 2.49317 2.50812 2.50812 2.50812 2.50812 2.50812 2.50913 2.51144 2.51353 2.51233 2.47803 2.43777 2.39640 2.33754 2.23161 2.14479 2.08512 2.06596 2.06596 2.32506 2.69550 2.69550 2.69550 2.69550 2.69550 2.69550 2.69550 2.69550 2.69550 2.70337 2.79284 2.79294 2.79294 2.79582 2.82012 2.84854
2.45398 2.44359 2.39629 2.34579 2.29529 2.29170 2.31172 2.31172 2.31172 2.31172 2.31172 2.31172 2.31172 2.31172 2.21153 1.99213 1.99213 1.99213 1.93652 1.88111 2.68619 2.71797 2.71797 2.71797 2.71797 2.71797 2.65288 2.34140 2.43714 2.51071 2.51287 2.52014 2.53313 2.51810 2.49491 2.45202 2.40914 2.35757 2.29241 2.23146 2.17048 2.13472 2.11065 2.06596 2.06596 2.06596 2.06596 2.12502 2.69118 2.69550 2.69550 2.69550 2.69550 2.69550 2.69550 2.69341 2.67268 2.64760 2.82099 2.90672 2.93516 2.96072 2.96491 2.97588
2.29925 2.25915 2.25594 2.25594 2.25594 2.27223 2.31172 2.31172 2.31172 2.31172 2.31172 2.31172 2.31172 2.31172 2.27193 1.99213 1.99213 1.99213 1.96285 1.88855 2.61694 2.79878 2.83208 2.84833 2.85342 2.85791 2.86182 2.62454 2.66532 2.79846 2.81045 2.79562 2.67467 2.37605 2.31052 2.24956 2.18858 2.13905 2.13449 2.13449 2.13449 2.13449 2.12914 2.06635 2.06596 2.06596 2.06596 2.06594 2.54625 2.69474 2.67674 2.65163 2.62652 2.60143 2.57630 2.55331 2.54892 2.54892 2.76023 2.97210 2.99350 3.01528 3.02915 2.88555
2.25594 2.25594 2.25594 2.25594 2.25594 2.25752 2.30880 2.31332 2.33574 2.36452 2.39337 2.42218 2.45100 2.47978 2.50745 2.53592 2.58740 2.62864 2.67233 2.88535 2.89273 2.96121 2.93975 2.93174 2.94826 3.00531 3.06597 2.89476 2.77229 2.73954 2.69001 2.64029 2.56633 2.15020 2.13449 2.13449 2.13449 2.13449 2.13449 2.13449 2.13449 2.13449 2.13449 2.07974 2.05124 2.02613 2.00102 1.97591 2.22663 2.55602 2.54892 2.54892 2.54892 2.54892 2.54892 2.55208 2.56724 2.58358 2.70729 2.92531 2.71550 2.50548 2.30329 2.24776
2.37430 2.39900 2.42340 2.44797 2.47244 2.49701 2.55829 2.60016 2.60220 2.59792 2.59358 2.58919 2.57714 2.56208 2.54853 2.57581 2.57789 2.56721 2.56383 2.75303 2.80898 2.99736 3.07251 3.11843 3.13072 3.08976 3.03574 2.86007 2.60601 2.55722 2.53374 2.53374 2.53374 2.20674 2.13449 2.13449 2.13449 2.13449 2.14590 2.18196 2.21887 2.25575 2.29267 2.10485 1.91938 1.91938 1.91938 1.91938 1.99233 2.54761 2.54892 2.55043 2.56411 2.58045 2.59726 2.55215 2.40161 2.24901 2.10732 2.24261 2.24776 2.24776 2.24776 2.24776
2.50372 2.50357 2.50357 2.50357 2.50357 2.50357 2.54369 2.72843 2.88208 3.01999 3.14391 3.20243 2.52356 2.51302 2.51302 2.53747 2.58047 2.62991 2.68700 2.98540 3.24958 3.12077 3.05476 2.98919 2.92821 2.86726 2.82213 2.80289 2.53919 2.53374 2.53374 2.53374 2.53703 2.33972 2.20725 2.24417 2.28105 2.31794 2.34343 2.34424 2.34424 2.34424 2.34424 2.22606 1.91938 1.91938 1.91938 1.92041 1.95627 2.45977 2.60258 2.58385 2.44097 2.28843 2.13535 2.04109 2.04019 2.04019 2.04019 2.18684 2.24776 2.24776 2.24776 2.24776
0.00000 0.00000 2.12192 2.12192 2.12192 2.12192 2.12192 2.12192 2.12192 2.09711 1.99966 1.91926 1.89406 2.12192 2.47712 2.99879 2.99879 2.99879 2.99879 2.99879 2.99879 2.99879 2.99879 2.99879 2.99879 2.99879 3.46429 5.98308 4.80718 4.63451 4.49433 4.35398 4.22768 4.20598 4.20598 4.20598 4.20598 4.20598 4.23959 4.39067 4.39067 4.39067 4.39067 2.91903 2.61034 2.41604 2.21829 2.21829 2.20600 2.07613 2.05218 2.02513 1.99821 1.98288 1.98995 1.90063 1.81090 1.72114 1.63144 1.67508 1.63966 1.56642 1.37255 1.13939
1.07212 0.00000 2.12192 2.09471 1.99653 1.91698 1.85487 1.80477 1.76074 1.72629 1.72435 1.73353 1.73722 2.08325 2.20594 2.99195 2.99879 2.99879 2.99879 2.99879 2.99879 2.99879 2.99879 2.99879 2.97412 2.55167 1.99099 4.80417 4.34418 4.20598 4.20598 4.20598 4.20598 4.20598 4.20598 4.20598 4.20598 4.20590 4.18517 4.30873 4.29646 4.25991 4.22336 3.19093 2.41798 2.29520 2.01917 1.99761 1.95192 1.67014 1.55394 1.46873 1.38352 1.30233 1.47809 1.51133 1.48935 1.46152 1.34919 1.16916 0.914069 0.732066 0.555270 0.425463
1.07212 0.00000 1.76250 1.73318 1.72428 1.71811 1.71289 1.70841 1.70544 1.70529 1.70912 1.73353 1.73353 1.94207 2.12192 2.79807 2.99879 2.99879 2.99879 2.99879 2.98469 2.59311 2.03240 1.47102 0.934969 0.796441 0.796441 3.60037 4.41752 4.10255 4.06330 4.02097 3.97880 3.93658 3.89439 3.85212 3.80993 3.76771 3.74645 3.84404 3.91982 3.91411 3.89944 3.27816 2.09180 2.00295 1.62484 1.54779 1.49939 1.36189 1.28209 1.27603 1.24799 1.21798 1.28585 1.24053 1.11556 0.996515 0.961961 0.913233 0.716572 0.716572 0.609168 0.492029
1.07212 0.00000 1.70835 1.70543 1.70529 1.70529 1.70529 1.70529 1.70529 1.70529 1.70536 1.72960 1.73353 1.84019 2.12192 2.52011 2.99262 2.63430 2.07336 1.51242 0.965802 0.796441 0.796441 0.796441 0.796441 0.796441 0.796441 2.36294 4.52696 3.69950 3.69201 3.69201 3.69201 3.69201 3.69201 3.69201 3.69201 3.64884 3.43374 3.24684 3.15263 2.92005 2.69639 2.61775 1.86051 1.82419 1.56152 1.49257 1.46982 1.35101 1.18663 1.16268 1.16072 1.16072 1.12364 0.961977 0.961961 0.961961 0.961961 0.955374 0.727265 0.716572 0.661874 0.573485
1.07212 1.07212 1.70529 1.70529 1.70529 1.70529 1.70529 1.70529 1.70529 1.70529 1.70529 1.72009 1.73353 1.66080 1.52383 1.19330 0.998695 0.796441 0.796441 0.796441 0.796441 0.796441 0.796441 0.796441 0.796441 0.796441 0.796441 0.924756 4.65866 3.75211 3.69201 3.69201 3.58868 3.35634 3.12363 2.89116 2.65858 2.46916 2.45154 2.45392 2.62177 2.63623 2.63623 2.62829 2.01089 1.77072 1.55921 1.40230 1.40108 1.34915 1.16072 1.16072 1.16072 1.16072 1.16072 0.990114 0.961961 0.961788 0.958045 0.952892 0.933412 0.999930 1.05763 1.11506
1.48245 1.57717 1.70529 1.70529 1.70529 1.70529 1.70529 1.70529 1.70529 1.66250 1.53144 1.36572 1.07157 0.969190 0.665851 0.593846 0.760116 0.796441 0.796441 0.796441 0.796441 0.796441 0.796441 0.796441 0.796441 0.796441 0.796441 0.796441 3.47921 3.12914 2.81438 2.58179 2.45191 2.45154 2.45154 2.45154 2.45154 2.45154 2.45154 2.45128 2.54277 2.56803 2.53802 2.51596 2.15114 1.72709 1.61462 1.40108 1.40108 1.39080 1.16347 1.16072 1.15888 1.15263 1.14619 1.03107 0.940023 0.935030 0.933621 0.933621 1.00203 1.10165 1.10165 1.11477
1.58982 1.58982 1.70529 1.70529 1.70529 1.68043 1.55696 1.42004 1.29103 1.21369 1.21661 1.21223 0.976736 0.969491 0.797589 0.593846 0.695995 0.796441 0.796441 0.796441 0.796441 0.796441 0.796441 0.796441 0.796441 0.796441 0.796441 0.796441 1.72295 2.43648 2.45154 2.45154 2.45154 2.45154 2.45154 2.45133 2.45042 2.44944 2.44847 2.44776 2.46889 2.51486 2.51486 2.51486 2.39186 1.72720 1.68964 1.39721 1.39206 1.38688 1.18612 1.13009 1.12548 1.12529 1.12529 1.08457 0.933621 0.933621 0.933621 0.933621 0.959712 1.10165 1.10165 1.10905
1.58982 1.58982 1.57469 1.43639 1.31389 1.22491 1.22128 1.22374 1.22375 1.22375 1.22375 1.22375 1.05697 0.873264 0.723499 0.593846 0.631853 0.796441 0.796441 0.796441 0.796441 0.796441 0.796441 0.796441 0.796441 0.796441 0.796441 0.796441 1.13023 2.43035 2.45153 2.45138 2.45049 2.44952 2.44855 2.44779 2.44773 2.44773 2.44773 2.44773 2.45047 2.51168 2.51115 2.50821 2.50550 1.82204 1.70020 1.41049 1.37274 1.37274 1.23291 1.12529 1.12529 1.12529 1.12961 1.14102 0.980054 0.973658 0.996663 1.02154 1.04929 1.17879 1.21348 1.27499
