High_resolution/powerplant/Chizhou/OMI_NO2_200610.asc
ncols      200
nrows      200
xllcorner       115.585
yllcorner       28.7700
cellsize     0.0166667
NODATA_Value      -999.000
[rows 0 to 28 of 175, columns 67 to 133 of 200]
3.65173 3.94165 5.01179 5.63358 6.05472 6.36131 6.73264 7.45883 7.57380 7.71922 8.25602 8.73760 9.15150 9.06882 8.68128 8.40000 8.53367 8.74443 8.76570 8.74198 9.00531 9.12581 9.10283 9.04983 8.88513 9.26899 9.03362 8.74555 8.51566 7.35207 8.47644 8.30917 7.26217 6.23769 6.09234 6.04451 5.73687 5.90322 6.03342 5.98766 6.31394 6.78916 6.83953 6.83953 6.84037 5.98958 5.17634 5.57687 5.94934 6.18278 6.34843 6.35946 6.35946 6.40799 6.50457 6.46068 6.35421 6.61162 6.85384 7.16533 7.87941 8.52378 8.43523 7.46572 8.31166 8.86744 8.86744
3.70900 5.03014 6.99753 6.99792 6.99792 7.04033 7.54844 8.55302 9.02264 9.31635 9.33471 9.49275 9.57810 9.39709 8.93072 8.50367 8.49777 8.61137 8.52876 8.44267 8.48159 8.60807 8.38108 7.82879 7.72554 7.83547 7.88279 7.84507 7.80900 7.05416 7.36538 7.72216 7.28332 6.61359 6.76921 7.11942 7.22695 7.34897 7.15755 6.34454 6.38121 6.83781 6.96168 7.12543 7.27566 7.10595 6.32071 6.63709 6.91838 7.11848 7.30908 7.49083 7.66397 7.79415 7.73433 7.65832 7.34796 7.34629 7.34629 7.35367 7.76497 8.48388 8.52378 7.66892 8.27005 9.51668 9.81463
3.71203 4.08153 7.21382 7.92421 8.41817 8.81962 8.90190 9.20392 9.33462 9.33462 9.33462 9.60881 9.68038 9.60542 8.95231 8.22822 7.82951 7.92135 7.93710 7.90085 7.88459 8.05312 8.00981 7.56169 7.52272 7.63673 7.79030 7.82870 7.96951 7.80565 7.61975 8.43773 8.31559 7.80884 7.62349 7.62644 7.49444 7.40525 7.48295 6.86155 7.13905 7.87582 8.29616 8.55037 8.69579 8.69014 8.03117 8.01173 7.80883 7.80343 7.80343 7.80343 7.80343 7.80343 7.76892 7.69388 7.43354 7.34629 7.34629 7.34991 7.86701 8.76417 9.32650 9.12985 9.08784 10.1825 10.2002
3.82305 5.43609 8.50347 8.90190 8.90190 8.90190 8.90190 9.10148 9.33462 9.33462 9.33462 9.50246 9.62651 9.49006 8.84167 8.27099 7.66488 7.70393 7.77362 7.77362 7.77362 7.92899 8.00119 7.83432 7.79965 7.98606 8.34948 8.45754 8.49411 8.53878 7.93967 8.75906 8.76615 8.53038 8.57177 8.82474 8.98901 9.07632 9.18040 8.86453 8.62478 8.86289 9.13408 9.03155 8.63867 7.97406 8.02086 8.02102 7.86022 7.80343 7.80343 7.80343 7.80343 7.80343 7.79925 7.70092 7.79497 8.07378 8.47704 8.84150 9.24703 9.62123 9.76976 9.56215 9.06874 10.1340 10.2269
3.97705 4.15711 8.06310 8.90190 8.90190 8.90190 8.89334 8.87580 9.05013 8.91342 8.78740 8.72385 9.01050 9.01120 8.71431 8.43196 7.63298 7.64905 7.71840 7.65556 7.59267 7.97162 8.57175 8.43301 8.13421 8.21428 9.15282 9.32566 9.44970 9.53167 9.08251 9.55402 9.50752 9.24508 9.27833 9.22308 9.11941 8.88931 8.87439 8.67992 8.27772 8.45935 8.90134 8.90134 8.80425 7.96877 8.01141 8.02102 7.92057 7.80631 7.89840 8.03203 8.24019 8.60233 8.96788 9.25723 9.35956 9.23009 9.29894 9.40388 9.64005 10.0260 10.3364 10.4475 9.78281 10.1640 10.2634
4.10036 3.76934 6.94768 8.53720 8.48988 8.42356 8.36861 8.39584 8.56674 8.55364 8.54522 8.53679 8.87118 8.90611 8.61872 8.30860 7.48498 7.31816 7.47406 7.59137 7.71361 8.02542 9.07613 9.17789 8.86449 8.97078 9.78564 10.1179 10.2115 10.3171 10.1474 9.31343 9.05605 8.92311 8.96531 9.05635 9.13193 9.08471 9.19768 9.29658 8.87775 8.90134 8.90134 8.90140 8.90505 8.09722 8.18836 8.51855 8.71433 8.97258 9.36079 9.71860 10.0130 10.1575 10.3025 10.4077 10.4819 10.5021 10.5427 10.5833 10.6712 10.8022 11.0556 11.0736 10.2349 9.97048 9.95076
4.93040 4.94293 6.14709 8.47593 8.71027 8.71110 8.71110 8.71110 8.53199 8.38235 8.27772 8.16170 8.25273 8.40013 8.25603 7.94278 7.41225 7.20357 8.03202 8.55345 8.67650 8.76117 9.82566 10.0738 9.58249 9.36705 9.92751 10.4368 10.4368 10.4382 10.4044 9.54981 9.29273 9.33215 9.39330 9.66480 9.72326 9.63031 9.61601 9.71048 9.41853 9.38872 9.52212 9.65965 9.81222 9.61658 9.97369 11.1528 11.4785 11.1068 11.0915 11.1069 11.1173 11.1232 11.1425 11.1564 11.1516 11.1078 10.9907 10.9907 10.9891 10.4934 10.6290 10.7477 10.2028 9.72726 9.76130
5.14309 5.12947 5.31373 8.17781 8.62766 8.47552 8.30263 8.12979 7.86563 7.65042 7.52867 7.42054 7.47358 7.96145 7.94019 7.92719 8.02750 7.93032 8.27796 8.92403 8.86299 8.83824 9.54145 10.0950 9.80908 9.40792 9.76578 10.6857 10.8539 11.0426 11.3280 10.8682 10.2714 10.3380 10.2695 10.4464 10.5772 10.6968 10.8077 10.8336 10.6772 10.5058 10.7390 10.9721 11.1902 10.9861 10.6085 11.5158 11.5648 11.2760 11.1480 11.1704 11.1953 11.2146 11.2153 11.2153 11.2127 11.0719 10.6991 10.5229 10.3480 9.78649 9.55499 9.58027 9.57763 9.94500 9.94500
5.16542 5.30498 5.46420 6.89685 7.11278 7.03937 6.99746 6.95663 6.87301 6.76453 6.80149 6.83842 6.86074 7.26518 7.21363 7.51235 7.59839 7.64474 7.77521 8.85638 8.86311 8.93006 9.34480 10.4090 10.4747 10.5040 10.8405 12.2436 12.4480 12.6300 12.6983 12.2564 11.1905 11.1199 10.9315 10.9161 11.0265 11.2269 11.5317 11.8536 11.9848 11.2381 11.2381 11.2381 11.2390 11.1384 10.5734 11.3447 11.7464 11.5203 11.0251 10.8502 10.6754 10.5003 10.3255 10.1504 9.97817 9.91838 9.74486 9.69376 9.69376 9.41963 9.17470 9.44557 9.46359 9.92514 9.94108
5.51188 5.52548 5.53985 6.14225 6.98445 6.93006 6.96701 7.00396 7.02480 6.86280 6.86054 6.86033 6.86014 6.86050 6.86099 7.18742 7.48471 7.97844 8.12440 9.36023 9.67447 9.72720 9.80171 11.1616 11.3056 11.3549 11.3984 12.5434 12.7802 12.7802 12.8118 12.7908 11.6401 11.6361 11.8779 12.0227 12.0858 12.1998 12.1794 12.1793 12.1870 11.4347 11.2762 11.2728 11.2667 11.2316 10.4355 10.8552 11.5364 11.2703 9.91838 9.91838 9.91838 9.91838 9.91838 9.91838 9.91838 9.91838 9.81993 9.69376 9.69376 9.53223 9.15578 9.34812 9.37910 9.71538 9.85533
5.53985 5.53985 5.53985 5.61746 7.11365 7.03216 7.02530 7.01894 7.01340 6.88951 6.86010 6.86010 6.86010 6.86022 6.86099 7.06938 7.55836 8.11195 8.46348 9.31299 9.95623 9.97455 9.97455 10.9009 11.4048 11.4230 11.5328 12.4747 13.1530 13.2709 13.3156 13.2549 12.6515 12.6741 12.6027 12.3770 12.1229 12.1043 12.0798 12.0727 12.0596 11.3507 10.5791 10.5075 10.4350 10.3596 10.2834 10.4385 11.5008 11.5003 10.1021 9.91838 9.91838 9.91838 9.91838 9.91838 9.91838 9.91838 9.88981 9.73446 9.83667 9.88944 9.50774 9.56691 9.52186 9.77373 10.0385
5.54403 5.59406 5.65144 5.70385 6.74717 7.01549 7.01220 7.01220 7.01220 6.92715 6.90931 6.97688 7.04444 7.11198 7.22377 7.35436 7.81277 8.07794 8.58007 9.00483 9.97539 9.99091 10.0119 10.6173 11.8726 11.9751 11.9537 12.3432 13.0806 12.9297 12.8182 12.7152 12.2402 11.8178 11.7068 11.8117 11.8196 11.8196 11.7994 11.7876 11.7876 11.4826 10.2779 10.2779 10.2779 10.2779 10.2779 10.2779 11.3181 11.5009 10.5185 9.91838 9.91838 9.98895 10.1302 10.1975 10.1911 10.1862 10.1848 10.3508 10.3892 10.3892 9.91684 9.78951 9.54182 9.54202 9.76417
5.75226 5.75900 5.75875 5.71526 6.14762 6.88460 6.80665 7.03923 7.29326 7.28879 7.22634 7.22471 7.22307 7.22144 7.24875 7.27896 7.76196 7.88370 8.60925 8.71558 10.0298 10.0498 9.96884 9.95758 11.5897 11.5014 11.4055 11.4414 12.3381 12.3114 12.2877 12.2628 11.9690 11.6284 11.6361 11.7662 11.8196 11.8196 11.8060 11.7876 11.7876 11.7713 10.4154 10.2779 10.2779 10.2779 10.2779 10.3438 11.1858 11.8539 11.4298 10.5086 10.5069 10.4314 10.2852 10.2129 10.2129 10.2129 10.2129 10.2902 10.3511 10.1770 9.71095 9.44805 9.11167 9.07059 9.44335
5.53382 5.57313 5.54400 5.55012 5.61108 6.69046 6.62421 6.69863 6.97522 6.99209 7.20950 7.21444 7.23561 7.25819 7.29295 7.38712 7.77435 7.94416 8.54944 8.66375 9.28798 9.29789 9.16258 9.07034 10.5252 11.0328 10.9807 10.9542 12.0508 12.1984 12.1984 12.1984 12.1184 11.5757 11.6361 11.7170 11.8192 11.8187 11.8095 11.7677 11.7634 11.7944 11.0364 10.5605 10.6993 10.8381 10.9769 11.0262 11.2447 11.9670 11.6630 10.1309 10.1177 10.1123 10.1069 10.1015 10.0165 9.83713 9.68801 9.57022 9.59326 9.58360 9.54585 9.50280 9.34202 9.25546 9.52515
5.06895 5.41661 5.41661 5.41661 5.41661 6.26809 6.55717 6.58201 6.98843 7.04645 7.28832 7.34987 7.36194 7.37260 7.38271 7.42090 7.61471 7.82172 7.87384 7.83418 8.23230 8.71644 8.71607 8.71569 9.67959 10.9496 10.9493 10.9489 11.7272 12.1918 12.1913 12.1909 12.1904 11.6384 11.6272 11.6800 11.9382 12.0535 12.1656 12.1581 12.2698 12.3498 11.9573 10.9751 10.8601 10.7139 10.5678 10.4451 10.4799 11.6233 11.6614 10.3443 9.95318 9.78406 9.63216 9.49486 9.42124 9.42081 9.43211 9.44250 9.53388 9.50271 9.41586 9.29021 9.13217 8.91107 8.82534
4.94721 5.38202 5.39097 5.36602 5.34106 5.80826 6.69648 6.69474 6.97515 7.13146 7.28224 7.35344 7.29749 7.24037 7.18366 7.18639 7.34787 7.74862 7.74427 7.74427 7.96525 8.71124 8.71124 8.71124 8.99803 10.9439 10.9459 10.9459 11.4325 12.1966 12.3065 12.4492 12.5914 12.3002 12.1805 12.2906 12.4645 12.4823 12.3900 12.0433 11.6643 11.2304 10.7521 10.4625 10.4313 10.4313 10.4313 10.4111 10.2415 10.8631 10.9450 10.0209 9.42028 9.37922 9.31335 9.24747 9.18160 9.11583 9.05437 9.00572 9.01914 9.09601 9.09149 9.01588 8.99096 8.76873 8.74637
4.78189 5.10010 5.24918 5.24917 5.24917 5.35449 6.64158 6.68886 6.78659 7.01548 7.05450 7.15031 7.06859 6.97811 6.88745 6.88892 7.23699 7.74416 7.74427 7.74427 7.76003 8.65614 8.71124 8.71124 8.76874 10.7271 11.2409 11.3594 11.7153 12.9627 12.9952 12.9952 12.9952 12.7193 11.9349 11.7363 11.5240 11.1464 10.7957 10.5565 10.4313 10.4313 10.4313 10.3803 10.1923 10.0092 9.74266 9.47881 9.32211 9.62516 10.0331 9.63064 8.95809 8.93322 8.93322 8.93322 8.93322 8.93322 8.93330 8.95243 8.97053 9.09521 9.09601 9.02813 9.01520 8.81210 8.75867
4.74881 4.95028 5.24917 5.24917 5.24917 5.26109 6.20040 6.50936 6.45571 6.72849 6.68310 6.80782 6.79733 6.79733 6.79733 6.79915 7.16092 7.65300 7.76918 7.88002 7.99864 8.78508 9.20301 9.32176 9.38296 10.5434 11.6177 11.6177 11.6043 12.7004 12.5466 12.2960 11.9560 11.3909 10.1818 10.4507 10.4498 10.5936 10.6183 10.4340 10.0986 9.89373 9.71268 9.58192 9.54428 9.51829 9.57832 9.57391 8.73270 8.89558 9.71675 9.67298 8.94566 8.93322 8.93322 8.93322 8.93322 8.93322 8.93322 8.94572 8.95491 9.06310 9.04194 8.84091 8.65950 8.35267 8.06409
2.18676 2.36539 2.40884 2.40767 2.40837 2.72653 3.13181 3.25210 3.25210 3.25210 3.25210 3.25210 3.25210 3.25210 3.25210 3.25210 3.18489 3.13085 3.15089 3.17100 3.18393 3.41740 4.11278 4.39348 4.59670 4.75668 5.00893 5.07097 5.11802 5.16224 5.17669 5.17669 5.17669 5.32275 5.34630 5.34630 5.33738 4.91517 4.89164 5.22528 5.33616 5.23266 5.23323 5.23525 5.23406 5.22054 5.18450 5.07693 5.08198 5.13252 5.08250 5.09938 4.89461 4.82315 4.86316 4.88267 4.87579 4.86891 4.86190 4.84137 4.83349 4.82653 4.81966 4.81895 4.91641 5.62168 6.09144
1.96738 2.21514 2.27174 2.37370 2.40837 2.62514 3.03030 3.28448 3.30861 3.33266 3.35679 3.38084 3.40495 3.42903 3.45313 3.47734 3.46011 3.30316 3.28727 3.28425 3.31809 3.42480 4.31954 4.55476 4.88410 4.93082 5.16888 5.14970 5.13027 5.11101 5.09158 5.07226 5.01877 4.96656 4.88360 4.72842 4.57325 4.59732 4.66713 4.84851 5.11987 5.01284 4.97511 4.96288 4.95501 4.95889 4.96264 4.96949 4.98813 5.14865 5.14931 5.16346 5.02202 4.81804 4.81962 4.91376 5.08483 5.25036 5.40534 5.52351 5.57549 5.68557 5.79115 5.89048 5.89211 6.15195 5.85202
2.02194 2.24919 2.39100 2.50442 2.61874 2.76000 3.16527 3.50503 3.50503 3.50487 3.49835 3.48861 3.47353 3.44529 3.41651 3.38768 3.38690 3.39594 3.46949 3.52887 3.55847 3.55544 4.07921 4.35831 4.74625 4.72964 4.73257 4.60264 4.46685 4.33106 4.19509 4.05930 3.95750 4.00038 4.12145 4.12145 4.12145 4.30695 4.55434 4.58867 5.05230 5.00594 4.96188 4.96356 4.96462 4.96567 4.96671 4.97161 4.97496 5.16329 5.59086 5.81926 5.91018 5.87940 6.00972 6.03979 6.01347 5.98647 5.95946 5.92621 5.84995 5.83975 5.83975 5.83975 5.83975 5.91145 6.07557
2.41743 2.42258 2.60771 2.71994 2.91459 2.95172 2.98643 3.31350 3.35523 3.32773 3.30546 3.28884 3.31410 3.36481 3.41615 3.46753 3.49760 3.51051 3.51822 3.51915 3.52701 3.53629 3.68765 3.72936 3.99369 3.91126 3.92400 3.95184 3.95184 3.95184 3.95184 3.95184 3.95184 3.95779 4.11518 4.12145 4.12145 4.19038 4.55436 4.55521 4.93481 5.04086 4.96673 4.96709 4.96709 4.96709 4.98305 5.02727 5.06911 5.19913 5.79310 6.15092 6.12674 5.95857 5.91514 5.90514 5.90514 5.90514 5.90514 5.90201 5.86268 5.83975 5.83975 5.83912 5.81278 5.77305 5.99584
2.71972 2.53460 2.72892 2.80486 3.03253 3.02305 2.93146 3.13550 3.33511 3.38522 3.43662 3.48552 3.49780 3.50031 3.51085 3.52198 3.53312 3.54843 3.56622 3.57457 3.57599 3.57599 3.54819 3.40653 3.69915 3.85925 3.90815 3.95184 3.95184 3.95184 3.95184 3.95184 3.95184 3.95184 4.07235 4.12234 4.12361 4.12534 4.51096 4.55942 4.76326 5.06356 4.99994 5.04993 5.05615 5.04930 5.02986 4.98991 4.95206 4.96846 5.41950 6.07150 6.07150 5.96935 5.90514 5.90479 5.90316 5.90141 5.89967 5.89744 5.88009 5.80680 5.78572 5.81055 5.86162 5.92277 6.20371
2.63730 2.51744 2.66510 2.77028 2.98346 3.10232 3.10132 3.22755 3.51334 3.52448 3.53561 3.54675 3.55789 3.56652 3.56713 3.56713 3.56713 3.56751 3.57572 3.57599 3.57599 3.57599 3.57570 3.43037 3.59165 3.85925 3.89237 3.95184 3.95184 3.95184 3.95187 3.95275 3.95402 3.95528 4.02813 4.12653 4.12652 4.12378 4.35714 4.44039 4.40018 4.78009 4.85284 4.92705 4.91295 4.91121 4.90946 4.90807 4.91148 4.91288 5.14187 6.04296 6.05720 5.99715 5.88531 5.89156 5.93284 5.95360 5.97020 5.98621 6.04475 6.08270 6.12884 6.15099 6.17085 6.19073 6.35218
2.56547 2.65639 2.72924 2.88612 3.10830 3.31341 3.30709 3.26929 3.56228 3.56713 3.56713 3.56713 3.56713 3.56713 3.56713 3.56713 3.56713 3.56713 3.57375 3.57599 3.57599 3.57599 3.57599 3.48642 3.48408 3.85925 3.87000 3.95324 3.95404 3.95531 3.95654 3.95675 3.94832 3.90076 3.85555 3.93291 3.87534 3.81813 3.89777 4.11882 4.10818 4.45774 4.67881 4.89403 4.89401 4.89401 4.89401 4.89401 4.90036 4.94214 5.10896 6.01351 6.24023 6.25166 6.11027 6.11663 6.09584 6.09290 6.10340 6.12078 6.16031 6.19412 6.20400 6.20401 6.20401 6.20401 6.21328
2.63476 2.68188 2.77051 2.86300 3.08089 3.36872 3.35343 3.25513 3.49724 3.56713 3.56713 3.56713 3.56713 3.56713 3.56713 3.56713 3.56713 3.56713 3.57126 3.57599 3.57600 3.57715 3.57874 3.51478 3.33646 3.64251 3.60482 3.77677 3.80159 3.73786 3.67918 3.62511 3.57965 3.56014 3.56014 3.69576 3.72027 3.72027 3.75198 4.07925 4.08102 4.26911 4.62214 4.96011 5.03203 5.08945 5.14699 5.20450 5.26381 5.26804 5.28705 5.90718 6.27820 6.26551 6.11703 6.10122 6.11416 6.12699 6.12942 6.12493 6.13334 6.15309 6.14324 6.13813 6.13301 6.12792 6.12283
2.67575 2.70909 2.86375 2.91899 3.15815 3.35995 3.36860 3.26642 3.41411 3.56713 3.56753 3.56964 3.57195 3.57427 3.57658 3.57888 3.58120 3.58351 3.58670 3.57143 3.53193 3.49128 3.43547 3.35804 3.14184 3.29328 3.34038 3.42166 3.56014 3.56014 3.56014 3.56014 3.56076 3.56220 3.56366 3.65158 3.69382 3.65758 3.61943 4.21717 4.43257 4.52122 4.97036 5.19120 5.29232 5.28738 5.25726 5.22443 5.14546 5.05570 5.04990 5.54533 6.23528 6.25212 6.14969 6.07181 6.07181 6.07181 6.06705 6.00153 5.91493 5.85435 5.74104 5.64041 5.53829 5.43307 5.32405
2.79463 2.78863 2.90964 2.95274 3.13455 3.33299 3.40404 3.31681 3.35011 3.58925 3.59116 3.59136 3.59136 3.59136 3.59136 3.57403 3.54275 3.48251 3.39534 3.33677 3.25973 3.17970 3.11365 3.09390 3.16433 3.33061 3.49174 3.48744 3.56928 3.56963 3.53132 3.49015 3.44610 3.39839 3.34789 3.35129 3.48179 3.48179 3.48179 4.11397 4.55415 4.55415 4.84162 5.04491 5.20463 5.17616 5.16636 5.15752 5.12313 5.01681 5.01492 5.26064 6.04556 5.96971 5.81616 5.56624 5.44486 5.31106 5.17592 5.14856 5.15191 5.20081 5.21179 5.21494 5.21567 5.21567 5.21567
2.72285 2.72643 2.81862 2.93935 3.09371 3.40118 3.61238 3.60101 3.55320 3.81106 3.85690 3.86285 3.77927 3.67006 3.56348 3.44901 3.35010 3.28176 3.24042 3.21055 3.20278 3.20278 3.20186 3.16182 3.13493 3.20586 3.39144 3.30619 3.26496 3.29049 3.28963 3.28963 3.28963 3.28963 3.28963 3.29532 3.47352 3.48179 3.48179 3.81814 4.55415 4.55345 4.65716 4.87495 5.14561 5.14015 5.13832 5.13832 5.13552 5.00407 4.96180 5.03051 5.37295 5.40323 5.38276 5.15767 5.15748 5.16083 5.16247 5.16247 5.16247 5.19565 5.21567 5.21567 5.21567 5.21567 5.21685
