High_resolution/powerplant/Chizhou/OMI_NO2_200607.asc
ncols      200
nrows      200
xllcorner       115.585
yllcorner       28.7700
cellsize     0.0166667
NODATA_Value      -999.000
[rows 29 to 57 of 200, columns 0 to 65 of 200]
0.00000 0.00000 0.00000 0.00000 0.00000 0.00000 0.00000 0.00000 0.00000 0.00000 0.00000 0.00000 0.670956 0.670956 0.670956 0.670956 0.670956 0.670956 0.670956 0.670956 0.670956 0.670956 0.670956 0.670956 0.670956 0.670956 0.670956 0.670956 0.899040 1.03602 1.03602 1.03602 1.03602 1.03602 1.03962 1.09160 1.15866 1.22556 1.29272 1.35957 1.42672 1.49363 1.52834 1.46638 1.28543 1.28543 1.28543 1.28543 1.68032 2.14302 2.14302 2.14302 2.14302 2.14302 2.14302 2.14302 2.14302 2.14302 2.14302 1.71375 1.59600 1.59600 1.59600 1.59600 1.59600 1.59600
0.00000 0.00000 0.00000 0.00000 0.00000 0.00000 0.00000 0.00000 0.00000 0.00000 0.00000 0.00000 0.00000 0.670956 0.670956 0.670956 0.670956 0.670956 0.670956 0.670956 0.670956 0.670956 0.670956 0.670956 0.670956 0.670956 0.670956 0.674588 0.843144 1.18185 1.24885 1.31585 1.38291 1.44986 1.51327 1.52834 1.52834 1.52834 1.52834 1.52834 1.52834 1.52834 1.52834 1.52105 1.29398 1.28543 1.28543 1.28543 1.40672 2.14143 2.14302 2.14302 2.14302 2.14302 2.14186 2.11559 2.07963 2.04385 2.00801 1.68350 1.38896 1.35329 1.31733 1.28115 1.24548 1.20958
0.00000 0.00000 0.00000 0.00000 0.00000 0.00000 0.00000 0.00000 0.00000 0.00000 0.00000 0.00000 0.00000 0.670956 0.670956 0.670956 0.670956 0.670956 0.670956 0.670956 0.675650 0.693401 0.711913 0.730386 0.748884 0.767410 0.785908 0.800762 0.874921 1.52681 1.52834 1.52834 1.52834 1.52834 1.52834 1.52834 1.52834 1.52834 1.52834 1.52834 1.52834 1.52834 1.52834 1.52834 1.34996 1.28543 1.28543 1.28543 1.28543 1.72930 1.71879 1.68307 1.64711 1.61115 1.57652 1.56678 1.56678 1.56678 1.56678 1.41936 1.01977 1.01977 1.01977 1.01977 1.01977 1.01977
0.00000 0.00000 0.00000 0.00000 0.00000 0.00000 0.00000 0.00000 0.00000 0.00000 0.00000 0.00000 0.00000 0.537644 0.694912 0.713486 0.732011 0.750510 0.768996 0.787495 0.801300 0.802060 0.802060 0.802060 0.802060 0.802060 0.802060 0.802060 0.802060 1.40833 1.52834 1.52834 1.52834 1.52834 1.52834 1.52834 1.52834 1.52834 1.52834 1.52834 1.52834 1.52834 1.52834 1.52834 1.41321 1.28543 1.28543 1.28543 1.28543 1.50066 1.56678 1.56678 1.56678 1.56678 1.56678 1.56678 1.56678 1.56678 1.56678 1.54578 1.03432 1.01977 1.01977 1.01977 1.01977 1.01977
0.00000 0.00000 0.00000 0.00000 0.00000 0.00000 0.147426 0.147426 0.147426 0.147426 0.147426 0.147426 0.147426 0.147426 0.709056 0.802060 0.802060 0.802060 0.802060 0.802060 0.802060 0.802060 0.802060 0.802060 0.802060 0.802060 0.802060 0.802060 0.802060 1.21692 1.52834 1.52834 1.52834 1.52834 1.52834 1.52834 1.52834 1.52834 1.52834 1.52834 1.52834 1.52834 1.52834 1.52834 1.47648 1.28543 1.28543 1.28543 1.28543 1.44418 1.56678 1.56678 1.56678 1.56678 1.56678 1.56678 1.56678 1.56678 1.56678 1.56678 1.15491 1.07863 1.17174 1.26471 1.35804 1.45078
0.147426 0.147426 0.147426 0.147426 0.147426 0.147426 0.147426 0.147426 0.147426 0.147426 0.147426 0.147426 0.147426 0.147426 0.534589 0.802060 0.802060 0.802060 0.802060 0.802060 0.802060 0.802060 0.802060 0.802060 0.802060 0.802060 0.802060 0.802060 0.802060 1.02554 1.52834 1.52834 1.52834 1.52834 1.52834 1.52834 1.52834 1.52834 1.52834 1.52834 1.52834 1.52834 1.52834 1.52834 1.52511 1.30005 1.28543 1.28543 1.28543 1.36571 1.56678 1.56678 1.56678 1.54998 1.50023 1.44960 1.39899 1.34821 1.29756 1.24695 1.46953 1.76111 1.76111 1.76111 1.76111 1.76111
0.147426 0.147426 0.147426 0.147426 0.147426 0.147426 0.147426 0.147426 0.147426 0.147426 0.147426 0.147426 0.147426 0.147426 0.360202 0.802060 0.802060 0.802060 0.802060 0.802060 0.802060 0.802060 0.802060 0.802060 0.802060 0.802060 0.802060 0.802060 0.802060 0.844552 1.51774 1.52834 1.52834 1.52834 1.52834 1.52834 1.52834 1.52834 1.52834 1.52834 1.52834 1.52834 1.52834 1.52834 1.52834 1.34817 1.18582 1.08470 0.983256 0.888034 1.29614 1.26395 1.21334 1.17954 1.17869 1.17869 1.17869 1.17869 1.17869 1.17869 1.31780 1.76111 1.76111 1.76111 1.76111 1.76111
0.147426 0.147426 0.147426 0.147426 0.147426 0.147426 0.147426 0.147426 0.147426 0.147426 0.147426 0.147426 0.147426 0.147426 0.192661 0.795317 0.802060 0.802060 0.802060 0.802060 0.802060 0.802060 0.802060 0.802060 0.802060 0.802060 0.802060 0.802060 0.802060 0.802060 1.36905 1.52834 1.52834 1.52834 1.52834 1.52834 1.52834 1.52834 1.60491 1.81018 2.01743 2.22468 2.43193 2.63933 2.84673 1.92649 0.509232 0.509232 0.509232 0.509232 1.06671 1.17869 1.17869 1.17869 1.17869 1.17869 1.17869 1.17869 1.17869 1.17869 1.19240 1.73647 1.76111 1.76111 1.76111 1.76111
0.147426 0.147426 0.147426 0.147426 0.147426 0.147426 0.147426 0.147426 0.147426 0.147426 0.147426 0.147426 0.147426 0.147426 0.147426 0.666262 0.802060 0.802060 0.802060 0.802060 0.802060 0.802060 0.802060 0.802060 0.802060 0.802060 0.802060 0.802060 0.802060 0.802060 1.18327 1.68011 1.88736 2.09492 2.30201 2.50942 2.71651 2.92392 3.05475 3.05673 3.05673 3.05673 3.05673 3.05673 3.05673 2.61317 0.509232 0.509232 0.509232 0.509232 0.947671 1.17869 1.17869 1.17869 1.17869 1.17869 1.17869 1.17869 1.17869 1.17869 1.17170 1.57139 1.70985 1.68731 1.66478 1.64231
0.147426 0.147426 0.147426 0.147426 0.147426 0.147426 0.147426 0.147426 0.147426 0.147426 0.147426 0.147426 0.147426 0.147426 0.147426 0.491764 0.802060 0.802060 0.802060 0.802060 0.802060 0.802060 0.802060 0.810530 0.941568 1.11254 1.28338 1.45435 1.62532 1.79628 2.22689 3.05673 3.05673 3.05673 3.05673 3.05673 3.05673 3.05673 3.05673 3.05673 3.05673 3.05673 3.05673 3.05673 3.05673 3.04705 0.734731 0.509232 0.509232 0.509232 0.739615 1.01439 0.991929 0.969467 0.947184 0.924649 0.902151 0.879688 0.857225 0.834655 0.819176 1.09017 1.40113 1.40113 1.40113 1.40113
0.147426 0.147426 0.147426 0.147426 0.147426 0.147426 0.147426 0.147426 0.147426 0.147426 0.147426 0.147426 0.147426 0.147426 0.147426 0.317583 0.815128 0.954636 1.12560 1.29657 1.46754 1.63851 1.80947 1.97197 2.01202 2.01202 2.01202 2.01202 2.01202 2.01202 2.04149 3.01734 3.05673 3.05673 3.05673 3.05673 3.05673 3.05673 3.05673 3.05673 3.05673 3.05673 3.05673 3.05673 3.05673 3.05673 1.38532 0.509232 0.509232 0.509232 0.537863 0.816636 0.818708 0.818708 0.818708 0.818708 0.818708 0.818708 0.818708 0.818708 0.818708 0.940142 1.40113 1.40113 1.40113 1.40113
0.147426 0.147426 0.147426 0.147426 0.147426 0.147426 0.147426 0.147426 0.147426 0.154894 0.340696 0.600996 0.861653 1.12231 1.38296 1.65178 1.97731 2.01202 2.01202 2.01202 2.01202 2.01202 2.01202 2.01202 2.01202 2.01202 2.01202 2.01202 2.01202 2.01202 2.01202 2.77209 3.05673 3.05673 3.05673 3.05673 3.05673 3.05673 3.05673 3.05673 3.05673 3.05673 3.05673 3.05673 3.05673 3.05673 2.04517 0.509232 0.509232 0.509232 0.509232 0.786221 0.818708 0.818708 0.818708 0.818708 0.818708 0.818708 0.818708 0.818708 0.818708 0.825871 1.36537 1.40113 1.40008 1.39296
0.147426 0.147426 0.147960 0.294290 0.555124 0.815602 1.07590 1.33691 1.59739 1.85040 1.92544 1.92544 1.92544 1.92544 1.92544 1.92544 1.98860 2.01202 2.01202 2.01202 2.01202 2.01202 2.01202 2.01202 2.01202 2.01202 2.01202 2.01202 2.01202 2.01202 2.01202 2.49690 3.05673 3.05673 3.05673 3.05673 3.05673 3.05673 3.05673 3.05673 3.05673 3.05673 3.05673 3.05673 3.05673 3.05673 2.70489 0.509232 0.509232 0.509232 0.509232 0.737653 0.818708 0.818708 0.818708 0.818708 0.822258 0.897673 1.00070 1.10357 1.20644 1.30938 1.38096 1.34443 1.33740 1.33643
0.00000 1.52734 1.81147 1.92544 1.92544 1.92544 1.92544 1.92544 1.92544 1.92544 1.92544 1.92544 1.92544 1.92544 1.92544 1.92544 1.96570 2.01202 2.01202 2.01202 2.01202 2.01202 2.01202 2.01202 2.01202 2.01202 2.01202 2.01202 2.01202 2.01202 2.01202 2.22190 3.05673 3.05673 3.05673 3.05673 3.05673 3.05673 3.05673 3.05673 3.05673 3.05673 3.05673 3.05673 3.05673 3.05673 3.05648 0.817735 0.509232 0.597901 0.803165 1.04046 1.17173 1.27467 1.37762 1.48049 1.57981 1.60758 1.60758 1.60758 1.60758 1.60758 1.48898 1.33643 1.33643 1.33643
0.00000 1.92544 1.92544 1.92544 1.92544 1.92544 1.92544 1.92544 1.92544 1.92544 1.92544 1.92544 1.92544 1.92544 1.92544 1.92544 1.94280 2.01202 2.01202 2.01202 2.01202 2.01202 2.01202 2.01202 2.01202 2.01202 2.01202 2.01202 2.01202 2.01202 2.01202 2.02153 2.98243 3.05673 3.05673 3.05673 3.05673 3.05673 3.05673 3.05673 3.05673 3.05434 3.02434 2.98646 2.94864 2.91078 2.87293 2.15739 1.96927 2.08650 2.08697 1.97330 1.60758 1.60758 1.60758 1.60758 1.60758 1.60758 1.60758 1.60758 1.60758 1.60758 1.55847 1.33643 1.33643 1.33643
0.00000 1.92544 1.92544 1.92544 1.92544 1.92544 1.92544 1.92544 1.92544 1.92544 1.92544 1.92544 1.92544 1.92544 1.92544 1.92544 1.92620 2.00572 2.01202 2.01202 2.01202 2.01202 2.01202 2.01202 2.01202 2.01202 2.01202 2.01202 2.01202 2.01202 2.01202 2.01202 2.71700 3.05673 3.04710 3.01078 2.97292 2.93510 2.89719 2.85939 2.82151 2.78606 2.77820 2.77820 2.77820 2.77820 2.77820 2.52855 2.08697 2.08697 2.08697 2.08592 1.63059 1.60758 1.60758 1.60758 1.60758 1.60758 1.60758 1.60758 1.60758 1.60758 1.60609 1.35828 1.33643 1.33594
0.00000 1.92544 1.92544 1.92544 1.92544 1.92544 1.92544 1.92544 1.92544 1.92544 1.92544 1.92544 1.92544 1.92544 1.92544 1.92544 1.92544 1.98357 2.01202 2.01202 2.01202 2.01202 2.01202 2.01202 2.01202 2.01202 2.01202 2.00041 1.96898 1.93724 1.90547 1.87369 2.25591 2.80792 2.77976 2.77820 2.77820 2.77820 2.77820 2.77820 2.77820 2.77820 2.77820 2.77820 2.77820 2.77820 2.77820 2.70665 2.08801 2.08697 2.08697 2.08697 1.67721 1.57121 1.56173 1.55223 1.54271 1.53322 1.52374 1.51425 1.50472 1.49524 1.48579 1.29506 1.19569 1.18669
0.00000 0.00000 1.92544 1.92544 1.92544 1.92544 1.92544 1.92544 1.92544 1.92544 1.92544 1.92544 1.92544 1.92544 1.92544 1.92544 1.92544 1.96068 2.01202 2.01202 1.99836 1.96671 1.93495 1.90318 1.87139 1.83963 1.80787 1.78772 1.78738 1.78738 1.78738 1.78738 1.93614 2.77820 2.77820 2.77820 2.77820 2.77820 2.77820 2.77820 2.77820 2.77820 2.77820 2.77820 2.77820 2.77820 2.77820 2.77820 2.19536 2.08697 2.08697 2.08697 1.68963 1.45565 1.45565 1.45565 1.45565 1.45565 1.45565 1.45565 1.45565 1.45565 1.45565 1.34380 1.18450 1.18450
0.00000 0.00000 1.92544 1.92544 1.92544 1.92544 1.92544 1.92544 1.92544 1.92544 1.92544 1.92544 1.92544 1.93419 1.95844 1.98295 2.00752 2.01669 1.83734 1.80557 1.78747 1.78738 1.78738 1.78738 1.78738 1.78738 1.78738 1.78738 1.78738 1.78738 1.78738 1.78738 1.78807 2.66667 2.77820 2.77820 2.77820 2.77820 2.77820 2.77820 2.77820 2.77820 2.77820 2.77820 2.77820 2.77820 2.77820 2.77820 2.37444 2.08697 2.08697 2.08697 1.84754 1.45565 1.45565 1.45565 1.45565 1.45565 1.45565 1.45565 1.45565 1.45565 1.45565 1.41330 1.18450 1.18450
0.00000 0.00000 1.92544 1.92544 1.92544 1.92544 1.93130 1.95465 1.97920 2.00374 2.02825 2.05281 2.07733 2.09312 2.09341 2.09341 2.09341 2.09335 1.82496 1.78738 1.78738 1.78738 1.78738 1.78738 1.78738 1.78738 1.78738 1.78738 1.78738 1.78738 1.78738 1.78738 1.78738 2.40820 2.77820 2.77820 2.77820 2.77820 2.77820 2.77820 2.77820 2.77820 2.77820 2.77820 2.77820 2.77820 2.77820 2.77820 2.55353 2.08697 2.08697 2.08697 2.04687 1.46329 1.45565 1.45565 1.45565 1.45565 1.45565 1.45565 1.44285 1.39585 1.34702 1.29789 1.07055 1.00102
0.00000 0.00000 0.00000 2.01986 2.04903 2.07355 2.09225 2.09341 2.09341 2.09341 2.09341 2.09341 2.09341 2.09341 2.09341 2.09341 2.09341 2.09341 1.90600 1.78738 1.78738 1.78738 1.78738 1.78738 1.78738 1.78738 1.78738 1.78738 1.78738 1.78738 1.78738 1.78738 1.78738 2.14886 2.77820 2.77820 2.77820 2.77820 2.77820 2.77820 2.77820 2.77820 2.77820 2.77820 2.77820 2.77820 2.77820 2.77820 2.72712 2.09236 2.08697 2.08697 2.08003 1.48424 1.36408 1.31528 1.26649 1.21770 1.16894 1.12008 1.08416 1.08233 1.08233 1.08233 0.959858 0.824331
0.00000 0.00000 0.00000 2.09341 2.09341 2.09341 2.09341 2.09341 2.09341 2.09341 2.09341 2.09341 2.09341 2.09341 2.09341 2.09341 2.09341 2.09341 1.98701 1.78738 1.78738 1.78738 1.78738 1.78738 1.78738 1.78738 1.78738 1.78738 1.78738 1.78738 1.78738 1.78738 1.78738 1.89091 2.77672 2.77820 2.77820 2.77820 2.77820 2.77820 2.77820 2.77820 2.77820 2.77820 2.77820 2.72565 2.58498 2.44307 2.30126 1.73818 1.54760 1.44987 1.35930 1.15538 1.08233 1.08233 1.08233 1.08233 1.08233 1.08233 1.08233 1.08233 1.08233 1.08233 1.02035 0.824331
0.00000 0.00000 0.00000 2.09341 2.09341 2.09341 2.09341 2.09341 2.09341 2.09341 2.09341 2.09341 2.09341 2.09341 2.09341 2.09341 2.09341 2.09341 2.06669 1.78882 1.78738 1.78738 1.78738 1.78738 1.78738 1.78738 1.78738 1.78738 1.78738 1.78738 1.78738 1.78738 1.78738 1.78738 2.62088 2.77820 2.77820 2.77507 2.67758 2.53545 2.39375 2.25173 2.10992 1.96810 1.82588 1.73683 1.73547 1.73547 1.73547 1.51883 1.34034 1.34034 1.34034 1.21132 1.08233 1.08233 1.08233 1.08233 1.08233 1.08233 1.08233 1.08233 1.08233 1.08233 1.06421 0.824331
0.00000 0.00000 0.00000 2.09341 2.09341 2.09341 2.09341 2.09341 2.09341 2.09341 2.09341 2.09341 2.09341 2.09341 2.09341 2.09341 2.09341 2.09341 2.09341 1.84314 1.78738 1.78738 1.78738 1.78738 1.78738 1.78738 1.78738 1.78738 1.78738 1.78738 1.77858 1.69591 1.59676 1.49769 1.87017 2.06059 1.91847 1.77979 1.73547 1.73547 1.73547 1.73547 1.73547 1.73547 1.73547 1.73547 1.73547 1.73547 1.73547 1.62127 1.34034 1.34034 1.34034 1.28987 1.08233 1.08534 1.09379 1.10289 1.11260 1.12312 1.13437 1.14647 1.15953 1.17369 1.18918 0.959530
0.00000 2.27419 2.27419 2.27419 2.16044 2.16112 2.16952 2.09718 2.09341 2.09341 2.09341 2.09341 2.09341 2.09341 2.09341 2.09341 2.09341 2.09341 2.09341 1.92424 1.78738 1.78738 1.78738 1.77408 1.68641 1.58726 1.48798 1.38895 1.28977 1.19048 1.10035 1.08374 1.08374 1.08374 1.29145 1.73547 1.73547 1.73547 1.73547 1.73547 1.73547 1.73547 1.73547 1.73547 1.73547 1.73547 1.73547 1.73547 1.73547 1.71603 1.34788 1.34034 1.33966 1.33277 1.30749 1.31773 1.31136 1.30499 1.29905 1.29347 1.28809 1.28311 1.27830 1.27381 1.26942 1.20940
2.27419 2.27419 2.27419 2.27419 2.21466 2.18380 2.18380 2.12846 2.09341 2.09341 2.09341 2.09341 2.09341 2.09341 2.09341 2.09341 2.09341 2.09341 2.09341 1.84865 1.37934 1.28013 1.18112 1.09514 1.08374 1.08374 1.08374 1.08374 1.08374 1.08374 1.08374 1.08374 1.08374 1.08374 1.12806 1.72895 1.73547 1.73547 1.73547 1.73547 1.73547 1.73547 1.73547 1.73547 1.73547 1.73547 1.73547 1.73547 1.73547 1.73547 1.41143 1.22147 1.21936 1.21901 1.21901 1.21901 1.21901 1.21901 1.21901 1.21901 1.21901 1.21901 1.21901 1.21901 1.21901 1.19214
2.27419 2.27419 2.27419 2.27419 2.24121 2.18380 2.18380 2.15433 2.09341 2.09341 2.09341 2.09341 2.09341 2.09341 2.09341 2.09341 2.09341 0.00000 0.00000 1.08374 1.08374 1.08374 1.08374 1.08374 1.08374 1.08374 1.08374 1.08374 1.08374 1.08374 1.08374 1.08374 1.08374 1.08374 1.08374 1.60343 1.73547 1.73547 1.73547 1.73547 1.73547 1.73547 1.73547 1.73547 1.73547 1.73547 1.73547 1.73547 1.73547 1.73547 1.53316 1.22814 1.21901 1.21901 1.21901 1.21901 1.21901 1.21901 1.21901 1.21901 1.21901 1.21901 1.21901 1.21849 1.19751 1.15759
2.27419 2.27419 2.27419 2.27419 2.27152 2.20681 2.21693 2.22168 2.09341 2.09341 0.00000 0.00000 0.00000 0.00000 0.00000 0.00000 0.00000 0.00000 0.00000 0.00000 1.08374 1.08374 1.08374 1.08374 1.08374 1.08374 1.08374 1.08374 1.08374 1.08374 1.08374 1.08374 1.08374 1.08374 1.08374 1.43346 1.73547 1.73547 1.73547 1.73547 1.73547 1.73547 1.73547 1.73547 1.73547 1.73547 1.73547 1.73547 1.73547 1.73547 1.63545 1.24460 1.21901 1.21901 1.21901 1.21901 1.20827 1.17756 1.14640 1.11523 1.08409 1.05293 1.02176 0.991148 0.980935 0.980935
2.27419 2.27419 2.27419 2.27419 2.27419 2.27419 2.27419 2.27419 2.27419 0.00000 0.00000 0.00000 0.00000 0.00000 0.00000 0.00000 0.00000 0.00000 0.00000 0.00000 1.08374 1.08374 1.08374 1.08374 1.08374 1.08374 1.08374 1.08374 1.08374 1.08374 1.08374 1.08374 1.08374 1.08374 1.08374 1.26336 1.73547 1.73547 1.73547 1.73547 1.73547 1.73547 1.73547 1.73547 1.73547 1.73547 1.73547 1.73547 1.73784 1.76386 1.78428 1.16220 1.09528 1.06409 1.03295 1.00179 0.981364 0.980935 0.980935 0.980935 0.980935 0.980935 0.980935 0.980935 0.980935 0.980935
