High_resolution/powerplant/Chizhou/OMI_NO2_200511.asc
ncols      200
nrows      200
xllcorner       115.585
yllcorner       28.7700
cellsize     0.0166667
NODATA_Value      -999.000
[rows 87 to 115 of 200, columns 67 to 133 of 200]
4.65545 4.65826 4.66110 4.67282 4.70789 4.74408 5.14573 5.26316 5.91692 6.71210 7.47229 7.92087 8.13111 8.13111 8.08845 7.97079 7.85177 7.73281 7.61926 7.59038 7.59038 7.66738 7.83101 7.39667 7.20511 7.20511 7.20511 7.27983 7.69263 8.09027 8.66096 9.41019 9.58660 9.77995 9.77995 9.77995 9.77690 9.73608 9.78706 9.81414 9.77768 9.60897 9.33261 9.06714 8.84222 8.89027 9.16802 9.66785 9.64503 9.59834 9.42451 9.22582 9.02732 9.01734 9.00244 8.76087 8.64320 8.52598 8.31291 8.06800 7.97171 7.88258 7.79391 7.70490 7.79306 7.36861 7.32050
4.84821 4.88160 4.91492 4.93933 4.94051 4.94051 5.12781 5.30441 5.74892 6.36878 7.32541 7.59078 7.78699 7.66803 7.59174 7.59038 7.59038 7.59038 7.59038 7.59038 7.59038 7.60867 7.82956 7.56347 7.20511 7.20511 7.20511 7.22161 7.48582 8.08977 8.19147 9.35876 9.45682 9.71200 9.69458 9.68049 9.66978 9.59271 9.35051 9.16856 8.93385 8.83133 8.81345 8.75826 8.70230 8.62945 8.36078 8.32433 8.07941 7.83875 7.72534 7.63632 7.54766 7.54050 7.75496 7.52553 7.52553 7.52553 7.50218 7.30322 7.30165 7.30165 7.30165 7.30165 7.54065 7.25543 7.10302
4.94051 4.94051 4.94051 4.94051 4.94051 4.94630 5.06013 5.34786 5.61375 6.14284 6.80942 7.12290 7.59038 7.59038 7.59038 7.59038 7.59038 7.59038 7.59038 7.59038 7.59038 7.59038 7.78802 7.71518 7.21118 7.20948 7.20784 7.20622 7.25576 7.91163 7.96517 8.92524 9.22745 9.50762 9.29047 9.03295 8.77472 8.53770 8.27193 8.28186 8.21791 8.14593 8.09762 8.08618 8.07551 8.07215 7.76592 7.43831 7.33482 7.33482 7.33482 7.33482 7.33482 7.33868 7.71286 7.54976 7.52553 7.52553 7.52553 7.35350 7.30165 7.30165 7.22122 6.97487 6.87392 6.55273 6.25521
4.94079 4.95334 4.97240 4.99146 5.01051 5.02379 5.03741 5.37811 5.44335 6.11688 6.63657 7.00661 7.55795 7.62806 7.64774 7.66741 7.68493 7.63838 7.56247 7.49561 7.43249 7.36939 7.44208 7.50096 7.37530 7.37195 7.38517 7.39839 7.29295 6.97285 7.27814 7.75828 8.17608 8.29441 8.32459 8.32300 8.31445 8.30412 8.04023 8.06158 8.07221 8.07215 8.07215 8.07096 8.05644 8.03831 7.83758 7.42695 7.24655 7.22842 7.21032 7.19216 7.17399 7.15589 7.41311 7.26678 7.10370 7.07557 7.03190 6.74346 6.24120 5.96153 5.76265 5.72956 5.73685 5.90982 5.59631
5.01774 5.04194 5.08420 5.12650 5.16885 5.21115 5.25350 5.57025 5.68198 6.28181 6.76276 7.06554 7.52026 7.59098 7.50812 7.42537 7.34465 7.32814 7.34094 7.34462 7.34462 7.34462 7.42101 7.58524 7.48525 7.41325 7.39797 7.38267 7.39392 6.66592 7.18356 7.17933 7.69138 7.78821 7.79483 7.67653 7.56554 7.45495 7.58057 7.73816 7.75743 7.73930 7.72121 7.70427 7.70062 7.70062 7.62995 7.17286 6.98675 6.96329 6.96329 6.96329 6.96329 6.96329 7.12910 7.05275 6.67177 6.57317 6.48995 6.38672 5.65461 5.54850 5.43262 5.31683 5.20128 5.39077 4.90331
5.35132 5.34716 5.31835 5.28960 5.24587 5.17608 5.10597 5.20767 5.31604 5.51880 5.77652 6.24295 6.96520 7.23365 7.21840 7.20303 7.18781 7.17245 7.15722 7.14183 7.12661 7.11127 7.11402 7.24385 7.06566 6.85543 6.73962 6.61447 6.50160 5.69499 6.07356 6.02782 6.66967 6.99619 7.17074 7.17074 7.17074 7.17074 7.34690 7.64304 7.70062 7.70062 7.70062 7.70062 7.70062 7.70062 7.67416 7.25262 7.04526 6.96329 6.96329 6.92010 6.82164 6.71512 6.63416 6.62598 6.11640 6.00060 5.88506 5.76926 5.03238 4.84385 4.78840 4.64124 4.49271 4.61272 4.43106
4.84894 4.78542 4.72191 4.65833 4.60978 4.58718 4.56511 4.64517 4.91841 5.03929 5.39324 5.86930 6.50818 7.06782 7.06801 7.07544 7.08647 7.09753 7.10856 7.11961 7.13065 7.14071 7.13976 6.49820 6.32800 6.17420 6.16404 6.16383 6.16383 5.70746 5.77082 6.02671 6.39070 6.93400 7.17074 7.17074 7.17074 7.17074 7.24179 7.62612 7.69732 7.70062 7.70062 7.70062 7.70062 7.70062 7.69487 7.28935 6.90508 6.62025 6.47613 6.37527 6.32965 6.29209 6.28812 6.16802 5.66262 5.62152 5.48031 5.33171 4.81197 4.22175 4.12868 4.12739 4.13034 4.31598 4.28398
4.58822 4.59174 4.59542 4.59898 4.60271 4.60641 4.60994 4.60999 5.01639 5.06588 5.56540 5.87319 6.26776 7.12924 7.15254 7.15616 7.15616 7.15015 7.13547 7.12073 7.10598 7.09224 7.08928 6.65186 6.31810 6.19084 6.16383 6.16383 6.16383 5.94730 5.50241 6.02671 6.09938 6.87187 7.15691 7.17074 7.17074 7.17074 7.17308 7.58500 7.65288 7.61915 7.57366 7.52355 7.40286 7.25875 7.11908 6.80549 6.47964 6.29643 6.28823 6.29464 6.29985 6.19481 6.07215 5.88274 5.28742 5.10829 5.12703 5.15302 5.07350 4.39677 4.42311 4.45111 4.47592 4.38438 3.50249
4.62763 4.60126 4.57489 4.54852 4.52212 4.49575 4.46965 4.45997 4.99256 5.17620 5.56840 5.81414 6.15141 7.01827 7.12756 7.11281 7.09808 7.08935 7.08928 7.08928 7.08928 7.08928 7.08928 6.84629 6.31810 6.23207 6.16383 6.16383 6.16383 6.16338 5.25975 6.02488 6.02671 6.67135 7.10398 7.18085 7.18511 7.18938 7.19365 7.49596 7.49037 7.24676 7.15009 7.05819 7.03679 7.03881 7.03993 7.02689 6.67462 6.40403 6.19647 6.06929 5.94357 5.92797 5.92994 5.89277 5.50579 5.30444 5.30639 5.30827 5.30874 4.65633 4.49575 4.49575 4.49575 4.49322 3.64154
4.45997 4.45997 4.45997 4.45997 4.45997 4.45997 4.45997 4.45997 4.83310 5.25281 5.55428 5.91248 5.98142 6.83230 7.08928 7.08928 7.08928 7.08928 7.08928 7.08928 7.08928 7.08928 7.08928 7.03360 6.32365 6.27333 6.16437 6.18704 6.23462 6.28992 5.40274 5.89490 6.06774 6.43402 7.07565 7.19949 7.16648 7.07294 6.97529 7.03759 7.16411 6.92946 6.91214 6.84401 6.71760 6.59114 6.46557 6.40184 6.36739 6.18284 5.94013 5.94013 5.94013 5.94013 5.94013 5.92866 5.62375 5.30874 5.30874 5.30874 5.30874 4.92233 4.49575 4.49575 4.49575 4.46423 3.80712
4.45997 4.45997 4.45997 4.46209 4.50350 4.55958 4.61568 4.67170 4.87831 5.42343 5.52208 5.96816 5.90837 6.64126 7.08928 7.08966 7.11632 7.15898 7.20164 7.24430 7.27165 7.27859 7.28549 7.27347 6.61241 6.43884 6.50958 6.49742 6.45794 6.41453 5.50302 5.49255 5.90923 5.96617 6.67802 6.79674 6.73209 6.72797 6.70858 6.68078 6.87201 6.51840 6.38766 6.32933 6.32928 6.32928 6.32928 6.33719 6.40087 6.30089 5.93437 5.90907 5.88424 5.85956 5.83493 5.81025 5.61524 5.29821 5.29694 5.29568 5.29441 5.09547 4.39930 4.33717 4.27508 4.24447 3.88667
4.52650 4.58254 4.63859 4.69256 4.70720 4.70266 4.68861 4.67429 4.67807 5.33477 5.34972 5.82767 5.90305 6.66650 7.37226 7.33934 7.28000 7.20474 7.12952 7.05428 6.99432 6.95474 6.91526 6.89475 6.46013 6.12357 6.20588 6.23224 6.23224 6.23224 5.68654 5.15468 5.84328 5.82391 6.19679 6.45491 6.37202 6.28618 6.21792 6.22355 6.32675 6.12547 6.01031 5.98568 5.96100 5.93637 5.91154 5.88691 5.93818 5.85211 5.50873 5.43018 5.43018 5.43018 5.43018 5.43018 5.36777 5.25036 5.02572 4.76846 4.51130 4.33421 4.25163 4.23497 4.25907 4.30193 4.17239
4.62467 4.61328 4.61678 4.62240 4.62797 4.63807 4.65776 4.68661 4.74741 5.33744 5.59077 5.79565 5.84554 6.20947 6.82236 6.84941 6.83581 6.82206 6.80848 6.79478 6.78111 6.76750 6.75376 6.74020 6.48546 5.94165 5.98604 6.05650 6.07553 6.09059 5.82958 4.74373 5.30684 5.25422 5.57135 6.07894 6.08701 6.08701 6.08701 6.08701 6.08701 5.98026 5.81934 5.81934 5.81934 5.81934 5.81934 5.81934 5.89174 5.83386 5.62730 5.43018 5.43018 5.42619 5.25614 4.99889 4.70858 4.40442 4.40393 4.45157 4.50177 4.55443 4.55684 4.55759 4.58170 4.55635 4.46417
4.83032 4.88299 4.94864 5.01278 5.07710 5.14138 5.20555 5.26070 5.28408 5.65067 6.04142 6.07859 6.12355 6.38908 6.63946 6.64791 6.64791 6.64791 6.63815 6.58988 6.53568 6.47907 6.41987 6.35791 6.26520 6.11179 6.16156 6.25372 6.24059 6.23295 6.12341 4.88912 5.04995 5.24979 5.31635 6.05124 6.08701 6.08701 6.08701 6.08701 6.08701 6.05069 5.81934 5.81934 5.81934 5.81934 5.81934 5.81934 5.87668 5.84539 5.64703 5.07141 4.81021 4.55313 4.46201 4.45800 4.47137 4.71525 4.69401 4.69401 4.67719 4.61696 4.53607 4.37991 4.31757 4.28056 4.28026
5.33547 5.36400 5.36460 5.36460 5.36460 5.36460 5.36460 5.36460 5.36460 5.53019 6.06920 6.01462 5.98947 6.07615 6.39872 6.35852 6.29368 6.22512 6.16740 6.16216 6.15551 6.14239 6.12927 6.11615 6.10441 6.10249 6.10461 6.22548 6.23290 6.23290 6.21412 5.14881 4.89450 5.24979 5.24979 5.86490 6.08701 6.08701 6.08701 6.08701 6.08701 6.08701 5.85345 5.81776 5.81378 5.80977 5.76463 5.52788 5.28516 5.06682 4.85537 4.48812 4.45276 4.45276 4.45276 4.44442 4.37954 4.46567 4.36864 4.24330 4.13174 4.06413 3.99612 3.82059 3.72310 3.63151 3.53509
5.36460 5.36460 5.36512 5.37476 5.38826 5.40237 5.41717 5.43266 5.44896 5.47050 5.48848 5.48166 5.52615 5.59695 6.09500 6.16016 6.14835 6.13523 6.12210 6.10897 6.10249 6.10249 6.10249 6.10249 6.10249 6.10249 6.10249 6.19274 6.23290 6.23290 6.23290 5.48070 4.75385 5.23486 5.24979 5.60243 6.07780 6.02055 5.95651 5.89239 5.82831 5.76419 5.75106 5.59385 5.31447 5.02495 4.76977 4.71027 4.67522 4.64638 4.50196 4.09190 3.82261 3.68716 3.54783 3.41387 3.35044 3.37199 3.34144 3.32432 3.30717 3.29010 3.27293 3.18430 3.10075 3.09891 3.09891
5.44321 5.46003 5.47699 5.48166 5.48166 5.48166 5.48166 5.48166 5.48166 5.48166 5.48166 5.51705 5.61824 5.71364 6.01524 6.10344 6.10249 6.10249 6.10249 6.10249 6.10249 6.10249 6.10249 6.10249 6.10249 6.10249 6.10249 6.15805 6.23290 6.23199 6.18234 5.69943 4.47877 4.74255 4.77450 4.73770 5.54911 5.53353 5.50985 5.33171 4.95666 4.56916 4.23239 4.15172 4.09013 4.03344 3.87869 3.64639 3.41466 3.23915 3.24792 3.21581 3.24074 3.24074 3.24074 3.24074 3.24074 3.25652 3.24487 3.23931 3.23931 3.23931 3.23931 3.21376 3.09891 3.09891 3.09891
5.48166 5.48166 5.48166 5.48166 5.48166 5.48166 5.48743 5.54587 5.61690 5.68803 5.75912 5.79485 5.81067 5.84813 5.97659 6.09623 6.10249 6.10249 6.10249 6.10249 6.08914 6.04250 5.99431 5.95174 5.92801 5.90604 5.88405 5.80891 5.33015 5.11527 4.94913 4.69704 3.20999 3.32525 3.63193 3.56123 4.27345 4.12787 3.76280 3.56177 3.56129 3.51254 3.35614 3.32129 3.14609 2.97077 2.89295 2.89295 2.89295 2.90403 3.19617 3.20527 3.23995 3.24074 3.24074 3.24074 3.23998 3.22613 3.19312 3.12856 3.09222 3.05572 3.01938 2.98280 2.97481 3.21821 3.46974
5.48166 5.48166 5.50490 5.57465 5.64577 5.71684 5.78220 5.79485 5.79485 5.80099 5.83572 5.87371 5.91452 6.00214 5.94716 5.77738 5.71647 5.59457 5.48204 5.36926 5.27008 5.20398 5.13951 5.06955 4.98046 4.88995 4.79905 4.72391 4.22891 4.17054 4.17054 4.12425 2.95140 2.73788 3.30749 3.30833 3.41602 3.36731 3.16981 2.97247 2.77497 2.62617 2.59875 2.70405 2.71039 2.68866 2.66696 2.64527 2.62357 2.60179 2.82325 2.86848 2.87462 2.86271 2.84102 2.81923 2.79821 2.79252 2.58264 2.36797 2.38816 2.45907 2.53242 2.60568 2.99699 3.31848 3.31848
5.73247 5.84168 5.92764 5.96719 6.00519 6.04232 6.06374 6.08007 6.09643 6.10661 6.09264 6.11353 6.14339 6.16200 6.01928 4.85581 4.70832 4.71757 4.72054 4.72796 4.73551 4.74295 4.75041 4.75786 4.76537 4.77285 4.78028 4.78777 4.45068 4.25573 4.26313 4.27065 3.40760 2.80461 2.89679 2.67637 2.28617 2.28351 2.28961 2.28961 2.28961 2.28961 2.28961 2.37583 2.44473 2.44473 2.44473 2.44473 2.44473 2.44473 2.61686 2.75490 2.77178 2.79252 2.79252 2.79252 2.79795 2.84719 2.80276 2.58303 2.61476 2.54612 2.47741 2.41319 2.47128 2.86971 2.79974
6.07853 6.05684 6.04073 6.02811 6.02550 6.06192 6.11760 6.17847 6.23937 6.30020 6.35675 6.37498 6.38421 6.34476 6.29010 5.19519 4.84043 4.84787 4.85238 4.85241 4.85241 4.85241 4.85241 4.85241 4.85241 4.85241 4.85241 4.85267 4.65441 4.30857 4.31010 4.31163 3.80860 2.83503 2.63122 2.44754 2.34850 2.18498 2.28961 2.28961 2.28961 2.28961 2.28961 2.33494 2.44473 2.44473 2.44473 2.44473 2.44473 2.44473 2.54573 2.75490 2.76109 2.81706 2.82562 2.83122 2.83147 2.78787 2.68462 2.23830 2.20097 2.19942 2.19942 2.22368 2.30625 2.86299 3.01712
6.22015 6.28110 6.33627 6.38786 6.42966 6.43341 6.43341 6.43773 6.46986 6.50581 6.54148 6.57655 6.61126 6.62407 6.36187 5.56914 4.85088 4.85241 4.85241 4.85241 4.85241 4.85241 4.85242 4.85336 4.85490 4.85642 4.85792 4.85922 4.80356 4.31342 4.31233 4.31233 4.10513 2.86674 2.74635 2.44754 2.44371 2.07296 2.28961 2.28961 2.28961 2.28961 2.28961 2.29718 2.44162 2.44473 2.43693 2.38952 2.33643 2.30272 2.33744 2.62294 2.62835 2.64230 2.64462 2.64462 2.64462 2.64462 2.65607 2.34022 2.37497 2.45764 2.53749 2.59149 2.58966 2.86304 3.08323
7.12543 7.15321 7.18041 7.20745 7.23409 7.26049 7.28651 7.30914 7.31237 7.31237 7.31237 7.31237 7.31237 7.31113 6.58383 5.92925 4.85577 4.85241 4.85275 4.85419 4.85572 4.85725 4.85877 4.85935 4.85935 4.85935 4.85935 4.85935 4.85935 4.40253 4.31233 4.31233 4.23883 3.06079 2.83080 2.47816 2.44754 2.04071 2.28425 2.28860 2.26385 2.22926 2.19463 2.15999 2.17254 2.13845 2.14459 2.19773 2.25641 2.29579 2.29688 2.55165 2.58657 2.60905 2.68291 2.75308 2.81646 2.87232 2.91391 2.64882 2.51064 2.49922 2.48903 2.47875 2.46856 2.55725 2.90133
7.31237 7.31237 7.31237 7.31237 7.31237 7.31237 7.31237 7.31237 7.31237 7.31237 7.31237 7.31237 7.31237 7.31276 6.83018 6.24817 5.04372 4.85808 4.85927 4.85935 4.85935 4.85935 4.85935 4.85935 4.85935 4.85935 4.85935 4.85935 4.85935 4.54744 4.31233 4.31233 4.31028 3.32062 2.77617 2.48690 2.30213 1.94367 1.99052 2.07038 2.06048 2.06154 2.10101 2.16157 2.25356 2.34432 2.38109 2.41049 2.43948 2.43768 2.41451 2.37185 2.30330 2.40971 2.80693 2.79671 2.79080 2.79079 2.79079 2.62686 2.41979 2.41979 2.41979 2.41979 2.41979 2.42183 2.82149
7.31237 7.31237 7.31237 7.31237 7.31237 7.31237 7.31237 7.31237 7.31237 7.31884 7.36010 7.40655 7.45300 7.49906 7.21541 6.54500 5.36677 4.85935 4.85935 4.85935 4.85935 4.85935 4.85935 4.85935 4.85557 4.82054 4.77680 4.71582 4.65039 4.40864 3.92542 3.84792 3.75144 3.27376 2.65464 2.56057 2.34071 2.19602 2.02217 2.37329 2.46141 2.54843 2.59702 2.62441 2.61845 2.58319 2.53180 2.48043 2.42942 2.40920 2.40920 2.32221 2.22047 2.23584 2.76347 2.79079 2.79079 2.79079 2.79079 2.71128 2.41979 2.41979 2.41979 2.42028 2.43011 2.44382 2.71347
7.31237 7.31237 7.31237 7.31237 7.31237 7.33227 7.37860 7.42502 7.47149 7.51150 7.51671 7.51671 7.51671 7.51493 7.37770 6.54015 5.65132 4.68630 4.64163 4.59955 4.54659 4.45737 4.36428 4.27120 4.18192 4.12398 4.07468 4.04255 4.01485 3.95229 3.34341 3.30622 3.29834 3.20810 2.99103 2.96707 2.61051 2.55436 2.05324 2.61702 2.57910 2.52773 2.47508 2.40913 2.35696 2.35655 2.33945 2.32153 2.30362 2.28574 2.26782 2.22249 2.07273 2.05777 2.43358 2.59823 2.58330 2.56837 2.55344 2.53943 2.74180 2.76222 2.78106 2.79970 2.80547 2.80603 2.80417
7.30464 7.35064 7.39707 7.43677 7.46655 7.47649 7.45990 7.44318 7.42651 7.40923 7.37505 7.33255 7.29014 7.24972 7.22573 6.23889 5.47942 4.16808 4.01977 3.96875 3.92862 3.92469 3.92469 3.92469 3.91654 3.89447 3.87213 3.85002 3.82767 3.80544 3.29923 3.13456 3.11241 3.03986 2.71947 2.65217 2.26481 2.05861 1.45991 1.91149 2.05780 2.03989 2.02330 2.01994 2.01994 2.03415 2.03978 2.03978 2.03978 2.03978 2.03978 2.05544 1.92272 1.91262 2.13587 2.48294 2.48294 2.48294 2.48294 2.48304 2.74557 2.80586 2.80642 2.80969 2.85592 2.91593 2.97566
7.18064 7.31406 7.27159 7.23600 7.21014 7.18445 7.15871 7.13586 7.13071 7.12944 7.14536 7.16942 7.19335 7.21714 7.23202 6.40147 5.70457 4.10768 3.65251 3.63033 3.60814 3.58575 3.56360 3.54130 3.52726 3.52706 3.52706 3.52706 3.52706 3.52706 3.20345 2.86796 2.84006 2.80446 2.40199 2.33526 2.09821 1.80454 1.42870 1.59330 2.01994 2.01994 2.01994 2.01994 2.01994 2.02898 2.03978 2.03978 2.03978 2.03978 2.03978 2.04620 1.96039 1.91262 1.97054 2.48060 2.48463 2.50967 2.54468 2.58143 2.87166 3.10151 3.16148 3.21848 3.23235 3.23235 3.21849
6.96998 7.18054 7.20326 7.22736 7.25132 7.27535 7.29932 7.32049 7.32395 7.32395 7.32395 7.32395 7.32395 7.32395 7.32395 6.77466 6.00669 4.44247 3.52706 3.52706 3.52706 3.52706 3.52706 3.52706 3.52706 3.52648 3.50733 3.47946 3.45154 3.42366 3.25169 2.77423 2.77423 2.77423 2.49490 2.33526 2.25561 1.80454 1.55437 1.31023 2.01302 2.01994 2.01994 2.01994 2.01994 2.02379 2.03978 2.03978 2.03978 2.04004 2.05685 2.08464 2.05347 1.98753 2.01101 2.56696 2.73979 2.75168 2.75168 2.75168 2.94755 3.22394 3.18302 3.13887 3.09471 3.05057 3.02070
