High_resolution/powerplant/Chizhou/OMI_NO2_201005.asc
ncols      200
nrows      200
xllcorner       115.585
yllcorner       28.7700
cellsize     0.0166667
NODATA_Value      -999.000
[rows 58 to 86 of 200, columns 0 to 65 of 200]
0.00000 0.00000 0.00000 0.00000 0.00000 0.00000 0.00000 0.00000 2.12116 3.35476 3.69834 3.72139 3.72139 3.72139 3.72139 3.72139 3.72139 3.72139 3.72139 3.72139 3.72139 3.72139 3.72139 3.72139 3.72139 3.72139 3.72139 3.72139 3.72139 3.72139 3.72139 3.72139 2.19679 1.44383 1.44383 1.44383 1.44383 1.45166 1.49229 1.53656 1.58084 1.62070 1.62752 1.62752 1.62752 1.62752 1.62752 1.62752 1.62752 1.62752 1.62752 1.62752 1.62752 1.62752 2.87749 3.53499 3.53499 3.53499 3.53499 3.53499 3.53499 3.53499 3.53499 3.53499 3.53499 3.53499
0.00000 0.00000 0.00000 0.00000 0.00000 0.00000 0.00000 0.00000 0.00000 3.72139 3.72139 3.72139 3.72139 3.72139 3.72139 3.72139 3.72139 3.72139 3.72139 3.72139 3.72139 3.72139 3.72139 3.72139 3.72139 3.72139 3.72139 3.72139 3.72139 3.72139 3.72139 3.72139 2.92196 1.45610 1.49894 1.54321 1.58746 1.62390 1.62752 1.62752 1.62752 1.62752 1.62752 1.62752 1.62752 1.62752 1.62752 1.62752 1.62752 1.62752 1.62752 1.62752 1.62752 1.62752 2.27911 3.53499 3.53499 3.53499 3.53499 3.53499 3.53499 3.53499 3.53499 3.53499 3.53499 3.53562
0.00000 0.00000 0.00000 0.00000 0.00000 0.00000 0.00000 0.00000 0.00000 3.72139 3.72139 3.72139 3.72139 3.72139 3.72139 3.72139 3.72139 3.72139 3.72139 3.72139 3.72139 3.72139 3.72139 3.72139 3.72139 3.72139 3.72139 3.72139 3.72139 3.54438 2.97305 2.38513 1.77920 1.61948 1.62752 1.62752 1.62752 1.62752 1.62752 1.62752 1.62752 1.62752 1.62752 1.62752 1.62752 1.62752 1.62752 1.62752 1.62752 1.62752 1.62752 1.62752 1.62752 1.62752 1.73109 3.48444 3.53499 3.53499 3.53499 3.53499 3.53499 3.53635 3.53999 3.54368 3.54735 3.55041
0.00000 0.00000 0.00000 0.00000 0.00000 0.00000 0.00000 0.00000 0.00000 3.72139 3.72139 3.72139 3.72139 3.72139 3.72139 3.72139 3.72139 3.72139 3.72139 3.72139 3.72139 3.72139 3.72139 3.72139 3.72139 3.53684 2.96127 2.37509 1.78868 1.37857 1.36443 1.36443 1.36443 1.55246 1.62752 1.62752 1.62752 1.62752 1.62752 1.62752 1.62752 1.62752 1.62752 1.62752 1.62752 1.62752 1.62752 1.62752 1.62752 1.62752 1.62752 1.62752 1.62752 1.62752 1.62752 2.98965 3.53503 3.53733 3.54101 3.54469 3.54837 3.55069 3.55073 3.55073 3.55073 3.55073
0.00000 0.00000 0.00000 0.00000 0.00000 0.00000 0.00000 0.00000 0.00000 0.00000 3.72139 3.72139 3.72139 3.72139 3.72139 3.72139 3.72139 3.72139 3.72139 3.72139 3.72139 3.52812 2.94948 2.36520 1.77690 1.37622 1.36443 1.36443 1.36443 1.36443 1.36443 1.36443 1.36443 1.46885 1.62752 1.62752 1.62752 1.62752 1.62752 1.62752 1.62752 1.62752 1.62752 1.62752 1.62752 1.62752 1.62752 1.62752 1.62752 1.62752 1.62752 1.62752 1.62271 1.55028 1.45605 2.23453 3.54935 3.55073 3.55073 3.55073 3.55073 3.55073 3.55073 3.55073 3.55073 3.55073
0.00000 0.00000 0.00000 0.00000 0.00000 0.00000 0.00000 0.00000 0.00000 0.00000 3.72139 3.72139 3.72139 3.72139 3.72139 3.72139 3.72139 3.51845 2.93864 2.35435 1.76511 1.37480 1.36443 1.36443 1.36443 1.36443 1.36443 1.36443 1.36443 1.36443 1.36443 1.36443 1.36443 1.38787 1.62486 1.62752 1.62752 1.62752 1.62752 1.62752 1.62752 1.62752 1.62752 1.62752 1.62752 1.62752 1.62752 1.62752 1.61740 1.53669 1.44256 1.34832 1.25886 1.23703 1.23703 1.45653 3.53268 3.55073 3.55073 3.55073 3.55073 3.55073 3.55073 3.55073 3.55073 3.55073
0.00000 0.00000 0.00000 0.00000 0.00000 0.00000 0.00000 0.00000 0.00000 0.00000 3.72139 3.72139 3.72139 3.50855 2.92851 2.34257 1.75498 1.37292 1.36443 1.36443 1.36443 1.36443 1.36443 1.36443 1.36443 1.36443 1.36443 1.36443 1.36443 1.36443 1.36443 1.36443 1.36443 1.36443 1.56465 1.62752 1.62752 1.62752 1.62752 1.62752 1.62752 1.62752 1.62752 1.62752 1.61010 1.52322 1.42895 1.33473 1.25058 1.23703 1.23703 1.23703 1.23703 1.23703 1.23703 1.23703 3.02712 3.55073 3.55073 3.55073 3.55073 3.55073 3.55073 3.55073 3.55073 3.55073
0.00000 0.00000 0.00000 0.00000 0.00000 0.00000 0.00000 0.00000 0.00000 3.40138 3.40138 2.63438 1.74485 1.37103 1.36443 1.36443 1.36443 1.36443 1.36443 1.36443 1.36443 1.36443 1.36443 1.36443 1.36443 1.36443 1.36443 1.36443 1.36443 1.36443 1.36443 1.36443 1.36443 1.36443 1.48103 1.62752 1.62752 1.62752 1.62752 1.62752 1.60092 1.50967 1.41537 1.32114 1.24425 1.23703 1.23703 1.23703 1.23703 1.23703 1.23703 1.23703 1.23703 1.23703 1.23703 1.23703 2.30251 3.55073 3.55073 3.55073 3.55073 3.55073 3.55073 3.55073 3.55073 3.55073
0.00000 0.00000 0.00000 0.00000 0.00000 3.40138 3.40138 3.40138 3.40138 3.40138 3.40138 2.74371 1.36443 1.36443 1.36443 1.36443 1.36443 1.36443 1.36443 1.36443 1.36443 1.36443 1.36443 1.36443 1.36443 1.36443 1.36443 1.36443 1.36443 1.36443 1.36443 1.36443 1.36443 1.36443 1.39787 1.62704 1.58980 1.49604 1.40174 1.30755 1.23992 1.23703 1.23703 1.23703 1.23703 1.23703 1.23703 1.23703 1.23703 1.23703 1.23703 1.23703 1.23703 1.23703 1.23703 1.23703 1.57800 3.55050 3.55073 3.55073 3.55073 3.55073 3.55073 3.55073 3.55073 3.55073
0.00000 3.40138 3.40138 3.40138 3.40138 3.40138 3.40138 3.40138 3.40138 3.40138 3.40138 3.31807 1.44468 1.36443 1.36443 1.36443 1.36443 1.36443 1.36443 1.36443 1.36443 1.36443 1.36443 1.36443 1.36443 1.36443 1.36443 1.36443 1.36443 1.36443 1.36443 1.36443 1.37500 1.39862 1.42218 1.32758 1.23750 1.23703 1.23703 1.23703 1.23703 1.23703 1.23703 1.23703 1.23703 1.23703 1.23703 1.23703 1.23703 1.23703 1.23703 1.23703 1.23703 1.23703 1.23703 1.23703 1.23703 3.16669 3.55073 3.55073 3.55073 3.55073 3.55073 3.55073 3.46923 3.30203
3.40138 3.40138 3.40138 3.40138 3.40138 3.40138 3.40138 3.40138 3.40138 3.40138 3.40138 3.40138 2.01564 1.36443 1.36443 1.36443 1.36443 1.36443 1.36443 1.36443 1.36443 1.36443 1.36443 1.36443 1.36443 1.36443 1.36443 1.36443 1.37556 1.39909 1.42274 1.44633 1.45936 1.45939 1.45939 1.34973 1.23703 1.23703 1.23703 1.23703 1.23703 1.23703 1.23703 1.23703 1.23703 1.23703 1.23703 1.23703 1.23703 1.23703 1.23703 1.23703 1.23703 1.23703 1.23703 1.23703 1.23703 2.44200 3.55073 3.54530 3.42424 3.25689 3.08961 2.92234 2.83649 2.83649
3.40138 3.40138 3.40138 3.40138 3.40138 3.40138 3.40138 3.40138 3.40138 3.40138 3.40138 3.40138 2.66937 1.36443 1.36443 1.36443 1.36443 1.36443 1.36443 1.36443 1.36443 1.36443 1.36443 1.36443 1.37606 1.39962 1.42331 1.44683 1.45938 1.45939 1.45939 1.45939 1.45939 1.45939 1.45939 1.41986 1.23703 1.23703 1.23703 1.23703 1.23703 1.23703 1.23703 1.23703 1.23703 1.23703 1.23703 1.23703 1.23703 1.23703 1.23703 1.23703 1.23703 1.23703 1.23703 1.24570 1.31517 1.79340 3.04462 2.88270 2.83649 2.83649 2.83649 2.83649 2.83649 2.83649
3.40138 3.40138 3.40138 3.40138 3.40138 3.40138 3.40138 3.40138 3.40138 3.40138 3.40138 3.40138 3.27651 1.41189 1.36443 1.36443 1.36443 1.36443 1.36443 1.36443 1.37654 1.40020 1.42378 1.44740 1.45939 1.45939 1.45939 1.45939 1.45939 1.45939 1.45939 1.45939 1.45939 1.45939 1.45939 1.45923 1.26765 1.23703 1.23703 1.23703 1.23703 1.23703 1.23703 1.23703 1.23703 1.23703 1.23703 1.23703 1.23703 1.23703 1.23703 1.25222 1.32746 1.40877 1.49008 1.56279 1.57457 1.57987 2.69868 2.83649 2.83649 2.83649 2.83649 2.83649 2.83649 2.83649
3.40138 3.40138 3.40138 3.40138 3.40138 3.40138 3.40138 3.40138 3.40138 3.40138 3.40138 3.40138 3.40138 1.94130 1.36443 1.36445 1.37709 1.40075 1.42427 1.44797 1.45939 1.45939 1.45939 1.45939 1.45939 1.45939 1.45939 1.45939 1.45939 1.45939 1.45939 1.45939 1.45939 1.45939 1.45939 1.45939 1.33763 1.23703 1.23703 1.23703 1.23703 1.23703 1.23703 1.23703 1.23703 1.23703 1.23703 1.26066 1.33964 1.42102 1.50233 1.56842 1.57457 1.57457 1.57457 1.57457 1.57457 1.57457 2.30990 2.83649 2.83649 2.83649 2.83649 2.83649 2.83649 2.83649
3.40138 3.40138 3.40138 3.40138 3.40138 3.40138 3.40138 3.40138 3.40138 3.40138 3.40138 3.40138 3.33288 2.48179 1.42485 1.44845 1.45939 1.45939 1.45939 1.45939 1.45939 1.45939 1.45939 1.45939 1.45939 1.45939 1.45939 1.45939 1.45939 1.45939 1.45939 1.45939 1.45939 1.45939 1.45939 1.45939 1.40768 1.23703 1.23703 1.23703 1.23703 1.23703 1.23703 1.27088 1.35193 1.43321 1.51452 1.57227 1.57457 1.57457 1.57457 1.57457 1.57457 1.57457 1.57457 1.57457 1.57457 1.57457 1.91600 2.83649 2.83649 2.83649 2.83649 2.83649 2.83649 2.83649
3.40138 3.40138 3.40138 3.40138 3.40138 3.40138 3.40138 3.40138 3.34493 3.21118 3.07701 2.94288 2.87727 2.75417 1.47498 1.45939 1.45939 1.45939 1.45939 1.45939 1.45939 1.45939 1.45939 1.45939 1.45939 1.45939 1.45939 1.45939 1.45939 1.45939 1.45939 1.45939 1.45939 1.45939 1.45939 1.45939 1.45743 1.25740 1.23716 1.28283 1.36411 1.44546 1.52680 1.57423 1.57457 1.57457 1.57457 1.57457 1.57457 1.57457 1.57457 1.57457 1.57457 1.57457 1.57457 1.57457 1.57457 1.57457 1.60094 2.75724 2.83649 2.83649 2.83649 2.83649 2.83649 2.83649
3.40138 3.40138 3.40138 3.40138 3.35573 3.22365 3.08953 2.95541 2.87769 2.87727 2.87727 2.87727 2.87727 2.87727 1.80492 1.45939 1.45939 1.45939 1.45939 1.45939 1.45939 1.45939 1.45939 1.45939 1.45939 1.45939 1.45939 1.45939 1.45939 1.45939 1.45939 1.45939 1.45939 1.45939 1.46042 1.53703 1.65968 1.58782 1.53889 1.57457 1.57457 1.57457 1.57457 1.57457 1.57457 1.57457 1.57457 1.57457 1.57457 1.57457 1.57457 1.57457 1.57457 1.57457 1.57457 1.57457 1.57457 1.57457 1.57457 2.38926 2.83649 2.83649 2.83649 2.83649 2.83649 2.83649
3.36548 3.23618 3.10201 2.96789 2.87936 2.87727 2.87727 2.87727 2.87727 2.87727 2.87727 2.87727 2.87727 2.87727 2.25858 1.45939 1.45939 1.45939 1.45939 1.45939 1.45939 1.45939 1.45939 1.45939 1.45939 1.45939 1.45939 1.45939 1.45939 1.45939 1.46097 1.54019 1.66274 1.78500 1.90681 1.95236 1.95236 1.84457 1.57457 1.57457 1.57457 1.57457 1.57457 1.57457 1.57457 1.57457 1.57457 1.57457 1.57457 1.57457 1.57457 1.57457 1.57457 1.57457 1.57457 1.57457 1.57457 1.57457 1.57457 1.99571 2.83649 2.83649 2.85619 3.04183 3.26516 3.48848
2.88204 2.87727 2.87727 2.87727 2.87727 2.87727 2.87727 2.87727 2.87727 2.87727 2.87727 2.87727 2.87727 2.87727 2.70794 1.46364 1.45939 1.45939 1.45939 1.45939 1.45939 1.45939 1.45939 1.45939 1.45939 1.45939 1.46136 1.54319 1.66555 1.78835 1.90888 1.95236 1.95236 1.95236 1.95236 1.95236 1.95236 1.94269 1.59606 1.57457 1.57457 1.57457 1.57457 1.57457 1.57457 1.57457 1.57457 1.57457 1.57457 1.57457 1.57457 1.57457 1.57457 1.57457 1.57457 1.57457 1.57457 1.57457 1.64678 2.03271 3.30542 3.55170 3.75542 4.63038 5.88818 6.74541
2.87727 2.87727 2.87727 2.87727 2.87727 2.87727 2.87727 2.87727 2.87727 2.87727 2.87727 2.87727 2.87727 2.87727 2.87727 1.74753 1.45939 1.45939 1.45939 1.45939 1.45939 1.45939 1.46210 1.54605 1.66885 1.79091 1.91169 1.95236 1.95236 1.95236 1.95236 1.95236 1.95236 1.95236 1.95236 1.95236 1.95236 1.95236 1.70597 1.57457 1.57457 1.57457 1.57457 1.57457 1.57457 1.57457 1.57457 1.57457 1.57457 1.57457 1.57457 1.57457 1.57457 1.57457 1.68253 2.01868 2.36224 2.70579 2.97770 3.61031 5.50509 6.59658 7.25710 7.53230 7.53230 7.53230
2.87727 2.87727 2.87727 2.87727 2.87727 2.87727 2.87727 2.87727 2.87727 2.87727 2.87727 2.87727 2.87727 2.87727 2.87727 2.20101 1.45939 1.45939 1.46264 1.54936 1.67139 1.79421 1.91391 1.95236 1.95236 1.95236 1.95236 1.95236 1.95236 1.95236 1.95236 1.95236 1.95236 1.95236 1.95236 1.95236 1.95236 1.95236 1.82551 1.57457 1.57457 1.57457 1.57457 1.57457 1.57457 1.57457 1.57457 1.57457 1.57457 1.57457 1.72526 2.06839 2.41181 2.75550 2.99152 3.04798 3.31836 3.52565 5.51200 7.12203 7.29479 7.53230 7.53230 7.53230 7.53230 7.53230
2.87727 2.87727 2.87727 2.87727 2.87727 2.87727 2.87727 2.87727 2.87727 2.87727 2.87727 2.87727 2.87727 2.87727 2.88233 2.79662 1.67477 1.79707 1.91632 1.95236 1.95236 1.95236 1.95236 1.95236 1.95236 1.95236 1.95236 1.95236 1.95236 1.95236 1.95236 1.95236 1.95236 1.95236 1.95236 1.95236 1.95236 1.95236 1.93355 1.58609 1.57457 1.57457 1.57457 1.57457 1.57457 1.57571 1.77426 2.11796 2.46137 2.80507 2.99836 3.00684 3.23710 3.47107 3.63187 3.73624 3.74909 3.74909 4.68198 7.13531 7.17400 7.52979 7.53230 7.53230 7.53230 7.53230
2.87727 2.87727 2.87727 2.87727 2.87727 2.87727 2.87727 2.87727 2.87727 2.87727 2.87893 3.00541 3.20770 3.41016 3.60771 3.66874 2.23115 1.95236 1.95236 1.95236 1.95236 1.95236 1.95236 1.95236 1.95236 1.95236 1.95236 1.95236 1.95236 1.95236 1.95236 1.95236 1.95236 1.95236 1.95236 1.95236 1.95236 1.95236 1.95236 1.68684 1.57457 1.58311 1.82383 2.16753 2.51094 2.85364 2.99893 2.99893 3.14578 3.41017 3.58881 3.71502 3.74909 3.74909 3.74909 3.74909 3.74909 3.74909 3.81242 6.89015 7.13531 7.44483 7.53230 7.53230 7.53230 7.53230
2.87727 2.87727 2.87727 2.87727 2.87727 2.87727 2.87742 2.98657 3.18926 3.39164 3.59244 3.66874 3.66874 3.66874 3.66874 3.66874 2.77998 1.95236 1.95236 1.95236 1.95236 1.95236 1.95236 1.95236 1.95236 1.95236 1.95236 1.95236 1.95236 1.95236 1.95236 1.95236 1.95236 1.95236 1.95236 1.95236 1.95236 1.94092 1.75962 1.76719 2.56051 2.89580 2.99893 2.99893 3.06723 3.34142 3.54132 3.68244 3.74853 3.74909 3.74909 3.74909 3.74909 3.74909 3.74909 3.74909 3.74909 3.74909 3.74909 5.83839 7.13531 7.32195 7.53230 7.53230 7.53230 7.53230
2.87727 2.87727 2.87727 2.96836 3.17051 3.37328 3.57558 3.66874 3.66874 3.66874 3.66874 3.66874 3.66874 3.66874 3.66874 3.66874 3.32917 1.95236 1.95236 1.95236 1.95236 1.95236 1.95236 1.95236 1.95236 1.95236 1.95236 1.95236 1.95236 1.95236 1.95236 1.95236 1.95236 1.93863 1.75307 1.51632 1.28033 1.05482 0.999257 1.16703 2.99364 3.26350 3.48866 3.64432 3.74064 3.74909 3.74909 3.74909 3.74909 3.74909 3.74909 3.74909 3.74909 3.74909 3.74909 3.74909 3.74909 3.74909 3.74909 4.72365 7.13531 7.19807 7.53230 7.53230 7.53230 7.52264
3.15214 3.35460 3.55714 3.66850 3.66874 3.66874 3.66874 3.66874 3.66874 3.66874 3.66874 3.66874 3.66874 3.66874 3.66874 3.66874 3.66496 2.16523 1.95236 1.95236 1.95236 1.95236 1.95236 1.95236 1.95236 1.95236 1.95236 1.95236 1.95236 1.93606 1.74668 1.50974 1.27327 1.05072 0.999257 0.999257 0.999257 1.40848 2.00425 2.40746 3.47315 3.74909 3.74909 3.74909 3.74909 3.74909 3.74909 3.74909 3.74909 3.74909 3.74909 3.74909 3.74909 3.74909 3.74909 3.74909 3.74909 3.74909 3.74909 3.82833 6.91757 7.09717 7.37632 7.38880 7.32747 7.28348
3.66874 3.66874 3.66874 3.66874 3.66874 3.66874 3.66874 3.66874 3.66874 3.66874 3.66874 3.66874 3.66874 3.66874 3.66874 3.66874 3.66874 2.71039 1.95236 1.95236 1.95236 1.95236 1.95236 1.95236 1.95236 1.93330 1.74020 1.50326 1.26632 1.04653 0.999257 0.999257 0.999257 1.20917 1.84995 2.30021 2.61956 2.74926 2.74926 2.74926 3.19429 3.74909 3.74909 3.74909 3.74909 3.74909 3.74909 3.74909 3.74909 3.74909 3.74909 3.74909 3.74909 3.74909 3.74909 3.74909 3.74909 3.69554 3.57841 3.46118 5.47649 6.65107 7.15019 7.75779 8.07910 8.39271
3.66874 3.66874 3.66874 3.66874 3.66874 3.66874 3.66874 3.66874 3.66874 3.66874 3.66874 3.66874 3.66874 3.66874 3.66874 3.66874 3.66874 3.25951 1.95236 1.95236 1.95236 1.93091 1.73315 1.49678 1.25984 1.04215 0.999257 0.999257 0.999257 0.999257 0.999257 0.999257 1.64375 2.73763 2.74926 2.74926 2.74926 2.74926 2.74926 2.74926 2.88164 3.74809 3.74909 3.74909 3.74909 3.74909 3.74909 3.74909 3.74909 3.74909 3.74909 3.74909 3.74851 3.67817 3.56099 3.44371 3.32648 3.26276 3.23482 3.13910 4.33422 7.71508 8.01130 8.49061 8.49061 8.49061
3.66874 3.66874 3.66874 3.66874 3.66874 3.66874 3.66874 3.66874 3.66874 3.66874 3.66874 3.66874 3.66874 3.66874 3.66874 3.66874 3.66874 3.62412 1.87630 1.49010 1.25345 1.03795 0.999257 0.999257 0.999257 0.999257 0.999257 0.999257 0.999257 0.999257 0.999257 0.999257 1.07125 2.68645 2.74926 2.74926 2.74926 2.74926 2.74926 2.74926 2.74926 3.56672 3.74909 3.74909 3.74909 3.74909 3.74909 3.74909 3.74530 3.66081 3.54353 3.42630 3.30965 3.26266 3.25288 3.16939 3.07053 2.97178 2.90081 2.89774 3.03799 7.58704 7.87495 8.43438 8.49061 8.49061
