High_resolution/powerplant/Chizhou/OMI_NO2_200912.asc
ncols      200
nrows      200
xllcorner       115.585
yllcorner       28.7700
cellsize     0.0166667
NODATA_Value      -999.000
[rows 29 to 57 of 164, columns 67 to 133 of 200]
           ?*            3*                    :*                  :*              ;*               ;*                  ;*                  ;*             =*                        =*                  3*                    2*                 <*     *      2    *      $       *         8    *        :    *      3     *    
              8*               2*            ;*                >*                   9*              :*                    :*            ?*               8*               3*            2*            3*                    :*                   :*               ;*               ;*                  3*                 =*              =*                 =*                  8*                    <*         
  8*                     ?*                ?*               2*                 3*                  3*                  3*                     3*              3*                  3*                   =*                =*               >*               =*             3*              3*     *        :     *    =     *        <      *     
15.3146 15.3146 15.3146 15.3146 15.3146 15.3146 15.3146 15.3146 15.3146 15.3146 15.3146 15.3146 15.3146 14.7404 13.3256 13.1480 13.2186 14.4828 14.6656 14.6679 14.6180 14.1542 13.5987 13.0433 12.4879 11.9816 11.8908 11.9502 12.5727 13.3336 14.0941 14.8491 15.1381 15.1381 17.0671 15.6842 15.6842 15.6842 15.6842 15.6842 15.6842 15.6842 15.6842 15.6842 15.6842 15.6842 15.6842 15.6842 15.6842 15.6842 15.6842 13.3148 11.3886 11.4291 11.5869 12.2400 12.2805 12.2998 12.2998 12.4754 13.5512 14.6154 15.5804 16.4157 17.1326 17.3961 17.4185
15.3146 15.3146 15.3146 15.3146 15.3146 15.3146 15.3146 15.3146 15.2957 15.1438 14.9661 14.7886 14.6109 14.4092 12.7479 12.6259 12.1616 13.0577 13.0433 12.4879 11.9824 11.8908 11.8908 12.0583 12.7767 13.5372 14.2981 14.9995 15.1381 15.1381 15.1381 15.1381 15.1381 15.1381 16.7981 15.8718 15.6842 15.6842 15.6842 15.6842 15.6842 15.6842 15.6842 15.6842 15.6842 15.6842 15.6863 15.6988 15.7128 15.7271 15.7414 14.5845 11.6419 11.5698 12.0446 13.8046 14.8908 15.7966 16.6001 17.2246 17.3654 17.4162 17.4185 17.4185 17.4185 17.4185 17.4185
15.3016 15.3146 15.3146 15.3065 15.1718 14.9947 14.8170 14.6393 14.4808 14.4550 14.4429 14.0443 13.4634 12.8805 11.0964 9.96692 9.85067 10.7494 11.8845 12.2214 12.9803 13.7411 14.5023 15.0953 15.1381 15.1381 15.1381 15.1381 15.1381 15.1381 15.1381 15.1381 15.1381 15.1381 15.6922 16.8972 15.6842 15.6842 15.6842 15.6842 15.6842 15.6872 15.7007 15.7150 15.7293 15.7436 15.7565 15.7581 15.7568 15.3166 14.5197 13.7182 15.5510 15.7018 15.7902 16.4657 17.4008 17.4185 17.4185 17.4185 17.4185 17.4185 17.4185 17.4185 17.4185 17.4185 17.4185
14.9617 14.8453 14.6678 14.4981 14.4550 14.4544 14.1398 13.5577 12.9756 12.3941 11.8242 11.6404 11.6404 11.6404 11.0162 10.3836 11.1438 12.3233 14.5767 15.1365 15.1381 15.1381 15.1381 15.1381 15.1381 15.1381 15.1381 15.1381 15.1381 15.1381 15.1381 15.1381 15.1381 15.1381 15.1381 17.3718 15.6888 15.7029 15.7169 15.7312 15.7452 15.7572 15.7581 15.7413 15.1963 14.3995 13.6034 12.8035 11.7815 11.0617 10.6982 10.3353 14.6253 15.0130 15.0130 15.5865 17.4185 17.4185 17.4185 17.4185 17.4185 17.4185 17.4185 17.4185 17.4185 17.4185 17.4185
14.5400 14.2301 13.6523 13.0708 12.4887 11.9072 11.6404 11.6404 11.6404 11.6404 11.5926 10.9438 10.1145 9.28356 8.78131 12.9950 13.0980 13.1438 14.7784 15.1381 15.1381 15.1381 15.1381 15.1381 15.1381 15.1381 15.1381 15.1381 15.1381 15.1381 15.1381 15.1111 15.0291 14.9456 14.8621 16.8585 15.8389 15.7581 15.7076 15.0765 14.2796 13.4832 12.6867 11.8554 11.2804 10.9171 10.5535 10.1933 10.0558 10.0558 10.0558 10.0558 13.1603 15.0224 15.0130 15.0409 17.2247 17.4185 17.4185 17.4185 17.4185 17.4185 17.4185 17.4185 17.4185 17.4185 17.4185
13.0714 11.6446 11.6404 11.6404 11.6404 11.6404 11.5452 10.8283 9.99772 9.16883 8.38631 8.20527 8.20527 8.20527 8.20527 11.7628 13.0980 13.0980 14.2199 15.1381 15.1381 15.1381 15.1381 15.1381 15.1381 15.1381 15.1124 15.0305 14.9465 14.8629 14.7794 14.7223 14.7205 14.6664 14.1850 14.5636 14.2491 12.5665 11.8201 11.4982 11.1359 10.7724 10.4090 10.0962 10.0558 10.0558 10.0558 10.0558 10.0558 10.0558 10.0558 10.0558 11.5927 15.1466 15.0130 15.0130 16.5137 17.4185 17.4185 17.4185 17.4185 17.4185 17.4185 17.4185 17.4185 17.4360 17.5081
14.0515 11.7325 11.4820 10.7122 9.88299 9.05272 8.31795 8.20527 8.20527 8.20527 8.20527 8.20527 8.20527 8.20527 8.20527 10.2219 13.0980 13.0980 13.6854 15.0692 15.1381 15.1131 15.0316 14.9481 14.8638 14.7802 14.7224 14.7205 14.6690 14.1907 13.6179 13.0428 12.4667 11.9480 11.8374 11.5080 12.5169 10.6279 10.2643 10.0567 10.0558 10.0558 10.0558 10.0558 10.0558 10.0558 10.0558 10.0558 10.0558 10.0558 10.0558 10.0558 10.2242 15.0712 15.0130 15.0130 15.7745 17.4185 17.4185 17.4185 17.4557 17.5317 17.6078 17.6840 17.7600 17.8186 17.8226
12.4747 9.23443 8.26573 8.20527 8.20527 8.20527 8.20527 8.20527 8.20527 8.20527 8.20527 8.20527 8.20527 8.20527 8.20527 8.70771 13.0761 13.1318 13.3163 14.7832 14.7811 14.7226 14.7205 14.6713 14.1964 13.6237 13.0509 12.4755 11.9512 11.8566 11.7794 11.3054 10.7756 10.2449 9.73435 9.59262 11.3225 10.0750 10.0558 10.0558 10.0558 10.0558 10.0558 10.0558 10.0558 10.0558 10.0558 10.0558 10.0558 10.0558 10.0558 10.0558 10.0558 13.7972 15.0164 15.0738 15.2539 17.5500 17.7076 17.7837 17.8226 17.8226 17.8056 17.6611 17.5157 17.4175 17.3205
10.3727 8.92899 8.20527 8.20527 8.20527 8.20527 8.20527 8.20527 8.20527 8.20527 8.20527 8.20894 8.23435 8.26329 8.29222 8.32119 12.1697 13.2380 13.2147 13.9614 13.6294 13.0566 12.4838 11.9572 11.8566 11.8566 11.6825 11.1618 10.6318 10.1016 9.64877 9.59262 9.59262 9.59262 9.59262 9.59262 10.6669 10.6553 10.0558 10.0558 10.0558 10.0558 10.0558 10.0558 10.0558 10.0558 10.0558 10.0558 10.0558 10.0932 10.3864 10.7282 11.0699 13.6447 15.6234 15.4171 15.4171 17.0544 17.6051 17.4396 17.3274 17.2303 17.1502 17.1975 17.2455 17.2466 17.2466
10.3727 9.49581 8.24369 8.20527 8.20527 8.20527 8.20697 8.22963 8.25856 8.28754 8.31644 8.34173 8.34527 8.33722 8.10983 7.78400 9.74155 12.0257 11.7235 11.7591 11.8568 11.8548 11.5485 11.0183 10.4883 9.95803 9.60213 9.59262 9.59262 9.59262 9.59262 9.59262 9.59262 9.59262 9.59262 9.59262 9.84764 11.4013 10.0558 10.0558 10.0558 10.0558 10.0558 10.0558 10.1207 10.4368 10.7787 11.1200 11.4616 11.7660 11.8142 11.8144 12.0440 13.0793 15.7412 14.8549 14.8326 15.7486 17.1636 17.2320 17.2466 17.2466 17.2466 17.2466 17.2466 17.2466 17.2466
10.3727 10.0260 8.42047 8.25387 8.28280 8.31174 8.33900 8.34527 8.34464 8.15991 7.83471 7.50889 7.18330 6.86591 6.76779 6.76779 7.51051 11.6277 11.2089 10.7201 10.3439 9.81608 9.59262 9.59262 9.59262 9.59262 9.59262 9.59262 9.59262 9.59262 9.59262 9.59262 9.59262 9.59262 9.59262 9.59262 9.59262 11.5820 10.0558 10.1553 10.4871 10.8289 11.1704 11.5121 11.7890 11.8142 11.8208 12.1062 12.5361 12.9664 13.4003 13.9366 14.2880 14.4389 15.9779 15.1710 15.1731 15.3711 17.2328 17.2466 17.2466 17.2466 17.2466 17.2466 17.2466 17.2466 17.2466
10.0002 9.88973 8.56531 8.34527 8.20929 7.88496 7.55921 7.23378 6.90882 6.76779 6.76779 6.76779 6.76779 6.74336 6.57986 6.39431 6.20892 8.94897 9.39653 9.39814 9.57297 9.59262 9.59262 9.59262 9.59262 9.59262 9.59262 9.59262 9.59262 9.59262 9.59262 9.59262 9.59262 9.59262 9.60936 9.66221 9.71595 11.2232 11.9588 11.8045 11.8142 11.8365 12.1681 12.5983 13.0283 13.4583 13.9119 14.1980 14.3490 14.4998 14.6466 14.6906 14.6906 14.6906 15.8838 15.2282 15.1731 15.1731 16.7965 17.2466 17.2466 17.2466 17.2466 17.2466 17.2466 17.2466 17.2466
8.82431 8.10230 7.44071 6.96026 6.76889 6.76779 6.76779 6.76779 6.76779 6.72761 6.55328 6.36781 6.18249 6.02138 5.99948 5.99948 5.99948 7.78043 9.39653 9.39653 9.51608 9.59261 9.59262 9.59262 9.59262 9.59262 9.59262 9.59262 9.59262 9.60874 9.66114 9.71522 9.76915 9.82289 9.86008 9.86131 9.87625 10.6236 13.4614 13.0902 13.5202 13.9275 14.1080 14.2589 14.4100 14.5607 14.6808 14.6906 14.6906 14.6906 14.6906 14.6906 14.6906 14.6906 15.2788 15.6940 15.1731 15.1731 16.1624 17.2466 17.2466 17.2466 17.2466 17.2466 17.2466 17.2466 17.2466
6.73429 6.73429 6.78190 6.80247 6.76779 6.70832 6.52662 6.34107 6.15568 6.01031 5.99948 5.99948 5.99948 5.99948 5.99948 5.99948 5.99948 6.71602 9.39653 9.39653 9.45871 9.59177 9.59262 9.59262 9.60804 9.66060 9.71434 9.76807 9.82230 9.85997 9.86131 9.87625 10.0148 10.1808 10.3467 10.5127 10.6637 10.7235 14.8732 14.3199 14.4707 14.6216 14.6906 14.6906 14.6906 14.6906 14.6906 14.6906 14.6906 14.6906 14.6906 14.6906 14.6906 14.6906 14.7334 16.0996 15.1731 15.1731 15.5283 17.2466 17.2466 17.2466 17.2466 17.2606 17.2944 17.3282 17.3621
6.73429 6.65154 6.47044 6.38207 6.12917 6.00317 5.99948 5.99948 5.99948 5.99948 5.99948 5.99948 5.99948 5.99948 5.99948 5.99948 5.99948 6.01510 9.03239 9.40801 9.46490 9.69977 9.76754 9.82128 9.85970 9.86131 9.87625 10.0148 10.1808 10.3467 10.5127 10.6637 10.6911 10.7207 10.8441 10.9745 11.1048 11.2243 14.1195 14.9880 14.6906 14.6906 14.6906 14.6906 14.6906 14.6906 14.6906 14.6906 14.6906 14.6906 14.6906 14.6906 14.6906 14.6906 14.6906 16.0030 15.1731 15.1739 15.1983 17.0245 17.3386 17.3725 17.4064 17.4263 17.4264 17.4391 17.5912
6.06885 5.96621 5.96598 6.06157 5.99948 5.99948 5.99948 5.99948 5.99948 5.99948 5.99948 5.99948 5.99948 5.99948 6.00625 6.05033 6.10017 6.14992 8.18435 9.63510 9.63766 9.79876 10.0148 10.1808 10.3467 10.5127 10.6637 10.6911 10.6911 10.7487 10.8787 11.0092 11.1395 11.2403 11.2472 11.2472 11.2472 11.2472 12.6329 15.5381 14.6906 14.6906 14.6906 14.6906 14.6906 14.6906 14.6906 14.6906 14.6906 14.6906 14.6906 14.6906 14.6746 14.5218 14.3375 15.0561 15.4353 15.3424 15.3529 16.5130 17.4715 17.6523 17.8518 18.1244 18.4113 18.6855 18.8207
5.96598 5.96598 5.96598 6.03228 6.01953 5.99948 5.99948 5.99948 5.99948 6.00276 6.04250 6.09229 6.14208 6.19190 6.23489 6.24060 6.25330 6.53069 8.00918 11.6613 12.6492 12.0437 10.6881 10.6911 10.6939 10.7832 10.9136 11.0439 11.1742 11.2470 11.2472 11.2472 11.2472 11.2472 11.2472 11.2472 11.2472 11.2472 11.4862 15.7485 14.6906 14.6906 14.6906 14.6906 14.6906 14.6906 14.6906 14.6602 14.4928 14.3086 14.1245 13.9404 13.7722 13.7410 13.7410 14.0881 15.9611 15.8299 16.1929 17.2125 18.6705 18.7767 18.8640 18.8789 18.8789 18.8789 18.8789
5.96598 5.96598 5.96598 5.98073 6.06236 6.03466 6.08443 6.13424 6.18406 6.23053 6.24060 6.24286 6.46856 6.88883 7.38010 7.96141 8.63220 8.84259 8.94807 13.6156 13.9600 13.4810 10.9363 11.0786 11.2057 11.2472 11.2472 11.2472 11.2472 11.2472 11.2472 11.2472 11.2472 11.2472 11.2472 11.2472 11.2472 11.2472 11.2472 14.8994 14.8427 14.6906 14.6412 14.4638 14.2795 14.0955 13.9113 13.7576 13.7410 13.7433 13.9017 14.1537 14.4061 14.6816 15.2418 15.7655 17.6176 17.8727 18.0923 18.1059 18.8249 18.8789 18.8789 18.8789 18.8789 18.8789 18.8789
5.92937 5.84083 5.75192 5.66306 5.84667 6.24060 6.24060 6.40820 6.81861 7.29718 7.86241 8.53551 8.84259 8.84259 8.84259 8.84259 8.91471 9.23246 9.56996 12.9134 14.7452 14.7724 11.6164 11.2472 11.2472 11.2472 11.2472 11.2472 11.2472 11.2472 11.2472 11.2472 11.2472 11.2472 11.2472 11.2472 11.2472 11.2797 11.3804 13.4337 15.0959 13.8823 13.7476 13.7410 13.7519 13.9415 14.1935 14.4457 14.6977 15.0587 15.5328 15.9251 16.3176 16.6862 16.7702 16.7702 17.8182 18.1237 18.0930 18.0930 18.5972 18.8789 18.8789 18.8789 18.8789 18.8789 18.8789
5.54893 5.54856 5.64388 6.02855 6.56182 7.72873 8.42444 8.84181 8.84259 8.84259 8.84259 8.84259 8.95056 9.28176 9.61926 9.95731 10.2227 10.2430 10.2430 11.7395 14.7724 14.7724 12.4715 11.2466 11.2472 11.2472 11.2472 11.2472 11.2472 11.2472 11.2472 11.2472 11.2797 11.3804 11.4833 11.5861 11.6890 11.7593 11.7615 12.4476 15.7594 14.2331 14.4854 14.7374 14.9837 15.3001 15.6925 16.0848 16.4770 16.7583 16.7702 16.7702 16.7702 16.7702 16.7702 16.7702 17.2400 18.3206 18.0930 18.0930 18.3569 18.8789 18.8789 18.8789 18.8789 18.8789 18.8789
6.86672 7.49344 8.04151 8.07242 8.07242 8.58512 8.84259 8.84259 8.99356 9.33105 9.66855 10.0066 10.2361 10.2430 10.2430 10.2430 10.2430 10.2430 10.2430 10.4604 14.6301 14.7724 13.5601 11.2389 11.2472 11.2472 11.2472 11.2789 11.3794 11.4822 11.5851 11.6881 11.7593 11.7615 11.7559 11.7063 11.6472 11.5881 11.5291 11.4785 16.7168 15.4878 15.8523 16.2444 16.6317 16.7702 16.7702 16.7702 16.7702 16.7702 16.7702 16.7702 16.7702 16.7702 16.7702 16.7702 16.7936 18.3856 18.0930 18.0930 18.1360 18.8595 18.8789 18.8789 18.8789 18.8789 18.9117
8.07242 8.07242 8.07242 8.07382 8.27240 8.89300 9.71798 10.0559 10.2426 10.2430 10.2430 10.2430 10.2430 10.2430 10.2430 10.2430 10.2430 10.2430 10.2430 10.2430 13.4271 14.7724 14.5912 11.2958 11.4822 11.5851 11.6879 11.7591 11.7615 11.7562 11.7068 11.6478 11.5887 11.5297 11.4759 11.4662 11.4201 11.2852 11.1480 11.0109 14.3616 17.0719 16.7702 16.7702 16.7702 16.7702 16.7702 16.7702 16.7702 16.7702 16.7702 16.7702 16.7702 16.7702 16.7702 16.7702 16.7702 18.0272 18.0933 18.0930 18.0944 18.7223 19.0270 19.1151 19.2032 19.2913 19.3467
8.32184 8.65933 8.99725 9.33349 9.47283 9.53413 10.2346 10.2430 10.2430 10.2430 10.2430 10.2430 10.2430 10.2430 10.2430 10.2430 10.2430 10.1986 9.95026 9.67669 11.1665 13.6595 13.4597 11.3482 11.7564 11.7074 11.6484 11.5893 11.5303 11.4760 11.4662 11.4656 11.3853 11.2479 11.1108 10.9736 10.8825 10.8802 10.8802 10.8802 12.5460 17.1739 16.7702 16.7702 16.7702 16.7702 16.7702 16.7702 16.7702 16.7702 16.7702 16.7702 16.7702 16.7702 16.7702 16.7643 16.7078 17.3919 18.3863 18.4453 18.5321 18.8905 19.3475 19.2639 18.8921 18.4874 18.0379
9.47283 9.47283 9.47283 9.47283 9.47283 9.47283 10.0662 10.2430 10.2430 10.2430 10.2430 10.2430 10.2204 9.99482 9.72151 9.44821 9.17465 8.94590 8.92078 8.92078 9.31031 13.4026 13.4501 11.8673 11.2717 11.4662 11.4662 11.4572 11.3479 11.2108 11.0735 10.9370 10.8802 10.8802 10.8802 10.8802 10.8802 10.8802 10.8802 10.8802 11.0734 16.9459 16.7711 16.7702 16.7702 16.7702 16.7702 16.7702 16.7702 16.7702 16.7592 16.6975 16.6292 16.5611 16.4928 16.4306 16.4189 16.5874 18.3275 17.9739 17.5780 17.2688 17.4762 17.1050 17.0211 16.9698 16.9633
9.47283 9.47283 9.47283 9.47283 9.47283 9.47283 9.83627 10.2348 10.0396 9.76621 9.49264 9.21947 8.96865 8.92078 8.92078 8.92078 8.92078 8.92078 8.92078 8.92078 8.92078 12.3713 13.4501 12.9858 10.7059 11.1735 11.0364 10.9081 10.8802 10.8802 10.8802 10.8802 10.8802 10.8802 10.8802 10.8802 10.8802 10.8802 10.8802 10.8802 10.8802 15.2147 16.9964 16.7702 16.7702 16.7526 16.6872 16.6190 16.5507 16.4825 16.4253 16.4189 16.4163 16.2065 15.8693 15.5319 15.1941 14.8518 16.0276 16.4314 16.4255 16.4228 16.8594 16.9633 16.9633 16.9633 16.9633
9.79967 10.0858 10.7209 10.7209 10.7209 10.8089 11.0474 11.2883 11.5291 17.9855 21.8909 21.8909 21.8909 21.8909 21.8909 21.8909 21.8909 21.8909 21.8543 21.7542 21.7151 21.9036 21.8152 21.7890 21.7890 21.7890 21.7890 21.7890 21.7890 21.7890 21.7890 21.7890 25.5303 28.6968 28.6968 28.6968 28.1362 26.7805 25.4170 24.4608 23.6297 23.5913 23.5913 23.5913 23.5913 23.5913 23.5913 23.5913 23.5913 23.5913 23.5913 23.5913 23.5913 23.5913 18.4693 15.9695 15.0934 14.1161 14.0112 13.9656 13.9643 13.9857 14.1882 14.4630 14.7834 15.1618 15.5686
