High_resolution/powerplant/Chizhou/OMI_NO2_200708.asc
ncols      200
nrows      200
xllcorner       115.585
yllcorner       28.7700
cellsize     0.0166667
NODATA_Value      -999.000
[rows 84 to 111 of 165, columns 63 to 125 of 200]
2.11405 2.11405 2.11405 2.11405 2.11405 2.11433 2.11874 2.51039 2.55258 2.70176 2.63610 2.45041 2.28624 2.12192 1.97141 1.88380 1.80384 1.72389 1.68303 1.68303 1.68303 1.68303 1.72973 2.53459 1.87216 1.76463 1.76463 1.76463 1.76463 1.76463 1.76463 1.76463 1.76463 1.76463 1.76463 1.76463 1.76463 1.76463 1.77995 1.82314 1.79305 1.83960 1.84461 1.84917 1.85372 1.85827 1.86283 2.00874 2.03646 2.03856 2.04400 2.10831 2.18720 2.30727 2.46283 2.60963 2.79322 2.79148 2.79108 2.79251 2.79390 2.79534 2.79673
2.13167 2.13719 2.14270 2.14822 2.15130 2.14484 2.13491 2.02206 1.97355 2.13872 2.08996 1.73670 1.68303 1.68303 1.68303 1.68303 1.68303 1.68303 1.68303 1.68303 1.68303 1.68303 1.68303 2.51435 2.00172 1.81048 1.80931 1.81386 1.81841 1.82297 1.82755 1.83210 1.83665 1.84121 1.84577 1.85032 1.85487 1.85943 1.86398 1.93070 1.89851 1.94040 1.94950 1.94950 1.94950 1.94950 1.96351 2.12042 2.23801 2.30363 2.36091 2.37576 2.37576 2.40152 2.49419 2.56435 2.81363 2.81501 2.86917 2.92506 2.98079 3.03672 3.09253
2.12830 2.11931 2.11130 2.10413 2.09880 2.09832 2.09832 2.04603 1.96641 2.02977 2.05719 1.85437 1.68303 1.68303 1.68303 1.68303 1.68303 1.68303 1.68303 1.68303 1.68303 1.68303 1.68303 2.27111 2.23384 1.91650 1.87587 1.87587 1.87587 1.87587 1.87587 1.87587 1.87587 1.87587 1.87587 1.87587 1.87587 1.87587 1.87587 1.92623 1.90128 1.92872 1.98076 2.06514 2.14208 2.21146 2.26535 2.31656 2.37786 2.37964 2.37323 2.35433 2.33523 2.32318 2.46132 2.70536 2.97477 3.02682 3.32694 3.32951 3.33026 3.33101 3.33177
2.09832 2.09832 2.09832 2.09832 2.09832 2.09832 2.09832 2.07663 1.93657 1.94007 1.95522 1.84746 1.68303 1.68303 1.68303 1.68303 1.68303 1.68303 1.68303 1.68303 1.68303 1.68303 1.68303 2.00435 2.38667 1.95818 1.87587 1.87587 1.87587 1.87587 1.87587 1.87587 1.87587 1.87587 1.87587 1.87587 1.87587 1.87681 1.94035 2.07100 2.14334 2.22633 2.27875 2.26589 2.24682 2.22776 2.20598 2.20091 2.25254 2.22287 2.20136 2.19240 2.18357 2.17475 2.25868 2.68594 2.92477 3.01616 3.28025 3.33482 3.33482 3.34877 3.37812
2.09832 2.08092 2.04481 2.00877 1.97268 1.93662 1.90053 1.86619 1.73919 1.74210 1.81709 1.80655 1.68315 1.68303 1.68303 1.68303 1.68303 1.68303 1.68303 1.68303 1.68303 1.68303 1.68303 1.74936 2.55597 2.00686 1.87587 1.87587 1.87776 1.88664 1.89622 1.90576 1.91531 1.92923 2.01343 2.11497 2.26252 2.38407 2.45540 2.50859 2.18679 2.12862 2.08619 2.07210 2.06326 2.05443 2.04828 2.05150 2.15024 2.15229 2.15229 2.15229 2.15229 2.15229 2.18317 2.60560 2.83521 3.11942 3.35751 3.51731 3.54662 3.57486 3.60518
1.87686 1.85823 1.85823 1.85823 1.85823 1.85823 1.85823 1.85823 1.77143 1.72663 1.80877 1.81709 1.71121 1.68303 1.68303 1.68303 1.68303 1.68303 1.68303 1.68303 1.68303 1.68303 1.68303 1.68303 2.50198 2.11486 1.94931 1.94821 1.94566 2.00039 2.05937 2.11837 2.17744 2.24754 2.53939 2.58533 2.56989 2.56547 2.56547 2.56547 2.19925 2.06303 2.05039 2.04807 2.04807 2.04807 2.04807 2.04807 2.13207 2.15229 2.15229 2.15229 2.15229 2.15229 2.16426 2.48717 2.74775 3.20466 3.42388 3.64464 3.67039 3.68503 3.68009
1.85823 1.85823 1.85823 1.85823 1.85823 1.85823 1.85823 1.85823 1.80397 1.72631 1.78529 1.81709 1.75202 1.68303 1.68303 1.68303 1.68303 1.68303 1.70533 1.78706 1.87227 1.95455 2.02822 2.10128 2.27281 2.18000 2.20875 2.24282 2.31204 2.31691 2.31691 2.31691 2.31691 2.31691 2.49772 2.56547 2.56547 2.56547 2.56547 2.56547 2.32684 2.06303 2.05398 2.04807 2.04807 2.04807 2.04807 2.04807 2.11048 2.15229 2.15229 2.15229 2.15229 2.21794 2.35974 2.62384 2.96057 3.30190 3.42966 3.64691 3.62218 3.59748 3.57782
1.85823 1.85823 1.85175 1.83364 1.81658 1.80066 1.78585 1.77200 1.74158 1.65213 1.74424 1.93536 1.98080 2.03047 2.11376 2.18793 2.26097 2.33404 2.38472 2.37589 2.36387 2.35451 2.35381 2.35381 2.27389 2.19507 2.40676 2.31691 2.31691 2.31691 2.31691 2.31691 2.31691 2.31691 2.42263 2.56547 2.56547 2.56547 2.56547 2.56547 2.45463 2.06303 2.05757 2.04807 2.04807 2.04807 2.04807 2.04807 2.08897 2.15302 2.15370 2.15436 2.15504 2.25565 2.48651 2.52088 2.89002 3.08861 3.30359 3.54836 3.58196 3.58243 3.58292
1.75381 1.76344 1.79602 1.83627 1.87674 1.91718 1.95765 1.99568 1.99754 1.92280 1.90316 2.28788 2.28451 2.36390 2.35507 2.35381 2.35381 2.35381 2.35381 2.35381 2.35381 2.35381 2.35381 2.35381 2.33405 2.07301 2.45590 2.31667 2.31660 2.31653 2.31646 2.31638 2.31631 2.31624 2.33945 2.56211 2.56476 2.56471 2.56465 2.56459 2.55565 2.08755 2.06010 2.04697 2.04691 2.04685 2.04680 2.04674 2.06979 2.15698 2.09655 2.03283 1.96914 1.91726 2.29316 2.36192 2.79299 3.00504 3.28612 3.49194 3.59013 3.59343 3.60197
2.03097 2.02616 1.98040 1.93510 1.89038 1.84625 1.80260 1.75340 1.74108 1.69889 1.67845 2.16295 2.26457 2.34332 2.35381 2.35381 2.35381 2.35381 2.35381 2.35381 2.35381 2.35381 2.35381 2.35381 2.35381 2.08903 2.40826 2.31861 2.31518 2.31518 2.31518 2.31518 2.31518 2.31518 2.31518 2.51245 2.56408 2.56408 2.56408 2.56408 2.56408 2.20603 2.06164 2.04841 2.04668 2.01729 1.95360 1.88990 1.82819 1.89749 1.89909 1.89745 1.88848 1.88113 2.18565 2.34998 2.71504 2.94940 3.28060 3.45981 3.63090 3.63785 3.63961
1.77743 1.75595 1.75595 1.75595 1.75595 1.75595 1.75595 1.74485 1.74180 1.76062 1.79412 2.15422 2.44465 2.47520 2.35381 2.35381 2.35381 2.35381 2.35381 2.35381 2.35381 2.35381 2.35381 2.35381 2.35381 2.18113 2.27759 2.35282 2.31518 2.31518 2.31518 2.31518 2.31518 2.31518 2.31518 2.43962 2.56408 2.56408 2.56408 2.56408 2.56223 2.28629 1.94968 1.86476 1.77920 1.73507 1.73732 1.76510 1.79368 1.91864 1.97699 2.01087 2.05216 2.09193 2.24674 2.49332 2.68883 2.94522 3.27615 3.42746 3.65559 3.65566 3.65566
1.75595 1.75595 1.75595 1.75595 1.75983 1.80880 1.87250 1.94402 2.01767 2.03870 2.01081 2.17591 2.54104 2.54075 2.37448 2.35381 2.35381 2.35381 2.35381 2.35381 2.35381 2.35381 2.35381 2.35381 2.35381 2.26858 2.14924 2.39914 2.31518 2.31518 2.31518 2.31518 2.31487 2.31346 2.31195 2.35153 2.55030 2.49281 2.42753 2.32124 2.19004 2.04677 1.92914 1.93041 1.91227 1.95452 1.98459 1.98914 1.99289 2.06706 2.12445 2.12458 2.12458 2.12458 2.14793 2.49924 2.58298 3.00297 3.34021 3.43377 3.68575 3.72058 3.73474
1.79433 1.84426 1.90624 1.96277 2.01144 2.02518 2.02518 2.03983 2.06713 2.06680 2.02065 2.05893 2.53913 2.54120 2.44559 2.35381 2.35381 2.35381 2.35381 2.35381 2.35381 2.35381 2.35381 2.34003 2.29193 2.22539 1.96138 2.33689 2.30698 2.30548 2.30397 2.30300 2.25080 2.18434 2.12532 2.07223 2.00201 1.92810 1.86635 1.84566 1.85169 1.85437 2.08267 2.08424 1.99950 1.99950 1.99950 1.99950 1.99950 2.05933 2.27004 2.41807 2.55860 2.69219 2.81943 3.10462 3.26356 3.62650 3.80953 3.61218 3.66341 3.72854 3.70971
2.01304 2.02518 2.02518 2.02518 2.02518 2.02518 2.02518 2.03219 2.06713 2.06713 2.03262 2.01702 2.44295 2.54104 2.49640 2.29884 2.25301 2.21169 2.17406 2.13974 2.10834 2.07946 2.05150 2.03013 2.02436 1.98530 1.83104 1.99271 2.03135 1.97848 1.93083 1.88747 1.88490 1.88600 1.88600 1.88600 1.86867 1.85248 1.85248 1.85248 1.85248 1.85248 2.01905 2.10042 2.22012 2.50169 2.63509 2.76277 2.88412 3.00496 3.11166 3.11166 3.11166 3.11166 3.11166 3.19273 3.27409 3.48960 3.68328 3.64887 3.53335 3.70502 3.74085
2.02518 2.02518 2.02518 2.02518 2.02518 2.02525 2.03494 2.05230 2.11675 2.13811 2.13571 2.12752 2.25498 2.33041 2.28247 2.03764 2.02364 2.02014 1.98600 1.93392 1.88178 1.82973 1.77885 1.72973 1.70879 1.74410 1.76751 1.80460 1.87660 1.88600 1.88600 1.88600 1.88600 1.88600 1.88600 1.88600 1.87892 1.85248 1.85248 1.85248 1.85248 1.85248 1.95345 2.10082 2.42778 3.00743 3.00743 3.00743 3.00743 3.00793 3.10505 3.11166 3.11166 3.11166 3.11166 3.12526 3.21686 3.36769 3.67397 3.85788 3.60305 3.82588 3.82289
2.07463 2.09108 2.10756 2.12403 2.13971 2.14350 2.13365 2.11704 2.14424 2.13749 2.12596 2.19183 2.23185 2.22137 2.17691 1.89203 1.73604 1.68737 1.66945 1.67014 1.70424 1.75094 1.79147 1.82699 1.84308 1.84308 1.83276 1.81308 1.86563 1.88600 1.88600 1.88565 1.88346 1.88102 1.87857 1.87611 1.87348 1.84109 1.83524 1.83280 1.83035 1.82790 1.86093 2.07135 2.14005 2.97701 2.97674 2.97470 2.97266 2.97062 3.01550 3.02797 3.02763 3.03315 3.03895 3.04466 3.14302 3.21281 3.65953 3.86544 3.50780 3.74018 3.75144
2.07575 2.05849 2.03930 2.02009 2.00787 2.03350 2.06767 2.10373 2.20802 2.32416 2.38762 2.54132 2.50243 2.09688 2.09181 1.89763 1.71198 1.75763 1.79731 1.83172 1.84308 1.84308 1.84308 1.84308 1.84308 1.84308 1.84008 1.76397 1.80062 1.83118 1.82873 1.82664 1.82638 1.82638 1.82638 1.82638 1.82638 1.80639 1.79286 1.79286 1.79286 1.79286 1.79064 2.01332 2.02068 2.81831 2.95775 2.95780 2.96337 2.97261 3.00860 3.04222 3.04833 3.04847 3.04847 3.04909 3.11465 3.16367 3.55431 3.77520 3.55793 3.58421 3.61953
2.00251 2.06429 2.10489 2.14781 2.18495 2.18869 2.18869 2.18869 2.27049 2.42196 2.42196 2.50991 2.52780 2.07787 1.96010 1.79474 1.84150 1.84308 1.84308 1.84308 1.84308 1.84308 1.84308 1.84308 1.84308 1.84308 1.84308 1.77006 1.77409 1.82615 1.82638 1.82638 1.82638 1.82638 1.82638 1.82638 1.82638 1.81671 1.79286 1.79286 1.79286 1.79286 1.79286 1.94645 2.04967 2.60224 2.98902 3.00363 3.01273 3.01739 3.02296 3.04127 3.02467 3.00809 2.99277 2.98123 2.99403 3.08481 3.34328 3.63093 3.54880 3.39949 3.49385
2.15008 2.18869 2.18869 2.18869 2.18869 2.18869 2.18869 2.18729 2.21325 2.40636 2.39664 2.46425 2.58085 2.24167 2.04675 1.91207 1.80955 1.84308 1.84308 1.84308 1.84308 1.84308 1.84308 1.84308 1.84308 1.84308 1.84308 1.79069 1.76134 1.81849 1.82638 1.82638 1.82638 1.82638 1.82638 1.82638 1.82888 1.83753 1.81667 1.82763 1.84821 1.86934 1.89812 2.01448 2.11537 2.38146 2.97163 2.95572 2.93975 2.92460 2.93043 2.98191 2.98796 2.99403 2.99884 2.99922 2.99968 3.10805 3.24053 3.60211 3.62715 3.26440 3.35767
2.12655 2.19888 2.21869 2.23570 2.22671 2.20985 2.19102 2.17175 2.17408 2.46276 2.47181 2.50760 2.64137 2.42244 2.04812 1.99863 1.75960 1.84308 1.84308 1.84308 1.84308 1.84308 1.84308 1.84308 1.84308 1.84308 1.84308 1.82458 1.78388 1.84562 1.86207 1.87212 1.88217 1.89220 1.90226 1.95521 2.08868 2.21730 2.11883 2.04225 2.06912 2.09538 2.11399 2.10907 2.05855 2.08883 2.94275 2.94811 2.94811 2.94811 2.94812 2.99435 2.99922 2.99678 2.99147 2.98614 2.98083 3.05293 3.10778 3.53813 3.65749 2.88696 3.02499
2.31285 2.25848 2.21662 2.17623 2.16777 2.16777 2.16777 2.16777 2.16777 2.39801 2.47181 2.47447 2.63276 2.58624 2.05831 2.04738 1.74397 1.84302 1.85120 1.87843 1.90636 1.93431 1.96234 1.99026 2.01822 2.04645 2.09468 2.12773 1.90982 1.95111 1.94442 2.02316 2.15150 2.28583 2.48882 2.65457 2.73274 2.56476 2.34646 2.08634 2.08634 2.08634 2.08634 2.09366 2.07472 2.03681 2.79818 2.93811 2.93280 2.92747 2.92215 2.95251 2.96262 2.95973 2.95973 2.95973 2.95973 2.99967 3.08310 3.40587 3.62120 3.06701 2.96067
2.21404 2.18217 2.16777 2.16777 2.16777 2.16777 2.16777 2.16777 2.16777 2.33123 2.47588 2.48056 2.60708 2.65881 2.27608 2.21895 2.06652 2.07237 2.13776 2.17133 2.20428 2.24496 2.30690 2.37006 2.43321 2.49605 2.54074 2.65312 2.19722 2.34452 2.49805 2.63248 2.71081 2.77814 2.79308 2.79308 2.79308 2.66747 2.48085 2.22851 2.35507 2.48074 2.60006 2.71350 2.82538 2.89245 2.86737 2.90862 2.90862 2.90862 2.90862 2.93380 2.95973 2.95973 2.95973 2.95973 2.95973 2.96317 3.05544 3.26092 3.58063 3.28381 2.91618
2.21404 2.19544 2.17222 2.17573 2.17923 2.18273 2.18623 2.18974 2.19761 2.33444 2.58193 2.61593 2.75160 2.91296 2.72457 2.56919 2.57366 2.49056 2.50558 2.53578 2.56609 2.58846 2.59611 2.69402 2.82151 2.94895 3.09647 3.20851 2.80759 2.72932 2.79980 2.80452 2.90340 2.99926 3.09107 3.17890 3.26305 3.32402 3.26782 3.02762 2.94933 2.95632 2.96330 2.97029 2.98839 2.96186 2.91653 2.96761 2.97460 2.98157 2.98856 3.01515 3.08067 3.08926 3.09769 3.12884 3.18246 3.23686 3.33393 3.46009 3.79152 3.75148 3.03208
2.25329 2.27380 2.26054 2.28604 2.31172 2.33844 2.36529 2.39211 2.41457 2.48133 2.79651 2.79651 2.85829 3.08860 3.08004 2.92254 2.81545 2.64557 2.60373 2.71333 2.84077 2.96832 3.09702 3.18816 3.25339 3.31123 3.34938 3.35111 3.09621 2.82840 2.92155 2.98033 3.52855 3.53560 3.54159 3.54758 3.55356 3.55959 3.47152 3.29957 3.10932 3.10932 3.10932 3.10932 3.12775 3.08692 3.03628 3.07732 3.07864 3.07864 3.08020 3.11834 3.28528 3.33310 3.38064 3.40433 3.40433 3.40433 3.42206 3.45712 3.79651 3.97087 3.08329
1.67256 1.92510 1.96090 1.78685 1.74220 1.74220 1.74220 1.74220 1.74220 1.72672 1.65958 1.58826 1.51699 1.44563 1.61537 1.75314 1.65833 1.50595 2.30061 2.30061 2.30061 2.30061 2.30061 2.30061 2.30061 3.78521 4.13384 4.58532 5.18091 5.26965 5.47690 5.56274 5.65681 5.67180 5.80088 5.84067 5.48481 5.42950 5.42950 5.42950 5.42950 5.42950 5.41028 4.75585 4.65492 4.21475 4.02911 4.14612 4.11444 3.94920 3.38216 3.37815 3.37414 3.37013 3.36612 3.36211 3.34952 3.31468 3.15695 3.02996 3.09665 3.13573 2.84395
1.58426 1.87980 1.96090 1.83343 1.70806 1.63846 1.57422 1.51042 1.44657 1.39818 1.40154 1.40900 1.41648 1.42396 1.57656 1.85453 1.83623 1.66071 2.30061 2.30061 2.30061 2.30061 2.30061 2.30061 2.30061 2.65955 3.18800 3.76006 5.22578 5.55403 6.08332 6.08284 6.06443 5.84303 5.84067 5.84067 5.56604 5.42950 5.42950 5.42950 5.41636 5.38281 5.34916 4.81999 4.54816 4.30306 4.00255 4.02332 4.14388 3.94850 3.35871 3.21995 3.19482 3.17268 3.14876 3.12313 3.10596 3.11909 3.04091 2.96211 2.95812 2.94642 2.83727
1.33848 1.35243 1.35281 1.31401 1.44086 1.44664 1.44705 1.44705 1.44705 1.44705 1.44705 1.44705 1.44705 1.44705 1.50780 1.86539 1.86481 1.68850 2.30061 2.30061 2.30061 2.30061 2.30061 2.30061 2.30061 2.36166 3.16970 3.64875 5.39691 5.61869 6.12775 6.08768 6.04549 5.81147 5.73088 5.69158 5.47671 5.23434 5.20050 5.14327 5.08302 5.04308 5.00333 4.67560 4.23514 4.13436 3.78356 3.73860 3.95362 3.80248 3.45775 3.13806 3.13995 3.13903 3.13303 3.12428 3.11554 3.10424 3.02093 2.90904 2.87607 2.87900 2.82810
1.35547 1.04990 1.17950 1.19444 1.44408 1.44705 1.45268 1.51000 1.58011 1.65073 1.73341 1.82058 1.90491 1.98727 2.06234 1.99182 1.99920 1.95858 2.30061 2.30061 2.30061 2.30061 2.30061 2.30644 2.36376 2.43269 3.14476 3.48503 5.26780 5.82617 5.80658 5.66219 5.57514 5.43448 5.32481 5.27840 5.15701 4.86803 4.83294 4.83913 4.86452 4.89108 4.91889 4.83788 4.16315 3.99058 3.60734 3.41216 3.50660 3.88317 3.81018 3.12862 3.12070 3.11237 3.09606 3.03980 2.92587 2.81223 2.65416 2.38632 2.26773 2.18597 2.13550
