High_resolution/powerplant/Chizhou/OMI_NO2_201008.asc
ncols      200
nrows      200
xllcorner       115.585
yllcorner       28.7700
cellsize     0.0166667
NODATA_Value      -999.000
[rows 58 to 86 of 175, columns 0 to 65 of 200]
2.20722 2.19196 2.65463 2.65463 2.61759 2.49929 2.37803 2.25697 2.13578 2.03708 2.02799 2.02799 2.02799 2.02799 2.02799 2.02799 2.02799 2.19035 3.76859 3.75702 3.74545 3.73408 0.00000 0.00000 1.78328 1.78328 1.78328 1.78328 1.78328 1.78328 1.78326 1.77661 1.80745 1.86871 1.85702 1.79389 1.74125 1.74125 1.74125 1.74125 1.74125 1.74125 1.59239 1.35429 1.35429 1.39793 1.51272 1.62841 1.74425 1.92049 1.97238 1.97238 1.97238 1.97238 1.95014 1.91312 1.83833 1.80551 1.82167 1.82167 1.85186 1.95320 2.13583 2.33562 2.47973 2.55105
2.20342 1.86588 2.19450 2.11491 2.03088 2.02799 2.02799 2.02799 2.02799 2.02799 2.02799 2.02799 2.02799 2.02746 2.02262 2.01684 2.01105 2.00639 3.36024 3.72354 3.72354 3.72354 3.72354 0.00000 1.78328 1.78328 1.78328 1.77770 1.76587 1.75405 1.74225 1.73706 1.74728 1.85204 1.85280 1.82784 1.74125 1.74125 1.74125 1.74125 1.75119 1.84715 1.93241 1.69721 1.81114 1.89876 1.91495 1.93247 1.95305 1.97124 1.97238 1.97238 1.97238 1.97238 1.96730 1.91364 1.88531 1.81158 2.10850 2.31004 2.48028 2.57965 2.59776 2.59776 2.59776 2.59585
2.16358 1.81153 1.80499 2.02799 2.02799 2.02799 2.02799 2.02799 2.02799 2.02595 2.02024 2.01446 2.00867 2.00342 2.00248 2.00248 2.00248 2.00248 2.73394 3.72354 3.72354 3.72354 3.72354 0.00000 1.76699 1.75512 1.74330 1.73707 1.73706 1.73706 1.73706 1.73706 1.73706 1.82916 1.85280 1.85186 1.80323 1.91046 2.02733 2.16640 2.31914 2.39061 2.44782 2.10188 1.97238 1.97238 1.97238 1.97238 1.97238 1.97238 1.97238 1.97238 1.97238 1.99499 2.17769 2.34382 2.54381 2.38508 2.55888 2.59776 2.59776 2.59776 2.59776 2.59776 2.59776 2.59776
2.16358 2.03254 1.61266 2.02799 2.02781 2.02365 2.01786 2.01208 2.00630 2.00255 2.00248 2.00248 2.00248 2.00248 2.00248 2.00248 2.00248 2.00248 2.31793 3.72354 3.72354 3.72354 3.72354 0.00000 1.73706 1.73706 1.73706 1.73706 1.73706 1.73706 1.73706 1.73923 1.76442 1.85407 1.96181 2.01717 2.27579 2.46798 2.53512 2.55281 2.55281 2.55281 2.55281 2.30601 1.97238 1.97238 1.97238 1.97238 1.97238 1.99790 2.18223 2.39543 2.60837 2.79818 2.82893 2.80050 2.76968 2.52586 2.48583 2.59776 2.59776 2.59776 2.59776 2.59776 2.59776 2.59776
2.15645 2.11108 1.21185 1.98915 2.00410 2.00248 2.00248 2.00248 2.00248 2.00248 2.00248 2.00248 2.00248 2.00248 2.00248 2.00248 2.00248 2.00248 2.04480 3.63893 3.72354 3.72354 3.72354 3.72354 1.73706 1.73706 1.73706 1.74685 1.75711 1.72647 1.69463 1.66048 1.60342 1.64801 2.13812 2.13812 2.26890 2.55281 2.55281 2.55281 2.55281 2.55281 2.55281 2.48902 1.97499 2.00021 2.18780 2.40065 2.61325 2.80109 2.82893 2.82893 2.82893 2.82893 2.82893 2.81818 2.76968 2.67900 2.39786 2.59737 2.59776 2.59711 2.55878 2.49847 2.43817 2.37793
1.82308 1.80876 0.902891 1.72995 2.00248 2.00248 2.00248 2.00248 2.00248 2.00248 2.00248 2.00248 2.00248 2.00248 2.00248 2.00248 2.00248 2.01950 2.16880 3.16635 3.72354 3.72354 3.72354 3.72354 1.69778 1.66591 1.63395 1.59233 1.55025 1.54901 1.54901 1.54901 1.54901 1.55343 2.07506 2.13812 2.15670 2.53983 2.55281 2.55281 2.55281 2.56362 2.65112 2.75364 2.66337 2.80324 2.82893 2.82893 2.82893 2.82893 2.82893 2.82893 2.82893 2.82893 2.82893 2.82883 2.77671 2.72756 2.29480 2.41045 2.39664 2.33699 2.32416 2.37610 2.43525 2.49708
1.80876 1.80876 1.34470 1.30070 2.00248 2.00248 2.00248 2.00248 2.00248 2.00248 2.00248 2.00248 2.03306 2.19502 2.37181 2.54870 2.72549 2.88526 2.91285 3.14875 3.72354 3.72354 3.72354 3.72354 1.54901 1.54901 1.54901 1.54901 1.54901 1.54901 1.54901 1.54901 1.54901 1.54901 1.87580 2.13812 2.13812 2.44036 2.64194 2.74434 2.84686 2.93849 2.95343 2.95343 2.89520 2.82893 2.82893 2.82893 2.82893 2.82893 2.82893 2.82893 2.82149 2.74956 2.66262 2.57573 2.36892 2.20591 2.08442 2.20858 2.40798 2.46361 2.51004 2.50824 2.50761 2.50761
1.80876 1.80876 1.74201 0.682840 2.00041 2.00248 2.00248 2.05054 2.22124 2.39812 2.57492 2.75180 2.89783 2.91285 2.91285 2.91285 2.91285 2.91285 2.91285 2.98608 3.71668 3.27179 2.56440 1.79278 1.54901 1.54901 1.54901 1.54901 1.54901 1.54901 1.54901 1.54901 1.54901 1.55166 1.77373 2.32048 2.42292 2.68858 2.95343 2.95343 2.95343 2.95343 2.95343 2.95343 2.93477 2.82894 2.82893 2.82893 2.78833 2.70144 2.61450 2.52769 2.44569 2.42132 2.41237 2.40472 2.35079 2.23604 2.23757 2.28264 2.50716 2.50761 2.50729 2.41150 2.24078 2.07277
1.80876 1.80876 1.74313 0.972950 2.28715 2.60104 2.77802 2.90675 2.91285 2.91285 2.91285 2.91285 2.91285 2.91285 2.91285 2.91285 2.86047 2.54310 2.18940 1.83574 1.00148 0.605908 0.605908 0.605908 1.54901 1.54901 1.54901 1.54901 1.54901 1.55021 1.59613 1.66447 1.73274 1.79839 1.85977 2.53161 2.53874 2.58499 2.95223 2.95343 2.95343 2.95343 2.95343 2.94168 2.86475 2.67435 2.56647 2.47953 2.43327 2.43324 2.43324 2.40614 2.39065 2.39027 2.39027 2.39027 2.38571 2.24463 2.23762 2.23762 2.29207 2.12540 1.95804 1.88619 1.88930 1.88960
1.20653 1.02703 0.911614 1.43029 2.64485 2.91285 2.91285 2.91285 2.91285 2.91285 2.91285 2.91285 2.75276 2.39922 2.04552 1.69198 1.39051 1.35403 1.35403 1.35403 1.03668 0.605908 0.605908 0.605908 1.54901 1.54933 1.58996 1.65833 1.72662 1.79366 1.81609 1.81609 1.81609 1.81609 1.81609 2.33781 2.53874 2.53874 2.87320 2.90361 2.81668 2.72974 2.64292 2.56770 2.55773 2.49374 2.43324 2.43324 2.43324 2.43324 2.43324 2.41396 2.39027 2.39027 2.39027 2.39027 2.39131 2.29146 2.24838 2.25336 2.06232 1.88960 1.88960 1.88960 1.88960 1.88960
0.909457 0.909457 0.909457 1.08647 2.36945 2.91285 2.91285 2.89009 2.60935 2.25549 1.90164 1.54810 1.35450 1.35403 1.35403 1.35403 1.35403 1.35403 1.35403 1.35403 1.21680 0.605908 0.605908 0.605908 1.72053 1.78842 1.81609 1.81609 1.81609 1.81609 1.81609 1.81609 1.81609 1.81609 1.83395 2.28396 2.96652 3.18037 2.97245 2.55773 2.55773 2.55773 2.55773 2.55773 2.55773 2.53333 2.43324 2.43324 2.43324 2.43324 2.43324 2.42841 2.39165 2.39609 2.40113 2.40614 2.41015 2.35159 2.25782 2.25782 2.19773 1.89032 1.88960 1.88960 1.88960 1.88960
0.909457 0.909457 0.909457 0.967568 1.94435 2.14374 1.75792 1.42698 1.35403 1.35403 1.35403 1.35403 1.35403 1.35403 1.35403 1.35403 1.35403 1.35403 1.35403 1.35403 1.33528 0.640976 0.605908 0.605908 1.81609 1.81609 1.81609 1.81609 1.81609 1.81609 1.87518 2.05335 2.32593 2.64228 2.98799 3.29422 3.48161 3.48161 3.29517 2.55773 2.55773 2.55773 2.55773 2.55773 2.55773 2.55746 2.44868 2.43324 2.43499 2.44215 2.44967 2.45719 2.41835 2.41047 2.41047 2.41047 2.41047 2.39643 2.25889 2.25782 2.25782 1.95029 1.88960 1.88960 1.89035 1.91720
1.17930 1.29416 1.37939 1.43005 1.77367 1.63377 1.35403 1.35403 1.35403 1.35403 1.35403 1.35403 1.35403 1.35403 1.35403 1.35403 1.35403 1.35403 1.35403 1.35403 1.34777 0.870980 0.605908 0.612756 1.81609 1.82339 1.98211 2.25480 2.56931 2.93642 3.28698 3.47649 3.48161 3.48161 3.48161 3.48161 3.48161 3.48161 3.47773 2.65511 2.55773 2.55773 2.55773 2.55773 2.54914 2.51035 2.45675 2.45735 2.46315 2.46353 2.46353 2.46353 2.43161 2.41047 2.41047 2.41047 2.41047 2.41047 2.29064 2.25782 2.27873 2.12649 1.98465 2.02448 2.06354 2.07649
1.43265 1.43265 1.43265 1.43265 1.60172 1.84026 1.35403 1.35403 1.35403 1.35403 1.35403 1.35403 1.35403 1.35403 1.35403 1.34198 1.26729 1.16595 1.03676 0.865436 0.701733 0.694123 0.714770 0.728949 2.86021 3.28272 3.48161 3.48161 3.48161 3.48161 3.48161 3.48161 3.48161 3.48161 3.48161 3.48161 3.48161 3.48161 3.48161 2.93127 2.55130 2.51395 2.47255 2.43112 2.39833 2.39570 2.41234 2.46353 2.46353 2.46353 2.46353 2.46353 2.44787 2.41047 2.41047 2.41697 2.46329 2.51648 2.49740 2.47447 2.50669 2.44072 2.06071 2.04723 2.03331 2.01776
1.43265 1.43265 1.43265 1.43265 1.45272 1.98829 1.38944 1.35403 1.35403 1.35403 1.33414 1.25269 1.14761 1.01295 0.834148 0.666571 0.678902 0.703330 0.721825 0.730698 0.730754 0.730754 0.730754 0.734048 3.48161 3.48161 3.48161 3.48161 3.48161 3.48161 3.48161 3.48161 3.48161 3.48161 3.48161 3.48161 3.47703 3.44143 3.40002 3.08836 2.39975 2.39570 2.39570 2.39570 2.39570 2.39570 2.39649 2.45784 2.46353 2.46353 2.46364 2.50768 2.58595 2.55246 2.59939 2.64853 2.67505 2.70068 2.69648 2.57176 2.59501 2.60834 2.09124 2.00054 2.00054 2.00525
1.43265 1.43265 1.43265 1.43265 1.43265 1.85006 1.49654 1.12848 0.988047 0.800051 0.630039 0.660513 0.689868 0.711544 0.727428 0.730754 0.730754 0.730754 0.730754 0.757572 0.881958 1.01526 1.14849 1.27852 3.48161 3.48161 3.48161 3.48161 3.48161 3.48161 3.48161 3.48161 3.47855 3.44503 3.40360 3.36220 3.32537 3.31959 3.31959 3.28928 2.43580 2.39570 2.39570 2.39570 2.39570 2.39570 2.41068 2.52593 2.63207 2.71181 2.79144 2.82715 2.82715 2.76850 2.78291 2.82092 2.82715 2.82715 2.82656 2.63271 2.60834 2.60834 2.30010 2.15526 2.28608 2.41300
1.45346 1.51606 1.59561 1.69918 1.83958 1.95154 1.38881 0.673794 0.699552 0.718910 0.730259 0.730754 0.730754 0.730754 0.730872 0.803621 0.936946 1.07015 1.20348 1.30998 1.31887 1.31887 1.31887 1.31887 3.48161 3.48161 3.48161 3.48161 3.47980 3.44859 3.40718 3.36578 3.32744 3.31959 3.31959 3.31959 3.31959 3.31959 3.31959 3.31959 2.68543 2.39687 2.44941 2.52911 2.60885 2.68863 2.75339 2.77917 2.82715 2.82715 2.82715 2.82715 2.82715 2.82715 2.82715 2.82715 2.82715 2.82715 2.82715 2.71615 2.68247 2.73835 2.73647 2.49955 2.49975 2.49975
1.95428 1.95584 1.95584 1.95584 1.95584 1.82489 1.35754 0.741081 0.730754 0.730754 0.744751 0.858622 0.991817 1.12514 1.25835 1.31887 1.31887 1.31887 1.31887 1.31887 1.31887 1.31887 1.31887 1.31887 3.48072 3.45216 3.41078 3.36938 3.32981 3.31959 3.31959 3.31959 3.31959 3.31959 3.31959 3.31959 3.31959 3.28754 3.13422 2.96880 2.74231 2.73208 2.75932 2.75932 2.75932 2.75932 2.75932 2.76124 2.82358 2.82715 2.82715 2.82715 2.82715 2.82715 2.82715 2.84774 2.90310 2.95892 3.01473 2.98661 2.83359 2.83359 2.83359 2.54957 2.49975 2.49975
1.95584 1.95584 1.95584 1.95584 1.95584 1.95584 1.41836 0.995180 1.04686 1.18007 1.29940 1.31887 1.31887 1.31887 1.31887 1.31887 1.31887 1.31887 1.31887 1.31887 1.31887 1.31887 1.31887 1.31887 3.33566 3.31959 3.31959 3.31959 3.31959 3.31959 3.31959 3.31959 3.31959 3.23247 3.02807 2.77028 2.55085 2.42352 2.59122 2.59122 2.60655 2.75811 2.75932 2.75932 2.75932 2.75932 2.75932 2.75932 2.80399 2.82715 2.82715 2.84936 2.90486 2.96065 3.01654 3.05186 3.05240 3.05240 3.05240 3.04426 2.84171 2.83359 2.83359 2.64595 2.49975 2.49975
1.95584 1.95449 1.83338 1.63580 1.43788 1.24021 1.02310 1.13213 1.31887 1.31887 1.31887 1.31887 1.31887 1.31887 1.31887 1.31887 1.31887 1.31887 1.31887 1.31887 1.31887 1.31887 1.31887 1.31887 3.38530 3.31959 3.31959 3.31959 3.30414 3.10692 2.84314 2.62061 2.43048 2.32708 2.29940 2.29850 2.29850 2.30101 2.56189 2.59122 2.59122 2.72301 2.75932 2.75932 2.75932 2.75932 2.75932 2.74594 2.77447 2.96248 3.01838 3.05206 3.05240 3.05240 3.05240 3.05240 3.05240 3.05240 3.05240 3.05240 2.89855 2.83359 2.83359 2.78233 2.52295 2.53797
1.38207 1.18567 1.10894 1.10894 1.10894 1.10894 1.06264 1.02959 1.31880 1.31887 1.31887 1.31887 1.31887 1.31887 1.31887 1.31887 1.31887 1.31887 1.32208 1.34020 1.35737 1.37199 1.40727 1.44649 3.29583 2.91425 2.68881 2.49573 2.33944 2.29858 2.29850 2.29850 2.29850 2.29850 2.29850 2.29850 2.29850 2.29850 2.46327 2.59122 2.59122 2.67257 2.75932 2.74854 2.71441 2.67935 2.64435 2.62272 2.64525 3.04029 3.05240 3.05240 3.05240 3.05240 3.05240 3.05240 3.05240 3.05240 3.06213 3.11392 3.05572 2.90702 2.93031 2.94286 2.61185 2.53248
1.10894 1.10894 1.10894 1.10894 1.10894 1.10894 1.10685 0.988197 1.26350 1.31887 1.31887 1.31887 1.31887 1.32410 1.34300 1.35975 1.37402 1.39018 1.43638 1.48858 1.54981 1.62431 1.66720 1.67817 2.06217 2.29769 2.29850 2.29850 2.29850 2.29850 2.29850 2.29850 2.29850 2.29850 2.29850 2.29850 2.29850 2.29850 2.38196 2.58279 2.54944 2.54542 2.64750 2.62325 2.62243 2.62243 2.62243 2.62243 2.62243 2.92701 3.05240 3.05240 3.05240 3.05296 3.08873 3.14538 3.20205 3.25870 3.29641 3.21553 3.09146 2.75955 2.71192 2.67102 2.53950 2.44479
1.10894 1.10894 1.10894 1.10894 1.10894 1.10894 1.10894 1.01251 1.17381 1.34573 1.36207 1.37600 1.38805 1.41111 1.45766 1.51282 1.57915 1.65227 1.66720 1.66720 1.66720 1.66720 1.66315 1.64789 2.01505 2.25535 2.29850 2.29850 2.29850 2.29850 2.29850 2.29850 2.29850 2.29850 2.29850 2.29426 2.27274 2.24942 2.24278 2.45416 2.45433 2.45467 2.60277 2.62243 2.62243 2.62243 2.62243 2.62243 2.62243 2.80470 3.12014 3.17681 3.23346 3.28954 3.31047 3.15644 3.01520 2.95328 2.90312 2.89409 2.89409 2.69582 2.64903 2.64903 2.61422 2.44572
1.10894 1.10894 1.10894 1.14345 1.21530 1.26819 1.30844 1.26244 1.22358 1.42960 1.47955 1.53903 1.61097 1.66607 1.66720 1.66720 1.66720 1.66696 1.65740 1.63995 1.61679 1.58464 1.55358 1.55228 2.01505 2.17630 2.29850 2.29850 2.29850 2.29850 2.29850 2.29544 2.27484 2.25151 2.22817 2.20907 2.20725 2.20725 2.20725 2.38848 2.45433 2.45433 2.55267 2.62243 2.62421 2.66494 2.72161 2.77826 2.83493 2.91497 3.30575 3.31047 3.31047 3.31047 3.31047 3.10475 2.89409 2.89409 2.89409 2.89409 2.89409 2.76896 2.68791 2.76343 2.83924 2.68952
1.26819 1.30844 1.34010 1.35669 1.35691 1.35691 1.35691 1.34812 1.31928 1.63761 1.66720 1.66720 1.66720 1.66471 1.65066 1.63109 1.60472 1.56801 1.55228 1.55228 1.55228 1.55228 1.55228 1.55228 2.01505 2.07379 2.29847 2.29641 2.27696 2.25360 2.23028 2.21001 2.20725 2.20725 2.20725 2.20725 2.20725 2.20725 2.20725 2.31091 2.40480 2.22692 2.22940 2.80971 2.86461 2.88050 2.88050 2.88050 2.88050 2.88050 3.20680 3.31047 3.31047 3.31047 3.31047 3.24271 2.89445 2.89415 2.93508 3.01074 3.08637 3.11021 2.95400 2.95400 2.95400 2.80374
1.35691 1.35691 1.35691 1.35691 1.35691 1.35691 1.35691 1.35691 1.33518 1.51926 1.64313 1.62110 1.59073 1.55612 1.55228 1.55228 1.55228 1.55228 1.55228 1.55228 1.55228 1.55228 1.55228 1.55228 2.01505 2.01505 2.20779 2.21114 2.20725 2.20725 2.20725 2.20725 2.20725 2.20725 2.20725 2.20578 2.12641 2.00827 1.89468 1.76827 1.64487 1.63834 1.67531 2.82264 2.88050 2.88050 2.88050 2.88050 2.88050 2.88050 3.07074 3.31047 3.31047 3.31074 3.37506 3.48883 3.14929 3.16420 3.19906 3.19906 3.19906 3.19744 2.97679 2.95400 2.95400 2.90459
1.35691 1.35691 1.35691 1.35691 1.35472 1.31594 1.26418 1.21241 1.14652 1.19077 1.55228 1.55228 1.55228 1.55228 1.55228 1.55228 1.55228 1.55228 1.55228 1.55228 1.55228 1.55228 1.55228 1.55228 2.01505 2.01505 2.13156 2.20725 2.20725 2.20725 2.20725 2.18652 2.08331 1.97441 1.84927 1.70523 1.64368 1.63865 1.63834 1.63834 1.63834 1.63834 1.63834 2.48487 2.88050 2.88050 2.88050 2.88050 2.88050 2.88077 2.99905 3.49118 3.60553 3.71857 3.76793 3.76793 3.39905 3.19906 3.19906 3.19906 3.19906 3.19906 3.04828 2.95400 2.95400 2.95400
1.34852 1.30155 1.24977 1.19801 1.14842 1.13545 1.13545 1.13545 1.12887 1.11853 1.52255 1.55228 1.55228 1.55228 1.55228 1.55228 1.55228 1.55228 1.55228 1.55228 1.55228 1.55228 1.55228 1.55228 2.01505 2.01505 2.06387 2.16040 2.05601 1.93553 1.79501 1.65789 1.63841 1.63834 1.63834 1.63834 1.63834 1.63834 1.63834 1.63834 1.63834 1.63834 1.63834 2.11024 2.88050 2.88050 2.93495 3.04678 3.15852 3.27008 3.31853 3.68208 3.76793 3.76793 3.76793 3.76793 3.56454 3.19906 3.19906 3.19906 3.19906 3.20771 3.17507 3.09307 3.15581 3.21855
1.14025 1.13545 1.13545 1.13545 1.13545 1.13545 1.13545 1.13545 1.13492 1.11062 1.34886 1.55228 1.55228 1.55228 1.55228 1.55228 1.55228 1.55228 1.55228 1.55228 1.55228 1.55228 0.00000 0.00000 1.66846 1.34285 0.940377 1.56785 1.63834 1.63834 1.63834 1.63834 1.63834 1.63834 1.63834 1.63834 1.63834 1.63834 1.63834 1.63834 1.63834 1.63834 1.68416 1.90336 3.13860 3.26123 3.31853 3.31853 3.31853 3.31853 3.31853 3.53966 3.76793 3.76793 3.76793 3.76793 3.74419 3.24306 3.26526 3.30342 3.34157 3.37338 3.40033 3.32464 3.36051 3.39981
