High_resolution/powerplant/Chizhou/OMI_NO2_200507.asc
ncols      200
nrows      200
xllcorner       115.585
yllcorner       28.7700
cellsize     0.0166667
NODATA_Value      -999.000
[rows 60 to 89 of 175, columns 0 to 65 of 200]
1.78712 1.79272 1.79912 1.89870 1.58785 1.62943 1.70147 1.70953 1.69359 1.69839 1.73637 1.77923 1.82802 1.86950 1.78910 1.70747 1.70747 1.70747 1.70747 1.70747 1.70747 1.70747 1.70747 1.70747 2.22376 2.21879 2.21476 2.21143 2.20861 2.21832 2.22567 2.25501 2.23886 2.21490 2.19010 2.16531 2.14102 2.17843 2.26318 2.26318 2.26318 2.26318 2.26318 2.26318 2.26318 2.26318 0.487119 0.487119 0.487119 0.511629 0.782849 1.01772 1.18071 1.27818 1.28494 1.28494 1.28494 1.28494 1.28494 1.28494 1.28494 1.63715 1.94293 2.03564 1.92941 1.90418
1.83582 1.83582 1.83582 1.91899 1.71498 1.65380 1.78949 1.81741 1.82331 1.79198 1.75288 1.71373 1.67465 1.63582 1.63818 1.70747 1.70747 1.70747 1.70747 1.70747 1.70747 1.70747 1.70747 1.70747 2.20182 2.20182 2.20182 2.20083 2.18241 2.16631 2.17627 2.15521 2.13391 2.13307 2.13307 2.13307 2.13307 2.14891 2.26318 2.26318 2.26318 2.26318 2.26318 2.26318 2.24923 2.12759 1.72802 0.963333 1.13635 1.26073 1.28494 1.28494 1.28494 1.28494 1.28494 1.28494 1.28494 1.28494 1.28494 1.28494 1.28494 1.45333 1.90689 2.03564 1.95457 1.90418
1.78772 1.70292 1.59852 1.53298 1.49613 1.45468 1.65475 1.62506 1.62127 1.62127 1.62127 1.62127 1.62127 1.62127 1.62325 1.70334 1.70747 1.70747 1.70747 1.70747 1.70747 1.70747 1.70747 1.70747 2.16897 2.14418 2.11938 2.09558 2.08922 2.08944 2.14294 2.14257 2.13307 2.13307 2.13307 2.13307 2.13307 2.13356 2.24159 2.20482 2.07238 1.93972 1.82549 1.77626 1.75392 1.79110 1.97831 1.38978 1.28494 1.28494 1.28494 1.28494 1.28494 1.28494 1.28494 1.28494 1.28494 1.28494 1.28494 1.28494 1.28494 1.29197 1.85535 2.01787 1.98293 1.90418
1.26197 1.19689 1.15008 1.18978 1.29905 1.28229 1.57300 1.62127 1.62127 1.62127 1.62127 1.62127 1.62127 1.62127 1.62127 1.67725 1.70747 1.70747 1.70747 1.70747 1.70747 1.70747 1.70747 1.70747 2.08922 2.08922 2.08922 2.08922 2.08922 2.08922 2.12999 2.14547 2.13307 2.12733 2.07227 2.00594 1.93961 1.87329 1.71951 1.53652 1.53669 1.76758 1.80816 1.80953 1.80953 1.80953 1.89657 1.53688 1.28494 1.28494 1.28494 1.28494 1.28494 1.28494 1.28494 1.28494 1.28494 1.28494 1.28494 1.28494 1.28494 1.29746 1.77745 2.03631 2.06739 1.95723
1.10645 1.14646 1.14646 1.15687 1.29903 1.28801 1.51112 1.62127 1.62127 1.62127 1.62127 1.62127 1.62127 1.62127 1.62127 1.65320 1.70747 1.70747 1.70747 1.70747 1.70747 1.70747 1.70747 1.70747 2.08922 2.08922 2.08922 2.08922 2.08922 2.08922 2.07368 1.99676 1.85436 1.78093 1.76963 1.76963 1.76963 1.76963 1.72560 1.53630 1.53630 1.74921 1.80953 1.80953 1.80953 1.80953 1.84035 1.74106 1.28494 1.28494 1.28494 1.28494 1.29060 1.33708 1.39181 1.44640 1.50108 1.55572 1.61030 1.66508 1.71962 1.76178 1.97330 2.21542 2.30224 2.39213
1.06774 1.14646 1.14646 1.14646 1.27573 1.29365 1.43774 1.62127 1.62127 1.62127 1.62127 1.62127 1.62126 1.61969 1.61718 1.62665 1.69375 1.68996 1.68616 1.68239 1.67858 1.84377 2.14915 2.39634 2.08922 2.08922 2.08922 2.08922 2.08922 2.08922 2.07269 1.90695 1.82636 1.76963 1.76963 1.76963 1.76963 1.76963 1.76402 1.54946 1.53630 1.66402 1.80953 1.80950 1.78839 1.75322 1.72229 1.75174 1.54063 1.59821 1.65285 1.70753 1.75651 1.76461 1.76461 1.76461 1.76461 1.76461 1.76461 1.76786 1.88229 2.05150 2.26129 2.60741 2.60113 2.60388
0.998061 1.12816 1.12506 1.12184 1.21629 1.26970 1.30783 1.58911 1.58659 1.58405 1.58153 1.57900 1.57650 1.57552 1.57429 1.54695 1.53668 1.67066 1.95063 2.17496 2.36243 2.43180 2.39478 2.35732 2.08922 2.08922 2.08922 2.08922 2.08922 2.08922 2.08922 1.93669 1.85999 1.76963 1.76963 1.76593 1.73616 1.70453 1.67614 1.50607 1.39075 1.38526 1.60507 1.59569 1.58760 1.58760 1.58760 1.60156 1.73116 1.76461 1.76461 1.76461 1.76461 1.76461 1.76461 1.76461 1.83094 1.99884 2.16805 2.32290 2.35242 2.33294 2.31609 2.27472 2.17020 2.25021
0.917728 1.07513 1.09477 1.09477 1.15924 1.25404 1.22373 1.18251 1.12604 1.08859 1.05141 1.01381 0.976742 1.09463 1.33365 1.56165 1.83516 2.00268 2.00268 2.00268 2.00268 2.00268 2.00268 2.00268 2.08922 2.08922 2.08922 2.08668 2.07419 2.06058 2.04706 1.93747 1.82343 1.59799 1.57917 1.55221 1.51346 1.47022 1.41859 1.35581 1.34002 1.34002 1.51972 1.58760 1.58760 1.58760 1.58760 1.59462 1.69388 1.76461 1.76461 1.76461 1.79250 1.94916 2.11240 2.25194 2.32057 2.30607 2.29254 2.28660 2.28660 2.28660 2.28660 2.20188 2.01803 1.97135
0.917728 1.03603 1.09477 1.09477 1.12421 1.25404 1.23644 0.963601 0.893257 0.893257 0.894691 1.54860 1.79049 1.89190 1.90186 1.91180 1.94847 2.00268 2.00268 2.00268 2.00268 2.00268 2.00268 2.00268 2.01933 2.00573 1.99219 1.98112 1.98009 1.98009 1.97991 1.93467 1.80324 1.46989 1.38579 1.34115 1.34002 1.34002 1.34002 1.34002 1.34002 1.34002 1.43830 1.58760 1.58760 1.58760 1.58760 1.58715 1.69004 1.92039 2.06690 2.19410 2.28612 2.28717 2.28660 2.28660 2.28660 2.28660 2.28660 2.28252 2.17879 2.05052 1.94084 1.83556 1.75489 1.76495
0.917728 0.987828 1.10264 1.22101 1.38000 1.69610 1.76316 1.07758 0.948916 0.962177 0.974912 1.69876 1.92803 1.92803 1.92803 1.92803 1.93599 2.00268 2.00268 2.00268 2.00268 2.00268 2.00268 2.00268 1.98009 1.98009 1.97897 1.97585 1.97179 1.96629 1.95910 1.95508 1.75704 1.47213 1.34002 1.34002 1.34002 1.34002 1.34002 1.34002 1.34002 1.34002 1.33456 1.53436 1.51223 1.53080 1.61090 1.69299 2.08886 2.28519 2.28660 2.28660 2.28660 2.28660 2.28660 2.28660 2.22208 2.08770 1.97277 1.87608 1.84902 1.84902 1.84902 1.84667 1.76235 1.74619
1.51134 1.71088 1.80005 1.84749 1.85754 1.97695 2.01284 1.29008 0.978323 0.978323 0.978323 1.40959 1.92803 1.92803 1.92803 1.92803 1.92803 1.99040 2.00268 2.00268 2.00268 2.00268 2.00268 2.00268 1.96900 1.96237 1.95724 1.95721 1.95721 1.95721 1.95721 1.95721 1.79477 1.57390 1.34002 1.34002 1.33805 1.30166 1.25274 1.20390 1.15506 1.10619 1.07352 1.48757 1.76369 1.82521 1.82534 1.82534 2.01333 2.26580 2.28660 2.28660 2.25734 2.12675 2.00619 1.90261 1.84928 1.84902 1.84902 1.84902 1.84902 1.84902 1.84902 1.84902 1.78684 1.75388
1.92479 1.92479 1.87378 1.85814 1.85814 1.94192 2.01741 1.62930 0.980698 0.978323 0.978323 1.07675 1.91838 1.92803 1.92803 1.92803 1.92803 1.96791 2.00268 2.00268 2.00268 2.00268 2.00268 2.00268 1.95721 1.95721 1.95721 1.95721 1.95721 1.95721 1.95721 1.96451 1.85117 1.56530 1.18088 1.13201 1.08512 1.07269 1.07269 1.07269 1.07269 1.07269 1.07269 1.37146 1.82534 1.82534 1.82534 1.82534 1.90696 2.12532 2.04119 1.93281 1.85568 1.84902 1.84902 1.84902 1.85093 1.85923 1.86800 1.88243 1.90655 1.93032 1.95353 1.97624 1.96308 1.97304
1.92479 1.92479 1.89172 1.85814 1.85814 1.90688 2.01741 1.85338 1.02338 0.978323 0.978323 0.978323 1.73663 1.92803 1.92803 1.92803 1.92803 1.94874 2.00327 2.02324 2.05288 2.08231 2.11189 2.13740 1.95721 1.95723 1.97179 1.99283 2.00853 2.02068 2.03036 2.03637 1.99572 1.48343 1.10543 1.07269 1.07269 1.07269 1.07269 1.07269 1.07269 1.07269 1.07269 1.10463 1.83584 1.90947 1.82796 1.75746 1.68772 1.91960 2.04298 2.06272 2.08203 2.10088 2.11941 2.13750 2.15369 2.16443 2.17454 2.18095 2.18107 2.18107 2.17428 2.11474 2.03357 1.92383
1.92479 1.92779 1.92416 1.88456 1.89645 1.92357 2.18771 2.19817 1.37411 1.23760 1.26735 1.29667 1.75945 2.21104 2.23339 2.25534 2.27769 2.31164 2.52541 2.51187 2.34573 2.13648 1.92460 1.70178 2.02401 2.03306 2.03667 2.03667 2.03763 2.05121 2.06714 2.07855 2.03667 1.60188 1.20590 1.07269 1.07269 1.07269 1.07269 1.05681 1.00518 0.939158 0.848861 0.775372 1.26816 1.70975 1.68856 1.66866 1.66414 1.83129 2.17812 2.18107 2.18107 2.18107 2.18107 2.18107 2.18107 2.18107 2.18044 2.13629 2.06562 1.99496 1.90720 1.83490 1.77338 1.73670
2.10751 2.11639 2.11584 2.05412 2.05024 2.05024 2.48473 2.55146 2.07237 1.69848 1.72965 1.76184 1.93034 2.69683 2.73261 2.71759 2.59915 2.42530 2.41311 2.22489 2.16461 2.17694 2.17694 2.17694 2.09448 2.10598 2.11643 2.12595 2.13427 2.13615 2.13615 2.13268 2.03842 1.73371 1.21021 0.823689 0.770720 0.717796 0.664827 0.627744 0.608984 0.596650 0.596395 0.596395 0.852688 1.63918 1.66414 1.66414 1.66414 1.75173 2.12276 2.18107 2.18107 2.18107 2.18107 2.15679 2.07790 1.95198 1.82040 1.73239 1.67086 1.60932 1.57170 1.57128 1.57128 1.62210
2.11689 2.11689 2.11689 2.07105 2.05024 2.05024 2.37474 2.55146 2.41830 2.14178 2.12236 2.09009 2.08819 2.44120 2.32082 2.16843 2.14520 2.19492 2.21845 2.17694 2.17694 2.17694 2.17694 2.17694 2.12598 2.11922 2.11244 2.10567 2.09889 2.09213 2.08534 2.08197 2.01372 1.83073 1.26434 0.626450 0.626450 0.626450 0.626450 0.626450 0.615318 0.596395 0.596395 0.596395 0.623556 1.54747 1.66414 1.66414 1.66414 1.69140 2.04672 2.12737 2.00309 1.87095 1.73875 1.63084 1.57756 1.57128 1.57128 1.57128 1.57128 1.57128 1.56885 1.54831 1.52409 1.52686
2.11689 2.11689 2.11689 2.08901 2.05024 2.03873 2.15749 2.33714 2.25523 2.17249 2.22301 2.27776 2.31969 2.34033 2.33947 2.33947 2.33947 2.33947 2.30689 2.17694 2.17694 2.17694 2.17694 2.17694 2.08197 2.08197 2.07977 2.06399 2.04737 2.03219 2.01835 2.00564 1.95664 1.87027 1.44842 0.688187 0.626450 0.626450 0.626450 0.626450 0.625566 0.597837 0.596395 0.596395 0.596395 1.33428 1.69502 1.72066 1.69462 1.64099 1.48485 1.57925 1.57128 1.57128 1.57128 1.57128 1.57128 1.57128 1.57103 1.55569 1.53146 1.50725 1.48545 1.48176 1.48176 1.48677
2.11689 2.07842 1.96840 1.84517 1.86634 1.86725 2.02341 2.39387 2.40162 2.37952 2.37456 2.37456 2.37456 2.37017 2.33947 2.33947 2.33947 2.33947 2.33541 2.18408 2.17694 2.17694 2.17694 2.17694 2.01282 2.00056 1.99050 1.98901 1.98901 1.98901 1.98901 1.98901 1.97669 1.87366 1.61011 0.877163 0.626450 0.626450 0.626450 0.625736 0.600689 0.551736 0.516665 0.478631 0.434043 0.990797 1.61632 1.53018 1.50334 1.50334 1.38187 1.56894 1.57128 1.57128 1.57128 1.56276 1.53885 1.51462 1.49065 1.48176 1.48176 1.48176 1.48176 1.48176 1.48176 1.48176
1.64463 1.63218 1.71364 1.78201 2.00585 2.02570 2.03392 2.38898 2.40162 2.38770 2.37456 2.37456 2.37456 2.37456 2.34644 2.33947 2.33947 2.33947 2.33947 2.23292 2.17694 2.17694 2.17694 2.17694 1.98901 1.98901 1.98901 1.98901 1.98901 1.98901 1.98901 1.98901 1.98899 1.89036 1.74510 1.07654 0.532916 0.472645 0.394734 0.291995 0.251261 0.314476 0.393773 0.393773 0.393773 0.505956 1.49406 1.50334 1.50334 1.50334 1.42507 1.51206 1.54622 1.52200 1.49777 1.48207 1.48176 1.48176 1.48176 1.48176 1.47792 1.46750 1.45697 1.44644 1.43591 1.42488
1.81243 1.81276 1.81276 1.81276 1.95685 2.02570 2.02570 2.31462 2.40162 2.39586 2.37456 2.37456 2.37456 2.37456 2.35861 2.33947 2.33947 2.33947 2.33947 2.27840 2.17694 2.17694 2.17694 2.17694 1.98901 1.98901 1.98901 1.98901 1.98901 1.98604 1.97945 1.97217 1.96406 1.85828 1.75699 1.52080 0.251261 0.251261 0.251261 0.251261 0.251261 0.257451 0.388818 0.393773 0.393773 0.393773 1.36047 1.47665 1.44484 1.40417 1.35342 1.30401 1.40654 1.38767 1.36877 1.34991 1.33104 1.31218 1.29332 1.27447 1.25942 1.28675 1.39287 1.49426 1.58812 1.67652
1.81276 1.81276 1.81276 1.81276 1.89981 2.02570 2.02553 2.22690 2.38909 2.38228 2.35118 2.34185 2.33513 2.32839 2.31289 2.25998 2.25097 2.24195 2.23305 2.19118 1.99029 1.97681 1.97168 1.97448 1.98407 1.97727 1.96975 1.96135 1.95194 1.94664 1.94664 1.94664 1.93363 1.84663 1.75242 1.77638 0.369665 0.251261 0.251261 0.251261 0.251261 0.251261 0.360682 0.415237 0.426441 0.403255 0.974930 1.27041 1.28004 1.29864 1.31725 1.20616 1.21635 1.21635 1.21635 1.21635 1.21635 1.21635 1.29631 1.56458 1.66042 1.72460 1.72881 1.73090 1.73300 1.74947
1.73391 1.72590 1.71787 1.70988 1.72678 1.93526 1.93070 2.04492 2.28001 2.28198 2.26447 2.25288 2.25288 2.25288 2.25266 2.18808 2.17724 2.17896 2.18884 2.19813 2.00632 2.00009 2.00815 2.00815 1.93255 1.88733 1.84137 1.79511 1.74881 1.70281 1.65663 1.61022 1.57734 1.59332 1.75150 1.75329 0.821089 0.470887 0.545341 0.619671 0.694126 0.768456 0.719496 0.516252 0.481675 0.481495 0.816759 1.32310 1.33210 1.33210 1.33210 1.23881 1.21593 1.21635 1.21635 1.21635 1.21635 1.21635 1.25571 1.72718 1.77982 1.83366 1.88590 1.93785 1.98964 2.02674
1.79269 1.80450 1.81583 1.82685 1.83742 1.99045 2.02377 2.06126 2.31643 2.31700 2.28756 2.25288 2.25293 2.25793 2.25903 2.20013 2.21671 2.21935 2.19649 2.16900 2.05226 2.00815 2.00815 2.00815 1.57708 1.57597 1.57525 1.56796 1.55896 1.54997 1.54099 1.53207 1.52307 1.51413 1.62531 1.63196 1.27557 0.874312 0.874312 0.874312 0.874312 0.874312 0.856348 0.494712 0.481495 0.481495 0.649185 1.26581 1.33210 1.33210 1.33210 1.29126 1.20204 1.21649 1.25280 1.31742 1.38225 1.44698 1.51031 1.92145 2.02824 2.02824 2.02824 2.02824 2.02824 2.03974
1.87923 1.87923 1.87923 1.87923 1.87923 1.97177 2.03629 2.03629 2.29751 2.38190 2.43428 2.20302 2.08017 1.95355 1.81985 1.82213 2.04416 2.00969 2.00815 2.00815 2.00815 2.00815 2.00815 2.00815 1.52289 1.51390 1.50561 1.50399 1.50399 1.50397 1.50314 1.50192 1.50070 1.49948 1.57326 1.63217 1.45304 0.874312 0.874312 0.874312 0.874312 0.874312 0.874312 0.572145 0.481495 0.481495 0.499081 1.17711 1.33210 1.33210 1.33242 1.33463 1.43792 1.54926 1.57781 1.57788 1.57788 1.57788 1.57788 1.80431 2.02824 2.03208 2.06880 2.11308 2.15737 2.19015
1.87923 1.87923 1.87923 1.87923 1.91646 2.02723 2.15018 2.14177 2.31096 2.32278 2.20845 1.80158 1.67612 1.67612 1.67612 1.67961 1.97238 2.00815 2.00815 2.00815 2.00815 2.00815 2.00815 2.00815 1.50262 1.50141 1.50019 1.49897 1.49775 1.49656 1.49617 1.49617 1.49617 1.49617 1.53752 1.63272 1.59388 0.926510 0.874312 0.874312 0.874312 0.874312 0.874312 0.696801 0.481495 0.481495 0.481495 1.00964 1.32838 1.34041 1.34323 1.34369 1.47431 1.57788 1.57788 1.57788 1.57788 1.57821 1.61036 1.74624 2.14387 2.18430 2.19186 2.19186 2.19186 2.19186
1.94708 2.02163 2.09567 2.11371 2.05707 1.96317 1.87110 1.84116 2.00155 2.19205 2.19073 1.93616 1.67612 1.67612 1.67612 1.67612 1.85066 2.00815 2.00815 2.00815 2.00815 2.00815 2.00815 2.00815 1.49617 1.49617 1.49617 1.49617 1.49617 1.49617 1.49617 1.49617 1.49617 1.49617 1.51004 1.63272 1.61372 1.09662 0.874312 0.874312 0.874312 0.874312 0.874312 0.855374 0.494272 0.481495 0.481495 0.883590 1.27501 1.34369 1.34369 1.34369 1.41062 1.57768 1.59516 1.64727 1.70044 1.75324 1.77423 1.77443 2.14529 2.19186 2.19186 2.19190 2.21470 2.25611
2.06591 1.97194 1.87852 1.84116 1.84116 1.84116 1.84116 1.84116 1.92498 2.19205 2.19205 2.08596 1.67773 1.67612 1.67612 1.67612 1.75193 2.00815 2.00815 2.00815 2.00815 2.00815 2.00815 2.00815 1.49617 1.49617 1.49617 1.49617 1.49617 1.49617 1.49617 1.49617 1.49617 1.49617 1.49625 1.61225 1.62483 1.27232 0.874312 0.874312 0.874312 0.874312 0.874312 0.874312 0.571166 0.481495 0.481495 0.749153 1.19590 1.34369 1.35204 1.41079 1.49199 1.73170 1.78580 1.81119 1.86489 1.91895 1.97297 2.02688 2.30795 2.49248 2.53745 2.58238 2.60355 2.60349
1.84116 1.84116 1.84116 1.84116 1.84116 1.84116 1.84116 1.84116 1.85467 2.18573 2.19205 2.14918 1.76040 1.67252 1.66872 1.66490 1.66878 1.95887 1.97418 1.96846 1.96277 1.95705 1.95130 1.94561 1.49617 1.49617 1.49617 1.49617 1.49617 1.49617 1.49617 1.49617 1.49617 1.51418 1.55109 1.68039 1.80320 1.86123 1.49877 1.58249 1.65924 1.73074 1.79703 1.85889 1.63702 1.27103 1.32125 1.44967 1.45271 1.69716 1.79276 1.83381 1.86261 2.10380 2.27204 2.30160 2.30187 2.30187 2.30187 2.32060 2.48631 2.62377 2.62010 2.61643 2.61329 2.61048
1.89041 1.90164 1.91288 1.92410 1.93529 1.94654 1.95776 1.96902 1.98016 2.12085 2.14636 2.11526 1.82053 1.60737 1.60737 1.60737 1.60737 1.77977 1.90502 1.90502 1.90459 1.90237 1.89933 1.89527 1.49617 1.49617 1.49617 1.83837 1.93042 1.99075 2.04938 2.10636 2.16193 2.20652 2.24151 2.27219 2.27279 2.45651 2.25318 2.28251 2.33871 2.39486 2.45101 2.50721 2.53322 2.00740 2.10961 2.14572 1.91102 1.92013 1.93291 1.93291 1.93291 2.08197 2.30605 2.38549 2.48603 2.57894 2.66499 2.73184 2.73469 2.61672 2.60837 2.60405 2.59989 2.59785
2.00477 1.99720 1.98943 1.98133 1.97301 1.96432 1.95539 1.94612 1.93650 2.01072 2.06332 2.05174 1.94794 1.60737 1.60737 1.60697 1.59059 1.65307 1.89727 1.89242 1.88707 1.88655 1.88655 1.88655 1.71206 1.75865 1.80531 2.16395 2.29011 2.29011 2.28740 2.27784 2.26795 2.25807 2.24822 2.23435 2.19064 2.26577 2.59803 2.68352 2.68352 2.68352 2.68352 2.68352 2.68352 2.29521 2.14582 2.14582 1.96673 1.90514 2.00547 2.14962 2.28014 2.42145 2.71783 2.73867 2.73867 2.73622 2.73147 2.72671 2.72212 2.63284 2.59300 2.59256 2.59256 2.59256
