High_resolution/powerplant/Chizhou/OMI_NO2_201006.asc
ncols      200
nrows      200
xllcorner       115.585
yllcorner       28.7700
cellsize     0.0166667
NODATA_Value      -999.000
[rows 0 to 28 of 200, columns 0 to 66 of 200]
0.00000 0.00000 0.00000 0.00000 3.39973 3.39973 3.39973 3.37978 3.18780 3.02305 2.90496 2.82194 2.80635 2.80635 2.80635 2.80635 3.21661 3.49912 3.49912 3.49912 3.49912 3.49912 3.49912 3.49912 3.49912 3.49912 3.49912 3.49912 3.49912 3.49912 3.49912 3.49889 3.47623 3.28949 3.27898 3.27898 3.27898 3.27898 3.27898 3.27898 3.27898 3.27898 3.27898 3.27898 3.27898 3.27898 3.27898 3.27898 3.27898 3.27898 3.27898 3.27898 3.27898 3.27898 3.27898 3.27898 3.27898 3.27898 3.27898 3.27898 0.00000 3.19707 3.19707 3.19707 3.19707 3.19707 3.19707
0.00000 0.00000 0.00000 2.21296 2.24600 2.98878 2.90367 2.82144 2.80635 2.80635 2.80635 2.80635 2.80635 2.80635 2.80635 2.80635 2.97386 3.49098 3.49912 3.49912 3.49912 3.49912 3.49912 3.49912 3.49912 3.49912 3.49912 3.49912 3.48914 3.45844 3.42712 3.39604 3.38392 3.29555 3.27898 3.27898 3.27898 3.27898 3.27898 3.27898 3.27898 3.27898 3.27898 3.27898 3.27898 3.27898 3.27898 3.27898 3.27898 3.27898 3.27898 3.27898 3.27898 3.27898 3.27898 3.27898 3.27898 3.36561 3.78147 4.24809 3.35620 3.19707 3.19707 3.19707 3.19707 3.19707 3.19707
2.21296 2.21296 2.21296 2.21296 2.21296 2.63388 2.80635 2.80635 2.80635 2.80635 2.80635 2.80635 2.80635 2.80635 2.80635 2.80635 2.84369 3.46832 3.49912 3.49912 3.49912 3.49912 3.49912 3.49912 3.49558 3.46856 3.43722 3.40590 3.38455 3.38392 3.38392 3.38392 3.38392 3.32787 3.27868 3.27898 3.27898 3.27898 3.27898 3.27898 3.27898 3.27898 3.27898 3.27898 3.27898 3.27898 3.27898 3.27898 3.27898 3.27898 3.27898 3.27898 3.27898 3.31611 3.68518 4.13291 4.58102 4.94225 4.97430 4.97430 3.88490 3.19707 3.19707 3.19707 3.19707 3.19707 3.19707
2.21296 2.21296 2.21296 2.21296 2.21296 2.41527 2.80635 2.80635 2.80635 2.80635 2.80635 2.80635 2.80635 2.80635 2.80635 2.80635 2.80635 3.26762 3.49912 3.49912 3.49877 3.47865 3.44734 3.41600 3.38822 3.38392 3.38392 3.38392 3.38392 3.38392 3.38392 3.38392 3.38392 3.36886 3.25560 3.27898 3.27898 3.27898 3.27898 3.27898 3.27898 3.27898 3.27898 3.27898 3.27898 3.27898 3.27898 3.27898 3.27898 3.28729 3.58922 4.03713 4.48486 4.89563 4.97430 4.97430 4.97430 4.97430 4.97430 4.97430 4.47535 3.19707 3.19707 3.19707 3.19707 3.19707 3.19707
2.21296 2.21296 2.21296 2.21296 2.21296 2.21474 2.76158 2.80635 2.80635 2.80635 2.80635 2.80635 2.80635 2.80635 2.80635 2.80635 2.80635 2.98313 3.45426 3.42611 3.39514 3.38392 3.38392 3.38392 3.38392 3.38392 3.38392 3.38392 3.47697 3.69363 3.91091 4.12819 4.34560 4.55258 3.48918 3.27898 3.27898 3.27898 3.27898 3.27898 3.27898 3.27898 3.27898 3.27898 3.27898 3.27898 3.49310 3.94083 4.38873 4.82850 4.97430 4.97430 4.97430 4.97430 4.97430 4.97430 4.97430 4.97430 4.97430 4.97430 4.93915 3.32777 3.19707 3.19707 3.19707 3.19707 3.19707
2.21296 2.21296 2.21296 2.21296 2.21296 2.21296 2.61747 2.80635 2.80635 2.80635 2.80635 2.80635 2.80635 2.80229 2.77474 2.74345 2.71212 2.72744 3.34495 3.38392 3.38392 3.38392 3.41976 3.61752 3.83468 4.05208 4.26937 4.48665 4.61088 4.61149 4.61149 4.61149 4.61149 4.61149 3.98216 3.27840 3.27898 3.27898 3.27898 3.27898 3.27898 3.27898 3.40952 3.84471 4.29278 4.74034 4.97430 4.97430 4.97430 4.97430 4.97430 4.97430 4.97430 4.97430 4.97430 4.97430 4.97430 4.97430 4.97430 4.97430 4.97430 3.88490 3.19707 3.19707 3.19707 3.19707 3.19707
2.21296 2.21296 2.21296 2.21296 2.21296 2.21296 2.38800 2.80635 2.80635 2.80581 2.78486 2.75354 2.72220 2.69493 2.69904 2.76023 2.85109 2.97805 3.48924 3.97585 4.19313 4.41041 4.59197 4.61149 4.61149 4.61149 4.61149 4.61149 4.61149 4.61149 4.61149 4.61149 4.61149 4.61149 4.32610 3.25377 3.27898 3.27898 3.34629 3.74875 4.19666 4.64456 4.96175 4.97430 4.97430 4.97430 4.97430 4.97430 4.97430 4.97430 4.97430 4.97430 4.97430 4.97430 4.97430 4.97430 4.97430 4.97430 4.97430 4.97430 4.97430 4.47535 3.19707 3.19707 3.19707 3.19707 3.19707
2.21296 2.21296 2.21296 2.21296 2.21296 2.21296 2.21296 2.71419 2.73232 2.70152 2.69936 2.76102 2.85266 2.98026 3.14146 3.16932 3.16932 3.16932 3.48523 4.61091 4.61149 4.61149 4.61149 4.61149 4.61149 4.61149 4.61149 4.61149 4.61149 4.61149 4.61149 4.61149 4.61149 4.61149 4.57261 3.56334 4.10036 4.54826 4.92869 4.97430 4.97430 4.97430 4.97430 4.97430 4.97430 4.97430 4.97430 4.97430 4.97430 4.97430 4.97430 4.97430 4.97430 4.97430 4.97430 4.97430 4.97430 4.97430 4.97430 4.97430 4.97430 4.93915 3.32777 3.19707 3.52789 4.18568 4.84398
2.21296 2.21296 2.21296 2.21296 2.21296 2.21296 2.21296 2.59083 2.85374 2.98266 3.14327 3.16932 3.16932 3.16932 3.16932 3.16932 3.16932 3.16932 3.16932 4.48241 4.61149 4.61149 4.61149 4.61149 4.61149 4.61149 4.61149 4.61149 4.61149 4.61149 4.61149 4.69040 4.85075 5.01122 5.16412 4.72822 4.96906 4.97430 4.97430 4.97430 4.97430 4.97430 4.97430 4.97430 4.97430 4.97430 4.97430 4.97430 4.97430 4.97430 4.97430 4.97430 4.97430 4.97430 4.97430 4.97430 4.97430 4.97430 4.97430 4.97430 4.95727 4.90923 4.78109 5.43484 5.76156 5.76156 5.76156
2.21296 2.21296 2.21296 2.21296 2.21296 2.21296 2.21296 3.16932 3.16932 3.16932 3.16932 3.16932 3.16932 3.16932 3.16932 3.16932 3.16932 3.16932 3.16932 4.19183 4.61149 4.61149 4.61149 4.61149 4.61149 4.61149 4.61149 4.64808 4.80003 4.96044 5.12101 5.20254 5.20254 5.20254 5.20254 4.93346 4.82213 4.97430 4.97430 4.97430 4.97430 4.97430 4.97430 4.97430 4.97430 4.97430 4.97430 4.97430 4.97430 4.97430 4.97430 4.97430 4.97430 4.97430 4.97430 4.97430 4.96485 4.91961 4.87091 4.82220 4.79051 4.78987 5.06297 5.76156 5.76156 5.76156 5.76156
2.21296 2.21296 2.21296 0.00000 0.00000 0.00000 0.00000 0.00000 3.16932 3.16932 3.16932 3.16932 3.16932 3.16932 3.16932 3.16932 3.16932 3.16932 3.16932 3.76958 4.61149 4.61149 4.61149 4.62183 4.74926 4.90973 5.07014 5.19403 5.20254 5.20254 5.20254 5.20254 5.20254 5.20254 5.20254 5.10954 4.61117 4.97430 4.97430 4.97430 4.97430 4.97430 4.97430 4.97430 4.97430 4.97430 4.97430 4.97430 4.97430 4.97430 4.97430 4.97430 4.97022 4.93000 4.88131 4.83258 4.79334 4.78987 4.78987 4.78987 4.78987 4.78987 4.80911 5.69208 5.76156 5.76156 5.76156
0.00000 0.00000 0.00000 0.00000 0.00000 0.00000 0.00000 0.00000 3.16932 3.16932 3.16932 3.16932 3.16932 3.16932 3.16932 3.16932 3.16932 3.16932 3.16932 3.23962 4.66459 4.85896 5.01937 5.16962 5.20254 5.20254 5.20254 5.20254 5.20254 5.20254 5.20254 5.17280 5.07448 4.97360 4.87271 4.76835 4.45043 4.96701 4.97430 4.97430 4.97430 4.97430 4.97430 4.97430 4.97430 4.97430 4.97430 4.97430 4.97335 4.94042 4.89167 4.84300 4.79835 4.78987 4.78987 4.78987 4.78987 4.78987 4.78987 4.78987 4.78987 4.78987 4.78987 5.38746 5.76156 5.76156 5.76156
0.00000 0.00000 0.00000 0.00000 0.00000 0.00000 0.00000 0.00000 3.16932 3.16932 3.16932 3.16932 3.16932 3.16932 3.16932 3.16932 3.25395 3.56272 3.88377 4.20424 5.04641 5.20254 5.20254 5.20254 5.13895 4.83155 4.49142 4.20158 4.84313 4.80568 4.70479 4.63330 4.63061 4.63061 4.63061 4.63061 4.50237 4.81296 4.97430 4.97430 4.97430 4.97430 4.97430 4.97430 4.97430 4.95078 4.90209 4.85337 4.80562 4.78987 4.78987 4.78987 4.78987 4.78987 4.78987 4.78987 4.78987 4.78987 4.78987 4.78987 4.78987 4.75582 4.48926 4.60729 5.76156 5.76156 5.76156
0.00000 0.00000 0.00000 0.00000 0.00000 0.00000 0.00000 0.00000 0.00000 3.16932 3.16932 3.16932 3.19615 3.46141 3.78199 4.10317 4.33947 4.35141 4.35141 4.32846 4.47321 4.51058 4.20374 3.94333 3.74467 3.67154 3.66056 3.66056 4.24138 4.63061 4.63061 4.63061 4.63061 4.63061 4.63061 4.63061 4.57221 4.60252 4.97430 4.97430 4.97430 4.95989 4.91246 4.86379 4.81506 4.78987 4.78987 4.78987 4.78987 4.78987 4.78987 4.78987 4.78987 4.78987 4.78987 4.78987 4.75731 4.49200 4.25662 4.08002 3.94306 3.84325 3.82710 3.87298 5.65469 5.76156 5.76156
0.00000 0.00000 0.00000 0.00000 0.00000 0.00000 0.00000 0.00000 0.00000 3.37572 3.68069 4.00163 4.29561 4.35141 4.35141 4.10659 3.72042 3.44161 3.23111 3.07258 3.14042 3.66002 3.66056 3.66056 3.66056 3.66056 3.66056 3.66056 3.94893 4.63061 4.63061 4.63061 4.63061 4.63061 4.63061 4.63061 4.61999 4.34677 4.89683 4.87417 4.82546 4.79116 4.78987 4.78987 4.78987 4.78987 4.78987 4.78987 4.78987 4.78987 4.78987 4.75880 4.49476 4.25864 4.08225 3.94476 3.84385 3.82710 3.82710 3.82710 3.82710 3.82710 3.82710 3.82710 4.90437 5.76156 5.75514
0.00000 0.00000 0.00000 0.00000 0.00000 0.00000 0.00000 0.00000 0.00000 4.35141 4.22818 3.82404 3.51792 3.28958 3.11279 3.03593 3.03593 3.03593 3.03593 3.03593 3.03593 3.58552 3.66056 3.66056 3.66056 3.66056 3.66056 3.66056 3.72222 4.62017 4.63061 4.63061 4.63061 4.62526 4.47804 4.26725 4.05659 3.21789 4.24883 4.78987 4.78987 4.78987 4.78987 4.78987 4.78987 4.78987 4.74613 4.48683 4.26066 4.08380 3.94670 3.84470 3.82710 3.82710 3.82710 3.82710 3.82710 3.82710 3.82710 3.82710 3.82710 3.82710 3.82710 3.79594 4.09207 4.55542 4.09124
0.00000 0.00000 0.00000 0.00000 0.00000 0.00000 0.00000 0.00000 0.00000 0.00000 3.32013 3.03593 3.03593 3.03593 3.03593 3.03593 3.03593 3.03593 3.03593 3.03593 3.03593 3.43647 3.66056 3.66056 3.66056 3.66056 3.66056 3.66056 3.66056 4.34470 4.54358 4.33378 4.12306 3.91762 3.85419 3.85419 3.85419 3.50708 3.57891 4.78987 4.78987 4.77454 4.39081 3.98270 3.68226 3.45176 3.28118 3.65957 3.82710 3.82710 3.82710 3.82710 3.82710 3.82710 3.82710 3.82710 3.82710 3.82710 3.82710 3.80754 3.74801 3.68726 3.62655 3.59698 3.66160 3.95477 3.92686
0.00000 0.00000 0.00000 0.00000 0.00000 0.00000 0.00000 0.00000 0.00000 0.00000 3.56694 3.03593 3.03593 3.03593 3.03593 3.03593 3.03593 3.03593 3.03593 3.03593 3.03593 3.24946 3.66056 3.66056 3.66056 3.66056 3.63582 3.50696 3.36650 3.51188 3.85504 3.85419 3.85419 3.85419 3.85419 3.85419 3.85376 3.60554 2.64422 3.69855 3.48358 3.29920 3.24942 3.24942 3.24942 3.24942 3.24942 3.48627 3.82710 3.82710 3.82710 3.82710 3.82710 3.82710 3.82710 3.81647 3.76076 3.70007 3.63932 3.59815 3.59698 3.59698 3.59698 3.59698 3.59735 3.94615 3.92686
0.00000 0.00000 0.00000 0.00000 0.00000 0.00000 0.00000 0.00000 0.00000 0.00000 4.34396 3.12146 3.03593 3.03593 3.03593 3.03593 3.03593 3.03593 3.03593 3.03593 3.03593 3.05706 3.63287 3.55127 3.41076 3.27028 3.15454 3.14295 3.14295 3.23149 3.85419 3.85419 3.76585 3.58130 3.40435 3.16475 2.92433 2.72853 2.25589 2.97035 3.24942 3.24942 3.24942 3.24942 3.24942 3.24942 3.24942 3.31453 3.82554 3.82710 3.82710 3.82270 3.77362 3.71290 3.65209 3.60204 3.59698 3.59698 3.59698 3.59698 3.59698 3.59698 3.59698 3.59698 3.59698 3.81587 3.92686
0.00000 0.00000 0.00000 0.00000 0.00000 0.00000 0.00000 0.00000 0.00000 0.00000 0.00000 3.19728 3.03593 3.03593 3.03593 3.03593 3.03593 3.03593 3.03593 2.93834 2.72762 2.51705 2.97599 3.14295 3.14295 3.14295 3.14295 3.16568 3.26675 3.31325 3.15562 2.84375 2.62817 2.44011 2.26843 2.25377 2.25377 2.25377 2.25377 2.63569 3.24942 3.24942 3.24942 3.24942 3.24942 3.24942 3.24942 3.24855 3.67635 3.72564 3.66493 3.60860 3.59698 3.59698 3.59698 3.59698 3.59698 3.59698 3.59698 3.59698 3.59698 3.59698 3.59698 3.59698 3.59119 3.65886 3.95392
0.00000 0.00000 0.00000 0.00000 0.00000 0.00000 0.00000 0.00000 0.00000 0.00000 0.00000 3.29288 3.03593 3.03593 3.03593 2.99183 2.79408 2.58344 2.37264 2.25967 2.25951 2.25951 2.70425 3.18519 3.18847 3.19312 3.19977 3.15378 2.88560 2.79856 2.40271 2.25377 2.25377 2.25377 2.25377 2.25377 2.25377 2.25377 2.25377 2.32277 3.22774 3.24942 3.24942 3.24942 3.22144 3.16076 3.10005 3.04018 3.31410 3.59698 3.59698 3.59698 3.59698 3.59698 3.59698 3.59698 3.59698 3.59698 3.59698 3.59119 3.53302 3.46235 3.39168 3.32101 3.25614 3.26173 4.00225
0.00000 0.00000 0.00000 0.00000 0.00000 0.00000 0.00000 0.00000 0.00000 0.00000 0.00000 3.82600 2.89209 2.64982 2.43918 2.27255 2.25951 2.25956 2.29246 2.36545 2.45985 2.58654 2.76720 2.79877 2.79856 2.79856 2.79856 2.79856 2.79856 2.79856 2.56806 2.25377 2.25377 2.25377 2.25377 2.25377 2.25377 2.25377 2.25377 2.25377 2.94746 3.17355 3.11282 3.05210 3.01935 3.01931 3.01931 3.01931 3.14119 3.59698 3.59698 3.59698 3.59698 3.59698 3.59147 3.53373 3.46306 3.39204 3.32101 3.25614 3.24363 3.24363 3.24363 3.24363 3.24363 3.24363 3.73354
0.00000 0.00000 0.00000 0.00000 0.00000 0.00000 0.00000 0.00000 0.00000 0.00000 0.00000 0.00000 2.27957 2.27512 2.34070 2.42746 2.54237 2.70207 2.79856 2.79856 2.79856 2.79856 2.79856 2.79856 2.79856 2.79856 2.79856 2.79856 2.79856 2.79856 2.77427 2.26963 2.25377 2.25377 2.25377 2.25377 2.25940 2.31065 2.37179 2.43300 2.67960 3.01931 3.01931 3.01931 3.01931 3.01931 3.01931 3.01931 3.02289 3.53647 3.53373 3.46306 3.39239 3.32172 3.25656 3.24363 3.24363 3.24363 3.24363 3.24363 3.24363 3.24363 3.24363 3.24363 3.24363 3.24246 3.47191
0.00000 0.00000 0.00000 0.00000 0.00000 0.00000 0.00000 0.00000 0.00000 0.00000 0.00000 0.00000 2.66422 2.79000 2.79856 2.79856 2.79856 2.79856 2.79856 2.79856 2.79856 2.79856 2.79856 2.79856 2.79856 2.79856 2.79856 2.79856 2.79856 2.79856 2.79856 2.36385 2.25417 2.29144 2.35256 2.41377 2.46930 2.47922 2.47922 2.47922 2.51317 3.00590 3.01931 3.01931 3.01691 2.95237 2.86059 2.76868 2.67688 3.00011 3.24363 3.24363 3.24363 3.24363 3.24363 3.24363 3.24363 3.24363 3.24363 3.24363 3.24363 3.24361 3.22175 3.18027 3.13878 3.09844 3.13975
0.00000 0.00000 0.00000 0.00000 0.00000 0.00000 0.00000 0.00000 0.00000 0.00000 0.00000 0.00000 2.79856 2.79856 2.79856 2.79856 2.79856 2.79856 2.79856 2.79856 2.79856 2.79856 2.79856 2.79856 2.79856 2.79856 2.79856 2.79856 2.79856 2.83783 2.95773 2.71593 2.45527 2.47922 2.47922 2.47922 2.47922 2.47922 2.47922 2.47908 2.42820 2.71524 2.78460 2.69280 2.60335 2.57604 2.57604 2.57604 2.57604 2.78582 3.24363 3.24363 3.24363 3.24363 3.24363 3.24363 3.24363 3.24363 3.22976 3.18899 3.14746 3.10599 3.08637 3.08637 3.08637 3.08637 3.08637
0.00000 0.00000 0.00000 0.00000 0.00000 0.00000 0.00000 0.00000 0.00000 0.00000 0.00000 0.00000 0.00000 2.79856 2.79856 2.79856 2.79856 2.79856 2.79856 2.79856 2.79856 2.79856 2.79856 2.79856 2.79856 2.81303 2.91926 3.04159 3.16393 3.24707 3.24946 3.14425 2.48461 2.47922 2.47922 2.44345 2.35231 2.26042 2.16862 2.07687 2.03595 2.23303 2.57604 2.57604 2.57604 2.57604 2.57604 2.57604 2.57604 2.60651 3.22385 3.24363 3.24363 3.24363 3.23595 3.19764 3.15614 3.11467 3.08706 3.08637 3.08637 3.08637 3.08637 3.08637 3.08637 3.08637 3.08637
0.00000 0.00000 0.00000 0.00000 0.00000 0.00000 0.00000 0.00000 0.00000 0.00000 0.00000 0.00000 0.00000 2.79856 2.79856 2.79856 2.79856 2.79856 2.79856 2.79856 2.79856 2.80036 2.88085 3.00313 3.12551 3.23336 3.24946 3.24946 3.24946 3.24946 3.24946 3.24946 2.41947 2.18453 2.09269 2.03657 2.03595 2.03595 2.03595 2.03595 2.03595 2.06673 2.56054 2.57604 2.57604 2.57604 2.57604 2.57604 2.57604 2.57604 3.05210 3.20631 3.16484 3.12335 3.08954 3.08637 3.08637 3.08637 3.08637 3.08637 3.08637 3.08637 3.08637 3.08637 3.08637 3.08637 3.08637
0.00000 0.00000 0.00000 0.00000 0.00000 0.00000 0.00000 0.00000 0.00000 0.00000 0.00000 0.00000 0.00000 2.79856 2.79856 2.79856 2.79856 2.79856 2.84360 2.96467 3.08709 3.20757 3.24946 3.24946 3.24946 3.24946 3.24946 3.24946 3.24946 3.24946 3.24946 3.24946 2.48958 2.03595 2.03595 2.03595 2.03595 2.03595 2.03595 2.03595 2.03595 2.03595 2.40954 2.57604 2.57604 2.57604 2.57529 2.54744 2.50592 2.46447 2.70646 3.08637 3.08637 3.08637 3.08637 3.08637 3.08637 3.08637 3.08637 3.08637 3.08637 3.08637 3.08850 3.11312 3.14383 3.17431 3.20479
0.00000 0.00000 0.00000 0.00000 0.00000 0.00000 0.00000 0.00000 0.00000 0.00000 0.00000 0.00000 0.00000 0.00000 2.82645 2.92625 3.04863 3.17091 3.24824 3.24946 3.24946 3.24946 3.24946 3.24946 3.24946 3.24946 3.24946 3.24946 3.24946 3.24946 3.24946 3.24946 2.92448 2.03595 2.03595 2.03595 2.03595 2.03595 2.03595 2.03595 2.03595 2.03595 2.22774 2.55610 2.51462 2.47315 2.43238 2.41878 2.41878 2.41878 2.50084 3.08550 3.08637 3.08637 3.08637 3.08637 3.08637 3.08839 3.11273 3.14327 3.17400 3.20449 3.23284 3.23878 3.23878 3.23878 3.23878
