High_resolution/powerplant/Chizhou/OMI_NO2_200908.asc
ncols      200
nrows      200
xllcorner       115.585
yllcorner       28.7700
cellsize     0.0166667
NODATA_Value      -999.000
[rows 0 to 29 of 190, columns 132 to 197 of 200]
4.19550 4.20512 4.22008 4.86372 6.10971 6.18499 6.18499 6.18499 6.18499 6.18499 6.18499 6.18499 6.18499 6.18499 6.18499 6.18499 6.14461 5.76859 5.45685 5.28115 5.43707 5.90652 5.89738 5.89738 5.89738 5.89738 5.89738 5.89738 5.89738 5.89738 5.89738 5.89738 5.89738 5.89738 5.89738 5.89738 5.89738 5.89738 5.89738 0.00000 0.00000 0.00000 0.00000 0.00000 0.00000 0.00000 0.00000 0.00000 0.00000 0.00000 0.00000 0.00000 0.00000 0.00000 0.00000 0.00000 0.00000 0.00000 0.00000 0.00000 0.00000 0.00000 0.00000 0.00000 0.00000 0.00000
4.20512 4.20512 4.20512 4.60720 5.60530 6.18499 6.18499 6.18499 6.18499 6.18499 6.18499 6.14461 5.76859 5.45685 5.28115 5.16699 5.09612 5.12560 5.14785 5.14785 5.21005 5.94345 5.89731 5.89738 5.89738 5.89738 5.89738 5.89738 5.89738 5.89738 5.89738 5.89738 5.89738 5.89738 5.89738 5.89738 5.89738 5.89738 5.89738 5.89738 0.00000 0.00000 0.00000 0.00000 0.00000 0.00000 0.00000 0.00000 0.00000 0.00000 0.00000 0.00000 10.6014 10.6014 10.6014 10.6014 0.00000 0.00000 0.00000 0.00000 0.00000 0.00000 0.00000 0.00000 0.00000 0.00000
4.20512 4.20512 4.20512 4.40669 5.21785 6.18499 6.14461 5.76859 5.45685 5.28115 5.16699 5.09612 5.12560 5.14785 5.14785 5.14785 5.14785 5.14785 5.14392 5.12831 5.11188 5.67238 5.88776 5.89738 5.89738 5.89738 5.89738 5.89738 5.89738 5.89738 5.89738 5.89738 5.89738 5.89738 5.89738 5.89738 5.89738 5.89738 5.89738 5.89738 0.00000 0.00000 0.00000 0.00000 0.00000 0.00000 10.6014 10.6014 10.6014 10.6014 10.6014 10.6014 10.6014 10.6014 10.6014 10.6014 10.6014 0.00000 0.00000 0.00000 0.00000 0.00000 0.00000 0.00000 0.00000 0.00000
4.20512 4.20238 4.15813 4.15542 4.64610 5.16511 5.09612 5.12560 5.14785 5.14785 5.14785 5.14785 5.14785 5.14785 5.14597 5.13180 5.11541 5.09901 5.08655 5.08577 5.08577 5.42294 5.88369 5.89738 5.89738 5.89738 5.89738 5.89738 5.89738 5.89738 5.89738 5.89738 5.89738 5.89738 5.89738 5.89738 5.89738 5.89738 5.89738 5.89738 0.00000 10.6014 10.6014 10.6014 10.3616 9.67027 9.35985 10.5010 10.6014 10.6014 10.6014 10.6014 10.6014 10.6014 10.6014 10.6014 10.6014 0.00000 0.00000 0.00000 0.00000 0.00000 0.00000 0.00000 0.00000 0.00000
4.05775 4.03063 4.04505 4.06027 4.42880 5.03193 5.14785 5.14785 5.14785 5.14785 5.14727 5.13530 5.11890 5.10250 5.08800 5.08577 5.08577 5.08577 5.08577 5.08577 5.08577 5.21062 5.89853 5.89738 5.89738 5.89738 5.89738 5.89738 5.89738 5.89738 5.89738 5.89738 5.89738 5.89738 5.89738 5.89738 6.07965 6.97407 7.93971 9.10580 10.4876 9.90241 9.45114 9.11841 8.90537 8.88425 8.88425 9.79913 10.6014 10.6014 10.6014 10.6014 10.6014 10.6014 10.6014 10.6014 10.6014 0.00000 0.00000 0.00000 0.00000 0.00000 0.00000 0.00000 0.00000 0.00000
4.06028 4.06028 4.06028 4.06028 4.28842 4.84576 5.14784 5.13878 5.12239 5.10601 5.09018 5.08577 5.08577 5.08577 5.08577 5.08577 5.08577 5.08577 5.08577 5.08577 5.08577 5.08918 5.78373 5.89316 5.89738 5.89738 5.89738 5.89738 5.89738 5.89738 5.89738 6.18374 7.12447 8.09060 9.05624 10.0219 10.7465 10.2066 9.67852 9.30701 8.94225 8.88425 8.88425 8.88425 8.88425 8.88425 8.88425 9.26951 10.6014 10.6014 10.6014 10.6014 10.6014 10.6014 10.6014 10.6014 10.6014 10.6014 0.00000 0.00000 0.00000 0.00000 0.00000 0.00000 0.00000 0.00000
4.06028 4.06028 4.06028 4.05449 4.12610 4.62134 5.09312 5.08577 5.08577 5.08577 5.08577 5.08577 5.08577 5.08577 5.08577 5.08577 5.08577 5.08577 5.08577 5.08577 5.08577 5.08577 5.51449 5.88909 5.89738 5.89738 6.31222 7.27487 8.24150 9.20714 10.1728 10.8525 10.8462 10.2728 9.72386 9.33997 9.07211 9.02230 9.02230 9.02230 8.94977 8.88425 8.88425 8.88425 8.88425 8.88425 8.88425 8.93937 10.5192 10.6014 10.6014 10.6014 10.6014 10.6014 10.6014 10.6014 10.6014 10.6014 0.00000 0.00000 0.00000 0.00000 0.00000 0.00000 0.00000 0.00000
4.04180 4.02542 4.00901 3.99841 3.99932 4.41480 5.02859 5.08577 5.08577 5.08577 5.08577 5.08577 5.08577 5.08577 5.08577 5.08577 5.08577 5.08577 5.08577 5.08753 5.10593 5.13561 5.35917 6.49627 9.35803 10.3232 10.8750 10.8774 10.8656 10.3427 9.77087 9.37356 9.09008 9.02230 9.02230 9.02230 9.02230 9.02230 9.02230 9.02230 8.99016 8.88425 8.88425 8.88425 8.88425 8.88425 8.88425 8.88425 9.82830 10.6014 10.6014 10.6014 10.6014 10.6014 10.6014 10.6014 10.6014 10.6014 0.00000 0.00000 0.00000 0.00000 0.00000 0.00000 0.00000 0.00000
3.99820 3.99820 3.99820 3.99820 3.99820 4.27117 4.84702 5.08577 5.08577 5.08577 5.08577 5.08577 5.08577 5.08577 5.08744 5.10571 5.13539 5.17258 5.20959 5.24481 5.26340 5.27070 5.29589 6.16782 10.7883 10.4150 9.81983 9.40862 9.11094 9.02230 9.02230 9.02230 9.02230 9.02230 9.02230 9.02230 9.02230 9.02230 9.02230 9.02230 9.02053 8.89425 8.88425 8.88425 8.88425 8.88425 8.88425 8.88425 9.28769 10.6014 10.6014 10.6014 10.6014 10.6014 10.6014 10.3818 9.56363 8.59771 0.00000 0.00000 0.00000 0.00000 0.00000 0.00000 0.00000 0.00000
3.99820 3.99820 3.99820 3.99820 3.99820 4.13077 4.66066 5.08577 5.08577 5.08735 5.10548 5.13511 5.17223 5.20922 5.24453 5.26335 5.27070 5.27070 5.27070 5.27070 5.27070 5.26376 5.24574 5.69792 8.41341 9.02230 9.02230 9.02230 9.02230 9.02230 9.02230 9.02230 9.02230 9.02230 9.02230 9.02230 9.02230 9.02230 9.02230 9.02230 9.02230 8.93286 8.88425 8.88425 8.88425 8.88425 8.88425 8.88425 8.94764 10.5366 10.1468 9.29470 8.44306 7.59142 6.73978 6.10772 6.07377 6.07377 6.07377 0.00000 0.00000 0.00000 0.00000 0.00000 0.00000 0.00000
3.99820 3.99820 3.99820 3.99820 4.00535 4.13194 4.55730 5.16036 5.20899 5.24440 5.26325 5.27070 5.27070 5.27070 5.27070 5.27070 5.27070 5.26665 5.24945 5.23125 5.21305 5.20179 5.20164 5.44514 7.40321 9.02230 9.02230 9.02230 9.02230 9.02230 9.02230 9.02230 9.02230 9.02230 9.02230 9.02230 9.02230 9.02230 9.02230 9.02230 9.02230 8.97324 8.88425 8.88425 8.85845 8.52250 8.09668 7.71845 7.45364 6.80039 6.07377 6.07377 6.07377 6.07377 6.07377 6.07377 6.07377 6.07377 6.07377 0.00000 0.00000 0.00000 0.00000 0.00000 0.00000 0.00000
4.09266 4.26121 4.49988 4.85064 5.38838 5.79276 5.08648 5.18854 5.27070 5.27070 5.27070 5.27070 5.27070 5.26876 5.25320 5.23499 5.21679 5.20265 5.20164 5.20164 5.20164 5.20164 5.20164 5.27077 6.45910 9.02230 9.02230 9.02230 9.02230 9.02230 9.02230 9.02230 9.02230 9.02230 9.02230 9.02230 9.02230 9.02230 9.02230 9.16298 9.92430 10.7048 7.61720 7.14633 6.90241 6.97804 7.14409 7.26223 7.26708 6.97358 6.07377 6.07377 6.07377 6.07377 6.07377 6.07377 6.07377 6.07377 6.07377 0.00000 0.00000 0.00000 0.00000 0.00000 0.00000 0.00000
5.74422 5.99050 5.99876 5.99876 5.99876 5.99876 5.37401 5.08043 5.27070 5.27011 5.25695 5.23874 5.22054 5.20428 5.20164 5.20164 5.20164 5.20164 5.20164 5.20164 5.20164 5.20164 5.20164 5.20164 5.77036 8.60720 9.02230 9.02230 9.02230 9.02230 9.02230 9.02230 9.02230 9.02230 9.24319 10.0457 10.8799 11.7120 12.5467 13.2643 13.4867 13.6525 8.67445 7.25731 7.26708 7.26708 7.26708 7.26708 7.26708 7.21658 6.10788 6.07377 6.07377 6.07377 6.07377 6.07377 6.07377 6.07377 6.07377 6.07377 0.00000 0.00000 0.00000 0.00000 0.00000 0.00000
5.99876 5.99876 5.99876 5.99876 5.99876 5.99869 5.77879 4.90617 5.22380 5.20669 5.20164 5.20164 5.20164 5.20164 5.20164 5.20164 5.20164 5.20164 5.20164 5.20164 5.20164 5.20164 5.20164 5.20164 5.52371 7.66825 9.02230 9.02230 9.02230 9.34141 10.1679 11.0013 11.8351 12.6681 13.2810 13.3287 13.4699 13.6355 13.8016 13.9418 13.9581 13.9581 10.7796 7.26708 7.26708 7.26708 7.26708 7.26708 7.26708 7.26708 6.56820 6.07377 6.07377 6.07377 6.07377 6.07377 6.07377 6.07377 6.07377 6.07377 0.00000 0.00000 0.00000 0.00000 0.00000 0.00000
5.99876 5.99876 5.97930 5.92540 5.87077 5.81624 5.79158 4.89306 5.14617 5.20164 5.20164 5.20164 5.20164 5.20164 5.20164 5.20164 5.20164 5.20164 5.20164 5.20164 5.20164 5.20164 5.20843 5.29133 5.59698 7.20799 11.1235 11.9569 12.7903 13.3050 13.3114 13.3219 13.4534 13.6191 13.7850 13.9335 13.9581 13.9581 13.9581 13.9581 13.9581 13.9581 12.7450 7.26708 7.26708 7.26708 7.26708 7.26708 7.26708 7.26708 6.95908 6.07377 6.07377 6.07377 6.07377 6.07377 6.07377 6.07377 6.07377 6.07377 0.00000 0.00000 12.5553 12.5553 12.5553 12.5553
5.88204 5.82740 5.79225 5.79158 5.79158 5.79158 5.79158 5.12108 5.03743 5.20164 5.20164 5.20164 5.20164 5.20164 5.20164 5.20164 5.20164 5.20843 5.29133 5.47473 5.76766 6.11324 6.50804 6.74483 6.84094 6.97871 12.9270 13.3169 13.4366 13.6024 13.7683 13.9237 13.9581 13.9581 13.9581 13.9581 13.9581 13.9581 13.9581 13.9581 13.9581 13.9581 13.9447 8.03453 7.26708 7.26708 7.26708 7.26708 7.26708 7.26708 7.20921 6.09740 6.07377 6.07377 6.07377 6.07377 6.07377 6.07377 6.65717 7.89111 12.5553 12.5553 12.5553 12.5553 12.5553 12.5553
5.90543 5.79158 5.79158 5.79158 5.79158 5.79158 5.79158 5.46350 4.89918 5.20164 5.20164 5.20164 5.20843 5.29133 5.47473 5.76766 6.11324 6.50804 6.74483 6.84094 6.84094 6.84094 6.84094 6.84147 6.92848 7.11821 12.3522 13.9120 13.9581 13.9581 13.9581 13.9581 13.9581 13.9581 13.9581 13.9581 13.9581 13.9581 13.9581 13.9581 13.9581 13.9581 13.9581 9.98704 7.26708 7.26708 7.26708 7.26708 7.26708 7.26708 7.26708 6.54496 6.07377 5.98052 6.44798 7.40996 8.08254 8.56892 8.77405 8.77997 11.9198 12.5553 12.5553 12.5553 12.5553 12.5553
6.95868 5.79158 5.79158 5.79158 5.79158 5.79158 5.79158 5.78529 4.93069 5.45116 5.76766 6.11324 6.50804 6.74483 6.84094 6.84094 6.84094 6.84094 6.84094 6.84094 6.89681 7.07340 7.31959 7.68130 7.89030 7.89030 11.5348 13.9581 13.9581 13.9581 13.9581 13.9581 13.9581 13.9581 13.9581 13.9581 13.9581 13.9581 13.9581 13.9581 13.9581 13.9581 13.9581 11.9528 7.26708 7.26708 7.26708 7.26315 7.18737 7.08489 7.16029 7.38875 7.92570 8.48367 8.76782 8.76858 8.76858 8.76858 8.76858 8.76858 10.4906 12.5553 12.5553 12.5553 12.5553 12.5553
8.21836 5.79158 5.79158 5.79158 5.79158 5.79158 5.79158 5.79158 5.79158 6.59375 6.84094 6.84094 6.84094 6.84094 6.84094 6.84094 6.87256 7.03167 7.26065 7.59337 7.88590 7.89030 7.89030 7.89030 7.89030 7.89030 8.92985 14.2051 13.9581 13.9581 13.9581 13.9581 13.9581 13.9581 13.9581 13.9581 13.9581 13.9581 13.9581 13.9581 13.9581 13.9581 13.8712 13.0807 7.20556 6.94905 6.98879 7.31124 7.71245 8.14126 8.39118 8.43204 8.76579 8.76858 8.76858 8.76858 8.76858 8.76858 8.76858 8.76858 9.53266 12.5553 12.5553 12.5553 12.5553 12.5553
9.34788 5.92076 5.79158 5.79158 5.79158 5.79158 5.79158 5.79158 5.79158 6.30085 6.84094 6.84094 6.85557 6.99250 7.20610 7.51184 7.85989 7.89030 7.89030 7.89030 7.89030 7.89030 7.89030 7.89030 7.89030 7.89030 7.89030 13.8834 13.9581 13.9581 13.9581 13.9581 13.9581 13.9581 13.9581 13.9581 13.9581 13.8197 13.2619 12.6761 12.0897 11.5033 11.1140 11.4650 8.87623 8.09946 8.38533 8.39285 8.39285 8.39285 8.39285 8.39285 8.68311 8.76858 8.76858 8.76858 8.76858 8.76858 8.76858 8.76858 8.89214 12.4317 12.5553 12.5553 12.5553 12.5553
9.53586 6.99100 5.79158 5.79158 5.79158 5.79158 5.79158 5.79158 5.79158 5.91256 7.14214 7.43738 7.81191 7.89030 7.89030 7.89030 7.89030 7.89030 7.89030 7.89030 7.89030 7.89030 7.89030 7.89030 7.89030 7.89030 7.89030 12.5803 13.9581 13.9581 13.9581 13.9581 13.7554 13.1775 12.5914 12.0052 11.4194 10.9717 11.0253 11.4230 11.8512 12.2798 12.5978 12.6148 10.8257 8.39285 8.39285 8.39285 8.39285 8.39285 8.39285 8.39285 8.56064 8.76858 8.76858 8.76858 8.76858 8.76858 8.76858 8.76858 8.76858 11.0757 12.5553 12.5553 12.5553 12.5553
9.53586 8.24920 5.79158 5.79158 5.79158 5.79158 5.79158 5.79158 5.79158 0.00000 7.89030 7.89030 7.89030 7.89030 7.89030 7.89030 7.89030 7.89030 7.89030 7.89030 7.89030 7.89030 7.89030 7.89030 7.89030 7.89030 7.89030 9.87825 13.3285 12.5075 11.9214 11.3350 10.9512 10.9431 11.0016 11.3814 11.8095 12.2382 12.5839 12.6148 12.6148 12.6148 12.6148 12.6148 12.0517 8.39395 8.39285 8.39285 8.39285 8.39285 8.39285 8.39285 8.43928 8.76760 8.76858 8.76858 8.76858 8.76858 8.76858 8.76858 8.76858 9.92504 12.5553 12.5553 12.5572 12.8351
9.53586 9.08227 5.86924 5.79158 5.79158 0.00000 0.00000 0.00000 0.00000 0.00000 7.89030 7.89030 7.89030 7.89030 7.89030 7.89030 7.89030 7.89030 7.89030 7.89030 7.89030 7.89030 7.64917 7.13264 6.61860 6.10059 5.58259 5.33492 11.0764 10.9431 10.9819 11.3396 11.7679 12.1964 12.5660 12.6148 12.6148 12.6148 12.6148 12.6148 12.6148 12.6148 12.6148 12.6148 12.6148 9.05824 8.39285 8.39285 8.39285 8.39285 8.39285 8.39285 8.39285 8.69169 8.76858 8.76858 8.76858 8.76858 8.76858 8.76858 8.77001 9.30779 13.3190 13.7954 14.2664 14.4640
6.93460 6.34742 6.33075 0.00000 0.00000 0.00000 0.00000 0.00000 0.00000 0.00000 7.89030 7.89030 7.89030 7.89030 7.89030 7.89030 7.89030 7.64425 7.12624 6.61005 6.09541 5.57741 5.30053 5.30027 5.30027 5.30027 5.35303 6.24633 10.3186 12.1547 12.5441 12.6148 12.6148 12.6148 12.6148 12.6148 12.6148 12.6148 12.6148 12.6148 12.6148 12.6148 12.6148 12.6148 12.6148 10.2849 8.39285 8.39285 8.39285 8.39285 8.39285 8.39285 8.39285 8.56958 8.76858 8.76858 8.79244 8.99943 9.29594 9.59273 9.88742 10.0362 13.5703 14.4640 14.4640 14.4640
6.33075 6.33075 6.33075 0.00000 0.00000 0.00000 0.00000 0.00000 0.00000 0.00000 0.00000 7.89030 7.63907 7.12106 6.60306 6.08782 5.57223 5.30027 5.30027 5.30027 5.30027 5.30027 5.30308 6.02391 6.93559 7.56099 8.00138 8.10350 9.37470 12.5742 12.6148 12.6148 12.6148 12.6148 12.6148 12.6148 12.6148 12.6148 12.6148 12.6148 12.6148 12.6148 12.6148 12.6148 12.6148 11.5121 8.39285 8.39285 8.39285 8.39285 8.39380 8.43307 8.49051 8.45535 9.37863 9.67578 9.94896 10.0383 10.0383 10.0383 10.0383 10.0383 11.9440 14.4640 14.4640 14.4640
6.33075 6.33075 6.33075 6.33075 0.00000 0.00000 0.00000 0.00000 0.00000 0.00000 0.00000 5.52226 5.30027 5.30027 5.30027 5.30027 5.30027 5.30027 5.30027 5.79228 6.77552 7.44766 7.93090 8.10350 8.10350 8.10350 8.10350 8.10350 8.28835 12.3127 12.6148 12.6148 12.6148 12.6148 12.6148 12.6148 12.6148 12.6148 12.6148 12.6148 12.6148 12.6148 12.6148 12.6148 12.6148 12.4225 8.59508 8.51131 8.57064 8.49017 8.27975 8.03098 7.76430 7.66081 9.60650 10.0383 10.0383 10.0383 10.0383 10.0383 10.0383 10.0383 10.8625 14.4640 14.4640 14.4640
6.33075 6.33075 6.33075 6.33075 0.00000 0.00000 0.00000 0.00000 0.00000 0.00000 0.00000 5.30027 5.30027 5.30027 5.30027 5.59306 6.60136 7.32684 7.84242 8.09957 8.10350 8.10350 8.10350 8.10350 8.10350 8.10350 8.10350 8.10350 8.10350 11.1500 12.6148 12.6148 12.6148 12.6148 12.6148 12.6148 12.6148 12.6148 12.6148 12.6148 12.4498 11.6710 10.8341 9.99768 9.16035 8.30600 8.19770 8.05863 7.78975 7.66081 7.66081 7.66081 7.66081 7.66081 8.82908 10.0383 10.0383 10.0383 10.0383 10.0383 10.0383 10.0229 9.88491 12.2120 11.5905 11.0309
6.33075 6.33075 6.33075 6.33075 0.00000 0.00000 0.00000 0.00000 0.00000 0.00000 0.00000 9.15471 6.48656 7.19679 7.74798 8.08032 8.10350 8.10350 8.10350 8.10350 8.10350 8.10350 8.10350 8.10350 8.10350 8.10350 8.10350 8.10350 8.10350 9.83987 12.5773 12.6148 12.6148 12.6148 12.6148 12.3614 11.5452 10.7079 9.87167 9.03495 8.36310 8.21601 7.95195 7.68308 7.41452 7.25876 7.41352 7.66081 7.66081 7.66081 7.66081 7.66081 7.66081 7.66081 8.05212 10.0383 10.0383 9.91761 9.63374 9.39674 9.19776 9.03543 8.99749 10.1024 10.6899 10.6899
6.33075 6.33075 6.33075 6.33075 6.33075 0.00000 0.00000 10.9067 10.9067 10.9067 10.9067 10.9067 8.72825 8.10350 8.10350 8.10350 8.10350 8.10350 8.10350 8.10350 8.10350 8.10350 8.10350 8.10350 8.10350 8.10350 8.10350 8.10350 8.10350 8.63612 12.0726 11.4198 10.5825 9.74601 8.90911 8.32561 8.30536 8.23706 7.97939 7.71083 7.44175 7.26264 7.25792 7.25792 7.25792 7.25792 7.29757 7.65892 7.66081 7.66081 7.66081 7.66081 7.65395 7.59306 7.53161 8.99014 9.10038 8.99909 8.99749 8.99749 8.99749 8.99749 8.99749 9.59576 10.6899 10.6899
6.33075 6.33075 6.33075 6.33075 7.33344 10.9067 10.9067 10.9067 10.9067 10.9067 10.9067 10.9067 9.49201 8.10350 8.10350 8.10350 8.10350 8.10350 8.10350 8.10350 8.10350 8.10350 8.10350 8.10350 8.10350 8.12240 8.16557 8.20882 8.25207 8.29530 8.05401 8.30536 8.30536 8.25529 8.00694 7.73817 7.46961 7.26892 7.25792 7.25792 7.25792 7.25792 7.25792 7.25792 7.25792 7.25792 7.25792 7.58076 7.66074 7.55882 7.50208 7.45548 7.41888 7.41251 7.41251 8.22261 8.99749 8.99749 8.99749 8.99749 8.99749 8.99749 8.99749 9.17463 10.2901 9.62547
