High_resolution/powerplant/Chizhou/OMI_NO2_201007.asc
ncols      200
nrows      200
xllcorner       115.585
yllcorner       28.7700
cellsize     0.0166667
NODATA_Value      -999.000
[rows 116 to 144 of 200, columns 65 to 129 of 200]
1.64698 1.74429 1.84164 1.92983 1.94541 1.94541 1.94541 1.94541 2.92186 3.83216 3.83216 3.83312 3.98579 4.00151 4.00151 4.00151 4.00151 4.00151 4.00151 4.00151 4.00151 4.00151 4.00151 4.00151 3.99807 3.87990 3.70607 3.53216 3.35818 3.36769 0.00000 0.00000 0.00000 0.00000 0.00000 0.00000 0.00000 0.00000 0.00000 0.00000 0.00000 0.00000 0.00000 0.00000 0.00000 0.00000 0.00000 0.00000 0.00000 0.00000 0.00000 0.00000 0.00000 0.00000 0.00000 0.00000 0.00000 0.00000 0.00000 0.00000 0.00000 0.00000 0.462376 0.462376 0.462376
1.94541 1.94541 1.94541 1.94541 1.94541 1.94541 1.94541 1.94541 2.16772 3.81320 3.83216 3.83216 3.93760 4.00151 4.00151 4.00151 4.00151 4.00151 4.00151 4.00151 3.98060 3.82939 3.65556 3.48165 3.31118 3.25545 3.25545 3.25545 3.25545 3.32693 0.00000 0.00000 0.00000 0.00000 0.00000 0.00000 0.00000 0.00000 0.00000 0.00000 0.00000 0.00000 0.00000 0.00000 0.00000 0.00000 0.00000 0.00000 0.00000 0.00000 0.00000 0.00000 0.00000 0.00000 0.00000 0.00000 0.00000 0.00000 0.00000 0.00000 0.00000 0.00000 0.462376 0.462376 0.462376
1.94541 1.94541 1.94541 1.94541 1.94541 1.94541 1.94541 1.94541 1.94541 3.54586 3.83216 3.83216 3.88864 4.00151 4.00151 4.00151 3.94854 3.77896 3.60497 3.43107 3.27813 3.25545 3.25545 3.25545 3.25545 3.25545 3.21399 3.04596 2.86918 2.74065 4.14686 0.00000 0.00000 0.00000 0.00000 0.00000 0.00000 0.00000 0.00000 0.00000 0.00000 0.00000 0.00000 0.00000 0.00000 0.00000 0.00000 0.00000 0.00000 0.00000 0.00000 0.00000 0.00000 0.00000 0.00000 0.00000 0.00000 0.00000 0.00000 0.00000 0.00000 0.00000 0.462376 0.462376 0.462376
1.94541 1.94541 1.94541 1.94541 1.94541 1.94541 1.94541 1.94541 1.94541 3.08047 3.83216 3.83171 3.74335 3.72547 3.55454 3.38056 3.25970 3.25545 3.25545 3.25545 3.25545 3.21337 3.04596 2.86918 2.69240 2.51562 2.38030 2.37155 2.37155 2.37155 2.88680 0.00000 0.00000 0.00000 0.00000 0.00000 0.00000 0.00000 0.00000 0.00000 0.00000 0.00000 0.00000 0.00000 0.00000 0.00000 0.00000 0.00000 0.00000 0.00000 0.00000 0.00000 0.00000 0.00000 0.00000 0.00000 0.00000 0.00000 0.00000 0.00000 1.97694 1.97694 1.97694 0.942131 0.462376
1.94541 1.94541 1.94541 1.94541 1.94541 1.94541 1.94541 1.94541 1.94541 2.32617 3.33402 3.16123 3.08610 3.21382 3.25545 3.25545 3.21275 3.04419 2.86741 2.69064 2.51386 2.37977 2.37155 2.37155 2.37155 2.37155 2.37155 2.37155 2.37155 2.37155 2.62591 0.00000 0.00000 0.00000 0.00000 0.00000 0.00000 0.00000 0.00000 0.00000 0.00000 0.00000 0.00000 0.00000 0.00000 0.00000 0.00000 0.00000 0.00000 0.00000 0.00000 0.00000 0.00000 0.00000 0.00000 1.97694 1.97694 1.97694 1.97694 1.97694 1.97694 1.97694 1.97694 1.97694 0.00000
1.94541 1.94541 1.94541 1.94541 1.94541 1.94541 1.94541 1.94541 1.94541 1.94541 2.97094 3.07611 3.02913 2.93413 2.69064 2.51386 2.37977 2.37155 2.37155 2.37155 2.37155 2.37155 2.37155 2.37155 2.37155 2.37155 2.37155 2.37155 2.37155 2.37155 2.54824 4.22678 0.00000 0.00000 0.00000 0.00000 0.00000 0.00000 0.00000 0.00000 0.00000 0.00000 0.00000 0.00000 0.00000 0.00000 0.00000 0.00000 0.00000 0.00000 1.97694 1.97694 1.97694 1.97694 1.97694 1.97694 1.97694 1.97694 1.97694 1.97694 1.97694 1.97694 1.97694 1.97694 0.00000
1.94541 1.94541 1.94541 1.94541 1.94541 1.94541 1.93413 1.84735 1.74641 1.64567 2.44986 2.84539 2.84193 2.75975 2.37155 2.37155 2.37155 2.37155 2.37155 2.37155 2.37155 2.37155 2.37155 2.37155 2.37155 2.37155 2.37155 2.37155 2.37155 2.37155 2.39522 3.50118 0.00000 0.00000 0.00000 0.00000 0.00000 0.00000 0.00000 0.00000 0.00000 0.00000 0.00000 0.00000 0.00000 0.00000 0.00000 1.97694 1.97694 1.97694 1.97694 1.97694 1.97694 1.97694 1.97694 1.97694 1.97694 1.97694 1.97694 1.97694 1.97694 1.97694 1.97694 1.97694 1.97694
1.94541 1.94038 1.86308 1.76228 1.66144 1.56060 1.47108 1.45707 1.45707 1.45707 1.92272 2.84193 2.84193 2.84117 2.42630 2.37155 2.37155 2.37155 2.37155 2.37155 2.37155 2.37155 2.37155 2.37155 2.37155 2.37155 2.37155 2.36266 2.24098 2.08495 1.92871 2.09269 0.00000 0.00000 0.00000 0.00000 0.00000 0.00000 0.00000 0.00000 0.00000 0.00000 0.00000 0.00000 0.00000 0.00000 0.00000 1.97694 1.97694 1.97694 1.97694 1.97694 1.97694 1.97694 1.97694 1.97694 1.97694 1.97694 1.97694 1.97694 1.97694 2.00524 2.29468 2.55593 3.20330
1.57637 1.48061 1.45707 1.45707 1.45707 1.45707 1.45707 1.45707 1.45707 1.45707 1.46755 2.76195 2.84193 2.84193 2.56181 2.37155 2.37155 2.37155 2.37155 2.37155 2.37155 2.37155 2.37155 2.34146 2.19659 2.04063 1.88459 1.73725 1.70302 1.70302 1.70302 1.88012 0.00000 0.00000 0.00000 0.00000 0.00000 0.00000 0.00000 0.00000 0.00000 0.00000 0.00000 0.00000 0.00000 0.00000 0.00000 0.00000 1.97694 1.97694 1.97694 1.97694 1.97694 1.97694 1.97694 1.97694 1.97694 2.14440 2.44951 2.66778 2.83139 2.95104 2.97372 2.97372 3.16734
1.45707 1.45707 1.45707 1.45707 1.45707 1.45707 1.45707 1.45707 1.45707 1.45707 1.45707 2.48230 2.84193 2.84193 2.69802 2.37155 2.37155 2.37155 2.37155 2.30777 2.15234 1.99624 1.84027 1.71432 1.70302 1.70302 1.70302 1.70302 1.70302 1.71184 1.74859 1.86008 2.87034 0.00000 0.00000 0.00000 0.00000 0.00000 0.00000 0.00000 0.00000 0.00000 0.00000 0.00000 0.00000 0.00000 0.00000 0.00000 1.97694 1.97694 1.97694 1.97694 2.02310 2.32579 2.57816 2.76331 2.90511 2.97333 2.97372 2.97372 2.97372 2.97372 2.97372 2.97372 3.00498
1.45707 1.45707 1.45707 1.45707 1.45707 1.45707 1.45707 1.45707 1.45707 1.45707 1.45707 2.06311 2.84193 2.84193 2.81821 2.27757 2.10808 1.95198 1.79594 1.70369 1.70302 1.70302 1.70302 1.70302 1.71238 1.74911 1.78776 1.82655 1.86518 1.89490 1.89694 1.89694 2.31284 0.00000 0.00000 0.00000 0.00000 0.00000 0.00000 0.00000 0.00000 0.00000 0.00000 0.00000 0.00000 0.00000 0.00000 0.00000 1.97694 1.97694 1.97694 1.97694 2.84819 2.97372 2.97372 2.97372 2.97372 2.97372 2.97372 2.97372 2.97372 2.97372 2.97372 2.96691 2.88217
1.45707 1.45707 1.45707 1.45707 1.45707 1.45707 1.45707 1.45707 1.45707 1.45707 1.52137 2.04843 2.56136 2.37810 2.22474 1.83176 1.70302 1.70302 1.70302 1.71266 1.74975 1.78854 1.82699 1.86572 1.89514 1.89694 1.89694 1.89694 1.89694 1.89694 1.89694 1.89694 2.11802 0.00000 0.00000 0.00000 0.00000 0.00000 0.00000 0.00000 0.00000 0.00000 0.00000 0.00000 0.00000 0.00000 0.00000 0.00000 0.00000 1.97694 1.97694 1.97694 2.64288 2.97372 2.97372 2.97372 2.97372 2.97372 2.94960 2.84851 2.74169 2.63487 2.52811 2.42816 2.40613
1.45707 1.45707 1.45707 1.45707 1.45707 1.45707 1.57638 2.07631 2.45535 2.72978 2.92069 2.95071 2.43134 2.17339 2.18922 2.03414 1.78893 1.82771 1.86646 1.89525 1.89694 1.89694 1.89694 1.89694 1.89694 1.89694 1.89694 1.89694 1.89694 1.89694 1.89694 1.89694 2.03074 2.88972 0.00000 0.00000 0.00000 0.00000 0.00000 0.00000 0.00000 0.00000 0.00000 0.00000 0.00000 0.00000 0.00000 0.00000 0.00000 1.97694 1.97694 1.97694 2.31293 2.92168 2.81480 2.70803 2.60127 2.49451 2.41181 2.40613 2.40613 2.40613 2.40613 2.40613 2.40613
1.45707 1.45707 1.64570 2.14662 2.50518 2.76695 2.93531 2.95071 2.95071 2.96047 3.02130 3.08955 2.87560 2.44860 2.50109 2.41464 1.89694 1.89694 1.89694 1.89694 1.89694 1.89694 1.89694 1.89694 1.89694 1.89694 1.89694 1.89694 1.89694 1.89694 1.89694 1.89694 1.90930 2.62695 0.00000 0.00000 0.00000 0.00000 0.00000 0.00000 0.00000 0.00000 0.00000 0.00000 0.00000 0.00000 0.00000 0.00000 0.00000 1.65913 1.37825 1.16472 0.965316 2.32302 2.40613 2.40613 2.40613 2.40613 2.40613 2.40613 2.40613 2.40613 2.40613 2.40613 2.40613
2.55247 2.80244 2.94501 2.95071 2.95590 3.01140 3.07965 3.14783 3.21601 3.27453 3.28184 3.28184 3.22535 2.51580 2.50453 2.50453 1.98218 1.89694 1.89694 1.89694 1.89694 1.89694 1.89694 1.89694 1.89694 1.89694 1.89694 1.89694 1.89694 1.89694 1.87765 1.73627 1.57337 1.57577 0.00000 0.00000 0.00000 0.00000 0.00000 0.00000 0.00000 0.00000 0.00000 0.00000 0.00000 0.00000 0.00000 0.00000 0.00000 0.841761 0.841761 0.841761 0.841761 2.02101 2.40613 2.40613 2.40613 2.40613 2.40613 2.40613 2.40613 2.40613 2.40613 2.40613 2.38854
3.00150 3.06972 3.13790 3.20615 3.26916 3.28184 3.28184 3.28184 3.28184 3.28184 3.28184 3.28184 3.28184 2.69636 2.50453 2.50453 2.15736 1.89694 1.89694 1.89694 1.89694 1.89694 1.89694 1.89694 1.89694 1.89694 1.84767 1.68889 1.52599 1.36308 1.21954 1.19808 1.19808 1.26025 1.49200 0.00000 0.00000 0.00000 0.00000 0.00000 0.00000 0.00000 0.00000 0.00000 0.00000 0.00000 0.00000 0.00000 0.00000 0.00000 0.841761 0.841761 0.841761 1.57484 2.40613 2.40613 2.40613 2.40613 2.40613 2.40606 2.32381 2.17054 2.01742 1.86415 1.72855
3.28184 3.28184 3.28184 3.28184 3.28184 3.28184 3.28184 3.28184 3.28184 3.28184 3.28184 3.28184 3.28184 2.93338 2.50453 2.50453 2.33254 1.89694 1.89694 1.89694 1.89694 1.89659 1.80420 1.64144 1.47860 1.31570 1.20206 1.19808 1.19808 1.19808 1.19808 1.19808 1.22748 1.35730 1.49434 0.00000 0.00000 0.00000 0.00000 0.00000 0.00000 0.00000 0.00000 0.00000 0.00000 0.00000 0.00000 0.00000 0.00000 0.00000 0.841761 0.841761 0.841761 0.965276 2.37916 2.37897 2.23841 2.08515 1.93195 1.77882 1.70788 1.70788 1.70788 1.70788 1.70788
3.28184 3.28184 3.28184 3.28184 3.28184 3.28184 3.28184 3.28184 3.28184 3.28184 3.28184 3.28184 3.28184 3.17031 2.50461 2.50453 2.48418 1.90989 1.75689 1.59399 1.43115 1.26867 1.19808 1.19808 1.19808 1.19808 1.19808 1.22832 1.33585 1.44731 1.55932 1.67133 1.75393 1.75814 1.61953 0.00000 0.00000 0.00000 0.00000 0.00000 0.00000 0.00000 0.00000 0.00000 0.00000 0.00000 0.00000 0.00000 0.00000 0.00000 0.841761 0.841761 0.841761 0.841761 1.67977 1.72045 1.70788 1.70788 1.70788 1.70788 1.70788 1.70788 1.70788 1.70788 1.70788
3.28184 3.28184 3.28184 3.28184 3.28184 3.28184 3.28184 3.28184 3.28184 3.28184 3.28184 3.28184 3.28184 3.25411 2.42683 2.15412 1.99129 1.40981 1.19808 1.19808 1.19808 1.19808 1.22916 1.33653 1.44843 1.56044 1.67245 1.75422 1.75814 1.75814 1.75814 1.75814 1.75814 1.75814 1.67953 0.00000 0.00000 0.00000 0.00000 0.00000 0.00000 0.00000 0.00000 0.00000 0.00000 0.00000 0.00000 0.00000 0.00000 0.00000 0.00000 0.841761 0.841761 0.841761 1.34694 1.70788 1.70788 1.70788 1.70788 1.70788 1.70788 1.71097 1.72621 1.74270 1.75918
3.27935 3.28184 3.28184 3.28184 3.28184 3.28184 3.28184 3.28184 3.28184 3.23805 3.07072 2.84299 2.52492 2.15866 1.90128 1.80567 1.80567 1.56516 1.33753 1.44955 1.56156 1.67357 1.75450 1.75814 1.75814 1.75814 1.75814 1.75814 1.75814 1.75814 1.75814 1.75814 1.75814 1.75814 1.71795 1.49200 0.00000 0.00000 0.00000 0.00000 0.00000 0.00000 0.00000 0.00000 0.00000 0.00000 0.00000 0.00000 0.00000 0.00000 0.00000 0.841761 0.841761 0.841761 1.02251 1.70706 1.71515 1.73158 1.74809 1.76455 1.78102 1.79444 1.79566 1.79566 1.79566
3.16809 3.28184 3.28184 3.28184 3.28184 3.21788 3.04002 2.80100 2.46394 2.13321 2.11935 2.11935 2.09970 1.99364 1.80618 1.62665 1.56861 1.55672 1.75807 1.75814 1.75814 1.75814 1.75814 1.75814 1.75814 1.75814 1.75814 1.75814 1.75814 1.75814 1.75814 1.75814 1.75814 1.75814 1.75466 1.54428 0.00000 0.00000 0.00000 0.00000 0.00000 0.00000 0.00000 0.00000 0.00000 0.00000 0.00000 0.00000 0.00000 0.00000 1.90250 1.14242 0.899908 0.932949 0.965868 1.70733 1.79564 1.79566 1.79566 1.79566 1.79566 1.79566 1.79566 1.79566 1.79566
2.99815 3.19367 3.00774 2.75663 2.39931 2.12074 2.11935 2.10871 2.01154 1.89535 1.77921 1.66307 1.56652 1.55639 1.55582 1.52568 1.52420 1.52420 1.72120 1.75814 1.75814 1.75814 1.75814 1.75814 1.75814 1.75814 1.75814 1.75814 1.75814 1.75814 1.75814 1.75814 1.75814 1.76460 1.79884 1.73930 0.00000 0.00000 0.00000 0.00000 0.00000 0.00000 0.00000 0.00000 0.00000 1.90250 1.90250 1.90250 1.90250 1.90250 1.90250 1.87019 1.04742 1.01733 1.01733 1.55014 1.79566 1.79566 1.79566 1.79566 1.79566 1.79566 1.79566 1.79566 1.79566
1.50932 2.11935 2.11501 2.02939 1.91325 1.79711 1.68092 1.57536 1.55639 1.55639 1.55639 1.55639 1.57659 1.63252 1.55639 1.53187 1.52420 1.52420 1.65387 1.75814 1.75814 1.75814 1.75814 1.75814 1.75814 1.75814 1.75814 1.75814 1.75814 1.77200 1.81105 1.86292 1.93493 2.01620 2.02427 2.02427 0.00000 0.00000 0.00000 0.00000 1.90250 1.90250 1.90250 1.90250 1.90250 1.90250 1.90250 1.90250 1.90250 1.90250 1.90250 1.90250 1.26511 1.01733 1.01733 1.30158 1.79566 1.79566 1.79566 1.79566 1.79566 1.79566 1.79633 1.83834 1.90498
1.08980 1.66650 1.58696 1.55639 1.55639 1.55639 1.55639 1.55639 1.56345 1.62202 1.67039 1.70411 1.72369 1.72480 1.60447 1.54118 1.52420 1.52420 1.58654 1.75814 1.75814 1.75814 1.75814 1.75814 1.75879 1.78202 1.82423 1.88092 1.96092 2.02390 2.02427 2.02427 2.02427 2.02427 2.02427 1.97763 1.90056 1.90250 1.90250 1.90250 1.90250 1.90250 1.90250 1.90250 1.90250 1.90250 1.90250 1.90250 1.90250 1.90250 1.90250 1.90250 1.51511 1.01733 1.01733 1.03182 1.76192 1.79566 1.81163 1.87518 1.94182 2.00850 2.07448 2.09915 2.09915
1.18131 1.42018 1.55639 1.55639 1.55693 1.60380 1.65825 1.69543 1.72058 1.72480 1.72480 1.72480 1.72480 1.72480 1.66686 1.55391 1.52479 1.52420 1.53028 1.74701 1.76191 1.79289 1.83862 1.90072 1.98783 2.02427 2.02427 2.02427 2.02427 2.02427 1.98289 1.83115 1.67350 1.51585 1.35820 1.24194 1.79462 1.90250 1.90250 1.90250 1.90250 1.90250 1.90250 1.90250 1.90250 1.90250 1.90250 1.90250 1.90250 1.90250 1.90250 1.90250 1.76486 1.01733 1.01733 1.01733 1.75574 2.04528 2.09603 2.09915 2.09915 2.09915 2.09915 2.09915 2.09915
1.18131 1.35963 1.64469 1.68590 1.71526 1.72480 1.72480 1.72480 1.72480 1.72480 1.72480 1.72480 1.72480 1.72480 1.70709 1.55639 1.53142 1.52982 1.53582 1.80562 2.00857 2.02427 2.02427 2.02427 2.02427 1.98289 1.83115 1.67350 1.51585 1.35820 1.24194 1.23602 1.23602 1.23602 1.23602 1.23602 1.60568 1.90250 1.90250 1.90250 1.90250 1.90250 1.90250 1.90250 1.90250 1.90250 1.90250 1.90250 1.90250 1.90250 1.90250 1.90250 1.90224 1.13001 1.01733 1.01733 1.55637 2.09915 2.09915 2.09915 2.09915 2.09915 2.09915 2.09915 2.11680
1.50124 1.54971 1.72233 1.72480 1.72480 1.72480 1.72480 1.72480 1.72480 1.72480 1.72480 1.72480 1.72480 1.72480 1.72469 1.59577 1.55639 1.55639 1.55639 1.74481 1.98289 1.83115 1.67350 1.51585 1.35820 1.24194 1.23602 1.23602 1.23602 1.23602 1.23602 1.23602 1.23602 1.23602 1.23602 1.23602 1.41656 1.90250 1.90250 1.90250 1.90250 1.90250 1.90250 1.90250 1.90250 1.90250 1.90250 1.90250 1.90250 1.90250 1.90250 1.90250 1.90250 1.37963 1.01733 1.01733 1.13245 2.08712 2.09915 2.14235 2.26353 2.41485 2.60813 2.86313 3.14628
1.53726 1.53726 1.68124 1.72480 1.72480 1.72480 1.72480 1.72480 1.72480 1.72480 1.72480 1.72480 1.72480 1.72480 1.72480 1.62208 1.20875 0.893297 0.577538 0.389753 1.24024 1.23602 1.23602 1.23602 1.23602 1.23602 1.23602 1.23602 1.23602 1.23602 1.23602 1.23602 1.23602 1.23602 1.23602 1.23602 1.25562 1.87438 1.90250 1.90250 1.90250 1.90250 1.90250 1.90250 1.90250 1.90250 1.90250 1.90250 1.90250 1.90250 1.90250 1.90250 1.90250 1.63182 1.01733 1.01733 1.01733 2.55486 2.96288 3.17903 3.18098 3.18098 3.18098 3.18098 3.18098
1.53726 1.53726 1.62693 1.72480 1.72480 1.72480 1.72480 1.72480 1.72480 1.72480 1.70825 1.57351 1.41579 1.25799 1.10018 0.853507 0.0235794 0.0235794 0.0235794 0.0235794 1.02779 1.23602 1.23602 1.23602 1.23602 1.23602 1.23602 1.23602 1.23602 1.23602 1.23602 1.23602 1.23602 1.23602 1.23602 1.23602 1.23602 1.70485 1.90250 1.90250 1.90250 1.90250 1.90250 1.90250 1.90250 1.90250 1.90250 1.90250 1.88316 1.67303 1.41487 1.15671 0.898419 0.650645 0.568349 0.00000 0.00000 3.18098 3.18098 3.18098 3.18098 3.18098 3.18098 3.18098 3.18098
