High_resolution/powerplant/Chizhou/OMI_NO2_200911.asc
ncols      200
nrows      200
xllcorner       115.585
yllcorner       28.7700
cellsize     0.0166667
NODATA_Value      -999.000
[rows 0 to 28 of 165, columns 130 to 194 of 200]
13.0000 0.00000 0.00000 0.00000 0.00000 0.00000 0.00000 0.00000 0.00000 0.00000 0.00000 0.00000 0.00000 0.00000 0.00000 10.8832 10.8233 10.5205 10.3768 10.3170 11.9218 13.2191 15.2455 15.2455 15.2455 15.2455 15.2455 15.2455 16.6011 17.4103 17.4103 17.4103 17.4103 17.4103 17.4103 17.4103 17.4103 17.4103 17.4103 17.4103 18.3311 19.6039 19.6039 0.00000 0.00000 0.00000 0.00000 0.00000 0.00000 37.2696 36.7894 33.9176 32.8391 32.3930 31.8444 31.3323 31.3126 31.3126 31.3126 31.9868 36.0584 35.5617 34.8491 34.8491 34.8491
13.0000 0.00000 0.00000 0.00000 0.00000 0.00000 0.00000 0.00000 0.00000 5.55107 5.55107 5.98973 7.46185 10.5501 10.4378 10.3675 10.2755 10.2433 10.2433 10.2433 11.3586 12.4047 15.1147 15.2455 15.2455 15.2455 15.2455 15.2455 15.9826 17.4103 17.4103 17.4103 17.4103 17.4103 17.4103 17.4103 17.4103 17.4103 17.4103 17.4103 17.7645 19.6039 19.6039 0.00000 37.2696 37.2696 35.1021 33.1894 32.5552 32.1515 31.4804 31.3126 31.3126 31.3126 31.3126 31.3126 31.3126 31.3126 31.3126 31.3126 35.2681 35.8672 34.8491 34.8491 34.8491
13.0000 13.0000 0.00000 5.55107 5.55107 5.55107 5.55107 6.06437 7.05345 7.65994 8.09648 8.37805 8.44795 9.92071 10.2433 10.2433 10.2433 10.2433 10.2433 10.2433 10.7082 12.3016 14.2861 15.2455 15.2455 15.2455 15.2455 15.2455 15.4856 17.4103 17.4103 17.4103 17.4103 17.4103 17.4103 17.4103 17.4103 17.4103 17.4103 17.4103 17.6211 21.9777 27.5037 32.7758 32.3557 31.7855 31.3216 31.3126 31.3126 31.3126 31.3126 31.3126 31.3126 31.3126 31.3126 31.3126 31.3126 31.3126 31.3126 31.3126 33.8022 36.0451 34.9814 34.8491 34.8491
10.6701 8.74798 5.55238 6.16405 7.09858 7.77626 8.19026 8.41176 8.45313 8.45500 8.45500 8.45500 8.45500 9.41916 10.2433 10.2433 10.2433 10.2433 10.2433 10.2433 10.2581 12.1008 13.3540 15.2455 15.2455 15.2455 15.2455 15.2455 15.2464 17.0375 17.4103 17.4103 17.4103 17.4103 17.4103 17.4103 17.9852 19.3785 20.9329 22.4930 23.8694 26.9127 28.6529 31.2998 31.3126 31.3126 31.3126 31.3126 31.3126 31.3126 31.3126 31.3126 31.3126 31.3126 31.3126 31.3126 31.3126 31.3126 31.3126 31.3126 32.3373 36.0593 35.4678 34.8491 34.8491
9.08451 8.97181 8.27449 8.43018 8.45500 8.45500 8.45500 8.45500 8.45500 8.45500 8.45500 8.45500 8.45500 8.91740 10.2433 10.2433 10.2433 10.2433 10.2433 10.2433 10.2433 11.4652 12.4863 15.1818 15.2455 15.2455 15.2455 15.2455 15.2455 16.3279 17.4103 17.4852 18.5233 20.0044 21.5623 23.1227 24.1078 24.2722 24.2778 24.2778 24.2778 25.6665 28.3278 30.6934 31.3126 31.3126 31.3126 31.3126 31.3126 31.3126 31.3126 31.3126 31.3126 31.3126 31.3126 31.3126 31.3126 31.3126 31.3126 31.3126 31.3416 35.5894 35.8044 34.8491 34.8491
9.24701 9.18974 8.53662 8.45500 8.45500 8.45500 8.45500 8.45500 8.45500 8.45500 8.45500 8.45500 8.45500 8.49952 10.1594 10.2433 10.2433 10.2433 10.2433 10.2433 10.2433 10.8142 12.3016 14.4348 15.2455 15.2455 15.2455 15.4888 16.3693 18.1719 22.1935 23.6776 24.1989 24.2778 24.2778 24.2778 24.2778 24.2778 24.2778 24.2778 24.2778 24.5082 28.2302 29.7627 31.3126 31.3126 31.3126 31.3126 31.3126 31.3126 31.3126 31.3126 31.3126 31.3126 31.3126 31.3126 31.3126 31.3126 31.3126 31.3126 31.3126 34.4383 38.1777 35.3568 34.8491
9.27791 9.19324 8.76919 8.45500 8.45500 8.45500 8.45500 8.45500 8.45500 8.45500 8.45500 8.45500 8.45500 8.45500 9.70251 10.2433 10.2433 10.2433 10.2433 10.2433 10.2433 10.2898 12.1787 13.9054 16.7910 18.1562 19.6424 20.8828 21.4891 22.0691 24.2347 24.2778 24.2778 24.2778 24.2778 24.2778 24.2778 24.2778 24.2778 24.2778 24.2778 24.2778 27.2047 28.8318 31.3126 31.3126 31.3126 31.3126 31.3126 31.3126 31.3126 31.3126 31.3126 31.3126 31.3126 31.3126 31.3172 32.4582 34.5674 36.8569 39.1518 43.1333 54.3724 55.5555 0.00000
9.29037 9.21184 9.00486 8.45500 8.45500 8.45500 8.45500 8.45500 8.45500 8.45500 8.45500 8.45500 8.45500 8.45500 9.20059 10.2433 10.2433 10.2433 10.2957 11.0029 12.1320 13.3417 15.5916 17.4174 22.3594 22.5116 22.5116 22.5116 22.5116 22.5116 23.7217 24.2778 24.2778 24.2778 24.2778 24.2778 24.2778 24.2778 24.2778 24.2778 24.2778 24.2778 25.9488 28.3284 30.8846 31.3126 31.3126 31.3126 31.3126 31.3126 31.3126 31.3126 31.6811 33.5572 35.7923 38.0870 40.3775 41.5304 41.7163 41.7208 41.7208 41.9351 54.3033 55.5555 0.00000
9.29037 9.24291 9.18266 8.51293 8.45500 8.45500 8.45500 8.45500 8.45500 8.45500 8.45500 8.45500 8.45525 8.46067 8.85310 12.0624 13.2398 14.4514 15.6091 16.1124 16.1947 16.1947 16.6451 17.5566 21.4125 22.5116 22.5116 22.5116 22.5116 22.5116 23.1968 24.2778 24.2778 24.2778 24.2778 24.2778 24.2778 24.2778 24.2778 24.2778 24.2778 24.2778 24.7111 28.3100 29.9543 31.3126 31.3126 31.3327 32.6045 34.7301 37.0223 39.3183 41.2429 41.6626 41.7208 41.7208 41.7208 41.7208 41.7208 41.7208 41.7208 41.7208 48.7781 55.5555 55.5555
9.29037 9.27399 9.19306 8.73827 8.45500 8.45500 8.45505 8.45957 8.46698 8.47438 8.66320 9.22212 9.98942 10.7567 11.4300 15.5237 16.1947 16.1947 16.1947 16.1947 16.1947 16.1947 16.2598 17.5134 19.8532 22.5116 22.5116 22.5116 22.5116 22.5116 22.7766 24.2778 24.2778 24.2778 24.2778 24.2778 24.2778 24.2778 24.2778 24.2778 24.2778 24.2778 24.2778 27.5186 29.6148 35.9586 38.2545 40.5265 41.5507 41.7192 41.7208 41.7208 41.7208 41.7208 41.7208 41.7208 41.7208 41.7208 41.7208 41.7208 41.7208 41.7208 44.8456 55.5555 55.5555
9.29037 9.29384 9.21866 8.99215 8.48070 8.49434 8.79259 9.42991 10.1948 10.9597 11.5437 11.7572 11.7620 11.7620 11.7620 14.3116 16.1947 16.1947 16.1947 16.1947 16.1947 16.1947 16.1947 17.1499 18.2949 22.5836 23.5798 24.7621 25.8254 25.7359 22.5222 24.0806 24.2778 24.2778 24.2778 24.2778 24.2778 24.2778 24.2779 24.3601 24.4569 24.4574 24.4564 27.0901 30.3367 40.7248 41.7208 41.7208 41.7208 41.7208 41.7208 41.7208 41.7208 41.7208 41.7208 41.7208 41.7208 41.7208 41.7208 41.7208 41.7208 41.7208 42.2591 55.1789 55.5555
9.32963 9.31534 9.05856 8.96247 10.2775 11.1574 11.6312 11.7620 11.7620 11.7620 11.7620 11.7620 11.7620 11.7620 11.7620 13.0685 16.1947 16.1947 16.1947 16.2992 17.5833 19.0541 20.3956 22.0428 23.7906 27.8436 28.6394 28.6394 28.6394 28.4091 22.6956 23.4961 24.2778 24.2778 24.2923 24.4166 24.4586 24.4576 24.4567 24.3735 24.2755 24.2739 24.2739 25.2924 30.2716 37.2854 41.7208 41.7208 41.7208 41.7208 41.7208 41.7208 41.7208 41.7208 41.7208 41.7208 41.7208 41.7208 41.7208 41.7208 41.7208 41.7208 41.7208 50.0891 55.5555
8.51655 8.31055 8.52392 9.42682 10.9676 11.7620 11.7620 11.7620 11.7620 11.7620 11.7620 11.7620 11.7620 11.8213 12.8906 15.2503 20.3134 21.6381 22.7430 23.6965 23.9018 23.9018 23.9018 23.9874 24.9115 26.8538 28.6394 28.6394 28.6394 28.6394 24.4440 23.1493 24.4584 24.4576 24.4422 24.3167 24.2739 24.2739 24.2739 24.2739 24.2739 24.2739 24.2739 24.2757 29.4166 33.7361 41.7208 41.7208 41.7208 41.7208 41.7208 41.7208 41.7208 41.7208 41.7208 41.7208 41.7208 41.7208 41.7208 41.7208 41.7208 41.7208 41.7208 45.7006 55.0303
8.21432 8.29038 8.29547 9.30132 10.2249 11.7620 11.7620 11.7766 12.4286 13.3440 14.1689 14.9154 15.5948 16.1812 16.7467 20.5645 23.0161 23.9018 23.9018 23.9018 23.9018 23.9018 23.9018 23.9018 24.6754 25.6898 28.6961 28.7305 28.8024 28.9339 26.6487 23.2430 24.2709 24.2739 24.2739 24.2739 24.2739 24.2739 24.2739 24.2739 24.2739 24.2739 24.2739 24.2739 27.5476 30.6735 41.2331 41.7208 41.7208 41.7208 41.7208 41.7208 41.7208 41.7208 41.7208 41.7208 41.7208 41.7208 41.7208 41.7079 40.8119 39.2442 37.4678 36.3589 42.8426
8.16635 8.29038 8.88251 10.5971 12.0953 14.7349 15.4813 16.1032 16.3103 16.3103 16.3103 16.3103 16.3103 16.3103 16.3103 19.8045 22.0836 23.9018 23.9018 23.9018 23.9018 23.9393 24.2884 24.8320 25.6821 26.3660 28.9592 29.3711 29.4293 29.4293 28.5500 23.5648 24.1002 24.2739 24.2739 24.2739 24.2739 24.2739 24.2739 24.2739 24.2739 24.2739 24.2739 24.2739 25.6789 30.2716 38.0846 41.7208 41.7208 41.7208 41.7208 41.7208 41.7208 41.7208 41.7208 41.4028 40.0209 38.2980 36.5183 34.7526 33.8684 33.6566 33.6546 33.6546 40.0489
12.4500 13.3384 13.7066 13.9267 14.5589 15.7951 16.3103 16.3103 16.3103 16.3103 16.3103 16.3103 16.3103 16.3103 16.3103 18.6070 21.3324 24.2005 24.6531 25.2157 25.7859 26.3182 26.5400 26.5656 26.5778 26.6539 28.2509 29.4293 29.4293 29.4293 29.4091 24.2708 23.8801 24.2739 24.2739 24.2739 24.2739 24.2739 24.2739 24.2739 24.2739 24.2739 24.2739 24.2739 24.3325 29.7474 34.5353 41.7208 41.7208 41.7208 41.6924 40.7240 39.1293 37.3498 35.5708 34.1090 33.7110 33.6546 33.6546 33.6546 33.6546 33.6546 33.6546 33.6546 36.8461
13.5928 13.6686 13.7066 13.7199 14.4953 15.2386 16.3103 16.3103 16.3103 16.3103 16.4521 16.7880 17.1245 17.6204 18.3164 20.1900 23.9444 26.2054 26.5575 26.5656 26.5656 26.5656 26.5656 26.5656 26.5656 26.6383 27.3776 29.4293 29.4293 29.4293 29.4293 26.1236 23.7046 24.2739 24.2739 24.2739 24.2739 24.2739 24.2739 24.2739 24.2739 24.2739 24.2739 24.2739 24.2739 27.9361 31.1034 39.8244 38.1813 36.4015 34.6507 33.8402 33.6546 33.6546 33.6546 33.6546 33.6546 33.6546 33.6546 33.6546 33.6546 33.6546 33.6546 33.6546 34.7504
13.9001 13.6326 13.7066 13.7066 14.3363 15.1286 17.0505 17.4086 17.7588 18.3238 18.9124 19.3518 19.7907 20.0700 20.1492 20.2536 24.2138 25.7301 26.5656 26.5656 26.5656 26.5656 26.5656 26.5656 26.5656 26.6104 26.7012 29.2326 29.4304 29.7580 30.3464 28.8442 23.5796 24.2341 24.2739 24.2739 24.2739 24.2739 24.2739 24.2739 24.2739 24.2730 24.1776 24.0957 24.0983 25.5392 28.3319 32.2880 33.6546 33.6546 33.6546 33.6546 33.6546 33.6546 33.6546 33.6546 33.6546 33.6546 33.6546 33.6546 33.6546 33.6546 33.6546 33.6546 33.6843
14.3541 13.7305 15.0894 15.4260 15.9458 16.6986 18.5090 19.4689 19.8945 20.1044 20.1495 20.1495 20.1495 20.1495 20.1495 20.1495 23.1217 25.1264 26.5656 26.5656 26.5656 26.5656 26.5684 26.9205 27.5072 28.1116 28.7711 31.1094 32.7191 32.9785 32.9785 32.3727 23.6487 24.0099 24.2739 24.2739 24.2739 24.2529 24.1252 24.0967 24.0992 24.1027 24.2006 24.2848 24.2849 24.4082 27.8135 30.4844 33.6546 33.6546 33.6546 33.6546 33.6546 33.6546 33.6546 33.6546 33.6546 33.6546 33.6546 33.6546 33.6546 33.6546 33.6546 33.6546 33.6546
14.8676 13.8556 15.7720 16.2843 16.5112 17.6888 18.8002 20.1495 20.1495 20.1495 20.1495 20.1495 20.1495 20.1495 20.1495 20.1495 21.9306 24.9353 27.5025 28.1215 28.7075 29.2956 29.8801 30.1147 30.1147 30.1148 30.1917 31.0819 32.9785 32.9785 32.9785 32.9785 25.9083 23.7564 24.0990 24.0977 24.1002 24.1237 24.2539 24.2849 24.2849 24.2849 24.2849 24.2849 24.2849 24.2849 26.7918 28.7253 33.6495 33.6546 33.6546 33.6546 33.6546 33.6546 33.6546 33.6546 33.6546 33.6546 33.6546 33.6546 33.6546 33.6546 33.6546 33.6546 33.6546
15.9666 14.6517 15.6817 16.5521 16.5521 17.3649 18.0484 20.1426 20.1495 20.1495 20.1495 20.8978 22.4094 23.9218 25.4351 26.9467 28.3111 27.9657 29.6166 30.1147 30.1147 30.1147 30.1147 30.1147 30.1147 30.1147 30.1639 30.3153 32.8681 32.9149 32.8896 32.8001 28.2339 22.8505 24.2811 24.2849 24.2849 24.2849 24.2849 24.2849 24.2849 24.2849 24.2849 24.2849 24.2849 24.2849 25.6467 27.9774 32.6357 33.6546 33.6546 33.6546 33.6546 33.6546 33.6546 33.6546 33.6546 33.6546 33.6546 33.6546 33.6546 33.6546 33.6367 32.9157 31.2751
16.0411 15.0652 15.1125 16.5521 16.5521 17.5078 19.7833 23.2001 25.1949 26.7064 28.2189 28.9839 28.9839 28.9839 28.9839 28.9839 28.9839 28.1154 29.0127 30.1147 30.1147 30.1147 30.1147 30.1147 30.0704 29.7435 29.2560 29.0520 31.0124 31.8889 31.6729 31.5212 29.5551 21.6209 23.8518 24.2849 24.2849 24.2849 24.2849 24.2849 24.2849 24.2849 24.2849 24.2849 24.2849 24.2849 24.5570 27.9224 30.8728 33.6546 33.6546 33.6546 33.6546 33.6546 33.6546 33.6546 33.6546 33.6546 33.3777 32.1571 29.9648 26.9128 22.6767 20.0981 19.4857
16.2036 16.7856 19.4182 22.7970 24.3820 25.4362 26.5694 27.7446 28.9839 28.9839 28.9839 28.9839 28.9839 28.9839 28.9839 28.9839 28.9839 28.4011 28.4088 30.0075 29.6733 29.1746 28.6307 28.0865 27.5854 27.3677 27.3667 28.0177 29.3681 31.5191 31.5191 31.5191 31.3556 22.2681 22.9762 24.2849 24.2849 24.2849 24.2849 24.2849 24.2849 24.2849 24.2849 24.2849 24.2849 24.2849 24.2849 27.0495 29.1099 33.6546 33.6546 33.6546 33.6546 33.6145 32.8070 31.0812 28.4273 24.7698 20.7952 19.6282 19.4852 19.4852 19.4852 19.4852 19.4852
16.8756 17.4701 23.3433 24.8154 25.3865 25.3865 26.2551 26.9863 28.9839 28.9839 28.9839 28.9839 28.9839 28.9484 28.8345 28.7149 28.4462 27.7579 26.6300 27.5061 27.4071 27.3609 27.3597 27.3597 27.3597 27.3597 27.3597 27.7989 28.3416 31.4689 31.5191 31.5191 31.5191 25.2691 22.2793 24.2849 24.2849 24.2849 24.2849 24.2849 24.2849 24.2849 24.2849 24.2849 24.2849 24.2849 24.2849 25.9048 27.9950 32.6332 32.0070 29.7369 26.5967 22.3077 20.0186 19.4852 19.4852 19.4852 19.4852 19.4852 19.4852 19.4852 19.4852 19.4852 19.4852
16.8756 16.8756 22.1052 24.2455 25.3865 25.3865 25.8703 26.5769 28.4827 28.7367 28.6202 28.4819 28.1642 27.7955 27.4906 27.1913 27.0412 26.9699 26.0236 26.8781 27.3597 27.3597 27.3597 27.3597 27.3597 27.3597 27.3597 27.5731 28.0816 30.6519 31.5191 31.5191 31.5933 28.2282 21.7390 24.2321 24.2849 24.2849 24.2849 24.2849 24.2849 24.2849 24.2849 24.2849 24.2912 24.4619 24.7579 25.5131 27.3890 24.3520 19.5907 19.4852 19.4852 19.4852 19.4852 19.4852 19.4852 19.4852 19.4852 19.4852 19.4852 19.4852 19.4852 19.4852 19.4852
16.8756 16.8826 20.3595 23.8287 25.0416 24.9247 24.9180 25.9389 27.0775 27.7112 27.4091 27.1285 27.0273 27.0125 27.0125 27.0125 27.0125 27.0125 26.2677 26.4964 27.3597 27.3597 27.3597 27.3597 27.3597 27.3597 27.4397 27.6608 28.5276 30.2562 32.4021 32.6023 32.7297 31.4983 21.6189 23.4761 24.2849 24.2849 24.2849 24.2849 24.3328 24.5692 24.8948 25.2347 25.5682 25.7374 25.7811 25.7811 26.3260 25.3572 19.4852 19.4852 19.4852 19.4852 19.4852 19.4852 19.4852 19.4852 19.4852 19.4852 19.4852 19.4852 19.4852 19.4852 19.4852
17.3206 17.4118 18.9918 23.9684 24.7933 25.1583 25.4255 26.0440 26.2907 27.0125 27.0125 27.0125 27.0125 27.0125 27.0125 27.0125 27.0125 27.0125 26.5523 26.1216 27.4392 27.6457 27.8466 28.0477 28.2488 28.4495 28.5710 28.5722 29.0551 29.7180 32.7251 32.7316 32.7316 32.7316 23.5181 22.6782 24.4127 24.6922 25.0312 25.3711 25.6635 25.7673 25.7811 25.7811 25.7811 25.7811 25.7811 25.7811 26.1205 26.3699 20.2721 19.4852 19.4852 19.4852 19.4852 19.4852 19.4852 19.4852 19.4852 19.4852 19.4852 19.4852 19.4852 19.4852 19.4852
17.6543 17.9208 18.3023 24.5390 25.4863 25.8109 25.8109 25.9365 26.0994 26.9080 27.0125 27.0125 27.0125 27.0125 27.0478 27.1550 27.2644 27.3737 27.3689 27.0909 28.3112 28.5722 28.5722 28.5722 28.5722 28.5722 28.5722 28.5722 28.8296 29.2941 32.0716 32.7426 32.8460 33.0034 27.4564 22.7765 25.7200 25.7803 25.7811 25.7811 25.7811 25.7811 25.7811 25.7811 25.7811 25.7811 25.7811 25.7811 25.9143 26.4470 23.0690 19.4852 19.4852 19.4852 19.4852 19.4852 19.4852 19.4852 19.4852 19.4852 19.4852 19.4852 19.4852 19.4852 19.4852
18.5357 18.5363 18.5363 22.9359 25.2724 25.8109 25.8109 25.8469 26.1177 26.7454 27.2465 27.3559 27.4652 27.5746 27.6487 27.6508 27.6508 27.6508 27.6499 27.2495 27.9308 28.5722 28.5722 28.5722 28.5722 28.5722 28.5722 28.7456 29.4375 30.9632 32.5077 33.0741 33.0379 32.9485 30.0455 21.8247 25.3826 25.7811 25.7811 25.7811 25.7811 25.7811 25.7811 25.7811 25.7811 25.7811 25.7811 25.7811 25.7834 26.3728 24.9973 19.4852 19.4852 19.4852 19.4852 19.4852 19.4852 19.4852 19.4852 19.4852 19.4852 19.4852 19.3329 18.5382 17.6715
