High_resolution/powerplant/Chizhou/OMI_NO2_200908.asc
ncols      200
nrows      200
xllcorner       115.585
yllcorner       28.7700
cellsize     0.0166667
NODATA_Value      -999.000
[rows 90 to 119 of 190, columns 66 to 131 of 200]
2.06771 2.11496 2.15654 3.03870 3.58378 3.58378 3.58378 3.58378 3.58378 3.84767 3.91590 3.71313 3.50020 3.28728 3.07435 2.91155 2.90108 2.90108 2.90108 2.90108 3.52560 5.39689 6.19859 7.08033 7.88797 7.97308 7.97308 7.97308 7.97308 7.97308 7.97308 7.97308 7.97308 7.97308 7.97308 7.97308 7.97308 7.53711 7.05389 7.05389 7.05389 5.44288 4.85155 4.85155 4.85155 4.85155 4.85155 4.77127 4.33657 4.32601 4.24943 4.14419 4.00035 3.86736 3.96385 3.65385 3.33890 2.96609 2.52379 2.36158 2.36158 2.36158 2.36158 2.36158 2.36158 2.36158
2.18297 2.18297 2.18297 2.62857 3.58378 3.55003 3.41488 3.27288 3.13088 3.02255 2.91155 2.90108 2.90108 2.90108 2.90108 2.90586 3.15268 3.42223 3.55116 3.65733 3.71830 5.49391 7.12890 7.38039 7.97308 7.97308 7.97308 7.97308 7.97308 7.97308 7.97308 7.97308 7.97308 7.97308 7.97308 7.97308 7.97308 7.79970 7.05389 7.05389 7.05389 6.11019 4.85155 4.85155 4.82221 4.73564 4.64732 4.50792 3.93692 3.73474 3.45489 3.09119 2.70898 2.25084 2.24682 2.36158 2.36158 2.36158 2.36158 2.36158 2.36158 2.36158 2.36158 2.36158 2.36158 2.36158
2.19409 2.25367 2.31892 2.43990 2.97959 2.88030 2.87332 2.87332 2.87332 2.87768 2.90108 2.93965 3.24948 3.52446 3.64899 3.74245 3.69304 3.61055 3.60856 3.60856 3.60856 4.54030 7.07970 7.15346 7.92784 7.97308 7.97308 7.97308 7.97308 7.97308 7.97308 7.97308 7.97308 7.97308 7.97308 7.97308 7.97308 7.96949 7.14455 6.99722 6.90891 6.54206 4.53293 4.40112 4.18050 3.91864 3.46394 2.98787 2.51727 1.98257 1.84695 1.84695 1.84695 1.84695 2.08502 2.36158 2.36158 2.36158 2.36158 2.36158 2.36158 2.36158 2.36158 2.36158 2.36158 2.36158
2.49396 2.49957 2.49957 2.49957 2.77360 2.87332 2.87332 2.94268 3.18177 3.39072 3.71993 3.80929 3.71760 3.61733 3.60856 3.60856 3.60856 3.60856 3.60856 3.60856 3.60856 4.08277 6.48365 7.12890 7.67998 7.97308 7.97308 7.97308 7.97308 7.97308 7.97308 7.97308 7.97308 7.96454 7.83720 7.67171 7.50638 7.34089 6.83423 6.55272 6.38205 6.05367 3.78733 2.77504 2.30747 1.97089 1.96564 1.96564 1.94172 1.84695 1.84695 1.84695 1.84695 1.84695 1.93922 2.36158 2.36158 2.36158 2.36158 2.36158 2.36158 2.36158 2.36158 2.36158 2.36158 2.36158
2.49957 2.49957 2.49957 2.64550 3.05819 3.45137 3.56565 3.59761 3.51107 3.42612 3.52987 3.60856 3.60856 3.60856 3.60856 3.60856 3.60856 3.60856 3.60856 3.60856 3.60856 3.77758 5.73415 7.12890 7.40767 7.97308 7.97308 7.97308 7.95413 7.81100 7.64550 7.48009 7.31460 7.15772 7.11957 7.09582 6.88394 6.52121 5.97613 5.28248 5.08545 5.04617 3.75253 1.96564 1.96564 1.96564 1.96564 1.96564 1.96529 1.86100 1.84695 1.84695 1.84695 1.84695 1.84824 2.30682 2.36158 2.36158 2.36158 2.36158 2.36158 2.36158 2.36158 2.36158 2.36158 2.36158
2.49957 2.50039 3.28348 3.34255 3.29065 3.43839 3.41086 3.41086 3.41086 3.41086 3.47557 3.60856 3.60856 3.60856 3.60856 3.60856 3.60856 3.60856 3.60856 3.60856 3.60856 3.60898 4.85058 7.09297 6.97818 7.58866 7.45389 7.28831 7.14185 7.11957 7.11957 7.09890 6.82056 6.45323 6.08550 5.74167 5.58598 5.58135 5.54806 5.05505 5.04617 5.04617 4.56100 1.96564 1.96564 1.96564 1.96564 1.96564 1.96564 1.89826 1.84695 1.84695 1.84695 1.84695 1.84695 2.16221 2.36158 2.36158 2.36158 2.36158 2.36158 2.36158 2.37929 2.42586 2.47036 2.55650
2.20799 2.08344 2.79324 3.13055 3.13055 3.37042 3.42663 3.49820 3.57466 3.65116 3.72377 3.60876 3.60856 3.60856 3.60856 3.60856 3.60856 3.60856 3.60012 3.56500 3.52794 3.49087 3.74736 5.85353 6.27539 6.85442 7.11957 7.07121 6.75301 6.38535 6.01770 5.67098 5.58135 5.58135 5.58135 5.58135 5.58135 5.58135 5.58135 5.17536 5.04617 5.04617 5.03032 2.36488 1.96564 1.96564 1.96564 1.96564 1.96564 1.93585 1.84695 1.84695 1.84695 1.84695 1.84695 2.01642 2.36158 2.36158 2.36568 2.38213 2.41393 2.49956 2.67614 2.67894 0.00000 0.00000
2.03818 2.12752 2.63746 3.35992 3.43642 3.67072 3.85387 3.85875 3.85875 3.85875 3.85875 3.65772 3.60856 3.59986 3.56495 3.52794 3.49087 3.45380 3.42517 3.42322 3.42322 3.42322 3.53910 4.99539 6.01042 6.03727 5.94984 5.63063 5.58135 5.58135 5.58135 5.58135 5.58135 5.58135 5.58135 5.58135 5.58135 5.58135 5.58135 5.32852 5.04617 5.04617 5.04617 3.45487 1.96564 1.96564 1.96564 1.96564 1.96564 1.96404 1.85636 1.84695 1.84836 1.86491 1.87703 1.92565 2.30941 2.30124 2.04422 0.00000 0.00000 0.00000 0.00000 0.00000 0.00000 0.00000
2.61629 2.62264 2.67914 3.55481 3.57844 3.65435 3.85875 3.85875 3.85223 3.82581 3.79801 3.63036 3.45343 3.42506 3.42322 3.42322 3.42322 3.42322 3.41528 3.27624 3.11789 2.98342 2.86483 3.69733 5.59760 5.59624 5.58149 5.58135 5.58135 5.58135 5.58135 5.58135 5.58135 5.58135 5.58135 5.58135 5.58135 5.58135 5.58135 5.48197 5.04617 5.04617 5.04617 4.32593 1.96564 1.96564 1.96564 1.97373 2.00672 2.04900 1.98619 1.94537 2.01066 2.04422 0.00000 0.00000 0.00000 0.00000 0.00000 0.00000 0.00000 0.00000 0.00000 0.00000 0.00000 0.00000
2.73825 2.62264 2.62264 3.34765 3.57310 3.57575 3.76235 3.74241 3.72113 3.71975 3.71975 3.64819 3.42322 3.42322 3.39263 3.22378 3.05604 2.92115 2.79473 2.79948 2.82365 2.82365 2.82365 3.11982 5.36360 5.59760 5.58536 5.58135 5.58135 5.58135 5.58135 5.58135 5.58135 5.58135 5.58135 5.58135 5.58135 5.58135 5.58135 5.57964 5.10183 5.04662 5.17094 5.31882 2.25322 2.12417 2.19340 2.27491 2.28160 2.28160 0.00000 0.00000 0.00000 0.00000 0.00000 0.00000 0.00000 0.00000 0.00000 0.00000 0.00000 0.00000 0.00000 0.00000 0.00000 0.00000
2.87110 2.60365 2.59727 3.03957 3.55518 3.55518 3.66846 3.71975 3.71975 3.71975 3.66868 3.51793 3.00865 2.85860 2.75498 2.78952 2.82295 2.82365 2.82365 2.82365 2.82365 2.82365 2.82365 2.99245 4.64810 5.59760 5.59058 5.58135 5.58135 5.58135 5.58135 5.58135 5.58135 5.58135 5.58135 5.58135 5.58765 5.70619 5.88471 6.09150 6.20984 6.54587 6.95789 7.60802 5.47718 2.28160 2.28160 0.00000 0.00000 0.00000 0.00000 0.00000 0.00000 0.00000 0.00000 0.00000 0.00000 0.00000 0.00000 0.00000 0.00000 0.00000 0.00000 0.00000 0.00000 0.00000
2.99413 2.59573 2.59164 2.70728 3.54954 3.55381 3.53152 3.49150 3.35624 3.24947 3.19994 3.23694 2.95757 2.82365 2.82365 2.82365 2.82365 2.82365 2.82365 2.82365 2.82365 2.82365 2.82365 2.87937 3.91845 5.59760 5.59596 5.58142 5.58135 5.58135 5.58135 5.59743 5.73519 5.91822 6.13030 6.37908 6.66164 6.74441 6.91733 7.38405 7.78296 8.80051 11.0862 11.2072 0.00000 0.00000 0.00000 0.00000 0.00000 0.00000 0.00000 0.00000 0.00000 0.00000 0.00000 0.00000 0.00000 0.00000 0.00000 0.00000 0.00000 0.00000 0.00000 0.00000 0.00000 0.00000
3.03652 2.69897 2.59164 2.59164 3.06095 3.03948 3.04424 3.22899 3.26412 3.27007 3.27007 3.27007 3.08870 2.82365 2.82365 2.82365 2.82365 2.82365 2.82365 2.82365 2.82365 2.82365 2.82365 2.82365 3.23677 5.49280 5.62837 5.76906 5.95239 6.17029 6.42635 6.69641 6.74441 6.74441 6.85185 7.07587 7.35612 8.13428 10.7419 11.2072 0.00000 0.00000 0.00000 0.00000 0.00000 0.00000 0.00000 0.00000 0.00000 0.00000 0.00000 0.00000 0.00000 0.00000 0.00000 0.00000 0.00000 0.00000 0.00000 0.00000 0.00000 0.00000 0.00000 0.00000 0.00000 0.00000
3.03650 2.84891 2.67125 2.72248 2.94642 3.10550 3.10550 3.23951 3.27007 3.26182 3.20340 3.13666 3.02210 2.82365 2.82365 2.82365 2.82365 2.82365 2.82365 2.82365 2.82365 2.84225 2.91502 2.99126 3.14160 5.45079 6.74627 6.75778 6.74441 6.74441 6.69976 6.73290 6.86293 7.25797 9.36748 0.00000 0.00000 0.00000 0.00000 0.00000 0.00000 0.00000 0.00000 0.00000 0.00000 0.00000 0.00000 0.00000 0.00000 0.00000 0.00000 0.00000 0.00000 0.00000 0.00000 0.00000 0.00000 0.00000 0.00000 0.00000 0.00000 0.00000 0.00000 0.00000 0.00000 0.00000
2.92103 2.89147 2.78727 2.78115 2.77945 2.98182 2.91511 2.93436 2.94619 2.88765 2.87929 2.87929 2.87893 2.82918 2.82365 2.82365 2.84225 2.91502 2.99126 3.06750 3.14374 3.20156 3.20510 3.20510 3.20328 4.52853 6.40234 5.75590 6.27096 6.05619 4.47970 0.00000 0.00000 0.00000 0.00000 0.00000 0.00000 0.00000 0.00000 0.00000 0.00000 0.00000 0.00000 0.00000 0.00000 0.00000 0.00000 0.00000 0.00000 0.00000 0.00000 0.00000 0.00000 0.00000 0.00000 0.00000 0.00000 0.00000 0.00000 0.00000 0.00000 0.00000 0.00000 0.00000 0.00000 0.00000
2.66343 2.57438 2.39375 2.28428 2.26568 2.66332 2.71472 2.75288 2.87929 2.87929 2.87929 2.89322 2.94780 2.99685 3.06750 3.14374 3.20156 3.20510 3.20510 3.20510 3.20510 3.20978 3.24828 3.29800 3.35074 3.43590 2.42649 2.40552 2.40552 0.00000 0.00000 0.00000 0.00000 0.00000 0.00000 0.00000 0.00000 0.00000 0.00000 0.00000 0.00000 0.00000 0.00000 0.00000 0.00000 0.00000 0.00000 0.00000 0.00000 0.00000 0.00000 0.00000 0.00000 0.00000 0.00000 0.00000 0.00000 0.00000 0.00000 0.00000 0.00000 0.00000 0.00000 0.00000 0.00000 0.00000
2.38331 2.38331 2.33004 2.26562 2.26562 2.54197 2.71299 2.70736 2.97564 3.06218 3.11937 3.16272 3.16538 3.17818 3.20510 3.20510 3.20510 3.21730 3.26061 3.30931 3.36069 3.40741 3.42033 3.42201 3.42201 3.48277 2.82599 2.40552 2.40552 0.00000 0.00000 0.00000 0.00000 0.00000 0.00000 0.00000 0.00000 0.00000 0.00000 0.00000 0.00000 0.00000 0.00000 0.00000 0.00000 0.00000 0.00000 0.00000 2.41723 2.41723 2.41723 2.41723 2.41723 2.41723 0.00000 0.00000 0.00000 0.00000 0.00000 0.00000 0.00000 0.00000 0.00000 0.00000 0.00000 0.00000
2.38331 2.38191 2.35714 2.24387 2.23265 2.35679 2.67527 2.67476 2.99406 3.16538 3.16538 3.16538 3.16538 3.18692 3.27310 3.32061 3.37204 3.41118 3.41929 3.42201 3.42201 3.42201 3.42201 3.42201 3.42201 3.45385 3.18365 2.40552 2.40552 2.40552 0.00000 0.00000 0.00000 0.00000 0.00000 0.00000 0.00000 0.00000 0.00000 0.00000 0.00000 0.00000 0.00000 0.00000 2.41723 2.41723 2.41723 2.41723 2.41723 2.41723 2.41723 2.41723 2.41723 2.41723 0.00000 0.00000 0.00000 0.00000 0.00000 0.00000 0.00000 0.00000 0.00000 0.00000 0.00000 0.00000
2.34093 2.33137 2.33004 2.23589 2.21234 2.21935 2.64594 2.67476 2.85343 3.19223 3.22584 3.26067 3.29900 3.32014 3.39971 3.42198 3.42201 3.42201 3.42201 3.42201 3.42201 3.42201 3.42201 3.42201 3.42201 3.43078 3.42325 2.40552 2.40552 2.40552 0.00000 0.00000 0.00000 0.00000 0.00000 0.00000 0.00000 0.00000 0.00000 0.00000 0.00000 2.41723 2.41723 2.41723 2.41723 2.41723 2.41723 2.41723 2.41723 2.41723 2.41723 2.41723 2.41723 2.41723 0.00000 0.00000 0.00000 0.00000 0.00000 0.00000 0.00000 0.00000 0.00000 0.00000 0.00000 0.00000
2.33004 2.33004 2.33004 2.27430 2.21234 2.21234 2.57643 2.77890 2.85492 3.31462 3.32412 3.32784 3.32806 3.32806 3.37515 3.42201 3.42201 3.42201 3.42201 3.42201 3.42201 3.42201 3.42201 3.42201 3.42201 3.42201 3.49907 2.68152 2.40552 2.40552 0.00000 0.00000 0.00000 0.00000 0.00000 0.00000 0.00000 2.41723 2.41723 2.41723 2.41723 2.41723 2.41723 2.41723 2.41723 2.41723 2.41723 2.41723 2.41723 2.41723 2.41723 2.41723 2.41723 2.41723 2.41723 0.00000 0.00000 0.00000 0.00000 0.00000 0.00000 0.00000 0.00000 0.00000 0.00000 0.00000
2.33004 2.33004 2.33004 2.31426 2.21777 2.22429 2.45930 2.83685 2.83744 3.22096 3.32806 3.32806 3.32865 3.33818 3.37108 3.42201 3.42201 3.42201 3.42201 3.42201 3.42201 3.42201 3.42201 3.42201 3.39784 3.29989 3.33610 3.09172 2.40552 2.40552 0.00000 0.00000 0.00000 2.41723 2.41723 2.41723 2.41723 2.41723 2.41723 2.41723 2.41723 2.41723 2.41723 2.41723 2.41723 2.41723 2.41723 2.41723 2.41723 2.41723 2.41723 2.41723 2.41723 2.41723 2.41723 0.00000 0.00000 0.00000 0.00000 0.00000 0.00000 0.00000 0.00000 1.22753 1.22753 1.22753
2.34750 2.38167 2.41586 2.44843 2.27647 2.23740 2.26985 2.81476 2.82136 3.08309 3.38046 3.39826 3.41704 3.42201 3.42201 3.42201 3.42201 3.42201 3.42201 3.39712 3.29885 3.19579 3.09336 2.99070 2.91181 2.90671 3.02477 3.35992 2.40552 2.41431 2.43278 2.41723 2.41723 2.41723 2.41723 2.41723 2.41723 2.41723 2.41723 2.41723 2.41723 2.41723 2.41723 2.41723 2.41723 2.41723 2.41723 2.41723 2.41723 2.41723 2.41723 2.41723 2.41723 2.41723 2.41723 0.00000 0.00000 0.00000 0.00000 1.22753 1.22753 1.22753 1.22753 1.22753 1.22753 1.22753
2.45664 2.43782 2.39994 2.35703 2.17131 1.95578 1.86691 2.55957 2.76786 2.90026 3.42201 3.42201 3.42201 3.42201 3.39640 3.29782 3.19476 3.09170 2.98936 2.91150 2.90671 2.90671 2.90671 2.90671 2.88166 2.74560 2.59129 2.88078 2.51491 2.54257 2.47523 2.41723 2.41723 2.41723 2.41723 2.41723 2.41723 2.41723 2.41723 2.41723 2.41723 2.41723 2.41723 2.41723 2.41723 2.41723 2.41723 2.41723 2.41723 2.41723 2.41723 2.41723 2.41723 2.41723 2.41723 1.22753 1.22753 1.22753 1.22753 1.22753 1.22753 1.22753 1.22753 1.22753 1.22753 1.22753
2.21993 2.16189 2.16189 2.16189 2.10502 1.83300 1.83300 2.29212 2.76786 2.79441 3.26871 3.19373 3.09067 2.98761 2.91093 2.90671 2.90671 2.90671 2.90671 2.90671 2.85189 2.69773 2.52366 2.31681 2.11545 2.10840 2.11065 2.33864 2.54427 2.54427 2.51586 2.41723 2.41723 2.41723 2.41723 2.41723 2.41723 2.41723 2.41723 2.41723 2.41723 2.41723 2.41723 2.41723 2.41723 2.41723 2.41723 2.41723 2.41723 2.41723 2.41723 2.40269 2.21264 1.97140 1.72973 1.26252 1.22753 1.22753 1.22753 1.22753 1.22753 1.22753 1.22753 1.22753 1.22753 1.22753
2.37942 2.16189 2.16189 2.16189 2.18294 2.03155 2.12391 2.37029 3.14753 3.22351 3.02786 2.90671 2.90671 2.90671 2.90671 2.90474 2.81132 2.64795 2.46193 2.24198 2.09080 2.10634 2.11065 2.11065 2.11065 2.11065 2.11065 2.21984 2.54427 2.54427 2.54347 2.43023 2.41723 2.41723 2.41723 2.41723 2.41723 2.41723 2.41723 2.41723 2.41723 2.41723 2.41723 2.41723 2.41723 2.41723 2.41723 2.40864 2.23276 1.99161 1.75047 1.52377 1.47267 1.47267 1.47267 1.33744 1.22753 1.22753 1.22753 1.22753 1.22753 1.22753 1.22753 1.22753 1.22753 1.22753
2.65950 2.43181 2.57412 2.71630 2.83742 2.67967 2.52317 2.52317 3.11434 3.22797 3.12088 2.89275 2.76771 2.59622 2.39670 2.16629 2.08553 2.10362 2.11065 2.11065 2.11065 2.11065 2.11065 2.11065 2.11065 2.11065 2.11065 2.13760 2.54306 2.54427 2.54427 2.47007 2.41723 2.41723 2.41723 2.41723 2.41723 2.41723 2.41723 2.41723 2.41723 2.41723 2.41723 2.41336 2.25278 2.01164 1.77049 1.53794 1.47267 1.47267 1.47267 1.47267 1.47267 1.47267 1.47267 1.41473 1.22753 1.22753 1.22753 1.22753 1.22753 1.22753 1.22753 1.22753 1.22753 1.22753
3.19396 2.85205 2.85205 2.85205 2.85205 2.78639 2.52317 2.52317 2.82768 2.93076 2.73117 2.11612 2.08206 2.10027 2.11061 2.11065 2.11065 2.11065 2.11065 2.11065 2.11065 2.11065 2.11065 2.11065 2.11065 2.11065 2.11065 2.11065 2.41738 2.54427 2.54427 2.51068 2.41723 2.41723 2.41723 2.41723 2.41723 2.41723 2.41723 2.41610 2.27309 2.03204 1.79080 1.55334 1.47267 1.47267 1.47267 1.47267 1.47267 1.47267 1.47267 1.47267 1.47267 1.47267 1.47267 1.47027 1.24920 1.22753 1.22753 1.22753 1.22753 1.22753 1.22753 1.22753 1.22753 1.22753
3.24517 2.90429 2.85205 2.85205 2.85205 2.85133 2.56770 2.54225 2.56047 2.57868 2.59193 2.22925 2.11065 2.11065 2.11065 2.11065 2.11065 2.11065 2.11065 2.11065 2.11065 2.11065 2.11065 2.11065 2.11065 2.11065 2.11065 2.12234 2.32206 2.54427 2.54427 2.54211 2.42644 2.41723 2.41723 2.41723 2.29321 2.05207 1.81082 1.57090 1.47267 1.47267 1.47267 1.47267 1.47267 1.47267 1.47267 1.47267 1.47267 1.47267 1.47267 1.47267 1.47267 1.47267 1.47267 1.47267 1.32407 1.22753 1.22753 1.22753 1.22753 1.22753 1.22753 1.22753 1.22753 1.22753
3.24636 3.03381 2.84900 2.78183 2.68914 2.59638 2.56278 2.59255 2.59255 2.59255 2.59255 2.36885 2.11065 2.11065 2.11065 2.11065 2.11065 2.11065 2.11065 2.11065 2.11065 2.11065 2.12234 2.17119 2.23474 2.31706 2.42789 2.53782 2.54427 2.54427 2.54427 2.54427 2.37482 2.07218 1.83104 1.58989 1.47267 1.47267 1.47267 1.47267 1.47267 1.47267 1.47267 1.47267 1.47267 1.47267 1.47267 1.47267 1.47267 1.47267 1.47267 1.47267 1.47267 1.47267 1.47267 1.47267 1.40137 1.22753 1.22753 1.22753 1.22753 1.22753 1.17986 0.909242 0.610700 0.312639
3.15596 2.96499 2.53406 2.50850 2.50850 2.50850 2.52753 2.59255 2.59255 2.59255 2.59255 2.50846 2.11065 2.11065 2.11065 2.11065 2.11065 2.12269 2.17175 2.23546 2.31739 2.42789 2.53782 2.54427 2.54427 2.54427 2.54427 2.54427 2.51710 2.41867 2.31643 2.21431 1.94716 1.47267 1.47267 1.47267 1.47267 1.47267 1.47267 1.47267 1.47267 1.47267 1.47267 1.47267 1.47267 1.47267 1.47267 1.47267 1.47267 1.47267 1.47267 1.47267 1.47267 1.47267 1.47267 1.47267 1.46573 1.24037 1.17336 0.899371 0.600949 0.302286 0.0515347 0.0237269 0.0237269 0.0237269
