High_resolution/powerplant/Chizhou/OMI_NO2_200703.asc
ncols      200
nrows      200
xllcorner       115.585
yllcorner       28.7700
cellsize     0.0166667
NODATA_Value      -999.000
[rows 120 to 149 of 175, columns 66 to 131 of 200]
3.73602 3.39868 3.38837 3.34885 3.30476 3.26064 3.21654 3.17270 3.12389 3.09585 3.07277 3.05014 2.74752 2.77439 2.42159 2.38096 2.28274 2.24386 2.20826 2.17222 2.16516 2.16516 2.16516 2.16516 2.16516 2.16516 2.16516 2.16516 2.16508 1.31511 1.30550 1.51035 1.47554 1.47554 1.47554 1.47554 1.47243 1.46379 1.45506 1.44633 1.44052 1.47203 1.51517 1.55820 1.59632 1.58152 1.43876 1.54532 1.53123 1.51432 1.32554 1.11400 1.09244 1.06667 1.05430 1.05430 1.05447 1.05496 1.05549 1.07047 1.08268 1.14484 2.26153 2.47349 2.53205 2.53692
3.43976 3.19505 3.16111 3.15650 3.15535 3.15274 3.15013 3.14751 3.11742 3.09745 3.06430 3.06829 2.85989 2.77412 2.45007 2.26275 2.19857 2.16516 2.16516 2.16516 2.16516 2.16516 2.16516 2.16516 2.16516 2.16516 2.16516 2.16516 2.16516 1.56923 1.19634 1.51716 1.46906 1.46032 1.45159 1.44710 1.47789 1.52090 1.56397 1.60706 1.64812 1.67468 1.76287 1.89405 2.02249 2.14971 1.69593 1.43554 1.43642 1.44662 1.38036 1.05607 1.05668 1.05734 1.05804 1.05881 1.05932 1.05933 1.05933 1.05933 1.05933 1.08942 2.01581 2.53692 2.53692 2.53692
3.25895 3.16672 3.14407 3.13905 3.13506 3.13254 3.12957 3.10985 3.07100 3.04008 3.08830 3.10733 2.95412 2.76174 2.55724 2.26112 2.22447 2.16516 2.16516 2.16516 2.16516 2.16516 2.16516 2.16516 2.16516 2.16516 2.16516 2.16516 2.16516 1.82366 1.19593 1.47268 1.52667 1.56970 1.61284 1.67858 1.75377 1.85380 1.98561 2.11738 2.25097 2.37329 2.42419 2.43216 2.46092 2.61355 2.18058 1.53569 1.53091 1.53103 1.52699 1.10726 1.05933 1.05933 1.05933 1.05933 1.05933 1.05933 1.05933 1.05933 1.05933 1.06163 1.63004 2.53692 2.53692 2.53692
3.23986 3.16554 3.10595 3.08477 3.05959 3.03702 3.01692 3.01023 3.01023 3.01023 3.06152 3.10733 3.05368 2.76157 2.68480 2.26112 2.25036 2.16526 2.16516 2.16516 2.16516 2.16516 2.16516 2.16516 2.16516 2.17402 2.22136 2.27316 2.32495 2.27715 1.45697 1.57010 1.91153 2.08358 2.22265 2.33475 2.40548 2.44443 2.45172 2.45901 2.46455 2.46489 2.46489 2.46489 2.46897 2.72654 2.47471 1.64368 1.53103 1.53103 1.53103 1.26419 1.05933 1.05933 1.05933 1.05933 1.05933 1.05933 1.05933 1.05933 1.05933 1.05933 1.23693 2.51178 2.53612 2.42723
3.09075 3.11390 3.01476 3.01023 3.01023 3.01023 3.01023 3.01023 3.01023 3.01023 3.03318 3.10733 3.10733 2.80751 2.76114 2.31244 2.26112 2.18038 2.16516 2.16516 2.17402 2.22136 2.27316 2.32167 2.36676 2.39664 2.37649 2.33360 2.28148 2.23258 1.79944 1.87776 2.31413 2.46489 2.46489 2.46489 2.46489 2.46489 2.46489 2.46489 2.46489 2.46489 2.46489 2.46489 2.46489 2.65244 2.68638 1.76646 1.53103 1.53103 1.53103 1.40118 1.05933 1.05933 1.05933 1.05933 1.05933 1.05933 1.05933 1.05852 1.05184 1.04401 1.09407 1.67531 1.60665 1.53154
2.89671 3.11170 3.01317 3.01023 3.01023 3.01023 3.01023 3.01023 3.01023 3.01023 3.01228 3.10109 3.10733 2.90687 2.76174 2.44830 2.31732 2.30832 2.30210 2.32959 2.34825 2.32798 2.28508 2.23626 2.19080 2.15173 2.12416 2.11491 2.11491 2.11491 1.93623 1.89823 2.18454 2.46489 2.46489 2.46489 2.46489 2.46489 2.46489 2.46489 2.46489 2.46489 2.46489 2.46489 2.46489 2.58091 2.74249 2.04399 1.47521 1.38296 1.27841 1.15174 1.05933 1.05933 1.05702 1.04941 1.04156 1.03373 1.02590 1.01888 1.01771 0.987321 0.935808 1.29349 1.65728 1.69289
2.75210 3.11604 3.03770 3.01023 3.01023 3.01023 3.01023 3.01023 3.01023 3.01023 3.02539 3.23629 3.46526 3.53709 3.44443 3.11902 2.29327 2.24437 2.20725 2.17939 2.15154 2.12416 2.11491 2.11491 2.11491 2.11491 2.11491 2.11491 2.11491 2.11491 1.98116 1.89833 2.03098 2.46039 2.46489 2.46489 2.46489 2.46489 2.46489 2.46489 2.46489 2.46489 2.46489 2.46127 2.44020 2.47029 2.69944 2.16853 1.10157 1.05477 1.04694 1.03911 1.03128 1.02345 1.01792 1.01492 0.965731 0.903503 0.844373 0.778410 0.704052 0.659080 0.655966 0.923101 1.72669 1.72669
2.60891 3.11469 3.06665 3.02591 3.12520 3.23512 3.36676 3.50895 3.65095 3.79330 3.92009 4.03680 4.22720 4.15840 3.81407 3.55900 2.12980 2.12030 2.11506 2.11491 2.11491 2.11491 2.11491 2.11491 2.11491 2.11491 2.11491 2.11491 2.11491 2.11491 2.05708 1.86759 1.93720 2.38773 2.46489 2.46489 2.46489 2.46489 2.46489 2.45416 2.43021 2.40382 2.37459 2.34782 2.34842 2.35839 2.67313 2.46572 1.20770 1.01771 1.00530 0.953251 0.895573 0.831167 0.758504 0.679492 0.654680 0.652200 0.652115 0.652682 0.668417 0.665270 0.652115 0.675625 1.67574 1.72669
2.43850 3.49263 3.85271 3.84766 3.89064 3.92286 3.93336 3.91268 3.86841 3.82408 3.77978 3.75262 3.98787 3.99251 3.81290 3.74042 2.31479 2.12055 2.11635 2.11491 2.11491 2.11491 2.11491 2.11491 2.11491 2.11491 2.11491 2.11491 2.11491 2.11491 2.11491 1.85485 1.89823 2.27250 2.46326 2.44472 2.41982 2.39233 2.36226 2.34921 2.35416 2.35911 2.36406 2.36882 2.36742 2.33590 2.48968 2.51110 1.18555 0.734812 0.660107 0.652739 0.668625 0.689061 0.707286 0.723689 0.738487 0.751903 0.764084 0.775065 0.778303 0.733999 0.652115 0.652115 1.40089 1.72669
2.57278 3.49090 4.12962 3.89312 3.83066 3.78635 3.74205 3.71840 3.71838 3.71859 3.72167 3.72565 3.91742 3.99251 3.88511 3.74059 2.72693 2.12055 2.11787 2.11491 2.11491 2.11491 2.11491 2.11491 2.11491 2.11491 2.11491 2.11491 2.11491 2.11491 2.14641 2.05926 2.17506 2.21273 2.35631 2.35495 2.35990 2.36485 2.36390 2.34094 2.30231 2.24961 2.19684 2.14423 2.10135 2.09180 2.14175 2.13916 1.38348 0.752077 0.764225 0.775151 0.778303 0.778303 0.778303 0.778303 0.778303 0.778303 0.778303 0.778303 0.778303 0.760141 0.652115 0.652115 1.10263 1.72669
2.45010 2.90620 3.93146 3.79340 3.71838 3.71885 3.72230 3.72628 3.73026 3.73402 3.73492 3.73492 3.83755 3.99251 3.95745 3.74055 3.13906 2.12055 2.11936 2.11491 2.11491 2.11491 2.11491 2.11491 2.11491 2.11491 2.17604 2.29145 2.39119 2.46698 2.51389 2.36592 2.39934 2.33819 2.30175 2.26841 2.21930 2.17797 2.14234 2.12498 2.12257 2.13424 2.14589 2.15748 2.16196 2.16196 2.12323 1.99162 1.63204 0.818543 0.778303 0.778303 0.778303 0.778303 0.778303 0.778303 0.778303 0.778303 0.778303 0.778303 0.778303 0.777238 0.662623 0.652115 0.802860 1.72818
2.37552 2.48894 3.92297 3.86001 3.73089 3.73440 3.73492 3.73492 3.73492 3.73492 3.73492 3.73492 3.76668 3.99251 3.99251 3.77780 3.55137 2.12087 2.12048 2.11528 2.11491 2.11960 2.20999 2.31779 2.40003 2.47311 2.50591 2.50751 2.51487 2.56205 2.62230 2.63970 2.43159 2.48383 2.14852 2.15367 2.16170 2.16196 2.16196 2.16196 2.16196 2.16196 2.16196 2.16196 2.16196 2.16196 2.15822 1.99877 1.89822 0.898523 0.778303 0.778303 0.778303 0.778303 0.778303 0.778303 0.778303 0.778303 0.778303 0.778303 0.778303 0.778303 0.701090 0.662194 0.672982 1.58539
2.38867 2.39182 3.64750 3.92559 3.73547 3.73492 3.73492 3.73492 3.73492 3.73492 3.73492 3.73492 3.73492 3.94477 3.99251 3.85011 3.74059 2.36133 2.24389 2.32834 2.39798 2.47565 2.51422 2.53464 2.56762 2.60428 2.63531 2.65367 2.66960 2.66051 2.78277 2.82983 2.43686 2.46066 2.26504 2.16196 2.16196 2.16196 2.16196 2.16196 2.16196 2.16196 2.16196 2.16196 2.16196 2.16196 2.16196 2.03761 1.99162 1.15585 0.778303 0.778303 0.778303 0.778303 0.778303 0.778303 0.778303 0.780295 0.787243 0.794439 0.801624 0.808820 0.776028 0.709378 0.780420 1.37367
2.39207 2.39207 3.24728 3.94728 3.77187 3.73492 3.73492 3.73492 3.73492 3.73492 3.73492 3.61579 3.49247 3.54057 3.59478 3.49775 3.33603 2.71338 2.33948 2.40639 2.53823 2.56585 2.57188 2.57650 2.58098 2.57911 2.56810 2.55753 2.54770 2.53949 2.65105 2.77966 2.50501 2.45077 2.36551 2.16196 2.16196 2.16196 2.16196 2.16196 2.16196 2.16196 2.16196 2.16196 2.16196 2.16196 2.16196 2.07995 1.99162 1.47314 0.780124 0.778314 0.782281 0.789469 0.796661 0.803849 0.811046 0.816241 0.819316 0.901614 1.01999 1.13848 1.27452 1.54778 1.65430 1.60616
2.39207 2.39207 2.84728 3.94728 3.83008 3.73492 3.73491 3.72735 3.70966 3.66249 3.60861 3.38844 3.09907 3.07175 3.24173 3.29784 3.17271 2.90001 2.40289 2.43092 2.58242 2.57620 2.56505 2.55470 2.54506 2.53851 2.53822 2.53822 2.53822 2.53822 2.59966 2.77966 2.60252 2.42940 2.44836 2.15782 2.16196 2.16196 2.16196 2.16196 2.16196 2.16196 2.16196 2.16196 2.16196 2.16196 2.16113 2.10450 1.95056 1.70039 0.861803 0.813256 0.816478 0.833947 0.939894 1.05845 1.17676 1.29539 1.41092 1.44712 1.44712 1.44712 1.44962 1.62993 1.58729 1.52901
2.40621 2.43201 2.54026 3.90226 3.84834 3.57068 3.51681 3.47053 3.43439 3.42771 3.42260 3.35039 3.01757 3.01010 3.13212 3.26908 3.20652 3.08153 2.40119 2.39543 2.52232 2.53822 2.53822 2.53822 2.53822 2.53822 2.53822 2.53822 2.53822 2.53822 2.55258 2.77828 2.73229 2.37666 2.46157 2.24232 2.16196 2.16196 2.16196 2.16196 2.16196 2.15987 2.14054 2.11735 2.09418 2.07097 2.04864 2.04045 1.90875 1.86731 1.32688 1.21536 1.33360 1.43482 1.44712 1.46444 1.55353 1.65005 1.74687 1.84339 1.94021 2.03673 2.13355 1.53808 1.28317 1.28317
2.65562 2.66729 2.67753 3.65925 3.91496 3.43966 3.41438 3.40466 3.39494 3.38522 3.38060 3.37987 3.02879 3.01147 3.01541 3.15737 3.10202 3.05430 2.49357 2.38942 2.47834 2.53822 2.53822 2.53822 2.53822 2.53822 2.53822 2.53822 2.53822 2.53822 2.53822 2.73651 2.77966 2.37740 2.34567 2.20261 2.15809 2.13697 2.11379 2.09060 2.06741 2.05418 2.12724 2.17059 2.15458 2.13840 2.12233 2.09849 1.98294 2.03987 2.13940 1.84339 1.94021 2.03673 2.13355 2.21274 2.22048 2.22048 2.22048 2.22048 2.22048 2.22048 2.22048 1.77207 1.28317 1.28317
2.65286 2.64353 2.63380 3.29243 3.89275 3.51508 3.38060 3.38060 3.38834 3.42156 3.46012 3.50306 3.18472 3.05761 3.00916 3.07669 3.11632 3.05416 2.66315 2.38942 2.43833 2.53822 2.53822 2.53822 2.53822 2.53822 2.53822 2.53822 2.53761 2.49890 2.43435 2.50098 2.51285 2.09771 2.01283 1.95925 2.14792 2.23931 2.26702 2.25002 2.20819 2.14727 2.01702 1.92053 1.88331 1.84628 1.80920 1.77791 2.11086 2.46769 2.55473 2.23539 2.22048 2.22048 2.22048 2.22048 2.22048 2.22048 2.22048 2.22048 2.22048 2.22048 2.20447 1.87680 1.13031 1.06589
2.60864 2.60825 2.60825 2.94919 3.90710 3.71802 3.46647 3.51016 3.54713 3.54961 3.54961 3.54961 3.29243 3.05761 3.04954 3.02069 3.12679 3.06445 2.83256 2.38942 2.39984 2.53667 2.53822 2.53822 2.53287 2.48137 2.41404 2.33608 2.25238 2.21376 2.20104 2.26854 2.39255 2.16278 1.73671 1.53586 1.92675 1.90288 1.82197 1.78579 1.77430 1.77430 1.77430 1.77430 1.77430 1.77430 1.77430 1.77430 1.93891 2.46769 2.50954 2.36198 2.22048 2.22048 2.22048 2.22048 2.22048 2.22048 2.14423 2.00666 1.88612 1.77975 1.69418 1.66361 1.00457 0.983895
2.60512 2.60078 2.59510 2.64625 4.13793 4.06152 3.54961 3.54961 3.54961 3.54961 3.54961 3.54961 3.40873 3.05761 3.05761 2.98561 3.12637 3.08525 2.99905 2.39248 2.37340 2.42967 2.38790 2.30671 2.22300 2.18675 2.15890 2.13708 2.12962 2.12988 2.13389 2.16107 2.25175 2.21928 1.49876 1.26839 1.44943 1.77430 1.77430 1.77430 1.77430 1.77430 1.77430 1.77430 1.77430 1.77430 1.77430 1.77430 1.79185 2.44148 2.46769 2.46966 2.22048 2.22982 2.29933 2.37042 1.91755 1.72642 1.68062 1.68062 1.70205 1.78634 1.87462 1.96290 1.53145 1.43034
2.60554 2.58417 2.58417 2.58417 3.78952 4.17867 3.60445 3.54961 3.54961 3.54961 3.54627 3.51705 3.46125 3.14710 3.17936 3.13296 3.20767 3.17319 3.04452 2.38000 2.22672 2.23185 2.18391 2.17737 2.18247 2.19975 2.22445 2.24955 2.28139 2.31816 2.35315 2.38640 2.41579 2.43566 1.84963 1.32223 1.28882 1.77430 1.77430 1.77430 1.77430 1.77430 1.77430 1.77430 1.77430 1.77430 1.77430 1.77430 1.77430 2.30972 2.53341 2.62510 2.45587 2.50297 2.51011 2.55582 2.15424 1.90291 1.99124 2.07957 2.14643 2.15005 2.13578 2.11477 1.74687 1.36978
2.63327 2.52069 2.50608 2.49217 3.18010 3.85141 3.46693 3.25108 3.22625 3.20252 3.15690 3.04071 2.94190 3.07037 3.02712 2.89504 2.69861 2.63926 2.62777 2.47219 2.36383 2.37022 2.30208 2.33268 2.36225 2.39420 2.42469 2.45314 2.46424 2.46429 2.46429 2.46429 2.46429 2.46429 2.11756 1.35749 1.20257 1.76080 1.77430 1.77430 1.77430 1.77430 1.77430 1.77430 1.77767 1.84175 1.92105 1.99253 2.05739 2.36880 2.69587 2.81728 2.77900 2.84900 2.93738 2.97995 2.73248 2.12911 2.10810 2.08709 2.06609 2.04550 2.03877 2.03877 1.86514 1.33580
2.55361 2.40536 2.40536 2.40101 2.66805 3.41167 3.10280 2.73713 2.64593 2.55494 2.48833 2.50982 2.51770 2.65698 2.82528 2.89023 2.83977 2.86956 2.77540 2.64054 2.55854 2.56910 2.45603 2.46069 2.46429 2.46429 2.46429 2.46429 2.46429 2.46429 2.46429 2.46429 2.46429 2.46429 2.29039 1.47058 1.25272 1.59886 1.77430 1.77430 1.79494 1.87482 1.95083 2.01946 2.08493 2.14993 2.20968 2.26938 2.32913 2.51996 2.95734 2.97371 3.01536 2.93092 2.90992 2.88891 2.84034 2.06975 2.03877 2.01397 1.96129 1.90814 1.85529 1.80257 1.73179 1.42410
2.53268 2.26971 2.20321 2.13039 2.08465 2.53368 2.51820 2.51760 2.53899 2.59069 2.64257 2.69450 2.74633 2.85049 3.03946 3.03946 2.96154 2.91494 2.85994 2.76602 2.57499 2.59728 2.50288 2.46429 2.46429 2.46429 2.46429 2.46429 2.46429 2.46429 2.46429 2.46429 2.46429 2.46429 2.42225 1.64536 1.31644 1.46562 1.97941 2.05526 2.15583 2.21847 2.27814 2.33789 2.39148 2.36498 2.33645 2.34303 2.35002 2.37557 3.02113 3.05169 2.85079 2.73843 2.68532 2.63256 2.57987 1.94344 1.64494 1.61698 1.61698 1.61698 1.64234 1.72066 1.79628 1.62520
2.59103 2.30879 2.19989 2.27813 2.38307 2.68190 2.67905 2.73750 2.76936 2.76959 2.76959 2.76959 2.76959 2.79734 3.03946 3.03946 3.01512 2.94125 2.91715 2.78984 2.59742 2.59728 2.53885 2.46429 2.46429 2.46429 2.46429 2.46429 2.46429 2.46429 2.46429 2.46429 2.46429 2.46429 2.46250 1.89570 1.44744 1.54558 2.33910 2.34772 2.29497 2.27238 2.27685 2.29095 2.34090 2.44182 2.53067 2.57737 2.62395 2.67054 2.69223 2.65566 2.56450 2.44646 2.46357 2.51772 2.57006 2.31254 1.93490 1.99879 2.05924 2.11661 2.15485 2.15615 2.15615 1.96931
2.85928 2.70971 2.59888 2.62960 2.63084 2.78718 2.76175 2.76613 2.76959 2.76959 2.76959 2.76959 2.76959 2.76967 3.00703 3.03946 3.03877 2.94915 2.94125 2.80840 2.64381 2.59728 2.57481 2.46429 2.46429 2.46429 2.46429 2.46429 2.46429 2.46250 2.45465 2.44631 2.43569 2.40596 2.37369 2.00168 1.56218 1.58991 2.24432 2.45261 2.57631 2.65418 2.70076 2.73765 2.74051 2.74051 2.75977 2.85712 2.95708 3.05106 3.06986 2.89000 2.89982 2.79206 2.81875 2.81973 2.81973 2.74382 2.15754 2.15615 2.15651 2.19361 2.25511 2.31658 2.37811 2.38596
2.74162 2.73210 2.63166 2.63084 2.63084 2.72707 2.79227 2.76399 2.76959 2.76959 2.76959 2.76959 2.76959 2.76959 2.93907 3.03946 3.03946 2.97491 2.94125 2.85112 2.69754 2.59455 2.59700 2.47805 2.46250 2.45465 2.44393 2.41404 2.37303 2.31286 2.25781 2.21083 2.16925 2.14676 2.12865 2.08099 1.88289 1.98095 2.44216 2.82487 2.92669 3.02252 3.11274 3.19794 3.27841 3.35460 3.41449 3.42033 3.42033 3.42033 3.40037 3.01143 2.98674 2.84090 2.81973 2.81973 2.82501 2.85213 2.39442 2.35003 2.41116 2.43555 2.43555 2.41727 2.34196 2.25685
2.74162 2.74162 2.65408 2.63084 2.63084 2.63776 2.85349 2.76207 2.76937 2.76959 2.76959 2.76959 2.76959 2.76959 2.87768 3.03946 3.03946 3.00483 2.94125 2.89844 2.75800 2.52624 2.50167 2.34407 2.21698 2.16191 2.11743 2.09511 2.08395 2.09368 2.10447 2.08797 2.03208 1.97004 1.90245 1.83355 2.19914 2.65596 3.00861 3.42033 3.42033 3.42033 3.42033 3.42033 3.42033 3.42033 3.42033 3.42033 3.42033 3.42033 3.41837 3.10158 3.00210 2.93186 2.89374 2.92324 2.94744 2.94984 2.64288 2.31700 2.23755 2.15809 2.07864 2.01751 2.01351 2.02380
2.74162 2.74162 2.68826 2.64425 2.65673 2.66956 2.88824 2.85251 2.87862 2.90137 2.92250 2.94450 2.96718 2.98947 2.97509 2.94423 2.89494 2.84289 2.74827 2.69245 2.28972 2.22007 2.28647 2.22002 2.07252 2.04752 2.01368 1.96013 1.89697 1.82826 1.75333 1.70538 1.70399 1.70399 1.70399 1.70399 2.12795 2.73254 2.85883 3.42156 3.42033 3.42033 3.42033 3.42033 3.42033 3.42033 3.42033 3.42290 3.44743 3.47691 3.50642 3.32260 3.11586 3.02713 2.80634 2.72692 2.64747 2.56801 2.41187 2.01500 2.02896 2.04544 2.06191 2.07837 2.09470 2.10089
2.91620 2.93475 2.92198 2.81899 2.81899 2.81899 3.00651 2.97036 2.90262 2.82764 2.76833 2.71904 2.66973 2.62196 2.61741 2.61697 2.59047 2.52784 2.47397 2.42737 2.29269 2.17165 2.10677 2.03138 1.78257 1.74786 1.71283 1.70399 1.70399 1.70399 1.70399 1.70399 1.70399 1.70399 1.70399 1.70399 1.91755 2.66909 2.76748 3.35321 3.42033 3.42033 3.42033 3.43045 3.45951 3.48902 3.51852 3.54224 3.51645 3.47926 3.44213 3.29993 2.93589 2.90917 2.54511 2.54841 2.56488 2.58136 2.59263 2.13982 2.10089 2.10089 2.10069 2.09813 2.09487 2.09158
