High_resolution/powerplant/Chizhou/OMI_NO2_200602.asc
ncols      200
nrows      200
xllcorner       115.585
yllcorner       28.7700
cellsize     0.0166667
NODATA_Value      -999.000
[rows 90 to 119 of 165, columns 66 to 131 of 200]
3.66856 0.00000 0.00000 0.00000 0.00000 0.00000 0.00000 0.00000 0.00000 0.00000 0.00000 0.00000 0.00000 0.00000 0.00000 0.00000 0.00000 0.00000 0.00000 0.00000 0.00000 0.00000 0.00000 0.972257 0.972257 1.02743 1.03539 1.03539 1.03539 1.03539 1.03539 1.03539 1.16266 1.21453 1.21453 1.21453 1.21453 1.21453 1.21453 1.21453 1.21453 1.21453 1.21466 1.23987 1.24068 1.21068 1.25419 1.29767 1.36854 1.51950 1.55560 1.59162 1.62772 1.64431 1.64611 1.68459 1.73774 1.79085 1.84390 1.87760 1.87814 1.87814 1.87814 1.83274 1.58157 1.56545
3.66856 0.00000 0.00000 0.00000 0.00000 0.00000 0.00000 0.00000 0.00000 0.00000 0.00000 0.00000 0.00000 0.00000 0.00000 0.00000 0.00000 0.00000 0.00000 0.00000 0.00000 0.00000 0.00000 0.972257 0.972257 1.01216 1.03539 1.03539 1.03539 1.03539 1.03539 1.03539 1.12120 1.23057 1.27367 1.31709 1.36057 1.40417 1.44760 1.49107 1.53455 1.57811 1.62146 1.63992 1.62054 1.52393 1.52393 1.52393 1.52507 1.63701 1.65597 1.70606 1.75919 1.81224 1.86359 1.87814 1.87814 1.87814 1.87814 1.87814 1.87814 1.87814 1.87814 1.87814 1.60474 1.73919
3.66856 3.66856 0.00000 0.00000 0.00000 0.00000 0.00000 0.00000 0.00000 0.00000 0.00000 0.00000 0.00000 0.00000 0.00000 0.00000 0.00000 0.00000 0.00000 0.00000 0.00000 0.00000 0.00000 0.981481 1.01645 1.07920 1.11375 1.13898 1.16204 1.18315 1.20258 1.22053 1.29096 1.63953 1.63992 1.63992 1.63992 1.63992 1.63992 1.63992 1.63992 1.63992 1.63992 1.63992 1.64205 1.52533 1.55403 1.60715 1.66023 1.79897 1.87514 1.87814 1.87814 1.87814 1.87814 1.87814 1.87814 1.87814 1.87814 1.87814 1.87814 1.87752 1.86823 1.85619 1.63896 1.80870
3.66856 3.66856 0.00000 0.00000 0.00000 0.00000 0.00000 0.00000 0.00000 0.00000 0.00000 0.00000 0.00000 0.00000 4.09418 4.09418 4.09418 1.89592 1.66966 1.66966 1.66966 1.66966 1.66966 1.66966 1.38451 1.31735 1.24801 1.24682 1.24682 1.24682 1.24682 1.24682 1.24713 1.59994 1.63992 1.63992 1.63992 1.63992 1.63992 1.63992 1.63992 1.64350 1.68850 1.75391 1.83351 1.76038 1.74889 1.73687 1.72477 1.76972 1.82098 1.80894 1.79690 1.78478 1.77274 1.76066 1.74861 1.73648 1.72447 1.71239 1.70029 1.68885 1.68608 1.68608 1.59826 1.70489
3.66856 3.66856 0.00000 0.00000 0.00000 0.00000 4.09418 4.09418 4.09418 4.09418 4.09418 4.09418 4.09418 4.09418 4.09418 4.09418 4.09418 2.30932 1.66966 1.66966 1.66966 1.66966 1.66966 1.66966 1.47565 1.32096 1.25841 1.24682 1.24682 1.24682 1.24682 1.24353 1.22588 1.46553 1.58035 1.56104 1.54170 1.53135 1.55503 1.58641 1.62429 1.66547 1.65258 1.62365 1.59465 1.57603 1.56571 1.56571 1.56571 1.59414 1.68608 1.68608 1.68608 1.68608 1.68608 1.68608 1.68608 1.68608 1.68608 1.68608 1.68608 1.68608 1.68608 1.68608 1.68459 1.62986
3.04729 2.97708 4.09418 4.09418 4.09418 4.09418 4.09418 4.09418 4.09418 4.09418 4.09418 4.09418 4.09418 4.09418 4.09418 4.09418 4.09418 2.89686 1.75246 1.86798 1.96885 2.05748 2.13655 2.20666 2.19832 1.80512 1.40689 1.04619 1.02685 1.00756 0.988253 0.972202 0.970544 1.14046 1.41218 1.45446 1.50572 1.55497 1.55934 1.55934 1.55934 1.55934 1.55934 1.55934 1.55934 1.56285 1.56571 1.56571 1.56571 1.56918 1.68241 1.68608 1.68608 1.68608 1.68608 1.68608 1.68608 1.68608 1.68608 1.68608 1.68608 1.68608 1.68608 1.68608 1.68608 1.63955
1.96082 2.06538 4.05962 4.09418 4.09418 4.09418 4.09418 4.09418 3.98309 3.92469 3.90018 3.87812 3.85807 3.83996 3.82335 3.80814 3.79421 3.47164 2.56461 2.56461 2.56461 2.56461 2.56461 2.56461 2.56461 2.12081 1.68195 0.970544 0.970542 0.970448 0.970285 0.970091 0.969853 1.07463 1.55934 1.55934 1.55934 1.55934 1.55934 1.55934 1.55934 1.55934 1.55934 1.55934 1.55934 1.55327 1.56513 1.56571 1.56571 1.56571 1.65729 1.68608 1.68608 1.68608 1.68608 1.68608 1.68608 1.69163 1.70762 1.72392 1.74014 1.75639 1.77222 1.78954 1.81014 1.93118
1.96082 1.96082 3.64225 4.09418 4.09418 4.09418 4.09418 4.09418 3.86549 3.77687 3.77687 3.77687 3.77687 3.77687 3.77687 3.77687 3.77687 3.73384 2.59565 2.56461 2.56461 2.56461 2.56461 2.56461 2.56461 2.32125 2.09225 0.970169 0.969784 0.969688 0.969688 0.969688 0.969688 0.973816 1.51853 1.55934 1.55934 1.55934 1.55934 1.55934 1.55934 1.55934 1.55934 1.55934 1.55934 1.55876 1.55338 1.57768 1.60133 1.62504 1.70087 1.76309 1.77935 1.79558 1.81187 1.82808 1.84436 1.85551 1.86058 1.86737 1.87547 1.88532 1.89103 1.89103 1.89103 1.89836
1.96082 1.96082 3.11947 4.09418 4.09418 4.09418 4.09418 4.09418 3.93522 3.77687 3.77687 3.77687 3.77687 3.77687 3.77687 3.77687 3.77687 3.77687 2.84592 2.56461 2.56461 2.56461 2.56461 2.56461 2.56461 2.56461 2.56461 1.15992 0.969688 0.969688 0.969688 0.969688 0.969688 0.969688 1.38097 1.55934 1.55934 1.57002 1.60459 1.64006 1.67556 1.71111 1.74658 1.78205 1.81759 1.85309 1.80935 1.79686 1.79686 1.79686 1.81361 1.85529 1.85529 1.85715 1.86321 1.87049 1.87924 1.88896 1.89103 1.89103 1.89103 1.89103 1.89103 1.89103 1.89103 1.89103
1.96082 1.96082 2.59739 4.09418 4.09418 4.09418 4.09418 4.09418 4.03388 3.77690 3.77687 3.77687 3.77687 3.77687 3.77687 3.77687 3.77687 3.77687 3.13935 2.56461 2.56461 2.56461 2.56461 2.56461 2.56461 2.56461 2.56461 1.52073 1.03956 1.14214 1.24491 1.34740 1.44997 1.55255 1.73164 1.84481 1.88038 1.90517 1.90608 1.90608 1.90608 1.90608 1.90608 1.90608 1.90608 1.90608 1.84986 1.79686 1.79689 1.79762 1.80283 1.87308 1.88333 1.89083 1.89103 1.89103 1.89103 1.89103 1.89103 1.89103 1.89103 1.89103 1.89103 1.89103 1.89103 1.89103
1.96082 1.96082 2.09568 4.07328 4.09418 4.09418 4.09418 4.09418 4.09418 3.79792 3.77687 3.77687 3.77687 3.77687 3.77687 3.77687 3.77687 3.77687 3.43302 2.66187 2.76454 2.86712 2.96970 3.07228 3.17476 3.27744 3.38011 2.79436 1.92037 1.92037 1.92037 1.92037 1.92037 1.92037 1.91711 1.90608 1.90608 1.90608 1.90608 1.90608 1.90608 1.90608 1.90608 1.90608 1.90608 1.90608 1.87822 1.80105 1.80275 1.80339 1.80339 1.88743 1.94304 1.98287 2.02258 2.06222 2.10198 2.14188 2.18145 2.22116 2.26105 2.30069 2.34033 2.38016 2.41993 2.45951
1.96082 1.96082 1.96082 3.68620 4.09418 4.09418 4.09418 4.09418 4.09418 3.84096 3.65499 3.48050 3.30616 3.13151 2.95717 2.78268 2.60818 2.43384 2.34425 3.49819 3.51530 3.51530 3.51530 3.51530 3.51530 3.51530 3.51530 3.18755 1.92037 1.92037 1.92037 1.92037 1.92037 1.92037 1.92002 1.90653 1.91413 1.96727 2.03123 2.10020 2.17479 2.25571 2.34368 2.43996 2.54560 2.66206 2.76018 2.29216 2.32768 2.36745 2.40734 2.48419 2.52225 2.52225 2.52225 2.52225 2.52225 2.52225 2.52225 2.52225 2.52225 2.52225 2.52225 2.52225 2.52225 2.52225
1.96082 2.01729 2.17086 2.88351 2.88573 2.53644 2.18715 1.83908 1.48918 1.82804 2.24758 2.24758 2.24758 2.24758 2.24758 2.24758 2.24758 2.24758 2.24758 3.25858 3.51530 3.51530 3.50931 3.42967 3.32833 3.22712 3.12525 2.99371 2.36075 2.48864 2.59819 2.71913 2.85331 3.00282 3.17095 3.34136 3.51743 3.54244 3.54244 3.54244 3.54244 3.54244 3.54244 3.54244 3.54244 3.54244 3.54244 2.53851 2.43461 2.43461 2.43461 2.46399 2.52225 2.52225 2.52225 2.52225 2.52225 2.52225 2.52225 2.52225 2.52225 2.52225 2.52225 2.52225 2.52225 2.52225
3.15874 3.25740 3.25895 2.55134 1.03559 1.03559 1.03559 1.03559 1.03559 1.41328 2.14863 2.04742 1.94608 1.84434 1.74327 1.64166 1.54019 1.43911 1.33724 1.93843 2.40242 2.30081 2.20559 2.18362 2.18362 2.18362 2.18362 2.18362 3.02462 3.57103 3.57103 3.57103 3.57103 3.57103 3.57103 3.55689 3.54244 3.54244 3.54244 3.54244 3.54244 3.54244 3.54244 3.54244 3.54244 3.54244 3.54244 2.70476 2.43461 2.43461 2.43461 2.44327 2.52216 2.52225 2.52225 2.52225 2.52225 2.52225 2.52225 2.52225 2.52225 2.51360 2.47194 2.42691 2.38197 2.33704
3.25895 3.25895 3.25895 3.08753 1.04782 1.03559 1.03559 1.03559 1.03559 1.03280 0.919125 0.915899 0.915899 0.915899 0.915899 0.915899 0.915899 0.915899 0.915899 1.30964 2.18362 2.18362 2.18362 2.18362 2.18362 2.18362 2.18362 2.18362 2.68359 3.57103 3.57103 3.57103 3.57103 3.57103 3.57103 3.56378 3.54244 3.54244 3.54244 3.54244 3.54244 3.54244 3.54244 3.54244 3.54244 3.54244 3.54244 2.92400 2.43461 2.43461 2.43461 2.44105 2.45801 2.40900 2.36411 2.31908 2.27415 2.22926 2.18418 2.13930 2.09427 2.05789 2.05466 2.05466 2.05466 2.05466
3.25895 3.25895 3.25895 3.25895 1.42275 1.03559 1.03559 1.03559 1.03559 1.03559 0.934474 0.915899 0.915899 0.915899 0.915899 0.915899 0.915899 0.915899 0.915899 1.00882 2.17601 2.18362 2.18362 2.18362 2.18362 2.18362 2.18362 2.18362 2.43298 3.57103 3.57103 3.57103 3.57103 3.57103 3.57103 3.56998 3.54312 3.54244 3.54244 3.54244 3.54244 3.55081 3.57873 3.60741 3.63612 3.66481 3.69354 3.38051 2.53886 2.55320 2.56756 2.57549 2.25049 2.05466 2.05466 2.05466 2.05466 2.05466 2.05466 2.05466 2.05466 2.05466 2.05466 2.05466 2.05466 2.05466
3.25895 3.25895 3.25895 3.25895 1.97118 1.03559 1.03559 1.03559 1.03559 1.03559 0.955434 0.915899 0.915899 0.915899 0.915899 0.915899 0.915899 0.915899 0.915899 0.915899 1.96025 2.18362 2.18362 2.18362 2.18362 2.18362 2.18362 2.18362 2.24286 3.56439 3.57103 3.57103 3.57103 3.57103 3.57103 3.57103 3.66927 3.71696 3.74567 3.77435 3.80306 3.82341 3.82420 3.82420 3.82420 3.82420 3.82420 3.80634 2.61497 2.57549 2.57549 2.57549 2.37379 2.05466 2.05466 2.05466 2.05466 2.05466 2.05466 2.05466 2.05466 2.05466 2.05466 2.05466 2.05466 2.05466
3.25895 3.25895 3.25895 3.25895 2.51768 1.03559 1.03559 1.03559 1.03559 1.03559 0.983883 0.915899 0.915899 0.915899 0.915899 0.915899 0.915899 0.915899 0.915899 0.915899 1.65156 2.18362 2.17180 2.09945 2.01004 1.90896 1.79378 1.66158 1.50843 2.51634 3.57103 3.57103 0.00000 0.00000 0.00000 0.00000 3.82420 3.82420 3.82420 3.82420 3.82420 3.82420 3.82420 3.82420 3.82420 3.82420 3.82420 3.82420 2.77447 2.57549 2.57549 2.57549 2.49696 2.05466 2.05466 2.05466 2.05532 2.07226 2.09703 2.12359 2.15214 2.18271 2.21553 2.25113 2.28972 2.33152
3.25895 3.25895 3.25895 3.25895 3.05994 1.04159 1.03559 1.03559 1.03559 1.03559 1.02261 0.916482 0.915899 0.915315 0.909314 0.901219 0.891998 0.881439 0.869215 0.854871 1.00122 1.05213 0.824771 0.796210 0.796210 0.796210 0.796210 0.796210 0.796210 0.796210 0.00000 0.00000 0.00000 0.00000 0.00000 0.00000 3.82420 3.82420 3.82420 3.82420 3.82420 3.80484 3.61578 3.41111 3.23040 3.06922 2.92498 2.79477 2.77564 3.04074 3.11845 3.20327 3.29443 2.61111 2.60176 2.67596 2.75709 2.78255 2.78255 2.78255 2.78255 2.78255 2.78255 2.78255 2.78255 2.78255
3.25895 3.25895 3.25895 3.25895 3.25912 1.41584 1.03559 1.03559 1.03559 1.03559 1.03559 0.850104 0.822618 0.800835 0.796210 0.796210 0.796210 0.796210 0.796210 0.796210 0.796210 0.796210 0.796210 0.796210 0.796210 0.796210 0.796210 0.796210 0.796210 0.743958 0.286427 0.286427 0.286427 0.286427 0.286427 0.286427 0.605729 2.34228 2.26915 2.19471 2.12566 2.06644 2.05531 2.05531 2.05531 2.05531 2.05531 2.05531 2.34590 3.82420 3.82420 3.82420 3.82420 3.11865 2.78255 2.78255 2.78255 2.78255 2.78255 2.78255 2.78255 2.78255 2.78255 2.78255 2.78255 2.78255
3.31896 3.33390 3.34885 3.36380 3.37857 3.38400 0.00000 0.00000 0.00000 0.00000 0.00000 0.796210 0.796210 0.796210 0.796210 0.796210 0.796210 0.796210 0.796210 0.796210 0.796210 0.796210 0.796210 0.796210 0.796210 0.796210 0.796210 0.796210 0.00000 0.286427 0.286427 0.286427 0.286427 0.286427 0.286427 0.286427 0.286427 1.87673 2.05531 2.05531 2.05531 2.05531 2.05531 2.05531 2.05531 2.05531 2.05531 2.05531 2.11558 3.80344 3.82420 3.82420 3.82420 3.36499 2.78255 2.78255 2.78255 2.78255 2.78255 2.78255 2.78255 2.78255 2.78255 2.78255 2.78255 2.78189
3.38400 3.38400 3.31186 3.14110 2.99411 2.67063 1.02896 1.02896 1.02896 1.02896 1.02896 0.994468 0.796210 0.796210 0.796210 0.00000 0.00000 0.00000 0.00000 0.00000 0.00000 0.00000 0.00000 0.00000 0.00000 0.00000 0.00000 0.00000 0.00000 0.286427 0.286427 0.286427 0.286427 0.286427 0.286427 0.286427 0.286427 1.58169 2.05531 2.05531 2.05531 2.05531 2.05531 2.05531 2.05531 2.05531 2.05531 2.05531 2.05531 3.33045 3.82420 3.82420 3.82420 3.61139 2.78255 2.77996 2.77373 2.76747 2.76122 2.75496 2.74872 2.74245 2.73620 2.72995 2.72370 2.71810
2.29253 2.23816 2.20689 2.20648 2.20648 2.14025 1.03037 1.02896 1.02896 1.02896 1.02896 1.02896 0.00000 0.00000 0.00000 0.00000 0.00000 0.00000 0.00000 0.00000 0.00000 0.00000 0.00000 0.00000 0.00000 0.00000 0.00000 0.00000 0.00000 0.00000 0.286427 0.286427 0.286427 0.286427 0.286427 0.286427 0.286427 1.18151 2.05531 2.05531 2.05531 2.05531 2.05531 2.05531 2.05531 2.05397 2.04912 2.04411 2.03908 2.81083 3.77167 3.76165 3.75160 3.72556 2.76961 2.71721 2.71718 2.71718 2.71718 2.71718 2.71718 2.71718 2.71718 2.71718 2.71718 2.71718
2.20648 2.20648 2.20648 2.20648 2.20648 2.20648 1.31618 1.02896 1.02896 1.02896 1.02896 1.02896 1.02896 0.00000 0.00000 0.00000 0.00000 0.00000 0.00000 0.00000 0.00000 0.00000 0.00000 0.00000 0.00000 0.00000 0.00000 0.00000 0.00000 0.00000 0.286427 0.286427 0.286427 0.286427 0.286427 0.291426 0.350660 0.676203 2.03930 2.03536 2.03033 2.02532 2.02029 2.01528 2.01026 2.00658 2.00641 2.00641 2.00641 2.42597 3.72638 3.72638 3.72638 3.72638 2.99004 2.71718 2.71718 2.71718 2.71718 2.71718 2.71718 2.71718 2.71718 2.71718 2.71718 2.71718
2.20648 2.20648 2.20648 2.20648 2.20648 2.20648 1.68189 1.02896 1.02896 1.02896 1.02896 1.02896 1.02896 0.00000 0.00000 0.00000 0.00000 0.00000 0.00000 0.00000 0.00000 0.00000 0.00000 0.00000 0.00000 0.00000 1.04885 1.04885 1.04885 1.04885 0.754384 0.557282 0.589366 0.617494 0.642377 0.663243 0.667639 0.667639 1.81970 2.00641 2.00641 2.00641 2.00641 2.00641 2.00641 2.00641 2.00641 2.00641 2.00641 2.16619 3.72638 3.72638 3.72638 3.72638 3.22970 2.71718 2.71718 2.71718 2.71718 2.71718 2.71718 2.71718 2.66069 2.51450 2.38242 2.26465
2.20648 2.20648 2.20648 2.20648 2.20648 2.20648 1.93795 1.02896 1.02896 1.02896 1.02896 1.02896 1.02896 0.00000 0.00000 0.00000 0.00000 2.72682 2.72682 2.72682 2.72682 2.72682 1.69485 1.04885 1.04885 1.04885 1.04885 1.04885 1.04885 1.04885 1.00488 0.669132 0.667639 0.667639 0.667639 0.667639 0.667639 0.667639 1.49937 2.00641 2.00641 2.00641 2.00641 2.00641 2.00641 2.00641 2.00827 2.03501 2.06912 2.11048 2.94271 2.83505 2.71207 2.59955 2.32657 1.76228 1.69925 1.64051 1.58622 1.53574 1.48832 1.44410 1.41706 1.41654 1.41654 1.41654
2.20648 2.20648 2.20648 2.20648 2.20648 2.20648 2.12690 1.02896 1.04260 1.18289 1.32779 1.44754 1.64508 2.72682 2.72682 2.72682 2.72682 2.72682 2.72682 2.72682 2.72682 2.72682 2.05224 1.04885 1.04885 1.04885 1.04885 1.04885 1.04885 1.04885 1.04885 0.703417 0.675883 0.708465 0.742666 0.776769 0.811020 0.845123 1.39077 2.25224 2.28649 2.32060 2.35480 2.38900 2.42315 2.45735 2.48964 2.49710 2.49710 2.49710 2.07855 1.92115 1.92115 1.92115 1.90157 1.42754 1.41654 1.41654 1.41654 1.41654 1.41654 1.41654 1.41654 1.41654 1.41654 1.41654
2.20492 2.20026 2.19553 2.19079 2.18606 2.18132 2.17658 1.85802 1.86841 1.87789 1.87789 1.87789 1.88981 2.67865 2.72682 2.72682 2.72682 2.72682 2.72682 2.72682 2.72682 2.72682 2.46089 1.04885 1.04885 1.04885 1.04885 1.04885 1.04885 1.04885 1.04885 1.11140 1.15676 1.15833 1.15833 1.15833 1.15833 1.15833 1.34936 2.49710 2.49710 2.49710 2.49710 2.49710 2.49710 2.49710 2.49710 2.49710 2.49710 2.49710 2.20592 1.92115 1.92115 1.92115 1.92115 1.52781 1.41654 1.41654 1.41654 1.41654 1.41654 1.41654 1.41654 1.41654 1.41654 1.41654
2.16699 2.16690 2.16690 2.16690 2.16690 2.16690 2.17077 2.06520 2.06812 2.17534 2.28193 2.38928 2.49651 2.72478 2.72682 2.72682 2.72682 2.72682 2.72682 2.72682 2.72682 2.72682 2.72212 1.19618 1.04885 1.04885 1.04885 1.04885 1.04885 1.04885 1.04885 1.10915 1.15833 1.15833 1.15833 1.15833 1.15833 1.15833 1.15981 2.36624 2.49710 2.49710 2.49710 2.49710 2.49710 2.49710 2.49710 2.49710 2.49710 2.49710 2.33308 1.92115 1.92115 1.92115 1.92115 1.64776 1.41654 1.41654 1.41654 1.41902 1.42841 1.43825 1.44805 1.45786 1.46770 1.47750
2.78758 2.89507 3.00256 3.10978 3.21673 3.32372 3.42708 3.34220 3.16668 3.16668 3.16668 3.16668 3.16668 3.00275 2.72682 2.72682 2.72682 2.72682 2.72682 2.72682 2.72682 2.72682 2.72682 1.59984 1.04885 1.04885 1.04885 1.04885 1.04885 1.04885 1.04885 1.07845 1.15833 1.15833 1.15833 1.15833 1.15833 1.15833 1.15833 2.04754 2.49710 2.49710 2.49710 2.49710 2.49710 2.49710 2.49710 2.49710 2.49710 2.48804 2.41407 1.84414 1.80524 1.76914 1.73304 1.62360 1.49099 1.50080 1.51063 1.51797 1.51839 1.51839 1.51839 1.51839 1.51839 1.51839
