High_resolution/powerplant/Chizhou/OMI_NO2_2009_06-08.asc
ncols      200
nrows      200
xllcorner       115.585
yllcorner       28.7700
cellsize     0.0166667
NODATA_Value      -999.000
[rows 29 to 57 of 165, columns 0 to 65 of 200]
<*                   8*               3*               ?*                ?*                 ?*                <*               9*                 3*                  3*                  2*                :*                 :*                    :*                :*                  <*     *     
  9      *      ;      *       9      *      ;    *      ;      *       9     :*                :*                  2*                ;*                 <*                 ?*                 ;*                9*               =*                    9*                ?*              ;*                   ?*                 8*              
            :*                   9*                  3*                  >*                   ;*                 8*                 <*                 =*                 >*                =*     *     8     *       =     *       3       *      ;       *       8     *        3    *      :    *      3     =*           
?*                9*                 =*                =*                2*                  8*                =*                  9*                   =*                 =*               <*                 ?*               2*                     ;*                 <*               :*                   2*           
 >*                   =*                  ;*                  2*                  ;*                   ?*              9*     *       ;      *      :     *      3      *      =     *     3      *       =     *       :      *     ;      9*                  3*            3*              <*                8*               ;*               
2.18128 2.28040 2.60667 2.76013 2.76013 2.82598 2.78886 3.15650 3.03508 3.07075 3.07068 2.97568 3.01813 2.98899 3.06803 3.21146 3.27587 3.39773 3.20251 3.08690 3.13636 3.24975 3.18128 3.18208 3.10745 3.10826 3.09256 3.32903 3.45462 3.45462 3.45462 3.45462 3.45462 3.52226 3.52226 3.58499 3.50240 3.47705 3.49350 3.03117 3.30712 3.42933 3.44875 3.46156 3.47319 3.48381 3.48694 3.49979 3.52295 3.48915 3.93129 4.12279 4.16376 4.08584 4.00464 4.03072 3.86423 3.79115 3.78671 4.14364 4.19704 4.17803 4.08152 4.14699 4.13148 4.67321
2.15801 2.19505 2.47785 2.64307 2.61910 2.67622 2.64958 2.96894 2.94956 2.94530 2.94105 2.84505 2.87840 2.84493 2.87478 2.97877 2.96135 3.02960 2.91999 2.98992 3.08041 3.17275 3.18329 3.19857 3.10826 3.10826 3.10053 3.20739 3.45462 3.45462 3.45462 3.44606 3.38001 3.35986 3.28245 3.26884 3.28006 3.33484 3.45099 3.08117 3.34684 3.51714 3.56257 3.53921 3.50864 3.47817 3.46158 3.50903 3.51214 3.51050 3.60747 3.69214 3.67971 3.76784 3.73316 3.79320 3.67872 3.66578 3.55034 3.99477 3.84229 3.84339 3.84328 3.83764 3.82888 4.27301
2.29246 2.32830 2.47726 2.65663 2.66013 2.77087 2.74116 2.99806 3.12627 3.06939 3.01121 2.85127 2.81122 2.74180 2.69656 2.86274 2.89789 3.07448 3.01350 3.11759 3.20348 3.26905 3.28315 3.31132 3.24151 3.24151 3.26200 3.33970 3.65601 3.58523 3.50355 3.47360 3.47137 3.52482 3.53819 3.51100 3.50774 3.36510 3.42828 3.14622 3.33295 3.46160 3.51302 3.53829 3.54730 3.55572 3.54737 3.48121 3.43342 3.41385 3.34107 3.47428 3.48327 3.64436 3.63868 3.73143 3.63868 3.63868 3.64140 4.01025 3.99510 4.27136 4.14744 4.25570 4.25570 4.38386
2.14010 2.09926 2.18303 2.59435 2.58184 2.63756 2.57465 2.58285 2.69038 2.58894 2.47426 2.48337 2.45122 2.57652 2.51818 2.67919 2.63143 2.73303 2.62571 2.76752 3.05789 3.11923 3.12916 3.26478 3.20737 3.19774 3.19605 3.29139 3.35217 3.38357 3.39062 3.45193 3.45775 3.50375 3.50062 3.42726 3.58771 3.35728 3.42187 3.25126 3.28692 3.41309 3.50103 3.45466 3.43318 3.41496 3.40177 3.39888 3.40647 3.38203 3.29414 3.43288 3.43273 3.63868 3.63783 3.72261 3.62169 3.61294 3.60458 3.82177 3.94341 4.25570 4.14356 4.34486 4.59521 4.98856
2.08451 2.13008 2.15862 2.42562 2.41536 2.47286 2.38567 2.48985 2.70223 2.68557 2.63143 2.68557 2.63143 2.77178 2.68557 2.84567 2.73303 2.85495 2.74925 2.85290 3.01632 3.09688 3.07059 3.16822 3.18978 3.19858 3.20738 3.30930 3.35071 3.40332 3.39916 3.42678 3.44792 3.46601 3.44533 3.41918 3.54338 3.35861 3.41804 3.36130 3.34694 3.35453 3.46688 3.49628 3.49628 3.49628 3.49628 3.49628 3.50453 3.45077 3.38494 3.47471 3.49473 3.70252 3.60380 3.69258 3.60243 3.60243 3.61055 3.81138 4.19450 5.17292 5.17210 5.48433 5.48544 5.63832
2.25386 2.22550 2.27746 2.32595 2.40332 2.56592 2.51448 2.61455 2.77767 2.85495 2.78998 2.85495 2.78998 2.94143 2.85495 2.94111 2.74110 2.72969 2.58984 2.67197 2.76355 2.85410 2.78798 3.01877 3.11442 3.11442 3.11790 3.19308 3.16376 3.12972 3.10389 3.23513 3.32386 3.37539 3.36381 3.33570 3.42935 3.22655 3.35246 3.39424 3.39424 3.40248 3.49797 3.57074 3.57074 3.57074 3.57339 3.64707 3.67149 3.61508 3.58884 3.61652 3.60122 3.78970 3.80285 3.91464 3.91399 3.96946 4.01430 4.08447 4.25946 5.51478 5.47470 5.72492 5.77034 5.89609
2.14241 2.14216 2.20557 2.26850 2.38437 2.56592 2.51448 2.61455 2.67552 2.85495 2.78998 2.85484 2.78194 2.91866 2.80923 2.82454 2.61029 2.57478 2.44403 2.53540 2.60019 2.81051 2.77805 2.94548 3.16592 3.18234 3.18404 3.18274 3.11329 3.13575 3.14255 3.19325 3.24965 3.24841 3.24841 3.24841 3.37897 3.17627 3.29220 3.33135 3.33135 3.32687 3.38986 3.51360 3.52948 3.54529 3.55865 3.63777 3.68280 3.61772 3.61574 3.67608 3.79767 3.99425 4.01906 4.01705 3.93414 3.94229 3.99017 4.10944 4.20223 5.24007 5.46447 5.60158 5.59772 5.72697
2.08040 2.08040 2.12190 2.22847 2.36795 2.56526 2.51448 2.61454 2.58235 2.83429 2.72575 2.80388 2.69305 2.76673 2.68121 2.73094 2.58039 2.53981 2.49980 2.54850 2.44961 2.87139 2.86302 2.89330 3.09011 3.03318 2.98766 2.98464 3.06214 3.11803 3.17564 3.24841 3.30795 3.24841 3.24841 3.24841 3.37897 3.19854 3.29487 3.34906 3.36493 3.37833 3.41635 3.54148 3.56919 3.60901 3.65133 3.77802 3.88926 3.87044 3.83863 3.87988 3.87954 3.96673 4.07067 4.11776 4.11397 4.16775 4.04272 4.11539 4.06418 4.76840 5.55981 5.73320 5.72919 5.81117
1.97542 1.97542 1.99255 2.18999 2.24696 2.50931 2.46579 2.44765 2.43569 2.51921 2.45479 2.57377 2.42761 2.56820 2.45217 2.50629 2.41745 2.40416 2.38714 2.41426 2.29782 2.61871 2.73385 2.73023 2.91886 2.95842 2.95842 2.95952 3.06226 3.07869 3.06458 3.14159 3.20507 3.14159 3.14367 3.15315 3.27221 3.14086 3.20557 3.22916 3.20247 3.15928 3.11699 3.29711 3.47303 3.47046 3.51218 3.64025 3.73825 3.83712 3.84738 4.05253 4.07221 4.14886 4.28471 4.29839 4.25045 4.10325 3.97741 4.02661 3.94789 4.57554 5.45074 5.65090 5.65090 5.72853
2.14793 2.09597 2.06240 2.16275 2.15379 2.38710 2.50544 2.46481 2.42420 2.44487 2.34083 2.56031 2.31627 2.54306 2.37321 2.40728 2.29918 2.36111 2.34937 2.41241 2.34792 2.54587 2.83936 2.84118 3.00893 3.13111 3.13111 3.13111 3.17307 3.20187 3.17712 3.23907 3.27392 3.23774 3.19287 3.02916 3.09067 3.02014 3.01852 2.95846 2.93938 2.94738 2.98890 3.19373 3.59830 3.64482 3.67165 3.74371 3.77025 3.92135 4.02282 4.24755 4.24569 4.28313 4.34631 4.36837 4.35547 4.17721 4.04413 4.09735 3.94321 4.51449 5.50121 5.96043 6.11775 6.36100
1.97666 1.92696 1.86052 1.90768 1.86199 1.91017 2.07991 2.08794 1.94663 2.11970 2.03882 2.23342 2.12839 2.34530 2.16646 2.16299 2.05119 2.16299 2.16299 2.25243 2.16299 2.22262 2.73578 2.71462 2.78488 2.95716 2.95299 2.92323 2.85194 2.87446 2.89235 3.04351 3.05493 2.93483 2.97987 2.82435 2.89216 2.85607 2.94357 2.96805 3.03217 3.10002 3.12528 3.20890 3.60107 3.70513 3.72041 3.76117 3.69461 3.76110 3.88384 4.09404 4.09461 4.14456 4.13608 4.17719 4.17719 4.07318 4.21237 4.43119 4.35855 4.90295 5.62828 6.18800 6.18800 6.30420
1.86459 1.84580 1.81955 1.84433 1.77478 1.87039 2.12748 2.19602 2.01969 2.16056 2.08987 2.32560 2.25243 2.32560 2.16299 2.16299 2.05119 2.16299 2.16299 2.25243 2.16299 2.16279 2.62571 2.69350 2.67072 2.83625 2.82339 2.79506 2.75460 2.78696 2.74349 3.06183 3.08413 3.00184 3.10663 3.05037 3.15501 3.17208 3.17068 3.17723 3.20800 3.24925 3.29525 3.26806 3.58181 3.74955 3.76942 3.80164 3.74297 3.76367 3.95666 4.14055 4.09461 4.15980 4.31010 4.56091 4.72939 4.73948 4.75065 4.81966 4.58965 4.84799 5.49315 6.36632 6.40663 6.49935
1.64421 1.56446 1.49244 1.50367 1.49675 1.65484 1.97566 2.12840 1.98979 2.12624 2.05995 2.30701 2.23879 2.23879 2.05689 2.05689 1.93183 2.05119 2.04910 2.13387 1.99902 1.97156 2.29032 2.60014 2.57668 2.65498 2.68418 2.68405 2.68149 2.75045 2.70905 3.08392 3.20353 3.18813 3.22991 3.19647 3.24700 3.26232 3.30393 3.38674 3.42145 3.42184 3.42184 3.28326 3.46360 3.77085 3.80150 3.82849 3.74297 3.75812 3.99503 4.30398 4.32192 4.42101 4.62087 4.86771 4.88108 4.80423 4.77818 4.93198 4.71596 5.02473 5.63218 6.54561 6.77923 6.94824
1.56717 1.59520 1.60489 1.65453 1.60115 1.68738 1.92677 2.18307 2.05323 2.17919 2.09926 2.41420 2.36473 2.36473 2.23733 2.21210 2.10401 2.15064 2.12074 2.11823 2.04754 2.05117 2.18597 2.62651 2.60833 2.65985 2.71286 2.70650 2.69118 2.74889 2.70036 3.11035 3.27637 3.33828 3.38977 3.43868 3.42275 3.40155 3.40155 3.43287 3.44565 3.44565 3.44565 3.33522 3.32286 3.73457 3.81996 3.90960 3.86329 3.89829 4.08660 4.43075 4.41133 4.47973 4.56641 4.98890 5.08894 5.01912 4.97080 5.15050 5.08313 5.39157 5.99742 6.83317 7.31751 7.36582
1.55326 1.60779 1.60779 1.65453 1.60752 1.67795 1.83218 2.12407 2.05323 2.22457 2.12639 2.42597 2.34256 2.30358 2.17936 2.17458 2.17889 2.24079 2.19098 2.21963 2.20318 2.24426 2.28119 2.63657 2.69134 2.65246 2.69638 2.72127 2.75807 2.84556 2.82539 3.13838 3.40199 3.45975 3.44010 3.44576 3.42275 3.40155 3.40155 3.42036 3.44565 3.45905 3.49953 3.52253 3.40140 3.80216 3.92958 4.00334 3.95995 4.00859 4.19293 4.73150 4.69833 4.70727 4.68314 4.97566 5.21355 5.35487 5.45779 5.58887 5.59109 5.56404 5.78232 6.88378 7.46489 7.46518
1.41148 1.48881 1.48881 1.55326 1.48881 1.57991 1.68534 1.98466 1.96456 2.14896 2.02206 2.26894 2.22861 2.23372 2.21601 2.25130 2.28667 2.38001 2.36904 2.40740 2.41049 2.50276 2.67471 2.90566 3.00897 2.88033 2.81362 2.82672 2.78965 2.84316 2.80512 2.98702 3.37690 3.47637 3.45975 3.46494 3.44576 3.44168 3.47822 3.52098 3.59212 3.61721 3.61850 3.62682 3.41932 3.67471 3.97300 4.06932 4.01532 4.22282 4.31025 4.84287 4.82625 4.88096 4.86773 5.37413 5.57153 5.51529 5.46414 5.46268 5.46318 5.50858 5.61258 6.68520 7.53583 7.64763
1.59616 1.65753 1.67627 1.76759 1.74055 1.72030 1.84472 2.11819 2.10356 2.30333 2.19861 2.38869 2.36500 2.39371 2.36498 2.44970 2.50667 2.71321 2.82772 2.92928 2.95434 2.99707 2.99883 3.00884 3.05846 2.98591 2.79731 2.81505 2.78457 2.83478 2.80474 2.85933 3.28456 3.50239 3.52141 3.55001 3.57802 3.60515 3.61428 3.63003 3.68323 3.70543 3.72041 3.72688 3.60211 3.72382 4.14108 4.15396 4.11066 4.42052 4.44376 4.89230 4.81087 4.73958 4.72271 5.07358 5.50796 5.55055 5.56437 5.61100 5.61085 5.63143 5.63203 6.45628 7.34498 7.69645
1.55755 1.61689 1.59093 1.56535 1.54507 1.61899 1.83230 2.13889 2.29013 2.39187 2.38445 2.58422 2.58409 2.67920 2.74165 2.86969 2.92929 3.05753 3.02727 3.02727 3.02727 3.02727 3.02727 3.01288 3.00592 3.00015 2.72677 2.81391 2.78457 2.84604 2.85359 2.89784 3.24266 3.64380 3.64849 3.66024 3.66845 3.67809 3.68395 3.68401 3.72754 3.77639 3.79662 3.82500 3.80319 3.62380 4.10817 4.25447 4.21344 4.29766 4.31514 4.63672 4.68539 4.71388 4.73966 4.87550 5.56561 5.63143 5.61128 5.61128 5.60546 5.70241 5.77376 6.31172 7.38945 7.84437
1.68239 1.76421 1.77464 1.81067 1.75719 1.82706 1.94841 2.05303 2.43617 2.65312 2.74283 2.90435 2.92824 2.96751 2.93080 2.97196 2.97196 3.05966 3.02727 3.02727 3.02727 3.02727 3.02727 3.02656 2.99832 3.01267 2.84079 2.86230 2.86375 2.93758 2.91467 2.99138 3.12551 3.63715 3.68126 3.68690 3.69304 3.71050 3.72090 3.72913 3.76279 3.87480 3.88783 3.90332 3.92630 3.69442 4.06563 4.39575 4.31724 4.43065 4.39196 4.65681 4.74405 4.74405 4.74405 4.69747 5.47946 5.76442 5.81833 5.89546 5.90557 5.95119 5.95119 6.10753 7.19079 7.73565
1.91694 1.98789 1.97533 1.98716 1.86318 1.91902 2.17382 2.31131 2.72445 2.95491 2.92114 2.96142 2.92877 2.93080 2.88049 2.93080 2.93080 3.02727 2.98768 2.98768 2.98768 2.99201 3.01477 3.03957 3.05070 3.08011 2.98332 2.91551 2.93599 2.99539 2.94519 3.01479 3.03944 3.54484 3.69209 3.71398 3.71001 3.69425 3.66943 3.62920 3.59893 3.98419 4.03670 4.03470 4.03768 3.85815 3.87772 4.44931 4.36872 4.46168 4.43070 4.62614 4.83339 4.93082 5.02786 4.92658 5.58339 5.97587 5.95119 5.95301 5.97214 6.03416 6.01906 6.05899 7.02976 7.26775
2.03081 2.05850 2.03892 2.08138 2.07564 2.13082 2.26759 2.39942 2.71727 2.98568 2.96142 2.99499 2.96664 2.97196 2.93080 2.97196 2.97196 3.03063 3.01253 3.03737 3.06212 3.08251 3.08448 3.08439 3.07161 3.08103 3.06276 2.89465 2.92744 2.95346 2.91601 2.95620 2.97529 3.31662 3.55230 3.56186 3.51245 3.45354 3.43212 3.43183 3.43183 3.91203 4.08902 4.14088 4.14088 4.05610 3.82251 4.48211 4.51291 4.68309 4.72927 4.83634 5.09801 5.09814 5.09824 4.92591 5.27564 6.18886 6.57923 6.60280 6.62428 6.63229 6.10129 6.20065 6.83350 7.46125
2.11531 2.18721 2.17509 2.17509 2.13497 2.14213 2.27658 2.35893 2.64509 2.98858 2.99499 3.02339 2.99764 3.00847 3.03003 3.08783 3.08207 3.16709 3.13178 3.13167 3.13160 3.13161 3.13177 3.13198 3.12530 3.08012 3.03784 2.83376 2.85599 2.91685 2.98235 3.05353 3.03462 3.16348 3.39283 3.52021 3.52021 3.52021 3.52021 3.52021 3.52021 3.73892 3.99181 4.06606 4.09347 4.13517 3.86363 4.43225 4.73480 4.86962 4.84392 4.86522 5.12612 5.17838 5.20272 4.99624 5.13125 6.04073 6.85508 6.77340 6.75813 6.76524 6.50748 6.50587 6.60524 7.32788
2.15217 2.19020 2.15217 2.15217 2.14213 2.15217 2.31350 2.31523 2.56969 2.93605 3.03326 3.07929 3.08411 3.16024 3.17045 3.20261 3.17034 3.17050 3.13202 3.13224 3.13188 3.12589 3.03973 2.89880 2.79552 2.70969 2.69970 2.78817 2.96545 3.01386 3.04122 3.02687 3.01509 3.13679 3.29359 3.52021 3.52021 3.52021 3.52021 3.52021 3.54971 3.69173 4.13654 4.26502 4.29409 4.29180 4.03914 4.24500 4.79077 4.95672 4.93491 4.92422 5.06240 4.81530 4.75790 4.72017 4.97944 5.82093 6.40805 6.46540 6.44837 6.47930 6.35503 6.39289 6.48195 7.37241
2.19020 2.22190 2.19020 2.19020 2.17506 2.18136 2.30584 2.23218 2.53259 2.86817 3.04309 3.08490 3.08509 3.19523 3.24613 3.27463 3.24626 3.20320 3.02184 2.86469 2.72670 2.64332 2.65181 2.72102 2.76273 2.70468 2.67771 2.67621 2.91505 2.99375 3.02114 3.05285 3.05158 3.08990 3.17426 3.52091 3.55831 3.62478 3.69131 3.75756 3.79231 3.80605 4.22987 4.35824 4.37156 4.38502 4.22150 4.07129 4.80815 4.98868 4.90696 4.93171 5.13660 5.24534 5.55191 5.59416 5.59804 5.81483 6.30751 6.63127 6.74555 6.93163 6.96710 7.06203 7.06887 7.60729
