High_resolution/powerplant/Chizhou/OMI_NO2_200511.asc
ncols      200
nrows      200
xllcorner       115.585
yllcorner       28.7700
cellsize     0.0166667
NODATA_Value      -999.000
[rows 116 to 144 of 200, columns 67 to 133 of 200]
6.80973 7.14548 7.13414 7.12186 7.10923 7.09698 7.08431 7.07207 7.05940 7.04929 7.10761 7.19612 7.28074 7.21914 6.98469 6.78834 6.09797 4.92461 3.58261 3.52706 3.52706 3.51943 3.49246 3.46458 3.43666 3.40936 3.40059 3.40059 3.40059 3.40059 3.38706 2.80405 2.77423 2.77423 2.60083 2.33526 2.33526 1.88231 1.68006 1.22131 1.85160 2.01994 2.01994 2.01044 1.98734 1.96428 2.11553 2.17442 2.21018 2.24861 2.26390 2.26460 2.21271 2.06773 2.06821 2.41752 2.74924 2.71245 2.66879 2.62509 2.66239 3.01723 2.97787 2.95053 2.92323 2.89590 2.86816
6.47004 6.96242 7.00898 7.11154 7.21033 7.30535 7.39639 7.48409 7.56831 7.64780 7.67303 7.67303 7.67303 7.55476 6.96803 6.90674 6.16087 5.36673 3.70923 3.44971 3.42181 3.40153 3.40059 3.40059 3.40059 3.40059 3.40059 3.40059 3.40059 3.40059 3.40059 2.95742 2.77423 2.77423 2.68752 2.34559 2.33107 2.00971 1.73034 1.14951 1.49370 1.89433 1.86358 1.84284 1.83557 1.82901 2.03681 2.15191 2.12355 2.06949 2.01683 1.96688 2.04573 2.05118 2.10413 2.20720 2.30885 2.27407 2.24637 2.21856 2.19424 2.63924 2.66204 2.66204 2.66204 2.66204 2.66204
6.99533 7.56806 7.67249 7.67303 7.67303 7.67303 7.67303 7.67303 7.67303 7.67303 7.67303 7.67303 7.67010 7.65126 6.98823 6.91274 6.21665 5.63626 3.93258 3.40059 3.40059 3.40059 3.40059 3.40059 3.40059 3.40059 3.40059 3.40059 3.40040 3.37954 3.29700 2.94397 2.59006 2.53297 2.45306 2.09966 2.01710 1.84576 1.47223 1.05952 1.00510 1.60088 1.57394 1.54157 1.50913 1.47637 1.52817 1.66578 1.72154 1.80329 1.88544 1.96663 2.03630 2.11317 2.09510 2.09579 2.17391 2.18137 2.18137 2.18137 2.18137 2.53457 2.66204 2.66204 2.66204 2.66204 2.66204
7.06507 7.54354 7.67303 7.67303 7.67303 7.67303 7.67303 7.67302 7.66512 7.65038 7.63563 7.62089 7.60908 7.60807 7.14031 6.89225 6.42713 5.86441 4.29045 3.36422 3.30695 3.27303 3.23914 3.19401 3.08858 2.96610 2.83890 2.71180 2.58472 2.47839 2.43385 2.37418 2.14356 2.13066 2.11778 1.78619 1.51327 1.50433 1.11315 0.824213 0.622111 1.22823 1.39879 1.45967 1.52812 1.59658 1.69909 1.99501 1.99605 2.00045 2.01144 2.02244 2.03736 2.17548 2.15452 2.16553 2.23073 2.27388 2.28487 2.29589 2.30690 2.41894 2.49440 2.48470 2.47525 2.46417 2.41561
7.05354 7.40221 7.67303 7.67159 7.65913 7.64439 7.62965 7.60161 7.53870 7.47974 7.42054 7.36145 7.30237 7.24322 6.86217 6.29802 5.87126 5.05317 4.05451 2.91440 2.65778 2.56439 2.47120 2.38905 2.36739 2.36270 2.36270 2.36270 2.36270 2.36270 2.35989 2.35321 2.10794 2.07847 2.07279 1.87822 1.47658 1.47005 1.21278 1.06644 0.977150 1.39728 1.83083 1.84762 1.85678 1.86596 1.87522 2.16011 2.21604 2.22273 2.22273 2.22273 2.22273 2.33528 2.32178 2.32178 2.35052 2.40805 2.40805 2.40805 2.40805 2.40129 2.38933 2.34080 2.28805 2.23702 2.22235
7.01604 7.08378 7.28036 7.21891 7.14303 7.06627 6.98955 6.92634 6.90552 6.88796 6.87007 6.83252 6.78263 6.72074 6.51933 5.72738 5.44382 4.39741 3.73562 2.64020 2.31558 2.30992 2.30428 2.29865 2.29299 2.28738 2.28171 2.27608 2.27043 2.26477 2.26197 2.26197 2.08989 1.99075 1.96604 1.85856 1.24564 1.15540 1.23341 1.35389 1.23391 1.31424 1.89517 1.89906 1.89906 1.89906 1.89906 2.08479 2.22273 2.22273 2.22273 2.22273 2.22273 2.31275 2.32178 2.32178 2.32683 2.40632 2.39514 2.33598 2.27265 2.20717 2.14559 2.10183 2.06706 2.03232 1.99755
6.76132 6.70632 6.66346 6.68401 6.66031 6.61670 6.56565 6.51449 6.46344 6.41253 6.36177 6.33062 6.31185 6.30529 6.30001 5.45201 5.28503 4.25199 3.72150 2.76717 2.26560 2.26197 2.26197 2.26197 2.26197 2.26197 2.26197 2.26197 2.26143 2.25189 2.23819 2.22310 2.08341 1.86325 1.86208 1.83064 1.26363 1.13091 1.15538 1.37091 1.24477 1.23391 1.76349 1.89906 1.89906 1.89906 1.89906 2.00065 2.22273 2.22273 2.22273 2.22273 2.22273 2.27991 2.32882 2.26923 2.20591 2.20678 2.17843 2.17429 2.17429 2.17429 2.08710 1.97630 1.97570 1.97325 1.97068
6.32026 6.39082 6.21697 6.21042 6.16093 6.13545 6.11717 6.09891 6.08014 6.06159 6.04241 6.02341 6.00381 5.96172 5.83308 5.12469 4.78820 4.41191 3.85131 2.95371 2.37393 2.26197 2.26197 2.26197 2.25750 2.24449 2.23006 2.21414 2.19731 2.19270 2.19270 2.19270 2.15162 1.86212 1.86208 1.86159 1.40138 1.13091 1.13091 1.32759 1.27422 1.23391 1.55286 1.89906 1.89906 1.89906 1.90071 1.93666 2.22180 2.22273 2.22273 2.18965 2.12635 2.07738 2.13302 2.08802 2.08802 2.12522 2.16432 2.15494 2.14327 2.13117 2.08710 1.92083 1.91080 1.90354 1.89980
5.74659 5.94841 5.77501 5.76089 5.76090 5.75396 5.65778 5.53450 5.41113 5.28795 5.16477 5.04150 4.91832 4.81909 4.81044 4.70315 4.53248 4.52647 3.97484 3.12922 2.45815 2.23672 2.22148 2.20464 2.19292 2.19270 2.19270 2.19270 2.19270 2.19270 2.19270 2.19270 2.19270 1.90798 1.86208 1.86208 1.56965 1.13091 1.13091 1.26057 1.31304 1.25628 1.35367 1.93677 1.95099 1.95511 1.94921 1.92167 2.03752 2.00063 1.91902 1.87031 1.85296 1.85484 2.03717 1.99230 1.97253 1.97284 2.07769 2.08060 2.08585 2.09147 2.08691 1.94157 1.92133 1.92568 1.92657
5.41677 5.49568 5.26124 5.07376 4.95368 4.83743 4.81044 4.81044 4.81044 4.81044 4.81044 4.81044 4.81044 4.81044 4.81044 4.72693 4.32781 4.16640 3.60843 2.72186 2.08907 2.19270 2.19270 2.19270 2.19270 2.19270 2.19270 2.19270 2.19270 2.19270 2.19270 2.19270 2.19270 1.99234 1.84855 1.83704 1.70181 1.10306 1.09219 1.14027 1.28547 1.18887 1.19765 1.73919 1.83566 1.79711 1.76698 1.75028 1.88040 2.00739 2.02889 2.04343 2.05830 2.05224 2.17503 1.96866 1.96866 1.96870 2.09823 2.11462 2.11462 2.11462 2.10899 1.99177 1.92657 1.92657 1.92657
4.95496 4.89390 4.92162 4.80064 4.81044 4.81044 4.81044 4.81044 4.81044 4.81044 4.80861 4.72090 4.58633 4.45187 4.31736 4.22050 3.85885 3.82233 3.58356 2.95138 2.07751 2.17519 2.18132 2.15325 2.12505 2.09688 2.06914 2.05323 2.04176 2.01187 1.94565 1.87254 1.79222 1.61314 1.41926 1.37451 1.29042 1.22322 1.30102 1.33546 1.53270 1.42840 1.42792 1.64245 1.86593 1.86278 1.84640 1.82734 1.87320 2.04202 2.03286 2.03282 2.03282 2.03282 2.16754 1.98841 1.97570 1.98417 2.08385 2.14662 2.15534 2.16423 2.17188 2.05026 1.93998 1.94131 1.94263
5.14092 4.83118 4.97435 4.79156 4.81044 4.81044 4.78896 4.66711 4.53254 4.39808 4.26540 4.21724 4.20817 4.19789 4.18763 4.17738 3.90831 3.74818 3.62192 2.87400 1.86021 1.72660 1.68117 1.63341 1.58136 1.52430 1.46161 1.39971 1.34004 1.30106 1.30033 1.30033 1.30033 1.28588 1.15668 1.15586 1.14005 1.18439 1.31788 1.29600 1.40886 1.40135 1.35653 1.38274 1.83673 1.82504 1.82891 1.83482 1.85664 2.18177 2.20096 2.21475 2.22895 2.24365 2.33343 2.33564 2.19126 2.19126 2.23436 2.31806 2.31806 2.31806 2.31806 2.14323 1.96066 1.97451 1.99813
5.30345 4.81937 4.96135 4.60394 4.44277 4.29835 4.17500 4.14878 4.08628 4.00675 3.92764 3.84961 3.77942 3.71047 3.61657 3.48692 3.13882 2.63214 2.50167 2.29612 1.46151 1.27172 1.16866 1.13943 1.10978 1.08071 1.05122 1.02215 0.992763 0.963586 0.934304 0.904707 0.875583 0.846143 0.797070 0.771345 0.775420 0.819867 1.04084 1.06338 1.05622 1.08550 1.16564 1.16564 1.76424 1.88822 1.88822 1.88822 1.88822 2.17358 2.27680 2.27680 2.27680 2.27680 2.27853 2.43234 2.19126 2.19126 2.19628 2.31385 2.31806 2.33184 2.36703 2.25403 2.06297 2.04798 2.04914
5.67300 5.08560 4.60251 4.07030 3.55304 3.46449 3.37085 3.28013 3.20344 3.11797 3.03257 2.94717 2.86169 2.77625 2.71545 2.69055 2.55952 1.93009 1.90830 1.85494 1.20256 0.970966 0.785687 0.773676 0.773676 0.773676 0.773676 0.773676 0.773676 0.773676 0.773676 0.777742 0.819548 0.865060 0.881466 0.895593 0.913556 0.879158 1.08794 1.08794 1.08489 1.05042 1.16564 1.16564 1.54577 1.88822 1.88822 1.88822 1.88822 2.06469 2.27680 2.27680 2.27680 2.27680 2.27680 2.45299 2.18294 2.11787 2.07723 2.15388 2.16287 2.12419 2.07028 1.97809 1.98890 2.05378 2.05378
5.19492 4.68041 4.18535 3.69273 2.83262 2.76980 2.70884 2.64811 2.62268 2.62268 2.62268 2.62268 2.62268 2.62268 2.62268 2.62268 2.61922 1.97020 1.90717 1.87960 1.39721 0.975527 0.850398 0.773676 0.773676 0.773676 0.773676 0.796839 0.845122 0.887497 0.924908 0.955838 0.961754 0.961754 0.946377 0.913899 0.913899 0.872414 1.05428 1.08794 1.08794 1.04736 1.16564 1.16564 1.28382 1.88703 1.88822 1.88822 1.88822 1.96917 2.20556 2.12107 2.04394 1.97451 1.93728 2.06211 1.83351 1.85132 1.85450 1.93145 2.02329 2.02329 2.02291 1.99826 1.95412 2.05524 2.05594
4.86482 4.38148 3.98835 3.55224 2.71582 2.62268 2.62268 2.62268 2.62268 2.59934 2.52070 2.43657 2.34823 2.25585 2.15887 2.05691 1.95052 1.90717 1.90717 1.90106 1.57891 0.989487 0.914031 0.823986 0.868947 0.908495 0.943552 0.961683 0.961754 0.961754 0.961754 0.961754 0.961754 0.961754 0.959496 0.914993 0.913899 0.904094 0.982232 1.08794 1.08794 1.05275 1.15820 1.16963 1.17962 1.79096 1.91379 1.92132 1.92885 1.93223 1.82504 1.87396 1.92757 1.97974 2.00738 2.08797 1.90070 1.82510 1.80546 1.80603 2.02779 2.03805 2.04790 2.05386 1.95978 2.09238 2.10346
4.77977 4.46119 4.07665 3.57748 2.64743 2.28570 2.19274 2.09251 1.98722 1.91009 1.90717 1.90717 1.90717 1.90717 1.90717 1.90717 1.90717 1.90717 1.90453 1.89788 1.74363 0.996198 0.941922 0.961596 0.961754 0.961754 0.961754 0.961754 0.961754 0.961754 0.961754 0.961754 0.961754 0.961754 0.961754 0.924195 0.914685 0.920850 0.957259 1.13440 1.15498 1.16753 1.28205 1.37594 1.40034 1.77908 2.10876 2.16072 2.21479 2.26733 2.17842 2.14028 2.14074 2.11590 2.06883 2.02922 1.91662 1.79610 1.78999 1.78999 2.05645 2.11664 2.11664 2.11664 2.01743 2.09727 2.13157
4.40397 4.14077 3.76973 3.32112 2.50542 1.89298 1.90717 1.90717 1.90717 1.90717 1.90717 1.90717 1.90717 1.90686 1.90178 1.89508 1.88839 1.88170 1.87765 1.87761 1.82796 1.10733 0.938572 0.956845 0.961754 0.961754 0.963667 0.975913 0.989660 1.00341 1.01717 1.03091 1.04468 1.05814 1.06953 1.06041 1.05690 1.06556 1.07639 1.30516 1.30553 1.30590 1.39507 1.53015 1.53077 1.66079 2.29071 2.29328 2.27932 2.22567 2.10979 1.99946 1.96259 1.94512 1.94512 1.94512 1.92034 1.78999 1.78999 1.78999 1.96080 2.11664 2.11593 2.11430 2.04794 2.08048 2.15776
4.33833 4.23548 3.83606 3.45586 2.79889 1.88661 1.90717 1.90717 1.90717 1.90542 1.89898 1.89229 1.88559 1.87922 1.87761 1.87687 1.86456 1.84825 1.83200 1.81565 1.77105 1.30680 1.03646 1.05893 1.08177 1.09277 1.10186 1.10061 1.09785 1.09510 1.09234 1.08958 1.08683 1.08436 1.08395 1.07563 1.05156 1.05156 1.02397 1.29062 1.30728 1.30742 1.36295 1.54107 1.52712 1.51070 2.03311 2.08996 2.05986 2.05704 2.03178 1.94535 1.94537 1.94539 1.94541 1.94543 1.95475 1.81116 1.81231 1.81345 1.87800 2.08915 2.08849 2.08849 2.09743 2.15483 2.28131
4.33833 4.32643 3.87551 3.61341 3.01888 1.97336 1.87556 1.85258 1.82959 1.80839 1.79178 1.77546 1.75539 1.73328 1.71121 1.68984 1.68007 1.66320 1.60727 1.54800 1.48325 1.35448 1.06249 1.06520 1.09406 1.11058 1.12713 1.14369 1.16028 1.17698 1.19342 1.21007 1.22663 1.24327 1.25983 1.27512 1.22243 1.23205 1.23312 1.45498 1.62929 1.71258 1.73405 1.54229 1.53903 1.53903 1.80697 2.04577 2.04577 2.04577 2.04430 1.95131 1.94555 1.94555 1.94555 1.94555 1.96753 1.83270 1.81627 1.81627 1.81951 2.06814 2.08849 2.08877 2.11074 2.17599 2.36344
4.09640 3.99619 3.51067 3.06134 2.62196 1.90332 1.67203 1.67225 1.67767 1.68662 1.69561 1.68413 1.64366 1.60488 1.56618 1.52748 1.48880 1.46111 1.47253 1.48731 1.50204 1.62223 1.35610 1.35193 1.37914 1.38175 1.38175 1.38175 1.38175 1.38175 1.38175 1.38175 1.38175 1.38175 1.39291 1.46972 1.46390 1.50033 1.57035 1.70223 1.86455 1.86455 1.86094 1.56553 1.53903 1.53903 1.63079 2.04573 2.04577 2.04577 2.04577 1.97612 1.94555 1.94555 1.94555 1.94555 1.95236 1.87741 1.81627 1.81629 1.83979 2.06819 2.21842 2.27152 2.30722 2.40260 2.35844
3.38027 3.34002 3.23740 3.07447 2.74054 2.26430 1.79054 1.73953 1.68955 1.63610 1.58262 1.54966 1.54926 1.54926 1.54926 1.54926 1.54926 1.54926 1.54926 1.54926 1.54926 1.64514 1.42443 1.35857 1.37227 1.38175 1.38175 1.38175 1.38175 1.38187 1.43052 1.51813 1.60571 1.69332 1.76977 1.78054 1.69786 1.60884 1.60884 1.64302 1.86455 1.86455 1.86455 1.66297 1.53903 1.53903 1.53903 1.97086 2.04577 2.04577 2.04577 2.00234 1.94555 1.95527 1.98005 2.00501 2.03402 2.05247 2.00838 2.06176 2.09168 2.18773 2.36426 2.36426 2.36426 2.41026 2.31964
3.26332 3.29943 3.35297 3.39358 3.00715 2.60917 1.68877 1.54926 1.54926 1.54926 1.54926 1.54926 1.54926 1.54926 1.54926 1.54926 1.54926 1.54926 1.54926 1.54926 1.54926 1.58995 1.51942 1.35857 1.36534 1.39802 1.47889 1.56651 1.65416 1.74158 1.78054 1.78054 1.78054 1.78054 1.78054 1.78054 1.74697 1.60884 1.60884 1.58799 1.86053 1.86455 1.86455 1.76417 1.53903 1.53903 1.54200 1.84227 2.10721 2.13939 2.17339 2.18409 2.10157 2.13677 2.17194 2.21874 2.26164 2.26346 2.12559 2.13336 2.14248 2.18350 2.35913 2.33617 2.31297 2.34041 2.40159
3.44302 3.44302 3.44846 3.49257 3.12744 2.80871 1.85365 1.55032 1.54926 1.54926 1.54926 1.54926 1.54926 1.54926 1.54926 1.54926 1.54926 1.54926 1.54926 1.54926 1.54930 1.57096 1.66901 1.47432 1.52503 1.76501 1.78054 1.78054 1.78054 1.78054 1.78054 1.78054 1.78054 1.78054 1.78054 1.78054 1.78016 1.62322 1.60884 1.59029 1.81889 1.91572 1.95790 2.01102 1.71119 1.75830 1.81230 1.95640 2.41281 2.44985 2.51051 2.57126 2.43489 2.44975 2.46608 2.47080 2.48243 2.49500 2.51215 2.55750 2.59983 2.63123 2.60347 2.59046 2.59046 2.63204 2.74967
3.28706 3.22563 3.16036 3.14336 3.05657 2.93967 2.05868 1.58592 1.54926 1.54926 1.54926 1.54926 1.54926 1.54926 1.54926 1.54926 1.55297 1.58396 1.62045 1.65696 1.69343 1.71035 1.81175 1.56710 1.55992 1.71365 1.78054 1.78054 1.78054 1.78054 1.78014 1.76986 1.75538 1.74091 1.72644 1.71196 1.69747 1.64118 1.63029 1.63752 2.19980 2.44437 2.46782 2.47982 2.19658 2.08099 2.08761 2.09427 2.62391 2.72751 2.72869 2.73316 2.58592 2.52601 2.53828 2.55049 2.55554 2.55786 2.62931 2.64615 2.64615 2.64615 2.61971 2.59046 2.59046 2.60268 2.75106
2.97328 2.97328 2.97328 3.01443 3.03521 3.00889 2.29910 1.64306 1.54926 1.54926 1.54926 1.54926 1.56286 1.59902 1.63554 1.67201 1.70484 1.71035 1.71035 1.71010 1.69934 1.68308 1.75192 1.54107 1.48856 1.56228 1.67997 1.66118 1.64104 1.62092 1.60120 1.59133 1.58568 1.58002 1.57437 1.56871 1.56306 1.55750 1.55564 1.55564 2.04779 2.51529 2.51529 2.51529 2.36216 2.10839 2.11039 2.12616 2.49902 2.78616 2.81158 2.83250 2.73499 2.60274 2.61164 2.62055 2.62945 2.63866 2.71951 2.76692 2.77764 2.78834 2.78876 2.75401 2.76471 2.77539 2.38036
2.97328 2.97328 2.97328 3.00067 3.03521 3.03521 2.58240 1.70905 1.57760 1.61157 1.63342 1.65370 1.66033 1.64441 1.62821 1.61192 1.60667 1.61490 1.62320 1.63178 1.65361 1.70718 1.80099 1.64586 1.34742 1.36520 1.55623 1.55564 1.55564 1.55633 1.57681 1.60644 1.63597 1.66518 1.69508 1.72435 1.75382 1.78351 1.81283 1.84241 2.14203 2.86098 2.84868 2.80445 2.63506 2.41345 2.44323 2.45919 2.59229 3.01687 3.01687 3.01687 2.97441 2.73822 2.73822 2.73822 2.73822 2.73822 2.79691 2.86537 2.86537 2.86537 2.86522 2.81576 2.80967 2.80967 2.44301
3.00440 3.03496 3.06546 3.09760 3.11279 3.07153 2.87458 1.88868 1.63464 1.63897 1.66188 1.68645 1.71100 1.73831 1.77921 1.85013 1.91693 1.97329 2.03383 2.09912 2.16428 2.18628 2.19764 2.04291 1.70836 1.73810 1.94513 2.01762 2.04710 2.07594 2.08483 2.08483 2.08483 2.08483 2.08483 2.08483 2.08483 2.07101 2.00260 1.92872 1.96701 2.67661 2.70833 2.70833 2.63840 2.47795 2.46862 2.46862 2.46924 2.95398 3.01687 3.01687 3.01687 2.76910 2.73822 2.73822 2.73822 2.73822 2.76818 2.86531 2.86537 2.86537 2.86493 2.78178 2.69692 2.63282 2.30255
2.88238 2.73762 2.59288 2.46171 2.66399 2.64340 2.65328 2.17974 1.98662 1.96703 2.02365 2.08431 2.14950 2.21641 2.26772 2.27209 2.27209 2.27209 2.27209 2.27209 2.27209 2.27032 2.26274 2.19636 1.89129 1.85276 1.95826 2.05864 2.05496 2.05133 2.04770 2.04419 2.03984 1.99259 1.92221 1.85274 1.78411 1.72875 1.72247 1.72118 1.74195 2.38097 2.54772 2.54138 2.50646 2.35056 2.32035 2.35575 2.46862 2.79126 3.01687 3.01687 3.01687 2.83518 2.73822 2.73822 2.74250 2.77311 2.82633 2.96647 2.92121 2.85850 2.79197 2.76049 2.71537 2.71537 2.54967
