High_resolution/powerplant/Chizhou/OMI_NO2_200909.asc
ncols      200
nrows      200
xllcorner       115.585
yllcorner       28.7700
cellsize     0.0166667
NODATA_Value      -999.000
[rows 87 to 115 of 165, columns 0 to 65 of 200]
4.01048 4.01048 4.01048 4.01048 4.01048 4.01048 4.01048 4.01048 4.01048 4.03420 4.27287 4.09397 4.06571 3.71557 3.39750 3.32297 3.32297 3.32297 3.32299 3.32915 3.33951 3.34742 3.06969 3.05552 3.07232 3.13240 2.95947 2.90210 2.85626 2.88579 2.89210 2.92569 2.92569 2.92569 2.92569 2.92667 2.92849 3.17544 3.45534 3.36639 3.27687 3.18952 3.17169 3.47636 4.00095 4.40214 4.43648 4.46238 4.61232 4.94311 4.94311 4.94311 4.94311 4.94311 4.94311 4.94311 4.90067 4.79452 4.56013 4.64770 4.69575 4.66358 4.61609 4.56853 4.52095 4.69321
4.01048 4.01048 4.01048 4.01048 4.01048 4.01048 4.01048 4.01048 4.01048 4.01061 4.21706 4.13903 4.06571 3.86691 3.43730 3.34265 3.35190 3.36041 3.36825 3.37157 3.37057 3.34721 3.25342 3.29694 3.37549 3.39742 3.23216 3.06222 2.88613 2.88579 2.88595 2.92263 2.92569 2.92519 2.92108 2.95111 3.04253 3.12300 3.31564 3.34776 3.37465 3.40710 3.44590 3.55279 4.31518 4.65156 4.84816 4.85689 4.86194 4.94261 4.94311 4.94278 4.88502 4.78498 4.68494 4.56398 4.45246 4.39786 4.24871 4.27509 4.43282 4.41447 4.41447 4.40173 4.37356 4.41305
4.01048 4.01048 4.01048 4.01048 4.01048 4.01048 4.01048 4.01048 3.98855 3.88771 3.92193 3.99136 3.92434 3.88461 3.49204 3.37637 3.36217 3.33175 3.28974 3.24788 3.20688 3.18835 3.22081 3.34092 3.36375 3.38664 3.33284 3.11507 2.97022 2.95296 2.97676 3.09377 3.16895 3.19991 3.23088 3.23841 3.51031 3.51808 3.57060 3.58765 3.58765 3.58765 3.58952 3.59614 4.21631 4.55684 4.85689 4.85456 4.79757 4.75125 4.61219 4.45823 4.36168 4.30734 4.25307 4.21972 4.21932 4.21932 4.16437 4.12100 4.37897 4.35367 4.32549 4.31004 4.28640 4.12240
4.01048 4.01048 4.01048 3.97532 3.86935 3.76141 3.65348 3.54544 3.45950 3.45241 3.59999 3.91927 3.90025 3.86747 3.56338 3.29093 3.21972 3.23843 3.27055 3.30259 3.33471 3.36678 3.40096 3.55747 3.56791 3.56791 3.56205 3.26875 3.16269 3.07941 3.08485 3.15666 3.23065 3.23016 3.23016 3.23016 3.44097 3.51808 3.54852 3.58765 3.58765 3.58765 3.58776 3.59333 3.94493 4.31779 4.49994 4.38581 4.31933 4.25036 4.21932 4.21932 4.21932 4.21932 4.21932 4.21748 4.19503 4.16683 4.11653 4.01752 3.98300 3.72220 3.47686 3.20493 2.94387 2.90613
3.74317 3.63512 3.52719 3.45442 3.45241 3.45241 3.45241 3.45241 3.45241 3.41160 3.35510 3.70051 3.66974 3.69704 3.72330 3.55368 3.41201 3.41392 3.41392 3.41392 3.41392 3.41392 3.41392 3.51174 3.56595 3.55029 3.53343 3.32929 3.20432 3.09457 3.09457 3.12654 3.23016 3.23016 3.23016 3.23016 3.37521 3.51808 3.52982 3.60560 3.60444 3.59769 3.59093 3.37491 3.45216 4.06705 4.21681 4.27786 4.27786 4.25840 4.21932 4.21926 4.20334 4.18533 4.17723 4.17096 4.18531 4.20540 4.22363 4.12280 3.57683 2.90613 2.90613 2.90613 2.90613 2.90613
3.45241 3.45241 3.45241 3.45241 3.45241 3.41804 3.32855 3.19747 3.07925 3.01055 2.98104 3.19405 3.41986 3.71903 3.72974 3.63542 3.41392 3.41392 3.41392 3.41392 3.41392 3.41392 3.40113 3.42638 3.50488 3.50286 3.50286 3.39638 3.23474 3.10102 3.09457 3.09882 3.22703 3.24239 3.25905 3.27368 3.35941 3.56073 3.54675 3.57351 3.58473 3.58473 3.58473 3.45610 3.27514 3.99151 4.15406 4.28172 4.29033 4.27708 4.21940 4.21134 4.21918 4.22906 4.22906 4.22906 4.22906 4.22906 4.22906 4.15358 3.87946 2.90613 2.90613 2.90613 2.90613 2.90613
3.45241 3.40780 3.26840 3.14608 3.04191 2.97667 2.95402 2.95072 2.95072 2.95072 2.95072 3.09669 3.29544 3.71388 3.72195 3.71740 3.41483 3.41392 3.41392 3.41392 3.41392 3.41392 3.40115 3.37988 3.49806 3.50286 3.50286 3.47561 3.25589 3.17636 3.14843 3.16278 3.26411 3.27620 3.25279 3.23134 3.25807 3.51443 3.51443 3.54641 3.58473 3.58665 3.62705 3.64396 3.42703 3.86087 4.12709 4.29932 4.28624 4.28548 4.23433 4.22906 4.22906 4.22906 4.22906 4.22906 4.22906 4.22906 4.22906 4.18528 4.09488 2.98748 2.90613 2.83670 2.67932 2.52167
3.00046 2.95305 2.95072 2.95072 2.95072 2.95072 2.95072 2.95072 2.95072 2.95072 2.95072 3.00885 3.26206 3.61760 3.71903 3.74421 3.45454 3.41392 3.41392 3.41392 3.41392 3.41392 3.42640 3.40997 3.51807 3.57986 3.60169 3.61575 3.34313 3.22281 3.11632 3.09522 3.16534 3.22723 3.22723 3.22723 3.24786 3.57392 3.66754 3.72909 3.79526 3.82304 3.81531 3.79903 3.57062 3.73072 4.08206 4.23845 4.28565 4.28565 4.24881 4.22906 4.22906 4.22906 4.22906 4.22906 4.22906 4.22906 4.22857 4.14671 3.92542 2.97999 2.33972 2.25143 2.30576 2.42861
2.86731 2.95072 2.95072 2.95072 2.95072 2.95072 2.95072 2.95072 2.95072 2.95072 2.95072 2.95185 3.23111 3.48793 3.71903 3.73839 3.52101 3.43597 3.46217 3.48836 3.51457 3.54077 3.55319 3.51508 3.55947 3.57951 3.56000 3.54277 3.36844 3.21689 3.09429 3.14757 3.25611 3.40362 3.45973 3.51239 3.54769 3.74417 3.84314 3.84070 3.79987 3.78753 3.79466 3.79930 3.63601 3.56574 3.95505 4.04718 4.14183 4.12648 4.16107 4.22906 4.22906 4.22906 4.22547 4.14074 4.02245 3.90421 3.78263 3.72106 3.91603 3.66938 2.88158 3.09015 3.21159 3.21089
2.76435 2.95072 2.95072 2.95072 2.95072 2.95072 2.95072 2.95072 2.95072 2.95072 2.95072 3.05059 3.39160 3.45249 3.85687 3.89318 3.74187 3.55319 3.55319 3.55753 3.60165 3.65423 3.70066 3.70357 3.63591 3.50796 3.46775 3.42567 3.29015 3.01552 3.28686 3.33703 3.33096 3.38283 3.36333 3.34693 3.34545 3.51594 3.73972 3.75078 3.72973 3.70235 3.70235 3.70235 3.62554 3.42810 3.81367 3.92649 4.09912 4.09916 4.11806 4.12256 4.00308 3.87373 3.74593 3.69915 3.68592 3.67271 3.66341 3.66305 4.17564 4.56257 3.19724 3.15556 3.09708 3.01177
2.64050 2.94555 2.95072 2.95072 2.95072 2.95072 3.11717 3.61414 4.11976 4.62512 5.13127 5.53703 4.86447 3.49793 3.91396 3.95025 3.86516 3.52657 3.56846 3.60726 3.58469 3.52692 3.47367 3.41630 3.32834 3.17807 3.12583 3.11563 3.10072 2.76146 3.02312 3.21162 3.23370 3.30448 3.33121 3.34788 3.34968 3.44656 3.75321 3.75321 3.74740 3.70271 3.70235 3.70235 3.69253 3.43723 3.68879 3.93097 3.91163 3.78284 3.68610 3.67677 3.66524 3.66305 3.66305 3.66305 3.66305 3.66305 3.66600 3.68083 3.98698 5.21084 3.45885 2.99465 3.01817 3.03474
2.61001 3.15669 3.70614 4.21255 4.71791 5.22354 5.56298 5.57189 5.57189 5.57189 5.57189 5.57438 5.49033 3.67404 4.03044 4.22838 4.16427 3.43814 3.36688 3.31592 3.28782 3.28774 3.28774 3.28774 3.27100 3.20053 3.11469 3.11966 3.14211 2.90070 2.97078 3.30187 3.30371 3.33419 3.34968 3.34968 3.34968 3.37202 3.75080 3.75321 3.75321 3.71418 3.71417 3.75002 3.78925 3.58544 3.64932 3.98617 3.81332 3.64636 3.64636 3.65895 3.66305 3.66305 3.66392 3.67603 3.62496 3.45403 3.25397 3.05659 2.91207 3.54868 3.26684 3.05262 3.05262 3.05262
6.15819 6.05178 5.57189 5.57189 5.57189 5.57189 5.57189 5.57287 5.63017 5.72040 5.81499 5.90806 5.94029 4.33021 3.89922 3.93964 3.93964 3.41196 3.28774 3.28774 3.28774 3.28774 3.28774 3.28774 3.29013 3.29975 3.19118 3.20978 3.21125 3.04769 2.87268 3.29544 3.30371 3.32369 3.34968 3.34973 3.35344 3.35947 3.70627 3.82292 3.87000 3.87840 3.86630 3.86970 3.86970 3.70951 3.53796 3.96015 3.92214 3.64636 3.62676 3.51126 3.33922 3.14771 2.92712 2.74276 2.66467 2.69397 2.71971 2.72645 2.72645 3.22741 3.36837 3.05262 3.05262 3.05262
6.54175 6.40876 5.57701 5.57210 5.62376 5.71884 5.81436 5.90891 5.94732 5.95258 5.95349 5.95349 5.95349 4.92232 3.88142 3.93926 3.93964 3.54006 3.28774 3.28774 3.28774 3.28774 3.28774 3.28774 3.29655 3.36185 3.24084 3.21125 3.21125 3.14961 2.84789 3.20209 3.31905 3.33410 3.38116 3.41810 3.45363 3.48685 3.77123 3.95403 3.95403 3.94318 3.87010 3.86970 3.86959 3.80323 3.49995 3.63660 3.55052 3.06045 2.87244 2.79386 2.66884 2.69848 2.72234 2.72645 2.72645 2.72645 2.72645 2.72645 2.72645 3.01528 3.45188 3.06047 3.05262 3.05188
6.39509 6.09298 5.80327 5.90917 5.95304 5.95349 5.95349 5.95349 5.95349 5.95349 5.95349 5.95349 5.95349 5.50678 3.87578 3.92692 3.93964 3.68490 3.28774 3.28774 3.28774 3.28774 3.28774 3.28774 3.28774 3.40010 3.43998 3.46523 3.56744 3.66913 2.99228 3.15295 3.43009 3.47006 3.51396 3.51703 3.51703 3.51703 3.68078 3.95206 3.94360 3.93464 3.86150 3.84065 3.84890 3.86501 3.54363 3.54610 3.31621 3.03424 2.89609 2.88122 2.72645 2.72645 2.72645 2.72645 2.72645 2.72645 2.72645 2.72645 2.72645 2.83102 3.38225 2.89684 2.56407 2.38697
5.58681 5.58634 5.75233 5.95349 5.95349 5.95349 5.95349 5.95349 5.95349 5.95349 5.95349 5.95349 5.95349 5.93313 4.03409 3.90894 3.93964 3.85033 3.28774 3.29478 3.39411 3.52188 3.64971 3.77762 3.90538 3.93914 3.94170 3.80664 3.84651 3.88637 3.38520 3.13947 3.50452 3.50441 3.50855 3.50464 3.49718 3.48971 3.55804 3.90528 3.90477 3.90477 3.92181 4.03451 4.15384 4.27085 4.09654 3.92063 3.51844 3.19289 2.95054 2.95839 2.76182 2.72645 2.72645 2.72645 2.72645 2.71913 2.64592 2.55701 2.46809 2.39910 2.92217 2.70770 2.31317 2.31317
5.58634 5.58634 5.63594 5.95316 5.95349 5.95349 5.95349 5.95349 5.95349 5.95349 5.95349 5.95349 5.95349 5.95349 4.63562 4.09208 4.31125 4.48170 3.89365 3.94291 3.97135 3.97135 4.03590 4.35077 4.69124 4.98263 4.96286 4.06782 3.94665 4.00411 3.75845 3.16213 3.54160 3.57514 3.59917 3.63087 3.65349 3.67586 3.73342 4.09835 4.22193 4.33889 4.42726 4.43878 4.44067 4.44067 4.29369 4.01068 3.75381 3.33414 3.00976 2.99244 2.83095 2.71233 2.63180 2.54641 2.52369 2.53215 2.61668 2.72897 2.85364 2.96650 2.97787 2.86582 2.31208 2.27972
5.58634 5.58634 5.58634 5.88578 5.95349 5.95349 5.95349 5.95349 5.95349 5.95403 5.95558 5.95716 5.95873 5.96030 5.52649 4.78832 4.84733 4.85112 4.41198 4.56706 4.93145 5.29567 5.59547 5.69772 5.86395 6.04832 5.73807 5.10541 4.60544 4.61363 4.54268 3.53895 3.71588 3.80129 3.84635 3.96213 4.05306 4.14392 4.20831 4.38158 4.44067 4.44067 4.44067 4.44067 4.44067 4.44067 4.40818 4.01591 3.92083 3.37822 3.09188 2.96073 2.86575 2.70096 2.81157 2.94043 2.97787 2.97787 2.97787 2.97787 2.97787 2.93986 2.85953 2.78374 2.23356 2.22437
5.58634 5.58634 5.58634 5.76889 5.95426 5.95583 5.95740 5.95897 5.96054 5.96157 5.96160 5.96160 5.96160 5.96160 5.89828 5.22470 5.71555 6.19631 6.25414 5.99144 6.15881 6.34527 6.55391 6.69145 6.69272 6.69272 6.24403 5.61919 4.61363 4.61363 4.66165 3.95534 3.93174 4.16560 4.23840 4.21155 4.21092 4.21092 4.21092 4.32968 4.44067 4.44067 4.44067 4.44067 4.45046 4.51155 4.58346 4.48018 4.55159 4.20131 3.75921 3.24751 3.20426 2.97787 2.97787 2.97787 2.97787 2.95993 2.88177 2.78393 2.64637 2.53587 2.40703 2.26851 2.25722 2.27238
5.59271 5.59050 5.59207 5.65936 5.96160 5.96160 5.96160 5.96160 5.96160 5.96160 5.99218 6.35599 6.83708 7.52987 8.22070 7.62600 7.75572 8.36009 7.93278 6.69272 6.69272 6.69272 6.69272 6.69272 6.69272 6.69272 6.47847 6.10786 5.04904 5.07421 5.16253 4.62804 4.09266 4.24108 4.24182 4.21681 4.21092 4.21092 4.21100 4.31150 4.54872 4.62456 4.70614 4.79444 4.87578 4.88513 4.88508 4.88508 4.86847 4.50192 3.99403 3.26036 3.24398 2.97760 2.81521 2.65934 2.52585 2.40553 2.26976 2.15463 2.09066 2.03445 2.02463 2.02463 2.12024 2.25634
5.79072 5.59445 5.59445 5.59470 5.91020 5.96160 5.98027 6.36902 7.08298 7.82004 8.52634 8.89973 9.15553 9.19976 9.19976 8.58529 8.06383 8.50706 8.40724 6.71488 6.69272 6.69272 6.65604 6.54930 6.45529 6.37377 6.32810 6.46785 5.67368 5.16430 5.16430 4.93268 4.07435 4.22411 4.30646 4.33849 4.37179 4.43131 4.49395 4.56280 4.88623 4.88512 4.88508 4.88508 4.88508 4.88508 4.88508 4.88486 4.83943 4.59779 3.79997 3.05795 2.75378 2.38926 2.20520 2.14310 2.08095 2.02975 2.02463 2.02463 2.02463 2.02463 2.02463 2.02463 2.05678 2.25634
6.13992 5.59445 5.67498 5.96142 6.85297 8.11036 8.82854 9.17670 9.19976 9.19976 9.19976 9.19976 9.19976 9.19976 9.19976 8.91663 8.02543 8.39637 8.40862 6.77893 6.46204 6.37965 6.32841 6.32671 6.32671 6.32671 6.32671 6.41896 5.99300 4.86638 4.66087 4.44566 4.40837 4.59665 4.64081 4.59594 4.52136 4.52052 4.52050 4.52096 4.84846 4.88508 4.87141 4.79950 4.72106 4.64240 4.51544 4.28766 4.12074 3.87110 3.32094 2.87880 2.46825 2.24434 2.02463 2.02463 2.02463 2.02463 2.02463 2.02463 2.02463 2.02463 2.02463 2.02463 2.02726 2.24950
6.90474 6.88802 7.10893 7.12394 7.59378 9.19976 9.19976 9.19976 9.19976 9.19976 9.19976 9.19976 9.19976 9.19976 9.13505 8.83461 7.65649 7.50324 7.42308 6.70390 6.32671 6.32671 6.31794 6.16361 5.95865 5.75335 5.54817 5.38578 5.34428 4.12603 4.06594 4.06433 4.34727 4.57253 4.63652 4.62336 4.52032 4.48305 4.42012 4.35726 4.49711 4.52402 4.45899 4.45242 4.41500 3.96716 3.73540 3.57995 3.42075 3.26810 3.09790 2.90790 2.32488 2.22484 2.02463 2.02463 2.02463 2.02463 2.02463 2.02463 2.02947 2.05319 2.07879 2.10439 2.12735 2.26829
7.15491 7.12522 7.12394 7.12394 7.13940 8.99945 9.19976 9.19976 9.19976 9.19976 9.14984 8.87533 8.61130 8.38308 8.22045 8.20699 7.61125 7.30119 7.10433 6.41783 5.68342 5.47791 5.28193 5.23064 5.23064 5.22489 5.20874 5.19569 5.32463 4.46976 4.06172 4.06847 4.25976 4.60985 4.39959 4.28132 4.15572 4.09012 4.05319 4.01610 4.12130 4.19645 3.97471 3.75275 3.53093 3.13843 3.07107 3.04586 3.02761 3.02219 2.89460 2.76885 2.23998 2.11998 2.02528 2.02463 2.03238 2.05736 2.08295 2.10856 2.12931 2.13120 2.13120 2.13120 2.13120 2.20487
7.12849 7.13168 7.12394 7.12394 7.12394 8.35968 9.16278 8.89712 8.63003 8.39937 8.22647 8.20699 8.16783 8.04792 7.91308 7.76277 7.05736 6.23740 5.96784 5.80757 5.15221 5.13284 5.10206 5.07105 5.03983 5.01219 4.99653 4.98661 5.06388 4.72997 4.13177 4.16220 4.19499 4.49457 4.22260 4.10953 3.82501 3.57935 3.42702 3.27464 3.18883 3.30135 3.30120 3.30120 3.30120 3.14832 3.02675 3.02675 3.02675 3.02675 2.93831 2.79622 2.42618 2.15526 2.10432 2.11272 2.13057 2.13120 2.13120 2.13120 2.13120 2.13120 2.13120 2.13243 2.18191 2.27019
6.39719 7.14016 7.12394 7.12394 6.97161 7.21631 8.23381 8.15006 8.02641 7.88914 7.73605 7.56385 7.43883 7.43606 7.43606 7.43606 7.25769 6.22745 6.02739 5.79848 4.94668 4.89790 4.90581 4.91328 4.92002 4.92689 4.93141 4.93150 4.96671 4.97851 4.20945 4.19494 4.19484 4.36679 4.11539 3.73086 3.39262 3.03955 3.03955 3.03955 3.05411 3.29979 3.30120 3.30120 3.30120 3.24362 3.02675 3.02675 2.97033 2.84915 2.67274 2.41847 2.26491 2.21099 2.16649 2.13120 2.13120 2.13120 2.13120 2.13120 2.16069 2.23463 2.30145 2.34286 2.33696 2.31538
5.35824 7.14668 6.97216 6.71563 6.31295 5.86112 7.41360 7.43606 7.43606 7.43606 7.43606 7.43606 7.43606 7.43210 7.41201 7.38848 7.34940 6.28990 5.97482 5.63670 5.07536 4.93150 4.93150 4.93150 4.93150 4.93150 4.93150 4.93150 4.93661 4.96149 4.21270 3.86712 3.74028 3.78857 3.84364 3.50216 3.42293 3.03955 3.03955 3.03955 3.03955 3.25400 3.30120 3.30120 3.22467 3.07309 2.74786 2.60181 2.53702 2.53697 2.51502 2.39121 2.27824 2.21815 2.18434 2.13120 2.14259 2.18485 2.22576 2.26663 2.28150 2.25734 2.23845 2.24681 2.25644 2.25737
4.04930 4.21896 5.26686 5.42603 5.42487 5.36400 6.70673 7.43606 7.43606 7.43306 7.41007 7.36903 7.32617 7.28731 7.26456 7.24522 7.24150 6.52113 6.02503 5.65170 5.19771 4.93150 4.93150 4.93150 4.93150 4.90144 4.84166 4.78191 4.72231 4.57448 4.16354 3.68184 3.68184 3.73156 3.89571 3.55939 3.49902 3.07022 3.03955 3.03932 2.96655 2.97573 2.91549 2.76395 2.68897 2.68897 2.60116 2.53697 2.53697 2.53697 2.53654 2.41426 2.25857 2.21951 2.21448 2.18904 2.22197 2.22877 2.23805 2.24872 2.25708 2.25737 2.25737 2.25737 2.25737 2.25737
3.79176 3.79176 4.93566 5.42603 5.42603 5.37989 6.06521 7.34584 7.30297 7.26315 7.24327 7.24150 7.24150 7.24150 7.24150 7.24150 7.24150 6.85630 6.08419 5.73838 5.33496 4.90571 4.84610 4.78630 4.72650 4.69682 4.69682 4.69682 4.69682 4.62814 4.42450 3.67579 3.65243 3.63613 3.87980 3.65916 3.39598 2.95794 2.72386 2.62087 2.57610 2.60779 2.68897 2.68897 2.68897 2.68589 2.62990 2.49747 2.47771 2.48867 2.52844 2.47395 2.38234 2.34784 2.30597 2.25701 2.25736 2.25737 2.25737 2.25737 2.25737 2.25737 2.25737 2.25737 2.25737 2.25737
