High_resolution/powerplant/Chizhou/OMI_NO2_201107.asc
ncols      200
nrows      200
xllcorner       115.585
yllcorner       28.7700
cellsize     0.0166667
NODATA_Value      -999.000
[rows 0 to 28 of 200, columns 0 to 65 of 200]
0.00000 0.00000 0.00000 0.00000 0.00000 0.00000 0.00000 0.00000 0.00000 0.00000 0.00000 0.00000 0.00000 0.00000 0.00000 0.00000 0.00000 0.00000 0.00000 0.00000 0.00000 0.00000 0.00000 0.00000 3.71497 2.35010 2.24428 2.24428 2.24428 2.24428 2.24428 2.24428 2.24428 2.24428 2.24428 2.24428 2.24428 2.24428 2.24428 2.24428 2.24428 2.24428 2.24428 2.24428 0.00000 0.00000 0.00000 0.00000 0.00000 0.00000 0.00000 0.00000 0.00000 0.00000 0.00000 0.00000 0.00000 0.00000 0.00000 0.00000 0.00000 0.00000 3.51688 3.51688 3.51688 3.51688
0.00000 0.00000 0.00000 0.00000 0.00000 0.00000 0.00000 0.00000 0.00000 0.00000 0.00000 0.00000 0.00000 0.00000 0.00000 0.00000 0.00000 0.00000 0.00000 0.00000 3.71497 3.71497 3.71497 3.71497 3.71497 2.70347 2.24428 2.24428 2.24428 2.24428 2.24428 2.24428 2.24428 2.24428 2.24428 2.24428 2.24428 2.24428 2.24428 2.24428 2.24428 2.24428 2.24428 2.24428 0.00000 0.00000 0.00000 0.00000 0.00000 0.00000 0.00000 0.00000 0.00000 0.00000 0.00000 0.00000 0.00000 1.88665 1.88665 1.88665 1.89691 3.41182 3.51688 3.51688 3.51688 3.51688
0.00000 0.00000 0.00000 0.00000 0.00000 0.00000 0.00000 0.00000 0.00000 0.00000 0.00000 0.00000 0.00000 0.00000 0.00000 3.71497 3.71497 3.71497 3.71497 3.71497 3.71497 3.71497 3.71497 3.71497 3.71497 3.15085 2.24428 2.24428 2.24416 2.14033 1.98746 1.87193 1.78154 1.71139 2.17183 2.24428 2.24428 2.24428 2.24428 2.24428 2.24428 2.24428 2.24428 2.24428 0.00000 0.00000 0.00000 0.00000 0.00000 0.00000 0.00000 0.00000 1.88665 1.88665 1.88665 1.88665 1.88665 1.88665 1.88665 1.88665 1.88665 2.97059 3.51688 3.51688 3.51688 3.51688
0.00000 0.00000 0.00000 0.00000 0.00000 0.00000 0.00000 0.00000 0.00000 0.00000 3.71497 3.71497 3.71497 3.71497 3.71497 3.71497 3.71497 3.71497 3.71497 3.71497 3.71497 3.71497 3.71497 3.60770 3.25062 2.87562 1.81868 1.73240 1.66874 1.64290 1.64290 1.64290 1.64290 1.64290 1.94375 2.24428 2.24428 2.24428 2.24428 2.24428 2.24428 2.24428 2.24428 2.24428 2.24428 0.00000 0.00000 1.88665 1.88665 1.88665 1.88665 1.88665 1.88665 1.88665 1.88665 1.88665 1.88665 1.88665 1.88665 1.88665 1.88665 2.48413 3.51688 3.51688 3.51688 3.51688
0.00000 0.00000 0.00000 0.00000 0.00000 0.00000 0.00000 3.71497 3.71497 3.71497 3.71497 3.71497 3.71497 3.71497 3.71497 3.71497 3.71497 3.71497 3.53239 3.05830 2.82074 2.63333 2.48180 2.38395 2.37824 2.37824 1.80796 1.64290 1.64290 1.64290 1.64290 1.64290 1.64290 1.64290 1.78488 2.24428 2.24428 2.24428 2.24428 2.24428 2.24428 2.24428 2.25164 2.27131 2.10446 1.88665 1.88665 1.88665 1.88665 1.88665 1.88665 1.88665 1.88665 1.88665 1.88665 1.88665 1.88665 1.88665 1.88665 1.88665 1.88665 2.01560 3.49895 3.51688 3.51688 3.51688
0.00000 0.00000 0.00000 0.00000 0.00000 0.00000 0.00000 3.71497 3.71497 3.71497 3.71497 3.71497 3.71497 3.71497 3.71497 3.71497 3.71497 3.71497 3.29285 2.37824 2.37824 2.37824 2.37824 2.37824 2.37824 2.37824 2.03153 1.64290 1.64290 1.64290 1.64290 1.64290 1.64290 1.64290 1.67482 2.24008 2.24428 2.24902 2.26794 2.28778 2.30761 2.32748 2.33994 2.34013 2.18108 1.88665 1.88665 1.88665 1.88665 1.88665 1.88665 1.88665 1.88665 1.88665 1.88665 1.88665 1.88665 1.88665 1.88665 1.88665 1.88665 1.88665 3.14111 3.51454 3.50859 3.50443
0.00000 0.00000 0.00000 0.00000 0.00000 0.00000 0.00000 3.71497 3.71497 3.71497 3.71497 3.71497 3.71497 3.71497 3.71497 3.71497 3.71497 3.71497 3.70644 2.45112 2.37824 2.37824 2.37824 2.37824 2.37824 2.37824 2.25507 1.64290 1.64290 1.64290 1.64290 1.64290 1.64425 1.65304 1.66296 2.10515 2.32410 2.33920 2.34013 2.34013 2.34013 2.34013 2.34013 2.34013 2.30993 1.89436 1.88665 1.88665 1.88665 1.88665 1.88665 1.88665 1.88665 1.88665 1.88665 1.88665 1.88665 1.88665 1.88665 1.88665 1.88665 2.02234 3.02545 3.49999 3.49993 3.49993
0.00000 0.00000 0.00000 0.00000 0.00000 0.00000 0.00000 0.00000 3.71497 3.71497 3.71497 3.71497 3.71497 3.71497 3.71497 3.71497 3.71497 3.71497 3.71497 2.69968 2.37824 2.37824 2.37824 2.37824 2.37824 2.37824 2.37802 1.74433 1.65135 1.66128 1.67119 1.68113 1.68969 1.69083 1.69083 1.92385 2.34013 2.34013 2.34013 2.34013 2.34013 2.34013 2.34013 2.34013 2.34013 2.00076 1.88665 1.88665 1.88665 1.88665 1.88665 1.88665 1.88665 1.88665 1.88665 1.88665 1.88665 1.88665 1.88665 1.88665 1.88665 1.88904 2.77734 3.49993 3.49993 3.49153
0.00000 0.00000 0.00000 0.00000 0.00000 0.00000 0.00000 0.00000 3.71497 3.71497 3.71497 3.71497 3.71497 3.71497 3.71497 3.71497 3.71497 3.71497 3.71497 3.05937 2.37824 2.37824 2.37813 2.30942 2.18361 2.05779 1.93210 1.75196 1.69083 1.69083 1.69083 1.69083 1.69083 1.69083 1.69083 1.78076 2.34013 2.34013 2.34013 2.34013 2.34013 2.34013 2.34013 2.34013 2.34013 2.13738 1.88665 1.88665 1.88665 1.88665 1.88665 1.88665 1.88665 1.88665 1.88665 1.88665 1.88665 1.88665 1.88665 1.88665 1.94434 2.06205 2.63334 3.37336 3.41447 3.40432
0.00000 0.00000 0.00000 0.00000 0.00000 0.00000 0.00000 0.00000 3.71497 3.71497 3.71497 3.71497 3.71497 3.71497 3.71497 3.71497 3.71497 3.71497 3.64744 3.27744 2.10779 1.97170 1.84601 1.78896 1.78896 1.78896 1.78896 1.76398 1.69083 1.69083 1.69083 1.69083 1.69827 1.71865 1.73928 1.76644 2.28057 2.34013 2.34013 2.34013 2.34013 2.34013 2.34013 2.34013 2.34013 2.27406 1.88665 1.88665 1.88665 1.88665 1.88665 1.88665 1.88665 1.88665 1.88665 1.94201 2.05873 2.17627 2.29287 2.41052 2.46938 2.46938 2.63950 3.22343 3.40431 3.40431
0.00000 0.00000 0.00000 0.00000 0.00000 0.00000 0.00000 0.00000 0.00000 3.71497 3.71497 3.71497 3.71497 3.69305 3.48409 3.23247 2.98096 2.72946 2.54537 2.53641 1.89584 1.78896 1.78896 1.78896 1.78896 1.78896 1.79148 1.80780 1.73861 1.75262 1.77325 1.79388 1.80707 1.80731 1.80731 1.80731 2.07875 2.34013 2.34013 2.34013 2.34013 2.34013 2.34013 2.34013 2.34013 2.34013 1.95717 1.88665 1.88665 1.88665 1.93910 2.05622 2.17306 2.29048 2.40726 2.46938 2.46938 2.46938 2.46938 2.46938 2.46938 2.46938 2.47120 3.06882 3.40431 3.40431
0.00000 0.00000 0.00000 0.00000 0.00000 0.00000 0.00000 0.00000 2.48748 3.36346 3.31155 3.06016 2.80866 2.57884 2.53641 2.53641 2.53641 2.53641 2.53641 2.53641 2.06408 1.80218 1.82281 1.84344 1.86407 1.88471 1.90281 1.90544 1.84221 1.80731 1.80731 1.80731 1.80731 1.80731 1.80731 1.80731 1.93687 2.34013 2.34013 2.34013 2.34013 2.34013 2.34013 2.34013 2.34013 2.22404 1.98619 2.17044 2.28745 2.40469 2.46920 2.46938 2.46938 2.46938 2.46938 2.46938 2.46938 2.46938 2.46938 2.46938 2.46938 2.46938 2.46938 2.83922 3.38491 3.40431
0.00000 0.00000 0.00000 0.00000 2.48748 2.48748 2.48748 2.48748 2.48748 2.49081 2.53557 2.53641 2.53641 2.53641 2.53641 2.53641 2.53641 2.53641 2.53641 2.53641 2.34740 1.90544 1.90544 1.90544 1.90544 1.90544 1.90544 1.90544 1.87197 1.80731 1.80731 1.80731 1.80731 1.80731 1.80731 1.80731 1.83823 2.33801 2.34013 2.34013 2.26264 1.97672 1.67885 1.38097 1.08367 0.901604 1.28116 2.46938 2.46938 2.46938 2.46938 2.46938 2.46938 2.46938 2.46938 2.46938 2.46938 2.46938 2.46938 2.46938 2.46938 2.46938 2.46938 2.63950 3.27060 3.40431
2.48748 2.48748 2.48748 2.48748 2.48748 2.48748 2.48748 2.48748 2.48748 2.48748 2.52387 2.53641 2.53641 2.53641 2.53641 2.53641 2.53641 2.53641 2.53641 2.53641 2.53427 1.94326 1.90544 1.90544 1.90544 1.90544 1.90544 1.90544 1.89969 1.80945 1.80731 1.80731 1.80731 1.80731 1.80731 1.78412 1.64958 1.65929 1.42937 1.13164 0.911255 0.899731 0.899731 0.899731 0.899731 0.899731 0.922334 2.35730 2.46938 2.46938 2.46938 2.46938 2.46938 2.46938 2.46938 2.46938 2.46938 2.46938 2.46938 2.46938 2.46938 2.46938 2.46938 2.47120 3.17613 3.49601
2.48748 2.48748 2.48748 2.48748 2.48748 2.48748 2.48748 2.48748 2.48748 2.48748 2.50884 2.53641 2.53641 2.53641 2.53641 2.53641 2.53641 2.53641 2.53641 2.53641 2.53641 2.06195 1.90544 1.90544 1.90544 1.90544 1.90544 1.90544 1.90544 1.83358 1.79564 1.67364 1.52499 1.37598 1.22711 1.10158 1.08710 1.01775 0.899731 0.899731 0.899731 0.899731 0.899731 0.899731 0.899731 0.899731 0.899731 1.90901 2.46938 2.46938 2.46938 2.46938 2.46938 2.46938 2.46938 2.46938 2.46938 2.46938 2.46938 2.46938 2.46938 2.46938 2.46938 2.46938 2.95222 3.50866
2.48748 2.48748 2.48748 2.48748 2.48748 2.48748 2.48748 2.48748 2.48748 2.48748 2.49385 2.53637 2.53641 2.53641 2.53641 2.53641 2.53641 2.53641 2.53641 2.53641 2.53641 2.23361 1.90544 1.90544 1.90544 1.90628 1.98967 2.12696 2.26419 1.90951 1.11411 1.08710 1.08710 1.08710 1.08710 1.08710 1.08710 1.05954 0.899731 0.899731 0.899731 0.899731 0.899731 0.899731 0.899731 0.899731 0.899731 1.43905 2.46938 2.46938 2.46938 2.46938 2.46938 2.46938 2.46938 2.46938 2.46938 2.46938 2.46938 2.46938 2.46938 2.46938 2.46938 2.62211 3.07115 3.39026
2.48748 2.48748 2.48748 2.48748 2.48748 2.48748 2.48748 2.48748 2.48748 2.48748 2.48748 2.52770 2.53641 2.53641 2.53641 2.53641 2.53641 2.53641 2.53641 2.53641 2.53641 2.55611 2.09234 2.22024 2.35753 2.49393 2.54789 2.54789 2.54789 2.36274 1.08871 1.08710 1.08710 1.08710 1.08710 1.06961 1.00677 0.937709 0.883599 0.899731 0.899731 0.899731 0.899731 0.899731 0.899731 0.899731 0.899731 0.998119 2.44002 2.46938 2.46938 2.46938 2.46938 2.46938 2.46938 2.46938 2.46938 2.46938 2.61729 2.94044 3.26199 3.58370 3.90830 4.07712 4.07628 3.51074
2.48748 2.48748 2.48748 2.48748 2.48748 2.48748 2.48748 2.48748 2.48748 2.48748 2.48748 2.51266 2.53641 2.53641 2.53641 2.53641 2.56725 2.80367 3.07838 3.35283 3.62730 3.81552 2.73582 2.54789 2.54789 2.54789 2.54789 2.54789 2.54789 2.54344 1.28900 0.965135 0.899979 0.834823 0.769594 0.721931 0.719616 0.719616 0.814360 0.899731 0.899731 0.899731 0.899731 0.899731 0.899731 0.899731 0.899731 0.899731 2.06755 2.46938 2.46938 2.46938 2.46938 2.61295 2.93401 3.25781 3.58032 3.90187 4.07680 4.07712 4.07712 4.07712 4.07712 4.07712 4.07712 3.75064
2.48748 2.48748 2.48748 2.48748 2.48748 2.48748 2.48748 2.48748 2.48748 2.48748 2.48748 2.49921 2.71591 2.99049 3.26507 3.53953 3.78327 3.82130 3.82130 3.82130 3.82130 3.82130 3.02343 2.54789 2.51471 2.44951 2.38432 2.31917 2.25394 2.19330 1.42050 0.719616 0.719616 0.719616 0.719616 0.719616 0.719616 0.719616 0.765535 0.899731 0.899731 0.899731 0.899731 0.899731 0.899731 0.899731 0.899731 0.899731 1.70011 2.93080 3.25235 3.57405 3.89866 4.07663 4.07712 4.07712 4.07712 4.07712 4.07712 4.07712 4.07712 4.07712 4.07712 4.07712 4.07712 4.00487
2.48748 2.48748 2.48748 2.48748 2.48748 2.48748 2.48748 2.45936 2.34549 2.22582 2.10598 1.99654 3.62683 3.82130 3.82130 3.82130 3.82130 3.82130 3.82130 3.82130 3.82130 3.82130 3.38038 2.21234 2.18040 2.18040 2.18040 2.18040 2.18040 2.18040 1.86239 0.719616 0.719616 0.719616 0.719616 0.719616 0.719616 0.719616 0.731460 0.899515 0.899731 0.899731 0.899731 0.938529 1.07504 1.21618 1.35726 1.49840 1.94344 4.07712 4.07712 4.07712 4.07712 4.07712 4.07712 4.07712 4.07712 4.07712 4.07712 4.07712 4.07712 4.07712 4.07712 4.07712 4.07712 4.07598
2.48748 2.48748 2.48455 2.40120 2.28147 2.16174 2.04196 1.95041 1.94449 1.94449 1.94449 1.94449 3.06161 3.82130 3.82130 3.82130 3.82130 3.82130 3.82130 3.82130 3.82130 3.82130 3.81770 2.28356 2.18040 2.18040 2.18040 2.18040 2.18040 2.18040 2.16988 0.854300 0.719616 0.719616 0.719616 0.719616 0.719616 0.719616 0.731275 0.980486 1.19252 1.33353 1.47461 1.57689 1.58159 1.58159 1.58159 1.58159 1.58159 3.69622 4.07712 4.07712 4.07712 4.07712 4.07712 4.07712 4.07712 4.07712 4.07712 4.07712 4.07712 4.07712 4.07712 4.07712 4.07712 4.07712
2.21745 2.09762 1.98087 1.94449 1.94449 1.94449 1.94449 1.94449 1.94449 1.94449 1.94449 1.94449 2.48737 3.82130 3.82130 3.82130 3.82130 3.82130 3.82130 3.82130 3.82130 3.82130 3.82130 2.59602 2.18040 2.18040 2.18040 2.18040 2.18040 2.18040 2.18040 1.28596 0.719616 0.725411 0.783608 0.854112 0.924753 0.995291 1.05420 1.26132 1.58159 1.58159 1.58159 1.58159 1.58159 1.58159 1.58159 1.58159 1.58159 2.95216 4.07712 4.07712 4.07712 4.07712 4.07712 4.07712 4.07712 4.07712 4.07712 4.07712 4.07712 4.07712 4.07712 4.07712 4.07712 4.07712
1.94449 1.94449 1.94449 1.94449 1.94449 1.94449 1.94449 1.94449 1.94449 1.94449 1.94449 1.94449 2.00155 3.73327 3.82130 3.82130 3.82130 3.82130 3.82130 3.82130 3.82130 3.82130 3.82130 3.04680 2.18040 2.18040 2.18040 2.18040 2.17856 2.07771 1.92009 1.48484 0.983427 1.04814 1.06055 1.06055 1.06055 1.06055 1.06055 1.14284 1.58159 1.58159 1.58159 1.58159 1.58159 1.58159 1.58159 1.58159 1.58159 2.20834 4.07712 4.07712 4.07712 4.07712 4.07712 4.07712 4.07712 4.07712 4.07712 4.07712 4.07712 4.07712 4.07712 4.07712 4.07712 4.07712
1.94449 1.94449 1.94449 1.94449 1.94449 1.94449 1.94449 1.94449 1.94449 1.94449 1.94449 1.94449 1.94449 3.21635 3.82130 3.82130 3.82130 3.82130 3.82130 3.82130 3.82130 3.82130 3.82130 3.67159 2.14560 1.96948 1.81200 1.65431 1.49868 1.44213 1.44213 1.42638 1.07370 1.06055 1.06055 1.06055 1.06055 1.06055 1.06826 1.12494 1.57230 1.58159 1.58159 1.58159 1.58159 1.58159 1.58159 1.58159 1.58159 1.62502 3.91640 4.07712 4.07712 4.07712 4.07712 4.07712 4.07712 4.07712 4.07712 4.07712 4.07712 3.84054 3.28668 2.73586 2.18283 1.62870
1.94449 1.94449 1.94449 1.94449 1.94449 1.94449 1.94449 1.94449 1.94449 1.94449 1.94449 1.94449 1.94449 2.64192 3.82130 3.82130 3.82130 3.82130 3.82130 3.77760 3.49794 3.18270 2.86790 2.55295 1.58223 1.44213 1.44213 1.44213 1.44213 1.44213 1.44213 1.44213 1.17521 1.09739 1.15536 1.22708 1.31770 1.43538 1.56528 1.58159 1.58159 1.58159 1.58159 1.58159 1.58159 1.58159 1.58159 1.58159 1.58159 1.58159 3.21616 4.07712 4.07712 4.07712 4.07712 4.07712 3.84797 3.29770 2.74687 2.19109 1.63971 1.32437 1.32299 1.32299 1.32299 1.32299
1.94449 1.94449 1.94449 1.94449 1.94449 1.94449 1.94449 1.94449 1.94449 1.94449 1.94449 1.94449 1.94449 2.09126 3.79076 3.59628 3.28163 2.96653 2.65129 2.38005 2.34476 2.34476 2.34476 2.34476 1.78597 1.44213 1.44213 1.47725 1.57125 1.68693 1.83192 2.01813 1.96714 1.58159 1.58159 1.58159 1.58159 1.58159 1.58159 1.58159 1.58159 1.58159 1.58159 1.58159 1.58159 1.58159 1.58159 1.58159 1.58159 1.58159 2.47224 3.85651 3.30871 2.75541 2.20156 1.65073 1.32547 1.32299 1.32299 1.32299 1.32299 1.32299 1.32299 1.32299 1.32299 1.32299
1.94449 1.94449 1.94449 1.94449 1.94449 1.94449 1.94449 1.94449 1.94449 1.94449 1.92117 1.84377 1.76413 1.68464 2.24054 2.34476 2.34476 2.34476 2.34476 2.34476 2.34476 2.34476 2.34476 2.34476 2.18708 1.95151 2.17752 2.34386 2.34476 2.34476 2.34476 2.34476 2.26569 1.58502 1.58159 1.58159 1.58159 1.58159 1.58159 1.58159 1.58159 1.58159 1.58159 1.58159 1.58159 1.58159 1.59871 1.65968 1.72266 1.78583 1.83283 1.33380 1.32299 1.32299 1.32299 1.32299 1.32299 1.32299 1.32299 1.32299 1.32299 1.32299 1.32299 1.32299 1.32299 1.32299
1.94449 1.94449 1.94449 1.94449 1.94449 1.94103 1.88115 1.80159 1.72199 1.64239 1.58619 1.58399 1.58399 1.58399 1.92980 2.34476 2.34476 2.34476 2.34476 2.34476 2.34476 2.34476 2.34476 2.34476 2.34476 2.34476 2.34476 2.34476 2.34476 2.34476 2.34476 2.34476 2.34476 1.73689 1.58159 1.58159 1.58159 1.58159 1.58159 1.58159 1.58159 1.59203 1.64936 1.71250 1.77554 1.83862 1.88460 1.88674 1.88674 1.88674 1.88674 1.45818 1.32299 1.32299 1.32299 1.32299 1.32299 1.32299 1.32299 1.32299 1.32299 1.32299 1.32299 1.32299 1.32299 1.32299
1.94449 1.91738 1.83897 1.75938 1.67985 1.60371 1.58399 1.58399 1.58399 1.58399 1.58399 1.58399 1.58399 1.58399 1.69749 2.34476 2.34476 2.34476 2.34476 2.34476 2.34476 2.34476 2.34476 2.34476 2.34476 2.34476 2.34476 2.34476 2.34476 2.34476 2.34476 2.34476 2.34476 1.96791 1.58159 1.58159 1.58693 1.63914 1.70225 1.76529 1.82839 1.88106 1.88674 1.88674 1.88674 1.88674 1.88674 1.88674 1.88674 1.88674 1.88674 1.62646 1.32299 1.32299 1.32299 1.32299 1.32299 1.32299 1.32299 1.32299 1.32299 1.32299 1.32299 1.32299 1.32299 1.32299
