High_resolution/powerplant/Chizhou/OMI_NO2_200510.asc
ncols      200
nrows      200
xllcorner       115.585
yllcorner       28.7700
cellsize     0.0166667
NODATA_Value      -999.000
[rows 116 to 144 of 189, columns 67 to 133 of 200]
5.92915 6.00265 6.06410 6.07745 7.07211 7.27096 7.21874 7.06442 6.96163 6.89522 6.86947 6.86858 6.81368 6.60349 6.39645 6.35341 6.20706 6.20278 5.73543 5.10909 5.00113 5.00900 4.88280 4.85291 5.06721 5.06721 5.06721 5.06721 5.15972 5.29578 5.23149 5.20007 5.19772 5.22064 4.92926 4.53283 4.50604 4.43129 4.33166 4.16462 3.80042 3.75395 3.72625 3.56437 3.33038 2.93453 2.71081 2.62175 2.56858 2.53134 2.56400 2.68130 2.72071 2.69836 2.72372 2.74907 2.77442 2.79879 2.82377 2.83450 2.83450 2.86444 2.94148 2.96212 2.97610 2.92567 2.80102
5.94649 5.94064 5.97613 5.93785 6.47436 7.05584 7.05566 6.95907 6.82738 6.62447 6.40511 6.18575 6.02138 6.01205 6.01205 6.16486 6.20278 6.20278 5.91142 5.25698 5.02362 5.00949 4.94147 4.79446 5.04643 5.06721 5.06038 5.04639 5.03970 5.12016 4.91667 4.67671 4.52301 4.38971 4.33179 4.32369 4.29528 4.24425 4.12165 3.82324 3.38090 3.09064 2.86070 2.78424 2.78424 2.63440 2.60978 2.61880 2.58789 2.52550 2.53068 2.63372 2.75529 2.83577 2.83577 2.83577 2.83577 2.83766 2.86830 2.90787 2.94746 2.99251 3.13200 3.04502 2.67623 2.71132 2.72185
5.87548 5.78900 5.88568 5.89898 6.10965 6.83332 6.61301 6.34780 6.02849 6.01205 6.01205 6.01205 6.01205 6.01205 6.01205 6.11680 6.19758 6.18203 6.02893 5.28863 4.90666 4.82562 4.77602 4.50449 4.48466 4.39090 4.22267 4.06116 3.91496 4.03995 4.03291 3.85628 3.82796 3.80517 3.83099 3.70753 3.51058 3.30870 3.00907 2.85458 2.77869 2.77972 2.77804 2.77635 2.77467 2.70123 2.58485 2.61216 2.60560 2.52252 2.52272 2.62670 2.78563 2.93246 2.98302 3.02264 3.06214 3.09905 3.11679 3.15692 3.19884 3.24077 3.36745 3.38789 2.83143 2.83511 2.80640
6.00868 5.97525 6.25610 6.47490 6.62407 6.21419 6.09844 6.07843 5.88869 5.86403 5.85559 5.86270 5.87020 5.87771 5.88520 5.89408 5.86189 5.84822 5.80361 4.99041 4.27116 4.05470 3.93803 3.68365 3.66605 3.74146 3.74146 3.74146 3.74146 3.84541 3.96283 3.65392 3.43538 3.22091 3.04859 2.99396 2.98967 2.97478 2.94033 2.89367 2.77005 2.77305 2.77305 2.77305 2.75000 2.68724 2.46181 2.44342 2.39365 2.65680 2.78149 2.84255 2.95108 3.07517 3.14247 3.18092 3.21943 3.25787 3.30453 3.30801 3.30679 3.31946 3.33933 3.30202 2.75158 2.50928 2.44778
6.59792 6.35741 6.40221 6.48287 6.50618 6.28196 6.03810 6.06143 5.95299 5.92090 5.93674 5.93719 5.93645 5.89454 5.83382 5.77539 5.63393 5.57992 5.55925 4.97766 4.02249 3.86947 3.88802 3.80035 3.71414 3.74146 3.73353 3.72011 3.70746 3.65860 3.14987 2.95857 2.88844 2.88735 2.91386 2.93838 2.95542 2.94924 2.89512 2.82845 2.63140 2.54091 2.48292 2.42486 2.38988 2.38953 2.28313 2.28340 2.28363 2.58189 2.85500 2.91521 3.05151 3.22080 3.28535 3.28286 3.28040 3.28665 3.24633 3.17063 3.08636 2.98811 2.97429 3.04825 2.73589 2.42913 2.41870
6.67027 6.51309 6.54685 6.63856 6.63887 6.55686 6.12427 6.12154 5.99147 5.82043 5.76419 5.71144 5.65928 5.64836 5.65624 5.65634 5.58310 5.62681 5.72182 5.46359 4.25442 3.98018 3.87038 3.79133 3.67122 3.65857 3.65383 3.65457 3.65457 3.65457 3.17022 2.97453 2.84223 2.81240 2.77535 2.70394 2.67536 2.63293 2.62300 2.60065 2.49978 2.39599 2.38953 2.38953 2.40353 2.44739 2.43156 2.40050 2.44041 2.58410 2.93842 2.92578 3.04966 3.17204 3.21113 3.11367 3.00473 2.88709 2.83423 2.82342 2.79748 2.77165 2.76022 2.95292 2.80226 2.35026 2.35026
6.57200 6.57962 6.53227 6.55629 6.51252 6.45229 5.96300 5.83177 5.79756 5.65303 5.65634 5.65634 5.67558 5.75791 5.81742 5.87626 5.87683 5.80939 5.75924 5.60578 4.25149 3.85675 3.73211 3.73139 3.65538 3.62622 3.59632 3.56651 3.53663 3.50681 3.17844 2.84227 2.69511 2.69511 2.68895 2.60484 2.61966 2.62669 2.62668 2.60357 2.55719 2.49210 2.52078 2.55113 2.56594 2.55077 2.52133 2.34611 2.32731 2.33065 2.86526 2.95487 3.13854 2.91743 2.68894 2.69314 2.69314 2.69314 2.69385 2.71337 2.71421 2.71421 2.70577 2.86962 2.86439 2.27047 2.21578
6.21311 6.29084 6.13768 6.24531 6.34767 6.35758 6.09218 5.83863 5.87417 5.73407 5.75673 5.81433 5.85227 5.81654 5.81139 5.81247 5.78286 5.70657 5.70920 5.71038 4.52501 3.81541 3.60460 3.57213 3.49004 3.46234 3.46234 3.46234 3.46234 3.46234 3.34960 2.87304 2.70879 2.69511 2.69511 2.62137 2.60873 2.61147 2.58034 2.52488 2.47944 2.45489 2.38922 2.36083 2.33407 2.31553 2.37729 2.38429 2.45531 2.55005 2.95391 3.07898 3.14094 3.08600 2.65310 2.68769 2.65856 2.62676 2.59497 2.57793 2.55245 2.52063 2.49732 2.63296 2.73349 2.29442 2.13220
5.86947 6.19532 6.08632 6.17803 6.40071 6.50757 6.50654 6.14666 6.19984 5.95821 5.81139 5.81226 5.81485 5.81748 5.82011 5.82166 5.81571 5.71221 5.71051 5.71051 4.88155 3.73908 3.58819 3.54080 3.50654 3.46234 3.46234 3.46234 3.46234 3.46102 3.44318 2.90874 2.70569 2.64681 2.64878 2.60406 2.54039 2.35415 2.34545 2.33625 2.31663 2.33312 2.37925 2.47708 2.57484 2.66470 2.68183 2.63825 2.56931 2.57834 2.84234 3.11355 3.14382 3.29135 2.67169 2.47778 2.47508 2.47508 2.47508 2.48369 2.49614 2.46775 2.40709 2.42545 2.52299 2.31819 2.17037
5.78319 6.36938 6.33075 6.56539 6.79627 6.80984 6.80825 6.27491 6.20304 6.06846 5.81986 5.82162 5.82167 5.82167 5.82167 5.82167 5.82167 5.73419 5.71051 5.71051 5.35037 3.77335 3.63559 3.51352 3.48516 3.40306 3.39223 3.40083 3.41090 3.42263 3.45111 3.12746 2.75658 2.62748 2.62645 2.59859 2.52091 2.33274 2.37662 2.46841 2.53827 2.64399 2.68751 2.70208 2.71676 2.73145 2.74612 2.75593 2.65319 2.65240 2.77035 3.16244 3.16244 3.29545 2.89359 2.39728 2.33386 2.27316 2.21254 2.15428 2.11217 2.07652 2.06492 2.07482 2.27773 2.23855 2.12869
6.11504 6.55241 6.50263 6.55007 6.51694 6.35858 6.07819 6.04017 6.13706 6.07753 5.70017 5.67344 5.64840 5.62233 5.56459 5.49248 5.42031 5.33022 5.27002 5.22116 5.11759 3.86742 3.62012 3.55633 3.58516 3.53216 3.54615 3.54771 3.54771 3.54771 3.54771 3.37975 2.81699 2.63217 2.71679 2.81263 2.82652 2.79665 2.72948 2.74931 2.72619 2.73656 2.77909 2.77920 2.77920 2.77920 2.77920 2.78616 2.73623 2.73128 2.77937 2.91590 2.84774 2.87553 2.71025 2.10301 2.05469 2.02308 1.98635 1.94956 2.00889 2.02216 1.99898 1.93108 2.07079 2.02697 1.81946
6.09576 5.92054 5.50758 5.17558 5.27394 5.40954 5.38270 5.44078 5.69622 5.64913 5.28540 5.16637 5.11925 5.07308 5.05830 5.05728 5.00409 4.88639 4.73771 4.54703 4.35629 3.69624 3.41068 3.60751 3.63925 3.58124 3.54771 3.54771 3.54771 3.53907 3.42904 3.28633 3.19433 3.10274 3.11897 3.13757 3.06375 2.96743 2.79995 2.79995 2.76742 2.77057 2.84878 2.89926 2.94394 2.98859 3.03327 3.07096 3.01988 2.90619 2.90619 2.79240 2.72156 2.72874 2.78426 2.04835 1.88364 1.81732 1.74584 1.67482 1.68248 1.66486 1.60087 1.58221 1.70039 1.78603 1.69546
5.26912 5.18980 4.99349 4.73387 4.82446 5.00503 4.97109 4.97634 5.41034 5.44675 5.23090 4.99169 4.90074 4.73018 4.53949 4.34983 4.21241 4.15924 4.21368 4.21468 4.21468 3.87230 3.41057 3.52636 3.60451 3.57662 3.49100 3.35665 3.22221 3.09639 3.07214 3.07214 3.26243 3.21641 3.15287 3.19288 3.18903 3.17420 3.00021 3.03744 3.06383 3.03592 3.05784 3.07528 3.07528 3.07528 3.07528 3.05925 3.01487 2.82780 2.78250 2.66652 2.54914 2.53837 2.47989 1.90864 1.49365 1.47147 1.45646 1.44312 1.45647 1.55766 1.56096 1.56426 1.69894 1.96598 1.93496
5.00323 4.99392 4.89606 4.54798 4.70219 4.91108 4.87598 4.77666 4.97722 4.97908 4.68479 4.27583 4.17614 4.15605 4.15605 4.15605 4.15504 4.13844 4.16243 4.15328 4.13137 3.95396 3.16850 3.06526 3.07934 2.95152 3.07178 3.07256 3.09875 3.14013 3.18154 3.22289 3.35683 3.50946 3.40534 3.40677 3.39142 3.33130 3.16045 3.09603 3.09315 3.03716 3.03991 3.02972 2.98684 2.94161 2.88243 2.83696 2.81797 2.71870 2.65550 2.62168 2.48566 2.43359 2.26139 1.96425 1.44449 1.43790 1.44112 1.44211 1.44407 1.56838 1.57777 1.57777 1.63019 2.02403 2.00779
5.01012 5.06676 5.04742 4.82034 4.84956 4.50441 4.10793 3.97848 4.09855 4.54449 4.52701 4.14528 4.11177 4.08987 4.06798 4.04607 4.02519 4.01795 3.95004 3.82322 3.66900 3.50748 2.79187 2.76166 3.01362 3.06800 3.25258 3.32206 3.33723 3.33723 3.33723 3.33723 3.34701 3.58569 3.40677 3.40677 3.40605 3.33638 3.20259 3.03189 2.98280 2.88081 2.83936 2.86545 2.87794 2.89162 2.91918 2.94911 2.96425 2.75152 2.54351 2.48041 2.28119 2.26120 2.19172 2.06740 1.50177 1.44211 1.44227 1.44805 1.45665 1.55374 1.60951 1.61810 1.62669 2.02446 2.08186
5.32723 5.33839 5.27554 5.05946 4.67750 4.29868 3.83220 3.80461 3.79498 4.39303 4.40927 4.12096 4.01988 4.01964 3.93298 3.77842 3.62818 3.48710 3.45784 3.50224 3.50769 3.51217 3.14562 2.93689 3.08920 3.16550 3.26295 3.33723 3.33723 3.33723 3.33723 3.33723 3.33723 3.52548 3.40058 3.31313 3.21252 3.06097 2.96166 3.00867 3.02886 3.02598 3.00093 3.01468 3.00536 2.92567 2.83972 2.75387 2.68256 2.59985 2.42420 2.42128 2.32204 2.27819 2.25471 2.13207 1.71523 1.49727 1.49817 1.50098 1.50098 1.54974 1.63664 1.63664 1.63739 1.92246 2.09149
5.28474 5.25719 5.18736 5.01852 4.63704 4.29116 3.75842 3.72230 3.72230 4.18125 4.31116 3.98173 3.64684 3.51150 3.45767 3.46227 3.46247 3.46247 3.46490 3.51182 3.51273 3.51273 3.27756 2.93689 3.02090 3.15628 3.17771 3.26684 3.23492 3.15796 3.00186 2.84040 2.67867 2.64344 2.93542 2.99310 2.99310 2.96194 2.91778 3.04449 3.04332 2.94884 2.81691 2.73858 2.68172 2.67788 2.69468 2.71161 2.70622 2.66879 2.46988 2.44437 2.37918 2.28545 2.28520 2.16338 1.92024 1.51700 1.50505 1.50941 1.51378 1.52865 1.65666 1.66251 1.67904 1.89026 2.20217
5.17565 5.17565 5.15494 5.07062 4.71044 4.36192 3.91479 3.72292 3.72411 3.76615 3.79384 3.71597 3.42347 3.39669 3.36910 3.34113 3.31265 3.28962 3.28310 3.23171 3.15209 3.09096 2.96763 2.74250 2.69488 2.73543 2.61257 2.64149 2.51476 2.43031 2.42468 2.42468 2.42468 2.44350 2.84417 2.99310 2.97406 2.88145 2.73150 2.73767 2.73554 2.73831 2.71264 2.70336 2.71000 2.69716 2.67238 2.64867 2.64371 2.64335 2.48007 2.41720 2.38819 2.29595 2.29976 2.21981 2.11042 1.56232 1.53085 1.53484 1.55729 1.58208 1.74656 1.82791 1.85383 1.92051 2.33233
5.10943 5.09532 5.07894 4.92941 4.58906 4.19350 3.69534 3.24382 3.29023 3.26205 3.39635 3.40863 3.08126 3.07787 3.10423 3.13056 3.15687 3.17660 3.17726 2.94472 2.74130 2.73475 2.72714 2.46886 2.34943 2.27544 2.25295 2.38487 2.42468 2.42468 2.42468 2.42468 2.41258 2.36016 2.54703 2.74760 2.69013 2.69216 2.63371 2.67062 2.75378 2.74824 2.64540 2.62612 2.63490 2.62578 2.61273 2.59968 2.58663 2.57358 2.45604 2.35126 2.34941 2.31617 2.31220 2.28251 2.21166 1.74715 1.62561 1.64522 1.65389 1.66208 1.77880 1.94803 2.05051 2.15686 2.74394
4.97234 4.97234 4.94923 4.72224 4.47882 4.29233 3.88860 3.27902 3.38806 3.42853 3.52844 3.56422 3.30822 3.17586 3.14612 3.11149 3.10131 3.09476 3.08862 2.99687 2.72699 2.72699 2.72699 2.56068 2.35068 2.30464 2.26040 2.35985 2.43815 2.38933 2.33384 2.27940 2.24455 2.25082 2.34461 2.67837 2.68789 2.68906 2.64519 2.60321 2.70351 2.69229 2.61284 2.54744 2.54793 2.55686 2.55686 2.55686 2.55686 2.55686 2.50372 2.39850 2.40257 2.40089 2.39441 2.36159 2.29213 1.99532 1.68656 1.74211 1.84101 1.94057 2.07100 2.28274 2.28554 2.28307 2.55122
4.66352 4.61043 4.58065 4.42431 4.32607 4.56531 4.12130 3.49991 3.40125 3.38949 3.40210 3.46222 3.30369 3.06431 3.08754 3.11560 3.11924 3.11924 3.11924 3.10046 2.74554 2.75871 2.77895 2.73703 2.43735 2.38382 2.25291 2.22452 2.25966 2.26201 2.27002 2.28476 2.30587 2.32616 2.36592 2.70981 2.79590 2.81374 2.71537 2.53509 2.62960 2.65802 2.62477 2.53928 2.54264 2.56201 2.58522 2.60999 2.63204 2.62878 2.58103 2.40015 2.33459 2.29121 2.24813 2.27125 2.38052 2.34170 1.98857 2.06616 2.06623 2.06376 2.06222 2.24690 2.26854 2.26854 2.33431
4.58053 4.58053 4.58053 4.48099 4.15786 4.33673 3.94101 3.41436 3.19582 3.30335 3.35447 3.50358 3.45769 3.12008 3.13496 3.15520 3.17544 3.19565 3.21589 3.23608 2.93490 2.79556 2.73046 2.65324 2.28849 2.24004 2.19692 2.24328 2.35002 2.37480 2.39508 2.40735 2.40748 2.40748 2.40748 2.65656 2.81637 2.81637 2.78871 2.53576 2.59435 2.62846 2.58267 2.41744 2.33813 2.55950 2.57446 2.55356 2.53532 2.54239 2.55460 2.34115 2.34154 2.39856 2.42455 2.45983 2.49328 2.52404 2.06722 2.05967 2.06112 2.06071 2.05446 2.17435 2.24680 2.24161 2.25807
4.40726 4.32041 4.22504 4.07141 3.60114 3.76319 3.79024 3.64065 3.25752 3.33940 3.34564 3.40487 3.42351 3.26307 3.24488 3.24488 3.24220 3.19349 3.12172 3.01531 2.70160 2.45724 2.41096 2.36459 2.46645 2.37289 2.31877 2.31388 2.38025 2.40748 2.40748 2.40748 2.40748 2.40748 2.40748 2.54306 2.80428 2.77130 2.72582 2.43986 2.36216 2.39814 2.37719 2.28373 2.26352 2.46693 2.59668 2.60261 2.62032 2.63834 2.65640 2.47306 2.46647 2.49831 2.46670 2.45683 2.45941 2.51049 2.24743 2.08527 2.07110 2.07034 2.07492 2.13247 2.25657 2.25657 2.25724
4.03963 3.99380 3.94182 3.91803 3.48056 3.54947 3.73306 3.71860 3.38273 3.44283 3.43303 3.31631 3.38799 3.20557 3.02904 2.91769 2.80892 2.74615 2.70651 2.70155 2.59270 2.30930 2.30930 2.30930 2.46096 2.37289 2.34599 2.30576 2.35581 2.41505 2.42638 2.43554 2.41085 2.35922 2.30572 2.28586 2.62568 2.61946 2.61314 2.45292 2.33240 2.38729 2.39200 2.34595 2.29744 2.41388 2.65695 2.66908 2.66885 2.65386 2.63342 2.50095 2.38431 2.45796 2.43272 2.41638 2.42885 2.49884 2.41331 2.12988 2.07496 2.05784 2.02892 2.00896 2.14794 2.12350 2.09452
3.85712 3.86034 3.88532 3.91207 3.69570 3.61698 3.80785 3.77127 3.50986 3.34247 3.24792 2.99848 2.88173 2.80898 2.70155 2.70155 2.70474 2.72439 2.74593 2.76697 2.76983 2.44973 2.47922 2.51437 2.54479 2.45202 2.44503 2.35346 2.32746 2.34292 2.27799 2.21519 2.18629 2.18431 2.18431 2.18431 2.51629 2.61314 2.61314 2.53377 2.35659 2.41379 2.44654 2.41940 2.29615 2.29264 2.59568 2.60906 2.61228 2.63194 2.65901 2.60088 2.34491 2.46893 2.44657 2.37990 2.34676 2.36424 2.34796 2.00138 1.88793 1.87604 1.87311 1.86097 1.90299 1.85574 1.79357
3.93451 3.90934 3.87045 3.83269 3.70063 3.58804 3.77470 3.78797 3.67272 3.45841 3.32543 3.23853 3.09265 3.07830 2.94356 2.93531 2.92642 2.90486 2.88148 2.85812 2.83500 2.77479 2.73780 2.70456 2.54223 2.46843 2.36905 2.13750 2.09180 2.17585 2.18568 2.18518 2.18431 2.18431 2.18431 2.21168 2.44544 2.62219 2.62033 2.59509 2.29454 2.25963 2.25059 2.21688 2.26066 2.28908 2.55870 2.66307 2.64008 2.61452 2.58898 2.55943 2.22514 2.29821 2.31898 2.20244 2.20093 2.22965 2.26383 2.03667 1.84577 1.82658 1.81695 1.82305 1.80663 1.79205 1.77741
3.52521 3.51469 3.51469 3.51469 3.55968 3.70430 3.81248 3.83092 3.76447 3.49546 3.31200 3.24249 3.03224 2.99631 2.89841 2.87573 2.87962 2.85923 2.83104 2.80610 2.78157 2.72507 2.69303 2.70000 2.57476 2.42504 2.35163 2.22819 2.09951 2.15863 2.17181 2.16981 2.21764 2.27305 2.32543 2.32571 2.33275 2.46071 2.42750 2.39449 2.16156 2.09122 2.12343 2.10180 2.14558 2.17039 2.30231 2.50051 2.49795 2.49795 2.49795 2.49795 2.26250 2.22512 2.30429 2.19001 2.14903 2.15087 2.22308 2.12168 1.89363 1.91976 1.90251 1.84788 1.78442 1.67792 1.65037
3.59104 3.60781 3.62088 3.63392 3.65074 3.80155 3.77515 3.73448 3.72042 3.52152 3.36845 3.31527 3.12087 3.02671 2.93567 2.85036 2.82354 2.81910 2.82206 2.82227 2.82225 2.79753 2.74267 2.71833 2.61847 2.28461 2.21203 2.16526 1.98424 2.10833 2.25379 2.27145 2.24339 2.21017 2.16887 2.10621 2.04833 2.18071 2.12622 2.06388 1.98489 1.95519 2.00407 2.01533 2.04585 2.12063 2.16700 2.49754 2.49342 2.47695 2.45988 2.44399 2.28972 2.14052 2.30900 2.26966 2.27536 2.33598 2.33600 2.24301 1.91812 1.79292 1.77723 1.79267 1.80843 1.77834 1.78326
3.64911 3.66134 3.66134 3.66134 3.66134 3.77748 3.78382 3.65332 3.56283 3.42084 3.28354 3.16769 3.05232 2.94465 2.91122 2.82227 2.82053 2.78915 2.74269 2.69866 2.65688 2.61985 2.54196 2.53250 2.56878 2.28337 2.34604 2.36107 2.09930 1.94461 2.04614 1.99175 1.89954 1.83119 1.78009 1.77505 1.77505 1.92962 1.98177 1.98177 1.97507 1.95519 1.98725 2.01982 2.09619 2.31280 2.43024 2.48359 2.46923 2.46397 2.43856 2.44698 2.43429 2.46605 2.54134 2.44108 2.24162 2.11762 2.08151 2.09553 1.94761 1.83792 1.83754 1.83754 1.83758 1.81167 1.78783
