High_resolution/powerplant/Chizhou/OMI_NO2_200604.asc
ncols      200
nrows      200
xllcorner       115.585
yllcorner       28.7700
cellsize     0.0166667
NODATA_Value      -999.000
[rows 29 to 57 of 200, columns 67 to 133 of 200]
3.15612 3.15612 3.15612 3.15612 3.17007 3.17613 3.17613 3.17174 3.12372 3.21698 3.73684 3.76360 3.79620 3.79797 3.79797 3.80046 3.83547 3.92323 3.99104 3.95566 4.05456 4.17055 4.19668 4.19756 4.22394 4.25845 4.31202 4.33435 4.31656 4.28084 4.78365 4.89868 4.88797 4.88797 4.88797 4.88797 4.88331 4.87544 5.16262 5.20418 5.16858 5.20980 5.20658 5.17940 5.27722 5.60702 5.60702 5.60702 5.59491 5.13704 5.12101 5.12101 5.28627 5.38653 5.34057 5.34057 5.34057 5.35481 5.38533 5.41212 5.50261 5.65861 5.62586 5.47126 5.89592 6.64595 6.64586
3.15612 3.15612 3.15612 3.15622 3.18006 3.21870 3.24527 3.27189 3.23107 3.21416 3.68571 3.86663 3.94481 4.01309 4.07394 4.13230 4.15809 4.17100 4.22407 4.15634 4.19291 4.32379 4.35748 4.34399 4.31861 4.28595 4.25022 4.22046 4.19945 4.19928 4.57828 4.88797 4.88797 4.88797 4.88797 4.89009 4.89579 4.89155 5.06762 5.22352 5.07797 5.12678 5.17427 5.17427 5.17999 5.57508 5.60702 5.60702 5.60702 5.23707 5.12101 5.12101 5.20776 5.40504 5.37338 5.37520 5.37105 5.35275 5.31801 5.28721 5.29394 5.54584 5.46360 5.33936 5.48777 6.73752 6.77829
3.17191 3.19868 3.22546 3.24550 3.23756 3.26516 3.28423 3.30313 3.44511 3.59986 3.85936 4.13441 4.14587 4.16528 4.19694 4.23144 4.26598 4.30087 4.36568 4.29247 4.25799 4.32029 4.30435 4.25687 4.19590 4.19265 4.19265 4.19712 4.19928 4.19928 4.41842 4.89083 4.89784 4.90489 4.91193 4.91687 4.91732 4.91566 4.97508 5.27444 5.15905 5.14512 5.14883 5.14495 5.14107 5.41455 5.56201 5.55523 5.55206 5.31943 5.13451 5.14511 5.16639 5.36269 5.30477 5.30072 5.32251 5.34425 5.36602 5.38776 5.40663 5.60924 5.65843 5.43632 5.43304 6.48909 6.84850
3.20511 3.20625 3.20739 3.21517 3.23772 3.34444 3.36535 3.36535 3.45180 3.66640 3.75348 4.22376 4.26979 4.31742 4.32027 4.32027 4.32114 4.31289 4.31484 4.26148 4.19169 4.25079 4.31393 4.32473 4.29730 4.30815 4.32038 4.33869 4.36227 4.38159 4.46157 5.10468 5.11808 5.12590 5.13201 5.13807 5.14382 5.13486 5.12268 5.38482 5.37130 5.25780 5.02916 5.02949 5.02985 5.16041 5.44078 5.44220 5.43647 5.33770 5.11735 5.11152 5.10569 5.26037 5.36230 5.42556 5.42556 5.42556 5.42556 5.43427 5.46202 5.56578 5.68069 5.46194 5.42031 6.01576 6.84331
3.26164 3.27104 3.28042 3.28979 3.31597 3.44499 3.56591 3.63060 3.70624 3.94340 3.93381 4.28889 4.40784 4.43293 4.40889 4.38104 4.35231 4.33266 4.34606 4.38241 4.38291 4.42404 4.52342 4.54545 4.53883 4.55206 4.57661 4.59791 4.62146 4.63909 4.65659 5.03777 5.09140 5.08961 5.08961 5.08519 5.05581 5.03464 5.09847 5.25542 5.40827 5.23737 5.00228 4.96426 4.95995 4.99945 5.38989 5.39443 5.39440 5.37180 5.09699 5.09578 5.09578 5.19617 5.33176 5.44079 5.46926 5.49768 5.52612 5.54587 5.54654 5.55688 5.67522 5.53722 5.42031 5.56303 6.83072
3.45640 3.51181 3.56719 3.62259 3.66114 3.69289 3.78429 3.78429 3.78428 3.96869 3.98928 4.15401 4.33866 4.39135 4.43882 4.45633 4.47386 4.49135 4.50794 4.57418 4.60292 4.61423 4.72069 4.72987 4.71011 4.68734 4.68734 4.68734 4.69241 4.69367 4.67283 4.88469 5.00178 4.96566 4.92462 4.87844 4.83786 4.80415 4.98246 5.04775 5.33993 5.23764 5.05826 4.97153 4.97153 4.97153 5.28572 5.39440 5.39440 5.39440 5.14401 5.11826 5.14667 5.21541 5.41852 5.53707 5.54654 5.54654 5.54654 5.54654 5.54654 5.54654 5.64468 5.61312 5.42031 5.42177 6.50664
3.66092 3.66037 3.65982 3.65927 3.65873 3.66051 3.77227 3.77888 3.77834 3.90981 3.98451 4.00918 4.29620 4.42768 4.54262 4.50343 4.44948 4.39554 4.34340 4.51336 4.62227 4.62192 4.69416 4.72987 4.71208 4.64552 4.61025 4.56946 4.53141 4.49413 4.46819 4.58576 4.79152 4.75709 4.73357 4.76105 4.81584 4.87115 5.05369 5.12490 5.31963 5.30316 5.11191 4.97153 4.97153 4.97153 5.16305 5.42408 5.45255 5.48094 5.32515 5.21677 5.21677 5.21765 5.41037 5.50729 5.54654 5.54654 5.54654 5.54654 5.54654 5.54654 5.60391 5.67809 5.50494 5.56591 6.38677
3.65637 3.65637 3.65637 3.65637 3.65637 3.65637 3.73810 3.77817 3.77817 3.83812 4.00107 3.93563 4.11844 4.22121 4.34340 4.32864 4.32864 4.32864 4.32793 4.40215 4.57467 4.53909 4.52571 4.51011 4.47115 4.45350 4.46083 4.47712 4.47768 4.33723 4.31404 4.40710 4.79779 4.85316 4.90251 4.91045 4.91045 4.91045 4.99425 5.12549 5.22908 5.35503 5.17461 5.00842 5.03687 5.06533 5.15056 5.51541 5.51539 5.51539 5.40072 5.21677 5.21677 5.21677 5.35109 5.47686 5.54654 5.54654 5.54654 5.54751 5.59744 5.67483 5.75647 5.83397 5.62270 5.51537 5.65506
3.65637 3.65637 3.65637 3.65637 3.65637 3.65637 3.70055 3.72970 3.66677 3.60603 3.77354 3.73234 3.87367 4.08800 4.27950 4.24745 4.21269 4.17791 4.14382 4.13406 4.40149 4.42319 4.44300 4.48601 4.50273 4.51979 4.52416 4.54253 4.59690 4.46978 4.49436 4.51584 4.87717 4.91045 4.91045 4.91045 4.91045 4.91045 4.93069 5.11396 5.12040 5.35684 5.33523 5.09785 5.09252 5.09252 5.09252 5.44951 5.51539 5.51539 5.46920 5.21677 5.21677 5.21677 5.29101 5.44643 5.57323 5.63048 5.60306 5.54217 5.43176 5.29425 5.16937 5.24541 5.30279 5.35908 5.37444
3.48571 3.47254 3.45710 3.40083 3.32952 3.25888 3.20281 3.28386 3.26724 3.24361 3.31966 3.25730 3.23295 3.55753 3.73441 3.76442 3.75569 3.75790 3.76106 3.76419 3.94018 4.02214 4.00969 4.10638 4.57689 4.63307 4.68962 4.72663 4.72758 4.60919 4.51481 4.51481 4.78574 4.91043 4.90608 4.89830 4.89053 4.88275 4.87835 5.05592 5.08584 5.28292 5.34713 5.14291 5.09050 5.08880 5.08711 5.31545 5.50657 5.50487 5.49389 5.18509 5.13962 5.09129 5.02913 5.20552 5.21373 5.10302 5.06352 5.05703 5.05055 5.04407 5.03758 5.09644 5.16206 5.24139 5.26551
3.10376 3.05858 3.01787 3.02725 3.05246 3.07767 3.10200 3.05524 3.03287 3.03287 3.07257 3.06570 3.06845 3.36203 3.61187 3.71689 3.72824 3.72906 3.72906 3.72971 3.84900 4.06636 4.11466 4.17853 4.70317 4.72345 4.72440 4.72358 4.72276 4.66749 4.50298 4.49438 4.66425 4.87284 4.86859 4.86777 4.86695 4.86774 4.87779 5.00632 5.11591 5.21865 5.39621 5.24002 5.13316 5.11928 5.10311 5.18818 5.41752 5.34689 5.29548 4.87109 4.64815 4.62153 4.62758 4.85830 4.97963 5.01668 5.01703 5.01703 5.01703 5.01703 5.00715 5.00740 5.08855 5.13536 5.13778
3.08989 3.10829 3.12239 3.12424 3.12317 3.11611 3.10806 3.03187 2.92309 2.85798 2.80489 2.97463 3.06829 3.20570 3.51864 3.65211 3.66214 3.70296 3.74443 3.78525 3.80800 4.11419 4.14895 4.15512 4.58018 4.70542 4.69479 4.68092 4.66672 4.64886 4.44465 4.42455 4.53171 4.97479 4.98721 4.99954 5.01191 5.02268 5.02583 5.09196 5.18502 5.15893 5.38574 5.23656 5.02399 5.06019 5.11967 5.17857 5.18395 5.19554 5.20086 4.94123 4.64625 4.64625 4.64625 4.79120 4.96096 5.01670 5.00102 4.97693 4.95284 4.92875 4.91456 4.91465 5.02611 5.08613 5.13420
2.97160 3.00480 2.99262 2.93840 2.87437 2.81640 2.75929 2.70255 2.63143 2.63143 2.63143 2.78676 2.98906 3.00570 3.48028 3.73590 3.76182 3.75685 3.75126 3.74564 3.74005 3.97022 4.08947 4.07754 4.37610 4.60144 4.60085 4.60167 4.60167 4.60167 4.46277 4.38889 4.40299 5.01360 5.06263 5.08836 5.11376 5.13732 5.15063 5.12721 5.01224 5.05554 5.34419 5.40700 5.24745 5.26838 5.26838 5.26838 5.22506 5.20164 5.20164 5.06785 4.64625 4.64409 4.62401 4.66520 4.86862 4.92246 4.91445 4.91445 4.91445 4.91445 4.91445 4.91445 4.98620 5.05906 5.13420
2.75289 2.78655 2.72975 2.71194 2.70500 2.69805 2.69109 2.68303 2.59243 2.57887 2.57191 2.62981 2.90079 2.91101 3.31601 3.68570 3.71450 3.71834 3.75059 3.78858 3.82657 3.92303 4.05349 4.05349 4.25364 4.59963 4.60028 4.60676 4.63071 4.65630 4.60529 4.49048 4.51369 4.99780 5.12948 5.10300 5.07680 5.08806 5.21848 5.37192 5.45954 5.50708 5.53098 5.54833 5.28502 5.26838 5.26838 5.26838 5.24490 5.19608 5.17316 5.12942 4.58206 4.54766 4.54367 4.54775 4.81059 4.89911 4.91445 4.91445 4.91445 4.91445 4.91445 4.91445 4.94608 5.04265 5.14196
2.51917 2.64771 2.64464 2.64464 2.64464 2.64464 2.64464 2.64464 2.58508 2.55327 2.55327 2.58461 2.82439 2.91530 3.15425 3.70975 3.82657 3.86071 3.86645 3.86645 3.86645 3.88122 4.04858 4.03874 4.14397 4.66269 4.67612 4.73214 4.72707 4.66859 4.58544 4.44571 4.42165 4.74363 5.16785 5.32192 5.47571 5.59414 5.60195 5.60195 5.56268 5.50649 5.51687 5.55271 5.34221 5.25771 5.23369 5.20958 5.18086 5.10126 5.09906 5.09906 4.66298 4.54367 4.54367 4.54367 4.73502 4.87677 4.91445 4.91445 4.91445 4.91445 4.92139 5.01110 5.12666 5.36207 5.53956
2.46445 2.64464 2.64464 2.64464 2.64464 2.64464 2.64464 2.64464 2.61140 2.55747 2.59415 2.64333 2.87273 3.07800 3.10457 3.71006 3.86307 3.84748 3.83080 3.81412 3.79744 3.78084 3.91901 3.94908 3.94193 4.52843 4.47979 4.46740 4.41874 4.40575 4.48720 4.63746 4.79039 5.11834 5.60195 5.60195 5.60195 5.60195 5.60195 5.60195 5.58964 5.50038 5.49407 5.51704 5.33254 5.16584 5.16580 5.16580 5.16580 5.11523 5.09906 5.09906 4.78962 4.54367 4.54367 4.54367 4.65531 4.85443 4.91536 4.99182 5.12575 5.24858 5.35988 5.38850 5.39296 5.47171 5.57262
2.44281 2.62282 2.64564 2.64590 2.64615 2.65060 2.68746 2.73113 2.76712 2.72360 2.72921 2.72498 2.79012 3.01931 3.00488 3.40787 3.76719 3.76632 3.76654 3.75075 3.69253 3.63209 3.67437 3.69847 3.67171 4.18038 4.37117 4.55608 4.74478 4.89873 4.97130 4.96924 4.96669 5.00786 5.59719 5.60195 5.60171 5.59454 5.58412 5.57371 5.56334 5.47847 5.46571 5.48797 5.40256 5.16580 5.16580 5.16580 5.16580 5.13508 5.09939 5.10399 4.92675 4.55956 4.56290 4.61326 4.76912 5.24031 5.46187 5.52932 5.53783 5.56204 5.59850 5.63515 5.67174 5.74789 5.88018
2.45138 2.59062 2.69453 2.73777 2.78021 2.81977 2.83789 2.85150 2.86513 2.74436 2.69994 2.69756 2.70867 2.90967 2.96888 3.10277 3.63804 3.59430 3.53367 3.48915 3.48689 3.48689 3.55078 3.79146 3.92682 4.44373 4.89204 4.91707 4.97130 4.96895 4.96244 4.95518 4.94410 4.92942 5.43673 5.53069 5.51393 5.50411 5.49755 5.49099 5.48437 5.42433 5.37394 5.36983 5.37384 5.24743 5.24181 5.23802 5.23231 5.21534 5.15258 5.15711 5.20503 5.09518 5.19388 5.23136 5.20106 5.52701 5.78107 5.86365 5.87613 5.88403 5.88415 5.88415 5.88415 5.88262 6.04400
2.57814 2.72188 2.85431 2.86809 2.88269 2.89596 2.89827 2.89827 2.89827 2.79787 2.64192 2.51747 2.39762 2.47339 2.63403 2.63036 3.34519 3.44273 3.43664 3.50463 3.63310 3.76156 3.90224 4.06473 4.07673 4.29629 4.78042 4.77573 4.83560 4.82687 4.83006 4.83637 4.83924 4.85291 5.17459 5.36457 5.35534 5.34605 5.33681 5.32756 5.31829 5.28258 5.20452 5.20720 5.23619 5.19401 5.16416 5.14498 5.20084 5.27328 5.26238 5.30043 5.27532 5.09795 5.06226 5.06226 5.06226 5.29935 5.69180 5.88415 5.88369 5.87488 5.86302 5.85114 5.83926 5.83364 6.03662
2.74039 2.78666 2.82701 2.81991 2.81280 2.79184 2.68233 2.55752 2.43258 2.26501 2.03765 2.03704 2.03734 2.12161 2.52348 2.52366 3.13970 3.67715 3.82413 3.89933 3.91399 3.92855 3.94544 4.09107 4.15015 4.24456 4.87905 4.89719 4.95654 4.99081 4.99383 4.99383 4.99132 4.98922 5.10187 5.30148 5.29960 5.29478 5.28994 5.28508 5.27647 5.25829 5.16215 5.10473 5.08584 5.18840 5.22401 5.31329 5.32943 5.32943 5.27330 5.23058 5.23058 5.12252 5.06226 5.06226 5.06056 5.16753 5.56463 5.84811 5.83672 5.83364 5.83364 5.83364 5.83364 5.83364 5.94364
2.79914 2.77122 2.59452 2.47507 2.35718 2.25328 2.23705 2.23467 2.23222 2.22813 2.04342 2.02415 2.02170 2.03458 2.42541 2.50096 2.93373 4.04474 4.04671 4.04671 4.04690 4.04788 4.04894 4.13461 4.18929 4.19611 4.83281 4.92135 4.95395 4.99383 4.99319 4.98892 4.98296 4.97185 5.00036 5.26095 5.24880 5.23180 5.21424 5.19668 5.19578 5.22095 5.19350 5.16355 5.08304 5.39074 5.33026 5.32943 5.32943 5.32943 5.30277 5.23058 5.22688 5.14583 5.03507 5.02321 5.01302 5.02573 5.43462 5.81828 5.83364 5.83364 5.83364 5.83364 5.83364 5.83364 5.85550
2.29167 2.28358 2.23291 2.21697 2.21451 2.21206 2.21031 2.21024 2.21024 2.21024 2.08250 2.00952 2.00952 2.01877 2.27702 2.49615 2.52674 3.95263 4.04894 4.05000 4.05087 4.05095 4.05095 4.10732 4.18171 4.18769 4.66414 4.92424 4.94078 4.94937 4.93841 4.93297 4.94311 4.90221 4.88361 5.15239 5.18183 5.21042 5.24253 5.27459 5.29378 5.29395 5.25785 5.20779 5.05644 5.31389 5.34660 5.32943 5.32299 5.31110 5.29683 5.19371 5.18032 5.14926 5.01174 5.01174 5.01174 5.01174 5.31835 5.72594 5.83364 5.83364 5.83364 5.83364 5.83364 5.83093 5.81645
2.21505 2.25847 2.23750 2.21024 2.21024 2.21024 2.21024 2.21024 2.21024 2.21024 2.14027 2.00952 2.00975 2.01402 2.13802 2.49990 2.50089 3.53705 4.05095 4.05122 4.05872 4.06905 4.07941 4.12421 4.21918 4.24887 4.57167 4.99517 5.01551 4.97873 4.99326 5.01154 5.01578 4.94195 4.91983 5.15918 5.29101 5.29395 5.29395 5.29395 5.29395 5.29395 5.28123 5.21021 5.08026 5.15667 5.31852 5.28434 5.27892 5.27892 5.27892 5.21233 5.18006 5.17838 5.02132 5.01174 5.01174 5.01174 5.19887 5.62290 5.83364 5.83258 5.83322 5.90604 6.02223 6.15425 6.29729
2.21560 2.23984 2.25128 2.21024 2.21024 2.21024 2.21024 2.21024 2.21066 2.21413 2.20371 2.02424 2.02579 2.03205 2.07205 2.50975 2.56623 3.12995 4.13390 4.14656 4.15206 4.15467 4.16281 4.19524 4.31041 4.36087 4.55807 5.04416 5.07771 5.05069 5.06045 5.09256 5.12366 5.08124 4.98168 5.11636 5.29395 5.29395 5.29395 5.29261 5.27459 5.25153 5.22842 5.13346 5.04480 4.98652 5.29729 5.27885 5.27892 5.27892 5.27892 5.24180 5.18006 5.18006 5.05828 5.01174 5.01614 5.05217 5.16183 5.81927 6.25729 6.36531 6.46595 6.49455 6.47949 6.44554 6.41004
2.31621 2.30736 2.35372 2.30214 2.30535 2.30944 2.31394 2.32437 2.33649 2.34468 2.35193 2.20301 2.16385 2.16747 2.20126 2.50932 2.68840 2.83459 4.14233 4.24972 4.26740 4.28507 4.29722 4.29764 4.38933 4.43490 4.53956 5.05784 5.17715 5.17171 5.13274 5.13274 5.13274 5.12365 4.98473 5.04170 5.27801 5.26266 5.24728 5.23324 5.23588 5.24355 5.25119 5.20968 5.15565 5.02812 5.22431 5.25357 5.30052 5.35187 5.40473 5.47884 5.48312 5.57721 5.33027 4.96086 5.00201 5.01651 5.05544 5.75466 6.12025 6.12065 6.11296 6.10527 6.09804 6.09642 6.09642
2.38545 2.33354 2.38822 2.35402 2.35606 2.36340 2.37035 2.37142 2.37030 2.37006 2.37006 2.27149 2.16674 2.17986 2.22275 2.42662 2.76667 2.82693 3.91755 4.34572 4.36051 4.37648 4.41194 4.45492 4.52959 4.58937 4.62188 5.13042 5.29887 5.29948 5.25137 5.25489 5.24140 5.22601 5.12932 5.14990 5.48992 5.55841 5.61420 5.66962 5.72533 5.78096 5.83645 5.86638 5.86420 5.79756 5.92599 6.02995 6.05982 6.07613 6.07314 6.04823 6.19105 6.30649 6.00897 5.12484 5.15128 5.17283 5.17491 5.63970 6.04826 6.09642 6.09642 6.09771 6.11015 6.12515 6.14013
2.50053 2.39511 2.42708 2.45622 2.47444 2.49128 2.50833 2.52526 2.54613 2.58481 2.62557 2.62639 2.50376 2.53131 2.55254 2.64063 3.07026 3.08683 3.73522 4.60424 4.63232 4.65937 4.69696 4.75705 4.80488 4.85878 4.94763 5.41096 5.76256 5.81833 5.81123 5.85101 5.91805 5.98647 5.95873 5.87414 6.03090 6.08719 6.08719 6.09743 6.13322 6.17023 6.20722 6.24257 6.22314 6.12421 6.04411 6.11002 6.05902 6.04938 6.05749 6.05806 6.23115 6.41575 6.35271 5.19042 5.17491 5.17491 5.17491 5.42872 6.02668 6.12900 6.14400 6.15769 6.16026 6.16026 6.16026
2.65635 2.48458 2.49230 2.60248 2.68818 2.71199 2.73578 2.75958 2.77947 2.78162 2.78314 2.79665 2.63136 2.62918 2.64664 2.70978 3.05514 3.20759 3.75225 5.14092 5.30241 5.36249 5.39247 5.39776 5.40819 5.40654 5.34750 5.63745 6.02817 6.08812 6.05192 6.02520 6.02520 6.02793 6.03682 5.94388 6.08941 6.23775 6.28130 6.30226 6.26529 6.22537 6.18474 6.10385 5.98148 5.90113 5.83069 5.96382 6.06156 6.05806 6.05806 6.05806 6.12538 6.41575 6.41575 5.41677 5.19635 5.21133 5.22633 5.28571 6.02190 6.16026 6.16026 6.16026 6.16026 6.16026 6.16026
2.70960 2.56681 2.61196 2.73116 2.86983 2.88731 2.90475 2.92221 2.93968 2.95714 2.97310 2.97608 2.85007 2.77272 2.77272 2.80289 3.00910 3.28128 3.65565 4.98457 5.41526 5.43299 5.45085 5.46341 5.46251 5.43770 5.36944 5.52156 5.98478 6.14508 6.16982 6.16790 6.21149 6.25232 6.26397 6.10310 6.08968 6.19847 6.15202 6.09690 6.03466 5.97305 5.91227 5.89008 5.86910 5.84334 5.82508 5.84321 6.06967 6.05806 6.05832 6.06835 6.08435 6.41667 6.47102 5.75688 5.23874 5.23874 5.23874 5.23874 5.83228 6.14415 6.16026 6.16026 6.16026 6.16026 6.16026
