High_resolution/powerplant/Chizhou/OMI_NO2_2009_06-08.asc
ncols      200
nrows      200
xllcorner       115.585
yllcorner       28.7700
cellsize     0.0166667
NODATA_Value      -999.000
[rows 58 to 86 of 165, columns 0 to 65 of 200]
2.13320 2.14377 2.07402 2.10922 2.13986 2.18078 2.34944 2.24796 2.47173 2.71527 2.92692 2.99498 2.97950 2.97780 2.90141 2.76266 2.61670 2.59136 2.69027 2.78890 2.85679 2.85861 2.85861 2.85861 2.85861 2.81247 2.77198 2.74149 2.97219 3.04203 3.08893 3.18085 3.23275 3.31353 3.36668 3.77184 3.83400 3.84275 3.85253 3.86231 3.87209 3.87717 4.13543 4.33311 4.23230 4.14325 3.93760 3.71599 4.48936 5.12283 5.27103 5.40664 5.48991 5.52796 5.63596 5.57102 5.53432 5.58731 6.22183 6.95185 6.95185 7.05935 6.95048 6.88350 6.72931 6.85799
2.65974 2.72085 2.74141 2.73212 2.70376 2.68690 2.46531 2.31160 2.30869 2.29678 2.30396 2.28121 2.28934 2.28934 2.41395 2.51795 2.49404 2.76107 3.08154 3.19185 3.36695 3.41843 3.54771 3.51248 3.70195 3.76387 3.70594 3.74580 3.81154 3.90444 4.19727 4.27629 4.23936 4.22149 4.19537 4.22316 4.20365 4.20365 4.20365 4.20365 4.11997 4.09216 5.01325 5.51026 6.08700 6.05482 5.81591 5.60441 5.23213 5.04723 5.31347 5.06586 5.06164 5.06067 5.04909 5.03405 5.01519 4.95276 4.86823 4.84095 4.82012 4.78606 4.01264 3.72700 3.62172 3.66836
2.69675 2.66408 2.67191 2.66790 2.65744 2.65716 2.54306 2.27328 2.27328 2.26624 2.27433 2.27247 2.26975 2.24323 2.24992 2.38475 2.37145 2.52056 3.12187 3.24980 3.39210 3.36306 3.58406 3.58885 3.76878 3.96097 3.94306 3.94625 3.90110 3.87417 4.04212 4.17399 4.17256 4.21574 4.19755 4.22316 4.20365 4.20365 4.20365 4.20365 4.20079 3.99102 4.69921 5.40679 5.79636 5.79871 5.38994 5.39578 5.14002 5.14011 5.20631 4.98926 4.97303 4.91227 4.88524 4.89424 4.85504 4.70745 4.44055 4.06754 4.00514 4.28465 3.87989 3.63401 3.68906 3.84280
2.64815 2.65932 2.66827 2.66765 2.65981 2.65970 2.62245 2.35333 2.32347 2.27895 2.23501 2.19959 2.19014 2.19193 2.20167 2.36895 2.39624 2.41150 3.15720 3.37019 3.44953 3.40791 3.81908 3.78180 3.77657 3.92925 3.88493 3.88367 3.87248 3.88367 3.98256 4.21574 4.21271 4.25749 4.24104 4.26854 4.25257 4.28874 4.34959 4.42245 4.48541 4.33208 4.83261 5.56207 5.74950 5.80808 5.33173 5.22064 5.14377 5.16443 5.23577 5.12119 5.08117 4.94034 4.75404 4.53564 4.37515 4.35977 4.31508 4.05498 4.12781 4.24577 4.07076 3.48027 3.48958 3.64821
2.63256 2.64153 2.62359 2.55520 2.47500 2.39733 2.31754 2.21821 2.19115 2.18160 2.19480 2.20071 2.20805 2.21573 2.22402 2.34531 2.37786 2.33153 2.80127 3.22262 3.29147 3.15435 3.59150 3.67879 3.67840 3.88875 3.87919 3.89380 3.90409 3.93993 3.98739 4.17646 4.22451 4.33064 4.34791 4.44354 4.49745 4.52083 4.52038 4.50261 4.49325 4.35930 4.35159 5.18878 5.44503 5.72602 5.46424 5.25079 5.20950 5.10357 4.83853 4.61071 4.45768 4.44121 4.44121 4.44121 4.44121 4.44121 4.44085 4.16985 4.18521 4.15450 4.30829 3.46167 3.38931 3.44918
2.49243 2.38482 2.31729 2.27121 2.23755 2.20860 2.20048 2.18918 2.19299 2.19768 2.21031 2.21858 2.19652 2.15418 2.11150 2.16294 2.31269 2.35003 2.55939 3.10499 3.23841 3.10238 3.45971 3.74588 3.75120 3.92826 4.01884 4.02583 4.02682 4.03298 4.04460 4.35443 4.50013 4.61213 4.57006 4.55683 4.54756 4.51573 4.44686 4.40152 4.36970 4.34829 4.40475 5.11476 5.38506 5.49946 5.16526 4.66327 4.66929 4.58941 4.51995 4.51995 4.51995 4.51995 4.51995 4.51995 4.51995 4.51995 4.51995 4.33090 4.23017 4.08193 4.27690 3.47286 3.14085 3.21327
2.40345 2.21127 2.20488 2.20744 2.21121 2.21986 2.22853 2.22633 2.21416 2.17106 2.12449 2.08500 2.10387 2.14574 2.18887 2.26390 2.45953 2.49493 2.51378 3.17270 3.37255 3.24546 3.40103 3.80494 3.80264 3.88281 4.01770 4.02571 4.03400 4.04029 4.05005 4.18206 4.32845 4.38949 4.29499 4.26564 4.24285 4.24456 4.27706 4.26743 4.24565 4.15779 4.10914 4.48701 4.97984 5.03288 4.88780 4.56463 4.65116 4.58941 4.51995 4.51995 4.51995 4.51995 4.51995 4.51995 4.51090 4.45899 4.46210 4.29580 3.97879 3.80789 3.89773 3.47976 3.06020 3.14607
2.42698 2.24142 2.21100 2.21839 2.21802 2.18337 2.14515 2.11470 2.10247 2.16038 2.21549 2.26888 2.29511 2.32182 2.36640 2.41869 2.56812 2.59611 2.55753 2.92048 3.36344 3.19826 3.29313 3.70763 3.78654 3.81783 4.01415 4.01988 4.01264 4.02856 3.85105 3.86224 4.25798 4.32558 4.27620 4.25355 4.22966 4.15867 4.03231 3.93995 3.85420 3.82270 3.91560 4.04455 4.89082 4.90463 4.77538 4.56343 4.57191 4.57191 4.57191 4.57191 4.56539 4.51669 4.46046 4.38322 4.28038 4.21904 4.28823 4.22365 3.89113 3.78138 3.89578 3.74279 2.95515 2.92466
2.30807 2.30212 2.15815 2.12964 2.14191 2.19862 2.25514 2.31846 2.35558 2.40969 2.42869 2.45743 2.48614 2.50671 2.50392 2.51729 2.56394 2.59814 2.56727 2.76002 3.40275 3.31775 3.43378 3.62942 3.81135 3.81528 3.99275 4.06248 4.08366 4.11703 3.99648 3.86733 4.17378 4.23512 4.05576 3.98097 3.90814 3.87391 3.88103 3.88750 3.89339 3.89878 3.99661 3.92981 4.71631 4.89533 4.80756 4.65528 4.56735 4.52117 4.46276 4.36511 4.25946 4.19598 4.14004 4.10511 4.10596 4.13136 4.30437 4.34947 4.16651 3.97453 3.99082 3.88292 3.24916 2.42862
2.16062 2.38842 2.30181 2.38618 2.43763 2.46518 2.49224 2.52557 2.51584 2.51166 2.49925 2.49925 2.49925 2.51500 2.50338 2.53518 2.59943 2.68783 2.65082 2.72930 3.36372 3.36425 3.43111 3.50596 3.83104 3.84207 3.95033 4.05517 4.02055 3.97730 3.84561 3.69695 3.85465 4.04986 3.97301 3.97770 3.98040 3.98044 3.98044 3.98044 3.90218 3.90218 4.00386 3.82902 4.46582 4.85637 4.73236 4.57855 4.23891 4.17290 4.11915 4.10806 4.13758 4.17680 4.22225 4.27013 4.28734 4.22161 4.29017 4.22398 3.97562 3.71279 3.94152 3.90729 1.77042 1.85783
2.22022 2.60055 2.53483 2.50679 2.50679 2.50679 2.50679 2.51718 2.49353 2.46233 2.43809 2.43776 2.44953 2.48444 2.50917 2.56264 2.61533 2.68765 2.65832 2.70466 3.05402 3.37221 3.34766 3.51180 3.72769 3.70166 3.65839 3.78181 3.71484 3.65957 3.61512 3.58326 3.65896 3.98229 3.90218 3.90218 3.90218 3.90218 3.90218 3.90199 3.93538 3.80051 3.68790 3.45500 3.71310 4.25621 4.22621 4.25227 4.31510 4.37744 4.44857 4.52017 4.46448 4.32351 4.19843 4.07621 3.94001 3.99654 4.87384 5.06778 1.49521 1.45686 1.45686 1.66808 1.55405 1.60599
2.21683 2.42525 2.57543 2.46802 2.45084 2.44531 2.45156 2.48172 2.48346 2.48228 2.46368 2.48234 2.49089 2.50886 2.52184 2.50430 2.56137 2.60278 2.57414 2.60922 2.68125 3.22518 3.19884 3.27235 3.44343 3.43814 3.41641 3.62058 3.64274 3.67971 3.61361 3.59722 3.52876 4.03499 3.90173 3.81946 3.73788 3.64995 3.56162 3.47606 3.45672 3.44048 3.44365 3.39577 3.56729 4.36133 4.70559 4.64104 4.50037 4.35682 4.18659 4.00741 3.87726 3.93131 4.53131 1.52560 1.52340 1.52340 1.52552 1.52340 1.52299 1.54427 1.52418 1.69539 1.62535 1.60941
2.22818 2.23085 2.59007 2.45714 2.48100 2.55630 2.59785 2.65983 2.67214 2.62814 2.53065 2.51075 2.46660 2.44110 2.40241 2.36427 2.48233 2.56286 2.63487 2.65286 2.60986 2.86307 3.01730 3.07196 3.30041 3.37306 3.35082 3.47145 3.53611 3.56687 3.55954 3.61246 3.50072 3.57782 3.56059 3.55643 3.55684 3.57732 3.59961 3.61867 3.68021 3.67019 3.59816 3.55986 3.50811 3.93743 4.33345 3.87423 3.73371 3.52659 2.99080 1.60399 1.60180 1.60180 1.60180 1.60180 1.60180 1.60180 1.59670 1.60180 1.60180 1.66247 1.52418 1.64503 1.53560 1.46956
2.29403 2.27406 2.73897 2.64572 2.66642 2.69955 2.69928 2.69250 2.62519 2.55607 2.37476 2.35676 2.37024 2.42042 2.45551 2.49022 2.59731 2.58063 2.67131 2.61842 2.55931 2.61252 2.91217 2.82992 3.09146 3.25128 3.26406 3.33514 3.49082 3.54657 3.54487 3.62613 3.50561 3.55873 3.61836 3.63595 3.64870 3.64177 3.63051 3.60884 3.59981 3.53476 3.43975 3.42194 3.36787 3.49565 3.22842 2.92368 2.43176 1.60180 1.60180 1.60180 1.60180 1.60180 1.60180 1.60180 1.67273 1.67273 1.64318 1.63196 1.56626 1.57599 1.31189 1.29032 1.22078 1.34582
2.42232 2.37903 2.66017 2.70057 2.56672 2.54853 2.49533 2.51555 2.52597 2.56134 2.46847 2.48505 2.52083 2.58584 2.59132 2.58867 2.64040 2.59693 2.57019 2.49119 2.47647 2.45306 2.80856 2.81758 3.02577 3.23586 3.30184 3.31174 3.57020 3.62437 3.62973 3.66202 3.55670 3.55606 3.61761 3.58800 3.54083 3.50171 3.47377 3.45852 3.52275 3.53176 3.50920 3.53014 3.46031 3.49707 3.25681 3.01901 2.50259 1.56012 1.54040 1.54040 1.54040 1.54040 1.54040 1.52523 1.46255 1.39661 1.29030 1.18777 1.07216 1.11552 0.830460 0.864005 0.846767 1.05624
2.53700 2.50488 2.61558 2.64536 2.51478 2.58689 2.61449 2.68490 2.66827 2.68940 2.63279 2.56188 2.53101 2.55097 2.51912 2.50198 2.51058 2.57016 2.52897 2.47734 2.46928 2.49275 2.73544 2.88356 3.02154 3.17041 3.24867 3.27682 3.52871 3.63977 3.59469 3.57714 3.47826 3.42353 3.48947 3.48848 3.51786 3.55836 3.59027 3.61983 3.64710 3.60249 3.53196 3.51734 3.47837 3.40497 3.30389 3.08079 2.56903 2.34120 1.64238 1.63029 1.56948 1.49794 1.37731 1.26094 1.16700 1.09898 1.05085 1.07238 1.01594 1.07568 0.884680 0.908130 1.66428 1.85443
2.64661 2.62839 2.69951 2.80179 2.62464 2.67277 2.68480 2.68004 2.62754 2.61074 2.55993 2.46054 2.44231 2.49258 2.47462 2.47762 2.49940 2.61377 2.59097 2.61365 2.69880 2.68649 2.72355 2.88114 2.96139 3.18372 3.28772 3.26510 3.34793 3.50178 3.44883 3.45938 3.44230 3.43975 3.55060 3.61427 3.62959 3.58574 3.58629 3.58673 3.61338 3.56739 3.50285 3.48025 3.48384 3.42156 3.36049 3.09479 2.71471 2.23901 1.35440 1.23448 1.16327 1.10284 1.09143 1.09143 1.06385 1.06385 1.05445 1.08111 1.03465 1.86472 1.83256 1.76711 1.82543 1.99046
2.77743 2.78489 2.82155 2.86809 2.64976 2.60395 2.61451 2.61451 2.57962 2.57962 2.57570 2.44897 2.43406 2.52066 2.55568 2.62221 2.69210 2.79406 2.71994 2.71560 2.77004 2.72582 2.71100 2.89953 2.97534 3.04583 3.12290 3.17295 3.21952 3.49626 3.49312 3.52033 3.50418 3.51558 3.56754 3.63086 3.63086 3.58676 3.63747 3.62768 3.61338 3.56882 3.51531 3.48986 3.45116 3.33086 3.10631 2.69710 2.42379 1.89554 1.10143 1.09997 1.09997 1.09997 1.10257 1.11523 1.10183 1.84595 1.87030 1.90175 1.96150 1.95844 2.01020 1.93532 1.96351 2.00176
2.93436 2.93083 2.85088 2.87236 2.69559 2.59101 2.59872 2.59580 2.57377 2.61308 2.65383 2.62805 2.65575 2.70565 2.77167 2.77160 2.77750 2.83398 2.78545 2.74665 2.79709 2.76333 2.72317 2.79662 2.89850 2.91368 3.02824 3.17295 3.20073 3.44145 3.45415 3.46116 3.43279 3.45164 3.48344 3.56512 3.56512 3.51178 3.53698 3.47540 3.43595 3.32741 3.17730 3.11718 3.06234 3.02743 2.84013 2.67373 2.42479 1.96708 1.04067 1.03221 1.04779 1.82706 1.85815 1.89440 1.94848 1.98631 2.02538 2.02379 2.04565 1.99078 2.02486 1.93995 1.93763 1.96796
2.96066 2.96066 2.86181 2.90764 2.76528 2.65316 2.69936 2.75428 2.79254 2.82896 2.86385 2.83412 2.78048 2.75230 2.80829 2.79816 2.80125 2.86309 2.81096 2.68336 2.69874 2.65145 2.64030 2.77735 3.02848 2.99692 3.06904 3.22010 3.22175 3.39864 3.49183 3.49061 3.47934 3.47198 3.47259 3.48746 3.42586 3.28442 3.22450 3.11648 3.03295 3.02078 2.97049 2.95796 2.94114 2.93317 2.80614 2.81309 2.49693 2.19687 1.91578 1.89714 1.93946 1.99026 2.01268 2.01273 2.01765 2.01273 2.01228 1.99144 2.02832 1.97634 2.00692 1.93689 1.89481 1.92236
2.99717 2.98220 2.87198 2.85676 2.78478 2.82177 2.86349 2.88620 2.88681 2.88704 2.89197 2.88708 2.80377 2.77508 2.82106 2.79029 2.77184 2.80175 2.74220 2.65344 2.66804 2.62910 2.60699 2.65925 2.98410 2.90769 2.93704 3.12342 3.15686 3.24385 3.41833 3.40778 3.37555 3.28457 3.20465 3.09315 3.01413 2.97687 2.97172 2.95278 2.95156 2.93709 2.92821 2.92247 2.91032 2.87623 2.75986 2.75744 2.55818 2.50993 2.12243 2.01273 2.01273 2.01273 2.01273 2.01273 2.01765 2.01273 2.01228 1.99144 2.02832 1.97634 2.02245 2.00823 1.98168 2.05197
2.98177 3.02243 2.99945 2.97582 2.93456 2.87507 2.89405 2.90251 2.91264 2.91431 2.90705 2.88391 2.78038 2.69800 2.70341 2.64680 2.62215 2.64765 2.65870 2.67218 2.58092 2.53236 2.51404 2.51099 2.81958 2.82854 2.87323 3.03654 3.10387 3.02694 3.15339 3.04004 2.94523 2.91028 2.93424 2.94752 2.94579 2.93511 2.91690 2.90822 2.89706 2.85515 2.83130 2.68740 2.57334 2.50822 2.45943 2.53044 2.51284 2.51547 2.23591 2.01796 2.01273 2.01273 1.99862 1.99862 1.99255 2.00455 2.01768 2.03585 2.09504 2.12628 2.16654 2.15825 2.09374 2.12434
3.09846 3.09705 3.03653 3.00441 2.98637 2.95914 2.97616 2.95757 2.90431 2.79652 2.78469 2.77244 2.71983 2.60560 2.66529 2.65790 2.69032 2.73073 2.77246 2.79469 2.60212 2.47235 2.47060 2.47098 2.68087 2.83060 2.79813 2.81992 2.83315 2.83967 2.87904 2.84532 2.82563 2.80723 2.83819 2.88203 2.87733 2.84903 2.79832 2.70311 2.60457 2.52251 2.45216 2.44417 2.43838 2.43838 2.43838 2.47659 2.53114 2.51293 2.35539 2.05938 2.02507 2.02507 2.03989 2.07003 2.09823 2.14902 2.17013 2.17366 2.19972 2.19261 2.18528 2.18528 2.12658 2.12009
3.03262 3.03313 3.00289 2.99717 2.95242 2.87896 2.87693 2.86824 2.85099 2.71164 2.75348 2.77276 2.79445 2.66122 2.71938 2.70549 2.72565 2.74619 2.77839 2.78856 2.70749 2.57922 2.63729 2.70199 2.81303 2.78089 2.77264 2.90290 2.94374 3.00998 2.92251 2.78512 2.75666 2.71524 2.68771 2.67216 2.61485 2.57255 2.54889 2.49336 2.51158 2.48637 2.47185 2.47729 2.47540 2.47540 2.47540 2.48565 2.57961 2.51150 2.48699 2.11793 2.07937 2.12451 2.17027 2.18245 2.19862 2.20313 2.19261 2.19994 2.21440 2.19587 2.14988 2.13565 1.99324 1.83343
3.08991 3.08130 3.04270 3.01823 2.94211 2.90290 2.91190 2.94759 2.95977 2.84317 2.84606 2.84606 2.86977 2.69681 2.74512 2.75046 2.79229 2.85249 2.93858 2.98745 2.97599 2.83592 2.85616 2.89608 2.95144 3.01424 2.91936 2.99545 2.97784 2.96542 2.87667 2.57530 2.53238 2.50353 2.47492 2.52266 2.53189 2.49336 2.50689 2.46897 2.48330 2.45882 2.45566 2.47876 2.47729 2.47729 2.47244 2.44465 2.51079 2.42152 2.41229 2.25895 2.19353 2.19354 2.20313 2.20313 2.20755 2.20866 2.16029 2.14103 2.07502 1.95620 1.82771 1.73276 1.68096 1.52844
3.02076 2.99382 2.96529 2.97240 2.87909 2.90394 2.90683 2.93154 2.93286 2.85393 2.82971 2.81134 2.88861 2.79300 2.86963 2.90242 3.02413 3.10029 3.16415 3.20690 3.15938 3.00448 2.94863 2.95751 2.97458 3.08779 2.98747 3.01722 2.95427 2.82430 2.77254 2.52535 2.48056 2.48056 2.48056 2.53316 2.56648 2.51571 2.53503 2.49819 2.49719 2.48542 2.45905 2.44625 2.40599 2.38610 2.37079 2.38080 2.43725 2.41755 2.41141 2.29401 2.18582 2.16936 2.14683 2.11545 2.05141 1.93568 1.82507 1.76064 1.69716 1.70763 1.69735 1.69527 1.71512 1.54302
2.96456 2.96456 2.95754 2.97113 2.91616 2.93051 2.96028 2.99972 3.01974 2.98747 2.95694 2.95287 3.06843 3.02681 3.20263 3.25928 3.28535 3.24057 3.27543 3.31266 3.25050 3.13158 3.00140 2.99444 2.97333 2.99445 2.88613 2.89560 2.91464 2.77299 2.77240 2.61684 2.48591 2.48591 2.48702 2.53054 2.55076 2.47412 2.48583 2.43240 2.41235 2.40418 2.38054 2.39889 2.40603 2.43347 2.47057 2.51408 2.52422 2.47190 2.41285 2.31228 2.06511 1.92867 1.84806 1.75511 1.73727 1.70763 1.73596 1.75694 1.74367 1.76061 1.75589 1.75694 1.77576 1.61004
2.97554 2.97547 2.97081 2.98008 2.96625 2.97309 3.00479 3.08217 3.15402 3.17489 3.12885 3.05757 3.16059 3.07628 3.33814 3.37432 3.40797 3.37393 3.40632 3.37938 3.31169 3.20146 2.96807 2.96199 2.96211 2.98813 2.91009 2.91671 2.94387 2.83530 2.80586 2.73724 2.52930 2.53457 2.53891 2.57897 2.56193 2.46205 2.46424 2.45346 2.47445 2.50839 2.53986 2.55236 2.55895 2.56951 2.57382 2.56434 2.53714 2.46620 2.33494 2.24275 1.91621 1.72210 1.72262 1.72210 1.74690 1.70763 1.73596 1.75694 1.74367 1.76061 1.75589 1.74367 1.76299 1.61750
2.96789 2.95967 2.95650 2.99091 3.02196 3.06106 3.10768 3.13657 3.20642 3.21923 3.19276 3.11051 3.22296 3.14363 3.35215 3.40036 3.41449 3.34090 3.31866 3.26967 3.22434 3.13369 2.93223 2.92856 2.93324 2.97623 2.92579 2.88645 2.88416 2.85190 2.77518 2.76974 2.49923 2.47630 2.47753 2.52950 2.59116 2.57737 2.57735 2.57728 2.59276 2.59160 2.57802 2.56267 2.54228 2.50413 2.47665 2.45063 2.43317 2.41730 2.32454 2.29204 2.02692 1.74489 1.74522 1.73443 1.75510 1.72262 1.74690 1.75400 1.74155 1.71038 1.63583 1.55359 1.51379 1.50929
