High_resolution/powerplant/Chizhou/OMI_NO2_200808.asc
ncols      200
nrows      200
xllcorner       115.585
yllcorner       28.7700
cellsize     0.0166667
NODATA_Value      -999.000
[rows 81 to 107 of 166, columns 124 to 185 of 200]
            2*                  8*                   :*                   8*                   3*                   >*                 2*     *         :      *    3     *        ?    *      9       *      ;      *   2     *       3     *            3  
   9*                  8*                   <*                  3*                <*                >*            >*                   8*              3*             3*               <*                <*                    3*                 8*                  8*                 2*                 
   3      *            3     ;*                >*                  >*                 >*                9*                  9*                   ;*               :*                2*               9*                   <*               9*                3*           
4.43756 4.54404 5.16588 5.24418 5.97511 5.93112 5.88849 6.13529 6.16137 6.18746 6.21301 6.22134 6.22134 6.22134 6.22134 6.22134 6.22134 6.03636 5.96612 5.66895 5.49960 5.41522 5.27744 4.85397 4.82683 4.94162 5.03416 4.99156 5.05927 5.13653 5.15021 5.15021 5.23000 5.54608 5.22099 4.23223 4.19739 4.02420 3.99952 4.00996 4.00996 4.00996 4.00996 3.97115 3.68354 3.24856 3.22465 3.22465 2.92862 2.76694 2.44285 2.30528 2.30471 2.30286 2.30452 2.30628 2.30815 2.31015 2.31229 2.31427 2.27683 2.24692
3.24112 2.59121 4.27310 4.65583 5.25595 5.37093 5.39891 6.19140 6.22134 6.22134 6.22134 6.22134 6.22271 6.26584 6.34694 6.44284 6.53878 6.34757 5.93099 5.70460 5.72156 5.86725 5.88472 5.58906 5.38012 5.35023 5.34866 5.17131 5.15021 5.15164 5.19287 5.25589 5.33332 5.90405 5.93281 4.47167 4.27564 4.14303 4.00996 4.00996 4.00996 4.00996 4.00996 4.00996 3.75088 3.34301 3.22465 3.22465 3.04211 2.76694 2.56132 2.29778 2.31449 2.31454 2.31454 2.31454 2.31454 2.31454 2.31454 2.31454 2.29772 2.22966
0.536541 0.536541 3.12590 4.36324 5.05056 5.39614 5.47676 6.20224 6.54301 6.63926 6.73520 6.83107 6.92574 6.97854 6.99328 6.99328 7.00466 6.90503 6.16143 6.09499 6.07229 6.07613 6.03260 5.77811 5.41823 5.36603 5.42257 5.37666 5.36235 5.43767 5.46229 5.46229 5.46229 5.85404 6.03516 4.82829 4.27564 4.20994 4.00996 4.00996 4.00996 4.00996 4.00996 4.00996 3.85226 3.44220 3.22465 3.22465 3.17554 2.79097 2.72043 2.30372 2.31454 2.31454 2.31454 2.31454 2.31454 2.30476 2.27470 2.23942 2.19806 2.14304
1.90837 2.48314 3.73104 5.22521 5.66048 6.15203 6.16730 6.53730 6.99365 6.99328 6.99328 6.99328 7.00087 7.06154 7.13243 7.20327 7.26282 7.26592 6.37743 6.21392 6.07674 6.06968 6.04044 5.90575 5.73945 5.64127 5.64363 5.59901 5.46229 5.46229 5.46229 5.46229 5.46230 5.71333 6.05988 5.30135 4.35595 4.33582 4.01817 4.00996 4.00996 4.00996 4.00996 4.07082 4.14876 3.72194 3.42502 3.49665 3.56383 2.98919 2.90902 2.35781 2.31454 2.31005 2.28172 2.24425 2.19877 2.16674 2.20027 2.21542 2.22823 2.24463
4.12272 4.12272 4.15332 5.44479 5.55860 6.12959 6.14288 6.29396 6.99786 7.05423 7.12512 7.19601 7.25923 7.26944 7.26944 7.26944 7.27573 7.31041 6.64643 6.26361 6.03900 6.02806 6.02742 5.92445 5.87058 5.64363 5.64471 5.65020 5.49988 5.50009 5.51292 5.52576 5.53856 5.65891 6.12653 5.67291 4.43618 4.29165 4.06164 4.02484 4.11457 4.21888 4.34125 4.37639 4.31775 3.82158 3.90260 3.93430 3.96717 3.38119 3.14312 2.56727 2.24622 2.18039 2.19669 2.25465 2.38629 2.85336 3.16559 0.00000 0.00000 0.00000
4.12272 4.12272 4.12272 5.28318 5.49262 6.06066 6.26737 6.34087 7.17144 7.26944 7.26944 7.26944 7.28724 7.32630 7.36851 7.41441 7.45564 7.46003 6.97695 6.28607 6.05925 5.92380 5.84001 5.87822 5.96997 5.55790 5.50717 5.48922 5.33955 5.23038 5.20701 5.18377 5.12780 5.01904 5.31160 5.12254 3.92777 4.39003 4.18876 3.86890 3.86890 3.85157 3.75206 3.62896 3.48786 3.19187 3.46368 3.58243 3.58287 3.58593 0.00000 0.00000 0.00000 0.00000 0.00000 0.00000 0.00000 0.00000 0.00000 0.00000 0.00000 0.00000
4.12313 4.21760 4.35654 5.08958 5.69889 6.13663 6.41904 6.41933 6.97808 7.34261 7.38632 7.43382 7.46003 7.46003 7.42333 7.33975 7.25606 7.17228 6.90136 5.83079 5.63960 5.50958 5.50958 5.69596 5.99697 5.52786 5.35993 5.31068 5.15552 4.87330 4.77852 4.68375 4.63407 4.63457 4.74332 4.68733 3.69165 4.15548 3.92854 2.80777 2.51161 2.21296 2.17849 2.17849 2.17849 2.18628 2.18118 0.00000 0.00000 0.00000 0.00000 0.00000 0.00000 0.00000 0.00000 0.00000 0.00000 0.00000 0.00000 0.00000 0.00000 0.00000
4.54197 4.57829 4.57829 4.83573 5.63375 5.95485 6.43359 6.43875 6.80502 7.32383 7.24004 7.15626 7.07252 6.98878 6.94171 6.94155 6.94155 6.94155 6.93909 5.87865 5.70920 5.50164 5.42113 5.38255 5.74073 5.35778 4.94676 4.82845 4.68055 4.34034 4.24947 4.15794 4.05101 3.96696 3.96493 3.96493 3.47577 3.61782 3.81337 2.32987 2.17849 2.17849 2.17849 2.17849 2.17849 2.17849 2.17849 0.00000 0.00000 0.00000 0.00000 0.00000 0.00000 0.00000 0.00000 0.00000 0.00000 0.00000 0.00000 0.00000 0.00000 0.00000
4.57829 4.57884 4.63390 4.73380 5.68891 5.96782 6.66911 6.74578 6.78393 6.94080 6.94155 6.94155 6.94155 6.94155 6.94155 6.94155 6.89919 6.68787 6.36247 5.64008 5.28225 4.78536 4.71045 4.59414 4.90784 4.64975 4.19860 4.15344 4.15338 4.03239 3.96493 3.96493 3.96493 3.96493 3.96493 3.96493 3.71249 3.34245 3.83099 2.92802 2.17849 2.17849 2.17849 2.17849 2.17849 2.17849 2.17849 0.00000 0.00000 0.00000 0.00000 0.00000 0.00000 0.00000 0.00000 0.00000 0.00000 0.00000 0.00000 0.00000 0.00000 0.00000
4.99885 5.08948 5.12561 5.12561 5.73338 6.03567 6.59157 6.76794 6.76004 6.79391 6.59133 6.30504 5.97261 5.63775 5.30298 4.96815 4.67563 4.55210 4.54275 4.55389 4.51895 4.21695 4.10442 4.03870 4.39079 4.61530 4.15757 4.15338 4.15338 4.09257 3.96493 3.96493 3.96493 3.96493 3.96493 3.96493 3.91265 3.13564 3.83099 3.36436 2.17849 2.17849 2.17849 2.17849 2.17849 2.17849 2.17849 2.17849 0.00000 0.00000 0.00000 0.00000 0.00000 0.00000 0.00000 0.00000 0.00000 0.00000 0.00000 0.00000 0.00000 0.00000
5.12561 5.12561 5.09612 5.00068 5.14157 5.19338 5.25696 5.07428 4.74746 4.61527 4.59360 4.54524 4.54275 4.54275 4.54275 4.52346 4.44367 4.35954 4.27534 4.21976 4.24195 4.11344 4.03786 4.03786 4.22769 4.64710 4.22628 4.15338 4.15338 4.14236 3.96894 3.96493 3.96493 3.96493 3.96493 3.96493 3.94695 3.06582 3.40556 3.09169 2.17849 2.17849 2.17849 2.17849 2.17849 2.17849 2.17849 2.17849 0.00000 0.00000 0.00000 0.00000 0.00000 0.00000 0.00000 0.00000 0.00000 0.00000 0.00000 1.95175 1.95175 1.95539
4.57486 4.43853 4.28451 4.20494 4.13560 4.17914 4.33365 4.36914 4.36914 4.41683 4.54275 4.52852 4.45168 4.36755 4.28332 4.21852 4.21411 4.21411 4.21411 4.21414 4.23839 4.19511 4.02469 4.03786 4.07383 4.63784 4.32403 4.15338 4.15338 4.15274 3.98612 3.85853 3.78772 3.71045 3.62575 3.53255 3.46137 2.65736 1.95175 2.17849 2.16447 2.13385 2.10345 2.07304 2.04270 2.01191 1.98189 1.93482 1.95175 1.95175 1.95175 1.95175 1.95209 1.95418 1.95585 1.95704 1.95794 1.95864 1.95920 1.95968 1.96025 1.96067
4.07478 4.03966 4.03925 4.03925 4.03928 4.08750 4.28741 4.35709 4.28610 4.20814 4.28579 4.22148 4.21411 4.21411 4.21411 4.21411 4.21411 4.21411 4.21411 4.21411 4.23054 4.24195 4.04619 4.03459 4.01326 4.43547 4.29045 3.92069 3.85536 3.78609 3.62150 3.36214 3.35190 3.34178 3.33165 3.31248 3.27304 2.80620 1.39521 1.64487 1.62871 1.62871 1.62871 1.62871 1.62871 1.62871 1.62871 1.74635 1.95175 1.95175 1.95175 1.95808 1.96063 1.96070 1.96070 1.96070 1.96070 1.96070 1.96070 1.96070 1.96070 1.96070
4.03925 4.03925 4.03925 4.03840 4.02469 4.04051 4.07420 4.03843 4.04051 4.04051 4.16767 4.21411 4.21411 4.21411 4.21411 4.21411 4.21411 4.20898 4.19042 4.17112 4.15598 4.14000 3.98829 3.89094 3.88817 4.09738 4.22687 3.68340 3.68340 3.68334 3.63709 3.23146 3.19835 3.16838 3.13838 3.11744 3.11399 2.90048 1.22903 1.62809 1.62871 1.62871 1.62871 1.62871 1.62871 1.62871 1.62871 1.67668 1.95175 1.95175 1.95175 1.95661 1.96070 1.96070 1.96070 1.96070 1.96070 1.96070 1.96070 1.96070 1.96070 1.96070
4.02848 4.01041 3.99232 3.97510 3.97076 3.98644 4.04256 4.01531 4.04051 4.04051 4.12066 4.20564 4.18639 4.16710 4.14781 4.12853 4.10923 4.09507 4.09437 4.09437 4.09413 4.09227 4.03310 3.88817 3.88664 3.95861 4.30640 3.65049 3.59484 3.48099 3.27376 2.72806 2.42853 2.24085 2.05256 1.86398 1.67750 1.61284 1.30151 1.50754 1.62871 1.62871 1.62871 1.62871 1.62871 1.62871 1.62871 1.62997 1.92897 1.95175 1.95175 1.95375 1.96070 1.96070 1.96070 1.96070 1.96070 1.96070 1.96070 1.96070 1.96070 1.96070
3.97076 3.97076 3.97076 3.97076 3.97076 3.96216 4.00612 3.95355 3.95855 3.93480 3.94847 4.09440 4.09437 4.09437 4.09437 4.09437 4.09437 4.09437 4.09437 4.09967 4.13208 4.14879 4.12316 3.47086 3.26038 3.11743 3.07163 2.55825 2.27095 2.13778 2.10982 1.91427 1.61284 1.61284 1.61284 1.61284 1.61284 1.61284 1.41981 1.35971 1.62871 1.62871 1.62871 1.62871 1.62871 1.62871 1.62871 1.62871 1.86056 1.95175 1.95175 1.95175 1.96220 1.99362 2.02972 2.06135 2.00102 1.96070 1.96070 1.96070 1.94041 1.88269
3.92800 3.89830 3.86862 3.83872 3.80891 3.79264 3.87586 3.87986 3.89513 3.89797 3.89909 4.07779 4.09430 4.07985 4.03574 4.01034 3.98247 3.94978 3.91072 3.85707 3.77286 3.73524 3.68142 2.78797 2.43334 2.34986 2.28633 2.17769 2.10982 2.10982 2.10982 2.05294 1.61297 1.61284 1.61284 1.61284 1.61284 1.61284 1.51542 1.26033 1.62871 1.62871 1.62871 1.62871 1.62871 1.62871 1.68649 1.79164 1.99233 2.15230 2.18712 2.21619 2.17412 2.15337 2.15337 2.14494 1.96788 1.80266 1.76274 1.72781 1.70600 1.70529
3.79259 3.79259 3.79259 3.79259 3.79259 3.78975 3.79276 3.78734 3.69865 3.64700 3.58881 3.69615 3.73984 3.71304 3.73382 3.73524 3.73524 3.73524 3.69187 3.58087 3.46930 3.35760 3.29977 2.82386 2.31459 2.31459 2.29850 2.21436 2.10982 2.10982 2.10982 2.10982 1.71945 1.61284 1.61284 1.61284 1.61284 1.61284 1.59311 1.20269 1.59627 1.69907 1.91793 1.97570 2.02366 2.06406 2.08367 2.08371 2.13004 2.24524 2.24524 2.24524 2.20095 2.15337 2.15337 2.15012 1.88606 1.70529 1.70529 1.70701 1.70980 1.71218
3.66205 3.60164 3.54119 3.48070 3.43026 3.39474 3.40429 3.45827 3.39752 3.40779 3.40792 3.53227 3.73524 3.73524 3.70114 3.59210 3.48045 3.36875 3.30055 3.29977 3.29977 3.29977 3.29977 3.12559 2.31576 2.31459 2.30897 2.25538 2.11032 2.10982 2.10982 2.10982 1.89043 1.61284 1.61284 1.61284 1.61284 1.61284 1.61284 1.30019 1.43238 1.67973 2.08044 2.08371 2.08371 2.08371 2.08278 2.08106 2.09130 2.27566 2.28577 2.29525 2.27999 2.18336 2.18774 2.17972 1.95816 1.66347 1.64255 1.62911 1.60968 1.58788
3.37864 3.40376 3.43201 3.46368 3.48469 3.48489 3.48489 3.48489 3.43073 3.40792 3.38205 3.31232 3.49129 3.38011 3.30238 3.29977 3.29977 3.29977 3.29977 3.29977 3.29977 3.29977 3.29977 3.29490 2.41314 2.31459 2.31434 2.27557 2.12852 2.10859 2.10773 2.10686 2.02890 1.60659 1.60544 1.60429 1.60314 1.60199 1.61866 1.51124 1.46946 1.58231 1.99966 2.05706 2.05534 2.05360 2.05281 2.05281 2.05281 2.41662 2.53872 2.52021 2.37968 2.21602 2.16420 2.13456 1.99008 1.59839 1.46835 1.46835 1.46835 1.46835
3.48489 3.48489 3.48489 3.48489 3.48489 3.48489 3.47774 3.43106 3.32492 3.06193 2.97811 2.97245 3.24700 3.29977 3.29977 3.29977 3.29977 3.29977 3.29977 3.29977 3.30511 3.34714 3.40122 3.46225 2.68637 2.28115 2.27265 2.27019 2.14847 2.09437 2.09437 2.09437 2.09354 1.70703 1.70395 1.77845 1.85299 1.92749 1.98412 1.93298 1.73767 1.56689 1.89772 2.05281 2.05281 2.05281 2.05281 2.05281 2.05281 2.28189 2.35605 2.14977 2.14048 2.14048 2.14048 2.14048 2.09470 1.69607 1.46835 1.46835 1.46835 1.46835
3.48489 3.48489 3.48225 3.44182 3.38899 3.33628 3.29065 3.28456 3.28034 2.99238 2.97245 2.97245 3.15847 3.29977 3.31064 3.35770 3.41306 3.47568 3.54684 3.62875 3.71205 3.72576 3.72576 3.72576 3.12620 2.27019 2.27019 2.27367 2.23882 2.19529 2.25120 2.30708 2.36767 2.21129 1.93760 1.91346 1.88943 1.86542 1.84132 1.81358 1.75294 1.61098 1.76213 2.05281 2.05281 2.05281 2.05281 2.05281 2.05281 2.18401 2.46730 2.14215 2.14048 2.14048 2.14048 2.14048 2.14048 1.81431 1.46835 1.46835 1.46835 1.46835
3.39975 3.34698 3.29686 3.28456 3.28456 3.28456 3.28456 3.28456 3.27081 3.02914 2.86236 2.81380 2.95575 3.64698 3.72067 3.72576 3.72576 3.72576 3.72576 3.72576 3.72576 3.72576 3.70229 3.56744 3.29746 2.47939 2.52721 2.57415 2.51447 2.37370 2.44611 2.51872 2.58631 2.44277 1.79593 1.79593 1.79593 1.79593 1.79593 1.79593 1.76349 1.67614 1.59235 2.04294 2.05281 2.05281 2.05281 2.05281 2.05281 2.10969 2.53872 2.19491 2.14048 2.14048 2.14048 2.14048 2.12468 1.87770 1.48104 1.46835 1.46835 1.46835
3.28456 3.28456 3.27004 3.22265 3.17388 3.12494 3.07596 3.02742 2.99229 2.89857 2.67865 2.67865 2.71343 3.69251 3.72576 3.72576 3.72316 3.61129 3.37899 3.17683 3.00515 2.85676 2.73460 2.65632 2.59595 2.57284 2.68120 2.80199 2.91023 2.61197 2.60019 2.60019 2.60019 2.59293 1.88295 1.79593 1.79593 1.79593 1.79593 1.79593 1.77575 1.71965 1.56689 1.97446 2.05281 2.05281 2.05281 2.05281 2.05281 2.05174 2.50489 2.23084 2.01780 1.96059 1.88926 1.79780 1.74223 1.63723 1.60850 1.78382 1.95914 2.13445
