High_resolution/powerplant/Chizhou/OMI_NO2_200601.asc
ncols      200
nrows      200
xllcorner       115.585
yllcorner       28.7700
cellsize     0.0166667
NODATA_Value      -999.000
[rows 112 to 139 of 165, columns 64 to 127 of 200]
3.96461 4.01373 3.98492 4.02409 3.83815 3.64507 3.37231 3.16911 3.16115 3.16115 3.16115 3.16115 3.16115 3.11978 2.41051 2.44424 2.53262 3.03893 3.07394 3.07394 3.07394 3.07394 3.07394 3.19402 3.34183 3.31442 3.26869 3.22121 3.16644 3.13685 3.12672 3.12101 3.26942 3.27768 3.27761 3.27695 3.29434 3.41956 3.09258 2.79261 2.79133 2.29775 1.94788 1.94788 1.94788 1.94788 1.93901 1.70189 1.69444 1.69444 1.69444 1.68567 1.64898 1.60755 1.56284 1.51442 1.46182 1.40455 1.72003 3.10208 4.32067 4.31161 4.24298 4.19854
4.48914 4.53544 4.12696 3.96390 3.86931 3.58860 3.44015 3.16115 3.16115 3.16115 3.16115 3.16115 3.16115 3.16115 2.61161 2.40248 2.52494 2.90133 3.07394 3.07394 3.07355 3.04505 2.99933 3.00283 3.16503 3.13659 3.12646 3.11800 3.11709 3.11703 3.11225 3.10387 3.22225 3.27447 3.27347 3.27328 3.27330 3.40580 3.28015 2.79133 2.79133 2.52191 1.94906 1.94788 1.93110 1.86251 1.79014 1.59868 1.50997 1.45702 1.39918 1.35141 1.34838 1.34838 1.34749 1.32268 1.29329 1.26885 1.54493 2.87838 3.99473 4.11522 4.10145 4.08771
4.54076 4.54076 4.28047 3.96390 3.95716 3.61237 3.53987 3.16115 3.16115 3.16115 3.16115 3.16115 3.16115 3.16115 2.85421 2.38955 2.49450 2.72710 2.99810 2.95040 2.89567 2.86823 2.85812 2.85441 3.09439 3.11454 3.10652 3.09759 3.08779 3.07704 3.07254 3.07254 3.16191 3.27328 3.27328 3.27328 3.27328 3.33833 3.32679 2.64532 2.49795 2.32017 1.57961 1.51553 1.46834 1.47298 1.48137 1.45186 1.41047 1.42165 1.43037 1.41286 1.38845 1.36405 1.34048 1.34089 1.34587 1.34587 1.35026 2.56847 3.75018 3.99054 3.92169 3.84233
4.54076 4.54076 4.43421 3.96390 3.96390 3.71731 3.58860 3.21218 3.16115 3.16115 3.16115 3.16115 3.16115 3.16101 3.08672 2.26741 2.25631 2.40696 2.85784 2.84971 2.84422 2.79374 2.73182 2.66991 2.91438 3.07275 3.07254 3.07254 3.07254 3.07254 3.07176 3.06397 3.07998 3.08767 3.01936 2.94789 2.87313 2.80845 2.80816 2.28494 1.94128 1.91346 1.56867 1.56034 1.56034 1.56034 1.55675 1.51907 1.42163 1.38604 1.35292 1.34587 1.34587 1.34587 1.34587 1.34587 1.36395 1.58168 1.85444 2.79549 3.36881 3.59975 3.60305 3.60305
4.54076 4.54076 4.53782 4.01376 3.96390 3.82895 3.58860 3.31204 3.16115 3.16103 3.16080 3.15535 3.12185 3.08433 3.04688 2.27767 2.06709 2.21261 2.63992 2.63439 2.57195 2.55516 2.54977 2.54438 2.72945 3.11268 3.10348 3.09371 3.08349 3.07275 3.06246 3.06116 3.05984 2.84070 2.82110 2.82110 2.82110 2.82124 2.83595 2.53206 1.87209 1.87209 1.61493 1.52920 1.50251 1.47582 1.45273 1.44801 1.35211 1.34587 1.34587 1.35154 1.53813 1.81063 2.08338 2.35614 2.61043 2.66545 2.66545 2.96889 3.39041 3.51356 3.60305 3.60305
4.54076 4.54076 4.54076 4.16446 3.96390 3.93578 3.59301 3.40754 3.12264 3.07970 3.03684 2.99190 2.92859 2.86125 2.79398 2.28505 1.73177 1.93918 2.33109 2.47891 2.46476 2.45077 2.43676 2.42278 2.47799 3.06076 3.06116 3.06116 3.06116 3.06116 3.06116 3.06116 3.06116 2.90186 2.82110 2.82047 2.80615 2.78619 2.79610 2.75875 1.78545 1.69518 1.51405 1.44399 1.44964 1.44964 1.44984 1.56098 1.76667 2.03984 2.31220 2.57942 2.66545 2.66545 2.66545 2.66545 2.66545 2.66545 2.66545 2.69656 3.43330 3.42816 3.60305 3.60305
4.49187 4.47502 4.45801 4.21600 3.81506 3.76076 3.41956 3.19071 2.85846 2.79652 2.73463 2.71598 2.79413 2.88086 2.96760 2.90956 2.18604 2.38812 2.47793 2.41473 2.41473 2.41473 2.41473 2.41473 2.41658 2.94585 3.06116 3.06116 3.06116 3.06116 3.06116 3.06037 3.04561 2.92887 2.75941 2.72062 2.69503 2.67502 2.67442 2.71723 1.97051 1.65070 1.64548 1.67438 1.93726 2.14183 2.34610 2.43933 2.52744 2.66545 2.66545 2.66545 2.66545 2.66545 2.66545 2.66545 2.66545 2.66545 2.66545 2.66545 3.30970 3.34403 3.59958 3.55759
4.33611 4.29852 4.25986 4.14537 3.62275 3.67735 3.47773 3.22623 3.02228 3.08966 3.17634 3.22718 3.22751 3.22751 3.22751 3.22751 2.42487 2.32308 2.50419 2.41486 2.41473 2.41473 2.41473 2.41473 2.41473 2.73761 3.06116 3.06019 3.04500 3.02504 2.99849 2.95970 2.93454 2.88034 2.66074 2.66030 2.66030 2.66885 2.72459 2.86524 2.61032 2.22953 2.28460 2.10141 2.43933 2.43933 2.43933 2.43933 2.47546 2.66545 2.66545 2.66545 2.66545 2.66545 2.66545 2.66545 2.66545 2.66545 2.66545 2.71317 3.05703 2.98938 2.99078 2.91777
4.17117 4.15000 4.13007 4.11902 4.12104 4.14477 4.04191 3.54015 3.31715 3.22751 3.22751 3.22751 3.22751 3.22751 3.22751 3.22751 2.72208 2.27364 2.48854 2.43057 2.41473 2.41473 2.41473 2.41403 2.40467 2.55114 2.99739 2.95877 2.93401 2.91403 2.90069 2.90036 2.90124 2.93211 2.78427 2.80801 2.85146 2.88540 2.88973 2.96235 2.93803 2.29854 2.29314 2.03135 2.42388 2.43933 2.43933 2.43801 2.41852 2.63813 2.66545 2.66545 2.66545 2.66545 2.66545 2.73317 2.87458 3.00739 3.21866 3.40502 3.50296 3.19866 3.00949 2.93081
4.10822 4.10822 4.10822 4.10822 4.12973 4.14477 4.14429 3.61739 3.39008 3.22751 3.22751 3.22751 3.22751 3.22751 3.22751 3.22751 3.01906 2.27260 2.41382 2.45615 2.40430 2.39233 2.37585 2.35271 2.33813 2.37315 2.86730 2.90036 2.91803 2.96051 2.99818 3.03152 3.06071 3.06978 2.95777 2.88973 2.88973 2.88973 2.88973 2.92669 3.00368 2.42667 2.23152 1.99880 2.19642 2.30965 2.28180 2.25569 2.25583 2.52767 2.70021 2.80018 2.94673 3.09328 3.31721 3.49755 3.63043 3.75394 3.78666 3.79589 3.80498 3.46476 2.83201 2.73454
4.10822 4.10822 4.10822 4.10822 4.12005 4.14477 4.14477 3.79656 3.46302 3.22751 3.22751 3.22751 3.22751 3.22751 3.22751 3.21342 3.02248 2.27402 2.32500 2.42080 2.33779 2.32584 2.31835 2.31985 2.33240 2.35519 2.84893 3.05194 3.06953 3.06978 3.06978 3.06978 3.06978 3.06978 2.98685 2.83944 2.77358 2.70727 2.64369 2.58356 2.51790 2.17999 1.83311 1.80800 2.05196 2.34917 2.36214 2.46580 2.58979 2.89936 3.40924 3.56572 3.68914 3.79477 3.80804 3.80804 3.80804 3.80804 3.80804 3.78605 3.57938 3.16391 2.79805 2.79197
4.10822 4.10822 4.10822 4.10822 4.11076 4.14440 4.14477 3.97619 3.52886 3.23470 3.22751 3.21952 3.05000 2.79640 2.54397 2.35203 2.39166 2.50607 2.55984 2.42848 2.34174 2.35512 2.36974 2.38080 2.36491 2.34340 2.60722 2.88187 2.80691 2.73209 2.66007 2.59053 2.52343 2.45864 2.40523 2.31935 2.31741 2.31741 2.31741 2.31741 2.27575 2.17361 1.73999 1.88573 2.21587 2.75183 2.94358 3.06726 3.16604 3.32112 3.80804 3.80804 3.80804 3.80804 3.79999 3.62036 3.37176 3.12315 2.87503 2.64830 2.60648 2.55252 2.54052 2.83595
4.10822 4.10822 4.10822 4.10822 4.10822 4.13726 4.14477 4.12466 3.42411 2.89511 2.56327 2.36212 2.37737 2.46120 2.51237 2.50472 2.49611 2.49143 2.49245 2.38365 2.23134 2.16434 2.10895 2.05546 2.01800 1.98403 2.03099 2.38784 2.38896 2.38896 2.38896 2.38896 2.38896 2.38896 2.38896 2.32866 2.31741 2.31741 2.31614 2.30577 2.39543 2.60583 2.46499 2.56811 2.75852 3.18333 3.24611 3.24611 3.24611 3.24696 3.60352 3.41321 3.16449 2.91612 2.67533 2.60648 2.60648 2.60648 2.60648 2.60648 2.60648 2.60648 2.39855 2.87000
4.10822 4.10926 4.14033 4.18479 4.12616 4.00525 3.88594 3.81288 3.38013 2.74486 2.32607 2.32255 2.31859 2.33458 2.35965 2.40384 2.44884 2.49435 2.54053 2.52752 2.18001 1.92006 1.92006 1.92006 1.92006 1.92006 1.94999 2.30431 2.38896 2.38896 2.38896 2.38896 2.38896 2.38896 2.38797 2.33681 2.29214 2.23996 2.14260 2.05807 2.07684 2.48666 2.62068 2.73182 2.79840 3.01096 2.96312 2.76414 2.56526 2.36724 2.47931 2.60648 2.60648 2.60648 2.60648 2.60648 2.60648 2.60648 2.60648 2.60648 2.60648 2.60648 2.37216 2.83340
4.43982 4.31485 4.15392 4.03597 4.05203 4.21245 4.55031 4.79524 4.50713 3.29401 2.46713 2.51221 2.55738 2.60241 2.63771 2.64031 2.64031 2.64031 2.62704 2.61376 2.33395 1.92006 1.92006 1.92006 1.92006 1.92006 1.93019 2.19212 2.38896 2.38896 2.38787 2.38050 2.37135 2.32131 2.22859 2.11600 1.97442 1.93288 1.93288 1.93288 1.94103 2.45721 2.62249 2.84595 2.92424 2.82061 2.28486 2.28486 2.28486 2.28486 2.39640 2.60648 2.60648 2.60648 2.60648 2.60648 2.60648 2.60648 2.59652 2.57141 2.54770 2.52547 2.38336 2.68111
4.04236 4.26792 4.61725 4.89031 5.15083 5.37384 5.56389 5.61516 5.46970 3.82361 2.64414 2.64031 2.64031 2.64031 2.64031 2.64031 2.64031 2.64031 2.63284 2.62153 2.49910 1.93796 1.92006 1.92006 1.92006 1.92006 1.91529 2.04398 2.37098 2.31866 2.22583 2.14259 2.06136 2.02232 2.02232 2.01755 1.96957 2.01493 2.06104 2.10714 2.14512 2.45097 2.66231 2.88494 2.92088 2.99649 2.32061 2.28486 2.28486 2.28486 2.32230 2.59478 2.56961 2.54601 2.52390 2.50314 2.48362 2.46423 2.36876 2.23032 2.08208 1.89090 1.76795 2.57667
5.30066 5.44410 5.44939 5.44939 5.44939 5.44939 5.58568 5.63489 5.63489 4.27340 2.83728 2.64031 2.64031 2.64031 2.64031 2.64031 2.64031 2.64031 2.63897 2.62190 2.56279 2.06502 1.91475 1.88460 1.84764 1.76234 1.64065 1.62620 2.00951 2.02232 2.02232 2.04383 2.08991 2.13598 2.18210 2.22638 2.16618 2.14890 2.14890 2.14890 2.14890 2.28729 2.65942 2.81238 2.92237 3.08442 2.62215 2.42157 2.46912 2.51987 2.57437 2.46867 2.45385 2.44717 2.34396 2.20353 2.04782 1.85242 1.73860 1.67852 1.62835 1.62130 1.61922 2.21641
5.44939 5.44939 5.44939 5.44939 5.44939 5.44939 5.53645 5.63489 5.63489 4.78311 3.13568 2.64031 2.64031 2.64031 2.64031 2.64031 2.64031 2.64031 2.64031 2.62941 2.61554 2.10586 1.63756 1.55152 1.47052 1.43619 1.44339 1.52695 1.92811 2.16763 2.21370 2.23831 2.23833 2.23833 2.23833 2.23833 2.18932 2.15744 2.19874 2.24622 2.29632 2.35585 2.91042 3.10913 3.36933 3.46229 3.13847 2.58562 2.58301 2.56559 2.41960 2.19023 2.00182 1.81065 1.71543 1.65744 1.61491 1.61284 1.61284 1.61284 1.61284 1.61284 1.61331 1.91246
5.44939 5.44939 5.44939 5.44939 5.44939 5.44939 5.48736 5.63489 5.63489 5.29282 3.43444 2.64031 2.64031 2.64031 2.64031 2.64031 2.64031 2.77596 3.03645 3.29724 3.55620 2.31359 1.46251 1.50388 1.54524 1.58658 1.62073 1.64511 1.88976 2.23491 2.23408 2.25730 2.28940 2.32150 2.35363 2.38574 2.42508 2.49995 2.50188 2.49900 2.49778 2.49778 2.87208 3.06183 3.34472 3.38858 3.20132 2.21818 2.00510 1.77461 1.67255 1.62067 1.61327 1.61284 1.61284 1.61284 1.61284 1.61304 1.61662 1.62142 1.62623 1.63102 1.63535 1.68610
5.44939 5.44939 5.44939 5.44939 5.44939 5.44939 5.45122 5.62192 5.63489 5.62751 3.90811 2.64031 2.64031 2.75423 3.01421 3.27490 3.53590 3.68720 3.75034 3.81557 3.88078 3.21484 1.80237 1.78477 1.82240 1.88036 1.93850 1.99402 1.88972 2.38390 2.43026 2.43915 2.43915 2.43915 2.43915 2.43915 2.44127 2.49619 2.49778 2.49778 2.49778 2.49778 2.63221 2.66602 2.66776 2.56450 2.57471 1.75580 1.55492 1.55492 1.55492 1.56277 1.61285 1.61587 1.62067 1.62547 1.63027 1.63487 1.63609 1.63609 1.63609 1.63609 1.63609 1.63610
5.44939 5.44939 5.44939 5.44939 5.44939 5.44939 5.44190 5.55252 5.59818 5.67753 4.88005 3.47687 3.67806 3.87767 3.94346 4.00869 4.07333 4.10704 4.04948 3.97550 3.90147 3.58188 2.10536 2.09636 2.11688 2.11704 2.11704 2.11704 1.98139 2.30174 2.43915 2.43915 2.43915 2.43915 2.43915 2.43915 2.43915 2.48087 2.49778 2.49716 2.47418 2.43990 2.39843 2.24105 2.27120 2.34207 2.46471 1.98572 1.55776 1.56376 1.56976 1.57576 1.62792 1.63609 1.63609 1.63609 1.63609 1.63609 1.63609 1.63609 1.63609 1.63609 1.63609 1.63609
5.37741 5.36282 5.34820 5.33359 5.31901 5.38025 5.62650 5.96298 6.24679 6.07710 5.44454 4.31335 4.00576 3.94416 3.87004 3.79610 3.72202 3.65322 3.63881 3.63881 3.63881 3.63881 2.34266 2.11704 2.11704 2.11704 2.11704 2.11704 2.02401 2.15328 2.43915 2.43915 2.43915 2.43915 2.43915 2.43853 2.42054 2.41389 2.40446 2.37083 2.35953 2.35953 2.35953 2.23695 2.12528 2.12769 2.13466 1.95536 1.58398 1.58398 1.58398 1.58398 1.61775 1.63609 1.63609 1.63609 1.63609 1.63609 1.63609 1.63609 1.63609 1.63724 1.64816 1.66127
5.29727 5.35704 5.60406 5.86279 5.91174 5.76676 5.45914 5.14367 4.68985 4.60007 4.52704 4.11450 3.63881 3.63881 3.63881 3.63881 3.63881 3.63881 3.63881 3.63881 3.63881 3.63881 2.81658 2.11704 2.11704 2.11704 2.11704 2.11704 2.06666 2.00488 2.43915 2.43828 2.41969 2.39398 2.36827 2.34319 2.33546 2.34018 2.35070 2.24815 2.12008 1.99200 1.86404 1.77316 1.77743 1.86299 1.95971 2.01036 1.61206 1.58398 1.58398 1.58398 1.60428 1.63609 1.63785 1.64943 1.66257 1.67570 1.68882 1.70196 1.71478 1.72267 1.71924 1.72558
5.81361 5.69917 5.39765 5.08440 4.98069 4.99522 4.99522 4.99507 4.53593 4.47416 4.47416 4.30628 3.63881 3.63881 3.63881 3.63881 3.63881 3.63881 3.63881 3.63881 3.63881 3.63881 3.29085 2.11636 2.11704 2.11704 2.11704 2.11595 2.08677 1.88838 2.29150 2.34256 2.33546 2.33528 2.28131 2.18534 2.08932 1.99160 1.79049 1.75879 1.75879 1.75879 1.75879 1.76094 1.77731 1.82944 1.93019 2.01553 1.72520 1.58364 1.58348 1.58333 1.59238 1.71571 1.72774 1.72927 1.72872 1.73117 1.75267 1.79642 1.87386 1.95562 2.03662 2.10372
4.99522 4.99522 4.99522 4.99522 4.99522 4.99522 4.99522 4.99522 4.67289 4.47416 4.47416 4.46626 3.67106 3.63881 3.63881 3.63881 3.63881 3.63881 3.63881 3.63881 3.63881 3.63881 3.62600 2.25335 2.09578 2.07011 2.04441 2.01978 2.01335 1.86600 2.05010 2.11874 2.02278 1.92694 1.88490 1.88490 1.88490 1.88490 1.80130 1.75879 1.75837 1.75196 1.74425 1.73718 1.75054 1.77280 1.86273 2.01462 1.90852 1.71696 1.74241 1.76769 1.79278 1.94523 2.00796 2.07356 2.16645 2.24209 2.29262 2.32194 2.32218 2.32218 2.32218 2.32218
4.99522 4.99522 4.99522 4.99522 4.99522 4.99522 4.99522 4.99522 4.81000 4.47416 4.47416 4.47739 3.85207 3.63881 3.63881 3.63881 3.63881 3.63881 3.63881 3.63453 3.53380 3.39339 3.25298 2.45721 2.01367 2.02078 2.03060 2.04042 2.05023 1.95030 1.87631 1.88490 1.88637 1.89554 1.89876 1.89496 1.89090 1.91368 1.95462 1.98418 2.05771 2.13833 2.22112 2.30198 2.32666 2.33474 2.45925 2.79289 2.86418 2.66694 2.76082 2.89078 3.03312 2.51225 2.30006 2.32218 2.32218 2.32218 2.32218 2.32218 2.32849 2.40894 2.51061 2.61238
4.99522 4.99522 4.99522 4.99522 4.99522 4.99522 4.99522 4.99522 4.94570 4.47568 4.47416 4.47416 4.04768 3.63881 3.63881 3.63705 3.54665 3.40613 3.26572 3.12964 3.09303 3.11447 3.15492 2.87614 2.15940 2.19299 2.22386 2.25468 2.28657 2.18985 1.93748 2.40958 3.19059 3.29443 3.38020 3.44403 3.50639 3.54942 3.45442 3.15657 3.15657 3.15657 3.15657 3.15657 3.11718 3.00174 3.10107 3.43966 3.65231 3.41810 3.38648 3.39892 3.39892 2.86532 2.32218 2.32406 2.39259 2.49436 2.59603 2.69776 2.79327 2.81454 2.81454 2.81454
4.98778 4.99522 4.99522 4.99522 4.99522 4.99522 4.99522 4.99522 4.99522 4.56319 4.46938 4.45533 4.15362 3.52745 3.41787 3.31063 3.29922 3.33991 3.38060 3.42133 3.45853 3.45147 3.40864 3.33136 2.44362 2.43195 2.44010 2.44727 2.44794 2.38246 1.90654 2.26393 3.55101 3.55101 3.55101 3.55101 3.55101 3.55101 3.54536 3.17677 3.15657 3.15657 3.15465 3.13435 3.10925 3.08416 3.14850 3.55049 3.74539 3.56897 3.39896 3.44221 3.52359 3.29562 2.67959 2.78136 2.81454 2.81454 2.81454 2.81454 2.81454 2.81454 2.81454 2.81454
