High_resolution/powerplant/Chizhou/OMI_NO2_201105.asc
ncols      200
nrows      200
xllcorner       115.585
yllcorner       28.7700
cellsize     0.0166667
NODATA_Value      -999.000
[rows 90 to 119 of 175, columns 0 to 65 of 200]
2.23740 2.23740 2.23740 2.23740 2.23740 2.23740 2.23740 2.23740 2.23494 2.21045 2.00172 1.48457 1.40107 1.82729 1.82735 1.82735 1.82735 1.82644 1.70224 1.43859 1.07382 0.547589 0.309514 0.309514 0.00000 1.46955 1.46955 1.46955 1.46955 1.46955 1.46955 1.47144 1.47545 1.47947 1.48349 1.48687 1.48726 1.48726 1.48726 1.48726 1.48726 1.48726 1.48726 1.48726 1.48726 2.30735 2.79747 3.29815 3.71087 4.00288 4.19589 3.97794 3.77484 3.77484 3.77484 3.77484 3.77484 3.77484 3.77484 3.77484 3.77484 3.77484 3.77484 3.77484 3.58065 3.47682
2.23740 2.23740 2.23740 2.23740 2.23740 2.23668 2.23301 2.22902 2.22502 2.19814 2.16819 1.53574 1.30499 1.79340 1.72218 1.46528 1.11176 0.596976 0.309514 0.309514 0.309514 0.309514 0.309514 0.309514 0.00000 1.46955 1.46984 1.47309 1.47710 1.48112 1.48514 1.48726 1.48726 1.48726 1.48726 1.48726 1.48726 1.48726 1.48726 1.48726 1.48726 1.48726 1.54717 2.23091 2.83504 3.51908 4.18709 4.21962 4.21962 4.21962 4.21962 4.11832 3.77484 3.77484 3.77484 3.77484 3.77484 3.77484 3.77484 3.77484 3.77562 3.81809 3.88394 3.94982 3.94142 3.85877
2.23740 2.23707 2.23377 2.22978 2.22579 2.22251 2.22219 2.22219 2.22219 2.20762 2.24248 1.91500 1.80017 1.26735 0.309514 0.309514 0.309514 0.309514 0.309514 0.313209 0.417390 0.566700 0.716011 0.865255 0.00000 1.46955 1.48640 1.48726 1.48726 1.48726 1.48726 1.48726 1.48726 1.48726 1.48726 1.48726 1.48726 1.48726 1.52158 2.16852 2.79258 3.22969 3.53662 3.59740 3.59740 3.64249 4.21122 4.21962 4.21962 4.21962 4.21962 4.21608 3.81708 3.77484 3.77484 3.77484 3.79153 3.85465 3.92056 3.98644 4.05154 4.07499 4.07499 4.07499 4.06410 3.87166
2.22655 2.22288 2.22219 2.22219 2.22219 2.22219 2.24558 2.37137 2.51391 2.65778 2.74484 2.48407 2.06080 1.70645 0.309514 0.340194 0.480004 0.629248 0.778559 0.924174 0.969304 0.969304 0.969304 0.969304 0.00000 0.00000 1.48726 1.48726 1.48726 1.48726 1.48726 1.48726 1.48726 1.48726 1.50240 2.10354 2.74885 3.19816 3.51951 3.59740 3.59740 3.59740 3.59740 3.59740 3.59740 3.59740 4.07029 4.21962 4.21962 4.21962 4.21962 4.22200 4.00451 3.89133 3.95724 4.02306 4.07225 4.07499 4.07499 4.07499 4.07499 4.07499 4.07499 4.07499 4.07499 3.92945
2.22219 2.22310 2.25760 2.38357 2.52611 2.66866 2.78785 2.80460 2.80460 2.80349 2.75050 2.71428 2.14576 2.19886 0.939432 0.959671 0.969304 0.969304 0.969304 0.969304 0.969304 0.969304 0.969304 0.969304 0.00000 0.00000 1.48726 1.48726 1.48726 1.48726 1.49148 2.03709 2.70400 3.16582 3.50040 3.59740 3.59740 3.59740 3.59740 3.59740 3.59740 3.59740 3.59740 3.59740 3.59740 3.59740 3.88363 4.24199 4.30685 4.37273 4.43864 4.50212 4.39417 4.07499 4.07499 4.07499 4.07499 4.07499 4.07499 4.07499 4.07499 4.08234 4.11409 4.14792 4.18172 4.11833
2.53795 2.67972 2.78799 2.80460 2.80460 2.80460 2.80644 2.83637 2.87585 2.91528 2.94986 2.97189 2.43674 2.32625 1.63553 0.969304 0.969304 0.969304 0.969304 0.969304 0.969304 0.969304 0.969304 0.969304 0.00000 0.00000 1.48726 1.48726 1.87858 3.13295 3.47872 3.59740 3.59740 3.59740 3.59740 3.59740 3.59740 3.59740 3.59740 3.59740 3.59740 3.59740 3.60212 3.70901 3.85719 4.00537 4.20395 4.51875 4.51977 4.51977 4.51977 4.51977 4.50883 4.10057 4.07499 4.07499 4.07499 4.08285 4.11504 4.14877 4.18255 4.20904 4.21100 4.21100 4.21100 4.18257
2.80460 2.80460 2.81134 2.84737 2.88682 2.92628 2.96389 2.97339 2.97339 2.97339 2.97289 2.97189 2.64583 2.29795 2.05963 0.969304 0.969304 0.969304 0.969304 0.969304 0.969304 0.969304 0.969304 0.969304 0.00000 0.00000 0.00000 1.48726 1.61137 3.54230 3.59740 3.59740 3.59740 3.59740 3.59740 3.59740 3.59740 3.59740 3.63044 3.77031 3.91855 4.06686 4.21020 4.25161 4.25161 4.25161 4.25166 4.48291 4.51977 4.51977 4.51977 4.51977 4.51977 4.23973 4.11587 4.14973 4.18346 4.20935 4.21100 4.21100 4.21100 4.21100 4.21100 4.21100 4.21100 4.21100
2.89784 2.93727 2.97000 2.97339 2.97339 2.97339 2.97339 2.97339 2.97339 2.97339 2.97325 2.97195 2.87996 2.35338 2.34235 1.01983 0.969304 0.969304 0.969304 0.969304 0.969304 0.969304 0.969304 0.969304 0.00000 0.00000 0.00000 1.48726 1.48726 3.16459 3.59740 3.59740 3.59740 3.59793 3.68350 3.83187 3.97992 4.12816 4.24343 4.25161 4.25161 4.25161 4.25161 4.25161 4.25161 4.25161 4.25161 4.40285 4.51977 4.53922 4.63190 4.73157 4.83122 4.67009 4.21100 4.21100 4.21100 4.21100 4.21100 4.21100 4.21100 4.21100 4.21100 4.21100 4.21100 4.21100
2.97339 2.97339 2.97339 2.97339 2.97339 2.97339 2.97339 2.97339 2.98591 3.01987 3.05416 3.11745 3.14557 2.54853 2.42067 1.56618 0.969304 0.969304 0.969304 0.969304 0.969304 0.969304 0.969304 0.969304 0.00000 0.00000 0.00000 1.48726 1.48726 2.58476 3.74499 3.89311 4.04141 4.18907 4.25161 4.25161 4.25161 4.25161 4.25161 4.25161 4.25161 4.25161 4.25161 4.25161 4.25161 4.26626 4.35548 4.52647 4.82306 4.90337 4.91040 4.91040 4.91040 4.87403 4.23079 4.21100 4.21100 4.21100 4.21100 4.21100 4.21100 4.21100 4.21100 4.21688 4.35345 4.54337
2.97339 2.97339 2.97339 2.97339 2.98083 3.01312 3.04744 3.08176 3.10354 3.10391 3.10391 3.12380 3.14586 2.73738 2.38136 1.91370 0.969304 0.969304 0.969304 0.969304 0.969304 0.969304 0.969304 0.969304 0.00000 0.00000 0.00000 0.00000 2.47950 2.90044 4.22891 4.25161 4.25161 4.25161 4.25161 4.25161 4.25161 4.25161 4.25161 4.25161 4.25161 4.26216 4.34735 4.44704 4.54673 4.63181 4.64224 4.64834 4.89554 4.91040 4.91040 4.91040 4.91040 4.91040 4.41383 4.21100 4.21100 4.21100 4.21100 4.27232 4.45853 4.64845 4.83847 5.02243 5.07588 5.07588
2.97707 3.00639 3.04075 3.07503 3.10191 3.10391 3.10391 3.10391 3.10391 3.09454 3.08612 3.08220 3.02658 2.83136 2.31948 2.13424 0.985182 0.969304 0.969304 0.969304 0.969304 0.969304 0.969304 0.00000 0.00000 0.00000 0.00000 0.00000 2.79567 2.79567 3.99508 4.25161 4.25161 4.25161 4.25161 4.25161 4.25161 4.25872 4.33923 4.43888 4.53860 4.62771 4.64224 4.64224 4.64224 4.64224 4.64224 4.64224 4.82148 4.91040 4.91040 4.91040 4.91040 4.91040 4.64534 4.37368 4.56370 4.75371 4.94346 5.07224 5.07588 5.07588 5.07588 5.07588 5.07588 5.07588
3.09896 3.10391 3.10391 3.10391 3.10461 3.11639 3.11652 3.11533 3.11412 3.12230 3.12950 3.12741 3.01883 2.99502 2.42568 2.49136 1.85026 0.969304 0.969304 0.00000 0.00000 0.00000 0.00000 0.00000 0.00000 0.00000 0.00000 0.00000 2.79567 2.79567 3.59825 4.25161 4.25161 4.25598 4.33102 4.43067 4.53044 4.62302 4.64224 4.64224 4.64224 4.64224 4.64224 4.64224 4.64224 4.64224 4.64224 4.64224 4.74150 4.91040 4.98910 5.17834 5.36826 5.55810 5.67217 5.08203 5.07588 5.07588 5.07588 5.07588 5.07588 5.07588 5.07588 5.07588 5.07077 5.05667
3.12255 3.14470 3.14694 3.14573 3.14383 3.13085 3.12950 3.12950 3.12950 3.11712 3.01133 2.88643 2.61150 2.35636 2.68935 3.06694 3.39094 0.00000 0.00000 0.00000 0.00000 0.00000 0.00000 0.00000 0.00000 0.00000 0.00000 0.00000 0.00000 2.79567 3.00159 4.40683 4.52224 4.61755 4.64224 4.64224 4.64224 4.64224 4.64224 4.64224 4.64224 4.64224 4.64224 4.64224 4.64224 4.65067 4.75100 4.87639 5.03462 5.65725 5.77450 5.77527 5.77527 5.77527 5.77527 5.23758 5.07588 5.07588 5.07588 5.07588 5.07040 5.05624 5.04198 5.02775 5.01859 5.01842
3.15628 3.13293 3.12950 3.12950 3.12950 3.09705 2.97706 2.85222 2.72732 2.61486 2.59575 2.59575 2.49654 2.29929 2.48576 3.00316 3.34822 3.39094 0.00000 0.00000 0.00000 0.00000 0.00000 0.00000 0.00000 0.00000 0.00000 0.00000 0.00000 2.79567 2.79567 4.37033 4.64224 4.64224 4.64224 4.64224 4.64224 4.64224 4.64224 4.64224 4.64224 4.68106 4.80363 4.92919 5.05465 5.17167 5.19685 5.19685 5.19685 5.64336 5.77527 5.77527 5.77527 5.77527 5.77527 5.45698 5.07002 5.05581 5.04155 5.02732 5.01853 5.01842 5.01842 5.01842 5.01842 5.01842
3.12950 3.06769 2.94285 2.81795 2.69310 2.60060 2.59575 2.59575 2.59575 2.59575 2.59575 2.59575 2.56867 2.29972 2.32940 2.90993 3.10539 3.39094 0.00000 0.00000 0.00000 0.00000 0.00000 0.00000 0.00000 0.00000 0.00000 0.00000 0.00000 2.79567 2.79567 3.89931 4.64224 4.64224 4.64224 4.64224 4.64490 4.73092 4.85643 4.98183 5.10734 5.19402 5.19685 5.19685 5.19685 5.19685 5.19685 5.19685 5.19685 5.47056 5.77527 5.77527 5.78383 5.80787 5.83228 5.73838 5.01874 5.01842 5.01842 5.01842 5.01842 5.01842 5.01842 5.01842 5.01842 5.01842
2.65878 2.59575 2.59575 2.59575 2.59575 2.59575 2.59575 2.59575 2.59575 2.59575 2.59557 2.56918 2.52367 2.21397 2.08420 2.45659 2.80419 3.39094 0.00000 0.00000 0.00000 0.00000 0.00000 0.00000 0.00000 0.00000 0.00000 0.00000 0.00000 2.79567 2.79567 3.17122 4.66339 4.78361 4.90912 5.03457 5.15742 5.19685 5.19685 5.19685 5.19685 5.19685 5.19685 5.19685 5.19685 5.19685 5.19685 5.19685 5.20388 5.32842 5.83037 5.85475 5.87057 5.87087 5.87087 5.87087 5.16539 5.01842 5.01842 5.01842 5.01842 5.01842 5.01842 5.01842 5.01842 5.01842
2.59575 2.59575 2.59575 2.59575 2.59575 2.59575 2.59575 2.57770 2.53244 2.48695 2.44162 2.42253 2.42253 2.25466 2.06833 2.27336 2.68014 3.38381 0.00000 0.00000 0.00000 0.00000 0.00000 0.00000 0.00000 0.00000 0.00000 0.00000 0.00000 0.00000 3.41491 3.68571 5.03742 5.19685 5.19685 5.19685 5.19685 5.19685 5.19685 5.19685 5.19685 5.19685 5.19685 5.19685 5.20256 5.22565 5.25003 5.27441 5.29176 5.29303 5.79821 5.87087 5.87087 5.87087 5.87087 5.87087 5.43280 5.01842 5.01842 5.01842 5.01842 5.01842 5.00399 4.96994 4.93577 4.90158
2.59575 2.59575 2.59575 2.58468 2.54124 2.49573 2.45023 2.42279 2.42253 2.42253 2.42253 2.42256 2.42404 2.32143 2.08833 2.15698 2.69427 3.12311 3.47866 0.00000 0.00000 0.00000 0.00000 0.00000 0.00000 0.00000 0.00000 0.00000 0.00000 0.00000 3.90489 3.90489 4.73736 5.19685 5.19685 5.19685 5.19685 5.19685 5.19685 5.19685 5.20127 5.22374 5.24811 5.27250 5.29122 5.29245 5.29245 5.29245 5.29245 5.29245 5.62600 5.87087 5.87087 5.87087 5.87087 5.87087 5.70021 5.01450 4.98497 4.95079 4.91662 4.88246 4.86270 4.86259 4.86259 4.86259
2.55002 2.50451 2.45901 2.42459 2.42253 2.42253 2.42253 2.42053 2.38222 2.32800 2.26750 2.19951 2.12143 2.09757 2.09757 2.09757 2.56552 2.88344 3.47866 0.00000 0.00000 0.00000 0.00000 0.00000 0.00000 0.00000 0.00000 0.00000 0.00000 0.00000 3.90489 3.90489 4.25822 5.19685 5.19685 5.19685 5.20020 5.22182 5.24620 5.27059 5.29054 5.29245 5.29245 5.29245 5.29245 5.29245 5.29245 5.29245 5.29245 5.29245 5.45319 5.87087 5.87084 5.85245 5.81826 5.78411 5.74737 4.96653 4.86259 4.86259 4.86259 4.86259 4.86259 4.86259 4.86259 4.86259
2.42253 2.42253 2.42053 2.37969 2.32072 2.25956 2.19112 2.11706 2.09755 2.09757 2.09757 2.09757 2.11788 2.21969 2.33010 2.44041 2.60284 2.72815 3.45403 0.00000 0.00000 0.00000 0.00000 0.00000 0.00000 0.00000 0.00000 0.00000 0.00000 0.00000 0.00000 3.90489 3.90489 5.10611 5.24429 5.26866 5.28970 5.29245 5.29245 5.29245 5.29245 5.29245 5.29245 5.29245 5.29245 5.29245 5.29245 5.29245 5.28045 5.20099 5.12698 5.72545 5.73083 5.71504 5.71504 5.71504 5.71504 5.22676 4.86259 4.86259 4.86259 4.86259 4.86286 4.92510 5.03527 5.14540
2.25232 2.18269 2.10810 2.09167 2.09729 2.09757 2.09757 2.09757 2.14088 2.25057 2.36089 2.47124 2.56130 2.56980 2.56980 2.56980 2.59162 2.69427 3.16501 3.47866 0.00000 0.00000 0.00000 0.00000 0.00000 0.00000 0.00000 0.00000 0.00000 0.00000 0.00000 3.90489 3.90489 4.85871 5.29245 5.29245 5.29245 5.29245 5.29245 5.29245 5.29245 5.29245 5.29245 5.29245 5.25335 5.16360 5.07365 4.98358 4.90562 4.89514 4.89514 5.45351 5.71504 5.71504 5.71504 5.71504 5.71504 5.49426 4.86313 4.92896 5.03909 5.14913 5.25890 5.30684 5.30684 5.30684
2.09677 2.09757 2.09757 2.09908 2.17100 2.28141 2.39177 2.50208 2.56909 2.56980 2.56980 2.56980 2.56980 2.56980 2.56980 2.56980 2.57095 2.66926 2.84274 3.47866 0.00000 0.00000 0.00000 0.00000 0.00000 0.00000 0.00000 0.00000 0.00000 0.00000 0.00000 3.90489 3.90489 4.37701 5.29245 5.29245 5.29245 5.29245 5.29245 5.28701 5.21624 5.12621 5.03622 4.94627 4.89533 4.89514 4.89514 4.89514 4.89514 4.89514 4.89514 5.20871 5.71504 5.71504 5.71508 5.73549 5.77266 5.79614 5.30200 5.30684 5.30684 5.30684 5.30684 5.30684 5.30684 5.30684
2.20189 2.31225 2.42251 2.53145 2.56980 2.56980 2.56980 2.56980 2.56980 2.56980 2.56980 2.56980 2.56980 2.56661 2.51889 2.45685 2.39484 2.34636 2.41182 3.46991 0.00000 0.00000 0.00000 0.00000 0.00000 0.00000 0.00000 0.00000 0.00000 0.00000 0.00000 0.00000 3.90489 3.91402 5.20662 5.26631 5.17882 5.08887 4.99887 4.91424 4.89514 4.89514 4.89514 4.89514 4.89514 4.89514 4.89514 4.89514 4.89514 4.89514 4.89514 4.98737 5.76416 5.80696 5.84407 5.86083 5.86083 5.86083 5.51093 5.30684 5.30684 5.30684 5.30684 5.30684 5.30684 5.30684
2.56980 2.56980 2.56980 2.56980 2.56980 2.56980 2.56980 2.56980 2.56980 2.56930 2.53077 2.46873 2.40668 2.34787 2.33356 2.33356 2.33356 2.33516 2.33464 3.02624 3.22870 0.00000 0.00000 0.00000 0.00000 0.00000 0.00000 0.00000 0.00000 0.00000 1.53059 1.53059 3.08495 3.42295 4.48858 4.89768 4.89514 4.89514 4.89514 4.89514 4.89514 4.89514 4.89514 4.89514 4.89514 4.89514 4.89514 4.91006 4.94703 4.98420 5.02136 5.04090 5.68505 5.86083 5.86083 5.86083 5.86083 5.86083 5.68477 5.30684 5.30684 5.30684 5.30684 5.30684 5.30684 5.20680
2.56980 2.56980 2.56980 2.56980 2.56980 2.56980 2.54256 2.48062 2.41860 2.35706 2.33356 2.33356 2.33356 2.33356 2.33213 2.31256 2.28750 2.26129 2.20221 2.51397 3.19230 0.00000 0.00000 0.00000 0.00000 0.00000 1.53059 1.53059 1.53059 1.53059 1.53059 1.53059 1.90339 3.11026 3.82421 4.89514 4.89514 4.89514 4.89514 4.89514 4.89514 4.89514 4.89514 4.90760 4.94416 4.98134 5.01850 5.04073 5.04092 5.04092 5.04092 5.04092 5.44032 5.86083 5.86083 5.86083 5.86083 5.86083 5.83795 5.32745 5.27517 5.10120 4.91018 4.71907 4.52796 4.43697
2.56980 2.56980 2.55255 2.49250 2.43049 2.36847 2.33367 2.33356 2.33356 2.33356 2.33329 2.31737 2.29230 2.26728 2.24359 2.23810 2.23810 2.23810 2.21133 2.28725 3.19230 0.00000 0.00000 0.00000 1.53059 1.53059 1.53059 1.53059 1.55077 1.70196 1.83411 1.60166 1.55002 2.98922 3.15608 4.81951 4.89514 4.89514 4.89514 4.90550 4.94151 4.97858 5.01563 5.04034 5.04092 5.04092 5.04092 5.04092 5.04092 5.04092 5.04092 5.04092 5.19549 5.86083 5.86083 5.85926 5.74070 5.54967 5.35848 4.78507 4.45410 4.43697 4.43697 4.43697 4.43697 4.43697
2.44237 2.38036 2.33556 2.33356 2.33356 2.33356 2.33356 2.32214 2.29710 2.27204 2.24724 2.23810 2.23810 2.23810 2.23810 2.19437 2.04874 1.89901 1.90113 2.19678 2.92328 3.19230 0.00000 0.00000 1.70196 1.83411 1.93295 2.00966 2.06568 2.07450 2.07450 1.81470 1.53059 2.53368 3.11026 4.47808 4.93827 4.97545 5.01280 5.03970 5.04092 5.04092 5.04092 5.04092 5.04092 5.04092 5.04092 5.04092 5.04092 5.04092 5.04092 5.05535 5.12539 5.44435 5.25305 5.06350 4.99096 4.99096 4.99096 4.78232 4.43697 4.43697 4.43697 4.43697 4.43697 4.44026
2.33356 2.33356 2.33356 2.32626 2.30190 2.27685 2.25177 2.23813 2.23810 2.23810 2.23791 2.15628 2.00648 1.85675 1.70702 1.60096 1.59685 1.59685 1.65155 2.19610 2.55937 3.19230 0.00000 0.00000 2.07450 2.07450 2.07450 2.07450 2.07450 2.07450 2.07450 2.00629 2.24001 3.07441 3.95522 4.35561 5.04092 5.04092 5.04092 5.04092 5.04092 5.04092 5.04092 5.04092 5.04092 5.04092 5.04102 5.08127 5.15423 5.22726 5.30019 5.35875 5.36375 5.14293 4.99096 4.99096 4.99096 4.99096 4.99096 4.94830 4.44472 4.44101 4.50866 4.59846 4.68812 4.77442
2.30671 2.28165 2.25658 2.23881 2.23810 2.23810 2.23002 2.11396 1.96429 1.81443 1.66489 1.59685 1.59685 1.59685 1.59685 1.59685 1.59685 1.59685 1.59685 2.05460 2.36159 3.19230 0.00000 0.00000 2.07450 2.07450 2.07450 2.08837 2.34625 2.63325 2.86553 3.05016 3.28281 3.33012 4.05756 4.10382 4.99214 5.04092 5.04092 5.04092 5.04092 5.04092 5.04918 5.11217 5.18516 5.25812 5.33102 5.36375 5.36375 5.36375 5.36375 5.36375 5.36375 5.25382 4.99096 4.99096 4.99096 4.98980 4.96430 4.92920 4.73578 4.77622 4.79834 4.79834 4.79834 4.79834
2.22894 2.23810 2.21014 2.07170 1.92197 1.77217 1.63058 1.59685 1.59685 1.59685 1.59685 1.59685 1.59685 1.59685 1.59685 1.59685 1.61476 1.72867 1.85677 2.32314 2.92192 3.13874 3.19230 0.00000 2.28149 2.58189 2.82353 3.01516 3.06287 3.06287 3.06287 3.06287 3.22314 3.28510 3.86496 4.07494 4.71529 5.04092 5.07046 5.14306 5.21606 5.28905 5.35375 5.36375 5.36375 5.36375 5.36375 5.36375 5.36375 5.36375 5.36375 5.36375 5.36375 5.34971 4.98131 4.93204 4.89693 4.86310 4.85339 4.85339 4.82943 4.79834 4.79834 4.79834 4.79834 4.79834
