High_resolution/powerplant/Chizhou/OMI_NO2_200808.asc
ncols      200
nrows      200
xllcorner       115.585
yllcorner       28.7700
cellsize     0.0166667
NODATA_Value      -999.000
[rows 81 to 107 of 166, columns 62 to 123 of 200]
         8*                  ?*                   8*                9*                  >*                  <*                  2*                     >*                3*                    <*                  =*                  ?*              <*   
   8*                  2*                  2*      *     :     *       3      *      >      *      ;       *      3    *  <      *            3      *            3      =*                2*              9*                 >*             9*             ?*                <*             :*               =*              
      <*               <*                 :*                  >*                    2*             9*               ;*            <*                 >*                 3*                  :*             :*               2*                ?*    *     :     *         ;     *     >      *    =    *=    *  ?   *       
2.27093 2.18844 2.10618 1.97388 1.88502 1.76633 1.65708 1.65099 1.64485 1.63881 1.63276 1.62673 1.62064 1.61451 1.60845 1.60241 1.58751 1.50841 1.50141 1.64037 2.03986 2.03466 1.99386 1.96701 1.95043 1.93381 1.91722 1.90893 2.03730 2.18992 2.31193 2.41116 2.49339 2.44190 1.88449 1.88449 1.88449 1.82105 1.64372 1.64372 1.64372 1.64372 1.64372 1.64372 1.64372 1.64372 1.64372 1.64372 1.64372 1.64372 1.64372 1.64372 1.64372 3.52956 4.43756 4.43756 4.43756 4.43756 4.43756 4.43756 4.43756 4.43756
1.94235 1.94235 1.94235 1.90896 1.78761 1.72249 1.52356 1.52305 1.52305 1.52305 1.52305 1.52305 1.52305 1.52305 1.52305 1.52305 1.52292 1.43670 1.42741 1.53646 2.03689 2.15270 2.15510 2.29623 2.39829 2.48264 2.55340 2.61160 2.62593 2.62593 2.62593 2.62593 2.62593 2.60874 1.91669 1.88449 1.88449 1.87779 1.65391 1.64372 1.64372 1.64372 1.64372 1.64372 1.64372 1.64372 1.64372 1.64372 1.64372 1.64372 1.64372 1.64372 1.64372 2.76126 4.43756 4.43756 4.43756 4.43756 4.43756 4.43756 4.39777 3.88908
1.94220 1.94235 1.94235 1.94170 1.80076 1.77798 1.53348 1.52305 1.52305 1.52305 1.52305 1.52305 1.52305 1.52305 1.52703 1.54955 1.57660 1.55196 1.56439 2.32721 2.68512 2.70421 2.57756 2.62511 2.62593 2.62593 2.62593 2.62593 2.62593 2.62593 2.62593 2.62593 2.62593 2.62593 2.17043 1.88449 1.88449 1.88449 1.71407 1.64372 1.64372 1.64372 1.64372 1.64372 1.64372 1.64372 1.64372 1.64372 1.64372 1.64372 1.64372 1.64372 1.64372 1.99379 4.39459 3.87855 3.23137 2.58458 1.93467 1.28398 0.673857 0.536541
1.93765 1.94235 1.94235 1.94235 1.83995 1.78761 1.60473 1.52305 1.52307 1.53617 1.56186 1.59025 1.62169 1.65678 1.68916 1.69276 1.69276 1.66741 1.59885 2.27369 3.02869 3.25253 3.07546 2.62593 2.62593 2.62593 2.62593 2.62593 2.62593 2.62593 2.62593 2.62593 2.62593 2.62593 2.37937 1.88449 1.88449 1.88449 1.78096 1.64372 1.64372 1.64372 1.64372 1.64372 1.64372 1.64372 1.64372 1.64372 1.64189 1.57155 1.46658 1.36167 1.25670 1.15172 0.735158 0.536541 0.536541 0.536541 0.536541 0.536541 0.565116 1.19449
1.93035 1.94843 1.95367 1.92776 1.82553 1.74688 1.67044 1.63763 1.67459 1.69276 1.69276 1.69276 1.69276 1.69239 1.67265 1.63743 1.59439 1.49254 1.22840 1.91912 3.36736 3.36736 3.33900 2.64689 2.62593 2.62593 2.62593 2.62593 2.62593 2.62593 2.62593 2.62593 2.62593 2.62593 2.52625 1.88449 1.88449 1.88449 1.84784 1.64372 1.64372 1.64372 1.64372 1.59166 1.48669 1.38178 1.27675 1.17184 1.06876 1.03413 1.03413 1.03413 1.03413 1.19884 1.65959 2.13337 2.66611 3.10503 3.47442 3.78829 4.05158 4.12272
1.62620 1.63606 1.56678 1.54500 1.54984 1.69008 1.69276 1.69276 1.69276 1.69230 1.67224 1.63665 1.59374 1.54120 1.51921 1.51921 1.51921 1.49949 1.22840 1.38755 3.36736 3.36736 3.36736 2.76511 2.62593 2.62593 2.62593 2.62593 2.62593 2.62593 2.62593 2.62593 2.62593 2.62593 2.61794 1.95038 1.88449 1.95703 2.20875 1.57995 1.29693 1.19190 1.08699 1.03413 1.03413 1.03413 1.16510 1.53404 1.83237 2.07421 2.27268 2.44017 4.01973 4.35424 4.29714 4.12272 4.12272 4.12272 4.12272 4.12272 4.12272 4.12272
1.37618 1.51814 1.54210 1.54210 1.54210 1.64958 1.67159 1.63602 1.59295 1.54020 1.51921 1.51921 1.51921 1.51921 1.51921 1.51921 1.51921 1.51895 1.26888 1.22840 3.16404 3.36736 3.36736 2.94112 2.62593 2.62593 2.62593 2.62593 2.62593 2.62593 2.62593 2.63567 2.74134 2.87127 3.00112 3.00032 3.15443 3.34202 3.35008 2.08686 1.56903 1.86108 2.09707 2.29235 2.45587 2.59554 2.68196 2.68518 2.68518 2.68518 2.68518 2.68518 3.81929 4.37151 4.35956 4.12829 4.12272 4.12272 4.12272 4.12272 4.12272 4.12272
1.44472 1.53830 1.59045 1.56860 1.54318 1.59487 1.72235 1.73934 1.75598 1.77766 1.81243 1.84780 1.88365 1.91943 1.95487 1.99024 2.02561 2.06134 1.81807 1.61392 2.80211 3.36736 3.36736 3.20460 2.62611 2.62593 2.69459 2.82459 2.95444 3.08429 3.21436 3.28860 3.20997 3.10673 3.00370 3.02074 3.35008 3.62636 3.82044 3.47038 2.68518 2.68518 2.68518 2.68518 2.68518 2.68518 2.68518 2.68518 2.68518 2.68518 2.68518 2.68518 3.38494 4.37151 4.37151 4.18465 4.12272 4.12272 4.12272 4.18600 4.33031 4.44685
2.11126 2.12370 2.13637 2.14904 2.16153 2.25435 2.73470 2.75364 2.77270 2.78640 2.78700 2.78700 2.78700 2.78700 2.78700 2.78700 2.78700 2.78700 2.70979 2.57119 2.79383 3.01620 2.77632 2.59249 3.00254 3.16426 3.12235 3.01917 2.91600 2.81290 2.70962 2.65220 2.65206 2.65206 2.65206 2.72555 3.35008 3.54857 3.84316 3.77287 2.70336 2.68518 2.68518 2.68518 2.68518 2.68518 2.68518 2.68518 2.68518 2.68518 2.68518 2.68518 2.95034 4.37151 4.37151 4.28646 4.30279 4.42472 4.52386 4.57750 4.57829 4.57829
2.22137 2.22137 2.22137 2.22137 2.22137 2.22424 2.71931 2.78700 2.78700 2.78700 2.78700 2.78700 2.78700 2.78700 2.78685 2.71172 2.59146 2.47727 2.23258 1.81304 1.62224 1.84401 1.75644 1.65320 2.18570 2.65206 2.65206 2.65206 2.65206 2.65206 2.65206 2.65206 2.65206 2.65206 2.65206 2.65451 3.25039 3.37732 3.83391 3.84316 2.95306 2.68518 2.68518 2.68518 2.68518 2.68518 2.68518 2.68518 2.68518 2.68518 2.68518 2.72131 2.99780 4.46288 4.68410 4.70639 4.57829 4.57895 4.63483 4.72579 4.81637 4.90756
2.22137 2.22137 2.22137 2.22137 2.22137 2.22137 2.52956 2.78700 2.78700 2.76687 2.65050 2.48194 2.31706 2.18720 2.08264 2.01756 1.97653 1.94325 1.90332 1.58409 1.54261 1.45227 1.58006 1.58006 1.88376 2.65206 2.65206 2.65206 2.65206 2.65206 2.65206 2.65206 2.65206 2.65206 2.65206 2.65206 3.00346 3.35008 3.76657 3.84316 3.27309 2.68518 2.68518 2.68518 2.68518 2.68518 2.68518 2.69552 2.93338 3.20770 3.42862 3.59416 3.61970 4.34109 4.74298 4.74123 4.96964 5.09030 5.12561 5.12561 5.12561 5.12561
2.22137 2.22137 2.22137 2.22137 2.22137 2.22137 2.28918 2.43353 2.32145 1.99824 1.95375 1.93877 1.93877 1.93877 1.93877 1.93877 1.93877 1.93877 1.93822 1.61784 1.58366 1.37046 1.58006 1.58006 1.61961 2.61662 2.65206 2.65206 2.65206 2.65206 2.65206 2.65206 2.65206 2.65206 2.65206 2.65206 2.83172 3.35008 3.66570 3.84316 3.59314 2.68518 2.68518 2.68532 2.86815 3.15577 3.38625 3.57024 3.61884 3.61837 3.61790 3.61743 3.61719 4.04934 4.74141 4.74141 4.99175 5.06368 4.96588 4.86821 4.77040 4.67259
2.22137 2.24109 2.31699 2.40681 2.51088 2.63288 2.53289 2.18301 2.18301 1.97766 1.93877 1.93877 1.93877 1.93877 1.93877 1.93877 1.93877 1.93877 1.93877 1.70084 1.58409 1.36200 1.58006 1.58006 1.58006 2.35645 2.65206 2.65206 2.65206 2.65206 2.65206 2.65206 2.65206 2.65206 2.65206 2.65206 2.70825 3.35008 3.52143 3.84316 3.79467 2.74391 3.23851 3.53771 3.61798 3.61751 3.61720 3.61719 3.61719 3.61650 3.60696 3.59478 3.58255 3.68434 4.25359 4.15578 4.20402 4.40642 4.37069 4.28392 4.20603 4.13666
2.67303 2.78151 2.78700 2.78700 2.78700 2.78700 2.74143 2.19071 2.18301 2.03992 1.93877 1.93877 1.93877 1.93877 1.93877 1.93877 1.93877 1.93877 1.93877 1.77590 1.58409 1.37963 1.54923 1.58006 1.58006 2.05678 2.65206 2.65206 2.65206 2.65206 2.65206 2.65206 2.65206 2.65206 2.64473 2.51046 2.33045 2.30667 2.01456 2.93734 2.83653 2.72929 3.25591 3.60577 3.59357 3.58138 3.56917 3.55695 3.54477 3.53325 3.53058 3.53058 3.53058 3.51678 3.87342 3.87506 3.85697 4.07486 4.03975 4.03925 4.03925 4.03925
2.78700 2.78700 2.78700 2.78700 2.78669 2.78566 2.78462 2.28253 2.18002 2.10977 1.93548 1.93496 1.93444 1.93391 1.93339 1.93287 1.93234 1.93181 1.93129 1.83538 1.57924 1.45696 1.42651 1.58006 1.58006 1.75715 2.65206 2.65206 2.65206 2.57240 2.39269 2.21247 2.03225 1.85214 1.68959 1.71303 1.85237 1.85243 1.83047 2.54700 2.73231 2.65848 2.80752 3.53058 3.53058 3.53058 3.53058 3.53058 3.53058 3.53058 3.50800 3.42248 3.39742 3.38264 3.60786 3.75110 3.75110 3.98960 4.03925 4.03925 4.03925 4.03917
2.65462 2.64767 2.64062 2.63364 2.62704 2.62113 2.61526 2.28239 2.06057 2.05266 1.85182 1.83811 1.83512 1.83215 1.82921 1.82627 1.82331 1.82036 1.81736 1.77687 1.44376 1.41253 1.29764 1.58272 1.60089 1.62277 2.07085 1.91955 1.79854 1.83179 1.97044 2.09251 2.20069 2.29710 2.37650 2.41143 2.41679 2.35143 2.18283 2.40255 2.69449 2.67841 2.55267 3.43519 3.53058 3.53058 3.53058 3.53058 3.53058 3.53058 3.52386 3.38668 3.38237 3.38237 3.51293 3.75110 3.75110 3.91039 4.03220 4.01424 3.99616 3.97816
2.53968 2.53968 2.53968 2.53968 2.53968 2.53968 2.53968 2.37586 2.01813 2.01813 1.87106 1.81511 1.81511 1.81511 1.81511 1.81511 1.81511 1.81511 1.82008 1.82961 1.51119 1.54855 1.49254 1.87659 1.98176 2.23312 2.30148 2.36788 2.40878 2.41679 2.41679 2.41679 2.41679 2.41679 2.41679 2.41679 2.41679 2.39925 2.18318 2.26929 2.69449 2.69449 2.57488 3.17071 3.53058 3.53058 3.53058 3.53058 3.53058 3.53058 3.53058 3.41778 3.38237 3.38237 3.41459 3.72915 3.71185 3.77378 3.97088 3.97076 3.97076 3.95765
2.53968 2.53968 2.53968 2.53968 2.53968 2.53968 2.53968 2.52496 2.03638 2.01813 1.92687 1.81511 1.81618 1.82498 1.85494 1.92847 2.00369 2.07890 2.14911 2.21393 2.13129 2.09129 2.07252 2.14864 2.16517 2.44503 2.44370 2.41679 2.41679 2.41679 2.41679 2.41679 2.41679 2.41679 2.41679 2.41679 2.41679 2.41679 2.23271 2.18426 2.64621 2.69449 2.61451 2.82698 3.53058 3.53058 3.53058 3.53058 3.53058 3.53058 3.52804 3.43838 3.34694 3.32886 3.31485 3.62616 3.69364 3.71209 3.86652 3.83892 3.80922 3.79265
2.53968 2.53968 2.53968 2.53968 2.53968 2.53968 2.53968 2.52923 2.19442 2.18228 2.22880 2.11404 2.18750 2.25396 2.29918 2.30077 2.30077 2.30077 2.30077 2.30077 2.20332 2.09129 2.07865 2.12345 2.15864 2.38926 2.45427 2.41743 2.41679 2.41679 2.41679 2.41679 2.41679 2.41679 2.41679 2.41679 2.41679 2.41679 2.30304 2.18283 2.51438 2.69449 2.65418 2.55555 3.44683 3.53058 3.52985 3.51256 3.48846 3.46675 3.45556 3.44211 3.33983 3.34794 3.35609 3.57548 3.73003 3.73003 3.77573 3.79259 3.77953 3.72259
2.53968 2.53954 2.52082 2.49324 2.46984 2.44974 2.43229 2.42170 2.45563 2.48885 2.48885 2.33535 2.30077 2.30077 2.30077 2.30077 2.30077 2.30077 2.30077 2.30077 2.24290 2.09129 2.08399 2.09804 2.15864 2.31783 2.45679 2.42607 2.41679 2.41679 2.41679 2.41679 2.41679 2.41679 2.41679 2.41679 2.41679 2.41679 2.35969 2.18283 2.38115 2.69449 2.68912 2.55773 3.17691 3.49127 3.47867 3.48269 3.49346 3.50192 3.50248 3.50248 3.34869 3.31419 3.42936 3.52183 3.51783 3.45729 3.42550 3.39904 3.35157 3.35630
2.44439 2.42769 2.42141 2.42141 2.42141 2.42141 2.42141 2.42141 2.43595 2.48885 2.48885 2.38810 2.30077 2.30077 2.30077 2.30077 2.30077 2.30077 2.30077 2.30077 2.27815 2.09129 2.08857 2.07272 2.15857 2.22917 2.45679 2.43720 2.41679 2.41679 2.41679 2.41679 2.41679 2.41679 2.41679 2.41679 2.41679 2.41745 2.44068 2.31676 2.45905 2.98495 3.06436 2.77516 2.90650 3.45268 3.40871 3.39709 3.38635 3.37644 3.36732 3.35876 3.32799 3.32380 3.68586 3.67221 3.29550 3.31102 3.34555 3.43141 3.46304 3.48466
2.41792 2.39462 2.37018 2.34744 2.32630 2.30669 2.28839 2.27118 2.36922 2.48382 2.48885 2.44088 2.30077 2.30077 2.30190 2.30484 2.30776 2.31064 2.31354 2.31644 2.31877 2.11260 2.09124 2.06483 2.14406 2.16007 2.43759 2.44837 2.41679 2.41679 2.41679 2.41679 2.43392 2.48588 2.53878 2.59172 2.64466 2.69803 2.76644 2.62578 2.50416 2.96644 3.05770 2.90128 2.73310 3.33508 3.40905 3.40905 3.40905 3.40905 3.40905 3.40905 3.38714 3.35400 3.70331 3.91609 3.50798 3.40147 3.40186 3.47734 3.48489 3.48489
2.37679 2.38568 2.39688 2.40806 2.41921 2.43033 2.44154 2.45284 2.56133 2.71006 2.71951 2.72626 2.56313 2.56506 2.57508 2.58330 2.59155 2.59994 2.60825 2.61649 2.62474 2.47281 2.40943 2.19378 2.11871 2.15864 2.38101 2.49197 2.51939 2.57301 2.62600 2.71957 2.83331 2.91629 2.99829 3.08027 3.16232 3.24317 3.27563 2.79203 2.38722 2.84315 3.13816 3.07997 2.80691 3.19362 3.40905 3.40905 3.40905 3.40905 3.40905 3.40905 3.40905 3.40905 3.63292 3.95786 3.65157 3.40147 3.40147 3.45499 3.48455 3.45250
2.65206 2.65206 2.65206 2.65206 2.65206 2.65206 2.65206 2.65206 2.70784 2.92113 2.88526 2.88526 2.75474 2.69719 2.69719 2.69719 2.69719 2.69719 2.69719 2.69719 2.69719 2.60968 2.53803 2.41419 2.30878 2.57616 2.79743 2.94414 3.05451 3.15145 3.23333 3.27475 3.27879 3.27883 3.27883 3.27883 3.27883 3.27883 3.27883 3.02333 2.38722 2.64852 3.13816 3.13734 2.84110 2.99047 3.40905 3.40905 3.40905 3.40905 3.40905 3.40905 3.40905 3.40905 3.50543 3.95786 3.79489 3.37960 3.32707 3.30508 3.30529 3.28456
