High_resolution/powerplant/Chizhou/OMI_NO2_200506.asc
ncols      200
nrows      200
xllcorner       115.585
yllcorner       28.7700
cellsize     0.0166667
NODATA_Value      -999.000
[rows 87 to 115 of 200, columns 67 to 133 of 200]
4.70548 4.76394 4.81097 4.81844 4.81844 4.81844 4.81981 4.83106 4.84441 4.85822 4.87272 4.87984 4.85093 4.82010 4.46135 4.07126 4.12352 4.17662 4.20640 4.24100 4.24100 4.24100 4.27835 4.29847 4.35329 4.39390 4.39390 4.39390 4.39390 4.54063 4.64224 4.60848 4.57462 4.55980 4.38618 4.65954 4.84808 4.84808 4.85687 4.86113 4.84775 4.82720 4.75623 4.76258 4.40940 3.69366 3.44696 3.42814 3.40806 3.41920 3.42936 3.43099 3.35082 3.19872 3.03950 3.02941 3.02584 3.02584 3.02584 3.00741 2.99687 3.09531 2.75185 2.75964 2.75527 2.75576 2.75912
4.91399 4.94125 4.97449 4.99065 5.00741 5.02462 5.03770 4.98197 4.90173 4.82152 4.74135 4.69007 4.68919 4.68919 4.47260 4.16932 4.08817 4.15838 4.19348 4.24100 4.24100 4.24100 4.25994 4.29847 4.32469 4.37334 4.33953 4.30585 4.27213 4.34558 4.55980 4.56327 4.58648 4.61292 4.53850 4.55556 4.93105 4.86402 4.78245 4.68131 4.53437 4.46962 4.44428 4.45063 4.30704 3.76580 3.41752 3.39871 3.34248 3.33285 3.32331 3.31373 3.25463 3.09414 2.90010 2.87856 2.88363 2.88158 2.87917 2.86881 2.82152 2.92859 2.83085 2.82034 2.82034 2.82034 2.82034
5.17388 5.06181 5.02498 4.94919 4.86898 4.78874 4.71119 4.68919 4.68919 4.68919 4.68919 4.68919 4.68919 4.68919 4.56577 4.26102 4.05327 4.13969 4.18310 4.23849 4.24427 4.26771 4.30272 4.35852 4.37897 4.36080 4.42021 4.48404 4.54804 4.62524 4.84133 4.89470 4.94397 5.00463 5.03892 4.73947 4.75724 4.74852 4.74037 4.73264 4.29378 4.24090 4.24029 4.24989 4.24375 3.75666 3.30820 3.28183 3.23425 3.22588 3.22588 3.24134 3.27487 3.13633 3.00878 2.96211 2.97808 3.00267 3.02846 3.05468 3.01105 3.00484 2.86869 2.82034 2.82034 2.82034 2.82034
4.93322 4.75736 4.69361 4.68919 4.68919 4.68672 4.67183 4.65534 4.63888 4.62574 4.65066 4.68611 4.72162 4.75701 4.76366 4.45395 4.22107 4.26759 4.05058 4.48443 4.69729 4.76023 4.82133 4.87707 4.93267 4.92953 4.91769 4.94097 4.99588 5.05243 5.21967 5.32459 5.42093 5.59953 5.76940 5.09410 4.85479 4.85432 4.86378 4.87311 4.56575 4.43100 4.43661 4.37936 4.21491 3.84380 3.50860 3.41374 3.40710 3.48418 3.55020 3.59868 3.59466 3.39703 3.23263 3.06400 3.06400 3.06400 3.06400 3.06400 3.02646 3.00484 2.90793 2.82281 2.82791 2.83341 2.83932
4.64231 4.70452 4.73301 4.77629 4.81968 4.86544 4.92374 4.98341 5.04339 5.09974 5.11815 5.12615 5.13174 5.14817 5.16623 4.96584 4.85467 4.94905 4.68857 5.00949 5.29506 5.30253 5.30458 5.33900 5.38507 5.41343 5.41826 5.46840 5.61343 5.77498 5.99278 6.21871 6.29960 6.30021 6.29004 5.61154 5.00522 4.97547 4.95683 4.93817 4.70210 4.44000 4.42531 4.38281 4.03112 3.75209 3.50142 3.23617 3.29325 3.59466 3.59466 3.59466 3.59466 3.46212 3.30802 3.06706 3.06400 3.06400 3.06871 3.08253 3.07353 3.04679 2.98567 2.81176 2.73794 2.66031 2.58262
4.67734 5.09558 5.19628 5.19628 5.19628 5.19628 5.19188 5.18277 5.17372 5.18024 5.19074 5.20089 5.21317 5.21474 5.21463 5.13846 5.03839 4.97685 4.82791 4.95950 5.40945 5.45525 5.49909 5.59379 5.75813 5.91288 6.04681 6.22658 6.30376 6.36099 6.41751 6.18953 6.17082 6.15218 6.14368 5.82962 4.90275 4.88506 4.88506 4.87935 4.71873 4.32487 4.27398 4.22781 3.88643 3.75537 3.47034 3.23894 3.22183 3.55214 3.59466 3.59466 3.59466 3.50821 3.30464 3.12426 3.10468 3.11736 3.11735 3.05879 2.97752 2.78365 2.69192 2.44293 2.43898 2.43898 2.43898
4.59400 4.98702 5.17205 5.16251 5.15341 5.15769 5.17306 5.19232 5.21143 5.21506 5.21463 5.21463 5.21463 5.21360 5.19070 5.10907 5.01623 4.81694 5.15823 5.23867 5.98660 6.19735 6.40333 6.53689 6.60053 6.66488 6.64813 6.62838 6.62838 6.62838 6.63169 6.20693 6.14368 6.14368 6.14368 6.08766 4.93881 4.78667 4.73337 4.68818 4.65633 4.22385 4.21901 4.21901 3.96411 3.84799 3.46214 3.34746 3.21694 3.40026 3.53925 3.50657 3.47116 3.39502 3.11116 2.99585 2.93280 2.86987 2.81410 2.80549 2.80639 2.69600 2.69085 2.51108 2.50274 2.51936 2.53601
4.47637 4.79370 5.17163 5.19046 5.20970 5.21552 5.21463 5.21463 5.21463 5.20751 5.17755 5.14586 5.11416 5.08351 5.07625 5.07210 5.24296 5.62535 6.22533 6.09447 6.61574 6.68635 6.68635 6.68635 6.68653 6.68678 6.66672 6.62838 6.62838 6.62838 6.62838 6.31618 6.09246 6.04153 5.99053 5.94607 5.07994 4.68876 4.67988 4.67988 4.67988 4.29296 4.17647 4.13713 3.90563 3.64800 3.39716 3.34071 3.03241 3.10735 3.37392 3.33290 3.29181 3.25041 3.06901 2.93961 2.95625 2.97288 2.98947 3.00615 3.02182 2.93991 2.88040 2.67829 2.47863 2.35070 2.31327
4.01671 4.36407 5.06270 5.21463 5.21452 5.19611 5.16440 5.13271 5.10104 5.07671 5.07755 5.08069 5.08384 5.08698 5.08862 5.08862 5.24954 5.58165 6.17024 6.09814 6.48663 6.68635 6.68635 6.68635 6.68639 6.68678 6.68368 6.62117 6.56913 6.51186 6.45453 6.23069 5.93850 5.93850 5.93759 5.91031 5.36078 4.59249 4.54009 4.50450 4.47212 4.14907 3.95029 3.94467 3.80164 3.45058 3.32909 3.29950 2.92118 2.90092 3.25428 3.28357 3.28651 3.28944 3.24129 3.07125 3.05474 3.05767 3.06045 2.99324 2.86822 2.69523 2.47283 2.25363 2.08008 2.08013 2.21044
3.79882 4.27108 4.78743 5.11951 5.08799 5.07577 5.07885 5.08200 5.08514 5.08804 5.08862 5.08862 5.08862 5.08862 5.08862 5.08862 5.18759 5.39849 6.02565 6.16951 6.35738 6.68635 6.68635 6.67793 6.59743 6.56661 6.54307 6.45081 6.40302 6.34348 6.28270 6.17422 5.73915 5.68851 5.63848 5.60576 5.36078 4.27619 4.24244 4.22036 4.17622 4.04291 3.90156 3.87507 3.80287 3.38532 3.35317 3.26216 3.06123 2.93626 3.17639 3.32952 3.32952 3.32952 3.29270 3.06802 2.86974 2.74175 2.61387 2.55587 2.55587 2.54490 2.41183 2.31088 2.09077 2.09077 2.09249
3.54872 4.07270 4.53407 5.04266 5.08644 5.08856 5.08862 5.08862 5.08862 5.08862 5.08862 5.08985 5.09197 5.09400 5.09129 5.08576 5.11724 5.30483 5.82895 6.19185 6.18200 6.32474 6.18150 6.02869 5.94841 5.96396 5.99100 5.89110 5.80162 5.79992 5.79489 5.78281 5.44395 5.37952 5.36699 5.30397 5.10429 4.17761 3.98072 3.95523 3.94916 3.93145 3.85199 3.85151 3.85041 3.42670 3.39844 3.26540 3.20093 2.93626 3.05939 3.22327 3.09528 2.96725 2.82295 2.67725 2.55587 2.55587 2.55587 2.55587 2.55587 2.55587 2.43869 2.37981 2.09364 2.09077 2.09077
3.51693 3.90106 4.38503 4.94974 5.05029 5.03330 5.01636 4.99930 4.98234 4.96510 4.94824 4.92977 4.91075 4.89156 4.87726 4.85951 4.75717 4.78504 5.02559 5.54937 5.58320 5.69860 5.68469 5.68420 5.68371 5.70837 5.84990 5.82872 5.74366 5.72807 5.69853 5.57668 5.23127 4.98333 4.86300 4.80216 4.79722 4.22131 3.95985 3.99286 4.02571 4.05848 3.99606 4.02555 4.06116 3.76470 3.65773 3.49282 3.32018 2.87718 2.82397 2.79934 2.79934 2.79934 2.79602 2.72338 2.56198 2.55587 2.55587 2.55587 2.55587 2.55587 2.47649 2.40526 2.13943 2.09173 2.09300
3.12739 3.38181 3.89231 4.50455 4.70893 4.70893 4.70893 4.70893 4.70893 4.70201 4.67656 4.64884 4.56238 4.43591 4.30944 4.18924 4.15388 4.20615 4.40124 5.29984 5.50688 5.63705 5.65970 5.64549 5.63129 5.61763 5.68460 5.58019 5.38607 5.23164 5.11622 5.10206 5.03689 4.97411 5.01819 5.06346 5.11014 4.75557 4.19791 4.22932 4.22944 4.22944 4.16926 4.16285 4.17095 3.91627 3.59771 3.46327 3.26560 2.90397 2.79934 2.79934 2.79934 2.79934 2.79934 2.74284 2.60652 2.55587 2.55708 2.56272 2.56875 2.57288 2.52443 2.40993 2.19157 2.07481 2.06635
3.11357 3.23258 3.78008 4.33475 4.63740 4.64444 4.61801 4.59105 4.51302 4.39367 4.29262 4.19385 4.15388 4.15388 4.15388 4.15388 4.15770 4.22942 4.34129 5.26719 5.45640 5.51306 5.46142 5.32612 5.19075 5.05594 5.09172 5.17987 5.14592 5.10206 5.10206 5.10206 5.11511 5.16739 5.16739 5.16739 5.16739 4.93690 4.30431 4.26835 4.29098 4.30403 4.22360 4.14768 4.14768 3.98188 3.57627 3.54446 3.26616 3.04942 2.79934 2.80004 2.80527 2.81130 2.81734 2.78300 2.68684 2.58013 2.57131 2.55809 2.54443 2.53269 2.52416 2.38394 2.23703 2.06480 2.05812
3.19871 3.29683 3.64005 4.04330 4.40865 4.40201 4.30196 4.20247 4.15398 4.15388 4.15388 4.15388 4.17013 4.22095 4.27289 4.32484 4.37252 4.34562 4.34876 4.80878 4.93576 4.89581 4.99998 4.99998 4.99998 4.99998 5.03455 5.17987 5.17054 5.10227 5.10206 5.10206 5.10262 5.16257 5.19796 5.24907 5.29228 5.20251 4.51586 4.25106 4.27593 4.27593 4.23532 4.14768 4.14663 4.05488 3.49582 3.44954 3.29940 3.22422 2.83453 2.83984 2.83246 2.82202 2.81259 2.76482 2.64083 2.48389 2.47452 2.46545 2.45632 2.44724 2.43814 2.31396 2.20271 1.96667 1.99024
3.27341 3.33577 3.58076 3.83108 4.19710 4.15388 4.15388 4.15489 4.19021 4.24213 4.29405 4.34599 4.37203 4.30730 4.22841 4.14469 4.05611 4.01909 4.09726 4.42140 4.80425 4.84887 4.99998 4.99998 4.99998 4.99998 5.00031 5.15693 5.17987 5.11763 5.13327 5.18167 5.22246 5.31604 5.35218 5.34124 5.34124 5.31672 4.67157 4.18994 4.18429 4.15067 4.10453 3.95606 3.92399 3.91698 3.35932 3.30949 3.32299 3.33016 2.92967 2.84505 2.84383 2.83828 2.82446 2.77952 2.52741 2.37826 2.33539 2.32160 2.30784 2.29535 2.31711 2.27799 2.25493 2.23329 2.43950
3.31696 3.36583 3.53492 3.69180 4.26211 4.26944 4.31522 4.36616 4.35165 4.27568 4.19492 4.10904 4.03011 4.01909 4.01909 4.01909 4.01909 4.01909 4.07138 4.24125 4.78992 4.81826 4.98396 4.99998 4.99998 4.99998 5.02305 5.16265 5.25555 5.25566 5.21587 5.15902 5.08046 5.03270 5.00481 4.91850 4.83210 4.73901 4.50524 3.86765 3.94877 3.97335 3.95786 3.82901 3.79135 3.76655 3.28769 3.06393 3.06186 3.07478 2.81557 2.58093 2.56714 2.55994 2.55994 2.55994 2.32116 2.20699 2.17031 2.22095 2.27318 2.47426 2.71963 2.89624 2.97610 2.67480 2.60392
3.24700 3.48781 3.67681 3.82929 4.27674 4.26764 4.16058 4.07246 4.01934 4.01909 4.01909 4.01909 4.01909 4.01909 4.01909 4.01909 4.01871 4.01684 4.01339 4.05298 4.62189 4.62480 4.74083 4.77100 4.76504 4.74061 4.66630 4.57683 4.51933 4.44334 4.38776 4.33729 4.31910 4.28620 4.30787 4.21853 4.12920 4.04623 3.95194 3.56478 3.63066 3.77813 3.75574 3.66635 3.61536 3.59997 3.28805 2.98721 2.98967 3.02573 2.92624 2.55994 2.55994 2.56672 2.61148 2.66216 2.53582 2.53194 2.65153 2.86673 3.06105 3.13374 3.13374 3.13061 3.01354 2.73522 2.59038
3.20798 3.35102 3.35616 3.37646 3.80171 4.05467 4.00654 3.99839 3.95003 3.89002 3.82923 3.76816 3.70736 3.64642 3.58557 3.52462 3.46409 3.40507 3.38661 3.44414 3.86111 4.07944 4.14252 4.08384 4.02711 3.98832 3.97482 3.96209 3.98385 3.89666 3.79408 3.69145 3.58878 3.50115 3.49120 3.37450 3.24105 3.10769 3.03894 2.98796 3.00529 3.20562 3.20020 3.15146 3.09300 3.09300 3.06172 2.98721 2.98721 3.01077 2.98096 2.68906 2.72019 2.79306 2.99293 3.19458 3.27849 3.26561 3.14353 3.13374 3.13374 3.13374 3.13374 3.13374 3.04304 2.82934 2.59038
2.95262 2.93441 2.98055 3.06573 3.27381 3.44570 3.33121 3.27338 3.26084 3.25985 3.25985 3.25985 3.26553 3.30072 3.34554 3.39333 3.43165 3.47332 3.50706 3.13893 3.16499 3.61401 3.76162 3.76945 3.72009 3.63075 3.54141 3.45208 3.40266 3.33067 3.21046 3.09025 2.97004 2.86776 2.93746 2.99905 2.99905 2.99905 2.99761 2.98017 2.91437 3.19081 3.20020 3.17457 3.09300 3.08645 3.04340 2.90503 2.86649 2.86012 3.02469 3.17334 3.32340 3.47456 3.49529 3.49529 3.45070 3.27077 3.18198 3.13374 3.13374 3.13296 3.11658 3.09394 3.05084 2.98907 2.66475
2.81515 2.81515 2.84347 2.97749 3.07312 3.32126 3.29498 3.30906 3.34843 3.38781 3.43152 3.48362 3.51942 3.52503 3.51931 3.50622 3.50622 3.50622 3.50622 3.26991 3.04879 3.50938 3.48147 3.40243 3.32906 3.20305 3.06469 2.93082 2.81766 2.80144 2.78807 2.77522 2.76266 2.75549 2.83478 2.99905 2.99905 2.99905 2.99905 2.98677 2.92219 3.10106 3.16287 3.12655 2.99337 2.96606 3.03596 3.13763 3.32304 3.50251 3.57980 3.55660 3.49529 3.49529 3.49508 3.48089 3.45480 3.22145 3.14002 3.03246 3.04996 3.07936 3.12842 3.18851 3.25531 3.30503 2.80337
2.82292 2.84507 2.87579 3.03493 3.13499 3.50753 3.54888 3.52261 3.52381 3.52502 3.52102 3.50622 3.50622 3.50622 3.50622 3.49879 3.48122 3.46360 3.44599 3.29689 2.89634 3.14213 2.96155 2.80839 2.72026 2.71049 2.71047 2.71047 2.71167 2.75296 2.75544 2.75544 2.75544 2.75544 2.77704 2.99818 2.99905 2.99247 2.96638 2.92987 2.86003 2.90025 3.07118 3.22173 3.33941 3.47123 3.55705 3.55042 3.55255 3.56543 3.52810 3.49844 3.39835 3.37057 3.34807 3.33542 3.32836 3.15022 3.07512 3.19933 3.19913 3.18411 3.16907 3.15409 3.13971 3.17894 2.78624
2.95082 2.95115 2.95265 3.06324 3.12430 3.28023 3.29016 3.48873 3.50622 3.50622 3.50530 3.49175 3.47413 3.45650 3.43889 3.42871 3.42865 3.42865 3.42865 3.36084 2.83188 2.91026 2.78957 2.70729 2.71047 2.71047 2.71047 2.71047 2.71047 2.73990 2.75544 2.75544 2.75544 2.74927 2.72617 2.89628 2.91068 2.88979 2.88846 2.88274 2.86253 2.82242 3.08378 3.39894 3.62662 3.59345 3.59145 3.58672 3.57642 3.56231 3.39679 3.32337 3.24749 3.19647 3.17532 3.15833 3.14419 3.02443 2.91819 3.01604 3.04377 3.03397 3.02415 3.01435 3.00763 3.06964 2.89555
2.95195 2.95454 2.95720 3.03765 3.12335 3.13233 3.24607 3.38543 3.46703 3.44942 3.43270 3.42865 3.42865 3.42865 3.42865 3.42865 3.42865 3.42865 3.42865 3.41793 2.93990 2.88908 2.83640 2.71227 2.71047 2.71047 2.71047 2.71047 2.71047 2.72217 2.72555 2.70149 2.67752 2.65534 2.63298 2.73801 2.82313 2.80653 2.79000 2.78178 2.84296 2.80978 2.97616 3.08834 3.51618 3.43134 3.41903 3.39492 3.35475 3.33950 3.23020 3.11674 3.08036 3.01583 3.00766 2.99948 2.99132 2.92171 2.75784 2.79392 2.85676 2.89130 2.92571 2.93087 2.76733 2.53903 2.26855
2.96098 2.96110 2.98215 3.02381 3.08370 3.05558 3.18411 3.25459 3.42865 3.42865 3.42865 3.42865 3.42865 3.42865 3.42865 3.42865 3.42865 3.42865 3.42865 3.42865 3.08738 2.86604 2.86185 2.69598 2.64509 2.61777 2.58846 2.55901 2.53137 2.50872 2.45245 2.43320 2.41517 2.40137 2.40476 2.45918 2.62116 2.66725 2.71659 2.77080 2.97385 2.92668 2.88295 2.87588 3.35723 3.30613 3.30536 3.29885 3.25260 3.25260 3.20909 3.05113 3.04694 2.96758 2.94976 2.93192 2.92201 2.92109 2.74927 2.77745 2.75644 2.52842 2.28449 2.04021 1.98055 1.99043 2.03993
3.07422 3.11941 3.13958 3.10726 3.05180 3.03915 3.16605 3.19182 3.41679 3.42784 3.42763 3.42639 3.41156 3.39247 3.37345 3.35441 3.33535 3.31551 3.29488 3.27429 3.09197 2.66664 2.69713 2.45547 2.36334 2.36214 2.36620 2.37043 2.37287 2.36883 2.33511 2.32374 2.35066 2.38229 2.41592 2.46545 2.69097 2.64987 2.60275 2.55570 2.62510 2.66484 2.69927 2.69319 3.02529 3.16051 3.14519 3.13989 3.24297 3.25260 3.24984 2.99351 2.91794 2.87897 2.88893 2.91641 2.89325 2.72895 2.37481 2.12838 1.98661 1.98055 1.98055 1.98055 1.98055 1.98072 2.03374
3.12141 3.12134 3.12979 3.13967 3.06372 3.06694 3.06230 3.05246 3.17719 3.23501 3.21464 3.19524 3.18947 3.18795 3.18639 3.18378 3.16344 3.13732 3.10938 3.08089 3.00661 2.65582 2.60143 2.42293 2.28325 2.26618 2.26641 2.28653 2.32077 2.35703 2.37766 2.38101 2.35898 2.32384 2.28873 2.25360 2.37854 2.42521 2.42521 2.42521 2.50349 2.58879 2.63802 2.64168 2.76272 3.16116 3.11675 3.11675 3.21889 3.27257 3.28766 3.10622 2.93364 2.78899 2.60118 2.40418 2.24906 2.24126 2.11130 2.02413 2.00044 1.98055 1.98055 1.98055 1.98055 1.98793 2.02121
3.19624 3.20621 3.20768 3.20768 3.15357 3.11098 3.03811 2.97258 3.04046 3.17941 3.15758 3.13260 3.10766 3.08247 3.05465 3.02727 3.01758 3.01444 3.01393 3.01393 3.00718 2.73043 2.59634 2.45405 2.34980 2.37787 2.41735 2.42162 2.38567 2.33315 2.27236 2.17381 2.14197 2.12010 2.09838 2.07661 2.25372 2.42521 2.42521 2.42521 2.46584 2.58795 2.62289 2.64168 2.64714 3.12039 3.14709 3.15995 3.24078 3.20232 3.01156 2.69435 2.28915 2.25224 2.24135 2.24126 2.24126 2.24126 2.16569 2.04440 2.05082 2.04284 2.06180 2.08082 2.09977 2.11140 2.06161
3.20768 3.20768 3.20768 3.19950 3.15069 3.03401 2.98864 2.88294 2.87125 3.02540 3.02492 3.02140 3.01789 3.01462 3.01393 3.01393 3.01393 3.01392 3.00334 2.98359 2.96387 2.74172 2.49110 2.37619 2.22398 2.22620 2.16925 2.12414 2.10314 2.09867 2.09867 2.06293 2.05125 2.05125 2.05125 2.05125 2.15658 2.42521 2.42521 2.42521 2.43728 2.60536 2.64263 2.69245 2.70203 2.95201 2.95554 2.77859 2.60499 2.55136 2.55136 2.50223 2.28189 2.28788 2.29430 2.30739 2.32322 2.33864 2.30450 2.09734 2.07556 2.10819 2.11430 2.11818 2.12205 2.12594 2.11328
