High_resolution/powerplant/Chizhou/OMI_NO2_200603.asc
ncols      200
nrows      200
xllcorner       115.585
yllcorner       28.7700
cellsize     0.0166667
NODATA_Value      -999.000
[rows 116 to 144 of 200, columns 0 to 66 of 200]
2.72848 2.72298 2.77204 2.77538 2.77538 2.77538 2.77538 2.76810 2.85429 2.85999 2.86585 2.95313 2.97929 2.98594 3.02387 2.86283 2.87634 2.88961 2.90297 2.94196 2.98042 3.01818 2.90463 2.64524 2.70182 3.30674 3.35743 3.38695 3.40832 3.32013 3.31361 3.31267 3.31173 3.31109 3.31106 3.31049 3.26737 3.63768 3.91276 3.91285 3.91392 3.91526 3.91661 3.88901 3.86848 3.86848 3.69174 2.95326 2.84208 2.84208 2.84208 2.84208 2.77906 2.62434 2.62434 2.62434 2.62434 2.62541 2.63054 2.43053 2.96582 3.15313 3.15428 3.15428 3.15428 3.15428 3.25059
2.79442 2.80118 2.81868 2.84314 2.84853 2.85408 2.85966 2.84664 2.95502 2.96453 2.96453 3.02998 3.07812 3.07812 3.21672 3.05565 3.04124 3.06080 3.08077 3.13759 3.25467 3.40971 3.54866 2.97743 3.08780 3.35869 3.42606 3.42600 3.42600 3.34442 3.31106 3.31106 3.31106 3.31106 3.31106 3.31107 3.26128 3.49711 3.91620 3.91746 3.91774 3.91774 3.91774 3.90504 3.86848 3.86848 3.87036 3.06314 2.84208 2.84208 2.84208 2.84208 2.82785 2.62826 2.63202 2.63753 2.64305 2.64749 2.64788 2.50906 2.79966 3.15624 3.16078 3.16075 3.15852 3.24196 3.43795
2.84428 2.84428 2.83941 2.86480 2.86480 2.86480 2.86480 2.86377 2.90929 2.96453 2.96453 3.01282 3.11352 3.21498 3.46158 3.49487 3.49288 3.60200 3.79187 4.05303 4.25105 4.33868 4.34991 3.32662 3.18295 3.28570 3.42600 3.42600 3.42600 3.37078 3.31106 3.31106 3.31143 3.31273 3.31408 3.31543 3.27989 3.39631 3.85858 3.92167 3.92621 3.93074 3.94319 4.02450 4.07854 4.17308 4.26805 3.49961 2.90618 2.91384 2.92759 2.94136 2.95512 2.81597 2.78541 2.79641 2.80742 2.81845 2.82941 2.76829 2.71692 3.08883 3.25977 3.44039 3.62326 3.76308 3.92336
2.84428 2.84428 2.83209 2.86346 2.86480 2.86480 2.87114 2.91813 3.14543 3.47608 3.63143 3.78288 3.98927 4.08324 4.21174 4.23572 4.18452 4.17099 4.18449 4.27209 4.42497 4.44126 4.45754 3.71759 3.28767 3.33210 3.56226 3.57958 3.59600 3.58461 3.51622 3.53385 3.55113 3.56731 3.58078 3.59326 3.58399 3.55379 3.84572 4.10245 4.19259 4.28277 4.36507 4.37766 4.34058 4.27259 4.21145 3.79448 3.06237 3.04399 3.04399 3.04399 3.04399 2.95349 2.86663 2.86663 2.86663 2.89551 3.16881 3.51442 3.64010 4.28312 4.42895 4.56330 4.69175 4.78440 4.78975
2.89631 3.00034 3.10406 3.13179 3.23088 3.32827 3.42040 3.48746 3.79466 4.30886 4.48298 4.66760 4.96050 5.12766 5.14569 4.95376 4.65479 4.46881 4.47523 4.51233 4.71788 4.71837 4.72095 4.28212 3.52412 3.52798 3.72569 3.77916 3.78320 3.78065 3.61450 3.60699 3.60318 3.59948 3.62068 3.71003 3.79672 3.82956 4.06422 4.36510 4.35856 4.30894 4.25151 4.19411 4.12596 4.07816 4.07816 4.00015 3.10081 3.04399 3.04166 3.00783 2.96414 3.03764 3.71042 4.02546 4.32548 4.58791 4.65635 4.65635 4.44313 4.76661 4.78975 4.78975 4.78975 4.78975 4.78975
4.21104 4.27735 4.34904 4.19752 4.10644 4.20069 4.39051 4.55232 4.79421 5.42406 5.43115 5.43342 5.53125 5.60017 5.61375 5.41243 5.01179 4.81301 4.76468 4.77614 4.75147 4.75194 4.75350 4.62668 3.55514 3.55422 3.67220 3.79727 3.79727 3.79727 3.67144 3.72314 3.81704 3.91110 3.98290 3.98749 3.97656 3.86230 3.83778 4.18478 4.13524 4.12742 4.12742 4.12431 4.09223 4.00975 3.96912 3.93110 3.12803 2.78708 2.84206 2.98460 3.13693 3.35601 4.63700 4.65635 4.65601 4.65087 4.64434 4.63784 4.45488 4.61896 4.71008 4.69813 4.68574 4.67376 4.66144
4.93521 4.92342 4.90972 4.77764 4.80642 4.89424 4.88795 4.87879 4.86978 5.39577 5.46761 5.46761 5.57387 5.72273 5.72273 5.56643 5.14046 4.95167 4.80297 4.80415 4.76814 4.75669 4.75671 4.75671 3.74221 3.55422 3.61920 3.93493 4.02899 4.12289 4.07230 3.98749 3.97109 3.91509 3.85512 3.79397 3.74818 3.73626 3.76410 3.96500 3.93506 3.89201 3.84888 3.80888 3.79676 3.75992 3.79369 3.91840 3.62561 3.14797 3.19725 3.19074 3.18419 3.17766 4.22770 4.50872 4.50255 4.50114 4.50114 4.50114 4.32242 4.26012 4.44649 4.44649 4.45154 4.48881 4.53167
4.81194 4.81194 4.81194 4.80338 4.80934 4.85938 4.85938 4.85938 4.85938 5.23326 5.46761 5.46761 5.51461 5.72273 5.72273 5.62097 5.25778 5.07109 4.82658 4.82826 4.80579 4.78755 4.82503 4.90707 4.15665 3.57522 3.60304 4.13126 4.15138 4.08824 3.99478 3.84537 3.86448 3.93026 4.00051 4.07119 4.13611 4.05402 3.96263 3.82883 3.72881 3.72881 3.72548 3.71031 3.69411 3.81587 4.17483 4.17508 4.04748 3.17116 3.15706 3.15706 3.15706 3.15706 3.86977 4.50114 4.50114 4.50114 4.50114 4.50114 4.42873 4.23091 4.54305 4.58595 4.62379 4.62944 4.62944
4.81194 4.81194 4.81194 4.81194 4.78444 4.85938 4.85938 4.85938 4.85938 5.07245 5.46761 5.46761 5.47015 5.70790 5.72273 5.72273 5.50605 5.21421 4.98988 4.99344 5.06890 5.16332 5.22280 5.31386 5.09128 4.36017 4.86183 4.73035 4.29311 4.36104 4.35487 4.14860 4.14860 4.14860 4.14860 4.14860 4.14860 4.09474 3.96213 3.87606 3.69912 3.68292 3.67001 3.66897 3.66897 3.68599 4.15068 4.17508 4.17049 3.34770 3.15706 3.15706 3.15706 3.15706 3.52588 4.50114 4.52326 4.56618 4.60907 4.65197 4.67536 4.29442 4.62944 4.62944 4.62944 4.62944 4.63390
4.81194 4.81194 4.81194 4.81194 4.76037 4.85938 4.85938 4.85938 4.85938 4.91394 5.46511 5.46761 5.46761 5.65108 5.78258 5.90949 5.95955 5.79153 5.78389 5.65151 5.97591 6.69598 7.28159 7.77606 7.85902 5.81991 5.79759 5.43196 4.38050 4.38050 4.38050 4.17583 4.14860 4.14860 4.14860 4.13874 4.11983 4.08943 3.90841 3.88753 3.67184 3.66897 3.66897 3.66897 3.66897 3.65639 3.93643 4.05541 3.99164 3.56135 3.16278 3.16611 3.20828 3.26498 3.37797 4.69118 4.75729 4.77117 4.78502 4.79889 4.81277 4.47602 4.66245 4.69457 4.67173 4.61527 4.55449
4.81194 4.81194 4.81194 4.81194 4.79361 4.81814 4.85938 4.85938 4.85938 4.85716 5.49181 5.90017 6.19443 6.66340 7.08052 7.24880 7.56798 7.41784 7.71402 7.35040 7.54036 7.99039 8.01089 8.01089 8.01086 6.24781 5.79708 5.78070 4.50296 4.37943 4.37921 4.22239 4.12398 4.10484 4.08571 4.07644 4.07622 4.07601 3.92588 3.91376 3.72613 3.65308 3.57570 3.48996 3.39742 3.31469 3.49915 3.87863 3.83007 3.70136 3.48348 3.53690 3.55153 3.55153 3.55153 4.57666 4.89561 4.89561 4.89561 4.89561 4.87581 4.55119 4.44140 4.42176 4.35759 4.32697 4.29628
4.81194 4.81194 4.81194 4.78528 4.65641 4.56203 4.62034 4.61334 4.60599 4.60047 6.04493 7.19595 7.42384 7.93661 8.60211 9.03722 9.27430 8.64834 8.45720 7.71482 7.53092 7.88665 8.00616 8.00590 8.00567 6.82200 5.79103 5.78691 4.86976 4.33346 4.31269 4.18625 4.02754 4.02089 4.01425 4.00759 4.00098 3.96675 3.78365 3.67755 3.46473 3.27023 3.26677 3.25739 3.21234 3.16386 3.14301 3.64235 3.65633 3.65809 3.57755 3.55153 3.55153 3.55153 3.55157 4.21179 4.81108 4.72119 4.62556 4.52979 4.45403 4.26370 4.09528 4.22478 4.22478 4.22478 4.22478
4.63785 4.52806 4.41812 4.33533 4.35425 4.50738 4.91389 4.91820 5.14058 5.56005 6.72689 8.95487 9.16886 9.18579 9.47658 9.48427 9.48635 8.95055 8.53726 8.08378 7.60154 7.81281 7.98630 7.98398 7.96840 7.33953 5.70655 5.68568 5.22372 4.28385 4.28385 4.22528 3.98767 3.95009 3.87349 3.79000 3.69868 3.63833 3.57828 3.51028 3.40422 3.15693 3.10841 3.06934 3.06586 3.06586 3.06586 3.47214 3.65646 3.65654 3.62654 3.55193 3.54745 3.49524 3.41787 3.59082 4.42153 4.42289 4.42289 4.42289 4.42289 4.35466 4.04171 4.22478 4.22545 4.22765 4.22992
4.53474 4.53474 4.53537 4.54830 4.56589 4.58678 5.96572 6.56859 6.78378 6.79787 6.93355 9.32380 9.39173 9.40567 9.50775 9.53342 9.53342 9.20080 8.58010 8.45418 7.63201 7.72565 7.92688 7.90426 7.89491 7.80939 5.74222 5.68162 5.62867 4.30873 4.17947 4.10420 3.70116 3.63757 3.63757 3.61351 3.55555 3.49738 3.41700 3.31820 3.35637 3.08136 3.06936 3.07082 3.07228 3.07375 3.07520 3.27678 3.60832 3.52980 3.44939 3.24728 3.16538 3.12827 3.11209 3.14090 4.31300 4.44672 4.44809 4.44948 4.45084 4.44991 4.07491 4.28643 4.28841 4.28847 4.28847
4.69137 4.70904 4.72599 4.73065 4.73065 4.73065 6.09227 6.85931 6.85931 6.85931 6.85931 8.80239 9.41096 9.41096 9.47949 9.53342 9.53342 9.40625 8.58010 8.58010 7.75803 7.61661 7.89491 7.89491 7.89491 7.89491 6.23583 5.68162 5.68162 4.53707 3.99292 3.96086 3.64002 3.51339 3.51986 3.55096 3.61595 3.68123 3.74359 3.69156 3.74272 3.23487 3.02821 3.00229 2.97742 2.97230 2.99491 3.04936 3.22866 3.21248 3.25202 3.13756 3.12266 3.12266 3.12266 3.12266 3.98874 4.45546 4.45546 4.45546 4.45546 4.45546 4.14455 4.23923 4.23416 4.19540 4.15668
4.73065 4.73065 4.73065 4.73065 4.73065 4.73065 5.41111 6.85931 6.85931 6.85931 6.85931 8.12697 9.41096 9.41096 9.45122 9.53342 9.53342 9.53199 8.65980 8.58010 8.07516 7.56894 7.88216 7.89491 7.89491 7.89491 6.81758 6.03552 6.54864 5.96188 4.05289 4.09192 3.97600 3.84270 3.84328 3.84328 3.84328 3.84328 3.84328 3.73698 3.73992 3.36626 2.96735 3.01298 3.05856 3.08612 3.08641 3.08641 3.17647 3.21248 3.22311 3.20663 3.12266 3.12266 3.12266 3.12266 3.65179 4.45546 4.45486 4.42933 4.39058 4.35188 4.09055 4.03621 4.12301 4.12301 4.12301
4.73065 4.73065 4.73065 4.73065 4.73065 4.73065 4.78755 6.75223 6.85931 6.85931 6.85931 7.45053 9.41096 9.41096 9.42304 9.53335 9.53342 9.53342 8.86372 8.57056 8.27285 7.21997 7.19924 7.32239 7.58078 7.85992 8.09589 7.92698 7.92698 7.65687 4.25681 4.19870 4.09904 3.84328 3.84328 3.84328 3.84328 3.84571 3.89278 3.86486 3.88087 3.77281 3.09100 3.08641 3.08641 3.08641 3.08641 3.08641 3.13557 3.21248 3.21248 3.25734 3.12266 3.12569 3.13006 3.10959 3.30701 4.36614 4.34872 4.34282 4.35010 4.35739 4.23052 4.01877 4.08863 4.08540 4.08199
4.73065 4.73065 4.73065 4.73065 4.73065 4.73065 4.73065 6.20995 6.85931 6.85931 6.85931 6.90703 9.27878 9.33850 9.16735 9.09923 8.92612 8.72216 7.95551 7.46730 7.96338 7.51937 8.00206 8.42433 8.42433 8.42433 8.41363 7.94830 7.92698 7.92698 5.14676 4.21834 4.23317 3.93830 4.00132 4.10119 4.20116 4.29880 4.35175 4.29997 4.12745 4.03533 3.26383 3.19722 3.21237 3.22783 3.24329 3.25877 3.28434 3.41398 3.43057 3.47782 3.22024 3.18272 3.15141 3.14491 3.16133 4.31828 4.47927 4.47927 4.47927 4.47927 4.43336 4.05236 4.04454 3.97654 3.85775
4.73065 4.73065 4.73065 4.73065 4.73065 4.73065 4.73760 5.66004 7.15920 7.33605 7.52548 7.72906 8.12860 8.07688 8.08929 8.56539 9.18206 9.74306 10.0476 9.68245 9.72769 9.00864 8.55711 9.00682 9.05187 9.09711 9.14225 8.70207 8.57377 8.60989 7.04431 5.05055 5.15489 4.89989 4.86099 4.87198 4.88288 4.89369 4.90465 4.86443 4.51264 4.25451 3.65381 3.37021 3.37050 3.37050 3.36941 3.36618 3.36290 3.45306 3.48314 3.49570 3.24192 3.14307 3.14307 3.14307 3.14307 3.96565 4.38647 4.28029 4.16499 4.04369 3.91629 3.34557 3.14720 3.08150 3.08150
4.78011 4.89352 5.02013 5.15823 5.30894 5.47492 5.64537 5.84237 8.07789 8.15346 8.18548 8.60420 9.20614 9.81719 10.4237 10.7200 10.8551 10.8933 10.9199 10.6810 10.7728 10.5504 9.19887 9.60254 9.65351 9.70447 9.76014 9.48358 9.19145 9.29613 8.91344 5.66666 5.66069 5.24273 4.95670 4.95670 4.95670 4.95670 4.95670 4.95560 4.63329 4.27219 3.89496 3.36570 3.36242 3.35913 3.35694 3.35688 3.35688 3.40943 3.48693 3.51824 3.41083 3.21247 3.23741 3.26243 3.28433 3.36301 3.59701 3.59229 3.59216 3.59216 3.59216 3.24086 3.08203 3.08150 3.08150
5.61888 5.62269 5.61883 5.61487 5.61081 5.60665 5.60238 5.63522 9.21118 11.0343 11.8217 12.1064 12.1632 12.2201 12.2770 12.3918 12.7476 12.8152 12.8716 12.5166 12.4484 12.4484 10.3235 10.0007 10.0805 10.1603 10.2351 10.0670 9.38897 9.38897 9.38897 6.35940 5.66069 5.40324 4.95670 4.95670 4.95670 4.95668 4.95391 4.94931 4.70658 4.31113 4.12067 3.37165 3.38657 3.41417 3.44291 3.47139 3.49167 3.52546 3.66986 3.64392 3.58757 3.17004 3.12995 3.09171 3.05773 3.03245 3.39361 3.40042 3.38449 3.36838 3.35242 3.38650 3.51257 3.53633 3.56134
5.98624 6.07151 6.15686 6.24213 6.32749 6.41275 6.49811 6.54790 9.46081 12.4877 12.4877 12.4877 12.4877 12.4877 12.4877 12.4906 12.8521 12.8772 12.8772 12.6089 12.4484 12.4484 11.2110 10.2518 10.2518 10.2518 10.2518 10.2471 9.45023 9.38897 9.38897 7.51819 5.66069 5.56347 4.95324 4.94864 4.94199 4.92187 4.90205 4.88407 4.58295 4.07906 3.91551 3.40149 3.27546 3.24186 3.20824 3.17709 3.19887 3.24816 3.26369 3.23979 3.26618 2.92236 2.84222 2.84222 2.84222 2.84222 3.09678 3.21663 3.21663 3.21663 3.21663 3.33570 3.72663 3.72470 3.68109
6.54819 6.54819 6.54819 6.54819 6.54819 6.54819 6.54819 6.54819 7.29262 12.4472 12.4877 12.4877 12.4877 12.4877 12.4877 12.4877 12.7649 12.8772 12.8772 12.7011 12.4484 12.4484 12.0141 10.2520 10.2518 10.2518 10.2518 10.2518 9.64445 9.36556 9.03140 8.00185 5.59670 5.57340 4.91527 4.83301 4.83712 5.01640 5.22324 5.41920 5.38071 4.95317 4.93049 4.19222 3.13793 3.20651 3.27610 3.34499 3.37089 3.37089 3.31219 3.23875 3.25755 3.05568 2.84222 2.84222 2.84222 2.84222 2.99902 3.21663 3.21663 3.21312 3.16424 3.12940 3.50304 3.42417 3.38934
6.54819 6.54819 6.54819 6.54819 6.54819 6.54819 6.54819 6.54819 6.54819 11.4706 12.4877 12.4877 12.4877 12.4877 12.4877 12.4877 12.6743 12.8772 12.8772 12.7936 12.4484 12.4484 12.4484 10.5504 10.2518 10.2202 9.81227 9.29987 8.48214 7.71215 7.71615 7.84482 6.27224 6.20884 5.94867 5.92061 6.06690 6.09278 6.09278 6.09278 6.03270 5.38213 5.19494 4.89745 3.36992 3.37089 3.37089 3.37089 3.37089 3.37089 3.35449 3.23908 3.24884 3.18904 2.84222 2.84222 2.84222 2.83242 2.84953 3.08410 3.02246 2.97285 2.98027 3.00704 3.42144 3.45366 3.46504
6.54819 6.54819 6.54819 6.54819 6.54819 6.54819 6.54819 6.54819 6.54819 9.81861 12.4877 12.4877 12.4877 12.4877 12.4877 12.4877 12.5841 12.8772 12.8772 12.8695 12.4646 12.4012 11.8482 10.0977 8.77216 8.29143 8.18237 8.18237 8.09009 8.32940 8.42259 8.42259 7.42458 6.67944 6.41303 6.09278 6.09445 6.14667 6.25249 6.36569 6.46932 5.83089 5.35558 5.33138 3.57139 3.45152 3.46083 3.47011 3.49688 3.54466 3.59247 3.53468 3.55775 3.47468 3.06129 2.99417 2.96414 2.94398 2.96672 3.35963 3.41327 3.43037 3.43585 3.43585 3.77693 3.68649 3.65243
6.54819 6.54819 6.54819 6.54819 6.54819 6.54819 6.54819 6.54819 6.54819 7.68739 12.4849 12.4877 12.4877 12.4877 12.4877 12.4877 12.5021 12.8121 12.2128 11.4701 10.7146 10.1947 10.1464 9.88436 8.65622 8.72181 8.78726 8.85258 8.91803 8.81531 9.00039 9.04402 8.62846 7.41725 7.39748 7.07492 7.22500 7.32448 7.37025 7.40881 7.44723 6.85764 5.90843 5.76287 4.57474 3.99410 4.03261 4.07062 4.09163 4.04189 3.94192 3.77905 3.60988 3.32250 3.12512 3.02490 3.02490 3.02490 3.02490 3.29637 3.43585 3.43591 3.46396 3.51538 3.80233 3.99300 3.84873
6.49881 6.39122 6.30544 6.21842 6.13218 6.04562 5.95892 5.87267 5.78596 5.69972 11.0765 11.8067 11.7489 11.6334 11.0058 10.2624 9.51789 9.13623 9.08388 9.08388 10.3931 11.4628 11.4628 11.5618 9.98428 9.87334 10.0152 10.1583 10.3013 9.98962 10.1020 10.2670 10.3985 8.93721 8.88593 7.77284 7.73676 7.73676 7.73676 7.73676 7.73676 7.27775 6.27833 5.91224 5.20197 4.02777 3.92772 3.82783 3.72781 3.67750 3.67750 3.65729 3.54537 3.38354 3.20006 3.02490 3.02490 3.02490 3.04027 3.25210 3.55652 3.60785 3.63120 3.63120 3.75593 4.09358 3.84873
5.10977 4.99706 4.99706 4.99706 4.99706 4.99706 4.99706 4.99706 4.99706 4.96351 8.23837 10.1556 9.64392 9.20862 9.28489 9.47787 9.67086 10.1175 10.5229 10.7118 11.6992 13.4725 13.6623 13.7528 12.2864 11.2348 11.3136 11.4179 11.5223 11.1379 10.7114 10.7114 10.7114 9.58673 8.96826 8.01951 7.73676 7.73676 7.73676 7.73676 7.73283 7.40943 6.31333 5.67399 5.31635 3.67750 3.67750 3.67750 3.67750 3.67750 3.67750 3.67750 3.56785 3.44567 3.30129 3.17572 3.27932 3.40377 3.51927 3.63782 3.75571 3.77877 3.80241 3.82637 3.87722 4.17594 3.84873
5.33368 5.33639 5.62587 5.91535 6.20482 6.46588 6.31313 6.07545 5.88240 5.75075 6.81302 10.8202 10.8386 10.8386 10.8386 10.8386 10.8386 11.0101 11.3738 11.3738 11.6578 13.7528 13.7528 13.7528 13.2320 11.5900 11.6156 11.6156 11.6156 11.4698 10.6738 10.7114 10.7114 10.1255 8.96826 8.30017 7.72786 7.64458 7.54465 7.44471 7.37901 7.35962 6.76158 5.96434 6.01863 4.16523 3.98312 4.05780 4.16838 4.28709 4.41424 4.54387 4.65670 4.80364 4.59778 4.36665 4.24588 4.24588 4.24588 4.24588 4.24588 4.24588 4.24588 4.24588 4.24588 4.24089 3.86617
