High_resolution/powerplant/Chizhou/OMI_NO2_201109.asc
ncols      200
nrows      200
xllcorner       115.585
yllcorner       28.7700
cellsize     0.0166667
NODATA_Value      -999.000
[rows 0 to 28 of 186, columns 0 to 66 of 200]
0.00000 0.00000 0.00000 0.00000 0.00000 0.00000 0.00000 0.00000 0.00000 0.00000 0.00000 0.00000 0.00000 0.00000 10.8763 10.8763 10.2124 9.08350 8.27789 7.59570 6.91968 6.48447 6.26673 6.03785 5.81188 5.67932 5.64817 5.64817 5.64817 5.64817 5.64817 5.64817 4.92822 2.58295 2.58295 2.58295 2.58295 2.58295 2.58295 2.58295 2.58295 2.58295 9.93742 9.93742 9.93742 9.93742 9.93742 9.93742 9.93742 9.93742 9.93742 9.93742 9.93742 9.52284 8.69897 8.09252 7.62851 7.26657 7.05736 3.73378 2.73694 2.73694 2.73694 2.73694 2.73694 2.73694 2.73694
0.00000 0.00000 0.00000 0.00000 0.00000 0.00000 0.00000 0.00000 0.00000 0.00000 10.8763 10.3806 8.81203 8.24681 7.79251 7.22196 6.71250 6.14006 5.96821 5.81701 5.74325 5.74317 5.74317 5.73560 5.64927 5.64817 5.64817 5.64817 5.64817 5.64817 5.64817 5.64817 5.53695 2.58875 2.58295 2.58295 2.58295 2.58295 2.58295 3.33200 4.59803 5.48157 9.37394 9.93742 9.93742 9.93742 9.93742 9.93742 9.54008 8.70739 8.09881 7.63663 7.27143 7.08459 7.08274 7.08274 7.08274 7.08274 7.08274 5.46351 2.73694 2.73694 2.73694 2.73694 2.73694 2.73694 2.73694
0.00000 0.00000 0.00000 0.00000 0.00000 0.00000 9.93836 7.80269 7.53923 7.47231 7.34531 6.94302 6.87212 6.87212 6.87212 6.87212 6.77747 5.75794 5.74317 5.74317 5.74317 5.74317 5.74317 5.74317 5.67024 5.64817 5.64817 5.64817 5.64817 5.64817 5.64817 5.64817 5.65634 3.88935 2.58295 3.03635 4.36078 5.29268 5.95773 6.25871 6.26018 6.26018 7.97795 9.54849 8.72008 8.10881 7.64070 7.27630 7.08531 7.08274 7.08274 7.08274 7.08274 7.08274 7.08274 7.08274 7.08274 7.08274 7.08274 6.57509 2.76601 2.73694 2.73694 2.73694 2.86055 4.31153 5.60035
0.00000 0.00000 0.00000 0.00000 0.00000 9.37136 6.89755 6.87212 6.87212 6.87212 6.87212 6.87212 6.87212 6.87212 6.87212 6.87212 6.87212 5.94825 5.74317 5.74317 5.74317 5.74317 5.74317 5.74317 5.69947 5.64817 5.64817 5.64817 5.64817 5.64817 5.64817 5.60423 5.16769 4.81315 5.82740 6.23873 6.26018 6.26018 6.30880 6.49857 6.69707 6.89536 7.13363 7.08574 7.08274 7.08274 7.08274 7.08274 7.08274 7.08274 7.08274 7.08274 7.08274 7.08274 7.08274 7.08274 7.08274 7.08274 7.08274 7.05739 3.65021 4.14043 5.48470 6.42293 7.08102 7.21354 7.21354
0.00000 0.00000 0.00000 0.00000 0.00000 10.8220 7.10449 6.87212 6.87212 6.87212 6.87212 6.87212 6.87212 6.87212 6.87212 6.87212 6.87212 6.23634 5.74317 5.74317 5.74317 5.74317 5.74317 5.74317 5.72848 5.64817 5.64817 5.64555 5.34505 4.75819 4.03171 3.20480 3.03411 3.49003 6.46109 6.66322 6.86191 7.06032 7.21020 7.21912 7.21912 7.21912 7.21152 7.08579 7.08274 7.08274 7.08274 7.08274 7.08274 7.08274 7.08274 7.08274 7.08274 7.08274 7.08274 7.08274 7.08274 6.87265 6.36549 5.65689 6.60189 7.21354 7.21354 7.21354 7.21354 7.21354 7.21354
0.00000 0.00000 0.00000 0.00000 0.00000 10.8763 7.91861 6.87212 6.87212 6.87212 6.87212 6.87212 6.87212 6.87212 6.87212 6.87212 6.87212 6.60062 5.74317 5.74317 5.74317 5.74317 5.74317 5.74317 5.59766 4.97756 4.28511 3.44012 3.04696 3.20509 3.40349 3.60190 3.80068 3.99374 6.88976 7.21912 7.21912 7.21912 7.21912 7.21912 7.21912 7.21912 7.21912 7.11928 7.08274 7.08274 7.08274 7.08274 7.08274 7.08274 7.08274 7.08274 7.08274 6.95727 6.49140 5.83586 4.87413 4.22806 4.22806 4.22806 5.65150 7.21354 7.21354 7.21354 7.21354 7.21354 7.29912
0.00000 0.00000 0.00000 0.00000 0.00000 10.8763 8.93299 6.87212 6.87212 6.87212 6.87212 6.87212 6.87212 6.87212 6.87212 6.87212 6.87212 6.86941 5.83333 5.74317 5.69446 5.25547 4.63592 3.86437 3.28869 3.38096 3.56824 3.76683 3.95281 4.01160 4.03911 4.06668 4.09419 4.12172 5.89837 7.21912 7.21912 7.21912 7.21912 7.21912 7.21912 7.21912 7.21912 7.16024 7.08274 7.08274 7.08274 7.08274 7.08274 7.01852 6.60834 6.00101 5.12305 4.25872 4.22806 4.22806 4.22806 4.22806 4.22806 4.22806 4.34918 7.27124 7.62920 7.92238 8.21602 8.50907 8.71742
0.00000 0.00000 0.00000 0.00000 0.00000 0.00000 10.5190 6.98768 6.87212 6.87212 6.87212 6.87212 6.87212 6.87212 6.87212 6.87212 6.86751 6.49464 5.10584 4.17304 3.50452 3.49443 3.63189 3.77784 3.85628 3.92563 4.08453 4.11208 4.13919 4.14858 4.14858 4.14858 4.14858 4.14858 4.68520 7.21217 7.21912 7.21912 7.21912 7.21912 7.21912 7.21912 7.21912 7.20122 7.08283 7.05855 6.71779 6.15338 5.34827 4.35969 4.22806 4.22806 4.22806 4.22806 4.22806 4.22806 4.23334 4.24666 4.26000 4.27346 4.28680 7.58425 8.72558 8.72558 8.72558 8.72558 8.72558
0.00000 0.00000 0.00000 0.00000 0.00000 0.00000 10.8763 7.69341 6.87212 6.87212 6.87212 6.87212 6.87212 6.68541 6.02466 5.23622 4.10551 3.68846 3.86224 3.87165 3.90167 3.92923 3.95676 3.97494 3.97538 3.97766 4.13549 4.14858 4.14858 4.14858 4.14858 4.14858 4.14858 4.14858 4.19469 6.87057 7.21912 7.21912 7.21912 7.21912 7.21912 7.21585 6.96936 6.46821 5.58953 4.52467 4.22806 4.22806 4.22806 4.22806 4.22806 4.23306 4.24639 4.25973 4.27318 4.28653 4.29464 4.29473 4.29473 4.29473 4.29473 6.16642 8.72558 8.72558 8.72558 8.72558 8.72558
0.00000 0.00000 0.00000 0.00000 0.00000 0.00000 0.00000 8.49563 6.87212 6.80844 6.35704 5.70349 4.74961 3.90906 4.11736 4.15441 4.15441 4.15441 4.13772 3.97765 3.97538 3.97538 3.97538 3.97538 3.97538 3.97538 4.08510 4.14858 4.14858 4.14858 4.14858 4.14858 4.14858 4.14858 4.15110 6.04084 7.21912 7.21912 7.05939 6.59285 5.94256 4.98876 4.50082 4.50082 4.35680 4.22806 4.23282 4.24611 4.25946 4.27287 4.28626 4.29461 4.29473 4.29473 4.29473 4.29473 4.29473 4.29473 4.29473 4.29473 4.29473 4.44145 8.55742 8.72558 8.72558 8.72558 8.72558
0.00000 0.00000 0.00000 0.00000 0.00000 2.28835 2.28835 5.20554 5.28909 4.29402 4.15441 4.15441 4.15441 4.15441 4.15441 4.15441 4.15441 4.15441 4.15441 4.00246 3.97538 3.97538 3.97538 3.97538 3.97538 3.97538 4.03243 4.14858 4.14858 4.14858 4.14858 4.14858 4.14858 4.14858 4.14858 4.69469 6.10640 5.22877 4.50625 4.50082 4.50082 4.45979 4.30581 4.14533 4.03988 4.28600 4.29457 4.29473 4.29473 4.29473 4.29473 4.29473 4.29473 4.29473 4.29473 4.29473 4.29473 4.29473 4.29473 4.29473 4.29473 4.29473 7.68822 8.84324 9.92951 11.2313 12.5321
2.28835 2.28835 2.28835 2.28835 2.28835 2.28835 2.28835 2.28835 3.65995 4.15441 4.15441 4.15441 4.15441 4.15441 4.15441 4.15441 4.15441 4.15441 4.15441 4.04317 3.97538 3.97538 3.97538 3.97538 3.97538 3.97538 3.98435 4.14401 4.14858 4.14858 4.14858 4.14858 4.14858 4.14858 4.14858 4.23161 4.47744 4.33399 4.17351 4.01303 3.85254 3.73317 3.72667 3.72667 3.73229 4.24764 4.29473 4.29473 4.29473 4.29473 4.29473 4.29473 4.29473 4.29473 4.29473 4.29473 4.29473 4.29473 4.29473 4.29473 4.29473 4.29473 7.86016 13.5814 13.7969 13.7969 13.7969
2.28835 2.28835 2.28835 2.28835 2.28835 2.28835 2.28835 2.28835 3.08646 4.15441 4.15441 4.15441 4.15441 4.15441 4.15441 4.15441 4.15441 4.15441 4.15441 4.10388 3.97538 3.97538 3.97538 3.97538 3.97538 3.97538 3.97538 4.10033 4.14858 4.14858 4.14858 4.14328 4.07922 3.99906 3.91878 3.84083 3.74380 3.72667 3.72667 3.72667 3.72667 3.72667 3.72667 3.72667 3.72667 4.08284 4.29473 4.29473 4.29473 4.29473 4.29473 4.29473 4.29473 4.29473 4.29473 4.29473 4.29473 4.29473 4.29473 4.29473 4.29473 4.29473 4.71013 13.4713 13.7969 13.7969 13.7969
2.28835 2.28835 2.28835 2.28835 2.28835 2.28835 2.28835 2.28835 2.51676 4.15105 4.15441 4.15441 4.15441 4.15441 4.15441 4.15441 4.15441 4.15441 4.15441 4.15412 3.98713 3.97538 3.97538 3.97538 3.97538 3.97538 3.97497 4.01185 4.01311 3.93287 3.85266 3.77773 3.73334 3.67869 3.62397 3.56932 3.65283 3.72667 3.72667 3.72667 3.72667 3.72667 3.72667 3.72667 3.72667 3.91254 4.29473 4.29473 4.29473 4.29473 4.29473 4.29473 4.29473 4.29473 4.29473 4.29473 4.29473 4.29473 4.29473 4.29473 4.29473 4.29473 4.29473 11.6299 14.0865 14.8656 15.6512
2.28835 2.28835 2.28835 2.28835 2.28835 2.28835 2.28835 2.28835 2.28835 3.80564 4.15441 4.15441 4.15441 4.15441 4.15441 4.15441 4.15441 4.15441 4.15441 4.15441 4.02135 3.97538 3.96441 3.93380 3.90283 3.87185 3.82872 3.75799 3.64257 3.58772 3.53307 3.47820 3.45168 3.45168 3.45168 3.45168 3.55103 3.72667 3.72667 3.72667 3.72667 3.72667 3.72667 3.72667 3.72667 3.75664 4.28048 4.29473 4.29473 4.29473 4.29473 4.29473 4.29473 4.29473 4.29473 4.29473 4.29473 4.29473 4.29473 4.43798 4.81170 5.18767 5.56364 11.9692 17.8348 17.8421 17.8421
2.28835 2.28835 2.28835 2.28835 2.28835 2.28835 2.28835 2.28835 2.28835 3.23295 4.15441 4.15441 4.15441 4.15441 4.15441 4.15441 4.15441 4.14594 4.09107 4.02911 3.92303 3.80480 3.73010 3.67504 3.62039 3.56567 3.52341 3.52059 3.46471 3.45168 3.45168 3.45168 3.45168 3.45168 3.45168 3.45168 3.49044 3.72667 3.72667 3.72667 3.72667 3.72667 3.72667 3.72667 3.72667 3.72667 4.14022 4.29473 4.29473 4.29473 4.29473 4.29473 4.29473 4.29473 4.43215 4.80737 5.18391 5.55988 5.93586 6.17122 6.17460 6.17460 6.17460 7.79158 17.6846 17.8421 17.8421
2.28835 2.28835 2.28835 2.28835 2.28835 2.28835 2.28835 2.28835 2.28835 2.65914 4.15441 4.15441 4.15313 4.11089 4.04894 3.96438 3.85803 3.78409 3.75597 3.73755 3.71402 3.52603 3.52059 3.52059 3.52059 3.52059 3.52059 3.52059 3.48559 3.45168 3.45168 3.45168 3.45168 3.45168 3.45168 3.45168 3.45438 3.69745 3.72667 3.72667 3.72667 3.72667 3.72667 3.72667 3.72667 3.72667 3.96980 4.29473 4.29473 4.42895 4.80042 5.18015 5.55612 5.93210 6.17065 6.17460 6.17460 6.17460 6.17460 6.17460 6.17460 6.17460 6.17460 6.18688 16.3056 17.8421 17.8421
2.28835 2.28835 2.28835 2.28835 2.28835 2.28835 2.28835 2.28835 2.22414 2.05267 3.73011 3.85491 3.78074 3.74691 3.73022 3.72059 3.72033 3.72033 3.72033 3.72033 3.72033 3.57424 3.52059 3.52059 3.52059 3.52059 3.52059 3.52059 3.50645 3.45168 3.45168 3.45168 3.45168 3.45168 3.45168 3.45168 3.45168 3.59321 3.72667 3.72667 3.72667 3.72667 3.72667 3.72667 3.71089 3.65657 3.74848 5.55019 5.92834 6.17009 6.17460 6.17460 6.17460 6.17460 6.17460 6.17460 6.17460 6.17460 6.17460 6.17460 6.17460 6.17460 6.17460 6.17460 13.0915 17.8421 17.7513
2.28835 2.28835 2.28835 2.27608 2.12475 2.17238 2.27463 2.30448 2.36459 2.47276 3.21474 3.72033 3.72033 3.72033 3.72033 3.72033 3.72033 3.72033 3.72033 3.72033 3.72033 3.63141 3.52059 3.52059 3.52059 3.52059 3.52059 3.52059 3.52027 3.45875 3.45168 3.45168 3.45168 3.45168 3.45168 3.45168 3.45168 3.51961 3.72667 3.71718 3.66601 3.60995 3.55379 3.49768 3.45738 3.45562 3.45562 5.70857 6.17460 6.17460 6.17460 6.17460 6.17460 6.17460 6.17460 6.17460 6.17460 6.17460 6.17460 6.17460 6.17460 6.17460 6.17460 6.17460 8.65379 15.3649 14.0201
2.02242 1.83193 1.64154 1.46324 1.42409 2.13182 2.50013 2.50013 2.50013 2.50013 2.84151 3.72033 3.72033 3.72033 3.72033 3.72033 3.72033 3.72033 3.72033 3.72033 3.72033 3.68866 3.52059 3.52059 3.52059 3.52059 3.52059 3.52059 3.52059 3.47935 3.45168 3.45168 3.45168 3.45168 3.44928 3.42601 3.39798 3.38160 3.50659 3.46052 3.45562 3.45562 3.45562 3.45562 3.45562 3.45562 3.45562 4.89396 6.17460 6.17460 6.17460 6.17460 6.17460 6.17460 6.17460 6.17460 6.17460 6.17460 6.17460 6.17460 6.17460 6.17460 6.17460 6.17460 6.44715 13.5581 13.8514
1.42409 1.42409 1.42409 1.42409 1.42409 1.78336 2.50013 2.50013 2.50013 2.50013 2.53228 3.65639 3.72033 3.72033 3.72033 3.72033 3.72033 3.72033 3.72033 3.72033 3.72033 3.72025 3.54622 3.52059 3.52059 3.52059 3.52059 3.52059 3.52059 3.49841 3.43075 3.40270 3.37466 3.34662 3.32095 3.25623 3.10731 2.95737 3.23335 3.45562 3.45562 3.45562 3.45562 3.45562 3.45562 3.45562 3.45562 4.08044 6.17460 6.17460 6.17460 6.17460 6.17460 6.17460 6.17460 6.17460 6.17460 6.17460 6.17460 6.17460 6.17460 6.17460 6.17460 6.17460 6.17460 11.5652 13.8514
1.42409 1.42409 1.42409 1.42409 1.42409 1.43543 2.44670 2.50013 2.50013 2.50013 2.50013 3.31539 3.72033 3.72033 3.72033 3.72033 3.72033 3.72033 3.72033 3.72033 3.72033 3.72033 3.60335 3.52059 3.52059 3.41206 3.15461 2.89703 2.63861 2.40035 3.11738 3.00899 2.85923 2.70921 2.55935 2.46943 2.46858 2.46858 2.83857 3.45562 3.45562 3.45562 3.45562 3.45562 3.45562 3.45562 3.45562 3.48471 5.95545 6.17460 6.17460 6.17460 6.17460 6.17460 6.17460 6.17460 6.17460 6.17460 6.17460 6.17460 6.17460 6.17460 6.15429 6.09761 6.04061 11.5047 21.4599
1.42409 1.42409 1.42409 1.42409 1.42409 1.42409 2.24854 2.50013 2.50013 2.50013 2.50013 2.94197 3.72033 3.72033 3.72033 3.72033 3.72033 3.72033 3.72033 3.72033 3.67487 3.43864 3.12062 2.71977 2.35891 2.06001 1.90932 1.75955 1.60945 1.48240 2.15877 2.46858 2.46858 2.46858 2.46858 2.46858 2.46858 2.46858 2.61737 3.45562 3.45562 3.45562 3.45562 3.45562 3.45562 3.45562 3.45562 3.45562 5.17129 6.17460 6.17460 6.17460 6.17460 6.17460 6.17460 6.17460 6.17460 6.15525 6.09890 6.04174 5.98473 5.92738 5.89080 5.89011 5.89011 7.77199 22.5943
1.42409 1.42409 1.42409 1.42409 1.42409 1.42409 1.95964 2.50013 2.50013 2.50013 2.50013 2.58737 3.70167 3.72033 3.72033 3.71117 3.52221 3.26463 2.99276 2.64588 2.27277 2.07413 1.83836 1.51493 1.46714 1.46714 1.46714 1.46714 1.46714 1.46714 1.85604 2.46858 2.46858 2.46858 2.46858 2.46858 2.46858 2.46858 2.48138 3.36718 3.45562 3.45562 3.45562 3.45562 3.45562 3.45562 3.45562 3.45562 4.35642 6.17460 6.17460 6.17460 6.15617 6.10021 6.04288 5.98599 5.92858 5.89097 5.89011 5.89011 5.89011 5.89011 5.89011 5.89011 5.89011 5.89011 19.5086
1.42409 1.42409 1.42409 1.42409 1.42409 1.42409 1.54590 2.49014 2.50013 2.50013 2.50013 2.55264 3.19764 3.05786 2.69681 2.26090 1.97563 1.72018 1.46875 1.45273 1.45273 1.45273 1.45273 1.46485 1.46714 1.46714 1.46714 1.46714 1.46714 1.46714 1.56047 2.46157 2.46858 2.46858 2.46858 2.46858 2.46858 2.46858 2.46858 2.99710 3.73521 3.45562 3.45562 3.45562 3.45562 3.45562 3.45562 3.41583 3.42143 5.97082 5.98712 5.92986 5.89119 5.89011 5.89011 5.89011 5.89011 5.89011 5.89011 5.89011 5.89011 5.89011 5.89011 5.89011 5.89011 5.89011 14.5402
1.42409 1.42409 1.42409 1.42409 1.42409 1.42409 1.44810 2.45943 2.65033 2.70528 2.77450 2.77937 2.16890 1.45273 1.45273 1.45273 1.45273 1.45273 1.45273 1.45273 1.45273 1.45273 1.45273 1.46153 1.46714 1.46714 1.46714 1.46714 1.46714 1.46714 1.46714 2.25215 2.46858 2.46858 2.46858 2.46858 2.62781 3.07950 3.44893 4.12563 5.00042 3.54562 3.43257 3.29736 3.14715 2.99710 2.84694 2.73658 2.73100 5.04789 5.89011 5.89011 5.89011 5.89011 5.89011 5.89011 5.89011 5.89011 5.89011 5.89011 5.89011 5.89011 5.89011 5.89011 5.89011 5.89011 9.57387
1.42409 1.42409 1.54344 1.80044 2.05779 2.31514 2.54836 2.58962 2.58962 2.58962 2.58962 2.58962 2.43083 1.45308 1.45273 1.45273 1.45273 1.45273 1.45273 1.45273 1.45273 1.45273 1.45273 1.45655 1.46714 1.46714 1.46714 1.46714 1.46714 1.46714 1.46714 1.94963 2.52494 2.94423 3.34084 3.66044 3.85162 3.85494 3.81451 3.86704 4.83035 3.76120 2.74585 2.73100 2.73100 2.73100 2.73100 2.73100 2.73100 4.10458 5.89011 5.89011 5.89011 5.89011 5.89011 5.89011 5.89011 5.89011 5.89011 5.89011 5.89011 5.89011 5.89011 5.89011 5.89011 5.89011 6.03413
2.19415 2.45150 2.58950 2.58962 2.58962 2.58962 2.58962 2.58962 2.58962 2.58962 2.58962 2.58962 2.58962 1.64157 1.45273 1.45273 1.45273 1.45273 1.45273 1.45273 1.45273 1.45273 1.45273 1.45274 1.46611 1.46714 1.46714 1.46714 1.47308 1.87645 2.40542 2.96099 3.81878 3.82318 3.77313 3.72308 3.67304 3.62664 3.60515 3.56197 4.42636 4.26374 2.73100 2.73100 2.73100 2.73100 2.73100 2.73100 2.73100 3.16285 5.88916 5.89011 5.89011 5.89011 5.89011 5.89011 5.89011 5.89011 5.89011 5.89011 5.89011 5.89011 5.89011 5.89011 5.89011 5.89011 5.89011
2.58962 2.58962 2.58962 2.58962 2.58962 2.58962 2.58962 2.58962 2.58962 2.58962 2.58962 2.58962 2.58962 1.98884 1.45273 1.45273 1.45273 1.45273 1.45273 1.45273 1.45273 1.45273 1.45273 1.45273 1.46331 1.69149 2.25136 2.70444 3.08959 3.25607 3.30213 3.34908 3.60293 3.57691 3.53205 3.48719 3.44235 3.39747 3.36452 3.36287 3.97353 4.63337 2.85729 2.73100 2.73100 2.73100 2.73100 2.73100 2.73100 2.73100 5.37802 5.89011 5.89011 5.89011 5.89011 5.89011 5.89011 5.89011 5.89011 5.89011 5.89011 5.89011 5.89011 5.89011 5.89011 6.12119 6.79063
