High_resolution/powerplant/Chizhou/OMI_NO2_200807.asc
ncols      200
nrows      200
xllcorner       115.585
yllcorner       28.7700
cellsize     0.0166667
NODATA_Value      -999.000
[rows 120 to 149 of 187, columns 66 to 131 of 200]
2.27814 2.25242 2.25242 2.25242 2.25564 2.28332 2.44215 2.37988 2.28976 1.93511 1.84224 1.82268 1.82683 1.81304 1.78707 1.73259 1.60041 1.60041 1.52769 1.34756 1.34756 1.34756 1.34756 1.02217 1.05429 1.11293 1.09739 0.966039 0.665513 0.586530 0.559111 0.447746 0.513160 0.617513 0.714641 0.801387 0.830994 0.836000 0.859929 0.854237 0.435356 0.453211 0.638357 0.959978 1.02800 0.973483 0.913581 0.857858 1.05216 0.997936 0.974035 0.974035 0.974035 0.974035 0.974035 0.974035 1.19637 1.36686 1.11492 1.11308 1.11308 1.11308 1.11308 1.11308 1.11308 1.11308
2.31668 2.28164 2.30706 2.33245 2.35451 2.34477 2.42602 2.39831 2.21792 1.96860 1.75050 1.75050 1.76278 1.77949 1.77949 1.77437 1.60758 1.60451 1.60494 1.38334 1.40143 1.42100 1.44181 1.24019 0.975663 0.985525 1.06181 1.06055 0.874054 0.811511 0.876060 0.856716 0.831006 0.844584 0.876070 0.922375 0.972487 1.02067 1.05057 1.08064 0.648119 0.513746 0.517257 0.554573 0.660280 0.660280 0.660280 0.660280 0.880850 0.974035 0.974035 0.974035 0.974035 0.974035 0.974035 0.974035 1.08193 1.39765 1.14558 1.11308 1.11308 1.11308 1.11308 1.11308 1.11308 1.11308
2.43886 2.32707 2.30572 2.28441 2.26317 2.25473 2.31568 2.39659 2.20980 2.07942 1.76119 1.78459 1.81698 1.88548 1.92017 1.95717 1.84108 1.80759 1.81041 1.53446 1.48545 1.41487 1.33251 1.23366 1.29286 1.35196 1.36708 1.34404 1.14937 0.987731 1.03460 1.06194 1.08565 1.13499 1.16070 1.16165 1.16165 1.16165 1.16165 1.16165 0.852953 0.517257 0.517257 0.531585 0.660280 0.660280 0.660280 0.660280 0.786998 0.974035 0.974035 0.974035 0.974035 0.974035 0.974035 0.974035 1.00206 1.39723 1.19667 1.11308 1.11308 1.11308 1.11455 1.13711 1.16653 1.19597
2.37283 2.26189 2.25471 2.24488 2.22716 2.20945 2.21106 2.31781 2.17297 2.06406 1.95036 1.94852 1.94944 2.02804 2.03427 2.02611 1.85743 1.64961 1.56893 1.28184 1.10827 1.10197 1.10787 1.11725 1.35401 1.31024 1.24378 1.17738 1.11726 1.18065 1.18896 1.18640 1.16167 1.16165 1.16165 1.16165 1.16165 1.16165 1.16165 1.16165 1.03645 0.517257 0.517257 0.517658 0.646935 0.660280 0.660280 0.660280 0.694020 0.972937 0.974035 0.974035 0.974035 0.974035 0.975565 1.00734 1.05893 1.35478 1.28377 1.15298 1.18241 1.21184 1.23979 1.24667 1.24667 1.24667
2.29265 2.19331 2.13725 2.12936 2.12936 2.12936 2.12936 2.25081 2.20960 2.06647 1.96846 1.88689 1.79311 1.70498 1.60216 1.47855 1.41378 1.42990 1.43392 1.28901 1.08794 1.02160 0.955168 0.888740 1.01516 1.10571 1.10571 1.10571 1.10571 1.15588 1.18896 1.18896 1.16685 1.16165 1.16165 1.16165 1.16165 1.16165 1.16165 1.16165 1.15869 0.579119 0.517257 0.517257 0.610398 0.660280 0.660280 0.660280 0.660280 0.918558 1.02244 1.07770 1.14761 1.24274 1.40789 1.50920 1.56807 1.62691 1.61728 1.24577 1.23364 1.22433 1.21528 1.20647 1.19789 1.18954
2.24936 2.20090 2.12936 2.12936 2.12906 2.11359 2.09328 2.07529 1.97943 1.68834 1.44068 1.18788 1.14120 1.21464 1.33461 1.33308 1.28727 1.30958 1.25365 1.10769 0.834777 0.834692 0.834692 0.834692 0.933986 1.10571 1.10571 1.10571 1.11037 1.14347 1.21130 1.22011 1.22182 1.22673 1.23946 1.25222 1.26565 1.27912 1.29320 1.30741 1.32234 0.859301 0.576108 0.580958 0.620196 0.646235 0.653334 0.661555 0.671188 0.880344 1.08556 1.11016 1.13392 1.15444 1.15111 1.14220 1.13356 1.12517 1.11702 1.03082 1.01733 1.01521 0.996865 0.975091 0.953300 0.931545
2.17423 2.12672 1.97583 1.93220 1.88861 1.86020 1.83664 1.79454 1.68925 1.54518 1.40694 1.12061 1.07322 1.04404 1.11593 1.04926 1.02709 1.08745 1.12298 1.10961 0.972763 0.979877 0.988117 0.996491 1.03488 1.36274 1.37847 1.39172 1.39721 1.40125 1.50392 1.50821 1.53546 1.62687 1.62687 1.62687 1.62687 1.62687 1.62628 1.57131 1.48172 1.18865 0.719436 0.748029 0.721571 0.707429 0.760041 0.812631 0.865267 0.939720 1.11174 1.11174 1.11174 1.11174 1.11174 1.11174 1.11394 1.18182 1.26778 1.17656 1.11250 0.848375 0.835735 0.835735 0.835735 0.835735
1.94024 1.95600 1.83432 1.81288 1.81288 1.81288 1.81288 1.78743 1.56610 1.42942 1.33161 0.908201 0.878823 0.879450 0.996810 1.00929 1.00929 1.04433 1.10871 1.10871 1.05079 1.03585 1.03585 1.03585 1.03585 1.32140 1.39721 1.39721 1.39721 1.39721 1.47429 1.50821 1.51270 1.62109 1.55972 1.47014 1.38051 1.29089 1.20189 1.16725 1.18072 1.21941 1.01059 1.10850 1.13639 0.895867 0.895867 0.895867 0.895867 0.896903 1.08998 1.12580 1.21047 1.29210 1.36169 1.42178 1.47317 1.48852 1.48852 1.37857 1.18732 0.942516 0.835735 0.835735 0.835735 0.835735
1.91483 1.95470 1.87321 1.78079 1.68738 1.59241 1.49755 1.42417 1.30666 1.24080 1.23959 0.997100 0.878823 0.878823 0.959865 1.00929 1.00929 1.01786 1.10815 1.10871 1.06782 1.03585 1.03585 1.03585 1.03585 1.21733 1.39721 1.39721 1.39292 1.34472 1.32844 1.33625 1.27649 1.20063 1.16725 1.16759 1.19965 1.25227 1.30486 1.35747 1.39661 1.39872 1.29459 1.23308 1.23220 0.910064 0.938368 1.04582 1.13813 1.21722 1.37833 1.48298 1.48852 1.48852 1.48852 1.48852 1.48852 1.48852 1.48852 1.46374 1.18970 1.04604 0.835735 0.835735 0.835735 0.835735
1.77031 1.72071 1.58348 1.40927 1.38426 1.36075 1.33726 1.31408 1.24974 1.16403 1.18321 1.07444 0.878823 0.878823 0.926120 1.00929 1.00929 1.00929 1.08962 1.10871 1.08284 1.03585 1.03585 1.03190 0.998144 1.02885 1.21750 1.15972 1.11407 1.11333 1.13457 1.24967 1.29203 1.31052 1.32580 1.37809 1.39872 1.39872 1.39872 1.39872 1.39872 1.41717 1.41817 1.41732 1.46115 1.31765 1.34383 1.34461 1.34461 1.34461 1.38842 1.48852 1.48852 1.48852 1.48852 1.48852 1.48852 1.48852 1.48852 1.48852 1.23418 1.13426 0.835735 0.835735 0.835735 0.838096
1.48752 1.48234 1.45282 1.30938 1.30591 1.30591 1.30426 1.29723 1.27433 1.14083 1.14459 1.11324 0.878823 0.878823 0.896030 1.00929 1.00929 1.00929 1.05961 1.08043 1.03471 0.920460 0.890509 0.865324 0.869862 0.882901 1.12533 1.18190 1.26561 1.35008 1.43459 1.43561 1.42077 1.41714 1.39872 1.39913 1.42213 1.45348 1.47999 1.50268 1.52234 1.53118 1.52874 1.51459 1.51459 1.36378 1.34461 1.34461 1.34461 1.34461 1.35035 1.48349 1.48852 1.48852 1.48852 1.48852 1.48852 1.48852 1.48852 1.48852 1.30043 1.19550 0.917673 0.906689 0.961778 1.01708
1.44090 1.42816 1.42340 1.31025 1.26670 1.25926 1.25348 1.25307 1.25307 1.13721 1.11517 1.13479 0.914031 0.876453 0.856378 0.944215 0.975905 0.998766 1.01947 0.992524 0.998044 0.903336 0.901296 0.950311 1.03475 1.11924 1.36727 1.51535 1.51694 1.51694 1.51768 1.48639 1.45972 1.47826 1.50482 1.52474 1.53118 1.53118 1.53118 1.53118 1.53118 1.53118 1.53110 1.51662 1.51459 1.39110 1.33627 1.34461 1.34461 1.34461 1.34461 1.44607 1.48852 1.48852 1.48852 1.48758 1.48616 1.51446 1.57390 1.60587 1.53078 1.36494 1.24713 1.17017 1.17388 1.17388
1.44458 1.39206 1.39489 1.32837 1.25307 1.25307 1.25307 1.25307 1.25352 1.17302 1.11895 1.15992 1.05176 0.975432 1.02345 1.12258 1.16656 1.16656 1.16596 1.06833 1.12559 1.15428 1.22703 1.26248 1.26248 1.26095 1.32480 1.43943 1.40347 1.45038 1.58411 1.57384 1.51460 1.51460 1.52496 1.53118 1.52817 1.51808 1.50807 1.49820 1.48866 1.47922 1.47005 1.43578 1.40326 1.35900 1.27066 1.31656 1.31636 1.31632 1.31630 1.36600 1.44671 1.46466 1.48145 1.49798 1.51468 1.52656 1.62455 1.62316 1.59990 1.35470 1.28476 1.12725 1.12567 1.13081
1.48708 1.39292 1.40397 1.38317 1.28377 1.30406 1.32437 1.34463 1.36447 1.35518 1.25033 1.26579 1.22067 1.08168 1.09481 1.18304 1.32400 1.39073 1.45328 1.35500 1.31263 1.22435 1.13535 1.11468 1.09635 1.08041 1.08760 1.23218 1.22920 1.24740 1.42780 1.42244 1.36510 1.35241 1.33643 1.31146 1.30726 1.30711 1.30711 1.30462 1.28446 1.26192 1.22486 1.24329 1.24668 1.25064 1.23098 1.29383 1.28909 1.28322 1.27737 1.29568 1.49699 1.49773 1.49773 1.49773 1.49773 1.50465 1.61111 1.63949 1.62030 1.42919 1.36430 1.32255 1.36347 1.39517
1.45078 1.39274 1.37435 1.35144 1.42359 1.43305 1.43496 1.43687 1.43881 1.43856 1.32262 1.36318 1.39428 1.31289 1.34962 1.36997 1.48945 1.45778 1.42889 1.34257 1.25075 1.16840 1.04424 1.04424 1.04424 1.04424 1.04424 1.16443 1.19692 1.19692 1.36019 1.39626 1.35088 1.30715 1.28362 1.22786 1.20769 1.16113 1.10511 1.05336 1.01276 0.974245 0.958223 1.11412 1.24817 1.24371 1.19878 1.26945 1.26869 1.27805 1.30176 1.32414 1.51225 1.56658 1.57484 1.54967 1.51985 1.48590 1.49656 1.49017 1.47556 1.40067 1.32707 1.37839 1.39680 1.39680
1.39200 1.35941 1.35543 1.35547 1.41101 1.44170 1.46577 1.51350 1.56121 1.60890 1.54207 1.48760 1.46359 1.33062 1.27969 1.26430 1.35743 1.37357 1.37357 1.35115 1.24639 1.21051 1.04424 1.04424 1.05028 1.07851 1.10733 1.20537 1.16478 1.11936 1.19779 1.25988 1.21470 1.14733 1.11515 1.01727 0.968965 0.957330 0.957166 0.953748 0.949054 0.944367 0.939678 1.04663 1.19858 1.23160 1.27639 1.38569 1.41860 1.41566 1.37442 1.33208 1.38270 1.43057 1.39302 1.38724 1.38724 1.38724 1.41829 1.47556 1.47556 1.43607 1.32707 1.35753 1.39680 1.39680
1.39612 1.37107 1.38624 1.43391 1.51356 1.61557 1.63815 1.63618 1.63409 1.63185 1.56712 1.45746 1.44439 1.34311 1.26054 1.26054 1.32593 1.38510 1.40645 1.42635 1.34128 1.34869 1.20291 1.21851 1.23650 1.23807 1.23975 1.27159 1.13598 0.991905 0.999230 1.08634 1.06765 1.00746 0.989075 0.958599 0.947108 0.942419 0.937894 0.936629 0.936629 0.936629 0.936629 1.00601 1.14358 1.17910 1.20499 1.26133 1.23429 1.20500 1.20401 1.20401 1.24226 1.38724 1.38724 1.38724 1.38724 1.38724 1.39650 1.47549 1.47556 1.46700 1.32840 1.33976 1.39680 1.39680
1.52894 1.55952 1.54664 1.54171 1.54601 1.62959 1.62875 1.62875 1.62875 1.62859 1.60968 1.44170 1.42276 1.39587 1.35506 1.37186 1.42670 1.51251 1.51251 1.51251 1.44547 1.40813 1.29181 1.26529 1.27863 1.28827 1.29578 1.29148 1.07101 0.837953 0.829978 1.02574 1.05300 0.983739 0.936869 0.936629 0.936629 0.936629 0.936324 0.918481 0.890315 0.862134 0.833949 0.834277 0.971976 1.05012 1.07599 1.19700 1.20401 1.20401 1.20401 1.20401 1.20509 1.36966 1.38724 1.38724 1.38724 1.38724 1.38724 1.46288 1.47556 1.47556 1.35975 1.32775 1.36747 1.33050
1.57823 1.57037 1.52774 1.52154 1.51332 1.59344 1.60622 1.59960 1.59262 1.58549 1.58335 1.42123 1.37661 1.37911 1.41107 1.39578 1.40833 1.52578 1.53649 1.51317 1.47063 1.47391 1.37172 1.28147 1.27593 1.27534 1.28630 1.30161 1.20443 0.873967 0.880845 1.01469 1.08029 1.02726 0.914169 0.886003 0.857807 0.829641 0.801766 0.791443 0.791443 0.791443 0.791443 0.792254 0.941698 1.04192 1.05012 1.18027 1.20355 1.20401 1.20401 1.20401 1.20401 1.31598 1.38724 1.38724 1.38724 1.38724 1.38724 1.42938 1.43399 1.39741 1.25835 1.10125 1.04449 0.992323
1.53881 1.53015 1.47345 1.46264 1.46264 1.52899 1.58335 1.58335 1.58335 1.58335 1.58335 1.48354 1.40853 1.38920 1.43304 1.38843 1.37318 1.36190 1.31911 1.30970 1.32284 1.47818 1.42285 1.30568 1.32096 1.33580 1.34013 1.34013 1.29552 0.940694 0.887415 0.937250 0.968991 0.931603 0.793462 0.791443 0.791443 0.791443 0.791443 0.791443 0.791443 0.791443 0.791443 0.791443 0.901631 1.02148 1.07026 1.16639 1.22439 1.23268 1.23804 1.22878 1.20193 1.23545 1.34245 1.29867 1.24451 1.18934 1.13372 1.18012 1.37109 1.37958 1.31888 1.12108 1.13292 1.15621
1.51919 1.51954 1.48585 1.46264 1.46424 1.51377 1.62224 1.63661 1.63357 1.63069 1.62764 1.56075 1.29203 1.26415 1.33502 1.32182 1.32182 1.31831 1.32377 1.33446 1.34518 1.49298 1.50610 1.40125 1.42948 1.46599 1.50545 1.54926 1.58186 1.21438 1.04983 1.06072 1.07087 1.07929 0.979081 0.952501 0.961092 0.969445 0.977964 0.986389 0.994860 1.00333 1.01173 1.02508 1.09085 1.16554 1.21649 1.18561 1.20619 1.17517 1.14035 1.13651 1.15481 1.17925 1.21287 1.20142 1.20142 1.20142 1.20142 1.23194 1.55066 1.53325 1.49328 1.30459 1.33856 1.46856
1.54467 1.55599 1.55729 1.56318 1.59085 1.60509 1.54558 1.52300 1.52057 1.51813 1.51569 1.51111 1.25186 1.23929 1.29089 1.31561 1.32026 1.32291 1.31613 1.32993 1.34886 1.46883 1.60802 1.75380 1.77291 1.77291 1.77291 1.77291 1.77291 1.51195 1.19880 1.19880 1.17704 1.17308 1.10769 1.03140 1.04299 1.05643 1.07064 1.08589 1.10958 1.13838 1.16907 1.19349 1.16161 1.00270 1.05241 1.05019 1.15192 1.18062 1.19581 1.19738 1.19607 1.17468 1.14779 1.11755 1.08372 1.04688 1.00169 0.945805 1.26957 1.39719 1.44598 1.46856 1.46856 1.46856
1.59835 1.59988 1.60966 1.58503 1.58488 1.58488 1.52211 1.49878 1.49922 1.52045 1.55293 1.58542 1.43852 1.35185 1.32954 1.39198 1.37289 1.39125 1.41289 1.41849 1.41849 1.47290 1.65484 1.74008 1.77291 1.77291 1.77291 1.77275 1.76307 1.62811 1.26207 1.28835 1.28325 1.28197 1.27896 1.15681 1.17408 1.20028 1.19991 1.20749 1.21139 1.21289 1.22796 1.24625 1.26317 1.07118 1.11081 1.11101 1.05517 1.04126 1.00389 0.961621 0.914580 0.888770 0.874573 0.859320 0.837126 0.813578 0.809151 0.809151 1.10141 1.46856 1.46856 1.46856 1.46856 1.46856
1.67557 1.61185 1.61185 1.58979 1.58652 1.61141 1.60469 1.59031 1.62248 1.65007 1.67617 1.70030 1.63759 1.50464 1.47388 1.48606 1.41451 1.41451 1.41773 1.41849 1.41580 1.40287 1.60021 1.64913 1.68542 1.65919 1.63198 1.60392 1.63253 1.65819 1.54228 1.56565 1.55644 1.49771 1.51533 1.40146 1.38746 1.39291 1.29460 1.25377 1.27206 1.28887 1.29210 1.29210 1.29210 1.12768 1.09250 1.12554 0.915550 0.862425 0.846163 0.822214 0.802070 0.801075 0.801977 0.809138 0.809151 0.809151 0.809151 0.809151 0.956358 1.46856 1.46856 1.46856 1.46856 1.46856
1.69849 1.64715 1.67575 1.69313 1.72266 1.75318 1.76031 1.72047 1.75116 1.76023 1.73403 1.72982 1.71009 1.50230 1.47819 1.45743 1.35055 1.33069 1.30244 1.27067 1.24923 1.24733 1.37956 1.47756 1.55462 1.52157 1.48379 1.44601 1.45155 1.56123 1.63957 1.64709 1.64351 1.48430 1.39780 1.37468 1.44259 1.45237 1.38364 1.29210 1.29210 1.29217 1.29899 1.31105 1.32444 1.20429 1.07782 1.14230 0.947153 0.801075 0.801075 0.801075 0.801075 0.801075 0.801075 0.807597 0.809151 0.809151 0.809151 0.809151 0.849528 1.46843 1.46856 1.46856 1.46856 1.46856
1.89059 1.87319 1.89331 1.90906 1.91048 1.91846 1.91986 1.85779 1.83993 1.80538 1.64915 1.64038 1.63193 1.49013 1.44896 1.40842 1.30563 1.27212 1.26512 1.24392 1.21754 1.18919 1.25300 1.30202 1.37512 1.37034 1.37034 1.37034 1.36820 1.45903 1.41945 1.35028 1.24930 1.19124 1.18334 1.25022 1.45315 1.46440 1.44371 1.32657 1.34182 1.35885 1.36607 1.36607 1.36607 1.29994 1.06325 1.13666 1.01737 0.801075 0.801075 0.801075 0.801075 0.801075 0.801075 0.805219 0.809151 0.809151 0.809151 0.809151 0.809151 1.31426 1.48438 1.54600 1.61043 1.67495
2.01285 1.91903 1.90125 1.88665 1.85756 1.84503 1.83787 1.80365 1.78400 1.78390 1.64117 1.62601 1.62601 1.54101 1.44670 1.39537 1.31485 1.24966 1.26564 1.33854 1.40245 1.46755 1.45116 1.25227 1.33425 1.25024 1.14817 1.04618 0.952693 1.08182 1.15267 1.21163 1.21163 1.20316 1.19781 1.20865 1.51920 1.54822 1.54055 1.36830 1.36607 1.36607 1.36607 1.36607 1.36607 1.36425 1.08156 1.11176 1.07705 0.801075 0.801075 0.801075 0.801075 0.801075 0.803691 0.839867 0.895342 0.953174 1.04934 1.17583 1.32711 1.63098 1.75813 1.76102 1.76102 1.76102
2.08982 1.90296 1.85467 1.85467 1.84139 1.83781 1.83781 1.81839 1.77875 1.76548 1.63115 1.56916 1.55786 1.52917 1.47149 1.48899 1.47201 1.37015 1.37015 1.46192 1.45066 1.36917 1.28650 0.934452 0.902668 0.927359 0.917664 0.908240 0.898571 0.995106 1.07214 1.14590 1.13714 1.12763 1.11805 1.10851 1.31607 1.42598 1.41645 1.22762 1.16492 1.15210 1.13946 1.12661 1.11401 1.10111 0.919046 0.868721 0.892649 0.942946 1.00885 1.08610 1.17740 1.27552 1.34044 1.30304 1.62980 1.74222 1.76102 1.76102 1.76102 1.76102 1.76102 1.76102 1.76102 1.76102
2.08982 1.96177 1.85937 1.86171 1.82998 1.75474 1.69638 1.64060 1.72947 1.73252 1.67643 1.59062 1.59071 1.59052 1.53055 1.52251 1.45455 1.26852 1.18782 1.15418 1.14191 1.14196 1.14211 0.952535 0.745967 0.663296 0.663296 0.663296 0.663296 0.728366 0.848732 0.920352 0.940049 0.940049 0.940049 0.940049 1.05560 1.27663 1.27663 1.13012 1.00396 1.00396 1.00417 1.01248 1.02641 1.04254 1.06075 1.08430 1.09520 1.32617 1.34263 1.27460 1.20657 1.15515 1.15205 1.15205 1.53389 1.76102 1.76102 1.76102 1.76102 1.76102 1.76102 1.76102 1.76102 1.76102
2.16602 2.01917 1.76095 1.70244 1.62583 1.52934 1.52934 1.52934 1.70884 1.74986 1.71352 1.59100 1.57958 1.56510 1.50929 1.46939 1.33095 1.15304 1.08289 1.09861 1.14244 1.14244 1.14244 1.03891 0.778411 0.663296 0.663296 0.663296 0.663296 0.687477 0.848732 0.898739 0.940049 0.940049 0.940049 0.940049 0.960703 1.27116 1.29583 1.22895 1.04505 1.06437 1.08687 1.09541 1.09062 1.06036 1.02636 0.992361 0.958571 1.04557 1.15205 1.15205 1.15205 1.15205 1.15205 1.15205 1.35265 1.76102 1.76102 1.76102 1.76102 1.76102 1.76102 1.76102 1.76102 1.76102
