High_resolution/powerplant/Chizhou/OMI_NO2_200707.asc
ncols      200
nrows      200
xllcorner       115.585
yllcorner       28.7700
cellsize     0.0166667
NODATA_Value      -999.000
[rows 58 to 86 of 175, columns 132 to 197 of 200]
5.25742 5.11290 5.11503 5.11561 5.11561 5.11561 5.11561 5.24734 5.45379 5.45379 5.45379 5.45379 5.45379 5.45379 5.49488 5.93873 5.94235 5.94491 5.98383 6.11312 6.11312 6.11237 6.01569 5.85202 5.68828 5.51975 5.04951 4.89497 4.89497 4.88200 2.85451 2.64711 2.75850 3.11672 3.11622 3.06897 2.99133 2.91369 2.71786 2.53273 2.50233 2.50233 2.47834 2.27862 2.28968 2.30990 2.25009 2.23652 2.22349 2.14271 2.11404 2.09406 2.01507 1.90167 1.79423 1.70670 1.66874 1.65172 1.64301 1.61288 1.63108 1.75704 1.74807 1.78432 1.81844 1.81808
5.24670 5.11561 5.11561 5.11561 5.11561 5.11561 5.11561 5.17194 5.45948 5.45379 5.45379 5.45379 5.45379 5.45379 5.45379 5.84965 5.94112 5.94467 5.90259 5.86192 5.68789 5.51274 5.43342 5.41261 5.28888 5.13419 4.56686 3.89453 3.58583 3.23486 2.69430 2.56952 2.51925 2.45110 2.34946 2.29456 2.27006 2.24556 2.16907 2.03941 2.02173 2.00432 1.98690 1.80985 1.77172 1.91283 1.90988 1.90173 1.80831 1.69967 1.61899 1.54586 1.52378 1.52225 1.52225 1.52225 1.52225 1.52225 1.52225 1.52072 1.47562 1.66272 1.66272 1.72620 1.81498 1.81498
5.02819 5.09706 5.02851 4.98512 4.94282 4.90168 4.86147 4.82261 5.08417 5.05019 5.01019 5.26817 5.37376 5.36871 5.34985 5.44901 5.48239 5.37986 5.18128 4.94970 4.71548 4.51651 4.29505 4.06125 4.01009 3.95663 3.49897 2.32037 2.24273 2.16560 2.13520 2.13520 2.13520 2.13520 2.13520 2.13520 2.13520 2.13520 2.11881 1.98237 1.98237 1.98237 1.98237 1.86733 1.71291 1.66139 1.54907 1.45876 1.47018 1.48628 1.52225 1.52225 1.52225 1.52225 1.52225 1.52225 1.52225 1.52225 1.52225 1.52225 1.46408 1.63995 1.66272 1.69858 1.84645 1.87970
4.34886 4.66978 4.59775 4.59775 4.59775 4.59781 4.60782 4.62513 4.86617 4.94429 4.89097 4.98297 5.03074 4.85652 4.69615 4.45279 3.83650 4.06757 4.17300 4.13313 3.97062 3.87812 3.78539 3.69271 3.60020 3.56087 3.52303 2.13931 2.13520 2.13520 2.13520 2.13520 2.13520 2.13520 2.13520 2.13520 2.13520 2.13520 2.13520 1.98363 1.89082 1.81435 1.74759 1.65250 1.51900 1.49729 1.42347 1.42604 1.46452 1.47317 1.52156 1.52225 1.52225 1.52225 1.52225 1.52225 1.52225 1.52225 1.52336 1.52792 1.52176 1.69111 1.80443 1.83910 1.98818 1.97445
4.11389 4.73809 4.68957 4.62340 4.49517 4.41222 4.42972 4.30789 4.30502 4.27047 4.17404 4.24390 4.48979 4.48979 4.48979 4.42803 3.71178 3.78159 3.86942 3.77164 3.50529 3.39557 3.29764 3.19587 3.08973 2.97953 2.89780 2.20815 2.13520 2.13520 2.13520 2.13520 2.13520 2.13520 2.13520 2.10043 2.00935 1.92650 1.85394 1.71928 1.67699 1.67699 1.67699 1.67454 1.52935 1.51900 1.43358 1.42598 1.45106 1.47018 1.51298 1.52225 1.52225 1.52395 1.52874 1.53390 1.53947 1.56215 1.59889 1.63078 1.66734 1.73309 1.69634 1.67142 1.77001 1.79127
4.28296 4.20149 4.03238 3.96985 3.90398 3.83898 3.89911 3.84864 3.90677 4.03285 3.95215 3.87145 4.03380 3.90821 3.77788 3.66463 2.80575 2.47417 2.37829 2.23560 2.06927 1.97971 1.97971 1.97971 1.97971 1.97971 1.98291 2.12639 2.13520 2.13520 2.13459 2.07551 1.98748 1.90774 1.83745 1.79477 1.79163 1.79161 1.79161 1.73647 1.67699 1.67699 1.67699 1.67699 1.57268 1.51900 1.46417 1.42598 1.43871 1.48549 1.55220 1.60733 1.64662 1.68458 1.71621 1.74769 1.77916 1.79325 1.79212 1.79081 1.78949 1.78053 1.65655 1.70838 1.84525 1.93944
4.18037 3.90324 3.67724 3.60598 3.58752 3.57084 3.58936 3.56621 3.50725 3.27475 3.16400 3.15954 3.33002 3.36729 3.36729 3.36729 2.79115 2.21630 2.19704 2.19656 2.14033 1.97971 1.97971 1.97971 1.97971 1.97971 1.97971 2.08431 2.00288 1.88953 1.82190 1.79476 1.79179 1.79161 1.79161 1.79161 1.79161 1.79161 1.79161 1.76042 1.67699 1.67699 1.67643 1.63628 1.55395 1.53968 1.55811 1.66900 1.72553 1.80955 1.81141 1.78755 1.78623 1.78492 1.78360 1.78229 1.78097 1.77980 1.80223 1.86418 1.91154 1.94998 1.80344 1.76630 1.81640 1.90744
3.89444 3.75837 3.48629 3.43136 3.38166 3.33499 3.35165 3.40442 3.40442 3.28365 3.15954 3.15954 3.27843 3.36729 3.36729 3.36729 3.05913 2.21704 2.20204 2.19656 2.19363 1.99781 1.97971 1.97971 1.97948 1.97553 1.97029 2.02438 1.93468 1.79161 1.79161 1.79161 1.79161 1.79161 1.79161 1.79161 1.79161 1.79276 1.76142 1.70178 1.55359 1.50804 1.46541 1.45886 1.48744 1.68466 1.69957 1.81862 1.81845 1.84714 1.85596 1.78180 1.78890 1.79647 1.82222 1.88629 1.93674 1.98642 2.01323 2.00081 2.00309 2.00639 1.88953 1.83276 1.85283 1.87793
3.68386 3.63451 3.33529 3.32440 3.32440 3.32440 3.32957 3.40298 3.40442 3.33705 3.16982 3.15954 3.23110 3.36729 3.36729 3.36729 3.27218 2.26164 2.20745 2.19656 2.19642 2.05624 1.97134 1.96610 1.96109 1.96485 1.97833 2.00659 2.07871 1.83450 1.84314 1.85137 1.85876 1.83135 1.80127 1.79479 1.75749 1.72045 1.70969 1.71778 1.66172 1.65915 1.66688 1.67446 1.68203 1.87143 1.94046 2.01302 2.02130 2.04407 2.09483 2.07797 2.10674 2.14865 2.17238 2.15790 2.15693 2.15693 2.15693 2.15693 2.15693 2.15618 2.05066 1.94194 1.93975 1.84851
3.66115 3.66115 3.39661 3.32384 3.32239 3.31995 3.31084 3.35540 3.36517 3.31467 3.12756 3.07222 3.09371 3.34290 3.34055 3.33820 3.32215 2.64261 2.35936 2.33279 2.28851 2.24901 2.19521 2.19476 2.19434 2.18999 2.17924 2.16864 2.21657 1.93472 1.85404 1.80253 1.75147 1.73211 1.73972 1.79724 1.79724 1.79724 1.79724 1.79724 1.75620 1.73385 1.73385 1.73385 1.73385 1.84667 1.97180 1.96340 2.12870 2.17112 2.24408 2.19030 2.15693 2.15693 2.15693 2.15693 2.15693 2.15693 2.15693 2.15693 2.15693 2.15693 2.10362 1.94194 1.94194 1.86583
3.57092 3.56054 3.37240 3.20486 3.19466 3.18669 3.18544 3.20936 3.24561 3.23598 3.05989 2.99830 3.01391 3.33024 3.26163 3.14064 3.00319 2.59849 2.35553 2.22731 2.22619 2.22512 2.16988 2.12936 2.05277 1.97603 1.89936 1.82314 1.87786 1.81989 1.73211 1.73211 1.73211 1.73211 1.73211 1.78919 1.79724 1.79724 1.79724 1.79724 1.76932 1.73385 1.72425 1.65044 1.56147 1.50574 1.56240 1.60250 2.14586 2.18840 2.22628 2.21016 2.15693 2.15693 2.15693 2.15693 2.15693 2.15693 2.15693 2.15693 2.15693 2.15952 2.16502 2.03922 2.05414 2.03266
3.52219 3.51560 3.40829 3.19947 3.23404 3.24854 3.24820 3.21970 3.19728 3.12916 2.79874 2.44578 2.26722 2.35196 2.45546 2.45546 2.45546 2.39953 2.33260 2.14127 2.04808 1.97145 1.85732 1.79330 1.79326 1.79326 1.79326 1.79326 1.82911 1.89254 1.73211 1.73211 1.73211 1.73211 1.73211 1.77354 1.79724 1.79724 1.78512 1.71991 1.61617 1.47850 1.39904 1.38382 1.38382 1.38491 1.53168 1.54959 2.00970 2.18840 2.21045 2.23003 2.15693 2.15693 2.15693 2.15693 2.16092 2.17233 2.18312 2.19317 2.20110 2.19610 2.19150 2.14304 2.05826 2.00380
3.29109 3.17091 3.04335 2.88941 2.94635 2.85651 2.78365 2.75764 2.73237 2.70750 2.48719 2.19931 2.15526 2.25638 2.33538 2.23306 2.13089 1.99123 1.87261 1.86029 1.85403 1.85403 1.83646 1.79326 1.79326 1.79326 1.79326 1.79326 1.79461 1.94144 1.74554 1.73211 1.73211 1.73134 1.71392 1.68657 1.63710 1.54802 1.47106 1.44722 1.44462 1.38473 1.38382 1.38382 1.38382 1.38382 1.47968 1.54865 1.83284 2.18840 2.19476 2.24407 2.18332 2.17434 2.16904 2.16386 2.15515 2.13870 2.12124 2.10289 2.08559 2.08287 2.08814 2.10028 2.00197 1.97858
2.58560 2.57930 2.57345 2.58835 2.74617 2.72203 2.70757 2.70850 2.70443 2.65762 2.46229 2.02792 1.84640 1.82199 1.95925 1.95925 1.95925 1.94058 1.87097 1.86449 1.85403 1.85403 1.85257 1.79704 1.79326 1.79326 1.79326 1.79326 1.79326 1.89830 1.78708 1.66496 1.57805 1.48977 1.41815 1.39231 1.44722 1.44722 1.44722 1.44722 1.44722 1.39525 1.38382 1.38382 1.38382 1.38404 1.45829 1.61640 1.71904 2.12309 2.14986 2.17327 2.11483 2.09955 2.10737 2.11551 2.12399 2.13285 2.14208 2.15173 2.16182 2.16038 2.14918 2.23945 2.11826 2.18983
2.54782 2.52677 2.50918 2.50798 2.65979 2.61993 2.56254 2.50509 2.45290 2.44342 2.38540 1.95283 1.78311 1.78816 1.95451 1.95925 1.95925 1.95691 1.87330 1.86927 1.85410 1.85403 1.85403 1.81547 1.79326 1.79326 1.79326 1.78108 1.70823 1.68334 1.60700 1.38416 1.38209 1.38209 1.38209 1.38225 1.44153 1.44722 1.44722 1.44722 1.44747 1.42812 1.42062 1.43541 1.45023 1.46485 1.46743 1.58728 1.56550 1.77056 1.89781 1.90636 2.01638 2.17482 2.17482 2.17482 2.17482 2.16509 2.17495 2.24901 2.33162 2.43832 2.56157 2.62808 2.35882 2.31076
2.44470 2.39687 2.34903 2.30151 2.38617 2.44342 2.44342 2.44342 2.44342 2.44342 2.44227 2.02508 1.81382 1.78309 1.91311 1.95925 1.95925 1.95925 1.88967 1.87097 1.85631 1.85403 1.85403 1.83006 1.72434 1.64314 1.56197 1.49298 1.48475 1.49518 1.63305 1.38880 1.37565 1.36035 1.34313 1.32537 1.33215 1.33601 1.34406 1.35213 1.35994 1.33231 1.30747 1.30445 1.30144 1.29839 1.29541 1.41287 1.44619 1.54942 1.82018 1.82746 1.89673 2.08419 2.12272 2.19283 2.27221 2.37550 2.46018 2.45737 2.45535 2.45535 2.45535 2.45836 2.34490 2.22241
2.28284 2.28284 2.28284 2.28284 2.34584 2.44342 2.44342 2.44342 2.44342 2.44341 2.45168 2.16208 1.88302 1.78944 1.85916 1.90680 1.89670 1.88621 1.80296 1.74367 1.67518 1.55435 1.39634 1.21145 1.31448 1.29876 1.27420 1.24810 1.22034 1.19072 1.31912 1.18096 1.15103 1.19794 1.24629 1.29427 1.27788 1.24132 1.24132 1.24132 1.24132 1.24402 1.25490 1.25490 1.25490 1.25490 1.25490 1.33022 1.41173 1.41243 1.74175 1.74304 1.95188 2.38044 2.45535 2.45535 2.45535 2.45535 2.45535 2.45535 2.45535 2.45535 2.45535 2.45535 2.40410 2.22241
2.30534 2.32065 2.33679 2.35378 2.40902 2.64544 2.68094 2.71921 2.76051 2.80518 2.83061 2.55962 1.99670 1.70633 1.73163 1.75932 1.73206 1.56022 1.35806 1.20793 1.06651 0.777609 0.728669 0.720073 1.00435 1.10422 1.14091 1.22397 1.32067 1.43491 1.59660 1.49167 1.31276 1.31276 1.31276 1.31276 1.29650 1.24132 1.24132 1.24132 1.24132 1.24161 1.25449 1.25533 1.27273 1.29197 1.28538 1.30683 1.43703 1.34010 1.56757 1.70418 1.90551 2.31485 2.45535 2.45535 2.45535 2.45535 2.45535 2.45535 2.45535 2.45535 2.45535 2.45535 2.45047 2.14441
2.49298 2.49298 2.49298 2.49298 2.49504 2.78760 2.79598 2.77826 2.76173 2.74624 2.73170 2.61043 2.13489 1.77169 1.58487 1.36839 1.17614 1.16679 1.18224 1.23871 1.20401 0.746273 0.826532 0.931057 1.22980 1.54958 1.62753 1.62753 1.62753 1.64544 1.69956 1.68251 1.41347 1.43977 1.46710 1.49357 1.51799 1.44375 1.45953 1.48015 1.50028 1.51630 1.52841 1.53035 1.51569 1.49675 1.49470 1.49531 1.63579 1.50274 1.42793 1.70418 1.79582 2.22384 2.45535 2.45535 2.45535 2.45535 2.45535 2.41781 2.29987 2.17932 2.05895 1.93853 1.87376 1.92236
2.48262 2.48014 2.47766 2.47518 2.47277 2.62487 2.69199 2.69199 2.69150 2.66189 2.60959 2.52990 1.62648 1.29741 1.16679 1.16679 1.23276 1.46287 1.73370 1.80399 2.00198 2.10728 2.18295 2.26342 2.32504 2.21238 2.25188 2.29405 2.33393 2.36391 2.26146 2.04153 1.74941 1.68555 1.68555 1.68555 1.68514 1.59107 1.54665 1.52683 1.50508 1.48535 1.48897 1.49470 1.49470 1.49470 1.49470 1.49470 1.59119 1.58059 1.28980 1.68863 1.71332 2.12076 2.39994 2.27957 2.15908 2.03853 1.91810 1.83528 1.83267 1.83267 1.83267 1.83267 1.83267 2.09405
2.47208 2.47208 2.47208 2.46911 2.43493 2.46943 2.49110 2.37142 2.23192 2.13852 2.08163 2.01828 2.03823 2.13836 2.51905 2.80604 3.04481 3.05958 3.05958 2.61038 2.50057 2.55779 2.61286 2.61286 2.61286 2.42553 2.36608 2.36608 2.36608 2.36608 2.31162 2.06983 1.84843 1.67973 1.66986 1.65299 1.63455 1.55084 1.48111 1.48111 1.48111 1.48111 1.48615 1.49470 1.49470 1.49470 1.49470 1.49470 1.54542 1.59728 1.13725 1.37833 1.44190 1.55683 1.82059 1.83267 1.83267 1.83267 1.83267 1.83267 1.83267 1.83267 1.83267 1.82805 1.72136 1.73561
2.08474 2.02855 1.89618 1.73603 1.58816 1.54604 1.77731 1.74028 1.68403 1.62770 1.57142 1.52146 1.81522 2.11765 3.04850 3.05958 3.05958 3.05958 3.05958 2.71342 2.50057 2.53173 2.61286 2.61286 2.61286 2.50220 2.36608 2.36608 2.36608 2.36608 2.37033 2.13347 1.97432 1.62134 1.61252 1.61250 1.61250 1.57787 1.48111 1.48111 1.48111 1.48111 1.48334 1.49460 1.48772 1.47815 1.47649 1.47605 1.46571 1.30975 0.924378 1.02428 1.39271 1.52283 1.82683 1.83267 1.83267 1.83267 1.83267 1.83052 1.73431 1.53219 1.27816 1.02636 0.940639 1.00445
1.63191 1.50175 1.46359 1.40776 1.35146 1.29896 1.51631 1.51369 1.51369 1.51369 1.51369 1.51369 1.69060 2.05713 2.76976 3.05958 3.05958 3.05958 3.05958 2.83522 2.50057 2.51012 2.61286 2.61286 2.61286 2.59322 2.37824 2.41733 2.47565 2.54795 2.61028 2.33520 2.08797 1.66615 1.61250 1.61250 1.61250 1.60902 1.51526 1.51846 1.51934 1.52052 1.52191 1.51046 1.50893 1.51348 1.50785 1.50034 1.49299 1.33322 0.969918 0.682761 1.31194 1.34368 1.67800 1.67230 1.56343 1.32596 1.06957 0.811867 0.714975 0.705040 0.695234 0.685226 0.675505 0.671039
1.31218 1.25585 1.22094 1.22047 1.22047 1.22047 1.42859 1.51369 1.51369 1.51369 1.51369 1.51369 1.56640 2.05676 2.45130 3.05958 3.05958 3.05958 3.05958 2.98147 2.50563 2.50661 2.60491 2.64804 2.67307 2.69316 2.65575 2.63112 2.63266 2.63419 2.63572 2.44716 2.14397 1.80869 1.61828 1.60532 1.59236 1.57940 1.56656 1.56220 1.56254 1.56254 1.56254 1.40006 1.34580 1.34580 1.34580 1.34580 1.34580 1.25136 0.959294 0.465702 0.975093 1.03780 0.961437 0.733541 0.636326 0.637482 0.637482 0.637482 0.637482 0.637482 0.637482 0.637482 0.637482 0.657383
1.22047 1.22047 1.22047 1.22047 1.22047 1.22047 1.35640 1.51369 1.51369 1.51369 1.51369 1.51369 1.51369 1.98486 2.19965 3.05958 3.05958 3.05416 3.02701 2.98960 2.54833 2.52189 2.63387 2.72227 2.72227 2.72227 2.70174 2.65020 2.65020 2.57393 2.44886 2.25285 2.02427 1.88944 1.56254 1.56254 1.56254 1.56254 1.56254 1.56254 1.56254 1.56254 1.56254 1.44502 1.34580 1.34580 1.34580 1.34580 1.38071 1.40181 1.19892 0.694519 0.777104 0.820899 0.836003 0.843809 0.869982 0.895203 0.919523 0.943214 0.965936 0.987991 1.00930 1.02995 1.04995 1.05821
1.22047 1.22047 1.22047 1.22047 1.22047 1.22047 1.28421 1.51369 1.51164 1.49493 1.47526 1.45565 1.43604 1.76297 1.94310 2.72616 2.83102 2.81610 2.81929 2.82149 2.57091 2.48042 2.55923 2.72227 2.68285 2.58859 2.49747 2.27278 2.19025 2.15697 2.15697 2.13016 1.94568 2.00993 1.58746 1.53797 1.51368 1.48942 1.46510 1.44087 1.41655 1.39229 1.36803 1.27358 1.14613 1.18073 1.22027 1.26570 1.27433 1.25926 1.01948 1.15224 1.17273 1.17273 1.14909 1.05821 1.05821 1.05821 1.05821 1.05821 1.05821 1.05821 1.08662 1.18322 1.28259 1.38206
1.21535 1.20407 1.19278 1.18149 1.17020 1.15891 1.15250 1.35052 1.34287 1.33998 1.33998 1.34999 1.45244 1.75111 2.08604 2.50253 2.82149 2.82149 2.82149 2.79304 2.53985 2.32499 2.24865 2.25083 2.16844 2.12062 2.07292 1.84051 1.68166 1.61832 1.55490 1.49145 1.51602 1.56787 1.31998 1.21151 1.21151 1.21151 1.21151 1.22096 1.27847 1.35025 1.43212 1.48627 1.25991 1.25991 1.25991 1.25991 1.25991 1.25991 1.09609 1.11166 1.17273 1.17273 1.17270 1.07079 1.05821 1.10044 1.19961 1.29898 1.39850 1.49792 1.56903 1.57201 1.57201 1.57201
1.12544 1.12543 1.12543 1.12543 1.12543 1.12543 1.12543 1.28188 1.41286 1.51755 1.60671 1.67784 1.68441 1.71984 1.81936 1.96598 2.12893 2.02217 1.92663 1.85002 1.78051 1.71306 1.71305 1.70384 1.70260 1.70260 1.70260 1.57516 1.31467 1.31467 1.31467 1.31467 1.41664 1.51201 1.42052 1.23285 1.29755 1.37189 1.45701 1.53890 1.54891 1.54891 1.54891 1.54850 1.28322 1.25991 1.25991 1.25991 1.25991 1.25991 1.17347 1.07155 1.25055 1.38311 1.51575 1.50287 1.51447 1.57176 1.57201 1.57201 1.57201 1.57201 1.57201 1.57201 1.57201 1.57201
1.07367 1.06210 1.05051 1.03894 1.07684 1.20751 1.32180 1.49980 1.61585 1.61802 1.68364 1.77724 1.87080 1.96335 1.93402 1.92992 1.78117 1.77702 1.77702 1.77702 1.77300 1.71357 1.71306 1.70668 1.70260 1.70260 1.70260 1.67825 1.32167 1.31467 1.31467 1.31467 1.38242 1.48815 1.54523 1.54756 1.54891 1.54891 1.54891 1.54891 1.54891 1.54891 1.54891 1.54891 1.34267 1.25991 1.25939 1.21036 1.12978 1.04920 0.982487 1.64282 1.85780 1.85780 1.85780 1.76993 1.57201 1.57201 1.57201 1.57201 1.57201 1.57201 1.57876 1.64756 1.72678 1.79994
