High_resolution/powerplant/Chizhou/OMI_NO2_201103.asc
ncols      200
nrows      200
xllcorner       115.585
yllcorner       28.7700
cellsize     0.0166667
NODATA_Value      -999.000
[rows 116 to 144 of 165, columns 67 to 133 of 200]
1.07708 1.07708 2.18792 3.38824 3.34326 3.30367 3.29783 3.28878 3.44413 3.69656 3.64913 3.60955 3.59869 3.59869 3.42575 3.34575 3.19222 3.03276 2.88935 2.75919 2.64135 2.56900 2.55304 2.48332 3.07079 3.01015 2.90451 2.88543 2.88543 2.88543 3.06455 3.72584 4.60082 5.05553 5.33800 5.35099 5.35099 5.35099 5.35099 5.35099 5.35099 5.35099 5.35099 5.35099 5.32566 5.27129 5.21688 5.16248 5.13239 6.34183 6.60330 9.42180 9.43923 9.43923 9.43923 9.43923 2.05627 2.05627 2.05627 2.05627 2.05627 2.06712 2.47929 2.93112 3.25261 3.49314 3.61134
1.07708 1.07708 1.28519 3.22412 3.25946 3.24582 3.23419 3.22826 3.25350 3.59034 3.47380 3.29612 3.13672 2.99270 2.77891 2.58162 2.56731 2.56731 2.54476 2.46108 2.37382 2.28668 2.21377 2.20586 2.62876 2.88543 2.87856 2.69724 2.39626 2.02325 3.20315 5.08241 5.30205 5.35099 5.35099 5.35099 5.35099 5.35099 5.35099 5.32566 5.27129 5.21688 5.16248 5.10807 5.07899 5.07896 5.07896 5.07896 5.07896 5.90292 6.44067 8.54951 9.43923 9.43923 9.43923 9.43923 2.05627 2.13129 2.62584 3.03291 3.32774 3.54801 3.61243 3.61243 3.61243 3.61243 3.61243
1.82921 1.97765 2.07485 2.93120 3.22823 3.22823 3.22823 3.22823 3.17924 2.71544 2.74080 2.74080 2.74080 2.74080 2.67944 2.44836 2.36107 2.27399 2.20929 2.20586 2.20586 2.20586 2.20586 2.10287 2.06637 2.14260 1.71656 1.56885 1.56885 1.56885 1.90224 5.03253 5.22500 5.35099 5.32566 5.27129 5.21688 5.16248 5.10807 5.07899 5.07896 5.07896 5.07896 5.07896 5.07896 5.07896 5.11497 5.31389 5.53272 6.29807 7.74822 8.37718 9.54594 9.91740 10.3010 10.6846 3.39751 3.58552 3.61243 3.61243 3.61243 3.61243 3.61243 3.61243 3.61243 3.64053 3.70760
2.08306 2.08306 2.08306 2.56888 3.22823 3.22823 3.22823 3.22823 3.22823 2.71251 2.69623 2.60909 2.52183 2.43472 2.37998 2.22775 2.20586 2.20586 2.20586 2.15805 1.92736 1.64383 1.31168 1.10221 1.14856 1.56885 1.56885 1.56885 1.56885 1.53290 1.43192 4.22264 4.92904 5.10807 5.07899 5.07896 5.07896 5.07896 5.07896 5.07896 5.07896 5.07896 5.15799 5.37411 5.59295 5.81170 5.99434 6.01417 6.03400 6.32714 8.22321 8.67006 10.8888 10.9011 10.9011 10.9011 3.61243 3.61243 3.61243 3.61243 3.61243 3.62972 3.69433 3.76175 3.82904 3.86834 3.86859
2.08306 2.08306 2.08306 2.15422 3.19783 3.22835 3.28110 3.37676 3.47230 3.01620 2.37979 2.37935 2.37935 2.37935 2.37935 2.26446 2.00338 1.73218 1.41576 1.12593 1.10162 1.10162 1.10162 1.10162 1.08619 1.37151 1.34646 1.24419 1.14192 1.07565 1.07432 2.96404 4.75843 5.05905 5.07896 5.07896 5.07896 5.08065 5.21569 5.43443 5.65327 5.87183 6.01174 6.01417 6.02279 6.12517 6.25298 6.38089 6.48892 6.50145 8.13353 8.56614 10.4816 10.9011 10.9011 10.9011 3.61243 3.62150 3.68113 3.74845 3.81580 3.86590 3.86859 3.86859 3.86859 3.86859 3.86859
2.08306 2.08364 2.16711 2.31060 3.22903 3.57120 3.61411 3.61411 3.61411 3.35200 2.44694 2.37903 2.25661 2.01057 1.72449 1.34383 1.10162 1.10162 1.10162 1.09282 1.03291 0.964732 0.896551 0.828305 0.775554 0.923059 1.07432 1.07432 1.07432 1.07432 1.07432 1.62653 4.72601 4.98880 5.27601 5.49476 5.71341 5.93056 6.01417 6.01417 6.01621 6.10100 6.22886 6.35668 6.47596 6.50145 6.50145 6.50145 6.50145 6.50145 7.46291 8.55980 9.58001 10.9011 10.9011 10.9011 3.80258 3.86080 3.86859 3.86859 3.86859 3.86859 3.86859 3.86859 3.86859 3.86859 3.86859
2.45918 2.60197 2.66188 2.66188 3.08786 3.61411 3.61411 3.61411 3.56314 3.34415 2.05606 1.49379 1.33294 1.33294 1.33135 1.29648 0.989158 0.907761 0.839580 0.780170 0.771928 0.771928 0.771928 0.771928 0.775422 0.860165 1.07432 1.07432 1.07432 1.08159 1.12476 1.19354 5.01111 5.77337 6.01417 6.01417 6.01417 6.07678 6.20469 6.33251 6.45837 6.50145 6.50145 6.50145 6.50145 6.50145 6.50145 6.50145 6.50145 6.50145 6.93225 8.55980 8.98435 10.9011 10.9011 10.9011 3.86859 3.86859 3.86859 3.86859 3.86859 3.86859 3.86859 3.86859 3.86859 3.86859 3.86859
2.66188 2.66188 2.66188 2.66188 2.73671 3.42245 3.20480 2.92087 2.67269 2.66188 1.88358 1.28073 1.24594 1.21118 1.17798 1.16953 0.886812 0.771928 0.772866 0.784855 0.799993 0.815193 0.830366 0.845513 0.857210 0.870937 1.12802 1.19740 1.28741 1.39326 1.40601 1.40601 4.48771 5.76134 6.17920 6.30834 6.43625 6.50145 6.50145 6.50145 6.50145 6.50145 6.50145 6.50145 6.50145 6.50145 6.50145 6.53001 6.58889 6.64777 6.75501 8.46802 8.60868 10.7449 10.9011 10.9011 3.86859 3.86859 3.86859 3.86859 3.86859 3.86859 3.86859 3.86859 3.87098 3.90308 3.94409
2.66188 2.66188 2.66188 2.66188 2.66188 2.64908 2.59930 2.54712 2.49493 2.44280 2.02188 1.22147 1.16953 1.17750 1.19264 1.20783 1.05553 0.840547 0.854808 0.857993 0.857993 0.861852 0.872574 0.885503 0.901288 0.915016 1.23148 1.40601 1.40601 1.40601 1.40601 1.40601 3.07659 6.16240 6.43930 6.50145 6.50145 6.50145 6.50145 6.50145 6.50145 6.50145 6.53051 6.58889 6.64777 6.70666 6.76554 6.79587 6.79587 6.79587 6.79587 7.90302 8.55980 9.83719 10.9011 10.9011 3.86859 3.86859 3.86859 3.86859 3.87645 3.91450 3.95551 3.99654 4.03517 4.04409 4.04409
2.65776 2.61499 2.56283 2.51069 2.45849 2.41912 2.41677 2.38391 2.22410 2.07456 1.89260 1.43520 1.24838 1.25560 1.25560 1.25560 1.20320 0.863428 0.874369 0.887670 0.903966 0.915576 0.915680 0.915680 0.915680 0.915680 1.08413 1.40601 1.40601 1.40601 1.40601 1.40601 1.54573 5.78426 6.34570 6.50145 6.50145 6.53060 6.58948 6.64836 6.70725 6.76613 6.79587 6.79587 6.79587 6.79587 6.79587 6.79587 6.79587 6.78269 6.73652 7.26564 8.32759 8.94029 10.9011 10.9011 3.88512 3.92591 3.96694 4.00797 4.04110 4.04409 4.04409 4.04409 4.04409 4.04409 4.04409
2.42620 2.41634 2.31022 2.14800 2.00940 1.88992 1.78603 1.70907 1.70155 1.70155 1.70156 1.60345 1.25640 1.28610 1.33659 1.39751 1.47225 1.00991 0.915680 0.915680 0.915680 0.915680 0.915680 0.915680 0.915680 0.915680 0.982290 1.40601 1.40601 1.40601 1.40601 1.40601 1.37331 4.90770 6.23059 6.70725 6.76613 6.79587 6.79587 6.79587 6.79587 6.79587 6.79587 6.79587 6.79587 6.77097 6.72324 6.67548 6.62774 6.59316 6.59158 6.63535 7.70202 7.22643 10.7744 0.00000 4.04393 4.04409 4.04409 4.04409 4.04409 4.04409 4.04409 4.04409 4.06438 4.10717 4.14990
1.83728 1.74003 1.70155 1.70155 1.70155 1.70155 1.70155 1.70155 1.70005 1.66592 1.61096 1.57066 1.48342 1.51208 1.51208 1.51208 1.51208 1.18263 0.915680 0.915680 0.915680 0.915680 0.915680 0.915680 0.915680 0.915680 0.920508 1.33650 1.30755 1.22776 1.14798 1.06820 1.02112 3.19187 6.05648 6.74643 6.79587 6.79587 6.79587 6.79587 6.79372 6.75769 6.70995 6.66216 6.61446 6.59158 6.59158 6.51646 6.12054 5.60708 4.97031 4.45141 5.32835 5.60568 5.60568 0.00000 4.04409 4.04409 4.04409 4.04409 4.05707 4.09877 4.14155 4.18431 4.20678 4.20680 4.20680
1.70155 1.70155 1.70155 1.70155 1.69968 1.66408 1.60874 1.54154 1.46138 1.43497 1.43497 1.45981 1.51208 1.51208 1.51208 1.51208 1.51208 1.35541 0.915680 0.915680 0.915680 0.915680 0.909362 0.873304 0.833374 0.793522 0.753611 0.883735 1.02078 1.02078 1.02078 1.02078 1.02078 1.40446 5.72425 6.54328 6.78790 6.74439 6.69665 6.64889 6.60331 6.59158 6.59158 6.55508 6.20613 5.71204 5.10147 4.49545 4.43684 4.43684 4.43684 4.43684 4.91646 5.60568 5.60568 0.00000 4.05136 4.09041 4.13320 4.17595 4.20576 4.20680 4.20680 4.20680 4.20680 4.20680 4.20680
1.69912 1.66226 1.60655 1.53886 1.45871 1.43497 1.43497 1.43497 1.43497 1.43497 1.43497 1.43973 1.51094 1.51208 1.51208 1.51208 1.51208 1.48473 0.900439 0.840231 0.800340 0.760449 0.726876 0.723062 0.723062 0.723062 0.723062 0.804505 1.02078 1.02078 1.02078 1.02078 1.10931 1.31761 4.67480 6.16799 6.59585 6.59158 6.59158 6.57977 6.28854 5.81233 5.22671 4.56763 4.43684 4.43684 4.43684 4.43684 4.43684 4.43684 4.43684 4.43684 4.64157 5.60568 5.60568 0.00000 4.20307 4.20680 4.20680 4.20680 4.20680 4.20680 4.20680 4.20680 4.20680 4.20680 4.20680
1.50752 1.43497 1.43497 1.43497 1.43497 1.43497 1.43497 1.43497 1.43497 1.43497 1.43497 1.43497 1.49390 1.40454 1.22025 1.03595 0.851653 0.680453 0.698279 0.723062 0.723062 0.723868 0.744117 0.777360 0.818370 0.870196 0.937721 1.01175 1.14342 1.34400 1.48408 1.58741 1.64363 1.64520 3.09311 5.91277 6.36438 5.90939 5.34689 4.66598 4.43684 4.43684 4.43684 4.43684 4.43684 4.43684 4.43684 4.43684 4.43684 4.43684 4.42337 4.39853 4.39845 5.53328 5.60568 5.60568 4.20680 4.20680 4.20680 4.20680 4.20680 4.20680 4.20680 4.20680 4.20680 4.20680 4.20680
1.61090 1.43497 1.43497 1.43497 1.43497 1.43497 1.43497 1.43497 1.37747 1.19732 1.01304 0.828739 0.683370 0.644808 0.644808 0.644808 0.653228 0.676117 0.743369 0.851476 0.913045 0.992531 1.02078 1.02240 1.17969 1.36890 1.50214 1.60100 1.64510 1.64520 1.64520 1.64520 1.64520 1.64520 1.91267 3.70539 4.21526 4.43684 4.43684 4.43684 4.43684 4.43684 4.43684 4.43684 4.43684 4.42337 4.39853 4.37368 4.34884 4.32400 4.31249 4.31249 4.31249 5.05678 5.60568 5.60568 4.20680 4.20680 4.20680 4.20680 4.20680 4.20680 4.20680 4.20363 4.19381 4.18378 4.17375
1.73480 1.43497 1.43497 1.41233 1.25145 1.06707 0.882857 0.698561 0.571765 0.567689 0.598224 0.808282 1.00063 0.726784 0.768335 0.823174 0.864006 0.864269 0.880983 1.03048 1.21414 1.39244 1.51929 1.61368 1.64520 1.64520 1.64520 1.64520 1.64520 1.64520 1.64520 1.64520 1.64520 1.64520 1.64536 3.07632 3.89391 4.43684 4.43684 4.43684 4.42337 4.39853 4.37368 4.34884 4.32400 4.31249 4.31249 4.31249 4.31249 4.31249 4.31249 4.31249 4.31965 4.71594 5.68955 5.72359 4.20680 4.20680 4.20677 4.20099 4.19096 4.18093 4.17091 4.16405 4.16384 4.16384 4.16384
1.47419 0.946665 0.752766 0.591106 0.567689 0.684958 0.925156 1.16470 1.40516 1.64470 1.85449 1.88384 1.87712 0.989083 0.864269 0.892770 1.11807 1.30777 1.44377 1.60892 1.64520 1.64520 1.64520 1.64520 1.64520 1.64520 1.64520 1.64520 1.64520 1.64520 1.64520 1.64520 1.64520 1.64520 1.64520 2.64289 3.75292 4.37368 4.34884 4.32400 4.31249 4.31249 4.31249 4.31249 4.31249 4.31249 4.31249 4.31278 4.32438 4.34181 4.35923 4.37666 4.38693 4.50853 5.75471 5.75471 4.18812 4.17809 4.16809 4.16384 4.16384 4.16384 4.16384 4.16384 4.16384 4.16384 4.16666
1.06116 1.11775 1.28157 1.52124 1.76157 1.88384 1.88384 1.88384 1.88384 1.88384 1.88384 1.86483 1.73967 1.14753 1.31732 1.55224 1.56694 1.56694 1.56694 1.60798 1.64520 1.64520 1.64520 1.64520 1.64520 1.64520 1.64520 1.64520 1.64520 1.64520 1.69260 1.84861 2.00931 2.16971 2.33019 2.84599 4.09256 4.29687 4.31249 4.31249 4.31249 4.31249 4.31249 4.31432 4.32920 4.34662 4.36406 4.38119 4.38701 4.38701 4.38701 4.38701 4.38701 4.38755 5.45858 5.75471 4.16384 4.16384 4.16384 4.16384 4.16384 4.16384 4.16392 4.22086 4.32687 4.43296 4.53615
2.14344 2.03599 1.88384 1.88384 1.88384 1.88384 1.88384 1.86272 1.73654 1.61963 1.52436 1.45314 1.44349 1.21831 1.15561 1.56694 1.56694 1.56694 1.56694 1.58532 1.64520 1.64520 1.64520 1.64520 1.64520 1.67454 1.82252 1.98307 2.14355 2.30402 2.41729 2.42156 2.42156 2.42156 2.42156 2.45126 3.98134 4.23608 4.31249 4.31719 4.33401 4.35144 4.36886 4.38446 4.38701 4.38701 4.38701 4.38701 4.38701 4.38701 4.38701 4.38701 4.38701 4.38701 4.96732 5.75471 4.16384 4.16384 4.16384 4.20157 4.30629 4.41234 4.51831 4.56738 4.56738 4.56738 4.56738
2.14344 2.11166 1.88410 1.86093 1.73316 1.61731 1.52199 1.45239 1.44349 1.44349 1.44349 1.44349 1.44349 1.37874 0.894227 1.56694 1.56694 1.56694 1.56694 1.56804 1.65549 1.79628 1.95683 2.11746 2.27778 2.40906 2.42156 2.42156 2.42156 2.42156 2.42156 2.42156 2.42156 2.42156 2.42156 2.56686 3.68975 4.21585 4.37368 4.38639 4.38701 4.38701 4.38701 4.38701 4.38701 4.38701 4.38701 4.38701 4.38701 4.38701 4.38701 4.38701 4.38701 4.38701 4.63980 5.75471 4.28571 4.39172 4.49781 4.56609 4.56738 4.56738 4.56738 4.56738 4.56738 4.56738 4.56738
1.95955 1.82112 1.55228 1.45131 1.44349 1.44349 1.44349 1.44349 1.44349 1.44349 1.44349 1.44349 1.44349 1.44349 0.867191 1.48225 1.61352 1.68509 1.75665 1.82818 2.22699 2.42156 2.42156 2.42156 2.42137 2.40487 2.38101 2.36059 2.34288 2.34519 2.42425 2.61508 2.92268 3.23053 3.53813 3.70044 3.86197 4.18424 4.38567 4.38701 4.38701 4.38701 4.38701 4.38701 4.38701 4.38701 4.38701 4.38701 4.38701 4.38701 4.38701 4.38701 4.38701 4.43279 4.56484 5.71487 4.56738 4.56738 4.56738 4.56738 4.56738 4.56738 4.56738 4.56738 4.56738 4.56738 4.56738
1.61656 1.61656 1.52372 1.44349 1.44349 1.44349 1.44349 1.44349 1.44349 1.44349 1.44349 1.46080 1.50797 1.55571 1.29169 1.53533 1.90325 1.90325 1.90325 1.90847 2.09407 2.36673 2.34823 2.33209 2.31798 2.31285 2.32129 2.47409 2.67933 2.89062 3.55031 3.70056 3.70056 3.70056 3.70056 3.70056 3.73005 4.15538 4.34176 4.38701 4.38701 4.38701 4.38701 4.38701 4.38701 4.38701 4.38701 4.38701 4.43279 4.52528 4.61777 4.71026 4.80275 4.84945 4.84945 5.38799 4.56738 4.56738 4.56738 4.56738 4.56738 4.56738 4.56738 4.56738 4.56738 4.56738 4.65974
1.61656 1.61656 1.57435 1.44349 1.44349 1.44349 1.45078 1.49369 1.54138 1.58907 1.63680 1.66718 1.66770 1.68042 1.63375 1.41766 1.94317 1.95309 1.96179 1.96716 1.99725 2.31036 2.33306 2.50641 2.71156 2.91671 3.11334 3.16552 3.16552 3.16552 3.49515 3.70056 3.70056 3.70056 3.70056 3.70056 3.70056 4.04414 4.27808 4.38701 4.38701 4.38701 4.38701 4.43186 4.52435 4.61684 4.70938 4.80275 4.84945 4.84945 4.84945 4.84945 4.84945 4.84945 4.85027 5.30437 4.56738 4.56738 4.56738 4.56738 4.56738 4.57270 4.71999 4.93033 5.14066 5.35081 5.46897
1.61656 1.61676 1.62032 1.53055 1.57481 1.62252 1.66294 1.66770 1.72574 1.85695 1.98837 2.11987 2.25129 2.36999 2.33830 1.43581 1.94147 1.96731 2.00431 2.19318 2.39833 2.87689 3.13380 3.16552 3.16552 3.16552 3.16552 3.16552 3.16552 3.16552 3.34729 3.70056 3.70056 3.70056 3.70056 3.70056 3.70056 3.90355 4.28674 4.52435 4.61684 4.70933 4.80182 4.84945 4.84945 4.84945 4.84945 4.84945 4.84945 4.84945 4.86521 5.05588 5.29484 5.53390 5.77224 6.06460 4.56738 4.59516 4.78069 4.99103 5.20127 5.40628 5.46933 5.46933 5.46933 5.46933 5.46933
1.64682 1.65590 1.67124 1.78758 1.92201 2.05343 2.18493 2.31686 2.39038 2.39059 2.39059 2.39059 2.39059 2.39059 2.45906 1.97802 2.30340 2.63563 2.80369 2.81997 2.81997 2.99376 3.16552 3.16552 3.16552 3.16552 3.16552 3.16552 3.16552 3.16552 3.22768 3.70056 3.70056 3.73921 3.87548 4.05142 4.28272 4.71184 5.73286 4.88375 4.84945 4.84945 4.84945 4.84945 4.84945 4.84945 4.89876 5.12258 5.36153 5.60069 5.82390 5.87239 5.87239 5.87239 5.87239 5.87509 5.26197 5.44453 5.46933 5.46933 5.46933 5.46933 5.46933 5.46933 5.46933 5.47284 5.54202
2.11025 2.24175 2.36074 2.38507 2.39059 2.39059 2.39059 2.39059 2.39059 2.39059 2.46516 2.73974 3.02571 3.31121 3.52813 3.05835 2.65064 2.81997 2.81997 2.81997 2.81997 2.89414 3.16552 3.16552 3.16552 3.16552 3.16552 3.16552 3.17423 3.21637 3.26895 4.08419 4.54406 4.81841 4.82762 4.82762 4.82762 4.82762 5.59758 5.03962 4.84945 4.84945 4.95083 5.18927 5.42823 5.66729 5.85704 5.87239 5.87239 5.87239 5.87239 5.87239 5.87239 5.87239 5.87239 5.87239 5.46933 5.46933 5.46933 5.46933 5.46933 5.46962 5.52402 5.61814 5.71226 5.80283 5.82774
2.37821 2.38170 2.38170 2.38247 2.39055 2.39059 2.47149 2.74779 3.03388 3.31975 3.53009 3.54137 3.54137 3.54137 3.54137 3.32960 2.57111 2.81700 2.81997 2.81997 2.81997 2.82295 3.13708 3.17061 3.20914 3.25979 3.31924 3.38992 3.45596 3.46152 3.46152 4.07945 4.82762 4.82762 4.82762 4.82762 4.82762 4.82673 5.49315 5.86296 5.49503 5.73398 5.87167 5.87239 5.87239 5.87239 5.87239 5.87239 5.87239 5.87239 5.87239 5.87239 5.87239 5.87239 5.87239 5.87239 5.46933 5.46933 5.50657 5.60011 5.69423 5.78803 5.82774 5.82774 5.82774 5.82774 5.82774
2.26156 2.38170 2.46905 2.74707 3.03997 3.32778 3.53239 3.54137 3.54137 3.54137 3.54137 3.54137 3.54137 3.54137 3.54137 3.53065 2.61890 2.75633 2.82548 2.97031 3.17602 3.38173 3.47042 3.45013 3.46152 3.46152 3.46152 3.46152 3.66697 4.07101 4.47573 4.89813 4.82762 4.82451 4.78077 4.72458 4.66838 4.61306 5.31874 7.48638 5.87848 5.87239 5.87239 5.87239 5.87239 5.87239 5.87239 5.87239 5.87239 5.87239 5.87239 5.87239 5.87239 5.87239 5.87239 5.87239 5.61976 5.77033 5.82721 5.82774 5.82774 5.82774 5.82774 5.82774 5.82774 5.82774 5.82774
