High_resolution/powerplant/Chizhou/OMI_NO2_200604.asc
ncols      200
nrows      200
xllcorner       115.585
yllcorner       28.7700
cellsize     0.0166667
NODATA_Value      -999.000
[rows 116 to 144 of 200, columns 67 to 133 of 200]
4.06528 4.37131 4.42937 4.46866 4.47325 4.47567 4.47809 4.48050 4.48293 4.42940 4.26414 4.09594 3.87770 3.54033 3.51082 2.73145 2.35771 2.34545 2.34545 2.34545 2.34545 2.34465 2.25771 2.24855 2.24855 2.24855 2.24855 2.24855 2.24855 2.21403 2.22026 2.12243 2.16617 2.24657 1.91034 1.73693 1.75157 1.81714 1.88679 1.95684 2.02681 2.09548 2.11769 2.11734 2.09880 1.66137 1.46574 1.39472 1.37305 1.36864 1.24923 1.19180 1.25794 1.40490 1.40490 1.40490 1.40490 1.40490 1.40490 1.39567 1.36451 1.69879 1.87200 1.94324 2.01436 2.06005 2.02395
4.22647 4.43127 4.49144 4.49144 4.48776 4.37061 4.19992 4.02923 3.85832 3.74358 3.74050 3.74050 3.73852 3.52921 3.51082 3.00385 2.40442 2.34502 2.34545 2.34545 2.34545 2.34545 2.28777 2.24855 2.24855 2.24966 2.26444 2.28461 2.30663 2.30153 2.28020 2.23741 2.26507 2.43279 2.31447 2.05807 2.11348 2.11779 2.11740 2.10968 2.08259 2.05450 2.02639 1.99841 1.98606 1.71016 1.45505 1.36864 1.36864 1.36864 1.28971 1.19180 1.20146 1.39870 1.40490 1.40490 1.40537 1.44879 1.52000 1.59030 1.61721 1.85690 2.06087 2.06087 2.06087 2.06087 2.06087
4.19777 4.17196 4.13196 3.96125 3.79404 3.74050 3.74050 3.74050 3.74050 3.74050 3.74050 3.74050 3.74050 3.59239 3.51082 3.27436 2.45686 2.34073 2.34545 2.34545 2.34545 2.34323 2.29866 2.28421 2.30030 2.32231 2.37949 2.44288 2.50621 2.55774 2.59505 2.59655 2.50225 2.63210 2.58671 2.09669 2.06397 2.03591 2.00747 1.98701 1.98606 1.98606 1.98606 1.98606 1.98606 1.84872 1.49386 1.36864 1.36864 1.36864 1.33027 1.19180 1.19407 1.39763 1.52421 1.59157 1.65837 1.68228 1.67840 1.67452 1.65638 1.75058 2.06314 2.06309 2.05259 2.03698 2.02146
3.49136 3.53876 3.74050 3.74050 3.74050 3.74050 3.74050 3.74050 3.74050 3.74050 3.74050 3.74050 3.74050 3.65761 3.51082 3.43752 2.61422 2.33561 2.30892 2.26483 2.23663 2.25140 2.29877 2.50614 2.58838 2.65212 2.66339 2.66339 2.66339 2.66215 2.59874 2.53649 2.35450 2.40491 2.36639 2.05974 1.96794 1.96194 1.95779 1.95449 1.94983 1.94518 1.94050 1.93585 1.93120 1.91441 1.48556 1.32726 1.31270 1.36657 1.42997 1.31918 1.36138 1.45427 1.56049 1.54462 1.52884 1.51302 1.49720 1.48140 1.48658 1.51232 1.82059 1.81350 1.77923 1.75011 1.72329
3.47815 3.48258 3.72567 3.74050 3.74050 3.74050 3.74050 3.74050 3.74050 3.74050 3.74047 3.73545 3.72697 3.69870 3.45756 3.43830 2.76544 2.33738 2.35188 2.40549 2.44319 2.44017 2.43515 2.54135 2.60952 2.59640 2.53865 2.47315 2.40757 2.34206 2.27507 2.25744 2.16184 2.20047 2.25447 2.07603 1.87867 1.87867 1.88380 1.89305 1.89573 1.89842 1.90109 1.90377 1.89945 1.85050 1.65426 1.57865 1.59217 1.60783 1.61000 1.29938 1.20019 1.22866 1.41323 1.41329 1.41891 1.43326 1.44772 1.46218 1.50709 1.57925 1.62894 1.69591 1.69895 1.70198 1.70273
3.47561 3.47150 3.64839 3.72562 3.72116 3.71071 3.69811 3.68555 3.67295 3.66034 3.62630 3.57914 3.53549 3.49220 3.51993 3.55634 3.14022 2.46923 2.38013 2.38013 2.38011 2.35385 2.30427 2.29794 2.34558 2.29316 2.28538 2.28749 2.29460 2.30192 2.29232 2.27697 2.23019 2.20302 2.27521 2.21114 1.90477 1.90745 1.91243 1.92323 1.91583 1.86287 1.80694 1.75616 1.71421 1.70787 1.71743 1.70407 1.61065 1.61065 1.61264 1.40831 1.22946 1.25587 1.48176 1.56344 1.60631 1.64330 1.68026 1.71724 1.74205 1.77673 1.71352 1.70227 1.70227 1.70227 1.70227
3.48977 3.53117 3.60449 3.63279 3.62461 3.62144 3.60327 3.56379 3.52426 3.48474 3.46668 3.46668 3.46668 3.46668 3.51162 3.55500 3.34043 2.52890 2.29222 2.24867 2.20524 2.18800 2.19411 2.20542 2.34117 2.35430 2.36162 2.36683 2.36704 2.36704 2.36132 2.32745 2.30881 2.20818 2.28663 2.28610 1.94800 1.84989 1.79515 1.75472 1.71377 1.70787 1.70787 1.70787 1.70780 1.69910 1.67262 1.75629 1.73525 1.78282 1.82825 1.74363 1.51853 1.57346 1.67666 1.73620 1.73912 1.73925 1.73925 1.73925 1.73935 1.77390 1.73514 1.70211 1.70227 1.70227 1.70227
3.66437 3.65860 3.63805 3.56615 3.52662 3.48739 3.44648 3.41902 3.39150 3.36404 3.33658 3.30909 3.25072 3.15357 3.07581 3.04715 2.95340 2.59269 2.23282 2.22301 2.22301 2.22301 2.22301 2.22301 2.31714 2.36704 2.36704 2.36704 2.36704 2.36704 2.36704 2.33291 2.31605 2.13512 2.12845 2.07026 1.83421 1.69754 1.69754 1.70244 1.67864 1.64597 1.61334 1.58066 1.54808 1.52412 1.51000 1.67528 1.94280 2.00714 2.04107 2.04053 1.66714 1.66541 1.68393 1.73925 1.73925 1.73925 1.73925 1.73925 1.73925 1.76607 1.76456 1.69367 1.67975 1.64600 1.61228
3.43348 3.36322 3.31092 3.24891 3.21686 3.19008 3.18211 3.17825 3.12385 3.05402 2.98413 2.91426 2.87528 2.87516 2.87615 2.95698 2.96139 2.74446 2.27713 2.22301 2.22301 2.22301 2.22301 2.22301 2.27131 2.36704 2.36704 2.36704 2.35483 2.28202 2.20710 2.11936 2.05154 1.97151 1.95389 1.94529 1.82293 1.56682 1.53415 1.51001 1.50840 1.50840 1.51983 1.55331 1.58725 1.62123 1.65487 1.74171 1.99400 2.07586 2.07586 2.07586 1.73058 1.66541 1.66676 1.73471 1.73925 1.73925 1.73925 1.73768 1.71207 1.69718 1.68203 1.57544 1.56258 1.56258 1.56258
3.19531 3.22078 3.22078 3.17870 3.09638 3.02652 2.95665 2.89066 2.87516 2.87516 2.87516 2.87516 2.87516 2.87516 2.87516 2.93281 2.96347 2.88790 2.34304 2.22301 2.22301 2.22301 2.22301 2.22301 2.22553 2.27940 2.20617 2.13693 2.08390 2.09919 2.12612 2.10920 1.97877 1.88742 1.76926 1.81123 1.80121 1.51557 1.53184 1.56912 1.61011 1.64409 1.66660 1.66715 1.66715 1.66715 1.66715 1.67204 1.94190 2.07586 2.07586 2.07586 1.82463 1.66541 1.66541 1.71106 1.70735 1.67361 1.63986 1.60892 1.61121 1.62783 1.63169 1.57820 1.55400 1.55237 1.55076
3.06730 3.03763 2.96781 2.90322 2.87516 2.87516 2.87516 2.87516 2.87516 2.87516 2.87516 2.87516 2.87516 2.87516 2.87516 2.90758 2.96347 2.92370 2.51872 2.22302 2.21833 2.17836 2.13102 2.09040 2.07657 2.12406 2.15958 2.18746 2.21357 2.21878 2.21878 2.20720 1.96353 1.92062 1.70321 1.72964 1.69751 1.65982 1.65682 1.65912 1.68336 1.69560 1.70785 1.72006 1.73230 1.74452 1.75681 1.76433 1.94574 2.20029 2.21444 2.22094 2.04526 1.77038 1.74888 1.75922 1.82289 1.84670 1.87048 1.89305 1.90641 1.89743 1.67966 1.66106 1.62740 1.64765 1.67288
2.86027 2.91200 2.91382 2.91074 2.87543 2.87516 2.87516 2.87516 2.87516 2.87516 2.87516 2.87516 2.87516 2.87516 2.86390 2.84298 2.89126 2.80483 2.49506 2.12793 2.11256 2.13414 2.16634 2.19222 2.19792 2.21695 2.24069 2.24500 2.24399 2.21909 2.19127 2.16347 1.94256 1.86283 1.68848 1.72372 1.73064 1.73155 1.73064 1.73386 1.89713 1.91649 1.91649 1.91287 1.89834 1.88312 1.86785 1.87006 1.93794 2.11583 2.10665 2.06345 2.01701 1.90255 1.91417 1.93054 1.99914 1.99978 1.99978 2.00333 2.01539 2.02780 1.82259 1.79805 1.75431 1.77876 1.78566
2.85382 2.90356 2.91382 2.91382 2.88278 2.87637 2.88128 2.88630 2.87423 2.85040 2.82664 2.80283 2.77790 2.73163 2.68853 2.66295 2.74931 2.79721 2.69599 2.25936 2.25777 2.26145 2.26185 2.26165 2.24216 2.21414 2.21189 2.17989 2.15307 2.15019 2.15019 2.15008 2.02945 1.88500 1.76164 1.67732 1.66370 1.64756 1.62459 1.60930 1.71778 1.76115 1.74593 1.75225 1.82340 1.89889 1.97423 2.03167 1.95789 1.91124 2.00258 2.00258 2.00233 1.93297 1.93701 1.94943 2.01907 2.04422 2.05278 2.05428 2.03916 2.02335 1.84269 1.74235 1.76520 1.83031 1.83031
2.91101 2.95077 2.97631 2.97463 2.92062 2.84635 2.81764 2.78966 2.78949 2.77571 2.74511 2.71459 2.68510 2.67707 2.67707 2.67707 2.75848 2.83572 2.77363 2.35929 2.22468 2.19122 2.15758 2.12415 2.11003 2.10853 2.13438 2.13965 2.13815 2.13666 2.13516 2.13378 2.08787 1.87116 1.80811 1.60185 1.55972 1.55972 1.55281 1.56987 1.72627 1.89965 1.97514 2.03209 2.03553 2.03553 2.03553 2.03553 2.01901 1.89100 2.03066 2.03923 2.04780 2.00214 1.97841 1.98232 2.00380 2.00634 1.99437 1.98592 1.98559 1.98559 1.87351 1.73538 1.74216 1.83031 1.83031
2.89789 2.91798 2.95483 2.96972 2.93841 2.79788 2.76732 2.73591 2.69379 2.67696 2.66277 2.63834 2.61403 2.58967 2.56524 2.52051 2.49529 2.55611 2.56359 2.34708 2.09957 2.09939 2.09939 2.09939 2.09939 2.09939 2.11598 2.13351 2.13351 2.13351 2.13351 2.13351 2.13298 1.89977 1.86153 1.64751 1.65119 1.72656 1.79771 1.84989 1.89835 2.03553 2.03682 2.06658 2.12350 2.18051 2.23755 2.29455 2.34579 2.21851 2.05595 2.06108 2.06981 2.04287 2.00942 2.01039 2.00555 1.98559 1.98559 1.98559 1.98559 1.98559 1.92632 1.73538 1.72472 1.82473 1.82886
2.93195 2.99269 2.95013 2.82389 2.74827 2.53776 2.50668 2.48235 2.45799 2.43374 2.41987 2.38836 2.35120 2.31403 2.27690 2.26007 2.26218 2.40786 2.47560 2.48524 2.10058 2.09939 2.09939 2.09939 2.09939 2.09939 2.10521 2.13351 2.13351 2.13351 2.13351 2.15362 2.22609 2.14057 2.11424 1.99626 1.86857 1.91379 1.96902 2.01918 2.08457 2.31333 2.37138 2.39860 2.39869 2.40213 2.41081 2.41955 2.42829 2.33566 2.12002 2.08704 2.08704 2.06892 2.01039 2.01039 2.01029 1.98812 1.98559 1.98559 1.98559 1.98559 1.97222 1.71009 1.67568 1.70111 1.71121
3.25746 3.19252 2.87585 2.60111 2.60102 2.47287 2.41024 2.37349 2.33634 2.29917 2.26573 2.26007 2.26007 2.26007 2.26007 2.26007 2.26007 2.36490 2.43771 2.57786 2.15100 2.09939 2.09939 2.09939 2.09939 2.09939 2.09940 2.14916 2.22712 2.30192 2.37677 2.42593 2.36921 2.25506 2.20043 2.23148 2.22865 2.22484 2.22480 2.21704 2.21762 2.37476 2.41675 2.42549 2.43422 2.43952 2.43957 2.43957 2.43957 2.39630 2.16105 2.08704 2.08704 2.08456 2.01232 2.01039 2.01039 1.99528 1.98017 1.95215 1.92163 1.89119 1.86379 1.65529 1.60901 1.64161 1.70434
3.40626 3.19239 2.96014 2.58759 2.49897 2.38160 2.26049 2.26007 2.26007 2.26007 2.26007 2.26007 2.26007 2.26007 2.26007 2.26007 2.26007 2.31984 2.41873 2.56111 2.29190 2.09939 2.09939 2.10650 2.13802 2.17149 2.18826 2.25169 2.27133 2.19746 2.12421 2.05660 2.04223 2.05413 2.22378 2.24692 2.29569 2.31440 2.36886 2.31641 2.25628 2.36708 2.43957 2.43957 2.43957 2.43924 2.42578 2.40547 2.38509 2.35658 2.12957 1.97135 1.95105 1.93070 1.84237 1.77549 1.72462 1.66592 1.60355 1.58069 1.56156 1.54611 1.53086 1.64960 1.75466 1.77518 1.87111
3.19220 3.00787 2.89474 2.58321 2.43750 2.40532 2.26007 2.26007 2.26007 2.26007 2.26007 2.26007 2.26007 2.26007 2.26007 2.26007 2.26007 2.26858 2.38060 2.45846 2.36954 2.12599 2.09069 2.04450 1.97387 1.90129 1.84547 1.88889 2.05253 2.06154 2.07053 2.09252 2.15334 2.21683 2.42202 2.52893 2.60640 2.56367 2.57264 2.51340 2.37544 2.28604 2.09289 2.07255 2.05216 2.03210 2.02523 2.02542 2.03704 2.05528 1.93093 1.70395 1.68481 1.67252 1.58316 1.51225 1.51743 1.52138 1.50361 1.50814 1.51209 1.51233 1.52200 1.68201 1.90893 1.94606 1.96763
3.09004 2.96789 2.96515 2.67755 2.43750 2.43682 2.27657 2.26007 2.26007 2.26007 2.26054 2.25785 2.23797 2.21781 2.19765 2.18060 2.18024 2.18753 2.22028 2.24863 2.26608 1.92178 1.95966 1.96870 1.97774 1.98668 1.99723 2.04448 2.27944 2.35296 2.40742 2.44888 2.45148 2.45148 2.54142 2.63571 2.68659 2.66358 2.68179 2.68964 2.50889 2.45354 2.14587 2.16420 2.18248 2.20065 2.20687 2.19406 2.16951 2.13842 2.05158 1.80684 1.76472 1.76472 1.69173 1.53713 1.53922 1.57317 1.59963 1.63729 1.66273 1.67595 1.67742 1.69740 1.90596 1.87277 1.79178
2.99788 3.00858 3.11891 2.85097 2.59694 2.54864 2.41348 2.33362 2.31336 2.29324 2.27165 2.24516 2.25829 2.27888 2.29952 2.31691 2.31781 2.31781 2.23675 2.19250 2.32500 2.05082 2.02008 2.07327 2.12776 2.18357 2.23854 2.25647 2.37862 2.46114 2.46320 2.46527 2.46734 2.46940 2.50966 2.65777 2.69702 2.84224 2.85250 2.85250 2.69619 2.63343 2.25210 2.20016 2.16916 2.13793 2.11876 2.11854 2.11854 2.11854 2.09119 1.88654 1.82966 1.85981 1.85167 1.65883 1.66974 1.65496 1.62314 1.54892 1.53082 1.52498 1.58611 1.72905 2.11228 2.22852 2.17476
2.74963 2.89891 3.07195 2.81958 2.54185 2.38621 2.32445 2.22770 2.23884 2.25945 2.28098 2.31061 2.31781 2.31781 2.32305 2.33635 2.34968 2.36231 2.31548 2.18063 2.24648 2.18163 2.26788 2.27121 2.27324 2.27395 2.27395 2.27395 2.33112 2.47448 2.47448 2.47448 2.47448 2.47448 2.47594 2.64368 2.67386 2.81782 2.83961 2.80871 2.68479 2.53105 2.22058 2.11854 2.11854 2.11651 2.08884 2.02076 1.94890 1.87715 1.80752 1.92240 1.82013 1.82589 1.85579 1.68886 1.68803 1.71198 1.71405 1.68341 1.81497 1.93609 2.00014 2.00039 2.19573 2.25783 2.21793
2.56328 2.68305 2.90540 2.78459 2.55131 2.39889 2.43129 2.35911 2.38169 2.39504 2.40840 2.42173 2.43511 2.44233 2.41995 2.38702 2.35413 2.32187 2.30865 2.16627 2.18963 2.17983 2.26322 2.27395 2.27395 2.27395 2.27395 2.27395 2.27920 2.46349 2.47448 2.47448 2.47448 2.47448 2.46125 2.54895 2.58358 2.67843 2.72753 2.72608 2.65282 2.39493 2.11621 1.85776 1.78598 1.71625 1.67216 1.66851 1.68289 1.71274 1.74271 1.92381 1.93624 1.94158 1.94822 1.90624 1.95377 2.07086 2.15838 2.02479 2.00039 2.00039 2.00039 2.00039 2.14133 2.25210 2.22174
2.33814 2.32971 2.55327 2.56916 2.59620 2.59041 2.58987 2.47892 2.45663 2.43974 2.40677 2.37379 2.34085 2.31403 2.31152 2.31152 2.31152 2.31152 2.31152 2.20689 2.17898 2.19443 2.22999 2.27395 2.27395 2.27395 2.27395 2.27395 2.27395 2.40582 2.46071 2.42976 2.39849 2.36902 2.35622 2.41252 2.51444 2.42467 2.37546 2.30504 2.27747 2.09674 1.93999 1.67490 1.70303 1.73292 1.76287 1.79273 1.80832 1.80832 1.80832 1.96844 2.15292 2.24014 2.33791 2.28096 2.16571 2.16571 2.16571 2.07316 2.00039 1.99183 1.96396 1.93532 1.99321 2.14127 2.13935
2.12769 2.12991 2.43312 2.53329 2.59248 2.56224 2.52674 2.41864 2.32761 2.31152 2.31152 2.31152 2.31152 2.31152 2.31152 2.31152 2.31152 2.31152 2.31152 2.25038 2.16832 2.20197 2.20382 2.27395 2.27395 2.27395 2.27867 2.29517 2.31454 2.34434 2.34792 2.33232 2.31678 2.29958 2.27895 2.29067 2.45688 2.35044 2.27231 2.25452 2.22193 2.16122 2.13918 1.80669 1.80832 1.80832 1.80832 1.84185 1.96600 2.08551 2.19560 2.26938 2.41340 2.37139 2.37989 2.35309 2.20189 2.19848 2.17846 2.11416 1.97291 1.96134 1.96910 1.97761 2.00662 2.10594 2.09662
2.11849 2.08552 2.29262 2.39485 2.44349 2.44936 2.44476 2.40551 2.31152 2.31152 2.31152 2.31152 2.31152 2.31152 2.31152 2.31152 2.31152 2.31152 2.31152 2.29370 2.16121 2.22444 2.23263 2.30990 2.31923 2.31642 2.30885 2.28951 2.26730 2.25119 2.27348 2.27413 2.27413 2.27210 2.25416 2.21346 2.33043 2.29047 2.04169 2.04984 2.03909 2.05714 2.12031 1.93725 1.93309 1.94302 1.95293 2.20193 2.38754 2.39605 2.40456 2.41305 2.57433 2.49993 2.45515 2.40844 2.21147 2.18006 2.17254 2.16098 2.00075 1.98509 1.97768 1.97030 1.96294 1.98637 1.94926
1.98262 1.98136 2.15002 2.33950 2.42225 2.45100 2.44512 2.43841 2.31447 2.31152 2.31152 2.31152 2.31152 2.31152 2.31623 2.33929 2.36231 2.38003 2.40026 2.42465 2.29642 2.28721 2.24620 2.18811 2.16856 2.15966 2.15080 2.14186 2.13298 2.12214 2.10375 2.06344 2.01158 1.95772 1.92305 1.92191 2.03793 2.14240 1.91407 1.92580 1.92202 1.90408 1.99805 1.96340 1.93338 1.91462 1.89567 1.97767 2.28929 2.27818 2.27106 2.26388 2.37521 2.25884 2.22237 2.22237 2.15110 2.12397 2.12397 2.12316 1.97994 1.88247 1.83751 1.80049 1.78379 1.80130 1.83724
1.98226 1.99415 2.09322 2.29906 2.37627 2.41339 2.40186 2.39211 2.29230 2.27677 2.29423 2.31169 2.32919 2.34623 2.35530 2.35385 2.35356 2.35850 2.36102 2.35935 2.23096 2.15012 2.14410 2.09073 2.09007 2.07600 2.03731 1.99514 1.94947 1.89474 1.87207 1.86647 1.84251 1.81855 1.79460 1.77064 1.80118 1.94322 1.75122 1.67677 1.65779 1.65582 1.76987 1.80359 1.78511 1.79122 1.80165 1.81364 2.21210 2.26261 2.26261 2.26261 2.32064 2.33508 2.20657 2.16220 2.07321 2.00507 1.98937 1.97443 1.92493 1.85300 1.88234 1.90358 1.90242 1.84165 1.73659
2.19277 2.19581 2.20808 2.24198 2.34468 2.44873 2.48148 2.51184 2.44269 2.34073 2.33479 2.33839 2.34365 2.34932 2.35825 2.35935 2.35935 2.35935 2.35260 2.32678 2.23387 2.00247 1.95121 1.81231 1.77333 1.71354 1.68909 1.66514 1.64118 1.62518 1.62791 1.65555 1.65573 1.65573 1.65573 1.65573 1.66030 1.86458 1.77068 1.65487 1.65590 1.66342 1.74127 1.83806 1.82269 1.82704 1.82704 1.82704 2.08420 2.26477 2.29157 2.32941 2.37407 2.31060 2.11227 2.14121 2.14270 2.07700 2.08087 2.08474 2.06902 1.85948 1.73619 1.60231 1.45949 1.42172 1.45346
