High_resolution/powerplant/Chizhou/OMI_NO2_201105.asc
ncols      200
nrows      200
xllcorner       115.585
yllcorner       28.7700
cellsize     0.0166667
NODATA_Value      -999.000
[rows 90 to 119 of 175, columns 132 to 197 of 200]
1.33820 1.34130 1.51247 1.67203 1.67801 1.70037 1.70037 1.70037 1.70229 1.72434 1.75181 1.77832 1.79614 1.96111 2.11576 2.10414 2.09697 2.09688 2.03415 1.65290 1.65290 1.65290 1.65290 1.62690 1.49836 1.49836 1.49836 1.93705 2.09447 2.10020 2.10592 2.11052 2.11093 2.11093 2.12163 2.21252 2.28554 2.37592 2.37592 2.37592 2.37592 2.37592 2.42036 2.43056 2.39213 2.26058 2.14364 2.02658 1.93115 1.87315 1.95780 2.31306 2.27940 2.26785 2.80294 2.22788 2.13802 2.13613 2.11067 2.12168 2.18440 2.20362 2.22250 2.23661 2.23740 2.23740
1.34130 1.34130 1.41829 1.67869 1.70514 1.75806 1.78827 1.81034 1.82434 1.81819 1.80661 1.79605 1.79411 1.84749 2.09688 2.09688 2.09688 2.09688 2.09688 1.71472 1.65290 1.65290 1.65290 1.65455 1.52724 1.51496 1.52260 1.81204 2.11093 2.11093 2.11093 2.11093 2.11093 2.11093 2.11093 2.19494 2.23934 2.37592 2.37592 2.37592 2.36342 2.24936 2.14812 2.01355 1.88771 1.84501 1.80824 1.79342 1.82774 1.85787 1.89392 2.23672 2.22880 2.22558 2.54783 2.32300 1.87862 1.76054 1.90364 2.21209 2.23294 2.23740 2.23740 2.23740 2.23740 2.23740
1.59435 1.70133 1.78760 1.60784 1.37471 1.54553 1.80027 1.79411 1.79411 1.79411 1.79411 1.79411 1.79411 1.79426 2.05472 2.09688 2.09688 2.09688 2.09688 1.84122 1.66211 1.66972 1.67735 1.68322 1.59467 1.52907 1.52907 1.60109 2.10691 2.11093 2.11093 2.11093 2.11093 2.11093 2.11093 2.16665 2.21268 2.27352 2.20458 2.15299 2.12945 2.17911 2.16052 1.85154 1.88488 1.88974 1.88022 1.87038 1.86054 1.85603 1.85135 1.99504 1.93277 1.81137 1.77485 2.00873 1.61896 1.61896 1.69017 2.21085 2.22626 2.23740 2.23740 2.23740 2.23740 2.23731
1.35301 1.12357 0.915686 0.829433 0.804687 1.11415 1.79411 1.79411 1.79411 1.79411 1.79411 1.79411 1.79411 1.79411 1.95921 2.09894 2.10631 2.11393 2.12155 1.99430 1.68361 1.68361 1.68361 1.68361 1.64060 1.52907 1.52907 1.52907 1.99818 2.11093 2.11093 2.11093 2.11099 2.11907 2.14875 2.17773 2.12298 2.19885 2.28323 2.29604 2.29604 2.29530 2.28568 1.91428 1.86346 1.85635 1.84557 1.76546 1.68351 1.61222 1.55231 1.59981 1.67860 1.67860 1.67860 2.05253 1.65638 1.61896 1.61896 2.09976 2.21838 2.23740 2.23530 2.23131 2.22731 2.22341
0.878989 0.878989 0.878989 0.850437 0.804687 0.849033 1.76408 1.79411 1.79411 1.79411 1.79411 1.79376 1.79227 1.79070 1.86578 2.12734 2.12760 2.12760 2.12760 2.10753 1.69519 1.68361 1.68361 1.68361 1.67918 1.53624 1.52907 1.52945 1.88898 2.30698 2.35443 2.38640 2.41646 2.44183 2.44762 2.43749 2.18985 2.20766 2.29123 2.28385 2.27647 2.26983 2.25026 1.92586 1.67207 1.60219 1.54677 1.53818 1.53818 1.53818 1.53818 1.56453 1.67860 1.67860 1.67860 1.90749 1.82102 1.61896 1.61710 1.91026 2.19984 2.22189 2.22219 2.22219 2.22302 2.24628
0.878989 0.878989 0.878989 0.871231 0.804895 0.804687 1.51303 1.79385 1.79241 1.79084 1.78926 1.78804 1.78795 1.78795 1.79077 2.09591 2.12760 2.12760 2.12760 2.12760 1.79976 1.68361 1.69981 1.78891 1.84026 1.94371 2.20548 2.46638 2.20516 2.46018 2.44762 2.44762 2.44762 2.44762 2.44493 2.43763 2.23135 2.16360 2.23229 2.15005 2.06712 1.99248 1.93689 1.81383 1.53818 1.53818 1.53818 1.53818 1.53818 1.53818 1.53818 1.54003 1.66812 1.67860 1.68505 1.78752 1.98451 1.60222 1.59875 1.71457 2.19181 2.25031 2.31294 2.40757 2.54928 2.66856
0.878989 0.878989 0.878989 0.878798 0.816553 0.801552 1.21306 1.78809 1.78795 1.78795 1.78795 1.78795 1.78795 1.78795 1.78795 1.99170 2.12760 2.11545 2.08963 2.03278 1.95001 2.05011 2.09093 2.00824 1.98795 2.23237 2.61499 2.61499 2.16422 2.36171 2.44648 2.43982 2.43244 2.42505 2.41989 2.41833 2.28902 2.15561 2.01053 1.93189 1.93189 1.93189 1.93189 1.90946 1.54500 1.53818 1.53818 1.53818 1.53818 1.53818 1.53938 1.55969 1.68381 1.77920 1.80869 1.81158 2.06577 1.62777 1.59868 1.65556 2.32335 2.58096 2.75665 2.80460 2.80460 2.80460
0.877564 0.875992 0.874418 0.873037 0.832933 0.798531 0.917625 1.78647 1.78795 1.78795 1.78795 1.78671 1.76704 1.74119 1.70679 1.71586 1.86226 1.77781 1.70693 1.66720 1.70765 1.98795 1.98795 1.98795 1.98795 2.04997 2.61197 2.61499 2.37467 2.20812 2.42050 2.41828 2.41675 2.41523 2.41419 2.41416 2.36478 2.15471 2.07971 1.93189 1.93189 1.93189 1.93189 1.93189 1.64790 1.53818 1.53818 1.55158 1.57853 1.60549 1.63128 1.63792 1.69750 1.81158 1.81158 1.76678 1.71421 1.80650 2.06191 2.15254 2.49772 2.75180 2.82921 2.86938 2.90881 2.94828
0.872833 0.872833 0.872833 0.872833 0.853923 0.798531 0.793076 1.58069 1.73243 1.70657 1.64191 1.54651 1.46953 1.39872 1.33649 1.33611 1.64798 1.66707 1.66707 1.66707 1.66763 1.94050 1.98795 1.98795 1.98795 1.98795 2.48746 2.61087 2.58600 2.06567 2.41285 2.41416 2.41416 2.41416 2.41416 2.41416 2.41393 2.18025 2.14298 1.93791 1.93189 1.93189 1.93189 1.93710 1.79642 1.59738 1.62433 1.63851 1.65513 1.68083 1.70911 1.72975 1.59798 1.38718 1.15370 0.965279 1.00678 1.56705 2.22759 2.31638 2.54097 2.95254 2.97309 2.97339 2.97339 2.97339
0.872833 0.848055 0.780117 0.711472 0.641759 0.713692 0.931963 1.36493 1.43019 1.35944 1.32742 1.32742 1.32742 1.32742 1.32742 1.32742 1.54958 1.66707 1.66707 1.66707 1.66707 1.83401 1.98675 1.98373 1.98069 1.97765 2.29100 2.60274 2.60274 2.14851 2.33766 2.41416 2.41416 2.41416 2.41416 2.41416 2.41416 2.24427 2.15471 1.99712 1.94520 1.90990 1.87083 1.83830 1.76588 1.72957 1.76312 1.79952 1.69091 1.45744 1.22422 1.00257 0.948448 0.959034 1.03617 1.12497 1.21383 1.61334 2.48886 2.52258 2.53317 2.94651 2.97269 2.97339 2.97339 2.97339
0.563932 0.640828 0.898100 1.15646 1.41470 1.73194 1.80292 1.69736 1.32742 1.32742 1.32742 1.32742 1.32742 1.32742 1.32742 1.32742 1.44259 1.66707 1.66621 1.66419 1.66216 1.74123 1.97571 1.97569 1.97569 1.97569 2.10556 2.60274 2.60274 2.35565 2.20326 2.41416 2.41416 2.41416 2.41416 2.41386 2.38675 2.24319 2.13058 2.00462 1.77009 1.78746 1.81132 1.81158 1.75176 1.52795 1.29439 1.06109 0.948448 0.966818 1.05003 1.13882 1.22754 1.30570 1.31732 1.31732 1.31732 1.49015 2.24212 2.52258 2.52258 2.81964 2.97222 2.97339 2.97462 2.99970
1.52378 1.66141 1.66152 1.66152 1.66152 1.71861 1.80292 1.79883 1.36870 1.32742 1.32742 1.32742 1.32742 1.32742 1.35971 1.44417 1.54231 1.66013 1.65890 1.65890 1.65890 1.67439 1.97035 1.97569 1.97569 1.97569 1.97939 2.54348 2.60274 2.57717 2.06710 2.36890 2.27166 2.18925 2.10607 2.02209 1.97554 1.98214 2.17873 2.14608 1.79386 1.59813 1.36482 1.13152 0.957856 0.976888 1.06390 1.15262 1.24137 1.31175 1.31732 1.31732 1.31732 1.31732 1.31732 1.31732 1.31732 1.38437 1.95813 2.52258 2.52268 2.70834 3.04372 3.06420 3.09468 3.10391
1.66152 1.66152 1.66152 1.66152 1.66152 1.67867 1.80281 1.80292 1.50764 1.32742 1.35378 1.43700 1.52226 1.60741 1.66028 1.66098 1.66098 1.65950 1.65890 1.65890 1.65890 1.65890 1.88182 1.97569 1.97569 1.96800 1.92733 2.14168 2.09255 1.88281 1.48796 1.85796 1.97155 1.97214 1.97214 1.97214 1.97104 1.86487 1.77315 1.57315 1.06940 0.989024 1.07774 1.16649 1.25524 1.31555 1.31732 1.31732 1.31732 1.31732 1.31732 1.31732 1.31732 1.31732 1.31732 1.31732 1.31732 1.32547 1.72109 2.60952 2.67685 2.72665 3.13629 3.11594 3.14791 3.17207
1.66152 1.66152 1.66152 1.66152 1.66152 1.66152 1.80087 1.90539 1.83794 1.60021 1.65905 1.66098 1.66098 1.66098 1.66098 1.66098 1.66098 1.66016 1.65890 1.65890 1.67342 1.70606 1.81729 1.88227 1.88404 1.89008 1.91671 1.82526 1.51922 1.51922 1.46298 1.69890 1.97214 1.91446 1.74259 1.56754 1.39360 1.30487 1.25492 1.18773 1.20532 1.31725 1.31732 1.31732 1.31732 1.31732 1.31732 1.31732 1.31732 1.31732 1.31732 1.31732 1.31732 1.32025 1.33965 1.36579 1.39842 1.42415 1.69820 2.40601 2.60094 2.57093 2.78296 2.93938 3.16133 3.13597
1.66152 1.66152 1.67787 1.75689 1.84208 1.92723 2.06958 2.13648 2.11332 1.67413 1.66098 1.66098 1.66098 1.66098 1.66218 1.68624 1.71889 1.75774 1.82040 1.88759 1.94038 1.97495 1.97537 1.92123 1.92123 1.92123 1.92123 1.90758 1.53458 1.51922 1.51234 1.44573 1.44539 1.30678 1.26423 1.22460 1.18500 1.16543 1.15565 1.10735 1.14153 1.31732 1.31732 1.31732 1.31732 1.31732 1.31732 1.31732 1.31732 1.31791 1.33281 1.35739 1.38784 1.44688 1.50591 1.55151 1.59018 1.62330 1.76024 2.21829 2.47297 2.44659 2.58357 2.78862 3.11456 3.03343
1.83497 1.92013 1.98894 1.99508 1.99508 1.99508 2.03314 2.13648 2.13648 1.80004 1.69702 1.72967 1.76280 1.81807 1.88407 1.92733 1.96188 1.99004 1.99109 1.99061 1.99061 1.99061 1.98983 1.92625 1.92123 1.92123 1.92123 1.92123 1.66321 1.47476 1.39572 1.26384 1.18524 1.16543 1.16543 1.16543 1.16543 1.16543 1.16501 1.11303 1.10737 1.28656 1.31732 1.31732 1.31732 1.31732 1.32638 1.34950 1.39592 1.48566 1.54526 1.57773 1.59933 1.60496 1.62404 1.79907 1.94933 2.09963 2.19294 2.29936 2.42905 2.39283 2.37953 2.39302 2.53150 2.59575
1.99508 1.99508 1.99508 1.99508 2.02796 2.12015 2.21772 2.25571 2.25635 2.05098 1.91212 1.94667 1.98073 1.99269 1.99269 1.99269 1.99269 1.99269 1.99174 1.99061 1.99061 1.99061 1.99061 1.94499 1.92102 1.89016 1.83733 1.78472 1.56449 1.20051 1.20051 1.18671 1.16658 1.16543 1.16543 1.16543 1.16543 1.16543 1.16543 1.13125 1.10735 1.22169 1.32147 1.37058 1.58689 1.82875 1.95762 1.58817 1.59770 1.58919 1.58574 1.66686 1.77955 1.89229 1.98758 2.17570 2.18082 2.12576 2.06686 2.10555 2.22215 2.25233 2.25233 2.24165 2.39536 2.59575
2.13539 2.22879 2.32213 2.41501 2.41188 2.30723 2.20132 1.97821 1.84790 1.86116 1.99253 1.99269 1.99269 1.99269 1.99269 1.99269 1.99269 1.99269 1.99240 1.99061 1.99022 1.95805 1.90526 1.82633 1.73069 1.70876 1.70876 1.70876 1.65997 1.20066 1.20051 1.19852 1.16833 1.16544 1.16543 1.16543 1.16543 1.16543 1.16912 1.27424 1.47415 1.72023 2.03411 2.10713 2.08711 2.06668 2.06612 1.71269 1.74632 1.85901 1.96699 1.99551 1.98134 1.93804 1.89388 1.93959 1.95169 1.94787 1.94787 2.00120 2.17070 2.25233 2.25233 2.24558 2.29259 2.59575
2.36863 2.26272 2.15686 2.05157 2.00926 2.00926 2.00926 1.93909 1.84266 1.84266 1.96643 1.99269 1.99269 1.99269 1.99269 1.99269 1.99268 1.99058 1.98697 1.87782 1.79870 1.77813 1.77813 1.77120 1.70900 1.70876 1.70876 1.70876 1.70876 1.31234 1.20051 1.20051 1.17593 1.16579 1.23600 1.40320 1.57963 1.76112 1.94175 1.99625 1.90891 1.91031 2.05283 2.09359 2.20124 2.31389 2.42663 2.21670 1.97509 1.93097 1.88679 1.84263 1.81262 1.81173 1.81173 1.85654 1.94787 1.94787 1.94787 1.95151 2.11713 2.25145 2.25233 2.24736 2.20239 2.46375
2.00926 2.00926 2.00926 2.00926 2.00926 2.00926 2.00926 1.98614 1.84266 1.84266 1.92188 1.99269 1.99269 1.99088 1.98727 1.98366 1.98005 1.97853 1.97853 1.87547 1.77813 1.77813 1.77813 1.77813 1.72157 1.70876 1.70876 1.70876 1.71176 1.54957 1.56964 1.81709 1.94964 1.94987 1.98255 2.00967 2.00967 2.00967 2.00967 2.01886 2.02822 2.12322 2.33305 2.47824 2.45619 2.41203 2.36785 2.19887 1.81177 1.81173 1.81173 1.81173 1.81173 1.81173 1.81173 1.82447 1.94778 1.94787 1.94787 1.94748 2.02598 2.14684 2.13316 2.08978 2.06735 2.26799
2.00926 2.00926 2.00926 2.00926 2.00926 2.00926 2.00926 2.00926 1.86654 1.84113 1.87218 1.98395 1.98034 1.97853 1.97853 1.97853 1.97853 1.97853 1.97853 1.93833 1.77813 1.77813 1.77813 1.77383 1.75502 1.75963 1.75911 1.75877 1.75526 1.87616 2.29364 2.29364 2.29364 2.23330 2.00967 2.01034 2.07827 2.19097 2.30367 2.40678 2.35678 2.28932 2.29691 2.31693 2.29989 2.29989 2.29989 2.28969 1.83916 1.81173 1.81173 1.81173 1.81173 1.81173 1.81173 1.81173 1.89936 1.85990 1.80409 1.75623 1.79860 2.06117 2.23364 2.32881 2.41654 2.40217
2.00926 2.00926 2.00926 2.00926 2.00926 2.00800 2.00443 2.00082 1.90154 1.82851 1.83023 1.96691 1.97853 1.97853 1.97853 1.97853 1.97853 1.97825 1.97087 1.95986 1.76572 1.70437 1.66512 1.63013 1.63800 1.73322 1.73322 1.73322 1.73322 1.74348 2.25911 2.29364 2.29364 2.29364 2.26355 2.38193 2.41147 2.38965 2.36790 2.34645 2.31189 2.23831 2.24063 2.29745 2.29989 2.29989 2.29989 2.29989 1.97112 1.81173 1.81173 1.81173 1.80572 1.76714 1.72814 1.69348 1.74754 1.87880 1.97401 2.06918 2.16927 2.40922 2.54996 2.55600 2.55751 2.53787
2.00926 2.00823 2.00473 2.00111 1.99750 1.99515 1.99511 1.99511 1.94649 1.82850 1.82850 1.92405 1.97690 1.96746 1.95705 1.94561 1.91413 1.87517 1.84326 1.81443 1.67790 1.59115 1.59115 1.59115 1.59468 1.72665 1.73322 1.73322 1.73322 1.73322 2.10461 2.29272 2.27176 2.24267 2.30358 2.34595 2.33934 2.33934 2.33934 2.33934 2.33608 2.24205 2.23831 2.28073 2.29989 2.29989 2.29989 2.29989 2.11182 1.77974 1.73926 1.73052 1.77656 1.84836 1.93734 2.03858 2.13053 2.20129 2.20425 2.20727 2.21026 2.34128 2.53321 2.55484 2.52195 2.71561
1.99780 1.99522 1.99511 1.99511 1.99511 1.99511 1.99511 1.95777 1.84335 1.79402 1.79319 1.84796 1.88588 1.85601 1.82719 1.79935 1.79155 1.79155 1.79155 1.79155 1.73957 1.59115 1.59115 1.59115 1.59115 1.69068 1.73322 1.73207 1.71047 1.68137 1.85870 2.18460 2.17647 2.17647 2.21498 2.33934 2.33934 2.33934 2.33934 2.33934 2.33934 2.26672 2.23831 2.26170 2.29989 2.26757 2.18358 2.05729 1.92059 1.94122 2.04393 2.11949 2.14575 2.17123 2.18564 2.18805 2.19116 2.21077 2.21139 2.19966 2.16594 2.19711 2.37058 2.42221 2.42037 2.75491
1.99511 1.99511 1.94232 1.83298 1.72358 1.61424 1.50764 1.50961 1.61339 1.96794 2.16590 2.20961 1.80001 1.79155 1.79155 1.79155 1.79155 1.79155 1.79155 1.79155 1.78818 1.60540 1.59115 1.58974 1.56752 1.59849 1.65148 1.62354 1.61605 1.61605 1.66251 2.17137 2.17647 2.17647 2.17666 2.32183 2.33934 2.33934 2.33934 2.33934 2.33934 2.27645 2.10174 1.99826 1.95368 1.88773 1.85906 1.87868 1.89796 2.12646 2.18492 2.18733 2.18975 2.19181 2.19207 2.17890 2.15150 2.12574 2.09218 2.06968 2.06917 2.07769 2.28600 2.42037 2.42037 2.60676
1.59715 1.48781 1.45357 1.55264 1.65800 1.76337 1.86602 1.89740 1.89740 2.05052 2.23919 2.23919 1.90560 1.79155 1.79155 1.79155 1.79155 1.79155 1.79155 1.78919 1.74883 1.59476 1.50853 1.48085 1.47398 1.49458 1.61605 1.61605 1.61605 1.61605 1.61605 2.05301 2.17647 2.17647 2.17647 2.27536 2.33934 2.27574 2.09268 1.91482 1.75699 1.65822 1.84470 1.84997 1.88754 1.89923 1.90030 1.90271 1.90510 2.05199 2.19182 2.17464 2.14727 2.11987 2.09247 2.07830 2.07830 2.07447 2.06917 2.06917 2.06917 2.06917 2.20529 2.39651 2.42037 2.46292
1.70257 1.80803 1.89101 1.89740 1.89740 1.89740 1.89740 1.89740 1.89740 1.95447 2.23919 2.23919 2.03872 1.79155 1.79155 1.79029 1.75305 1.69943 1.64577 1.59450 1.58119 1.54692 1.47398 1.47398 1.47398 1.47398 1.59718 1.61605 1.61605 1.61605 1.61605 1.88356 2.09059 1.91803 1.73997 1.58725 1.65304 1.56502 1.55892 1.55892 1.55892 1.55938 1.81850 1.85273 1.87748 1.90682 1.90700 1.88650 1.85913 1.89363 2.08851 2.07830 2.07830 2.07830 2.07830 2.07830 2.07830 2.07677 2.06917 2.06917 2.06917 2.06917 2.13866 2.30771 2.33373 2.28720
1.89740 1.89740 1.89740 1.89740 1.89740 1.89740 1.89740 1.89740 1.89740 1.89783 2.19980 2.23869 2.13763 1.70364 1.65000 1.59762 1.58119 1.58119 1.58119 1.58119 1.58119 1.57656 1.47773 1.47398 1.47398 1.47398 1.53495 1.52154 1.44697 1.37106 1.29514 1.25438 1.29043 1.28519 1.28519 1.25276 1.52814 1.55892 1.55907 1.56096 1.56338 1.56579 1.75069 1.90184 1.94396 1.82754 1.80129 1.79439 1.79439 1.79695 2.05498 2.07830 2.07830 2.07830 2.07830 2.07830 2.07830 2.07824 2.07012 2.08549 2.11448 2.14349 2.16555 2.12233 2.16457 2.04828
1.89740 1.89740 1.89740 1.89740 1.89740 1.89740 1.89740 1.89732 1.86734 1.81372 1.96674 2.04869 2.02883 1.64699 1.58119 1.58119 1.58119 1.58119 1.58119 1.58119 1.58058 1.55537 1.44283 1.37003 1.32586 1.28161 1.23893 1.20612 1.20443 1.20443 1.20443 1.20470 1.27676 1.28519 1.28519 1.26474 1.43846 1.56507 1.57148 1.61251 1.66139 1.71028 1.85499 2.05611 2.05611 1.83720 1.79439 1.79439 1.79439 1.79439 1.97489 2.07830 2.07830 2.07830 2.07830 2.08512 2.10770 2.13089 2.15996 2.11623 1.99993 1.88369 1.76740 1.59565 1.65341 1.64469
1.89740 1.89740 1.89740 1.89740 1.87155 1.81795 1.76426 1.71072 1.68704 1.68704 1.79769 2.02883 2.02883 1.78028 1.58119 1.57606 1.54250 1.50461 1.46617 1.42300 1.37931 1.36030 1.31295 1.24261 1.24252 1.24252 1.24053 1.20523 1.20443 1.20443 1.20443 1.20443 1.25335 1.28519 1.29337 1.35547 1.44441 1.71190 1.75666 1.76506 1.76506 1.76506 1.78707 2.05346 2.05611 1.91779 1.79439 1.79439 1.79439 1.79439 1.89228 2.08088 2.10084 2.12404 2.11268 2.03692 1.94447 1.82927 1.67618 1.61353 1.64111 1.68972 1.73829 1.75022 1.65299 1.60842
