High_resolution/powerplant/Chizhou/OMI_NO2_200611.asc
ncols      200
nrows      200
xllcorner       115.585
yllcorner       28.7700
cellsize     0.0166667
NODATA_Value      -999.000
[rows 84 to 111 of 165, columns 128 to 191 of 200]
9.43219 10.1634 10.3423 9.58985 9.48957 9.48957 9.46722 9.24876 8.58500 8.53115 8.53115 8.53115 8.48498 8.38101 8.38101 8.38101 8.15337 8.00154 8.00088 7.93472 7.82535 7.71204 7.54212 7.73613 7.66806 7.58216 7.49631 7.41047 7.98309 8.07284 7.97810 5.37567 4.05206 3.87013 3.68356 3.49194 3.29545 3.09416 2.88640 2.70158 2.61410 2.53395 2.45153 2.36694 2.47042 2.28499 2.20740 2.08905 2.08905 2.08905 2.11759 2.25837 2.42704 2.31567 2.21746 2.20278 2.20278 2.20278 2.20278 2.20278 1.94476 1.63260 1.23427 1.23427
9.43219 9.91045 10.3457 9.86326 9.48957 9.48957 9.48957 9.29992 8.80498 8.53115 8.53115 8.53634 8.55843 8.45354 8.48658 8.45235 8.24216 7.83594 7.59753 7.41237 7.26365 7.10187 6.95007 6.94115 6.85609 6.78998 6.72227 6.65310 6.83184 6.60844 6.43480 4.50465 1.60593 1.60593 1.60593 1.60593 1.60593 1.60593 1.60593 1.60593 1.60593 1.60593 1.60593 1.60593 1.97640 2.28499 2.30253 2.28091 2.43318 2.58533 2.70894 2.72036 2.72036 2.36225 2.20278 2.20278 2.20278 2.20278 2.20278 2.20278 2.04535 1.76121 1.24736 1.23427
9.50159 9.77500 10.7927 10.6167 10.0432 10.0982 10.1539 10.0645 9.74366 9.20352 9.23594 9.02839 8.67311 8.12634 7.63361 7.22902 6.85707 6.65904 6.60194 6.54919 6.49650 6.44377 6.41431 6.41333 6.41239 6.41146 6.41053 6.40960 6.61203 6.40402 6.40402 5.76379 1.73604 1.60593 1.60593 1.60593 1.60593 1.60593 1.60593 1.60593 1.60593 1.60593 1.66900 1.82051 2.17691 2.80387 2.91201 2.74480 2.72036 2.72036 2.72036 2.72036 2.72036 2.52325 2.20278 2.20278 2.20278 2.20278 2.20278 2.20278 2.14598 1.78064 1.38583 1.30074
9.51184 9.54145 11.1725 11.2473 10.4047 10.1232 9.83401 9.34787 8.66142 7.42927 6.89247 6.69561 6.64403 6.45885 6.33770 6.33770 6.33770 6.38859 6.40116 6.40116 6.40116 6.40116 6.40116 6.40116 6.40116 6.40116 6.40116 6.40116 6.56938 6.49572 6.40402 6.37534 2.51454 1.60593 1.60593 1.60593 1.60593 1.60618 1.69103 1.84324 1.99532 2.14753 2.23661 2.23724 2.28141 2.91012 2.91630 2.79580 2.72036 2.72036 2.72036 2.72036 2.72036 2.67814 2.20322 2.16423 2.12776 2.09118 2.05469 2.01819 1.98147 1.57411 1.54442 1.57416
9.24403 9.13347 9.80641 9.78715 8.58720 7.86401 7.60740 7.49497 7.13160 6.76197 6.58477 6.58477 6.58477 6.50905 6.33770 6.33770 6.33770 6.37177 6.40116 6.40116 6.40116 6.40116 6.40116 6.40116 6.40116 6.40116 6.40116 6.40116 6.41807 6.74105 6.40402 6.40402 3.87585 1.60921 1.71376 1.86578 2.01805 2.16988 2.23724 2.23724 2.23724 2.23724 2.23724 2.23724 2.23724 2.78806 2.91630 2.84661 2.67774 2.64124 2.60466 2.56819 2.53166 2.49511 2.07136 1.94301 1.94301 1.94301 1.94301 1.94301 1.94301 1.66581 1.48341 1.42302
8.51821 8.34002 8.49776 8.83759 8.37005 7.50857 7.50857 7.50857 7.23430 6.93202 6.58477 6.58477 6.58477 6.56832 6.33995 6.33770 6.33770 6.35496 6.40116 6.40116 6.40116 6.40116 6.40116 6.40116 6.40116 6.40116 6.40116 6.40116 6.40116 6.78367 6.12845 5.76674 4.68855 2.18952 2.23724 2.23724 2.23724 2.23724 2.23724 2.23724 2.24447 2.28968 2.34048 2.39121 2.44194 2.87723 3.22250 3.18478 2.46260 2.46059 2.46059 2.46059 2.44369 2.37005 2.06006 1.69610 1.61780 1.53972 1.46156 1.38319 1.30511 1.14186 1.07777 1.09096
8.07538 8.07136 8.04893 8.38449 8.00396 7.50857 7.50857 7.50857 7.34326 7.08867 6.59839 6.58477 6.58477 6.58477 6.38512 6.33770 6.33770 6.33999 6.39925 6.40116 6.40116 6.40116 6.40116 6.40116 6.40116 6.38974 6.18797 5.91712 5.64735 5.63249 4.95368 4.95368 4.93431 2.48518 2.28368 2.33448 2.38517 2.43590 2.48663 2.53743 2.58090 2.58638 2.58638 2.60503 2.65890 2.84470 2.99405 2.91583 2.16702 1.95460 1.87637 1.79807 1.73682 1.73223 1.66095 1.21491 1.21465 1.23555 1.34318 1.46044 1.57765 1.64921 1.48539 1.50465
7.25144 6.94837 6.84574 7.44034 7.50857 7.50857 7.50857 7.50857 7.44002 7.11942 6.73788 6.58477 6.58477 6.58477 6.44641 6.33770 6.33770 6.33770 6.38472 6.40116 6.40116 6.38811 6.18133 5.91168 5.64072 5.38194 5.31293 5.17887 4.93820 4.89063 3.89440 3.49072 3.16962 2.68983 2.59770 2.64887 2.70356 2.75815 2.81289 2.86753 2.92212 2.97680 3.03144 3.06739 3.06821 3.02480 2.53921 2.53708 2.07622 1.73223 1.73223 1.73223 1.73223 1.77113 1.88787 1.58150 1.60992 1.70623 1.71575 1.71575 1.71575 1.71451 1.50284 1.49651
6.84083 6.84083 6.84085 7.26512 7.50857 7.50857 7.50857 7.50857 7.50517 7.15241 6.90802 6.58477 6.58477 6.58477 6.50818 6.33770 6.33770 6.32290 6.14220 5.90548 5.57716 5.09203 4.78643 4.54576 4.30525 4.06281 3.78246 3.61805 3.56045 3.53599 3.24647 3.15151 3.20614 3.17787 3.06474 3.06821 3.06821 3.06821 3.06821 3.06821 3.06821 3.06821 3.06821 3.06821 3.06821 3.06821 2.62514 2.53708 2.28613 1.78629 1.90501 2.02382 2.14258 2.22244 2.22461 1.96157 1.71575 1.71575 1.71575 1.71575 1.71575 1.71575 1.55731 1.48987
6.85314 6.86833 6.88358 7.10832 7.50857 7.50857 7.50857 7.50857 7.50857 7.26650 7.07100 6.57692 6.55807 6.52524 6.16558 5.47638 5.01462 4.55831 4.20407 3.67218 3.41760 3.33531 3.26452 3.19359 3.12271 3.05332 3.02305 3.00981 2.99634 2.98399 3.31727 3.30757 3.30757 3.30045 3.07619 3.06821 3.06821 3.06821 3.06821 3.06821 3.06821 3.06821 3.06821 3.06821 3.06880 3.13940 2.94452 2.84580 2.91401 2.23433 2.22461 2.22461 2.22461 2.22461 2.22461 2.11885 1.71575 1.71575 1.71575 1.71575 1.71575 1.71575 1.61308 1.48563
7.04601 7.04418 7.04222 6.94451 7.18649 7.17923 7.16849 7.13155 6.95030 6.55450 5.82795 4.92663 4.30787 3.84222 3.68814 3.33814 3.20476 3.15778 3.14881 2.78334 2.75690 2.75690 2.75690 2.75690 2.75690 2.75690 2.75690 2.75690 2.75690 2.75690 3.19810 3.30757 3.30757 3.30757 3.15289 3.06821 3.06821 3.06821 3.06821 3.06821 3.07175 3.15654 3.27545 3.39416 3.51238 3.56058 3.37600 3.02946 3.02946 2.39347 2.22461 2.22461 2.22461 2.22461 2.22461 2.22227 1.76956 1.71509 1.67587 1.61424 1.55261 1.49098 1.38248 1.13736
7.09782 7.00177 6.89664 6.70102 6.32864 6.12084 5.73950 5.32113 5.04747 4.75620 4.16210 3.90687 3.58364 3.58364 3.58364 3.34074 3.15334 3.15334 3.15334 2.88425 2.75690 2.75690 2.75690 2.75690 2.75690 2.75690 2.75690 2.75690 2.75690 2.75690 3.07559 3.31107 3.30757 3.30757 3.23679 3.06821 3.07722 3.17382 3.29263 3.41139 3.52671 3.56058 3.56058 3.56058 3.56058 3.56058 3.50508 3.02978 3.02946 2.60321 2.22205 2.17601 2.11438 2.05275 1.99112 1.92949 1.56786 1.29795 1.27554 1.27554 1.27554 1.27554 1.27230 1.05730
7.06637 6.28374 6.16305 5.96851 5.10187 4.83718 4.77438 4.77438 4.77438 4.77438 4.25968 4.08883 3.58469 3.58364 3.58364 3.44809 3.15334 3.15334 3.15334 2.99000 2.75690 2.75690 2.75690 2.75690 2.75690 2.75690 2.75690 2.75690 2.75690 2.75690 2.95731 3.32475 3.29748 3.21605 3.15808 3.42656 3.53843 3.56058 3.56058 3.56058 3.56058 3.56058 3.56058 3.56039 3.55110 3.53581 3.51879 2.94312 2.79054 2.43011 1.79998 1.78440 1.78440 1.78440 1.78440 1.78440 1.63145 1.23098 1.19566 1.16034 1.12499 1.08966 1.05438 1.14858
7.18949 5.64693 5.58054 5.58054 5.00379 4.77438 4.77438 4.77438 4.77438 4.77438 4.44009 4.16210 3.69449 3.58364 3.58364 3.55249 3.15619 3.15334 3.15334 3.09552 2.75690 2.75690 2.75690 2.75690 2.75690 2.75690 2.75690 2.75690 2.74865 2.68706 2.70315 3.05583 2.93951 2.92561 2.93791 3.46328 3.56058 3.55342 3.53839 3.52163 3.50297 3.48194 3.45808 3.43131 3.42112 3.42112 3.42112 2.89047 2.54133 2.44520 1.67316 1.62299 1.58760 1.55231 1.51696 1.48164 1.44347 0.974303 0.946670 0.946670 0.936482 0.900759 0.863802 0.974176
7.58753 5.58054 5.58054 5.58054 5.18821 4.77605 4.77438 4.77438 4.77438 4.77438 4.59969 4.16210 3.87749 3.58364 3.58364 3.58364 3.23187 3.15334 3.15334 3.15322 2.80483 2.75690 2.75690 2.75690 2.74796 2.68580 2.61438 2.54319 2.48011 2.47043 2.47131 2.93042 2.87630 2.84973 2.81983 3.13084 3.43548 3.42112 3.37836 3.25949 3.13946 3.01922 2.89887 2.77884 2.65849 2.53825 2.41832 2.27575 2.13112 2.13112 1.57938 1.45553 1.45553 1.45553 1.45553 1.45553 1.38110 1.00019 0.853439 0.816467 0.789698 0.788464 0.788464 0.861844
8.10153 5.70834 5.58054 5.58054 5.34802 4.78884 4.77438 4.77438 4.77438 4.77438 4.73764 4.16882 4.06050 3.58364 3.58364 3.58364 3.33944 3.15334 3.15334 3.15334 2.90063 2.68456 2.61295 2.54001 2.45102 2.40627 2.36777 2.32585 2.28011 2.21841 2.09741 2.39275 2.35111 2.22919 2.10916 2.10659 2.56153 2.44161 2.36402 2.36264 2.36264 2.36264 2.36264 2.36264 2.36264 2.36264 2.36264 2.33213 2.13112 2.13112 1.73378 1.45442 1.35904 1.20275 1.04660 0.890186 0.808388 0.801390 0.788464 0.788464 0.788464 0.788464 0.788464 0.797419
8.14539 6.31152 5.58054 5.58054 5.49426 4.80368 4.77438 4.77438 4.77438 4.77438 4.77438 4.30961 4.16181 3.66538 3.58364 3.58364 3.43593 3.05131 2.90935 2.76751 2.54169 2.27327 2.14846 2.01518 1.92236 1.84240 1.76239 1.68259 1.60294 1.53498 1.53516 1.61945 1.67143 1.66968 1.66968 1.66989 2.26376 2.36264 2.36264 2.36264 2.36264 2.36264 2.36264 2.36264 2.36264 2.36264 2.36264 2.35483 1.97940 1.71896 1.34368 0.869349 0.808388 0.808388 0.808388 0.808388 0.808388 0.807201 0.788857 0.788464 0.788464 0.788464 0.788464 0.788464
8.15831 6.79004 5.18020 5.14515 5.10928 4.96348 4.91864 4.92513 4.93166 4.93820 4.94195 4.61493 4.25672 3.84523 3.46812 3.36945 3.23944 2.36658 2.29843 2.23876 2.15815 1.82422 1.82167 1.82167 1.82167 1.82167 1.82167 1.82167 1.82167 1.82167 1.82167 1.77665 1.67294 1.66968 1.66968 1.66968 2.04786 2.36264 2.36264 2.36264 2.36264 2.36264 2.36264 2.34391 2.15200 1.91759 1.68296 1.45649 1.24264 1.16042 1.15094 0.820613 0.808388 0.808388 0.808388 0.808388 0.808388 0.808388 0.793827 0.788464 0.788464 0.811902 0.901323 0.994673
8.17140 7.50967 5.09358 5.09358 5.09672 5.06555 4.82453 4.68077 4.55165 4.38169 4.19484 4.10592 4.10299 3.95650 3.42004 3.42004 3.42004 2.36695 2.13781 2.13781 2.13781 1.89445 1.82167 1.82167 1.82167 1.82167 1.82167 1.82167 1.82167 1.82167 1.82167 1.80052 1.67444 1.66968 1.66968 1.66968 1.83167 2.36264 2.36264 2.32857 2.11880 1.88448 1.65024 1.43416 1.39194 1.39194 1.39194 1.39194 1.29892 1.16042 1.16042 0.884709 0.808388 0.808388 0.841347 0.933565 1.02698 1.12033 1.20518 1.28704 1.38039 1.45037 1.45430 1.45430
7.95450 7.84707 5.18623 5.03110 4.99404 4.92811 4.42333 4.15960 4.11974 4.11280 4.11280 4.11280 4.11280 4.10785 3.48828 3.42004 3.42004 2.68596 2.13781 2.13781 2.13781 1.98598 1.82167 1.82167 1.82167 1.82167 1.82167 1.82167 1.82167 1.82167 1.82167 1.81907 1.68073 1.66993 1.66968 1.62400 1.41765 1.79390 1.61695 1.41689 1.39194 1.39194 1.39194 1.39194 1.39194 1.39194 1.39194 1.37571 1.29743 1.09271 1.06907 1.12229 1.31935 1.41270 1.47309 1.47422 1.47422 1.47422 1.47186 1.45436 1.47914 1.54805 1.61761 1.68717
7.69119 7.65918 5.68371 4.86035 4.81900 4.80030 4.51005 4.11280 4.11280 4.11280 4.11280 4.11280 4.11280 4.11280 3.70282 3.42004 3.42004 3.00631 2.13781 2.13781 2.13781 2.06447 1.82167 1.82167 1.82167 1.82167 1.82167 1.82167 1.82167 1.82167 1.82167 1.78827 1.47305 1.17724 0.946756 0.764390 0.748640 1.14057 1.39194 1.39194 1.38054 1.33665 1.29595 1.26011 1.22824 1.19977 1.17413 1.15824 1.15738 1.01699 1.00372 1.13254 1.58464 1.65433 1.72402 1.79351 1.86327 1.93283 2.00245 2.05611 2.09694 2.09777 2.09777 2.08631
7.53254 7.52050 6.27024 4.80967 4.80967 4.80694 4.68762 4.11280 4.11280 4.11280 4.11280 4.11280 4.11280 4.11280 3.92237 3.42004 3.42004 3.31766 2.14422 2.13781 2.13781 2.12699 1.83129 1.82167 1.82167 1.82167 1.82167 1.78532 1.64053 1.48813 1.33555 1.21649 0.978828 0.757111 0.800740 0.850010 0.893172 0.899989 1.20337 1.17737 1.15902 1.15781 1.18504 1.23939 1.29375 1.34796 1.40222 1.45657 1.51083 1.55270 1.61786 1.65000 2.08098 2.11770 2.11770 2.11770 2.11770 2.11770 2.11746 2.09067 2.04982 2.02110 1.99241 1.97513
7.52050 7.52050 6.95174 4.80967 4.80967 4.80967 4.78004 4.20192 4.11280 4.11280 4.11280 4.11280 4.11280 4.11280 4.09797 3.46401 3.42004 3.42004 2.36220 2.13781 2.13781 2.13781 1.91628 1.78250 1.63593 1.48396 1.33133 1.22427 1.23258 1.24668 1.25959 1.27144 1.18376 1.02657 1.08888 1.14319 1.19740 1.06390 1.42792 1.50242 1.55673 1.61099 1.63797 1.63797 1.63797 1.63797 1.63797 1.63797 1.63797 1.64185 1.64694 1.64694 1.96206 2.11770 2.11674 2.09971 2.07696 2.05423 2.03173 2.01415 1.97498 1.97498 1.97498 1.97498
7.52050 7.52050 7.48364 4.96174 4.80967 4.80967 4.78683 4.37949 4.11280 4.11280 4.11280 4.11280 4.11280 4.11280 4.11280 3.66871 3.42004 3.42004 2.68106 2.10622 1.98961 1.84867 1.54448 1.26028 1.26765 1.29372 1.32536 1.35053 1.37203 1.39352 1.41480 1.43202 1.41276 1.26577 1.48829 1.49586 1.49586 1.36937 1.49752 1.63797 1.63797 1.63797 1.63797 1.63797 1.63797 1.63797 1.63797 1.63797 1.63797 1.63965 1.64478 1.62563 1.79614 2.05092 2.02915 2.02344 2.02344 2.02344 2.02344 2.02332 1.98063 1.97498 1.97498 1.97498
3.37558 3.37558 3.35958 3.21923 3.10985 3.03854 2.99379 2.94152 2.39984 2.39662 2.37106 1.99722 1.99537 1.99537 1.99537 1.99545 2.22227 2.24751 2.13579 2.06246 2.07000 2.08613 2.10080 2.75973 2.82486 2.70200 2.57898 2.45541 2.32288 2.27624 2.27624 2.27619 2.25457 2.25093 2.25789 2.25753 1.76786 1.72791 2.34691 2.65063 2.65063 2.65063 2.65063 2.65063 2.65063 2.65063 2.65063 2.75268 2.80844 2.42865 2.42865 2.42865 2.42865 2.28872 2.20612 2.20612 2.20612 2.20612 2.20612 2.20612 2.20612 2.21986 2.51491 2.48014
3.23453 3.16322 3.10788 3.05938 2.99313 2.99313 2.99313 2.99313 2.50984 2.39662 2.39662 2.05428 1.99718 2.01483 2.03613 2.05746 2.24807 2.33213 2.25697 2.11343 2.09981 2.07770 2.05693 2.13816 2.27624 2.27624 2.27624 2.27624 2.25789 2.21861 2.17935 2.14010 2.12244 2.13780 2.20437 2.22546 1.90891 1.72791 2.10125 2.65063 2.65063 2.65063 2.65063 2.65063 2.65063 2.65063 2.65063 2.68565 2.86393 2.48093 2.42865 2.42865 2.42865 2.34704 2.20612 2.20612 2.20612 2.20612 2.20168 2.17333 2.14148 2.10960 2.30532 2.35084
3.10402 3.10402 3.10402 3.08761 2.99313 2.99992 3.02081 3.04212 2.74166 2.48824 2.50732 2.25015 2.10597 2.08743 2.06531 2.04315 2.13820 2.27102 2.24933 2.05289 2.05250 2.05250 2.05250 2.06828 2.25867 2.22198 2.18272 2.14341 2.12246 2.12244 2.12244 2.12244 2.12244 2.12308 2.19858 2.20682 2.03845 1.72791 1.85538 2.65063 2.65063 2.65063 2.65063 2.65063 2.65063 2.65063 2.65063 2.65065 2.83194 2.58872 2.42865 2.42865 2.42865 2.40506 2.20137 2.17227 2.14038 2.10552 2.05150 2.01369 1.97645 1.93703 2.04684 2.10908
3.10358 3.10340 3.10322 3.10295 3.12792 3.11227 3.06790 3.02312 2.83919 2.44348 2.42351 2.24302 2.01889 2.01889 2.01889 2.01889 2.07829 2.27102 2.27102 2.08656 2.05726 2.07625 2.09619 2.11526 2.11859 2.12244 2.12244 2.12244 2.12244 2.12244 2.12244 2.12244 2.12244 2.12244 2.17897 2.20437 2.13886 1.72791 1.72791 2.53252 2.65063 2.65238 2.65573 2.65896 2.66213 2.66522 2.66819 2.67114 2.77745 2.71774 2.47851 2.44298 2.39022 2.33876 2.15299 2.11395 2.14127 2.07860 1.98649 2.03660 2.09095 2.14528 2.31235 2.54930
