High_resolution/powerplant/Chizhou/OMI_NO2_2011_06-08.asc
ncols      200
nrows      200
xllcorner       115.585
yllcorner       28.7700
cellsize     0.0166667
NODATA_Value      -999.000
[rows 116 to 144 of 200, columns 132 to 197 of 200]
0.782022 0.938427 0.938427 1.87426 2.06147 2.00905 1.92667 1.68878 1.83180 1.81863 1.96988 1.96988 1.96988 1.96988 1.96988 1.96988 1.96988 1.96988 1.96988 2.32281 1.81720 2.42294 2.27150 2.27150 2.27150 2.42294 2.42294 3.02867 3.02867 3.02867 3.02867 3.02867 0.00000 0.00000 0.00000 0.00000 0.00000 0.00000 0.00000 0.00000 0.00000 0.00000 0.00000 0.00000 0.00000 0.00000 0.00000 0.00000 0.00000 0.00000 0.00000 0.00000 0.00000 0.00000 0.751749 0.751749 0.751749 0.751749 0.751749 1.00233 1.50350 1.50350 1.50350 1.50350 0.00000 0.00000
0.00000 0.546657 0.546657 1.87312 2.00730 1.96988 1.96988 1.75812 1.96988 1.96988 2.18164 2.18164 2.18164 2.18164 2.18164 2.18164 2.18164 2.18164 2.18164 2.60515 2.27150 2.42294 2.27150 2.27150 2.27150 2.42294 2.42294 3.02867 3.02867 3.02867 3.02867 3.02867 0.00000 0.00000 0.00000 0.00000 0.00000 0.00000 0.00000 0.00000 0.00000 0.00000 0.00000 0.00000 0.00000 0.00000 0.00000 0.00000 0.00000 0.00000 0.00000 0.00000 0.00000 0.00000 0.751749 0.751749 0.751749 0.751749 0.751749 1.00233 1.50350 1.50350 1.50350 1.50350 0.00000 0.00000
0.00000 0.650782 0.607396 1.61695 1.75812 1.75812 1.75812 1.61695 1.96988 1.96988 2.18164 2.18164 2.18164 2.18164 2.18164 2.18164 2.18164 2.18164 2.18164 2.60515 2.27150 2.42294 2.27150 2.27150 1.81720 2.01911 2.01911 2.42294 2.27150 2.27150 0.00000 0.00000 0.00000 0.00000 0.00000 0.00000 0.00000 0.00000 0.00000 0.00000 0.00000 0.00000 0.00000 0.00000 0.00000 0.00000 0.00000 0.00000 0.00000 0.00000 0.00000 0.00000 0.00000 0.00000 0.501166 0.501166 0.501166 0.501166 0.501166 0.751749 1.50350 1.50350 0.00000 0.00000 0.00000 0.00000
0.00000 0.569434 0.520625 0.520625 1.96988 1.96988 1.96988 1.81863 2.12114 2.12114 2.32281 2.32281 2.32281 2.32281 2.32281 2.32281 2.32281 2.42365 2.32281 2.67574 2.60515 2.42294 2.27150 2.27150 1.81720 2.01911 2.01911 0.00000 0.00000 0.00000 0.00000 0.00000 0.00000 0.00000 0.00000 0.00000 0.00000 0.00000 0.00000 0.00000 0.00000 0.00000 0.00000 0.00000 0.00000 0.00000 0.00000 0.00000 0.00000 0.00000 0.00000 0.00000 0.00000 0.00000 0.501166 0.501166 0.501166 0.501166 0.501166 0.751749 1.50350 1.50350 0.00000 0.00000 0.00000 0.00000
0.00000 0.569434 0.520625 0.520625 1.96988 1.96988 1.96988 1.61695 1.96988 1.96988 2.18164 2.18164 2.18164 2.18164 2.18164 2.18164 2.18164 2.32281 2.18164 2.60515 2.50844 2.27150 2.27150 0.00000 0.00000 0.00000 0.00000 0.00000 0.00000 0.00000 0.00000 0.00000 0.00000 0.00000 0.00000 0.00000 0.00000 0.00000 0.00000 0.00000 0.00000 0.00000 0.00000 0.00000 0.00000 0.00000 0.00000 0.00000 0.00000 0.00000 0.00000 0.00000 0.00000 0.00000 0.00000 0.501166 0.501166 0.370326 0.321115 0.349967 0.407731 0.290512 0.00000 0.00000 0.00000 0.00000
0.00000 0.00000 0.569434 0.569434 1.81863 1.81863 1.81863 1.51612 1.61695 1.61695 1.75812 1.75812 1.75812 1.75812 1.75812 1.77481 1.86188 2.31406 2.21448 0.389643 0.551094 0.00000 0.00000 0.00000 0.00000 0.00000 0.00000 0.00000 0.00000 0.00000 0.00000 0.00000 0.00000 0.00000 0.00000 0.00000 0.00000 0.00000 0.00000 0.00000 0.00000 0.00000 0.00000 0.00000 0.00000 0.00000 0.00000 0.00000 0.00000 0.00000 0.00000 0.00000 0.00000 0.00000 0.00000 0.406009 0.270258 0.140636 0.124574 0.145337 0.193782 0.193782 0.145337 0.00000 0.00000 0.00000
0.00000 0.00000 0.520625 0.520625 0.520625 1.70519 1.70519 1.44049 1.51612 1.51612 1.62151 1.70067 1.80604 1.91151 2.01693 1.09431 1.10303 0.827275 0.992730 0.661820 0.827275 0.827275 0.00000 0.00000 0.00000 0.00000 0.00000 0.00000 0.00000 0.00000 0.00000 0.00000 0.00000 0.00000 0.00000 0.00000 0.00000 0.00000 0.00000 0.00000 0.00000 0.00000 0.00000 0.00000 0.00000 0.00000 0.00000 0.00000 0.00000 0.00000 0.00000 0.00000 0.00000 0.00000 0.00000 0.145337 0.145337 0.124574 0.124574 0.145337 0.193782 0.193782 0.145337 0.00000 0.00000 0.00000
0.00000 0.00000 0.455547 0.455547 0.455547 1.81863 1.86328 1.68488 1.87999 1.98541 2.08632 2.11259 1.10303 1.10303 1.10303 1.10303 1.10303 0.827275 0.992730 0.661820 0.827275 0.827275 0.00000 0.00000 0.00000 0.00000 0.00000 0.00000 0.00000 0.00000 0.00000 0.00000 0.00000 0.00000 0.00000 0.00000 0.00000 0.00000 0.00000 0.00000 0.00000 0.00000 0.00000 0.00000 0.00000 0.00000 0.00000 0.00000 0.00000 0.00000 0.00000 0.00000 0.00000 0.00000 0.00000 0.00000 0.124574 0.124574 0.124574 0.145337 0.193782 0.193782 0.145337 0.00000 0.00000 0.00000
0.00000 0.00000 0.00000 0.621248 0.708136 2.19775 2.24346 2.04716 1.10303 1.10303 1.10303 1.10303 1.10303 1.10303 1.10303 1.10303 1.10303 0.827275 0.992730 0.661820 0.827275 0.827275 0.00000 0.00000 0.00000 0.00000 0.00000 0.00000 0.00000 0.00000 0.00000 0.00000 0.00000 0.00000 0.00000 0.00000 0.00000 0.00000 0.00000 0.00000 0.00000 0.00000 0.00000 0.00000 0.00000 0.00000 0.00000 0.00000 0.00000 0.00000 0.00000 0.00000 0.00000 0.00000 0.00000 0.00000 0.109003 0.129188 0.145337 0.166099 0.218005 0.218005 0.193782 0.145337 0.145337 0.145337
0.00000 0.00000 0.00000 0.661820 0.661820 0.827275 0.827275 1.10303 0.992730 0.992730 0.992730 0.992730 0.992730 0.992730 0.992730 0.992730 0.992730 0.661820 0.827275 0.661820 0.827275 0.827275 0.992730 0.00000 0.00000 0.00000 0.00000 0.00000 0.00000 0.00000 0.00000 0.00000 0.00000 0.00000 0.00000 0.00000 0.00000 1.32003 0.00000 0.00000 0.00000 0.00000 0.00000 0.00000 0.00000 0.00000 0.00000 0.00000 0.00000 0.00000 0.00000 0.00000 0.00000 0.00000 0.00000 0.00000 0.0726684 0.0872021 0.0968912 0.109003 0.116269 0.116269 0.116269 0.0726684 0.0726684 0.0726684
0.00000 0.00000 0.00000 0.827275 0.827275 0.945457 0.945457 1.10303 0.992730 0.992730 0.992730 0.992730 1.00415 1.00415 0.827275 0.827275 0.827275 0.551517 0.661820 0.661820 0.827275 0.551517 0.827275 0.00000 0.00000 0.00000 0.864007 0.864007 0.864007 0.864007 0.864007 0.00000 1.32003 1.32003 1.32003 1.32003 1.32003 1.32003 1.05603 0.00000 0.00000 0.00000 0.00000 0.00000 0.00000 0.00000 0.00000 0.00000 0.00000 0.00000 0.00000 0.00000 0.00000 0.00000 0.00000 0.00000 0.0645941 0.0792746 0.0872021 0.0968912 0.0968912 0.0968912 0.0968912 0.0581347 0.0581347 0.0603679
0.00000 0.00000 0.00000 0.00000 0.827275 1.10303 1.11255 1.32935 1.24805 1.24805 1.24805 1.24805 1.24805 1.24805 0.992730 0.992730 0.992730 0.661820 0.827275 0.827275 0.828307 0.555421 0.843552 0.864007 1.03681 0.864007 0.864007 0.864007 0.866546 0.931131 1.04812 1.32003 1.32003 1.32003 1.32003 1.32003 1.32003 1.32003 1.05603 0.00000 0.00000 0.00000 0.00000 0.00000 0.00000 0.00000 0.00000 0.00000 0.00000 0.00000 0.00000 0.00000 0.00000 0.00000 0.00000 0.00000 0.00000 0.0872021 0.0968912 0.0968912 0.106138 0.199073 0.312014 0.255008 0.322737 0.388304
0.00000 0.0107067 0.0122362 0.0122362 0.957694 1.18998 1.18998 1.38355 1.32935 1.32935 1.32935 1.32935 1.32935 1.32935 1.10076 0.988702 1.00305 0.671385 0.850288 0.882091 0.910387 0.626270 0.952299 0.864007 1.04564 0.942903 1.00553 1.05036 1.08327 1.09202 1.10593 1.31958 1.32003 1.32003 1.32003 1.32003 1.32003 1.32003 1.32003 0.00000 0.00000 0.00000 0.00000 0.00000 0.00000 0.00000 0.00000 0.00000 0.00000 0.00000 0.00000 0.00000 0.00000 0.00000 0.00000 0.00000 0.00000 0.420707 0.589094 0.739604 0.846660 0.678461 0.678461 0.407077 0.407077 0.407077
0.0122362 0.0122362 0.0122362 0.0107067 1.04480 1.24805 1.24805 1.42226 1.38355 1.35341 1.26080 1.18878 1.13329 1.09329 0.937632 1.07027 1.24061 0.959850 1.17872 1.18043 1.18690 1.02052 1.25894 1.05767 1.08641 0.728014 0.728014 0.728014 0.728014 0.728014 0.728014 0.837864 0.880023 0.880023 0.880023 0.880023 0.880023 0.880023 1.05603 0.00000 0.00000 0.00000 0.00000 0.00000 0.00000 0.00000 0.00000 0.00000 0.00000 0.00000 0.00000 0.00000 0.00000 0.00000 0.00000 0.00000 0.00000 0.925174 0.904615 0.904615 0.872307 0.678461 0.678461 0.407077 0.407077 0.407077
0.0142755 0.0142755 0.0142755 0.492493 0.563616 1.04618 0.998042 1.11018 1.07058 1.07408 1.12172 1.17070 1.21976 1.26513 1.09644 1.09869 1.31159 1.00889 1.26413 1.29199 1.31247 1.09581 1.31497 1.09365 1.09202 0.728014 0.728014 0.728014 0.728014 0.728014 0.728014 0.787716 0.880023 3.14015 3.14015 3.14015 2.35511 0.660017 0.880023 0.990026 0.00000 0.00000 0.00000 0.00000 0.00000 0.00000 0.00000 0.00000 0.00000 0.00000 0.00000 0.00000 0.00000 0.00000 0.00000 0.00000 0.00000 0.00000 0.904615 0.904615 0.872307 0.678461 0.678461 0.407077 0.407077 0.407077
0.455149 0.434500 0.434500 0.492493 0.538184 0.922803 0.994760 1.20478 1.25363 1.27443 1.27443 1.27443 1.27443 1.27443 1.09644 1.02657 1.30197 1.16973 1.46107 1.46107 1.46107 1.31497 1.46107 1.31367 1.31042 1.09202 1.09202 1.09202 1.09202 2.78712 2.78712 2.82563 3.01513 3.01513 3.01513 3.01513 2.41210 0.880023 0.990026 1.05603 0.00000 0.00000 0.00000 0.00000 0.00000 0.00000 0.00000 0.00000 0.00000 0.00000 0.00000 0.00000 0.00000 0.00000 0.00000 0.00000 0.00000 0.00000 1.01769 1.01769 1.01769 0.814153 0.814153 0.508846 0.508846 0.508846
0.605005 0.634238 0.703137 0.900885 0.937874 1.23595 1.22459 1.22459 1.22459 1.22459 1.22459 1.22459 1.22459 1.22459 1.02525 0.914161 1.10789 1.12819 1.45479 1.46107 1.56544 1.46107 1.56544 1.46076 1.45608 2.66650 2.66650 2.66650 2.66650 2.66650 2.66650 2.67233 2.92537 2.94012 2.94012 2.94012 2.45010 1.13146 1.17336 0.960025 0.00000 0.00000 0.00000 0.00000 0.00000 0.00000 0.00000 0.00000 0.00000 0.00000 0.00000 0.00000 0.00000 0.00000 0.00000 0.00000 0.00000 0.00000 1.01769 1.01769 1.01769 0.872307 0.872307 0.678461 0.678461 0.814153
1.03180 0.939469 0.939469 1.04068 1.04068 1.24141 1.22471 1.22459 1.22459 1.22459 1.22459 1.22459 1.02525 1.02525 0.882866 0.776076 0.861940 1.12422 1.27937 1.31497 1.46107 1.31497 2.59114 2.67104 2.66778 2.66650 2.66650 2.66650 2.66650 2.64655 2.58591 2.52397 2.73280 2.94012 2.94012 2.93252 2.29626 2.27617 0.670911 0.400934 0.309917 0.00000 0.00000 0.00000 0.00000 0.00000 0.00000 0.00000 0.00000 0.00000 0.00000 0.00000 0.00000 0.00000 0.00000 0.00000 0.00000 0.00000 0.904615 0.904615 0.904615 0.763269 0.763269 0.581538 0.581538 0.678461
1.34027 1.16720 1.16720 1.24311 1.24311 1.54675 1.52844 1.52360 1.52360 1.52360 1.52360 1.52360 1.22459 1.22459 1.02525 0.925581 0.960758 1.31159 2.59515 2.67104 2.59114 2.67104 2.59114 2.66677 2.62189 2.54545 2.48355 2.42164 2.35974 2.31774 2.31655 2.30639 2.35999 2.46951 2.22281 1.98361 1.59494 1.85140 1.39984 1.61851 0.348657 0.00000 0.00000 0.00000 0.00000 0.00000 0.00000 0.00000 0.00000 0.00000 0.00000 0.00000 0.00000 0.00000 0.00000 0.00000 0.00000 0.00000 0.00000 0.763269 0.763269 0.581538 0.581538 0.581538 0.581538 0.678461
1.46340 1.26900 1.24311 1.29372 1.29372 1.54675 1.53515 1.52360 1.52360 1.52360 1.52360 1.52360 1.26967 1.21888 2.14580 2.27024 2.27088 2.41052 2.51075 2.60189 2.47151 2.51883 2.35812 2.39877 2.35443 2.31655 2.31655 2.29690 2.18510 2.06175 1.93835 1.82511 1.81521 1.91393 1.90470 1.84608 1.49883 1.64188 1.39984 1.52132 0.398465 0.00000 0.00000 0.00000 0.00000 0.00000 0.00000 0.00000 0.00000 0.00000 0.00000 0.00000 0.00000 0.00000 0.00000 0.00000 0.00000 0.00000 0.437441 0.535664 0.581538 0.339231 0.339231 0.339231 0.00000 0.00000
1.46362 1.38458 1.29372 1.32986 1.32986 1.54675 1.54207 1.52360 1.52360 1.52360 1.52360 1.52360 1.79665 1.87129 2.11630 2.22740 2.24964 2.00776 1.90827 2.17628 2.14363 2.31768 2.19726 2.28423 2.16560 2.04220 1.91875 1.81505 1.80346 1.80346 1.78748 1.72714 1.68244 1.74240 1.73764 1.73454 1.37178 1.56003 1.35057 1.46217 0.464876 0.413223 0.00000 0.00000 0.00000 0.00000 0.00000 0.00000 0.00000 0.00000 0.00000 0.00000 0.00000 0.574142 0.510348 0.680464 0.656162 0.656162 0.510348 0.510348 0.510348 0.00000 0.00000 0.00000 0.00000 0.00000
1.45791 1.44393 1.28896 1.32578 1.32578 1.54675 1.54687 1.54977 1.58673 1.62603 1.66536 1.70387 1.94197 1.93070 2.07898 2.09071 1.99650 1.70168 1.50441 1.86809 1.90907 2.02260 1.89920 2.07185 2.06791 2.06791 2.03756 1.96247 1.90911 1.87016 1.84562 1.84367 1.84367 1.88758 1.93573 1.93573 1.40667 1.51238 1.37516 1.52132 0.398465 0.348657 0.00000 0.00000 0.00000 0.00000 0.00000 0.00000 0.656162 0.656162 0.656162 0.656162 0.574142 0.574142 0.574142 0.765522 0.765522 0.765522 0.612418 0.612418 0.612418 0.00000 0.00000 0.00000 0.00000 0.00000
1.21492 1.28842 1.13703 1.22188 1.25137 1.46377 1.49725 1.48195 1.42269 1.35610 1.75178 1.62985 1.80140 1.87705 2.06620 2.17968 2.17968 2.03157 1.77726 1.79409 1.50093 1.80346 1.76957 1.95302 1.90235 1.86504 1.84435 1.84367 1.84367 1.84367 1.84367 1.84367 1.81439 1.72671 1.68444 1.69955 1.29961 1.39999 1.39610 1.61851 1.59527 0.309917 0.00000 0.574142 0.574142 0.574142 0.574142 0.574142 0.574142 0.574142 0.574142 0.574142 0.510348 0.510348 0.574142 0.765522 0.765522 0.765522 0.612418 0.612418 0.612418 0.00000 0.00000 0.00000 0.00000 0.00000
1.33536 1.41803 1.32004 1.36655 1.30598 1.22591 1.11499 1.01924 1.01744 1.01744 1.01744 1.69548 1.97793 2.11916 2.33099 2.33099 2.33099 2.17968 1.84888 1.66763 1.38774 1.48864 1.47771 1.62407 1.62407 1.62407 1.62407 1.62407 1.61588 1.54023 1.44968 1.35913 1.29197 1.29438 1.39837 1.51621 1.25338 1.39999 1.36592 1.69145 1.72298 0.532217 0.921409 0.820530 0.656162 0.656162 0.656162 0.656162 0.656162 0.656162 0.656162 0.656162 0.680464 0.680464 0.765522 0.956903 1.02070 1.02070 0.918627 0.918627 0.918627 0.00000 0.00000 0.00000 0.00000 0.00000
1.27490 1.23062 1.05402 1.01744 1.01744 1.01744 1.01744 1.01744 1.01744 1.01744 1.01744 1.69548 1.97793 2.11916 2.33099 2.33099 2.54283 2.33099 2.14497 1.93516 1.65024 1.84367 1.84367 1.84367 1.84271 1.77219 1.65900 1.54577 1.44282 1.42415 1.42415 1.42415 1.42090 1.40815 1.54919 1.73706 1.59906 1.69994 1.68033 1.90157 1.99049 0.469492 0.611828 0.599076 0.438422 0.437441 0.437441 0.437441 0.437441 0.437441 0.437441 0.437441 0.510348 0.510348 0.574142 0.765522 0.874883 0.874883 0.874883 0.874883 0.874883 0.765522 0.00000 0.00000 0.00000 0.00000
1.03228 1.07530 1.02920 1.01744 1.01744 1.01744 1.01744 1.01744 1.01744 1.01744 1.01744 1.69548 1.97793 2.11916 2.11916 2.11916 2.33100 2.11916 2.01679 1.80808 1.39148 1.59235 1.50294 1.41239 1.32258 1.28845 1.28754 1.27345 1.25519 1.28556 1.34512 1.39491 1.44006 1.48697 1.62464 1.86886 1.92558 2.02877 2.10591 2.20351 2.42555 2.42555 0.430969 0.430969 0.331238 0.306209 0.306209 0.306209 0.306209 0.306209 0.306209 0.255174 0.382761 0.382761 0.437441 0.574142 0.656162 0.656162 0.656162 0.656162 0.656162 0.656162 0.00000 0.00000 0.00000 0.00000
1.03228 1.07530 1.03216 1.01863 1.01744 1.01744 1.01744 1.01744 1.01744 1.01744 1.01744 1.01744 1.97793 2.11916 2.11916 2.11916 2.33100 2.09244 1.92215 1.53595 1.12541 1.27216 1.26113 1.24273 1.22433 1.20599 1.21806 1.43107 1.48088 1.50080 1.50311 1.51210 1.52318 1.53667 1.64327 2.12876 2.12876 2.09001 1.96281 1.69466 1.04810 0.719245 0.538712 0.538712 0.459029 0.382761 0.382761 0.382761 0.382761 0.382761 0.382761 0.306209 0.437441 0.437441 0.510348 0.656162 0.656162 0.656162 0.656162 0.656162 0.656162 0.656162 0.00000 0.00000 0.00000 0.00000
1.10602 1.12906 1.10602 1.09571 1.09011 1.09011 1.09011 1.09011 1.09011 1.09011 1.09011 1.05983 1.87705 1.97323 1.86488 1.71391 1.62123 1.43428 1.41857 1.06991 0.861462 1.12305 1.18421 1.18421 1.18421 1.18421 1.17392 1.48434 1.52506 1.53899 1.55113 1.55174 1.55174 1.51446 1.37754 1.76739 1.65315 1.47177 1.53141 1.37555 0.945024 0.787520 0.718282 0.718282 0.671992 0.510348 0.510348 0.510348 0.510348 0.510348 0.510348 0.437441 0.510348 0.382761 0.510348 0.510348 0.510348 0.510348 0.510348 0.510348 0.510348 0.510348 0.00000 0.00000 0.00000 0.00000
1.10602 1.12906 1.10602 1.10015 1.09011 1.09011 1.09011 1.09011 1.09011 1.09011 1.09011 1.05983 1.59168 1.46113 1.41857 1.41857 0.684841 0.684841 0.684841 1.11288 1.12041 1.52041 1.58398 1.56506 1.53960 1.50341 1.47341 1.71308 1.79659 1.70866 1.51696 1.32525 1.13330 1.00372 1.04621 1.18683 1.37555 1.26423 1.32077 1.19677 1.00216 0.787520 0.787520 0.718282 0.716057 0.526234 0.510348 0.510348 0.510348 0.510348 0.510348 0.437441 0.574142 0.437441 0.612418 0.612418 0.612418 0.00000 0.00000 0.00000 0.00000 0.00000 0.00000 0.00000 0.00000 0.00000
