High_resolution/powerplant/Chizhou/OMI_NO2_200703.asc
ncols      200
nrows      200
xllcorner       115.585
yllcorner       28.7700
cellsize     0.0166667
NODATA_Value      -999.000
[rows 30 to 59 of 175, columns 0 to 65 of 200]
4.58132 4.58062 4.95975 5.03664 5.03656 5.04334 5.05802 5.07270 5.08736 5.10206 5.09662 5.44961 5.49534 5.71597 5.74407 5.76980 5.79487 5.81991 5.83667 5.83412 5.60023 5.47023 5.47023 5.47023 2.29928 2.12688 1.98916 1.95257 1.87237 1.82520 1.79476 1.80311 1.82801 1.83892 1.83671 1.65448 1.52926 1.55364 1.57996 1.60332 1.61424 1.59622 1.64767 1.51497 1.52712 1.52818 1.52818 1.52818 1.49299 1.48402 1.48402 1.53726 1.66941 1.66492 1.61278 1.60735 1.59994 1.55354 1.50403 1.50403 1.50093 1.45750 1.39648 1.29582 1.18233 1.10079
4.60012 4.61481 4.91071 5.10832 5.12015 5.12518 5.12233 5.12219 5.12596 5.12960 5.13310 5.28741 5.55205 5.81414 5.81108 5.81039 5.81039 5.81039 5.81039 5.81040 5.68098 5.47023 5.47014 5.38336 1.75648 1.65310 1.66746 1.79934 1.83253 1.85207 1.86612 1.87987 1.89598 1.91006 1.85852 1.77265 1.61642 1.63587 1.65661 1.67875 1.69443 1.67961 1.67119 1.57415 1.52818 1.52818 1.52818 1.52818 1.50694 1.48402 1.48402 1.48815 1.65976 1.66762 1.62424 1.60735 1.59617 1.50723 1.35370 1.26450 1.19185 1.16923 1.16875 1.22085 1.32480 1.45209
5.18627 5.24288 5.13991 5.11209 5.11868 5.12500 5.13105 5.13458 5.13463 5.13464 5.13465 5.13166 5.51929 5.81048 5.81049 5.81051 5.81052 5.78377 5.67400 5.55825 5.35122 4.79273 4.63067 4.55531 1.62491 1.61628 1.59285 1.86826 1.91885 1.91974 1.91974 1.91982 1.93423 1.96043 1.94698 1.93080 1.69479 1.69482 1.69482 1.69482 1.69482 1.69482 1.65560 1.62307 1.53213 1.54399 1.55608 1.56815 1.57292 1.54816 1.56022 1.57236 1.67425 1.63287 1.53974 1.47537 1.37435 1.38080 1.47878 1.56132 1.64043 1.70564 1.76944 1.83085 1.84491 1.83509
5.37355 5.38505 5.30603 5.14174 5.14555 5.14602 5.14649 5.14696 5.14742 5.14706 5.14381 5.07981 5.36261 5.57690 5.48235 5.36654 5.25072 5.16160 5.15557 5.15557 5.11837 4.60529 4.55326 4.55326 1.60388 1.60388 1.54492 1.81792 1.93755 1.96399 1.99194 2.01856 2.01507 1.99671 1.95357 1.89816 1.75671 1.76241 1.77275 1.78311 1.79347 1.80380 1.77465 1.80137 1.68766 1.68787 1.68685 1.68223 1.63096 1.46604 1.33891 1.23911 1.18330 1.20597 1.25872 1.41420 1.46264 1.51721 1.80285 1.81716 1.80722 1.79890 1.79116 1.78517 1.78586 1.78590
5.44273 5.44060 5.42080 5.13062 5.13726 5.13330 5.13340 5.14292 5.15281 5.16352 5.17712 5.17555 4.99585 5.06516 5.15557 5.15557 5.15557 5.15557 5.15557 5.15557 5.11580 4.57793 4.29931 4.19779 1.41662 1.37984 1.33894 1.61269 1.85078 1.84932 1.83095 1.81549 1.81381 1.81381 1.80645 1.72892 1.80009 1.83170 1.83170 1.83038 1.82625 1.82185 1.77880 1.79347 1.59836 1.51459 1.45164 1.39531 1.37633 1.27446 1.19539 1.21509 1.23608 1.29107 1.26723 1.32864 1.31914 1.34340 1.71908 1.78467 1.78590 1.78590 1.78612 1.78831 1.79093 1.79356
5.41161 5.41949 5.43336 5.19727 5.16965 5.18352 5.19330 5.19367 5.19367 5.19367 5.19367 5.19367 5.05579 4.95656 5.05621 4.98369 4.91123 4.83866 4.76624 4.69363 4.65752 4.26934 3.85357 3.84910 1.16233 1.16233 1.16233 1.33104 1.76339 1.81381 1.81381 1.81381 1.81295 1.80919 1.80505 1.72867 1.75368 1.80813 1.78236 1.72911 1.66413 1.59813 1.52282 1.47648 1.36695 1.31551 1.33518 1.35479 1.37488 1.34198 1.18076 1.19197 1.21982 1.27229 1.30480 1.37188 1.40376 1.40639 1.65242 1.81582 1.81845 1.82108 1.82348 1.82393 1.82393 1.82393
5.38927 5.38049 5.36725 5.17227 5.05001 5.03711 5.01959 4.97464 4.92482 4.87495 4.82465 4.77481 4.63730 4.48367 4.65752 4.65622 4.65303 4.64984 4.64664 4.64345 4.64025 4.41717 3.79159 3.76256 1.16233 1.16233 1.16233 1.16960 1.68458 1.79690 1.79228 1.78747 1.78358 1.79520 1.84624 1.76387 1.53662 1.54303 1.48940 1.47092 1.51619 1.57182 1.63658 1.59991 1.55897 1.47832 1.48927 1.50045 1.51142 1.52774 1.35936 1.35168 1.35291 1.37455 1.40306 1.37227 1.41975 1.41975 1.55745 1.82393 1.82393 1.82393 1.82393 1.82393 1.82393 1.82393
4.99050 4.95351 4.91655 4.76682 4.54989 4.51416 4.48147 4.47648 4.47370 4.45937 4.44379 4.42820 4.35876 4.35913 4.63735 4.63466 4.61899 4.59826 4.57755 4.55154 4.51326 4.40296 3.69307 3.66169 1.21969 1.27456 1.32935 1.38420 1.70768 1.99401 2.06581 2.12907 2.17518 2.20762 2.19771 2.09487 1.66914 1.69472 1.74668 1.77921 1.76108 1.73852 1.71656 1.63696 1.57198 1.51481 1.51425 1.51425 1.51425 1.52402 1.44024 1.35291 1.35291 1.35960 1.40667 1.36497 1.41975 1.41975 1.45636 1.81926 1.82393 1.82393 1.82393 1.82326 1.81822 1.80847
4.76791 4.76750 4.75646 4.70728 4.42138 4.41828 4.40270 4.38157 4.35482 4.33948 4.32948 4.32751 4.31013 4.22455 4.42063 4.37237 4.34926 4.33118 4.31313 4.30037 4.29989 4.29501 3.82875 3.66169 1.87635 1.97094 2.06540 2.16003 2.26008 2.22210 2.19842 2.14360 2.09153 2.03863 1.98899 1.96433 1.81580 1.68161 1.70981 1.70981 1.70981 1.70981 1.70981 1.67324 1.57643 1.52872 1.51425 1.51425 1.51425 1.51426 1.49949 1.35291 1.35291 1.35258 1.39798 1.36085 1.41924 1.41975 1.42269 1.74564 1.81292 1.77810 1.73956 1.69290 1.64834 1.60813
4.59900 4.56631 4.54419 4.52670 4.25845 4.23486 4.23312 4.23691 4.24912 4.26139 4.26967 4.27053 4.27356 4.16457 4.32920 4.31713 4.32130 4.32548 4.32965 4.33382 4.32828 4.27549 3.83699 3.34472 2.26943 2.25106 2.19366 2.13495 2.07947 1.97437 1.95206 1.93513 1.93270 1.93270 1.93270 1.93270 1.87403 1.66497 1.70981 1.70981 1.70981 1.70981 1.70981 1.70605 1.58134 1.54690 1.51425 1.51425 1.51425 1.51137 1.53176 1.35494 1.33730 1.33292 1.35394 1.33632 1.26271 1.21602 1.17341 1.34287 1.46906 1.44917 1.41709 1.38517 1.35755 1.33129
4.45978 4.46984 4.47988 4.48990 4.31932 4.25610 4.25705 4.25796 4.25887 4.25983 4.26078 4.26104 4.25893 4.15774 4.28815 4.25608 4.17247 4.08905 4.00550 3.92202 3.84817 3.82171 3.55889 2.91123 2.03651 1.99621 1.99492 1.99492 1.99492 1.94640 1.93270 1.93270 1.93270 1.93270 1.93270 1.93270 1.91673 1.70500 1.69616 1.69106 1.68594 1.68081 1.67571 1.67058 1.57036 1.51974 1.45966 1.45454 1.44943 1.44671 1.45645 1.36363 1.29855 1.30393 1.27295 1.16652 1.07642 1.03438 1.00812 1.09634 1.30945 1.25772 1.22163 1.18129 1.13282 1.08126
4.45078 4.45078 4.45078 4.45078 4.33087 4.22104 4.21681 4.21220 4.20760 4.19342 4.15181 4.10851 4.06521 3.93386 3.79776 3.82292 3.81444 3.81444 3.81444 3.81444 3.81444 3.81444 3.72893 2.93491 2.00821 2.02949 2.05080 2.07205 2.09331 2.05390 2.01455 2.02541 2.03756 2.04972 2.06189 2.07402 2.07949 1.87899 1.64399 1.64274 1.64274 1.64274 1.64102 1.62351 1.55565 1.49884 1.43313 1.41379 1.39334 1.37339 1.35964 1.38275 1.30866 1.30033 1.28120 1.03091 0.937164 0.877693 0.865246 0.854215 1.05205 1.03196 1.00488 0.996731 0.996731 0.996731
4.43154 4.42694 4.42233 4.41711 4.33485 4.10600 4.08275 4.04405 4.00535 3.97620 3.97453 3.97453 3.97453 3.94793 3.73621 3.86399 3.82059 3.86239 3.90985 3.95737 4.00487 4.05236 4.08568 3.50531 2.25255 2.25255 2.25255 2.25255 2.25255 2.21639 2.08321 2.07991 2.07991 2.07991 2.07991 2.07880 2.05841 1.91825 1.60772 1.56676 1.54879 1.53962 1.53822 1.52763 1.50871 1.46355 1.38054 1.33151 1.31996 1.30842 1.29688 1.33275 1.24542 1.23940 1.22740 0.974872 0.851362 0.767451 0.739331 0.741485 0.968803 1.02876 1.03264 1.03653 1.04040 1.04428
4.32819 4.28998 4.25130 4.21322 4.19893 3.95957 3.97267 3.97202 3.97137 3.97080 3.97478 3.98130 3.98786 3.99446 3.76248 4.14479 4.13448 4.14018 4.13748 4.12130 4.10322 4.08516 4.06704 3.57638 2.25255 2.25255 2.25255 2.25255 2.25255 2.25255 2.03333 2.00943 1.98493 1.96129 1.93862 1.91755 1.90399 1.85100 1.59740 1.57160 1.59616 1.60537 1.60788 1.63099 1.65667 1.43269 1.28555 1.22217 1.21574 1.20942 1.21911 1.24950 1.14887 1.08599 1.06713 0.934133 0.799132 0.776024 0.770579 0.770579 0.925904 1.05279 1.05279 1.05279 1.05279 1.05279
4.18287 4.20216 4.20222 4.20459 4.21227 4.00850 3.97408 3.98195 3.98981 3.99757 4.00032 4.00080 4.00994 4.02229 3.86093 4.06649 4.05190 4.03363 4.01790 4.00036 3.97579 3.94991 3.92257 3.53763 2.25255 2.25255 2.25255 2.25255 2.24376 2.22386 1.87440 1.86333 1.84720 1.83464 1.81365 1.77379 1.74131 1.74000 1.69967 1.61143 1.60212 1.59383 1.58541 1.57674 1.56764 1.39647 1.20518 1.23495 1.26285 1.28902 1.30162 1.29895 1.14665 1.06651 1.06651 1.02149 0.783053 0.791923 0.770579 0.770579 0.852417 1.05279 1.05279 1.05279 1.05279 1.05279
4.17555 4.24060 4.24847 4.25403 4.25424 4.10682 4.01769 4.03004 4.04240 4.05475 4.06711 4.07824 4.06836 4.04385 3.89940 3.83935 3.85562 3.77467 3.71855 3.68349 3.66028 3.63714 3.61401 3.54268 2.05369 2.01647 1.96799 1.88000 1.77934 1.70308 1.57745 1.77046 1.75418 1.71745 1.68491 1.66636 1.64624 1.62666 1.67117 1.56147 1.55431 1.55461 1.56829 1.58611 1.60279 1.55937 1.30162 1.30162 1.30162 1.30162 1.30162 1.30162 1.21886 1.06773 1.06651 1.06649 0.812644 0.804502 0.770579 0.770579 0.790512 1.04122 1.05517 1.06577 1.10824 1.15719
4.20861 4.19368 4.13911 4.08462 4.03022 3.93635 3.95154 3.94431 3.90891 3.86551 3.82209 3.77943 3.74909 3.73019 3.69852 3.52507 3.66908 3.57069 3.56231 3.55393 3.54556 3.53717 3.52880 3.53235 1.71617 1.65071 1.58830 1.56122 1.55336 1.54818 1.51939 1.63558 1.62357 1.60975 1.60055 1.59862 1.59862 1.60020 1.65859 1.60005 1.60490 1.61993 1.62405 1.62405 1.62405 1.61865 1.33354 1.30162 1.30162 1.30162 1.30162 1.30162 1.26499 1.09450 1.06391 1.06060 0.889917 0.796813 0.790791 0.835162 0.892184 1.16112 1.29384 1.34028 1.35593 1.36772
3.66462 3.58369 3.58301 3.56149 3.53778 3.51749 3.72633 3.73558 3.72451 3.72141 3.71833 3.71531 3.71227 3.70918 3.70611 3.48670 3.61337 3.50224 3.51912 3.52625 3.53388 3.54206 3.55071 3.56374 1.56995 1.58129 1.59172 1.60138 1.61673 1.63017 1.62150 1.61474 1.59862 1.60144 1.61904 1.63753 1.65468 1.66948 1.68259 1.65738 1.62374 1.62125 1.61836 1.61546 1.61256 1.60966 1.39567 1.28144 1.27853 1.27564 1.27275 1.26984 1.26091 1.09939 1.05481 1.08342 1.05315 1.01202 1.10785 1.12776 1.13537 1.23208 1.38641 1.40207 1.43112 1.45977
3.58736 3.56271 3.54023 3.53686 3.53572 3.53572 3.69599 3.77055 3.76933 3.76313 3.75637 3.74963 3.74383 3.74204 3.74069 3.69369 3.81697 3.65212 3.63154 3.63154 3.63154 3.63154 3.63154 3.63154 1.63020 1.63020 1.63020 1.63020 1.62685 1.60806 1.58740 1.57673 1.60590 1.59539 1.58264 1.56802 1.55327 1.53848 1.52355 1.56789 1.58627 1.58586 1.58586 1.58586 1.58586 1.58587 1.46501 1.28141 1.29288 1.30990 1.33192 1.35429 1.37664 1.30820 1.18747 1.15874 1.09659 1.05619 1.12096 1.11725 1.11344 1.19517 1.59453 1.63250 1.65555 1.67551
3.41712 3.53463 3.51933 3.51260 3.50586 3.49910 3.59778 3.72357 3.72346 3.72833 3.73375 3.73914 3.74362 3.74408 3.74408 3.73029 3.79511 3.70181 3.63154 3.63137 3.60260 3.55070 3.49541 3.43663 1.46310 1.44235 1.42184 1.40124 1.38387 1.38198 1.38198 1.40932 1.52032 1.49504 1.49504 1.49504 1.49504 1.49504 1.49504 1.52882 1.59216 1.59664 1.60114 1.60563 1.61409 1.62738 1.61624 1.37974 1.39009 1.39432 1.37681 1.33269 1.28585 1.18466 0.931210 0.874848 0.873495 0.993313 1.17133 1.22433 1.27012 1.30786 1.67914 1.70518 1.71003 1.71489
3.25432 3.49686 3.48534 3.49074 3.49614 3.50156 3.56018 3.74137 3.74408 3.74408 3.74408 3.74408 3.74408 3.75362 3.78233 3.80730 3.87788 3.57395 3.31710 3.24604 3.21469 3.21535 3.27139 3.36799 1.38198 1.38198 1.38198 1.38198 1.38198 1.38198 1.38198 1.36618 1.51897 1.50144 1.50658 1.51171 1.51684 1.52197 1.52710 1.54033 1.62633 1.63645 1.62921 1.60303 1.57292 1.53024 1.46092 1.31123 1.25419 1.20811 1.18081 1.18483 1.18850 1.13418 1.06578 1.06507 1.11471 1.18761 1.34906 1.37002 1.37002 1.37004 1.63832 1.75018 1.75009 1.75009
3.12101 3.51069 3.50627 3.50925 3.50925 3.50925 3.52397 3.75517 3.80067 3.82992 3.85919 3.88842 3.91767 3.93739 3.93793 3.92919 3.93141 3.81460 3.56703 3.68838 3.82081 3.96465 4.02386 4.02386 1.38198 1.38287 1.39276 1.40438 1.41536 1.42574 1.43558 1.44220 1.50820 1.53214 1.53685 1.57228 1.58977 1.60824 1.62854 1.60703 1.49163 1.42636 1.36862 1.34203 1.36328 1.39836 1.46039 1.50696 1.49720 1.15790 1.08609 1.01422 0.943010 0.916384 1.15752 1.14733 1.14733 1.15666 1.32469 1.37002 1.37002 1.37002 1.53442 1.75427 1.75009 1.75009
3.06536 3.39658 3.54517 3.61344 3.64267 3.67192 3.69844 3.87888 3.93459 3.91547 3.89431 3.87318 3.85204 3.83086 3.80974 3.79732 3.78956 4.03021 4.00910 3.97914 3.96521 3.95130 3.93739 3.92348 1.44141 1.44982 1.45152 1.45152 1.44944 1.43908 1.47146 1.52872 1.52777 1.53914 1.54060 1.52525 1.52138 1.51629 1.55869 1.61747 1.49491 1.50004 1.55905 1.60403 1.60182 1.54923 1.48639 1.41767 1.33239 0.972571 0.916384 0.916384 0.916384 0.916384 1.07345 1.15948 1.14733 1.14733 1.27633 1.36916 1.37002 1.37002 1.42963 1.76085 1.75017 1.80052
2.95237 3.22796 3.52427 3.66684 3.64551 3.62330 3.60106 3.69217 3.77680 3.76956 3.76414 3.74452 3.71627 3.68800 3.65974 3.63151 3.59685 3.75459 3.85804 3.85567 3.84892 3.79497 3.73158 3.66813 1.41849 1.43034 1.48665 1.54386 1.60323 1.67080 1.69571 1.69368 1.62320 1.58057 1.66417 1.72423 1.78574 1.84268 1.85720 1.85720 1.71267 1.54013 1.47733 1.41442 1.35727 1.34697 1.34697 1.34864 1.31693 1.09100 0.916384 0.916384 0.916384 0.916384 0.968816 1.19215 1.14733 1.14733 1.22116 1.37401 1.37748 1.46159 1.58907 2.06012 2.16952 2.22900
2.78902 2.91472 3.28728 3.55035 3.54980 3.54554 3.52435 3.55009 3.65836 3.61475 3.56822 3.53398 3.50430 3.47450 3.44479 3.41493 3.38065 3.42967 3.38713 3.15539 3.10074 3.11903 3.15580 3.19570 1.64931 1.69476 1.69642 1.71362 1.73797 1.76422 1.79271 1.82372 1.81351 1.68191 1.85720 1.85720 1.83876 1.76979 1.69798 1.62605 1.51927 1.34933 1.34697 1.34697 1.34697 1.35000 1.36392 1.37981 1.37252 1.26518 1.00404 1.02109 1.03821 1.05521 1.07231 1.34555 1.35542 1.49578 1.66971 1.85051 1.85472 1.88839 1.87948 2.12537 2.22394 2.22242
2.52075 2.54402 2.84663 3.13747 3.14184 3.09942 3.07402 3.06672 3.13086 3.11588 3.10983 3.10561 3.11210 3.12805 3.14404 3.15813 3.16104 3.29397 3.55743 3.45247 3.51060 3.52508 3.52508 3.52508 1.77856 1.80725 1.83642 1.84334 1.84334 1.84334 1.84334 1.84334 1.86816 1.65595 1.66885 1.62118 1.56989 1.56915 1.57129 1.57343 1.55455 1.49697 1.50080 1.51570 1.53066 1.54255 1.54354 1.54354 1.53118 1.49236 1.13483 1.11509 1.13201 1.15854 1.18457 1.39198 1.92453 1.96951 1.97004 2.00973 1.92390 1.96428 2.00256 2.11049 2.17510 2.12808
2.14333 2.18789 2.48234 2.87576 3.02437 3.04036 3.05637 3.07240 3.18297 3.19785 3.20653 3.20769 3.20228 3.18748 3.17265 3.15974 3.15797 3.23454 3.56012 3.56700 3.52508 3.52508 3.52508 3.52508 1.85428 1.85728 1.86028 1.86327 1.89250 1.96539 2.03268 2.09455 2.13362 1.92402 1.49059 1.58525 1.58525 1.58525 1.58525 1.58525 1.57974 1.55489 1.54162 1.52806 1.51259 1.49707 1.48161 1.48783 1.51969 1.52973 1.29533 1.23591 1.25150 1.29232 1.34655 1.46721 1.97823 2.13425 2.16394 2.24538 2.12343 2.08344 2.05157 2.02881 2.05250 2.04770
2.08492 2.08693 2.48852 2.90822 3.14418 3.13138 3.11654 3.10170 3.15960 3.16550 3.15797 3.15797 3.15797 3.15797 3.15797 3.15797 3.15683 3.17613 3.49352 3.60091 3.52508 3.52508 3.52508 3.52508 1.90626 1.97602 2.04038 2.09880 2.13479 2.13556 2.13556 2.13556 2.13556 2.06934 1.50628 1.58426 1.57050 1.55278 1.53507 1.51738 1.49965 1.47893 1.45490 1.49429 1.53236 1.57067 1.62861 1.66718 1.69993 1.74302 1.64190 1.51982 1.56395 1.57850 1.58368 1.59223 1.97540 2.22182 2.19904 2.20475 2.13933 2.10270 2.11109 2.11808 2.16022 2.13976
2.12614 2.18591 2.55326 2.75834 3.06040 3.06449 3.06449 3.06449 3.11541 3.15793 3.15235 3.14331 3.13426 3.12522 3.11618 3.10713 3.09922 3.09366 3.36951 3.64251 3.52508 3.52508 3.52508 3.52508 2.13527 2.13556 2.13556 2.13556 2.13556 2.15468 2.19100 2.22734 2.26365 2.25926 1.51317 1.45803 1.46425 1.46440 1.46836 1.49502 1.52080 1.54207 1.75757 1.78977 1.82554 1.86035 1.87241 1.87170 1.86979 1.89908 1.84113 1.63471 1.66256 1.69567 1.72881 1.76056 1.81348 2.18880 2.20100 2.20554 2.20058 2.11807 2.11807 2.11807 2.15202 2.14342
2.36360 2.36360 2.57040 2.72275 2.98018 3.04424 3.03519 3.02615 3.04155 3.10623 3.09810 3.09847 3.10879 3.12362 3.13844 3.15327 3.16809 3.18291 3.41035 3.61092 3.53336 3.53230 3.54303 3.55377 2.24846 2.25056 2.28685 2.32319 2.35950 2.37670 2.37670 2.37637 2.36644 2.35289 1.79922 1.51454 1.60692 1.62892 1.64691 1.63983 1.63286 1.62089 1.82667 1.86984 1.85670 1.84322 1.83141 1.83461 1.86105 1.91844 1.95417 1.78428 1.76896 1.76896 1.76896 1.76896 1.78154 2.08605 2.20100 2.20100 2.22193 2.11807 2.11807 2.11807 2.13765 2.15221
