High_resolution/powerplant/Chizhou/OMI_NO2_200905.asc
ncols      200
nrows      200
xllcorner       115.585
yllcorner       28.7700
cellsize     0.0166667
NODATA_Value      -999.000
[rows 29 to 57 of 200, columns 0 to 66 of 200]
1.95794 1.95549 1.96398 2.17518 2.24203 2.24805 2.25487 2.27466 2.31910 2.16853 2.11363 2.12626 2.13882 2.14971 2.16004 2.07719 2.00044 2.02284 2.11715 2.12077 2.12488 2.12904 2.13324 2.13711 2.03133 1.82668 1.79177 1.79177 1.79177 1.79177 1.82499 1.89144 1.95802 2.02446 2.06678 2.06012 1.85058 1.84552 1.84552 1.84552 1.84552 2.05714 2.32835 2.44911 2.99333 2.99333 2.99333 2.85863 2.73953 2.61847 2.49374 2.36887 2.31869 2.31396 2.30922 2.30499 2.30430 2.12814 2.03944 2.03944 2.03944 2.03944 2.04813 2.08091 2.11515 2.14937 2.18039
2.03051 2.06163 2.07591 2.29589 2.46876 2.50840 2.54708 2.57283 2.57399 2.40374 2.20908 2.20908 2.20908 2.20908 2.20908 2.17960 2.03036 2.03147 2.13375 2.14179 2.14184 2.14184 2.14184 2.14184 2.09321 1.83746 1.83461 1.90114 1.96764 2.03414 2.06747 2.06747 2.06747 2.06747 2.06747 2.06747 1.90243 1.84552 1.84552 1.84552 1.84552 1.92079 2.32835 2.32841 2.85592 2.83785 2.71201 2.51532 2.31027 2.30540 2.30430 2.30430 2.30430 2.30430 2.30430 2.30430 2.30430 2.20211 2.05624 2.09046 2.12471 2.15891 2.18446 2.18588 2.18588 2.18588 2.18588
2.45925 2.43411 2.36601 2.39495 2.57399 2.57399 2.57399 2.57399 2.57399 2.50873 2.20908 2.20908 2.20908 2.20908 2.20908 2.20908 2.06269 2.03208 2.10946 2.14184 2.14184 2.14224 2.16052 2.18818 2.21249 2.00149 2.07626 2.06747 2.06747 2.06747 2.06747 2.06747 2.06747 2.06747 2.06747 2.06747 1.95854 1.84552 1.84467 1.84258 1.85539 2.00187 2.59138 2.82627 2.72497 2.50619 2.50619 2.49439 2.30918 2.30430 2.30430 2.30430 2.30430 2.30554 2.33064 2.36486 2.39908 2.40456 2.18638 2.18588 2.18588 2.18588 2.18588 2.18588 2.18588 2.18588 2.18588
2.70619 2.46517 2.42247 2.32619 2.57248 2.57399 2.57399 2.57399 2.57399 2.57326 2.24969 2.20908 2.20908 2.20908 2.20908 2.20908 2.11905 2.03264 2.10315 2.18893 2.21657 2.24392 2.25337 2.25337 2.25337 2.05273 2.07126 2.06747 2.06747 2.06747 2.06747 2.06747 2.06722 2.06579 2.06422 2.06265 2.00120 1.94239 2.12141 2.30167 2.46704 2.49883 2.77583 2.96581 2.88538 2.50619 2.50619 2.50619 2.36131 2.30944 2.34019 2.37441 2.40863 2.44161 2.45073 2.45073 2.45073 2.45073 2.23159 2.18588 2.18588 2.18588 2.18588 2.18588 2.18588 2.18588 2.21376
2.74422 2.49043 2.46407 2.31990 2.53856 2.57399 2.57399 2.57399 2.57399 2.57399 2.35398 2.20908 2.20908 2.20992 2.23414 2.26868 2.27539 2.13545 2.16977 2.25337 2.25337 2.25337 2.25337 2.25337 2.25337 2.11731 2.03785 2.06632 2.06474 2.06317 2.06160 2.06002 2.05870 2.10027 2.23233 2.36758 2.49632 2.49888 2.49883 2.49883 2.49883 2.49883 2.64473 2.96581 2.96576 2.56377 2.42976 2.36711 2.35117 2.44726 2.45073 2.45073 2.45073 2.45073 2.45073 2.45073 2.45073 2.45073 2.30549 2.18588 2.18588 2.18588 2.20298 2.26237 2.32368 2.38507 2.41851
2.74422 2.53605 2.46438 2.36247 2.48702 2.57399 2.57399 2.57399 2.57399 2.57505 2.48484 2.26957 2.30423 2.33797 2.34850 2.34850 2.34850 2.18255 2.14708 2.25042 2.25337 2.25726 2.27176 2.28678 2.30187 2.24373 2.09450 2.06251 2.05856 2.07377 2.19037 2.32586 2.47806 2.59897 2.62952 2.65703 2.68444 2.54542 2.49883 2.49883 2.49883 2.47559 2.43828 2.80811 2.75528 2.47671 2.24676 2.24676 2.26583 2.44904 2.45073 2.45073 2.45073 2.45073 2.45073 2.45073 2.45073 2.45073 2.38839 2.24968 2.31105 2.35573 2.30443 2.21062 2.12309 2.03081 1.94160
2.74422 2.59768 2.46438 2.41776 2.42870 2.57526 2.60068 2.63533 2.66992 2.70360 2.69487 2.35714 2.34850 2.34850 2.34850 2.34889 2.36181 2.27735 2.18436 2.28584 2.34406 2.37715 2.39972 2.42164 2.44357 2.44743 2.35440 2.52765 2.66308 2.81051 2.85658 2.88379 2.89420 2.89420 2.89420 2.89420 2.89420 2.64234 2.40469 2.34209 2.27941 2.24003 2.23941 2.59038 2.70638 2.62792 2.24676 2.24676 2.24676 2.40369 2.45073 2.45073 2.45073 2.45073 2.45415 2.49084 2.46079 2.41874 2.36552 2.07172 1.94086 1.86683 1.84366 1.82670 1.81036 1.80578 1.80578
2.74422 2.68560 2.46438 2.46331 2.48435 2.70412 2.71340 2.71340 2.72289 2.75535 2.76644 2.53596 2.53160 2.58057 2.62928 2.67774 2.71356 2.70827 2.48543 2.54549 2.58204 2.57915 2.61568 2.71983 2.82516 2.92897 2.91638 2.92064 2.89420 2.89420 2.89420 2.89420 2.89373 2.86396 2.81699 2.76996 2.72301 2.54443 2.23941 2.23941 2.23941 2.23941 2.23941 2.45935 2.70638 2.70638 2.32260 2.24676 2.24676 2.33464 2.36891 2.31017 2.27719 2.23332 2.18273 2.10971 2.07919 2.05863 2.03887 1.90515 1.81946 1.80578 1.80578 1.80578 1.80578 1.81489 1.84087
2.74422 2.74422 2.81226 2.90533 2.87928 2.90462 2.83580 2.76356 2.68170 2.57700 2.49385 2.61250 2.76522 2.76492 2.76492 2.76492 2.76492 2.76492 2.55334 2.61232 2.77325 2.88141 2.95018 2.95134 2.95134 2.95134 2.92578 2.91937 2.89229 2.85734 2.81036 2.76337 2.71685 2.69963 2.69963 2.69963 2.69963 2.63710 2.23941 2.23941 2.23941 2.23941 2.23941 2.32837 2.69629 2.52204 2.22493 1.96761 1.93113 1.92188 2.06461 2.06166 2.04129 2.03354 2.03354 2.03354 2.03354 2.03354 2.03354 1.95528 1.83286 1.82172 1.84804 1.87438 1.90070 1.91792 1.91829
2.40021 1.99155 2.41132 2.43862 2.26781 2.43498 2.48119 2.48119 2.48119 2.48119 2.48119 2.52791 2.76492 2.76492 2.76492 2.76492 2.76492 2.76492 2.81682 2.88134 2.95092 2.95134 2.95134 2.95134 2.94873 2.91174 2.83884 2.74368 2.71377 2.69963 2.69963 2.69963 2.69963 2.69963 2.69963 2.69963 2.69963 2.69717 2.27856 2.23941 2.23941 2.26142 2.33749 2.40203 2.53683 1.91171 1.75607 1.88042 1.88056 1.88056 2.00614 2.03354 2.03354 2.03354 2.03354 2.03354 2.03541 2.05663 2.08297 2.08113 1.94791 1.91829 1.91829 1.91829 1.91829 1.91829 1.91829
0.562563 0.562563 1.46573 2.13276 2.13480 2.38837 2.48119 2.48119 2.48119 2.48119 2.48119 2.48141 2.73005 2.76492 2.76492 2.76492 2.76492 2.76492 2.77682 2.87467 2.93562 2.91061 2.86296 2.81534 2.77047 2.75978 2.74167 2.67085 2.68839 2.69963 2.69963 2.69963 2.69963 2.69963 2.69963 2.70501 2.75431 2.81316 2.61065 2.54429 2.57130 2.55792 2.46900 2.37687 2.23649 1.77821 1.62778 1.84726 1.88056 1.88056 1.95781 2.03354 2.03910 2.06381 2.09015 2.11647 2.14095 2.14605 2.14605 2.14596 1.98768 1.92437 1.91829 1.91829 1.91829 1.91829 1.91829
0.562563 0.562563 1.00942 2.13276 2.13276 2.31604 2.48119 2.48119 2.48119 2.48119 2.48119 2.48119 2.64888 2.76492 2.76492 2.76492 2.76061 2.71227 2.65298 2.70614 2.73922 2.75978 2.75978 2.75978 2.75978 2.75978 2.75678 2.67254 2.67246 2.69996 2.73539 2.79428 2.85307 2.91196 2.97082 3.02423 3.02379 3.00147 2.78873 2.39734 2.36773 2.36773 2.36773 2.36773 2.29512 1.92345 1.62778 1.77206 1.87930 1.87571 1.91230 2.12366 2.14443 2.14605 2.14605 2.14605 2.14605 2.14605 2.14605 2.14605 2.03770 1.93759 1.91829 1.91829 1.91829 1.85706 1.72271
0.562563 0.562563 0.576942 2.07005 2.13276 2.21099 2.48062 2.48119 2.48119 2.48119 2.48119 2.48119 2.56250 2.71085 2.65126 2.59192 2.53673 2.52548 2.52548 2.59692 2.71172 2.75978 2.75978 2.75978 2.76046 2.76356 2.76688 2.70333 2.69243 2.99576 3.03386 3.03386 3.02913 3.00873 2.98399 2.95497 2.93425 2.91303 2.79201 2.36773 2.36773 2.36773 2.36773 2.36773 2.34822 2.09233 1.61926 1.66557 1.86561 1.86557 1.86598 2.11025 2.14605 2.14605 2.14605 2.14605 2.14605 2.14605 2.14605 2.14605 2.08782 1.91312 1.75031 1.61586 1.48178 1.41252 1.41722
0.562563 0.562563 0.562563 1.84484 2.13276 2.13648 2.45483 2.48119 2.47558 2.42552 2.36611 2.30651 2.26491 2.51765 2.52548 2.52548 2.52548 2.52548 2.52552 2.54270 2.69711 2.76854 2.77185 2.77516 2.77357 2.76030 2.74650 2.68099 2.61637 2.80583 2.86795 2.80851 2.75073 2.72537 2.70237 2.67940 2.66075 2.65908 2.65140 2.37641 2.36315 2.35592 2.34868 2.34144 2.33773 2.17370 1.68820 1.60779 1.83229 1.86557 1.86557 2.02226 2.14605 2.14605 2.14605 2.14605 2.14605 2.12615 2.00898 1.91894 1.82406 1.58187 1.47846 1.55775 1.64176 1.72206 1.80146
0.562563 0.562563 0.562563 1.54045 2.13276 2.13276 2.31560 2.30510 2.25113 2.24174 2.24174 2.24174 2.24144 2.44613 2.52207 2.52187 2.52168 2.52148 2.51984 2.50946 2.62467 2.63654 2.61152 2.59121 2.57473 2.54199 2.48350 2.37349 2.22426 2.37830 2.65908 2.65908 2.65908 2.65908 2.65908 2.65889 2.65532 2.65050 2.64567 2.42680 2.33773 2.33773 2.33773 2.33773 2.33773 2.23233 1.81423 1.60779 1.75552 1.86557 1.86557 1.93386 2.14708 2.18496 2.14644 2.07093 1.97995 1.89507 1.92932 1.92855 1.91007 2.24174 2.00954 1.91743 1.91743 1.91743 1.91743
0.562563 0.562563 0.562563 1.11181 2.10437 2.09571 2.14228 2.11232 2.11723 2.15281 2.18945 2.22730 2.26682 2.32460 2.34765 2.33435 2.32078 2.30658 2.29452 2.29329 2.40784 2.48997 2.40576 2.33262 2.24704 2.20545 2.20545 2.20545 2.20545 2.24917 2.64907 2.65864 2.65462 2.64980 2.64497 2.64034 2.63908 2.63908 2.63908 2.50158 2.33773 2.33773 2.33773 2.33773 2.33773 2.29095 1.97205 1.63974 1.76071 2.02142 1.99005 1.88602 2.09673 1.97018 1.91253 1.89407 1.88436 1.88436 1.88436 1.88436 1.88436 2.13299 2.12995 1.91880 1.95204 1.99858 2.04513
0.562563 0.562563 0.569728 0.766204 2.17932 2.30468 2.39078 2.20656 2.23066 2.23073 2.23073 2.23073 2.23073 2.24057 2.29329 2.29329 2.29329 2.29329 2.29329 2.29329 2.29910 2.25844 2.20545 2.20545 2.20545 2.20545 2.20545 2.21461 2.28029 2.35675 2.61504 2.63988 2.63908 2.63908 2.63908 2.63908 2.63908 2.63908 2.63908 2.56548 2.33773 2.33773 2.33773 2.33773 2.31481 2.20951 2.06083 2.04026 2.01257 1.64303 1.51060 1.51038 1.73975 1.88436 1.88436 1.88436 1.88436 1.88436 1.88436 1.89277 1.94773 2.11730 2.44660 2.10317 2.11647 2.11647 2.11647
1.16547 1.36100 1.54916 1.60098 2.41173 2.55312 2.55312 2.31559 2.23073 2.23073 2.23073 2.23073 2.23073 2.23075 2.28517 2.29329 2.29329 2.29329 2.29329 2.29329 2.29329 2.27632 2.20545 2.21559 2.28252 2.35821 2.43412 2.50075 2.51067 2.51067 2.59846 2.63908 2.63908 2.63908 2.63908 2.63908 2.63908 2.63908 2.63540 2.55739 2.13931 2.02955 1.92036 1.81117 1.72478 1.71803 1.88269 1.96662 1.96662 1.69362 1.51038 1.51038 1.62187 1.88436 1.88436 1.90416 1.96493 2.02698 2.08903 2.14264 2.14975 2.15458 2.61364 2.14960 2.11647 2.11647 2.11647
1.60098 1.60098 1.60098 1.60098 2.24013 2.55312 2.55312 2.41718 2.23073 2.23073 2.23073 2.23073 2.23073 2.23073 2.26728 2.29329 2.29329 2.29329 2.29329 2.30440 2.37258 2.44711 2.44085 2.50188 2.51067 2.51067 2.51067 2.51067 2.51067 2.51067 2.56259 2.63967 2.63908 2.60326 2.53038 2.45767 2.38475 2.31183 2.24276 2.22594 1.81438 1.71803 1.71803 1.71803 1.71803 1.71803 1.81296 1.96662 1.96662 1.86231 1.51038 1.51144 1.52529 2.01415 2.10620 2.14850 2.14975 2.14975 2.14975 2.14975 2.14975 2.14975 2.48291 2.27139 2.11647 2.11647 2.11647
1.60098 1.60098 1.60098 1.60098 2.00465 2.55312 2.55312 2.53328 2.23920 2.23073 2.23073 2.23073 2.23073 2.23073 2.24935 2.30568 2.37463 2.45047 2.52605 2.59078 2.59850 2.59850 2.53481 2.51067 2.51067 2.51067 2.51067 2.49839 2.42517 2.34387 2.27409 2.34201 2.26300 2.22594 2.22594 2.22594 2.22594 2.22594 2.22594 2.22594 1.95363 1.71803 1.71803 1.71803 1.71803 1.71803 1.74394 1.96803 1.97179 1.97490 1.57265 1.51898 1.51898 1.94152 2.14975 2.14975 2.14975 2.14975 2.14975 2.14975 2.14975 2.14975 2.34185 2.41701 2.14176 2.19683 2.25201
1.60098 1.60098 1.60098 1.60098 1.68872 2.54573 2.55312 2.55312 2.30799 2.23073 2.23073 2.24447 2.31412 2.39000 2.46835 2.58972 2.59850 2.59850 2.59850 2.59850 2.59850 2.59842 2.51109 2.38495 2.30369 2.22248 2.14132 2.07243 2.06355 2.04941 2.02999 2.14706 2.15279 2.13337 2.11395 2.09449 2.07507 2.05560 2.03616 2.01672 1.91194 1.71803 1.71817 1.72054 1.72365 1.72676 1.72984 1.93499 1.97953 1.97953 1.70395 1.51898 1.51898 1.74398 2.14975 2.14975 2.14975 2.14975 2.14975 2.14975 2.17060 2.24194 2.36783 2.81641 2.30618 2.28450 2.24438
1.60098 1.60098 1.60098 1.60098 1.60098 2.44533 2.55312 2.55312 2.44330 2.39207 2.46792 2.52985 2.53595 2.53595 2.53595 2.58128 2.58667 2.49605 2.38013 2.26457 2.14901 2.03350 1.95534 1.92809 1.90870 1.88916 1.86974 1.85033 1.83155 1.82624 1.82624 1.91818 1.98820 1.98797 1.98797 1.98797 1.98797 1.98797 1.98819 1.98996 1.95914 1.72722 1.73019 1.73093 1.73093 1.73093 1.73093 1.86530 1.97953 1.97953 1.87423 1.51898 1.51898 1.55928 2.13683 2.14975 2.16080 2.22695 2.30041 2.36880 2.40538 2.39124 2.37485 2.67911 2.18663 2.08246 2.08222
1.60098 1.60098 1.60098 1.60098 1.60098 2.28145 2.51046 2.45893 2.41003 2.40355 2.36998 2.31391 2.22578 2.13747 2.04904 1.93046 1.78834 1.76345 1.76345 1.76345 1.76345 1.76345 1.76616 1.82514 1.82624 1.82624 1.82624 1.82624 1.82624 1.82624 1.82624 1.86663 1.99534 1.98797 1.98835 1.99026 1.99234 1.99441 1.99627 1.99658 1.99528 1.75587 1.73093 1.73093 1.73093 1.73093 1.73093 1.79553 1.97953 1.97953 1.97953 1.57373 1.52336 1.57761 2.09623 2.32365 2.36972 2.36079 2.34440 2.33321 2.33287 2.33287 2.33287 2.51918 2.31091 2.08222 2.07576
1.60098 1.60098 1.60098 1.60098 1.60098 1.77900 1.91173 1.83076 1.74971 1.88746 1.89229 1.86005 1.85977 1.85977 1.85977 1.84514 1.76345 1.76345 1.76345 1.76345 1.76345 1.76345 1.76345 1.81313 1.82624 1.82624 1.82624 1.82624 1.82624 1.82624 1.84202 1.90813 2.07517 1.99472 1.99642 1.99658 1.99658 1.99658 1.99658 1.99658 1.99658 1.83128 1.73093 1.73093 1.73093 1.73093 1.73093 1.75171 1.95451 1.83877 1.68664 1.60746 1.70018 1.70308 1.96496 2.33287 2.33287 2.33287 2.33287 2.33287 2.33287 2.33287 2.30464 2.26447 2.20383 1.74919 1.64936
1.57673 1.43110 1.26933 1.10713 0.945270 0.913024 1.53796 1.53884 1.53884 1.69629 1.85977 1.85977 1.85977 1.85977 1.85977 1.85975 1.77613 1.76345 1.76345 1.76345 1.76345 1.76345 1.76345 1.79845 1.82624 1.82624 1.84344 1.90823 1.97616 2.04390 2.09584 2.09917 2.18349 1.99679 1.99658 1.99658 1.99658 1.99658 1.99658 1.99658 1.99658 1.89630 1.80911 1.92742 2.04559 2.10668 2.04484 1.98048 1.59257 1.44302 1.44302 1.48662 1.70210 1.70210 1.77016 2.33003 2.33287 2.33287 2.27367 2.13243 1.99059 1.84887 1.73526 1.73640 2.03708 1.64052 1.62682
0.754856 0.738205 0.738205 0.738205 0.738205 0.738205 1.47318 1.53884 1.53884 1.57707 1.85702 1.85977 1.85977 1.85977 1.85977 1.85977 1.80370 1.76345 1.76345 1.76345 1.76345 1.76345 1.78182 1.86772 1.97777 2.04568 2.09631 2.09917 2.09917 2.09917 2.09917 2.09917 2.16946 2.04997 1.99658 1.99658 2.02360 2.10126 2.18009 2.25887 2.33774 2.38759 2.20122 2.03595 1.90269 1.82278 1.81987 1.81987 1.66138 1.44302 1.44302 1.44302 1.66004 1.70030 1.60141 1.95666 1.95057 1.80885 1.72615 1.72567 1.72567 1.72567 1.72567 1.72567 1.97022 1.72995 1.62682
0.738205 0.738205 0.738205 0.738205 0.738205 0.738205 1.34546 1.53884 1.53884 1.53884 1.80109 1.85977 1.85977 1.85977 1.85977 1.85977 1.83101 1.76345 1.78316 1.84904 1.91694 1.98452 2.03408 2.04218 2.09908 2.09917 2.09917 2.09917 2.09917 2.09917 2.10841 2.19717 2.33472 2.37991 2.31144 2.39026 2.44203 2.44140 2.34452 2.21204 2.09877 2.00526 1.82451 1.81987 1.81987 1.81987 1.81987 1.81987 1.76658 1.43589 1.31877 1.16424 1.14048 1.11593 1.06035 1.37749 1.72567 1.72567 1.72567 1.72567 1.72567 1.72567 1.72567 1.72567 1.87605 1.84508 1.62700
0.738205 0.738205 0.738205 0.738205 0.738205 0.738205 1.17348 1.53884 1.53884 1.53884 1.70836 1.85977 1.85977 1.85977 1.88095 1.94710 2.01084 1.98936 2.03441 2.03638 2.03638 2.03638 2.03638 2.03638 2.09019 2.14408 2.25633 2.38419 2.53213 2.70478 2.88816 2.92413 2.92413 2.70896 2.39767 2.26712 2.15438 2.05837 2.03053 2.03707 2.04362 2.05017 1.88363 1.81987 1.81987 1.80383 1.67207 1.51754 1.36301 0.890549 0.801266 0.801266 0.845776 1.06035 1.06035 1.16913 1.72567 1.72567 1.72567 1.72567 1.72567 1.72567 1.72567 1.73814 1.83307 2.12440 1.76330
0.738205 0.738205 0.738205 0.738205 0.738205 0.738205 0.929535 1.53884 1.53884 1.53884 1.60993 1.94723 2.01670 2.08444 2.13119 2.13269 2.13269 2.06258 2.03638 2.04574 2.13225 2.24880 2.38663 2.54637 2.80218 2.98086 2.99444 3.00753 3.02060 3.03370 3.00180 2.76509 2.55163 2.37603 2.10712 2.07689 2.07689 2.07689 2.07689 2.07689 2.07689 2.05542 1.80205 1.49399 1.33946 1.20097 1.17812 1.17812 1.17812 0.958414 0.801266 0.801266 0.801271 1.01930 1.06035 1.06042 1.62589 1.72567 1.72567 1.73337 1.76205 1.79785 1.85305 1.93544 1.99320 2.46553 2.17084
