High_resolution/powerplant/Chizhou/OMI_NO2_200603.asc
ncols      200
nrows      200
xllcorner       115.585
yllcorner       28.7700
cellsize     0.0166667
NODATA_Value      -999.000
[rows 87 to 115 of 200, columns 67 to 133 of 200]
3.01866 3.01866 3.01866 3.02129 3.03813 3.05712 3.07602 3.09493 3.14801 3.45090 3.47302 3.61229 4.39544 4.34783 4.27772 4.30216 4.33344 4.30968 4.29371 4.34567 4.39580 4.43970 4.47618 4.49785 4.46735 4.53825 4.67080 4.80413 4.93611 4.98951 4.98301 5.07461 5.08419 5.09375 5.36393 5.63182 5.64151 5.77934 6.17288 5.57662 5.65315 5.82557 5.82557 5.82557 5.82557 5.74085 5.55805 5.37501 5.18545 5.49710 5.53745 5.53745 5.42763 5.15958 4.88984 4.60740 4.07372 3.65144 3.63958 3.62777 3.61886 3.61837 3.76403 3.90318 3.90318 3.90318 4.05394
3.21704 3.23114 3.24504 3.25634 3.25335 3.24889 3.24893 3.27190 3.31663 3.56010 3.59176 3.63625 4.72931 5.00775 4.88100 4.92666 4.95829 4.94723 4.83704 4.84822 4.86155 4.96229 5.10695 5.25160 5.31075 5.24691 5.24691 5.24691 5.24691 5.24691 5.21847 5.30462 5.31274 5.31274 5.46078 5.83157 5.83157 5.84613 6.46449 5.57830 5.53469 5.61596 5.43477 5.25181 5.06893 4.97069 4.97061 4.96719 4.95256 4.95360 4.66630 4.39695 4.23167 4.21863 4.20677 4.19490 4.02501 3.61837 3.61837 3.61837 3.61837 3.61837 3.67562 3.90318 3.90318 3.90318 3.90682
3.22733 3.27225 3.32354 3.37705 3.43275 3.49037 3.54519 3.57139 3.54078 3.49373 3.44667 3.36968 4.61043 5.27994 5.01537 5.01537 5.01606 5.05551 5.10268 5.25305 5.39539 5.44399 5.44399 5.44399 5.41043 5.24691 5.24691 5.24691 5.24691 5.24691 5.24638 5.25644 5.31274 5.31274 5.35019 5.82341 5.72562 5.59517 6.01397 4.96564 4.71074 4.90553 4.96974 4.95764 4.94211 4.92656 4.91099 4.89876 4.89059 4.69783 4.20515 4.19328 4.18717 4.18717 4.18717 4.18717 4.10857 3.65996 3.61837 3.61837 3.61837 3.62243 3.63330 3.90920 3.96100 3.97967 3.99925
3.56665 3.57181 3.57201 3.56469 3.52224 3.47519 3.42817 3.38172 3.36531 3.36531 3.36531 3.34531 4.12842 5.35680 5.13708 5.17463 5.23657 5.25952 5.36130 5.44399 5.44399 5.44399 5.44399 5.44399 5.44376 5.26466 5.24691 5.24691 5.24691 5.24691 5.24691 5.17851 5.11884 4.98815 4.85747 5.17512 5.22088 5.22088 5.59360 5.04660 4.67190 4.75727 4.90143 4.89758 4.88898 4.87712 4.86525 4.85347 4.84889 4.83239 4.21911 4.18717 4.19087 4.19962 4.20878 4.21843 4.20014 3.83397 3.69272 3.70607 3.72010 3.72854 3.72858 3.93519 4.08459 4.08459 4.08459
3.50372 3.45665 3.40963 3.36990 3.36531 3.36531 3.36531 3.36531 3.36531 3.39285 3.45540 3.51646 3.85282 5.57011 5.35682 5.26655 5.26889 5.27121 5.31636 5.46037 5.46269 5.46501 5.46733 5.46966 5.47198 5.33747 5.26327 5.18346 5.08667 4.98315 4.87218 4.73319 4.74154 4.74150 4.73298 5.05331 5.23357 5.22449 5.44401 5.24583 4.62718 4.60084 4.86357 4.85817 4.87814 4.90359 4.93022 4.95822 4.98769 5.01868 4.51281 4.27189 4.27916 4.27918 4.27918 4.27918 4.27918 4.01423 3.72858 3.72858 3.72858 3.72858 3.75004 3.93833 4.29639 4.39437 4.49231
3.31713 3.31426 3.31138 3.30853 3.30563 3.32460 3.38351 3.44333 3.50304 3.53538 3.53256 3.52974 3.60419 5.49683 5.50237 5.34166 5.34166 5.34166 5.34316 5.50840 5.52613 5.52600 5.47272 5.36941 5.25763 5.06136 4.86338 4.84891 4.84699 4.80250 4.74053 4.66580 4.66042 4.72115 4.72020 4.91754 5.17589 5.12826 5.17904 5.22408 4.31676 4.52058 5.00569 5.10482 5.10633 5.09926 5.07096 5.04150 5.01198 4.98259 4.63580 4.09640 4.06682 4.03737 4.00791 3.97851 3.94906 3.82610 3.63701 3.72246 3.80800 3.89356 3.95768 3.95831 4.27071 4.24138 4.17534
3.28293 3.29968 3.36006 3.42273 3.48540 3.52620 3.52708 3.52708 3.52708 3.52708 3.52708 3.52708 3.55594 5.03935 5.57048 5.34166 5.34166 5.32390 5.22587 5.22881 5.19353 5.06690 5.00580 5.00580 4.98271 4.88678 4.71350 4.64853 4.58156 4.55707 4.55016 4.54176 4.54742 4.65263 4.62789 4.66438 4.72380 4.70694 4.70004 4.99983 3.83446 3.97160 4.36553 4.54963 4.52024 4.49767 4.49645 4.49645 4.49645 4.49645 4.41991 3.67390 3.67403 3.74881 3.84679 3.94468 4.04271 4.11431 3.90522 3.90361 3.87261 3.81907 3.76555 3.71686 3.76044 3.63028 3.47623
3.47891 3.52483 3.52708 3.52708 3.52708 3.52708 3.52708 3.52708 3.52708 3.52861 3.53149 3.53434 3.55501 4.48983 5.49341 5.25735 5.16822 5.09224 5.11253 5.20097 5.33592 5.29363 5.25094 5.20839 5.18899 5.21888 4.81218 4.76204 4.74439 4.72233 4.70021 4.68561 4.66146 4.83696 4.84664 4.85172 4.63760 4.63890 4.64855 5.04186 3.82915 3.79432 4.14352 4.49645 4.49645 4.49645 4.49645 4.49657 4.56425 4.70047 4.85395 4.19987 4.11872 4.14197 4.14197 4.11992 4.06664 4.01312 3.75877 3.67450 3.66456 3.67708 3.68960 3.69735 3.57802 3.34529 3.34529
3.55692 3.56581 3.57470 3.58364 3.59252 3.60146 3.61031 3.61929 3.61426 3.52227 3.40662 3.28128 3.15469 3.69846 5.45054 5.56760 5.53426 5.47341 5.41264 5.36008 5.55896 5.58732 5.60097 5.61279 5.60494 5.59190 5.21696 5.03782 5.04456 5.05601 5.06726 5.07227 5.03377 5.11413 5.15312 5.15312 4.97115 4.91624 4.91624 5.22352 4.22145 3.73131 4.04521 4.47660 4.65537 4.80260 4.96890 5.15813 5.25376 5.25376 5.24078 4.54017 4.02252 3.96900 3.91561 3.89218 3.90447 3.91705 3.77930 3.69746 3.69746 3.69746 3.69746 3.69746 3.67828 3.35444 3.34529
3.74593 3.74593 3.74593 3.74593 3.70270 3.59117 3.46988 3.33810 3.21322 3.19487 3.19506 3.19853 3.20357 3.44200 5.33075 5.43612 5.49411 5.49411 5.49411 5.49263 5.61209 5.66539 5.63896 5.61420 5.60892 5.60892 5.37594 5.07227 5.07227 5.07227 5.07227 5.07227 5.07227 5.05687 5.15312 5.15312 5.02243 4.91624 4.92295 5.20204 4.77451 3.93325 4.38805 4.99372 5.25376 5.25001 5.20665 5.15278 5.09893 5.04509 5.00489 4.70610 3.90620 3.91872 3.93111 3.93563 3.93563 3.93563 3.83612 3.69746 3.69746 3.69746 3.69746 3.69746 3.69746 3.44454 3.34529
3.65964 3.54406 3.41878 3.28236 3.19560 3.19487 3.19594 3.20034 3.20498 3.20963 3.21408 3.21526 3.21526 3.26126 5.02968 5.40265 5.47664 5.45352 5.43048 5.40887 5.46838 5.60892 5.60892 5.60892 5.60892 5.60892 5.52170 5.07227 5.07227 5.07227 5.07227 5.07227 5.07227 5.03125 5.20641 5.30207 5.31787 5.24699 5.34525 5.49331 5.50411 4.07288 4.27678 4.67777 5.06226 5.01217 5.00320 5.01715 5.03386 5.05054 5.06655 5.04236 4.02566 3.93563 3.93563 3.93563 3.93563 3.93563 3.88678 3.69746 3.69746 3.69746 3.69746 3.69746 3.69746 3.55402 3.34529
3.19487 3.19488 3.19750 3.20214 3.20679 3.21143 3.21502 3.21526 3.21526 3.21526 3.21526 3.21497 3.20016 3.21046 4.52628 5.28758 5.40413 5.40413 5.40413 5.40413 5.41181 5.60029 5.60809 5.60371 5.59883 5.59405 5.58905 5.10293 5.04791 5.04393 5.03990 5.03588 5.03188 5.05483 5.57875 5.58886 5.54478 5.27114 5.24025 5.22402 5.69301 3.90627 4.01282 4.38989 4.98097 5.05286 5.06803 5.07078 5.07078 5.07078 5.07078 5.07078 4.29848 3.93563 3.93563 3.93563 3.93563 3.93563 3.93015 3.70470 3.69746 3.69746 3.69746 3.69746 3.69746 3.65476 3.29110
3.23208 3.23946 3.24434 3.24708 3.24993 3.25267 3.25552 3.25823 3.24833 3.22800 3.20775 3.18771 3.18229 3.14682 3.95781 5.08952 5.25386 5.25881 5.25395 5.24917 5.24437 5.37831 5.44041 5.44002 5.44002 5.44002 5.44002 5.09501 4.93153 4.93153 4.93153 4.93316 4.95615 4.98572 5.31560 5.39496 5.37531 5.12521 5.10123 5.13399 5.87321 4.12529 4.02686 4.28801 4.77949 5.07078 5.07078 5.07078 5.07078 5.07078 5.07078 5.07074 4.60877 3.91304 3.89910 3.88516 3.87119 3.85725 3.84325 3.63720 3.56485 3.52027 3.46585 3.40487 3.33596 3.27244 2.88268
3.29539 3.29539 3.29539 3.29539 3.28497 3.26188 3.23882 3.21576 3.20541 3.20541 3.20541 3.20541 3.20541 3.18000 3.53609 4.99695 5.19423 5.23524 5.23524 5.23524 5.23524 5.30865 5.44002 5.44002 5.44002 5.44002 5.44002 5.23288 4.97187 5.00145 5.04695 5.12876 5.20221 5.28621 5.51671 5.79359 5.87966 5.61678 5.47717 5.47531 6.10706 4.86203 4.08192 4.06326 4.29097 4.80878 4.79012 4.77157 4.75291 4.73432 4.71573 4.69715 4.60719 3.67554 3.64998 3.64846 3.62509 3.59170 3.55427 3.32518 3.12127 3.11196 3.11290 3.18742 3.32273 3.48087 3.40437
3.28708 3.26425 3.24117 3.21807 3.20544 3.20541 3.20541 3.20541 3.20541 3.20541 3.20541 3.20541 3.20541 3.20491 3.16929 4.92941 5.18782 5.32842 5.35519 5.38240 5.40922 5.44915 5.66629 5.72684 5.78924 5.85182 5.91409 5.91872 5.84749 5.95563 6.03964 6.05185 6.05010 6.03166 6.06396 6.38448 6.38474 5.89226 5.33696 5.33696 5.73722 5.22897 3.90714 3.90714 3.93837 4.65983 4.68991 4.68991 4.68991 4.68991 4.68991 4.68991 4.68954 3.85283 3.51994 3.47558 3.46404 3.46404 3.53032 3.55111 3.45239 3.63579 3.93896 4.17496 4.31304 4.45106 4.31894
3.19822 3.19422 3.19049 3.18674 3.18298 3.17925 3.17551 3.17333 3.17872 3.18533 3.19163 3.19821 3.20460 3.21116 3.08216 4.47278 5.02463 5.52461 5.52317 5.54175 5.56061 5.57906 5.74282 5.78944 5.77269 5.75599 5.73610 5.70259 5.66694 5.63170 5.59940 5.58079 5.56415 5.54734 5.53041 5.82093 5.86759 5.58416 4.78631 4.76968 4.92282 5.20434 3.90714 3.90714 3.90714 4.44578 4.68991 4.68991 4.68991 4.68991 4.68991 4.68991 4.68991 4.18339 3.66177 3.84312 4.05714 4.31887 4.58324 4.64663 4.33159 4.46778 4.51579 4.51579 4.51579 4.51579 4.51555
3.36751 3.37792 3.38792 3.39833 3.40833 3.41871 3.42877 3.43758 3.43848 3.43848 3.43848 3.43848 3.43848 3.44682 3.44178 4.12730 4.60593 5.26956 5.29365 5.29373 5.29373 5.29373 5.37770 5.47824 5.45982 5.44122 5.42575 5.42411 5.42411 5.42411 5.42411 5.42411 5.42411 5.42411 5.42411 5.62014 5.79486 5.74250 4.75854 4.74708 4.76904 5.49108 3.90714 3.90714 3.90714 4.20059 4.68991 4.68991 4.67451 4.54544 4.39394 4.24180 4.09009 4.03912 4.60198 4.74024 4.87826 5.01012 5.04391 5.04226 4.55478 4.51579 4.51579 4.51579 4.51579 4.51579 4.51579
3.43848 3.43848 3.43848 3.43848 3.43848 3.43848 3.43848 3.43848 3.43848 3.47396 3.58600 3.70081 3.81543 3.92191 3.88435 4.21453 4.70474 5.18359 5.30144 5.35990 5.42772 5.49556 5.53926 5.42522 5.42411 5.42411 5.42411 5.42411 5.42411 5.42411 5.42411 5.42411 5.42411 5.42411 5.42411 5.50934 5.79486 5.79486 4.93187 4.74708 4.74708 5.50108 4.03322 3.90601 3.81234 3.72033 4.28020 4.13977 4.00331 3.99524 4.07873 4.17078 4.26283 4.34617 4.89010 5.04391 5.04391 5.04391 5.04391 5.04391 4.66557 4.51579 4.51579 4.51579 4.51579 4.51579 4.51579
3.43848 3.43848 3.43848 3.43848 3.44060 3.51782 3.63259 3.74720 3.86202 3.94121 3.94384 3.94384 3.94384 3.94384 3.92737 4.07184 4.87216 5.23131 5.54850 5.55780 5.55780 5.55780 5.55780 5.45506 5.42411 5.42411 5.42411 5.42411 5.42411 5.42411 5.42411 5.42411 5.42514 5.42920 5.43343 5.44165 5.78280 5.81698 5.18424 4.74873 4.66397 5.07821 3.99786 3.25595 3.19755 3.23977 3.92331 4.18315 4.27516 4.35233 4.36086 4.36086 4.36086 4.36086 4.66243 5.04391 5.04391 5.04391 5.04391 5.04391 4.77774 4.51579 4.51579 4.51579 4.51579 4.51579 4.51579
3.45882 3.56417 3.67859 3.79316 3.90556 3.94286 3.94267 3.94248 3.94228 3.94209 3.94430 3.99359 4.06121 4.12883 4.19174 4.16411 5.09264 5.27414 5.64855 5.65282 5.65705 5.66129 5.66554 5.60964 5.54042 5.54466 5.54889 5.55315 5.55747 5.56166 5.56597 5.57018 5.57341 5.57361 5.57102 5.54626 5.67630 5.67382 5.17145 4.47269 4.47082 4.76264 4.43073 3.60775 3.79591 3.94019 4.12928 4.36086 4.36086 4.36086 4.36086 4.36086 4.36086 4.36086 4.48342 5.04391 5.04391 5.04391 5.03569 5.00019 4.86702 4.74320 4.81338 4.88706 4.96469 5.04602 5.13109
3.92900 3.93827 3.93827 3.93827 3.93827 3.93827 3.93912 3.98303 4.05082 4.11861 4.18405 4.20235 4.20235 4.20235 4.20235 4.17986 5.01760 5.23086 5.70729 5.70729 5.70729 5.70729 5.70729 5.68946 5.57377 5.57361 5.57361 5.57361 5.57361 5.57361 5.55994 5.53011 5.50023 5.47038 5.44309 5.43801 5.46493 5.54704 5.44015 4.69510 4.79226 5.00972 5.14489 3.80981 3.78482 3.75972 3.78632 4.11960 4.09514 4.07009 4.04505 4.02000 3.99496 3.96991 3.95021 4.33874 4.34471 4.30706 4.27771 4.27564 4.40466 7.31480 7.32454 7.32454 7.32454 7.31176 6.69145
3.93827 3.93827 3.93838 3.97590 4.04369 4.11148 4.17845 4.20235 4.20235 4.20235 4.20235 4.20235 4.20235 4.20235 4.20235 4.18623 4.81522 5.15749 5.67419 5.70729 5.68204 5.61503 5.54669 5.47932 5.30224 5.20598 5.11227 5.01406 4.91678 4.81874 4.73481 4.66705 4.59894 4.56071 4.60096 4.64572 4.69471 4.78552 4.75479 4.62244 4.61510 4.63426 5.13356 3.43802 3.43802 3.43802 3.43802 3.77165 3.84868 3.84868 3.84868 3.84868 3.84868 3.84868 3.84868 4.08794 4.27564 4.27564 4.27564 4.27564 4.27564 6.24272 6.07365 5.51369 5.06127 4.40415 3.90774
4.01130 4.10435 4.17203 4.20235 4.18950 4.16509 4.14068 4.11623 4.09193 4.06744 4.04295 4.01866 3.99432 3.96972 3.94538 3.91178 4.30004 4.78698 4.57981 4.43774 4.36958 4.32748 4.27234 4.21727 4.09575 3.97699 3.94785 3.92212 3.89693 3.90254 3.98622 4.07285 4.16046 4.21765 4.19638 4.17110 4.14573 4.18020 4.17584 4.04542 3.98367 3.95839 4.38884 3.49562 3.43802 3.43802 3.43802 3.64282 3.84868 3.84868 3.84868 3.84868 3.84868 3.84868 3.84868 3.96560 4.20148 4.00303 3.83420 3.69149 3.53699 3.81328 3.85131 3.44568 3.06340 2.97489 2.97489
3.84342 3.99697 3.98142 3.96579 3.96314 3.97191 3.98081 3.98956 3.99851 4.00721 4.01621 4.02491 4.03385 4.04260 4.05150 4.05714 4.00149 3.92834 3.75493 3.51120 3.48137 3.46755 3.46755 3.46755 3.44375 3.36647 3.47516 3.58789 3.70029 3.78167 3.78546 3.78546 3.78546 3.78546 3.78546 3.78546 3.78546 3.82106 3.86605 3.79138 3.72489 3.72489 4.03247 3.68933 3.43802 3.43802 3.43802 3.51449 3.84868 3.84868 3.84868 3.83686 3.75323 3.65764 3.56201 3.47590 3.46109 3.20947 2.93905 2.66841 2.42890 2.59537 2.97489 2.97489 2.97489 2.97489 2.97489
3.76874 4.06298 4.06298 4.06298 4.06298 4.06298 4.06298 4.06298 4.06298 4.06298 4.06298 4.06298 4.08049 4.12228 4.16425 4.20618 4.20701 4.07201 3.93573 3.46755 3.46755 3.48266 3.54629 3.61350 3.68078 3.77481 3.78546 3.78546 3.78546 3.78546 3.78546 3.78546 3.78546 3.78546 3.78546 3.78546 3.78546 3.79712 3.86605 3.82168 3.72489 3.72489 3.92413 3.86847 3.43802 3.43802 3.43646 3.37354 3.63600 3.59232 3.49674 3.41297 3.32371 3.06102 2.79038 2.51997 2.38662 2.39217 2.39217 2.39217 2.39217 2.49072 2.97489 2.97489 2.97489 2.97489 2.97489
3.67801 4.02857 4.06298 4.06298 4.06298 4.06298 4.06298 4.06506 4.09721 4.13909 4.18102 4.22296 4.24739 4.24754 4.24754 4.24754 4.22524 4.10595 4.12939 3.65659 3.67439 3.72657 3.73020 3.73020 3.73020 3.76061 3.78546 3.78546 3.78546 3.78546 3.78546 3.78546 3.78546 3.78546 3.78546 3.78546 3.78546 3.78546 3.85374 3.85209 3.72490 3.72489 3.79992 3.92011 3.21198 3.11644 3.02233 2.99032 3.12509 3.02362 2.75287 2.48234 2.28930 2.28124 2.28124 2.28124 2.33425 2.39217 2.39217 2.39217 2.39217 2.40748 2.96067 2.97489 2.97489 2.97489 2.97489
3.67383 3.90760 4.06298 4.07372 4.11399 4.15592 4.19787 4.23774 4.24756 4.24988 4.25333 4.25688 4.26032 4.27162 4.33320 4.40405 4.42439 4.32067 4.26698 3.86531 3.65263 3.64686 3.64097 3.63519 3.62946 3.63647 3.67315 3.66739 3.66160 3.65575 3.64997 3.64420 3.63846 3.63267 3.62689 3.62106 3.61527 3.60572 3.60186 3.56115 3.37324 3.29369 3.27203 3.80502 2.92375 2.75666 2.58896 2.42214 2.31001 2.28124 2.28124 2.28124 2.28124 2.28124 2.28124 2.28124 2.30165 2.39217 2.39217 2.39217 2.39217 2.39217 2.82402 2.97489 2.97489 2.96498 2.93583
3.81234 3.96665 4.29247 4.32722 4.33234 4.33589 4.33933 4.34288 4.34631 4.35249 4.40702 4.47428 4.54152 4.60109 4.61017 4.61017 4.51515 4.21359 4.13001 3.90494 3.52718 3.52718 3.52718 3.52718 3.52718 3.52765 3.57730 3.58245 3.58245 3.58245 3.58245 3.58245 3.58242 3.56674 3.53796 3.50918 3.48040 3.45539 3.43750 3.39441 3.25923 3.11205 3.01119 3.37145 2.39330 2.33868 2.35746 2.37692 2.39655 2.38104 2.39875 2.42047 2.44300 2.46631 2.49057 2.51581 2.54241 2.69468 2.74212 2.77501 2.80927 2.84524 2.65150 2.51593 2.50204 2.49295 2.49276
3.89115 3.96684 4.32252 4.34753 4.34753 4.35031 4.40064 4.46782 4.53516 4.59741 4.61017 4.61017 4.61017 4.61017 4.61017 4.61017 4.58328 4.24345 4.13001 4.05705 3.54590 3.52718 3.52718 3.52718 3.52718 3.52718 3.55732 3.57365 3.56295 3.53082 3.49615 3.46149 3.42681 3.40781 3.40191 3.39601 3.34833 3.24198 3.13423 2.97500 3.00703 3.18697 3.21050 3.72369 3.27632 2.86351 2.86351 2.86351 2.86351 2.82933 2.80849 2.80849 2.80849 2.80849 2.80849 2.80849 2.80849 2.90750 2.97489 2.97489 2.97489 2.97489 2.73973 2.49271 2.43601 2.32989 2.22393
