High_resolution/powerplant/Chizhou/OMI_NO2_200810.asc
ncols      200
nrows      200
xllcorner       115.585
yllcorner       28.7700
cellsize     0.0166667
NODATA_Value      -999.000
[rows 145 to 173 of 200, columns 67 to 133 of 200]
2.26053 2.26053 2.26053 2.22033 1.96504 1.95347 1.92327 1.88196 1.97997 2.12221 1.98972 1.73765 1.68698 1.66681 1.65386 1.64248 1.64085 1.64085 1.64085 1.64085 1.64085 1.64085 1.64141 1.49389 1.06568 1.08496 1.53685 1.55023 1.55023 1.55023 1.55023 1.56298 1.66896 1.97078 1.99357 2.01641 2.02804 1.99960 2.04619 2.54329 2.17069 1.84885 1.84078 1.84078 1.84078 1.84078 1.84078 1.84078 1.84078 1.84078 1.84078 1.84078 1.84078 1.84078 1.79846 1.78493 1.30026 1.08001 1.08001 1.08001 1.08001 1.08001 1.07979 1.05083 1.00918 0.975102 0.946777
2.27965 2.28819 2.29673 2.30520 1.89912 1.86753 1.86132 1.81001 1.81837 1.91649 1.90586 1.64843 1.64085 1.64085 1.64085 1.64085 1.64085 1.64085 1.64085 1.64085 1.64085 1.64085 1.64085 1.63171 1.07982 1.06568 1.44304 1.58890 1.60601 1.62312 1.64025 1.64459 1.63286 1.94319 1.94999 1.94999 1.94999 1.94999 1.95005 2.47348 2.35042 1.86654 1.84078 1.84078 1.84078 1.84078 1.84078 1.84078 1.84078 1.84078 1.84078 1.84078 1.84078 1.84078 1.80850 1.72320 1.39571 0.965631 0.937669 0.915015 0.895559 0.878629 0.863822 0.858180 0.858180 0.858180 0.898550
2.32104 2.32104 2.32104 2.32104 1.99035 1.86792 1.86792 1.82009 1.80991 1.89761 1.91711 1.71189 1.64085 1.64085 1.64085 1.64085 1.64085 1.64085 1.64085 1.64085 1.64268 1.66407 1.69073 1.73043 1.41228 1.38411 1.51729 1.61311 1.61311 1.61311 1.61311 1.61311 1.61311 1.86909 1.94999 1.94999 1.94999 1.94999 1.94999 2.32400 2.51365 1.90052 1.84078 1.84078 1.84078 1.84078 1.83953 1.82807 1.81442 1.80061 1.78696 1.77328 1.75960 1.74582 1.62609 1.40207 1.28108 0.866479 0.858180 0.858180 0.866405 0.942630 1.03415 1.12552 1.21699 1.30851 1.35952
2.32104 2.32104 2.32104 2.32104 2.08714 1.86792 1.86792 1.83683 1.80991 1.87030 1.91711 1.78661 1.64085 1.64085 1.64277 1.66435 1.69102 1.71770 1.74438 1.77081 1.79565 1.80093 1.80093 1.80870 1.61249 1.43768 1.47390 1.61311 1.61311 1.61311 1.61311 1.61311 1.61311 1.78755 1.94999 1.94999 1.94999 1.94999 1.95357 2.20002 2.51715 2.02802 1.78758 1.77356 1.75990 1.74614 1.73370 1.73148 1.73148 1.73148 1.73148 1.73148 1.73148 1.73148 1.70427 1.43577 1.50900 1.16739 1.16980 1.26117 1.34457 1.35967 1.35967 1.35967 1.35967 1.35967 1.35967
2.32104 2.32104 2.32104 2.32104 2.19762 1.86792 1.86792 1.85359 1.81063 1.85580 1.94601 1.91144 1.74467 1.77134 1.79588 1.80094 1.80093 1.80093 1.80093 1.80093 1.80093 1.80093 1.80093 1.80354 1.70874 1.43765 1.43937 1.60042 1.61311 1.61311 1.61311 1.63383 1.67569 1.83090 2.14510 2.20095 2.25681 2.31266 2.36493 2.38385 2.43395 2.14375 1.74393 1.73148 1.73148 1.73148 1.73148 1.73148 1.73148 1.73214 1.79061 1.88653 1.98235 2.07822 2.17404 1.95171 1.86607 1.64346 1.35967 1.35967 1.35967 1.35967 1.35967 1.35967 1.35967 1.35967 1.35967
2.32104 2.32104 2.32121 2.33452 2.34048 1.92117 1.90128 1.84951 1.88659 1.91033 2.00951 2.00898 1.81737 1.80093 1.80093 1.80093 1.80093 1.80093 1.80093 1.80093 1.80093 1.80093 1.80093 1.80418 1.82363 1.52342 1.56875 1.72778 1.82794 1.86986 1.91172 1.93289 1.93289 1.98462 2.37636 2.37636 2.37636 2.37636 2.37636 2.37636 2.42704 2.32333 1.76162 1.73148 1.73960 1.81888 1.91470 2.01057 2.10533 2.19097 2.21866 2.20583 2.19132 2.17476 2.15574 1.85645 1.65060 1.64996 1.39068 1.35967 1.35967 1.35967 1.35967 1.35967 1.35967 1.35967 1.35967
2.39510 2.39556 2.33144 2.24961 2.15963 1.75117 1.63689 1.63620 1.81545 1.90343 1.98903 2.01063 1.87277 1.80093 1.80093 1.80093 1.80986 1.82968 1.84952 1.86936 1.89182 1.93318 1.97972 2.02442 2.06722 1.90555 1.88713 1.96624 2.09433 2.17270 2.20432 2.23704 2.27118 2.30841 2.37636 2.37636 2.37636 2.37636 2.37636 2.35796 2.30689 2.23308 2.05665 2.11429 2.19515 2.20053 2.18529 2.16784 2.14914 2.14473 2.14473 2.14473 2.14473 2.14473 2.14473 1.97873 1.65060 1.65060 1.47121 1.35967 1.35967 1.35967 1.35967 1.35967 1.35967 1.35967 1.35967
2.08565 2.01659 2.01208 2.01208 2.01208 1.78137 1.64119 1.66060 1.78773 1.97476 2.08413 2.22345 2.18891 2.09777 2.15355 2.21165 2.26138 2.29970 2.33976 2.38160 2.41415 2.37301 2.32278 2.27717 2.23569 2.06662 1.95200 1.97105 2.13884 2.37381 2.37636 2.37636 2.37636 2.37636 2.34863 2.25718 2.14321 2.00485 1.86627 1.74621 1.71687 1.70808 1.89262 2.14014 2.14473 2.14473 2.14473 2.14473 2.14473 2.14473 2.14473 2.14473 2.14473 2.14473 2.14473 2.09991 1.65179 1.65060 1.55244 1.35967 1.35967 1.35967 1.35967 1.35967 1.35967 1.35967 1.36153
2.01208 2.01102 1.99550 1.97547 1.95544 1.92825 1.91401 1.89538 1.91130 2.22519 2.36537 2.70654 2.67463 2.42721 2.42046 2.37272 2.32229 2.27673 2.23531 2.19745 2.16648 2.16180 2.16180 2.16180 2.16180 2.09100 1.94566 1.94844 2.09919 2.27661 2.21385 2.07545 1.93690 1.79846 1.68769 1.64074 1.61622 1.61616 1.61616 1.61616 1.62350 1.67375 1.78963 2.10571 2.14473 2.14473 2.14473 2.14473 2.14473 2.14473 2.14473 2.14473 2.14473 2.14473 2.14473 2.14473 1.72932 1.65060 1.63700 1.39383 1.41516 1.43993 1.46474 1.48949 1.51430 1.53906 1.56197
1.93460 1.92288 1.92436 1.92974 1.93505 1.94017 1.94516 1.95004 1.96187 2.30067 2.49059 2.91191 2.99674 2.91713 2.36946 2.19896 2.18401 2.16180 2.16180 2.16180 2.16180 2.16180 2.16180 2.16244 2.18437 2.20822 1.89440 1.79760 1.68798 1.59626 1.61616 1.61616 1.61616 1.61616 1.61616 1.61616 1.61616 1.61616 1.61616 1.61616 1.61616 1.66669 1.69534 2.06605 2.14473 2.14473 2.14473 2.14473 2.14473 2.14473 2.13705 2.11357 2.08945 2.06536 2.04136 2.01715 1.88401 1.83869 1.85667 1.63091 1.56658 1.56658 1.56658 1.57250 1.65906 1.77142 1.88396
1.99285 1.99285 1.99410 2.07516 2.19662 2.30857 2.41222 2.50844 2.59398 2.72554 2.82833 3.05273 3.11626 3.02087 2.57289 2.20152 2.19251 2.16250 2.18134 2.21127 2.24490 2.27827 2.31191 2.34489 2.35661 2.35661 2.00832 1.74688 1.68443 1.56711 1.61616 1.61616 1.61616 1.61616 1.61616 1.61616 1.61616 1.61616 1.61616 1.61616 1.61616 1.65230 1.66911 1.93374 2.09030 2.06615 2.04209 2.01803 1.99387 1.96991 1.95337 1.95288 1.95288 1.95288 1.95288 1.95288 1.91990 1.85752 1.84740 1.76067 1.82504 1.93746 2.04989 2.15640 2.18226 2.18226 2.18226
2.39477 2.49223 2.58210 2.61454 2.61454 2.61454 2.61454 2.61454 2.61454 2.66399 2.82833 2.97898 3.09908 3.04386 2.83608 2.28928 2.31564 2.33810 2.35288 2.35660 2.35661 2.35661 2.35661 2.35661 2.35661 2.35661 2.17288 1.74692 1.73390 1.55745 1.61337 1.61616 1.61616 1.61616 1.62238 1.67358 1.73367 1.79377 1.85391 1.91400 1.97409 1.85104 1.54631 1.71559 1.94828 1.95288 1.95288 1.95288 1.95288 1.95288 1.95288 1.95288 1.95280 1.93298 1.89761 1.86223 1.81736 1.69622 1.67333 1.78300 2.18226 2.18226 2.17870 2.16466 2.15228 2.14191 2.16307
2.61454 2.61454 2.61454 2.61454 2.61454 2.61454 2.60253 2.57662 2.55072 2.53138 2.70612 2.77784 2.98461 2.99542 3.08903 2.39917 2.35737 2.35675 2.35661 2.35661 2.35661 2.35661 2.35661 2.35661 2.35661 2.35661 2.28818 1.82455 1.81998 1.71274 1.79545 1.89395 1.95409 2.01419 2.06806 2.07700 2.07700 2.07700 2.07700 2.07700 2.07700 2.00938 1.54585 1.61586 1.93167 1.95288 1.95288 1.95047 1.92217 1.88678 1.85141 1.81601 1.78203 1.77018 1.77281 1.77512 1.77717 1.72295 1.73143 1.74000 2.11847 2.13700 2.13051 2.13004 2.13004 2.13004 2.14588
2.60635 2.58182 2.55589 2.52998 2.50546 2.48450 2.48583 2.49550 2.50518 2.51114 2.63851 2.71667 2.98600 2.99320 3.07717 2.58873 2.35737 2.35692 2.35661 2.35537 2.34637 2.33603 2.32570 2.31535 2.30503 2.29421 2.28746 2.23071 2.09852 2.00686 2.00128 2.09374 2.09616 2.09850 2.10076 2.09480 2.07700 2.07700 2.07700 2.07700 2.07700 2.07700 1.61583 1.57006 1.83622 1.84030 1.80559 1.77740 1.77378 1.77598 1.77793 1.77967 1.78034 1.78502 1.80062 1.81482 1.82733 1.80897 1.79398 1.79200 2.01429 2.13004 2.13004 2.13004 2.13004 2.13004 2.13386
2.38658 2.48006 2.48384 2.48727 2.48911 2.48898 2.50746 2.51121 2.51121 2.51121 2.58288 2.70314 2.90711 2.95331 2.98433 2.72174 2.30037 2.28276 2.25968 2.24792 2.24320 2.23975 2.23641 2.23441 2.25371 2.28199 2.35560 2.40998 2.26047 2.24714 2.11274 2.11274 2.11274 2.11274 2.11274 2.10819 2.07700 2.08270 2.10203 2.12357 2.14998 2.17669 1.86763 1.67671 1.75886 1.78013 1.78034 1.78034 1.78097 1.79343 1.80852 1.82176 1.83348 1.84128 1.84165 1.84165 1.84165 1.82472 1.79398 1.79327 1.91882 2.13004 2.13004 2.13004 2.13004 2.13004 2.13004
2.23592 2.42110 2.40325 2.38574 2.36859 2.35995 2.36082 2.46166 2.51577 2.53096 2.56034 2.72242 2.75771 2.77888 2.79873 2.77907 2.24902 2.24577 2.25062 2.28197 2.31549 2.35152 2.39062 2.43082 2.44183 2.44235 2.49499 2.59500 2.38996 2.39967 2.25166 2.27119 2.30283 2.34437 2.38814 2.43106 2.54223 2.59585 2.63154 2.66370 2.69148 2.71838 2.26550 1.69021 1.73502 1.78429 1.78034 1.78034 1.80928 1.84165 1.84165 1.84165 1.84165 1.84165 1.84165 1.84165 1.84165 1.83650 1.79400 1.79397 1.82374 2.12915 2.13548 2.14562 2.15579 2.16596 2.17613
1.99547 2.32780 2.34361 2.35942 2.37518 2.38345 2.38163 2.47289 2.55746 2.55513 2.55281 2.67790 2.67268 2.63048 2.55243 2.56329 2.34894 2.37970 2.89019 2.91933 2.93770 2.95534 2.97342 2.99065 3.00802 3.02448 3.04837 3.10875 3.01235 2.93663 2.85575 2.83922 2.85043 2.85298 2.85301 2.85301 2.96015 3.01126 3.01126 3.01126 3.01126 3.01126 2.66437 1.69021 1.70042 1.79298 1.78034 1.78034 1.78948 1.84157 1.84165 1.84165 1.84165 1.84216 1.86163 1.89054 1.91950 1.94841 1.85540 1.83874 1.85314 2.14946 2.21480 2.21480 2.21480 2.21480 2.21706
1.91036 2.33496 2.34555 2.34555 2.34555 2.34555 2.31086 2.27273 2.32057 2.23206 2.13767 2.13633 2.19953 2.24714 2.24886 2.32369 2.36001 2.36001 2.90744 3.02966 3.02966 3.02671 3.03354 3.05397 3.07433 3.09493 3.12491 3.17005 3.13289 2.94684 2.90448 2.85301 2.85301 2.85301 2.85301 2.85301 2.92402 3.01126 3.01126 3.01126 3.01126 3.01126 2.86288 1.75793 1.69021 1.77794 1.80697 1.84552 1.88413 1.94474 1.97737 2.00628 2.03524 2.06364 2.07313 2.07313 2.07313 2.07313 1.94078 1.85755 1.86241 2.06968 2.28755 2.34578 2.40406 2.46235 2.51831
1.92242 2.19732 2.17884 2.10065 2.01826 1.93117 1.88625 1.84852 2.00296 2.00395 2.00395 2.04697 2.19800 2.23572 2.24886 2.29160 2.35104 2.35741 2.78666 3.06805 3.08846 3.11182 3.12557 3.12557 3.12557 3.12557 3.12688 3.16618 3.20201 2.94684 2.92960 2.85301 2.85301 2.85301 2.85301 2.85301 2.89120 3.01126 2.99242 2.94866 2.90483 2.86101 2.78837 1.91222 1.94832 2.04728 2.08904 2.08897 2.08897 2.07956 2.07313 2.07313 2.07313 2.07313 2.07313 2.07311 2.05821 2.03059 1.92366 1.75977 1.72985 1.90552 2.53348 2.53348 2.53348 2.51867 2.46585
2.36702 2.15291 1.88625 1.88625 1.88625 1.88625 1.88625 1.86453 1.96982 2.00322 2.00106 2.00095 2.18778 2.25151 2.30166 2.33875 2.44187 2.45591 2.72629 3.12557 3.12557 3.12557 3.12557 3.12557 3.12557 3.12557 3.12557 3.15830 3.22253 2.99268 2.94116 2.82458 2.78120 2.74614 2.71105 2.67596 2.64686 2.70176 2.67732 2.67722 2.67722 2.67722 2.67722 2.04796 1.99884 2.02799 2.09508 2.08897 2.08897 2.08451 2.07152 2.04983 2.02223 1.99463 1.96702 1.93478 1.90807 1.89380 1.85336 1.64968 1.63380 1.64955 2.40033 2.38120 2.32646 2.28655 2.28465
2.37640 2.27351 1.88625 1.88589 1.88418 1.88234 1.88051 1.86855 1.92958 2.02628 2.04158 2.05692 2.22828 2.32839 2.36741 2.36741 2.44387 2.45593 2.58774 3.12557 3.12557 3.12557 3.12557 3.10863 3.07244 3.03626 3.00005 2.98744 2.99570 2.85395 2.68340 2.62284 2.59462 2.59982 2.60514 2.61065 2.61628 2.67021 2.67722 2.67722 2.67722 2.67722 2.67722 2.19864 1.99884 1.99900 2.05795 2.00998 1.97266 1.92281 1.90562 1.88775 1.87349 1.85921 1.84494 1.83531 1.82097 1.78051 1.73945 1.50968 1.44342 1.43092 2.03561 2.28465 2.28465 2.28465 2.28465
2.31869 2.34303 1.92360 1.88479 1.86581 1.84344 1.82108 1.80768 1.91001 2.06543 2.06543 2.06543 2.15653 2.31766 2.36519 2.36549 2.38882 2.38259 2.35414 2.94624 2.92456 2.88202 2.83947 2.81384 2.80748 2.80113 2.79478 2.85960 3.04333 3.06623 2.79194 2.74983 2.67722 2.67722 2.67722 2.67722 2.67722 2.67722 2.67722 2.67722 2.67533 2.66921 2.66194 2.32335 1.91290 1.92261 1.87314 1.79567 1.77717 1.77152 1.81595 1.83217 1.79913 1.75810 1.71706 1.67600 1.64902 1.64842 1.64842 1.51280 1.43284 1.43186 1.79794 2.28465 2.28465 2.28465 2.28480
2.26621 2.31216 2.02169 1.81565 1.81778 1.82346 1.82913 1.83477 1.87440 1.99866 1.97158 1.94453 1.93876 2.13965 2.07952 2.02445 2.04003 2.09927 2.09927 2.62367 2.76892 2.76892 2.76892 2.76892 2.76892 2.76892 2.76892 2.79946 3.07089 3.15713 2.80717 2.78116 2.67731 2.67722 2.67112 2.64457 2.61158 2.57145 2.53023 2.48825 2.44699 2.41019 2.37306 2.19927 1.86701 1.94510 1.93607 1.87606 1.93835 1.99474 1.95026 1.74828 1.74542 1.74954 1.75361 1.75762 1.76163 1.76555 1.76942 1.70438 1.59834 1.60550 1.75070 2.31149 2.31214 2.31242 2.30813
2.25062 2.29371 2.17053 1.84590 1.82863 1.81138 1.79413 1.77684 1.76210 1.82099 1.82362 1.82146 1.81927 2.01605 2.03391 1.99523 1.99907 2.07840 2.07723 2.32033 2.47352 2.44997 2.42643 2.40237 2.37778 2.35328 2.32780 2.30252 2.47081 2.55211 2.21752 1.97998 1.81472 1.74188 1.69049 1.67268 1.66385 1.66322 1.66322 1.66322 1.66322 1.66322 1.66537 1.73332 1.99502 2.13016 2.16369 2.13044 2.11895 2.11895 2.09861 1.80420 1.79866 1.79866 1.79866 1.79866 1.79866 1.79843 1.79713 1.77166 1.61052 1.60558 1.63060 2.19526 2.26922 2.26335 2.26201
2.14573 2.14786 2.17104 1.72592 1.72343 1.72163 1.71983 1.71801 1.71661 1.75584 1.77714 1.77714 1.77714 1.90451 2.01361 1.95957 1.95957 2.02930 2.04809 2.06975 2.11591 2.11591 2.11591 2.11591 2.10625 2.10215 2.11896 2.13601 2.27408 2.41495 2.15786 1.64703 1.65639 1.66322 1.66322 1.66322 1.66322 1.66322 1.68070 1.75832 1.83153 1.89577 1.95135 1.96757 2.05875 2.18770 2.18770 2.14786 2.11895 2.11873 2.11744 1.87512 1.79430 1.79287 1.79145 1.79002 1.78859 1.78739 1.78726 1.78718 1.60724 1.58509 1.60198 2.00394 2.23741 2.12966 2.01495
2.10682 2.12014 2.20117 1.80698 1.71652 1.71652 1.71652 1.71652 1.71652 1.73963 1.77714 1.77714 1.77714 1.83274 2.02728 1.96341 1.95957 2.00551 2.03996 2.02429 2.07065 2.08737 2.10438 2.12152 2.14791 2.16918 2.16918 2.16918 2.24747 2.37550 2.40717 1.64703 1.65206 1.66322 1.70971 1.78911 1.85851 1.91954 1.96381 1.96757 1.96757 1.96598 1.94872 1.92752 1.97191 2.15581 2.18051 2.15766 2.10890 2.10769 2.10755 1.96094 1.78726 1.78726 1.78726 1.78726 1.78726 1.78726 1.78726 1.81823 1.75117 1.74249 1.82638 1.89294 1.64267 1.63591 1.63591
1.84473 1.79587 1.76410 1.72284 1.71652 1.71652 1.71652 1.71652 1.71652 1.72589 1.77594 1.77714 1.77254 1.75573 1.96463 1.93344 1.93008 1.96386 2.03529 2.07311 2.16403 2.16918 2.16918 2.16918 2.16918 2.16918 2.16918 2.16918 2.20684 2.37190 2.50774 1.76178 1.82887 1.94199 1.95616 1.93495 1.91376 1.89258 1.87135 1.85015 1.82896 1.80935 1.80539 1.80539 1.86066 2.08341 2.17630 2.17104 2.10984 2.10755 2.10755 2.05525 1.78726 1.79015 1.83805 1.90130 1.96451 2.02769 2.09015 2.11767 2.03183 1.90491 1.90323 2.00846 1.61793 1.58448 1.55750
1.53415 1.61148 1.64953 1.71652 1.71652 1.71652 1.71436 1.69928 1.68207 1.66705 1.68268 1.61845 1.56158 1.51966 1.86981 2.06485 2.02702 2.02856 2.08785 2.09071 2.14592 2.16918 2.16918 2.16918 2.16918 2.16918 2.18041 2.25316 2.34183 2.69449 2.65412 1.87418 1.67482 1.81245 1.80539 1.80539 1.82552 1.85919 1.87063 1.80539 1.80539 1.80539 1.80539 1.80539 1.83468 2.02065 2.17630 2.17590 2.13546 2.17816 2.24140 2.30449 2.08730 2.10028 2.11030 2.10500 2.09970 2.09441 2.08986 2.07957 2.02731 1.83424 1.81265 1.88391 1.60725 1.51328 1.51328
1.50420 1.63489 1.67392 1.66838 1.65053 1.62516 1.59368 1.60285 1.61480 1.62634 1.58317 1.45947 1.45947 1.45947 1.69028 2.08236 2.02702 2.02702 2.07215 2.11578 2.22985 2.36634 2.45953 2.55368 2.64770 2.74181 2.82483 2.84615 2.85811 3.19422 3.15489 2.41174 1.98342 2.16231 2.19092 2.21372 2.22330 2.22330 2.19287 1.80591 1.80539 1.80539 1.80539 1.80384 1.80283 1.94709 2.19320 2.23114 2.42915 2.42322 2.41792 2.41263 2.22542 2.08929 2.08667 2.06786 2.04626 2.02468 2.00308 1.99121 1.99082 1.80839 1.78902 1.84453 1.71900 1.51328 1.51328
