High_resolution/powerplant/Chizhou/OMI_NO2_200904.asc
ncols      200
nrows      200
xllcorner       115.585
yllcorner       28.7700
cellsize     0.0166667
NODATA_Value      -999.000
[rows 120 to 149 of 175, columns 0 to 65 of 200]
1.54563 1.54563 1.54476 1.56956 1.92413 1.93300 1.91679 1.90057 1.88521 1.88134 1.88134 1.88134 1.88141 1.88404 1.88793 1.89182 1.89541 1.89614 2.04547 2.35356 2.67763 0.00000 0.00000 0.00000 3.99449 3.75233 3.50813 3.26613 3.12503 3.12430 3.12430 3.12462 3.89841 4.39598 4.90252 4.90252 5.00527 5.26909 5.53525 5.80095 6.03914 6.07817 6.07817 6.07170 5.93459 5.74648 5.55828 5.45719 5.33561 5.11905 5.11905 5.11905 4.42809 3.87849 3.87849 3.87849 3.87849 3.87849 3.87849 3.87849 3.87849 3.87849 3.87849 3.87849 4.48719 4.78791
1.47725 1.45844 1.44050 1.43594 1.76334 1.88134 1.88134 1.88134 1.88134 1.88328 1.88717 1.89106 1.89488 1.89614 1.89614 1.89614 1.89614 1.89614 1.97021 2.26140 2.62411 2.67763 0.00000 0.00000 3.12430 3.12430 3.15167 3.32285 3.48742 3.62667 3.74605 3.66519 3.42426 4.41693 5.62597 5.91299 6.07629 6.07817 6.07817 6.03587 5.85787 5.66976 5.48156 5.29983 5.24874 5.24874 5.24874 5.30517 5.39530 5.13136 5.11905 5.11905 4.75091 3.92441 3.87849 3.87849 3.87849 3.86803 3.82980 3.79025 3.75064 3.71100 3.67144 3.63184 3.96941 4.52799
1.43594 1.43594 1.43594 1.43594 1.64441 1.87689 1.88640 1.89030 1.89419 1.89614 1.89614 1.89614 1.89614 1.89614 1.89614 1.89614 1.90004 1.96948 2.07589 2.20624 2.52162 2.67763 0.00000 0.00000 3.62667 3.74605 3.83709 3.82755 3.70404 3.58322 3.47761 3.36399 2.77109 4.15787 5.79686 5.96926 5.78107 5.59287 5.40484 5.25886 5.24874 5.24874 5.24874 5.24874 5.24874 5.24874 5.24874 5.27466 5.39910 5.08509 4.94425 4.90465 4.69850 3.79794 3.54528 3.50568 3.46608 3.43693 3.43551 3.43551 3.43551 3.42773 3.39852 3.36811 3.42260 4.25089
1.43594 1.43690 1.44169 1.44688 1.55977 1.87558 1.89614 1.89614 1.89614 1.89614 1.89614 1.89614 1.91173 1.99628 2.08903 2.18165 2.27054 2.29385 2.29385 2.19750 2.36679 2.67763 0.00000 0.00000 3.66765 3.55142 3.44969 3.37206 3.36288 3.36288 3.35011 3.23079 2.66275 3.08342 4.85438 5.24874 5.24874 5.24874 5.24874 5.24874 5.24874 5.24874 5.24874 5.24874 5.24874 5.24874 5.24874 5.25053 5.39257 4.99618 4.67608 4.67608 4.66386 3.86311 3.43551 3.43551 3.43436 3.41195 3.38151 3.35110 3.32068 3.29802 3.29680 3.29680 3.29983 4.09871
1.45106 1.45528 1.45568 1.45568 1.47202 1.84970 1.89614 1.89614 1.93118 2.02313 2.11583 2.20854 2.28565 2.28921 2.24160 2.18410 2.12628 2.06860 2.01099 1.85895 1.73537 2.67305 2.67763 0.00000 3.36288 3.36288 3.32659 3.19230 3.06545 2.95129 2.85609 2.83894 2.59325 2.53478 4.25416 5.24874 5.24874 5.24874 5.24874 5.24874 5.24874 5.24874 5.24874 5.24874 5.24874 5.24874 5.24874 5.24874 5.36385 5.17474 4.67608 4.67608 4.66026 4.14100 3.37431 3.33409 3.30481 3.29680 3.29680 3.29680 3.31395 3.35125 3.38860 3.42592 3.46024 3.97738
1.45568 1.45568 1.45568 1.45721 1.53718 1.94582 2.14276 2.22978 2.23875 2.18183 2.12422 2.06644 2.00879 1.95575 1.94554 1.94554 1.94554 1.94564 1.96957 1.98321 1.77899 2.39113 2.67763 0.00000 3.03183 2.92077 2.84352 2.83894 2.83894 2.83894 2.83894 2.83894 2.75211 2.29184 3.70609 5.19381 5.24383 5.23499 5.22619 5.21738 5.20856 5.19977 5.19092 5.18216 5.18012 5.52568 6.01689 6.45277 6.81493 6.12193 4.32862 4.25473 4.20600 3.95467 3.15875 3.02599 3.04685 3.07224 3.09742 3.12252 3.13064 3.11868 3.10668 3.09447 3.08235 3.33560
1.57297 1.69304 1.75945 1.80324 1.77506 1.86118 1.99670 1.95463 1.94554 1.94554 1.94554 1.94579 1.97096 2.01299 2.05474 2.09685 2.13858 2.18057 2.19845 2.19308 1.96445 1.91911 2.34954 0.00000 2.74526 2.74379 2.73860 2.73322 2.72802 2.72266 2.71744 2.70144 2.65962 2.04142 2.76064 4.66537 4.99825 4.99825 4.99825 5.02753 5.45362 5.95230 6.39607 6.78426 7.08996 7.15876 7.10628 7.05471 6.98985 6.48218 4.09640 3.93689 3.78194 3.59499 3.26572 3.02946 3.03385 3.03385 3.03385 3.03385 3.03385 3.03385 3.03385 3.03385 3.03385 3.05090
1.66697 1.61769 1.60630 1.60630 1.60630 1.66618 1.94602 2.01423 2.05626 2.09812 2.14008 2.18175 2.19845 2.19845 2.19845 2.19587 2.17345 2.14691 2.12038 2.09921 1.99334 1.65693 2.27362 2.27362 2.65973 2.67800 2.64215 2.60524 2.56835 2.53144 2.49453 2.46829 2.46723 2.07896 2.21891 4.63976 6.02824 6.46419 6.85576 7.16377 7.18940 7.13692 7.08436 7.04161 7.03760 7.03760 7.02563 6.89933 6.72326 6.43407 3.72662 3.32727 3.32727 3.32727 3.40430 3.03385 3.03385 3.03385 3.03385 3.03385 3.03385 3.03385 3.03385 3.03385 3.03385 3.03385
1.57044 1.72654 1.80727 1.88814 1.96891 2.04965 2.15190 2.19845 2.19845 2.19845 2.19845 2.19763 2.17859 2.15206 2.12552 2.10156 2.09744 2.09744 2.09744 2.09744 2.05531 1.66708 2.24101 2.27362 2.41817 2.46829 2.46723 2.46723 2.46723 2.46268 2.43235 2.39799 2.36363 2.79401 4.29524 5.68637 7.16758 7.11504 7.06255 7.03760 7.03760 7.03760 6.98720 6.83512 6.68023 6.52534 6.38242 6.35378 6.35271 6.22814 4.47822 3.32727 3.32727 3.32727 3.42078 3.10411 3.03385 3.03385 3.03385 3.03385 3.03385 3.03363 3.03103 3.02779 3.02455 3.02131
1.84544 2.07894 2.07894 2.07894 2.07894 2.07894 2.12190 2.19666 2.18373 2.15720 2.13065 2.10494 2.09744 2.09744 2.09744 2.09744 2.09744 2.09744 2.09744 2.10076 2.12540 1.78985 1.96929 2.27362 2.33947 2.43201 2.39764 2.36328 2.32919 2.29945 2.31886 2.41139 2.50849 2.71240 4.58492 5.35931 6.87857 7.03384 6.92593 6.77105 6.61609 6.46114 6.35665 6.35378 6.35378 6.35378 6.35378 6.35378 6.35378 6.25376 5.32890 3.32438 3.32066 3.31742 3.34936 3.23291 3.01427 3.01103 3.00778 3.00454 3.00130 2.99827 2.99763 2.99763 3.00735 3.03550
1.68734 2.07894 2.07894 2.07894 2.06912 2.04282 2.04054 2.09396 2.09744 2.09744 2.09744 2.09744 2.09744 2.09744 2.09744 2.10645 2.13741 2.16937 2.20132 2.22996 2.23468 1.99944 1.74433 2.27362 2.09534 2.29541 2.34184 2.43882 2.53592 2.63298 2.70660 2.71109 2.71109 2.72606 4.25849 4.97005 6.04303 6.40083 6.35378 6.35378 6.35378 6.35378 6.35378 6.35378 6.35378 6.35378 6.35378 6.35378 6.35378 6.28047 6.01626 3.33547 3.29105 3.29105 3.29137 3.33463 2.99763 2.99763 2.99763 2.99971 3.02282 3.05141 3.07994 3.10853 3.12737 3.12782
1.55989 2.01132 2.02143 1.99490 1.97819 1.97794 1.98576 2.06613 2.09744 2.09744 2.09747 2.11487 2.14682 2.17879 2.21074 2.23370 2.23595 2.28035 2.35069 2.42770 2.51209 2.52348 2.23869 2.27362 2.37859 2.65335 2.71109 2.71109 2.71109 2.74503 2.83463 2.92509 3.01546 3.09087 4.00166 4.95597 5.42457 6.35378 6.35378 6.35378 6.35378 6.35378 6.35378 6.35378 6.35378 6.35378 6.35378 6.35378 6.35378 6.30715 6.22137 3.90232 3.29105 3.29105 3.29105 3.37817 3.05496 3.06728 3.09585 3.12236 3.12782 3.12782 3.12778 3.11818 3.10121 3.08422
1.45821 1.79114 1.97794 1.97794 1.97794 1.97794 1.97979 2.06841 2.15624 2.18820 2.22181 2.28218 2.35296 2.42983 2.51482 2.60806 2.70965 2.74530 2.74530 2.74530 2.74530 2.69665 2.29114 2.27362 2.56275 2.74190 2.86089 2.95131 3.04172 3.09816 3.09897 3.09897 3.09897 3.09897 3.45449 5.02127 5.04184 6.34878 6.35378 6.35378 6.35378 6.35378 6.35378 6.35378 6.35049 6.33946 6.32824 6.31362 6.10389 5.76421 5.36903 4.11616 3.18239 3.13707 3.09178 3.12134 3.13979 3.07937 3.07276 3.05369 3.03346 3.01323 2.99300 2.98232 2.97902 2.97576
1.45674 1.63304 1.98436 2.01420 2.04714 2.13036 2.24002 2.36259 2.51294 2.61079 2.71221 2.74530 2.74530 2.74530 2.74530 2.70541 2.61360 2.52184 2.42976 2.33784 2.24575 2.18955 2.00976 2.47346 3.00600 3.03104 3.00296 2.99391 2.98498 2.97588 2.96698 2.95785 2.94898 2.93982 2.93152 4.61658 4.63325 5.85833 6.09875 6.08734 6.07621 6.06484 6.03923 5.79174 5.47234 5.16074 4.83775 4.48885 4.33419 4.29267 4.31775 4.01671 2.98790 2.98792 2.99038 3.00129 3.06966 2.94775 2.93406 2.93285 2.93285 2.93285 2.93285 2.93285 2.93285 2.93285
1.68050 1.83284 2.38131 2.47360 2.55218 2.58042 2.58042 2.59963 2.70255 2.70107 2.60909 2.51717 2.42525 2.33327 2.24124 2.18911 2.18888 2.18888 2.20041 2.24628 2.29447 2.34264 2.25897 2.81856 3.04620 2.96757 2.84327 2.84327 2.83724 2.80644 2.77320 2.73969 2.70624 2.67297 2.64509 3.83183 4.47193 5.26087 5.73472 5.42324 5.11193 4.80015 4.47536 4.35843 4.31650 4.27454 4.24444 4.24314 4.24314 4.24371 4.29860 4.29981 3.07110 3.00426 3.00586 3.00586 3.06161 2.93409 2.93285 2.93285 2.93285 2.93285 2.93285 2.93285 2.93285 2.93285
2.10917 2.10917 2.45387 2.56066 2.50835 2.45549 2.40269 2.34999 2.25297 2.18888 2.18888 2.18888 2.18888 2.18888 2.19494 2.23711 2.28530 2.33347 2.37011 2.37239 2.37239 2.37239 2.32495 2.55674 2.95777 2.88828 2.70549 2.67231 2.64481 2.64214 2.64214 2.64214 2.63756 2.60804 2.57478 2.97191 3.52282 3.50560 4.38265 4.34074 4.29878 4.25748 4.24314 4.24314 4.24314 4.24498 4.24904 4.25310 4.25717 4.26066 4.29860 4.33065 3.41374 3.00586 3.00586 3.00586 3.04721 2.97019 2.93285 2.93285 2.93285 2.93285 2.93285 2.93285 2.93285 2.93285
1.92021 1.88678 2.03590 2.27214 2.27164 2.27164 2.27164 2.27164 2.23142 2.18890 2.19120 2.22792 2.27612 2.32429 2.36641 2.37239 2.37239 2.37239 2.37239 2.37239 2.37239 2.37239 2.35839 2.33873 2.79478 2.79449 2.65205 2.63756 2.60804 2.57478 2.54152 2.50826 2.47957 2.55082 2.74544 2.99380 3.93599 3.86416 4.21704 4.24314 4.24342 4.24668 4.25074 4.25481 4.25888 4.26110 4.26111 4.26111 4.26111 4.26111 4.28452 4.33065 3.77004 3.00586 3.00590 3.00785 3.02210 3.02957 2.94376 2.94673 2.94971 2.95268 2.95565 2.95863 2.96160 2.96457
1.73158 1.80039 1.86005 2.27112 2.27164 2.27164 2.27189 2.29403 2.30579 2.31573 2.36094 2.37239 2.37239 2.37239 2.37239 2.37239 2.37239 2.37239 2.34215 2.26911 2.19573 2.12241 2.06306 2.12960 2.71063 2.66901 2.53714 2.47957 2.47843 2.60589 2.80194 2.99791 3.19413 3.31502 3.31653 3.31653 3.91488 3.94965 4.07970 4.25651 4.26030 4.26111 4.26111 4.26111 4.26111 4.26111 4.26111 4.26111 4.26111 4.26111 4.27042 4.33065 4.12321 3.03520 3.03802 3.03904 3.03904 3.08770 2.96602 2.96602 2.96602 2.96602 2.96840 2.98618 3.00675 3.02731
1.68188 1.80039 1.80039 2.20351 2.32328 2.35942 2.39529 2.40927 2.39778 2.36699 2.37239 2.37239 2.37239 2.37094 2.32116 2.24781 2.17446 2.10110 2.05803 2.05771 2.04805 2.03030 2.01425 1.98892 2.61180 2.81998 2.94873 3.05449 3.24785 3.31653 3.31653 3.31650 3.27405 3.19405 3.11405 3.03409 3.36717 3.80082 3.99972 4.26111 4.26111 4.26111 4.26111 4.26111 4.26111 4.26111 4.26111 4.26111 4.26111 4.26111 4.26132 4.32575 4.32038 3.21143 3.03904 3.03904 3.03904 3.09096 2.99606 2.99776 3.01833 3.03887 3.05705 3.05983 3.05983 3.06136
1.62781 1.85139 1.91739 2.18270 2.40927 2.40927 2.40927 2.40927 2.40826 2.35965 2.29989 2.22654 2.15318 2.08128 2.04762 2.02996 2.01395 1.99952 1.98632 1.97418 1.96862 1.96862 1.96862 1.96704 3.60089 3.63778 3.52572 3.31259 3.25134 3.17137 3.09144 3.01141 2.97393 2.97393 2.97393 2.97393 3.13461 3.78468 3.90960 4.26111 4.26111 4.26111 4.26111 4.26111 4.26111 4.26111 4.26111 4.26111 4.26111 4.26111 4.25946 4.21380 4.08017 3.37588 3.07722 3.11690 3.15658 3.21869 3.16104 3.05890 3.05875 3.07970 3.14903 3.22032 3.29154 3.36123
1.58676 1.79624 1.93802 2.04000 2.40927 2.39258 2.33894 2.28390 2.19970 2.05454 2.01023 1.99922 1.98606 1.97396 1.96862 1.96862 1.96862 1.96862 1.99754 2.10139 2.20941 2.31717 2.42486 2.53288 3.52801 3.42793 3.29859 3.01583 3.00365 3.01056 3.01786 3.02497 3.03244 3.03978 3.04748 3.05507 3.06794 3.88722 4.08593 4.57350 4.63230 4.65888 4.68626 4.71396 4.74250 4.76329 4.65059 4.48813 4.32180 4.17255 4.05227 3.80588 3.67645 3.50586 3.21024 3.21024 3.21086 3.22328 3.34063 3.25664 3.32807 3.37830 3.38023 3.38023 3.38023 3.38023
1.58676 1.67078 1.87622 1.79384 2.04108 1.97605 1.91564 1.85653 1.82662 1.80592 1.92588 1.96862 2.00080 2.10589 2.21391 2.32147 2.42942 2.53737 2.61620 2.62011 2.62011 2.60025 2.55622 2.51212 3.29967 3.20952 3.20952 3.20952 3.20952 3.20952 3.20952 3.21434 3.26390 3.32412 3.38412 3.44460 3.50500 4.19986 4.61762 4.89583 4.98411 4.81221 4.60935 4.40619 4.20594 4.05257 4.05527 4.10838 4.16151 4.19354 4.19384 4.00631 3.72141 3.64390 3.25368 3.25991 3.27481 3.27881 3.49281 3.38813 3.38023 3.38023 3.38023 3.38023 3.38023 3.38023
1.23849 1.17255 1.45621 1.47855 1.69166 1.82662 1.82504 1.81877 1.81219 1.84513 2.34026 2.54193 2.61724 2.62011 2.62011 2.62011 2.62011 2.60739 2.56457 2.52048 2.47636 2.45211 2.45206 2.45206 3.53824 3.21485 3.26470 3.32495 3.38535 3.44576 3.50565 3.56119 3.57207 3.57207 3.57207 3.57816 3.61614 3.88237 4.11728 4.13241 4.00468 4.02491 4.07804 4.13114 4.18154 4.19384 4.19384 4.19397 4.20653 4.22724 4.24793 4.18887 3.78549 3.76552 3.35834 3.27881 3.27881 3.27881 3.39793 3.45313 3.38023 3.38023 3.38023 3.38023 3.38023 3.38023
1.12638 1.12052 1.33719 1.45861 1.56008 1.79351 1.78851 1.78820 1.78820 1.78916 2.40648 2.62011 2.62011 2.61295 2.57292 2.52883 2.48471 2.45334 2.45206 2.45206 2.45206 2.45206 2.45206 2.45206 3.94151 3.56192 3.57207 3.57207 3.57207 3.57207 3.57839 3.61657 3.65915 3.70156 3.74389 3.78045 3.83137 3.91793 4.01818 4.22419 4.20262 4.19384 4.19384 4.19672 4.21511 4.23584 4.25654 4.27711 4.28527 4.28527 4.28527 4.28427 3.81567 3.78620 3.46576 3.27881 3.27881 3.27881 3.29935 3.51312 3.34640 3.32070 3.29501 3.26938 3.24368 3.21801
1.08961 1.08888 1.19958 1.44013 1.45481 1.77656 1.78820 1.78820 1.78820 1.78501 2.15444 2.52776 2.49308 2.45613 2.45206 2.45206 2.45206 2.45206 2.45206 2.45206 2.45205 2.44973 2.44569 2.44165 4.17739 3.58131 3.61699 3.65957 3.70216 3.74457 3.78057 3.78944 3.85539 3.94075 4.02614 4.11147 4.15055 4.15055 4.16325 4.21976 4.34158 4.24442 4.26513 4.28296 4.28527 4.28527 4.28527 4.28527 4.28527 4.28527 4.28527 4.28527 3.89773 3.78620 3.49913 3.08715 3.06151 3.03583 3.01013 3.22620 3.09424 3.09403 3.09403 3.09403 3.09532 3.09136
1.08888 1.08888 1.10209 1.42521 1.44013 1.68543 1.75772 1.71364 1.66951 1.62861 1.84858 2.39562 2.45206 2.45206 2.45206 2.45206 2.45180 2.44857 2.44453 2.44049 2.43646 2.43474 2.43474 2.43865 4.48538 3.89155 3.78498 3.80062 3.87937 3.96480 4.05012 4.13110 4.15055 4.15055 4.15107 4.16727 4.19076 4.21425 4.24588 4.27489 4.44064 4.28527 4.28527 4.28527 4.28527 4.28527 4.28527 4.28527 4.28527 4.28527 4.28527 4.28527 3.98988 3.78620 3.58444 3.03256 2.99262 2.99262 2.99262 3.15467 3.14641 3.07255 3.02020 2.97196 2.92545 2.88021
1.08888 1.08888 1.08501 1.27839 1.32980 1.42760 1.62015 1.62015 1.62015 1.62015 1.67861 2.34198 2.45121 2.44742 2.44338 2.43934 2.43556 2.43903 2.45023 2.46151 2.47275 2.48402 2.49531 2.50265 4.69639 4.30593 4.07418 4.14393 4.15055 4.15055 4.15349 4.17405 4.19753 4.22103 4.24399 4.25128 4.25128 4.25128 4.25488 4.26751 4.45572 4.28527 4.28527 4.28527 4.28527 4.28527 4.28527 4.28527 4.28527 4.28527 4.28527 4.28527 4.09329 3.78612 3.70382 3.12653 3.01163 2.94748 2.88156 2.85702 2.95746 2.87552 2.87552 2.87743 2.87083 2.84651
1.07081 1.06249 1.05806 1.13474 1.27209 1.30940 1.61887 1.62015 1.61839 1.61435 1.61032 2.17886 2.45095 2.46197 2.47321 2.48449 2.49578 2.50272 2.50281 2.50281 2.50281 2.49992 2.48207 2.46198 5.02589 4.73188 4.15785 4.18084 4.20431 4.22781 4.24834 4.25128 4.25128 4.25128 4.25128 4.25128 4.25128 4.25128 4.25147 4.26635 4.36946 4.40630 4.28527 4.28527 4.28527 4.28527 4.28527 4.28527 4.28454 4.27185 4.25497 4.23808 4.10049 3.71990 3.62346 3.06763 2.84301 2.84076 2.84514 2.85298 3.05290 2.96680 2.94217 2.91561 2.89761 2.89736
1.05805 1.05805 1.05805 1.07154 1.26189 1.26927 1.59175 1.70365 1.74574 1.79011 1.83451 2.21371 2.50291 2.50281 2.50281 2.49955 2.48139 2.46131 2.44134 2.42122 2.40126 2.38404 2.38191 2.38398 5.10648 5.09440 4.27192 4.25128 4.25128 4.25128 4.25128 4.25128 4.25128 4.25128 4.25169 4.26460 4.28333 4.30190 4.32063 4.35005 4.38942 4.55180 4.28527 4.28335 4.26881 4.25190 4.23504 4.20604 4.08166 3.94832 3.81929 3.69014 3.62675 3.49432 3.48513 3.18334 2.92081 2.95848 2.99844 3.03504 3.02785 2.90589 2.89736 2.89736 2.89736 2.89736
1.09769 1.13340 1.16912 1.20497 1.40169 1.49316 1.67888 1.86172 1.86172 1.86383 1.87702 2.05428 2.44092 2.42060 2.40056 2.38377 2.38191 2.38191 2.38191 2.38197 2.42508 2.50476 2.58450 2.66218 5.16021 5.16021 4.44334 4.25128 4.25173 4.26478 4.28343 4.30207 4.32083 4.33956 4.35789 4.36374 4.36374 4.36374 4.36285 4.36113 4.35280 4.55741 4.21510 4.15286 4.02282 3.89374 3.76465 3.64766 3.62688 3.62688 3.62903 3.67718 3.74384 3.66613 3.67284 3.47846 3.08492 3.04192 3.04192 3.04192 3.03612 2.94013 2.89736 2.89736 2.89736 2.89736
