High_resolution/powerplant/Chizhou/OMI_NO2_2006_06-08.asc
ncols      200
nrows      200
xllcorner       115.585
yllcorner       28.7700
cellsize     0.0166667
NODATA_Value      -999.000
[rows 87 to 115 of 200, columns 132 to 197 of 200]
2.79820 2.66687 2.47131 2.32118 2.26080 2.30368 2.31362 2.11088 2.20202 2.22969 2.27437 2.26302 2.24474 2.24999 2.12623 1.91989 1.89927 1.92838 1.98807 2.00921 1.94287 1.90352 1.86856 1.84400 1.83639 1.81204 1.75523 1.65394 1.64119 1.67579 1.64468 1.61641 1.59530 1.57546 1.54695 1.49363 1.43881 1.52762 1.51212 1.40971 1.37127 1.42324 1.49765 1.59493 1.60728 1.66888 1.70191 1.72597 1.74774 1.77095 1.79108 1.90822 1.99694 2.01284 2.13444 2.20385 2.33350 2.35489 2.39152 2.39152 2.35434 2.35434 2.38156 2.33118 2.26236 2.29306
2.47338 2.47309 2.41364 2.33564 2.24690 2.27145 2.31505 2.11953 2.14611 2.18950 2.21879 2.19897 2.15971 2.16183 2.13391 1.87807 1.89334 1.91576 1.99901 1.91264 1.89070 1.84243 1.79351 1.68264 1.66006 1.61688 1.54966 1.58259 1.60350 1.64854 1.60215 1.58292 1.58698 1.58983 1.55387 1.52532 1.46818 1.55934 1.60133 1.53448 1.45041 1.41410 1.59981 1.74931 1.82828 1.91871 1.93060 1.92368 1.93288 1.93288 1.94392 2.05163 2.11550 2.11550 2.17353 2.25834 2.31516 2.34067 2.37646 2.37962 2.36416 2.34603 2.35529 2.29628 2.24226 2.26409
2.50562 2.50562 2.44085 2.40854 2.28609 2.30174 2.35571 2.16859 2.13792 2.25240 2.32083 2.39020 2.42478 2.48358 2.51204 2.15738 2.10191 2.04949 2.04539 1.92978 1.84567 1.75161 1.69418 1.51648 1.56160 1.54232 1.51974 1.58942 1.67789 1.72351 1.68885 1.67949 1.68565 1.69287 1.68795 1.68169 1.60105 1.58343 1.58917 1.56271 1.43723 1.38435 1.52355 1.73797 1.87734 1.93432 1.95379 1.94441 1.96473 1.96473 1.97766 2.02884 2.09465 2.09465 2.10826 2.19713 2.20436 2.22437 2.24265 2.25167 2.25505 2.24437 2.23436 2.18723 2.11469 1.96746
2.53251 2.53195 2.44476 2.40932 2.37266 2.33591 2.35950 2.27714 2.18097 2.28067 2.29486 2.34198 2.17951 2.09485 2.05708 1.88929 1.87196 1.87784 1.90410 1.91159 1.81038 1.67201 1.64908 1.53706 1.57234 1.59663 1.58446 1.62069 1.73760 1.77555 1.75608 1.75231 1.73533 1.71750 1.67771 1.66041 1.59818 1.54487 1.60148 1.58784 1.43480 1.36345 1.42308 1.66413 1.82980 1.88654 1.92917 1.91943 1.93155 1.93882 1.94305 1.95291 2.00034 1.96907 1.93112 2.03237 2.05043 2.09460 2.13008 2.18843 2.13816 2.02635 1.93991 1.89415 1.83063 1.76011
2.30278 2.25175 2.14915 2.14779 2.16121 2.19567 2.22263 2.21621 2.16129 2.23034 2.31947 2.37943 2.24035 2.10026 2.07720 1.97229 1.89487 1.91183 1.85852 1.90138 1.85298 1.67282 1.65115 1.58155 1.55570 1.60389 1.59230 1.58553 1.71494 1.72004 1.64378 1.61972 1.61249 1.60564 1.56784 1.56515 1.51970 1.40932 1.48275 1.48967 1.44651 1.37846 1.40657 1.63068 1.86174 1.93518 1.99934 1.98215 1.97746 1.99693 1.99233 2.02397 1.97032 1.95336 1.95543 2.05704 2.07054 2.00642 1.89817 1.83063 1.70397 1.67508 1.70110 1.76628 1.79052 1.77013
2.13144 2.17736 2.13452 2.12423 2.16088 2.22541 2.23951 2.23895 2.17704 2.15954 2.20004 2.25954 2.18737 1.91229 1.88618 1.83620 1.79501 1.82191 1.76172 1.78835 1.64817 1.62919 1.59189 1.52106 1.41847 1.48450 1.47329 1.46189 1.52977 1.55363 1.52567 1.52567 1.52567 1.52567 1.50821 1.50821 1.49418 1.40907 1.42944 1.43300 1.48003 1.46724 1.45522 1.56592 1.83181 1.92464 1.97409 1.98616 1.96367 1.98708 1.96267 1.98704 1.88287 1.73908 1.60546 1.50644 1.59630 1.62096 1.64254 1.73904 1.72698 1.76093 1.84512 1.75663 1.68438 1.58889
1.64084 1.58973 1.61115 1.62219 1.73621 2.01220 2.00926 1.88459 1.67253 1.58130 1.71116 1.76584 1.75085 1.44261 1.41815 1.43870 1.47776 1.51871 1.51237 1.50045 1.44904 1.45863 1.49903 1.44316 1.27991 1.43309 1.44059 1.45221 1.50767 1.58541 1.56766 1.56766 1.55542 1.55501 1.53869 1.53811 1.53674 1.49439 1.50319 1.46854 1.45123 1.39695 1.43709 1.46424 1.74386 1.93284 1.96192 2.00271 1.92076 1.78490 1.63286 1.39185 1.30618 1.15683 1.12674 1.15185 1.36333 1.44852 1.49992 1.54587 1.51540 1.48904 1.53686 1.47137 1.31987 1.29736
1.65933 1.61403 1.61959 1.61516 1.61892 1.95534 1.96858 1.83625 1.67006 1.59708 1.71828 1.76910 1.75459 1.53834 1.44927 1.45809 1.62897 1.67129 1.71632 1.65438 1.54397 1.46240 1.41738 1.42811 1.28386 1.40081 1.43308 1.43972 1.46114 1.56337 1.54443 1.54086 1.52681 1.51976 1.49909 1.49126 1.48343 1.44892 1.43036 1.37375 1.35091 1.35156 1.38726 1.36131 1.57796 1.88718 1.92011 1.44556 1.33758 1.18999 1.22637 1.22238 1.28695 1.23820 1.21055 1.21025 1.27813 1.37823 1.45087 1.47971 1.48822 1.47802 1.52471 1.50319 1.37899 1.37655
1.53746 1.57283 1.59449 1.59667 1.59886 1.79029 1.85783 1.71989 1.60696 1.50749 1.63767 1.68938 1.83036 1.74414 1.61596 1.66209 1.75801 1.79568 1.81524 1.73185 1.53493 1.40889 1.26503 1.30868 1.21890 1.29247 1.39935 1.41985 1.42549 1.42941 1.40367 1.38464 1.36392 1.35341 1.34350 1.33561 1.32775 1.29377 1.24090 1.21426 1.22032 1.32029 1.40151 1.39848 1.44980 1.60621 1.65369 1.38340 1.30892 1.24841 1.28882 1.25994 1.28939 1.24607 1.18534 1.18534 1.20178 1.35357 1.41583 1.45797 1.47035 1.45735 1.50694 1.48478 1.38542 1.33178
1.81275 1.80932 1.81035 1.81035 1.81035 1.87191 2.01967 1.81878 1.87694 1.76955 1.76762 1.75060 1.73453 1.70092 1.53764 1.49497 1.50396 1.49575 1.45908 1.39938 1.25664 1.12647 1.04549 1.19875 1.24351 1.34220 1.32131 1.30062 1.30126 1.28740 1.29147 1.28742 1.28762 1.28402 1.28035 1.27657 1.27818 1.28773 1.24016 1.25849 1.32940 1.34130 1.37734 1.36659 1.35089 1.44454 1.59498 1.45279 1.27383 1.21367 1.23502 1.21367 1.23502 1.21525 1.14973 1.14973 1.12725 1.28619 1.33072 1.38758 1.43214 1.41854 1.47224 1.46519 1.39527 1.28065
1.81036 1.80613 1.80802 1.80765 1.81003 1.62463 1.48194 1.40646 1.45880 1.38363 1.42594 1.32180 1.31452 1.27420 1.12794 1.10152 1.12302 1.20805 1.41706 1.45116 1.35301 1.13636 1.11630 1.16216 1.19980 1.28012 1.24979 1.22211 1.24086 1.18926 1.22317 1.24296 1.25833 1.27540 1.29049 1.29674 1.29449 1.26748 1.22578 1.20391 1.27582 1.26195 1.31193 1.34999 1.34727 1.35925 1.58634 1.52011 1.29662 1.23970 1.25994 1.25994 1.28308 1.27925 1.19085 1.20362 1.21076 1.33574 1.39458 1.50423 1.59027 1.58694 1.64794 1.67064 1.70999 1.79281
1.74465 1.74849 1.77834 1.77813 1.76165 1.54919 1.12826 0.986925 0.929163 1.01965 1.12696 1.18742 1.16358 1.16828 1.13437 1.09191 1.04102 1.04665 1.10662 1.18172 1.14085 0.995865 0.973784 0.996494 1.10563 1.17342 1.16603 1.14408 1.18732 1.16325 1.20229 1.24213 1.24173 1.20261 1.16462 1.14644 1.12775 1.11602 1.11289 1.13217 1.21403 1.22701 1.32734 1.37894 1.38425 1.37404 1.65102 1.61865 1.44353 1.34394 1.38120 1.39577 1.43825 1.45320 1.43006 1.43265 1.43425 1.45160 1.51328 1.62202 1.76479 1.85854 1.98948 2.07257 2.14221 2.19304
1.32788 1.21473 1.09893 1.08463 1.08463 1.13327 0.927617 0.895129 0.923997 0.990562 1.08723 1.07624 0.984627 0.950406 0.843942 0.816791 0.816216 0.839655 0.866177 1.09645 1.07878 0.964088 0.936359 0.936067 1.08674 1.16837 1.19369 1.19405 1.24540 1.13582 1.11425 1.12250 1.11958 1.11141 1.10837 1.10768 1.10768 1.08966 1.07405 1.09688 1.16591 1.17825 1.37277 1.43388 1.46561 1.45667 1.63279 1.67009 1.62026 1.49839 1.52963 1.52963 1.52963 1.52963 1.49761 1.54047 1.54978 1.58787 1.76199 1.91717 2.12174 2.16385 2.13831 2.11026 2.08674 2.10787
1.01849 1.12218 1.09966 1.08164 1.06709 1.07937 0.976392 0.887369 0.856035 0.896009 0.948256 0.991687 0.897995 0.897995 0.838127 0.812177 0.812177 0.793016 0.793016 1.00466 1.04443 0.919774 0.830451 0.816044 0.968094 1.17649 1.21834 0.993472 1.02807 1.02739 1.02989 1.07944 1.10252 1.10252 1.10252 1.10223 1.09235 1.05584 1.01629 1.07719 1.28145 1.28898 1.48721 1.53850 1.55959 1.55084 1.53970 1.61003 1.58869 1.38972 1.41932 1.44124 1.47570 1.53888 1.60368 1.67547 1.73300 1.75868 1.75785 1.81081 2.07614 2.09463 2.10473 2.10081 2.09547 2.09018
0.856811 0.939571 0.915347 0.850046 0.787554 0.751011 0.772118 0.720950 0.727803 0.791311 0.811949 0.889127 0.796246 0.795963 0.815703 0.776802 0.790572 0.923314 1.07128 1.07654 0.837089 0.778925 0.775978 0.919695 1.13235 1.32981 1.37630 0.995449 1.02739 1.02637 1.01525 1.04060 1.05556 1.03644 1.01434 0.994752 1.01025 1.00943 1.01721 1.09963 1.36603 1.32454 1.46278 1.55371 1.58929 1.58218 1.55878 1.61176 1.58578 1.56592 1.67849 1.74681 1.80815 1.83235 1.82805 1.79086 1.78593 1.77993 1.72520 1.77541 2.00871 2.06442 2.06244 2.06244 2.06244 2.06244
0.806772 0.761282 0.742856 0.742103 0.788716 0.782322 0.821288 0.761568 0.753418 0.804505 0.826161 0.914480 0.886359 1.02973 1.14835 1.15338 1.24922 1.33193 1.35313 1.33731 0.895433 0.917427 0.970042 1.05395 1.19078 1.32185 1.38455 1.05258 0.963259 0.948977 0.939724 0.973608 1.02366 1.03661 1.05174 1.06219 1.05166 1.01924 0.986859 1.00937 1.28484 1.23894 1.34088 1.44969 1.49223 1.41773 1.39964 1.54976 1.69333 1.74703 1.86586 1.87831 1.88945 1.90466 1.91088 1.89402 1.86866 1.86724 1.79989 1.80775 1.92140 2.06898 2.06244 2.06244 2.06244 2.06244
0.746815 0.639374 0.631653 0.630218 0.672734 0.652998 0.718525 0.698518 0.786983 1.00382 1.19713 1.39016 1.44017 1.41537 1.41284 1.34213 1.37303 1.45746 1.50931 1.55264 1.13710 1.03741 1.09564 1.12958 1.22546 1.19116 1.16095 0.952631 0.802465 0.843410 0.872911 0.896979 0.923700 0.923700 0.923700 0.923700 0.923700 0.906461 0.890946 0.903067 1.05260 1.00133 1.06342 1.32707 1.41798 1.41371 1.45096 1.59034 1.69647 1.68680 1.91984 1.92000 1.91371 1.91371 1.90826 1.90366 1.85411 1.85411 1.80272 1.79677 1.85029 2.08719 2.07862 2.07862 2.07864 2.07917
0.757190 0.671188 0.629669 0.638572 0.893317 1.07729 1.29551 1.42693 1.51291 1.51296 1.57244 1.65414 1.66498 1.66595 1.69904 1.65775 1.64217 1.69047 1.63460 1.62671 1.36919 1.03444 1.06759 1.09395 1.19734 1.19047 1.10497 0.966222 0.786879 0.798640 0.803802 0.811623 0.827101 0.827090 0.827090 0.806579 0.752721 0.693811 0.644159 0.619881 0.737030 0.796307 0.924411 1.38970 1.47567 1.49157 1.50160 1.61386 1.72334 1.73030 1.90533 1.93383 1.92704 1.92704 1.92110 1.92842 1.85773 1.88842 1.88054 1.87866 1.91495 2.09627 2.12554 2.12781 2.13068 2.12730
1.24479 1.50575 1.44506 1.60837 1.64517 1.55467 1.59613 1.67378 1.75928 1.79375 1.85014 1.85599 1.82534 1.77626 1.76353 1.71786 1.68164 1.72297 1.69511 1.74310 1.68442 1.28967 1.38428 1.32179 1.43172 1.40396 1.19660 1.01060 0.862496 0.824893 0.824893 0.809775 0.752553 0.699241 0.647448 0.614767 0.611477 0.605528 0.598571 0.589488 0.610479 0.755948 0.839821 1.33915 1.43723 1.48463 1.48366 1.59729 1.70446 1.72783 1.85048 1.93712 1.94988 1.97301 1.99615 2.01844 1.94833 1.92237 1.88961 1.83912 1.84464 1.94220 1.99176 1.91744 1.84486 1.77794
1.68471 1.92893 1.61849 1.64978 1.72286 1.72403 1.74718 1.84246 2.00599 1.98318 1.97496 1.91311 1.89770 1.87706 1.89315 1.89319 1.94884 2.02483 1.92326 1.92339 1.93864 1.44963 1.53412 1.40471 1.46527 1.47333 1.26600 1.05056 0.884380 0.721274 0.661279 0.617234 0.607035 0.597517 0.588211 0.577480 0.575347 0.576338 0.575347 0.575343 0.583656 0.903649 0.998315 1.27743 1.41018 1.47892 1.47860 1.60667 1.75762 1.83766 1.88842 2.01508 2.02623 2.02623 2.02623 2.01826 1.94812 1.88515 1.85655 1.76039 1.70065 1.58804 1.78624 1.77655 1.77655 0.634326
1.74278 2.03921 1.77778 1.70999 1.74680 1.75773 1.75767 1.80236 1.97597 2.00420 2.10848 2.03927 2.04052 2.04644 1.97017 1.94415 1.99970 2.03046 1.92374 1.96409 1.92374 1.67547 1.61316 1.49046 1.54008 1.55624 1.36078 0.941864 0.788179 0.597120 0.581867 0.568882 0.566517 0.561824 0.561824 0.563459 0.563459 0.564946 0.563459 0.562204 0.569395 0.802085 0.993946 1.25156 1.49036 1.60228 1.65926 1.76090 1.84091 1.87939 1.88171 2.00913 2.03544 2.03227 2.00563 1.96479 1.89870 1.71453 1.71738 1.71098 1.56486 1.30891 1.30810 0.585199 0.595300 0.606385
1.62062 2.05097 1.93569 1.74785 1.70789 1.74992 1.78833 1.86192 2.05955 2.20721 2.30025 2.19354 2.13247 2.11755 2.03873 2.00976 2.06281 2.06939 1.97724 1.99763 1.86357 1.70124 1.69316 1.57959 1.56188 1.55698 1.43037 0.707594 0.586359 0.568672 0.568672 0.568672 0.567924 0.561824 0.561824 0.563459 0.563459 0.564946 0.593038 0.640812 0.691986 0.862724 1.13511 1.27086 1.58491 1.68633 1.72656 1.79206 1.88772 1.91702 1.93942 1.97360 1.96824 1.94954 1.97448 1.98691 2.04080 1.95042 1.97280 1.96695 1.89069 1.50657 1.52357 0.878282 0.886357 0.894347
1.55170 1.92363 2.04070 1.80363 1.80835 1.87388 1.89456 1.92106 1.99806 2.22479 2.30212 2.23060 2.14217 2.13301 2.06058 2.01258 1.94937 1.81953 1.65362 1.62283 1.63129 1.64502 1.77291 1.05943 0.946903 0.885553 0.842616 0.762857 0.592278 0.566996 0.568736 0.569240 0.569743 0.570696 0.632240 0.729278 0.830839 0.920568 0.971634 0.930261 0.994541 1.05314 1.35675 1.43100 1.77836 1.80222 1.78242 1.86669 1.96861 2.03869 2.09080 2.09212 2.09294 2.11340 2.11299 2.09543 2.12740 2.02060 1.99459 1.98851 1.98875 1.50759 1.47787 0.739241 0.740378 0.740378
1.53481 1.79246 2.04554 1.84599 1.79338 1.80969 1.87799 1.91249 1.91269 2.23344 2.29570 2.20074 1.98152 1.88177 1.74510 1.62736 1.68156 1.65068 1.61135 1.25030 1.25094 1.25073 1.08815 1.13180 0.965305 0.742600 0.650795 0.760742 0.658195 0.634840 0.736865 0.833383 0.929994 1.05146 1.11334 1.14046 1.14478 1.12690 1.18609 1.22493 1.30601 1.34019 1.60888 1.73078 1.84504 1.89962 1.88851 1.95749 2.07882 2.08785 2.10872 2.10781 2.07350 2.07065 2.08988 2.08988 2.12638 2.05104 1.98963 1.97798 1.99674 1.65524 1.42505 1.47724 0.615586 0.615586
1.54928 1.72451 2.10156 1.97006 1.82577 1.81758 1.89511 1.84174 1.72720 1.80023 1.82918 1.76424 1.66063 1.67170 1.18633 1.24164 1.18684 1.21879 1.25022 1.20879 1.19369 1.18254 1.03548 1.07603 0.946890 0.774264 0.761824 1.24416 1.07696 1.14677 1.24193 1.27735 1.31103 1.36432 1.42564 1.44430 1.46281 1.48479 1.52520 1.59509 1.65251 1.76500 1.97607 2.10503 2.03749 1.94564 1.88678 1.91897 2.01224 2.03283 2.05459 2.05459 2.01896 2.00018 2.02130 2.01986 2.03954 2.06412 1.97748 1.97961 1.99709 1.84600 1.46006 1.50290 0.662939 0.718184
1.25985 1.30452 1.62722 1.58925 1.40498 1.32444 1.22492 1.23469 1.20877 1.21551 1.05095 1.05316 1.01604 0.991959 1.01011 1.05099 0.985151 1.14313 1.22333 1.18087 1.16574 1.16702 1.07267 1.16584 1.17941 1.15351 1.11316 1.72040 1.56630 1.39952 1.46859 1.47303 1.47303 1.47303 1.48762 1.52456 1.59435 1.73256 1.79925 1.80388 1.73769 1.74806 1.87796 2.06173 2.05253 1.96859 1.91443 1.92209 2.00077 2.05337 2.07036 2.07036 2.04223 2.00531 2.02453 2.00065 1.95899 1.94799 1.99408 2.00360 2.01397 1.98808 1.52269 1.55149 0.723355 0.789599
1.30289 1.39013 1.32915 1.25857 1.20202 1.19616 1.08204 1.28986 1.26929 1.24370 1.22983 1.23161 1.02647 1.01116 1.04091 1.05539 0.990148 1.15966 1.30686 1.29409 1.23492 1.24359 1.18386 1.27318 1.25215 1.16837 1.07591 1.79672 1.66170 1.45100 1.48164 1.53078 1.59836 1.69681 1.73031 1.71566 1.74650 1.81331 1.82354 1.80836 1.75461 1.72097 1.73184 2.09424 2.11979 2.04333 1.99786 1.95665 2.00095 2.04012 2.00276 1.95468 1.90670 1.80138 1.74828 1.70127 1.68132 1.74192 1.93213 2.02303 2.02688 2.05977 1.65999 1.53581 0.677324 0.637449
1.27286 1.37247 1.33992 1.21699 1.25528 1.28723 1.29238 1.31251 1.28289 1.26007 1.21768 1.21942 0.976389 0.964111 1.00963 1.04248 0.974838 1.13541 1.38204 1.32879 1.24384 1.25973 1.19695 1.25063 1.25942 1.19399 1.11523 1.09206 1.79661 1.71724 1.75070 1.75162 1.75162 1.73517 1.70676 1.69441 1.72029 1.78074 1.78999 1.78537 1.73417 1.70015 1.74029 2.06546 2.07257 1.92135 1.81706 1.71777 1.67726 1.74726 1.74576 1.74576 1.74316 1.69495 1.68207 1.68132 1.68356 1.74625 1.86495 2.06110 2.07331 2.02937 1.79244 1.45345 1.46028 0.588415
1.27407 1.37751 1.37532 1.20438 1.26994 1.28976 1.27691 1.29468 1.25579 1.25085 1.21691 1.22161 1.23270 0.917316 0.927217 0.961522 0.916200 1.01938 1.26551 1.22933 1.15547 1.20247 1.15716 1.24604 1.23870 1.25187 1.17122 1.03458 1.85047 1.84425 1.77935 1.79378 1.79378 1.79378 1.76004 1.74538 1.81765 1.91634 1.93376 1.98069 1.98335 1.98867 2.07588 2.01058 1.92509 1.81993 1.71068 1.65915 1.65543 1.74253 1.74591 1.74712 1.74580 1.72334 1.70846 1.72917 1.73533 1.73025 1.68785 1.78347 1.69416 1.70099 1.71825 1.55757 1.56284 0.849054
