High_resolution/powerplant/Chizhou/OMI_NO2_200505.asc
ncols      200
nrows      200
xllcorner       115.585
yllcorner       28.7700
cellsize     0.0166667
NODATA_Value      -999.000
[rows 145 to 173 of 200, columns 67 to 133 of 200]
1.96358 1.69034 1.69034 1.69034 1.69034 1.69034 1.69034 1.69034 1.69034 1.69034 1.69034 1.69034 1.69034 1.80766 2.69448 2.76451 3.06865 3.13746 3.14415 3.15063 3.15763 3.16090 3.16090 3.16090 3.16090 3.16090 3.16090 3.16090 3.16090 3.16090 3.16090 3.16090 3.16090 3.15298 3.06630 3.06614 3.04326 2.99093 2.99093 2.97291 2.82499 2.68848 2.57491 2.47462 2.45969 2.45969 2.45969 2.43254 2.36618 2.28789 2.19432 2.09028 2.06731 2.06731 2.09439 2.19450 2.19450 2.19450 2.19450 2.19450 2.19450 2.19450 2.19450 2.27190 2.34314 2.34314 2.34314
2.16011 1.69034 1.69034 1.69034 1.69034 1.69026 1.67126 1.63778 1.60870 1.73378 1.90422 2.04426 2.16148 2.21816 2.68661 2.83131 3.03021 3.18789 3.16090 3.16090 3.16090 3.16090 3.16090 3.16090 3.16090 3.16090 3.16090 3.16090 3.16090 3.16090 3.16090 3.16090 3.16090 3.16090 3.07897 3.05411 2.92484 2.70052 2.54332 2.40682 2.39161 2.45860 2.45200 2.39679 2.32405 2.23779 2.13358 2.06743 2.06731 2.06731 2.06731 2.06731 2.06731 2.06731 2.07067 2.19105 2.19450 2.19450 2.19450 2.19450 2.19450 2.19450 2.19450 2.22616 2.34314 2.34314 2.33852
2.14717 1.59163 1.55822 1.52476 1.51987 1.69200 1.87733 2.04112 2.17666 2.21760 2.21760 2.21760 2.21760 2.21760 2.55601 2.81448 2.90764 3.20215 3.16090 3.16090 3.16090 3.16090 3.16090 3.16090 3.16090 3.16090 3.16090 3.16090 3.16090 3.16090 3.16090 3.15364 3.03643 2.88166 2.66586 2.48977 2.46134 2.40785 2.34853 2.27449 2.18715 2.15690 2.08230 2.06731 2.06731 2.06731 2.06731 2.06731 2.06731 2.06731 2.06731 2.06731 2.06731 2.06731 2.06731 2.16716 2.19450 2.19450 2.18680 2.17004 2.15315 2.13646 2.11397 2.05900 2.07265 1.93252 1.74237
1.69401 1.75771 1.92624 2.08201 2.20028 2.21760 2.21760 2.21760 2.21760 2.21760 2.21760 2.21760 2.21760 2.21760 2.42545 2.80847 2.87638 3.14859 3.16099 3.16090 3.16090 3.16090 3.16090 3.16090 3.16090 3.16090 3.16090 3.15727 3.05016 2.89551 2.74080 2.59347 2.55609 2.55504 2.50718 2.44468 2.43636 2.28784 1.95698 1.95910 1.98268 2.06018 2.15167 2.18097 2.21038 2.23952 2.26898 2.29818 2.32759 2.35678 2.38619 2.41544 2.44479 2.47404 2.50345 2.17084 1.87337 1.85669 1.83500 1.76079 1.65422 1.50484 1.32438 1.30007 1.30007 1.30007 1.30007
2.33604 2.26314 2.21760 2.21760 2.21760 2.21760 2.21760 2.21760 2.21760 2.21760 2.21760 2.21760 2.21760 2.21760 2.29494 2.80847 2.85120 3.05040 3.17814 3.16090 3.16090 3.16090 3.16090 3.15093 3.03466 2.85929 2.68393 2.51238 2.44429 2.42021 2.39134 2.36223 2.33330 2.30548 2.35536 2.69744 2.71676 2.71111 2.45461 2.48129 2.48685 2.50063 2.59699 2.59719 2.59719 2.59719 2.59719 2.59719 2.59719 2.59719 2.59719 2.59719 2.59719 2.59719 2.60232 2.31922 1.65039 1.49938 1.32112 1.30007 1.30007 1.30007 1.30007 1.30007 1.30007 1.30007 1.30007
2.33962 2.29418 2.21760 2.21760 2.21760 2.21760 2.21760 2.21800 2.24282 2.28216 2.32156 2.36090 2.40030 2.43964 2.47962 2.64675 2.61194 2.60600 2.96158 2.90502 2.80142 2.62616 2.45089 2.28552 2.22620 2.21971 2.21140 2.20309 2.19477 2.18999 2.18996 2.18996 2.18996 2.18996 2.20407 2.76006 2.77787 2.77787 2.55887 2.48685 2.48685 2.48685 2.57630 2.59719 2.59719 2.59719 2.59719 2.59719 2.59719 2.59719 2.60284 2.63130 2.67139 2.72774 2.79265 2.58502 1.30007 1.30007 1.30007 1.30007 1.30007 1.30007 1.30007 1.30007 1.30007 1.30007 1.30007
2.61915 2.64420 2.57595 2.61538 2.65467 2.69406 2.73340 2.77240 2.78692 2.78692 2.78692 2.78692 2.78692 2.78692 2.78692 2.57473 2.47764 2.42853 2.50645 2.29810 2.22432 2.21625 2.20794 2.19963 2.19178 2.18996 2.18996 2.18996 2.18996 2.18996 2.18996 2.18996 2.18996 2.18996 2.18996 2.64677 2.77787 2.77787 2.65452 2.48685 2.48685 2.48685 2.54182 2.59719 2.59719 2.59719 2.60338 2.63234 2.67282 2.72980 2.79371 2.79925 2.79925 2.79925 2.88122 3.31713 2.71359 2.21172 1.30007 1.30007 1.30007 1.30007 1.30007 1.30007 1.30007 1.30007 1.30007
2.90894 2.90894 2.80357 2.78692 2.78692 2.78692 2.78692 2.78692 2.78692 2.78692 2.78692 2.78692 2.78252 2.76722 2.75352 2.62883 2.45073 2.28329 2.08926 2.16276 2.19021 2.18996 2.18996 2.18996 2.18996 2.18996 2.18996 2.18996 2.18996 2.18996 2.18996 2.18996 2.18996 2.18996 2.18996 2.51954 2.77787 2.77787 2.72977 2.48685 2.48685 2.48685 2.47471 2.63339 2.67425 2.73189 2.79469 2.79925 2.79925 2.80067 3.11764 3.53127 3.82865 4.05276 4.20659 4.22493 3.68950 3.06485 1.30007 1.30007 1.30007 1.30007 1.30007 1.30007 1.30007 1.30007 1.30007
2.90894 2.90894 2.83465 2.78692 2.78692 2.78692 2.78692 2.78692 2.78453 2.76853 2.74605 2.71945 2.63014 2.52880 2.42754 2.26954 2.04782 1.98546 1.91943 2.04379 2.18996 2.18996 2.18996 2.18996 2.18996 2.18996 2.18996 2.18996 2.18996 2.18996 2.18996 2.18996 2.18996 2.18996 2.18996 2.39220 2.77787 2.77787 2.75508 2.35004 2.15467 1.99865 1.88236 2.59240 2.79925 2.91706 3.36495 3.70681 3.96001 4.15438 4.22493 4.22493 4.22493 4.22493 4.22493 4.22493 3.85001 3.42036 1.41032 1.30007 1.30007 1.30007 1.30007 1.30007 1.30007 1.30007 1.30007
2.90894 2.90894 2.85519 2.77118 2.75918 2.73747 2.71603 2.67692 2.57530 2.47537 2.38168 2.29488 2.27586 2.27586 2.27586 2.26613 2.04865 2.01320 1.93007 1.95775 2.18996 2.18996 2.18996 2.18996 2.18996 2.18996 2.18996 2.18996 2.18996 2.18996 2.18996 2.18996 2.18996 2.18996 2.17426 2.15566 2.56462 2.46065 2.37711 2.10279 1.88178 2.13743 2.46309 3.23081 4.07361 4.21394 4.22493 4.22493 4.22493 4.22493 4.22493 4.22493 4.22493 4.22493 4.22493 4.22493 4.01024 3.47534 2.22742 1.30007 1.30007 1.30007 1.30007 1.30007 1.30087 1.30740 1.31507
2.69163 2.64867 2.62959 2.63785 2.54030 2.44800 2.35515 2.28167 2.27586 2.27586 2.27586 2.27586 2.27586 2.27586 2.27586 2.27586 2.08998 2.03718 1.93056 1.89212 2.18016 2.18996 2.18996 2.18996 2.18996 2.18996 2.18996 2.18996 2.18996 2.18996 2.17842 2.08900 1.98491 1.88093 1.79258 1.78258 2.32203 2.39778 2.42221 2.57607 3.07014 3.13353 3.13353 3.33491 4.22493 4.22018 4.16686 4.10034 4.03401 3.96804 3.90124 3.83551 3.76882 3.70285 3.63641 3.57020 3.47799 3.52624 2.94281 1.41974 1.42742 1.43508 1.44273 1.45043 1.45730 1.45841 1.45841
2.45437 2.36455 2.27174 2.26736 2.27586 2.27586 2.27586 2.27586 2.27586 2.27586 2.27586 2.27586 2.27586 2.27586 2.27586 2.27586 2.14101 2.04496 1.95420 1.91383 2.08311 2.18996 2.18996 2.18996 2.18996 2.18996 2.18196 2.09716 1.99447 1.90426 1.82834 1.83047 1.86072 1.90180 1.94290 1.98391 2.08976 2.04579 2.00150 1.99855 2.55684 2.52444 2.48054 2.44367 3.03677 3.05086 3.03840 3.03840 3.03840 3.03840 3.03840 3.03840 3.03840 3.03840 3.03840 3.03840 3.03840 3.48204 3.39625 1.45883 1.45841 1.45841 1.45841 1.45841 1.45841 1.45841 1.47348
2.23254 2.21883 2.21883 2.25268 2.27586 2.27586 2.27586 2.27586 2.27586 2.27586 2.27586 2.27586 2.27586 2.27774 2.28121 2.28469 2.21580 2.10721 2.07363 2.04631 2.12437 2.33946 2.35093 2.28810 2.20070 2.11336 2.03390 2.03414 2.07056 2.09789 2.12231 2.14670 2.15749 2.15749 2.15749 2.15749 1.93349 1.68699 1.68699 1.68699 2.17689 2.34251 2.34251 2.34251 2.71352 3.03840 3.03840 3.03840 3.03840 3.03840 3.03840 3.03840 3.03840 3.03840 3.03840 3.03840 3.03840 3.37167 3.55451 2.01722 1.45841 1.45841 1.62677 1.88420 2.07038 2.21117 2.31734
2.34462 2.22882 2.23230 2.25517 2.29630 2.29977 2.30325 2.30673 2.31021 2.31369 2.31717 2.32065 2.32413 2.32574 2.32574 2.32574 2.31432 2.24551 2.23335 2.23728 2.15068 2.17269 2.07397 2.05943 2.08377 2.10819 2.13262 2.15422 2.15749 2.15749 2.15749 2.15749 2.15749 2.15749 2.15749 2.15749 2.03615 1.68699 1.68699 1.68699 1.98219 2.34251 2.34251 2.34251 2.50887 3.03840 3.03840 3.03840 3.03840 3.03840 3.03840 3.03840 3.03840 3.03840 3.03840 3.03840 3.04410 3.25939 3.31413 2.75625 2.63342 2.77473 2.86990 2.94004 3.00572 3.06721 3.12551
2.51063 2.26870 2.26870 2.27382 2.32556 2.32574 2.32574 2.32574 2.32574 2.32574 2.32574 2.32574 2.32574 2.32574 2.32574 2.34719 2.39068 2.36079 2.39861 2.45745 2.37835 2.06647 2.14294 2.15738 2.15749 2.15749 2.15749 2.15749 2.15749 2.15749 2.15749 2.15749 2.15749 2.15749 2.15749 2.15749 2.13365 1.69220 1.68699 1.68699 1.78742 2.34251 2.34251 2.34251 2.36304 3.02848 3.11841 3.16961 3.21695 3.26072 3.30135 3.33917 3.47676 3.41663 3.23047 3.05501 2.88515 2.79548 3.05004 3.10039 3.24312 3.24312 3.24312 3.24312 3.24312 3.24312 3.24312
2.63145 2.27053 2.26870 2.26870 2.31623 2.32574 2.32574 2.32574 2.32574 2.32574 2.32574 2.33967 2.38247 2.42684 2.47986 2.54493 2.59469 2.58201 2.60647 2.63810 2.63888 2.13547 2.15749 2.15749 2.15749 2.15749 2.15749 2.15749 2.15749 2.15749 2.15749 2.15749 2.15749 2.15749 2.15749 2.22395 2.32012 2.02675 2.01472 2.07517 2.13262 2.68303 2.89936 3.03370 3.16179 3.39574 3.49013 3.49013 3.43145 3.21935 2.99925 2.77914 2.66227 2.70596 2.70596 2.70596 2.70596 2.71590 3.04144 3.05443 3.23287 3.24312 3.24312 3.24312 3.24312 3.24312 3.24312
2.67341 2.35110 2.26870 2.26870 2.30176 2.32551 2.32360 2.32982 2.37234 2.42208 2.49079 2.57963 2.63950 2.69595 2.74028 2.74608 2.74608 2.69472 2.63911 2.63911 2.63911 2.29144 2.15749 2.15749 2.15749 2.15749 2.15749 2.15749 2.15749 2.15749 2.15749 2.15749 2.15749 2.15749 2.15749 2.43296 2.71652 2.53211 2.48589 2.58207 2.67824 3.01422 3.23201 3.22563 3.10343 2.98999 2.87838 2.65827 2.49685 2.48874 2.48874 2.48874 2.53861 2.70596 2.70596 2.70596 2.70596 2.70596 2.97763 3.05004 3.18105 3.24312 3.24312 3.24312 3.24312 3.24312 3.24312
2.71421 2.51197 2.28678 2.29672 2.35210 2.41593 2.50404 2.60297 2.65884 2.71024 2.74510 2.74608 2.74608 2.74608 2.74608 2.74608 2.74608 2.71832 2.63911 2.63911 2.63911 2.46989 2.13510 2.15749 2.15749 2.15749 2.15749 2.15749 2.15749 2.15749 2.15749 2.15749 2.15749 2.18768 2.30969 2.55401 3.02302 2.95496 2.74037 2.72460 2.67067 2.68387 2.68270 2.52392 2.48096 2.48148 2.48863 2.48874 2.48874 2.48874 2.48874 2.49106 2.52137 2.75550 2.79115 2.82037 2.84960 2.87877 3.01481 3.08239 3.16086 3.28284 3.28650 3.29017 3.26655 3.22154 3.18265
2.88610 2.84305 2.50713 2.61181 2.67313 2.72440 2.74608 2.74608 2.74608 2.74608 2.74608 2.74608 2.74608 2.74608 2.74608 2.74608 2.74608 2.74069 2.64035 2.63911 2.63911 2.63353 2.12806 2.15749 2.15749 2.15749 2.15749 2.15749 2.15749 2.18066 2.29894 2.42713 2.55542 2.65341 2.65451 2.60324 2.96342 2.87152 2.64485 2.62699 2.64724 2.66885 2.67810 2.69943 2.72134 2.74342 2.83797 2.89723 2.92640 2.95589 2.98506 3.01196 3.01719 3.18471 3.23442 3.23442 3.23442 3.23442 3.19496 3.12502 3.12156 3.23741 3.19518 3.15774 3.14086 3.14086 3.14086
3.09989 3.10962 2.78835 2.74608 2.74608 2.74608 2.74608 2.74608 2.74608 2.74608 2.74608 2.74608 2.74608 2.74608 2.74608 2.74608 2.74608 2.74608 2.65520 2.62595 2.61634 2.60680 2.23633 2.10593 2.09632 2.10398 2.20775 2.32634 2.44503 2.54050 2.52817 2.45076 2.36699 2.28333 2.20481 2.17934 2.61049 2.73408 2.88179 2.89111 2.89111 2.89111 2.88181 2.87730 2.87730 2.87730 2.93115 3.01719 3.01719 3.01719 3.01719 3.01719 3.01719 3.13480 3.23442 3.23425 3.20589 3.16230 3.11147 3.00739 2.99604 3.11263 3.14086 3.14086 3.14080 3.12742 3.10382
3.11288 3.11288 2.89822 2.74657 2.75542 2.76731 2.77921 2.79110 2.80299 2.81487 2.82676 2.83867 2.85056 2.86245 2.87435 2.88624 2.89813 2.91002 2.65953 2.48612 2.48612 2.48083 2.27352 2.24613 2.38082 2.49193 2.46934 2.39523 2.32106 2.24692 2.18562 2.17934 2.17934 2.17934 2.17934 2.17934 2.49202 2.73290 2.84872 2.89111 2.89111 2.89111 2.88586 2.87730 2.87730 2.87730 2.89298 3.01715 3.01719 3.01719 3.01719 3.01694 2.99741 3.02902 3.12331 3.09071 3.07807 3.07807 3.07775 3.00181 3.01020 3.06704 3.00448 2.91793 2.83143 2.75794 2.69507
3.24625 3.25814 3.16613 2.91466 2.91769 2.91769 2.91769 2.91769 2.91769 2.91769 2.91769 2.91769 2.91769 2.91769 2.91769 2.91769 2.91769 2.91613 2.70760 2.37434 2.30935 2.24914 2.23144 2.32789 2.29015 2.21595 2.17934 2.17934 2.17934 2.17934 2.17934 2.17934 2.17934 2.17934 2.17934 2.17934 2.35675 2.73290 2.81438 2.89111 2.89111 2.89111 2.88984 2.87739 2.87730 2.87730 2.87730 2.98732 2.99624 2.95931 2.88662 2.81803 2.76310 2.72548 2.73819 2.67736 2.65432 2.64503 2.63592 2.56779 2.52145 2.43443 2.26878 2.26878 2.26878 2.26878 2.26878
3.28449 3.28449 3.27387 2.93522 2.91769 2.91769 2.91769 2.91769 2.91769 2.91769 2.91769 2.91769 2.91769 2.91765 2.88284 2.81783 2.75286 2.68778 2.59274 2.22256 2.21541 2.20877 2.20738 2.19192 2.17934 2.17934 2.17934 2.17934 2.17934 2.17934 2.17934 2.17934 2.17934 2.17934 2.17934 2.17934 2.21234 2.72615 2.76541 2.82785 2.77797 2.72809 2.67821 2.61764 2.61523 2.65146 2.68770 2.57612 2.40281 2.36044 2.35534 2.37417 2.42733 2.48120 2.50219 2.54833 2.56227 2.56227 2.56227 2.52086 2.48025 2.47824 2.28591 2.26878 2.26878 2.26878 2.26878
3.28094 3.28449 3.28449 3.03535 2.91769 2.91769 2.91769 2.91769 2.91769 2.91769 2.89403 2.82976 2.76473 2.69647 2.65917 2.65202 2.64488 2.63935 2.63662 2.23596 2.20738 2.20738 2.20738 2.20055 2.17934 2.17934 2.17934 2.17934 2.17934 2.17934 2.17934 2.17934 2.17934 2.17934 2.17934 2.17934 2.17934 2.20647 2.18766 2.33105 2.37507 2.46115 2.54727 2.62616 2.65495 2.65495 2.65907 2.63913 2.45727 2.51111 2.56501 2.60006 2.60077 2.60077 2.57671 2.56227 2.56227 2.56227 2.56227 2.53838 2.48025 2.48025 2.34586 2.26878 2.26878 2.26878 2.26878
3.26325 3.28449 3.28449 3.14612 2.91769 2.91769 2.90313 2.84164 2.77641 2.70625 2.65775 2.64992 2.64277 2.63896 2.63896 2.63896 2.63896 2.63896 2.63896 2.32835 2.20738 2.20738 2.20738 2.20661 2.18180 2.17934 2.17934 2.17934 2.17934 2.17934 2.17934 2.17934 2.17934 2.17934 2.17934 2.17934 2.22869 2.31330 2.38211 2.60506 2.66875 2.66875 2.66844 2.67660 2.78679 2.84066 2.89041 2.89873 2.63130 2.60077 2.60077 2.60077 2.60077 2.60077 2.58556 2.56227 2.56227 2.56147 2.55620 2.54369 2.51061 2.52021 2.45691 2.32710 2.33626 2.34548 2.35622
3.24413 3.28449 3.27677 3.18930 2.79096 2.71602 2.65847 2.64780 2.64090 2.63896 2.63896 2.63896 2.63896 2.63896 2.63896 2.63896 2.63896 2.63896 2.63896 2.42319 2.20738 2.20738 2.20738 2.20738 2.18968 2.17934 2.17934 2.17934 2.17934 2.17934 2.17934 2.17934 2.22046 2.33398 2.44875 2.56358 2.62900 2.58176 2.50991 2.61085 2.66038 2.65359 2.64719 2.64239 2.84745 2.86437 2.85839 2.85243 2.66847 2.54090 2.53488 2.52894 2.52295 2.51699 2.50462 2.46661 2.46064 2.45546 2.45478 2.45478 2.63845 2.66754 2.65575 2.50137 2.55200 2.60600 2.65841
3.08490 2.99564 2.85128 2.75562 2.65043 2.63896 2.63896 2.63896 2.63896 2.63896 2.63896 2.63896 2.63896 2.63896 2.63896 2.63896 2.63896 2.63896 2.63896 2.51798 2.20738 2.20738 2.20738 2.20872 2.21050 2.20440 2.21722 2.23004 2.27650 2.40100 2.52855 2.65622 2.74258 2.75651 2.76831 2.78006 2.79181 2.78244 2.65081 2.61488 2.55784 2.55784 2.55784 2.55784 2.70211 2.79288 2.79288 2.79288 2.70765 2.49328 2.49328 2.49328 2.49328 2.49328 2.49306 2.45745 2.45478 2.45478 2.45739 2.49861 2.69109 2.81936 2.87116 2.72517 2.67380 2.67380 2.67380
2.59926 2.67423 2.67442 2.67442 2.65766 2.63896 2.63896 2.63896 2.63836 2.61793 2.58850 2.55908 2.52965 2.50023 2.47080 2.44138 2.41195 2.38249 2.35310 2.31586 2.37108 2.38506 2.39784 2.40936 2.40786 2.51646 2.63403 2.74886 2.82987 2.83240 2.83136 2.83033 2.82930 2.82855 2.82851 2.82851 2.82851 2.82851 2.67710 2.63800 2.55784 2.55784 2.55784 2.55784 2.63298 2.79288 2.79288 2.79288 2.78477 2.50898 2.49328 2.49328 2.49328 2.49328 2.49652 2.51176 2.55442 2.60839 2.65975 2.67251 2.76569 2.88527 2.88527 2.77506 2.65333 2.63885 2.63343
2.49642 2.47183 2.43542 2.40603 2.37046 2.31168 2.28225 2.25283 2.22400 2.21497 2.21497 2.21497 2.21497 2.21497 2.21497 2.21497 2.21497 2.21497 2.21497 2.21497 2.37837 2.40275 2.39232 2.37942 2.38609 2.78793 2.83093 2.82989 2.82888 2.82851 2.82851 2.82851 2.82851 2.82851 2.82851 2.82851 2.82851 2.82851 2.71046 2.65729 2.56066 2.55784 2.55784 2.55784 2.56968 2.78694 2.79288 2.79288 2.79288 2.59356 2.49720 2.54083 2.59481 2.64898 2.70807 2.71638 2.71439 2.73048 2.74147 2.69900 2.69708 2.83452 2.77711 2.74826 2.77796 2.79855 2.80445
