High_resolution/powerplant/Chizhou/OMI_NO2_2008_06-08.asc
ncols      200
nrows      200
xllcorner       115.585
yllcorner       28.7700
cellsize     0.0166667
NODATA_Value      -999.000
[rows 112 to 139 of 165, columns 128 to 191 of 200]
1.87786 1.90117 1.91756 1.93345 2.00214 2.00825 1.83799 1.76913 1.77669 1.78166 1.70249 1.78429 1.78523 1.68548 1.73479 1.73479 1.73875 1.72575 1.72480 1.69348 1.66314 1.62120 1.49221 1.46212 1.44000 1.34752 1.29563 1.30555 1.30086 1.87038 1.85587 1.91322 1.85557 1.75804 1.74613 1.65568 1.54366 1.50671 1.46018 1.26415 1.25903 1.36418 1.43169 1.49291 1.36222 1.31444 1.32229 1.32938 1.48733 1.58885 1.54830 1.40905 1.32484 1.28613 1.28735 1.28202 1.32101 1.22578 1.13059 1.18348 1.25648 1.30092 1.32992 1.38311
1.94979 1.96478 1.97948 1.98639 2.03149 2.03581 1.93629 1.78503 1.78682 1.78827 1.70974 1.78206 1.77940 1.65981 1.70206 1.67591 1.67462 1.62782 1.59825 1.55199 1.58394 1.55898 1.47347 1.44834 1.46026 1.44341 1.35576 1.34943 1.30695 1.58576 1.68034 1.65792 1.59895 1.55744 1.55755 1.57539 1.32180 1.20932 1.20248 0.980604 0.997591 1.11038 1.19792 1.28417 1.24962 1.25623 1.30043 1.35894 1.41015 1.34674 1.33681 1.26268 1.19540 1.19540 1.19548 1.19264 1.23861 1.20373 1.18644 1.23322 1.31529 1.43882 1.44648 1.43253
2.00668 2.01035 2.01996 2.02136 2.04666 2.05385 2.02460 1.75523 1.74672 1.74345 1.67843 1.70927 1.76711 1.67690 1.57547 1.54218 1.53650 1.50413 1.52629 1.54788 1.65131 1.67649 1.66428 1.61975 1.62627 1.59233 1.41576 1.33324 1.24095 1.36372 1.65835 1.72533 1.65009 1.72819 1.72819 1.78960 1.57199 1.44952 1.44952 1.19342 1.18127 1.34468 1.47070 1.58866 1.62062 1.51451 1.48562 1.48562 1.46778 1.39891 1.35214 1.32398 1.23744 1.24980 1.28380 1.31904 1.36533 1.34305 1.25547 1.28216 1.27952 1.40151 1.45326 1.47308
2.02081 2.02639 2.03284 2.03916 2.05055 2.03824 2.00800 1.86391 1.78790 1.78773 1.74939 1.74685 1.80513 1.81953 1.69863 1.66866 1.68192 1.64879 1.63766 1.64670 1.68014 1.71005 1.68106 1.57492 1.57294 1.57735 1.48787 1.34621 1.30208 1.23441 1.65788 1.71765 1.64945 1.72819 1.65009 1.76101 1.52461 1.42941 1.47431 1.47296 1.45432 1.59545 1.69453 1.77259 1.72093 1.48646 1.41894 1.42169 1.40869 1.49226 1.44405 1.48155 1.43823 1.46255 1.47148 1.60775 1.52209 1.44297 1.30190 1.33329 1.33927 1.43843 1.46526 1.48010
2.02456 2.01223 2.04072 1.99408 1.95892 1.95476 1.93521 1.87890 1.78852 1.82800 1.79587 1.87102 1.94235 1.94394 1.79915 1.69707 1.67674 1.63576 1.60483 1.61015 1.62358 1.70231 1.69086 1.61135 1.58880 1.58860 1.55199 1.36632 1.35487 1.20716 1.62292 1.78046 1.73792 1.86344 1.81497 1.93232 1.83654 1.69930 1.68869 1.67860 1.55538 1.64942 1.69036 1.73424 1.63769 1.56194 1.59442 1.63667 1.60912 1.69940 1.51522 1.53132 1.42700 1.42025 1.40109 1.57177 1.47257 1.37743 1.26972 1.25063 1.19844 1.18400 1.19225 1.13503
1.84461 1.82934 1.84035 1.83543 1.82898 1.84702 1.84175 1.83120 1.73929 1.76402 1.74530 1.80530 1.91944 1.91984 1.82742 1.66057 1.63192 1.61665 1.57485 1.58396 1.55865 1.64629 1.61321 1.57560 1.54943 1.53725 1.51845 1.30460 1.28742 1.25517 1.52771 1.78641 1.73796 1.85357 1.79661 1.82263 1.67906 1.46156 1.36231 1.36618 1.31822 1.34562 1.49544 1.59004 1.58938 1.61728 1.77839 1.86640 1.83818 1.86079 1.55721 1.51792 1.39485 1.30913 1.22340 1.14878 1.15315 1.05434 0.998835 0.915912 0.901168 0.887325 0.991841 0.998599
1.78159 1.78179 1.80718 1.80293 1.79188 1.79382 1.77838 1.77230 1.70089 1.68595 1.66945 1.69738 1.84002 1.88548 1.83500 1.63796 1.56278 1.55932 1.50820 1.51891 1.47762 1.54944 1.54940 1.54286 1.52960 1.52960 1.52960 1.33524 1.26618 1.25001 1.42446 1.59046 1.45961 1.39142 1.25827 1.16071 1.25451 1.20879 1.16851 1.28029 1.36096 1.41506 1.63451 1.76825 1.78172 1.74633 1.86362 1.83494 1.75080 1.67630 1.36909 1.24923 1.20802 1.14812 1.14016 1.12990 1.15093 1.05623 1.00321 0.896001 0.880525 0.871714 0.960116 1.00111
1.79368 1.79524 1.81022 1.79949 1.77802 1.76241 1.72681 1.72009 1.68823 1.66403 1.65155 1.67777 1.77812 1.85271 1.83146 1.64379 1.52187 1.56647 1.52161 1.55776 1.56093 1.63575 1.64700 1.66482 1.67919 1.71130 1.73841 1.69184 1.59074 1.61138 1.58751 1.30468 1.29498 1.23490 1.24624 1.25909 1.40939 1.43002 1.41686 1.44599 1.44677 1.44359 1.62641 1.67942 1.57138 1.49392 1.53309 1.56876 1.57925 1.59390 1.48085 1.26528 1.23717 1.15639 1.13917 1.14005 1.15863 1.08296 1.02801 0.919781 0.901031 0.895898 0.957626 0.990366
1.80370 1.75818 1.75615 1.73936 1.73209 1.72579 1.69643 1.68751 1.67056 1.64215 1.63394 1.66332 1.72407 1.83878 1.84169 1.70411 1.55161 1.66432 1.68999 1.75761 1.72237 1.77734 1.79218 1.81526 1.79505 1.78498 1.78486 1.76139 1.60180 1.59893 1.60102 1.39470 1.40351 1.39241 1.45734 1.47697 1.60048 1.59434 1.58140 1.58544 1.58955 1.66618 1.74902 1.80402 1.72323 1.71726 1.73674 1.78810 1.85497 1.92006 1.93398 1.29354 1.26855 1.19650 1.17673 1.18784 1.19894 1.16587 1.09346 1.04054 0.972327 0.970063 1.00146 1.00546
1.74610 1.68102 1.70756 1.70186 1.70180 1.69874 1.67722 1.66307 1.65037 1.62118 1.61189 1.66551 1.66976 1.83987 1.86172 1.83056 1.76866 1.91404 1.91650 1.91210 1.86050 1.83379 1.74155 1.71012 1.66315 1.61889 1.58027 1.51996 1.55187 1.53587 1.63210 1.55629 1.42526 1.37310 1.46703 1.46703 1.57110 1.56940 1.57381 1.57502 1.57406 1.63493 1.69350 1.80781 1.81759 1.88278 1.93936 2.04022 2.06118 2.05058 2.03945 1.46451 1.25277 1.21158 1.18447 1.19982 1.19923 1.18657 1.10646 1.08377 1.01925 0.987301 0.938629 0.917077
1.71533 1.59563 1.63796 1.63714 1.64130 1.64608 1.61059 1.53626 1.46418 1.58978 1.77742 1.91622 1.97853 2.08305 1.93951 1.89833 1.78634 1.86158 1.76566 1.69888 1.59948 1.59697 1.58888 1.55670 1.51189 1.45936 1.43278 1.42943 1.46876 1.50763 1.55911 1.66532 1.45724 1.41045 1.49851 1.49851 1.56940 1.56940 1.57398 1.61265 1.66565 1.81390 1.97241 2.02916 1.95820 1.93166 1.82574 1.92309 1.95513 1.95571 1.95468 1.63784 1.21307 1.18884 1.16140 1.16212 1.14218 1.12246 1.06751 1.04324 1.01580 0.944973 0.921994 0.919297
1.73011 1.55025 1.54361 1.53033 1.63307 1.69640 1.75355 1.83626 1.92039 2.01315 2.09697 2.12458 2.13295 2.05861 1.88782 1.79452 1.69899 1.79793 1.71902 1.64639 1.52535 1.49398 1.47128 1.47203 1.46941 1.44911 1.45114 1.44852 1.47259 1.53180 1.51949 1.73000 1.47205 1.41932 1.53216 1.57940 1.71979 1.78015 1.84974 1.89834 1.89372 1.95307 1.95455 1.95128 1.88790 1.96325 1.87755 1.89217 1.87557 1.87116 1.86348 1.74287 1.15950 1.13736 1.11200 1.11496 1.11496 1.11828 1.08024 1.04259 1.02525 0.958802 0.933028 0.930543
2.02017 1.86101 1.86456 1.91131 1.92909 1.94083 1.95342 1.95603 1.97774 1.98099 2.09751 2.11261 2.13428 2.09438 1.93180 1.75268 1.64753 1.70558 1.61436 1.58347 1.47884 1.48169 1.48334 1.48394 1.48414 1.46691 1.48536 1.50869 1.55180 1.62753 1.62740 1.77872 1.69925 1.53762 1.71063 1.72012 1.80612 1.75102 1.74853 1.84422 1.91793 2.03806 2.15019 2.16342 2.12773 2.11881 2.08874 1.90353 1.73896 1.69677 1.65836 1.68194 1.24325 1.13820 1.14203 1.16993 1.18980 1.20348 1.18685 1.04671 1.05976 1.02037 0.965175 0.986975
2.12937 2.04213 1.91959 1.92249 1.93318 1.95211 1.96898 1.96277 1.99048 1.98036 2.06137 2.07021 2.08756 2.06828 1.89231 1.63299 1.61609 1.67195 1.63620 1.63880 1.54911 1.57076 1.59238 1.61401 1.63561 1.62834 1.64645 1.59838 1.59426 1.64954 1.61049 1.68653 1.74894 1.55217 1.72066 1.77257 1.90115 1.97230 2.01193 2.14701 2.16619 2.19193 2.19218 2.11475 2.00832 1.96264 1.86855 1.79880 1.64749 1.66401 1.68150 1.73025 1.51899 1.24494 1.23633 1.25271 1.25271 1.22888 1.23751 1.12540 1.18589 1.23319 1.28159 1.35845
2.23419 2.19784 1.98200 1.99289 1.99421 2.01167 2.02657 1.99289 2.04090 2.04951 2.04198 2.06650 2.09497 2.10120 1.94787 1.65504 1.57177 1.67964 1.69984 1.69553 1.59197 1.59194 1.58089 1.56087 1.54082 1.51256 1.52912 1.43643 1.33777 1.14912 1.09395 1.02319 1.37358 1.71575 1.86278 1.91620 1.90448 1.90344 1.89126 1.93677 1.93006 1.93326 1.95679 1.90318 1.93164 1.96173 1.93810 1.93469 1.70166 1.68043 1.68043 1.68043 1.64274 1.27181 1.27312 1.35592 1.42281 1.50581 1.58536 1.48363 1.40294 1.39735 1.36892 1.40073
2.24371 2.22257 2.02296 2.01739 2.03147 2.05785 2.07340 2.04698 2.06946 2.06662 2.04895 2.08493 2.08099 2.09550 1.98107 1.76843 1.56768 1.64998 1.68484 1.65011 1.54952 1.47060 1.38666 1.30597 1.26844 1.22607 1.19515 1.11683 1.18210 1.18762 1.27303 1.05386 1.35001 1.73320 1.90407 1.91986 1.88484 1.85183 1.84044 1.87627 2.09788 2.13258 2.15262 2.08600 2.08429 2.13200 2.12812 1.99426 1.85750 1.79026 1.79026 1.76012 1.85365 1.48536 1.64023 1.62162 1.62080 1.64609 1.65379 1.63261 1.58744 1.62489 1.54456 1.49345
2.36094 2.31928 2.17162 2.05474 2.05449 2.06320 2.08085 2.06315 2.05731 2.06368 2.05454 2.05941 2.06637 2.08187 1.98137 1.78121 1.44273 1.42953 1.28013 1.23469 1.19567 1.22733 1.26158 1.28425 1.31512 1.34755 1.32040 1.20277 1.23623 1.22752 1.16119 0.882242 0.899426 1.23563 1.60272 1.62544 1.61943 1.61943 1.63164 1.64652 1.90385 1.99055 1.98882 1.95690 1.99859 2.08199 2.09249 1.96124 1.87028 1.74054 1.74510 1.10934 1.07332 1.63951 1.74453 1.73675 1.77552 1.80893 1.81135 1.80005 1.69863 1.73596 1.67533 1.59361
2.49066 2.38987 2.28625 2.06335 2.06346 2.06906 2.08774 2.07185 2.02416 2.03071 2.03811 2.01854 1.95534 1.94902 1.85964 1.70337 1.58219 1.62514 1.40945 1.36748 1.40312 1.46209 1.50167 1.53542 1.54723 1.55084 1.53413 1.33021 1.34303 1.35752 1.19865 1.06426 0.921254 1.08889 1.61285 1.63013 1.63164 1.63164 1.64242 1.64915 1.90637 1.90637 1.90861 1.86334 1.83599 1.91026 1.39976 1.36104 1.47074 1.32857 1.35117 1.36495 1.28097 1.73115 1.79674 1.76842 1.78154 1.80361 1.84634 1.88513 1.84352 1.86666 1.79387 1.65455
2.49473 2.35671 2.34894 2.05157 2.06063 2.08198 2.10689 2.09770 2.00753 1.97611 1.90521 1.82025 1.69823 1.68409 1.63317 1.71536 1.74342 1.78562 1.62494 1.47936 1.48235 1.52482 1.55502 1.56318 1.56944 1.56548 1.54092 1.35403 1.28804 1.27685 1.12619 1.04565 0.798249 0.901915 1.60687 1.61442 1.60153 1.58086 1.56265 1.53421 1.70164 1.64338 1.01229 0.988444 0.987632 1.11888 1.11830 1.25591 1.53616 1.38935 1.37188 1.41524 1.34978 1.84994 1.92204 1.93325 1.96540 1.96838 1.97217 1.93352 1.86005 1.84220 1.71193 1.56723
2.54698 2.30453 2.24669 2.10147 2.02862 1.98283 1.89115 1.86982 1.81618 1.79506 1.78442 1.77910 1.67440 1.68387 1.63101 1.73251 1.78168 1.78424 1.71701 1.49644 1.49683 1.51805 1.54319 1.53690 1.52202 1.52306 1.50302 1.38419 1.26988 1.27211 1.18369 1.11409 0.791792 0.764579 1.34568 1.44509 1.40342 1.39988 1.19277 1.19644 1.03876 1.00649 1.02463 1.05191 1.03504 1.14939 1.18024 1.30346 1.66080 1.64676 1.64789 1.63052 1.54441 1.55867 2.01302 1.98766 1.98766 1.96713 1.97179 1.93861 1.89750 1.91399 1.82754 1.65808
2.35696 1.99734 1.95547 1.96095 1.94005 1.94005 1.89608 1.87739 1.84041 1.82675 1.82990 1.83304 1.75214 1.74494 1.70184 1.77785 1.86412 1.82955 1.80977 1.52937 1.50083 1.51450 1.55680 1.55754 1.55285 1.55098 1.52978 1.43364 1.25737 1.26157 1.22880 1.13749 0.981637 0.827366 1.11076 1.25337 1.22027 1.20692 1.22273 1.22862 1.08242 1.00539 1.01577 1.03474 1.03048 1.15149 1.30608 1.50953 1.78958 1.85572 1.69424 1.63283 1.50612 1.50169 2.03817 1.99795 1.99585 1.97756 1.98073 1.95078 1.93417 1.95878 1.84849 1.60342
2.42147 2.06591 1.93087 1.95487 1.91966 1.91730 1.88683 1.85291 1.84987 1.88792 1.91412 1.91855 1.82948 1.82549 1.77439 1.80661 1.91897 1.87018 1.85720 1.63038 1.51594 1.51968 1.54790 1.55587 1.55154 1.55154 1.54477 1.47903 1.28877 1.25919 1.27159 1.14577 1.08471 0.927699 0.999542 1.26182 1.26498 1.30243 1.30136 1.30136 1.16104 1.15095 1.23837 1.31902 1.41375 1.41131 1.49472 1.56462 1.81305 1.98098 1.74320 1.69770 1.53368 1.52263 2.04000 2.00933 2.00933 1.97313 1.90674 1.79381 1.71336 1.60676 1.56367 1.41655
2.39503 2.16923 1.92870 1.96700 1.96017 1.97469 1.98225 1.95908 1.94512 1.97858 1.98483 1.98258 1.85988 1.85433 1.78998 1.80278 1.88224 1.88695 1.85723 1.71801 1.51515 1.51658 1.54113 1.55517 1.57124 1.60673 1.63041 1.63765 1.50585 1.40958 1.43875 1.35291 1.24838 1.00800 0.926866 1.20644 1.23693 1.35873 1.33228 1.38144 1.30864 1.38770 1.42644 1.40636 1.42427 1.38627 1.40636 1.40767 1.68559 1.82766 1.68550 1.64276 2.15749 2.14851 2.18416 1.84984 1.71021 1.63479 1.65563 1.61313 1.59432 1.54851 1.52604 1.33051
2.29952 2.21058 1.94744 1.98027 2.00521 1.99066 2.00034 1.95995 1.93387 1.94418 1.95350 1.95350 1.86537 1.85526 1.80421 1.79119 1.83562 1.89508 1.83597 1.78353 1.61466 1.67235 1.71575 1.79478 1.79720 1.80392 1.81051 1.78120 1.64292 1.40130 1.38219 1.33080 1.28943 0.990503 0.890100 1.21885 1.34734 1.45999 1.39215 1.39345 1.27063 1.35179 1.40953 1.38770 1.40788 1.38696 1.40788 1.40788 2.03113 2.25418 2.27575 2.20268 2.15607 2.15686 2.14715 1.81467 1.53705 1.46198 1.42308 1.32593 1.30416 1.25853 1.30408 1.19299
2.24761 2.23158 1.95712 1.97176 2.00854 1.97985 1.98757 1.95074 1.89630 1.92768 1.93725 1.94061 1.87402 1.84906 1.81771 1.76186 1.72936 1.81262 1.79523 1.79819 1.78251 1.76935 1.72300 1.72666 1.68073 1.64966 1.63684 1.60208 1.53620 1.32391 1.29774 1.31766 1.31130 1.10861 0.913880 1.13396 1.34755 1.42227 1.39215 1.39345 1.40429 1.46314 1.54377 1.52736 1.69300 1.67832 1.69300 1.69300 1.86479 1.93855 1.96342 1.74586 1.77671 1.70928 1.69547 1.57657 1.28604 1.24669 1.28862 1.24204 1.26640 1.25391 1.29478 1.24186
2.25090 2.27739 2.02608 1.96346 1.99933 1.96166 1.96380 1.93875 1.90267 1.91769 1.89447 1.86774 1.79699 1.72482 1.71180 1.66104 1.64793 1.65771 1.65375 1.62467 1.59559 1.59813 1.58241 1.60284 1.60381 1.60877 1.61983 1.62458 1.56956 1.46001 1.37323 1.36534 1.33045 1.19868 0.914413 0.995232 1.35022 1.38823 1.36332 1.36288 1.56293 1.59327 1.65895 1.64774 1.64774 1.63385 1.64672 1.64376 1.74501 1.76448 1.79737 1.61062 1.72912 1.75256 1.75874 1.70470 1.38518 1.27074 1.26210 1.17294 1.16914 1.16217 1.20187 1.17963
2.24148 2.31318 2.11893 1.95774 1.94833 1.89106 1.87128 1.84910 1.81105 1.82033 1.80706 1.79445 1.74797 1.70722 1.70551 1.65838 1.64141 1.61223 1.61195 1.60953 1.60053 1.60250 1.60009 1.59802 1.62437 1.63407 1.64437 1.65494 1.60561 1.53977 1.39527 1.36765 1.33805 1.26948 0.917550 0.904048 1.31629 1.36526 1.54806 1.55919 1.55221 1.55690 1.63199 1.60636 1.56660 1.47676 1.40608 1.33338 1.27923 1.57339 1.55437 1.58482 1.66501 1.60970 1.57345 1.51878 1.31432 1.13340 1.16201 1.12005 1.15548 1.15209 1.20222 1.19748
2.18248 2.18679 2.09705 1.86049 1.82646 1.78920 1.77910 1.78858 1.76885 1.80729 1.80201 1.79061 1.74728 1.73621 1.70508 1.66225 1.63255 1.61589 1.60246 1.59907 1.59874 1.60018 1.59628 1.57890 1.60033 1.58954 1.58952 1.58662 1.55890 1.52842 1.40005 1.35853 1.33726 1.28205 1.02792 0.952812 1.23689 1.34420 1.54712 1.51107 1.43357 1.35360 1.29116 1.21245 1.17931 1.15189 1.16738 1.16614 1.24701 1.41576 1.41966 1.43778 1.58883 1.60210 1.60905 1.58932 1.48354 1.16862 1.19004 1.15157 1.17991 1.16524 1.21095 1.20772
