High_resolution/powerplant/Chizhou/OMI_NO2_201106.asc
ncols      200
nrows      200
xllcorner       115.585
yllcorner       28.7700
cellsize     0.0166667
NODATA_Value      -999.000
[rows 0 to 25 of 173, columns 0 to 57 of 200]
3.56882 3.68797 3.77485 3.82051 3.82152 3.82152 3.82152 3.82152 3.82152 3.82152 3.82152 3.82152 3.82152 3.79828 3.32994 3.31911 3.31911 0.00000 0.00000 0.00000 0.00000 0.00000 3.11799 3.11799 3.11799 3.11799 3.11799 3.11461 3.03352 2.94493 2.87740 2.82433 2.98259 3.11799 3.11799 3.11799 3.11799 3.11799 3.11799 3.11799 3.11799 0.00000 0.00000 0.00000 0.00000 0.00000 3.14804 3.14804 3.14804 3.14804 3.14804 3.14804 3.14804 3.14804 3.14804 3.14804 3.14804 3.86895
3.84333 3.82152 3.82152 3.82152 3.82152 3.82152 3.82152 3.82152 3.82152 3.82152 3.82152 3.82152 3.82152 3.82152 3.51788 3.31911 3.31911 0.00000 3.56919 3.56919 3.56919 3.56919 3.26631 2.97284 2.89892 2.84140 2.79537 2.75855 2.74859 2.74859 2.74859 2.74859 2.85747 3.11799 3.11799 3.11799 3.11799 3.11799 3.11799 3.11799 3.11799 3.14804 3.14804 3.14804 3.14804 3.14804 3.14804 3.14804 3.14804 3.14804 3.14804 3.14804 3.14804 3.14804 3.14804 3.14804 3.14804 3.14804
3.93330 3.82152 3.82152 3.82152 3.82152 3.82152 3.82152 3.82152 3.82152 3.82152 3.82152 3.82152 3.82152 3.81808 3.67025 3.39422 3.41600 3.35949 3.25341 3.15347 3.07351 3.00855 2.93127 2.74859 2.74859 2.74859 2.74859 2.74859 2.74859 2.74859 2.74859 2.74859 2.78301 3.11799 3.11799 3.11799 3.11877 3.12357 3.12892 3.13428 3.14028 3.14799 3.14804 3.14804 3.14804 3.14804 3.14804 3.14804 3.14804 3.14804 3.14804 3.14804 3.14804 3.14804 3.14804 3.14804 3.14804 3.14804
4.06524 3.82152 3.82152 3.82152 3.82152 3.82152 3.82152 3.82152 3.82105 3.80426 3.78297 3.72545 3.63977 3.56618 3.46608 2.98520 2.89539 2.96953 2.97419 2.97419 2.97419 2.97419 2.97362 2.77501 2.74859 2.74859 2.74859 2.74859 2.74859 2.74859 2.74859 2.74877 2.75118 3.05038 3.13339 3.13875 3.14332 3.14389 3.14389 3.14389 3.14389 3.14708 3.14804 3.14804 3.14804 3.14804 3.14804 3.14804 3.14804 3.14804 3.14804 3.14804 3.14804 3.14804 3.14804 3.14804 3.14804 3.14804
4.25775 3.82486 3.82152 3.82152 3.81765 3.77932 3.69071 3.60559 3.53283 3.46515 3.39662 3.36229 3.36229 3.36229 3.30122 2.95717 2.88148 2.94519 2.97419 2.97419 2.97419 2.97419 2.97419 2.84292 2.74859 2.74859 2.74864 2.75048 2.75315 2.75584 2.75851 2.76101 2.76154 2.92595 3.14389 3.14389 3.14389 3.14389 3.14389 3.14389 3.14389 3.14583 3.14804 3.14804 3.14804 3.14804 3.14804 3.14804 3.14804 3.14804 3.14804 3.14804 3.14804 3.14804 3.14804 3.14804 3.14804 3.14804
4.32393 3.76368 3.56983 3.46703 3.36883 3.36962 3.36229 3.36229 3.36229 3.36229 3.29915 3.16747 3.03493 2.90271 2.83226 2.84991 2.88148 2.91843 2.97419 2.97419 2.97419 2.97419 2.97419 2.91224 2.75539 2.75807 2.76069 2.76154 2.76154 2.76154 2.76154 2.76154 2.76154 2.83345 3.14389 3.14389 3.14389 3.14389 3.14389 3.14389 3.14389 3.14458 3.14804 3.14804 3.14804 3.14804 3.14804 3.14804 3.14804 3.14804 3.14804 3.14804 3.14804 3.14804 3.14804 3.14804 3.14804 3.14804
4.32393 3.63540 3.25885 3.25885 3.25885 3.33983 3.29735 3.16545 3.03360 2.90107 2.83215 2.83215 2.83215 2.83215 2.83215 2.83679 2.88139 2.89197 2.97403 2.97419 2.97419 2.97419 2.97419 2.96852 2.77281 2.76154 2.76154 2.76154 2.76154 2.76154 2.76154 2.76154 2.76154 2.77197 3.12787 3.14389 3.14389 3.14389 3.14389 3.14389 3.14389 3.14389 3.14747 3.14804 3.14804 3.14804 3.14804 3.14804 3.14804 3.14804 3.14804 3.14804 3.14804 3.14804 3.15091 3.16148 3.17236 3.18333
4.32393 3.98925 3.15944 2.96064 2.76295 2.73196 2.83215 2.83215 2.83215 2.83215 2.83215 2.83215 2.83215 2.83215 2.83215 2.83215 2.86861 2.88148 2.95781 2.97419 2.97419 2.97419 2.97419 2.97419 2.83187 2.76154 2.76154 2.76154 2.76154 2.76154 2.76160 2.78134 2.82249 2.87302 3.08988 3.14389 3.14389 3.14389 3.14389 3.14389 3.14389 3.14389 3.14623 3.14804 3.14804 3.14804 3.14804 3.14804 3.14804 3.15074 3.16125 3.17215 3.18309 3.19402 3.20205 3.20246 3.20246 3.20246
3.32593 2.92881 2.47896 2.46363 2.46363 2.51517 2.83060 2.83215 2.83215 2.83215 2.83215 2.83215 2.83215 2.83215 2.83215 2.83215 2.85120 2.88148 2.93121 2.97419 2.97419 2.94972 2.87312 2.77384 2.69819 2.77052 2.80774 2.85478 2.91353 2.98880 3.08843 3.14389 3.14389 3.14389 3.14389 3.14389 3.14389 3.14389 3.14389 3.14389 3.14389 3.14389 3.14498 3.14804 3.15059 3.16100 3.17193 3.18284 3.19381 3.20198 3.20246 3.20246 3.20246 3.20246 3.20246 3.20246 3.20246 3.20246
2.73350 2.73350 2.53019 2.46363 2.46363 2.46363 2.77505 2.83215 2.83215 2.83215 2.83215 2.83215 2.83215 2.83215 2.83215 2.83215 2.82951 2.79509 2.71890 2.69075 2.54517 2.38292 2.37918 2.37918 2.66599 3.13867 3.14389 3.14389 3.14389 3.14389 3.14389 3.14389 3.14389 3.14389 3.14389 3.14389 3.14389 3.14389 3.14389 3.14030 3.11980 3.09717 3.07488 3.18358 3.20192 3.20246 3.20246 3.20246 3.20246 3.20246 3.20246 3.20246 3.20246 3.20246 3.20246 3.20246 3.20246 3.20246
2.73350 2.73350 2.60477 2.46363 2.46363 2.46363 2.67649 2.83215 2.83215 2.83215 2.83215 2.83075 2.79172 2.72862 2.63906 2.50752 2.36664 2.00053 1.79238 1.93910 0.00000 0.00000 0.00000 0.00000 0.00000 3.14389 3.14389 3.14389 3.14389 3.14389 3.14389 3.14389 3.14389 3.14389 3.14204 3.12341 3.10077 3.07813 3.05549 3.03644 3.03429 3.03429 3.03429 3.14545 3.20246 3.20246 3.20246 3.20246 3.20246 3.20246 3.20246 3.20246 3.20246 3.20246 3.20246 3.20246 3.20246 3.20246
2.73350 2.73350 2.70863 2.46721 2.46363 2.46363 2.55019 2.80949 2.74701 2.64632 2.51925 2.36886 2.28514 2.23917 2.21183 2.21160 2.21185 2.04228 1.68970 1.68970 0.00000 0.00000 0.00000 0.00000 0.00000 3.14389 3.14389 3.14389 3.14389 3.14321 3.12701 3.10437 3.08173 3.05909 3.03831 3.03429 3.03429 3.03429 3.03429 3.03429 3.03429 3.03429 3.03429 3.09500 3.20246 3.20246 3.20246 3.20246 3.20246 3.20246 3.20246 3.20246 3.20246 3.20246 3.20246 3.20246 3.20246 3.20246
2.73350 2.73350 2.73350 2.48740 2.40050 2.35458 2.30881 2.26314 2.22027 2.21160 2.21160 2.21160 2.21189 2.23099 2.26125 2.29129 2.32133 2.26545 1.68970 1.68970 0.00000 0.00000 0.00000 0.00000 0.00000 3.13795 3.10797 3.08533 3.06270 3.04072 3.03429 3.03429 3.03429 3.03429 3.03429 3.03429 3.03429 3.03429 3.03429 3.03429 3.03429 3.03429 3.03429 3.04677 3.20024 3.20246 3.20246 3.20246 3.20246 3.20246 3.20246 3.20246 3.20246 3.20246 3.20246 3.20246 3.20246 3.20246
2.73350 2.73350 2.73350 2.41411 2.21160 2.21160 2.21160 2.21160 2.21194 2.23114 2.26129 2.29159 2.32160 2.33280 2.33280 2.33280 2.33280 2.33241 1.84318 1.68970 1.68970 0.00000 0.00000 0.00000 0.00000 0.00000 3.03429 3.03429 3.03429 3.03429 3.03429 3.03429 3.03429 3.03429 3.03429 3.03429 3.03429 3.03429 3.03429 3.03429 3.03429 3.03429 3.03429 3.03429 3.16232 3.20246 3.20246 3.20246 3.20246 3.20246 3.20246 3.20246 3.20246 3.20246 3.20246 3.20246 3.20246 3.20246
2.73350 2.73350 2.73350 2.59617 2.21194 2.23129 2.26159 2.29189 2.32185 2.33280 2.33280 2.33280 2.33280 2.33280 2.33280 2.33280 2.33280 2.33280 2.09397 1.68970 1.68970 0.00000 0.00000 0.00000 0.00000 0.00000 3.03429 3.03429 3.03429 3.03429 3.03429 3.03429 3.03429 3.03429 2.93386 2.75189 2.88431 3.03429 3.03429 3.03429 3.03429 3.03429 3.03429 3.03429 3.11199 3.20246 3.20246 3.20246 3.20246 3.20246 3.20246 3.20246 3.20246 3.20246 3.20246 3.20246 3.20246 3.20246
2.73427 2.77349 2.83409 2.89457 2.36861 2.33280 2.33280 2.33280 2.33280 2.33280 2.33280 2.33280 2.33280 2.33280 2.33280 2.33280 2.33280 2.33280 2.25420 1.68970 1.68970 0.00000 0.00000 0.00000 0.00000 0.00000 3.03429 3.03429 2.99183 2.80778 2.65740 2.54103 2.44864 2.37350 2.33705 2.33695 2.55554 3.03429 3.03429 3.03429 3.03429 3.03429 3.03429 3.03429 3.06154 3.20246 3.20246 3.20246 3.20246 3.20246 3.20246 3.20246 3.20246 0.00000 0.00000 0.00000 0.00000 0.00000
2.95451 2.97589 2.97589 2.97589 2.50737 2.33280 2.33280 2.33280 2.33280 2.33280 2.33280 2.33280 2.33280 2.33280 2.33280 2.33280 2.33280 2.33280 2.33128 1.81820 1.68970 0.00000 1.63960 1.63961 1.63961 1.63961 1.67243 2.37269 2.34204 2.33695 2.33695 2.33695 2.33695 2.33695 2.33695 2.33695 2.41164 3.03429 3.03429 3.03429 3.03429 3.03429 3.06011 3.19647 3.34562 3.32439 3.20246 3.20246 0.00000 0.00000 0.00000 0.00000 0.00000 0.00000 0.00000 0.00000 0.00000 0.00000
2.97589 2.97589 2.97589 2.97589 2.69164 2.33280 2.33280 2.33280 2.33280 2.33280 2.33280 2.33280 2.33280 2.33280 2.33280 2.33280 2.33280 2.32607 2.30505 2.00771 1.54584 1.62504 1.63961 1.63961 1.63961 1.63961 1.63961 2.18615 2.33695 2.33695 2.33695 2.33695 2.33695 2.33695 2.33695 2.33695 2.33856 2.92571 3.17195 3.32107 3.47012 3.61938 3.74276 3.75538 3.75538 3.75538 0.00000 0.00000 0.00000 0.00000 0.00000 0.00000 0.00000 0.00000 0.00000 0.00000 0.00000 0.00000
2.97589 2.97589 2.97589 2.97589 2.93432 2.34559 2.33280 2.33280 2.33280 2.33280 2.33280 2.33200 2.31620 2.29472 2.27323 2.25175 2.23023 2.21550 2.21503 2.10579 1.45417 1.57819 1.63961 1.63961 1.63961 1.63961 1.63961 1.99496 2.33695 2.33695 2.33695 2.33695 2.33944 2.39352 2.46804 2.54257 2.61720 3.16175 3.75538 3.75538 3.75538 3.75538 3.75538 3.75538 3.75538 3.75538 0.00000 0.00000 0.00000 0.00000 0.00000 0.00000 0.00000 0.00000 0.00000 0.00000 0.00000 0.00000
2.97589 2.97589 2.97589 2.97589 2.97589 2.47028 2.48613 2.59486 2.68504 2.44076 2.24141 2.22073 2.21503 2.21503 2.21503 2.21044 2.12931 1.99255 1.80506 1.54193 1.45417 1.52515 1.63961 1.63961 1.63961 1.63961 1.63961 1.71843 2.37323 2.45582 2.53031 2.60487 2.67698 2.69749 2.69749 2.69749 2.69749 2.91594 3.75538 3.75538 3.75538 3.75538 3.75538 3.75538 3.75538 3.75538 3.75538 0.00000 0.00000 0.00000 0.00000 0.00000 0.00000 0.00000 0.00000 0.00000 0.00000 0.00000
2.97635 3.07688 3.20865 3.30334 3.37460 3.08584 2.77078 2.77034 2.77034 2.59199 2.21503 2.21013 2.12813 1.99096 1.80190 1.53962 1.45417 1.45417 1.45417 1.45417 1.45417 1.47264 1.63888 1.63961 1.63961 1.63961 1.63961 1.63961 2.53704 2.69749 2.69749 2.69749 2.69749 2.69749 2.69749 2.69749 2.69749 2.73643 3.73008 3.75538 3.75538 3.75538 3.75538 3.75538 3.75538 3.75538 3.75538 0.00000 0.00000 0.00000 0.00000 0.00000 0.00000 0.00000 0.00000 0.00000 0.00000 0.00000
3.40573 3.42843 3.42843 3.42843 3.42843 3.31037 2.77060 2.76940 2.75507 2.68067 1.80403 1.53732 1.45417 1.45417 1.45417 1.45417 1.45417 1.45417 1.45417 1.45417 1.45417 1.45417 1.60432 1.63961 1.63961 1.63961 1.63961 1.63961 2.27984 2.69749 2.69749 2.69749 2.69749 2.69749 2.69749 2.69749 2.69749 2.74857 3.44989 3.75538 3.75538 3.75538 3.75538 3.75538 3.75538 3.75538 3.75538 0.00000 0.00000 0.00000 0.00000 0.00000 0.00000 0.00000 0.00000 0.00000 0.00000 0.00000
3.42843 3.42843 3.42843 3.43173 3.48152 3.56360 2.80240 2.67586 2.66756 2.66756 1.85627 1.45417 1.45417 1.45417 1.45417 1.45417 1.45417 1.45417 1.45417 1.45417 1.45417 1.45417 1.55111 1.63961 1.63961 1.63961 1.63961 1.63961 1.88616 2.69712 2.69749 2.71432 2.84524 2.99702 3.14889 3.30094 3.45272 3.55359 3.62099 3.75538 3.75538 3.75538 3.75538 3.75538 3.75538 3.75538 3.75538 3.75538 0.00000 0.00000 0.00000 0.00000 0.00000 0.00000 0.00000 0.00000 0.00000 0.00000
3.48228 3.56455 3.67886 3.83557 3.88096 3.88096 3.02186 2.66756 2.66756 2.66756 2.26890 1.45417 1.45417 1.45417 1.45417 1.45417 1.45417 1.45417 1.45417 1.45417 1.45417 1.45417 1.49804 1.63961 1.63961 1.64201 1.82899 2.13290 2.43698 3.20050 3.39983 3.53488 3.55600 3.55600 3.55600 3.55600 3.55600 3.55600 3.57918 3.75538 3.75538 3.75538 3.75538 3.75538 3.75538 3.75538 3.75538 3.75538 0.00000 0.00000 0.00000 0.00000 0.00000 0.00000 0.00000 0.00000 0.00000 0.00000
3.88096 3.88096 3.88096 3.88096 3.88096 3.88096 3.38218 2.66756 2.66756 2.66756 2.54182 1.45417 1.45417 1.45417 1.45417 1.45417 1.45417 1.45417 1.45417 1.45417 1.49600 1.66471 1.84476 2.57773 2.93852 3.24003 3.35661 3.35661 3.35661 3.49407 3.55600 3.55600 3.55600 3.55600 3.55600 3.55600 3.55600 3.55600 3.55679 3.72485 3.75538 3.75538 3.75538 3.75538 3.75538 3.75538 0.00000 0.00000 0.00000 0.00000 0.00000 0.00000 0.00000 0.00000 0.00000 0.00000 0.00000 0.00000
3.88096 3.88096 3.88096 3.88096 3.88096 3.88096 3.82779 2.70059 2.66756 2.66756 2.66641 1.71631 1.45417 1.45417 1.45640 1.57123 1.74858 1.92602 2.10336 2.28061 2.41612 2.42486 2.42486 3.04292 3.35661 3.35661 3.35661 3.35661 3.35661 3.42938 3.55600 3.55600 3.55600 3.55600 3.55600 3.55532 3.53909 3.51183 3.47666 3.51010 3.75538 0.00000 0.00000 0.00000 0.00000 0.00000 0.00000 0.00000 0.00000 0.00000 0.00000 0.00000 0.00000 0.00000 0.00000 0.00000 0.00000 0.00000
