High_resolution/powerplant/Chizhou/OMI_NO2_201103.asc
ncols      200
nrows      200
xllcorner       115.585
yllcorner       28.7700
cellsize     0.0166667
NODATA_Value      -999.000
[rows 116 to 144 of 165, columns 0 to 66 of 200]
4.89432 5.47488 5.23762 2.69686 2.21692 2.21692 2.27711 2.39399 2.51078 2.62777 2.71281 2.71686 2.71686 2.71686 2.71686 2.71686 2.71686 2.71686 2.71686 2.71686 2.71686 2.71686 2.71686 2.71686 2.46302 2.31006 2.31006 2.30971 2.14763 1.75599 1.75762 1.75876 1.75899 1.75899 1.75899 1.75899 1.75899 1.75899 1.75899 1.75383 1.73937 1.72471 1.71004 1.69737 1.79844 1.80967 1.80967 1.80967 1.80967 1.80967 1.80967 1.80967 1.73238 1.40814 1.40814 1.40814 1.40814 1.40814 1.41453 1.42857 1.44265 1.45672 1.45933 1.11196 1.07708 1.07708 1.07708
5.79324 5.79403 5.81369 3.29472 2.56734 2.66016 2.71686 2.71686 2.71686 2.71686 2.71686 2.71686 2.71686 2.71686 2.71686 2.71686 2.71686 2.71686 2.71686 2.71686 2.71686 2.71686 2.71686 2.71686 2.57743 2.28779 2.27315 2.25885 2.21174 1.76444 1.75899 1.75899 1.75899 1.75899 1.75856 1.74808 1.73342 1.71876 1.70409 1.69459 1.69439 1.69439 1.69439 1.69439 1.76480 1.80967 1.80967 1.80967 1.80967 1.80967 1.80967 1.80967 1.80887 1.45740 1.41494 1.42901 1.44307 1.45714 1.46478 1.46480 1.46480 1.46480 1.46480 1.26207 1.07708 1.07708 1.07708
5.88508 5.91617 5.92573 4.32472 2.81364 2.71686 2.71686 2.71686 2.71686 2.71686 2.71686 2.71686 2.71686 2.71686 2.71686 2.71686 2.71686 2.71686 2.71686 2.71686 2.71195 2.69754 2.68288 2.66822 2.64079 2.26536 2.25441 2.25441 2.25441 1.87886 1.75589 1.74214 1.72747 1.71281 1.69858 1.69439 1.69439 1.69439 1.69439 1.69439 1.69439 1.69439 1.69439 1.69439 1.73055 1.80967 1.80967 1.80967 1.80967 1.80967 1.88644 2.06839 2.25084 1.87353 1.46480 1.46480 1.46480 1.46480 1.46480 1.46480 1.46480 1.46480 1.46480 1.37007 1.09621 1.37001 1.63510
5.92573 5.92573 5.92573 5.27394 2.89117 2.71686 2.71686 2.71686 2.71686 2.71686 2.71686 2.71686 2.71686 2.71686 2.71686 2.71686 2.71406 2.70047 2.68582 2.67118 2.66145 2.66121 2.66121 2.66121 2.66121 2.36708 2.24627 2.23160 2.21695 1.98368 1.69529 1.69439 1.69439 1.69439 1.69439 1.69439 1.69439 1.69439 1.69439 1.69439 1.69439 1.69439 1.69439 1.69439 1.69967 1.80629 1.87251 2.05239 2.23491 2.41743 2.52319 2.52376 2.52376 2.25430 1.46480 1.46480 1.46480 1.46480 1.46480 1.46480 1.45047 1.41358 1.37646 1.38220 2.05290 2.08306 2.08306
5.92573 5.92573 5.92573 5.90890 3.27389 2.72480 2.71686 2.71686 2.71686 2.71686 2.71686 2.71686 2.71558 2.70343 2.68879 2.67413 2.66228 2.66121 2.66121 2.66121 2.66121 2.69395 3.11350 3.64448 4.17545 3.60859 2.18982 2.18982 2.18982 2.12729 1.69528 1.69439 1.69439 1.69439 1.69439 1.69439 1.69439 1.69439 1.69439 1.69439 1.69439 1.69439 1.74474 1.92112 2.10364 2.36924 2.52119 2.52376 2.52376 2.52376 2.52376 2.52376 2.52376 2.50731 1.54254 1.46133 1.43018 1.39303 1.35586 1.31875 1.29593 1.29566 1.29566 1.29566 1.93050 2.08306 2.08306
5.92573 5.92573 5.92573 5.92573 4.21788 2.79076 2.71686 2.71686 2.71652 2.70638 2.69173 2.67707 2.66369 2.66121 2.66121 2.66121 2.66121 2.76786 3.26381 3.79433 4.32599 4.82354 4.93519 4.93519 4.93519 4.59422 2.19314 2.18982 2.18982 2.18982 1.78981 1.69439 1.69439 1.69439 1.69439 1.69439 1.69439 1.69439 1.73367 1.90519 2.08764 2.27031 2.40248 2.40848 2.40848 2.45721 2.52376 2.52376 2.52376 2.52376 2.52376 2.50572 2.46854 2.43143 1.72736 1.30162 1.29566 1.29566 1.29566 1.29566 1.29566 1.29566 1.29566 1.29566 1.69990 2.08306 2.08306
5.92573 5.92573 5.92573 5.92573 5.16654 2.86074 2.69467 2.68003 2.66572 2.66121 2.66151 2.66795 2.66121 2.88451 3.41389 3.94487 4.47562 4.89994 4.93519 4.93519 4.93519 4.93519 4.93519 4.93519 4.93519 4.93519 2.67805 2.18982 2.18982 2.18982 1.94680 1.69439 1.69439 1.69439 1.72381 1.88927 2.07172 2.25438 2.39756 2.40848 2.40848 2.40848 2.40848 2.40848 2.40848 2.42302 2.51823 2.48513 2.44801 2.41083 2.37370 2.35463 2.35463 2.35463 2.01840 1.29566 1.29566 1.29566 1.29566 1.29566 1.29566 1.29566 1.29566 1.29566 1.47041 2.17214 2.31563
5.92573 5.81715 5.41517 4.99725 4.55659 3.00300 2.72508 2.85647 2.97597 3.33654 3.76269 4.11208 4.62593 4.93337 4.93519 4.93519 4.93519 4.93519 4.93519 4.93519 4.93519 4.93519 4.93519 4.93519 4.93519 4.93519 3.50211 2.18982 2.18982 2.18982 2.11576 1.87327 2.05579 2.23846 2.39142 2.40848 2.40848 2.40848 2.40848 2.40848 2.40848 2.40848 2.51260 2.73636 2.96287 3.18297 2.53278 2.35463 2.35463 2.35463 2.35463 2.35463 2.35463 2.35463 2.31057 1.33438 1.29566 1.29566 1.29566 1.29566 1.29728 1.38972 1.53298 1.67658 1.82641 2.59747 2.66188
4.70231 4.38743 4.35640 4.34331 4.33697 3.74151 3.76386 4.23012 4.57683 4.69008 4.69008 4.74919 4.93519 4.93519 4.93519 4.93519 4.93519 4.93519 4.93519 4.93519 4.93519 4.93519 4.93519 4.93519 4.93519 4.93519 4.32919 2.26368 2.35982 2.45588 2.54134 2.42912 2.40848 2.40848 2.40848 2.40848 2.40848 2.42429 2.60467 2.83618 3.05845 3.24605 3.32687 3.31187 3.30100 3.34766 2.84105 2.35463 2.35463 2.35463 2.35463 2.35463 2.35463 2.35463 2.35463 1.62066 1.29827 1.39452 1.53807 1.68156 1.82343 1.87448 1.87448 1.87448 1.87448 2.37428 2.66188
4.33212 4.36718 4.41241 4.45795 4.49932 4.21852 4.10853 4.69008 4.69008 4.69008 4.69008 4.69952 4.92787 4.93519 4.93519 4.93519 4.93519 4.93519 4.93519 4.93519 4.93519 4.93519 4.93541 4.99007 5.08613 5.18223 5.25107 2.79384 2.55493 2.55493 2.55493 2.47534 2.40848 2.47793 2.71256 2.94319 3.13758 3.29175 3.30974 3.30039 3.30003 3.30003 3.30003 3.30003 3.30003 3.32255 3.14918 2.35463 2.35463 2.35463 2.35463 2.35463 2.35338 2.26998 2.13708 1.87963 1.82725 1.87448 1.87448 1.87448 1.87448 1.87448 1.87448 1.87448 1.87448 2.14369 2.66188
4.50266 4.50672 4.50672 4.50672 4.50672 4.47871 3.80956 4.69008 4.69008 4.69008 4.69008 4.69008 4.85349 4.93519 4.93519 4.93519 4.93519 4.93519 4.93519 4.97181 5.06711 5.16306 5.25887 5.30031 5.30031 5.30031 5.30031 3.59543 2.56049 2.82683 2.95813 3.12217 3.20354 3.30415 3.30007 3.30003 3.30003 3.30003 3.30003 3.30003 3.30003 3.30003 3.30003 3.30003 3.30003 3.30354 3.37943 2.42948 2.35447 2.28194 2.14908 2.01607 1.88452 1.83505 1.83505 1.83819 1.87399 1.87448 1.87448 1.87448 1.87448 1.87448 1.87448 1.98089 2.19313 2.43893 2.48115
4.50672 4.50672 4.50672 4.50672 4.50672 4.50672 3.87215 4.56061 4.69008 4.69008 4.69008 4.69008 4.77963 4.93519 4.93519 4.95710 5.04805 5.14397 5.24006 5.29954 5.30031 5.30031 5.30031 5.30111 5.62966 6.36402 7.01879 6.81043 5.70879 4.94931 3.39766 3.39689 3.30932 3.30003 3.30003 3.30003 3.30003 3.30003 3.30003 3.30003 3.30003 3.30003 3.30003 3.30003 3.30003 3.25961 3.19242 2.39701 1.89537 1.83505 1.83505 1.83505 1.83505 1.83505 1.83505 1.83505 1.86492 1.87448 1.90663 2.09734 2.30968 2.52192 2.73416 2.80399 2.61336 2.43400 2.02974
4.50672 4.50672 4.50672 4.50672 4.50672 4.50672 4.18042 4.21337 4.69008 4.69008 4.69008 4.69735 4.78723 5.12494 5.22104 5.29523 5.30031 5.30031 5.30111 5.58020 6.12402 6.79129 7.36599 7.86190 8.17338 8.20469 8.20469 8.09259 5.96671 5.64850 3.40568 3.39766 3.33935 3.30003 3.30003 3.30003 3.30003 3.30003 3.30003 3.30003 3.30003 3.26695 3.17914 3.09053 3.00195 2.95374 2.92490 2.51186 1.83505 1.83505 1.83505 1.83505 1.83505 1.83611 1.96212 2.17436 2.40442 2.63837 2.78232 2.72365 2.65617 2.59826 2.44161 1.99387 1.98376 1.98376 1.85315
4.50672 4.50672 4.50672 4.50672 4.50672 4.50672 4.46016 3.89731 4.73983 4.80392 4.86796 4.92473 4.93398 5.24286 5.58020 6.01752 6.56339 7.15528 7.66541 8.01766 8.19892 8.20469 8.20469 8.20469 8.20469 8.20469 8.20469 8.20469 6.54705 5.90296 3.85866 3.39766 3.37010 3.30003 3.30003 3.30003 3.30003 3.27345 3.18717 3.09857 3.01000 2.95447 2.95364 2.95364 2.95364 2.95364 2.94313 2.80448 1.85036 1.87947 2.07857 2.29091 2.50167 2.65872 2.66694 2.60522 2.55622 2.53328 2.50775 2.50757 2.50757 2.50757 2.49951 2.01586 1.98376 1.98376 1.93577
4.50672 4.50672 4.50672 4.50672 4.66198 4.97411 5.28635 4.34339 4.87855 4.91682 4.87880 4.85678 5.02660 6.58982 7.82691 8.09044 8.20469 8.20469 8.20469 8.20469 8.20469 8.20469 8.20469 8.20469 8.20469 8.20469 8.20469 8.20469 7.23796 5.90296 4.56618 3.39766 3.39526 3.28500 3.19517 3.10661 3.01794 2.95593 2.95364 2.95364 2.95364 2.95364 2.95364 2.95364 2.95320 2.89414 2.79412 2.50740 2.47738 2.63505 2.58740 2.53668 2.49346 2.48129 2.48129 2.48129 2.48129 2.50303 2.50757 2.50757 2.50757 2.50757 2.50757 2.15211 1.96439 1.93802 1.90558
4.58389 4.88237 5.19450 5.50674 5.65169 5.61439 5.57630 4.83650 4.61004 5.31032 5.57434 5.82250 5.87855 6.61966 8.20469 8.20469 8.20469 8.20469 8.20469 8.20469 8.20469 8.20469 8.20469 8.20469 8.20469 8.20469 8.20469 8.20469 7.92503 5.93422 5.49886 3.84992 4.07669 3.39893 2.95364 2.95364 2.95364 2.95364 2.95364 2.95364 2.94062 2.85280 2.77729 2.76699 2.76072 2.81305 2.90588 2.41839 2.27251 2.48129 2.48129 2.48129 2.48129 2.48129 2.48129 2.48129 2.48129 2.49485 2.50757 2.50940 2.52958 2.55848 2.59366 2.32640 1.85828 1.85828 1.85828
5.60610 5.58179 5.54368 5.51443 5.51866 5.54917 5.58055 5.47069 4.56428 5.87855 5.87855 5.87855 5.87855 6.00417 8.15537 8.20469 8.20469 8.20469 8.20469 8.20469 8.20469 8.20469 8.20469 8.20469 8.20469 8.21513 8.38690 8.61376 8.84046 7.15241 6.71268 4.39302 4.26124 3.81892 2.95364 2.95364 2.91090 2.84818 2.84083 2.83411 2.84038 2.92138 2.99026 2.99386 2.99386 2.99386 2.99386 2.67675 2.15748 2.48129 2.48129 2.48129 2.48129 2.48129 2.48129 2.47552 2.40833 2.35967 2.59507 2.63521 2.64400 2.64400 2.64400 2.54552 1.85852 1.85828 1.85828
5.52262 5.55399 5.58533 5.60790 5.60888 5.60888 5.60888 5.60888 4.40102 5.85585 5.87855 5.87855 5.87855 5.87855 7.61804 8.20469 8.20469 8.20469 8.20469 8.20469 8.20469 8.20615 8.34364 8.57024 8.79710 9.01334 9.06827 9.06827 9.06827 7.87367 6.76654 5.04049 4.22897 4.15400 2.94484 2.90119 2.93734 2.99328 2.99386 2.99386 2.99386 2.99386 2.99386 2.99386 2.99386 2.99386 2.99386 2.92137 2.09986 2.43126 2.48129 2.47788 2.41566 2.33198 2.24818 2.17030 2.15380 2.15507 2.56760 2.64400 2.64400 2.64400 2.64400 2.64400 1.97732 1.85653 1.71642
5.60888 5.60888 5.60888 5.60888 5.60888 5.60888 5.60888 5.60888 4.82783 5.37907 5.87855 5.87855 5.87855 5.87855 6.95509 8.20469 8.20469 8.20469 8.30097 8.52697 8.75375 8.97906 9.06827 9.06827 9.06827 9.06827 9.06725 8.84781 8.34512 7.37527 5.40250 4.74682 4.30146 4.30146 3.37310 2.99386 2.99386 2.99386 2.99386 2.99386 2.99386 2.99386 2.99386 2.99386 2.99386 2.99386 2.99386 2.99222 2.22087 2.17444 2.25555 2.17525 2.15380 2.15380 2.15380 2.15380 2.15380 2.15380 2.39068 2.64400 2.64400 2.59318 2.37873 2.15180 1.47523 0.913991 0.854266
5.60888 5.60888 5.60888 5.60888 5.60888 5.60888 5.60888 5.60888 5.41913 4.73781 5.87855 5.87855 5.87855 5.87855 6.35128 8.48371 8.71049 8.93718 9.06758 9.06827 9.06827 9.06696 8.89523 8.50171 7.98778 7.47279 6.95852 6.66462 6.65328 6.63875 5.02947 4.80267 4.30180 4.30146 3.78395 2.99386 2.99386 2.99386 2.99386 2.99386 2.99386 2.99386 2.99386 2.99337 2.94290 2.85916 2.77546 2.69339 2.20376 1.87395 2.15380 2.15380 2.15380 2.15380 2.15380 2.15380 2.15043 2.04602 1.96697 2.02850 1.80147 1.73743 2.02496 2.32786 2.34590 1.89732 2.11053
5.60888 5.60888 5.60888 5.60888 5.60888 5.60888 5.60888 5.60888 5.60888 4.49772 5.91154 6.11423 6.34100 6.56769 6.73858 8.81100 9.06667 8.89232 8.59459 8.14465 7.63054 7.11666 6.77339 6.65338 6.65328 6.65328 6.65328 6.65328 6.65328 6.65328 5.54703 4.87270 4.39303 4.30146 4.18299 3.00563 2.99386 2.99386 2.99386 2.99386 2.95020 2.86650 2.78276 2.69958 2.66637 2.66637 2.66637 2.66637 2.45567 1.77638 2.13637 2.15380 2.11056 1.96375 1.81247 1.66481 1.65274 1.80841 2.01662 2.68657 3.03465 3.22560 3.22851 3.22851 3.18019 2.17158 2.14344
5.60888 5.60888 5.60888 5.60888 5.60888 5.60888 5.60742 5.57869 5.53970 4.98990 6.41140 6.74214 6.78651 6.87407 6.92988 7.41731 7.27480 6.93417 6.71651 6.65328 6.65328 6.65328 6.65328 6.65328 6.65328 6.65328 6.65328 6.65328 6.65328 6.65328 6.07932 4.87270 4.55435 4.30146 4.30146 3.29827 2.95738 2.87380 2.79010 2.70642 2.66637 2.66637 2.66637 2.66637 2.66637 2.66637 2.66637 2.66549 2.62811 1.76320 1.74754 1.78555 1.87955 2.07702 2.27895 2.47723 2.54347 2.54347 2.54347 2.92406 3.22851 3.22851 3.22851 3.22851 3.22851 2.42346 2.11305
5.60888 5.60888 5.60888 5.59005 5.55105 5.51207 5.47453 5.49650 5.58317 5.55145 6.01584 6.82864 6.64722 6.42305 6.23048 6.34999 6.65328 6.65328 6.65328 6.65328 6.65328 6.65328 6.65328 6.65328 6.65328 6.65328 6.65328 6.65328 6.65328 6.65328 6.56429 4.91980 4.66708 4.08971 3.92175 3.28652 2.66657 2.66637 2.66637 2.66637 2.66637 2.66637 2.66637 2.65939 2.62837 2.58281 2.50374 2.42367 2.36599 2.43531 2.61288 2.54347 2.54347 2.54347 2.54347 2.54347 2.54347 2.54347 2.54347 2.71952 3.22851 3.22851 3.17355 2.91144 2.68037 2.12496 1.62513
5.56242 5.52342 5.50641 5.57010 5.65766 5.74513 5.81261 5.82353 5.77999 5.73559 5.33667 6.20588 6.20588 6.20588 6.20588 6.23152 6.64481 6.65328 6.65328 6.65328 6.65328 6.65328 6.65328 6.65328 6.65328 6.65328 6.65328 6.65328 6.62588 6.47341 6.30538 4.84712 4.21928 3.68368 3.66135 3.52249 2.66687 2.66637 2.66630 2.64751 2.59575 2.51518 2.43422 2.36032 2.31040 2.27506 2.27323 2.27323 2.27323 2.44015 2.68022 2.54411 2.54347 2.54347 2.54347 2.54347 2.54347 2.54347 2.53298 2.49880 2.67326 2.48576 2.35246 2.33994 2.33994 2.20360 1.61656
5.73210 5.81944 5.85854 5.81778 5.77341 5.72896 5.70469 5.70463 5.70463 5.70463 5.29137 6.11416 6.20588 6.20588 6.20588 6.20588 6.54357 6.65328 6.65328 6.65328 6.65328 6.65328 6.65328 6.65328 6.64105 6.50529 6.33726 6.16923 6.02866 6.01317 6.01317 5.25517 4.23258 3.82689 3.65730 3.60249 2.70076 2.44567 2.36486 2.30274 2.27355 2.27323 2.27323 2.27323 2.27323 2.27323 2.27323 2.27323 2.27323 2.32242 2.69538 2.57356 2.54347 2.54347 2.53562 2.47909 2.41423 2.34931 2.29494 2.28891 2.32585 2.33994 2.33994 2.33994 2.33994 2.33670 1.68361
5.76677 5.72258 5.70463 5.70463 5.70463 5.70463 5.70463 5.70463 5.70463 5.70463 5.54796 5.72137 6.20588 6.20588 6.20588 6.20588 6.41660 6.65328 6.65328 6.65328 6.65021 6.53710 6.36913 6.20110 6.04530 6.01317 6.01317 6.01317 6.01317 6.01312 5.87661 5.31009 4.12688 3.77907 3.29430 3.26821 2.76003 2.27323 2.27323 2.27323 2.27323 2.27323 2.27323 2.27323 2.27323 2.27323 2.27323 2.27323 2.27323 2.27323 2.62093 2.55927 2.41927 2.35429 2.29728 2.28891 2.28891 2.28891 2.28891 2.28891 2.31012 2.33994 2.33994 2.33994 2.34261 2.35163 1.90160
5.70463 5.70463 5.70463 5.70463 5.70463 5.70463 5.70463 5.70463 5.70463 5.70463 5.70419 5.42909 6.20588 6.20588 6.20588 6.20588 6.28977 6.56904 6.40101 6.23292 6.06809 6.01317 6.01317 6.01317 6.01311 6.00381 5.77042 5.40252 5.03501 4.66733 4.43595 4.43227 4.10351 3.92256 3.26821 3.26821 3.07269 2.27323 2.27323 2.27323 2.27323 2.27323 2.27323 2.27323 2.27323 2.27323 2.26957 2.21888 2.15402 2.08911 2.26495 2.40912 2.28891 2.28891 2.28891 2.28891 2.28891 2.28891 2.28891 2.28936 2.30200 2.35649 2.36602 2.37531 2.33968 2.22512 2.04457
5.70463 5.70463 5.70463 5.70463 5.70463 5.70463 5.70463 5.70463 5.70463 5.70463 5.70463 5.31753 6.18063 6.15051 5.98549 5.81746 5.65104 5.96844 6.01317 6.01310 6.00693 5.96633 5.66042 5.29260 4.92507 4.56647 4.43227 4.43227 4.43227 4.43227 4.43227 4.43227 4.22126 4.03577 3.37065 3.26821 3.26572 2.39263 2.27323 2.27323 2.27323 2.27323 2.27109 2.22392 2.15906 2.09413 2.03290 2.01867 2.01867 2.01867 2.13564 2.44023 2.30285 2.28891 2.28891 2.29234 2.30154 2.31082 2.31825 2.25010 2.13637 2.06069 1.95514 1.83900 1.76506 1.76382 1.81795
5.70463 5.70463 5.70463 5.70463 5.70463 5.70463 5.70463 5.70463 5.70463 5.65221 5.34770 4.88201 5.32750 5.56871 5.56586 5.61811 5.71360 5.83956 5.55048 5.18265 4.82124 4.49394 4.43227 4.43227 4.43227 4.43227 4.43227 4.43227 4.43227 4.43227 4.43227 4.43227 4.33900 4.03585 3.58630 3.26821 3.26821 2.70296 2.27216 2.22894 2.16405 2.09917 2.03642 2.01867 2.01867 2.01867 2.01867 2.01867 2.01867 2.01867 2.03618 2.47068 2.39635 2.30128 2.20871 2.09837 1.98246 1.86627 1.75206 1.71279 1.71279 1.73750 1.76382 1.76382 1.76382 1.76382 1.76382
