High_resolution/powerplant/Chizhou/OMI_NO2_200811.asc
ncols      200
nrows      200
xllcorner       115.585
yllcorner       28.7700
cellsize     0.0166667
NODATA_Value      -999.000
[rows 29 to 57 of 164, columns 0 to 66 of 200]
   9     *       9     *        ?     *     >      *       9      ?*                    :*               =*                3*               <*                  9*                 8*               <*               >*                9*                :*                ?*                  3*              >*                  
              9*                3*                   8*              2*            =*                 >*                 3*                 2*                ?*       *      ?     *     =      *        =      *       ?      *        9      *      8     *     2     *    <      8*              :*                 8*                 3*                ;*                <*        
?*                   ?*                    ?*                    2*                   <*               >*                 :*                   ;*                  <*               :*               >*                ;*                  3*               3*                  >*     *      9     *       =     *       8     *      3   
         >*                 ?*              :*                 >*                 9*                 3*                >*              ?*                 3*                 >*                  >*                 <*                 9*                   8*                 ;*                 :*                   9*                  
8.55368 8.55248 8.54713 8.54574 8.51991 8.48987 8.46233 8.19001 8.34362 8.89977 9.17194 9.46300 10.0466 10.1709 10.2498 10.4090 10.4363 10.4636 10.4908 10.4193 9.73837 9.74133 9.74496 9.91885 9.99630 9.99995 10.0037 10.0088 10.0142 10.0234 11.1599 11.4741 14.1326 14.9471 15.0808 15.9849 16.3136 16.9366 17.6182 18.5715 18.7055 18.7031 18.6664 18.6651 18.6651 18.6651 18.6651 18.6651 18.6587 16.9350 15.7401 15.5897 15.4755 15.9755 15.5491 15.3923 15.2441 13.3623 13.4123 13.4459 13.5400 13.9299 13.8973 13.9561 14.0172 14.1627 14.4456
8.51849 8.48161 8.44897 8.41233 8.40016 8.49387 8.84708 8.76317 8.76251 9.48871 9.61613 9.82062 10.1189 10.3760 10.4192 10.5625 10.5650 10.5650 10.5650 10.5650 9.88188 9.77366 9.77407 9.88206 10.0214 10.0231 10.0278 10.1583 10.3551 10.5518 11.4623 12.0341 13.8644 15.3606 15.5841 16.3277 16.9627 17.2831 17.5212 18.6647 18.6651 18.6651 18.6651 18.6678 18.7315 18.8229 18.9174 19.0131 18.9742 17.6016 15.9369 14.7408 14.4730 14.6193 14.9756 14.9966 15.1087 14.2414 14.1708 14.9246 15.3016 15.2453 14.0616 14.0378 14.0290 13.9287 14.1540
8.39227 8.42163 8.72434 9.09474 9.46527 9.75648 9.80681 9.53308 8.87159 9.56648 9.75090 9.88495 10.0433 10.4159 10.4159 10.5279 10.5650 10.5650 10.5658 10.5678 10.0811 9.77955 9.78085 9.91343 10.3114 10.5081 10.7018 10.7826 10.9658 11.1985 11.7454 12.8362 13.9345 15.9465 15.7750 16.0463 16.9006 17.1666 17.5299 18.7850 19.0806 19.1622 19.1668 19.0018 18.6939 18.3564 18.0186 17.6832 17.4931 16.9154 15.4945 13.9103 13.9983 14.4589 15.8387 16.4508 16.8098 16.0767 14.7780 15.3392 15.3298 15.2096 14.1092 13.6035 13.4610 13.4283 13.7264
9.35562 9.73288 9.83622 9.87255 9.90887 9.92626 9.92626 9.89378 8.97630 9.39429 9.73772 9.82293 9.93953 10.3679 10.4173 10.4868 10.5702 10.5722 10.5733 10.6337 10.5588 10.2204 10.4172 10.5668 11.0024 11.2573 11.4905 11.7351 11.8317 11.9708 12.1701 13.4047 13.9428 16.8588 17.1878 17.2551 17.4085 17.4528 17.7713 18.0629 18.0571 17.7423 17.5092 17.4438 17.4438 17.4438 17.4447 17.4836 17.5505 17.7505 16.5778 15.4919 15.5715 15.6557 16.4644 16.8674 16.8631 16.4810 14.3483 14.8803 14.7619 14.7297 14.2058 13.4283 13.4283 13.4283 13.6091
9.92575 9.92626 9.92626 9.92626 9.92626 9.92626 9.92626 9.92626 9.29121 9.25398 9.70730 9.83816 10.0470 10.2848 10.4242 10.4768 10.8009 11.0257 11.2505 11.5115 11.7072 11.1029 11.4429 11.7849 12.1528 12.4351 12.6350 12.8201 12.9879 13.0417 13.0499 13.8848 14.3768 16.8123 17.2447 16.7443 16.5093 16.2902 16.6635 17.0190 17.4438 17.4438 17.4532 17.5070 17.5679 17.8190 18.2001 18.5432 18.8582 18.9578 17.7263 16.4535 15.6541 15.5847 15.9501 16.5642 16.4845 16.4540 14.2782 14.5254 14.7297 14.7297 14.6142 13.4427 13.4283 13.4283 13.4919
9.92626 9.92626 9.92626 9.92626 9.92626 9.93039 9.96470 10.0050 9.73857 9.28765 9.77072 9.92760 10.2391 10.5930 11.0530 11.4081 11.8286 12.1162 12.3817 12.5664 12.6368 12.7012 12.7805 12.8330 12.9366 13.0691 13.0763 13.0777 13.0797 13.0820 13.0844 13.5111 14.3786 15.6411 16.5501 16.2699 16.2439 16.2439 16.5068 16.9419 17.5869 17.8050 18.1776 18.5058 18.8268 18.9578 18.9578 18.9578 19.0113 19.0709 18.3477 16.9982 15.2819 15.2459 15.4230 16.3705 16.4576 16.4576 14.7612 14.3185 14.7297 14.7297 14.7297 13.7461 13.4232 13.4198 13.4159
9.92626 9.93287 9.96948 10.0098 10.0502 10.0864 10.0924 10.0924 10.1896 9.64570 10.4267 11.1183 11.4673 11.7473 12.3289 12.4834 12.6309 12.7684 12.8404 12.8969 12.9012 12.9012 12.9014 12.9033 12.9276 13.0843 13.0866 13.0888 13.0891 13.0891 13.0891 13.1513 14.3390 15.1456 16.5126 16.5818 16.4133 16.5336 16.8071 17.8209 18.6857 18.9732 18.9788 18.9922 19.0870 19.1618 19.1875 19.2129 19.1850 19.1508 18.9013 17.4608 15.5357 15.3416 15.3498 16.2952 16.5728 16.5779 15.3718 14.2927 14.8114 14.7874 14.7289 14.2088 13.5479 13.5272 13.5071
10.0594 10.1130 10.1371 10.1568 10.2249 10.4854 10.7642 11.2402 11.6452 11.2527 11.7332 12.1321 12.3021 12.3306 12.6114 12.8098 12.8947 13.0439 13.0844 13.1257 13.1668 13.2076 13.2486 13.2874 13.3262 13.5172 13.5801 13.6188 13.6573 13.7128 13.8499 13.9983 15.0560 15.8040 17.0667 17.4000 17.2147 17.3411 17.3495 18.2407 18.9756 19.3351 19.3564 19.3685 19.2993 19.2499 19.2498 19.2498 19.2498 19.2498 19.2496 17.8035 16.3129 15.4170 15.3706 15.7833 16.2637 16.1566 15.5133 14.1444 14.4917 14.5733 14.5125 14.1723 12.6405 12.0372 11.3924
10.3117 10.5179 10.8250 11.2812 11.7073 11.9444 12.1627 12.3138 12.2947 11.9839 12.4213 13.0343 13.3401 13.4776 13.7561 14.1412 14.3056 13.8826 13.8455 13.8455 13.8455 13.8455 13.8455 13.8455 13.8455 13.9871 14.1645 14.2741 14.3837 14.4895 14.6470 14.8290 15.5179 16.5044 17.3199 17.9067 17.5572 17.6209 17.6439 18.1170 18.8609 19.2509 19.2498 19.2498 19.2498 19.2498 19.2498 19.2337 19.1304 19.0197 18.9141 17.9187 16.6636 15.2537 15.1721 15.1150 15.7745 15.7242 15.4562 13.4446 13.1344 12.9702 12.4719 12.1377 11.0823 10.7314 10.7314
11.7595 12.0272 12.1929 12.2095 12.1992 12.1494 12.0985 12.1643 12.2260 12.3778 12.7470 13.6119 14.1401 14.1886 14.1879 14.4841 14.4953 14.0625 13.8455 13.8455 13.8456 13.9061 14.0157 14.1253 14.2349 14.3714 14.6070 14.7888 14.9706 15.1396 15.2010 15.3964 15.7300 16.7719 17.3031 17.8856 17.7235 17.4874 17.4841 17.6061 18.6377 19.2407 19.2247 19.1160 19.0056 18.8791 18.6644 18.4355 18.2763 18.1270 17.9779 17.6229 16.8166 15.0295 14.9994 14.9024 14.8047 14.2920 13.8123 11.8067 11.6207 12.1176 12.1264 12.1106 11.4211 10.4570 10.3212
12.2072 12.1666 12.1130 12.1124 12.2147 12.3581 12.5052 12.8004 12.9472 12.9472 13.0039 13.7971 14.0965 14.1961 14.1742 14.3967 14.5004 14.3435 14.0430 14.1526 14.2621 14.3113 14.3909 14.5724 14.7541 14.9487 15.2353 15.4538 15.6792 15.8964 15.9656 15.8260 15.6560 16.1385 16.5966 17.5091 17.6970 17.5795 17.7847 17.6625 18.5325 18.6185 18.3354 18.1810 18.0318 17.9035 17.8672 17.8672 17.8672 17.8716 17.9445 17.9895 16.9504 15.4182 14.5251 14.1361 13.6679 13.5085 13.5085 12.1773 11.5414 11.7937 11.7747 11.6740 11.4931 10.1911 10.1880
12.3458 12.4785 12.6257 12.7199 12.7216 12.7216 12.7216 12.8156 12.9472 12.9472 12.8948 13.7956 13.9670 14.1729 14.1301 14.3724 14.9345 14.9080 14.3642 14.5321 14.7141 14.8959 15.1092 15.3349 15.5605 15.7851 15.9941 15.8639 15.6941 15.5325 15.5690 15.7355 15.9719 16.7581 17.7628 18.8112 19.4418 19.3641 19.0242 17.7556 18.0788 18.2158 17.8672 17.8672 17.8672 17.8900 17.9820 18.0677 17.9600 17.7766 17.5244 17.2701 16.5344 15.5065 14.2131 14.1631 13.7813 13.4364 13.3977 12.4337 11.4284 11.5241 11.6606 11.6606 11.6606 10.5133 10.1880
12.7333 12.7216 12.7216 12.7216 12.7216 12.7216 12.7216 12.7589 12.9428 12.9192 12.8778 13.5674 13.7416 14.0901 14.1048 14.3169 15.3110 15.5125 15.3059 15.3923 15.6180 15.8431 15.8947 15.7549 15.6278 15.5017 15.8230 16.3539 16.7674 17.1719 17.4818 17.6722 17.7986 17.8817 18.5620 18.8744 19.1060 19.1322 18.9943 17.7960 17.7346 18.4574 18.0193 18.1120 18.0290 17.8270 17.5560 17.2910 17.2195 17.2195 17.2167 16.9802 16.1351 14.9065 14.1066 14.0690 13.8237 13.3664 13.3579 12.8249 11.4284 11.4508 11.6586 11.6606 11.6606 11.0094 10.1529
12.7460 12.7216 12.7216 12.7216 12.7159 12.6943 12.6718 12.6502 12.8226 12.8408 12.8433 13.5421 14.0091 14.5488 14.9952 15.2082 16.1321 16.6193 16.3811 15.9257 15.7988 15.6721 15.6674 15.9461 16.2167 16.4705 16.9754 17.7977 17.7784 17.7476 17.7202 17.7160 17.7160 17.7160 18.3445 18.7839 19.0859 19.3236 19.1846 18.4837 17.9914 18.4587 17.6086 17.3155 17.2195 17.2195 17.1707 16.8145 16.3458 15.8336 15.2931 15.0277 14.8478 13.8195 13.7797 13.7414 13.5591 13.0865 12.9222 12.7510 11.3254 11.2827 11.4046 11.4014 11.3416 11.0643 9.45525
12.7512 12.6916 12.6690 12.6475 12.6509 12.6785 12.7081 12.8022 13.0717 13.3043 13.6061 14.2919 14.9961 15.5382 15.9914 15.8635 16.0795 16.4384 16.3659 16.0519 16.2520 16.4309 16.7912 16.9000 16.9027 16.9082 16.9856 17.9110 17.9624 17.9956 18.0290 18.0624 18.1511 18.4054 19.0431 19.0512 19.3409 19.2930 18.7128 18.2552 17.2317 17.1933 16.4441 15.8047 15.3032 14.7522 14.2338 14.1096 14.0953 14.0953 14.0953 14.0953 14.0953 13.1699 12.9724 12.9685 12.8575 12.4993 12.1791 12.1556 11.0923 10.9366 11.0932 11.2821 11.3225 11.3415 9.72266
12.8005 12.8124 12.8466 12.9075 13.0877 13.3213 13.6496 13.9140 14.0574 14.1819 14.2078 14.5225 15.6080 15.7509 16.4793 16.6698 16.9822 17.8902 17.9793 17.3368 17.2400 17.2557 17.3776 17.5615 17.5615 17.5615 17.5615 18.3002 18.6237 18.8555 19.0872 19.3194 19.4923 19.4846 19.6136 19.1809 18.8628 18.9890 18.2501 17.6950 15.9012 15.3386 14.5834 14.1134 14.0953 14.0953 14.0953 14.0953 14.0953 14.0953 14.0924 14.0714 14.0461 13.3662 12.7468 12.7184 12.7767 12.8267 12.3026 12.3408 11.5335 11.0934 10.7510 10.2403 9.47514 8.70328 8.29694
13.3070 13.5117 13.8108 14.1157 14.2771 14.3755 14.3793 14.3307 14.3492 14.4746 14.5946 14.8694 16.6427 16.6285 17.2477 17.3796 17.3556 17.9813 18.1362 17.6198 17.2557 17.2557 17.2883 17.5651 17.7241 17.9559 18.1878 18.9074 19.5052 19.4891 19.4684 19.4477 19.4306 19.3835 19.1638 18.7013 17.5412 17.1526 16.6119 16.5422 15.4156 14.9478 14.7440 14.0953 14.0953 14.0907 14.0683 14.0429 14.0244 13.9309 13.7777 13.6480 13.5225 13.3688 13.3187 13.3969 13.4400 13.3900 12.1370 11.1530 9.81222 8.40031 8.01740 8.22275 8.27906 8.27906 8.27326
14.3440 14.4165 14.3793 14.3603 14.2364 14.5479 14.8434 15.0226 15.1467 15.1797 15.2125 15.2260 16.5963 16.7019 17.0718 17.3896 17.3661 17.7348 18.1362 17.9054 17.4775 17.7091 17.9412 18.4151 18.5481 18.5350 18.5143 18.7300 19.4329 19.3391 19.1002 18.8590 18.5836 18.1668 17.8994 17.3354 15.9782 16.2810 16.2693 16.5157 15.8503 14.9900 15.0355 14.2438 14.0996 13.9531 13.8254 13.7000 13.5657 13.5074 13.5074 13.5074 13.4994 13.4181 13.1665 12.5786 11.9500 11.3715 10.0833 9.25083 8.93574 8.00811 8.00294 8.09075 8.16832 8.11001 8.06166
14.3300 14.1941 14.0489 13.9650 13.9866 14.5898 15.2259 15.2260 15.2260 15.2260 15.2260 15.2260 16.2989 16.7381 16.8556 17.4215 17.5578 17.8496 18.8809 19.0591 18.2786 18.2336 18.2130 18.3488 18.4762 18.3221 18.0813 17.8645 18.5069 18.2060 17.9545 17.7052 17.4901 17.4691 17.5177 17.4673 15.8162 15.7875 15.6332 15.3618 15.0785 14.8901 14.6847 13.8175 13.5074 13.5074 13.5074 13.5074 13.4765 13.3810 13.2228 12.6666 12.0462 11.4981 11.0143 10.9471 10.9471 10.9471 10.5543 9.22557 9.13159 7.94318 7.91585 7.93230 8.05843 8.05850 8.05850
13.9816 13.9947 14.0270 14.0461 14.0461 14.2367 15.2260 15.2260 15.2260 15.2260 15.2260 15.2717 16.0784 17.2576 17.2238 17.9661 18.0429 18.0053 18.9383 19.0773 18.4286 17.9558 17.7147 17.5394 17.5388 17.3001 17.0841 16.9378 17.4228 17.6492 17.6550 17.5083 17.3429 17.1529 16.8513 16.5836 14.9080 14.4836 14.2430 14.2289 14.4499 14.4499 14.4499 14.0131 13.4402 13.3428 13.2097 12.6875 12.0900 11.5569 11.0865 11.0144 11.0144 11.0144 10.9869 10.9244 10.9003 10.8763 10.8145 9.30693 9.15715 8.10667 7.91442 7.91442 8.02876 8.05850 8.05850
13.9954 13.9954 14.0118 14.0461 14.0461 14.0461 15.0618 15.2881 15.4457 15.6044 15.7631 15.8761 16.1566 17.6558 17.1865 17.4039 17.4466 17.4939 18.0250 18.3339 17.8625 17.2969 17.1550 17.0132 17.1464 17.1247 16.9832 16.7482 16.8023 16.8597 16.5877 16.5008 16.4267 16.3613 16.3512 16.3512 15.1955 14.4140 14.2222 14.1347 14.3415 14.2471 14.1411 13.5427 12.1469 11.6160 11.1208 11.0144 11.0144 11.0144 11.0131 10.9943 10.9702 10.9462 10.9183 10.8517 10.8229 10.7868 10.7511 9.62445 8.98310 8.33197 8.03368 8.04857 8.14199 8.25436 8.27192
13.9954 13.9954 13.9979 14.1372 14.3200 14.5014 15.3175 15.8798 15.8807 15.8803 15.7723 15.5813 15.4247 17.0613 16.8723 16.9035 16.8032 17.0583 17.5538 18.2298 17.8695 16.7701 16.5804 16.3798 16.1509 15.8808 15.7910 15.7170 15.7894 16.3124 16.2726 16.2326 16.1927 16.1529 16.1132 16.0250 15.0915 13.6518 13.3006 12.9327 12.9500 12.6906 12.3438 12.0624 10.4413 10.3425 10.3052 10.2531 10.1923 10.1330 10.0737 10.0330 9.99658 9.96101 9.92481 9.83763 9.81619 9.81619 9.81619 9.22427 8.11992 8.25616 8.45436 8.53806 8.67770 9.08013 9.22764
14.2920 14.4734 14.6548 14.7806 14.7943 14.8193 15.1609 15.8753 15.7831 15.6722 15.6684 15.7479 15.8033 16.8425 17.0570 16.3927 15.7675 15.3390 15.6424 16.4567 16.2940 15.3301 15.0115 14.9042 14.8523 14.8125 14.7726 14.7325 14.7043 15.3547 15.4034 15.3219 15.1795 15.0372 14.8948 14.7142 14.0863 11.9644 11.5387 11.2679 11.5411 11.7769 11.7767 11.7619 10.3745 9.91407 9.89065 9.88353 9.88353 9.88353 9.88353 9.88353 9.88353 9.88353 9.88353 9.84957 9.81619 9.88299 10.0181 9.98047 8.52602 8.66348 9.07182 9.11763 9.13465 9.50464 9.60779
15.4400 15.5687 15.6777 15.6459 15.5651 15.4124 15.2503 16.1602 16.2061 16.2065 16.3209 16.4060 16.4270 16.6136 16.3040 14.3035 14.0304 13.8868 14.3006 15.2461 15.7576 15.2154 14.6920 14.6920 14.6920 14.6920 14.6846 14.5749 14.4326 14.7745 14.8596 14.7531 14.5038 14.2300 13.9563 13.7691 13.6626 11.6540 11.4439 11.2789 11.4188 11.7155 11.6924 11.6832 10.8449 9.88353 9.88353 9.88353 9.88353 9.88353 9.88353 9.88561 9.94334 10.0217 10.1060 10.1905 10.2825 10.3070 10.2502 10.2093 9.30498 8.75573 9.08324 9.06177 9.05940 9.32338 9.57363
15.7000 15.4438 15.2072 15.1391 15.1659 15.1660 15.2323 15.9456 16.1969 16.1842 16.0080 15.8654 15.8016 15.8522 16.3681 14.1845 13.9629 13.8112 14.0614 14.8454 15.7576 15.5300 14.6689 14.5394 14.3970 14.2546 14.1197 14.0694 13.8518 13.8771 14.0159 13.7878 13.6652 13.4733 13.2816 13.0966 12.9843 11.8102 11.5685 11.4096 11.4129 11.6386 11.6832 11.6832 11.3313 9.82788 9.78651 9.83003 9.90490 9.98523 10.0715 10.1617 10.1844 10.1844 10.1844 10.1405 9.83038 9.51274 9.26406 9.01891 8.97246 8.72263 9.03137 9.09772 9.09772 9.21144 9.57363
