High_resolution/powerplant/Chizhou/OMI_NO2_200804.asc
ncols      200
nrows      200
xllcorner       115.585
yllcorner       28.7700
cellsize     0.0166667
NODATA_Value      -999.000
[rows 116 to 144 of 187, columns 0 to 66 of 200]
0.00000 0.00000 1.88079 1.88079 1.93953 1.94396 1.94396 1.94396 1.94396 1.94396 1.94396 1.94396 1.98649 2.11102 2.23417 2.34423 2.45124 2.58719 2.72410 2.75273 2.85513 2.91423 2.93784 2.95757 2.97359 3.22873 3.40192 3.40192 3.40192 3.40192 3.40192 3.40192 3.40192 3.07704 2.85612 2.87664 2.99143 3.10745 3.22224 3.35750 3.43873 3.42796 2.80491 2.76586 2.76586 2.76586 2.76586 2.79767 2.77066 3.15247 3.12105 2.93901 2.83234 2.93954 3.06409 3.06409 3.06409 3.06409 3.06409 3.06409 3.06409 3.06409 3.06322 3.06073 3.05825 3.45348 3.63306
1.20369 1.20369 1.40683 1.60304 1.74659 1.86451 1.94837 2.03103 2.11203 2.19155 2.26887 2.34501 2.39089 2.38108 2.37272 2.37217 2.37217 2.37722 2.40031 2.45412 2.70788 2.97989 2.98051 2.98051 2.98051 3.11391 3.38874 3.40192 3.40192 3.40192 3.41007 3.49300 3.58626 3.50561 3.29444 3.37112 3.37970 3.37970 3.38580 3.44150 3.43164 3.41959 2.97250 2.70261 2.67888 2.52665 2.32854 2.21570 2.12083 2.48270 2.80139 2.79891 2.79642 2.82652 3.02370 3.02138 3.01889 3.01640 3.01390 3.01141 3.00893 3.00644 3.00483 3.00481 3.00481 3.26304 3.58459
1.20369 1.20369 1.29369 2.45933 2.45602 2.37217 2.37217 2.37217 2.37217 2.37217 2.37217 2.37217 2.37217 2.37242 2.41007 2.46664 2.51491 2.55367 2.54459 2.53640 2.65903 3.00388 3.01799 3.03224 3.04640 3.07505 3.31578 3.47714 3.55709 3.63009 3.69137 3.69543 3.68579 3.63091 3.23020 3.22021 3.21055 3.20087 3.19121 3.19282 3.19441 3.12906 2.71236 1.98319 1.80880 1.76279 1.76279 1.89410 2.07234 2.28081 2.77238 2.77238 2.77238 2.77238 2.96183 3.00481 3.00481 3.00481 3.00481 2.99445 2.97342 2.95238 2.93134 2.91031 2.88929 2.97076 3.32646
1.20369 1.20369 1.20369 2.38984 2.50862 2.42180 2.43604 2.45016 2.46443 2.47860 2.49276 2.52213 2.62455 2.67038 2.69392 2.70455 2.71523 2.72582 2.72621 2.72249 2.77308 3.26813 3.33936 3.40213 3.45775 3.64861 3.53556 3.61755 3.61755 3.61755 3.61755 3.61755 3.61755 3.61755 3.24357 3.18091 3.18091 3.15657 3.05435 2.94834 2.76183 2.69059 2.60628 1.76452 1.76279 1.76279 1.76279 1.82868 2.07234 2.11723 2.75143 2.73628 2.71526 2.69423 2.78729 2.88459 2.86355 2.84253 2.82152 2.81085 2.81085 2.81085 2.81085 2.81085 2.81085 2.81756 3.26838
1.20369 1.20369 1.20369 2.14060 2.55732 2.62419 2.62562 2.62562 2.62562 2.62562 2.62562 2.62772 2.74261 2.75095 2.75095 2.75095 2.76726 2.84221 2.91206 2.96136 3.02352 3.47339 3.51899 3.51899 3.51899 3.65605 3.50135 3.61085 3.61755 3.61755 3.61755 3.61755 3.61755 3.61061 3.25738 3.00118 2.95210 2.92796 2.98159 2.96668 2.69094 2.69588 2.70678 1.99969 1.81338 1.82790 1.84242 1.86532 2.17310 2.19521 2.50681 2.57842 2.57842 2.57842 2.61705 2.81085 2.81085 2.81085 2.81085 2.81085 2.81085 2.81085 2.82548 2.90452 2.99124 3.07790 3.46685
1.20369 1.20369 1.20369 1.79376 2.55469 2.61415 2.62562 2.62562 2.62562 2.62562 2.62562 2.63120 2.78426 2.89332 2.96204 3.02473 3.07148 3.07557 3.07551 3.05766 3.05593 3.36802 3.51899 3.51899 3.51899 3.59007 3.54754 3.57756 3.61755 3.61743 3.55785 3.45833 3.39310 3.30217 3.17137 3.02987 3.03904 3.04774 3.05646 3.06515 2.84645 2.78620 2.78620 2.36949 1.89026 1.89026 1.89026 1.89026 2.13489 2.19981 2.41470 2.57842 2.57842 2.57842 2.57842 2.77408 2.81085 2.81085 2.81714 2.88720 2.97389 3.06057 3.13261 3.14021 3.14021 3.14021 3.35978
1.20369 1.20369 1.20369 1.32375 2.54173 2.60097 2.62562 2.68498 2.79281 2.88847 2.97314 3.04546 3.06672 3.07557 3.07557 3.07557 3.07557 3.07557 3.07557 3.06244 3.05593 3.27221 3.51899 3.51899 3.48689 3.42702 3.43298 3.28470 3.18353 3.08256 3.04100 3.03943 3.00362 3.00034 3.00961 3.07834 3.07834 3.07834 3.07834 3.07834 2.95204 2.78620 2.78620 2.60758 1.89026 1.89026 1.89026 1.89026 2.06942 2.19981 2.32251 2.57842 2.57842 2.57842 2.58117 2.79394 2.95653 3.04325 3.12361 3.14021 3.14021 3.14021 3.14021 3.14021 3.14021 3.14021 3.25072
1.20369 1.20369 1.29397 1.79537 2.79789 2.99954 3.04273 3.08394 3.06365 3.06273 3.06273 3.06273 3.06297 3.07473 3.07557 3.07520 3.05816 3.03214 3.00616 2.93174 2.80223 2.85642 3.07053 3.00492 3.00545 3.08119 3.22352 3.19933 3.01191 3.00034 3.00034 3.00034 3.00034 3.00034 3.00034 3.06833 3.07834 3.07834 3.07725 3.07179 3.02604 2.76326 2.75587 2.73901 1.95894 1.89026 1.89026 1.89026 2.00400 2.19981 2.23165 2.65655 2.87390 3.09241 3.30808 3.33801 3.14021 3.14021 3.14021 3.14021 3.14021 3.14021 3.14021 3.14021 3.14021 3.14021 3.15456
2.64385 2.88924 3.06079 3.09790 3.28034 3.36850 3.24507 3.25383 3.22639 3.19654 3.17332 3.15010 3.12717 3.10698 3.09001 3.07185 3.07039 3.07782 3.08524 3.05027 2.86275 2.94168 3.13369 3.20951 3.25120 3.25129 3.30142 3.22705 3.07247 3.00034 3.00034 3.00034 3.00034 2.99974 2.99473 3.03769 3.06093 3.05503 3.05022 3.04977 3.04977 2.80852 2.75048 2.75048 2.23525 1.89026 1.89439 1.93667 2.19039 2.67461 2.90010 3.36307 3.43400 3.44095 3.44796 3.45460 3.24947 3.22396 3.23097 3.23797 3.24495 3.25192 3.25896 3.26600 3.27301 3.28001 3.28702
3.48383 3.48383 3.48383 3.48383 3.46939 3.37830 3.20438 3.16113 3.14154 3.12828 3.12828 3.12828 3.12828 3.12820 3.12801 3.12801 3.13137 3.17855 3.23923 3.29889 3.11887 3.10241 3.23760 3.25129 3.25129 3.25134 3.27691 3.25246 3.16637 3.01755 3.01742 3.01728 3.01714 3.01760 3.02246 3.05782 3.11201 3.11779 3.12354 3.12932 3.13507 3.01400 2.87152 2.88350 2.76714 2.46091 2.68473 2.87047 2.89447 3.15772 3.17513 3.39995 3.55374 3.55374 3.55374 3.55374 3.42038 3.30865 3.30865 3.30865 3.30865 3.30865 3.30866 3.31713 3.33226 3.34739 3.36504
3.48383 3.48383 3.48383 3.48383 3.47112 3.28083 3.18377 3.15024 3.15242 3.14015 3.14739 3.15474 3.16208 3.16926 3.24971 3.32582 3.38895 3.40835 3.41420 3.42005 3.25762 3.18194 3.30408 3.36567 3.38222 3.40705 3.42742 3.38099 3.33150 3.10096 3.08917 3.08917 3.08917 3.08917 3.08917 3.09958 3.16718 3.16718 3.16718 3.16718 3.22455 3.31687 3.29629 3.45526 3.46026 2.89817 2.89282 2.89282 2.89282 3.09985 3.17513 3.30775 3.55374 3.55454 3.56626 3.58139 3.54265 3.36655 3.38168 3.39684 3.41197 3.44125 3.45410 3.45641 3.45900 3.46132 3.46286
3.48383 3.48383 3.48383 3.48383 3.48383 3.31234 3.27447 3.27906 3.28196 3.26436 3.26003 3.26003 3.26003 3.26003 3.39125 3.45741 3.45741 3.45741 3.45741 3.46087 3.36798 3.23861 3.34105 3.45698 3.46540 3.46540 3.46540 3.39192 3.33809 3.16682 3.08917 3.08917 3.08917 3.08917 3.08917 3.08919 3.18436 3.31491 3.41981 3.50813 3.53914 3.50069 3.50098 3.50240 3.50319 3.08630 2.98562 3.04013 3.09492 3.29694 3.48642 3.55864 3.67620 3.69055 3.69397 3.69397 3.70025 3.52081 3.52640 3.55358 3.57790 3.59201 3.51364 3.46292 3.46292 3.42835 3.32819
3.48383 3.48383 3.48383 3.48383 3.48383 3.35706 3.27903 3.28196 3.28196 3.27088 3.26003 3.26003 3.26003 3.26003 3.32667 3.46981 3.48390 3.49797 3.51205 3.52268 3.47891 3.27350 3.32786 3.46540 3.46540 3.46540 3.46540 3.40735 3.33809 3.24927 3.08917 3.08917 3.09605 3.19718 3.31407 3.40314 3.52963 3.55829 3.57473 3.60746 3.64024 3.67309 3.73574 3.80857 3.84872 3.65145 3.37217 3.37217 3.37217 3.46011 3.65448 3.66258 3.71565 3.73803 3.75368 3.76758 3.77589 3.67111 3.59224 3.59224 3.59224 3.57277 3.43661 3.24726 3.14547 3.07821 3.07663
3.48383 3.48383 3.48383 3.48383 3.48383 3.41175 3.27801 3.28191 3.28196 3.27742 3.26989 3.28749 3.30509 3.32269 3.34398 3.51352 3.52330 3.52330 3.52330 3.52330 3.52180 3.29248 3.29423 3.46540 3.46540 3.46540 3.46540 3.43902 3.34508 3.37671 3.33616 3.45696 3.55953 3.56787 3.56044 3.58077 3.66696 3.78135 3.78135 3.78135 3.78135 3.78135 3.79593 3.86192 3.86192 3.78047 3.38592 3.42421 3.45888 3.51304 3.73665 3.74620 3.76479 3.77605 3.77605 3.77605 3.77605 3.72856 3.49922 3.39747 3.29564 3.21332 3.19861 3.07915 3.07663 3.07663 3.07663
3.48383 3.48383 3.48383 3.48383 3.48383 3.50065 3.39870 3.45623 3.52738 3.60454 3.37052 3.34239 3.34239 3.34239 3.34239 3.46483 3.52330 3.52330 3.52330 3.53037 3.56454 3.41058 3.34171 3.55811 3.60279 3.62911 3.65443 3.64299 3.44080 3.41486 3.52809 3.59238 3.59238 3.59238 3.59238 3.59238 3.62046 3.78135 3.78135 3.78135 3.78135 3.77887 3.76798 3.81983 3.81509 3.79802 3.55637 3.53471 3.53471 3.53471 3.72302 3.74643 3.75759 3.77621 3.79427 3.82448 3.85472 3.87509 3.26663 3.20594 3.20594 3.20594 3.20594 3.10859 3.07663 3.07663 3.07663
3.47572 3.56928 3.72032 3.87147 4.02245 4.14469 3.79633 3.64801 3.60793 3.60437 3.41665 3.30685 3.34586 3.38830 3.43079 3.52670 3.66195 3.69598 3.73022 3.75713 3.75695 3.59491 3.38353 3.56893 3.61190 3.55856 3.50630 3.48925 3.34988 3.36194 3.44731 3.59238 3.59238 3.59238 3.59238 3.59238 3.59122 3.75094 3.75773 3.74582 3.73391 3.72448 3.72374 3.75765 3.78991 3.78991 3.62858 3.53471 3.53471 3.53471 3.68801 3.78570 3.81989 3.88165 3.90753 3.92122 3.93498 3.94877 3.55502 3.29430 3.30799 3.32179 3.33551 3.28879 3.23359 3.24729 3.26111
3.89244 3.95000 3.95000 3.96158 4.04795 4.13813 3.97071 3.78036 3.74978 3.79573 3.74632 3.58081 3.58431 3.58431 3.58431 3.58868 3.71050 3.71683 3.71683 3.70952 3.67050 3.55981 3.21748 3.33466 3.48925 3.48925 3.48925 3.48925 3.36870 3.35847 3.37258 3.58342 3.59045 3.60152 3.61284 3.62424 3.63709 3.78290 3.87115 3.89447 3.91783 3.94110 3.96437 4.01476 4.14910 4.17824 4.12339 4.01149 4.07080 4.13012 4.16608 4.16275 4.17658 4.21059 4.21385 4.21385 4.21385 4.21385 4.02777 3.53199 3.53199 3.53199 3.53199 3.50848 3.40268 3.40268 3.40242
4.33327 4.39392 4.44917 4.49433 4.50128 4.50128 4.39266 4.04185 3.88320 3.88320 3.86813 3.59193 3.58431 3.58431 3.63132 3.70963 3.82768 3.86760 3.88757 3.91555 3.97488 4.03510 3.75993 3.92589 4.32396 4.40269 4.48165 4.65191 4.66959 3.93026 3.85704 3.96350 4.01315 4.01353 4.01353 4.01353 4.01353 4.09097 4.20250 4.20250 4.20250 4.20250 4.20295 4.22077 4.41762 4.46976 4.47862 4.24840 4.24491 4.24491 4.22938 4.18424 4.18424 4.20338 4.21385 4.21385 4.21385 4.21245 4.18727 3.55159 3.48899 3.47439 3.45979 3.44481 3.30932 3.26604 3.23662
4.50128 4.50128 4.50128 4.50128 4.50128 4.50128 4.48647 4.09002 4.78941 4.93951 5.01796 4.87895 4.87680 4.95525 4.98767 4.98767 4.87759 4.68195 4.68195 4.68195 4.68195 4.68195 4.46660 4.54334 5.24805 5.40439 5.56051 5.62624 5.58271 4.26404 3.88838 3.93699 4.01353 4.01353 4.01353 4.01353 4.01353 4.04448 4.20250 4.21206 4.24471 4.36914 4.51781 4.65063 4.60972 4.50011 4.50011 4.30435 4.24681 4.26532 4.28435 4.24988 4.27165 4.23648 4.12329 4.10867 4.09408 4.08087 4.07859 3.65130 3.39042 3.38577 3.38111 3.37646 3.26142 3.18983 3.18983
4.50128 4.50128 4.50128 4.50128 4.50128 4.50128 4.50128 4.18174 5.00675 5.28656 5.28656 5.15689 4.98767 4.98767 4.98767 4.98863 5.06477 4.90007 4.80198 4.92692 5.05223 5.17747 5.10465 4.90338 5.56845 5.62624 5.62624 5.62624 5.62624 4.64408 3.88838 3.89546 4.00987 4.01353 4.01353 4.01768 4.04006 4.13535 4.45667 4.61265 4.74091 4.78349 4.80136 4.81924 4.78364 4.62684 4.64922 4.54936 4.43678 4.44064 4.44064 4.39002 4.37997 4.33145 4.07693 4.07233 4.06767 4.06302 4.05836 3.85106 3.37346 3.37346 3.37346 3.37346 3.30361 3.15115 3.12253
4.50128 4.50128 4.50128 4.50128 4.50128 4.50128 4.50128 4.28778 4.76152 5.30441 5.42080 5.50586 5.39281 5.59427 5.83076 6.05165 6.21063 5.99106 5.36938 5.26885 5.26885 5.26885 5.19973 4.90117 5.40482 5.62624 5.62624 5.62624 5.62624 4.98001 3.97574 3.90142 4.05972 4.21000 4.41093 4.61124 4.79335 4.90312 4.91144 4.90406 4.91017 4.91017 4.91017 4.91017 4.90693 4.71430 4.69584 4.64722 4.44064 4.43901 4.43442 4.39195 4.36445 4.35879 4.08075 4.05532 4.05532 4.05532 4.05532 4.03548 3.40426 3.34062 3.31198 3.28339 3.25474 3.08485 3.08121
4.50128 4.50128 4.50128 4.57475 4.79595 4.98233 5.15242 5.22040 5.39121 6.05288 6.12050 6.17779 6.28364 6.34134 6.34134 6.34134 6.34134 6.16420 5.53730 5.26885 5.26885 5.26885 5.26577 4.95261 5.34535 5.79841 5.86753 5.93676 6.00593 5.67969 4.83222 4.76824 4.93207 5.02456 5.02807 5.02807 5.02807 5.02807 4.97775 4.91017 4.91017 4.91017 4.91017 4.91017 4.90998 4.78650 4.69382 4.69199 4.44825 4.41743 4.41737 4.39235 4.35670 4.35670 4.15269 4.05532 4.04283 3.88225 3.67874 3.47532 3.28823 3.26483 3.26483 3.26483 3.26483 3.12712 3.08121
4.50128 4.50128 4.50128 4.97942 5.63623 5.70780 5.80340 6.07010 5.83352 6.25185 6.25894 6.26235 6.31351 6.35625 6.35963 6.36669 6.37815 6.36578 5.75866 5.33968 5.35102 5.36243 5.37382 5.40352 5.65111 6.20735 6.30748 6.46358 6.61975 6.58195 5.51027 5.04480 5.04367 5.02846 5.02807 5.02807 5.02807 5.02807 5.00662 4.91005 4.90939 4.90866 4.90794 4.90720 4.90666 4.85116 4.69142 4.69142 4.52318 4.41737 4.41737 4.40514 4.35647 4.24483 3.91020 3.53650 3.34567 3.30286 3.30286 3.30286 3.28789 3.24421 3.22314 3.20187 3.18069 3.07463 2.95493
4.77830 4.87942 5.12073 5.67128 6.55157 6.74128 6.89823 6.90256 6.44718 6.30762 6.40160 6.40963 6.43975 6.51270 6.52065 6.52495 6.52495 6.52495 6.12680 5.45812 5.45247 5.45247 5.49730 5.63506 5.87227 6.72651 6.78266 6.78266 6.78266 6.77498 5.73726 5.07134 5.04480 5.03237 5.02801 5.02741 5.02668 5.02595 5.02422 4.90336 4.87679 4.85855 4.84038 4.82218 4.80402 4.77971 4.53346 4.49494 4.38294 4.11820 3.89840 3.67098 3.36700 3.25112 3.17161 2.90729 2.88622 2.86510 2.84392 2.82270 2.80232 2.76452 2.76310 2.76310 2.76310 2.73076 2.57948
5.95285 6.13574 6.21614 6.14078 6.54018 6.55118 6.48832 6.45080 6.54731 6.24707 6.43779 6.43779 6.43950 6.51974 6.52495 6.52495 6.52495 6.52495 6.33768 5.70586 5.68761 5.78176 5.83150 5.80825 5.80690 6.50892 6.52751 6.48950 6.45101 6.41150 5.59282 4.85763 4.72068 4.71941 4.73096 4.71267 4.69447 4.67630 4.65825 4.56989 4.53363 4.53363 4.53363 4.53363 4.53363 4.51725 4.16932 3.82877 3.60980 3.21043 3.19865 3.19865 3.12381 3.10251 3.09931 2.81915 2.80113 2.80113 2.80113 2.80113 2.80113 2.77678 2.77367 2.78361 2.79354 2.80311 2.65042
5.85777 5.85777 5.85772 5.85617 6.21670 6.42618 6.41759 6.40913 6.47072 6.21450 6.17450 6.14360 6.11302 6.14053 6.13876 6.10835 6.07761 6.04687 6.01385 5.66573 5.36426 5.36426 5.36426 5.36459 5.39439 5.85491 5.97291 5.87112 5.75596 5.62736 4.98011 4.49563 4.57413 4.58036 4.65015 4.65153 4.65153 4.65153 4.65153 4.59875 4.53363 4.53182 4.42822 4.27084 4.13325 4.01383 3.85862 3.47270 3.47270 3.26739 3.19865 3.19865 3.13531 3.05379 3.01129 2.86610 2.84394 2.85386 2.86378 2.87369 2.88363 2.87828 2.81996 2.73291 2.64548 2.55805 2.50134
5.83194 5.83039 5.82891 5.82843 6.00088 6.32727 6.32727 6.32727 6.33554 6.26387 5.88790 5.88790 5.88790 5.92028 5.97506 5.97506 5.97506 5.97506 5.97506 5.80853 5.34906 5.25672 5.14518 5.02263 4.91470 5.19479 5.58105 5.58105 5.58105 5.58105 5.22767 4.44619 4.57394 4.57413 4.63285 4.65153 4.65153 4.65153 4.59320 4.40987 4.17403 4.03992 4.00779 4.02683 4.00087 3.96690 3.91052 3.33177 3.26452 3.09566 2.90543 2.86281 2.79492 2.73035 2.73035 2.80626 2.89290 2.85945 2.77194 2.68437 2.59694 2.50721 2.41921 2.41772 2.41772 2.41772 2.43785
5.82843 5.82843 5.82843 5.82843 5.86152 6.32039 6.32727 6.32727 6.32727 6.41026 5.88331 5.88790 5.88849 5.91302 6.01632 6.03947 6.01454 5.96588 5.91256 5.80551 4.84289 4.79581 4.79581 4.79581 4.81401 5.05319 5.58105 5.58105 5.58105 5.58105 5.47448 4.42428 4.55315 4.57413 4.58945 4.47685 4.31742 4.17073 4.08250 4.09378 3.85703 3.80526 3.77120 3.73982 3.73354 3.73354 3.73354 3.32641 3.10054 3.05332 2.82649 2.82649 2.77985 2.61100 2.52283 2.47189 2.51039 2.45640 2.45574 2.45574 2.45574 2.45574 2.42863 2.38644 2.30840 2.27182 2.29109
5.82843 5.82843 5.82843 5.82843 5.82843 6.22924 6.33141 6.35036 6.37065 6.51380 6.09274 5.99447 5.96410 5.91168 5.86894 5.78319 5.75448 5.75448 5.75448 5.75467 5.07579 4.79581 4.79581 4.79581 4.80407 4.92704 5.58037 5.56710 5.54909 5.53108 5.51307 4.47920 4.43545 4.52364 4.49516 4.05290 4.05882 4.05882 4.05882 4.05882 3.82685 3.73354 3.73354 3.73354 3.73354 3.73354 3.73354 3.51079 2.96596 2.84505 2.54583 2.44485 2.38977 2.29989 2.29319 2.29685 2.44940 2.45574 2.45574 2.45634 2.45932 2.48475 2.45135 2.32986 2.40718 2.44786 2.44807
