High_resolution/powerplant/Chizhou/OMI_NO2_201109.asc
ncols      200
nrows      200
xllcorner       115.585
yllcorner       28.7700
cellsize     0.0166667
NODATA_Value      -999.000
[rows 0 to 28 of 186, columns 67 to 133 of 200]
2.73694 2.73694 2.73694 2.73694 2.73694 3.06636 4.63092 5.81996 6.66646 8.69686 11.6901 11.6901 11.6901 11.6901 11.6901 11.6901 11.6901 11.6901 0.00000 0.00000 0.00000 0.00000 0.00000 0.00000 0.00000 5.35184 5.27852 5.25511 5.25511 5.25511 5.25511 5.25511 5.25511 5.25511 5.25511 5.25511 6.10997 7.38110 8.26051 8.90510 7.61748 5.25511 5.73122 6.48429 6.48429 6.48429 6.48429 6.48429 6.48382 6.39399 6.28330 6.20810 6.15735 6.14878 6.14878 6.14878 6.14878 6.14878 6.11004 5.81328 0.00000 0.00000 0.00000 0.00000 0.00000 0.00000 0.00000
2.73694 2.95190 4.47505 5.71217 6.58773 7.15297 7.21354 7.21354 7.21354 7.74320 11.6901 11.6901 11.6901 11.6901 11.6901 11.6901 11.6901 11.6901 0.00000 0.00000 5.35184 5.35184 5.35184 5.35184 5.35184 5.35184 5.30491 5.25511 5.25511 5.25511 5.25511 5.25511 6.12548 7.39148 8.26734 8.90510 9.17179 9.17179 9.17179 9.17179 8.63136 5.25511 5.38156 6.48011 6.48429 6.43678 6.31422 6.22967 6.16967 6.14878 6.14878 6.14878 6.14878 6.14878 6.14878 6.14878 6.14878 6.14878 6.14305 5.89886 0.00000 0.00000 0.00000 20.7161 20.7161 20.7161 20.7161
6.50649 7.12101 7.21354 7.21354 7.21354 7.21354 7.21354 7.21354 7.21354 7.22949 10.9569 11.6901 11.6901 11.6901 11.6705 10.9664 10.1623 8.80536 5.35184 5.35184 5.35184 5.35184 5.35184 5.35184 5.35184 5.35184 5.33302 5.25511 6.12548 7.39148 8.26794 8.91067 9.17179 9.17179 9.17179 9.17179 9.17179 9.17179 9.17179 9.17179 9.15210 5.91667 5.36727 6.10152 6.18699 6.15023 6.14878 6.14878 6.14878 6.14878 6.14878 6.14878 6.14878 6.14878 6.14878 6.14878 6.12488 6.03555 5.94237 6.36528 17.4098 17.4098 17.4098 19.6392 20.7161 20.7161 20.7161
7.21354 7.21354 7.21354 7.21354 7.21354 7.21354 7.21354 7.21354 7.21354 7.24423 9.07503 9.96386 9.40705 8.97062 8.62390 8.52099 8.52099 8.38980 5.44859 5.35184 5.35184 5.35184 5.35184 5.35184 6.21147 7.46183 8.32722 8.91566 9.17179 9.17179 9.17179 9.17179 9.17179 9.17179 9.17179 9.17179 9.17179 9.16944 8.91783 8.57124 8.29408 6.83378 5.53419 5.85599 6.14878 6.14878 6.14878 6.14878 6.14878 6.14878 6.14252 6.06776 5.97469 5.88162 5.78849 6.06895 7.16003 8.13310 8.93938 10.3246 17.2250 17.4098 17.4098 18.5496 20.7161 20.7161 20.4396
7.21354 7.21354 7.21354 7.21354 7.26812 7.53923 7.83297 8.12636 8.41954 8.68249 8.65714 8.52099 8.52099 8.52099 8.52099 8.52099 8.52099 8.52099 6.68398 5.35184 6.22672 7.47204 8.33478 8.96776 9.22015 9.22015 9.22015 9.19030 9.17179 9.17179 9.17179 9.17179 9.17179 9.17179 9.03905 8.67438 8.37751 8.13734 8.05228 8.05228 8.05228 7.56169 5.53419 5.67911 6.14878 6.10014 6.00701 5.91394 5.82071 5.72764 5.64088 6.14073 7.29964 8.24988 9.03715 9.52971 9.55151 9.55151 9.55151 9.75531 14.9172 17.4098 17.3700 15.9728 16.4106 14.9897 13.9752
7.58414 7.87763 8.17111 8.46445 8.70350 8.72558 8.72558 8.72558 8.72558 8.72558 8.71390 8.52527 8.52099 8.52099 8.52099 8.52099 9.10064 10.3999 10.5325 8.96776 9.22015 9.22015 9.22015 9.22015 9.22015 9.22015 9.22015 9.20436 9.17179 9.17179 9.17179 9.17179 8.59823 8.20913 8.05729 8.05228 8.05228 8.05228 8.05228 8.08204 8.27175 8.45946 6.74212 6.82466 5.77823 5.62235 5.62235 6.30214 7.43861 8.36446 9.13240 9.54627 9.55151 9.55151 9.55151 9.55151 9.55151 9.55151 9.55151 9.67531 12.4104 13.2737 12.4008 12.1488 13.3107 13.8019 13.8019
8.72558 8.72558 8.72558 8.72558 8.72558 8.72558 8.72558 8.72558 8.72558 8.72558 8.72558 8.57311 8.97944 10.2655 11.5663 12.8681 13.5903 13.5923 13.2110 9.27281 9.22015 9.22015 9.22015 9.22015 9.22015 9.22015 9.22015 9.21735 9.17286 9.17179 9.17179 9.17179 8.53030 8.05228 8.15986 8.37302 8.58607 8.79924 9.01217 9.19571 9.21904 9.21904 8.22969 8.01261 8.04546 8.47552 9.22607 9.55151 9.55151 9.55151 9.55151 9.55151 9.55151 9.55151 9.55151 9.60232 9.87898 10.1820 10.4848 10.6643 11.8314 12.1737 12.1488 12.1488 12.7805 13.8019 13.8019
8.72558 8.72558 8.72558 8.72558 8.72558 8.72558 8.72558 8.72558 9.07804 10.3347 11.6365 12.8455 13.5761 13.5923 13.5923 13.5923 13.5923 13.5923 13.5923 10.3288 9.22015 9.22015 9.22015 9.22015 9.22015 9.22015 9.22015 9.22015 9.22106 9.48524 9.80481 10.1244 10.1615 9.11687 9.21904 9.21904 9.21904 9.21904 9.21491 8.99456 8.60217 8.12236 8.68241 10.6595 10.2471 9.55151 9.55151 9.55151 9.55151 9.55151 9.55151 9.56143 9.78069 10.0837 10.3867 10.6391 10.6656 10.6656 10.6656 10.6656 11.2166 12.4787 12.1488 12.1488 12.2755 13.7766 13.8019
8.72558 8.72558 8.72558 8.72558 8.98574 10.1993 11.5011 12.8029 13.7513 13.7969 13.7969 13.7640 13.5923 13.5923 13.5923 13.5923 13.5923 13.5923 13.5923 11.7663 9.22015 9.22015 9.22015 9.44915 10.1574 10.8807 11.6038 12.3273 12.0044 10.9219 10.9219 10.9219 10.9219 9.48579 9.21491 8.99384 8.59784 8.11704 7.52948 7.28433 7.28433 7.28433 7.41279 10.5257 10.5590 9.55849 9.55151 9.55151 9.68331 9.98546 10.2886 10.5817 10.6656 10.6656 10.6656 10.6656 10.6656 10.6656 10.6656 10.6656 10.7290 12.7361 12.1488 12.1488 12.1488 13.3731 13.8300
8.90713 10.0649 11.3657 12.6675 13.7092 13.7969 13.7969 13.7969 13.7969 13.7969 13.7969 13.7969 13.6208 13.5923 13.5923 13.5923 13.5923 13.5965 14.0322 14.3272 11.1430 11.8297 12.5528 13.0473 13.0623 13.0623 13.0623 13.0623 12.7205 10.9219 10.9180 10.7239 10.3503 8.84317 7.52681 7.28433 7.28433 7.28433 7.28433 7.28433 7.28433 7.28433 7.28433 9.75002 10.7156 10.1131 10.1905 10.4935 10.6650 10.6656 10.6656 10.6656 10.6656 10.6656 10.6656 10.6656 10.6656 10.6656 10.6656 10.6831 10.7753 12.3363 12.0032 11.3287 10.6629 11.8506 14.5177
13.6529 13.7969 13.7969 13.7969 13.7969 13.7969 13.7969 13.7969 13.7969 13.7969 13.7969 13.7969 13.7443 14.2578 14.9809 15.7043 16.4274 17.1467 17.4344 17.4344 14.1094 13.0623 13.0623 13.0623 13.0623 13.0623 13.0622 13.0599 13.0545 10.2581 9.09888 8.75538 8.75538 8.48476 7.29127 7.28433 7.28433 7.28433 7.28433 7.28433 7.30288 7.64079 8.09551 9.77324 11.7503 11.2103 10.6656 10.6656 10.6656 10.6656 10.6656 10.6656 10.6656 10.6684 10.7395 10.8401 10.9407 11.0413 10.9768 10.6204 10.1849 10.1795 9.77400 9.39859 9.39859 9.95406 14.5082
13.7969 13.7969 13.7969 13.7969 13.7969 13.7969 13.7969 13.9231 14.6347 15.4214 16.2070 16.9934 17.5988 17.4344 17.4344 17.4344 17.4344 17.4344 17.4344 17.4344 15.5451 13.0623 13.0622 13.0598 13.0553 13.0491 13.0402 13.0361 13.0361 10.5608 8.75538 8.75538 8.75538 8.75538 7.49746 7.28433 7.28433 7.49389 7.94828 8.40301 8.83902 8.95550 8.95550 9.11599 11.6938 11.5293 10.6656 10.6656 10.7046 10.8045 10.9051 11.0056 11.1061 11.2040 11.0150 10.5709 10.1270 9.68294 9.40407 9.39985 9.39985 9.51799 10.1351 9.39859 9.39859 9.44768 14.0259
13.7969 13.7969 13.9967 14.7503 15.5363 16.3223 17.1083 17.7684 17.8421 17.8421 17.8421 17.8421 17.8309 17.4538 17.4344 17.4344 17.4344 17.4344 17.4294 17.0450 15.7736 13.0490 13.0401 13.0361 13.0361 13.0361 13.0361 13.0361 13.0361 11.8042 8.75538 8.75538 8.75538 8.75538 8.19326 8.25578 8.71017 8.95517 8.95550 8.95550 8.95550 8.95550 9.00231 9.45777 11.8709 12.8286 11.2644 11.1711 11.2327 11.2300 10.9570 10.5131 10.0693 9.62537 9.39985 9.39985 9.39985 9.39985 9.39985 9.39985 9.39985 9.40181 10.4723 10.5206 11.1979 11.8258 14.3542
16.4380 17.2232 17.8097 17.8421 17.8421 17.8421 17.8421 17.8421 17.8421 17.8421 17.8421 17.8421 17.8421 17.5623 17.4342 17.1166 16.3626 15.3225 13.8103 13.0361 13.0361 13.0361 13.0361 13.0361 13.0361 13.0361 13.0361 13.0361 13.0361 12.8867 8.91719 8.75538 8.75538 8.75538 8.78403 8.95363 8.95550 9.16973 9.71430 10.2634 10.8122 11.3603 11.8623 11.9559 12.7676 13.7596 11.7985 10.4554 10.0113 9.57073 9.39985 9.39985 9.39985 9.39985 9.39985 9.39985 9.39985 9.39985 9.47556 9.70424 9.93730 10.1685 11.0089 11.9106 11.9551 11.9551 12.7217
17.8421 17.8421 17.8421 17.8421 17.8421 17.8421 17.8421 17.8421 17.8421 17.8421 17.8421 17.6147 16.9545 15.8135 13.9947 13.0361 13.0361 13.0361 13.0361 13.0361 13.0361 13.0361 13.0361 13.0361 13.0361 13.0361 13.0361 13.0361 13.0361 13.0361 10.0122 8.82259 9.69030 10.7879 11.8842 11.3853 11.6175 11.9523 11.9559 11.9559 11.9559 11.9666 12.1399 12.3298 12.5222 12.0841 11.0258 9.39985 9.39985 9.39985 9.39985 9.39985 9.39985 9.39985 9.42712 9.62922 9.86236 10.0955 10.2528 10.2573 10.2573 10.2573 10.6026 11.8644 11.9551 11.9551 11.9551
17.8421 17.8421 17.8421 17.8421 17.8421 17.8421 17.8421 17.6678 17.0368 16.1609 14.8930 13.8585 13.8514 13.7673 13.0392 13.0361 13.0361 13.0361 13.0361 13.0361 13.0361 13.0361 13.0361 13.0361 13.0361 13.0361 13.4459 15.0811 16.7969 18.5134 17.4266 14.5258 14.7562 14.7562 14.7562 13.2344 11.9559 11.9674 12.1414 12.3315 12.4871 12.6113 12.6407 12.6407 12.6407 12.1480 11.7332 9.42170 9.39985 9.39985 9.40285 9.55428 9.78742 10.0205 10.2263 10.2573 10.2573 10.2573 10.2573 10.2573 10.2573 10.2573 10.3032 11.7590 11.9492 11.9551 11.9551
17.8421 17.8421 17.8421 17.7131 17.1162 16.2712 15.0580 13.8895 13.8514 13.8514 13.8514 13.8514 13.8514 13.8514 13.1943 13.0361 13.0361 13.0361 13.0361 13.0361 13.0361 13.8884 15.6049 17.3205 19.0380 20.7545 22.0603 22.1422 22.1422 22.1422 21.2050 14.7606 14.7562 14.7473 14.6318 14.3127 12.5247 12.6122 12.6407 12.6407 12.6407 12.6407 12.6407 12.6407 12.6407 12.3739 11.9404 10.0235 9.71248 9.94553 10.1756 10.2573 10.2573 10.2573 10.2573 10.2573 10.2573 10.2573 10.2573 10.2573 10.2573 10.2573 10.2814 11.3521 11.9086 11.9574 11.9644
17.1927 16.3773 15.2152 13.9437 13.8514 13.8514 13.8514 13.8514 13.8514 13.8514 13.8514 13.8514 13.8514 13.8514 13.4336 13.1144 14.4120 16.1295 17.8451 19.5616 21.2790 22.1422 22.1422 22.1422 22.1422 22.1422 22.1422 22.1422 22.1422 22.0450 20.7728 15.3552 14.4484 14.3947 14.3833 14.3833 13.0455 12.6407 12.6407 12.6407 12.6407 12.6407 12.6407 12.6721 12.8784 13.0590 12.6557 11.5247 10.2573 10.2573 10.2573 10.2573 10.2573 10.2573 10.2573 10.2573 10.2581 10.4161 10.6898 10.9627 11.2360 11.4922 11.7373 11.7777 11.8276 12.0008 12.0009
13.8514 13.8514 13.8514 13.8514 13.8514 13.8514 13.8514 13.8514 13.8514 13.8514 14.0543 15.5363 17.2379 18.9413 20.5151 21.7243 22.1422 22.1422 22.1422 22.1422 22.1422 22.1422 22.1422 22.1422 22.1422 22.0394 20.7588 19.5993 18.7798 18.1973 18.0763 16.0566 14.3833 14.3833 14.3833 14.3833 13.6142 12.6407 12.6407 12.6453 12.8034 13.0365 13.2696 13.4712 13.4982 13.4982 12.9827 12.2547 10.2573 10.2573 10.2573 10.3323 10.5962 10.8698 11.1431 11.4162 11.6887 11.7982 11.7878 11.7753 11.7600 11.7513 11.7513 11.7492 11.7373 11.9869 12.0009
13.8514 13.8514 13.8514 13.8514 13.8514 14.2098 15.8086 17.5102 19.2127 20.9161 22.4148 22.6361 22.6361 22.6361 22.6316 22.1828 22.1422 22.1422 22.1422 22.1422 22.1422 22.0194 20.2043 19.3422 18.7728 18.1951 18.0763 18.0763 18.0763 18.0763 18.0763 17.1268 14.3833 14.3833 14.3833 14.3833 14.2710 12.9877 13.1946 13.4231 13.4982 13.4982 13.4982 13.4982 13.4982 13.5074 13.3577 13.1065 11.2202 11.3231 11.5964 11.7950 11.8036 11.7969 11.7863 11.7735 11.7579 11.7513 11.7513 11.7513 11.7513 11.7513 11.7513 11.7513 11.7687 12.8124 14.3676
14.4083 16.0801 17.7817 19.4859 21.1875 22.5307 22.6361 22.6361 22.6361 22.6361 22.6361 22.6361 22.6361 22.6361 22.6361 22.3228 22.1422 22.0885 20.4105 18.6643 17.4488 16.5860 16.3955 17.2044 18.0763 18.0763 18.0763 18.0763 18.0763 18.0763 18.0763 17.9958 14.5838 14.3833 14.3833 14.3833 14.3833 13.7248 13.4982 13.4982 13.5565 13.7343 13.9157 14.0973 14.2785 14.4506 14.4233 13.7974 12.5229 11.7956 11.7847 11.7716 11.7561 11.7513 11.7513 11.7513 11.7513 11.7513 11.7513 11.7513 11.7515 11.9189 12.2301 12.5414 13.2828 14.8629 16.7589
22.6054 22.6361 22.6361 22.6361 22.6361 22.6361 22.6361 22.6361 22.6361 22.6361 22.6361 22.6361 22.6361 22.6242 21.0527 19.0402 17.5521 16.6458 16.3955 16.3955 16.3955 16.3955 16.3955 16.6560 18.0761 18.0763 18.0763 18.0763 18.0763 18.0763 18.0763 18.0763 15.5732 14.3833 14.3943 14.5961 14.8685 14.6737 14.1843 14.3658 14.4888 14.4924 14.4924 14.4924 14.4920 14.4891 14.4857 14.4126 13.6410 11.7513 11.7513 11.7513 11.7513 11.7513 11.7513 11.7513 11.7513 11.8316 12.1304 12.4416 12.7526 12.8963 12.8963 12.8963 13.1048 14.0967 16.6027
22.6361 22.6361 22.6361 22.6361 22.6361 22.6361 22.6361 22.6361 22.6361 22.6361 21.2881 19.3164 17.9599 16.9755 16.6424 16.6263 16.3994 16.3955 16.3955 16.3955 16.3955 16.3955 16.3955 16.3955 17.7891 18.0763 18.0763 18.0763 18.0763 17.9706 17.5029 17.0054 15.9773 15.5434 15.8043 15.8746 15.8746 15.8117 14.5457 14.4924 14.4920 14.4890 14.4856 14.4823 14.4792 14.4788 14.4788 14.5676 14.5021 11.7811 11.7513 11.7513 11.7513 11.7759 12.0307 12.3418 12.6531 12.8840 12.8963 12.8963 12.8963 12.8963 12.8963 12.8963 12.9262 13.9691 15.7602
22.6361 22.6361 22.6361 22.6361 22.6361 22.6361 21.5187 19.4786 18.0749 17.0577 16.6424 16.6424 16.6424 16.6424 16.6424 16.6424 16.4555 16.3955 16.3955 16.3955 16.3955 16.3955 16.3955 16.3955 17.0158 17.3544 16.8570 16.3592 15.8617 15.4700 15.4399 15.4399 15.4845 15.8730 15.8746 15.8746 15.8740 15.8695 14.8718 14.4822 14.4792 14.4788 14.4788 14.4788 14.4788 14.4788 14.4788 14.5009 14.7325 12.4041 11.9309 12.2421 12.5533 12.8399 12.8963 12.8963 12.8963 12.8963 12.8963 12.8963 12.8963 12.8963 12.8963 12.8963 12.8963 13.5639 14.8390
22.6361 22.6361 21.7359 19.6456 18.1941 17.1456 16.6469 16.6424 16.6424 16.6424 16.6424 16.6424 16.6424 16.6424 16.6424 16.6424 16.5277 16.3955 16.3802 16.0224 15.5249 15.0274 14.5300 14.0322 14.0570 15.4399 15.4399 15.4399 15.4399 15.4399 15.4399 15.4399 15.4392 15.7867 15.8644 15.8593 15.8549 15.8541 15.3340 14.4788 14.4788 14.4788 14.4788 14.4788 14.4788 14.4788 14.5381 14.7395 15.3025 14.2718 12.8963 12.8963 12.8963 12.8963 12.8963 12.8963 12.8963 12.8963 12.8963 12.8963 13.4181 14.5509 15.6855 16.8202 17.9542 17.4190 14.0893
19.6026 17.2359 16.6583 16.6424 16.6424 16.6424 16.6424 16.6424 16.6424 16.6424 16.6424 16.6424 16.6424 16.5497 15.7879 14.8923 14.1096 14.3813 13.8993 13.7591 13.7591 13.7591 13.7591 13.7591 13.7596 15.1889 15.4399 15.4399 15.4392 15.4347 15.4296 15.4245 15.4201 15.6455 15.8541 15.8541 15.8541 15.8541 15.8133 14.5485 14.4788 14.4788 14.4984 14.6730 14.8804 15.0878 15.2361 15.2421 15.4831 15.2569 12.8963 12.8963 12.8963 12.8963 13.1079 14.1566 15.2913 16.4246 17.5586 18.6939 19.3061 19.3068 19.3068 19.3068 19.3068 18.7792 14.0180
18.8451 16.6424 16.6424 16.6424 16.6424 16.6424 16.6424 16.6424 16.4787 15.6528 14.7581 13.8621 12.9675 12.1642 12.0309 12.0309 12.0328 13.5489 13.7591 13.7591 13.7591 13.7591 13.7591 13.7591 13.8100 14.8969 15.4295 15.4244 15.4201 15.4195 15.4195 15.4195 15.4195 15.5199 15.8541 15.8541 15.8541 15.8541 15.8541 14.9956 14.8139 15.0214 15.2091 15.2421 15.2421 15.2421 15.2421 15.2421 15.3081 15.7041 14.8159 16.0297 17.1638 18.2984 19.2215 19.3068 19.3068 19.3068 19.3068 19.3068 19.3068 19.3068 19.3068 19.3068 19.3068 19.2991 15.0101
16.2564 16.8441 16.6424 16.3874 15.5186 14.6235 13.7275 12.8324 12.1005 12.0309 12.0309 12.0309 12.0309 12.0309 12.0309 12.0309 12.0309 13.0455 13.7591 13.7591 13.7907 14.1633 14.7597 15.6000 16.6772 16.3902 15.4195 15.4195 15.4195 15.4195 15.4195 15.4195 15.4195 15.4250 15.8231 15.8541 15.8541 15.8541 15.8541 15.6426 15.2421 15.2421 15.2421 15.2081 15.0730 14.9311 14.7893 14.6474 14.5090 14.6563 17.6311 19.3068 19.3068 19.3068 19.3068 19.3068 19.3068 19.3068 19.3068 19.3068 19.3068 19.3068 19.3068 19.3141 19.4856 19.7241 17.8939
11.2495 14.2728 12.6982 12.0576 12.0309 12.0309 12.0309 12.0309 12.0309 12.0309 12.0309 12.0309 12.0309 12.0309 12.0309 12.0309 12.0383 12.7533 14.6874 15.4950 16.5908 16.8695 16.8695 16.8695 16.8695 16.8643 15.5213 15.4195 15.4195 15.4195 15.4195 15.4195 15.4195 15.4195 15.7031 15.8541 15.8541 15.8512 15.7126 15.4912 14.8913 14.7222 14.5803 14.4724 14.4656 14.4656 14.4656 14.4638 14.4555 14.5559 16.3148 19.3068 19.3068 19.3068 19.3068 19.3068 19.3068 19.3068 19.3068 19.3068 19.4107 19.6487 19.8874 20.1185 20.1856 20.1856 19.2965
