High_resolution/powerplant/Chizhou/OMI_NO2_200608.asc
ncols      200
nrows      200
xllcorner       115.585
yllcorner       28.7700
cellsize     0.0166667
NODATA_Value      -999.000
[rows 29 to 57 of 164, columns 0 to 65 of 200]
2.60937 2.67432 3.13526 3.18880 2.98073 2.35865 2.29383 2.21708 2.12512 2.08167 2.13629 2.15055 2.10853 2.15209 2.19773 2.24519 2.63481 2.80132 2.82943 2.85668 3.17119 3.26450 3.31432 3.36963 3.19245 3.09924 3.07908 2.94391 2.77856 2.75720 2.71785 2.67963 2.64082 2.61038 2.59687 2.57735 2.54692 2.53003 2.66987 2.66019 2.65473 2.69124 2.90449 2.98309 3.17963 3.16889 2.98997 2.94971 2.94971 2.94971 2.94971 2.94971 2.94971 2.94971 2.91717 2.82584 2.75228 2.35694 2.08514 2.05957 2.05957 2.05957 2.05690 2.08582 2.05569 2.06569
2.67763 2.67763 2.82598 2.79483 2.68457 2.67763 2.67763 2.67763 2.67763 2.67763 2.67763 2.64187 2.37178 2.37059 2.37459 2.37914 2.64612 3.02150 3.07572 3.08516 3.28879 3.41991 3.41991 3.41991 3.24590 3.02184 2.90412 2.74332 2.56236 2.53257 2.52220 2.50871 2.48434 2.46088 2.44103 2.42985 2.42603 2.37887 2.55539 2.58819 2.57897 2.57608 2.80221 2.88116 3.12921 3.15488 3.03374 2.94971 2.94971 2.94971 2.94971 2.94971 2.94971 2.94971 2.94685 2.83240 2.80428 2.51881 2.11418 2.12381 2.17385 2.23100 2.28926 2.15660 2.02059 1.96879
2.67763 2.67763 2.67763 2.67763 2.67763 2.67763 2.67763 2.62778 2.52011 2.42788 2.34807 2.27856 2.21832 2.39774 2.39774 2.39774 2.48697 3.08413 3.08516 3.08516 3.17749 3.37822 3.32403 3.26984 3.12539 2.79647 2.73183 2.62616 2.50834 2.46373 2.44521 2.42763 2.38768 2.33584 2.28106 2.22251 2.16512 2.15141 2.40851 2.56805 2.56805 2.57078 2.73567 2.85348 3.07508 3.15488 3.08417 2.94971 2.94971 2.94971 2.94971 2.94929 2.94371 2.93625 2.91698 2.80812 2.74328 2.56339 2.39803 2.31629 2.28717 2.29332 2.29341 2.13994 2.02291 1.96611
2.67763 2.65904 2.55700 2.45936 2.37545 2.30244 2.23837 2.20416 2.20391 2.20391 2.20384 2.20373 2.13847 2.39774 2.39774 2.39774 2.38890 2.87366 2.92136 2.83998 2.76560 3.15989 3.18988 3.18892 3.15456 2.75817 2.67477 2.51601 2.38779 2.28278 2.22431 2.16633 2.15313 2.15313 2.15313 2.15313 2.15313 2.15313 2.27758 2.56792 2.56805 2.56826 2.66849 2.83594 3.01392 3.15371 3.12889 2.93626 2.92820 2.91802 2.89461 2.87012 2.85078 2.83505 2.83727 2.79795 2.73020 2.65843 2.42650 2.37156 2.29341 2.29341 2.29341 2.21207 2.04878 1.96545
2.26043 2.20972 2.20391 2.20388 2.20353 2.20314 2.20278 2.20245 2.20214 2.20186 2.19422 2.16103 2.01298 2.28999 2.24405 2.17128 2.10739 2.41369 2.74012 2.74012 2.70863 2.97730 3.02539 2.89604 2.78126 2.40861 2.23231 2.23155 2.21574 2.15313 2.15313 2.15313 2.15313 2.15313 2.15313 2.15313 2.15313 2.15313 2.17686 2.53449 2.58953 2.61063 2.66718 2.95153 2.97295 3.09473 3.07306 2.89080 2.84393 2.83036 2.83607 2.83009 2.81531 2.79813 2.77369 2.73443 2.58270 2.51912 2.36406 2.41080 2.29947 2.31743 2.33573 2.34419 2.20140 2.14162
2.20250 2.19869 2.17065 2.13814 2.10356 2.06610 2.02629 1.98371 1.92589 1.83110 1.74133 1.67538 1.38135 1.93329 2.09804 2.09804 2.07931 2.12880 2.59369 2.52890 2.49563 2.49738 2.49563 2.49563 2.49563 2.32334 2.20250 2.22624 2.23379 2.15917 2.15313 2.15313 2.15313 2.15496 2.16558 2.17791 2.19100 2.20492 2.21640 2.54787 2.70358 2.68705 2.67253 2.89883 2.86701 2.95186 2.94266 2.80970 2.72151 2.70167 2.67397 2.66294 2.66286 2.66251 2.66178 2.63902 2.55139 2.56364 2.42192 2.54019 2.47238 2.50525 2.55703 2.60259 2.52146 2.42182
1.90094 1.85490 1.84705 1.84705 1.82937 1.78138 1.73288 1.68441 1.64895 1.64725 1.64725 1.64725 1.48869 1.84596 1.96623 1.90144 1.85540 1.85386 2.40451 2.49563 2.49563 2.49563 2.49563 2.49563 2.49563 2.39566 2.20250 2.21865 2.23400 2.19583 2.19100 2.20492 2.21973 2.23289 2.23439 2.23438 2.22315 2.17319 2.11717 2.32117 2.66043 2.66666 2.68971 2.72299 2.72590 2.79552 2.85154 2.77788 2.65921 2.65790 2.63068 2.58803 2.54226 2.49357 2.42926 2.33386 2.37171 2.39855 2.48995 2.73537 2.67082 2.60703 2.60703 2.60703 2.55333 2.49202
1.82403 1.77554 1.72705 1.67856 1.64775 1.64725 1.64725 1.64725 1.65103 1.80379 2.00504 2.17644 2.32508 2.28415 1.85327 1.85354 1.85354 1.85354 2.20155 2.49563 2.49563 2.49563 2.49563 2.49563 2.49563 2.47703 2.20592 2.21135 2.23270 2.23378 2.23315 2.23249 2.20877 2.14991 2.08701 2.02713 2.01495 2.05465 2.10811 2.30739 2.85652 2.95884 3.00183 2.80216 2.78866 2.76293 2.77500 2.70452 2.48744 2.43561 2.38153 2.30457 2.23382 2.16861 2.11695 2.11087 2.16129 2.31879 2.38390 2.69637 2.71792 2.60703 2.60703 2.60703 2.58915 2.52854
1.64726 1.64725 1.64725 1.64725 1.64725 1.73298 1.94258 2.12299 2.27633 2.32413 2.32413 2.32413 2.33399 2.36727 1.96849 1.85354 1.85354 1.85354 1.99833 2.49563 2.49563 2.49563 2.49563 2.49563 2.49563 2.49563 2.26680 2.24167 2.24619 2.23734 2.22803 2.21855 2.23477 2.28730 2.34669 2.40890 2.43902 2.46523 2.48125 2.50404 2.91522 3.03476 2.99866 2.77138 2.62322 2.57843 2.51020 2.41055 2.22127 2.14453 2.11097 2.11087 2.11087 2.11087 2.11087 2.11087 2.11283 2.30338 2.32058 2.63108 2.76110 2.61053 2.61438 2.61934 2.63512 2.61549
1.64725 1.68015 1.87664 2.06705 2.22978 2.32256 2.32413 2.32413 2.32413 2.32413 2.33907 2.38888 2.44784 2.63113 2.33219 1.85354 1.85354 1.85354 1.85816 2.43257 2.49563 2.49563 2.49563 2.48515 2.38238 2.25792 2.14123 2.06329 2.34273 2.42135 2.42506 2.44088 2.45763 2.47438 2.48449 2.48459 2.48459 2.48459 2.48459 2.48462 2.61476 2.87412 2.75687 2.53873 2.29495 2.21705 2.19637 2.19637 2.14008 2.11087 2.11087 2.11087 2.11087 2.11087 2.11077 2.10233 2.08786 2.20650 2.25460 2.39812 2.61347 2.68125 2.70724 2.72769 2.73725 2.72306
2.17901 2.30817 2.32413 2.32413 2.32834 2.36969 2.42370 2.48321 2.54912 2.62251 2.67817 2.68002 2.68002 2.84225 2.74693 1.85354 1.85354 1.85354 1.85354 2.21264 2.35090 2.22650 2.10209 1.98836 1.96668 1.96668 1.99854 2.05506 2.28688 2.47062 2.48365 2.48459 2.48459 2.48459 2.48459 2.48459 2.48459 2.48459 2.48459 2.37210 2.20125 2.39907 2.44170 2.40627 2.20296 2.20273 2.19634 2.19637 2.15996 2.09986 2.08608 2.07230 2.05519 2.02849 2.00131 1.98246 1.97524 2.07298 2.22886 2.31761 2.62181 2.72395 2.73725 2.73725 2.73725 2.76273
2.40329 2.46069 2.52418 2.59464 2.66611 2.68002 2.68002 2.69141 2.71745 2.74634 2.77865 2.81491 2.85611 2.90872 2.92267 2.07834 2.02469 2.15838 2.29225 2.27665 1.96668 1.96668 1.96746 1.99068 2.02419 2.05770 2.09204 2.11835 2.21967 2.48459 2.48459 2.48459 2.48459 2.48459 2.48459 2.48459 2.48459 2.48459 2.48459 2.42536 2.12078 2.30805 2.44170 2.44153 2.22953 2.20296 2.15545 2.11401 2.07838 2.00435 1.99083 1.97732 1.97133 1.98701 2.00405 2.02109 2.03255 2.04873 2.24864 2.25485 2.56433 2.71581 2.73725 2.72833 2.69619 2.67249
2.68811 2.71337 2.74185 2.77356 2.80923 2.84959 2.89559 2.92267 2.92267 2.92267 2.92267 2.97711 3.11020 3.24390 3.37782 2.94597 2.40509 2.40509 2.40509 2.41225 2.04480 2.05015 2.08289 2.09316 2.09316 2.09316 2.09316 2.11621 2.12621 2.46927 2.48459 2.48459 2.48459 2.48459 2.48459 2.48459 2.48459 2.48459 2.48459 2.48459 2.16271 2.21388 2.44170 2.43996 2.27557 2.17111 2.11094 2.03001 2.02672 1.99076 2.00216 2.01921 2.03208 2.03285 2.02929 2.02124 2.01281 2.00174 2.15922 2.15552 2.31562 2.50929 2.52074 2.47866 2.46878 2.46045
2.92184 2.92267 2.92267 2.92267 2.92267 2.92267 2.92267 2.99289 3.12658 3.26039 3.39414 3.47357 3.47423 3.47423 3.47423 3.24486 2.44757 2.48106 2.51455 2.53158 2.25135 2.09316 2.09316 2.09316 2.09316 2.09316 2.09316 2.11166 2.11835 2.39534 2.48459 2.48459 2.48459 2.48459 2.48459 2.48459 2.48459 2.48459 2.48459 2.47435 2.23343 2.09987 2.34411 2.37301 2.28436 2.15193 2.15689 2.05704 2.03798 1.99234 1.97445 1.95810 1.94094 1.92287 1.90964 1.90297 1.89633 1.88789 1.86802 1.84679 1.96330 2.31290 2.43300 2.44326 2.44326 2.44326
2.92267 2.92267 2.92411 3.00927 3.14302 3.27683 3.41052 3.47423 3.47423 3.47423 3.47423 3.45335 3.25256 3.01019 2.76791 2.59342 2.54142 2.53158 2.53158 2.53158 2.39069 2.09316 2.09316 2.09316 2.09316 2.09316 2.09316 2.10625 2.11835 2.30483 2.48459 2.48459 2.48459 2.48459 2.48458 2.46665 2.43301 2.38120 2.30824 2.21527 2.05857 1.80115 1.94924 2.03494 1.97798 1.91927 1.87995 1.77916 1.77280 1.82127 1.89212 1.89212 1.89211 1.88084 1.85962 1.83838 1.81716 1.80021 1.79879 1.79879 1.83283 2.25173 2.42338 2.44326 2.44326 2.44326
3.15951 3.29321 3.42558 3.47423 3.47423 3.47423 3.47423 3.47343 3.33332 3.09095 2.84867 2.62727 2.58578 2.58578 2.58578 2.58578 2.55949 2.53158 2.53158 2.53158 2.51343 2.10980 2.09316 2.09316 2.09316 2.09316 2.09316 2.09971 2.11835 2.19956 2.48857 2.46206 2.37742 2.09640 1.93631 1.83563 1.75043 1.67604 1.61278 1.58032 1.57067 1.39402 1.52817 1.80614 1.80396 1.80871 1.80972 1.78655 1.77087 1.77273 1.85122 1.82998 1.80877 1.79879 1.79879 1.79879 1.79879 1.79879 1.79879 1.79879 1.79879 2.11257 2.39013 2.44326 2.41876 2.37775
3.47423 3.47423 3.47423 3.47423 3.40644 3.17171 2.92943 2.68795 2.58578 2.58578 2.58578 2.58578 2.58578 2.58578 2.58578 2.58578 2.57767 2.53160 2.53158 2.53158 2.53158 2.23108 2.09316 2.09316 2.09316 2.09316 2.08326 2.02347 1.96322 1.89309 1.89934 1.81091 1.79835 1.62693 1.53445 1.53493 1.53543 1.53564 1.53564 1.53564 1.53564 1.41674 1.42223 1.75113 1.79679 1.77520 1.74811 1.71487 1.68296 1.67995 1.78912 1.79879 1.79879 1.79879 1.79879 1.79879 1.79879 1.79879 1.80114 1.80685 1.81076 2.01777 2.34481 2.24603 2.11848 2.01604
3.45308 3.25167 3.00939 2.76782 2.59342 2.58578 2.58578 2.58578 2.58578 2.58578 2.58578 2.58578 2.58578 2.58578 2.58578 2.58578 2.58578 2.54160 2.53158 2.53158 2.53158 2.37038 2.07176 2.00599 1.93867 1.87144 1.81411 1.82196 1.86967 1.91430 1.91761 1.93179 1.83475 1.69405 1.53564 1.53564 1.53564 1.53564 1.53564 1.53597 1.55413 1.50699 1.32825 1.55883 1.71097 1.70559 1.69307 1.69230 1.67974 1.67947 1.76073 1.79881 1.80211 1.80816 1.81464 1.82059 1.82485 1.82940 1.83085 1.78800 1.70992 1.69801 2.00793 1.88625 1.88625 1.88625
2.62679 2.58578 2.58578 2.58578 2.58578 2.58578 2.58578 2.58578 2.58578 2.58578 2.58578 2.58578 2.58578 2.58578 2.58578 2.58578 2.58578 2.55975 2.46606 2.32413 2.19545 2.07273 2.00090 2.03253 2.06298 2.09109 2.11772 2.13579 2.13719 2.13772 2.09666 2.04855 1.91532 1.76895 1.53606 1.53803 1.56092 1.58603 1.60863 1.62879 1.63566 1.62950 1.28624 1.42889 1.71064 1.70947 1.69319 1.69307 1.68646 1.68700 1.75129 1.83623 1.83643 1.83299 1.82955 1.79606 1.71892 1.64142 1.56386 1.52608 1.52608 1.52615 1.90935 1.89381 1.88625 1.88218
2.58488 2.58578 2.58578 2.58578 2.58578 2.58578 2.58578 2.58578 2.58578 2.58578 2.58578 2.58578 2.58578 2.58557 2.49144 2.32007 2.28689 2.23314 2.14779 2.14749 2.14749 2.14750 2.13893 2.13636 2.13704 2.13765 2.13776 2.13776 2.13776 2.13776 2.12307 2.04839 1.97863 1.83488 1.64322 1.63231 1.63566 1.63566 1.63566 1.63566 1.63566 1.63566 1.39221 1.33656 1.66100 1.71064 1.69637 1.68938 1.68595 1.68251 1.70861 1.80358 1.72792 1.65039 1.57286 1.52650 1.52608 1.52608 1.52608 1.52608 1.52608 1.51666 1.68970 1.82630 1.78857 1.80231
2.58298 2.58578 2.58578 2.58578 2.58578 2.58578 2.58578 2.58578 2.58578 2.58324 2.47075 2.29938 2.12808 1.95692 1.87967 1.87967 2.03659 2.18362 2.14457 2.14848 2.14915 2.14981 2.14485 2.13776 2.13776 2.13776 2.13776 2.13455 2.12760 2.12156 2.11625 2.05328 2.02791 1.85961 1.71326 1.63566 1.63566 1.63566 1.63566 1.63566 1.63566 1.63566 1.52385 1.32261 1.54111 1.70113 1.68852 1.66090 1.58774 1.51024 1.43453 1.52229 1.53339 1.53842 1.54370 1.54929 1.55518 1.56139 1.56798 1.57496 1.61423 1.72128 1.79921 1.98629 1.93811 1.94075
2.58003 2.58578 2.58578 2.58578 2.58578 2.57843 2.45006 2.27869 2.10732 1.93856 1.87967 1.87967 1.87967 1.87967 1.81492 1.51790 1.32282 1.51805 1.76038 2.15002 2.15002 2.15002 2.14855 2.13277 2.12600 2.12015 2.11501 2.11228 2.11226 2.11226 2.11226 2.06872 2.04599 1.88815 1.76793 1.63566 1.63566 1.63603 1.65452 1.68309 1.71166 1.74814 1.76887 1.40492 1.44556 1.63982 1.57068 1.50533 1.52386 1.54918 1.57614 1.58927 1.58927 1.58927 1.58927 1.59036 1.66462 1.79959 1.96025 2.15464 2.32045 2.32733 2.01080 2.01734 1.94307 1.94075
2.57788 2.56926 2.42938 2.25800 2.08663 1.92260 1.87967 1.87967 1.87967 1.87967 1.86424 1.62146 1.30317 0.985347 0.731579 0.710772 0.714926 1.36459 1.51200 2.14948 2.15002 2.15002 2.12998 2.11417 2.11226 2.11226 2.11226 2.11226 2.11226 2.11226 2.11226 2.08606 2.04599 1.94150 1.86436 1.77938 1.83747 1.90195 1.95059 1.99185 2.04169 2.08318 2.09918 1.65644 1.44064 1.56831 1.58927 1.58927 1.58927 1.58927 1.58927 1.60454 1.71337 1.85727 2.02983 2.23772 2.32785 2.32785 2.32785 2.32785 2.32785 2.32785 2.07855 2.01200 1.96451 1.94075
2.57788 2.10799 1.87967 1.87967 1.87967 1.87967 1.87967 1.72503 1.40720 1.08879 0.786283 0.710772 0.710772 0.710772 0.710772 0.710772 0.710772 1.23460 1.40436 2.00908 2.15002 2.15002 2.13734 2.11707 2.11226 2.11226 2.11226 2.11163 2.07474 2.02724 2.00639 1.99239 2.18771 2.17784 2.08060 2.08820 2.09071 2.09508 2.09945 2.10364 2.10474 2.10474 2.10474 1.85670 1.44943 1.51746 1.58927 1.63616 1.76534 1.91918 2.10468 2.29887 2.32785 2.32785 2.32785 2.32785 2.32785 2.32785 2.32785 2.32785 2.32785 2.32785 2.15284 1.95013 2.00594 2.20501
2.57788 2.34553 1.87967 1.81059 1.51088 1.19271 0.874652 0.710772 0.710772 0.710772 0.710772 0.710772 0.710772 0.710772 0.710772 0.710772 0.710772 1.07565 1.40436 1.76022 2.14767 2.09203 2.01993 1.97049 1.91579 1.88344 1.87037 1.85849 1.87232 1.89466 1.89631 1.88915 2.16426 2.21385 2.09848 2.10285 2.10474 2.10474 2.10474 2.10474 2.10474 2.10474 2.10490 2.05079 1.66939 1.82980 2.18570 2.32663 2.32785 2.32785 2.32785 2.32785 2.32785 2.32785 2.32785 2.32785 2.32785 2.32785 2.29464 2.21285 2.13066 2.05192 2.06047 1.96469 2.15307 2.67256
2.04766 1.41144 0.964796 0.729358 0.710772 0.710772 0.710772 0.710772 0.710772 0.710772 0.710772 0.710772 0.710772 0.710772 0.710772 0.710772 0.710772 0.809124 1.22309 1.27795 1.73164 1.71403 1.68852 1.71163 1.80403 1.82087 1.79764 1.77310 1.74795 1.72380 1.69855 1.68307 1.88998 2.10474 2.10474 2.10474 2.10474 2.10474 2.10545 2.11067 2.11762 2.12598 2.13590 2.13922 2.13919 2.10224 2.29847 2.32785 2.32785 2.32785 2.32785 2.32785 2.32785 2.32442 2.26291 2.18072 2.09850 2.01690 2.07851 2.27118 2.46429 2.65395 2.71712 2.28555 2.22501 2.59785
0.240075 0.240075 0.578012 0.710772 0.710772 0.710772 0.710772 0.710772 0.710772 0.710772 0.710772 0.710772 0.710772 0.710772 0.710772 0.710772 0.710428 0.647138 0.835449 0.763242 1.25651 1.33780 1.31541 1.40559 1.59016 1.67548 1.67876 1.68204 1.68467 1.68489 1.68489 1.68489 1.78687 2.10474 2.10642 2.11240 2.11969 2.12850 2.13781 2.13922 2.13922 2.13922 2.13922 2.13922 2.13922 2.11520 2.22244 2.32785 2.32785 2.30879 2.23075 2.14856 2.06637 1.98761 2.05617 2.24905 2.44223 2.63467 2.71712 2.71712 2.71712 2.71712 2.71712 2.46109 2.36929 2.63764
0.240075 0.240075 0.422403 0.710772 0.710772 0.710772 0.710772 0.710772 0.710772 0.710772 0.710772 0.710772 0.709850 0.696901 0.680242 0.663569 0.647253 0.616772 0.569744 0.569744 0.925720 1.31841 1.32278 1.35375 1.54553 1.68489 1.68489 1.68489 1.68489 1.68487 1.67330 1.64992 1.64297 2.11861 2.13893 2.13922 2.13922 2.13922 2.13922 2.13922 2.13922 2.13922 2.13922 2.13922 2.13913 2.07321 2.01656 2.11640 2.03421 1.97108 2.03614 2.22699 2.42010 2.61314 2.71697 2.71712 2.71712 2.71712 2.71712 2.71712 2.71712 2.71712 2.71712 2.71712 2.68999 2.57715
0.240075 0.240075 0.249488 0.688670 0.710772 0.710772 0.710772 0.710772 0.708983 0.694712 0.678046 0.661386 0.645649 0.641932 0.641932 0.641932 0.641932 0.818149 1.02096 1.33985 1.60012 1.33232 1.33193 1.33193 1.48104 1.66563 1.66736 1.64319 1.61566 1.58398 1.56794 1.56794 1.56794 1.96785 2.13922 2.13922 2.13922 2.13922 2.13922 2.13922 2.13448 2.05357 1.94619 1.83899 1.73165 1.68335 1.68952 2.10523 2.39797 2.59108 2.71487 2.71712 2.71712 2.71712 2.71712 2.71712 2.71712 2.71712 2.71712 2.71712 2.71712 2.71712 2.71712 2.71712 2.71712 2.45828
