High_resolution/powerplant/Chizhou/OMI_NO2_200712.asc
ncols      200
nrows      200
xllcorner       115.585
yllcorner       28.7700
cellsize     0.0166667
NODATA_Value      -999.000
[rows 58 to 86 of 176, columns 0 to 66 of 200]
4.58299 4.37844 3.89897 3.90351 3.91723 3.91723 3.91723 3.91723 3.91723 3.91723 3.88646 3.71839 3.75642 3.80912 3.90389 3.93365 3.98617 4.13752 4.18408 4.19177 4.19485 4.07590 4.06047 4.04608 4.03270 4.02113 3.92555 3.82016 3.80860 3.83474 4.07520 4.18531 4.35736 4.44397 4.41485 4.57872 4.71737 4.75737 4.75737 4.75737 4.75737 4.75737 4.68511 4.27416 4.23371 4.24111 4.04777 4.22142 4.43044 4.47193 4.48007 4.33016 4.01863 4.01863 4.01863 4.01863 4.01863 4.04309 4.08309 4.01296 4.01296 4.10405 4.26845 4.69904 5.14798 5.23087 5.30712
4.30527 4.33635 3.99568 3.97308 4.02447 4.06666 4.10906 4.15138 4.19365 4.25172 4.33421 4.14425 4.19339 4.24652 4.26176 4.12360 4.13384 4.22672 4.30284 4.26736 4.10154 3.99856 3.94914 3.95395 3.99604 4.09390 4.20390 4.21117 4.37592 4.50282 4.39766 4.21604 4.29096 4.39200 4.39200 4.50127 4.70490 4.75307 4.75737 4.75737 4.75737 4.77680 4.80800 4.47512 4.38834 4.42351 4.25631 4.23500 4.48007 4.48007 4.48007 4.44098 4.02012 4.01863 4.01863 4.01863 4.01863 3.98988 3.96051 3.77091 3.65857 3.60036 3.79513 4.35757 5.13756 5.26072 5.26072
4.67284 4.78550 4.50898 4.29405 4.26451 4.27779 4.36352 4.45449 4.54564 4.62109 4.64403 4.44714 4.35487 4.34744 4.32489 4.18143 4.08365 4.18399 4.44179 4.48608 4.23808 4.45451 4.37390 4.54382 4.66388 4.71768 4.71386 4.51987 4.51031 4.51031 4.48427 4.21839 4.24462 4.39200 4.39200 4.42464 4.70573 4.78441 4.83369 4.87883 4.92390 4.94960 4.94799 4.69569 4.42605 4.42605 4.32745 4.17263 4.46131 4.48007 4.48007 4.48007 4.09338 3.96101 3.85233 3.74350 3.63468 3.55611 3.58349 3.56822 3.58220 3.59433 3.83132 4.32020 5.02788 5.46102 5.50362
4.73442 4.83773 4.76184 4.46810 4.58536 4.67086 4.64536 4.61438 4.58339 4.55236 4.52572 4.39923 4.24526 4.25375 4.26350 4.32801 4.32548 4.90208 6.14396 6.97076 7.47598 7.21112 4.71781 4.71781 4.71781 4.71781 4.71781 4.56841 4.51031 4.51031 4.51031 4.27118 4.22140 4.46289 4.59838 4.72416 5.16605 5.16286 4.94971 4.94971 4.94971 4.94971 4.94971 4.84020 4.42972 4.42605 4.39824 4.16897 4.37357 4.35387 4.20805 4.06240 3.64239 3.36717 3.33027 3.29337 3.27099 3.27014 3.32538 3.59883 3.82056 3.85535 4.03230 4.38398 4.95751 5.68209 5.85837
5.06307 5.18850 5.16200 4.40417 4.41803 4.52228 4.52228 4.52687 4.53662 4.54636 4.55612 4.51302 4.29962 4.72125 5.42697 6.36624 7.40300 7.73402 8.06346 8.14084 7.92527 7.75070 5.13074 4.71781 4.71781 4.71781 4.71781 4.62028 4.52410 4.63916 4.78491 4.72500 4.66983 4.83207 4.90670 4.90670 5.12937 5.25829 4.96213 4.94356 4.91400 4.88210 4.85024 4.77567 4.27928 4.06582 3.91527 3.55080 3.50090 3.64633 3.65777 3.68755 3.55564 3.29051 3.35890 3.43520 3.49660 3.53789 3.58498 3.79776 4.11725 4.22089 4.49256 4.93605 5.56355 6.46362 6.54787
5.13795 5.19164 5.20487 4.58341 4.41169 4.55863 4.57052 4.57569 4.58078 5.01020 5.71281 6.41687 6.85769 7.12262 7.12262 7.21706 7.80244 7.73402 7.95451 8.14084 8.01960 7.75900 6.07359 4.71548 4.73455 4.86129 5.01096 5.12179 5.08518 5.10430 5.09351 4.93597 4.57321 4.60643 4.69169 4.64842 4.73800 4.92595 4.69431 4.58576 4.54053 4.38139 4.17743 3.93819 3.46722 3.19216 3.07357 2.93439 3.00592 3.58763 3.57617 3.54613 3.53418 3.74923 3.75696 3.75696 3.75553 3.72273 3.67708 4.09541 4.76187 4.85514 4.87355 5.10840 5.62634 6.20825 6.53974
5.22764 5.25720 5.26673 4.84051 4.43868 5.00192 5.71284 6.40537 7.09873 7.36438 7.35654 7.34874 7.15011 7.05486 7.04700 7.03920 7.62611 7.61842 7.72178 8.00697 8.04568 7.94299 7.42220 5.01294 5.10752 5.07033 5.01887 4.96296 4.71010 4.65561 4.61443 4.59999 4.26646 4.26955 4.43424 4.35811 4.24416 4.28950 3.95238 3.60156 3.37139 3.25736 3.18844 3.11824 2.87154 2.63273 2.63273 2.67250 2.77911 3.42106 3.48461 3.48461 3.47829 3.67369 3.66447 3.61884 3.57462 3.56180 3.56180 3.96433 4.76896 4.85553 4.85553 5.05518 5.48227 5.94082 6.53974
5.44334 5.85857 6.71472 7.41225 7.25450 7.38943 7.25845 7.25845 7.25845 7.25845 7.25845 7.25845 7.13776 6.97795 6.94893 6.91221 7.25996 7.74208 8.02205 8.72495 8.94492 8.52983 8.34547 5.16482 4.81272 4.81272 4.79987 4.75534 4.54232 4.41993 4.35482 4.28960 3.92089 3.57498 3.23566 2.98762 2.83410 3.07892 3.08863 3.07819 3.07804 3.07804 3.07804 3.07804 2.96770 2.65061 2.63273 2.63763 2.75672 3.18071 3.37952 3.33387 3.29457 3.45945 3.56180 3.56180 3.56180 3.56180 3.56180 3.68022 4.67746 4.85553 4.85553 4.98576 5.34352 5.74964 6.50146
9.91669 9.74479 9.02258 9.01033 7.66058 7.46156 7.19589 7.12620 7.05674 6.98705 6.91758 6.84790 6.75189 6.62724 6.58227 6.54529 6.70422 8.00161 8.32448 8.61878 8.67189 8.37551 8.13960 5.92555 4.42654 4.36139 4.30712 4.20613 3.88020 3.49182 3.22371 2.97181 2.83710 2.84796 2.79516 2.75727 2.75727 2.96426 3.08735 3.08024 3.07804 3.07804 3.07804 3.07788 2.98829 2.65135 2.51503 2.46938 2.54201 2.86165 3.28946 3.28946 3.28946 3.39355 3.56180 3.56180 3.56180 3.56180 3.56180 3.56180 4.43466 4.90536 4.94121 5.03782 5.34110 5.83128 6.30396
8.77099 9.56804 8.54639 8.44882 7.41058 6.91566 6.70544 6.70184 6.68742 6.63503 6.54977 6.46365 6.39153 6.31343 6.25907 6.20577 6.17316 7.08758 7.78390 7.95620 8.13040 7.96490 7.57347 6.37382 3.78396 3.51227 3.25778 3.06053 2.95250 2.81952 2.81952 2.81952 2.82260 2.84791 2.81904 2.75727 2.75727 2.88309 3.08735 3.08012 3.03899 2.99336 2.94773 2.90222 2.84935 2.61830 2.43757 2.43757 2.50118 2.67817 3.28946 3.28946 3.28946 3.32764 3.56180 3.56224 3.58540 3.62121 3.65707 3.69290 4.20320 5.00463 5.03750 5.07834 5.35000 5.90752 6.28726
5.56550 9.37878 8.33495 8.24333 7.64778 6.85195 6.43700 6.24702 6.17131 6.13310 6.12779 6.12347 6.11915 6.09372 6.08230 6.07817 6.03938 6.34926 7.10001 6.98934 7.19696 7.26631 7.29276 7.32873 3.29288 2.99171 2.99171 2.99171 2.98792 2.82678 2.81952 2.81952 2.81952 2.84302 2.84195 2.75826 2.75727 2.80196 3.08735 3.06123 2.88353 2.88288 2.88288 2.88288 2.87699 2.70078 2.44731 2.43757 2.46123 2.58148 3.20282 3.29268 3.32495 3.37317 3.66640 3.74299 3.76894 3.78216 3.79542 3.79949 3.96035 5.14722 5.24098 5.20237 5.45779 6.49625 7.20952
4.21954 8.91200 8.38524 8.06598 7.85041 6.71378 6.37499 6.11362 6.11357 6.11357 6.09494 6.04863 6.00207 5.94214 5.87768 5.84227 5.96652 6.16975 6.97551 7.40124 7.73224 7.75120 7.58822 7.49766 4.61927 2.99171 2.99171 2.99171 2.99171 2.86558 2.81952 2.81952 2.81952 2.83507 2.84796 2.77616 2.75727 2.75737 3.05077 3.08735 2.91973 2.88288 2.88288 2.88812 2.90645 2.78959 2.55063 2.50371 2.55126 2.72754 3.23113 3.55077 3.56666 3.55240 3.70522 3.77237 3.74589 3.71843 3.68110 3.65058 3.65069 4.79754 5.17234 5.17122 5.33402 6.15983 7.13828
3.75237 7.39279 8.48746 8.03468 8.03026 6.82463 6.42658 5.98003 5.93344 5.88690 5.85897 5.86677 6.00088 6.17503 6.32764 6.49993 6.54653 6.55517 6.94728 7.45498 7.65740 7.75120 7.63706 7.52096 6.03075 2.99171 2.99171 2.99171 2.99171 2.90774 2.81169 2.80220 2.79274 2.79091 2.80573 2.76825 2.73799 2.75058 2.97564 3.10581 3.00922 2.92025 2.93102 2.95046 2.98041 2.93245 3.06019 2.96789 2.98601 3.05743 3.28400 3.59914 3.56374 3.54271 3.63445 3.76465 3.75149 3.73935 3.73698 3.74372 3.81387 4.48040 5.12797 5.08201 5.12688 5.70314 7.14854
3.75185 5.31988 8.47165 7.75170 7.69091 6.88037 6.37913 5.87695 6.00433 6.18396 6.36210 6.53452 6.57955 6.58041 6.55288 6.55133 6.55235 6.55339 6.69768 7.46375 7.59058 7.76394 7.69966 7.54925 7.11990 3.00864 2.80164 2.75786 2.71407 2.67019 2.73030 2.75232 2.77434 2.79722 2.84220 2.82153 2.75488 2.75505 2.88855 3.10566 3.09953 2.95978 2.99508 3.01707 3.01564 2.96336 3.12756 2.97616 2.96604 2.97254 3.03800 3.50270 3.50363 3.50363 3.54334 3.75614 3.83717 3.92295 4.00874 4.08768 4.10328 4.24241 5.05723 5.06134 5.06138 5.45523 6.91735
3.75185 3.75185 8.21548 7.72303 7.90372 7.67335 7.01569 6.68532 6.59398 6.59500 6.59600 6.59631 6.59631 6.59631 6.57531 6.56504 6.56504 6.55977 6.56533 7.23843 7.41598 7.63205 7.58047 7.36705 7.04610 3.92510 2.50617 2.50617 2.50617 2.51399 2.81309 2.83820 2.85028 2.86235 2.89503 2.94153 2.96297 3.03260 3.11222 3.20656 3.21313 3.02313 2.99647 2.99647 2.99647 2.98624 3.05790 3.02264 2.96592 2.96725 2.98556 3.45793 3.62719 3.71294 3.79980 4.08040 4.10328 4.10328 4.10328 4.10328 4.10328 4.11125 4.93207 5.06134 5.06134 5.33158 6.49686
3.75185 3.75185 7.69765 8.83999 8.71052 8.60368 7.28441 6.89147 6.59631 6.59478 6.58926 6.58352 6.57773 6.57199 6.50056 6.47138 6.62894 6.80430 7.03677 7.18763 7.18792 7.45764 7.51663 7.36336 7.12584 5.39189 2.58446 2.59656 2.60862 2.62071 2.85909 2.97484 3.02196 3.06913 3.13528 3.18313 3.15887 3.14999 3.15012 3.21316 3.21986 3.08892 2.99647 2.99647 2.99647 2.99647 3.01589 3.15046 3.11281 3.19852 3.29976 3.65129 3.86993 3.86993 3.86993 4.02938 4.10328 4.10328 4.10328 4.10328 4.10328 4.10328 4.68392 5.10103 5.17373 5.39288 6.33349
3.75185 3.74679 5.72708 9.08733 8.68467 8.67663 7.50469 7.02405 6.55484 6.55063 6.55086 6.65512 6.84967 7.07531 7.28498 7.19409 7.22152 7.26634 7.34418 7.47872 7.55540 7.66891 7.68458 7.51957 7.26050 6.77617 2.71751 2.67556 2.72271 2.77004 2.96572 3.13516 3.13516 3.13516 3.14270 3.18456 3.16795 3.14999 3.14999 3.19603 3.21986 3.16056 3.00654 3.08090 3.16665 3.25236 3.31995 3.52160 3.33293 3.33222 3.34218 3.51664 3.86993 3.86993 3.86993 3.97259 4.10328 4.10328 4.10697 4.16281 4.23537 4.30799 4.70484 5.37155 5.37155 5.40062 5.96473
3.60712 3.59209 3.61463 8.80818 8.64151 8.55738 7.69992 7.13984 6.95129 7.19069 7.45682 7.63392 7.70908 7.76888 7.81563 7.61540 7.64033 7.67078 7.67650 7.73848 7.74154 7.72415 7.68908 7.59503 7.33981 7.08211 3.95790 2.82421 2.82421 2.82421 2.89942 3.13516 3.13516 3.13516 3.13517 3.17826 3.17702 3.14999 3.12474 3.04286 2.97132 2.86868 3.30050 3.36276 3.36276 3.36276 3.32098 3.53789 3.37540 3.33222 3.33673 3.38708 3.86465 3.86993 3.88262 3.99506 4.26309 4.37105 4.47766 4.53226 4.56994 4.60759 4.71012 5.37328 5.39031 5.39906 5.88242
3.68087 3.69902 3.71621 7.12008 8.25055 8.32842 8.19749 7.81927 7.85227 7.89567 7.93737 7.94322 7.94322 7.97170 8.05567 7.95901 7.95475 8.04011 8.11981 7.95578 7.74395 7.73340 7.67734 7.65133 7.39415 7.08478 5.30757 2.82421 2.82421 2.82421 2.83280 3.12425 3.13516 3.13516 3.09776 3.01311 2.92340 2.79433 2.71846 2.72265 2.77261 2.77261 3.13389 3.36276 3.36276 3.36276 3.35003 3.49226 3.49669 3.42455 3.48957 3.61756 4.14178 4.35724 4.45489 4.50029 4.74276 4.76583 4.77633 4.79928 4.82490 4.85263 4.90005 5.41638 5.59748 5.64420 6.04280
3.57143 3.69372 3.74341 5.20262 7.87049 7.81841 7.82192 7.95939 8.01933 8.09555 8.18102 8.26643 8.35185 8.40877 8.40964 8.29218 8.12900 8.12432 8.11982 8.05040 7.73449 7.73449 7.68634 7.67654 7.44735 7.14542 6.62974 2.84722 2.82421 2.82421 2.77766 2.89424 2.86396 2.76586 2.70206 2.71337 2.74810 2.74569 2.74379 2.72249 2.75425 2.73641 2.89084 3.28081 3.25801 3.23524 3.30041 4.12071 4.47738 4.20803 4.27605 4.32415 4.63098 4.88325 4.92449 4.96683 5.22612 5.36612 5.41121 5.44369 5.47371 5.50154 5.51595 5.85039 6.14487 6.16046 6.33670
3.33930 3.62052 3.62052 3.62743 7.82377 8.09595 8.18146 8.36596 8.42428 8.41022 8.40961 8.40549 8.40084 8.39617 8.39207 8.34594 8.11951 8.11777 8.11545 8.11202 7.76580 7.72332 7.68821 7.66070 7.49676 7.32160 7.15423 3.77383 2.82415 2.74980 2.73980 2.85405 2.89066 2.86790 2.84499 2.82453 2.83505 2.78198 2.73515 2.73384 2.77411 2.79884 2.93341 3.65628 3.86617 4.04806 4.14159 4.61720 5.09692 4.61813 4.55234 4.61922 4.82141 5.12392 5.12392 5.12392 5.30328 5.50736 5.52651 5.58340 5.64142 5.69935 5.74870 5.86634 6.18056 6.18109 6.19239
3.09017 3.62052 3.62052 3.62052 7.00957 8.26925 8.26629 8.32386 8.39602 8.37108 8.36422 8.36130 8.35898 8.35663 8.35431 8.35098 8.10124 8.07721 8.07721 8.07721 7.83991 7.69708 7.50603 7.21943 6.90596 6.59231 6.61451 4.94037 3.02494 3.05005 3.05430 2.97214 2.72113 2.72092 2.71751 2.71815 2.75114 2.76198 2.82827 2.98065 3.24327 3.57390 3.64092 4.04282 4.23196 4.23158 4.23158 4.47392 5.14911 4.83431 4.57603 4.59209 4.72264 5.11423 5.15753 5.21551 5.35998 5.71486 5.75369 5.75471 5.75471 5.75471 5.75471 5.78568 6.14657 6.18109 6.18109
2.78221 3.62052 3.62052 3.62052 5.47222 8.22884 8.22483 8.24988 8.36828 8.35366 8.34911 8.34911 8.34902 8.33840 8.32062 8.30286 8.22105 8.23252 8.26514 8.29772 8.20156 7.62340 6.83821 6.79207 6.76857 6.57175 6.67891 6.11966 3.02431 3.02475 3.02549 3.01624 2.70432 2.70897 2.84356 2.99708 3.18114 3.36608 3.32035 3.31132 3.37132 3.64142 3.64142 3.85678 4.23158 4.23158 4.23158 4.28410 5.12611 5.01648 4.62513 4.68313 4.85042 5.24609 5.37126 5.37126 5.37991 5.73975 5.75471 5.75471 5.75471 5.75471 5.75471 5.75471 6.06287 6.18327 6.28418
2.57967 3.53885 3.62052 3.62052 3.76817 7.96172 8.19538 8.17819 8.29040 8.27617 8.24897 8.23124 8.21347 8.20624 8.20624 8.20624 8.26148 8.28394 8.20683 8.12971 8.02185 7.52944 6.44365 6.35692 6.33264 6.47949 6.65615 6.67603 3.62830 3.04488 3.18566 3.33917 3.24248 3.29861 3.32161 3.32161 3.33774 3.40077 3.34294 3.31132 3.31369 3.61825 3.64142 3.68279 4.22161 4.24254 4.29621 4.35417 5.14590 5.37800 4.87201 4.82338 4.89729 5.16215 5.37126 5.37126 5.37126 5.65559 5.75471 5.75471 5.75471 5.76978 5.90031 6.05505 6.40320 6.78864 6.84233
2.57920 3.21753 3.41944 3.38398 3.34845 6.72501 8.08143 8.08143 8.17363 8.19857 8.03062 7.95350 7.87645 7.79904 7.69879 7.58517 7.50105 7.57024 7.53372 7.49719 7.46574 7.16470 6.38934 6.19582 6.31596 6.42545 6.59852 6.63305 5.01583 3.64232 3.65478 3.65478 3.48732 3.32161 3.32161 3.32161 3.32218 3.39417 3.36635 3.31132 3.31132 3.57775 3.80742 3.94649 4.35223 4.47465 4.47893 4.47893 4.99972 5.39645 5.04450 4.82338 4.86185 5.05349 5.37126 5.37126 5.37126 5.60239 5.94290 6.09743 6.26575 6.45118 6.52263 6.57003 6.61033 6.70737 6.78692
2.57807 2.93792 3.32816 3.32517 3.32218 5.33752 8.07215 8.06991 8.10528 8.10808 7.45739 7.40279 7.36629 7.33010 7.31665 7.31665 7.30865 7.40782 7.38599 7.35167 7.31734 7.15930 6.65821 6.09578 6.29379 6.36335 6.56205 6.63359 6.02782 3.65478 3.65478 3.65478 3.56982 3.32161 3.32161 3.32161 3.32161 3.42369 3.56237 3.60737 3.74490 4.01740 4.23348 4.23348 4.34868 4.47893 4.47893 4.47893 4.78649 5.39645 5.22317 4.84875 4.90218 5.15545 5.75192 5.97142 6.17350 6.43459 6.77287 6.84725 6.99434 7.12984 7.26294 7.39699 7.46837 7.36020 7.49346
2.54341 2.67717 3.30123 3.29533 3.28943 3.64526 7.88263 8.05066 8.04218 7.97198 7.47496 7.29320 7.25886 7.22452 7.19019 7.15587 7.13007 7.22504 7.27462 7.27547 7.27631 7.22486 6.96925 6.06672 6.28256 6.31491 6.53121 6.63359 6.62371 3.99767 3.65478 3.65478 3.64372 3.39787 3.50886 3.63807 3.77767 3.89391 3.95272 3.86284 3.84836 3.92631 4.24272 4.26048 4.31120 4.53117 4.54626 4.56100 4.69402 5.96390 6.13165 5.85051 6.04052 6.28715 6.74395 6.99928 7.16258 7.35087 7.80835 7.92743 7.95672 7.96553 7.97440 7.98325 7.99115 7.70298 7.95940
2.48980 2.48653 3.20495 3.27299 3.27299 3.31996 6.69455 7.97633 7.94197 7.84143 7.46274 7.12858 7.12858 7.12879 7.12960 7.13044 7.13129 7.19213 7.27701 7.27701 7.27701 7.27495 7.04594 6.30069 6.22529 6.30296 6.48429 6.62231 6.62668 5.03688 3.86330 4.00465 4.15651 3.93272 3.85668 3.87389 3.89104 3.91662 4.01730 3.97240 3.94776 3.96994 4.33666 4.35738 4.37189 4.70556 4.91789 5.11699 5.36241 6.93824 7.28421 7.13180 7.09870 7.32857 7.69129 7.90635 7.91739 7.91739 7.98569 8.00573 8.00573 8.02702 8.07562 8.12434 8.17306 7.95599 8.40807
2.48653 2.48653 3.04651 3.27299 3.27299 3.27422 5.22077 7.87286 7.87635 7.83503 7.63803 7.15483 7.15917 7.16330 7.16685 7.17032 7.17384 7.20125 7.32586 7.32935 7.33286 7.33633 7.17696 6.66391 6.22021 6.52605 6.86144 7.21863 7.47040 6.62917 4.01676 3.98428 3.95188 3.95804 3.98426 3.98426 3.98426 3.98828 4.09666 4.14089 4.21601 4.41772 5.01063 5.46399 5.76453 5.91713 6.01106 6.08222 6.10431 7.12942 7.69645 7.53641 7.26428 7.32406 7.63742 7.91739 7.91845 7.95185 8.04752 8.13762 8.18632 8.21377 8.21385 8.21385 8.21385 8.04229 8.22792
