High_resolution/powerplant/Chizhou/OMI_NO2_200801.asc
ncols      200
nrows      200
xllcorner       115.585
yllcorner       28.7700
cellsize     0.0166667
NODATA_Value      -999.000
[rows 87 to 115 of 161, columns 0 to 66 of 200]
10.8560 10.8560 10.8837 10.9953 11.3711 19.3844 19.9060 21.1981 21.7656 22.1779 22.1565 22.1565 22.1565 22.1565 22.1565 22.1565 21.9179 21.1008 20.2580 19.4145 18.6216 18.4406 17.1129 15.9621 13.9224 10.0721 10.0520 10.0771 10.0833 10.0833 9.95577 9.67161 9.38671 9.10200 8.81729 8.53239 8.28926 8.18297 8.07230 8.09090 8.10243 8.10243 8.10243 8.07008 7.31981 7.29167 7.29167 7.29167 8.13619 8.37672 8.37719 8.49514 8.96421 9.77366 10.1194 10.6284 10.7154 10.7154 10.7154 10.7154 10.7154 10.7154 10.6905 10.6222 10.5533 10.4843 10.4154
11.5106 11.6277 11.7170 11.7226 11.7226 17.5151 20.2820 21.1005 21.7156 22.1521 22.1565 22.1457 21.6002 20.7571 19.9139 19.0712 18.4666 18.4406 18.4406 18.4406 18.4406 18.4406 17.7552 16.0343 14.4592 10.3971 9.23996 8.97332 8.70183 8.41712 8.25972 8.25935 8.25935 8.25935 8.25935 8.25935 8.25935 8.23253 8.07230 8.08321 8.10243 8.10243 8.10243 8.10243 7.52955 7.29167 7.33385 7.48560 8.35525 9.17123 9.48553 9.63569 9.69959 10.5333 10.4736 10.5273 10.4727 10.3614 10.2498 10.1387 10.0273 9.91606 9.82981 9.78676 9.74409 9.70186 9.65945
11.7226 11.7226 11.7226 11.7226 11.7226 14.8924 20.2820 20.6089 20.7845 20.3200 19.5706 18.7382 18.4406 18.4406 18.4406 18.4406 18.4406 18.4304 18.3765 18.3179 18.2592 18.2006 17.9978 14.3835 13.3117 10.3904 8.22806 8.23963 8.25935 8.25935 8.25935 8.25935 8.25935 8.25935 8.25935 8.25935 8.25899 8.21810 7.98827 7.90269 7.86279 7.78319 7.54329 7.25879 7.04219 7.25429 7.22262 7.06438 7.54966 8.68879 8.56988 8.45094 8.33218 8.95563 9.09199 9.15292 9.23649 9.23649 9.23649 9.23649 9.23649 9.23649 9.23649 9.23649 9.23649 9.23649 9.23543
11.7226 11.7226 11.7226 11.7317 11.7547 12.3576 17.2921 16.7851 17.9343 18.2263 18.4406 18.4214 18.3638 18.3052 18.2465 18.1879 18.1292 18.0807 18.0758 18.0753 18.0582 18.0329 18.0077 15.0940 13.6263 11.5355 8.05878 8.00022 7.61904 7.55286 7.48703 7.42026 7.35479 7.28813 7.22219 7.15601 7.09031 6.97256 6.63547 6.33974 5.97510 5.68017 5.57781 5.52046 5.50905 5.95040 5.95220 5.95220 6.23771 8.11731 8.11731 8.11731 8.11731 8.60681 9.03498 9.08799 9.23649 9.23649 9.23649 9.23623 9.21392 9.17745 9.14101 9.10453 9.06809 9.03155 8.99621
11.7610 11.7841 11.8073 11.8214 11.7988 11.6618 15.0326 15.9538 17.2517 17.6941 17.9448 17.8800 17.8537 17.8284 17.8032 17.7780 17.7526 17.7274 17.7021 17.6774 17.6693 17.6693 17.6693 15.8110 13.7388 12.1198 8.29526 7.81854 7.11901 7.06124 7.05625 7.05125 7.02482 6.83503 6.61160 6.38816 6.16482 6.03343 5.96720 5.84528 5.58936 5.43241 5.43241 5.43241 5.43241 5.82922 5.95220 5.95220 5.95490 7.93391 8.11731 8.11731 8.11731 8.40240 8.98044 8.95179 9.10433 9.07258 9.03609 8.99988 8.98571 8.98571 8.98571 8.98571 8.98571 8.98571 8.98571
10.8645 10.6299 10.3969 10.1623 9.95136 9.85468 12.0148 14.5987 16.1145 17.2218 17.6616 17.6693 17.6693 17.6693 17.6693 17.6693 17.6693 17.6693 17.6693 17.6693 17.6693 17.5561 17.3388 16.2933 13.0563 12.2147 9.54335 7.78810 7.13664 6.69995 6.48151 6.26308 6.06608 6.03233 6.03233 6.03233 6.03233 6.03233 6.01591 5.84614 5.69149 5.43241 5.43241 5.43241 5.43241 5.66172 5.97667 6.09530 6.22294 7.86869 8.64367 8.77140 8.89912 8.96051 8.78968 8.78420 8.93916 8.98571 8.98571 8.98571 8.98571 8.98571 8.98571 8.98571 8.98571 8.98571 8.98571
9.85418 9.85418 9.85418 9.85418 9.85418 9.85418 10.5706 14.5987 15.4604 17.1969 17.5662 17.6693 17.6693 17.6140 17.4055 17.1882 16.9709 16.7536 16.5365 16.3192 16.1019 15.9978 15.9978 15.8615 11.5343 10.3173 8.68307 6.90117 6.41406 6.03233 6.03233 6.03233 6.03233 6.03233 6.03233 6.03233 6.03233 6.03233 6.03233 5.88275 5.86867 5.60207 5.69793 5.79379 5.88958 6.10500 6.79281 6.80199 6.80199 7.85366 8.96710 8.96710 8.96710 8.96710 8.83122 8.78420 8.88906 8.98571 8.98571 8.98571 8.98571 8.98571 8.98571 8.98571 8.98571 8.98571 8.98571
9.85418 9.85418 9.85418 9.85418 9.85418 9.85279 9.81074 13.7654 14.7917 16.8198 16.7655 16.3859 16.1686 16.0066 15.9978 15.9978 15.9978 15.9978 15.9978 15.6629 14.7521 13.8315 12.9101 12.0782 9.31737 8.06129 7.95812 6.84218 6.57927 6.03233 6.03233 6.03233 6.03233 6.02230 5.98136 5.93829 5.89527 5.85212 5.80905 6.15781 6.48262 6.12178 6.06976 6.06976 6.06976 6.07361 6.71567 6.80199 6.80199 7.38709 8.96710 8.96710 8.96710 8.96710 8.87935 8.78420 8.83937 8.98571 8.98571 8.98571 8.98571 8.98571 8.98571 8.98571 8.98571 8.98563 8.96017
9.72629 9.66547 9.60469 9.54386 9.48313 9.42366 9.40497 11.9760 14.2683 16.1820 16.5436 15.9978 15.9978 15.9978 15.9653 15.2926 14.3713 13.4507 12.5297 11.9437 11.9335 11.9335 11.9335 11.9335 10.3474 8.08174 7.99844 7.14283 6.67215 5.92562 5.87813 5.83506 5.79199 5.75895 5.75678 5.75678 5.75678 5.75678 5.75678 5.96513 6.48262 6.22458 6.06976 6.06976 6.06976 6.06976 6.47078 6.80199 6.80199 6.93456 8.95303 8.96710 8.96710 8.96710 8.92752 8.78420 8.79333 8.96690 8.92613 8.88073 8.83536 8.78992 8.71995 8.56556 8.40455 8.24335 8.10777
9.40497 9.40497 9.40497 9.40497 9.40497 9.40497 9.40497 10.5327 14.1495 15.6446 16.5045 14.9293 13.9908 13.0699 12.1814 11.9335 11.9335 11.9335 11.9335 11.9335 11.9022 11.5238 11.0508 10.5774 9.73581 7.87125 7.75988 7.25666 6.51356 5.87732 5.75678 5.75678 5.75678 5.75678 5.75678 5.75678 5.75678 5.75678 5.75678 5.78913 6.46554 6.32748 6.07011 6.08055 6.08060 5.97093 6.09939 6.89616 6.91594 6.93796 7.85757 7.84210 7.72922 7.61633 7.49993 7.21730 7.09358 6.80939 6.64502 6.52938 6.41326 6.29714 6.20587 6.19918 6.19918 6.19918 6.19918
9.40497 9.40497 9.40497 9.40497 9.40497 9.40497 9.39245 9.42504 11.6664 11.6885 12.7241 12.1108 11.9335 11.9335 11.8500 11.4150 10.9419 10.4685 9.99487 9.52148 9.07935 8.98411 8.98411 8.98411 8.98388 7.94091 7.70266 7.50111 6.36334 5.99305 5.84294 5.85797 5.87277 5.88774 5.90277 5.91766 5.93261 5.94750 5.96260 5.97747 6.45920 6.40922 5.97225 5.83177 5.70162 5.68135 5.73904 7.12822 7.18408 7.18489 6.81977 6.60100 6.60100 6.60100 6.60100 6.47434 6.41810 6.30133 6.19918 6.19918 6.19918 6.19918 6.19918 6.16548 6.04969 5.93031 5.81093
9.40497 9.40391 9.38592 9.36205 9.33818 9.31432 9.30296 9.30296 9.74434 10.3231 11.3977 10.6136 9.72265 9.20039 8.76091 8.67369 8.62425 8.57521 8.52609 8.47705 8.42793 8.37858 8.32961 8.28034 8.23153 7.48064 6.99675 6.93137 5.98788 5.84521 6.02654 6.02654 6.01777 5.97224 5.92249 5.85065 5.66925 5.47261 5.27574 5.07894 5.31906 5.68521 5.68839 5.68811 5.68811 5.68811 5.68811 6.68215 7.18489 7.18489 6.94574 6.60100 6.60100 6.60100 6.60100 6.52247 6.39762 6.22571 5.95006 5.83076 5.71130 5.59200 5.47254 5.38686 5.38319 5.38319 5.38319
9.31211 9.28582 9.22305 9.04924 8.86941 8.69009 8.51184 8.33211 8.45687 9.04840 9.10332 8.75362 8.19442 8.19442 8.19442 8.19442 8.19442 8.19442 8.19442 8.19442 8.19442 8.19442 8.19442 8.19442 8.18701 7.73225 6.89389 6.77701 6.14770 5.52487 5.72216 5.58521 5.39734 5.24635 5.09934 4.97441 4.95936 4.95936 4.95936 4.95936 5.12146 5.68521 5.68703 5.68811 5.68811 5.68811 5.68811 6.22600 7.18489 7.17518 6.83400 6.04581 5.72781 5.41022 5.09264 4.92862 5.61231 5.59018 5.38617 5.38319 5.38319 5.38319 5.38319 5.38319 5.38319 5.38319 5.29213
8.49884 8.32259 8.19995 8.19572 8.19572 8.19572 8.19572 8.19572 8.23360 8.96410 9.18938 8.92054 8.21827 8.19442 8.19442 8.19442 8.19385 8.15524 8.09350 8.03171 7.96992 7.90818 7.84639 7.78465 7.73032 7.62788 6.47810 6.02209 5.41408 4.86654 5.00419 4.95936 4.95936 4.95936 4.95936 4.95936 4.95936 4.95936 4.95936 4.95936 4.97054 5.64318 5.68631 5.59378 5.35702 5.11851 4.88033 4.75887 5.47176 5.16439 5.06472 4.51337 4.49081 4.49081 4.49081 4.49315 5.49152 5.60211 5.42818 5.38319 5.38319 5.35310 5.16703 4.98101 4.81670 4.67068 4.42948
8.19572 8.19572 8.19572 8.19572 8.19572 8.19572 8.19572 8.19572 8.19572 8.74039 9.13797 8.81945 8.18439 7.93027 7.86848 7.80674 7.74552 7.72239 7.72239 7.72239 7.72239 7.72239 7.49208 7.01155 6.53102 6.05028 4.70136 4.42170 4.41460 4.62680 4.88165 4.95936 4.95936 4.95936 4.95936 4.95936 4.95316 4.88133 4.79187 4.70248 4.61295 4.50850 4.24845 4.10689 4.10547 4.10547 4.10547 4.10547 4.87108 5.07470 5.07470 4.62920 4.49081 4.49081 4.49081 4.49081 5.19818 5.43816 5.12429 4.86559 4.71415 4.59608 4.58101 4.58101 4.58101 4.58101 4.48528
8.19572 8.19540 8.15824 8.09614 8.03396 7.97177 7.90958 7.84744 7.78529 8.05905 8.69313 8.57638 8.11008 7.72239 7.72239 7.72239 7.72239 7.68616 7.29589 6.81515 6.33440 5.85409 5.60365 5.60365 5.60365 5.60365 4.97152 4.42563 4.41428 4.55439 4.78720 4.84366 4.75437 4.66480 4.57545 4.48594 4.40279 4.38517 4.38517 4.38517 4.38517 4.26455 4.10257 4.10512 4.10547 4.10547 4.10547 4.10547 4.55587 5.07470 5.07470 4.75523 4.42641 4.28170 4.15363 4.04033 4.26233 4.74520 4.69561 4.58101 4.58101 4.56796 4.54240 4.51684 4.49128 4.46571 4.40257
7.82158 7.75976 7.73472 7.73472 7.73472 7.73472 7.73472 7.73472 7.73472 7.82054 8.62017 8.67100 8.30407 7.57005 7.09948 6.61874 6.13800 5.69391 5.60365 5.60365 5.60365 5.60365 5.60365 5.60242 5.50084 5.33561 4.89649 4.09695 3.99321 3.97063 4.17646 4.38517 4.38517 4.38517 4.38517 4.38517 4.38517 4.38517 4.38517 4.38517 4.38517 4.33935 4.10257 4.10447 4.10547 4.10547 4.10547 4.12928 4.41977 4.64379 4.43507 4.11060 3.73972 3.68332 3.62514 3.56697 3.60624 4.28356 4.21286 3.94726 3.87974 3.82738 3.78754 3.74769 3.70768 3.66775 3.62719
7.73472 7.73472 7.73472 7.73472 7.73472 7.73472 7.73472 7.73472 7.73265 7.62796 7.70941 7.46599 6.68523 5.64571 5.60365 5.60365 5.60365 5.59399 5.46403 5.29891 5.13358 4.96847 4.80314 4.63915 4.57551 4.57551 4.55030 3.87836 3.84384 3.84644 4.09433 4.33537 4.27609 4.21728 4.15774 4.09883 4.03992 3.98101 3.92179 3.86256 3.80355 3.74365 3.43277 3.41593 3.47873 3.53442 3.59856 3.64525 3.55825 3.20354 3.16678 3.12548 2.93823 2.93601 2.93601 2.93601 2.93601 3.64809 3.76948 3.57949 3.53482 3.53482 3.53482 3.53482 3.53482 3.53482 3.53981
8.37430 8.30386 8.23317 7.42700 7.31192 7.28523 7.25844 7.23162 7.20492 7.17806 7.15134 7.12294 6.13804 6.06499 6.09319 6.09319 6.09319 6.09319 6.09319 6.09319 6.07350 4.62796 3.32326 3.24751 3.18424 3.15308 3.12353 2.72081 2.44363 2.65771 2.65771 2.65771 2.65771 2.65771 2.65771 2.65771 2.65771 2.65771 2.65771 2.65732 2.64123 2.61761 2.63789 2.78724 2.83513 2.86901 2.90288 2.93017 2.93257 2.93257 2.93257 2.93257 2.93257 2.94391 2.97167 2.99955 3.02743 3.09027 3.57538 3.68634 3.76523 4.04116 4.91736 4.91736 4.91736 4.91736 4.91736
7.84999 7.65120 7.65120 7.30951 7.12690 7.12690 7.12690 7.12690 7.12690 7.12690 7.12690 7.12690 6.42954 6.05246 6.09319 6.08571 6.03188 5.96065 5.88945 5.81820 5.76678 5.07507 3.10958 3.10958 3.10958 3.10958 3.10958 2.94629 2.34627 2.65771 2.65771 2.65771 2.65305 2.62465 2.59297 2.56125 2.52959 2.49784 2.46616 2.43483 2.42517 2.43590 2.44212 2.69018 2.93257 2.93257 2.93257 2.93257 2.93393 2.95522 2.98310 3.01101 3.03889 3.05544 3.05558 3.05558 3.05558 3.05558 3.45365 3.68067 3.72271 3.81166 4.55370 4.53802 4.39395 4.24970 4.10573
8.53836 7.65120 7.65120 7.42900 7.12690 7.12690 7.12690 7.12690 7.12690 7.11887 7.04816 6.96270 6.50213 5.85121 5.82442 5.76529 5.74790 5.74790 5.74790 5.74790 5.74790 5.67869 3.23439 3.10958 3.10958 3.09975 3.06705 3.02784 2.23640 2.48779 2.48562 2.45392 2.42690 2.42357 2.42357 2.42357 2.42357 2.42357 2.42357 2.42357 2.42358 2.43476 2.43821 2.59518 2.90968 2.96668 2.99455 3.02245 3.04898 3.05558 3.05558 3.05558 3.05558 3.05558 3.05774 3.07740 3.10092 3.12446 3.13705 3.10383 3.03714 3.17603 3.61724 3.99326 3.99326 3.99326 3.99326
9.24961 7.65120 7.65120 7.54801 7.07645 6.99248 6.90861 6.82087 6.70203 6.58452 6.52966 6.48954 6.40080 5.70101 5.73065 5.74790 5.74790 5.74790 5.73580 5.70258 5.66896 5.63534 3.74816 2.92977 2.89617 2.87239 2.87146 2.87146 2.32545 2.29820 2.42357 2.42357 2.42357 2.42357 2.42357 2.42357 2.42357 2.42357 2.42357 2.42358 2.42771 2.44380 2.45700 2.63277 2.95905 3.05558 3.05558 3.05558 3.06055 3.08266 3.10619 3.12970 3.15323 3.17674 3.19811 3.20195 3.20195 3.20195 3.10673 2.92125 2.99385 3.13173 3.36225 3.94682 3.93079 3.91454 3.89852
9.68297 7.46534 7.29321 7.19502 6.63118 6.56505 6.52339 6.48547 6.47854 6.47854 6.47854 6.49027 6.52370 5.91454 5.74893 5.59891 5.56528 5.53166 5.51018 5.50978 5.50978 5.50978 4.38481 2.87146 2.87146 2.87146 2.87146 2.87146 2.55106 2.19982 2.42357 2.42357 2.42357 2.42357 2.42357 2.42396 2.42983 2.43746 2.44510 2.45273 2.45624 2.46195 2.48790 2.64431 2.95091 3.14512 3.18164 3.21816 3.24976 3.26419 3.27719 3.29028 3.30340 3.31640 3.32940 3.34242 3.35548 3.36848 3.36867 3.08920 3.19843 3.07416 2.99078 3.67339 3.70405 3.70405 3.69634
9.21756 7.65499 7.04144 7.00663 6.62398 6.52022 6.55407 6.58789 6.62174 6.65553 6.68940 6.71135 6.71179 6.28112 5.87551 5.50978 5.50978 5.50978 5.50978 5.50978 5.50978 5.50978 5.08084 2.90469 2.87146 2.87146 2.87146 2.87146 2.77603 2.10211 2.42585 2.43237 2.44455 2.45735 2.47015 2.48256 2.50931 2.57255 2.63673 2.70088 2.76464 2.85596 3.00085 3.05688 3.17725 3.41027 3.41027 3.41027 3.41027 3.41027 3.41027 3.41027 3.41027 3.41027 3.41027 3.41027 3.41027 3.41027 3.40872 3.13481 3.09164 2.95736 2.74070 3.10300 3.24997 3.17315 3.10397
8.79948 8.08613 7.17615 7.21000 6.96633 6.71179 6.71179 6.71179 6.71179 6.71179 6.71179 6.71179 6.71179 6.49314 5.93200 5.56154 5.51094 5.51534 5.51989 5.52447 5.52903 5.53359 5.42633 3.35669 2.91689 2.92204 2.92721 2.93529 2.94804 2.25892 2.50817 2.60821 2.66789 2.72627 2.78529 2.84431 2.88347 2.88443 2.88443 2.88443 2.88443 2.89010 3.02827 3.04365 3.14131 3.37845 3.41027 3.41027 3.41027 3.41027 3.41025 3.39783 3.37494 3.35202 3.32917 3.30625 3.28334 3.26048 3.23914 3.06776 2.78044 2.71797 2.50775 2.71213 3.09241 3.09241 3.09241
8.99460 8.63746 7.25186 7.22342 7.04666 6.72283 6.72737 6.73195 6.73650 6.74107 6.74565 6.75019 6.75477 6.72969 6.00765 5.72633 5.56982 5.57000 5.57000 5.57000 5.57000 5.57000 5.56998 4.00972 2.97044 3.02533 3.08237 3.13648 3.18596 2.79119 2.75066 2.88443 2.88443 2.88443 2.88443 2.88443 2.88443 2.88443 2.88443 2.88443 2.88443 2.88443 3.00156 3.03406 3.13570 3.29586 3.33660 3.31367 3.29081 3.26792 3.24500 3.23457 3.23457 3.23457 3.23457 3.23457 3.23460 3.23456 3.23445 3.15996 2.81616 2.74267 2.53407 2.56260 3.09132 3.09241 3.09241
8.72201 8.31585 7.09920 6.70919 6.71198 6.77156 6.77202 6.77202 6.77202 6.77202 6.77202 6.77202 6.77202 6.77202 6.19817 5.83807 5.57000 5.57000 5.57794 5.62826 5.68538 5.74252 5.79957 5.00963 3.26648 3.26746 3.26746 3.26746 3.26746 3.03408 2.65314 2.88443 2.88443 2.88443 2.88443 2.88445 2.89275 2.90765 2.92255 2.93744 2.95234 2.96723 3.06687 3.14045 3.19394 3.25084 3.23457 3.23457 3.23457 3.23457 3.23457 3.23456 3.23452 3.23448 3.23449 3.23438 3.23436 3.23436 3.23436 3.23004 2.87436 2.74267 2.58537 2.50764 2.99686 3.22853 3.32836
8.72947 8.24730 7.54026 6.70793 6.70793 6.76100 6.77202 6.77202 6.77202 6.77202 6.77202 6.77202 6.76800 6.71392 6.38125 6.09693 5.77848 5.83523 5.88444 5.89126 5.89126 5.89126 5.89126 5.47836 3.56202 3.26746 3.26746 3.26746 3.27137 3.27740 2.67198 2.92871 2.94359 2.95849 2.97338 2.98826 2.99485 2.99485 2.99485 2.99485 2.99485 2.99485 3.04721 3.14138 3.16303 3.25301 3.23457 3.23455 3.23450 3.23446 3.23441 3.23437 3.23436 3.23436 3.23436 3.23436 3.23436 3.23596 3.28800 3.36377 3.20049 3.03302 2.99633 2.94228 3.32726 3.73567 3.73567
8.75913 8.35298 8.01356 6.70808 6.70793 6.74647 6.77202 6.73773 6.66876 6.59991 6.53234 6.47047 6.41335 6.40619 6.39395 6.31348 5.95349 5.89126 5.89126 5.89126 5.89126 5.89702 5.94613 5.79728 4.25061 3.49692 3.55514 3.61334 3.66763 3.67937 3.09148 2.98563 2.99485 2.99485 2.99485 2.99485 2.99485 2.99485 2.99485 2.99485 2.99485 2.99485 3.02444 3.47576 3.95316 3.40206 3.23784 3.23436 3.23436 3.23436 3.23436 3.24114 3.30429 3.38001 3.45583 3.53155 3.60736 3.68148 3.70526 3.70526 3.56411 3.26305 3.17042 2.99009 3.12510 3.73567 3.73759
