High_resolution/powerplant/Chizhou/OMI_NO2_201112.asc
ncols      200
nrows      200
xllcorner       115.585
yllcorner       28.7700
cellsize     0.0166667
NODATA_Value      -999.000
[rows 145 to 173 of 200, columns 0 to 66 of 200]
7.43150 7.91880 8.28562 8.56820 8.77000 8.79722 8.79722 13.0856 21.5004 21.7942 21.7942 21.7942 21.7942 21.7942 21.7942 21.7942 21.7942 21.7942 21.7942 21.7942 21.7942 21.7942 21.7942 21.7942 18.1401 15.4088 15.3441 15.2837 15.2229 15.1621 15.1013 15.0649 15.0645 15.0645 15.0645 15.0645 15.0645 15.0645 15.0622 15.0010 14.6973 14.9792 16.8293 17.2295 17.0971 17.0934 17.0934 19.8053 25.9494 24.7642 24.5511 24.3377 24.1399 24.0993 24.0993 24.0993 24.2215 24.4027 24.4027 24.4432 26.5418 26.6390 26.6390 26.6390 26.6390 26.6390 26.1252
8.79722 8.79722 8.79722 8.79722 8.79722 8.79722 8.79722 9.79959 20.7098 21.6752 21.7078 21.7942 21.7942 21.7942 21.7942 21.7942 21.7942 21.7942 21.7942 21.7942 21.8119 22.0002 22.2312 22.4623 20.2967 15.3427 15.0645 15.0645 15.0645 15.0645 15.0645 15.0645 15.0645 15.0515 14.9737 14.8872 14.8008 14.7143 14.6302 14.6048 14.2934 14.3633 15.8869 17.0934 17.0934 17.0934 17.0934 17.4472 26.2326 24.0993 24.0993 24.0993 24.0993 24.1085 24.1323 24.1561 24.2258 24.5000 24.5312 24.5550 26.0616 26.5270 25.9109 25.2340 24.5567 23.8711 23.0894
8.79722 8.79722 8.79722 8.79722 8.79722 9.16039 9.80015 10.3575 17.8501 20.2529 21.0562 21.7942 21.7942 21.7942 21.7942 21.8303 22.0387 22.2696 22.5009 22.7318 22.9452 22.9879 22.9879 22.9879 22.1462 15.8462 15.0645 15.0645 15.0321 14.9463 14.8599 14.7734 14.6870 14.6135 14.6048 14.6048 14.6048 14.6048 14.6048 14.6048 14.5776 14.1336 15.3264 17.1896 17.2292 17.2691 17.3089 17.3488 25.5310 24.2550 24.0110 23.9779 23.9447 23.9023 23.8453 23.7880 23.7257 23.2907 22.4469 21.8484 21.7677 21.7019 21.5698 21.4986 21.4272 21.3642 21.3556
8.82358 9.35032 9.95482 10.4524 10.8692 11.0589 11.0589 11.0589 15.2597 20.2392 20.6598 22.0772 22.3082 22.5393 22.7703 22.9654 22.9879 22.9879 22.9879 22.9879 22.9879 22.9879 22.9885 23.0517 23.0852 17.0609 14.7461 14.6596 14.6056 14.6048 14.6222 14.6583 14.6943 14.7304 14.7665 14.8026 14.8387 14.8748 14.9108 14.9469 14.9830 14.5410 15.0852 17.5661 17.5724 17.5724 17.5724 17.5724 23.0530 24.1520 23.2140 23.1978 23.1806 23.1634 23.1462 23.1292 23.1234 22.0401 20.4633 20.4633 20.6941 21.3556 21.3556 21.3552 21.2554 21.0803 20.9050
10.9600 11.0589 11.0589 11.0589 11.0589 11.4962 12.8801 14.1354 16.3407 20.8249 21.1775 22.8866 22.9879 22.9879 22.9879 22.9879 22.9879 22.9914 23.0671 23.1538 23.1874 23.2179 23.2476 23.2146 23.1406 18.7676 14.8813 14.9175 14.9536 14.9897 15.0084 15.0084 15.0084 15.0084 15.0084 15.0084 15.0084 15.0084 15.0084 15.0084 15.0084 14.5892 14.8502 17.1698 17.5721 17.5542 17.5255 17.4968 21.1177 24.9252 23.1244 23.1234 23.1234 23.1234 23.1234 23.1234 23.1234 22.7753 20.4255 20.2903 20.2024 20.7857 20.6135 20.4383 20.3622 20.2578 20.0785
11.4766 12.8562 14.1118 15.2350 16.2410 16.8951 16.9215 16.9215 17.1045 20.4537 21.0455 22.1182 22.7268 22.7385 22.7690 22.7995 22.8296 22.8568 22.8111 22.7550 22.7516 22.7516 22.7516 22.7516 22.7516 20.6818 15.0233 15.0084 15.0084 15.0084 15.0084 15.0084 15.0084 15.0084 15.0084 15.0084 15.0084 15.0084 15.0084 14.9708 14.7342 14.2973 14.3989 16.4247 17.4259 17.4152 17.4152 17.4152 18.9701 25.8267 23.1654 23.1234 23.1217 23.0777 23.0150 22.9523 22.8896 22.7784 20.0347 19.6692 19.6260 20.0148 19.9544 19.7750 19.5962 19.5212 19.5212
16.9362 16.9996 17.0323 17.0648 17.0974 17.1300 17.1626 17.1885 17.1729 19.5831 20.7950 21.4434 22.7331 22.7516 22.7516 22.7516 22.7516 22.7516 22.7516 22.7516 22.7516 22.7516 22.7516 22.7516 22.7516 22.2191 15.6606 15.0084 15.0084 15.0084 15.0084 15.0084 15.0084 15.0084 14.9130 14.6503 14.3845 14.1186 13.8528 13.6246 13.5953 13.5953 13.7807 15.7581 17.4152 17.4152 17.4152 17.3892 17.3204 25.3780 23.5275 22.8598 22.7987 22.7801 22.7801 22.7644 22.6412 22.4962 20.4060 19.0997 18.9994 19.2933 19.5212 19.5212 19.5212 19.5212 19.5212
17.2410 17.2410 17.2342 17.1862 17.1311 17.0760 17.0210 16.9726 16.9656 18.6285 20.9593 21.0887 22.7359 22.7516 22.7516 22.7516 22.7516 22.7516 22.7516 22.7516 22.7516 22.7516 22.7516 22.7516 22.7516 22.7516 17.3008 15.0084 15.0048 14.8320 14.5662 14.3004 14.0345 13.7687 13.5984 13.5953 13.5953 13.5953 13.5953 13.5953 13.5953 13.5927 13.3847 14.9550 17.1350 17.0305 16.9260 16.8475 16.8430 23.5909 24.1653 22.6854 22.5419 22.3984 22.2548 22.1270 22.1067 22.1067 21.0169 18.9958 18.9958 19.1746 19.5212 19.5212 19.5212 19.5212 19.5212
17.0766 17.0210 16.9726 16.9656 16.9656 16.9656 16.9656 16.9656 16.9656 17.6081 20.8570 20.9593 22.2804 22.7516 22.7516 22.7516 22.7516 22.7516 22.7516 22.7516 22.7516 22.7516 22.7516 22.7750 23.0307 23.3443 19.9801 13.9506 13.6883 13.5953 13.5953 13.5953 13.5953 13.5953 13.5953 13.5953 13.5716 13.4010 13.2054 13.0094 12.8138 12.6208 12.3720 14.0310 16.6381 16.8430 16.8430 16.8430 16.8430 21.8596 24.9381 22.1067 22.1067 22.1067 22.1067 22.1067 22.1067 22.1091 21.8652 19.1190 19.1146 19.2165 19.5212 19.5212 19.4875 19.2199 18.9069
16.9656 16.9656 16.9656 16.9656 16.9656 16.9656 16.9656 16.9677 17.1054 17.3593 20.9198 21.7578 22.2487 22.7516 22.7516 22.7516 22.7516 22.7516 22.7985 23.0805 23.3946 23.7089 24.0234 24.3141 24.3733 24.3733 23.0215 13.8973 13.5953 13.5953 13.5953 13.5286 13.3359 13.1403 12.9449 12.7493 12.5774 12.5524 12.5524 12.5524 12.5524 12.5524 12.5166 13.4368 16.0224 16.8476 16.9031 16.9726 17.0424 20.1461 25.8746 22.7289 22.2556 22.1279 22.0012 21.8732 21.7464 21.6174 21.4285 18.6781 17.6075 17.1853 16.1635 15.5827 15.0926 14.8364 14.6243
16.9656 16.9656 16.9656 16.9841 17.1655 17.3850 17.6044 17.8219 17.9037 17.9037 20.1916 21.8974 22.0216 22.8299 23.1308 23.4449 23.7593 24.0736 24.3409 24.3733 24.3733 24.3733 24.3733 24.3733 24.3733 24.3682 23.7510 15.3374 13.0757 12.8803 12.6846 12.5553 12.5524 12.5524 12.5485 12.5292 12.5083 12.4876 12.4668 12.4459 12.4251 12.4043 12.3835 12.7747 15.6383 17.6677 17.6820 17.6820 17.6820 18.1770 22.1649 20.2179 19.1480 19.0927 18.7971 18.4731 18.1490 17.8257 17.5035 15.9270 14.6258 14.6258 13.8359 13.4295 13.4295 13.4295 13.4295
17.2254 17.4450 17.6645 17.8655 17.9037 17.9037 17.9037 17.9037 17.7397 17.2067 17.8789 22.6448 22.9282 24.1698 24.3733 24.3733 24.3733 24.3733 24.3733 24.3733 24.3491 23.8006 23.0397 22.2829 21.5514 20.8294 20.5634 16.8073 12.4423 12.4216 12.4007 12.3799 12.3591 12.3383 12.3214 12.3199 12.3199 12.3199 12.3199 12.3199 12.3199 12.3199 12.3199 12.2949 14.7885 17.6820 17.6820 17.6805 17.3667 16.8279 20.3651 19.6517 17.6657 17.3975 17.3698 17.3698 17.3698 17.3698 17.3698 16.6825 14.6258 14.6290 14.1375 13.4735 13.4943 13.5151 13.5359
17.9037 17.9037 17.9037 17.7438 17.2122 16.6630 16.1134 15.5667 15.1841 15.1704 15.4413 22.0346 23.1137 23.7725 24.4219 24.3975 23.8111 23.0844 22.3564 21.6308 20.9276 20.7489 20.7831 20.8130 20.8173 20.8173 20.8173 19.2096 12.3199 12.3199 12.3199 12.3199 12.3199 12.3199 12.3199 12.3199 12.3199 12.3199 12.3199 12.3199 12.3199 12.3199 12.3123 12.1110 12.7624 15.9238 15.4836 14.9462 14.7183 14.7183 18.2257 19.6081 17.4474 17.3698 17.3698 17.3699 17.3774 17.3889 17.4005 17.3128 14.8790 14.7187 14.4705 13.5044 13.3905 13.2756 13.1607
16.6663 16.1188 15.5722 15.1907 15.1910 15.2066 15.2222 15.2377 15.2533 15.2689 15.2688 19.7694 22.2062 21.8265 21.6604 20.9578 20.8173 20.8173 20.8173 20.8173 20.8173 20.8173 20.8173 20.8173 20.8173 20.8173 20.8173 20.5994 13.2873 12.3199 12.3199 12.3199 12.3199 12.3199 12.3199 12.3199 12.3199 12.3004 12.2446 12.1880 12.1313 12.0747 12.0256 12.0166 11.1154 13.8641 14.7183 14.7183 14.7183 14.7183 17.1965 19.7175 17.9958 17.4062 17.4175 17.4292 17.4333 17.4333 17.4188 17.3291 15.3619 14.4385 14.3034 13.0362 13.0072 13.0072 13.0072
15.2810 15.2967 15.3123 15.3226 15.3228 15.3071 15.2026 15.0841 14.9657 14.8473 14.7445 16.2122 20.4467 20.4550 20.7947 20.8173 20.8173 20.8173 20.8173 20.8173 20.8173 20.8173 20.8173 20.8173 20.8173 20.8173 20.8173 20.8161 15.4279 12.3199 12.3199 12.3194 12.2837 12.2271 12.1705 12.1138 12.0571 12.0199 12.0191 12.0191 12.0191 12.0191 12.0191 12.0191 11.4171 13.0007 14.7496 14.7693 14.7885 14.8078 16.1188 19.7804 18.7014 17.4302 17.3632 17.2715 17.1796 17.0876 17.0102 17.0014 15.8589 14.2880 14.2880 13.3168 13.0072 13.0072 13.0072
15.3071 15.2026 15.0841 14.9657 14.8473 14.7445 14.7306 14.7306 14.7306 14.7306 14.7306 14.9785 20.0726 20.4467 20.6756 20.8173 20.8173 20.8173 20.8173 20.8173 20.8173 20.8173 20.8173 20.8173 20.8173 20.8173 20.7219 19.6657 15.9319 12.1529 12.0963 12.0401 12.0191 12.0191 12.0191 12.0191 12.0191 12.0191 12.0191 12.0242 12.0659 12.1149 12.1638 12.2128 11.9073 12.2245 14.8243 14.8243 14.8243 14.9341 15.3561 19.6145 19.3859 17.0319 17.0014 17.0014 17.0014 17.0014 17.0014 17.0014 16.6036 14.2905 14.3067 13.6670 13.0072 13.0072 13.0072
14.7445 14.7306 14.7306 14.7306 14.7306 14.7306 14.7306 14.7306 14.7306 14.7306 14.7202 14.5745 18.2969 19.8299 20.0090 20.8173 20.8173 20.8173 20.8173 20.8173 20.8173 20.6299 19.4654 18.1626 16.8583 15.5548 14.3467 14.0981 13.5064 12.0241 12.0191 12.0191 12.0191 12.0191 12.0333 12.0809 12.1299 12.1788 12.2277 12.2716 12.2787 12.2787 12.2787 12.2787 12.2406 11.9003 15.3475 15.5877 15.7935 15.9148 15.9459 19.0532 19.8000 17.6761 17.2517 17.3087 17.3654 17.4223 17.4179 17.3066 17.1472 14.6764 14.1950 13.4380 11.4236 11.1603 10.8562
14.7306 14.7306 14.7306 14.7306 14.7306 14.7306 14.6929 14.4920 14.2723 14.0527 13.8434 13.7907 16.1697 19.5068 19.5986 20.8051 20.5069 19.2652 17.9617 16.6581 15.3539 14.2385 14.0981 14.0981 14.0981 14.0981 14.0981 14.0981 13.9852 12.1252 12.0959 12.1448 12.1938 12.2427 12.2774 12.2787 12.2787 12.2787 12.2796 12.2900 12.5174 12.9712 13.3692 13.7208 14.0119 13.3969 16.0044 16.5921 16.6632 16.7343 16.7766 17.6316 17.9312 16.0813 14.3544 14.1146 13.8162 13.2191 12.6104 12.1283 11.5945 10.4664 10.2572 9.75249 3.96061 3.96061 3.96061
14.7306 14.7306 14.6485 14.4309 14.2110 13.9915 13.8095 13.7907 13.7907 13.7907 13.7907 13.6831 14.1304 17.2044 16.2372 15.1812 14.1606 14.0981 14.0981 14.0981 14.0981 14.0981 14.0981 14.0959 14.0378 13.9555 13.8733 13.7887 13.6853 12.6457 12.3181 12.3311 12.3441 12.3571 12.3701 12.4412 12.8540 13.2709 13.6372 13.9544 14.1163 14.1168 14.1168 14.1168 14.1168 13.6977 15.4172 16.7769 16.7769 16.7769 16.7769 16.6616 16.4169 15.2696 11.8853 11.3237 10.7888 10.7183 10.7183 10.7183 10.7183 10.4393 10.2572 10.2572 4.94061 3.85080 3.74161
14.1500 13.9303 13.7927 13.7907 13.7907 13.7907 13.6831 13.3385 12.9855 12.6325 12.2795 12.0334 12.1786 14.1395 14.4674 14.3140 14.0981 14.0892 14.0573 13.9638 13.8558 13.7475 13.6396 13.5337 13.4835 13.4577 13.4319 13.4082 13.4036 12.9705 12.4238 12.4238 12.4238 12.4238 12.4238 13.8461 14.1168 14.1168 14.1168 14.1168 14.1168 14.1168 14.1168 14.1168 14.1168 13.9100 14.2870 16.2938 16.0109 15.6960 15.3444 15.1551 15.1551 15.0975 11.0395 10.7183 10.7183 10.7183 10.7182 10.6906 10.6422 10.4212 9.99129 9.91845 6.17257 3.34404 3.34098
13.7907 13.6831 13.3385 12.9855 12.6325 12.2795 12.0334 12.0176 11.9985 11.9791 11.9598 11.9404 11.9477 13.4502 14.2514 14.1012 13.5939 13.4946 13.4184 13.4036 13.4036 13.4036 13.4036 13.4036 13.4036 13.4036 13.4036 13.4036 13.4036 13.2137 12.4463 12.4238 12.4238 12.4238 12.4238 13.4340 14.1168 14.1168 14.1168 14.1168 14.0276 13.7405 13.4462 13.1521 12.8578 12.5820 11.7242 15.1551 15.1551 15.1551 15.1551 15.1551 15.1551 15.1475 12.2305 10.6187 10.5704 10.5220 10.4738 10.4530 10.4530 10.4099 9.84811 9.83620 7.61860 3.31565 3.31188
12.2189 11.9535 11.9256 11.9062 11.8868 11.8675 11.8481 11.8360 11.8200 11.7303 11.6313 11.5322 11.4332 12.3500 13.9465 13.9456 13.4828 13.4036 13.4036 13.4036 13.4036 13.4036 13.4036 13.4036 13.4036 13.4036 13.4036 13.4036 13.4036 13.3733 12.5511 12.4238 12.4238 12.4238 12.4220 12.6882 13.6463 13.3518 13.0577 12.7636 12.5586 12.5515 12.5515 12.5515 12.5515 12.5515 11.6511 14.8132 15.1288 15.0804 15.0321 14.9836 14.9354 14.8945 13.3156 10.4530 10.4527 10.4491 10.4445 10.4400 10.4354 10.4318 9.95601 9.82469 8.84778 3.31187 3.31187
11.8358 11.8358 11.8358 11.8200 11.7303 11.6313 11.5322 11.4332 11.3500 11.3406 11.3406 11.3406 11.3406 11.7233 13.8427 13.9465 13.6646 13.4036 13.4036 13.4036 13.4036 13.4036 13.4036 13.4036 13.4036 13.4036 13.4036 13.4036 13.4036 13.3670 12.3733 11.6706 11.2782 10.8859 10.4956 10.3706 12.4214 12.5515 12.5515 12.5515 12.5515 12.5515 12.5452 12.4817 12.4045 12.3273 11.9130 13.5002 14.8898 14.8898 14.8898 14.8898 14.6031 13.9844 13.0869 10.4563 10.4325 10.4315 10.4315 10.4315 10.4315 10.4315 10.1221 9.82469 9.73596 3.67241 3.31187
11.6313 11.5322 11.4332 11.3500 11.3406 11.3406 11.3406 11.3406 11.3406 11.3406 11.3406 11.3406 11.3406 11.4547 13.2269 13.6530 13.4777 13.4036 13.4036 13.4036 13.4036 13.4036 13.4036 13.4036 13.3282 12.8841 12.3911 11.8979 11.4049 10.9486 10.5278 10.3331 10.3368 10.3368 10.3368 10.3368 11.8926 12.5314 12.4572 12.3800 12.3028 12.2256 12.1548 12.1411 12.1411 12.1411 12.0738 12.5237 14.2669 13.6474 13.0285 12.4092 12.0767 12.0764 12.0855 10.9347 10.7079 10.8582 11.0074 11.1573 11.3070 11.4568 11.4631 11.1492 11.2992 5.98118 3.31187
11.3406 11.3406 11.3406 11.3406 11.3406 11.3406 11.3406 11.3406 11.3406 11.2985 11.1547 11.0066 10.8582 10.7693 12.1058 13.3130 13.3153 13.3988 13.4036 13.2752 12.8013 12.3081 11.8152 11.3228 10.9050 10.8558 10.8558 10.8558 10.8558 10.8558 10.7148 10.2812 10.2813 10.1784 10.0754 9.97255 10.8272 12.1441 12.1411 12.1411 12.1411 12.1411 12.1405 11.8865 11.4237 10.9604 10.4976 9.78423 12.9635 13.1131 13.2630 13.4129 13.5623 13.7120 13.8533 13.0955 12.2400 12.2400 12.2400 12.2400 12.2400 12.2400 12.2292 11.6668 11.6332 8.08009 3.31187
11.3406 11.3406 11.3406 11.3406 11.3405 11.2624 11.1141 10.9660 10.8177 10.7115 10.7071 10.7071 10.7071 10.7072 11.3580 12.7979 12.4296 11.8537 11.2395 10.8749 10.8558 10.8558 10.8558 10.8558 10.8558 10.8558 10.8524 10.7584 10.6248 10.4910 10.3148 9.79049 9.79076 9.79260 9.79443 9.79626 9.99618 12.1188 12.0684 11.6439 11.1809 10.7179 10.2557 10.0464 10.0464 10.0464 10.0464 9.50118 13.7435 13.8849 13.8849 13.8849 13.8849 13.8849 13.8849 13.5743 12.2400 12.2400 12.2400 12.2400 12.2400 12.2400 12.2400 11.8224 11.6332 9.78470 3.31187
11.3339 11.2218 11.0735 10.9253 10.7772 10.7071 10.7071 10.7071 10.7071 10.6353 10.4409 10.2444 10.0480 9.85152 10.0168 11.2754 11.4022 11.2221 10.8558 10.8558 10.8558 10.8372 10.6879 10.5107 10.3336 10.1565 9.98283 9.89971 9.85633 9.81295 9.76995 9.78783 9.80995 9.80995 9.80995 9.80995 9.80995 10.3554 10.0848 10.0464 10.0464 10.0464 10.0464 10.0464 10.0464 10.0464 10.0464 9.85083 12.5267 13.8849 13.8849 13.8849 13.8849 13.8849 13.8849 13.8797 12.4135 12.2400 12.2400 12.2400 12.2400 12.2400 12.2408 12.0800 12.0127 11.7437 4.37226
10.7432 10.7071 10.7071 10.7071 10.6370 10.4429 10.2463 10.0480 9.85152 9.72687 9.72481 9.70574 9.65072 9.59494 9.70078 10.8241 11.2069 11.0328 10.2587 10.0774 9.90028 9.74182 9.71412 9.71412 9.71412 9.71412 9.71412 9.71412 9.71412 9.71412 9.71412 9.79605 9.78992 9.80995 9.80995 9.80995 9.80995 9.93518 10.0464 10.0464 10.0464 10.0464 10.0464 9.96091 9.65941 9.31697 8.93670 8.48183 10.9954 13.8849 13.8849 13.8849 13.8849 13.8849 13.8849 13.8849 12.8873 12.2416 12.2432 12.2448 12.2464 12.2479 12.2487 12.2809 12.4939 12.5710 6.53397
10.4429 10.2347 9.98583 9.73359 9.55155 9.49335 9.43757 9.38174 9.32596 9.27023 9.21440 9.18624 9.23117 9.28123 9.43149 10.1006 10.5558 10.5459 9.92303 9.71412 9.71412 9.71412 9.71412 9.71412 9.71412 9.71412 9.71412 9.71412 9.71412 9.71412 9.71412 9.82631 9.74413 9.80995 9.80995 9.80995 9.80995 9.85772 9.87414 9.55449 9.20082 8.80695 8.36586 8.02066 8.00654 8.00654 8.00654 8.00654 9.61408 13.8849 13.8849 13.8857 13.8873 13.8889 13.8905 13.8920 13.3743 12.2487 12.2487 12.2561 12.3229 12.4027 12.4824 12.5622 12.8137 12.8462 8.85771
