High_resolution/powerplant/Chizhou/OMI_NO2_200711.asc
ncols      200
nrows      200
xllcorner       115.585
yllcorner       28.7700
cellsize     0.0166667
NODATA_Value      -999.000
[rows 0 to 28 of 200, columns 67 to 133 of 200]
9.46811 8.87310 8.94715 9.18665 9.20578 9.42996 9.17393 8.47507 8.47409 8.47409 8.47411 8.49048 8.51920 8.54537 8.53522 7.66503 7.40622 7.40622 7.66519 8.65432 9.27593 6.48386 5.16969 5.29496 5.44812 5.59116 5.72471 5.87470 6.15481 6.43024 6.67954 6.60481 7.29837 8.51500 9.35494 9.87279 10.4917 11.4329 12.8188 12.9892 12.9337 12.7129 12.4652 11.9828 11.4583 11.0035 10.6049 10.3478 10.2192 10.0978 10.0586 9.97236 9.94054 8.61671 8.20124 9.13208 9.39852 9.26025 9.77762 10.4649 10.4649 10.4649 10.6035 10.8580 11.0841 11.2857 11.3617
9.71594 8.87310 8.88040 9.08702 9.05883 9.27681 9.29872 8.51751 8.51947 8.54550 8.56931 8.57988 8.57988 8.58727 8.67454 8.21869 7.91485 8.07064 8.32230 9.50283 10.4787 9.64096 8.16717 7.43354 7.55846 7.67941 8.04916 8.66039 9.15561 9.64062 10.1200 10.7500 11.2725 11.1569 10.9148 10.3224 10.2064 10.3294 11.0739 10.9667 10.5588 10.3192 10.1187 10.0586 10.0586 10.0586 10.0586 10.0586 10.0586 10.0586 10.0586 10.0012 9.94054 9.14157 8.20406 8.85771 9.43481 9.45302 9.55859 10.8722 11.0951 11.2918 11.3838 11.3864 11.3889 11.3914 11.2238
9.94621 8.87310 8.87311 9.04642 9.11466 9.35817 9.55531 9.35967 9.48083 9.67695 9.86171 10.0359 10.2009 10.3533 10.4574 10.3003 9.61634 9.16373 9.18119 9.96599 11.1316 11.1486 10.1363 9.83998 10.0866 10.4173 10.5957 10.5378 9.96473 9.87847 9.77465 9.72208 10.2969 10.3086 10.3546 10.1543 10.4261 10.6558 9.69679 10.0907 9.94392 9.93170 10.0281 10.1653 10.1513 10.1376 10.1243 10.1112 10.0985 10.0860 10.0739 10.0387 9.95366 9.68303 8.68833 9.34415 10.4087 10.8111 10.4929 10.7939 10.8553 10.8279 11.6053 12.6730 12.9144 13.4681 13.7810
10.8716 11.1414 11.2533 11.3956 11.2587 11.3327 11.5162 11.6503 11.7851 11.8266 11.8668 11.9074 11.9503 11.9935 12.0387 12.1208 11.6321 11.2880 11.4200 11.7709 12.4527 12.4940 11.9699 11.6023 11.4434 11.4771 11.4851 11.4793 9.84757 9.76519 9.86855 10.1694 10.8597 11.3653 11.6244 11.3341 11.2198 11.2461 10.1548 9.61047 9.38709 9.37129 9.47512 9.79207 9.79207 9.79207 9.79207 9.79207 9.79207 9.79207 9.82766 10.1254 10.3962 10.7405 10.0330 9.99987 10.7977 10.8115 10.8445 11.0928 11.9898 12.4991 13.4555 15.1418 15.0928 14.8063 14.4071
11.0459 11.8165 12.0958 12.1611 12.0004 11.9255 12.1116 12.1919 12.3513 12.3909 12.5223 12.6686 12.8128 12.9554 13.0961 13.1700 12.7572 12.2610 12.1784 12.2486 12.5348 12.7379 12.4612 12.0695 11.7500 11.7500 11.8547 12.1118 11.1890 11.0531 11.2587 11.2666 11.4515 11.8322 11.8322 11.6082 11.3548 11.3548 10.6803 9.68792 9.36160 9.36160 9.38631 9.78880 9.79207 9.79207 9.80144 10.0503 10.4044 10.7580 11.0763 11.1300 11.1445 11.3814 11.4604 11.9408 12.8822 13.3988 13.6659 13.0290 13.0059 12.7733 12.6389 14.1658 14.1856 14.1870 14.1147
11.5065 12.1078 12.6135 12.6444 12.4905 12.2402 12.5369 12.8288 13.1194 13.2325 13.2473 13.2473 13.2473 13.2473 13.2573 13.2919 13.1064 12.5539 12.3376 12.3402 12.4962 12.7442 12.7423 12.5910 12.4054 12.6633 12.8172 12.8185 11.9994 11.2666 11.2666 11.2666 11.2872 11.8045 11.8322 11.7182 11.3568 11.3548 11.1323 9.79923 9.37840 9.36160 9.36160 9.90429 10.3608 10.7562 11.1936 11.5673 11.8510 12.1348 12.4187 12.7024 12.8611 12.8414 13.1205 13.6611 13.7978 13.9331 14.0451 13.5198 12.5204 12.4814 12.4755 14.0334 14.4050 14.4521 14.4797
11.8546 12.0620 12.7621 12.7789 12.7421 12.3066 12.5755 13.0676 13.1998 13.2473 13.2505 13.2802 13.3157 13.3513 13.3768 13.3779 13.3384 12.6901 12.5103 12.7687 13.0988 13.6921 13.7963 13.3351 12.8914 12.8185 12.8185 12.8185 12.3057 11.2666 11.2666 11.2666 11.2666 11.6332 11.8375 11.8910 11.5400 11.6133 11.7018 10.6227 10.2900 10.7077 11.3454 12.0676 12.4827 12.7733 13.0470 13.1450 13.2279 13.3117 13.4695 13.6827 13.8726 14.0201 14.2006 14.4475 14.5029 14.5589 14.6026 14.4526 13.0681 12.8870 12.9003 14.0884 14.8149 14.8149 14.8149
12.3119 11.8942 12.7887 12.7887 12.7869 12.4249 12.3600 13.0813 13.2109 13.3397 13.3720 13.3779 13.3779 13.3853 13.6356 14.0055 14.3768 14.0182 13.4183 13.4060 13.4254 13.7747 13.8126 13.4616 13.0166 12.8201 12.8750 12.9561 12.8202 11.6032 11.6942 11.7852 11.9096 12.2416 12.7897 13.1379 13.5507 14.2178 14.9659 14.6215 13.6275 13.3238 13.4068 13.6654 14.0061 14.0615 14.1769 14.3211 14.4649 14.6087 14.6776 14.6918 14.7032 14.6314 14.6307 14.5939 14.6646 14.6763 14.6763 14.6763 13.5193 12.9156 12.9156 13.6950 14.8154 14.8425 14.8845
12.7121 11.7637 12.7078 12.7887 12.7879 12.6213 12.4151 13.0279 13.2390 13.3853 13.6378 14.0092 14.3806 14.7445 14.8633 14.8633 14.8633 14.4674 13.5428 13.4699 13.5485 13.9137 14.1215 14.0019 13.7671 13.8435 13.9286 13.9877 14.0366 12.8972 13.1913 13.5779 14.0810 14.6222 16.0410 16.5469 16.5743 16.4004 16.4146 15.9849 14.3129 13.7229 13.8561 14.0834 14.5717 14.6952 14.7237 14.7237 14.7237 14.7237 14.7237 14.7237 14.7237 14.6550 14.6331 14.5595 14.6637 14.6741 14.6763 14.6763 14.0770 12.9586 12.9843 13.4166 14.9811 15.0031 15.0100
13.1186 11.7622 12.4983 12.7887 12.7887 12.7705 12.7038 13.4394 14.2207 14.8517 15.1113 15.2423 15.3735 15.5045 15.6356 15.7667 15.8977 15.9369 14.6893 14.3507 14.3738 14.5773 14.7780 14.7191 14.5442 14.7964 15.0931 15.4517 15.9009 15.5451 15.5687 15.8702 16.0212 16.1182 16.9212 17.3960 17.3430 16.5885 16.6539 16.7328 15.1862 14.3594 14.3505 14.3719 14.7595 14.7795 14.7865 14.7934 14.8003 14.8111 14.8631 14.9252 14.9873 15.0026 15.0206 14.9773 15.1753 15.2188 15.2136 15.2019 15.0812 14.0679 13.9594 14.0579 16.2364 16.3772 16.4427
13.1329 12.2252 13.0062 13.8548 14.2942 14.7229 14.4601 14.4617 15.0877 15.7535 16.0163 16.0041 15.9916 15.9795 15.9674 15.9548 15.9427 15.9336 14.9798 14.2249 14.3356 14.6624 15.1522 15.2924 16.0512 16.4057 16.6575 16.8682 17.0243 16.8235 16.6604 16.7354 16.8105 16.9355 17.4571 18.4472 18.6296 18.1397 17.9819 18.0442 16.9325 15.7206 15.5605 15.6156 15.9058 16.0329 16.0879 16.1430 16.1983 16.2495 16.2594 16.2594 16.2594 16.2212 16.0864 15.9095 15.9360 15.9260 15.9334 15.9334 15.9334 15.1295 14.7311 14.8292 16.8686 17.5136 17.7650
12.9820 13.8361 14.3114 14.6363 14.6421 14.6459 14.4433 14.0984 14.8388 15.4474 16.0935 16.2176 16.3468 16.5193 16.7033 16.8875 17.0711 17.2524 16.8828 15.5552 15.6121 16.0020 16.8873 17.1395 17.7566 18.1366 18.1796 18.2172 18.2186 18.1592 18.0417 18.1625 18.2834 18.3548 18.3801 19.3979 19.4760 19.0198 18.5778 18.5778 17.9713 16.3687 15.9524 15.9524 16.1219 16.2594 16.2594 16.2594 16.2594 16.2536 16.1931 16.1195 16.0458 15.9824 15.8922 15.9290 15.9453 16.1487 16.2257 16.3084 16.3920 16.1012 15.3796 15.5589 17.1702 18.4085 18.4441
14.0759 14.7659 15.3348 15.9044 16.0603 16.2037 16.2310 15.6561 16.2120 16.8672 17.7000 17.7596 17.8147 17.8260 17.8260 17.8260 17.8260 17.9170 18.0113 16.5983 16.6190 16.7571 17.4021 17.5059 17.7061 18.3099 18.3991 18.5065 18.6137 18.6188 18.3554 18.3554 18.3554 18.3554 18.3554 19.0428 19.4760 19.2413 18.5778 18.5778 18.4097 16.6784 15.9524 15.9524 16.0559 16.2582 16.2091 16.1368 16.0769 16.0567 16.2726 16.5315 16.7904 17.0495 17.2380 17.4214 16.9727 16.7720 16.7750 16.9641 17.2022 17.2802 16.1314 15.9609 16.8547 18.4244 18.4158
15.2988 15.6686 16.1900 16.5532 16.5501 16.4993 16.3095 15.7613 15.9546 16.8644 17.7678 17.8260 17.8260 17.8664 18.0445 18.2340 18.4235 18.5219 18.5294 17.2496 16.6698 16.7720 17.4769 17.8087 17.9339 18.6536 18.6630 18.6630 18.6630 18.6606 18.3724 18.3554 18.3554 18.3554 18.3554 18.6629 19.4760 19.4106 18.6292 18.5799 18.5770 17.2374 16.0156 15.9456 16.1143 16.5700 16.8045 17.0621 17.3072 17.5216 17.6008 17.6658 17.7356 17.9614 18.2168 18.4773 18.2367 17.6123 17.4719 17.3917 17.4305 17.4691 16.6016 16.1098 16.5359 18.6821 18.7293
15.2553 15.2147 15.9312 16.2742 16.4155 16.4155 16.3134 16.0159 15.5965 16.8348 17.6885 18.1722 18.3615 18.5106 18.5219 18.5219 18.5292 18.6147 18.7251 18.0941 17.0840 17.1088 17.5516 17.9503 17.9503 18.4625 18.6674 18.6630 18.6630 18.6631 18.4378 18.3592 18.3613 18.3634 18.3655 18.3861 19.4096 19.5751 18.9293 18.6732 18.6465 18.4140 17.5271 17.6450 17.7644 18.1085 18.2017 18.2670 18.3716 18.6898 18.9987 19.2922 19.5809 19.7135 19.7354 19.6958 19.2744 18.0771 17.9307 17.7418 17.7418 17.7418 17.3000 16.3068 16.3184 18.6297 18.7837
15.3354 15.1097 15.7833 16.1802 16.4155 16.4155 16.3524 16.2404 15.9963 17.1674 17.9796 18.5219 18.5296 18.6154 18.7230 18.8306 18.9308 18.9522 18.9523 18.7421 17.1103 17.0832 17.2714 17.8035 17.7587 18.0945 18.7599 19.0072 19.1182 19.2292 19.2202 19.2383 19.3567 19.4622 19.5598 19.6126 20.2983 20.6631 19.5550 19.1051 19.1603 19.4266 18.7174 18.3531 18.4688 18.9657 19.3525 19.6459 19.8996 19.9370 19.9370 19.9370 19.9370 19.9370 19.9302 19.8040 19.6597 18.1886 17.9996 17.7425 17.7418 17.7418 17.6356 16.4434 16.4328 18.4228 19.2549
15.4154 15.1091 15.6175 16.0860 16.4155 16.4155 16.3913 16.2623 16.2413 16.9194 17.9335 18.8317 18.9292 18.9710 19.0195 19.0678 19.1162 19.1646 19.2133 19.2762 17.8147 17.6000 17.8013 18.6217 18.7525 18.8507 19.6698 19.9905 19.9741 19.9578 19.9065 19.7929 19.7599 19.7401 19.7280 19.7607 20.0770 20.9048 20.2891 19.5884 19.6997 20.0087 20.1058 19.4426 19.6201 19.7687 19.9087 19.8912 19.8738 19.8563 19.8388 19.8214 19.8039 19.7864 19.7689 19.6445 19.5989 18.2826 17.8967 17.7175 17.6427 17.5386 17.4347 17.3463 17.2025 18.5649 19.8030
15.4159 15.1989 15.4574 16.2236 16.8208 17.0748 17.3529 17.4935 17.6841 17.9195 19.1749 19.6904 19.7761 19.8157 19.8278 19.8399 19.8521 19.8644 19.8764 19.8987 18.9406 18.1090 17.9808 18.5915 18.6416 18.5232 19.6670 20.3859 20.3709 20.3532 20.2565 19.7930 19.7785 19.7646 19.7716 19.7895 19.9666 21.2095 21.2315 20.5486 20.6889 20.7055 21.3897 20.2358 20.2733 20.3924 20.6059 20.6831 20.7605 20.8379 20.9151 20.9926 21.0700 21.1474 21.2248 21.2285 21.1876 20.1487 19.1486 18.7983 18.6098 18.6098 18.6098 18.7350 18.4595 19.2472 20.9642
15.1579 15.1434 15.2629 17.6925 18.7965 18.9554 18.9539 18.8529 18.7912 18.4939 19.6333 20.0097 20.1087 20.1041 20.1122 20.1186 20.0157 19.8755 19.7354 19.6145 19.0688 17.6936 17.7178 18.4307 18.6982 18.6739 19.4569 20.5509 20.6627 20.6914 20.7155 20.2337 20.4157 20.7195 21.0022 21.2743 21.4001 22.0195 22.2853 21.2670 21.0864 21.0864 22.3913 21.4706 21.2402 21.2511 21.4239 21.4251 21.4251 21.4251 21.4251 21.4251 21.3939 21.2419 21.0781 20.8734 20.6721 20.0827 18.9997 18.7887 18.5989 18.6005 18.6069 18.6817 18.6357 19.0381 21.5238
15.7946 15.8420 15.6288 17.5675 18.8014 19.1927 19.2370 19.1940 19.0661 18.8610 19.4795 20.0207 20.0631 19.9273 19.7794 19.6326 19.5955 19.5955 19.5955 19.6084 19.6410 18.1089 17.8972 18.3071 18.8245 18.8245 19.2056 20.6170 21.0108 21.2527 21.4946 21.4184 21.4001 21.4001 21.4001 21.4001 21.4001 21.6601 22.4419 21.4400 21.0864 21.0864 21.9647 21.9483 21.2402 21.2402 21.3950 21.4251 21.4120 21.2774 21.1136 20.9500 20.8212 20.8302 20.8567 20.8743 20.7759 20.5412 19.1837 18.8634 18.7649 18.9054 19.0413 19.1773 19.5427 19.5323 21.7888
16.2086 16.2240 16.0823 17.3818 18.9645 19.5043 19.4422 19.3278 18.9385 18.7852 18.7351 19.3347 19.5955 19.5955 19.5955 19.5955 19.5749 19.5221 19.4689 19.4168 19.5770 18.3793 17.8451 18.0887 19.0512 19.2943 19.5688 21.3433 21.8158 21.8158 21.8158 21.5947 21.4001 21.4001 21.4001 21.4001 21.4001 21.4090 22.3543 21.7496 21.0864 21.0864 21.5395 22.3146 21.2448 21.1385 21.0940 21.0166 20.8924 20.8895 20.9160 20.9421 20.9647 20.9702 20.9761 21.0304 21.0796 21.2318 20.0218 19.6764 19.6210 19.6446 19.7204 19.8077 20.0762 20.2404 22.0585
16.0004 15.8432 15.7763 16.5915 18.4468 19.2108 19.2108 19.2108 18.8760 18.8283 18.5635 19.2577 19.5591 19.5391 19.4859 19.4327 19.4002 19.3998 19.3998 19.3789 19.3730 18.6861 18.5896 18.8464 19.7704 19.8250 19.8250 20.8836 21.8134 21.8158 21.8158 21.6768 21.4001 21.3879 21.3095 21.2213 21.1331 21.0451 21.5608 21.5132 20.5015 20.2791 20.2326 21.5724 20.9855 20.9836 21.1390 21.3110 21.3666 21.4217 21.4771 21.5551 21.7317 21.9156 22.0936 22.2233 22.2787 22.3520 21.3590 20.5615 20.4014 20.3623 20.3737 20.3737 20.4427 20.6544 21.8373
15.6005 15.6005 15.6018 15.9316 18.1976 19.2058 19.2108 19.2108 18.9725 18.8315 18.5828 18.9167 19.2979 19.3998 19.3998 19.3780 19.2354 19.0755 18.9146 18.7744 18.8425 18.6130 18.7635 18.8456 19.5726 19.7830 19.7210 20.2491 21.4456 21.4360 21.3525 21.1986 20.6914 20.6097 20.5943 20.5758 20.4894 20.3281 20.2494 20.8628 20.1827 19.9077 19.9142 21.5324 21.7862 21.4957 21.5258 21.7142 21.8412 21.9697 22.0983 22.2041 22.2115 22.2114 22.2114 22.2114 22.3092 22.5102 21.8066 20.7908 20.4966 20.3737 20.3737 20.3737 20.3737 20.6328 21.3244
15.6005 15.6005 15.6005 15.7076 17.7510 19.0537 19.2108 19.2108 19.0691 18.8315 18.7042 18.6184 19.0468 19.0726 18.9129 18.7736 18.7430 18.6402 18.4489 18.2557 18.1027 18.0040 18.1482 18.3700 18.7962 19.2574 19.2523 19.4131 20.9230 21.0643 21.0106 20.9258 20.3421 20.2020 19.8484 19.4297 19.0789 18.8028 18.7126 19.7901 19.7580 19.6412 19.6100 20.9652 22.3251 21.8015 21.9413 22.2040 22.2114 22.2114 22.2114 22.2114 22.2088 22.1988 22.1883 22.1778 22.1926 22.4544 22.0679 20.8600 20.4580 20.2769 20.2705 20.3406 20.4489 20.7790 21.1984
15.6005 15.6005 15.6005 15.6744 17.1783 18.8343 19.1225 18.9481 18.5762 17.8614 17.4789 16.9394 17.4167 17.4275 17.2439 17.0608 16.8896 16.8089 16.8171 16.8269 16.8399 17.0708 17.8456 18.3737 18.6144 19.2138 19.0482 18.8825 20.1189 20.4808 20.2591 19.9626 19.0009 18.4271 18.3440 18.3225 18.2941 18.2675 18.2486 19.0609 19.8260 20.0779 20.2818 21.2821 23.0587 22.2118 22.2323 22.3185 22.3614 22.3934 22.4255 22.4576 22.4921 22.5342 22.5768 22.6193 22.6617 22.9544 22.9759 21.7240 21.3753 21.3400 21.4645 21.5340 21.4721 21.4039 21.5057
15.5208 15.4391 15.3573 15.2887 15.6055 16.5933 17.0112 16.8160 16.7739 16.4567 16.4163 16.2808 16.8354 17.0926 17.1060 17.1020 17.0966 17.0770 17.0519 16.9580 16.8006 16.8750 17.3471 17.9715 17.9711 18.4193 18.3807 18.1710 18.8388 19.6666 19.5832 19.5773 18.9731 18.4653 18.4670 18.6236 18.8321 19.0407 19.2458 19.5986 20.5891 20.6518 20.6549 21.3450 23.5633 23.3078 22.9663 22.9833 22.9948 22.9948 22.9948 22.9948 22.9948 22.9948 22.9948 23.0338 23.1418 23.4281 23.6591 22.5590 21.8358 21.4229 21.0800 20.7749 20.5503 20.3875 20.5066
14.8227 14.5781 14.3488 14.1538 14.3500 15.5761 16.5109 16.4590 16.3956 16.0858 15.8750 15.7612 15.9890 16.3505 16.2515 16.0879 15.9260 15.7782 15.6358 15.5624 15.5523 16.2715 17.2183 17.7111 17.7497 17.8872 17.8311 17.8231 18.2077 19.5718 19.5902 19.7036 19.5571 19.1170 19.2979 19.3408 19.3408 19.3408 19.3408 19.3458 20.4371 20.6385 20.6549 20.8697 23.1531 23.7215 22.9663 22.9765 22.9948 22.9948 22.9948 23.0164 23.1183 23.2275 23.3369 23.4063 23.2978 23.1187 23.0278 22.0232 20.8898 20.1966 20.2325 20.3244 20.4413 20.5375 20.7333
13.4384 13.2722 13.2241 13.1788 13.2508 14.2600 15.5648 15.5359 15.4343 15.2264 14.9637 14.8285 14.8717 15.4584 15.5523 15.5523 15.5523 15.5523 15.5507 15.4103 15.1806 15.3771 16.2787 16.8732 17.3541 17.6046 17.8378 17.9909 18.1923 19.8650 20.2242 20.2487 20.1167 19.3408 19.3408 19.3408 19.3408 19.3408 19.3408 19.3408 20.0207 20.6241 20.6549 20.6556 22.5134 24.0419 22.9701 22.9792 23.0942 23.2033 23.2701 23.2690 23.1621 22.9023 22.6345 22.3836 22.2356 22.2566 22.5033 22.1409 21.2503 20.4883 20.7757 20.8447 20.8884 20.9332 21.0742
13.0854 12.9627 12.9559 12.8525 12.8039 13.4345 14.7594 14.8498 14.7826 14.7615 14.5841 14.5839 14.5804 15.3727 15.5523 15.4788 15.2538 15.0242 14.7962 14.7070 14.7421 14.9517 16.1833 16.7224 17.6526 18.0617 18.4983 18.5118 18.5118 19.5889 20.2487 20.2487 20.2416 19.3907 19.3408 19.3408 19.3408 19.3335 19.3085 19.2828 19.5178 20.4986 20.5196 20.4957 21.7624 23.6468 23.3539 23.1277 23.1196 22.9302 22.7413 22.6060 22.4991 22.5175 22.5774 22.6932 22.8600 23.0883 23.4525 23.4390 22.4957 21.5812 21.6971 21.7800 21.8435 21.9060 21.9275
