High_resolution/powerplant/Chizhou/OMI_NO2_200504.asc
ncols      200
nrows      200
xllcorner       115.585
yllcorner       28.7700
cellsize     0.0166667
NODATA_Value      -999.000
[rows 90 to 119 of 175, columns 0 to 65 of 200]
2.54677 2.53524 2.61496 2.61747 2.54077 2.26251 2.26251 2.26251 2.13463 1.91931 1.89433 1.86932 1.84732 1.84408 1.84408 1.82588 1.68213 1.09802 1.04466 1.00522 0.962123 0.915335 0.897425 0.897425 3.61725 3.60542 3.59363 3.58232 3.58184 3.58542 3.59005 3.92989 3.96308 3.88654 3.87342 3.90154 3.89500 3.87293 3.83961 3.85753 3.85305 3.88543 3.87148 3.76012 3.74973 3.66747 3.48834 3.23229 3.31210 3.35566 3.36489 3.37383 3.29026 2.81427 2.81497 2.81497 2.75942 2.70192 2.70192 2.70192 2.67412 2.77598 3.05150 3.09332 3.09332 3.09332
2.54677 2.53570 2.58380 2.61890 2.62073 2.30000 2.30918 2.32513 2.27617 1.80091 1.73179 1.66375 1.59584 1.52784 1.45989 1.41009 1.39090 0.949697 0.897425 0.897425 0.897425 0.897425 0.897425 0.897425 3.58383 3.58383 3.58383 3.58383 3.58383 3.58383 3.58443 3.84252 3.96149 3.89073 3.82592 3.84129 3.86065 3.88805 3.88099 3.93655 3.98967 4.05197 4.03533 3.97921 4.04454 4.02907 3.80016 3.39643 3.40295 3.39909 3.39078 3.39078 3.38813 2.85712 2.81497 2.81497 2.81244 2.70192 2.70192 2.70192 2.68448 2.68665 3.02281 3.09332 3.09501 3.10537
2.56803 2.58172 2.58785 2.61233 2.54690 2.19145 2.05600 1.98805 1.92088 1.49954 1.40765 1.40765 1.40765 1.40765 1.40765 1.40765 1.40765 1.08214 0.897425 0.897425 0.897425 0.897425 0.897425 0.897425 3.58383 3.58551 3.59079 3.59618 3.60158 3.60698 3.61176 3.78153 4.00947 3.98716 3.90288 3.94668 3.97497 3.98167 4.05076 4.21392 4.24344 4.24344 4.20939 4.06167 4.06125 4.07749 3.90003 3.48901 3.41186 3.40672 3.39078 3.39078 3.39078 2.98648 2.81497 2.82135 2.93169 2.84408 2.91390 2.98062 3.03829 3.07513 3.30687 3.19540 3.22623 3.25725
2.59091 2.58508 2.44944 2.25139 2.25139 2.03582 1.89644 1.89644 1.89644 1.64618 1.40765 1.40765 1.40765 1.40765 1.40765 1.40765 1.40765 1.20794 0.897425 0.897425 0.897425 0.897425 0.897425 0.897425 3.60869 3.61240 3.61329 3.63513 3.66642 3.69774 3.72904 3.81765 4.12055 4.12686 3.97634 3.99270 4.01837 4.02249 4.06626 4.26895 4.27426 4.27787 4.26961 4.09017 4.06125 4.06125 4.00395 3.61893 3.49630 3.54346 3.60159 3.65358 3.70305 3.51435 3.30627 3.35511 3.40721 3.31294 3.26980 3.26980 3.26966 3.24539 3.48828 3.57293 3.61066 3.68949
2.57909 2.57909 2.51262 2.26390 2.25139 2.10795 1.89644 1.89644 1.89644 1.79271 1.40765 1.40076 1.35694 1.30845 1.26218 1.21571 1.16916 1.09267 0.936883 0.925075 0.929600 0.934093 0.938538 0.942982 3.80611 3.83720 3.87280 3.89086 3.90018 3.91021 3.92093 3.92932 4.27327 4.30200 4.16439 4.12081 4.14904 4.14905 4.14529 4.31628 4.31816 4.29113 4.26330 4.01032 3.87367 3.84275 3.83060 3.66900 3.79719 3.79719 3.82946 3.84385 3.84385 3.72694 3.36401 3.36448 3.37240 3.44137 3.39829 3.47560 3.54908 3.68014 3.89433 4.05834 4.06174 4.16569
2.53303 2.53039 2.47207 2.26229 2.13947 2.03927 1.81795 1.77016 1.72198 1.67072 1.18276 1.09568 1.09135 1.09177 1.09028 1.08865 1.08707 1.08580 1.04922 1.01132 1.00624 0.998117 0.988533 0.977030 3.95398 3.92517 3.93021 3.93056 3.93056 3.93056 3.93652 3.95199 4.14929 4.19500 4.07827 3.94870 3.94522 3.91833 3.89237 4.05202 4.14694 4.14694 4.14694 3.98608 3.80419 3.80707 3.87797 3.66634 3.81116 3.81424 3.85349 3.86889 3.87283 3.90405 3.65286 3.73121 3.81269 4.03991 4.02756 4.09781 4.18995 4.33140 4.49101 4.64936 4.51477 4.51477
2.08343 2.06259 2.06566 1.87129 1.72420 1.71972 1.54637 1.54156 1.54156 1.54156 1.24193 1.05277 1.05277 1.05277 1.05277 1.05266 1.05200 1.05122 1.01915 0.916992 0.909166 0.909166 0.909166 0.909166 4.04568 3.98202 3.99588 4.00918 4.02201 4.03439 4.04189 4.04201 4.05093 4.07322 4.06147 3.93319 3.97555 4.00939 4.03662 4.10878 4.18571 4.19405 4.20241 4.12257 3.88841 3.94324 4.05500 4.02074 4.12445 4.27095 4.30831 4.11718 4.16601 4.15012 3.96598 3.88186 3.84988 4.06528 4.35998 4.39559 4.40809 4.41415 4.52145 4.66198 4.51612 4.51477
2.04313 2.04313 2.05698 1.95273 1.72420 1.72420 1.57898 1.54156 1.54156 1.54156 1.38866 1.05234 1.05159 1.05076 1.04985 1.04900 1.04891 1.04891 1.04794 0.912565 0.909166 0.909166 0.909166 0.909166 4.28858 4.18236 4.21115 4.25121 4.29238 4.33356 4.37481 4.41604 4.44854 4.46801 4.48633 4.33998 4.32614 4.31699 4.32387 4.35280 4.41877 4.47369 4.52642 4.55472 4.41353 4.48619 4.56181 4.59568 4.38943 4.44328 4.41704 4.08892 4.02456 4.05848 3.98329 3.93231 3.95811 4.06181 4.39902 4.40809 4.40809 4.40809 4.49355 4.62724 4.55218 4.51477
2.04313 2.04313 2.04313 2.03213 1.74990 1.72420 1.60718 1.47629 1.41295 1.34960 1.27919 1.05710 1.07530 1.14664 1.21873 1.29081 1.36285 1.43498 1.53623 1.09738 0.909166 0.909166 0.909166 0.909166 4.82991 4.66306 4.62990 4.63101 4.63101 4.63101 4.63101 4.63101 4.63101 4.62957 4.61372 4.56738 4.60482 4.62484 4.67934 4.68923 4.63054 4.61474 4.59259 4.56560 4.59743 4.63120 4.61124 4.65314 4.26799 4.39560 4.43613 4.26319 4.16174 4.16577 4.09728 3.95855 3.95855 3.97489 4.38137 4.40809 4.40809 4.40809 4.45960 4.57315 4.60347 4.51477
2.04313 2.04313 2.01489 1.96461 1.66176 1.50843 1.42616 1.36517 1.42288 1.48055 1.53821 1.50949 1.51202 1.51277 1.51277 1.51277 1.51277 1.51277 1.51963 1.32099 0.909166 0.909166 0.909166 0.909166 4.86049 4.74173 4.63101 4.63101 4.62564 4.60738 4.58857 4.56976 4.55093 4.53419 4.52386 4.57408 4.69188 4.62700 4.59960 4.59165 4.54512 4.51285 4.49173 4.48165 4.47225 4.58641 4.58641 4.63613 4.45334 4.51500 4.51500 4.39863 4.16577 4.16577 4.14447 3.95861 3.95855 3.95855 4.29290 4.39998 4.38341 4.40805 4.45039 4.57137 4.75879 4.83136
1.88073 1.83520 1.81793 1.87225 1.77073 1.80115 1.78165 1.63299 1.63299 1.63299 1.63299 1.58940 1.51277 1.51277 1.51277 1.51277 1.51277 1.51277 1.51277 1.47264 0.909166 0.909166 0.909166 0.909166 4.82600 4.75940 4.56382 4.54500 4.53155 4.52959 4.50992 4.48460 4.45930 4.43417 4.41659 4.43203 4.63195 4.60374 4.59165 4.59165 4.54741 4.48165 4.48043 4.47743 4.41416 4.58641 4.58641 4.62095 4.55386 4.48709 4.51112 4.44787 4.07853 4.04456 4.23053 4.09391 4.10334 4.13621 4.37258 4.57127 4.63450 4.69500 4.75235 4.88997 4.91715 5.02949
1.87434 1.87434 1.87434 1.91478 1.82750 1.81560 1.81245 1.63931 1.63299 1.63299 1.63299 1.62132 1.51304 1.51277 1.51277 1.53109 1.57575 1.62036 1.66516 1.67452 0.933927 0.909166 0.909166 0.909303 4.68031 4.67648 4.46263 4.40706 4.37880 4.35191 4.34330 4.34036 4.33739 4.33452 4.33183 4.32888 4.49716 4.52065 4.49576 4.49277 4.47106 4.37685 4.36754 4.34678 4.27909 4.45765 4.47986 4.46854 4.46936 4.15757 4.10101 4.09247 3.82123 3.78097 4.48137 4.48385 4.49333 4.56003 4.72967 4.95905 4.98360 5.11689 5.25964 5.31750 5.23175 5.30939
1.78323 1.77306 1.76332 1.76642 1.74662 1.67289 1.66473 1.65229 1.69180 1.72789 1.76399 1.80018 1.78356 1.81961 1.87152 1.90530 1.91262 1.91999 1.92730 1.88595 1.19897 0.930007 0.930127 0.930087 4.61952 4.61952 4.42819 4.30900 4.30900 4.30900 4.30900 4.30900 4.30900 4.30933 4.29595 4.27288 4.36216 4.43838 4.38563 4.36464 4.34295 4.22013 4.19925 4.19902 4.18325 4.22043 4.38340 4.39994 4.45264 4.31776 4.48637 4.57641 4.51131 4.41185 4.77670 4.87625 4.89732 5.05958 5.25958 5.73395 5.78745 5.82982 5.86604 5.84143 5.64308 5.60491
1.71055 1.72606 1.74145 1.75692 1.87288 1.90788 1.96206 2.07298 2.14065 2.14863 2.15675 2.16510 2.17945 2.19009 2.19009 2.19009 2.19009 2.19009 2.19009 2.18330 1.66743 0.897168 0.897168 0.897168 4.62657 4.62005 4.53378 4.33260 4.34605 4.35943 4.37289 4.38626 4.39973 4.41278 4.22302 4.13330 4.18314 4.35374 4.31763 4.32112 4.33472 4.31263 4.33507 4.39066 4.44507 4.47526 4.75259 4.80611 4.99987 5.00912 5.22677 5.46153 5.58210 5.23354 5.63574 5.91558 5.59322 5.59322 5.59339 5.93287 6.00440 6.02989 6.05314 6.04894 5.76428 5.61375
1.83236 1.83236 1.83236 1.83236 1.94250 2.01793 2.02592 2.08000 2.17103 2.17103 2.17103 2.17103 2.17436 2.19009 2.19009 2.19009 2.19009 2.19009 2.19009 2.19009 1.94823 0.897168 0.897168 0.897168 4.78624 4.74226 4.73986 4.43883 4.43034 4.43927 4.44788 4.43990 4.42571 4.41159 4.27393 4.12744 4.14825 4.33197 4.62700 4.75455 4.78991 4.83080 4.88569 4.94190 4.99721 5.02761 5.43398 5.69169 6.00729 6.26623 6.25474 6.44445 6.43491 5.72708 5.75282 6.03748 5.64864 5.65217 5.67748 5.92730 6.05745 6.05745 6.05745 6.05745 5.84659 5.62957
1.83236 1.83236 1.83236 1.83236 1.90541 2.01382 2.02571 2.05057 2.17103 2.16665 2.14860 2.12956 2.11056 2.17851 2.19009 2.18467 2.15614 2.12508 2.09396 2.06286 1.91725 0.980849 0.897168 0.897168 4.96921 4.83931 4.81842 4.55681 4.44248 4.41943 4.39673 4.39057 4.39057 4.39057 4.33734 4.15486 4.21503 4.37228 4.81049 5.10072 5.15122 5.20498 5.24217 5.23838 5.23444 5.21749 6.07550 6.45592 6.52581 6.60074 6.40880 6.44823 6.47386 5.98869 5.76681 6.11006 5.80408 5.68746 5.68746 5.84306 6.05745 6.05745 6.05745 6.05745 5.93613 5.66475
1.83236 1.83236 1.83236 1.83236 1.87316 1.99859 1.99308 1.97835 2.09638 2.07589 2.05162 2.02826 2.00495 2.01916 2.01838 1.99268 1.99008 1.99008 1.99008 1.99008 1.93107 1.28252 0.897168 0.897168 4.86874 4.71468 4.71468 4.57778 4.39057 4.39057 4.39057 4.38888 4.38217 4.37510 4.36567 4.11472 4.18383 4.37548 4.85971 5.22202 5.21807 5.21483 5.22721 5.22752 5.22752 5.21987 5.70456 6.45592 6.49808 6.60074 6.51397 6.54865 6.55215 6.25053 5.78265 6.03619 5.90461 5.68746 5.68746 5.75891 6.05745 6.05745 6.05745 6.05630 6.00272 5.65154
1.83052 1.81724 1.80233 1.79198 1.79385 1.94448 1.90764 1.82646 1.91423 1.93709 1.93709 1.93709 1.93709 1.95113 1.99008 1.99008 1.99008 1.99008 1.99008 1.99008 1.97762 1.50520 0.897168 0.897168 4.92788 4.71596 4.71045 4.66768 4.37462 4.36578 4.35872 4.35336 4.35262 4.34886 4.34435 4.14362 4.15502 4.21989 4.72000 5.21314 5.21336 5.21336 5.22446 5.22752 5.22752 5.22515 5.33633 6.45240 6.47190 6.60074 6.59326 6.53419 6.55215 6.46252 5.78257 5.94070 5.94956 5.57923 5.53104 5.48690 5.81092 5.78375 5.73581 5.68261 5.62790 5.31002
1.79287 1.79727 1.80333 1.80482 1.80482 1.94468 1.93599 1.79197 1.87365 1.93709 1.93709 1.93709 1.93709 1.93917 1.98831 1.99008 1.99008 1.99008 1.98838 1.95157 1.90130 1.68403 0.897168 0.897168 4.87320 4.67389 4.63405 4.63048 4.37164 4.30556 4.29797 4.29039 4.28323 4.27942 4.27630 4.14730 4.06690 4.10744 4.51975 5.07974 5.14810 5.14544 5.15060 5.15420 5.15150 5.14911 5.20522 6.25379 6.51300 6.67862 6.71668 6.56385 6.52252 6.51824 5.86896 5.74489 5.71105 5.21326 5.17544 5.14168 5.41994 5.49756 5.50056 5.52702 5.57124 5.32418
1.80592 1.80831 1.81066 1.81304 1.81541 1.92086 1.99428 1.82358 1.90307 2.08834 2.09985 2.08461 2.06014 2.03535 2.09013 2.23077 2.24962 1.98986 1.95902 1.96270 1.98025 2.16481 2.21602 2.19911 4.73961 4.61414 4.54214 4.54214 4.37306 4.22211 4.22211 4.22211 4.22211 4.22211 4.22211 4.16650 3.98870 4.07137 4.36361 4.95827 5.17442 5.19300 5.21618 5.24439 5.26298 5.28131 5.34790 6.02569 6.63499 6.75757 6.81526 6.64630 6.42026 6.39605 5.94329 5.58736 5.59014 5.23901 5.22226 5.27957 5.37281 5.40303 5.36790 5.26292 5.13225 4.85066
1.87717 1.87757 1.87748 1.85680 1.82536 1.80391 1.77208 1.62221 1.60819 1.95323 1.92988 2.01474 2.11105 2.19745 2.29999 2.36106 2.33248 1.89807 1.87385 1.86564 1.85778 1.89998 1.88114 1.75765 4.73961 4.66059 4.54214 4.54214 4.47289 4.22872 4.25735 4.28773 4.31811 4.34864 4.37919 4.40645 4.13164 4.22296 4.35992 4.94939 5.27343 5.26940 5.26459 5.32468 5.34312 5.36131 5.42776 5.79112 6.81132 6.95489 7.11004 7.15567 6.80216 6.90962 6.75748 6.11607 6.16246 5.63673 5.24732 5.23400 5.20073 5.12301 4.83414 4.78804 4.81092 4.82053
1.71368 1.68187 1.65055 1.63981 1.63981 1.61416 1.56141 1.60926 1.65208 2.10811 2.20188 2.21219 2.21219 2.21219 2.22191 2.29894 2.29901 1.99687 1.84306 1.84306 1.84306 1.85426 1.94881 1.75765 4.87357 4.88356 4.72466 4.76014 4.79452 4.49743 4.45905 4.45183 4.44461 4.43740 4.43017 4.43227 4.20489 4.21280 4.26489 4.84434 5.31936 5.33825 5.35952 5.58516 5.63505 5.68943 5.85643 6.12151 7.43157 7.74996 8.02496 7.99642 7.48397 7.26438 7.16593 6.16232 6.10640 5.76771 5.24511 5.26797 5.28397 5.20567 4.97832 4.82973 4.82973 4.82973
1.63981 1.63981 1.64615 1.73943 1.85099 1.94659 1.96064 1.96441 1.86019 2.12606 2.21219 2.21219 2.21379 2.21874 2.22381 2.28585 2.29901 2.14179 1.84258 1.83595 1.82742 1.81889 1.92648 1.75771 5.03428 5.06836 4.77292 4.75357 4.77056 4.53557 4.41003 4.43125 4.45262 4.47411 4.49587 4.50711 4.32044 4.19587 4.25794 4.67569 5.47761 5.63011 5.74645 6.03252 6.25261 6.36337 6.43537 6.75234 7.56548 7.94370 7.85214 7.76493 7.39173 7.01719 7.01794 6.34682 6.11794 6.02224 5.31658 5.31658 5.31658 5.22753 5.08877 4.82973 4.82973 4.82973
1.84131 1.94370 2.03284 2.05364 2.05364 2.05364 1.98553 1.98440 1.87625 2.06372 2.22591 2.23098 2.23283 2.22742 2.22173 2.24582 2.26997 2.22833 1.79526 1.78831 1.78831 1.78831 1.87371 1.79738 5.41505 5.41505 5.07383 4.92985 4.92985 4.78302 4.49186 4.49186 4.49186 4.49186 4.51702 4.62524 4.65652 4.48903 4.66616 5.05559 5.90997 6.11980 6.16394 6.31570 6.51244 6.47222 6.43658 6.63528 6.95876 7.61120 7.61120 7.61120 7.49921 7.10063 7.09516 6.66368 6.15056 6.14914 5.38947 5.31658 5.31658 5.25180 5.19011 4.83895 4.82973 4.82973
2.05364 2.05364 2.05364 2.05463 2.05933 2.06427 2.00201 1.96199 1.89281 1.98554 2.20796 2.20228 2.19822 2.19805 2.19805 2.20988 2.25520 2.25520 1.91555 1.78831 1.78831 1.78831 1.83379 1.85849 5.41505 5.41505 5.18398 4.92985 4.92985 4.97649 4.67673 4.77604 4.89065 5.00526 5.09470 5.10792 5.14778 4.82619 4.91154 5.06151 5.95528 6.25635 6.25635 6.30180 6.51881 6.36685 6.36155 6.52753 6.66515 7.59168 7.61120 7.61120 7.52910 7.24305 7.09575 6.92483 6.15056 6.15056 5.59102 5.36777 5.40704 5.40566 5.37811 5.13807 5.07674 5.11597
2.04023 2.01989 1.99951 1.97818 1.95312 1.92784 1.88142 1.84323 1.84831 1.89903 2.19805 2.19805 2.19805 2.19805 2.19805 2.19871 2.25032 2.25520 2.06792 1.78831 1.78831 1.78831 1.80066 1.90685 5.55183 5.72379 5.76314 5.44207 5.57132 5.63443 5.21849 5.09433 5.13897 5.18352 5.22804 5.26590 5.26512 4.97026 4.89568 4.90227 5.64827 6.16620 6.16032 6.15594 6.39925 6.30181 6.25670 6.41675 6.60508 7.35557 7.60956 7.60785 7.58595 7.54186 7.29601 7.33199 6.52247 6.46832 6.11220 5.66123 5.64981 5.61452 5.50447 5.31666 5.08664 5.08320
1.91760 1.91760 1.91760 1.91760 1.91760 1.91760 1.89733 1.84058 1.84914 1.84740 2.16088 2.17084 2.16309 2.15530 2.14837 2.14396 2.16701 2.14745 1.98207 1.68161 1.67527 1.66972 1.67053 1.71078 5.92636 5.96483 5.94898 5.39008 5.36300 5.36300 5.23389 5.08732 5.08732 5.08732 5.08732 5.08732 5.08732 4.89968 4.72904 4.76752 5.20219 6.03245 6.04113 6.03942 6.22816 6.24429 6.16726 6.28804 6.59249 7.04532 7.59683 7.59683 7.59987 7.83730 7.43108 7.39337 6.78069 6.40687 6.18050 5.51074 5.51529 5.51774 5.36886 5.24078 4.85066 4.76143
1.89710 1.89286 1.88858 1.88435 1.87964 1.87349 1.86051 1.80593 1.82864 1.83402 1.92544 1.98111 1.98889 1.97500 1.89864 1.81104 1.70503 1.59830 1.60618 1.61641 1.62634 1.63563 1.63793 1.66320 5.78248 5.95648 5.95648 5.50334 5.36300 5.36300 5.32834 5.08810 5.08732 5.08164 5.07132 5.06105 5.05076 4.95997 4.69469 4.75594 4.97142 5.90848 6.02911 6.02911 6.15741 6.27474 6.13631 6.12903 6.44322 6.54120 7.32873 7.26044 7.15167 7.27932 7.14518 6.93661 6.56553 5.94329 5.82289 5.19974 5.10032 5.01635 4.91657 4.86263 4.60491 4.58311
1.76161 1.75030 1.73919 1.72826 1.71762 1.70735 1.69901 1.72665 1.80427 1.82557 1.82482 1.85995 1.76670 1.69223 1.68797 1.68797 1.68546 1.64398 1.64310 1.64310 1.64310 1.64310 1.64310 1.65699 5.61629 5.94775 5.93231 5.59888 5.31887 5.30647 5.29416 5.06345 5.00934 5.00468 5.00427 5.00339 5.00251 4.99583 4.68063 4.74060 4.72193 5.58883 5.73784 5.64149 5.56091 5.50304 5.39293 5.33911 5.56325 5.52838 6.33207 6.41328 6.35942 6.36740 6.51514 6.22445 6.08635 5.39048 5.37161 5.03522 4.92823 4.91530 4.86519 4.80941 4.67421 4.57568
1.69821 1.69821 1.69821 1.69821 1.69821 1.68522 1.60247 1.52639 1.48311 1.47077 1.50438 1.68778 1.68797 1.68797 1.68797 1.68437 1.67532 1.64818 1.64310 1.64310 1.64310 1.64310 1.65740 1.68857 5.21785 5.82469 5.83252 5.66150 5.24674 5.20102 5.15305 4.97620 4.83242 4.78650 4.72525 4.66629 4.61022 4.55667 4.29007 4.12421 4.09216 4.71692 5.09038 5.08281 5.07404 5.11372 5.11188 5.10827 5.29128 5.37602 5.79418 6.01632 5.95326 5.98409 6.32007 6.08204 6.06177 5.47848 5.32698 5.09272 4.90021 4.89897 4.87617 4.80451 4.74044 4.57568
