High_resolution/powerplant/Chizhou/OMI_NO2_200706.asc
ncols      200
nrows      200
xllcorner       115.585
yllcorner       28.7700
cellsize     0.0166667
NODATA_Value      -999.000
[rows 116 to 144 of 175, columns 0 to 65 of 200]
0.500066 0.500066 0.500066 0.500066 0.500066 0.500066 0.500066 0.500066 0.500066 0.933456 1.06299 1.06299 1.06299 2.13235 2.41923 2.40786 2.33093 2.24982 2.16984 2.08981 2.00988 1.92450 1.85327 1.81708 2.79144 2.79144 2.85083 2.86286 2.84411 2.83430 2.60273 2.51566 2.51000 2.50962 2.50872 2.50493 2.50093 2.49692 2.49285 2.40202 2.38272 2.55635 3.49801 3.43232 3.49648 3.74893 4.01551 4.74108 6.10612 6.50737 6.90729 7.07872 7.07872 7.07872 7.07872 7.07872 7.07872 5.29766 2.85338 2.85338 2.85338 2.85338 2.85338 2.85338 2.85338 2.85338
0.500066 0.500066 0.500066 0.500066 0.500066 0.500066 0.500066 0.500066 0.513362 0.866006 1.19274 1.30812 1.15582 1.47157 1.55518 1.47454 1.44514 1.42011 1.39499 1.37123 1.34794 1.32825 1.32516 1.32516 2.79144 2.79144 2.79340 2.79758 2.80643 2.80660 2.63945 2.47610 2.47209 2.46692 2.45470 2.44334 2.43136 2.42004 2.45564 2.50126 2.57413 2.65691 3.77745 4.93313 5.18843 5.19892 5.19892 5.44870 7.07872 7.07872 7.07872 7.07872 7.07872 7.07872 7.07872 7.07872 7.07872 6.27600 2.94329 2.85338 2.85338 2.85338 2.85338 2.85338 2.85338 2.85338
0.501908 0.572155 0.676470 0.809850 0.990612 1.20795 1.47381 1.80699 2.21220 2.37244 2.13801 2.13801 1.33207 1.20287 1.32516 1.32516 1.32516 1.32516 1.32516 1.32516 1.32516 1.32516 1.32516 1.32516 2.79144 2.79144 2.79164 2.79766 2.80696 2.80962 2.69957 2.40580 2.46336 2.53134 2.61037 2.69086 2.77139 2.85006 2.87514 2.87514 2.87514 2.87514 3.63172 4.85587 5.19892 5.19892 5.19892 5.21326 6.93126 7.07872 7.07872 7.07872 7.07872 7.07872 7.07872 7.07872 7.07872 6.78733 3.50112 2.85338 2.85338 2.85338 2.85338 2.85338 2.85338 2.85338
1.75876 2.02524 2.30757 2.46844 2.46844 2.46844 2.46844 2.46844 2.46844 2.45413 2.14495 2.13801 1.51018 1.14739 1.32052 1.32516 1.32516 1.32516 1.32516 1.32516 1.32516 1.32516 1.32516 1.32516 2.79144 2.79144 0.00000 2.80258 3.08085 3.37107 3.47327 2.89113 2.87514 2.87514 2.87514 2.87514 2.87514 2.87514 2.87514 2.87514 2.87514 2.87514 3.34850 4.54675 5.19892 5.19892 5.19892 5.19892 6.40446 7.07872 7.07872 7.07872 7.07872 7.07872 7.07872 7.07872 7.07872 7.07350 4.28341 2.85338 2.85326 2.81324 2.74175 2.67038 2.59901 2.52758
2.46844 2.46844 2.46844 2.46844 2.46844 2.46844 2.46844 2.46844 2.46844 2.46844 2.21318 2.13801 1.75076 1.13929 1.28804 1.32516 1.32516 1.32516 1.32516 1.32516 1.32516 1.32516 1.32516 1.32516 0.00000 0.00000 0.00000 2.80258 3.08682 3.59305 3.59305 3.01001 2.87514 2.87514 2.87514 2.87514 2.87514 2.87514 2.87514 2.87514 2.87514 2.87514 3.06520 4.23750 5.19892 5.19892 5.19892 5.19892 5.94940 7.07872 7.07872 7.07872 7.04375 6.84979 6.63637 6.42296 6.20954 5.99613 4.59810 2.32384 2.25253 2.22124 2.22124 2.22124 2.22124 2.22124
2.46844 2.46844 2.46844 2.46844 2.46844 2.46844 2.46844 2.46844 2.46844 2.46844 2.29526 2.13801 2.06155 1.14790 1.24404 1.32516 1.32516 1.32516 1.32516 1.32516 1.32516 1.32516 1.32516 1.32516 0.00000 0.00000 0.00000 2.80258 2.82472 3.56865 3.59305 3.15612 2.87514 2.87514 2.87514 2.87514 2.87514 2.87514 2.87514 2.87514 2.87514 2.87514 2.87926 3.92862 5.03935 4.99490 4.85263 4.71035 4.87751 5.91904 5.70563 5.49222 5.31378 5.29433 5.29433 5.29433 5.29433 5.29433 4.97777 2.36419 2.22120 2.18502 2.10986 2.02131 1.91532 1.78644
2.46844 2.46844 2.46844 2.46844 2.46844 2.46844 2.46844 2.46844 2.46844 2.46844 2.37757 2.13801 2.13801 1.24730 1.18947 1.32516 1.32516 1.32516 1.32516 1.32516 1.32516 1.32516 1.32516 1.32516 0.00000 0.00000 0.00000 2.80258 2.80258 3.44772 3.59305 3.33229 2.87514 2.87514 2.87514 2.87514 2.87774 2.88266 2.88757 2.89249 2.89740 2.90232 2.90724 2.90765 3.60940 4.00932 4.00932 4.00932 4.05510 5.27152 5.29433 5.29433 5.29433 5.29433 5.23618 5.02009 4.75802 4.44391 3.88010 1.87351 1.45164 1.34164 1.34164 1.34164 1.34164 1.34164
2.45529 2.46844 2.46844 2.46844 2.46844 2.46844 2.46844 2.46844 2.46844 2.46844 2.45357 2.14445 2.13801 1.39935 1.14151 1.31561 1.32516 1.32516 1.32500 1.32101 1.29972 1.25470 1.20907 1.16358 0.00000 0.00000 0.00000 0.00000 2.81240 3.29013 3.61218 3.56224 2.90354 2.90264 2.90756 2.91247 2.91479 2.91479 2.91686 2.95113 2.99880 3.04951 3.10364 3.11946 3.68958 4.66378 4.78902 4.90600 4.87157 4.83836 4.55532 4.19741 3.75435 3.19165 2.68907 2.66657 2.66657 2.66657 2.65544 1.42961 1.34164 1.34164 1.34164 1.34164 1.34164 1.34164
2.24617 2.46844 2.46844 2.46844 2.46844 2.46844 2.46844 2.46844 2.46844 2.46844 2.46844 2.21153 2.08840 1.54690 1.13156 1.25062 1.27115 1.24258 1.21253 1.18581 1.17965 1.20394 1.22965 1.25673 0.00000 0.00000 0.00000 0.00000 2.92154 3.12265 3.65253 3.65253 3.23176 3.23532 3.30292 3.37598 3.45472 3.54034 3.62899 3.65253 3.65253 3.62535 3.55913 3.45178 3.41709 3.91330 3.39537 2.79275 2.66657 2.66657 2.66657 2.66657 2.66657 2.66657 2.66657 2.66657 2.66657 2.66657 2.66657 1.74059 1.34164 1.34164 1.34164 1.34164 1.34164 1.34164
2.05270 2.46844 2.46844 2.46844 2.43472 2.28470 2.12521 1.96572 1.80636 1.64686 1.48737 1.28863 1.17888 1.17840 1.17840 1.29646 1.38375 1.38375 1.38375 1.38375 1.38375 1.38375 1.38375 1.38375 0.00000 0.00000 0.00000 0.00000 2.92154 2.92359 3.61134 3.65253 3.65253 3.65253 3.64790 3.59743 3.52591 3.43995 3.33491 3.20346 3.03446 2.92169 2.92154 2.91991 2.68528 2.66657 2.66657 2.66657 2.66657 2.66657 2.66657 2.66657 2.66657 2.66657 2.66657 2.66657 2.66657 2.66657 2.66657 2.06259 1.34164 1.34164 1.34164 1.34164 1.34164 1.34164
1.57890 1.69228 1.53266 1.37317 1.24740 1.23780 1.23780 1.23780 1.23780 1.23780 1.23780 1.22120 1.17840 1.17840 1.17840 1.22846 1.38375 1.38375 1.38375 1.38375 1.38375 1.38375 1.38375 1.38375 0.00000 0.00000 0.00000 0.00000 2.92154 2.92154 3.34842 3.39630 3.28056 3.13439 2.96095 2.92154 2.92154 2.92154 2.92154 2.92154 2.92154 2.92154 2.92154 2.92154 2.74648 2.66657 2.66657 2.66657 2.66657 2.66657 2.66657 2.66657 2.66657 2.66657 2.66657 2.66657 2.66657 2.66657 2.66657 2.38476 1.34164 1.34164 1.34164 1.34164 1.34428 1.42724
1.23780 1.23780 1.23780 1.23780 1.23780 1.23780 1.23780 1.23780 1.23780 1.23780 1.23780 1.23495 1.17947 1.17840 1.17840 1.17844 1.36997 1.38375 1.38375 1.38375 1.38375 1.38375 1.38375 1.38375 0.00000 0.00000 0.00000 0.00000 0.00000 2.92154 2.92154 2.92154 2.92154 2.92154 2.92154 2.92154 2.92154 2.92154 2.92154 2.92154 2.92154 2.92154 2.92154 2.92154 2.80916 2.66657 2.66657 2.66657 2.66657 2.66657 2.66657 2.66657 2.66657 2.66657 2.66657 2.66657 2.70794 2.82865 2.95122 3.05113 1.94509 2.00406 2.12429 2.24481 2.36236 2.39971
1.23780 1.23780 1.23780 1.23780 1.23780 1.23780 1.23780 1.23780 1.23780 1.23780 1.23780 1.23780 1.19140 1.17840 1.17840 1.17840 1.33396 1.38375 1.38375 1.38375 1.38375 1.38375 1.38375 1.38375 0.00000 0.00000 0.00000 0.00000 0.00000 2.92154 2.92154 2.92154 2.92154 2.92154 2.92154 2.92154 2.92154 2.92154 2.92154 2.92154 2.92154 2.92154 2.92154 2.92154 2.87205 2.66657 2.66657 2.66945 2.75476 2.87733 2.99980 3.12236 3.24493 3.36760 3.49006 3.61263 3.69372 3.69568 3.69568 3.69568 2.75585 2.39971 2.39971 2.39971 2.39971 2.39971
1.23780 1.23780 1.23780 1.23780 1.23780 1.23780 1.23780 1.23780 1.23780 1.23780 1.23780 1.23780 1.20617 1.17840 1.17840 1.17840 1.28382 1.38375 1.38375 1.38375 1.38375 1.38375 1.38375 1.38375 0.00000 0.00000 0.00000 0.00000 0.00000 2.92154 2.92154 2.92154 2.92154 2.92154 2.92154 2.92154 2.92154 2.92154 2.92154 2.90343 2.70734 2.46568 2.22344 1.98217 1.73744 3.24789 3.53864 3.65832 3.69568 3.69568 3.69568 3.69568 3.69568 3.69568 3.69568 3.69568 3.69568 3.69568 3.69568 3.69568 3.07323 2.39971 2.39971 2.39971 2.39971 2.39971
1.23780 1.23780 1.23780 1.23780 1.23780 1.23780 1.23780 1.23780 1.23780 1.23780 1.23780 1.23780 1.22102 1.17840 1.17840 1.17840 1.21082 1.38805 1.38375 1.38375 1.38375 1.38375 1.37669 1.35822 0.00000 0.00000 0.00000 0.00000 0.00000 2.92154 2.92154 2.89818 2.69390 2.45205 2.21078 1.96892 1.72688 1.48522 1.24375 1.01942 0.974244 0.974244 0.974244 0.974244 0.974244 2.88434 3.69568 3.69568 3.69568 3.69568 3.69568 3.69568 3.69568 3.69568 3.69568 3.69568 3.69568 3.69568 3.69568 3.69568 3.39068 2.39971 2.39971 2.39971 2.39971 2.39971
1.23780 1.23780 1.23780 1.23780 1.23780 1.23780 1.23780 1.23780 1.23780 1.23780 1.23780 1.23780 1.26545 1.28426 1.33583 1.37906 1.45021 1.48066 1.34701 1.31019 1.27965 1.24040 1.21479 1.21989 0.00000 0.00000 0.00000 0.00000 0.00000 0.00000 1.24299 1.01241 0.974244 0.974244 0.974244 0.974244 0.974244 0.974244 0.974244 0.974244 0.974244 0.974244 0.974244 0.974244 0.974244 2.21507 3.69568 3.69568 3.69568 3.69568 3.69568 3.69568 3.69568 3.69568 3.69568 3.69568 3.69568 3.69568 3.69568 3.69568 3.66198 2.44019 2.39971 2.39971 2.39971 2.39971
1.22446 1.21435 1.20533 1.19719 1.18984 1.18314 1.17708 1.20509 1.27655 1.35752 1.44803 1.51671 1.56613 1.48624 1.46926 1.57114 1.64140 1.55507 1.33247 1.22162 1.22162 1.22162 1.22162 1.22162 0.00000 0.00000 0.00000 0.00000 0.00000 0.00000 0.974244 0.974244 0.974244 0.974244 0.974244 0.974244 0.974244 0.974244 0.974244 0.974244 0.974244 0.974244 0.974244 0.974244 0.974244 1.54417 3.69568 3.69568 3.69568 3.69568 3.69568 3.69568 3.69568 3.69568 3.69568 3.69568 3.58272 3.34289 3.16149 3.02163 2.91018 2.33286 2.35054 2.39971 2.39971 2.39971
1.15304 1.19805 1.27194 1.36063 1.45493 1.52829 1.58661 1.63272 1.65939 1.67174 1.67313 1.67313 1.67313 1.57548 1.49118 1.54357 1.64140 1.60063 1.39299 1.22162 1.22162 1.22162 1.22162 1.22162 0.00000 0.00000 0.00000 0.00000 0.00000 0.00000 0.974244 0.974244 0.974244 0.974244 0.974244 0.974244 0.974244 0.974244 0.974244 0.974244 0.974244 0.974244 0.974244 0.974244 0.974244 1.01588 3.55471 3.69568 3.69568 3.69568 3.67447 3.45453 3.24641 3.08803 2.96348 2.86296 2.80930 2.80859 2.80859 2.80859 2.80859 2.48396 2.26628 2.39971 2.39971 2.39971
1.49380 1.49497 1.56439 1.67285 1.67313 1.67313 1.67313 1.67313 1.67313 1.67313 1.67313 1.67313 1.67313 1.62082 1.49118 1.51486 1.64140 1.63532 1.44204 1.22189 1.22162 1.22162 1.22162 1.22162 0.00000 0.00000 0.00000 0.00000 0.00000 0.00000 0.974244 0.974244 0.974244 0.974244 0.974244 0.974244 0.974244 0.974244 0.974244 0.974244 0.974244 0.974244 0.974244 0.974244 0.974244 0.974244 2.87397 3.16297 3.02286 2.91117 2.82540 2.80859 2.80859 2.80859 2.80859 2.80859 2.80859 2.80859 2.80859 2.80829 2.78122 2.57932 2.15141 2.26783 2.23243 2.19700
1.49497 1.49497 1.53052 1.66035 1.67313 1.67313 1.67313 1.67313 1.67313 1.67313 1.67313 1.67313 1.67313 1.66352 1.49386 1.49336 1.63423 1.64140 1.51123 1.28426 1.22162 1.22162 1.22162 1.22162 0.00000 0.00000 0.00000 0.00000 0.00000 0.00000 0.00000 0.974244 0.974244 0.974244 0.974244 0.974244 0.974244 0.974244 0.974244 0.974244 0.974244 0.974244 0.974244 0.974244 0.974244 0.974244 2.24655 2.82688 2.80859 2.80859 2.80859 2.80281 2.76390 2.71969 2.67552 2.63131 2.58713 2.54289 2.49875 2.45477 2.43770 2.42158 2.01806 2.08524 2.08675 2.08675
1.49497 1.49497 1.51146 1.63337 1.67313 1.67313 1.67313 1.67313 1.67313 1.67313 1.67313 1.67313 1.67313 1.67313 1.52939 1.49118 1.59794 1.64140 1.56522 1.36092 1.22162 1.22162 1.22162 1.22162 0.00000 0.00000 0.00000 0.00000 0.00000 0.00000 0.00000 0.974244 0.974244 0.974244 0.974244 0.974244 0.974244 0.974244 0.974244 0.974244 0.974244 0.974244 0.974244 0.997720 1.07798 1.16144 1.75575 2.73020 2.56981 2.52560 2.48139 2.44301 2.43770 2.43770 2.43770 2.43770 2.43770 2.43770 2.43770 2.42719 2.40180 2.37811 2.06258 1.99204 1.98956 1.97769
1.49497 1.49497 1.49547 1.60000 1.67313 1.67313 1.67313 1.67313 1.67313 1.67313 1.67313 1.67313 1.67313 1.67313 1.57487 1.49118 1.56293 1.64140 1.60892 1.41265 1.22162 1.22162 1.22162 1.22162 0.00000 0.00000 0.00000 0.00000 0.00000 0.00000 0.00000 0.974244 0.974244 0.974244 0.974244 1.00033 1.08173 1.16485 1.24805 1.33119 1.41432 1.49752 1.58058 1.64044 1.64305 1.64305 1.67098 2.60270 2.43770 2.43770 2.43770 2.43770 2.36428 2.32823 2.35202 2.37263 2.39065 2.40653 2.42067 2.38946 2.21505 2.21505 2.06205 1.92693 1.92824 1.92824
1.49497 1.49497 1.49497 1.55172 1.67226 1.67313 1.67313 1.67313 1.67313 1.67313 1.67313 1.67313 1.67313 1.67313 1.62005 1.48762 1.52058 1.63464 1.62747 1.34009 1.46027 1.67569 1.89162 2.10686 0.00000 0.00000 0.00000 0.00000 0.00000 0.00000 0.00000 0.979772 1.40889 1.50100 1.58426 1.64124 1.64305 1.64305 1.64305 1.64305 1.64305 1.64305 1.64305 1.64305 1.67365 1.83409 1.97149 2.69750 2.60272 2.63350 2.66156 2.68729 2.60794 2.48025 2.48025 2.48025 2.48025 2.48025 2.48025 2.47089 2.22127 2.21505 2.13203 1.92639 1.92824 1.92824
1.49497 1.49497 1.49497 1.52236 1.65431 1.68032 1.69061 1.70110 1.71204 1.72328 1.73669 1.74989 1.74215 1.71577 1.65862 1.88671 2.07934 2.45168 2.71803 2.93954 2.95602 2.95602 2.95602 2.95602 0.00000 0.00000 0.00000 0.00000 0.00000 0.00000 0.00000 0.00000 1.64305 1.64305 1.64305 1.64305 1.65135 1.68450 1.71305 1.73656 1.75611 1.77281 1.78704 1.79950 1.95889 2.45945 2.45945 2.78051 2.74952 2.71709 2.71709 2.71709 2.67690 2.48025 2.48025 2.48025 2.48025 2.48025 2.48025 2.48828 2.31451 2.26248 2.26775 1.93224 1.92824 1.92824
1.74139 1.79567 1.83682 1.86748 1.82812 1.84049 1.81634 1.77556 1.71846 1.63597 1.52002 1.38515 1.28080 1.25457 1.25457 2.60675 2.95602 2.95602 2.95602 2.95602 2.95602 2.95602 2.95602 2.95602 0.00000 0.00000 0.00000 0.00000 0.00000 1.97559 1.97559 1.97559 1.81437 1.77344 1.78764 1.79999 1.80869 1.80932 1.80932 1.80932 1.80932 1.80932 1.80932 1.80932 1.82471 2.43458 2.45945 2.62044 2.83702 2.71709 2.71709 2.71709 2.71687 2.49900 2.50078 2.52956 2.56124 2.59644 2.63576 2.66551 2.53195 2.36182 2.36182 2.01361 1.92824 1.92824
1.63888 1.46261 1.37235 1.28375 1.33381 1.35403 1.26564 1.25457 1.25457 1.25457 1.25457 1.25457 1.25457 1.25457 1.25457 2.18551 2.95602 2.95602 2.95602 2.95602 2.95602 2.95602 2.95602 2.95602 0.00000 0.00000 0.00000 0.00000 0.00000 1.97559 1.97559 1.97559 1.91069 1.80932 1.80932 1.80932 1.80932 1.80932 1.80932 1.80932 1.80932 1.80932 1.80932 1.80932 1.80932 2.29084 2.45945 2.47975 2.93958 2.78343 2.84428 2.91412 2.99551 2.76089 2.66650 2.66650 2.66650 2.66650 2.66650 2.66650 2.59887 2.36182 2.36182 2.11697 1.91265 1.89603
1.60963 1.25457 1.25457 1.25457 1.25457 1.25457 1.25457 1.25457 1.25457 1.25457 1.25457 1.25457 1.25457 1.25457 1.25457 1.76444 2.95602 2.95602 2.95602 2.95602 2.95602 2.95602 2.95602 2.95602 0.00000 0.00000 0.00000 0.00000 0.00000 0.00000 1.97559 1.97559 1.96631 1.81218 1.80932 1.80932 1.80932 1.80932 1.80932 1.80932 1.80932 1.80932 1.80932 1.80932 1.80932 2.13161 2.45945 2.45945 2.95489 3.11488 3.11488 3.11488 3.11488 2.87006 2.66650 2.66898 2.67625 2.68365 2.69104 2.69843 2.69314 2.43552 2.44300 2.23882 1.78169 1.78169
1.75696 1.25457 1.25457 1.25457 1.25457 1.25457 1.25457 1.25457 1.25457 1.25457 1.25457 1.25457 1.25457 1.25457 1.25457 1.36091 2.93815 2.95602 2.95602 2.95602 2.95602 2.95602 2.95602 2.95602 0.00000 0.00000 0.00000 0.00000 0.00000 0.00000 1.97559 1.97559 1.97559 1.83336 1.80932 1.80932 1.80932 1.80932 1.80932 1.80932 1.80932 1.80932 1.80932 1.80932 1.80932 1.97250 2.45934 2.45048 2.79162 3.14482 3.15591 3.16700 3.17808 3.05093 2.72342 2.72833 2.72845 2.72845 2.72845 2.72845 2.72845 2.52475 2.45474 2.40241 1.78524 1.79828
1.84330 1.31556 1.25457 1.25457 1.25457 1.25457 1.25457 1.25457 1.25457 1.25457 1.25457 1.25457 1.25457 1.25457 1.25457 1.25457 2.62325 2.95602 2.95602 2.95602 2.95602 2.95602 2.95602 2.95602 0.00000 0.00000 0.00000 0.00000 0.00000 0.00000 1.97559 1.97559 1.97559 1.86477 1.80932 1.80932 1.80932 1.80932 1.80914 1.79984 1.78560 1.77123 1.75694 1.74262 1.72827 1.73590 2.33197 2.34446 2.57362 3.20781 3.20781 3.20781 3.20781 3.19195 2.81892 2.84569 2.86681 2.80100 2.71411 2.62127 2.52156 2.58130 2.79600 2.81846 2.22699 2.12167
