High_resolution/powerplant/Chizhou/OMI_NO2_201011.asc
ncols      200
nrows      200
xllcorner       115.585
yllcorner       28.7700
cellsize     0.0166667
NODATA_Value      -999.000
[rows 58 to 86 of 165, columns 67 to 133 of 200]
19.5490 19.5186 19.4839 19.4580 19.4564 19.4564 19.4486 19.0878 18.5332 17.9793 17.4439 17.2934 17.2934 17.2934 17.2934 13.5154 4.80038 4.81736 5.65157 5.65157 5.65157 5.65157 5.65157 5.65157 5.65157 5.65063 4.90657 4.63065 4.40923 4.18549 3.98069 3.12821 2.89382 2.87280 2.85196 2.84442 2.84442 2.84442 2.84442 2.84442 2.84442 2.88468 2.85653 2.79387 2.88174 2.96230 2.97777 2.97777 2.97777 2.97777 4.47649 6.29857 8.80631 8.30483 8.30483 8.30483 8.30483 8.30483 8.28372 8.23993 8.24002 8.26710 8.31493 8.36281 8.41063 8.50129 8.96994
19.0227 19.4564 19.4551 19.1415 18.5866 18.0331 17.4861 17.2934 17.2934 17.2934 17.2934 17.2934 17.2934 17.2934 17.2934 16.4601 4.92945 4.81736 5.65157 5.65157 5.65157 5.63019 5.36631 5.03433 4.76984 4.69223 4.23854 3.90560 3.88450 3.86590 3.86306 3.36924 2.84442 2.84442 2.84442 2.84442 2.85577 2.93297 3.02085 3.10877 3.19656 3.24414 3.20391 2.97777 2.97777 2.97777 2.97777 2.97777 2.97777 2.97777 3.88511 5.01959 8.85725 8.30980 8.30483 8.30483 8.31879 8.36532 8.40911 8.39709 8.44388 8.46716 8.79700 9.35428 9.91176 10.4284 10.5488
18.1504 18.0865 17.5335 17.2934 17.2934 17.2934 17.2934 17.2934 17.2934 17.2934 17.2934 17.2934 17.2934 17.2934 17.2934 17.2934 8.49422 4.81614 5.23010 4.98671 4.89806 4.84201 4.97721 5.14174 5.24878 5.25377 4.82625 3.86306 3.86306 3.86306 3.86306 3.67805 2.89355 2.98135 3.06923 3.15710 3.23362 3.24422 3.24422 3.24422 3.24422 3.24422 3.24416 3.01306 2.97777 2.97777 2.97777 2.97777 2.97777 2.97777 3.29569 4.96358 7.84879 8.59448 8.44652 8.49435 8.52827 8.52960 8.70151 9.19748 9.75785 10.3364 10.5875 10.6110 10.6466 10.7535 10.8571
18.2263 17.2934 17.2934 17.2934 17.2934 17.2934 17.2934 17.2934 17.2934 17.2934 17.2934 17.2934 17.3231 17.3884 17.4538 17.5193 12.6480 4.80392 5.16311 5.25271 5.25377 5.25377 5.25377 5.25377 5.25377 5.25377 5.18702 3.92093 4.06932 4.28359 4.49795 4.69637 3.38171 3.24422 3.24422 3.24422 3.24422 3.24422 3.24422 3.24422 3.24422 3.24422 3.24422 3.08867 2.97777 2.97777 2.97777 2.97309 2.96411 2.95512 2.95059 4.96378 6.64417 9.05971 8.58028 9.02585 9.54784 10.0697 10.4199 10.5238 10.6554 10.7234 10.8263 10.9319 11.0259 11.0431 11.0468
18.4081 17.4717 17.2934 17.2934 17.2934 17.2934 17.2934 17.2978 17.3500 17.4154 17.4808 17.5470 17.5818 17.5819 17.5819 17.5801 15.9307 4.78357 5.25377 5.25377 5.25377 5.25377 5.25377 5.33337 5.54576 5.76003 5.97440 5.14061 4.80616 4.80616 4.80616 4.80616 3.83880 3.24422 3.24422 3.24422 3.24422 3.24422 3.24422 3.24422 3.24422 3.24422 3.24278 3.15462 2.95920 2.95022 2.94123 2.93692 2.93410 2.88907 2.83000 4.09609 5.16863 10.5465 10.3225 10.3916 10.3916 10.4307 10.5349 10.6945 11.0075 11.0457 11.0488 11.0492 11.0492 11.0492 11.0492
18.4081 17.8321 17.2934 17.3132 17.3770 17.4424 17.5078 17.5688 17.5819 17.5819 17.5816 17.5786 17.5748 17.5711 17.5674 17.5654 17.5526 7.12771 5.26104 5.41665 5.63101 5.84538 6.05984 6.19480 6.19687 6.19687 6.19687 5.56750 4.80616 4.80616 4.80616 4.80616 4.31190 3.24422 3.24422 3.24422 3.24422 3.24416 3.23871 3.22972 3.22073 3.21175 3.20421 3.24136 2.88696 2.80116 2.74223 2.68316 2.62691 2.61292 2.61292 3.22269 5.00804 9.50721 10.7757 10.6122 10.7182 10.7852 10.7870 10.7889 11.0276 11.0492 11.0492 11.0492 11.0492 11.0492 11.0492
18.5187 18.3686 17.5348 17.5803 17.5819 17.5819 17.5807 17.5771 17.5733 17.5696 17.5661 17.5654 17.5654 17.5552 17.4763 17.3844 17.2927 11.0609 6.13821 6.19687 6.19687 6.19687 6.19687 6.19687 6.19687 6.19687 6.19687 5.96435 4.80616 4.80616 4.80616 4.80616 4.73375 3.29353 3.23381 3.22482 3.21583 3.20770 3.30268 3.46979 3.63644 3.80346 3.97011 4.08747 3.00668 2.61292 2.61292 2.61292 2.62432 2.69559 2.77551 2.90364 4.88864 7.16822 11.3640 10.7870 10.7870 10.7870 10.7870 10.7870 10.9561 11.0492 11.0492 11.0492 11.0492 11.0492 11.0492
18.6966 18.6948 17.7251 17.5755 17.5713 17.5680 17.5655 17.5654 17.5654 17.5586 17.4844 17.3926 17.3008 17.2192 17.2064 17.2064 17.2064 14.6160 6.19687 6.19687 6.19687 6.19687 6.19687 6.19687 6.19687 6.19687 6.19687 6.19548 4.97146 4.75546 4.66628 4.57714 4.50270 3.70645 3.52371 3.69072 3.85747 4.02359 4.09173 4.09173 4.09173 4.09173 4.09173 4.09199 3.47061 2.73918 2.81910 2.89902 2.96753 2.97617 2.97617 2.97617 4.31569 5.13615 11.2926 10.7927 10.7870 10.7870 10.7870 10.7870 10.8828 11.0492 11.0492 11.0494 11.0659 11.0930 11.1200
18.6849 18.6813 18.0700 17.5654 17.5654 17.5614 17.4925 17.4007 17.3089 17.2239 17.2064 17.2064 17.2064 17.2064 17.2064 17.2064 17.2064 16.9970 6.19687 6.19687 6.19687 6.19687 6.19687 6.19687 6.18686 6.11005 6.02087 5.95570 5.18186 4.78801 4.95484 5.12176 5.27385 4.80205 4.09173 4.09173 4.09173 4.09173 4.09173 4.10739 4.18175 4.26166 4.34154 4.42117 4.20516 2.97617 2.97617 2.97617 2.97617 2.97617 2.97617 2.97617 3.70088 5.03741 9.55059 11.0071 10.7870 10.7870 10.8124 10.9389 11.1044 11.4510 11.5707 11.3232 11.2094 11.6350 12.1739
18.6801 18.6731 18.1638 17.4088 17.3170 17.2293 17.2064 17.2064 17.2064 17.2064 17.2064 17.2064 17.2064 17.2064 17.2064 17.2064 17.2064 17.2064 6.19687 6.19687 6.16243 6.07388 6.01994 6.02635 6.04374 6.12809 6.22462 6.29728 5.98963 5.30184 5.30184 5.30184 5.30184 5.16191 4.09762 4.14542 4.22534 4.30525 4.38517 4.44943 4.45499 4.45499 4.45499 4.45499 4.45292 3.14570 2.97617 2.97617 2.97617 2.97617 2.97617 2.97617 3.12851 5.34167 7.80166 11.6895 11.2621 11.3847 11.4826 11.5041 11.5049 11.9262 12.4178 12.7466 13.0752 13.2004 13.2123
17.5389 17.0849 16.9296 17.1804 17.2064 17.2064 17.2064 17.2064 17.2064 17.2064 17.2064 17.2064 17.2064 17.2064 17.2036 16.5959 15.5328 14.4702 6.09377 6.10117 6.14309 6.23905 6.30047 6.30151 6.30151 6.30151 6.30151 6.30151 6.25093 5.32523 5.32111 5.41888 5.52512 5.63070 4.66892 4.45499 4.45499 4.45499 4.45499 4.45499 4.45499 4.45499 4.45499 4.45499 4.45499 3.56134 2.97617 3.02229 3.70876 4.28694 4.89851 5.50967 6.06098 7.24628 7.62007 12.0563 11.5094 11.6524 12.1669 12.6989 13.2302 13.4699 13.4357 13.3944 13.0649 12.9256 12.9522
16.9279 16.9279 16.9279 17.0932 17.2064 17.2064 17.2064 17.2064 17.2064 17.2064 17.0827 16.1630 15.0999 14.0368 12.9765 12.5211 12.5211 12.5202 6.30151 6.30151 6.30151 6.30151 6.30151 6.30151 6.30151 6.30151 6.35540 6.46159 6.56778 5.93286 5.76122 5.76964 5.76964 5.76964 5.09134 4.45499 4.45499 4.45499 4.45499 4.45499 4.45499 4.45499 4.45499 4.45499 4.45499 4.01741 3.18873 3.44559 6.16855 6.42238 6.47819 6.48186 6.57077 7.19984 7.89170 11.8251 13.4918 13.6003 13.6175 13.6161 13.5301 13.4780 13.3795 13.4302 13.4449 13.6047 13.6218
16.8975 16.9279 16.9279 17.0018 17.2064 17.2064 16.7861 15.7291 14.6665 13.6034 12.6640 12.5211 12.5211 12.4988 12.3556 12.1942 12.0330 11.8727 6.30151 6.30151 6.30151 6.31054 6.39849 6.50458 6.61082 6.71701 6.76931 6.76931 6.76931 6.31250 5.76964 5.76964 5.76964 5.76964 5.48751 4.45499 4.45499 4.45499 4.45499 4.45499 4.45819 4.58233 4.76792 4.95359 5.13909 5.20038 3.88933 4.02177 6.08867 6.87856 7.00256 7.12316 7.15840 7.34375 8.23071 10.3196 14.4487 13.6989 13.7354 13.7732 13.8955 13.9361 13.7702 13.7608 13.6824 13.6218 13.6218
16.8129 16.8815 16.0808 15.0227 14.2131 13.1705 12.5272 12.5211 12.5211 12.4496 12.2885 12.1272 11.9660 11.8269 11.8089 11.8089 11.7513 11.5167 6.44142 6.54767 6.65386 6.75097 6.76931 6.76931 6.76931 6.76931 6.76931 6.76931 6.76931 6.59797 5.76964 5.76964 5.76964 5.76964 5.75759 4.58113 4.50395 4.68263 4.86830 5.05388 5.23642 5.37779 5.52389 5.66999 5.81610 5.96212 5.04629 4.72592 5.87036 7.15840 7.15840 7.18430 7.30964 7.44870 8.93439 9.52709 15.4039 13.9492 13.9399 13.9399 13.9399 13.9399 13.8165 13.7608 13.7206 13.6218 13.6218
13.3778 12.5050 12.2426 12.2426 12.4053 12.3828 12.2215 12.0601 11.8989 11.8091 11.8089 11.8089 11.7659 11.5392 11.2924 11.0456 10.8559 10.8435 6.76931 6.76931 6.76931 6.76931 6.76931 6.76931 6.76931 6.76931 6.76931 6.76931 6.76931 6.76791 5.88480 5.76866 5.72051 5.64657 5.57273 5.28204 5.41725 5.57018 5.71636 5.86239 6.00834 6.07451 6.07451 6.07451 6.07451 6.07451 5.43315 4.84475 5.38399 7.51635 7.65313 7.76239 7.77221 7.77221 8.82694 9.55263 13.8425 14.3634 13.9399 13.9399 13.9399 13.9399 13.8665 13.7608 13.7534 13.6243 13.6227
12.6765 12.0727 11.8760 11.7146 11.6466 11.8089 11.8089 11.8089 11.7782 11.5621 11.3150 11.0682 10.8642 10.8435 10.8435 10.8435 10.8435 10.8435 6.76931 6.76931 6.76931 6.76931 6.76931 6.76931 6.76931 6.76931 6.76931 6.75709 6.68983 6.61589 5.97228 5.64216 5.76247 5.90858 6.05460 6.12307 6.07451 6.07451 6.07451 6.07451 6.07451 6.07451 6.11871 6.29082 6.47112 6.65142 6.56463 5.54434 5.54434 7.48629 7.77221 7.77221 7.77221 7.77221 8.29797 9.55263 11.6237 15.0590 13.9399 13.9399 13.9399 13.9375 13.9140 13.7708 13.7895 13.7819 13.8203
14.4118 12.0321 11.5304 11.5304 11.5428 11.5928 11.3379 11.0908 10.8745 10.8435 10.8435 10.8435 10.8435 10.8435 10.8435 10.8435 10.8435 10.8435 6.76931 6.76931 6.76931 6.76931 6.76931 6.73335 6.65945 6.60002 6.56867 6.55026 6.58684 6.63011 6.52248 6.22035 6.22035 6.22035 6.22035 6.20000 6.07133 6.07975 6.20800 6.38830 6.56859 6.74873 6.88483 6.89293 6.89293 6.89293 6.88561 5.66603 5.54434 6.93347 7.77221 7.77221 7.77221 7.77221 7.84170 9.47990 9.56572 15.4858 13.9484 13.9663 13.9929 14.0237 14.0496 13.8433 13.4076 12.8696 12.3217
15.1223 12.5463 11.6198 11.6725 11.7211 11.1493 10.8435 10.8435 10.8435 10.8435 10.8435 10.8435 10.8435 10.8435 10.8435 10.8435 10.8435 10.8151 6.76347 6.70300 6.64897 6.61831 6.58771 6.59305 6.63627 6.66508 6.66577 6.66577 6.66577 6.66577 6.64207 6.23002 6.22035 6.25329 6.38258 6.51809 6.64848 6.84096 6.89293 6.89293 6.89293 6.89293 6.89293 6.89293 6.89293 6.89293 6.89293 6.03751 5.54434 6.28490 7.73407 7.45343 7.10335 6.77461 6.43900 7.64209 8.20425 14.0310 14.5475 14.0499 13.7898 13.2617 12.7344 12.0593 11.7786 11.7623 11.7774
15.5753 13.5950 11.7487 11.7308 11.7308 11.4344 10.8435 10.8435 10.8435 10.8435 10.8435 10.8435 10.8435 10.5944 9.34975 8.00132 6.65525 5.33589 6.61260 6.64241 6.66575 6.66577 6.66577 6.66577 6.66577 6.66577 6.66577 6.66577 6.66655 6.74820 6.88371 6.68701 6.70930 6.81187 6.81809 6.81809 6.84323 6.89293 6.89293 6.89293 6.89293 6.89293 6.89293 6.89293 6.89293 6.89293 6.89293 6.41655 5.57278 5.70597 5.84016 5.87551 5.97549 6.00829 6.00853 6.94339 8.30249 10.9721 14.1381 12.3876 12.1202 12.1208 12.1275 12.1040 12.0564 12.2961 12.5145
15.5923 14.4211 12.0975 11.7308 11.7308 11.6890 10.8744 10.8435 10.8435 10.1536 8.80753 7.45969 6.11066 5.01494 4.91113 4.91113 4.93333 5.03109 6.66577 6.66577 6.66577 6.66577 6.66577 6.66577 6.68400 6.80385 6.93936 7.07486 7.20959 7.26351 7.26351 7.05806 6.81809 6.81809 6.81809 6.81809 6.82156 6.89224 6.89293 6.89293 6.89293 6.89293 6.89293 6.89739 6.97422 7.07615 7.17817 7.17159 6.01615 6.01207 6.02843 6.04579 6.06324 6.08060 6.09772 6.36657 8.35751 8.51911 13.7319 12.2595 12.4952 12.7351 12.9684 13.1092 12.7998 12.7895 12.7895
15.5923 15.1240 12.5708 11.7308 11.6158 10.4981 8.53846 6.91747 5.56903 4.91113 4.91113 4.91131 4.96985 5.07385 5.17785 5.28189 5.36364 5.36988 6.66577 6.66577 6.72435 6.85956 6.99501 7.13057 7.24785 7.26351 7.26351 7.26351 7.26351 7.26351 7.26351 7.18525 6.81809 6.81809 6.81809 6.81809 6.81800 6.87330 6.89293 6.92945 7.03026 7.13224 7.23422 7.33174 7.55923 7.95633 8.35342 8.75053 6.74480 6.10277 6.10377 6.10377 6.10377 6.10377 6.21499 6.67809 8.60600 9.17024 13.3599 13.5208 13.1546 13.1546 13.1546 13.1546 12.8864 12.7895 12.7895
15.2217 13.9756 10.2054 7.26077 6.02980 5.79844 5.47228 4.92287 5.01256 5.11660 5.22060 5.32437 5.36988 5.36988 5.36988 5.50632 5.94813 6.49089 7.05071 7.18622 7.26321 7.26351 7.26351 7.26351 7.26351 7.26351 7.26351 7.26351 7.26351 7.26351 7.26351 7.26266 6.86780 6.81809 6.82505 6.93815 7.08715 7.20987 7.31008 7.68006 8.07815 8.47567 8.87276 9.27007 9.46461 9.46461 9.46461 9.46461 7.75506 6.11578 6.45655 6.94590 7.43503 7.92415 8.30206 8.32809 8.92614 9.53070 11.5218 14.1819 13.1546 13.1546 13.1546 13.1546 12.9881 12.7895 12.7895
10.1851 10.1503 8.48662 6.06643 5.94262 6.04662 6.09140 5.37361 5.36988 5.36988 5.36988 5.47752 5.90438 6.43716 7.09534 7.62040 7.63260 7.63260 7.30890 7.26351 7.26351 7.26351 7.26351 7.26351 7.26351 7.26351 7.26351 7.26351 7.26351 7.26351 7.30132 7.44408 7.32323 7.37402 7.88500 8.31800 8.71509 9.08565 9.37187 9.46461 9.46461 9.46461 9.46461 9.46461 9.46461 9.60897 10.0852 10.5743 10.3029 8.17995 8.32809 8.32809 8.32809 8.32809 8.32809 8.32809 8.56863 9.53070 9.69100 14.6463 13.1572 13.1546 13.1546 13.1546 13.0906 12.7478 12.6497
9.74949 9.50774 8.45082 6.28613 6.25719 6.25719 6.25719 5.70034 5.86082 6.38467 7.03012 7.60320 7.63260 7.63260 7.63260 7.63260 7.63260 7.63260 7.61181 7.26351 7.26351 7.26351 7.26351 7.26351 7.26351 7.26456 7.35560 7.50460 7.87916 8.71651 9.52900 10.2365 10.3839 9.55418 9.58221 9.58221 9.58221 9.58062 9.47474 9.46461 9.48908 9.86366 10.3526 10.8419 11.3310 11.6758 11.6889 11.6889 11.6459 8.55945 8.32809 8.32809 8.32809 8.32809 8.32809 8.32809 8.33802 9.40480 9.53070 13.4892 13.4862 13.0454 12.9471 12.8488 12.7497 12.3677 12.2830
9.11676 9.11676 9.02621 6.43516 6.34328 6.43436 6.52582 6.91715 7.63260 7.63260 7.63260 7.63260 7.63260 7.63260 7.63260 7.63260 7.63260 7.63260 8.08283 7.26351 7.26351 7.28399 7.41606 7.88702 8.73725 9.58644 10.3461 11.0474 11.5230 11.5367 11.5367 11.5367 11.4263 9.62032 9.58221 9.58221 9.80594 10.4904 10.8152 11.1097 11.5742 11.6889 11.6889 11.6889 11.6889 11.6889 11.6889 11.6889 11.6889 9.46540 8.32809 8.32809 8.32809 8.32809 8.32809 8.33800 8.56485 9.15642 9.07176 11.0001 13.6575 12.6937 12.6838 12.4801 12.1949 11.7708 11.5198
9.18464 9.27572 9.36680 7.52901 6.60777 6.60336 6.60336 6.66936 7.61892 7.63260 7.63260 7.63260 7.63260 7.63260 7.63260 7.63260 7.55962 7.28838 9.97339 8.76287 9.60836 10.4384 11.1566 11.5360 11.5367 11.5367 11.5367 11.5367 11.5367 11.5367 11.5367 11.5531 12.0372 11.2651 11.4804 12.1790 12.6542 12.6681 12.2945 11.6889 11.6889 11.6889 11.6889 11.6889 11.6889 11.6889 11.6889 11.6889 11.6889 10.4142 8.32809 8.43075 8.74001 9.05531 9.37032 9.67571 9.76386 9.56442 8.75369 8.92359 13.6156 11.9820 11.7055 11.6241 11.6235 11.6414 11.7017
9.46293 9.46293 9.46293 8.39154 6.62519 6.60336 6.60336 6.60336 7.30720 7.63260 7.63260 7.63023 7.45551 7.17293 6.89036 6.60791 6.39844 6.38723 20.3442 12.1126 11.5367 11.5367 11.5367 11.5367 11.5367 11.5367 11.5367 11.6768 12.3286 13.0272 13.7259 14.4085 14.6226 13.7071 12.6681 12.6681 12.6681 12.6681 12.5814 11.6983 11.6889 11.6889 11.6889 11.6889 11.6889 11.6889 11.7098 11.9613 12.2760 12.2537 9.55691 9.75812 9.76132 9.74790 9.73319 9.71856 9.70388 9.70025 8.76709 8.68195 11.9374 11.9015 11.6388 11.6443 11.6499 11.6453 11.6189
9.46293 9.46293 9.46293 9.21601 6.66751 6.60336 6.60336 6.57630 6.73246 7.05749 6.77491 6.49483 6.38723 6.38723 6.39049 6.53325 6.75080 6.96834 20.3968 13.5525 11.5367 11.5367 11.5376 11.9209 12.6196 13.3185 14.0172 14.5757 14.6226 14.6226 14.6226 14.6226 14.6226 14.2626 12.6681 12.6681 12.6681 12.6681 12.6681 11.9062 11.6889 11.6889 11.8222 12.1363 12.4515 12.7666 13.0610 13.0979 13.0418 12.9859 10.3024 9.69670 9.68457 9.68334 9.68334 9.68334 9.68334 9.60671 8.90372 8.48252 10.1200 12.2992 11.5922 11.5922 11.5922 11.5922 11.6066
9.46293 9.46293 9.46293 9.29119 6.93487 6.14471 5.95469 5.79338 5.82723 6.38557 6.42448 6.62350 6.84085 7.05840 7.27268 7.34727 7.34727 7.34727 20.3968 16.5351 12.9109 13.6092 14.3076 14.6226 14.6226 14.6226 14.6226 14.6226 14.6226 14.6226 14.6226 14.6226 14.6226 14.6164 12.8696 12.6681 12.6681 12.6903 12.9086 12.7469 12.6266 12.9391 13.0788 13.0238 12.9679 12.9119 12.8559 12.8268 12.8268 12.8268 11.1442 9.68334 9.66966 9.47100 9.21408 8.95717 8.70025 8.51996 8.54976 8.27626 8.44128 12.5918 11.5924 11.5922 11.5922 11.5922 11.6017
