High_resolution/powerplant/Chizhou/OMI_NO2_200903.asc
ncols      200
nrows      200
xllcorner       115.585
yllcorner       28.7700
cellsize     0.0166667
NODATA_Value      -999.000
[rows 58 to 86 of 200, columns 67 to 133 of 200]
2.66524 2.58617 2.52068 2.78703 2.81432 3.10762 3.36834 3.43205 3.97776 3.98189 3.98189 3.98189 3.98189 3.98189 3.98189 3.98189 3.98189 3.98189 3.98189 4.08446 4.37282 4.37282 4.13990 4.02722 4.02722 4.02722 4.02722 4.02722 4.02722 4.02722 4.02722 4.02722 4.02722 4.02722 4.02722 4.02722 3.91953 3.87484 3.87566 3.88134 3.92327 4.03499 4.04353 4.04664 4.04991 4.04688 3.93742 3.89639 3.89639 3.89639 3.89639 3.89639 4.18761 4.49167 4.49686 5.15190 5.21341 5.21341 5.21341 5.21341 5.21341 5.21341 5.21341 5.21341 5.21341 5.21341 5.21341
2.13346 2.09671 2.09870 2.76750 2.82591 2.99917 3.36519 3.35771 3.81954 3.98189 3.98189 3.98189 3.98189 3.98189 3.98189 3.98189 3.98189 3.98189 3.98189 3.99106 4.35242 4.37282 4.23997 4.02722 4.02722 4.02722 4.02722 4.02722 4.02722 4.02722 4.02722 4.02722 4.02722 4.02722 4.02729 4.03309 3.99665 4.08738 4.11301 4.06668 4.01008 3.90164 3.89639 3.89639 3.89639 3.89639 3.89639 3.89639 3.89639 3.89639 3.89639 3.89639 4.01858 4.49167 4.49167 4.95243 5.21341 5.21341 5.21341 5.21341 5.21341 5.21341 5.21341 5.21341 5.21341 5.21341 5.21341
2.06451 2.05709 2.05050 2.51666 2.79622 2.82692 3.33834 3.35037 3.62606 3.98189 3.98189 3.98189 3.98189 3.98189 3.98189 3.98189 3.98189 3.98189 3.98189 3.98189 4.24780 4.37282 4.33842 4.02867 4.02722 4.02722 4.02722 4.02722 4.02722 4.02816 4.02596 3.92528 3.80043 3.67571 3.55085 3.42035 3.45421 4.03425 4.03438 3.95820 3.89639 3.89639 3.89639 3.89639 3.89639 3.89639 3.89639 3.89639 3.89639 3.89639 3.89639 3.89639 3.90066 4.44079 4.49167 4.74779 5.21341 5.21341 5.21341 5.21341 5.21341 5.21341 5.21341 5.21341 5.21341 5.21341 5.21341
2.04953 2.04953 2.04953 2.29726 2.79622 2.79622 3.20696 3.35037 3.47174 3.98189 3.98189 3.98189 3.98189 3.98189 3.98189 3.98189 3.98189 3.98189 3.98189 3.98189 4.13392 4.37282 4.37282 4.09430 4.02998 4.00654 3.88764 3.76301 3.63829 3.51258 3.39000 3.36595 3.36595 3.36595 3.36595 3.36595 3.36595 3.93073 4.03438 3.99772 3.89639 3.89639 3.89639 3.89639 3.89639 3.89639 3.89639 3.89639 3.89639 3.89639 3.89639 3.89639 3.89639 4.27615 4.49167 4.54932 5.20698 5.21341 5.21341 5.21341 5.21341 5.21341 5.21341 5.21341 5.21341 5.21450 5.22532
2.04953 2.04953 2.04953 2.09292 2.78113 2.79622 3.04481 3.35037 3.36253 3.94428 3.98189 3.98189 3.98189 3.98189 3.98189 3.98189 3.98189 3.98189 3.98189 4.04373 4.26724 4.58155 4.72064 4.22242 3.47319 3.37184 3.36595 3.36595 3.36595 3.36595 3.36595 3.36595 3.36595 3.36595 3.36595 3.36595 3.36595 3.73899 4.03438 4.03075 3.90290 3.89639 3.89639 3.89639 3.89639 3.89639 3.89639 3.89639 3.89639 3.89639 3.89639 3.89639 3.89639 4.10716 4.49167 4.49167 5.06007 5.21341 5.21341 5.21348 5.21885 5.24483 5.28107 5.31728 5.35347 5.38862 5.41400
2.04953 2.04953 2.04953 2.04953 2.60500 2.79622 2.88278 3.35037 3.35037 3.74457 3.98189 3.98189 3.98189 3.98224 4.05973 4.26431 4.52987 4.79515 5.06051 5.26422 5.34153 5.14174 5.09395 4.70196 3.36595 3.36595 3.36595 3.36595 3.36595 3.36595 3.36595 3.36595 3.36595 3.36595 3.36595 3.36595 3.36595 3.54724 4.03438 4.03438 3.93875 3.89639 3.89639 3.89639 3.89639 3.89639 3.89639 3.89639 3.89639 3.89639 3.89639 3.89639 3.89639 3.94365 4.48865 4.53108 4.95863 5.30390 5.34012 5.37627 5.40712 5.41736 5.41736 5.41736 5.41736 5.41736 5.41736
2.04953 2.04953 2.04953 2.04953 2.38577 2.79622 2.79633 3.27473 3.35195 3.64144 4.29794 4.56328 4.82864 5.09371 5.28164 5.34226 5.34226 5.34226 5.34226 5.34226 5.34226 5.21398 5.09395 5.07390 3.49469 3.36595 3.36595 3.36595 3.36595 3.36595 3.36595 3.36595 3.36595 3.36595 3.36595 3.36595 3.36595 3.38487 4.00497 4.03438 3.97840 3.89639 3.89639 3.89639 3.89639 3.89639 3.89639 3.89639 3.89686 3.91301 4.00595 4.13393 4.26185 4.38988 4.92803 5.11938 5.18760 5.41736 5.41736 5.41736 5.41736 5.41736 5.41736 5.41736 5.41736 5.41736 5.41736
2.04953 2.04953 2.04953 2.05275 2.23459 2.97964 3.09726 3.62355 4.11256 4.35124 5.34226 5.34226 5.34226 5.34226 5.34226 5.34226 5.34226 5.34226 5.34226 5.34226 5.34226 5.28610 5.09395 5.09395 3.97538 3.36595 3.36595 3.36595 3.36595 3.36595 3.36595 3.36595 3.36595 3.36595 3.36595 3.36595 3.36595 3.36595 3.83198 4.03438 4.01774 3.89652 3.89639 3.90100 3.94285 4.06420 4.19207 4.32004 4.44755 4.55925 4.59429 4.59429 4.59429 4.59429 4.86023 5.12301 5.12619 5.39533 5.41736 5.41736 5.41736 5.41736 5.41736 5.41736 5.41736 5.41736 5.41736
2.22023 2.33488 2.44947 2.56098 2.61105 3.28894 3.39368 3.63229 4.25255 4.25177 5.16868 5.34226 5.34226 5.34226 5.34226 5.34226 5.34226 5.34226 5.34226 5.34226 5.34226 5.33951 5.11284 5.09395 4.47584 3.36595 3.36595 3.36595 3.36595 3.36595 3.36595 3.36595 3.36595 3.36595 3.36595 3.36595 3.36595 3.36637 3.67427 4.03337 3.99029 4.17933 4.37818 4.50142 4.58761 4.59429 4.59429 4.59429 4.59429 4.59429 4.59429 4.59429 4.59429 4.59429 4.71021 5.12301 5.12301 5.31498 5.41736 5.41736 5.41736 5.41736 5.41736 5.41736 5.41736 5.41736 5.41736
2.61770 2.61599 2.61427 2.61256 2.61085 3.05245 3.38472 3.41068 4.20925 4.24702 4.81163 5.34226 5.34226 5.34226 5.34226 5.34226 5.34226 5.34226 5.34226 5.34226 5.34226 5.34226 5.18211 5.09395 4.95865 3.38358 3.36595 3.36595 3.36595 3.36595 3.36595 3.36595 3.37201 3.43806 3.47487 3.49825 3.52171 3.54480 3.55651 3.80831 3.80853 4.23850 4.59429 4.59429 4.59429 4.59429 4.59429 4.59429 4.59429 4.59429 4.59429 4.59429 4.59429 4.59429 4.59979 5.08337 5.12301 5.23151 5.41736 5.41736 5.41736 5.41736 5.41736 5.41736 5.41736 5.41736 5.41736
2.60873 2.60873 2.60873 2.60873 2.60873 2.82484 3.38472 3.38472 3.98298 4.24702 4.52654 5.34226 5.34226 5.34226 5.34226 5.34226 5.34226 5.34226 5.34226 5.34226 5.34226 5.34226 5.25443 5.09395 5.09395 3.74888 3.36595 3.38413 3.45169 3.47873 3.50216 3.52566 3.54306 3.50052 3.48717 3.48717 3.48717 3.48717 3.48717 3.75621 3.80853 4.01393 4.59429 4.59429 4.59429 4.59429 4.59429 4.59429 4.59429 4.59429 4.59429 4.59429 4.59429 4.59429 4.59429 4.93892 5.12301 5.14968 5.41568 5.41736 5.41736 5.41736 5.41736 5.41736 5.41736 5.41736 5.41736
2.60873 2.60873 2.60873 2.60873 2.60873 2.63201 3.35066 3.38472 3.73085 4.24702 4.30257 5.32641 5.34226 5.34226 5.34226 5.34226 5.34226 5.34226 5.34226 5.34226 5.34226 5.34226 5.41947 5.13830 4.98916 4.18337 3.52956 3.53489 3.49075 3.48717 3.48717 3.48717 3.48717 3.48717 3.48717 3.48717 3.48717 3.48717 3.48717 3.66422 3.80853 3.82786 4.55587 4.59429 4.59429 4.59429 4.59429 4.59429 4.59429 4.59429 4.59429 4.59429 4.59429 4.59429 4.59429 4.78886 5.12301 5.12301 5.35884 5.41736 5.41736 5.41736 5.41736 5.46113 5.74955 6.22347 6.69705
2.60873 2.60873 2.60873 2.60873 2.60873 2.60873 3.14704 3.38472 3.48061 4.24495 4.24702 5.02937 5.34226 5.34226 5.34226 5.34226 5.34226 5.46829 5.59031 5.60346 5.61636 5.62944 5.54667 4.62136 4.38963 4.20852 3.48717 3.48717 3.48717 3.48717 3.48717 3.48717 3.48717 3.48717 3.48717 3.48717 3.48717 3.48717 3.48717 3.57211 3.80853 3.80853 4.35181 4.59429 4.59429 4.59429 4.59429 4.59429 4.59429 4.59429 4.59429 4.59429 4.59429 4.59429 4.59429 4.64196 5.11995 5.14051 5.44525 6.05529 6.52926 7.00301 7.47655 7.90675 8.09204 8.09204 8.09204
2.60873 2.60873 2.60873 2.60873 2.60873 2.60873 2.92013 3.38472 3.38472 4.08861 4.24702 4.70283 5.49723 5.59298 5.60576 5.61903 5.63169 5.51894 5.40970 5.40970 5.40970 5.40970 5.40970 4.91417 4.38963 4.38447 3.57099 3.48717 3.48717 3.48717 3.48717 3.48717 3.48717 3.48717 3.48717 3.48717 3.48717 3.48717 3.48717 3.49548 3.79311 3.80853 4.12731 4.59429 4.59429 4.59429 4.59429 4.59429 4.59429 4.59429 4.59429 4.59597 4.72378 4.94067 5.16494 5.38942 5.60904 5.68798 6.26883 8.09204 8.09204 8.09204 8.09204 8.09204 8.09204 8.09204 8.09204
2.60873 2.60873 2.60873 2.60873 2.60873 2.60873 2.69816 3.50975 3.71678 4.20335 4.43298 4.64655 5.49230 5.40970 5.40970 5.40970 5.40970 5.40970 5.40970 5.40970 5.40970 5.40970 5.40970 5.20827 4.38963 4.38963 3.82564 3.48717 3.48717 3.48717 3.48717 3.48717 3.48717 3.48717 3.48717 3.48717 3.48717 3.48717 3.48717 3.48717 3.70936 3.80853 3.90353 4.59359 4.59429 4.59429 4.62888 4.81934 5.04205 5.26642 5.49082 5.71341 5.81008 5.81746 5.81746 5.81746 5.76192 5.70982 5.74706 7.94285 8.09204 8.09204 8.09204 8.09204 8.09204 8.09204 8.09204
2.60873 2.61136 2.67558 2.80778 2.96054 3.11268 3.26163 4.29196 4.52389 4.48883 4.34395 4.39143 5.33631 5.40970 5.40970 5.40970 5.40970 5.40970 5.40970 5.40970 5.40970 5.40970 5.40970 5.40471 4.48715 4.38963 4.08553 3.48717 3.48717 3.48717 3.48717 3.48717 3.48717 3.48717 3.48717 3.48717 3.48717 3.48717 3.48717 3.48717 3.61716 3.91754 4.29680 5.11240 5.36782 5.59208 5.78199 5.81591 5.81746 5.81746 5.81746 5.81746 5.81746 5.81746 5.81746 5.81746 5.79259 5.70982 5.70982 7.30876 8.09204 8.09204 8.09204 8.09204 8.09204 8.09204 8.09204
3.10834 3.25821 3.34638 3.38508 3.41780 3.45055 3.48344 4.12253 4.70631 4.71713 4.50487 4.48833 5.03897 5.40970 5.40970 5.40970 5.40970 5.40970 5.40970 5.40970 5.40970 5.40970 5.40970 5.40970 4.77654 4.38963 4.33124 3.50116 3.48717 3.48717 3.48717 3.48717 3.48717 3.48717 3.48717 3.49597 3.64112 4.06042 4.55657 5.05307 5.61505 6.51284 6.66890 6.20114 5.81746 5.81746 5.81746 5.81746 5.81746 5.81746 5.81746 5.81746 5.81746 5.81746 5.81746 5.81746 5.81589 5.71693 5.70982 6.63698 8.09204 8.09204 8.09204 8.09204 8.09204 8.09204 8.09204
3.48293 3.51566 3.54837 3.56278 3.56278 3.56278 3.56278 3.83048 4.72015 4.72015 4.56934 4.48833 4.78458 5.40970 5.40970 5.40970 5.40970 5.40970 5.40970 5.40970 5.40970 5.40970 5.40970 5.40970 5.07056 4.38963 4.38963 3.70277 3.48717 3.48717 3.51833 3.73235 4.20311 4.69917 5.19576 5.68337 6.03472 6.11184 6.11184 6.11184 6.11184 6.57498 6.66890 6.44376 5.81746 5.81746 5.81746 5.81746 5.81746 5.81746 5.81746 5.81746 5.81746 5.81746 5.81746 5.81746 5.81746 5.74597 5.70982 5.97005 8.08727 8.09204 8.09204 8.09204 8.09204 8.09204 8.09204
3.56278 3.56278 3.56278 3.56278 3.56278 3.56278 3.56278 3.57702 4.63497 4.72015 4.63685 4.48833 4.57908 5.40970 5.40970 5.40970 5.40970 5.40970 5.40970 5.40970 5.40970 5.40970 5.40970 5.40970 5.34697 4.47470 4.60753 4.53953 4.84169 5.33828 5.80354 6.08602 6.11184 6.11184 6.11184 6.11184 6.11184 6.11184 6.11184 6.11184 6.11184 6.41565 6.66890 6.64632 5.85696 5.81746 5.81746 5.81746 5.81746 5.81746 5.81746 5.81746 5.81746 5.81746 5.81746 5.81746 5.81746 5.77635 5.70982 5.70982 7.67586 8.09204 8.09204 8.09204 8.09204 8.09204 8.01254
3.56278 3.56278 3.56278 3.56278 3.56278 3.56278 3.56278 3.56278 4.31079 4.72015 4.70195 4.49072 4.48833 5.23626 5.40970 5.40970 5.40970 5.40970 5.40970 5.40970 5.40202 5.36695 5.31044 5.25398 5.19747 5.09798 5.05552 5.25080 6.11184 6.11184 6.11184 6.11184 6.11184 6.11184 6.11184 6.11184 6.11184 6.11184 6.11184 6.11184 6.11184 6.25589 6.66890 6.66890 6.07696 5.81746 5.81746 5.81746 5.81746 5.81746 5.81746 5.81746 5.81746 5.81746 5.81746 5.81746 5.81746 5.80660 5.71019 5.70982 6.97542 7.96794 8.32841 8.76447 9.20054 9.63637 10.1523
3.56278 3.56278 3.56278 3.56278 3.56278 3.56278 3.56278 3.56278 3.97238 4.72015 4.72015 4.53998 4.48833 4.94089 5.40955 5.39991 5.35937 5.30289 5.24640 5.18991 5.14108 5.11967 5.11967 5.11967 5.11967 5.08949 5.05505 5.05818 5.99971 6.11184 6.11184 6.11184 6.11184 6.11184 6.11184 6.11184 6.11184 6.11184 6.11184 6.11184 6.11184 6.12487 6.64036 6.66890 6.31952 5.81746 5.81746 5.81746 5.81746 5.81746 5.81746 5.81746 5.81746 5.81746 5.81702 5.59650 5.42278 5.47223 5.96731 6.34063 7.48439 10.4765 10.5522 10.5522 10.5522 10.5522 10.5522
3.56278 3.56278 3.56278 3.56278 3.56278 3.56278 3.56278 3.56278 3.64797 4.70568 4.71330 4.58761 4.41208 4.57856 5.18245 5.13566 5.11967 5.11967 5.11967 5.11967 5.11967 5.11967 5.11967 5.11967 5.11967 5.10824 5.05505 5.05505 5.69830 6.11184 6.11184 6.11184 6.11184 6.11184 6.11184 6.11184 6.11184 6.11184 6.11184 6.11184 6.11184 6.11184 6.49382 6.66890 6.56145 5.81788 5.81746 5.81746 5.81746 5.76838 5.46769 5.45351 5.50328 5.55310 5.60336 5.87414 6.09790 6.09790 6.59268 7.02604 7.11585 10.3875 10.5522 10.5522 10.5522 10.5522 10.5522
3.56278 3.56278 3.56278 3.56278 3.56866 3.71052 3.92487 4.14628 4.36800 4.71889 4.78368 4.69403 4.27119 4.23721 5.08984 5.11967 5.11967 5.11967 5.11967 5.11967 5.11967 5.11967 5.11967 5.11967 5.11967 5.11956 5.06237 5.05505 5.39359 6.11184 6.11184 6.11184 6.11184 6.11184 6.11184 6.11184 6.11184 6.11184 6.11184 6.11184 6.11184 6.11184 6.33416 6.66890 6.49266 5.56707 5.48397 5.53447 5.58408 5.68270 6.03365 6.09790 6.09790 6.09790 6.09790 6.09790 6.09790 6.09790 6.33091 7.02604 7.02604 9.48204 10.5522 10.5522 10.5522 10.5522 10.5522
3.70279 3.91687 4.13840 4.35993 4.57588 4.65535 4.63882 4.57370 4.50787 4.50302 4.50429 4.43638 3.95020 3.89985 4.73930 5.11967 5.11967 5.11967 5.11967 5.11967 5.11967 5.11967 5.11967 5.11967 5.11967 5.11967 5.08095 5.05505 5.11180 6.08891 6.11184 6.11184 6.11184 6.11184 6.11184 6.11184 6.11184 6.11184 6.11467 6.18628 6.50076 6.90805 7.20382 5.91530 6.00853 6.13869 6.09790 6.09790 6.09790 6.09790 6.09790 6.09790 6.09790 6.09790 6.09790 6.09790 6.09790 6.09790 6.11776 6.97742 7.02604 8.48619 10.5522 10.5522 10.5522 10.5522 10.5522
4.63139 4.57370 4.50787 4.44197 4.37614 4.31031 4.26819 4.26748 4.26748 4.29105 4.39563 4.39563 4.09174 3.89985 4.38135 5.11967 5.11967 5.11967 5.11967 5.11967 5.11967 5.11967 5.11967 5.11967 5.11967 5.11967 5.09971 5.05505 5.05505 5.84088 6.11184 6.11184 6.11184 6.12426 6.25096 6.62648 7.03378 7.44107 7.84553 8.18121 8.27398 8.27398 8.27398 6.55063 6.19308 6.16709 6.09790 6.09790 6.09790 6.09790 6.09790 6.09790 6.09790 6.09790 6.09790 6.09790 6.09790 6.09790 6.09790 6.73581 7.02604 7.49149 10.5515 10.5522 10.5522 10.5522 10.5522
4.26819 4.26748 4.26748 4.26748 4.26748 4.26748 4.26748 4.26748 4.26748 4.26779 4.38142 4.39563 4.23605 3.89985 4.09386 5.11967 5.11967 5.11967 5.11967 5.11967 5.11967 5.11967 5.11967 5.11967 5.11967 5.11967 5.11666 5.05679 5.08387 5.73391 6.75221 7.15950 7.56680 7.96167 8.24226 8.27398 8.27398 8.27398 8.27398 8.27398 8.27398 8.27398 8.27398 7.14447 6.19308 6.19033 6.10201 6.09790 6.09790 6.09790 6.09790 6.09790 6.09790 6.09790 6.09790 6.09790 6.09790 6.09790 6.09790 6.47380 7.02604 7.02604 10.0219 10.5522 10.5522 10.5522 10.5522
4.26748 4.26748 4.26748 4.26748 4.26748 4.26748 4.26748 4.26748 4.26748 4.26748 4.34423 4.39563 4.36920 3.91106 3.91039 5.00345 5.11967 5.11967 5.11967 5.11967 5.11967 5.11967 5.11967 5.11139 5.12817 5.18099 5.23398 5.58537 5.82549 6.27286 8.27398 8.27398 8.27398 8.27398 8.27398 8.27398 8.27398 8.27398 8.27398 8.27398 8.27398 8.27398 8.27398 7.73823 6.19308 6.19308 6.12590 6.09790 6.09790 6.09790 6.09790 6.09790 6.09790 6.09790 6.09790 6.09790 6.09790 6.09790 6.09790 6.21252 7.02548 7.02604 9.02608 10.5543 10.5332 10.1312 9.63658
4.26738 4.26748 4.26748 4.26748 4.26748 4.26748 4.26748 4.26748 4.26748 4.26748 4.30676 4.39563 4.39563 4.02900 3.89985 4.60651 5.11967 5.11957 5.10957 5.13511 5.18802 5.24090 5.29383 5.35498 5.39117 5.39117 5.39117 5.60393 5.87233 5.87449 7.98184 8.27398 8.27398 8.27398 8.27398 8.27398 8.27398 8.27398 8.27398 8.27398 8.27398 8.27398 8.27398 8.22529 6.29837 6.19308 6.15351 6.09790 6.09790 6.09790 6.09790 6.09790 6.09790 6.09790 6.09790 6.09790 6.09790 6.09790 6.15870 6.29000 6.98098 7.08545 7.62643 8.32170 7.84809 7.75664 7.75664
4.25897 4.26748 4.26748 4.26748 4.26748 4.26748 4.26748 4.26748 4.26748 4.26748 4.27311 4.39180 4.39530 4.16620 3.91480 4.33346 5.24788 5.30090 5.36377 5.39117 5.39117 5.39117 5.39117 5.39117 5.39117 5.39117 5.39117 5.46523 5.87233 5.87233 7.29236 8.27398 8.27398 8.27398 8.27398 8.27398 8.27398 8.27398 8.27398 8.27398 8.27398 8.27398 8.27398 8.27398 6.84398 6.19308 6.18051 6.09792 6.09790 6.09790 6.09790 6.09790 6.10861 6.22017 6.34618 6.46932 6.59232 6.71546 6.77765 6.76934 6.95290 7.09769 7.12227 7.73509 7.75664 7.75664 7.75664
