High_resolution/powerplant/Chizhou/OMI_NO2_201003.asc
ncols      200
nrows      200
xllcorner       115.585
yllcorner       28.7700
cellsize     0.0166667
NODATA_Value      -999.000
[rows 0 to 28 of 165, columns 67 to 133 of 200]
6.41680 6.41680 6.41680 6.41680 6.41680 6.41680 6.41680 6.41680 6.41680 8.26185 10.9626 10.8574 7.92783 7.91429 7.91429 7.91429 7.91429 8.31856 9.32180 10.0513 10.5944 11.0031 11.1066 11.1066 11.1066 11.1066 11.1066 12.2295 13.6396 13.3600 12.9890 12.0512 11.2612 11.0063 10.8435 10.8340 10.8340 10.8340 10.8340 10.8340 10.6155 9.75545 9.10424 8.10876 2.93845 2.82583 2.82583 2.82583 2.82583 2.82583 2.82583 2.82583 2.87423 3.87729 4.95242 5.77208 6.50314 11.3630 11.8368 11.8368 11.8368 0.00000 0.00000 0.00000 0.00000 0.00000 0.00000
6.41680 6.41680 6.41680 6.41680 6.41680 6.41680 6.33630 6.08475 5.86571 6.13684 7.51778 9.16463 8.43911 8.89324 9.74333 10.3619 10.8329 11.0984 11.1066 11.1066 11.1066 11.1066 11.1066 10.9904 10.3720 9.78966 9.98005 10.7180 12.0599 11.9890 11.9890 11.6557 10.8340 10.8340 10.8340 10.8340 10.7804 10.0330 9.24653 8.61462 8.19561 8.16464 8.13186 7.90950 4.68584 2.82583 2.82583 3.44856 5.63901 7.39526 7.26253 6.76934 7.21509 7.33133 7.33133 7.33133 7.33133 9.50757 11.8368 11.8368 11.8368 0.00000 0.00000 0.00000 0.00000 3.78469 3.78469
6.41680 6.30046 6.04816 5.83458 5.65215 5.49443 5.39311 5.38872 5.27458 4.85013 5.73953 7.04579 10.0518 11.1066 11.1066 11.1066 11.1066 11.1066 10.8261 10.1776 9.62436 9.15010 8.73906 8.43187 8.39844 8.39844 8.91423 10.2960 11.7535 11.9890 11.9890 11.9247 10.8540 10.3333 9.48326 8.80725 8.27972 8.16464 8.16464 8.16464 8.16464 8.20499 8.52438 9.18997 9.03236 8.49269 9.26160 9.77672 9.91877 9.91877 9.26543 7.33133 7.33133 7.33133 7.33133 7.33133 7.33133 8.15967 11.8368 11.8368 11.8368 3.78469 3.78469 3.78469 3.78469 3.78469 3.78469
5.47172 5.38933 5.38872 5.38556 5.11218 4.60649 4.00451 3.27730 2.63672 2.60176 2.98812 4.66034 8.94776 10.6129 9.99352 9.46716 9.01432 8.62059 8.40115 8.39844 8.39844 8.39844 8.39844 8.39844 8.39844 8.39844 8.45024 10.2074 11.2616 11.8818 11.1138 10.4852 8.87635 8.16464 8.16464 8.16464 8.33600 8.70810 9.13439 9.82809 10.4803 11.0231 11.2894 11.9119 11.8548 9.91877 9.91877 9.91877 9.91877 9.91877 9.82088 7.42261 7.33133 7.33133 7.20345 6.87912 6.59812 6.39879 7.53346 7.89146 8.25505 3.79315 3.78469 3.78469 3.78469 3.78469 3.78469
4.92197 4.38134 3.73379 2.95221 2.60176 2.60176 2.60176 2.60593 2.64719 2.69722 2.90602 3.27326 5.44867 8.16069 8.39844 8.39844 8.39844 8.39844 8.39844 8.39844 8.39844 8.39844 8.39844 8.39844 8.39844 8.39844 8.39844 9.70666 10.7694 11.7751 9.76442 9.96441 9.72672 9.27072 9.89180 10.5530 10.9914 11.2226 11.4034 11.4269 11.4269 11.4269 11.4269 11.6606 12.3297 10.1378 9.91877 9.91877 9.87239 9.54314 9.20022 7.28064 6.21607 6.02152 5.98377 6.19743 6.41639 6.63230 6.40376 6.49495 7.81076 4.93046 3.78469 3.78469 3.78469 3.78469 3.78469
2.60176 2.60176 2.60964 2.65485 2.70488 2.75488 2.80492 2.85078 2.85949 2.85949 2.89097 3.15639 4.76763 7.42859 8.39844 8.39844 8.39844 8.39844 8.39844 8.39844 8.39844 8.39844 8.39844 8.39844 8.39844 8.37366 8.30169 8.98425 10.1170 13.4250 11.6953 10.9714 10.8789 11.3628 11.4269 11.4269 11.4269 11.4269 11.4269 11.4269 11.4269 11.4269 11.4269 11.4616 11.5567 9.77660 8.70797 8.44569 8.23311 8.20202 8.22357 7.57337 6.34547 6.56415 6.70656 6.70938 6.70938 6.70938 6.56851 6.24048 7.66073 6.28056 3.78469 3.78469 3.78469 4.19513 5.35375
2.76253 2.81253 2.85470 2.85949 2.85949 2.85949 2.85949 2.85949 2.85949 2.85949 2.85949 3.10032 4.09526 6.48857 8.39844 8.39844 8.39844 8.39844 8.39844 8.39774 8.35176 8.27862 8.20556 8.13250 8.05246 7.88978 7.73770 7.79491 9.32876 12.1120 12.2127 10.7148 10.7148 11.3107 11.4269 11.4269 11.4269 11.4270 11.4277 11.4283 11.4290 11.4297 11.4304 11.4307 10.3922 9.39777 8.20492 8.31517 8.47930 8.64328 8.78602 8.61047 6.71441 6.70938 6.70938 6.70938 6.70938 6.70938 6.69895 6.25855 7.19197 7.69024 6.09875 6.77861 7.30609 7.62147 7.63499
2.85949 2.85949 2.85949 2.85949 2.85949 2.85949 2.85949 2.85949 2.85949 2.85949 2.85949 3.01281 3.42678 5.53225 8.26291 8.32864 8.25558 8.18253 8.10947 8.03710 7.95677 7.80774 7.65672 7.50590 7.36193 7.32544 7.32544 7.32544 8.87386 10.9155 13.1642 10.7838 10.7152 11.0927 11.4287 11.4294 11.4301 11.4306 11.4307 11.4307 11.4307 11.4307 11.4307 11.4922 11.0205 10.2838 8.77570 8.80545 8.80545 8.80545 8.80545 8.80545 7.19861 6.70938 6.70938 6.73894 7.09183 7.51570 7.89241 7.99375 8.67309 9.96869 7.79051 7.63499 7.63499 7.63499 7.63499
2.85949 2.85949 2.85949 2.85949 2.85949 2.85949 2.85949 2.85949 2.85949 2.86330 2.88028 2.96416 3.21434 4.67961 7.18208 7.99935 7.87770 7.72682 7.57593 7.42491 7.32736 7.32544 7.32544 7.32544 7.32544 7.32544 7.32814 7.34658 8.34362 9.72958 13.3444 11.4197 10.7185 10.8769 11.4307 11.4307 11.4307 11.4307 11.4307 11.4548 11.6016 11.7657 11.9297 12.0326 11.8034 10.6245 9.22439 8.80545 8.80545 8.80545 8.84202 8.90411 8.29372 7.95853 8.29278 8.57831 8.65899 8.65899 8.65899 8.55989 8.42752 10.0336 8.57730 7.63499 7.63499 7.63499 7.63499
2.85949 2.85949 2.85949 2.85949 2.86526 2.88299 2.90107 2.91916 2.93725 2.95152 2.95263 2.95537 3.22597 4.10402 6.00090 7.35474 7.32544 7.32544 7.32544 7.32544 7.32544 7.33243 7.35305 7.37403 7.39500 7.41596 7.43426 7.43679 7.85601 9.22807 12.6575 12.3083 10.7185 10.7240 11.3645 11.4346 11.5484 11.7126 11.8767 12.0169 12.0341 12.0341 12.0341 12.0341 12.0505 11.0311 10.0978 9.05811 9.09178 9.12694 9.12498 9.09735 9.00710 8.65899 8.65899 8.65899 8.65899 8.65899 8.65899 8.65335 8.32535 9.62669 9.26687 7.63499 7.63916 7.66050 7.68367
2.88569 2.90378 2.92187 2.93996 2.95227 2.95263 2.95263 2.95263 2.95263 2.95263 2.95263 2.95263 3.14128 3.62941 5.05229 7.27943 7.33856 7.35952 7.38049 7.40147 7.42244 7.43645 7.43679 7.43679 7.43679 7.43679 7.43679 7.43679 7.46102 9.10250 11.4653 13.2250 10.8856 10.9472 11.5443 11.9839 12.0341 12.0341 12.0341 12.1313 12.3979 12.6527 12.8324 13.0037 13.1572 12.2809 11.1435 9.09735 9.09735 9.09735 9.09735 9.09735 9.09529 8.70422 8.65899 8.65899 8.65899 8.64257 8.57980 8.51408 8.23383 8.94590 9.85082 7.70214 7.72081 7.72266 7.72266
2.95263 2.95263 2.95263 2.95263 2.95263 2.95263 2.95263 2.95263 2.95263 2.95263 2.95052 2.92566 3.03154 3.36396 4.87270 6.91730 7.43679 7.43679 7.43679 7.43679 7.43679 7.43679 7.43679 7.43679 7.43679 7.43679 7.43679 7.43679 7.43679 8.60578 10.2728 13.3494 11.9217 11.3371 11.7616 12.5298 12.7969 12.9958 13.1665 13.2408 13.1446 13.0616 13.0523 13.0523 13.0523 12.6234 11.6303 9.33891 9.09735 9.09735 9.09735 9.09332 9.04163 8.71417 8.47218 8.40667 8.34116 8.30482 8.32463 8.34728 8.26632 8.38041 10.1016 8.22365 7.72266 7.72266 7.72266
2.95263 2.95263 2.95263 2.95263 2.95263 2.94851 2.92113 2.89005 2.85901 2.82794 2.79900 2.79282 2.83261 3.40698 4.46204 6.23523 7.43679 7.43679 7.43679 7.43679 7.43679 7.43679 7.43679 7.43679 7.43679 7.43679 7.43679 7.43679 7.46888 8.23112 9.57608 14.2402 14.0413 12.7604 12.8561 13.1680 13.0802 13.0523 13.0523 13.0523 13.0523 13.0523 13.0523 13.0523 13.0523 12.9890 11.6490 9.95850 8.93401 8.86847 8.80296 8.74144 8.72765 8.60523 8.31732 8.33996 8.36257 8.37257 8.37257 8.37257 8.36821 8.03579 9.93596 8.99711 7.72266 7.72266 7.72266
2.94584 2.91656 2.88551 2.85444 2.82341 2.79646 2.79282 2.79282 2.79282 2.79282 2.79282 2.79282 2.79282 3.26411 3.98809 5.36136 7.42507 7.43679 7.43679 7.43679 7.43679 7.43679 7.43698 7.50291 7.62054 7.73836 7.85605 7.97498 8.07349 8.23822 9.88377 13.6088 15.3215 12.9936 12.8581 12.9915 13.0523 13.0523 13.0523 13.0523 13.0383 12.9311 12.8065 12.6821 12.5576 12.4329 11.5676 10.4148 8.72765 8.72961 8.74835 8.77100 8.79366 8.79573 8.39168 8.37257 8.37257 8.37257 8.37257 8.37257 8.37257 8.13909 9.26770 9.63471 7.94595 8.15126 8.35667
2.79459 2.79282 2.79282 2.79282 2.79282 2.79282 2.79282 2.79282 2.79282 2.79282 2.79282 2.79282 2.79282 3.08131 3.53415 5.01150 7.04937 7.44548 7.54101 7.65864 7.77634 7.89415 8.01160 8.07029 8.08615 8.10206 8.11796 8.13271 8.13571 8.13571 9.53434 12.0371 15.3976 13.6842 12.8581 12.8747 12.8708 12.7463 12.6217 12.4973 12.3866 12.3694 12.3694 12.3694 12.3694 12.3695 11.8957 11.1432 8.82479 8.80704 8.81093 8.81093 8.81093 8.81093 8.51064 8.37257 8.37257 8.37257 8.38171 8.47663 8.59955 8.62494 9.18710 10.8227 8.83388 8.71593 8.71593
2.79282 2.79282 2.79282 2.79282 2.79282 2.79282 2.79282 2.79282 2.79282 2.79282 2.79282 2.79282 2.79778 2.92829 3.47406 5.09151 6.99507 8.04118 8.06520 8.07883 8.09475 8.11065 8.12656 8.13567 8.13571 8.13571 8.13571 8.13571 8.13571 8.14018 8.95989 10.1538 14.8870 13.9732 12.2429 12.1914 12.3674 12.3694 12.3694 12.3694 12.3694 12.3694 12.3761 12.3982 12.4208 12.4433 12.2791 11.3563 9.41114 8.81093 8.81093 8.81093 8.81093 8.81683 8.73095 8.59581 8.71864 8.84133 8.95503 8.98294 8.98294 8.97992 8.82118 10.9092 9.53968 8.71593 8.71593
2.79282 2.79282 2.79282 2.79282 2.79282 2.79282 2.79282 2.80038 2.82636 2.85316 2.87998 2.90678 2.92862 2.93124 3.47793 4.69964 6.42470 8.11924 8.13344 8.13571 8.13571 8.13571 8.13571 8.13571 8.15000 8.20089 8.25379 8.30654 8.35944 8.40775 8.53682 9.01643 13.4318 14.4490 12.3386 12.1752 12.3239 12.3694 12.3717 12.3908 12.4135 12.4361 12.4521 12.4527 12.4527 12.4527 12.4524 11.4900 10.0627 8.87850 8.97601 9.07382 9.17167 9.26369 9.26207 8.98566 8.98294 8.98294 8.98294 8.98294 8.98294 8.98294 8.75451 10.4002 10.1768 8.71593 8.71593
2.79282 2.79282 2.80357 2.83023 2.85703 2.88384 2.91066 2.92985 2.93067 2.93067 2.93067 2.93067 2.93067 2.93067 3.29576 3.99367 5.97270 7.89649 8.13580 8.16521 8.21796 8.27086 8.32364 8.37650 8.41503 8.41691 8.41691 8.41691 8.41691 8.41691 8.42003 8.95944 11.8487 14.4871 12.9973 12.1893 12.3011 12.4288 12.4492 12.4527 12.4527 12.4527 12.3891 12.1637 11.9434 11.7805 11.6250 10.8354 10.1740 9.28801 9.28837 9.28837 9.28837 9.28837 9.28837 9.05179 8.98294 8.98294 8.98294 8.98294 8.98248 8.97976 8.88432 9.69547 10.8844 9.26111 9.52493
2.88766 2.91449 2.93052 2.93067 2.93067 2.93067 2.93067 2.93067 2.93067 2.93067 2.93067 2.93067 2.93067 2.93496 3.17730 3.70925 5.92817 7.58038 8.39346 8.41691 8.41691 8.41691 8.41691 8.41691 8.41691 8.41691 8.41691 8.41691 8.41691 8.41691 8.41691 8.78888 10.2665 14.4871 13.8456 12.2585 12.2824 12.2852 12.0515 11.8204 11.6435 11.4875 11.3955 11.4651 11.5297 11.5366 11.5366 11.2092 10.4357 9.40310 9.28837 9.28837 9.28837 9.28837 9.28831 9.14210 8.97777 8.97473 8.97169 8.96884 8.97019 8.97533 8.97897 9.55994 11.5801 10.0679 9.71297
2.93067 2.93067 2.93067 2.93067 2.93067 2.93067 2.93067 2.93067 2.93914 3.00351 3.07806 3.15258 3.22713 3.29740 3.33771 3.95303 5.42065 7.00215 8.41691 8.41691 8.41691 8.41691 8.41691 8.41691 8.41691 8.41691 8.41691 8.41691 8.41691 8.41691 8.41691 8.67374 9.40459 13.5669 13.4775 11.4261 10.9691 11.2664 11.4399 11.5151 11.5366 11.5366 11.5366 11.5366 11.5366 11.5366 11.5366 11.4905 10.4733 9.72751 9.28425 9.28121 9.27817 9.27514 9.27216 9.21924 8.96822 8.97357 8.97910 8.98429 8.98580 8.98580 8.98580 9.07211 11.4159 10.6826 9.71297
2.93067 2.93067 2.93067 2.94473 3.01373 3.08825 3.16280 3.23735 3.30341 3.31359 3.31359 3.31359 3.31359 3.31359 3.31359 3.78326 4.71457 6.41687 8.28493 8.41691 8.41691 8.41691 8.41691 8.41691 8.41691 8.41691 8.54673 8.82789 9.10920 9.39036 9.66484 9.85822 10.3502 11.7563 12.4731 11.3715 10.7113 11.1564 11.5366 11.5366 11.5366 11.5366 11.5366 11.5223 11.3621 11.1644 10.9669 10.7693 10.4639 10.0413 9.27120 9.27120 9.27221 9.27724 9.28269 9.28796 9.02644 8.98580 8.98580 8.98580 8.98580 8.98580 8.98580 9.00247 10.6370 11.1682 9.76516
3.10263 3.17302 3.24750 3.30808 3.31359 3.31359 3.31359 3.31359 3.31359 3.31359 3.31359 3.31359 3.31359 3.31359 3.31359 3.58940 4.08164 6.32126 7.79912 8.41691 8.42768 8.63571 8.91687 9.19818 9.47950 9.76081 9.87556 9.79732 9.71891 9.64049 9.56909 9.55601 10.0066 10.9721 12.4241 11.9935 10.7113 10.9039 11.4601 11.2641 11.0666 10.8692 10.6716 10.4884 10.4505 10.4505 10.4505 10.4505 10.4384 10.3562 9.30051 9.28638 9.29082 9.29123 9.29123 9.29123 9.11869 8.98580 8.98580 8.98580 8.98580 8.99959 9.05346 8.98413 9.82009 11.3315 11.1550
3.40329 3.31359 3.31359 3.31359 3.31359 3.31359 3.31359 3.31359 3.31359 3.31359 3.31359 3.31359 3.31359 3.31359 3.31359 3.41153 4.08584 6.39181 8.30745 9.56848 9.83918 9.90208 9.83290 9.75448 9.67606 9.59764 9.55605 9.55601 9.55601 9.55601 9.55601 9.55601 9.81464 10.1060 11.9087 11.6648 10.1086 9.75627 10.3834 10.4505 10.4505 10.4505 10.4505 10.4505 10.4505 10.4530 10.4584 10.4639 10.4647 10.4431 9.56929 9.29123 9.29123 9.29123 9.29123 9.29123 9.18964 8.88057 8.80566 8.73091 8.65666 8.56789 8.43893 8.43467 8.69719 10.8434 11.0716
3.52066 3.31359 3.31359 3.31359 3.31359 3.31359 3.31359 3.31359 3.31359 3.31359 3.34006 3.44062 3.54558 3.65048 3.75538 3.84498 4.40786 6.28934 8.69507 9.68378 9.63322 9.56521 9.55601 9.55601 9.55601 9.55601 9.55601 9.52911 9.41642 9.29729 9.17810 9.05890 8.90912 8.70739 10.4778 10.9760 10.1858 9.62516 10.1382 10.4505 10.4505 10.4516 10.4567 10.4621 10.4676 10.4705 10.4705 10.4705 10.4705 10.4468 9.89741 9.14338 8.94279 8.77646 8.61054 8.44417 8.30475 8.42562 8.43467 8.43467 8.43467 8.43467 8.43467 8.43467 8.45004 10.3697 10.9689
3.63788 3.31359 3.31359 3.31359 3.31359 3.35427 3.45847 3.56342 3.66827 3.77322 3.85165 3.85599 3.85599 3.85599 3.85599 3.85599 4.21394 5.09042 8.63740 9.33182 9.55601 9.55601 9.50001 9.38075 9.26168 9.14255 9.02336 8.93112 8.92468 8.92468 8.92468 8.92468 8.92438 8.73220 9.82082 10.9760 10.6857 9.62543 9.89040 10.4603 10.4658 10.4701 10.4705 10.4705 10.4705 10.3572 9.85332 9.32894 8.84915 8.35577 7.96594 8.25336 8.28746 8.28754 8.28754 8.28754 8.28754 8.38434 8.43467 8.43467 8.43467 8.43467 8.43467 8.44039 8.49230 9.69359 10.9302
3.86818 3.57359 3.58127 3.68606 3.79107 3.85529 3.85599 3.85599 3.85599 3.85599 3.85599 3.85599 3.85599 3.85599 3.85599 3.85599 4.01312 4.38219 7.69423 8.64442 9.10695 8.98781 8.92468 8.92468 8.92468 8.92468 8.92468 8.92468 8.92468 8.92468 8.92468 8.92468 8.92468 8.79398 9.16360 10.9760 10.9760 9.82391 9.68110 10.4379 10.1269 9.58768 9.05412 8.56467 8.08939 7.72515 7.75400 7.80340 7.80765 7.79962 7.78183 8.23580 8.28754 8.28754 8.28754 8.28754 8.28754 8.34016 8.47043 8.53228 8.59410 8.65595 8.77492 9.24689 9.73501 10.1473 11.3436
5.24026 4.43742 3.85599 3.85599 3.85599 3.85599 3.85599 3.85599 3.85599 3.85599 3.85599 3.83654 3.64920 3.42284 3.19672 2.97047 2.76758 3.51750 5.86403 7.81927 8.91186 8.92468 8.92468 8.92468 8.92468 8.92468 8.92468 8.92468 8.92468 8.92468 8.92468 8.92468 8.92468 8.85699 8.67005 10.0217 9.44827 8.30078 7.38659 7.49815 7.67290 7.73454 7.79315 7.80765 7.80765 7.80765 7.80765 7.80765 7.80765 7.80657 7.78112 8.09258 8.30389 8.36337 8.42526 8.48707 8.54889 8.62106 8.78844 9.10359 9.58151 10.0594 10.4802 10.5423 10.5423 10.3513 11.2344
4.97603 4.85569 3.85599 3.85599 3.85599 3.85599 3.81988 3.61507 3.38883 3.16270 2.93657 2.72978 2.69099 2.69099 2.69099 2.69099 2.69099 3.27515 4.66517 7.69082 8.69809 8.92468 8.92468 8.92468 8.92468 8.92468 8.92468 8.92468 8.92468 8.81059 8.54158 8.27184 8.00211 7.70852 7.19293 6.91387 6.71772 6.56568 6.32709 6.91873 7.80765 7.80765 7.80765 7.80765 7.80765 7.80765 7.80694 7.79322 7.77455 7.75589 7.93401 8.24943 8.63446 8.63680 8.63680 8.80841 9.28088 9.75880 10.3412 10.5423 10.5423 10.5423 10.5423 10.5423 10.5423 10.5414 10.8312
4.67709 5.16769 3.63046 3.35492 3.12868 2.90255 2.71231 2.69099 2.69099 2.69099 2.69099 2.69099 2.69099 2.69099 2.69099 2.69099 2.69099 3.01719 3.67432 7.48326 8.35720 8.92468 8.92468 8.91737 8.72689 8.45716 8.18728 7.91769 7.64786 7.43406 7.32575 7.21793 7.11029 7.01596 6.84301 6.70702 6.55155 6.55155 6.36170 6.47633 7.79995 7.80213 7.78401 7.76539 7.74657 7.72807 7.71016 7.70526 7.70526 7.70526 7.89063 8.22715 9.11901 9.60547 10.0834 10.3897 10.3951 10.3951 10.4620 10.5423 10.5423 10.5423 10.5423 10.5423 10.5299 10.4470 10.5535
