High_resolution/powerplant/Chizhou/OMI_NO2_200606.asc
ncols      200
nrows      200
xllcorner       115.585
yllcorner       28.7700
cellsize     0.0166667
NODATA_Value      -999.000
[rows 60 to 89 of 184, columns 132 to 197 of 200]
4.87589 5.51465 5.58014 5.61270 5.74579 6.04679 6.07925 6.11160 6.14891 6.34037 6.37540 6.40296 6.40596 6.26634 6.22988 6.22900 5.97877 4.16251 4.14380 4.14380 4.12677 4.14893 4.12758 4.05014 3.96542 3.87296 3.77151 3.66055 3.59448 3.56383 3.53184 3.49823 3.46464 3.43570 2.85996 2.84423 2.83842 2.75971 2.44173 2.30780 2.30780 2.30780 2.30780 2.30780 2.30780 2.30780 2.30780 2.15870 2.07468 2.14226 2.14405 2.12212 2.20230 2.36490 2.38276 2.41398 2.62259 2.62259 2.63491 2.63682 2.57704 2.39634 2.39634 2.70832 2.81856 3.16958
4.93150 5.80364 5.86828 5.86740 5.88387 6.22821 6.23379 6.23311 6.23307 6.36864 6.40188 6.40188 6.40957 6.37676 6.39034 6.47615 6.51258 4.35114 4.03375 4.01090 4.00839 3.84057 3.45725 3.45547 3.45547 3.45547 3.45547 3.45547 3.45547 3.45547 3.45547 3.45547 3.45547 3.45547 2.98191 2.84423 2.84423 2.77278 2.54491 2.30780 2.30780 2.30780 2.30780 2.30780 2.30780 2.30780 2.30780 2.22330 2.05751 2.18651 2.23537 2.21733 2.17205 2.37852 2.38412 2.38511 2.59907 2.62540 2.63560 2.64208 2.62615 2.39664 2.39634 2.59149 2.71009 2.93385
4.76475 5.76600 5.86493 5.89160 5.93021 6.27485 6.43904 6.52492 6.61073 6.79662 6.95123 7.03700 7.11515 7.06619 6.95739 6.95739 6.95712 5.00685 4.09187 4.09187 4.09187 3.99838 3.46675 3.47876 3.49118 3.50315 3.51561 3.52751 3.53997 3.55194 3.56440 3.57634 3.58876 3.60073 3.20869 2.86963 2.87112 2.82009 2.68857 2.33283 2.33403 2.33520 2.33637 2.33755 2.33872 2.33992 2.34110 2.32469 2.09003 2.18479 2.26795 2.26416 2.18613 2.34804 2.41033 2.41033 2.56594 2.65282 2.66076 2.67145 2.63267 2.28683 2.13024 2.12427 2.39961 2.61516
4.79307 5.86474 6.37834 6.47621 6.52302 6.78424 6.97725 6.97856 6.97988 7.08576 7.27365 7.28168 7.28992 7.26891 7.13186 7.13988 7.14814 5.95264 4.34026 4.34987 4.35981 4.36545 3.85160 3.80348 3.80348 3.80348 3.80348 3.80348 3.80348 3.80348 3.80348 3.80348 3.80348 3.80348 3.49937 2.89715 2.89715 2.86354 2.80072 2.37641 2.35013 2.35013 2.35013 2.35013 2.35013 2.35013 2.35013 2.35013 2.13905 2.12588 2.27103 2.27103 2.20277 2.27384 2.41903 2.43439 2.54075 2.66809 2.64760 2.63346 2.64713 2.47211 2.39640 2.46534 2.81178 3.07915
4.77178 5.55370 6.38208 6.58469 6.58469 6.70667 6.99470 6.99470 6.99470 7.05893 7.36372 7.36372 7.36372 7.36215 7.19856 7.18939 7.18939 6.63050 4.37697 4.37028 4.37028 4.37028 4.00291 3.80348 3.80348 3.80348 3.80348 3.80348 3.80348 3.80348 3.80348 3.80348 3.80348 3.80348 3.69716 2.90127 2.89715 2.88243 2.81147 2.46121 2.35013 2.35013 2.34877 2.33439 2.31682 2.29921 2.28164 2.25629 2.10028 2.02228 2.18110 2.20930 2.33282 2.46682 2.56604 2.52344 2.54119 2.78328 2.78472 2.83174 2.83296 2.70335 2.52853 2.52856 2.77172 2.82065
4.77178 5.27119 6.21242 6.58469 6.58469 6.61040 6.99068 6.99470 6.99470 6.99898 7.34670 7.36372 7.36372 7.36372 7.23358 7.18939 7.18939 7.00815 4.62298 4.36341 4.35439 4.34568 4.10555 3.75055 3.73944 3.72836 3.71732 3.70621 3.69519 3.68405 3.67307 3.66012 3.61765 3.55376 3.48257 2.66126 2.51630 2.46502 2.43007 2.34130 2.15142 2.10232 2.05680 2.02510 1.99769 1.97143 1.94632 1.92731 1.97107 2.07723 2.19514 2.30291 2.41759 2.62439 2.65102 2.67844 2.71045 2.78343 2.78343 2.82186 2.83086 2.69141 2.33740 2.22780 2.24248 2.35291
4.83358 5.06012 6.12391 6.67570 6.68547 6.69529 7.03650 7.12478 7.13453 7.14428 7.43356 7.53286 7.54259 7.55232 7.26813 7.00037 6.99424 6.99345 4.84502 4.07176 4.05779 4.03668 3.87579 3.28051 3.22690 3.17317 3.11949 3.06576 3.01190 2.95836 2.90468 2.85709 2.86228 2.79250 2.64655 2.12678 1.87921 1.85057 1.93739 2.03012 1.99836 2.01898 2.04026 2.06229 2.08498 2.10851 2.13286 2.15792 2.17560 2.30866 2.34100 2.48252 2.51455 2.78336 2.78343 2.78343 2.78343 2.75235 2.67939 2.61427 2.53602 2.48580 2.12701 2.12657 2.18171 2.33510
5.00393 5.01392 6.09536 6.77427 6.85117 6.86629 7.11257 7.30647 7.32157 7.33668 7.55417 7.72242 7.68087 7.63613 7.38783 6.92734 6.88118 6.82387 5.11443 3.64326 3.61410 3.59235 3.57961 2.87118 2.85005 2.87914 2.90654 2.93227 2.95658 2.97952 3.00123 3.01880 3.02086 2.84456 2.42112 2.13364 1.80142 1.80142 1.87919 2.03082 2.16830 2.16830 2.16830 2.16830 2.16830 2.16830 2.16830 2.16830 2.16830 2.27996 2.31100 2.45473 2.48259 2.73208 2.70328 2.63024 2.55709 2.51521 2.51500 2.51386 2.51144 2.51144 2.18217 2.12657 2.13934 2.33371
5.19446 5.21661 6.01123 6.68507 6.85498 6.79503 6.86619 7.08542 7.02559 6.96575 7.03147 7.22843 7.22526 7.22526 7.15070 6.60596 6.60006 6.57677 5.56535 3.42422 3.36939 3.31529 3.26165 3.05656 3.02086 3.02086 3.02086 3.02086 3.02086 3.02086 3.02086 3.02086 3.02086 2.98799 2.43023 2.26946 1.80147 1.80142 1.84542 1.98705 2.16830 2.16830 2.16830 2.16830 2.16830 2.16830 2.16830 2.16830 2.16830 2.24407 2.31100 2.33548 2.28016 2.41218 2.51500 2.51500 2.51500 2.51500 2.51500 2.51457 2.51144 2.51144 2.26870 2.12657 2.12657 2.28915
5.85030 5.92066 5.86979 6.04685 6.44623 6.44623 6.47822 6.85691 6.86295 6.85307 6.88398 7.21197 7.19698 7.18143 7.16487 6.48436 6.39535 6.39353 5.85181 3.16501 3.02086 3.02086 3.02086 3.02086 3.02086 3.02086 3.02086 3.02086 3.02086 3.02086 3.01764 3.00911 3.00034 2.99181 2.51218 2.32252 1.79227 1.74928 1.75416 1.89085 2.08585 2.09207 2.08607 2.08010 2.07410 2.06811 2.06205 2.05601 2.05001 2.08393 2.18074 2.16278 2.09561 2.21231 2.38638 2.38140 2.37640 2.37139 2.36632 2.36125 2.32428 2.31506 2.23106 2.12657 2.12657 2.23213
5.86721 5.84831 5.83659 5.83888 6.24061 6.20656 6.17305 6.67063 6.78152 6.78308 6.79752 7.04221 7.03998 7.03117 7.02267 6.49037 6.26219 6.25344 6.14942 3.35060 2.85492 2.84619 2.83759 2.82894 2.82027 2.81169 2.80294 2.79439 2.78564 2.77711 2.77155 2.77155 2.77155 2.77155 2.45330 2.16949 1.71017 1.58879 1.58879 1.71807 1.90103 1.95567 1.95567 1.95567 1.95567 1.95567 1.95567 1.95567 1.95567 1.96230 2.09566 2.09837 2.04754 2.08844 2.33781 2.33781 2.33781 2.33781 2.33266 2.30985 2.26258 2.22914 2.16519 1.99569 1.97371 1.95162
6.27809 6.33740 6.35685 6.23185 6.32661 6.34219 6.34219 6.71208 7.02091 7.02091 7.02091 6.92531 6.88737 6.88737 6.88737 6.51892 6.14422 6.14422 6.14422 3.95247 2.77155 2.77155 2.77155 2.77155 2.77155 2.77155 2.77155 2.77155 2.77155 2.77155 2.77155 2.77155 2.77155 2.77155 2.60594 2.17181 1.83625 1.58879 1.58879 1.68430 1.85730 1.95567 1.95567 1.95567 1.95567 1.95567 1.95570 1.96418 1.97895 1.99373 2.11921 2.17312 2.16311 2.15138 2.16741 2.14137 2.12117 2.10000 2.08408 2.08571 2.05502 2.02779 2.01115 1.78729 1.78672 1.77875
6.31892 6.36451 6.36451 6.26298 6.29626 6.34219 6.34219 6.55101 7.02091 7.02091 7.02091 6.95312 6.88737 6.88737 6.88737 6.67372 6.14422 6.14422 6.14422 4.74137 2.77155 2.77155 2.77155 2.77155 2.77155 2.77155 2.77155 2.77525 2.79034 2.80570 2.82181 2.83761 2.85419 2.87050 2.86003 2.28190 2.05532 1.69195 1.71846 1.80561 1.94696 2.00352 2.01023 2.03086 2.06673 2.10253 2.13849 2.16598 2.18707 2.20812 2.25163 2.27374 2.25209 2.16983 2.04461 1.98888 1.98776 1.98752 1.98728 1.98709 1.99443 2.01824 2.01824 1.81057 1.77918 1.78306
6.14336 6.36622 6.37868 6.32432 6.30733 6.40013 6.41510 6.49575 7.18809 7.21406 7.24025 7.22353 7.14694 7.17311 7.19978 7.17924 6.93076 6.98148 7.03406 6.24588 3.28565 3.18302 3.20713 3.23225 3.25843 3.28273 3.30056 3.31108 3.30509 3.29813 3.29112 3.28415 3.27719 3.27016 3.26322 2.69497 2.43468 2.18690 2.22033 2.25027 2.23596 2.15806 2.18721 2.20236 2.20236 2.20236 2.20236 2.20236 2.20236 2.20236 2.21264 2.24011 2.24011 2.17048 2.07606 1.98707 1.98707 1.98707 1.98707 1.98723 1.99678 2.04665 2.06714 1.90304 1.79118 1.79118
6.27224 6.77162 6.77427 6.73306 6.62008 6.74695 6.74748 6.71172 7.35887 7.36327 7.21717 7.05590 6.75813 6.61216 6.46605 6.28492 5.99102 5.68901 5.38700 5.00678 3.58022 3.29928 3.29015 3.27983 3.26954 3.26079 3.25978 3.25399 3.22477 3.19315 3.16151 3.12984 3.09818 3.06656 3.03489 2.90696 2.75153 2.40149 2.38539 2.38494 2.34955 2.21121 2.20236 2.20236 2.20236 2.20236 2.20236 2.20236 2.20236 2.20236 2.20395 2.23928 2.24011 2.19767 2.11526 1.98707 1.99124 2.00369 2.01759 2.03274 2.03850 2.08017 2.09032 1.96612 1.79118 1.79118
5.84167 5.75557 5.63869 5.51635 5.24293 5.22257 5.02235 4.81662 4.93651 4.96826 4.81235 4.65644 4.35342 4.17739 4.02148 3.90031 3.89205 3.89205 3.89205 3.88827 3.43510 3.20426 3.17257 3.14093 3.10929 3.07762 3.04598 3.02015 3.01768 3.01768 3.01768 3.01768 3.01768 3.01768 3.01768 2.96204 2.80049 2.43941 2.38539 2.38539 2.35772 2.23656 2.20236 2.20236 2.20236 2.20236 2.20236 2.20236 2.20236 2.20236 2.20236 2.23134 2.24011 2.22903 2.19206 2.03309 2.03828 2.03850 2.03850 2.03850 2.03850 2.06785 2.09032 2.02095 1.79118 1.79118
5.15827 4.39829 4.25886 4.12699 3.86605 3.79303 3.83688 3.83688 3.90983 4.05897 4.05897 4.05897 3.92387 3.74480 3.60829 3.47198 3.33557 3.19915 3.06294 2.92984 2.89755 3.01768 3.01768 3.01768 3.01768 3.01768 3.01768 3.01768 3.01768 3.01768 3.01768 3.01768 3.01768 3.01768 3.01768 3.01051 2.80817 2.52507 2.38610 2.39083 2.37658 2.27840 2.21906 2.22317 2.22739 2.23150 2.23560 2.23972 2.24384 2.24805 2.25215 2.27573 2.29812 2.30227 2.30645 2.15528 2.11306 2.11715 2.12133 2.12548 2.12959 2.16026 2.21446 2.19469 1.79143 1.79118
4.54256 4.00088 3.89363 3.91505 3.84061 3.77245 3.77113 3.66585 3.56191 3.45394 3.31933 3.18805 2.99160 2.86925 2.86398 2.85862 2.85339 2.84803 2.84278 2.83740 2.80765 2.95309 2.95024 2.94485 2.93966 2.93422 2.92903 2.92364 2.91842 2.91303 2.90781 2.90244 2.89719 2.89183 2.88659 2.88124 2.71435 2.63457 2.57183 2.57028 2.55909 2.46646 2.35027 2.35027 2.35027 2.35027 2.35027 2.35027 2.35027 2.35027 2.35027 2.36023 2.38802 2.38802 2.38802 2.27982 2.18641 2.18641 2.18641 2.18641 2.18641 2.20017 2.27531 2.30065 1.93120 1.90597
4.69691 4.14111 3.69020 3.58517 3.42007 3.20030 3.16335 3.16804 3.17330 3.17856 3.18222 3.18235 3.06945 2.73810 2.73810 2.73810 2.73810 2.73810 2.73810 2.73810 2.71688 2.82555 2.86676 2.86676 2.86676 2.86676 2.86676 2.86676 2.86676 2.86676 2.86676 2.86676 2.86676 2.86676 2.86676 2.86676 2.76020 2.64182 2.58359 2.57028 2.56727 2.50869 2.35027 2.35027 2.35027 2.35027 2.35027 2.35027 2.35027 2.35027 2.35027 2.34889 2.37440 2.36524 2.35530 2.33567 2.37598 2.41648 2.45903 2.50396 2.55138 2.60595 2.90857 2.96288 2.73590 2.58075
4.28438 3.98476 3.44512 3.44512 3.43454 3.23105 3.19204 3.18235 3.18235 3.18235 3.18235 3.18235 3.15874 2.74205 2.73810 2.73810 2.73810 2.73810 2.73810 2.73810 2.73469 2.77226 2.86676 2.86676 2.86676 2.86676 2.86676 2.86676 2.86676 2.86676 2.86676 2.86676 2.86676 2.86676 2.86676 2.86676 2.81531 2.64752 2.59597 2.57028 2.56506 2.52040 2.37007 2.35669 2.35926 2.36286 2.36311 2.33218 2.29328 2.25393 2.21378 2.17638 2.39976 2.53696 2.57103 2.62864 3.05866 3.08713 3.11367 3.14082 3.16838 3.19404 3.37681 3.48098 3.44055 3.35366
4.28438 4.17594 3.44512 3.44512 3.44512 3.27348 3.20375 3.18235 3.18235 3.18235 3.18235 3.18235 3.18235 2.81173 2.73810 2.73810 2.73810 2.73810 2.73810 2.73810 2.73810 2.73335 2.86676 2.86676 2.86676 2.86676 2.86676 2.86264 2.84703 2.82826 2.78936 2.74597 2.70256 2.65933 2.61588 2.57252 2.52400 2.27853 2.21593 2.19524 2.12300 2.29769 2.40036 2.36121 2.31367 2.26512 2.22015 2.21117 2.21117 2.21117 2.21117 2.21117 2.47456 2.81537 2.81537 2.81537 3.22875 3.31158 3.31158 3.31158 3.31158 3.31158 3.45204 3.63465 3.61925 3.54198
4.28438 4.28404 3.52846 3.44512 3.44512 3.32645 3.21541 3.18235 3.18235 3.18235 3.18235 3.18235 3.17775 2.88155 2.69484 2.67504 2.65522 2.63539 2.61556 2.58947 2.54378 2.46974 2.59237 2.55194 2.50847 2.46514 2.42183 2.38256 2.35484 2.33019 2.32579 2.31642 2.29911 2.28057 2.26068 2.23922 2.21608 1.87091 1.71538 1.78062 1.78196 1.96108 2.21117 2.21117 2.21117 2.21117 2.21117 2.21117 2.21117 2.21117 2.21117 2.21117 2.33511 2.81537 2.81537 2.81537 3.11217 3.31158 3.31158 3.31158 3.31158 3.31158 3.38843 3.63465 3.63051 3.54208
4.15556 4.09591 3.56948 3.33415 3.31432 3.22883 3.05539 2.99339 2.97229 2.94948 2.90629 2.85926 2.81687 2.60459 2.31715 2.28995 2.26275 2.23554 2.20830 2.18737 2.18601 2.16580 2.28397 2.32170 2.30550 2.28742 2.26801 2.24714 2.22464 2.20026 2.17389 2.16184 2.16184 2.16184 2.16184 2.16184 2.16184 1.92130 1.70700 1.76383 1.78196 1.86680 2.21117 2.21117 2.21117 2.21117 2.21117 2.21117 2.21117 2.21117 2.21117 2.21117 2.22662 2.79215 2.81537 2.81537 2.99549 3.31158 3.31158 3.31158 3.31158 3.31158 3.33439 3.63460 3.63465 3.56110
3.50560 3.49319 3.32423 3.11691 3.10444 3.07488 2.76092 2.69686 2.65833 2.63406 2.63025 2.63025 2.63025 2.53949 2.18601 2.18603 2.18879 2.19370 2.19900 2.20469 2.21084 2.20872 2.16667 2.16302 2.16184 2.16184 2.16184 2.16184 2.16184 2.16184 2.16184 2.16184 2.16184 2.16184 2.16184 2.16184 2.16184 2.04158 1.71273 1.74265 1.78196 1.78947 2.19419 2.21117 2.21117 2.21117 2.21117 2.21117 2.20843 2.19497 2.18026 2.16550 2.15095 2.53902 2.69620 2.67680 2.72043 3.13364 3.11424 3.09484 3.07536 3.05596 3.03628 3.16372 3.16319 3.31215
3.39557 3.39551 3.31910 3.04422 3.04422 3.04422 2.74365 2.65323 2.63223 2.64952 2.67128 2.69470 2.71994 2.73473 2.23619 2.22743 2.23066 2.23066 2.22640 2.21556 2.20450 2.19360 2.11520 2.10284 2.09188 2.08091 2.06995 2.05898 2.04801 2.03705 2.02611 2.01509 2.00421 1.99315 1.98231 1.97119 1.96038 1.94063 1.55237 1.33537 1.38120 1.36665 1.67748 1.76670 1.75194 1.73723 1.72268 1.70808 1.69621 1.69512 1.69512 1.69512 1.69512 1.88073 2.12731 2.12731 2.12741 2.57029 2.62351 2.62351 2.62351 2.62351 2.62351 2.61149 2.60255 2.90338
3.33282 3.31980 3.27990 2.91458 2.86866 2.83455 2.58969 2.44133 2.63946 2.63145 2.61949 2.60745 2.59546 2.58350 2.09114 1.94792 1.93680 1.92599 1.91914 1.91914 1.91914 1.91914 1.86703 1.85018 1.85032 1.85032 1.85032 1.85032 1.85032 1.85032 1.85032 1.85032 1.85032 1.85032 1.85032 1.85032 1.85032 1.85032 1.57230 1.21928 1.26567 1.26592 1.49707 1.69512 1.69512 1.69512 1.69512 1.69512 1.69512 1.69512 1.69512 1.69512 1.69512 1.78138 2.12731 2.12704 2.12501 2.41663 2.53980 2.51305 2.48637 2.45961 2.43286 2.36032 2.23637 2.28567
3.02558 3.00456 3.00219 2.73465 2.65090 2.65090 2.52995 2.28577 2.51929 2.53556 2.53556 2.53556 2.53556 2.53556 2.18075 1.91914 1.91914 1.91914 1.91914 1.91914 1.91914 1.91914 1.88405 1.84844 1.85032 1.85032 1.85032 1.85032 1.85032 1.85032 1.85032 1.85032 1.85032 1.85032 1.85032 1.85032 1.85032 1.85032 1.65870 1.27517 1.25209 1.26592 1.40279 1.69512 1.69478 1.69313 1.69136 1.68959 1.68782 1.68427 1.68489 1.71025 1.73695 1.77405 2.04304 2.03554 2.02462 2.09837 2.20303 2.19242 2.18174 2.17111 2.16034 2.14189 2.11850 2.13936
3.00219 3.00219 3.00219 2.81467 2.65090 2.65090 2.61864 2.28308 2.44623 2.53556 2.53556 2.53556 2.53556 2.53556 2.30908 1.91914 1.91914 1.91914 1.91646 1.86672 1.85521 1.84402 1.81659 1.75582 1.74955 1.73997 1.72864 1.72102 1.71201 1.70326 1.69436 1.68597 1.67774 1.67622 1.68426 1.69514 1.70547 1.71591 1.65925 1.33714 1.22039 1.22269 1.25791 1.50114 1.65090 1.67932 1.70778 1.73622 1.76485 1.79492 1.82117 1.82247 1.82247 1.82247 1.88247 1.90949 1.90949 1.94701 2.10931 2.10931 2.10931 2.10931 2.10931 2.10954 2.11825 2.11850
3.00219 3.00219 3.00219 2.89473 2.65090 2.65090 2.65090 2.34062 2.37840 2.53556 2.53556 2.53556 2.53556 2.53556 2.43758 1.91914 1.91914 1.92720 1.96765 1.73060 1.74856 1.74282 1.72003 1.51667 1.48736 1.46320 1.44159 1.66235 1.73033 1.74781 1.76527 1.78271 1.79990 1.81138 1.81441 1.81844 1.82278 1.82687 1.82731 1.61873 1.45182 1.46259 1.48455 1.61575 1.82162 1.82247 1.82247 1.82247 1.82247 1.82247 1.82247 1.82247 1.82247 1.82247 1.85948 1.90949 1.90949 1.91161 2.09783 2.10931 2.10931 2.10931 2.10931 2.10931 2.11601 2.11850
3.00219 3.00219 3.00219 2.97681 2.70217 2.73650 2.77089 2.58490 2.51810 2.83325 2.87909 2.92513 2.97097 3.01503 3.03884 2.41311 2.30459 2.22988 2.13382 1.84484 1.73023 1.70689 1.69698 1.42985 1.52469 1.52577 1.52593 1.67998 1.82139 1.82556 1.82949 1.83319 1.83669 1.84000 1.84277 1.84315 1.84315 1.84315 1.84315 1.76964 1.51175 1.48585 1.48585 1.57488 1.78863 1.82247 1.82247 1.82247 1.82247 1.82247 1.82247 1.82247 1.82247 1.82247 1.83951 1.90949 1.90949 1.90949 2.05300 2.10931 2.10931 2.10931 2.10931 2.10931 2.11376 2.11850
