High_resolution/powerplant/Chizhou/OMI_NO2_200902.asc
ncols      200
nrows      200
xllcorner       115.585
yllcorner       28.7700
cellsize     0.0166667
NODATA_Value      -999.000
[rows 145 to 173 of 175, columns 67 to 133 of 200]
4.91622 4.91046 4.83331 3.43190 3.40907 3.40660 3.40660 3.40660 3.40660 3.40660 3.15497 3.08073 3.08073 3.08073 2.67930 2.39364 2.39364 2.39364 2.39364 2.39364 2.39364 2.39364 2.39364 2.39364 2.32341 1.97373 1.98807 2.01380 2.03953 2.06451 2.11851 2.12137 2.12137 2.12137 2.12137 2.12137 2.12137 2.15900 2.39594 2.39618 2.39618 2.39604 2.37493 2.33914 2.30336 2.81531 3.18277 3.18405 3.53930 3.54090 3.54090 3.54090 3.54090 3.54090 3.54095 3.57544 3.63905 3.70263 3.76436 3.78258 3.76994 3.73806 3.73806 3.38647 2.93179 2.93179 2.93179
4.89071 4.89071 4.89071 3.66949 3.40660 3.40660 3.40660 3.40660 3.40660 3.40660 3.25453 3.08073 3.08073 3.08073 2.86821 2.39364 2.39364 2.39364 2.39364 2.39364 2.39364 2.39364 2.40092 2.42587 2.44783 2.07964 2.06874 2.06874 2.06874 2.06874 2.10507 2.12137 2.12137 2.12137 2.12137 2.12137 2.10691 2.07125 2.25968 2.27448 2.23874 2.20306 2.18839 2.18839 2.18839 2.48858 3.14991 3.14991 3.48400 3.54090 3.54090 3.56350 3.62631 3.68992 3.75346 3.78258 3.78258 3.78258 3.78258 3.78258 3.77930 3.73816 3.73806 3.63938 2.93356 2.93179 2.93179
4.89071 4.89071 4.89071 3.98714 3.40660 3.40660 3.40660 3.40660 3.40660 3.40660 3.37569 3.08550 3.08073 3.08073 3.04390 2.40697 2.39364 2.39364 2.39620 2.41799 2.44372 2.46946 2.48790 2.48869 2.48869 2.17608 2.06874 2.06874 2.06874 2.06874 2.08617 2.07822 2.04241 2.00661 1.97085 1.93505 1.91375 1.91358 2.04979 2.18839 2.18839 2.18839 2.18839 2.18839 2.18839 2.24382 3.13431 3.16427 3.48386 3.69247 3.76326 3.81135 3.81919 3.82639 3.83341 3.84056 3.84768 3.85470 3.86194 3.86896 3.87609 3.88769 3.89957 3.91037 3.27225 3.12531 3.13608
4.89071 4.89071 4.89071 4.30449 3.40660 3.40660 3.40660 3.40660 3.40660 3.40660 3.40660 3.14822 3.08073 3.08073 3.08098 2.57549 2.43585 2.46158 2.48474 2.48869 2.48869 2.48869 2.48869 2.48869 2.48637 2.27724 2.12237 2.14864 2.17508 2.20141 2.18835 1.99013 2.00063 2.01103 2.02139 2.03191 2.04234 2.05272 2.11136 2.34848 2.35883 2.36924 2.37971 2.39640 2.46053 2.53452 3.34956 3.62979 3.78620 3.97931 3.97931 3.97931 3.97931 3.97931 3.97931 3.97931 3.97931 3.97931 3.97931 3.97931 3.97931 4.00456 4.03316 4.03316 3.63886 3.22688 3.22688
4.89071 4.89071 4.89071 4.62171 3.40137 3.37903 3.35546 3.33199 3.30857 3.28501 3.26144 3.11065 2.98687 2.99689 3.00671 2.66793 2.29782 2.28211 2.26640 2.25825 2.25846 2.25865 2.25901 2.25922 2.26173 2.30871 2.40211 2.40211 2.40211 2.40211 2.40209 2.18845 2.15721 2.15721 2.15721 2.15721 2.15721 2.15721 2.15730 2.39402 2.47929 2.54288 2.60646 2.66384 2.67370 2.67370 3.15422 3.63522 3.71486 3.97931 3.97931 3.97931 3.97931 3.97931 3.97931 3.97931 3.97931 3.97931 3.97931 3.97931 3.97931 3.99137 4.03316 4.03316 3.89336 3.22688 3.22688
4.01115 3.94861 3.88556 3.81062 2.97505 2.93531 2.93531 2.93531 2.93531 2.93531 2.93531 2.92652 2.86224 2.87570 2.96133 2.88708 2.22406 2.23997 2.25588 2.26424 2.26424 2.26424 2.26424 2.26424 2.26424 2.27980 2.40211 2.40211 2.40211 2.40211 2.40211 2.25505 2.15721 2.15721 2.15721 2.15721 2.17872 2.22641 2.27412 2.50085 2.67370 2.67370 2.67370 2.67370 2.67370 2.67370 2.89360 3.63522 3.64873 3.97409 3.97931 3.97931 3.97931 3.97931 3.97931 3.97931 3.97927 3.96006 3.92525 3.89033 3.85529 3.82542 4.02609 4.03316 4.03292 3.36009 3.31659
3.73882 3.77276 3.77276 3.77276 3.14344 2.93531 2.93531 2.93531 3.00957 3.15282 3.29607 3.43924 3.34655 3.37443 3.38431 3.37384 2.34817 2.26424 2.26424 2.26424 2.26424 2.26424 2.26424 2.26424 2.26424 2.26425 2.38875 2.40211 2.40211 2.40211 2.40211 2.32176 2.16716 2.21189 2.25964 2.30740 2.33360 2.33365 2.33365 2.40767 2.67370 2.67370 2.67370 2.67370 2.67370 2.67370 2.68918 3.57926 3.63522 3.91636 3.97927 3.96006 3.92499 3.88997 3.85495 3.81989 3.78491 3.76910 3.76910 3.76910 3.76910 3.74790 3.72094 3.51833 3.26077 3.31851 3.51901
3.68936 3.77276 3.79024 3.91499 3.60960 3.36405 3.50722 3.65048 3.71940 3.71940 3.71940 3.71940 3.54404 3.38431 3.38431 3.38431 2.64577 2.26424 2.26424 2.26424 2.26424 2.26424 2.26424 2.26424 2.26424 2.26424 2.35987 2.40211 2.40492 2.44230 2.49005 2.52117 2.33358 2.33365 2.33365 2.33365 2.33365 2.33365 2.33365 2.33545 2.63755 2.67370 2.67370 2.67370 2.67370 2.68661 2.71348 3.29884 3.51050 3.68525 3.78457 3.76910 3.76910 3.76910 3.76910 3.76910 3.76910 3.76173 3.63294 3.46095 3.28915 3.13837 3.09162 3.05447 3.05447 3.16083 3.51901
3.91472 4.41273 4.53842 4.55684 4.28873 3.71940 3.71940 3.71940 3.71940 3.71940 3.71940 3.71940 3.66912 3.38566 3.38431 3.38431 2.95398 2.26424 2.26424 2.26424 2.26424 2.26424 2.26424 2.26424 2.26427 2.28995 2.40442 2.52329 2.56823 2.57855 2.57855 2.57855 2.38660 2.33365 2.33365 2.33365 2.33365 2.33365 2.33365 2.34188 2.56569 2.73502 2.76183 2.78865 2.81554 2.82946 2.82946 3.07823 3.42501 3.56342 3.76910 3.76910 3.76910 3.76845 3.66778 3.49592 3.32419 3.15951 3.11664 3.11664 3.11664 3.11664 3.10603 3.05447 3.05447 3.05827 3.47558
3.93889 4.52693 4.55684 4.55684 4.46933 3.71940 3.71940 3.71940 3.71940 3.71940 3.71940 3.71940 3.71940 3.43842 3.38431 3.38431 3.26032 2.26581 2.26424 2.26424 2.26424 2.27714 2.32320 2.37093 2.41862 2.44068 2.47851 2.57855 2.57855 2.57855 2.57855 2.57855 2.45331 2.33825 2.36280 2.38963 2.41652 2.44334 2.47015 2.48879 2.57858 2.82946 2.82946 2.82946 2.82946 2.82946 2.82946 2.91799 3.42501 3.49213 3.70157 3.53096 3.35903 3.18789 3.11664 3.11484 3.10318 3.08964 3.07650 3.06315 3.04976 3.03662 3.02170 2.90283 2.87456 2.85431 3.11354
3.92382 4.36703 4.55684 4.55684 4.55684 3.81216 3.71940 3.71940 3.71940 3.71940 3.71940 3.71940 3.71940 3.53399 3.38431 3.38431 3.38431 2.45439 2.30872 2.35643 2.40417 2.43900 2.44068 2.44068 2.44068 2.44068 2.45012 2.57644 2.53761 2.48234 2.42711 2.37093 2.34671 2.47456 2.47080 2.46462 2.45846 2.45234 2.44618 2.44000 2.43959 2.74312 2.76158 2.75550 2.74934 2.74316 2.69697 2.52796 2.87322 2.77280 2.81230 2.80175 2.78828 2.77515 2.76176 2.75021 2.74873 2.74873 2.74873 2.74873 2.74873 2.74873 2.74873 2.59799 2.50260 2.50260 2.63559
3.92382 4.19214 4.55684 4.55684 4.55684 3.99257 3.71940 3.71940 3.71940 3.71940 3.72011 3.73639 3.75862 3.71548 3.47026 3.53258 3.59509 3.02676 2.55568 2.57047 2.58529 2.60012 2.59386 2.55383 2.51336 2.47292 2.43242 2.20437 2.14341 2.13726 2.13108 2.12581 2.12967 2.33613 2.34735 2.34735 2.34735 2.34735 2.34735 2.34735 2.34735 2.56001 2.66776 2.51919 2.34727 2.17554 2.04355 2.03493 2.39857 2.63048 2.72275 2.74873 2.74873 2.74873 2.74873 2.74873 2.74873 2.74873 2.74873 2.74873 2.74873 2.74873 2.74873 2.66476 2.50260 2.50260 2.51496
3.97625 4.07605 4.62226 4.62872 4.63524 4.36610 4.07354 4.09578 4.11801 4.14025 4.16172 4.16768 4.16768 4.16768 3.90237 3.85961 3.84291 3.41712 2.62869 2.57340 2.51811 2.46287 2.42863 2.42819 2.42819 2.42819 2.42819 2.23306 2.12514 2.12514 2.12514 2.12514 2.12514 2.28061 2.34735 2.34735 2.34735 2.34735 2.34835 2.38150 2.42991 2.39592 2.05823 2.03493 2.03493 2.03493 2.03493 2.03493 2.23831 2.63048 2.69831 2.74873 2.74873 2.74873 2.74873 2.74873 2.74873 2.74873 2.74873 2.74873 2.76208 2.79784 2.83393 2.83014 2.50260 2.50260 2.50260
4.03841 4.03854 4.58971 4.67143 4.67143 4.54805 4.16768 4.16768 4.16768 4.16768 4.16768 4.06676 3.83838 3.60937 3.35389 3.18231 3.04641 3.00130 2.44563 2.42819 2.42819 2.42819 2.42819 2.42819 2.42819 2.42819 2.42819 2.29717 2.12514 2.12514 2.12514 2.12514 2.12514 2.22043 2.34735 2.36726 2.41552 2.46396 2.51141 2.52675 2.52675 2.50988 2.05751 2.03493 2.03493 2.03493 2.03493 2.03493 2.08228 2.62625 2.67387 2.74873 2.74873 2.74873 2.76208 2.79784 2.83393 2.87004 2.90615 2.94224 2.96500 2.96535 2.96535 2.96452 2.58498 2.58209 2.64493
4.03841 4.03841 4.41484 4.67143 4.67143 4.63011 3.96591 3.73045 3.50157 3.27268 3.04393 2.91596 2.91559 2.91559 2.93963 3.02488 3.02488 3.02488 2.58536 2.42819 2.42819 2.42819 2.42819 2.42819 2.42819 2.42819 2.42819 2.36125 2.12514 2.12514 2.12514 2.13409 2.17890 2.26257 2.49801 2.52655 2.52675 2.52675 2.52675 2.52675 2.52675 2.52675 2.19747 2.03493 2.03493 2.03493 2.03493 2.03493 2.02487 2.54254 2.73459 2.87004 2.90615 2.94224 2.96500 2.96535 2.96535 2.96535 2.96535 2.96535 2.97197 3.00987 3.05177 3.09366 2.91583 2.74136 2.74136
4.04336 4.05849 4.11027 3.89764 3.66875 3.45903 3.00741 2.91559 2.91559 2.91559 2.91559 2.91559 2.91559 2.91559 2.91559 3.01214 3.02488 3.02488 2.74854 2.42819 2.42819 2.42819 2.42819 2.42819 2.42819 2.42819 2.42819 2.42106 2.17115 2.21295 2.26141 2.30086 2.30454 2.30476 2.50160 2.52675 2.52675 2.52675 2.52675 2.52675 2.52675 2.52675 2.34847 2.00146 1.97161 1.94177 1.91188 1.88205 1.86224 2.38813 2.84801 2.95889 2.96535 2.96535 2.96535 2.96535 2.96804 3.00141 3.04330 3.08519 3.12050 3.12453 3.12453 3.12453 3.01605 2.74136 2.74136
4.11989 4.12019 4.07956 3.43148 3.41934 3.41934 3.11527 2.91559 2.91559 2.91559 2.91559 2.91559 2.91559 2.91559 2.91559 2.98236 3.02488 3.02488 2.91184 2.42819 2.42819 2.42819 2.42819 2.42819 2.45316 2.50160 2.55006 2.59616 2.36572 2.30454 2.30454 2.30454 2.30454 2.30454 2.44168 2.52675 2.52413 2.49932 2.46945 2.43959 2.40974 2.37989 2.32753 1.87426 1.86177 1.86177 1.86177 1.86177 1.86177 2.12312 2.84710 2.93537 2.96586 2.99287 3.03485 3.07673 3.11593 3.12453 3.12453 3.12453 3.12453 3.12453 3.12453 3.12453 3.10355 2.76958 2.78576
4.12019 4.12019 4.12019 3.58550 3.41934 3.41934 3.22287 2.91559 2.91559 2.91559 2.91559 2.91559 2.91559 2.91559 2.91559 2.94376 3.02488 3.02488 3.02190 2.48136 2.44068 2.48719 2.53565 2.58411 2.60759 2.60759 2.60759 2.60759 2.42985 2.30454 2.30515 2.36056 2.45128 2.54210 2.56465 2.38584 2.35862 2.35358 2.35363 2.35425 2.35501 2.35577 2.35654 2.00664 1.86625 1.86702 1.86778 1.86854 1.86930 1.92051 2.88207 3.10503 3.29277 3.31905 3.33030 3.34148 3.35295 3.36410 3.37538 3.38675 3.39790 3.40931 3.42055 3.43174 3.43607 3.25938 3.20868
4.12019 4.12019 4.12019 3.78028 3.41934 3.41934 3.33073 2.91559 2.91559 2.91559 2.91559 2.91559 2.91559 2.91559 2.91559 2.91575 3.01894 3.06324 3.09116 2.73550 2.53706 2.51806 2.49715 2.47623 2.45531 2.46058 2.52793 2.59778 2.63764 2.70234 2.79326 2.82944 2.83021 2.83097 2.79410 2.37228 2.36976 2.37052 2.37123 2.37138 2.37138 2.37138 2.37138 2.17746 1.87957 1.89145 1.93205 1.97401 2.01592 2.03870 2.75506 3.16118 3.43607 3.43607 3.43607 3.43607 3.43607 3.43607 3.43607 3.43607 3.43607 3.43607 3.43607 3.43607 3.43607 3.32872 3.20868
4.08359 4.06619 4.04874 3.88622 3.31318 3.29573 3.27278 2.63289 2.56230 2.53092 2.49942 2.46786 2.43648 2.40511 2.37373 2.34236 2.62203 2.78648 2.78594 2.57213 2.27182 2.36254 2.45337 2.54414 2.63491 2.69924 2.70180 2.70180 2.72374 2.83489 2.83489 2.83489 2.83489 2.83489 2.83489 2.46306 2.37138 2.37138 2.37138 2.37138 2.37138 2.36645 2.33027 2.25380 2.00944 2.03747 2.03875 2.03875 2.03875 2.03875 2.49013 3.07581 3.43607 3.43607 3.43607 3.43607 3.43607 3.43607 3.43607 3.43607 3.43607 3.43607 3.43607 3.48040 3.66257 3.72518 3.20868
3.81339 3.81339 3.81339 3.80750 3.16790 3.11253 3.11253 2.49583 2.28808 2.28808 2.28808 2.28808 2.28808 2.28808 2.28334 2.27077 2.40788 2.75747 2.74900 2.73749 2.70190 2.70180 2.70180 2.70180 2.70180 2.70180 2.70180 2.70180 2.70291 2.82762 2.83489 2.83489 2.83489 2.83489 2.83489 2.58942 2.37138 2.37066 2.34281 2.30116 2.25954 2.22276 2.21729 2.21729 2.08198 2.03875 2.03875 2.03875 2.03875 2.03875 2.22488 3.02453 3.40201 3.43607 3.43607 3.43607 3.43607 3.47913 3.66061 3.85245 4.04452 4.23636 4.42992 4.57777 4.58756 4.53444 3.24171
3.81339 3.81339 3.81339 3.81339 3.35664 3.11253 3.11253 2.67213 2.28741 2.27762 2.26493 2.25222 2.23953 2.22684 2.21887 2.21876 2.22266 2.70007 2.73973 2.73973 2.70856 2.70180 2.70180 2.70180 2.70180 2.70180 2.70180 2.70180 2.70180 2.80057 2.83489 2.83489 2.83489 2.83489 2.81862 2.65778 2.27205 2.23112 2.21729 2.21729 2.21729 2.21729 2.21729 2.21729 2.13866 2.03875 2.03875 2.03875 2.03875 2.03875 2.04417 2.98163 3.53966 3.85061 4.04290 4.23636 4.42820 4.57720 4.58756 4.58756 4.58756 4.58756 4.58756 4.59790 4.62912 4.66097 3.76986
3.81339 3.81339 3.81339 3.78561 3.46424 3.08353 3.07085 2.79432 2.22166 2.21876 2.21876 2.21876 2.21876 2.21876 2.21876 2.21876 2.21876 2.56630 2.73973 2.73973 2.71894 2.70180 2.70180 2.70180 2.70180 2.70180 2.70180 2.70180 2.70180 2.77240 2.82784 2.78980 2.74814 2.70645 2.68107 2.66828 2.23666 2.21729 2.21729 2.21729 2.21729 2.21729 2.21729 2.21729 2.19499 2.04036 2.04965 2.06082 2.07199 2.08319 2.09432 3.45165 4.38320 4.58756 4.58756 4.58756 4.58756 4.58756 4.58756 4.59354 4.62298 4.65482 4.68667 4.70815 4.70876 4.70876 4.17129
3.55608 3.45459 3.35320 3.27949 3.25262 3.04388 3.04322 2.95607 2.21876 2.21876 2.21876 2.21876 2.21876 2.21876 2.21876 2.21876 2.21876 2.39180 2.73973 2.73973 2.72932 2.70180 2.70180 2.70180 2.70180 2.70180 2.70017 2.66927 2.62762 2.62837 2.68443 2.68079 2.68079 2.68079 2.68079 2.68079 2.35022 2.21729 2.21729 2.21776 2.22611 2.23728 2.24844 2.25961 2.27078 2.13684 2.10366 2.10366 2.10366 2.10366 2.10366 2.89892 4.29785 4.58756 4.58756 4.59036 4.61682 4.64866 4.68051 4.70637 4.70876 4.70876 4.70876 4.70876 4.70876 4.70876 4.47783
3.27610 3.27610 3.27610 3.27610 3.27610 3.08438 3.04322 3.04322 2.30808 2.21876 2.21876 2.21876 2.21876 2.21876 2.21876 2.21876 2.21876 2.22793 2.70905 2.73973 2.73841 2.70308 2.70180 2.68185 2.64018 2.59851 2.55849 2.54770 2.54770 2.56199 2.68079 2.68079 2.68079 2.68079 2.67851 2.67416 2.48203 2.25753 2.26870 2.27939 2.28220 2.28220 2.28220 2.28220 2.28220 2.19572 2.11931 2.14003 2.16055 2.18099 2.20161 2.46514 4.37062 4.63748 4.66873 4.69721 4.70203 4.70147 4.70091 4.70036 4.69980 4.69924 4.69869 4.69813 4.69758 4.69702 4.67680
3.27610 3.27610 3.27610 3.27610 3.27610 3.14844 3.04322 3.04322 2.48440 2.21876 2.21876 2.21876 2.21876 2.21876 2.21876 2.21876 2.21876 2.21876 2.58072 2.73017 2.69066 2.62145 2.56940 2.54923 2.56252 2.57812 2.59373 2.60933 2.62411 2.63561 2.81327 2.85293 2.86907 2.88530 2.90391 2.92439 2.88127 2.59151 2.61199 2.63247 2.65315 2.67372 2.69416 2.71468 2.73545 2.72462 2.58218 2.58219 2.59913 2.63097 2.66282 2.69385 4.46139 4.70317 4.69341 4.69341 4.69341 4.69341 4.69341 4.69341 4.69341 4.69341 4.69341 4.69341 4.69341 4.69341 4.69341
3.27610 3.27610 3.27610 3.27610 3.27258 3.19556 3.00071 2.98051 2.63469 2.35706 2.38051 2.40410 2.42750 2.45090 2.47430 2.49793 2.52133 2.54473 2.67232 2.83641 2.84990 2.84831 2.84297 2.85376 2.85185 2.84750 2.84316 2.83881 2.83543 2.83519 3.04064 3.13479 3.13479 3.13479 3.13479 3.13479 3.13397 2.79928 2.76072 2.76072 2.76072 2.76072 2.76072 2.76072 2.74470 2.68751 2.64365 2.68849 2.70338 2.70338 2.70338 2.70338 3.90674 4.72015 4.69341 4.69341 4.69341 4.69341 4.69341 4.69341 4.69341 4.69341 4.69341 4.69341 4.69341 4.69341 4.67490
3.03315 3.00304 2.96958 2.93258 2.90559 2.88932 2.45560 2.43916 2.53798 2.68678 2.68678 2.68678 2.68678 2.68678 2.68678 2.68678 2.68678 2.69424 2.72778 2.96384 3.01336 3.01183 2.83623 2.83519 2.83519 2.83519 2.83519 2.83519 2.83519 2.83519 2.97775 3.13479 3.13479 3.13479 3.13479 3.13479 3.13479 2.89981 2.76072 2.76072 2.75452 2.70589 2.63867 2.55490 2.48394 2.48140 2.62217 2.70338 2.70338 2.70338 2.70338 2.70338 3.35196 4.73710 4.69341 4.69341 4.69341 4.69341 4.69341 4.69341 4.67561 4.53907 4.36386 4.16506 3.93815 3.67401 3.40840
2.90492 2.90492 2.90492 2.90492 2.90492 2.90492 2.56804 2.43916 2.46143 2.68527 2.68678 2.68751 2.70521 2.73422 2.77042 2.81671 2.87797 2.93262 2.93440 3.08437 3.12688 3.12539 2.85475 2.83519 2.83519 2.83519 2.83519 2.83519 2.83519 2.83519 2.91486 3.13479 3.13479 3.13479 3.13479 3.13479 3.13447 2.97974 2.65988 2.58155 2.49565 2.48140 2.48140 2.48140 2.48140 2.48140 2.54707 2.70338 2.70338 2.70338 2.70338 2.70338 2.82769 4.72405 4.67705 4.54164 4.36565 4.16722 3.94063 3.67908 3.41132 3.36745 3.36745 3.36745 3.36745 3.36755 3.38569
