High_resolution/powerplant/Chizhou/OMI_NO2_200507.asc
ncols      200
nrows      200
xllcorner       115.585
yllcorner       28.7700
cellsize     0.0166667
NODATA_Value      -999.000
[rows 30 to 59 of 175, columns 0 to 65 of 200]
2.72692 2.72357 2.72333 2.72333 2.72333 2.72333 2.71714 2.58852 2.54621 2.50400 2.46198 2.43540 2.41981 2.40370 2.58591 2.58948 2.56649 2.56550 2.58932 2.56383 2.54428 2.58188 2.00596 2.17986 0.340065 0.340065 0.340065 0.340065 0.340065 0.392561 1.16827 1.92658 2.49584 2.93155 3.05116 3.05116 3.05116 3.05116 3.05116 1.90157 1.67804 1.67804 1.67804 1.70879 1.88137 1.90735 1.89366 1.36729 1.33783 1.33783 1.33783 1.33783 1.33783 1.28384 1.32643 1.93720 2.37073 2.37073 2.37073 2.37073 2.37073 2.37073 0.00000 0.00000 0.00000 0.00000
2.67837 2.65002 2.61684 2.57423 2.52513 2.47584 2.44345 2.36952 2.35405 2.33957 2.32606 2.31342 2.30157 2.29075 2.39818 2.49222 2.49222 2.49689 2.54239 2.54239 2.54239 2.55669 2.32834 2.17986 0.340065 0.340065 0.00000 0.00000 3.05116 3.05116 3.05116 3.05116 3.05116 3.05116 3.05116 3.05116 3.05116 3.05116 3.05116 2.17058 1.67804 1.67804 1.67804 1.67846 1.88911 1.90894 1.90894 1.55734 1.33783 1.33783 1.33783 1.33783 1.33783 1.33783 1.33783 1.67020 2.37073 2.37073 2.37073 2.37073 2.37073 2.37073 2.37073 0.00000 0.00000 0.00000
2.45510 2.44530 2.44346 2.45110 2.46544 2.47975 2.49022 2.30370 2.28770 2.28770 2.28770 2.28770 2.28770 2.28978 2.34352 2.49904 2.50184 2.50455 2.54980 2.55806 2.56021 2.56230 2.54070 2.40844 0.00000 0.00000 0.00000 0.00000 3.05116 3.05116 3.05116 3.05116 3.05116 3.05116 3.05116 3.05116 3.05116 3.05116 3.05116 2.55134 1.67804 1.67804 1.67804 1.67804 1.83364 1.90894 1.90894 1.72935 1.33783 1.33783 1.33783 1.33783 1.33783 1.33783 1.33783 1.47821 2.37073 2.37073 2.37073 2.37073 2.37073 2.37073 2.37073 0.00000 0.00000 0.00000
2.49938 2.50261 2.50261 2.50261 2.50261 2.50261 2.50261 2.35450 2.28770 2.28770 2.28770 2.28770 2.28770 2.33540 2.35508 2.51025 2.52342 2.52342 2.55306 2.56979 2.56979 2.56979 2.62259 2.40168 0.00000 0.00000 0.00000 0.00000 0.00000 3.05116 3.05116 3.05116 3.05116 3.05116 3.05116 3.05116 3.05116 3.05116 3.05116 2.99996 1.71073 1.67804 1.67804 1.67804 1.76335 1.90894 1.90894 1.86464 1.34014 1.33783 1.33783 1.33783 1.33783 1.33783 1.33783 1.35186 2.30068 2.37073 2.37073 2.37073 2.37073 2.37073 2.37073 0.00000 0.00000 0.00000
2.53678 2.50261 2.50261 2.50261 2.50261 2.50261 2.50261 2.41007 2.28770 2.28770 2.28770 2.28770 2.28770 2.32072 2.35298 2.46075 2.52342 2.52342 2.54282 2.56979 2.56979 2.57016 2.63129 2.58945 0.00000 0.00000 0.00000 0.00000 0.00000 3.05116 3.05116 3.05116 3.05116 3.05116 3.05116 3.05116 3.05116 3.05116 3.05116 3.05116 1.89880 1.67804 1.67804 1.67804 1.68794 1.90165 1.90508 1.83930 1.41941 1.33783 1.33783 1.33783 1.33783 1.33783 1.33798 1.37247 2.01957 2.37073 2.37073 2.37073 2.37073 2.37073 2.37073 0.00000 0.00000 0.00000
2.65117 2.50261 2.50261 2.50261 2.50261 2.50261 2.50261 2.46568 2.28770 2.28770 2.28770 2.28770 2.28770 2.30473 2.35298 2.40918 2.52342 2.52381 2.55599 2.64915 2.70734 2.77119 2.82641 3.05890 0.00000 0.00000 0.00000 0.00000 0.00000 3.05116 3.05116 3.05116 3.05116 3.05116 3.05116 3.05116 3.05116 3.05116 3.05116 3.05116 2.16678 1.67804 1.60058 1.41660 1.17903 1.39388 1.40502 1.44921 1.57423 1.70810 1.85253 2.00903 2.17840 2.36253 2.61385 2.83362 2.99717 3.24714 3.41383 3.41383 0.00000 0.00000 0.00000 0.00000 0.00000 0.00000
2.73375 2.50261 2.50261 2.50261 2.50261 2.50261 2.50261 2.50058 2.30520 2.28270 2.28045 2.27817 2.27592 2.27777 2.37397 2.43071 2.62130 2.67316 2.70155 2.82421 2.81583 2.80487 2.79394 3.01506 0.00000 0.00000 0.00000 0.00000 0.00000 0.00000 3.05116 3.05116 3.05116 3.05116 3.05116 3.05116 3.06457 3.18274 3.21117 3.24861 2.88095 2.19460 2.34770 2.59944 2.88192 2.96931 2.88446 2.89228 2.90659 2.96737 3.04741 3.15214 3.29522 3.41227 3.41383 3.41383 3.41383 3.41383 3.41383 3.41383 0.00000 0.00000 0.00000 0.00000 0.00000 0.00000
2.76093 2.49987 2.47231 2.47004 2.46779 2.46551 2.46326 2.46156 2.32090 2.25281 2.28947 2.32935 2.36661 2.40118 2.43318 2.42654 2.49868 2.52539 2.52221 2.60369 2.63542 2.71502 2.94633 2.99872 0.00000 0.00000 0.00000 0.00000 0.00000 0.00000 3.05116 3.05116 3.05116 3.05116 3.05116 3.05116 3.05305 3.40993 3.41383 3.41383 3.41383 3.41383 3.41383 3.41383 3.41383 3.33746 3.13317 3.26887 3.40535 3.41383 3.41383 3.41383 3.41383 3.41383 3.41383 3.41383 3.41383 3.41383 3.41383 3.41383 0.00000 0.00000 0.00000 0.00000 0.00000 0.00000
2.64451 2.48037 2.33832 2.31164 2.28462 2.27472 2.28757 2.30821 2.28343 2.24717 2.25035 2.25609 2.26461 2.27359 2.31843 2.35502 2.41346 2.50136 2.50142 2.55804 2.60532 2.64327 3.00843 3.00843 0.00000 0.00000 0.00000 0.00000 0.00000 0.00000 3.05116 3.05116 3.05116 0.00000 0.00000 0.00000 0.00000 3.41383 3.41383 3.41383 3.41383 3.41383 3.41383 3.41383 3.41383 3.41383 3.41383 3.41383 3.41383 3.41383 3.41383 3.41383 3.41383 3.41383 3.41383 3.41383 3.41383 3.41383 3.41383 3.41383 0.00000 0.00000 0.00000 0.00000 0.00000 0.00000
2.46435 2.40796 2.20210 2.24741 2.28623 2.30212 2.29636 2.28229 2.26926 2.29983 2.30909 2.31018 2.31018 2.31018 2.33074 2.37172 2.38533 2.50119 2.49967 2.53180 2.60115 2.59953 2.99755 3.06817 0.00000 0.00000 0.00000 0.00000 0.00000 0.00000 0.00000 0.00000 0.00000 0.00000 0.00000 0.00000 0.00000 3.41383 3.41383 3.41383 3.41383 3.41383 3.41383 3.41383 3.41383 3.41383 3.41383 3.41383 3.41383 3.41383 3.41383 3.41383 3.41383 3.41383 3.41383 3.41383 3.41383 3.41383 3.41383 3.41383 0.00000 0.00000 0.00000 0.00000 0.00000 0.00000
2.17953 2.11213 2.25366 2.24829 2.24170 2.24170 2.23882 2.22285 2.20578 2.23680 2.22394 2.20448 2.18565 2.16739 2.15928 2.32269 2.31859 2.42745 2.45693 2.47322 2.58063 2.58063 2.93315 3.17295 0.00000 0.00000 0.00000 0.00000 0.00000 0.00000 0.00000 0.00000 0.00000 0.00000 0.00000 0.00000 0.00000 3.41383 3.41383 3.41383 3.41383 3.41383 3.41383 3.41383 3.41383 3.41383 3.41383 3.41383 3.41383 3.41383 3.41383 3.41383 3.41383 3.41383 3.41383 3.41383 3.41383 3.41383 3.41383 3.41383 3.41383 0.00000 0.00000 0.00000 0.00000 0.00000
1.92430 1.94224 2.06498 2.10870 2.09466 2.08100 2.06980 2.06857 2.06857 2.08489 2.09678 2.09678 2.09678 2.09678 2.09678 2.26758 2.31018 2.37814 2.45693 2.45772 2.57159 2.58063 2.80137 3.17295 0.00000 0.00000 0.00000 0.00000 0.00000 0.00000 0.00000 0.00000 0.00000 0.00000 0.00000 0.00000 0.00000 3.41383 3.41383 3.41383 3.41383 3.41383 3.41383 3.41383 3.41383 3.41383 3.41383 3.41383 3.41383 3.41383 3.41383 3.41383 3.41383 3.41383 3.41383 3.41383 3.41383 3.41383 3.41036 3.32554 2.84761 2.21217 2.21217 2.21217 2.21217 2.21217
1.85699 1.87538 1.95969 2.06857 2.06857 2.06857 2.06857 2.06857 2.06857 2.07727 2.09678 2.09678 2.09678 2.09678 2.09678 2.21417 2.31018 2.33681 2.45693 2.45693 2.53146 2.45247 2.38990 2.53857 0.00000 0.00000 0.00000 0.00000 0.00000 0.00000 0.00000 0.00000 0.00000 0.00000 0.00000 0.00000 0.00000 0.00000 3.41383 3.41383 3.41383 3.41383 3.41383 3.41383 3.41383 3.41383 3.41383 3.41383 3.41383 3.41383 3.41383 3.41383 3.41383 3.41137 3.35488 3.27711 3.19933 3.12074 2.68408 2.58868 2.39242 2.21217 2.21217 2.21217 2.21217 2.21217
1.85699 1.86564 1.91042 2.06406 2.06857 2.06857 2.06857 2.06857 2.06857 2.07039 2.09656 2.09678 2.09678 2.09396 2.08472 2.14221 2.26726 2.19110 2.16572 2.04922 1.96498 1.98914 1.99964 2.30895 0.00000 0.00000 0.00000 0.00000 0.00000 0.00000 0.00000 0.00000 0.00000 0.00000 0.00000 0.00000 0.00000 0.00000 3.00878 2.88888 2.81045 2.73268 2.65490 2.57713 2.49853 2.42059 2.34216 2.26438 2.18612 2.10801 2.03024 1.95246 1.87436 1.79789 1.77644 1.77644 1.77644 1.77644 1.92890 1.99431 2.04296 2.21217 2.21217 2.21217 2.21217 2.21217
1.81264 1.80520 1.83866 1.95076 1.99162 1.98346 1.97533 1.96717 1.95902 1.95086 1.94787 1.94045 1.92805 1.86720 1.80190 1.76583 1.84471 1.85433 1.87846 1.90912 2.01452 2.28067 2.32261 2.56010 0.00000 0.00000 0.00000 0.00000 0.00000 0.00000 0.00000 0.00000 0.00000 0.00000 0.00000 0.00000 0.00000 0.00000 1.77644 1.77644 1.77644 1.77644 1.77644 1.77644 1.77644 1.77644 1.77644 1.77644 1.77644 1.77644 1.77644 1.77644 1.77644 1.77644 1.77644 1.77644 1.77644 1.77644 1.87479 1.99431 2.01230 2.21217 2.21217 2.21217 2.21217 2.21217
1.75682 1.77251 1.79319 1.86364 1.97317 1.98001 1.99354 2.02117 2.04809 2.02834 1.98146 1.92420 1.88058 1.88845 1.90737 1.91256 2.06709 2.08906 2.10234 2.13882 2.16353 2.50156 2.50204 2.56062 0.00000 0.00000 0.00000 0.00000 0.00000 0.00000 1.27021 1.27021 1.27021 1.27021 0.00000 0.00000 0.00000 0.00000 1.77644 1.77644 1.77644 1.77644 1.77644 1.77644 1.77644 1.77644 1.77644 1.77644 1.77644 1.77644 1.77644 1.77644 1.77644 1.77644 1.77644 1.77644 1.77644 1.77644 1.80021 1.99299 1.99485 2.18554 2.21217 2.21217 2.21217 2.21217
2.01138 2.03136 2.00665 2.00398 2.17588 2.15117 2.10742 2.05036 1.99669 1.98910 1.96450 1.91252 1.91252 1.91252 1.91252 1.91252 2.02180 2.08906 2.09082 2.13683 2.13882 2.44210 2.50204 2.53666 0.00000 0.00000 1.27021 1.27021 1.27021 1.27021 1.27021 1.27021 1.27021 1.27021 0.00000 0.00000 0.00000 0.00000 1.77644 1.77644 1.77644 1.77644 1.77644 1.77644 1.77644 1.77644 1.77644 1.77644 1.77644 1.77644 1.77644 1.77644 1.77644 1.77644 1.77644 1.77644 1.77644 1.77644 1.77644 1.96999 1.99431 2.11878 2.21217 2.21217 2.21217 2.21217
2.12655 2.09692 2.01785 1.89871 1.96350 1.99861 2.00292 2.00614 2.00628 2.00628 1.99582 1.92137 1.93489 1.94883 1.96323 1.97809 2.03561 2.08906 2.08906 2.12201 2.13882 2.35184 2.50204 2.51636 1.27021 1.27021 1.27021 1.27021 1.27021 1.38114 1.56382 1.71961 1.29079 1.27021 0.00000 0.00000 0.00000 0.00000 0.128959 1.41717 1.31318 1.17671 1.70852 1.77644 1.77644 1.77644 1.77644 1.77644 1.77644 1.77644 1.77644 1.77644 1.77644 1.77644 1.77644 1.77644 1.77644 1.77644 1.77644 1.93165 1.99431 2.06978 2.21217 2.21217 2.21217 2.21217
1.87459 1.95562 1.96003 1.87984 1.97357 2.10011 2.11778 2.13605 2.15491 2.17445 2.19443 2.10453 2.08906 2.08906 2.08906 2.08906 2.08906 2.08906 2.08906 2.10679 2.13882 2.27257 2.50204 2.50284 2.18849 2.26853 2.34065 2.40591 2.46517 2.49091 2.49091 2.49091 1.63929 1.14161 0.134362 0.128959 0.128959 0.128959 0.128959 0.701202 0.952701 0.952701 1.40056 1.77644 1.77644 1.77644 1.77644 1.77644 1.77644 1.77644 1.77644 1.77644 1.77644 1.77644 1.77644 1.77644 1.77644 1.77644 1.77644 1.87874 1.99431 2.03306 2.20717 2.13048 2.03092 1.93957
1.93416 2.10924 2.10924 2.00531 2.01326 2.20047 2.20158 2.20158 2.20158 2.20158 2.20158 2.13266 2.08906 2.08906 2.08906 2.08906 2.08906 2.08906 2.08906 2.09357 2.13863 2.20239 2.50204 2.48475 2.49091 2.49091 2.49091 2.45531 2.27872 2.11362 1.97207 1.84930 1.24702 0.699586 0.302967 0.128959 0.128959 0.128959 0.128959 0.525221 0.952701 0.952701 1.17412 1.77644 1.77644 1.77644 1.77644 1.77644 1.77644 1.77644 1.77644 1.77644 1.77644 1.77075 1.66645 1.54794 1.45033 1.36807 1.29775 1.27543 1.63568 1.57532 1.30899 1.28603 1.55353 1.69475
1.86778 2.09743 2.10924 2.03138 1.99059 2.15536 2.20158 2.20158 2.20158 2.20158 2.20158 2.16084 2.08906 2.08906 2.08906 2.08906 2.08906 2.08906 2.08906 2.06953 1.99851 1.88756 2.02860 1.85001 2.49091 2.49091 2.22660 1.71203 1.70359 1.70359 1.70359 1.70359 1.43297 0.699586 0.499720 0.128959 0.128959 0.128959 0.128959 0.280498 0.929843 0.908661 0.949758 1.77644 1.77572 1.66028 1.48528 1.33548 1.20637 1.09325 0.993973 0.905674 0.826976 0.757133 0.711191 0.669800 0.625160 0.576767 0.524013 0.466657 1.12772 1.28603 1.28603 1.28603 1.47674 1.69913
1.86294 2.02346 2.10724 2.05413 1.98593 2.08162 2.19426 2.19293 2.19159 2.19027 2.18892 2.17518 2.07379 2.07242 2.07101 2.03405 1.90679 1.75739 1.57955 1.39673 1.39275 1.40465 1.51204 1.50452 2.49091 2.49091 2.43961 1.71816 1.70359 1.70359 1.70359 1.70359 1.61701 0.699586 0.629959 0.128959 0.164912 0.416024 0.655156 0.852263 1.01753 1.15787 1.27854 2.49858 1.63103 0.415051 0.415051 0.415051 0.415051 0.415051 0.415051 0.415051 0.415051 0.415051 0.415051 0.415051 0.415051 0.415051 0.415051 0.415051 0.912825 1.28603 1.28603 1.28603 1.30798 1.68684
1.75359 1.89521 2.08504 2.04974 1.95328 1.97507 2.14879 2.14130 2.13362 2.12608 2.11477 2.05972 1.76844 1.55379 1.34282 1.16021 1.11081 1.07620 1.05225 1.04255 1.03075 1.01353 1.03368 1.05620 2.49091 2.49091 2.49091 1.85723 1.70359 1.75606 1.80442 1.84257 1.87805 1.32746 1.34870 1.43635 1.49716 1.50878 1.50878 1.50878 1.50878 1.50878 1.50878 2.07551 2.26532 0.415051 0.415051 0.415051 0.415051 0.415051 0.415051 0.415051 0.415051 0.415051 0.415051 0.415051 0.415051 0.415051 0.415051 0.415051 0.699597 1.28603 1.28603 1.28603 1.28603 1.60808
1.49944 1.53084 1.79277 1.78433 1.81780 1.81514 1.98120 1.96458 1.80678 1.60494 1.38616 1.25501 1.13718 1.02878 1.02878 1.02878 1.02878 1.02878 1.02878 1.02878 1.02872 1.01548 1.02507 1.05620 2.49091 2.49091 2.49091 2.05755 1.70359 1.93420 2.06160 2.11424 2.16688 1.92465 1.74857 1.62465 1.50878 1.50878 1.50878 1.50878 1.50878 1.50878 1.50878 1.75390 2.80820 0.489257 0.415051 0.415051 0.415051 0.415051 0.415051 0.415051 0.415051 0.415051 0.415051 0.415051 0.415051 0.415051 0.415051 0.415051 0.489178 1.28324 1.28603 1.28603 1.28603 1.48072
1.35634 1.38140 1.66688 1.64552 1.59363 1.52881 1.47255 1.35471 1.37836 1.41184 1.44010 1.44516 1.34298 1.02878 1.02878 1.02878 1.02878 1.02878 1.02878 1.02878 1.02878 1.02061 1.01776 1.05620 2.49349 2.56697 2.67225 2.57470 1.96486 2.12688 2.23933 2.23933 2.23933 2.05917 1.74857 1.69211 1.50878 1.50878 1.50878 1.50878 1.50878 1.53631 1.70961 1.94640 2.87310 1.02415 0.415051 0.415051 0.415051 0.415051 0.415051 0.415051 0.415051 0.415051 0.415051 0.415051 0.415051 0.415051 0.415051 0.415051 0.415051 1.14420 1.28603 1.28603 1.28603 1.31118
1.75360 1.80302 1.67555 1.49005 1.52039 1.53704 1.52352 1.44516 1.44516 1.44516 1.44516 1.44516 1.42174 1.06506 1.02878 1.02878 1.02878 1.02878 1.02878 1.02878 1.02878 1.02498 1.01360 1.05149 2.84145 2.83326 2.78434 2.72786 1.69651 1.63246 1.89583 1.84454 1.79026 1.75008 1.74857 1.74112 1.61778 1.80362 1.99815 2.19269 2.38744 2.55455 2.57589 2.57589 2.75915 1.63945 0.415051 0.415051 0.415051 0.415051 0.415051 0.415051 0.415051 0.415051 0.415051 0.415051 0.415051 0.415051 0.415051 0.415051 0.415051 0.930807 1.28603 1.28603 1.28603 1.28603
1.74905 1.74905 1.74178 1.49991 1.51248 1.53704 1.53700 1.46100 1.44516 1.44516 1.44516 1.44516 1.44516 1.15486 1.02878 1.02878 1.02878 1.02878 1.02878 1.02878 1.02878 1.02830 1.01421 1.04002 2.22816 2.22816 2.22816 2.22816 1.44236 1.18240 1.73285 1.87791 2.00760 2.13728 2.26726 2.39688 2.53265 2.57589 2.57589 2.57589 2.57589 2.57589 2.57589 2.57589 2.66845 2.25784 0.415051 0.415051 0.415051 0.415051 0.415051 0.415051 0.415051 0.415051 0.415051 0.415051 0.415051 0.415959 0.423015 0.431216 0.439410 0.690457 1.08555 1.04728 1.05363 1.21975
1.74905 1.74905 1.78033 1.54166 1.50433 1.53704 1.53704 1.49276 1.44516 1.44516 1.44516 1.44516 1.44516 1.25705 1.02878 1.02878 1.02878 1.02878 1.02878 1.02878 1.02878 1.02878 1.01895 1.03039 2.22816 2.22816 2.22816 2.22816 2.03006 2.05039 2.38893 2.45998 2.45998 2.45998 2.45998 2.45998 2.49736 2.57589 2.57589 2.57589 2.57589 2.57589 2.57589 2.57589 2.60574 2.80225 0.483321 0.415051 0.415332 0.421285 0.429494 0.437688 0.445882 0.454090 0.462285 0.470486 0.478687 0.485973 0.487119 0.487119 0.501509 0.797076 1.30041 1.43557 1.50157 1.50676
1.74905 1.74905 1.76891 1.63332 1.49992 1.53329 1.53704 1.52147 1.44914 1.45171 1.45428 1.45686 1.45942 1.37283 1.05037 1.05077 1.05332 1.05589 1.05787 1.05971 1.06174 1.06440 1.08133 1.10944 2.22816 2.22816 2.22816 2.22816 2.22991 2.24548 2.35741 2.45998 2.45998 2.45998 2.45998 2.45998 2.46954 2.57558 2.57589 2.57589 2.57019 2.55019 2.52688 2.50016 2.46946 2.74602 0.607849 0.476958 0.484878 0.487119 0.487119 0.487119 0.487119 0.487119 0.487119 0.487119 0.487119 0.661886 0.937617 1.12396 1.25424 1.30207 1.59907 1.71915 1.73793 1.80126
1.74749 1.74733 1.75991 1.75528 1.53217 1.55945 1.57340 1.57399 1.50286 1.49946 1.50939 1.51949 1.52941 1.52090 1.21279 1.19904 1.24880 1.31151 1.37452 1.43597 1.50396 1.57912 1.62020 1.65897 2.22816 2.22816 2.22816 2.22816 2.22816 2.24314 2.29604 2.45971 2.44809 2.42938 2.40902 2.38674 2.36187 2.38970 2.36962 2.31282 2.26499 2.26318 2.26318 2.26318 2.26318 2.26318 0.487119 0.487119 0.487119 0.487119 0.487119 0.487119 0.487119 0.572595 0.865085 1.07369 1.22118 1.28482 1.28494 1.28494 1.28494 1.77680 1.97884 2.03309 1.90838 1.90418
