High_resolution/powerplant/Chizhou/OMI_NO2_200704.asc
ncols      200
nrows      200
xllcorner       115.585
yllcorner       28.7700
cellsize     0.0166667
NODATA_Value      -999.000
[rows 29 to 57 of 164, columns 0 to 65 of 200]
3.04425 3.06904 3.09378 3.11735 3.12991 3.16643 3.28194 3.28194 3.28194 3.28194 3.27717 3.18098 3.45370 3.50701 3.62807 3.62730 3.59253 3.52792 3.46129 3.39470 3.33312 3.28699 3.27674 3.28046 3.30561 3.30563 3.25401 3.03255 3.08627 3.08590 2.92291 2.92185 2.92185 2.92137 2.91062 2.89654 2.90465 3.05118 3.03995 2.99756 2.99499 3.01831 3.10007 3.13689 3.20084 3.48385 3.55700 3.63545 3.66932 3.70256 3.71344 3.71344 3.71344 3.70240 3.67934 3.65626 3.62991 3.34285 3.32270 3.34619 3.36165 3.35333 2.91650 2.85707 2.77321 2.77045
3.14319 3.14319 3.14319 3.14319 3.14319 3.14320 3.26572 3.28194 3.28194 3.28194 3.27217 3.08516 3.30670 3.27212 3.37643 3.31055 3.27872 3.27674 3.27674 3.27674 3.27674 3.27674 3.27674 3.27582 3.28386 3.26780 3.24521 2.97870 2.96828 2.96495 2.90267 2.88750 2.87334 2.85978 2.85639 2.85639 2.85639 3.00870 3.06942 3.07678 3.09383 3.14027 3.24137 3.29018 3.32408 3.59281 3.63080 3.66383 3.64080 3.61774 3.59467 3.57159 3.54855 3.53657 3.53657 3.55359 3.59045 3.46958 3.27074 3.20930 3.17177 3.13743 2.88606 2.81995 2.75004 2.75760
3.14319 3.14319 3.14319 3.14319 3.13838 3.11416 3.17942 3.21668 3.19567 3.17611 3.16853 3.01386 3.06438 3.09727 3.25669 3.25324 3.23226 3.21118 3.19018 3.16908 3.14804 3.12701 3.10595 3.08444 3.07514 3.08279 3.06773 2.88042 2.78637 2.82806 2.84461 2.85639 2.85639 2.85639 2.85639 2.85639 2.85639 3.02750 3.16816 3.12152 3.19829 3.22237 3.27653 3.23883 3.21443 3.36360 3.45206 3.49395 3.48725 3.50082 3.53555 3.57032 3.60512 3.63984 3.67471 3.69237 3.69036 3.61662 3.20168 3.05716 3.05777 3.05777 2.92274 2.74704 2.65959 2.58174
3.09733 3.07106 3.04477 3.01849 2.99703 2.99953 3.06868 3.18807 3.19874 3.20792 3.21632 3.18017 3.03577 3.19082 3.09963 3.08063 3.08063 3.08063 3.08049 3.05511 3.01162 2.96815 2.92472 2.88260 2.90820 3.03465 3.03465 2.93858 2.76676 2.82775 2.83581 2.84244 2.82858 2.81475 2.78968 2.72038 2.64359 2.63647 2.90415 2.90489 3.15334 3.16959 3.19259 3.20855 3.24762 3.35650 3.50702 3.59700 3.66913 3.69036 3.69036 3.69036 3.69036 3.69036 3.69036 3.69036 3.69036 3.68507 3.33817 2.95012 2.82978 2.76532 2.65526 2.48375 2.50085 2.53777
3.04215 3.05535 3.07610 3.09675 3.11504 3.12925 3.13376 3.24247 3.24881 3.24881 3.24881 3.24881 3.02274 3.22218 3.10038 3.01881 2.97540 2.93187 2.88857 2.87043 2.87043 2.87043 2.87043 2.86450 2.84410 2.97058 2.96347 2.92307 2.69916 2.71769 2.70337 2.67498 2.61191 2.54886 2.49696 2.48941 2.48726 2.45159 2.76623 2.78721 2.93928 3.02641 3.01479 3.27337 3.46319 3.48572 3.62647 3.65188 3.69036 3.69036 3.69036 3.69041 3.69663 3.70698 3.71731 3.72765 3.73798 3.74353 3.55705 2.94065 2.71358 2.70436 2.68344 2.45661 2.47430 2.68216
3.12425 3.12991 3.13118 3.13118 3.13118 3.13118 3.13118 3.21272 3.24881 3.23637 3.19420 3.15075 2.91374 3.02338 2.94903 2.87043 2.86324 2.84400 2.82469 2.80537 2.78607 2.76674 2.74741 2.73404 2.73691 2.84450 2.90464 2.86582 2.63947 2.53055 2.46913 2.44582 2.40040 2.34725 2.29118 2.23107 2.17036 2.15358 2.44965 2.66374 2.75640 2.98743 2.99376 3.15023 3.46319 3.46329 3.60973 3.64416 3.70845 3.71880 3.72913 3.73941 3.74354 3.74232 3.70796 3.65606 3.59927 3.53210 3.48966 3.12831 2.70368 2.71150 2.72015 2.54533 2.51196 2.70117
3.13118 3.13118 3.13118 3.13118 3.12949 3.11783 3.10544 3.10524 3.08262 3.07272 3.11504 3.15933 3.10262 2.91503 2.89032 2.75773 2.74142 2.74135 2.74135 2.74135 2.74135 2.74135 2.74135 2.71443 2.65619 2.66236 2.72819 2.72258 2.51553 2.20605 2.13524 2.14003 2.15358 2.15358 2.15358 2.15358 2.15358 2.15358 2.28382 2.66374 2.67093 2.96176 2.92636 3.03307 3.47120 3.50346 3.62029 3.68697 3.75068 3.75272 3.71469 3.67026 3.62185 3.56410 3.54406 3.54275 3.54270 3.54895 3.54991 3.35575 2.82693 2.76699 2.76699 2.63902 2.53390 2.64964
3.14541 3.14344 3.14934 3.18038 3.21297 3.25537 3.29970 3.33941 3.33935 3.36183 3.36253 3.36253 3.35130 2.93572 2.88310 2.76435 2.74135 2.74135 2.74136 2.73315 2.69074 2.64633 2.60192 2.58439 2.59825 2.61202 2.76329 2.76680 2.63909 2.13282 2.11961 2.13167 2.15358 2.15358 2.15358 2.15358 2.14903 2.08906 2.02987 2.46022 2.45286 2.60762 2.73351 3.01565 3.53701 3.63460 3.66981 3.73073 3.65240 3.58533 3.57086 3.56091 3.55173 3.54991 3.54991 3.54991 3.54957 3.54570 3.54089 3.44234 2.89270 2.70899 2.69735 2.61322 2.44464 2.50983
3.33777 3.37167 3.39830 3.40037 3.40037 3.40037 3.40037 3.40037 3.37201 3.36253 3.36253 3.36253 3.36253 3.06018 2.90528 2.83062 2.72966 2.68524 2.64078 2.60459 2.60257 2.60257 2.60257 2.60257 2.60257 2.60257 2.72372 2.76962 2.79399 2.24785 2.22395 2.25785 2.20873 2.14631 2.08401 2.02088 1.96320 1.96062 1.96125 2.30748 2.49508 2.50645 2.64127 2.67165 3.19804 3.42769 3.45029 3.59827 3.57306 3.54714 3.54233 3.53752 3.53274 3.52837 3.52419 3.52010 3.51642 3.51617 3.50539 3.44321 3.02803 2.76105 2.75969 2.74357 2.67479 2.71292
3.40037 3.40037 3.40037 3.40037 3.40037 3.40037 3.40037 3.38789 3.28242 3.15984 3.05826 2.95587 2.82539 2.83144 2.85094 2.75872 2.60257 2.60257 2.61110 2.64658 2.68522 2.72532 2.76706 2.81044 2.85545 2.90240 3.03222 3.12620 3.05000 2.50185 2.10105 1.99052 1.96159 1.96125 1.96125 1.96125 1.96125 1.96125 1.96125 2.00832 1.98736 1.99288 2.30902 2.31856 2.91221 3.37467 3.37132 3.54152 3.54723 3.51518 3.49090 3.46571 3.42224 3.34342 3.25970 3.17183 3.07946 2.98214 2.89533 2.86131 2.93352 2.66297 2.64570 2.64570 2.70219 2.71662
3.41839 3.39957 3.33651 3.23499 3.13341 3.03178 2.93015 2.84111 2.80615 2.73153 2.68920 2.64768 2.63434 2.67526 2.83375 2.80935 2.90344 2.96656 3.00602 3.00860 3.00860 3.00834 2.98465 2.94602 2.90736 2.86868 2.82467 2.77205 2.77205 2.50321 1.97601 1.96434 1.96226 1.96125 1.95789 1.95115 1.94441 1.95209 1.98737 2.02406 2.06313 2.08094 2.19844 2.26737 2.66326 3.31134 3.34429 3.22003 3.12052 3.04286 2.97182 2.90076 2.85329 2.85244 2.85244 2.85244 2.85244 2.85244 2.85244 2.85244 2.91723 2.74068 2.59575 2.57571 2.59604 2.60772
3.06441 2.86709 2.82904 2.82950 2.82335 2.78528 2.74298 2.70066 2.67474 2.64278 2.63696 2.63696 2.63696 2.63696 2.82613 2.81539 2.95408 2.99124 2.95259 2.91397 2.87529 2.83692 2.82191 2.82191 2.82191 2.82191 2.82137 2.76740 2.74305 2.65422 1.91373 1.93167 1.92932 1.93621 1.97559 2.02163 2.06768 2.09931 2.10332 2.10595 2.10615 2.10615 2.16129 2.28639 2.50216 2.93896 2.93097 2.85032 2.78627 2.86297 2.85244 2.85244 2.85244 2.85244 2.85252 2.86459 2.88541 2.90626 2.92704 2.94791 2.97693 2.86197 2.53906 2.53075 2.52896 2.54550
3.00979 2.80075 2.75798 2.71520 2.67905 2.67480 2.67480 2.67480 2.67480 2.65420 2.63696 2.63696 2.62724 2.59583 2.70292 2.70982 2.77006 2.82197 2.82191 2.82083 2.79957 2.75325 2.70565 2.65809 2.61055 2.56304 2.51598 2.45312 2.39946 2.37603 1.77519 1.99524 2.09289 2.10287 2.10615 2.10615 2.10615 2.10615 2.10615 2.10615 2.10615 2.10615 2.11158 2.27662 2.34094 2.89618 2.93097 2.89414 2.75485 2.86901 2.86746 2.88828 2.90910 2.92994 2.95070 2.95945 2.95945 2.95945 2.95945 2.95222 2.92202 2.94220 2.46420 2.45351 2.47169 2.54490
2.94308 2.67480 2.67480 2.67480 2.67480 2.67480 2.67480 2.67415 2.66991 2.64273 2.53690 2.49944 2.45743 2.40274 2.42307 2.50350 2.51194 2.54876 2.48988 2.44343 2.41715 2.41597 2.41597 2.41597 2.41597 2.41664 2.44491 2.47511 2.41129 2.31801 1.96545 2.00292 2.14545 2.10962 2.10615 2.10615 2.10615 2.10615 2.10615 2.10615 2.10615 2.10615 2.10615 2.22255 2.29286 2.80031 2.97741 2.99986 2.85593 2.95795 2.95945 2.96603 2.98573 3.00642 3.02775 3.04437 3.03617 3.02459 3.01241 3.00828 3.03013 3.12366 2.67098 2.55238 2.55238 2.62210
3.02215 2.68735 2.67177 2.65302 2.62995 2.60307 2.53685 2.45256 2.37604 2.29919 2.13479 2.07176 2.02887 2.02027 2.03255 2.30856 2.32463 2.46601 2.41597 2.41597 2.41597 2.41597 2.38838 2.29949 2.20285 2.09782 1.95195 1.77492 1.63192 1.62792 1.68579 1.90966 2.14547 2.11802 2.10615 2.10615 2.10615 2.10615 2.10615 2.11245 2.20259 2.31365 2.41390 2.57061 2.78726 2.86203 2.97686 2.96121 2.81533 2.83540 3.17207 3.20057 3.16897 3.13157 3.09415 3.06292 3.05952 3.05952 3.05952 3.05952 3.05631 3.09564 2.85169 2.55447 2.55510 2.60668
2.87125 2.44797 2.28250 2.21868 2.16346 2.11029 2.09586 2.09586 2.09586 2.09586 2.04418 2.02027 2.02027 2.02027 2.02027 2.23682 2.29638 2.30999 2.12869 2.02082 1.90593 1.78137 1.69199 1.69026 1.69026 1.69026 1.69026 1.69026 1.64937 1.62792 1.65067 1.81162 2.09721 2.05883 2.06341 2.13696 2.23673 2.33654 2.43633 2.53005 2.54062 2.52934 2.52887 2.53509 2.70032 2.73216 2.89187 2.90224 2.78617 2.71121 3.00598 3.06486 3.05825 3.04985 3.04036 3.03086 3.02137 3.01188 3.00007 2.98328 2.96923 3.00487 2.99020 2.43058 2.36749 2.33725
2.73817 2.22951 2.09586 2.09586 2.09586 2.09586 2.09586 2.09586 2.09586 2.09586 2.06320 1.97695 1.92620 1.87542 1.81599 1.64083 1.35704 1.27199 1.65622 1.69026 1.69026 1.69026 1.67917 1.64334 1.60829 1.57501 1.54324 1.51306 1.46510 1.41059 1.47598 1.66587 2.06239 2.23903 2.50220 2.52887 2.52887 2.52887 2.52887 2.52887 2.52887 2.52887 2.52908 2.53535 2.63671 2.65569 2.76090 2.77292 2.72381 2.60676 2.76252 2.91752 2.89868 2.88477 2.85652 2.82508 2.79268 2.75929 2.72916 2.70734 2.68574 2.67994 2.72615 1.86013 1.78152 1.82506
2.94671 2.30505 2.09586 2.09586 2.09586 2.06519 2.00425 1.94328 1.88242 1.82152 1.76215 1.67763 1.58632 1.49860 1.42424 1.37925 1.17447 1.16923 1.34608 1.47625 1.44911 1.42313 1.40536 1.40468 1.40502 1.42223 1.44867 1.47509 1.51851 1.90018 1.94317 2.05516 2.29664 2.40846 2.57249 2.59544 2.60370 2.60950 2.60353 2.59616 2.57780 2.54982 2.52227 2.48544 2.47811 2.52189 2.59538 2.68619 2.65880 2.54111 2.46444 2.65498 2.63345 2.61479 2.61241 2.61241 2.61241 2.61241 2.61241 2.61241 2.61241 2.61271 2.69791 2.14981 1.96706 2.10195
2.91345 2.28028 1.91229 1.84279 1.78600 1.77315 1.79254 1.77616 1.67855 1.57315 1.46291 1.45790 1.47837 1.48617 1.48638 1.48596 1.24387 1.20435 1.13876 1.40468 1.41753 1.44400 1.47045 1.49688 1.52297 1.53222 1.53222 1.53222 1.53222 1.83843 1.96065 2.18646 2.31295 2.44602 2.51338 2.52521 2.48041 2.42416 2.37848 2.33439 2.30112 2.27782 2.25449 2.23576 2.23842 2.33711 2.38139 2.55190 2.55259 2.49913 2.39577 2.60583 2.61241 2.61241 2.61241 2.61241 2.61241 2.61241 2.58706 2.53909 2.49109 2.44315 2.45689 2.46977 2.48815 2.48815
2.42806 2.12970 1.91176 1.91294 1.81692 1.68141 1.54461 1.45046 1.44739 1.44739 1.44739 1.46687 1.48638 1.48638 1.48638 1.49505 1.37070 1.28472 1.16533 1.49274 1.53222 1.53222 1.53222 1.53575 1.54271 1.54875 1.55475 1.56076 1.56677 1.76033 1.97599 2.15766 2.13148 2.14097 2.18214 2.24849 2.23451 2.23413 2.23413 2.23413 2.23413 2.23413 2.23413 2.23413 2.23413 2.30612 2.34688 2.52865 2.55259 2.51623 2.42090 2.53923 2.61167 2.58000 2.53203 2.48403 2.43603 2.38806 2.36538 2.36538 2.36538 2.36538 2.41829 2.51683 2.58386 2.62439
2.14515 1.99711 1.58892 1.46696 1.44739 1.44739 1.44739 1.44739 1.44739 1.44739 1.44739 1.45638 1.54277 1.56924 1.59568 1.63054 1.60153 1.37799 1.26581 1.40639 1.55824 1.56425 1.57025 1.57273 1.57176 1.57174 1.57174 1.57174 1.56988 1.61858 1.92479 2.09635 2.11089 2.07894 2.10973 2.23413 2.23413 2.23413 2.23413 2.23413 2.23413 2.23413 2.23413 2.23413 2.23413 2.27073 2.34168 2.47426 2.52628 2.47501 2.35999 2.30080 2.38171 2.36538 2.36538 2.35985 2.33705 2.31407 2.30287 2.31757 2.33249 2.34697 2.35977 2.40647 2.40342 2.38829
0.384174 1.74119 1.45110 1.44739 1.44739 1.44739 1.46241 1.50496 1.54793 1.59982 1.66406 1.72839 1.87753 1.94156 1.99302 2.02734 2.02231 1.45728 1.35430 1.29737 1.57174 1.57174 1.57174 1.57174 1.57137 1.59001 1.69255 1.79367 1.89031 1.99743 2.39850 2.54570 2.42146 2.07007 2.08308 2.22355 2.23413 2.23413 2.23413 2.23413 2.23413 2.23413 2.22905 2.15045 2.04689 1.95267 1.96157 2.11784 2.45822 2.47799 2.42613 2.26787 2.20413 2.18670 2.17692 2.19483 2.22647 2.25902 2.28222 2.28318 2.28318 2.28318 2.28324 2.34955 2.35466 2.34775
0.276623 1.81079 1.75042 1.74051 1.80487 1.86917 1.91835 1.94021 1.96149 1.97389 1.97397 1.97397 2.01061 2.03517 2.03517 2.03517 2.03517 1.62343 1.41054 1.22470 1.68603 1.82470 1.91914 2.00787 2.09174 2.15938 2.16339 2.16339 2.16339 2.16339 2.35634 2.51980 2.55803 2.06819 2.08198 2.19012 2.25369 2.26768 2.20502 2.11346 2.01839 1.91890 1.82232 1.80713 1.81976 1.82935 1.91800 2.04901 2.62816 2.63044 2.56800 2.43832 2.22436 2.25561 2.28122 2.28318 2.29222 2.31148 2.33071 2.34995 2.36921 2.38845 2.40771 2.28674 2.20995 2.22861
0.276623 1.71694 2.10947 1.97397 1.97397 1.97397 1.97397 1.97397 1.97397 1.97397 1.97397 1.97397 1.99156 2.03442 2.01747 1.99400 1.97053 2.00765 2.23872 2.14139 2.15874 2.16340 2.16339 2.16339 2.16339 2.16339 2.16910 2.18473 2.20058 2.21638 2.32631 2.58270 2.68006 2.21321 2.03003 2.00469 1.97829 1.86025 1.82982 1.82982 1.82982 1.82982 1.82982 1.82982 1.82982 1.82982 1.87648 1.98963 2.58821 2.73669 2.72923 2.65119 2.40188 2.38231 2.40154 2.42080 2.43100 2.43170 2.44067 2.45200 2.46333 2.47464 2.48598 2.41094 2.28328 2.31512
0.276623 1.10942 2.20044 1.97397 1.97397 1.97397 1.97397 1.97397 1.96215 1.93296 1.90364 1.87430 1.84656 1.90880 1.97202 2.05458 2.13711 2.28020 2.55735 2.37116 2.22821 2.23667 2.25246 2.26829 2.28410 2.29995 2.31005 2.30997 2.29911 2.28253 2.27533 2.25936 2.27658 1.98929 1.69334 1.69663 1.76595 1.74406 1.72150 1.69822 1.67415 1.65951 1.65184 1.60808 1.54649 1.48298 1.43366 1.92051 2.42816 2.81156 2.79040 2.76993 2.59915 2.50270 2.51404 2.52534 2.53667 2.54729 2.54964 2.54964 2.54964 2.54964 2.54964 2.52080 2.32421 2.33821
0.276623 0.334617 2.23258 1.95406 1.91409 1.88476 1.85543 1.82606 1.80856 1.80841 1.86175 1.96491 2.06811 2.18127 2.20625 2.20625 2.20625 2.20550 2.52788 2.48983 2.32033 2.31093 2.31021 2.30190 2.28534 2.26876 2.25221 2.23590 2.23020 2.23020 2.23020 2.16118 2.13583 1.96492 1.40751 1.43837 1.52682 1.55253 1.57187 1.56138 1.52322 1.47082 1.36678 1.29384 1.24295 1.19694 1.19515 1.76492 2.16755 2.79844 2.80275 2.85658 2.73756 2.54964 2.54964 2.54964 2.54964 2.54964 2.54964 2.54964 2.54964 2.55937 2.57852 2.59758 2.41986 2.36042
0.276623 0.276623 1.85862 1.87098 1.80841 1.80841 1.83334 1.93171 2.03484 2.13799 2.18781 2.18781 2.18781 2.19513 2.20625 2.20625 2.20625 2.20625 2.41153 2.52113 2.28786 2.25894 2.23844 2.23020 2.23020 2.23020 2.23607 2.27234 2.31509 2.36069 2.40861 2.41442 2.39594 2.34644 1.56238 1.50298 1.50920 1.46529 1.35345 1.27431 1.22648 1.18507 1.17507 1.17507 1.17507 1.17507 1.17507 1.52747 1.95534 2.76370 2.79844 2.84684 2.82072 2.54996 2.54964 2.54987 2.56212 2.58125 2.60035 2.61948 2.63861 2.64801 2.64801 2.64801 2.50853 2.40444
0.276623 0.276623 1.55288 2.04274 2.00156 2.10476 2.18299 2.18781 2.18781 2.18781 2.18781 2.18781 2.18781 2.18925 2.18390 2.16323 2.14335 2.12348 2.21375 2.47306 2.34070 2.33099 2.36916 2.41749 2.46840 2.52209 2.57038 2.57752 2.57831 2.57831 2.57831 2.55783 2.40857 2.31425 1.55624 1.24060 1.20747 1.17887 1.17507 1.17507 1.17507 1.17507 1.17507 1.17507 1.17507 1.17507 1.17507 1.29857 1.91626 2.54417 2.79949 2.85185 2.89984 2.64183 2.62224 2.64115 2.64801 2.64801 2.64801 2.64848 2.65308 2.65133 2.64129 2.63124 2.53927 2.39477
0.916228 1.32893 2.10582 2.49844 2.18781 2.18781 2.18781 2.18781 2.18781 2.18781 2.16133 2.10956 2.06386 2.04642 1.99276 1.96834 1.95345 1.93741 2.02721 2.94276 2.74911 2.59045 2.57917 2.57831 2.57831 2.57831 2.57831 2.57489 2.52987 2.38043 2.19975 2.04124 1.84221 1.74055 1.45302 1.16904 1.17084 1.17507 1.17507 1.17507 1.17507 1.17507 1.17507 1.17507 1.17507 1.17694 1.20447 1.27293 1.90209 2.43716 2.91550 2.94170 2.97987 2.77475 2.67800 2.68356 2.68911 2.68890 2.67901 2.66850 2.65386 2.64560 2.64559 2.64559 2.62095 2.42030
