High_resolution/powerplant/Chizhou/OMI_NO2_201103.asc
ncols      200
nrows      200
xllcorner       115.585
yllcorner       28.7700
cellsize     0.0166667
NODATA_Value      -999.000
[rows 29 to 57 of 165, columns 0 to 66 of 200]
              9*              <*                  9*                  2*                  >*                8*               2*               =*                     8*                 >*               3*                  =*               :*                 ;*               3*               <*     
         8*                  <*      *      2       *        9     *        8    *       2      *       :     *      :      *        2       *     2    :*                  =*                  =*                  <*                   8*                        
         <*                    ;*                      :*             :*             8*                3*                  =*                 9*                 :*                  ;*               :*            8*                 8*                   :*                        ?*                  
        9*                   9*                 =*                 =*                 8*                 <*                   >*                :*     *        =      *        9       *    9      *       9     *       =      *        8      *        2     
=      9*                  ?*                     3*                  3*                   :*                  :*               :*                  8*                 8*                  2*                 :*                ?*            :*                3*              =*                3*        
9.53559 9.69903 9.86341 9.93922 9.93922 9.98119 11.1310 11.1847 12.3183 16.3243 16.5148 16.4521 16.3894 16.3312 16.3165 16.3006 16.2727 15.9698 15.9374 15.9264 15.9184 15.8602 15.7930 15.7260 15.6356 15.5524 15.6023 15.7511 15.7511 15.7511 15.7911 15.9192 16.0507 16.1822 16.2861 16.2942 16.2942 15.9087 15.7894 19.1277 19.4556 19.4103 19.8355 20.5132 20.4745 20.3697 20.3697 20.3697 20.3697 20.3697 20.3697 20.4778 20.7866 21.1345 21.5219 21.9636 22.2584 22.2659 22.2902 22.3019 18.4141 24.0028 24.0150 22.3790 20.1681 19.7260 19.2838
9.93922 9.93922 9.93922 9.93922 9.93922 9.93922 10.7920 11.1845 11.8394 15.0588 16.3062 16.2885 16.2709 16.2533 16.2384 16.2357 16.1776 15.8308 15.5970 15.4730 15.4301 15.6120 15.6120 15.6120 15.6062 15.5515 15.6097 15.9242 16.0682 16.1997 16.2910 16.2942 16.2942 16.2942 16.2860 16.0160 15.6228 15.3956 15.6038 17.8370 19.3746 19.3746 19.4977 20.5096 20.5098 20.3773 20.4728 20.7791 21.1272 21.5137 21.9529 22.2572 22.2656 22.2895 22.3163 22.3429 22.3696 22.3920 22.3675 22.2360 18.7292 20.9444 22.2679 21.7616 18.9936 18.8655 18.2947
9.93922 9.93922 9.93922 9.93922 9.93922 10.0173 10.5827 11.1276 11.3989 13.5835 16.2366 16.1618 16.0063 15.8629 15.7309 15.6096 15.5395 15.4472 15.2850 15.2850 15.2960 15.5999 15.6837 15.8151 15.9466 16.0301 16.0938 16.2254 16.2942 16.2942 16.2942 16.1378 15.7468 15.3533 14.9681 14.8445 14.8445 14.9051 15.5864 16.6461 19.3746 19.4744 19.8074 21.0418 21.6779 22.0025 22.2556 22.2653 22.2889 22.3156 22.3423 22.3689 22.3917 22.3945 22.3394 22.1983 22.0563 21.9140 21.7989 21.7885 19.9010 17.7489 21.4587 20.0300 16.7061 14.9129 14.2617
9.95559 10.1247 10.3313 10.5378 10.7441 10.8943 11.0665 11.3959 11.5568 12.3972 15.3788 15.5338 15.5333 15.5333 15.5333 15.5333 15.5333 15.5204 15.3616 15.4615 15.5667 15.9594 16.1551 16.1551 16.1551 16.1254 16.0943 16.0991 15.8707 15.4773 15.0840 14.8468 14.8445 14.8445 14.8445 14.8445 14.9061 15.2219 16.1154 16.7471 20.5521 21.0227 21.0278 21.5978 22.3126 22.2727 22.3683 22.3914 22.3945 22.3930 22.3032 22.1609 22.0187 21.8766 21.7895 21.7885 21.7513 21.5452 21.6835 23.1469 24.4742 20.7777 17.3996 17.0631 15.8457 14.2573 14.2573
10.8369 10.8743 10.8803 10.8930 10.9056 11.4790 11.6915 11.8089 11.8431 12.1822 14.4085 15.5333 15.5333 15.5341 15.5675 15.6178 15.6676 15.7172 15.7239 15.7195 15.7195 15.8879 16.1551 16.1416 15.8557 15.4510 15.0081 14.6936 14.8416 14.8445 14.8445 14.8771 15.1657 15.5083 15.8511 16.1938 16.4746 16.5007 16.7621 17.1600 19.5490 20.8257 20.7746 20.9893 22.0964 22.1106 22.2634 22.1234 21.9812 21.8405 21.7885 21.7885 21.7740 21.5942 21.5213 22.8262 24.2799 25.6653 26.6726 26.7627 26.7627 23.4576 18.5787 17.1207 16.7438 14.2732 14.2573
10.9123 10.9249 10.9315 10.9315 10.9315 11.2875 11.6929 11.7633 11.8431 12.0221 13.3488 15.6181 15.6681 15.7177 15.7346 15.7346 15.7346 15.7346 15.7287 15.7195 15.5787 15.3059 15.1929 14.8128 14.7053 14.7052 14.6644 14.9099 15.4040 15.7953 16.1379 16.4480 16.5020 16.4717 16.4163 16.3608 16.2806 16.1096 16.2968 16.9785 18.2434 20.7407 20.6399 20.5398 21.5018 21.5153 21.7237 21.7885 21.7862 21.6431 21.4492 22.4915 23.9767 25.3835 26.5471 26.7627 26.7627 26.7627 26.7627 26.7627 26.7627 25.0668 20.0152 17.1804 17.0471 14.8864 14.2573
10.9315 10.9315 10.9315 10.9315 10.9315 11.0427 11.7359 11.8244 12.0123 12.1032 12.6504 15.4848 15.7346 15.7346 15.7346 15.7346 15.6721 15.3788 15.0629 14.7343 14.5601 14.5597 14.7491 14.9215 15.0688 15.2163 15.8697 16.3021 16.3874 16.4261 16.3667 16.2003 15.9993 15.8414 15.7169 15.6016 15.5101 15.6426 16.8245 17.9914 18.8005 20.2787 20.3102 20.3102 20.9579 21.3932 21.3121 22.1475 23.6727 25.0919 26.3655 26.7627 26.7627 26.7627 26.7627 26.7627 26.7627 26.7627 26.7627 26.7627 26.7627 26.5157 21.4990 17.3505 17.0503 15.7911 14.1854
10.9315 10.9334 10.9911 11.0742 11.1580 11.2402 11.8504 11.9446 12.0741 12.0947 12.4797 14.5694 15.7189 15.4780 15.1633 14.8485 14.5962 14.5992 14.7099 14.8163 14.9305 15.0484 15.2615 15.4017 15.4438 15.4415 15.6121 16.1183 15.9683 15.6391 15.5318 15.4994 15.4994 15.6884 16.1014 16.5149 16.9285 17.2028 17.8905 18.6779 19.1256 19.9129 20.1046 20.3818 22.0268 24.5441 25.9356 26.7623 26.7627 26.7627 26.7627 26.7627 26.7627 26.7627 26.7627 26.7627 26.7627 26.7627 26.7627 26.7627 26.7440 26.6374 22.8835 18.1784 16.7613 16.3610 13.8900
11.1588 11.2409 11.2671 11.2671 11.2671 11.2671 11.6779 11.9446 12.0286 12.0947 12.3184 13.2733 14.6547 14.6719 14.7898 14.9077 15.0255 15.1189 15.1273 15.1517 15.2193 15.3086 15.3618 15.1479 15.0585 15.0045 15.0267 15.6977 15.7316 15.7773 16.1573 16.5709 16.9844 17.2091 17.2095 17.2095 17.2095 17.2178 17.6580 18.8770 20.2696 21.9492 23.7775 24.5537 24.6646 26.4762 26.5396 26.7373 26.7627 26.7627 26.7627 26.7627 26.7627 26.7627 26.7627 26.7447 26.6397 26.5227 26.4055 26.2890 26.1910 26.0043 23.6468 19.3308 16.5950 16.5860 14.3763
11.2671 11.2671 11.2671 11.2671 11.2671 11.2671 11.4750 11.9446 11.9952 12.3161 12.5270 13.1526 14.9310 15.1263 15.1612 15.2464 15.3383 15.4380 15.5453 15.6206 15.6152 15.6151 15.5817 15.0175 15.0144 15.3046 15.7179 16.6301 17.2691 17.3118 17.2095 17.2095 17.2095 17.2101 17.2649 17.3718 17.7905 18.7326 21.1372 23.7501 23.7022 23.7135 24.5728 24.5852 24.6928 26.0894 26.5391 26.6718 26.7627 26.7627 26.7460 26.6409 26.5244 26.4078 26.2905 26.1915 26.1800 25.8567 25.2277 24.5990 23.9702 23.5177 23.2627 20.5337 16.3248 15.7476 13.9471
11.2671 11.2671 11.2671 11.2639 11.2428 11.2188 11.2127 11.8417 11.8707 12.6627 12.6260 13.1654 14.6490 15.5663 15.6337 15.6340 15.6340 15.6340 15.6340 15.6340 15.6529 16.0606 16.5777 16.3916 16.5904 16.7140 16.7140 16.9951 17.4399 17.3809 17.2382 17.3264 17.6228 18.1298 18.5411 18.8732 18.9598 19.0570 21.8330 23.4910 24.1307 24.3054 25.4811 26.2024 26.5298 26.5314 26.4678 26.4357 26.4090 26.2925 26.1926 26.1800 26.1553 25.6891 25.0606 24.4316 23.8031 23.4976 23.4976 23.4331 23.2139 22.8823 22.3311 19.8785 15.2667 13.5268 13.2364
11.2300 11.2060 11.1819 11.1610 11.1579 11.1290 11.0790 11.1579 11.0083 11.7342 12.1600 12.7859 13.9839 15.6340 15.6340 15.6340 15.6409 15.7180 15.8133 15.9080 16.7982 17.7527 17.7527 17.2273 16.7140 16.7140 16.7247 16.8711 17.7032 18.1865 18.4348 18.7781 18.9594 18.9598 18.9682 19.0358 19.1197 19.2100 21.5750 24.2192 25.6293 25.3000 25.7353 26.3313 26.2566 26.1897 26.1786 26.1782 26.0849 25.5215 24.8930 24.2639 23.6604 23.4976 23.4976 23.4639 23.2611 22.9789 22.4499 21.9569 21.6185 21.3927 21.3860 20.1912 16.7464 13.5193 13.5303
11.1486 11.1022 11.0523 11.0023 10.9526 10.9316 10.9316 10.9316 10.9316 11.3555 12.1600 12.4148 13.4051 15.4975 15.8144 15.9096 15.9975 16.0158 16.0158 16.0158 16.2769 17.7525 17.7543 17.6170 16.8874 17.3366 17.8404 18.2380 19.0015 19.1556 19.0904 19.1052 19.1943 19.2906 19.3827 19.3974 19.3610 19.3013 20.3764 23.3497 25.3169 25.0737 25.1361 26.1755 25.9707 25.3529 24.7242 24.0954 23.5613 23.4976 23.4976 23.4846 23.3083 23.0602 22.5690 22.0451 21.6901 21.4149 21.3860 21.3860 21.3860 21.3860 21.3860 20.9951 18.3896 13.5986 13.5303
10.9353 10.9316 10.9316 10.9316 10.9316 10.9316 10.9316 10.9316 10.9423 11.1224 12.3769 12.5354 13.7500 15.1786 16.0158 16.0158 16.0158 16.0158 16.0158 16.0567 16.1680 17.9901 18.8551 19.3052 18.5838 18.6485 18.8560 19.0800 19.4065 19.5999 19.5464 19.3710 19.3114 19.2524 19.3331 19.5250 19.7711 20.0643 20.5193 24.9720 25.2488 25.0233 24.7397 24.0911 23.5072 23.4962 23.4962 23.4944 23.3542 23.1258 22.6879 22.1431 21.7620 21.4526 21.3860 21.3860 21.3860 21.3860 21.3860 21.3860 21.3860 21.3860 21.3860 21.3860 19.2087 14.9178 13.5293
10.9316 10.9316 10.9316 10.9316 10.9428 11.0487 11.1755 11.3020 11.4186 11.4408 12.3461 12.6691 13.4083 14.4141 16.0158 16.0320 16.1325 16.3903 17.0688 17.6632 18.1861 19.3830 20.4261 20.7879 20.0862 19.6282 19.6321 19.6503 19.7372 20.0138 20.2782 19.9665 20.2646 20.5988 20.7469 20.7463 20.6844 20.5817 20.4791 23.3119 24.8739 24.8483 24.5743 24.0454 23.4005 23.1753 22.8046 22.2496 21.8321 21.5058 21.3860 21.3860 21.3860 21.3860 21.3860 21.3860 21.3860 21.3860 21.3860 21.3860 21.3860 21.3860 21.3860 21.4008 20.1147 16.8441 13.3153
10.9434 11.0500 11.1773 11.3039 11.4194 11.4408 11.4408 11.4408 11.4408 11.4408 11.9725 12.6691 13.0371 13.9632 16.6016 17.5045 18.1827 18.7811 19.0816 19.3864 19.6416 19.9935 21.4150 21.4395 20.9885 20.5109 20.8559 21.2133 21.4950 21.5097 21.5097 20.9308 20.6709 20.5683 20.4656 20.3636 20.3229 20.3229 20.3229 21.7415 24.8435 24.7109 24.1230 23.2525 21.9047 21.5724 21.3854 21.3846 21.3846 21.3855 21.3860 21.3860 21.3860 21.3860 21.3860 21.3860 21.3860 21.3860 21.3997 21.4854 21.5808 21.6768 21.7723 21.8528 21.0524 18.6601 13.3231
11.4206 11.4408 11.4408 11.4408 11.4408 11.4408 11.4408 11.4408 11.4408 11.4408 11.6002 12.7381 15.3761 17.3397 18.6761 19.5872 19.6586 19.6701 19.6945 19.7190 19.7434 19.7696 21.2860 21.5097 21.5097 21.5097 21.5097 21.5026 21.4202 21.3176 21.2149 20.7683 20.3229 20.3229 20.3229 20.3229 20.3146 20.2041 20.0521 19.9646 23.5046 23.3593 22.8553 22.4580 21.5336 21.3846 21.3846 21.3846 21.3846 21.3850 21.3860 21.3860 21.3860 21.3987 21.4832 21.5789 21.6743 21.7704 21.8520 21.8541 21.3803 20.6388 19.8966 19.1547 18.7060 18.8247 14.4512
11.4408 11.4408 11.4408 11.4408 11.4408 11.4408 11.4491 11.4966 11.5488 11.6011 11.6534 12.2524 16.1785 17.8014 18.6014 19.7354 19.7598 19.7729 19.7729 19.7729 19.7729 19.7729 20.7344 21.4967 21.4068 21.3041 21.2015 21.1060 21.0858 21.0858 21.0858 20.9660 20.3229 20.2482 20.1062 19.8984 19.6607 19.5253 19.4313 19.4161 21.8042 23.0997 23.0469 22.4676 21.8695 21.3846 21.3846 21.3846 21.3830 21.3875 21.5770 21.6723 21.7683 21.8511 21.8623 21.7997 21.1862 20.4443 19.7021 18.9684 18.6999 18.6999 18.5051 18.0933 16.9205 14.9288 12.2818
11.4408 11.4411 11.4726 11.5249 11.5771 11.6294 11.6733 11.6767 11.5843 11.4393 11.2943 11.3572 14.0449 17.1136 18.3532 19.6024 19.7729 19.7729 19.7729 19.7983 19.9657 20.1771 20.6346 21.0984 21.0858 21.0858 21.0858 21.0858 21.0858 21.0495 20.9143 20.7368 19.8380 19.5582 19.4542 19.4161 19.4161 19.4161 19.4161 19.4161 20.5755 23.0997 23.0997 22.6256 22.1932 21.3560 21.3401 21.3242 21.3099 21.3119 21.8142 21.6940 20.9920 20.2498 19.5079 18.8283 18.6999 18.6999 18.5793 18.1789 17.3029 15.2979 13.1765 10.9767 9.77089 9.82685 10.1609
11.6022 11.6574 11.6782 11.6440 11.5061 11.3611 11.2161 11.0727 11.0200 11.0200 11.0200 11.0885 12.1538 16.4828 18.3394 19.2024 19.9691 20.1805 20.4263 20.6655 20.6976 20.6976 20.7022 21.0583 21.0858 21.0743 20.9584 20.8033 20.5693 20.3595 20.2488 20.1803 19.7548 19.4161 19.4161 19.4161 19.4161 19.4161 19.4160 19.4060 19.5171 22.8751 23.0418 22.7669 22.3709 21.4019 21.3076 20.9831 20.2428 19.5003 19.1060 18.7398 18.6999 18.6999 18.6359 18.2644 17.6074 15.7562 13.6195 11.4799 9.82188 9.77089 9.77089 9.77089 9.77089 9.77664 9.95393
11.0381 11.2830 11.1380 11.0271 11.0200 11.0200 11.0200 11.0200 11.0200 11.0200 11.0200 10.9378 10.5688 15.0995 18.2308 19.4017 20.6976 20.6976 20.6976 20.6976 20.6976 20.6968 20.5868 20.7043 20.6464 20.4119 20.2818 20.1909 20.1789 20.1789 20.1789 20.1789 19.9836 19.4161 19.4085 19.3926 19.3767 19.3608 19.3450 19.3390 19.3390 21.7397 23.0210 22.8306 22.0330 20.3064 18.5646 18.1465 18.1452 18.1452 18.3035 18.3500 17.8409 16.2014 14.0675 11.9663 9.99218 9.77089 9.77089 9.77089 9.77089 9.77089 9.77089 9.77089 9.77089 9.77089 9.89981
9.76993 11.0200 11.0200 11.0200 11.0200 11.0200 11.0200 10.9321 10.4227 9.76264 8.95564 8.12826 7.07162 11.8577 17.4497 19.0296 20.5053 20.6976 20.6408 20.4578 20.2138 19.8874 19.6695 19.7652 20.1789 20.1789 20.1789 20.1789 20.1789 20.1124 19.8449 19.5643 19.2726 19.3189 19.3390 19.3390 19.3390 19.3390 19.3319 19.1731 18.9531 19.9132 22.1982 22.1130 21.6374 20.4908 18.1410 17.8806 17.4512 16.0529 13.9336 12.4223 10.2748 9.77089 9.77089 9.77089 9.77089 9.77089 9.77089 9.77089 9.77089 9.77089 9.77089 9.77089 9.77089 9.77089 9.82876
8.69037 11.0200 11.0200 10.9259 10.4121 9.75182 8.93756 8.12256 8.03069 8.03069 8.03069 8.03069 7.62688 7.63292 16.4708 19.0296 19.7876 19.9894 19.7181 19.5733 19.4892 19.4885 19.4885 19.5098 20.1283 19.9358 19.6551 19.3737 19.0932 18.8786 18.8651 18.8651 18.8651 19.1778 19.3225 19.1438 18.9237 18.7035 18.4906 18.4294 18.4294 18.5620 21.9373 22.0800 21.5495 19.8004 14.5485 12.2291 9.95089 9.03128 9.03128 9.57834 9.77089 9.77089 9.77089 9.77089 9.77089 9.77089 9.77089 9.77089 9.77089 9.75954 9.68812 9.59722 9.49023 9.36421 9.25797
8.03069 9.57393 8.92486 8.11508 8.03069 8.03069 8.03069 8.03069 8.03069 8.03069 8.03069 8.03069 7.98016 6.01847 14.2140 18.0659 18.5509 19.4885 19.4885 19.4881 19.2851 18.9104 18.5362 18.1617 18.5972 18.8651 18.8651 18.8651 18.8651 18.8651 18.8352 18.6405 18.4203 18.3717 18.4707 18.4294 18.4294 18.4294 18.4294 18.4154 18.3398 18.3571 19.7502 18.8037 16.8709 13.4997 10.5065 9.03128 9.03128 9.03128 9.03128 9.35964 9.77089 9.77089 9.77089 9.77089 9.75995 9.68897 9.59820 9.49224 9.36585 9.23998 9.22717 9.28378 9.35917 9.43456 9.50991
