High_resolution/powerplant/Chizhou/OMI_NO2_200910.asc
ncols      200
nrows      200
xllcorner       115.585
yllcorner       28.7700
cellsize     0.0166667
NODATA_Value      -999.000
[rows 58 to 86 of 185, columns 0 to 66 of 200]
2.58572 2.58572 2.57097 2.51799 2.46302 2.40799 2.35307 2.91982 2.96409 2.96409 2.96409 2.96409 2.96409 2.96409 2.96409 2.96409 2.96409 3.10196 3.29955 3.29955 3.29955 3.29955 3.19968 2.83527 3.08248 3.12669 3.12767 3.12767 3.04950 3.01308 3.01308 2.99921 2.90836 2.61062 2.20364 2.14069 2.25522 2.45994 2.66563 2.82381 2.82334 2.68444 2.09785 2.10257 2.16024 2.23261 2.30513 2.37766 2.45002 3.02668 3.87418 3.37258 3.24557 3.24557 3.24557 3.24557 3.24557 3.24557 3.24076 3.22277 3.22277 3.22277 3.22277 3.22277 3.22126 2.76743 2.55916
0.00000 2.33782 2.29512 2.29316 2.29316 2.29316 2.29316 2.80658 2.96409 2.96409 2.96409 2.96409 2.96409 2.96409 2.96409 2.96409 2.96409 3.01883 3.29955 3.29955 3.29955 3.29955 3.23641 2.91184 3.11214 3.12767 3.12640 3.08422 2.96712 2.72954 2.63239 2.54392 2.68515 2.92348 2.61324 2.79345 2.83428 2.83428 2.86262 2.91689 2.97132 2.96224 2.48946 2.49322 2.50807 2.50807 2.50807 2.50807 2.50807 2.65181 3.87090 3.58726 3.24533 3.24557 3.24557 3.24557 3.24557 3.24557 3.24541 3.22481 3.22234 3.21130 3.19573 3.17897 3.15963 2.88586 2.51254
0.00000 2.29316 2.29316 2.29316 2.29316 2.29316 2.29316 2.58737 2.97876 2.96409 2.96409 2.96409 2.96409 2.96409 2.96409 2.96409 2.96409 2.96687 3.26505 3.29955 3.29955 3.29588 3.20670 2.82273 2.76334 2.76748 2.66701 2.60761 2.60893 2.79365 3.14855 3.42240 3.51469 3.38565 3.01068 3.00722 3.06149 3.11592 3.14195 3.14195 3.14195 3.10143 2.72020 2.50807 2.50807 2.50807 2.50807 2.50807 2.50807 2.50807 3.63347 3.81551 3.24001 3.24557 3.24557 3.24557 3.24557 3.23730 3.22405 3.19329 3.15611 3.14592 3.14029 3.13583 3.13548 3.04478 2.50210
0.00000 2.29316 2.29316 2.29316 2.29316 2.29316 2.29316 2.29903 2.68336 2.55469 2.48827 2.42136 2.35519 2.28803 2.22186 2.15483 2.08853 2.02175 1.86068 1.68623 1.58624 1.49028 1.46478 1.46724 1.84513 2.25942 2.42353 2.55475 2.61548 2.93822 3.09771 3.00163 2.93068 2.92472 3.02469 3.14195 3.14195 3.14195 3.14195 3.14195 3.14195 3.12333 2.85233 2.50807 2.50807 2.50807 2.50807 2.50807 2.50807 2.50807 3.25187 3.87418 3.37066 3.24159 3.23703 3.23407 3.23110 3.23641 3.24670 3.21111 3.13548 3.13548 3.13548 3.13548 3.13548 3.14785 2.71664
0.00000 2.29316 2.29316 2.29316 2.29316 2.29316 2.29316 2.29316 1.80586 1.74090 1.74090 1.74090 1.74090 1.74090 1.74090 1.74090 1.74090 1.74090 1.66292 1.46478 1.46478 1.45786 1.42797 1.41296 1.95842 2.49764 2.45415 2.43807 2.43733 2.62034 2.92472 2.92472 2.92472 2.92472 2.96335 3.14195 3.14195 3.14195 3.14195 3.14195 3.14195 3.14060 2.97325 2.50807 2.50807 2.50807 2.50807 2.50807 2.50889 2.49610 2.71617 3.55796 3.31556 3.24589 3.24767 3.24767 3.24767 3.24767 3.24767 3.24143 3.13793 3.13860 3.23619 3.37806 3.45632 3.40756 3.16409
0.00000 0.00000 2.29316 2.29316 2.29316 2.29316 2.29316 2.29316 1.88890 1.74081 1.73895 1.73651 1.73404 1.73159 1.72913 1.72668 1.70490 1.66142 1.58723 1.33987 1.31932 1.30455 1.30107 1.30897 1.50709 2.41299 2.41744 2.41622 2.41572 2.51119 2.92472 2.92472 2.92472 2.92472 2.92524 3.11875 3.14195 3.14195 3.14195 3.14195 3.14195 3.14195 3.06031 2.52486 2.51931 2.53159 2.42317 2.26154 2.09899 1.95012 1.96961 3.23954 3.28602 3.23567 3.24767 3.24767 3.24767 3.24767 3.27678 3.24714 3.12533 3.05413 2.91777 2.73723 2.61994 2.61772 2.82131
0.00000 0.00000 2.29316 2.29316 2.29316 2.29316 2.29316 2.29316 2.01628 1.69682 1.69405 1.66306 1.61841 1.56694 1.50693 1.43616 1.39773 1.39773 1.39773 1.30346 1.28781 1.28781 1.28781 1.28795 1.33017 2.27619 2.41572 2.41572 2.41572 2.43838 2.87310 2.84799 2.80300 2.75801 2.71297 2.80111 2.84022 2.79523 2.75025 2.68599 2.59401 2.50189 2.42194 2.34705 2.15822 1.98423 1.93095 1.93095 1.93095 1.93095 1.93095 2.89679 3.26355 3.02424 2.92640 2.88456 2.84586 2.80702 2.73888 2.72991 2.68009 2.61772 2.61772 2.61772 2.61772 2.61772 2.65394
0.00000 0.00000 2.29316 2.29316 2.29316 2.29316 2.29316 2.29316 2.15055 1.47463 1.41576 1.39773 1.39773 1.39773 1.39773 1.39773 1.39773 1.39773 1.39773 1.33013 1.28781 1.28781 1.28781 1.28781 1.31812 1.86878 2.14837 2.11837 2.08838 2.05894 2.29948 2.37543 2.37543 2.37543 2.36709 2.39563 2.49383 2.44667 2.37480 2.22322 2.08911 1.95526 1.89325 2.01164 1.93095 1.93095 1.93038 1.91502 1.89314 1.87133 1.84946 1.95190 1.91640 1.97437 2.72506 2.72991 2.72991 2.72991 2.72991 2.72991 2.71298 2.61772 2.61772 2.61772 2.61772 2.61772 2.61772
0.00000 0.00000 0.00000 2.29316 2.29316 2.29316 0.00000 0.00000 0.00000 1.36260 1.39773 1.39773 1.39773 1.39773 1.39773 1.39773 1.39773 1.39773 1.39773 1.36372 1.28781 1.28781 1.28781 1.28781 1.30384 1.53767 2.04953 2.04953 2.04953 2.04823 2.18814 2.29108 2.24392 2.19677 2.15197 2.06105 2.12726 1.99671 1.88752 1.87725 1.87725 1.87056 1.85425 1.95247 1.85660 1.83473 1.81344 1.80697 1.80697 1.80697 1.80697 1.81923 1.88937 1.87747 2.57312 2.72991 2.72991 2.72991 2.72991 2.72991 2.72991 2.63380 2.61772 2.62544 2.68778 2.76065 2.84210
0.00000 0.00000 0.00000 0.00000 0.00000 0.00000 0.00000 0.00000 0.00000 1.34786 1.39773 1.39773 1.39773 1.39773 1.39773 1.39773 1.39773 1.39773 1.39773 1.39548 1.29290 1.28781 1.28781 1.28781 1.28959 1.34132 1.93231 1.97163 1.94168 1.91353 1.98699 2.08864 1.95474 1.82089 1.69298 1.65741 1.80873 1.84321 1.82679 1.81044 1.79403 1.78434 1.78427 1.86932 1.80799 1.80697 1.80697 1.80697 1.80697 1.80697 1.80697 1.80698 1.87861 1.88937 2.30700 2.72991 2.72991 2.72991 2.72991 2.73237 2.78533 2.80240 2.86341 2.96649 3.01507 3.05307 3.08243
0.00000 0.00000 0.00000 0.00000 0.00000 0.00000 0.00000 0.00000 0.00000 1.31456 1.40457 1.41045 1.41644 1.42236 1.42834 1.43428 1.44023 1.44618 1.45211 1.45809 1.37086 1.37009 1.40254 1.43112 1.45643 1.25951 1.68648 1.91726 1.83304 1.74377 1.66202 1.63339 1.61605 1.59878 1.58144 1.56675 1.67117 1.78427 1.78427 1.78427 1.78427 1.78427 1.78427 1.82028 1.84448 1.80697 1.80697 1.80697 1.80697 1.80697 1.80697 1.80697 1.85563 1.88937 1.99796 2.72893 2.77044 2.84209 2.91355 2.98263 3.00125 3.02260 3.08442 3.08442 3.08442 3.08442 3.08442
0.00000 0.00000 0.00000 0.00000 0.00000 0.00000 0.00000 0.00000 0.00000 1.35788 1.50396 1.50674 1.50674 1.50674 1.50674 1.50682 1.52555 1.55360 1.57682 1.59639 1.55015 1.47652 1.47652 1.47652 1.47405 1.34087 1.37807 1.57847 1.56240 1.55088 1.54717 1.56907 1.56500 1.56500 1.56500 1.56500 1.60934 1.78427 1.78427 1.78427 1.78427 1.78427 1.78427 1.78445 1.86172 1.80697 1.80697 1.80697 1.80697 1.80697 1.80697 1.80687 1.79396 1.72983 1.62816 2.82578 3.00030 3.00014 3.00014 3.00014 3.00014 3.00222 3.08015 3.08442 3.09026 3.14472 3.21007
0.00000 0.00000 0.00000 0.00000 0.00000 0.00000 0.00000 0.00000 0.00000 1.29476 1.48759 1.51333 1.54161 1.56683 1.58794 1.60639 1.62081 1.63052 1.64014 1.68698 1.74750 1.47796 1.46508 1.45502 1.44741 1.42536 1.28066 1.57739 1.60760 1.61246 1.61726 1.60231 1.56500 1.56500 1.56500 1.56500 1.56645 1.76530 1.78427 1.78427 1.78427 1.78427 1.78427 1.78427 1.83745 1.80697 1.80695 1.80577 1.79039 1.68356 1.55973 1.43609 1.35524 1.42865 1.43036 2.45575 3.00014 3.00014 3.00014 3.00014 3.00180 3.04637 3.16118 3.24503 3.29592 3.29821 3.28963
0.00000 0.00000 0.00000 0.00000 0.00000 0.00000 0.00000 1.82464 1.82464 1.82464 1.70983 1.74765 1.75767 1.77009 1.83189 1.90431 1.96291 2.01396 2.06005 2.08306 2.08308 1.62433 1.51312 1.51312 1.51312 1.51312 1.32286 1.55844 1.63333 1.63333 1.63333 1.62100 1.56500 1.56500 1.56484 1.56403 1.56314 1.70222 1.78063 1.77974 1.77886 1.77797 1.83084 1.95346 2.03899 1.71970 1.59593 1.47331 1.36494 1.34796 1.34796 1.34796 1.34796 1.40999 1.43036 1.90355 2.99227 3.01856 3.07529 3.13203 3.18714 3.19931 3.23089 3.28258 3.28258 3.28258 3.28258
0.00000 0.00000 0.00000 0.00000 0.00000 0.00000 0.00000 1.82464 1.85954 2.01760 1.96868 1.97924 2.02866 2.07184 2.08308 2.08308 2.08308 2.08308 2.08308 2.08308 2.08308 1.78670 1.51312 1.51312 1.51312 1.51312 1.36578 1.48377 1.62954 1.62902 1.62843 1.62685 1.55587 1.55498 1.55425 1.55418 1.55418 1.65697 1.91360 2.03734 2.16115 2.25138 2.23092 2.13968 2.03771 1.40109 1.34796 1.34796 1.34796 1.34810 1.37615 1.42474 1.47330 1.52819 1.65951 1.90004 3.04748 3.19830 3.19830 3.19830 3.19830 3.19830 3.20649 3.28212 3.28258 3.28258 3.28258
0.00000 0.00000 0.00000 0.00000 0.00000 2.96770 2.96770 2.61140 2.39133 2.39617 2.25711 2.08308 2.08308 2.08308 2.08308 2.08308 2.08308 2.08308 2.08308 2.08308 2.08308 1.94954 1.51312 1.51312 1.51312 1.51312 1.45687 1.39838 1.60051 1.62612 1.62612 1.63236 1.56636 1.65715 1.78096 1.90476 2.02851 2.13191 2.25766 2.16788 2.07640 2.01840 2.01742 2.01742 2.02753 1.65425 1.45693 1.50552 1.55404 1.62460 1.82250 2.00345 2.15849 2.21923 2.06714 2.06714 2.75956 3.19830 3.19830 3.19830 3.19830 3.19830 3.19830 3.26560 3.28258 3.28258 3.30796
0.00000 0.00000 0.00000 0.00000 0.00000 2.96770 2.96770 2.88117 2.39924 2.39617 2.35804 2.07970 2.08308 2.08308 2.08308 2.08308 2.08308 2.08308 2.08308 2.08308 2.08308 2.07458 1.55023 1.51312 1.51312 1.51312 1.51260 1.37339 1.59780 1.75252 1.83505 1.91805 2.10256 2.13336 2.06840 1.97682 1.88534 1.80755 1.97498 2.05072 2.08710 2.12356 2.15992 2.19628 2.22259 2.02037 1.76107 1.95108 2.11339 2.24110 2.26178 2.26178 2.26178 2.26063 2.08417 2.06714 2.38605 3.19811 3.19830 3.19830 3.19830 3.19830 3.21111 3.34628 3.50547 3.66018 3.79254
0.00000 0.00000 0.00000 0.00000 0.00000 2.96770 2.96770 2.96770 2.47117 2.39617 2.39617 2.10225 2.08308 2.08308 2.08308 2.08849 2.11219 2.13704 2.16230 2.18715 2.21232 2.23721 1.88376 1.72365 1.78023 1.83946 1.89862 2.03259 2.20077 2.25030 2.24052 2.19643 2.01068 1.87806 1.97593 2.10053 2.22479 2.34953 2.33236 2.22376 2.22376 2.22376 2.26788 2.38470 2.48958 2.55350 2.26367 2.26178 2.26178 2.26178 2.26178 2.26178 2.26178 2.26178 2.13709 2.06714 2.12555 3.08471 3.20278 3.28143 3.38132 3.48043 3.56680 3.64252 3.94079 3.94387 3.94387
0.00000 0.00000 0.00000 0.00000 0.00000 2.96770 2.96770 2.96770 2.60499 2.39617 2.39617 2.43741 2.47048 2.49546 2.52054 2.54011 2.54154 2.54154 2.54197 2.56415 2.59830 2.63248 2.45056 2.12459 2.12722 2.12722 2.12722 2.17413 2.38944 2.32512 2.33807 2.42082 2.45978 2.48394 2.48429 2.48429 2.48429 2.48429 2.44022 2.34993 2.45880 2.55540 2.61330 2.61459 2.61459 2.61521 2.33997 2.26178 2.26178 2.26178 2.26178 2.26178 2.26178 2.26178 2.19067 2.07792 2.10323 2.97597 3.54773 3.56823 3.56744 3.56744 3.56744 3.57002 3.91004 3.94387 3.94387
0.00000 0.00000 0.00000 0.00000 0.00000 0.00000 2.96770 2.96770 2.80851 2.39617 2.39617 2.49639 2.54154 2.54154 2.55030 2.58308 2.61725 2.65140 2.68516 2.69718 2.69718 2.69616 2.61219 2.28786 2.40570 2.52179 2.63775 2.74600 2.80871 2.64375 2.50126 2.49565 2.46790 2.48429 2.48691 2.56236 2.66036 2.74712 2.81154 2.62816 2.61459 2.61459 2.61459 2.61459 2.61459 2.61459 2.45454 2.26178 2.26178 2.26161 2.25659 2.25770 2.28176 2.30708 2.31535 2.15332 2.15231 2.60851 3.56738 3.56744 3.56744 3.56744 3.56744 3.56724 3.81044 4.08069 4.24360
0.00000 0.00000 0.00000 0.00000 0.00000 0.00000 2.96770 2.96770 2.96747 2.44236 2.44881 2.56559 2.56267 2.58356 2.60063 2.59351 2.58388 2.54036 2.48191 2.42339 2.36488 2.30736 2.27672 2.58647 2.65908 2.65908 2.65908 2.65908 2.71206 2.67820 2.44926 2.48052 2.54509 2.70073 2.79997 2.82301 2.82301 2.82301 2.82313 2.69403 2.64150 2.65817 2.67483 2.69149 2.70811 2.72208 2.61823 2.24599 2.26567 2.29116 2.32149 2.34566 2.34695 2.34695 2.34695 2.18983 2.15231 2.25023 3.46232 3.68042 3.84387 4.00677 4.16958 4.33260 4.61082 4.89772 4.89772
0.00000 0.00000 0.00000 0.00000 0.00000 2.55087 2.60359 2.82610 2.79265 2.72789 2.70745 2.69613 2.53070 2.44055 2.39049 2.34040 2.29154 2.27648 2.27648 2.27648 2.27648 2.27648 2.27648 2.47804 2.65908 2.65908 2.65908 2.65908 2.69892 2.76929 2.66269 2.75271 2.76483 2.86736 2.95270 2.96936 2.98602 3.00268 3.01922 2.94503 2.81600 2.81092 2.80559 2.80039 2.81064 2.83403 2.81420 2.37933 2.34695 2.34695 2.34695 2.34695 2.34695 2.31380 2.24091 2.36211 2.71074 2.83159 3.93927 4.52183 4.52129 4.52129 4.52129 4.52129 4.54263 4.88973 4.89772
2.55087 2.55087 2.55087 2.55087 2.55087 2.55087 2.53078 2.59780 2.52248 2.40937 2.27040 2.18499 2.29673 2.27648 2.27648 2.27648 2.27648 2.27648 2.27648 2.27648 2.27648 2.27648 2.27648 2.36965 2.65908 2.65908 2.65908 2.65908 2.68440 2.92415 2.81035 2.84076 2.84076 2.90763 3.02571 3.02531 3.02097 3.01564 3.01031 2.98244 2.80117 2.82601 2.85207 2.87798 2.88845 2.88845 2.87737 2.48274 2.26422 2.19112 2.11815 2.04513 1.96175 1.88028 1.83627 2.08995 2.95145 2.95145 3.45054 4.52129 4.52129 4.52129 4.52129 4.52129 4.52129 4.80046 4.89772
2.55087 2.52344 2.47870 2.44569 2.42033 2.40025 2.38913 2.31888 2.22643 2.22560 2.17822 2.17460 2.28475 2.27648 2.27648 2.27648 2.27648 2.27648 2.27648 2.27648 2.27648 2.27648 2.27648 2.28349 2.63686 2.65908 2.65908 2.65908 2.65908 2.88379 2.87685 2.80665 2.83473 2.86046 3.00661 3.00168 3.00380 3.02644 3.05251 3.07853 2.92436 2.88560 2.84089 2.78255 2.72407 2.66562 2.60724 2.24688 1.92894 1.89353 1.84966 1.80577 1.77215 1.76996 1.76996 1.79707 2.89367 2.95145 3.05812 4.39718 4.52129 4.52129 4.52129 4.52129 4.52129 4.69402 4.91671
2.39756 2.38889 2.38889 2.38889 2.38889 2.38889 2.38889 2.36544 2.22643 2.22643 2.19323 2.17460 2.26849 2.27648 2.27648 2.27648 2.27648 2.27648 2.27648 2.27648 2.27648 2.27256 2.25717 2.24102 2.48382 2.59135 2.57402 2.55330 2.53218 2.68991 2.78393 2.66683 2.71986 2.74130 3.04204 3.07052 3.06871 3.00251 2.93197 2.86151 2.70131 2.57030 2.55656 2.55656 2.55646 2.53643 2.50134 2.29954 1.78997 1.76996 1.76996 1.76996 1.76996 1.76996 1.76996 1.76996 2.59240 2.95145 2.95145 3.98777 4.52129 4.52347 4.54957 4.63715 4.73253 4.87762 5.23600
2.38889 2.38889 2.38889 2.38889 2.38889 2.38889 2.38889 2.38889 2.24951 2.22643 2.20895 2.17460 2.20452 2.11758 2.09109 2.07485 2.05881 2.04257 2.02651 2.01030 1.99421 1.98178 1.97759 1.97272 2.11839 2.34557 2.34184 2.34159 2.34159 2.45934 2.66074 2.55215 2.62510 2.58362 2.78454 2.75726 2.71148 2.71059 2.71059 2.71059 2.66997 2.54620 2.51204 2.47693 2.44193 2.42686 2.42686 2.33256 1.87816 1.76996 1.76996 1.76996 1.76996 1.76996 1.76996 1.76996 2.26418 2.96327 3.12896 3.76664 4.79745 4.89069 4.95997 4.96784 4.96784 4.96788 5.24701
2.38889 2.38889 2.38889 2.38889 2.38889 2.38889 2.38889 2.38889 2.29606 2.22643 2.22352 2.17581 2.17460 2.01226 1.98122 1.98122 1.98122 1.97965 1.97487 1.96999 1.96512 1.96039 1.95899 1.95899 2.00181 2.31308 2.22740 2.13768 2.03987 1.99316 2.25766 2.22545 2.37197 2.40933 2.58345 2.71059 2.71059 2.70682 2.67678 2.64164 2.60233 2.43457 2.42686 2.42686 2.42686 2.42686 2.42686 2.38903 1.99190 1.76996 1.76996 1.76996 1.77259 1.83051 1.97420 2.18882 2.56947 3.78762 3.83655 3.88962 4.85506 4.96784 4.96784 4.96784 4.96784 4.96784 5.21718
2.38889 2.38889 2.38889 2.38889 2.38889 2.38889 2.38889 2.38889 2.34263 2.22643 2.22643 2.18867 2.17396 2.01307 1.91425 1.89847 1.88269 1.86846 1.85748 1.84682 1.85862 1.88416 1.90972 1.93514 1.96074 1.73291 1.66996 1.66053 1.65937 1.65979 2.05403 2.11852 2.21008 2.33271 2.45000 2.65238 2.61727 2.58594 2.58089 2.58089 2.58089 2.47267 2.42686 2.42756 2.43197 2.43694 2.44189 2.44543 2.09370 1.89813 2.00844 2.21552 2.42751 2.58421 2.65501 2.65506 2.65506 3.67445 3.83655 3.83655 4.53678 4.96784 5.02906 5.33956 5.69301 6.04612 6.42311
2.38889 2.38889 2.38889 2.38889 2.38889 2.38889 2.38889 2.38889 2.34281 2.06937 1.93861 1.95289 2.13215 1.97578 1.76353 1.79469 1.83112 1.86751 1.90391 1.94003 1.95379 1.95379 1.95379 1.95379 1.95379 1.79402 1.65937 1.65937 1.65937 1.65937 1.95363 2.11969 2.12706 2.25699 2.30901 2.60166 2.60663 2.61158 2.61654 2.62149 2.62646 2.56641 2.48235 2.46903 2.41260 2.35420 2.30282 2.33021 2.18007 2.48261 2.64760 2.65506 2.65506 2.65506 2.65506 2.65506 2.67871 3.43139 3.97757 4.14646 4.73172 6.09451 6.38629 6.42871 6.42871 6.42871 6.43786
