High_resolution/powerplant/Chizhou/OMI_NO2_200809.asc
ncols      200
nrows      200
xllcorner       115.585
yllcorner       28.7700
cellsize     0.0166667
NODATA_Value      -999.000
[rows 87 to 115 of 200, columns 67 to 133 of 200]
3.63028 3.99209 4.27917 4.49556 4.08312 4.12083 4.12083 4.00553 3.95024 4.26766 4.05398 3.95061 3.98174 4.01051 4.04916 4.11487 4.18529 4.25536 4.31276 4.32468 4.32468 4.32468 4.32468 4.32468 4.05081 3.55799 3.01516 3.31856 4.31623 4.64812 4.52945 4.52945 4.52945 4.52945 4.52945 4.52945 4.52945 4.52945 4.52945 4.57279 5.14120 5.14601 5.14601 5.14601 5.14601 5.14601 5.14601 5.14601 5.32645 5.36598 5.71253 5.98734 5.98734 5.98734 5.88964 5.98326 6.27091 6.27091 6.27091 6.27091 6.27091 6.27091 6.27091 6.27091 6.27091 6.27091 6.27091
4.76386 4.76386 4.78377 4.85897 4.35089 4.28877 4.34106 4.30582 4.19384 4.35487 4.33824 4.17332 4.22273 4.27925 4.32318 4.32468 4.32468 4.32468 4.32468 4.32468 4.32468 4.32468 4.32468 4.32468 4.18213 3.73086 3.01516 3.04082 4.22045 4.66588 4.52945 4.52945 4.52945 4.52945 4.52945 4.52945 4.52945 4.52945 4.52945 4.58157 5.27160 5.20296 5.14601 5.14601 5.14601 5.14601 5.14601 5.14601 5.25761 5.36598 5.57862 5.98734 5.98734 5.97802 5.90827 5.89161 6.27091 6.27091 6.27091 6.27091 6.27091 6.27105 6.27429 6.27914 6.28440 6.29011 6.29636
5.20251 5.28106 5.33946 5.34271 4.79020 4.50672 4.50672 4.49423 4.40917 4.56855 4.71731 4.32468 4.32468 4.32468 4.32468 4.32468 4.32468 4.32468 4.32468 4.32468 4.32468 4.32468 4.32468 4.32468 4.30212 3.81742 3.16448 3.01516 3.81521 4.31968 4.26185 4.24164 4.22177 4.33825 4.54770 4.74260 4.92343 5.09262 5.25095 5.36325 5.63321 5.10190 4.63661 4.61662 4.59657 4.57658 4.55630 4.53603 4.56709 4.84498 4.90858 5.43510 5.41882 5.38904 5.38420 5.63763 6.20860 6.29496 6.30168 6.30908 6.31725 6.32607 6.32881 6.25331 5.71665 5.10268 4.48894
5.34271 5.34271 5.34271 5.34271 4.96311 4.50672 4.50672 4.50672 4.50672 4.52840 4.78184 4.38374 4.32468 4.32468 4.32468 4.32468 4.32468 4.32468 4.32468 4.32468 4.32468 4.32468 4.32468 4.32468 4.32468 3.92609 3.46315 3.54033 3.98381 4.53857 4.72290 4.90306 5.08142 5.15595 5.15595 5.15595 5.15595 5.15595 5.15595 5.15595 5.30886 5.21681 4.42703 4.42703 4.42507 4.37202 4.29644 4.22099 4.14918 4.43790 4.46346 4.81395 4.73519 4.65451 4.61317 4.73730 5.03568 5.26067 5.15187 5.03358 4.51788 3.79579 3.07346 2.42620 2.23963 2.13061 2.02182
5.34271 5.34271 5.34271 5.34271 5.16990 4.50672 4.50672 4.50672 4.50672 4.50672 4.73259 4.50913 4.32468 4.32468 4.32468 4.32468 4.32468 4.32468 4.32468 4.32468 4.38290 4.63573 4.90387 5.17218 5.44048 5.44131 5.44724 5.52274 5.34329 5.24594 5.24881 5.16615 5.17382 5.18142 5.18905 5.19665 5.20468 5.21627 5.22886 5.24151 5.28232 5.28201 4.08544 4.01942 3.95538 3.94239 3.95199 3.96147 3.96726 4.19849 4.42301 4.14003 4.01567 4.01567 4.01567 4.04507 3.83228 3.26474 2.65032 2.04607 1.83878 1.83878 1.83878 1.83878 1.83878 1.83878 1.83878
5.34271 5.34271 5.34271 5.34271 5.33695 4.54375 4.50672 4.50672 4.50672 4.50672 4.66169 4.63442 4.32468 4.32468 4.42365 4.68930 4.95760 5.22590 5.49404 5.76235 5.97260 5.98807 5.98807 5.98807 5.98807 5.85176 5.47275 5.52193 5.43907 5.15071 5.42502 5.29579 5.29555 5.29540 5.29524 5.29512 5.29462 5.29036 5.28524 5.28012 5.27501 5.22841 4.08668 3.87609 3.86971 3.86331 3.85693 3.85036 3.84396 3.90874 4.31276 4.11438 3.86052 3.63558 3.38480 3.03834 2.52193 1.83878 1.83878 1.83878 1.83878 1.83878 1.83878 1.83878 1.83878 1.83878 1.83878
5.34271 5.33564 5.28556 5.23003 5.17617 4.71544 4.65227 4.67745 4.67599 4.63919 4.68637 4.84426 5.82470 6.13859 6.33304 6.36125 6.38622 6.41184 6.43674 6.46244 6.48742 6.53030 6.58333 6.63733 6.69036 6.72463 6.18681 6.24403 6.28203 5.72267 5.36169 5.14885 5.14885 5.14885 5.14885 5.14885 5.14885 5.14885 5.14885 5.14885 5.14885 5.12066 4.34553 3.73775 3.73775 3.73775 3.73775 3.73775 3.73775 3.73775 3.81880 3.46440 2.95367 2.92781 2.92781 2.85026 2.59608 1.89385 1.83878 1.83878 1.83878 1.83878 1.83878 1.83878 1.83878 1.83878 1.83878
4.42588 4.40242 4.37273 4.31079 4.24869 4.62320 4.95802 4.89593 4.86007 4.85988 4.87652 5.13317 6.36712 6.72251 6.75002 6.77825 6.80646 6.83467 6.86290 6.89111 6.91917 6.93028 6.93028 6.93028 6.93028 6.93028 6.42462 6.28854 6.31469 5.82145 5.48706 5.14885 5.14885 5.14885 5.14885 5.14885 5.14885 5.14885 5.14885 5.14885 5.14885 5.13315 4.69998 3.73775 3.73775 3.73775 3.73775 3.73775 3.73775 3.73775 3.53488 3.31330 2.93166 2.92781 2.92781 2.89179 2.66601 2.02458 1.83878 1.83878 1.83878 1.83878 1.83878 1.83878 1.83878 1.83878 1.83878
4.12498 4.06232 4.02646 4.02628 4.02628 4.28942 4.84173 4.81689 4.79208 4.76726 4.74241 5.17665 6.13424 6.92959 6.93028 6.93028 6.93028 6.93028 6.93028 6.93028 6.93028 6.93028 6.93028 6.93028 6.93028 6.93028 6.59403 6.27429 6.31469 5.93386 5.58129 5.17515 5.14885 5.14885 5.14885 5.14885 5.14885 5.14885 5.14885 5.14885 5.14885 5.14545 4.99401 3.74301 3.73775 3.73775 3.73775 3.73775 3.73775 3.73775 3.67959 3.33644 2.99820 2.92781 2.92781 2.92428 2.70461 2.20558 1.83878 1.83878 1.83878 1.83878 1.83878 1.83878 1.83878 1.83878 1.83878
3.97408 3.94921 3.92444 3.89958 3.87477 3.94161 4.67688 4.67688 4.67688 4.67688 4.67688 5.03975 5.72589 6.93028 6.93028 6.93028 6.93028 6.93028 6.93028 6.93028 6.93028 6.93028 6.93028 6.93028 6.93028 6.93028 6.76378 6.26262 6.31469 6.07873 5.67614 5.26693 5.18811 5.19580 5.20359 5.21144 5.16449 4.98997 4.79631 4.58539 4.35477 4.10180 3.78918 3.72237 3.72130 3.72021 3.71909 3.71795 3.71681 3.71565 3.71447 3.33430 2.95935 2.76741 2.76023 2.75296 2.70248 2.37393 1.83878 1.83878 1.83878 1.83878 1.83878 1.83878 1.83878 1.83878 1.84329
3.84327 3.84327 3.84327 3.84327 3.84327 4.01583 4.75101 4.84547 4.86490 4.88749 4.90080 5.08501 5.54685 6.81247 6.88264 6.88003 6.87740 6.87489 6.87236 6.86993 6.86751 6.86517 6.86284 6.86057 6.85834 6.85614 6.83895 6.36610 6.37777 6.37883 6.14203 5.31411 4.88005 4.62102 4.33733 4.02506 3.79087 3.78300 3.78300 3.78300 3.78300 3.78300 3.73575 3.69787 3.69787 3.69787 3.69787 3.69787 3.70134 3.72240 3.74767 3.47718 2.98572 2.61679 2.60105 2.59035 2.57886 2.29058 1.82545 1.82191 1.81818 1.81423 1.81141 1.82140 1.84173 1.88198 1.94810
3.84327 3.84327 3.84327 3.84327 3.85859 4.46077 4.97509 5.13866 5.13302 5.13288 5.16024 5.18502 5.65832 6.48783 6.85135 6.85135 6.85135 6.85135 6.85135 6.85135 6.85135 6.85135 6.85135 6.83976 6.71774 6.55784 6.38300 5.74996 5.36150 5.10243 4.27651 3.78618 3.78300 3.78300 3.78300 3.78300 3.78794 3.79891 3.80991 3.82098 3.85086 3.91894 3.94778 3.88155 3.93087 3.98495 4.04515 4.11189 4.17708 4.19971 4.21615 4.09189 3.33092 2.83090 2.84495 2.84526 2.84526 2.65293 1.72475 1.72475 1.72475 1.72475 1.72475 0.00000 0.00000 0.00000 0.00000
3.87529 3.95481 4.02467 4.08592 4.13128 4.45342 4.87542 5.13171 5.13171 5.13171 5.15143 5.16129 5.55284 6.16631 6.85135 6.85135 6.85135 6.82568 6.68767 6.52486 6.34726 6.15225 5.93769 5.72025 5.67569 5.67569 5.67569 5.34892 5.00691 5.00691 4.48193 3.87485 3.95359 4.02580 4.09509 4.16408 4.22855 4.28651 4.34498 4.40533 4.45352 4.46340 4.46548 4.33274 4.34421 4.35750 4.37088 4.38422 4.39756 4.41095 4.42448 4.43791 3.68137 3.07304 3.04944 3.12381 3.36623 3.67331 1.72776 0.00000 0.00000 0.00000 0.00000 0.00000 0.00000 0.00000 0.00000
4.13523 4.13580 4.13580 4.13580 4.13580 4.35111 4.77169 5.13171 5.13171 5.13433 5.15261 5.18919 5.48661 5.90297 6.36495 6.18010 5.97560 5.79370 5.78557 5.79743 5.80905 5.82090 5.83255 5.84437 5.86027 5.89433 5.93034 5.82984 5.47975 5.54980 5.40337 4.98938 4.70421 4.70624 4.71516 4.72405 4.73298 4.74190 4.75095 4.75733 4.75758 4.75758 4.75758 4.74841 4.74508 4.74508 4.74508 4.74508 4.74508 4.74508 4.74508 4.74508 4.31809 4.00383 4.40057 4.89166 4.90844 4.90844 4.90844 0.00000 0.00000 0.00000 0.00000 0.00000 0.00000 0.00000 0.00000
4.23219 4.23842 4.24454 4.25071 4.25685 4.36764 4.80787 5.37010 5.40067 5.42737 5.45882 5.57846 5.71325 6.08733 6.02429 6.01244 6.01323 6.03079 6.05508 6.07937 6.10373 6.12806 6.15235 6.17664 6.19670 6.19871 6.19871 6.18950 5.82252 5.80660 5.70600 5.27556 4.78689 4.75758 4.75758 4.75758 4.75758 4.75758 4.75758 4.75758 4.75758 4.75758 4.75758 4.75191 4.74508 4.74508 4.74508 4.74508 4.74508 4.74508 4.74508 4.74508 4.74508 4.80418 4.90844 4.90844 4.90844 4.90844 4.90844 0.00000 0.00000 0.00000 0.00000 0.00000 0.00000 0.00000 0.00000
4.31717 4.34489 4.37259 4.40008 4.42781 4.45468 4.86655 5.38702 5.46686 5.46095 5.44129 5.49823 5.51587 6.14426 6.16372 6.16846 6.19197 6.19871 6.19871 6.19871 6.19871 6.19871 6.19871 6.19871 6.19871 6.19871 6.19871 6.19871 5.91212 5.80660 5.77021 5.38109 4.81320 4.75758 4.75758 4.75758 4.75758 4.75758 4.75758 4.75758 4.75758 4.75758 4.75758 4.75476 4.74508 4.74508 4.74508 4.74508 4.74508 4.74508 4.74508 4.74508 4.74508 4.77571 4.90844 4.90844 4.90844 4.90844 4.90844 0.00000 0.00000 0.00000 0.00000 0.00000 0.00000 0.00000 0.00000
4.44944 4.44924 4.43361 4.40834 4.38312 4.35783 4.69655 5.15158 5.33294 5.31864 5.31807 5.35110 5.39425 6.01985 6.21935 6.19871 6.19871 6.19871 6.19871 6.19871 6.19871 6.19871 6.19871 6.19871 6.19871 6.19871 6.19871 6.19871 6.01093 5.80660 5.80612 5.44684 4.92362 4.75758 4.75758 4.75758 4.75758 4.75758 4.75758 4.75758 4.75758 4.75758 4.75758 4.75704 4.74528 4.74508 4.74508 4.74508 4.74508 4.74508 4.74508 4.74508 4.74508 4.75371 4.90841 4.90844 4.90844 4.90844 4.90844 0.00000 0.00000 0.00000 0.00000 0.00000 0.00000 0.00000 0.00000
4.29815 4.27311 4.26346 4.26346 4.26346 4.26346 4.54847 4.99451 5.31516 5.31143 5.30780 5.31415 5.37221 5.77978 6.19375 6.15157 6.14487 6.13882 6.13266 6.12662 6.12042 6.11441 6.10818 6.10219 6.09597 6.08994 6.08376 6.07770 5.98259 5.67337 5.66722 5.49471 5.05979 4.76293 4.75758 4.75758 4.75758 4.75758 4.75758 4.75758 4.75758 4.75758 4.75758 4.75758 4.74845 4.74508 4.74508 4.74508 4.74508 4.74508 4.74508 4.74508 4.74508 4.74508 4.87464 4.90844 4.90844 4.90844 4.90844 4.90844 0.00000 0.00000 0.00000 0.00000 0.00000 0.00000 0.00000
4.06876 4.05907 4.04951 4.04016 4.03093 4.02181 4.22803 4.76701 5.20194 5.19214 5.18232 5.17377 5.25054 5.46318 6.09719 6.04450 6.02557 6.02557 6.02557 6.02557 6.02557 6.02557 6.02557 6.02557 6.02557 6.02557 6.03034 6.16267 6.32980 6.16823 5.98616 5.53718 5.17391 4.77762 4.75758 4.75758 4.75758 4.75758 4.75758 4.75758 4.75758 4.75758 4.75946 4.76255 4.75611 4.76312 4.76895 4.77514 4.78173 4.78885 4.79641 4.80463 4.81344 4.82299 4.88374 4.90844 4.90844 4.90844 4.90844 4.90844 0.00000 0.00000 0.00000 0.00000 0.00000 0.00000 0.00000
3.97229 4.00402 4.00402 3.99902 3.98921 3.97940 4.05423 4.61336 5.16460 5.17238 5.17238 5.17238 5.22000 5.28430 6.06279 6.06537 6.02557 6.02557 6.02557 6.02557 6.04177 6.19647 6.36754 6.52257 6.66380 6.79307 6.90895 6.94323 6.94323 6.73076 6.42121 5.57963 5.28769 4.81687 4.80016 4.80501 4.79397 4.77291 4.75106 4.72804 4.70383 4.67822 4.65013 4.62124 4.66414 4.90844 4.90844 4.90844 4.90844 4.89219 4.84555 4.79874 4.75227 4.70563 4.65915 4.61235 4.56489 4.51858 4.47177 4.33125 0.00000 0.00000 0.00000 0.00000 0.00000 0.00000 0.00000
3.87241 3.97683 3.96704 3.96220 3.96220 3.96220 3.96369 4.54073 5.06769 5.17238 5.17238 5.17238 5.19325 5.26439 5.86533 6.09345 6.39755 6.54915 6.68280 6.80437 6.90670 6.92105 6.91542 6.90989 6.90425 6.89873 6.89309 6.88747 6.85988 6.69418 6.50671 5.47532 5.08406 4.25022 4.17181 4.11960 4.08572 4.06216 4.03900 4.01560 3.99244 3.96904 3.94572 3.92207 3.88517 3.44627 3.39035 3.34388 3.29724 3.26620 3.26620 3.26620 3.26620 3.26620 3.26620 3.26620 3.26620 3.26620 3.26620 3.26620 0.00000 0.00000 0.00000 0.00000 0.00000 0.00000 0.00000
3.76645 3.96406 3.96426 3.96446 3.96466 3.96485 3.96505 4.41472 4.89283 5.05896 5.03419 5.00938 4.98541 4.99595 5.36299 5.81761 6.74006 6.78413 6.78338 6.78338 6.77331 6.73682 6.69900 6.66115 6.62330 6.58548 6.54766 6.50993 6.49401 6.46729 6.37212 5.61392 4.90533 4.00253 3.79004 3.79004 3.79004 3.79004 3.79004 3.79004 3.79004 3.79004 3.79004 3.79004 3.79004 3.43716 3.26620 3.26620 3.26620 3.26620 3.26620 3.26620 3.26620 3.26620 3.26620 3.26620 3.26620 3.26620 3.26620 3.26620 0.00000 0.00000 2.54918 2.54918 2.54918 2.54918 2.54918
3.68826 3.96495 3.96375 3.94539 3.92509 3.90477 3.88445 4.18311 4.65506 4.92261 4.92261 4.92261 4.92440 4.97617 5.19295 5.67609 6.33865 6.59882 6.56100 6.52315 6.49537 6.49401 6.49401 6.49401 6.49401 6.49401 6.49401 6.49401 6.49401 6.49204 6.37841 5.92398 5.01103 4.21762 3.79004 3.79004 3.79004 3.79004 3.79004 3.79004 3.79004 3.79004 3.79004 3.79004 3.79004 3.58884 3.26620 3.26620 3.26620 3.26620 3.26620 3.26620 3.26620 3.26620 3.26620 3.26620 3.26620 3.25777 3.15796 3.04972 2.54918 2.54918 2.54918 2.54918 2.54918 2.54918 2.54918
3.48694 3.79060 3.84700 3.84504 3.84504 3.85440 3.89113 4.11802 4.68199 5.08398 5.12254 5.16092 5.19763 5.23769 5.31031 5.48517 5.92553 6.49401 6.49401 6.49401 6.49401 6.49401 6.49401 6.49401 6.49401 6.49401 6.49401 6.49401 6.49401 6.49401 6.40729 6.19016 5.09948 4.43276 3.79004 3.79004 3.79004 3.79004 3.79004 3.79004 3.79004 3.79004 3.79004 3.79004 3.79004 3.69578 3.26620 3.26620 3.26620 3.26620 3.26620 3.26620 3.26620 3.19503 3.09086 3.01563 2.95872 2.91641 2.90769 2.90769 2.61620 2.54918 2.54918 2.54918 2.54918 2.54918 2.54918
3.46836 3.80468 4.02163 4.06007 4.09851 4.12762 4.12936 4.18751 4.76389 5.19193 5.20692 5.20692 5.20692 5.21244 5.30546 5.43998 5.65321 6.49942 6.50302 6.50679 6.51054 6.51442 6.51834 6.52234 6.52644 6.53057 6.53484 6.53913 6.54359 6.54801 6.48877 6.40645 5.13960 4.64759 3.79004 3.79004 3.79004 3.79004 3.79004 3.79004 3.79004 3.79004 3.79004 3.79004 3.79004 3.77227 3.27565 3.26620 3.26620 3.26620 3.26620 3.26620 3.19392 2.90800 2.90769 2.90769 2.90769 2.90769 2.90769 2.90769 2.71592 2.54918 2.54918 2.54918 2.54918 2.54918 2.54918
3.66493 3.90557 4.17707 4.18117 4.18528 4.18938 4.19349 4.19763 4.49039 4.92651 5.04154 5.04615 5.05180 5.05808 5.06262 5.16300 5.29710 6.47776 6.62698 6.62698 6.62698 6.62698 6.62698 6.62698 6.62698 6.62698 6.62698 6.62698 6.62698 6.62698 6.50861 6.18166 5.25333 4.82841 3.82426 3.79004 3.79004 3.79004 3.79004 3.79004 3.79004 3.79004 3.79004 3.79004 3.79004 3.79004 3.43532 3.26620 3.26620 3.26620 3.26620 3.26620 3.26620 2.94319 2.90769 2.90769 2.90769 2.90769 2.90769 2.90769 2.78851 2.54918 2.54918 2.54918 2.54918 2.54918 2.54918
3.66227 3.87057 4.21447 4.22741 4.22741 4.22710 4.20918 4.17895 4.27102 4.72478 5.04495 5.04507 5.04507 5.04507 5.04507 5.09375 5.29578 6.11860 6.62698 6.62698 6.62698 6.62698 6.62698 6.62360 6.50685 6.31811 6.10563 5.86510 5.58948 5.27156 5.08951 4.86354 4.84858 4.84858 4.01893 3.79004 3.79004 3.79004 3.79004 3.78429 3.75164 3.71093 3.66411 3.60960 3.54454 3.46645 3.31704 3.26620 3.26620 3.26620 3.26620 3.26620 3.26620 3.01988 2.90769 2.90769 2.90769 2.90769 2.90769 2.91360 2.86097 2.54918 2.54918 2.54918 2.54918 2.54918 2.54918
3.58799 3.85214 4.10426 4.17041 4.13597 4.09806 4.08319 4.08319 4.16597 4.56389 5.04507 5.04507 5.04507 5.04507 5.04507 5.04725 5.27838 5.74291 6.46997 6.27671 6.05896 5.81193 5.52832 5.20750 5.09236 5.09236 5.08433 5.07176 5.05879 5.04619 5.03326 4.85635 4.79619 4.81659 4.23665 3.80890 3.78142 3.74771 3.70687 3.67013 3.68890 3.71424 3.74012 3.76565 3.79099 3.81643 3.84195 3.86729 3.89299 3.91870 3.94422 3.96948 3.99500 3.74881 3.29748 3.31047 3.32323 3.33594 3.34862 3.35547 3.31236 2.54918 2.54918 2.54918 2.54918 2.54918 2.54918
3.28189 3.50057 3.84449 4.12653 4.13768 4.14908 4.16068 4.17252 4.24064 4.58323 4.93239 4.91633 4.82840 4.72339 4.61813 4.51310 4.57938 4.57833 4.81850 4.80866 4.79566 4.78309 4.77016 4.75804 4.75988 4.76869 4.78517 4.80656 4.82796 4.84937 4.87077 4.82022 4.65275 4.65275 4.46723 4.16175 4.16175 4.16175 4.16175 4.16175 4.16175 4.16175 4.16175 4.16175 4.16175 4.16175 4.16175 4.16175 4.16175 4.16175 4.16175 4.16175 4.16175 4.14531 3.38924 3.35547 3.35547 3.35547 3.35547 3.35547 3.35547 2.69057 2.54918 2.54918 2.54918 2.54918 2.54918
