High_resolution/powerplant/Chizhou/OMI_NO2_200605.asc
ncols      200
nrows      200
xllcorner       115.585
yllcorner       28.7700
cellsize     0.0166667
NODATA_Value      -999.000
[rows 87 to 115 of 188, columns 67 to 133 of 200]
4.82439 4.89747 4.97053 5.03719 5.02249 4.39054 4.04084 4.08898 4.14077 4.14077 4.14077 4.14077 4.14077 4.22325 4.30477 4.28812 4.23679 4.24449 4.25215 4.25560 4.51057 4.77549 5.07149 5.10244 5.13228 5.16741 5.39665 5.65451 5.86970 6.22232 6.26328 6.34945 6.42593 6.50081 6.54796 6.35241 6.17880 6.10101 5.86201 5.50003 5.50003 5.50003 5.50003 5.50003 5.48658 5.12195 5.10607 5.10607 5.10607 5.10607 5.24012 5.27503 5.17828 5.17113 5.21617 5.13962 4.74729 3.86304 3.53154 3.17901 3.03927 2.96015 2.99212 3.02767 3.05865 3.00679 2.88386
5.04962 5.04962 5.04962 5.04962 5.04962 4.55497 4.12285 4.04323 4.14254 4.14983 4.15752 4.16522 4.17291 4.21149 4.33871 4.33763 4.26402 4.26334 4.28858 4.36195 4.61293 4.89352 5.26076 5.32013 5.35205 5.37579 5.47813 5.91614 6.01961 6.48332 6.54805 6.54868 6.54868 6.54868 6.54868 6.42804 6.21779 6.10914 5.97592 5.56209 5.50003 5.50003 5.50003 5.50003 5.50003 5.23578 5.10607 5.10607 5.10584 5.05782 4.99471 4.98491 4.69707 4.50236 4.37339 3.96430 3.55432 3.48395 3.38374 2.95735 2.95940 3.08554 3.09619 3.09619 3.09614 3.05673 2.86310
5.04962 5.04962 5.04962 5.01429 4.92383 4.56267 4.23359 4.03950 4.17670 4.18151 4.18184 4.18430 4.19761 4.25915 4.48395 4.62264 4.67015 4.74212 4.82181 4.85304 4.88847 4.99782 5.32560 5.49991 5.58662 5.67389 5.72664 6.08543 6.14478 6.42048 6.54868 6.54868 6.54868 6.54868 6.54868 6.50361 6.25727 6.10864 6.02687 5.70609 5.50003 5.50003 5.50003 5.49992 5.46275 5.20135 4.78659 4.63806 4.48976 4.36654 4.10471 3.99334 3.52630 3.25714 3.30450 3.35104 3.33197 3.37965 3.38893 2.94371 2.87489 2.96193 2.98734 2.94901 2.85822 2.77098 2.68752
4.82103 4.72986 4.63879 4.58295 4.58234 4.47724 4.26667 4.16134 4.33438 4.43981 4.43651 4.38807 4.32883 4.22174 4.60658 4.93663 4.90887 4.85327 4.88954 4.97632 5.06890 5.26944 5.55012 5.72712 5.72712 5.72712 5.72712 5.96017 6.14478 6.28581 6.54868 6.54868 6.54868 6.54868 6.54868 6.54834 6.29381 6.14193 6.06914 5.76924 5.35547 5.21205 5.02679 4.84157 4.69372 4.59481 4.19585 3.86720 3.53922 3.23395 3.16949 3.35367 3.30417 3.15890 3.13663 3.16497 3.13179 3.06074 2.97813 2.64468 2.37273 2.37176 2.43680 2.37902 2.37490 2.37490 2.53907
4.51580 4.39934 4.29082 4.19012 4.09627 4.00846 4.15244 4.31732 4.28414 4.23169 4.18868 4.18868 4.18868 4.18868 4.34535 4.85353 4.79415 5.13466 5.20206 5.20234 5.20234 5.29441 5.44534 5.72102 5.72712 5.72712 5.72712 5.83485 6.14478 6.16024 6.53079 6.54868 6.54835 6.52835 6.49674 6.46517 6.24197 5.97115 5.72145 5.32742 4.70090 4.60521 4.53178 4.26813 3.99482 3.72191 3.25963 3.16949 3.16836 3.15221 3.14078 3.15659 3.03043 2.83610 2.72957 2.63546 2.58211 2.57591 2.49397 2.38448 2.09045 2.11326 2.37052 2.37490 2.37490 2.37490 2.46900
3.95775 3.95738 3.89005 3.74287 3.59564 3.44847 3.55338 3.90585 4.05134 4.18791 4.17176 4.11208 4.05027 3.98844 3.95608 4.62817 4.69596 5.04723 5.20234 5.20234 5.20234 5.26163 5.38525 5.67004 5.72712 5.72712 5.72712 5.72816 6.07775 6.06680 6.31684 6.41493 6.34288 6.29203 6.25298 6.21068 6.05832 5.80139 5.48081 5.07062 4.35262 3.80858 3.59780 3.58759 3.58970 3.59191 3.36383 3.09150 3.07807 3.08331 3.08402 2.97371 2.71994 2.64785 2.61637 2.58863 2.57969 2.57969 2.52233 2.48284 2.11676 2.09045 2.31138 2.37490 2.37591 2.37958 2.41511
3.61075 3.46352 3.38349 3.38337 3.38337 3.38337 3.44830 3.73306 3.87532 3.95944 3.95008 3.94801 3.94801 3.94801 3.94801 4.39623 4.69596 4.88550 5.20234 5.20234 5.20234 5.22884 5.33748 5.58419 5.63179 5.59492 5.55803 5.59845 5.81560 5.78441 5.89124 6.17555 6.17631 6.17852 6.17742 5.98790 5.56852 5.02233 4.47590 4.16078 3.68521 3.59806 3.61383 3.61687 3.61687 3.61687 3.51616 3.08402 3.08402 3.08402 3.08402 3.06929 2.73548 2.66941 2.61751 2.59931 2.57969 2.57969 2.55175 2.49048 2.23706 2.09753 2.23776 2.39157 2.41972 2.44685 2.47141
3.38337 3.38337 3.37300 3.30695 3.23285 3.15866 3.12464 3.42037 3.72899 3.85253 3.94801 3.94801 3.94801 3.94801 3.94801 4.15711 4.69603 4.73358 5.19615 5.20617 5.20753 5.21046 5.34388 5.62606 5.80870 5.95296 6.11006 6.20193 5.99608 5.50808 5.37929 5.72169 5.35600 4.87385 4.28524 3.85402 3.61063 3.80577 3.94424 4.03118 3.62249 3.61687 3.61687 3.61687 3.61687 3.61687 3.61256 3.13690 3.08402 3.08402 3.08402 3.08402 2.80491 2.68833 2.62568 2.60901 2.58608 2.59660 2.60312 2.54140 2.42860 2.20123 2.27565 2.48632 2.48495 2.44841 2.40327
3.24062 3.16651 3.10274 3.09457 3.09457 3.09457 3.09457 3.33060 3.66525 3.78754 3.94801 3.94826 3.94951 3.95087 3.95223 3.97035 4.65586 4.70340 5.15367 5.42705 5.56535 5.70062 5.89742 5.94812 5.86179 5.70970 5.55719 5.40469 5.21819 4.50874 4.28248 3.89893 3.60833 3.49539 3.49539 3.49539 3.49539 3.69519 3.89915 4.04908 3.71697 3.61687 3.61687 3.61687 3.61687 3.61687 3.61687 3.30826 3.08402 3.08402 3.08402 3.08439 2.90212 2.72171 2.65337 2.63499 2.63302 2.65482 2.67667 2.64828 2.61533 2.29546 2.28534 2.33352 2.29258 2.28534 2.28534
3.09457 3.09457 3.09457 3.09457 3.09457 3.09457 3.08609 3.19127 3.59466 3.75075 3.93285 3.95510 3.95520 3.97921 4.10689 4.24563 4.83263 5.17174 5.38724 5.64947 5.58497 5.52661 5.45311 5.35718 5.21011 5.11633 4.93228 4.72713 4.49945 3.81773 3.63510 3.58460 3.49539 3.49539 3.49539 3.49539 3.49539 3.59715 3.88764 4.01046 3.84201 3.61687 3.61687 3.61687 3.61687 3.61687 3.61687 3.47594 3.11584 3.14629 3.17993 3.21683 3.12248 2.78793 2.71745 2.69155 2.70357 2.70360 2.70360 2.67758 2.63764 2.38547 2.27749 2.27460 2.27158 2.26841 2.27293
3.09457 3.08299 3.05903 3.03504 3.01108 2.98708 2.97160 3.03536 3.45532 3.76730 3.98078 4.22758 4.32664 4.46860 4.52461 4.56934 4.69401 4.87316 4.93587 5.47704 5.48038 5.39194 5.21055 4.94294 4.50452 4.38665 4.38665 4.38665 4.38665 4.04358 3.63510 3.62965 3.50140 3.49539 3.49539 3.49539 3.49539 3.51392 3.87516 3.96084 3.96694 3.62209 3.64996 3.68392 3.72052 3.75462 3.79170 3.78411 3.26726 3.28075 3.31718 3.35359 3.37331 2.88650 2.79341 2.74243 2.75097 2.75996 2.76944 2.79211 2.79256 2.69604 2.47253 2.57189 2.69313 2.84451 3.00293
2.98370 2.97130 2.97130 2.98698 3.04343 3.14909 3.25488 3.35281 3.39818 3.65779 3.93965 4.53946 4.62409 4.64158 4.64158 4.64158 4.64953 4.80374 4.70054 4.92777 4.82103 4.72346 4.72342 4.64106 4.45442 4.38658 4.38665 4.38665 4.38665 4.26824 3.63510 3.63510 3.53810 3.49539 3.49539 3.49523 3.46126 3.40216 3.60135 3.64556 3.77185 3.79879 3.80551 3.79955 3.79359 3.80703 3.83434 3.86166 3.53752 3.38529 3.38529 3.38529 3.37006 2.99365 2.95421 3.15625 3.32513 3.53150 3.78970 4.03800 3.95892 3.82594 3.04715 3.04099 3.04099 3.04099 3.04099
3.17152 3.27858 3.37730 3.45459 3.49535 3.56164 3.65274 3.74395 3.68557 3.91842 3.95934 4.60334 4.64158 4.60164 4.50728 4.41286 4.31830 4.37473 4.43101 4.54928 4.72346 4.72346 4.72346 4.66587 4.52019 4.38589 4.38665 4.38665 4.38665 4.38657 3.73108 3.55816 3.44473 3.31561 3.25526 3.19225 3.18859 3.21064 3.35701 3.51873 3.65241 3.76845 3.82562 3.85294 3.88026 3.88670 3.86179 3.83615 3.60745 3.23957 3.20535 3.17115 3.15219 3.15215 3.33286 4.08664 4.08664 4.08664 4.08664 4.08664 4.01734 3.90916 3.23356 3.04099 3.04099 3.04099 3.04099
3.49952 3.55236 3.64357 3.73474 3.82446 3.85518 3.85518 3.85518 3.72863 3.83963 3.81790 4.18927 4.32792 4.27342 4.27313 4.27313 4.27313 4.32433 4.43101 4.46508 4.72327 4.72346 4.72346 4.69072 4.58623 4.35717 4.27539 4.20152 4.12768 4.05333 3.53916 3.21286 3.23496 3.20514 3.22405 3.24669 3.24872 3.24986 3.32381 3.56281 3.61801 3.75873 3.78954 3.76389 3.73825 3.72000 3.71928 3.71928 3.65189 3.15215 3.15215 3.15215 3.15215 3.15215 3.17363 4.04344 4.08664 4.08664 4.08664 4.08664 4.07285 3.91197 3.50133 2.91508 2.71537 2.51541 2.30205
3.81656 3.85518 3.85518 3.85518 3.85518 3.83097 3.74015 3.64571 3.49119 3.41035 3.57348 3.82782 4.27313 4.27313 4.27313 4.27313 4.27313 4.28203 4.42731 4.43002 4.63616 4.66304 4.62889 4.58638 4.46682 4.16443 3.84767 3.72989 3.62948 3.54137 3.45897 3.30919 3.32370 3.31101 3.32957 3.37878 3.42802 3.47609 3.51292 3.65246 3.52157 3.65556 3.71894 3.71928 3.71928 3.71928 3.71928 3.71928 3.71928 3.25557 3.15215 3.15215 3.15215 3.15215 3.15215 3.76532 4.08664 4.08664 4.07398 3.81847 3.47059 2.99680 2.61868 2.32782 2.36030 2.38863 2.42307
3.85518 3.83731 3.74988 3.65533 3.56078 3.49055 3.48672 3.48672 3.48148 3.33788 3.56171 3.62561 4.26348 4.27313 4.26965 4.24913 4.22638 4.20360 4.27721 4.29390 4.40033 4.46407 4.34308 4.21854 4.02031 3.77946 3.57596 3.60897 3.64717 3.68436 3.71697 3.54404 3.55524 3.54233 3.52053 3.52053 3.52053 3.52053 3.52053 3.61583 3.56077 3.60329 3.70520 3.71928 3.71928 3.71928 3.71928 3.71928 3.71928 3.44173 3.15215 3.15215 3.15215 3.15215 3.13287 3.25727 3.42326 3.07539 2.87444 2.75736 2.66795 2.62914 2.66666 2.50257 2.47443 2.55097 2.63069
3.57044 3.49376 3.48672 3.48672 3.48672 3.48672 3.48672 3.48672 3.48672 3.32854 3.51128 3.52077 4.02722 4.17434 4.15505 4.15279 4.13375 4.05711 4.01256 3.97099 3.89286 3.96061 3.95016 3.94056 3.96283 3.98729 3.85374 3.78509 3.78509 3.78509 3.78509 3.63399 3.55688 3.55558 3.52221 3.52053 3.52053 3.52053 3.52053 3.57839 3.60733 3.54826 3.68662 3.71928 3.71928 3.71928 3.71928 3.71928 3.71928 3.59837 3.11781 2.91013 2.67834 2.44632 2.23378 2.21405 2.39104 2.20172 2.41094 2.46404 2.46404 2.48142 2.65857 2.56023 2.47443 2.54651 2.66048
3.48672 3.48672 3.48672 3.48672 3.48903 3.49420 3.49937 3.50454 3.50971 3.40515 3.37636 3.45446 3.75579 4.00494 3.91606 3.82863 3.76571 3.76110 3.76537 3.81325 3.81406 3.90722 3.92449 3.92449 3.95029 4.00854 3.90352 3.78509 3.78509 3.78509 3.78509 3.70211 3.55688 3.55688 3.53207 3.52053 3.52053 3.52053 3.52053 3.54439 3.65019 3.49928 3.66774 3.71928 3.71928 3.71928 3.67802 3.44511 3.13848 2.77625 2.21709 2.17419 2.06112 1.93504 1.80896 1.73152 1.93165 1.95059 2.23576 2.46404 2.46404 2.46404 2.60025 2.53613 2.33211 2.28289 2.42812
3.49488 3.50005 3.50522 3.51040 3.51326 3.51327 3.51044 3.49806 3.51239 3.49580 3.43673 3.57427 3.61164 3.74993 3.75744 3.76361 3.76422 3.76422 3.76422 3.80351 3.83215 3.89391 3.92449 3.92449 3.92855 4.01234 3.95882 3.78792 3.78509 3.78509 3.78509 3.76748 3.55952 3.55688 3.54421 3.52053 3.52053 3.52053 3.52053 3.50124 3.57254 3.39718 3.36282 3.32445 3.01775 2.64960 2.28549 2.18958 2.10050 1.97446 1.84833 1.74108 1.72811 1.72811 1.72811 1.73262 1.82842 1.80751 1.86859 2.20142 2.14963 2.10163 2.12535 2.20428 2.07807 2.06577 2.23820
3.50790 3.48656 3.46356 3.46033 3.47809 3.49588 3.51641 3.54715 3.55667 3.56398 3.48112 3.60077 3.60968 3.74071 3.76422 3.76445 3.77849 3.80229 3.82834 3.88317 3.92449 3.92449 3.92449 3.92449 3.92449 3.99229 3.98370 3.82680 3.78509 3.78509 3.78509 3.78509 3.61015 3.55159 3.50700 3.43809 3.39466 3.34292 3.22804 3.10930 3.03079 2.80232 2.39706 2.17569 2.13951 2.01384 1.88776 1.76512 1.73045 1.75429 1.78336 1.81235 1.84139 1.87044 1.89942 1.92396 1.77676 1.58032 1.58191 2.01949 2.05797 2.05797 2.07292 2.20446 2.11998 2.06577 2.16924
3.44917 3.48825 3.52899 3.55030 3.55588 3.56340 3.57092 3.57786 3.57928 3.57928 3.50004 3.57989 3.61799 3.72445 3.82561 3.85370 3.86482 3.86482 3.86482 3.87337 3.92448 3.92449 3.92449 3.92449 3.92449 3.96843 3.99797 3.87650 3.76268 3.71171 3.66059 3.60942 3.45028 3.22125 3.10743 3.02713 2.93886 2.83426 2.81224 2.81205 2.79523 2.65033 2.34829 1.87849 1.80819 1.83690 1.86589 1.89491 1.92162 1.92678 1.92678 1.92678 1.92678 1.92678 1.92678 1.92678 1.86712 1.58032 1.58032 1.90746 2.05797 2.05797 2.05797 2.17109 2.16320 2.06683 2.11271
3.55509 3.56261 3.57012 3.57734 3.57928 3.57928 3.57928 3.57928 3.58547 3.60020 3.56577 3.58319 3.67937 3.72416 3.86482 3.86482 3.86482 3.86482 3.86482 3.86482 3.91414 3.92449 3.92318 3.89201 3.84841 3.82475 3.84801 3.71118 3.47063 3.33251 3.17021 2.98216 2.77610 2.69040 2.68059 2.70162 2.72472 2.59773 2.44168 2.27495 2.10396 1.99457 2.36678 2.03153 1.92679 1.92678 1.92678 1.92678 1.92678 1.92678 1.92678 1.92678 1.92678 1.92678 1.92678 1.92678 1.92560 1.61205 1.58032 1.77568 2.05797 2.05980 2.07567 2.15915 2.25365 2.11215 1.97749
3.57928 3.57928 3.57928 3.57928 3.58420 3.59867 3.61470 3.63232 3.64286 3.64289 3.62880 3.54107 3.67618 3.68186 3.85093 3.86482 3.86482 3.85845 3.81944 3.77583 3.76272 3.74837 3.70608 3.68970 3.59566 3.45534 3.38930 3.16287 2.73081 2.61363 2.51572 2.41999 2.31600 2.20265 2.07851 1.99050 1.98840 1.96432 1.96432 1.96432 1.96432 1.96432 2.26422 2.16872 1.93068 1.92678 1.92678 1.92678 1.92678 1.92678 1.92678 1.92678 1.92678 1.92678 1.92678 1.92678 1.92678 1.70553 1.60738 1.67693 2.01107 1.96639 1.96369 1.96754 1.62462 1.43440 1.38759
3.58308 3.59714 3.61301 3.63047 3.64264 3.64289 3.64289 3.64289 3.64289 3.64289 3.64289 3.52680 3.64880 3.62111 3.69536 3.71937 3.67579 3.63856 3.63399 3.59338 3.47008 3.37209 3.20109 3.00235 2.92329 2.89939 2.99346 2.76290 2.14168 1.97115 1.97109 1.97109 1.97109 1.97109 1.97109 1.97109 1.96632 1.96432 1.96432 1.96432 1.96432 1.96432 2.15285 2.30664 1.93703 1.92678 1.92678 1.92678 1.92678 1.92678 1.92678 1.92678 1.92678 1.93328 1.95731 1.98236 2.00740 1.89370 1.74291 1.83856 1.93422 2.02093 2.03625 2.03625 1.63353 1.47245 1.38759
3.64225 3.64289 3.64289 3.64289 3.64289 3.64289 3.64289 3.70145 3.82688 3.95265 4.07828 4.12027 3.60575 3.44854 3.50349 3.52327 3.37443 3.20610 3.03292 2.93194 2.96149 2.89642 2.86138 2.86006 2.86006 2.86006 2.93803 2.89976 2.21466 1.97109 1.97109 1.97109 1.97109 1.97109 1.97109 1.97109 1.96856 1.96432 1.96432 1.96432 1.96432 1.96432 2.04141 2.38649 2.00512 1.92678 1.92678 1.92678 1.92678 1.93601 1.96081 1.98583 2.01086 2.02941 2.06094 2.15469 2.25038 2.30054 2.03625 2.03625 2.03625 2.03625 2.03625 2.03625 1.80070 1.51266 1.38401
3.64289 3.64334 3.71704 3.84280 3.96843 4.09425 4.21982 4.28708 4.28714 4.28548 4.25535 4.11696 3.56105 3.13592 3.04637 2.90696 2.93995 2.98244 3.01148 3.01232 3.01232 2.92722 2.86006 2.86006 2.86006 2.86006 2.88694 3.06268 2.34980 1.97454 1.97109 1.97109 1.97109 1.97109 1.97109 1.97109 1.97081 1.96459 1.96432 1.96432 1.96432 1.96432 1.96325 2.34004 2.12612 1.93833 1.96427 1.98930 2.01433 2.03014 2.04152 2.12439 2.22001 2.31574 2.38082 2.38272 2.38272 2.38272 2.08153 2.03020 2.02183 2.01346 2.00509 1.99672 1.91919 1.46792 1.36116
4.10991 4.23515 4.28714 4.28446 4.27735 4.26997 4.20878 4.11333 4.01796 3.92420 3.86522 3.88485 3.59413 3.10495 3.14500 3.05460 3.01232 3.01232 3.01232 3.01232 3.01232 2.97543 2.86006 2.86006 2.86006 2.86006 2.86023 3.04867 2.55698 2.05110 1.97109 1.97109 1.97109 1.97109 1.97109 1.97109 1.97032 1.95902 1.95026 1.94283 1.93541 1.87684 1.77419 1.95350 2.00043 2.01531 2.03169 2.09409 2.18971 2.28537 2.36993 2.38271 2.38096 2.37792 2.37487 2.37183 2.36878 2.36574 2.12940 1.97689 1.97689 1.97689 1.97689 1.97689 1.97689 1.56266 1.40316
4.26282 4.24393 4.15859 4.06586 3.97756 3.88964 3.85994 3.88989 3.92403 3.95810 3.98598 3.98864 3.83129 3.18594 3.14650 3.09588 3.01232 3.01232 3.01232 3.01232 3.01232 3.01064 2.87309 2.86006 2.86006 2.86006 2.86006 2.98199 2.75230 2.15722 1.97109 1.96737 1.95755 1.94765 1.93775 1.92785 1.91862 1.85538 1.77319 1.67482 1.57681 1.53023 1.53023 1.72162 2.04997 2.19139 2.35286 2.37862 2.37233 2.36929 2.36624 2.36320 2.36190 2.36190 2.36190 2.36190 2.36190 2.36190 2.22802 1.97689 1.97689 1.97689 1.97689 1.97689 1.97689 1.72987 1.44513
3.94209 3.86556 3.85841 3.88659 3.92071 3.95479 3.98453 3.98864 3.98864 3.98864 3.98864 3.98864 3.88944 3.36618 3.14650 3.13200 3.01242 3.01232 3.01232 3.01232 3.01232 3.01232 2.91962 2.86006 2.86006 2.85857 2.80923 2.78970 2.68733 1.97271 1.92317 1.91699 1.91675 1.84477 1.71362 1.58336 1.45273 1.39830 1.52873 1.56620 1.65437 1.75919 1.88564 2.01224 2.24098 2.27846 2.38045 2.37438 2.36190 2.36190 2.36190 2.36190 2.36190 2.36190 2.36190 2.36190 2.36190 2.36190 2.32689 1.97828 1.97689 1.97689 1.97689 1.97689 1.96229 1.81079 1.30076
