High_resolution/powerplant/Chizhou/OMI_NO2_200906.asc
ncols      200
nrows      200
xllcorner       115.585
yllcorner       28.7700
cellsize     0.0166667
NODATA_Value      -999.000
[rows 0 to 28 of 165, columns 67 to 133 of 200]
4.40764 4.40764 4.40764 4.40764 4.40764 4.40764 4.40764 4.40764 4.38186 4.23537 4.00361 3.87284 3.91864 3.85676 3.80342 3.79506 3.79506 3.61555 3.48877 3.48877 3.48877 3.48877 3.48877 3.48877 3.48877 3.48877 3.48262 3.75303 3.62643 3.49781 3.39494 2.77832 2.73512 2.73512 2.73512 2.73512 2.73512 2.73512 2.73776 2.76294 2.80277 3.33488 6.67840 7.83840 7.48169 7.32827 7.16790 7.02595 6.94781 6.77625 6.29309 6.25553 6.21994 6.18930 6.16266 6.13925 6.12678 6.12670 5.37650 4.70356 4.10012 3.98145 3.93446 4.79878 4.87333 4.87333 4.87333
4.40764 4.40764 4.40764 4.40764 4.34346 4.23950 4.17861 4.13882 4.11759 4.13446 3.91935 3.59961 3.79506 3.79506 3.79506 3.79506 3.79506 3.71371 3.48877 3.48877 3.48877 3.48360 3.47042 3.40263 3.33981 3.29004 3.25271 3.32400 3.38296 3.38173 3.38055 3.13140 2.97199 2.98321 2.99362 3.00357 3.01280 3.02160 3.20562 3.86196 4.38781 5.44916 6.35179 6.96009 6.94334 6.87599 6.79176 6.71967 6.65712 6.59323 6.15521 6.12670 6.12670 6.12415 5.98128 5.78342 5.61164 5.46121 5.08327 4.47162 3.91999 3.91999 3.91999 4.50798 4.87333 4.87333 4.87333
4.32741 4.24375 4.19040 4.15345 4.13587 4.13568 4.13568 4.13568 4.13568 4.13568 4.08358 3.56760 3.75873 3.79506 3.79506 3.79506 3.79506 3.78392 3.49211 3.40764 3.34046 3.29418 3.26462 3.25969 3.25969 3.25969 3.25969 3.29225 3.37257 3.37257 3.37257 3.26962 3.03061 3.03061 3.19034 3.84101 4.35932 4.73413 4.96274 4.99366 5.01162 5.35453 5.95170 6.52350 6.56484 6.55704 6.55704 6.55704 6.55704 6.54530 6.09024 5.75662 5.58839 5.44224 5.39302 5.39302 5.39302 5.39302 5.32651 4.54966 4.03126 3.91999 3.91999 4.29171 5.12515 5.27984 5.40611
4.13458 4.13568 4.13568 4.13568 4.13568 4.13568 4.13568 4.13568 4.13568 4.13568 4.13568 3.68354 3.68663 3.79506 3.80837 3.95797 4.14350 4.32875 3.62035 3.23756 3.23756 3.25118 3.25969 3.25969 3.25969 3.25969 3.25969 3.26595 3.37071 3.37328 3.37959 3.61601 4.32818 4.70614 4.96789 5.02024 5.03666 5.05175 5.06571 5.07516 5.07557 5.18560 5.74806 6.43888 6.51953 6.53088 6.32032 6.10276 5.91364 5.75414 5.60259 5.39302 5.39302 5.39302 5.39302 5.39302 5.39302 5.39302 5.39302 4.82104 4.48347 4.49884 4.70114 4.84297 5.43167 5.45983 5.38743
4.08857 4.13568 4.13568 4.13568 4.13568 4.13568 4.13568 4.13568 4.13568 4.13568 4.14276 3.99593 3.94415 4.31031 4.48240 4.51812 4.51812 4.51812 4.04875 3.23756 3.23756 3.24617 3.25969 3.25969 3.25969 3.26230 3.26744 3.27258 3.39379 3.54414 3.64563 4.53594 4.97508 5.07186 5.07557 5.07557 5.07557 5.07557 5.07557 5.07557 5.07557 5.11422 5.50430 5.91636 5.83082 5.73972 5.71578 5.71578 5.71578 5.71578 5.69480 5.39889 5.39302 5.39302 5.39302 5.39139 5.34645 5.28236 5.21822 5.12554 5.00639 4.76646 4.67180 4.57710 4.90105 5.02794 5.00565
4.02781 4.13568 4.13568 4.13568 4.13568 4.13568 4.13857 4.26142 4.44674 4.63220 4.81043 4.74263 4.28830 4.49518 4.51812 4.51812 4.51812 4.51812 4.43848 3.26902 3.23861 3.24745 3.27039 3.31789 3.39953 3.47857 3.55506 3.63156 3.79238 3.90907 3.90907 4.35588 4.88573 5.07557 5.07557 5.07557 5.07557 5.11392 5.32111 5.54812 5.77631 5.96661 5.51482 5.47196 5.63707 5.71561 5.71578 5.71578 5.71578 5.71578 5.71578 5.47611 5.36655 5.30269 5.23851 5.17609 5.12090 5.04991 4.97885 4.89957 4.73618 4.38164 4.37008 4.37008 4.58579 5.04951 5.13674
3.97611 4.13568 4.13626 4.24276 4.42830 4.61362 4.79612 4.85873 4.85873 4.85873 4.85873 4.85570 4.34184 4.42455 4.51812 4.51816 4.52228 4.53624 4.62518 3.82551 3.56121 3.66393 3.66620 3.68999 3.68999 3.68999 3.68999 3.68999 3.73164 3.90907 3.90907 4.05822 4.77549 5.11611 5.32440 5.55268 5.77899 5.96862 5.98871 5.98871 5.98871 5.98871 5.78073 5.36871 5.62715 5.70015 5.71578 5.71578 5.70456 5.64580 5.58166 5.36640 5.06105 4.98980 4.91881 4.84778 4.81275 4.81275 4.81275 4.81448 4.75359 4.66061 4.74038 4.83044 4.93733 5.48557 5.64208
4.14507 4.57619 4.77999 4.85873 4.85873 4.85873 4.85873 4.85873 4.85873 4.85873 4.85873 4.86528 4.57231 4.53856 4.76345 4.87221 4.97700 5.07188 5.09185 4.60466 3.81128 3.81128 3.72427 3.68999 3.68999 3.68999 3.68999 3.68999 3.69078 3.93969 4.22581 4.50934 5.32497 5.91853 5.98871 5.98871 5.98871 5.98871 5.98871 5.98871 5.98871 5.98871 5.97813 5.34737 5.62475 5.62514 5.60726 5.57751 5.56334 5.59677 5.63552 5.54612 4.81318 4.81328 4.81850 4.82479 4.83108 4.83738 4.84367 4.84825 4.81243 4.88925 5.06150 5.12736 5.19323 5.79213 6.03356
4.83614 4.86904 4.85873 4.85873 4.85873 4.85873 4.85873 4.89672 4.98962 5.08320 5.17670 5.26378 5.20883 5.00327 5.08703 5.09185 5.09185 5.09185 5.09185 5.00067 3.83583 3.81128 3.75005 3.68999 3.68999 3.74660 4.01975 4.33082 4.64382 5.03513 5.16975 5.19741 5.50908 5.98888 6.17308 6.19521 6.21750 6.23971 6.26192 6.28421 6.30630 6.30590 6.29795 5.81010 5.51263 5.55692 5.65685 5.66132 5.66496 5.67126 5.67756 5.68385 4.98534 4.84737 4.84845 4.84845 4.85094 4.89954 4.96541 5.03129 5.08926 5.06599 5.22653 5.22653 5.22653 5.53436 6.03356
4.90015 4.88538 4.88848 4.97473 5.06824 5.16184 5.25543 5.31094 5.31165 5.31165 5.31165 5.31165 5.29524 5.00805 5.06124 5.09185 5.09185 5.09185 5.09185 5.09185 4.16562 3.89057 4.28379 4.73581 5.04626 5.30257 5.34113 5.34174 5.34174 5.41239 5.56082 5.56082 5.63291 6.12375 6.39697 6.39697 6.39697 6.39881 6.38167 6.36139 6.34113 6.34364 6.36940 6.21144 5.76945 5.88651 5.71164 5.69434 5.69700 5.69700 5.69700 5.69700 5.25587 4.90879 4.97466 5.04053 5.10395 5.12121 5.12121 5.12121 5.12121 5.05582 5.20444 5.22653 5.22653 5.28867 6.10181
5.11631 5.19269 5.30431 5.31165 5.31165 5.31165 5.31165 5.31165 5.31165 5.31165 5.31165 5.31165 5.31165 5.08255 5.03302 5.09185 5.09185 5.09439 5.10852 5.12407 5.09401 5.30990 5.33344 5.34153 5.34174 5.34174 5.34174 5.34174 5.34174 5.35370 5.55611 5.56082 5.57005 6.00875 6.39658 6.39894 6.37929 6.40622 6.48295 6.56256 6.64209 6.72187 6.78552 6.77224 6.11484 6.11945 5.83329 5.69700 5.70718 5.76658 5.83248 5.89835 5.76987 5.12121 5.12121 5.12121 5.12121 5.12121 5.12121 5.12121 5.12121 5.08599 5.19766 5.45226 5.63656 5.82087 6.52413
5.23984 5.23984 5.29961 5.31165 5.31165 5.31165 5.31165 5.31165 5.31165 5.31165 5.31165 5.31165 5.31165 5.17520 5.02177 5.12071 5.13810 5.15111 5.15254 5.15254 5.16710 5.33068 5.33318 5.34017 5.34174 5.34174 5.34174 5.34189 5.37987 5.44665 5.67647 5.81816 5.96823 6.16824 6.50450 6.68141 6.76037 6.79081 6.79081 6.79081 6.79081 6.79081 6.79081 6.79081 6.36320 6.19831 6.09883 5.90760 5.96330 5.96976 5.96976 5.96976 5.96280 5.19733 5.12121 5.12121 5.12121 5.12121 5.11380 5.04529 4.96325 4.92665 5.76676 5.92566 5.94786 5.98146 6.35686
5.23984 5.23984 5.27719 5.31165 5.31165 5.31165 5.31165 5.31165 5.31165 5.31273 5.32525 5.34080 5.35636 5.32287 5.06153 5.12828 5.15254 5.15254 5.15254 5.15254 5.15254 5.28621 5.33318 5.35274 5.41629 5.48308 5.55330 5.62720 5.66329 5.67056 5.97264 6.40377 6.41115 6.42543 6.61335 6.79081 6.79081 6.79081 6.79081 6.79081 6.80774 6.87179 6.93859 7.00547 6.84050 6.39221 6.34705 5.97086 5.96976 5.96976 5.96976 5.96976 5.96976 5.44847 5.12070 5.07095 4.98888 4.90685 4.83216 4.83582 4.86943 4.90310 5.59773 6.07268 6.08791 6.08791 6.17588
5.23984 5.23984 5.25815 5.31165 5.31165 5.31224 5.32371 5.33927 5.35483 5.36928 5.37234 5.37234 5.37234 5.37234 5.10513 5.10007 5.15254 5.15254 5.15367 5.21139 5.30092 5.47201 5.67673 5.72010 5.67295 5.68022 5.68405 5.68405 5.68405 5.68405 5.80427 6.41115 6.41115 6.41115 6.51742 6.78277 6.80870 6.87319 6.93994 7.00684 7.05668 7.05950 7.05950 7.05950 7.03413 6.43105 6.39221 6.04652 5.96976 5.96976 5.96976 5.94352 5.86306 5.51781 4.86307 4.86401 4.89765 4.93127 4.96493 4.98135 4.98135 4.98135 5.34356 5.97829 5.85545 5.74761 5.63972
5.23984 5.24002 5.25079 5.33574 5.35329 5.36826 5.37234 5.37234 5.37234 5.37234 5.37234 5.37234 5.37234 5.37234 5.20392 5.11826 5.35904 5.45873 5.55634 5.59735 5.60660 5.62629 5.78802 5.77512 5.68405 5.68405 5.68405 5.68405 5.68405 5.68405 5.68456 6.32048 6.43476 6.51584 6.63637 6.93264 7.05706 7.05950 7.05950 7.05950 7.05950 7.05950 7.05950 7.05950 7.05950 6.67618 6.39221 6.15798 5.88872 5.80986 5.74669 5.71176 5.73112 5.71904 5.00769 4.98135 4.98558 5.06275 5.16671 5.27056 5.37424 5.47797 5.61904 5.98126 5.57600 5.72931 5.88282
5.16121 5.11559 5.06280 5.25894 5.37234 5.37234 5.37234 5.37234 5.37234 5.37240 5.38379 5.39325 5.40219 5.41120 5.37194 5.27315 5.54329 5.60895 5.60895 5.60895 5.60895 5.60895 5.74641 5.78959 5.69338 5.68405 5.68405 5.68405 5.70894 5.79049 5.87381 6.38418 6.73990 6.72842 6.71951 6.86594 7.01021 6.99879 6.98725 6.97585 6.96427 6.95286 6.94133 6.92889 6.87461 6.73711 6.20934 6.05437 5.74567 5.76342 5.76550 5.81211 5.91572 6.01975 5.56959 5.44306 5.54256 5.56907 5.56907 5.58280 5.71081 5.86400 6.01744 6.61099 6.09220 6.09220 6.09220
4.94212 4.94212 4.94212 5.11904 5.37234 5.36334 5.36732 5.37634 5.38532 5.39425 5.39186 5.39141 5.39141 5.39141 5.38808 5.27917 5.43969 5.60895 5.60895 5.60895 5.60895 5.60895 5.68740 5.78959 5.63704 5.62530 5.69431 5.76370 5.80785 5.79559 5.78136 5.98309 6.48423 6.48394 6.48394 6.59141 6.84777 6.84904 6.84904 6.84904 6.83211 6.78378 6.73489 6.68701 6.68091 6.81468 6.33276 6.40178 6.11427 6.19224 6.29604 6.35310 6.35322 6.35322 6.03569 5.59386 5.73293 5.88631 6.03969 6.17921 6.20470 6.20470 6.20470 6.53019 6.19464 6.09220 6.09220
4.92901 4.91911 4.92568 5.00206 5.36843 5.38639 5.39141 5.39141 5.39141 5.39141 5.39141 5.39141 5.39141 5.39141 5.39141 5.31020 5.33610 5.60895 5.60895 5.60895 5.56295 5.39902 5.29658 6.15270 5.98769 5.75684 5.75684 5.75684 5.75684 5.75684 5.75684 5.78617 6.46053 6.48394 6.48394 6.52394 6.79471 6.81596 6.76707 6.71815 6.73093 6.81761 6.90512 6.99235 7.07972 7.21670 7.11415 6.78673 6.49550 6.35322 6.35322 6.39225 6.53934 6.69259 6.76195 6.19337 6.20470 6.20470 6.20470 6.20470 6.20470 6.20470 6.20470 6.25472 6.45220 5.99048 5.73941
4.93959 4.95625 4.95643 4.95917 5.34721 5.39141 5.39141 5.39141 5.39141 5.39141 5.39141 5.39141 5.39141 5.39141 5.39141 5.34454 5.23980 5.37364 5.24584 5.07582 4.95207 4.94610 4.94610 5.95347 6.10463 5.75684 5.75684 5.75684 5.75684 5.75684 5.75654 5.74107 6.23989 6.42053 6.41004 6.48390 6.65307 6.94737 7.03465 7.12197 7.16465 7.16465 7.16465 7.16465 7.16465 7.16465 7.38051 6.84317 6.82789 6.71490 6.86821 6.98256 6.98886 6.98886 6.98886 6.35957 6.20470 6.20470 6.20470 6.20470 6.20470 6.18729 6.11084 6.02949 5.88331 4.97643 4.97685
4.95643 4.95643 4.95643 4.95643 5.21158 5.39141 5.39141 5.39141 5.39141 5.39141 5.39141 5.39141 5.36662 5.21449 5.04474 4.86193 4.62232 4.80121 4.94610 4.94610 4.94610 4.94610 4.94610 5.53120 6.21945 5.76657 5.75079 5.72794 5.70411 5.67511 5.63817 5.61633 6.09092 6.86469 6.96037 6.97426 6.88448 7.16465 7.16465 7.16465 7.16465 7.16465 7.16465 7.09961 6.93780 6.77392 6.97564 7.41464 7.37804 6.99033 6.98886 6.98886 6.98886 6.98886 6.98886 6.59576 6.20470 6.20003 6.13652 6.05515 5.97381 5.90987 5.92521 5.96291 6.05957 5.17219 5.20272
4.95643 4.95643 4.95643 4.95643 5.09269 5.39141 5.39141 5.39141 5.37470 5.23100 5.06131 4.89129 4.74645 4.72856 4.72856 4.72856 4.63275 4.69765 4.94610 4.94610 4.94610 4.94499 4.92182 5.05506 6.13416 5.72134 5.61294 5.59849 5.58500 5.57670 5.57660 5.57660 5.77416 6.97426 6.97426 6.97426 6.88207 7.11068 7.16465 7.09666 6.93393 6.77047 6.60735 6.50867 6.50768 6.50768 6.72591 7.32518 7.42236 7.07001 6.98886 6.98886 6.98886 6.98886 6.94630 6.70818 5.99946 5.93701 5.95655 5.99423 6.03196 6.06962 6.08710 6.08710 6.10575 5.53711 5.37189
4.95643 4.95643 4.95643 4.95643 4.98358 5.24635 5.07781 4.90779 4.75487 4.72856 4.72856 4.72856 4.72856 4.72856 4.72856 4.72856 4.66711 4.59555 4.87365 4.85413 4.80437 4.75572 4.72916 4.71152 5.73705 5.73271 5.57660 5.57660 5.57660 5.57660 5.57660 5.57660 5.57660 6.76900 6.97426 6.88541 6.67144 6.59009 6.60347 6.50834 6.50768 6.50768 6.50768 6.50768 6.50768 6.50768 6.61562 7.20731 7.42236 7.19450 6.96848 6.89058 6.81305 6.75101 6.73334 6.75125 6.13755 6.08678 6.08710 6.08634 6.02512 5.91852 5.80116 5.67165 5.52773 5.84839 6.20886
4.95255 4.86058 4.71809 4.56719 4.42405 4.64670 4.72856 4.72856 4.72856 4.72856 4.72856 4.72856 4.72737 4.67862 4.60085 4.52283 4.41135 4.22975 4.52949 4.70578 4.70578 4.70578 4.70578 4.70578 5.31447 5.82651 5.57660 5.57660 5.57660 5.57660 5.57660 5.48306 5.27891 5.86452 6.26802 6.15338 6.15305 6.22252 6.50382 6.48838 6.47235 6.45621 6.44021 6.42406 6.40797 6.39188 6.38576 7.00012 7.28256 7.12095 6.75155 6.76913 6.78640 6.78809 6.76674 6.69766 6.15621 5.71488 5.57609 5.42229 5.35844 5.35844 5.43426 5.84412 6.29272 7.01778 7.95745
4.32763 4.32586 4.31763 4.31763 4.31763 4.51404 4.72856 4.72856 4.71287 4.64073 4.56271 4.48478 4.40793 4.37866 4.37838 4.37838 4.37635 4.22304 4.37389 4.70578 4.70578 4.70578 4.70578 4.70578 4.89250 5.92626 5.44222 5.32388 5.10027 4.87540 4.65153 4.52057 4.50041 4.86662 5.85774 5.83774 5.81752 5.80719 6.18419 6.21030 6.21030 6.21030 6.21010 6.18111 6.13288 6.08467 6.04143 6.65774 7.12388 7.07723 6.65805 6.56374 6.47260 6.37089 6.29533 6.29309 6.02008 5.35844 5.47823 5.91081 6.35979 6.80895 7.18192 7.22142 7.22142 7.26006 8.01320
4.01526 4.31763 4.31760 4.31372 4.28169 4.30661 4.52460 4.44665 4.38428 4.37838 4.37838 4.37838 4.37838 4.37838 4.37838 4.37838 4.37838 4.27008 4.23499 4.69117 4.70578 4.70578 4.70578 4.71660 4.74109 5.24072 4.53447 4.38365 4.38365 4.38365 4.38365 4.38365 4.38365 4.42600 5.72236 5.78131 5.78131 5.78145 6.06809 6.21158 6.16516 6.11699 6.06892 5.99858 5.88063 5.76242 5.64422 5.88175 6.23099 6.40884 6.33923 6.29309 6.29309 6.29309 6.46672 6.91253 7.33104 6.91646 7.20521 7.22142 7.22142 7.22142 7.22142 7.22142 7.22142 7.22142 7.76936
3.75448 4.19457 4.13613 4.08148 4.05499 4.06306 4.36300 4.37838 4.37838 4.37838 4.37838 4.37838 4.37838 4.37838 4.37838 4.37838 4.37838 4.31918 4.21057 4.57080 4.73881 4.76334 4.78789 4.80162 4.80166 4.85104 4.52093 4.38365 4.38365 4.38365 4.38365 4.38365 4.38365 4.38325 5.35103 5.75605 5.74150 5.71328 5.68462 5.82337 5.70332 5.58511 5.46684 5.39974 5.39948 5.39948 5.39948 5.60232 6.08984 6.40839 6.56894 6.97960 7.42820 7.87756 8.15272 8.15607 8.15607 7.51509 7.22142 7.22142 7.22142 7.22142 7.22142 7.22142 7.31260 7.58947 7.97068
3.45000 4.01069 4.05499 4.05499 4.05499 4.05499 4.26813 4.37838 4.37838 4.37838 4.37838 4.37838 4.37838 4.37838 4.37838 4.38530 4.40909 4.42139 4.29250 4.50404 4.80166 4.80166 4.80166 4.80166 4.80166 4.81832 4.62922 4.38365 4.38365 4.37922 4.36502 4.35047 4.34103 4.34113 4.77704 5.20833 5.06049 4.92639 4.92129 5.38815 5.39948 5.39948 5.39948 5.39948 5.39948 5.39978 5.47187 5.68377 6.44873 7.44080 7.83322 8.15439 8.15607 8.15607 8.15607 8.15607 8.15607 7.79838 7.22142 7.22142 7.25830 7.49715 7.81871 8.22004 8.52849 8.72769 8.99218
3.43521 3.82227 4.05499 4.05499 4.05499 4.05499 4.17622 4.37838 4.37838 4.37838 4.37838 4.38368 4.40678 4.43134 4.45587 4.47352 4.47427 4.47427 4.34541 4.35420 4.79830 4.80166 4.80166 4.80166 4.80065 4.78568 4.70485 4.35202 4.35189 4.35617 4.37024 4.38466 4.39393 4.39411 4.45731 4.90206 4.90241 4.90241 4.90065 5.26166 5.39948 5.39999 5.47441 5.60031 5.72716 5.85321 5.90752 5.90986 6.60966 7.22631 7.80608 8.07380 8.15607 8.15607 8.15607 8.15607 8.16570 8.32423 7.72138 8.08571 8.62406 9.02358 9.37044 9.71662 10.0626 10.2149 10.2149
3.41279 3.61919 4.05499 4.05499 4.05499 4.05499 4.09745 4.38226 4.40449 4.42901 4.45359 4.47282 4.47427 4.47427 4.47427 4.47427 4.47427 4.47427 4.39449 4.30646 4.68754 4.77724 4.77437 4.77419 4.77502 4.78980 4.83764 4.40261 4.39411 4.39411 4.39411 4.39411 4.39411 4.39411 4.39411 4.81894 4.90241 4.90336 4.99811 5.34338 5.72935 5.85493 5.90752 5.90752 5.90752 5.90752 5.90752 5.90752 6.42159 6.86416 7.80608 7.96548 8.15607 8.30249 8.68590 9.14370 9.64600 9.76135 9.63329 10.0128 10.2137 10.2149 10.2149 10.1490 10.0355 9.93830 9.85429
