High_resolution/powerplant/Chizhou/OMI_NO2_200706.asc
ncols      200
nrows      200
xllcorner       115.585
yllcorner       28.7700
cellsize     0.0166667
NODATA_Value      -999.000
[rows 145 to 173 of 175, columns 0 to 65 of 200]
1.84389 1.46349 1.25457 1.25457 1.25457 1.25457 1.25457 1.25457 1.25457 1.25457 1.25457 1.25457 1.25457 1.25457 1.25457 1.25457 2.20211 2.95602 2.95602 2.95602 2.95602 2.95602 2.95602 2.95602 0.00000 0.00000 0.00000 0.00000 0.00000 0.00000 1.96540 1.87561 1.73624 1.66189 1.75642 1.74220 1.72781 1.71353 1.69939 1.69433 1.69433 1.69433 1.69433 1.69433 1.69433 1.69433 2.18934 2.34446 2.31946 2.98123 2.85254 2.70473 2.55692 2.40923 2.26129 2.11361 1.98273 1.96256 1.96256 1.96256 1.96256 2.23612 2.79484 2.79484 2.39835 2.12179
1.84389 1.61111 1.25457 1.25457 1.25457 1.25457 1.25457 1.25457 1.25457 1.25457 1.25457 1.25457 1.25457 1.25457 1.25457 1.35834 1.98156 2.95602 2.95602 2.95602 2.95602 2.95602 2.95602 0.00000 0.559473 0.559473 0.559473 0.559473 0.559473 0.559473 0.559473 1.16308 1.26753 1.28175 1.68203 1.69433 1.69433 1.69433 1.69433 1.69433 1.70509 1.72623 1.74712 1.76827 1.78936 1.81030 1.58145 1.18713 1.09984 1.76644 1.96256 1.96256 1.96256 1.96256 1.96256 1.96256 1.96256 1.96256 1.96256 1.96256 1.96256 2.03663 2.78216 2.74916 2.52463 2.16115
1.84389 1.75843 1.25457 1.25457 1.25457 1.25457 1.25457 1.30075 1.52283 1.76220 2.00138 2.24057 2.47994 2.71913 2.95850 3.09391 3.09447 3.09447 0.00000 0.00000 0.00000 0.00000 0.00000 0.00000 0.559473 0.559473 0.559473 0.559473 0.559473 0.559473 0.559473 1.02835 1.27895 1.29986 1.64401 1.76888 1.78982 1.81092 1.83204 1.85296 1.86331 1.86331 1.86331 1.86331 1.86331 1.86331 1.65697 1.09921 1.09921 1.55376 1.96256 1.96256 1.96256 1.96256 1.96256 1.96256 1.96350 1.98623 2.01396 2.03771 2.05827 2.07621 2.55760 2.64340 2.59693 2.19501
1.84389 1.84327 1.88240 2.16642 2.40561 2.64498 2.88417 3.07735 3.09447 3.09447 3.09447 3.09447 3.09447 3.09447 3.09447 3.09447 3.09447 3.09447 0.00000 0.00000 0.00000 0.00000 0.00000 0.00000 0.559473 0.559473 0.559473 0.559473 0.559473 0.559473 0.559473 0.904106 1.43651 1.43651 1.65391 1.86331 1.86331 1.86331 1.86331 1.86331 1.86331 1.86331 1.86331 1.86331 1.86331 1.86331 1.82989 1.11449 1.09921 1.34147 1.96256 1.97162 2.00070 2.02639 2.04845 2.06762 2.08399 2.08854 2.08854 2.08854 2.08854 2.08854 2.42284 2.64340 2.64340 2.25756
0.00000 0.00000 3.09447 3.09447 3.09447 3.09447 3.09447 3.09447 3.09447 3.09447 3.09447 3.09447 3.09447 3.09447 3.09447 3.09447 3.09447 3.09447 0.00000 0.00000 0.00000 0.00000 0.00000 0.00000 0.559473 0.559473 0.559473 0.559473 0.559473 0.559473 0.559473 0.610563 1.42248 1.43651 1.54825 1.86331 1.86331 1.86331 1.86331 1.86331 1.86331 1.86331 1.86331 1.86331 1.86331 1.86355 1.91335 1.47093 1.43697 1.56766 2.19714 2.08814 2.08854 2.08854 2.08854 2.08854 2.08854 2.08854 2.08854 2.08801 2.08708 2.08618 2.28523 2.63914 2.63821 2.27321
0.00000 0.00000 3.09447 3.09447 3.09447 3.09447 3.09447 3.09447 3.09447 3.09447 3.09447 3.09447 3.09447 3.09447 3.09447 3.09447 3.09447 3.09447 0.00000 0.00000 0.00000 0.00000 0.00000 0.00000 0.559473 0.559473 0.559473 0.559473 0.559473 0.559473 0.559473 0.559473 1.31174 1.43651 1.45290 1.85298 1.86331 1.86331 1.86331 1.86331 1.87076 1.93950 2.01063 2.07119 2.12347 2.16906 2.18661 1.91597 1.67722 1.67722 2.13077 2.11389 2.08669 2.08576 2.08483 2.08390 2.08297 2.08204 2.08111 2.08071 2.08071 2.08071 2.14640 2.63557 2.63557 2.39821
0.00000 0.00000 3.09447 3.09447 3.09447 3.09447 3.09447 3.09447 3.09447 3.09447 3.09447 3.09447 3.09447 3.09447 3.09447 3.09447 3.09447 3.09447 3.09447 0.00000 0.00000 0.00000 0.00000 0.00000 0.559473 0.559473 0.559473 0.559473 0.559473 0.559473 0.559473 0.559473 1.14673 1.43651 1.43651 1.78972 1.96404 2.03161 2.08928 2.13919 2.17942 2.18661 2.19556 2.25223 2.31642 2.38075 2.44437 2.36342 2.06348 2.12720 2.21320 2.15234 2.08071 2.08071 2.08071 2.08071 2.08166 2.08392 2.08609 2.08814 2.10270 2.14340 2.18313 2.31101 2.22352 2.08362
0.00000 0.00000 3.09447 3.09447 3.09447 3.09447 3.09447 3.09447 3.09447 3.09447 3.09447 3.09447 3.09447 3.09447 3.09447 3.09447 3.09447 3.09447 3.09447 0.00000 0.00000 0.00000 0.00000 0.00000 0.559473 0.559473 0.559473 0.559473 0.559473 0.559473 0.559473 0.559473 0.916769 1.43651 1.44946 1.96860 2.31842 2.38204 2.44632 2.51060 2.57422 2.63855 2.69378 2.70088 2.70088 2.70088 2.70088 2.67373 2.19882 2.19149 2.20733 2.19862 2.11265 2.15867 2.20466 2.24685 2.26454 2.29906 2.33358 2.36810 2.39205 2.39283 2.39283 2.09505 1.92242 1.92228
0.249133 0.00000 0.00000 3.09447 3.09447 3.09447 3.09447 3.09447 3.09447 3.09447 3.09447 3.09447 3.09447 3.09447 3.09447 3.09447 3.09447 3.09447 3.09447 0.00000 0.00000 0.00000 0.00000 0.00000 0.559473 0.559473 0.564712 0.705249 0.904960 1.10452 1.30407 1.50378 1.72403 2.10542 2.19513 2.37112 2.70088 2.70088 2.70088 2.70088 2.70088 2.70088 2.70088 2.69986 2.68844 2.67429 2.66024 2.64616 2.45887 2.47241 2.52179 2.60996 2.47261 2.46782 2.46782 2.46752 2.39743 2.39283 2.39283 2.39283 2.39283 2.39283 2.39283 2.20951 1.92242 1.91947
0.285887 0.00000 0.00000 3.09447 3.09447 3.09447 3.09447 3.09447 3.09447 3.09447 3.09372 2.97941 2.78499 2.59072 2.39631 2.20204 2.00778 1.81336 1.65042 0.00000 0.00000 0.00000 0.00000 0.00000 1.64725 1.84711 2.04128 2.10045 2.10045 2.10045 2.10045 2.10045 2.10045 2.19251 2.20700 2.22665 2.67841 2.67400 2.65988 2.64586 2.63173 2.61758 2.60349 2.59046 2.58774 2.58774 2.58774 2.58774 2.58281 2.57859 2.57859 2.62176 2.51139 2.46782 2.46782 2.46782 2.41149 2.39283 2.39283 2.39271 2.38292 2.36712 2.35128 2.26671 1.84924 1.83641
1.01140 0.00000 0.00000 3.06446 2.83944 2.64518 2.45076 2.25665 2.06208 1.86797 1.67430 1.59434 1.59434 1.59434 1.59434 1.59434 1.59434 1.59434 1.59434 1.59434 0.00000 0.00000 0.00000 0.00000 2.10045 2.10045 2.10045 2.09986 2.08200 2.06058 2.04327 2.02898 2.01700 2.04866 2.06042 2.04104 2.48342 2.58774 2.58774 2.58774 2.58774 2.58774 2.58774 2.58774 2.58774 2.58774 2.58774 2.58774 2.58501 2.57859 2.57859 2.60868 2.55678 2.46782 2.46349 2.44376 2.38852 2.34315 2.32734 2.31166 2.30561 2.30561 2.30561 2.30505 1.88154 1.83520
1.01140 0.00000 0.00000 1.59434 1.59434 1.59434 1.59434 1.59434 1.59434 1.59434 1.59434 1.59434 1.59434 1.59434 1.59434 1.59434 1.59434 1.59434 1.59434 1.59434 0.00000 0.00000 0.00000 0.00000 2.02017 2.00950 2.00035 1.99257 1.99027 1.99027 1.99027 1.99027 1.99027 2.00284 2.03729 2.03729 2.35333 2.58774 2.58774 2.58774 2.58774 2.58774 2.58774 2.58774 2.58774 2.58774 2.58774 2.58774 2.58717 2.55587 2.51206 2.48532 2.46052 2.36965 2.35289 2.35153 2.33818 2.30561 2.30561 2.30561 2.30561 2.30561 2.30482 2.29599 1.97490 1.80379
1.01140 1.01140 0.00000 0.00000 1.59434 1.59434 1.59434 1.59434 1.59434 1.59434 1.59434 1.59434 1.59434 1.59434 1.59434 1.59434 1.59434 1.59434 1.59434 1.59434 0.00000 0.00000 0.00000 0.00000 1.99027 1.99027 1.99027 1.99027 1.99027 1.99027 1.99027 1.99027 1.99027 1.99225 2.03630 2.03729 2.18967 2.58748 2.58774 2.58774 2.58774 2.58774 2.58774 2.58513 2.55075 2.50692 2.46324 2.41946 2.37573 2.34737 2.34562 2.34979 2.39865 2.35613 2.34702 2.33281 2.31672 2.27045 2.25892 2.24802 2.23712 2.22624 2.21615 2.21409 2.01844 1.74368
1.00918 0.995981 0.959340 0.959340 1.39137 1.48018 1.46560 1.45193 1.43888 1.42663 1.41480 1.40377 1.39309 1.38304 1.37329 1.36416 1.35525 1.34692 1.33872 1.26602 0.959340 0.959340 0.00000 0.00000 1.99027 1.99027 1.99027 1.99027 1.99027 1.99027 1.99027 1.99027 1.99027 1.99027 2.02670 2.03729 2.05859 2.56706 2.57786 2.53649 2.49276 2.44898 2.40528 2.36409 2.35477 2.35477 2.34962 2.33697 2.32425 2.30641 2.28980 2.27710 2.29576 2.25730 2.22981 2.22949 2.22949 2.21682 2.21409 2.21409 2.21234 2.18631 2.15274 2.11913 1.99904 1.60013
0.985369 0.974422 0.959340 0.959340 1.03912 1.27684 1.27684 1.27684 1.27684 1.27684 1.27684 1.27684 1.27684 1.27684 1.27684 1.27684 1.27684 1.27684 1.27684 1.26139 0.960670 0.959340 0.959340 0.00000 1.99027 1.99027 1.99027 1.99027 1.99027 1.99027 1.99027 1.99027 1.99027 1.99027 2.01513 2.03729 2.03729 2.34477 2.35177 2.33672 2.32413 2.31141 2.29870 2.28598 2.27331 2.26069 2.25312 2.25306 2.25306 2.25010 2.24391 2.24391 2.26322 2.26006 2.22949 2.22758 2.21379 2.01319 1.84426 1.79885 1.75507 1.73563 1.72375 1.71195 1.70555 1.45686
0.985369 0.979407 0.959340 0.959340 0.959847 1.25911 1.27684 1.27684 1.27684 1.27684 1.27684 1.27684 1.27684 1.27684 1.27684 1.27684 1.27684 1.27684 1.27684 1.27684 1.04541 0.965085 1.33654 4.54442 1.99027 1.99027 1.99027 1.99027 1.99027 1.99027 1.97977 1.93371 1.88471 1.83574 1.80001 1.78484 1.73587 2.04356 2.25310 2.25306 2.25306 2.25306 2.25306 2.25306 2.25306 2.25306 2.25306 2.25796 2.27432 2.28954 2.19116 2.17431 2.16971 2.17164 2.11269 2.09852 2.09650 1.94642 1.70701 1.70701 1.70701 1.70701 1.70701 1.70701 1.70701 1.52086
0.985369 0.983207 0.959340 0.959340 0.959340 1.22701 1.33473 1.37624 1.41564 1.45263 1.48765 1.52078 1.55218 1.58218 1.61278 1.65327 1.75946 1.94211 2.10021 2.23788 2.46121 2.65729 3.35261 4.54442 1.89898 1.85001 1.80101 1.75208 1.70308 1.65411 1.61560 1.61274 1.61274 1.61274 1.61516 1.65904 1.65976 1.85490 2.25476 2.25818 2.27465 2.29151 2.30831 2.32507 2.34195 2.35880 2.37568 2.38754 2.38798 2.38798 2.15653 2.11091 2.11404 2.14400 2.10567 2.09650 2.09650 2.04975 1.70733 1.70701 1.70701 1.70701 1.70696 1.68089 1.63335 1.46503
1.47736 1.52716 1.76403 1.80937 1.83991 1.81546 1.77180 1.78125 1.79581 1.82706 1.90018 2.05175 2.18019 2.29713 2.40261 2.49174 2.54122 2.54167 2.54167 2.54167 2.60258 2.75451 3.07443 4.54442 1.61274 1.61274 1.61274 1.61274 1.61274 1.61274 1.61274 1.60589 1.57474 1.54144 1.50819 1.69719 1.79358 1.85702 2.39612 2.38758 2.38798 2.38798 2.38798 2.38798 2.38798 2.38798 2.38798 2.38798 2.38798 2.38798 2.22393 2.11091 2.11091 2.13903 2.11874 2.09650 2.09650 2.08653 1.69599 1.60904 1.56134 1.51391 1.46629 1.44479 1.44479 1.38964
1.77938 1.84385 2.00014 2.08435 2.14322 2.15770 1.99361 2.02760 2.05390 2.07337 2.24983 2.54167 2.54167 2.54167 2.54167 2.54167 2.54167 2.54167 2.54167 2.54167 2.55828 2.75450 2.84567 4.54442 1.58463 1.55131 1.51803 1.48476 1.45148 1.41821 1.38493 1.35850 1.35637 1.35637 1.35637 1.63069 1.86215 1.86215 2.34042 2.38798 2.38798 2.38798 2.38798 2.38798 2.38798 2.38798 2.38798 2.38798 2.38798 2.38798 2.29140 2.11091 2.08398 2.04691 1.98614 1.86987 1.80662 1.75302 1.53551 1.44479 1.44479 1.44479 1.44479 1.44479 1.44479 1.44097
2.15485 2.17376 2.22617 2.27170 2.27494 2.27475 2.10047 2.08032 2.08032 2.08032 2.13647 2.54167 2.54167 2.54167 2.54167 2.54167 2.54167 2.54167 2.54167 2.54167 2.54167 2.71492 2.75300 4.22295 1.35637 1.35637 1.35637 1.35637 1.35637 1.35637 1.35637 1.35637 1.35637 1.35637 1.35637 1.50551 1.86215 1.86215 2.21747 2.38798 2.38798 2.38798 2.38798 2.38798 2.38798 2.38798 2.38562 2.34287 2.28584 2.22881 2.14247 1.83784 1.80755 1.81944 1.83826 1.75099 1.74687 1.74702 1.62089 1.48783 1.51495 1.54210 1.56922 1.59633 1.62347 1.65057
2.20761 2.20761 2.22614 2.27494 2.27494 2.27494 2.14893 2.08065 2.08411 2.08808 2.09167 2.50454 2.56663 2.57157 2.57674 2.58168 2.58685 2.59179 2.59696 2.60190 2.60705 2.73853 2.87394 3.80078 1.35637 1.35637 1.35637 1.35637 1.35637 1.35637 1.35637 1.35637 1.35637 1.35637 1.35637 1.38636 1.85608 1.86215 2.06342 2.39909 2.38798 2.37743 2.32470 2.26767 2.21063 2.15360 2.09893 2.08462 2.08462 2.08447 2.08191 1.83968 1.79793 1.80834 2.02096 1.99084 1.99948 2.03549 1.96489 1.67253 1.67253 1.67253 1.67253 1.67253 1.67253 1.67686
2.29458 2.29856 2.30687 2.37353 2.37809 2.38206 2.30889 2.19521 2.19586 2.19586 2.19586 2.48379 2.68610 2.68610 2.68610 2.68610 2.68610 2.68610 2.68610 2.68610 2.68610 2.76307 2.96605 3.53982 1.35638 1.35637 1.35637 1.35637 1.35637 1.35637 1.35637 1.35637 1.35637 1.35637 1.35637 1.35637 1.78199 1.92412 1.99881 2.30259 2.13543 2.08880 2.08185 2.07843 2.07497 2.07151 2.06805 2.06460 2.06114 2.05783 2.05696 1.88564 1.77989 1.77989 2.09760 2.10378 2.05052 2.05640 2.07976 1.77118 1.76878 1.77473 1.78071 1.78672 1.79268 1.79429
2.32315 2.32315 2.32315 2.37944 2.39048 2.39048 2.36226 2.19586 2.19586 2.19586 2.19586 2.35203 2.68610 2.68610 2.68610 2.68610 2.68610 2.68610 2.68610 2.68610 2.68610 2.70834 2.95122 3.30077 1.35730 1.35637 1.35637 1.35637 1.35637 1.35637 1.35637 1.40626 1.49027 1.56114 1.62925 1.69282 1.91983 2.08236 2.09345 2.26856 2.06111 2.05780 2.05696 2.05696 2.05696 2.05696 2.05696 2.05696 2.05696 2.05696 2.05630 1.93004 1.78764 1.88511 2.17944 2.35268 2.35026 2.40433 2.30147 1.81635 1.77672 1.77672 1.77672 1.77672 1.77672 1.77672
2.32315 2.32315 2.32315 2.36466 2.39048 2.39048 2.39032 2.21645 2.19586 2.19586 2.19493 2.22398 2.65233 2.63591 2.61844 2.60097 2.58349 2.56608 2.56324 2.56821 2.54409 2.51804 2.50416 2.68033 1.35915 1.35836 1.42733 1.52235 1.60300 1.67222 1.73218 1.76408 1.77517 1.78621 1.79072 1.79072 1.89339 2.12790 2.12790 2.28730 2.06337 2.05696 2.05630 2.02325 1.97203 1.92097 1.86975 1.87724 1.93753 1.99149 2.04027 2.11325 2.19678 2.20082 2.30600 2.47411 2.41213 2.40380 2.38767 1.86624 1.77672 1.77672 1.77672 1.77672 1.77672 1.77672
2.28127 2.27294 2.26458 2.26252 2.25271 2.23878 2.22484 2.08536 2.00227 1.98834 1.98087 2.00452 2.39481 2.49105 2.48257 2.47394 2.46528 2.45668 2.43345 2.40237 2.40039 2.40039 2.31078 2.39223 1.76589 1.76986 1.79050 1.79072 1.79072 1.79072 1.79072 1.79072 1.79072 1.79072 1.79077 1.80160 1.84571 1.99448 1.94070 1.99273 1.85928 1.71642 1.66585 1.83354 1.96434 2.05451 2.13597 2.17382 2.17382 2.17382 2.17382 2.17383 2.19767 2.20082 2.23948 2.47416 2.43144 2.40380 2.40380 2.02864 1.78028 1.80705 1.83800 1.86894 1.89989 1.93085
2.20234 2.20234 2.20217 2.18793 2.14694 2.13483 2.12516 2.12961 2.17821 2.23117 2.27876 2.30533 2.35484 2.40052 2.40039 2.40039 2.40039 2.40039 2.40039 2.40039 2.40039 2.40039 2.35021 2.33004 1.86487 1.79081 1.79072 1.79632 1.81548 1.83701 1.86073 1.88695 1.91611 1.94871 1.98534 2.00240 2.00240 1.75720 1.71880 1.74392 1.84665 1.64785 1.64785 2.01002 2.17382 2.17382 2.17382 2.17382 2.17382 2.17382 2.17382 2.17382 2.19108 2.20082 2.20104 2.47148 2.52565 2.48070 2.51164 2.36361 1.94490 1.94694 1.94694 1.94694 1.94694 1.94694
2.14972 2.12566 2.13318 2.15605 2.15012 2.17561 2.20050 2.21592 2.29556 2.29556 2.29556 2.29556 2.31659 2.40039 2.40039 2.40039 2.40039 2.40039 2.40039 2.40039 2.40039 2.40039 2.38466 2.27734 2.06743 1.96284 1.97392 2.00138 2.00240 2.00240 2.00240 2.00240 2.00240 2.00240 2.00240 2.00240 2.00240 1.81548 1.71880 1.71880 1.90079 1.64785 1.64785 1.86580 2.17382 2.17382 2.17382 2.17382 2.17382 2.17542 2.20921 2.25955 2.32756 2.41025 2.48180 2.76473 2.86216 2.57670 2.57401 2.51251 1.98148 1.94346 1.90149 1.84630 1.78749 1.72479
2.23807 2.22969 2.23756 2.23756 2.21149 2.20241 2.20241 2.20248 2.28593 2.29556 2.29556 2.29556 2.29772 2.39738 2.40039 2.40039 2.40497 2.41261 2.42054 2.42845 2.43665 2.44488 2.45341 2.33374 2.40300 2.10255 2.00240 2.00240 2.00240 2.00240 2.00240 2.00240 2.00240 2.00240 2.00240 2.00240 2.00240 1.88625 1.71880 1.71880 1.90084 1.67689 1.64785 1.70124 2.17848 2.22546 2.27749 2.33526 2.39977 2.46945 2.49037 2.49037 2.49571 2.52596 2.52422 2.64624 2.77503 2.46716 2.37113 2.32118 1.57490 1.39315 1.37554 1.37554 1.37554 1.37554
2.35140 2.31460 2.32068 2.32687 2.31229 2.29929 2.30547 2.31171 2.38894 2.43481 2.44237 2.44998 2.45778 2.60277 2.66968 2.68275 2.68818 2.68818 2.68818 2.68818 2.68818 2.68818 2.68818 2.63378 2.40300 2.19528 2.00240 2.00240 2.00240 2.00240 2.00240 2.00240 2.00240 2.00240 2.00240 2.00240 2.00240 1.97157 1.71994 1.70164 1.76922 1.80377 1.76359 1.81022 2.39037 2.48964 2.48640 2.48267 2.47856 2.47405 2.46906 2.46353 2.45740 2.50058 2.50566 2.50566 2.50566 2.32644 2.21164 2.21164 1.72807 1.39111 1.39586 1.40527 1.41894 1.43537
