High_resolution/powerplant/Chizhou/OMI_NO2_201102.asc
ncols      200
nrows      200
xllcorner       115.585
yllcorner       28.7700
cellsize     0.0166667
NODATA_Value      -999.000
[rows 58 to 86 of 179, columns 67 to 133 of 200]
6.66793 6.66793 6.66793 6.66793 6.66793 6.66838 8.19841 10.6615 10.9967 11.3319 11.5950 11.6148 11.6148 11.6148 11.6148 11.6148 11.6148 11.6148 11.6148 11.6148 11.6148 11.6148 11.6148 11.6148 11.6148 11.6148 7.90832 7.26594 7.21876 7.17163 7.13680 7.13500 7.13500 7.13500 7.13500 7.13500 7.13500 7.13500 7.13500 7.13500 7.18638 7.28647 7.38660 7.48669 7.57517 9.27267 16.4964 16.5621 16.5621 16.5621 16.5621 16.5621 16.5621 16.5621 16.5621 16.5621 16.5621 16.0300 10.6892 10.6115 10.3440 9.49716 8.82843 8.34901 8.68592 9.70982 9.71268
6.66793 6.71296 7.50466 8.56115 9.61794 10.6741 11.1898 11.5989 11.6148 11.6148 11.6148 11.6148 11.6148 11.6148 11.6148 11.6148 11.6148 11.6148 11.6148 11.6148 11.6148 11.6148 11.6148 11.6148 11.6148 11.6148 9.00518 7.09313 7.13500 7.13500 7.13500 7.13500 7.13500 7.13500 7.13500 7.14973 7.23948 7.33957 7.43962 7.53979 7.58850 7.58850 7.58850 7.58850 7.58850 7.93101 15.7807 16.5621 16.5621 16.5621 16.5621 16.5621 16.5621 16.5621 16.5621 16.5621 15.6004 12.7013 9.28065 8.40034 8.12240 8.09604 8.09604 8.09604 8.21261 9.71268 9.71268
9.89460 10.9065 11.1713 11.1713 11.1713 11.1713 11.1713 11.4798 11.6148 11.6148 11.6148 11.6148 11.6148 11.6148 11.6148 11.6148 11.6148 11.6148 11.6148 11.6148 11.6148 11.6148 11.6148 11.6148 11.6148 11.6148 11.0619 6.95440 7.13500 7.13500 7.13527 7.19241 7.29250 7.39268 7.49277 7.57807 7.58850 7.58850 7.58850 7.58850 7.58850 7.58850 7.58850 7.58850 7.58850 7.58850 12.6978 16.5621 16.5621 16.5621 16.5621 16.3088 14.8597 12.6560 10.9726 9.92323 9.31000 9.24111 8.63953 8.09604 8.09604 8.09604 8.09604 8.09604 7.98831 9.45289 9.73063
11.1713 11.1713 11.1713 11.1713 11.1713 11.1713 11.1713 11.3420 11.6148 11.6148 11.6148 11.6148 11.6148 11.6148 11.6148 11.6148 11.6148 11.6148 11.6148 11.6148 11.6148 11.6148 11.6148 11.6148 11.6148 11.6148 11.6500 7.66163 7.34556 7.44569 7.54560 7.58850 7.58850 7.58850 7.58850 7.58850 7.58850 7.58850 7.58850 7.58850 7.58850 7.58850 7.58850 7.58850 7.58850 7.58850 9.86699 15.3438 14.0527 12.5948 10.9866 9.98816 9.41466 9.24111 9.24111 9.24111 9.24111 9.24111 8.99562 8.09604 8.09604 8.13065 8.36350 8.62848 8.88988 9.60477 10.3584
11.1713 11.1713 11.1713 11.1713 11.1713 11.1713 11.1713 11.2089 11.6102 11.6148 11.6148 11.6148 11.6148 11.6148 11.6148 11.6148 11.6148 11.6148 11.6148 11.6148 11.6148 11.6148 11.7177 11.9370 12.1565 12.3761 12.5599 9.27317 7.57572 7.58850 7.58850 7.58850 7.58850 7.58850 7.58850 7.58850 7.58850 7.58850 7.58850 7.58850 7.58850 7.58850 7.57983 7.54866 7.51635 7.48402 8.03764 11.5932 10.2278 9.24734 9.24111 9.24111 9.24111 9.24111 9.24111 9.24111 9.24773 9.48575 9.83664 9.01563 9.37505 9.82690 10.0793 10.3006 10.5164 10.6005 11.2322
11.1713 11.1713 11.1713 11.1713 11.1713 11.1713 11.1713 11.1713 11.5101 11.6148 11.6148 11.6148 11.6148 11.6148 11.6148 11.6148 11.6148 11.6300 11.8060 12.0253 12.2447 12.4643 12.5805 12.5806 12.5806 12.5806 12.5806 11.3865 7.41416 7.58850 7.58850 7.58850 7.58850 7.58850 7.58850 7.58850 7.58850 7.58731 7.56355 7.53122 7.49894 7.46662 7.44296 7.44182 7.44182 7.44182 7.44926 10.8471 10.8348 9.24111 9.24111 9.24111 9.37642 9.72707 10.0800 10.4335 10.7800 10.8952 10.8952 10.6883 10.5862 10.5862 10.5862 10.5862 10.5862 10.4608 11.1793
11.1713 11.1713 11.1713 11.1713 11.1713 11.1713 11.1713 11.1713 11.3724 11.6148 11.6148 11.6148 11.6148 11.6805 11.8943 12.1135 12.3330 12.5373 12.5806 12.5806 12.5806 12.5806 12.5806 12.5806 12.5806 12.5806 12.5806 12.5806 7.82576 7.58850 7.58850 7.58850 7.58850 7.57787 7.54614 7.51383 7.48151 7.45039 7.44182 7.44182 7.44182 7.44182 7.44182 7.44182 7.44182 7.44182 7.44182 9.62700 12.2942 10.1034 10.3214 10.6745 10.8925 10.8952 10.8952 10.8952 10.8952 10.8952 10.8952 10.7758 10.5862 10.5862 10.5862 10.5862 10.5862 10.5541 10.9199
11.1713 11.1713 11.1713 11.1713 11.1713 11.1713 11.1713 11.1713 11.2520 11.7639 11.9826 12.2018 12.4213 12.5750 12.5806 12.5806 12.5806 12.5806 12.5806 12.5806 12.5806 12.5806 12.5806 12.5806 12.5806 12.5806 12.5806 12.5806 8.88906 7.56048 7.52873 7.49640 7.46407 7.44241 7.44182 7.44182 7.44182 7.44182 7.44182 7.44182 7.44182 7.44182 7.44401 7.84224 8.53256 9.22226 9.91290 11.3869 14.2486 11.8923 10.8952 10.8952 10.8952 10.8952 10.8952 10.8952 10.8952 10.8952 10.8952 10.8720 10.5905 10.5862 10.5862 10.8247 11.3058 11.8514 13.6583
11.1713 11.1713 11.1713 11.1713 11.2848 12.2841 13.4713 14.6580 15.8280 13.1909 12.5806 12.5806 12.5806 12.5806 12.5806 12.5806 12.5806 12.5806 12.5806 12.5806 12.5806 12.5806 12.5806 12.5806 12.5806 12.5806 12.5806 12.5806 10.6567 7.31832 7.44182 7.44182 7.44182 7.44182 7.44182 7.44182 7.44182 7.44182 7.57300 8.21260 8.90261 9.59294 10.2804 10.5725 10.5725 10.5725 10.5725 10.6653 13.9157 13.0525 10.8952 10.8952 10.8952 10.8952 10.8952 10.8952 10.8952 10.8952 10.8952 11.0305 11.2097 11.6219 12.2272 12.5293 12.5125 12.5125 13.6140
11.4656 12.6016 13.7883 14.9755 16.0483 16.2362 16.2362 16.2362 16.2362 14.3192 12.5806 12.5806 12.5806 12.5806 12.5806 12.5806 12.5806 12.5806 12.5806 12.5806 12.5806 12.5806 12.5806 12.5806 12.5806 12.5806 12.5806 12.5806 12.5433 7.47163 7.44182 7.44182 7.44182 7.44996 7.89233 8.58265 9.27298 9.96268 10.5221 10.5725 10.5725 10.5725 10.5725 10.5725 10.5725 10.5725 10.5725 10.5725 12.8823 14.2180 11.0732 10.8952 10.8952 10.8952 10.8869 10.8851 11.3721 12.1060 13.0198 13.8813 13.1193 12.5125 12.5125 12.5125 12.5125 12.5125 12.8618
16.1845 16.2362 16.2362 16.2362 16.2362 16.2362 16.2362 16.2362 16.2362 15.4467 12.5806 12.5806 12.5806 12.5806 12.5806 12.5806 12.5806 12.5806 12.5806 12.5806 12.5806 12.5806 12.5806 12.5806 12.5806 12.5806 12.5806 12.5806 12.5806 8.47927 8.26301 8.95302 9.64303 10.3252 10.5725 10.5725 10.5725 10.5725 10.5725 10.5725 10.5725 10.5725 10.5725 10.5725 10.5725 10.5725 10.5725 10.5725 11.7772 14.2842 11.8898 10.8045 11.1128 11.7943 12.6481 13.6922 13.9391 13.9391 13.9391 13.9391 13.5651 12.5125 12.5125 12.5125 12.5050 12.4640 12.4201
16.2362 16.2362 16.2362 16.2362 16.2362 16.2362 16.2362 16.2362 16.2362 16.2139 12.9424 12.5806 12.5806 12.5806 12.5806 12.5806 12.5806 12.5806 12.5806 12.5806 12.5806 12.5806 12.5806 12.5806 12.5802 12.4693 12.2743 12.0791 11.8837 9.40588 10.1520 10.5725 10.5725 10.5725 10.5725 10.5725 10.5725 10.5725 10.5725 10.5725 10.5725 10.5725 10.5725 10.5725 10.5725 10.6893 11.0431 11.4045 11.9354 13.7590 13.4031 13.3894 13.9391 13.9391 13.9391 13.9391 13.9391 13.9391 13.9391 13.9368 13.8781 12.5241 12.3933 12.3657 12.3462 12.3601 12.3780
16.2362 16.2362 16.2362 16.2362 16.2362 16.2362 16.2362 16.2362 16.2362 16.2362 14.0477 12.5806 12.5806 12.5806 12.5806 12.5806 12.5806 12.5806 12.5806 12.5806 12.5592 12.3917 12.1966 12.0015 11.8065 11.7221 11.7221 11.7221 11.7221 11.4456 9.08778 10.5725 10.5725 10.5725 10.5725 10.5725 10.5725 10.5725 10.5725 10.5725 10.5942 10.8785 11.2395 11.6007 11.9618 12.2060 12.2129 12.2129 12.2129 13.3101 13.9391 13.9391 13.9391 13.9391 13.9391 13.9086 13.8412 13.7737 13.7063 13.6411 13.6229 12.7400 12.4025 12.4030 12.4030 12.4030 12.4030
16.2362 16.2362 16.2362 16.2362 16.2362 16.2362 16.2362 16.2362 16.2362 16.2362 15.1759 12.5806 12.5806 12.5806 12.5806 12.5806 12.5077 12.3141 12.1189 11.9238 11.7499 11.7221 11.7221 11.7221 11.7221 11.7221 11.7221 11.7221 11.7221 11.7221 8.89757 10.5725 10.5725 10.5725 10.5725 10.5725 10.7156 11.0745 11.4357 11.7966 12.1361 12.2129 12.2129 12.2129 12.2129 12.2129 12.2129 12.2129 12.2129 12.7926 13.9214 13.8623 13.7949 13.7274 13.6599 13.6230 13.6229 13.6229 13.6229 13.6229 13.6229 13.0845 12.4030 12.4030 12.4030 12.4030 12.4030
16.2362 16.2362 16.2362 16.2362 16.2362 16.2362 16.2362 16.2362 16.2362 16.2362 16.1276 12.7512 12.4319 12.2365 12.0413 11.8461 11.7239 11.7221 11.7221 11.7221 11.7221 11.7221 11.7221 11.7221 11.7221 11.7221 11.7221 11.7221 11.7221 11.7221 9.05400 10.4207 10.9095 11.2705 11.6316 11.9928 12.2108 12.2129 12.2129 12.2129 12.2129 12.2129 12.2129 12.2129 12.2129 12.2101 12.0968 11.9260 11.7550 11.7744 13.3974 13.6229 13.6229 13.6229 13.6229 13.6229 13.6229 13.6229 13.6229 13.6229 13.6229 13.4927 12.4118 12.4030 12.4030 12.3933 12.1993
16.2362 16.2362 16.2362 16.2362 16.2362 16.2362 16.2362 16.1852 15.8821 15.5445 15.2071 12.7975 11.7221 11.7221 11.7221 11.7221 11.7221 11.7221 11.7221 11.7221 11.7221 11.7221 11.7221 11.7221 11.7221 11.7221 11.7221 11.0506 9.67723 8.69886 7.89520 10.7987 12.2129 12.2129 12.2129 12.2129 12.2129 12.2129 12.2129 12.2129 12.2129 12.1697 12.0060 11.8351 11.6643 11.4962 11.4387 11.4387 11.4387 11.4397 12.9234 13.6229 13.6229 13.6229 13.6229 13.6229 13.6229 13.6229 13.6229 13.6229 13.6229 13.6229 12.4840 12.1151 11.9514 11.8162 11.8135
16.2362 16.2362 16.2362 16.1224 15.7902 15.4528 15.1154 14.8285 14.7943 14.7943 14.7943 13.6726 11.7221 11.7221 11.7221 11.7221 11.7221 11.7221 11.7221 11.7221 11.7221 11.7221 11.6533 10.4379 9.24249 8.37971 7.72867 7.39455 7.38978 7.38978 7.38978 9.42205 12.2129 12.2129 12.2129 12.2129 12.2079 12.0861 11.9151 11.7444 11.5734 11.4459 11.4387 11.4387 11.4387 11.4387 11.4387 11.4387 11.4387 11.4387 12.2669 13.6229 13.6229 13.6229 13.6229 13.6229 13.6229 13.6423 13.6140 13.2139 12.8652 12.5831 12.0931 11.8262 11.8262 11.8262 11.8262
15.6985 15.3610 15.0233 14.7997 14.7943 14.7943 14.7943 14.7943 14.7943 14.7943 14.7943 14.5710 11.7681 11.7221 11.7221 11.7221 11.7221 11.7221 11.2993 9.90154 8.86057 8.09504 7.52630 7.38978 7.38978 7.38978 7.38978 7.38978 7.38978 7.38978 7.38978 7.99299 12.1161 11.9952 11.8244 11.6535 11.4877 11.4387 11.4387 11.4387 11.4387 11.4387 11.4387 11.4387 11.4387 11.4387 11.4387 11.4387 11.4387 11.4387 11.7348 13.4994 13.6279 13.7015 13.7674 13.4279 13.0441 12.7215 12.4679 12.4472 12.4472 12.4472 12.2794 11.8262 11.8262 11.8262 11.8262
14.7943 14.7943 14.7943 14.7943 14.7943 14.7943 14.7943 14.7943 14.7943 14.7943 14.7943 14.7943 12.4901 11.7160 10.7178 9.43694 8.52376 7.83927 7.41637 7.38978 7.38978 7.38978 7.38978 7.38978 7.38978 7.38978 7.38978 7.39403 7.56298 7.81699 8.07079 8.40367 10.8833 11.4387 11.4387 11.4387 11.4387 11.4387 11.4387 11.4387 11.4387 11.4387 11.4387 11.4387 11.4387 11.4387 11.4387 11.4387 11.4008 11.3105 11.2453 13.4014 14.0480 12.9684 12.5187 12.4472 12.4472 12.4472 12.4472 12.4472 12.4472 12.4472 12.4272 11.7229 11.5242 11.3697 11.2559
14.7943 14.7943 14.7943 14.7943 14.7943 14.7943 14.7943 14.7943 14.7943 14.7943 14.7943 14.7943 9.84581 7.60965 7.38978 7.38978 7.38978 7.38978 7.38978 7.38978 7.38978 7.38978 7.38978 7.43372 7.66628 7.91985 8.17376 8.42331 8.50784 8.50784 8.50784 8.50784 10.0732 11.4387 11.4387 11.4387 11.4387 11.4387 11.4387 11.4387 11.4387 11.4387 11.4387 11.4294 11.3524 11.2616 11.1710 11.0803 11.0275 11.0272 11.0272 12.6423 14.0698 12.9828 12.4472 12.4472 12.4472 12.4472 12.3351 12.1141 11.8933 11.6724 11.4629 11.3083 11.3394 11.4057 11.4124
14.7943 14.7943 14.7943 14.7943 14.7943 14.7943 14.7943 14.7943 14.7943 14.7943 14.7943 14.7943 10.5946 7.39070 7.38978 7.38978 7.38978 7.38978 7.38978 7.51523 7.76914 8.02305 8.27662 8.48648 8.50784 8.50784 8.50784 8.50784 8.50784 8.50784 8.50784 8.50784 9.18175 11.4387 11.4387 11.4387 11.4387 11.4387 11.4387 11.3942 11.3036 11.2129 11.1222 11.0408 11.0272 11.0272 11.0272 11.0272 11.0272 11.0272 11.0272 11.7740 14.0225 13.4794 12.1838 11.9629 11.7419 11.5211 11.4124 11.4124 11.4124 11.4124 11.4124 11.4124 11.4124 11.4124 11.4124
14.7943 14.7943 14.7943 14.7943 14.7943 14.7943 14.7943 14.7943 14.7943 14.7943 14.7943 14.7943 12.8824 7.65569 7.41013 7.61831 7.87200 8.12591 8.37971 8.50784 8.50784 8.50784 8.50784 8.50784 8.50784 8.50784 8.50784 8.50784 8.50784 8.50784 8.50784 8.50784 8.63637 11.0921 11.4261 11.3455 11.2548 11.1641 11.0735 11.0272 11.0272 11.0272 11.0272 11.0272 11.0272 11.0272 11.0272 11.0272 11.0244 10.9650 10.8835 10.9509 12.7291 12.5204 11.4908 11.4124 11.4124 11.4124 11.4124 11.4124 11.4124 11.4124 11.4124 11.4124 11.4124 11.4124 11.4124
14.7943 14.7943 14.7943 14.7943 14.7943 14.7943 14.7943 14.7943 14.7943 14.7943 14.7618 14.6362 14.4729 8.79137 8.46222 8.50784 8.50784 8.50784 8.50784 8.50784 8.50784 8.50784 8.50784 8.50784 8.50784 8.50784 8.50784 8.50784 8.50784 8.50784 8.40845 8.19831 7.99351 9.95538 11.0373 11.0272 11.0272 11.0272 11.0272 11.0272 11.0272 11.0272 11.0272 11.0272 11.0013 10.9217 10.8398 10.7583 10.6796 10.6574 10.6574 10.6574 12.1100 12.5177 11.7840 11.4124 11.4124 11.4124 11.4124 11.4124 11.4124 11.4124 11.4124 11.4124 11.4186 11.5989 11.8463
14.7943 14.7943 14.7943 14.7943 14.7943 14.7943 14.7326 14.6014 14.4700 14.3386 14.2398 14.2340 14.2340 10.0947 8.50784 8.50784 8.50784 8.50784 8.50784 8.50784 8.50784 8.50784 8.50784 8.50784 8.50784 8.49322 8.32397 8.11373 7.90376 7.69352 7.58257 7.58248 7.58248 8.82974 11.0272 11.0272 11.0272 11.0272 11.0272 11.0227 10.9593 10.8777 10.7962 10.7147 10.6590 10.6574 10.6574 10.6574 10.6574 10.6574 10.6574 10.6574 11.5486 12.5186 12.1701 11.4124 11.4124 11.4124 11.4124 11.4124 11.3913 11.4361 11.6811 11.9285 12.1699 12.2372 12.2372
14.7943 14.7907 14.6978 14.5665 14.4351 14.3038 14.2341 14.2340 14.2340 14.2340 14.2340 14.2340 14.2340 11.8354 8.52277 8.50784 8.50784 8.50784 8.50784 8.50784 8.50784 8.44491 8.23985 8.02961 7.81928 7.62366 7.58248 7.58248 7.58248 7.58248 7.58248 7.58248 7.58248 7.95744 10.8522 10.9965 10.9153 10.8341 10.7525 10.6755 10.6574 10.6574 10.6574 10.6574 10.6574 10.6574 10.6574 10.6574 10.6574 10.6574 10.6574 10.6574 10.9695 12.5368 12.5073 11.4887 11.3358 11.3007 11.5159 11.7633 12.0321 12.2346 12.2372 12.2372 12.2372 12.2372 12.2372
14.4003 14.2725 14.2340 14.2340 14.2340 14.2340 14.2340 14.2340 14.2340 14.2340 14.2340 14.2340 14.2340 13.9817 8.72743 8.50784 8.50460 8.36570 8.15537 7.94541 7.73516 7.58785 7.58248 7.58248 7.58248 7.58248 7.58248 7.58248 7.58248 7.58248 7.60549 7.98841 8.49532 9.05112 10.6214 10.6581 10.6574 10.6574 10.6574 10.6574 10.6574 10.6574 10.6574 10.6574 10.6574 10.6574 10.6574 10.6574 10.6574 10.6574 10.6574 10.7394 10.9082 12.0925 12.0502 11.7013 11.9221 12.2048 12.2372 12.2372 12.2372 12.2372 12.2372 12.2372 12.2372 12.1798 11.5945
14.2340 14.2340 14.2340 14.2340 14.2340 14.2340 14.2340 14.2340 14.2340 14.2340 14.2340 14.2340 13.8826 12.0238 8.78735 7.86092 7.65383 7.58248 7.58248 7.58248 7.58248 7.58248 7.58248 7.58248 7.58248 7.58248 7.71049 8.19573 8.70241 9.20932 9.69277 9.81654 9.81654 9.81654 10.5055 10.6574 10.6574 10.6574 10.6574 10.6574 10.6574 10.6574 10.6574 10.6574 10.6574 10.6574 10.6813 10.8315 11.0000 11.1683 11.3368 11.4231 11.4231 11.7238 11.9014 12.0046 12.2372 12.2372 12.2372 12.2372 12.2342 11.8161 11.1043 10.3926 9.68118 9.02716 8.90036
14.2340 14.2340 14.2340 14.2340 14.2340 14.2340 14.2340 14.2340 13.4495 11.5694 10.2279 9.24095 8.57584 8.49734 8.21930 7.59012 7.58248 7.58248 7.58248 7.58248 7.58248 7.58606 7.89614 8.40283 8.90951 9.41642 9.79531 9.81654 9.81654 9.81654 9.81654 9.81654 9.81654 9.81654 10.2443 10.6638 10.6574 10.6574 10.6574 10.6574 10.6574 10.6579 10.7555 10.9235 11.0920 11.2605 11.4048 11.4231 11.4231 11.4231 11.4231 11.4231 11.4231 11.5701 11.9121 11.9043 11.9859 11.3256 10.6138 9.90241 9.19334 8.90036 8.90036 8.90036 8.90036 8.90036 8.90036
14.2340 14.2340 14.2340 14.2294 12.8935 11.1581 9.93017 9.01522 8.51200 8.49734 8.49734 8.49734 8.49734 8.49734 8.44697 7.64489 7.58248 7.65330 8.10346 8.61015 9.11683 9.61994 9.81654 9.81654 9.81654 9.81654 9.81654 9.81654 9.81654 9.81654 9.81654 9.81654 9.81654 9.81654 9.93480 10.7178 10.6574 10.6904 10.8473 11.0157 11.1841 11.3520 11.4231 11.4231 11.4231 11.4231 11.4231 11.4231 11.4231 11.4231 11.4231 11.3558 10.5905 9.64923 8.92703 7.66350 8.23448 8.90036 8.90036 8.90036 8.90036 8.90036 8.90036 8.90036 8.90036 8.90036 8.90036
