High_resolution/powerplant/Chizhou/OMI_NO2_200604.asc
ncols      200
nrows      200
xllcorner       115.585
yllcorner       28.7700
cellsize     0.0166667
NODATA_Value      -999.000
[rows 87 to 115 of 200, columns 0 to 66 of 200]
2.64629 2.84490 2.79294 2.74061 2.65821 2.61983 2.61160 2.55876 2.50126 2.42218 2.32193 2.29043 2.26096 2.61635 2.69469 2.69469 2.69469 2.69469 2.69469 2.44813 2.26333 2.23705 2.21076 2.18450 2.17072 2.04643 1.86682 1.86682 1.87295 1.66016 1.67499 1.72627 1.72380 1.63770 1.66268 1.68230 1.71856 1.72897 1.72789 1.75723 1.77767 1.80934 1.92292 1.92292 1.95132 2.00157 2.00157 2.00157 2.00157 2.00250 2.01336 2.02691 2.04039 2.24503 2.57849 2.69184 2.69257 2.86461 3.29360 3.51067 4.05823 4.17385 4.23965 4.27954 4.28725 4.29486 4.30247
2.91904 2.74220 2.52776 2.46995 2.41521 2.35722 2.30517 2.29687 2.29687 2.29239 2.22847 2.25673 2.26096 2.49442 2.69282 2.67645 2.65469 2.63279 2.61087 2.48829 2.28068 2.30047 2.32009 2.33977 2.35953 2.32966 2.11766 2.19843 2.27586 2.11311 1.97897 1.98219 2.03741 1.86372 1.87402 1.90339 1.91633 1.89188 1.79118 1.77857 1.77857 1.78107 1.91610 1.92585 1.97201 2.02786 2.04067 2.05416 2.06770 2.08025 2.08289 2.07867 2.05419 2.09352 2.49536 2.83789 2.93723 3.12803 3.50945 3.81681 4.16413 4.34379 4.34998 4.35054 4.35346 4.39459 4.44734
2.24159 2.31875 2.30077 2.29559 2.29167 2.28770 2.28372 2.27972 2.27575 2.27161 2.20064 2.18393 2.17676 2.26645 2.56853 2.56299 2.56286 2.56286 2.56286 2.57530 2.44295 2.42764 2.43952 2.50735 2.58895 2.67797 2.40454 2.38147 2.46184 2.43676 2.21667 2.29318 2.31417 2.05148 1.91633 1.91633 1.91633 1.91007 1.84045 1.86031 1.91022 1.96016 2.11651 2.21813 2.24733 2.16118 2.15106 2.14174 2.12811 2.11452 2.10100 2.09077 2.09659 2.09203 2.44957 2.87711 3.19289 3.26731 3.49443 3.83945 4.05275 4.41549 4.46821 4.52103 4.57081 4.58250 4.58250
2.17722 2.21805 2.31127 2.24887 2.24880 2.24299 2.22540 2.20748 2.18958 2.17177 2.12635 2.10393 2.12913 2.13966 2.54208 2.56286 2.56286 2.56286 2.56542 2.62400 2.64018 2.64925 2.72911 2.75188 2.83872 2.93622 2.78926 2.75845 2.77558 2.74340 2.36105 2.31417 2.33578 2.25493 2.07776 2.16134 2.24488 2.32799 2.30120 2.27614 2.30978 2.34012 2.34968 2.32976 2.29761 2.19680 2.10799 2.10350 2.09909 2.09327 2.08745 2.08241 2.08173 2.08173 2.30732 2.74427 3.15554 3.30747 3.55287 4.00712 4.12928 4.58209 4.58250 4.58250 4.58250 4.58250 4.58250
2.17722 2.17722 2.31077 2.19542 2.17748 2.16538 2.16505 2.16505 2.16505 2.16505 2.14343 2.09628 2.12627 2.12913 2.43070 2.59723 2.68051 2.77235 2.87054 2.92146 2.99299 2.94853 3.04607 3.12965 3.13029 3.10062 2.96912 2.85074 2.83379 2.81685 2.85920 2.82620 2.88816 2.89018 2.52673 2.51767 2.51753 2.51598 2.44121 2.28616 2.25411 2.22546 2.22371 2.23312 2.22968 2.19070 2.08869 2.08314 2.08173 2.08173 2.08173 2.08769 2.14373 2.21101 2.35911 2.83146 3.27474 3.43576 3.61273 3.94950 4.07141 4.50209 4.58250 4.58250 4.58250 4.58250 4.58250
2.17722 2.17722 2.29809 2.16884 2.16505 2.16505 2.16505 2.16505 2.16505 2.16505 2.16005 2.10710 2.18236 2.26219 2.54459 2.92568 2.99400 3.06131 3.12871 3.17483 3.17844 2.91674 2.82556 2.73803 2.66053 2.60269 2.60569 2.82601 2.82601 2.82601 3.03709 2.91730 2.91416 2.91223 2.62181 2.51052 2.50873 2.50835 2.45977 2.22649 2.21849 2.21272 2.20727 2.21311 2.21110 2.20782 2.08755 2.09732 2.16110 2.22843 2.29567 2.35702 2.36825 2.36825 2.36936 2.71988 3.16576 3.42806 3.56674 3.84605 4.07141 4.37008 4.60782 4.62532 4.64280 4.65099 4.65205
2.17722 2.17722 2.24853 2.22755 2.16505 2.16505 2.16490 2.14773 2.15813 2.18490 2.21454 2.21253 2.25470 2.41045 2.54723 3.01497 2.95688 2.89960 2.84226 2.78494 2.75621 2.61483 2.55283 2.55283 2.55283 2.55283 2.55463 2.80507 2.82247 2.82016 2.94746 2.97479 2.90619 2.90619 2.74174 2.50835 2.50706 2.50156 2.49339 2.24136 2.19874 2.19870 2.19870 2.23775 2.30789 2.37522 2.35145 2.36562 2.36981 2.37056 2.37131 2.37206 2.37281 2.37356 2.37432 2.60351 3.03996 3.36920 3.62079 3.99974 4.35630 4.50861 4.79841 4.78201 4.76526 4.75122 4.71494
2.04502 1.97805 1.91669 2.10374 1.98926 2.00747 2.02767 2.08644 2.14410 2.19109 2.28986 2.37972 2.45320 2.77556 2.85922 2.74220 2.71509 2.71509 2.71509 2.71509 2.72041 2.69023 2.55198 2.54969 2.54737 2.54505 2.54273 2.73000 2.81483 2.81483 2.83499 3.07154 2.90588 2.90575 2.86393 2.51077 2.51068 2.51667 2.52431 2.38810 2.31926 2.38735 2.45531 2.50011 2.50698 2.50774 2.45293 2.37906 2.37906 2.37906 2.37906 2.37906 2.37917 2.38561 2.39575 2.51378 2.95596 3.33909 3.59334 3.99033 4.38778 4.40982 4.70200 4.65937 4.60903 4.56525 4.54689
1.61634 1.61634 1.61634 1.98882 2.17064 2.28113 2.39233 2.48720 2.55701 2.62093 2.63346 2.63028 2.62357 2.80604 2.89841 2.79352 2.71509 2.71999 2.74933 2.78223 2.81883 2.87100 2.56393 2.57147 2.57904 2.58665 2.59421 2.72329 2.88109 2.81353 2.71321 2.89589 2.96607 2.96707 2.96543 2.69952 2.70086 2.76813 2.83409 2.74552 2.49603 2.49603 2.49603 2.49940 2.50843 2.50843 2.48858 2.38551 2.39558 2.40571 2.41584 2.42591 2.43587 2.43951 2.44572 2.49961 2.94233 3.26428 3.48041 3.89059 4.06883 4.04297 4.25410 4.30785 4.27507 4.24215 4.21322
1.92641 2.11194 2.29680 2.51365 2.63286 2.63346 2.63346 2.63376 2.63784 2.64303 2.64820 2.65262 2.64957 2.77382 2.99031 2.97470 2.88272 2.91568 2.92421 2.92918 2.93046 3.00811 2.69584 2.64114 2.64114 2.60426 2.50713 2.46655 2.56963 2.53874 2.53593 2.68789 2.91588 2.91326 2.89734 2.87597 2.85575 2.85575 2.85575 2.83531 2.50184 2.48656 2.46555 2.44509 2.43564 2.41481 2.39496 2.44356 2.46189 2.47918 2.53520 2.59804 2.66129 2.72427 2.79902 2.87944 3.21227 3.51084 3.45885 3.76470 3.87270 3.85995 4.02742 4.21633 4.23735 4.25865 4.27997
2.52871 2.52811 2.52811 2.55397 2.67684 2.68474 2.68994 2.69482 2.70929 2.74182 2.77450 2.80718 2.83087 2.85532 3.10743 3.10630 2.93594 2.93046 2.93046 2.93046 2.93046 2.96100 2.70794 2.44557 2.36224 2.31210 2.30680 2.29281 2.48714 2.48260 2.46784 2.53416 2.85701 2.89453 2.89453 2.88187 2.82920 2.80206 2.76214 2.72186 2.40303 2.29107 2.27184 2.25260 2.42609 2.53660 2.59862 2.68414 2.75683 2.80243 2.81874 2.87562 2.93961 3.00358 3.04965 3.05168 3.19028 3.50698 3.51176 3.67452 3.91576 3.91803 4.01193 4.30220 4.30249 4.30249 4.30249
2.56109 2.52811 2.52811 2.53538 2.70189 2.76397 2.79666 2.82936 2.84868 2.84883 2.84883 2.84883 2.84311 2.83894 3.03759 3.11378 2.97990 2.92805 2.84749 2.73878 2.64030 2.57597 2.55962 2.28773 2.27018 2.25261 2.23934 2.23854 2.39075 2.44157 2.46082 2.48731 2.67629 2.70167 2.66156 2.62735 2.57420 2.55566 2.55527 2.56028 2.42509 2.29446 2.34561 2.39721 2.61034 2.75634 2.75946 2.82579 2.92568 2.98965 3.04464 3.05168 3.05168 3.05168 3.05330 3.06310 3.09977 3.52712 3.64896 3.64864 3.97846 3.95392 3.95688 4.27688 4.30249 4.30249 4.30249
2.62010 2.52811 2.52811 2.52811 2.71495 2.84883 2.84883 2.84883 2.84883 2.84883 2.84883 2.84883 2.84556 2.83894 2.90428 2.94281 2.75998 2.58013 2.54405 2.52404 2.49903 2.47387 2.54407 2.22306 2.22647 2.26291 2.29940 2.33589 2.43057 2.53127 2.53687 2.53687 2.52966 2.58009 2.59577 2.64111 2.68403 2.73095 2.79531 2.85456 2.76938 2.45114 2.45143 2.48920 2.64639 2.92234 2.98317 3.00177 3.05098 3.05168 3.05527 3.06601 3.07695 3.08788 3.09720 3.09834 3.09834 3.42415 3.65541 3.58274 3.97809 3.95887 3.95353 4.18538 4.30249 4.30249 4.29985
2.69393 2.52811 2.52811 2.52811 2.62037 2.84774 2.84883 2.84883 2.84883 2.84883 2.83156 2.74046 2.64856 2.50493 2.45719 2.63692 2.58737 2.43531 2.43183 2.46975 2.51370 2.55780 2.67536 2.51610 2.42071 2.42071 2.42071 2.42071 2.44636 2.53699 2.57335 2.63768 2.69790 2.78700 2.88610 2.90510 2.89568 2.86632 2.86632 2.89092 2.93681 2.63552 2.66688 2.69309 2.71451 2.99624 3.00459 3.01555 3.06794 3.09079 3.09814 3.09830 3.09807 3.09781 3.09754 3.09727 3.09701 3.28763 3.61589 3.59742 3.75404 3.75687 3.71911 3.80644 3.93044 3.86870 3.80973
2.76899 2.53709 2.53403 2.55357 2.60896 2.85066 2.89674 2.82521 2.72879 2.64138 2.56278 2.53538 2.51532 2.37319 2.35210 2.55281 2.61933 2.62851 2.66079 2.66181 2.66181 2.66181 2.70969 2.63701 2.42071 2.44690 2.51092 2.57527 2.64193 2.81480 2.84791 2.84791 2.84697 2.84624 2.90504 2.91902 2.97881 3.00550 3.05251 3.07596 3.06070 2.80820 2.70086 2.71154 2.72220 2.98351 3.04245 3.04218 3.06872 3.09504 3.09477 3.09454 3.09451 3.09451 3.09451 3.09451 3.08741 3.12859 3.53715 3.59348 3.54255 3.58286 3.55612 3.57535 3.72945 3.71431 3.69460
2.97534 2.75668 2.69482 2.69536 2.70361 2.85855 2.66729 2.53912 2.53224 2.52596 2.53138 2.54562 2.55926 2.46989 2.40438 2.51563 2.64340 2.65459 2.66181 2.66181 2.64568 2.56806 2.50651 2.51066 2.68831 2.71381 2.69826 2.68250 2.66665 2.73582 2.75126 2.74150 2.79459 2.85509 2.93218 2.96766 2.95554 2.92007 2.91323 2.92417 2.93510 2.90308 2.73591 2.73591 2.73591 2.91269 3.04111 3.04111 3.05323 3.09451 3.08730 3.07168 3.05604 3.04040 3.02477 3.00913 3.00070 3.00114 3.37250 3.56350 3.49827 3.52445 3.49199 3.46586 3.59242 3.60578 3.59639
3.02757 2.86067 2.69086 2.67826 2.66543 2.76083 2.76817 2.56245 2.56291 2.56291 2.56291 2.56291 2.56626 2.52332 2.42975 2.47308 2.62439 2.55781 2.49769 2.42500 2.36864 2.37367 2.38386 2.19862 2.45359 2.52460 2.52460 2.52479 2.57303 2.71490 2.85987 2.93916 2.95563 2.97020 3.03561 3.10899 3.18461 3.15015 2.94776 2.94776 2.94776 2.96157 2.74532 2.73591 2.73253 2.82549 3.01768 3.00757 2.99813 3.00796 2.99825 2.97461 2.94646 2.92093 2.89595 2.87085 2.84572 2.83518 3.06652 3.35609 3.26463 3.22424 3.35311 3.37772 3.48103 3.55711 3.57718
2.86667 2.78722 2.68567 2.68562 2.68562 2.78615 2.97800 2.65093 2.65552 2.66665 2.67777 2.64947 2.57350 2.47525 2.24815 2.16777 2.34661 2.38718 2.40416 2.40445 2.40445 2.40445 2.40445 2.23389 2.37333 2.63181 2.71717 2.80235 2.83947 2.89605 3.05914 3.13472 3.21037 3.26269 3.25596 3.25235 3.25235 3.23969 2.95663 2.93618 2.92607 2.92509 2.76319 2.67006 2.65759 2.67640 2.82043 2.79241 2.76682 2.75426 2.73764 2.73622 2.73925 2.74881 2.78006 2.81225 2.84449 2.86177 2.95439 3.34619 3.35311 3.21720 3.35363 3.45949 3.55852 3.72794 3.75244
2.77998 2.77998 2.69631 2.68562 2.68562 2.81266 3.02672 2.69620 2.51719 2.43359 2.34978 2.30559 2.30555 2.30555 2.17175 2.14703 2.27131 2.38605 2.40012 2.40445 2.41289 2.48509 2.57045 2.53795 2.55786 2.87737 2.95295 3.02857 3.10418 3.15462 3.26432 3.26800 3.26263 3.24135 3.22045 3.20196 3.18542 3.16958 2.94416 2.84487 2.83913 2.83692 2.77689 2.62709 2.63052 2.63395 2.70587 2.72072 2.72123 2.73342 2.77326 2.80549 2.83769 2.86080 2.86179 2.86179 2.86179 2.89355 3.02882 3.40242 3.54457 3.42663 3.47516 3.57311 3.58237 3.74887 3.75250
2.77998 2.77998 2.71832 2.68562 2.68562 2.74670 2.83557 2.49228 2.30555 2.30555 2.30555 2.30555 2.30555 2.30555 2.21099 2.14703 2.19672 2.44015 2.53438 2.62924 2.70682 2.76722 2.84286 2.87225 2.82170 3.21092 3.28205 3.30890 3.32756 3.34627 3.21147 3.13314 3.11438 3.11131 3.13424 3.14250 3.14034 3.13870 2.98495 2.74661 2.69585 2.64502 2.63971 2.64096 2.64096 2.64273 2.71679 2.78023 2.81246 2.84234 2.86179 2.86179 2.86179 2.92399 3.06414 3.20458 3.34485 3.45348 3.46097 3.48264 3.58332 3.51072 3.43848 3.57311 3.57311 3.70934 3.75250
2.77998 2.77998 2.74582 2.68562 2.68562 2.68948 2.91741 2.61471 2.31070 2.30555 2.30555 2.30555 2.30555 2.33440 2.37021 2.39219 2.51708 2.85250 2.99632 3.12374 3.23575 3.29672 3.31629 3.30191 3.06939 3.26386 3.38109 3.37294 3.37294 3.37294 3.24030 3.11131 3.11114 3.08162 3.04447 3.01263 2.95829 2.90907 2.86934 2.59366 2.59044 2.59067 2.63942 2.69390 2.72539 2.75585 2.79267 2.84331 2.84643 2.94301 3.09917 3.24227 3.38260 3.46073 3.46097 3.46097 3.46209 3.47269 3.48542 3.50881 3.60461 3.62545 3.37766 3.50684 3.51816 3.59468 3.65459
2.77998 2.77998 2.77558 2.68812 2.68562 2.68566 2.89590 2.73635 2.41752 2.35909 2.44618 2.54344 2.64350 2.76723 2.86009 2.99625 3.05717 3.20308 3.29047 3.28507 3.26760 3.25364 3.25279 3.25279 3.06308 3.13384 3.37294 3.37294 3.35170 3.30109 3.18172 2.93788 2.88723 2.86598 2.87047 2.89936 2.89569 2.89502 2.90837 2.70796 2.66811 2.70008 2.73420 2.78116 2.80810 2.94221 3.10551 3.32863 3.47874 3.53521 3.55872 3.57918 3.59194 3.60467 3.61743 3.63016 3.64180 3.64396 3.64396 3.64810 3.71976 3.79408 3.40195 3.45703 3.52115 3.52254 3.49789
2.88284 2.91859 2.95435 2.86089 2.84954 2.87335 3.00027 2.93655 2.70593 2.76878 2.85077 2.90986 2.96577 2.96853 2.95102 2.99116 2.99569 3.06078 3.24248 3.24913 3.25279 3.25279 3.25279 3.25811 3.14405 3.09115 3.20842 3.15733 3.12779 3.13564 3.14886 2.92752 2.94581 2.96973 2.99632 3.06071 3.12198 3.19801 3.24099 3.12728 3.02375 3.18382 3.33572 3.40522 3.52616 3.54521 3.54521 3.61627 3.62548 3.62548 3.63122 3.64396 3.64396 3.64697 3.65641 3.66605 3.67571 3.68535 3.69500 3.70164 3.73444 3.82647 3.53794 3.40594 3.49319 3.50659 3.51073
3.07743 3.07743 3.07743 2.97518 2.89042 2.98227 3.14745 3.28971 3.01295 2.94417 2.92956 2.92868 2.92868 2.92868 2.92868 2.96930 2.99528 2.98671 3.19474 3.21486 3.22655 3.23172 3.23697 3.23675 3.25342 3.36239 3.38024 3.40193 3.42595 3.44200 3.44304 3.25054 3.20346 3.21591 3.22580 3.24601 3.24528 3.23370 3.16368 3.15511 3.62185 3.62646 3.62646 3.56078 3.54548 3.54521 3.54521 3.59894 3.63635 3.64557 3.65585 3.68494 3.69500 3.70164 3.70218 3.70968 3.74436 3.78393 3.82375 3.86431 3.94722 3.93582 3.78754 3.42820 3.71068 3.71288 3.69878
3.08390 3.26253 3.49003 3.60823 3.27780 3.30214 3.30774 3.32951 2.97985 2.85200 2.81920 2.80010 2.78100 2.76180 2.75552 2.78470 2.83333 2.85163 3.03221 3.12734 3.13667 3.13673 3.13673 3.13673 3.17952 3.45090 3.44721 3.44871 3.46116 3.47361 3.48540 3.35013 3.18873 3.11877 3.04874 2.98889 2.97069 3.03239 3.04214 3.04214 3.53041 3.62760 3.63566 3.59678 3.57421 3.59163 3.61891 3.66408 3.69525 3.69962 3.70762 3.75945 3.80448 3.84400 3.88333 3.91555 3.94468 3.99401 4.04341 4.09172 4.11032 4.08834 3.96789 3.44438 3.70359 3.84453 3.96937
4.06399 3.99148 3.99148 3.99148 3.36816 3.30214 3.30214 3.10083 2.87368 2.72262 2.72844 2.75270 2.77693 2.80117 2.81261 2.82007 2.87960 2.87962 2.96018 3.12641 3.13474 3.13673 3.13673 3.13972 3.15189 3.44865 3.48945 3.48710 3.44066 3.37064 3.30067 3.15673 2.93688 2.93688 2.93688 2.94066 2.99176 3.05777 3.11811 3.14541 3.48101 3.78312 3.80231 3.78972 3.75973 3.76911 3.79885 3.82707 3.82577 3.86094 3.89245 3.90877 3.93534 3.98349 4.03284 4.08224 4.10730 4.10730 4.10730 4.10730 4.14416 4.29034 4.31336 4.06061 4.18022 4.30032 4.29764
4.28404 3.99148 3.99148 3.99148 3.52734 3.33325 3.36933 3.25853 3.12475 2.85909 2.81333 2.81261 2.81261 2.81261 2.81261 2.81261 2.87047 2.87962 2.89114 3.11943 3.14276 3.16010 3.17255 3.17847 3.12528 3.26820 3.29928 3.21794 3.18533 3.17765 3.18357 3.19511 3.12180 3.17074 3.22003 3.26721 3.21268 3.20607 3.26256 3.26256 3.39098 3.84460 3.84176 3.82579 3.77106 3.93496 3.94139 3.94125 3.90926 3.95022 3.99960 4.05383 4.10611 4.10730 4.10730 4.10795 4.16991 4.27157 4.37324 4.47491 4.53977 4.62938 4.62029 4.37005 4.11860 4.30032 4.30032
4.47105 3.97844 3.97043 3.96370 3.77069 3.44843 3.44843 3.36486 3.22363 2.89880 2.82490 2.81261 2.81261 2.81261 2.81261 2.81263 2.86088 2.89907 2.90795 3.07788 3.08892 3.01897 2.94135 2.86718 2.84821 3.00968 3.20674 3.23095 3.25841 3.28964 3.30728 3.30735 3.28533 3.27958 3.27958 3.27955 3.23544 3.18630 3.24673 3.25221 3.25365 3.77773 3.83313 3.83258 3.76393 3.94586 4.03278 4.08215 4.09403 4.08460 4.08460 4.09224 4.19521 4.29845 4.40012 4.50109 4.54085 4.54085 4.54085 4.54085 4.54085 4.57095 4.65164 4.49117 4.04716 4.24760 4.23453
4.31769 3.97199 3.95675 3.95675 3.92756 3.45906 3.44843 3.42294 3.22616 3.00348 2.83944 2.80793 2.80892 2.81848 2.82846 2.83868 2.85472 2.86764 2.86654 2.87934 2.89722 2.91388 2.94113 2.97243 2.99871 3.07057 3.31588 3.31369 3.30735 3.30735 3.30735 3.30599 3.28794 3.27253 3.26969 3.26687 3.24807 3.17692 3.21733 3.24881 3.24926 3.63357 3.91395 3.96334 3.95440 4.03676 4.12831 4.14679 4.21505 4.28409 4.37775 4.46415 4.49088 4.49040 4.48240 4.47442 4.46643 4.45845 4.45045 4.44247 4.43448 4.42705 4.54946 4.35494 3.92258 3.99906 3.98653
