High_resolution/powerplant/Chizhou/OMI_NO2_200707.asc
ncols      200
nrows      200
xllcorner       115.585
yllcorner       28.7700
cellsize     0.0166667
NODATA_Value      -999.000
[rows 58 to 86 of 175, columns 0 to 65 of 200]
2.03297 1.90951 1.90059 1.90059 1.90059 1.90059 1.90049 1.85659 1.82196 1.82463 1.82411 1.82360 1.82333 1.82309 1.82283 1.82253 1.82221 1.82173 1.82932 1.84449 1.85961 1.88565 1.96044 2.03984 1.56868 1.34578 1.94494 1.99803 1.97226 1.97164 1.97164 1.97164 1.97164 1.97164 1.97164 1.97164 1.97164 1.97164 1.97164 2.57615 3.02611 3.40189 2.51771 2.34578 2.34578 2.34578 2.33829 2.29150 2.24494 2.20379 2.16734 2.13474 2.10675 2.14138 2.21703 2.29304 2.59910 2.88531 3.54522 3.57155 3.57155 2.31021 2.09890 2.26846 2.43801 2.56441
2.01952 1.93323 1.88334 1.88282 1.88228 1.88176 1.89783 1.94419 1.80351 1.80524 1.80460 1.80394 1.80379 1.80381 1.81252 1.82833 1.84417 1.86003 1.86752 1.86752 1.86752 1.87093 1.97282 2.02330 1.13955 1.13458 1.67712 1.97164 1.97164 1.97164 1.97164 1.97164 1.97164 1.97164 1.97164 1.97164 1.97164 1.97164 1.97164 2.33766 2.89205 3.39925 2.50745 2.17062 2.13767 2.10805 2.08470 2.11151 2.19127 2.26372 2.32906 2.38831 2.44142 2.45879 2.45879 2.44044 2.68449 2.76893 3.57274 3.51754 3.22147 2.59539 2.24296 2.08047 1.91779 1.79838
2.01684 2.00532 1.96260 2.01245 2.06233 2.11220 2.14561 2.14646 1.93136 1.80383 1.81287 1.82872 1.84458 1.86431 1.86321 1.82225 1.78546 1.75305 1.79193 1.93064 1.94053 1.94918 2.05161 2.08737 1.13955 1.13941 1.44166 1.97164 1.97164 1.97164 1.97164 1.97164 1.97164 1.98822 2.02079 2.05337 2.08596 2.11854 2.15112 2.30474 3.04442 2.99251 2.54751 2.23965 2.30729 2.36852 2.42423 2.45806 2.45879 2.45879 2.45879 2.45879 2.45879 2.45632 2.42589 2.35607 2.31296 2.28854 2.50055 1.69908 1.66999 1.68723 1.79161 1.79248 1.79248 1.79248
2.26271 2.27654 2.15221 2.14646 2.14610 2.12276 2.09250 2.06697 1.97259 1.90422 1.87572 1.83447 1.79823 1.76302 1.73845 1.73778 1.73778 1.73778 1.75319 1.94861 1.95042 1.95042 2.02092 2.08479 1.13955 1.13955 1.18434 1.98605 2.04179 2.07434 2.10693 2.13951 2.17208 2.18808 2.18808 2.18808 2.19215 2.20125 2.21037 2.21949 2.96762 3.05817 2.73571 2.46687 2.45879 2.45879 2.45879 2.45872 2.43766 2.39865 2.35975 2.32072 2.28184 2.24531 2.23685 2.22306 1.99527 2.07282 2.32826 1.72156 1.66999 1.66999 1.77506 1.79248 1.79248 1.79248
2.12262 2.10688 1.99566 1.91582 1.89079 1.87072 1.83611 1.80048 1.77572 1.74847 1.73778 1.73778 1.73778 1.73778 1.73778 1.73778 1.73778 1.73778 1.73778 1.89428 1.95042 1.95042 1.99486 2.08479 1.13955 1.13955 1.30981 2.02669 2.18808 2.18808 2.18896 2.19665 2.20577 2.21489 2.22401 2.23316 2.23822 2.23823 2.23823 2.23823 2.73663 3.07738 2.85606 2.43323 2.37013 2.33117 2.29217 2.25331 2.23545 2.23545 2.23545 2.23545 2.23545 2.23545 2.23545 2.23545 2.03602 2.07282 2.22197 2.07103 1.66999 1.66999 1.74491 1.79248 1.79248 1.79248
2.07960 2.20127 2.04732 1.78202 1.75132 1.73487 1.73478 1.73478 1.73514 1.74955 1.73778 1.73778 1.73778 1.73778 1.73778 1.73778 1.73778 1.73778 1.73778 1.82642 1.95042 1.95042 1.97255 2.08479 1.13955 1.13955 1.20360 1.84532 2.21945 2.22857 2.23680 2.23823 2.23823 2.23823 2.23823 2.23823 2.24021 2.28298 2.34210 2.40100 2.59720 2.84314 2.72224 2.28518 2.23545 2.23545 2.23545 2.23545 2.23545 2.23545 2.23545 2.23545 2.23545 2.23545 2.23545 2.23545 2.10014 2.05320 2.11504 2.34543 1.71635 1.83601 1.93507 1.97678 2.02179 2.06310
1.98455 2.05370 2.03428 1.74215 1.73478 1.73478 1.73478 1.73478 1.73478 1.74965 1.73778 1.73778 1.73778 1.73778 1.73778 1.73778 1.73778 1.73778 1.73778 1.76929 1.95042 1.95042 1.95429 2.08241 1.13955 1.13955 1.13955 1.59068 2.23823 2.23823 2.23823 2.25501 2.31212 2.37128 2.43014 2.48901 2.54593 2.56202 2.56202 2.56202 2.57321 2.79877 2.75579 2.37621 2.23698 2.23545 2.23545 2.23545 2.23545 2.23545 2.23545 2.23545 2.23545 2.23545 2.23545 2.23545 2.28380 2.19310 2.27320 2.61363 2.35375 2.38446 2.41332 2.29565 2.29431 2.31435
1.95181 2.05094 2.05370 1.82424 1.73478 1.73478 1.73478 1.73478 1.73478 1.74924 1.73808 1.73778 1.73778 1.73778 1.73778 1.73778 1.73760 1.73559 1.73308 1.73090 1.90787 1.96485 2.00448 2.20800 3.61101 1.85023 1.90261 1.97220 2.49493 2.60965 2.66840 2.71171 2.72007 2.72698 2.73371 2.74026 2.74672 2.75331 2.63960 2.56202 2.56202 2.74176 2.77359 2.47906 2.25048 2.23545 2.23545 2.23545 2.23545 2.23581 2.25254 2.27950 2.30868 2.34024 2.37461 2.41205 2.55602 2.51137 2.59452 2.83435 2.87089 2.84962 2.84962 2.71415 2.61929 2.63057
1.90476 1.98060 2.00822 1.87836 1.68527 1.68326 1.68126 1.67926 1.67720 1.69382 1.68721 1.65827 1.65573 1.65324 1.65074 1.64818 1.64680 1.66937 1.70157 1.73383 1.88018 2.00024 2.00024 2.18502 3.61101 3.05440 2.86096 2.71006 2.70621 2.82427 2.82427 2.82427 2.82427 2.82427 2.82427 2.82427 2.82427 2.82427 2.71622 2.56202 2.56202 2.67362 2.79152 2.62158 2.30960 2.30552 2.33683 2.37087 2.40802 2.44804 2.46274 2.46522 2.46796 2.47063 2.47311 2.47554 2.54612 2.55519 2.62316 2.74347 2.90001 2.79576 2.74374 2.69905 2.70999 2.72054
1.86940 1.91757 1.97977 1.95054 1.68676 1.72600 1.76816 1.81030 1.85242 1.88399 1.79375 1.64536 1.64655 1.67033 1.70246 1.73470 1.76520 1.75074 1.72728 1.70134 1.68569 1.64489 1.56880 1.52332 3.61101 3.27576 2.86096 2.82722 2.61425 2.82427 2.82427 2.82427 2.82427 2.82427 2.82427 2.82427 2.81532 2.78082 2.67846 2.40795 2.35985 2.35525 2.51218 3.20086 2.53515 2.45767 2.45154 2.44542 2.43930 2.43318 2.46696 2.52703 2.52703 2.52703 2.52703 2.52703 2.54908 2.53203 2.58694 2.59656 2.76668 2.65420 2.64524 2.63234 2.66711 2.65919
1.93653 2.00619 2.14268 2.18497 1.96035 1.88525 1.88525 1.88525 1.88400 1.88553 1.82710 1.56084 1.53706 1.50697 1.46810 1.42423 1.37510 1.36120 1.36135 1.36135 1.36135 1.36135 1.36135 1.36558 3.61101 3.55665 2.87366 2.86096 2.56846 2.81473 2.79400 2.75795 2.72187 2.68582 2.64979 2.61371 2.58659 2.58503 2.56262 2.21051 2.10600 1.98595 2.11819 2.54461 2.06612 2.38944 2.42816 2.42816 2.42816 2.42816 2.44050 2.49957 2.43387 2.34843 2.26964 2.19885 2.14359 2.28873 2.61497 2.63364 2.67526 2.55798 2.55673 2.55673 2.58559 2.60646
2.05529 2.07525 2.14214 2.14117 1.97955 1.80202 1.80706 1.81195 1.83372 1.87194 1.81742 1.37683 1.35828 1.36135 1.36135 1.36135 1.36135 1.36135 1.36135 1.36135 1.36135 1.36135 1.36135 1.36215 3.61101 3.61101 2.98260 2.86096 2.47164 2.50405 2.58503 2.58503 2.58503 2.58225 2.53755 2.47408 2.40399 2.32592 2.23883 1.57365 1.45508 1.45508 1.68021 2.08369 2.24116 2.33599 2.41527 2.33796 2.25126 2.15183 2.06513 2.16861 2.17388 2.17260 2.17260 2.17260 2.17260 2.28286 2.57603 2.64162 2.67237 2.58741 2.55673 2.55673 2.57022 2.60646
1.90114 1.91669 1.95480 1.99580 1.99569 1.89281 1.93272 1.97720 2.00212 2.00212 1.95845 1.53093 1.36135 1.36135 1.36135 1.36135 1.36135 1.36135 1.36135 1.36135 1.36135 1.36135 1.36135 1.36135 3.61101 3.61101 3.15424 2.86096 2.62952 2.34350 2.44027 2.36651 2.28408 2.19676 2.17373 2.17373 2.17373 2.17373 2.17373 1.74605 1.41869 1.36173 1.34661 1.28686 1.47015 1.69847 2.03019 2.01799 2.01016 2.00984 2.00984 2.12211 2.17260 2.17260 2.17260 2.17260 2.17260 2.25090 2.50263 2.64162 2.66070 2.62568 2.55673 2.55673 2.55840 2.60547
1.94444 2.02701 2.11146 2.18142 2.18780 2.03757 2.00212 2.00212 2.00212 2.00212 1.99979 1.66456 1.36135 1.36135 1.36135 1.36135 1.36135 1.36135 1.36135 1.36135 1.36135 1.36135 1.36135 1.36135 3.61101 3.61101 3.41049 2.86096 2.83300 2.19202 2.17373 2.17373 2.17373 2.17373 2.16633 2.13090 2.09301 2.05497 2.01704 1.66163 1.27112 1.51059 1.69509 1.46890 1.44013 1.56270 2.00551 2.00984 2.00984 2.00984 2.00984 2.08585 2.17260 2.17260 2.17260 2.17260 2.17260 2.21690 2.42937 2.64739 2.65604 2.66936 2.56774 2.56917 2.57003 2.60253
2.18780 2.18780 2.18780 2.18780 2.18780 2.09651 2.00212 2.00212 2.00212 2.00212 2.00212 1.81794 1.36347 1.36135 1.36135 1.36135 1.36135 1.36135 1.36135 1.36135 1.36135 1.36135 1.36135 1.36390 3.58548 3.56556 3.54462 2.86686 2.80761 2.24154 2.06361 2.01893 1.97436 1.93057 1.89912 1.89547 1.94593 2.04211 2.15061 2.14631 1.94560 1.94576 1.94576 1.73823 1.36636 1.51074 1.92383 2.00984 2.00984 2.00984 2.00984 2.04569 2.17260 2.17260 2.17260 2.17260 2.17260 2.18112 2.35009 2.56217 2.53930 2.55236 2.46453 2.45883 2.45342 2.46512
2.17019 2.16845 2.16675 2.16505 2.16331 2.12935 1.97421 1.97252 1.97077 1.96906 1.96737 1.86727 1.41246 1.30814 1.30588 1.30262 1.28118 1.25577 1.23345 1.26650 1.32141 1.35067 1.38010 1.40687 2.87321 2.87321 2.87321 2.42038 2.19970 1.92555 1.74985 1.76301 1.83121 1.93321 2.02001 2.09821 2.13561 2.14274 2.19042 2.18751 2.01714 2.03746 1.99192 1.87783 1.41209 1.52413 1.79426 1.98424 1.97985 2.00215 2.00984 2.01204 2.16543 2.16619 2.12329 2.06805 1.99807 1.91919 2.04234 2.30525 2.35061 2.38465 2.39898 2.39678 2.42065 2.45275
2.12499 2.12499 2.12499 2.12499 2.12499 2.12493 1.96615 1.90547 1.83921 1.78132 1.72556 1.61796 1.36795 1.33072 1.32592 1.32459 1.35306 1.38953 1.42510 1.50643 1.61524 1.63722 1.46636 1.58094 2.79073 2.65367 2.55566 2.33484 2.17288 2.19794 2.04292 2.12426 2.15624 2.15977 2.16306 2.16613 2.16901 2.17062 2.19568 2.19523 2.07156 2.05552 2.01118 1.90803 1.61763 1.56686 1.67436 1.95554 1.91822 1.87666 1.81089 1.72258 1.68348 1.58501 1.54192 1.51870 1.51770 1.51770 1.75701 2.15911 2.33116 2.39009 2.45909 2.48546 2.47772 2.45247
2.12499 2.17436 2.14876 2.09587 2.04428 1.99383 1.86038 1.74268 1.71588 1.68514 1.65640 1.63848 1.52287 1.55804 1.61561 1.66999 1.68848 1.70029 1.71158 1.73721 1.94561 1.95622 1.80027 2.02556 2.49470 2.60471 2.69400 2.72348 2.50137 2.49554 2.23359 2.19264 2.14745 2.15009 2.15499 2.15990 2.16481 2.16971 2.19274 2.21438 2.12948 2.08381 2.06771 1.95096 1.75705 1.53637 1.57827 1.60122 1.57407 1.55629 1.51770 1.51770 1.51770 1.51770 1.52475 1.56983 1.67485 1.80986 2.13615 2.59081 2.51807 2.50847 2.32912 2.30987 2.29707 2.29675
1.83997 1.88066 1.91206 1.87117 1.84065 1.82380 1.78103 1.69053 1.72243 1.75796 1.79523 1.81318 1.79924 1.81039 1.77916 1.75234 1.74911 1.74911 1.74911 1.74911 1.90351 1.95622 1.84982 1.90885 2.79772 2.79772 2.80128 2.79221 2.59781 2.56399 2.35157 2.23863 2.17807 2.17998 2.17998 2.17998 2.17998 2.17998 2.18833 2.21538 2.15631 2.08381 2.08369 1.96806 1.88393 1.53462 1.57215 1.57301 1.57400 1.58569 1.56197 1.64326 1.81880 2.07141 2.40158 2.59791 2.60460 2.60460 2.63219 2.87378 2.64302 2.60700 2.31435 2.29675 2.29675 2.29675
1.88455 1.85948 1.88433 1.89970 1.84623 1.75617 1.64804 1.78442 1.78234 1.75483 1.72951 1.71963 1.71963 1.73858 1.74911 1.74911 1.74911 1.74911 1.74911 1.74911 1.83861 1.95622 1.89487 1.81580 2.88493 2.90011 2.91208 2.89467 2.73807 2.62506 2.47719 2.25277 2.19071 2.17998 2.17998 2.17998 2.17998 2.17998 2.18066 2.21309 2.18136 2.08381 2.08382 2.01615 1.95837 1.71222 1.68506 1.78016 1.92428 2.02915 2.44402 2.60414 2.60460 2.60460 2.60460 2.60460 2.60460 2.60460 2.60460 2.83018 2.71775 2.60985 2.37817 2.29675 2.29675 2.29675
1.91476 1.72481 1.63383 1.49151 1.43907 1.46208 1.44871 1.61879 1.71963 1.71963 1.71963 1.71963 1.71963 1.73020 1.74911 1.74911 1.74911 1.74911 1.74911 1.74911 1.78171 1.95622 1.93488 1.74739 2.91346 2.91346 2.91346 2.91053 2.80732 2.62509 2.57767 2.25506 2.20645 2.17998 2.17998 2.17998 2.17998 2.18257 2.19916 2.24686 2.27871 2.18666 2.21695 2.12644 1.87899 1.71245 2.12760 2.17390 2.17390 2.17390 2.40424 2.60460 2.60460 2.60460 2.60460 2.60460 2.60460 2.60460 2.60460 2.77378 2.78575 2.60021 2.43942 2.28355 2.28079 2.27804
1.16249 1.12761 1.36219 1.37686 1.37686 1.43409 1.44772 1.53092 1.71963 1.71963 1.71963 1.71963 1.71963 1.72265 1.74908 1.74911 1.74911 1.74911 1.74911 1.74911 1.74956 1.92816 1.95610 1.76206 2.89120 2.88444 2.87806 2.87200 2.83099 2.64608 2.62813 2.32174 2.23478 2.20930 2.23309 2.25857 2.29079 2.32992 2.35159 2.34113 2.29359 2.00807 1.84507 1.74664 1.38510 1.40807 2.05276 2.17390 2.17390 2.17390 2.30581 2.60460 2.60460 2.60460 2.60460 2.60460 2.60460 2.60460 2.60460 2.68988 2.80580 2.51807 2.42493 2.17378 2.16541 2.15687
1.11634 1.11968 1.33367 1.38352 1.38577 1.42387 1.46104 1.46942 1.71916 1.73629 1.73811 1.73995 1.74183 1.74366 1.77358 1.78236 1.78460 1.78680 1.79085 1.82336 1.86877 1.97572 2.00472 1.78709 3.00560 3.01081 3.01617 3.02143 2.98777 2.89416 2.90327 2.74021 2.59851 2.49464 2.51587 2.50475 2.46197 2.39951 2.33026 2.30457 2.30457 1.97173 1.74841 1.70973 1.40321 1.38510 1.85894 2.18484 2.20417 2.22532 2.31081 2.60460 2.60460 2.60460 2.60460 2.60460 2.60460 2.60460 2.60460 2.63018 2.78157 2.47624 2.40430 2.08264 2.06948 2.06948
1.25055 1.25095 1.39285 1.45790 1.45790 1.47244 1.52876 1.52876 1.70343 1.78716 1.78505 1.77992 1.77476 1.76961 1.80895 1.86760 1.89361 1.92247 1.93707 1.85556 1.74192 1.61080 1.48245 1.32554 3.05288 3.05288 3.05297 3.08023 3.10435 3.08382 3.13026 3.02040 2.66108 2.40845 2.31433 2.28709 2.28887 2.29091 2.29318 2.29581 2.29886 1.91195 1.21683 1.19428 1.17363 1.13970 1.86724 2.60460 2.60460 2.60460 2.60460 2.60460 2.60460 2.60460 2.60460 2.60460 2.60460 2.60460 2.60460 2.60460 2.76549 2.56605 2.40566 2.15410 2.11911 2.16171
1.30886 1.34290 1.39239 1.32659 1.30725 1.28503 1.32409 1.30689 1.38997 1.56399 1.56574 1.57480 1.58461 1.59531 1.59169 1.53164 1.42072 1.29289 1.16597 1.10500 1.05017 0.995349 0.940625 0.912213 3.18914 3.27299 3.36014 3.40549 3.40982 3.35589 3.38865 3.38944 2.98106 2.65498 2.42522 2.43211 2.45969 2.57354 2.71310 2.88046 3.08456 3.17262 1.02699 0.00000 0.00000 0.00000 2.60460 2.60460 2.60460 2.60460 2.60460 2.60460 2.60460 2.60460 2.60460 2.60460 2.60460 2.62191 2.66611 2.63703 2.67749 2.65446 2.59720 2.50141 2.43739 2.45407
1.45463 1.50231 1.47428 1.11360 1.09636 1.09849 1.15254 1.19566 1.22884 1.56915 1.56019 1.48417 1.40108 1.31332 1.20472 1.07890 1.01990 0.965080 0.920787 0.916819 0.916819 0.916819 0.916819 0.915866 3.52858 3.52792 3.52648 3.52603 3.52603 3.52368 3.47720 3.41414 3.33868 3.39029 3.24239 3.54061 3.82046 3.83722 3.83722 3.83722 3.83722 3.83722 0.00000 0.00000 0.00000 0.00000 0.00000 2.60460 2.60460 2.60460 2.56389 2.47275 2.46001 2.46561 2.45380 2.43512 2.42059 2.40002 2.36028 2.34532 2.40824 2.49861 2.47532 2.47892 2.49715 2.49715
1.37525 1.46756 1.46272 1.19559 1.15326 1.16241 1.20793 1.33790 1.41314 1.36229 1.20453 1.16770 1.13483 1.10026 1.04671 0.941065 0.892004 0.885152 0.878653 0.872478 0.866612 0.888783 0.916819 0.916819 3.45071 3.38762 3.32457 3.26148 3.19843 3.13769 3.12108 3.12108 3.44415 4.06816 3.83722 3.83722 3.83722 3.83722 3.83722 3.83722 3.83722 3.83722 3.83722 0.00000 0.00000 0.00000 3.08471 2.78569 2.38224 2.34429 2.35736 2.37967 2.37087 2.35292 2.34532 2.34532 2.34532 2.34532 2.34532 2.34532 2.36519 2.49873 2.48214 2.47399 2.49629 2.49715
1.32572 1.44124 1.45373 1.36220 1.32529 1.37844 1.42467 1.39548 1.35722 1.23338 1.03101 1.02494 1.01905 1.01480 0.991211 0.915413 0.845586 0.845586 0.845586 0.845586 0.845586 0.865241 0.916819 0.916819 3.12108 3.12108 3.12108 3.12108 3.12108 3.12108 3.12108 3.12108 3.25468 4.09606 3.85847 3.83722 3.83722 3.83722 3.83722 3.83722 3.83722 3.83722 3.83722 0.00000 0.00000 3.43123 3.27995 3.13326 2.49947 2.35064 2.34532 2.34532 2.34532 2.34532 2.34532 2.34532 2.34532 2.34532 2.34532 2.34532 2.34532 2.48162 2.48946 2.47694 2.49868 2.50866
1.44612 1.64953 1.70177 1.62151 1.43078 1.36841 1.36841 1.31702 1.29499 1.27831 1.02056 1.01459 1.01459 1.01459 1.00434 0.943939 0.845586 0.845586 0.845586 0.845586 0.845586 0.851359 0.916790 0.916819 3.12108 3.09687 3.02442 2.95101 2.87755 2.80362 2.72992 2.65664 2.59254 3.90252 3.94377 3.83722 3.83722 3.83722 3.83722 3.83722 3.83722 3.83126 3.71462 3.43123 3.43123 3.43123 3.43106 3.26930 2.65094 2.34532 2.34532 2.34532 2.34532 2.34898 2.40585 2.47547 2.54053 2.60124 2.65804 2.71137 2.76151 2.63702 2.53230 2.87943 3.04970 3.17836
