High_resolution/powerplant/Chizhou/OMI_NO2_200912.asc
ncols      200
nrows      200
xllcorner       115.585
yllcorner       28.7700
cellsize     0.0166667
NODATA_Value      -999.000
[rows 58 to 86 of 164, columns 0 to 66 of 200]
12.3688 12.4197 12.5400 12.6605 12.8175 13.3504 15.0232 18.0129 18.6994 19.2338 19.5009 19.2543 18.9160 18.7254 18.7665 18.8037 18.8081 17.8463 16.9806 16.9806 16.9806 18.8218 23.7210 23.7210 23.7210 23.7210 23.7210 23.7210 23.7210 23.7210 23.7210 23.7210 23.7210 23.7210 23.8905 24.4815 25.1499 25.3703 25.3717 25.4118 25.4695 25.5271 25.4711 24.8819 24.2205 23.5591 22.8977 22.2995 22.1934 22.1934 22.1934 19.2206 9.63031 9.63031 9.63031 9.79967 9.79967 9.79967 9.79967 9.79967 9.79967 9.79967 9.79967 9.79967 9.79967 9.79967 9.79967
13.3589 13.9381 14.4530 14.9737 15.8057 16.4963 16.2873 19.0240 18.7976 18.6250 18.7071 18.8081 18.8081 18.8081 18.8081 18.8081 18.8081 18.3808 16.9806 16.9806 16.9806 17.3985 23.6706 23.7210 23.7210 23.7210 23.7210 23.7210 23.7210 23.7210 23.7210 23.7210 23.7210 23.7210 23.7286 24.3181 24.7313 25.3484 24.7684 24.1238 23.4635 22.8020 22.2516 22.1934 22.1934 22.1934 22.1934 22.1934 22.1934 22.1934 22.1934 21.5266 9.72044 9.63031 9.63031 9.79967 9.79967 9.79967 9.79967 9.79967 9.79967 9.79967 9.79967 9.79967 9.85392 10.0819 10.3228
16.8259 17.6486 18.2941 18.8831 18.9416 18.6875 16.8547 17.9067 18.6168 18.6168 18.6453 18.8077 18.8081 18.8081 18.8081 18.8081 18.8081 18.7841 17.1117 16.9806 16.9806 16.9806 21.9692 23.7210 23.7210 23.7210 23.7210 23.7210 23.7210 23.7210 23.7210 23.6502 23.5546 23.6498 23.7516 22.4683 21.1031 22.2103 22.1934 22.1934 22.1934 22.1934 22.1934 22.1934 22.1934 22.1934 22.1934 22.1934 22.1934 22.1934 22.1934 22.1934 13.6083 9.63031 9.63031 9.79967 9.79967 9.79967 9.79967 9.79967 9.84008 10.0597 10.3009 10.5417 10.7286 10.7415 10.7415
18.7072 18.7532 18.6304 18.6304 18.6304 18.6304 18.0406 16.7484 18.6168 18.6168 18.6168 18.7748 18.8081 18.8081 18.8081 18.8081 18.8081 18.8081 17.6224 16.9806 16.9806 16.9806 19.9078 23.7210 23.7210 23.7210 23.7210 23.7630 23.8661 23.9676 24.0688 24.2409 24.4370 24.4441 24.4441 22.9952 20.3923 21.8015 22.1934 22.1934 22.1934 22.1934 22.1934 22.1934 22.1934 22.1934 22.1934 22.1934 22.1934 22.1934 22.1934 22.1934 17.6963 9.63031 9.63031 9.79967 9.82830 10.0377 10.2787 10.5198 10.7202 10.7415 10.7415 10.7415 10.7415 10.7415 10.7415
18.1366 18.6304 18.6304 18.6304 18.6304 18.6304 18.6304 16.3001 18.6168 18.6168 18.6168 18.7118 18.8081 18.8081 18.8081 18.8081 18.8081 18.8081 18.1570 16.9806 16.9806 16.9806 18.3232 24.0590 24.1839 24.2854 24.3866 24.4459 24.4441 24.4441 24.4441 24.4441 24.4441 24.4441 24.4441 24.1252 20.4309 21.2204 22.1934 22.1934 22.1934 22.1934 22.1934 22.1934 22.1934 22.1934 22.1934 22.1934 22.1934 22.1934 22.1934 22.1934 20.4689 9.25326 7.84235 10.4976 10.7099 10.7415 10.7415 10.7415 10.7415 10.7415 10.7397 10.7188 10.6927 10.6667 10.6406
18.0328 18.5573 18.6304 18.6304 18.6304 18.6304 18.6304 16.3972 18.4937 18.6168 18.6168 18.6493 18.8081 18.8081 18.8081 18.8081 18.8081 18.8808 19.0138 17.4281 17.5011 17.5687 17.7096 24.0344 24.4441 24.4441 24.4441 24.4441 24.4441 24.4441 24.4441 24.4441 24.4441 24.4441 24.4441 24.4441 21.2813 20.6410 22.1918 22.1934 22.1934 22.1934 22.1934 22.1934 22.1934 22.1934 22.1934 22.1934 22.1934 22.0486 21.3647 20.6282 19.7633 5.68716 3.87384 10.7415 10.7415 10.7415 10.7335 10.7081 10.6820 10.6560 10.6318 10.6266 10.6266 10.6266 10.6266
18.0322 18.3811 18.6304 18.6304 18.6304 18.6304 18.6304 17.3060 17.4349 18.6168 18.6168 18.6169 18.8243 19.1105 19.3929 19.6746 19.8861 19.9754 19.9399 18.7875 19.1603 20.2338 21.4646 24.0163 24.4441 24.4441 24.4441 24.4441 24.4441 24.4441 24.4441 24.4441 24.4441 24.4441 24.4441 24.4441 22.4482 20.3923 21.8579 22.1934 22.1934 22.1934 22.1934 22.1934 22.1934 22.0866 21.4295 20.6935 19.9576 19.3664 19.3253 19.4245 19.5445 11.6979 3.87384 10.6974 10.6714 10.6453 10.6273 10.6266 10.6266 10.6266 10.6266 10.6266 10.6266 10.6266 10.6266
18.0322 18.2033 18.6304 18.6304 18.6140 18.5685 18.5225 18.3049 16.5880 19.1601 19.4422 19.7247 20.0357 20.7276 21.6860 22.7755 24.1137 25.7287 27.4567 26.1964 24.4441 24.4441 24.4441 24.4441 24.4441 24.4441 24.4441 24.4441 24.4441 24.4441 24.4441 24.4441 24.4441 24.4441 24.4441 24.4441 23.6174 20.3923 21.2768 22.1934 22.1934 22.1191 21.4943 20.7586 20.0223 19.4128 19.4431 19.5631 19.6829 19.8028 19.9125 19.9332 19.9332 16.0827 3.87384 10.6266 10.6266 10.6266 10.6266 10.6266 10.6266 10.6266 10.6266 10.6266 10.6266 10.6266 10.6266
17.9397 17.9130 18.4314 18.6190 18.8718 19.1534 19.4360 19.6928 18.0549 22.6604 23.8859 25.3012 27.0147 27.8304 27.8304 27.8304 27.8304 27.8304 27.8304 27.1842 24.4441 24.4441 24.4441 24.4441 24.4441 24.4441 24.4441 24.4441 24.4441 24.4441 24.4441 24.4441 24.4441 24.4441 24.4441 24.4441 24.4186 20.7477 20.4676 20.8239 20.1187 19.5729 19.5817 19.7015 19.8215 19.9221 19.9332 19.9332 19.9332 19.9332 19.9332 19.9332 19.9332 19.0488 3.96990 10.6266 10.6266 10.6266 10.6266 10.6266 10.6266 10.6266 10.6266 10.6266 10.6266 10.6266 10.6266
17.0393 16.7443 18.7124 19.7398 19.7352 19.6468 19.5270 19.4073 19.3362 26.4991 27.5662 27.5662 27.5644 27.7915 27.8304 27.8304 27.8304 27.8304 27.8304 27.8189 24.7954 24.4441 24.4441 24.4441 24.4441 24.4441 24.4441 24.4441 24.4441 24.4441 24.4441 24.4441 24.4441 24.4424 24.3020 23.5441 21.7118 19.7565 19.9300 19.8770 19.9287 19.9332 19.9332 19.9332 19.9332 19.9332 19.9332 19.9332 19.9332 19.9332 19.9332 19.9332 19.9332 19.9332 8.86527 9.94905 10.6266 10.6266 10.6266 10.6266 10.6266 10.6266 10.6266 10.9069 11.7368 12.5825 13.4270
16.3886 16.3317 17.5590 19.4434 19.3282 19.2969 19.2969 19.2969 19.2969 23.7713 27.5662 27.5662 27.5662 27.7043 27.8304 27.8304 27.8304 27.8304 27.8304 27.8304 25.7700 24.4441 24.4441 24.4441 24.4441 24.4441 24.4441 24.4441 24.4441 24.4441 23.8311 22.0022 20.1237 18.2623 16.5397 15.4347 15.4036 17.0136 20.1431 20.0383 19.9332 19.9332 19.9332 19.9332 19.9332 19.9332 19.9332 19.9332 19.9332 19.9332 19.9332 19.9332 19.9332 19.9332 14.1223 8.06124 10.6266 10.6266 10.6266 10.8494 11.6624 12.5078 13.3526 13.9168 13.9316 13.9316 13.9316
16.0087 15.9458 16.3166 19.2889 19.2969 19.2969 19.2969 19.2969 19.2969 21.5707 27.5662 27.5662 27.5662 27.6189 27.8304 27.8304 27.8304 27.8304 27.8304 27.8304 26.7563 24.4441 24.4441 24.4441 24.4441 23.9406 22.2768 20.4148 18.5517 16.6887 15.4387 15.4036 15.4036 15.4036 15.4036 15.4036 15.4036 15.7189 20.0736 20.1034 19.9332 19.9332 19.9332 19.9332 19.9332 19.9332 19.9332 19.9332 19.9332 19.9332 19.9332 19.9332 19.9332 19.9332 17.6840 5.22378 11.5874 12.4328 13.2779 13.8996 13.9316 13.9316 13.9316 13.9316 13.9316 13.9409 14.0058
15.9458 15.9458 15.9458 18.6736 19.2969 19.2969 19.2969 19.2969 19.2969 19.8143 27.5056 27.5662 27.5662 27.5672 27.7958 27.8304 27.8304 27.8304 27.8304 27.8304 27.2395 22.4424 20.6789 18.8427 16.9798 15.6207 15.4127 15.4036 15.4036 15.4036 15.4036 15.4036 15.4036 15.4036 15.4036 15.4036 15.4036 15.4036 19.0234 20.1425 19.9615 19.9332 19.9332 19.9332 19.9332 19.9332 19.9332 19.9332 19.9332 19.9332 19.9332 19.9332 19.9665 20.0601 20.0069 2.40486 13.2006 13.9316 13.9316 13.9316 13.9316 13.9620 14.0359 14.1101 14.1844 14.2493 14.2586
15.9458 15.9458 15.9458 17.6884 19.2969 19.2969 19.2969 19.2969 19.2969 19.2969 25.4119 27.5662 27.5662 27.5662 27.7113 27.5638 26.2029 24.7244 23.2342 21.5816 20.2944 16.7608 14.5672 13.4838 12.5738 14.3688 15.4036 15.4036 15.4036 15.4036 15.4036 15.4036 15.4036 15.4036 15.4036 15.4036 15.4036 15.4036 17.6595 20.1431 20.0275 19.9332 19.9332 19.9332 19.9332 19.9332 19.9332 19.9332 19.9596 20.0514 20.1462 20.2409 20.3024 20.3088 20.3671 2.33549 10.6959 13.9918 14.0660 14.1402 14.2145 14.2583 14.2586 14.2586 14.2586 14.2586 14.2586
15.9458 15.9458 15.9458 16.7053 19.2969 19.2969 19.2969 19.2805 19.2192 19.1555 22.6312 26.1652 24.6867 23.2074 21.7885 20.6392 19.3900 17.7514 16.3546 15.2643 14.3472 12.2284 10.3910 10.3910 10.3910 12.5132 15.4036 15.4036 15.4036 15.4036 15.4036 15.4036 15.4036 15.4036 15.4036 15.4036 15.4036 15.4036 16.2942 20.1431 20.0942 19.9332 19.9332 19.9332 19.9535 20.0427 20.1374 20.2322 20.3106 20.3778 20.4498 20.5217 20.5938 20.6606 20.6744 2.81291 7.35545 14.2586 14.2586 14.2586 14.2586 14.2586 14.2586 14.2586 14.2586 14.2586 14.2586
15.9458 15.9412 15.8899 15.8618 18.8505 19.0074 18.2031 17.1702 16.1815 15.1963 15.1175 18.2016 16.7936 15.5714 14.5009 13.6542 13.3195 13.3195 13.3195 13.3195 13.3195 12.8706 10.3910 10.3910 10.3910 11.3052 15.4036 15.4036 15.4036 15.4036 15.4036 15.4036 15.4036 15.4036 15.4036 15.4036 15.4036 15.4036 15.4193 19.6526 20.0790 19.9826 20.1287 20.2401 20.3828 20.4605 20.5324 20.6045 20.6664 20.6744 20.6744 20.6744 20.6744 20.6744 20.6744 2.98949 3.21927 13.7307 14.2586 14.2586 14.2586 14.2586 14.2586 14.2586 14.2586 14.2586 14.2586
15.6569 15.6882 15.8454 16.0149 15.5377 13.5940 12.7041 12.0956 11.4764 10.9007 10.5540 13.1226 13.2921 13.2921 13.2921 13.3092 13.3195 13.3195 13.3195 13.3195 13.3195 13.3192 10.7952 10.3910 10.3910 10.4708 15.0605 15.4036 15.4036 15.4036 15.4036 15.4036 15.4036 15.4036 15.4036 15.4036 15.3781 15.0472 14.7150 17.2964 18.7567 19.8414 20.6152 20.6706 20.6744 20.6744 20.6744 20.6744 20.6744 20.6744 20.6744 20.6744 20.6744 20.6744 20.6744 2.98949 2.98949 11.4387 14.2586 14.2586 14.2586 14.2586 14.2586 14.2586 14.2586 14.2589 14.6648
14.8547 14.2086 13.5615 12.9708 11.8819 10.6576 10.5705 10.4947 10.4842 10.4842 10.4610 12.2496 13.2921 13.2921 13.2921 13.2997 13.3195 13.3195 13.3195 13.3195 13.3195 13.3195 11.6482 10.3910 10.3910 10.3910 13.4621 15.4036 15.4036 15.4036 15.4036 15.4036 15.3985 15.2158 15.0411 14.8692 14.7231 14.8817 15.0419 16.3047 18.9159 19.4103 20.6744 20.6744 20.6744 20.6744 20.6744 20.6744 20.6744 20.6744 20.6744 20.6744 20.6744 20.6744 20.6744 2.98949 2.98949 7.90046 14.2586 14.2586 14.2586 14.2586 14.5937 15.3639 16.1351 16.9062 17.2720
12.4375 12.3507 12.2638 12.1786 12.0416 10.5110 10.4842 10.4842 10.4842 10.4842 10.4821 11.4366 13.2921 13.2921 13.2921 13.2928 13.3175 13.3195 13.3195 13.3195 13.3195 13.3195 12.5010 10.3910 10.3910 10.3910 12.0679 15.4036 15.4908 15.5415 15.3701 15.1981 15.0315 15.0419 15.0448 15.0448 15.0448 15.0448 15.0448 15.2695 18.8404 18.9571 20.5643 20.6744 20.6744 20.6744 20.6744 20.6744 20.6744 20.6744 20.6744 20.6744 20.6744 20.6744 20.6744 2.98949 2.98949 3.46603 14.1642 15.2916 16.0630 16.8345 17.2702 17.2720 17.2720 17.2720 17.2720
12.1516 12.1513 12.1513 12.1513 12.1513 10.8910 10.4842 10.4842 10.4842 10.4842 10.4842 10.7614 13.2921 13.2921 13.2921 13.2921 13.3090 13.3195 13.3195 13.3195 13.3195 13.3195 13.2293 10.5759 10.6156 10.6983 11.1534 15.5271 15.2680 15.0451 15.0448 15.0448 15.0448 15.0448 15.0448 15.0448 15.0448 15.0448 15.0448 15.0448 17.9531 18.9159 20.0432 20.6744 20.6744 20.6744 20.6744 20.6744 20.6744 20.6744 20.6744 20.6744 20.6744 20.6744 20.6760 2.98949 2.98949 2.98949 14.1038 17.2720 17.2720 17.2720 17.2720 17.2724 17.4093 17.6531 17.8969
12.1513 12.1513 12.1513 12.1513 12.1513 11.3806 10.4842 10.4842 10.4842 10.4842 10.4842 10.4444 12.8264 13.2921 13.2921 13.2921 13.3007 13.3195 13.2110 12.7246 12.2063 11.6412 10.8680 10.5229 10.3567 10.1561 10.1452 14.2261 15.0448 15.0448 15.0448 15.0448 15.0448 15.0448 15.0448 15.0448 15.0448 15.0448 15.0448 15.0448 16.8430 18.9159 19.4793 20.6744 20.6744 20.6744 20.6744 20.6744 20.6744 20.6744 20.6744 21.6605 24.3331 28.0065 33.3517 2.98949 2.98949 2.98949 9.86834 17.2994 17.5094 17.7533 17.9971 18.2405 18.3474 18.3474 18.3474
12.1513 12.1513 12.1513 12.1513 12.1513 11.8734 10.4842 10.4842 10.4842 10.4842 10.4800 10.4448 11.8978 13.2269 12.7728 12.2537 11.7354 11.2220 10.5874 10.2726 9.98703 9.74768 9.71649 9.88139 10.1213 10.1189 10.1189 12.6360 15.0448 15.0448 15.0448 15.0448 15.0448 15.0448 15.0448 15.0448 15.0448 15.0448 15.0448 15.0448 15.7308 18.9159 18.9866 20.6053 20.6744 20.6744 20.6744 21.4779 24.0621 27.6278 32.7871 36.2355 33.0158 29.3579 25.6982 3.24008 3.66482 4.15239 5.64046 18.0352 18.3474 18.3474 18.3474 18.3474 18.3474 18.3474 18.3474
12.1513 12.1513 12.1513 12.1513 12.1504 12.1324 10.6568 10.4204 10.3726 10.0410 9.63344 9.24230 9.44030 10.8357 10.6679 10.4955 10.3232 9.90948 9.70611 9.70282 9.70281 9.70281 9.70281 9.75325 10.1184 10.1189 10.1189 11.3702 15.0448 15.0448 15.0448 15.0448 15.0448 15.0448 15.0448 15.0448 15.0448 15.0448 15.0448 15.0448 15.0526 18.4837 18.9159 20.6817 23.7996 27.2595 31.5112 32.3562 28.7612 25.1052 21.4473 18.2767 17.8499 17.8499 17.8499 5.14022 5.14022 5.14022 5.14022 15.8092 18.3474 18.3474 18.3474 18.3474 18.3474 18.3474 18.3474
12.1180 12.0951 12.0721 12.0452 11.7082 11.1903 9.87662 8.94675 8.88736 9.19171 9.57483 9.89807 8.94587 10.1494 10.1236 10.1236 10.1236 9.99699 9.70281 9.70281 9.70281 9.70281 9.70281 9.70281 10.0477 10.1189 10.1189 10.3715 14.9779 15.0448 15.0448 15.0448 15.0448 15.0448 15.0448 15.0448 15.0448 15.0448 15.0448 15.1238 15.5606 17.8846 17.9392 19.0256 24.5122 20.8525 18.0388 17.8499 17.8499 17.8499 17.8499 17.8499 17.8499 17.8499 17.8499 5.14022 5.14022 5.14022 5.14022 12.1022 18.3474 18.3474 18.3474 18.3474 18.3474 18.3474 18.3474
11.3490 10.8400 10.5940 10.5145 10.7791 11.3055 11.4565 10.7823 10.7042 10.5375 10.4231 10.4196 9.43691 9.49401 10.1236 10.1236 10.1236 10.1113 9.72535 9.70281 9.70281 9.70281 9.70281 9.70281 9.92716 10.1189 10.1189 10.1189 13.6642 15.0448 15.0448 15.0448 15.0448 15.0448 15.0448 15.0794 15.6211 16.5467 17.4783 18.3325 18.8282 16.6512 11.3017 11.5150 17.5655 17.8499 17.8499 17.8499 17.8499 17.8499 17.8499 17.8499 17.8499 17.8499 17.8499 0.00000 5.14022 5.14022 5.14022 6.66355 18.1924 18.3474 18.3474 18.3474 18.3412 17.9270 17.2729
11.6882 12.3134 12.5743 12.4615 12.2948 12.1281 11.9303 10.4812 10.4196 10.4196 10.4196 10.4196 10.2157 8.87597 10.1236 10.1236 10.1236 10.1236 9.84999 9.70281 9.70281 9.70281 9.70281 9.70281 9.80666 10.1189 10.1189 10.1189 12.1913 15.0448 15.0448 15.2031 15.9688 16.9038 17.8379 18.7359 19.1266 19.1334 19.1334 19.1334 19.1334 18.7245 11.4809 11.3017 14.9898 17.8499 17.8499 17.8499 17.8499 17.8499 17.8499 17.8499 17.8499 17.8499 17.8499 0.00000 5.14022 5.14022 5.14022 5.14022 16.1813 17.9871 17.3317 16.6768 16.0286 15.7872 15.7872
12.3449 12.1779 12.0144 11.9605 11.9605 11.9605 11.9605 10.8805 10.4196 10.4196 10.4196 10.4196 10.4196 8.79558 10.1236 10.1236 10.1236 10.1236 9.98739 9.70281 9.70281 9.70281 9.70281 9.70281 9.71067 10.0943 10.2190 10.5153 11.9450 17.2598 18.1921 18.9665 19.1334 19.1334 19.1334 19.1334 19.1334 19.1334 19.1334 19.1334 19.1334 19.1334 13.3188 11.3017 12.9403 17.8499 17.8499 17.8499 17.8499 17.8499 17.8499 17.8499 17.8499 17.8499 17.8499 0.00000 5.14022 5.14022 5.14022 5.14022 11.3181 15.7872 15.7872 15.7872 15.7872 15.7872 15.7882
11.9605 11.9605 11.9605 11.9605 11.9605 11.9605 11.9605 11.3312 10.4196 10.4196 10.4196 10.4196 10.4196 9.00805 9.93369 10.1236 10.1236 10.1236 10.1066 9.72009 9.70281 9.88680 10.6262 11.4040 12.2836 12.3391 12.3563 12.6818 12.9973 18.7284 19.1334 19.1334 19.1334 19.1334 19.1334 19.1334 19.1334 19.1334 19.1334 19.1334 19.1334 19.1334 15.5645 11.3017 11.6102 17.7202 17.8499 17.8499 17.8499 17.8499 17.8499 17.8499 17.8499 17.8499 17.8499 0.00000 0.00000 5.14022 5.14022 5.14022 6.87151 15.7310 15.7992 15.8627 15.9319 16.0012 16.0694
11.9605 11.9605 11.9605 11.9605 11.9605 11.9605 11.9605 11.7794 10.4221 10.4196 10.4196 10.4196 10.4196 9.72426 9.25054 10.1236 10.2356 10.9301 11.7076 12.2015 12.9000 13.7886 14.1826 14.6196 14.9580 14.3829 13.3570 13.4769 13.5439 16.9787 19.1334 19.1334 19.1334 19.1334 19.1334 19.1334 19.1334 19.1334 19.1334 19.1334 19.1334 19.1334 17.8129 11.3017 11.3017 15.3125 17.8499 17.8499 17.8499 17.8499 17.8499 17.8499 17.8499 17.8499 18.2356 0.00000 0.00000 5.14022 5.21072 5.34922 5.48771 14.5973 16.0874 16.0932 16.0932 16.0932 16.0932
