High_resolution/powerplant/Chizhou/OMI_NO2_200502.asc
ncols      200
nrows      200
xllcorner       115.585
yllcorner       28.7700
cellsize     0.0166667
NODATA_Value      -999.000
[rows 29 to 57 of 164, columns 67 to 133 of 200]
            8*                  8*                  <*                   8*                3*                  3*                  9*                 8*                  =*                  <*                  ;*               3*                8*               2*                2*             =*             9*                 3*               :*                =*             8*            ;*                  9*      * 
              3*                ;*            8*                     9*                  <*                 :*                <*               8*             8*              :*                  >*                 3*                  =*                  ?*                  >*                8*             3*              3*    *     ;      *      9      *    9      *     =      *       >      *    >      *     =    *     =    ?*             
8*             ;*               8*                  ;*             ?*                 :*                  8*                   3*                >*               3*                   3*       *         <      *       9      *    8      *     ?      *      >      *    >      *           =    *     8    >*                :*              3*            3*               9*            >*        
12.4685 12.3693 12.2331 12.0687 11.9288 11.7889 11.6490 11.5090 11.3692 11.2293 11.0490 11.4025 11.4337 11.4337 11.2645 11.2078 11.1983 11.6394 12.1023 12.0262 11.9548 11.9391 11.9391 11.9391 11.9714 12.0496 12.4883 12.6988 12.7772 12.8117 13.5442 13.8132 13.7510 13.5059 13.5059 13.9522 14.4117 14.4117 14.4117 14.4117 14.4117 14.3136 14.2034 14.2034 14.2034 14.2034 14.2146 14.2300 14.1589 14.0151 13.8838 13.7525 13.6487 13.9642 13.8670 13.7117 13.7441 14.0540 14.0540 14.0540 14.0540 14.0534 13.8447 13.2068 12.7474 12.3736 12.0001
11.3107 11.1709 11.0708 11.0666 11.0666 11.0666 11.0666 11.0666 11.0666 11.0666 11.0618 11.2725 11.4181 11.3467 11.1582 10.9685 10.9019 11.0860 11.9391 11.9612 12.0373 12.1159 12.1945 12.2731 12.3194 12.3198 12.5498 12.8117 12.8117 12.8117 13.2962 13.8132 13.8121 13.5411 13.5059 13.6842 14.4117 14.4117 14.4117 14.4117 14.4030 14.1762 13.8823 13.7048 13.5329 13.3960 13.2693 13.1604 13.1004 13.1127 13.1127 13.1127 13.1127 13.4779 13.6775 13.6897 13.6812 13.7478 13.4134 13.0400 12.6657 12.2808 12.0989 12.0659 12.1849 12.2885 12.3923
11.0666 11.0666 11.0666 11.0666 11.0666 11.0666 11.0666 11.0666 11.0416 10.9415 10.8371 10.9015 11.1231 11.1182 11.0641 10.9088 10.9257 10.9447 12.1039 12.3173 12.3198 12.3198 12.3198 12.3198 12.3198 12.3198 12.4196 12.8117 12.8117 12.8117 13.0484 13.8132 13.8132 13.6193 13.2763 13.0141 13.5568 13.3838 13.1180 12.8518 12.6085 12.5847 12.9700 13.0400 13.0805 13.0861 13.0862 13.1107 13.1127 13.1127 13.1127 13.0899 12.8605 12.7039 12.5188 12.1662 11.7842 11.8832 11.9993 11.9822 11.9656 11.9604 11.9604 12.2086 12.8738 12.8738 12.8738
11.0666 11.0666 11.0666 11.0666 11.0400 10.9394 10.8349 10.7301 10.6507 10.6462 10.6571 10.7363 11.1631 11.1801 11.1877 10.9786 10.9716 10.9716 11.7603 12.3198 12.3198 12.3198 12.3198 12.3198 12.3198 12.3198 12.3093 12.5316 12.2877 12.0217 11.7810 12.4545 12.2252 11.8971 11.6155 11.6155 12.1893 12.5928 12.6393 12.6858 12.7183 12.7181 12.9631 13.0700 13.0623 13.0547 13.0340 12.7908 12.4807 12.1836 11.8865 11.6121 11.5445 11.5396 11.5322 11.5962 11.5962 11.7337 11.9604 11.9604 11.9604 11.9604 11.9604 12.0042 12.8587 12.8738 12.8738
10.8339 10.9373 10.8327 10.7280 10.6501 10.6519 10.6686 10.6855 10.7024 10.7192 10.7253 10.7224 11.1427 11.1975 11.1975 11.0281 10.9716 10.9716 11.3558 12.3115 12.1954 12.0460 11.8967 11.7471 11.5979 11.4484 11.3141 11.0420 10.9212 10.9212 10.9212 11.6712 12.1189 12.3761 11.8135 11.7660 12.0606 12.6778 12.6702 12.6625 12.6548 12.6364 12.5818 12.5118 12.2317 11.9498 11.6817 11.5834 11.5445 11.5445 11.5445 11.5445 11.5445 11.5445 11.5182 11.5890 11.5962 11.6402 11.9604 11.9604 11.9604 11.9604 11.9604 11.9604 12.6829 12.8795 12.8867
9.97320 10.6632 10.6801 10.6970 10.7140 10.7250 10.7253 10.7253 10.7253 10.7253 10.7253 10.7253 11.0160 11.0907 10.9413 10.6787 10.4165 10.2672 10.1587 11.2642 11.2915 11.2915 11.2915 11.2870 11.2742 11.2613 11.2483 11.1034 11.0910 11.3480 11.6047 12.3690 12.9696 12.9696 12.1976 11.7423 11.7759 12.4029 12.1452 11.8651 11.5850 11.3171 11.3086 11.6141 11.6141 11.6141 11.6141 11.6002 11.5445 11.5445 11.5445 11.5445 11.5445 11.5445 11.5264 11.5644 11.5962 11.5962 11.9109 11.9604 11.9620 11.9690 11.9762 11.9833 12.4924 12.9053 12.9020
9.60491 10.7253 10.7253 10.7253 10.7253 10.7253 10.6810 10.5674 10.4527 10.3382 10.2235 10.1090 10.0758 10.1692 10.1563 10.0464 9.91510 9.90212 9.88913 10.8016 11.2114 11.1984 11.1854 11.2150 11.4550 11.7249 11.9945 12.1900 11.9249 11.9249 11.9249 12.1831 12.8634 12.6897 12.1309 11.1150 10.9478 11.1498 11.2475 11.2475 11.2475 11.2475 11.2485 11.5789 11.6141 11.6141 11.6141 11.6132 11.5483 11.5445 11.5445 11.5445 11.5445 11.5445 11.5357 11.5384 11.6005 11.6077 11.8358 11.9345 11.8184 11.6969 11.5752 11.4534 11.6140 12.1231 12.0046
9.02355 10.4012 10.3777 10.2632 10.1486 10.0340 9.92722 9.85462 9.78267 9.71085 9.63903 9.56708 9.52049 9.63142 9.57085 9.57368 9.82063 9.82853 9.82853 10.4109 11.4942 11.7642 12.0339 12.2656 12.2952 12.2952 12.2952 12.2175 11.7169 11.5000 11.3263 11.1864 12.0984 12.1298 12.0823 10.9516 10.9024 11.0474 11.2475 11.2475 11.2475 11.2475 11.2475 11.4843 11.6141 11.6141 11.6141 11.6141 11.5645 11.5445 11.5445 11.5468 11.5712 11.6010 11.6299 11.6206 11.3796 11.3172 11.2118 11.0555 11.0551 11.0551 11.0551 11.0551 11.1228 11.8591 11.6725
8.06919 9.16752 9.60979 9.53785 9.46616 9.39420 9.35868 9.35868 9.35868 9.35868 9.35868 9.35868 9.35868 9.54273 9.56511 9.65649 10.1210 10.4553 10.7250 11.0581 12.2860 12.2952 12.2423 12.0728 11.8992 11.7255 11.5517 11.4555 11.2257 11.0850 11.0850 11.0850 11.8745 12.1298 12.1298 11.2905 10.9024 10.9452 11.2472 11.2475 11.2475 11.2475 11.2475 11.3889 11.5974 11.5456 11.4927 11.4571 11.4491 11.4419 11.4718 11.4992 11.5046 11.5046 11.5046 11.4827 11.3090 11.2347 11.2175 11.0522 10.9224 10.7308 10.5390 10.3476 10.1578 10.9161 11.2072
7.71115 8.39082 9.35868 9.35868 9.35868 9.35868 9.35868 9.35868 9.35868 9.35868 9.35868 9.39071 9.47055 9.86956 10.5009 10.6794 10.8166 10.9248 10.7832 10.6240 11.4804 11.5804 11.4595 11.4553 11.4553 11.4553 11.4553 11.4553 11.3232 11.0850 11.0850 11.0850 11.6170 12.1298 12.1298 11.6774 10.9024 10.8775 11.1067 11.1107 11.0547 10.9987 10.9427 10.9682 11.3396 11.4212 11.5038 11.5691 11.5584 11.5046 11.5046 11.5046 11.5046 11.5046 11.4945 11.3699 11.1660 10.9132 10.8091 10.5578 10.5533 10.6405 10.7278 10.8151 10.9003 11.7578 12.3422
7.66601 7.95664 9.33325 9.35868 9.35868 9.35868 9.35868 9.39181 9.47191 9.55275 9.63285 9.68170 9.67845 9.72714 10.4046 10.2510 10.1589 10.2184 10.2007 10.2007 10.8104 11.4553 11.4553 11.4553 11.4553 11.4553 11.4553 11.4553 11.4197 11.0859 11.0529 10.9969 11.2159 11.9296 11.8736 11.7310 10.5552 10.5031 10.6870 10.9053 10.9879 11.0706 11.1533 11.2010 11.5237 11.5619 11.5128 11.4614 11.4083 11.8332 11.7969 11.6616 11.5264 11.3912 11.2660 11.2610 11.3257 11.1098 11.1069 11.0033 10.9274 10.9274 10.9274 10.9274 10.9274 11.4179 12.3422
7.65918 7.81201 8.98015 9.39291 9.47353 9.55372 9.63447 9.68186 9.61688 9.45851 9.29924 9.14005 8.98459 8.95243 9.77143 9.93725 9.94615 10.1931 10.2007 10.2007 10.4340 11.4553 11.4553 11.4223 11.3535 11.2847 11.2158 11.1470 11.0780 10.7613 10.6857 10.6857 10.7273 11.7064 11.7436 11.8737 10.9998 10.6695 10.7795 11.0200 10.9686 10.9172 10.8656 10.8142 10.9780 10.9182 10.6933 10.4709 10.2484 10.9764 11.2508 11.2508 11.2508 11.2508 11.2508 11.2508 11.3274 11.1646 11.1069 11.0494 10.9274 10.9274 10.9274 10.9274 10.9274 11.0776 12.3417
7.77512 7.95728 8.80389 9.65386 9.50806 9.34887 9.18976 9.03049 8.93653 8.93586 8.93586 8.93586 8.93586 8.93586 9.48576 9.93725 9.91231 10.0436 10.0388 9.96987 9.90374 10.9413 11.0179 10.9820 10.9820 10.9820 10.9820 11.0020 11.0388 10.9085 10.8401 11.0190 11.2138 11.7690 11.9527 11.9288 11.2549 10.3760 10.3801 10.6846 10.5430 10.3205 10.0981 9.87568 9.79139 9.98136 9.98136 9.98136 9.98136 10.6129 11.2508 11.2508 11.2508 11.2508 11.2508 11.2508 11.2999 11.2384 11.1069 11.0944 10.9290 10.9274 10.9274 10.8923 10.7797 10.6643 11.7731
8.06180 8.15988 8.46602 8.94894 8.93586 8.93586 8.93586 8.93586 8.93586 8.94252 8.98160 9.02497 9.06840 9.11178 9.11684 9.50793 9.46476 9.59769 9.74319 9.78004 9.81695 10.5902 11.1453 11.1822 11.2191 11.2560 11.3306 11.4980 11.6558 11.7246 11.6514 11.6674 11.6674 11.7915 11.9026 11.8168 11.5079 10.0265 9.88810 9.69463 9.60842 9.60842 9.60842 9.60842 9.64121 9.97983 9.98136 9.98136 9.98136 10.3039 11.2508 11.2508 11.2508 11.2508 11.2508 11.2508 11.2723 11.3121 11.1051 11.0283 10.7686 10.6181 10.5019 10.4120 10.3972 10.3851 11.2569
8.19957 8.20545 8.39688 8.88078 9.00960 9.05300 9.09641 9.13981 9.18319 9.22240 9.25885 9.29977 9.34072 9.38164 9.31494 9.57516 9.74414 9.84864 10.0551 10.0552 10.0552 10.4153 11.3647 11.5203 11.6782 11.8360 11.9562 11.9638 11.9638 11.9478 11.6078 11.4694 11.3360 11.2683 11.3072 11.2594 11.2594 10.0396 9.73124 9.68886 9.60842 9.60842 9.60842 9.60842 9.60842 9.91540 9.98136 9.98136 9.98136 10.0269 11.2187 11.2508 11.2508 11.2508 11.2671 11.3938 11.5480 11.7870 10.8993 10.6488 10.4939 10.3408 10.3296 10.3272 10.3272 10.3272 10.8703
8.38816 8.44694 8.68264 9.06972 9.35690 9.39782 9.43874 9.47966 9.52061 9.55909 9.56781 9.56781 9.56781 9.56781 9.55876 9.48180 9.80756 9.81583 10.1236 10.2881 10.4459 10.6432 11.9060 11.9638 11.9638 11.9199 11.7887 11.6552 11.5215 11.3881 11.0896 11.0227 11.0227 11.0342 11.2554 11.2594 11.2594 10.5182 9.73124 9.72324 9.61039 9.60842 9.60842 9.60842 9.60842 9.81843 9.98136 9.98182 9.99025 10.0016 11.0273 11.4716 11.6247 11.7779 11.9147 11.9411 11.9412 12.0017 11.3336 10.6834 10.5804 10.3272 10.3251 10.2144 10.0423 9.87036 9.90172
8.86228 8.99858 9.01785 9.16089 9.56781 9.56781 9.56781 9.56781 9.56781 9.56781 9.56781 9.56781 9.56781 9.56781 9.56715 9.40265 10.2207 10.3786 10.6497 10.7092 10.7179 10.7646 11.4204 11.5446 11.4111 11.3214 11.3190 11.3190 11.3190 11.3190 11.1674 11.0227 11.0227 11.0227 11.2088 11.2594 11.2594 10.9969 9.73124 9.73124 9.65423 9.73759 9.86854 9.99939 10.1303 10.2037 10.1269 10.2795 10.4243 10.5660 11.3323 11.9412 11.9412 11.9412 11.9412 11.9412 11.9412 11.9664 11.6116 10.4711 10.4653 10.1453 10.1525 10.2748 10.4589 10.6431 10.8285
8.66727 9.00145 9.00944 9.04125 9.52656 9.56781 9.56781 9.56781 9.56781 9.56781 9.56721 9.56618 9.56514 9.56411 9.56365 9.36804 10.3134 10.5526 10.7297 10.9024 10.9447 10.9491 11.0928 11.3190 11.3190 11.3190 11.3190 11.3190 11.3190 11.3190 11.2454 11.0227 11.0227 11.0468 11.2955 11.5354 11.6662 11.7968 10.6166 10.5307 10.5898 10.5470 10.6546 10.7965 10.9382 11.0525 10.6783 10.6717 10.6717 10.6931 11.1544 12.3772 12.5584 12.7012 12.8312 12.9608 13.0902 13.1850 12.8716 11.7446 11.6041 11.3284 11.2478 11.2478 11.2478 11.2478 11.2478
8.41781 9.00145 9.00230 9.03357 9.37224 9.56781 9.56720 9.56616 9.56512 9.56409 9.56365 9.58829 9.63935 9.69041 9.74152 9.71250 10.0845 10.7014 10.7664 10.9491 10.9491 10.9491 10.9845 11.3169 11.3190 11.3190 11.3133 11.2820 11.2479 11.2136 11.1737 11.6728 11.8380 11.9448 12.0242 12.1914 12.1914 12.1716 11.3788 10.9587 11.1220 11.2241 11.3281 11.3978 11.4677 11.5373 11.2347 11.1997 11.2287 11.2225 11.2963 13.5077 13.4908 13.4777 13.4777 13.4777 13.4777 13.4777 13.0773 12.1559 11.6041 11.4203 11.2478 11.2478 11.2478 11.2478 11.2478
8.16980 9.00005 9.00082 9.02432 9.20876 9.56407 9.57548 9.62395 9.67501 9.72609 9.77715 9.80360 9.80360 9.80360 9.80360 9.80233 9.69899 10.7014 10.7108 10.9389 10.9157 10.8814 10.8473 11.1059 11.1489 11.1146 11.0863 11.0833 11.0833 11.0833 11.0818 11.6692 11.8438 11.7475 11.5749 12.2284 12.1828 12.1400 12.1093 11.8914 11.9195 11.8130 11.7943 11.7536 11.6993 11.6450 11.3409 11.0639 11.0505 11.0505 11.0505 12.9823 13.4777 13.4777 13.4777 13.4777 13.4777 13.4777 13.2291 12.5736 11.6041 11.5121 11.2478 11.2478 11.2478 11.2478 11.2180
8.06698 8.84423 8.93685 8.87393 8.84971 9.73431 9.80098 9.80360 9.80360 9.80360 9.80360 9.80360 9.80074 9.72620 9.62116 9.51606 9.28959 10.4007 10.5007 10.6596 10.7133 10.7131 10.6755 10.7930 10.9158 10.8510 10.7863 10.7214 10.6566 10.5458 10.3521 10.6035 10.9390 10.8385 10.8322 12.0051 12.2940 12.2932 12.2568 11.8687 11.7846 11.6523 11.5388 11.5253 11.5253 11.5253 11.3987 11.0505 11.0505 11.0505 11.0505 12.3943 13.4777 13.4777 13.4777 13.4777 13.4777 13.4777 13.3811 12.9202 11.6756 11.5891 11.2000 11.1153 11.0421 10.9689 10.9910
7.80476 8.26014 8.63902 8.64672 8.67241 9.49654 9.76319 9.65892 9.55381 9.44871 9.34360 9.23850 9.13632 9.09188 9.02886 8.96141 8.89701 9.63237 10.1192 10.1776 10.2301 10.1655 10.1384 10.2104 10.5084 10.4450 10.3129 10.1806 10.0487 9.96253 9.96078 10.1362 10.8322 10.8066 10.7560 11.5208 12.1167 12.0669 12.0496 11.8228 11.6751 11.6335 11.5253 11.5253 11.5253 11.5253 11.5080 11.0641 11.0505 11.0505 11.0505 11.8070 13.4777 13.4777 13.4777 13.4777 13.4777 13.5039 13.6457 13.5146 12.4428 11.8430 11.8851 12.1157 12.4105 12.7301 12.9613
7.86109 8.18865 8.32189 8.21745 8.14345 8.48485 9.00059 8.93237 8.86492 8.79764 8.73019 8.66280 8.59541 8.54176 8.53745 8.53745 8.53840 8.91340 9.89744 9.96204 10.1375 10.0560 9.92390 9.79303 9.98997 9.96078 9.96078 9.96078 9.94282 9.89284 9.84234 9.80008 10.5514 10.5878 10.5878 11.0450 12.0496 12.0496 12.0496 11.9400 11.6751 11.6707 11.5321 11.5253 11.5253 11.5253 11.5253 11.1696 11.0505 11.0505 11.0505 11.2851 13.7923 14.1416 14.5939 15.0818 15.6106 16.1506 16.5760 16.2479 14.9039 12.9675 12.9675 12.9675 12.9675 12.9651 12.8255
9.03891 8.95742 7.93880 7.92053 7.56617 7.55003 8.53631 8.53745 8.53745 8.53745 8.53745 8.53745 8.53745 8.53745 8.53745 8.53745 8.53569 8.52398 9.58827 9.54189 9.63644 9.59087 9.59087 9.59879 9.79427 9.85058 9.80004 9.74952 9.71696 9.71638 9.71638 9.71638 10.3065 10.5878 10.5878 10.6960 12.0408 12.0496 12.0496 12.0386 11.6939 11.6751 11.5718 11.5253 11.5321 11.5442 11.5563 11.6246 11.9611 12.3094 12.7497 13.1333 15.9995 16.6664 16.6674 16.6674 16.6674 16.6674 16.6674 16.4504 15.7662 12.8488 12.5717 12.3187 12.0306 11.7447 11.5963
9.02077 9.02077 8.12070 7.91621 7.67398 7.40626 8.33915 8.53745 8.53745 8.53745 8.53745 8.53745 8.53538 8.48791 8.42197 8.35600 8.29165 8.27696 8.96347 9.38168 9.60584 9.69854 9.73647 9.76648 9.75297 9.71638 9.71638 9.71638 9.71638 9.71638 9.71638 9.71638 10.0781 10.5878 10.5878 10.5878 11.7913 12.0580 12.0702 12.0823 11.8452 11.7320 11.6849 11.6064 11.6242 11.7378 11.8734 12.2241 13.3676 13.4311 13.4311 13.4311 15.3263 16.6425 16.5755 16.4933 16.2119 15.8675 15.5233 15.1529 14.4048 12.0552 11.1981 11.1628 11.1628 11.1628 11.1628
7.56769 7.56247 7.56247 7.59731 8.89376 9.51673 9.76262 9.76262 9.76262 9.76262 9.76262 9.76262 9.76262 9.76262 9.76262 9.76262 9.76262 9.76262 9.76262 9.96100 11.3087 11.4637 11.4637 11.4637 11.4637 11.4637 11.3871 11.1928 11.2128 11.3791 11.2966 11.2300 11.1636 11.0985 11.0779 11.0923 11.8767 11.9183 11.8332 10.2018 10.1528 10.1528 10.1528 10.1528 10.1549 10.3488 10.6656 10.9825 11.2991 11.6157 11.9323 10.8226 8.06836 7.85318 7.83564 7.83564 7.83564 7.47449 7.48707 7.90211 8.40789 8.89693 8.94114 8.94114 8.94110 8.91982 8.88097
