High_resolution/powerplant/Chizhou/OMI_NO2_2006_06-08.asc
ncols      200
nrows      200
xllcorner       115.585
yllcorner       28.7700
cellsize     0.0166667
NODATA_Value      -999.000
[rows 87 to 115 of 200, columns 66 to 131 of 200]
2.37298 2.32821 2.30278 2.31972 2.32677 2.36634 2.29201 2.27707 2.10341 2.12735 2.21264 2.22952 2.21684 2.35286 2.49896 2.59466 2.71664 2.82115 2.84703 2.86341 2.85269 2.94087 3.03289 3.11543 3.34289 3.30989 3.29125 3.26466 3.32086 3.31026 3.32506 3.35843 3.43410 3.45190 3.45589 3.46068 3.58587 3.50577 3.58405 3.88822 3.84946 3.79867 3.78627 3.71366 3.90294 3.78994 3.57720 3.41053 3.33669 3.15294 3.33542 3.41142 3.37807 3.10175 3.22193 3.18541 3.00488 2.89165 2.90824 2.95634 2.84044 3.08837 3.11231 3.05485 3.00675 2.89826
2.33309 2.30741 2.33028 2.37049 2.39440 2.43527 2.38522 2.33563 2.21754 2.17557 2.24461 2.26064 2.26107 2.34302 2.53539 2.62511 2.80662 2.85464 2.90001 2.92812 2.88796 2.92059 3.08226 3.08533 3.34761 3.32773 3.32738 3.31881 3.33756 3.39918 3.42723 3.45083 3.50862 3.50678 3.48795 3.46704 3.54365 3.43275 3.39066 3.67286 3.61915 3.52263 3.45862 3.27376 3.35532 3.23276 3.11084 2.99195 3.04559 3.00957 3.15538 3.21445 3.17372 2.97174 3.05531 3.03129 2.82575 2.62792 2.53806 2.46440 2.29723 2.27769 2.38399 2.38451 2.38585 2.49632
2.41507 2.38772 2.39566 2.43004 2.45278 2.49400 2.48743 2.41744 2.30413 2.20964 2.24425 2.25979 2.26621 2.30727 2.56308 2.66780 2.87799 2.95079 3.01866 3.04235 2.98603 2.99930 3.08560 3.07256 3.28950 3.38495 3.45891 3.45084 3.40832 3.56613 3.54145 3.56205 3.62071 3.59241 3.56588 3.51573 3.58510 3.48562 3.41229 3.51256 3.46828 3.37533 3.35226 3.18063 3.23179 3.10905 2.95248 2.86567 2.89675 2.86377 2.96742 3.00621 2.89566 2.64486 2.44397 2.41076 2.38423 2.21566 2.17506 2.15366 2.11778 2.15401 2.35542 2.36023 2.43156 2.53161
2.47817 2.47446 2.48002 2.48659 2.49305 2.51036 2.49112 2.45688 2.40905 2.29424 2.34705 2.37672 2.39771 2.42586 2.65262 2.77477 2.90295 3.00019 3.05826 3.03858 3.00117 3.01803 3.06889 3.07942 3.23300 3.39980 3.47542 3.46031 3.42712 3.51914 3.52777 3.51965 3.61597 3.58979 3.55859 3.50903 3.58463 3.51331 3.38547 3.39498 3.35364 3.23762 3.13176 2.92694 2.93665 2.79063 2.66793 2.51837 2.51332 2.57532 2.58809 2.63284 2.56577 2.43187 2.28135 2.31661 2.28289 2.09287 2.03946 2.02389 1.95497 2.15019 2.38217 2.40675 2.48751 2.59258
2.44689 2.42954 2.41861 2.42190 2.40834 2.41130 2.40343 2.54487 2.53877 2.36981 2.40089 2.34280 2.35172 2.39425 2.58583 2.74172 2.80520 2.96958 3.10853 3.12523 3.09206 3.10575 3.12648 3.12943 3.19371 3.39015 3.46387 3.45523 3.46960 3.53082 3.53557 3.51662 3.61967 3.60165 3.57497 3.53736 3.59369 3.53909 3.36351 3.32096 3.00170 2.85747 2.78791 2.72269 2.76462 2.65767 2.59254 2.46981 2.47516 2.58047 2.62208 2.70825 2.64241 2.53033 2.40007 2.38728 2.36147 2.22821 2.11902 2.10357 2.04127 2.17057 2.37104 2.43140 2.45223 2.47206
2.42847 2.41214 2.42128 2.43190 2.43055 2.44172 2.43079 2.56333 2.65939 2.60363 2.62601 2.49763 2.50734 2.54802 2.63020 2.74062 2.75800 2.96639 3.09591 3.16253 3.13396 3.15873 3.21526 3.26524 3.31193 3.51810 3.65110 3.71335 3.73489 3.68658 3.62632 3.56654 3.65943 3.72082 3.70850 3.66792 3.72305 3.67462 3.51103 3.44845 3.11894 2.96433 2.82313 2.75395 2.74115 2.69689 2.65342 2.58436 2.58535 2.63835 2.63808 2.71847 2.64662 2.51274 2.37422 2.28667 2.22051 2.11760 2.05173 2.05749 2.01070 2.09289 1.97115 2.08902 2.14574 2.18809
2.46325 2.49257 2.60548 2.65887 2.67220 2.59926 2.59538 2.64575 2.76391 2.67186 2.61704 2.50211 2.44749 2.48309 2.52557 2.64725 2.68462 2.87436 3.02001 3.15210 3.13448 3.24075 3.39324 3.46922 3.52365 3.68479 3.76695 3.81479 3.84774 3.79172 3.73091 3.60823 3.57064 3.65637 3.69680 3.67174 3.74045 3.69553 3.56779 3.43606 3.19130 2.92035 2.82854 2.75111 2.72129 2.63824 2.56843 2.46636 2.43209 2.38624 2.34282 2.38533 2.30014 2.21285 2.17344 2.09201 2.09239 2.04742 1.96199 1.95769 1.81561 1.85294 1.71938 1.67411 1.68215 1.64859
2.48717 2.58478 2.69318 2.70201 2.66578 2.56587 2.55571 2.56042 2.73916 2.71062 2.65266 2.57404 2.43892 2.45928 2.49426 2.58788 2.67541 2.90067 3.22132 3.34207 3.36331 3.41198 3.48551 3.48090 3.50248 3.63204 3.70643 3.81438 3.84723 3.80926 3.76186 3.64576 3.56732 3.63383 3.66570 3.58749 3.60023 3.49083 3.43227 3.25408 3.10841 2.70798 2.56269 2.46471 2.42019 2.36510 2.30375 2.23248 2.26407 2.23736 2.27054 2.36997 2.32948 2.22270 2.19695 2.00653 1.98229 2.00238 1.90067 1.93898 1.85831 1.85771 1.75946 1.61483 1.65016 1.64381
2.39819 2.48706 2.49896 2.44655 2.38725 2.31200 2.27615 2.23796 2.35436 2.36071 2.33241 2.35764 2.39860 2.52040 2.54740 2.56622 2.58925 2.70713 3.16019 3.19317 3.21402 3.27667 3.31952 3.31636 3.34746 3.39100 3.55087 3.61135 3.61331 3.56548 3.50348 3.36398 3.20520 3.21965 3.27677 3.22137 3.25550 3.17425 3.17202 3.04358 3.01984 2.53855 2.42796 2.34391 2.32028 2.26705 2.21659 2.27031 2.34822 2.43023 2.38429 2.37479 2.27870 2.07345 2.07939 1.98843 1.95890 1.97666 1.85062 1.89841 1.90544 1.85953 1.77778 1.61038 1.54091 1.47134
2.25634 2.16579 2.25668 2.27697 2.28808 2.24035 2.23776 2.23704 2.33283 2.40061 2.35171 2.34233 2.47641 2.55876 2.55293 2.54887 2.52326 2.57769 2.94352 2.98074 3.07243 3.11662 3.13607 3.18122 3.25254 3.19435 3.44293 3.41900 3.36907 3.33322 3.28965 3.21748 3.10628 3.11565 3.20771 3.15747 3.19215 3.10616 3.11197 2.99556 2.93939 2.56030 2.39729 2.30761 2.24205 2.16011 2.08394 2.17661 2.24933 2.35252 2.32091 2.32927 2.29871 2.14765 2.13976 2.14344 2.17382 2.18319 2.08257 2.07887 2.10825 2.04028 1.88235 1.78301 1.80016 1.79386
2.39373 2.27673 2.34551 2.26611 2.25282 2.21683 2.21327 2.20972 2.26660 2.38364 2.30147 2.27976 2.35617 2.47686 2.42726 2.41616 2.38094 2.36024 2.71219 2.82888 2.97485 3.10162 3.05018 3.04264 3.09193 3.02603 3.25479 3.32550 3.34375 3.33533 3.30203 3.26444 3.15670 3.10861 3.16348 3.11556 3.12096 3.00214 2.96972 2.87179 2.81801 2.51205 2.19794 2.09306 1.98802 1.91449 1.94444 2.08936 2.10579 2.22697 2.18170 2.19446 2.17093 2.05810 2.02888 2.05319 2.10965 2.10996 2.02402 2.04319 2.07136 2.09666 1.85753 1.81257 1.79927 1.79293
2.38721 2.29287 2.29708 2.21473 2.20833 2.17319 2.16872 2.16418 2.17317 2.20870 2.15925 2.14393 2.22000 2.47720 2.42424 2.44617 2.48718 2.48939 2.74752 3.06570 3.15606 3.19523 3.12418 3.09964 3.12974 3.08236 3.22376 3.32562 3.32580 3.30521 3.25940 3.24096 3.07772 2.97498 2.97254 2.94191 2.98122 2.90963 2.82898 2.76537 2.59816 2.39307 2.05930 2.02335 1.93093 1.86914 1.87709 2.02906 2.03405 2.13912 2.09186 2.07648 2.03451 1.96211 1.90607 1.90445 1.98026 1.97741 1.92865 1.96067 2.01105 2.10911 1.90173 1.83552 1.78253 1.77003
2.28934 2.23241 2.17618 2.10674 2.09704 2.05992 2.04765 2.03547 2.03599 2.05042 2.00223 2.06661 2.11303 2.48875 2.37430 2.39609 2.44737 2.42586 2.55450 2.91115 3.03665 3.09660 3.05091 3.09488 3.01683 3.00155 3.07845 3.24787 3.26166 3.24755 3.19706 3.25069 3.04505 2.96044 2.87622 2.77684 2.74413 2.67138 2.58806 2.56429 2.40029 2.29901 1.98720 1.95908 1.83964 1.77854 1.77082 1.91321 1.91632 2.04535 2.02692 2.00812 1.98320 1.97018 1.95589 1.95203 2.01727 2.10512 2.06952 2.03155 1.94918 1.96716 1.56453 1.39220 1.48460 1.42904
2.09748 2.08685 1.98965 1.89989 1.88784 1.87885 1.86995 1.86132 1.86812 1.85254 1.85561 1.93648 1.97936 2.32458 2.37733 2.37479 2.46820 2.44004 2.47043 2.81046 3.03368 3.08775 3.05643 3.12263 2.95914 2.97319 3.05824 3.15571 3.12468 3.08326 3.04174 3.07345 2.92030 2.84396 2.70698 2.62624 2.64832 2.64834 2.55823 2.57495 2.40698 2.27107 2.04308 1.97412 1.82130 1.76450 1.74601 1.88641 1.90675 2.01748 2.01562 1.96964 1.93782 1.92552 1.91057 1.85310 1.79265 1.67807 1.53561 1.55782 1.60376 1.61611 1.30284 0.964380 1.07137 1.04250
1.97547 2.01749 1.92711 1.89021 1.91014 1.93604 1.96831 2.01612 2.06321 2.04748 2.05823 2.14654 2.18743 2.17769 2.37149 2.39024 2.49040 2.46214 2.46907 2.73124 3.08140 3.22299 3.28779 3.51566 3.41610 3.50006 3.13933 3.08332 3.00399 3.02120 3.01897 3.06171 2.98290 2.90257 2.71321 2.58490 2.59931 2.62212 2.52983 2.54854 2.40885 2.23918 2.07939 1.90062 1.77840 1.71038 1.66955 1.81282 1.86711 1.93415 1.91851 1.82236 1.73787 1.67935 1.60105 1.61576 1.65095 1.65859 1.79674 1.63155 1.40376 1.40477 1.38525 0.887225 0.919610 0.867336
2.03737 2.06780 1.98598 1.96057 1.98710 2.00502 2.01150 2.04140 2.06816 2.00213 2.02921 2.13279 2.22875 2.23712 2.54779 2.72839 2.95765 3.07724 3.09673 3.29691 3.38483 3.38727 3.34756 3.56251 3.33122 3.25246 2.99095 2.85815 2.77110 2.80028 2.78269 2.82937 2.79853 2.69210 2.54917 2.38306 2.38207 2.39750 2.36366 2.37603 2.29961 2.12856 2.03036 1.86177 1.74345 1.70175 1.65909 1.72127 1.75816 1.76464 1.68749 1.64820 1.65892 1.69301 1.72398 1.75444 1.70828 1.65690 1.70774 1.64411 1.28228 1.32775 1.39831 0.962597 0.898083 0.859272
2.12274 2.07343 2.08660 2.08198 2.08082 2.08067 2.08722 2.11847 2.16841 2.14158 2.21989 2.64553 3.13501 3.38633 3.28974 3.19305 3.26059 3.27667 3.26781 3.35148 3.35314 3.38271 3.43870 3.67078 3.49382 3.32805 3.12088 2.79307 2.63097 2.57483 2.52124 2.57566 2.66259 2.61806 2.48156 2.25937 2.22298 2.23603 2.18387 2.20254 2.13805 1.91004 1.81882 1.72441 1.54742 1.46484 1.39832 1.44307 1.55848 1.68890 1.72072 1.76251 1.73319 1.74082 1.74346 1.70156 1.68037 1.62739 1.69605 1.82097 1.33373 1.36739 1.44691 1.16006 0.845262 0.757464
2.14954 2.05080 2.02357 2.13216 2.16994 2.20179 2.23019 2.28904 2.31434 2.28004 2.31801 2.68637 3.27947 3.42530 3.23240 3.20328 3.23136 3.26426 3.29338 3.31649 3.21381 3.12940 3.14349 3.30358 3.10631 2.96619 2.97294 2.56194 2.42105 2.33746 2.25938 2.35160 2.38181 2.45640 2.29344 2.07078 2.06116 2.11900 2.07141 2.06309 1.97432 1.58682 1.47172 1.47393 1.39486 1.42052 1.44908 1.56723 1.63864 1.72552 1.76251 1.77177 1.75485 1.77177 1.78092 1.67155 1.65008 1.61573 1.69136 1.81746 1.39602 1.42680 1.51894 1.32717 0.788768 0.755319
2.31531 2.18781 2.11952 2.22904 2.26537 2.28601 2.31056 2.40491 2.41565 2.36675 2.38068 2.51948 3.33046 3.35324 3.23750 3.35884 3.33638 3.30697 3.30922 3.28595 3.04684 2.91615 2.93655 3.11956 3.02811 3.00014 3.09156 2.64668 2.44291 2.32642 2.27062 2.41559 2.44165 2.65581 2.39128 2.14652 1.97640 1.98349 1.91998 1.95155 1.92929 1.65608 1.58918 1.60837 1.56228 1.54040 1.53698 1.58767 1.60863 1.68622 1.73823 1.73112 1.71153 1.72117 1.73245 1.63893 1.63386 1.62959 1.74959 1.94173 1.61696 1.53017 1.65069 1.55973 0.965670 0.862400
2.44099 2.36080 2.25309 2.34089 2.38474 2.39230 2.40160 2.44299 2.45074 2.40423 2.41795 2.40639 3.02162 3.09159 2.97795 3.10372 3.01873 3.01236 3.04727 3.10972 2.97195 2.86320 2.86765 3.10053 3.02194 2.99132 3.08558 2.82994 2.56273 2.39140 2.28084 2.26084 2.14968 2.23342 2.13276 2.01809 1.87190 1.95228 1.96368 2.01807 1.98897 1.75479 1.56119 1.53207 1.49051 1.43498 1.43226 1.54746 1.60338 1.58367 1.67081 1.67646 1.68083 1.68789 1.66875 1.66892 1.67399 1.67736 1.70618 1.96698 1.69614 1.39633 1.48316 1.43807 1.18093 0.996632
2.54962 2.52137 2.42747 2.46029 2.51935 2.51995 2.51547 2.54106 2.51175 2.46062 2.47066 2.43058 2.74777 2.94862 2.88034 2.90189 2.87808 2.89313 2.94320 3.04805 2.95307 2.84097 2.84245 3.01921 2.98242 2.92255 2.96146 2.76532 2.25197 1.96807 1.87765 1.93137 1.92306 2.01821 2.00745 1.94787 1.95445 2.00146 2.00097 2.00983 1.95555 1.80285 1.58075 1.60606 1.63060 1.59016 1.58653 1.66406 1.70135 1.58332 1.66465 1.67702 1.65748 1.64110 1.60364 1.58134 1.55305 1.53041 1.55824 1.80862 1.65528 1.50335 1.61662 1.62411 1.54885 1.60246
2.62861 2.65413 2.56959 2.56392 2.61588 2.61975 2.62516 2.60667 2.57531 2.54278 2.56306 2.47146 2.54716 2.91848 2.95916 2.94186 2.88983 2.88995 2.93210 3.01602 2.91172 2.77991 2.75118 2.77928 2.63688 2.49103 2.40746 2.30303 2.03260 2.01459 1.97296 2.00417 1.98322 2.01386 2.05728 1.99418 2.01111 2.03216 2.03499 2.06103 2.04343 2.01148 1.82499 1.79972 1.73664 1.63013 1.52666 1.54822 1.59511 1.49426 1.44424 1.48354 1.49138 1.49726 1.49123 1.49132 1.47729 1.46968 1.42865 1.58782 1.50668 1.56396 1.73095 1.71834 1.65315 1.66520
2.63920 2.68836 2.61032 2.56652 2.62576 2.60872 2.58639 2.54014 2.47179 2.44208 2.50504 2.38352 2.24581 2.61726 2.74990 2.77014 2.67833 2.58940 2.48939 2.39058 2.24147 2.13249 1.92602 1.85797 1.82971 1.83832 1.88869 1.97035 1.98563 1.95222 1.91526 1.94572 1.92960 1.92936 1.99201 1.95012 1.99780 2.03306 2.03506 2.01378 1.97015 1.93318 1.74542 1.79953 1.74339 1.66764 1.48775 1.50628 1.65724 1.64454 1.44365 1.46398 1.22544 1.37384 1.38144 1.33675 1.30292 1.30852 1.20593 1.38316 1.35544 1.40227 1.57151 1.58786 1.58115 1.63881
2.63410 2.68899 2.62201 2.48714 2.47849 2.43797 2.42849 2.40785 2.34414 2.38453 2.45872 2.35656 2.15612 2.22952 2.30258 2.10073 1.92954 1.89074 1.88857 1.89309 1.86367 1.87739 1.78753 1.77774 1.76134 1.78411 1.81373 1.87977 1.88688 1.85573 1.82858 1.91183 1.95637 2.01881 2.04570 1.96000 1.95989 1.95725 1.94037 1.93310 1.92717 1.91941 1.80697 1.85545 1.89191 1.91915 1.62576 1.51840 1.69350 1.64455 1.58484 1.16199 1.18014 1.28109 1.27451 1.18171 1.17326 1.21317 1.16604 1.28745 1.30199 1.33769 1.48223 1.54314 1.53399 1.59435
2.78157 2.76222 2.74473 2.61211 2.58726 2.51445 2.55420 2.53828 2.46488 2.49652 2.50436 2.42640 2.20087 2.09690 2.12202 1.99661 1.87478 1.84067 1.82689 1.80666 1.77833 1.78211 1.75784 1.76541 1.74598 1.81225 1.84202 1.91698 1.92729 1.96458 1.96347 2.01686 2.00106 1.99561 1.98236 1.95768 1.98226 2.01462 2.02882 2.03116 2.01986 1.95927 1.79867 1.66972 1.61938 1.59732 1.49447 1.40606 1.59426 1.57660 1.48529 0.921738 0.931036 1.06700 1.17466 1.16566 1.15822 1.19540 1.15029 1.22544 1.31023 1.34256 1.44130 1.53669 1.52838 1.57855
2.84942 2.77124 2.74980 2.66239 2.62750 2.54748 2.53987 2.49329 2.43972 2.48440 2.53361 2.47039 2.21935 2.09148 2.06274 1.98431 1.80218 1.79566 1.81382 1.84045 1.85687 1.89927 1.91174 1.92945 1.92454 1.97408 1.94621 1.95117 1.90854 1.92077 1.89613 1.96716 1.94821 1.94419 1.92402 1.93417 1.93582 1.87194 1.79292 1.74194 1.67819 1.64831 1.55974 1.45505 1.48296 1.52504 1.44691 1.24416 1.31857 1.41946 1.38816 0.915217 0.933023 1.06585 1.14705 1.18003 1.18477 1.22444 1.17723 1.18282 1.13385 1.12938 1.15717 1.31825 1.28652 1.28995
2.77715 2.67673 2.66274 2.60989 2.57297 2.49138 2.48691 2.45037 2.45751 2.48942 2.52957 2.38282 2.20545 2.04782 2.02473 2.06070 1.86855 1.84889 1.87815 1.91544 1.92986 1.91923 1.88015 1.88131 1.80406 1.82575 1.83114 1.86765 1.84255 1.84817 1.83060 1.90754 1.86018 1.80040 1.70672 1.65886 1.62290 1.58087 1.57893 1.61060 1.60061 1.58626 1.52723 1.40777 1.41438 1.48680 1.45107 1.25677 1.30540 1.44946 1.41082 0.959252 0.991148 0.992072 1.18650 1.32222 1.26829 1.27721 1.23089 1.17145 0.893161 0.908237 0.904660 1.16517 1.18313 1.25613
2.83399 2.79903 2.76559 2.75370 2.63229 2.53616 2.49839 2.44330 2.40790 2.50486 2.53700 2.37701 2.31178 2.13324 2.08484 2.11008 1.93160 1.86156 1.89861 1.93051 1.91670 1.87734 1.82350 1.81687 1.72556 1.72298 1.72161 1.70539 1.55000 1.47837 1.39466 1.37193 1.34375 1.32676 1.31307 1.32483 1.32264 1.29730 1.36636 1.41872 1.37826 1.37008 1.34670 1.32677 1.36790 1.39678 1.37220 1.15436 1.05745 0.909039 0.945672 0.964251 1.00419 0.984628 1.10334 1.34736 1.32825 1.29619 1.27990 1.29708 1.04475 1.14782 1.21008 1.27771 1.25134 1.22936
2.91068 2.95356 2.90742 2.91300 2.67605 2.49584 2.47343 2.43164 2.38788 2.48211 2.50491 2.31474 2.24305 2.16854 2.10309 2.10309 1.94743 1.84515 1.85439 1.87979 1.87443 1.79912 1.69491 1.67013 1.55680 1.51303 1.47363 1.46371 1.22346 1.21651 1.20691 1.23063 1.24401 1.23557 1.22652 1.25185 1.25162 1.22237 1.25011 1.31332 1.34143 1.33338 1.28979 1.20472 1.14863 1.14402 1.15850 1.08073 1.02370 1.04214 1.00023 1.00632 1.03654 1.02650 1.18044 1.40676 1.53673 1.59738 1.68074 1.77337 1.53107 1.43216 1.47230 1.38307 1.20590 1.20518
