High_resolution/powerplant/Chizhou/OMI_NO2_200704.asc
ncols      200
nrows      200
xllcorner       115.585
yllcorner       28.7700
cellsize     0.0166667
NODATA_Value      -999.000
[rows 0 to 28 of 164, columns 66 to 131 of 200]
2.70999 2.75773 2.82295 2.89581 2.99904 3.07718 3.11642 3.16654 3.41950 3.67546 3.67546 3.75750 4.04769 3.96506 3.89757 3.90483 4.40740 5.03033 5.06167 5.06167 4.85961 4.77110 4.77110 4.77110 4.76269 4.47657 4.46743 4.46743 4.46743 4.46743 4.46743 5.03436 5.49791 6.06268 6.13525 5.73068 5.41201 5.18075 5.01133 5.29911 6.13427 6.63286 6.91695 7.16221 7.63877 5.61600 3.56960 3.54310 3.33176 3.08443 3.02261 2.96726 2.91737 2.87640 2.85227 2.59727 2.47738 2.41667 1.93125 1.91877 1.91620 1.91620 1.91620 1.91620 1.91620 2.92503
3.27038 3.08203 3.17895 3.20573 3.20655 3.20655 3.20613 3.19458 3.30316 3.61365 3.56376 3.51980 3.77121 3.80819 3.80859 3.81421 4.31377 4.85470 5.06167 5.06167 4.95189 4.77110 4.77110 4.77110 4.77110 4.53867 4.46743 4.46743 4.46743 4.46743 4.49315 4.82007 5.86521 6.75448 6.99803 7.26072 7.70244 7.89034 7.75816 7.23575 6.91967 6.75335 6.64893 6.55136 6.53602 5.56127 3.24021 3.24021 3.08976 2.74506 2.74506 2.74506 2.74506 2.74506 2.74506 2.62176 2.41665 2.41665 2.06602 1.91620 1.91620 1.91620 1.91620 1.95764 2.03984 2.67176
3.30164 3.13700 3.19390 3.20655 3.20510 3.18231 3.15414 3.11942 3.11479 3.48756 3.49429 3.49429 3.66399 3.80819 3.80819 3.81261 4.15150 4.66120 5.06167 5.04243 4.91584 4.51741 4.40660 4.30160 4.20200 4.02533 3.97863 4.37946 4.56133 4.64807 5.43453 6.43056 7.22187 7.47552 7.65042 7.25678 7.10874 7.03740 7.01404 6.47436 6.45412 6.45412 6.45412 6.45412 6.48368 6.28213 3.27483 3.24021 3.20739 2.74929 2.74506 2.74506 2.74506 2.74506 2.74506 2.71239 2.41730 2.41665 2.24498 1.99227 2.06835 2.13133 2.18573 2.22934 2.26808 2.51576
3.31462 3.19322 3.15990 3.20253 3.11418 3.10664 3.10664 3.10452 3.11588 3.35279 3.36965 3.33361 3.35781 3.51744 3.47544 3.40434 3.45760 3.69544 4.10778 4.12539 4.18521 3.97084 4.02456 4.17093 4.29544 4.42287 4.48945 4.79139 5.03554 5.12729 5.37937 6.47454 6.64165 6.79825 7.32808 7.05074 7.03740 7.03740 7.03740 6.63914 6.45412 6.45412 6.45412 6.45412 6.47248 6.50230 3.97053 3.24021 3.23953 2.83941 2.75002 2.75239 2.75470 2.75692 2.75177 2.72309 2.55931 2.54939 2.54832 2.35305 2.36039 2.36918 2.43120 2.75173 3.17468 3.54685
3.42630 3.35909 3.25427 3.35523 3.28592 3.27160 3.28905 3.29967 3.28915 3.15000 3.03671 3.01907 3.00359 3.16106 3.15964 3.21079 3.58542 3.96335 4.36845 4.47706 4.46750 4.47404 4.66588 4.77545 4.87847 4.90213 4.80276 4.91288 5.12823 5.13630 5.14475 6.37429 6.52236 6.76276 7.18969 7.12976 7.00698 6.98730 6.96778 6.72271 6.32718 6.30432 6.28145 6.25862 6.20450 6.00921 4.56763 3.17512 3.17169 2.94726 2.76271 2.73344 2.70406 2.67471 2.65191 2.70431 2.77162 2.91897 3.32608 3.24568 3.43011 3.71405 3.94191 3.96915 4.03014 4.06999
3.56862 3.48690 3.28840 3.35277 3.29293 3.20504 3.18735 3.16896 3.14554 3.07373 2.92644 2.92639 2.92639 3.03493 3.19230 3.31750 3.88344 4.21859 4.27748 4.21619 4.19267 4.35488 4.90139 4.88281 4.86449 4.84607 4.75748 4.76020 5.02064 5.00382 4.98665 5.85135 6.30673 6.51345 6.78543 6.98322 6.77784 6.77784 6.77784 6.71505 6.15306 6.15131 6.15131 6.15131 6.14780 5.91279 5.19896 3.12207 3.09271 2.93697 2.65018 2.68448 2.78064 2.87807 2.97534 3.01869 3.00791 3.81741 4.45015 4.23769 3.96915 3.96915 3.96915 3.96915 4.00729 4.06999
3.41222 3.35113 3.22386 3.22371 3.25548 3.15831 3.15514 3.15514 3.14945 3.14687 2.95600 2.93226 2.89981 3.01006 3.34618 3.29284 3.62518 3.92079 3.99145 3.93807 3.91971 3.90782 4.54713 4.60977 4.60977 4.60977 4.60548 4.60268 4.86812 4.91048 4.91048 5.43024 6.26297 6.41288 6.62765 7.07706 6.78591 6.77784 6.77784 6.77784 6.28496 6.14907 6.12864 6.10413 6.07968 5.87126 5.69047 3.13715 3.15576 3.22230 2.95642 3.01743 3.01869 3.01869 3.01869 3.01869 3.01866 3.36319 4.44377 4.38435 3.95405 3.94558 3.93985 3.93413 3.94385 4.02876
3.38378 3.31731 3.21660 3.12201 3.20279 3.14037 3.10813 3.08911 2.97110 2.84992 2.62456 2.58306 2.58306 2.59354 3.07349 3.11548 3.35185 3.74560 3.93521 3.89445 3.89195 3.89195 4.33537 4.60977 4.60977 4.60977 4.60714 4.60268 4.79613 4.91048 4.91048 5.06896 6.26216 6.33493 6.54204 7.02506 6.86950 6.77297 6.75306 6.73206 6.41039 6.05117 6.03071 5.88553 5.77050 5.53928 5.30156 3.92329 3.52993 3.55660 3.29869 3.00826 3.00420 3.00602 3.00783 3.00965 3.01148 3.00229 4.35689 4.46083 4.09689 3.99432 4.00157 4.00881 4.01621 4.11102
3.33839 3.33178 3.23472 2.93132 3.11094 3.05854 2.98714 2.98698 2.92254 2.80112 2.66691 2.58632 2.59531 2.60439 2.94281 3.14279 3.23450 3.68081 3.93731 3.90655 3.89195 3.89195 4.11664 4.60977 4.60977 4.60977 4.60880 4.60268 4.72420 4.91048 4.91048 4.91048 6.05874 6.27192 6.53273 6.84531 6.78860 6.37795 6.24781 6.11567 5.85418 5.06463 4.97398 5.00420 5.00644 4.93759 4.77911 4.24918 3.64343 3.65067 3.47864 3.15209 3.07738 3.07738 3.07738 3.07738 3.07738 3.06345 4.02140 4.49905 4.28879 4.01805 4.01805 4.01805 4.01805 4.08848
3.10429 3.00973 2.94723 2.75055 2.96656 3.06648 2.99077 2.98822 2.97580 2.81951 2.74598 2.61636 2.61647 2.61647 2.77481 3.14279 3.14489 3.59804 3.90020 3.91964 3.89195 3.89195 3.92238 4.58557 4.62102 4.63904 4.65712 4.66873 4.72900 4.93614 4.95126 4.96701 5.45934 5.67386 5.73147 5.83129 6.02031 5.71995 5.75335 5.79198 5.80322 5.08937 5.00024 5.00024 5.00024 4.98778 4.78781 4.54455 3.65632 3.65632 3.55424 3.23170 3.07738 3.07738 3.07738 3.07738 3.07738 3.07689 3.58625 4.49905 4.44710 4.02180 4.02580 4.03430 4.04279 4.13066
3.01443 3.01288 2.95253 2.82546 2.84883 3.06980 3.03064 3.01936 3.02039 2.85805 2.80345 2.61717 2.63054 2.64859 2.68201 3.18255 3.22899 3.56892 3.94864 4.07290 4.05164 4.07816 4.10493 4.63658 4.86432 4.87469 4.88655 4.89391 4.93077 5.13072 5.20409 5.26619 5.45023 5.75935 5.84535 6.10705 6.17677 5.89895 5.80718 5.80718 5.80718 5.34390 5.00024 5.00024 5.00024 5.00024 4.82452 4.76005 3.71789 3.65632 3.62864 3.30431 3.07738 3.07620 3.06028 3.04005 3.01973 3.02266 3.09868 4.39537 4.41168 4.05390 4.08673 4.25520 4.42386 4.58313
3.01312 3.00686 2.95545 2.87937 2.70431 3.03443 3.01432 2.97844 2.97254 2.84834 2.77470 2.82467 2.85343 2.89204 2.93176 3.32448 3.55485 3.80678 4.23179 4.22740 4.19771 4.19138 4.19786 4.52191 5.02768 5.09130 5.15345 5.21226 5.24368 5.34010 5.37973 5.37685 5.39920 5.76154 5.77946 6.10434 6.16738 6.01725 5.80718 5.80773 5.82704 5.63311 5.08732 5.11947 5.15166 5.18390 4.91222 4.66531 3.86195 3.48206 3.46515 3.18952 2.84006 2.82996 2.90468 2.98372 3.06272 3.12298 3.12158 4.15287 4.60315 4.66121 4.61480 4.65379 4.69284 4.72976
2.93891 2.93844 2.91225 2.87117 2.67546 3.00464 3.12829 3.11806 3.15473 3.10474 3.01119 3.09210 3.12662 3.11055 3.09459 3.28368 3.69014 3.75750 4.32628 4.20168 4.24230 4.32871 4.34803 4.43707 5.24717 5.25038 5.24733 5.24516 5.28916 5.38201 5.48516 5.51348 5.54154 5.87708 5.99123 6.24536 6.43554 6.44218 6.14457 6.17088 6.17978 6.15360 5.45675 5.42607 5.42607 5.42607 5.11993 4.57634 4.09114 3.46365 3.52952 3.41331 3.19321 3.12089 3.19191 3.36915 3.69522 4.00703 4.20776 4.45186 4.90599 4.89028 4.73352 4.73241 4.73241 4.73241
3.05727 3.08203 3.10179 3.18414 3.06216 3.14418 3.34820 3.26938 3.22409 3.18875 3.01108 3.04364 3.07776 3.06398 3.03667 3.02716 3.56776 3.56680 4.10467 4.11973 4.15876 4.32742 4.32212 4.31672 5.02848 5.21367 5.21131 5.21713 5.58847 5.63943 5.74707 5.74707 5.74707 5.95009 6.13919 6.24577 6.51669 6.55029 6.25596 6.17978 6.17978 6.17978 5.67181 5.42607 5.43444 5.48503 5.43039 4.74818 4.60651 3.69250 3.76214 3.91971 3.95126 4.15935 4.37665 4.49997 4.51030 4.51030 4.51030 4.42086 4.90886 4.90833 4.76948 4.72491 4.72123 4.71755
3.18277 3.19176 3.19341 3.05937 3.01607 2.85383 3.17051 3.10041 3.01108 2.95616 2.89900 2.88910 2.92657 2.90605 2.89902 2.89875 3.32269 3.52442 3.89765 4.11960 4.08459 4.29042 4.30458 4.30458 4.74627 5.21076 5.21076 5.21076 5.50223 5.61091 5.74306 5.74707 5.74707 5.84579 6.13919 6.15995 6.47371 6.54584 6.37430 6.17978 6.19575 6.24420 6.02096 5.61258 5.66067 5.68364 5.77351 5.19973 5.26867 4.70093 4.79496 4.77807 4.51706 4.50336 4.49968 4.49505 4.48752 4.47978 4.47206 4.36518 4.75169 4.84796 4.76676 4.66302 4.65897 4.65492
2.90254 2.84025 2.76576 2.59767 2.54918 2.38854 2.72339 2.74029 2.71167 2.70095 2.78416 2.82242 2.89465 2.89874 2.89683 2.89351 3.11219 3.51306 3.70921 4.13937 4.07871 4.22910 4.30458 4.30458 4.47060 5.21076 5.21076 5.21076 5.40970 5.60678 5.71459 5.74707 5.74707 5.75748 6.12323 6.14836 6.36810 6.54964 6.53068 6.34483 6.34744 6.25127 6.08454 5.90275 6.05869 6.19939 6.28162 5.75089 5.47539 4.97768 4.68071 4.66579 4.45961 4.42233 4.41829 4.41520 4.41499 4.41499 4.41499 4.39985 4.51282 4.81355 4.79450 4.63821 4.63710 4.63710
2.62149 2.61671 2.62406 2.55471 2.51279 2.43796 2.57950 2.70534 2.70265 2.70093 2.75473 2.81723 2.86989 2.88794 2.88652 2.88652 2.92281 3.49632 3.54445 4.15199 4.07874 4.16450 4.30458 4.30458 4.30603 5.09993 5.21076 5.21076 5.31662 5.60334 5.66809 5.71584 5.70884 5.70411 5.95746 6.03436 6.02023 6.16774 6.11466 5.90350 5.88290 5.97132 6.07940 6.20543 6.22944 6.22944 6.22944 5.85390 5.37970 5.12400 4.64800 4.64800 4.50526 4.41499 4.41499 4.41499 4.41499 4.41499 4.41499 4.41499 4.38443 4.81355 4.81355 4.67799 4.63397 4.61260
2.63821 2.63783 2.63783 2.61926 2.48655 2.47097 2.48748 2.70534 2.70279 2.69119 2.71511 2.80917 2.84684 2.88652 2.88652 2.88652 2.88544 3.32592 3.50391 4.00453 4.07687 4.08322 4.28283 4.28051 4.27751 4.79404 5.17124 5.16377 5.18328 5.55970 5.58649 5.57055 5.47343 5.37289 5.40449 5.46361 5.37557 5.84320 6.30106 6.22102 6.10904 6.10904 6.10904 6.16936 6.22944 6.22944 6.22944 6.04897 5.37970 5.30132 4.64825 4.64800 4.56226 4.41499 4.41499 4.41499 4.41499 4.41499 4.41530 4.42090 4.33187 4.75904 4.78391 4.69039 4.57103 4.54775
2.63783 2.63783 2.63783 2.63783 2.50393 2.49335 2.38819 2.64943 2.65264 2.63232 2.62214 2.72334 2.74935 2.85058 2.84679 2.84300 2.84029 3.08248 3.47506 3.80613 4.06207 4.02720 4.20500 4.24489 4.24836 4.50079 5.12047 5.02920 4.93083 5.14666 5.12897 5.13155 5.12053 5.10936 5.15305 5.38459 5.35486 5.70354 6.25319 6.29506 6.10904 6.10904 6.10904 6.13334 6.23054 6.23833 6.24727 6.23858 5.44085 5.41253 4.81503 4.70359 4.68250 4.48567 4.49321 4.50130 4.54261 4.60385 4.66474 4.72035 4.68159 4.43148 4.49095 4.35499 4.58363 4.63694
2.55421 2.54219 2.53017 2.51818 2.40473 2.36290 2.26605 2.44586 2.54834 2.55172 2.55414 2.64652 2.70654 2.89002 2.92160 2.94940 2.97720 3.05437 3.64073 3.74709 4.07811 4.06500 4.17085 4.22754 4.21439 4.21243 4.66032 4.68397 4.67604 4.88947 5.04974 5.08609 5.10074 5.10854 5.11791 5.39256 5.40999 5.51930 6.21754 6.41366 6.21990 6.20015 6.20906 6.21853 6.33388 6.34735 6.34735 6.34735 5.68945 5.47360 5.07435 4.75470 4.78896 4.63131 4.64765 4.69071 4.69704 4.57574 4.40367 4.21760 4.04743 3.86504 4.32990 4.36385 4.60419 4.67592
2.48673 2.47373 2.46070 2.44782 2.37727 2.36627 2.34945 2.43681 2.66362 2.69256 2.70855 2.79524 2.85885 2.98770 3.02608 3.04967 3.08233 3.09116 3.59858 3.81583 4.27835 4.21647 4.22700 4.23889 4.24352 4.24080 4.57462 4.72077 4.72633 4.86642 5.13621 5.17381 5.19452 5.19452 5.19452 5.38641 5.48553 5.43256 6.08361 6.45884 6.32922 6.22695 6.07853 5.96520 6.01714 6.04624 6.03231 6.02752 5.64720 5.31011 5.14860 4.74789 4.75613 4.55167 4.31555 4.15111 3.99031 3.92692 3.91074 3.90939 3.90939 3.74179 4.29030 4.29975 4.42966 4.59559
2.36142 2.34218 2.32299 2.30377 2.28676 2.49826 2.54700 2.48347 2.76044 2.78019 2.78774 2.85698 2.99958 3.10222 3.19486 3.18447 3.16259 3.16580 3.49607 3.94339 4.28675 4.31679 4.28649 4.27596 4.26875 4.26872 4.45805 4.74964 4.74964 4.78994 5.14228 5.16200 5.19452 5.19452 5.19452 5.30842 5.48769 5.44304 5.79772 6.42113 6.40326 6.22695 6.07574 5.88738 5.95948 6.07312 6.11338 6.14476 5.91882 5.31130 5.04900 4.36173 4.19720 4.03300 3.90939 3.90974 3.91443 3.92035 3.92626 3.93219 3.93712 3.86401 4.11797 4.32584 4.35850 4.61704
2.28556 2.28766 2.28976 2.29217 2.30621 2.47376 2.65639 2.62519 2.84672 2.88884 2.82163 2.77353 2.98714 3.04957 3.18369 3.18369 3.18312 3.17213 3.23553 3.89724 4.09910 4.31376 4.26630 4.26789 4.26872 4.26872 4.30875 4.74383 4.74964 4.74964 5.09137 5.14990 5.19452 5.19452 5.19452 5.23032 5.48763 5.45752 5.56417 6.29916 6.40254 6.34429 6.30757 5.95837 5.84027 5.86503 5.64729 5.37099 5.02491 3.99833 3.94323 3.92542 3.89106 3.85962 3.90310 3.90194 3.89648 3.88978 3.88308 3.87638 3.87064 3.86993 3.87378 4.26029 4.26029 4.48912
2.33506 2.35287 2.37063 2.38850 2.39951 2.48590 2.78742 2.77688 2.76507 2.76507 2.75909 2.73571 2.94053 2.99815 3.16108 3.14715 3.13283 3.12894 3.12894 3.71693 3.96117 4.34669 4.26630 4.26720 4.26872 4.26872 4.26872 4.64423 4.74964 4.74964 5.00024 5.14251 5.18976 5.18838 5.17469 5.12830 5.25879 5.14840 4.93387 5.44925 5.53033 5.33830 4.97278 4.40049 4.15854 4.41993 4.53928 4.53792 4.53792 3.80755 3.67421 3.75318 3.75318 3.75327 3.85792 3.86993 3.86993 3.86993 3.86993 3.86993 3.86993 3.86993 3.76897 4.26029 4.26029 4.39159
2.39938 2.40559 2.41218 2.41814 2.41890 2.43646 2.78195 2.79166 2.76507 2.76507 2.76507 2.71406 2.83402 2.93578 3.09675 3.12894 3.12894 3.12894 3.12894 3.47191 3.88849 4.30892 4.24506 4.23230 4.22167 4.20883 4.19602 4.42294 4.65402 4.59526 4.68989 4.83694 4.75876 4.67687 4.53890 4.39954 4.26580 4.10427 3.68575 3.99690 4.11202 3.96571 4.02864 3.94307 3.91922 4.19243 4.53792 4.53792 4.53792 4.00777 3.66458 3.74249 3.75318 3.75318 3.82924 3.86993 3.86993 3.86993 3.86993 3.86993 3.86993 3.86993 3.76930 4.18372 4.35865 4.47075
2.41890 2.41890 2.41890 2.41890 2.41890 2.41911 2.68929 2.80451 2.76514 2.77449 2.79837 2.77215 2.83385 3.02362 3.05068 3.02742 3.01249 2.99749 2.98254 3.06636 3.69535 3.96450 4.04938 3.98845 3.93157 3.87304 3.80988 3.81495 4.19991 4.12217 4.06484 4.30108 4.20942 4.11595 4.09165 4.12825 4.13934 4.11989 3.86747 3.81098 3.89280 3.88970 4.02057 3.96517 3.91922 3.99545 4.53606 4.53792 4.53792 4.20797 3.67006 3.73228 3.76775 3.77229 3.82416 3.89813 3.90266 3.90721 3.91214 3.92609 3.94378 3.96146 3.97849 4.25302 4.63446 4.62104
2.47205 2.49204 2.51210 2.53209 2.55210 2.57218 2.77254 3.04161 3.02889 3.03563 3.03579 3.01216 2.93064 3.14829 3.07077 2.92017 2.88302 2.84721 2.81263 2.77902 3.26997 3.45910 3.66903 3.65410 3.61736 3.61674 3.59588 3.60001 3.67105 3.60350 3.60513 4.03723 4.09693 4.13923 4.15398 4.14564 4.12827 4.02837 3.83960 3.66904 3.72412 3.77514 3.89279 3.89531 3.82479 3.81354 4.32834 4.42798 4.41830 4.30992 3.73072 3.76801 3.81932 3.81932 3.83953 3.94926 3.96241 3.97554 3.98978 3.99606 3.98988 3.95722 3.82330 3.59245 3.39255 2.96027
2.64451 2.64451 2.64459 2.65399 2.66971 2.68540 2.77661 3.05945 3.02417 2.96545 2.92640 2.88959 2.78585 2.92433 2.90004 2.73720 2.74114 2.74430 2.74224 2.73610 2.96037 3.12990 3.32816 3.34193 3.38000 3.51832 3.51391 3.52973 3.55825 3.58968 3.61759 3.85254 3.93588 3.94488 3.93715 3.92866 3.92333 3.83972 3.73281 3.51599 3.55577 3.62559 3.75477 3.84158 3.80205 3.80525 4.18364 4.50171 4.50892 4.51440 3.83699 3.81006 3.90811 3.92655 3.94360 4.05859 4.01455 3.85231 3.67138 3.48678 3.30703 3.15554 3.12918 2.98169 2.49733 2.50645
2.77814 2.79633 2.80233 2.79323 2.77874 2.76445 2.75245 2.85926 2.84297 2.81854 2.81854 2.81871 2.77948 2.84012 2.89578 2.77520 2.78244 2.80748 2.83716 2.79535 2.81738 3.02539 3.22510 3.33326 3.36710 3.56543 3.60933 3.62065 3.62065 3.62065 3.62065 3.75635 3.90466 3.91863 3.92324 3.92324 3.92324 3.86979 3.80103 3.52196 3.53402 3.59998 3.71410 3.84525 3.84986 3.84986 4.03236 4.60654 4.62187 4.63720 4.10123 3.83285 3.78671 3.61686 3.40244 3.24163 3.13190 3.12018 3.11251 3.10463 3.08941 3.07579 3.06506 3.04737 2.52081 2.76209
