High_resolution/powerplant/Chizhou/OMI_NO2_200705.asc
ncols      200
nrows      200
xllcorner       115.585
yllcorner       28.7700
cellsize     0.0166667
NODATA_Value      -999.000
[rows 0 to 28 of 193, columns 0 to 66 of 200]
4.00933 4.00933 4.00933 4.00933 3.88029 3.85765 3.91248 3.95742 3.98108 3.91306 3.79045 3.70990 3.50231 3.42891 3.16520 3.02957 2.89653 2.77383 2.72644 2.72644 2.72644 2.72644 2.72644 2.47487 2.40150 2.37681 2.35303 2.33050 2.30869 2.28756 2.26701 2.24714 2.37823 2.27831 2.06371 2.23372 2.39374 2.61993 3.03128 4.56479 3.99479 3.69994 3.83668 3.83350 3.61152 3.43883 3.29219 3.17505 3.12286 3.08390 3.04638 3.01036 2.99411 2.60746 2.11142 2.35783 3.42837 3.62318 3.83595 3.97261 4.55914 4.98267 4.98267 4.98267 4.98143 4.94328 4.89163
4.03863 4.11402 4.05750 3.98282 3.81227 3.61304 3.53639 3.46425 3.50613 3.61927 3.55103 3.38633 3.16518 2.98397 2.73375 2.70839 2.67779 2.64822 2.61971 2.59213 2.56536 2.53955 2.51451 2.34679 2.20124 2.21994 2.31227 2.40960 2.50351 2.59393 2.68135 2.76477 2.87351 3.17566 3.13658 3.24037 3.33662 3.38345 3.43611 4.03487 3.75889 3.13654 3.11834 3.09600 2.99411 2.99411 2.99411 2.99411 2.99411 2.99411 2.99411 2.99411 2.99411 2.86073 2.11142 2.11340 3.31592 3.50403 3.81091 3.86547 4.26213 4.75439 4.71596 4.68008 4.64713 4.63708 4.63708
3.61036 3.52641 3.50645 3.50645 3.48551 3.39302 3.37398 3.25517 3.24698 3.20467 2.95472 2.82359 2.76146 2.66678 2.51914 2.47278 2.47278 2.47278 2.47278 2.47278 2.47278 2.47278 2.48151 2.43028 2.25726 2.69317 2.91667 2.81332 2.78783 2.74112 2.69071 2.63915 2.59542 2.91677 3.31642 3.31170 3.29512 3.26223 3.26097 3.46982 3.63010 2.99375 3.00590 3.11957 2.99411 2.99411 2.99411 2.99411 2.99414 2.99827 3.00504 3.01149 3.01764 3.02280 2.40322 2.36298 3.11747 3.45853 3.73331 3.79171 4.01903 4.61619 4.62918 4.63538 4.73854 4.85675 4.92739
3.43295 3.41456 3.39710 3.38047 3.36430 3.28583 3.26335 2.85598 2.97194 3.08197 2.86298 2.72516 2.72196 2.64647 2.57417 2.52425 2.54150 2.55822 2.57448 2.59030 2.60568 2.62064 2.62853 2.62070 2.37867 2.55163 2.88021 2.68042 2.58954 2.58605 2.56747 2.54127 2.54127 2.66699 3.13735 3.20620 3.19944 3.20735 3.20915 3.30890 3.72020 3.06769 3.00911 3.12904 3.02961 3.02786 3.03336 3.03856 3.04350 3.04564 3.04593 3.04621 3.04649 3.04677 2.73323 2.47970 2.88465 3.41283 3.54919 3.67455 3.90367 4.43453 4.62072 4.76337 4.82796 4.76291 4.72316
3.34486 3.34486 3.34486 3.34315 3.30937 3.22442 3.17146 2.85160 2.77788 2.89729 2.72351 2.79966 2.81965 2.75692 2.70293 2.69298 2.70188 2.71079 2.71966 2.72780 2.70719 2.67055 2.63157 2.59004 2.37230 2.38456 2.95698 2.82900 2.71641 2.75393 2.81109 2.87586 2.91440 2.92077 3.15683 3.40528 3.42770 3.45537 3.41697 3.41979 3.61789 3.25258 3.04873 3.11479 3.08130 3.04899 3.04899 3.04899 3.04899 3.04899 3.04899 3.04899 3.04899 3.00438 2.78207 2.48731 2.63001 3.37343 3.41094 3.62050 4.03281 4.16792 4.22516 4.19692 4.25766 4.15917 4.05665
2.92325 2.86428 2.80537 2.74824 2.72299 2.72926 2.73756 2.60902 2.40172 2.60684 2.55649 2.60733 2.67616 2.64576 2.62523 2.84524 2.81039 2.76719 2.72123 2.67318 2.65652 2.65652 2.64674 2.61732 2.47357 2.35093 2.95676 3.07118 2.97001 2.99582 3.01986 3.05000 3.11180 3.17969 3.31613 3.70917 3.77639 3.82373 3.76043 3.63349 3.62030 3.40010 3.04873 3.08730 3.10870 3.04899 3.04899 3.04899 3.04260 2.95054 2.82171 2.68372 2.52266 2.40155 2.37857 2.38017 2.44376 2.67112 2.57328 2.56059 3.10709 3.40340 3.69689 3.72066 3.93787 3.93787 3.93787
2.66163 2.66163 2.66163 2.66163 2.66163 2.67361 2.70813 2.69944 2.36715 2.55133 2.61111 2.56144 2.72083 2.75088 2.43599 2.63780 2.65226 2.64909 2.64035 2.62543 2.64204 2.70823 2.80359 2.92269 2.99437 2.72820 3.12784 3.41086 3.23959 3.28125 3.33189 3.37682 3.38227 3.38227 3.38467 3.75288 3.82971 3.82971 3.80357 3.64086 3.63843 3.55571 3.07471 3.08832 3.07204 2.86472 2.73113 2.58784 2.43137 2.36953 2.35193 2.35425 2.37178 2.39867 2.41863 2.41968 2.47212 2.50503 2.52795 2.60340 2.98546 3.42607 3.76717 3.78325 4.00985 4.04648 4.05760
2.66163 2.66163 2.66163 2.66163 2.66163 2.66303 2.69333 2.70707 2.49969 2.52990 2.76128 2.63249 2.84716 2.89202 2.56683 2.66471 2.78618 2.84867 2.94869 3.05549 3.12723 3.14530 3.14530 3.14530 3.14530 3.05847 3.20753 3.63622 3.44460 3.38987 3.39573 3.40157 3.40743 3.41329 3.41947 3.66022 3.85935 3.82397 3.78294 3.55733 3.44685 3.28930 2.83122 2.65456 2.53009 2.37818 2.37155 2.39553 2.43377 2.48364 2.52852 2.55359 2.57659 2.59962 2.62262 2.64561 2.69141 2.71627 2.71627 2.73891 2.92178 3.50280 3.77461 3.97987 4.31151 4.54002 4.68918
2.66163 2.66163 2.66163 2.68734 2.74966 2.83607 2.95622 3.05795 2.96585 2.71709 3.01556 2.91170 3.08704 3.09850 2.94881 2.86478 3.11386 3.14530 3.14553 3.15438 3.16752 3.18067 3.19380 3.20691 3.22007 3.19381 3.12825 3.70894 3.56215 3.40819 3.35885 3.30966 3.26032 3.21112 3.16178 3.22391 3.46172 3.38581 3.29077 3.02894 2.91852 2.88145 2.65177 2.50775 2.52230 2.60940 2.65791 2.66127 2.66127 2.66127 2.66127 2.66127 2.66127 2.66127 2.66127 2.66127 2.67760 2.76514 2.96811 3.17159 3.44308 4.16551 4.60191 4.76673 4.89254 5.02441 5.04992
2.89102 3.01133 3.13184 3.22647 3.28460 3.31856 3.31880 3.31880 3.30966 2.84294 2.98226 3.03613 3.19813 3.32756 3.30152 2.98175 3.23787 3.25101 3.26393 3.26820 3.26820 3.26820 3.26820 3.26820 3.26820 3.26430 3.09105 3.31648 3.20516 3.08372 3.08607 3.08842 3.09077 3.09312 3.09547 3.09944 3.12216 3.13792 3.11943 3.00073 2.90248 2.91105 2.80694 2.58048 2.57970 2.61970 2.66127 2.66127 2.66127 2.66127 2.66127 2.66127 2.74674 2.93647 3.16238 3.34612 3.52252 3.85762 3.89699 3.92257 3.98849 4.32096 4.72447 4.89226 4.95030 5.09882 5.09811
3.31820 3.30052 3.27534 3.25013 3.22490 3.19970 3.17447 3.14924 3.12401 2.96761 2.93416 3.12968 3.24881 3.38796 3.38796 3.07040 3.26372 3.22995 3.18619 3.14251 3.09883 3.05518 3.01138 2.96770 2.92405 2.88029 2.74383 2.88049 2.98882 3.09602 3.09834 3.09834 3.09841 3.09894 3.09978 3.11416 3.14161 3.14721 3.16898 3.10537 2.95096 2.94703 2.90275 2.59687 2.60156 2.62068 2.67992 2.79248 2.98525 3.16621 3.33697 3.49795 3.58729 3.59190 3.67543 3.70598 3.71084 3.95866 4.03055 4.03546 4.06081 4.22963 4.76728 4.99568 5.00153 5.04092 5.03204
3.10451 3.09692 3.09692 3.09692 3.09692 3.09692 3.09692 3.09731 3.10077 3.04412 2.90955 3.10292 3.17036 3.15469 3.11729 2.87060 2.81000 2.83747 2.82482 2.81214 2.79949 2.78681 2.77416 2.76151 2.74883 2.73618 2.65016 2.64860 2.85710 2.92319 2.93941 2.93823 2.94907 2.95952 2.96966 2.96668 2.96595 2.94463 2.92858 2.93527 3.09614 3.09933 3.15122 3.08051 3.20739 3.37757 3.60613 3.67487 3.67487 3.67487 3.67487 3.67487 3.67487 3.67487 3.72311 3.77919 3.77919 3.94275 4.09028 4.10239 4.11850 4.20482 4.67794 4.96581 5.00291 5.01633 5.01777
3.18656 3.20473 3.22295 3.24125 3.25940 3.27756 3.29582 3.31368 3.32838 3.33928 3.12487 3.23619 3.34253 3.23603 3.23728 3.19303 2.62604 2.54568 2.54568 2.54568 2.54568 2.54568 2.54568 2.54568 2.54568 2.54607 2.51583 2.40470 2.75384 2.82273 2.90002 2.91252 2.91297 2.91336 2.91374 2.91413 2.92765 3.04162 3.21498 3.36703 3.66489 3.81349 3.79542 3.68357 3.60562 3.60442 3.65862 3.67487 3.67487 3.67487 3.67487 3.67487 3.67967 3.70345 3.74761 3.87089 3.91158 4.04921 4.34455 4.40338 4.45925 4.47153 4.63607 4.89615 4.99390 5.00540 5.01118
3.43153 3.43153 3.43153 3.43153 3.43153 3.43153 3.43153 3.43153 3.43153 3.43153 3.26730 3.22851 3.37371 3.29028 3.21929 3.11527 2.70968 2.54568 2.54568 2.54568 2.54568 2.54593 2.54391 2.51791 2.50372 2.49229 2.47933 2.47500 2.74713 2.82947 2.91480 2.92183 3.02902 3.16149 3.28656 3.40519 3.51307 3.55053 3.67840 3.68697 3.80087 3.85333 3.81988 3.74725 3.64133 3.67083 3.76151 3.82064 3.84637 3.87205 3.89806 3.93368 3.96958 3.99629 4.04042 4.16599 4.20894 4.23902 4.52902 4.53661 4.53978 4.53949 4.57122 4.84872 4.91971 4.91104 4.90369
3.43153 3.43153 3.43153 3.43153 3.43153 3.43153 3.43153 3.43153 3.43153 3.43153 3.30327 3.00129 3.10882 2.94161 2.76815 2.75984 2.68101 2.47146 2.43558 2.40077 2.38340 2.37207 2.36300 2.37791 2.38103 2.38103 2.38992 2.59385 2.94235 3.18455 3.40274 3.51132 3.54079 3.55337 3.56629 3.57921 3.59214 3.61365 3.72122 3.78144 3.88891 4.01100 4.02069 3.97763 3.75416 3.77104 3.89566 3.95502 3.96999 3.99271 4.04569 4.09408 4.13738 4.17090 4.18459 4.25893 4.31512 4.32824 4.57697 4.66445 4.67437 4.67405 4.62886 4.83067 4.80465 4.80651 4.75873
3.43153 3.43153 3.43153 3.43153 3.43153 3.43137 3.35640 3.20941 3.03328 2.76342 2.54250 2.33284 2.63898 2.69664 2.53987 2.50933 2.51471 2.33245 2.35096 2.37469 2.38103 2.38955 2.52536 2.70078 2.86799 3.02529 3.16723 3.24399 3.35213 3.52314 3.62094 3.65485 3.66821 3.68899 3.71098 3.73298 3.75501 3.78165 3.86189 3.97039 4.02064 4.14134 4.13741 4.07378 3.83601 3.78622 3.94774 4.17399 4.22002 4.25559 4.26066 4.26066 4.26066 4.26066 4.26066 4.29142 4.36498 4.36498 4.52134 4.67496 4.66191 4.58564 4.47256 4.47794 4.45240 4.32367 4.27729
3.43153 3.42212 3.26068 3.01988 2.75224 2.45344 2.25214 2.15123 2.06476 2.05446 2.11407 2.16343 2.42630 2.68787 2.58498 2.61021 2.63060 2.46883 2.43081 2.44059 2.45037 2.95846 3.24426 3.24657 3.24657 3.24657 3.24657 3.25915 3.33724 3.62627 3.74109 3.80587 3.82245 3.82287 3.82171 3.82055 3.81939 3.81910 3.84073 3.96994 3.99436 4.16540 4.20217 4.18015 4.03430 3.91151 3.99773 4.21676 4.26066 4.26066 4.26066 4.26066 4.26066 4.26066 4.26066 4.24989 4.25429 4.17736 4.15568 4.17027 4.06052 4.01355 3.96161 3.89654 4.07584 4.04656 4.06125
2.45706 2.15083 2.05392 2.05392 2.05526 2.06694 2.11175 2.21434 2.29661 2.31922 2.29541 2.29011 2.51902 2.83034 2.73649 2.69161 2.69161 2.56693 2.47226 2.47226 2.47380 2.76644 3.27273 3.28615 3.29961 3.31308 3.32655 3.34002 3.43134 3.70859 3.82703 3.81567 3.81567 3.81567 3.81567 3.82601 3.86966 3.91230 3.97745 4.07231 4.09261 4.25752 4.28598 4.24977 4.13580 3.91407 3.96759 4.16295 4.26247 4.26979 4.25390 4.21656 4.17934 4.14210 4.10477 4.08234 3.99231 3.95162 3.94588 3.87978 3.87344 3.86958 3.86445 3.76885 3.99084 3.99342 4.05802
2.12020 2.13409 2.15874 2.24986 2.33916 2.36255 2.34265 2.28609 2.24082 2.23557 2.23557 2.23677 2.43423 2.83103 2.81713 2.75886 2.77455 2.71249 2.58657 2.60227 2.61643 2.66435 3.35590 3.37115 3.36748 3.36370 3.35992 3.35614 3.40707 3.59665 3.80570 3.79330 3.82932 3.87166 3.87858 3.85348 3.79505 3.73765 3.87016 4.07325 4.06215 4.14860 4.18799 4.16569 4.14426 3.83538 3.81370 3.94823 4.06056 4.01599 3.99469 3.99469 3.99469 3.99469 3.99469 3.99469 3.94135 3.86727 3.86727 3.81849 3.80077 3.81415 3.88649 3.92627 3.97494 4.05255 4.04452
2.31888 2.36205 2.34643 2.28876 2.22782 2.20373 2.19541 2.18669 2.17768 2.16818 2.15836 2.14812 2.27927 2.69639 2.81823 2.72126 2.71291 2.67986 2.53059 2.52618 2.52177 2.51735 3.09467 3.27873 3.27862 3.27862 3.27862 3.28024 3.34962 3.51922 3.84781 3.82341 3.76957 3.70983 3.67744 3.66616 3.65491 3.64364 3.67159 3.96951 3.92987 3.95063 3.99709 3.96169 3.98943 3.73518 3.64922 3.78239 3.99382 3.99469 3.99469 3.99469 3.99469 3.99469 3.99469 3.99469 3.97729 3.86185 3.91386 3.94520 3.94431 3.94281 3.88242 3.81790 3.85058 4.02285 4.03497
2.08457 2.04326 2.03941 2.03906 2.03906 2.03906 2.03906 2.03906 2.03906 2.03906 2.03906 2.03906 2.09364 2.49242 2.76006 2.66846 2.66370 2.66329 2.52124 2.50965 2.50965 2.50965 2.86806 3.27866 3.30695 3.35976 3.39516 3.38077 3.33485 3.31036 3.60847 3.63455 3.61628 3.60767 3.60421 3.55686 3.49444 3.43202 3.36959 3.57090 3.77425 3.79720 3.91096 3.91096 3.95993 3.82428 3.64274 3.71328 3.91973 3.93998 3.92376 3.90748 3.89128 3.88040 3.92772 3.99078 4.03128 3.94126 3.87988 3.81432 3.74031 3.74031 3.74031 3.74053 3.76854 4.01919 4.03495
2.03906 2.03906 2.03906 2.03906 2.03906 2.03906 2.03906 2.03906 2.03906 2.03906 2.03906 2.03906 2.03977 2.33635 2.76486 2.68988 2.66370 2.66370 2.55355 2.50764 2.52549 2.58292 2.74305 3.37647 3.33287 3.26426 3.21302 3.20998 3.20998 3.21701 3.42581 3.50541 3.43202 3.36959 3.31007 3.29500 3.29142 3.27737 3.26261 3.39779 3.67809 3.69273 3.81678 3.79368 3.76887 3.68518 3.48150 3.53696 3.73418 3.82730 3.88513 3.96442 4.02485 4.04807 4.00270 3.93043 3.88201 3.79195 3.71237 3.69025 3.60729 3.58257 3.56146 3.54037 3.53729 3.83495 4.06473
2.03906 2.03906 2.03906 2.03906 2.03906 2.03906 2.03906 2.03906 2.03906 2.03906 2.03906 2.03930 2.05051 2.20549 2.71704 2.70133 2.66017 2.71401 2.69243 2.62025 2.58397 2.50805 2.44000 3.09203 3.20666 3.15255 3.08076 3.00270 2.92272 2.85316 3.00425 3.23795 3.20515 3.19033 3.17558 3.16020 3.11451 3.05856 3.00154 2.98546 3.32148 3.33878 3.41337 3.40486 3.42370 3.49675 3.55657 3.67111 3.87150 3.92075 3.87000 3.79776 3.74444 3.72285 3.71174 3.71174 3.71174 3.68006 3.58433 3.58433 3.53759 3.51783 3.51783 3.51488 3.49900 3.63630 3.99109
2.03906 2.03906 2.03906 2.03906 2.03907 2.04828 2.06520 2.08212 2.09905 2.11596 2.13292 2.14958 2.15959 2.26839 2.76114 2.87314 2.75113 2.67667 2.54834 2.40915 2.46014 2.53848 2.61195 2.79251 2.80855 2.78267 2.77448 2.77252 2.77333 2.78304 2.84339 3.01222 2.91903 2.85401 2.79441 2.73676 2.72095 2.72954 2.73812 2.74671 3.06836 3.33465 3.45310 3.60796 3.67983 3.78225 3.76508 3.71653 3.78396 3.71176 3.71174 3.71174 3.71174 3.71174 3.71174 3.71174 3.71174 3.70946 3.58412 3.54925 3.46369 3.37336 3.31547 3.26072 3.22466 3.23569 3.67263
2.07991 2.09684 2.11376 2.13069 2.14760 2.15532 2.15532 2.15532 2.14955 2.15870 2.20079 2.26121 2.36318 2.41449 2.35349 2.61128 2.63226 2.70150 2.76564 2.71341 2.73788 2.73933 2.74626 2.76104 2.79252 2.79573 2.79851 2.80120 2.80315 2.80152 2.80862 2.73844 2.73808 2.78012 2.78363 2.78363 2.78363 2.78363 2.76574 2.71737 2.83667 3.29032 3.58976 3.64079 3.60044 3.64999 3.67584 3.67584 3.76520 3.72292 3.71174 3.71161 3.68595 3.58929 3.42627 3.25357 3.07008 2.87520 3.02749 3.11780 3.11205 3.12404 3.12513 3.12620 3.12728 3.15382 3.50365
2.12602 2.09461 2.06311 2.03170 2.00027 1.98676 2.02546 2.07345 2.17653 2.27579 2.38120 2.53382 2.63481 2.72657 2.68936 2.93206 2.89401 2.87737 2.87869 2.77671 2.76385 2.76592 2.76336 2.76065 2.78565 2.78781 2.78781 2.78781 2.78781 2.78781 2.79636 2.75977 2.71907 2.78264 2.77209 2.72592 2.67900 2.66469 2.67876 2.72326 2.76292 2.93545 3.45347 3.61398 3.61359 3.62185 3.59276 3.54822 3.49507 3.33738 3.12804 2.94120 2.77188 2.68916 2.69033 2.69161 2.69287 2.69412 2.87638 3.13955 3.13965 3.15199 3.15299 3.15299 3.14982 3.15372 3.34797
1.87858 1.88309 1.94233 2.01615 2.12917 2.25101 2.40174 2.57539 2.64678 2.69816 2.71837 2.68816 2.65770 2.62837 2.55373 2.59142 2.76812 2.82337 2.81812 2.77193 2.75302 2.75271 2.75240 2.75209 2.77098 2.78178 2.78147 2.78116 2.78085 2.78054 2.78188 2.73475 2.59573 2.65872 2.66546 2.70782 2.75080 2.75783 2.75252 2.74722 2.74191 2.78407 3.30049 3.49801 3.38289 3.21822 2.86560 2.71492 2.68943 2.75601 2.69498 2.69498 2.69498 2.69498 2.69498 2.69498 2.69498 2.69498 2.73920 3.13658 3.13706 3.13218 3.14046 3.17470 3.20980 3.24701 3.18686
1.99933 2.02796 2.07715 2.11158 2.11085 2.08741 2.24913 2.50261 2.49934 2.49934 2.49934 2.49934 2.49934 2.49934 2.49918 2.44870 2.66837 2.76315 2.76315 2.75731 2.74986 2.74986 2.74986 2.74986 2.75999 2.78016 2.77906 2.74906 2.70629 2.68048 2.68920 2.71070 2.64752 2.72609 2.73436 2.72905 2.72382 2.71888 2.66064 2.57830 2.49085 2.40258 2.48563 2.86231 2.91949 2.91926 2.68202 2.65309 2.65860 2.77686 2.69346 2.68772 2.68172 2.67573 2.68231 2.75328 2.82836 2.89122 2.95029 3.29789 3.40426 3.45450 3.48179 3.44929 3.44929 3.44929 3.27523
2.36366 2.05887 2.05706 2.05706 2.05706 2.05706 2.09865 2.49532 2.49934 2.49934 2.49934 2.49934 2.49934 2.49934 2.49934 2.44926 2.62255 2.75936 2.76315 2.76013 2.74986 2.74986 2.75212 2.73878 2.70702 2.71029 2.71602 2.75223 2.80117 2.83316 2.83149 2.74774 2.66908 2.62286 2.57915 2.49175 2.39833 2.30273 2.27639 2.27639 2.28127 2.30362 2.36819 2.87681 3.01208 3.03432 2.88783 2.84167 2.97806 2.98798 2.95092 3.01619 3.08686 3.14616 3.19226 3.18331 3.16527 3.15565 3.14605 3.31535 3.46979 3.46853 3.47469 3.43480 3.42916 3.42597 3.30543
