High_resolution/powerplant/Chizhou/OMI_NO2_200901.asc
ncols      200
nrows      200
xllcorner       115.585
yllcorner       28.7700
cellsize     0.0166667
NODATA_Value      -999.000
[rows 0 to 28 of 165, columns 0 to 64 of 200]
28.7141 28.2515 27.4988 24.9105 22.6397 20.8884 19.4914 18.3521 17.7944 17.5955 15.2204 9.22235 3.67148 3.93049 4.30330 5.55955 6.52206 6.95043 7.36184 7.67250 7.96888 8.32637 8.35350 8.35350 8.35350 8.90067 11.9246 13.4626 14.4263 15.1880 15.6701 19.8044 21.2642 22.5149 23.6002 24.5504 25.3795 25.6519 25.6519 25.6519 25.6519 25.6519 25.3668 22.7426 25.2296 35.8937 27.1919 21.2846 17.3415 14.6613 13.5268 12.8656 15.8116 16.0184 16.0184 16.0184 16.0184 17.7762 22.8514 10.3286 8.57899 8.57899 8.57899 8.57899 8.58769
17.1567 16.4969 15.9725 15.8892 15.8892 15.7085 15.2491 14.8321 14.7139 14.7374 13.7438 11.9398 8.68476 8.97838 8.96579 8.66343 8.40678 8.35350 8.35350 8.35803 8.62777 9.03539 9.42686 9.80117 10.1597 10.9272 15.0585 18.0281 20.1833 21.0598 20.7329 25.0565 25.6519 25.6519 25.6519 25.6519 25.6519 25.6519 25.6519 25.5115 24.3759 23.1472 21.2852 16.0143 13.5411 13.4857 12.9511 12.6735 12.5006 12.4951 12.4951 12.4951 14.4900 16.0184 16.0184 16.0184 16.0184 16.3082 22.0807 15.1371 11.0039 13.4441 14.7710 15.7815 16.5756
14.9966 14.7162 14.7299 14.7512 14.7695 14.8917 15.1813 15.4521 15.5428 14.9088 13.5740 12.2450 8.94545 9.07460 9.46930 9.79772 10.0436 10.5794 10.8588 11.1238 11.6943 12.2971 12.8599 13.3864 13.8807 14.2236 16.2106 18.3364 19.5999 19.5638 18.7240 19.4811 21.0342 25.6107 24.6403 23.3955 22.2782 21.2655 19.8563 18.0752 16.7531 15.6553 15.2108 13.1718 11.5177 12.2443 12.4951 12.4951 12.4951 12.4951 12.4960 12.4976 13.2820 15.7443 16.2607 16.7240 17.1301 17.5192 20.8983 19.3123 16.7070 18.3547 18.3547 18.3558 18.6756
14.7926 14.8525 14.7326 14.7464 14.8342 14.8952 14.6098 14.2398 13.9181 13.2502 12.8876 12.3676 10.4513 9.75365 10.1228 10.7911 11.3347 12.1808 12.8752 13.3837 13.5133 13.5133 13.5133 13.5133 13.5133 13.5133 14.2617 17.1599 17.9768 17.8824 17.0545 15.9215 16.7679 19.2666 19.2157 18.1541 16.8480 15.7342 15.0475 14.7905 14.7227 14.7227 14.7591 13.9436 11.6473 12.0540 12.8814 13.4545 13.9691 14.4301 14.8764 15.3235 15.8091 18.6578 18.8790 18.8790 18.8790 18.8783 20.6755 20.9607 17.9022 20.1755 20.5827 20.9150 20.2806
14.5430 14.7191 14.6993 14.3522 13.9740 13.6352 13.5459 13.5459 13.5539 13.4672 12.9804 12.5320 12.2016 12.3761 12.7453 12.9389 12.9384 13.2233 13.5133 13.5133 13.5133 13.5133 13.5219 13.5577 13.5955 13.6332 13.8722 15.0654 15.4295 16.0972 15.9814 14.0817 14.4062 15.0734 15.0156 14.7555 14.7497 14.7816 14.8150 14.8776 14.9513 15.0252 15.0983 15.2124 14.9848 15.4384 16.0534 16.0534 16.0534 16.0534 16.0534 16.0529 16.0257 17.6223 18.7441 18.6934 18.6427 18.5924 19.3136 21.5568 19.0065 19.0654 18.4451 17.6333 17.3957
14.1071 13.7387 13.5466 13.5822 13.6806 13.7800 13.8796 13.9791 14.0706 14.0861 13.3777 12.9490 12.6541 12.6579 12.6800 12.9373 12.9398 13.1380 13.5806 13.6184 13.6563 13.6940 13.7233 13.7253 13.7253 13.7253 13.7254 14.4842 14.3385 14.8962 14.6453 13.1038 13.0572 13.9488 15.0319 15.1039 15.1526 15.1945 15.2350 15.2463 15.2463 15.2463 15.2463 15.3742 15.6121 15.4704 16.0024 15.9839 15.9414 15.8991 15.8569 15.8151 15.7998 16.5067 18.5747 18.5747 18.1953 17.4483 16.7953 18.2141 16.5970 16.7748 17.4155 17.4238 17.4289
14.0282 13.9247 14.0241 14.0874 14.0884 14.0884 14.0884 14.0884 14.0884 14.0884 13.6219 13.1334 12.7014 12.7349 12.7790 13.0304 13.1182 13.1943 13.7253 13.7253 13.7253 13.7263 13.7789 13.8666 13.9651 14.1228 14.3017 14.3275 14.1886 15.0104 15.1131 13.9270 13.3109 13.8415 15.2463 15.2463 15.2463 15.2463 15.2463 15.2463 15.2675 15.3117 15.3560 15.4677 15.7964 15.2723 15.6327 15.7998 15.7998 15.7998 15.7998 15.7998 15.8231 15.9491 16.8468 16.1742 15.8167 15.7670 15.7177 17.3483 16.9928 16.4340 17.4289 17.4289 17.4289
14.6019 14.0884 14.0884 14.0884 14.0894 14.0923 14.0784 14.0590 14.0394 14.0200 13.8029 13.2091 12.8930 12.8769 12.8933 13.0665 13.2812 13.3594 14.0147 14.2329 14.4114 14.5896 14.7159 14.8073 14.8879 14.9093 14.9093 14.8777 14.4795 14.8869 15.1652 14.4014 13.2628 13.5009 15.2360 15.3034 15.3476 15.3919 15.4361 15.4803 15.5033 15.5033 15.5033 15.5152 15.7887 15.4649 15.4738 15.7998 15.8086 15.8318 15.8492 15.8570 15.8280 15.7501 15.6564 15.6053 15.6058 15.6058 15.6058 16.6392 17.4747 16.1564 17.3965 17.4289 17.4289
15.0791 14.2065 14.1870 14.1676 14.1471 14.1246 14.1191 14.1191 14.1261 14.1689 14.2104 13.5519 13.3494 13.3366 13.4885 13.6936 14.1689 14.2753 14.7248 14.9089 14.9093 14.9093 14.9093 14.9095 14.9125 14.9161 14.9197 14.9233 14.6052 14.7024 15.2598 14.9833 13.4128 13.5671 15.1292 15.5033 15.5033 15.5033 15.5033 15.5033 15.5033 15.5033 15.5043 15.5257 15.6240 15.5817 15.2350 15.7226 15.7082 15.6791 15.6558 15.6425 15.6424 15.6424 15.6606 15.6058 15.6058 15.6058 15.6058 15.8670 17.8563 16.4132 17.0366 17.3185 17.2884
15.3459 14.1641 14.1505 14.1981 14.2513 14.3538 14.4682 14.5825 14.6898 14.7614 14.8201 14.2880 13.8907 13.6845 13.7549 13.8268 14.2425 14.3310 14.6229 14.9260 14.9296 14.9332 14.9384 14.9331 14.9193 14.9050 14.8906 14.8763 14.6885 14.4757 15.3688 15.3675 13.7230 13.5737 14.7247 15.5033 15.5034 15.5200 15.5495 15.5790 15.6088 15.6817 15.7820 15.8446 15.7517 15.7128 15.0592 15.5931 15.6424 15.6424 15.6424 15.6424 15.6424 15.6409 15.6500 15.5925 15.5617 15.4700 15.3498 15.2296 17.2020 16.8453 16.7275 17.3646 17.3896
15.8578 14.8895 14.7334 14.8022 14.8658 14.8800 14.8706 14.6961 14.4773 14.2733 14.0874 13.9922 13.8749 13.5327 13.5294 13.6265 14.1282 14.3850 14.5465 14.9512 14.9368 14.9224 14.9064 14.9007 14.9007 14.9007 14.9007 14.9007 14.8612 14.4503 15.1915 15.4467 14.2590 13.6103 14.4388 15.6323 15.6617 15.7018 15.7698 15.8217 15.8718 15.8788 15.8575 15.8535 15.7977 15.6869 15.2021 15.4394 15.6111 15.5759 15.4626 15.3423 15.2220 15.1033 14.9948 14.9001 14.7484 14.7197 14.7197 14.7197 16.1456 17.0920 16.0658 16.7134 16.4470
16.6118 15.2882 14.7682 14.5910 14.3726 14.1687 13.9853 13.9427 13.9451 13.9455 13.9455 13.9386 13.7901 13.4046 13.3376 13.5719 13.8708 14.3143 14.3763 14.9007 14.9007 14.9007 14.9007 14.9007 14.9007 14.8958 14.8657 14.8321 14.7985 14.5823 15.0275 15.5738 14.8353 13.7009 14.1627 15.7988 15.8492 15.8724 15.8549 15.8640 15.8927 15.9216 15.8965 15.7812 15.6634 15.3666 15.1328 14.7766 14.8483 14.7633 14.7563 14.7563 14.7563 14.7563 14.7563 14.6061 14.1799 13.8159 13.4521 13.0899 13.2935 14.9151 14.6234 15.7839 15.9689
15.9239 14.9762 13.9813 13.9417 13.9445 13.9455 13.9164 13.8248 13.7312 13.6375 13.5436 13.4553 13.3841 13.1708 13.0663 13.5108 13.7010 14.2774 14.3152 14.8443 14.8791 14.8455 14.8119 14.7783 14.7447 14.7161 14.7126 14.7126 14.7126 14.6551 14.8371 15.7381 15.5497 14.1261 14.1636 15.7869 15.7717 15.6552 15.5384 15.4112 15.2660 15.1203 15.0288 15.0274 15.0274 14.8548 15.0251 14.5002 14.7563 14.5860 14.2239 13.8599 13.4960 13.1337 12.7697 12.6119 12.5605 12.5466 12.5481 12.6171 12.7770 15.1531 15.1607 16.0192 16.5170
14.5346 15.1651 13.8491 13.6891 13.5953 13.5016 13.4370 13.4348 13.4348 13.4348 13.4348 13.4348 13.4121 13.2755 12.9932 13.3814 13.5089 14.1096 14.1882 14.5481 14.7126 14.7126 14.7126 14.7126 14.7126 14.6975 14.6519 14.6036 14.5347 14.4675 14.5995 15.1376 15.1888 13.8277 13.4781 14.5488 15.0274 15.0274 15.0274 15.0274 15.0274 15.0274 15.0274 14.8730 14.4352 13.8882 13.5934 12.8681 12.7378 12.5833 12.5833 12.5833 12.5833 12.5833 12.5833 12.5883 12.7037 12.8173 12.9795 13.1780 13.3445 15.1294 15.9106 16.2401 16.8992
13.0916 14.8804 13.6581 13.4348 13.4348 13.4348 13.4348 13.4348 13.4347 13.4311 13.4259 13.4206 13.4141 13.3369 12.8636 13.0830 13.3694 13.8349 14.1018 14.3388 14.6051 14.5423 14.4636 14.3674 14.2697 14.1871 14.1349 14.0856 14.0569 14.0569 14.2298 14.5573 14.8417 14.0848 13.4162 14.1948 15.0274 14.9360 14.5206 14.0758 13.6309 13.1869 12.7420 12.4518 12.4456 12.4238 12.3784 12.4052 12.4663 12.5833 12.5833 12.5860 12.6184 12.6672 12.7501 12.8603 13.1927 13.6365 13.7452 13.7501 13.7501 14.6636 16.0330 15.9348 16.8992
11.9572 14.5563 13.8436 13.2197 13.2061 13.1923 13.1785 13.1647 13.1510 13.1406 13.1321 13.1235 13.1112 13.0585 12.6606 12.4692 12.9024 13.1983 13.3913 13.5808 14.1123 14.0771 14.0583 14.0567 14.0567 14.0567 14.0567 14.0829 14.1992 14.3227 14.5510 14.8818 15.1578 14.2555 12.2927 12.2952 12.8275 12.4743 12.4456 12.4456 12.4456 12.4456 12.4456 12.4456 12.4456 12.4457 12.3298 12.5703 12.5009 12.7465 12.8437 12.9552 13.0373 13.1029 13.1343 13.1343 13.2498 13.7360 13.7501 13.7501 13.7501 14.0457 16.0787 15.7983 16.7612
11.1463 13.8420 14.3441 13.1048 13.1005 13.0987 13.0936 13.0874 12.9848 12.8195 12.6538 12.4886 12.3268 12.1533 11.8016 11.5046 12.4180 12.9408 13.2927 13.4361 14.2914 14.4151 14.5386 14.6622 14.7858 14.9089 14.8883 14.7242 14.4866 14.2907 14.1339 14.1389 14.2620 14.0866 11.5715 11.7447 12.4464 12.4456 12.4456 12.4456 12.4541 12.4758 12.4983 12.5215 12.5508 12.5910 12.5781 12.9697 12.7837 13.1151 13.1343 13.1343 13.1343 13.1343 13.1343 13.1343 13.1418 13.6135 13.6569 13.5967 13.5082 13.3642 15.0620 14.9418 14.9157
11.0434 12.9380 14.5047 12.8294 12.5540 12.3901 12.2298 12.0705 12.0157 12.0567 12.0003 11.8707 11.7129 11.5915 11.9467 11.4655 12.0505 12.8563 14.8548 14.9811 15.9774 15.9111 15.7102 15.5062 15.2997 15.0908 15.0419 15.1248 15.1896 15.1931 15.1982 15.3969 15.5087 15.6070 12.9998 12.5958 12.5219 12.5168 12.5393 12.5618 12.5808 12.6095 12.6822 12.7562 12.8240 12.8806 12.8476 13.0283 12.9011 13.0747 13.0814 13.0212 12.9601 12.8462 12.7010 12.5556 12.4106 12.6204 12.8290 12.7441 12.6873 12.6858 13.7801 14.3967 14.2284
11.0584 12.7491 14.3577 13.2732 12.7053 12.6899 12.5832 12.4510 12.2789 12.0596 11.9494 11.9181 11.9164 11.9164 12.2643 11.7911 11.6645 12.6257 14.0933 14.3700 14.8709 15.1931 15.1931 15.1931 15.1931 15.1931 15.1931 15.1931 15.1954 15.2213 15.2535 15.3920 15.5539 15.6469 13.9721 12.7000 12.6462 12.6222 12.6966 12.7709 12.8404 12.8863 12.8779 12.7955 12.6990 12.5977 12.4490 12.2986 12.1756 12.1304 12.2706 12.1857 12.1014 12.0700 12.0700 12.0700 12.0700 12.2086 12.5819 12.3023 12.0019 11.6998 11.9148 12.5715 12.2072
10.3798 13.3279 14.2486 13.5292 12.1743 12.0216 11.9613 11.9241 11.9164 11.8505 11.5748 11.2833 10.9919 10.7004 10.5966 10.5802 10.3882 11.6739 13.0436 14.1601 14.6411 15.1931 15.1931 15.2089 15.2411 15.2733 15.3055 15.3377 15.3676 15.3738 15.3738 15.3987 15.5549 15.6002 14.5270 12.3818 12.2637 12.6916 12.5877 12.4375 12.2797 12.1220 11.9743 11.8991 11.8376 11.7813 11.7703 11.6890 11.7985 11.6866 12.0700 12.0700 11.9859 11.6953 11.3938 11.0932 10.7920 10.5079 10.8055 10.8879 10.8879 10.8823 10.8789 12.1521 11.8336
7.49331 12.2742 13.3280 13.8988 11.7740 11.4459 11.1545 10.8630 10.5714 10.3461 10.3304 10.3304 10.3304 10.3304 10.3547 10.7225 10.3064 11.3191 12.4901 14.2395 14.5289 15.3253 15.3575 15.3738 15.3738 15.3738 15.3738 15.3738 15.3682 15.2608 15.1152 14.9510 14.9156 15.0605 14.5614 11.2933 11.2215 11.7107 11.7778 11.7703 11.7703 11.7703 11.7703 11.7703 11.7703 11.7703 11.6960 11.2848 11.0591 10.5920 10.7866 10.4998 10.2821 10.2720 10.2720 10.2720 10.2720 10.2708 10.5601 10.7136 10.6116 10.5112 10.4746 11.4893 11.6317
5.65671 10.1294 10.8750 11.9819 10.6936 10.3304 10.3304 10.3304 10.3304 10.3304 10.3304 10.3297 10.2541 10.1282 10.0023 10.2381 10.4182 11.0279 12.1192 14.2708 14.4050 15.3735 15.3658 15.3551 15.3270 15.0999 14.8071 14.5141 14.2269 14.0414 13.8943 13.7693 13.8914 14.6950 14.7886 11.5350 11.0993 11.4354 11.7703 11.7703 11.7353 11.4262 11.0602 10.6950 10.3286 9.96235 9.67030 9.62899 9.64670 9.74664 10.1401 10.2720 10.2720 10.2720 10.2379 10.1708 10.1122 9.98349 10.0689 10.4769 10.4700 10.4599 10.4596 11.0728 11.6461
5.55004 7.85621 9.59115 11.5106 11.1525 10.2869 10.2641 10.1475 10.0189 9.89055 9.76196 9.63427 9.58139 9.57878 9.56842 9.72627 10.2032 10.4273 11.6330 13.2002 13.8210 14.5275 14.3672 14.0851 13.8202 13.7546 13.7545 13.7545 13.7545 13.7545 13.7545 13.7249 13.6767 14.2945 14.5081 12.1077 10.4625 10.2179 10.4012 10.0348 9.70386 9.64630 9.64630 9.64630 9.64630 9.64630 9.64630 9.64630 9.60120 9.76281 10.0037 10.2230 10.1565 10.0077 9.87418 9.77381 9.66476 9.62719 9.68246 10.4154 10.4596 10.4596 10.4596 10.7222 11.6915
5.05577 6.09813 7.89393 9.81808 10.3163 9.17359 9.04392 9.01661 8.99712 8.96005 8.92018 8.86223 8.76290 8.66252 8.56850 8.52131 8.97486 9.02419 9.74943 10.8431 12.7956 13.4408 13.7407 13.6630 13.5777 13.4923 13.4068 13.3215 13.2361 13.0286 12.6389 12.2770 11.9780 12.1350 12.3242 11.0396 8.97527 8.97574 9.55336 9.64630 9.64630 9.64630 9.64630 9.63719 9.60389 9.56939 9.52536 9.42526 9.36663 9.51599 9.44496 9.74681 9.64588 9.62719 9.62719 9.62719 9.62719 9.62719 9.62719 10.2055 10.4467 10.3742 10.2943 10.2164 11.2191
4.24572 3.80765 6.69617 8.34205 9.90416 9.00616 8.68785 8.60282 8.52095 8.45670 8.39521 8.35162 8.36356 8.43092 8.52409 8.63085 8.63947 8.85726 9.49540 10.3450 12.0597 12.6223 13.0162 12.9663 12.6950 12.3888 12.0828 11.7765 11.4703 11.2862 11.2844 11.2844 11.2860 11.4937 12.2264 11.7965 8.97527 8.97061 9.30430 9.57657 9.54203 9.50749 9.47009 9.38933 9.26784 9.08288 8.90715 8.78714 8.73011 9.06590 9.10526 9.59671 9.62719 9.59333 9.51358 9.43382 9.33716 9.18641 9.03181 9.20045 9.55970 9.48549 9.41070 9.33955 10.2292
4.57584 3.61608 6.05716 7.46668 9.19250 8.88912 8.39951 8.45469 8.52299 8.64528 8.76943 8.87825 8.97133 9.01070 9.02417 9.02414 8.96389 9.06573 9.32086 9.79177 10.9941 11.3654 11.5836 11.3191 11.2844 11.2844 11.2844 11.2844 11.2844 11.2844 11.2844 11.2833 11.2588 11.2661 12.0423 12.1144 9.18655 8.77924 8.92521 9.40361 9.25807 9.07275 8.89029 8.76023 8.69509 8.69458 8.67920 8.65152 8.62608 8.85624 8.86508 8.91151 8.82233 8.70159 8.62640 8.55161 8.49357 8.48960 8.48960 8.57753 9.28622 9.30677 9.20587 9.09256 9.42669
4.73786 3.77369 5.19281 7.04196 9.17738 9.87028 8.98685 9.02017 9.05856 9.04301 9.02570 9.02414 9.01293 8.94921 8.87880 8.80843 8.72583 8.64074 8.68266 8.76258 9.83014 10.6967 11.2844 11.2844 11.2844 11.2844 11.2710 11.2378 11.2044 11.1709 11.1376 11.1054 11.0964 11.1158 11.7038 12.0441 9.98823 8.72468 8.72293 8.72578 8.64980 8.62221 8.60528 8.59685 8.58836 8.57997 8.58690 8.60611 8.62535 8.60800 8.36821 8.40803 8.48960 8.48960 8.48960 8.47434 8.37432 8.26128 8.14831 8.03527 8.54360 8.65695 8.64393 8.64393 8.74205
4.77722 4.26902 4.53992 7.17367 9.03719 10.3232 9.29357 8.98873 8.91831 8.84794 8.77753 8.70712 8.64796 8.64126 8.64126 8.64126 8.64126 8.58004 8.73623 8.69330 9.42347 10.6040 11.1432 11.1833 11.1499 11.1165 11.0965 11.0964 11.0964 11.0964 11.0964 11.1050 11.1566 11.2109 11.4928 11.9186 10.7318 8.66959 8.66130 8.62199 8.60725 8.62641 8.63488 8.63488 8.63488 8.63488 8.63488 8.63488 8.63488 8.65355 8.27250 8.14390 8.14946 8.03635 7.92311 7.82451 7.81150 7.81150 7.81150 7.81150 8.17454 8.69559 8.79152 8.86868 8.92125
5.59515 5.21786 4.27153 6.75037 7.92779 9.98621 9.27762 8.64126 8.64126 8.64126 8.64126 8.64126 8.64126 8.64126 8.64133 8.67538 8.73793 8.73739 8.65750 8.55655 8.91918 10.4329 10.8910 11.0964 11.0964 11.0814 11.0428 11.0126 11.0066 10.9734 10.9399 10.8979 10.8128 10.7325 10.7765 11.8917 11.4891 8.71671 8.71671 8.69498 8.63488 8.63488 8.63488 8.63060 8.54476 8.42798 8.31120 8.19442 8.07764 7.98699 7.79044 7.67657 7.79736 7.81150 7.81150 7.81150 7.81099 7.78675 7.74434 7.68813 7.78421 8.64060 8.80158 8.76182 8.73576
