High_resolution/powerplant/Chizhou/OMI_NO2_201003.asc
ncols      200
nrows      200
xllcorner       115.585
yllcorner       28.7700
cellsize     0.0166667
NODATA_Value      -999.000
[rows 87 to 115 of 165, columns 67 to 133 of 200]
5.75732 6.31038 7.84793 7.86000 7.86000 7.86000 7.86000 7.86000 7.86000 7.86000 7.80187 7.60409 7.40017 7.19624 6.99232 6.84575 6.83937 6.94560 8.69457 10.0175 9.92635 9.92635 9.92635 9.92635 9.92635 9.92635 9.92635 9.92635 9.92635 9.92635 9.92635 9.92635 9.89460 9.70738 9.50740 9.33234 11.1178 11.2979 10.1379 8.41865 8.53151 8.66541 8.82653 8.95693 8.96113 8.96113 8.96113 8.96113 8.96113 8.95778 8.92308 8.80988 9.58790 10.4103 10.4715 10.5042 10.5042 10.5074 12.6306 12.8664 12.8664 12.8664 12.7855 12.0576 11.1897 10.3220 9.69561
5.54139 6.15936 7.50151 7.86000 7.86000 7.80187 7.60409 7.40017 7.19624 6.99232 6.84575 6.83937 6.83937 6.83937 6.83937 6.83937 6.83937 6.83944 7.62717 10.0753 9.92635 9.92635 9.92635 9.92635 9.92635 9.92635 9.92635 9.87282 9.67304 9.46533 9.25762 9.05012 8.87417 8.85346 8.76426 8.47902 9.73477 10.2599 9.89878 8.96919 8.96113 8.96113 8.96113 8.96113 8.94998 8.90929 8.86695 8.82462 8.78235 8.74339 8.73571 8.90129 9.32362 10.5042 10.5042 10.5042 10.5042 10.5042 11.9760 12.3296 11.4616 10.5940 9.80694 9.66713 9.66713 9.66713 9.66713
5.40962 5.84339 6.54508 7.19624 6.99232 6.84575 6.83937 6.83937 6.83937 6.83937 6.83937 6.83937 6.83937 6.83937 6.83937 6.83937 6.83937 6.83937 7.23973 9.64050 9.92635 9.92635 9.84524 9.63882 9.43100 9.22339 9.01590 8.86162 8.85346 8.84895 8.64054 8.32145 8.00250 7.68369 7.45487 7.46429 8.35552 9.88939 9.88935 9.20528 8.89538 8.85306 8.81080 8.76844 8.73728 8.73571 8.73571 8.73571 8.73571 8.73571 8.73571 8.81917 9.03573 10.3730 10.5042 10.5042 10.5042 10.5042 10.3168 9.66713 9.66713 9.66713 9.52722 8.99505 8.38571 7.55027 6.78038
5.19345 5.16091 5.48617 6.83937 6.83937 6.83937 6.83937 6.83937 6.83937 6.83937 6.83937 6.83937 6.83937 6.83937 6.83937 6.83937 6.83937 7.11799 7.92603 10.1905 9.48067 8.98156 8.85486 8.85346 8.85346 8.79939 8.50818 8.18937 7.87014 7.55583 7.44529 7.44529 7.44529 7.44404 7.42508 7.40861 7.60008 9.76376 9.75173 9.35087 8.73571 8.73571 8.73571 8.73571 8.73571 8.73571 8.73571 8.73571 8.73571 8.73571 8.73571 8.74654 9.01644 9.96294 10.5042 10.5042 10.4877 9.92087 9.08456 8.16385 7.38417 6.60851 6.04332 5.85274 5.71962 5.70287 5.70287
5.19132 5.17629 5.14842 6.67968 6.83937 6.83937 6.83937 6.83937 6.83937 6.83937 6.83937 6.83937 7.12379 7.73448 8.34303 8.95036 9.56135 9.89373 9.91730 10.8232 10.1449 8.69504 8.37595 8.05686 7.73819 7.47303 7.44529 7.44529 7.44247 7.42115 7.39644 7.37173 7.34701 7.32357 7.31783 7.31817 7.32089 9.24507 9.73911 9.60874 8.73571 8.73571 8.73571 8.73571 8.73571 8.73571 8.73571 8.73571 8.73571 8.73571 8.73571 8.64434 8.41094 8.27658 7.84231 7.00602 6.18807 5.92183 5.85614 5.44695 5.70287 5.70287 5.70287 5.70287 5.70287 5.70287 5.70287
5.19132 5.18957 5.14084 6.19177 6.83937 6.83937 6.83937 7.12960 7.74059 8.34670 8.95647 9.56746 9.89404 9.89435 9.89435 9.89435 9.89955 9.97631 10.0601 10.4998 9.83410 7.44529 7.44529 7.44030 7.41722 7.39251 7.36782 7.34309 7.32121 7.31783 7.31783 7.31783 7.31783 7.31783 7.31783 7.31783 7.32050 8.55418 9.73911 9.73804 8.90824 8.73571 8.73571 8.73571 8.73571 8.73571 8.52099 8.04587 7.56974 7.09234 6.61646 6.23195 6.32481 6.44416 5.92703 5.92183 5.92183 5.92183 5.92183 5.28823 5.70287 5.70287 5.70287 5.69172 5.57215 5.42471 5.27759
5.19132 5.19132 5.31056 6.32167 8.35158 8.96258 9.57357 9.89435 9.89435 9.89435 9.89435 9.89435 9.91345 10.0019 10.0810 10.1466 10.1993 10.2114 10.2330 10.4500 10.5300 7.41653 7.33918 7.31948 7.31783 7.31783 7.31783 7.31783 7.31783 7.31783 7.31783 7.31783 7.31783 7.31783 7.31783 7.31783 7.31948 7.86573 9.73911 9.73911 9.24614 8.36617 7.88978 7.41289 6.93675 6.46062 6.19819 6.19768 6.19768 6.19768 6.19768 6.19768 6.24237 6.48826 6.04292 5.92183 5.92183 5.92183 5.80888 5.03089 5.25563 5.20561 5.05873 4.92236 4.89497 4.89497 4.89497
6.37651 6.73723 6.92091 7.05928 9.83187 9.89435 9.89435 9.89435 9.93517 10.0260 10.1009 10.1633 10.2073 10.2330 10.3085 10.3865 10.4646 10.5426 10.5989 10.5940 10.6031 8.15793 7.31783 7.31783 7.31783 7.31783 7.31783 7.31783 7.31783 7.31783 7.31783 7.31783 7.31783 7.31783 7.31783 7.32659 7.38355 7.47793 8.71142 8.43592 7.76670 6.19768 6.19768 6.19768 6.19768 6.19768 6.19768 6.19768 6.19768 6.19768 6.19768 6.19768 6.19004 6.21771 5.65389 5.07870 4.78430 4.48958 4.30829 4.19886 4.47751 4.89497 4.89497 4.89497 4.89497 4.83597 4.59739
6.94326 6.94326 6.93709 6.89688 9.24963 10.0489 10.1198 10.1791 10.2321 10.3077 10.3858 10.4642 10.5426 10.5989 10.6015 10.6015 10.6015 10.6015 10.6015 10.6015 10.5580 9.14129 7.31783 7.31783 7.31783 7.31783 7.31783 7.31783 7.31783 7.31783 7.33322 7.39354 7.45671 7.51987 7.58307 7.63751 7.64457 7.67989 8.02404 8.24521 8.29566 6.37065 6.19768 6.19768 6.19768 6.19768 6.19768 6.16898 6.04646 5.91684 5.78721 5.65752 5.53562 5.13473 4.74604 4.30603 4.30603 4.30603 4.30603 4.30529 4.15653 4.87691 4.67454 4.42382 4.17291 3.98110 3.96878
7.19223 7.66571 7.94162 8.16278 9.21311 10.3858 10.4638 10.5418 10.5987 10.6015 10.6015 10.6015 10.6015 10.6015 10.6015 10.6015 10.6015 10.6015 10.6015 10.6015 10.5729 10.0732 7.31783 7.31783 7.31783 7.34175 7.40439 7.46756 7.53079 7.59392 7.64173 7.64460 7.64839 7.71130 7.79451 7.87768 7.96086 8.01393 8.16314 8.41479 8.41479 7.14045 6.13456 6.00493 5.87517 5.74555 5.61599 5.51500 5.50782 5.50782 5.50782 5.50782 5.50782 5.31399 4.86589 4.34653 4.30603 4.30603 4.30603 4.30603 4.00888 4.00586 3.96878 3.96878 3.96878 3.91768 3.65249
7.61569 8.27962 8.30700 8.46792 8.92372 10.6015 10.6015 10.6015 10.6015 10.6015 10.6015 10.6015 10.6015 10.6015 10.6015 10.6015 10.6015 10.6015 10.6015 10.6015 10.2256 9.49563 7.53967 7.54160 7.60477 7.64411 7.64460 7.64460 7.66633 7.74627 7.82944 7.91269 7.99203 8.01230 8.01230 8.01230 8.01046 7.96181 7.89514 8.16968 8.08568 7.32092 5.50782 5.50782 5.50782 5.50782 5.50782 5.50782 5.50782 5.50782 5.50782 5.50782 5.50782 5.47707 4.88784 4.49969 4.30603 4.30603 4.30603 4.30444 3.84896 3.40780 3.22341 2.93160 2.60973 2.30626 2.23208
7.60956 8.13713 8.31897 8.38674 8.60003 10.3423 10.6015 10.6015 10.6015 10.6015 10.6015 10.6015 10.6015 10.6015 10.6015 10.2397 9.47812 8.71652 7.95492 7.19332 6.79225 6.75016 7.38651 7.64545 7.69810 7.78124 7.86445 7.94758 8.00910 8.01230 8.01230 8.00785 7.96802 7.92061 7.87321 7.82575 7.78018 7.73567 7.55544 7.87493 7.95488 7.82389 5.55052 5.50782 5.50782 5.50782 5.50782 5.50782 5.50782 5.50782 5.50782 5.50782 5.50782 5.50782 4.99342 4.23479 3.11290 2.53427 1.95500 1.37891 1.15732 1.57373 2.19821 2.18405 2.18405 2.18405 2.18405
7.60956 7.91820 8.31897 8.32349 8.58054 9.76065 10.6015 10.6015 10.6015 10.6015 10.2321 9.47050 8.70890 7.94768 7.19332 6.79348 6.79348 6.79348 6.79348 6.77678 6.64468 6.45583 7.12049 7.98174 8.01230 8.01230 8.00408 7.96066 7.91325 7.86580 7.81839 7.77543 7.76781 7.76781 7.76781 7.76781 7.76781 7.76774 7.58282 7.76087 7.95488 7.95488 6.28030 5.50782 5.50782 5.50782 5.50782 5.50782 5.50782 5.39086 5.08203 4.77170 4.46020 4.14854 3.58895 3.00764 1.14007 1.13197 1.13197 1.13197 1.13197 1.13339 2.07981 2.18405 2.18405 2.18405 2.18860
7.60956 7.70015 8.31813 8.31897 8.50373 8.87480 9.47050 8.70890 7.94730 7.18570 6.79348 6.79348 6.79348 6.79348 6.79348 6.75166 6.60300 6.44907 6.29515 6.15786 6.13597 6.09908 6.50775 7.89214 7.85844 7.81103 7.77182 7.76781 7.76781 7.76781 7.76781 7.76781 7.76781 7.76781 7.76781 7.76781 7.76781 7.76781 7.64343 7.64701 7.95488 7.95488 7.06125 5.50118 5.28803 4.97720 4.66570 4.35438 4.04388 3.84917 3.84651 3.84651 3.84651 3.84651 3.73317 3.21115 1.52365 1.13197 1.13197 1.13197 1.13197 1.15893 1.95762 2.51199 2.69312 2.90441 3.14354
7.41486 6.83450 6.82376 6.36229 5.87420 5.77352 6.75392 6.79348 6.79348 6.79348 6.79348 6.71530 6.56131 6.40739 6.25340 6.14129 6.11403 6.03563 5.95438 5.87314 5.79189 5.74420 5.91685 7.58235 7.76781 7.76781 7.76781 7.76781 7.76781 7.76781 7.76781 7.76781 7.76781 7.76781 7.76781 7.76781 7.76781 7.76781 7.72508 7.73056 7.59604 7.32314 6.78994 3.94453 3.84651 3.84651 3.84651 3.84651 3.84651 3.84651 3.84651 3.84651 3.84651 3.84651 3.84499 3.28649 2.25422 1.32272 1.46924 1.65598 1.90275 2.13493 2.49576 3.21722 3.21722 3.21722 3.21722
4.75671 4.74640 5.10768 5.45581 5.47945 5.73355 6.47811 6.67348 6.51962 6.36570 6.21171 6.11403 6.03563 5.95438 5.87314 5.79189 5.73258 5.72974 5.72974 5.72974 5.72974 5.72974 5.82051 7.08266 7.76781 7.76781 7.76781 7.76781 7.76781 7.76781 7.76781 7.76781 7.76781 7.80469 7.96582 8.13695 8.30843 8.47956 8.62074 8.44585 7.11101 6.02208 5.47536 4.00084 3.84651 3.84651 3.84651 3.84651 3.84651 3.84651 3.83167 3.75202 3.66479 3.57751 3.49033 4.62132 5.27780 2.14623 2.14623 2.14623 2.14623 2.14623 2.14879 3.13692 3.18580 3.02002 2.77807
4.74640 4.74640 4.87008 5.29420 5.14027 5.20607 5.53710 6.03563 5.95438 5.87314 5.79189 5.73258 5.72974 5.72974 5.72974 5.72974 5.72974 5.72974 5.72974 5.72974 5.72974 5.72974 5.78837 6.50536 7.76781 7.76781 7.76781 7.76781 7.82582 7.99430 8.16552 8.33673 8.50778 8.64212 8.65220 8.60252 8.14624 7.60001 7.05378 6.35260 5.43214 4.43572 4.43572 4.16527 3.84651 3.81013 3.72323 3.63585 3.54848 3.46120 3.38886 3.38128 3.38128 3.38128 3.38128 3.96314 6.22226 2.37618 2.14623 2.14623 2.14623 2.14623 2.14623 2.37419 2.18120 2.14623 2.14623
4.48018 4.38915 4.43757 5.07993 5.30368 5.09741 4.80893 5.72910 5.72974 5.72974 5.72974 5.72974 5.72974 5.72974 5.72974 5.72974 5.72974 5.72974 5.72974 5.72974 5.72974 5.72974 5.75676 5.91412 7.85286 8.19382 8.36495 8.53599 8.64954 8.65220 8.65220 8.45830 7.91931 7.37283 6.82660 6.33029 6.24058 6.24058 6.24058 6.14416 5.83558 4.34227 4.27599 4.08534 3.43245 3.38160 3.38128 3.38128 3.38128 3.38128 3.38128 3.38128 3.38128 3.38128 3.38128 3.47869 6.21933 3.46734 2.14623 2.14623 2.14623 2.14623 2.14623 2.09317 1.98601 1.87885 1.77162
4.88466 5.01681 5.02917 5.35476 5.58537 5.39959 4.67214 5.55559 5.72974 5.72974 5.72974 5.72974 5.72974 5.72974 5.72974 5.72974 5.72974 5.72974 5.63954 5.44072 5.24167 5.04262 4.84548 4.83810 7.39495 8.65220 8.63387 8.23836 7.69189 7.14614 6.59967 6.24733 6.24058 6.24058 6.24094 6.24468 6.24925 6.25383 6.25840 6.17480 5.71806 4.43719 4.12556 4.11547 3.44652 3.38128 3.38128 3.38128 3.38128 3.38128 3.38128 3.38128 3.38128 3.38128 3.38128 3.38128 5.20091 4.61608 2.04012 1.93296 1.82579 1.71834 1.61088 1.55676 1.55676 1.55676 1.55676
5.02917 5.02917 5.02917 5.18318 5.58537 5.58017 4.75715 5.24826 5.72974 5.72974 5.72974 5.72974 5.72974 5.63954 5.44072 5.24167 5.04262 4.84357 4.73409 4.73383 4.73383 4.73383 4.71070 4.66844 5.56012 6.91897 6.39082 6.24058 6.24058 6.24126 6.24536 6.24979 6.25451 6.25908 6.26329 6.26412 6.26412 6.26412 6.26412 6.26379 5.78502 4.89219 4.12556 4.12556 3.70563 3.38128 3.38128 3.38128 3.38128 3.38128 3.38128 3.38128 3.27397 2.95739 2.63549 2.31376 2.48255 2.80026 1.55781 1.55676 1.55676 1.55676 1.55676 1.55676 1.55676 1.55676 1.55676
5.02917 5.02917 5.02917 5.04285 5.55462 5.58537 5.01732 4.94087 5.63954 5.44072 5.24167 5.04262 4.84357 4.73409 4.73383 4.73383 4.73383 4.73383 4.68467 4.55913 4.43286 4.30636 4.20308 4.23577 4.30434 6.17753 6.25061 6.25519 6.25976 6.26365 6.26412 6.26412 6.26412 6.26412 6.26412 6.26412 6.26412 6.26412 6.26412 6.26412 5.93990 5.34634 4.12556 4.12556 3.92193 3.38128 3.37784 3.17320 2.85112 2.52922 2.20649 1.88456 1.66978 1.66446 1.66446 1.66446 1.80046 2.87097 1.77012 1.55676 1.55676 1.55676 1.55676 1.55676 1.53333 1.45076 1.38548
5.02917 5.02917 5.02917 4.98707 5.22917 5.28924 4.85831 4.13419 4.69532 4.73383 4.73383 4.73383 4.73383 4.73226 4.65068 4.52441 4.39786 4.27150 4.19426 4.19943 4.22264 4.24690 4.27116 4.29856 4.32464 5.65256 6.26412 6.26412 6.26412 6.26412 6.26412 6.26412 6.26412 6.26412 6.26412 6.26412 6.26412 6.26412 6.26412 6.26412 6.09474 5.64578 3.99675 3.70071 3.43202 2.12306 1.78172 1.66446 1.66446 1.66446 1.66446 1.66446 1.66446 1.66446 1.66446 1.66446 1.66845 2.67906 2.13680 1.49178 1.41616 1.35886 1.31423 1.27843 1.25508 1.25353 1.25353
4.75152 4.62338 4.49511 4.40887 4.60329 4.96271 4.90836 4.06664 4.51077 4.72194 4.61596 4.48945 4.36315 4.23825 4.19943 4.22264 4.24690 4.27116 4.29543 4.31366 4.31472 4.31472 4.31472 4.31472 4.32524 5.10439 6.26412 6.26412 6.26412 6.26412 6.26412 6.26412 6.26412 6.26412 6.26412 6.26412 6.17424 5.74189 5.27638 4.81063 4.31847 3.39513 3.09253 2.90935 2.79224 1.97670 1.66446 1.66446 1.66446 1.66446 1.66446 1.66446 1.66446 1.66985 1.70325 1.74079 1.77820 1.95983 1.75530 1.25353 1.25353 1.25353 1.25353 1.25353 1.25353 1.25353 1.25353
4.40650 4.40650 4.40650 4.40650 4.44266 4.92053 4.80988 3.99860 3.90687 4.21975 4.22264 4.24690 4.27116 4.29543 4.31366 4.31472 4.31472 4.31472 4.31472 4.31472 4.31472 4.31472 4.31472 4.31472 4.32151 4.56037 6.26412 6.26412 6.26412 6.26412 6.26412 6.12065 5.66667 5.20044 4.73541 4.26966 3.89403 3.86087 3.84436 3.74014 3.62303 3.10067 2.71659 2.46353 2.46353 2.17447 1.66446 1.66446 1.67851 1.71560 1.75299 1.79047 1.82796 1.85999 1.86400 1.86400 1.86400 1.88081 1.88929 1.27837 1.25353 1.25353 1.25353 1.25353 1.25353 1.25353 1.25353
4.40650 4.46284 4.60935 4.75702 4.88727 4.47267 4.22169 3.87392 3.67889 4.31065 4.31472 4.31472 4.31472 4.31472 4.31472 4.31472 4.31472 4.31472 4.31472 4.31472 4.31472 4.31472 4.31472 4.31472 4.31777 4.31038 5.76902 5.59073 5.12522 4.65971 4.19396 3.87192 3.86087 3.86087 3.80803 3.69103 3.57392 3.45687 3.35621 3.34338 3.34338 3.09287 2.76437 2.48205 2.50586 2.44585 1.80276 1.84021 1.86368 1.86400 1.86400 1.86400 1.86400 1.86400 1.86400 1.86400 1.86400 1.86800 1.91034 1.44172 1.25353 1.25353 1.25353 1.25353 1.25353 1.25353 1.25935
4.83709 4.83310 4.73903 4.64376 4.56591 4.30183 3.95999 3.90399 3.63036 4.18125 4.31472 4.31472 4.31472 4.31472 4.31472 4.31472 4.31472 4.31472 4.31472 4.31472 4.31472 4.30179 4.27287 4.24392 4.21520 4.19803 3.93915 3.86087 3.86087 3.85290 3.75908 3.64197 3.52486 3.40776 3.34354 3.34338 3.34338 3.33679 3.26423 3.17480 3.08532 2.97378 2.92223 2.65909 2.59655 2.59650 2.01151 1.86400 1.86400 1.86400 1.86400 1.86400 1.86400 1.86400 1.86400 1.86400 1.86400 1.86400 1.90124 1.62637 1.25479 1.26648 1.28055 1.29553 1.53645 1.46689 1.33089
4.55851 4.55851 4.55851 4.55851 4.55851 4.48409 3.96088 3.95966 3.67025 3.98308 4.31472 4.31472 4.31472 4.31472 4.31472 4.31472 4.30151 4.27258 4.24363 4.21467 4.18576 4.16997 4.16993 4.16993 4.16993 4.19623 4.03778 3.59286 3.47581 3.36667 3.34338 3.34338 3.33037 3.25026 3.16087 3.07131 2.98191 2.89907 2.88214 2.88214 2.88214 2.88237 2.92515 2.75374 2.59655 2.59655 2.26435 1.86400 1.86400 1.86400 1.86400 1.86400 1.86400 1.86400 1.86400 1.81911 1.67348 1.52436 1.39928 1.35692 1.75164 2.05754 2.31195 2.52728 2.61061 2.07958 1.33095
4.55851 4.55851 4.55851 4.55851 4.55851 4.55851 4.07047 3.95999 3.76539 3.78482 4.31472 4.30124 4.27229 4.24334 4.21438 4.18560 4.16996 4.16993 4.16993 4.16993 4.16993 4.20370 4.26813 4.33258 4.39713 4.44844 4.35112 3.32640 3.23633 3.14689 3.05746 2.96793 2.89155 2.88214 2.88214 2.88214 2.88214 2.88214 2.88214 2.88214 2.88214 2.88214 2.91127 2.84846 2.59655 2.59655 2.46179 1.86400 1.86400 1.86320 1.77414 1.62518 1.47566 1.32669 1.18470 1.35925 1.70894 2.00225 2.25763 2.45368 2.59205 2.61061 2.61061 2.61061 2.61061 2.40956 1.33095
4.55851 4.55851 4.55851 4.55851 4.55851 4.55851 4.26634 4.00368 3.93693 3.74618 4.15650 4.16994 4.16993 4.16993 4.16993 4.16993 4.17291 4.22177 4.28625 4.35071 4.41513 4.44584 4.43235 4.38413 4.33416 4.27766 4.07095 3.12509 2.88214 2.88214 2.88214 2.88214 2.88214 2.88214 2.88214 2.88214 2.88214 2.88214 2.88214 2.88214 2.88214 2.88214 2.89773 2.92400 2.60659 2.50429 2.39537 1.51180 1.27807 1.12974 1.18895 1.56058 1.87855 2.14503 2.36805 2.43633 2.43633 2.43633 2.43681 2.46546 2.55192 2.61111 2.67327 2.78944 2.92185 3.06774 1.85336
