High_resolution/powerplant/Chizhou/OMI_NO2_200902.asc
ncols      200
nrows      200
xllcorner       115.585
yllcorner       28.7700
cellsize     0.0166667
NODATA_Value      -999.000
[rows 116 to 144 of 175, columns 67 to 133 of 200]
8.56801 9.99770 9.99770 9.99770 9.99770 9.99770 9.74619 9.57994 9.57994 9.57994 9.57994 9.57994 9.57994 9.57994 9.57994 9.57994 9.57994 9.57994 8.91439 6.89640 6.09855 5.30026 4.49105 4.41648 4.41648 4.41648 4.41648 4.41648 4.32336 4.22028 4.22028 4.22028 4.22028 4.22028 4.22028 4.19587 4.13713 4.17577 4.18717 4.08269 3.97821 3.80784 2.60997 2.60931 2.60931 2.60931 2.60931 2.60347 2.47553 2.29846 2.12146 1.96352 1.97674 2.27641 2.31764 2.34144 2.34144 2.34144 2.34144 2.34144 2.34144 2.34144 2.34144 2.34144 2.34144 2.34144 2.18468
8.12031 9.79088 9.99770 9.99770 9.99770 9.99770 9.86147 9.57994 9.57994 9.57994 9.57994 9.57994 9.57994 9.57994 9.57994 9.17615 8.37860 7.58105 6.62807 4.60095 4.60034 4.60034 4.48361 4.41648 4.41648 4.41648 4.41648 4.41648 4.38701 4.20578 4.14942 4.09047 4.03156 3.97258 3.91370 3.87915 3.87895 3.88682 3.92600 3.92600 3.92600 3.92600 2.76638 2.60911 2.51246 2.33531 2.15837 1.98707 1.93807 1.93807 1.93807 1.93807 1.93838 2.22427 2.29692 2.34144 2.34144 2.34144 2.34144 2.34144 2.34144 2.34144 2.34144 2.34144 2.34144 2.34144 2.26071
8.12003 9.27208 9.99770 9.99770 9.99770 9.99770 9.97134 9.58612 9.57994 9.57994 9.57994 9.38526 8.62393 7.82638 7.02883 6.63477 6.63477 6.63477 6.63477 4.83927 4.60034 4.60034 4.53410 4.40928 4.35781 4.29896 4.23998 4.18107 4.12212 3.91575 3.87895 3.87895 3.87895 3.87895 3.87895 3.87895 3.87895 3.87903 3.92099 3.92600 3.86377 3.68898 2.62591 2.01552 1.93300 1.93087 1.92871 1.92656 1.92442 1.92226 1.92014 1.91795 1.91584 2.08499 2.23910 2.29572 2.29518 2.29196 2.28872 2.28552 2.28226 2.27908 2.27582 2.27262 2.26938 2.26616 2.24382
8.12003 8.59814 9.99770 9.99770 9.99770 9.99770 9.99770 9.61510 8.86927 8.07172 7.27416 6.67099 6.63477 6.63477 6.63477 6.63477 6.63477 6.63410 6.59691 5.15990 4.42424 4.35298 4.26392 4.01417 3.99089 3.97627 3.96176 3.94724 3.93252 3.81960 3.70721 3.69266 3.67794 3.66339 3.64887 3.63429 3.58449 3.40495 3.24283 3.06871 2.93934 2.92251 2.43329 1.87760 1.87760 1.87760 1.87760 1.87760 1.87760 1.87760 1.87760 1.87760 1.87760 1.96030 2.18570 2.22983 2.25074 2.25074 2.25074 2.25074 2.25074 2.25074 2.25074 2.25074 2.25074 2.25100 2.34645
7.96268 7.87662 9.57467 9.71451 9.19361 8.33766 7.48107 6.48004 6.06167 6.00316 5.94477 5.88602 5.80981 5.69575 5.58070 5.46567 5.35031 5.23617 5.15812 4.58801 3.93869 3.93869 3.93869 3.77193 3.73278 3.73278 3.73278 3.73278 3.73278 3.69809 3.53658 3.53658 3.52094 3.37339 3.19639 3.01931 2.87748 2.86533 2.88187 2.91237 2.91237 2.91237 2.64884 1.87760 1.87760 1.87760 1.87760 1.87760 1.87760 1.87760 1.87760 1.87760 1.87760 1.89674 2.18372 2.20915 2.25074 2.25074 2.25074 2.25074 2.25074 2.25074 2.32925 2.50035 2.67111 2.84181 2.91726
6.35413 6.35413 6.78024 6.21042 5.87526 5.87526 5.87096 5.73558 5.34783 5.29128 5.23464 5.17807 5.13940 5.13822 5.13822 5.13822 5.13822 5.13822 5.13822 4.84164 3.93869 3.93869 3.93869 3.82843 3.73278 3.73278 3.73278 3.73278 3.72891 3.56417 3.24039 3.05630 2.89493 2.86533 2.86533 2.86533 2.86533 2.86533 2.86935 2.91211 2.91237 2.91237 2.85611 1.88587 1.87760 1.87760 1.87760 1.87760 1.87760 1.87760 1.90469 1.98597 2.06921 2.15215 2.21005 2.18983 2.24933 2.25074 2.31372 2.48295 2.65392 2.82481 2.91713 2.91726 2.91726 2.91726 2.91726
6.35413 6.32382 6.12151 5.74538 5.69020 5.63507 5.58425 5.56949 5.16979 5.13822 5.13822 5.13822 5.13822 5.13822 5.13822 5.13822 5.13822 5.13822 5.13822 5.08136 3.95257 3.93869 3.93869 3.88505 3.73278 3.63952 3.39200 3.14217 2.89631 2.81125 2.83982 2.86533 2.86533 2.86533 2.86533 2.86533 2.86533 2.86533 2.86533 2.90334 2.91237 2.91237 2.91237 2.04564 1.90340 1.98512 2.06779 2.15051 2.23353 2.31674 2.37232 2.37381 2.37381 2.37381 2.30191 2.25821 2.54243 2.80748 2.91559 2.91726 2.91726 2.91726 2.91726 2.91726 2.91726 2.91726 2.91726
5.95573 5.90339 5.90154 5.60375 5.57420 5.57420 5.57420 5.57420 5.28548 5.13822 5.13822 5.13822 5.13822 5.13822 5.13822 5.13822 5.13822 5.13822 5.13822 5.13822 4.14920 3.90036 3.67551 3.42002 2.97868 2.81356 2.81125 2.81125 2.81125 2.81125 2.82240 2.86533 2.86533 2.86533 2.86533 2.86533 2.86533 2.86533 2.86619 2.94813 3.10093 3.18415 3.26716 2.69871 2.37202 2.37381 2.37381 2.37381 2.37381 2.37381 2.37876 2.41387 2.45405 2.49422 2.50138 2.41437 2.61820 2.91726 2.91726 2.91726 2.91726 2.91726 2.91726 2.91726 2.91726 2.91726 2.91726
5.90253 5.90253 5.90253 5.69144 5.57420 5.57420 5.57420 5.57420 5.40617 5.13822 5.13822 5.13822 5.13822 5.13822 5.13822 5.13822 5.13822 5.13094 4.95254 4.70280 3.71773 3.04205 3.01717 3.01717 2.87086 2.81125 2.81125 2.81125 2.81125 2.81125 2.81144 2.85893 2.86580 2.86865 2.87183 2.87501 2.87819 2.88132 2.88369 3.02299 3.40858 3.40858 3.40858 2.97315 2.37381 2.37381 2.37550 2.40562 2.44577 2.48597 2.52117 2.52625 2.52625 2.52625 2.52333 2.41916 2.46214 2.91313 2.91726 2.91726 2.91726 2.91726 2.91726 2.91726 2.91726 2.91726 2.91726
5.90253 5.90253 5.90253 5.80560 5.57420 5.57420 5.57420 5.57420 5.52590 5.13881 5.13822 5.13822 5.13822 5.13822 5.02958 4.78040 4.53057 4.28812 4.21670 4.21670 3.73487 3.01717 3.01717 3.01717 2.92749 2.81125 2.81145 2.81396 2.81714 2.82032 2.82351 2.85717 2.88347 2.88380 2.88380 2.88380 2.88380 2.88380 2.88380 2.90013 3.38935 3.40858 3.40874 3.21257 2.43753 2.47768 2.51617 2.52625 2.52625 2.52625 2.52414 2.51337 2.50157 2.48978 2.47809 2.37325 2.30694 2.67549 2.77456 2.75667 2.73913 2.72154 2.70380 2.68626 2.66852 2.65108 2.63310
5.90253 5.90253 5.90253 5.90032 5.60002 5.57420 5.57420 5.57420 5.57420 5.21116 5.08994 4.85790 4.60816 4.35843 4.21725 4.21670 4.21670 4.21670 4.21670 4.21670 3.98868 3.02342 3.03492 3.04641 3.02088 2.82607 2.80320 2.76241 2.72104 2.67938 2.63752 2.60913 2.60867 2.56701 2.52516 2.48379 2.44223 2.40047 2.35871 2.33291 2.71100 2.85434 2.85279 2.80481 2.27460 2.25360 2.24177 2.23011 2.21819 2.20663 2.19678 2.19592 2.19592 2.19592 2.19592 2.09260 1.91888 2.14526 2.42177 2.42177 2.42177 2.42177 2.42177 2.42177 2.42177 2.42177 2.42177
5.90253 5.90253 5.90253 5.90253 5.68595 5.55454 5.49464 5.25642 4.95875 4.41889 3.97612 3.91079 3.86295 3.81530 3.76756 3.72248 3.68575 3.64941 3.61336 3.57691 3.52080 2.33579 2.24702 2.20546 2.16374 1.89902 1.85409 1.85409 1.85409 1.85409 1.85409 1.85468 1.90339 1.90816 1.90816 1.91731 1.95534 1.99551 2.03570 2.06032 2.29815 2.58539 2.58539 2.58539 2.27503 2.19592 2.19592 2.19592 2.19592 2.19592 2.19592 2.19592 2.19592 2.19592 2.19592 2.15581 1.91888 1.98576 2.42117 2.42177 2.42177 2.42177 2.42177 2.42177 2.41953 2.32425 2.18114
4.79296 4.72120 4.64973 4.57812 4.45122 3.99082 3.75316 3.69400 3.69400 3.57314 3.26744 3.27893 3.29042 3.30192 3.31341 3.32225 3.32282 3.32282 3.32282 3.32282 3.32282 2.38950 2.10633 2.10633 2.10633 1.95158 1.85409 1.85409 1.85409 1.85409 1.85409 1.85430 1.91111 1.98725 2.02742 2.05849 2.06061 2.06061 2.06061 2.06061 2.15599 2.58539 2.58539 2.58539 2.35574 2.19592 2.19592 2.19592 2.19592 2.19592 2.19592 2.19592 2.19592 2.20504 2.24911 2.29526 1.97478 1.91888 2.32793 2.42177 2.42132 2.33862 2.19539 2.05205 1.91112 1.86295 1.86295
4.46451 4.46451 4.46451 4.46451 4.47834 3.81609 3.81506 3.86844 3.92185 3.94863 3.34455 3.32282 3.32282 3.32282 3.32282 3.32282 3.32282 3.32282 3.32282 3.32282 3.32282 2.64603 2.10633 2.10633 2.10633 2.02059 1.85409 1.85411 1.85548 1.85769 1.85989 1.86188 1.91758 2.06061 2.06061 2.06061 2.06061 2.06061 2.06061 2.06061 2.06265 2.53653 2.58539 2.58539 2.43649 2.19592 2.19592 2.20532 2.24951 2.29657 2.34405 2.39154 2.43900 2.47737 2.48079 2.48079 2.16122 1.85694 1.96157 2.06630 1.92341 1.86295 1.86295 1.86295 1.86295 1.86295 1.86295
4.60229 4.68241 4.76253 4.84260 4.89917 4.28020 3.98523 3.98523 3.98523 3.98523 3.50361 3.32282 3.32282 3.32282 3.32282 3.32282 3.32282 3.32282 3.32282 3.32282 3.32282 2.90268 2.10633 2.10633 2.10708 2.09022 1.86150 1.86139 1.86222 1.86222 1.86222 1.86222 1.86652 2.04782 2.06061 2.06061 2.06061 2.06061 2.06061 2.06061 2.06061 2.40561 2.63906 2.68652 2.66571 2.39202 2.43948 2.47754 2.48079 2.48079 2.48079 2.48079 2.48079 2.45534 2.36520 2.27194 1.96216 1.38740 1.47189 1.86295 1.86295 1.86295 1.86295 1.86295 1.86295 1.86295 1.86295
4.91051 4.90136 4.90136 4.90136 4.90136 4.58765 3.98523 3.98523 3.98523 3.98523 3.68669 3.32282 3.32282 3.32282 3.32282 3.32282 3.32282 3.32282 3.32282 3.32282 3.32312 3.16159 2.11077 2.11297 2.11443 2.11447 1.91449 1.86222 1.86222 1.86222 1.86222 1.86222 1.86222 1.98835 2.06061 2.06174 2.07218 2.08472 2.09724 2.10976 2.12229 2.40404 2.87025 2.87025 2.86542 2.49801 2.48079 2.48079 2.48079 2.46742 2.38420 2.29076 2.19750 2.12955 2.12633 2.12633 2.06136 1.38730 1.38749 1.79647 1.86295 1.86295 1.86295 1.86295 1.86295 1.86295 1.86295
5.09063 4.90136 4.90136 4.90136 4.90136 4.88293 4.03685 3.98523 3.98523 3.98523 3.86971 3.32282 3.32282 3.32282 3.32282 3.32282 3.32287 3.32438 3.32658 3.32878 3.33070 3.32852 2.20996 2.11447 2.11447 2.11447 1.98355 1.86222 1.86222 1.86254 1.87130 1.88383 1.89635 1.97115 2.11978 2.13118 2.13325 2.13325 2.13325 2.13325 2.13325 2.20673 2.86812 2.87025 2.87025 2.56875 2.40309 2.30980 2.21633 2.13643 2.12633 2.12633 2.12633 2.12633 2.12633 2.12633 2.12633 1.53516 1.38857 1.66465 1.90262 1.92432 1.94541 1.96705 1.98808 2.00960 2.03100
5.33598 4.90136 4.90136 4.90136 4.90136 4.90136 4.26306 3.98523 3.98523 3.98523 3.98370 3.39200 3.32282 3.32371 3.32590 3.32810 3.33026 3.33096 3.33096 3.33096 3.33096 3.33096 2.46420 2.11447 2.08342 2.01352 1.92300 1.90637 1.91890 1.93110 1.93486 1.93486 1.93486 1.93862 2.11126 2.11028 2.10047 2.09061 2.08086 2.07109 2.06121 2.05069 2.59095 2.61668 2.51365 2.37134 2.35311 2.36750 2.38156 2.39590 2.41017 2.42431 2.43862 2.45268 2.46722 2.48121 2.49555 2.24277 1.98232 2.09442 2.46227 2.46227 2.46227 2.46227 2.46227 2.46227 2.46227
5.58075 4.90136 4.90136 4.90136 4.90136 4.90136 4.56521 3.98523 3.98523 3.98560 3.98762 3.57850 3.33372 3.33938 3.34372 3.34806 3.35240 3.35673 3.34960 3.29034 3.22466 3.15906 2.40502 1.62695 1.57813 1.56829 1.56312 1.75232 1.75328 1.74353 1.73367 1.72386 1.71411 1.70777 1.84075 1.90606 1.90606 1.90606 1.86601 1.77293 1.67949 1.58698 1.95924 2.28861 2.28861 2.37073 2.52588 2.52588 2.52588 2.52588 2.52588 2.52588 2.52588 2.52588 2.52588 2.52588 2.52588 2.39752 1.98651 1.99003 2.41589 2.46227 2.46227 2.46227 2.46227 2.46227 2.46227
5.88885 4.96768 4.97417 4.98067 4.98718 4.99368 4.97143 4.10319 4.06591 4.07207 4.07660 3.85184 3.41733 3.36958 3.29956 3.22963 3.15961 3.08963 3.03112 3.02474 3.02474 3.02474 2.58296 1.49327 1.49327 1.49327 1.49327 1.64291 1.70768 1.70768 1.70768 1.70768 1.70768 1.70768 1.76764 1.79182 1.69849 1.60513 1.55185 1.55161 1.55161 1.55161 1.75893 2.28861 2.28861 2.32167 2.52588 2.52588 2.52588 2.52588 2.52588 2.52588 2.52588 2.52588 2.52588 2.52588 2.52943 2.54050 2.00159 1.98651 2.26866 2.46227 2.46227 2.45838 2.39752 2.31775 2.23808
6.16264 5.08213 5.03305 5.03305 5.03305 5.03305 5.03305 4.34650 4.05614 4.03523 4.01431 3.92846 3.05516 3.02474 3.02474 3.02474 3.02474 3.02474 3.02474 3.02474 3.02474 3.02474 2.90530 1.49664 1.49327 1.49327 1.49327 1.58425 1.70768 1.70768 1.70951 1.72816 1.75088 1.77361 1.77747 1.55831 1.55161 1.55161 1.55161 1.55161 1.55161 1.55161 1.58028 2.26687 2.28861 2.28935 2.50915 2.52588 2.52588 2.52588 2.52936 2.56295 2.60326 2.64358 2.68387 2.72418 2.76094 2.76771 2.21686 1.99072 2.22635 2.32553 2.24588 2.16997 2.15115 2.15115 2.15115
6.17949 5.31200 5.01227 4.98092 4.94955 4.91819 4.88682 4.51306 3.96687 3.96687 3.96687 3.96687 3.22034 3.02474 3.02474 3.02474 3.02474 3.02474 3.02474 3.02474 3.02474 3.02474 3.02474 1.70291 1.49327 1.49327 1.49336 1.53909 1.74387 1.76659 1.78749 1.79156 1.79156 1.79156 1.79156 1.62233 1.55161 1.55161 1.55161 1.55161 1.55161 1.55161 1.55161 2.09522 2.29200 2.32527 2.53782 2.64317 2.68346 2.72380 2.76070 2.76771 2.76771 2.76771 2.76771 2.76771 2.84589 3.00633 2.92607 2.82174 2.88459 2.19724 2.15115 2.15115 2.15115 2.15115 2.15115
6.05003 5.39923 4.86162 4.86162 4.86162 4.86162 4.86162 4.82365 4.00035 3.96687 3.96687 3.96687 3.48074 3.02474 3.02474 3.02474 3.02474 3.02474 3.02474 3.02474 3.02474 3.02474 3.02474 2.03547 1.52245 1.54516 1.56780 1.57721 1.76514 1.79156 1.79156 1.79156 1.79156 1.79156 1.79156 1.69954 1.55161 1.55161 1.55203 1.56108 1.57351 1.58593 1.59835 2.01938 2.52343 2.53045 2.65354 2.76771 2.76771 2.76771 2.76771 2.76771 2.81717 2.97395 3.13439 3.29495 3.37752 3.37752 3.29221 2.90123 2.90123 2.41732 2.15115 2.15115 2.15115 2.15115 2.15115
6.00807 5.63551 4.86162 4.86162 4.86162 4.86162 4.86162 4.86162 4.20529 3.96687 3.96687 3.96687 3.74113 3.02474 3.02474 3.02474 3.02474 3.02474 3.02474 3.02731 3.04691 3.06963 3.09234 2.43761 1.57715 1.57715 1.57715 1.57715 1.70661 1.79156 1.79156 1.79156 1.79159 1.79877 1.81120 1.80506 1.59972 1.60851 1.62051 1.62389 1.62389 1.62389 1.62389 1.80301 2.53045 2.53045 2.60455 2.76771 2.79497 2.94151 3.10201 3.26275 3.37380 3.37752 3.37752 3.37752 3.37752 3.37752 3.36990 2.93253 2.90123 2.65423 2.15115 2.15115 2.15115 2.15115 2.15115
6.00807 5.88272 4.86162 4.86162 4.86162 4.86162 4.86162 4.86162 4.49048 3.96687 3.96687 3.96687 3.94935 3.07686 3.02474 3.02505 3.03989 3.06263 3.08534 3.10549 3.10862 3.10862 3.10862 2.76380 1.57715 1.57715 1.57715 1.59201 1.69235 1.82136 1.83378 1.84621 1.85859 1.86384 1.86384 1.86384 1.68613 1.62389 1.62389 1.62389 1.62514 1.63161 1.63851 1.65216 2.49912 2.70730 2.90123 3.32530 3.46984 3.49534 3.50663 3.51811 3.52952 3.54081 3.55242 3.56368 3.57515 3.58657 3.59786 3.38558 3.26602 3.24830 2.57496 2.56722 2.58458 2.60156 2.61864
6.00807 6.00807 4.98315 4.86162 4.86162 4.86162 4.86162 4.86162 4.81144 3.99320 3.96687 3.96687 3.97524 3.35067 3.07833 3.10074 3.10862 3.10862 3.08328 3.03639 2.98942 2.94717 2.93591 2.87964 1.76355 1.80121 1.84985 1.88356 1.89462 1.94996 1.95758 1.96451 1.97142 1.97841 1.98538 1.99230 1.89864 1.76629 1.77323 1.78014 1.78842 1.89541 2.05609 2.21666 2.96310 3.30274 3.30274 3.65336 3.69373 3.69373 3.69373 3.69373 3.69373 3.69373 3.69373 3.69373 3.69373 3.69373 3.69373 3.58330 3.37554 3.37554 2.85207 2.62547 2.62547 2.62547 2.62547
5.87439 5.81272 4.92548 4.45548 4.38502 4.31470 4.24437 4.17391 4.10373 3.58643 3.41431 3.39016 3.35763 2.92406 2.32177 2.27515 2.25256 2.24729 2.26739 2.30900 2.35062 2.38774 2.39364 2.39364 2.05701 1.97369 1.97369 1.97369 1.97369 2.01486 2.02632 2.02632 2.02632 2.02632 2.02632 2.02632 2.00144 1.86468 2.02371 2.18415 2.34215 2.39618 2.39618 2.39618 2.75006 3.30274 3.30274 3.57185 3.69373 3.69373 3.69373 3.69373 3.69373 3.69373 3.69373 3.69373 3.69373 3.69373 3.69373 3.65367 3.37554 3.37554 3.08865 2.62547 2.62547 2.62547 2.63732
4.92219 4.92219 4.23330 3.43807 3.43807 3.43807 3.43807 3.43807 3.43807 3.29039 3.10099 3.09745 3.09360 2.97725 2.33491 2.37639 2.39364 2.39364 2.39364 2.39364 2.39364 2.39364 2.39364 2.39364 2.14580 1.97369 1.97369 1.97369 1.97369 2.00056 2.02632 2.02632 2.02632 2.03211 2.05645 2.08218 2.10791 2.33479 2.39618 2.39618 2.39618 2.39618 2.39618 2.39618 2.50624 3.30247 3.30274 3.49040 3.69373 3.69373 3.69373 3.69373 3.69373 3.69312 3.67539 3.64992 3.62427 3.59873 3.57324 3.54810 3.39804 3.37554 3.32507 2.71090 2.77893 2.85738 2.92388
4.92219 4.92219 4.55056 3.43807 3.43806 3.43477 3.42901 3.42324 3.41748 3.38761 3.08805 3.08073 3.08073 3.08073 2.49024 2.39364 2.39364 2.39364 2.39364 2.39364 2.39364 2.39364 2.39364 2.39364 2.23467 1.97369 1.97369 1.97369 1.97369 1.98783 2.04858 2.07430 2.10004 2.11998 2.12137 2.12137 2.12137 2.24672 2.39618 2.39618 2.39618 2.39618 2.39618 2.39618 2.39618 3.16875 3.30274 3.40820 3.67564 3.64993 3.62445 3.59898 3.57350 3.54865 3.54090 3.54090 3.54090 3.54090 3.54276 3.58817 3.59208 3.63721 3.72332 3.13192 2.93179 2.93179 2.93179
