High_resolution/powerplant/Chizhou/OMI_NO2_201001.asc
ncols      200
nrows      200
xllcorner       115.585
yllcorner       28.7700
cellsize     0.0166667
NODATA_Value      -999.000
[rows 0 to 28 of 200, columns 67 to 133 of 200]
29.3396 29.3396 29.3396 29.3396 29.3396 29.3396 29.3396 29.3396 29.3768 30.3113 32.6357 35.5781 35.5781 35.5781 35.5781 35.5781 35.5781 35.5781 0.00000 0.00000 0.00000 0.00000 0.00000 0.00000 0.00000 0.00000 26.5110 19.9193 18.5492 18.5492 18.5492 18.5492 18.5492 18.5492 18.3335 17.7938 17.4232 17.1598 17.0709 17.2602 18.6652 21.1717 22.5991 23.2724 22.9982 22.9982 22.9982 22.9982 22.9982 22.9982 22.9982 22.9872 22.4984 21.8474 21.2914 20.8664 20.8080 20.8080 22.0419 26.9194 37.3803 37.3803 37.3009 20.5109 19.9266 19.9266 19.9266
29.3396 29.3396 29.3396 29.3396 29.3489 30.1819 31.1639 31.8431 32.3310 32.4588 33.0334 35.5781 35.5781 35.5781 35.5781 35.5781 35.5781 35.5781 0.00000 0.00000 26.5110 26.5110 26.5110 26.5110 26.5110 26.5110 26.5110 21.8806 18.5492 18.5492 18.5492 18.0575 17.5292 17.2365 17.0766 17.2740 18.2653 19.1606 19.8943 20.4154 20.6982 23.7706 23.8407 23.6832 22.9982 22.9982 22.9982 22.9982 22.7249 22.0475 21.4628 20.9667 20.8080 20.8080 20.8080 20.8080 20.8080 20.8080 21.3278 24.2657 32.4511 30.5033 29.0623 23.1126 19.9266 19.9266 19.9266
29.3396 30.0465 31.0737 31.7785 32.2903 32.4588 32.4588 32.4588 32.4588 32.4588 32.5311 35.4017 35.5781 35.5781 35.5781 35.4830 34.3423 32.8309 26.5110 26.5110 26.5110 26.5110 26.5110 26.5110 26.5110 26.5110 26.5110 24.2072 18.5492 18.5492 18.5492 17.8907 18.2843 19.1687 19.9010 20.4198 20.4726 20.4726 20.4726 20.4726 20.4726 22.9009 23.8407 23.8380 22.9793 22.2582 21.6432 21.1155 20.8136 20.8080 20.8080 20.8080 20.8080 20.8080 20.8080 20.8568 21.0972 21.3414 21.5987 23.9199 27.4242 28.6535 28.6540 26.0371 20.4567 20.6667 20.8227
32.2432 32.4588 32.4588 32.4588 32.4588 32.4588 32.4588 32.4588 32.4588 32.4588 32.4718 33.4318 32.9727 32.2068 31.6040 31.1406 31.0445 31.0395 27.5399 26.5110 26.5110 26.5110 26.5110 26.5110 26.5110 26.5110 26.5110 26.2750 20.6546 21.5422 22.3455 22.4556 20.4810 20.4726 20.4726 20.4726 20.4726 20.4726 20.4726 20.4726 20.4622 21.3567 22.5628 21.9557 21.1083 20.8080 20.8080 20.8080 20.8080 20.8080 20.8080 20.8128 20.9681 21.1842 21.4007 21.5684 21.5442 21.5166 21.5201 23.0120 26.5059 29.8117 30.2415 29.1298 20.9165 20.9080 20.9080
32.4588 32.4588 32.4588 32.4588 32.4588 32.4786 32.5468 32.6171 32.6876 32.7579 32.8154 32.0612 31.0445 31.0445 31.0445 31.0445 31.0445 31.0445 29.3421 26.5110 26.5110 26.5110 26.5110 26.5444 26.6760 26.7743 26.8448 26.8894 24.0860 22.9125 22.9125 22.9125 20.8835 20.4726 20.4726 20.4726 20.4726 20.2666 19.7842 19.3702 19.0196 19.1243 21.4064 21.4399 21.2359 20.8074 20.7787 20.7349 20.8107 21.0269 21.2434 21.4548 21.5162 21.5162 21.5277 21.6940 21.9093 22.1247 22.3361 23.0099 26.0224 30.4346 30.4346 30.4346 22.6533 20.8935 20.4714
32.4869 32.5569 32.6272 32.6976 32.7680 32.8186 32.8208 32.8208 32.8208 32.8208 32.8208 32.5835 31.0451 31.0445 31.0445 31.0445 31.0445 31.0445 30.4928 26.5460 26.6778 26.7751 26.8455 26.8897 26.8934 26.8934 26.8934 26.8934 25.2492 22.9125 22.9125 22.9125 21.6389 20.3905 19.9333 19.4978 19.1240 18.9165 18.9138 18.9138 18.9176 18.9344 21.0430 21.9299 22.0981 20.9005 21.1152 21.3756 21.5160 21.5162 21.5392 21.7233 21.9385 22.1536 22.3579 22.4068 22.4068 22.4068 22.4068 22.4406 24.8908 29.9031 29.5407 28.0251 23.2467 19.3050 19.2086
32.8204 32.8208 32.8208 32.8208 32.8208 32.8208 32.8208 32.8208 32.8208 32.8208 32.8208 32.8208 31.3294 31.0445 31.0445 30.9770 30.5360 30.0386 29.5292 27.1486 26.8934 26.8934 26.8934 26.8934 26.8934 26.8934 26.8934 26.8934 26.4073 22.9165 22.9125 22.8961 20.4880 18.9585 18.9140 18.9249 18.9435 18.9640 18.9867 19.0120 19.0499 19.3151 21.0748 23.3775 23.6549 21.9540 21.5547 21.7528 21.9679 22.1833 22.3756 22.4068 22.4068 22.4068 22.4068 22.4068 22.4068 22.4068 22.5333 23.0070 23.5795 24.7901 25.5597 25.5597 24.4286 19.2086 19.2086
32.8208 32.8208 32.8208 32.8208 32.8208 32.8208 32.8208 32.8208 32.8208 32.8208 32.8208 32.7784 31.3972 30.0926 29.5953 29.1656 29.1089 29.1089 29.1089 27.8679 26.8934 26.8934 26.8934 26.8934 26.8934 26.8934 26.8934 26.8934 26.8934 23.6851 23.4122 23.9634 21.3139 19.3071 19.0249 19.0353 19.0353 19.2019 19.5491 19.8957 20.2269 20.3100 20.6605 24.0015 24.3197 23.3352 22.3894 22.4068 22.4068 22.4068 22.4068 22.4068 22.4068 22.4068 22.4447 22.8469 23.3411 23.8349 24.2021 24.2223 23.8570 23.6420 25.5597 25.5597 25.5565 20.0945 19.0096
32.8208 32.8208 32.8208 32.8208 32.8208 32.8208 32.8208 32.7976 32.4205 31.9228 31.4258 30.9707 30.4378 29.1089 29.1089 29.1089 29.1089 29.1089 29.1089 28.5944 26.8934 26.8934 26.8934 26.8934 27.0668 27.4569 27.8478 28.2385 28.6292 28.3086 27.2758 27.2758 24.0356 19.9774 19.4357 19.7827 20.1298 20.3100 20.3192 20.3535 20.3890 20.4243 20.4510 23.8494 24.8656 24.3343 22.4068 22.4068 22.4068 22.4068 22.4079 22.6869 23.1809 23.6747 24.1308 24.2223 24.2223 24.2223 24.2223 24.2223 24.2063 23.1247 25.3884 25.1802 24.9473 21.3037 18.3301
32.8208 32.8208 32.8208 32.8111 32.4743 31.9772 31.4798 31.0053 30.8851 30.8851 30.8851 30.8851 30.8519 29.2169 29.1089 29.1089 29.1089 29.1089 29.1218 29.3894 27.8089 27.9712 28.3619 28.7526 28.9698 28.9705 28.9705 28.9705 28.9705 28.7302 27.2758 27.2758 26.8155 20.8749 20.3272 20.3538 20.3895 20.4247 20.4511 20.4525 20.4525 20.4525 20.4525 22.4194 24.8656 24.8613 22.6308 22.5431 23.0210 23.5150 24.0075 24.2223 24.2223 24.2223 24.2223 24.2223 24.2223 24.2223 24.1844 24.0695 23.9775 23.1287 24.1942 24.6811 24.6811 23.2873 19.1390
32.5285 32.0312 31.5336 31.0458 30.8851 30.8851 30.8851 30.8851 30.8851 30.8851 30.8851 30.8851 30.8851 29.7689 29.5282 29.9189 30.3098 30.7005 31.0783 31.1859 29.9095 28.9705 28.9705 28.9705 28.9705 28.9705 28.9705 28.9705 28.9705 28.9546 27.4950 27.4083 27.5143 22.3857 20.5678 20.4525 20.4525 20.4525 20.4525 20.4525 20.4525 20.4525 20.4525 21.0588 25.4596 26.1299 24.8410 24.2061 24.2223 24.2223 24.2223 24.2223 24.2223 24.2223 24.2153 24.1889 24.1648 24.1405 24.1541 24.2448 24.3126 23.9300 22.9171 22.6357 21.5204 20.4432 22.9270
30.8851 30.8851 30.8851 30.8851 30.8851 30.8851 30.8851 30.8851 30.7650 30.3063 29.8269 29.3473 28.8684 29.4916 31.1859 31.1859 31.1859 31.1859 31.1859 31.1859 30.6373 28.9705 28.9705 28.9705 28.9705 28.9705 28.9855 29.0372 29.0901 29.1435 28.4372 27.7032 27.7032 24.6093 20.7380 20.4525 20.4525 20.4525 20.4525 20.4554 20.8451 21.5033 22.1617 22.7625 26.3944 27.2862 26.1461 24.2223 24.2223 24.2713 24.3626 24.3794 24.3551 24.3309 24.3137 24.3158 24.3158 24.2226 23.5032 22.6657 21.8289 21.0289 19.7339 20.0719 20.0629 20.0629 21.9232
30.8851 30.8851 30.8851 30.7143 30.2405 29.7614 29.2821 28.8029 28.4435 28.4230 28.4230 28.4230 28.4230 28.6612 31.1644 31.1859 31.1859 31.1859 31.1859 31.1859 31.1620 29.1723 28.9859 29.0375 29.0906 29.1441 29.1825 29.1841 29.1841 29.1841 28.8377 27.7032 27.7032 27.3992 21.1683 20.4662 20.6490 21.2898 21.9482 22.6042 22.8731 22.8731 22.8731 22.8731 24.9636 27.2862 27.1041 24.6178 24.5456 24.4723 24.3568 24.3158 24.3158 24.1603 23.3869 22.5500 21.7132 20.9692 20.8522 20.8522 20.8522 20.8522 20.0673 20.0518 20.0640 20.1010 20.9938
29.6957 29.2168 28.7369 28.4289 28.4230 28.4230 28.4230 28.4230 28.4230 28.4230 28.4230 28.4230 28.4230 28.4230 30.5941 31.1859 31.1859 31.1859 31.1202 30.8484 30.5617 29.6109 29.1826 29.1841 29.1841 29.1841 29.1841 29.1841 29.1841 29.1841 29.1104 27.7185 27.7032 27.7032 24.0099 22.7699 22.8559 22.8731 22.8731 22.8731 22.8731 22.8731 22.8731 22.8517 23.3752 26.9692 26.8138 24.8309 24.3158 24.0813 23.2712 22.4340 21.5972 20.9159 20.8522 20.8522 20.8522 20.8522 20.8522 20.8522 20.8522 21.0220 21.0086 19.9788 20.2506 20.2678 20.3202
28.4230 28.4230 28.4230 28.4230 28.4230 28.4230 28.4230 28.4230 28.4230 28.4230 28.4230 28.4230 28.4230 28.4230 29.7397 30.8791 30.5924 30.3059 30.0850 30.0701 30.0701 29.8372 29.1841 29.1841 29.1841 29.1841 29.1841 29.1841 29.1841 29.1841 29.1841 28.1970 27.7032 27.7032 26.4001 23.8873 22.8731 22.8731 22.8731 22.8699 22.7632 22.6070 22.4508 22.3159 22.2982 25.5334 25.1638 23.1505 21.4808 20.8788 20.8522 20.8522 20.8522 20.8522 20.8522 20.8522 20.8522 20.9254 21.2825 21.6682 22.0542 22.2701 22.2601 20.2015 20.2785 20.2678 20.2678
28.4230 28.4230 28.4230 28.4230 28.4230 28.4230 28.4230 28.4230 28.4230 28.4230 28.3923 28.1470 27.8602 27.5736 27.8890 30.0701 30.0701 30.0701 30.0701 30.0701 30.0701 30.0572 29.2556 29.1841 29.1841 29.1841 29.1841 29.1254 28.9592 28.7516 28.4866 27.9372 27.7032 27.7032 27.6254 24.6626 22.8776 22.6570 22.5008 22.3478 22.2982 22.3782 22.5790 22.7800 22.9809 22.5969 22.0932 21.8418 20.8522 20.8522 20.8522 20.8522 20.8522 20.8686 21.1579 21.5438 21.9297 22.2422 22.2709 22.2709 22.2709 22.2709 22.2709 20.9025 20.3490 20.7012 21.2148
28.4230 28.4230 28.4230 28.4230 28.4230 28.4230 28.4048 28.1777 27.8910 27.6043 27.3485 27.3072 27.3072 27.3072 27.3213 29.8032 30.0701 30.0701 30.0701 30.0701 30.0701 30.0689 29.4527 28.9001 28.6770 28.3892 28.0037 27.7059 27.7032 27.7032 27.7032 27.7032 27.7032 27.7032 27.7032 25.4321 22.9422 22.3800 22.5810 22.7828 22.9829 23.1049 23.1061 23.1061 23.1061 22.9244 22.0932 22.0923 20.9737 20.8522 21.0335 21.4191 21.8050 22.1742 22.2709 22.2709 22.2709 22.2709 22.2709 22.2709 22.2709 22.2834 22.3069 21.8063 20.7764 22.2104 22.2104
28.4230 28.4230 28.4143 28.2082 27.9217 27.6351 27.3667 27.3072 27.3072 27.3072 27.3072 27.3072 27.3072 27.3072 27.3072 29.0088 30.0625 30.0070 29.9305 29.8338 29.7079 29.5413 28.9848 27.7032 27.7032 27.7032 27.7032 27.7032 27.7032 27.7032 27.7032 27.7032 27.7032 27.9540 28.5575 27.7132 24.6276 23.1052 23.1061 23.1061 23.1061 23.1061 23.1061 23.1061 23.1061 23.1058 22.3455 22.6830 22.2041 22.0661 22.2707 22.2709 22.2709 22.2709 22.2709 22.2709 22.2709 22.2825 22.4298 22.6253 22.8206 23.0035 23.1752 23.3078 21.1054 23.0248 24.1808
27.9524 27.6658 27.3880 27.3072 27.3072 27.3072 27.3072 27.3072 27.3072 27.3072 27.3072 27.3583 27.5904 27.8930 28.2812 29.0701 29.5006 29.4751 29.4751 29.4751 29.4751 29.4751 29.4412 27.8295 27.7032 27.7032 27.7032 27.7032 27.7032 27.9596 28.5636 29.1695 29.7735 30.1245 30.1269 30.0797 25.9885 23.2410 23.1061 23.1061 23.1061 23.1061 23.1330 23.5298 24.0442 24.5585 24.4230 23.9847 23.3598 22.2709 22.2709 22.2709 22.3402 22.5127 22.7034 22.8989 23.0941 23.2780 23.3259 23.3259 23.4627 24.1543 24.9045 25.6544 25.1484 25.6392 26.3455
27.3072 27.3072 27.3072 27.3072 27.3072 27.3072 27.3829 27.6297 27.9425 28.3455 28.8845 29.4347 29.4751 29.4751 29.4751 29.4751 29.4751 29.4751 29.4751 29.4751 29.4751 29.4751 29.4751 28.3774 27.7032 27.9676 28.5697 29.1756 29.7815 30.1254 30.1269 30.1269 30.1269 30.1269 30.1269 30.1269 27.0828 23.9266 23.1061 23.3636 23.8779 24.3924 24.8803 24.9977 24.9977 24.9977 24.8144 24.3068 24.5095 22.8561 22.9770 23.1725 23.2985 23.3213 23.3259 23.3259 23.5309 24.2551 25.0050 25.7555 26.3686 26.4272 26.4272 26.4272 25.9287 24.9926 26.3455
27.3072 27.4124 27.6702 27.9944 28.4136 28.9773 29.4634 29.4751 29.4751 29.4751 29.4751 29.4751 29.4751 29.4751 29.4751 29.4751 29.4751 29.4751 29.4751 29.4751 29.4751 30.3314 32.5697 33.2412 29.7876 30.1259 30.1269 30.1269 30.1269 30.1269 30.1269 30.1269 30.1269 30.1269 30.1269 30.1269 28.8937 26.3550 24.7407 24.9977 24.9977 25.1261 25.3856 25.6186 25.8276 26.0169 26.1737 25.5490 25.4872 23.9141 23.3259 23.3259 23.6122 24.3559 25.1061 25.8566 26.4015 26.4272 26.4272 26.4272 26.4272 26.4272 26.4272 26.4228 26.1189 24.5520 26.0715
29.0738 29.4751 29.4751 29.4751 29.4751 29.4751 29.4751 29.4751 29.4751 29.4751 29.4751 29.4751 29.4751 29.4751 29.4751 29.4751 29.4751 30.1407 32.3326 34.5894 36.8419 38.2381 38.2566 38.0501 30.6107 30.1269 30.1269 30.1269 30.1269 30.1269 30.1269 30.1269 30.1269 30.1269 30.1269 30.1211 30.0737 28.8642 25.9359 25.9215 26.1020 26.1939 26.1960 26.2156 26.2393 26.2630 26.2803 25.8482 25.9026 25.6853 25.2072 25.9571 26.4213 26.4272 26.4272 26.4272 26.4272 26.4272 26.4272 26.4272 26.2658 25.7925 25.3111 24.8344 24.6547 24.4789 25.5109
29.4751 29.4751 29.4751 29.4751 29.4751 29.4751 29.4751 29.4751 29.4751 29.4751 29.4751 29.4751 29.4751 29.9739 32.0999 34.3523 36.6092 38.1960 38.2566 38.2566 38.2566 38.2566 38.2566 38.2566 33.0480 30.1269 30.1269 30.1269 30.1269 30.1269 30.1269 30.1269 30.1269 30.0493 29.9734 29.9575 29.9550 29.3852 27.1958 26.2079 26.2316 26.2553 26.2770 26.2812 26.4033 26.6336 26.8624 27.4050 28.6228 28.2856 26.4272 26.4272 26.4272 26.4272 26.4272 26.4272 26.3664 25.9449 25.4635 24.9823 24.6627 24.6692 24.7399 24.8090 24.8710 24.8598 25.1793
29.5274 29.4751 29.4751 29.4751 29.4751 29.4751 29.4751 29.4751 29.4751 29.8281 31.8672 34.1196 36.3723 38.1301 38.2566 38.2566 38.2566 38.2566 38.2566 38.2566 38.2566 38.2566 38.2566 38.2566 35.6952 30.1269 30.1269 30.1269 30.1269 30.1269 30.1269 30.1269 30.1269 30.0706 29.9550 29.9550 29.9550 29.7342 28.2253 26.2814 26.4075 26.6359 26.8663 27.0955 27.2027 27.2027 27.2027 27.2194 28.5005 28.6223 26.7203 26.4272 26.4189 26.0972 25.6159 25.1349 24.7141 24.6763 24.7495 24.8176 24.8788 24.9247 24.9290 24.9344 25.0526 25.2157 25.4265
32.3323 29.4751 29.4751 29.4751 29.4751 29.7104 31.6301 33.8869 36.1394 38.0397 38.2566 38.2566 38.2566 38.2566 38.2566 38.2566 38.2566 38.2566 38.2566 38.2566 38.2566 38.2566 38.2566 38.2566 37.9671 30.5009 30.1269 30.1269 30.1269 30.1269 30.1269 30.1269 30.1269 30.1254 29.9639 29.9557 30.2130 30.6738 29.9442 27.3616 27.2027 27.2027 27.2027 27.2027 27.2027 27.2027 27.2027 27.2027 28.0589 28.4412 26.6904 25.2873 24.8142 24.6847 24.7589 24.8261 24.8864 24.9271 24.9290 24.9290 25.0012 25.2049 25.4311 25.6519 25.7598 25.8227 25.7903
36.6960 29.6156 31.3973 33.6498 35.9066 37.9238 38.2566 38.2566 38.2566 38.2566 38.2566 38.2566 38.2566 38.2566 38.2566 38.2566 38.2566 38.2566 38.2566 37.1817 35.6573 38.2566 38.2566 38.2566 38.2566 32.8547 30.1269 30.1269 30.1269 30.1269 30.1269 30.1298 30.6592 31.5738 31.4613 31.5967 31.7981 31.7981 30.8924 28.3624 27.2027 27.2027 27.2027 27.2027 27.2027 27.1293 26.6965 26.2151 26.1321 26.8431 26.1924 24.8344 24.8940 24.9285 24.9290 24.9499 25.0423 25.2562 25.4824 25.7084 25.8624 25.8848 25.8848 25.7271 25.1973 24.6507 24.0281
40.0025 37.7842 38.2566 38.2566 38.2566 38.2566 38.2566 38.2566 38.2566 38.2566 38.2566 38.2566 38.2566 38.2566 38.1417 36.2924 34.5016 33.2101 32.2348 31.7524 31.8030 37.4095 38.2566 38.2566 38.2566 35.5022 30.1269 30.1306 30.6706 31.5922 32.5049 33.4232 33.8132 33.8132 32.8214 31.7981 31.7981 31.7981 31.4845 29.4654 27.2027 27.1894 26.8487 26.3677 25.8862 25.4784 25.4302 25.4302 25.4613 26.7187 26.4046 25.0676 25.1223 25.3074 25.5336 25.7388 25.8727 25.8848 25.8848 25.6654 25.1223 24.5762 24.0299 23.6413 23.6254 23.6254 23.6299
0.00000 38.2566 38.2566 38.2566 38.2566 38.2566 38.2566 38.2566 38.2566 38.2566 37.6202 35.5142 33.9488 32.7973 31.9454 31.7479 31.7479 31.7479 31.7479 31.7479 31.7479 34.7904 38.2566 38.2581 38.9735 39.8983 32.8486 33.4350 33.8132 33.8132 33.8132 33.8132 33.8132 33.8132 33.5958 31.8187 31.7981 31.7981 31.7981 29.7247 26.3219 25.5709 25.4302 25.4302 25.3136 25.0249 24.7344 24.4440 24.1535 24.8857 25.6334 25.7231 25.8437 25.8848 25.8846 25.5936 25.0475 24.5014 23.9553 23.6282 23.6254 23.6254 23.6254 23.6254 23.6254 23.6254 23.5971
0.00000 38.2566 38.2566 38.2566 38.2566 38.2514 36.7753 34.8383 33.4588 32.4255 31.7878 31.7479 31.7479 31.7479 31.7479 31.7479 31.7479 31.7479 31.7479 31.7479 32.0390 34.1526 41.4640 42.7756 43.3738 43.3738 36.8046 33.8132 33.8132 33.8132 33.8132 33.8132 33.8132 33.8132 33.8132 32.0898 31.7981 31.7981 31.7574 29.1934 25.7309 24.5753 24.3053 24.0150 23.8411 23.8821 24.0736 24.2778 24.4818 25.0337 26.0027 25.5916 24.9729 24.4264 23.8808 23.6254 23.6254 23.6254 23.6254 23.6254 23.6254 23.6254 23.6248 23.4022 23.0008 22.5991 22.2260
