High_resolution/powerplant/Chizhou/OMI_NO2_200506.asc
ncols      200
nrows      200
xllcorner       115.585
yllcorner       28.7700
cellsize     0.0166667
NODATA_Value      -999.000
[rows 0 to 28 of 200, columns 0 to 66 of 200]
3.84667 3.84667 3.84667 3.84667 3.84667 3.84667 3.84667 3.66312 3.56237 3.56237 3.31727 2.89244 2.63857 2.45476 2.38118 2.48038 2.39747 2.27300 2.26979 2.44537 2.45374 2.41660 2.38162 2.36318 2.35661 2.35010 1.94830 1.86122 2.00583 2.10446 2.14974 2.14974 2.14974 2.14974 2.14977 2.15389 2.23297 1.96640 1.97835 2.00645 2.28996 2.51663 2.87269 3.29761 3.45997 3.62551 3.50369 3.54210 3.56503 3.56511 3.56511 3.56469 3.50267 3.37738 3.41375 3.26019 3.20026 3.34470 3.58857 3.85727 3.94948 3.83180 3.80523 4.12515 4.34303 4.39214 4.62783
3.84667 3.84667 3.84667 3.84667 3.84667 3.84667 3.84667 3.72948 3.56237 3.56237 3.41026 2.87259 2.63705 2.42439 2.35825 2.38452 2.33338 2.16242 2.13235 2.24688 2.35489 2.34847 2.34240 2.33800 2.33774 2.33774 2.09808 1.84688 1.97493 2.06970 2.14974 2.15475 2.17070 2.18647 2.20168 2.22331 2.32233 2.16411 2.17302 2.26661 2.60967 3.01653 3.31977 3.80048 3.81856 3.81856 3.66438 3.40144 3.24093 3.09239 2.96121 2.84461 2.78780 2.81670 2.97642 3.12073 3.36483 3.48611 3.67967 3.96005 4.00943 3.90300 3.80523 3.98994 4.34303 4.35579 4.58843
3.84667 3.84667 3.84667 3.84667 3.84667 3.84667 3.83794 3.72942 3.46483 3.42152 3.36531 2.94318 2.67841 2.43145 2.37942 2.30262 2.26500 2.13331 2.12379 2.16674 2.33774 2.33774 2.33774 2.33774 2.33774 2.33291 2.21842 1.89329 2.00236 2.11689 2.23054 2.24013 2.23980 2.21250 2.16967 2.12465 2.09109 2.48801 2.68744 2.97135 3.00718 3.19058 3.23344 3.28552 3.18295 3.05234 2.92569 2.74443 2.77567 2.82872 2.87941 2.92800 2.96068 2.96182 3.02951 3.12037 3.35357 3.44345 3.63279 3.89098 4.00943 3.96851 3.80523 3.87248 4.34294 4.33943 4.51452
3.84667 3.84667 3.84606 3.79413 3.71742 3.64961 3.59435 3.58352 3.40650 3.38712 3.38346 3.07361 2.64091 2.40010 2.30497 2.30024 2.25485 2.16023 2.12373 2.12084 2.29512 2.30073 2.28287 2.26502 2.24718 2.23416 2.22976 1.98073 1.98279 2.04304 2.11526 2.07277 1.99257 1.93807 1.90949 1.89042 1.85481 2.38943 2.61369 2.74510 2.77784 2.93282 2.93592 2.92417 2.96045 3.01809 3.07614 2.94564 2.96182 2.96182 2.96182 2.96182 2.96182 2.96182 2.98598 3.11046 3.28493 3.41637 3.57442 3.86833 4.10324 4.14096 4.03558 4.13332 4.43535 4.47112 4.57004
3.74145 3.67099 3.60787 3.58331 3.58128 3.57925 3.57264 3.53253 3.36247 3.27017 3.23357 3.06430 2.64229 2.42427 2.27593 2.26638 2.20633 2.10970 2.02509 2.00833 2.14468 2.23354 2.23306 2.20672 2.17338 2.15187 2.12863 1.88757 1.80143 1.73023 1.82158 1.85837 1.86785 1.88336 1.89173 1.89410 1.87955 2.09686 2.48324 2.58155 2.76431 2.95963 3.06753 3.16974 3.12373 3.15365 3.17532 3.00706 2.99601 3.02200 3.04836 3.07525 3.10260 3.13043 3.15887 3.32538 3.47942 3.71078 3.84380 4.01009 4.26433 4.17474 4.26142 4.33079 4.24216 4.15583 4.22185
3.58099 3.57900 3.56951 3.52661 3.47995 3.43328 3.39177 3.38406 3.22079 3.01459 2.88464 2.75914 2.61679 2.38104 2.17703 2.18348 2.16424 2.11189 2.04164 2.06975 2.13736 2.19851 2.19496 2.25172 2.31702 2.35432 2.39338 2.28764 2.02290 1.86195 1.90029 1.99394 2.00746 2.02097 2.03422 2.04877 2.10252 2.33249 2.80215 2.88713 3.05840 3.12159 3.17469 3.24575 3.17313 3.20950 3.21067 3.26221 3.26688 3.26688 3.26688 3.26688 3.26638 3.25211 3.21150 3.23684 3.24747 3.39114 3.40063 3.48992 3.77146 3.79469 3.86573 4.13419 4.12179 4.08322 4.14040
3.48314 3.43947 3.35789 3.20520 3.05226 2.89950 2.74665 2.59488 2.53369 2.52154 2.52404 2.53006 2.70317 2.46385 2.34566 2.37718 2.42359 2.43124 2.43402 2.48619 2.53851 2.57989 2.60040 2.58350 2.56991 2.56983 2.57228 2.57019 2.25159 2.07367 1.99818 2.06650 2.05845 2.05025 2.04165 2.02930 2.03070 2.34834 2.71227 2.87037 3.00825 3.10056 3.17614 3.22254 3.19288 3.21027 3.20877 3.23257 3.22738 3.20697 3.17070 3.09533 3.00336 2.92189 2.86513 2.84338 2.81672 3.04590 3.19199 3.32488 3.63023 3.76383 3.76861 4.08864 4.14058 4.12311 4.14224
2.82966 2.67005 2.55976 2.55206 2.54834 2.54473 2.54121 2.53782 2.53434 2.55485 2.55799 2.55919 2.73220 2.65748 2.65102 2.70026 2.76325 2.69716 2.61681 2.58993 2.57283 2.57018 2.57331 2.57719 2.58108 2.58494 2.58870 2.60528 2.37610 2.15300 1.99780 1.99836 1.99836 1.99836 1.99836 1.99836 1.99836 2.24867 2.54569 2.86981 2.94413 3.09382 3.20704 3.22678 3.14182 3.09304 3.06444 3.02067 2.97513 2.89767 2.83431 2.81421 2.81393 2.81393 2.81442 2.83180 2.89292 3.10178 3.34018 3.43866 3.62429 3.84758 3.84596 4.03375 4.17788 4.16078 4.14369
2.52432 2.52432 2.52432 2.52432 2.52432 2.52432 2.52432 2.52432 2.52432 2.55001 2.55984 2.55984 2.65958 2.82977 2.78010 2.70564 2.69646 2.66176 2.59486 2.57823 2.58211 2.58573 2.59042 2.59734 2.60427 2.61119 2.61587 2.61600 2.49672 2.22980 2.00777 1.99836 1.99836 1.99836 2.00154 2.01872 2.03760 2.19272 2.47472 2.92044 2.97092 3.14058 3.21549 3.16256 2.96531 2.77762 2.75479 2.76875 2.81393 2.82251 2.87552 2.94917 3.02431 3.09951 3.17415 3.21431 3.18088 3.18601 3.52031 3.51691 3.57420 3.82236 3.82945 3.91246 4.17780 4.17199 4.14369
2.52432 2.52432 2.52432 2.52432 2.52432 2.52432 2.52432 2.52432 2.52432 2.54171 2.56072 2.56157 2.59269 2.87477 2.82163 2.65748 2.65083 2.65387 2.62540 2.59918 2.60611 2.61302 2.61600 2.61600 2.61600 2.61600 2.61600 2.61600 2.56810 2.29148 2.09688 2.05709 2.07589 2.09478 2.11044 2.11211 2.11211 2.13980 2.47705 2.79949 2.83621 2.86643 2.92415 2.97373 2.93424 2.85207 2.94642 3.02522 3.15855 3.22570 3.24616 3.21291 3.16487 3.11689 3.06895 3.03851 3.03802 3.03802 3.43037 3.49798 3.56602 3.75900 3.82945 3.83233 4.14293 4.17780 4.14908
2.52432 2.52432 2.52432 2.52432 2.52432 2.52428 2.52358 2.52258 2.52148 2.52638 2.54538 2.53271 2.52004 2.77572 2.89334 2.77612 2.80404 2.70040 2.66284 2.61600 2.61600 2.61600 2.60261 2.48088 2.33549 2.19020 2.04490 1.89960 1.83306 2.41389 2.23296 2.11211 2.11211 2.11211 2.11397 2.22853 2.40856 2.58344 3.00443 3.04543 2.94849 2.99789 3.13256 3.25202 3.23180 3.15161 3.17566 3.13109 3.13452 3.09756 3.05116 3.03802 3.03802 3.03802 3.03802 3.03802 3.03802 3.03802 3.28180 3.49942 3.55299 3.68945 3.83407 3.83655 4.04180 4.20621 4.24892
2.52432 2.52432 2.52388 2.52291 2.52185 2.51419 2.50114 2.48847 2.47579 2.48265 2.58445 2.65205 2.71882 2.94446 3.10315 2.97236 2.86246 2.64781 2.42053 2.21550 2.06889 1.92376 1.79186 1.76829 1.76829 1.76829 1.76829 1.76829 1.78608 2.28635 2.30860 2.22964 2.42830 2.62388 2.81343 2.90349 2.93185 2.96490 3.17518 3.37965 3.12435 3.14526 3.17829 3.22538 3.16315 2.97924 2.96359 2.96480 3.01100 3.04924 3.05146 3.05366 3.05384 3.05036 3.04688 3.04325 3.03978 3.03628 3.12795 3.50002 3.51799 3.64912 3.94347 4.03525 4.15272 4.25119 4.28423
2.52207 2.51303 2.49952 2.48684 2.47417 2.48658 2.55120 2.61798 2.68477 2.73889 2.77745 2.80412 2.83931 2.84399 2.47571 2.28094 2.05908 1.96986 1.83419 1.78036 1.76829 1.76829 1.76829 1.76829 1.76829 1.76829 1.77160 1.83535 2.07186 2.61422 3.11890 2.99306 2.97476 2.99861 3.04976 3.10419 3.16212 3.20619 3.24336 3.48012 3.06810 2.95836 2.95545 2.87676 2.86456 2.75246 2.76072 2.77254 2.82509 2.91790 2.91220 2.90651 2.90271 2.90269 2.90269 2.90269 2.90413 2.94362 3.03046 3.56722 3.70627 3.76406 4.07434 4.09055 4.09167 4.17211 4.17809
2.47266 2.49356 2.55975 2.62652 2.69086 2.74067 2.77017 2.79975 2.82924 2.85881 2.91204 2.94283 2.93720 2.91537 2.07989 2.02126 1.96901 1.95112 1.77599 1.81976 1.88158 1.88520 1.88878 1.91789 2.12543 2.35344 2.56062 2.70710 2.71697 2.84857 3.39954 3.25423 3.21241 3.24098 3.22537 3.20890 3.19248 3.17750 3.17477 3.34442 3.13285 2.96380 2.97346 2.84196 2.81372 2.74650 2.71171 2.74585 2.76874 2.90274 2.90435 2.90680 2.90941 2.94302 3.03093 3.12373 3.21558 3.26361 3.26393 3.57262 3.78070 3.76298 3.97525 4.03768 3.99847 4.02096 4.04461
2.63091 2.70179 2.73193 2.76149 2.79188 2.81483 2.81199 2.80688 2.80178 2.79668 2.80783 2.83922 2.83577 2.83230 2.22184 1.92637 1.90186 1.88290 1.76667 1.77439 2.06654 2.29555 2.50658 2.68209 2.71755 2.75947 2.81040 2.86516 2.92230 2.95529 3.47934 3.40549 3.18821 3.17559 3.17477 3.17477 3.17477 3.17477 3.17477 3.27782 3.26799 2.96518 2.96533 2.87712 2.79487 2.74814 2.68972 2.74243 2.74383 2.92888 3.02950 3.11803 3.20648 3.26250 3.26393 3.26393 3.26393 3.26659 3.31333 3.52393 3.93490 3.66245 3.78641 3.95407 3.90179 3.86675 3.86328
2.78019 2.77509 2.76999 2.76488 2.76144 2.76135 2.76135 2.76135 2.76135 2.76135 2.76684 2.82050 2.82057 2.82257 2.49107 1.98909 2.09094 2.24004 2.40296 2.51352 2.72533 2.77245 2.82439 2.88016 2.93195 2.92642 2.90724 2.88805 2.86886 2.87098 3.25312 3.47043 3.17477 3.17477 3.17477 3.17477 3.17477 3.17368 3.16010 3.18053 3.31924 2.94436 2.86142 2.77542 2.66190 2.68323 2.78304 2.92158 3.02076 3.20683 3.26393 3.26393 3.26423 3.28116 3.33923 3.40256 3.46862 3.53474 3.55925 3.57646 3.95057 3.41397 3.38746 3.71562 3.71562 3.71734 3.81207
2.76135 2.76135 2.76135 2.76135 2.76245 2.77495 2.78992 2.80422 2.81796 2.83113 2.84377 2.89994 2.91786 2.92676 2.84552 2.70456 2.86132 2.78207 2.81844 2.71125 2.92370 2.92144 2.90225 2.88307 2.86427 2.85817 2.85817 2.85817 2.85817 2.86049 3.08030 3.51964 3.20174 3.14189 3.12318 3.10355 3.08274 3.06241 3.05782 3.05789 3.26944 3.03294 2.96892 3.04515 2.96899 3.05080 3.08752 3.09719 3.06289 3.18136 3.34458 3.41126 3.48024 3.52957 3.54178 3.55342 3.56505 3.57671 3.58294 3.58295 3.74355 3.50266 3.30715 3.68602 3.71562 3.71562 3.77969
2.76135 2.83703 2.85408 2.86584 2.87638 2.87855 2.87855 2.87855 2.87855 2.87855 2.87855 2.90953 2.96223 3.02949 3.10281 2.89990 3.08279 2.91769 2.81456 2.70536 2.80717 2.85817 2.85817 2.85817 2.85817 2.86066 2.91687 2.99853 3.08524 3.17749 3.33108 3.45180 3.19785 3.05782 3.05782 3.05782 3.05782 3.06214 3.07894 3.12015 3.30632 3.37012 3.52192 3.56478 3.34057 3.45172 3.54696 3.53869 3.30049 3.38296 3.54642 3.55807 3.56970 3.58058 3.58295 3.58295 3.58295 3.58295 3.58295 3.58295 3.66603 3.66726 3.30290 3.57477 3.71562 3.71562 3.74013
2.76135 2.85040 2.87855 2.87855 2.87855 2.87855 2.87855 2.87949 2.92010 2.98596 3.05771 3.15905 3.21585 3.15599 3.09449 2.73490 2.88500 2.80378 2.71213 2.69339 2.80707 2.98590 3.07177 3.16314 3.26051 3.36091 3.39080 3.39080 3.39080 3.39080 3.42436 3.44917 3.32811 3.18257 3.24270 3.29342 3.34675 3.39783 3.43409 3.43651 3.50418 3.68160 3.83568 3.97780 3.80977 3.75631 3.76989 3.77854 3.39774 3.38886 3.57203 3.56305 3.55042 3.53777 3.52513 3.51252 3.49982 3.48717 3.47453 3.46190 3.46198 3.66284 3.17470 3.29289 3.37270 3.17123 2.98028
2.76135 2.82213 2.87855 2.88139 2.92851 2.99512 3.06769 3.14594 3.14982 3.08862 3.02711 2.97522 2.98134 2.97966 2.97594 2.76855 3.00230 3.15316 3.10213 3.17082 3.22597 3.39080 3.39080 3.39080 3.39080 3.39080 3.39080 3.39080 3.39080 3.39089 3.42299 3.45879 3.45547 3.44828 3.42654 3.41664 3.40412 3.39138 3.37863 3.36589 3.36128 3.62944 3.84789 4.00219 3.93824 3.88577 3.89029 3.89488 3.58597 3.46429 3.49681 3.51030 3.51683 3.52327 3.52969 3.53626 3.54266 3.54910 3.55567 3.55739 3.45231 3.46604 3.00486 2.73234 2.94427 2.94427 2.94427
2.81512 2.92888 3.07783 3.15431 3.14197 3.08046 3.01901 2.95748 2.91945 2.91082 2.90178 2.89716 2.94799 2.94878 2.94883 2.94754 3.12632 3.43276 3.35673 3.26605 3.24116 3.27652 3.27603 3.27798 3.28002 3.28199 3.29362 3.29634 3.29502 3.29357 3.27567 3.19145 3.17871 3.16753 3.16320 3.16030 3.17290 3.21221 3.25230 3.29242 3.32676 3.44913 3.62376 3.89021 3.95171 3.99004 3.98798 3.98798 3.78074 3.53635 3.55584 3.57061 3.57061 3.57061 3.57061 3.56842 3.47184 3.30520 3.13875 2.97691 2.92179 3.02233 2.96976 2.64299 2.91510 2.94757 2.95495
3.01505 3.06028 3.08002 3.02201 2.98938 2.98567 2.98203 2.97836 2.97521 2.96560 2.93933 2.90199 2.97459 3.01852 3.00749 2.99697 2.95743 3.40100 3.60965 3.45938 3.44434 3.32543 3.32205 3.32621 3.32284 3.31952 3.30656 3.30246 3.30246 3.30246 3.30246 3.17622 3.18270 3.22281 3.26293 3.30301 3.33030 3.33111 3.33111 3.33111 3.33111 3.38750 3.55851 3.83342 3.91995 4.01133 3.98798 3.98798 3.90561 3.53635 3.54813 3.56966 3.48855 3.32261 3.15597 2.99171 2.92179 2.92179 2.92179 2.92179 2.91678 2.89219 3.01589 2.66335 2.85981 2.97633 2.96777
2.52411 2.76727 2.84331 2.84770 2.81127 2.77716 2.74481 2.71420 2.68576 2.67000 2.66542 2.66542 2.83455 3.02954 3.02954 3.02954 2.92990 3.36705 3.59589 3.52262 3.48548 3.35580 3.30994 3.30246 3.30246 3.30246 3.30246 3.30462 3.33571 3.37580 3.41591 3.36228 3.33111 3.33111 3.33111 3.33111 3.33111 3.33111 3.33111 3.33111 3.33111 3.33642 3.51961 3.74246 3.89284 4.02816 3.98798 3.98776 3.90941 3.34212 3.14320 3.00772 2.92234 2.92179 2.92179 2.92179 2.90257 2.84734 2.79312 2.73892 2.68969 2.67215 2.86707 2.74248 2.77886 2.93565 2.93469
2.08843 2.58062 2.67268 2.69588 2.66542 2.66542 2.66542 2.66542 2.66725 2.67625 2.68596 2.69569 2.79000 3.07925 3.08900 3.09913 3.08295 3.16199 3.32743 3.41651 3.47044 3.37447 3.30246 3.30953 3.34631 3.38642 3.42653 3.46446 3.47349 3.47349 3.47349 3.41246 3.33111 3.33111 3.33111 3.33111 3.33111 3.33111 3.33111 3.33111 3.33111 3.33111 3.46099 3.63002 3.83625 3.78427 3.54748 3.35067 3.23370 3.00104 2.89481 2.92979 2.89840 2.84421 2.79003 2.73582 2.69848 2.67986 2.65656 2.63329 2.61002 2.59933 2.74855 2.80653 2.70999 2.93469 2.93469
1.96590 2.51919 2.63152 2.76348 2.71355 2.72327 2.73299 2.74271 2.75062 2.75134 2.75134 2.75591 2.78089 3.10591 3.11541 3.11541 3.11541 3.02216 3.29062 3.37995 3.46250 3.45027 3.43713 3.47019 3.47349 3.47349 3.47349 3.47349 3.47349 3.47349 3.47349 3.44510 3.33111 3.33111 3.33111 3.33111 3.33111 3.33111 3.33111 3.33111 3.30673 3.18123 3.11106 3.16437 3.18422 3.26947 3.26592 3.21890 3.15509 2.96847 2.74537 2.70977 2.69344 2.67044 2.64714 2.62389 2.60290 2.59933 2.59933 2.59933 2.59933 2.59933 2.65100 2.88029 2.67607 2.90312 2.93469
1.96566 2.36677 2.58596 2.83669 2.75168 2.75134 2.75134 2.75285 2.76604 2.78059 2.79395 2.80293 2.80330 3.04309 3.11541 3.11365 3.10943 2.99176 3.22894 3.31863 3.42452 3.45947 3.47515 3.47349 3.47349 3.47349 3.47349 3.47349 3.47349 3.47349 3.47349 3.47127 3.33760 3.33111 3.33111 3.33111 3.32087 3.21103 3.07259 2.93418 2.82014 2.80725 2.81862 3.00943 3.08317 3.05988 3.06296 2.93006 2.90461 2.84269 2.60350 2.59544 2.59959 2.59933 2.59933 2.60088 2.61022 2.62056 2.63085 2.64116 2.65147 2.66178 2.67218 2.95213 2.80842 2.94577 3.06618
1.96245 2.18826 2.58062 2.79232 2.77782 2.77607 2.78979 2.80133 2.80330 2.80330 2.80330 2.80102 2.79678 2.95989 3.10041 3.09792 3.09791 3.03784 3.10094 3.29561 3.39102 3.44594 3.46910 3.47349 3.47349 3.47349 3.47349 3.47349 3.47349 3.47349 3.47349 3.47349 3.36554 3.24083 3.10243 2.96398 2.83584 2.80725 2.80725 2.80725 2.80680 2.80778 2.81061 2.94800 2.89042 2.84031 2.92476 2.78522 2.77066 2.76633 2.55604 2.56456 2.73320 2.74327 2.75336 2.76189 2.76267 2.76245 2.76222 2.76200 2.76178 2.76156 2.76039 2.90848 2.89107 2.83105 2.99271
1.97182 2.11471 2.64095 2.79057 2.84427 2.80330 2.80324 2.80047 2.79624 2.79200 2.78776 2.78292 2.74877 2.80390 2.99389 2.95374 2.91126 2.87765 2.95895 3.27139 3.34850 3.43306 3.46789 3.52867 3.53641 3.54411 3.54946 3.53887 3.52536 3.45053 3.29979 3.14795 2.97011 2.90271 2.90553 2.90834 2.91120 2.91403 2.91688 2.89289 2.83202 2.76953 2.70514 2.78775 2.92972 2.85119 2.85718 2.77263 2.73850 2.73850 2.59089 2.51402 2.75191 2.75980 2.75980 2.75980 2.75980 2.75980 2.75971 2.73418 2.69185 2.64608 2.59781 2.67104 2.89109 2.70637 2.98331
2.21871 2.23413 2.56716 2.71521 2.84421 2.77236 2.74393 2.69603 2.64711 2.59541 2.54084 2.48696 2.47330 2.50700 2.82851 2.82360 2.81819 2.81319 2.81026 3.19696 3.13217 3.18805 3.26841 3.44529 3.42424 3.36616 3.21524 3.07405 2.93573 2.85867 2.86349 2.89357 2.94351 3.01842 3.04546 3.03420 2.86816 2.75293 2.68853 2.65105 2.65080 2.65080 2.65080 2.68351 2.96495 2.85826 2.85496 2.81242 2.73850 2.73850 2.65085 2.50766 2.70153 2.75980 2.76011 2.73865 2.69667 2.65130 2.60226 2.58395 2.58395 2.58395 2.58395 2.58736 2.91491 2.73543 3.01106
