High_resolution/powerplant/Chizhou/OMI_NO2_200508.asc
ncols      200
nrows      200
xllcorner       115.585
yllcorner       28.7700
cellsize     0.0166667
NODATA_Value      -999.000
[rows 0 to 28 of 164, columns 130 to 194 of 200]
2.75320 2.75320 2.56646 2.40110 2.20905 2.20905 2.20905 2.24911 2.32476 2.36027 2.39115 2.44832 2.49898 2.54089 2.58190 2.62310 2.65956 2.65920 2.71857 2.80380 2.97534 3.21830 3.38234 3.68137 4.04931 4.41323 4.24626 4.24626 4.24626 4.24626 4.24626 4.24626 4.24626 4.24626 4.33240 4.46307 4.21898 3.95677 3.94087 3.83930 3.74329 3.66473 3.60627 3.59809 4.08586 6.17613 6.20604 7.08196 7.13211 7.21739 10.4663 10.6149 10.6149 10.6149 10.6042 10.5662 10.6107 10.3544 9.99290 9.68023 9.62837 10.6149 10.6149 10.6149 10.6149
3.10845 3.28237 3.26864 3.25792 3.35746 3.33413 3.31280 3.30476 3.34881 3.37451 3.39904 3.40510 3.40958 3.43515 3.46159 3.51907 3.58726 3.74336 3.80223 3.70806 3.62791 3.68619 3.82268 3.88094 4.19034 4.60091 4.24626 4.24626 4.24626 4.24626 4.24626 4.24626 4.24626 4.24626 4.25907 4.34190 4.13300 3.66402 3.60595 3.59809 3.59809 3.59809 3.59809 3.59809 3.60348 5.81548 6.19096 6.70353 6.89301 6.84046 8.19435 8.70948 8.57102 8.46585 8.38271 8.23625 8.03081 7.99003 7.99003 7.99003 8.07009 10.5166 10.0197 9.47820 9.04753
3.16118 3.42404 3.37633 3.30507 3.33980 3.35777 3.36697 3.39631 3.46402 3.49126 3.51709 3.60433 3.66433 3.69534 3.72212 3.72292 3.71599 3.75851 3.81926 3.76758 3.62791 3.63541 3.81407 3.82268 4.12146 4.53799 4.24626 4.24626 4.24626 4.24626 4.23163 4.14045 4.05119 3.97533 3.92341 4.05540 4.07547 3.70671 3.69194 3.70700 3.72134 3.73499 3.80366 4.17316 4.32389 5.52787 6.58592 6.72206 6.91270 7.00570 7.52945 8.19214 8.19214 8.19214 8.18728 8.04895 7.68158 7.53601 7.40694 7.29192 7.18852 7.75682 7.71378 7.27572 6.68098
3.00010 3.35270 3.36014 3.32924 3.40947 3.50038 3.53460 3.62136 3.69655 3.73538 3.75775 3.72726 3.71599 3.71599 3.71599 3.71599 3.71599 3.72684 3.81876 3.81316 3.63497 3.62791 3.76708 3.88636 4.11542 4.53190 4.28969 4.16011 4.08540 4.02167 3.97434 3.97347 3.97928 3.98330 3.98346 4.05871 4.11355 3.90807 3.81488 3.93748 4.07021 4.35861 4.64117 5.01807 5.21712 5.67510 6.89668 6.90446 7.05418 7.06407 7.23151 7.75241 7.65456 7.56413 7.48316 7.45939 7.12786 7.07175 6.84453 6.48939 6.06058 5.60627 5.26990 5.26990 5.26990
2.99894 3.38625 3.44494 3.51002 3.60155 3.74088 3.74874 3.69974 3.69863 3.71599 3.71599 3.71808 3.74911 3.78955 3.82994 3.87050 3.91093 3.95149 4.07335 4.13572 4.03842 4.02523 4.13485 4.26177 4.25584 4.45130 4.11954 3.98346 3.98346 3.98346 3.98346 3.98346 3.98346 3.98346 4.01779 4.15570 4.37688 4.53353 4.76803 4.94258 5.09527 5.13723 5.14095 5.26968 5.36233 5.37340 6.74490 6.92101 7.03296 7.08911 7.09400 7.43774 7.46158 7.44462 7.27594 7.04750 6.37177 5.47608 5.31755 5.31755 5.31755 5.30731 5.26990 5.26990 5.26990
3.22463 3.50747 3.58650 3.55624 3.54352 3.65336 3.65482 3.64871 3.71112 4.05294 4.09333 4.13185 4.14116 4.14116 4.14116 4.14116 4.14116 4.14116 4.19202 4.26166 4.19541 4.10812 4.12263 4.09194 4.09089 4.34274 4.19665 3.98346 3.98346 3.98346 4.01779 4.12275 4.28905 4.46942 4.61579 4.71138 4.88195 4.90411 5.14564 5.15523 5.15918 5.16228 5.16251 5.23677 5.37599 5.37599 6.25659 6.92281 6.97834 7.05610 6.84904 6.87772 6.74735 6.46676 6.41049 6.41049 6.15994 5.31755 5.31755 5.31755 5.31755 5.31446 5.26990 5.26990 5.26990
3.28205 3.32300 3.48294 3.48965 3.49881 3.58395 3.62432 3.62432 3.63213 4.11511 4.14116 4.14116 4.14116 4.14116 4.14202 4.15630 4.17521 4.19411 4.22854 4.31798 4.28545 4.12662 4.12662 4.10184 4.09086 4.24459 4.30658 4.15121 4.33348 4.52272 4.67816 4.76293 4.78644 4.79582 4.80492 4.80766 4.88036 4.90367 5.09316 5.16251 5.16251 5.16251 5.16251 5.18629 5.37597 5.38305 5.73241 6.48570 6.24935 5.95278 5.91386 6.11644 6.41049 6.41049 6.41049 6.41049 6.38080 5.37521 5.31755 5.31755 5.31755 5.31755 5.32269 5.71302 6.06039
3.35047 3.25262 3.48294 3.48647 3.49881 3.54909 3.62432 3.62432 3.62432 3.99789 4.14150 4.15420 4.17312 4.19203 4.21008 4.21471 4.21471 4.21471 4.21473 4.30244 4.31533 4.14297 4.13117 4.17749 4.22395 4.40326 4.98145 4.79965 4.80713 4.80766 4.80766 4.80766 4.80766 4.80766 4.80766 4.80766 4.85415 4.90367 5.01379 5.16251 5.16251 5.16979 5.20215 5.23641 5.45748 5.51164 5.51808 5.94668 5.99980 5.94172 5.91386 5.98209 6.41049 6.41049 6.41049 6.41049 6.41049 5.75098 5.51256 5.73553 5.92287 6.06996 6.41395 6.66248 6.66248
3.49160 3.37112 3.46257 3.46151 3.47120 3.48489 3.59310 3.60217 3.61920 3.88472 4.16978 4.17413 4.17225 4.17037 4.16852 4.16593 4.15381 4.13856 4.10920 4.19165 4.35669 4.36621 4.40049 4.40801 4.37534 4.37491 4.92502 4.83295 4.80766 4.80766 4.80766 4.80766 4.80766 4.80766 4.80766 4.80766 4.82789 4.91095 4.97444 5.23613 5.27109 5.29829 5.30040 5.30040 5.43664 5.51388 5.51388 5.77767 5.99980 5.96889 5.81583 5.73902 6.09272 6.13920 6.19593 6.25309 6.31017 6.04313 5.51813 5.44151 5.36489 5.29916 5.74328 6.66248 6.66248
3.72145 3.63143 3.43955 3.44328 3.46914 3.49035 3.61525 3.64271 3.64271 3.76418 4.14578 4.13241 4.11901 4.10385 4.06644 4.02027 3.98321 3.94924 3.92938 4.05424 4.46825 4.44833 4.41021 4.41021 4.38492 4.37445 4.71502 4.87904 4.80766 4.80766 4.80766 4.80766 4.80766 4.81516 4.84765 4.88215 4.91721 5.03442 5.06554 5.30252 5.37814 5.40505 5.43192 5.45882 5.37342 5.14814 5.16036 5.26544 5.60613 5.65662 5.26154 5.38919 5.81913 6.09660 6.09697 6.09697 6.09697 6.01770 5.26396 5.17613 5.09260 5.00884 5.08682 5.98818 5.86285
3.74347 3.74405 3.50909 3.48831 3.44601 3.39097 3.47970 3.58597 3.57258 3.56750 4.02237 4.00558 3.97161 3.93942 3.92949 3.92903 3.92903 3.92903 3.92903 3.93421 4.42097 4.46383 4.41075 4.41021 4.39662 4.37445 4.49906 4.93923 4.86464 4.89904 4.95840 5.01977 5.08112 5.13499 5.16388 5.19075 5.21765 5.30624 5.34349 5.47417 5.60233 5.62976 5.68759 5.74884 5.75810 5.32608 5.40636 5.49406 6.00599 6.05665 5.73341 5.59459 5.71188 5.90743 5.82378 5.74019 5.65649 5.57284 4.88574 4.71461 4.71461 4.71461 4.72302 5.71141 5.79777
3.62348 3.57388 3.32986 3.19747 3.18183 3.14266 3.22717 3.47721 3.44326 3.41716 3.79193 3.90279 3.88792 3.87361 3.85898 3.84469 3.81435 3.77396 3.73450 3.69495 3.96687 4.12335 4.03966 3.98843 3.94641 3.88329 3.87403 4.61420 4.77194 4.83913 5.24748 5.24748 5.24748 5.24748 5.24748 5.24748 5.24748 5.31299 5.42985 5.65223 5.92074 6.03190 6.11227 6.18976 6.20732 5.59697 5.53402 5.52029 5.78337 5.97346 5.77396 5.44940 5.45332 5.51968 5.52050 5.52050 5.52050 5.52050 5.13037 4.71461 4.71461 4.71461 4.71461 5.40271 5.79777
3.39109 3.37310 3.23908 3.02428 2.95881 2.80033 2.80938 3.12948 3.13909 3.13813 3.29420 3.40221 3.37862 3.35508 3.33152 3.30810 3.29909 3.29909 3.29909 3.29909 3.43816 3.76310 3.74756 3.73445 3.74549 3.77160 3.77938 4.21534 4.58348 4.59189 5.21789 5.24748 5.24748 5.27610 5.36655 5.68360 6.04451 6.38884 6.76987 6.92924 6.25994 6.16340 6.14965 6.13592 6.12299 5.66820 5.46822 5.46822 5.59002 5.94273 5.89616 5.45022 5.44845 5.50488 5.52050 5.52050 5.52050 5.52050 5.37536 4.71461 4.71461 4.71461 4.71461 5.13700 5.78633
2.98299 3.12675 3.06382 3.01476 3.01876 2.84711 2.84323 3.09196 3.18406 3.18406 3.21499 3.29909 3.29909 3.29909 3.29909 3.29909 3.29909 3.30032 3.30982 3.32086 3.34768 3.78309 3.79254 3.75461 3.75461 3.76435 3.77938 3.94463 4.61290 4.60774 5.30449 5.85575 6.29098 6.71391 7.07527 7.20996 7.30067 7.39121 6.95166 6.86177 6.42875 6.12005 6.12005 6.12005 6.12005 5.82229 5.46822 5.46822 5.51171 5.93081 5.94273 5.57398 5.44845 5.48578 5.52050 5.52050 5.52050 5.52050 5.51945 4.81559 4.73445 4.78336 4.82616 5.03006 5.67098
2.77747 3.04130 3.07151 3.03606 3.03237 2.88405 2.84323 2.99680 3.18406 3.18406 3.18919 3.29693 3.29909 3.29984 3.30869 3.31974 3.33078 3.34062 3.34216 3.34216 3.34216 3.65635 3.80346 3.75743 3.75461 3.81099 4.09291 4.37813 5.62383 6.12469 6.85681 7.42191 7.43836 7.43836 7.43836 7.43836 7.43836 7.43836 7.10838 6.86177 6.65608 6.12005 6.12005 6.12005 6.16362 6.14615 5.71655 5.84464 5.94006 5.94273 5.94273 5.74334 5.44845 5.46625 5.52050 5.52050 5.51650 5.50920 5.50287 5.13755 4.88363 4.74380 4.54694 4.36884 4.67447
2.76400 2.93529 3.04419 2.98376 2.94109 2.81255 2.71290 2.75722 3.03735 3.02264 3.01553 3.10793 3.13155 3.12725 3.11463 3.09901 3.08351 3.06789 3.05180 3.04295 3.03889 3.28305 3.94619 4.35167 4.74568 5.00155 5.04409 5.04622 5.84143 6.40885 6.74257 7.43836 7.43836 7.43836 7.43836 7.43836 7.43836 7.43836 7.26515 6.86177 6.90081 6.34398 6.45465 6.62758 6.75433 6.73943 5.97344 5.94273 5.94273 5.94273 5.94273 5.88391 5.44692 5.44569 5.48329 5.45964 5.35427 5.15093 4.94742 4.56382 3.85540 3.77756 3.75633 3.73516 4.22046
2.53708 2.62914 2.86642 2.72315 2.53293 2.45230 2.32099 2.33460 2.70083 2.75685 2.76032 2.83277 2.89502 2.90452 2.91731 2.93011 2.94222 2.95000 2.95833 2.95941 2.95511 3.07968 4.64213 4.81071 5.01537 5.01537 5.02712 5.04428 5.44187 6.40885 6.55070 7.43836 7.43836 7.43836 7.43836 7.43836 7.50614 7.71392 7.91593 7.53403 7.68097 7.07036 6.75551 6.75156 6.74761 6.74366 6.07076 5.81869 5.76721 5.69758 5.62760 5.52153 5.05678 4.80087 4.64997 4.48327 4.38379 4.38362 4.38362 4.36786 3.72326 3.68051 3.66109 3.63881 3.95575
2.53708 2.54206 2.84959 2.80867 2.56388 2.54389 2.36459 2.38181 2.63789 2.79846 2.81126 2.86389 2.96819 2.96543 2.96092 2.95659 2.95294 2.95363 2.95372 2.95372 2.95372 2.95372 4.23410 4.71539 5.01537 5.01537 5.01797 5.04394 5.12739 6.32393 6.41604 7.37254 7.50204 7.70667 7.93733 8.19456 8.37820 8.37858 8.37464 7.82530 7.64600 7.31294 6.71296 6.71255 6.68225 6.63349 6.04949 5.36049 5.15980 4.97739 4.79520 4.64951 4.48202 4.32958 4.35201 4.36406 4.34183 4.31953 4.29730 4.27504 3.78858 3.53287 3.53005 3.53005 3.70771
2.53918 2.55664 2.81411 2.94795 2.66408 2.68434 2.49674 2.48727 2.60095 2.82852 2.82390 2.82805 2.95054 2.95354 2.95372 2.95372 2.95372 2.95372 2.95595 2.96525 2.97432 2.98240 3.75528 4.76534 5.09418 5.16526 5.18640 5.23137 5.28899 6.47509 7.13283 7.98604 8.35703 8.36085 8.36085 8.36085 8.36085 8.36085 8.36085 8.01090 7.60891 7.49889 6.51085 6.26361 6.06327 5.88102 5.42405 4.63722 4.66093 4.70816 4.75535 4.80255 4.79402 4.58931 4.56205 4.23044 4.23044 4.23044 4.23044 4.23044 3.97824 3.53005 3.53005 3.53005 3.57839
2.62166 2.62055 2.73221 2.97260 2.70214 2.63580 2.60176 2.60674 2.64364 3.02059 3.03071 3.03336 3.17586 3.22024 3.23140 3.24247 3.25365 3.26530 3.27353 3.27214 3.27091 3.27090 3.52908 5.32497 5.60557 5.90775 6.05355 6.21933 6.32998 7.16568 8.36085 8.36085 8.36085 8.36085 8.36085 8.36031 8.32916 8.24270 7.95135 7.47629 6.61757 6.35353 5.85806 5.76523 5.81240 5.85960 5.85268 4.93986 4.94999 4.94999 4.94999 4.94999 4.94985 4.68627 4.64124 4.27120 4.23044 4.23044 4.23044 4.23044 4.17994 3.54014 3.53005 3.53005 3.53005
2.57024 2.57664 2.66851 3.03505 2.97019 2.65431 2.58919 2.63907 2.62996 2.95210 3.04093 3.04093 3.17171 3.27090 3.27090 3.27090 3.27090 3.27090 3.27090 3.27090 3.26950 3.26295 3.25523 5.24112 5.96903 6.33191 6.33191 6.33191 6.33191 6.68006 8.25178 8.36023 8.32818 8.12693 7.80484 7.45668 7.12054 6.83935 6.76357 6.71097 6.48471 6.51432 6.28367 5.97751 5.97751 5.97751 5.97751 5.15170 4.94999 4.94999 4.94999 4.94999 4.94999 4.78559 4.64236 4.38096 4.23044 4.23044 4.23044 4.23044 4.23044 3.70165 3.53005 3.43897 3.24705
2.82423 2.94033 2.98069 3.14793 3.11510 2.77420 2.53962 2.61833 2.61833 2.83256 3.04093 3.04093 3.11602 3.27090 3.27090 3.27090 3.26992 3.26372 3.25609 3.24752 3.24003 3.23944 3.23944 4.52787 5.84009 6.32243 6.33191 6.33200 6.28920 6.16507 7.13805 7.20103 6.86574 6.69988 6.65480 6.63579 6.63579 6.63579 6.63579 6.63579 6.55657 6.51758 6.44877 5.97816 5.97751 5.97751 5.97751 5.39460 4.94999 4.94999 4.94999 4.94999 4.94999 4.88511 4.64236 4.49176 4.23044 4.23044 4.22949 4.11430 3.92238 3.41367 2.83815 2.73488 2.67608
2.98069 2.98069 2.98069 3.07129 3.17060 2.90775 2.52761 2.61833 2.61833 2.71574 3.04093 3.04093 3.05928 3.26380 3.25693 3.24847 3.24044 3.23944 3.23944 3.23944 3.23944 3.23944 3.19910 3.56422 5.36341 5.56739 5.46064 5.16070 4.90372 4.88349 5.87293 6.63579 6.63579 6.63579 6.63579 6.63579 6.63579 6.63579 6.63579 6.63579 6.58855 6.51758 6.51758 6.07538 5.97751 5.97751 5.97751 5.63710 4.94999 4.94999 4.94999 4.94999 4.94999 4.94886 4.67290 4.46031 3.89844 3.70548 3.51986 3.42829 3.37098 3.21775 2.54966 2.47864 2.48598
2.65851 2.64097 2.62343 2.62207 2.87262 2.93505 2.62960 2.60558 2.61602 2.59010 2.97521 2.98018 2.95633 3.19410 3.23944 3.23944 3.17379 3.05062 2.92746 2.81536 2.77023 2.74504 2.76040 2.85751 3.75747 4.36536 4.87554 4.87554 4.87554 4.87554 5.44696 6.56252 6.63579 6.63579 6.63579 6.63579 6.63579 6.63579 6.63579 6.63579 6.62048 6.51758 6.51758 6.24127 5.97751 5.97751 5.96596 5.80603 5.01941 5.05106 5.07644 4.98500 4.84687 4.70993 4.32288 4.03542 3.63729 3.50896 3.44629 3.40370 3.40370 3.40370 2.86869 2.73974 2.74016
2.55077 2.55077 2.55077 2.55077 2.76628 2.90191 2.72230 2.45554 2.43713 2.42465 2.72200 2.73570 2.61253 2.66181 2.65344 2.56467 2.59210 2.68975 2.78810 2.87521 2.89538 2.89549 2.89549 2.89549 3.45568 4.09250 4.87554 4.87554 4.87554 4.87554 5.24383 6.25845 6.63579 6.63579 6.63579 6.61086 6.54454 6.47746 6.41038 6.34353 6.27645 6.10795 6.02423 5.84715 5.35023 5.28315 5.22106 5.08972 5.01461 4.85610 4.62196 4.48791 4.39907 4.31028 4.13909 3.81562 3.58556 3.40370 3.42435 3.46617 3.50796 3.54978 3.30751 3.04591 3.10118
2.55077 2.55077 2.55077 2.55160 2.65971 2.85163 2.88581 2.49770 2.59032 2.62438 2.45887 2.25129 2.33499 2.53529 2.81805 2.88187 2.89507 2.89549 2.89549 2.89549 2.89549 2.89549 2.89549 2.89549 3.15951 3.92756 4.87731 4.97956 5.01205 5.04486 5.13079 5.42584 6.05709 5.99001 5.92315 5.88100 5.88040 5.88040 5.88040 5.88040 5.88040 5.81075 5.75458 5.62408 4.97512 4.70021 4.44876 4.31715 4.29682 4.25523 4.23700 4.23184 4.20993 4.18673 4.15903 3.75610 3.67361 3.66984 3.69092 3.69092 3.69092 3.69092 3.58134 3.12270 3.12270
2.62181 2.65016 2.67872 2.70703 2.74505 2.98461 3.10049 2.81346 2.81521 2.91182 2.95033 2.59282 2.60709 2.64170 2.91870 2.95137 2.98400 3.01670 3.04930 3.08203 3.11463 3.14737 3.17993 3.21270 3.25567 4.15624 4.88819 5.21940 5.21940 5.21940 5.21066 4.93304 5.81901 5.88040 5.88040 5.88040 5.88040 5.88040 5.87171 5.74120 5.53033 5.11162 4.64068 4.37031 4.16212 4.10875 4.08553 4.06234 4.08189 4.12592 4.10273 4.08468 4.08340 4.08340 4.08340 3.83006 3.66332 3.69025 3.69092 3.69092 3.69092 3.69092 3.68515 3.17770 3.12270
2.83769 2.83773 2.89707 3.00789 3.11479 3.23390 3.35225 3.16207 3.11677 3.13170 3.14498 2.77841 2.72200 2.73501 3.17642 3.23935 3.23935 3.23935 3.23935 3.23935 3.23935 3.23935 3.23935 3.23935 3.23935 3.87064 4.61515 5.21940 5.21940 5.21940 5.21940 4.97775 5.52119 5.88040 5.87062 5.73527 5.42030 5.02116 4.59309 4.20407 3.89391 3.75171 3.93134 3.91544 3.91784 3.97343 3.97343 3.97343 3.99038 4.08340 4.08340 4.08340 4.08340 4.08340 4.08340 3.96542 3.66202 3.68381 3.69092 3.69092 3.69092 3.69092 3.69092 3.36833 3.12270
3.21476 3.25039 3.18244 3.06287 2.94725 2.95328 3.13292 3.14813 3.18810 3.18883 3.18883 2.93385 2.73928 2.73928 3.05535 3.23935 3.23935 3.23935 3.23935 3.23935 3.23935 3.23935 3.23935 3.23935 3.23935 3.56708 4.34270 5.21900 5.21940 5.21940 5.22012 5.00901 4.77172 4.68090 4.16978 3.78289 3.57727 3.45411 3.37022 3.36768 3.36768 3.36768 3.77090 3.88736 3.88988 3.96935 3.97343 3.97343 3.97374 4.07417 4.08340 4.08340 4.08340 4.08340 4.08340 4.07405 3.68869 3.67608 3.69092 3.69092 3.69092 3.69264 3.72664 3.62512 3.29363
