High_resolution/powerplant/Chizhou/OMI_NO2_201006.asc
ncols      200
nrows      200
xllcorner       115.585
yllcorner       28.7700
cellsize     0.0166667
NODATA_Value      -999.000
[rows 29 to 57 of 200, columns 0 to 66 of 200]
0.00000 0.00000 0.00000 0.00000 0.00000 0.00000 0.00000 0.00000 0.00000 0.00000 0.00000 0.00000 0.00000 0.00000 3.24946 3.24946 3.24946 3.24946 3.24946 3.24946 3.24946 3.24946 3.24946 3.24946 3.24946 3.24946 3.24946 3.24946 3.24946 3.24946 3.24946 3.24946 3.24946 2.13201 2.03595 2.03595 2.03595 2.03595 2.03595 2.04238 2.06972 2.09864 2.14296 2.40966 2.41878 2.41878 2.41878 2.41878 2.41878 2.41878 2.41878 2.96861 3.08829 3.11243 3.14291 3.17353 3.20418 3.23264 3.23878 3.23878 3.23878 3.23878 3.23878 3.23878 3.23878 3.23878 3.23878
0.00000 0.00000 0.00000 0.00000 0.00000 0.00000 0.00000 0.00000 0.00000 0.00000 0.00000 0.00000 0.00000 0.00000 3.24946 3.24946 3.24946 3.24946 3.24946 3.24946 3.24946 3.24946 3.24946 3.24946 3.24946 3.24946 3.24946 3.24946 3.24946 3.24946 3.24946 3.24946 3.24946 2.38604 2.03595 2.03771 2.06050 2.08949 2.11835 2.14084 2.14243 2.14243 2.14243 2.33093 2.41878 2.41878 2.41878 2.41805 2.39811 2.36967 2.34120 2.78097 3.23244 3.23878 3.23878 3.23878 3.23878 3.23878 3.23878 3.23878 3.23878 3.23878 3.23878 3.23878 3.23901 3.24563 3.25510
0.00000 0.00000 0.00000 0.00000 0.00000 0.00000 0.00000 0.00000 0.00000 0.00000 0.00000 0.00000 0.00000 0.00000 0.00000 3.24946 3.24946 3.24946 3.24946 3.24946 3.24946 3.24946 3.24946 3.24946 3.24946 3.24946 3.24946 3.24946 3.24946 3.24946 3.24946 3.24948 3.28010 2.83372 2.10914 2.13630 2.14243 2.14243 2.14243 2.14243 2.14243 2.14243 2.14238 2.22209 2.37438 2.34589 2.31744 2.28968 2.28118 2.28118 2.28118 2.50038 3.23878 3.23878 3.23878 3.23878 3.23878 3.23878 3.23878 3.23878 3.23878 3.24364 3.25311 3.26259 3.27184 3.27470 3.27470
0.00000 0.00000 0.00000 0.00000 0.00000 0.00000 0.00000 0.00000 0.00000 0.00000 0.00000 0.00000 0.00000 0.00000 0.00000 3.24946 3.24946 3.24946 3.24946 3.24946 3.24946 3.24946 3.24946 3.24946 3.24946 3.24946 3.24946 3.24946 3.26409 3.31952 3.37741 3.43523 3.46242 3.41906 2.18826 2.14243 2.14243 2.14243 2.13104 2.10272 2.07424 2.04579 2.01736 2.01801 2.27081 2.28118 2.28118 2.28118 2.28118 2.28118 2.28118 2.29161 3.16307 3.23878 3.23878 3.23878 3.23878 3.24183 3.25113 3.26060 3.27008 3.27470 3.27470 3.27470 3.27470 3.27470 3.27470
0.00000 0.00000 0.00000 0.00000 0.00000 0.00000 0.00000 0.00000 0.00000 0.00000 0.00000 0.00000 0.00000 0.00000 0.00000 3.24946 3.24946 3.24946 3.24946 3.24946 3.24946 3.24946 3.24946 3.24946 3.25391 3.30110 3.35899 3.41678 3.46001 3.46242 3.46242 3.46242 3.46242 3.46242 2.39697 2.07894 2.05047 2.02204 2.00498 2.00483 2.00483 2.00483 2.00483 2.00483 2.19111 2.28118 2.28118 2.28118 2.28118 2.28118 2.28118 2.28118 2.88911 3.24040 3.24914 3.25861 3.26810 3.27452 3.27470 3.27470 3.27470 3.27470 3.27470 3.27470 3.27470 3.27470 3.27470
0.00000 0.00000 0.00000 0.00000 0.00000 0.00000 0.00000 0.00000 0.00000 0.00000 0.00000 0.00000 0.00000 0.00000 0.00000 0.00000 3.24946 3.24946 3.24946 3.24946 3.24963 3.28266 3.34052 3.39836 3.45177 3.46242 3.46242 3.46242 3.46242 3.46242 3.46242 3.46242 3.46242 3.46242 2.70984 2.00483 2.00483 2.00483 2.00483 2.00483 2.00483 2.00483 2.00483 2.00483 2.09822 2.28118 2.28118 2.28118 2.28118 2.28187 2.28955 2.29902 2.63181 3.27392 3.27470 3.27470 3.27470 3.27470 3.27470 3.27470 3.27470 3.27470 3.27470 3.27470 3.27470 3.25742 3.06157
0.00000 0.00000 0.00000 0.00000 0.00000 0.00000 0.00000 0.00000 0.00000 0.00000 0.00000 0.00000 0.00000 0.00000 0.00000 0.00000 3.24946 3.26596 3.32208 3.37994 3.43763 3.46242 3.46242 3.46242 3.46242 3.46242 3.46242 3.46242 3.46242 3.46242 3.46242 3.46242 3.46242 3.46242 3.28399 2.01784 2.00483 2.00483 2.00483 2.00483 2.00483 2.00483 2.00483 2.00483 2.01657 2.27004 2.28756 2.29704 2.30652 2.31529 2.31710 2.31710 2.37465 3.25584 3.27470 3.27470 3.27470 3.27470 3.27470 3.27470 3.25742 3.06157 2.81891 2.57625 2.33359 2.10780 2.06020
0.00000 0.00000 0.00000 0.00000 0.00000 0.00000 0.00000 0.00000 0.00000 0.00000 0.00000 0.00000 0.00000 0.00000 0.00000 0.00000 3.34248 3.46048 3.46242 3.46242 3.46242 3.46242 3.46242 3.46242 3.46242 3.46242 3.46242 3.46242 3.46242 3.46242 3.46242 3.46242 3.46242 3.46242 3.46242 2.21592 2.00483 2.00483 2.00483 2.00483 2.00483 2.00483 1.94969 1.80796 1.66518 2.05416 2.31710 2.31710 2.31710 2.31710 2.31710 2.31710 2.31710 3.02898 3.27470 3.25742 3.06157 2.81891 2.57625 2.33359 2.10780 2.06020 2.06020 2.06020 2.06020 2.06020 2.06020
0.00000 0.00000 0.00000 0.00000 0.00000 0.00000 0.00000 0.00000 0.00000 0.00000 0.00000 0.00000 0.00000 0.00000 0.00000 0.00000 0.00000 3.46242 3.46242 3.46242 3.46242 3.46242 3.46242 3.46242 3.46242 3.46242 3.46242 3.46242 3.46242 3.46242 3.46242 3.46242 3.46242 3.46242 3.46242 2.56188 2.00483 2.00483 1.98181 1.85236 1.70954 1.56679 1.47921 1.47815 1.47815 1.75643 2.31710 2.31710 2.31710 2.31710 2.32421 2.47184 2.71539 2.81910 2.33359 2.10780 2.06020 2.06020 2.06020 2.06020 2.06020 2.06020 2.06020 2.06020 2.06020 2.06020 2.06020
0.00000 0.00000 0.00000 0.00000 0.00000 0.00000 0.00000 0.00000 0.00000 0.00000 0.00000 0.00000 0.00000 0.00000 0.00000 0.00000 0.00000 3.46242 3.46242 3.46242 3.46242 3.46242 3.46242 3.46242 3.46242 3.46242 3.46242 3.46242 3.46242 3.46242 3.46242 3.46242 3.46242 3.46242 3.45305 2.90036 1.75397 1.61124 1.49148 1.47815 1.47815 1.47815 1.47815 1.47815 1.47815 1.51311 2.40042 2.67307 2.97386 3.37426 3.90656 4.08696 4.08696 3.55947 2.06020 2.06020 2.06020 2.06020 2.06020 2.06020 2.06020 2.06020 2.06020 2.05683 1.95269 1.80215 1.65150
0.00000 0.00000 0.00000 0.00000 0.00000 0.00000 0.00000 0.00000 0.00000 0.00000 0.00000 0.00000 0.00000 0.00000 0.00000 0.00000 0.00000 3.46242 3.46242 3.46242 3.46242 3.46242 3.46242 3.46242 3.46242 3.46242 3.46242 3.46242 3.46242 3.46242 3.46242 3.33465 3.04961 2.76405 2.48786 2.40907 1.55570 1.47815 1.47815 1.47815 1.47815 1.52514 1.64391 1.79587 1.99670 2.27163 3.52486 4.08696 4.08696 4.08696 4.08696 4.08696 4.08696 4.08696 2.22099 2.06020 2.06020 2.06020 2.06020 2.06020 1.98394 1.83328 1.68269 1.53547 1.48891 1.48891 1.48891
0.00000 0.00000 0.00000 0.00000 0.00000 0.00000 0.00000 0.00000 0.00000 0.00000 0.00000 0.00000 0.00000 0.00000 0.00000 0.00000 0.00000 0.00000 3.46242 3.46242 3.46242 3.46242 3.46242 3.46242 3.46242 3.46242 3.46242 3.40480 3.13841 2.85289 2.56728 2.40949 2.40907 2.40907 2.40907 2.40907 1.79261 1.62344 1.76923 1.96082 2.22381 2.40888 2.40907 2.40907 2.40907 2.40907 2.96562 4.08696 4.08696 4.08696 4.08696 4.08696 4.08696 4.08696 2.63803 2.06020 2.01204 1.86448 1.71383 1.56323 1.48891 1.48891 1.48891 1.48891 1.48891 1.48891 1.48891
0.00000 0.00000 0.00000 0.00000 0.00000 0.00000 0.00000 0.00000 0.00000 0.00000 0.00000 0.00000 0.00000 0.00000 0.00000 0.00000 0.00000 0.00000 3.46242 3.46242 3.46242 3.46242 3.46242 3.44746 3.22721 2.94154 2.65618 2.42813 2.40907 2.40907 2.40907 2.40907 2.40907 2.40907 2.40907 2.40907 2.40907 2.40907 2.40907 2.40907 2.40907 2.40907 2.40907 2.40907 2.40907 2.40907 2.47753 4.01565 4.08696 4.08696 4.08696 4.08696 4.03417 3.75766 2.75109 1.59437 1.49194 1.48891 1.48891 1.48891 1.48891 1.48891 1.48891 1.48891 1.48891 1.48891 1.48891
0.00000 0.00000 0.00000 0.00000 0.00000 0.00000 0.00000 0.00000 0.00000 0.00000 0.00000 0.00000 0.00000 0.00000 0.00000 0.00000 0.00000 0.00000 3.46242 3.46242 3.31601 3.03044 2.74488 2.47438 2.40907 2.40907 2.40907 2.40907 2.40907 2.40907 2.40907 2.40907 2.40907 2.40907 2.40907 2.40907 2.40907 2.40907 2.40907 2.40907 2.40907 2.40907 2.40907 2.40907 2.40907 2.40907 2.40907 3.52486 4.06445 3.82016 3.51886 3.21767 2.96927 2.94437 2.88477 1.53222 1.48891 1.48891 1.48891 1.48891 1.48891 1.48891 1.48891 1.49777 1.62498 1.82038 2.07048
0.00000 0.00000 0.00000 0.00000 0.00000 0.00000 0.00000 0.00000 0.00000 0.00000 0.00000 0.00000 0.00000 0.00000 0.00000 0.00000 0.00000 0.00000 0.00000 2.52560 2.40907 2.40907 2.40907 2.40907 2.40907 2.40907 2.40907 2.40907 2.40907 2.40907 2.40907 2.40907 2.40907 2.40907 2.40907 2.40907 2.40907 2.40907 2.40907 2.40907 2.40907 2.40907 2.40907 2.40907 2.40824 2.31202 2.15095 2.42090 3.00127 2.94437 2.94437 2.94437 2.94437 2.94437 2.94437 1.78038 1.48891 1.48891 1.49762 1.62325 1.81819 2.06763 2.39813 2.82462 2.94437 2.94437 2.94437
0.00000 0.00000 0.00000 0.00000 0.00000 0.00000 0.00000 0.00000 0.00000 0.00000 0.00000 0.00000 0.00000 0.00000 0.00000 0.00000 0.00000 0.00000 0.00000 2.40907 2.40907 2.40907 2.40907 2.40907 2.40907 2.40907 2.40907 2.40907 2.40907 2.40907 2.40907 2.40907 2.40907 2.40907 2.40907 2.40907 2.40907 2.40907 2.40907 2.40907 2.40907 2.35870 2.20120 2.04013 1.87995 1.81515 1.81515 1.86123 2.89637 2.94437 2.94437 2.94437 2.94437 2.94437 2.94437 2.37078 2.06763 2.39813 2.82462 2.94437 2.94437 2.94437 2.94437 2.94437 2.94437 2.94437 2.94437
0.00000 0.00000 0.00000 0.00000 0.00000 0.00000 0.00000 0.00000 0.00000 0.00000 0.00000 0.00000 0.00000 0.00000 0.00000 0.00000 0.00000 0.00000 0.00000 2.40907 2.40907 2.40907 2.40907 2.40907 2.40907 2.40907 2.40907 2.40907 2.40907 2.40907 2.40907 2.40907 2.40907 2.40907 2.40907 2.40907 2.40907 2.39054 2.25138 2.09029 1.92930 1.81866 1.81515 1.81515 1.81515 1.81515 1.81515 1.81515 2.56608 2.94437 2.94437 2.94437 2.94437 2.94437 2.94437 2.94437 2.94437 2.94437 2.94437 2.94437 2.94437 2.94437 2.94437 2.94437 2.94437 2.94437 2.94033
0.00000 0.00000 0.00000 0.00000 0.00000 0.00000 0.00000 0.00000 0.00000 0.00000 0.00000 0.00000 0.00000 0.00000 0.00000 0.00000 0.00000 0.00000 0.00000 0.00000 2.40907 2.40907 2.40907 2.40907 2.40907 2.40907 2.40907 2.40907 2.40907 2.40907 2.40907 2.40907 2.40907 2.40681 2.30145 2.14044 1.97943 1.83689 1.81515 1.81515 1.81515 1.81515 1.81515 1.81515 1.81515 1.81515 1.81515 1.81515 2.19001 2.94437 2.94437 2.94437 2.94437 2.94437 2.94437 2.94437 2.94437 2.94437 2.94437 2.94437 2.94437 2.94437 2.94331 2.91169 2.86604 2.82033 2.77868
0.00000 0.00000 0.00000 0.00000 0.00000 0.00000 0.00000 0.00000 0.00000 0.00000 0.00000 0.00000 0.00000 0.00000 0.00000 0.00000 0.00000 0.00000 0.00000 0.00000 2.40907 2.40907 2.40907 2.40907 2.40907 2.40907 2.40907 2.40907 2.40907 2.40907 2.34997 2.19059 2.02956 1.87086 1.81515 1.81515 1.81515 1.81515 1.81515 1.81515 1.81515 1.81515 1.81515 1.81515 1.81515 1.81515 1.81515 1.81515 1.86306 2.89646 2.94437 2.94437 2.94437 2.94437 2.94437 2.94437 2.94437 2.94437 2.94437 2.92110 2.87540 2.82974 2.78509 2.77103 2.77103 2.77103 2.77103
0.00000 0.00000 0.00000 0.00000 0.00000 0.00000 0.00000 0.00000 0.00000 0.00000 0.00000 0.00000 0.00000 0.00000 0.00000 0.00000 0.00000 0.00000 0.00000 0.00000 0.00000 2.40907 2.40907 2.40907 2.40907 2.40907 2.38507 2.24075 2.07968 1.91873 1.81676 1.81515 1.81515 1.81515 1.81515 1.81515 1.81515 1.81515 1.81515 1.81515 1.81515 1.81515 1.81515 1.81515 1.81515 1.81515 1.81515 1.81515 1.81515 2.56732 2.94437 2.94437 2.94437 2.94437 2.94437 2.92960 2.88481 2.83913 2.79343 2.77103 2.77103 2.77103 2.77103 2.77103 2.77103 2.77103 2.77103
0.00000 0.00000 0.00000 0.00000 0.00000 0.00000 0.00000 0.00000 0.00000 0.00000 0.00000 0.00000 0.00000 0.00000 0.00000 0.00000 0.00000 0.00000 0.00000 0.00000 0.00000 2.40907 2.40467 2.29088 2.12987 1.96886 1.83178 1.81515 1.81515 1.81515 1.81515 1.81515 1.81515 1.81515 1.81515 1.81515 1.81515 1.81515 1.81515 1.81515 1.81515 1.81515 1.81515 1.81515 1.81515 1.81515 1.81515 1.81515 1.81515 2.19220 2.94437 2.93618 2.89422 2.84853 2.80282 2.77192 2.77103 2.77103 2.77103 2.77103 2.77103 2.77103 2.77103 2.77103 2.77103 2.77103 2.77103
0.00000 0.00000 0.00000 0.00000 0.00000 0.00000 0.00000 0.00000 0.00000 0.00000 0.00000 0.00000 0.00000 0.00000 0.00000 0.00000 0.00000 0.00000 0.00000 0.00000 0.00000 2.07773 1.86239 1.81515 1.81515 1.81515 1.81515 1.81515 1.81515 1.81515 1.81515 1.81515 1.81515 1.81515 1.81515 1.81515 1.81515 1.81515 1.81515 1.81515 1.81515 1.81515 1.81515 1.81515 1.81515 1.81515 1.81515 1.80357 1.63601 1.46954 2.73772 2.77471 2.77103 2.77103 2.77103 2.77103 2.77103 2.77103 2.77103 2.77103 2.77103 2.77103 2.77103 2.77103 2.77103 2.77103 2.77103
0.00000 0.00000 0.00000 0.00000 0.00000 0.00000 0.00000 0.00000 0.00000 0.00000 0.00000 0.00000 0.00000 0.00000 0.00000 0.00000 0.00000 0.00000 0.00000 0.00000 0.00000 0.00000 1.81515 1.81515 1.81515 1.81515 1.81515 1.81515 1.81515 1.81515 1.81515 1.81515 1.81515 1.81515 1.81515 1.81515 1.81515 1.81515 1.81515 1.81515 1.81515 1.81515 1.81515 1.81515 1.70327 1.48677 1.27035 1.06544 1.01656 1.01656 2.18522 2.77103 2.77103 2.77103 2.77103 2.77103 2.77103 2.77103 2.77103 2.77103 2.77103 2.77103 2.77103 2.77103 2.77103 2.77103 2.77103
0.00000 0.00000 0.00000 0.00000 0.00000 0.00000 0.00000 0.00000 0.00000 0.00000 0.00000 0.00000 0.00000 0.00000 0.00000 0.00000 0.00000 0.00000 0.00000 0.00000 0.00000 0.00000 1.81515 1.81515 1.81515 1.81515 1.81515 1.81515 1.81515 1.81515 1.81515 1.81515 1.81515 1.81515 1.81515 1.81515 1.81515 1.81515 1.81515 1.81515 1.76117 1.55393 1.33751 1.12110 1.01656 1.01656 1.01656 1.01656 1.01656 1.01656 1.60237 2.77103 2.77103 2.77103 2.77103 2.77103 2.77103 2.77103 2.77103 2.77103 2.77103 2.77103 2.77103 2.77103 2.77103 2.77103 2.77103
0.00000 0.00000 0.00000 0.00000 0.00000 0.00000 0.00000 0.00000 0.00000 0.00000 0.00000 0.00000 0.00000 0.00000 0.00000 0.00000 0.00000 0.00000 0.00000 0.00000 0.00000 0.00000 1.81515 1.81515 1.81515 1.81515 1.81515 1.81515 1.81515 1.81515 1.81515 1.81515 1.81515 1.81515 1.81515 1.81515 1.79814 1.62126 1.40476 1.18832 1.02582 1.01656 1.01656 1.01656 1.01656 1.01656 1.01656 1.01656 1.01656 1.01656 1.09100 2.69659 2.77103 2.77103 2.77103 2.77103 2.77103 2.77103 2.77103 2.77103 2.77103 2.77103 2.77103 2.77103 2.77103 2.77090 2.76965
0.00000 0.00000 0.00000 0.00000 0.00000 0.00000 0.00000 0.00000 0.00000 0.00000 0.00000 0.00000 0.00000 0.00000 0.00000 0.00000 0.00000 0.00000 0.00000 0.00000 0.00000 0.00000 0.00000 1.81515 1.81515 1.81515 1.81515 1.81515 1.81515 1.81515 1.81515 1.81515 1.81436 1.68842 1.47192 1.25550 1.05601 1.01656 1.01656 1.01656 1.01656 1.01656 1.01656 1.01656 1.01656 1.01656 1.01656 1.01656 1.01656 1.01656 1.01656 2.18522 2.77103 2.77103 2.77103 2.77103 2.77103 2.77103 2.77103 2.77103 2.77103 2.77100 2.76996 2.76846 2.76696 2.76560 2.76535
0.00000 0.00000 0.00000 0.00000 0.00000 0.00000 0.00000 0.00000 0.00000 0.00000 0.00000 0.00000 0.00000 0.00000 0.00000 0.00000 0.00000 0.00000 0.00000 0.00000 0.00000 0.00000 0.00000 1.81515 1.81515 1.81515 1.81515 1.81515 1.81515 1.75007 1.53916 1.32266 1.10704 1.01656 1.01656 1.01656 1.01656 1.01656 1.01656 1.01656 1.01656 1.01656 1.01656 1.01656 1.01656 1.01656 1.01656 1.01656 1.01656 1.01656 1.01656 1.60237 2.77103 2.77103 2.77103 2.77103 2.77103 2.77103 2.77026 2.76876 2.76727 2.76581 2.76535 2.76535 2.76535 2.76535 2.76535
0.00000 0.00000 0.00000 0.00000 0.00000 0.00000 0.00000 0.00000 0.00000 0.00000 0.00000 0.00000 0.00000 0.00000 0.00000 0.00000 0.00000 0.00000 0.00000 0.00000 0.00000 0.00000 0.00000 1.81515 1.81515 1.79175 1.60624 1.38982 1.17340 1.02207 1.01656 1.01656 1.01656 1.01656 1.01656 1.01656 1.01656 1.01656 1.01656 1.01656 1.01656 1.01656 1.01656 1.01656 1.01656 1.01656 1.01656 1.01656 1.01656 1.01656 1.01656 1.09100 2.69659 2.77103 2.77054 2.76907 2.76757 2.76608 2.76535 2.76535 2.76535 2.76535 2.76535 2.76535 2.76535 2.76535 2.76535
0.00000 0.00000 0.00000 0.00000 0.00000 0.00000 0.00000 0.00000 0.00000 0.00000 0.00000 0.00000 0.00000 0.00000 0.00000 0.00000 0.00000 0.00000 0.00000 0.00000 0.00000 0.00000 0.00000 0.00000 1.25750 1.04755 1.01656 1.01656 1.01656 1.01656 1.01656 1.01656 1.01656 1.01656 1.01656 1.01656 1.01656 1.01656 1.01656 1.01656 1.01656 1.01656 1.01656 1.01656 1.01656 1.01656 1.01656 1.01656 1.01656 1.01656 1.04852 1.23724 2.33666 2.76638 2.76538 2.76535 2.76535 2.76535 2.76535 2.76535 2.76535 2.76535 2.76535 2.76535 2.76535 2.76535 2.76535
