High_resolution/powerplant/Chizhou/OMI_NO2_200805.asc
ncols      200
nrows      200
xllcorner       115.585
yllcorner       28.7700
cellsize     0.0166667
NODATA_Value      -999.000
[rows 29 to 57 of 175, columns 67 to 133 of 200]
1.41137 1.52255 1.53001 1.59694 1.90810 1.93156 1.94050 1.94678 1.92543 1.89166 1.85761 1.82350 1.78943 1.76123 1.82411 1.91701 1.91701 1.94039 2.10429 2.10435 2.10435 2.12562 2.14162 2.14162 2.14162 2.14162 2.14166 2.17500 2.23069 2.21797 2.10780 2.10188 2.10188 2.22552 2.48377 2.48614 2.48614 2.49416 2.51497 2.53597 2.55695 2.66286 2.75162 2.73845 2.62068 2.54535 2.47957 2.47957 2.51159 2.62915 2.62915 2.62915 2.83894 3.25703 3.36247 3.45626 3.40949 3.36741 3.32819 3.29162 3.38917 3.65784 3.65605 3.65577 3.62401 3.62127 3.62127
1.46318 1.54091 1.52846 1.52487 1.79847 1.82999 1.79593 1.76451 1.75828 1.75828 1.75828 1.75828 1.75828 1.75828 1.79051 1.91701 1.91701 1.91701 2.07556 2.10435 2.10435 2.11403 2.14162 2.14252 2.14437 2.14622 2.14803 2.16276 2.23452 2.23452 2.12317 2.10188 2.10284 2.18254 2.49281 2.54431 2.56532 2.57831 2.57848 2.57848 2.57848 2.61371 2.75162 2.75159 2.63685 2.58351 2.47960 2.48755 2.50310 2.51457 2.45854 2.41166 2.44407 3.03172 3.16544 3.28143 3.28899 3.29175 3.29175 3.29175 3.29891 3.63873 3.65605 3.65605 3.63048 3.61491 3.61144
1.43316 1.44031 1.41159 1.37329 1.61025 1.75828 1.75828 1.75828 1.75828 1.75828 1.75828 1.75828 1.75828 1.75828 1.76286 1.91267 1.91701 1.91701 2.02347 2.10489 2.10669 2.10920 2.14512 2.14861 2.14861 2.14861 2.14861 2.14938 2.23592 2.26527 2.22379 2.18508 2.21035 2.22898 2.51219 2.57848 2.57848 2.57848 2.57848 2.57848 2.57907 2.59018 2.75802 2.79035 2.73009 2.70040 2.56653 2.56583 2.56583 2.45760 2.47965 2.57991 2.68045 3.30817 3.36088 3.30086 3.29175 3.29175 3.29175 3.29175 3.29175 3.53368 3.65221 3.61292 3.54701 3.48675 3.44526
1.40403 1.42314 1.42607 1.37130 1.51162 1.75828 1.75828 1.75828 1.75828 1.75828 1.75828 1.75828 1.75828 1.75828 1.75828 1.87695 1.91895 1.92078 1.97709 2.11129 2.11134 2.11134 2.13514 2.14867 2.16357 2.18980 2.21603 2.24230 2.32684 2.34994 2.32579 2.21730 2.21730 2.21730 2.42852 2.55958 2.56859 2.57763 2.58666 2.59570 2.60416 2.60277 2.70039 2.76622 2.74985 2.77907 2.75468 2.80645 2.90679 2.86320 2.72035 2.72035 2.72035 3.17794 3.36098 3.32312 3.29175 3.29912 3.28857 3.24214 3.19572 3.28679 3.42968 3.41912 3.41924 3.40248 3.40238
1.40403 1.41302 1.43612 1.37489 1.41361 1.75762 1.75828 1.75828 1.75828 1.75828 1.75828 1.75835 1.75950 1.76098 1.76315 1.84862 1.92401 1.92401 1.93176 2.10900 2.14918 2.19255 2.23318 2.25269 2.26403 2.26403 2.26403 2.26403 2.31005 2.34766 2.34535 2.23004 2.20826 2.20601 2.37457 2.59080 2.59080 2.59098 2.59288 2.59513 2.59742 2.63151 2.78155 3.00780 3.12022 3.23936 3.10720 2.97951 2.98175 2.96218 2.77797 2.80113 2.82433 3.10958 3.31810 3.25193 3.14767 3.08961 3.04955 3.04539 3.04125 3.06500 3.30155 3.29012 3.28900 3.29489 3.28749
1.38613 1.36161 1.36822 1.35295 1.38527 1.73666 1.81066 1.82217 1.83513 1.84916 1.86368 1.87868 1.88924 1.89589 1.90173 1.90534 1.93788 1.97347 2.00900 2.17921 2.22960 2.22176 2.21198 2.17254 2.16149 2.15137 2.14126 2.13124 2.20616 2.39544 2.39827 2.33151 2.27131 2.27410 2.34520 2.64674 2.65390 2.68026 2.77633 2.87659 2.97704 3.04546 3.05254 3.21221 3.22269 3.29708 3.25702 3.15554 3.17650 3.15455 2.88575 2.78338 2.71598 2.78609 3.07137 3.07095 3.00942 3.00214 3.00214 3.00214 3.00214 3.00214 3.20915 3.26355 3.26355 3.27906 3.27580
1.11481 1.10726 1.12484 1.17763 1.28969 1.55122 1.77571 1.76976 1.76264 1.75472 1.74690 1.75629 1.79533 1.83875 1.88211 1.91685 1.91704 1.89214 1.86239 1.95300 2.09807 2.09582 2.09387 2.07087 2.06148 2.06148 2.06148 2.06148 2.10485 2.41837 2.41837 2.39234 2.28572 2.30792 2.42679 2.84599 2.96679 3.04288 3.04754 3.04754 3.04754 3.04754 3.04754 3.16425 3.21036 3.19512 3.12546 2.98746 2.91694 2.88486 2.74771 2.64819 2.64819 2.69090 3.07137 3.07137 3.03137 3.00214 3.00214 3.00214 3.00214 3.00214 3.11990 3.29903 3.38959 3.45649 3.42739
1.03153 1.00286 0.983396 0.985129 1.08607 1.27541 1.73396 1.76325 1.80660 1.85000 1.89241 1.89709 1.86758 1.83787 1.80814 1.77842 1.75144 1.74663 1.74663 1.80907 2.09361 2.09361 2.09361 2.08085 2.06148 2.06148 2.06148 2.06148 2.06173 2.38068 2.35067 2.27645 2.58398 2.76438 2.77470 2.97292 3.04754 3.04754 3.04754 3.04754 3.04515 3.04022 3.03529 3.01105 2.92214 2.91667 2.91787 2.89361 2.88486 2.88486 2.81203 2.64819 2.64819 2.64819 3.02765 3.07137 3.06051 3.05612 3.11011 3.16707 3.25797 3.35832 3.48614 3.78462 3.79473 3.76861 3.50918
0.920643 0.916989 0.922365 0.986453 1.13640 1.28005 1.78396 1.84308 1.81335 1.78363 1.75487 1.74663 1.74663 1.74663 1.74663 1.74663 1.74663 1.74663 1.74663 1.74767 2.05858 2.09361 2.09361 2.09060 2.06173 2.06006 2.01001 1.93599 1.86202 2.04624 2.14350 2.13862 2.48215 2.77470 2.77470 2.89561 3.04317 3.03823 3.03330 3.02837 3.02581 3.02581 3.02581 3.01755 2.91700 2.91614 2.91787 2.90170 2.88486 2.88486 2.86525 2.72270 2.77754 2.83149 3.17831 3.36166 3.39534 3.42458 3.48054 3.52379 3.53332 3.53332 3.53266 3.73355 3.79473 3.79447 3.56174
0.995700 1.03092 1.06269 1.06438 1.10277 1.12033 1.55961 1.74663 1.74663 1.74663 1.74663 1.74663 1.74663 1.74663 1.74663 1.75069 1.76446 1.77815 1.79141 1.80425 2.01514 2.14184 2.11738 2.05972 1.98233 1.92349 1.91305 1.92270 1.93205 2.08288 2.22610 2.13938 2.26619 2.76059 2.75443 2.78560 3.02612 3.02581 3.02581 3.02581 3.02581 3.02581 3.02581 3.02576 2.93238 2.88647 2.85963 2.83336 2.80202 2.78390 2.77267 2.94072 2.98150 2.96544 3.15576 3.35739 3.35379 3.46321 3.53332 3.53332 3.53332 3.53332 3.53332 3.64332 3.79473 3.79671 4.00014
1.04909 1.04909 1.04909 1.05059 1.08409 1.10679 1.40010 1.74523 1.74663 1.74663 1.74663 1.76773 1.88829 1.89820 1.90784 1.91461 1.91489 1.91489 1.89793 1.84050 1.87734 1.99970 1.96868 1.96868 1.95673 1.94298 1.94289 1.93958 1.93464 2.01179 2.21028 2.13601 2.11378 2.67255 2.74628 2.74311 2.97867 3.01205 2.99494 2.97308 2.95120 2.92937 2.90751 2.88570 2.82494 2.76004 2.77369 2.77726 2.76275 2.74654 2.73047 2.82378 2.93061 2.93061 3.05045 3.35379 3.35379 3.40529 3.53332 3.53332 3.53203 3.54621 3.58427 3.70581 4.07712 4.15830 4.35081
1.04909 1.04909 1.04909 1.04946 1.06436 1.11724 1.29508 1.67410 1.74663 1.74663 1.74663 1.74764 1.90507 1.91489 1.90634 1.85348 1.79429 1.73507 1.69284 1.69180 1.72236 1.98094 1.98791 1.97487 1.95956 1.97483 1.97776 1.98351 1.99060 2.01771 2.25212 2.22003 2.17827 2.45315 2.66172 2.64475 2.76941 2.86118 2.85643 2.85643 2.85643 2.85643 2.85643 2.85643 2.83292 2.72181 2.70810 2.67033 2.65475 2.64130 2.62183 2.65126 2.80160 2.74873 2.71888 3.22307 3.19240 3.22749 3.42965 3.47834 3.51743 3.54113 3.54092 3.62557 4.39302 4.41103 4.44466
1.04909 1.04909 1.04909 1.04978 1.06017 1.12210 1.22905 1.56410 1.74663 1.74663 1.74291 1.68609 1.75830 1.74807 1.69743 1.69109 1.69109 1.78616 1.81972 1.80712 1.78580 1.94542 1.97328 1.96803 1.96521 2.00187 1.99561 1.97871 1.96178 1.94486 1.98148 1.91101 1.79686 1.89523 2.26644 2.24697 2.30044 2.45620 2.43656 2.41681 2.39069 2.35484 2.31938 2.28333 2.25616 2.14135 2.06067 1.98645 1.98457 1.92296 1.87674 1.83427 2.04417 2.12905 2.21325 3.15705 3.35054 3.35774 3.47293 3.53727 3.53727 3.53727 3.53727 3.53806 4.24383 4.40724 4.40724
1.14088 1.16463 1.19035 1.21701 1.23465 1.24055 1.25238 1.40736 1.57278 1.49468 1.42030 1.39886 1.52180 1.62994 1.61378 1.58586 1.55798 1.62462 1.68399 1.68294 1.71818 1.83122 1.87262 1.85849 1.84437 1.85638 1.87528 1.87528 1.87528 1.87528 1.76436 1.69109 1.53124 1.53480 1.98773 2.04010 2.04702 2.25980 2.24226 2.21984 2.20458 2.19847 2.19273 2.18725 2.18202 2.13168 2.06679 1.99820 2.04325 1.95240 2.03667 2.12041 2.30436 2.37443 2.37443 3.03301 3.35774 3.35774 3.41503 3.53727 3.53727 3.53727 3.53727 3.53727 3.99293 4.40724 4.41114
1.42856 1.42856 1.42856 1.43118 1.44101 1.45512 1.40903 1.34329 1.36059 1.36486 1.34219 1.31147 1.35743 1.51780 1.53963 1.59788 1.65603 1.75879 1.90322 1.95007 1.96322 1.93123 1.82769 1.82769 1.82769 1.83836 1.87528 1.87528 1.87528 1.87528 1.79962 1.70735 1.56616 1.60222 1.86750 1.98343 1.97338 2.12938 2.17990 2.17990 2.17990 2.17990 2.17989 2.17760 2.17358 2.18693 2.34303 2.35797 2.36193 2.17382 2.15382 2.15382 2.24468 2.37443 2.37443 2.83204 3.35774 3.35774 3.36465 3.52855 3.50164 3.45204 3.42413 3.50715 3.84844 4.61172 4.73676
1.43722 1.44645 1.45570 1.46233 1.46261 1.46171 1.38872 1.28770 1.28846 1.34511 1.40977 1.48251 1.56542 1.81686 1.84437 1.84437 1.84437 1.85278 1.96236 1.96322 1.96322 1.96086 1.83550 1.82769 1.82769 1.82806 1.87083 1.87528 1.87930 1.91785 1.92389 1.84285 1.79270 1.74351 1.82509 1.97271 1.97271 2.07345 2.17945 2.17600 2.17198 2.16797 2.16396 2.16224 2.16224 2.16392 2.38242 2.37309 2.36237 2.22648 2.15382 2.15382 2.18504 2.36534 2.31951 2.52658 3.20363 3.15396 3.11671 3.31176 3.52580 3.67394 3.80144 3.81720 3.90521 4.69728 4.75715
1.46261 1.44633 1.37944 1.31337 1.24788 1.25860 1.42716 1.64786 1.63625 1.65840 1.65848 1.65848 1.65848 1.81231 1.84437 1.84437 1.84437 1.84437 1.94517 1.96322 1.96176 1.95489 1.85245 1.79911 1.79052 1.81431 1.88563 1.94797 1.98665 1.98773 1.97159 1.78164 1.75609 1.74215 1.76968 1.95020 1.96319 2.00411 2.16280 2.16224 2.16224 2.16224 2.16224 2.16224 2.16224 2.16224 2.30999 2.38668 2.37732 2.30588 2.19147 2.20283 2.21418 2.08274 2.06539 2.20041 3.20707 3.30104 3.37777 3.53889 3.81720 3.81720 3.81720 3.81720 3.81766 4.53734 4.75715
1.24834 1.19916 1.20053 1.20105 1.20105 1.22695 1.36496 1.72917 1.63350 1.65327 1.65848 1.65848 1.65848 1.72103 1.74411 1.73062 1.71672 1.70236 1.79712 1.84712 1.83892 1.86522 1.85476 1.81408 1.86872 1.88656 1.90336 1.94366 1.94366 1.94349 1.93996 1.76975 1.72882 1.72400 1.74117 1.87640 1.95505 1.95907 2.14733 2.16388 2.16995 2.18115 2.19691 2.21273 2.22848 2.24429 2.33365 2.49298 2.43275 2.40300 2.22871 2.29715 2.38624 2.37521 2.38968 2.40453 3.24254 3.38784 3.38784 3.41224 3.80590 3.81720 3.81720 3.81777 3.86515 4.41296 4.99633
1.20925 1.20105 1.20105 1.20105 1.20105 1.20148 1.31516 1.67806 1.63350 1.64501 1.65848 1.65848 1.65848 1.65848 1.65848 1.65848 1.65848 1.67894 1.81495 1.96461 2.02038 2.04919 2.02795 1.88658 1.88623 1.87156 1.83312 1.89117 1.88079 1.86340 1.84937 1.71355 1.62239 1.60963 1.61265 1.72980 1.91275 1.95843 2.26901 2.30280 2.31250 2.31709 2.31709 2.31709 2.31709 2.31709 2.32785 2.59209 2.58551 2.67457 2.57404 2.57126 2.57126 2.51635 2.40558 2.41137 3.05822 3.46231 3.53132 3.61789 4.09219 4.39081 4.56046 4.73913 4.86462 4.87692 5.13655
1.27302 1.20105 1.20105 1.20105 1.20105 1.20105 1.27529 1.56817 1.64618 1.63679 1.65843 1.65848 1.65848 1.66900 1.73167 1.80130 1.87103 1.92023 1.93115 1.93217 1.91943 1.89501 1.85278 1.67147 1.60570 1.57797 1.57589 1.68692 1.74146 1.78067 1.84378 1.83591 1.80378 1.87204 1.93972 1.97075 2.15443 2.17375 2.35992 2.39118 2.39642 2.40184 2.40755 2.45796 2.53749 2.61701 2.69486 2.89144 2.92710 2.89273 2.83474 2.88902 2.95149 3.00401 2.89365 2.99887 3.59282 4.26277 4.33106 4.38338 4.59544 4.92349 4.92349 4.92349 4.92349 4.92349 5.08585
1.35906 1.20105 1.20105 1.20304 1.21270 1.22286 1.26510 1.46447 1.68706 1.64449 1.71017 1.80171 1.87315 1.93403 1.94285 1.94459 1.94586 1.92361 1.88819 1.81292 1.78151 1.76494 1.76625 1.70277 1.70690 1.77008 1.83247 1.95433 2.11839 2.14228 2.14228 2.13247 2.09161 2.09161 2.09161 2.07371 2.18972 2.26392 2.40115 2.50856 2.58217 2.63414 2.67436 2.67010 2.63660 2.60310 2.56962 2.63049 2.69334 2.65511 2.85713 3.30434 3.37263 3.44091 3.34335 3.31961 3.57452 4.38679 4.38679 4.38679 4.43014 4.91630 4.92349 4.92349 4.92349 4.92349 4.99042
1.59330 1.35589 1.36210 1.36703 1.36749 1.36749 1.35889 1.43204 1.67571 1.60434 1.77026 1.96395 1.96048 1.92941 1.89232 1.85527 1.81869 1.81590 1.83879 1.82893 1.83516 1.85350 1.87173 1.90934 1.97968 1.97968 1.97968 1.99184 2.13999 2.14228 2.14228 2.14131 2.09336 2.09161 2.09161 2.04292 2.03955 2.29615 2.42204 2.55511 2.51362 2.50239 2.50239 2.50239 2.50239 2.50450 2.56013 2.65946 2.84601 2.86291 2.96520 3.52801 3.52801 3.52801 3.42033 3.31961 3.36842 4.37484 4.38679 4.38679 4.38679 4.78742 4.92349 4.94620 4.99475 5.06562 5.19864
1.66554 1.36813 1.36253 1.34296 1.32241 1.30188 1.29172 1.35348 1.57966 1.55491 1.56870 1.85179 1.84102 1.85799 1.88091 1.90384 1.92678 1.93942 1.93945 1.90851 1.87897 1.87897 1.87897 1.88384 1.97735 1.97968 1.97968 1.97968 2.10213 2.14228 2.14228 2.14215 2.10229 2.09028 2.08966 2.02445 1.82152 2.26785 2.32255 2.52550 2.50239 2.51779 2.59107 2.66985 2.74864 2.82534 2.84853 2.84853 2.91872 2.90308 2.90308 3.42914 3.52801 3.52801 3.47678 3.31961 3.32300 4.24784 4.47795 4.52650 4.57517 4.88836 5.31528 5.42637 5.51209 5.57485 5.57821
1.65809 1.36568 1.29268 1.29172 1.29854 1.32700 1.41355 1.47725 1.53575 1.53685 1.55861 1.86888 1.93945 1.93945 1.93945 1.93945 1.93945 1.93945 1.93945 1.92314 1.87897 1.87897 1.87897 1.87897 1.95438 1.97968 1.97968 1.97963 2.05153 2.14108 2.14046 2.13996 2.11117 2.08926 2.08926 2.08589 1.82399 2.16319 2.41527 2.70722 2.77962 2.84303 2.84853 2.84853 2.84853 2.84853 2.84853 2.84853 2.89628 2.90458 2.89450 3.19638 3.40994 3.35428 3.29594 3.55531 3.62165 4.34210 4.94656 5.16636 5.38677 5.55014 5.57794 5.57821 5.57821 5.57821 5.57821
1.67612 1.57764 1.54280 1.63855 1.72747 1.79472 1.80387 1.79739 1.67590 1.59819 1.57505 1.74891 1.93945 1.93945 1.93945 1.93945 1.93945 1.93945 1.93945 1.93731 1.88035 1.87897 1.87897 1.87895 1.92611 1.97862 1.97799 1.97743 1.99978 2.13986 2.13993 2.13993 2.12981 2.17545 2.26999 2.36453 2.21064 2.30964 2.64178 2.80999 2.84989 2.84853 2.84853 2.84853 2.83688 2.80501 2.77331 2.74156 2.72758 2.69711 2.63057 2.79967 3.18338 3.21384 3.40902 3.94503 4.29702 4.92335 5.55629 5.55629 5.55629 5.55629 5.64503 5.99206 6.33125 6.64232 6.93046
2.03814 1.95758 1.80387 1.80387 1.80387 1.80387 1.80387 1.80387 1.70675 1.62002 1.57505 1.62861 1.93926 1.93945 1.93945 1.93945 1.93945 1.93945 1.93945 1.93945 1.89020 1.87803 1.87741 1.87679 1.89635 1.97733 1.97733 1.97733 1.99261 2.22342 2.36341 2.46685 2.55469 2.53684 2.54570 2.55457 2.39194 2.22889 2.68939 2.83693 2.86594 2.78402 2.75230 2.72055 2.70046 2.70059 2.70059 2.70059 2.70065 2.71246 2.79018 3.02145 3.82597 4.01660 4.04131 4.23588 4.48911 4.88991 6.07064 6.40258 6.70730 6.98814 7.22459 7.30627 7.35642 7.40215 7.44650
2.03814 2.00616 1.80387 1.80387 1.80387 1.80387 1.80387 1.80387 1.74980 1.63600 1.57505 1.57505 1.87235 1.93945 1.93945 1.93965 1.95788 1.98669 2.01420 2.04085 1.98589 1.93031 1.93918 1.94808 1.98500 2.13632 2.20492 2.26484 2.30946 2.50735 2.68314 2.68314 2.68967 2.65781 2.67440 2.69952 2.64605 2.35853 2.69885 2.91824 2.94242 2.76028 2.76831 2.77625 2.78431 2.79989 2.92103 3.07553 3.23055 3.41472 3.47182 3.48162 4.16362 4.36248 4.63088 5.78097 6.41088 6.61084 6.98776 7.03875 7.08440 7.13000 7.16277 7.17085 7.16639 7.16639 7.16639
2.03814 2.03714 1.82769 1.84036 1.87887 1.91422 1.94660 1.97665 1.99015 1.87018 1.84085 1.88711 2.08437 2.27694 2.31359 2.34900 2.37297 2.39012 2.40721 2.42666 2.40120 2.29500 2.36317 2.43136 2.47200 2.55386 2.61370 2.64628 2.67901 2.78803 3.10435 3.13687 3.16257 3.04486 3.00124 3.00124 2.99901 2.59959 2.73446 3.06054 3.21083 2.93426 3.03647 3.18329 3.34305 3.54711 3.65564 3.77378 3.90692 4.07233 4.38763 4.53433 4.60749 4.62566 4.71590 6.32279 6.78558 6.87657 7.09880 7.14885 7.14885 7.14885 7.14885 7.16313 7.16639 7.16639 7.16639
2.06883 2.07220 2.12333 2.14661 2.14582 2.14505 2.14427 2.14349 2.14584 2.14972 2.58339 2.71808 2.79600 2.67072 2.67068 2.67898 2.72528 2.77631 2.82737 2.87604 2.87596 2.67963 2.71557 2.75182 2.78807 2.82056 2.82612 2.82614 2.82614 2.82809 3.14956 3.18641 3.18641 3.08908 3.00124 3.00124 3.00124 2.72831 2.71670 3.45343 3.90758 3.85252 3.99995 4.13831 4.25479 4.30208 4.33986 4.35068 4.34943 4.33152 4.66189 4.76308 4.81769 4.85407 4.85501 5.99867 6.75568 6.89070 7.04624 7.14885 7.14885 7.14885 7.14885 7.15756 7.16639 7.16639 7.17605
