High_resolution/powerplant/Chizhou/OMI_NO2_200911.asc
ncols      200
nrows      200
xllcorner       115.585
yllcorner       28.7700
cellsize     0.0166667
NODATA_Value      -999.000
[rows 0 to 28 of 165, columns 65 to 129 of 200]
7.82856 7.82856 7.82856 7.82856 7.82856 7.82856 7.82856 7.82856 7.82856 7.82856 7.82856 4.63810 3.32467 3.32467 3.32467 3.32467 3.32467 3.37187 4.90415 8.00169 10.9667 10.7832 10.5515 10.3017 10.1410 10.1354 10.1354 10.1659 10.4271 10.4282 10.4282 10.4282 10.4282 10.4282 10.4282 10.4282 10.4282 10.4784 10.6739 10.8588 11.0247 11.1589 11.2939 11.0064 12.6462 12.9831 10.7936 10.7936 10.8589 11.1376 10.9176 10.7335 10.6012 10.3743 10.3168 10.3168 10.3168 10.3168 10.3168 10.3168 10.3168 10.2750 10.0784 10.1836 12.8916
7.82856 7.82856 7.82856 7.82856 7.82856 7.82856 7.82856 7.82856 7.82856 7.82856 7.82856 6.18799 3.32467 3.39646 4.00624 4.47714 4.77007 4.96658 6.29469 7.69847 9.87169 10.1354 10.1354 10.1354 10.1354 10.1354 10.1354 10.1354 10.3727 10.4282 10.4282 10.4309 10.5690 10.7650 10.9404 11.0984 11.2413 11.3430 11.3497 11.3497 11.3497 11.3497 11.3493 11.1788 11.7527 13.4753 10.9131 10.7141 10.5758 10.3526 10.3168 10.3168 10.3168 10.3168 10.3168 10.5066 10.8371 11.1342 11.4024 11.6455 11.4162 10.3140 10.0993 10.0784 11.7567
7.82856 7.82856 7.82856 7.82856 7.82856 7.82856 7.82856 7.82856 7.80078 7.63703 7.26626 6.46230 4.95026 5.09886 5.14965 5.15409 5.15409 5.15409 5.48163 7.67886 9.08059 10.1354 10.1354 10.1354 10.1354 10.1354 10.2254 10.7629 11.4390 11.9298 11.1686 11.3037 11.3497 11.3497 11.3497 11.3497 11.3497 11.3497 11.3497 11.3497 11.4774 12.0414 12.5644 12.5451 10.7598 11.4495 10.5771 10.3168 10.3168 10.4061 10.7323 11.0395 11.3169 11.5678 11.7961 11.8969 11.8969 11.8969 11.8969 11.8969 11.8197 10.3493 10.1789 10.0784 10.8276
7.82856 7.82856 7.82856 7.78368 7.62363 7.45327 7.11417 6.79137 6.56133 6.45994 6.46172 6.44973 5.24548 5.15409 5.15409 5.15409 5.15409 5.15409 5.15409 7.17718 8.27407 10.3616 10.9405 11.4626 11.9309 12.3527 12.6837 12.7245 12.7747 12.9441 11.5867 11.3497 11.3497 11.3497 11.3497 11.3497 11.4813 12.0463 12.7219 13.4034 13.9564 14.0712 13.5724 12.5872 11.0791 11.7278 11.7240 11.4877 11.7231 11.8874 11.8969 11.8969 11.8969 11.8969 11.8969 11.8969 11.8969 11.8969 11.8969 11.8969 11.8969 10.7799 10.2436 9.84889 9.62933
7.43187 7.26550 6.95931 6.68311 6.56059 6.46565 6.45906 6.46837 6.46837 6.46837 6.46837 6.46837 5.61295 5.15409 5.15409 5.16635 5.76336 6.59979 7.34632 8.98627 10.5976 12.5423 12.7245 12.7245 12.7245 12.7245 12.7245 12.7245 12.7271 12.9278 12.0502 11.3497 11.4849 12.0512 12.7287 13.4101 13.9591 14.0715 14.1356 14.3212 14.5109 14.7006 14.8212 13.6258 12.6500 12.1823 12.5700 11.8969 11.8969 11.8969 11.8969 11.8969 11.8969 11.8969 11.8969 11.8969 11.8969 11.8193 11.5802 11.3355 11.0909 10.0602 8.60206 8.56900 8.57306
6.57116 6.47279 6.45598 6.46837 6.46837 6.46837 6.46837 6.46837 6.46837 6.46837 6.45656 6.32484 5.75902 4.94108 7.99304 8.79434 8.98852 8.98852 8.98852 9.26144 10.8848 11.9590 12.7245 12.7245 12.7245 12.7245 12.7245 12.7245 12.8615 13.5749 13.8994 13.4166 13.9690 14.2183 14.4121 14.6018 14.7915 14.9812 15.1114 15.1154 15.1154 15.1154 15.1154 14.0888 13.3334 11.8325 12.7242 11.9819 11.8969 11.8969 11.8969 11.8702 11.6603 11.4164 11.1716 10.9270 10.6825 10.5156 10.5108 10.5107 10.5186 10.3180 8.79224 9.04884 9.23804
6.46837 6.46837 6.46837 6.46837 6.46837 6.44486 6.30114 6.15646 6.02750 5.91177 5.81402 5.79437 5.72025 4.82039 7.65945 8.98852 8.98852 8.98852 8.98852 8.98852 10.5347 11.3549 12.7245 12.7245 12.8638 13.4391 14.1171 14.8168 15.4368 15.7840 16.2445 14.9577 15.0651 15.1154 15.1154 15.1154 15.1154 15.1154 15.1154 15.1154 15.1154 15.1154 15.1154 14.5762 13.6173 11.9365 12.8195 12.1471 11.2524 11.0077 10.7632 10.5453 10.5108 10.5108 10.5108 10.5107 10.5260 10.6400 10.7707 10.9016 11.0247 11.0454 9.42314 9.24354 9.29037
6.42923 6.27795 6.13577 6.00898 5.89510 5.80561 5.79437 5.79437 5.79437 5.79437 5.79437 5.79437 5.79437 5.03619 6.43073 8.98852 8.98852 8.98852 8.98852 8.98852 9.92856 11.0290 13.8616 14.9271 15.5474 15.7345 15.8207 15.8842 15.8885 15.9518 16.7011 15.6117 15.1154 15.1154 15.1154 15.1154 15.1154 15.1154 15.1154 15.1154 15.1540 15.3805 15.6322 15.7939 14.6750 13.8577 13.7328 12.9352 10.5108 10.5108 10.5108 10.5106 10.5356 10.6572 10.7881 10.9191 11.0346 11.0516 11.0516 11.0516 11.0516 11.0516 10.0215 9.21481 9.29037
5.79954 5.79437 5.79437 5.79437 5.79437 5.79437 5.79437 5.79437 5.79437 5.79437 5.79437 5.79437 5.79437 5.32557 5.22278 8.96887 9.00391 9.16134 9.43289 9.71101 10.2702 12.0206 14.3496 15.8885 15.8885 15.8885 15.8885 15.8885 15.8885 15.8885 16.5255 16.0751 15.1154 15.1154 15.1154 15.2477 15.4993 15.7507 16.0023 16.2541 16.4669 16.4920 16.4920 16.4920 15.4295 14.6497 13.3812 13.8982 10.6181 10.6745 10.8054 10.9365 11.0424 11.0516 11.0516 11.0516 11.0516 11.0516 10.9541 10.6879 10.3935 10.0684 9.53370 9.19183 9.28492
5.79437 5.79437 5.79437 5.79437 5.79437 5.79437 5.79437 5.79437 5.79437 5.79437 5.79437 5.78510 5.73520 5.61370 5.34107 8.96427 10.0617 10.1826 10.1890 10.1890 10.1890 11.7463 13.0953 15.8885 15.8885 15.8885 15.8885 15.8885 15.8885 15.8696 16.0991 16.1813 15.8674 16.1211 16.3726 16.4920 16.4920 16.4920 16.4920 16.4920 16.4920 16.4920 16.4920 16.3578 15.3588 14.2169 13.4358 14.5461 11.9477 11.0516 11.0516 11.0516 11.0172 10.7858 10.5012 10.1875 9.83952 9.45261 9.19287 9.18964 9.18964 9.18964 9.18964 9.18964 9.25865
5.79437 5.79437 5.79437 5.79437 5.79437 5.79437 5.77934 5.71819 5.65830 5.66643 5.78095 5.92153 6.10278 6.21442 6.03384 8.12678 10.1890 10.1890 10.1890 10.1890 10.1890 11.1287 12.1290 15.5971 15.8305 15.6347 15.4336 15.2327 15.0310 14.8489 14.9765 15.6380 16.3363 16.4920 16.4920 16.4920 16.4920 16.4920 16.4920 16.3511 15.8649 15.2562 14.6439 14.1702 14.0279 13.8641 13.6322 14.4011 12.6940 10.3019 9.96717 9.59460 9.23872 9.18964 9.18964 9.18964 9.18964 9.18964 9.18964 9.18964 9.18964 9.18964 9.18964 9.18964 9.22995
5.79437 5.77221 5.70875 5.64436 5.58220 5.57958 5.70213 5.89463 6.08573 6.20905 6.22590 6.22590 6.22590 6.22590 6.09699 6.89823 10.1890 10.1890 10.1883 10.0711 9.86951 9.99246 11.3442 13.4815 14.8223 14.8166 14.8166 14.8166 14.8166 14.8166 14.8199 15.5556 16.0889 16.4920 16.4920 16.3441 15.8547 15.2460 14.6351 14.1650 14.0413 14.0625 14.1683 14.2918 14.4291 14.4182 14.4050 13.9801 13.1482 9.18964 9.18964 9.18964 9.18964 9.18964 9.18964 9.18964 9.18964 9.18964 9.18964 9.18964 9.18863 9.18440 9.17992 9.17544 9.18803
5.50694 5.51616 5.67888 5.87463 6.06809 6.20211 6.22590 6.22590 6.22590 6.22590 6.22590 6.22590 6.22590 6.22290 6.11450 5.93800 9.29148 9.40154 9.20100 9.11718 9.11718 9.11737 10.7004 12.0766 14.8166 14.8166 14.8166 14.8166 14.8166 14.8166 14.8166 15.1655 15.1952 15.2339 14.6260 14.1627 14.1102 14.2271 14.3570 14.5012 14.6620 14.8030 14.8147 14.8147 14.8147 14.7151 14.5756 14.0602 13.9724 9.74342 9.18964 9.18964 9.18964 9.18964 9.18940 9.18592 9.18145 9.17696 9.17249 9.16801 9.16454 9.16430 9.12932 8.88367 8.62745
6.04951 6.19378 6.22590 6.22590 6.22590 6.22590 6.22590 6.22590 6.21961 6.17170 6.11604 6.06049 6.00479 5.95225 5.93089 5.73011 7.85052 9.11718 9.11718 9.11718 9.11718 9.11718 10.0840 11.0757 14.5601 14.8166 14.8166 14.6556 14.1603 13.5486 12.9637 12.8757 13.3585 14.3595 14.5772 14.7460 14.8147 14.8147 14.8147 14.8147 14.8147 14.8147 14.8147 14.8147 14.8147 14.7906 14.5779 14.2528 13.9801 11.0394 9.18297 9.17850 9.17401 9.16954 9.16531 9.16430 9.16430 9.16430 9.10727 8.84725 8.59280 8.34067 8.12329 8.11678 8.12096
6.22590 6.22590 6.22590 6.21517 6.16351 6.10791 6.05227 5.99669 5.94738 5.93971 5.93971 5.93971 5.93971 5.93971 5.93971 5.78488 6.85889 9.11718 9.11718 9.11718 9.11718 9.11718 9.46722 10.9571 12.8951 13.5960 13.1291 12.8242 12.8557 13.0001 13.1210 13.1565 13.6607 14.4263 14.8147 14.8147 14.8147 14.8147 14.8147 14.8147 14.8147 14.8147 14.8147 14.7537 14.2569 13.6790 12.9152 12.1517 11.1064 10.2909 9.16430 9.16430 9.16430 9.16430 9.08000 8.81148 8.55835 8.30619 8.11106 8.11877 8.12096 8.12096 8.12096 8.12096 8.12096
6.10007 6.04417 5.98854 5.94369 5.93971 5.93971 5.93971 5.93971 5.93971 5.93971 5.93971 5.93971 5.93971 5.93971 5.93971 5.84847 5.92952 9.05507 9.11718 9.09113 9.04513 8.96764 8.89037 10.2419 11.2654 13.1330 13.1340 13.1340 13.1340 13.1340 13.1340 13.1340 13.5056 14.0965 14.8147 14.8147 14.8147 14.8147 14.5541 13.9756 13.3958 12.8170 12.2373 11.7204 11.6362 11.6362 11.5295 11.3948 10.8673 10.7187 9.08547 8.77634 8.52392 8.27163 8.10402 8.12012 8.12096 8.12096 8.12096 8.12096 8.12096 8.53664 9.98566 11.3371 12.2388
5.98294 5.93971 5.93971 5.93971 5.93971 5.93971 5.93971 5.93971 5.93971 5.93971 5.93971 5.93971 5.93971 5.93971 5.94610 5.95293 5.86067 8.33337 9.10154 9.04901 9.01680 9.01566 9.01566 9.85301 10.6665 12.9922 13.1340 13.1340 13.1340 13.1340 13.1340 13.1340 13.3209 13.4737 13.6955 13.1129 12.5348 11.9550 11.6368 11.6362 11.6362 11.6362 11.6362 11.6362 11.6362 11.6362 11.4286 10.8672 10.2964 9.87449 8.52367 8.12085 8.12096 8.12096 8.12096 8.23733 9.48788 10.8940 12.1535 13.2949 14.3317 15.0402 15.0768 15.0768 14.9582
6.06922 5.93971 5.93971 5.93971 5.93971 5.93971 5.93971 5.93971 5.93971 5.95139 6.00887 6.05606 6.00151 5.84747 5.67973 5.48665 5.58672 7.17725 9.01566 9.01566 9.01566 9.01566 9.01566 9.33676 10.5949 12.2343 13.1340 13.0736 12.8317 12.5776 12.3237 12.0697 11.8487 11.8805 11.6875 11.6362 11.6362 11.6362 11.6362 11.6362 11.6362 11.6362 11.4552 10.9326 10.2969 9.66072 9.20156 9.84632 9.96627 9.75911 9.83534 10.4308 11.7396 12.9181 13.9889 14.8974 15.0768 15.0768 15.0768 15.0768 15.0768 15.0768 15.0768 15.0768 15.0768
6.17400 5.93949 5.93971 5.93971 5.95828 6.01878 6.08092 6.13333 6.09174 5.93110 5.71224 5.50369 5.39684 5.38953 5.38953 5.38953 5.51533 6.18600 9.01566 9.01566 9.01566 9.01566 8.89069 8.64042 9.76225 10.5170 11.9928 11.7995 11.7873 11.7873 11.7873 11.7873 11.7874 11.8656 11.7582 11.6362 11.6362 11.6362 11.4475 10.9236 10.2873 9.65123 9.19648 9.08320 9.19386 9.83297 10.4768 11.4394 12.3366 14.4408 16.0923 15.0768 15.0768 15.0768 15.0768 15.0768 15.0768 15.0768 15.0768 15.0768 15.0768 15.0768 15.0768 15.0787 15.0920
6.38240 6.11055 6.15300 6.20947 6.16206 5.95902 5.73547 5.52171 5.40190 5.38953 5.38953 5.38953 5.38953 5.38953 5.38953 5.38953 5.45145 5.71770 8.25268 8.30581 8.05183 7.79784 7.66896 7.66896 8.53609 9.34164 11.6730 11.7873 11.7873 11.7873 11.7873 11.7873 11.7873 11.8354 11.6359 10.9135 10.2781 9.64187 9.19407 9.46915 10.1522 10.7615 11.3105 11.8078 12.1963 12.2428 12.2428 12.3549 12.9566 13.7606 16.3025 15.2157 15.0768 15.0768 15.0768 15.0768 15.0768 15.0770 15.0867 15.1019 15.1172 15.1324 15.1476 15.1609 15.1628
6.64806 6.19387 5.75874 5.54085 5.40834 5.38953 5.38953 5.38953 5.38953 5.38953 5.38953 5.39982 5.50263 5.62736 5.75216 5.87683 6.00195 6.25027 7.08172 7.66896 7.66896 7.66896 7.66896 7.66896 8.01934 9.24822 10.9365 11.7873 11.7873 11.7872 11.6372 11.2385 10.7615 10.2351 10.1354 10.4713 11.0331 11.5558 12.0295 12.2428 12.2428 12.2428 12.2428 12.2428 12.2428 12.2428 12.2428 12.2428 12.8391 12.9856 16.1303 15.5633 15.0818 15.0967 15.1119 15.1271 15.1423 15.1574 15.1628 15.1628 15.1628 15.2113 15.3800 15.5906 15.8027
5.91894 5.86645 5.39003 5.38953 5.38953 5.38953 5.40902 5.52173 5.64646 5.77126 5.89599 6.01056 6.03249 6.03249 6.03249 6.03249 6.03249 6.18670 6.67089 7.66896 7.66896 7.66896 7.66896 7.66896 7.67702 9.07374 10.0318 11.2309 10.8149 10.5198 10.3780 10.4856 10.6712 10.8976 12.3753 12.3101 12.2428 12.2428 12.2428 12.2428 12.2428 12.2428 12.2428 12.2428 12.2428 12.2428 12.2316 12.0643 12.2126 12.3381 14.3795 15.2316 15.1626 15.1628 15.1628 15.1628 15.1628 15.2298 15.4081 15.6200 15.8323 15.9960 16.0394 16.0411 16.0411
5.72847 6.01417 5.58509 5.66568 5.79042 5.91515 6.02047 6.03249 6.03249 6.03249 6.03249 6.03249 6.03249 6.03249 6.03249 6.03249 6.03249 6.11888 6.31357 7.61545 7.66896 7.66896 7.64713 7.76140 7.99053 8.68636 9.06848 10.6734 10.8552 10.8587 10.8587 10.8587 10.8587 10.8587 11.9850 12.3630 12.2428 12.2428 12.2428 12.2428 12.2428 12.1697 11.9559 11.7386 11.5213 11.3039 11.0977 11.0475 11.1842 11.7614 13.0601 15.1124 15.1619 15.2511 15.4373 15.6494 15.8616 16.0069 16.0408 16.0411 16.0411 16.0411 16.0411 16.0411 16.0677
5.20970 5.64224 6.06349 6.03249 6.03249 6.03249 6.03249 6.03249 6.03249 6.03249 6.03249 6.03249 6.03249 6.03249 6.03249 6.03249 6.03249 6.07573 6.41961 7.58600 8.23005 8.45917 8.70996 8.82457 8.82457 8.92311 9.23168 10.3499 10.8587 10.8587 10.8587 10.8587 10.8587 10.8587 11.5316 12.4008 12.0668 11.8483 11.6310 11.4137 11.1953 11.0510 11.0475 11.0475 11.0475 11.0475 11.0475 11.0475 11.0462 11.5231 11.9580 15.6210 15.8771 16.0150 16.0411 16.0411 16.0411 16.0411 16.0457 16.1523 16.2999 16.4474 16.5951 16.7428 16.8639
5.06856 5.53918 5.97254 6.03302 6.03249 6.03249 6.03249 6.03249 6.03249 6.03249 6.03249 6.03249 6.07525 6.30835 6.55024 6.78947 7.08844 7.36487 7.38871 7.99861 8.82457 8.82457 8.82457 8.82457 8.82457 8.82831 9.19347 9.81997 10.8587 10.8587 10.8064 10.5506 10.2745 9.99828 9.94155 11.0259 11.0269 11.0475 11.0475 11.0475 11.0475 11.0475 11.0475 11.0475 11.0446 10.9017 10.7440 10.6174 10.4925 10.8125 11.1369 15.3216 16.0122 16.1014 16.2484 16.3961 16.5438 16.6914 16.8343 16.8756 16.8756 16.8756 16.8756 16.8756 16.8756
5.06856 5.36816 5.77922 6.10578 6.03249 6.03249 6.03249 6.10073 6.34755 6.60374 6.84936 7.08257 7.33646 7.40295 7.46077 7.52101 7.52194 7.52194 7.47084 7.58955 8.82288 8.82457 8.82457 8.82457 8.82457 8.70570 8.66949 8.65974 9.87181 9.63567 9.41173 9.39119 9.39119 9.39119 9.39119 10.7246 11.0010 11.0475 11.0475 11.0475 11.0443 10.8990 10.7437 10.6165 10.4925 10.5101 10.5413 10.5666 10.7953 11.1904 11.8872 14.7406 16.7432 16.8749 16.8756 16.8756 16.8756 16.8756 16.8756 16.8756 16.8756 16.8756 16.8756 16.8756 16.8756
5.06856 5.19879 5.77228 6.55614 6.64321 6.89913 7.14789 7.30798 7.35488 7.39839 7.45255 7.51904 7.52194 7.52194 7.52194 7.52194 7.52194 7.52194 7.50051 7.41838 8.40245 8.34353 8.06735 7.79132 7.51515 7.35783 7.46329 7.76421 8.92080 9.39119 9.39119 9.39119 9.39119 9.39119 9.39119 10.2713 10.9715 10.8965 10.7427 10.6159 10.4925 10.5110 10.6528 10.9244 11.1970 11.4697 11.7423 11.9896 12.0337 12.0371 12.5231 13.7980 16.8224 16.8694 16.8756 16.8756 16.8756 16.8756 16.8756 16.8756 16.8756 16.9274 17.0257 17.1240 17.2222
5.45194 5.59111 7.23075 7.31807 7.34980 7.39394 7.44478 7.51607 7.52194 7.52194 7.52194 7.52194 7.52194 7.52194 7.51740 7.46526 7.40047 7.33572 7.27026 7.11495 7.23120 7.35710 7.35710 7.35710 7.35710 7.35710 7.36300 7.73140 8.39109 9.39119 9.39119 9.39119 9.38712 9.23818 9.08476 9.38607 10.4226 10.7427 11.0533 11.3261 11.5988 11.8713 12.0325 12.0337 12.0337 12.0337 12.0337 12.0337 12.0337 12.0337 12.3502 12.7242 16.6401 16.8542 16.8756 16.8980 16.9911 17.0894 17.1877 17.2860 17.3842 17.4307 17.4307 17.4307 17.4786
4.92398 4.52099 5.27909 6.33980 7.38906 7.52194 7.52194 7.52194 7.52194 7.51296 7.45552 7.39073 7.32606 7.26119 7.20098 7.18833 7.18833 7.18833 7.18833 7.12473 7.15262 7.35710 7.35710 7.35710 7.35710 7.35710 7.35710 7.60419 7.88581 9.21217 9.08359 8.87681 8.43075 8.08768 7.71329 7.38075 11.7130 11.9989 12.0337 12.0337 12.0337 12.0337 12.0337 12.0337 12.0337 12.0337 12.0337 12.0337 12.0337 12.0349 12.2140 12.6765 15.6777 17.0973 17.3497 17.4255 17.4307 17.4307 17.4307 17.4309 17.4935 17.6906 17.9578 18.2250 18.4441
