High_resolution/powerplant/Chizhou/OMI_NO2_201001.asc
ncols      200
nrows      200
xllcorner       115.585
yllcorner       28.7700
cellsize     0.0166667
NODATA_Value      -999.000
[rows 87 to 115 of 200, columns 0 to 66 of 200]
0.871470 0.871470 0.871470 0.871470 0.871470 0.871470 0.871470 0.873510 0.984020 1.15644 1.32868 1.52039 0.923642 0.636972 0.636146 0.636146 0.636146 0.636146 0.636146 0.636146 0.636146 0.636146 0.636146 0.636146 0.636146 0.636146 0.636146 1.15098 2.11811 2.11811 2.11811 2.11811 2.11811 4.36272 8.30268 8.30268 8.30268 8.30268 8.30268 8.15741 7.23985 5.87124 3.86632 1.91050 1.08476 1.08476 1.08476 1.08476 1.11732 2.13687 3.61316 5.09028 6.56574 8.04287 9.29037 9.43482 9.43482 9.43482 9.43482 9.43482 0.00000 0.00000 0.00000 0.00000 0.00000 0.00000 0.00000
0.871470 0.871470 0.879186 1.00894 1.18136 1.35387 1.52610 1.69657 1.75839 1.75839 1.75839 1.16007 0.636146 0.636146 0.636146 0.636146 0.636146 0.636146 0.636146 0.636146 0.636146 0.636146 0.636146 0.636146 0.636146 0.636146 0.636146 0.746700 2.10226 2.11811 2.11811 2.11811 2.11811 2.17352 7.92119 8.27160 7.58059 6.34912 4.58243 2.40329 2.11811 2.11811 2.11811 2.36193 3.05118 4.58010 6.05806 7.53435 8.97724 9.43482 9.43482 9.43482 9.43482 9.43482 9.43482 9.43482 9.43482 9.43482 9.43482 9.43483 9.43482 0.00000 0.00000 0.00000 0.00000 0.00000 0.00000
1.37874 1.55120 1.71599 1.75839 1.75839 1.75839 1.75839 1.75839 1.75839 1.75839 1.75839 1.48097 0.636146 0.636146 0.636146 0.636146 0.636146 0.636146 0.636146 0.636146 0.636146 0.636146 0.636146 0.636146 0.636146 0.636146 0.636146 0.636146 1.79312 2.11811 2.11811 2.11811 2.11811 2.11811 4.08865 2.94780 2.11811 2.15302 2.71238 3.44508 4.17777 4.91087 5.64397 6.12067 8.30856 9.43482 9.43482 9.43482 9.43482 9.43482 9.43482 9.43482 9.43482 9.43482 9.43482 9.43482 9.43482 9.43482 9.43482 9.43482 9.43482 0.00000 0.00000 0.00000 0.00000 0.00000 0.00000
1.75839 1.75839 1.75839 1.75839 1.75839 1.75839 1.75839 1.75839 1.75839 1.75839 1.75839 1.73752 0.701797 0.636146 0.636146 0.636146 0.636146 0.636146 0.636146 0.636146 0.636146 0.636146 0.636146 0.636146 0.636146 0.636146 0.636146 0.636146 1.37328 2.11811 2.11811 2.11811 2.34402 3.06027 3.79297 4.52607 5.25876 5.95695 6.13070 6.13070 6.13070 6.13070 6.13070 6.13070 7.38160 9.43482 9.43482 9.43482 9.43482 9.43482 9.43482 9.43482 9.43482 9.43482 9.43482 9.43482 9.43482 9.43482 9.43482 9.43482 9.43482 0.00000 0.00000 0.00000 0.00000 0.00000 0.00000
1.75839 1.75839 1.75839 1.75839 1.75839 1.75839 1.75839 1.75839 1.75839 1.75839 1.75839 1.75839 1.00196 0.636146 0.636146 0.636146 0.636146 0.636146 0.636146 0.636146 0.636146 0.636146 0.636146 0.636146 0.636146 0.636146 0.647036 0.996906 1.88979 4.14126 4.87436 5.60706 6.11385 6.13070 6.13070 6.13070 6.13070 6.13070 6.13070 6.13070 6.13070 6.13070 6.13070 6.13070 6.46504 9.42425 9.43482 9.43482 9.43482 9.43482 9.43482 9.43482 9.43482 9.43482 9.43482 9.43482 9.43482 9.43482 9.43482 9.43482 9.43482 0.00000 0.00000 0.00000 0.00000 0.00000 0.00000
1.75839 1.75839 1.75839 1.75839 1.75839 1.75839 1.75839 1.75839 1.75839 1.75839 1.75839 1.75839 1.32386 0.636146 0.636146 0.636146 0.636146 0.636146 0.636146 0.636146 0.636146 0.709659 1.16544 1.67568 2.18674 2.69861 3.19823 3.35887 3.38465 5.91531 6.13070 6.13070 6.13070 6.13070 6.13070 6.13070 6.13070 6.13070 6.13070 6.13070 6.13070 6.13070 6.13070 6.13070 6.13070 8.83188 9.43482 9.43482 9.43482 9.43482 9.43482 9.43482 9.43482 9.43482 9.43482 9.43482 9.43482 9.43482 9.43482 9.43482 9.43482 9.43482 0.00000 0.00000 0.00000 0.00000 0.00000
1.75839 1.75839 1.75839 1.75839 1.75839 1.75839 1.75839 1.75839 1.75839 1.75839 1.75839 1.75839 1.64156 0.639737 0.636146 0.636146 0.827825 1.33534 1.84612 2.35636 2.86714 3.30414 3.35887 3.35887 3.35887 3.35887 3.35887 3.35887 3.35887 5.15852 6.13070 6.13070 6.13070 6.13070 6.13070 6.13070 6.13070 6.13070 6.13070 6.13070 6.13070 6.13070 6.13070 6.13070 6.13070 7.90468 9.43482 9.43482 9.43482 9.43482 9.43482 9.43482 9.43482 9.43482 9.43482 9.43482 9.43482 9.45025 9.59622 9.77122 9.94619 10.1657 0.00000 0.00000 0.00000 0.00000 0.00000
1.75839 1.75839 1.75839 1.75839 1.75839 1.75839 1.75839 1.75839 1.75839 1.75839 1.75865 1.78214 1.82097 1.93236 2.52490 3.03541 3.35451 3.35887 3.35887 3.35887 3.35887 3.35887 3.35887 3.35887 3.35887 3.35887 3.35887 3.35887 3.35887 4.37595 6.13070 6.13070 6.13070 6.13070 6.13070 6.13070 6.13070 6.13070 6.13070 6.13070 6.13070 6.13070 6.13070 6.13070 6.13070 6.97812 9.43482 9.43482 9.43482 9.43482 9.43482 9.43522 9.53441 9.70955 9.88468 10.0598 10.2348 10.3945 10.4237 10.4237 10.4237 10.4237 0.00000 0.00000 0.00000 0.00000 0.00000
1.75839 1.75839 1.75839 1.75839 1.75839 1.75961 1.78753 1.82638 1.86512 1.90397 1.94254 1.95782 1.95782 2.69722 3.35887 3.35887 3.35887 3.35887 3.35887 3.35887 3.35887 3.35887 3.35887 3.35887 3.35887 3.35887 3.35887 3.35887 3.35887 3.60889 6.11490 6.13070 6.13070 6.13070 6.13070 6.13070 6.13070 6.13070 6.13070 6.13070 6.13070 6.13070 6.13070 6.13070 6.13070 6.21000 9.32089 9.64794 9.82298 9.99811 10.1732 10.3480 10.4237 10.4237 10.4237 10.4237 10.4237 10.4237 10.4237 10.4237 10.4237 10.4237 0.00000 0.00000 0.00000 0.00000 0.00000
1.76132 1.79293 1.83172 1.87057 1.90934 1.94695 1.95782 1.95782 1.95782 1.95782 1.95782 1.95782 1.95782 2.29603 3.35887 3.35887 3.35887 3.35887 3.35887 3.35887 3.35887 3.35887 3.35887 3.35887 3.35887 3.35887 3.35887 3.35887 3.35887 3.35887 5.58271 6.13070 6.13070 6.13070 6.13070 6.13070 6.13070 6.13070 6.13070 6.13070 6.14433 6.57187 7.19292 7.81226 8.43297 9.05436 10.1325 10.4237 10.4237 10.4237 10.4237 10.4237 10.4237 10.4237 10.4237 10.4237 10.4237 10.4237 10.4237 10.4237 10.4237 10.4237 10.4237 0.00000 0.00000 0.00000 0.00000
1.95062 1.95782 1.95782 1.95782 1.95782 1.95782 1.95782 1.95782 1.95782 1.95782 1.95782 1.95782 1.95782 1.98149 3.27172 3.35887 3.35887 3.35887 3.35887 3.35887 3.35887 3.35887 3.35887 3.35887 3.35887 3.35887 3.35887 3.35887 3.35887 3.35887 4.79994 6.13070 6.13070 6.13070 6.13070 6.28400 6.87711 7.49646 8.11716 8.73855 9.34427 9.53743 9.53743 9.53743 9.53743 9.53743 9.90628 10.4237 10.4237 10.4237 10.4237 10.4237 10.4237 10.4237 10.4237 10.4237 10.4237 10.4237 10.4237 10.4237 10.4237 10.4237 10.4237 0.00000 0.00000 0.00000 0.00000
1.95782 1.95782 1.95782 1.95782 1.95782 1.95782 1.95782 1.95782 1.95782 1.95782 1.95782 1.95782 1.95782 1.95782 2.89456 3.35887 3.35887 3.35887 3.35887 3.35887 3.35887 3.35887 3.35887 3.35887 3.35887 3.35887 3.35887 3.35887 3.35887 3.36271 4.26181 7.18065 7.80204 8.42241 9.04175 9.50984 9.53743 9.53743 9.53743 9.53743 9.53743 9.53743 9.53743 9.53743 9.53743 9.53743 9.65859 10.4237 10.4237 10.4237 10.4237 10.4237 10.4237 10.4237 10.4237 10.4237 10.4237 10.4237 10.4237 10.4237 10.4237 10.4237 10.4237 0.00000 0.00000 0.00000 0.00000
1.95782 1.95782 1.95782 1.95782 1.95782 1.95782 1.95782 1.95782 1.95782 1.95782 1.95782 1.95782 1.95782 1.95782 2.49227 3.35887 3.35887 3.35887 3.35887 3.35887 3.35887 3.35887 3.35887 3.35887 3.39391 3.65395 3.95495 4.25563 4.55630 4.85330 5.03417 9.25767 9.53743 9.53743 9.53743 9.53743 9.53743 9.53743 9.53743 9.53743 9.53743 9.53743 9.53743 9.53743 9.53743 9.53743 9.53743 10.2971 10.4237 10.4237 10.4237 10.4237 10.4237 10.4237 10.4237 10.4237 10.4237 10.4237 10.4237 10.4237 10.4237 10.4237 10.4237 10.4237 0.00000 0.00000 0.00000
1.95782 1.95782 1.95782 1.95782 1.95782 1.95782 1.95782 1.95782 1.95782 1.95782 1.95782 1.95782 1.95782 1.95782 2.09736 3.35312 3.35887 3.35887 3.35887 3.45568 3.75076 4.05128 4.35196 4.65312 4.91859 4.95908 4.95908 4.95908 4.95908 4.95908 4.95908 8.03970 9.53743 9.53743 9.53743 9.53743 9.53743 9.53743 9.53743 9.53743 9.53743 9.53743 9.53743 9.53743 9.53743 9.53743 9.53743 10.0493 10.4237 10.4237 10.4237 10.4237 10.4237 10.4237 10.4237 10.4237 10.4237 10.4237 10.4237 10.4237 10.3997 9.98981 9.44656 8.66130 0.00000 0.00000 0.00000
1.95782 1.95782 1.95782 1.95782 1.95782 1.95782 1.95782 1.95782 1.95782 1.95782 1.95782 1.95782 1.95782 1.95784 1.96323 3.46872 4.14793 4.44861 4.74929 4.95332 4.95908 4.95908 4.95908 4.95908 4.95908 4.95908 4.95908 4.95908 4.95908 4.95908 4.95908 6.74665 9.53743 9.53743 9.53743 9.53743 9.53743 9.53743 9.53743 9.53743 9.53743 9.53743 9.53743 9.53743 9.53743 9.53743 9.53743 9.80164 10.4237 10.4237 10.4237 10.4237 10.4237 10.4237 10.4237 10.1706 9.62764 9.08407 8.54051 7.99725 7.47770 7.34404 7.34404 7.34404 0.00000 0.00000 44.0849
1.95782 1.95782 1.95782 1.95782 1.95782 1.95782 1.95782 1.95782 1.95807 1.96466 1.97400 1.98334 1.99268 2.00200 2.00596 3.55381 4.95908 4.95908 4.95908 4.95908 4.95908 4.95908 4.95908 4.95908 4.95908 4.95908 4.95908 4.95908 4.95908 4.95908 4.95908 5.46361 9.52873 9.53743 9.53743 9.53743 9.53743 9.53743 9.53743 9.53743 9.53743 9.53743 9.53743 9.53743 9.53743 9.53743 9.53743 9.57714 10.4004 10.3153 9.80873 9.26547 8.72159 8.17833 7.63477 7.34435 7.34404 7.34404 7.34404 7.34404 7.34404 7.43201 11.7055 18.4281 44.0849 44.0849 44.0849
1.95782 1.95782 1.95782 1.95850 1.96608 1.97542 1.98476 1.99410 2.00320 2.00596 2.00596 2.00596 2.00596 2.00596 2.00596 2.71663 4.95908 4.95908 4.95908 4.95908 4.95908 4.95908 4.95908 4.95908 4.95908 4.95908 4.95908 4.95908 4.95908 4.95908 4.95908 4.95908 8.74034 9.53743 9.53743 9.53743 9.53743 9.53743 9.53743 9.53743 9.53743 9.53743 9.53743 9.53346 9.31222 8.96787 8.62295 8.27785 7.85427 7.38069 7.34404 7.34404 7.34404 7.34404 7.34404 7.34404 7.34404 10.7961 16.0363 19.8511 22.7525 25.0106 25.7145 25.8031 41.5216 44.0849 44.0849
1.97684 1.98618 1.99553 2.00418 2.00596 2.00596 2.00596 2.00596 2.00596 2.00596 2.00596 2.00596 2.00596 2.00596 2.00596 2.05645 4.78100 4.95908 4.95908 4.95908 4.95908 4.95908 4.95908 4.95908 4.95908 4.95908 4.95908 4.95908 4.95908 4.95908 4.95908 4.95908 7.44741 9.53743 9.53743 9.53743 9.53743 9.53743 9.46784 9.14543 8.80089 8.45617 8.11106 7.77050 7.64645 7.64645 7.64645 7.64645 7.50737 7.34404 7.34404 7.34404 7.34404 7.34404 7.34404 7.66815 24.2742 25.7145 25.7145 25.7145 25.7145 25.7145 25.7145 25.7145 34.7238 44.0849 44.0849
2.00596 2.00596 2.00596 2.00596 2.00596 2.00596 2.00596 2.00596 2.00596 2.00596 2.00596 2.00596 2.00596 2.00596 2.00596 2.00596 3.99390 4.95908 4.95908 4.95908 4.95908 4.95908 4.95908 4.95908 4.95908 4.95908 4.95908 4.95908 4.95908 4.95908 4.95908 4.95908 6.15249 9.32394 8.97865 8.63392 8.28938 7.94409 7.66933 7.64645 7.64645 7.64645 7.64645 7.64645 7.64645 7.64645 7.64645 7.64645 7.59181 7.34404 7.34404 7.34404 7.34404 7.34404 7.34404 7.34404 22.3935 25.7145 25.7145 25.7145 25.7145 25.7145 25.7145 25.7145 30.0502 44.0849 44.0849
2.00596 2.00596 2.00596 2.00596 2.00596 2.00596 2.00596 2.00596 2.00596 2.00596 2.00596 2.00596 2.00596 2.00596 2.00596 2.00596 3.15579 4.95908 4.95908 4.95908 4.95908 4.95908 4.95908 4.95908 4.95908 4.95908 4.95908 5.05548 5.90851 6.92149 7.93394 8.94692 9.88406 7.77245 7.64645 7.64645 7.64645 7.64645 7.64645 7.64645 7.64645 7.64645 7.64645 7.64645 7.64645 7.64645 7.64645 7.64645 7.64554 7.37471 7.34404 7.34404 7.34404 7.34404 7.34404 7.34404 17.8414 25.7145 25.7145 25.7145 25.7145 25.7145 25.7145 25.7145 26.7559 44.0152 44.0849
2.00596 2.00596 2.00596 2.00596 2.00596 2.00596 2.00596 2.00596 2.00596 2.00596 2.00596 2.00596 2.00596 2.00596 2.00596 2.00596 2.32486 4.95258 4.95908 4.95908 4.95908 4.95908 5.24827 6.23002 7.24246 8.25544 9.26789 10.1845 10.3444 10.3444 10.3444 10.3444 10.3444 8.46490 7.64645 7.64645 7.64645 7.64645 7.64645 7.64645 7.64645 7.64645 7.64645 7.64645 7.64645 7.64645 7.64645 7.64645 7.64645 7.45824 7.34404 7.34404 7.34404 7.34404 7.34404 7.34404 10.9552 25.6887 25.7145 25.7145 25.7145 25.7145 25.7145 25.7116 25.5863 38.6084 44.0849
2.00596 2.00596 2.00596 2.00596 2.00596 2.00596 2.00596 2.00596 2.00596 2.00596 2.00596 2.00596 2.00596 2.00596 2.00596 2.00596 2.00685 4.98003 6.55152 7.56396 8.57695 9.58993 10.3137 10.3444 10.3444 10.3444 10.3444 10.3444 10.3444 10.3444 10.3444 10.3444 10.3444 9.22708 7.64645 7.64645 7.64645 7.64645 7.64645 7.64645 7.64645 7.64645 7.64645 7.64645 7.64645 7.64645 7.64645 7.64645 7.64645 7.54263 7.34404 7.34404 7.34404 7.34404 7.34404 7.34404 7.34404 23.8096 25.6487 25.4608 25.2708 25.0803 24.8903 24.7026 24.6379 32.0886 44.0849
2.00596 2.00596 2.00596 2.00596 2.00596 2.00596 2.00596 2.00596 2.00596 2.00596 2.00596 2.01848 2.41487 2.99468 3.57420 4.15432 4.73264 7.86687 10.3444 10.3444 10.3444 10.3444 10.3444 10.3444 10.3444 10.3444 10.3444 10.3444 10.3444 10.3444 10.3444 10.3444 10.3444 9.98828 7.64699 7.64645 7.64645 7.64645 7.64645 7.64645 7.64645 7.64645 7.64645 7.64645 7.64645 7.64645 7.64645 7.64645 7.64645 7.62401 7.34713 7.34404 7.29818 6.96725 6.58659 6.20614 5.82569 18.6387 24.6406 24.6379 24.6379 24.6379 24.6379 24.6379 24.6195 26.8821 40.2234
2.00596 2.00596 2.00596 2.00596 2.00596 2.00596 2.04175 2.49957 3.07879 3.65891 4.23843 4.80571 4.98855 4.98855 4.98855 4.98855 4.98855 6.34211 10.3444 10.3444 10.3444 10.3444 10.3444 10.3444 10.3444 10.3444 10.3444 10.3444 10.3444 10.3444 10.3444 10.3444 10.3444 10.3444 8.05222 7.64645 7.64645 7.64645 7.64645 7.64645 7.64645 7.64645 7.64645 7.64645 7.64645 7.64645 7.64657 7.68698 7.76001 7.83304 6.42163 5.57528 5.24048 5.19096 5.19096 5.19096 5.19096 12.3192 24.6379 24.6379 24.0367 22.8866 21.7365 20.5858 19.4541 19.3222 32.0671
0.00000 2.10155 2.58398 3.16320 3.74361 4.32283 4.86656 4.98855 4.98855 4.98855 4.98855 4.98855 4.98855 4.98855 4.98855 4.98855 4.98855 5.10209 10.0552 10.3444 10.3444 10.3444 10.3444 10.3444 10.3444 10.3444 10.3444 10.3444 10.3444 10.3444 10.3444 10.3444 10.3444 10.3444 8.81413 7.64645 7.64645 7.64645 7.64645 7.64645 7.64645 7.65750 7.72314 7.79617 7.86920 7.94227 8.01538 8.04816 8.04816 8.04816 6.59812 5.19096 5.19096 5.19096 5.19096 5.19096 5.19096 5.58367 20.2412 19.6152 19.0657 19.0657 19.0657 19.0657 19.0657 19.0657 27.0187
0.00000 4.98145 4.98855 4.98855 4.98855 4.98855 4.98855 4.98855 4.98855 4.98855 4.98855 4.98855 4.98855 4.98855 4.98855 4.98855 4.98855 4.98855 8.64288 10.3444 10.3444 10.3444 10.3444 10.3444 10.3444 10.3444 10.3444 10.3444 10.3444 10.3444 10.3444 10.3444 10.3444 10.3444 9.57603 7.64653 7.68626 7.75929 7.83240 7.90575 7.97878 8.04077 8.04816 8.04816 8.04816 8.04816 8.04816 8.04816 8.04816 8.04816 7.39252 5.19096 5.19096 5.19096 5.19096 5.19096 5.19096 5.19096 15.9808 19.0657 19.0657 19.0657 19.0657 19.0657 19.0657 19.0657 23.1379
0.00000 4.98855 4.98855 4.98855 4.98855 4.98855 4.98855 4.98855 4.98855 4.98855 4.98855 4.98855 4.98855 4.98855 4.98855 4.98855 4.98855 4.98855 7.11590 10.3444 10.3444 10.3444 10.3444 10.3444 10.3444 10.3444 10.3444 10.3444 10.3444 10.3444 10.3075 9.91697 9.43785 8.95823 8.42461 8.00645 8.04816 8.04816 8.04816 8.04816 8.04816 8.04816 8.04816 8.04816 8.04816 8.04816 8.04816 8.04816 8.04816 8.04816 8.00587 5.37125 5.19096 5.19096 5.19096 5.19096 5.19096 5.19096 12.2643 19.0657 19.0657 19.0657 19.0657 19.0657 19.0657 19.0657 20.4271
0.00000 4.98855 4.98855 4.98855 4.98855 4.98855 4.98855 4.98855 4.98855 4.98855 4.98855 4.98855 4.98855 4.98855 4.98855 4.98855 4.98855 4.98855 5.59436 10.3358 10.3444 10.3444 10.3444 10.3444 10.3444 10.2263 9.76804 9.28867 8.80955 8.32992 7.88721 7.79861 7.79861 7.79861 7.79861 7.97886 8.04816 8.04816 8.04816 8.04816 8.04816 8.04816 8.04816 8.04816 8.04816 8.04816 8.04816 8.04816 8.04816 8.04816 8.04816 6.12269 5.19096 5.19096 5.19096 5.19096 5.19096 5.19096 6.87480 18.9482 19.0657 19.0657 19.0657 19.0657 19.0657 19.0657 19.0872
0.00000 0.00000 4.98855 4.98855 4.98855 4.98855 4.98855 4.98855 4.98855 4.98855 4.98855 4.98855 4.98855 4.98855 4.98855 4.98855 4.98855 4.98855 4.98855 9.41892 10.0985 9.61937 9.13974 8.66062 8.18099 7.82000 7.79861 7.79861 7.79861 7.79861 7.79861 7.79861 7.79861 7.79861 7.79861 7.90888 8.04816 8.04816 8.04816 8.04816 8.04816 8.04816 8.04816 8.04816 8.04816 8.04816 8.04816 8.04816 8.04816 8.04816 8.04816 6.91642 5.19096 5.19096 5.19096 5.19096 5.19096 5.19096 5.19096 17.1135 19.0657 19.0596 19.0363 19.0121 18.9879 18.9636 18.9394
