High_resolution/powerplant/Chizhou/OMI_NO2_201011.asc
ncols      200
nrows      200
xllcorner       115.585
yllcorner       28.7700
cellsize     0.0166667
NODATA_Value      -999.000
[rows 116 to 144 of 165, columns 67 to 133 of 200]
7.29764 7.29764 7.29764 7.29764 7.29764 7.29651 7.19524 7.02981 6.86410 6.69867 6.59160 6.58948 6.58948 7.17760 10.0091 10.3497 10.3497 10.3497 2.89945 2.89945 2.89945 3.68111 6.79148 9.15078 10.8700 12.6551 15.9662 15.9751 17.1604 22.9816 22.9816 22.9816 22.9816 22.9816 22.8339 22.5105 22.2221 21.9641 21.7323 21.5800 21.4396 20.9695 19.8903 18.5710 18.0245 18.0813 17.9741 17.8637 17.6093 17.7433 17.7433 17.7433 17.7433 17.7433 17.7433 17.6470 17.3968 17.1446 16.8032 16.0395 15.9809 15.3430 15.1160 15.1160 15.1160 15.1160 15.1160
7.29764 7.28468 7.14928 6.98378 6.81821 6.65378 6.58948 6.58948 6.58677 6.49696 6.36574 6.23440 6.10306 6.26354 8.56217 10.3497 10.3497 10.4796 7.54998 9.69230 11.2773 12.2933 12.3794 12.3794 12.3794 12.3794 15.4940 15.9751 15.9981 21.8712 22.4621 22.1790 21.9253 21.6973 21.5745 21.5666 21.2483 20.7620 20.3614 20.0606 19.8939 20.0626 19.8496 17.4457 17.4431 17.6827 17.7495 17.7495 17.5970 17.7433 17.7200 17.5086 17.2564 17.0042 16.7520 16.5963 16.5944 16.5944 16.5943 16.0621 15.9809 15.6003 15.1160 15.1160 15.1160 15.1160 15.1160
6.77218 6.61964 6.58948 6.58948 6.57383 6.45965 6.32837 6.19709 6.06845 6.02675 6.02675 6.02675 6.02675 6.10792 7.94448 11.6205 12.2763 12.8019 12.3794 12.3794 12.3794 12.3794 12.3794 12.3794 12.3794 12.3794 14.6327 15.9751 16.0385 19.3045 21.5737 21.4871 21.0419 20.6699 20.3689 20.0749 20.0930 20.2775 20.3773 20.3775 20.3775 20.3775 20.3775 17.8419 17.4431 17.5966 17.6464 17.3890 17.1113 16.7340 16.6353 16.5944 16.5944 16.5944 16.5944 16.5944 16.5944 16.5944 16.5944 16.2324 15.9809 15.8198 15.1160 15.1160 15.1160 15.1150 15.0983
6.55014 6.42218 6.29084 6.15955 6.04392 6.02675 6.02675 6.02675 6.02675 6.03341 6.19023 6.40873 6.62724 6.82468 7.88713 12.7370 12.8469 12.8469 12.3794 12.3794 12.3794 12.3794 12.3794 12.3794 12.3794 12.3794 13.5545 16.0279 16.3098 17.9496 20.3762 20.1625 20.3062 20.3775 20.3775 20.3775 20.3775 20.3775 20.3775 20.3775 20.3775 20.3652 20.1687 18.1989 16.7168 16.5258 16.6089 16.6076 16.6076 16.4489 16.5944 16.5944 16.5944 16.5944 16.5944 16.5944 16.5944 16.5944 16.5552 16.2491 15.6502 15.4648 15.0860 15.0641 15.0423 15.0216 15.0165
6.03007 6.02675 6.02675 6.02675 6.02675 6.02709 6.14875 6.36711 6.58562 6.79737 6.85914 6.85914 6.85914 6.85914 7.33581 11.0197 12.8469 12.8469 12.3794 12.3794 12.3794 12.3794 12.4826 14.0062 15.7117 17.1510 18.3884 17.7146 17.6679 17.7286 20.2474 20.3775 20.3775 20.3775 20.3775 20.3775 20.3775 20.3102 20.0616 19.8028 19.5440 19.2976 19.2355 18.3489 16.3012 16.3046 16.5854 16.6076 16.6076 16.4516 16.5944 16.5944 16.5918 16.5235 16.4185 16.3024 16.1712 16.0081 15.8921 15.8254 15.0460 15.0166 15.0583 15.2182 15.3849 15.5518 15.7186
6.02675 6.02675 6.10883 6.32541 6.54383 6.76200 6.85914 6.85914 6.85914 6.85914 6.85914 6.85914 6.85914 6.85914 7.03542 9.48514 12.8469 12.8469 13.9410 15.6214 17.0678 18.3047 19.3279 19.5672 19.5672 19.5672 19.5672 18.2816 17.6679 17.6392 19.5102 20.3775 20.3752 20.2132 19.9545 19.6957 19.4371 19.2456 19.2355 19.2355 19.2355 19.2355 19.2355 19.0990 16.3757 16.3012 16.5028 16.5928 16.5040 16.3104 16.1741 16.1273 15.9702 15.9010 15.8792 15.8573 15.8381 15.8869 15.9756 16.0644 15.7509 15.7979 15.9230 15.9299 15.9299 15.9299 15.9299
6.50221 6.72071 6.85722 6.85914 6.85914 6.85914 6.85914 6.85914 6.85914 6.85914 6.85914 6.85914 6.85914 6.98067 7.22608 8.38768 12.8469 12.8469 19.5544 19.5672 19.5672 19.5672 19.5672 19.5672 19.5672 19.5672 19.5672 18.8202 17.7465 18.3139 19.0464 19.5887 19.3322 19.2355 19.2355 19.2355 19.2355 19.2355 19.2355 19.2355 19.2355 19.2355 19.2614 19.3570 17.0285 16.1050 16.0536 15.9905 16.1527 16.3586 15.9067 15.8528 15.9160 16.0047 16.0933 16.1820 16.2704 16.3068 16.3068 16.3068 16.1265 15.9299 15.9176 15.8084 15.6784 15.5486 15.4188
6.85914 6.85914 6.85914 6.85914 6.85914 6.85914 6.85914 6.85914 6.86928 7.04848 7.28772 7.52696 7.76620 7.88372 7.88372 7.95051 11.6978 12.8469 19.5672 19.5672 19.5672 19.5672 19.5672 19.5672 19.7635 20.4150 21.0855 21.5446 20.4515 20.5369 19.7239 19.2086 19.2355 19.2355 19.2355 19.2355 19.2355 19.2734 19.3730 19.4841 19.6080 19.7473 19.8588 19.9449 18.3528 16.4427 16.6735 16.9416 17.0582 17.1471 16.6551 16.2919 16.3068 16.3068 16.3068 16.3068 16.3068 16.3068 16.2435 16.1137 15.9082 15.4770 15.3595 15.3389 15.3389 15.3389 15.3389
6.85914 6.85914 6.85914 6.85914 6.89848 7.11620 7.35544 7.59448 7.82378 7.88372 7.88372 7.88225 7.86431 7.84167 7.81936 7.81678 9.83320 12.8469 19.5672 19.5678 19.9330 20.6035 21.2734 21.9436 22.4181 22.4362 22.4362 22.4362 20.8683 20.5369 20.1235 19.1856 19.2876 19.3894 19.5022 19.6284 19.7702 19.8632 19.8730 20.0278 20.2337 20.7337 21.5876 22.3611 22.0092 17.2647 17.3286 17.3314 17.3314 17.3314 17.0671 16.2935 16.3068 16.2879 16.1719 16.0421 15.9122 15.7823 15.7158 15.7158 15.7132 15.3707 15.3389 15.3389 15.3389 15.3389 15.3389
6.94694 7.18393 7.42296 7.66231 7.86210 7.88372 7.88372 7.87906 7.85801 7.83552 7.81304 7.79204 7.78748 7.78748 7.78748 7.78986 8.45533 12.8469 21.4616 22.1315 22.4362 22.4362 22.4362 22.4362 22.4362 22.4362 22.4362 22.4362 21.4068 20.5369 20.4772 19.9215 19.8640 19.8640 19.9151 20.1157 20.7131 21.5677 22.4130 23.1125 23.7613 24.1151 24.1158 24.1158 24.0982 18.0439 17.3314 17.3314 17.3314 16.9745 16.2958 15.7509 15.8406 15.7296 15.7158 15.7158 15.7158 15.7158 15.7158 15.7158 15.7158 15.4730 15.3389 15.3389 15.3389 15.3389 15.3389
7.88126 7.88372 7.88372 7.87412 7.85169 7.82922 7.80673 7.78891 7.78748 7.78748 7.78748 7.78748 7.72948 7.29787 6.70906 5.98078 4.05091 2.88919 22.4362 22.4362 22.4362 22.4362 22.4362 22.4362 22.4362 22.4362 22.4362 22.4362 21.9460 20.5368 20.5503 20.6941 21.5481 22.4021 23.2053 23.8593 24.1158 24.1158 24.1158 24.1158 24.1158 24.1158 24.1158 24.1158 24.0486 19.2912 16.0114 15.3326 14.6541 14.3320 14.3320 15.0019 15.7158 15.7158 15.7158 15.7158 15.7158 15.7158 15.7158 15.7158 15.7158 15.5779 15.3389 15.3389 15.1554 14.7861 14.4164
7.84540 7.82290 7.80043 7.78754 7.78748 7.78748 7.78748 7.78748 7.76461 7.39612 6.82880 6.13056 5.37545 5.25777 5.25777 5.25777 4.64325 2.88919 22.4362 22.4362 22.4362 22.4362 22.4362 22.4362 22.4362 22.4629 22.8316 23.3030 23.7295 23.0626 23.6330 23.7717 23.8559 24.1158 24.1158 24.1158 24.1158 24.1158 24.1158 24.1158 23.8621 23.1896 22.5108 21.8323 21.2204 18.8397 14.3320 14.3320 14.3320 14.3320 14.3320 14.5929 15.7158 15.7158 15.7158 15.7158 15.7158 15.7158 15.7158 15.6587 15.3252 14.9208 14.2112 13.8400 13.6540 13.6878 13.8351
7.78748 7.78748 7.78748 7.78748 7.78360 7.49056 6.94441 6.27395 5.48025 5.25777 5.25777 5.25777 5.25777 5.25777 5.25777 5.25777 5.11527 2.90777 22.4362 22.4362 22.4639 22.8428 23.3154 23.7868 24.2582 24.7034 24.8072 24.8072 24.8072 24.1147 23.8072 23.8072 23.7278 24.1158 24.1158 24.0885 23.5831 22.9046 22.2262 21.5474 21.1224 21.1164 21.1164 21.1164 21.1164 20.6567 14.4209 14.3320 14.3320 14.3320 14.3320 14.3367 15.5625 15.7158 15.7134 15.4876 15.1183 14.7486 14.3791 14.0669 13.9919 13.9245 14.0029 14.2227 14.3787 14.5003 14.5093
7.78748 7.58143 7.05500 6.41107 5.61365 5.25777 5.25777 5.25777 5.25777 5.25777 5.25777 5.25777 5.25777 5.25777 5.25777 5.25996 5.35604 3.79386 23.7991 24.2705 24.7147 24.8084 24.8072 24.8072 24.8072 24.8072 24.8072 24.8072 24.8072 24.3994 23.8072 23.7554 23.1893 22.6200 21.9412 21.2897 21.1164 21.1164 21.1164 21.1164 21.1164 21.1164 21.1164 21.1164 21.1164 21.1164 15.8686 14.3320 14.3320 14.3320 14.3004 14.1439 14.5463 14.5417 14.1692 13.9703 13.9029 13.8356 13.7682 13.7010 13.6724 13.6724 14.1182 14.5093 14.5093 14.4587 14.1636
5.77211 5.25929 5.25777 5.25777 5.25777 5.25777 5.25777 5.25777 5.25777 5.25777 5.25777 5.27339 5.39814 5.54363 5.68943 5.83298 5.88246 4.85360 24.8072 24.8072 24.8072 24.8072 24.8072 24.8072 24.8072 24.8072 24.8072 24.7015 24.4645 24.1031 22.9904 22.8042 22.5501 21.0059 21.1164 21.1164 21.1164 21.1164 21.1164 21.1164 21.1164 21.1164 21.1164 21.1164 21.1164 21.1164 17.6860 14.0735 13.9043 13.7175 13.5149 13.4348 13.5070 13.7466 13.6846 13.6724 13.6724 13.6724 13.6724 13.6724 13.6708 13.4752 13.3624 13.6578 13.3306 13.0539 13.0218
5.25777 5.25777 5.25777 5.25777 5.25777 5.25777 5.25777 5.29881 5.43999 5.58573 5.73144 5.86147 5.88246 5.88246 5.93042 6.23169 6.56990 6.67363 24.8072 24.8072 24.8072 24.8072 24.8011 24.6344 24.3972 24.1599 23.9223 23.7908 23.7905 23.7905 22.9512 22.7905 22.7905 21.2667 21.1164 21.1164 21.1164 21.1164 21.1164 21.1164 21.1164 21.0999 20.9571 20.7874 20.7669 20.9214 19.5614 13.3458 13.2785 13.2285 13.2259 13.2259 13.2473 13.6585 13.6724 13.6724 13.6037 13.2967 12.9694 12.6422 12.3166 12.1849 12.2061 12.9835 13.0218 13.0218 13.0218
5.25777 5.25777 5.25790 5.33623 5.48197 5.62765 5.77333 5.87796 5.88246 5.88246 5.99578 6.32819 6.66641 7.00462 7.29458 7.33153 7.33153 7.32634 24.7762 24.5673 24.3298 24.0924 23.8613 23.7905 23.7905 23.7905 23.7905 23.7905 23.7905 23.7905 23.2360 22.7905 22.7905 21.7673 21.1164 21.1164 21.1164 21.0544 20.8893 20.9199 21.0743 21.2451 21.5428 21.8665 22.0415 22.0419 21.9608 13.9074 13.2259 13.2259 13.2259 13.2234 13.0925 13.0470 12.7906 12.4634 12.2052 12.1849 12.1849 12.1849 12.1849 12.1849 12.1849 12.7729 13.0218 13.0218 13.0218
5.52389 5.66963 5.81518 5.88246 5.88246 5.88420 6.08678 6.42499 6.76291 7.10113 7.32602 7.33153 7.33153 7.33153 7.33153 7.33153 7.33153 7.33153 23.8190 23.7905 23.7905 23.7905 23.7905 23.7905 23.7905 23.7905 23.7905 23.7905 23.7905 23.7905 23.5202 22.7905 22.7903 22.3213 21.0396 21.2279 21.3824 21.5989 21.9189 22.0419 22.0419 22.0419 22.0419 22.0419 22.0419 22.0419 22.0419 16.2550 13.0062 12.8028 12.5998 12.3990 12.3267 12.2236 12.1849 12.1849 12.1849 12.1849 12.1849 12.1849 12.1849 12.1849 12.1849 12.5411 13.0218 13.0218 13.0203
5.88246 5.90825 6.18329 6.52150 6.85971 7.19590 7.33153 7.33153 7.33153 7.33153 7.33153 7.33153 7.33153 7.33153 7.33153 7.33153 7.33153 7.33153 23.7905 23.7905 23.7905 23.7905 23.7905 23.7905 23.7905 23.7905 23.7905 23.7905 23.7533 23.3304 22.7768 23.5914 24.0454 24.3534 22.1941 22.0419 22.0419 22.0419 22.0419 22.0419 22.0419 22.0419 22.0419 21.9388 21.7357 21.5321 21.3293 17.8727 12.3267 12.3267 12.3267 12.3267 12.3267 12.2657 12.1842 12.1849 12.1849 12.1849 12.1849 12.1849 12.1849 12.1849 12.1049 11.8790 12.2184 11.8456 11.4744
6.95622 7.26864 7.33153 7.33153 7.33153 7.33153 7.33153 7.33153 7.33153 7.33153 7.33153 7.33153 7.33153 7.33153 7.33153 7.33153 7.33153 7.33153 23.7905 23.7905 23.7905 23.7905 23.7905 23.7542 23.3352 22.8106 22.2858 21.7611 21.2735 21.1717 21.1717 23.4656 24.4342 24.4342 22.9085 22.0419 22.0419 22.0419 22.0229 21.8523 21.6493 21.4460 21.2428 21.1427 21.1427 21.1427 21.1427 20.2857 12.3611 12.3267 12.3267 12.3267 12.3267 12.3240 12.1674 12.1849 12.1849 12.1759 11.9167 11.5439 11.1712 10.7984 10.5057 10.5744 11.1251 11.0606 10.9617
7.33153 7.33153 7.33153 7.33153 7.33153 7.33153 7.33153 7.33153 7.33153 7.33153 7.33153 7.33153 7.33153 7.33153 7.33153 7.33153 7.33153 7.33153 23.7542 23.3373 22.8155 22.2908 21.7660 21.2775 21.1718 21.1717 21.1717 21.1717 21.1717 21.1717 21.1717 22.5449 24.4342 24.4342 23.4434 21.7658 21.5629 21.3595 21.1754 21.1427 21.1427 21.1427 21.1427 21.1427 21.1427 21.1427 21.1427 21.1427 13.9673 12.3267 12.3267 12.3267 12.3267 12.2854 11.8709 11.3336 10.9607 10.6088 10.6238 10.7820 10.9402 11.0983 11.2560 11.3237 10.9972 10.7754 10.7754
7.33153 7.33153 7.33153 7.33153 7.33153 7.33153 7.33153 7.33153 7.33153 7.33153 7.33153 7.33153 7.33153 7.33153 7.60220 8.86999 10.2280 11.5872 21.2831 21.1746 21.1717 21.1717 21.1717 21.1717 21.1717 21.1717 21.1717 21.1717 21.1717 21.1675 20.7791 20.5913 22.7623 22.1223 21.6580 21.0085 21.1427 21.1427 21.1427 21.1427 21.1427 21.1427 21.1427 21.1427 21.1427 21.1427 21.1427 21.1427 16.4303 12.2274 12.0777 11.9280 11.8172 11.8600 11.6983 10.9898 11.1479 11.2943 11.3237 11.3237 11.3237 11.3237 11.3237 11.3169 10.9561 10.3164 10.0507
7.19374 7.33153 7.33153 7.33153 7.33153 7.33153 7.33153 7.33153 7.33153 7.33153 7.90081 9.25417 10.6133 11.9725 13.0604 13.1524 13.1524 13.2608 21.1717 21.1717 21.1717 21.1717 21.1717 21.1717 21.1717 21.1224 20.6007 19.9607 19.3213 18.6854 18.4344 18.4344 21.2278 21.6970 21.6970 21.1274 21.1427 21.1427 21.1427 21.1427 21.1427 21.1427 21.1427 21.1427 21.1172 20.9804 20.8307 20.5759 18.0767 12.0628 12.2209 12.3791 12.4983 12.5052 12.4724 11.3891 11.3237 11.3237 11.3237 11.2399 10.9798 10.7140 10.4482 10.1892 10.0772 9.57049 9.56144
6.78941 7.33153 7.33153 7.33153 7.33153 7.35831 8.28033 9.64064 10.9987 12.3573 13.1478 13.1524 13.1524 13.3729 13.8474 14.3215 14.7956 15.1617 21.1717 21.1717 21.1717 21.0274 20.4222 19.7825 19.1428 18.5524 18.4344 18.4344 18.4344 18.4344 18.4344 18.4344 20.3071 21.6970 21.6970 21.2934 21.1427 21.1427 21.1427 21.1427 21.0672 20.9157 20.6263 20.2507 19.9005 19.6613 19.4354 19.3145 19.1537 12.8356 12.5052 12.5052 12.5052 12.5052 12.4917 11.4835 10.8290 10.5634 10.2975 10.1153 10.1097 10.1097 10.1097 10.1097 10.1097 9.69013 9.56144
6.34080 7.48986 8.66626 10.0249 11.3840 12.7164 13.1524 13.1524 13.1677 13.5096 13.9843 14.4584 14.9327 15.1861 15.1863 15.1863 15.1863 15.1863 20.2437 19.6038 18.9644 18.4689 18.4344 18.4344 18.4344 18.4344 18.4344 18.4344 18.4344 18.4344 18.4344 18.4344 19.3858 21.6970 21.6970 21.5501 20.9208 20.6768 20.3011 19.9253 19.6251 19.4008 19.3144 19.3144 19.3144 19.3144 19.3144 19.3144 19.3144 14.5779 12.4371 12.2050 11.9659 11.7267 11.5011 10.9272 10.1097 10.1097 10.1097 10.1097 10.1097 10.1097 10.1097 10.1097 10.1097 9.84111 9.56144
9.27691 12.9170 13.1524 13.1524 13.2220 13.6466 14.1209 14.5950 15.0545 15.1863 15.1863 15.1863 15.1863 15.1863 15.1863 15.1863 15.1863 15.1863 18.4344 18.4344 18.4344 18.4344 18.4344 18.4344 18.4344 18.4344 18.4344 18.4344 18.4344 18.4344 18.4344 18.4045 18.2078 21.1739 21.0909 20.8821 19.5539 19.3144 19.3144 19.3144 19.3144 19.3144 19.3144 19.3144 19.3144 19.3108 19.1534 18.9145 18.6750 15.6033 11.4557 11.4486 11.4486 11.4486 11.4486 11.3100 10.1205 10.1097 10.1097 10.1097 10.1097 10.1097 10.1097 10.1097 10.1097 9.95532 9.40311
9.10925 13.4916 14.2578 14.7321 15.1367 15.1863 15.1863 15.1863 15.1863 15.1863 15.1863 15.1863 15.1863 15.1863 15.1863 15.1863 15.1863 15.1863 18.4344 18.4344 18.4344 18.4344 18.4344 18.4344 18.4344 18.4344 18.4000 18.0636 17.6627 17.2618 16.8609 16.4899 16.4165 19.4693 20.6111 20.6111 19.8866 19.3144 19.3144 19.3144 19.3144 19.2725 19.0532 18.8142 18.5750 18.3395 18.2578 18.2578 18.2578 17.3290 11.4486 11.4486 11.4486 11.4486 11.4486 11.4486 10.3753 10.1097 10.1097 10.1097 10.1026 10.0059 9.88209 9.75825 9.63436 9.54249 8.77549
10.5055 15.1111 15.1863 15.1863 15.1863 15.1863 15.1863 15.1863 15.1863 15.1863 15.1863 15.1863 15.1863 15.1863 15.1863 15.1863 15.1863 15.1863 18.4344 18.4344 18.4344 18.3984 18.0511 17.6451 17.2442 16.8475 16.4810 16.4165 16.4165 16.4165 16.4165 16.4165 16.4165 18.2909 20.6111 20.6111 20.2920 19.1772 18.9534 18.7140 18.4750 18.2778 18.2578 18.2578 18.2578 18.2578 18.2578 18.2578 18.2578 18.2578 12.4232 11.4486 11.4486 11.4486 11.4486 11.4486 10.6895 9.93663 9.81286 9.68897 9.53958 9.06462 8.42563 7.68692 6.82913 5.81449 6.03754
9.72432 14.2622 15.1857 15.1863 15.1863 15.1863 15.1863 15.1863 15.1863 15.1863 15.1863 15.1863 15.1863 15.1863 15.1863 15.1863 15.1863 14.9783 17.6336 17.2308 16.8299 16.4651 16.4114 16.4165 16.4165 16.4165 16.4165 16.4165 16.4165 16.4165 16.4165 16.4165 16.3939 16.7019 19.6836 19.1670 18.6505 18.1511 18.2578 18.2578 18.2578 18.2578 18.2578 18.2578 18.2578 18.2578 18.2578 18.2578 18.2578 18.2578 14.3262 11.4339 11.1812 10.8453 10.5094 10.0591 9.18123 8.19667 7.42254 6.51773 5.51623 5.26443 5.26443 5.26443 5.26443 5.26443 5.76227
