High_resolution/powerplant/Chizhou/OMI_NO2_200512.asc
ncols      200
nrows      200
xllcorner       115.585
yllcorner       28.7700
cellsize     0.0166667
NODATA_Value      -999.000
[rows 87 to 115 of 164, columns 67 to 133 of 200]
9.83686 9.85503 9.85503 9.85503 9.85503 9.85503 9.84188 9.75380 9.75376 9.76440 9.89214 9.98067 10.1135 10.1416 11.0421 11.3959 11.6242 11.7725 11.8631 11.9232 12.0370 12.2079 12.2531 12.4305 12.5167 12.2871 12.1651 12.1985 12.2340 12.2655 12.4495 12.8136 12.6719 12.9138 12.8171 12.0280 11.8808 11.8808 11.8808 12.1125 12.4609 12.9741 13.2713 13.0721 12.4233 12.2337 12.1971 12.1971 12.1971 11.8824 11.8143 11.8818 11.9003 11.9003 11.8996 12.0039 11.9930 12.1728 12.5557 13.0788 13.5946 14.0606 14.0560 14.0752 14.1122 14.2864 14.5150
9.85503 9.85503 9.85503 9.85503 9.85503 9.85503 9.85929 9.81930 9.86621 9.92918 10.1871 10.3253 10.5423 10.6027 11.2753 11.7654 11.9542 12.0214 12.0906 12.0906 12.0981 12.2601 12.3083 12.4463 12.6281 12.5206 12.3357 12.4390 12.5405 12.6420 12.7245 12.2777 12.2484 12.5272 12.7129 12.2035 11.8808 11.8793 11.8495 11.8957 12.2193 12.5806 13.0331 12.9874 12.1866 12.0676 12.0242 11.9811 11.9378 11.6942 11.4978 11.4252 11.3537 11.5027 11.9784 12.4415 12.8213 12.8602 13.0680 13.3610 13.9627 14.4221 14.7329 14.8756 15.0434 15.0407 14.8579
9.91405 9.94948 9.98489 10.0318 10.0947 10.1577 10.2164 10.1782 10.1329 10.1329 10.3262 10.4767 10.6165 10.6527 11.0756 11.7255 11.9186 12.0138 12.1677 12.2143 12.2598 12.4219 12.5636 12.6857 12.9649 13.0118 12.7206 12.7092 12.6979 12.6866 12.6751 12.3277 12.1466 12.2418 12.5112 12.0338 11.3219 11.2174 11.1410 11.1137 11.4803 11.8115 12.3694 12.3949 11.9406 11.6629 11.7019 11.7399 11.7998 11.9299 11.8777 12.0125 12.0673 12.2191 13.0098 13.7835 14.3240 14.5868 14.9676 14.6317 14.7794 14.7612 14.8716 14.6606 14.4657 14.2987 13.9844
10.1630 10.1906 10.2181 10.2341 10.2342 10.2342 10.2335 10.1999 10.1172 10.1090 10.2083 10.4534 10.5510 10.6514 10.8775 11.6585 11.8324 11.9833 12.2554 12.3959 12.4856 12.6252 12.7300 12.7189 12.8868 12.9247 12.5959 12.5437 12.5432 12.5409 12.5271 12.3268 11.9918 11.9676 12.0416 11.8711 10.9863 10.9863 11.0252 11.2897 11.5978 11.8905 12.5571 12.5729 12.3940 12.0459 12.2446 12.4695 12.9952 13.4518 13.5761 13.9307 14.0775 14.2348 14.2899 14.6031 14.5743 14.3858 14.3991 14.0044 13.9483 13.9694 14.1044 14.0163 14.0506 14.0757 13.8829
10.1529 10.1447 10.1365 10.1282 10.1200 10.1126 10.1088 10.1088 10.0643 10.0860 10.1298 10.4545 10.5035 10.7490 10.8914 11.8602 12.1468 12.3164 12.4237 12.5481 12.5481 12.5602 12.7106 12.7133 12.8246 12.9202 12.6741 12.5116 12.4964 12.4833 12.4814 12.4415 11.9821 11.9764 11.9710 12.0524 11.0374 10.9863 10.9874 11.3192 11.5678 12.0714 12.8693 13.2765 14.2871 13.9890 14.2755 14.5323 14.4067 14.1753 13.9119 13.7693 13.5599 13.5341 13.5661 14.1476 14.1334 14.0708 13.9869 13.8032 13.7379 13.9588 14.0847 14.1174 14.0757 14.0757 14.0255
10.1417 10.1238 10.1330 10.1422 10.1514 10.1598 10.1637 10.1669 10.1787 10.2224 10.2719 10.5974 10.7089 11.0818 11.1306 11.8390 12.1777 12.3096 12.3490 12.5480 12.5481 12.5533 12.6696 12.6825 12.7194 12.8632 12.7237 12.4814 12.4814 12.4814 12.4814 12.4814 12.0927 11.9764 11.9127 12.0615 11.3172 11.2925 11.5463 11.9957 12.3103 12.6190 12.6058 12.6289 14.6118 14.1371 13.7463 13.6189 13.5959 13.5959 13.6346 13.7106 13.5375 13.3921 13.3198 13.7523 13.9468 14.0431 13.9877 13.9993 13.6573 13.9588 14.0181 14.1441 14.0757 14.0757 14.0757
10.1587 10.1766 10.1717 10.1687 10.2019 10.2460 10.2917 10.3378 10.3540 10.3386 10.3349 10.5195 10.6712 10.9106 11.0813 11.5696 12.1464 12.2650 12.3338 12.5644 12.6447 12.6788 12.6608 12.6296 12.6329 12.8253 12.8004 12.4513 12.4480 12.4448 12.4416 12.4384 12.2771 12.2866 12.4901 12.8372 12.4876 12.0080 11.9732 11.9593 11.9865 11.9755 11.8516 11.8709 13.5311 14.0378 13.5959 13.5959 13.5731 13.5012 13.4360 13.4693 13.3876 13.2925 13.2925 13.6363 13.9295 14.0411 13.9932 14.0559 13.6633 13.9252 13.9272 14.0627 13.7933 13.5032 13.2186
10.0973 10.1735 10.2224 10.2696 10.2805 10.2805 10.2805 10.2805 10.2782 10.2611 10.2611 10.3623 10.6049 10.7238 11.0555 11.4031 12.1889 12.3641 12.4479 12.5784 12.7074 12.7209 12.7289 12.6960 12.7092 12.8651 12.9376 12.4999 12.5131 12.7950 13.0976 13.4013 13.5411 13.1286 12.9657 12.7261 12.3282 11.4383 11.3325 11.3900 11.6574 11.7418 11.8079 11.8709 12.8283 13.9889 13.4760 13.4040 13.3546 13.3543 13.3543 13.4399 13.4373 13.2925 13.2925 13.4821 13.9224 14.0147 13.9987 14.0433 13.6254 13.2372 13.0344 12.9356 12.7435 12.5726 12.5092
10.2362 10.2805 10.2805 10.2805 10.2805 10.2805 10.2805 10.2805 10.2805 10.2654 10.2931 10.3581 10.7431 10.8119 11.2198 11.3797 12.2615 12.4401 12.5483 12.5910 12.7809 12.7809 12.7809 12.7401 12.8222 13.2105 13.6309 13.6260 13.6517 13.6385 13.5737 13.5050 13.4359 12.5143 12.3621 12.2162 12.2975 11.3291 11.3291 11.3307 11.6075 11.4953 11.3628 11.1197 11.1786 13.3394 13.3513 13.3503 13.3418 13.3323 13.3210 13.3615 13.4116 13.3490 13.3472 13.3560 13.5792 13.3691 13.1351 12.8220 12.5697 12.1528 11.9625 11.7122 11.4975 11.0717 10.8749
10.2266 10.2772 10.2817 10.2872 10.2931 10.2993 10.3303 10.3762 10.4222 10.4565 10.4626 10.4626 10.7836 10.8696 11.1510 11.2905 12.1623 12.4150 12.5463 12.5631 12.8829 13.2269 13.5454 13.8409 14.0258 13.9892 14.0443 13.7918 13.3997 13.3653 13.3472 13.3250 13.3027 12.7048 12.2533 12.0650 12.1975 11.1872 10.8108 10.5302 10.5813 10.6472 10.7706 10.7724 10.7030 12.7967 13.1732 13.1554 13.1352 13.1156 13.0973 13.0529 12.9311 12.7344 12.5226 12.3253 12.4058 12.2341 12.0750 11.6629 11.4174 10.5644 10.3820 10.4065 10.6275 10.3707 10.2032
10.2601 10.3046 10.3468 10.3873 10.4273 10.4671 10.4821 10.4821 10.4821 10.4770 10.4626 10.4626 10.6797 10.8645 11.0367 11.3228 11.9958 12.7273 13.1310 13.4352 13.7245 13.7703 13.6792 13.5806 13.4408 13.3899 13.4630 13.3849 12.8906 12.8477 12.8218 12.7998 12.7429 12.3114 11.4159 11.2086 11.0207 10.3876 10.1236 10.1236 10.2355 10.3072 10.3701 10.3784 10.1956 11.8161 13.0265 12.9686 12.7484 12.5226 12.2919 11.9215 11.7339 11.5021 11.2537 11.0235 11.1171 11.3553 11.1133 11.0566 11.0815 10.5328 10.3348 10.3061 10.2555 9.92856 9.75778
10.3477 10.4086 10.4509 10.4461 10.4412 10.4364 10.4316 10.4268 10.4274 10.4528 10.4551 10.4769 10.6692 11.2402 11.5481 12.1815 12.5755 13.0336 13.0249 12.9790 12.9934 13.1925 13.1705 13.1489 13.0988 13.0895 13.1670 13.2300 12.7575 12.5496 12.4073 12.2652 12.1573 12.1256 11.1986 11.1223 10.9891 10.5549 10.1236 10.1236 10.1236 10.1236 10.1977 10.2584 9.81192 10.3722 11.8696 11.3962 11.0621 10.7435 10.5151 10.6425 10.8594 10.9979 11.1969 11.2939 11.3927 11.5749 11.0535 10.8547 10.9762 10.5704 10.1168 10.0797 10.0365 9.87481 9.70674
10.3413 10.3626 10.4024 10.3963 10.4115 10.4278 10.4443 10.4607 10.5076 10.7432 10.9818 11.2563 11.5307 11.9619 12.0061 11.9953 12.1201 12.7082 12.8059 12.8560 12.8580 13.1133 13.1417 13.1417 13.0801 12.9139 12.8102 12.7698 12.3545 12.1509 12.1509 12.1509 12.1509 12.1509 11.4745 11.1448 11.0222 10.7337 10.1148 10.0034 9.75024 9.48341 9.22993 9.27003 8.82600 8.89295 10.3801 10.7269 11.0277 11.3100 11.5065 11.5333 11.4516 11.2327 11.2940 11.2576 11.2033 11.3912 11.0270 10.5375 10.7942 10.6637 10.0709 10.0709 10.0668 9.95309 9.71257
10.3222 10.3863 10.3744 10.3956 10.4205 10.6556 10.9442 11.2608 11.5468 11.6194 11.6413 11.6354 11.6377 11.9582 12.0492 12.0245 12.0271 12.6127 12.6923 12.7511 12.7207 12.7778 12.7755 12.6562 12.5302 12.3591 12.3543 12.4757 12.2898 11.9547 11.9298 11.9009 11.8721 11.8431 11.4385 10.6792 10.3069 9.94741 8.86784 8.70137 8.71845 8.82567 9.08661 9.82932 10.2088 10.1924 11.1834 11.5232 11.5333 11.5333 11.5333 11.5027 11.4130 11.0490 11.0046 10.9721 10.9688 11.2320 11.2000 10.4949 10.7625 10.7918 10.1426 10.0709 10.0709 9.99932 9.77683
10.4246 10.7166 10.9864 11.3004 11.6013 11.6908 11.7266 11.7345 11.7368 11.7390 11.7348 11.6975 11.6974 11.9131 12.1044 12.0946 12.0310 12.3250 12.2359 12.1902 12.1119 12.1739 12.3067 12.2151 12.1235 11.8654 11.7475 11.7551 11.7004 11.6675 11.6636 11.5702 11.3556 11.1462 10.8374 9.68097 9.66714 9.87712 9.44953 9.52017 9.76476 9.91967 9.92218 10.2474 10.6853 10.2747 10.8392 11.4908 11.4204 11.3435 11.2599 11.2069 11.2054 10.9994 10.9397 10.9688 10.9688 11.1593 11.2798 10.6337 10.6914 10.7942 10.3413 10.0725 10.0709 10.0151 9.80527
11.5543 11.7508 11.7591 11.7397 11.7397 11.7397 11.7397 11.7397 11.7397 11.7397 11.7397 11.7046 11.6872 11.7033 11.8091 11.6072 11.3705 11.5585 11.5808 11.5358 11.4730 11.3940 11.6388 11.6579 11.6579 11.5526 11.4647 11.4287 11.3216 11.1753 10.9710 10.8621 10.7484 10.5210 10.2826 10.5975 10.9933 10.9113 10.2923 9.92218 9.92218 9.92218 9.92218 10.0725 10.6352 10.0265 10.1145 11.1268 11.1661 11.2054 11.2054 11.2029 11.1803 11.0372 10.8495 10.8828 10.8548 10.9398 11.0886 10.6083 10.3087 10.4315 10.0889 9.49701 9.42957 9.31677 8.93250
11.6804 11.7445 11.7693 11.7397 11.7397 11.7397 11.7388 11.7372 11.7295 11.6421 11.5302 11.3952 11.2742 11.2407 10.9481 10.9418 10.9092 11.0850 11.3034 11.3259 11.3722 11.3722 11.5573 11.5685 11.3628 11.0957 10.6914 10.5488 10.5631 10.3655 10.1533 9.91647 9.82241 9.82241 9.82241 10.4048 11.0020 10.8081 10.3903 9.84147 9.70966 9.55385 9.39758 9.30861 10.0722 9.53630 9.48942 10.6204 10.7672 10.7958 10.7594 10.7253 10.7114 10.6733 10.4071 10.5233 10.5360 10.5529 10.5757 10.3170 9.48288 9.43981 9.08833 8.24614 7.86272 7.55983 7.32905
11.6768 11.7068 11.7720 11.7318 11.7267 11.6469 11.5359 11.4256 11.3214 11.2969 11.2969 11.2859 11.2547 11.2547 11.0133 10.9418 10.9268 10.9784 11.2955 11.1808 11.0514 10.8436 10.6205 10.3029 10.0122 9.71906 9.23089 8.96900 9.12631 9.10685 9.06649 8.98397 8.90047 8.81798 8.73479 8.84659 9.75054 9.47040 9.26194 8.90958 8.88511 8.88511 8.88511 8.88511 9.47485 9.43794 9.23761 10.0676 10.5999 10.6721 10.6897 10.7086 10.7287 10.7487 10.3000 10.0230 9.71126 9.38135 9.12515 8.59729 7.76675 7.82658 7.66783 7.25044 7.16231 7.10332 6.98537
11.6681 11.6592 11.5907 11.4322 11.3102 11.2714 11.2649 11.2582 11.2516 11.2450 11.2384 11.2345 11.1958 11.1944 11.0343 10.8324 10.6674 10.4238 9.88031 9.45732 9.20338 8.92592 8.66200 8.55524 8.52508 8.49498 8.33444 8.21386 8.35507 8.48010 8.53961 8.50571 8.42639 8.34639 8.26672 8.22089 9.30665 9.32989 9.22499 8.90558 8.88511 8.88511 8.88511 8.88511 9.17881 9.69640 9.21951 9.66493 10.5566 10.3112 10.0289 9.71119 9.38565 8.95530 8.36412 7.99043 7.74215 7.44468 7.48011 7.61758 7.54921 7.48855 7.39453 7.04526 6.70714 6.60125 6.52568
11.5017 11.4875 11.3164 11.2094 11.1913 11.1913 11.1974 11.2223 11.2486 11.2749 11.3012 11.2861 11.0500 10.8394 10.4862 9.96561 9.83556 9.38009 8.82014 8.67300 8.50056 8.41720 8.41720 8.41720 8.41720 8.41720 8.35718 8.16096 8.16193 8.27802 8.25579 8.21915 8.21889 8.21889 8.21889 8.21889 8.93840 9.38421 9.22716 8.97482 8.88511 8.88133 8.81222 8.85939 9.08130 10.0785 9.99596 10.1026 8.79037 8.52108 8.27017 7.94230 7.62346 7.41020 7.32755 7.15380 7.23613 7.22852 7.29982 7.40181 7.22161 7.04249 6.93790 6.83181 6.51613 6.51613 6.51613
11.4531 11.4531 11.3817 11.2389 11.2808 11.3071 11.3273 11.3008 11.1601 10.9784 10.6924 10.4248 10.2302 10.0179 9.96095 9.62636 9.61695 9.40728 8.88558 8.66251 8.54358 8.39355 8.38685 8.37154 8.34106 8.31032 8.27133 7.84181 7.81633 8.06669 8.10957 8.12922 8.12254 8.09248 7.97844 7.85722 8.08531 8.88797 8.78965 8.75094 8.72421 8.82201 8.94957 8.96859 8.85050 9.35579 9.31451 9.03903 7.73906 7.29583 7.37977 7.38605 7.38605 7.38490 7.30245 6.91200 6.84271 6.69447 6.67949 7.06817 7.05300 6.98006 6.93243 6.92452 6.53907 6.51613 6.51613
11.4513 11.4734 11.4550 11.2016 11.0991 10.8742 10.5685 10.2798 10.1327 10.0210 10.0038 9.99821 9.97473 9.83986 9.83405 9.55737 9.46531 9.41904 8.80243 8.44678 8.35523 8.12760 8.10343 8.08799 8.08772 8.07114 8.01836 7.67877 7.46208 7.60776 7.53811 7.23709 7.22906 7.48693 7.74177 7.99108 8.23967 9.38208 9.23219 9.04039 8.60683 8.37453 8.16539 7.95883 7.83785 8.27656 8.76369 8.74321 8.07433 7.29413 7.28275 7.15358 6.99769 6.84312 6.76828 6.59099 6.61058 6.61804 6.61804 7.01688 7.06811 6.99591 6.93986 6.93243 6.64681 6.51613 6.51613
11.1608 10.9949 10.7004 10.2075 10.0188 9.96101 9.96101 9.96101 9.96101 9.96101 9.96101 9.96101 9.96101 9.83797 9.81376 9.62801 9.42815 9.38651 8.84500 8.27229 8.15975 7.86552 7.79907 7.74494 7.69046 7.65247 7.65117 7.50759 7.20399 7.32539 7.42460 6.97855 7.31225 8.30254 8.26157 8.10956 7.92439 8.37388 8.29276 8.00179 7.79197 7.83698 7.83698 7.83698 7.83698 8.07207 8.74688 8.59816 8.22180 6.92598 6.83438 6.76796 6.76796 6.76796 6.76796 6.67453 6.58149 6.62388 6.62810 6.92657 7.08461 7.02122 6.93288 6.85980 6.63936 6.33293 6.28129
10.0232 10.1941 10.1941 10.0832 9.93852 9.96101 9.96101 9.96101 9.96101 9.95897 9.94563 9.92667 9.88969 9.76947 9.66401 9.47836 8.96296 8.92624 8.65886 8.03201 7.90696 7.71888 7.65117 7.65117 7.65117 7.67792 7.74655 7.79688 7.45426 7.47345 7.19655 6.61334 6.38726 7.58950 7.49876 7.44408 7.44408 7.74037 8.12926 8.00525 7.79002 7.83682 7.80776 7.72156 7.62271 7.57210 8.37530 8.31797 8.31506 7.01757 6.87010 6.78207 6.78077 6.78264 6.78451 6.77151 6.58239 6.65294 6.65166 6.69046 6.69218 6.61482 6.55384 6.44922 6.32613 6.25446 6.33701
10.2001 10.1939 10.1842 10.1469 9.88949 9.90587 9.89081 9.87301 9.83712 9.79994 9.77402 9.75378 9.75155 9.71257 9.60430 9.58311 9.24341 8.95481 8.83681 8.12409 7.95471 7.89582 7.83712 7.90480 7.96422 7.98839 7.83593 7.63172 7.12016 6.77606 6.33808 6.00077 5.80908 6.88166 7.30739 7.28280 7.25810 7.30705 7.91894 7.79276 7.64204 7.54920 7.47639 7.46501 7.46650 7.46650 8.23406 8.32812 8.32643 7.42194 6.87739 6.80891 6.77989 6.77989 6.77989 6.77989 6.60924 6.61133 6.53296 6.45446 6.37600 6.29432 6.18120 6.11005 6.09809 6.45046 6.50547
10.8699 10.0839 10.0791 10.0741 9.83928 9.80045 9.77631 9.74914 9.73190 9.71802 9.71062 10.0558 10.5791 11.0716 11.4270 11.9257 11.7483 9.63328 9.04298 8.48291 8.10830 7.96451 7.55663 7.33672 7.12517 6.92208 6.85374 6.83660 6.65326 6.35512 6.14349 5.82959 5.52248 6.20487 7.07152 7.01957 6.96798 6.91616 7.50086 7.66135 7.60296 7.48931 7.46650 7.46650 7.46650 7.46650 8.02451 8.34607 8.32643 7.82665 6.87739 6.82483 6.69323 6.61477 6.51834 6.39724 6.16463 6.07753 6.05066 6.02215 5.99357 5.96121 5.94352 5.85199 5.81874 6.00343 6.18468
11.2476 9.80450 9.71609 9.62988 9.56216 9.57006 9.98468 10.5133 11.0225 11.4962 11.9092 12.0257 11.9828 11.9399 12.1911 12.3226 12.0247 10.3993 8.83037 8.24251 7.37239 7.20410 6.75928 6.75161 6.75161 6.75161 6.75161 6.75161 6.71941 6.31155 6.16533 5.83135 5.36562 5.52391 6.89350 6.89462 6.89462 6.89462 7.27398 7.66060 7.63242 7.50915 7.46650 7.46650 7.46650 7.46200 7.63574 7.83658 7.43525 7.03110 6.28851 6.17921 6.05708 6.02964 6.02130 6.03754 6.00139 5.87436 5.90402 5.90402 5.89089 5.86846 5.88119 5.85540 5.84347 5.98689 6.28246
11.3547 10.1457 10.6370 11.1505 11.6151 11.9575 12.0303 11.9873 11.9443 11.9109 11.9101 11.9109 11.8819 11.7614 11.8074 11.9297 11.6613 10.6549 8.45254 8.24596 7.28740 7.22260 6.84869 6.75161 6.75161 6.75160 6.74860 6.74309 6.73730 6.25562 6.04712 5.74388 5.34212 5.27847 6.65709 6.88936 6.88864 6.87962 7.01395 7.60832 7.53704 7.12517 6.83481 6.56482 6.28839 5.99235 5.98676 6.62060 6.42576 6.44269 6.20276 6.14185 6.06845 6.04619 6.04619 6.04619 6.04155 5.86745 5.89168 5.89483 5.91106 5.93663 5.93550 5.94585 5.87699 5.89412 6.27170
11.6874 11.9974 12.0651 12.0159 11.9806 11.9069 11.8749 11.8703 11.7924 11.6607 11.5290 11.3973 11.2945 11.2835 11.3320 11.6978 11.6770 11.0944 8.59693 8.33545 7.36006 7.19931 6.93332 6.71866 6.71234 6.70602 6.70268 6.70186 6.70111 6.41233 6.01931 5.76263 5.36941 5.15664 6.09783 6.58512 6.28022 5.98381 5.69989 6.07702 5.88499 5.71820 5.74551 5.77678 5.75569 5.75878 5.78834 6.63148 6.46821 6.46358 6.30026 6.14369 6.09922 6.05099 6.05409 6.05724 6.06498 5.96775 5.93675 5.93675 5.93675 5.93675 5.93665 5.96236 5.87699 5.87699 6.16992
