High_resolution/powerplant/Chizhou/OMI_NO2_201109.asc
ncols      200
nrows      200
xllcorner       115.585
yllcorner       28.7700
cellsize     0.0166667
NODATA_Value      -999.000
[rows 116 to 144 of 186, columns 0 to 66 of 200]
0.00000 0.00000 0.00000 0.00000 0.00000 0.00000 0.00000 0.00000 0.00000 0.00000 0.00000 0.00000 0.00000 0.00000 0.00000 0.00000 3.90061 3.90061 3.90061 3.90061 3.90061 3.90061 3.90061 3.90061 3.90061 3.90061 3.90061 3.90061 3.90061 3.90061 3.90061 3.90061 3.90061 2.84493 2.59051 2.59051 2.59051 2.59051 2.59051 2.59051 2.59051 2.59051 2.59051 2.59051 2.59051 2.59051 2.59051 2.60230 2.69663 1.79362 1.38620 1.31596 1.24576 1.20206 1.20150 1.20150 1.20150 1.20150 1.20150 1.20150 1.20150 1.20150 1.20150 1.20150 1.20150 1.20150 0.00000
0.00000 0.00000 0.00000 0.00000 0.00000 0.00000 0.00000 0.00000 0.00000 0.00000 0.00000 0.00000 0.00000 0.00000 0.00000 0.00000 3.90061 3.90061 3.90061 3.90061 3.90061 3.90061 3.90061 3.90061 3.90061 3.90061 3.90061 3.90061 3.90061 3.90061 3.90061 3.90061 3.90061 3.21504 2.59051 2.59051 2.59051 2.59051 2.59051 2.59051 2.59051 2.59051 2.64038 2.75023 2.85961 2.96924 3.07889 3.17647 3.19211 2.23255 1.20150 1.20150 1.20150 1.20150 1.20150 1.20150 1.20150 1.20150 1.20150 1.20150 1.20150 1.20150 1.20150 1.20150 1.20150 1.20150 0.00000
0.00000 0.00000 0.00000 0.00000 0.00000 0.00000 0.00000 0.00000 0.00000 0.00000 0.00000 0.00000 0.00000 0.00000 0.00000 0.00000 0.00000 3.90061 3.90061 3.90061 3.90061 3.90061 3.90061 3.90061 3.90061 3.90061 3.90061 3.90061 3.90061 3.90061 3.90061 3.90061 3.90061 3.58475 2.59051 2.59051 2.60134 2.69398 2.80378 2.91321 3.02294 3.13249 3.19199 3.19211 3.19211 3.19211 3.19211 3.19211 3.19211 2.78623 1.20150 1.20150 1.20150 1.20150 1.20150 1.20150 1.20150 1.20150 1.20150 1.20150 1.20150 1.20150 1.33324 1.70972 1.99156 2.57558 3.70275
0.00000 0.00000 0.00000 0.00000 0.00000 0.00000 0.00000 0.00000 0.00000 0.00000 0.00000 0.00000 0.00000 0.00000 0.00000 0.00000 0.00000 3.90061 3.90061 3.90061 3.90061 3.90061 3.90061 3.90061 3.90061 3.90061 3.90061 3.90061 3.90061 3.90061 3.90061 3.99460 4.25534 4.49612 3.08938 3.07654 3.17527 3.19211 3.19211 3.19211 3.19211 3.19211 3.19211 3.19211 3.19211 3.19211 3.19211 3.19211 3.19211 3.17738 1.36453 1.20150 1.20150 1.20150 1.20150 1.20150 1.20150 1.20150 1.20150 1.67120 2.17284 2.34463 2.44754 2.45213 2.45213 2.57235 3.70275
0.00000 0.00000 0.00000 0.00000 0.00000 0.00000 0.00000 0.00000 0.00000 0.00000 0.00000 0.00000 0.00000 0.00000 0.00000 0.00000 0.00000 3.90061 3.90061 3.90061 3.90061 3.90061 3.90061 3.90061 3.90061 3.90427 4.07622 4.34047 4.60416 4.86826 5.13237 5.30222 5.30545 5.30545 3.87021 3.19211 3.19211 3.19211 3.19211 3.19211 3.19211 3.19211 3.19211 3.19211 3.19211 3.19211 3.19211 3.19211 3.19211 3.19211 1.90313 1.20150 1.20150 1.20150 1.20150 1.20150 1.20150 1.20150 1.20150 1.73481 2.45213 2.45213 2.45213 2.45213 2.45213 2.45369 3.46795
0.00000 0.00000 0.00000 0.00000 0.00000 0.00000 0.00000 0.00000 0.00000 0.00000 0.00000 0.00000 0.00000 0.00000 0.00000 0.00000 0.00000 0.00000 3.90061 3.90061 3.93194 4.16135 4.42532 4.68915 4.95340 5.21357 5.30545 5.30545 5.30545 5.30545 5.30545 5.30545 5.30545 5.30545 4.46075 3.19211 3.19211 3.19211 3.19211 3.19211 3.19211 3.19211 3.19211 3.19211 3.19211 3.19211 3.19211 3.19211 3.19211 3.19211 2.45691 1.20150 1.20150 1.20150 1.20150 1.20150 1.20150 1.20150 1.20150 1.26631 2.42131 2.45156 2.40078 2.31771 2.23464 2.15161 2.80680
0.00000 0.00000 0.00000 0.00000 0.00000 0.00000 0.00000 0.00000 0.00000 0.00000 0.00000 0.00000 0.00000 0.00000 0.00000 3.15517 3.15517 3.15517 4.08862 5.03839 5.27075 5.30545 5.30545 5.30545 5.30545 5.30545 5.30545 5.30545 5.30545 5.30545 5.30545 5.30545 5.30545 5.30545 5.05016 3.19359 3.19211 3.19211 3.19211 3.19211 3.19211 3.19211 3.19211 3.19211 3.19211 3.19211 3.19211 3.19211 3.19211 3.19211 3.00261 1.20966 1.20150 1.20150 1.20150 1.20150 1.15076 0.988670 0.822246 0.655823 1.79696 2.01371 1.98147 1.98147 1.98147 1.98147 2.34432
0.00000 0.00000 0.00000 0.00000 0.00000 0.00000 0.00000 0.00000 0.00000 0.00000 3.15517 3.15517 3.15517 3.15517 3.15517 3.15517 3.15517 3.15517 3.57194 5.30545 5.30545 5.30545 5.30545 5.30545 5.30545 5.30545 5.30545 5.30545 5.30545 5.30545 5.30545 5.30545 5.30545 5.30545 5.30545 3.52912 3.19211 3.19211 3.19211 3.19211 3.19211 3.19211 3.19211 3.19211 3.19211 3.19211 3.19211 3.19211 3.19211 3.19211 3.16530 1.39409 0.877784 0.711737 0.545690 0.379454 0.264144 0.260190 0.260190 0.260190 1.23231 1.98147 1.98147 1.98147 1.98147 1.98147 2.05375
0.00000 0.00000 0.00000 0.00000 0.00000 3.15517 3.15517 3.15517 3.15517 3.15517 3.15517 3.15517 3.15517 3.15517 3.15517 3.15517 3.15517 3.15517 3.16571 5.10459 5.30545 5.30545 5.30545 5.30545 5.30545 5.30545 5.30545 5.30545 5.30545 5.30545 5.30545 5.30545 5.30545 5.30545 5.30545 4.11966 3.19211 3.19211 3.19211 3.19211 3.19211 3.19211 3.19211 3.19211 3.19211 3.06917 2.77212 2.47426 2.17623 1.87836 1.60682 0.862370 0.260190 0.260190 0.260190 0.260190 0.260190 0.260190 0.260190 0.260190 0.585901 1.97854 1.98147 1.98147 1.98147 1.98147 1.98147
0.00000 0.00000 3.15517 3.15517 3.15517 3.15517 3.15517 3.15517 3.15517 3.15517 3.15517 3.15517 3.15517 3.15517 3.15517 3.15517 3.15517 3.15517 3.15517 4.50797 5.30545 5.30545 5.30545 5.30545 5.30545 5.30545 5.30545 5.30545 5.30545 5.30545 5.30545 5.30545 5.30545 5.30545 5.30545 4.71055 3.19211 3.19211 3.19211 3.16890 2.92596 2.62728 2.32974 2.03138 1.73352 1.55843 1.55728 1.55728 1.55728 1.55728 1.55728 1.22072 0.260190 0.260190 0.260190 0.260190 0.260190 0.260190 0.260190 0.260190 0.260190 1.79921 1.98147 1.98147 1.98147 1.97536 1.95460
0.00000 0.00000 3.15517 3.15517 3.15517 3.15517 3.15517 3.15517 3.15517 3.15517 3.15517 3.15517 3.15517 3.15517 3.15517 3.15517 3.15517 3.15517 3.15517 3.90110 5.30545 5.30545 5.30545 5.30545 5.30545 5.30545 5.30545 5.30545 5.30545 5.30545 5.30545 5.30545 5.30545 5.30545 5.24040 4.97390 2.57398 2.18440 1.88703 1.61172 1.55728 1.55728 1.55728 1.55728 1.55728 1.55728 1.55728 1.55728 1.55728 1.55728 1.55728 1.52278 0.316614 0.260190 0.260190 0.260190 0.260190 0.260190 0.260190 0.260190 0.482267 1.78538 1.93651 1.91513 1.89374 1.87847 1.87784
0.00000 0.00000 0.00000 3.15517 3.15517 3.15517 3.15517 3.15517 3.15517 3.15517 3.15517 3.15517 3.15517 3.15517 3.15517 3.15517 3.15517 3.15517 3.15517 3.31601 5.28309 5.30545 5.30545 5.30545 5.30545 5.30545 5.30545 5.30545 5.30370 5.18234 4.98873 4.79512 4.60140 4.40779 4.27923 4.27614 2.31459 1.55728 1.55728 1.55728 1.55728 1.55728 1.55728 1.55728 1.55728 1.55728 1.55728 1.55728 1.55728 1.55728 1.55728 1.55728 0.640719 0.260190 0.260190 0.314199 1.20117 2.08034 2.72426 3.21642 3.54739 3.20079 1.87784 1.87784 1.87784 1.87784 1.87784
0.00000 0.00000 0.00000 3.15517 3.15517 3.15517 3.15517 3.15517 3.15517 3.15517 3.15517 3.15517 3.15517 3.15517 3.15517 3.15517 3.15517 3.15517 3.15517 3.15517 4.83690 5.30545 5.30545 5.28600 5.12131 4.92769 4.73408 4.54047 4.34850 4.27614 4.27614 4.27614 4.27614 4.27614 4.27614 4.27614 3.07867 1.55728 1.55728 1.55728 1.55728 1.55728 1.55728 1.55728 1.55728 1.55728 1.55728 1.55728 1.55728 1.55728 1.55728 2.05625 2.41445 2.55423 3.08517 3.48583 3.58042 3.58042 3.58042 3.58042 3.58042 3.56339 2.01378 1.87784 1.87784 1.94233 2.07051
0.00000 0.00000 0.00000 3.15517 3.15517 3.15517 3.15517 3.15517 3.15517 3.15517 3.15517 3.15517 3.15517 3.15517 3.15517 3.15517 3.15517 3.15517 3.17637 3.25938 4.12210 4.67304 4.47943 4.30527 4.27614 4.27614 4.27614 4.27614 4.27614 4.27614 4.27614 4.27614 4.27614 4.27614 4.27614 4.27614 3.84290 1.55728 1.55728 1.55728 1.55728 1.55728 1.55728 1.55728 1.55728 1.55728 1.81657 2.63755 3.25504 3.71666 4.07452 4.22897 4.12909 3.58042 3.58042 3.58042 3.58042 3.58042 3.58042 3.60871 3.72956 3.85760 2.90085 2.41145 2.53948 2.60324 2.60324
0.00000 0.00000 0.00000 3.15517 3.15517 3.15517 3.15517 3.15517 3.15517 3.15517 3.15517 3.15517 3.15517 3.18749 3.27346 3.36031 3.44713 3.53395 3.59948 3.60337 3.74880 4.27614 4.27614 4.27614 4.27614 4.27614 4.27614 4.27614 4.27614 4.27614 4.27614 4.27614 4.27614 4.27614 4.27614 4.27614 4.27451 1.88908 1.55728 1.55728 1.55728 1.55728 1.55728 1.55728 3.04819 3.97838 4.21554 4.22897 4.22897 4.22897 4.22897 4.22897 4.22871 3.66677 3.68604 3.81407 3.94232 4.07050 4.19853 4.29849 4.30582 4.30582 3.71943 2.60324 2.60324 2.60324 2.60324
0.00000 0.00000 0.00000 0.00000 3.15517 3.15517 3.15517 3.15517 3.20089 3.28762 3.37448 3.46125 3.54807 3.60257 3.60337 3.60337 3.60337 3.60337 3.60337 3.60337 3.60983 4.22401 4.27614 4.27614 4.27614 4.27614 4.27614 4.27614 4.27614 4.27614 4.27614 4.27614 4.27614 4.27614 4.27614 4.27614 4.27614 2.65162 1.55728 1.55728 1.55728 1.55728 1.55728 1.55728 2.95050 4.22897 4.22897 4.22897 4.23684 4.25937 4.28225 4.30521 4.32806 4.31218 4.30582 4.30582 4.30582 4.30582 4.30582 4.30582 4.30582 4.30582 4.19175 2.62929 2.60324 2.60324 2.60324
0.00000 0.00000 0.00000 0.00000 3.28939 3.38855 3.47541 3.56214 3.60337 3.60337 3.60337 3.60337 3.60337 3.60337 3.60337 3.60337 3.60337 3.60337 3.60337 3.60337 3.60337 4.03971 4.27614 4.27614 4.27614 4.27614 4.27614 4.27614 4.27614 4.27614 4.27614 4.27614 4.27614 4.27614 4.27614 4.27614 4.27614 3.41554 1.55728 1.55728 1.55728 1.55728 1.55970 1.59500 1.99308 4.27625 4.31652 4.33938 4.35436 4.35469 4.35469 4.35469 4.35469 4.33967 4.30582 4.30582 4.30582 4.30582 4.30582 4.30582 4.30582 4.30582 4.30582 3.01410 2.60324 2.60324 2.60324
0.00000 0.00000 0.00000 0.00000 3.60337 3.60337 3.60337 3.60337 3.60337 3.60337 3.60337 3.60337 3.60337 3.60337 3.60337 3.60337 3.60337 3.60337 3.60337 3.60337 3.60337 3.84891 4.27614 4.27614 4.27614 4.27614 4.27614 4.27614 4.27614 4.27614 4.27614 4.27614 4.27614 4.27614 4.27614 4.27614 4.27614 4.21251 1.68622 1.66334 1.70916 1.75502 1.79832 1.80873 1.80873 4.01571 4.35469 4.35469 4.35469 4.35469 4.35469 4.35469 4.35469 4.35185 4.30659 4.30582 4.30582 4.30582 4.30582 4.30582 4.30582 4.30582 4.30582 3.49983 2.65748 2.70352 2.74949
0.00000 0.00000 0.00000 0.00000 0.00000 3.60337 3.60337 3.60337 3.60337 3.60337 3.60337 3.60337 3.60337 3.60337 3.60337 3.60337 3.60337 3.60337 3.60337 3.60337 3.60337 3.66237 4.27170 4.27614 4.27614 4.27614 4.27614 4.27614 4.27614 4.27614 4.27614 4.27746 4.44130 4.71787 4.99460 5.27118 5.54761 5.73816 2.76977 1.80873 1.80873 1.80873 1.80873 1.80873 1.80873 3.43888 4.35469 4.35469 4.35469 4.35469 4.35469 4.35469 4.35469 4.35469 4.31720 4.30582 4.30582 4.30582 4.28766 4.04401 3.66419 3.16816 2.49255 2.08976 2.82652 2.82652 2.82652
0.00000 0.00000 0.00000 0.00000 0.00000 3.60337 3.60337 3.60337 3.60337 3.60337 3.60337 3.60337 3.60337 3.60337 3.60337 3.60337 3.60337 3.60337 3.60337 3.60337 3.60337 3.60337 4.13999 4.27614 4.27614 4.27614 4.29890 4.52659 4.80331 5.07989 5.35632 5.63143 5.74418 5.74418 5.74418 5.74418 5.74418 5.74418 3.86875 1.80873 1.80873 1.80873 1.80873 1.80873 1.80873 2.57520 4.35469 4.35469 4.35469 4.35469 4.35469 4.35469 4.35469 4.35431 4.17008 3.79121 3.33632 2.72521 1.92781 1.71099 1.71099 1.71099 1.71099 1.71411 2.75632 2.82652 2.82652
0.00000 0.00000 0.00000 0.00000 0.00000 3.60337 3.60337 3.60337 3.60337 3.60337 3.60337 3.60337 3.60337 3.60337 3.60337 3.60337 3.60337 3.60337 3.60337 3.60337 3.60337 3.57718 4.05252 4.88846 5.16489 5.44162 5.69529 5.74418 5.74418 5.74418 5.74418 5.74418 5.74418 5.74418 5.74418 5.74418 5.74418 5.74418 4.96732 1.80873 1.80873 1.80873 1.80873 1.80873 1.80873 1.81686 4.19463 4.35469 4.35469 4.27717 3.96532 3.55422 3.00893 2.25304 1.78804 1.71099 1.71099 1.71099 1.71099 1.71099 1.71099 1.71099 1.67268 1.44240 2.21058 2.43531 2.30696
0.00000 0.00000 0.00000 0.00000 0.00000 3.60337 3.60337 3.60337 3.60337 3.60337 3.60337 3.60337 3.60337 3.60337 3.60337 3.60337 3.56369 3.45113 3.33686 3.22276 3.10855 3.02059 3.64550 5.74418 5.74418 5.74418 5.74418 5.74418 5.74418 5.74418 5.74418 5.74418 5.74418 5.74418 5.74418 5.74418 5.74418 5.74418 5.72057 2.15351 1.80873 1.80873 1.80873 1.80873 1.80873 1.80873 3.14333 3.19474 2.51484 1.84312 1.80873 1.80873 1.80873 1.80873 1.80780 1.90940 2.68667 2.05953 1.27567 1.01898 0.761847 0.505008 0.286476 0.259922 1.11138 2.10098 2.10098
0.00000 0.00000 0.00000 0.00000 0.00000 0.00000 3.60337 3.60337 3.60337 3.60337 3.60337 3.54739 3.43323 3.31902 3.20492 3.09071 3.01624 3.01465 3.01465 3.01465 3.01465 3.01465 3.05368 5.56538 5.74418 5.74418 5.74418 5.74418 5.74418 5.74418 5.74418 5.74418 5.74418 5.74418 5.74418 5.74418 5.74418 5.74418 5.74418 3.22943 1.80873 1.80873 1.80873 1.80873 1.80873 1.80873 1.80873 1.80873 1.80873 1.80873 1.80873 1.99807 2.72428 3.26405 3.65233 3.58505 3.32192 2.30994 0.259922 0.259922 0.259922 0.259922 0.259922 0.259922 0.406302 2.07133 2.10098
0.00000 0.00000 0.00000 0.00000 0.00000 0.00000 3.52451 3.41539 3.30118 3.18703 3.07281 3.01465 3.01465 3.01465 3.01465 3.01465 3.01465 3.01465 3.01465 3.01465 3.01465 3.01465 3.01465 4.83379 5.74418 5.74418 5.74418 5.74418 5.74418 5.74418 5.74418 5.74418 5.74418 5.74418 5.74418 5.74418 5.74418 5.74418 5.74418 4.32742 1.80873 1.80873 1.80873 1.80873 1.80873 1.80717 1.76225 1.92845 2.66836 3.21484 3.60887 3.85633 3.87716 3.87716 3.87716 3.65023 3.28028 2.98666 0.259922 0.259922 0.259922 0.259922 0.259922 0.259922 0.259922 1.79953 2.10098
0.00000 0.00000 0.00000 0.00000 0.00000 0.00000 3.01465 3.01465 3.01465 3.01465 3.01465 3.01465 3.01465 3.01465 3.01465 3.01465 3.01465 3.01465 3.01465 3.01465 3.01465 3.01465 3.01465 4.06289 5.74418 5.74418 5.74418 5.74418 5.74418 5.74418 5.74418 5.74418 5.74418 5.74418 5.74418 5.74418 5.74418 5.74418 5.74418 5.40219 1.81687 1.73048 1.66575 1.85547 2.61463 3.16683 3.59148 3.85847 3.87716 3.87716 3.87716 3.87716 3.87716 3.87716 3.87716 3.81389 3.28153 3.27907 0.967613 0.259922 0.259922 0.259922 0.259922 0.259922 0.259922 1.36280 2.05096
0.00000 0.00000 0.00000 0.00000 0.00000 0.00000 0.00000 3.01465 3.01465 3.01465 3.01465 3.01465 3.01465 3.01465 3.01465 3.01465 3.01465 3.01465 3.01465 3.01465 3.01465 3.01465 3.01465 3.29988 5.73654 5.74418 5.74418 5.74418 5.74418 5.74418 5.74418 5.74418 5.74418 5.74418 5.74385 5.41526 4.80242 4.18957 3.57672 3.15839 2.73815 3.16852 3.60173 3.86155 3.87716 3.87716 3.87716 3.87716 3.87716 3.87716 3.87716 3.87716 3.87716 3.87716 3.87716 3.87716 3.38332 3.28028 2.10860 0.259922 0.259922 0.259922 0.259922 0.259922 0.259922 0.341651 0.290232
0.00000 0.00000 0.00000 0.00000 0.00000 0.00000 0.00000 3.01465 3.01465 3.01465 3.01465 3.01465 3.01465 3.01465 3.01465 3.01465 3.01465 3.01465 3.01465 3.01465 3.01465 3.01465 3.01465 3.01465 5.25150 5.74418 5.74418 5.74418 5.74418 5.70539 5.21935 4.60650 3.99398 3.38081 2.76862 2.48512 3.37269 3.84644 4.18377 4.38242 4.12351 3.87716 3.87716 3.87716 3.87716 3.87716 3.87716 3.87716 3.87716 3.87716 3.87716 3.87716 3.87716 3.87716 3.87716 3.87716 3.54823 3.28028 2.84899 0.259922 0.259922 0.259922 0.259922 0.259922 0.259922 0.259922 0.259922
0.00000 0.00000 0.00000 0.00000 0.00000 0.00000 0.00000 3.01465 3.01465 3.01465 3.01465 3.01465 3.01465 3.01465 3.01465 3.01465 3.01465 3.01465 3.01465 3.01465 3.01465 3.01465 3.01465 3.01465 4.36383 5.02343 4.41059 3.79807 3.18522 2.61117 2.48436 2.48436 2.48436 2.48436 2.48436 2.48436 4.17753 4.39249 4.39249 4.39249 4.26763 3.87716 3.87716 3.87716 3.87716 3.87716 3.87716 3.87716 3.87716 3.87716 3.87716 3.87716 3.87716 3.87716 3.87716 3.87716 3.71331 3.28028 3.25791 0.675611 0.259922 0.259922 0.259922 0.259922 0.259922 0.269830 0.372097
0.00000 0.00000 0.00000 0.00000 0.00000 0.00000 0.00000 3.01465 3.01465 3.01465 3.01465 3.01465 3.01465 3.01465 3.01465 3.01465 3.01465 3.01465 3.01465 3.01645 3.02152 3.02666 3.03181 3.03694 2.89864 2.48436 2.48436 2.48436 2.48436 2.48436 2.48436 2.48436 2.48436 2.48436 2.48436 2.48436 3.73127 4.39249 4.39249 4.39249 4.38281 3.90594 3.87716 3.87716 3.87716 3.87716 3.87716 3.87716 3.87716 3.87716 3.87716 3.87716 3.87716 3.87716 3.87716 3.87716 3.85698 3.30146 3.19330 1.68471 0.330907 0.455653 0.580543 0.705181 0.830069 0.945075 0.967651
