High_resolution/powerplant/Chizhou/OMI_NO2_201011.asc
ncols      200
nrows      200
xllcorner       115.585
yllcorner       28.7700
cellsize     0.0166667
NODATA_Value      -999.000
[rows 29 to 57 of 165, columns 0 to 66 of 200]
      :*             ;*                ?*                  <*            :*                =*                  8*                  :*               2*                 8*             <*                2*                   3*                   3*                   2*                2*                  9*               9*                 :*             
          <*                   :*                 3*                 =*     *       8      *    :      *        ?       *        =      *       >       *       3      *    8     *       $    ;*                   :*                 ;*               8*                    ?*                 
        =*                  :*                 ;*                ?*                 <*                    9*                      =*              8*                2*                  :*                   3*                 2*                =*                  9*                    <*              
       >*                    8*                 <*                 =*                     9*                 =*                  =*      *        3     *      3      *     ;      *    3      *        :     *       :       *        ;     *    $     3*                 9*                      <*    
:*                  ?*                >*                 ?*                 <*                   3*                  2*               :*                ?*                 =*                  3*               3*               2*                   ;*              =*                >*                9*        
31.2996 30.2808 30.1657 30.8387 30.9048 30.9048 30.9048 30.9048 30.9048 30.9048 30.9048 30.9048 30.9048 30.9336 31.3607 31.9134 32.4670 33.0192 33.2646 33.2646 33.2728 33.5459 31.4012 30.2086 30.5483 29.6398 23.8174 23.7942 23.7942 23.7723 23.6941 23.6130 23.5319 23.4792 23.4780 23.4780 23.4780 23.4780 23.4780 23.4780 23.4780 23.4780 22.9413 20.3943 19.3647 19.3647 19.3647 19.2998 19.0933 18.8820 18.0175 16.4329 16.3410 16.3410 16.3298 16.0743 15.7200 15.3654 15.0111 14.7464 5.49301 5.49301 5.49464 5.52285 5.56035 5.59784 5.63533
32.2796 31.8167 30.0984 30.9048 30.9048 30.9048 30.9048 30.9048 30.9048 31.0008 31.5075 32.0606 32.6140 33.1379 33.2646 33.2646 33.3081 33.6513 34.0513 34.4513 34.8433 34.9704 34.1465 29.8345 30.4307 30.3953 25.0967 23.6211 23.5399 23.4809 23.4780 23.4780 23.4780 23.4780 23.4780 23.4780 23.4780 23.4780 23.4780 23.4780 23.4780 23.4780 23.3770 21.0510 18.9780 18.7667 18.5553 18.4088 18.4039 18.4039 18.1641 15.8967 15.5285 15.1741 14.8307 14.7317 14.7317 14.7317 14.7317 14.7317 5.58059 5.61819 5.65405 5.66333 5.66333 5.66333 5.66333
32.1834 32.2825 30.0798 30.8956 30.9048 31.1070 31.6543 32.2079 32.7610 33.2179 33.2646 33.2646 33.3714 33.7560 34.1569 34.5567 34.9136 34.9704 34.9704 34.9704 34.9704 34.9552 34.7988 30.0739 29.8689 29.7224 26.8630 23.4780 23.4780 23.4780 23.4780 23.4780 23.4780 23.4780 23.4780 23.4780 23.4780 23.4780 23.4658 23.4195 23.3711 23.3228 23.2768 21.5058 18.5181 18.3909 18.2071 17.9708 17.7346 17.4983 17.3360 15.4883 14.7317 14.7317 14.7317 14.7317 14.7317 14.7317 14.7317 14.7317 5.66333 5.66333 5.66333 5.66333 5.66333 5.66333 5.66333
32.0551 32.0332 30.9466 32.0500 32.9080 33.2589 33.2646 33.2646 33.4620 33.8621 34.2623 34.6625 34.9557 34.9704 34.9704 34.9704 34.9704 34.9670 34.8389 34.6481 34.4577 34.2819 34.2475 31.3476 29.4800 29.7078 28.8990 23.4904 23.4780 23.4780 23.4780 23.4780 23.4780 23.4778 23.4487 23.4003 23.3519 23.3036 23.2675 23.2655 23.2655 23.0976 22.5571 21.0261 18.1001 17.3836 17.3311 17.3265 17.2684 17.1946 17.1208 16.2162 14.7317 14.7317 14.7317 14.7317 14.7317 14.7317 14.7317 14.7317 5.66333 5.66333 5.66333 5.66333 5.66333 5.66333 5.66333
30.3061 30.4781 30.7964 32.5467 33.5674 33.9677 34.3677 34.7681 34.9704 34.9704 34.9704 34.9704 34.9704 34.9704 34.8789 34.6881 34.4975 34.3101 34.2475 34.2475 34.2475 34.2475 34.2475 33.0675 29.1762 29.7078 29.7078 24.7270 23.4780 23.4719 23.4295 23.3812 23.3328 23.2848 23.2655 23.2655 23.2562 22.8874 22.3339 21.7796 21.2257 20.8398 20.8261 20.5385 18.0486 17.2023 17.1285 17.0592 17.0437 17.0437 17.0437 16.8202 14.7348 14.7317 14.7317 14.7317 14.7317 14.7317 14.7317 14.7317 5.66333 5.66333 5.66333 5.66333 5.43170 4.87119 4.30837
30.1972 30.6708 30.9128 32.6929 34.9699 34.9704 34.9704 34.9704 34.9704 34.9704 34.9139 34.7282 34.5375 34.3469 34.2475 34.2475 34.2475 34.2475 34.2475 34.2475 34.2475 34.2475 34.2475 34.2178 29.4418 29.6881 29.6402 26.6606 23.3137 23.2715 23.2655 23.2655 23.1703 22.6637 22.1102 21.5557 21.0115 20.8261 20.8261 20.8254 20.7788 20.7050 20.6313 20.5597 18.5908 17.0589 17.0437 17.0437 17.0437 17.0437 17.0437 17.0437 15.3225 14.7317 14.7317 14.7317 14.7317 14.7317 14.7317 14.7800 5.12636 4.56329 4.00072 3.44051 3.24795 3.42806 3.58274
30.6720 30.8611 31.0844 31.9313 34.5564 34.9704 34.9405 34.7683 34.5777 34.3868 34.2526 34.2475 34.2475 34.2475 34.2475 34.2475 34.2475 34.2475 34.2475 34.2475 34.2502 34.3479 34.4929 34.6379 31.0924 29.3325 29.4953 28.6042 22.9983 22.4405 21.8860 21.3325 20.8734 20.8261 20.8261 20.8260 20.7866 20.7127 20.6390 20.5659 20.5387 20.5387 20.5387 20.5387 19.3834 17.3388 17.0437 17.0437 17.0437 17.0437 17.0437 17.0437 16.1401 14.7317 14.7399 14.8616 15.0197 15.1777 15.3358 15.4456 3.51313 3.62627 3.75351 3.86301 3.89779 3.89779 3.89779
30.6720 30.7243 31.0722 31.3185 33.4301 34.4270 34.2660 34.2475 34.2475 34.2475 34.2475 34.2475 34.2475 34.2475 34.2475 34.2475 34.2631 34.3871 34.5322 34.6772 34.8195 34.8668 34.8668 34.8661 33.0760 28.4930 27.8924 27.3386 21.9886 20.8261 20.8261 20.8261 20.7941 20.7205 20.6466 20.5730 20.5387 20.5387 20.5387 20.5387 20.5387 20.5387 20.5387 20.5387 20.0802 17.7178 17.0437 17.0437 17.0437 17.0437 17.0828 17.1872 17.0345 15.2631 15.4130 15.4494 15.4494 15.4601 15.6087 15.7986 4.14956 3.89779 3.89779 3.89779 3.89779 3.88350 3.72681
30.8024 30.8867 30.5379 30.3942 32.1985 34.2475 34.2475 34.2475 34.2475 34.2475 34.2475 34.2475 34.2866 34.4264 34.5714 34.7164 34.8459 34.8668 34.8668 34.8646 34.8530 34.8404 34.8279 34.8160 34.6535 28.5192 27.0559 27.0559 23.9823 20.7282 20.6544 20.5806 20.5389 20.5387 20.5387 20.5387 20.5387 20.5387 20.5387 20.5387 20.5387 20.5387 20.5387 20.5387 20.5299 18.3488 17.1388 17.2441 17.3495 17.4548 17.5211 17.5221 17.5221 15.9681 15.7103 15.9004 16.0904 16.2697 16.3112 16.3112 4.52026 3.81563 3.62290 3.42973 3.23656 3.05743 3.02095
30.9823 30.9823 30.7185 30.3616 31.2941 33.9591 34.2475 34.2475 34.3206 34.4657 34.6107 34.7557 34.8617 34.8668 34.8668 34.8621 34.8496 34.8371 34.8245 34.8143 34.8133 34.8133 34.8133 34.8133 34.7498 30.2383 26.4759 25.9833 24.9361 20.5393 20.5387 20.5387 20.5387 20.5387 20.5387 20.5387 20.5387 20.5387 20.5387 20.5387 20.5387 20.5391 20.5402 20.5413 20.5424 19.4835 17.7215 17.5221 17.5327 17.6372 17.7638 17.8906 18.0172 17.3468 16.3112 16.3112 16.3112 16.3112 16.3112 16.3112 4.97815 3.02894 3.02095 3.02095 3.02095 3.02095 3.02095
30.9823 30.9823 30.9202 30.3748 31.0106 33.4504 34.6499 34.7950 34.8668 34.8668 34.8667 34.8588 34.8462 34.8337 34.8212 34.8134 34.8133 34.8133 34.8133 34.8133 34.7860 34.5034 34.1580 33.8128 33.5308 31.2895 26.3244 25.7466 25.7466 21.4272 20.5387 20.5387 20.5387 20.5387 20.5387 20.5387 20.5387 20.5395 20.5406 20.5417 20.5428 20.5436 20.5436 20.5436 20.4437 19.6830 17.9567 17.9584 18.0745 18.0967 18.0108 17.4114 16.7286 16.0762 16.3112 16.3112 16.3112 16.3112 16.3112 16.3112 5.48557 3.23462 3.02095 3.02095 3.02095 3.02095 3.02095
29.6495 31.4964 31.7707 31.5661 31.5398 33.0104 34.8658 34.8554 34.8429 34.8303 34.8179 34.8133 34.8133 34.8133 34.8133 34.8133 34.8071 34.5755 34.2301 33.8849 33.5667 33.5040 33.5040 33.5040 33.5040 33.1209 26.9012 25.7466 25.7466 23.1310 20.5387 20.5387 20.5389 20.5399 20.5410 20.5422 20.5432 20.5436 20.5436 20.5330 20.3392 20.0794 19.8196 19.5598 19.3999 19.3502 17.7547 17.4763 16.7932 16.1098 15.5129 15.4283 15.4283 15.4293 16.1514 16.3112 16.3112 16.3112 16.3112 16.3112 5.48557 3.70551 3.02095 3.02095 3.02095 3.02095 3.02095
27.7702 32.1155 32.1443 32.0420 31.8631 32.7217 34.6891 34.8133 34.8133 34.8133 34.8133 34.8133 34.8133 34.6475 34.3021 33.9570 33.6176 33.5040 33.5040 33.5040 33.5040 33.5040 33.5040 33.5040 33.5040 33.5040 28.8482 25.8256 25.7472 24.8366 20.5415 20.5426 20.5435 20.5436 20.5436 20.4807 20.2329 19.9730 19.7133 19.4640 19.3979 19.3979 19.3643 18.8423 18.1587 17.4759 15.6589 15.3846 15.4283 15.4283 15.4283 15.4283 15.4283 15.4283 15.8251 16.3112 16.3112 16.3112 16.3112 16.3112 5.48557 4.61680 3.05577 3.25829 3.48511 3.71184 3.93820
26.3919 32.6866 32.8358 32.7902 32.2368 32.5913 34.1896 34.8133 34.8133 34.7106 34.3743 34.0290 33.6838 33.5040 33.5040 33.5040 33.5040 33.5040 33.5040 33.5040 33.5040 33.5040 33.5040 33.4646 32.8968 32.1649 29.6309 26.2313 25.7515 25.7505 21.3354 20.3864 20.1266 19.8667 19.6068 19.4099 19.3979 19.3979 19.3819 18.9064 18.2235 17.5402 16.8904 16.7295 16.7295 16.7295 16.0851 15.2386 15.4283 15.4283 15.4283 15.4283 15.4283 15.4283 15.5731 16.3112 16.3112 16.3516 16.7462 17.2221 5.48557 5.47777 3.94162 3.85713 3.73201 3.58598 3.41442
25.2067 32.5800 32.8523 32.8523 32.3816 32.2584 33.2932 34.1012 33.7556 33.5130 33.5040 33.5040 33.5040 33.5040 33.5040 33.5040 33.5040 33.5040 33.5040 33.3746 32.7021 31.9696 31.2368 30.5440 30.3790 30.3790 29.9610 26.2359 25.2280 24.9682 21.9985 19.3979 19.3979 19.3979 19.3926 18.9712 18.2881 17.6045 16.9379 16.7295 16.7295 16.7295 16.7295 16.7295 16.7295 16.7295 16.6068 15.1186 15.4283 15.4283 15.4283 15.4283 15.4283 15.5701 15.8921 17.2903 17.9525 18.3885 18.4708 18.4708 5.48558 5.48557 3.11668 3.33448 3.33448 3.33448 3.33448
24.9634 30.0637 33.0694 33.3499 32.6046 30.9555 31.6895 33.4385 33.5040 33.5040 33.5040 33.5040 33.5040 33.5040 33.5040 33.2324 32.5068 31.7746 31.0421 30.4390 30.3790 30.3790 30.2293 29.6989 29.1493 28.6000 28.1122 25.4586 24.6104 24.6058 23.5978 19.0361 18.3522 17.6696 16.9913 16.7295 16.7295 16.7295 16.7295 16.7295 16.7295 16.7295 16.7295 16.7295 16.7295 16.7295 16.7295 15.4138 15.4455 15.7388 16.0564 16.3741 16.6915 16.8675 16.8680 17.6386 18.4592 18.4361 18.4122 18.3887 0.00000 0.00000 2.81680 3.33448 3.36550 3.42802 3.49043
25.4592 28.6723 33.8861 33.8861 33.5817 30.9452 31.3364 32.9819 33.5040 33.5040 33.4981 33.0442 32.3115 31.5793 30.8468 30.3858 30.3790 30.3790 30.1030 29.5536 29.0043 28.4547 28.0553 28.0363 28.0363 28.0363 28.0363 25.8708 22.3107 20.4770 18.6970 16.8825 16.7295 16.7295 16.7295 16.7295 16.7295 16.7295 16.7295 16.7295 16.7295 16.7295 16.7295 16.7295 16.7995 16.9669 17.1350 16.7545 16.6744 16.8680 16.8680 16.8657 16.8518 16.8361 16.8204 17.1009 18.3641 18.3641 18.3641 18.3641 0.00000 0.00000 1.15072 3.49605 3.61751 3.61751 3.61751
27.2318 28.0797 33.8861 33.8861 33.8861 31.6187 31.0597 31.8075 32.1168 31.3846 30.6577 30.3790 30.3790 30.3595 29.9577 29.4084 28.8593 28.3097 28.0363 28.0363 28.0363 28.0363 28.0363 27.7005 26.0546 24.2757 22.4983 20.7566 17.9845 17.8628 17.8628 17.2517 16.7295 16.7295 16.7295 16.7295 16.7295 16.7295 16.7295 16.7381 16.8674 17.0353 17.2033 17.3716 17.4693 17.4699 17.4699 17.2731 16.4626 16.8276 16.8119 16.7985 16.7968 16.8963 17.2562 17.6493 18.3514 18.3641 18.3641 18.3641 0.00000 0.00000 0.00000 3.45383 3.61751 3.61751 3.61751
27.2409 27.2629 32.9583 34.0375 34.1860 33.0552 31.5082 29.3336 30.3545 30.3016 29.8125 29.2634 28.7138 28.1842 28.0363 28.0363 28.0363 28.0363 28.0363 27.8893 26.4234 24.6453 22.8671 21.4248 21.2933 21.2933 21.2933 21.2910 18.4851 17.8634 17.8628 17.6227 16.7295 16.7295 16.7295 16.7739 16.9358 17.1038 17.2717 17.4311 17.4699 17.4699 17.4608 17.3777 17.2786 17.1793 17.0802 17.0329 16.2078 16.8636 17.2190 17.5924 17.9661 18.2401 18.2537 18.2537 18.3103 18.3641 18.3641 18.3641 0.00000 0.00000 0.00000 3.28312 3.61751 3.61751 3.61751
27.4331 27.5174 31.0237 34.5003 34.5003 34.2524 31.8623 30.6571 28.8461 28.0968 28.0363 28.0363 28.0363 28.0363 28.0363 28.0013 26.7923 25.0141 23.2366 21.6048 21.2933 21.2933 21.2933 21.2933 21.2933 21.2933 21.2933 21.2933 19.5087 17.9044 17.8642 17.9654 17.1390 17.1721 17.3401 17.4636 17.4699 17.4699 17.4355 17.3376 17.2384 17.1392 17.0491 17.0329 17.0329 17.0854 17.4183 17.7915 17.5971 18.0365 18.2537 18.2537 18.2537 18.2537 18.2537 18.2537 18.2773 18.3641 18.3641 18.3641 0.00000 0.00000 0.00000 2.37969 3.56247 3.61910 3.62652
26.1998 25.9329 28.2099 35.1001 35.3550 35.5459 33.2796 32.0358 29.0187 28.0363 28.0363 28.0363 27.1611 25.3836 23.6048 21.8624 21.2933 21.2933 21.2933 21.2933 21.2933 21.2933 21.2933 21.2933 21.2933 21.2933 21.2801 21.1783 20.3934 18.4806 18.5403 18.6031 17.9714 17.4671 17.3966 17.2975 17.1983 17.0990 17.0343 17.0329 17.0329 17.0676 17.3807 17.7542 18.1279 18.4487 18.4898 18.4898 18.2571 17.7997 18.2537 18.2537 18.2537 18.2537 18.2537 18.2537 18.2556 18.3547 18.3641 18.3641 0.00000 0.00000 0.00000 0.00000 3.49080 3.59659 3.54124
26.2992 26.3968 26.8942 35.4457 35.5567 35.5567 34.2675 32.5856 29.3470 25.7560 23.9743 22.1962 21.2933 21.2933 21.2933 21.2933 21.2933 21.2933 21.2933 21.2933 21.2933 21.2933 21.2607 21.1461 21.0277 20.9093 20.8039 20.7874 20.7619 18.8940 18.4897 18.3906 18.0306 17.0618 17.0329 17.0329 17.0329 17.0535 17.3437 17.7171 18.0903 18.4295 18.4898 18.4898 18.4898 18.4898 18.4898 18.4898 18.4836 17.6465 18.2537 18.2537 18.2537 18.2537 18.2537 18.2535 18.1922 18.0972 17.9455 17.7824 2.89894 2.89894 2.89894 2.89894 3.11260 3.40210 3.40210
26.3985 26.3985 26.3985 32.8590 35.6267 36.1010 35.9885 27.1883 24.2822 21.6295 21.2933 21.2933 21.2933 21.2933 21.2933 21.2933 21.2933 21.2933 21.2324 21.1140 20.9956 20.8771 20.7913 20.7874 20.7874 20.7069 20.5054 20.3028 20.1001 18.7032 18.1379 18.1662 18.1583 17.1607 17.3062 17.6801 18.0533 18.4066 18.4898 18.4898 18.4898 18.4898 18.4898 18.4898 18.4898 18.4898 18.4898 18.4898 18.4898 17.8346 18.1315 18.2338 18.1335 18.0248 17.9160 17.8075 17.7601 17.7273 17.6250 18.0484 2.89894 2.89894 2.89894 2.89894 2.88011 3.38248 3.40317
26.4047 26.6235 26.9477 31.1320 37.4807 37.5453 37.5453 28.5176 25.1265 22.1736 21.2933 21.2933 21.2933 21.2885 21.2003 21.0819 20.9634 20.8450 20.7874 20.7874 20.7849 20.6539 20.4513 20.2485 20.0460 19.9239 19.9227 19.9227 19.9227 19.2983 17.7665 17.2890 16.7166 17.4897 18.4898 18.4898 18.4898 18.4898 18.4898 18.4898 18.4898 18.4898 18.4898 18.4898 18.4898 18.4898 18.4898 18.4731 18.4433 18.0359 17.4734 17.7686 17.7601 17.7601 17.8513 18.3416 18.9601 19.7254 22.7400 24.0373 2.89894 2.89894 2.89894 2.89894 2.89894 3.64179 3.91829
