High_resolution/powerplant/Chizhou/OMI_NO2_200804.asc
ncols      200
nrows      200
xllcorner       115.585
yllcorner       28.7700
cellsize     0.0166667
NODATA_Value      -999.000
[rows 87 to 115 of 187, columns 67 to 133 of 200]
4.11852 4.10905 4.09323 4.26184 4.23958 4.18895 4.14687 4.13210 4.16509 4.16345 4.16183 4.16020 4.15858 4.16016 4.23280 4.14513 4.03230 4.03376 4.03383 4.03383 4.03383 4.03383 3.83109 3.74498 3.92312 4.53406 4.56989 4.67741 4.81664 5.09817 5.32590 5.32789 5.41782 5.41709 5.36969 5.74651 5.72691 5.68135 5.67318 5.67318 5.67318 5.67318 5.99573 6.06735 6.06735 6.06735 6.06735 6.06735 6.08176 6.22257 6.22978 6.24430 6.22651 6.09745 5.94875 5.80015 5.69983 5.69699 5.69699 5.69699 4.58529 4.40372 4.38388 3.78494 3.57614 3.22024 3.15938
4.08502 4.10537 4.13273 4.14312 4.13520 4.13478 4.13478 4.13487 4.15674 4.15865 4.15865 4.15865 4.15865 4.15865 4.21918 4.20751 4.03383 4.04645 4.08235 4.11894 4.15563 4.19231 4.08518 3.97683 4.03334 4.78833 4.81533 4.83211 4.98733 5.07428 5.27819 5.22798 5.20894 5.16626 5.15576 5.49989 5.67318 5.67318 5.67318 5.67318 5.67318 5.67318 5.90377 6.06735 6.06735 6.06735 6.06735 6.06735 6.06584 6.10903 5.97501 5.84642 5.71636 5.69699 5.69699 5.69699 5.69699 5.69699 5.69699 5.69699 4.88096 4.34180 4.26059 3.75661 3.42264 3.01457 3.00590
4.15332 4.15332 4.15332 4.14904 4.13478 4.13478 4.13478 4.13478 4.15115 4.17892 4.27910 4.38742 4.49582 4.60413 4.57668 4.47023 4.33094 4.32678 4.32731 4.32731 4.32731 4.32731 4.24258 4.03846 4.03846 4.62927 4.87686 4.94549 4.90883 4.85081 5.12389 5.13183 5.14454 5.15576 5.15576 5.32374 5.67318 5.67318 5.67318 5.67318 5.67318 5.67318 5.81189 6.06735 6.06735 6.02647 5.91617 5.80469 5.69492 5.66902 5.67526 5.69047 5.69699 5.69699 5.69699 5.69699 5.69030 5.62344 5.54230 5.46119 4.86799 4.06759 4.06759 3.86041 3.41404 3.08959 2.98589
4.15332 4.15748 4.23764 4.34588 4.43760 4.54413 4.65253 4.76084 4.87979 4.98117 4.98931 4.98931 4.98931 4.98931 4.87213 4.53151 4.41429 4.32731 4.32731 4.32731 4.32731 4.33031 4.35614 4.16201 4.22959 4.68443 5.08703 5.08930 4.95818 4.78319 5.06547 5.15576 5.15576 5.15576 5.15576 5.16571 5.64036 5.67318 5.67318 5.67318 5.67318 5.65688 5.60365 5.83995 5.72854 5.65798 5.65687 5.65687 5.65687 5.66517 5.67526 5.68340 5.68475 5.56935 5.38838 5.20661 5.03232 4.91695 4.81709 4.71649 4.46979 3.81823 3.79094 3.74087 3.11374 2.88832 2.73657
4.85149 4.95582 4.98398 4.98398 4.97318 4.96544 4.96544 4.96544 4.97041 4.98931 4.98931 4.98931 4.98931 4.98931 4.97429 4.54541 4.47303 4.32865 4.37530 4.44033 4.49089 4.53993 4.53817 4.21420 4.13645 4.39475 5.09607 5.09607 5.05448 4.77728 4.96187 5.15576 5.15576 5.15576 5.15576 5.15576 5.49989 5.67034 5.59243 5.48103 5.36950 5.27640 5.27037 5.46008 5.39494 5.31950 5.24450 5.16879 5.07283 4.81970 4.37685 4.12841 4.21197 4.15057 4.15033 4.15033 4.15033 4.15033 4.15033 4.15033 4.14759 3.73804 3.70803 3.70803 3.27871 3.03349 3.04548
4.94408 4.98398 4.98398 4.98398 4.97915 4.96544 4.96544 4.96544 4.96581 4.98817 4.98931 4.98931 4.98931 4.98963 5.01805 4.68804 4.57109 4.50633 4.50902 4.48843 4.48604 4.48604 4.48604 4.24026 4.12498 4.17645 5.08325 5.09607 5.09607 4.83759 4.87560 5.16757 5.17529 5.18301 5.19072 5.19843 5.28675 5.33977 5.31206 5.31785 5.32363 5.32745 5.32753 4.95094 4.72642 4.61128 4.48707 4.36176 4.25845 4.20405 3.79640 3.79640 4.06039 4.15033 4.15033 4.15033 4.15033 4.15033 4.15033 4.15033 4.15033 3.83666 3.71098 3.75240 3.61912 3.33940 3.42056
4.82324 4.98398 4.98398 4.98398 4.98369 4.96686 4.96544 4.96544 4.96544 4.96462 4.96316 4.99222 5.02382 5.05804 5.05939 4.77460 4.48604 4.48604 4.48604 4.51312 4.61607 4.72372 4.83103 4.76662 4.68515 4.79235 5.11428 5.15200 5.16169 5.01510 4.87937 5.26532 5.27555 5.28076 5.28597 5.29118 5.29771 5.36755 5.37606 5.37996 5.35981 5.24849 5.12737 4.76499 4.32981 4.32369 4.32761 4.33160 4.33551 4.33894 3.85347 3.79640 3.94876 4.15033 4.15033 4.15033 4.15033 4.15033 4.15035 4.17829 4.23151 4.07244 3.89272 3.90455 3.88541 3.44848 3.42864
4.55850 4.89165 4.87095 4.85080 4.80238 4.71711 4.65931 4.65261 4.64461 4.71673 4.88708 4.96961 5.05116 5.13355 5.21529 5.15903 4.80723 4.88925 4.97125 5.02634 5.00516 4.97987 4.95428 5.04695 5.37754 5.38145 5.33663 5.30091 5.30241 5.28463 5.05884 5.36578 5.42889 5.42889 5.42889 5.42889 5.39567 5.29692 5.20092 5.07656 4.97531 4.96628 4.96628 4.85960 4.38773 4.38773 4.38773 4.38773 4.38773 4.38773 3.99336 3.79640 3.83814 4.14927 4.15033 4.16399 4.21510 4.26832 4.32156 4.34685 4.34685 4.23600 3.90455 3.90455 3.90455 3.58537 3.42864
3.54735 4.17940 4.09996 4.05149 4.05718 4.12713 4.21857 4.20836 4.19778 4.51110 5.44635 5.44635 5.44635 5.44635 5.44635 5.43125 4.89570 4.87410 4.87410 4.87410 4.87521 4.90328 4.94510 5.02893 5.61314 5.68718 5.73143 5.74404 5.82831 5.85449 5.49280 5.42889 5.39360 5.23674 5.07126 4.90424 4.77138 4.82658 4.96628 4.96628 4.96628 4.96628 4.96628 4.96062 4.42175 4.38773 4.38773 4.38773 4.38773 4.38773 4.11736 3.80084 3.84474 4.18100 4.30517 4.34473 4.34685 4.34685 4.34685 4.34685 4.34685 4.32902 3.91291 3.92439 4.10621 4.16499 4.04048
3.38603 4.04368 4.10016 4.10262 4.10262 4.10493 4.18800 4.19327 4.19327 4.24023 5.41735 5.44635 5.44625 5.43082 5.40447 5.37816 5.11674 5.08866 5.14392 5.20336 5.26598 5.28549 5.28549 5.28549 5.87216 5.96534 5.95425 5.85466 5.83065 5.71039 5.30979 4.90144 4.77078 4.76055 4.76055 4.76055 4.76055 4.76424 4.95285 4.96628 4.96628 4.96628 4.96628 4.96628 4.55119 4.38773 4.38773 4.38792 4.41168 4.45161 4.34152 3.98360 3.99292 4.16434 4.34685 4.34685 4.34685 4.34685 4.34685 4.38708 4.62268 4.92862 4.83403 5.05818 5.12467 5.08944 4.43460
3.49385 3.98278 4.10262 4.10262 4.10262 4.09526 4.12822 4.13403 4.10770 4.08137 5.02616 5.28174 5.25553 5.24459 5.24459 5.24459 5.26138 5.28549 5.28549 5.28549 5.28549 5.28549 5.28549 5.28549 5.71672 5.83446 5.70409 5.47784 5.35662 5.34651 5.22153 4.76055 4.76055 4.76055 4.76055 4.76055 4.76055 4.76055 4.89675 4.96628 4.96628 4.96628 4.96628 4.96628 4.69878 4.43930 4.47923 4.51897 4.53512 4.53512 4.48004 3.99292 3.99292 4.05285 4.34685 4.40838 4.66133 4.96929 5.27366 5.54359 5.47681 5.36885 5.03652 4.83879 4.79333 4.74776 4.21110
3.49385 3.78532 3.97335 3.94704 3.92067 3.90169 3.93008 3.99151 3.99151 3.99151 4.66283 5.24459 5.24459 5.24459 5.24459 5.24459 5.25202 5.28549 5.28549 5.28549 5.27497 5.16792 5.03766 4.90713 5.10240 5.45727 5.45727 5.38759 5.34651 5.34651 5.34387 4.82477 4.76055 4.76055 4.76055 4.76055 4.76055 4.76055 4.82658 4.96628 4.97094 5.00555 5.04548 5.08539 4.96776 4.53080 4.48638 4.43188 4.37737 4.32326 4.26749 3.63314 3.52998 3.48656 4.30594 4.69633 4.60238 4.50019 4.47792 4.47792 4.47792 4.47792 4.49449 4.52810 4.52810 4.52810 4.27092
3.49324 3.61570 3.90086 3.90086 3.90086 3.90086 3.90449 3.98786 3.99151 3.99151 4.36302 5.24459 5.24459 5.24459 5.24459 5.24459 5.24081 5.18030 5.05082 4.92050 4.80069 4.77742 4.77742 4.77742 4.94733 5.45727 5.45727 5.41367 5.34651 5.34651 5.34651 5.00805 4.76055 4.76055 4.75136 4.70999 4.66586 4.62172 4.58214 4.87548 4.90488 4.87711 4.84401 4.81091 4.74649 3.90774 3.88002 3.88672 3.90826 3.93020 3.95216 3.47541 3.23711 3.23711 3.78259 4.47792 4.47792 4.47792 4.47792 4.47792 4.47792 4.47792 4.48300 4.52809 4.52810 4.40842 3.74666
3.41889 3.50783 3.88905 3.90086 3.90086 3.90086 3.90086 3.96229 3.99151 3.99151 4.07334 5.23444 5.24269 5.17627 5.07865 4.98075 4.88747 4.80671 4.77742 4.77742 4.77742 4.77742 4.77742 4.78052 4.83634 5.49658 5.52386 5.50011 5.11066 5.06658 5.02244 4.82678 4.34812 4.30403 4.26909 4.26632 4.25930 4.23872 4.21823 4.52472 4.67629 4.66070 4.64522 4.63682 4.64298 3.97150 3.79305 3.79286 3.77807 3.76269 3.74737 3.49023 3.23711 3.23711 3.44055 4.47792 4.47792 4.47792 4.47792 4.47792 4.47792 4.45104 3.94980 3.31851 2.65021 2.09508 2.03985
3.29347 3.49385 3.81353 3.90086 3.90086 3.89970 3.89450 3.92123 3.97373 3.91040 3.80713 4.72876 4.85568 4.82677 4.83779 4.84873 4.85977 4.83742 4.80168 4.81627 4.83095 4.84556 4.86023 4.87175 4.86692 5.13511 5.15319 5.12972 4.34502 4.25724 4.23682 4.20641 3.65325 3.58893 3.56850 3.54800 3.53424 3.53424 3.53424 3.75535 4.22270 4.24468 4.26674 4.28174 4.28219 3.80420 3.41920 3.41920 3.41920 3.41920 3.41920 3.36959 3.23711 3.23711 3.24374 4.31099 4.47792 4.47792 4.16066 3.48610 2.81103 2.16334 1.98966 2.02215 2.03985 2.03985 2.03985
3.08868 3.31227 3.55467 3.77021 3.80508 3.84005 3.87697 3.91201 3.71972 3.71332 3.75393 4.40821 4.87002 4.87846 4.87846 4.87846 4.87846 4.86469 4.79731 4.79731 4.79731 4.79731 4.79731 4.79731 4.79731 4.89811 4.95479 4.95479 4.38170 4.12019 4.12019 4.12019 3.75515 3.53424 3.53424 3.54412 3.57307 3.60228 3.63160 3.66350 4.24222 4.28219 4.28219 4.28219 4.28219 4.00448 3.41920 3.41920 3.41920 3.41920 3.41920 3.40041 3.23711 3.23711 3.13990 3.20754 3.02204 2.34722 1.98991 1.98966 1.98966 1.98966 1.98966 2.01056 2.03985 2.03985 2.03985
3.37788 3.72800 3.87093 4.13455 4.13134 4.12937 4.12935 4.12935 3.93246 3.85189 3.85189 4.20075 4.87846 4.87846 4.87846 4.87846 4.87714 4.86861 4.79996 4.79731 4.79731 4.79731 4.79731 4.79731 4.79731 4.86611 4.95479 4.95479 4.57884 4.12019 4.12019 4.12076 3.95356 3.60278 3.63197 3.65143 3.65190 3.65190 3.65190 3.65190 4.07110 4.28219 4.28219 4.28219 4.28219 4.20343 3.42049 3.41920 3.41920 3.41920 3.39904 3.13361 2.44257 1.95715 1.60465 1.66554 1.98966 1.98966 1.98966 1.98966 1.98966 1.98966 1.98966 1.99910 2.03985 2.03985 2.03985
3.42576 3.79519 3.80640 4.11687 4.12935 4.12935 4.12935 4.12935 4.02119 3.82100 3.77598 3.84227 4.84379 4.83401 4.82244 4.80991 4.79860 4.79731 4.79731 4.79731 4.79731 4.79731 4.79731 4.79731 4.79731 4.83401 4.95479 4.95523 4.77817 4.12413 4.12585 4.12714 4.11092 3.67361 3.65190 3.65190 3.65190 3.65190 3.65190 3.65190 3.85858 4.28219 4.28219 4.28219 4.28219 4.28219 3.54188 3.23955 2.90226 2.56473 2.24748 2.17507 1.77337 1.57827 1.57827 1.58585 1.95786 1.98966 1.98966 1.98966 1.98966 1.98966 1.98711 1.97984 1.98537 1.96104 1.93850
3.40131 3.73303 3.79851 3.98892 4.00621 3.96360 3.91779 3.86801 3.78700 3.43407 3.42856 3.42856 4.60843 4.79731 4.79731 4.79731 4.79731 4.79731 4.79731 4.79731 4.79731 4.79731 4.79731 4.79764 4.79929 4.80780 4.95840 4.96170 4.94550 4.16174 4.12718 4.12718 4.12718 3.80810 3.65190 3.65190 3.65190 3.65190 3.65190 3.65190 3.66486 4.24335 4.28219 4.19497 3.87075 3.53334 2.65630 2.17507 2.17507 2.17507 2.17370 2.16976 1.88909 1.56058 1.58105 1.63494 1.83356 1.93124 1.92330 1.91530 1.90731 1.89934 1.89397 1.89382 1.78329 1.74203 1.74203
3.40131 3.65022 3.79851 3.79851 3.79851 3.79851 3.79851 3.79851 3.79851 3.52462 3.42856 3.42856 4.28117 4.79731 4.79731 4.79731 4.79731 4.79731 4.79731 4.79755 4.79912 4.80091 4.80279 4.80416 4.80430 4.80430 4.93445 4.96178 4.96178 4.34267 4.12718 4.12718 4.12718 3.95875 3.65190 3.65190 3.65190 3.65190 3.64959 3.60099 3.53420 3.50124 3.11328 2.81293 2.74982 2.69973 2.44281 2.13777 2.13379 2.12983 2.14761 2.19200 2.07934 1.71944 1.75276 1.75290 1.78996 1.89382 1.89382 1.89382 1.89382 1.89382 1.89382 1.89382 1.81810 1.74203 1.74203
3.40131 3.56750 3.79851 3.79851 3.79851 3.79851 3.79851 3.79851 3.79851 3.64413 3.42856 3.42856 3.95434 4.79731 4.79731 4.79747 4.79896 4.80074 4.80253 4.80408 4.80430 4.80430 4.80430 4.80430 4.80430 4.80430 4.90248 4.95707 4.88261 4.38571 3.93099 3.86428 3.79765 3.70227 3.20006 3.12231 3.05560 2.98889 2.92449 2.90653 2.90653 2.76452 2.47903 2.47903 2.47903 2.47903 2.43754 2.16893 2.19553 2.22189 2.22812 2.20995 2.13744 1.75290 1.75290 1.75290 1.75858 1.88899 1.89382 1.89382 1.89382 1.89382 1.89382 1.89382 1.86116 1.80511 1.86705
3.40131 3.48456 3.79851 3.79851 3.79851 3.79851 3.79851 3.79851 3.79851 3.76107 3.43115 3.42865 3.62867 4.80003 4.79182 4.77965 4.76670 4.72514 4.61682 4.50517 4.39375 4.28231 4.17078 4.05924 3.94791 3.83617 3.71386 3.55565 3.50850 3.33383 2.90325 2.87914 2.85521 2.83136 2.46514 2.30805 2.28369 2.25984 2.23591 2.21207 2.18805 2.15840 1.94103 1.95309 1.97948 2.00609 2.01533 1.69133 1.66500 1.66500 1.66500 1.66500 1.66518 1.74492 1.75290 1.75290 1.75290 1.84255 1.89382 1.89382 1.89521 1.93794 1.99986 2.06179 2.10738 1.97256 1.97076
3.46743 3.48278 3.56575 3.54911 3.53577 3.52201 3.50872 3.50359 3.49062 3.46312 3.23851 3.19922 3.21638 3.74413 3.66304 3.56485 3.46717 3.39669 3.39383 3.39383 3.39383 3.39383 3.39383 3.39383 3.39383 3.39383 3.32678 3.08422 3.08422 3.05618 2.53499 2.52708 2.52708 2.52708 2.33549 2.05181 2.05181 2.05183 2.08341 2.14249 2.20193 2.26111 2.10676 2.01688 2.01688 2.01688 2.01688 1.77144 1.66500 1.66500 1.66500 1.66500 1.66500 1.72432 1.75290 1.75290 1.75290 1.81739 1.98087 2.04283 2.10333 2.12254 2.12254 2.12254 2.12254 1.99940 1.97076
3.61447 3.64274 3.57923 3.58363 3.59251 3.57875 3.56491 3.54246 3.52822 3.52822 3.43690 3.32507 3.32507 3.37111 3.39383 3.39383 3.39383 3.39383 3.39383 3.39383 3.39383 3.39383 3.39383 3.39383 3.39383 3.39383 3.38371 3.09012 3.08422 3.08422 2.63777 2.52708 2.52708 2.52708 2.46417 2.14491 2.20327 2.26254 2.29033 2.29033 2.29033 2.29033 2.19854 2.01688 2.01688 2.01688 2.01688 1.85306 1.66500 1.66500 1.66500 1.66500 1.66500 1.71213 1.79829 1.83957 1.88086 1.92087 2.12085 2.12254 2.12254 2.12254 2.12254 2.12254 2.12254 1.98621 1.83364
3.79161 3.75074 3.64097 3.55089 3.52826 3.52822 3.52822 3.52822 3.52822 3.52822 3.50179 3.32538 3.32507 3.35478 3.39383 3.39383 3.39383 3.39383 3.39383 3.39383 3.39383 3.39383 3.39383 3.39383 3.39383 3.39383 3.39383 3.14287 3.08422 3.08422 2.75389 2.47767 2.44296 2.40833 2.39181 2.31360 2.29033 2.29033 2.29033 2.29033 2.29033 2.29033 2.28395 2.03275 2.01688 2.01688 2.01688 1.93475 1.66500 1.66633 1.68957 1.72052 1.75148 1.81140 1.90538 1.90538 1.90538 1.90538 2.05994 2.12254 2.12238 2.05447 1.95023 1.86507 1.79440 1.72265 1.65670
3.64510 3.64387 3.60043 3.52822 3.52822 3.52822 3.52822 3.52822 3.52822 3.52822 3.52822 3.36417 3.32507 3.33838 3.39383 3.39383 3.39383 3.39383 3.39383 3.39383 3.39383 3.39383 3.39383 3.39383 3.39383 3.39383 3.38193 3.15965 3.00354 2.96886 2.76446 2.39181 2.39181 2.39181 2.39181 2.34571 2.29033 2.29033 2.29033 2.29033 2.29033 2.29033 2.29033 2.10593 2.01688 2.01688 2.03194 2.05249 1.75192 1.77163 1.77936 1.77936 1.77936 1.79277 1.90552 1.90844 1.91241 1.91596 1.93720 1.87603 1.80941 1.78499 1.78896 1.79293 1.79689 1.76050 1.44958
3.64387 3.64387 3.62442 3.52822 3.52822 3.52822 3.52822 3.52822 3.52822 3.52822 3.52822 3.42939 3.32507 3.32595 3.38999 3.39383 3.39383 3.39383 3.39383 3.39383 3.39383 3.39383 3.38464 3.35123 3.31659 3.28191 3.25907 3.13328 2.94895 2.94895 2.89464 2.39237 2.39181 2.39181 2.39181 2.37780 2.29040 2.29033 2.29033 2.29033 2.29033 2.29033 2.29033 2.18848 2.02647 2.01598 1.99038 1.94893 1.81170 1.79957 1.80256 1.80553 1.80848 1.81151 1.93929 1.95130 1.95063 1.95038 1.92686 1.80580 1.80580 1.80580 1.80580 1.80580 1.80580 1.80573 1.48234
3.64387 3.64387 3.64279 3.53412 3.52822 3.52822 3.52822 3.52822 3.52822 3.52822 3.52822 3.49463 3.32507 3.32507 3.37447 3.39383 3.39383 3.39383 3.38698 3.35465 3.32001 3.28531 3.25984 3.25856 3.25856 3.25856 3.25856 3.19608 2.94895 2.94895 2.94895 2.46892 2.36088 2.30550 2.25030 2.19492 2.05636 1.98279 1.92753 1.87221 1.81696 1.76164 1.70638 1.67310 1.66844 1.66818 1.66818 1.66818 1.74698 1.81480 1.81429 1.81379 1.81329 1.81312 1.90644 1.95038 1.95038 1.95038 1.95038 1.82736 1.80580 1.80580 1.80580 1.80580 1.80580 1.80580 1.56519
3.64387 3.64387 3.64387 3.55709 3.52822 3.52822 3.52822 3.52822 3.52822 3.52822 3.52822 3.52822 3.35674 3.32507 3.35327 3.35809 3.32343 3.28875 3.26094 3.25856 3.25856 3.24897 3.19320 3.13540 3.07754 3.01975 2.96175 2.89635 2.55274 2.48714 2.42879 2.07265 1.87791 1.88653 1.89522 1.90406 1.86161 1.81988 1.82856 1.83719 1.84597 1.85471 1.86340 1.87202 1.84210 1.83019 1.83628 1.84228 1.89274 2.00155 2.00804 2.01467 2.02119 2.02765 1.99516 1.95038 1.95038 1.95038 1.95038 1.87252 1.80580 1.80580 1.80580 1.79644 1.72538 1.64298 1.40295
