High_resolution/powerplant/Chizhou/OMI_NO2_2011_06-08.asc
ncols      200
nrows      200
xllcorner       115.585
yllcorner       28.7700
cellsize     0.0166667
NODATA_Value      -999.000
[rows 87 to 115 of 200, columns 0 to 65 of 200]
0.00000 0.00000 0.00000 0.00000 0.00000 0.00000 0.00000 2.29611 1.64306 1.56003 1.72463 1.98405 1.98709 2.48804 2.54300 2.45296 2.29742 2.45149 2.34364 2.34364 2.02009 1.91224 1.83521 1.83521 1.78612 1.62072 1.62072 1.58975 1.58975 1.58086 1.56212 1.54304 1.58530 1.55081 1.56540 1.56540 1.56540 1.53866 1.50219 1.49408 1.49744 1.68361 1.68433 1.70973 1.69549 1.72829 1.87168 2.08274 2.01883 2.17768 2.49638 3.35176 3.48203 3.48203 3.48203 3.48203 3.48203 3.48203 3.48203 3.48203 3.48203 3.48203 3.48203 3.48203 3.74084 3.81455
0.00000 0.00000 2.29611 2.29611 2.29611 2.29611 2.29611 2.29611 1.98832 1.53319 1.54885 1.97815 1.99382 2.45149 2.52852 2.45149 2.29742 2.45149 2.34364 2.34364 2.02009 2.02009 2.02009 2.02009 2.01598 1.73993 1.71981 1.66200 1.66200 1.66200 1.63931 1.58555 1.62563 1.60483 1.63417 1.63417 1.63417 1.58323 1.53866 1.52680 1.53220 1.82959 2.10017 2.33468 2.55600 2.75123 2.84017 2.81347 2.57530 2.41758 2.54640 3.07388 3.48203 3.48203 3.48203 3.42725 3.28582 3.17690 3.34266 3.48203 3.48203 3.48203 3.48203 3.48203 3.66043 3.81455
2.75533 2.75533 2.75533 2.75533 2.75533 2.75533 2.75533 2.75533 2.64739 1.84101 1.83982 2.27525 2.39259 2.39259 2.72111 2.66719 2.45149 2.66719 2.58630 2.34364 2.02009 2.02009 2.02009 2.02009 2.02009 1.82061 1.71981 1.66200 1.66200 1.66200 1.67780 1.58555 1.62492 1.59968 1.63521 1.66483 1.71953 1.82731 1.99687 2.20236 2.40037 2.67195 2.84017 2.84017 2.84017 2.84017 2.84017 2.81347 2.65414 2.41731 2.52817 2.69935 3.11808 3.04563 2.98675 2.95222 2.95118 2.95118 3.12554 3.48203 3.48203 3.48203 3.48203 3.48203 3.52716 3.81199
2.75533 2.75533 2.75533 2.75533 2.75533 2.75533 2.75533 2.75533 2.75533 1.99566 1.83982 2.12535 2.49228 2.49228 2.75963 2.75963 2.58630 2.75963 2.72111 2.52852 2.29742 2.29742 2.29742 2.29742 2.29742 2.13355 1.86844 1.80651 1.80651 1.80651 1.78235 1.68849 1.74862 1.87394 2.24130 2.41412 2.54926 2.57738 2.56425 2.56202 2.56028 2.58783 2.70961 2.70944 2.69837 2.68456 2.67410 2.64900 2.48973 2.48419 2.48337 2.49431 2.92594 2.95118 2.95118 2.95118 2.95118 2.95118 3.01559 3.48203 3.48203 3.48203 3.48203 3.48203 3.48203 3.76672
2.29611 2.29611 2.29611 2.29611 2.29611 2.29611 2.29611 2.29611 2.29611 1.88199 1.53319 1.58901 2.23834 2.24305 2.66719 2.66719 2.45149 2.72111 2.66719 2.45149 2.29742 2.29742 2.29742 2.29742 2.29742 2.24037 1.75482 1.61543 1.52555 1.42874 1.39610 1.84510 1.06852 2.58804 2.59324 2.59324 2.58209 2.57416 2.56534 2.57833 2.58740 2.59908 2.73906 2.67904 2.65358 2.65358 2.65358 2.63656 2.48337 2.48337 2.48337 2.48337 2.79795 2.95118 2.95118 2.95118 2.95118 2.95118 2.95404 3.41035 3.48203 3.48203 3.48203 3.36111 2.89294 2.93617
2.29611 2.29611 2.29611 2.29611 2.29611 2.29611 2.29611 2.29611 2.29611 2.10103 1.53319 1.53319 2.16725 2.24305 2.66719 2.66719 2.66719 2.99073 2.99073 2.66719 2.45152 2.37896 2.23258 2.08649 1.94011 1.80911 1.49981 1.42644 0.838017 0.733265 0.814739 0.984604 2.66240 2.66128 2.61133 2.61517 2.61296 2.61284 2.60935 2.60964 2.60964 2.61090 2.70114 2.72774 2.67486 2.67486 2.67486 2.65358 2.48337 2.48337 2.48337 2.48337 2.65890 2.95118 2.95118 2.95118 2.95118 2.95118 2.91306 2.82603 2.47465 1.98557 1.49648 1.12831 1.10669 1.45933
2.29611 2.29611 2.29611 2.29611 2.29611 2.29611 2.29611 2.29611 2.29611 2.27933 1.57370 1.53319 2.04307 2.24305 2.39259 2.66785 2.64565 2.76716 2.54774 2.13732 1.86365 1.78999 1.78999 1.33233 1.33233 1.33233 1.14313 1.97599 1.91231 1.99486 1.94202 2.25560 2.66329 2.66240 2.64202 2.63216 2.62726 2.62198 2.61650 2.61650 2.61650 2.61845 2.69704 2.89642 2.82379 2.82379 2.65358 2.63656 2.48337 2.48337 2.48337 2.48337 2.52388 2.92635 2.72754 2.48288 2.23822 1.99368 1.78739 1.60804 1.10669 1.10669 1.10669 1.10669 1.10669 1.10669
2.06650 2.06650 2.06650 2.06650 2.06650 2.06650 2.06650 2.06650 2.06650 2.06650 1.60047 1.39289 1.66241 2.57473 2.44318 2.12221 1.76187 1.87339 1.99849 1.49887 1.19909 1.19909 1.19909 1.19909 1.19909 1.19909 1.11924 1.94202 1.86278 1.97599 1.91231 2.09138 2.64765 2.66418 2.65585 2.63999 2.63607 2.62902 2.62433 2.62433 2.62433 2.62726 2.65913 3.07173 3.00049 2.94293 2.78975 2.78691 2.68380 2.68771 2.70628 2.08080 2.03247 1.89756 1.76351 1.76351 1.76351 1.76351 1.76351 1.72639 1.10931 1.10669 1.10669 1.16199 1.41088 1.60143
2.06650 2.06650 2.06650 2.06650 2.06650 2.05624 2.03144 2.00658 1.98167 2.94011 2.72295 2.41808 2.41361 2.20307 2.18241 2.18241 2.18241 1.49887 1.99849 1.99849 1.33233 1.33233 1.33233 1.33233 1.33233 1.33233 1.32498 0.996802 1.76371 1.94202 1.86278 1.94202 2.46696 2.66596 2.66576 2.64230 2.63607 2.62726 2.62726 2.62726 2.62433 2.62726 2.63847 3.13297 3.33979 3.29724 3.03552 2.96488 2.62309 2.60459 2.60459 1.98089 1.98089 2.00136 1.76351 1.76351 1.76351 1.76351 1.76497 1.79590 1.56293 1.62435 1.75614 1.84208 1.85058 1.85058
2.56570 2.53458 2.50348 2.47236 2.44127 3.03755 3.03742 3.03742 3.03742 3.03742 2.96624 2.40910 2.40468 2.20248 2.11344 2.11344 2.11344 1.49887 1.99849 1.99849 1.99849 1.99849 1.99849 1.99849 1.99849 1.99849 1.99849 1.63490 1.46653 1.76371 1.70428 1.76371 2.15020 2.66810 2.66810 2.65225 2.64312 2.63405 2.68836 2.75731 2.77075 2.80053 2.81903 3.12149 3.54512 3.35678 2.98069 2.90547 2.60459 2.60459 2.60459 2.60459 1.98119 2.14359 1.77608 1.81760 1.90325 1.97350 2.03069 2.06488 1.96953 1.85058 1.85058 1.85058 1.85058 1.85058
3.03742 3.03742 3.03742 3.03742 3.03742 3.03742 3.03742 3.03742 3.03742 3.03742 3.07603 2.52105 2.40245 2.28604 2.09045 2.09045 2.09045 1.59879 1.99849 1.99849 1.99849 1.99849 1.99849 1.99849 1.99849 1.99849 1.99849 1.78560 1.46653 1.76371 1.76371 1.86278 1.96719 2.72797 2.85625 2.90077 2.88563 2.77792 2.75604 2.72442 2.66657 2.66657 2.66657 2.77652 3.27206 3.07523 2.65160 2.60756 2.61371 2.61986 2.62601 2.64931 2.05918 2.34214 2.07169 2.06622 2.06665 2.06665 2.06665 2.06665 2.02319 1.85058 1.85058 1.85058 1.85058 1.85058
2.97307 2.97307 2.97307 2.97307 2.97307 2.97307 2.97307 2.97307 2.97307 2.97307 3.03742 2.69639 2.40245 2.39797 2.10378 2.07512 2.07512 2.07512 1.99849 1.99849 1.99849 1.99849 1.99849 1.99849 1.99849 1.99849 1.99849 1.54866 1.67125 1.89819 1.93209 2.03493 2.06545 2.99749 3.14304 3.04926 2.79790 2.66657 2.66657 2.66657 2.62649 2.62168 2.59071 2.56928 3.03278 2.98421 2.68319 2.70681 2.73345 2.75522 2.77335 2.78122 2.07956 2.37664 2.18853 2.06665 2.06665 2.06665 2.06665 2.06665 2.06178 1.86195 1.85329 1.87866 1.90362 1.92007
2.84438 2.84438 2.84438 2.84438 2.84438 2.84438 2.84438 2.84438 2.84438 2.84438 2.97307 2.82918 2.40468 2.40803 2.18111 2.09045 2.09045 2.09045 1.99849 1.99849 1.99849 1.99849 1.99849 1.99872 2.02418 2.06605 2.10791 1.71978 1.47823 2.01706 2.01704 2.08086 2.08086 2.64444 3.14295 3.06167 2.80932 2.75263 2.72478 2.69695 2.58029 2.55367 2.55019 2.55019 2.97541 3.16353 2.89799 2.91609 3.02398 3.02398 3.02398 3.02398 3.02398 2.37664 2.27950 2.06665 2.06665 2.06665 2.06666 2.06886 2.07214 1.99399 2.06880 2.19025 2.31096 2.43161
2.84438 2.84438 2.84438 2.84438 2.84438 2.84438 2.84438 2.84438 2.84438 2.84438 2.97307 2.95999 2.43865 2.40803 2.26408 2.09045 2.09045 2.09045 1.99798 2.00157 2.04033 2.08216 2.12402 2.16565 2.18201 2.18201 2.18201 1.81834 1.64149 1.97145 1.96813 1.98601 1.95514 2.18615 3.07333 2.92072 2.79094 2.77966 2.77966 2.77966 2.68131 2.68131 2.68131 2.68131 2.76778 3.12834 2.87876 2.91609 3.02398 3.02398 3.02398 3.02398 3.02398 2.37664 2.36210 2.07622 2.08141 2.16772 2.25689 2.34324 2.43381 2.50941 2.52119 2.52119 2.52119 2.52119
2.97307 2.97307 2.97307 2.97307 2.97307 2.97307 2.97307 2.97307 2.97307 2.97307 3.03742 2.97307 2.60444 2.41097 2.38385 2.13755 2.15690 2.18830 2.14066 2.17890 2.18201 2.18201 2.18201 2.18201 2.18201 2.18201 2.18201 1.74561 1.70981 1.89549 1.85113 1.84722 1.84722 1.84057 2.93559 2.90139 2.80112 2.77968 2.77966 2.77966 2.68131 2.68131 2.68131 2.60755 2.54799 2.97436 2.76078 2.83902 2.91609 2.91609 2.91609 2.91497 2.94741 2.47200 2.52005 2.46109 2.50113 2.51558 2.51558 2.51558 2.51558 2.51632 2.52119 2.52119 2.52119 2.52119
2.97307 2.97307 2.97307 2.97307 2.97307 2.97307 2.97307 2.97307 2.96480 2.94148 3.04013 3.18935 3.30956 3.18268 3.31916 2.59355 2.25108 1.63651 2.18201 2.18201 2.18201 2.18201 2.18201 2.18201 2.18201 2.18201 2.18201 1.74561 1.80664 1.37466 1.77257 1.77257 1.77257 1.80990 2.62883 2.97223 2.90139 2.88030 2.87800 2.87800 2.87800 2.87800 2.87800 2.77966 2.68320 3.26451 3.18410 3.32112 3.37898 3.41565 1.83071 2.15256 2.15068 2.56217 2.56594 2.59042 2.51558 2.51558 2.51558 2.51558 2.51558 2.51401 2.54876 2.63595 2.71996 2.80393
2.97307 2.97307 2.97307 2.96128 2.93764 2.91399 3.04336 3.24966 3.40177 3.52365 3.74582 3.60957 3.71984 2.53827 2.53802 2.08410 1.45467 1.45467 2.18201 2.18201 2.18201 2.18201 2.18201 2.18201 2.18201 2.18201 2.18201 1.63651 1.74561 1.38077 1.78750 1.78750 1.78750 1.82589 2.24385 2.90139 2.90139 2.88531 2.87800 2.87800 2.86799 2.74984 2.57955 2.38784 2.24379 2.17269 1.81592 1.85466 1.83418 1.82277 1.82082 2.12429 2.12429 2.54915 2.54951 2.61759 2.50775 2.49622 2.51695 2.56846 2.61986 2.67293 2.79689 2.86917 2.86917 2.86917
2.91015 2.91470 3.12153 3.31054 3.45497 3.56483 3.60957 3.60957 2.79014 3.84279 3.92840 3.84279 3.92840 3.63282 3.59066 2.40737 1.45641 1.45467 2.18201 2.18201 2.18201 2.18201 2.18201 2.18201 2.18201 2.18201 2.18201 1.63651 1.63651 1.31845 1.80990 1.80990 1.80990 1.84722 1.93900 2.78792 2.73532 2.58184 2.45254 2.32496 2.13514 2.14886 2.22038 2.28363 2.31062 2.32682 1.75775 1.81501 1.82082 1.82082 1.81849 2.11400 2.10632 2.51901 2.54227 2.64288 2.63891 2.68071 2.71146 2.71146 2.71146 2.71146 2.75533 2.86917 2.86917 2.86917
3.50294 3.59449 3.60957 3.60957 3.84279 3.84279 3.84279 3.84279 3.92840 3.92840 4.01400 3.97976 4.01400 3.70482 3.59066 2.53802 1.65068 1.45467 1.74561 1.74561 1.74561 1.74561 1.74561 1.74561 1.74561 1.74561 1.81834 1.45467 1.45467 1.26860 1.84722 1.89383 1.97338 2.10088 2.23953 2.23319 2.06704 2.13909 2.30647 2.30184 2.25183 2.23475 2.23475 2.26544 2.30757 2.31875 2.33213 1.67224 1.67397 1.67027 1.81257 2.15651 2.19852 2.68797 2.70585 2.74303 2.77132 2.71146 2.71146 2.71146 2.71146 2.71146 2.72028 2.86704 2.86917 2.86279
4.18521 4.18521 4.18521 4.18521 4.18521 4.18521 4.18521 4.18521 4.18521 4.18521 4.18521 4.18521 4.18521 3.90025 3.67721 3.67721 2.37018 1.74561 1.74561 1.74561 1.74561 1.74561 1.74561 1.74561 1.74561 1.74561 1.82051 1.51135 2.44484 2.52736 2.47240 2.47455 2.49744 2.46469 2.45578 2.36112 2.13914 2.14540 2.24097 2.29700 2.28711 2.25910 2.26914 2.33103 2.42251 2.43291 2.46464 1.84868 1.81738 1.79571 2.02938 2.70585 2.70585 2.70585 2.70585 2.71133 2.80592 2.71146 2.71146 2.71146 2.71146 2.71019 2.69119 2.77136 2.78034 2.77422
2.09261 2.09261 2.09261 2.09261 2.09261 2.09261 2.09261 2.09261 2.79014 2.79014 3.34817 4.18521 4.18521 3.97214 3.69173 3.67721 2.75962 1.74561 1.74561 1.74561 1.74561 1.74522 1.76640 1.85686 2.45963 2.55744 2.65136 2.63186 2.61959 2.59177 2.56969 2.52080 2.51060 2.47560 2.49529 2.47694 2.14663 2.15864 2.21695 2.29588 2.29329 2.24320 2.35571 2.50094 2.70840 2.78182 2.71027 2.02335 1.93362 1.80390 2.02938 2.70585 2.70585 2.70585 2.70585 2.70585 2.79738 2.71983 2.69864 2.67561 2.66496 2.65820 2.66995 2.74762 2.83198 2.82639
2.09261 2.09261 2.09261 2.09261 2.09261 2.09261 2.09261 2.09261 2.79014 2.79014 3.13891 4.18521 4.18521 3.92840 3.73198 3.64475 2.84363 1.73768 1.69330 1.78129 2.51077 2.59881 2.64622 2.63432 2.64093 2.63310 2.64069 2.57508 2.58071 2.59628 2.60884 2.57232 2.55034 2.53579 2.54428 2.54428 2.27125 2.18232 2.26500 2.42226 2.47769 2.45504 2.53768 2.64124 2.79656 2.79656 2.71027 1.52623 1.48887 1.35899 1.62351 2.02938 2.02938 2.16468 2.02497 1.99110 1.97904 1.99504 2.01341 2.02422 2.02610 1.80109 1.80116 1.81633 2.11320 2.11320
2.09261 2.09261 2.09261 2.09261 2.09261 2.09261 2.09261 2.09261 2.79014 2.79014 3.13891 4.17734 4.15339 3.82439 3.47069 3.07015 2.03219 1.94343 2.02898 2.54484 2.61225 2.61062 2.60772 2.61553 2.64255 2.65023 2.66493 2.66259 2.67264 2.67272 2.67480 2.60179 2.57680 2.55896 2.62467 2.68239 2.57554 2.36127 2.37177 2.42591 2.44385 2.41449 2.43413 2.53768 2.64124 2.64124 2.64124 2.53768 1.50197 1.67732 1.79238 1.97560 1.93413 2.03274 1.88402 1.89178 1.91042 1.96001 2.02630 2.02630 2.02630 1.80116 1.80116 1.80218 2.10684 2.09894
2.09261 2.09261 2.09261 2.09261 2.09261 2.09261 2.08695 2.07475 2.74808 2.59787 2.66373 3.21464 2.89355 2.82281 2.78789 2.60165 2.60152 2.59646 2.77024 2.65290 2.60693 2.62765 2.63678 2.64014 2.65643 2.65643 2.66621 2.65643 2.66621 2.67141 2.70487 2.72604 2.74758 2.81214 2.77898 2.77898 2.71870 2.36778 2.36943 2.40559 2.44385 2.44018 2.43763 2.53768 2.64124 2.63715 2.61172 2.45200 1.44434 1.62796 1.67922 1.90384 1.91922 1.92154 1.70804 1.70804 1.70804 1.71594 1.80032 1.80995 1.82537 1.37147 1.36945 1.36742 1.80210 1.78271
2.09252 2.08502 2.07281 2.06061 2.02375 1.86703 1.70017 1.53993 1.84129 1.76166 1.98187 2.64250 2.64250 2.82820 2.84068 2.67445 2.57624 2.52732 2.76257 2.76453 2.63724 2.64014 2.64014 2.64014 2.65643 2.65643 2.65643 2.75661 2.78309 2.81066 2.79257 2.86112 2.83148 2.85011 2.80743 2.80743 2.80379 2.47945 2.43741 2.45745 2.52780 2.49010 2.47630 2.49982 2.44751 2.39915 2.37217 2.24609 1.44948 1.69309 1.71113 1.92154 1.92154 1.92604 1.72715 1.74292 1.75759 1.75908 1.82883 1.83779 1.81970 1.36030 1.36030 1.36030 1.35211 1.33703
1.95826 1.79332 1.63301 1.47270 1.33705 1.32125 1.76166 1.76166 2.11400 2.11400 2.20208 2.77758 2.78367 2.87871 2.87871 2.76034 2.61596 2.51558 2.69748 2.77024 2.65915 2.63946 2.64014 2.64014 2.64945 2.64014 2.64014 2.82338 2.85075 2.87983 2.85075 2.91748 2.83824 2.85267 2.79666 2.74734 2.66524 2.43912 2.33951 2.32138 2.24626 2.21538 2.33386 2.25010 2.25003 2.25003 2.25003 2.11713 2.10852 1.43916 1.62104 1.76899 1.78253 1.77823 1.32032 1.30647 1.29345 1.29054 1.32460 1.36030 1.36030 1.36030 1.36030 1.36030 1.35785 1.33704
0.00000 0.00000 0.00000 0.00000 0.00000 0.00000 1.32125 1.32125 1.98187 1.98187 2.11400 2.78422 2.78422 2.87871 2.87871 2.82075 2.65628 2.51788 2.62065 2.77024 2.69597 2.63725 2.64014 2.64014 2.64945 2.64014 2.64014 2.74800 2.85075 2.87845 2.83323 2.87352 2.70598 2.69511 2.43353 2.40072 2.39545 2.38157 2.36949 2.41345 2.44824 2.39578 2.64762 2.45266 2.42805 2.40964 2.39123 2.17745 2.27894 2.06808 2.14064 1.95665 1.93839 1.93570 1.72062 1.72062 1.72062 1.72063 1.73895 1.81374 1.81374 1.81374 1.81374 1.81374 1.64181 1.67978
0.00000 0.00000 0.00000 0.00000 0.00000 0.00000 1.32125 1.32125 1.98187 1.98187 2.11400 2.78422 2.78422 2.87871 2.87871 2.87228 2.67471 2.55092 2.54451 2.76955 2.75064 2.63522 2.64014 2.64014 2.64847 2.59483 2.49390 2.42134 2.41808 2.29643 2.20406 2.56819 2.40816 2.39796 2.10809 2.10809 2.10758 2.09889 2.08737 2.08045 2.13809 2.07145 2.30139 2.21031 2.16272 2.10392 2.04012 1.84718 1.92317 1.54731 1.85723 1.72044 1.72062 1.72062 1.72062 1.72062 1.72062 1.72062 1.72122 1.80420 1.81632 1.86079 1.92377 2.00894 1.87838 1.93730
1.67556 1.67556 1.67556 1.67556 1.67556 1.67556 1.99787 1.99787 2.25572 2.25572 2.32019 2.87871 2.78422 2.87871 2.87871 2.87871 2.72868 2.59357 2.51558 2.71577 2.72356 2.51438 2.37814 2.22196 1.97102 1.83263 1.83597 1.89138 1.96355 2.06989 2.06923 2.36538 2.23141 2.28597 1.95016 1.94116 1.93293 1.93082 1.93082 1.93082 2.10220 2.00824 2.13118 2.02157 1.92255 1.91752 1.91752 1.80781 1.91752 1.50858 1.84490 1.70524 1.72062 1.72062 1.72062 1.72062 1.72062 1.75026 1.81641 1.96381 3.16838 3.22806 3.27290 3.29641 3.30476 2.29579
