High_resolution/powerplant/Chizhou/OMI_NO2_201108.asc
ncols      200
nrows      200
xllcorner       115.585
yllcorner       28.7700
cellsize     0.0166667
NODATA_Value      -999.000
[rows 29 to 57 of 166, columns 67 to 133 of 200]
2.58847 2.53648 2.47534 2.41418 2.35310 2.32563 2.32563 2.32563 2.32563 2.32563 2.32563 2.32563 2.32563 2.32563 2.32563 2.32563 2.32563 3.72997 5.39921 5.41990 5.48130 5.48130 5.48130 5.48130 5.48130 5.48130 5.48130 5.48130 5.41960 5.11357 4.78274 4.45192 4.12110 3.80504 6.95163 8.64493 8.58464 8.52435 8.46515 8.62154 8.64292 8.64292 8.64292 8.64292 8.64292 8.64292 8.64292 8.64292 8.64292 8.64292 7.27924 2.38828 2.38828 2.38828 2.38828 2.38828 2.38828 2.48307 2.76459 2.76459 2.76459 2.76459 2.76459 2.76459 2.76459 2.76459 2.76459
2.32707 2.32563 2.32563 2.32563 2.32563 2.32563 2.32563 2.32563 2.32563 2.32563 2.32563 2.32563 2.32563 2.32563 2.32563 2.32563 2.32563 2.55352 5.34478 5.40027 5.47559 5.48130 5.48130 5.33997 5.01003 4.67903 4.34838 4.01756 3.74844 3.72347 3.70159 3.64208 3.58180 3.52151 5.26428 8.41991 8.41991 8.41991 8.41991 8.55459 8.64292 8.64292 8.64292 8.64292 8.64292 8.64292 8.64292 8.64292 8.64292 8.64292 8.37755 2.49494 2.38828 2.38828 2.38828 2.38828 2.38828 2.39456 2.73919 2.76459 2.76459 2.76459 2.76459 2.76459 2.91599 4.19891 5.39444
2.02829 2.32563 2.32563 2.32563 2.32563 2.32563 2.32563 2.32563 2.32563 2.32563 2.32563 2.32563 2.32563 2.32563 2.32563 2.32563 2.32563 2.32563 4.66722 4.82422 4.54560 4.24485 3.91402 3.72435 3.72347 3.71885 3.66973 3.60945 3.54916 3.48888 3.45038 3.44970 3.44970 3.44970 3.86134 8.37782 8.41991 8.41991 8.41991 8.48606 8.64292 8.64292 8.64292 8.64292 8.64292 8.64292 8.64292 8.64292 8.64292 8.64292 8.64292 4.58318 2.38828 2.38828 2.38828 2.38828 2.38828 2.38828 2.63474 3.68754 4.99197 6.00601 6.82167 7.47678 7.97747 8.09332 8.10572
1.59774 2.32563 2.32563 2.32563 2.32563 2.32563 2.32563 2.32563 2.32563 2.32563 2.32563 2.32563 2.32563 2.32563 2.32563 2.32563 2.32563 2.32563 3.10357 3.64138 3.66839 3.69727 3.63710 3.57681 3.51650 3.46084 3.44970 3.44970 3.44970 3.44970 3.44970 3.44970 3.44970 3.44970 3.44970 7.35853 8.41991 8.41991 8.41991 8.42714 8.63333 8.64292 8.64292 8.64292 8.64292 8.64292 8.64292 8.64292 8.64292 8.64292 8.64292 6.54244 2.38828 2.83188 4.26150 5.38552 6.32201 7.20148 7.88904 8.04943 8.08769 8.10572 8.10572 8.10572 8.10572 8.10572 8.10572
1.16736 2.32563 2.32563 2.32563 2.32563 2.32563 2.32563 2.32563 2.32563 2.32563 2.32563 2.32563 2.32563 2.32563 2.32563 2.32563 2.32563 2.32563 2.80513 4.26879 4.55779 3.47183 3.44970 3.44970 3.44970 3.44970 3.44970 3.44970 3.44970 3.44970 3.44970 3.44970 3.44970 3.44970 3.44970 5.92725 8.41991 8.41991 8.41991 8.41991 8.57233 8.64292 8.64292 8.64292 8.64292 8.64292 8.64292 8.63270 8.36034 7.97159 7.58432 7.05449 7.50282 8.04979 8.24187 8.41392 8.53319 8.53721 8.51041 8.11430 8.10572 8.10572 8.10572 8.10572 8.10572 8.10572 8.10572
0.944404 2.11728 2.32563 2.32563 2.32563 2.32563 2.32563 2.32563 2.32563 2.32563 2.32563 2.32563 2.32563 2.32563 2.32563 2.32563 2.32563 0.00000 0.00000 4.95713 4.95713 3.70277 3.44970 3.44970 3.44970 3.44970 3.44970 3.44970 3.44970 3.44970 3.44970 3.44970 3.44970 3.44970 3.44970 4.49643 8.41991 8.41991 8.41991 8.41991 8.50378 8.64292 8.54397 8.17096 7.78412 7.39516 7.00979 6.74010 6.79738 6.96936 7.14133 7.30622 8.44276 8.53721 8.53721 8.53721 8.53721 8.53721 8.53721 8.21726 8.10572 8.10572 8.10572 8.10572 8.10572 8.10572 8.10572
0.944404 1.68680 2.32563 2.32563 2.32563 2.32563 2.32563 2.32563 2.32563 2.32563 2.32563 2.32563 2.32563 0.00000 0.00000 0.00000 0.00000 0.00000 0.00000 4.95713 4.95713 4.09007 3.44970 3.44970 3.44970 3.44970 3.44970 3.44970 3.44970 3.44970 3.44970 3.44970 3.44970 3.44970 3.44970 3.48797 7.98978 8.14755 7.76028 7.37174 7.00284 6.81623 6.58877 6.74218 6.91415 7.08620 7.25649 7.31982 7.31982 7.31982 7.31982 7.31982 8.10771 8.53721 8.53721 8.53721 8.53721 8.53721 8.53721 8.34748 8.10572 8.10572 8.10572 8.10572 8.10572 8.10572 8.10572
0.944404 1.25611 2.32563 2.32563 2.32563 2.32563 2.32563 2.32563 0.00000 0.00000 0.00000 0.00000 0.00000 0.00000 0.00000 0.00000 0.00000 0.00000 0.00000 4.95713 4.95713 4.68106 3.45401 3.44970 3.44970 3.44970 3.44970 3.44970 3.44970 3.44970 3.44970 3.40939 3.15000 2.85774 2.56564 2.27354 4.79460 6.29298 6.30283 6.31471 6.32702 6.99513 7.31700 7.31982 7.31982 7.31982 7.31982 7.31982 7.31982 7.31982 7.31982 7.31982 7.75959 8.53721 8.53721 8.53721 8.53721 8.53721 8.53721 8.47714 8.10581 8.10572 8.10572 8.10572 8.10572 8.10572 8.10572
0.944404 0.968969 2.31526 2.32563 0.00000 0.00000 0.00000 0.00000 0.00000 0.00000 0.00000 0.00000 0.00000 0.00000 0.00000 0.00000 0.00000 0.00000 0.00000 4.95713 4.95713 4.95713 3.62985 3.44970 3.44970 3.44970 3.34861 3.06054 2.76813 2.47618 2.18377 1.93213 1.89927 1.90444 1.91650 1.92860 3.46433 6.34470 6.34696 6.34696 6.34696 6.79467 7.31982 7.31982 7.31982 7.31982 7.31982 7.31982 7.31982 7.31982 7.31982 7.31982 7.42293 8.52808 8.53721 8.53721 8.53721 8.53721 8.53721 8.53721 8.17600 8.10572 8.10572 8.10572 8.10572 8.10572 8.10572
0.00000 0.00000 0.00000 0.00000 0.00000 0.00000 0.00000 0.00000 0.00000 0.00000 0.00000 0.00000 0.00000 0.00000 0.00000 0.00000 0.00000 0.00000 0.00000 0.00000 4.94887 4.58410 3.33432 2.67882 2.38641 2.09447 1.90345 1.89927 1.90056 1.91088 1.92299 1.93509 1.94719 1.95412 1.95415 1.95415 2.26863 6.29227 6.34696 6.34696 6.34696 6.49841 7.31982 7.31982 7.31982 7.31982 7.31982 7.31982 7.31982 7.31982 7.31982 7.31982 7.31982 8.28326 8.53721 8.53721 8.53721 8.53721 8.53721 8.53721 8.30571 8.10572 7.79725 7.05903 6.22830 5.31895 4.41186
0.00000 0.00000 0.00000 0.00000 0.00000 0.00000 0.00000 0.00000 0.00000 0.00000 0.00000 0.00000 0.00000 0.00000 0.00000 0.00000 0.00000 0.00000 0.00000 0.00000 1.96664 1.85627 1.86871 1.89927 1.90528 1.91738 1.92949 1.94158 1.95239 1.95415 1.95415 1.95415 1.95415 1.95415 1.95415 1.95415 1.95415 5.34092 6.34696 6.34696 6.34696 6.34696 7.17432 7.31982 7.31982 7.31982 7.31982 7.31982 7.31982 7.31982 7.31982 7.31982 7.31982 7.93666 8.53721 8.53721 8.41650 7.74466 7.00283 6.17685 5.10766 3.95078 3.35032 3.18054 3.10375 3.10375 3.10375
0.00000 0.00000 0.00000 0.00000 0.00000 0.00000 0.00000 0.00000 0.00000 0.00000 0.00000 0.00000 0.00000 0.00000 0.00000 0.00000 0.00000 0.00000 0.00000 1.30772 1.48161 1.68849 1.63717 1.89766 1.95415 1.95415 1.95415 1.95415 1.95415 1.95415 1.95415 1.95415 1.95415 1.95415 1.95415 1.95415 1.95415 4.07697 6.34696 6.34696 6.34696 6.34696 6.87892 7.31982 7.31982 7.31982 7.31982 7.31982 7.31982 7.31982 7.31643 7.07487 6.68795 6.39153 5.74159 4.78216 3.91176 3.59532 3.34670 3.18356 3.17903 3.10962 3.10375 3.10375 3.10375 3.10375 3.10375
0.00000 0.00000 0.00000 0.00000 0.00000 0.00000 0.00000 0.00000 0.00000 0.00000 0.00000 0.00000 0.00000 0.00000 0.00000 1.30772 1.30772 1.30772 1.30772 1.30772 1.30772 1.55198 1.58200 1.78783 1.95415 1.95415 1.95415 1.95415 1.95415 1.95415 1.95415 1.95415 1.95415 1.95415 1.95415 1.95415 1.95415 2.81163 6.34696 6.34696 6.34696 6.34696 6.58268 7.31982 7.31982 7.24693 6.88989 6.50297 6.11584 5.72400 5.17111 4.77723 4.52826 4.27018 3.27200 3.17995 3.17995 3.17995 3.17995 3.17995 3.17995 3.13156 3.10375 3.10375 3.10375 3.10375 3.10375
0.00000 0.00000 0.00000 0.00000 0.00000 0.00000 0.00000 0.00000 0.00000 0.00000 1.30772 1.30772 1.30772 1.30772 1.30772 1.30772 1.30772 1.30772 1.30772 1.30772 1.30772 1.49338 1.58200 1.67332 1.95415 1.95415 1.95415 1.95415 1.95415 1.95415 1.95415 1.95415 1.95415 1.95415 1.95415 1.95415 1.95415 1.97436 5.92042 6.34548 6.11812 5.73162 5.35816 5.85760 5.54394 5.13170 4.85524 4.60639 4.35754 4.11383 4.03476 4.03476 4.03476 4.03476 3.47794 3.17995 3.17995 3.17995 3.17995 3.17995 3.17995 3.15442 3.10375 3.10375 3.10375 3.10375 3.10375
0.00000 0.00000 0.00000 0.00000 0.00000 0.00000 1.30772 1.30772 1.30772 1.30772 1.30772 1.30772 1.30772 1.30772 1.30772 1.30772 1.30772 1.30772 1.30772 1.30772 1.30772 1.40686 1.58200 1.58706 1.92590 1.95415 1.95415 1.95415 1.95415 1.95415 1.95415 1.95415 1.95415 1.95415 1.95511 1.96381 1.97620 1.99182 4.03350 4.38737 4.23465 4.28339 4.33948 4.43593 4.18682 4.03628 4.03476 4.03476 4.03476 4.03476 4.03476 4.03476 4.03476 4.03476 3.72175 3.17995 3.17995 3.17995 3.17995 3.17995 3.17995 3.17519 3.10511 3.10375 3.10375 3.10375 3.10375
0.00000 0.00000 0.00000 0.00000 1.30772 1.30772 1.30772 1.30772 1.30772 1.30772 1.30772 1.30772 1.30772 1.30772 1.30772 1.30772 1.30772 1.30772 1.30772 1.30772 1.30772 1.31294 1.57054 1.58200 1.81645 1.95415 1.95415 1.95415 1.95415 1.95698 1.96746 1.98076 1.99767 2.01990 2.04672 2.05209 2.11143 2.22365 3.35241 4.42607 4.47556 4.48295 4.48295 4.33442 4.03476 4.03476 4.03476 4.03476 4.03476 4.03476 4.03476 4.03476 4.03476 4.03476 3.95954 3.18559 3.17995 3.17995 3.17995 3.17995 3.17995 3.17995 3.12365 3.10375 3.10375 3.10375 3.10375
0.00000 0.00000 0.00000 0.00000 1.30772 1.30772 1.30772 1.30772 1.30772 1.30772 1.30772 1.30772 1.30772 1.30772 1.30772 1.30772 1.30772 1.30772 1.30772 1.30772 1.30772 1.30772 1.52142 1.58190 1.69287 1.97137 1.98567 2.00404 2.02849 2.05110 2.05203 2.07034 2.17236 2.28458 2.39680 2.50902 2.56189 2.56189 2.79028 4.46746 4.48295 4.48295 4.48295 4.45883 4.04589 4.03476 4.03476 4.03476 4.03476 4.03476 4.03476 4.03476 4.03476 4.03476 4.03476 3.35459 3.17995 3.17995 3.17995 3.17995 3.17995 3.17995 3.14673 3.10375 3.10375 3.07185 2.97434
0.00000 0.00000 0.00000 0.00000 1.30772 1.30772 1.30772 1.30772 1.30772 1.30772 1.30772 1.30772 1.30772 1.30772 1.30772 1.30772 1.30772 1.30772 1.30772 1.30772 1.30772 1.30772 1.35650 1.34727 1.34204 2.02859 2.05275 2.12102 2.23324 2.34551 2.45773 2.55164 2.56189 2.56189 2.56189 2.56189 2.56189 2.56189 2.56189 4.22099 4.48295 4.48295 4.48295 4.48295 4.15762 4.03476 4.03476 4.03476 4.03476 4.03476 4.03476 4.03476 4.03476 4.03476 4.03476 3.59798 3.17995 3.17995 3.17995 3.16982 3.08532 2.98574 2.92666 2.73600 2.65426 2.60446 2.62049
0.00000 0.00000 0.00000 0.00000 0.00000 1.30772 1.30772 1.30772 1.30772 1.30772 1.30772 1.30772 1.30772 1.30772 1.30772 1.30772 1.30772 1.30772 1.30772 1.30772 1.30772 1.30772 1.31849 1.38018 1.44841 2.14298 2.51794 2.56189 2.56189 2.56189 2.56189 2.56189 2.56189 2.56189 2.56189 2.56189 2.56189 2.56189 2.56189 3.79741 4.48295 4.48295 4.48295 4.48295 4.29337 4.03476 4.03476 4.03476 4.03476 4.03476 4.03476 4.03476 4.03476 4.03464 3.91138 3.47217 2.92099 2.84140 2.85708 2.90580 3.08037 3.34736 3.56654 2.71230 2.62825 2.62825 2.62825
0.00000 0.00000 0.00000 0.00000 0.00000 1.30772 1.30772 1.30772 1.30772 1.30772 1.30772 1.30772 1.30772 1.30772 1.30772 1.30772 1.30772 1.30772 1.33884 1.40701 1.47527 1.54346 1.60096 1.60749 1.60749 1.98919 2.56189 2.56189 2.56189 2.56189 2.56189 2.56189 2.56189 2.56189 2.56189 2.56189 2.56189 2.56189 2.56189 3.16772 4.48295 4.48295 4.48295 4.48295 4.42827 4.03548 4.03476 4.03476 4.00550 3.79226 3.49981 3.13405 2.66729 2.09489 1.66552 1.72091 3.23205 3.53114 3.56920 3.56920 3.56920 3.56920 3.56920 2.91250 2.62825 2.62825 2.62825
0.00000 0.00000 0.00000 0.00000 0.00000 1.30772 1.30772 1.30772 1.30772 1.30772 1.30772 1.30772 1.30772 1.31186 1.36564 1.43387 1.50210 1.57032 1.60743 1.60749 1.60749 1.60749 1.60749 1.60749 1.60749 1.70144 2.55616 2.56189 2.56189 2.56189 2.56189 2.56189 2.56189 2.56189 2.56189 2.56189 2.56189 2.56189 2.56189 2.57491 4.37907 4.48295 4.48295 4.39253 4.17992 3.44254 2.92545 2.38697 1.77455 1.66552 1.66552 1.66552 1.66552 0.00000 0.00000 0.00000 3.56920 3.56920 3.56920 3.56920 3.56920 3.56920 3.56920 3.20987 2.62825 2.62825 2.62825
0.00000 0.00000 0.00000 0.00000 0.00000 1.30772 1.30772 1.30772 1.30772 1.32652 1.39247 1.46070 1.52895 1.59302 1.60749 1.60749 1.60749 1.60749 1.60749 1.60749 1.60749 1.60749 1.60749 1.60749 1.60749 1.60749 2.35708 2.56189 2.56189 2.56189 2.56189 2.56189 2.56189 2.56189 2.56189 2.56189 2.56189 2.56189 2.56189 2.56189 3.43827 3.39176 2.88784 2.56189 2.56189 2.08351 1.66552 1.66552 1.66552 0.00000 0.00000 0.00000 0.00000 0.00000 0.00000 0.00000 3.56920 3.56920 3.56920 3.56920 3.56920 3.56920 3.56920 3.54633 2.66522 2.62825 2.62825
0.00000 0.00000 0.00000 0.00000 0.00000 0.00000 1.41500 1.48759 1.55578 1.60522 1.60749 1.60749 1.60749 1.60749 1.60749 1.60749 1.60749 1.60749 1.60749 1.60749 1.60749 1.60749 1.60749 1.60749 1.60749 1.60749 2.06387 2.56189 2.56189 2.56189 2.56189 2.56189 2.56189 2.56189 2.56189 2.56189 2.56189 2.56189 2.56189 2.56189 2.56189 2.56189 2.56189 2.56189 0.00000 0.00000 0.00000 0.00000 0.00000 0.00000 0.00000 0.00000 0.00000 0.00000 0.00000 0.00000 3.56920 3.56920 3.56920 3.56920 3.56920 3.56920 3.56920 3.56920 2.83691 2.62825 2.62825
0.00000 0.00000 0.00000 0.00000 0.00000 0.00000 1.60749 1.60749 1.60749 1.60749 1.60749 1.60749 1.60749 1.60749 1.60749 1.60749 1.60749 1.60749 1.60749 1.60749 1.60749 1.60749 1.60749 1.60749 1.60749 1.60749 1.77041 2.56189 2.56189 2.56189 2.56189 2.56189 2.56189 2.56189 2.56189 2.56189 2.56189 2.56189 2.56189 0.00000 0.00000 0.00000 0.00000 0.00000 0.00000 0.00000 0.00000 0.00000 0.00000 0.00000 0.00000 0.00000 0.00000 0.00000 0.00000 0.00000 0.00000 3.56920 3.56920 3.56920 3.56920 3.56920 3.56920 3.56920 3.09486 2.62825 2.62825
0.00000 0.00000 0.00000 0.00000 0.00000 0.00000 1.60749 1.60749 1.60749 1.60749 1.60749 1.60749 1.60749 1.60749 1.60749 1.60749 1.60749 1.60749 1.60749 1.60749 1.60749 1.60749 1.60749 1.60749 1.60749 1.60749 1.60797 2.43121 2.56189 2.56189 2.56189 2.56189 2.56189 2.56189 2.56189 0.00000 0.00000 0.00000 0.00000 0.00000 0.00000 0.00000 0.00000 0.00000 0.00000 0.00000 0.00000 0.00000 0.00000 0.00000 0.00000 0.00000 0.00000 0.00000 0.00000 0.00000 0.00000 3.56920 3.56920 3.56920 3.56920 3.56920 3.56920 3.56920 3.42017 2.44142 2.57539
0.00000 0.00000 0.00000 0.00000 0.00000 0.00000 0.00000 1.60749 1.60749 1.60749 1.60749 1.60749 1.60749 1.60749 1.60749 1.60749 1.60749 1.60749 1.60749 1.60749 1.60749 1.60749 1.60749 1.60749 1.60749 1.60749 1.60749 2.15856 2.56189 2.56189 0.00000 0.00000 0.00000 0.00000 0.00000 0.00000 0.00000 0.00000 0.00000 0.00000 0.00000 0.00000 0.00000 0.00000 0.00000 0.00000 0.00000 0.00000 0.00000 0.00000 0.00000 0.00000 0.00000 0.00000 0.00000 0.00000 0.00000 3.56920 3.56920 3.56920 3.56920 3.56920 3.56920 0.00000 0.00000 3.59264 3.59264
0.00000 0.00000 0.00000 0.00000 0.00000 0.00000 0.00000 1.60749 1.60749 1.60749 1.60749 1.60749 1.60749 1.60749 1.60749 1.60749 1.60749 1.60749 1.60749 1.60749 1.60749 1.60749 1.60749 1.60749 1.60749 1.60749 0.00000 0.00000 0.00000 0.00000 0.00000 0.00000 0.00000 0.00000 0.00000 0.00000 0.00000 0.00000 0.00000 0.00000 0.00000 0.00000 0.00000 0.00000 0.00000 0.00000 0.00000 0.00000 0.00000 0.00000 0.00000 0.00000 0.00000 0.00000 0.00000 0.00000 0.00000 0.00000 0.00000 0.00000 0.00000 0.00000 0.00000 0.00000 0.00000 3.59264 3.59264
0.00000 0.00000 0.00000 0.00000 0.00000 0.00000 0.00000 1.60749 1.60749 1.60749 1.60749 1.60749 1.60749 1.60749 1.60749 1.60749 1.60749 1.60749 1.60749 1.60749 1.60749 0.00000 0.00000 0.00000 0.00000 0.00000 0.00000 0.00000 0.00000 0.00000 0.00000 0.00000 0.00000 0.00000 0.00000 0.00000 0.00000 0.00000 0.00000 0.00000 0.00000 0.00000 0.00000 0.00000 0.00000 0.00000 0.00000 0.00000 0.00000 0.00000 0.00000 0.00000 0.00000 0.00000 0.00000 0.00000 0.00000 0.00000 0.00000 0.00000 0.00000 0.00000 0.00000 0.00000 0.00000 3.59264 3.59264
0.00000 0.00000 0.00000 0.00000 0.00000 0.00000 0.00000 0.00000 1.60749 1.60749 1.60749 1.60749 1.60749 1.60749 1.60749 1.60749 1.60749 0.00000 0.00000 0.00000 0.00000 0.00000 0.00000 0.00000 0.00000 0.00000 0.00000 0.00000 0.00000 0.00000 0.00000 0.00000 0.00000 0.00000 0.00000 0.00000 0.00000 0.00000 0.00000 0.00000 3.45524 3.45524 3.45524 0.00000 0.00000 0.00000 1.89833 1.89833 0.00000 0.00000 0.00000 0.00000 0.00000 0.00000 0.00000 0.00000 0.00000 0.00000 0.00000 0.00000 0.00000 0.00000 0.00000 0.00000 0.00000 0.00000 3.59264
