High_resolution/powerplant/Chizhou/OMI_NO2_2007_06-08.asc
ncols      200
nrows      200
xllcorner       115.585
yllcorner       28.7700
cellsize     0.0166667
NODATA_Value      -999.000
[rows 0 to 28 of 165, columns 0 to 66 of 200]
0.840514 0.824268 0.924087 0.965029 0.999945 1.94940 2.01882 2.06798 2.25440 2.48131 2.72597 2.85579 2.91552 2.93575 2.91872 2.88492 2.86021 2.87500 2.91129 2.85099 2.84126 2.95585 3.30605 3.35052 1.84164 1.70979 1.53571 2.25444 2.29393 2.23137 2.09163 0.967184 2.24845 2.15837 2.20815 2.19535 2.25428 2.36269 2.01205 2.02123 2.08068 2.08813 2.07591 2.14676 2.09545 1.97476 1.98393 1.96031 2.00924 1.96372 1.72830 1.60390 1.67646 1.87055 1.05682 1.06732 1.09739 1.12859 1.32229 1.29461 1.25243 1.27442 1.23400 1.18066 1.15211 1.11214 2.86099
0.993293 1.01300 1.10189 1.14755 1.06326 2.04171 2.08055 2.08263 2.23162 2.52616 2.70331 2.77175 2.89057 2.84645 2.84687 2.74506 2.73671 2.78031 2.83456 2.77423 2.75465 2.77743 2.99663 3.07200 2.89029 2.75087 2.58680 2.42777 2.52030 2.38128 2.32757 2.56586 2.44502 2.32785 2.39639 2.36732 2.44685 2.58721 2.21469 2.17287 2.23074 2.26802 2.22387 2.30155 2.31202 2.30047 2.29829 2.29617 2.32043 2.29636 2.16268 1.90242 1.90377 2.04854 1.19512 1.13108 1.14859 1.16030 1.20560 2.53610 2.44475 2.36113 2.37544 2.44601 2.39131 2.40171 2.45239
1.14532 1.14615 1.18238 1.24564 1.17693 1.17555 2.04505 2.04477 2.17742 2.41508 2.60540 2.69495 2.89041 2.81926 2.78326 2.67146 2.65127 2.68788 2.73744 2.67943 2.68530 2.72500 2.85735 3.04278 2.95306 2.74435 2.51719 2.33193 2.30884 2.28256 2.32216 2.65204 2.58769 2.49432 2.55117 2.52554 2.58007 2.70164 2.37212 2.26926 2.29128 2.34774 2.33990 2.41749 2.34653 2.28625 2.32570 2.29500 2.30733 2.30602 2.24456 1.89732 1.81502 1.81732 2.37520 2.48051 2.42990 2.43275 2.46731 2.48595 2.44134 2.37788 2.34740 2.42814 2.44834 2.58118 2.69773
1.16207 1.16207 1.19233 1.24369 1.18935 1.18954 2.02828 2.04949 2.14612 2.33107 2.57696 2.60356 2.70470 2.68211 2.72104 2.65335 2.66105 2.71146 2.76129 2.69613 2.64058 2.60127 2.62471 2.68189 2.66877 2.62908 2.54968 2.51979 2.46706 2.47265 2.42964 2.83841 2.80723 2.77311 2.79811 2.76045 2.85867 2.96296 2.72685 2.49496 2.47546 2.52023 2.50124 2.54459 2.41675 2.22149 2.22576 2.16701 2.11434 2.07266 1.99398 1.53926 1.25618 1.49111 2.30324 2.54994 2.50953 2.52561 2.55332 2.67442 2.69492 2.68773 2.71041 2.80678 2.78822 2.91100 2.95395
1.11620 1.14053 1.19780 1.24540 1.21687 1.23683 2.15170 2.15362 2.17578 2.31737 2.57619 2.65115 2.72044 2.72641 2.76413 2.66939 2.61595 2.60051 2.57897 2.48408 2.46819 2.47001 2.51273 2.57787 2.66405 2.70204 2.66056 2.61548 2.49472 2.50586 2.43496 2.71618 2.78656 2.77569 2.76586 2.72256 2.81338 2.96338 2.89090 2.36387 2.29922 2.28304 2.22610 2.22842 2.19027 1.98414 2.05192 2.04220 2.02304 2.06731 2.07861 2.09750 2.15907 2.18975 2.33401 2.61375 2.57669 2.60620 2.61195 2.83126 2.80940 2.74199 2.73787 2.85304 2.85002 2.92900 2.98466
1.31856 1.32385 1.35343 1.36584 1.32031 1.32344 2.18602 2.23777 2.24919 2.33812 2.52613 2.58583 2.57107 2.49230 2.45235 2.36147 2.36726 2.37719 2.39103 2.35282 2.34954 2.36198 2.42235 2.47782 2.59441 2.62109 2.62632 2.58039 2.47347 2.48350 2.41963 2.55569 2.72620 2.73444 2.68861 2.65683 2.73645 2.86896 2.82183 2.24050 2.13329 2.14278 2.15414 2.19789 2.26315 2.07146 2.16824 2.21956 2.24696 2.26236 2.25363 2.26698 2.24151 2.25274 2.25665 2.68480 2.63656 2.65970 2.63316 2.81508 2.82740 2.77444 2.75501 2.84205 2.88560 2.94407 3.02448
1.24779 2.44081 2.41442 2.41606 2.47637 2.47644 2.54300 2.45946 2.54484 2.65918 2.66436 2.38857 2.38432 2.33674 2.34938 2.31834 2.34281 2.37017 2.40442 2.36970 2.38852 2.40311 2.44887 2.47324 2.63526 2.67383 2.69336 2.62617 2.57083 2.53027 2.50343 2.53770 2.85857 2.87370 2.83833 2.78929 2.85636 2.92815 2.90065 2.48037 2.29236 2.38907 2.47650 2.58149 2.51965 2.31232 2.26837 2.26151 2.24617 2.24555 2.22674 2.24243 2.22445 2.23301 2.14974 2.61847 2.61011 2.60856 2.58377 2.70111 2.79894 2.77366 2.78315 2.81275 2.84785 2.87930 2.98548
2.52879 2.52879 2.51117 2.60547 2.79415 2.86197 2.95372 2.92170 2.82640 2.79489 2.78602 2.38557 2.36362 2.27147 2.28136 2.28009 2.30608 2.33454 2.36527 2.33401 2.35500 2.35952 2.39338 2.40272 2.57284 2.58113 2.63422 2.58096 2.53509 2.46816 2.52185 2.49385 2.76082 2.91398 2.94200 2.93776 3.09739 3.28590 3.38259 3.15952 2.64129 2.65688 2.60939 2.60621 2.54849 2.37654 2.27358 2.28110 2.26723 2.26228 2.24310 2.25631 2.23385 2.23276 2.18501 2.48418 2.61892 2.65996 2.63780 2.65887 2.81082 2.79021 2.80953 2.83905 2.88377 2.93601 3.06953
2.81040 2.86700 2.85709 2.85572 2.96705 2.96231 3.05274 3.05154 2.89039 2.86266 2.86186 2.53826 2.41071 2.31544 2.34226 2.33210 2.37766 2.38231 2.41248 2.39126 2.40935 2.41481 2.44536 2.44318 2.55917 2.60731 2.63300 2.65615 2.64874 2.63279 2.75450 2.98704 3.35697 3.41932 3.48234 3.36283 3.40721 3.48984 3.48984 3.48265 2.62516 2.62433 2.59559 2.56626 2.57868 2.45732 2.29899 2.29289 2.27680 2.26040 2.24435 2.25865 2.24689 2.22383 2.22288 2.33048 2.55878 2.57104 2.56143 2.51284 2.74266 2.76579 2.77794 2.80957 2.85402 2.87580 2.95226
2.89221 2.88999 2.90265 2.90259 3.01151 3.01830 3.10510 3.14270 2.98101 2.93793 2.96253 2.75274 2.44678 2.36613 2.40022 2.37022 2.43157 2.42291 2.41410 2.41939 2.43636 2.42283 2.43379 2.38480 2.46007 2.59034 2.62973 3.02299 3.43757 3.76090 4.17874 4.30553 4.24386 3.63060 3.63488 3.47706 3.48870 3.48858 3.47826 3.50612 2.78529 2.66127 2.65352 2.61595 2.66687 2.58382 2.42847 2.39597 2.39370 2.41241 2.40851 2.44507 2.44768 2.44862 2.41448 2.37172 2.50923 2.47772 2.41548 2.32144 2.51283 2.62728 2.62076 2.66621 2.77911 2.81764 2.80906
2.79198 2.79416 2.81444 2.81444 2.86991 2.88052 2.92924 2.95408 2.94551 2.84286 2.86066 2.77288 2.39794 2.29682 2.30837 2.29349 2.35798 2.35703 2.35626 2.37270 2.40634 2.42239 2.50462 2.68991 2.99751 3.92432 4.14045 4.25186 4.31801 4.22440 4.30727 4.33325 4.30939 3.73168 3.55131 3.45368 3.39361 3.39018 3.32519 3.30177 2.93606 2.71953 2.75405 2.72689 2.73140 2.64588 2.57319 2.52915 2.52168 2.54185 2.53098 2.57011 2.58449 2.59614 2.56819 2.53968 2.45424 2.47918 2.45395 2.36529 2.46838 2.57710 2.54730 2.54063 2.58518 2.60965 2.58075
2.83737 2.83629 2.85227 2.84690 2.89012 2.90903 2.95496 2.95173 2.95074 2.76057 2.77577 2.68625 2.42453 2.19897 2.25093 2.23454 2.28355 2.27200 2.34708 2.54728 2.78798 3.01095 3.22231 3.15668 3.13703 3.82805 3.58193 3.64734 3.56286 3.44893 3.49485 3.52778 3.57703 3.40231 3.25905 3.23796 3.18153 3.20539 3.16752 3.16506 3.03298 2.71693 2.79785 2.77778 2.77279 2.76198 2.68506 2.62599 2.60530 2.64146 2.61988 2.65423 2.69631 2.71649 2.64541 2.71022 2.70277 2.76378 2.81315 2.75608 2.70125 2.40352 2.39698 2.40719 2.46548 2.52119 2.53057
2.82733 2.80445 2.81216 2.79697 2.83693 2.86375 2.92309 2.90584 2.86380 2.50815 2.53262 2.43673 2.24692 1.93085 2.13729 2.42515 2.70534 2.93672 3.06311 3.14536 3.32412 3.35388 3.37581 3.30167 3.21993 3.24418 3.13190 3.31469 3.28306 3.36962 3.44410 3.52655 3.58835 3.49838 3.26952 3.29121 3.20757 3.20609 3.18093 3.16841 3.13569 2.80806 2.88795 2.87506 2.81984 2.85911 2.75015 2.73872 2.75922 2.87657 2.94440 3.04293 3.10144 3.17145 3.01145 2.99359 2.93388 2.89942 2.90659 2.79906 2.73164 2.45778 2.39687 2.40491 2.45769 2.51871 2.53363
2.85651 2.82066 2.88011 2.86686 2.93749 2.94549 3.02988 2.96933 2.88596 2.68311 2.63146 2.40266 2.20125 2.77483 3.03997 3.17404 3.29051 3.30527 3.35522 3.40160 3.48952 3.44415 3.34064 3.34064 3.21486 3.31121 3.19855 3.31033 3.30511 3.48049 3.49730 3.56976 3.62230 3.58878 3.33581 3.29382 3.22893 3.21007 3.20425 3.18640 3.20466 2.91694 2.89800 2.93178 2.86151 2.93722 3.18168 3.27580 3.18086 3.16445 3.15387 3.17349 3.17398 3.19157 3.07110 3.00215 2.96431 2.91803 2.91607 2.84917 2.76374 2.55636 2.39598 2.39921 2.44492 2.50194 2.53038
2.51936 2.44372 2.52723 2.47380 2.46952 2.43012 2.36787 2.15836 1.93415 2.03331 2.15012 2.07075 2.02298 2.50250 2.92138 3.02667 3.16964 3.17355 3.24170 3.25153 3.31557 3.27120 3.18163 3.29214 3.12687 3.26437 3.11133 3.16552 3.22512 3.45909 3.41324 3.48840 3.55782 3.56164 3.43477 3.29169 3.24708 3.13169 3.11708 3.10779 3.16375 2.98611 2.84983 2.88728 2.82281 2.84780 3.12950 3.23836 3.17489 3.12923 3.13495 3.17237 3.17237 3.18889 3.12936 3.00025 2.98699 2.91789 2.91697 2.87766 2.77477 2.66211 2.39377 2.41115 2.45050 2.51107 2.55127
2.43914 2.37481 2.28292 2.07336 1.90010 1.70707 1.74453 1.74835 1.74741 1.93402 2.24685 2.19282 2.13611 2.40018 3.07222 3.13046 3.28048 3.27155 3.30283 3.28383 3.30917 3.29105 3.13572 3.20503 3.06339 3.13317 2.97143 3.00517 3.06451 3.25940 3.28802 3.21576 3.24301 3.22801 3.08799 2.94140 2.99471 3.27125 3.28060 3.24295 3.25533 3.16462 2.83028 2.90290 2.86144 2.84389 3.05993 3.24125 3.21552 3.13968 3.14898 3.21450 3.22268 3.24622 3.24884 3.09264 3.08820 3.03136 3.01745 3.01277 2.91854 2.91713 2.55487 2.56511 2.57261 2.58959 2.64162
1.84302 1.68277 1.68460 1.68667 1.70096 1.70161 1.74996 1.76058 1.76151 1.81099 2.25338 2.20359 2.14684 2.06308 2.66349 2.74258 2.94114 3.01641 3.05304 3.05743 3.10087 3.11595 2.98206 3.05097 2.97001 3.02620 2.94346 2.94520 3.03990 3.09962 3.02506 2.80197 2.70705 2.62710 2.63699 2.82256 2.85853 3.17859 3.19308 3.12423 3.13672 3.11235 2.75068 2.79311 2.83757 2.87217 3.02747 3.27714 3.29747 3.18028 3.17591 3.24122 3.23429 3.25173 3.24959 3.13274 3.06630 3.05599 3.00213 3.01539 2.96003 2.98339 2.77194 2.71970 2.70307 2.68126 2.70980
1.66235 1.66875 1.67256 1.67357 1.68195 1.68226 1.73080 1.75656 1.75709 1.69287 2.18121 2.15467 2.12417 2.04866 2.50635 2.77870 2.94460 3.09993 3.15055 3.19210 3.22214 3.22090 3.10840 3.15572 3.05463 3.02980 2.80610 2.65741 2.62931 2.58403 2.56841 2.51256 2.50493 2.52630 2.57927 2.70133 2.75477 2.98597 3.06711 2.98876 2.96681 2.94680 2.64960 2.62480 2.68781 2.76355 2.83654 3.14557 3.25997 3.14150 3.11886 3.20851 3.25890 3.31982 3.35124 3.31805 3.21337 3.26134 3.15481 3.12623 3.02232 2.96345 2.84467 2.73524 2.74168 2.73626 2.79829
1.66415 1.67587 1.67474 1.67448 1.68229 1.68262 1.71412 1.77025 1.78212 1.73223 2.03138 2.13674 2.12044 2.07003 2.29168 2.72747 2.82159 3.03504 3.07487 3.11453 3.15026 3.07977 2.86179 2.81454 2.57959 2.51486 2.42133 2.39786 2.39659 2.40905 2.38503 2.33406 2.30253 2.35218 2.38758 2.43127 2.54916 2.62789 2.81830 2.80807 2.79796 2.77977 2.59497 2.49634 2.62422 2.75074 2.86793 3.19283 3.51326 3.50379 3.51397 3.62723 3.64993 3.63034 3.59612 3.51940 3.23657 3.18573 2.99517 2.95647 2.91983 2.85796 2.86351 2.79548 2.78639 2.76462 2.81879
1.66897 1.70915 1.71643 1.72384 1.74138 1.75318 1.76699 1.80875 1.81996 1.80534 1.96327 2.17775 2.20028 2.19716 2.22131 2.80302 2.88204 3.04490 2.99236 2.85199 2.68957 2.63332 2.56791 2.57674 2.49320 2.51197 2.43045 2.36782 2.35885 2.36134 2.34348 2.32374 2.25649 2.31264 2.37087 2.37653 2.54557 2.61537 2.82861 2.84792 2.83983 2.82570 2.76786 2.81538 2.96374 3.00843 3.12133 3.34847 3.67762 3.64913 3.53983 3.53299 3.47392 3.39919 3.34683 3.34015 3.14465 3.09040 3.01401 2.95113 2.93951 2.82396 2.84407 2.80386 2.78961 2.76868 2.81057
1.74139 1.77883 1.77197 1.76704 1.77437 1.77801 1.78964 1.81228 1.82654 1.84643 1.97604 2.24384 2.27037 2.31108 2.29078 2.53181 2.59026 2.65354 2.67917 2.67233 2.64821 2.60899 2.54992 2.58930 2.49949 2.51457 2.44551 2.39319 2.37191 2.35591 2.33058 2.30031 2.23637 2.25986 2.32535 2.33603 2.45643 2.55196 2.83692 2.89398 2.82292 2.80485 2.74527 2.74471 2.92550 2.93615 3.01371 3.09187 3.37301 3.34143 3.29947 3.33115 3.35018 3.34063 3.33771 3.32919 3.21712 3.09578 3.05937 2.94844 2.95209 2.83469 2.82681 2.80322 2.76816 2.74275 2.74464
1.72047 1.84323 1.86450 1.87711 1.91385 1.94281 1.98288 2.02045 2.08037 2.13383 2.18519 2.35036 2.44359 2.45301 2.37681 2.40470 2.56564 2.63390 2.67187 2.66257 2.63543 2.63282 2.57564 2.62492 2.50511 2.50242 2.45102 2.40609 2.32012 2.30812 2.28280 2.27364 2.21979 2.20539 2.28167 2.30266 2.35193 2.44758 2.74219 2.82584 2.79100 2.73608 2.64961 2.60973 2.71008 2.69435 2.83871 2.92758 3.24893 3.38060 3.35625 3.36707 3.34691 3.32868 3.32152 3.30917 3.26752 3.08911 3.07675 2.94564 2.92446 2.84621 2.79217 2.78311 2.72399 2.70845 2.69419
1.86570 2.04742 2.06981 2.05339 2.09409 2.16624 2.25412 2.30004 2.35458 2.33179 2.31458 2.39055 2.47007 2.46791 2.39960 2.35456 2.51471 2.57771 2.60741 2.58038 2.54788 2.54106 2.48506 2.53993 2.40076 2.41808 2.37605 2.37083 2.31880 2.34652 2.33274 2.32794 2.39912 2.37086 2.46160 2.46745 2.44814 2.58468 2.57508 2.60149 2.56563 2.53394 2.50435 2.50431 2.56932 2.58699 2.74059 2.79661 3.04651 3.28399 3.26086 3.26134 3.24319 3.22990 3.22137 3.20535 3.19307 3.07013 3.03808 2.95441 2.88760 2.85601 2.77086 2.73337 2.64315 2.64210 2.64950
2.06915 2.21837 2.32078 2.37177 2.43399 2.43741 2.44403 2.41086 2.41480 2.38014 2.35551 2.39293 2.52340 2.51887 2.48175 2.46439 2.65888 2.75119 2.81011 2.81035 2.76905 2.77837 2.72121 2.78975 2.64961 2.66947 2.65171 2.63522 2.46699 2.47074 2.44459 2.40902 2.45948 2.42981 2.42577 2.32281 2.21015 2.39704 2.48554 2.51619 2.57557 2.57951 2.57314 2.56004 2.61369 2.67030 2.74285 2.75908 2.99394 3.32117 3.29898 3.19071 3.18355 3.16468 3.15960 3.15362 3.14846 3.08623 3.01956 2.98235 2.86234 2.86556 2.78958 2.74847 2.60295 2.54769 2.55061
2.32457 2.39257 2.42450 2.39923 2.41822 2.41658 2.41052 2.36538 2.37266 2.33282 2.31463 2.32706 2.52147 2.52147 2.51293 2.51859 2.64370 2.83940 2.89721 2.88460 2.85049 2.84157 2.75662 2.76121 2.65301 2.62693 2.60621 2.57553 2.37916 2.28858 2.20002 2.10415 2.09205 2.15951 2.26009 2.26201 2.25113 2.36383 2.53234 2.52587 2.64587 2.63849 2.61824 2.59268 2.61374 2.75999 2.79733 2.81374 2.96809 3.33569 3.34224 3.20931 3.20304 3.17186 3.16804 3.15581 3.14392 3.12296 3.00324 2.96706 2.74465 2.70491 2.68391 2.70440 2.64147 2.64217 2.66011
2.33567 2.36003 2.39467 2.36819 2.35715 2.35739 2.35962 2.31961 2.31978 2.29132 2.26762 2.23540 2.42422 2.42836 2.42329 2.42281 2.48931 2.74497 2.72693 2.68274 2.57731 2.56520 2.57275 2.60246 2.44253 2.31555 2.24156 2.16143 2.04538 2.02706 2.05902 2.05924 2.07532 2.12676 2.19539 2.18242 2.15407 2.15898 2.40526 2.39080 2.50989 2.52659 2.52288 2.52288 2.54418 2.78692 2.84291 2.85826 2.90019 3.23364 3.32083 3.22047 3.19286 3.16342 3.15513 3.13290 3.10667 3.10088 2.95395 2.95188 2.80182 2.90137 2.83693 2.79558 2.69016 2.57197 2.55067
2.35207 2.37608 2.40451 2.38319 2.37230 2.32845 2.33504 2.30165 2.29442 2.26573 2.24460 2.24990 2.41530 2.46344 2.46755 2.47711 2.51585 2.72510 2.65326 2.61099 2.43541 2.30332 2.24715 2.16485 2.07003 2.07872 2.11740 2.11799 2.01541 1.84845 1.85549 1.83867 1.85812 1.89571 1.98768 2.02787 2.03055 2.03387 2.29040 2.40693 2.46247 2.55489 2.56181 2.56310 2.57483 2.77664 2.87877 2.89253 2.88646 3.11311 3.25697 3.18370 3.11985 3.08315 3.03804 2.99975 2.97157 2.98727 2.93326 2.92141 2.72747 2.84120 2.80028 2.74617 2.69481 2.55696 2.55076
2.31630 2.33922 2.35191 2.33400 2.32663 2.28788 2.30637 2.27756 2.27754 2.25611 2.25044 2.24739 2.37021 2.45243 2.47672 2.49382 2.54639 2.57115 2.39450 2.20349 2.05359 2.04831 2.06582 2.08437 2.04583 2.05806 2.12396 2.11057 2.03507 1.76777 1.79489 1.80664 1.82041 1.83361 1.95773 2.04352 2.04524 2.05368 2.20007 2.40728 2.40115 2.56971 2.57007 2.55424 2.55350 2.66232 2.83955 2.83817 2.80581 2.91875 3.12037 3.03956 2.98239 2.91207 2.90396 2.88291 2.90729 2.93200 2.91586 2.89476 2.71695 2.82694 2.80249 2.73665 2.68621 2.55169 2.51529
2.35063 2.37597 2.37352 2.37714 2.35841 2.30451 2.30833 2.26278 2.24604 2.20672 2.18641 2.15626 2.25800 2.47782 2.51482 2.53084 2.63369 2.55335 2.35264 2.28340 2.18477 2.19304 2.22677 2.17333 2.13604 2.12258 2.14029 2.10958 2.07742 1.75504 1.73220 1.74234 1.76018 1.78291 1.92106 2.06086 2.05312 2.04555 2.07502 2.35018 2.32398 2.47380 2.49132 2.46030 2.44080 2.48689 2.75018 2.78806 2.78943 2.86239 3.09653 3.05704 3.02180 2.94991 2.93385 2.91397 2.91531 2.92775 2.90451 2.88013 2.74903 2.74600 2.78414 2.72243 2.65745 2.54949 2.46532
