High_resolution/powerplant/Chizhou/OMI_NO2_201009.asc
ncols      200
nrows      200
xllcorner       115.585
yllcorner       28.7700
cellsize     0.0166667
NODATA_Value      -999.000
[rows 26 to 51 of 169, columns 58 to 115 of 200]
3.35588 3.35588 3.35588 3.35593 3.41377 3.52197 3.63111 3.73945 3.42572 2.71249 2.71249 2.71249 2.71249 2.71249 2.71249 2.71249 2.71249 2.71249 2.71249 2.71249 2.71249 2.71249 2.71249 2.71249 2.71249 2.71258 2.71278 2.71278 2.71278 2.71278 2.71278 2.71278 2.71278 2.71278 4.04906 6.20963 6.20963 6.20963 6.20963 6.20963 6.20963 6.20963 6.39818 6.47826 6.43582 6.38874 6.34161 6.29458 6.21511 5.96071 5.69109 5.42147 5.18507 5.14916 5.14916 5.14916 5.14916 5.14783
3.51980 3.62860 3.73729 3.84570 3.89688 3.89688 3.89688 3.89688 3.78955 2.72066 2.71249 2.71249 2.71249 2.71249 2.71249 2.71249 2.71249 2.71249 2.71249 2.71249 2.71249 2.71249 2.71249 2.71249 2.71249 2.71250 2.71277 2.71278 2.71278 2.71278 2.71278 2.71278 2.71278 2.71278 2.76966 6.02810 6.20963 6.20963 6.21530 6.22924 6.24323 6.25724 6.27109 6.23222 6.19269 5.95801 5.68839 5.41877 5.18280 5.14916 5.14916 5.14916 5.14916 5.14916 5.14916 5.14916 5.14916 5.14916
3.89688 3.89688 3.89688 3.89688 3.89688 3.89688 3.89688 3.89688 3.89688 2.96301 2.71249 2.71249 2.71249 2.71249 2.71249 2.71249 2.71249 2.71249 2.71249 2.71249 2.71249 2.71249 2.71249 2.71249 2.71249 2.71249 2.71270 2.71278 2.71278 2.71278 2.71278 2.71278 2.71342 2.73275 2.76075 5.33563 6.26163 6.27563 6.28396 6.28403 6.24758 6.01075 5.73601 5.41636 5.18151 5.14916 5.14916 5.14916 5.14916 5.14916 5.14916 5.14916 5.14916 5.14916 5.14916 5.14916 5.14916 5.14916
3.89688 3.89688 3.89688 3.89688 3.89688 3.89688 3.89688 3.89688 3.89688 3.31280 2.71249 2.71249 2.71249 2.71249 2.71249 2.71249 2.71249 2.71249 2.71249 2.71249 2.71249 2.71249 2.71249 2.71249 2.71249 2.71249 2.71262 2.71665 2.74152 2.76951 2.79753 2.82554 2.85290 2.86158 2.86158 4.25628 6.24618 6.00697 5.73940 5.46978 5.23662 5.20556 5.20556 5.15953 5.14916 5.14916 5.32865 6.03533 5.27292 5.14916 5.14916 5.14916 5.14916 5.14916 5.14916 5.14916 5.14916 5.14916
3.89688 3.89688 3.89688 3.89688 3.89688 3.89688 3.89688 3.89688 3.89688 3.66259 2.71249 2.71249 2.71249 2.71249 2.71249 2.71249 2.71249 2.71249 2.71249 2.71249 2.71249 2.71249 2.70262 2.66364 2.62288 2.58206 2.58856 2.85844 2.86158 2.86158 2.86158 2.86158 2.86158 2.86158 2.86158 2.94093 5.13500 5.20556 5.20556 5.20556 5.20556 5.22118 5.75939 6.40953 6.95129 7.42713 7.75314 7.77689 6.16486 5.14916 5.14916 5.14916 5.14916 5.14916 5.14916 5.14916 5.14916 5.14916
3.89688 3.89688 3.89688 3.89688 3.89688 3.89688 3.89688 3.89688 3.89688 3.89179 2.83272 2.71249 2.71249 2.71249 2.71249 2.71249 2.71249 2.69798 2.65768 2.61690 2.57608 2.53528 2.50437 2.50250 2.50250 2.50250 2.50275 2.81621 2.86158 2.86158 2.86158 2.86158 2.86158 2.86158 2.86158 2.86158 4.62923 5.43020 6.14105 6.75006 7.26017 7.68637 7.81449 7.80557 7.77689 7.77689 7.77689 7.77689 6.97139 5.14916 5.14916 5.14916 5.14916 5.14916 5.14916 5.14916 5.14916 5.16145
3.89688 3.89688 3.89688 3.89688 3.89688 3.89688 3.89688 3.89688 3.89688 3.89688 3.17760 2.71249 2.69250 2.65170 2.61087 2.57011 2.52927 2.50300 2.50250 2.50250 2.50250 2.50250 2.50250 2.50250 2.50250 2.50250 2.50250 2.71190 2.86158 2.86158 2.86158 2.86158 2.94530 4.34384 5.71894 6.71864 7.48744 7.80089 7.81449 7.81449 7.81449 7.81449 7.81449 7.81410 7.77940 7.77689 7.77689 7.77689 7.59736 5.17195 5.14916 5.14916 5.19537 5.29349 5.39155 5.43566 5.26190 4.99236
3.89688 3.89688 3.89688 3.89688 3.89688 3.89688 3.89688 3.78062 3.55918 3.33773 2.93725 2.52329 2.50250 2.50250 2.50250 2.50250 2.50250 2.50250 2.50250 2.50250 2.50250 2.50250 2.50250 2.50250 2.50250 2.50250 2.50250 2.60736 2.86158 3.00299 6.29094 7.15364 7.79509 7.94697 7.94697 7.94697 7.94269 7.82038 7.81449 7.81449 7.81449 7.81449 7.81449 7.81449 7.78972 7.77689 7.78323 7.83844 7.90385 6.16590 5.53588 5.57927 5.36984 4.99853 4.47550 3.87843 3.82227 3.82227
3.89688 3.89688 3.78362 3.56139 3.33995 3.11850 2.89595 2.78966 2.78966 2.78966 2.77628 2.51057 2.50250 2.50250 2.50250 2.50250 2.50250 2.50250 2.50250 2.50250 2.50250 2.50250 2.50250 2.50250 2.50250 2.50250 2.50250 2.51571 2.84868 2.86158 7.43880 7.94697 7.94697 7.94697 7.94697 7.94697 7.94697 7.85154 7.81449 7.81449 7.81449 7.83553 7.89712 7.95991 8.01382 8.06548 8.12453 8.14657 8.19864 7.09870 4.46277 3.87228 3.82227 3.82227 3.82227 3.82227 3.82227 3.82227
3.12072 2.89927 2.78966 2.78966 2.78966 2.78966 2.78966 2.78966 2.78966 2.78966 2.78966 2.58162 2.50250 2.50250 2.50250 2.50250 2.50250 2.50250 2.50250 2.50250 2.50250 2.50250 2.50250 2.50250 2.50250 2.50250 2.50250 2.50250 2.75737 2.86158 6.29541 7.94697 7.94697 7.94697 7.94697 7.94798 8.00776 8.02819 7.98037 8.04282 8.10575 8.14731 8.14832 8.16116 8.21418 8.26621 8.34694 8.42208 8.42732 7.97992 3.82227 3.82227 3.82227 3.82227 3.82227 3.82227 3.82227 3.82227
2.78966 2.78966 2.78966 2.78966 2.78966 2.78966 2.78966 2.78966 2.78966 2.78966 2.78966 2.66594 2.50250 2.50250 2.50250 2.50250 2.50250 2.50250 2.50250 2.50250 2.50250 2.50250 2.50250 2.50250 2.50250 2.50250 2.50250 2.50250 2.65281 2.86158 4.58153 8.03866 8.13255 8.22658 8.32067 8.41351 8.44771 8.43334 8.15832 8.16191 8.21667 8.28424 8.36769 8.44302 8.44771 8.43177 8.42732 8.42732 8.42732 8.30148 4.54066 3.82227 3.82227 3.82227 3.82227 3.82227 3.82227 3.82227
2.78966 2.78966 2.78966 2.78966 2.78966 2.78966 2.78966 2.78966 2.78966 2.78966 2.78966 2.75034 2.50256 2.50250 2.50250 2.50250 2.50250 2.50250 2.50250 2.50250 2.50250 2.50250 2.50250 2.50250 2.50250 2.53623 2.67619 2.82412 3.03203 3.66996 3.87009 8.17805 8.44771 8.44771 8.44771 8.43138 8.37043 8.31842 8.33169 8.44382 8.44771 8.44771 8.44771 8.44771 8.43368 8.03210 7.34009 6.44478 5.21527 3.91887 3.82227 3.82227 3.82227 3.82227 3.82227 3.82227 3.82227 3.82227
2.78966 2.78966 2.78966 2.78966 2.78966 2.78966 2.78966 2.78966 2.78966 2.78966 2.78966 2.78966 2.54757 2.50250 2.50250 2.50250 2.50250 2.50250 2.50250 2.50250 2.55173 2.69708 2.84487 2.99257 3.14051 3.25455 3.26230 3.26230 3.26230 3.76497 3.86304 7.25766 8.37641 8.32327 8.27991 8.25124 8.24931 8.24931 8.29895 8.44771 8.28708 7.69329 6.90969 5.85537 4.41377 3.85422 3.82227 3.82227 3.82227 3.82227 3.82227 3.82227 3.82227 3.82227 3.82227 3.82227 3.82227 3.82227
2.78966 2.78966 2.78966 2.78966 2.78966 2.78966 2.78966 2.78966 2.78966 2.78966 2.78966 2.78966 2.63198 2.50250 2.50250 2.57020 2.71775 2.86553 3.01354 3.16117 3.25980 3.26230 3.26230 3.26230 3.26230 3.26230 3.26230 3.38255 4.16767 5.01558 5.58448 6.71290 8.24931 8.24931 8.24931 8.22994 7.93823 7.50708 6.97946 5.19300 3.90957 3.86304 3.86304 3.86304 3.86304 3.86267 3.82556 3.82227 3.82227 3.82227 3.82227 3.82227 3.82227 3.82227 3.82227 3.85503 3.93568 4.01691
2.78966 2.78966 2.78966 2.78966 2.78966 2.78966 2.78966 2.78966 2.78966 2.78966 2.80254 2.82755 2.84974 3.03413 3.18207 3.26215 3.26230 3.26230 3.26230 3.26230 3.26230 3.26230 3.26230 3.33548 4.08882 4.74262 5.20320 5.51344 5.55742 5.63395 5.85778 5.94181 7.66096 7.23847 6.67361 6.02902 5.85778 5.85778 5.85778 4.82445 3.86304 3.86304 3.86304 3.86304 3.86304 3.86304 3.83695 3.82227 3.82227 3.82810 3.89370 3.97480 4.05612 4.13722 4.21840 4.26692 4.26736 4.26736
2.78966 2.78966 2.78966 2.78966 2.78966 2.80254 2.82755 2.85257 2.87758 2.90259 2.91472 2.91472 2.92161 3.24186 3.26230 3.26230 3.26230 3.26230 3.26230 3.29964 4.00522 4.68642 5.16237 5.49445 5.55742 5.55742 5.55742 5.55742 5.55742 5.56363 5.84076 5.85778 5.85778 5.85778 5.85778 5.85778 5.85778 5.85778 5.85778 5.42376 3.86304 3.86304 3.86304 3.86304 3.89858 4.01024 4.08784 4.09520 4.17634 4.25183 4.26736 4.26736 4.26736 4.26736 4.26736 4.26736 4.26736 4.26736
2.80254 2.82755 2.85257 2.87758 2.90259 2.91472 2.91472 2.91472 2.91472 2.91472 2.91472 2.91472 2.91472 3.14646 3.26230 3.27512 3.91884 4.62770 5.12025 5.47220 5.55742 5.55742 5.55742 5.55742 5.55742 5.55742 5.55742 5.55742 5.55742 5.55742 5.75932 5.85778 5.85778 5.85778 5.85778 5.85778 5.85778 5.85778 5.85812 5.83395 4.14452 4.16133 4.27574 4.39014 4.46894 4.47156 4.45610 4.26957 4.26736 4.26736 4.26736 4.26736 4.26736 4.26736 4.26736 4.26736 4.26736 4.26736
2.91472 2.91472 2.91472 2.91472 2.91472 2.91472 2.91472 2.91472 2.91472 2.91472 2.91472 2.91472 2.91472 3.04427 3.26230 4.54473 5.55742 5.55742 5.55742 5.55742 5.55742 5.55742 5.55742 5.55742 5.55742 5.55742 5.55742 5.55742 5.55742 5.55742 5.67189 5.85778 5.85778 5.86305 5.91094 5.96808 6.02531 6.08251 6.13931 6.16204 5.23911 4.47156 4.47156 4.47156 4.47156 4.47156 4.47156 4.31257 4.26736 4.26736 4.26736 4.26736 4.26736 4.26736 4.26736 4.26736 4.26736 4.26736
2.91472 2.91472 2.91472 2.91472 2.91472 2.91472 2.91472 2.91472 2.91472 2.91472 2.91472 2.91472 2.91472 2.94463 3.25949 3.64402 5.54495 5.55742 5.55742 5.55742 5.55742 5.55742 5.55742 5.55742 5.55742 5.55742 5.55742 5.55742 5.54041 5.46797 5.43000 6.03824 6.10082 6.15279 6.16204 6.16204 6.16204 6.16204 6.08229 5.81211 5.12594 4.47156 4.47156 4.47156 4.47156 4.47156 4.47156 4.37114 4.26736 4.26736 4.26736 4.26736 4.26736 4.26736 4.26736 4.26736 4.26736 4.26736
2.91472 2.91472 2.91472 2.91472 2.91472 2.91472 2.91472 2.91472 2.91472 2.91472 2.91472 2.91472 2.91472 2.91472 3.18716 3.26230 5.23119 5.55742 5.55742 5.55742 5.55742 5.55742 5.55742 5.53183 5.45639 5.37964 5.30285 5.22611 5.16628 5.16201 5.16201 5.96116 6.16204 6.16204 6.10073 5.84292 5.48125 4.96182 4.48234 4.47156 4.47156 4.47156 4.47156 4.47156 4.47156 4.47156 4.47156 4.42955 4.26736 4.26736 4.26736 4.26736 4.26736 4.26736 4.26736 4.26736 4.26736 4.26736
2.91472 2.91472 2.91472 2.91472 2.91472 2.91472 2.91472 2.91472 2.91472 2.91472 2.91472 2.91472 2.91472 2.91472 3.08493 3.26230 4.62634 5.55742 5.52155 5.44480 5.36810 5.29127 5.21456 5.16332 5.16201 5.16201 5.16201 5.16201 5.16201 5.16201 5.08962 5.29668 5.52323 5.02350 4.50072 4.47156 4.47156 4.47156 4.47156 4.47156 4.47156 4.47156 4.47156 4.47156 4.47156 4.47156 4.47156 4.47019 4.28533 4.26736 4.26736 4.26736 4.26736 4.26736 4.26736 4.26736 4.26736 4.26736
2.91472 2.91472 2.91472 2.91472 2.91472 2.91472 2.91472 2.91472 2.91472 2.91472 2.91472 2.91472 2.91469 2.90345 2.92210 2.86049 3.18100 5.19273 5.16205 5.16201 5.16201 5.16201 5.16201 5.16201 5.16201 5.16201 5.11088 4.74803 4.20931 3.44329 2.55936 2.90727 4.47156 4.47156 4.47156 4.47156 4.47156 4.47156 4.47156 4.47156 4.47156 4.47156 4.47156 4.47156 4.47156 4.47156 4.47156 4.47156 4.34238 4.26736 4.26736 4.26736 4.25912 4.10819 3.90457 3.70117 3.49777 3.29426
2.91472 2.91472 2.91472 2.91472 2.91472 2.91472 2.91472 2.91470 2.90365 2.88320 2.86281 2.84249 2.82220 2.81313 2.81173 2.50614 2.47150 4.80447 5.16201 5.16201 5.16201 5.16201 5.12809 4.79286 4.27090 3.53319 2.61296 2.47150 2.47150 2.47150 2.47150 2.48950 4.30797 4.47156 4.47156 4.47156 4.47156 4.47156 4.47156 4.47156 4.47156 4.47156 4.47156 4.47156 4.47156 4.47156 4.47156 4.45087 4.25301 3.80788 3.60448 3.40097 3.20582 3.15347 3.15347 3.15347 3.15347 3.15347
2.91472 2.91472 2.91471 2.90382 2.88333 2.86301 2.84269 2.82240 2.81313 2.81313 2.81313 2.81313 2.81313 2.81313 2.81313 2.60466 2.47150 4.10686 5.14168 4.83659 4.33022 3.62083 2.67846 2.47150 2.47150 2.47150 2.47150 2.47150 2.47150 2.47150 2.47150 2.47150 3.74461 4.47156 4.47156 4.47156 4.47156 4.47156 4.47156 4.47156 4.47156 4.47156 4.42884 4.34755 4.26622 4.18489 4.10356 4.04296 3.97593 3.16446 3.15347 3.15347 3.15347 3.15347 3.15347 3.15347 3.15347 3.15347
2.86322 2.84290 2.82259 2.81313 2.81313 2.81313 2.81313 2.81313 2.81313 2.81313 2.81313 2.81313 2.81313 2.81313 2.81313 2.70463 2.47150 2.71158 2.75396 2.47150 2.47150 2.47150 2.47150 2.47150 2.47150 2.47150 2.47150 2.47150 2.47150 2.47150 2.47150 2.47150 3.16332 4.47156 4.47156 4.47156 4.46698 4.40362 4.32224 4.24095 4.15962 4.07834 4.03964 4.03964 4.03964 4.03964 4.03964 4.03964 4.03964 3.35480 3.15347 3.15347 3.15347 3.15347 3.15347 3.15347 3.15347 3.15347
2.81313 2.81313 2.81313 2.81313 2.81313 2.81313 2.81313 2.81313 2.81313 2.81313 2.81313 2.81313 2.81313 2.81313 2.81313 2.79598 2.48004 2.47150 2.47150 2.47150 2.47150 2.47150 2.47150 2.47150 2.47150 2.47150 2.47150 2.47150 2.47150 2.47150 2.47150 2.47766 2.64749 4.27797 4.21569 4.13436 4.05756 4.03964 4.03964 4.03964 4.03964 4.03964 4.03964 4.03964 4.03964 4.03964 4.03964 4.03964 4.03964 3.60865 3.15347 3.15347 3.15347 3.15347 3.15347 3.15347 3.15347 3.15347
