High_resolution/powerplant/Chizhou/OMI_NO2_201107.asc
ncols      200
nrows      200
xllcorner       115.585
yllcorner       28.7700
cellsize     0.0166667
NODATA_Value      -999.000
[rows 58 to 86 of 200, columns 66 to 131 of 200]
2.16240 2.16240 2.16240 2.16240 2.16240 2.16240 2.16240 2.16240 2.16240 2.16240 2.16240 2.17829 2.60812 2.60812 2.60812 2.60812 2.60812 2.60812 2.60812 2.60812 2.60812 2.60812 2.60812 2.60812 2.60812 2.60812 2.60812 2.60812 2.60927 2.61396 2.61396 2.61396 2.61396 2.61396 2.61396 2.61396 2.61396 2.43464 2.30132 2.30132 2.30132 2.30132 2.30132 2.30132 2.30132 2.53341 2.65773 2.65773 2.65773 2.76813 2.82884 2.79529 2.75685 2.71244 2.66050 2.57476 2.48601 2.37740 2.23152 2.04077 2.27197 4.74561 5.64202 6.16290 6.70395 7.24433
2.16240 2.16240 2.16240 2.16240 2.16240 2.16240 2.16240 2.16240 2.16240 2.16240 2.16240 0.00000 2.60812 2.60812 2.60812 2.60812 2.60812 2.60812 2.60812 2.60812 2.60812 2.60812 2.60812 2.60812 2.60812 2.60812 2.60812 2.60812 2.60815 2.61340 2.61396 2.61396 2.61396 2.61396 2.61396 2.61396 2.61396 2.56196 2.30287 2.30132 2.30132 2.30132 2.30132 2.30132 2.31867 2.47757 2.49874 2.39339 2.25723 2.24197 2.59011 2.51460 2.41488 2.28251 2.09884 1.98867 1.98867 1.98867 2.12295 2.55405 2.99251 6.74401 7.71884 7.73855 7.73855 7.73855
2.16240 2.16240 2.16240 2.16240 2.16240 2.16240 0.00000 0.00000 0.00000 0.00000 0.00000 0.00000 2.60812 2.60812 2.60812 2.60812 2.60812 2.60812 2.60812 2.60812 2.60812 2.60812 2.60812 2.60812 2.60812 2.60812 2.60812 2.60812 2.60812 2.61174 2.61396 2.61396 2.61396 2.61396 2.61396 2.61396 2.61396 2.61396 2.34401 2.34381 2.45148 2.55995 2.66836 2.77671 2.86783 2.83797 2.00086 1.98867 1.98867 1.99003 1.99826 1.98867 1.98867 1.98867 2.13002 2.56165 3.00018 3.44118 3.74489 3.75550 3.75550 6.08785 7.75779 7.73855 7.73855 7.73855
2.16240 0.00000 0.00000 0.00000 0.00000 0.00000 0.00000 0.00000 0.00000 0.00000 0.00000 0.00000 2.60812 2.60812 2.60812 2.60812 2.60812 2.60812 2.60812 2.60812 2.60812 2.60812 2.60812 2.60812 2.60812 2.60812 2.60812 2.60812 2.60812 2.61005 2.61396 2.61396 2.61396 2.61846 2.76654 2.98337 3.20031 3.41702 3.13234 2.87723 2.87797 2.87797 2.87797 2.87797 2.87797 2.87797 2.29211 1.98867 1.98867 1.98867 2.13708 2.56907 3.00901 3.44878 3.74666 3.75550 3.75550 3.75550 3.75550 3.75550 3.75550 4.72738 7.81298 7.73855 7.73855 7.73855
0.00000 0.00000 0.00000 0.00000 0.00000 0.00000 0.00000 0.00000 0.00000 0.00000 0.00000 0.00000 2.60812 2.60812 2.60812 2.60812 2.60812 2.60812 2.60812 2.60812 2.60812 2.60812 2.60812 2.60812 2.60812 2.60812 2.60812 2.60812 2.62608 2.76366 3.04642 3.26939 3.48622 3.69854 3.76728 3.76728 3.76728 3.76728 3.57643 2.87931 2.87797 2.87797 2.87797 2.87797 2.87797 2.87797 2.67919 2.57649 3.01785 3.45620 3.74843 3.75550 3.75550 3.75550 3.75550 3.75550 3.75550 3.75550 3.75550 3.75550 3.75550 3.78714 7.57241 7.73855 7.73855 7.73855
0.00000 0.00000 0.00000 0.00000 0.00000 0.00000 0.00000 0.00000 0.00000 0.00000 0.00000 0.00000 0.00000 2.60812 2.60812 2.60812 2.60812 2.60812 2.60812 2.60812 2.60812 2.60812 2.60812 2.63962 2.78776 2.94697 3.06874 3.11848 3.14195 3.22471 3.68335 3.76728 3.76728 3.76728 3.76728 3.76728 3.76728 3.76728 3.76728 2.97888 2.87797 2.87797 2.95916 3.17613 3.39689 3.61562 3.75746 3.75550 3.75550 3.75550 3.75550 3.75550 3.75550 3.75550 3.75550 3.75550 3.75550 3.75550 3.75550 3.75550 3.75550 3.75550 6.34252 7.74418 8.52549 9.93969
0.00000 0.00000 0.00000 0.00000 0.00000 0.00000 0.00000 0.00000 0.00000 0.00000 0.00000 0.00000 0.00000 2.60812 2.60812 2.60812 2.60812 2.60812 2.65701 2.81237 2.97158 3.07841 3.12487 3.13807 3.07902 3.02633 2.99898 3.00434 3.08254 3.23682 3.74117 3.86790 3.78829 3.76728 3.76728 3.76728 3.76728 3.76728 3.77669 3.43836 3.40060 3.62004 3.75927 3.76139 3.76139 3.76139 3.76135 3.75630 3.75550 3.75550 3.75550 3.75550 3.75550 3.75550 3.75550 3.75550 3.75550 3.75550 3.82058 4.13646 4.39756 4.59748 5.42752 13.1564 15.7277 15.7277
0.00000 0.00000 0.00000 0.00000 0.00000 0.00000 0.00000 0.00000 0.00000 0.00000 0.00000 0.00000 0.00000 2.35416 2.83255 2.99483 3.08685 3.13115 3.13184 3.07030 3.01931 2.99866 2.99866 3.02779 3.11950 3.19774 3.26296 3.31561 3.32727 3.33236 3.70399 3.87589 3.83019 3.76728 3.77481 3.79492 3.80909 3.81927 3.82450 3.81496 3.76139 3.76139 3.76139 3.76139 3.76139 3.76139 3.76139 3.75853 3.75550 3.75550 3.75550 3.75550 3.75573 3.96533 4.27029 4.49904 4.67713 4.81966 4.91945 4.92988 4.92988 4.92988 4.97371 10.9646 15.7277 15.7314
0.00000 0.00000 0.00000 0.00000 0.00000 0.00000 0.00000 0.00000 2.02768 2.02768 2.02768 2.02768 2.02768 2.15649 2.91102 3.01318 2.99866 2.99866 2.99984 3.06585 3.15361 3.22604 3.28685 3.32551 3.32727 3.32727 3.32727 3.32727 3.32727 3.32727 3.55516 3.85979 3.86353 3.81843 3.82436 3.82460 3.82460 3.82460 3.82460 3.82460 3.77215 3.76139 3.76139 3.76139 3.76139 3.76139 3.76139 3.78720 4.12235 4.38695 4.58922 4.74871 4.87801 4.92988 4.92988 4.92988 4.92988 4.92988 4.92988 4.92988 4.92988 5.17288 5.70713 8.39642 15.7616 15.7676
0.00000 0.00000 0.00000 2.02768 2.02768 2.02768 2.02768 2.02768 2.02768 2.02768 2.02768 2.02768 2.02768 2.15265 2.68623 3.10424 3.18511 3.25237 3.30866 3.32727 3.32727 3.32727 3.32727 3.32727 3.32727 3.32727 3.33437 3.37299 3.40992 3.44190 3.56045 3.83263 3.87682 3.82827 3.82460 3.82460 3.82460 3.82460 3.82460 3.82460 3.79254 3.76139 3.78537 3.85301 3.92159 3.99029 4.05888 4.19017 4.92488 4.92988 4.92988 4.92988 4.92988 4.92988 4.92988 4.92988 4.92988 5.18322 5.71855 6.25474 6.79007 7.08348 7.08413 7.11987 14.8857 15.7676
2.02768 2.02768 2.02768 2.02768 2.02768 2.02768 2.02768 2.02768 2.02768 2.02768 2.02768 2.02768 2.02768 2.70115 2.96446 3.32727 3.32727 3.32727 3.32727 3.32727 3.32727 3.32727 3.33218 3.36916 3.40667 3.43905 3.46324 3.46593 3.46593 3.46593 3.48936 3.79856 3.87790 3.84672 3.82460 3.82460 3.82555 3.87030 3.93885 4.00740 4.06449 4.08151 4.12607 4.12699 4.12699 4.12699 4.12699 4.12699 4.76811 4.92988 4.92988 4.92988 4.92988 5.19377 5.72975 6.26551 6.80149 7.08391 7.08413 7.08413 7.08413 7.08413 7.08413 7.08538 12.4670 15.7676
2.02768 2.02768 2.02768 2.02768 2.02768 2.02768 2.02768 2.02768 2.02768 2.02768 2.02768 2.02768 2.02768 2.55648 2.89689 3.29304 3.32727 3.32727 3.33036 3.36529 3.40336 3.43618 3.46198 3.46593 3.46593 3.46593 3.46593 3.46593 3.46593 3.46593 3.46593 3.70583 3.92163 3.96696 4.03007 4.09880 4.16640 4.19020 4.19020 4.19020 4.19015 4.13574 4.12699 4.12699 4.12699 4.12699 4.12699 4.12699 4.53871 5.20455 5.74117 6.27628 6.81269 7.08413 7.08413 7.08413 7.08413 7.08413 7.08413 7.08413 7.08413 7.08413 7.08413 7.08413 10.0167 15.7676
2.02768 2.02768 2.02768 2.02768 2.02768 2.02768 2.02768 2.02768 2.02768 2.02768 2.02768 2.02768 2.02768 2.16505 2.92316 3.16282 3.33167 3.43262 3.46045 3.46593 3.46593 3.46593 3.46593 3.46593 3.46593 3.46593 3.47567 3.52202 3.57198 3.64191 3.75078 3.98256 4.11796 4.12545 4.18908 4.19020 4.19020 4.19020 4.19020 4.19020 4.19020 4.15609 4.12699 4.12699 4.12720 4.41243 4.94948 5.48416 6.20445 7.08413 7.08413 7.08413 7.08413 7.08413 7.08413 7.08413 7.08413 7.08413 7.08413 7.08413 7.08413 7.08413 7.08413 7.08413 7.67852 15.6525
2.02768 2.02768 2.02768 2.02768 2.02768 2.02768 2.02768 2.02768 2.02768 2.02768 2.02768 2.02768 2.02768 2.02768 2.84667 3.02689 3.32727 3.44148 3.46593 3.46593 3.46593 3.48081 3.52940 3.57935 3.65683 3.76780 3.87996 3.96112 4.04784 4.10677 4.09740 4.00479 3.90048 3.79766 4.03041 4.19020 4.19020 4.19020 4.19020 4.19020 4.19020 4.23008 4.96090 5.49494 6.03220 6.28123 6.28123 6.28123 6.29151 7.02792 7.08413 7.08413 7.08413 7.08413 7.08413 7.08413 7.08413 7.08413 7.08413 7.08413 7.08413 7.09673 7.19021 7.29783 7.40732 13.3529
2.02768 2.02768 2.02768 2.02768 2.02768 2.02768 2.02768 2.02768 2.02768 2.02768 2.02768 2.02768 2.02768 2.02768 2.62964 2.91393 3.35029 3.48200 3.58741 3.67234 3.78502 3.89311 3.97302 4.06122 4.10753 4.10753 4.06903 3.95995 3.84926 3.73867 3.63820 3.62013 3.62248 3.63423 3.83617 4.19020 4.19020 4.19302 4.19940 4.20581 4.21221 4.22557 6.05729 6.28123 6.28123 6.28123 6.28123 6.28123 6.28123 6.80909 7.08413 7.08413 7.08413 7.08413 7.08413 7.08413 7.13313 7.24081 7.34849 7.45610 7.56625 7.75624 7.89056 7.99166 8.07717 10.5168
2.02768 2.02768 2.02768 2.02768 2.02768 2.02768 2.02768 2.02768 2.02768 2.02768 2.02768 2.16173 2.48089 2.79374 3.04014 3.41264 3.83860 4.02281 4.07372 4.10753 4.10753 4.10437 4.02565 3.91501 3.80447 3.69378 3.62164 3.62013 3.62013 3.62013 3.62013 3.62013 3.62013 3.63398 3.70158 4.20522 4.21162 4.21521 4.21522 4.21522 4.21522 4.21522 5.40719 6.28123 6.28123 6.28123 6.28123 6.28123 6.28123 6.58055 7.09379 7.18367 7.29129 7.39909 7.50676 7.61444 7.72770 7.85512 7.96188 8.05184 8.12763 8.15138 8.15138 8.15144 8.15620 9.31898
2.02768 2.02768 2.02768 2.02768 2.02768 2.02768 2.16173 2.48089 2.79374 2.92831 2.97601 2.92499 2.77989 2.66736 2.63911 3.17452 4.00675 4.18576 3.98786 3.87017 3.75953 3.65210 3.62013 3.62013 3.62013 3.62013 3.62013 3.62013 3.62013 3.62135 3.62548 3.62975 3.63402 3.64503 3.65091 4.09850 4.21522 4.21522 4.21522 4.21522 4.21522 4.21522 4.74627 6.28123 6.28123 6.39694 6.77875 7.17120 7.56323 7.93026 7.65893 7.65593 7.53118 7.40976 7.76711 8.10593 8.15074 8.15138 8.15138 8.15146 8.15638 8.16526 8.17603 8.18917 8.19507 8.25237
2.02768 2.16173 2.48089 2.79431 2.93054 2.97798 2.92663 2.78028 2.66736 2.63911 2.63911 2.63911 2.63911 2.63911 2.63911 2.75762 3.25536 3.49961 3.56453 3.62013 3.62013 3.62013 3.62013 3.62013 3.62013 3.62107 3.62509 3.62936 3.63363 3.63668 3.63681 3.63681 3.63681 3.64097 3.65091 3.90298 4.21522 4.21522 4.21522 4.21669 4.44727 4.83930 5.26275 7.53005 8.08267 8.35921 8.36986 8.25520 8.06012 7.89871 7.35875 7.18917 7.17850 7.17850 7.52582 8.15149 8.15659 8.16551 8.17629 8.18953 8.19507 8.19507 8.19507 8.19507 8.19507 8.19507
2.97798 2.92663 2.78118 2.66815 2.63911 2.63911 2.63911 2.63911 2.63911 2.63911 2.63911 2.63911 2.63911 2.63911 2.63911 2.62797 2.88054 3.44684 3.51644 3.62010 3.62013 3.62083 3.62471 3.62897 3.63324 3.63657 3.63681 3.63681 3.63681 3.63681 3.63681 3.63681 3.63681 3.63737 3.67273 4.01080 4.96629 5.35875 5.75099 6.14177 6.30385 6.30385 6.30199 7.43608 7.96889 7.82222 7.69788 7.64297 7.64297 7.64297 7.40130 7.17702 7.12365 7.03315 7.01237 8.16962 8.19507 8.19507 8.19507 8.19507 8.19507 8.19507 8.19507 8.19507 8.19507 8.19507
2.61645 2.63911 2.63911 2.63911 2.63911 2.63911 2.63911 2.63911 2.63911 2.63911 2.63911 2.63911 2.63911 2.63911 2.63911 2.63880 2.75098 3.32804 3.48923 3.61072 3.63285 3.63642 3.63681 3.63681 3.63681 3.63681 3.63681 3.63681 3.63681 3.64584 3.69403 3.74676 3.79947 3.85223 4.69672 5.05481 6.16769 6.30380 6.29686 6.28677 6.27841 6.27137 6.26620 6.67561 7.64297 7.64297 7.64297 7.64204 7.61600 7.57256 7.37825 6.78598 6.73576 6.73576 6.73576 7.84059 8.19507 8.19507 8.19507 8.19507 8.19507 8.19507 8.19507 8.19507 8.19507 8.19507
2.51966 2.63911 2.63911 2.63911 2.63911 2.63911 2.63911 2.63911 2.63911 2.63911 2.63911 2.63911 2.63911 2.63911 2.63911 2.63911 2.65175 3.20459 3.48923 3.57754 3.63681 3.63681 3.63681 3.63681 3.65139 3.70241 3.75508 3.80779 3.86055 3.90423 3.90877 3.90877 3.90877 3.91813 4.46543 5.17155 5.86872 6.26802 6.26562 6.26562 6.26562 6.26562 6.26562 6.31020 7.54869 7.57156 7.51862 7.45502 7.43245 7.43245 7.42144 6.77967 6.73576 6.73576 6.73576 7.40352 8.19507 8.19507 8.19507 8.19507 8.19507 8.19507 8.19507 8.19507 8.18809 8.10604
2.41725 2.63911 2.63911 2.63911 2.63911 2.63911 2.63911 2.63911 2.63911 2.63911 2.63911 2.63911 2.63911 2.63911 2.63911 2.63911 2.62441 2.96977 3.47939 3.55417 3.71073 3.76343 3.81617 3.86890 3.90703 3.90877 3.90877 3.90877 3.90877 3.93753 4.00012 4.06283 4.12542 4.17869 4.35180 5.31967 5.63164 6.26562 6.26562 6.26701 6.34822 6.47486 6.60151 6.72468 7.13863 7.43245 7.43245 7.43245 7.43245 7.43245 7.43245 6.96622 6.73576 6.73576 6.73576 6.96633 8.19507 8.19507 8.19507 8.15770 8.05612 7.95358 7.85098 7.73274 7.17351 6.48422
2.37401 2.63555 2.63911 2.63911 2.63911 2.63911 2.63911 2.63911 2.63911 2.63911 2.63911 2.63911 2.63911 2.63911 2.84294 3.31854 3.78445 4.21698 4.20330 3.89680 3.90754 3.90877 3.90877 3.90877 3.91305 3.96329 4.02591 4.08855 4.15120 4.18505 4.18511 4.18511 4.18511 4.18511 4.18511 5.16103 5.43982 6.43854 6.59016 6.71547 6.76110 6.76110 6.76110 6.76110 6.93198 7.43245 7.43245 7.43245 7.43245 7.43245 7.43245 7.16395 6.73576 6.72985 6.64971 6.54709 7.69640 7.80112 7.69858 7.35576 6.68833 6.01963 5.35060 4.69744 4.49207 4.49207
2.47458 2.56109 2.63911 2.63911 2.63911 2.63911 2.63911 2.63911 2.63911 2.83864 3.31377 3.79755 4.48529 5.41332 6.31088 7.06048 8.05137 6.03530 4.76049 3.89717 3.92712 3.98904 4.05166 4.11431 4.17270 4.18511 4.18511 4.18511 4.18511 4.18511 4.18511 4.18511 4.24486 4.37160 4.49834 5.27564 5.81514 6.49685 6.76110 6.76110 6.76110 6.76110 6.76110 6.76110 6.78381 7.40161 7.43245 7.43245 7.34598 7.01911 6.67810 6.31628 6.29050 6.19525 6.14451 5.97075 6.05095 5.55472 4.88585 4.49490 4.49207 4.49207 4.49207 4.49207 4.49207 4.49207
2.66600 2.45843 2.63911 2.63911 2.83435 3.30900 3.79277 4.47990 5.40297 6.30379 7.05182 8.04227 8.39710 8.39710 8.39710 8.38819 7.84725 6.47370 5.46617 4.24415 4.27503 4.18511 4.18511 4.18511 4.18511 4.18511 4.18511 4.18511 4.23431 4.36016 4.48700 4.61359 4.68053 4.68058 4.68058 5.00642 5.81514 6.20894 6.76110 6.76110 6.76110 6.76110 6.76110 6.64096 6.41362 6.41951 6.22922 5.88840 5.63368 5.61884 5.50535 5.31091 5.56932 5.47563 5.30965 5.28914 5.08350 4.49207 4.49207 4.49207 4.49207 4.49207 4.49207 4.49207 4.49207 4.49207
3.04975 2.66482 4.47298 5.39265 6.29672 7.04318 8.03441 8.39710 8.39710 8.39710 8.39710 8.31540 7.65109 7.08441 6.67580 6.36919 6.27209 6.24321 5.87950 4.51808 4.31126 4.19622 4.18511 4.18511 4.22484 4.34876 4.47550 4.60234 4.67969 4.68058 4.68058 4.68058 4.68058 4.68058 4.68058 4.72165 5.77463 5.91013 6.56650 6.34171 6.11437 5.88715 5.65982 5.55249 5.55249 5.54202 5.39908 5.20468 5.01024 4.81668 4.73572 4.73572 5.03142 5.28914 5.28914 5.28914 5.27368 4.54101 4.49207 4.49207 4.49207 4.49207 4.49207 4.49207 4.49207 4.49207
3.48203 3.44052 7.87020 8.39710 8.39710 8.39710 8.39710 8.17591 7.47495 6.95943 6.58262 6.31623 6.27209 6.27209 6.27209 6.27209 6.27209 6.27209 5.97291 4.97028 4.31167 4.32688 4.46411 4.59090 4.67785 4.68058 4.68058 4.68058 4.68058 4.68058 4.68058 4.68058 4.71232 4.89916 5.10646 5.31399 5.07539 4.65536 5.37058 5.55249 5.55037 5.46423 5.33460 5.20509 5.07546 4.96047 4.74110 4.73572 4.73572 4.73572 4.73572 4.73572 4.87442 5.28914 5.28914 5.28914 5.28914 4.76467 4.49207 4.49207 4.49207 4.49207 4.49207 4.49207 4.49207 4.49207
3.48203 3.48203 6.44778 7.98387 7.31519 6.84482 6.49606 6.28449 6.27209 6.27209 6.27209 6.27209 6.27209 6.27209 6.27209 6.27209 6.27209 6.27209 6.09447 5.42294 4.31167 4.42480 4.68058 4.68058 4.68058 4.68058 4.68058 4.73463 4.93390 5.14143 5.34906 5.55648 5.73237 5.75307 5.75307 5.75307 5.30169 4.80973 5.13874 5.13415 5.00676 4.96328 4.96328 4.96328 4.96328 4.96328 4.81436 4.73572 4.73572 4.73572 4.73572 4.73572 4.74725 5.25926 5.28914 5.28914 5.28914 5.00270 4.49207 4.49207 4.49207 4.49207 4.49207 4.49207 4.49207 4.49207
3.67397 3.74148 4.60774 6.27230 6.27209 6.27209 6.27209 6.27209 6.27209 6.27209 6.27209 6.27209 6.27209 6.27209 6.27209 6.27209 6.27209 6.27209 6.21611 5.81834 4.36902 4.31532 4.73942 4.96865 5.17639 5.38392 5.59155 5.74502 5.75307 5.75307 5.75307 5.75345 5.85281 6.02791 6.20301 6.37811 6.35443 5.37857 5.29555 4.96328 4.96328 4.96328 4.94647 4.73679 4.47299 4.20867 4.23762 4.73572 4.73572 4.73572 4.73572 4.73572 4.73572 5.11382 5.28914 5.28914 5.28914 5.23104 4.50307 4.49207 4.49207 4.49207 4.40191 4.11517 3.82118 3.52752
