High_resolution/powerplant/Chizhou/OMI_NO2_201008.asc
ncols      200
nrows      200
xllcorner       115.585
yllcorner       28.7700
cellsize     0.0166667
NODATA_Value      -999.000
[rows 58 to 86 of 175, columns 66 to 131 of 200]
2.48352 2.48352 2.48352 2.48352 2.48352 2.48352 2.47958 2.00451 1.95754 1.95754 1.95754 1.95754 1.95754 1.95754 1.95867 2.03974 2.19194 2.38000 2.61226 2.39891 2.02411 2.21260 2.43414 2.54074 2.73791 3.18870 3.26374 3.29624 3.31739 3.34197 3.36652 3.39060 3.39852 3.39852 3.39852 3.39852 3.39852 3.39569 3.36170 3.31913 3.27657 3.23400 3.22558 3.31850 3.34804 3.57948 4.01234 4.01234 4.01234 4.01234 4.01234 4.01234 4.04550 4.23332 4.44365 4.65365 4.81978 4.84437 4.85195 5.30899 5.52241 5.57734 5.57720 5.55029 5.57806 5.59938
2.49270 2.48352 2.48352 2.48352 2.48352 2.48352 2.48352 2.15682 1.95754 1.95754 2.00014 2.10089 2.25340 2.44194 2.67696 2.78659 2.78659 2.78659 2.78659 2.55069 2.39253 2.67400 3.02333 3.10047 3.13220 3.40835 3.39083 3.39513 3.39852 3.39852 3.39852 3.39852 3.39584 3.36213 3.31956 3.27699 3.23443 3.19453 3.18569 3.18569 3.18569 3.18569 3.21489 3.27516 3.34804 3.38351 3.99274 4.01300 4.04717 4.23179 4.44196 4.65211 4.82905 4.85123 4.85123 4.85123 4.86243 4.92074 4.98424 5.35647 5.73435 5.81377 5.76193 5.60077 5.60077 5.60077
2.53179 2.48352 2.48352 2.48352 2.48352 2.45981 2.38156 2.25117 2.31112 2.49983 2.67673 2.78284 2.78659 2.78659 2.77008 2.68442 2.41188 2.06896 1.72605 1.63802 2.89195 3.19922 3.21850 3.23026 3.23128 3.38244 3.45550 3.39599 3.36255 3.31999 3.27742 3.23485 3.19458 3.18569 3.18569 3.18569 3.18569 3.18569 3.18569 3.18569 3.18569 3.18569 3.20213 3.25552 3.37640 3.40368 4.12899 4.64991 4.82576 4.85123 4.85123 4.85123 4.88317 4.94667 5.01022 5.07369 5.12599 5.13119 5.13119 5.29218 5.70750 5.81377 5.81080 5.61645 5.60077 5.60077
2.56003 2.40655 2.32618 2.24686 2.20703 2.21169 2.28940 2.39831 2.77232 2.73691 2.69063 2.63961 2.41593 2.15882 1.92917 1.82739 1.89354 2.07143 2.21983 2.29291 2.77148 3.28742 3.26312 3.23128 3.23128 3.29020 3.45072 3.19482 3.18569 3.18569 3.18569 3.18569 3.18569 3.18569 3.18569 3.18569 3.18569 3.18498 3.17916 3.17231 3.16564 3.16956 3.18061 3.32872 3.46908 3.48407 3.99922 4.85663 4.90915 4.97265 5.03615 5.09967 5.13119 5.13119 5.13119 5.13119 5.13119 5.13119 5.13119 5.15683 5.64867 5.85738 5.98307 5.96860 6.02220 6.17933
2.33804 2.19737 2.26331 2.34529 2.36001 2.34303 2.32830 2.31544 2.38875 2.22746 2.00331 1.89592 1.98176 2.10380 2.21038 2.25084 2.28263 2.29312 2.29312 2.29312 2.44529 3.28722 3.28045 3.23138 3.23128 3.23216 3.50332 3.20165 3.18569 3.18569 3.18569 3.18569 3.18498 3.17916 3.17231 3.16546 3.15862 3.15999 3.17589 3.19281 3.20958 3.21574 3.21574 3.30298 3.51487 3.63147 3.79328 5.09586 5.13119 5.13119 5.13119 5.13119 5.13119 5.13119 5.13119 5.13119 5.14761 5.17874 5.20988 5.24099 5.65331 6.41368 6.62889 6.53383 6.34490 6.34490
2.52177 2.38079 2.30787 2.30321 2.25134 2.03500 1.81945 1.73029 1.87385 2.12135 2.22326 2.25084 2.25084 2.25084 2.25084 2.25084 2.26997 2.29312 2.29312 2.29312 2.29312 3.11225 3.28742 3.24184 3.23128 3.23128 3.42111 3.28209 3.17916 3.17231 3.16546 3.15862 3.15247 3.15605 3.17243 3.18936 3.20630 3.21572 3.21554 3.16966 3.08933 3.00890 2.92854 2.94740 3.63540 3.76404 3.76404 4.76417 5.13119 5.13119 5.13167 5.15222 5.18335 5.21448 5.24562 5.27674 5.29148 5.29148 5.29148 5.29148 5.52504 6.16400 6.62889 6.48548 5.94980 5.66902
2.49204 2.24743 1.90056 1.81907 1.80649 1.92767 2.03451 2.05395 2.08212 2.25084 2.25084 2.25084 2.25084 2.25084 2.25084 2.25084 2.25918 2.29312 2.29312 2.29312 2.29312 2.78593 3.29027 3.30423 3.33067 3.38516 3.46143 3.34521 3.15144 3.15386 3.16897 3.18591 3.20285 3.21517 3.21093 3.14778 3.06735 2.98702 2.90684 2.87232 2.87232 2.87232 2.87232 2.88112 3.43466 3.76408 3.78968 4.38009 5.21910 5.25026 5.28089 5.29148 5.29148 5.29148 5.29148 5.29148 5.29148 5.29148 5.29148 5.21343 5.09507 5.36583 5.43240 5.10046 4.70762 4.44514
1.91668 1.85444 2.04088 2.05395 2.05395 2.05395 2.05395 2.05395 2.05395 2.22088 2.25084 2.25084 2.25084 2.25084 2.25084 2.25084 2.25152 2.29100 2.32957 2.38401 2.43852 2.65882 3.53897 3.54072 3.49526 3.49650 3.51433 3.49858 3.20097 3.21391 3.20039 3.12580 3.04547 2.96508 2.88949 2.87232 2.87232 2.87232 2.87232 2.87232 2.86963 2.83402 2.78870 2.74337 3.03397 3.80245 3.92433 4.05434 5.27973 5.29148 5.29148 5.29148 5.29148 5.29148 5.29148 5.22948 5.03965 4.85163 4.66339 4.55327 4.56908 4.30342 4.53931 4.56691 4.38895 4.13023
1.88960 1.86604 2.00318 2.05395 2.05395 2.05395 2.05395 2.05395 2.05395 2.16275 2.25084 2.25084 2.25084 2.27179 2.31265 2.35354 2.39440 2.49971 2.55710 2.55710 2.55710 2.55773 3.41033 3.58806 3.56148 3.57596 3.53842 3.43614 3.07269 2.94317 2.87816 2.87232 2.87232 2.87232 2.87232 2.86963 2.83402 2.78870 2.74337 2.69805 2.65542 2.64570 2.64570 2.64570 2.76851 3.63987 3.92433 3.92433 4.96856 5.29148 5.29223 5.25721 5.07940 4.89116 4.70306 4.57697 4.57856 4.57856 4.57856 4.56687 4.51902 4.28138 4.24980 4.29087 4.22492 3.89294
1.88960 1.87867 1.93754 2.05395 2.05395 2.05395 2.05395 2.05395 2.06688 2.15722 2.34718 2.38803 2.42893 2.44883 2.44883 2.44883 2.44883 2.48912 2.58858 2.68132 2.77567 2.86914 3.24344 3.54170 3.37763 3.18836 3.12371 3.12564 2.98075 2.87232 2.86963 2.83402 2.78870 2.74337 2.69805 2.65542 2.64570 2.64570 2.64570 2.64570 2.64570 2.64570 2.64570 2.64570 2.67517 3.35661 3.94113 3.94960 4.44747 4.93091 4.74200 4.58885 4.57856 4.57856 4.57834 4.54852 4.49816 4.44778 4.39741 4.35877 4.35621 4.25931 4.11020 4.27285 4.27285 3.96027
1.88960 1.88876 1.87469 2.05869 2.09378 2.13357 2.17338 2.21322 2.24010 2.24507 2.43664 2.45048 2.49106 2.54797 2.61440 2.73383 2.86147 2.96292 2.86006 2.80163 2.74162 2.68187 2.79034 3.38806 3.31913 3.12311 3.12311 3.12395 3.03077 2.69805 2.65542 2.64570 2.64570 2.64570 2.64570 2.64570 2.64570 2.64570 2.64570 2.64570 2.64695 2.65688 2.66847 2.67621 2.64126 3.03049 3.79824 3.79879 3.88836 4.57621 4.57200 4.52762 4.47726 4.42692 4.37676 4.35621 4.35621 4.35621 4.35621 4.35621 4.35621 4.34155 4.06429 4.27071 4.27285 4.07550
1.95703 1.99686 2.00594 2.19761 2.24084 2.24084 2.26449 2.32121 2.37816 2.43510 2.63199 2.80584 2.89295 2.96023 2.98481 2.94806 2.90307 2.85936 2.69083 2.65706 2.65706 2.65706 2.65742 3.28121 3.38328 3.14086 3.12311 3.12311 3.12292 2.67755 2.64570 2.64570 2.64570 2.64570 2.64570 2.64695 2.65688 2.66847 2.68005 2.69084 2.66311 2.60630 2.54795 2.49337 2.48151 2.68426 3.56937 3.72131 3.67097 4.24524 4.36224 4.35621 4.35621 4.35621 4.35621 4.35621 4.35621 4.35621 4.35621 4.38173 4.43610 4.49638 4.28457 4.26681 4.27285 4.19088
2.07514 2.06551 2.08957 2.31227 2.47304 2.52995 2.56328 2.59316 2.66376 2.72782 2.83361 2.94128 2.89625 2.85474 2.84643 2.84643 2.84643 2.84643 2.74975 2.65706 2.65706 2.65706 2.65706 3.04214 3.38806 3.21798 3.12311 3.12311 3.12637 2.79389 2.64695 2.65688 2.66847 2.68005 2.69164 2.70198 2.67620 2.61778 2.55943 2.50179 2.48151 2.48153 2.48218 2.48315 2.48412 2.55071 3.15896 3.57078 3.57078 3.94164 4.35621 4.35621 4.35621 4.35690 4.38997 4.44523 4.50658 4.57516 4.65237 4.69411 4.69411 4.69411 4.50572 4.27285 4.27285 4.26629
2.00273 2.00054 2.05584 2.40724 2.64243 2.70235 2.73017 2.72623 2.68149 2.64310 2.65584 2.84454 2.84643 2.84643 2.84643 2.84643 2.84643 2.84643 2.79972 2.65706 2.65706 2.65706 2.65706 2.80283 3.38806 3.29569 3.06849 3.00542 3.00031 2.98921 2.70198 2.70363 2.68617 2.62931 2.57087 2.51247 2.48153 2.48162 2.48246 2.48342 2.48438 2.48532 2.48563 2.48563 2.48563 2.49270 2.90771 3.56219 3.57136 3.70249 4.45434 4.51693 4.58685 4.66437 4.69411 4.69411 4.69411 4.69411 4.69411 4.69411 4.69411 4.69304 4.49018 3.90835 3.67069 3.42343
2.07750 2.18269 2.31319 2.64379 2.68403 2.64054 2.63845 2.63845 2.63845 2.63845 2.63845 2.80045 2.84643 2.84643 2.84643 2.84643 2.84643 2.84643 2.83938 2.66280 2.65562 2.61192 2.54886 2.48707 3.05837 3.08114 2.82446 2.81711 2.81464 3.06556 2.58867 2.52398 2.48302 2.48179 2.48272 2.48369 2.48465 2.48550 2.48563 2.48563 2.48563 2.48563 2.48563 2.49016 2.54463 2.61903 2.97237 3.59665 3.64244 3.64687 4.51216 4.69411 4.69411 4.69411 4.69411 4.69411 4.69411 4.69411 4.57822 4.28594 3.94717 3.60940 3.40578 3.26924 3.25707 3.25695
2.47232 2.49867 2.49975 2.64434 2.67773 2.63845 2.63845 2.63845 2.63845 2.63845 2.63845 2.73895 2.84643 2.84643 2.84643 2.84634 2.81970 2.77239 2.72505 2.50816 2.37049 2.35106 2.35106 2.35106 2.74283 3.01356 2.74635 2.59288 2.52791 2.78894 2.56860 2.48395 2.48492 2.48560 2.48563 2.48563 2.48563 2.48563 2.49042 2.54533 2.61981 2.70273 2.79551 2.89341 2.91547 2.91547 3.04717 3.60566 3.64687 3.64687 4.17373 4.69411 4.69411 4.69098 4.51708 4.17897 3.84030 3.50157 3.27873 3.23233 3.23233 3.23233 3.18916 3.07545 2.95497 2.82445
2.49975 2.49975 2.49975 2.57886 2.70597 2.63845 2.63845 2.63845 2.63845 2.63845 2.63845 2.67863 2.77951 2.73216 2.68486 2.63763 2.61693 2.61693 2.61693 2.51058 2.35106 2.35176 2.35298 2.35421 2.45004 2.81352 2.71880 2.52456 2.52584 2.67991 2.68796 2.48563 2.48563 2.49068 2.54604 2.62060 2.70326 2.79651 2.89408 2.91547 2.91547 2.91547 2.91547 2.91547 2.91547 2.91547 2.95345 3.48132 3.63826 3.54787 3.62231 4.07223 3.73341 3.39794 3.23323 3.23233 3.23233 3.22870 3.13617 3.00567 2.87516 2.74465 2.65738 2.66262 2.67974 2.67974
2.49975 2.49975 2.49975 2.51099 2.72160 2.64544 2.64040 2.65101 2.66266 2.67431 2.68595 2.69280 2.62525 2.61693 2.61662 2.58428 2.53023 2.47652 2.42344 2.36681 2.35815 2.38876 2.42516 2.46155 2.49863 2.88819 2.89519 2.52869 2.52644 2.56744 2.84567 2.70388 2.79750 2.89475 2.91547 2.91547 2.91547 2.91547 2.91547 2.91547 2.91547 2.91547 2.91547 2.90683 2.83296 2.74564 2.66192 2.89515 3.13812 3.13732 3.15052 3.22075 3.23233 3.20394 3.08105 2.95049 2.82004 2.69311 2.65513 2.65513 2.65513 2.65513 2.65513 2.65625 2.67910 2.67974
2.49975 2.50032 2.51170 2.52724 2.71258 2.71634 2.69206 2.69309 2.69309 2.67702 2.62442 2.57041 2.47080 2.38632 2.33342 2.31271 2.31798 2.34336 2.37067 2.39826 2.49168 2.50668 2.50668 2.50668 2.50668 2.74966 2.93700 2.61379 2.52644 2.52644 2.84140 2.91547 2.91547 2.91547 2.91547 2.91547 2.91547 2.91547 2.90648 2.83296 2.74564 2.65832 2.57268 2.51011 2.51609 2.53551 2.55132 2.66667 3.13275 3.07489 2.94433 2.85760 2.76480 2.66269 2.65513 2.65513 2.65513 2.65513 2.65513 2.65513 2.65513 2.65513 2.65513 2.65513 2.67320 2.67974
2.55349 2.56847 2.57261 2.57008 2.64006 2.65063 2.53442 2.48041 2.42639 2.38849 2.38768 2.38859 2.37331 2.34743 2.37484 2.40213 2.42507 2.42763 2.42763 2.42763 2.47312 2.50668 2.50668 2.50668 2.50668 2.60920 2.93700 2.74068 2.52644 2.52644 2.72761 2.91547 2.91547 2.90643 2.83208 2.74476 2.65744 2.57013 2.49232 2.49290 2.51232 2.53175 2.54949 2.55281 2.55951 2.63533 2.72937 2.87064 2.77163 2.57365 2.57365 2.59131 2.65513 2.65513 2.65513 2.65513 2.65513 2.65513 2.65513 2.65513 2.65513 2.65513 2.65513 2.65513 2.66617 2.67974
2.50757 2.48515 2.46488 2.44790 2.45018 2.47377 2.39117 2.38832 2.39961 2.42758 2.45521 2.48248 2.49946 2.43001 2.42763 2.42763 2.42763 2.42763 2.42763 2.42763 2.45171 2.50668 2.50668 2.50668 2.50668 2.51030 2.89545 2.86758 2.52974 2.56494 2.65074 2.65744 2.57013 2.49184 2.47888 2.48915 2.50857 2.52799 2.54694 2.55281 2.57256 2.66079 2.75483 2.84884 2.93618 2.95437 2.95437 2.95847 2.91304 2.57365 2.57365 2.57402 2.64613 2.65513 2.65513 2.65513 2.65513 2.65513 2.65513 2.65513 2.65513 2.65513 2.65513 2.65513 2.65535 2.61154
2.44479 2.44479 2.44493 2.44576 2.47259 2.55887 2.51193 2.48667 2.50356 2.50379 2.50379 2.50379 2.50379 2.44914 2.42763 2.42763 2.42763 2.42763 2.42763 2.42763 2.43354 2.50633 2.50668 2.50792 2.53855 2.58177 2.87688 3.09836 2.78546 2.73583 2.73308 2.50548 2.50481 2.52422 2.54365 2.55281 2.59252 2.68629 2.78029 2.87430 2.94859 2.95437 2.95437 2.95437 2.95437 2.95437 2.95437 2.95437 3.03113 2.57882 2.57365 2.57365 2.62024 2.65513 2.65513 2.65513 2.65513 2.65513 2.65513 2.65513 2.65304 2.59242 2.42270 2.15267 1.82612 2.08111
2.47384 2.53155 2.58917 2.64603 2.67687 2.69654 2.63351 2.50379 2.50379 2.50379 2.50379 2.50379 2.50379 2.47151 2.42763 2.42763 2.42763 2.42763 2.42774 2.44657 2.47897 2.59397 2.66155 2.70353 2.71607 2.71607 2.82756 3.15038 2.94242 2.77741 2.79684 2.64613 2.61774 2.71174 2.80575 2.89980 2.95405 2.95437 2.95437 2.95437 2.95437 2.95437 2.95437 2.95437 2.95437 2.95437 2.95437 2.95437 3.02743 2.70182 2.57365 2.57365 2.59410 2.65513 2.65513 2.65513 2.65199 2.52029 2.28891 2.00675 1.66127 1.42721 1.35527 1.35527 1.35527 1.73393
2.67691 2.67691 2.67691 2.67691 2.67691 2.68750 2.69445 2.50713 2.50379 2.50379 2.50379 2.50379 2.50379 2.49387 2.44171 2.47402 2.50640 2.53883 2.57110 2.58467 2.58467 2.64670 2.71607 2.71548 2.70780 2.69806 2.69506 3.18327 3.20364 2.99419 3.08816 3.09024 2.95437 2.95437 2.95437 2.95437 2.95437 2.95437 2.95437 2.95437 2.95437 2.95437 2.95437 2.95437 2.95437 2.95437 2.95437 2.95437 2.97510 2.87341 2.57365 2.56682 2.48291 2.39177 2.15738 1.86348 1.50372 1.35527 1.35527 1.35527 1.34203 1.18337 0.984992 0.786355 0.587806 0.723918
2.67691 2.67691 2.67691 2.67691 2.67691 2.67895 2.70872 2.55647 2.50379 2.51310 2.55692 2.60398 2.65106 2.69811 2.60766 2.58467 2.58467 2.58467 2.58674 2.59087 2.59102 2.61261 2.69128 2.69701 2.77460 2.86165 2.94875 3.35625 3.57789 3.24076 3.21132 3.18733 2.89262 2.95420 2.95437 2.95437 2.95437 2.95437 2.95437 2.95437 2.95437 2.95437 2.95437 2.95437 2.95437 2.95437 2.95406 2.95135 2.94811 2.71977 2.00283 1.79781 1.67102 1.48769 1.35527 1.35527 1.29461 1.10088 0.902416 0.703867 0.518555 0.478669 0.478669 0.478669 0.478669 0.518487
2.67710 2.67691 2.67691 2.67691 2.67939 2.71570 2.78762 2.75343 2.68381 2.72156 2.72481 2.72481 2.72576 2.72967 2.65786 2.59781 2.59994 2.59702 2.59178 2.60252 2.66234 2.73106 2.95381 3.03475 3.04221 3.04221 3.04069 3.12736 3.38725 3.09333 2.90570 2.84597 2.68418 2.89056 2.95437 2.95437 2.95437 2.95437 2.95437 2.95437 2.95437 2.95405 2.95131 2.94808 2.94485 2.91885 2.81715 2.71173 2.60702 2.35270 1.70367 1.62188 1.53205 1.31926 0.819929 0.621379 0.483403 0.478669 0.478669 0.478669 0.478669 0.478669 0.478669 0.478669 0.478669 0.478669
2.74448 2.74846 2.79554 2.84259 2.88719 2.89793 2.91400 2.90880 2.73294 2.73661 2.74075 2.74488 2.74738 2.74144 2.69940 2.61320 2.67290 2.73798 2.80331 2.85062 2.85276 2.85273 2.93460 2.91360 2.84244 2.77908 2.72330 2.71429 3.08401 3.02210 2.83240 2.83240 2.74028 2.79019 2.95437 2.95437 2.95402 2.95128 2.94805 2.94481 2.94158 2.92758 2.83740 2.73260 2.62783 2.54572 2.53962 2.52831 2.45386 2.28275 1.53523 1.08265 1.03999 1.03075 0.527320 0.478669 0.478669 0.478669 0.478669 0.478669 0.478669 0.478669 0.478669 0.478669 0.478669 0.478669
3.05598 2.90846 2.93760 2.96720 2.99667 3.02615 3.03142 2.95371 2.78781 2.74365 2.73646 2.76552 2.82427 2.88845 2.95132 2.86128 2.85276 2.82930 2.77512 2.72568 2.68059 2.63929 2.65368 2.70557 2.70557 2.70557 2.70557 2.70557 2.96069 3.09851 2.84167 2.82682 2.74619 2.70030 2.94478 2.94155 2.93867 2.93458 2.85821 2.75350 2.64860 2.55485 2.53962 2.51310 2.43058 2.34629 2.26204 2.18907 2.17927 2.17279 1.65168 1.03999 1.03999 1.03999 0.733305 0.478669 0.478669 0.478669 0.478669 0.478669 0.478669 0.478669 0.478669 0.478669 0.478669 0.478669
3.36477 3.05984 3.06004 3.06004 3.06004 3.05751 3.04858 2.90678 2.83155 2.89877 2.96395 2.99290 2.99290 2.99290 2.99290 2.90036 2.69368 2.62154 2.62134 2.62134 2.62134 2.62134 2.63257 2.70557 2.70557 2.70557 2.70337 2.65844 2.72022 2.94098 2.68388 2.54550 2.53571 2.62300 2.85886 2.77427 2.66940 2.56808 2.53941 2.49163 2.40734 2.32305 2.23880 2.18103 2.17927 2.17927 2.17927 2.17927 2.17927 2.17927 1.93152 1.09488 1.03999 1.03999 0.904724 0.478669 0.478669 0.478669 0.478669 0.478669 0.478669 0.478669 0.478669 0.478669 0.478703 0.513514
