High_resolution/powerplant/Chizhou/OMI_NO2_201102.asc
ncols      200
nrows      200
xllcorner       115.585
yllcorner       28.7700
cellsize     0.0166667
NODATA_Value      -999.000
[rows 87 to 115 of 179, columns 67 to 133 of 200]
12.3538 10.7834 9.65488 8.80659 8.49734 8.49734 8.49734 8.49734 8.49734 8.49734 8.49734 8.49734 8.49734 8.69844 9.24604 9.15427 9.32415 9.76001 9.81654 9.81654 9.81654 9.81654 9.81654 9.81654 9.81654 9.81654 9.81654 9.81654 9.81654 9.81654 9.81654 9.81654 9.81773 9.96516 10.2123 11.0752 11.2762 11.4115 11.4231 11.4231 11.4231 11.4231 11.4231 11.4231 11.4231 11.4231 11.4231 11.0310 10.0831 9.13132 8.18000 7.29468 7.10873 7.10873 7.26528 6.89620 7.51221 8.90036 8.90036 8.90036 8.90036 8.90036 8.90036 8.90036 8.90036 8.90036 8.90036
8.49734 8.49734 8.49734 8.49734 8.49734 8.49734 8.49734 8.49734 8.50088 8.83817 9.39192 9.94542 10.4989 10.8518 10.8577 10.5068 9.82070 9.81654 9.81654 9.81654 9.81654 9.81654 9.81654 9.81654 9.81654 9.81654 9.81654 9.81654 9.84792 10.0652 10.3123 10.5599 10.8059 10.9061 10.9061 11.2519 11.4235 11.4231 11.4231 11.4231 11.4231 11.4231 11.3304 10.5283 9.57571 8.62438 7.67219 7.11261 7.10873 7.10873 7.10873 7.10873 7.10873 7.10873 7.29028 6.93502 6.91329 8.74679 8.90036 8.90036 8.90036 8.90036 8.90036 8.79304 8.66981 8.67490 8.67992
8.49734 8.49734 8.49734 8.49734 8.53699 8.98381 9.53755 10.0911 10.6413 10.8577 10.8577 10.8577 10.8577 10.8577 10.8577 10.7631 9.88472 9.81654 9.81654 9.81654 9.81654 9.81654 9.81654 9.81654 9.91863 10.1652 10.4123 10.6595 10.8757 10.9061 10.9061 10.9061 10.9061 10.9061 10.9061 11.0523 11.4655 11.4231 10.9727 10.0205 9.06833 8.11701 7.25758 7.10873 7.10873 7.10873 7.10873 7.10873 7.10873 7.10873 7.10873 7.10873 7.10873 7.10873 7.14910 7.13940 6.89620 8.21455 8.86116 8.55256 8.31591 8.31476 8.31998 8.43220 8.56052 8.56052 8.56052
8.61186 9.12993 9.68342 10.2367 10.7510 10.8577 10.8577 10.8577 10.8577 10.8577 10.8577 10.8577 10.8577 10.8577 10.8577 10.8577 10.1096 9.81654 9.81654 9.82863 10.0176 10.2655 10.5125 10.7600 10.9051 10.9061 10.9061 10.9061 10.9061 10.9061 10.9061 10.9061 10.9061 10.9027 10.8708 10.8347 9.95230 7.61006 7.10873 7.10873 7.10873 7.10873 7.10873 7.10873 7.10873 7.10873 7.10873 7.10873 7.10873 7.10873 7.10873 7.10873 7.10873 7.10841 7.07271 6.57420 5.46713 5.82687 7.99952 8.31291 8.55474 8.56052 8.56052 8.56052 8.56052 8.56052 8.56052
10.8223 10.8577 10.8577 10.8577 10.8577 10.8577 10.8577 10.8577 10.8577 10.8577 10.8577 10.8577 10.8577 10.8577 10.8577 10.7917 10.4099 10.3652 10.6124 10.8479 10.9061 10.9061 10.9061 10.9061 10.9061 10.9061 10.9061 10.9061 10.9061 10.8931 10.8553 10.8169 10.7786 10.7437 10.7373 10.7373 10.2513 7.10873 7.10873 7.10873 7.10873 7.10873 7.10873 7.10873 7.10873 7.10873 7.10873 7.10873 7.10873 7.09635 7.04070 6.98145 6.92215 6.86314 6.83953 5.99793 4.37892 4.40419 8.23144 8.56052 8.56052 8.56052 8.56052 8.55948 8.50246 8.41361 8.32476
10.8577 10.8577 10.8577 10.8577 10.8577 10.8577 10.8577 10.8577 10.8577 10.8577 10.8577 10.7288 10.4424 10.1550 9.86789 9.64647 9.93788 10.9521 10.9061 10.9061 10.9061 10.9061 10.9061 10.9061 10.9051 10.8781 10.8398 10.8018 10.7631 10.7379 10.7373 10.7373 10.7373 10.7373 10.7373 10.7373 10.9223 7.53663 7.10873 7.10873 7.10873 7.10873 7.10873 7.10873 7.10771 7.06805 7.00888 6.94947 6.89017 6.84322 6.83953 6.83953 6.83953 6.83953 6.83953 6.56974 4.54494 4.37223 7.11427 8.52939 8.44174 8.35289 8.26396 8.17619 8.14435 8.14435 8.14435
10.8577 10.8577 10.8577 10.8577 10.8577 10.8577 10.8512 10.6526 10.3653 10.0782 9.79077 9.63200 9.63163 9.63163 9.63163 9.63163 9.63671 10.8633 10.9061 10.9061 10.8984 10.8626 10.8239 10.7860 10.7486 10.7373 10.7373 10.7373 10.7373 10.7373 10.7373 10.7373 10.7373 10.7373 10.7373 10.7373 10.7579 8.80088 7.10873 7.10873 7.09314 7.03607 6.97679 6.91746 6.85921 6.83953 6.83953 6.83953 6.83953 6.83953 6.83953 6.83953 6.83953 6.83953 6.80531 6.52542 4.54151 3.96959 5.16117 8.14552 8.14435 8.14435 8.14435 8.14435 8.14435 8.14435 8.14435
10.8577 10.8577 10.8244 10.5755 10.2883 10.0010 9.72027 9.63163 9.63163 9.63163 9.63163 9.63163 9.63163 9.63163 9.63163 9.63163 9.69958 10.6433 10.8091 10.7705 10.7398 10.7373 10.7373 10.7373 10.7373 10.7373 10.7373 10.7373 10.7373 10.7373 10.7373 10.7373 10.7373 10.7373 10.7373 10.7364 10.7085 9.82777 6.94481 6.88548 6.84179 6.83953 6.83953 6.83953 6.83953 6.83953 6.83953 6.83953 6.83953 6.83953 6.67677 6.34901 6.02126 5.69350 5.39997 5.35176 4.41625 3.74798 3.78153 7.79893 8.14435 8.14435 8.14435 8.14435 8.14435 8.14435 8.14435
10.2113 9.92393 9.67025 9.63163 9.63163 9.63163 9.63163 9.63163 9.63163 9.63163 9.63163 9.63596 9.73708 9.87822 10.0193 10.1603 10.2335 10.6593 10.8368 10.7373 10.7373 10.7373 10.7373 10.7373 10.7373 10.7373 10.7373 10.7373 10.7373 10.7373 10.7373 10.7296 10.6923 10.6519 10.6115 10.5721 10.5597 10.6400 7.00720 6.83953 6.83953 6.83953 6.83953 6.83953 6.83953 6.79251 6.49987 6.17226 5.84466 5.51676 5.35176 5.35176 5.35176 5.35176 5.35176 5.35176 4.90523 3.73754 3.74798 6.62625 8.14435 8.14435 8.14435 8.14435 8.14435 8.14435 8.30782
9.63163 9.63163 9.63163 9.63163 9.63163 9.63163 9.63163 9.65023 9.77510 9.91578 10.0568 10.1936 10.2335 10.2335 10.2335 10.2335 10.2335 10.2751 11.0673 10.7373 10.7373 10.7373 10.7373 10.7373 10.7373 10.7373 10.7373 10.7164 10.6760 10.6357 10.5953 10.5626 10.5597 10.5597 10.5597 10.5597 10.5597 10.6127 8.16312 6.83953 6.83864 6.65103 6.32312 5.99567 5.66791 5.38702 5.35176 5.35176 5.35176 5.35176 5.35176 5.35176 5.35176 5.35176 5.35176 5.35176 5.31426 3.80737 3.74798 5.08171 8.14435 8.21489 8.70598 9.20673 9.68569 10.2589 10.6183
9.63163 9.63163 9.63163 9.67448 9.81213 9.95328 10.0943 10.2168 10.2335 10.2335 10.2335 10.2335 10.2335 10.2335 10.2335 10.2335 10.2335 10.2335 10.9553 10.7373 10.7373 10.7373 10.7338 10.7002 10.6598 10.6194 10.5791 10.5597 10.5597 10.5597 10.5597 10.5597 10.5597 10.5597 10.5597 10.5597 10.4413 9.73713 8.07795 5.81877 5.49206 5.35176 5.35176 5.35176 5.35176 5.35176 5.35176 5.35176 5.35176 5.35176 5.35176 5.35176 5.35176 5.35176 5.35176 5.35176 5.35388 4.43939 4.37036 4.92373 10.0625 10.9005 10.7080 10.5755 10.5755 10.5755 10.5755
9.84969 9.99078 10.1319 10.2301 10.2335 10.2335 10.2335 10.2335 10.2335 10.2335 10.2335 10.2335 10.2335 10.2335 10.2335 10.2335 10.2335 10.2335 10.7768 10.7283 10.6435 10.6033 10.5664 10.5597 10.5597 10.5597 10.5597 10.5597 10.5597 10.5597 10.5597 10.5597 10.1984 9.41695 8.63409 7.85227 7.18810 7.10944 7.18167 5.36606 5.35176 5.35176 5.35176 5.35176 5.35176 5.35176 5.35176 5.35176 5.35176 5.35176 5.35176 5.35176 5.38313 5.51085 5.68088 5.90906 6.22395 6.36246 6.52075 6.52842 9.42837 10.5755 10.5755 10.5755 10.5755 10.5755 10.5707
10.2335 10.2335 10.2335 10.2335 10.2335 10.2335 10.2335 10.2335 10.2335 10.2335 10.2335 10.2335 10.2335 10.2339 10.3227 10.4773 10.6321 10.7866 10.9431 10.8768 10.5597 10.5597 10.5597 10.5597 10.5597 10.5597 10.5597 10.5062 9.87824 9.09608 8.31357 7.53105 7.11013 7.10944 7.10944 7.10944 7.10944 7.10944 7.21760 5.85997 5.35176 5.35176 5.35176 5.35176 5.35176 5.35176 5.35176 5.35636 5.44710 5.59782 5.79637 6.06979 6.34270 6.35727 6.35727 6.35727 6.35727 6.35727 6.47488 6.52842 8.01511 10.5755 10.4821 10.2505 10.0174 9.78444 9.55648
10.2335 10.2335 10.2335 10.2335 10.2335 10.2335 10.2335 10.2335 10.2335 10.2428 10.3645 10.5192 10.6739 10.8281 10.8941 10.8941 10.8941 10.8941 10.8941 11.0314 10.5597 10.5597 10.5597 10.3212 9.55771 8.77567 7.99304 7.26401 7.10944 7.10944 7.10944 7.10944 7.10944 7.10944 7.10944 7.10944 7.10944 7.10944 7.10964 6.49804 5.35176 5.35176 5.35176 5.39170 5.52463 5.69902 5.93398 6.25117 6.35727 6.35727 6.35727 6.35727 6.35727 6.35727 6.35727 6.35727 6.35727 6.28938 5.93840 5.55626 5.13887 9.32309 9.48391 9.48271 9.48271 9.48271 9.48271
10.2335 10.2335 10.2335 10.2335 10.2335 10.2630 10.4065 10.5610 10.7158 10.8611 10.8941 10.8941 10.8941 10.8941 10.8941 10.8941 10.8941 10.8941 10.8905 10.9086 9.27062 8.45468 7.67217 7.12807 7.10944 7.10944 7.10944 7.10944 7.10944 7.10944 7.10944 7.10944 7.10944 7.10944 7.10944 7.10944 7.10944 7.10944 7.09420 7.09439 5.61376 5.81780 6.10015 6.35126 6.35727 6.35727 6.35727 6.35727 6.35727 6.35727 6.35727 6.35727 6.35541 6.08819 5.63421 5.18023 4.72626 4.34017 4.29845 4.34252 4.34280 8.03595 9.48271 9.48271 9.48271 9.48271 9.48271
10.2335 10.2946 10.4483 10.6031 10.7577 10.8828 10.8941 10.8941 10.8941 10.8941 10.8941 10.8941 10.8941 10.8941 10.8660 10.5932 10.2633 9.93315 9.60706 9.58657 7.83339 7.10944 7.10944 7.10944 7.10944 7.10944 7.10944 7.10944 7.10944 7.10944 7.10944 7.10944 7.10944 7.10944 7.03830 6.79665 6.54803 6.29933 6.06565 6.77867 6.92442 6.35727 6.35727 6.35727 6.35727 6.35727 6.35727 6.35727 6.26441 5.84056 5.38659 4.93261 4.48049 4.29374 4.29374 4.29374 4.29374 4.29374 4.29374 4.33258 4.34280 6.25348 9.48271 9.48271 9.48271 9.48271 9.48271
10.7996 10.8932 10.8941 10.8941 10.8941 10.8941 10.8941 10.8941 10.8941 10.8941 10.8193 10.5069 10.1768 9.84695 9.54505 9.48796 9.48796 9.48796 9.48796 9.48796 8.65816 7.10944 7.10944 7.10944 7.10944 7.10944 7.10944 7.10944 7.10944 7.10615 6.94492 6.69600 6.44730 6.19850 6.02071 6.01337 6.01337 6.01337 6.01337 6.06432 7.93478 6.35727 6.35727 6.34943 6.04650 5.59253 5.13855 4.68458 4.32346 4.29374 4.29374 4.29374 4.29374 4.29374 4.29374 4.29374 4.29374 4.29374 4.29374 4.31795 4.34280 4.40107 9.18155 9.48271 9.48271 9.41979 8.59406
10.6089 10.8941 10.8941 10.8941 10.8941 10.8941 10.7498 10.4205 10.0905 9.76061 9.50593 9.48796 9.48796 9.48796 9.48796 9.48796 9.48796 9.48796 9.48796 9.48796 9.38549 7.10944 7.10944 7.10944 7.10944 7.06954 6.84408 6.59527 6.34636 6.10084 6.01337 6.01337 6.01337 6.01337 6.01337 6.01337 6.01337 6.01337 6.01337 5.92440 6.92102 5.34490 4.89093 4.44479 4.29374 4.29374 4.29374 4.29374 4.29374 4.29374 4.29374 4.29374 4.29374 4.29374 4.29374 4.29374 4.29374 4.29374 4.29374 4.30330 4.34280 4.34280 7.56790 7.86271 6.81171 5.82362 5.59874
9.46895 10.8876 10.6642 10.3343 10.0042 9.67442 9.48853 9.48796 9.48796 9.48796 9.48796 9.48796 9.48796 9.48796 9.48796 9.48796 9.48796 9.48796 9.48796 9.48796 9.64198 7.46224 6.74324 6.49443 6.24552 6.03672 6.01337 6.01337 6.01337 6.01337 6.01337 6.01337 6.01337 6.01337 6.01202 5.78892 5.40658 5.02374 4.64089 4.34753 5.02185 4.46363 4.29374 4.29374 4.29374 4.29374 4.29374 4.29374 4.29374 4.29374 4.29374 4.29374 4.29374 4.29374 4.29374 4.29374 4.29374 4.29374 4.29374 4.29391 4.33755 4.34280 4.81532 5.59874 5.59874 5.59874 5.59874
7.39761 9.59441 9.48796 9.48796 9.48796 9.48796 9.48796 9.48796 9.48796 9.48796 9.48796 9.48796 9.48796 9.48796 9.48796 9.48796 9.51477 10.2358 11.5019 13.2081 15.5396 7.74900 6.01337 6.01337 6.01337 6.01337 6.01337 6.01337 6.01337 6.01337 5.96771 5.63508 5.25206 4.86972 4.48823 4.32832 4.32832 4.32832 4.32832 4.32832 4.45395 5.35697 4.29374 4.29374 4.29374 4.29374 4.29374 4.29374 4.29374 4.29374 4.29374 4.29374 4.29374 4.29374 4.29374 4.29374 4.29374 4.29374 4.29374 4.29374 4.32308 4.34280 4.35853 5.52705 5.59874 5.39467 4.95432
5.99151 9.37235 9.48796 9.48796 9.48796 9.48796 9.48796 9.48796 9.48796 9.48796 9.48796 9.48796 9.60885 10.5403 11.9060 13.7660 16.3538 17.3462 17.3462 17.3462 17.3462 10.1962 6.01337 6.01337 6.01337 6.01337 5.86104 5.48106 5.09805 4.71520 4.37853 4.32832 4.32832 4.32832 4.32832 4.32832 4.32832 4.32832 4.32832 4.32832 4.32832 5.36805 4.29374 4.29374 4.29374 4.29374 4.29374 4.29374 4.29374 4.29374 4.29374 4.29374 4.29374 4.29374 4.29374 4.29374 4.29374 4.29374 4.29374 4.29374 4.22580 3.33130 2.45061 3.48318 3.77196 3.53549 3.53528
5.78681 8.42938 9.48796 9.48796 9.48796 9.48796 9.48796 9.48796 9.77382 10.8666 12.3431 14.3804 16.9137 17.3462 17.3462 17.3462 17.3462 17.3462 17.3462 17.3462 17.3462 13.3997 5.94380 5.32637 4.94420 4.56119 4.33051 4.32832 4.32832 4.32832 4.32832 4.32832 4.32832 4.32832 4.32832 4.32832 4.32832 4.32832 4.32832 4.32832 4.32832 5.15086 4.32581 4.29374 4.29374 4.29374 4.29374 4.29374 4.29374 4.29374 4.29374 4.29374 4.29374 4.29374 4.29374 4.29373 4.29319 4.29237 4.29155 4.29074 4.13484 0.363384 0.215886 1.47914 3.53528 3.53528 3.53528
5.77597 7.29281 9.48796 9.48875 10.0195 11.2194 12.8198 15.0603 17.2541 17.3462 17.3462 17.3462 17.3462 17.3462 17.3462 17.3462 17.3462 17.1633 16.0615 14.8323 13.6041 11.9953 5.21669 4.32832 4.32832 4.32832 4.32832 4.32832 4.32832 4.32832 4.32832 4.32832 4.32832 4.32832 4.32832 4.32832 4.32832 4.30152 4.22866 4.15503 4.08139 4.32608 5.08679 4.29374 4.29374 4.29374 4.29374 4.29374 4.29374 4.29374 4.29374 4.29353 4.29275 4.29193 4.29111 4.29031 4.29003 4.29003 4.29003 4.29003 4.29003 1.41812 0.215886 0.262034 3.35339 3.53528 3.53528
5.76112 6.60294 13.2994 15.8169 17.3462 17.3462 17.3462 17.3462 17.3462 17.3462 17.3462 17.3462 17.3462 16.9405 15.7339 14.5047 13.2765 12.2308 12.1044 12.1044 12.1044 12.1044 6.67328 4.32832 4.32832 4.32832 4.32832 4.32832 4.32832 4.32832 4.32832 4.32832 4.32575 4.27202 4.19842 4.12475 4.05112 4.00428 4.00350 4.00350 4.00350 4.00350 5.36839 4.29374 4.29374 4.29374 4.29372 4.29312 4.29231 4.29149 4.29067 4.29006 4.29003 4.29003 4.29003 4.29003 4.29003 4.29003 4.29003 4.29003 4.29003 2.62908 0.215886 0.215886 2.63072 3.53528 3.53528
5.69428 6.03472 15.7462 17.3462 17.3462 17.3462 17.3462 17.3462 17.3426 16.6355 15.4068 14.1781 12.9495 12.1259 12.1044 12.1044 12.1044 12.1044 12.1044 12.1044 12.1044 12.1044 8.79277 4.39488 4.32832 4.32832 4.32832 4.32832 4.31155 4.24178 4.16815 4.09451 4.02344 4.00350 4.00350 4.00350 4.00350 4.00350 4.00350 4.00350 4.00350 4.00350 4.86264 4.29268 4.29186 4.29104 4.29025 4.29003 4.29003 4.29003 4.29003 4.29003 4.29003 4.29003 4.29003 4.29003 4.29003 4.29003 4.29003 4.29003 4.29003 3.82996 0.225664 0.215886 1.47547 3.06410 2.45547
5.69428 5.69428 11.7705 17.3462 17.2729 16.3084 15.0786 13.8510 12.6255 12.1044 12.1044 12.1044 12.1044 12.1044 12.1044 12.1044 12.1044 12.1044 12.1044 12.1044 12.1044 12.1044 11.1355 4.96274 4.28515 4.21154 4.13787 4.06424 4.00736 4.00350 4.00350 4.00350 4.00350 4.00350 4.00350 4.00350 4.00350 3.99611 3.70187 3.26129 2.82032 2.37954 2.33599 4.24337 4.29003 4.29003 4.29003 4.29003 4.29003 4.29003 4.29003 4.29003 4.29003 4.29003 4.29003 4.29003 4.29003 4.29003 4.29003 4.29003 4.29003 4.29003 0.975050 0.215886 0.233771 1.23285 1.28941
5.67880 5.58457 7.61161 13.5229 12.3676 12.1044 12.1044 12.1044 12.1044 12.1044 12.1044 12.1044 12.1044 12.1044 12.1044 12.1044 12.1044 12.1044 12.1044 11.9055 10.0895 8.50627 7.36502 5.36221 4.00350 4.00350 4.00350 4.00350 4.00350 4.00350 4.00350 4.00350 4.00350 3.92615 3.52171 3.08113 2.64036 2.20677 2.06004 2.06004 2.06004 2.06004 2.07446 3.87761 4.29003 4.29003 4.29003 4.29003 4.29003 4.29003 4.29003 4.29003 4.29003 4.29003 4.29003 4.29003 4.29003 4.29003 4.29003 4.29003 4.29003 4.29003 2.18634 0.215886 0.215886 1.00154 1.28941
5.26910 5.25807 5.75598 11.6892 12.1044 12.1044 12.1044 12.1044 12.1044 12.1044 12.1044 12.1044 12.1044 12.1044 12.1044 11.5443 9.60222 8.16055 7.10846 6.35716 6.22301 6.22301 6.22301 5.95797 4.01250 4.00350 4.00350 4.00350 4.00350 3.78272 3.34175 2.90078 2.46020 2.09677 2.06004 2.06004 2.06004 2.06004 2.06004 2.06004 2.06004 2.06004 2.06004 3.01968 4.29003 4.29003 4.29003 4.29003 4.29003 4.29003 4.29003 4.29003 4.29003 4.29003 4.29003 4.29003 4.29003 4.29003 4.29003 4.29003 4.29003 4.29003 3.39657 0.367128 0.925958 1.67618 2.22580
5.25807 5.25807 5.27156 9.98790 12.1044 12.1044 12.1044 12.1044 12.1044 12.1044 12.1044 11.0322 9.16130 7.84436 6.86889 6.26447 6.22301 6.22301 6.22301 6.22301 6.22301 6.22301 6.22301 6.20851 4.40014 3.60256 3.16159 2.72081 2.28004 2.06004 2.06004 2.06004 2.06004 2.06004 2.06004 2.06004 2.06004 2.06004 2.06004 2.06004 2.06004 2.06004 2.06004 2.45198 4.26971 4.29003 4.29003 4.29003 4.29003 4.29003 4.29003 4.29003 4.29003 4.29003 4.29003 4.29003 4.29003 4.29003 4.27489 3.98228 3.58589 3.18914 2.77894 2.88390 2.94588 2.94011 2.66894
