High_resolution/powerplant/Chizhou/OMI_NO2_2007_06-08.asc
ncols      200
nrows      200
xllcorner       115.585
yllcorner       28.7700
cellsize     0.0166667
NODATA_Value      -999.000
[rows 58 to 86 of 165, columns 67 to 133 of 200]
1.94609 1.96266 1.96822 1.97916 1.87650 1.88113 1.82589 1.86410 1.84783 1.79779 1.77230 1.78914 1.80686 1.85652 1.91622 1.99019 2.03383 2.08144 2.11953 2.25795 2.25877 2.32371 2.57447 2.63532 2.78721 2.74993 2.74565 2.71356 2.69617 2.68491 2.72980 2.70846 2.76558 2.77253 2.78617 2.72078 2.75281 2.79249 2.80146 2.80677 2.79467 2.85210 2.85634 2.88525 2.95567 3.09810 3.11418 3.12625 3.21871 3.34664 3.34404 3.42266 3.59595 3.68994 3.69317 3.69158 3.67657 3.87898 3.88496 4.28932 4.39696 4.40514 4.41812 4.40251 4.62189 4.89617 4.91182
1.99852 2.01452 2.03399 1.93563 1.75193 1.73739 1.72058 1.71953 1.81100 1.86353 1.93712 2.00814 2.08311 2.11795 2.15666 2.15142 2.15440 2.16029 2.16619 2.28947 2.33759 2.37547 2.54667 2.56733 2.75631 2.72682 2.72534 2.70018 2.69253 2.67488 2.70497 2.68029 2.73616 2.75035 2.74098 2.65199 2.63911 2.69136 2.73208 2.78741 2.81344 2.86240 2.90150 2.92230 2.94163 3.14528 3.15062 3.16607 3.19054 3.32016 3.32401 3.34494 3.57530 3.74380 3.79364 3.79529 3.78015 3.90647 3.94278 4.25227 4.53707 4.54544 4.46443 4.45743 4.54138 4.94803 5.00564
2.03763 2.04119 2.05850 1.97509 1.77394 1.80664 1.88663 1.94552 2.14630 2.17537 2.17913 2.18346 2.19218 2.16763 2.19687 2.19980 2.20628 2.21079 2.21530 2.31043 2.43767 2.46510 2.62904 2.64547 2.84107 2.78778 2.79185 2.65075 2.63161 2.58306 2.59362 2.60600 2.66888 2.70771 2.72220 2.66967 2.66291 2.74031 2.76661 2.81060 2.82700 2.85176 2.89504 2.95648 2.94362 3.13622 3.15249 3.23147 3.25502 3.37812 3.38356 3.38106 3.54215 3.76874 3.83564 3.82586 3.82034 3.89798 4.04646 4.19209 4.65298 4.65275 4.60655 4.67396 4.76834 5.41370 5.70441
2.01256 1.96285 2.04865 2.05956 2.05960 2.11579 2.12217 2.09229 2.24177 2.23820 2.22838 2.21994 2.22073 2.22073 2.22073 2.23774 2.23843 2.24981 2.27924 2.33528 2.39897 2.41413 2.48447 2.55659 2.68423 2.71307 2.72656 2.64069 2.61391 2.57594 2.58555 2.62925 2.70175 2.78559 2.79945 2.76133 2.72863 2.77707 2.81605 2.87021 2.90447 2.90562 2.92724 2.97751 2.96589 3.12724 3.16866 3.19525 3.21435 3.31083 3.32523 3.30615 3.42228 3.75896 3.95340 3.97289 4.03444 4.08563 4.36454 4.38097 4.86210 5.08863 4.97498 4.90141 4.93978 5.37719 5.68270
1.86694 1.87227 2.04811 2.20879 2.06845 2.13376 2.13118 2.06656 2.16909 2.18950 2.22127 2.23208 2.26807 2.29769 2.32733 2.36552 2.39276 2.40911 2.40886 2.40783 2.33183 2.36249 2.40718 2.53191 2.58358 2.66557 2.69366 2.64249 2.60900 2.58667 2.58544 2.60533 2.65324 2.73300 2.77822 2.77106 2.76234 2.77510 2.82396 2.86833 2.89559 2.90653 2.91928 2.96573 2.93456 3.07474 3.15256 3.20421 3.25025 3.30629 3.34679 3.34446 3.38477 3.65539 3.94147 4.13850 4.25814 4.44944 4.80692 4.83498 4.96673 5.20521 4.96747 4.84796 4.85626 5.14225 5.76835
1.87397 1.87495 1.93683 2.17909 2.02769 2.14419 2.20873 2.23140 2.28824 2.36797 2.42634 2.41303 2.44956 2.44961 2.45134 2.44664 2.44757 2.44901 2.45052 2.45195 2.38483 2.38281 2.41001 2.49385 2.52230 2.69930 2.71536 2.73806 2.71339 2.65054 2.64507 2.65201 2.69836 2.73113 2.79694 2.79322 2.78260 2.77973 2.80897 2.80393 2.80418 2.83252 2.87155 2.96844 2.96680 3.06893 3.17289 3.20222 3.27480 3.28334 3.34927 3.37216 3.44261 3.86102 4.30471 4.68922 4.71735 4.80017 4.96832 5.08071 5.02498 5.51893 5.47053 5.58620 5.86448 6.19229 7.15741
1.77582 1.74777 1.72441 2.00955 1.91377 2.13960 2.35654 2.37413 2.35285 2.39620 2.43786 2.44744 2.46587 2.46769 2.46839 2.45968 2.45828 2.45457 2.45084 2.44731 2.39412 2.37837 2.48190 2.54133 2.62412 2.70557 2.78033 2.81726 2.77600 2.69733 2.68007 2.68647 2.78643 2.82233 2.77262 2.75700 2.75054 2.74487 2.80315 2.83176 2.79304 2.78792 2.83193 2.96096 2.95734 3.02732 3.15620 3.19231 3.34401 3.40005 3.48951 3.39008 3.53629 3.89936 4.45222 4.73049 4.78738 4.87129 5.00729 5.19030 5.10145 7.07434 7.28086 7.28120 6.85758 6.79991 7.35961
1.64585 1.69324 1.70925 1.88662 1.89898 1.98580 2.34181 2.39625 2.33358 2.38184 2.41288 2.43000 2.45087 2.45315 2.45444 2.45572 2.46307 2.50609 2.57049 2.68414 2.73953 2.74642 2.78709 2.75826 2.83120 2.76682 2.87725 2.88886 2.87938 2.77732 2.74153 2.71645 2.76808 2.78350 2.76172 2.71499 2.70674 2.70035 2.74142 2.78333 2.74778 2.75886 2.90583 3.10232 3.18609 3.32897 3.44285 3.55725 3.66732 3.65543 3.64943 3.47722 3.57676 3.79433 4.52516 4.84758 4.97491 5.10669 5.13459 5.25966 5.12981 6.67347 7.28501 7.04059 6.61924 6.29825 6.66694
1.58924 1.66039 1.69444 1.77273 1.89971 1.84399 2.34868 2.45012 2.40487 2.43156 2.47712 2.48421 2.49794 2.53959 2.58239 2.62520 2.66079 2.66281 2.68738 2.92466 2.94352 2.91122 2.96209 2.91552 2.87950 2.72192 2.84330 2.85862 2.88161 2.77580 2.74752 2.71871 2.76780 2.81186 2.81149 2.74876 2.81871 2.87517 2.95244 3.06420 3.07960 3.04207 3.21967 3.39821 3.46294 3.53050 3.52992 3.62428 3.74306 3.75267 3.76394 3.71618 3.76832 3.89652 4.48539 4.88913 5.02929 5.19994 5.20566 5.33160 5.24039 6.21247 7.56513 7.28024 6.84280 6.43047 6.62464
1.64989 1.69369 1.73518 1.74409 1.92485 1.82364 2.23633 2.46519 2.51125 2.53361 2.64678 2.69357 2.66679 2.68658 2.71535 2.74412 2.77217 2.79534 2.85896 3.05573 3.05733 3.03802 3.07434 3.04741 2.95797 2.76727 2.78503 2.84731 2.89032 2.88132 2.86281 2.84960 2.87905 2.93555 2.94237 2.85749 2.98642 3.12108 3.19426 3.30810 3.28037 3.27109 3.40810 3.56276 3.63461 3.75013 3.75267 3.80422 3.88783 3.92480 3.90724 3.91016 3.82974 3.95162 4.26718 4.84247 4.98215 5.22631 5.23196 5.31386 5.35965 5.69542 8.12959 7.82978 7.72545 7.33044 7.42833
1.63433 1.62627 1.67565 1.71596 1.88644 1.92812 2.25939 2.70885 2.74002 2.73365 2.86106 2.89233 2.87883 2.88618 2.88385 2.88173 2.88023 2.87835 2.87745 3.00184 3.06102 3.09932 3.04946 3.06677 2.98141 2.79494 2.74129 2.86761 2.91882 2.96567 2.95676 2.93991 2.97633 3.08948 3.17117 3.13552 3.15990 3.31087 3.39186 3.48214 3.44571 3.42480 3.49919 3.69417 3.83036 3.89388 3.87279 3.92340 3.96667 4.02848 3.96631 3.98202 3.82644 4.01063 4.11184 4.90602 5.08097 5.46386 5.49968 5.61191 5.72016 5.83297 8.18455 8.34743 8.20966 7.87885 7.85173
1.73482 1.80040 1.92956 1.96910 2.02604 2.06840 2.07965 2.65747 2.67413 2.69922 2.84021 2.86483 2.85105 2.84493 2.86005 2.88498 2.90893 2.93071 2.95113 3.05217 3.17452 3.24343 3.08244 3.12056 3.03675 2.84836 2.72627 2.84234 2.90351 2.98879 3.01299 3.01228 3.04173 3.07528 3.12629 3.13117 3.10981 3.28827 3.38932 3.44942 3.44608 3.45274 3.50855 3.73238 3.79467 3.88248 3.86476 3.92472 3.99160 4.11240 4.11749 4.32648 4.37530 4.62538 4.74696 5.44485 5.63363 6.02626 6.23390 6.39162 6.43432 6.59280 7.95974 8.77640 8.50373 8.23391 8.26245
1.86739 1.85207 1.87405 1.88377 1.87628 1.98434 1.91999 2.61177 2.83112 2.86279 3.02712 3.04762 3.10349 3.10032 3.11116 3.11116 3.11116 3.11047 3.10931 3.12790 3.27090 3.34366 3.17129 3.17392 3.07644 2.96207 2.85530 2.95731 3.06432 3.10032 3.16369 3.15068 3.18267 3.23089 3.24022 3.25913 3.22475 3.36850 3.57172 3.56023 3.60484 3.67287 3.83771 4.00849 4.13911 4.33959 4.43305 4.53552 4.65588 4.78674 4.85779 5.10386 5.16580 5.27491 5.34421 5.81660 6.42025 6.84626 7.12266 7.41995 7.30264 7.58560 8.20767 9.39958 9.18144 8.71132 8.10398
1.81804 1.82538 1.86449 1.91036 1.87623 1.97398 1.86614 2.39036 2.85097 2.95182 3.06506 3.05233 3.15836 3.12712 3.12835 3.12643 3.11423 3.09969 3.11316 3.12261 3.23346 3.32629 3.21451 3.13075 3.04477 2.96348 2.98135 3.04813 3.21453 3.14636 3.17235 3.15405 3.14010 3.14558 3.28481 3.35206 3.39273 3.47373 3.71670 3.68114 3.83483 4.11532 4.44065 4.52235 4.54983 4.65581 4.74318 4.75368 4.78030 4.78321 4.84333 4.99511 5.22129 5.89332 6.13802 6.54494 7.36701 7.88324 8.09282 8.26436 8.24875 8.35099 8.42028 9.04914 8.91504 8.59664 8.29245
1.73427 1.72108 1.72625 1.76685 1.74750 1.81905 1.81532 2.07747 2.66157 2.71920 2.82426 2.85420 2.95038 2.94155 2.93035 2.92225 2.92685 2.91962 2.94243 3.01667 3.06272 3.12389 3.03518 2.83413 2.82802 2.84456 2.85777 2.87093 3.07222 3.03577 3.08435 3.14649 3.21427 3.24617 3.36471 3.43776 3.50029 3.49615 3.80930 3.71188 3.71248 3.93676 4.36942 4.41363 4.44576 4.49610 4.59799 4.61720 4.64910 4.69364 4.82722 4.92687 5.15738 6.69158 6.78643 7.03879 7.93300 8.13969 8.34566 8.59143 8.65171 8.60457 8.60125 8.71761 8.92628 8.67094 8.35161
1.78051 1.78436 1.79195 1.82683 1.82096 1.85688 1.89946 1.91708 2.43489 2.50045 2.64384 2.74852 2.80942 2.89212 2.91436 2.90250 2.87980 2.83585 2.82690 2.86088 2.86769 2.92998 2.91503 2.73439 2.73805 2.80159 2.81974 2.83360 2.99880 3.05889 3.07995 3.10115 3.15286 3.15059 3.19475 3.32995 3.39444 3.39042 3.56253 3.56352 3.60902 3.73490 4.25385 4.35694 4.46568 4.52852 4.68351 4.70383 4.69760 4.69138 4.77880 5.05195 5.34483 6.59380 7.23207 7.57458 8.19112 8.70102 8.75739 9.06388 9.19920 9.32554 9.29778 9.10721 9.48551 9.04234 8.60113
1.91783 1.93174 1.96226 1.97285 1.96759 2.00224 2.12471 2.09615 2.60256 2.77964 2.81439 2.86283 2.84801 2.89573 2.87732 2.83881 2.82300 2.80813 2.81047 2.88973 2.88796 2.99349 2.96147 2.82051 2.71080 2.76661 2.79960 2.78973 2.86421 3.00005 3.00544 3.02225 3.10119 3.09498 3.14651 3.27558 3.34579 3.35844 3.50648 3.69065 3.73965 3.96877 4.34721 4.48787 4.54955 4.56368 4.88749 5.27126 5.42754 5.55138 5.68027 5.92383 6.12452 6.73176 7.66019 7.91470 8.29316 9.09074 9.06045 9.33792 9.76537 9.87877 9.83841 9.83648 10.5099 9.90324 9.65053
2.05825 2.04728 2.06021 2.04834 2.06112 2.14529 2.23887 2.18712 2.47742 2.70851 2.69684 2.78723 2.80235 2.88317 2.90013 2.88868 2.83037 2.80773 2.78951 2.86679 2.86698 2.94744 2.87577 2.81619 2.60652 2.68786 2.77614 2.77854 2.80884 2.99601 3.00837 3.03564 3.10216 3.10917 3.16769 3.25375 3.38522 3.43922 3.58444 3.82886 3.82695 4.10688 4.45933 4.68828 4.81606 4.90548 5.09978 5.67878 5.72575 5.77981 5.79437 5.94417 6.10738 6.40655 7.38909 7.62072 7.78942 8.58247 8.69292 8.99351 9.53087 9.44944 9.43529 9.42202 9.99901 9.85776 9.37299
2.04450 2.02800 2.03791 2.03534 2.01815 2.08189 2.17063 2.16058 2.34567 2.79521 2.79564 2.87683 2.90958 2.86807 2.86785 2.86661 2.81547 2.80780 2.80631 2.92542 2.97291 2.99490 2.94077 2.94393 2.63434 2.70415 2.78823 2.80599 2.83841 3.02684 3.06974 3.12026 3.17301 3.19953 3.26390 3.39377 3.49162 3.54656 3.63738 4.00940 3.97199 4.21849 4.53512 4.72601 4.80404 4.85872 4.88365 5.51486 5.60315 5.77853 5.79380 5.92428 6.05979 6.10880 7.37720 7.86294 8.02777 8.50548 8.81565 9.20141 9.63702 9.31884 9.01106 8.73106 9.05534 9.35644 9.04287
2.09681 2.10948 2.12160 2.09550 2.10990 2.19560 2.33859 2.36897 2.37469 2.80058 2.82302 2.87263 2.93703 2.87963 2.89571 2.91340 2.89129 2.85972 2.83781 2.93766 2.97109 2.94943 2.78834 2.83322 2.57956 2.66025 2.74749 2.80970 2.80879 2.89381 3.00122 3.06201 3.12437 3.15725 3.27382 3.45972 3.67409 3.67642 3.78316 4.06640 4.06699 4.23262 4.53158 4.88006 4.98956 5.03741 5.03702 5.47669 5.62599 5.77708 5.77924 5.88214 6.03111 5.99188 7.00002 7.82476 8.03305 8.24801 8.28168 8.30355 8.52978 8.40347 8.16385 7.95266 7.95363 8.26130 7.50668
2.22559 2.22806 2.23570 2.21670 2.22459 2.32263 2.47004 2.54850 2.52962 2.83998 2.95425 2.98148 3.01765 2.94682 2.93127 2.93226 2.90536 2.84794 2.87133 2.96316 3.02290 3.02980 2.87095 2.86677 2.65158 2.66414 2.74692 2.81508 2.82943 2.95730 3.22509 3.36727 3.42660 3.49738 3.59835 3.73432 3.89603 3.99520 4.13492 4.38495 4.50186 4.57080 4.76913 4.90961 5.02205 5.03464 5.00031 5.38671 5.72554 5.82593 5.85213 5.91676 6.03118 5.98540 6.56215 7.40974 7.37488 7.19066 7.07593 6.98004 7.02628 6.90466 6.95509 6.92418 6.88148 7.20161 6.18737
2.40879 2.47831 2.52867 2.59897 2.64933 2.64076 2.68446 2.71481 2.64114 2.74272 2.86786 2.87823 2.91302 2.87395 2.86789 2.88673 2.88487 2.87178 2.88737 2.95277 3.01327 3.01805 2.87051 2.87527 2.77322 2.80440 3.00998 3.21113 3.22735 3.39688 3.61171 3.76756 3.83288 3.97357 4.08877 4.19504 4.35099 4.46384 4.43829 4.51880 4.66026 4.62250 4.80936 4.88220 4.98045 4.99468 4.94596 5.17414 5.75978 5.87344 5.95477 6.01395 6.14233 6.19135 6.32216 6.57903 6.57850 6.47869 6.44810 6.42217 6.59269 6.51915 6.55901 6.52162 6.53340 6.47176 5.84406
2.69561 2.71395 2.72106 2.76173 2.74225 2.58921 2.63560 2.70164 2.66205 2.69599 2.87927 2.91065 2.94213 2.90008 2.85688 2.84554 2.82656 2.80579 2.83392 2.88167 2.92467 2.97856 2.93603 2.98134 2.95733 2.91667 3.14033 3.40013 3.40709 3.48198 3.60897 3.75808 3.80182 3.96005 4.07165 4.20153 4.33496 4.45747 4.40679 4.47252 4.66509 4.59707 4.83410 5.00980 5.17345 5.25162 5.31600 5.39852 6.04938 6.05423 5.98234 5.97801 5.98792 6.01261 5.92663 6.23685 6.25064 6.07999 5.94148 5.90776 6.15767 6.06172 6.14687 6.10443 6.06210 5.96706 5.71433
2.76385 2.77990 2.77613 2.82114 2.80122 2.59391 2.57126 2.63354 2.60547 2.55422 2.68875 2.72328 2.80646 2.81229 2.76262 2.75905 2.71122 2.76182 2.79471 2.82785 2.85026 2.91620 2.90050 2.96975 2.97246 2.88471 3.15285 3.34338 3.46719 3.50200 3.60540 3.77393 3.84332 3.96816 4.10822 4.30175 4.43355 4.54074 4.54608 4.59528 5.05339 5.08152 5.14697 5.28048 5.35754 5.34682 5.37870 5.38954 5.87717 5.90226 5.67625 5.60979 5.57791 5.50008 5.42420 5.60953 5.72560 5.67120 5.52666 5.53623 5.79165 5.73821 5.85806 5.86445 5.84830 5.77845 5.66351
2.70673 2.70065 2.68408 2.70480 2.65533 2.47970 2.40535 2.42084 2.46873 2.42867 2.59230 2.68564 2.79541 2.81228 2.78164 2.74072 2.69170 2.72865 2.79415 2.81829 2.82262 2.93545 2.90745 3.01909 3.03396 2.96772 3.21085 3.38000 3.63542 3.65445 3.75487 3.87757 3.99998 4.08680 4.24174 4.45336 4.58481 4.63940 4.71039 4.68146 5.00605 5.18982 5.19020 5.39786 5.44127 5.43570 5.43042 5.42647 5.54575 5.61534 5.46926 5.44054 5.42159 5.35203 5.35384 5.51075 5.77499 5.78403 5.60030 5.54347 5.77495 5.72233 5.72973 5.64200 5.62336 5.55119 5.50520
2.71332 2.68333 2.67931 2.70840 2.64623 2.53612 2.44163 2.45505 2.51002 2.43487 2.53855 2.68437 2.77678 2.84463 2.84283 2.86525 2.84983 2.86763 2.93329 2.89985 2.88439 2.95828 2.93603 3.02957 3.03988 3.03037 3.24272 3.41539 3.71271 3.72296 3.78670 3.87559 4.03402 4.10577 4.35622 4.58792 4.75600 4.79139 4.90503 4.82184 4.95523 5.33465 5.27110 5.54049 5.62355 5.63062 5.60649 5.56358 5.65306 5.76386 5.64164 5.54374 5.53098 5.39440 5.34319 5.35032 5.59369 5.56793 5.30103 5.08353 5.33708 5.30869 5.35618 5.21162 5.08590 4.89572 4.69927
2.66670 2.62379 2.63421 2.65861 2.62459 2.55009 2.45010 2.46684 2.53290 2.47350 2.51335 2.69936 2.77095 2.89216 2.91542 2.93040 2.90664 2.87003 2.93570 2.90734 2.86860 2.89850 2.95168 3.03823 3.08295 3.10563 3.26498 3.50164 3.77666 3.91508 4.04464 4.20672 4.41023 4.52236 4.71258 4.92288 5.18784 5.10994 5.28218 5.14499 5.09686 5.43564 5.37885 5.56684 5.66874 5.62210 5.51672 5.38036 5.34414 5.43496 5.29154 5.11379 5.15441 5.12070 5.11198 5.20323 5.41546 5.55181 5.42755 5.06525 4.97355 4.85226 4.80191 4.70746 4.68570 4.52611 4.33818
2.64755 2.60595 2.60033 2.62243 2.57706 2.52808 2.45256 2.44131 2.48628 2.43949 2.40799 2.55990 2.61137 2.84366 2.92625 2.95095 3.00715 2.95665 3.01271 3.02409 3.06306 3.06808 3.16217 3.24409 3.30700 3.31870 3.37840 3.84796 4.03008 4.17634 4.20973 4.30356 4.33755 4.44449 4.63226 4.79117 5.10099 5.01237 5.18652 5.16406 5.13814 5.32188 5.39018 5.30259 5.15609 5.02894 4.91618 4.76358 4.73024 4.87942 4.80977 4.61991 4.83413 4.89294 5.06545 5.23008 5.21695 5.31708 5.19184 4.79669 4.61368 4.42734 4.29074 4.07830 3.86563 3.80386 3.73896
2.64003 2.59459 2.55352 2.52781 2.45809 2.41681 2.36085 2.29244 2.31681 2.35980 2.36040 2.45684 2.55442 2.91390 3.10700 3.14635 3.23555 3.17752 3.18207 3.17714 3.21088 3.17034 3.29516 3.37415 3.48624 3.52351 3.58090 3.97650 4.11094 4.33887 4.37142 4.44473 4.47518 4.68084 4.88487 5.03941 5.34518 5.00691 5.17856 5.09708 5.11174 5.08329 5.21331 5.12889 4.97090 4.86260 4.77771 4.68138 4.66265 4.85246 4.88536 4.57747 4.67158 4.68474 4.57905 4.57509 4.35185 3.87602 4.03743 3.82454 3.72832 3.59520 3.55786 3.46144 3.34991 3.27405 3.35266
