High_resolution/powerplant/Chizhou/OMI_NO2_201010.asc
ncols      200
nrows      200
xllcorner       115.585
yllcorner       28.7700
cellsize     0.0166667
NODATA_Value      -999.000
[rows 0 to 28 of 164, columns 132 to 197 of 200]
5.52223 5.42029 5.23417 5.23417 5.23417 5.23417 5.23417 5.89189 7.67827 8.92524 9.81571 10.2006 10.2014 10.2014 10.2014 10.2014 10.2014 10.2014 10.2014 12.7337 4.26990 4.26990 4.26990 4.26990 4.26990 4.26990 4.26990 4.26990 4.26990 4.26990 4.26990 4.29682 5.48429 6.82235 7.78568 8.60661 10.0399 12.4280 17.3772 20.3940 20.5329 20.4815 20.4815 20.4815 20.6764 21.4180 21.4180 21.4180 21.4180 21.4180 21.4180 21.4180 20.8412 12.6201 16.0308 27.0791 27.0791 27.0791 27.0791 27.0791 27.0791 27.0791 27.0791 27.0791 27.0791 27.0791
5.52223 5.50394 5.23944 5.56269 7.32893 8.68399 9.63964 10.1777 10.2014 10.2014 10.2014 10.2014 10.2014 10.2014 10.2014 10.2014 10.2014 10.2014 10.2014 11.6446 12.1709 4.26990 4.26990 4.26990 4.26990 4.26990 4.26990 4.58822 6.07432 7.26146 8.26210 8.93586 9.16466 9.59032 10.3858 11.0314 12.5650 14.7061 17.6340 19.4754 20.4815 20.4815 20.4815 20.4815 20.5050 21.3555 21.4180 20.2928 18.5380 17.2331 16.2253 15.4223 14.9174 12.0756 11.1610 27.0791 27.0791 27.0791 27.0791 27.0791 27.0791 27.0791 27.0791 26.9303 24.9657 23.1694
7.18386 8.61937 9.49432 10.1209 10.2014 10.2014 10.2014 10.2014 10.2014 10.2014 10.2014 10.2014 10.2014 10.2014 10.2014 10.2014 10.2014 10.2014 10.2014 10.6228 15.1686 4.26990 4.26990 5.14543 6.64520 7.87351 8.66340 9.13561 9.23360 9.54544 10.3039 10.9661 11.5397 11.8522 11.8557 11.8557 12.0160 14.6426 16.4834 18.7834 20.4815 20.4302 19.6301 18.7213 17.9481 16.5205 15.2122 14.8895 14.8895 14.8895 14.8895 14.8895 14.8895 13.6838 8.36109 24.4367 27.0791 27.0791 27.0791 26.9205 24.9441 23.1546 21.8920 20.9965 20.9739 23.3576
10.3454 10.3454 10.2817 10.2014 10.2014 10.2014 10.2014 10.2014 10.2014 10.2014 10.2014 10.2014 10.2014 10.2014 10.2014 10.2014 10.2014 10.2014 10.1937 10.1769 13.1530 9.98094 8.96406 9.24102 9.28648 9.48643 10.2269 10.8995 11.4822 11.8436 11.8557 11.8557 11.8557 11.8557 11.8557 11.8557 11.8604 14.0007 15.3825 16.6280 17.0704 16.5672 16.4413 16.4413 16.4413 16.0257 14.8895 14.8895 14.8895 14.8895 14.8895 14.8895 14.8895 14.7304 8.69817 18.9357 24.9225 23.1398 21.8790 22.0493 24.6928 27.1657 29.2930 31.1414 32.6863 33.0345
10.3454 10.3454 10.3250 10.2014 10.2014 10.2014 10.2014 10.2014 10.2014 10.2014 10.2014 10.2014 10.2014 10.2014 10.1619 9.96930 9.79639 9.65341 9.53533 9.51680 12.0025 11.7096 10.1522 10.8324 11.4237 11.8291 11.8557 11.8557 11.8557 11.8557 11.8557 11.8632 11.8945 11.9277 11.9609 11.9940 12.0225 13.2999 14.9019 15.6915 16.2004 16.4413 16.4413 16.4413 16.4413 16.3840 14.9586 14.8895 14.8895 14.8895 14.8895 14.8868 14.8553 14.8347 14.7540 20.2433 28.2254 30.2095 31.9434 33.0051 33.0345 33.0345 33.0345 33.0345 33.0345 33.0345
10.3454 10.3454 10.3454 10.2247 10.2014 10.2014 10.2014 10.2014 10.2014 10.1875 10.0607 9.86672 9.70759 9.57480 9.48062 9.47140 9.47140 9.48379 9.64161 9.84128 11.5677 14.0560 12.2152 11.8557 11.8557 11.8557 11.8666 11.8992 11.9323 11.9655 11.9987 12.0244 12.0262 12.0262 12.0262 12.0262 12.0262 12.4634 14.8737 15.4701 15.9729 16.4413 16.4413 16.4413 16.4413 16.4413 15.5070 14.8867 14.9246 15.2319 15.5140 15.7549 16.0469 16.3502 20.9916 26.9823 32.7647 33.0345 33.0345 33.0345 33.0345 33.0345 33.0345 33.0345 33.0345 33.0345
10.3454 10.3454 10.3454 10.2678 10.1884 10.1097 9.94870 9.76972 9.62264 9.50968 9.47207 9.47140 9.47140 9.47321 9.59847 9.79806 9.99773 10.1850 10.2269 10.2269 10.8042 13.5526 12.6749 11.9370 11.9701 12.0033 12.0256 12.0262 12.0262 12.0262 12.0262 12.0262 12.0262 12.0262 12.0262 12.0262 12.0262 12.0264 14.4739 15.1922 15.6822 16.4349 16.4413 16.5636 16.8487 17.1266 16.9164 16.1740 16.4080 16.4366 16.4366 16.4366 16.4366 16.4366 17.9813 26.7951 31.1396 33.0345 33.0345 33.0345 33.0320 32.9187 32.7457 32.5725 32.3995 32.2263
10.2549 10.1463 9.94965 9.74385 9.55130 9.49120 9.47140 9.47140 9.47140 9.47140 9.55594 9.75500 9.95459 10.1525 10.2269 10.2269 10.1346 9.92306 9.73671 9.57060 9.48685 11.4375 12.3043 12.0262 12.0262 12.0262 12.0262 12.0262 12.0262 12.0262 12.0262 12.0262 12.0262 12.0262 12.0241 11.9696 11.8925 11.8175 13.4825 15.0333 16.0031 17.1963 17.8207 17.9762 17.9688 17.9688 17.8753 16.4745 16.4366 16.4366 16.4366 16.4366 16.4366 16.4366 16.4366 25.4560 29.7223 32.6633 32.4903 32.3171 32.1465 32.0867 32.0867 32.0867 32.0867 32.0867
9.51737 9.54713 9.53598 9.53515 9.47624 9.47140 9.52088 9.71186 9.91138 10.1111 10.2263 10.1355 9.92504 9.73846 9.57218 9.42303 9.34078 9.34004 9.34004 9.34004 9.34004 10.7069 12.2247 12.0623 12.0262 12.0262 12.0262 12.0262 12.0262 12.0262 12.0105 11.9385 11.8674 11.8833 11.9304 12.0296 12.1361 12.2290 13.1884 15.6892 16.3768 17.1207 17.9688 17.9688 17.9688 17.9688 17.9688 16.8841 16.4366 16.4366 16.7315 17.4311 18.1330 18.8355 19.5373 25.9915 30.7056 32.0842 32.0867 32.0867 32.0867 32.0867 32.0867 32.0867 32.0867 32.0867
9.23911 9.53598 9.55970 9.73323 9.89170 10.0679 10.1281 9.92702 9.74022 9.57375 9.42445 9.34091 9.34004 9.34004 9.34004 9.34004 9.34004 9.34004 9.34004 9.34004 9.34004 9.92866 12.0410 12.1871 12.0262 12.0261 11.9845 11.9195 11.9456 11.9905 12.0509 12.1677 12.2710 12.2729 12.2460 12.2192 12.2078 12.2078 12.3009 15.5132 16.1272 16.7236 17.9688 17.9688 17.9871 18.4809 19.1827 19.3026 19.0544 19.7562 20.1635 20.1657 20.1657 20.1657 20.1657 23.0362 30.5243 31.8116 32.0867 32.0867 32.0867 32.0867 32.0483 31.7603 31.4271 31.0940
9.37776 10.0763 10.1935 10.1648 10.0994 10.0249 9.41630 9.34004 9.34004 9.34004 9.34004 9.34004 9.34004 9.34004 9.34004 9.34004 9.34004 9.34004 9.34004 9.34004 9.34004 9.44080 11.5616 12.2409 12.0527 12.0975 12.1840 12.2937 12.3024 12.2757 12.2488 12.2220 12.2078 12.2078 12.2078 12.2078 12.2078 12.2078 12.2078 14.6185 16.1805 17.6075 19.7495 20.8056 21.4895 21.6980 21.6980 21.5893 20.1951 20.1657 20.1657 20.1657 20.1657 20.1657 20.1657 20.4756 30.0737 31.3574 32.0467 31.7577 31.4271 31.0940 30.6226 29.8420 29.0662 28.2898
9.56165 10.0087 10.0525 10.0525 10.0488 10.0048 9.61294 9.34004 9.34004 9.34004 9.34004 9.34004 9.34004 9.34004 9.34004 9.34004 9.34004 9.37323 9.59371 9.83925 10.0840 10.3356 11.6932 12.4951 12.3148 12.2785 12.2516 12.2248 12.2080 12.2078 12.2078 12.2078 12.2078 12.2078 12.2603 12.4979 12.7510 13.0045 13.2575 14.8402 17.0118 19.1535 20.4593 21.6980 21.6980 21.6980 21.6980 21.6980 20.5893 20.1657 20.1657 20.1657 20.1657 20.1657 20.1257 19.8359 26.7012 29.4049 29.5193 28.7001 27.9233 27.1479 26.5482 26.5075 26.5075 26.5075
9.54733 9.85102 10.0525 10.0525 10.0525 10.0167 9.81214 9.34004 9.34004 9.34004 9.34004 9.34004 9.38937 9.64400 9.89167 10.1367 10.3814 10.5929 10.6195 10.6195 10.6085 10.5454 11.0829 12.1620 12.3243 12.2078 12.2078 12.2078 12.2078 12.2871 12.5349 12.7882 13.0414 13.2948 13.4954 13.5115 13.5115 13.5115 13.5115 13.8664 16.9700 18.4932 19.7791 21.6980 21.6980 21.6980 21.6980 21.6980 21.0919 20.1657 20.1241 19.8975 20.0753 20.3370 20.6382 21.1883 23.0781 24.9705 26.4071 26.5075 26.5075 26.5075 26.5075 26.5075 26.5075 26.5075
9.54733 9.68968 10.0525 10.0525 10.0525 10.0312 9.98265 9.41595 9.67313 9.94175 10.1895 10.4342 10.6296 10.6196 10.6195 10.6195 10.6155 10.5609 10.4909 10.4214 10.3626 10.3559 10.5182 11.9093 12.4957 12.5719 12.8252 13.0785 13.3320 13.5060 13.5115 13.5115 13.5115 13.5115 13.5115 13.5115 13.5115 13.5115 13.5115 13.5115 16.3064 17.8048 19.5371 21.5773 21.6980 21.6980 21.9302 22.9763 23.9427 21.1833 21.4130 21.9005 21.9847 21.9847 21.9847 21.9847 22.3327 24.9409 25.9785 26.5075 26.5075 26.5075 26.5075 26.5075 26.1304 25.4160
9.54733 9.55915 10.0391 10.2287 10.4105 10.5726 11.1508 10.8897 10.6432 10.6195 10.6195 10.6195 10.6190 10.5763 10.5065 10.4367 10.3711 10.3559 10.3559 10.4328 10.6347 10.8608 11.1129 12.9570 14.0519 13.5117 13.5115 13.5115 13.5115 13.5115 13.5115 13.5115 13.5115 13.5115 13.5115 13.5115 13.5115 13.5159 13.5765 13.6625 15.8805 18.8604 22.6256 23.6972 24.8459 25.9943 26.9120 27.0141 27.0141 23.2926 21.9847 21.9847 21.9847 21.9847 21.9847 21.9847 21.9847 24.4332 25.4816 25.7829 25.0665 24.3533 23.6369 22.9233 22.5843 22.5843
10.1156 10.5197 10.8536 10.7266 10.6593 10.6485 11.1813 11.0246 10.6195 10.5915 10.5219 10.4522 10.3829 10.3559 10.4311 10.6316 10.8575 11.1103 11.3944 11.5799 11.5814 11.5814 11.5814 12.5422 13.9264 13.6486 13.5115 13.5115 13.5115 13.5115 13.5115 13.5115 13.5115 13.5320 13.6093 13.7173 14.3006 15.1700 15.9698 17.0979 19.2615 23.2407 26.1507 27.0141 27.0141 27.0141 27.0141 27.0141 27.0141 24.9381 21.9847 21.9847 21.9847 22.1928 22.8168 23.4515 24.0861 26.3124 27.7318 22.6239 22.5843 22.5843 22.5843 22.5843 22.5843 22.5843
11.6453 11.6664 11.2681 10.6485 10.6485 10.6325 10.9086 11.0678 10.4018 10.4297 10.6295 10.8537 11.1069 11.3914 11.5796 11.5814 11.5814 11.5814 11.5814 11.5814 11.5814 11.5814 11.5814 11.9038 13.6963 13.8567 13.5115 13.5115 13.5122 13.5599 13.6876 14.3102 15.1553 16.0496 16.8001 17.8622 18.6322 19.1875 19.7278 19.8905 19.9246 23.5482 25.3553 27.0141 27.0141 27.0141 27.0141 27.0185 27.4051 27.5633 23.6915 24.2797 24.9149 25.3412 25.3523 25.3523 25.3523 26.0880 28.3127 23.7785 22.5843 22.5843 22.5843 22.5843 22.5843 22.5320
11.6664 11.6566 11.5204 10.5386 10.5510 10.8757 11.4144 12.2884 11.7199 11.5793 11.5814 11.5814 11.5814 11.5814 11.5814 11.5814 11.5814 11.5814 11.5814 11.5814 11.5814 11.5814 11.5814 11.5848 13.3618 14.1475 14.3184 15.1292 16.0574 16.9019 17.5849 18.0198 18.5757 19.1308 19.6814 19.8905 19.8905 19.8905 19.8905 19.8905 19.8905 22.4083 24.4460 27.5990 28.2335 28.8683 29.5031 30.1339 30.3817 30.3817 26.5679 25.3523 25.3523 25.3523 25.3523 25.3523 25.3523 25.4068 28.1368 25.4352 22.5843 22.5286 22.2835 22.0198 21.7575 21.4036
11.9735 12.4113 12.9186 12.3474 12.2609 12.2734 12.2817 12.8609 12.3515 11.5814 11.5814 11.5814 11.5814 11.5814 11.5814 11.5814 11.5814 11.5814 11.5814 11.5814 11.7626 12.6284 13.7318 15.0676 17.5315 20.2358 17.8828 17.9649 18.5186 19.0740 19.6293 19.8905 19.8905 19.8905 19.8905 19.8905 19.8905 19.8864 19.8622 19.8353 19.8083 21.1250 23.7629 29.5977 30.3817 30.3817 30.3817 30.3817 30.3817 30.3817 28.2139 25.3523 25.3523 25.3523 25.3523 25.3523 25.3523 25.2949 27.0295 26.5236 21.2751 20.1647 19.2447 18.3409 17.4381 16.6789
13.8329 13.8329 13.8329 13.1457 12.2734 12.2734 12.2734 12.6798 12.7087 11.5814 11.5814 11.5814 11.5814 11.5814 11.5814 11.6580 12.3258 13.3296 14.5302 15.9905 17.3070 17.4077 17.4077 17.2431 16.9795 18.8053 20.2352 19.8892 19.8905 19.8905 19.8905 19.8905 19.8840 19.8583 19.8314 19.8045 19.7776 19.7548 19.7521 19.7521 19.7521 19.9950 23.6739 27.6680 30.3817 30.3817 30.3817 30.3817 30.3817 30.3817 29.8319 25.3805 25.3523 25.2914 25.1181 25.7034 26.4841 27.3243 26.6246 22.7000 17.0761 16.5930 16.5930 16.5930 16.5930 16.5930
13.8077 13.8329 13.8329 13.6884 12.2938 12.2734 12.2734 12.4893 12.9055 11.7706 11.6573 12.1352 12.9771 14.0645 15.3708 16.8574 17.4077 17.4077 17.4077 17.3235 16.7955 16.2023 15.6094 15.1811 15.1618 17.3824 20.0039 19.8811 19.8545 19.8275 19.8006 19.7737 19.7533 19.7521 19.7521 19.7521 19.7521 19.7521 19.7521 19.7521 19.7521 19.7521 22.7433 25.7270 30.3817 30.3817 30.3817 30.3817 30.3817 30.4945 30.8312 27.9583 27.8552 28.6981 29.6525 29.8502 29.8502 29.8502 29.1289 22.3600 18.6873 16.5930 16.5930 16.5930 16.5930 16.5930
13.6266 13.8329 13.8329 13.8329 12.6047 12.3409 12.8996 13.6537 14.5342 15.1234 16.1571 17.1586 17.4077 17.4077 17.4077 17.3774 16.9210 16.3281 15.7352 15.2265 15.1618 15.1618 15.1618 15.1618 15.1618 16.5735 19.1603 19.7838 19.7521 19.7521 19.7521 19.7521 19.7521 19.7521 19.7521 19.7521 19.7521 19.7521 19.7521 19.7521 19.7521 19.7521 21.5679 24.0103 30.6985 31.8673 32.2826 32.6201 32.9592 33.1842 33.1847 31.6872 29.8502 29.8502 29.8502 29.8502 29.8502 29.8502 29.8502 23.8198 20.3439 16.6127 16.8297 17.1301 17.4742 17.8729
13.5671 14.5183 15.3934 16.2677 16.2966 16.5895 17.3671 17.9908 17.4466 17.2724 17.4077 17.4044 17.0468 16.4539 15.8610 15.2986 15.1618 15.1618 15.1618 15.1618 15.1618 15.1618 15.1618 15.1618 15.1618 15.7656 17.9446 20.0621 19.7521 19.7521 19.7521 19.7521 19.7521 19.7521 19.7521 19.7521 19.7521 19.7521 19.7752 20.5753 21.7599 22.8816 24.0635 27.4377 31.9680 33.2622 33.1847 33.1847 33.1847 33.1847 33.1847 32.7688 29.8593 29.8502 29.8502 29.8502 29.6145 28.7666 27.8864 23.1571 18.5128 18.5339 18.6563 18.6563 18.6563 18.6563
17.7249 18.0284 18.0563 18.0563 18.0563 18.0563 18.0563 18.0563 17.5326 16.6805 16.0049 15.3972 15.1618 15.1618 15.1618 15.1618 15.1618 15.1618 15.1618 15.1618 15.1618 15.1618 15.1618 15.1618 15.1618 15.1863 17.6575 19.5040 19.7521 19.7521 19.7521 19.7521 19.7521 19.8172 20.7383 21.9223 23.1069 24.2557 24.8760 24.5531 23.8464 23.2037 23.0873 26.0945 29.3439 33.1847 33.1847 33.1847 33.1847 33.1847 33.1838 32.7020 29.1698 27.6081 26.7283 25.8486 25.2046 25.1733 25.1733 23.5051 17.6445 18.3392 18.6563 18.6563 18.6563 18.6563
18.0285 17.8440 18.0563 18.0563 17.9637 17.5883 17.1929 16.7959 16.3998 15.5289 15.2350 15.1618 15.1618 15.1618 15.1618 15.1618 15.1618 15.1618 15.1618 15.1618 15.1618 15.1618 15.1618 15.1618 15.1618 15.1618 16.8732 18.7382 19.8823 20.9002 22.0842 23.2688 24.4546 25.5565 25.3350 24.6288 23.9225 23.2513 23.0863 23.0863 23.0863 23.0863 23.0863 25.0824 27.4063 33.1224 32.4238 31.5440 30.6638 29.7846 28.9058 28.5078 26.9442 25.1733 25.1733 25.1733 25.1733 25.1733 25.1733 25.0965 18.2332 18.0273 18.6563 18.6563 18.7787 19.1450
17.9972 17.3705 17.2808 16.8808 16.5276 16.4709 16.4308 16.3958 16.3939 15.3488 15.1618 15.1618 15.1618 15.1618 15.1618 15.1618 15.1618 15.1618 15.1618 15.1618 15.1618 15.1618 15.1618 15.1168 14.8172 14.4778 17.0746 25.2294 25.8286 25.8330 25.4109 24.7047 23.9982 23.3071 23.0863 23.0863 23.0863 23.0863 23.0863 23.0863 23.1091 23.2574 23.4249 24.5751 27.2250 28.4852 28.5078 28.5078 28.5078 28.5078 28.5078 28.5078 28.0310 25.1756 25.1733 25.1733 25.1733 25.1733 25.1733 25.1733 20.4211 18.1301 19.5204 19.4499 18.6341 17.3116
17.4088 16.8472 16.4012 16.3939 16.3939 16.3939 16.3939 16.3939 16.3939 15.7165 15.1618 15.1618 15.1618 15.1618 15.1618 15.1618 15.1618 15.1618 15.1168 14.8172 14.4778 14.1383 13.7988 13.5043 13.4644 13.4644 14.3841 27.2130 25.2403 23.3712 23.0863 23.0863 23.0863 23.0863 23.0863 23.1226 23.2803 23.4479 23.6155 23.7828 23.9276 23.9467 23.9467 24.0583 27.2696 28.0110 28.5078 28.5078 28.5078 28.5078 28.5078 28.5078 28.5078 25.7881 25.1733 25.1733 25.2589 25.4115 24.4155 23.0773 19.8880 15.0752 12.4148 10.3531 10.3511 10.3511
17.1831 17.4394 16.4059 16.3939 16.3939 16.3939 16.3939 16.3939 16.3939 16.0838 15.1618 15.1618 15.1618 15.1185 14.8206 14.4812 14.1417 13.8022 13.5055 13.4644 13.4644 13.4644 13.5527 13.8793 14.2194 14.5594 14.7520 24.7812 26.1892 23.0863 23.1393 23.3034 23.4708 23.6383 23.8059 23.9370 23.9467 23.9467 23.9467 23.9467 23.9467 23.9467 23.9467 23.9467 26.3674 27.6910 28.5078 28.5078 28.5078 28.5078 28.5078 28.5078 28.0982 25.0560 22.3429 21.0046 19.5822 18.0946 17.7529 17.7529 17.5091 13.0670 11.8310 10.3511 10.3511 10.3511
17.1666 17.5500 16.4179 16.3939 16.3939 16.3939 16.3939 16.3939 16.3528 15.9813 14.5467 14.1417 13.8022 13.5060 13.4644 13.4644 13.4644 13.4644 13.5085 13.8076 14.1476 14.4876 14.7397 14.7528 14.7528 14.4118 13.5394 17.6827 22.2438 23.6536 23.9432 23.9467 23.9467 23.9467 23.9467 23.9467 23.9467 23.9467 23.9467 23.9467 23.9467 23.9467 23.9467 23.9467 25.3539 27.4344 28.4457 27.7731 26.1346 24.3387 22.5344 20.7307 19.3334 18.9948 17.7529 17.7529 17.7529 17.7529 17.7529 17.7529 17.7529 14.4368 12.4839 10.3511 10.3511 10.3511
