High_resolution/powerplant/Chizhou/OMI_NO2_200705.asc
ncols      200
nrows      200
xllcorner       115.585
yllcorner       28.7700
cellsize     0.0166667
NODATA_Value      -999.000
[rows 87 to 115 of 193, columns 67 to 133 of 200]
3.51307 3.49666 3.48061 3.46877 3.46585 3.46585 3.46585 3.46585 3.46585 3.52557 3.87710 4.28468 4.30670 4.55619 5.02263 5.09061 5.11730 5.12632 5.12277 5.13256 5.11628 5.09993 5.07674 5.04025 5.00316 5.24668 5.77993 6.19444 6.19444 6.20008 6.18482 6.10288 6.10318 6.11151 6.11161 6.11161 6.09423 6.06944 6.06944 6.06944 5.97670 5.76158 5.01703 4.88192 4.88087 4.82907 4.74991 4.67054 4.59448 4.49550 4.38066 4.30150 4.22226 4.14730 4.12966 4.12966 4.07093 3.84594 4.03076 3.94410 3.94303 3.84584 3.74768 3.61451 3.59886 3.61369 3.61508
3.46585 3.46585 3.46585 3.46585 3.46585 3.46585 3.46585 3.46585 3.46585 3.47382 3.75057 4.10012 4.23934 4.36342 4.85300 4.96489 4.96290 4.93759 4.93821 4.97339 4.97502 4.97502 4.97502 4.97502 4.97502 5.15459 5.59093 6.22781 6.24154 6.24964 6.24520 6.13268 6.11161 6.11161 6.11161 6.11161 6.08599 5.98163 5.90755 5.83342 5.67111 5.38259 4.70179 4.28766 4.20940 4.18274 4.18462 4.18508 4.18269 4.21627 4.17126 4.17630 4.18144 4.18660 4.19188 4.19726 4.17124 3.78658 3.79654 3.64202 3.46411 3.39445 3.42230 3.38271 3.42665 3.38304 3.34558
3.46585 3.47097 3.50580 3.53725 3.55048 3.56381 3.57782 3.59246 3.60787 3.61403 3.40458 3.68865 4.13487 4.18620 4.68493 4.87478 4.92046 4.91873 4.91670 4.94045 4.95088 4.95511 4.96675 4.97849 4.99017 5.07262 5.41119 6.18198 6.17517 6.11028 6.04556 5.88941 5.77946 5.71379 5.65067 5.58752 5.54108 5.43609 5.43118 5.43396 5.38381 5.21534 4.71502 4.10286 4.09843 4.09300 4.08629 4.08126 4.08105 4.19906 4.15415 4.15106 4.11206 3.96715 3.81779 3.67173 3.54464 3.05769 3.00789 3.11853 3.11508 3.11345 3.21244 3.24552 3.31651 3.33283 3.31724
3.82114 3.84393 3.82563 3.81171 3.81985 3.82858 3.83728 3.84611 3.85474 3.86324 3.71054 3.65842 4.28142 4.27680 4.49739 4.74097 4.90164 4.90813 4.80749 4.82346 5.04352 5.01508 4.96409 4.90846 4.85099 4.79621 5.13593 5.55208 5.63400 5.61603 5.59800 5.62458 5.64738 5.64129 5.64129 5.64129 5.64129 5.50517 5.45687 5.45687 5.43221 5.28334 4.97813 4.09135 4.09483 4.09775 4.09163 4.08454 4.02591 3.96783 3.84434 3.66701 3.54258 3.54011 3.54305 3.49441 3.41623 2.95316 2.77310 3.00528 2.98478 2.96430 3.01789 3.09682 3.13395 3.20239 3.20239
3.83377 3.82925 3.82484 3.82053 3.81629 3.81216 3.80812 3.80417 3.80029 3.79649 3.74833 3.50867 4.10047 4.06302 3.97193 4.02084 4.14211 4.16715 4.08153 4.03145 4.54467 4.54043 4.53748 4.53748 4.53748 4.53748 4.84565 5.28969 5.55610 5.55611 5.55680 5.59257 5.65956 5.65605 5.65994 5.66381 5.66768 5.57893 5.49338 5.46583 5.42575 5.24776 5.05990 4.22697 4.00026 3.85143 3.67847 3.47451 3.32212 3.30926 3.26673 3.11282 3.03471 2.95661 2.87898 2.84962 2.84962 2.69132 2.59846 2.89615 2.91269 2.91269 2.92888 3.08564 3.09905 3.20161 3.20239
3.79596 3.80085 3.80576 3.81066 3.81556 3.82046 3.82536 3.83027 3.83516 3.80278 3.66367 3.28586 3.22289 3.20476 3.17566 3.32729 3.62882 3.92882 3.92892 3.93000 4.36920 4.54129 4.54260 4.54392 4.54523 4.54654 4.74517 5.15309 5.56748 5.56862 5.56908 5.57894 5.66186 5.63566 5.60028 5.56485 5.52944 5.43090 5.24482 5.23099 5.17500 4.92321 4.42815 3.56235 3.00292 2.93772 2.90596 2.90596 2.90596 2.92666 2.99910 2.84962 2.84962 2.84962 2.84962 2.84962 2.84962 2.77135 2.58271 2.82283 2.91269 2.91269 2.91269 3.04717 3.08582 3.14726 3.13392
3.84516 3.84516 3.84516 3.84516 3.84516 3.81747 3.67895 3.52900 3.37852 3.26501 3.25771 3.11161 3.08725 3.19862 3.18393 3.26330 3.53114 3.94220 3.94341 3.94364 4.18807 4.55231 4.55231 4.55231 4.55231 4.54513 4.58720 4.91884 5.44143 5.42086 5.38092 5.34091 5.41071 5.43252 5.42831 5.42362 5.37305 5.26276 4.95828 4.86422 4.82173 4.68517 4.20979 3.61919 2.90596 2.90596 2.90596 2.90596 2.90596 2.90623 3.02577 2.85127 2.84962 2.84962 2.84962 2.84962 2.84962 2.84418 2.55186 2.68140 2.77980 2.73760 2.69536 2.68549 2.62669 2.63291 2.66605
3.84277 3.82247 3.68958 3.53889 3.38808 3.26509 3.25280 3.25206 3.25179 3.25179 3.25179 3.16106 3.04371 3.19239 3.19316 3.19489 3.44967 3.91817 3.94364 3.92113 3.92818 4.45520 4.45932 4.45778 4.45626 4.46254 4.51498 4.64193 5.15450 5.29590 5.29590 5.29564 5.31541 5.28251 5.20338 5.12131 5.08555 5.08550 4.85131 4.82173 4.82173 4.73170 4.37140 3.87616 2.91128 2.90596 2.90596 2.90596 2.90510 2.89437 2.98231 2.84108 2.77681 2.75560 2.73330 2.70978 2.68496 2.66249 2.40087 2.38839 2.51905 2.51905 2.51841 2.49307 2.45527 2.40433 2.12307
3.40009 3.26970 3.25179 3.25179 3.25179 3.25179 3.25179 3.25179 3.25179 3.25179 3.25179 3.21944 3.03496 3.13835 3.14455 3.07934 3.33280 3.73817 3.86638 3.87843 3.92200 4.48298 4.64933 4.64933 4.64933 4.64933 4.64933 4.63708 4.93872 5.16459 5.08249 5.00078 5.00863 5.08009 5.08555 5.08555 5.08555 5.08555 4.91256 4.82173 4.78489 4.65697 4.29285 3.57602 2.93404 2.82130 2.80426 2.78646 2.76909 2.76502 2.82645 2.70448 2.52342 2.47694 2.43010 2.38362 2.33689 2.29029 2.07125 1.87571 2.08025 2.02745 1.96008 1.93470 1.95116 1.97037 1.72544
3.25179 3.25179 3.25179 3.25179 3.25179 3.25179 3.24878 3.23311 3.21606 3.19898 3.18191 3.16485 3.13920 3.10610 3.06636 3.03588 3.24921 3.66002 3.93922 3.93783 3.93374 4.24780 4.63574 4.63084 4.55939 4.44649 4.33265 4.24201 4.42424 4.93462 4.93160 4.92282 4.88361 4.90963 4.83096 4.73592 4.63807 4.53671 4.30747 4.05657 3.99871 3.97922 3.65802 3.00696 2.87314 2.74581 2.74338 2.74095 2.73853 2.73623 2.66925 2.31571 2.04311 2.04311 2.04311 2.02901 1.93184 1.79765 1.58264 1.56472 1.92670 2.03014 2.04847 2.05318 2.05318 2.05318 1.86657
3.21108 3.19113 3.17104 3.15092 3.13080 3.11073 3.09359 3.08919 3.08613 3.08307 3.08007 3.07696 3.07395 3.05304 2.98900 2.95063 3.02662 3.36982 3.70556 3.67420 3.66657 3.75048 4.00915 3.87241 3.80134 3.77250 3.74234 3.73690 3.82823 4.05912 3.94793 3.84009 3.79877 3.89150 3.90651 3.90482 3.90309 3.90155 3.90545 3.91959 3.91959 3.91959 3.69296 3.16678 2.91781 2.73756 2.73187 2.71165 2.68756 2.61672 2.51146 2.05386 1.66293 1.50830 1.32975 1.16910 1.14197 1.14197 1.14345 1.57020 1.92103 2.11814 2.14350 2.17042 2.19912 2.22967 2.14196
3.05131 3.04622 3.04134 3.03645 3.03155 3.02667 3.02178 3.01689 3.01201 3.00711 3.00222 2.99734 2.99246 2.98635 2.90819 2.88055 2.87200 3.18734 3.34677 3.38007 3.39223 3.38934 3.49155 3.51307 3.51017 3.50727 3.50600 3.50780 3.64511 3.73714 3.75806 3.75806 3.75806 3.84863 3.89874 3.89914 3.89734 3.89549 3.89439 3.90941 3.90754 3.90539 3.69307 3.18219 2.50627 2.20519 2.03077 1.92279 1.79590 1.71665 1.68827 1.30515 1.21625 1.24827 1.28318 1.32154 1.36367 1.41016 1.45923 1.71138 2.00979 2.31403 2.31403 2.31403 2.31403 2.31403 2.30872
2.99861 2.97689 2.97689 2.97689 2.97450 2.96515 2.95536 2.94555 2.93576 2.92598 2.91615 2.90638 2.91147 2.93762 2.90995 2.91813 2.90262 3.22578 3.35774 3.37647 3.37647 3.37647 3.44035 3.49072 3.46026 3.42980 3.39934 3.36885 3.46325 3.53942 3.56216 3.53608 3.50994 3.54426 3.75798 3.87084 3.84485 3.81715 3.78953 3.75710 3.72275 3.65972 3.40361 2.91544 2.26239 2.07159 1.94824 2.00300 2.08297 2.16983 2.20072 1.80418 1.47193 1.47193 1.47193 1.47193 1.47193 1.47193 1.47193 1.61212 1.87789 2.30643 2.31403 2.31403 2.31403 2.31403 2.31403
2.98137 2.90184 2.89206 2.88224 2.87484 2.87439 2.87439 2.87439 2.88654 2.92201 2.95810 2.99420 3.02265 3.04039 3.02505 2.99687 2.98205 3.05460 3.12127 3.13967 3.10918 3.07872 3.07093 3.16262 3.16262 3.16262 3.16262 3.16262 3.25850 3.38345 3.42080 3.39708 3.37053 3.33724 3.44675 3.52538 3.46420 3.40458 3.34382 3.19760 3.03731 2.95299 2.79200 2.28938 2.45886 2.33167 2.20083 2.20072 2.20072 2.20072 2.20072 1.97028 1.47193 1.47193 1.47193 1.47193 1.47193 1.47193 1.47193 1.51320 1.85230 2.21861 2.23534 2.17205 2.10875 2.04540 1.98228
2.99218 2.87608 2.89093 2.90860 2.93592 2.98835 3.04208 3.09580 3.13740 3.15563 3.17328 3.19094 3.20129 3.20137 3.18966 3.12253 3.09998 2.98253 2.95405 3.03309 3.03309 3.03309 3.03369 3.14670 3.16763 3.16990 3.17217 3.17444 3.18187 3.10048 2.98845 2.93529 2.88712 2.87965 3.02477 3.16302 3.12734 3.09184 3.05739 2.99492 2.89910 2.89910 2.87620 2.29691 2.42189 2.36302 2.23546 2.20072 2.20072 2.20072 2.20072 2.13527 1.47295 1.47193 1.47193 1.47193 1.47193 1.47193 1.47193 1.47193 1.79427 1.77241 1.72414 1.72414 1.72414 1.72414 1.68642
2.90994 3.09875 3.13757 3.17368 3.20008 3.20137 3.20137 3.20137 3.20137 3.20137 3.20137 3.20137 3.20137 3.20137 3.20134 3.13212 3.11148 3.02881 2.92989 3.04135 3.04363 3.04589 3.04760 3.11741 3.17723 3.17723 3.17723 3.17723 3.17415 2.95353 2.89153 2.85132 2.82070 2.79031 2.86094 3.03165 3.04785 3.04785 3.04785 3.02418 2.89910 2.89910 2.89910 2.40705 2.36193 2.41424 2.28596 2.20072 2.20072 2.20072 2.20072 2.20072 1.57374 1.47193 1.47498 1.49101 1.50831 1.52572 1.54306 1.56041 1.80094 1.91291 1.76211 1.64779 1.54828 1.46145 1.39936
3.01146 3.18744 3.20137 3.20137 3.20137 3.20137 3.20137 3.20137 3.20137 3.20087 3.19512 3.18797 3.18082 3.17367 3.16652 3.14583 3.13274 3.08227 2.91469 3.04330 3.04770 3.04770 3.04770 3.07615 3.17723 3.17723 3.17528 3.14788 3.11213 2.91413 2.79516 2.75354 2.75369 2.75384 2.82349 2.99121 3.04909 3.04926 3.04943 3.04727 2.90844 2.90162 2.89844 2.52900 2.28588 2.42371 2.26656 2.10029 2.08188 2.06352 2.04512 2.02669 1.79074 1.68565 1.69990 1.70132 1.70132 1.70115 1.59972 1.44734 1.40518 1.39439 1.34070 1.31977 1.29824 1.27687 1.26454
3.03722 3.12395 3.18272 3.17766 3.16722 3.15627 3.14521 3.13425 3.12324 3.11272 3.10752 3.10360 3.09979 3.09592 3.09206 3.08147 3.06434 3.09581 2.94805 3.02089 3.05241 3.05124 3.04642 3.06441 3.10229 3.05363 3.01123 2.99540 2.98775 2.87037 2.73661 2.67847 2.67618 2.67395 2.70052 2.80875 2.88813 2.87125 2.85399 2.83727 2.82814 2.82077 2.81679 2.56807 2.17716 2.32931 2.19588 2.01244 1.97629 1.97629 1.97629 1.98236 1.89528 1.72576 1.57258 1.44245 1.33916 1.25515 1.22712 1.23285 1.23122 1.20851 1.25285 1.26156 1.26146 1.26146 1.26146
2.98599 2.94454 3.05047 3.04455 3.04394 3.04222 3.03853 3.03487 3.03117 3.02749 3.02381 3.02013 3.01646 3.01276 3.00908 3.00381 2.98204 3.03821 2.94371 2.92252 2.99105 3.03060 3.07476 3.09308 3.00812 2.95033 2.95968 2.96904 2.97838 2.93019 2.74873 2.67871 2.67353 2.67353 2.67273 2.69223 2.81679 2.81679 2.81652 2.81004 2.80120 2.79264 2.78433 2.65250 2.18540 2.28185 2.23376 2.15608 2.09927 2.10763 2.00091 1.87625 1.73582 1.43488 1.23395 1.23395 1.23395 1.23395 1.23395 1.23395 1.23395 1.21467 1.24123 1.26146 1.26146 1.26146 1.26146
2.91859 2.83929 2.99402 2.99032 2.98663 2.98468 2.98468 2.98468 2.98316 2.97373 2.96311 2.95251 2.94188 2.93132 2.92090 2.92936 2.93373 3.02769 3.17009 3.09188 3.15617 3.15617 3.15617 3.15617 3.11293 2.99472 2.99472 2.99976 3.01909 3.03587 2.80558 2.75166 2.73881 2.75260 2.76683 2.77388 2.74109 2.73139 2.72406 2.70944 2.69328 2.67711 2.66095 2.62069 2.08436 2.10696 2.17383 2.06846 1.74572 1.64612 1.62381 1.62381 1.62278 1.47252 1.23435 1.23395 1.23395 1.23395 1.23395 1.23395 1.23395 1.22085 1.22847 1.26146 1.26146 1.26146 1.26146
2.80520 2.82344 2.92908 2.92586 2.91521 2.90462 2.89403 2.88344 2.87431 2.87318 2.87319 2.88958 2.92056 2.95152 2.98225 2.99417 2.97547 2.97383 3.15952 3.13925 3.26525 3.29223 3.32030 3.34955 3.37632 3.23068 3.24648 3.26881 3.26995 3.26995 3.00809 2.88319 2.81970 2.80032 2.78090 2.75380 2.67152 2.65901 2.66662 2.68709 2.71214 2.73289 2.71049 2.67677 2.08876 1.89648 1.90868 1.95370 1.64668 1.62381 1.62381 1.62381 1.62381 1.52555 1.26964 1.23395 1.23395 1.23395 1.23395 1.23395 1.23395 1.22704 1.21459 1.26119 1.26146 1.25988 1.25535
2.76296 2.88052 2.82075 2.87318 2.87318 2.87200 2.85229 2.83982 2.84464 2.84945 2.85434 2.84278 2.81667 2.79048 2.76451 2.73832 2.71488 2.71258 2.92073 3.24981 3.45071 3.47176 3.47176 3.47176 3.47176 3.34275 3.26146 3.25240 3.24336 3.23429 3.09481 2.97378 2.84185 2.87786 2.91592 2.95037 2.89196 2.82744 2.77397 2.71123 2.64847 2.59131 2.58105 2.58105 2.16558 1.88248 1.88893 1.95918 1.74514 1.62381 1.62381 1.62381 1.62381 1.55705 1.32753 1.23395 1.23395 1.23395 1.23395 1.23395 1.23395 1.23277 1.21051 1.21990 1.21451 1.21014 1.21005
2.81078 2.97358 2.72273 2.66713 2.67173 2.67770 2.70228 2.71961 2.71965 2.71965 2.71965 2.71965 2.71965 2.71965 2.71965 2.71965 2.71895 2.70084 2.87229 3.16339 3.39666 3.45038 3.44131 3.43227 3.42322 3.35075 3.21179 3.21179 3.21179 3.21179 3.21179 3.21171 3.01961 2.98539 2.91767 2.83688 2.71141 2.59055 2.58105 2.58105 2.58105 2.58105 2.58105 2.58105 2.30537 1.88248 1.88248 1.94577 1.84954 1.62381 1.62381 1.62381 1.62381 1.58859 1.38538 1.23395 1.23395 1.23395 1.23395 1.23939 1.25712 1.27532 1.27508 1.28779 1.30604 1.33247 1.36510
3.02041 3.18944 2.85786 2.71929 2.71965 2.71965 2.71965 2.71965 2.71965 2.71965 2.71965 2.71965 2.71973 2.72494 2.73328 2.74163 2.74999 2.69512 2.77688 3.04763 3.31831 3.41360 3.41360 3.41360 3.41360 3.40541 3.21959 3.21179 3.21179 3.20194 3.13318 3.05460 2.84161 2.68900 2.67832 2.67830 2.65727 2.58150 2.58105 2.57351 2.55382 2.53411 2.51547 2.49767 2.35593 1.92211 1.92688 1.95766 1.93777 1.62526 1.61174 1.60862 1.60550 1.59789 1.59481 1.40603 1.42424 1.44242 1.46060 1.47333 1.47415 1.48424 1.48256 1.45767 1.44354 1.42115 1.39266
3.32682 3.32292 3.01584 2.72225 2.71965 2.71965 2.71937 2.72365 2.72973 2.73579 2.74190 2.74793 2.75396 2.75482 2.75254 2.75030 2.74798 2.69400 2.63688 2.82745 3.09435 3.17315 3.15997 3.14646 3.13323 3.10378 2.87242 2.73290 2.64081 2.55926 2.53627 2.52304 2.42417 2.26649 2.25153 2.24124 2.21307 2.19763 2.18698 2.17705 2.17423 2.17215 2.17007 2.16799 2.15333 1.90529 1.90123 1.91873 1.92600 1.68448 1.58574 1.58574 1.58574 1.58574 1.69627 1.49595 1.52847 1.59692 1.66816 1.73934 1.81030 1.87139 1.81342 1.51765 1.54421 1.57099 1.59755
3.27222 3.21908 3.02693 2.72355 2.69067 2.69678 2.70311 2.70492 2.70492 2.70492 2.70540 2.70860 2.71228 2.71593 2.71960 2.72326 2.72691 2.70841 2.56986 2.60856 2.89337 2.92522 2.81645 2.68627 2.56035 2.45145 2.44022 2.44404 2.45027 2.45649 2.46270 2.46892 2.43508 2.23686 2.24088 2.24177 2.19747 2.15466 2.16145 2.16145 2.16145 2.16145 2.16145 2.16119 2.15997 1.93398 1.88144 1.87820 1.90306 1.75031 1.53552 1.55400 1.57589 1.61247 1.75718 2.02480 2.08928 2.09211 2.09211 2.09211 2.09211 2.09211 2.07974 1.67373 1.65774 1.65774 1.65774
2.96711 3.01330 2.98297 2.82383 2.74183 2.74549 2.74916 2.75280 2.75649 2.76014 2.76333 2.76377 2.76450 2.77347 2.78465 2.79588 2.80707 2.81291 2.63442 2.48386 2.60889 2.52375 2.48629 2.49122 2.49161 2.49161 2.49148 2.48830 2.48822 2.48822 2.48822 2.48822 2.48506 2.27292 2.24177 2.24177 2.22048 2.14687 2.15099 2.14938 2.14772 2.14600 2.14591 2.14794 2.15129 1.95632 1.83150 1.83583 2.01321 1.98935 1.68173 1.69965 1.71626 1.71846 1.78277 2.00947 2.09211 2.09211 2.09211 2.09211 2.09211 2.09211 2.09211 1.77451 1.65774 1.65774 1.65774
2.86184 2.98787 3.03243 2.90543 2.78955 2.80075 2.81197 2.82316 2.83439 2.84558 2.85678 2.86800 2.87845 2.87846 2.81680 2.72910 2.64146 2.55813 2.46398 2.31241 2.46392 2.53502 2.49161 2.49161 2.49161 2.49161 2.49161 2.48927 2.48822 2.48822 2.48822 2.48822 2.48822 2.32793 2.24177 2.24246 2.24359 2.15384 2.15351 2.15698 2.16044 2.16390 2.16566 2.16566 2.15925 1.99528 1.75872 1.72038 1.80489 1.88115 1.75526 1.71846 1.71846 1.71846 1.74011 1.96455 2.09211 2.09211 2.09211 2.09211 2.09211 2.09211 2.09211 1.88762 1.65774 1.65774 1.65774
2.87360 2.95630 3.07666 3.03048 2.88108 2.88072 2.88072 2.88072 2.88072 2.87989 2.82262 2.73105 2.63950 2.55026 2.52034 2.51651 2.51268 2.50885 2.46108 2.28281 2.38594 2.55505 2.49161 2.49161 2.49161 2.49161 2.49161 2.49020 2.48822 2.48843 2.48878 2.48913 2.48947 2.39630 2.26176 2.26453 2.26476 2.19036 2.16566 2.16566 2.15875 2.12974 2.09910 2.06856 2.04429 1.96345 1.68673 1.68673 1.74887 1.88694 1.80593 1.71846 1.71846 1.71846 1.71846 1.89600 2.08991 2.09211 2.09211 2.09211 2.09211 2.09211 2.09211 2.00072 1.66771 1.81468 1.86803
