High_resolution/powerplant/Chizhou/OMI_NO2_2005_06-08.asc
ncols      200
nrows      200
xllcorner       115.585
yllcorner       28.7700
cellsize     0.0166667
NODATA_Value      -999.000
[rows 0 to 28 of 165, columns 67 to 133 of 200]
3.04566 3.05147 3.19521 3.36268 3.28453 3.20324 3.27144 3.11983 2.68061 2.87189 2.94717 2.89532 2.87260 2.99386 2.97711 2.95627 2.99628 2.96339 2.81029 3.24710 3.34172 3.41188 3.45447 3.68881 4.13015 4.34446 4.38137 4.49008 4.58849 4.59445 4.48984 4.63552 4.80595 4.85479 4.85382 4.85266 4.99061 5.05448 5.05992 5.23102 5.04129 4.97814 4.95072 4.70392 4.35624 4.24173 3.86470 4.01018 3.96363 3.50414 3.55215 3.67344 3.80959 3.73215 3.66604 3.64772 3.77217 3.69925 3.97705 3.69467 3.62893 3.47656 3.52365 3.68003 3.75303 3.77957 4.12771
3.10621 3.14260 3.18002 3.30289 3.18341 3.07047 3.14571 3.14378 2.77344 2.82264 2.88398 2.85235 2.83304 2.91092 2.87909 2.85849 2.88685 2.98454 2.84334 2.98374 3.19298 3.35402 3.54110 3.66878 4.13219 4.42779 4.45085 4.49595 4.56749 4.54315 4.49076 4.49075 4.67976 4.73338 4.74754 4.76124 4.87445 5.01968 4.95464 4.92002 4.63107 4.68779 4.71485 4.54228 4.35522 4.24315 3.99218 4.10198 4.04847 3.82323 3.78546 3.84379 3.88267 3.76820 3.69572 3.68059 3.78943 3.85381 4.37516 4.21934 3.85680 3.81435 3.78557 4.08301 4.07986 4.07529 4.40298
3.08167 3.08887 3.12692 3.26052 3.17757 3.03640 3.07023 3.11961 2.89535 2.80892 2.79326 2.77262 2.78535 2.92191 2.91722 2.92281 2.93404 3.08079 3.00910 3.06776 3.36131 3.50919 3.70743 3.72571 4.08069 4.36818 4.40541 4.40233 4.38633 4.35954 4.29954 4.50039 4.77478 4.93359 4.98283 4.94547 4.93931 5.04775 4.95698 4.96135 4.68152 4.69684 4.67414 4.57653 4.49891 4.49474 4.13581 4.05849 3.96633 3.77900 3.59775 3.57073 3.66376 3.89903 3.89537 3.85287 4.17245 4.18936 4.82534 4.53876 4.25049 4.18090 4.16384 4.40575 4.64673 4.78010 4.96184
3.05795 3.03460 3.03499 3.07751 3.04225 3.02877 3.08222 3.18456 3.08855 2.95916 2.92219 2.91720 2.94612 3.08586 3.07263 3.09553 3.10321 3.30664 3.40026 3.37582 3.58454 3.71017 3.94000 3.93963 4.15013 4.37577 4.40311 4.40809 4.47358 4.56861 4.52247 4.67175 4.94673 5.04474 4.97860 4.97355 4.90100 5.01583 4.96177 5.03413 4.87656 4.86813 4.82211 4.66411 4.55363 4.51675 4.22650 3.85075 3.83201 3.79090 3.55774 3.58289 3.63610 3.85753 3.84809 3.78393 4.05145 4.06473 4.58340 4.33244 4.14221 4.22844 4.19381 4.41564 4.82270 4.91605 5.06605
3.08425 3.09713 3.13071 3.20966 3.21351 3.18399 3.21996 3.30422 3.25428 3.12411 3.06152 3.02531 3.02872 3.16098 3.13863 3.16181 3.16195 3.27255 3.42090 3.30495 3.44199 3.59193 3.78848 3.92824 4.06130 4.37034 4.53784 4.47748 4.49125 4.53668 4.45539 4.57413 4.90284 5.01312 4.99226 4.99891 4.97523 5.06290 4.99678 4.98998 4.88551 4.81343 4.74813 4.61909 4.52318 4.52532 4.48728 4.00246 3.92691 3.92766 3.63991 3.60643 3.62671 3.80246 3.86838 3.83480 4.13914 4.21323 4.74080 4.58305 4.36385 4.34916 4.27320 4.32779 4.59703 4.67910 4.80682
3.14907 3.21162 3.25743 3.31823 3.30963 3.26133 3.31933 3.43537 3.40628 3.26896 3.22018 3.19835 3.27466 3.39105 3.29397 3.24598 3.19054 3.19614 3.41079 3.40856 3.56683 3.85990 4.00168 4.08947 4.16140 4.44180 4.55643 4.48928 4.49663 4.55740 4.45524 4.58171 4.90130 5.12677 5.13196 5.11604 5.08631 5.02535 4.94523 4.95931 4.85817 4.81926 4.72140 4.59324 4.54191 4.54898 4.54078 4.23232 4.01944 4.00598 3.87126 3.87501 3.95506 4.09731 4.30547 4.15483 4.34487 4.34337 4.57854 4.39619 4.23599 4.26608 4.29834 4.38792 4.65313 4.66941 4.81159
3.14364 3.21370 3.27416 3.32700 3.27282 3.30236 3.28939 3.39868 3.38076 3.30629 3.23945 3.22482 3.24537 3.37124 3.24978 3.25154 3.26700 3.30765 3.45963 3.55127 3.67154 3.88450 4.02628 4.15960 4.18767 4.39911 4.61729 4.61019 4.63970 4.72426 4.72420 4.81091 4.94948 5.23400 5.28695 5.28150 5.27542 5.22889 5.01959 4.98604 4.84613 4.78202 4.62071 4.54932 4.49261 4.50717 4.50170 4.32866 3.83444 3.81182 3.91467 4.06111 4.06761 4.07155 4.22539 4.07530 4.23363 4.28183 4.51834 4.48800 4.40001 4.46721 4.47007 4.51550 4.69551 4.74850 4.76206
3.09038 3.22159 3.29069 3.36494 3.32215 3.31749 3.22376 3.29318 3.21780 3.11488 3.09017 3.11090 3.13311 3.32592 3.20567 3.24472 3.24650 3.27548 3.37915 3.49098 3.65328 3.80725 3.97296 4.14677 4.30239 4.45787 4.73620 4.75412 4.74597 4.77437 4.77845 4.87636 4.89508 5.31834 5.34651 5.32020 5.36023 5.33852 5.12775 5.07714 5.03684 4.99630 4.76512 4.68923 4.64706 4.67156 4.69360 4.70425 4.04090 4.03474 4.05631 4.22321 4.24712 4.26965 4.56002 4.39208 4.49289 4.39035 4.50073 4.48449 4.44478 4.51304 4.51633 4.44969 4.34974 4.34569 4.29899
3.11876 3.24322 3.23402 3.23471 3.14345 3.22237 3.18637 3.28204 3.27552 3.19079 3.15552 3.21089 3.17830 3.32560 3.21625 3.26155 3.27365 3.30678 3.38851 3.59575 3.74530 3.85986 4.06626 4.25548 4.54717 4.64227 4.90552 4.89106 4.87136 4.88835 4.91146 5.02667 4.95439 5.37064 5.42480 5.42107 5.44053 5.46554 5.37924 5.38326 5.44500 5.44359 5.13542 4.90257 4.91747 4.87750 4.90475 4.93751 4.36199 4.21252 4.28256 4.44431 4.51595 4.48882 4.68674 4.62143 4.61430 4.52374 4.55905 4.44844 4.35474 4.31014 4.18594 4.11169 4.00927 4.03320 4.00613
2.95769 3.14157 3.16231 3.21825 3.16681 3.25966 3.20454 3.20842 3.22218 3.12919 3.08563 3.23595 3.23200 3.38864 3.30498 3.31618 3.30421 3.31986 3.33150 3.60492 3.75672 3.81162 4.00687 4.15981 4.43685 4.45028 4.71039 4.84245 4.80555 4.83718 4.84548 5.01704 4.95218 5.38483 5.51249 5.55896 5.60953 5.67203 5.48477 5.45545 5.47752 5.42004 5.21550 4.90789 4.96299 4.89273 4.90874 4.94316 4.71435 4.44173 4.43532 4.55109 4.69141 4.74925 4.87957 4.67934 4.53601 4.44123 4.37290 4.32350 4.30629 4.31594 4.30997 4.30359 4.17968 4.19443 4.14631
2.99042 3.19942 3.24041 3.27835 3.22149 3.34451 3.27677 3.28013 3.31364 3.20327 3.13602 3.26913 3.27767 3.35443 3.30230 3.31170 3.30931 3.34944 3.34157 3.54756 3.63436 3.74809 3.89050 4.09177 4.34813 4.44743 4.52696 4.85187 4.87054 4.96350 5.03416 5.25410 5.17462 5.48693 5.60839 5.60595 5.63972 5.60792 5.48002 5.42515 5.41787 5.30221 5.12050 4.82944 4.87123 4.80584 4.83758 4.89328 4.87485 4.58563 4.66526 4.66449 4.68331 4.65400 4.65803 4.47100 4.37315 4.31112 4.26641 4.25292 4.28830 4.28379 4.26076 4.22856 4.14481 4.09045 4.05645
3.03591 3.30280 3.33533 3.38872 3.33158 3.44022 3.28252 3.23820 3.21486 3.09464 3.00928 3.15362 3.23099 3.34100 3.38256 3.41511 3.35271 3.34004 3.32813 3.51139 3.66570 3.82546 3.90278 4.02478 4.24085 4.43138 4.43586 5.02128 5.11130 5.18704 5.16374 5.38497 5.24249 5.42498 5.66056 5.65795 5.68678 5.62802 5.48943 5.46474 5.42320 5.34168 5.21440 5.02339 5.10150 5.09736 5.11304 5.13000 5.02003 4.73269 4.64396 4.62072 4.65557 4.65480 4.70881 4.54937 4.44895 4.34687 4.31414 4.27591 4.21482 4.19024 4.17335 4.16215 4.13318 4.07031 4.05346
2.92444 3.21874 3.30075 3.32105 3.31432 3.47912 3.33928 3.31279 3.34096 3.26386 3.12168 3.32993 3.38006 3.47504 3.45450 3.50614 3.50010 3.52402 3.51975 3.60819 3.73382 3.82876 4.03076 4.22586 4.41035 4.62000 4.61567 4.96774 5.12825 5.17343 5.13838 5.34988 5.22393 5.31650 5.60053 5.52315 5.56674 5.50039 5.36794 5.52390 5.54630 5.43759 5.43362 5.29460 5.18261 5.12429 5.09495 5.10480 5.01219 4.86042 4.72910 4.70633 4.73491 4.70047 4.73037 4.58977 4.41700 4.27989 4.25631 4.21022 4.16840 4.16134 4.17251 4.15347 4.13490 4.01148 3.95770
2.92543 3.19676 3.31492 3.37248 3.27728 3.45360 3.32468 3.37270 3.39863 3.38974 3.28446 3.43832 3.60482 3.78080 3.78806 3.83663 3.62345 3.59065 3.56774 3.60246 3.70818 3.75413 4.19021 4.32670 4.48859 4.66447 4.61763 4.77973 5.19264 5.24050 5.10601 5.25120 5.20601 5.23583 5.58622 5.49172 5.54384 5.43920 5.36811 5.50489 5.51627 5.41500 5.36267 5.28976 5.13710 5.07700 5.04310 5.03999 4.99231 4.87737 4.67886 4.64332 4.67164 4.68695 4.69881 4.57512 4.46032 4.27885 4.28173 4.21350 4.18684 4.10915 4.07052 4.00523 3.99696 3.87948 3.83580
2.76550 2.98618 3.15557 3.23443 3.14771 3.34916 3.23702 3.36424 3.40584 3.51137 3.46254 3.51799 3.66900 3.79511 3.78926 3.78151 3.61735 3.53510 3.56106 3.58158 3.74013 3.74116 4.24933 4.42789 4.56612 4.73316 4.75295 4.65447 5.11747 5.25052 5.11805 5.19485 5.22471 5.26915 5.67825 5.70995 5.75112 5.65044 5.64482 5.70556 5.61001 5.52107 5.46333 5.42603 5.29021 5.09708 5.05385 5.02989 5.02244 4.91605 4.74776 4.68723 4.69347 4.68913 4.71891 4.56608 4.37123 4.24226 4.21130 4.29667 4.35241 4.28512 4.18188 4.05719 3.97178 3.85141 3.83702
2.63459 2.77920 2.97413 3.19119 3.15898 3.38206 3.28452 3.39177 3.38848 3.45847 3.43487 3.37715 3.47877 3.64109 3.68069 3.67632 3.58554 3.42578 3.44290 3.42557 3.56902 3.57625 3.89989 4.20286 4.26722 4.38099 4.53006 4.42418 4.66483 5.11824 5.05790 5.21892 5.30567 5.30064 5.58808 5.66248 5.76663 5.65195 5.77449 5.80803 5.63806 5.39871 5.25422 5.13063 5.11690 5.07132 5.08996 5.08753 5.08079 4.92168 4.78175 4.63310 4.65550 4.63037 4.66075 4.47421 4.31905 4.14531 4.07804 4.13749 4.11045 3.89994 3.90545 3.83708 3.84754 3.83441 3.80478
2.71017 2.86304 3.14612 3.37353 3.26373 3.36008 3.21274 3.29282 3.26291 3.33519 3.40434 3.30266 3.33042 3.45468 3.45899 3.42965 3.36632 3.20807 3.23245 3.24533 3.34171 3.38986 3.55156 3.95009 3.97900 4.14617 4.32454 4.43346 4.59907 5.20341 5.12033 5.20515 5.22892 5.23823 5.48141 5.56678 5.38657 5.08799 5.12256 5.03268 4.95991 4.94522 4.95825 4.94980 5.06996 5.02265 5.04453 5.06452 5.01621 4.82822 4.72526 4.51025 4.61009 4.59194 4.57076 4.36225 4.21220 3.98124 3.99560 4.04079 4.14014 3.98967 3.97389 3.90363 3.86967 3.89353 3.79918
2.73649 2.78468 2.97832 3.24973 3.10445 3.19465 3.09508 3.18919 3.19959 3.25911 3.22901 3.09454 3.09228 3.25520 3.26967 3.26330 3.24355 3.11902 3.07307 3.03693 3.04397 3.13596 3.29196 3.88550 4.05343 4.27987 4.38431 4.39140 4.36525 5.03313 4.89465 4.89209 4.81174 4.75238 4.76006 4.78018 4.69976 4.53398 4.60430 4.63816 4.65275 4.71565 4.74978 4.74628 4.84418 4.75190 4.70054 4.73073 4.69193 4.51204 4.42548 4.25247 4.32654 4.25037 4.28122 4.15841 4.13140 4.06437 4.09832 4.09501 4.25201 4.08713 4.06463 3.98694 3.92030 3.94926 3.90169
2.63039 2.69492 2.90051 3.22018 3.11419 3.16457 3.04797 3.10943 3.12994 3.14943 3.14284 3.02322 2.98080 3.13979 3.13035 3.11147 3.07343 2.99162 2.97205 3.04991 3.12863 3.24041 3.29524 3.65728 3.81949 3.93104 4.02530 4.12635 3.98214 4.34241 4.37603 4.27714 4.29136 4.39289 4.45862 4.59837 4.58825 4.43272 4.51821 4.53705 4.50130 4.49662 4.50143 4.45704 4.52017 4.45074 4.37889 4.34868 4.27288 4.10332 4.08854 4.04668 4.16821 4.15908 4.22931 4.11725 4.06172 3.98479 4.04499 4.03546 4.08117 3.88747 3.86324 3.74903 3.68193 3.72903 3.81806
2.64705 2.74848 2.86596 3.14744 3.07182 3.10044 2.97896 3.07160 3.08935 3.12708 3.14208 3.00905 2.96270 3.04912 3.06329 3.09136 3.12040 3.23995 3.15362 3.13612 3.11000 3.17062 3.19981 3.40208 3.70313 3.72034 3.74971 3.75053 3.73431 3.91431 4.20126 4.20126 4.23155 4.27802 4.34468 4.41914 4.43433 4.25538 4.32888 4.30282 4.30044 4.31218 4.26073 4.16196 4.16089 4.13230 4.06640 4.07376 4.04418 3.94833 4.03530 4.01952 4.10925 4.07478 4.12371 3.95896 3.85249 3.75405 3.81539 3.80237 3.87745 3.71644 3.77753 3.69957 3.65032 3.67570 3.83801
2.60642 2.78737 2.83744 3.14579 3.10393 3.12058 3.02262 3.12399 3.14505 3.18263 3.19402 3.07679 2.99269 3.00247 3.02138 2.98782 2.93647 3.07719 3.10818 3.08295 3.05041 3.09417 3.09436 3.15126 3.27277 3.31690 3.41931 3.54770 3.60056 3.66049 4.18257 4.15688 4.12985 4.12383 4.17020 4.19049 4.24778 4.13812 4.20078 4.11842 4.01587 3.93228 3.83393 3.78617 3.82949 3.94170 3.82143 3.84940 3.97108 3.87185 3.97100 3.95880 4.04707 3.95952 3.92681 3.78011 3.73210 3.68072 3.78636 3.80644 3.87893 3.69026 3.75826 3.72568 3.78812 3.88652 4.13426
2.44632 2.65662 2.69000 2.99012 3.02141 3.07267 2.99148 3.09714 3.09444 3.23795 3.22324 3.08401 2.86016 2.84488 2.88665 2.88507 2.90985 2.98780 3.06412 3.02755 3.03206 3.09907 3.12531 3.18887 3.32895 3.40532 3.47414 3.70822 3.74365 3.72393 3.97336 3.98870 3.97552 4.05300 4.05445 3.97290 4.03957 3.96514 3.97678 3.88194 3.82279 3.81220 3.78661 3.74505 3.82094 4.00787 3.91617 3.87484 3.92697 3.77205 3.78794 3.82021 3.98099 3.89351 3.91714 3.81694 3.79555 3.73786 3.87610 3.90816 4.03645 3.89106 3.94568 3.89792 3.91918 4.00191 4.15443
2.38557 2.50958 2.55965 2.79914 2.88580 2.90399 2.74590 2.81119 2.74049 2.86548 2.82623 2.76456 2.57998 2.55187 2.59296 2.56769 2.62830 2.69266 2.86786 2.84986 2.88598 2.96875 3.03045 3.06235 3.23910 3.36621 3.38091 3.58806 3.61579 3.63885 3.65512 3.73911 3.72446 3.69953 3.69711 3.69428 3.90240 3.89668 3.95016 3.83478 3.82408 3.80341 3.80782 3.71582 3.69493 3.79107 3.72368 3.65094 3.77682 3.70718 3.76059 3.80855 3.92115 3.80989 3.82624 3.76387 3.80202 3.78289 3.92574 3.85859 3.92501 3.85286 3.90820 3.82303 3.81988 3.84986 3.97608
2.39016 2.41737 2.46138 2.57196 2.61638 2.64919 2.53706 2.62885 2.60519 2.68420 2.64744 2.58810 2.46481 2.43737 2.47928 2.50248 2.60233 2.65517 2.83718 2.89140 2.96724 3.04581 3.06157 3.05103 3.20674 3.36286 3.35426 3.56501 3.50228 3.55820 3.42448 3.51375 3.49241 3.47838 3.44885 3.41320 3.67188 3.66961 3.75215 3.52459 3.46981 3.32827 3.35414 3.39727 3.44854 3.54238 3.57805 3.49216 3.56718 3.54896 3.57946 3.60011 3.67979 3.76091 3.83810 3.80783 3.82473 3.78904 3.85497 3.79224 3.80350 3.75249 3.78623 3.67699 3.63484 3.64100 3.75600
2.25173 2.25683 2.35348 2.46993 2.52856 2.63580 2.53211 2.55325 2.61544 2.65629 2.65659 2.61479 2.53671 2.45472 2.45496 2.50042 2.64301 2.68554 2.80105 2.91321 2.96760 3.02676 2.99781 2.98169 3.07492 3.17689 3.09681 3.22405 3.12987 3.25678 3.13365 3.26405 3.33605 3.38999 3.40306 3.29749 3.46217 3.40920 3.39694 3.28536 3.33793 3.30265 3.37031 3.46805 3.45740 3.42945 3.42403 3.34440 3.41126 3.47940 3.58940 3.62716 3.74295 3.78106 3.82260 3.78171 3.78045 3.76874 3.86542 3.84741 3.79215 3.66963 3.71442 3.63545 3.61798 3.64208 3.73422
2.41704 2.43213 2.44997 2.54592 2.55329 2.60646 2.47902 2.46761 2.49747 2.55110 2.58874 2.56195 2.51288 2.40329 2.36369 2.36180 2.56988 2.62343 2.65484 2.88297 2.95868 2.96115 2.88134 2.81593 2.87370 3.02915 3.11689 3.27806 3.25420 3.39551 3.27682 3.25860 3.33677 3.33775 3.29381 3.22261 3.39366 3.39438 3.36154 3.23617 3.28431 3.24338 3.27356 3.34614 3.35483 3.36388 3.41455 3.37290 3.42335 3.54312 3.66079 3.66719 3.77477 3.73887 3.81147 3.75180 3.69335 3.65362 3.59961 3.53766 3.51253 3.46556 3.56225 3.57690 3.58875 3.62169 3.71423
2.31823 2.33122 2.28364 2.41017 2.49504 2.53607 2.45561 2.34585 2.30946 2.36697 2.33596 2.33632 2.29663 2.22865 2.19985 2.23193 2.54991 2.64553 2.62489 2.82062 2.89504 2.88484 2.88596 2.96240 2.99823 3.20527 3.36068 3.46421 3.37399 3.44721 3.40128 3.25487 3.38508 3.41817 3.40755 3.32816 3.45366 3.43127 3.41831 3.31767 3.36862 3.35180 3.37692 3.43822 3.52039 3.54674 3.49697 3.45658 3.41093 3.49644 3.54746 3.46323 3.54821 3.55602 3.51959 3.48698 3.48725 3.52768 3.47263 3.37716 3.34955 3.26855 3.31881 3.40415 3.53970 3.62383 3.73422
2.35478 2.38247 2.31633 2.50449 2.60776 2.68262 2.61589 2.51031 2.29775 2.30795 2.21973 2.23347 2.21934 2.16885 2.15192 2.16600 2.47064 2.57681 2.59006 2.73841 2.94164 2.92985 2.86261 2.89722 2.87434 3.07967 3.03903 3.16649 3.11552 3.23290 3.31327 3.17721 3.31370 3.36858 3.37848 3.29820 3.42182 3.46266 3.48976 3.41295 3.52860 3.50081 3.51083 3.53252 3.59969 3.56534 3.46284 3.36298 3.29692 3.39318 3.36082 3.32164 3.36983 3.54447 3.46852 3.48085 3.48886 3.54040 3.48585 3.39778 3.38288 3.31654 3.32970 3.41153 3.53175 3.61032 3.73971
2.31838 2.35761 2.25734 2.35274 2.46407 2.51938 2.49917 2.52234 2.29537 2.35322 2.29616 2.29346 2.29072 2.25653 2.25046 2.26717 2.46450 2.64636 2.72630 2.81349 3.05772 3.05136 2.99901 3.04218 3.03033 3.17845 3.18611 3.24343 3.20000 3.29235 3.36334 3.22236 3.26629 3.33909 3.31175 3.20399 3.54694 3.52919 3.51768 3.40701 3.46232 3.41229 3.42068 3.42771 3.49194 3.50024 3.40801 3.33738 3.32776 3.40132 3.42358 3.31287 3.28362 3.47892 3.43064 3.48454 3.49739 3.55028 3.52070 3.40666 3.28287 3.22104 3.26747 3.41120 3.59578 3.65482 3.72807
