High_resolution/powerplant/Chizhou/OMI_NO2_2008_06-08.asc
ncols      200
nrows      200
xllcorner       115.585
yllcorner       28.7700
cellsize     0.0166667
NODATA_Value      -999.000
[rows 84 to 111 of 165, columns 0 to 63 of 200]
1.74817 1.69326 1.73375 1.78263 1.84265 1.89037 1.95384 1.94678 1.96996 1.87817 1.94967 2.02905 2.12874 2.06374 2.05083 1.92872 1.91571 1.85028 1.83335 1.81943 1.80957 1.79612 1.78372 1.83125 1.83370 1.82660 1.90914 1.85814 1.79843 1.87094 1.83566 1.91687 2.00068 1.97436 1.99989 1.94332 2.01450 1.98387 2.02580 1.98352 2.24326 2.33956 2.34781 2.41865 2.41866 2.39337 2.38844 2.38865 2.45397 2.50061 2.17801 2.22552 2.22324 2.20617 2.23165 2.25950 2.25389 2.27555 2.00410 2.17090 2.18399 2.30640 2.32077 2.28323
1.68805 1.54063 1.59898 1.65603 1.72511 1.74290 1.86768 1.88267 1.91153 1.83533 1.86631 1.83272 1.96574 1.90250 1.87003 1.77152 1.76901 1.70785 1.69786 1.71645 1.69356 1.69109 1.66379 1.67116 1.64613 1.60582 1.61513 1.59523 1.52224 1.67437 1.71555 1.77359 1.90417 1.91319 2.02639 2.01819 2.12074 2.06324 2.06324 1.97317 2.14281 2.30240 2.30922 2.39824 2.43463 2.42624 2.46651 2.53319 2.64936 2.63451 2.15964 2.13587 2.11627 2.10744 2.17061 2.20061 2.21782 2.21598 2.08420 2.22498 2.32268 2.46974 2.49468 2.43243
1.76471 1.59377 1.68268 1.72383 1.76851 1.76213 1.85335 1.86108 1.85894 1.77687 1.72436 1.68618 1.90475 1.90455 1.87943 1.78049 1.78767 1.69757 1.63571 1.62829 1.60238 1.57890 1.58467 1.63941 1.71813 1.68188 1.65108 1.63732 1.52181 1.68883 1.79774 1.78605 1.96163 1.95561 2.03874 1.97533 2.06997 2.01126 2.01905 1.93785 2.05107 2.31448 2.33266 2.43370 2.52115 2.54755 2.58831 2.63399 2.79737 2.78280 2.09223 2.06322 2.03289 2.00252 1.84064 2.02403 2.09166 2.10446 2.15800 2.28477 2.40621 2.51676 2.52565 2.46985
1.95190 1.71782 1.72750 1.74545 1.75266 1.74092 1.78100 1.84525 1.84885 1.79575 1.70734 1.60064 1.60189 1.65508 1.66956 1.61629 1.62537 1.64511 1.70169 1.76121 1.74603 1.73121 1.74146 1.75790 1.82079 1.82351 1.69546 1.73068 1.65598 1.69272 1.84876 1.81463 1.88863 1.92856 2.00896 1.95330 2.05893 1.99427 2.00961 2.02011 2.13832 2.34787 2.42725 2.48377 2.59728 2.61010 2.60272 2.61489 2.74920 2.72744 1.91229 1.91229 1.91255 1.92035 1.81203 2.01947 2.09076 2.12177 2.11417 2.16674 2.29625 2.35567 2.37632 2.36858
1.89473 1.66549 1.58705 1.63931 1.65453 1.67143 1.64789 1.70893 1.67241 1.60145 1.64822 1.72418 1.68278 1.63223 1.66113 1.64696 1.67780 1.69791 1.71571 1.76146 1.74852 1.77469 1.80668 1.83918 1.91920 1.93305 1.68410 1.69896 1.64187 1.62130 1.82511 1.77674 1.83712 1.96351 2.05162 2.06056 2.19661 2.21409 2.28982 2.32981 2.33919 2.40312 2.50491 2.47959 2.60648 2.59951 2.58528 2.59968 2.65745 2.66767 1.97749 1.99349 2.00921 2.01684 1.89238 2.12482 2.23476 2.32767 2.19441 2.00882 2.11906 2.24012 2.29287 2.27387
1.49911 1.43897 1.45863 1.50967 1.47537 1.44212 1.44298 1.57977 1.64757 1.64757 1.63658 1.77378 1.73581 1.60776 1.65556 1.63988 1.66468 1.71744 1.75842 1.84239 1.87348 1.90185 1.92550 1.94919 1.97562 1.98583 1.80407 1.79020 1.72760 1.55969 1.75056 1.78762 1.95672 2.09806 2.29044 2.26527 2.27803 2.28754 2.28564 2.29023 2.28019 2.26500 2.39345 2.33499 2.40413 2.42515 2.43709 2.41644 2.41754 2.50514 2.11576 2.18808 2.24742 2.29730 2.54983 2.56165 2.39071 2.39439 2.25395 1.91444 1.97365 2.11295 2.11464 2.10389
1.26579 1.28641 1.42032 1.52198 1.51227 1.51587 1.51829 1.63544 1.76307 1.76667 1.72062 1.85651 1.86458 1.71524 1.77582 1.79884 1.86541 1.96742 2.00190 2.06016 2.09431 2.09446 2.07839 2.06203 1.94991 1.86609 1.79039 1.68997 1.78730 1.77905 2.04607 2.15287 2.20958 2.26348 2.48175 2.40740 2.38669 2.36595 2.34524 2.33393 2.32935 2.32077 2.46652 2.39034 2.38290 2.40189 2.40742 2.34836 2.47973 2.64859 2.54522 2.54455 2.54489 2.55142 2.50111 2.44626 2.41199 2.25675 2.22251 1.94930 1.92826 2.07073 2.00891 1.94243
1.33966 1.40920 1.50421 1.60716 1.60066 1.62256 1.61769 1.64944 1.81773 1.83463 1.82060 1.95360 2.00089 1.96728 2.00847 1.99233 1.97518 2.00931 2.01471 2.04096 2.02891 2.01264 2.01236 2.01236 1.97050 1.90510 1.93211 1.89440 1.91455 1.83576 2.04520 2.13249 2.13611 2.11874 2.37812 2.34803 2.37354 2.40454 2.43934 2.58600 2.71389 2.59577 2.44655 2.38524 2.41276 2.46887 2.47962 2.42092 2.47340 2.52798 2.57396 2.58237 2.59041 2.59214 2.49519 2.42278 2.41872 2.44462 2.38958 2.19811 2.04493 2.11972 2.09860 2.05329
1.58364 1.53606 1.62234 1.68393 1.68049 1.70056 1.64513 1.59968 1.76033 1.77410 1.69645 1.71699 1.82233 1.86156 1.91141 1.82646 1.82625 1.87000 1.91102 1.95468 1.97653 1.97653 1.95380 1.95380 1.94859 1.82559 1.87415 1.76507 1.83969 1.77422 1.97542 2.07909 2.16164 2.20545 2.45951 2.46258 2.40576 2.34795 2.29338 2.33539 2.27785 2.26525 2.26396 2.21082 2.24133 2.32135 2.35035 2.31303 2.40146 2.47425 2.58541 2.58496 2.58165 2.57785 2.53002 2.42236 2.41091 2.46386 2.40565 2.36907 2.02370 2.05044 1.98637 1.84337
1.60181 1.49448 1.53246 1.55202 1.52840 1.52754 1.48052 1.48052 1.58313 1.68017 1.64094 1.63649 1.85240 1.81565 1.95446 1.86191 1.86379 1.89482 1.93695 1.98315 2.01631 2.01317 1.97477 1.95637 1.95177 1.85144 1.83439 1.90428 2.03519 1.94104 2.08297 2.13033 2.09535 2.02587 2.10331 2.24207 2.24096 2.24096 2.24020 2.33040 2.21986 2.20785 2.19948 2.13739 2.16821 2.22430 2.25521 2.14858 2.08450 1.97376 2.60746 2.61869 2.63321 2.65738 2.67173 2.52611 2.51074 2.54761 2.50896 2.53441 1.99181 1.87943 1.81886 1.69809
1.33216 1.14502 1.29325 1.35335 1.37039 1.40511 1.35336 1.34386 1.32731 1.49383 1.50661 1.48218 1.91707 1.91099 2.03790 1.92896 1.91217 1.91692 1.93781 1.91887 1.91696 1.89895 1.87842 1.87842 1.91095 1.86645 1.88212 1.68066 2.12375 1.91115 1.91793 2.00731 2.01866 2.05615 2.13485 2.36355 2.35640 2.34756 2.21752 2.33787 2.24402 2.20430 2.13209 2.01831 1.96647 1.91059 1.96008 1.89508 1.82969 1.83683 2.67591 2.68988 2.70320 2.70666 2.71237 2.56914 2.50559 2.49582 2.46766 2.45796 2.13426 1.84396 1.74288 1.69076
1.16431 1.09668 1.15702 1.18735 1.23461 1.34012 1.28462 1.28462 1.29368 1.47990 1.51279 1.46469 1.80784 1.76574 1.87620 1.90873 1.89003 1.90309 1.92627 1.90309 1.92627 1.92627 1.91095 1.89772 1.84896 1.72590 1.60260 1.41516 1.86267 1.76534 1.83171 1.95340 2.02084 2.04837 2.11105 2.33335 2.38410 2.38708 2.17492 2.11231 1.95935 1.85499 1.81819 1.81364 1.82231 1.82726 1.88350 1.83020 1.79603 1.73378 2.73580 2.72910 2.69721 2.66395 2.64854 2.49451 2.41632 2.42902 2.44815 2.39622 2.31539 1.90378 1.80285 1.83594
1.27951 1.25542 1.20995 1.31594 1.34136 1.43581 1.35399 1.31666 1.05260 1.18911 1.36826 1.38830 1.80716 1.77713 1.85442 2.01333 1.96366 1.98251 2.01302 1.97514 1.90188 1.79703 1.68166 1.59264 1.56877 1.55228 1.49836 1.36279 1.89180 1.79342 1.91569 2.00932 2.13986 2.19184 2.12347 2.11750 2.05401 1.84812 1.82253 1.76000 1.77271 1.89571 1.89956 1.91162 1.90214 1.87548 1.90979 1.87204 1.84681 2.01872 2.61513 2.61503 2.60693 2.58912 2.58850 2.49229 2.24340 2.17945 2.22365 2.18526 2.23971 1.99597 1.93135 1.99333
1.64409 1.67023 1.53553 1.54484 1.06042 1.14241 1.10757 1.10298 0.995841 1.06175 1.35488 1.30413 1.67565 1.63310 1.63889 2.03724 1.86596 1.77423 1.66801 1.54163 1.48399 1.45476 1.40348 1.38579 1.40066 1.43214 1.51587 1.45747 1.49504 1.89153 1.93783 1.77310 1.71335 1.58235 1.50851 1.57288 1.83001 1.82884 1.86391 1.77350 1.70231 1.84943 1.81743 1.81094 1.81407 1.77055 1.66119 1.56307 1.43535 1.27677 2.27372 2.34605 2.30157 2.33835 2.34784 2.29491 2.06043 2.05485 2.19852 2.29603 2.35243 2.19720 2.02112 2.04222
1.53512 1.52427 1.43215 1.39246 0.857971 0.984700 0.949116 0.949530 0.882221 0.835750 1.13407 1.09353 1.46947 1.37799 1.37886 1.51047 1.40693 1.39185 1.36145 1.38780 1.40788 1.42798 1.43771 1.48527 1.51052 1.50104 1.56720 1.54536 1.55068 1.49111 1.34612 1.31939 1.35745 1.41043 1.38414 1.39081 1.61886 1.64338 1.66362 1.62874 1.59754 1.73361 1.63080 1.48597 1.32398 1.23089 1.18931 1.21666 1.16282 1.14573 2.06176 2.29563 2.29946 2.26616 2.19719 2.18108 2.14420 2.14467 2.24408 2.37386 2.35101 2.23300 1.91231 1.92482
1.39722 1.37805 1.35593 1.33631 0.715593 0.887003 0.846545 0.846545 0.802769 0.887681 1.06585 1.10087 1.12326 1.61044 1.64864 1.57331 1.43887 1.45285 1.46455 1.47141 1.47141 1.45798 1.46003 1.51870 1.55215 1.53063 1.56445 1.55603 1.52386 1.53156 1.41505 1.41439 1.42489 1.31693 1.29021 1.29452 1.46474 1.57625 1.47888 1.31914 1.17546 1.13894 1.14770 1.14362 1.12559 1.14854 1.13436 1.17579 1.13125 1.10596 2.00410 2.31492 2.33754 2.28688 2.19770 2.16516 2.13296 2.11693 2.15969 2.29843 2.23308 2.17274 1.84479 1.86698
1.33574 1.33574 1.35676 1.36764 1.36995 1.05597 1.12622 1.23217 1.18721 1.27973 1.17185 1.24823 1.22340 1.68628 1.69622 1.66700 1.52322 1.50363 1.50358 1.54369 1.57344 1.57152 1.57985 1.61849 1.63380 1.58103 1.62043 1.64654 1.63292 1.64341 1.47838 1.45734 1.43008 1.36231 1.24794 1.15085 1.17638 1.07841 1.06426 1.06426 1.06277 1.08928 1.11735 1.11545 1.09797 1.12131 1.10279 1.14154 1.09650 1.11431 1.97046 2.26639 2.39648 2.29050 2.17198 2.09573 2.05078 2.04286 2.07853 2.19860 2.21930 2.16782 2.08379 2.05138
1.42199 1.50014 1.58641 1.60896 1.72199 1.38240 1.30453 1.30372 1.20985 1.31098 1.17724 1.21278 1.21440 1.68450 1.69394 1.71506 1.62297 1.59070 1.60569 1.64769 1.67720 1.68048 1.72050 1.77178 1.76924 1.67929 1.66913 1.66378 1.64566 1.63028 1.53026 1.46147 1.45953 1.43019 1.29884 1.15603 1.14964 1.08727 1.08014 1.09375 1.09144 1.09425 1.12617 1.12743 1.09636 1.13378 1.13010 1.15700 1.09897 1.14274 1.94217 2.08382 2.12982 2.07718 2.07153 2.05796 2.05698 2.05698 2.06062 2.14066 2.18452 2.11987 2.06195 1.98752
1.65016 1.66701 1.68278 1.62422 1.68183 1.35245 1.29357 1.29357 1.18701 1.30372 1.22506 1.88069 1.88619 1.90537 1.86797 1.91566 1.88567 1.78017 1.76463 1.78264 1.79636 1.76936 1.78524 1.82066 1.80676 1.70220 1.68143 1.71281 1.74030 1.70467 1.69066 1.54192 1.52761 1.50679 1.28190 1.16266 1.12551 1.08305 1.05871 1.07831 1.07958 1.08488 1.14078 1.17030 1.17979 1.22871 1.21487 1.21487 1.11246 1.16850 1.87553 2.01270 2.10860 2.08347 2.07598 2.05613 2.06285 2.06250 2.06368 2.15886 2.25564 2.18134 2.13440 2.02340
1.68286 1.65095 1.68030 1.62504 1.66116 1.78441 1.47305 1.98685 1.99402 2.09720 2.12362 2.03142 2.03234 2.05353 2.02209 2.02386 1.98861 1.78464 1.75653 1.77225 1.78274 1.76385 1.77976 1.82421 1.84004 1.79209 1.82271 1.86990 1.87239 1.77265 1.80507 1.63663 1.61076 1.56084 1.36297 1.20842 1.13479 1.11807 1.07094 1.09354 1.09556 0.970669 1.19132 1.19212 1.16009 1.19747 1.19730 1.24163 1.20778 1.28853 1.90651 1.96863 2.01419 2.00932 2.05950 2.06494 2.09443 2.09443 2.09443 2.19946 2.37530 2.25365 2.20217 2.07517
1.66232 1.62557 1.67686 1.65199 1.75563 1.99322 2.23799 2.30774 2.35637 2.37557 2.37351 2.14588 2.02806 2.01895 2.00953 2.00926 2.00650 1.77685 1.69347 1.72550 1.76486 1.79111 1.85770 1.92078 1.93001 1.89711 1.94192 1.95522 1.96333 1.81387 1.82876 1.69324 1.61070 1.63957 1.49310 1.23482 1.11223 0.864845 0.833667 0.858804 0.855482 0.932185 1.19628 1.27075 1.29893 1.37611 1.40399 1.40364 1.36542 1.45160 1.94205 1.92319 1.95266 2.00479 2.05830 2.07744 2.09063 2.07722 2.06196 2.12982 2.25513 2.21346 2.19903 2.07632
1.88249 1.96705 2.04531 2.08401 1.63267 2.20777 2.34611 2.33829 2.33247 2.34364 2.33544 2.16751 1.99634 1.97084 1.96234 1.95400 2.00068 1.89592 1.75471 1.83631 1.86770 1.81246 1.81114 1.80070 1.77262 1.73422 1.72129 1.71848 1.74133 1.88040 2.01853 1.93652 1.75235 1.52948 1.44599 0.844154 0.707949 0.802395 0.814039 0.843988 0.894598 0.965466 1.45717 1.47314 1.49301 1.57362 1.64340 1.76959 1.91125 1.91584 1.95672 1.93949 1.88556 2.00608 2.11925 2.17332 2.20237 2.22584 2.12423 2.03474 2.16542 2.18426 2.21183 2.13447
2.56516 1.87568 1.79857 1.84932 1.83345 2.31862 2.20241 2.17926 2.16095 2.20999 2.20999 2.15878 1.92667 1.98901 2.07294 2.13910 2.14763 2.08118 1.80530 1.75545 1.75676 1.67628 1.68716 1.66674 1.64653 1.64249 1.63978 1.64533 1.68139 1.77308 1.93965 1.69449 1.67312 1.66745 1.67877 1.58954 1.34544 1.30526 1.15492 1.02741 1.03784 1.14101 1.20811 1.87125 1.98777 1.99805 2.00642 2.00149 1.99432 1.24148 2.26532 2.36393 2.33746 2.44714 2.37574 2.34318 2.31785 2.32355 2.22976 2.06529 2.27774 2.39048 2.50907 2.48497
2.37990 1.82029 1.79316 1.82731 1.80218 1.82670 2.22000 2.15774 2.13473 2.17402 2.14462 2.14499 2.14392 2.12102 2.10992 2.07294 2.06537 2.05628 1.81591 1.72563 1.74481 1.68780 1.68989 1.66704 1.64314 1.63365 1.62441 1.61064 1.64882 1.68897 1.88483 1.61143 1.61653 1.62901 1.69518 1.67404 1.53792 1.53752 1.45907 1.41072 1.49753 1.53062 1.50563 1.47923 1.41378 1.34500 1.37927 1.26023 1.18372 1.05860 2.30129 2.43031 2.38635 2.33565 2.35214 2.36458 2.41784 2.48231 2.47995 2.28060 2.40318 2.47080 2.52979 2.52094
1.30121 1.49991 1.46600 1.43594 1.41033 1.40793 1.43467 1.56320 1.60039 1.52785 1.54935 1.44826 1.44509 1.05362 0.501220 0.518866 0.667395 0.716743 0.791192 0.912028 0.938587 0.905570 0.942331 0.874300 0.905617 0.818253 0.802669 0.776680 0.784330 0.770228 0.761942 0.747092 0.915615 0.921748 0.893543 0.806274 0.896809 1.11875 1.17804 1.25058 1.21709 1.22681 1.28070 1.34626 1.47629 1.56491 1.59882 1.41670 1.37118 1.37072 1.20502 1.27292 1.19028 1.18525 1.07884 1.13149 1.08817 1.12012 1.12412 1.07253 1.07253 1.51585 1.57576 1.58222
1.11905 1.46052 1.46052 1.46052 1.43982 1.44081 1.44454 1.61351 1.65455 1.57618 1.57247 1.48534 1.51519 1.44603 1.39985 1.56339 1.21255 1.00969 0.935461 0.961739 0.929300 0.889819 0.905922 0.841532 0.870771 0.819485 0.804553 0.787168 0.790639 0.793607 0.852658 0.903494 1.04621 1.10314 1.12495 0.911131 0.990440 1.17651 1.29969 1.39474 1.51121 1.60362 1.69502 1.58173 1.66705 1.61638 1.61359 1.53633 1.44868 1.46617 1.25266 1.28965 1.10018 1.10713 1.02363 1.08672 1.07561 1.08672 1.10288 1.05751 1.05722 1.37658 1.57659 1.58229
1.06370 1.45979 1.45988 1.45988 1.43761 1.43876 1.43672 1.67705 1.76122 1.72607 1.76430 1.71204 1.68649 1.64278 1.76696 1.63781 1.45416 1.19733 0.986344 1.00546 1.00530 1.00402 0.970887 0.879236 0.884538 0.926538 0.988598 1.04143 1.07491 1.07962 1.08275 1.09805 1.20124 1.32217 1.35502 1.24152 1.28520 1.34284 1.48613 1.52262 1.56456 1.56953 1.65760 1.56874 1.67934 1.62344 1.61024 1.54762 1.42118 1.42294 1.26921 1.27051 1.10002 1.10713 1.02363 1.08672 1.07561 1.08672 1.10288 1.05806 1.05722 1.23847 1.55762 1.52672
1.04969 1.35436 1.45494 1.48929 1.49338 1.53258 1.53979 1.74727 1.79420 1.71484 1.70835 1.64988 1.60182 1.54618 1.66198 1.61704 1.52793 1.37948 0.901838 0.899208 1.35406 1.34883 1.34303 1.28024 1.23177 1.21905 1.18751 1.19096 1.17991 1.15441 1.13241 1.14303 1.21351 1.41072 1.41412 1.39719 1.35068 1.33776 1.48696 1.50744 1.61200 1.62414 1.74826 1.73273 1.76967 1.65144 1.58779 1.55115 1.41091 1.40858 1.31163 1.27541 1.11355 1.11782 1.07561 1.13653 1.14137 1.12843 1.10046 1.03204 1.02106 1.05064 1.34996 1.31424
