High_resolution/powerplant/Chizhou/OMI_NO2_201005.asc
ncols      200
nrows      200
xllcorner       115.585
yllcorner       28.7700
cellsize     0.0166667
NODATA_Value      -999.000
[rows 0 to 28 of 200, columns 0 to 65 of 200]
4.36467 4.36467 4.36467 4.36467 4.36467 4.36467 4.36467 4.36467 4.36467 4.36467 4.36467 4.36467 4.36467 4.36467 0.00000 0.00000 0.00000 0.00000 0.00000 0.00000 0.00000 0.00000 3.87514 4.34365 4.63684 4.70237 4.72974 4.79798 4.85220 4.56847 4.26325 4.01800 4.02918 4.09436 4.09436 4.09849 4.19956 4.20397 4.20397 4.20397 4.20397 3.24560 2.53775 2.53775 2.53775 2.53775 2.53775 2.53775 2.53775 2.53775 2.53775 2.53775 2.53775 2.53775 2.53775 2.66171 2.97570 2.99810 2.98663 3.06532 2.85456 2.79079 2.87687 2.98645 3.08025 3.16151
4.36467 4.36467 4.36467 4.36467 4.36467 4.36467 4.36467 4.36467 4.36467 4.36467 4.36467 4.36467 4.36467 4.36467 4.36467 0.00000 0.00000 0.00000 3.87514 3.87514 3.87514 3.87514 3.87514 4.59205 4.87267 4.68188 4.35286 4.09059 3.88566 3.83886 3.83886 3.83886 3.92942 4.09436 4.09436 4.09436 4.16198 4.20397 4.20397 4.20397 4.20397 3.74897 2.53775 2.53775 2.53775 2.53775 2.53775 2.53775 2.53775 2.53775 2.53794 2.74835 3.04146 3.24830 3.34476 3.32448 3.73223 4.10883 4.49181 3.46049 3.17103 3.19538 3.19538 3.19538 3.19538 3.19538
4.36467 4.36467 4.36467 4.36467 4.36467 4.36467 4.36467 4.36467 4.36467 4.36467 4.36467 4.36467 4.36467 4.36467 4.34116 3.87514 3.87514 3.87514 3.87514 3.87514 3.87514 3.75605 3.36959 3.48263 3.94045 3.83886 3.83886 3.83886 3.83886 3.83886 3.83886 3.83886 3.85194 4.08570 4.09436 4.09436 4.12679 4.20397 4.20397 4.20397 4.20397 4.08947 2.54075 2.53775 2.53775 2.53775 2.55608 2.83542 3.10168 3.29237 3.42649 3.88359 4.40622 4.84682 5.26145 5.66406 5.77513 5.72838 5.52887 4.28163 3.19538 3.19538 3.19538 3.19538 3.19538 3.19538
4.36467 4.36467 4.36467 4.36467 4.36467 4.36467 4.36467 4.36467 4.36467 4.36467 4.35143 4.21580 4.05145 3.88664 3.78734 3.87514 3.87514 3.84160 3.48201 3.17253 2.95787 2.83130 2.82319 2.85052 3.79373 3.83886 3.83886 3.83886 3.83886 3.83886 3.83886 3.83886 3.83886 4.01206 4.09436 4.09436 4.10035 4.20170 4.20397 4.20397 4.20397 4.20397 3.07154 2.91412 3.15695 3.35889 4.00456 4.54469 4.97437 5.34156 5.66890 5.77513 5.77513 5.77513 5.77513 5.77513 5.77513 5.77471 5.56033 4.97401 3.19526 3.19538 3.19538 3.19538 3.19538 3.19538
4.36467 4.36467 4.36467 4.36467 4.36467 4.36467 4.35077 4.21415 4.05033 3.88499 3.73281 3.70304 3.70304 3.70284 3.46615 3.25269 3.01874 2.85467 2.82319 2.82319 2.82319 2.82319 2.82319 2.82319 3.56962 3.83886 3.83886 3.83886 3.83886 3.83886 3.83886 3.83886 3.83886 3.92572 4.09436 4.09436 4.09436 4.16679 4.21283 4.23606 4.25349 4.18732 4.32794 5.10192 5.45983 5.75866 5.78798 5.77513 5.77513 5.77513 5.77513 5.77513 5.77513 5.77513 5.77513 5.77513 5.77513 5.77513 5.63766 5.49877 3.36440 3.19538 3.19538 3.19538 3.19538 3.19538
4.36467 4.36467 4.35011 4.21295 4.04874 3.88333 3.73182 3.70304 3.70304 3.70304 3.57936 3.22547 2.97854 2.80335 2.73714 2.79455 2.82319 2.82319 2.82319 2.82319 2.82319 2.82319 2.82319 2.82319 3.27136 3.83886 3.83886 3.83886 3.83886 3.83886 3.83886 3.83886 3.83886 3.84988 4.07885 4.07891 4.00386 3.94481 3.95277 3.71513 3.37335 3.15013 3.86353 5.77513 5.77513 5.77513 5.77513 5.77513 5.77513 5.77513 5.77513 5.77513 5.77513 5.77513 5.77513 5.77513 5.77513 5.77513 5.71561 5.52887 4.02599 3.19538 3.19538 3.19538 3.19538 3.19538
4.04712 3.88168 3.73083 3.70304 3.70304 3.70304 3.66368 3.32651 3.04745 2.85330 2.74268 2.73714 2.73714 2.73714 2.73714 2.76666 2.82319 2.82319 2.82319 2.82319 2.82319 2.82319 2.82319 2.82319 2.91352 3.82502 3.83886 3.83886 3.83886 3.83880 3.83243 3.77196 3.60310 3.40433 3.39590 3.23094 2.96204 2.86618 3.04264 2.98281 2.98281 2.98281 3.02159 5.61366 5.77513 5.77513 5.77513 5.77513 5.77513 5.77513 5.77513 5.77513 5.77513 5.77513 5.77513 5.77513 5.77513 5.77513 5.77237 5.54984 4.71831 3.19526 3.19286 3.17625 3.16567 3.22207
3.70304 3.70304 3.70304 3.70304 3.70304 3.70304 2.90194 2.73714 2.73714 2.73714 2.73714 2.73714 2.73714 2.73714 2.73714 2.74147 2.82046 2.82319 2.82319 2.82319 2.82319 2.82319 2.82319 2.82319 2.82319 3.64313 3.79973 3.64191 3.44884 3.22166 2.95947 2.76715 2.79228 2.82576 2.80945 2.63411 2.63228 2.63228 2.90776 2.98281 2.98281 2.98281 2.98281 4.97732 5.77513 5.77513 5.77513 5.77513 5.77513 5.77513 5.77513 5.77513 5.77513 5.77513 5.77513 5.77513 5.77513 5.77513 5.72185 5.53104 5.32969 3.21927 3.27878 3.36667 3.45348 3.47598
3.70304 3.70304 3.70304 3.70304 3.70304 3.70304 3.15248 2.73714 2.73714 2.73714 2.73714 2.73714 2.73714 2.73714 2.73714 2.73714 2.79691 2.82319 2.82319 2.82319 2.82319 2.82196 2.80903 2.79323 2.77744 2.86885 2.77632 2.75852 2.78162 2.81509 2.84856 2.87727 2.88093 2.88093 2.87195 2.64454 2.63228 2.63228 2.79584 2.98281 2.98281 2.98281 2.98281 4.15657 5.77513 5.77513 5.77513 5.77513 5.77513 5.77513 5.77513 5.77513 5.77513 5.77387 5.68591 5.54569 5.40535 5.23895 5.10006 4.95949 4.86277 3.59612 3.49274 3.50041 3.50307 3.50307
3.70304 3.70304 3.70304 3.70304 3.70304 3.70304 3.56926 2.74699 2.73714 2.73714 2.73714 2.73714 2.73714 2.73714 2.73714 2.73714 2.76904 2.82089 2.80677 2.79098 2.77519 2.76063 2.75775 2.75775 2.77115 2.80442 2.83790 2.87058 2.88093 2.88093 2.88093 2.88093 2.88093 2.88093 2.88093 2.72006 2.63228 2.63228 2.68402 2.98274 2.98281 2.98281 2.98281 3.19350 5.72706 5.77513 5.77513 5.77513 5.77513 5.76389 5.64895 5.50867 5.36845 5.20515 4.93432 4.64595 4.35778 4.09555 3.85914 3.79777 4.04533 3.64091 3.50269 3.50307 3.50307 3.50307
3.70304 3.70304 3.70304 3.70304 3.70304 3.70304 3.70304 2.90081 2.73714 2.73714 2.73714 2.73714 2.73714 2.74242 2.77192 2.80421 2.83395 2.76158 2.75775 2.75775 2.76331 2.79377 2.82722 2.86068 2.88074 2.88093 2.88093 2.88093 2.88093 2.88093 2.88093 2.88093 2.88093 2.88093 2.88093 2.80430 2.63228 2.63228 2.63228 2.92252 2.98281 2.98281 2.98281 2.98281 5.21380 5.74427 5.61182 5.47172 5.32467 5.01363 4.70266 4.41431 4.12585 3.85949 3.78968 3.78968 3.78968 3.78968 3.78968 3.78968 3.96878 3.88725 3.40141 3.50307 3.50307 3.50307
3.70304 3.70304 3.70304 3.70304 3.70304 3.70304 3.70304 3.18523 2.73714 2.74260 2.77225 2.80476 2.83702 2.86417 2.86718 2.86718 2.86830 2.81302 2.81656 2.85001 2.87793 2.88093 2.88093 2.88093 2.88093 2.88093 2.88093 2.88093 2.88093 2.88093 2.88093 2.88093 2.88093 2.88093 2.88093 2.87378 2.64696 2.63228 2.63228 2.81056 2.98281 2.89222 2.68242 2.47200 3.76018 4.75787 4.46858 4.18024 3.89859 3.79229 3.78968 3.78968 3.78968 3.78968 3.78968 3.78968 3.78968 3.78968 3.78968 3.78968 3.88414 4.05857 3.37507 3.50307 3.50307 3.50307
3.70304 3.70304 3.70304 3.70304 3.70304 3.71474 3.77391 3.73187 2.85526 2.86434 2.86718 2.86718 2.86718 2.88192 2.91532 2.94878 2.98112 2.94621 2.88093 2.88093 2.88093 2.88093 2.88093 2.88093 2.88093 2.88093 2.88093 2.88093 2.88093 2.88093 2.88093 2.88093 2.88093 2.88093 2.88093 2.88093 2.72323 2.53256 2.36937 2.24983 2.20623 2.08470 2.03736 1.97041 2.25006 3.79548 3.78968 3.78968 3.78968 3.78968 3.78968 3.78968 3.78968 3.78968 3.78968 3.78968 3.78968 3.78968 3.78968 3.78968 3.80571 4.05245 3.52013 3.50269 3.50307 3.50307
3.70304 3.71513 3.77516 3.83958 3.90459 3.95791 3.96311 3.96311 3.07771 2.87359 2.90467 2.93811 2.97157 2.99029 2.99035 2.99035 2.99035 2.98042 2.88201 2.88093 2.88093 2.88093 2.88093 2.88093 2.88093 2.88093 2.88093 2.88093 2.88093 2.88093 2.88093 2.88093 2.87551 2.75718 2.59413 2.43088 2.19637 1.95572 1.92170 1.85493 1.90117 1.85271 1.83257 1.83257 1.83257 3.55014 3.78968 3.78968 3.78968 3.78968 3.78968 3.78968 3.78968 3.78968 3.78968 3.78968 3.78968 3.78968 3.78968 3.78968 3.78968 3.98381 3.76664 3.40141 3.50307 3.49986
3.90524 3.95817 3.96311 3.96311 3.96311 3.96311 3.96311 3.96311 3.46127 2.98795 2.99035 2.99035 2.99035 2.99035 2.99035 2.99035 2.99035 2.99035 2.90754 2.88093 2.88093 2.88093 2.88093 2.88093 2.88093 2.88093 2.88093 2.88093 2.86760 2.73317 2.57011 2.40693 2.24929 2.20436 2.18399 2.10812 2.02387 1.75003 1.70243 1.70243 1.77459 1.83257 1.83257 1.83257 1.83257 3.05794 3.78968 3.78968 3.78968 3.78968 3.78968 3.78968 3.78968 3.78968 3.78968 3.78968 3.78968 3.78968 3.78968 3.78968 3.78968 3.91730 4.00643 3.24363 3.51223 3.56710
3.96311 3.96311 3.96311 3.96311 3.96311 3.96311 3.96311 3.96311 3.89062 3.01371 2.99035 2.99035 2.99035 2.99035 2.99035 2.99035 2.99035 2.99035 2.94285 2.88093 2.88093 2.88093 2.88093 2.88093 2.85603 2.70935 2.54616 2.38291 2.23325 2.20436 2.19797 2.13313 2.05418 1.97524 1.91670 1.91359 1.91359 1.78408 1.70243 1.70243 1.73325 1.83257 1.83257 1.83257 1.83257 2.43340 3.78968 3.78968 3.78968 3.78968 3.78968 3.78968 3.78968 3.78968 3.78968 3.78968 3.79254 3.85688 3.94620 4.03594 4.13141 4.16137 3.81984 3.16453 3.59724 3.56229
3.96311 3.96311 3.96311 3.96311 3.96311 3.96311 3.96311 3.96311 3.96311 3.19691 2.99035 2.99035 2.99035 2.99035 2.99035 2.99035 2.99035 2.99035 2.97771 2.88135 2.84108 2.68533 2.52221 2.35903 2.22074 2.20436 2.20407 2.15810 2.07913 2.00021 1.92766 1.91359 1.91359 1.91359 1.91359 1.91359 1.91359 1.85533 1.70243 1.70243 1.70364 1.82070 1.83257 1.83257 1.83257 1.86207 3.68051 3.78968 3.78968 3.78968 3.78968 3.78968 3.80181 3.88091 3.97023 4.05959 4.14589 4.01037 3.74171 3.42628 3.04889 2.60768 2.22866 2.43690 3.37080 3.51360
3.96311 3.96311 3.96311 3.96311 3.96311 3.96311 3.96311 3.96311 3.96311 3.50556 2.99035 2.99035 2.99035 2.99035 2.99035 2.99035 2.95041 2.81041 2.66529 2.37572 2.21174 2.20436 2.20436 2.18099 2.10411 2.02516 1.94654 1.91359 1.91359 1.91359 1.91359 1.91359 1.91359 1.91359 1.91359 1.91359 1.91359 1.91009 1.71911 1.70243 1.70243 1.78054 1.83257 1.83257 1.83257 1.83257 3.23731 3.78968 3.81756 3.90494 3.99426 4.07899 3.99197 3.73358 3.42081 3.04896 2.61163 2.45072 2.45072 2.45072 2.45072 2.45072 2.31806 2.23907 3.11063 3.51360
3.96311 3.96311 3.96311 3.96311 3.96311 3.96311 3.96311 3.96311 3.96311 3.91178 3.02147 2.99035 2.94954 2.80895 2.66384 2.51872 2.41441 2.40988 2.40988 2.30587 2.12908 2.05014 1.97119 1.91566 1.91359 1.91359 1.91359 1.91359 1.91359 1.91359 1.91359 1.91359 1.91359 1.91359 1.91359 1.91359 1.91359 1.91359 1.78691 1.70243 1.70243 1.73916 1.83257 1.83280 1.90746 2.04144 2.95139 3.93556 3.72375 3.41228 3.04355 2.60821 2.45062 2.45072 2.45072 2.45072 2.45072 2.45072 2.45072 2.45072 2.45072 2.45072 2.40746 2.16574 2.77676 3.51345
3.96311 3.96311 3.96311 3.96311 3.96311 3.96311 3.96311 3.96311 3.87929 3.59742 2.81226 2.51866 2.41441 2.40988 2.40988 2.40913 2.35958 2.28061 2.20169 2.10114 1.91370 1.91359 1.91359 1.91359 1.91359 1.91359 1.91359 1.91359 1.91359 1.91359 1.91359 1.91359 1.91359 1.91359 1.91359 1.91359 1.91359 1.91359 1.85827 1.70915 1.85624 2.06208 2.21993 2.34534 2.40587 2.41616 2.42832 2.44049 2.45001 2.45072 2.45072 2.45072 2.45072 2.45072 2.45072 2.45072 2.45072 2.45072 2.45072 2.45072 2.45072 2.45072 2.45072 2.21191 2.50274 3.37471
3.96311 3.96311 3.96311 3.96311 3.87708 3.59556 3.30718 3.01695 2.81054 2.80218 2.63022 2.40988 2.38328 2.30558 2.22667 2.14845 2.11911 2.11911 2.11911 2.11911 1.95014 1.91359 1.91359 1.91359 1.91359 1.91359 1.91359 1.91359 1.91359 1.91359 1.91359 1.91359 1.91359 1.91359 1.91359 1.92964 2.09598 2.29896 2.49911 2.50581 2.54324 2.55187 2.47495 2.43787 2.44884 2.45072 2.45072 2.45072 2.45072 2.45072 2.45072 2.45072 2.45072 2.45072 2.45072 2.45072 2.45072 2.45072 2.45072 2.45072 2.45072 2.45072 2.45072 2.30130 2.31863 3.11707
3.87708 3.59451 3.30428 3.01405 2.80984 2.80218 2.80218 2.80218 2.80218 2.80218 2.78861 2.20315 2.12036 2.11911 2.11911 2.11911 2.11911 2.11911 2.11911 2.11911 2.01637 1.91359 1.91359 1.91359 1.91359 1.91359 1.91359 1.91359 1.91359 1.91359 1.91359 1.94309 2.12447 2.32754 2.53043 2.71736 2.75409 2.73595 2.69604 2.60661 2.58537 2.58898 2.54375 2.45072 2.45072 2.45072 2.45072 2.45072 2.45072 2.45072 2.45072 2.45072 2.45072 2.45072 2.45072 2.45072 2.45072 2.45072 2.45072 2.45072 2.45072 2.45072 2.45072 2.38987 2.14563 2.78061
2.80926 2.80218 2.80218 2.80218 2.80218 2.80218 2.80218 2.80218 2.80218 2.80218 2.80218 2.29223 2.11911 2.11911 2.11911 2.11911 2.11911 2.11911 2.11911 2.11911 2.08253 1.91359 1.91359 1.91359 1.91359 1.91359 1.91359 1.96058 2.15313 2.35603 2.55918 2.73249 2.75409 2.74599 2.70861 2.66853 2.62850 2.60658 2.60653 2.60237 2.58898 2.58898 2.58289 2.45568 2.45072 2.45072 2.45072 2.45072 2.45072 2.45072 2.45072 2.45072 2.45072 2.45072 2.45072 2.45072 2.45072 2.45072 2.45072 2.43672 2.29784 2.12953 1.97866 1.93786 2.26066 2.79898
2.80218 2.80218 2.80218 2.80218 2.80218 2.80218 2.80218 2.80218 2.80218 2.80218 2.80218 2.52651 2.11911 2.11911 2.11911 2.11911 2.11911 2.11911 2.11911 2.11911 2.11901 1.94325 1.91359 1.98192 2.18171 2.38477 2.58750 2.74367 2.75409 2.75204 2.72123 2.68117 2.64121 2.60919 2.60653 2.60653 2.60653 2.60653 2.60653 2.60636 2.59090 2.58898 2.58898 2.49334 2.45072 2.45072 2.45072 2.45072 2.45072 2.45072 2.45072 2.45072 2.45072 2.45072 2.45072 2.41289 2.25370 2.08524 1.92276 1.87513 1.98817 2.13083 2.25592 2.27399 2.43291 2.84581
2.80218 2.80218 2.80218 2.80218 2.80218 2.80218 2.80218 2.80218 2.80218 2.80218 2.80218 2.78906 2.15491 2.11911 2.11911 2.11911 2.11911 2.11911 2.11911 2.08374 1.99554 2.16699 2.61633 2.75081 2.75409 2.75409 2.73384 2.69381 2.65369 2.61577 2.60653 2.60653 2.60653 2.60653 2.60653 2.60653 2.60653 2.60653 2.60653 2.60653 2.59649 2.58898 2.58898 2.53726 2.45072 2.45072 2.45072 2.45072 2.45072 2.45072 2.45072 2.37744 2.20948 2.04110 1.87308 1.82504 1.95852 2.10124 2.23790 2.27399 2.27399 2.27399 2.27399 2.27399 2.34788 2.59521
2.80218 2.80218 2.80218 2.80218 2.80218 2.80218 2.80218 2.80218 2.80218 2.80218 2.80218 2.80218 2.30758 2.11911 2.11911 2.08214 1.99404 1.90476 1.81616 1.76239 1.76186 1.97337 2.74456 2.70644 2.66630 2.62636 2.60653 2.60653 2.60653 2.60653 2.60653 2.60653 2.60653 2.60653 2.60653 2.60653 2.60653 2.60653 2.60653 2.60653 2.60240 2.58898 2.58898 2.57890 2.45307 2.45072 2.44756 2.33365 2.16527 1.99689 1.82858 1.78776 1.92883 2.07159 2.21377 2.27399 2.27399 2.27399 2.27399 2.27399 2.27399 2.27399 2.27399 2.27399 2.27972 2.52896
2.80218 2.80218 2.80218 2.80218 2.80218 2.80218 2.80218 2.80218 2.80218 2.80218 2.80218 2.72544 2.34449 1.90308 1.81455 1.76221 1.76186 1.76186 1.75904 1.72683 1.68679 1.65097 2.49709 2.60653 2.60653 2.60653 2.60653 2.60653 2.60653 2.60653 2.60653 2.60653 2.60653 2.60653 2.60653 2.60653 2.60653 2.60653 2.60653 2.60653 2.60640 2.59088 2.57434 2.43077 2.15697 1.95268 1.78752 1.76457 1.89928 2.04189 2.18456 2.27285 2.27399 2.27399 2.27399 2.27399 2.27399 2.27399 2.27399 2.27399 2.27399 2.27399 2.27399 2.27399 2.27399 2.44964
2.80218 2.80218 2.80218 2.80218 2.80218 2.80218 2.80218 2.72273 2.54496 2.36711 2.18949 2.08810 2.08507 1.78304 1.76180 1.73944 1.69942 1.65936 1.62213 1.61430 1.61430 1.61430 2.18058 2.60653 2.60653 2.60653 2.60653 2.60653 2.60653 2.60653 2.60653 2.60653 2.60653 2.60653 2.60653 2.60653 2.60653 2.60653 2.57978 2.42316 2.24903 2.06523 1.89827 1.88284 1.94784 2.01230 2.15491 2.26598 2.27399 2.27399 2.27399 2.27399 2.27399 2.27399 2.27399 2.27399 2.27399 2.27399 2.27399 2.27399 2.27399 2.27399 2.27399 2.27399 2.27399 2.36458
2.80218 2.80218 2.80218 2.71980 2.54138 2.36411 2.18591 2.08788 2.08767 2.08767 2.08767 2.08767 2.08767 1.79788 1.63201 1.61430 1.61430 1.61430 1.61430 1.61430 1.61430 1.61430 1.86203 2.60653 2.60653 2.60653 2.60653 2.60653 2.60653 2.60653 2.60653 2.60653 2.60653 2.60653 2.56392 2.39785 2.22379 2.05001 1.90262 1.88715 1.94741 2.05118 2.26025 2.38793 2.39416 2.27460 2.27399 2.27399 2.27399 2.27399 2.27399 2.27399 2.27399 2.27399 2.27399 2.27399 2.27399 2.27399 2.27399 2.27399 2.27399 2.27399 2.27399 2.27399 2.27399 2.28756
