High_resolution/powerplant/Chizhou/OMI_NO2_201010.asc
ncols      200
nrows      200
xllcorner       115.585
yllcorner       28.7700
cellsize     0.0166667
NODATA_Value      -999.000
[rows 116 to 144 of 164, columns 132 to 197 of 200]
1.97905 2.02861 2.10014 2.14252 2.14252 2.14252 2.14252 2.10977 2.09547 2.00858 1.75963 1.64764 1.56798 1.56248 1.56248 1.55487 1.54933 1.54933 1.54933 1.54933 1.54933 1.54933 1.50412 1.21618 1.21618 1.21618 1.22009 1.25577 1.29627 1.27189 1.68968 1.76584 2.08194 2.37230 2.39080 2.39080 2.39080 2.42588 2.65774 2.91989 3.18193 3.37882 3.39021 3.39021 3.39021 3.39021 3.39021 3.39021 3.39021 3.39021 3.84173 3.97141 4.87676 5.55328 5.55328 6.34764 6.34764 6.34764 6.34764 6.62363 7.28069 7.94051 8.59682 8.86125 8.87448 10.1713
2.03126 2.03126 2.06204 2.14252 2.14214 2.08233 1.97936 1.85450 1.74105 1.72116 1.61655 1.56248 1.56248 1.56248 1.56248 1.55871 1.54933 1.51504 1.41669 1.31704 1.21733 1.11899 1.04443 1.25811 1.32797 1.28749 1.22163 1.12392 1.02152 0.988482 1.30531 1.55356 2.10872 2.31412 2.60857 2.87062 3.13286 3.35983 3.39021 3.39021 3.39021 3.39021 3.39021 3.39021 3.39021 3.39021 3.39021 3.39021 3.39021 3.39021 3.65442 3.97141 4.40120 5.55328 5.55328 6.52032 7.15501 7.81483 8.47491 8.85874 8.86125 8.86125 8.85590 8.60134 8.26955 8.95325
2.03126 2.03126 2.03209 1.92684 1.80402 1.76085 1.76085 1.74993 1.72116 1.72116 1.66539 1.54970 1.46216 1.36234 1.26274 1.16264 1.05096 1.00505 1.03564 1.06762 1.08927 1.05078 0.980634 1.01613 1.00991 0.988482 0.988482 0.988482 0.988482 0.989353 1.23531 1.95437 2.64894 3.16449 3.39021 3.39021 3.39021 3.39021 3.39021 3.39021 3.39021 3.39021 3.39021 3.39021 3.39021 3.39021 3.39021 3.39021 3.39021 3.39021 3.50606 3.97141 4.07948 5.55038 5.55328 8.83586 8.86125 8.86125 8.82209 8.49235 8.20161 7.96685 7.73708 7.75728 7.85387 8.37136
2.03126 2.03126 2.03126 1.85846 1.76085 1.76032 1.70745 1.61901 1.45790 1.35385 1.24424 1.01179 1.01575 1.06794 1.12081 1.17363 1.13758 1.04697 0.968507 0.890007 0.821907 0.812681 0.812681 0.863301 0.988482 0.988482 1.03271 1.16127 1.29172 1.42143 1.49227 2.45075 2.77320 3.14879 3.38862 3.39021 3.39021 3.39021 3.39021 3.39021 3.39021 3.39021 3.39021 3.39021 3.39021 3.39021 3.39021 3.39021 3.38906 3.36650 3.33242 3.82887 3.83128 5.04092 5.55328 8.39477 8.13481 7.89992 7.70448 7.79920 7.85513 7.85513 7.85513 7.85513 7.85513 7.97773
2.01002 1.90310 1.78677 1.61625 1.40330 1.31685 1.28240 1.29039 1.24570 1.26355 1.31634 1.25242 1.21758 1.14091 1.06251 0.984013 0.878878 0.812681 0.812681 0.812681 0.812681 0.812681 0.826398 0.926889 1.25136 1.38398 1.47030 1.47233 1.47233 1.47233 1.47233 2.13466 2.59242 3.12339 3.33641 3.39021 3.39021 3.39021 3.39021 3.39021 3.39021 3.39021 3.39021 3.39021 3.38202 3.33906 3.29222 3.24535 3.19965 3.17538 3.17355 3.55588 3.62199 3.86023 4.23508 7.83017 7.85513 7.85513 7.85513 7.85513 7.85513 7.85513 7.85513 7.85513 7.90490 8.04907
1.40239 1.39333 1.39548 1.44433 1.38479 1.42757 1.48036 1.52524 1.48475 1.44377 1.47291 1.27020 0.920020 0.918814 0.918814 0.918814 0.905250 0.812734 0.815403 0.884787 0.982694 1.08060 1.16476 1.17557 1.39926 1.47233 1.47233 1.47233 1.47233 1.47233 1.47233 1.79864 2.52304 3.01049 3.26055 3.39021 3.39021 3.39021 3.39021 3.38613 3.35625 3.30960 3.26274 3.21611 3.17745 3.17355 3.17355 3.17231 3.07541 2.91964 2.76388 2.73400 2.92364 3.03375 3.77313 7.85513 7.85513 7.85513 7.85513 7.90490 8.04907 8.19544 8.34181 8.48818 8.58478 8.58698
1.56565 1.63610 1.70437 1.72426 1.61052 1.57205 1.60118 1.63030 1.62578 1.52115 1.52115 1.44616 0.919717 0.918814 0.918814 0.962288 1.06009 1.06903 1.14705 1.17557 1.17557 1.17557 1.17557 1.17557 1.31140 1.47233 1.47233 1.47233 1.47233 1.47233 1.47233 1.50963 2.47608 2.82815 3.17491 3.36528 3.32720 3.28034 3.23350 3.19072 3.17375 3.17355 3.17355 3.17355 3.10492 2.94931 2.79355 2.63909 2.58017 2.58017 2.58017 2.61299 2.92364 2.92821 3.64728 8.04909 8.19544 8.34181 8.48818 8.58478 8.58698 8.58698 8.58698 8.58698 8.58698 8.57318
1.74228 1.78108 1.81992 1.85875 1.80537 1.64826 1.64826 1.64826 1.64793 1.53415 1.52115 1.54176 1.14176 1.12925 1.22720 1.28156 1.28170 1.22347 1.17557 1.17557 1.17557 1.17557 1.17557 1.17557 1.23644 1.47233 1.47233 1.47233 1.47233 1.46585 1.40977 1.35786 2.16593 2.70644 2.74113 3.14694 3.17355 3.17355 3.17355 3.17355 3.12994 2.97904 2.82334 2.66758 2.58041 2.58017 2.58017 2.58017 2.58017 2.58017 2.58017 2.58017 2.85322 2.92364 3.31591 8.58698 8.58698 8.58698 8.58698 8.58698 8.58698 8.58429 8.44169 8.22051 7.99942 7.79204
1.88111 1.88114 1.88114 1.88114 1.87623 1.66197 1.64826 1.65446 1.73209 1.75049 1.80079 1.87805 1.57670 1.28170 1.28170 1.28170 1.28170 1.25416 1.17557 1.17557 1.18590 1.22629 1.27216 1.32288 1.38227 1.42005 1.35349 1.31680 1.43815 1.58908 1.78957 1.98600 2.39652 3.07644 2.73642 3.00708 3.14934 3.00871 2.85301 2.69724 2.58504 2.58017 2.58017 2.58017 2.58017 2.58017 2.58017 2.58017 2.58017 2.58017 2.58017 2.58017 2.74109 2.92364 3.09346 8.58698 8.58698 8.58698 8.48476 8.26384 8.04257 7.82426 7.74568 7.74568 7.74568 7.76190
1.88114 1.88114 1.88114 1.88114 1.88114 1.82421 1.89912 1.99086 2.01115 1.96662 1.88403 1.88403 1.76119 1.28170 1.28515 1.32263 1.37245 1.42465 1.36683 1.41983 1.42775 1.36378 1.29724 1.28103 1.41816 1.61210 1.82319 2.00443 2.02752 2.02752 2.02752 2.02752 2.07505 2.91434 2.55899 2.42392 2.59536 2.58017 2.58017 2.58017 2.58017 2.58017 2.58017 2.58017 2.58017 2.58017 2.58017 2.58017 2.58017 2.58017 2.58017 2.58017 2.65253 2.92364 2.94829 8.30691 8.08590 7.86472 7.74585 7.74568 7.74568 7.80006 8.09517 8.57844 9.17898 9.84148
1.86703 1.88114 1.88114 1.88114 1.88114 1.92688 2.01115 2.01115 2.01114 1.99733 2.00014 2.08807 2.17940 1.61318 1.59969 1.65090 1.74539 1.84050 1.46921 1.25113 1.43472 1.64572 1.85680 2.01742 2.02752 2.02752 2.02752 2.02752 2.02707 1.91416 1.71324 1.51232 1.32406 2.13822 2.37153 2.14415 2.57653 2.58017 2.58017 2.58017 2.58017 2.58017 2.58017 2.58017 2.58017 2.58017 2.58017 2.58017 2.58017 2.58017 2.58017 2.58482 2.64950 3.16474 3.37705 7.74568 7.74568 7.86185 8.20881 8.73809 9.36267 9.97960 10.2188 10.2711 10.2711 10.2711
1.83434 1.88114 1.88114 1.88000 1.87258 1.86871 1.98605 1.98590 1.97963 1.97669 2.32275 2.52053 2.61564 2.23601 2.00271 2.16824 2.37995 2.59094 2.44390 2.02515 2.02752 2.02752 2.02752 2.02752 2.02752 1.96752 1.77167 1.57082 1.37027 1.28225 1.28225 1.28225 1.28225 1.75297 2.47132 2.11908 2.48011 2.58017 2.58017 2.58017 2.58017 2.58017 2.58017 2.58017 2.58017 2.58017 2.58017 2.60923 2.74459 2.91469 3.11933 3.35516 3.48286 3.65047 3.72342 8.90412 9.55358 10.0773 10.2525 10.2711 10.2711 10.2711 10.2711 10.2711 10.2711 10.2711
1.78055 1.85174 1.84338 1.83616 1.83520 1.83931 1.99739 2.10475 2.17609 2.24741 2.55620 2.84914 2.82296 2.73942 2.83547 2.93912 2.93912 2.93912 2.84139 2.03007 2.02752 2.00412 1.83017 1.62925 1.42833 1.28740 1.28225 1.28225 1.28225 1.28225 1.28225 1.28225 1.28225 1.38267 2.47000 2.22070 2.34351 2.58017 2.58017 2.58017 2.58017 2.58017 2.59797 2.70709 2.86286 3.04927 3.27528 3.47917 3.49315 3.49315 3.48195 3.36068 3.21137 3.01979 2.66226 10.2711 10.2711 10.2711 10.2711 10.2711 10.2711 10.2711 10.3425 10.5220 10.7026 10.8831
1.72706 1.87718 1.97798 2.07309 2.16820 2.25920 2.29400 2.30000 2.28037 2.26073 2.34753 2.75873 2.75873 2.76379 2.93007 2.93912 2.93912 2.93547 2.80021 1.85519 1.48675 1.30923 1.28225 1.28225 1.28225 1.28225 1.28225 1.28225 1.28225 1.28225 1.28225 1.28225 1.28225 1.28225 2.18536 2.33577 2.20689 2.59847 2.68381 2.81799 2.98741 3.19149 3.41537 3.49315 3.49315 3.49315 3.49025 3.38895 3.23964 3.09038 2.95233 2.92435 2.92435 2.90015 2.63552 10.2711 10.2711 10.3425 10.5220 10.7026 10.8831 11.0637 11.1733 11.1745 11.1745 11.1745
1.52703 2.05333 2.28240 2.26518 2.23900 2.21282 2.18960 2.23125 2.23302 2.23302 2.24242 2.72629 2.75873 2.75873 2.79836 2.65779 2.45679 2.25959 2.19386 1.71267 1.28225 1.28225 1.28225 1.28225 1.28225 1.28225 1.28225 1.28225 1.28225 1.28225 1.28225 1.28225 1.28949 1.34311 2.00036 2.87587 2.92508 3.32166 3.45888 3.49315 3.49315 3.49315 3.49315 3.41722 3.26796 3.11865 2.97230 2.92435 2.92435 2.92435 2.92435 2.92435 2.92435 2.92430 2.70103 10.8831 11.0637 11.1733 11.1745 11.1745 11.1745 11.1745 11.1745 11.1745 11.1399 10.8128
1.45783 1.75521 2.18591 2.17697 2.17697 2.17697 2.17697 2.21810 2.23302 2.23302 2.20507 2.36606 2.33482 2.13398 2.08027 2.19386 2.19386 2.19386 2.19386 1.97558 1.28225 1.28225 1.28225 1.28225 1.28225 1.28225 1.28225 1.28568 1.33293 1.40145 1.45796 1.46162 1.45004 1.36086 1.48303 3.06515 3.52801 3.55349 3.49315 3.44310 3.29618 3.14692 2.99767 2.92435 2.92435 2.92435 2.92435 2.92435 2.92435 2.92435 2.92435 2.92435 2.92435 2.92435 2.80349 11.1745 11.1745 11.1745 11.1745 11.1745 11.1643 10.8886 10.4950 10.1014 9.74260 9.67623
1.39690 1.49396 2.17635 2.17697 2.17697 2.17697 2.17697 2.14955 1.95897 1.80828 1.68553 1.79588 2.01347 2.01347 2.02660 2.19124 2.19386 2.19386 2.19386 2.17955 1.34114 1.28225 1.28329 1.32302 1.38999 1.46821 1.52297 1.52443 1.44605 1.34445 1.27143 1.26830 1.26830 1.26830 1.26830 2.66391 3.07451 3.15732 3.02594 2.92679 2.92435 2.92435 2.92435 2.92435 2.92435 2.92435 2.92435 2.92435 2.92435 2.92435 2.92435 2.92435 2.92435 2.92435 2.87185 11.1745 11.1742 10.9643 10.5708 10.1772 9.79399 9.67623 9.67623 9.67623 9.67623 9.67235
1.39690 1.39690 2.04631 2.17697 2.17697 2.17697 2.17697 2.14043 1.68463 1.67407 1.67407 1.71454 2.01347 2.01347 2.01347 2.14898 2.19386 2.19386 2.16992 2.11826 1.67881 1.54493 1.59467 1.53129 1.42964 1.32803 1.26869 1.26830 1.26830 1.26830 1.26830 1.27208 1.32277 1.38753 1.45219 1.97293 2.51680 2.67964 2.92320 2.92435 2.92435 2.92435 2.92435 2.92435 2.92435 2.92435 2.92435 2.92435 2.92435 2.92435 2.92435 2.92435 2.92435 2.92435 2.91708 10.2532 9.85976 9.67623 9.67623 9.67623 9.67623 9.66593 9.63078 9.59459 9.55838 9.52604
1.39690 1.39690 1.81931 2.17697 2.17697 2.17697 2.17402 2.14370 1.73769 1.59365 1.56592 1.53831 1.93652 2.00208 1.95334 1.98185 2.03042 1.97690 1.90117 1.83338 1.66499 1.31183 1.26830 1.26830 1.26830 1.26830 1.26830 1.26838 1.30407 1.36886 1.43354 1.49454 1.50857 1.50857 1.50857 1.66157 2.50349 2.60739 2.89046 2.92435 2.92435 2.92435 2.92435 2.92435 2.92435 2.92435 2.92435 2.92435 2.92435 2.92435 2.96638 3.16684 3.38240 3.59795 3.81350 9.67623 9.67620 9.65647 9.62026 9.58404 9.54784 9.52194 9.52085 9.52085 9.52085 9.52085
1.39690 1.38177 1.54019 2.08804 2.05119 2.01428 1.98026 1.97361 1.76699 1.48807 1.44931 1.41057 1.60799 1.77498 1.79275 1.82884 1.75473 1.68879 1.66900 1.66900 1.64362 1.27172 1.26830 1.26830 1.28724 1.35019 1.41492 1.47957 1.50857 1.50857 1.50857 1.50857 1.50857 1.50857 1.50857 1.50857 2.34055 2.55748 2.82917 2.92435 2.92435 2.92435 2.92435 2.92435 2.92435 2.96778 3.16900 3.38455 3.60010 3.81512 3.98702 4.00211 4.00211 3.99533 3.96589 9.57341 9.53734 9.52085 9.52085 9.52085 9.52085 9.52085 9.52085 9.52085 9.52085 9.62801
1.21554 1.19370 1.20821 1.92702 1.94442 1.89274 1.84108 1.78942 1.70321 1.34574 1.35677 1.37676 1.51875 1.87227 1.87824 1.87824 1.70402 1.66900 1.66900 1.66900 1.67390 1.43595 1.39625 1.46097 1.50677 1.50857 1.50857 1.50857 1.50857 1.50857 1.50857 1.50857 1.50857 1.50857 1.50857 1.50857 2.02474 2.52482 2.73965 2.92435 2.96918 3.17115 3.38671 3.60226 3.81641 3.98777 4.00211 4.00211 4.00211 3.99864 3.97171 3.94044 3.90916 3.88468 3.88285 9.52085 9.52085 9.52085 9.52085 9.52085 9.62560 9.89140 10.1610 10.4292 10.6967 10.8571
1.36492 1.51436 1.66373 1.76696 1.73075 1.73296 1.75493 1.78158 1.80825 1.50530 1.42013 1.42013 1.44426 1.87131 1.87824 1.87824 1.76889 1.69869 1.74183 1.78500 1.82325 1.69791 1.50857 1.50857 1.50857 1.50857 1.50857 1.50857 1.50857 1.50857 1.50857 1.50857 1.50857 1.50857 1.50857 1.51813 1.75195 2.49915 2.48330 3.69603 3.98853 4.00211 4.00211 4.00211 4.00211 4.00083 3.97755 3.94627 3.91500 3.88721 3.88285 3.88285 3.88285 3.88285 3.88285 9.62560 9.89140 10.1589 10.4265 10.6940 10.8568 10.8586 10.8586 10.8586 10.8586 10.8586
1.87497 1.87759 1.90017 1.87245 1.80926 1.83370 1.83838 1.83838 1.83838 1.63710 1.42013 1.42013 1.42013 1.77151 1.93863 1.98180 1.97824 1.82917 1.82917 1.82917 1.82917 1.77808 1.50857 1.50857 1.50857 1.50857 1.50857 1.50857 1.50857 1.50857 1.51364 1.56268 1.61342 1.73245 1.92718 2.09489 2.25060 2.94181 2.65712 3.44041 4.00211 4.00196 3.98337 3.95210 3.92084 3.89084 3.88285 3.88285 3.88285 3.88285 3.88285 3.88285 3.88285 3.88285 3.88285 10.8568 10.8586 10.8586 10.8586 10.8586 10.8586 10.8586 10.8586 10.8331 10.6392 10.4148
1.95451 1.97854 1.98261 1.96944 1.83929 1.83838 1.83838 1.83838 1.83838 1.78682 1.45791 1.48848 1.52082 1.75872 2.03842 2.03842 2.03694 1.84887 1.82917 1.82917 1.82917 1.82694 1.54436 1.50857 1.50857 1.51049 1.55429 1.60642 1.65094 1.78585 1.96466 2.12041 2.27391 2.36117 2.36155 2.36155 2.36155 2.73746 2.83469 2.94010 3.92667 3.89554 3.88285 3.88285 3.88285 3.88285 3.88285 3.88285 3.88285 3.88285 3.88285 3.88285 3.88285 3.88285 3.88285 10.8586 10.8586 10.8586 10.8586 10.8491 10.6808 10.4563 10.2319 10.0330 10.0024 10.0024
1.98261 1.98261 1.98261 1.98261 1.86811 1.83838 1.83838 1.83838 1.83838 1.83838 1.59655 1.54027 1.54027 1.63435 2.03842 2.03842 2.03842 1.91148 1.82917 1.82917 1.82919 1.83426 1.69970 1.64411 1.68776 1.83249 1.99214 2.14564 2.29831 2.36155 2.36155 2.36155 2.36155 2.36155 2.39768 2.56485 2.74370 2.92376 2.90718 2.42742 3.87320 3.88285 3.88285 3.88285 3.88285 3.88285 3.88285 3.88285 3.88285 3.88285 3.88285 3.88285 3.88285 3.88285 3.88285 10.8573 10.7224 10.4980 10.2735 10.0586 10.0024 10.0024 10.0024 10.0024 10.0497 10.1593
1.98261 1.98261 1.98261 1.98261 1.91020 1.83838 1.83838 1.83838 1.83838 1.84608 1.78829 1.73431 1.84034 1.95345 2.04448 2.03842 2.04107 1.98724 1.85005 1.85930 1.88209 2.01383 2.11386 2.17068 2.31907 2.36155 2.36155 2.36155 2.36155 2.36155 2.37231 2.51304 2.69210 2.87102 3.01381 3.02569 3.02569 3.02470 2.95190 2.48092 3.56063 3.88285 3.88285 3.88285 3.88285 3.88285 3.88285 3.88285 3.88285 3.88285 3.88285 3.88285 3.88285 3.90825 4.02264 9.77240 10.0024 10.0024 10.0024 10.0049 10.0808 10.1907 10.3005 10.4103 10.4728 10.4731
1.98261 1.98261 1.98261 1.98261 2.00040 2.02572 2.16748 2.30924 2.45061 2.58429 2.54067 2.12539 2.13018 2.13712 2.09503 2.07510 2.06610 1.96080 2.15936 2.34589 2.48572 2.51153 2.49980 2.36305 2.36155 2.36155 2.36182 2.46144 2.64043 2.81928 2.98756 3.02569 3.02569 3.02569 3.02569 3.02569 3.02569 3.02569 2.97654 2.69625 3.10451 3.88285 3.88285 3.88285 3.88285 3.88285 3.88285 3.88285 3.90904 4.02276 4.14472 4.26680 4.38888 4.48557 4.49327 8.75956 10.1124 10.2222 10.3320 10.4392 10.4731 10.4731 10.4731 10.4731 10.4731 10.4731
2.24063 2.38200 2.52345 2.66483 2.75703 2.62872 2.61615 2.62224 2.63149 2.64074 2.64999 2.23761 2.14282 2.06790 1.93928 1.74417 1.64956 1.63761 2.24076 2.51153 2.51153 2.51153 2.51153 2.44756 2.58862 2.76768 2.94633 3.02569 3.02569 3.02569 3.02569 3.02569 3.02569 3.02569 3.02569 3.02569 3.02569 3.02569 3.00219 2.86587 2.64775 3.88285 3.88285 3.90904 4.02386 4.14594 4.26802 4.39011 4.48600 4.49327 4.49327 4.49327 4.51933 4.61159 4.70706 8.16312 10.4731 10.4731 10.4731 10.4731 10.4731 10.4731 10.4731 10.2378 9.64846 8.96114
2.76024 2.76024 2.72106 2.59490 2.46557 2.52790 2.65640 2.65956 2.63956 2.53820 2.42805 2.09164 1.83058 1.82288 1.80168 1.63761 1.63761 1.63761 1.97602 2.53212 2.68700 2.86592 3.04490 3.09721 3.02569 3.02569 3.02569 3.02569 3.02569 3.02569 3.02569 3.02569 3.02569 3.02569 3.02569 3.02569 3.02569 3.02569 3.09584 3.41159 3.68823 4.31931 4.39011 4.48600 4.49327 4.49327 4.49327 4.49327 4.50794 4.59394 4.68936 4.78479 4.85415 4.85735 4.85735 6.87664 10.4220 10.4731 10.2378 9.64367 8.95370 8.14440 7.18191 6.55534 6.55299 6.55299
