High_resolution/powerplant/Chizhou/OMI_NO2_201012.asc
ncols      200
nrows      200
xllcorner       115.585
yllcorner       28.7700
cellsize     0.0166667
NODATA_Value      -999.000
[rows 0 to 28 of 164, columns 65 to 129 of 200]
15.5476 15.5476 15.3170 14.7692 14.2727 13.8236 13.5984 15.4002 15.7090 15.5023 12.7088 12.6856 16.3868 15.1082 9.35244 10.7959 12.9065 14.5947 15.6321 16.1438 16.4281 16.4745 16.4745 16.4705 16.5753 16.6293 16.7743 17.8700 17.1698 15.8932 15.1142 15.1142 15.1142 15.1142 15.1072 16.0421 17.8368 15.8256 14.8573 16.0307 17.3315 18.4102 19.4725 19.5823 19.5823 19.6273 19.7799 19.9631 20.1271 20.2747 20.3546 20.3474 20.3103 19.3164 16.2338 16.3661 16.7831 16.8402 15.9197 13.5370 11.6858 11.3151 11.2714 11.8227 13.5007
14.0926 13.6599 13.4146 13.4118 13.4118 13.4118 13.4118 14.8106 15.7090 15.7090 13.5466 13.1322 16.4027 19.5378 15.9111 16.3153 16.4744 16.4745 16.3819 16.2144 16.0652 15.9152 15.4368 15.0483 15.4959 15.1117 15.0228 16.3027 16.4253 16.1012 15.1141 15.0591 14.8419 14.4135 14.0700 14.5204 17.1617 18.0726 19.2864 19.6470 19.6006 19.5848 19.7157 19.9013 20.0674 20.2310 20.3613 20.4285 20.3890 20.2442 20.2119 20.1872 20.1849 20.0579 16.7083 16.2803 16.2804 16.3631 14.6470 13.4856 11.8074 12.2800 12.6869 13.0751 15.7280
13.4118 13.4118 13.4118 13.4118 13.4118 13.4118 13.4118 14.2185 16.1126 16.3928 16.4391 16.5750 17.3777 20.5071 17.1626 16.0234 15.8937 15.7603 15.3615 14.9276 14.5400 14.2030 14.1099 14.1099 14.8418 15.0041 15.0041 15.7982 15.9220 15.3844 13.9335 13.8716 14.8864 16.0482 17.1094 17.6634 19.0745 19.6777 19.8012 19.9808 20.1181 20.2327 20.3303 20.4128 20.4886 20.5592 20.6740 20.6930 20.5729 20.0737 19.8719 19.6849 19.5112 19.4122 17.6323 16.1766 16.1352 16.5401 15.7574 14.9086 13.7580 14.9707 16.1259 17.1332 18.8966
13.4118 13.4118 13.4017 13.4007 13.6153 13.8350 14.0546 14.4585 16.2682 16.3636 16.2388 16.0927 16.0139 18.6025 17.1876 14.9235 14.5398 14.2019 14.1099 14.1099 14.1099 14.1099 14.1099 14.0564 14.4146 14.7255 14.6130 14.6378 15.6094 16.3998 16.9584 17.5915 17.6655 17.6909 18.1696 18.8158 20.3323 22.5251 20.6192 20.5114 20.5755 20.6034 20.6322 20.6322 20.6297 20.4830 20.2994 20.1210 19.9277 19.4479 19.4156 19.4179 19.4038 19.3649 18.6079 16.0265 16.2395 17.7116 18.4496 17.9502 17.6753 17.2596 17.1897 17.1224 17.7332
13.4913 13.7108 13.9506 14.2074 14.2497 14.2871 14.3246 14.3695 15.5004 16.0163 16.0973 16.1889 16.3065 16.6479 16.4892 14.1342 14.1099 14.1099 14.0949 13.9955 13.8830 13.7705 13.6580 13.5990 13.8086 14.4931 15.5688 18.3187 18.7164 18.1187 18.3809 18.8222 19.4724 20.1532 20.3847 20.4492 20.6965 22.6836 21.4644 20.6754 20.6664 20.4605 20.2402 20.0430 19.8624 19.8005 19.8170 19.8571 19.8527 19.5418 19.3386 19.2971 19.3018 19.5369 19.7663 18.3774 18.6276 19.1143 19.5487 18.3282 17.7825 17.3092 17.9225 18.4968 19.2054
14.2924 14.3299 14.3572 14.3585 14.3585 14.3587 14.4277 14.5524 15.3310 16.4562 16.4998 16.4794 16.4596 16.5281 16.6809 14.5738 13.8221 13.7096 13.6121 13.5990 13.5990 13.5990 13.5990 13.5990 13.6110 14.4644 15.3376 19.5881 20.4973 20.5173 20.2932 20.4873 20.5442 20.5549 20.5549 20.5549 20.5617 21.9731 21.6407 20.1349 19.9906 19.8814 19.8065 19.8074 19.8064 19.7770 19.7367 19.7432 19.7138 19.7287 19.6614 19.8855 20.0804 20.0694 20.0397 19.1790 18.5249 18.9144 20.2744 20.0618 19.8576 19.5051 19.4981 19.4981 19.4874
14.3585 14.3585 14.4143 14.5388 14.6635 14.7880 14.8437 14.8437 15.1271 16.3478 16.3762 16.2555 16.1109 16.0012 16.2051 15.1073 13.5990 13.5990 13.5990 13.5990 13.5990 13.6362 14.2271 15.0042 15.7910 17.1199 17.6337 20.1276 21.2596 21.0697 20.3076 20.4964 20.5836 20.6962 20.8264 20.9558 21.0790 21.4060 21.7240 20.1332 20.0269 19.9492 19.7490 19.7076 19.6713 19.7829 20.0913 20.2684 20.4125 20.4557 20.0519 20.0394 20.0400 20.2878 20.7392 20.8430 20.1275 20.4579 21.5393 21.4074 20.2420 19.6612 19.4200 19.3962 19.3766
14.6499 14.7746 14.8436 14.8437 14.8437 14.8032 14.7215 14.6396 14.6228 15.6500 15.9889 15.9888 15.9532 15.9487 16.1138 15.9582 13.6174 13.6412 14.2349 15.0174 15.8057 16.5537 16.7465 16.7577 16.7593 17.0796 17.6618 18.9690 21.2980 21.5857 20.7311 20.8743 21.1107 21.1283 21.1283 21.1283 21.1283 21.1972 21.7190 20.5688 19.9244 19.9647 20.0374 20.3421 20.6511 20.8411 20.8459 20.7131 20.4818 20.7801 20.9198 21.2476 21.6984 21.9016 21.8978 21.8716 20.5182 20.3248 21.0885 21.5791 20.3186 19.8052 19.3081 19.2769 19.2521
14.8376 14.7711 14.6893 14.6073 14.5257 14.4844 14.4844 14.4844 14.4844 15.2535 15.9889 15.9889 15.9655 15.9437 15.9096 15.9861 15.7716 16.5666 16.7534 16.7593 16.7593 16.7545 16.7427 16.7309 16.7302 16.9168 18.1617 18.4346 21.6656 22.0008 21.3449 20.9177 21.1283 21.1269 21.0970 21.0692 21.0663 21.0741 21.7908 21.6892 20.7864 21.0290 20.9117 20.8459 20.8666 21.2081 21.6597 22.0853 22.1899 22.3348 22.1351 21.8620 21.8415 21.8211 21.8045 21.8028 20.8236 19.8665 19.8829 20.4437 20.1259 19.9565 19.3065 19.4987 19.7102
14.4997 14.4844 14.4844 14.4844 14.4844 14.4844 14.4844 14.4844 14.4844 14.8641 15.7846 15.6263 15.4469 15.4601 15.4336 15.6897 16.1673 16.7392 16.7273 16.7154 16.7152 16.8182 16.9495 17.0814 17.2026 17.2257 18.1830 18.4561 20.7253 21.9430 21.7600 20.8619 21.0674 21.1056 21.2273 21.5231 21.7980 22.0693 22.4650 22.7413 21.1852 21.4848 21.8455 22.1675 22.5982 22.6920 22.6642 22.6364 22.3300 22.2122 22.1623 21.8006 21.6207 21.3445 21.0680 20.7919 20.3411 19.1585 19.2544 20.2217 20.6101 20.6496 20.2281 20.0748 20.1108
14.4844 14.4844 14.4844 14.4844 14.4844 14.4774 14.3334 14.1080 13.8827 13.8093 14.7822 15.0623 15.0582 15.3741 15.3840 15.5402 15.7855 16.8148 16.9504 17.0828 17.2034 17.2257 17.2257 17.2257 17.2257 17.2253 17.7657 18.2889 19.2813 21.6524 22.2843 21.3444 21.5929 21.9826 22.1628 22.1668 22.1859 22.3497 22.6363 23.3762 23.0876 22.8928 22.8375 22.6179 22.5900 22.5783 22.5783 22.5665 22.1944 21.7122 21.4359 20.8406 20.7040 20.7562 20.8080 20.8246 20.8141 19.4825 19.2288 20.0338 21.1004 20.9333 20.5660 20.0663 19.9920
14.4844 14.4589 14.3191 14.0941 13.8688 13.6527 13.5799 13.5889 13.5978 13.6099 14.4249 15.0111 15.0044 15.1474 15.1595 15.3015 16.1604 16.9999 17.2257 17.2257 17.2257 17.2065 17.1093 17.0031 16.8971 16.7916 16.9920 17.9771 18.0478 21.9879 23.2830 22.5746 21.9953 22.3517 22.5463 22.7383 22.8899 22.8915 22.8638 23.3587 23.2290 22.7978 22.7978 22.5894 22.3229 22.0466 21.7945 21.5823 21.5131 21.2465 21.2986 21.1279 20.8803 20.8214 20.7627 20.7125 20.6032 19.8184 19.2338 19.3467 20.9255 20.7215 20.5109 19.8300 19.8726
13.8578 13.6668 13.5904 13.5990 13.6081 13.6152 13.6158 13.6158 13.6128 13.5329 13.8422 14.6664 14.5948 14.6911 14.9278 14.9460 16.0790 16.5906 17.0537 16.9478 16.8419 16.7551 16.7466 16.7466 16.7466 16.7466 16.7529 17.8601 18.0059 21.1609 23.5197 23.7471 22.6250 22.8504 22.8450 22.8198 22.8153 22.8153 22.8153 23.0934 23.1182 22.1755 21.8048 21.5609 21.6511 21.7033 21.7313 21.7252 21.6748 21.3057 21.1860 21.0583 20.6222 20.4459 20.2679 20.1170 20.0479 19.8195 19.0344 18.9760 20.5516 21.1271 21.1977 20.4844 20.2999
13.6156 13.6158 13.6158 13.6158 13.6150 13.5456 13.4322 13.3188 13.2086 13.1751 13.3816 14.3284 14.5483 14.4678 14.6909 14.5945 15.2500 15.8374 16.7443 16.7466 16.7466 16.7466 16.7466 16.7466 16.7754 17.0082 17.2738 18.2725 18.9413 20.2097 23.5978 24.1808 22.7914 22.7179 22.8153 22.7711 22.6493 22.5222 22.3956 22.2259 21.9164 21.4525 21.2526 21.3774 21.6940 21.6351 21.5761 21.5137 21.3805 21.0031 20.6568 20.4853 20.0589 20.0120 20.0120 20.0156 20.1497 20.3471 19.7095 19.7679 20.7311 21.7827 21.5493 20.8507 20.1009
13.6158 13.5583 13.4449 13.3316 13.2190 13.1751 13.1751 13.1750 13.1394 13.0765 13.0451 13.7973 14.0981 14.0914 14.3469 14.4488 14.7991 15.7028 16.5363 16.7466 16.7767 17.0107 17.2560 17.4866 17.6888 17.6871 17.6524 18.0564 18.8791 18.9125 22.9080 23.9441 23.0204 22.2383 22.2860 22.2038 22.1986 22.1986 22.1986 22.1986 21.9316 21.5874 21.1153 21.0206 21.3415 21.1836 20.9975 20.8213 20.7599 20.6809 20.4164 20.4266 20.3423 20.3750 20.5743 20.7700 20.8353 20.8212 20.2424 19.6997 19.8185 21.4206 21.2249 20.9369 19.8627
13.2309 13.1751 13.1751 13.1683 13.1144 13.0515 12.9887 12.9260 12.8986 12.8986 12.8986 13.4127 14.0822 14.0914 14.2356 14.4488 14.4999 15.8748 16.6944 17.4674 17.6683 17.6653 17.6486 17.6486 17.6339 17.5906 17.5465 17.5576 18.3239 18.1741 20.8807 23.1751 23.1996 21.9574 22.1887 22.1986 22.1918 22.1406 22.0554 21.9255 21.6518 21.3050 20.5227 20.3714 20.6156 20.7599 20.7599 20.7802 20.9495 21.1453 21.0334 21.1937 21.1181 20.7652 20.6905 20.6158 20.5411 20.4806 20.2933 19.4086 19.2219 20.5250 20.9051 21.0935 20.0342
13.0894 13.0265 12.9638 12.9075 12.8986 12.8986 12.8986 12.8986 12.8986 12.8986 12.8986 13.1830 13.9669 14.3145 14.6158 15.1523 15.3772 16.1768 16.7902 17.6206 17.5772 17.5330 17.4889 17.4313 17.3332 17.2580 17.1840 17.1224 17.7918 18.0157 19.1638 22.9224 23.4617 22.1610 21.9494 21.8966 21.7727 21.6296 21.4699 21.3549 21.1885 20.9362 20.4624 20.3149 20.6894 21.1747 21.3742 21.5527 21.5394 21.4681 21.1827 20.9819 20.9049 20.4958 20.4688 20.3682 20.2361 20.1043 19.9740 19.1020 18.9049 19.6331 20.6612 20.9213 20.2030
12.8986 12.8986 12.8986 12.8986 12.8986 12.8986 12.8986 12.8986 12.9024 13.0831 13.3508 13.7090 14.7580 15.1179 15.0811 15.2465 15.2610 15.5906 16.4271 17.2170 17.3317 17.2571 17.1827 17.1221 17.1161 17.1161 17.1161 17.1161 17.5295 17.9852 17.9500 22.0662 23.1350 22.2068 21.3514 21.3923 21.2779 21.2271 21.2271 21.2218 21.1952 20.9122 20.8818 21.0643 21.0680 21.4188 21.3481 21.2772 21.2492 21.2492 21.1260 20.7808 20.6488 20.2250 19.9604 19.9175 19.8999 19.8780 19.7924 19.1892 18.5977 18.6520 20.5932 21.0938 21.1888
12.8986 12.8986 12.8986 12.8986 12.8913 13.0448 13.3119 13.5792 13.8235 13.8169 13.7161 13.6154 14.3228 14.8941 14.8877 14.9999 15.0578 14.9988 16.1037 16.6089 17.1161 17.1161 17.1161 17.1161 17.1054 17.0586 17.0089 16.9592 17.0615 17.7899 17.7899 20.3275 22.5122 22.3598 21.0026 21.2194 21.1959 21.1680 21.1320 21.0478 20.9744 20.7403 20.5661 20.7691 20.7704 21.1677 21.2268 21.1064 20.9744 20.8365 20.6841 20.3290 20.3014 20.1222 19.7920 19.6966 19.6074 19.5225 19.4514 19.2087 19.0911 19.4957 21.3327 22.1363 22.5517
12.8808 13.0061 13.2734 13.5119 13.6885 13.7017 13.6009 13.5002 13.4183 13.4108 13.4108 13.4018 13.8436 14.6042 14.6130 14.5763 14.7921 14.7921 15.6437 16.2734 17.0814 17.0317 16.9820 16.9323 16.8933 16.8903 16.8903 16.8903 16.8911 17.6791 17.7899 18.6748 22.1900 22.5110 21.1456 20.9320 20.9258 20.8544 20.7913 20.7816 20.7816 20.7127 20.4566 20.5380 20.4385 20.5480 20.6624 20.6333 20.6156 20.6040 20.5837 20.2537 20.0667 19.9418 19.4853 19.4136 19.4456 19.4824 19.5687 19.7311 20.0379 20.1563 21.1077 22.3933 22.8603
13.5454 13.5864 13.4857 13.4137 13.4108 13.4108 13.4108 13.4058 13.3334 13.2398 13.1465 13.0617 13.2923 14.2547 14.5239 14.5103 14.6902 14.6807 15.0513 15.9018 16.7240 16.8903 16.8903 16.8903 16.8903 16.8903 16.8903 16.8823 16.8458 17.3062 17.5154 17.3536 20.9874 21.9933 21.2423 20.5959 20.7816 20.7816 20.7382 20.6037 20.4653 20.3231 19.8054 19.8410 19.9916 20.1485 20.5983 20.5280 20.4388 20.3496 20.2691 20.0799 20.0530 20.0896 19.8151 19.8200 19.8246 19.8246 19.8316 19.9232 20.1661 20.4556 20.9585 22.8130 23.0994
13.4108 13.4108 13.4108 13.4086 13.3437 13.2502 13.1567 13.0681 13.0469 13.0469 13.0466 13.0322 13.0317 13.9669 14.3359 14.2998 14.4427 14.5663 14.6148 15.8264 16.3951 16.8903 16.8903 16.8821 16.8431 16.7153 16.5446 16.3821 16.2479 16.4100 17.0362 17.0362 19.3806 21.7867 21.6617 20.2621 20.4014 20.2629 20.1677 20.1642 20.1642 20.1642 19.8956 19.6971 19.8544 19.7784 20.2274 20.1384 19.9647 19.7905 19.6276 19.6622 20.2534 20.2553 20.0674 19.9387 20.0552 20.1718 20.2814 20.3063 20.3233 20.4339 20.4915 21.8903 22.4110
13.3541 13.2605 13.1670 13.0757 13.0469 13.0469 13.0433 13.0237 13.0022 12.9807 12.9596 12.9524 12.9524 13.5889 14.2478 14.2982 14.3597 14.5663 14.5663 15.4597 16.1127 16.6441 16.4734 16.3113 16.1796 16.1366 16.1366 16.0803 15.8937 15.7370 16.7440 16.6085 17.2213 21.0100 21.2364 20.1435 20.1114 20.1642 20.1642 20.1419 20.0565 19.9475 19.6883 19.2454 19.3010 19.1879 19.4657 19.5876 19.5872 19.5872 19.6090 19.7168 20.3721 20.6179 20.6502 20.2943 20.1932 20.0740 19.9547 19.8353 19.7387 19.9410 20.0853 20.9865 22.2439
13.0469 13.0469 13.0368 13.0153 12.9938 12.9723 12.9543 12.9524 12.9524 12.9524 12.9524 12.9524 12.9524 13.3131 14.1230 14.3088 14.3724 14.5101 14.4591 14.8423 15.6262 16.0623 16.0275 15.8360 15.6444 15.4527 15.2224 14.9564 14.8175 14.6835 15.7248 16.1718 16.1718 20.0287 21.2326 20.6109 19.9182 19.9439 19.8071 19.6873 19.5415 19.3873 19.2523 18.7370 18.8252 18.9751 19.2504 19.7322 19.8487 19.9649 20.0588 19.9935 20.2144 20.4301 20.3143 19.8121 19.7300 19.7311 19.7399 19.7502 19.7606 19.8941 20.0807 20.3566 22.2526
12.9853 12.9638 12.9524 12.9524 12.9524 12.9524 12.9524 12.9524 12.9524 12.9524 12.9524 12.9556 13.0072 13.1628 14.1777 14.5379 14.5287 14.2287 13.9433 13.8127 14.8321 14.9610 15.0809 14.9512 14.8167 14.6822 14.5865 14.5826 14.5826 14.5826 15.2629 16.1724 16.1923 18.5199 21.0414 20.8755 19.3222 19.4276 19.3012 19.1799 19.1478 19.1478 19.2179 19.1480 19.2142 19.3690 19.4808 19.9129 19.7983 19.6826 19.5682 19.5266 19.6615 20.1965 20.2063 19.9563 19.7620 19.7712 19.7812 19.7971 19.8240 19.9450 20.2675 20.4520 22.2867
12.9524 12.9524 12.9524 12.9524 12.9524 12.9524 12.9524 12.9459 12.9900 13.0553 13.1209 13.1933 13.2650 13.3284 13.5366 13.7142 13.5640 13.4543 13.2957 13.3328 14.0145 14.2690 14.5862 14.5826 14.5826 14.5826 14.5826 14.5904 14.6188 14.6483 14.9008 16.2959 16.3055 16.9721 20.5510 20.5084 19.2245 19.1184 19.2197 19.4336 19.6518 19.8550 19.9012 19.6534 19.2219 19.0130 18.9159 19.4190 19.5266 19.5294 19.5394 19.5497 19.5667 20.1854 20.2721 20.1685 19.8407 19.9095 19.9933 20.0697 20.1300 19.6610 20.1967 20.8415 22.0347
12.9524 12.9524 12.9508 12.9357 12.9729 13.0382 13.1199 13.2525 13.3372 13.4006 13.4641 13.5168 13.5223 13.5223 13.3265 13.4219 13.6075 13.6382 13.4455 13.4364 13.6599 14.0682 14.5162 14.6051 14.6346 14.6640 14.6935 14.7152 14.7163 14.7163 14.7163 16.0707 16.3055 16.3055 19.6312 20.7667 20.3236 19.6903 19.8222 19.7104 19.5947 19.4950 19.4820 19.4682 19.0529 18.9776 18.9266 19.2599 19.5907 19.6140 19.6302 19.6460 19.6581 20.0878 20.4331 20.5011 20.1498 19.9003 19.1291 18.3241 17.4562 17.1447 19.1853 21.2442 21.5571
12.9558 13.0443 13.1740 13.3178 13.4093 13.4728 13.5198 13.5223 13.5223 13.5223 13.5270 13.5607 13.5994 13.6381 13.5842 13.4042 13.6766 13.6766 13.5229 13.4746 13.5392 14.1466 14.4742 14.7163 14.7163 14.7163 14.7163 14.7163 14.7163 14.7163 14.8219 16.0217 17.0236 17.3510 19.3814 21.4979 21.4098 19.7127 19.4820 19.4820 19.4820 19.4417 19.3370 19.2307 18.9910 18.8657 18.7279 18.9547 19.6588 19.6710 19.7402 19.8168 19.8933 20.0660 19.9377 19.1805 18.0134 17.2314 17.2653 17.2672 17.2672 17.1977 17.3148 20.1946 19.7037
13.4815 13.5216 13.5223 13.5223 13.5223 13.5223 13.5251 13.5565 13.5952 13.6339 13.6678 13.6728 13.6728 13.6777 13.7793 13.5791 13.7632 13.7896 13.7211 13.5700 13.5700 14.0118 14.3131 14.7163 14.7163 14.7163 14.8245 15.1281 15.4495 15.7766 15.9997 16.4660 17.6318 17.6326 18.0986 21.4342 21.4963 20.1330 19.2813 19.1655 19.0591 18.9929 18.9918 18.9918 18.9374 18.8350 18.7926 18.8707 19.8211 19.9947 19.5963 18.8583 18.0566 17.2975 17.7816 17.8094 17.6203 17.1551 16.6386 16.0848 15.5310 15.0469 14.9780 18.3894 18.9431
