High_resolution/powerplant/Chizhou/OMI_NO2_200601.asc
ncols      200
nrows      200
xllcorner       115.585
yllcorner       28.7700
cellsize     0.0166667
NODATA_Value      -999.000
[rows 28 to 55 of 165, columns 0 to 63 of 200]
0.00000 0.00000 0.00000 3.70119 3.28058 2.39271 2.39887 2.40441 2.57842 2.64059 2.67174 2.79719 2.91853 3.01718 3.07116 3.07237 3.07237 3.07237 3.07237 3.12995 3.18362 3.27324 3.25465 3.25465 3.40176 3.46754 3.46754 3.46754 3.46754 3.46754 3.46754 3.46754 3.46754 3.46754 3.46282 2.81378 2.75262 3.12757 3.27854 3.30196 3.63179 4.29082 4.31367 4.32080 4.32080 4.32080 4.32080 4.32080 4.32080 4.32080 4.32267 4.32565 4.32565 4.35237 5.00361 5.01957 5.01957 4.33906 3.90023 3.86481 3.82769 3.79088 3.75376 3.71687
2.50910 2.50910 2.50910 2.90667 3.10144 2.46166 2.42859 2.52838 2.77803 2.98788 3.06229 3.07237 3.07237 3.07237 3.07237 3.07237 3.07237 3.07237 3.07237 3.10685 3.15388 3.30361 3.25465 3.25465 3.34898 3.46754 3.46754 3.46754 3.46754 3.46754 3.46724 3.39259 3.26048 3.12844 2.99641 2.85765 2.88539 3.13160 3.37882 3.37882 3.45810 4.31741 4.32080 4.32080 4.32080 4.32080 4.32080 4.32080 4.32521 4.33893 4.35322 4.37173 4.38584 4.39986 4.70182 4.73534 4.69841 4.24959 3.52415 3.52268 3.52268 3.52268 3.52268 3.52268
2.50910 2.50910 2.50910 2.79095 3.27663 2.90247 2.84224 2.87501 2.92567 3.07237 3.07237 3.07237 3.07237 3.07237 3.07237 3.07237 3.07237 3.07237 3.07237 3.08375 3.15388 3.29558 3.25465 3.25465 3.29619 3.41658 3.28549 3.15345 3.02142 2.88931 2.75766 2.70035 2.70035 2.70035 2.70035 2.76949 2.89270 3.01204 3.38149 3.39449 3.40853 4.20978 4.37854 4.39256 4.40655 4.42059 4.43462 4.44864 4.45823 4.45853 4.45853 4.46222 4.46338 4.46338 4.51097 4.46873 4.34568 4.10810 3.58798 3.60229 3.61656 3.63085 3.64511 3.65939
2.87632 3.11295 3.27918 3.36351 3.46745 3.17744 2.87501 2.87501 2.88169 3.06669 3.07237 3.07237 3.07237 3.07237 3.07237 3.07237 3.07237 3.07237 3.07237 3.07003 3.04352 3.05523 2.86407 2.70150 2.57171 2.68786 2.70035 2.70035 2.70035 2.70773 2.72530 2.74297 2.76062 2.77828 2.79593 2.82997 3.02229 3.05544 3.50144 3.51655 3.51655 4.07317 4.45853 4.45853 4.43257 4.31688 4.19406 4.07112 3.94819 3.82513 3.70195 3.58136 3.46092 3.33811 3.30636 3.42486 3.42486 3.42488 3.64411 3.67205 3.67205 3.67205 3.67205 3.67205
3.36502 3.36502 3.36502 3.36502 3.44174 3.34484 2.87501 2.87501 2.87501 3.02359 3.07237 3.07237 3.07237 3.07186 3.06374 3.05312 3.04250 3.03187 3.02124 3.01294 2.75878 2.60675 2.72555 2.55246 2.57010 2.73669 2.81830 2.83599 2.85362 2.86390 2.86396 2.86396 2.86396 2.86396 2.86403 2.87087 3.03565 3.08598 3.44487 3.56896 3.58032 3.61219 3.47842 3.35536 3.25827 3.25090 3.25090 3.25090 3.25090 3.25090 3.25090 3.25190 3.25575 3.25575 3.26559 3.42296 3.42486 3.42486 3.58493 3.67448 3.67629 3.67811 3.67992 3.68174
3.36502 3.36502 3.36502 3.36502 3.40971 3.47347 2.91286 2.87501 2.87012 2.95848 3.04624 3.03235 3.01369 2.99548 2.98490 2.97682 2.96872 2.96065 2.95257 2.94449 2.80849 2.40091 2.72747 2.65107 2.65107 2.74830 2.87447 2.88585 2.89721 2.90858 2.91998 2.93133 2.94273 2.95409 2.96541 2.96994 3.06930 3.16229 3.39713 3.62252 3.62252 3.58450 3.25120 3.25090 3.25090 3.25090 3.25090 3.25090 3.25090 3.25090 3.25090 3.25100 3.25926 3.25856 3.26038 3.39838 3.43312 3.43493 3.53573 3.68334 3.68334 3.68334 3.68334 3.68334
3.36502 3.36502 3.36502 3.36502 3.37274 3.43280 2.96640 2.77857 2.76476 2.80601 2.94593 2.94111 2.94107 2.94107 2.94107 2.94107 2.94153 2.91517 2.85144 2.77723 2.67584 2.15174 2.62017 2.93355 2.97574 3.00375 2.96994 2.96994 2.96994 2.96994 2.96994 2.96994 2.96994 2.96994 2.96994 2.96994 3.01519 3.16229 3.28443 3.62252 3.62252 3.62252 3.30413 3.25090 3.25090 3.25096 3.30529 3.40603 3.50670 3.60744 3.70818 3.80880 3.47250 3.26703 3.26703 3.36223 3.43614 3.43614 3.47592 3.68334 3.68334 3.68334 3.68334 3.68334
3.36502 3.36502 3.36502 3.36502 3.36502 3.39085 3.07612 2.74372 2.73972 2.73484 3.00393 3.05032 3.08199 3.09440 3.04888 2.99239 2.92555 2.88491 2.88491 2.88491 2.88491 2.46448 2.57322 3.02153 3.02153 3.02067 2.97292 2.96994 2.96994 2.96994 2.96994 2.96994 2.96994 2.96994 2.96994 2.96994 2.97300 3.15040 3.18149 3.61295 3.67788 3.77867 3.65201 3.60841 3.70897 3.80880 3.85521 3.85521 3.85521 3.85521 3.85521 3.85521 3.63501 3.26703 3.26703 3.32133 3.43614 3.43614 3.43693 3.66249 3.68334 3.68334 3.68297 3.68087
3.34899 3.32715 3.30530 3.28349 3.26163 3.28034 3.16412 2.65927 2.65235 2.64424 3.00229 3.07144 2.97414 2.88992 2.88491 2.88491 2.88491 2.88491 2.88491 2.88491 2.88491 2.62788 2.39587 3.02153 3.02153 3.02153 2.98516 2.96994 2.96994 2.96994 2.96994 2.96994 2.96994 2.96994 3.00981 3.09965 3.18975 3.43979 3.62060 4.07823 4.22683 4.22683 4.09043 3.85521 3.85521 3.85521 3.85521 3.85521 3.85521 3.85521 3.85521 3.85521 3.79323 3.25767 3.24720 3.25275 3.42486 3.42339 3.42107 3.58606 3.66364 3.66133 3.65940 3.65918
3.18207 3.18207 3.18207 3.18207 3.18207 3.20271 3.22077 2.50618 2.32104 2.16431 2.50450 2.88491 2.88491 2.88491 2.88491 2.88491 2.88491 2.88491 2.88491 2.88491 2.88491 2.79119 2.30641 2.93393 3.02153 3.02153 2.99772 2.96994 2.99518 3.08230 3.17235 3.26229 3.35233 3.44238 3.49239 3.49255 3.49255 3.60054 3.76660 4.01097 4.22683 4.22683 4.17996 3.84570 3.83701 3.82830 3.81959 3.81090 3.80219 3.79349 3.78479 3.77608 3.77002 3.28659 3.18163 3.18163 3.37442 3.41199 3.42069 3.50623 3.52071 3.46356 3.40612 3.34903
3.18207 3.18207 3.14198 2.97147 2.72713 2.36508 2.75828 2.29679 2.12934 2.12934 2.31446 2.88491 2.88491 2.88491 2.88491 2.88491 2.88491 2.88491 2.88491 2.88491 2.88491 2.88445 2.39032 2.85177 3.20654 3.29653 3.37582 3.42497 3.48973 3.49255 3.49255 3.49255 3.49255 3.50373 3.52549 3.54900 3.57442 3.63995 3.97364 4.08010 4.15802 4.14933 4.14215 3.81539 3.76981 3.76981 3.76981 3.76981 3.77491 3.79901 3.82494 3.85081 3.87669 3.58193 3.34029 3.36621 3.52917 3.64831 3.66550 3.54929 3.06078 3.06078 3.06078 3.06078
2.81611 2.49925 2.16235 2.14320 2.14320 2.14320 2.63152 2.45358 2.12934 2.12934 2.15110 2.85937 2.88491 2.88491 2.88491 2.88491 2.88421 2.85943 2.82296 2.78649 2.75000 2.71347 2.77021 3.10251 3.56349 3.58786 3.61335 3.58600 3.61103 3.64198 3.67577 3.71295 3.75404 3.77429 3.77429 3.77429 3.77429 3.77429 4.11798 4.18574 4.14840 4.15187 4.15575 3.98976 3.92348 3.94941 3.97526 4.00116 4.02196 4.02373 4.02373 4.02373 4.02373 3.86563 3.43556 3.43556 3.51683 3.66591 3.66591 3.65949 3.09703 3.06469 3.08407 3.10502
2.14320 2.14320 2.14320 2.14320 2.14320 2.14320 2.44937 2.64619 2.12934 2.12934 2.12934 2.67953 2.83622 2.79972 2.76360 2.77255 2.81521 2.88781 2.98082 3.08224 3.19327 3.31591 3.51777 3.81501 3.85168 3.85168 3.85168 3.79674 3.77429 3.77498 3.78003 3.78586 3.79168 3.79751 3.80333 3.80916 3.81498 3.82082 4.05534 4.23955 4.18657 4.17755 4.17755 4.11790 4.02373 4.02373 4.02373 4.02373 4.02373 4.02373 4.02373 4.02373 4.02373 4.00556 3.45814 3.44255 3.48874 3.71442 3.73540 3.75638 3.34852 3.18924 3.19083 3.19083
2.14320 2.14320 2.14320 2.14320 2.14320 2.16749 2.40103 2.69855 2.16672 2.16070 2.17975 2.68492 3.28494 3.41747 3.56361 3.62699 3.62699 3.62699 3.62699 3.62699 3.62763 3.63420 3.65422 3.87025 3.88290 3.89090 3.89890 3.86536 3.82255 3.82770 3.82847 3.82847 3.82847 3.82847 3.82847 3.82847 3.82847 3.82847 3.94250 4.23955 4.19934 4.17755 4.17755 4.15557 4.02373 4.02373 4.02373 4.02373 4.02373 4.05419 4.13756 4.22185 4.30623 4.39052 3.81363 3.56525 3.56560 3.76572 3.79595 3.79595 3.51360 3.19083 3.19083 3.19083
2.24365 2.44742 2.60074 2.71911 2.81354 2.88424 2.89582 2.60147 2.49364 2.49364 2.49364 2.76899 3.63267 3.64066 3.64866 3.65667 3.66467 3.67267 3.68068 3.68867 3.69603 3.69748 3.69748 3.86609 3.92217 3.92217 3.92217 3.90200 3.82847 3.82847 3.82847 3.82847 3.82847 3.82847 3.82847 3.82847 3.82847 3.82847 3.84249 4.22483 4.21480 4.17755 4.17755 4.20717 4.15250 4.22104 4.30558 4.39052 4.47480 4.52874 4.52965 4.52965 4.52965 4.52965 4.10542 3.56560 3.56560 3.70999 3.79595 3.79595 3.66016 3.19083 3.19083 3.19083
2.89537 2.89582 2.89582 2.91366 3.01346 3.12337 3.23329 3.16304 3.05102 3.16094 3.27094 3.38649 3.68751 3.69748 3.69748 3.69748 3.69748 3.69748 3.69748 3.69748 3.69748 3.69748 3.69748 3.80263 3.92217 3.92217 3.92217 3.92057 3.83297 3.82847 3.82847 3.82847 3.82847 3.82847 3.82847 3.82847 3.82847 3.83515 3.85677 4.34138 4.64160 4.54469 4.62781 4.68240 4.58303 4.52965 4.52965 4.52965 4.52965 4.52965 4.52965 4.52965 4.52965 4.52965 4.37135 3.56560 3.56063 3.62500 3.71848 3.68165 3.62674 2.89849 2.79434 2.71299
3.49349 3.60331 3.71332 3.80548 3.81560 3.81560 3.81560 3.74969 3.41341 3.41341 3.41341 3.41341 3.62433 3.69748 3.69748 3.69748 3.69748 3.69748 3.69748 3.69748 3.69748 3.69748 3.69748 3.73920 3.92217 3.92217 3.92217 3.92217 3.85445 3.82847 3.82847 3.83242 3.85281 3.87502 3.89719 3.91940 3.94155 3.95705 3.95762 4.41551 4.99842 4.72431 4.68346 4.68346 4.62066 4.52965 4.53230 4.54765 4.56572 4.58517 4.60617 4.62889 4.65355 4.68041 4.70819 3.50554 3.32258 3.32163 3.32163 3.32163 3.32163 2.64958 2.41960 2.43848
3.81560 3.81560 3.81560 3.81560 3.81560 3.81560 3.81560 3.81523 3.46184 3.41341 3.41341 3.41341 3.55332 3.69748 3.69748 3.69748 3.69748 3.69748 3.69748 3.69748 3.69748 3.69748 3.69748 3.69824 3.89966 3.92412 3.94256 3.96474 3.94230 3.91541 3.93760 3.95583 3.95762 3.95762 3.95762 3.95762 3.95762 3.95762 3.95762 4.12491 4.99842 4.87303 4.84064 4.87557 4.87946 4.73538 4.76439 4.76770 4.76770 4.76770 4.76770 4.76770 4.73857 4.59388 4.43708 3.39561 2.67834 2.52170 2.36536 2.20871 2.05237 2.25530 2.61569 2.61622
3.81560 3.81560 3.81560 3.81560 3.81560 3.81560 3.81560 3.81560 3.57565 3.41341 3.41341 3.41341 3.48194 3.69748 3.69748 3.69748 3.69748 3.69748 3.69748 3.69755 3.70639 3.72142 3.73643 3.75145 3.92840 4.04758 4.05132 4.05132 4.02974 3.95762 3.95762 3.95762 3.95762 3.95762 3.95762 3.95762 3.95762 3.95762 3.95762 3.95845 4.87435 4.99842 4.99718 4.97317 4.93973 4.38625 4.15629 3.99995 3.84361 3.68681 3.53031 3.37398 3.24676 3.23496 3.23496 2.74879 1.78889 1.78889 1.78889 1.78889 1.78889 2.02946 3.30348 4.07642
3.81560 3.81560 3.81560 3.81560 3.81560 3.81560 3.81560 3.81560 3.68975 3.41341 3.41341 3.41341 3.42091 3.68714 3.70145 3.71591 3.73092 3.74595 3.76096 3.77591 3.78207 3.78207 3.78207 3.78207 3.87351 4.05132 4.01794 3.99781 4.05863 3.97355 3.95762 3.95762 3.95762 3.95235 3.92280 3.89026 3.85765 3.82507 3.79247 3.75992 4.35430 4.73550 4.70420 4.69566 4.69566 3.71128 3.23496 3.23496 3.23496 3.23496 3.23496 3.23496 3.23496 3.23496 3.23496 3.13229 1.80480 1.79686 2.43021 3.22946 3.86661 4.39921 5.00850 4.95335
3.81560 3.81560 3.81560 3.81560 3.81560 3.81560 3.81560 3.81560 3.78932 3.43097 3.44136 3.45637 3.47139 3.69662 3.78152 3.78207 3.78207 3.78207 3.78207 3.78207 3.78207 3.78207 3.77383 3.72413 3.68445 3.83398 3.84694 3.92423 4.11079 3.93138 3.75038 3.71781 3.68520 3.65789 3.65486 3.65486 3.65486 3.65486 3.65486 3.65486 3.99135 4.69566 4.69566 4.69566 4.69566 4.06876 3.23496 3.23496 3.23496 3.23496 3.23496 3.23496 3.19883 3.01995 3.19095 3.75598 3.79526 4.17385 4.32972 4.32212 4.32212 4.32212 4.74803 4.87368
3.81560 3.81560 3.81560 3.78511 3.69497 3.60332 3.51157 3.41987 3.33379 3.45102 3.49801 3.49801 3.49801 3.63720 3.78207 3.77699 3.71879 3.64642 3.57361 3.48478 3.40551 3.38572 3.45332 3.51729 3.57964 3.71643 3.74667 3.74797 3.87813 3.88464 3.65486 3.65486 3.65486 3.65486 3.65486 3.65486 3.65486 3.65486 3.65486 3.65486 3.71773 4.67869 4.69566 4.69566 4.69566 4.42652 3.19766 3.01739 2.82385 2.63084 2.67318 3.21391 3.69389 4.18584 4.41844 4.43787 4.59840 4.32212 4.32212 4.32212 4.32212 4.32212 4.61456 4.87368
3.56035 3.46865 3.37695 3.31579 3.31423 3.31423 3.31423 3.24215 3.03435 2.90771 2.79618 2.58538 2.37423 2.42492 3.22789 3.16741 3.17065 3.20112 3.32977 3.44655 3.54729 3.60983 3.61204 3.61204 3.61204 3.67847 3.74667 3.74667 3.82316 3.92866 3.69873 3.65486 3.65486 3.65486 3.65486 3.65486 3.65486 3.65486 3.65486 3.65486 3.60441 4.20998 4.28196 4.08817 3.89542 3.68988 2.30775 2.91113 3.55848 4.08370 4.40509 4.41876 4.41876 4.41876 4.41876 4.41876 4.61781 4.32212 4.32212 4.32212 4.32212 4.32212 4.48115 4.87368
2.95926 2.74847 2.53749 2.32652 2.11554 1.90457 1.69360 1.55489 1.55172 1.58375 1.73549 1.76580 1.92920 2.10729 3.25279 3.41067 3.51635 3.59901 3.61204 3.61204 3.61204 3.61204 3.61204 3.61204 3.61204 3.64050 3.74667 3.74667 3.77665 3.90006 3.84461 3.65486 3.65486 3.65486 3.63070 3.39816 3.11729 2.83625 2.55554 2.27451 2.04426 2.75663 3.56474 4.06849 4.60762 5.04241 4.67197 4.41876 4.41876 4.41876 4.41876 4.41876 4.41876 4.41876 4.41876 4.41876 4.58024 4.35911 4.32212 4.32212 4.32212 4.32212 4.35395 4.86728
1.55172 1.55172 1.55172 1.55172 1.55172 1.55172 1.55172 1.55738 1.70711 1.88294 2.22632 2.52464 2.70544 2.85429 3.43035 3.61204 3.61204 3.61204 3.61204 3.61204 3.61204 3.61204 3.61204 3.61204 3.61204 3.61323 3.73598 3.74667 3.74427 3.74506 3.57357 2.88867 2.60764 2.32693 2.07006 2.02189 2.02189 2.02189 2.02543 2.53313 3.25279 4.06612 5.31189 5.39256 5.39256 5.39256 4.95462 4.41876 4.41876 4.41876 4.41876 4.41876 4.41876 4.41876 4.41876 4.41876 4.44006 4.49037 4.30712 4.29996 4.29283 4.28568 4.27854 4.75812
1.55172 1.55172 1.55172 1.55172 1.64216 1.83056 2.01469 2.33127 2.54809 2.71282 2.86745 2.90645 2.90645 2.90645 3.25465 3.61204 3.61204 3.61204 3.61204 3.61204 3.61204 3.61204 3.61204 3.60474 3.58843 3.57209 3.36804 3.10874 2.97198 2.86722 2.87487 2.12546 2.02189 2.02189 2.02189 2.35879 3.10853 3.71409 4.20673 4.38694 4.38694 4.39579 5.31442 5.39256 5.39256 5.39256 5.19158 4.41244 4.40531 4.39815 4.39100 4.38386 4.37672 4.36957 4.36242 4.35528 4.34942 4.45050 4.25222 4.25222 4.25222 4.25222 4.25222 4.60621
1.55172 1.64881 1.93620 2.19956 2.48904 2.66230 2.79546 2.81456 2.81456 2.81456 2.84385 2.90645 2.90645 2.90645 3.07932 3.61204 3.61204 3.60919 3.59420 3.57786 3.56152 3.54518 3.52885 3.51982 3.51979 3.51979 3.30369 2.93018 2.93015 2.89330 2.84702 2.61894 2.95752 3.59230 4.10793 4.38331 4.38694 4.38146 4.35706 4.33106 4.30501 4.27901 4.91008 5.23263 5.20661 5.18058 5.14511 4.39141 4.34885 4.34885 4.34885 4.34885 4.34885 4.34885 4.34885 4.34885 4.34885 4.45031 4.25240 4.25222 4.25004 4.21450 4.15138 4.28576
1.55172 1.62805 2.12995 2.47094 2.81456 2.81456 2.81456 2.81456 2.81456 2.81456 2.81960 2.90409 2.89438 2.87804 2.88202 3.52711 3.53462 3.52114 3.51979 3.51979 3.51979 3.51979 3.51979 3.51979 3.51979 3.51259 3.43258 2.86549 2.72472 2.54680 2.23776 2.81368 4.27169 4.24570 4.21970 4.19370 4.16765 4.14713 4.14554 4.14554 4.14554 4.14554 4.52315 5.15115 5.15115 5.15115 5.15115 4.57550 4.34885 4.34885 4.34885 4.34885 4.34885 4.34885 4.34885 4.33750 4.21909 3.79934 4.06877 4.03537 3.96867 3.93534 3.92958 3.98378
