High_resolution/powerplant/Chizhou/OMI_NO2_200802.asc
ncols      200
nrows      200
xllcorner       115.585
yllcorner       28.7700
cellsize     0.0166667
NODATA_Value      -999.000
[rows 145 to 173 of 200, columns 0 to 66 of 200]
5.38352 5.55786 5.55786 5.55786 5.55786 5.55786 5.71037 7.27003 7.61353 7.95656 7.95656 7.95656 7.95656 7.95656 8.58619 8.79096 8.80460 9.78278 9.86529 9.86529 9.86529 9.86529 9.86529 9.95895 10.4613 10.4770 9.04900 8.95819 8.92130 8.31534 7.98304 7.85344 7.73615 7.70771 7.69466 7.73367 7.98613 8.00677 8.14718 8.25332 8.36148 8.10202 7.51220 7.61652 7.46563 7.21822 9.15427 12.5954 11.9255 11.1407 10.9547 10.7712 10.5927 10.5106 10.4747 10.4387 10.4261 10.0989 9.85208 9.62897 9.21948 9.21892 9.19245 9.15189 9.11131 9.34879 9.80517
5.30515 5.55786 5.54681 5.52767 5.50866 5.48966 5.47070 6.96679 7.34962 7.84104 7.82584 7.81060 7.79529 7.78008 8.18049 8.58407 8.56876 9.23196 9.61261 9.59745 9.58224 9.56686 9.55166 9.54225 10.5393 10.5243 8.99529 8.33929 8.23758 7.85187 7.43511 7.55281 7.67147 7.79031 7.90905 8.03475 8.55180 8.71008 8.86991 8.87430 8.87430 8.73363 7.65248 7.65248 7.45165 6.98304 7.28762 11.9923 11.4333 10.4261 10.4261 10.4261 10.4261 10.4261 10.4261 10.4190 10.4002 10.1939 9.74864 9.73484 9.22193 9.18677 9.19343 9.21413 9.23469 9.31533 10.0348
5.24901 5.12226 5.10647 5.10647 5.10647 5.10647 5.10647 6.32062 6.94068 7.57992 7.59544 7.59544 7.59544 7.59544 7.79753 8.42611 8.41221 8.74927 9.45759 9.43799 9.33737 9.20864 9.07955 8.94228 9.59345 9.90130 9.09021 8.33781 8.33685 8.33740 8.39715 8.39827 8.39827 8.39827 8.39827 8.39827 8.64475 8.74847 8.83704 8.87430 8.87430 8.87430 7.79702 7.65248 7.59406 6.94150 6.90242 10.7225 11.6815 10.3209 10.3019 10.2830 10.2630 10.1475 9.97019 9.80015 9.64162 9.52078 9.46752 9.70041 9.41632 9.28357 9.28357 9.28357 9.28357 9.28357 9.87680
5.23876 5.13818 5.10647 5.10647 5.10647 5.10647 5.10647 5.88301 6.80332 7.31638 7.45507 7.44061 7.42613 7.41164 7.41829 8.18025 8.16530 8.16452 8.88562 8.78549 8.74550 8.73357 8.72199 8.71862 9.20463 9.74533 9.35582 8.33169 8.33169 8.33239 8.39405 8.39827 8.39827 8.38643 8.32639 8.26104 8.32851 8.39161 8.35546 8.34363 8.25678 8.16983 7.60247 7.31336 7.29923 6.76371 6.62978 9.09204 11.6930 10.1679 9.89240 9.73412 9.57688 9.51500 9.51500 9.51500 9.51500 9.51500 9.48082 9.61588 9.55211 9.28357 9.28357 9.28357 9.28357 9.28357 9.65110
5.19192 5.16560 5.10647 5.10647 5.10647 5.10647 5.10647 5.43582 6.72067 7.13773 7.50927 7.55514 7.57092 7.58425 7.59749 7.86697 7.95997 7.95997 8.50467 8.71862 8.71862 8.71862 8.71862 8.70440 8.94816 9.61746 9.43776 8.04207 7.97025 7.90511 7.88603 7.84133 7.77599 7.72269 7.71758 7.71758 7.74985 7.84089 7.85400 7.96619 7.96671 7.96671 7.68944 7.29923 7.18049 6.55027 5.98365 6.51777 10.8611 9.85645 9.51500 9.51500 9.51500 9.51500 9.51500 9.51500 9.51500 9.51500 9.49571 9.53132 9.68775 9.28357 9.28357 9.28357 9.28853 9.42759 9.62689
5.13228 5.22804 5.20036 5.26879 5.33726 5.40564 5.47406 5.54049 6.96449 7.19946 7.63842 7.60581 7.60330 7.59499 7.55897 7.69039 7.83935 7.80112 8.07611 8.48339 8.44523 8.40708 8.36889 8.34492 8.43656 9.25992 9.10106 7.87635 7.65101 7.65101 7.68048 7.71758 7.71758 7.71758 7.71758 7.71758 7.72721 7.84086 7.84089 7.92394 7.73844 7.47474 7.08973 6.27940 6.13433 5.93482 5.46453 5.46453 10.0756 10.1123 9.51500 9.51500 9.51500 9.51500 9.51500 9.51500 9.51500 9.51730 9.51883 9.48372 9.87058 9.52728 9.70692 9.90220 10.0927 10.1489 10.1439
5.21451 5.86049 5.59355 5.56976 5.52426 5.48321 5.44211 5.41783 6.60093 7.00575 7.33564 7.29947 7.26132 7.23140 7.22926 7.30789 7.58594 7.58594 7.67036 8.34215 8.34458 8.34458 8.34458 8.34458 8.34524 9.16478 9.14071 8.19670 7.65101 7.65101 7.66370 7.71758 7.71758 7.71758 7.71758 7.69435 7.59064 7.51763 7.37711 7.04067 6.80146 6.80146 6.79552 6.17469 6.13398 6.09414 5.47256 5.46453 8.64569 10.3956 9.52363 9.52998 9.53633 9.54268 9.54902 9.56650 9.72992 9.93589 10.1380 10.3005 10.6945 10.3006 10.1485 10.1485 10.1485 10.1488 10.1722
4.96045 5.76647 5.51471 5.47306 5.47746 5.47746 5.47746 5.47746 6.32060 7.00188 7.18752 7.22926 7.22926 7.22926 7.22926 7.23536 7.56761 7.58594 7.58594 8.19513 8.34458 8.34458 8.34458 8.34458 8.34458 8.94919 9.18131 8.51695 7.65101 7.65101 7.65157 7.66576 7.56022 7.44975 7.33929 7.25211 7.24531 7.22500 7.21118 7.13016 6.80146 6.77640 6.66921 6.07896 5.77515 5.66169 5.50901 5.53192 7.02431 10.8019 10.2540 10.3835 10.6528 10.9269 11.2051 11.4739 11.5748 11.6240 11.6739 11.6950 11.9317 11.8003 11.4692 11.5195 11.5674 11.5620 11.5031
4.76092 5.50457 5.54833 5.47746 5.47746 5.47746 5.47746 5.47746 5.96360 7.00943 7.16251 7.28157 7.30412 7.32718 7.35070 7.37448 7.66908 7.80720 7.83615 8.27955 8.73426 8.77238 8.81151 8.85140 8.89177 9.10906 9.21961 8.75916 7.46323 7.35272 7.24230 7.22473 7.24531 7.24041 7.17385 7.07983 6.97336 6.83033 6.66242 6.54743 6.06975 5.93772 5.93137 5.61013 5.26388 5.26388 5.41987 5.54916 5.61401 11.2355 11.9065 12.0593 12.0608 12.0608 12.0608 12.0608 12.0608 12.0608 12.0608 12.0456 12.0627 12.0594 11.3549 11.2454 11.1394 11.0869 11.0528
4.76092 5.27100 5.69421 5.66543 5.67848 5.69195 5.70566 5.71974 5.87060 7.56965 7.67934 7.86673 7.86673 7.86673 7.86673 7.86673 8.07004 8.31258 8.31258 8.49579 9.24808 9.17519 9.08229 8.90681 8.71575 8.52523 8.30018 7.91110 6.80420 6.64535 6.52329 6.45770 6.42478 6.32316 6.28331 6.27075 6.27072 6.28320 6.34109 6.34109 6.09649 5.93137 5.93137 5.76610 5.26388 5.26388 5.34947 5.54916 5.54219 10.0375 12.0119 11.9895 11.9671 11.9448 11.9223 11.8971 11.8171 11.7168 11.6163 11.5187 11.4249 11.6614 10.9019 10.8855 10.8855 10.8855 10.8855
4.76092 4.98230 5.74349 5.74349 5.74349 5.74349 5.75392 5.80051 5.84835 7.11729 7.25686 7.43115 7.35110 7.27060 7.19033 7.10994 7.11922 7.39502 7.26496 6.93054 7.56014 7.48043 7.28200 7.16626 7.06583 6.96532 6.89674 6.76489 6.27864 6.11607 6.11607 6.14430 6.27072 6.27072 6.27072 6.27072 6.27072 6.26896 6.28985 6.23697 6.06057 5.71771 5.66299 5.58446 5.05409 5.01447 5.00212 5.23648 5.21718 7.85771 11.8107 11.7923 11.7181 11.6401 11.5621 11.4870 11.4665 11.4665 11.4665 11.4665 11.4294 11.6420 11.0677 10.8855 10.8855 10.8855 10.8855
5.41204 5.48213 6.08714 6.16242 6.19420 6.22502 6.24847 6.25041 6.25041 6.35750 6.42921 6.68122 6.80040 6.90349 6.93488 6.84023 6.74763 5.94944 5.63282 5.58880 6.35217 6.89466 6.89466 6.89466 6.89466 6.89466 6.89466 6.79676 6.35812 6.02042 5.97938 5.93932 6.04021 6.01084 5.96967 5.92868 5.88752 5.84973 5.78936 5.76995 5.75520 5.37636 5.36023 5.36023 5.02481 4.93040 4.92990 5.09711 5.04952 5.45433 11.4276 11.4703 11.4665 11.4665 11.4665 11.4665 11.4665 11.4665 11.4665 11.4665 11.4477 11.5731 11.2701 10.8855 10.8855 10.8855 10.8855
5.76434 5.76434 6.11054 6.25041 6.26118 6.34903 6.45219 6.55512 6.65806 6.82821 6.94346 7.01858 6.94685 6.74677 6.61856 6.61624 6.61624 5.90830 5.61273 5.63341 6.02185 6.98064 7.00137 7.02205 7.04276 7.06345 7.08415 6.87056 6.11828 5.68772 5.68772 5.68772 5.79285 5.84237 5.84237 5.84237 5.84237 5.84237 5.80661 5.76995 5.76995 5.48479 5.34674 5.25519 4.91619 4.61740 4.51383 4.62914 4.75680 4.75680 10.0821 11.4665 11.4665 11.4665 11.4665 11.4665 11.4665 11.4665 11.4665 11.4665 11.4631 11.4786 11.3920 10.4853 9.94463 9.40161 8.85880
5.76434 5.76434 6.22408 6.87580 6.96797 6.98090 6.85352 6.65343 6.44653 6.26409 6.30571 6.44783 6.71989 6.74054 6.76128 6.78193 6.80264 6.36655 5.79268 5.79268 5.82916 7.03402 7.09854 7.09854 7.09854 7.09854 7.09854 7.05190 6.25832 5.69002 5.68772 5.68772 5.75383 5.84237 5.84237 5.84237 5.84237 5.84237 5.78675 5.59965 5.46983 5.20780 4.91388 4.90135 4.76686 4.47152 4.47152 4.55807 4.75680 4.75680 8.23585 11.4665 11.4655 11.4394 11.4023 11.3655 11.3285 11.2914 11.2077 10.7746 10.2706 9.77852 9.50195 8.14454 8.12406 8.12406 8.12406
5.73935 5.71472 5.72396 6.57594 6.36652 6.15900 6.07688 6.06754 6.06478 6.06538 6.23002 6.32995 6.82012 6.82012 6.82012 6.82012 6.82012 6.62798 5.79268 5.79268 5.79268 6.67493 7.09854 7.09854 7.09854 7.09854 7.09854 7.09854 6.44478 5.77976 5.68772 5.68772 5.71490 5.84203 5.78564 5.68827 5.59091 5.49350 5.40752 5.21540 5.21540 5.18374 4.90078 4.87795 4.81967 4.44079 4.46267 4.50107 4.45825 4.38988 5.52821 10.9658 11.1807 11.1697 10.9367 10.4694 10.0017 9.53395 9.11326 9.04176 9.04176 9.01583 9.24001 8.36748 8.12406 8.12406 8.12406
4.91795 4.60558 4.54017 5.92184 6.06478 6.06478 6.06478 6.06478 6.06478 6.06478 6.19061 6.24467 6.76764 6.82012 6.82012 6.82012 6.82012 6.81272 5.86792 5.79268 5.79268 6.27937 7.09854 7.09854 7.09854 7.09854 7.09442 6.64873 6.19989 5.53335 5.24676 5.14332 5.04201 5.06268 5.02137 5.00445 4.98801 4.97947 4.98967 4.75930 4.74413 4.75925 4.58848 4.57056 4.60322 4.34409 4.29428 4.29428 4.02405 3.95995 3.95995 8.76881 9.74397 9.27626 9.04176 9.04176 9.04176 9.04176 9.04176 9.04176 9.04176 9.03430 9.17122 8.65808 8.13842 8.14290 8.14743
4.89914 4.53996 4.53996 5.58682 6.06478 6.06478 6.06478 6.06478 6.06478 6.06478 6.15063 6.24357 6.63100 6.82012 6.82012 6.82012 6.82012 6.82012 6.12034 5.79268 5.79268 5.89806 7.08418 7.09854 7.09854 7.07102 6.92401 6.06420 5.61218 4.96245 4.87765 4.94213 5.00664 5.09571 5.14282 5.18213 5.22140 5.25309 5.26686 5.00730 4.85219 4.85219 4.73533 4.61665 4.61665 4.41939 4.29428 4.29428 4.10789 3.95995 3.95995 6.52689 9.04305 9.05477 9.06872 9.08268 9.09664 9.11059 9.11949 9.07954 9.02719 8.97508 9.15038 8.88455 8.06927 8.06927 8.06927
5.31802 4.53996 4.53996 5.20074 6.06478 6.06478 6.06478 6.06478 6.06478 6.06478 6.11060 6.22040 6.40692 6.66985 6.60602 6.54210 6.47818 6.41436 5.91061 5.25908 5.19525 5.18068 6.02825 6.14967 6.05277 5.98319 6.03339 5.63729 5.41174 4.96980 5.34610 5.34610 5.34610 5.32354 5.29216 5.29216 5.29216 5.29216 5.29216 5.11039 4.85219 4.85208 4.80408 4.61262 4.61040 4.50806 4.36534 4.37930 4.29036 4.07289 4.08684 5.31653 9.18980 9.19753 9.17645 9.11164 9.04547 8.97927 8.91814 8.90589 8.90589 8.90589 9.06557 9.15271 8.08139 8.06927 8.06927
5.49505 4.23325 4.12838 4.26685 5.61906 5.55188 5.48411 5.41598 5.34794 5.27999 5.21919 5.32636 5.43989 5.90439 5.90439 5.84032 5.66422 5.54786 5.41508 5.50077 5.69748 5.84500 6.05424 6.24042 6.24042 6.24042 6.24042 5.89965 5.54369 4.98812 5.32456 5.34563 5.34391 5.33307 5.28641 5.28464 5.28285 5.28108 5.27929 5.18471 4.83165 4.82953 4.82813 4.61860 4.59347 4.57259 4.45005 4.45005 4.42689 4.11716 4.06906 4.11106 8.61899 8.95235 8.90723 8.90589 8.90589 8.90589 8.90589 8.90589 8.90589 8.90589 8.97461 9.22219 8.29542 8.06927 8.06927
4.18340 3.50028 3.34628 3.34628 4.95626 5.16951 5.16951 5.16951 5.07761 4.87085 4.64847 4.55395 4.34564 4.84504 4.79450 4.80069 4.97522 5.06040 5.06544 5.84681 5.90118 5.90346 5.96843 6.26523 6.27690 6.28856 6.30024 6.11996 5.61022 5.15249 5.21454 5.32761 5.32755 5.32736 5.27826 5.27362 5.27362 5.27362 5.27362 5.25790 4.83725 4.82900 4.82900 4.68839 4.59347 4.58083 4.38914 4.31033 4.24415 3.90852 3.82408 3.82408 7.22881 8.90589 8.90589 8.90589 8.90589 8.90589 8.90589 8.90589 8.90589 8.90589 8.90950 9.19485 8.57814 8.07181 7.92336
4.18340 3.72969 3.34628 3.34628 4.02910 4.12087 3.83547 3.52300 3.35582 3.49262 3.66936 3.97166 4.26476 4.88631 5.10554 5.12108 5.13662 5.15220 5.16777 5.77139 6.00504 6.01442 6.01528 6.30563 6.35448 6.35448 6.35448 6.32035 5.64394 5.33313 5.11471 5.32755 5.32755 5.32755 5.29173 5.27362 5.27362 5.27362 5.27362 5.27362 4.93017 4.86930 4.95959 4.87262 4.36062 4.30681 4.20409 4.15841 4.15841 3.97068 3.82408 3.82408 5.80241 8.90589 8.90589 8.90589 8.88941 8.80153 8.70660 8.61151 8.51672 8.37545 8.01685 7.83004 7.46079 6.90268 6.76148
4.18340 4.02438 3.35325 3.39064 3.45279 3.64737 3.86567 4.08390 4.29262 4.37397 4.41545 4.53138 4.67611 4.93266 5.21248 5.21248 5.21248 5.21248 5.21248 5.59889 6.01524 6.01524 6.01524 6.20265 6.35448 6.35448 6.35448 6.35448 5.74415 5.51112 5.01617 5.32755 5.32755 5.32755 5.30523 5.27362 5.27554 5.32641 5.39876 5.47108 5.34168 5.21637 5.21649 5.18314 4.33695 4.30183 4.23737 4.15841 4.15272 3.99484 3.62570 3.53512 3.95111 8.39544 8.32776 8.23274 8.15264 7.96883 7.67689 7.38494 7.09300 6.84723 6.81937 6.92737 7.10968 6.76396 6.76148
4.63982 4.70210 4.16755 4.28532 4.44143 4.46500 4.46500 4.46500 4.46500 4.46500 4.46500 4.49403 4.67611 4.80491 5.21248 5.21248 5.21248 5.21248 5.21248 5.37081 6.01524 6.01524 6.01524 6.09803 6.32195 6.28288 6.24479 6.20756 5.88764 5.77469 5.10448 5.49582 5.52823 5.61876 5.71018 5.76330 5.86474 5.91397 5.93900 5.96500 5.89229 5.67421 5.65701 5.63870 4.82826 4.45561 4.38411 4.20687 4.17856 4.11698 3.17272 3.16719 3.16719 7.02823 7.51738 7.22543 6.93535 6.81937 6.81937 6.81937 6.81937 6.81937 6.81937 6.83993 7.13187 6.82935 6.73326
4.76005 4.76005 4.57684 4.46500 4.46500 4.39767 4.30051 4.27835 4.25669 4.23541 4.21480 4.19504 4.33876 4.34724 4.74473 4.73194 4.70723 4.68289 4.65926 4.63741 5.33203 5.37173 5.34776 5.32966 5.57248 5.59145 5.59145 5.59145 5.88624 6.47215 5.90807 6.13052 6.21608 6.15366 6.06335 5.88111 5.76401 5.65876 5.55300 5.44777 5.35764 5.62357 5.62357 5.62357 5.13525 4.40402 4.39977 4.21982 4.21280 4.21280 3.36061 3.16719 3.16719 5.21863 6.81937 6.81937 6.81945 6.83426 6.85969 6.88518 6.91067 6.94848 7.05353 7.16878 7.24292 6.97904 6.82558
4.76005 4.76005 4.67384 4.46500 4.46500 4.28793 3.98359 3.98359 3.98359 3.98359 4.15067 5.55321 7.14868 7.02238 4.44951 4.54420 4.53584 4.50992 4.48354 4.45713 4.98568 5.20808 5.18695 5.16594 5.35694 5.50943 5.54713 5.57754 5.71052 6.29549 5.81517 5.22459 5.16188 5.12537 5.10707 4.97195 4.89599 4.88021 4.86504 4.84982 4.83657 5.28079 5.30394 5.58039 5.49511 4.40836 4.37878 4.28400 4.30551 4.33946 3.78263 3.36173 3.39567 4.30229 7.04170 7.06702 7.09250 7.14263 7.23219 7.32184 7.41160 7.48885 7.49894 7.49894 7.39676 7.13229 6.87968
4.76005 4.76005 4.75885 4.53770 4.59185 4.60310 4.49094 6.03407 7.54684 8.90488 10.0240 10.2472 10.0533 9.30459 4.07812 4.18440 4.16627 4.16578 4.12526 4.01583 4.36859 4.79387 4.80586 4.81764 4.91981 5.10973 5.09100 5.07852 5.07556 5.54254 5.37891 4.77100 4.74707 4.74707 4.74707 4.68264 4.57404 4.54984 4.52564 4.50152 4.47730 4.67698 4.76038 5.11859 5.25978 4.24085 3.98481 4.30024 4.59121 4.59121 4.25985 3.54560 3.55293 3.66469 6.98592 7.35888 7.44845 7.49879 7.49894 7.49894 7.49894 7.49894 7.49894 7.49894 7.47451 7.22346 6.88103
5.97627 6.08990 7.05395 8.52774 9.69598 11.2026 10.5407 10.4455 10.4455 10.4455 10.4455 10.4455 10.2593 9.67759 5.41455 4.16983 4.21698 4.27577 4.30655 4.11771 4.22617 4.71924 4.71924 4.71924 4.73832 5.03114 5.02164 5.00395 4.98627 5.33360 5.41679 4.65502 4.56740 4.54323 4.53304 4.47487 4.34736 4.34736 4.34736 4.34736 4.34736 4.48300 4.65835 4.91345 5.20436 4.58995 3.98481 4.15882 4.62604 4.74224 4.78439 3.94273 4.04812 4.07329 6.36688 7.49894 7.49894 7.49894 7.49894 7.49894 7.49894 7.49894 7.49894 7.49894 7.50879 7.29870 6.94174
12.2849 14.0881 15.2204 14.2445 12.4220 12.4220 11.0029 10.4455 10.4455 10.4455 10.4455 10.4519 10.4643 9.78747 7.35275 4.39177 4.38509 4.35854 4.33207 4.07397 4.02744 4.55454 4.59675 4.57908 4.56140 4.78398 4.86737 4.86737 4.86737 5.11478 5.46547 5.63708 6.19726 6.92026 7.52764 4.77549 4.36138 4.34736 4.34736 4.34736 4.34736 4.41895 4.65835 4.80990 5.29736 5.19077 4.30475 4.46209 5.11043 5.11891 5.11891 4.26352 4.07329 4.07329 5.34648 7.49894 7.49894 7.49894 7.49894 7.49894 7.50375 7.51396 7.52418 7.53441 7.50268 7.21619 6.85990
15.2711 15.2711 15.2711 15.1445 12.5151 12.4220 11.3999 10.4414 10.4737 10.5086 10.5434 10.5718 10.5650 9.94234 8.90908 4.10017 4.14914 4.14914 4.14914 3.98681 3.92337 4.34185 4.54552 4.54552 4.54552 4.68549 5.12424 5.81024 6.45621 7.31773 8.37081 8.08980 7.74099 7.73281 7.73281 5.79166 4.39811 4.34736 4.34736 4.35453 4.42862 4.53628 4.98271 5.17138 5.85022 5.84307 4.64278 4.51250 5.00994 5.11891 5.11891 4.52291 4.07944 4.09304 4.29996 7.45351 7.54452 7.55472 7.56496 7.57099 7.44223 7.24699 7.05175 6.85669 6.70340 6.65706 6.45110
