High_resolution/powerplant/Chizhou/OMI_NO2_200902.asc
ncols      200
nrows      200
xllcorner       115.585
yllcorner       28.7700
cellsize     0.0166667
NODATA_Value      -999.000
[rows 145 to 173 of 175, columns 0 to 66 of 200]
3.73951 3.73951 3.73951 3.73951 3.73951 3.73951 3.73951 3.73951 3.73951 3.73951 3.73951 3.73951 3.73951 3.73951 3.73951 3.73951 3.73951 3.73951 3.73951 3.74059 0.00000 0.00000 0.00000 0.00000 0.00000 0.00000 0.00000 3.69404 3.69404 3.69404 3.69404 3.69404 3.33459 2.55594 2.55594 2.55594 2.55594 2.55594 2.55594 2.55594 2.55594 2.55594 2.55594 2.55594 2.55594 2.55594 2.55594 2.55594 2.55594 4.60240 4.88152 4.88152 4.88152 4.88152 4.88152 4.88152 4.88152 4.88152 4.88152 4.88152 4.88152 4.88152 4.88152 4.88152 4.88152 4.90095 4.92136
3.73951 3.73951 3.73951 3.73951 3.73951 3.73951 3.73951 3.73951 3.73951 3.73951 3.73951 3.73951 3.73951 3.73951 3.73951 3.77614 3.85767 3.93933 4.02093 4.08020 0.00000 0.00000 0.00000 0.00000 3.69404 3.69404 3.69404 3.69404 3.69404 3.69404 3.69404 3.69404 3.63361 2.58018 2.55594 2.55594 2.55594 2.55594 2.55594 2.55594 2.55594 2.55594 2.55594 2.55594 2.55594 2.55594 2.55594 2.55594 2.55594 4.21287 4.88152 4.88152 4.88152 4.88152 4.88152 4.88152 4.88152 4.88152 4.88152 4.88152 4.88152 4.86990 4.83840 4.80656 4.77470 4.77352 4.89133
3.73951 3.73951 3.73951 3.73951 3.73951 3.73951 3.73951 3.73951 3.73951 3.73951 3.74132 3.79744 3.87907 3.96070 4.04236 4.08735 4.08746 4.08746 4.08746 4.08746 0.00000 0.00000 0.00000 0.00000 3.69404 3.69404 3.69404 3.69404 3.69404 3.69404 3.69404 3.69404 3.69404 2.84274 2.55594 2.55594 2.55594 2.55594 2.55594 2.55594 2.55594 2.55594 2.55594 2.55594 2.55594 2.55594 2.55594 2.55594 2.55594 3.70143 4.88152 4.88152 4.88152 4.88152 4.88152 4.88116 4.86084 4.82897 4.79715 4.76527 4.73345 4.71321 4.71288 4.71288 4.71288 4.71413 4.87570
3.73951 3.73951 3.73951 3.73951 3.73951 3.73951 3.74859 3.81884 3.90050 3.98210 4.06199 4.08746 4.08746 4.08746 4.08746 4.08746 4.08746 4.08746 4.08746 4.08746 4.08746 0.00000 0.00000 0.00000 3.69404 3.69404 3.69404 3.69404 3.69404 3.69404 3.69404 3.69404 3.69404 3.16568 2.55594 2.55594 2.55594 2.55594 2.55594 2.55594 2.55594 2.55594 2.55594 2.55594 2.55594 2.55594 2.55594 2.55594 2.55594 3.10848 4.81476 4.85142 4.81956 4.78772 4.75588 4.72438 4.71288 4.71288 4.71288 4.71288 4.71288 4.71288 4.71288 4.71288 4.71288 4.71288 4.82750
3.73036 3.73951 3.76146 3.84027 3.92190 4.00353 4.07608 4.08746 4.08746 4.08746 4.08746 4.08746 4.08746 4.08746 4.08746 4.08746 4.08746 4.08746 4.08746 4.08746 4.08746 0.00000 0.00000 0.00000 3.69404 3.69404 3.69404 3.69404 3.69404 3.69404 3.69404 3.69404 3.69404 3.48850 2.55594 2.55594 2.55594 2.55594 2.55594 2.55594 2.55594 2.55594 2.55594 2.55594 2.55594 2.57137 2.65169 2.73904 2.82660 2.94700 4.63409 4.71288 4.71288 4.71288 4.71288 4.71288 4.71288 4.71288 4.71288 4.71288 4.71288 4.71288 4.71288 4.71288 4.71288 4.71288 4.77794
3.57260 4.02493 4.08460 4.08746 4.08746 4.08746 4.08746 4.08746 4.08746 4.08746 4.08746 4.08746 4.08746 4.08746 4.08746 4.08746 4.08746 4.08746 4.08746 4.08746 4.08746 0.00000 0.00000 0.00000 3.69404 3.69404 3.69404 3.69404 3.69404 3.69404 3.69404 3.69404 3.69404 3.69108 2.67647 2.55594 2.55594 2.55594 2.55594 2.55594 2.57951 2.66388 2.75145 2.83888 2.92636 2.99845 3.00569 3.00569 3.00569 3.00569 4.41798 4.71288 4.71288 4.70773 4.65553 4.59259 4.52920 4.46592 4.40298 4.33948 4.27643 4.21349 4.14976 4.08693 4.02388 3.96016 3.91373
3.04810 4.08746 4.08746 4.08746 4.08746 4.08746 4.08746 4.08746 4.08746 4.08746 4.08746 4.08746 4.08746 4.08746 4.08746 4.08746 4.08746 4.08746 4.08746 4.08746 4.08746 4.08746 0.00000 0.00000 3.69404 3.69404 3.69404 3.69404 3.69404 3.69404 3.69404 3.69404 3.69404 3.69404 2.99623 2.58940 2.67616 2.76373 2.85116 2.93872 3.00259 3.00569 3.00569 3.00569 3.00569 3.00569 3.00569 3.00569 3.00569 3.00569 3.50874 3.72534 3.66425 3.60599 3.59492 3.59492 3.59492 3.59492 3.59492 3.59492 3.59492 3.59492 3.59492 3.59492 3.59492 3.59492 3.59492
2.45275 4.08746 4.08746 4.08746 4.08746 4.08746 4.08746 4.08746 4.08746 4.08746 4.08746 4.08746 4.08746 4.08746 4.08746 4.08746 4.08746 4.08746 4.08746 4.08746 4.08746 4.08746 0.00000 0.00000 3.69404 3.69404 3.69404 3.69404 3.69404 3.69404 3.56153 3.20688 2.85170 2.49475 2.42844 3.00502 3.00569 3.00569 3.00569 3.00569 3.00569 3.00569 3.00569 3.00569 3.00569 3.00569 3.00569 3.00569 3.00569 3.00569 3.24368 3.57522 3.59492 3.59492 3.59492 3.59492 3.59492 3.59492 3.59492 3.59492 3.59492 3.59492 3.59492 3.59492 3.59492 3.59492 3.59492
2.12569 3.81864 4.08746 4.08746 4.08746 4.08746 4.08746 4.08746 4.08746 4.08746 4.08746 4.08746 4.08746 4.08746 4.08746 4.08746 4.08746 4.08655 3.93281 3.66881 3.40448 3.15549 0.00000 0.00000 3.69404 3.56915 3.21751 2.86109 2.50538 2.14825 1.92575 1.92257 1.92257 1.92257 1.99081 2.98890 3.00569 3.00569 3.00569 3.00569 3.00569 3.00569 3.00569 3.00569 3.00569 3.00569 3.00569 3.00569 3.00569 3.00569 3.08616 3.55347 3.59492 3.59492 3.59492 3.59492 3.59492 3.59492 3.59492 3.59492 3.59492 3.59492 3.59492 3.59492 3.61706 3.67844 3.74066
2.12510 3.22380 4.08746 4.08746 4.08746 4.08746 4.08746 4.08746 4.08746 4.08746 4.08746 4.08746 4.08746 4.07017 3.85972 3.59561 3.33150 3.06819 2.95782 2.95782 2.95782 2.95782 2.95782 0.00000 2.15817 1.92735 1.92257 1.92257 1.92257 1.92257 1.92257 1.92257 1.92257 1.92257 1.92257 2.75154 3.00569 3.00569 3.00569 3.00569 3.00569 3.00569 3.00569 3.00569 3.00569 3.00569 3.00569 3.00569 3.00569 3.00569 3.00569 3.49633 3.59492 3.59492 3.59492 3.59492 3.59492 3.59492 3.59545 3.63426 3.69642 3.75862 3.82081 3.88297 3.92307 3.92382 3.92382
2.12510 2.62845 4.08746 4.08746 4.08746 4.08746 4.08746 4.08746 4.08746 4.03357 3.78663 3.52253 3.25842 3.01159 2.95782 2.95782 2.95782 2.95782 2.95782 2.95782 2.95782 2.95782 2.95782 0.00000 1.92257 1.92257 1.92257 1.92257 1.92257 1.92257 1.92257 1.92257 1.92257 1.92257 1.92257 2.44555 3.00569 3.00569 3.00569 3.00569 3.00569 3.00569 3.00569 3.00569 3.00569 3.00569 3.00569 3.00569 3.00569 3.00569 3.00569 3.40910 3.58694 3.60042 3.65218 3.71435 3.77657 3.83874 3.90041 3.92382 3.92382 3.92382 3.92382 3.92382 3.92382 3.92382 3.92382
2.12510 2.16043 3.95952 4.08746 4.08746 3.97686 3.71343 3.44944 3.18533 2.97499 2.95782 2.95782 2.95782 2.95782 2.95782 2.95782 2.95782 2.95782 2.95782 2.95782 2.95782 2.95782 2.95782 0.00000 1.92257 1.92257 1.92257 1.92257 1.92257 1.92257 1.92257 1.92257 1.92257 1.92257 1.92257 2.13973 3.00569 3.00569 3.00569 3.00569 3.00569 3.00569 3.00569 3.00569 3.00569 3.00569 3.00569 3.00569 2.99483 2.93820 2.87660 3.18020 3.67780 3.91340 3.92382 3.92382 3.92382 3.92382 3.92382 3.92382 3.92382 3.92382 3.92382 3.92382 3.92382 3.92382 3.92382
2.13036 2.46553 3.44000 3.37635 3.11213 2.95872 2.95782 2.95782 2.95782 2.95782 2.95782 2.95782 2.95782 2.95782 2.95782 2.95782 2.95782 2.95782 2.95782 2.95782 2.95782 2.95782 2.95782 0.00000 1.92257 1.92257 1.92257 1.92257 1.92257 1.92257 1.92257 1.92257 1.92257 1.92257 1.92257 1.92939 2.91038 3.00569 3.00569 3.00569 3.00569 3.00569 3.00569 2.98922 2.92978 2.86808 2.80648 2.74482 2.69405 2.68898 2.68898 2.92266 3.55059 3.92382 3.92382 3.92382 3.92382 3.92382 3.92382 3.92494 3.93089 3.93736 3.94384 3.95033 3.95679 3.96330 3.96979
4.12189 4.31576 3.84360 2.95782 2.95782 2.95782 2.95782 2.95782 2.95782 2.95782 2.95782 2.95782 2.95782 2.95782 2.95782 2.95782 2.95782 2.95782 2.95782 2.95782 2.95782 2.95782 2.95782 2.95782 1.92257 1.92257 1.92257 1.92257 1.92257 1.92257 1.92257 1.92257 1.92257 1.92257 1.92257 1.92257 2.61133 3.00569 2.98244 2.92129 2.85966 2.79802 2.73633 2.69120 2.68898 2.68898 2.68898 2.68898 2.68898 2.68898 2.68898 2.72011 3.45710 3.99335 4.00657 4.01303 4.01953 4.02603 4.03249 4.03787 4.03841 4.03841 4.03841 4.03841 4.03841 4.03841 4.03841
4.31576 4.31576 4.22857 2.98227 2.95782 2.95782 2.95782 2.95782 2.95782 2.95782 2.95782 2.95782 2.95782 2.95782 2.95782 2.95782 2.95782 2.95782 2.95782 2.95782 2.95782 2.95782 2.95782 2.95782 1.92257 1.92257 1.92257 1.92257 1.92257 1.92257 1.92257 1.92257 1.92257 1.99763 2.18525 2.37221 2.64896 2.72790 2.68949 2.68898 2.68898 2.68898 2.68898 2.68898 2.68898 2.68898 2.68898 2.68898 2.68898 2.68898 2.68898 2.68898 3.37515 3.91365 4.03841 4.03841 4.03841 4.03841 4.03841 4.03841 4.03841 4.03841 4.03841 4.03841 4.03841 4.03841 4.03841
4.31576 4.31576 4.31576 3.30488 2.95782 2.95782 2.95782 2.95782 2.95782 2.95782 2.95782 2.95782 2.95782 2.95782 2.95782 2.95782 2.95782 2.95782 2.95782 2.95782 2.97819 3.42088 4.03228 4.67574 1.92257 1.92257 1.92257 1.92257 1.99501 2.18151 2.36847 2.55693 2.74427 2.85635 2.85738 2.85738 2.84394 2.69043 2.68898 2.68898 2.68898 2.68898 2.68898 2.68898 2.68898 2.68898 2.68898 2.68898 2.68898 2.68898 2.68898 2.68898 3.25105 3.75611 4.03841 4.03841 4.03841 4.03841 4.03841 4.03841 4.03841 4.03841 4.03841 4.03841 4.03841 4.03841 4.03841
4.31576 4.31576 4.31576 3.71475 2.95782 2.95782 2.95782 2.95782 2.95782 2.95782 2.95782 2.95782 2.95782 2.95782 2.95782 2.95782 3.04375 3.58777 4.19891 4.81031 5.40108 5.56954 5.56954 5.56954 2.17777 2.36492 2.55357 2.74053 2.85598 2.85738 2.85738 2.85738 2.85738 2.85738 2.85738 2.85738 2.85738 2.72453 2.68898 2.68898 2.68898 2.68898 2.68898 2.68898 2.68898 2.68898 2.68898 2.68898 2.68898 2.68898 2.68898 2.68898 3.08668 3.59867 4.03841 4.03841 4.03841 4.03841 4.03841 4.03841 4.03841 4.03849 4.04769 4.06312 4.07854 4.09398 4.10940
4.31576 4.31576 4.31576 4.12426 2.95809 2.95782 2.95782 2.95782 2.95782 2.95782 2.95782 2.95782 3.15448 3.75387 4.36554 4.97694 5.50216 5.56954 5.56954 5.56954 5.56954 5.56954 5.56954 5.56954 2.85738 2.85738 2.85738 2.85738 2.85738 2.85738 2.85738 2.85738 2.85738 2.85738 2.85738 2.85738 2.85738 2.77207 2.68898 2.68898 2.68898 2.68898 2.68898 2.68898 2.68898 2.68898 2.68898 2.68898 2.68898 2.68898 2.68898 2.68898 2.85840 3.48136 3.99818 4.03841 4.03965 4.05231 4.06775 4.08318 4.09860 4.11396 4.12019 4.12019 4.12019 4.12019 4.12019
4.31576 4.31576 4.31576 4.31576 3.17606 2.95782 2.95782 2.95939 3.30936 3.92050 4.53190 5.14304 5.55752 5.56954 5.56954 5.56954 5.56954 5.56954 5.56954 5.56954 5.56954 5.56954 5.56954 5.56954 2.85738 2.85738 2.85738 2.85738 2.85738 2.85738 2.85738 2.85738 2.85738 2.85738 2.85738 2.85738 2.85738 2.81963 2.68898 2.68898 2.68898 2.68898 2.68898 2.68898 2.68898 2.68898 2.68898 2.68898 2.68898 2.68898 2.68898 2.72998 2.93720 3.68301 4.00408 4.10323 4.11743 4.12019 4.12019 4.12019 4.12019 4.12019 4.12019 4.12019 4.12019 4.12019 4.12019
4.31576 4.31576 4.31576 4.30150 3.77872 4.08739 4.69853 5.30810 5.56954 5.56954 5.56954 5.56954 5.56954 5.56954 5.56954 5.56954 5.56954 5.56954 5.56954 5.56954 5.56954 5.56954 5.56954 5.56954 2.85738 2.85738 2.85738 2.85738 2.85738 2.85738 2.85738 2.85738 2.85738 2.85738 2.85738 2.85738 2.85738 2.85533 2.70084 2.68898 2.68898 2.68898 2.68898 2.68898 2.68898 2.68898 2.74967 2.96629 3.19062 3.41530 3.63941 3.82309 3.84059 4.01145 4.07724 4.12019 4.12019 4.12019 4.12019 4.12019 4.12019 4.12019 4.12019 4.12019 4.12019 4.11703 4.10089
4.04718 3.76974 3.49206 3.22912 3.73489 5.56954 5.56954 5.56954 5.56954 5.56954 5.56954 5.56954 5.56954 5.56954 5.56954 5.56954 5.56954 5.56954 5.56954 5.56954 5.56954 5.56954 5.56954 5.56954 2.85738 2.85738 2.85738 2.85738 2.85738 2.85738 2.85738 2.85738 2.85738 2.85738 2.85738 2.85738 2.85738 2.85738 2.74630 2.68898 2.68898 2.77316 2.99565 3.21999 3.44444 3.66900 3.83265 3.84059 3.84059 3.84059 3.84059 3.84059 3.84059 3.91786 3.94053 3.98524 3.96805 3.95056 3.93326 3.91589 3.89840 3.88110 3.86373 3.84625 3.82894 3.81471 3.81339
3.16502 3.16502 3.16502 3.16502 3.19532 5.38746 5.56954 5.56954 5.56954 5.56954 5.56954 5.56954 5.56954 5.56954 5.56954 5.56954 5.56954 5.56954 5.56954 5.56954 5.56954 5.56954 5.56954 5.56954 2.85738 2.85738 2.85738 2.85738 2.85738 2.85738 2.85738 2.85738 2.85738 2.85738 2.85738 2.85738 2.85326 2.84347 2.97559 3.47380 3.69837 3.83852 3.84059 3.84059 3.84059 3.84059 3.84059 3.84059 3.84059 3.84059 3.84059 3.84059 3.84059 3.80193 3.74394 3.80109 3.81339 3.81339 3.81339 3.81339 3.81339 3.81339 3.81339 3.81339 3.81339 3.81339 3.81339
3.16502 3.16502 3.16502 3.16502 3.16502 4.69429 5.56954 5.56954 5.56954 5.56954 5.56954 5.56954 5.56954 5.56954 5.56954 5.56954 5.56954 5.56954 5.56954 5.56954 5.56954 5.56954 5.56954 5.57913 2.85738 2.85738 2.85738 2.85738 2.85738 2.85738 2.85738 2.85347 2.84372 2.83390 2.82409 2.81427 2.80859 2.80856 2.91033 3.83667 3.84059 3.84059 3.84059 3.84059 3.84059 3.84059 3.84059 3.84059 3.84059 3.84059 3.84059 3.84059 3.84059 3.83206 3.74457 3.78170 3.81339 3.81339 3.81339 3.81339 3.81339 3.81339 3.81339 3.81339 3.81339 3.81339 3.81339
3.16502 3.16502 3.16502 3.16502 3.16502 3.97294 5.56954 5.56954 5.56954 5.56954 5.56954 5.56954 5.56954 5.56954 5.56954 5.56954 5.56954 5.56954 5.56954 5.59429 5.68823 5.78640 5.88453 5.97306 2.85738 2.85738 2.85369 2.84396 2.83415 2.82433 2.81452 2.80861 2.80856 2.80856 2.80856 2.80856 2.80856 2.80856 2.80856 3.64717 3.84059 3.84059 3.84059 3.84059 3.84059 3.84059 3.84059 3.84059 3.84059 3.84059 3.84059 3.84059 3.84059 3.84059 3.75371 3.76231 3.81339 3.81339 3.81339 3.81339 3.81339 3.81339 3.81339 3.81339 3.81333 3.75896 3.65752
3.16502 3.16502 3.16502 3.16502 3.16502 3.30352 5.51760 5.56954 5.56954 5.56954 5.56954 5.56954 5.56954 5.56954 5.56954 5.61644 5.71453 5.81266 5.91083 5.98420 5.98835 5.98835 5.98835 5.98835 2.82458 2.81476 2.80865 2.80856 2.80856 2.80856 2.80856 2.80856 2.80856 2.80856 2.80856 2.80856 2.80856 2.80856 2.80856 3.35569 3.84059 3.84059 3.84059 3.84059 3.84059 3.84059 3.84059 3.84059 3.84059 3.84059 3.84059 3.84059 3.84059 3.84059 3.76814 3.74588 3.81044 3.81339 3.81339 3.80780 3.72882 3.62743 3.52599 3.42450 3.32322 3.27610 3.27610
3.16502 3.16502 3.16502 3.16502 3.16502 3.16502 4.93300 5.56954 5.56954 5.56954 5.57247 5.64270 5.74083 5.83896 5.93709 5.98835 5.98835 5.98835 5.98835 5.98835 5.98835 5.98835 5.98835 5.98835 2.80856 2.80856 2.80856 2.80856 2.80856 2.80856 2.80856 2.80856 2.80856 2.80856 2.80856 2.80856 2.80856 2.80856 2.80856 3.06432 3.84059 3.84059 3.84059 3.84059 3.84059 3.84059 3.84059 3.84059 3.84059 3.84059 3.84059 3.84059 3.84059 3.84059 3.78583 3.73268 3.63377 3.49596 3.39447 3.29862 3.27610 3.27610 3.27610 3.27610 3.27610 3.27610 3.27610
3.16502 3.16502 3.16502 3.16502 3.16502 3.16502 4.22743 5.66896 5.76713 5.86526 5.96041 5.98835 5.98835 5.98835 5.98835 5.98835 5.98835 5.98835 5.98835 5.98835 5.98835 5.98835 5.98835 5.98835 2.80856 2.80856 2.80856 2.80856 2.80856 2.80856 2.80856 2.80856 2.80856 2.80856 2.80856 2.80856 2.80856 2.80856 2.80856 2.82930 3.78435 3.84059 3.84059 3.84059 3.84059 3.84059 3.84059 3.84059 3.84059 3.84059 3.84059 3.84059 3.84059 3.84059 3.66603 3.64728 3.42493 3.27610 3.27610 3.27610 3.27610 3.27610 3.27610 3.27610 3.27610 3.27610 3.27610
3.16502 3.16502 3.16502 3.16502 3.16502 3.16502 5.48799 5.98835 5.98835 5.98835 5.98835 5.98835 5.98835 5.98835 5.98835 5.98835 5.98835 5.98835 5.98835 5.98835 5.98835 5.98835 5.98835 5.98835 2.80856 2.80856 2.80856 2.80856 2.80856 2.80856 2.80856 2.80856 2.80856 2.80856 2.80856 2.80856 2.80856 2.80856 2.80856 2.80856 3.51354 3.84059 3.84059 3.84059 3.84059 3.84059 3.84059 3.84059 3.84059 3.84059 0.00000 0.00000 0.00000 0.00000 3.64728 3.64728 3.53458 3.22929 3.21553 3.20086 3.18498 3.16809 3.14996 3.13021 3.10895 3.08595 3.06067
3.16502 3.16502 3.16502 0.00000 0.00000 0.00000 0.00000 5.98835 5.98835 5.98835 5.98835 5.98835 5.98835 5.98835 5.98835 5.98835 5.98835 5.98835 5.98835 5.98835 5.98835 5.98835 5.98835 5.98835 2.80856 2.80856 2.80856 2.80856 2.80856 2.80856 2.80856 2.80856 2.80856 2.80856 2.80856 2.80856 2.80856 2.80856 2.80856 2.80856 3.23231 3.84059 3.84059 3.84059 3.84059 0.00000 0.00000 0.00000 0.00000 0.00000 0.00000 0.00000 0.00000 0.00000 0.00000 0.00000 2.90492 2.90492 2.90492 2.90492 2.90492 2.90492 2.90492 2.90492 2.90492 2.90492 2.90492
