High_resolution/powerplant/Chizhou/OMI_NO2_200803.asc
ncols      200
nrows      200
xllcorner       115.585
yllcorner       28.7700
cellsize     0.0166667
NODATA_Value      -999.000
[rows 60 to 89 of 175, columns 66 to 131 of 200]
3.29092 3.29088 3.29254 3.29032 3.28811 3.54821 3.85460 4.07366 4.28271 4.28399 4.28399 4.28399 4.28399 4.32892 4.48188 4.49878 4.51542 4.53185 4.54862 4.56763 4.58705 4.60667 4.84824 5.81879 5.93208 5.98823 6.02810 6.06805 5.89322 6.07436 6.28589 6.72654 8.58576 8.71244 8.71244 8.71244 8.71244 8.71244 8.71244 8.71244 8.71244 8.61978 8.36984 8.04345 7.68145 7.36314 7.61164 7.54026 7.04096 7.18448 7.27920 7.33752 7.41143 7.68235 7.98875 8.31531 8.56492 8.67716 8.69662 9.42848 11.1867 11.3218 11.4653 11.4653 11.4653 11.4653
3.23593 3.24101 3.42101 3.44036 3.45995 3.62588 4.06964 4.22536 4.54175 4.56127 4.58050 4.59770 4.61423 4.62797 4.78721 4.79441 4.79441 4.79441 4.79441 4.79441 4.79441 4.79441 4.86232 6.05112 6.24631 6.25543 6.24839 6.23953 6.09531 6.03363 6.30643 6.31055 8.23755 8.73409 8.81012 8.88866 8.99712 9.17409 9.07981 8.92601 8.73785 8.63872 8.67646 8.52420 8.53967 8.03146 8.42805 8.55662 7.79009 7.91989 8.19860 8.49340 8.73638 8.75942 8.75942 8.75942 8.75942 8.73206 8.68549 8.72528 11.0049 11.2545 11.4653 11.4653 11.4653 11.4653
3.21795 3.22780 3.68467 3.73413 3.74331 3.78293 4.04198 4.06640 4.45093 4.44032 4.42851 4.41890 4.41000 4.40110 4.51737 4.55601 4.54711 4.53821 4.52934 4.52028 4.51135 4.50248 4.49358 5.45630 5.93323 6.01931 6.12640 6.22726 6.29352 6.10949 6.56004 6.64435 8.19832 9.73621 9.67405 9.47915 9.19575 8.75637 8.67763 8.64844 8.61905 8.60664 8.94419 8.89017 8.85620 8.42327 8.65136 8.75844 8.74553 8.75942 8.75942 8.75942 8.75942 8.75942 8.75942 8.75942 8.75942 8.75023 8.68549 8.68549 10.2863 11.1924 11.4194 11.3208 11.2080 11.0953
3.40561 3.40561 3.74775 3.89281 3.88982 3.88683 3.87224 3.86944 4.23382 4.30257 4.30257 4.30257 4.30257 4.30257 4.38468 4.47543 4.49531 4.58943 4.69029 4.79114 4.89217 4.99294 5.09380 5.86884 6.68909 6.77889 6.78959 6.78959 6.78959 6.61144 7.04540 7.24083 7.77129 8.85845 8.67724 8.64784 8.61876 8.59678 8.59554 8.59554 8.59554 8.59554 8.90228 8.91897 8.85620 8.49149 8.59865 8.73227 8.75410 8.74241 8.73076 8.71901 8.70736 8.69568 8.68398 8.67231 8.66059 8.64893 8.57217 8.55159 9.25314 10.7568 10.8647 10.9206 10.9203 10.9161
3.41106 3.39821 3.62996 3.88287 3.88287 3.88287 3.87406 3.86944 4.14810 4.38472 4.45317 4.52163 4.59009 4.65854 4.81448 5.23021 5.31110 5.31801 5.31801 5.31801 5.31801 5.31801 5.31801 5.75732 6.59703 6.77459 6.78959 6.78959 6.78959 6.78326 7.03863 7.22024 7.27919 8.59245 8.59554 8.59399 8.57581 8.55324 8.53053 8.50799 8.48531 8.46268 8.67682 8.81378 8.74410 8.53414 8.32356 8.54747 8.60589 8.60589 8.60589 8.60589 8.60589 8.60589 8.60589 8.60589 8.60589 8.60589 8.55891 8.53195 8.57349 10.5271 10.7877 10.9044 10.8992 10.8980
3.56483 3.47676 3.67255 4.10259 4.17110 4.23951 4.30188 4.36244 4.57351 4.85022 4.85022 4.85022 4.85022 4.85022 4.85958 5.29678 5.31801 5.31801 5.31801 5.31801 5.31801 5.31801 5.31801 5.52332 6.49343 6.79900 6.71771 6.66575 6.62408 6.58901 6.72822 7.03504 7.01688 8.15623 8.34808 8.32712 8.32262 8.32262 8.32262 8.32262 8.32262 8.32262 8.46083 8.75663 8.70362 8.66516 8.17179 8.50331 8.60583 8.60589 8.60589 8.60589 8.60589 8.60589 8.60589 8.60589 8.60470 8.59867 8.56329 8.51165 8.50579 9.90674 10.7148 10.8961 10.8662 10.7308
4.24327 3.94161 3.96688 4.42520 4.43053 4.43053 4.42724 4.41709 4.47409 4.85022 4.85022 4.85022 4.85234 4.86922 4.88888 5.24552 5.39604 5.41570 5.43538 5.45505 5.47473 5.47595 5.41702 5.36893 6.31254 6.83104 6.58863 6.47722 6.47722 6.47722 6.51779 6.95835 6.96028 7.80494 8.32262 8.32262 8.32262 8.32262 8.32262 8.30636 8.27557 8.24472 8.23857 8.63964 8.57794 8.54166 8.10834 8.47280 8.57003 8.58945 8.58805 8.58666 8.58344 8.57571 8.56777 8.53577 8.47989 8.42872 8.36751 8.25377 8.20327 8.86223 10.2984 9.59730 9.46755 9.42117
4.32119 3.95557 3.96585 4.40333 4.52717 4.56328 4.59887 4.62240 4.65873 4.98106 5.03079 5.05048 5.06802 5.07084 5.07084 5.29187 5.53862 5.52493 5.44912 5.36629 5.28411 5.22034 5.21687 5.21810 5.92574 6.46315 6.48376 6.25016 6.22553 6.20090 6.17616 6.55368 6.60986 7.11534 7.82301 7.79222 7.76136 7.73038 7.69965 7.68512 7.68512 7.68512 7.68512 8.14293 8.21729 8.19277 8.00577 8.34381 8.36763 8.37816 8.32250 8.26684 8.21291 8.16354 8.11443 8.08826 8.05000 7.99178 7.93070 7.75140 7.66455 7.65371 9.70106 9.15626 8.92738 8.90439
4.50973 4.44844 4.32654 4.62125 4.81393 4.81518 4.81639 4.80643 4.80541 4.98777 5.08230 5.08353 5.08476 5.07633 5.00540 5.02730 5.30878 5.24033 5.23395 5.23468 5.23468 5.23468 5.23468 5.23468 5.53170 5.93913 6.27386 5.96722 5.96722 5.96722 5.96722 6.24971 6.45028 6.73555 7.68512 7.68512 7.68512 7.68874 7.69661 7.70450 7.71237 7.72025 7.72814 8.05880 8.24986 8.15114 7.95534 7.71274 7.70047 7.94479 7.88152 7.81486 7.74484 7.67102 7.59307 7.51256 7.48556 7.48556 7.48556 7.39065 7.35063 7.35063 8.91605 9.26311 8.90439 8.90439
4.46462 4.68836 4.39537 4.55642 4.81847 4.81512 4.81186 4.81152 4.81438 4.92429 5.01385 4.92995 4.84615 4.77204 4.76041 4.76888 5.20475 5.22695 5.22653 5.22611 5.22570 5.22529 5.22487 5.22446 5.40253 5.78257 6.30801 5.96089 5.97029 6.05250 6.14287 6.32023 6.46301 6.54526 7.73140 7.74211 7.74998 7.75425 7.75425 7.75425 7.71935 7.63414 7.54862 7.55943 7.61211 7.47239 7.31328 6.97593 7.02807 7.43025 7.48556 7.48556 7.48556 7.48556 7.48556 7.48556 7.48556 7.48556 7.48556 7.42279 7.35063 7.35063 8.14554 9.45257 8.90439 8.67206
4.20443 4.73897 4.31408 4.37592 4.73575 4.73210 4.66919 4.61454 4.57027 4.54527 4.75209 4.75209 4.75209 4.75209 4.75209 4.75209 5.08889 5.21987 5.21987 5.21987 5.26225 5.35303 5.44381 5.53451 5.68519 6.26588 6.73007 6.71164 6.70534 6.71333 6.71333 6.69306 6.49132 6.49078 7.55985 7.75425 7.71794 7.63249 7.54749 7.46170 7.41142 7.41108 7.41108 7.41108 7.41108 7.34931 7.33488 6.97099 7.02697 7.28745 7.48556 7.48556 7.48549 7.48119 7.47445 7.46770 7.46099 7.45425 7.44752 7.41574 7.30942 7.30404 7.37895 8.28022 6.67003 6.19368
4.10214 4.70505 4.37894 4.16645 4.48281 4.43038 4.40982 4.42491 4.47764 4.48069 4.73661 4.75276 4.80497 4.88879 4.97274 5.05656 5.38294 5.75099 5.84177 5.93240 5.98079 5.98079 5.98079 5.98079 5.98079 6.47231 6.71243 6.89269 6.71333 6.71333 6.71333 6.71333 6.49586 6.39250 7.08411 7.46036 7.41135 7.41108 7.41108 7.41108 7.40205 7.37711 7.35193 7.32662 7.30143 7.28876 7.29505 6.98124 6.96310 7.07779 7.41303 7.40632 7.39963 7.39722 7.39722 7.39722 7.39722 7.39722 7.39722 7.39663 7.28783 7.27996 7.27996 7.25061 6.27321 6.03064
3.99608 4.39075 4.35306 3.98078 4.34376 4.54652 4.63047 4.71671 4.86478 4.94988 5.23128 5.39142 5.42316 5.42316 5.42316 5.42316 5.54584 5.98079 5.98079 5.98079 5.98079 5.98079 5.98079 5.98079 5.98079 6.35369 6.54981 6.96080 6.67244 6.58402 6.49532 6.40704 6.21647 6.10571 6.57127 7.22242 7.19724 7.17202 7.14681 7.12153 7.10534 7.10507 7.10507 7.10507 7.10507 7.16628 7.25229 7.02997 6.91298 6.94555 7.36305 7.39722 7.39722 7.39722 7.39722 7.39722 7.39722 7.39722 7.39722 7.37022 7.21703 7.12167 7.05256 6.99810 6.31617 5.89331
4.10018 4.50839 5.10792 4.62476 4.86757 5.08089 5.08089 5.08089 5.13619 5.14872 5.28174 5.42316 5.42316 5.42316 5.42316 5.42316 5.43234 5.92266 5.90418 5.85892 5.81362 5.76842 5.72317 5.67787 5.63897 5.86418 6.13069 6.28883 6.19407 6.19398 6.19398 6.19398 6.11678 5.97143 6.23332 7.10507 7.10507 7.10507 7.10507 7.10507 7.10507 7.10507 7.10507 7.10507 7.10507 7.12828 7.22114 7.06039 6.82779 6.85812 7.12733 7.28007 7.26180 7.24353 7.22525 7.16977 7.06524 6.96071 6.85507 6.67166 6.50737 6.38554 6.22880 6.07255 5.54220 4.81834
4.21926 4.37233 5.28366 4.79962 4.77311 5.08089 5.13303 5.23334 5.37525 5.50179 5.53425 5.15657 5.11132 5.06612 5.02087 4.97552 4.93113 5.31793 5.47406 5.47406 5.47906 5.49490 5.51110 5.52732 5.53720 5.66721 6.04643 6.11348 6.12403 6.08006 6.05579 6.03144 5.98499 5.76049 5.80114 6.77779 6.74985 6.71951 6.68911 6.65877 6.62818 6.59784 6.56744 6.53704 6.50663 6.48186 6.61586 6.59779 6.42617 6.48574 6.48855 6.57754 6.31370 6.05015 5.78647 5.56024 5.38299 5.20530 5.02925 4.95755 5.03566 5.26486 5.22931 5.19201 5.00439 4.09886
4.71206 4.81301 5.85930 5.79745 5.57479 6.07344 6.12363 6.12140 6.14412 6.17948 6.12788 4.92426 4.88978 4.88490 4.88003 4.87513 4.87411 5.14485 5.45360 5.46493 5.47124 5.46676 5.46185 5.45698 5.45210 5.45583 5.58287 5.59931 5.74110 5.69147 5.69147 5.69147 5.69147 5.50192 5.46892 6.32183 6.47692 6.47692 6.47692 6.47692 6.47610 6.43570 6.37337 6.31082 6.24860 6.18600 6.23026 6.21125 5.93298 4.93705 4.87762 4.95434 4.95755 4.95755 4.95755 4.95755 4.95755 4.95755 4.95755 4.95755 4.95755 4.95755 4.95755 4.95755 4.92008 3.98862
5.56904 5.60039 6.30922 6.64997 6.12823 6.06542 6.03883 6.03619 6.04988 6.10262 6.10033 5.10725 4.82355 4.83606 4.84995 4.86387 4.87393 4.99371 5.42771 5.42541 5.42311 5.42081 5.41851 5.41617 5.41386 5.41157 5.51924 5.54186 5.66281 5.64391 5.64161 5.63931 5.59970 5.40235 5.28897 5.87388 6.20098 6.13860 6.07616 6.01378 5.95216 5.93018 5.93021 5.93317 5.93810 5.94302 6.02046 6.09720 5.94329 5.12335 4.83113 4.64580 4.43352 4.88916 4.95755 4.95755 4.95755 4.95755 4.95755 4.95755 4.95755 4.95755 4.95755 4.95755 4.95526 4.21770
5.88702 5.89297 6.30676 6.96907 6.47053 6.24554 6.19007 6.19598 6.19917 6.04248 6.05408 5.38054 4.80863 4.80998 4.80998 4.80998 4.80998 4.81951 5.33995 5.36761 5.36761 5.36761 5.36761 5.36482 5.29322 5.19216 5.17231 5.12503 5.10002 5.02962 4.92857 4.82751 4.76378 4.82873 4.94925 5.35989 5.93018 5.93018 5.93022 5.93325 5.93820 5.94311 5.94801 5.94997 5.94997 5.94997 5.97637 5.83223 5.42494 4.63117 4.05550 4.06264 4.10346 4.59580 4.95755 4.95755 4.95755 4.95487 4.91901 4.87356 4.82835 4.78279 4.73740 4.69201 4.64657 4.26213
5.93631 5.93631 6.07382 7.00070 6.70150 6.31586 6.23492 6.25114 6.26534 6.12237 6.08500 5.69650 4.80998 4.80998 4.80998 4.80421 4.76239 4.71451 4.95173 4.95214 4.85109 4.75003 4.64898 4.55072 4.52127 4.52127 4.57330 4.65615 4.67736 4.77025 4.76285 4.76285 4.76285 4.78321 4.94923 5.18030 5.93829 5.94319 5.94810 5.94997 5.94997 5.94997 5.94997 5.79297 5.47836 5.19496 4.95443 4.91102 4.82303 4.44818 3.82227 3.79085 3.81379 3.97701 4.50577 4.46044 4.41494 4.37235 4.36271 4.36271 4.36271 4.36271 4.36271 4.36271 4.36271 4.31639
5.93587 5.91998 5.89631 6.80522 6.84218 6.40039 6.26742 6.26095 6.21833 6.06282 5.94023 5.79814 4.57612 4.52144 4.47358 4.43149 4.42525 4.42525 4.47014 4.52127 4.52127 4.52127 4.52127 4.52127 4.52127 4.52127 4.54430 4.65615 4.65615 4.74405 4.76290 4.76547 4.76894 4.76756 4.92578 5.00753 5.91647 5.90983 5.90160 5.82085 5.51093 5.21861 4.95889 4.82603 4.81942 4.81764 4.81764 4.59450 4.52724 4.33111 3.58013 3.56259 3.61098 3.64474 4.31304 4.36271 4.36271 4.36271 4.36271 4.36271 4.36271 4.36271 4.30125 4.16970 4.03785 3.94168
5.83888 5.81341 5.79570 6.36695 6.66886 6.22096 5.93639 5.88834 5.88269 5.81230 5.70028 5.70028 4.63895 4.42525 4.42525 4.42525 4.42525 4.42525 4.44767 4.52127 4.52127 4.51559 4.49840 4.48088 4.46340 4.44589 4.42944 4.52033 4.47998 4.55058 4.71151 4.70630 4.70020 4.69893 4.81373 4.87235 5.44430 5.27873 5.01798 4.83165 4.81764 4.81764 4.81764 4.81764 4.81764 4.81764 4.81764 4.65802 4.53931 4.38869 3.74380 3.56259 3.58932 3.61918 4.04582 4.33280 4.32311 4.31275 4.22392 4.08239 3.94108 3.79962 3.71816 3.61794 3.46549 3.32093
5.71100 5.71100 5.71100 6.01323 6.52619 6.28348 5.92311 5.88269 5.88269 5.84959 5.68721 5.64983 4.87682 4.36417 4.34665 4.32915 4.31165 4.29413 4.27837 4.35052 4.33761 4.32583 4.32549 4.31014 4.28008 4.25003 4.22014 4.30802 4.34302 4.38089 4.69785 4.69705 4.57251 4.36470 4.23736 4.17129 4.51946 4.72993 4.71533 4.70072 4.68608 4.67144 4.65681 4.64220 4.62762 4.61298 4.59841 4.48754 4.29083 4.22560 3.76776 3.38277 3.38408 3.42591 3.42907 3.62114 3.34655 3.07288 2.87777 2.73491 2.59219 2.44947 2.30821 2.25603 2.25603 2.25603
5.68141 5.64339 5.60542 5.66456 6.34453 6.21884 5.70127 5.58699 5.54897 5.50830 5.31064 5.30304 4.91539 4.22318 4.21127 4.19944 4.18759 4.17566 4.16383 4.20849 4.19359 4.15155 4.10977 4.08312 4.07127 4.05938 4.04757 4.07216 4.04057 3.86160 3.94449 3.84977 3.78135 3.78135 3.80051 3.93669 4.18926 4.51892 4.51892 4.51892 4.51892 4.51892 4.51892 4.51892 4.51168 4.43876 4.35058 4.22946 3.89529 3.77742 3.34535 2.47521 2.32048 2.02721 1.95153 2.23842 2.25603 2.25603 2.25603 2.25603 2.25603 2.25603 2.25603 2.25603 2.25603 2.25603
5.39051 5.40835 5.42613 5.44400 6.16904 6.29456 5.75610 5.33612 5.32418 5.31242 5.15968 5.10620 4.95883 4.01522 4.01522 4.00512 3.97557 3.94547 3.91543 3.94108 3.98839 3.98494 3.98145 3.97793 3.97446 3.97100 3.96754 3.72529 3.46175 3.45409 3.58470 3.74490 3.74202 3.73908 3.73618 3.86810 3.98333 4.36771 4.27930 4.19074 4.10256 4.01424 3.92567 3.83742 3.75625 3.73873 3.70763 3.66713 3.37879 3.29492 3.17598 2.16482 2.15007 2.07437 2.03986 2.21241 2.25603 2.25603 2.25603 2.25603 2.25603 2.25603 2.25603 2.25603 2.25603 2.25603
5.61401 5.61514 5.61628 5.61741 6.12019 6.43486 6.11355 5.29277 5.29371 5.29484 5.12753 4.98292 4.95026 3.96001 3.80988 3.78644 3.78250 3.77900 3.77548 3.79576 3.87006 3.87006 3.87006 3.87006 3.87006 3.87006 3.87006 3.73860 3.28689 3.20112 3.15178 3.32614 3.24028 3.15443 3.06865 3.12638 3.22343 3.74022 3.74069 3.74069 3.74069 3.73847 3.70677 3.66618 3.62544 3.58693 3.57721 3.57721 3.39316 3.31676 3.38580 2.57783 2.43690 2.46847 2.25603 2.25603 2.25603 2.25603 2.25603 2.25603 2.25603 2.25603 2.25839 2.27091 2.28446 2.29805
5.63299 5.63299 5.63299 5.63299 5.92963 6.44817 6.34572 5.37882 5.26965 5.23962 5.08655 4.84876 4.84761 4.14272 3.77404 3.77404 3.77404 3.77404 3.77404 3.72865 3.71395 3.61594 3.51291 3.40998 3.30704 3.20401 3.10107 3.01618 2.70558 2.66374 2.65272 2.91088 2.96033 2.96033 2.96033 3.04687 3.18498 3.66186 3.70595 3.66518 3.62462 3.58616 3.57721 3.57721 3.57721 3.58109 3.69500 3.87454 3.93545 3.93157 3.90461 3.15216 2.56040 2.57385 2.36371 2.34133 2.35496 2.36850 2.38211 2.39569 2.40925 2.42288 2.43402 2.43515 2.43515 2.43515
5.63299 5.63299 5.63299 5.62976 5.69322 6.38232 6.34674 5.46834 5.18626 5.18626 5.13207 4.80236 4.69112 4.12652 3.39347 3.28116 3.16930 3.05761 2.94495 2.88021 2.97211 3.00864 3.00864 3.00864 3.00864 3.00864 3.00864 3.00864 2.81586 2.66374 2.66077 2.80589 2.96033 2.95787 2.93055 2.92778 3.08751 3.39977 3.59134 3.60189 3.61245 3.62297 3.70234 3.89000 4.10149 4.33512 4.42274 4.43591 4.38183 4.13065 4.08343 3.63013 2.69494 2.69494 2.55247 2.43515 2.43515 2.43515 2.43515 2.43515 2.43515 2.43515 2.43515 2.43515 2.43484 2.41544
5.60812 5.57429 5.54041 5.49786 5.45564 5.97459 5.94190 5.26914 4.58384 4.47198 4.35708 3.97116 3.95341 3.75269 2.87985 2.87985 2.87985 2.87985 2.87985 2.87985 2.94077 3.00864 3.00864 3.00864 3.00864 3.00793 3.00166 2.99419 2.92000 2.64402 2.70357 2.85902 2.92660 2.90402 2.90627 2.91502 3.12430 3.39574 3.73479 3.89727 4.09345 4.31516 4.45708 4.45792 4.45792 4.45792 4.45792 4.45792 4.45212 4.14477 4.10052 3.95139 2.70320 2.69494 2.63396 2.43515 2.43515 2.43515 2.43515 2.43509 2.41947 2.37377 2.32015 2.26668 2.21331 2.17890
5.31720 5.27960 5.24202 5.21634 5.21559 5.34323 5.42542 5.16172 4.29206 4.29206 4.29206 4.03654 3.95341 3.94246 2.94075 2.87158 2.86411 2.85665 2.84918 2.84170 2.86322 2.95556 2.94811 2.94062 2.93316 2.92925 2.99987 3.10095 3.21304 2.95488 2.92308 3.00873 2.94347 2.92955 2.93438 3.01442 3.28696 3.69098 4.43630 4.44943 4.44362 4.43780 4.43200 4.42620 4.42040 4.41460 4.40880 4.40296 4.39716 4.14743 4.01240 3.69641 2.55838 2.29570 2.27032 2.01310 1.96446 1.91198 1.83491 1.75533 1.69106 1.65712 1.63109 1.60504 1.57891 1.55289
5.21559 5.21559 5.21559 5.21493 5.15883 5.14267 5.18738 5.07214 3.92844 3.78145 3.69053 3.41279 3.17013 3.07940 2.85852 2.79642 2.79642 2.79642 2.79652 2.80796 2.82865 2.96900 3.05723 3.17683 3.29670 3.41342 3.46142 3.47990 3.49947 3.06534 2.87251 2.97456 3.08950 3.14493 3.26539 3.29412 3.39741 3.61042 4.33791 4.33830 4.33830 4.33830 4.33830 4.33830 4.33830 4.33830 4.33830 4.33830 4.32254 4.07636 3.83086 3.27329 2.49732 1.97269 1.90807 1.69818 1.55040 1.52325 1.52066 1.52066 1.52066 1.52066 1.52066 1.52066 1.52066 1.52066
