High_resolution/powerplant/Chizhou/OMI_NO2_200501.asc
ncols      200
nrows      200
xllcorner       115.585
yllcorner       28.7700
cellsize     0.0166667
NODATA_Value      -999.000
[rows 58 to 86 of 163, columns 0 to 66 of 200]
5.11378 5.13672 5.15969 5.18263 5.20558 5.22157 5.15024 5.04426 4.89009 4.24650 4.15072 4.16937 4.19294 4.21654 4.23978 4.24657 4.24832 4.36428 4.49800 4.46109 4.42407 4.38715 4.35009 4.31322 4.24014 4.00124 4.31111 4.49773 4.63604 4.65563 4.67524 4.69482 4.70378 4.70378 4.68971 4.59995 4.50500 4.31309 4.06351 4.04433 4.05248 4.07464 4.00415 3.97317 3.97317 3.97317 3.97317 3.97317 3.97317 3.97317 3.97317 3.97317 3.80238 4.36704 5.58647 6.19616 7.66147 7.76862 7.76862 7.82795 7.94146 8.04920 8.17705 8.30439 8.35175 8.25265 8.16009
5.22539 5.22217 5.16861 5.05201 4.93489 4.82005 4.77576 4.76461 4.76056 4.32509 4.28819 4.25207 4.25274 4.25335 4.25346 4.25346 4.25346 4.26520 4.20471 4.20457 4.20457 4.20457 4.20976 4.22864 4.24378 4.04564 4.31683 4.48658 4.70378 4.70378 4.69545 4.47445 4.16042 3.84662 3.56248 3.66281 3.85566 4.06732 4.07957 4.09181 4.11213 4.10409 4.03152 3.97317 3.97317 3.97317 3.97317 3.97317 3.97317 3.97317 3.97317 3.97317 3.87686 3.81913 5.72328 6.40010 7.84105 8.29374 8.41661 8.49337 8.50286 8.41583 8.29551 8.16738 8.08293 8.09081 8.09123
4.96159 4.82802 4.76450 4.76396 4.76396 4.76396 4.76396 4.76396 4.76396 4.42511 4.31670 4.25346 4.25346 4.25346 4.25346 4.25346 4.25346 4.26632 4.23638 4.24516 4.26475 4.28435 4.29875 4.29947 4.29947 4.13654 4.24301 4.39724 4.28292 3.95108 3.65777 3.57735 3.58958 3.60183 3.61409 3.71756 3.88076 4.15735 4.15735 4.15735 4.16302 4.14195 4.05609 3.97317 3.97317 3.97317 3.97845 4.03058 4.09342 4.15654 4.21942 4.28249 4.34095 5.38356 6.57018 7.18237 8.03710 8.45642 8.32823 8.20027 8.09852 8.09123 8.09123 8.07829 8.03460 7.98968 7.94470
4.53738 4.76396 4.76396 4.76396 4.76396 4.76396 4.76396 4.76396 4.76396 4.57210 4.29271 4.25346 4.25341 4.25250 4.25123 4.24997 4.24870 4.26921 4.36501 4.37001 4.40267 4.43540 4.46813 4.48554 4.45640 4.26870 4.05635 4.28413 3.90091 3.62666 3.62666 3.62666 3.62666 3.62666 3.62666 3.66270 3.80639 4.09589 4.08726 4.06871 4.07872 4.10569 4.03491 4.24028 4.30875 4.37177 4.42942 4.44036 4.44036 4.43929 4.37509 4.27389 4.17480 5.23328 6.07843 6.64591 7.17909 8.06242 8.02415 7.97920 7.93422 7.88924 7.84432 7.81229 7.81100 7.81100 7.81100
4.15409 4.76396 4.76396 4.76396 4.76396 4.76396 4.76396 4.76396 4.75382 4.61619 4.31569 4.35110 4.37805 4.41040 4.44310 4.47582 4.50852 4.53420 4.60974 4.58342 4.53108 4.46620 4.40131 4.35170 4.34851 4.29547 3.93779 4.25501 4.06641 3.54798 3.52076 3.49362 3.47874 3.48038 3.48201 3.48443 3.67210 3.96858 4.08966 4.10994 4.12095 4.22452 4.16423 4.36675 4.43914 4.37407 4.27288 4.17198 4.07210 3.98786 3.97356 3.99617 4.01669 4.82276 5.75114 6.43543 6.93026 7.71000 7.81100 7.81100 7.82327 7.85114 7.87901 7.90693 7.93484 7.96276 7.99073
3.68821 4.57245 4.50105 4.38829 4.27451 4.16084 4.04698 3.93331 3.82968 3.81025 4.36313 4.57241 4.53611 4.53611 4.53611 4.53594 4.49907 4.43376 4.40622 4.32092 4.28464 4.26092 4.23720 4.21348 4.18977 4.14695 3.81064 4.03936 4.12646 3.56414 3.53445 3.56333 3.57992 3.58000 3.58000 3.58000 3.69504 3.94129 4.11069 4.10978 4.06582 4.09287 3.98435 3.95986 3.97053 3.94362 3.95854 3.97338 3.98760 3.98653 3.97874 3.97094 3.96315 4.22179 5.64254 6.17461 6.71358 7.98111 8.21981 8.24782 8.26347 8.26347 8.26347 8.26347 8.26347 8.26347 8.26347
2.34582 3.36727 3.81134 3.81034 3.81025 3.81025 3.81025 3.81025 3.81025 3.80374 4.14009 4.54039 4.43407 4.34718 4.25860 4.17026 4.11832 4.09505 4.10204 4.10110 4.06411 4.03268 4.00120 3.96974 3.93832 3.92344 3.97444 4.09250 4.23747 3.84792 3.58000 3.58206 3.58862 3.59538 3.60182 3.57851 3.58559 3.70890 3.82232 3.75058 3.72186 3.78674 3.79783 3.75314 3.90119 3.90684 3.90673 3.90673 3.90673 3.90673 3.90673 3.90673 3.90673 3.90953 5.38276 5.90400 6.49388 7.82232 8.26347 8.24613 8.21105 8.17629 8.14267 8.10999 8.07832 8.04750 8.01761
2.39178 2.85377 3.78053 3.76418 3.74782 3.73147 3.71514 3.69879 3.67573 3.61068 3.74323 4.20494 4.04988 4.01658 3.98516 3.95368 3.92223 3.89077 3.87912 3.94834 3.94076 3.94748 3.95423 3.96095 3.96769 3.97442 4.02831 4.07786 4.30866 4.14276 3.64257 3.59737 3.54758 3.49761 3.44791 3.42798 3.43207 3.53367 3.71291 3.72968 3.74478 3.79002 3.85457 3.73349 3.90477 3.90673 3.90673 3.90673 3.90673 3.91609 3.94262 3.96827 3.99278 4.01614 4.93913 5.59718 6.20148 7.11977 7.80234 7.86696 7.93083 7.93083 7.89047 7.80274 7.70964 7.65449 7.68845
2.19807 2.14692 3.62199 3.67252 3.67413 3.65689 3.62945 3.60833 3.59404 3.62817 3.71966 4.25284 3.97289 3.98144 3.99601 4.01056 4.02510 4.03962 4.04775 4.05041 4.01292 4.01292 4.01292 4.01292 4.01292 3.99793 3.99222 3.91316 4.16042 4.10391 3.48206 3.42798 3.42798 3.42933 3.44191 3.45695 3.47210 3.55292 3.72360 3.75269 3.73687 3.72596 3.81366 3.81203 3.99463 4.05734 4.07788 4.09758 4.11643 4.12852 4.12881 4.12881 4.12881 4.12881 4.52713 5.51320 5.97258 6.72948 7.64764 7.84060 7.91619 8.05439 8.14912 8.30612 8.47882 8.60536 8.63732
2.36016 2.26941 3.41066 3.82434 3.80162 3.79784 3.80427 3.80427 3.80427 3.80427 3.80427 4.29301 4.10002 4.04775 4.04775 4.04775 4.04775 4.04775 4.04775 4.04961 4.00370 3.95752 3.90758 3.85761 3.80765 3.77268 3.77878 3.79628 4.02437 4.08464 3.67984 3.42939 3.42645 3.42213 3.40658 3.38856 3.37049 3.39282 3.53343 3.58828 3.58603 3.58603 3.67642 3.85168 4.03891 4.12881 4.12881 4.12881 4.12881 4.12335 4.10705 4.11523 4.12329 4.13105 4.17122 4.70561 4.76744 5.87950 7.28987 7.55760 7.71903 8.65512 8.72720 8.74275 8.74266 8.74266 8.73666
2.60052 2.47510 2.96606 3.80427 3.80427 3.80427 3.80427 3.80427 3.80427 3.80427 3.80427 4.16109 4.17448 4.04775 4.04775 4.04674 4.03197 4.01285 3.99372 3.97012 3.77970 3.74343 3.66519 3.58615 3.50705 3.42788 3.33279 3.47164 3.70965 3.79238 3.64506 3.31639 3.31639 3.31639 3.31639 3.31639 3.31639 3.32845 3.47593 3.58582 3.56267 3.52399 3.54836 3.69078 3.89628 4.02729 4.03636 4.04508 4.05356 4.06613 4.08717 4.08730 4.08835 4.15047 4.24815 4.48599 4.62418 5.55192 7.23403 7.63536 7.72191 8.39495 8.62536 8.56745 8.50600 8.44076 8.37987
2.60052 2.53927 2.50903 3.75953 3.80427 3.80427 3.80427 3.80427 3.80427 3.80427 3.80427 3.99772 4.22381 3.90747 3.80933 3.71218 3.62859 3.54956 3.47053 3.39129 3.16790 3.07485 3.06700 3.03020 2.98994 2.94978 2.92543 3.14783 3.54866 3.76788 3.75577 3.31335 3.24033 3.20165 3.16301 3.11889 3.03761 2.94953 2.96529 3.04300 2.97805 2.92861 3.09928 3.70249 3.92252 4.08685 4.08730 4.08835 4.15047 4.24815 4.34584 4.43892 4.49773 4.48896 4.44447 4.47774 4.55360 5.07395 6.93187 7.20943 7.22842 7.78892 8.37063 8.37063 8.37063 8.37107 8.37496
2.60052 2.59729 2.43443 3.40673 3.83858 3.89586 3.94799 3.98685 4.02496 4.06308 4.10125 4.11390 3.58035 3.26531 3.26029 3.26029 3.26029 3.26029 3.25876 3.22904 3.08881 2.96113 2.91692 2.89999 2.88657 2.87313 2.85968 2.93500 3.35847 3.39046 3.30681 2.97570 2.75086 2.70142 2.65197 2.60797 2.60105 2.60105 2.65257 2.85536 2.87069 2.87069 2.90354 3.71059 4.04396 4.31756 4.44353 4.53873 4.54231 4.49785 4.45646 4.42808 4.43344 4.44540 4.45738 4.49482 4.62802 4.90779 6.57186 7.17858 7.23086 7.59184 8.43090 8.43547 8.44006 8.44422 8.44491
3.17461 3.28928 3.06109 3.42706 4.22997 4.21085 4.19683 4.19614 4.19614 4.19614 4.19614 4.19614 3.71786 3.29974 3.23759 3.20531 3.15164 3.09791 3.04573 3.02174 2.95276 2.81194 2.82640 2.84579 2.86524 2.88464 2.90407 2.92412 2.97095 3.03928 3.05254 2.92571 2.60105 2.60105 2.60105 2.60105 2.60690 2.62039 2.70767 3.02241 3.18668 3.29633 3.40490 4.05390 4.39400 4.55165 4.59113 4.56007 4.55971 4.57166 4.58055 4.58102 4.58102 4.58102 4.58102 4.58123 4.71030 4.79732 6.16345 7.20172 7.21410 7.39540 8.42171 8.46776 8.53713 8.60775 8.67845
3.56408 3.56408 3.31096 2.97579 4.14268 4.15793 4.12229 4.08671 4.05105 4.01544 3.97983 3.93548 3.53634 3.10233 3.01613 3.01054 3.02993 3.04935 3.06878 3.08819 3.09220 2.94240 2.94076 2.94986 2.96283 2.97584 2.98884 3.00181 3.03451 3.10764 3.15294 3.15694 2.75882 2.77727 2.86964 2.96199 3.04861 3.12743 3.16111 3.42504 3.51715 3.47315 3.42869 3.77956 4.26070 4.46523 4.58102 4.58102 4.58102 4.58102 4.58102 4.58102 4.58102 4.57300 4.54853 4.52357 4.58543 4.62032 5.44711 7.04447 7.01948 7.72044 8.84375 9.18550 9.18676 9.18676 9.18676
3.24479 3.17363 3.06862 2.59899 3.49736 3.89667 3.89667 3.89422 3.86582 3.83136 3.79855 3.78298 3.61149 3.20167 3.16887 3.18375 3.19504 3.20632 3.21757 3.22886 3.24013 3.12509 3.10903 3.11294 3.11294 3.11294 3.11294 3.11294 3.15214 3.27780 3.40835 3.48775 3.28748 3.15821 3.15825 3.15825 3.14870 3.10689 3.06241 3.18939 3.36489 3.36442 3.36442 3.55022 4.18200 4.36745 4.50196 4.47702 4.45211 4.42707 4.40216 4.37720 4.35224 4.33535 4.33486 4.33486 4.37894 4.48155 4.79935 6.83642 6.95555 7.55285 8.54172 9.10936 9.07779 9.04707 9.11157
2.96514 2.96832 2.97952 2.69383 3.13709 3.94067 3.91750 3.89674 3.90197 3.91323 3.92285 3.92400 3.87578 3.34640 3.26488 3.26420 3.26420 3.26420 3.26420 3.26420 3.26420 3.17791 3.11294 3.12987 3.20454 3.28394 3.36330 3.44278 3.50291 3.53974 3.60960 3.60974 3.47672 3.11578 3.06332 3.00082 2.94786 2.92717 2.90913 2.96873 3.24383 3.23016 3.21214 3.21503 3.95806 4.14197 4.31234 4.33486 4.33486 4.33486 4.33486 4.33486 4.33486 4.34486 4.43575 4.54411 4.65825 4.90253 5.09708 6.47152 6.76389 7.13116 8.19521 9.23942 9.41158 9.58309 9.65916
3.03360 3.04204 3.04245 2.88379 2.81543 3.87759 3.92400 3.92400 3.92400 3.92400 3.92400 3.92400 3.92400 3.45446 3.27383 3.26420 3.26420 3.26420 3.27072 3.34018 3.42554 3.45919 3.43333 3.49287 3.49769 3.51358 3.54204 3.57044 3.59915 3.47221 3.48176 3.46826 3.42990 2.86924 2.82050 2.82049 2.82049 2.82049 2.82049 2.83614 3.15511 3.19565 3.19565 3.19630 3.79167 4.16001 4.34177 4.47771 4.58591 4.69427 4.80263 4.91082 5.01902 5.11729 5.13476 5.13401 5.09374 5.24238 5.36016 6.38864 7.16211 7.41197 8.44520 9.65147 9.65940 9.65940 9.65940
3.04245 3.04245 3.04245 2.99353 2.76603 3.56906 3.92400 3.92400 3.92400 3.92400 3.92400 3.92400 3.92400 3.59664 3.34683 3.39945 3.49667 3.61039 3.71769 3.76204 3.79045 3.79653 3.69454 3.70850 3.73691 3.74701 3.73996 3.73301 3.72574 3.47301 3.38389 3.41458 3.41458 3.04117 2.82545 2.85520 2.88842 2.92158 2.95474 3.02675 3.38640 3.61701 3.72464 3.83157 4.37861 5.10565 5.21442 5.13476 5.13476 5.13476 5.13401 5.09374 5.03111 4.96848 4.90513 4.84028 4.81479 5.07377 5.42187 6.12207 7.34558 7.34558 8.24188 9.40478 9.65940 9.65940 9.65940
3.04245 3.04245 3.04245 3.04319 2.81158 3.18168 3.92400 3.92164 3.90131 3.90326 3.96256 4.02386 4.08524 4.06068 3.93012 3.90005 3.91669 3.91679 3.91679 3.91679 3.91679 3.91474 3.77645 3.73502 3.72787 3.72753 3.75168 3.77830 3.80496 3.67804 3.51433 3.62769 3.70849 3.63927 3.32465 3.40251 3.47690 3.55129 3.62562 3.66186 3.83256 4.03644 4.03644 4.03644 4.25159 5.13861 5.20714 5.03111 4.96848 4.90586 4.84362 4.81853 4.81542 4.81229 4.80988 4.80897 4.80515 4.88582 5.40899 5.59172 7.40411 7.46032 8.13056 9.23766 9.85943 9.88023 9.90100
2.97745 2.92949 2.88145 2.83349 2.71976 2.73015 3.86597 3.97972 4.06139 4.12082 4.12291 4.12291 4.12291 4.11330 4.00080 3.91735 3.91865 3.93992 3.96164 3.98111 4.00066 4.02113 3.95336 3.90687 3.93297 3.96407 3.98131 3.99614 4.01097 3.98749 4.01877 4.22866 4.25538 4.23993 3.69632 3.68619 3.73291 3.77671 3.81780 3.85602 3.90115 3.99407 3.92602 3.85924 3.80306 4.78717 4.97809 4.80429 4.78439 4.77712 4.77020 4.76564 4.76149 4.75734 4.75319 4.74981 4.74948 4.74948 5.26900 5.36160 7.16227 7.62564 8.03514 9.06481 9.99547 9.99547 9.99547
2.63880 2.63874 2.63874 2.63874 2.80596 3.00444 3.77469 4.12291 4.13365 4.16130 4.18913 4.21699 4.24480 4.27264 4.20719 4.12269 4.12892 4.12715 4.13193 4.14675 4.16157 4.17640 4.12938 4.04873 4.05348 4.05950 4.05950 4.05896 4.05296 4.04415 4.06252 4.24714 4.28649 4.30541 3.99438 3.81917 3.78370 3.71868 3.65371 3.62329 3.79904 4.25734 4.55809 4.82441 5.07644 5.89363 5.48797 4.79411 4.74948 4.74948 4.74948 4.74948 4.74948 4.74948 4.74948 4.74948 4.74948 4.76532 5.15642 5.47631 6.70974 7.84024 8.03834 9.03286 10.2011 10.2234 10.2450
2.69270 2.74025 2.79597 2.85163 2.95158 3.19186 3.61315 4.34069 4.35781 4.35800 4.35671 4.34139 4.30244 4.26214 4.16193 4.15682 4.19970 4.21146 4.21625 4.21318 4.21013 4.20707 4.16259 4.01383 3.98422 3.98666 4.01530 4.04407 4.07602 4.10727 4.12087 4.22387 4.21521 4.17275 4.16778 4.02742 4.25086 4.49184 4.72190 4.91464 4.93938 5.14109 5.27879 5.27766 5.27766 5.66653 5.84471 4.83694 4.80690 4.85690 4.90675 4.95680 5.00665 5.05659 5.10654 5.15659 5.20644 5.24054 5.40654 5.85370 6.41986 8.11774 8.12077 8.93209 10.0894 10.2412 10.2146
3.23759 3.10892 3.10892 3.10892 3.10739 3.20978 3.23843 4.19331 4.19886 4.15566 4.11365 4.08574 4.08145 4.07839 4.03861 4.06805 4.18959 4.18959 4.18959 4.18959 4.18611 4.15775 4.11841 3.93149 4.09900 4.12511 4.11206 4.05661 4.08449 4.17125 4.23608 4.69809 5.14512 5.34447 5.37479 4.96663 4.93985 4.93750 4.95059 4.97823 5.00740 5.15563 5.42843 5.46175 5.49513 5.67969 6.46341 5.37419 5.24157 5.24157 5.24157 5.24157 5.24157 5.24157 5.24157 5.24157 5.24157 5.21161 5.15756 5.65445 5.72274 7.84111 8.00248 8.59259 9.62105 10.0777 10.0802
3.41472 2.87194 2.80586 2.73973 2.67912 2.85600 2.97700 3.72542 4.07366 4.07366 4.07366 4.07366 4.07366 4.07366 4.06313 4.00825 4.16842 4.13591 4.10595 4.07788 4.05413 4.04684 4.06089 4.04534 4.22823 4.34976 4.43800 4.55860 4.60846 4.60451 4.58215 4.97892 5.49214 5.51121 5.53041 5.28237 5.16303 5.19224 5.20593 5.20593 5.20593 5.24456 5.57710 5.58878 5.58878 5.59098 6.42456 5.72504 5.25547 5.24938 5.19702 5.12697 5.05690 4.98685 4.91683 4.84667 4.77672 4.73648 4.73947 5.19576 5.38346 7.24820 8.02233 8.39964 9.38185 10.0946 10.0946
3.83699 2.67620 2.66746 2.66746 2.66746 2.77103 2.97397 3.35916 4.07366 4.07366 4.07366 4.06333 4.03492 4.00798 3.98275 3.88141 4.04658 4.16199 4.27136 4.37590 4.47187 4.56456 4.64141 4.55986 4.52046 4.57792 4.57243 4.56691 4.55579 4.54422 4.53553 4.88886 5.60943 5.62335 5.62335 5.49068 5.20593 5.20593 5.20586 5.20551 5.20514 5.20712 5.52261 5.70633 5.81686 5.92771 6.17943 5.68808 4.84715 4.75467 4.73696 4.73696 4.73696 4.73947 4.83825 4.98612 5.13399 5.28804 5.44799 5.50248 5.50307 6.62103 8.01172 8.16971 9.11203 10.0946 10.0946
4.33748 2.78787 2.66746 2.66746 2.66746 2.72222 2.94233 3.02455 3.96826 3.99042 3.96626 3.96002 3.96624 3.95325 3.94051 3.88207 4.36964 4.62413 4.61862 4.61316 4.61089 4.61089 4.61089 4.56347 4.46767 4.54729 4.53725 4.52725 4.52299 4.53530 4.57439 4.82904 5.54331 5.62169 5.62132 5.62961 5.33900 5.41655 5.51348 5.61081 5.70796 5.80512 6.11549 6.37620 6.37620 6.37620 6.23599 5.85725 4.77530 4.83825 4.98612 5.13399 5.28186 5.43105 5.49421 5.50886 5.52350 5.53198 5.53202 5.52943 5.51104 6.07058 7.89218 8.01213 8.86992 9.96307 10.0683
4.76905 2.97906 2.66734 2.65590 2.63724 2.64569 2.94366 3.07705 3.66902 3.93679 3.92487 3.90534 3.88713 3.88679 3.88679 3.86198 4.13203 4.61089 4.61089 4.61089 4.61786 4.64733 4.67908 4.69608 4.59530 4.71499 4.78514 4.83263 4.89014 4.95702 4.99167 5.21543 6.00791 6.13729 6.23445 6.30799 6.03572 5.89493 5.89923 5.90740 5.91555 5.92372 6.04007 6.37538 6.46302 6.58977 6.67764 6.55901 5.63016 5.54026 5.57092 5.60323 5.63546 5.66391 5.68213 5.69976 5.71742 5.73505 5.75266 5.77026 5.76671 5.92272 7.49011 7.94238 8.61898 9.63041 10.0253
4.48370 3.35215 2.82917 2.93022 3.02727 3.10839 3.13925 3.07968 3.35013 3.88679 3.88679 3.88736 3.90690 3.93631 3.96662 3.98974 4.05766 4.86563 4.90396 4.94280 4.97363 4.98177 5.01286 5.04643 4.93930 4.99553 5.08912 5.12276 5.14784 5.14928 5.14928 5.20655 6.20697 6.33173 6.35544 6.37921 6.26309 6.00928 6.02895 6.10955 6.24136 6.37344 6.54010 6.90749 6.84693 6.64978 6.44360 5.87913 5.85760 5.78934 5.78792 5.78792 5.78792 5.78792 5.78792 5.78792 5.78792 5.78792 5.78792 5.78792 5.77559 5.79350 7.09478 8.05138 8.47330 9.33389 9.99454
