High_resolution/powerplant/Chizhou/OMI_NO2_200607.asc
ncols      200
nrows      200
xllcorner       115.585
yllcorner       28.7700
cellsize     0.0166667
NODATA_Value      -999.000
[rows 116 to 144 of 200, columns 132 to 197 of 200]
0.933051 0.933051 0.933051 0.933051 0.933051 0.933051 0.933051 0.933051 0.933051 0.933051 0.933051 0.933051 0.933051 0.00000 0.00000 0.00000 0.00000 0.00000 0.00000 0.00000 0.00000 0.00000 0.00000 0.00000 0.00000 0.00000 0.00000 0.00000 2.59489 2.59489 2.59489 2.59489 2.59489 2.59489 2.59489 2.59489 2.59489 2.59489 2.59489 2.59489 2.59489 2.59489 2.59489 2.59489 2.59489 2.08934 1.36123 1.36123 1.36123 1.36123 1.36123 1.36123 1.34947 1.26535 1.16895 1.07265 0.976241 0.879834 0.783534 0.687234 0.590827 0.494420 0.393701 0.292414 0.00000 0.00000
0.933051 0.933051 0.933051 0.933051 0.933051 0.933051 0.933051 0.933051 0.933051 0.933051 0.933051 0.933051 0.933051 0.00000 0.00000 0.00000 0.00000 0.00000 0.00000 0.00000 0.00000 0.00000 0.00000 0.00000 0.00000 0.00000 0.00000 0.00000 2.59489 2.59489 2.59489 2.59489 2.59489 2.59489 2.59489 2.59489 2.59489 2.59489 2.59489 2.59489 2.59489 2.58901 2.50219 2.38937 2.27643 1.95421 0.871069 0.774769 0.678362 0.581956 0.485549 0.389142 0.304705 0.292414 0.292414 0.292414 0.292414 0.292414 0.292414 0.292414 0.292414 0.292414 0.292414 0.292414 0.00000 0.00000
0.933051 0.933051 0.933051 0.933051 0.933051 0.933051 0.933051 0.933051 0.933051 0.933051 0.933051 0.933051 0.933052 0.00000 0.00000 0.00000 0.00000 0.00000 0.00000 0.00000 0.00000 0.00000 0.00000 0.00000 0.00000 0.00000 0.00000 0.00000 0.00000 2.59489 2.59489 2.56301 2.45360 2.34090 2.22796 2.11526 2.00232 1.88974 1.77692 1.66410 1.55151 1.44422 1.41846 1.41846 1.41846 1.41102 0.369435 0.292414 0.292414 0.292414 0.292414 0.292414 0.292414 0.292414 0.292414 0.292414 0.292414 0.292414 0.292414 0.292414 0.292414 0.292414 0.292414 0.292414 0.00000 0.00000
0.933051 0.933051 0.933051 0.933051 0.933051 0.933051 0.933051 0.933051 0.933051 0.933051 0.933051 0.933051 0.933051 0.933051 0.00000 0.00000 0.00000 0.00000 0.00000 0.00000 0.00000 0.476642 0.476642 0.476642 0.476642 0.476642 0.476642 0.476642 0.476642 1.16183 1.50292 1.42187 1.41846 1.41846 1.41846 1.41846 1.41846 1.41846 1.41846 1.41846 1.41846 1.41846 1.41846 1.41846 1.41846 1.41846 0.626681 0.292414 0.292414 0.292414 0.292414 0.292414 0.292414 0.292414 0.292414 0.292414 0.292414 0.292414 0.292414 0.292414 0.292414 0.292414 0.292414 0.292414 0.00000 0.00000
0.933051 0.933051 0.933051 0.933051 0.933051 0.933051 0.933051 0.933051 0.933051 0.933051 0.933051 0.932670 0.923680 0.751985 0.476642 0.476642 0.476642 0.476642 0.476642 0.476642 0.476642 0.476642 0.476642 0.476642 0.476642 0.476642 0.476642 0.476642 0.476642 0.774508 1.41846 1.41846 1.41846 1.41846 1.41846 1.41846 1.41846 1.41846 1.41846 1.41846 1.41846 1.41846 1.41846 1.41846 1.41846 1.41846 0.891296 0.292414 0.292414 0.292414 0.292414 0.292414 0.292414 0.292414 0.292414 0.292414 0.292414 0.292414 0.292414 0.292414 0.292414 0.292414 0.292414 0.292414 0.00000 0.00000
0.933051 0.933051 0.931653 0.920884 0.908347 0.895833 0.883307 0.870759 0.858245 0.845707 0.833193 0.821037 0.817502 0.640645 0.476642 0.476642 0.476642 0.476642 0.476642 0.476642 0.476642 0.476642 0.476642 0.476642 0.476642 0.476642 0.476642 0.476642 0.476642 0.554052 1.41525 1.41846 1.41846 1.41846 1.41846 1.41846 1.41846 1.41846 1.41846 1.41846 1.41846 1.41846 1.41846 1.41846 1.41846 1.41846 1.15609 0.292414 0.292414 0.292414 0.292414 0.292414 0.292414 0.292414 0.292414 0.292414 0.292414 0.292414 0.292414 0.292414 0.292414 0.292414 0.292414 0.292414 0.292414 0.00000
0.842911 0.830386 0.819246 0.817502 0.817502 0.817502 0.817502 0.817502 0.817502 0.817502 0.817502 0.817502 0.817502 0.722656 0.476642 0.476642 0.476642 0.476642 0.476642 0.476642 0.476642 0.476642 0.476642 0.476642 0.476642 0.476642 0.473720 0.450630 0.430530 0.415514 0.847234 1.15313 1.41846 1.41846 1.41846 1.41846 1.41846 1.41846 1.41846 1.41846 1.41846 1.41846 1.41846 1.41846 1.41846 1.41846 1.38670 0.326871 0.292414 0.292414 0.292414 0.292414 0.292414 0.292414 0.292414 0.414214 0.299757 0.292414 0.292414 0.292414 0.292414 0.292414 0.292414 0.292414 0.292414 0.00000
0.817502 0.817502 0.817502 0.817502 0.817502 0.817502 0.817502 0.817502 0.817502 0.817502 0.817502 0.817502 0.817502 0.799908 0.481449 0.476642 0.476642 0.476642 0.476642 0.476642 0.476642 0.473848 0.451077 0.430720 0.415646 0.403963 0.395396 0.394010 0.394010 0.394010 0.678297 0.993875 1.41846 1.41846 1.41846 1.41846 1.41846 1.41846 1.41846 1.41846 1.41846 1.41846 1.41846 1.41846 1.41846 1.41846 1.41846 0.559458 0.292414 0.292414 0.292414 0.389746 0.654012 0.840543 0.974650 1.04400 0.559364 0.386221 0.521135 0.656350 0.791114 0.926329 1.06139 1.19616 1.36968 0.00000
0.817502 0.817502 0.817502 0.817502 0.817502 0.817502 0.817502 0.817502 0.817502 0.817502 0.817502 0.817502 0.817502 0.817502 0.545858 0.476642 0.473976 0.451314 0.431048 0.415784 0.404067 0.395448 0.394010 0.394010 0.394010 0.394010 0.394010 0.394010 0.394010 0.394010 0.566409 0.892399 1.41284 1.41846 1.41846 1.41846 1.41846 1.41846 1.41846 1.41846 1.41846 1.41846 1.41846 1.41846 1.41846 1.41846 1.41846 0.953772 0.930156 1.16077 1.32622 1.43845 1.50745 1.56460 1.64236 1.71007 1.76954 1.79815 1.79815 1.79815 1.79815 1.79815 1.79815 1.79815 1.79815 0.00000
0.817502 0.817502 0.817502 0.817502 0.817502 0.817502 0.817502 0.817502 0.817502 0.817502 0.817502 0.817502 0.817502 0.817502 0.626447 0.406085 0.395499 0.394010 0.394010 0.394010 0.394010 0.394010 0.394010 0.394010 0.394010 0.394010 0.394010 0.394010 0.394010 0.394010 0.454521 0.864917 1.23487 1.41846 1.41846 1.41846 1.41846 1.41846 1.41846 1.41846 1.41846 1.41846 1.41846 1.47389 1.67744 1.77771 1.79831 1.79827 1.79355 1.75866 1.72472 1.69660 1.67287 1.66337 1.76477 1.79823 1.79822 1.79815 1.79815 1.79815 1.79815 1.79815 1.79815 1.79815 1.79815 1.79815
0.817502 0.817502 0.817502 0.817502 0.817502 0.817502 0.817502 0.817502 0.817502 0.817502 0.817502 0.817502 0.817502 0.817502 0.709973 0.408058 0.394010 0.394010 0.394010 0.394010 0.394010 0.394010 0.394010 0.394010 0.394010 0.393297 0.389182 0.384176 0.378562 0.372216 0.365127 0.604577 0.718939 1.41846 1.41846 1.41846 0.00000 0.00000 0.00000 1.79831 1.79831 1.79831 1.79831 1.79831 1.76730 1.70307 1.65727 1.62953 1.66611 1.66337 1.66337 1.66337 1.66337 1.66337 1.71969 1.79823 1.79823 1.79817 1.79815 1.79815 1.79815 1.79815 1.79815 1.79815 1.79815 1.79815
0.817502 0.817502 0.817502 0.817502 0.817502 0.817502 0.817502 0.817502 0.817502 0.817502 0.817502 0.817502 0.817502 0.817502 0.790540 0.428721 0.390238 0.385351 0.379889 0.373731 0.366708 0.358689 0.349408 0.338530 0.325591 0.312852 0.311377 0.311377 0.311377 0.311377 0.311377 0.311377 0.311377 0.00000 0.00000 1.79831 1.79831 1.79831 1.79831 1.79522 1.73898 1.68288 1.64246 1.61196 1.59621 1.59598 1.59598 1.59598 1.65492 1.66337 1.66337 1.66337 1.66337 1.66337 1.68435 1.79823 1.79823 1.79820 1.79815 1.79815 1.79815 1.79815 1.79815 1.79815 1.79815 1.79815
0.817502 0.817502 0.817502 0.817502 0.817502 0.817502 0.822831 0.850472 0.880433 0.910393 0.940382 0.970342 1.00030 1.03029 1.06031 0.733867 0.311377 0.311377 0.311377 0.311377 0.311377 0.311377 0.311377 0.311377 0.311377 0.311377 0.311377 0.311377 0.311377 0.311377 0.311377 0.311377 0.311377 1.42658 1.79831 1.77866 1.71399 1.66516 1.62925 1.60255 1.59598 1.59598 1.59598 1.59598 1.59598 1.59598 1.59598 1.59598 1.64193 1.66337 1.66337 1.66337 1.66337 1.66337 1.66401 1.78038 1.79823 1.79822 1.79815 1.79815 1.79815 1.79815 1.79815 1.79815 1.79815 1.79815
0.916744 0.946760 0.976693 1.00666 1.03667 1.06660 1.09126 1.09364 1.09364 1.09364 1.09364 1.09364 1.09364 1.09364 1.09364 1.09364 0.311377 0.311377 0.311377 0.311377 0.311377 0.311377 0.311377 0.311377 0.311377 0.311377 0.311377 0.311377 0.311377 0.317984 0.372626 0.436811 0.500645 1.00820 1.79831 1.68032 1.59598 1.59598 1.59598 1.59598 1.59598 1.59598 1.59598 1.59598 1.59598 1.59598 1.59598 1.59598 1.62635 1.66337 1.66337 1.66337 1.66337 1.66337 1.66337 1.73268 1.79823 1.79823 1.79816 1.79815 1.79815 1.79815 1.79815 1.79815 1.79815 1.79815
1.09364 1.09364 1.09364 1.09364 1.09364 1.09364 1.09364 1.09364 1.09364 1.09364 1.09364 1.09364 1.09364 1.09364 1.09364 1.09364 0.311377 0.311377 0.311377 0.311377 0.311377 0.311377 0.311377 0.311377 0.317410 0.371605 0.435535 0.499464 0.563841 0.621068 0.630547 0.630547 0.630547 0.634374 1.79831 1.75804 1.59631 1.59598 1.59598 1.59598 1.59598 1.59598 1.59598 1.59598 1.59598 1.59598 1.59598 1.59598 1.60730 1.66337 1.66337 1.66337 1.66337 1.66337 1.65809 1.67815 1.79819 1.79817 1.79815 1.79815 1.79815 1.79815 1.79815 1.79815 1.79815 1.79815
1.09364 1.09364 1.09364 1.09364 1.09364 1.09364 1.09364 1.09364 1.09364 1.09364 1.09364 1.09364 1.09364 1.09364 1.09364 1.09364 0.311685 0.311377 0.311377 0.317027 0.370424 0.434258 0.498443 0.562564 0.620366 0.630547 0.630547 0.630547 0.630547 0.630547 0.630547 0.630547 0.630547 0.630547 1.78136 1.79831 1.61811 1.59598 1.59598 1.59598 1.59598 1.59598 1.59598 1.59598 1.59598 1.59598 1.59598 1.59598 1.59598 1.65794 1.65708 1.63789 1.61244 1.57736 1.54520 1.53089 1.74943 1.79815 1.79815 1.79815 1.79815 1.79815 0.00000 0.00000 0.00000 0.00000
1.09364 1.09364 1.09364 1.09364 1.09364 1.09364 1.09364 1.09364 1.09364 1.09364 1.09364 1.09364 1.09364 1.09364 1.09364 1.09364 0.987300 0.490390 0.561288 0.619632 0.630547 0.630547 0.630547 0.630547 0.630547 0.630547 0.630547 0.630547 0.630547 0.630547 0.630547 0.630547 0.630547 0.630547 1.24573 1.79831 1.66371 1.59598 1.59598 1.59662 1.60232 1.60859 1.61433 1.61959 1.62447 1.62896 1.62853 1.61586 1.60080 1.52156 1.39490 1.34887 1.10820 0.845086 0.582084 0.323248 0.236583 0.00000 0.00000 0.00000 0.00000 0.00000 0.00000 0.00000 0.00000 0.00000
1.09364 1.09364 1.09364 1.09364 1.09364 1.09364 1.09364 1.09364 1.09364 1.09364 1.09364 1.09364 1.09364 1.09364 1.09364 1.09364 1.09364 0.630547 0.630547 0.630547 0.630547 0.630547 0.630547 0.630547 0.630547 0.630547 0.630547 0.630547 0.630547 0.647877 0.725548 0.796496 0.863393 0.958056 1.20031 1.77683 1.73715 1.63852 1.64204 1.64505 1.64558 1.64558 1.64271 1.62883 1.61110 1.58925 1.57010 1.50580 1.37436 1.11146 0.477485 0.259262 0.236583 0.236583 0.236583 0.236583 0.236583 0.00000 0.00000 0.00000 0.00000 0.00000 0.00000 0.00000 0.00000 0.00000
1.09364 1.09364 1.09364 1.09364 1.09364 1.09364 1.09364 1.09364 1.09364 1.09364 1.09364 1.09364 1.09364 1.09364 1.09364 1.09364 1.09364 0.630547 0.630547 0.636949 0.706898 0.780632 0.842695 0.895749 0.941458 0.981321 1.01636 1.04754 1.07527 1.09581 1.09766 1.09766 1.09982 1.18444 1.25431 1.76479 1.77101 1.65548 1.64348 1.63032 1.61293 1.58956 1.55664 1.45033 1.32524 1.20444 1.08743 1.03087 1.03619 0.981987 0.525140 0.527421 0.541408 0.556876 0.571777 0.585950 0.629123 1.29691 1.30157 1.30157 1.30157 1.30157 1.30157 1.30157 1.30157 1.30157
1.09364 1.09364 1.09364 1.09364 1.09364 1.09364 1.09364 1.09364 1.09364 1.09364 1.08509 1.05430 1.02237 0.990443 0.958512 0.926582 0.948921 1.45732 1.06974 1.09290 1.09766 1.09766 1.09766 1.09766 1.09766 1.09766 1.12163 1.15530 1.15832 1.16131 1.16419 1.16701 1.16975 1.22180 1.24187 1.56564 1.62306 1.55360 1.48408 1.39312 1.30479 1.21745 1.13595 1.11898 1.11898 1.11898 1.11898 1.11898 1.11898 1.11726 0.834926 0.778346 0.769077 0.769077 0.769077 0.769077 0.769077 1.13357 1.30157 1.30157 1.30157 1.30157 1.30157 1.30157 1.30157 1.30157
1.09364 1.07913 1.04790 1.01600 0.984068 0.952138 0.920207 0.888247 0.856317 0.824416 0.801034 0.799888 0.799888 0.799888 0.799888 0.799888 0.801265 1.49402 1.14681 1.09766 1.09766 1.09766 1.09766 1.09766 1.09766 1.09766 1.12575 1.19030 1.19030 1.19030 1.19030 1.19030 1.19491 1.26348 1.34592 1.50274 1.56018 1.41767 1.12122 1.11898 1.11898 1.11898 1.11898 1.11898 1.11898 1.11898 1.11898 1.11898 1.11898 1.11898 0.924957 0.785871 0.769077 0.769077 0.769077 0.769077 0.769077 0.953264 1.30157 1.30157 1.30157 1.30157 1.30157 1.30157 1.30157 1.30157
0.00000 0.799888 0.799888 0.799888 0.799888 0.799888 0.799888 0.799888 0.799888 0.799888 0.799888 0.799888 0.799888 0.799888 0.799888 0.799888 0.799888 1.31155 1.24465 1.09766 1.09766 1.09766 1.09766 1.09766 1.09766 1.09766 1.10251 1.19345 1.22949 1.27567 1.32954 1.39350 1.45961 1.49496 1.56018 1.56018 1.56018 1.54229 1.13397 1.11898 1.11898 1.11898 1.11898 1.11898 1.11898 1.11898 1.11898 1.11898 1.11898 1.11898 1.00123 0.793408 0.769077 0.769077 0.769077 0.769077 0.769077 0.833281 1.30157 1.30157 1.30157 1.30157 1.30157 1.30157 1.30157 1.30157
0.00000 0.799888 0.799888 0.799888 0.799888 0.799888 0.799888 0.799888 0.799888 0.799888 0.799888 0.799888 0.799888 0.799888 0.799888 0.799888 0.799888 1.12771 1.38817 1.09766 1.09766 1.09766 1.10255 1.14712 1.21190 1.29453 1.40571 1.46738 1.47018 1.47018 1.47018 1.47018 1.47018 1.47482 1.55893 1.56018 1.56018 1.56018 1.22667 1.11898 1.11898 1.11898 1.11898 1.11898 1.11898 1.11898 1.11898 1.11898 1.11898 1.11898 1.06451 0.800958 0.769077 0.769077 0.769077 0.769077 0.769077 0.771001 1.21283 1.30157 1.30157 1.30157 1.30157 1.30157 1.30157 1.30157
0.00000 0.799888 0.799888 0.799888 0.799888 0.799888 0.799888 0.799888 0.799888 0.799888 0.799888 0.799888 0.799888 0.799888 0.799888 0.799888 0.799888 0.943854 1.55215 1.21852 1.29265 1.40270 1.53783 1.56478 1.56478 1.56478 1.56478 1.49358 1.47018 1.47018 1.47018 1.47018 1.47018 1.47018 1.54220 1.56018 1.56018 1.56018 1.35340 1.11898 1.11898 1.11898 1.11898 1.11856 1.10647 1.08915 1.07179 1.05445 1.03709 1.01975 0.995355 0.811178 0.771596 0.769077 0.786368 0.856735 0.951340 1.08000 1.27065 1.30157 1.30157 1.30157 1.30157 1.30157 1.30157 1.30157
0.00000 0.799888 0.799888 0.799888 0.799888 0.799888 0.799888 0.799888 0.799888 0.799888 0.799888 0.799888 0.799888 0.799888 0.799888 0.799888 0.799888 0.807231 1.51758 1.56478 1.56478 1.56478 1.56478 1.56478 1.56478 1.56478 1.56478 1.51109 1.47018 1.47018 1.47018 1.47018 1.47018 1.46418 1.48618 1.50518 1.47917 1.45319 1.38210 1.01602 0.995593 0.978252 0.960930 0.943968 0.938722 0.938722 0.938722 0.938722 0.938722 0.939261 0.974744 0.969883 1.01203 1.14543 1.29375 1.30157 1.30157 1.30157 1.30157 1.30157 1.30157 1.30157 1.30157 1.30157 1.30157 1.30157
0.00000 0.00000 0.799888 0.799888 0.799888 0.799888 0.799888 0.799888 0.799888 0.799888 0.799888 0.799888 0.799888 0.799888 0.799888 0.799888 0.799888 0.799888 1.34112 1.56478 1.56478 1.56478 1.56478 1.56125 1.49979 1.41767 1.33547 1.27285 1.27349 1.23247 1.19133 1.15035 1.10930 1.07428 1.14143 1.28979 1.28979 1.28979 1.28979 0.998894 0.938722 0.938722 0.938722 0.938722 0.938722 0.946675 0.999032 1.06735 1.14916 1.24655 1.28505 1.30972 1.31315 1.27266 1.26698 1.26131 1.25563 1.24995 1.24429 1.23861 1.23295 1.22721 1.22153 1.21583 1.21017 1.20449
0.00000 0.00000 0.799888 0.799888 0.799888 0.799888 0.799888 0.799888 0.799888 0.799888 0.799888 0.799888 0.799888 0.799888 0.810546 0.844982 0.880227 0.915473 1.08245 1.10977 1.02773 0.945694 0.863496 0.784900 0.764411 0.764411 0.764411 0.774923 1.03955 1.03953 1.03596 1.03233 1.02877 1.02513 1.04123 1.23728 1.23415 1.23055 1.22694 1.03892 0.892014 0.912458 0.967130 1.03217 1.11040 1.19051 1.19816 1.19456 1.19099 1.18858 1.18855 1.18581 1.15131 1.10573 1.10573 1.10573 1.10573 1.10573 1.10573 1.10573 1.10573 1.10573 1.10573 1.10573 1.10573 1.10573
0.00000 0.00000 0.799888 0.799888 0.799888 0.816344 0.851623 0.886868 0.922114 0.957360 0.992638 1.02788 1.06313 1.09841 1.12299 1.12384 1.12384 1.12384 1.04230 0.764411 0.764411 0.764411 0.764411 0.764411 0.764411 0.764411 0.764411 0.764411 0.942682 0.968754 0.968754 0.968754 0.968754 0.968754 0.968754 1.15556 1.18855 1.18855 1.18855 1.15591 1.13196 1.18840 1.18855 1.18855 1.18855 1.18855 1.18855 1.18855 1.18855 1.18855 1.18855 1.18797 1.16528 1.10573 1.10573 1.10573 1.10573 1.10573 1.10573 1.10573 1.10573 1.10573 1.10573 1.10573 1.10573 1.10573
0.00000 0.00000 0.914975 1.06847 1.10502 1.12384 1.12384 1.12384 1.12384 1.12384 1.12384 1.12384 1.12384 1.12384 1.12384 1.12384 1.12384 1.12384 1.11532 0.777712 0.764411 0.764411 0.764411 0.764411 0.764411 0.764411 0.764411 0.764411 0.912022 0.968754 0.968754 0.968754 0.968754 0.968754 0.968754 1.10334 1.18855 1.18855 1.18855 1.18855 1.18855 1.18855 1.18855 1.18855 1.18855 1.18855 1.18855 1.18855 1.18855 1.18855 1.18855 1.18855 1.17751 1.11151 1.10573 1.10573 1.10573 1.10573 1.10573 1.10573 1.10573 1.10573 1.10573 1.10573 1.10573 1.10573
