High_resolution/powerplant/Chizhou/OMI_NO2_200804.asc
ncols      200
nrows      200
xllcorner       115.585
yllcorner       28.7700
cellsize     0.0166667
NODATA_Value      -999.000
[rows 87 to 115 of 187, columns 0 to 66 of 200]
1.93577 1.93577 1.93577 1.93577 1.93577 1.93982 1.98464 2.03976 2.09504 2.15063 1.98095 1.71386 1.64579 1.66813 1.77323 1.89730 1.78147 1.77251 1.81598 2.04185 2.04185 2.04185 2.04185 2.04185 2.04185 2.04185 2.06322 2.06961 2.06961 2.06961 2.16975 2.34653 2.34653 2.34653 2.34653 2.34653 2.34653 2.34653 2.34653 2.34653 2.34653 2.39369 2.94123 3.10757 2.99178 3.00648 3.00648 3.00648 3.00648 3.00648 3.00648 3.00648 3.00648 3.00648 3.00648 3.00648 3.00648 3.00177 2.85746 2.78977 2.78086 2.77204 2.76317 2.75432 3.51669 4.07793 4.11669
2.19872 2.25771 2.31718 2.37615 2.43564 2.49058 2.50510 2.50906 2.51310 2.51674 2.42240 1.95027 1.83701 1.77241 1.80234 1.89879 1.81558 1.77251 1.77426 2.02517 2.04185 2.04185 2.04185 2.04185 2.04185 2.04239 2.08618 2.15045 2.20713 2.27139 2.33585 2.34653 2.34653 2.34653 2.33717 2.31493 2.29277 2.29142 2.37337 2.46400 2.55463 2.66003 2.98871 3.15983 2.99427 2.89382 2.88499 2.87614 2.86728 2.85843 2.84958 2.84074 2.83183 2.82296 2.81411 2.80527 2.79640 2.79229 2.70405 2.59802 2.59802 2.59802 2.59718 2.59521 3.16934 4.11661 4.06828
2.51739 2.51739 2.51739 2.51739 2.51739 2.51739 2.51739 2.51739 2.51739 2.51739 2.51535 1.99985 1.89192 1.77241 1.78698 1.93247 1.91502 1.83844 1.85872 1.93772 1.92688 1.92330 1.94431 1.96835 1.99556 2.02581 2.03335 2.03817 2.01601 1.99390 1.97165 1.94949 1.92738 1.91000 1.98165 2.09446 2.20723 2.29920 2.30789 2.30789 2.30789 2.44430 2.73883 3.04050 2.96508 2.79229 2.79229 2.79229 2.79229 2.79229 2.79229 2.79229 2.78885 2.74818 2.69743 2.64660 2.59585 2.54506 2.50545 2.58382 2.58184 2.57987 2.58042 2.61515 2.91508 4.26349 4.12740
2.63469 2.66184 2.68889 2.71603 2.74308 2.77018 2.79727 2.82437 2.85146 2.87851 2.90566 2.55562 2.38387 2.13694 2.14575 2.35751 2.39603 2.21182 2.24942 2.04582 1.82799 1.85493 1.85544 1.85544 1.85544 1.85544 1.85705 1.89168 1.89246 1.89246 1.94609 2.05880 2.17158 2.27955 2.30789 2.30789 2.30789 2.30789 2.30789 2.30789 2.30789 2.39379 2.61737 3.03014 2.97521 2.69696 2.63285 2.58211 2.53136 2.48057 2.42978 2.37899 2.33168 2.32156 2.32156 2.32156 2.32156 2.32156 2.32595 2.59299 2.65286 2.70044 2.74640 2.75925 2.77196 4.22804 4.14380
3.00738 3.00738 3.00738 3.00738 3.00738 3.00738 3.00738 3.00738 3.00738 2.99743 2.95981 2.72239 2.43155 2.31013 2.31520 2.56175 2.77453 2.60682 2.44038 2.26693 1.85544 1.85544 1.85544 1.85544 1.85544 1.85544 1.87991 2.01474 2.13598 2.24869 2.30784 2.30789 2.30789 2.30789 2.30284 2.25735 2.20310 2.14885 2.09465 2.04030 1.98615 1.96717 2.11692 2.52166 2.56977 2.40858 2.32156 2.32156 2.32156 2.32156 2.32156 2.32156 2.32156 2.32156 2.32156 2.33867 2.38573 2.43333 2.48089 2.68909 2.75925 2.75925 2.75925 2.75925 2.75925 3.91674 4.39714
3.00738 3.00738 3.00738 3.00738 3.00438 2.97151 2.93526 2.90323 2.87483 2.85504 2.85380 2.78527 2.42845 2.42845 2.42845 2.57330 2.77351 2.75656 2.44038 2.39203 1.85638 1.85544 1.86205 1.95053 2.06324 2.17601 2.25957 2.23819 2.16122 2.10688 2.05272 1.99842 1.94422 1.88997 1.84072 1.83201 1.83201 1.83201 1.83201 1.83201 1.83201 1.83302 2.05472 2.39653 2.56977 2.48980 2.32156 2.32156 2.32156 2.32156 2.32156 2.33129 2.37582 2.42340 2.47104 2.50151 2.50207 2.50207 2.50207 2.62685 2.75925 2.75925 2.75925 2.75925 2.75925 3.59293 4.33986
2.98373 2.94597 2.91271 2.88326 2.85869 2.85380 2.85380 2.85380 2.85380 2.85380 2.85380 2.85278 2.46788 2.42845 2.42845 2.50967 2.77351 2.84359 2.46582 2.48455 2.08348 2.11010 2.20874 2.22549 2.21794 2.21047 2.20759 2.10368 1.83201 1.83201 1.83201 1.83201 1.83201 1.83201 1.83201 1.83201 1.83201 1.83201 1.83201 1.83201 1.83201 1.83201 2.00523 2.27440 2.56977 2.56024 2.33235 2.32596 2.36587 2.41347 2.46111 2.49898 2.50207 2.50207 2.50207 2.50207 2.50207 2.50207 2.50207 2.56459 2.75925 2.75925 2.75925 2.75925 2.75925 3.26924 4.31237
2.85380 2.85380 2.85380 2.85380 2.85380 2.85380 2.85380 2.85380 2.85380 2.86861 2.91974 2.97243 2.62757 2.40355 2.39789 2.41554 2.71759 2.73537 2.78565 2.79253 2.41222 2.20759 2.20759 2.20759 2.20759 2.20759 2.20759 2.18991 1.83877 1.83201 1.83201 1.83201 1.83201 1.83201 1.83201 1.83201 1.83201 1.83201 1.83201 1.83201 1.83201 1.83201 1.95476 2.15283 2.60341 2.65484 2.53602 2.49436 2.50207 2.50207 2.50207 2.50207 2.50207 2.50207 2.50207 2.50207 2.50207 2.50207 2.50207 2.50996 2.75161 2.75925 2.75925 2.75925 2.75896 2.94217 4.22632
2.82742 2.84026 2.88964 2.94076 2.99195 3.04357 3.09476 3.14587 3.19703 3.23333 3.23339 3.23180 2.86563 2.33391 2.33232 2.33074 2.65600 2.71098 2.82618 2.79253 2.53829 2.20759 2.20759 2.20759 2.20759 2.20759 2.20759 2.20759 1.91409 1.83201 1.83201 1.83201 1.83201 1.83201 1.83201 1.83201 1.83201 1.83201 1.83201 1.83201 1.85305 1.92630 2.06238 2.24012 2.71220 2.75350 2.66541 2.49395 2.49285 2.49175 2.49066 2.48956 2.48846 2.48736 2.48626 2.48515 2.48406 2.48296 2.48186 2.48076 2.67486 2.73574 2.73464 2.73354 2.73273 2.73301 3.27859
3.18442 3.21713 3.21890 3.21890 3.21890 3.21890 3.21890 3.21890 3.21890 3.21890 3.21890 3.21890 3.07799 2.32421 2.32421 2.32421 2.56605 2.71024 2.79241 2.79752 2.66006 2.24476 2.27071 2.29660 2.32244 2.34828 2.37417 2.40001 2.22533 2.07616 2.10205 2.12795 2.15389 2.17968 2.20552 2.23146 2.26451 2.33617 2.41351 2.49081 2.54698 2.55115 2.52245 2.23416 2.56991 2.73285 2.72104 2.48492 2.47551 2.47551 2.47551 2.47551 2.47551 2.47551 2.47551 2.47551 2.46798 2.41125 2.34579 2.28039 2.44418 2.65878 2.64464 2.63047 2.61632 2.61201 3.09829
3.28010 3.21890 3.21076 3.19123 3.17166 3.15209 3.13245 3.11296 3.09328 3.07378 3.05418 3.03450 3.01320 2.18528 2.08121 2.06150 2.16504 2.30416 2.25603 2.28884 2.33293 2.72638 2.73709 2.73709 2.73709 2.73709 2.73709 2.73709 2.62951 2.36151 2.36151 2.36151 2.36276 2.39856 2.44997 2.50139 2.54554 2.55115 2.55115 2.55115 2.55115 2.55115 2.55115 2.27293 2.44778 2.73285 2.73285 2.53991 2.39429 2.32894 2.26335 2.19789 2.13243 2.06696 2.00162 1.93603 1.87809 1.86936 1.86936 1.86936 2.06852 2.59710 2.65555 2.73335 2.81116 2.87914 3.18997
3.03191 2.87664 2.86504 2.86504 2.86504 2.86504 2.86504 2.86504 2.86504 2.86504 2.86504 2.86504 2.87242 2.26984 1.91243 1.88141 1.91747 2.16110 2.16110 2.21398 2.32071 2.64794 2.73709 2.73709 2.73709 2.73709 2.73709 2.73709 2.71711 2.38817 2.43396 2.48538 2.53556 2.55115 2.55115 2.55115 2.55115 2.55115 2.56462 2.62705 2.69394 2.76076 2.82764 2.68365 2.60105 2.24187 2.17647 2.03863 1.86936 1.86936 1.86936 1.86936 1.86936 1.86936 1.86936 1.86936 1.86936 1.86965 1.91509 1.99289 2.10606 2.85787 2.88875 2.88875 2.88875 2.88875 3.06451
3.14347 2.86512 2.86504 2.86504 2.86504 2.86504 2.86504 2.86756 2.89019 2.91975 2.95307 2.99092 3.02107 2.53923 1.82945 1.82945 1.85114 2.16110 2.16110 2.16348 2.31027 2.55766 2.73709 2.73709 2.73709 2.74629 2.79356 2.84496 2.89639 2.63458 2.61118 2.67795 2.74477 2.81171 2.87848 2.94542 3.01213 3.07913 3.13236 3.13681 3.13681 3.13681 3.13681 2.99340 2.81423 2.17437 2.12670 2.11309 1.87736 1.86936 1.86936 1.86936 1.86936 1.86936 1.89951 1.97673 2.05456 2.13204 2.16441 2.16441 2.16441 2.73728 2.88875 2.88875 2.88875 2.88875 2.93975
3.28885 2.88590 2.86527 2.88161 2.91015 2.94227 2.97857 3.01564 3.02236 3.02236 3.02236 3.02236 3.02236 2.83746 1.82945 1.82945 1.82945 2.11183 2.16110 2.16110 2.26899 2.47318 2.79273 2.85596 2.91917 2.97322 2.98917 3.00099 3.01280 3.08206 3.13681 3.13681 3.13681 3.13681 3.13681 3.13681 3.13681 3.13681 3.13681 3.13681 3.13681 3.13681 3.13681 3.06092 2.81964 2.33863 2.12670 2.12670 1.94841 1.86936 1.88700 1.96062 2.03842 2.11623 2.16388 2.16441 2.16441 2.16441 2.16441 2.16441 2.16441 2.56193 2.88875 2.88875 2.88875 2.88875 2.88875
3.41926 2.99050 3.00614 3.02236 3.02236 3.02236 3.02236 3.02236 3.02236 3.02236 3.02236 3.02236 3.02182 2.95181 1.93420 1.86088 1.87270 2.10193 2.26142 2.27915 2.37501 2.65238 3.02570 3.02570 3.02570 3.02570 3.02570 3.02570 3.02570 3.05857 3.13681 3.13681 3.13681 3.13681 3.13681 3.13681 3.13681 3.13681 3.13681 3.13681 3.13681 3.13681 3.13681 3.12362 2.82436 2.50833 2.12674 2.12716 2.08663 2.10006 2.16028 2.16441 2.16441 2.16441 2.16441 2.16441 2.16441 2.16441 2.16441 2.16441 2.16441 2.38662 2.88875 2.88875 2.88875 2.88875 2.88875
3.57777 3.08749 3.06820 3.07359 3.07801 3.01239 2.90419 2.79624 2.68782 2.57935 2.47159 2.36285 2.25522 2.21523 2.10116 2.04401 2.04937 2.16053 2.30955 2.30955 2.31403 2.59045 2.99111 3.02570 3.02570 3.02570 3.02570 3.02570 3.02570 3.03232 3.13557 3.13681 3.13681 3.13681 3.13681 3.13681 3.13681 3.13681 3.13681 3.13681 3.13681 3.13681 3.13682 3.13711 2.87941 2.67921 2.12845 2.12853 2.13084 2.16340 2.16418 2.16410 2.16403 2.16395 2.16387 2.16380 2.16372 2.16365 2.16357 2.16350 2.16342 2.21492 2.88284 2.88754 2.88746 2.88739 2.88731
3.19185 2.75511 2.57057 2.45684 2.34466 2.30152 2.30152 2.30152 2.30152 2.30152 2.30152 2.30152 2.30152 2.30152 2.22738 2.11962 2.11962 2.16171 2.30955 2.30955 2.30955 2.51251 2.90154 3.02570 3.02570 3.02570 3.02490 3.01843 3.01088 3.00333 3.08474 3.09934 3.09180 3.08423 3.07667 3.06910 3.06157 3.05400 3.04645 3.03907 3.03199 3.02496 3.01789 3.01053 2.89182 2.81037 2.16418 2.12673 2.12672 2.15233 2.16258 2.16258 2.16258 2.16258 2.16258 2.16258 2.16258 2.16258 2.16258 2.16258 2.16638 2.18599 2.86087 3.06104 3.11516 3.16939 3.22351
2.44762 2.36042 2.30152 2.30152 2.30152 2.30152 2.30152 2.30152 2.30234 2.30403 2.30569 2.30737 2.30904 2.31073 2.28374 2.13216 2.13384 2.14930 2.33591 2.33842 2.34095 2.44017 2.76595 2.89427 2.88672 2.87913 2.87239 2.87131 2.87131 2.87131 2.93278 2.98243 2.98243 2.98243 2.98243 2.98248 2.98291 2.98341 2.98391 2.98426 2.98427 2.98427 2.98427 2.98427 2.91989 2.81965 2.32432 2.12672 2.12672 2.14055 2.16258 2.17022 2.19125 2.21251 2.23376 2.25505 2.27634 2.29758 2.31889 2.34018 2.35763 2.35932 2.97458 3.41856 3.41798 3.41399 3.40944
2.44762 2.40055 2.32254 2.32421 2.32588 2.32756 2.32923 2.33090 2.33176 2.33176 2.33176 2.33176 2.33176 2.33176 2.33138 2.16661 2.14985 2.14985 2.32631 2.35491 2.35491 2.35949 2.68610 2.87131 2.87131 2.87131 2.87131 2.87131 2.87131 2.87131 2.90528 2.98244 2.98275 2.98325 2.98375 2.98420 2.98427 2.98427 2.98427 2.98427 2.98427 2.98427 2.96924 2.92746 2.85570 2.67842 2.43328 2.24572 2.26697 2.29088 2.34484 2.35908 2.35932 2.35932 2.35932 2.35932 2.35932 2.35932 2.35932 2.35932 2.35912 2.35568 2.71029 3.40583 3.40187 3.40131 3.40131
2.44363 2.43686 2.33223 2.33176 2.33176 2.33176 2.33176 2.33176 2.33176 2.33176 2.33176 2.33176 2.33176 2.33176 2.33176 2.21170 2.14985 2.14985 2.27551 2.35491 2.35491 2.35491 2.56548 2.86981 2.87131 2.87131 2.87131 2.87131 2.87149 2.87198 2.87988 2.98316 2.98427 2.97681 2.93806 2.89585 2.85360 2.81146 2.76917 2.72703 2.68477 2.64260 2.61541 2.61493 2.61280 2.45763 2.42176 2.32345 2.32345 2.32345 2.34960 2.35932 2.35932 2.35932 2.35932 2.35932 2.35930 2.35662 2.35207 2.34753 2.34318 2.34207 2.44640 3.40004 3.40131 3.40131 3.40131
2.36818 2.44762 2.34494 2.33176 2.33176 2.33176 2.33176 2.33176 2.33176 2.33176 2.33176 2.33176 2.33176 2.33176 2.33176 2.25706 2.14985 2.14985 2.23286 2.35491 2.35491 2.35491 2.45147 2.83408 2.87140 2.87921 2.89279 2.90638 2.91980 2.93288 2.94599 2.75221 2.65316 2.61837 2.61493 2.61493 2.61493 2.61493 2.61493 2.61493 2.61493 2.61493 2.61493 2.61493 2.61493 2.49022 2.44757 2.32868 2.32345 2.32345 2.33783 2.35932 2.35932 2.35753 2.35301 2.34846 2.34393 2.34207 2.34207 2.34207 2.34207 2.34207 2.34207 3.24851 3.40131 3.40131 3.40131
2.24063 2.44762 2.36545 2.33176 2.33176 2.33176 2.33176 2.33176 2.33176 2.33176 2.33176 2.33176 2.33176 2.33176 2.33176 2.30220 2.15108 2.16208 2.22475 2.41251 2.43214 2.45178 2.47569 2.86606 2.97692 2.98271 2.98271 2.98271 2.98271 2.98271 2.98271 2.77502 2.61493 2.61493 2.61493 2.61493 2.61493 2.61493 2.61493 2.61493 2.61493 2.61493 2.61493 2.61493 2.61493 2.52496 2.45032 2.35689 2.32345 2.33991 2.41705 2.35280 2.34485 2.34210 2.34207 2.34207 2.34207 2.34207 2.34207 2.34207 2.34207 2.34207 2.34207 2.99234 3.40131 3.40131 3.40131
2.06436 2.44762 2.38970 2.33176 2.33300 2.33830 2.34402 2.34994 2.34952 2.30727 2.25678 2.20530 2.15250 2.09869 2.04415 1.98800 2.28800 2.33256 2.35987 2.51924 2.51924 2.51924 2.51924 2.78753 2.98271 2.98271 2.98271 2.98271 2.98271 2.98271 2.98271 2.86553 2.61493 2.61493 2.61493 2.61493 2.61493 2.61493 2.61493 2.61493 2.61493 2.61493 2.61493 2.61493 2.61493 2.56410 2.51745 2.53575 2.55202 2.61630 2.62157 2.41244 2.34207 2.34207 2.34207 2.34515 2.35043 2.35568 2.36090 2.36616 2.37141 2.37668 2.38194 2.78138 3.45165 3.45690 3.46219
2.24325 2.90618 2.68335 2.38217 2.30943 2.23025 2.15077 2.07174 2.00112 1.99041 1.99041 1.99041 1.99041 1.99041 1.99041 1.99041 2.34076 2.51924 2.51924 2.51924 2.51924 2.51924 2.51924 2.65890 2.98271 2.98271 2.98271 2.98271 2.98271 2.98271 2.98271 2.95425 2.61685 2.61336 2.60960 2.60588 2.60215 2.59842 2.59469 2.59096 2.58722 2.58350 2.62217 2.69917 2.77614 2.83879 2.82950 2.80331 2.71312 2.71835 2.72363 2.61117 2.45463 2.45987 2.46511 2.46729 2.46729 2.46729 2.46729 2.46729 2.46729 2.46729 2.46729 2.60562 3.53177 3.55788 3.58617
0.00000 1.88079 1.88327 1.98759 1.99041 1.99041 1.99041 1.99041 1.99041 1.99041 1.99041 1.99041 1.99041 1.99041 1.98913 1.98651 2.20206 2.51016 2.50755 2.50496 2.50235 2.49976 2.49716 2.50518 2.92255 2.93408 2.93035 2.92660 2.92287 2.91914 2.91541 2.91168 2.60409 2.53802 2.53802 2.53802 2.53802 2.53802 2.55888 2.63643 2.71713 2.79783 2.83613 2.83613 2.83613 2.83616 2.87028 2.86958 2.75047 2.74679 2.74679 2.71834 2.46922 2.46729 2.46729 2.49801 2.57923 2.66113 2.74303 2.82494 2.90681 2.98883 3.07077 3.15292 3.73717 3.80369 3.80369
0.00000 1.88079 1.88079 1.95898 1.96867 1.96606 1.96346 1.96087 1.95826 1.95567 1.95307 1.95047 1.94787 1.94526 1.94396 1.94396 2.02956 2.47279 2.47279 2.47279 2.47279 2.47279 2.47279 2.47279 2.80735 2.90579 2.90579 2.90579 2.90579 2.90579 2.90579 2.90579 2.69251 2.53802 2.54487 2.61168 2.70804 2.78527 2.83297 2.83613 2.83613 2.83613 2.83613 2.83613 2.83613 2.83613 2.85845 2.86177 2.92308 3.04187 3.12382 3.20568 3.07302 3.08999 3.17193 3.22323 3.22391 3.22391 3.22391 3.22391 3.22391 3.22391 3.22391 3.21744 3.55562 3.71720 3.67513
0.00000 1.88079 1.88079 1.92422 1.94396 1.94396 1.94396 1.94396 1.94396 1.94396 1.94396 1.94396 1.94396 1.94396 1.94396 1.94396 1.94523 2.42393 2.47279 2.47279 2.47279 2.47279 2.47279 2.47279 2.69489 2.90579 2.90579 2.90579 2.90579 2.90579 2.90624 2.95475 2.91623 2.78271 2.87087 2.89976 2.90878 2.88122 2.82590 2.81791 2.80992 2.80192 2.79393 2.78595 2.77795 2.76995 2.78408 2.80338 3.16384 3.50341 3.50341 3.50341 3.37999 3.22391 3.22391 3.22391 3.22391 3.22391 3.22391 3.22132 3.18808 3.14597 3.10390 3.06826 3.30060 3.64387 3.64387
0.00000 1.88079 1.88079 1.91034 1.94396 1.94396 1.94396 1.94396 1.94396 1.94396 1.94396 1.94396 1.94396 1.94396 1.94396 1.94396 1.94396 2.29299 2.47279 2.47279 2.47279 2.47279 2.47279 2.47279 2.57032 2.89753 2.90579 2.93161 3.01337 3.12133 3.22059 3.26728 3.25612 2.87973 2.87242 2.86642 2.86044 2.84925 2.76677 2.76586 2.76586 2.76586 2.76586 2.76586 2.76586 2.76586 2.77611 2.80338 2.99346 3.50341 3.50341 3.50341 3.47027 3.22489 3.22391 3.22345 3.19661 3.15457 3.11242 3.07295 3.06409 3.06409 3.06409 3.06409 3.16104 3.64387 3.64387
0.00000 0.00000 1.88079 1.89103 1.94393 1.94396 1.94396 1.94396 1.94396 1.94396 1.94396 1.94396 1.94396 1.94396 1.94396 1.94396 1.94396 2.16078 2.47279 2.47279 2.48566 2.53541 2.58742 2.63943 2.72370 3.17391 3.33449 3.39235 3.40096 3.40192 3.40192 3.40192 3.40192 2.94272 2.85612 2.85612 2.85612 2.85612 2.79186 2.76586 2.81322 2.92939 2.76586 2.76586 2.76586 2.76586 2.76832 2.80320 2.83554 3.49081 3.50341 3.50341 3.42795 3.17447 3.12100 3.07937 3.06409 3.06409 3.06409 3.06409 3.06409 3.06409 3.06409 3.06409 3.06668 3.59871 3.64387
