High_resolution/powerplant/Chizhou/OMI_NO2_201110.asc
ncols      200
nrows      200
xllcorner       115.585
yllcorner       28.7700
cellsize     0.0166667
NODATA_Value      -999.000
[rows 87 to 115 of 165, columns 67 to 133 of 200]
6.93648 6.93648 6.93648 6.93648 6.94109 7.06553 7.24282 7.42019 7.59755 7.69244 7.69251 7.66904 7.58662 8.57275 11.0690 17.1823 17.5983 17.6228 17.6228 17.6228 17.6228 17.6228 17.6228 17.6228 17.6228 17.6228 17.6228 17.6228 17.6228 17.6228 17.6228 15.4680 12.0576 12.9213 13.4407 13.4407 13.4407 13.4407 13.3391 12.8555 12.3356 11.8159 11.2978 11.0783 11.0783 11.0783 11.0783 11.0712 10.1651 10.0803 10.0748 9.65806 8.11554 6.51485 5.84435 5.17422 4.64620 4.60544 4.60544 4.60544 4.60544 4.60544 4.60544 4.60544 5.05937 5.17773 5.17773
6.95780 7.11226 7.28947 7.46691 7.63959 7.69251 7.67019 7.58832 7.50254 7.41736 7.33230 7.27021 7.26723 7.75618 9.31785 17.0983 17.6228 17.6228 17.6228 17.6228 17.6228 17.6228 17.6228 17.6228 17.6228 17.6228 17.6228 17.6228 17.6228 17.6228 17.6228 17.0432 12.0754 12.4947 13.0925 12.5728 12.0526 11.5329 11.1147 11.0783 11.0783 11.0783 11.0783 11.0783 11.0783 11.0078 10.5438 10.0187 8.55211 7.32638 6.66176 6.40840 6.07665 4.60544 4.60544 4.60544 4.60544 4.60544 4.60544 4.60544 4.60544 4.60544 4.60544 4.60544 4.89900 5.17773 5.17773
7.66953 7.67108 7.58917 7.50411 7.41897 7.33315 7.27042 7.26723 7.26723 7.26723 7.26723 7.26723 7.26723 7.30048 9.04463 14.7963 17.6228 17.6228 17.6228 17.6228 17.6228 17.6228 17.6228 17.6228 17.6228 17.6228 17.6228 17.6228 17.6228 17.6560 17.8382 18.0383 13.7065 12.7814 11.1327 11.0783 11.0783 11.0783 11.0783 11.0783 10.8968 10.3792 9.85416 9.32935 8.80454 8.35056 8.28976 8.28976 7.62198 6.40840 6.40840 6.40840 6.40497 4.81801 4.60544 4.60544 4.60544 4.60544 4.60544 4.60544 4.60544 4.60544 4.60544 4.60544 4.68093 4.88659 4.64104
7.33485 7.27093 7.26723 7.26723 7.26723 7.26723 7.26723 7.26723 7.26723 7.26723 7.26723 7.26723 7.26723 7.26723 8.49554 12.3476 17.6228 17.6228 17.6228 17.6228 17.6228 17.6228 17.6228 17.6228 17.6228 17.7194 17.9195 18.1196 18.3196 18.4864 18.5043 18.5043 15.5664 12.9391 11.6022 10.7398 10.2150 9.69019 9.16538 8.64057 8.29729 8.28976 8.28976 8.28976 8.28976 8.28976 8.28976 8.28976 8.13903 6.42514 6.40840 6.40840 6.40840 5.35628 4.60544 4.60544 4.60544 4.60544 4.60544 4.58731 4.38841 4.14263 3.89697 3.65119 3.47184 3.98720 4.02331
7.26723 7.26723 7.26723 7.26723 7.26723 7.26723 7.26723 7.26723 7.26723 7.26723 7.26723 7.26723 7.26723 7.26723 7.91321 9.95063 17.5721 17.6228 17.6228 17.6228 17.6381 17.8007 18.0009 18.2010 18.4009 18.5043 18.5043 18.5043 18.5043 18.4569 17.8914 17.1848 15.2360 10.8619 9.57574 8.28976 8.28976 8.28976 8.28976 8.28976 8.28976 8.28976 8.28976 8.28976 8.28976 8.28976 8.28976 8.28976 8.28976 6.80791 6.40840 6.40840 6.40840 5.89816 4.60463 4.46217 4.21663 3.97074 3.72508 3.49765 3.45102 3.45102 3.45102 3.45102 3.45102 3.83528 4.02331
7.26723 7.26723 7.26723 7.26723 7.26723 7.26723 7.26723 7.26723 7.26723 7.26723 7.26723 7.26723 7.26723 7.26723 7.37502 9.12709 15.9665 17.8821 18.0822 18.2824 18.4670 18.5043 18.5043 18.5043 18.4055 17.7769 17.0703 16.3640 15.6570 14.9978 14.8563 14.8563 14.7768 10.4432 9.94216 8.29516 8.28976 8.28976 8.28976 8.28976 8.28976 8.28976 8.28976 8.28976 8.28976 8.28976 8.28976 8.28976 8.28976 7.34205 6.26311 5.62604 4.94934 4.23614 3.54896 3.45102 3.45102 3.45102 3.45102 3.45102 3.45102 3.45102 3.45102 3.45102 3.45111 3.63902 3.69711
7.26723 7.26723 7.26723 7.26723 7.26723 7.26723 7.26723 7.26723 7.26723 7.26723 7.26723 7.27012 7.60577 8.16798 8.73026 9.74663 14.3321 18.5043 18.5043 18.3358 17.6631 16.9557 16.2498 15.5421 14.9347 14.8563 14.8563 14.8563 14.8563 14.8563 14.8563 14.8563 14.8563 11.7100 10.1505 8.65057 8.28976 8.28976 8.28976 8.28976 8.28976 8.28976 8.28976 8.28976 8.28976 8.27686 7.81949 7.14248 6.46579 5.37522 3.37663 3.33670 3.33670 3.33670 3.41499 3.45102 3.45102 3.45102 3.45102 3.45934 3.50883 3.56412 3.61923 3.67429 3.72946 3.65377 2.85850
7.26723 7.26723 7.26723 7.26723 7.26723 7.26723 7.26723 7.30714 7.76052 8.32279 8.88507 9.44446 9.67115 9.67115 9.63833 9.68886 11.3896 16.1349 15.4279 14.8902 14.8563 14.8563 14.8563 14.8563 14.8563 14.8563 14.8563 14.8563 14.8563 14.8563 14.8563 14.8563 14.8563 13.0607 10.1505 9.21457 8.28976 8.28976 8.28976 8.28976 8.28976 8.10731 7.45457 6.77757 6.10064 5.43738 5.21806 5.21806 5.21806 5.19775 3.47679 3.33670 3.33670 3.33673 3.41062 3.53608 3.59113 3.64619 3.70154 3.74827 3.75384 3.75384 3.75384 3.75384 3.75384 3.75384 3.01019
7.26723 7.26723 7.26723 7.38695 7.91533 8.47761 9.03988 9.56225 9.67115 9.63833 9.52923 9.41704 9.30485 9.19267 9.11329 9.15403 9.53983 14.4207 14.8563 14.8563 14.8563 14.8563 14.8563 14.8563 14.8563 14.8563 14.8563 14.8563 14.8563 14.8563 14.8563 14.8563 14.8563 14.3876 10.1696 9.77838 8.26458 7.76604 7.08965 6.41265 5.73595 5.24202 5.21806 5.21806 5.21806 5.21806 5.21806 5.21806 5.18449 4.92110 3.83256 3.50383 3.55912 3.61418 3.65030 3.75313 3.75384 3.75384 3.75384 3.75384 3.75384 3.75384 3.75384 3.75384 3.75384 3.75384 3.26234
7.87838 8.63218 9.19493 9.63725 9.63917 9.53035 9.41817 9.30598 9.19340 9.11329 9.11021 9.11021 9.11021 9.11021 9.11021 9.11021 9.41796 12.9180 14.8563 14.8563 14.8563 14.8563 14.8563 14.8563 14.8563 14.8563 14.8563 14.8563 14.8563 14.8563 14.8563 14.8563 14.7764 14.4695 10.3438 9.11550 5.77084 5.21806 5.21806 5.21806 5.21806 5.21806 5.21806 5.12630 4.82706 4.51966 4.21260 3.90553 3.63171 3.58819 3.60698 3.63952 3.63952 3.63952 3.63952 3.72978 3.75384 3.75384 3.75384 3.75384 3.75384 3.75384 3.75384 3.75384 3.75384 3.75384 3.51413
8.86355 9.41817 9.30598 9.19379 9.11357 9.11021 9.11021 9.11021 9.11021 9.11021 9.11021 9.11021 9.11021 9.11021 9.11021 9.11021 9.30136 11.3657 14.8563 14.8563 14.8563 14.8563 14.8563 14.8563 14.8563 14.8563 14.8563 14.8540 14.6580 14.3373 14.0167 13.6961 13.4556 13.4417 10.9834 8.73598 6.64000 5.21725 5.04008 4.73285 4.42578 4.11855 3.81149 3.59602 3.58819 3.58819 3.58819 3.58819 3.58819 3.58819 3.59275 3.63923 3.63952 3.63952 3.63952 3.69568 3.75384 3.75384 3.75384 3.75384 3.75384 3.75384 3.74238 3.64717 3.53524 3.42331 3.28571
8.70190 9.11021 9.11021 9.11021 9.11021 9.11021 9.11021 9.11021 9.11021 9.11021 9.11021 9.11021 9.11021 9.11021 9.11021 9.11021 9.18478 9.88058 14.7898 14.8563 14.8563 14.8563 14.8563 14.8112 14.5257 14.2052 13.8845 13.5663 13.4417 13.4417 13.4417 13.4417 13.4106 12.9491 11.3385 7.84949 6.50781 3.71826 3.58819 3.58819 3.58819 3.58819 3.58819 3.58819 3.58819 3.58819 3.58819 3.58819 3.58819 3.58819 3.58819 3.62922 3.63952 3.63952 3.63952 3.66154 3.75384 3.75263 3.68153 3.56950 3.45752 3.34564 3.24512 3.22835 3.22835 3.22835 3.22835
8.58482 9.09871 9.11021 9.11021 9.11021 9.11021 9.11021 9.11021 9.11021 9.11021 9.11021 9.11021 9.11021 9.11021 9.11021 9.11021 9.11135 9.44869 13.6262 14.7137 14.3936 14.0729 13.7525 13.4769 13.4417 13.4417 13.4417 13.3733 12.8563 12.2583 11.6606 11.0623 10.4960 10.3592 10.3101 7.31613 6.98614 3.73454 3.58819 3.58819 3.58819 3.58819 3.58819 3.58819 3.58819 3.58819 3.58819 3.58819 3.58819 3.58819 3.58819 3.61472 3.63952 3.62394 3.56997 3.51461 3.39473 3.26913 3.22835 3.22835 3.22835 3.22835 3.22835 3.22835 3.22835 3.22835 3.22835
8.58782 8.94888 9.11021 9.11021 9.11021 9.11021 9.11021 9.11021 9.11021 9.11021 9.11021 9.11021 9.11021 9.11021 9.11453 9.20275 9.32318 8.95333 10.8379 13.4422 13.4417 13.4417 13.3215 12.7633 12.1656 11.5678 10.9692 10.4403 10.3592 10.3592 10.3592 10.3592 10.3592 10.3592 10.3592 8.19361 7.10611 4.67594 3.58819 3.58819 3.58819 3.58819 3.58819 3.58819 3.58819 3.58819 3.58819 3.58819 3.58581 3.54397 3.48824 3.44448 3.42812 3.38798 3.38623 3.38623 3.29220 3.22835 3.22835 3.22835 3.22835 3.22835 3.23976 3.32587 3.42530 3.52489 3.62431
8.60129 8.76856 9.11021 9.11021 9.11021 9.11021 9.11021 9.11021 9.11021 9.11021 9.12770 9.23536 9.35574 9.47631 9.59231 9.62462 9.62462 9.14772 8.82316 12.0728 11.4748 10.8764 10.3993 10.3592 10.3592 10.3592 10.3592 10.3592 10.3592 10.3592 10.3592 10.3592 10.3592 10.3592 10.3592 9.12301 7.10611 5.73670 3.58819 3.58819 3.58819 3.58819 3.58819 3.58819 3.56854 3.51352 3.45782 3.40212 3.34878 3.33490 3.33490 3.33567 3.38287 3.38623 3.38623 3.38623 3.33929 3.27452 3.37406 3.47343 3.57307 3.67244 3.76068 3.77405 3.77405 3.77405 3.77405
9.05757 9.05068 9.11021 9.11021 9.11021 9.11021 9.14972 9.26798 9.38840 9.50888 9.61181 9.62462 9.57887 9.41007 9.23508 9.06079 8.88650 8.71983 7.30136 10.0433 10.3592 10.3592 10.3592 10.3592 10.3592 10.3592 10.3592 10.3592 10.3592 10.3592 10.3592 10.3592 10.3592 10.3592 10.3592 10.0359 7.11879 6.77542 3.61141 3.58407 3.53885 3.48313 3.42740 3.37168 3.33561 3.33490 3.33490 3.33490 3.33490 3.33490 3.33490 3.34112 3.45694 3.58006 3.67943 3.77913 3.87271 3.78000 3.77405 3.77405 3.77405 3.77405 3.77405 3.77405 3.77405 3.77405 3.77405
9.96088 9.67554 9.10197 9.30059 9.42107 9.54144 9.62246 9.58009 9.41111 9.23682 9.06253 8.88824 8.75970 8.75316 8.75316 8.75316 8.75316 8.75316 7.72246 9.14655 10.3592 10.3592 10.3592 10.3592 10.3592 10.3592 10.3592 10.3592 10.3592 10.3592 10.3592 10.3592 10.3592 10.3592 10.3592 10.2126 7.16292 6.12481 3.86994 3.34541 3.33490 3.33490 3.33490 3.33490 3.33490 3.33490 3.35369 3.43222 3.53314 3.66133 3.82958 4.03687 3.99910 3.93192 3.93192 3.93192 3.93192 3.82135 3.77405 3.77405 3.77405 3.77405 3.77405 3.77405 3.77405 3.77405 3.77405
10.1899 10.2494 9.41028 9.41286 9.23856 9.06427 8.88998 8.76022 8.75316 8.75316 8.75316 8.75316 8.75316 8.75316 8.75316 8.75316 8.75316 8.75316 8.19592 8.23750 10.3592 10.3592 10.3592 10.3592 10.3592 10.3592 10.3592 10.3592 10.3592 10.3592 10.3471 10.0478 9.62779 9.20751 8.78736 8.51358 6.80037 5.25495 4.32451 3.33490 3.33490 3.37378 3.46047 3.56860 3.70720 3.89146 4.07229 4.08314 4.08314 4.08314 4.08314 4.08314 4.05403 3.93209 3.93192 3.93192 3.93192 3.86849 3.77405 3.77405 3.77405 3.77405 3.77405 3.77405 3.77405 3.76660 3.71836
10.0874 10.0165 9.16305 8.75316 8.75316 8.75316 8.75316 8.75316 8.75316 8.75316 8.75316 8.75316 8.75316 8.75316 8.75316 8.75316 8.75316 8.75316 8.64487 7.41406 10.2987 10.3592 10.3592 10.3592 10.3592 10.3592 10.2714 9.87769 9.45730 9.03727 8.62909 8.50802 8.50802 8.50802 8.50802 8.48053 7.40172 5.81021 5.74459 3.75725 3.95983 4.08314 4.08314 4.08314 4.08314 4.08314 4.08314 4.08314 4.08314 4.08314 4.08314 4.08314 4.08314 3.94655 3.93192 3.93192 3.93192 3.91503 3.77460 3.77405 3.77285 3.73530 3.68086 3.62647 3.57197 3.52500 3.51880
9.95994 9.95994 9.52391 8.74393 8.75316 8.75316 8.75316 8.75316 8.75316 8.75316 8.75316 8.75316 8.75316 8.75316 8.75316 8.75316 8.76062 8.95524 9.19296 8.41416 9.57254 10.3586 10.1276 9.70739 9.28717 8.86696 8.53431 8.50802 8.50802 8.50802 8.44139 7.90606 7.27952 6.65265 6.02676 5.42835 5.29546 7.61290 7.91633 4.54284 4.08314 4.08314 4.08314 4.08314 4.08314 4.08314 4.08314 4.08314 4.08314 4.08314 4.08314 4.08314 4.08314 3.97668 3.93192 3.93192 3.85474 3.63523 3.58399 3.58894 3.53575 3.51880 3.51880 3.51880 3.51880 3.51880 3.51880
9.95994 9.95994 9.85608 8.67850 8.75316 8.75316 8.75316 8.75316 8.75316 8.75316 8.75316 8.76062 8.95524 9.19296 9.39331 9.56447 9.70893 9.72789 9.50323 8.76230 7.72202 8.69703 8.50802 8.50802 8.50802 8.38446 7.80191 7.17537 6.54947 5.92357 5.36399 5.27342 5.27342 5.27342 5.27342 5.27342 5.27342 6.60410 7.92324 5.69329 4.08314 4.08314 4.08314 4.08314 4.08314 4.08314 4.08314 4.08314 4.08314 4.08314 4.08314 4.05222 3.69421 3.35980 3.29256 3.07012 2.92475 2.92172 3.22503 3.51880 3.51880 3.51880 3.51880 3.51880 3.51880 3.51016 3.40807
9.95994 9.95994 9.95994 8.97315 8.75316 8.75316 8.76062 8.95524 9.19296 9.39331 9.56447 9.70893 9.74960 9.68692 9.42694 9.15263 8.87820 8.62561 8.57584 8.42519 6.94252 7.69840 7.07218 6.44629 5.81974 5.31676 5.27342 5.27342 5.27342 5.27342 5.27342 5.27342 5.27342 5.27342 5.27342 5.27342 5.27342 5.90064 7.92324 6.84982 4.08314 4.08314 4.08314 4.08314 4.08314 4.08314 4.08314 3.89706 3.45358 3.00888 2.56394 2.14980 2.06272 2.10740 2.90213 2.92172 2.92172 2.92172 3.04767 3.51880 3.47288 3.34709 3.21977 3.09279 2.96568 2.84700 2.82191
9.95994 9.96111 10.0194 9.60705 9.39327 9.56447 9.70893 9.74960 9.74960 9.62471 9.35064 9.07633 8.80190 8.59016 8.57584 8.58444 8.61372 8.64400 8.67439 8.70458 7.42188 5.30867 5.27342 5.27342 5.27342 5.27342 5.27342 5.27342 5.27342 5.27342 5.27342 5.27342 5.27342 5.27342 5.27342 5.27342 5.27342 5.41538 7.90528 7.81725 4.27245 4.08314 4.03707 3.65804 3.21315 2.76825 2.32315 2.06434 2.06272 2.06272 2.06272 2.06272 2.06272 2.06272 2.76291 2.81607 2.68896 2.56178 2.43840 2.84916 2.82331 2.82191 2.82191 2.82191 2.82191 2.82191 2.82191
10.2734 10.3616 10.3928 10.2052 9.71135 9.54865 9.27435 8.99992 8.72549 8.57607 8.58399 8.61337 8.64360 8.67379 8.70416 8.72586 8.72676 8.72676 8.72676 8.72676 8.11463 5.53303 5.27342 5.27342 5.27342 5.27342 5.27342 5.27342 5.27342 5.27342 5.27342 5.27342 5.27342 5.27342 5.27342 5.18807 4.97333 4.85154 6.83916 6.94819 4.02479 2.52762 2.12879 2.06272 2.06272 2.06272 2.06272 2.06272 2.06272 2.03560 1.94081 1.86653 1.80967 1.76477 1.94751 2.22483 2.22483 2.22483 2.22483 2.59302 2.82191 2.82191 2.82191 2.82191 2.82191 2.82191 2.82191
10.2869 10.1156 9.84118 9.55813 8.63396 8.58376 8.61281 8.64305 8.67349 8.70367 8.72571 8.72676 8.72676 8.72676 8.72676 8.72676 8.72676 8.72676 8.72676 8.72676 8.48209 6.30905 5.27342 5.27342 5.27342 5.27342 5.27342 5.27342 5.27342 5.27342 5.15341 4.94123 4.76245 4.59465 4.27729 3.98085 3.75234 3.52641 4.08959 4.91384 3.83897 2.06272 2.06272 2.06272 2.00517 1.91393 1.84617 1.79382 1.75205 1.72496 1.72319 1.72319 1.72319 1.72319 1.79230 2.22483 2.22483 2.22483 2.22483 2.41562 2.82191 2.82191 2.82191 2.82191 2.82191 2.82191 2.82191
9.16923 9.22646 9.23327 9.24009 8.78673 8.72563 8.72676 8.72676 8.72676 8.72676 8.72676 8.72676 8.72676 8.72676 8.72676 8.72676 8.72676 8.72676 8.72676 8.72676 8.71749 7.08809 5.28136 5.27342 5.27027 5.11619 4.91021 4.73596 4.58671 4.39082 4.11367 3.88626 3.65885 3.44458 3.39513 3.39513 3.39513 3.39513 3.69705 4.44168 3.83252 1.84445 1.77903 1.74012 1.72319 1.72319 1.72319 1.72319 1.72319 1.72319 1.72319 1.72319 1.72319 1.72319 1.72319 2.15238 2.22483 2.22483 2.22483 2.25421 2.80597 2.82191 2.82191 2.82009 2.78537 2.73846 2.69154
9.13103 9.25208 9.25208 9.25208 8.96553 8.71068 8.72676 8.72676 8.72676 8.72676 8.72676 8.72676 8.72676 8.72676 8.72676 8.72676 8.72676 8.72676 8.72676 8.71410 8.41234 7.14364 4.77562 4.56435 4.43626 4.24759 4.02018 3.79287 3.56536 3.40215 3.39513 3.39513 3.39513 3.39328 3.37826 3.36066 3.34308 3.32548 3.38843 3.17786 3.14874 2.04251 1.72319 1.72319 1.72319 1.72319 1.72319 1.72319 1.72319 1.72319 1.72319 1.72319 1.72319 1.72319 1.72319 2.01066 2.22483 2.22483 2.22483 2.17773 2.56324 2.70584 2.65892 2.61383 2.60165 2.60165 2.60165
9.07541 9.24928 9.25208 9.25208 9.19207 8.63683 8.72676 8.72676 8.72676 8.72676 8.72676 8.72676 8.72676 8.72676 8.71410 8.41234 7.99030 7.56825 7.14621 6.73683 6.59986 6.12142 4.19511 3.69938 3.47498 3.39513 3.39513 3.39513 3.39197 3.37577 3.35817 3.34056 3.32298 3.30721 3.30464 3.30464 3.30464 3.30464 3.32091 3.30310 3.14874 2.47018 1.72319 1.72319 1.72319 1.72319 1.72319 1.72319 1.72319 1.72319 1.72319 1.72319 1.72319 1.72319 1.71072 1.76285 2.01029 1.90196 1.79358 1.73239 2.10469 2.60165 2.60165 2.60165 2.60165 2.60165 2.60165
9.06130 9.20446 9.25208 9.25208 9.25208 8.72984 8.72676 8.72676 8.72676 8.71516 8.41656 7.99452 7.57247 7.14937 6.73683 6.61654 6.57755 6.46220 6.34483 6.22758 6.12682 6.04779 4.04254 3.39028 3.37326 3.35567 3.33807 3.32048 3.30605 3.30464 3.30464 3.30464 3.30464 3.30464 3.30464 3.30464 3.30464 3.30464 3.30464 3.36443 3.14874 2.89789 1.72319 1.72319 1.72319 1.72319 1.72319 1.72319 1.72319 1.72319 1.66604 1.55774 1.44938 1.34100 1.24518 1.25047 1.71654 1.73219 1.73219 1.73219 1.84682 2.60122 2.60165 2.58546 2.53165 2.47632 2.42072
