High_resolution/powerplant/Chizhou/OMI_NO2_200612.asc
ncols      200
nrows      200
xllcorner       115.585
yllcorner       28.7700
cellsize     0.0166667
NODATA_Value      -999.000
[rows 28 to 55 of 165, columns 64 to 127 of 200]
8.27260 8.27241 8.48440 8.57636 8.67275 12.4717 13.1374 13.1007 13.0777 13.0124 13.6175 14.3268 15.3888 15.5973 15.6106 15.6347 15.4112 15.0794 14.7631 14.6047 14.4526 14.3744 14.2964 14.2232 15.0357 15.3253 15.1080 15.0458 14.9261 14.9313 14.9321 14.9321 15.0377 15.3120 15.4023 16.1979 16.5029 16.6058 16.5082 16.4105 16.3130 16.2580 16.3446 16.3956 16.4045 16.7239 16.8911 16.8989 16.8996 16.8996 16.8996 17.7892 18.4790 18.5516 18.7162 19.6132 19.6200 19.6445 19.6384 19.6323 19.6842 19.7119 19.7059 19.6998
8.35224 8.35773 8.47232 8.62359 8.63216 11.4297 13.3386 13.4261 13.2587 12.9841 12.5506 13.1962 13.6910 13.8315 13.4863 13.1284 13.0250 13.0615 13.1015 13.2961 13.5388 14.2252 14.2682 14.2709 14.4286 14.7923 14.7923 14.9160 14.9322 14.9321 14.9301 14.9266 14.9673 15.2586 15.3863 15.6311 15.9648 16.2579 16.2643 16.2713 16.2670 16.2614 16.3002 16.3656 16.3501 16.5193 16.8626 16.8462 16.8402 16.7922 16.6681 17.0814 17.8974 18.8445 18.8400 19.4156 19.6057 19.6813 19.7529 19.8244 19.9266 20.0595 20.1310 20.2025
8.62185 8.64989 8.73545 9.03135 9.02570 10.0555 11.5238 11.1711 11.0755 11.0755 10.7909 11.6144 12.3778 13.1586 13.1986 13.2385 13.2716 13.2749 13.2749 13.3734 13.5430 14.1142 14.2708 14.2708 14.2813 14.7513 14.7852 14.8443 14.9308 14.8795 14.8569 14.7961 14.7302 14.9436 15.1279 15.1939 15.5733 15.8417 15.8365 15.7893 15.7539 15.7190 15.6939 15.7733 15.7403 15.7210 16.1034 15.9080 15.7797 15.7020 15.7005 15.9551 17.1685 18.3070 18.6503 19.1580 20.0859 20.3222 20.3222 20.3222 20.3277 20.4137 20.4173 20.4126
8.71930 8.71930 8.71930 8.96250 8.98693 9.19733 11.1208 11.2333 11.2732 11.3132 11.0779 11.4753 12.2577 13.2107 13.1528 13.0946 13.0373 12.9800 12.9231 12.9317 13.0041 13.4465 13.6774 13.6161 13.5567 13.8715 14.0460 13.9964 14.0132 13.8403 13.8040 13.8067 13.8168 14.0261 14.4654 14.5231 14.9877 15.2701 15.3938 15.4156 15.4502 15.4828 15.4450 15.4670 15.4251 15.3694 15.8271 15.9172 15.9294 15.9325 15.9356 15.9459 17.0870 18.2715 18.8240 19.0940 20.0009 20.3682 20.3647 20.3612 20.3574 20.4267 20.4795 20.5172
8.49728 8.43801 8.37870 8.48121 8.56964 8.59795 10.3812 10.9053 10.8543 10.8036 10.6005 10.6945 11.4850 12.1879 12.2805 12.3442 12.4074 12.4701 12.5327 12.5645 12.4189 12.7221 13.2080 13.2081 13.2108 13.4031 13.8665 13.8784 13.9750 13.8325 13.8383 13.8599 13.8831 14.0531 14.4946 14.6619 15.0041 15.4721 15.6877 15.5967 15.4919 15.3891 15.3568 15.4169 15.4843 15.4467 15.7136 15.8444 15.8083 15.7722 15.7360 15.6998 16.3136 17.5878 18.7423 18.8736 19.8404 20.3669 20.3794 20.3917 20.3831 20.4176 20.4955 20.4802
7.91144 7.89546 7.87947 7.93949 8.13610 8.14099 9.43681 10.5949 10.5924 10.6365 10.6506 10.5455 11.5625 12.3653 12.5825 12.5845 12.5865 12.5885 12.5905 12.5933 12.4965 12.5963 13.2264 13.2933 13.3202 13.3811 13.9596 14.0335 14.1548 14.0167 14.0341 14.0357 14.0357 14.1230 14.5065 14.6429 14.6642 14.9408 15.2284 15.1779 15.1426 15.1097 15.0594 15.0186 15.0651 15.0423 15.2813 15.7157 15.7273 15.7427 15.8065 15.8954 16.2664 17.3607 18.5848 18.8290 19.5453 20.1822 20.1496 20.1127 20.0952 20.1367 20.3926 20.3757
7.71184 7.69869 7.68572 7.70351 8.02014 8.08473 8.83445 10.6533 10.7188 10.7243 10.7243 10.5199 11.2319 12.2459 12.6188 12.6530 12.6883 12.7237 12.7590 12.7935 12.7693 12.7540 13.3050 13.4603 13.4603 13.4785 13.8565 14.0887 14.0937 13.8865 13.7352 13.5354 13.3035 13.0967 13.2598 13.4528 13.4177 13.9474 14.6824 14.7617 14.7365 14.7089 14.6989 14.6989 14.8301 14.9203 15.1116 16.0890 16.1292 16.2018 16.2190 16.1841 16.1906 17.0764 18.1594 18.6698 19.2122 19.9927 20.0952 20.0860 20.0391 19.9882 20.1875 20.2009
7.79075 7.85636 7.92193 7.96343 8.15686 8.24780 8.45998 10.6129 10.8364 10.9162 10.9969 10.8690 11.1894 12.3376 12.8714 12.8726 12.8726 12.8726 12.8839 12.9496 13.0170 12.9515 13.3544 13.3849 13.3510 13.3232 13.4919 13.9243 13.8545 12.8024 12.5457 12.5182 12.5230 12.5246 12.7971 13.2340 13.2445 13.6708 14.4465 14.7690 14.8427 14.9164 14.9900 15.0636 15.1824 15.2350 15.2030 16.0756 16.1169 16.0800 16.0512 16.0492 16.0491 16.6713 17.8278 18.6292 18.9998 19.7632 19.9540 19.9158 19.9153 19.9187 20.0834 20.2229
7.90213 7.87390 7.84569 7.81755 7.92686 8.12005 8.36095 10.4927 11.1750 11.1787 11.1814 11.0686 11.3088 12.5181 13.4463 13.5418 13.6346 13.7292 13.8118 13.8267 13.8240 13.6810 13.7611 13.4335 13.4395 13.4456 13.4887 13.6944 13.7167 12.9151 12.5246 12.5246 12.5246 12.5693 12.8625 13.3987 13.5861 13.8792 14.6392 15.1144 15.1148 15.1278 15.1471 15.1664 15.1595 15.0538 15.0410 15.7250 16.0658 16.0692 16.0726 16.0765 16.1633 16.6450 17.9905 18.5379 18.7292 19.5684 19.9128 19.8799 19.8472 19.8178 19.8618 20.0582
7.76874 7.81593 7.86003 7.90056 7.91930 8.13726 8.14806 9.87138 11.2193 11.2268 11.2342 11.2403 11.5932 12.4752 13.6920 13.8180 13.8137 13.8095 13.8052 13.8013 13.8004 13.7135 13.7540 13.4937 13.4496 13.4496 13.4737 13.6322 13.8172 13.3880 12.8130 12.9119 13.0052 13.0516 13.1716 13.5774 13.7523 13.8107 14.3279 15.0110 14.9854 14.9468 14.9022 14.8574 14.8144 14.6459 14.5999 15.0286 15.6971 15.8004 15.9082 16.0188 16.0677 16.1942 17.2236 17.9021 17.8579 18.6863 19.1745 19.1790 19.1831 19.1839 19.1884 19.4608
7.77213 7.73720 7.70542 7.67711 7.67231 7.90137 7.95694 9.12865 11.2157 11.2307 11.2269 11.2232 11.4656 12.0690 13.4923 13.8004 13.8004 13.8004 13.7897 13.7419 13.6819 13.5402 13.3898 13.3328 13.1812 13.1925 13.2152 13.3049 13.4179 13.0801 12.4869 12.4434 12.4181 12.3974 12.4375 12.7944 13.0161 13.0127 13.4463 14.2470 14.3388 14.3388 14.3401 14.3615 14.4036 14.4602 14.5829 14.9557 16.0194 16.0485 16.0769 16.1060 16.1154 16.1175 16.9711 17.8166 17.8320 18.5286 19.1170 18.9970 18.8528 18.7055 18.5544 18.6058
7.67783 7.75244 7.85256 7.95493 8.05721 8.30615 8.54466 9.03909 11.2507 11.2761 11.2919 11.3092 11.4149 11.6296 12.7060 12.6435 12.5326 12.4749 12.4554 12.4724 12.5025 12.5786 12.6864 12.7836 12.5195 12.5195 12.5198 12.5755 12.8888 12.8979 12.3039 12.3127 12.3006 12.2866 12.2836 12.7137 13.0766 13.0943 13.3835 14.2890 14.5876 14.7097 14.8869 15.0440 15.1803 15.1588 15.0711 15.0848 16.1316 16.0833 15.9405 15.7893 15.6334 15.4733 15.9023 16.6589 16.4511 16.8851 17.7639 17.8889 17.8521 17.8151 17.7774 17.8423
8.31811 8.32374 8.30320 8.27978 8.25600 8.30044 8.51483 8.70868 10.9485 11.4534 11.4547 11.4645 11.5090 11.3294 12.2369 12.4647 12.5278 12.5379 12.5203 12.5030 12.4855 12.4682 12.4809 12.6039 12.2520 12.2106 12.1813 12.3464 12.6245 12.7743 12.2243 12.1439 12.1559 12.1680 12.1752 12.6972 13.1980 13.2760 13.5492 14.5391 15.0671 14.9666 14.8046 14.6382 14.4668 14.2809 13.9698 13.8456 14.5080 14.7415 14.7164 14.6917 14.6663 14.7202 15.0852 16.0140 16.0078 16.3500 17.3795 17.6737 17.6490 17.6242 17.5994 17.6089
8.13099 8.13153 8.13207 8.13261 8.13315 8.13726 8.45475 8.59487 10.5664 11.7322 11.8145 11.8874 11.8986 11.6106 11.8935 12.3249 12.3112 12.3112 12.3046 12.2947 12.2849 12.2750 12.2923 12.4816 12.2572 12.2158 12.2194 12.3133 12.5523 12.8204 12.4111 12.1534 12.0436 11.9386 11.9547 12.4279 13.1430 13.3503 13.3619 13.9836 14.1916 14.2698 14.3497 14.4329 14.5186 14.6057 14.5473 14.5465 14.6940 14.8291 14.9917 15.1542 15.3167 15.3889 15.3316 15.5859 15.8147 15.9266 17.0937 17.5886 17.5886 17.5886 17.7175 18.1069
8.13744 8.10388 8.02856 7.95309 7.87773 7.80225 8.48720 8.89182 10.0571 11.9245 11.9115 11.9271 11.9432 11.7349 11.6970 12.3465 12.3284 12.3185 12.3152 12.3152 12.3152 12.3152 12.3188 12.3480 12.1519 11.8446 11.6851 11.5400 11.6338 11.8966 11.8633 11.9117 12.1637 12.4115 12.5141 12.8272 13.6346 13.8793 13.8793 14.3714 14.6893 14.6978 14.8233 14.9859 15.1486 15.3110 15.3941 15.4203 15.4250 15.3714 15.3445 15.3196 15.2948 15.2764 15.2718 15.3726 15.7776 15.7345 16.9649 18.0232 18.4199 18.8191 19.1082 19.1420
7.79070 7.74910 7.76270 7.78440 7.80610 7.82781 8.25359 9.01568 9.47140 11.9561 11.9735 11.9498 11.9258 11.7779 11.6201 12.0179 12.0158 11.8041 11.5838 11.3580 11.1226 10.8808 10.6289 10.5346 10.8656 10.9046 10.9338 10.9630 11.2173 11.9349 12.5123 12.5516 12.5605 12.5605 12.5605 12.6597 13.5378 13.8557 13.7315 14.4505 15.4144 15.5715 15.6085 15.6082 15.6024 15.5945 15.5558 15.3328 15.3108 15.3026 15.3288 15.3550 15.3811 15.4074 15.4463 15.6678 16.5145 16.8964 18.3086 19.3174 19.4077 19.4319 19.4369 19.4369
7.88633 7.90781 7.91583 7.91701 7.90905 7.87748 7.92962 8.95702 9.17287 11.0346 11.1476 10.9132 10.6710 10.3938 10.0209 10.1627 10.4808 10.4775 10.4736 10.4697 10.4658 10.4619 10.4580 10.4885 10.7718 11.0156 11.0220 11.0220 11.1554 11.5426 12.5132 12.5524 12.5870 12.5635 12.3848 12.1995 12.7382 13.0359 13.0655 14.1840 15.5161 15.5486 15.5328 15.5137 15.4932 15.4745 15.4558 15.2161 15.1569 15.3434 15.5409 15.6697 15.9520 16.2343 16.5038 16.4889 16.8771 16.8506 17.6947 18.5092 18.5569 18.4452 18.3338 18.2223
7.92292 7.91451 7.90576 7.89552 7.89481 7.92033 7.94794 8.97233 9.29864 10.1098 10.0217 10.0128 10.0089 10.0050 9.87349 9.99983 10.4218 10.4563 10.4563 10.4563 10.4563 10.4563 10.4563 10.4685 10.6729 10.9443 10.9548 10.9250 10.9366 11.1303 11.9362 11.9455 11.8405 11.6773 11.6412 11.6136 12.1030 12.6962 12.7606 13.3764 15.0396 15.2690 15.2583 15.2511 15.2510 15.2510 15.2449 15.1266 15.2383 15.5912 16.1431 16.2526 16.2087 16.1648 16.1209 16.0674 16.0486 16.1321 16.7357 17.7647 17.9933 17.9945 17.9961 17.9975
7.75365 7.72852 7.70407 7.67896 7.61688 7.52791 7.44070 7.92237 8.41315 8.86563 9.16880 9.14985 9.07062 8.98819 8.88123 9.52262 9.94668 10.1408 10.0943 10.0475 9.97146 9.87919 9.78677 9.69466 9.98591 10.3559 10.2817 10.1267 9.98140 10.0899 10.7310 11.3235 11.4996 11.4927 11.4871 11.4867 11.8414 12.5469 12.7471 13.0906 14.5918 15.1850 15.1616 15.1549 15.3599 15.6297 15.9055 16.0873 15.9268 15.9646 16.3671 16.3951 16.4157 16.4385 16.4647 16.4895 16.5505 16.7108 16.8303 17.1530 17.5305 17.5306 17.4895 17.4198
6.50283 6.36741 6.22965 6.08931 5.98720 5.91314 5.83965 6.01979 7.00458 7.37285 7.89606 7.99989 7.97594 7.95441 7.97732 8.63829 9.24021 9.67635 9.63054 9.58587 9.57018 9.54304 9.41848 9.29328 9.39440 9.74974 9.87962 9.89092 9.90221 10.0078 10.2839 11.2791 11.4565 11.4786 11.4750 11.4714 11.7488 12.7740 13.0592 13.1314 14.5833 15.7287 16.0289 16.3054 16.3702 16.3702 16.3717 16.3731 16.1385 16.1261 16.4537 16.5441 16.5498 16.5535 16.5536 16.5536 16.6147 16.7051 16.6452 16.8246 17.2197 17.1529 17.1242 17.1240
5.79462 5.79739 5.78812 5.76773 5.74566 5.72367 5.70162 5.68322 6.68016 6.94137 7.51285 7.64954 7.58720 7.52500 7.47992 8.00612 8.89186 9.53158 9.42665 9.30112 9.18328 9.11793 9.17407 9.23903 9.41455 9.76555 9.88126 9.88962 9.88494 9.92136 10.0595 11.0468 11.3885 11.4625 11.4625 11.4625 11.5772 12.9673 13.6308 13.8928 14.9038 16.3535 16.3879 16.3937 16.3994 16.4051 16.4093 16.4095 16.2407 16.1470 16.3696 16.5175 16.4825 16.4476 16.4127 16.3778 16.3787 16.3752 16.3980 16.5459 17.0483 17.1236 17.1236 17.1236
5.47820 5.45614 5.44597 5.44597 5.40966 5.32420 5.23847 5.15275 5.88116 6.39471 7.09494 7.36336 7.38153 7.38903 7.38417 7.68983 8.78824 9.23256 9.39821 9.46331 9.52758 9.56780 9.56937 9.56937 9.58720 9.84584 9.83468 9.88059 9.88059 9.88217 10.0438 10.6546 11.3584 11.6971 11.9682 12.2394 12.4478 13.3949 14.0531 14.0872 14.5175 16.1361 16.4095 16.4095 16.4091 16.3864 16.3515 16.3166 16.1916 15.9842 16.0875 16.3571 16.3570 16.3568 16.3566 16.3565 16.3812 16.3704 16.3976 16.4570 16.9437 17.1838 17.3649 17.5492
5.31149 5.22586 5.14013 5.05445 5.00500 5.00519 5.00732 5.00963 5.44746 6.37954 7.05640 7.51889 7.59701 7.58924 7.59412 7.74782 8.92090 9.34358 9.56937 9.56937 9.56937 9.56937 9.56937 9.56937 9.56937 9.80382 9.81270 9.89582 9.90781 9.91981 10.0422 10.3784 12.2613 12.4916 12.4916 12.4916 12.4916 13.1674 13.9662 14.0904 14.2032 15.7419 16.2947 16.2598 16.2253 16.2130 16.2110 16.1824 16.1297 15.9518 15.9891 16.3560 16.3563 16.3613 16.3805 16.4006 16.4213 16.4974 16.6501 16.8026 17.5229 17.9828 18.0062 18.0263
5.01120 5.01351 5.01583 5.01814 5.02046 5.01889 4.96842 4.93274 5.01796 6.30781 6.95599 7.57377 7.61090 7.61090 7.61090 7.64767 8.72392 9.20158 9.56214 9.57019 9.61406 9.68181 9.74961 9.81745 9.88516 10.1127 10.1848 9.96110 9.95998 9.95998 10.0160 10.1389 11.8777 12.4773 12.4971 12.5047 12.5063 12.9257 13.8530 14.0617 14.0467 15.1634 16.2311 16.2307 16.2228 16.2150 16.2092 16.2300 16.2591 16.2210 16.2329 16.5585 16.6339 16.6635 16.7777 16.9399 17.1041 17.2877 17.3260 17.3518 17.7368 18.2075 18.2550 18.3026
5.02254 5.02096 4.97810 4.97120 4.98673 5.00565 5.07172 5.12283 5.12364 6.13601 6.74674 7.60297 7.61048 7.62167 7.68308 7.76789 8.65331 9.42938 9.81632 9.97967 10.0037 10.0037 10.0037 10.0037 10.0037 10.0628 10.2483 10.0031 9.96216 9.97966 10.0220 10.2215 11.2997 12.5992 12.6878 12.7063 12.7309 12.9599 14.0514 14.2160 14.2052 14.7511 16.4344 16.5449 16.5564 16.5680 16.5797 16.5916 16.6037 16.5698 16.5700 16.9250 17.1837 17.3057 17.3180 17.2779 17.2377 17.2471 17.9085 18.0251 18.1120 18.5420 18.5461 18.6172
5.02615 5.04899 5.11886 5.15271 5.16454 5.17630 5.18813 5.21864 5.28513 5.99189 6.87132 8.06671 8.22903 8.35436 8.38833 8.41685 8.83521 9.55831 9.77430 10.0176 10.0429 10.0686 10.0945 10.0929 10.0715 10.0501 10.4760 10.3456 10.2550 10.2479 10.2195 10.3367 10.6942 12.8488 12.9669 12.9299 12.8931 12.8747 14.0572 14.1302 14.1302 14.3106 16.1516 16.5209 16.4359 16.3504 16.2910 16.3552 16.4349 16.4999 16.4362 16.5348 16.7071 16.6617 16.6160 16.5705 16.5893 16.7502 17.5104 19.0012 19.8342 20.7916 21.1504 21.4934
5.49749 5.53671 5.59803 5.65931 5.72055 5.78187 5.84315 5.88536 5.89278 6.14852 7.47380 8.41594 8.81780 8.88534 8.89219 8.89905 9.15662 9.82100 9.86971 10.1769 10.1314 10.0811 10.0312 10.0105 10.0026 9.97865 10.3550 10.3927 10.1869 10.1953 10.2043 10.2269 10.2097 12.1764 12.8294 12.7895 12.7495 12.7096 13.1222 13.1872 13.1053 13.0280 14.3570 15.4485 15.6141 15.7796 15.9188 15.9776 16.1690 16.3671 16.4707 16.6963 17.1520 17.3195 17.4820 17.6247 17.6595 17.5943 17.8642 20.5267 21.4377 22.1588 22.1915 22.2163
5.88083 5.91662 5.92346 5.93033 5.93716 5.94404 5.95087 5.95730 5.96326 5.96974 7.33697 8.14823 8.86303 8.89090 8.84670 8.80247 8.94799 9.49337 9.64640 9.94639 10.0391 10.0154 9.99094 9.96733 9.95662 9.97227 10.2180 10.4170 10.0792 10.0230 9.97476 9.92422 9.85636 10.9911 12.5433 12.5518 12.5518 12.5518 12.7635 13.1019 13.3565 13.6042 14.5195 16.6218 17.0652 17.2320 17.3942 17.5182 17.5238 17.5197 17.4693 17.4264 17.6625 17.6017 17.4004 17.1930 17.0272 16.8647 17.0196 20.0203 21.2590 22.2320 22.3153 22.3337
