High_resolution/powerplant/Chizhou/OMI_NO2_201009.asc
ncols      200
nrows      200
xllcorner       115.585
yllcorner       28.7700
cellsize     0.0166667
NODATA_Value      -999.000
[rows 130 to 155 of 169, columns 116 to 173 of 200]
1.90584 2.04945 2.26849 2.75646 2.91414 3.38082 3.48514 3.48514 3.48514 3.48514 3.48514 3.48514 3.48514 3.48514 3.48514 3.48514 3.48514 3.48514 3.48514 3.48514 3.48514 3.48514 3.48514 3.48514 3.48514 3.48514 3.48514 3.48514 3.48514 3.48514 0.00000 0.00000 0.00000 0.00000 0.00000 0.00000 0.00000 0.00000 0.00000 0.00000 2.45079 2.45079 2.45079 2.45079 2.45079 2.37128 2.06359 2.06318 2.06318 2.06318 2.06318 2.06318 2.06318 2.06318 2.13293 2.32216 2.32216 2.32216
2.49468 2.52924 2.51416 2.50809 2.59211 2.87599 3.46799 3.48514 3.48514 3.48514 3.48514 3.48514 3.48514 3.48514 3.48514 3.48514 3.48514 3.48514 3.48514 3.48514 3.48514 3.48514 3.48514 3.48514 3.48514 3.48514 3.48514 3.48514 3.48514 3.48514 0.00000 0.00000 0.00000 0.00000 0.00000 0.00000 2.45079 2.45079 2.45079 2.45079 2.45079 2.45079 2.45079 2.45079 2.45079 2.45079 2.10234 2.06318 2.06318 2.06318 2.06318 2.06318 2.06318 2.06318 2.06856 2.30601 2.33315 2.66254
2.49046 2.48846 2.48846 2.50689 2.61585 2.78980 3.26433 3.48514 3.48514 3.48514 3.48514 3.48514 3.48514 3.48514 3.48514 3.48514 3.48514 3.48514 3.48514 3.48514 3.48514 3.48514 3.48514 3.48514 3.48514 3.48514 3.48514 0.00000 0.00000 0.00000 0.00000 0.00000 2.45079 2.45079 2.45079 2.45079 2.45079 2.45079 2.45079 2.45079 2.45079 2.45079 2.45079 2.45079 2.45079 2.45079 2.18529 2.06318 2.06318 2.06318 2.06318 2.06318 2.06318 2.06318 2.71893 3.32808 3.65843 3.73379
2.53348 2.57102 2.60853 2.62763 2.66708 2.75909 3.09139 3.48514 3.48514 3.48514 3.48514 3.48514 3.48514 3.48514 3.48514 3.48514 3.48514 3.48514 3.48514 3.48514 3.48514 3.48514 3.48514 0.00000 0.00000 0.00000 0.00000 0.00000 0.00000 0.00000 0.00000 2.45079 2.45079 2.45079 2.45079 2.45079 2.45079 2.45079 2.45079 2.45079 2.45079 2.45079 2.45079 2.45079 2.45079 2.45079 2.30830 2.06318 2.06318 2.06318 2.06318 2.06318 2.06318 2.06318 2.99586 3.61934 3.73379 3.73379
2.62763 2.62763 2.62763 2.62763 2.63620 2.72755 2.93831 3.48514 3.48514 3.48514 3.48514 3.48514 3.48514 3.48514 3.48514 3.48514 3.48514 3.48514 3.48514 0.00000 0.00000 0.00000 0.00000 0.00000 0.00000 0.00000 0.00000 0.00000 0.00000 0.00000 0.00000 2.45079 2.45079 2.45079 2.45079 2.45079 2.45079 2.45079 2.45079 2.45079 2.45079 2.45079 2.45079 2.45079 2.45079 2.45079 2.44304 2.07946 2.06318 2.06318 2.06318 2.06318 2.06318 2.06318 2.51308 3.64058 3.72913 3.67631
2.62763 2.62763 2.62763 2.62763 2.62763 2.70350 2.82419 3.33743 3.48514 3.48514 3.48514 3.48514 3.48514 3.48514 3.48514 3.48514 0.00000 0.00000 0.00000 0.00000 0.00000 0.00000 0.00000 0.00000 0.00000 0.00000 0.00000 0.00000 0.00000 0.00000 0.00000 2.45079 2.45079 2.45079 2.45079 2.45079 2.45079 2.45079 2.45079 2.45079 2.45079 2.45079 2.45079 2.45079 2.45079 2.45079 2.45079 2.15003 2.06318 2.06453 2.09552 1.98844 1.73851 1.39535 0.977953 3.53234 3.63345 3.61323
2.62763 2.62763 2.62763 2.62763 2.62763 2.67148 2.76600 3.12995 3.48514 3.48514 3.48514 3.48514 0.00000 0.00000 0.00000 0.00000 0.00000 0.00000 0.00000 0.00000 0.00000 0.00000 0.00000 0.00000 0.00000 0.00000 0.00000 0.00000 0.00000 0.00000 0.00000 0.00000 2.45079 2.45079 2.45079 2.45079 2.45079 2.45079 2.45079 2.45079 2.45079 2.45079 2.45079 2.45079 2.45079 2.45079 2.44981 2.13232 1.77043 1.39589 0.965591 0.813124 0.813124 0.813124 0.813124 2.95652 3.65552 3.61323
2.62763 2.62763 2.62763 2.62472 2.55940 2.48120 2.48182 2.40150 0.00000 0.00000 0.00000 0.00000 0.00000 0.00000 0.00000 0.00000 0.00000 0.00000 0.00000 0.00000 0.00000 0.00000 0.00000 0.00000 0.00000 0.00000 0.00000 0.00000 0.00000 0.00000 0.00000 0.00000 2.45079 2.45079 2.45079 2.45079 2.45079 2.45079 2.45079 2.45079 2.45079 2.45079 2.45079 2.24707 1.82930 1.41169 0.995069 0.813124 0.813124 0.813124 0.813124 0.813124 0.813124 0.813124 0.813124 2.08950 3.67735 3.61360
2.58552 2.49525 2.40488 2.30394 2.19073 2.09124 1.92422 1.50997 1.13379 0.00000 0.00000 0.00000 0.00000 0.00000 0.00000 0.00000 0.00000 0.00000 0.00000 0.00000 0.00000 0.00000 0.00000 0.00000 0.00000 0.00000 0.00000 0.00000 0.00000 0.00000 0.00000 0.00000 2.45079 2.45079 2.45079 2.45079 2.45079 2.45079 2.45079 2.27835 1.86238 1.44461 1.02700 0.813124 0.813124 0.813124 0.813124 0.813124 0.813124 0.813124 0.813124 0.813124 0.813124 0.813124 0.813124 0.967942 3.60918 3.62808
2.17473 2.07522 1.97570 1.88971 1.87833 1.87569 1.75748 1.46688 1.13379 0.00000 0.00000 0.00000 0.00000 0.00000 0.00000 0.00000 0.00000 0.00000 0.00000 0.00000 0.00000 0.00000 0.00000 0.00000 0.00000 0.00000 0.00000 0.00000 0.00000 0.00000 0.00000 0.00000 0.00000 2.45079 2.45079 2.30701 1.89530 1.47769 1.05992 0.814762 0.813124 0.813124 0.813124 0.813124 0.813124 0.813124 0.813124 0.813124 0.813124 0.813124 0.813124 0.813124 0.813124 0.813124 0.813124 0.813124 2.73922 2.71352
1.87833 1.87833 1.84476 1.77573 1.70675 1.64037 1.59072 1.34116 1.16305 0.00000 0.00000 0.00000 0.00000 0.00000 0.00000 0.00000 0.00000 0.00000 0.00000 0.00000 0.00000 0.00000 0.00000 0.00000 0.00000 0.00000 0.00000 0.00000 0.00000 0.00000 0.00000 0.00000 0.00000 1.57343 1.09300 0.819020 0.813124 0.813124 0.813124 0.813124 0.813124 0.813124 0.813124 0.813124 0.813124 0.813124 0.813124 0.813124 0.813124 0.813124 0.813124 0.813124 0.813124 0.813124 0.813124 0.813124 0.813124 0.788538
1.72675 1.65773 1.62229 1.62229 1.62229 1.62229 1.62229 1.40538 1.24466 1.13379 0.00000 0.00000 0.00000 0.00000 0.00000 0.00000 0.00000 0.00000 0.00000 0.00000 0.00000 0.00000 0.00000 0.00000 0.00000 0.00000 0.00000 0.00000 0.00000 0.00000 0.00000 0.00000 0.00000 0.813124 0.813124 0.813124 0.813124 0.813124 0.813124 0.813124 0.813124 0.813124 0.813124 0.813124 0.813124 0.813124 0.813124 0.813124 0.813124 0.813124 0.813124 0.813124 0.813124 0.813124 0.813124 0.813124 0.813124 0.837658
1.62229 1.62229 1.62229 1.62229 1.62229 1.62229 1.62229 1.50480 1.30053 1.13379 0.00000 0.00000 0.00000 0.00000 0.00000 0.00000 0.00000 0.00000 0.00000 0.00000 0.00000 0.00000 0.00000 0.00000 0.00000 0.00000 0.00000 0.00000 0.00000 0.00000 0.00000 0.00000 0.00000 0.00000 0.813124 0.813124 0.813124 0.813124 0.813124 0.813124 0.813124 0.813124 0.813124 0.813124 0.813124 0.813124 0.813124 0.813124 0.813124 0.813124 0.813124 0.813124 0.813124 0.830414 1.04500 1.31495 1.58458 1.82982
1.62229 1.62229 1.62229 1.62229 1.62229 1.62229 1.62229 1.58158 1.33863 1.15327 0.00000 0.00000 0.00000 0.00000 0.00000 0.00000 0.00000 0.00000 0.00000 0.00000 0.00000 0.00000 0.00000 0.00000 0.00000 0.00000 0.00000 0.00000 0.00000 0.00000 0.00000 0.00000 0.00000 0.00000 0.813124 0.813124 0.813124 0.813124 0.813124 0.813124 0.813124 0.813124 0.813124 0.813124 0.813124 0.813124 0.813124 0.813124 0.789984 0.765299 1.02663 1.29639 1.56613 1.81858 1.87384 1.87384 1.87384 1.87384
1.62229 1.62229 1.62229 1.62229 1.62229 1.62229 1.61335 1.55771 1.36209 1.23968 1.13379 0.00000 0.00000 0.00000 0.00000 0.00000 0.00000 0.00000 0.00000 0.00000 0.00000 0.00000 0.00000 0.00000 0.00000 0.00000 0.00000 0.00000 0.00000 0.00000 0.00000 0.00000 0.00000 0.00000 0.813124 0.813124 0.813124 0.813124 0.813124 0.813124 0.813124 0.813124 0.813124 0.810367 0.768268 0.732539 0.818192 0.926802 1.03291 1.16981 1.80911 1.87384 1.87384 1.87384 1.87384 1.87384 1.87384 1.87384
1.62229 1.62229 1.62033 1.57606 1.51463 1.45327 1.39900 1.38543 1.35093 1.24913 1.04299 0.00000 0.00000 0.00000 0.00000 0.00000 0.00000 0.00000 0.00000 0.00000 0.00000 0.00000 0.00000 0.00000 0.00000 0.00000 0.00000 0.00000 0.00000 0.00000 0.00000 0.00000 0.00000 0.00000 0.00000 0.813124 0.813124 0.813124 0.813124 0.797029 0.749442 0.716534 0.790766 0.899127 1.02311 1.15469 1.19548 1.19548 1.19548 1.19548 1.54665 1.87384 1.87384 1.87384 1.87384 1.87384 1.87384 1.87384
1.53230 1.47089 1.40869 1.38420 1.37678 1.36934 1.36373 1.36339 1.35563 1.32947 1.06103 0.00000 0.00000 0.00000 0.00000 0.00000 0.00000 0.00000 0.00000 0.00000 0.00000 0.00000 0.00000 0.00000 0.00000 0.00000 0.00000 0.00000 0.00000 0.00000 0.00000 0.00000 0.00000 0.00000 0.517111 0.735713 0.733210 0.703247 0.766160 0.880702 1.01383 1.14716 1.19548 1.19548 1.19548 1.19548 1.19548 1.19548 1.19548 1.19548 1.35949 1.87384 1.87384 1.87384 1.87384 1.87384 1.87384 1.87384
1.37554 1.36811 1.36346 1.36339 1.36420 1.38335 1.41013 1.43692 1.45981 1.44926 1.23660 0.00000 0.00000 0.00000 0.00000 0.00000 0.00000 0.00000 0.00000 0.00000 0.00000 0.00000 0.00000 0.00000 0.00000 0.00000 0.00000 0.00000 0.00000 0.00000 1.10505 0.685022 0.517111 0.517111 0.727864 1.00193 1.00608 1.13894 1.19548 1.19548 1.19548 1.19548 1.19548 1.19548 1.19548 1.19548 1.19548 1.19548 1.19548 1.19548 1.23148 1.86817 1.87384 1.87384 1.87384 1.87384 1.87384 1.87384
1.36339 1.37582 1.40258 1.42936 1.45533 1.46296 1.46296 1.46296 1.46296 1.45499 1.33555 1.04093 0.00000 0.00000 0.00000 0.00000 0.00000 0.00000 0.00000 0.00000 0.00000 0.00000 0.00000 0.00000 0.00000 0.00000 1.10505 1.10505 1.10505 1.10505 1.19621 1.22659 1.19339 1.35347 1.42242 1.42251 1.24556 1.19548 1.19548 1.19548 1.19548 1.19548 1.19548 1.19548 1.19548 1.19548 1.19548 1.19548 1.19548 1.19548 1.19548 1.65122 1.87384 1.87384 1.87384 1.87384 1.87384 1.87384
1.44860 1.46294 1.46296 1.46296 1.46296 1.46296 1.46296 1.46296 1.46296 1.45958 1.42106 1.04625 0.00000 0.00000 0.00000 0.00000 0.00000 0.00000 0.00000 0.00000 0.00000 1.10505 1.10505 1.10505 1.10505 1.10505 1.15833 1.37656 1.53769 1.65218 1.71442 1.68055 1.42291 1.42251 1.42251 1.42251 1.31678 1.19548 1.19548 1.19548 1.19548 1.19548 1.19548 1.19548 1.19548 1.19548 1.19548 1.19548 1.19548 1.19548 1.19548 1.42822 1.87384 1.87384 1.87384 1.87384 1.82824 1.59022
1.46296 1.46296 1.46296 1.46296 1.46296 1.46296 1.46296 1.46296 1.46296 1.46266 1.44863 1.22403 0.00000 0.00000 0.00000 0.00000 0.00000 1.10505 1.10505 1.10505 1.10505 1.10505 1.13055 1.33926 1.51212 1.63354 1.70962 1.71648 1.71648 1.71648 1.71648 1.71648 1.47433 1.42251 1.42251 1.42251 1.38800 1.19548 1.19548 1.19548 1.19548 1.19548 1.19548 1.19548 1.19548 1.19548 1.19548 1.19548 1.19548 1.19548 1.19548 1.32091 1.83882 1.60936 1.35007 1.09077 0.877191 0.855812
1.46296 1.46296 1.46296 1.46296 1.46296 1.46296 1.46296 1.46296 1.46296 1.45060 1.43103 1.32613 1.04093 1.10505 1.10505 1.10505 1.10505 1.10505 1.11258 1.29882 1.48479 1.61387 1.70189 1.71648 1.71648 1.71648 1.71648 1.71648 1.71648 1.71648 1.71648 1.71648 1.56185 1.42251 1.42251 1.42251 1.42251 1.23221 1.19548 1.19548 1.19548 1.19548 1.19548 1.19548 1.19548 1.19548 1.20306 1.27621 1.36954 1.34942 1.28511 1.10991 0.885641 0.855812 0.855812 0.855812 0.855812 0.855812
1.46296 1.46296 1.46296 1.46296 1.46296 1.45791 1.42304 1.38331 1.34360 1.34612 1.46371 1.69440 1.32934 1.10505 1.10517 1.25504 1.45562 1.59302 1.69100 1.71648 1.71648 1.71648 1.71648 1.71648 1.71648 1.71648 1.71648 1.71648 1.71648 1.71648 1.71648 1.71648 1.64930 1.42251 1.42251 1.42251 1.42251 1.30343 1.19548 1.19548 1.19548 1.19548 1.22562 1.31953 1.43098 1.42950 1.35900 1.12915 0.895617 0.855812 0.855812 0.855812 0.855812 0.855812 0.855812 0.855812 0.855812 0.855812
1.46296 1.46201 1.43439 1.39465 1.35509 1.36147 1.42857 1.50055 1.57253 1.61459 1.62493 1.90764 1.78989 1.57095 1.67658 1.71648 1.71648 1.71648 1.71648 1.71648 1.71648 1.71648 1.71648 1.71648 1.71648 1.71648 1.71648 1.71648 1.71648 1.71648 1.71648 1.71648 1.71333 1.44591 1.42251 1.42251 1.42251 1.37887 1.26236 1.36799 1.50011 1.52321 1.40581 1.14826 0.907019 0.855812 0.855812 0.855812 0.855812 0.855812 0.855812 0.855812 0.855812 0.855812 0.855812 0.855812 0.855812 0.855812
1.36818 1.38037 1.44019 1.51220 1.58401 1.61489 1.61489 1.62138 1.66208 1.70769 1.75331 2.01003 2.09204 1.71719 1.71648 1.71648 1.71648 1.71648 1.71648 1.71648 1.71648 1.71648 1.71648 1.71648 1.71648 1.71648 1.71648 1.71648 1.71648 1.71648 1.71648 1.71648 1.71648 1.55780 1.56746 1.72568 1.94147 2.27606 1.56447 1.16753 0.919541 0.855812 0.855812 0.855812 0.855812 0.855812 0.855812 0.855812 0.855812 0.855812 0.855812 0.855812 0.855812 0.855812 0.855812 0.855812 0.855812 0.855812
1.59386 1.61489 1.61489 1.61628 1.64897 1.69460 1.74021 1.77937 1.78433 1.78433 1.78433 1.89476 2.14725 1.79219 1.71648 1.71648 1.71648 1.71648 1.71648 1.71648 1.71648 1.71648 1.71648 1.71648 1.71648 1.71648 1.71648 1.71648 1.71648 1.71903 1.72405 1.72908 1.73410 1.87939 2.43543 2.50643 2.57615 2.59950 1.57943 0.855812 0.855812 0.855812 0.855812 0.855812 0.855812 0.855812 0.855812 0.855812 0.855812 0.855812 0.855812 0.855812 0.855812 0.855812 0.855812 0.855812 0.855812 0.855812
