High_resolution/powerplant/Chizhou/OMI_NO2_200705.asc
ncols      200
nrows      200
xllcorner       115.585
yllcorner       28.7700
cellsize     0.0166667
NODATA_Value      -999.000
[rows 145 to 173 of 193, columns 67 to 133 of 200]
1.85486 1.75098 1.75098 1.75098 1.75098 1.75098 1.75098 1.75098 1.75098 1.75098 1.67629 2.15917 2.12258 2.10458 2.15121 2.19693 2.24112 2.26583 2.26593 2.26593 2.26593 2.26593 2.26593 2.26593 2.26593 2.29300 2.38381 2.51985 2.46215 2.47355 2.36450 2.10542 2.14083 2.17626 2.21165 2.24328 2.25173 2.34288 2.34742 2.34742 2.34742 2.20136 1.96894 1.96949 2.20270 2.39708 2.44344 2.48500 2.49269 2.49269 2.49269 2.48125 2.43408 2.39948 2.39948 2.39948 2.30670 2.17559 2.17559 2.08899 1.70074 1.68569 1.43257 1.37586 1.37586 1.37586 1.37586
1.88526 1.75103 1.75098 1.75098 1.75098 1.75098 1.75098 1.75098 1.75098 1.76113 1.69961 2.16273 2.23852 2.26463 2.26593 2.26593 2.26593 2.26593 2.26593 2.26593 2.26593 2.26593 2.26629 2.28290 2.30942 2.35761 2.44297 2.66715 2.63582 2.65133 2.62596 2.25435 2.24842 2.24842 2.24842 2.24842 2.24842 2.31502 2.34742 2.35051 2.37246 2.34761 1.98548 1.99143 2.18694 2.44068 2.49269 2.49269 2.49269 2.49269 2.49269 2.48842 2.44631 2.40393 2.39948 2.39948 2.36514 2.16932 2.14070 2.11017 1.68689 1.60591 1.49815 1.41978 1.42354 1.44065 1.49295
1.89891 1.76779 1.75098 1.75098 1.75098 1.75603 1.79640 1.84357 1.89074 1.92777 1.86642 2.08822 2.26119 2.26303 2.26593 2.26593 2.26783 2.28857 2.31543 2.34380 2.37375 2.40528 2.43837 2.45014 2.44974 2.46084 2.49268 2.67977 2.66061 2.64149 2.63229 2.31998 2.23301 2.23191 2.23080 2.22988 2.23007 2.27882 2.40550 2.43250 2.43512 2.43372 2.02433 1.95787 2.07557 2.34791 2.40286 2.37046 2.33815 2.30581 2.27347 2.24079 2.12345 2.11918 2.11733 2.08680 2.05611 1.83249 1.80638 1.80638 1.57773 1.42814 1.55384 1.57437 1.59920 1.63747 1.65352
1.93912 1.81354 1.78161 1.82828 1.87497 1.91659 1.92290 1.92239 1.92189 1.92138 1.89756 1.89482 2.30405 2.33654 2.37199 2.40368 2.43479 2.44096 2.44056 2.44016 2.43994 2.43994 2.43994 2.43994 2.43994 2.44113 2.42158 2.47801 2.45509 2.31855 2.22437 2.20871 2.20996 2.21148 2.21462 2.21894 2.22211 2.23601 2.42776 2.43625 2.43996 2.44367 2.16322 1.97800 1.98520 2.00895 2.05708 2.05708 2.05708 2.05708 2.05708 2.05708 1.94981 1.93230 2.04481 2.07827 2.11000 2.01106 2.01240 2.11834 2.10670 1.87106 1.96674 2.04218 2.06739 2.18968 2.29894
2.14816 2.05591 1.91607 1.91607 1.91500 1.90923 1.90294 1.89662 1.89033 1.88401 1.87865 1.73067 2.29980 2.43180 2.43930 2.43994 2.43994 2.43994 2.43994 2.43994 2.43994 2.43529 2.35600 2.24666 2.13262 2.00604 1.94949 2.10008 2.29077 2.23153 2.23603 2.24039 2.24363 2.24660 2.24796 2.24796 2.24796 2.24796 2.39264 2.45744 2.45744 2.45744 2.29679 1.98319 1.98227 1.99309 2.19365 2.22239 2.24772 2.27190 2.29503 2.31720 2.30614 2.27018 2.27201 2.29486 2.31779 2.36607 2.43813 2.43905 2.43543 2.33144 2.43222 2.46729 2.31970 2.31970 2.31970
2.19289 2.10902 1.89012 1.88379 1.87858 1.87803 1.87803 1.87803 1.87803 1.87803 1.87803 1.76236 2.12895 2.44027 2.45535 2.46844 2.47839 2.46237 2.37141 2.26693 2.15139 2.02970 2.00590 2.01310 2.01448 2.01639 2.03563 2.08144 2.33160 2.24866 2.24796 2.24760 2.24685 2.24611 2.24536 2.24462 2.24387 2.24313 2.31974 2.44954 2.44861 2.44767 2.40785 1.97648 1.97388 1.97094 2.26301 2.28746 2.24942 2.21137 2.17331 2.13525 2.09238 2.02799 2.21434 2.32353 2.32353 2.33673 2.43899 2.43905 2.43905 2.43179 2.42817 2.50583 2.32051 2.31970 2.31970
2.16819 2.14943 1.87895 1.86981 1.85925 1.84870 1.83813 1.82757 1.81701 1.80643 1.79588 1.79875 2.04724 2.45799 2.36747 2.25574 2.12507 2.01891 2.01309 2.01311 2.00922 1.98651 1.96182 1.93719 1.91113 1.88478 1.87008 1.85853 2.11848 2.22170 2.23996 2.23958 2.23958 2.23958 2.23958 2.23958 2.23958 2.23958 2.25860 2.39885 2.32906 2.25860 2.18810 1.84787 1.75291 1.72713 1.96552 2.11752 2.11752 2.11752 2.11752 2.11752 2.10742 2.02799 2.11448 2.32353 2.32353 2.32353 2.42226 2.43905 2.43905 2.43524 2.42797 2.49888 2.35245 2.31970 2.31970
2.08762 2.07704 1.81947 1.77398 1.77398 1.77398 1.77398 1.77398 1.77398 1.77398 1.76942 1.76975 1.82692 1.87990 1.88029 1.86326 1.83828 1.81375 1.78909 1.76446 1.74366 1.74176 1.74176 1.74176 1.74176 1.74176 1.74827 1.76862 1.98273 2.18855 2.23958 2.23958 2.22909 2.17694 2.12061 2.06417 2.00784 1.95144 1.89591 1.96592 1.99328 1.99328 1.99328 1.84269 1.72134 1.72316 1.87599 2.11752 2.11752 2.11752 2.11752 2.11752 2.11715 2.03477 2.03129 2.30170 2.32353 2.32353 2.39226 2.43905 2.43905 2.43860 2.42837 2.47560 2.40054 2.31970 2.31970
2.05854 2.04196 1.84889 1.74276 1.73424 1.72608 1.71831 1.71085 1.70371 1.69686 1.69321 1.69364 1.72598 1.68376 1.68639 1.71826 1.74176 1.74176 1.74176 1.74176 1.74176 1.74176 1.74176 1.74176 1.74176 1.74176 1.75255 1.79614 1.87321 1.95949 1.98316 1.92676 1.88092 1.87663 1.87663 1.87663 1.87663 1.87663 1.87663 1.92757 1.99328 1.99328 1.99328 1.91386 1.72134 1.72153 1.78618 2.11752 2.11752 2.11752 2.11752 2.11752 2.11752 2.05554 2.02799 2.22172 2.32353 2.32353 2.36242 2.43905 2.43905 2.43920 2.44703 2.48419 2.43878 2.30629 2.30274
1.92556 1.92534 1.82360 1.69321 1.69321 1.69321 1.69321 1.69321 1.69011 1.67811 1.66555 1.65300 1.67809 1.65204 1.66417 1.69170 1.74176 1.74176 1.74176 1.74205 1.75561 1.77504 1.79306 1.80983 1.82545 1.84007 1.84765 1.86569 1.86323 1.77121 1.87972 1.88145 1.88317 1.88487 1.88658 1.88832 1.89004 1.89175 1.88160 1.86235 2.01863 2.02078 2.02291 2.01156 1.76051 1.75743 1.76669 2.12442 2.16002 2.16270 2.18624 2.21987 2.25343 2.23878 2.22527 2.34340 2.53448 2.56602 2.60705 2.74401 2.77607 2.80757 2.78320 2.72469 2.44841 2.23090 2.19381
1.92200 1.91186 1.84846 1.66450 1.65547 1.63673 1.61678 1.59661 1.57972 1.57156 1.56413 1.55654 1.57097 1.55931 1.55274 1.57312 1.65362 1.66848 1.68089 1.69225 1.69117 1.68370 1.67611 1.66866 1.66106 1.65365 1.64600 1.82336 1.93024 1.84046 1.92505 1.93815 1.93815 1.93815 1.92881 1.88578 1.83961 1.79345 1.76319 1.78111 2.07480 2.15212 2.17840 2.20465 2.02195 1.98524 2.04838 2.38081 2.53449 2.56553 2.57575 2.57575 2.57575 2.56427 2.53644 2.53997 2.69497 2.70487 2.70240 2.76539 2.74389 2.66769 2.57573 2.46811 2.20706 2.02229 1.98510
1.67531 1.66547 1.64508 1.44473 1.43084 1.42934 1.42934 1.43213 1.46190 1.49873 1.53552 1.57220 1.62027 1.66984 1.60139 1.56956 1.61443 1.63163 1.63163 1.63163 1.63163 1.63163 1.63163 1.63163 1.63163 1.63163 1.63163 1.76284 1.93598 1.89911 1.95807 1.97961 1.95446 1.92930 1.91349 1.93139 1.95242 1.97342 1.99048 1.99195 2.17931 2.36347 2.36347 2.36347 2.22567 2.09153 2.12087 2.35229 2.49806 2.45820 2.41814 2.37828 2.33852 2.28242 2.11358 2.07336 2.26456 2.33007 2.28607 2.23540 2.15311 2.12086 2.06987 2.12462 1.98268 1.82699 1.82599
1.58300 1.57167 1.58861 1.46234 1.45346 1.47690 1.49960 1.51955 1.51563 1.50599 1.51313 1.65083 1.65240 1.68736 1.62273 1.56956 1.59485 1.63460 1.63925 1.64390 1.64854 1.65319 1.65783 1.66249 1.66712 1.67179 1.67134 1.70530 1.88848 1.86497 1.92551 1.99195 1.99195 1.99195 1.99195 1.99273 1.99668 2.00111 2.00570 2.01046 2.10279 2.45881 2.47731 2.49687 2.43393 2.18845 2.20961 2.26438 2.09529 2.12599 2.16577 2.20552 2.24525 2.28412 2.20967 2.24192 2.27302 2.29065 2.23197 2.13269 1.98477 1.96053 1.95996 2.02955 2.03497 1.82548 1.82599
1.62362 1.65152 1.65688 1.55544 1.49137 1.49137 1.49222 1.51904 1.55837 1.59763 1.63695 1.85005 1.91966 1.79027 1.68443 1.61272 1.62273 1.68000 1.68041 1.68041 1.68041 1.68041 1.67696 1.63944 1.59399 1.55442 1.52016 1.53512 1.84843 1.87520 1.97870 2.02723 2.03288 2.03875 2.04488 2.05008 2.05056 2.05056 2.05056 2.05056 2.05599 2.51444 2.56494 2.56354 2.55314 2.38658 2.43890 2.58879 2.35515 2.35665 2.35665 2.35665 2.35665 2.33067 2.17939 2.08146 2.03114 2.09720 2.10182 2.09386 1.96211 1.95996 1.95996 1.98050 2.10577 1.82540 1.82599
1.79083 1.83531 1.87460 1.84656 1.78765 1.82694 1.86535 1.87775 1.87775 1.87775 1.87775 2.02948 2.11449 1.91570 1.71580 1.64834 1.64164 1.70351 1.72823 1.70188 1.66164 1.61961 1.57980 1.57964 1.58937 1.59125 1.59125 1.59125 1.90176 1.96504 2.04758 2.05056 2.05056 2.05056 2.05056 2.05051 2.04971 2.04867 2.04761 2.04655 2.04549 2.33027 2.55640 2.55639 2.55639 2.55469 2.55415 2.63207 2.41738 2.32883 2.26782 2.21310 2.16401 2.13640 2.06507 1.99669 1.99669 2.06922 2.10182 2.10182 1.99091 1.95996 1.95996 1.95996 2.10128 1.86549 1.82599
1.98765 2.04326 2.04326 2.00998 1.87638 1.87134 1.86610 1.86087 1.85563 1.85039 1.84516 1.93525 2.06280 1.94492 1.74794 1.81998 1.82453 1.77705 1.60517 1.59125 1.59125 1.59125 1.59125 1.59125 1.59125 1.59125 1.59125 1.59125 1.82636 1.96362 2.02735 2.04823 2.04717 2.04610 2.04503 2.04402 2.04376 2.04376 2.04376 2.04376 2.04376 2.17549 2.55639 2.55639 2.55639 2.50899 2.41532 2.37558 2.24512 2.13626 2.13609 2.13609 2.13609 2.13609 2.09185 1.99669 1.99669 2.03509 2.10182 2.10182 2.02766 1.95996 1.95996 1.95996 2.04302 1.93646 1.82824
1.89534 2.00626 2.00105 1.99192 1.83107 1.82623 1.82623 1.82623 1.82623 1.82623 1.82623 1.88988 2.11281 2.12742 1.86453 2.00918 1.93569 1.88527 1.59132 1.59125 1.59125 1.59125 1.59125 1.58869 1.58253 1.57635 1.57018 1.56401 1.71752 1.92687 1.98359 2.04376 2.04376 2.04376 2.04376 2.04376 2.04376 2.04376 2.04376 2.04372 2.04365 2.11829 2.42003 2.33454 2.26517 2.23006 2.22861 2.24253 2.25728 2.13557 2.13553 2.13548 2.13543 2.13538 2.11398 1.98410 1.97291 1.96673 2.06072 2.05599 2.00959 1.89622 1.88730 1.87834 1.89751 2.05454 2.13491
1.81504 1.99174 1.99174 1.99174 1.86104 1.82623 1.82623 1.83653 1.87402 1.91781 1.96161 1.99775 2.25414 2.27144 1.98156 2.12969 2.05977 2.06628 1.78798 1.73805 1.74633 1.75421 1.76258 1.77299 1.78751 1.80152 1.81611 1.83008 1.87012 1.92497 1.94844 2.05148 2.04200 2.04194 2.04188 2.04182 2.04176 2.09051 2.21822 2.34708 2.47591 2.54669 2.32607 2.22942 2.23042 2.23141 2.23086 2.23193 2.23818 2.07029 2.06096 2.05202 2.04307 2.03413 2.02527 1.86982 1.86161 1.86161 1.95585 1.99376 1.98883 1.85614 1.85190 1.84725 1.82009 1.93359 2.02952
1.78109 1.98877 2.00457 2.01113 2.07598 2.14648 2.19024 2.22375 2.23006 2.23006 2.23024 2.23587 2.48180 2.56383 2.35441 2.42100 2.36503 2.30696 2.12861 1.96252 1.96252 1.96252 1.96252 1.96252 1.96252 1.96252 1.96252 1.96252 1.96114 1.92505 1.92442 2.05061 2.04265 2.08402 2.21107 2.34090 2.47078 2.55181 2.55387 2.55487 2.55587 2.55687 2.43600 2.23985 2.23985 2.23985 2.23871 2.23818 2.20399 2.04647 2.02632 2.03009 2.03964 2.04923 2.05882 1.95535 1.92625 1.93824 1.99279 2.04688 1.99665 1.90762 1.88091 1.86337 1.88274 1.89390 1.88815
1.81400 2.00066 2.12068 2.16649 2.22314 2.30727 2.33562 2.36470 2.39448 2.42504 2.45615 2.48201 2.56166 2.59651 2.46458 2.36411 2.42144 2.30696 2.23685 1.96252 1.96252 1.97560 2.00427 2.03294 2.06165 2.09029 2.11899 2.14767 2.17634 2.20658 2.35186 2.42435 2.46678 2.55529 2.55807 2.55807 2.55807 2.55807 2.55807 2.55807 2.55807 2.55807 2.53163 2.24341 2.23985 2.23985 2.23916 2.23818 2.21545 2.14648 2.13640 2.14223 2.12720 2.09857 2.06998 1.95730 1.84465 1.80886 1.78095 1.77923 1.78470 1.86319 1.94434 1.97085 1.98374 1.88560 1.73300
2.16126 2.29948 2.46472 2.47453 2.50300 2.59651 2.59651 2.59651 2.59651 2.59651 2.59607 2.56112 2.50501 2.44900 2.36526 2.41765 2.64628 2.50400 2.53149 2.25616 2.24558 2.26120 2.26120 2.26120 2.26120 2.28706 2.40725 2.53613 2.66496 2.73761 2.72831 2.68989 2.55807 2.55807 2.55807 2.55807 2.55807 2.55807 2.55807 2.55807 2.55807 2.55807 2.55807 2.31588 2.23985 2.25870 2.33839 2.16038 2.11329 2.03174 1.99420 1.96559 1.95207 1.95207 1.95207 1.89192 1.78818 1.82129 1.85441 1.87097 1.87708 1.90142 1.98374 1.98374 1.98374 1.97262 1.72264
2.25229 2.25810 2.40458 2.34858 2.29378 2.34137 2.29014 2.23408 2.17802 2.12202 2.06640 2.04529 2.04529 2.04529 2.04529 2.43562 2.81250 2.62249 2.60564 2.40748 2.26120 2.28105 2.39710 2.52593 2.65481 2.75777 2.76641 2.76641 2.76641 2.75063 2.72831 2.71791 2.57300 2.55807 2.55807 2.55807 2.55807 2.55807 2.55813 2.61130 2.70879 2.80623 2.90373 2.85798 2.78044 2.85909 2.86552 2.09853 1.99907 1.95222 1.95207 1.95226 1.96855 1.99503 2.02154 2.02382 1.90246 1.90246 1.90246 1.89174 1.87708 1.87909 1.97843 1.98374 1.98374 1.98374 1.78816
1.73105 1.70107 1.90438 1.93549 1.93549 2.01913 2.04529 2.04529 2.04821 2.05829 2.06866 2.07901 2.08939 2.09977 2.11015 2.39456 2.76173 2.67322 2.55956 2.50120 2.64460 2.75363 2.76641 2.76641 2.76641 2.76641 2.76641 2.76641 2.76641 2.75835 2.72831 2.72787 2.61681 2.65263 2.7w&H9FFb:FTl"t+ b6 p=  v(_Fb1 b#v>b#a p waFUo  sFFaru>aapwao^Rs ar13x a a.8wa a2.yuFFa 2oqaaHUs^WaaqTWxaoyFFasrSGaFFau aFFaq qas05xaaKtTaxa2.q!67v/a"FWn x `qrPFa a=q?K%` 1ns`qwVF`P `.8   29 0w2FF`|q_^sRl``1.x3 u aloAwaFFptaFFar^_aavyaFWo  y9aara\aKv[rZFFa 1o42ra pwa a u9QTb9b uwFbuFFsp pR bV b7rRb b1.{16p
aTHwSQqaoQTq aFFax aa2.w waFGq00qa a.0qVVaa0.qVVr%FFb/l-tbp46w|btbS pZHlb9lPUvbFprtb9b.9tPb b{@tMbHl\PWrUbApp shbpbg{tb FTl r(b:p6s)b9b+t(b8b8TI{.WWt4FFb-FTl261r: b,b8t9VQb* b.UHr=  p+b&l105t2 ar r0 aau48a a ss aFFr27qTFaavaap5p$b- l/00{b qm u{bubdtb52Hqbnl86s}b q52s_GbbHSpb= b< w%v4 bFUl;t1FGb>p4t<>b+ b#wraFTo91qa st4 aFFaHTsaasTSr ao paa.2uaas^Tqao pb p+z=b0 b<.0{0V^b#aqqassaaHVx aaqtaov ap uaa.6u Kao tapQVva a.7paa1.vL69qNFFaD 1onya pq 4 a aw26uaoqXapraa.5xa atQSxaFWo80ulFaavaFFav_WwaFVoVUqapq8 aFFaraa2.qQRua p.07w?b,FGb=HVv&b7 b=sqblRQp bp  u b bpp~_RHvFFb~lS wU bGpI04wRb~berzbg b { UUu b lv,FGb5p RQu1aa2.tUUwFFa 2opFGastaa sa au:v)b0l/T^{* bb.8t bbTHz {jbp 2lnUTuk bEFFpD uYbOb\w_bK bE{j{Qbypx ra5 bubn uWbEbE2.zQWQsE bEl]UQrPbDqJ03uS5 bzb` q{57H b
RPHb l p b s vb bHU{b b1.v pebklg43zgFFbzsuqdb{FFbw1.weU_rjbbl 43z bs 54v b bq b:b6w!{-FFb&l6UVq7aarWTaFGaw7 s'b,l%90v"b1FFs!PVz:b#ataFFaz1 s b%s& u=1 b6b-r _Vb b1.{spbxln92pZbF pF22wQbFbV qTH b{lf81v{ beFFp  s6 bbzb:b2THq3 t'FFb%l0^Vv6as38paa r uaFToy as19vaaxSSaaTIp75ua 2o ta a.1xaaTHp75uao^Qp b! p&02w;b3 b) wRTbbrV_rIbast SFb bzbb?WHz* {; b;l%sbp  wbbwH balxqqbFFpp^Fbb q.b7b62.r&TTz3FFb0 2l<UUp>a spTlaaTHqxaoV^raptSFaa.9y aaqpaFTo wlFaat3PTb%b)WH{<r3FFb3l6r8b& p.vb b0HWs0_Wb#b&s:sb1p<q-1 b5b*HTs-36b= b=p.  q< b9l$p# b2p> t;b)b4 w:TSKaovas10uaayUTa aqw aoq ap taaWIvta 1ow apQTt^Faa rWRaFFaWHvsFFa 1oW^v9aa.8pa a1.yt aqqaa
1l&ubs81zSlbb0.rrblrbr VVr b b.0r.b;b9THt-t0 b,l=t49aasQPaFFaywaFToq as96paFFawaax10was paawaaTIxwa 2opFFa s x5 aap Ka 3oRQraFFrw_Gaa.2rQPaFFau74y aouaFFruaa3.u^Srb)l&VTw)b q49rb FFbvR_bbq  v bFUl34z bFFbzQQbbUHp z bl q b qzvbabs wb FFb uusLbj pf53sp^Fbabp.5ptb bw+p6b1l"q$b/s"_S{9 b( b4H_t2H aosapqaa.9wab" {102u-b3l PWp)FFbFFsr b FFbdWI{|02umbpFWlmpnb|pt zb bpFGbxwt bbw34qb  1l)u/b6FFb#s#11b8b=u vbl-  s6b'p73yaarW_aFFav81xaFFpQUy_Faar19a aWHvr aov3 b) s#PQw%b5b'HPu$H4b2l'UQs! b-s&S^t7aa wa avvaoraFFp99yaaq61waoEpJ a p^^qaa xTWaFFaWHyp ao sa a.8x21aay42paFWl;p:b7s v3 b b r b br# ub'sq8 aa.3y89aaruao12qasSPr2 aa.6u?H> b FTl43upbgFFpgPWvtbdb { bb2.w32q b FTl
btsPPuyblb|HSv}75Hlbfl r b s s-b8b"q(b, aWHv81xaop apy9 aav x ao wFFa pyaFFasaa1.wsal1z7b7 b,vbb1.tuukbqlnwi bzsyrdbmbw.9tbbTHrs: bFFp03s bbu 69bb9{=28u#aou a p96raa.9vK aox aFFsq4 aFFasVQaa2.qs aova s03wTmaaq saopFFassQFaa.1s43a as55yFFaL 2oS_Tsja FGax"a&FGa 2.vta&FUo*45r FFax sZ68t2 aFGasaFGaTHvsFGa s75s0b#b1v5b$FGb*w,98r=bFTl _Sz b p61sb>b H_q3KFFaFTopasu7 aa.9uWQaax41vaopaFFs  uQlaaxval;z<FGb0p9tb b v bFFbTHvv b FWl p bbv89bb<1.u#R^r.b. 1l<89sap qVFaawVWaaWHvyappaa p aFFaWHwr b%l={+b=s PPpb b vpHh blFWlytbbs s}PUtdbrb`HPvgbpbq ub38vtbrlxstFGbhsm_WwbbWH{zb l15r.b* p taaraaTIuua 2ou aaHUy46aaTHrw a 2o^Wu asU^paaHTyaa2.rWRwaFFs38pPFaaHUraa2.pu aoVQqFGa s22t_FaFFau72K ao61p asTPt1 aa.2wPVaap54p&
sxa ayKao^WuFFasp6 aayaarWRw b# 2l4^Wv=b1p738tb bv  {abe 2ls sx bgpi{v bgFGbu tubf bdTHpwq blR^rbb s36b b THs-u)FGa 2ox as10s5 aaH_t75aa^WHxQu^ aiph_RwapagHQwha{aDvG60xaosFGapQSsaaqSTKao46ya pwaar aawp aorFFa p xRlaawq a 1oRQvFFaFFpsaaHPt53aFGawwFFal5r9b7FGbsTRbb wvFFbl16sbs42tb b .5{STb bWIt82t*b;s8PP{"b.b:HQu6b#avWPpa 1o^PxapraaH^uKaFWoAr\a|pa yr6 a a taFFa>WHx+^Pw aow FFap qwapaBWIxJ01rao09taFGp^_w0b*FFb"H_p"TWbb 1.{ub 1l t bb sbbzw b;r8r>b)b4qaa0.q00qa 0oD00qea q q%a$ `tJ`FUn90x`FFrp``.0t7a+a0p+59yaFUosSUqjaGrTW_s9aaUHspFFaoQRva rWt_8 aH a\  t@50awa r<y ` n !   FF y RRy `c nva"FGr 48sSRFaa.2waFGa3.ruFFb/q<WTw$QGb6FFb+ w/b<FGb= {48s b= 2l/z#FFb,s95q a av  K a 2oH69uea
q27aFFassFFa 2ouasvRlaa2.s x aoyas16xaFFataaTIp x ao57y aFFat^_aap^TyaosasR17uXQFaab.1y VSa a3p923u` rW^w``y45`a 2.p7SWq=aFTo xh as^18p aa  sKa 2owaspaar22aFFau_RtaotasTSpaaTHpy aFToUQqFGaFFspaav^Sa axtaFTosaaHVx29aa2.q40xa 2o93y aFFs raFGax aaqUTvasV_ra aHVyaaqxa 1oRRva\ pY uBaHap K< a-nv`FFqx0 ``gHSsx60``<t5  FW99v/FG`p qy`FF`v>s=ao66p] ap80y2 aata b!{632{( b*l?09v- b6 b'HVt&b3b0s:47z$ao67r asraH a.2p?``FTH g  %5 $ 23XRQ8 JY`FTo824q avFFs_pa a taauLxMaCo`29yFFa s1p#6 a#`sURs` 2norQ`rra#a(HUx agaG rraFUo28ylGa aHUv:38b(b+q;_Pv/FFb2 2l!r&b.FFp"  p0b%FFb2saaTHquasQ vcTFaFFa?H_w``xpy`n TWv!FF QG l H_ ;5FF l `0 qyQ`FF`.7p` `WHv458s0 a=o tagpz72pRaPav
