High_resolution/powerplant/Chizhou/OMI_NO2_200910.asc
ncols      200
nrows      200
xllcorner       115.585
yllcorner       28.7700
cellsize     0.0166667
NODATA_Value      -999.000
[rows 29 to 57 of 185, columns 67 to 133 of 200]
2.85659 4.03737 4.13231 4.08887 4.03417 3.97953 3.93069 3.92279 3.92279 3.92279 3.92279 3.92279 3.92279 3.92279 3.92279 3.92279 3.92279 4.03852 4.34515 4.34515 4.70377 5.04182 5.02504 5.00833 5.00126 5.30054 8.34641 8.45826 8.45826 8.45826 8.45826 8.45826 8.45815 8.41939 8.42062 8.33128 8.19086 8.09188 8.05736 8.07203 8.21025 8.21025 8.21025 8.21025 8.21025 8.21025 8.21025 8.21025 8.21863 14.9208 19.1979 21.4709 21.5952 21.7198 21.8442 21.9061 21.9061 21.9061 21.9061 21.9061 21.9061 21.9061 21.9061 21.9061 21.8177 21.4925 20.5340
2.77932 3.64113 3.93398 3.92279 3.92279 3.92279 3.92279 3.92279 3.92279 3.92279 3.92279 3.92279 3.92279 3.92279 3.92279 3.92279 3.91399 3.90357 4.27217 4.26942 4.38203 5.00076 5.00126 5.00126 5.00126 5.01347 7.50825 8.45826 8.45577 8.40379 8.32207 8.24004 8.15820 8.13756 8.13365 8.07984 8.13749 8.19772 8.21025 8.21025 8.21025 8.21025 8.21025 8.21025 8.21025 8.21025 8.20957 8.18844 8.15804 11.9151 18.7925 21.8505 21.9061 21.9061 21.9061 21.9061 21.9061 21.9061 21.9061 21.9061 21.7799 21.4449 21.1068 20.7690 20.5190 20.5061 20.4077
2.77345 3.20956 3.92731 3.95290 3.97645 3.99763 3.96436 3.92279 3.92279 3.92279 3.92279 3.92279 3.91582 3.89396 3.87159 3.84924 3.83567 3.83553 4.12653 4.25789 4.25789 4.89685 5.00126 4.99586 4.98264 5.13159 6.62615 8.22084 8.14774 8.16214 8.21968 8.28480 8.35914 8.40473 8.39208 8.21336 8.21025 8.21025 8.21025 8.21025 8.21025 8.21025 8.20951 8.18814 8.15743 8.12693 8.09699 8.08741 8.08741 8.92684 18.3264 21.1173 21.9061 21.9061 21.9061 21.9061 21.7355 21.3972 21.0591 20.7211 20.5092 20.5061 20.5061 20.5061 20.5327 20.9141 21.4600
3.19930 3.34116 4.01453 4.04904 4.04904 4.04904 4.01280 3.92279 3.91743 3.89614 3.87376 3.85143 3.83601 3.83553 3.83553 3.83553 3.83553 3.83546 3.99610 4.22690 4.20869 4.78837 5.36939 5.65798 5.91669 5.98425 6.22266 8.27436 8.39369 8.40485 8.40485 8.40485 8.40485 8.40485 8.40485 8.25631 8.21025 8.21025 8.20936 8.18756 8.15712 8.12641 8.09654 8.08741 8.08741 8.08741 8.08741 8.08741 8.08741 8.11891 15.7468 20.1806 21.6875 21.3497 21.0113 20.6732 20.5061 20.5061 20.5061 20.7480 21.2703 21.8659 22.5494 23.3428 24.2165 24.4400 24.4400
3.32489 3.33575 3.85505 4.04904 4.04606 4.03068 4.00541 3.85506 3.83658 3.83553 3.83553 3.83553 3.83529 3.83208 3.82797 3.82387 3.81977 3.96227 4.39068 5.09550 5.49246 5.77209 5.85694 5.75947 5.70864 5.70864 5.73306 7.81455 8.40485 8.40485 8.40485 8.40485 8.40485 8.40485 8.40389 8.28962 8.15651 8.12604 8.09628 8.08741 8.08741 8.08741 8.08741 8.08741 8.08741 8.08741 8.08741 8.08461 7.98941 7.85013 11.8110 17.9780 20.5061 20.6129 21.0901 21.6606 22.3130 23.0671 23.9497 24.4400 24.4400 24.4400 24.4400 24.4400 24.4400 24.4400 24.1790
3.32499 3.32584 3.60346 3.99806 3.98496 3.98359 3.98359 3.87266 3.83141 3.82730 3.82320 3.81910 3.81523 3.93038 4.31617 4.71200 5.10830 5.35805 5.36177 5.64430 5.70864 5.70864 5.70864 5.70864 5.70864 5.70864 5.70864 6.96042 8.40485 8.40485 8.40373 8.38126 8.35080 8.32009 8.29049 8.24588 8.08741 8.08741 8.08741 8.08741 8.08741 8.08741 8.08741 8.08405 7.98661 7.84777 7.70799 7.57558 7.65701 7.84164 9.06338 17.7744 22.8440 24.3854 24.4400 24.4400 24.4400 24.4400 24.4400 24.4400 24.4400 24.4400 24.0855 23.3739 22.6617 21.9495 21.4980
3.32858 3.32874 3.40141 3.94634 3.97691 3.97384 3.97076 3.89937 3.81434 3.90378 4.27857 4.67471 5.07116 5.35078 5.36177 5.36177 5.36177 5.36177 5.36177 5.54332 5.70864 5.70864 5.70864 5.70864 5.70864 5.70864 5.71046 6.14158 8.31282 8.31975 8.29019 8.28201 8.28201 8.28201 8.28201 8.28147 8.10814 8.08741 8.08741 8.08338 7.98403 7.84520 7.74887 7.78946 7.93093 8.11536 8.29949 8.48028 8.53852 8.53852 8.59421 15.9585 21.4658 24.4400 24.4400 24.4400 24.4400 24.4332 23.9856 23.2728 22.5615 21.8493 21.4910 21.4910 21.4910 21.4910 21.4910
3.36644 3.37859 3.38811 3.78861 3.96770 4.01725 4.28778 4.59546 5.03356 5.34057 5.36177 5.36177 5.36177 5.36177 5.36177 5.36177 5.36177 5.36177 5.36177 5.44227 5.70864 5.70864 5.70933 5.74529 5.80087 5.85647 5.91023 5.94722 7.75955 8.28201 8.28201 8.28201 8.28201 8.28201 8.28201 8.27731 8.06068 7.96687 8.01168 8.06105 8.20484 8.38927 8.52972 8.53852 8.53852 8.53852 8.53852 8.53852 8.53852 8.53852 8.53852 12.8992 19.7946 24.4123 23.8850 23.1728 22.4606 21.7555 21.4910 21.4910 21.4910 21.4910 21.4910 21.4910 21.4910 21.4910 21.4910
3.38953 3.38953 3.38947 3.63476 4.84890 5.10181 5.12827 5.13181 5.34561 5.36177 5.36177 5.36177 5.36177 5.36177 5.36177 5.36177 5.36177 5.36177 5.36185 5.39751 5.77064 5.85113 5.90606 5.92566 5.92566 5.92566 5.92566 5.92566 7.01435 8.28201 8.28201 8.27064 8.12779 7.94245 7.75762 7.57715 7.82526 8.53852 8.53852 8.53852 8.53852 8.53852 8.53852 8.53852 8.53852 8.53852 8.53852 8.53852 8.53852 8.52891 8.41180 9.37439 17.0291 21.5543 21.4910 21.4910 21.4910 21.4910 21.4910 21.4910 21.4910 21.4910 21.4910 20.6842 19.0825 17.4816 15.8806
3.38953 3.38953 3.38953 3.42074 4.89232 5.14051 5.24344 5.36378 5.42226 5.36177 5.36177 5.36177 5.36177 5.36177 5.36177 5.38779 5.44330 5.49897 5.55440 5.57879 5.80408 5.92566 5.92566 5.92566 5.92566 5.92566 5.90982 5.85322 5.89965 7.84429 7.69470 7.52052 7.47868 7.47868 7.47868 7.47868 7.53686 8.51669 8.53852 8.53852 8.53852 8.53852 8.53852 8.53852 8.53852 8.52785 8.40921 8.26134 8.11400 7.97597 7.94562 7.95571 14.3649 19.8347 21.4910 21.4910 21.4910 21.4910 21.4751 20.4643 18.8633 17.2616 15.6613 14.8671 14.8671 14.8671 14.8671
3.54630 3.70685 3.86867 4.03001 5.09677 5.83839 5.85675 5.85675 5.68429 5.36177 5.36177 5.38286 5.43801 5.49359 5.54919 5.57877 5.57879 5.57879 5.57879 5.57879 5.70255 5.89577 5.84994 5.79989 5.52727 5.13260 4.75275 4.41477 4.34899 6.80096 7.47868 7.47868 7.47868 7.47868 7.47868 7.47868 7.47868 8.27157 8.53852 8.53852 8.53852 8.52678 8.40660 8.25837 8.11151 7.97407 7.94562 7.94562 7.94562 7.94562 7.94562 7.94562 11.7006 18.2537 21.4294 20.2444 18.6440 17.0431 15.4573 14.8671 14.8671 14.8671 14.6658 14.2206 13.8387 13.5079 13.2202
4.36083 4.36083 4.36083 4.36074 4.71005 5.85443 5.85675 5.86928 5.85759 5.48825 5.54387 5.57833 5.57879 5.57879 5.57879 5.58075 5.61101 5.65055 5.69005 5.72880 5.56370 5.13713 4.78648 4.44163 4.31877 4.31877 4.31877 4.31877 4.31877 5.80765 7.47868 7.47868 7.47868 7.47868 7.47868 7.47868 7.47868 7.95518 8.40363 8.25570 8.10866 7.97230 7.94562 7.94562 7.94562 7.94562 7.94562 7.94562 7.94562 7.94562 7.95580 8.08704 9.18081 13.6667 15.2838 14.8671 14.7881 14.3659 13.9624 13.6160 13.3143 13.0493 12.9059 12.9045 12.9045 12.9045 12.9045
4.36083 4.36083 4.36083 4.35818 4.38055 5.76999 5.98932 6.01845 6.01951 5.65416 5.58321 5.61721 5.65675 5.69627 5.73579 5.77335 5.61941 5.27058 4.92069 4.57229 4.41903 4.34095 4.31877 4.31877 4.31877 4.31877 4.31877 4.31877 4.31877 4.80089 7.46164 7.47868 7.47868 7.46498 7.34083 7.19343 7.04586 7.09611 7.94562 7.94562 7.94562 7.94562 7.94562 7.94562 7.94562 7.94562 7.95700 8.09043 8.25589 8.42168 8.57774 8.73220 8.94554 11.7906 13.3920 13.1364 12.9277 12.9045 12.9045 12.9045 12.9045 12.9045 12.9045 12.9045 12.9039 12.8775 12.8372
4.34857 4.33533 4.32209 4.31150 4.31011 5.39761 6.05299 6.08265 6.11227 5.93393 5.77710 5.78261 5.65089 5.30467 4.95492 4.60584 4.41917 4.41903 4.41903 4.41903 4.41903 4.36999 4.31877 4.31877 4.31877 4.31877 4.31877 4.31877 4.31877 4.36643 6.74856 7.19088 7.04289 6.90937 6.88578 6.88578 6.88578 6.88758 7.82575 7.94562 7.94562 7.94562 7.95886 8.09376 8.25982 8.45979 8.79583 9.02635 9.22440 9.42278 9.61997 9.69845 9.69845 11.3261 12.9234 12.9045 12.9045 12.9045 12.9045 12.9045 12.9025 12.8717 12.8314 12.7911 12.7515 12.7377 12.7377
4.30286 4.26794 4.23066 4.19339 4.21797 4.98183 6.17151 6.17238 6.09455 5.71064 4.98900 4.63993 4.42189 4.41903 4.41903 4.41903 4.41903 4.41903 4.41903 4.41903 4.41903 4.39909 4.31877 4.31877 4.31877 4.32345 4.38564 4.46500 4.54423 4.61604 5.55074 6.88578 6.88578 6.88578 6.88578 6.88578 6.88578 6.88578 7.53834 8.09830 8.37725 8.74097 9.09183 9.31995 9.51855 9.68193 9.69845 9.69845 9.69845 9.69845 9.69845 9.69845 9.69845 10.2861 12.9374 12.9045 12.9003 12.8659 12.8256 12.7854 12.7471 12.7377 12.7377 12.7377 12.7377 12.7377 12.7377
4.12659 4.12424 4.12424 4.12424 4.12561 4.53641 5.55974 5.34093 5.15644 5.11750 4.43540 4.41903 4.41903 4.41903 4.41903 4.41903 4.41903 4.41903 4.41903 4.41903 4.41903 4.42089 4.38785 4.45744 4.53682 4.61141 4.62850 4.62850 4.62850 4.62850 4.82535 6.88010 6.88578 6.88578 6.90567 7.07807 7.28153 7.48556 8.20921 9.61355 9.69845 9.69845 9.69845 9.69845 9.69845 9.69845 9.69845 9.69845 9.69845 9.69845 9.69845 9.69845 9.72122 9.86544 12.3969 12.7801 12.7436 12.7377 12.7377 12.7377 12.7377 12.7377 12.7377 12.7377 12.7377 12.7354 12.5889
4.12424 4.12424 4.12424 4.12424 4.12424 4.36037 5.02813 5.14969 5.14579 5.06134 4.56167 4.41903 4.41903 4.41903 4.41903 4.41903 4.41903 4.42002 4.47094 4.55026 4.62958 4.70640 4.66664 4.62850 4.62850 4.62850 4.62850 4.62850 4.62850 4.64016 4.65883 6.60734 7.33641 7.54086 7.72405 7.75602 7.75602 7.75602 7.85586 9.65374 9.69845 9.69845 9.69845 9.69845 9.69845 9.69845 9.69845 9.69845 9.72291 9.85426 9.99977 10.1439 10.2666 10.2807 11.4516 12.7491 12.7377 12.7377 12.7377 12.7377 12.7377 12.7287 12.5561 12.3232 12.0899 11.8591 11.7726
4.12424 4.12424 4.11849 4.00486 3.84996 3.81740 4.25991 4.59548 4.48415 4.45235 4.43834 4.41903 4.41903 4.41915 4.46347 4.54280 4.62206 4.70042 4.72876 4.72876 4.72876 4.72876 4.69568 4.62877 4.65213 4.69046 4.73478 4.85212 4.99105 5.11833 5.21007 6.34456 7.75602 7.75602 7.75602 7.75602 7.75602 7.75602 7.75602 9.19613 9.69845 9.69845 9.69845 9.69845 9.72465 9.85729 10.0027 10.1469 10.2679 10.2807 10.2807 10.2807 10.2807 10.2807 10.6511 12.7634 12.7377 12.7174 12.5238 12.2906 12.0574 11.8333 11.7726 11.7726 11.7726 11.7606 11.7200
3.53847 3.38348 3.23462 3.19445 3.19445 3.21325 3.64447 4.42420 4.45235 4.45235 4.47595 4.53527 4.61457 4.69376 4.72876 4.72876 4.72876 4.72876 4.72782 4.71219 4.69152 4.67086 4.65696 4.88959 5.00890 5.10966 5.20417 5.22574 5.22574 5.22574 5.22574 5.52885 7.75596 7.75602 7.75602 7.75602 7.75602 7.75602 7.75602 8.63869 9.72640 9.86032 10.0056 10.1499 10.2691 10.2807 10.2807 10.2807 10.2807 10.2807 10.2807 10.2807 10.2807 10.2928 10.2971 12.0537 12.0250 11.8121 11.7726 11.7687 11.7338 11.6921 11.6503 11.6086 11.5670 11.5372 11.5360
3.19445 3.19445 3.19445 3.19445 3.19445 3.19445 3.44970 4.28170 4.59340 4.65287 4.68501 4.72477 4.72876 4.72664 4.70907 4.68841 4.66774 4.64709 4.62856 4.68808 4.78872 4.88936 4.98682 5.17332 5.22574 5.22574 5.22574 5.22574 5.22574 5.22574 5.22574 5.19047 7.27892 7.75602 7.75602 7.75602 7.78583 7.92091 8.06607 8.53612 10.2702 10.2807 10.2807 10.2807 10.2807 10.2807 10.2807 10.2807 10.2807 10.2939 10.3764 10.4686 10.5610 10.6410 10.6405 11.1356 11.6759 11.6223 11.5806 11.5427 11.5360 11.5360 11.5360 11.5360 11.5602 11.7829 12.0150
3.19445 3.19445 3.17818 3.10228 3.02098 2.93960 3.05683 3.90918 4.68183 4.66755 4.65205 4.65341 4.64397 4.62542 4.62248 4.67842 4.77906 4.87966 4.97908 5.01514 5.01514 5.01514 5.01514 5.11252 5.22574 5.22574 5.22574 5.22574 5.22574 5.22574 5.22574 5.22574 6.45954 7.92394 8.06898 8.21356 8.32885 8.33828 8.33828 8.34022 10.0472 10.2807 10.2807 10.2807 10.2807 10.2953 10.3788 10.4711 10.5601 10.6199 10.6080 10.5863 10.5645 10.5427 10.5326 10.6768 11.5966 11.5360 11.5360 11.5360 11.5373 11.7025 11.9466 12.1866 12.6011 12.9189 13.2109
3.03764 2.95636 2.89123 2.87526 2.82920 2.78023 2.79757 3.33841 4.58625 4.60482 4.60482 4.64919 4.76943 4.86995 4.97048 5.01514 5.01514 5.01514 5.01514 5.01514 5.01514 5.01514 5.01514 5.05155 5.22574 5.22574 5.22574 5.22574 5.20456 5.08233 4.94744 4.81232 5.59817 8.33828 8.33828 8.33828 8.33828 8.33828 8.33828 8.33828 9.49208 10.2969 10.3810 10.4621 10.5326 10.5884 10.5755 10.5538 10.5350 10.5326 10.5326 10.5326 10.5326 10.5326 10.5326 10.4442 11.5049 11.6242 11.8748 12.1508 12.6097 12.9621 13.2539 13.5165 13.5608 13.5608 13.5608
2.78023 2.73126 2.68229 2.64382 2.64091 2.64091 2.64091 3.10186 4.32565 4.78329 4.85883 4.91000 5.01505 5.01514 5.01514 5.01514 5.01514 5.01514 5.01514 5.01514 5.01514 5.01514 5.01514 5.01541 5.18641 5.09558 4.96062 4.82545 4.71178 4.69876 4.69876 4.69876 4.80656 7.94767 8.33828 8.33828 8.33828 8.35337 8.41687 8.48190 9.14774 10.5569 10.5430 10.5326 10.5326 10.5326 10.5326 10.5326 10.5326 10.5326 10.5326 10.5326 10.5326 10.5752 10.8771 11.1416 12.1649 13.0034 13.2971 13.5371 13.5608 13.5608 13.5643 13.5821 13.6001 13.6167 13.6320
2.64091 2.64091 2.64091 2.65478 2.71634 2.77340 2.82251 3.07301 3.81715 4.89943 4.89943 4.89943 4.98961 5.01514 5.01514 5.01514 5.01514 5.01514 5.01514 5.01514 5.00613 4.89815 4.76324 4.62807 4.63275 4.69876 4.69876 4.69876 4.69876 4.69876 4.69876 4.69876 4.69178 6.86986 8.38380 8.44933 8.51447 8.56487 8.56688 8.56688 8.65868 10.4807 10.5326 10.5326 10.5326 10.5326 10.5326 10.5326 10.5326 10.5375 10.7730 11.0503 11.1980 11.2941 11.2062 11.1161 12.2013 13.5602 13.5943 13.6113 13.6270 13.6416 13.6529 13.6540 13.7026 14.0907 14.5446
2.70330 2.76220 2.81283 2.84895 2.85205 2.85200 2.82799 2.89027 3.26630 4.64399 4.70112 4.65768 4.82502 5.01514 5.01514 5.01514 5.01034 4.91138 4.77642 4.64130 4.51535 4.48816 4.48816 4.48816 4.55229 4.69876 4.69875 4.68446 4.65756 4.65388 4.76978 4.90268 5.04229 6.12269 8.56688 8.56688 8.56688 8.56688 8.56688 8.56688 8.56688 10.0103 10.5326 10.5326 10.5326 10.5326 10.5326 10.8264 11.1109 11.2395 11.2033 11.0835 10.9670 10.8600 10.7610 10.6700 10.8647 13.0359 13.6540 13.6540 13.7375 14.1561 14.6102 15.0640 15.4688 15.5345 15.5345
2.82681 2.78334 2.73963 2.69621 2.65248 2.60914 2.58939 2.59924 2.96512 4.12503 4.63677 4.63677 4.72529 4.92455 4.78970 4.65448 4.52436 4.48816 4.48816 4.48816 4.48816 4.48684 4.45615 4.41343 4.38030 4.60282 4.71958 4.86644 5.02634 5.16267 5.17957 5.17957 5.17957 5.32243 8.28500 8.56688 8.56688 8.56688 8.56688 8.56688 8.56688 9.44611 10.5326 10.4824 10.3250 10.1613 9.93519 10.2816 10.8107 10.7158 10.6279 10.5671 10.5640 10.5640 10.5640 10.5640 10.6736 12.8847 14.6751 15.1287 15.4995 15.5345 15.5517 15.8042 16.1312 16.4581 16.7851
2.58939 2.58939 2.58939 2.58939 2.58939 2.58939 2.58939 2.58939 2.85926 3.54936 4.47753 4.37619 4.28507 4.47981 4.48816 4.48816 4.48457 4.44928 4.40655 4.36386 4.32114 4.28957 4.40349 4.56332 4.72291 5.07575 5.17957 5.17957 5.17957 5.17957 5.17957 5.17957 5.17957 5.17957 7.33502 8.56688 8.56688 8.56688 8.56688 8.51370 8.35532 8.51062 9.80874 9.64148 9.57745 9.52296 9.50663 9.60266 10.5476 10.5640 10.5640 10.5640 10.6692 11.0446 11.4335 11.8223 12.1117 13.1648 15.8278 16.3491 16.6760 17.0032 17.3128 17.3872 17.3872 17.3872 17.3872
2.58939 2.58939 2.58939 2.58939 2.58939 2.58378 2.56837 2.55280 2.69135 3.02334 4.15363 4.23631 4.20723 4.32902 4.35696 4.31428 4.27513 4.27296 4.38852 4.54817 4.70776 4.85780 4.89136 4.89136 4.89136 5.01696 5.17957 5.17957 5.17957 5.17957 5.17957 5.17957 5.17957 5.17957 6.24270 8.51046 8.35123 8.19045 8.02882 7.92123 7.91831 7.91929 9.36474 9.50663 9.50663 9.50663 9.50663 9.50663 10.4279 11.0525 11.4415 11.8212 12.0269 11.9477 11.8550 11.7626 11.6702 11.9827 16.1400 17.3872 17.3872 17.3872 17.3872 17.3946 17.5084 17.6718 17.8876
2.58939 2.58615 2.57156 2.55597 2.54040 2.53043 2.52908 2.52380 2.55581 2.82136 3.68488 4.07913 4.07621 4.15421 4.37343 4.53302 4.69285 4.84714 4.89136 4.89136 4.89136 4.89136 4.89136 4.89136 4.89136 4.93337 5.17957 5.17957 5.17957 5.17957 5.17957 5.15199 5.05822 4.96162 5.00653 7.70310 7.91831 7.91831 7.91831 7.91831 7.91831 7.91831 8.96821 9.50663 9.65375 10.1270 10.5645 10.9342 11.4800 11.8104 11.7179 11.6344 11.6199 11.6199 11.6199 11.6199 11.6199 11.6457 14.7602 17.3872 17.4614 17.6189 17.8435 18.2085 18.4423 18.6229 18.7700
