High_resolution/powerplant/Chizhou/OMI_NO2_201007.asc
ncols      200
nrows      200
xllcorner       115.585
yllcorner       28.7700
cellsize     0.0166667
NODATA_Value      -999.000
[rows 58 to 86 of 200, columns 130 to 194 of 200]
4.54112 4.56174 4.58233 4.60292 5.10254 5.45482 5.45482 5.45482 5.45482 5.45482 5.45482 5.45482 5.45537 6.07875 6.26784 7.32237 7.04302 6.62815 7.21851 10.0226 9.22374 7.59986 5.98588 4.37051 3.15760 3.08787 3.08787 3.08787 3.08787 3.08787 3.08787 3.08787 3.08787 3.08787 3.08787 3.08787 3.08787 3.08787 3.08787 2.74244 2.03900 2.03900 2.03900 2.03900 2.03900 2.03900 2.03900 2.03900 2.03900 2.03900 2.03900 2.03900 2.03900 1.99803 1.87224 1.74372 1.61530 1.49621 1.47159 1.72448 2.33528 2.33528 2.33528 2.33528 2.33528
4.61225 4.61225 4.61225 4.61225 4.85120 5.45482 5.45482 5.45482 5.45482 5.45482 5.43691 5.22840 4.94313 4.91877 4.72283 4.52634 4.78630 5.13880 5.59752 4.08583 3.08787 3.08787 3.08787 3.08787 3.08787 3.08787 3.08787 3.08787 3.08787 3.08787 3.08787 3.08787 3.08787 3.08787 3.08787 3.08787 3.08787 3.08787 3.08787 3.03607 2.06963 2.03900 2.03900 2.03900 2.03900 2.03900 2.03900 2.03900 2.03599 1.94708 1.81856 1.69010 1.56169 1.47420 1.47159 1.47159 1.47159 1.47159 1.47159 1.49966 2.29728 2.33528 2.33528 2.33528 2.33528
4.61225 4.61225 4.61225 4.61225 4.63769 5.41082 5.27124 4.99099 4.67736 4.32311 3.95188 3.90665 4.18336 4.66032 5.62683 5.96561 6.01464 6.01464 6.01464 4.08843 3.08787 3.08787 3.08787 3.08787 3.08787 3.08787 3.08787 3.08787 3.08787 3.08787 3.08787 3.08787 3.08787 3.08787 3.08787 3.08787 3.08787 3.08787 3.08787 3.08787 2.34210 2.03900 2.03900 2.03900 2.01324 1.89340 1.76494 1.63648 1.51108 1.47159 1.47159 1.47159 1.47159 1.47159 1.47159 1.47159 1.47159 1.47159 1.47159 1.47159 2.06226 2.33528 2.33528 2.33528 2.33528
4.61225 4.62234 4.64564 4.66899 4.69236 4.25454 3.86882 3.88695 4.13586 4.46128 4.78689 5.07456 5.12341 5.16094 6.03628 6.05804 6.01544 6.01464 6.01464 5.00472 3.08787 3.08787 3.08787 3.08787 3.08787 3.08787 3.08787 3.08787 3.08787 3.08787 3.08787 3.08787 3.08787 3.08787 3.08787 3.08787 3.08787 3.08787 3.08787 3.08787 2.51497 1.83978 1.71126 1.58291 1.48021 1.47159 1.47159 1.47159 1.47159 1.47159 1.47159 1.47159 1.47159 1.47159 1.47159 1.47159 1.47159 1.47159 1.47159 1.47159 1.79929 2.33528 2.33528 2.33528 2.33528
4.70852 4.72179 4.72185 4.73718 4.88673 4.89957 4.73953 5.04681 5.12341 5.12341 5.12341 5.12341 5.12341 5.12341 5.76022 6.06038 6.03245 6.01464 6.01464 5.84900 3.16074 3.08787 3.08787 3.08787 3.08787 3.08787 3.08787 3.08787 3.08787 3.08787 3.08787 3.08787 3.08787 3.08787 3.08787 3.06946 2.75178 2.32904 1.90612 1.48338 1.30156 1.47043 1.47159 1.47159 1.47159 1.47159 1.47159 1.47159 1.47159 1.47159 1.47159 1.47159 1.47159 1.47159 1.47159 1.47159 1.47159 1.47159 1.47159 1.47159 1.54483 2.32681 2.33528 2.33528 2.33528
4.86160 5.09504 5.33927 5.56796 5.66256 5.62317 5.12772 5.12341 5.12341 5.12341 5.12341 5.12341 5.12866 5.25363 5.67923 6.06038 6.04804 6.01464 6.01464 6.01464 3.91218 3.08787 3.08787 3.08787 3.08787 3.08787 3.08787 3.08787 3.08787 3.08787 3.08787 3.02073 2.63792 2.21514 1.79240 1.38771 1.28284 1.28284 1.28284 1.28284 1.28284 1.43086 1.47159 1.47159 1.47159 1.47159 1.47159 1.47159 1.47159 1.47159 1.47159 1.47159 1.47159 1.47159 1.47159 1.47159 1.47159 1.47159 1.47159 1.47159 1.47159 2.13723 2.33528 2.33528 2.33528
5.65214 5.66279 5.66279 5.66279 5.66279 5.66279 5.26374 5.19709 5.37128 5.54567 5.72026 5.89495 6.06389 6.11371 6.10604 6.06038 6.05795 6.01534 6.01464 6.01464 4.82854 3.08787 3.08787 3.08787 3.08787 3.08787 3.08787 2.94131 2.52416 2.10142 1.67868 1.32291 1.28284 1.28284 1.28284 1.28284 1.28284 1.28284 1.28284 1.28284 1.28284 1.37264 1.47159 1.47159 1.47159 1.47159 1.47159 1.47159 1.47159 1.47159 1.47159 1.47159 1.47159 1.47159 1.47159 1.47159 1.47159 1.47159 1.47159 1.47159 1.45759 1.75232 2.33528 2.33528 2.33528
5.66279 5.68589 5.80591 5.93693 6.06780 6.19867 6.19608 6.11321 6.11371 6.11371 6.11371 6.11371 6.11371 6.11371 6.11346 6.06690 6.06038 6.03224 6.01464 6.01464 5.72606 3.10719 3.08571 2.83318 2.41044 1.98752 1.56478 1.28879 1.28284 1.28284 1.28284 1.28284 1.28284 1.28284 1.28284 1.28284 1.28284 1.28284 1.28284 1.28284 1.28284 1.31439 1.47159 1.47159 1.47159 1.47159 1.47159 1.47159 1.47159 1.47159 1.47159 1.47159 1.47159 1.47159 1.47159 1.47159 1.42457 1.30972 1.19436 1.07900 0.977536 0.962728 0.00000 0.00000 0.00000
6.28690 6.39474 6.40551 6.40551 6.40551 6.40551 6.36080 6.11371 6.11371 6.11371 6.11371 6.11371 6.11371 6.11371 6.11371 6.08462 6.06038 6.04792 6.01393 6.00211 5.98644 2.81142 1.45323 1.28284 1.28284 1.28284 1.28284 1.28284 1.28284 1.28284 1.28284 1.28284 1.28284 1.28284 1.28284 1.28284 1.28284 1.28284 1.28284 1.28284 1.28284 1.28289 1.44483 1.47159 1.47159 1.47159 1.47159 1.47159 1.47159 1.47159 1.47159 1.46594 1.37775 1.26239 1.14693 1.03163 0.963288 0.962728 0.962728 0.962728 0.962728 0.962728 0.962728 0.00000 0.00000
6.40551 6.40551 6.40551 6.40551 6.40551 6.40551 6.40479 6.15412 6.11371 6.11371 6.11371 6.11371 6.11371 6.11371 6.04389 5.76945 5.28798 5.01881 5.93760 5.94962 5.94962 3.77219 1.28284 1.28284 1.28284 1.28284 1.28284 1.28284 1.28284 1.28284 1.28284 1.28284 1.28284 1.28284 1.28284 1.28284 1.28284 1.28284 1.28284 1.28284 1.28284 1.28284 1.38662 1.47159 1.47159 1.47159 1.47159 1.44141 1.33038 1.21502 1.09966 0.989901 0.962728 0.962728 0.962728 0.962728 0.962728 0.962728 0.962728 0.962728 0.962728 0.962728 0.962728 0.00000 0.00000
6.38637 6.40551 6.40551 6.40551 6.47014 6.60025 6.73037 6.46996 6.11371 6.11371 6.08686 5.89117 5.66581 5.44059 5.28512 5.25067 4.81317 4.80937 5.52002 5.94962 5.94962 5.22663 1.28284 1.28284 1.28284 1.28284 1.28284 1.28284 1.28284 1.28284 1.28284 1.28284 1.28284 1.28284 1.28284 1.28284 1.28284 1.28284 1.28284 1.28284 1.28284 1.52627 1.95439 1.39841 1.28305 1.16765 1.05229 0.967104 0.962728 0.962728 0.962728 0.962728 0.962728 0.962728 0.962728 0.962728 0.962728 0.962728 0.962728 0.962728 0.962728 0.962728 0.962728 0.00000 0.00000
6.46279 6.69130 6.82141 6.95152 7.01694 7.01694 7.01330 6.67057 5.73293 5.50765 5.30928 5.27969 5.27969 5.27969 5.27969 5.27969 4.93454 4.80937 5.12836 5.94962 5.94962 5.94962 2.01695 1.28284 1.28284 1.28284 1.28284 1.28284 1.28284 1.28284 1.28284 1.28284 1.28284 1.28284 1.28284 1.28284 1.52627 2.14059 2.61639 3.19071 3.83094 4.45777 5.06828 1.04269 0.962728 0.962728 0.962728 0.962728 0.962728 0.962728 0.962728 0.962728 0.962728 0.962728 0.962728 0.962728 0.962728 0.962728 0.962728 0.962728 0.962728 0.962728 0.962728 0.962728 0.00000
6.89981 7.01694 7.01538 6.94928 6.78172 6.61269 6.44743 6.35859 5.33141 5.27969 5.27969 5.27969 5.27969 5.27969 5.27969 5.27861 5.01859 4.80937 4.87675 5.93805 5.94962 5.94962 3.47090 1.28284 1.28284 1.28284 1.28284 1.28284 1.28284 1.28284 1.28284 1.52627 2.14059 2.59872 3.00252 3.55738 4.09477 4.62357 5.31212 5.47813 5.47813 5.47813 5.47813 2.22887 0.962728 0.962728 0.962728 0.962728 0.962728 0.962728 0.962728 0.962728 0.962728 0.962728 0.962728 0.962728 0.962728 0.962728 0.962728 0.962728 0.962728 0.962728 0.962728 0.962728 0.00000
6.62516 6.66292 6.49570 6.39283 6.39143 6.39143 6.39143 6.39143 5.67586 5.27969 5.21783 5.01181 4.80019 4.58833 4.37653 4.16612 4.21225 4.80937 4.80937 5.53212 5.94962 5.94962 4.92650 1.28284 1.28284 1.28284 1.52217 2.14059 2.59872 2.94627 3.33698 3.80625 4.22566 4.80326 5.42920 5.47813 5.47813 5.47813 5.47813 5.47813 5.47813 5.47813 5.47813 3.79558 0.962728 0.962728 0.962728 0.962728 0.962728 0.962728 0.962728 0.962728 0.962728 0.962728 0.962728 0.962728 0.962728 0.962728 0.962728 0.962728 0.962728 0.962728 0.962728 0.962728 0.00000
6.01358 6.34599 6.39143 6.39143 6.37642 6.24306 6.08437 5.92619 5.31593 4.23625 4.08663 4.08075 4.08075 4.08075 4.08075 4.08075 4.09132 4.75501 4.80937 5.13586 5.94962 5.94962 5.91929 1.74485 1.28284 1.28284 2.91328 3.91246 4.36444 5.00372 5.47729 5.47813 5.47813 5.47813 5.47813 5.47813 5.47813 5.47813 5.47813 5.47813 5.47813 5.47813 5.47813 5.25174 0.962728 0.962728 0.962728 0.962728 0.962728 0.962728 0.962728 0.962728 0.962728 0.962728 0.962728 0.962728 0.962728 0.962728 0.962728 0.962728 0.962728 0.962728 0.962728 0.962728 0.00000
5.99607 5.99399 5.82006 5.66164 5.51758 5.49223 5.49223 5.49223 5.36744 4.08489 4.08075 4.08075 4.08075 4.08075 4.08075 4.08075 4.08075 4.51783 4.80937 4.88150 5.94053 5.94962 5.94962 3.08254 1.28284 1.28284 5.47813 5.47813 5.47813 5.47813 5.47813 5.47813 5.47813 5.47813 5.47813 5.47813 5.47813 5.47813 5.47813 5.47813 5.47813 5.47813 5.47813 5.47813 1.61509 0.962728 0.962728 0.962728 0.962728 0.962728 0.962728 0.962728 0.962728 0.962728 0.962728 0.962728 0.962728 0.962728 0.962728 0.00000 0.00000 0.00000 0.00000 0.00000 0.00000
5.95041 5.78910 5.49223 5.49223 5.49223 5.49223 5.49223 5.49223 5.49223 4.40836 4.08075 4.08075 4.08075 4.08075 4.08075 4.08075 4.08078 4.32422 4.94088 5.06641 5.84000 5.94962 0.00000 0.00000 0.00000 0.00000 5.47813 5.47813 5.47813 5.47813 5.47813 5.47813 5.47813 5.47813 5.47813 5.47813 5.47813 5.47813 5.47813 5.47813 5.47813 5.47813 5.47813 5.47813 3.25868 0.962728 0.962728 0.962728 0.962728 0.962728 0.962728 0.962728 0.962728 0.962728 0.962728 0.00000 0.00000 0.00000 0.00000 0.00000 0.00000 0.00000 0.00000 0.00000 0.00000
5.95041 5.92844 5.49558 5.49223 5.49223 5.49223 5.49180 5.36082 5.10732 4.44731 4.08075 4.08075 4.08075 4.04701 3.90096 3.66863 3.25920 2.69662 0.00000 0.00000 0.00000 0.00000 0.00000 0.00000 0.00000 0.00000 0.00000 5.47813 5.47813 5.47813 5.47813 5.47813 5.47813 5.47813 5.47813 5.47813 5.47813 5.47813 5.47813 5.47813 5.47813 5.47813 5.47813 5.47813 4.96734 0.962728 0.962728 0.962728 0.962728 0.962728 0.962728 0.00000 0.00000 0.00000 0.00000 0.00000 0.00000 0.00000 0.00000 0.00000 0.00000 0.00000 0.00000 0.00000 0.00000
5.95041 5.95041 5.50900 5.18778 4.91289 4.60271 4.25051 4.08075 4.08075 4.02085 3.86224 3.62497 3.21336 2.65844 2.62353 2.62353 2.62353 2.62353 2.62353 0.00000 0.00000 0.00000 0.00000 0.00000 0.00000 0.00000 0.00000 5.47813 5.47813 5.47813 5.47813 5.47813 5.47813 5.47813 5.47813 5.47813 5.47813 5.47813 5.47813 5.51105 5.61546 5.72232 5.82919 5.93606 6.00991 3.01115 0.00000 0.00000 0.00000 0.00000 0.00000 0.00000 0.00000 0.00000 0.00000 0.00000 0.00000 0.00000 0.00000 0.00000 0.00000 0.00000 0.00000 0.00000 0.00000
4.94822 4.47604 3.94180 4.08075 4.08057 3.99446 3.82480 3.58378 3.17047 2.67222 2.62353 2.62353 2.62353 2.62353 2.62353 2.62353 2.62353 2.62353 2.62353 0.00000 0.00000 0.00000 0.00000 0.00000 0.00000 0.00000 0.00000 5.47813 5.47813 5.47813 5.47813 5.47813 5.47813 5.47813 5.51019 5.61439 5.72168 5.82919 5.93606 6.01001 6.01247 6.01247 6.01247 6.01247 6.01247 6.01247 0.00000 0.00000 0.00000 0.00000 0.00000 0.00000 0.00000 0.00000 0.00000 0.00000 0.00000 0.00000 0.00000 0.00000 0.00000 0.00000 0.00000 0.00000 0.00000
4.06230 4.06230 3.94618 3.54067 3.13140 2.72356 2.62353 2.62353 2.62353 2.62353 2.62353 2.62353 2.62353 2.60751 2.53544 2.45862 2.38176 2.30499 2.23404 0.00000 0.00000 0.00000 0.00000 0.00000 0.00000 0.00000 0.00000 0.00000 5.47813 5.51019 5.61439 5.72126 5.82812 5.93499 6.00980 6.01247 6.01247 6.01247 6.01247 6.01247 6.01247 6.01247 6.01247 6.01247 6.01247 6.01247 0.00000 0.00000 0.00000 0.00000 0.00000 0.00000 0.00000 0.00000 0.00000 0.00000 0.00000 0.00000 0.00000 0.00000 0.00000 0.00000 0.00000 0.00000 0.00000
4.20850 4.33148 4.45047 2.84741 2.62353 2.62353 2.62353 2.61947 2.55997 2.48320 2.40638 2.32947 2.25265 2.19190 2.18705 2.18705 2.18705 2.18705 2.18705 2.18705 0.00000 0.00000 0.00000 0.00000 0.00000 0.00000 0.00000 0.00000 5.94219 6.00980 6.01247 6.01247 6.01247 6.01247 6.01247 6.01247 6.01247 6.01247 6.01247 6.01247 6.01247 6.01247 6.01247 6.01247 6.01247 6.01247 6.01247 0.00000 0.00000 0.00000 0.00000 0.00000 0.00000 0.00000 0.00000 0.00000 0.00000 0.00000 0.00000 0.00000 0.00000 0.00000 0.00000 0.00000 0.00000
4.45548 4.45548 4.23740 3.00101 2.43087 2.35409 2.27723 2.20447 2.18705 2.18705 2.18705 2.18705 2.18705 2.18705 2.18705 2.18705 2.18705 2.18705 2.18705 2.18705 0.00000 0.00000 0.00000 0.00000 0.00000 0.00000 0.00000 0.00000 6.01247 6.01247 6.01247 6.01247 6.01247 6.01247 6.01247 6.01247 6.01247 6.01247 6.01247 6.01247 6.01247 6.01247 6.01247 6.01247 6.01247 6.01247 6.01247 0.00000 0.00000 0.00000 0.00000 0.00000 0.00000 0.00000 0.00000 0.00000 0.00000 0.00000 0.00000 0.00000 0.00000 0.00000 0.00000 0.00000 0.00000
2.57067 2.09146 1.83165 1.94383 2.18705 2.18705 2.18705 2.18705 2.18705 2.18705 2.18705 2.18705 2.18705 2.18705 2.18705 2.18705 2.18705 2.18705 2.18705 2.18705 0.00000 0.00000 0.00000 0.00000 0.00000 0.00000 0.00000 0.00000 6.01247 6.01247 6.01247 6.01247 6.01247 6.01247 6.01247 6.01247 6.01247 6.01247 6.01247 6.01247 6.01247 6.01247 6.01247 6.01247 6.01247 6.01247 6.01247 0.00000 0.00000 0.00000 0.00000 0.00000 0.00000 0.00000 0.00000 0.00000 0.00000 0.00000 0.00000 0.00000 0.00000 0.00000 0.00000 0.00000 0.00000
1.83112 1.83112 1.83112 1.85087 2.18018 2.18705 2.18705 2.18705 2.18705 2.18705 2.18705 2.18705 2.18705 2.18705 2.18705 2.18705 2.18705 2.18705 2.18705 2.18705 0.00000 0.00000 0.00000 0.00000 0.00000 0.00000 0.00000 0.00000 0.00000 6.01247 6.01247 6.01247 6.01247 6.01247 6.01247 6.01247 6.01247 6.01247 6.01247 6.01247 6.01247 6.01247 6.01247 6.01247 6.01247 6.01247 6.01247 0.00000 0.00000 0.00000 0.00000 0.00000 0.00000 0.00000 0.00000 0.00000 0.00000 0.00000 0.00000 0.00000 0.00000 0.00000 0.00000 0.00000 0.00000
1.83112 1.83112 1.83112 1.83112 2.10003 2.18705 2.18705 2.18705 2.18705 2.18705 2.18705 2.18705 2.18705 2.18705 2.18705 2.18705 2.18705 2.18705 2.18705 2.18705 2.18705 0.00000 0.00000 0.00000 0.00000 0.00000 0.00000 0.00000 0.00000 6.01247 6.01247 6.01247 6.01247 6.01247 6.01247 6.01247 6.01247 6.01247 6.01247 6.01247 6.01247 6.01247 5.89988 5.55104 5.19473 4.83841 4.47803 4.23089 0.00000 0.00000 0.00000 0.00000 0.00000 0.00000 0.00000 0.00000 0.00000 0.00000 0.00000 0.00000 0.00000 0.00000 0.00000 0.00000 0.00000
1.83112 1.83112 1.83112 1.83112 2.00021 2.18705 2.18705 2.18705 2.18705 2.18705 2.18705 2.18705 2.18705 2.18705 2.18705 2.18705 2.18705 2.18705 2.18705 2.18705 2.18705 0.00000 0.00000 0.00000 0.00000 0.00000 0.00000 0.00000 0.00000 6.01247 6.01247 6.01247 6.01247 6.01247 6.01247 6.01247 6.01247 5.90273 5.55461 5.19829 4.84198 4.48355 4.23838 4.23089 4.23089 4.23089 4.23089 4.23089 0.00000 0.00000 0.00000 0.00000 0.00000 0.00000 0.00000 0.00000 0.00000 0.00000 0.00000 0.00000 0.00000 0.00000 0.00000 0.00000 0.00000
1.83112 1.83112 1.83112 1.83112 1.90035 2.18705 2.18705 2.18705 2.18705 2.18705 2.18705 2.18705 2.18705 2.18705 2.18705 2.18705 2.14287 1.87628 1.57895 1.28179 0.967081 0.00000 0.00000 0.00000 0.00000 0.00000 0.00000 0.00000 0.00000 0.00000 6.01247 6.01247 5.90558 5.55817 5.20185 4.84536 4.48566 4.23909 4.23089 4.23089 4.23089 4.23089 4.23089 4.23089 4.23089 4.23089 4.23089 4.23089 0.00000 0.00000 0.00000 0.00000 0.00000 0.00000 0.00000 0.00000 0.00000 0.00000 0.00000 0.00000 0.00000 0.00000 0.00000 0.00000 0.00000
1.83112 1.83112 1.83112 1.83112 1.83297 2.15456 2.18705 2.18705 2.18705 2.18705 2.18134 1.97976 1.68259 1.38526 1.08793 0.790769 0.537953 0.507212 0.507212 0.507212 0.507212 0.507212 0.00000 0.00000 0.00000 0.00000 0.00000 0.00000 0.00000 0.00000 4.88004 4.48922 4.23980 4.23089 4.23089 4.23089 4.23089 4.23089 4.23089 4.23089 4.23089 4.23089 4.23089 4.23089 4.23089 4.23089 4.23089 4.23089 4.23089 0.00000 0.00000 0.00000 0.00000 0.00000 0.00000 0.00000 0.00000 0.00000 0.00000 0.00000 0.00000 0.00000 0.00000 0.00000 0.00000
