High_resolution/powerplant/Chizhou/OMI_NO2_201008.asc
ncols      200
nrows      200
xllcorner       115.585
yllcorner       28.7700
cellsize     0.0166667
NODATA_Value      -999.000
[rows 87 to 115 of 175, columns 132 to 197 of 200]
0.813390 0.731550 0.742391 0.859617 0.976791 1.23049 1.28667 1.28667 1.28667 1.28667 1.28667 1.28667 1.28667 1.28667 1.28667 1.28667 1.28667 1.21740 0.973487 0.973487 0.973487 0.973487 0.973487 0.973487 1.06990 1.08622 1.08622 1.08622 1.08622 1.08622 1.08622 1.08622 1.08622 1.09681 1.18600 1.12271 1.06985 1.01784 0.965768 0.923393 0.894549 0.877170 0.763199 0.584526 0.584526 0.584526 0.584526 0.584526 0.584526 0.551273 0.453568 0.453568 0.453568 0.453568 0.453568 0.453568 0.453568 0.453568 0.622123 0.579543 0.918792 1.13545 1.13545 1.13545 1.13545 1.13545
1.16092 1.23427 1.19694 1.19694 1.19694 1.22637 1.28667 1.28667 1.28667 1.28667 1.28667 1.28667 1.28667 1.28667 1.28667 1.28667 1.28667 1.28304 0.995817 0.973487 0.973487 0.973487 0.973487 0.973487 1.04347 1.08622 1.08622 1.08622 1.08609 1.05973 1.01416 0.968675 0.918737 0.856059 0.906156 0.899741 0.881730 0.872458 0.872458 0.872458 0.872458 0.872458 0.845747 0.586304 0.584526 0.584526 0.584526 0.584526 0.584526 0.575512 0.453620 0.453568 0.453568 0.453568 0.453568 0.453568 0.453568 0.453568 0.528471 0.559788 0.751252 1.13545 1.13545 1.13545 1.13545 1.13545
1.33163 1.32365 1.19935 1.19694 1.19694 1.20654 1.28667 1.28667 1.28667 1.28667 1.28667 1.28667 1.28667 1.28667 1.28667 1.28667 1.28667 1.28667 1.08017 0.973487 0.973487 0.973487 0.973487 0.957320 0.917075 0.990817 0.945304 0.898313 0.838117 0.800934 0.782932 0.764938 0.751250 0.750411 0.825505 0.872458 0.872458 0.872458 0.872458 0.872458 0.872458 0.872458 0.872458 0.643907 0.584526 0.584526 0.584526 0.584526 0.584526 0.584526 0.487274 0.453568 0.453568 0.453568 0.453568 0.453568 0.453568 0.453568 0.494256 0.559788 0.594385 1.12474 1.13545 1.13545 1.10737 1.03500
1.33163 1.33163 1.22956 1.19694 1.19694 1.19708 1.26887 1.28667 1.28667 1.28667 1.28667 1.28667 1.33555 1.42535 1.37681 1.28667 1.28667 1.28613 1.07730 0.827026 0.736146 0.644865 0.554075 0.580782 0.716998 0.801653 0.770185 0.753632 0.750411 0.750411 0.750411 0.750411 0.750411 0.750411 0.791548 0.872458 0.872458 0.872458 0.872458 0.872458 0.872458 0.872458 0.872458 0.728234 0.584526 0.584526 0.584526 0.584526 0.584526 0.584526 0.531567 0.453568 0.453568 0.453568 0.453568 0.453568 0.453568 0.453568 0.455921 0.559030 0.576458 0.897157 0.887718 0.814317 0.768992 0.768441
1.33163 1.33163 1.26781 1.19694 1.19694 1.19694 1.23476 1.28667 1.32749 1.41916 1.48277 1.52877 1.54253 1.45898 1.25491 0.696504 0.493399 0.290834 0.276473 0.659110 0.777919 0.865154 0.932189 0.958273 0.958273 0.842039 0.750411 0.750411 0.750411 0.750411 0.750411 0.750411 0.750411 0.750411 0.759003 0.871070 0.872458 0.872458 0.872458 0.872458 0.872458 0.872458 0.872458 0.812568 0.584526 0.584526 0.584526 0.584526 0.584526 0.584526 0.561461 0.453568 0.453568 0.453568 0.453568 0.453568 0.453568 0.453568 0.453568 0.664852 0.666008 0.730603 0.768441 0.768441 0.768441 0.768441
1.33163 1.33163 1.30598 1.19694 1.21710 1.28066 1.36293 1.49584 1.42521 1.32437 1.22293 1.12116 1.02799 1.01046 1.01315 0.551272 0.660684 0.756298 0.819178 0.933765 0.958273 0.958273 0.958273 0.958273 0.958273 0.903801 0.750411 0.750411 0.750411 0.750411 0.750411 0.750411 0.750411 0.750411 0.750411 0.925406 1.07837 1.16695 0.877586 0.872458 0.872458 0.872458 0.872458 0.870594 0.610814 0.584526 0.584526 0.584526 0.584408 0.578472 0.573075 0.453658 0.453568 0.453568 0.453568 0.00000 0.00000 0.00000 0.00000 0.666008 0.666008 0.695909 0.768441 0.768441 0.768441 0.768441
1.34402 1.39321 1.41472 1.27954 1.22807 1.16228 1.09440 1.01551 1.00992 1.02147 1.06076 1.09474 1.12318 1.14711 1.15500 0.940861 0.824874 0.824874 0.824874 0.896408 0.958273 0.958273 0.958273 0.958273 0.958273 0.953759 0.762184 0.750411 0.750411 0.750411 0.750625 0.841117 0.979937 1.09260 1.18594 1.26651 1.30697 1.30697 1.00454 0.872458 0.872458 0.872458 0.872458 0.877154 0.692301 0.563383 0.559291 0.550344 0.517030 0.453568 0.00000 0.00000 0.00000 0.00000 0.00000 0.00000 0.00000 0.00000 0.00000 0.666008 0.666008 0.666233 0.768703 0.895069 1.05724 1.21921
1.36728 1.33614 1.31987 1.14702 1.04227 1.03882 1.03291 1.08439 1.13708 1.15408 1.15500 1.15500 1.15500 1.15500 1.15500 1.04781 0.824874 0.824874 0.824874 0.858992 0.958273 0.958273 0.958273 0.958273 0.958273 0.958273 0.819995 0.846470 0.984236 1.09601 1.18862 1.22561 1.22561 1.22561 1.22561 1.24388 1.30697 1.31096 1.17987 0.905606 0.919255 0.932273 0.962919 1.02541 1.01691 0.00000 0.00000 0.00000 0.00000 0.00000 0.00000 0.00000 0.00000 0.00000 0.00000 0.00000 0.00000 0.00000 1.52135 1.52135 1.34834 1.65931 1.56210 1.46267 1.46267 1.46267
1.32279 1.33912 1.35992 1.26191 1.01345 1.00992 1.00992 1.08149 1.15500 1.15500 1.15500 1.15500 1.15500 1.15500 1.15500 1.13032 0.827147 0.824874 0.824874 0.828036 0.951817 0.958273 0.959368 1.04460 1.16148 1.25648 1.28173 1.22561 1.22561 1.22561 1.22561 1.22561 1.25599 1.31530 1.37435 1.44356 1.59522 1.76921 1.87407 1.02943 0.00000 0.00000 0.00000 0.00000 0.00000 0.00000 0.00000 0.00000 0.00000 0.00000 0.00000 0.00000 0.00000 0.00000 1.52135 1.52135 1.52135 1.52135 1.52135 1.52135 1.72949 2.05447 1.78007 1.46267 1.46267 1.46267
1.42334 1.42620 1.42620 1.39762 1.01546 1.00992 1.00992 1.03065 1.15453 1.15500 1.15500 1.15500 1.15500 1.15500 1.15500 1.15500 0.919873 0.824874 0.826763 0.925653 1.13132 1.25945 1.33712 1.36418 1.36418 1.36418 1.36005 1.28609 1.34393 1.40321 1.46581 1.55815 1.63517 1.68961 1.75484 1.80856 1.99465 2.17601 2.17601 2.17601 0.00000 0.00000 0.00000 0.00000 0.00000 0.00000 0.00000 0.00000 0.00000 0.00000 1.52135 1.52135 1.52135 1.52135 1.52135 1.52135 1.52135 1.52135 1.52135 1.52135 1.56995 2.05015 2.00622 1.47181 1.46267 1.46267
1.42620 1.42620 1.42620 1.42620 1.10491 1.00992 1.00992 1.00992 1.13389 1.15500 1.15500 1.15500 1.15500 1.15500 1.15444 1.11209 1.04517 1.16218 1.24755 1.27525 1.31210 1.39291 1.45212 1.51123 1.57048 1.62974 1.69288 1.64111 1.67225 1.73397 1.79942 1.81062 1.81062 1.81062 1.81062 1.81062 1.90015 2.17601 2.17601 2.17601 0.00000 0.00000 0.00000 0.00000 0.00000 0.00000 1.52135 1.52135 1.52135 1.52135 1.52135 1.52135 1.52135 1.52135 1.52135 1.52135 1.52135 1.52135 1.52135 1.52135 1.52135 1.93473 1.99517 1.55781 1.49696 1.51127
1.42620 1.42620 1.42620 1.42620 1.22304 1.00992 1.00992 1.00992 1.09673 1.15500 1.15492 1.11800 1.05024 0.982483 0.915280 0.895046 1.03090 1.45192 1.54821 1.64471 1.72892 1.69306 1.71195 1.73520 1.76288 1.79609 1.81062 1.81062 1.81062 1.81062 1.81062 1.81062 1.81062 1.81062 1.81062 1.81062 1.83351 2.17542 2.17601 2.17601 0.00000 1.52135 1.52135 1.52135 1.52135 1.52135 1.52135 1.52135 1.52135 1.52135 1.52135 1.52135 1.52135 1.52135 1.52135 1.52135 1.52135 1.50653 1.46120 1.42699 1.40130 1.51471 1.63762 1.59265 1.53424 1.53424
1.42620 1.42620 1.42620 1.42620 1.34118 1.00992 1.00992 0.963217 0.914594 0.988397 0.942058 1.00246 1.09896 1.19520 1.29175 1.38309 1.40464 1.74654 1.84051 1.87669 1.92020 1.83063 1.81062 1.81062 1.81062 1.81062 1.81062 1.81062 1.81062 1.81062 1.81062 1.81062 1.81062 1.81062 1.81062 1.81062 1.81062 2.07261 2.07997 1.94610 1.54550 1.52135 1.52135 1.52135 1.52135 1.52135 1.52135 1.52135 1.52135 1.52135 1.52135 1.52135 1.47349 1.46699 1.43162 1.40483 1.38405 1.37131 1.37064 1.37064 1.37064 1.41329 1.63720 1.62246 1.53424 1.53424
1.42620 1.42620 1.42620 1.38757 1.28389 0.876442 0.884749 0.974675 1.11973 1.31994 1.39937 1.40472 1.40377 1.40050 1.39657 1.39188 1.38637 1.69140 1.96269 1.96269 1.96269 1.87523 1.81062 1.81062 1.81062 1.81062 1.81062 1.81062 1.81062 1.81062 1.81062 1.81062 1.81062 1.80838 1.76058 1.69442 1.62825 1.61057 1.64308 1.64308 1.57029 1.52135 1.52135 1.52135 1.52135 1.52135 1.50182 1.43015 1.35958 1.31267 1.28111 1.25847 1.24847 1.34282 1.37064 1.37064 1.37064 1.37064 1.37064 1.37064 1.37064 1.37064 1.59783 1.63720 1.54933 1.52481
1.36069 1.35716 1.35364 1.38874 1.48608 1.43920 1.38450 1.38450 1.38450 1.39392 1.39408 1.38888 1.38464 1.38450 1.38450 1.38450 1.38450 1.50997 1.96269 1.96269 1.96269 1.91775 1.81062 1.81062 1.81062 1.81062 1.81062 1.81062 1.81062 1.80782 1.75858 1.69242 1.62625 1.56238 1.54416 1.54416 1.54416 1.56080 1.64308 1.64308 1.60169 1.45400 1.39450 1.37068 1.36477 1.36072 1.33161 1.24863 1.24827 1.24827 1.24827 1.24827 1.24827 1.30455 1.37064 1.37064 1.37064 1.37064 1.37064 1.37064 1.37064 1.33425 1.36627 1.41774 1.26090 1.12671
1.53547 1.53547 1.53547 1.53547 1.53547 1.48179 1.38450 1.38450 1.38450 1.38450 1.38450 1.38450 1.38450 1.38450 1.38450 1.38450 1.38450 1.38786 1.90348 1.96269 1.96269 1.95610 1.81477 1.81062 1.81062 1.80721 1.75658 1.69042 1.62423 1.56094 1.54416 1.54416 1.54416 1.54416 1.54416 1.55844 1.59102 1.62702 1.42146 1.39485 1.38641 1.35800 1.37464 1.38107 1.38107 1.38107 1.37691 1.25389 1.24827 1.24827 1.24827 1.24827 1.24827 1.27404 1.37064 1.37064 1.37064 1.31595 1.16236 1.00669 0.851090 0.731885 0.841027 1.21402 1.18581 1.11106
1.53547 1.53547 1.53547 1.53547 1.53547 1.52321 1.38574 1.38450 1.38450 1.38450 1.38450 1.38450 1.38450 1.38450 1.38450 1.38450 1.38450 1.38450 1.72540 1.96269 1.96269 1.95861 1.79468 1.68839 1.62223 1.55956 1.54416 1.54416 1.54416 1.54717 1.57464 1.60735 1.64001 1.67182 1.69660 1.70487 1.69798 1.69206 1.49252 1.42165 1.42165 1.39461 1.38107 1.38107 1.38107 1.38107 1.38107 1.28863 1.24827 1.24827 1.24827 1.24827 1.24827 1.19977 1.13650 0.982772 0.827107 0.726261 0.724192 0.724192 0.724192 0.724192 0.729997 1.17517 1.21106 1.11564
1.53547 1.53547 1.53547 1.53547 1.53547 1.53547 1.41611 1.38450 1.38450 1.38450 1.38450 1.38450 1.38450 1.38450 1.38450 1.38450 1.38450 1.38298 1.51366 1.83849 1.77233 1.71029 1.62674 1.54416 1.55828 1.59086 1.62352 1.65618 1.68413 1.68277 1.70719 1.69989 1.69370 1.68914 1.68864 1.68864 1.68864 1.68864 1.56684 1.42165 1.42165 1.40719 1.38107 1.38107 1.38107 1.38107 1.38107 1.32751 1.24720 1.18113 1.07740 0.973663 0.869951 0.817308 0.756788 0.724192 0.724192 0.724192 0.724192 0.724192 0.724192 0.724192 0.724192 1.03124 1.21402 1.16062
1.53547 1.53547 1.53547 1.53547 1.53547 1.53547 1.45873 1.38450 1.38450 1.38450 1.38450 1.38450 1.38450 1.38360 1.36503 1.33970 1.31436 1.29056 1.29481 1.67874 1.71268 1.72182 1.71902 1.70518 1.67165 1.52715 1.40492 1.30238 1.21741 1.39797 1.68864 1.68864 1.68864 1.68864 1.68864 1.68864 1.68864 1.68864 1.64103 1.42165 1.42165 1.41902 1.38186 1.38107 1.37638 1.29798 1.19425 1.07555 0.855310 0.817308 0.817308 0.817308 0.817308 0.817308 0.783520 0.724192 0.724192 0.724192 0.777812 1.11898 1.41541 1.26033 0.554279 0.636476 0.894004 1.08415
1.53547 1.53547 1.53547 1.53547 1.53547 1.53547 1.50136 1.38450 1.38450 1.38406 1.36702 1.34168 1.31635 1.29373 1.29547 1.30463 1.31377 1.32290 1.33162 1.59151 1.60980 1.47490 1.36262 1.25439 1.19617 1.19436 1.19436 1.19436 1.19436 1.25308 1.68790 1.68864 1.68864 1.68864 1.68864 1.68864 1.68864 1.68864 1.68789 1.44893 1.42016 1.40376 1.22979 1.07453 0.975490 0.950106 0.950106 0.950106 0.841543 0.817308 0.817308 0.817308 0.817308 0.817308 0.810798 0.996894 1.27765 1.49914 1.65445 1.63253 1.59715 1.49706 0.366993 0.382501 0.834553 0.918263
1.53547 1.53547 1.53547 1.53547 1.53547 1.53532 1.51805 1.35410 1.32254 1.30679 1.30764 1.31678 1.32591 1.33323 1.33385 1.28473 1.17578 1.08518 1.00907 1.04086 1.20845 1.20845 1.20845 1.19973 1.19436 1.19436 1.19436 1.19436 1.19436 1.19436 1.60130 1.68864 1.68864 1.68864 1.68864 1.68864 1.68901 1.69247 1.69732 1.48365 1.31804 1.31093 1.12093 0.950106 0.950106 0.950106 0.950106 0.950106 0.880414 0.810492 0.763672 0.792087 0.967362 1.11802 1.24521 1.55789 1.59576 1.59576 1.59576 1.59737 1.62276 1.65227 1.02356 0.506898 0.707296 0.849786
1.53547 1.53546 1.52140 1.45959 1.36126 1.23744 1.10011 1.24423 1.33385 1.33385 1.33815 1.29577 1.12408 1.04187 0.972283 0.934805 0.934405 0.934405 0.934405 0.948217 1.20039 1.20845 1.20845 1.20366 1.19436 1.19436 1.19436 1.19436 1.19436 1.19436 1.45582 1.68864 1.68906 1.69262 1.69751 1.70348 1.71011 1.71142 1.71142 1.57325 1.31093 1.31093 1.25019 0.949562 0.917018 0.870643 0.813904 0.804669 0.947626 0.956122 1.13681 1.25079 1.25184 1.25184 1.25184 1.45189 1.62774 1.65657 1.68166 1.70276 1.70779 1.70779 1.39499 0.703128 0.566413 0.895923
1.25749 1.09559 0.902180 0.820937 0.820937 0.820937 0.891885 1.22865 1.43201 1.46263 1.48665 1.37141 0.934405 0.934405 0.934405 0.934405 0.934405 0.934405 0.934405 0.934405 1.12821 1.20845 1.20845 1.20742 1.19452 1.19436 1.19436 1.19436 1.18957 1.15363 1.24405 1.70370 1.71026 1.71142 1.71142 1.71142 1.71142 1.71142 1.68868 1.59375 1.14976 1.06672 0.975108 0.710324 0.866328 1.10169 1.31155 1.46577 1.47733 1.26824 1.25184 1.26079 1.30168 1.34125 1.37683 1.49955 1.70779 1.70779 1.70779 1.70779 1.71156 1.71928 1.63764 0.886635 0.482719 0.993690
0.820937 0.828068 0.964422 1.10038 1.19849 1.27267 1.31215 1.33858 1.49050 1.49090 1.49090 1.48696 0.985212 0.934405 0.934405 0.934405 0.934405 0.934405 0.934405 0.934405 1.04224 1.20845 1.20845 1.20845 1.19197 1.15216 1.10335 1.04378 0.979956 0.970009 0.979648 1.65752 1.70787 1.65730 1.59209 1.52689 1.45694 1.37035 1.30509 1.28155 1.11418 1.35987 1.63329 1.61257 1.48027 1.48027 1.48027 1.49027 1.52040 1.41747 1.38214 1.40801 1.41025 1.41025 1.41025 1.43320 1.71133 1.72050 1.72821 1.73592 1.73986 1.73986 1.73986 1.13443 0.517724 0.878015
1.23250 1.29707 1.31296 1.31296 1.31296 1.31296 1.31296 1.31296 1.46759 1.49090 1.49090 1.49090 1.14757 0.934405 0.934405 0.934405 0.934405 0.934405 0.934405 0.934405 0.960727 1.16558 1.11848 1.06037 0.989155 0.970009 0.970009 0.947843 0.883606 0.818400 0.753195 1.16568 1.34827 1.31087 1.28823 1.26558 1.33717 1.63898 1.89179 2.09713 2.03787 1.89755 1.89755 1.80623 1.52499 1.55222 1.57672 1.59245 1.59300 1.52741 1.41025 1.41054 1.41522 1.42139 1.42756 1.43366 1.67330 1.73986 1.73986 1.73986 1.73986 1.73986 1.73986 1.40470 0.708195 0.703530
1.31296 1.31296 1.31296 1.31296 1.31296 1.31296 1.31296 1.31296 1.42537 1.49090 1.49090 1.49090 1.31387 0.934405 0.934405 0.934405 0.935497 0.944649 0.957323 0.972863 0.989038 0.990441 0.970124 0.941012 0.887628 0.720915 0.655673 0.682354 0.851157 1.02170 1.19232 1.30437 1.24619 1.24619 1.24619 1.24845 2.10672 2.18658 2.18658 2.18658 2.11788 1.89755 1.89840 1.93155 1.62701 1.59300 1.59300 1.59366 1.59895 1.59083 1.43044 1.43442 1.43590 1.43590 1.43590 1.43590 1.58409 1.73986 1.73986 1.73986 1.73986 1.69369 1.52371 1.27497 0.976079 0.814817
1.31296 1.31296 1.31296 1.31296 1.31296 1.31296 1.31296 1.31296 1.37261 1.49090 1.49090 1.49090 1.46860 0.960772 0.956158 0.971412 0.983958 0.960694 0.931597 0.902455 0.873296 0.844883 0.853982 0.999517 1.16725 1.13141 1.28660 1.38717 1.38795 1.38795 1.38795 1.37782 1.24810 1.24619 1.24619 1.24619 1.86933 2.18658 2.18658 2.18658 2.18134 1.91385 1.89755 1.92357 1.72535 1.60609 1.61226 1.61776 1.61865 1.61865 1.47671 1.43590 1.43590 1.43590 1.43590 1.43590 1.50522 1.72269 1.59215 1.46672 1.32459 1.23160 1.30662 1.36159 1.35771 1.05162
1.31296 1.31296 1.31296 1.31296 1.31296 1.31296 1.31296 1.31296 1.32167 1.53441 1.61261 1.69158 1.76369 1.15558 0.893041 0.863898 0.839067 0.836042 0.923177 1.09380 1.26434 1.43488 1.58764 1.61265 1.61265 1.46324 1.38795 1.38795 1.38795 1.38795 1.38795 1.38795 1.27969 1.24619 1.24619 1.24619 1.54767 2.18658 2.18658 2.18658 2.18658 1.98859 1.89755 1.91243 1.83678 1.61865 1.61865 1.61865 1.61865 1.61865 1.52991 1.43590 1.43768 1.45748 1.42571 1.34341 1.25751 1.32233 1.35832 1.36295 1.36295 1.36295 1.35705 1.30877 1.25209 1.07077
1.31296 1.31296 1.31296 1.31296 1.31452 1.36289 1.43119 1.49423 1.55667 1.66692 1.68923 1.67103 1.67078 1.33813 1.01738 1.18800 1.35862 1.52916 1.61265 1.61265 1.61265 1.61265 1.61265 1.61265 1.61265 1.52596 1.38795 1.38795 1.38795 1.38795 1.38795 1.38795 1.32128 1.24619 1.24619 1.24619 1.25799 2.12327 2.18658 2.18658 2.18658 2.06842 1.89755 1.90020 1.92579 1.63501 1.61871 1.62963 1.64743 1.65531 1.58940 1.46854 1.38333 1.26492 1.20742 1.20742 1.20742 1.31034 1.35217 1.29964 1.24299 1.18633 1.13554 1.12717 1.12717 1.08067
