High_resolution/powerplant/Chizhou/OMI_NO2_201104.asc
ncols      200
nrows      200
xllcorner       115.585
yllcorner       28.7700
cellsize     0.0166667
NODATA_Value      -999.000
[rows 116 to 144 of 200, columns 0 to 66 of 200]
0.00000 2.24757 2.20205 2.16069 2.21711 2.22214 2.22214 2.22214 2.22214 2.22214 2.22214 2.22214 2.22214 2.22214 2.22214 2.22214 2.32075 2.82394 3.25035 3.63568 4.04986 4.27527 4.48273 4.67069 4.70386 4.70386 4.70386 4.70386 4.50658 4.26870 3.89578 3.25981 3.25981 3.25981 3.24156 3.23252 3.23252 3.23252 3.23252 3.23629 3.26862 3.30680 3.34491 3.38300 3.69832 4.02163 4.10272 4.24072 4.43021 4.59815 4.86875 5.07064 5.12811 4.94610 4.63013 4.64454 4.64454 4.64454 4.64454 4.64454 4.64454 4.64454 4.64454 4.64454 4.64454 4.64454 4.92603
0.00000 2.10679 2.10679 2.10679 2.18224 2.22214 2.22214 2.22214 2.22214 2.22214 2.22214 2.22214 2.29374 2.78325 3.24424 3.62764 4.04727 4.28223 4.47131 4.66028 4.70386 4.70386 4.70386 4.70386 4.70386 4.70386 4.70386 4.70386 4.64353 4.26896 4.19687 3.27683 3.25981 3.25981 3.26051 3.28737 3.32553 3.36377 3.40186 3.43618 3.44205 3.44205 3.44205 3.49328 3.69507 4.57830 4.71301 4.85507 4.95268 5.05021 5.21991 5.38697 5.33017 5.25883 4.64805 4.64454 4.64454 4.64454 4.64454 4.64454 4.64454 4.64454 4.64454 4.64454 4.64454 4.64454 4.81996
0.00000 2.10679 2.10679 2.10679 2.13957 2.22214 2.22214 2.22214 2.27093 2.74024 3.20943 3.59474 4.01838 4.26467 4.47222 4.67237 4.72805 4.72805 4.71654 4.70386 4.70386 4.70386 4.70386 4.70386 4.70386 4.70386 4.70386 4.70386 4.70427 4.35652 4.29413 3.56295 3.31446 3.32906 3.34894 3.44187 3.44205 3.44205 3.44205 3.49720 3.61421 3.73127 3.87409 4.06158 4.19160 4.90542 5.13259 5.14005 5.14005 5.14005 5.15925 5.39567 5.34009 5.33017 4.78982 4.64454 4.64454 4.64454 4.64454 4.64454 4.64454 4.64454 4.64454 4.64454 4.64454 4.64454 4.73133
0.00000 2.10679 2.10679 2.10679 2.10679 2.21248 2.22214 3.28439 3.98745 4.24735 4.45498 4.65895 4.72805 4.72805 4.72805 4.72805 4.72805 4.72805 4.72339 4.70386 4.70386 4.70386 4.70386 4.70617 4.71939 4.73399 4.74861 4.76321 4.77741 4.56067 4.34645 3.91867 3.33756 3.33756 3.33756 3.48290 3.61808 3.73514 3.88071 4.06533 4.19542 4.32505 4.42908 4.43756 4.43756 4.78171 5.14005 5.14005 5.14005 5.14005 5.14005 5.34293 5.36122 5.33017 5.00305 4.64454 4.64454 4.64454 4.64454 4.64454 4.64454 4.64454 4.64454 4.70726 4.88532 5.10689 5.41770
0.00000 0.00000 2.10679 2.10679 2.10679 2.50205 3.00600 4.02836 4.72805 4.72805 4.72805 4.72805 4.72805 4.72805 4.72805 4.72805 4.72805 4.72805 4.76535 4.74402 4.73871 4.75330 4.76790 4.78022 4.78161 4.78161 4.78161 4.78161 4.78161 4.69771 4.34645 4.56950 3.52925 3.63476 3.78296 4.02150 4.19903 4.32897 4.43013 4.43756 4.43756 4.43756 4.43756 4.43756 4.43756 4.52601 5.13561 5.14005 5.14005 5.14005 5.14005 5.27120 5.38229 5.33017 5.21627 4.64454 4.64454 4.64454 4.64454 4.68924 4.92396 5.18152 5.48982 5.86461 6.16059 6.44079 6.56325
0.00000 0.00000 2.10679 2.10679 2.10679 2.56169 3.44159 3.65764 4.72548 4.72805 4.72805 4.72805 4.72805 4.78215 4.88468 4.98710 5.08978 5.19225 5.25733 4.96170 4.78161 4.78161 4.78161 4.78161 4.78161 4.78161 4.78161 5.06885 5.73520 6.40166 6.72325 7.12077 4.74744 4.22820 4.32680 4.36070 4.43756 4.43756 4.43756 4.43756 4.43756 4.43756 4.43756 4.43756 4.43756 4.43756 5.00523 5.14005 5.14005 5.14005 5.14005 5.19940 5.39747 5.34121 5.39665 4.89272 4.99864 5.25617 5.58885 5.99656 6.23881 6.47563 6.55672 6.43630 6.31111 6.19247 6.16369
0.00000 0.00000 2.10679 2.10679 2.10679 2.11530 3.35820 3.44461 4.61733 4.90229 5.00492 5.10744 5.20991 5.25844 5.25844 5.25844 5.25844 5.25844 5.25844 5.09637 4.78161 4.78161 4.78161 5.02045 5.68021 6.34782 7.02393 7.44206 7.48421 7.52471 7.51537 7.48578 5.97628 4.33308 4.33308 4.33594 4.43290 4.43756 4.43756 4.43756 4.43756 4.43756 4.43756 4.43756 4.43756 4.43756 4.78976 5.14005 5.16182 5.21506 5.26829 5.32561 5.80197 6.03796 6.25165 6.23596 6.27595 6.50873 6.54261 6.41760 6.29246 6.18115 6.16369 6.16369 6.16369 6.16369 6.16369
0.00000 0.00000 0.00000 2.37504 2.68279 2.99052 3.83223 4.18800 4.82627 5.25844 5.25844 5.25844 5.25844 5.25844 5.25844 5.25844 5.25844 5.25844 5.25844 5.42001 5.63145 6.29314 6.96701 7.43229 7.48091 7.52140 7.55366 7.55631 7.55631 7.55631 7.53910 7.48578 6.96981 4.33308 4.33308 4.33308 4.40639 4.43756 4.43756 4.43756 4.43756 4.43756 4.44295 4.50089 4.57199 4.64324 4.80110 5.39807 5.47005 5.63991 5.86643 6.12322 6.57065 6.73680 6.62222 6.50424 6.27361 6.17268 6.16369 6.16369 6.16369 6.16369 6.16369 6.16369 6.16369 6.16369 6.16369
0.00000 0.00000 0.00000 3.69795 3.69795 3.69795 3.91087 4.23717 4.45938 5.25844 5.25844 5.25844 5.25844 5.25844 5.25844 5.41331 6.04795 6.71530 7.38772 7.89508 7.58481 7.51809 7.55232 7.55631 7.55631 7.55631 7.55631 7.55631 7.55631 7.55631 7.55540 7.49169 7.48578 4.81062 4.33308 4.33308 4.37698 4.46484 4.53546 4.60652 4.67773 4.74883 4.81458 4.82777 4.82777 4.82875 4.89241 5.86693 6.29074 6.36104 6.33850 6.28449 6.38981 6.58519 6.36214 6.35056 6.18480 6.16369 6.16369 6.16369 6.16369 6.16369 6.16369 6.16369 6.16369 6.16369 6.16369
0.00000 0.00000 0.00000 3.69795 3.69795 3.69795 3.71021 4.21317 4.23717 5.14071 5.25844 5.37852 5.99302 6.66036 7.33161 7.87711 7.95109 7.99159 8.02753 8.03314 7.79806 7.55631 7.55631 7.55631 7.55631 7.55631 7.55631 7.55631 7.55631 7.55631 7.55631 7.51485 7.54924 5.95771 4.57622 4.66610 4.75928 4.82722 4.82777 4.82777 4.82777 4.82924 4.89523 4.99678 5.09832 5.17486 5.14177 5.69239 6.22894 6.19156 6.19034 6.19034 6.23818 6.59169 6.42791 6.35197 6.24976 6.16369 6.16369 6.16369 6.16369 6.16369 6.16369 6.16369 6.16369 6.16369 6.16369
0.00000 0.00000 0.00000 3.69795 3.69795 3.69795 3.69795 4.10505 4.23717 5.67224 7.27550 7.85390 7.94779 7.98828 8.02566 8.03314 8.03314 8.03314 8.03314 8.03314 7.93267 7.55631 7.55631 7.55631 7.55631 7.55631 7.56868 7.64834 7.73818 7.82812 7.91796 7.98468 7.96365 7.27610 4.81094 4.81094 4.81094 4.82722 4.89826 4.99956 5.10112 5.17561 5.13960 5.06759 4.99570 4.94756 4.94640 5.13271 6.18660 6.19034 6.19034 6.19034 6.19034 6.52799 6.50210 6.35197 6.30580 6.16369 6.16369 6.16369 6.16369 6.16369 6.16369 6.16369 6.16369 6.16290 6.03698
0.00000 0.00000 0.00000 0.00000 3.69795 3.69795 3.69795 3.95665 4.34219 5.37318 8.02354 8.03314 8.03314 8.03314 8.03314 8.03314 8.03314 8.03314 8.03314 8.03314 8.02903 7.62644 7.67697 7.76685 7.85674 7.94653 8.02399 8.03417 8.03417 8.03417 8.03417 8.03194 7.96700 7.95914 5.25048 4.98564 5.08714 5.16916 5.13742 5.06539 4.99352 4.94721 4.94640 4.94640 4.94640 4.94640 4.94640 4.94640 5.97669 6.19034 6.19034 6.19034 6.19034 6.41640 6.57326 6.35509 6.34700 6.17434 6.16369 6.16369 6.16369 6.16369 6.09017 5.84471 5.59143 5.33883 5.21125
0.00000 0.00000 0.00000 0.00000 3.69795 3.69795 3.69795 3.73645 4.45227 4.48799 7.73046 8.03314 8.03314 8.03314 8.03314 8.03314 8.06908 8.14034 8.21163 8.28278 8.35415 8.16323 8.03417 8.03417 8.03417 8.03417 8.03417 8.03417 8.03417 8.03943 8.43844 9.07690 9.66831 10.2406 7.27779 5.04642 4.97453 4.93516 4.94640 4.94640 4.94640 4.94640 4.94640 4.94640 4.94640 4.94640 4.94640 4.94640 5.60055 6.19034 6.19034 6.19034 6.19034 6.30482 6.59202 6.41059 6.35118 6.21075 6.07173 5.84601 5.59252 5.33916 5.15937 5.15125 5.15030 5.14580 5.14097
0.00000 0.00000 0.00000 0.00000 3.69795 3.69795 3.69795 3.69795 4.31004 4.47520 6.81712 8.08074 8.15193 8.22322 8.29445 8.36571 8.40102 8.40102 8.40102 8.40102 8.40102 8.26802 8.03417 8.03417 8.03417 8.03493 8.38835 9.02681 9.66577 10.2409 10.3196 10.1559 10.0785 10.1787 8.73550 4.92958 4.92958 4.93036 4.94594 4.94640 4.94640 4.94640 4.94640 4.94640 4.94640 4.94640 4.94640 4.94640 5.14925 6.18828 6.19034 6.23567 6.36978 6.52147 6.50813 6.24746 5.92327 5.59420 5.17894 5.15125 5.14977 5.14505 5.14022 5.13538 5.13150 5.13116 5.13116
0.00000 0.00000 0.00000 0.00000 0.00000 3.71243 3.87542 4.08920 4.53923 4.88465 6.09136 8.40102 8.40102 8.40102 8.40102 8.40102 8.40102 8.40102 8.40102 8.40102 8.40102 8.36969 8.34064 8.97671 9.61568 10.2056 10.3323 10.1688 10.0052 9.89977 9.89772 9.89772 9.91565 10.1727 10.0619 5.24976 4.92958 4.92958 4.94206 4.94640 4.94640 4.94640 4.94640 4.94640 4.94640 4.95571 5.09495 5.27662 5.45854 6.53849 6.84740 6.87334 6.71434 6.53457 5.91052 5.56580 5.18868 5.14429 5.13947 5.13463 5.13128 5.13116 5.13116 5.13116 5.13116 5.13116 5.13116
0.00000 0.00000 0.00000 0.00000 0.00000 4.78058 4.80161 4.80161 4.82160 5.02317 5.08289 8.20163 8.40102 8.40102 8.40102 8.40102 8.40102 8.40102 8.65776 9.29347 9.93218 10.5324 10.4203 10.1816 10.0181 9.90234 9.89772 9.89772 9.89772 9.89772 9.89772 9.89772 9.89772 10.1025 10.1784 6.78031 4.92958 4.92958 4.93736 4.94640 5.00754 5.18656 5.36848 5.55041 5.73243 5.90504 5.94707 5.94707 5.94292 6.26561 6.37891 6.22156 6.11232 5.97862 5.55275 5.06486 5.10886 5.13116 5.13116 5.13116 5.13116 5.13116 5.13116 5.13116 5.13116 5.13116 5.13116
0.00000 0.00000 0.00000 0.00000 0.00000 4.80161 4.80161 4.80161 4.80161 4.98640 5.02703 7.38229 8.40102 8.40102 8.61468 9.24312 9.88209 10.4907 10.7218 10.5613 10.3977 10.2725 10.0771 9.89772 9.89772 9.89772 9.89772 9.89772 9.89772 9.89772 9.89772 9.89772 9.89772 10.0145 10.1801 8.50024 5.11105 5.21926 5.37904 5.82339 5.94417 5.94707 5.94707 5.94707 5.94210 5.87333 5.77145 5.64769 5.41645 5.35111 5.85728 5.74061 5.67891 5.67887 5.55793 4.99925 5.06781 5.13116 5.13116 5.13116 5.13116 5.13116 5.13116 5.13116 5.13116 5.13116 5.13116
0.00000 0.00000 0.00000 0.00000 0.00000 4.80161 4.80161 4.80161 4.80161 4.92483 5.18685 6.90217 9.83199 10.4479 10.7276 10.5741 10.4106 10.2773 10.2646 10.2646 10.2646 10.2646 10.1814 9.89772 9.89772 9.89772 9.89772 9.89772 9.89772 9.91052 10.0044 10.1125 10.2206 10.3588 10.7147 10.4906 5.66060 5.50366 5.50517 5.90294 5.94105 5.87033 5.76797 5.64306 5.40697 5.19250 5.01675 4.84111 4.75412 4.75412 5.55494 5.67887 5.67887 5.67887 5.67690 5.06808 5.02675 5.13116 5.13116 5.13116 5.13116 5.13116 5.13116 5.13116 5.13116 5.13116 5.13116
0.00000 0.00000 0.00000 0.00000 0.00000 0.00000 5.06192 5.92843 6.66475 7.10793 6.59666 6.54301 10.1896 10.2828 10.2646 10.2646 10.2646 10.2646 10.2646 10.2646 10.2646 10.2646 10.2597 9.92329 9.93182 10.0377 10.1458 10.2540 10.3622 10.4576 10.4718 10.4718 10.4718 10.4718 10.6931 10.7525 7.04619 5.38759 5.23722 5.41888 5.39775 5.18669 5.01101 4.83569 4.75412 4.75412 4.75412 4.75412 4.75412 4.75412 5.29449 5.67887 5.67887 5.67887 5.67887 5.25390 4.99982 5.11708 5.13116 5.13116 5.13116 5.13116 5.13116 5.13116 5.13115 5.10767 4.93596
0.00000 0.00000 10.2048 10.2048 10.2048 10.2048 8.70193 7.50321 7.50321 7.50321 6.37515 6.11174 8.81689 10.2646 10.2646 10.2646 10.2646 10.2646 10.2646 10.2484 10.2158 10.1832 10.1506 10.3028 10.4695 10.4718 10.4718 10.4718 10.4718 10.4718 10.4718 10.4718 10.4698 10.4442 10.5448 10.6591 8.79318 4.51575 4.34037 4.39512 4.75412 4.75412 4.75412 4.75412 4.75412 4.75412 4.75412 4.75412 4.75412 4.75412 4.95545 5.67881 5.67887 5.67887 5.67887 5.44179 4.99925 5.07661 5.13116 5.13007 5.01458 4.81935 4.61650 4.41355 4.21060 4.03102 3.99988
10.2048 10.2048 10.2048 10.2048 10.2048 10.2048 9.74688 7.51052 7.50321 7.50321 6.77289 6.11174 7.49555 10.2641 10.2427 10.2101 10.1775 10.1448 10.1122 10.0957 10.0957 10.0957 10.0957 10.2389 10.4718 10.4718 10.4718 10.4718 10.4706 10.4467 10.4141 10.3817 10.4456 10.6108 10.7225 10.1995 9.77821 4.17139 4.08900 4.13935 4.74773 4.75412 4.75412 4.75412 4.75412 4.75412 4.75412 4.75412 4.75412 4.75412 4.75412 5.56680 5.67887 5.67887 5.62845 5.38938 4.56606 4.40317 4.29726 4.09540 4.00771 4.00021 3.99988 3.96326 3.88206 3.80065 3.71928
10.2048 10.2048 10.2048 10.2048 10.2048 10.2048 10.2048 7.80105 7.50027 7.46173 7.19717 6.02246 6.18308 9.97074 10.0957 10.0957 10.0957 10.0957 10.0957 10.0957 10.0957 10.0957 10.0957 10.1344 10.4702 10.4492 10.4166 10.3840 10.4333 10.5966 10.7688 10.9406 11.0182 11.0182 11.0182 10.2834 10.1524 5.97901 4.08900 4.08900 4.61258 4.75412 4.75412 4.75412 4.75412 4.75412 4.75412 4.75412 4.74716 4.54703 4.25941 4.68379 4.96546 4.77306 4.62455 4.60684 4.02525 3.87260 3.99182 3.95138 3.87001 3.78857 3.70726 3.66247 3.66237 3.66237 3.66237
10.2048 10.2048 10.2048 10.0935 9.10473 8.21341 7.54788 7.18154 7.26038 7.24997 7.24997 6.13867 5.94291 8.83453 10.0957 10.0957 10.0957 10.0957 10.0957 10.0957 10.0955 10.0757 10.0431 10.0104 10.3538 10.5826 10.7546 10.9268 11.0181 11.0182 11.0182 11.0182 11.0182 11.0182 11.0182 10.5521 10.1524 7.97873 4.08900 4.08900 4.42688 4.75412 4.75412 4.68055 4.40464 4.11702 3.82941 3.54163 3.26002 3.17206 3.17206 3.51698 4.59948 4.58918 4.58540 4.57980 4.19806 3.84482 3.74173 3.66237 3.66237 3.66237 3.66237 3.66237 3.66237 3.66237 3.66237
8.21341 7.54788 7.03199 6.64947 6.58193 6.58193 6.58193 6.73768 7.24997 7.24997 7.24997 6.49806 5.94291 7.51268 10.0957 10.0957 10.0957 10.0786 10.0464 10.0138 10.0368 10.1923 10.3644 10.5366 10.8432 11.0182 11.0182 11.0182 11.0182 11.0182 11.0182 11.0182 11.0182 11.0182 11.0182 10.8233 10.1524 9.54091 4.08228 4.06657 4.06300 3.68702 3.39924 3.18408 3.17206 3.17206 3.17206 3.17206 3.17206 3.17206 3.17182 3.16324 4.41635 4.56202 4.55339 4.55026 4.37568 3.83273 3.77363 3.66237 3.66237 3.66237 3.66237 3.66237 3.66237 3.66237 3.66237
6.58193 6.58193 6.58193 6.58193 6.58193 6.58193 6.58193 6.59169 7.20629 7.24997 7.24997 6.96288 5.94291 6.12852 9.96877 10.0146 10.0269 10.1783 10.3503 10.5225 10.6387 10.6421 10.6421 10.6421 10.7383 11.0182 11.0182 11.0182 11.0182 11.0182 11.0182 11.0182 11.0173 11.0095 11.0002 10.9845 10.1986 10.1067 5.43499 4.01502 4.00314 3.22687 3.17206 3.17206 3.17206 3.17206 3.17171 3.16253 3.14944 3.13635 3.12350 3.11920 4.00185 4.55026 4.55026 4.55026 4.53588 3.87075 3.82241 3.66595 3.66237 3.66237 3.66237 3.66237 3.66237 3.66237 3.66237
6.58193 6.58193 6.58193 6.58193 6.58193 6.58193 6.58193 6.58193 7.02638 7.13217 6.71099 6.27369 5.13167 5.03232 9.01510 10.5084 10.6355 10.6421 10.6421 10.6421 10.6421 10.6421 10.6421 10.6421 10.6509 10.9997 11.0182 11.0155 11.0065 10.9972 10.9879 10.9787 10.9703 10.9688 10.9688 10.9688 10.4495 10.1031 7.55418 4.01502 4.01502 3.45049 3.17160 3.16203 3.14894 3.13585 3.12312 3.11920 3.11920 3.11920 3.11920 3.11920 3.49167 4.55026 4.55026 4.55026 4.55026 4.05481 3.83273 3.70825 3.66237 3.66237 3.66237 3.66237 3.66237 3.66237 3.66237
6.58193 6.58193 6.58193 6.58193 6.58193 6.51896 6.12852 5.69172 5.49020 5.42964 5.27156 5.15448 5.30784 5.50965 7.69658 10.6421 10.6421 10.6421 10.6421 10.6421 10.6421 10.6421 10.6678 10.7205 10.7732 10.9403 10.9757 10.9691 10.9688 10.9688 10.9688 10.9688 10.9688 10.9688 10.9688 10.8152 9.57205 7.51311 5.47165 4.00449 3.99141 3.64948 3.12272 3.11920 3.11920 3.11920 3.11920 3.11920 3.11920 3.11920 3.11920 3.11920 3.12114 4.41162 4.55026 4.55026 4.55026 4.25296 3.83273 3.76067 3.66237 3.66237 3.66237 3.67174 3.69079 3.70933 3.72789
6.58193 6.55651 6.21425 5.77779 5.33487 4.88225 4.75406 4.68469 4.67853 5.06882 5.07033 5.07033 5.16165 5.50965 6.09115 10.6231 10.6427 10.6767 10.7295 10.7822 10.8349 10.8877 10.9147 10.9147 10.9147 10.9371 10.9688 10.9688 10.9688 10.9688 10.9688 10.8573 9.94061 8.67792 7.11540 5.23239 4.61265 3.97128 3.96533 3.96217 3.96217 3.86767 3.12058 3.11920 3.11920 3.11920 3.11920 3.11920 3.11920 3.11920 3.11920 3.11920 3.11920 4.02459 4.55026 4.55026 4.55026 4.41513 3.85532 3.85510 3.72391 3.74162 3.76015 3.76967 3.76923 3.76866 3.73477
5.42604 4.94692 4.76893 4.69685 4.63943 4.62498 4.62498 4.62498 4.62498 4.98741 5.07033 5.07314 5.11566 5.55638 5.65869 9.78149 10.8960 10.9147 10.9147 10.9147 10.9147 10.9147 10.9147 10.9147 10.9147 10.9219 10.9688 10.8925 10.0337 8.79146 7.26185 5.34581 4.67850 4.30360 3.94243 3.84341 3.84341 3.92201 3.96217 3.96217 3.96217 3.96217 3.26158 3.11920 3.11920 3.11920 3.11920 3.11920 3.11920 3.11920 3.11920 3.11622 2.93616 3.09726 4.04791 3.85764 3.66813 3.51553 3.88094 3.94029 3.80220 3.76667 3.72611 3.67291 3.61976 3.56712 3.54786
