High_resolution/powerplant/Chizhou/OMI_NO2_2010_06-08.asc
ncols      200
nrows      200
xllcorner       115.585
yllcorner       28.7700
cellsize     0.0166667
NODATA_Value      -999.000
[rows 30 to 59 of 200, columns 66 to 131 of 200]
1.39962 1.31354 1.42028 1.20535 1.14722 1.08968 1.18740 1.18740 1.17937 1.18740 1.18740 1.29535 1.29529 1.27342 1.23414 1.19491 1.16684 1.15874 1.16718 1.20653 1.30328 1.63452 1.43613 1.60375 1.48376 1.56196 1.50206 1.69280 1.75623 1.81635 1.83389 5.86304 5.88454 5.90133 5.91033 5.94413 5.98104 6.05579 6.11879 6.14266 6.14286 5.77649 2.18002 2.12881 2.25830 2.32234 2.50922 2.55457 2.22207 2.30437 2.22207 2.53951 3.02364 3.38649 3.50865 3.55448 3.52388 3.55497 3.11668 5.12279 5.71701 5.25366 5.25366 5.25366 5.12614 5.33018
1.57255 1.50439 1.61915 1.50687 1.27359 1.27009 1.25157 1.17857 1.14655 1.11610 1.07911 1.12226 1.09137 1.10470 1.13667 1.16366 1.17482 1.16578 1.15634 1.14712 1.21263 1.59577 1.47609 1.61498 1.53890 1.75349 1.73439 5.17164 5.55067 5.56090 5.56008 5.60462 5.64918 5.69373 5.73392 5.74088 5.73913 5.75667 5.80132 5.80132 5.80132 5.99027 1.96214 1.88191 1.96202 1.96202 2.08218 2.18002 1.69744 1.86589 1.71451 2.01962 2.19120 2.45231 2.69024 2.61064 2.60400 2.79000 2.44125 2.92950 5.62784 4.97315 4.92336 5.00128 4.96241 5.05803
1.62011 1.54338 1.63914 1.56113 1.23130 1.24946 1.17434 1.07729 0.995015 1.03511 1.05707 1.07574 1.08635 1.07706 1.06685 1.06204 1.06313 1.07681 1.09257 1.10702 1.17724 1.60607 6.15059 5.42634 5.86426 5.24600 5.56912 4.96949 5.03460 5.14122 5.12264 5.12264 5.12264 5.12264 5.12264 5.12264 5.12241 5.12043 5.18930 5.19063 5.19063 5.52809 5.75460 2.06120 2.19667 2.20498 2.11210 2.22987 1.77567 1.97293 1.83181 2.16051 2.16205 2.18850 2.50212 2.60400 2.60400 2.81211 6.72199 5.89055 6.05763 5.14715 4.97414 3.52113 3.55844 3.46822
1.42922 1.30315 1.29937 1.30443 1.14687 1.14695 1.17346 1.13554 1.06910 1.06539 1.06204 1.06204 1.06255 1.07315 1.08759 1.10205 1.11540 1.12418 1.14093 1.15900 1.33112 1.91089 5.82631 5.09541 5.14743 4.82497 5.07040 4.26806 4.27275 4.38695 4.33253 4.32775 4.32775 4.32775 4.32775 4.32775 4.32775 4.30136 4.37788 4.43210 4.44278 4.81331 4.97263 2.38453 2.60632 2.63919 2.60495 2.69371 2.31585 2.43164 2.31585 2.31585 2.31585 5.53232 5.81374 6.08632 6.14968 5.96342 6.56319 5.82437 6.05365 5.10002 3.53814 3.46593 3.53814 3.46593
1.26275 1.16388 1.16076 1.10575 1.17041 1.16549 1.20862 1.14076 1.05718 1.06818 1.08262 1.09708 1.11100 1.12125 1.13910 1.15717 1.17301 1.15951 1.12825 1.09372 1.15913 1.67524 1.85963 5.11638 5.41551 5.07040 5.37974 4.49523 4.49523 4.56958 4.58091 4.55395 4.52261 4.48051 4.43842 4.39638 4.35431 4.32841 4.49151 4.69391 4.72596 5.08555 5.33047 2.42435 2.60874 2.58700 2.56505 2.62157 5.49186 5.17734 5.49265 5.56557 5.65356 5.76260 5.97683 6.28728 6.91748 6.63314 7.08816 6.63314 6.91752 6.18122 3.03269 2.88828 3.03269 2.88828
0.969383 0.908098 0.954696 0.899757 1.07378 1.14501 1.20778 1.24491 1.18038 1.20404 1.22015 1.23686 1.24346 1.22209 1.18626 1.14636 1.10575 1.09741 1.09741 1.09741 1.18886 1.57686 1.72779 5.31246 5.89471 5.69445 6.03974 5.38550 5.40742 5.40744 5.32249 5.24858 5.23941 5.23896 5.22141 5.21096 5.22330 5.23878 5.37077 5.36336 5.34648 5.45282 5.07965 4.81068 4.27755 4.24729 4.25092 4.22924 4.51964 4.64750 4.89853 4.92669 4.92918 4.93262 5.09118 5.45527 6.30813 6.06437 6.91752 6.30813 6.63314 6.57758 2.88828 2.69572 4.15570 4.17812
0.792789 0.732738 0.821288 0.839674 1.15778 1.29910 1.21902 1.23446 1.22948 1.30820 1.26814 1.22301 1.18981 1.18886 1.18886 1.18886 1.18886 1.18886 1.18886 1.23993 1.38244 1.66530 1.88433 4.44768 4.96488 4.64486 4.86717 4.88150 4.87904 4.85514 4.69062 4.62887 4.64914 4.67517 4.70572 4.72627 4.71875 4.69275 4.66668 4.73667 4.56754 4.49527 4.11029 4.47481 4.34629 4.37396 4.54947 4.47141 4.61647 4.61647 4.75049 4.75049 4.75049 4.75049 4.85686 5.17810 6.06437 5.87478 6.59370 5.82023 5.81017 5.54963 4.17734 4.30080 4.41928 4.51599
0.953988 0.934941 0.925610 0.823071 0.942139 1.12731 1.10486 1.04748 1.03447 1.12851 1.12851 1.12851 1.12851 1.12851 1.12851 1.12853 1.14613 1.17908 1.21206 1.34702 1.56965 1.86550 2.05499 2.15647 5.39116 4.84836 5.07171 5.05849 5.03492 5.01574 4.88202 4.91119 4.93227 4.89566 4.85385 4.65391 4.38822 4.13374 3.85075 3.71083 3.78521 3.79128 3.69707 4.18996 4.65642 4.55953 4.66968 4.55953 4.75049 4.75049 4.75049 4.75049 4.75049 4.75049 4.80120 4.82331 5.40320 5.20579 5.56989 5.30949 5.50798 5.60672 4.87943 4.64031 4.64031 4.62791
0.972260 0.861366 0.815802 0.724588 0.780990 1.06499 1.12098 1.09872 1.09741 1.18886 1.18942 1.21342 1.24967 1.28595 1.32220 1.38291 1.45529 1.51082 1.57528 1.69838 1.85742 2.07477 2.12292 2.17534 5.06211 4.59774 4.75860 4.72247 4.68417 4.64161 4.46513 4.17354 4.06486 3.82320 3.55975 3.43769 3.38114 3.33129 3.32251 3.61670 3.96312 3.95951 3.96312 4.23850 5.51415 5.39341 5.60780 5.39341 5.82262 5.82262 5.82262 5.81493 5.79739 5.77980 5.77340 5.28483 5.77781 5.54531 5.67837 5.32905 5.37911 5.37911 5.07716 4.67298 4.58118 4.45576
0.886294 0.840712 0.840712 0.840712 0.887653 1.04588 1.14540 1.20669 1.22152 1.37994 1.41560 1.44725 1.50235 1.57153 1.64810 1.70026 1.72138 1.74242 1.75279 1.83188 1.99495 2.19859 2.07632 2.21565 4.45950 3.84181 3.71856 3.57666 3.44371 3.27818 3.12392 2.85127 2.96752 2.94455 2.94455 2.94455 2.94455 2.94455 2.94429 3.23669 3.68814 3.85210 3.81634 3.81839 5.47335 5.60631 5.87021 5.57795 6.13182 6.11541 6.10489 6.10837 6.12107 6.13384 6.14088 5.87155 5.94446 5.67942 5.77952 5.37911 5.32217 5.16537 4.85949 4.30106 4.29045 4.31270
0.885722 0.831007 0.818799 0.806592 0.836402 0.863375 1.14122 1.34983 1.37590 1.44555 1.51518 1.56713 1.58671 1.59344 1.59344 1.59124 1.56343 1.39917 1.48928 1.52976 1.63221 1.83495 1.69909 1.92493 4.97191 3.53830 3.47223 3.42698 3.38943 3.38550 3.38550 3.21113 3.27338 3.32388 3.32388 3.32388 3.32388 3.32388 3.32388 3.49965 3.87284 4.03512 4.05709 4.03999 4.80915 5.51036 5.81128 5.54079 6.12132 6.13400 6.14089 6.14090 6.14090 6.14090 6.14090 5.99023 5.85572 5.45482 5.30757 4.80713 4.57376 4.47204 4.43865 4.36266 4.35203 4.35203
0.892479 0.850553 0.851392 0.862924 0.916563 0.910363 1.22863 1.78291 1.75397 1.75279 1.75158 1.73293 1.69571 1.65493 1.61414 1.57578 1.55580 1.39746 1.51860 1.57144 1.72144 1.91721 1.72844 1.89341 1.70054 3.50509 3.51067 3.51067 3.51067 3.51067 3.51067 3.41880 3.36423 3.46219 3.46313 3.48803 3.52336 3.55870 3.59402 3.78712 3.98353 4.08856 4.18966 4.20166 4.31027 5.47248 5.84559 5.54082 6.14090 6.14090 6.14091 6.14409 6.14473 6.07531 5.97314 5.51932 4.20667 4.44237 4.39523 4.37237 4.37237 4.37237 4.37215 4.36325 4.35280 4.35280
0.803490 0.789935 0.857606 0.865910 0.895596 0.933489 1.14683 1.72303 1.77257 1.70212 1.65897 1.63481 1.62366 1.60679 1.58987 1.57297 1.56495 1.43453 1.56495 1.62491 1.62491 1.67564 1.37068 1.50841 1.34655 3.86575 3.87447 3.87456 3.87456 3.87574 3.87518 3.85406 3.73800 3.90915 3.94731 3.95772 3.95772 3.79767 3.80582 3.93603 3.83599 3.76717 3.72288 3.72288 3.30370 4.31890 4.88764 4.89463 5.15288 5.09698 4.94513 4.77936 2.38000 2.30133 2.26202 2.35368 3.84520 4.32941 4.37312 4.37267 4.37267 4.37267 4.37267 4.37020 4.35552 4.35552
0.657233 0.610188 0.687551 0.703901 0.777955 0.808256 0.929944 1.42383 1.64939 1.52298 1.52298 1.52298 1.52298 1.52298 1.52298 1.52298 1.52298 1.45375 1.59912 1.66143 1.66143 1.71335 1.59912 1.61309 1.56468 3.90994 3.91519 3.91264 3.91021 3.90650 3.90460 3.90460 3.83382 3.91459 3.96562 3.98051 3.99550 3.85383 3.86163 3.97513 4.01378 3.90355 3.71134 3.61669 3.18457 3.60281 4.68197 2.65030 2.37559 2.26957 2.25953 2.25953 2.25953 2.25953 2.25953 2.35368 3.64129 4.20193 4.37312 4.37267 4.37267 4.36949 4.32109 4.22986 4.13599 4.06821
0.736195 0.675018 0.746368 0.750210 0.809758 0.820274 0.921921 1.19482 1.71532 1.52563 1.52298 1.52298 1.52298 1.52298 1.52298 1.52298 1.59912 1.45375 1.59912 1.65178 1.63157 1.61019 1.42866 1.39650 1.46015 1.52653 3.90349 3.90460 3.90460 3.90460 3.91404 3.93500 3.92277 3.94147 4.01778 4.01894 4.02041 3.86054 3.76933 3.74142 3.65701 3.50259 3.39427 3.52466 3.34791 3.29573 2.27325 2.25953 2.25953 2.25953 2.25953 2.25953 2.25953 2.25953 2.25953 2.35368 2.69190 3.95627 4.21559 4.19203 4.19080 4.20989 4.26838 4.26899 4.32581 4.37127
0.751876 0.683562 0.767869 0.800926 0.898182 0.945920 1.04300 1.05934 1.65357 1.57651 1.52298 1.52298 1.52298 1.52282 1.51126 1.49275 1.54794 1.38921 1.41148 1.42883 1.38579 1.34389 1.26768 1.26768 1.35803 1.50469 3.91201 3.93307 3.95405 3.97533 3.98799 3.98919 3.98229 3.87674 3.83846 3.70285 3.59189 3.55517 3.56148 3.63378 3.72082 3.74886 3.74954 3.86698 3.70257 3.59294 3.60443 1.69465 1.69465 1.69465 2.54699 2.54699 2.54699 2.59323 2.59253 2.70551 2.68728 3.67595 4.72590 4.81943 4.84266 4.84439 4.84439 4.84439 4.83812 4.82091
0.842742 0.875800 0.892949 0.824261 0.892949 0.892949 0.972945 0.959798 1.31967 1.46783 1.34090 1.32423 1.30754 1.29100 1.26534 1.22842 1.26379 1.12287 1.14092 1.21006 1.21006 1.33107 1.43531 1.46592 1.56031 1.77857 3.67254 3.65544 3.64621 3.56214 3.45712 3.36085 3.29368 3.21747 3.34197 3.42363 3.44299 3.52606 3.52606 3.64236 3.69257 3.71078 3.86602 4.03139 3.86698 3.63224 3.16418 2.47949 2.47755 2.47640 2.47492 2.47344 2.47186 2.52647 2.50445 2.59771 2.53608 3.31500 4.60878 4.84439 4.84439 4.84439 4.84492 4.86736 4.90092 4.89420
0.974127 0.974127 0.961638 0.893017 0.894182 0.895732 0.996981 0.933751 1.01130 1.34767 1.17630 1.14090 1.10672 1.07261 1.05640 1.05640 1.26768 1.14092 1.19477 1.32813 1.39887 1.65338 1.64169 1.68837 1.71257 1.76232 1.86085 3.32967 3.26623 3.28637 3.32649 3.35787 3.36015 3.34341 3.37164 3.44299 3.44299 3.46791 3.46791 3.57892 3.59875 3.58330 3.36140 3.33626 3.21765 3.16105 3.00842 2.54929 2.53747 2.52491 2.50400 2.48051 2.45461 2.47828 2.47828 2.56514 2.54777 2.93524 4.31148 4.85058 4.83073 4.80173 4.75733 4.67911 5.19304 5.11077
1.07488 1.07674 1.04864 0.982163 0.982583 1.00078 1.14050 1.15995 1.16862 1.40035 1.23515 1.18845 1.18845 1.19023 1.22482 1.28881 1.62620 1.51624 1.69317 1.79700 1.49750 1.71143 1.59733 1.59733 1.59742 1.60845 1.73374 3.33943 3.44874 3.44874 3.44874 3.44874 3.44874 3.44392 3.42346 3.52518 3.52606 3.52631 3.53729 3.66748 3.73041 3.75134 3.24973 3.21733 3.17858 3.14148 3.10791 2.49875 2.45412 2.44354 2.44354 2.44354 2.44354 2.47828 2.47092 2.54284 2.53921 2.67087 3.67015 4.56134 4.52535 4.49864 4.48680 4.48680 5.10772 5.09275
1.05082 1.05082 1.03640 1.09950 1.14087 1.21135 1.37359 1.37259 1.32579 1.47778 1.47061 1.42139 1.49210 1.56101 1.59484 1.59733 1.86355 1.67720 1.59733 1.67720 1.33111 1.49750 1.36914 1.36914 1.36914 1.37158 1.45861 3.49959 3.61658 3.62592 3.62592 3.62592 3.62331 3.61164 3.61587 3.62059 3.66109 3.65810 3.56098 3.56098 3.53771 3.52931 3.25349 3.09873 3.00526 2.99282 3.01889 2.67505 2.52010 2.50532 2.48868 2.47298 2.47653 2.49323 2.46914 2.58461 2.55546 2.53141 3.03843 4.39920 4.48680 4.48680 4.48680 4.48680 5.68455 5.61917
1.20180 1.23412 1.22606 1.26435 1.28437 1.42883 1.60229 1.58337 1.49713 1.45901 1.50636 1.68238 1.67815 1.67298 1.72554 1.66584 1.90544 1.73222 1.66584 1.73222 1.42624 1.48330 1.35292 1.35292 1.35292 1.36654 1.45676 1.50795 3.58742 3.61199 3.60278 3.59356 3.58631 3.58585 3.61401 3.60633 3.65061 3.62986 3.50576 3.48544 3.37224 3.45331 3.31058 3.06255 2.95785 2.92465 2.88799 2.65531 2.41666 2.43494 2.44175 2.44767 2.43441 2.45048 2.43050 2.53038 2.53038 2.53038 2.71987 4.11011 4.48680 4.48680 4.48680 4.48680 5.46815 5.46815
1.30976 1.33746 1.33467 1.36063 1.29972 1.34606 1.40464 1.38368 1.35093 1.33927 1.45844 1.62019 1.66584 1.66584 1.77807 1.66584 1.90544 1.73222 1.66584 1.66584 1.31849 1.48330 1.36489 1.38983 1.41303 1.42045 1.48522 1.49684 3.52295 3.58497 3.58143 3.57771 3.57402 3.57245 3.58171 3.56778 3.58655 3.56827 3.44864 3.43809 3.33605 3.48030 3.41030 2.79462 2.63037 2.52250 2.49367 2.45598 2.30405 2.43050 2.43050 2.43050 2.43050 2.45048 2.43050 2.53038 2.53038 2.53038 2.52027 3.71988 4.48680 4.48680 4.48920 4.58996 5.48272 5.71141
1.31332 1.24754 1.14888 1.15309 1.15306 1.26492 1.40401 1.41665 1.41861 1.31248 1.43609 1.55190 1.66584 1.66584 1.77807 1.66584 1.85134 1.68830 1.63786 1.67025 1.41170 1.59759 1.44162 1.41940 1.40081 1.40116 1.43450 1.45959 3.47219 3.56500 3.57145 3.57493 3.57732 3.57228 3.70289 3.65332 3.67393 3.61474 3.51382 3.50027 3.42450 1.56980 1.54906 2.38892 2.39230 2.39230 2.39230 2.39230 2.27117 2.35723 2.37057 2.39721 2.39721 2.46363 2.44707 2.45743 2.43860 2.46387 2.48527 3.10510 4.63175 4.88670 5.12859 5.29166 5.70271 5.76282
1.06507 1.07297 1.06395 1.09237 1.10209 1.19798 1.30688 1.30688 1.30688 1.21632 1.26892 1.35009 1.53962 1.57181 1.72932 1.63532 1.83273 1.74164 1.62990 1.76355 1.65148 1.85395 1.76693 1.77133 1.77382 1.77635 1.79053 1.81871 3.16331 3.25602 3.27947 3.26705 3.25605 3.25172 3.42794 3.37582 3.50583 1.64810 1.81220 1.80645 1.69685 1.34163 1.34159 2.34820 2.35042 2.34872 2.34872 2.34872 2.28611 2.27033 2.30636 2.34369 2.35943 2.50680 2.51726 2.60341 2.78433 3.01776 3.12515 3.40754 5.06096 5.34037 5.34037 5.34037 5.86242 5.85163
1.35697 1.35923 1.25468 1.30688 1.30688 1.30688 1.30904 1.34240 1.31989 1.32361 1.32267 1.39585 1.54110 1.56050 1.69050 1.51391 1.65740 1.73612 1.65534 1.86383 1.77383 2.07177 2.07221 2.06845 2.06471 2.05730 2.04341 2.05993 2.07109 2.91973 3.00020 2.98612 2.19054 2.17648 1.85717 2.04281 2.05310 1.89414 2.10459 2.10459 2.03225 1.78884 2.37797 2.39135 2.39574 2.36875 2.37241 2.40727 2.42584 2.35215 2.46695 2.56064 2.68555 3.02277 3.12832 3.30558 3.28592 3.33890 3.28592 3.28132 4.61593 5.34039 5.90500 6.04353 6.48574 6.58851
1.48280 1.48517 1.39643 1.52747 1.58566 1.65056 1.71986 1.73780 1.66029 1.62217 1.44788 1.47948 1.56102 1.65579 1.80418 1.65674 1.86350 1.85807 1.54450 1.76192 1.64060 1.96270 1.95324 1.94631 1.93938 1.94319 1.97594 2.02919 2.08076 2.10157 2.07217 2.07185 2.07185 2.07185 1.72654 1.95486 1.93359 2.40234 2.47410 2.48334 2.53292 2.35757 2.32426 2.23750 2.37930 2.55817 2.59105 2.60254 2.73406 2.76441 2.85467 3.04931 3.07404 3.33890 3.28592 3.33890 3.28592 3.38589 3.53605 3.70352 4.56105 6.01330 6.50771 6.54668 6.83468 6.83578
1.70738 1.78162 1.65112 1.73780 1.73780 1.72055 1.66176 1.60115 1.47759 1.44735 1.33289 1.40307 1.48247 1.64087 1.78534 1.63443 1.63159 1.63312 1.35794 1.52336 1.38595 1.63047 1.65737 1.68251 1.70530 1.72076 1.72151 1.73237 1.75466 1.75869 1.73375 1.72654 2.31568 2.31568 2.23735 2.40841 2.46447 2.46077 2.52476 2.52026 2.49229 2.20042 2.20042 2.16976 2.42773 2.88659 3.01481 3.12181 3.14539 3.08061 2.82723 2.92519 2.97042 3.38046 3.60718 3.84199 4.04344 4.18993 4.25915 4.27933 4.47915 5.61113 6.17890 6.14649 6.50324 6.49129
1.85197 1.97558 1.92373 1.99130 1.93235 1.89017 1.88838 1.88838 1.78432 1.79114 1.75651 1.79718 1.87393 1.95216 2.03452 1.94762 1.94589 1.97083 1.65325 1.88408 1.79829 1.80503 1.80503 1.80503 1.80503 1.80503 1.80503 1.81202 2.35440 2.36135 2.34466 2.31936 2.31379 2.30814 2.23497 2.45180 2.70025 2.72173 2.74469 2.57823 2.77448 2.78353 2.98884 3.10217 3.14843 3.47766 3.54690 3.61061 3.67459 3.80886 3.89694 4.00057 4.12447 4.13347 4.17973 4.23165 4.24796 4.24776 4.24665 4.22098 4.24207 5.37157 6.19723 6.28445 6.88986 7.09018
1.66669 1.74868 1.74312 1.88838 1.88838 1.89029 1.93853 2.00654 1.97585 2.03895 2.03851 1.91032 1.93647 1.71818 1.86981 1.77776 1.69903 1.70106 1.40391 1.57940 1.42298 1.42298 1.42298 1.42298 1.42298 1.42085 1.41627 1.41273 2.20504 2.19950 2.19509 2.18067 2.18061 2.17895 2.12596 2.32010 2.67387 2.69406 3.20461 3.30826 3.34489 3.13903 3.14273 3.14642 3.27145 3.69226 3.88005 3.89687 3.91361 4.03185 4.38119 4.25391 4.23506 4.20281 4.20653 4.20812 4.19824 4.18346 4.18256 4.18256 4.19563 4.93846 6.58848 6.60788 7.33497 7.34187
1.61861 1.74315 1.77658 1.99265 2.06068 2.12677 2.15323 2.17167 2.07314 2.06862 2.05147 2.12406 2.06417 1.79119 1.84454 1.70106 1.57940 1.70106 1.40391 1.57935 1.42013 1.41555 1.41097 1.40702 1.40728 1.41079 1.41762 1.41891 2.19701 2.20226 2.19780 2.17605 2.16372 2.15266 2.09494 2.24415 2.51214 2.64052 3.22245 3.41605 3.43033 3.15681 3.16973 3.18646 3.28296 3.68740 3.95106 3.95145 3.95145 4.03216 4.33415 4.27795 4.19204 4.17767 4.17339 4.17633 4.17860 4.18428 4.19689 4.20617 4.21273 4.51678 6.43834 6.45982 6.93896 6.95021
