High_resolution/powerplant/Chizhou/OMI_NO2_2011_06-08.asc
ncols      200
nrows      200
xllcorner       115.585
yllcorner       28.7700
cellsize     0.0166667
NODATA_Value      -999.000
[rows 29 to 57 of 200, columns 66 to 131 of 200]
1.91186 1.84374 1.83681 3.03750 3.77526 3.85014 3.83235 3.96249 3.92309 4.06441 4.06441 4.03157 4.03157 4.03157 3.99404 3.99642 3.94970 4.00254 4.42062 4.83793 4.29746 3.98026 3.92329 4.05487 3.98694 4.17374 3.98694 4.20042 3.77731 4.15332 4.00030 3.83488 3.66947 3.50406 3.34603 4.91933 5.77264 5.95613 5.93622 5.90662 5.98482 6.52499 5.46573 5.00348 4.03974 3.80414 3.56868 4.21737 3.72437 3.70448 3.70448 3.14413 1.34230 3.44063 4.40940 4.40940 4.40940 4.15676 4.12394 4.82763 5.40046 5.24984 5.24984 5.06575 5.24984 5.06575
1.62803 1.80440 1.82908 2.72905 4.33971 4.33971 4.19585 4.21993 4.21993 4.33971 4.33971 4.32160 4.32160 4.32160 4.30020 4.33391 4.30911 4.30911 4.33443 4.64457 4.26418 3.51924 3.48882 3.80014 3.65980 3.77084 3.59958 3.60930 3.34679 3.23159 3.22161 3.21285 3.18905 3.16493 3.14082 3.83793 5.10018 5.26568 5.19138 5.01429 4.89108 5.39866 4.12135 4.03371 3.45756 3.45756 3.45756 4.49463 4.03371 4.03371 4.03339 3.85721 1.44759 2.55308 4.27466 4.27466 4.27466 4.00518 3.96306 4.41395 5.24984 5.06575 5.06575 5.06575 5.24984 5.13303
1.77230 1.99860 2.01165 2.21580 4.27310 4.29403 4.15343 4.18033 4.18033 4.29403 4.27211 4.24620 4.24620 4.27451 4.24312 4.27812 4.23827 4.23827 4.23827 4.57279 4.52916 3.47880 3.38334 3.46451 3.36091 3.42115 3.37664 3.41175 3.33137 3.15189 3.12777 3.11237 3.08995 3.03061 2.97070 3.07545 4.82213 4.63507 4.40543 4.40543 4.43189 4.69217 3.70448 3.70448 3.11187 3.11187 3.11129 3.98918 3.55957 3.42598 3.23420 3.12934 1.96942 1.69390 4.40511 4.40940 4.40940 4.15676 4.08602 4.15501 5.72632 6.14079 6.54641 6.86889 7.13471 7.38258
1.29908 1.96320 1.98923 2.01919 3.78959 4.29403 4.15343 4.18033 4.18033 4.29403 4.27211 4.24620 4.24620 4.27451 4.24312 4.27812 4.23827 4.23827 4.23827 4.34941 4.42624 3.58794 3.30512 3.37221 3.33606 3.35836 3.31154 3.27786 3.17801 3.03910 2.98515 2.93517 2.90370 2.90322 2.90322 2.90322 4.85764 5.35092 5.07485 5.07451 5.07812 5.18122 4.03314 3.98782 3.30398 3.16347 2.58141 3.49691 3.12934 3.12934 3.12934 3.12934 2.52921 1.34230 4.01044 4.94461 5.26576 5.63191 6.01130 6.28633 7.07667 7.30034 7.30635 7.35631 7.30635 7.35631
1.27760 1.95762 2.01919 2.05414 3.06390 4.15343 4.03157 4.06441 4.06441 4.15343 4.12238 3.42564 3.42564 3.73706 3.65506 4.06118 4.06118 4.06118 4.06118 4.16773 4.49299 4.08756 3.13922 3.07138 2.84601 2.87551 2.64859 2.81445 2.81445 2.87381 2.90322 2.90322 2.90322 2.90322 2.90322 2.90322 4.14200 5.38833 5.12735 5.03950 4.28085 4.43637 3.22875 3.12934 2.46771 2.46771 2.21041 3.12934 2.85111 2.78302 2.68583 2.58901 2.45656 2.56864 4.45344 5.97386 6.01687 6.32296 6.42489 6.53488 6.87527 7.35631 7.35548 7.40284 7.37941 7.40278
1.27852 2.07243 2.02946 2.07243 2.49897 4.29403 3.58727 3.65192 3.65192 3.58727 3.58727 3.51267 3.51267 3.80539 3.73706 4.11076 4.06028 3.81591 3.08695 2.82315 3.51867 3.22618 2.45621 2.56035 2.43330 2.54220 2.39095 2.49682 2.49682 2.53693 2.62999 2.62999 2.62999 2.62999 2.62978 2.61821 2.85707 3.80658 3.29455 2.79791 2.42311 3.08959 2.21041 2.19392 2.37332 2.29595 2.00245 1.93822 1.75479 1.76298 1.78755 1.81211 1.83567 1.99803 2.96267 5.69204 5.69204 6.02192 6.13237 6.19207 6.09366 6.90982 6.66229 6.48346 6.12026 6.09408
1.37425 1.39979 1.39979 1.37122 1.49651 3.61749 3.73706 3.80539 3.80539 3.73706 3.73706 3.66748 3.43457 3.51408 2.70765 2.45118 2.24365 2.22504 2.22504 2.22504 3.28004 3.32626 2.62998 2.60270 2.46153 2.54220 2.39095 2.49682 2.49682 2.49690 2.61902 2.61784 2.59512 2.56365 2.51841 2.49682 2.50639 3.63184 3.43182 2.63300 2.21348 2.66075 1.90596 1.86805 2.08756 2.12196 1.95096 1.97934 1.83761 1.83761 1.83761 1.85777 2.01891 2.31853 2.65361 5.29100 5.33475 5.69925 5.59393 5.69905 5.26649 5.31169 5.20979 5.19106 5.09667 5.21934
1.41183 1.43978 1.43978 1.42201 1.51237 2.99843 3.75909 3.54852 3.28942 2.64136 2.38797 2.20777 2.20059 2.34063 2.28862 2.28862 2.28862 2.28862 2.28862 2.28862 3.24193 3.32663 2.86626 2.56164 2.43330 2.49682 2.36070 2.43330 2.43330 2.43330 2.44184 2.43330 2.42524 2.37336 2.31491 2.25649 2.19807 2.70228 2.98067 2.05463 1.82238 2.46766 1.93578 2.20253 2.52289 2.52289 2.28247 2.45696 2.63223 2.80691 2.98208 3.13795 3.16291 3.25086 3.40639 4.85407 5.38369 5.83151 5.58672 5.61309 5.02182 5.01869 4.99271 5.18727 5.18727 5.18727
1.42629 1.48602 1.56149 1.63723 1.76402 1.95332 2.20177 2.20059 2.20059 2.14558 2.14558 2.14558 2.14558 2.28862 2.22504 2.22504 2.22504 2.22504 2.28862 2.28862 3.24193 3.48968 3.19121 2.66275 2.49682 2.56035 2.46153 2.47155 2.39953 2.32643 2.25344 2.18034 2.11743 2.10922 2.11051 2.11352 2.11655 2.50048 3.22057 2.58217 1.62027 1.87438 1.34767 1.56639 1.78523 2.00370 2.12344 2.12368 2.12368 2.12368 2.12368 2.12368 2.12368 2.14385 2.38551 3.33269 4.31761 5.09778 4.93492 5.07901 5.07901 5.00677 4.99271 5.18727 5.18727 5.18727
1.61340 1.68001 1.68025 1.68025 1.55100 1.64080 2.17942 2.20059 2.14558 2.08056 2.08056 2.28862 2.28862 2.50317 2.45209 2.45209 2.45209 2.45209 2.50317 2.45209 2.50317 3.45737 3.18521 2.54272 2.27912 2.23100 2.15802 2.11026 2.10922 2.10954 2.11212 2.11515 2.11817 2.12120 2.12293 2.14542 2.21613 2.36696 3.44508 3.21363 2.56211 2.65159 2.12368 2.12368 2.12368 2.12368 2.12368 2.12368 2.12368 2.14670 2.44936 2.72610 2.92297 3.06273 4.04347 4.15181 4.93382 5.44953 5.29514 5.44953 5.65537 5.57821 5.51154 5.64757 5.35229 5.02000
1.70610 1.68025 1.68025 1.68025 1.55100 1.61304 2.01512 2.20059 2.14558 2.08056 2.08056 2.28862 2.28862 2.50317 2.45209 2.45209 2.45209 2.45209 2.50317 2.45209 2.50317 2.60530 2.63755 2.20734 2.11699 2.10093 2.10439 2.10785 2.11131 2.11480 2.15695 2.22569 2.29446 2.36330 2.43208 2.47940 2.48090 2.48090 3.44855 3.56036 2.65308 2.72701 2.12368 2.12368 2.12368 2.14897 2.45392 2.73070 2.92505 3.06449 3.09425 3.09425 3.09425 3.09425 4.02411 4.02728 4.75174 5.41504 5.09701 5.01113 4.86859 4.51219 4.12657 3.86880 3.80089 3.77017
1.68025 1.64970 1.64970 1.68025 1.55100 1.61304 1.82439 2.20059 2.14558 2.08056 2.08056 2.28862 2.28862 2.50317 2.50317 2.50317 2.50317 2.50317 2.54291 2.50317 2.68821 2.51598 2.62631 2.26243 2.12365 2.17899 2.24779 2.31657 2.38534 2.45374 2.48090 2.48090 2.48090 2.48090 2.48090 2.48090 2.48090 2.48090 3.03794 3.50390 2.68641 2.67570 2.46057 2.73400 2.92799 3.06624 3.09425 3.09425 3.09425 3.09425 3.09425 3.09425 3.09425 3.09425 3.64184 3.38714 3.78532 4.16401 4.11127 4.04091 3.95673 3.95560 3.93825 3.84422 3.84422 3.84366
1.64970 1.61304 1.61304 1.68025 1.55100 1.61304 1.63382 2.20014 2.20059 2.14558 2.14558 2.34063 2.34063 2.54291 2.54291 2.54291 2.68821 2.70547 2.71958 2.68238 2.57614 2.30887 2.27132 2.14344 2.56475 2.56869 2.56869 2.56869 2.56869 2.56869 2.56869 2.56869 2.56869 2.56869 2.56869 2.56869 2.56869 2.58693 2.91631 3.52850 3.08804 3.06716 3.09425 3.09425 3.09425 3.09425 3.09425 3.09425 3.09425 3.09425 3.09425 3.09425 3.09425 3.09425 3.29024 3.02562 3.23544 4.04204 4.04204 4.00755 3.93373 3.86525 3.78309 3.65365 3.63180 3.61419
1.76426 1.72826 1.72826 1.79227 1.61304 1.68025 1.61304 2.17589 2.28862 2.28862 2.28862 2.68821 2.68821 2.66664 2.63275 2.51124 2.38540 2.27466 2.15724 2.04164 2.04031 1.94082 2.00746 2.00177 2.48329 2.56869 2.56869 2.56869 2.56869 2.56869 2.56869 2.56869 2.56869 2.58859 2.77312 2.93324 2.89007 2.95845 3.02724 3.94314 3.68966 3.52623 3.53381 3.47157 3.55481 3.58419 3.43382 3.38775 3.34627 3.30480 3.26418 3.25100 3.25100 3.25100 3.36176 3.09389 2.92838 3.77468 3.73810 3.66494 3.61482 3.63324 3.64358 3.64366 3.66744 3.68541
1.79227 1.76426 1.76426 1.81467 1.64970 1.70610 1.64970 2.14106 2.45951 2.41483 2.29812 2.39836 2.26892 2.12921 2.03579 2.03126 2.03126 2.04031 2.04031 2.03126 2.04031 1.94082 1.99173 2.00177 2.32751 2.56398 2.56869 2.56869 2.56869 2.56869 2.56869 2.56869 2.74284 3.12679 3.14086 3.14102 2.97409 2.97763 3.03161 3.52383 3.50045 3.29958 3.33208 3.34329 3.36258 3.36739 3.32976 3.32938 3.32938 3.32268 3.30422 3.28558 3.26696 3.25099 3.44138 3.27876 3.09360 3.49326 3.65778 3.60590 3.50034 3.51609 3.53461 3.54841 3.60541 3.61287
1.83300 1.83300 1.83300 1.86120 1.58406 1.48220 1.22429 1.24975 1.95245 1.87799 1.87706 2.04031 2.04031 2.03126 2.03126 2.04031 2.04031 2.04771 2.04771 2.04771 2.05387 1.97371 1.99728 2.02149 2.19913 2.58221 2.59942 2.59942 2.59942 2.59942 2.59977 2.60108 2.61887 3.18018 3.20842 3.21177 3.08351 3.09670 3.14730 3.37305 3.50919 3.40412 3.37199 3.44041 3.38887 3.37747 3.36089 3.34432 3.32777 3.35034 3.41643 3.47161 3.51819 3.55685 3.68406 3.54208 3.23684 3.38983 3.65996 3.68781 3.58084 3.58601 3.58601 3.56635 3.61282 3.61287
1.47552 1.21926 0.960953 0.715016 0.552862 0.551708 0.539448 0.562204 1.80019 1.88596 1.88596 2.12170 2.12170 2.12170 2.12170 2.12170 2.12170 2.12170 2.12170 2.12170 2.12170 2.01996 2.04031 2.04667 2.06475 2.53899 2.60157 2.60336 2.60565 2.60871 2.61154 2.61165 2.61394 3.08139 3.24150 3.25553 3.18505 3.21494 3.22963 3.27055 3.49772 3.41816 3.23650 3.26756 3.25824 3.26895 3.38279 3.43795 3.48492 3.50861 3.50870 3.50870 3.50324 3.45744 3.52975 3.35006 3.20210 3.38586 3.72120 3.72136 3.58601 3.58601 3.58601 3.56940 3.60186 3.61287
0.551708 0.551708 0.551708 0.560196 0.551708 0.551708 0.539448 0.539448 1.42922 1.88596 1.88596 2.12170 2.12170 2.12170 2.12170 2.12170 2.12170 2.12170 2.12170 2.12170 2.12170 2.00542 2.03126 2.01239 2.01107 2.33997 2.59688 2.60033 2.61009 2.62612 2.64216 2.65819 2.67160 2.93380 3.26055 3.25992 3.17209 3.19409 3.21168 3.21166 3.47996 3.52626 3.21401 3.26307 3.26307 3.30528 3.50833 3.50870 3.50285 3.45690 3.40294 3.34904 3.30102 3.29286 3.44124 3.29286 3.16717 3.31828 3.65656 3.72136 3.58095 3.53869 3.48891 3.45937 3.39853 3.38812
0.546191 0.551708 0.551708 0.560196 0.551708 0.551708 0.539448 0.539448 1.03523 1.88596 1.88596 2.12170 2.12170 2.12170 2.12170 2.12170 2.12170 2.12170 2.12170 2.12170 2.12170 2.00542 2.03126 2.00696 2.01577 2.21319 2.61322 2.66672 2.67196 2.67064 2.66932 2.66799 2.66667 2.69333 3.23916 3.25807 3.19361 3.21166 3.22643 3.22643 3.42114 3.53251 3.24625 3.21224 3.20188 3.14078 3.31295 3.30268 3.25148 3.24340 3.24340 3.24340 3.24340 3.24340 3.37525 3.26201 3.15221 3.15533 3.28085 3.42457 2.90580 3.08037 3.34736 3.56654 2.71230 2.62825
0.539448 0.551708 0.551708 0.560196 0.551708 0.551708 0.820262 0.820262 0.935055 2.17202 2.18360 2.12170 2.12170 2.12170 2.12170 2.12170 2.12170 2.12170 2.12170 2.12170 2.12170 2.12170 2.12170 2.12170 2.12170 2.24677 2.68520 2.68373 2.68339 2.68339 2.68339 2.68339 2.68339 2.68339 3.22161 3.37410 3.25807 3.27257 3.27257 3.27257 3.33352 3.44093 3.16475 2.94423 2.86466 2.90678 3.08162 3.24340 3.24340 3.23755 3.19490 3.13641 3.06326 2.96990 2.72867 2.70055 2.71440 3.18846 3.53852 3.78063 3.56920 3.56920 3.56920 3.56920 2.91250 2.62825
0.606879 0.606879 0.606879 0.606879 0.606879 0.606879 0.606879 0.606879 0.606879 1.79344 2.12170 2.12170 2.12170 2.12170 2.12170 2.12170 2.12170 2.12170 2.12170 2.12170 2.12170 2.12170 2.12170 0.00000 0.00000 0.00000 2.68339 2.68339 2.68339 2.68339 2.68339 2.68339 2.68339 2.68339 3.01406 3.37410 3.24653 3.17814 3.08371 2.98966 2.90194 3.14765 3.08051 2.85250 2.83743 2.85711 2.82665 3.02153 2.91384 2.79135 2.76955 2.76955 2.76955 2.76955 2.43644 3.04556 3.04556 3.07130 3.46011 4.14827 0.00000 0.00000 0.00000 0.00000 0.00000 0.00000
0.606879 0.606879 0.606879 0.606879 0.606879 0.606879 0.606879 0.606879 0.606879 1.35036 2.12170 2.12170 2.12170 2.12170 2.12170 2.12170 2.12170 2.12170 0.00000 0.00000 0.00000 0.00000 0.00000 0.00000 0.00000 0.00000 2.68339 2.68339 2.68339 2.68339 2.68339 2.68339 2.68339 2.68339 2.70224 2.96510 2.85699 2.85785 2.85785 2.85785 2.84728 3.06638 3.05076 2.65047 2.53655 2.53824 2.38142 2.56145 2.58554 2.58554 2.03037 2.03037 2.04765 2.52701 2.59890 3.33857 3.42543 3.46501 3.66783 4.18445 0.00000 0.00000 0.00000 0.00000 0.00000 0.00000
0.606879 0.606879 0.606879 0.606879 0.606879 0.606879 0.606879 0.736842 1.04621 1.49271 2.12170 2.12170 2.12170 0.00000 0.00000 0.00000 0.00000 0.00000 0.00000 0.00000 0.00000 0.00000 0.00000 0.00000 0.00000 0.00000 2.68339 2.68339 2.68339 2.68339 2.68339 2.68339 2.68339 2.68339 2.66603 2.84373 2.85785 2.85785 2.85785 2.84728 2.83369 2.83369 2.83369 2.63345 2.53824 1.51585 1.51797 1.77726 1.92073 1.97461 2.02855 2.08249 2.33608 2.75659 2.70796 3.32410 3.26625 3.25195 3.38702 3.86651 4.21564 4.16387 4.11206 4.06513 4.05678 4.06458
0.606879 0.606879 0.736842 1.04621 1.35670 1.66718 1.97766 2.16100 2.16240 2.16240 2.16240 0.00000 0.00000 0.00000 0.00000 0.00000 0.00000 0.00000 0.00000 0.00000 0.00000 0.00000 0.00000 0.00000 0.00000 0.00000 2.68339 2.68339 2.68339 2.68339 2.68339 2.68339 2.68339 2.68339 2.66314 2.77946 2.85785 2.85785 2.84728 2.83369 1.96161 1.96072 1.95666 1.72739 1.77491 1.85582 1.93461 2.01748 2.07875 2.04226 2.00575 1.96922 2.16797 2.60156 2.60156 3.23316 3.13977 3.03923 2.98341 3.46605 4.05678 4.05678 4.05678 4.05678 4.05678 4.05678
1.66718 1.97766 2.16100 2.16240 2.16240 2.16240 2.16240 2.16240 2.16240 2.16240 2.16240 0.00000 0.00000 0.00000 0.00000 0.00000 0.00000 0.00000 0.00000 0.00000 0.00000 0.00000 0.00000 0.00000 0.00000 0.00000 0.00000 2.68339 2.68339 2.68339 2.68339 2.68339 2.68339 2.68339 2.65909 2.68393 2.20138 2.19965 2.09024 1.94655 1.94220 1.93875 1.93847 1.76381 1.95712 1.95847 1.95847 1.95808 1.95137 1.95117 1.95117 1.93914 2.09245 2.43016 2.34947 2.85538 2.84770 2.84770 2.84770 3.24911 3.95878 4.05678 4.05678 4.05678 4.05678 4.05678
2.16240 2.16240 2.16240 2.16240 2.16240 2.16240 2.16240 2.16240 2.16240 2.16240 2.16240 0.00000 0.00000 0.00000 0.00000 0.00000 0.00000 0.00000 0.00000 0.00000 0.00000 0.00000 0.00000 0.00000 0.00000 0.00000 0.00000 2.68339 2.68339 2.68339 2.68284 2.67307 2.66004 2.64701 2.10717 2.18411 2.44703 2.49231 2.42308 2.32616 2.32616 2.32616 2.32616 2.18077 2.39387 2.44808 2.44808 2.42480 2.34477 2.27724 2.20172 2.14096 2.27816 2.84770 2.84770 2.84770 2.84770 2.84770 2.84770 3.08351 3.76368 4.05678 4.05678 4.05678 4.05678 4.05678
2.16240 2.16240 2.16240 2.16240 2.16240 2.16240 2.16240 2.16240 2.16240 2.16240 2.16240 2.16240 0.00000 0.00000 0.00000 0.00000 0.00000 0.00000 0.00000 0.00000 0.00000 0.00000 0.00000 0.00000 0.00000 2.60812 2.60812 2.61954 2.64271 2.62971 2.61724 2.61396 2.61396 2.61396 2.17830 2.24054 2.37688 2.49231 2.42308 2.42308 2.42308 2.42308 2.42308 2.29977 2.33221 2.35054 2.22966 2.13404 2.20058 2.27816 2.27816 2.27816 2.37308 2.84770 2.84770 2.84770 2.84770 2.84770 2.84770 2.91840 3.56826 4.05678 4.05678 4.05678 4.05678 4.05678
2.16240 2.16240 2.16240 2.16240 2.16240 2.16240 2.16240 2.16240 2.16240 2.16240 2.16240 2.16240 0.00000 0.00000 0.00000 0.00000 0.00000 0.00000 0.00000 0.00000 2.60812 2.60812 2.60812 2.60812 2.60812 2.60812 2.60812 2.60812 2.61265 2.61396 2.61396 2.61396 2.61396 2.61396 2.17830 2.24054 2.27242 2.48973 2.42308 2.39473 2.27528 2.14983 2.02388 1.84804 1.90501 2.12618 2.12618 2.12618 2.14667 2.27748 2.27816 2.27816 2.37308 2.84770 2.84770 2.84770 2.84770 2.84770 2.84770 2.84770 3.30022 4.11315 4.25845 4.37975 4.52178 4.74932
2.16240 2.16240 2.16240 2.16240 2.16240 2.16240 2.16240 2.16240 2.16240 2.16240 2.16240 2.16240 0.00000 0.00000 0.00000 2.60812 2.60812 2.60812 2.60812 2.60812 2.60812 2.60812 2.60812 2.60812 2.60812 2.60812 2.60812 2.60812 2.61096 2.61396 2.61396 2.61396 2.61396 2.61396 2.17830 2.24054 2.24054 2.22327 2.02181 1.92463 1.91776 2.49364 2.49364 2.53210 1.84429 2.10508 2.12618 2.50585 2.50585 2.25466 2.27816 2.27816 2.37308 2.84770 2.84770 2.84168 2.81212 2.77611 2.73478 2.68342 2.98709 4.67938 5.12760 5.31397 5.48532 5.49819
