High_resolution/powerplant/Chizhou/OMI_NO2_200809.asc
ncols      200
nrows      200
xllcorner       115.585
yllcorner       28.7700
cellsize     0.0166667
NODATA_Value      -999.000
[rows 29 to 57 of 200, columns 0 to 66 of 200]
2.10192 2.10192 2.10192 2.10192 2.10192 2.10192 2.10192 2.10192 2.10192 2.10192 2.10192 2.10192 2.37914 3.45698 3.45698 3.45698 3.45698 3.45698 3.34902 3.05471 2.80732 2.60075 2.42625 2.27603 2.14620 2.03222 1.93177 1.88662 1.89775 1.91944 1.94104 1.96607 3.39413 3.69595 3.73924 3.54144 3.40042 3.36717 3.33374 3.30024 3.26690 3.23356 3.20022 3.16696 3.13370 3.10036 3.06686 3.03344 3.00009 2.96675 2.93349 2.91767 2.91767 2.91767 2.91767 2.91767 2.91767 2.91767 2.92009 2.94006 2.94006 2.94006 2.94006 2.94006 2.94006 2.94006 2.94006
2.10192 2.10192 2.10192 2.10192 2.10192 2.10192 2.10192 2.10192 2.10714 2.11738 2.12752 2.13772 2.17673 3.66360 3.77094 3.81422 2.54795 2.18398 2.13239 2.15176 2.17359 2.19518 2.21683 2.23847 2.26011 2.28180 2.30353 2.32518 2.33564 2.33564 2.33564 2.33564 3.35818 4.35502 4.35502 3.52436 2.91767 2.91767 2.91767 2.91767 2.91767 2.91767 2.91767 2.91767 2.91767 2.91767 2.91767 2.91767 2.91767 2.91767 2.91767 2.91767 2.91767 2.91767 2.91767 2.91767 2.91767 2.91767 2.91767 2.93778 2.94006 2.94006 2.94006 2.94006 2.94006 2.94006 2.94006
2.21024 2.22048 2.23059 2.24087 2.25095 2.26119 2.27132 2.28156 2.28645 2.28645 2.28645 2.28645 2.28645 3.87811 4.35502 4.35502 3.02684 2.33564 2.33564 2.33564 2.33564 2.33564 2.33564 2.33564 2.33564 2.33564 2.33564 2.33564 2.33564 2.33564 2.33564 2.33564 2.88023 4.35502 4.35502 3.83176 2.91767 2.91767 2.91767 2.91767 2.91767 2.91767 2.91767 2.91767 2.91767 2.91767 2.91767 2.91767 2.91767 2.91767 2.91767 2.91767 2.91767 2.91767 2.91767 2.91767 2.91767 2.91767 2.91767 2.93308 2.94006 2.94006 2.94006 2.94006 2.94006 2.94006 2.94006
2.28645 2.28645 2.28645 2.28645 2.28645 2.28645 2.28645 2.28645 2.28645 2.28645 2.28645 2.28645 2.28645 3.42601 4.35502 4.35502 3.57727 2.33564 2.33564 2.33564 2.33564 2.33564 2.33564 2.33564 2.33564 2.33564 2.33564 2.33564 2.33564 2.33564 2.33564 2.33564 2.53207 4.35502 4.35502 4.13942 2.91767 2.91767 2.91767 2.91767 2.91767 2.91767 2.91767 2.91767 2.91767 2.91767 2.91767 2.91767 2.91767 2.91767 2.91767 2.91767 2.91767 2.91767 2.91767 2.91767 2.91767 2.91767 2.91767 2.92837 2.94006 2.94006 2.94006 2.94006 2.94006 2.94006 2.94006
2.28645 2.28645 2.28645 2.28645 2.28645 2.28645 2.28645 2.28645 2.28645 2.28645 2.28645 2.28645 2.28645 2.97418 4.35502 4.35502 4.25536 2.37496 2.33564 2.33564 2.33564 2.33564 2.33564 2.33564 2.33564 2.33564 2.33564 2.33564 2.33564 2.33564 2.33564 2.33564 2.34141 4.06976 4.35502 4.34884 3.01627 2.91767 2.91767 2.91767 2.91767 2.91767 2.91767 2.91767 2.91767 2.91767 2.91767 2.91767 2.91767 2.91767 2.91767 2.91767 2.91767 2.91767 2.91767 2.91767 2.91767 2.91767 2.91767 2.92367 2.94006 2.94006 2.94006 2.94006 2.94006 2.94006 2.94006
2.28645 2.28645 2.28645 2.28645 2.28645 2.28645 2.28645 2.28645 2.28645 2.28645 2.28645 2.28645 2.28645 2.52225 4.35502 4.35502 4.35502 2.64408 2.33564 2.33564 2.33564 2.33564 2.33564 2.33564 2.33564 2.33564 2.33564 2.33564 2.33564 2.33564 2.33564 2.33564 2.33564 3.38080 4.35502 4.35502 3.31787 2.91767 2.91767 2.91767 2.91767 2.91767 2.91767 2.91767 2.91767 2.91767 2.91767 2.91767 2.91767 2.91767 2.91767 2.91767 2.91767 2.91767 2.91767 2.91767 2.91767 2.91767 2.91767 2.91909 2.93994 2.94006 2.94006 2.94006 2.94006 2.94006 2.94006
2.28645 2.28645 2.28645 2.28645 2.28645 2.28645 2.28645 2.28645 2.28645 2.28645 2.28645 2.28645 2.28645 2.28645 4.13844 4.35502 4.35502 3.03926 2.33564 2.33564 2.33564 2.33564 2.33564 2.33564 2.33564 2.33564 2.33564 2.33564 2.33564 2.33564 2.33776 2.41890 2.55182 3.24566 4.35502 4.35502 3.62521 2.91767 2.91767 2.91767 2.91767 2.91767 2.91767 2.91767 2.91767 2.91767 2.91767 2.91767 2.91767 2.91767 2.91767 2.91767 2.91767 2.91767 2.91767 2.91767 2.91767 2.91767 2.92479 2.95320 3.02814 3.07832 3.11627 3.15568 3.19363 3.23271 3.27099
2.28645 2.28645 2.28645 2.28645 2.28645 2.28645 2.28645 2.28645 2.28645 2.28645 2.28645 2.28645 2.28645 2.28645 3.68653 4.35502 4.35502 3.59474 2.33564 2.33564 2.33564 2.33564 2.38997 2.51878 2.66520 2.83199 3.02447 3.24906 3.51376 3.83159 4.21092 4.35502 4.35502 4.35502 4.34518 4.27547 3.82928 3.01794 3.04771 3.07735 3.10705 3.13690 3.16683 3.19646 3.22616 3.25594 3.28565 3.31535 3.34509 3.37505 3.40476 3.43446 3.46424 3.49395 3.52358 3.55336 3.58328 3.61306 3.63557 3.63694 3.90670 4.05959 4.05959 4.05959 4.05959 4.05959 4.05959
2.28645 2.28645 2.28645 2.28645 2.28645 2.28645 2.28645 2.28645 2.28645 2.28645 2.28645 2.28645 2.28645 2.29227 3.27260 4.20576 4.12687 3.96796 2.91905 3.08788 3.29014 3.53526 3.65612 3.57755 3.49931 3.42041 3.34201 3.26344 3.18520 3.10680 3.02790 2.94933 2.87126 2.79269 2.72413 2.71478 2.78957 3.63528 3.63694 3.63694 3.63694 3.63694 3.63694 3.63694 3.63694 3.63694 3.63694 3.63694 3.63694 3.63694 3.63694 3.63694 3.63694 3.63694 3.63694 3.63694 3.63694 3.63694 3.63694 3.63694 3.81798 4.05959 4.05959 4.05959 4.05959 4.05959 4.05959
3.18681 3.37589 3.56693 3.75661 3.94834 4.13938 4.32872 4.52010 4.71046 4.90219 5.09187 5.28223 5.47362 5.65816 4.99115 2.71478 2.71478 2.71478 2.71478 2.71478 2.71478 2.71478 2.71478 2.71478 2.71478 2.71478 2.71478 2.71478 2.71478 2.71478 2.71478 2.71478 2.71478 2.71478 2.71478 2.71478 2.71478 3.51245 3.63694 3.63694 3.63694 3.63694 3.63694 3.63694 3.63694 3.63694 3.63694 3.63694 3.63694 3.63694 3.63694 3.63694 3.63694 3.63694 3.63694 3.63694 3.63694 3.63694 3.63694 3.63694 3.72921 4.05959 4.05959 4.05959 4.05959 4.05959 4.05959
5.71020 5.71020 5.71020 5.71020 5.71020 5.71020 5.71020 5.71020 5.71020 5.71020 5.71020 5.71020 5.71020 5.71020 5.59247 2.76720 2.71478 2.71478 2.71478 2.71478 2.71478 2.71478 2.71478 2.71478 2.71478 2.71478 2.71478 2.71478 2.71478 2.71478 2.71478 2.71478 2.71478 2.71478 2.71478 2.71478 2.71478 3.31441 3.63694 3.63694 3.63694 3.63694 3.63694 3.63694 3.63694 3.63694 3.63694 3.63694 3.63694 3.63694 3.63694 3.63694 3.63694 3.63694 3.63694 3.63694 3.63694 3.63694 3.63694 3.63694 3.64991 4.05020 4.05959 4.05959 4.05959 4.05959 4.05959
5.71020 5.71020 5.71020 5.71020 5.71020 5.71020 5.71020 5.71020 5.71020 5.71020 5.71020 5.71020 5.71020 5.71020 5.71020 3.30290 2.71478 2.71478 2.71478 2.71478 2.71478 2.71478 2.71478 2.71478 2.71478 2.71478 2.71478 2.71478 2.71478 2.71478 2.71478 2.71478 2.71478 2.71478 2.71478 2.71478 2.71478 3.11677 3.63694 3.63694 3.63694 3.63694 3.63694 3.63694 3.63694 3.63694 3.63694 3.63694 3.63694 3.63694 3.63694 3.63694 3.63694 3.63694 3.63694 3.63694 3.63694 3.63694 3.63694 3.63694 3.63694 3.97442 4.05959 4.05959 4.05959 4.05959 4.05959
5.71020 5.71020 5.71020 5.71020 5.71020 5.71020 5.71020 5.71020 5.71020 5.71020 5.71020 5.71020 5.71020 5.71020 5.71020 3.95693 2.71478 2.71478 2.71478 2.71478 2.71478 2.71478 2.71478 2.71478 2.71478 2.71478 2.71478 2.71478 2.71478 2.71478 2.71478 2.71478 2.71478 2.71478 2.71478 2.71478 2.71478 2.91904 3.63694 3.63694 3.63694 3.63694 3.63694 3.63694 3.63694 3.63694 3.63694 3.63694 3.63694 3.63694 3.63694 3.63694 3.63694 3.63694 3.63694 3.63694 3.63694 3.63694 3.63694 3.63694 3.63694 3.88567 4.05959 4.05959 4.05959 4.05959 4.05959
5.71020 5.71020 5.71020 5.71020 5.71020 5.71020 5.71020 5.71020 5.71020 5.71020 5.71020 5.71020 5.71020 5.71020 5.71020 4.61058 2.71478 2.71478 2.71478 2.71478 2.71478 2.71478 2.71478 2.71478 2.71478 2.71478 2.71478 2.71478 2.71478 2.71478 2.71478 2.71478 2.71478 2.71478 2.71478 2.71478 2.71478 2.74281 3.61545 3.63694 3.63694 3.63694 3.63694 3.63694 3.63694 3.63694 3.63694 3.63694 3.63694 3.63694 3.63694 3.63694 3.63694 3.63694 3.63694 3.63694 3.63694 3.63694 3.63694 3.63694 3.63694 3.79695 4.05959 4.05959 4.05959 4.05959 4.05206
5.71020 5.71020 5.71020 5.71020 5.71020 5.71020 5.71020 5.71020 5.71020 5.71020 5.71020 5.71020 5.71020 5.71020 5.71020 5.26443 2.71478 2.71478 2.71478 2.71478 2.71478 2.71478 2.71478 2.71478 2.71478 2.71478 2.71478 2.71478 2.71478 2.71478 2.71478 2.71478 2.71478 2.71478 2.71478 2.71478 2.71478 2.71478 3.44596 3.63694 3.63694 3.63694 3.63694 3.63694 3.63694 3.63694 3.63694 3.63694 3.63694 3.63694 3.63694 3.63694 3.63694 3.63694 3.63694 3.63694 3.63694 3.63694 3.63694 3.63694 3.63694 3.36085 3.02494 2.98359 2.94235 2.90135 2.86728
5.71020 5.71020 5.71020 5.71020 5.71020 5.71020 5.71020 5.71020 5.71020 5.71020 5.71020 5.71020 5.71020 5.71020 5.71020 5.69941 2.93374 2.71478 2.71478 2.71478 2.71478 2.71478 2.71478 2.71478 2.71478 2.71478 2.71478 2.71478 2.71478 2.71478 2.71478 2.71478 2.71478 2.71478 2.71478 2.71478 2.71478 2.71478 3.29690 3.63694 3.63694 3.63694 0.00000 0.00000 0.00000 0.00000 0.00000 0.00000 0.00000 0.00000 0.00000 0.00000 0.00000 0.00000 0.00000 0.00000 0.00000 0.00000 0.00000 0.00000 0.00000 2.86430 2.86430 2.86430 2.86430 2.86430 2.86430
5.71020 5.69430 5.54616 5.37164 5.19457 5.02036 4.84266 4.66877 4.49138 4.31718 4.13979 3.96558 3.78852 3.61367 3.43724 3.26208 2.88316 2.71478 2.71478 2.71478 2.71478 0.00000 0.00000 0.00000 0.00000 0.00000 0.00000 0.00000 0.00000 0.00000 0.00000 0.00000 0.00000 0.00000 0.00000 0.00000 0.00000 0.00000 0.00000 0.00000 0.00000 0.00000 0.00000 0.00000 0.00000 0.00000 0.00000 0.00000 0.00000 0.00000 0.00000 0.00000 0.00000 0.00000 0.00000 0.00000 0.00000 0.00000 0.00000 0.00000 0.00000 0.00000 2.86430 2.86430 2.86430 2.86430 2.86430
2.71911 2.55985 2.53124 2.53124 2.53124 2.53124 2.53124 2.53124 2.53124 2.53124 2.53124 2.53124 2.53124 2.53124 2.53124 2.53124 2.53124 0.00000 0.00000 0.00000 0.00000 0.00000 0.00000 0.00000 0.00000 0.00000 0.00000 0.00000 0.00000 0.00000 0.00000 0.00000 0.00000 0.00000 0.00000 0.00000 0.00000 0.00000 0.00000 0.00000 0.00000 0.00000 0.00000 0.00000 0.00000 0.00000 0.00000 0.00000 0.00000 0.00000 0.00000 0.00000 0.00000 0.00000 0.00000 0.00000 0.00000 0.00000 0.00000 0.00000 0.00000 0.00000 2.86430 2.86430 2.86430 2.86430 2.86430
2.53124 2.53124 2.53124 2.53124 2.53124 2.53124 2.53124 2.53124 2.53124 2.53124 2.53124 2.53124 2.53124 2.53124 2.53124 2.53124 2.53124 0.00000 0.00000 0.00000 0.00000 0.00000 0.00000 0.00000 0.00000 0.00000 0.00000 0.00000 0.00000 0.00000 0.00000 0.00000 0.00000 0.00000 0.00000 0.00000 0.00000 0.00000 0.00000 0.00000 0.00000 0.00000 0.00000 0.00000 0.00000 0.00000 0.00000 0.00000 0.00000 0.00000 0.00000 0.00000 0.00000 0.00000 0.00000 0.00000 0.00000 0.00000 0.00000 0.00000 0.00000 0.00000 2.86430 2.86430 2.86430 2.86430 2.86430
2.53124 2.53124 2.53124 2.53124 2.53124 2.53124 2.53124 2.53124 2.53124 2.53124 2.53124 2.53124 2.53124 2.53124 2.53124 2.53124 2.53124 2.53124 0.00000 0.00000 0.00000 0.00000 0.00000 0.00000 0.00000 0.00000 0.00000 0.00000 0.00000 0.00000 0.00000 0.00000 0.00000 0.00000 0.00000 0.00000 0.00000 0.00000 0.00000 0.00000 0.00000 0.00000 0.00000 0.00000 0.00000 0.00000 0.00000 0.00000 0.00000 0.00000 0.00000 0.00000 0.00000 0.00000 0.00000 0.00000 0.00000 0.00000 0.00000 0.00000 0.00000 0.00000 2.86430 2.86430 2.86430 2.86430 2.86430
2.53124 2.53124 2.53124 2.53124 2.53124 2.53124 2.53124 2.53124 2.53124 2.53124 2.53124 2.53124 2.53124 2.53124 2.53124 2.53124 2.53124 2.53124 0.00000 0.00000 0.00000 0.00000 0.00000 0.00000 0.00000 0.00000 0.00000 0.00000 0.00000 0.00000 0.00000 0.00000 0.00000 0.00000 0.00000 0.00000 0.00000 0.00000 0.00000 0.00000 0.00000 0.00000 0.00000 0.00000 0.00000 0.00000 0.00000 0.00000 0.00000 0.00000 0.00000 0.00000 0.00000 0.00000 0.00000 0.00000 0.00000 0.00000 0.00000 0.00000 0.00000 0.00000 2.86430 2.86430 2.86430 2.86430 2.86430
2.53124 2.53124 2.53124 2.53124 2.53124 2.53124 2.53124 2.53124 2.53124 2.53124 2.53124 2.53124 2.53124 2.53124 2.53124 2.53124 2.53124 2.53124 0.00000 0.00000 0.00000 0.00000 0.00000 0.00000 0.00000 0.00000 0.00000 0.00000 0.00000 0.00000 0.00000 0.00000 0.00000 0.00000 0.00000 0.00000 0.00000 0.00000 0.00000 0.00000 0.00000 0.00000 0.00000 0.00000 0.00000 0.00000 0.00000 0.00000 0.00000 0.00000 0.00000 0.00000 0.00000 0.00000 0.00000 0.00000 0.00000 0.00000 0.00000 0.00000 0.00000 0.00000 0.00000 2.86430 2.86430 2.86430 2.86430
2.53124 2.53124 2.53124 2.53124 2.53124 2.53124 2.53124 2.53124 2.53124 2.53124 2.53124 2.53124 2.53124 2.53124 2.53124 2.53124 2.53124 2.53124 0.00000 0.00000 0.00000 0.00000 0.00000 0.00000 0.00000 0.00000 0.00000 0.00000 0.00000 0.00000 0.00000 0.00000 0.00000 0.00000 0.00000 0.00000 0.00000 0.00000 0.00000 0.00000 0.00000 0.00000 0.00000 0.00000 0.00000 0.00000 0.00000 0.00000 0.00000 0.00000 0.00000 0.00000 0.00000 0.00000 0.00000 0.00000 0.00000 0.00000 0.00000 0.00000 0.00000 0.00000 0.00000 0.00000 0.00000 0.00000 0.00000
2.53124 2.53124 2.53124 2.53124 2.53124 2.53124 2.53124 2.53124 2.53124 2.53124 2.53124 2.53124 2.53124 2.53124 2.53124 2.53124 2.53124 2.53124 0.00000 0.00000 0.00000 0.00000 0.00000 0.00000 0.00000 0.00000 0.00000 0.00000 0.00000 0.00000 0.00000 0.00000 0.00000 0.00000 0.00000 0.00000 0.00000 0.00000 0.00000 0.00000 0.00000 0.00000 0.00000 0.00000 0.00000 0.00000 0.00000 0.00000 0.00000 0.00000 0.00000 0.00000 0.00000 0.00000 0.00000 0.00000 0.00000 0.00000 0.00000 0.00000 0.00000 0.00000 0.00000 0.00000 0.00000 0.00000 0.00000
2.53124 2.53124 2.53124 2.53124 2.53124 2.53124 2.53124 2.53124 0.00000 0.00000 0.00000 0.00000 0.00000 0.00000 0.00000 0.00000 0.00000 0.00000 0.00000 0.00000 0.00000 0.00000 0.00000 0.00000 0.00000 0.00000 0.00000 0.00000 0.00000 0.00000 0.00000 0.00000 0.00000 0.00000 0.00000 0.00000 0.00000 0.00000 0.00000 0.00000 0.00000 0.00000 0.00000 0.00000 0.00000 0.00000 0.00000 0.00000 0.00000 0.00000 0.00000 0.00000 0.00000 0.00000 0.00000 0.00000 0.00000 0.00000 0.00000 0.00000 0.00000 0.00000 0.00000 0.00000 0.00000 0.00000 0.00000
0.00000 0.00000 0.00000 0.00000 0.00000 0.00000 0.00000 0.00000 0.00000 0.00000 0.00000 0.00000 0.00000 0.00000 0.00000 0.00000 0.00000 0.00000 0.00000 0.00000 0.00000 0.00000 0.00000 0.00000 0.00000 0.00000 0.00000 0.00000 0.00000 0.00000 0.00000 0.00000 0.00000 0.00000 0.00000 0.00000 0.00000 0.00000 0.00000 0.00000 0.00000 0.00000 0.00000 0.00000 0.00000 0.00000 0.00000 0.00000 0.00000 0.00000 0.00000 0.00000 0.00000 0.00000 0.00000 0.00000 0.00000 0.00000 0.00000 0.00000 0.00000 0.00000 0.00000 0.00000 0.00000 0.00000 0.00000
0.00000 0.00000 0.00000 0.00000 0.00000 0.00000 0.00000 0.00000 0.00000 0.00000 0.00000 0.00000 0.00000 0.00000 0.00000 0.00000 0.00000 0.00000 0.00000 0.00000 0.00000 0.00000 0.00000 0.00000 0.00000 0.00000 0.00000 0.00000 0.00000 0.00000 0.00000 0.00000 0.00000 0.00000 0.00000 0.00000 0.00000 0.00000 0.00000 0.00000 0.00000 0.00000 0.00000 0.00000 0.00000 0.00000 0.00000 0.00000 0.00000 0.00000 0.00000 0.00000 0.00000 0.00000 0.00000 0.00000 0.00000 0.00000 0.00000 0.00000 0.00000 0.00000 0.00000 0.00000 0.00000 0.00000 0.00000
0.00000 0.00000 0.00000 0.00000 0.00000 0.00000 0.00000 0.00000 0.00000 0.00000 0.00000 0.00000 0.00000 0.00000 0.00000 0.00000 0.00000 0.00000 0.00000 0.00000 0.00000 0.00000 0.00000 0.00000 0.00000 0.00000 0.00000 0.00000 0.00000 0.00000 3.02665 3.02665 3.02665 3.02665 3.02665 3.02665 3.02665 3.02665 0.00000 0.00000 0.00000 0.00000 0.00000 0.00000 0.00000 0.00000 0.00000 0.00000 0.00000 0.00000 0.00000 0.00000 0.00000 0.00000 0.00000 0.00000 0.00000 0.00000 0.00000 0.00000 0.00000 0.00000 0.00000 0.00000 0.00000 0.00000 0.00000
0.00000 0.00000 0.00000 0.00000 0.00000 0.00000 0.00000 0.00000 0.00000 0.00000 0.00000 0.00000 0.00000 0.00000 0.00000 0.00000 0.00000 0.00000 0.00000 0.00000 0.00000 0.00000 0.00000 0.00000 3.02665 3.02665 3.02665 3.02665 3.02665 3.02665 3.02665 3.02665 3.02665 3.02665 3.02665 3.02665 3.02665 3.02665 3.02665 0.00000 0.00000 0.00000 0.00000 0.00000 0.00000 0.00000 0.00000 0.00000 0.00000 0.00000 0.00000 0.00000 0.00000 0.00000 0.00000 0.00000 0.00000 0.00000 0.00000 0.00000 0.00000 0.00000 0.00000 0.00000 0.00000 0.00000 0.00000
