High_resolution/powerplant/Chizhou/OMI_NO2_200904.asc
ncols      200
nrows      200
xllcorner       115.585
yllcorner       28.7700
cellsize     0.0166667
NODATA_Value      -999.000
[rows 30 to 59 of 175, columns 0 to 65 of 200]
8.35778 8.35778 8.33642 8.14699 7.92188 7.69641 7.50338 7.47877 7.47877 7.46107 6.41884 6.16648 6.16517 6.16517 6.16806 6.70919 6.67148 6.56115 7.39535 7.92810 7.90308 7.81116 7.75304 7.75209 1.30355 1.31695 1.36859 1.45322 1.51920 2.84397 3.14069 3.27918 3.35752 3.37976 3.37976 3.37975 3.37200 3.40410 3.38385 3.06821 3.05059 3.04884 3.04884 3.04884 3.22103 3.15481 3.14410 3.13331 3.12286 3.11242 3.10193 3.09118 3.08069 3.23105 3.35536 3.36612 2.44768 2.44768 2.44768 2.44768 2.44768 2.44768 2.42633 2.48316 2.51856 2.42254
7.94385 7.71856 7.51472 7.47877 7.47877 7.47877 7.47877 7.47877 7.47877 7.47877 6.90555 6.81096 7.20793 7.55804 7.84053 8.04326 8.66205 7.76893 7.75209 7.75209 7.75209 7.75209 7.75209 7.75209 1.83798 1.78158 1.75102 1.74645 1.76005 2.73572 3.09086 3.07499 3.04881 3.02156 2.99433 2.96678 2.94719 2.96294 2.98195 2.71946 2.62797 2.61492 2.60186 2.58837 2.68997 2.78228 2.77576 2.77576 2.77576 2.77576 2.77576 2.77576 2.77576 2.85272 3.07139 3.15212 2.53220 2.44768 2.44516 2.40117 2.34248 2.28382 2.21641 2.00114 1.91272 1.77086
7.47877 7.47877 7.47877 7.47877 7.47877 7.47855 7.38843 7.22338 7.03749 6.83219 7.18475 8.00854 7.82433 7.79835 7.79825 7.79861 8.58433 7.87887 7.75209 7.75209 7.75209 7.75209 7.75209 7.75209 1.99535 1.87725 1.76011 1.74829 1.72938 2.31297 2.84818 2.83647 2.83529 2.83529 2.83529 2.83529 2.83529 2.84668 2.89617 2.74089 2.56878 2.56878 2.56878 2.56878 2.60804 2.79394 2.77576 2.77576 2.77576 2.77576 2.77576 2.77576 2.77576 2.78303 3.03472 3.04027 2.56871 2.18581 1.99017 1.83363 1.69193 1.55009 1.41694 1.29909 1.31884 1.30984
7.47877 7.46164 7.32129 7.15660 6.97137 6.76449 6.64759 6.60532 6.58393 6.58203 6.67443 8.01534 7.79825 7.79825 7.79825 7.79825 8.24730 8.25902 7.75209 7.75209 7.75209 7.75209 7.75209 7.75209 1.99535 1.95403 1.68256 1.67440 1.67440 2.02750 2.83529 2.83529 2.83529 2.83529 2.83529 2.83529 2.83529 2.83549 2.88989 2.83478 2.56878 2.56878 2.56878 2.56878 2.56878 2.77293 2.77576 2.77576 2.77576 2.76540 2.72148 2.70417 2.72847 2.76138 2.76144 2.64403 1.98944 1.37475 1.37321 1.37397 1.37473 1.37550 1.37595 1.32151 1.25832 1.28962
6.90360 6.71359 6.64672 6.60422 6.58224 6.58203 6.58203 6.58203 6.58203 6.58203 6.58203 7.69167 7.84024 7.79825 7.79825 7.79825 7.96051 8.46111 7.75209 7.75209 7.75209 7.75209 7.75209 7.75209 1.99535 1.99535 1.72234 1.67440 1.67440 1.75232 2.82769 2.83529 2.83529 2.83529 2.83529 2.83529 2.83529 2.83529 2.87269 2.89506 2.60218 2.56878 2.56878 2.56878 2.56737 2.68597 2.75799 2.78292 2.81876 2.86990 2.96679 3.02918 3.03689 3.03747 2.80810 2.47688 2.11147 1.37589 1.37595 1.37595 1.37595 1.37595 1.37595 1.36878 1.23686 1.28962
6.58210 6.58203 6.58203 6.58203 6.58203 6.58203 6.58203 6.58203 6.58203 6.58203 6.58203 7.22636 7.93176 7.71993 7.49358 7.26400 7.03594 7.47786 7.73549 7.75209 7.75209 7.75209 7.75209 7.75209 1.99535 1.99535 1.80724 1.67440 1.67440 1.67440 2.68838 2.83529 2.83529 2.83529 2.83529 2.83529 2.83529 2.83529 2.85524 2.89617 2.70439 2.63571 2.69304 2.74928 2.80651 2.94672 3.08723 3.03686 3.03724 3.03800 3.03876 3.03952 3.04025 3.04044 2.96922 2.47856 2.32167 1.37595 1.37595 1.37595 1.37595 1.37595 1.37595 1.37595 1.25649 1.28852
6.58203 6.58203 6.58203 6.58203 6.58203 6.58203 6.58203 6.58203 6.58203 6.52093 6.29952 6.25171 7.27774 6.90470 6.90111 6.90111 6.90111 7.23441 7.67012 7.75209 7.75209 7.75209 7.66871 7.29006 1.93946 1.99535 1.91589 1.67440 1.67440 1.67440 2.48400 2.83529 2.83529 2.83529 2.83513 2.83080 2.80035 2.76668 2.74140 2.86133 2.88034 2.91644 2.91644 2.93343 3.01961 3.11706 3.14027 3.04003 3.04044 3.04044 3.04044 3.04044 3.04044 3.04044 3.04044 2.56669 2.46085 1.47716 1.37595 1.37595 1.37595 1.37595 1.37595 1.37595 1.30283 1.26800
6.58203 6.58203 6.58203 6.58203 6.58203 6.53591 6.32168 6.09183 5.86198 5.69332 5.68489 5.68489 6.90846 6.92284 6.90111 6.90111 6.90111 7.02852 7.41139 7.07208 6.67358 6.31184 6.03947 6.06257 1.78714 1.99535 1.99477 1.70282 1.67440 1.67362 2.25610 2.82035 2.78488 2.75284 2.72388 2.70031 2.69571 2.69571 2.69646 2.88068 3.00354 3.16172 3.25721 3.33383 3.34118 3.34118 3.22525 3.04529 3.04044 3.04044 3.04044 3.04044 3.04044 3.04044 3.04044 2.72003 2.45433 1.68102 1.37595 1.37595 1.37595 1.37595 1.37595 1.37595 1.35575 1.24082
6.58203 6.54894 6.34384 6.11381 5.88423 5.70032 5.68489 5.68489 5.68489 5.68489 5.68489 5.68489 6.44768 6.95740 6.66489 6.55170 6.45885 6.37254 6.42508 6.11514 6.13274 6.13892 6.13892 6.13892 1.56601 1.99927 2.01016 1.80233 1.73581 1.76408 1.99801 2.51051 2.49597 2.48150 2.48440 2.54055 2.60096 2.66130 2.72102 2.81866 2.90068 2.91588 2.90959 2.89096 2.87286 2.85483 2.77753 2.55612 2.49926 2.48116 2.46313 2.44443 2.42633 2.40830 2.39020 2.22223 1.81536 1.59012 1.37595 1.37595 1.37595 1.37560 1.37134 1.36600 1.36065 1.20245
5.90630 5.70947 5.68489 5.68489 5.68489 5.68489 5.68489 5.68489 5.68515 5.70148 5.73008 5.79866 6.01960 6.46457 6.43110 6.48552 6.49985 6.49985 6.49985 6.29351 6.13892 6.13892 6.13892 6.13892 1.42414 2.04108 2.05286 1.93460 1.76627 1.79245 1.87414 2.28979 2.36898 2.44380 2.50129 2.50513 2.50513 2.50513 2.50513 2.53805 2.68662 2.68310 2.67821 2.67821 2.67821 2.67821 2.66759 2.45833 2.37747 2.37747 2.37747 2.37747 2.37747 2.37747 2.37747 2.35954 1.83733 1.66869 1.36764 1.35752 1.32657 1.33148 1.34493 1.36112 1.37907 1.27433
5.68489 5.68489 5.68489 5.68489 5.68873 5.71193 5.73902 5.79661 5.86826 5.93172 5.98848 5.98665 5.98575 6.55013 6.50345 6.49985 6.49985 6.49985 6.49985 6.40624 6.13892 6.13892 6.13892 6.13892 1.38547 1.94164 2.05286 2.04301 2.09802 2.18639 2.21489 2.46135 2.50513 2.50513 2.50513 2.50513 2.50513 2.50513 2.50513 2.50560 2.66716 2.68530 2.67821 2.67821 2.67821 2.67821 2.67821 2.53774 2.37815 2.37747 2.37747 2.37747 2.37598 2.37080 2.38139 2.35977 2.14363 2.16483 1.39963 1.39652 1.45075 1.45341 1.45080 1.44819 1.44559 1.30992
5.69657 5.72237 5.74729 5.79225 5.85908 5.91297 5.97035 5.98367 5.98363 5.98363 5.98363 5.98363 5.98363 6.36263 6.53610 6.49985 6.49985 6.49985 6.49985 6.48588 6.14885 6.13892 6.13892 6.13892 1.38547 1.78429 2.05286 2.05286 2.21630 2.21640 2.21489 2.40842 2.50513 2.50513 2.50513 2.50513 2.50513 2.50513 2.50513 2.50513 2.61559 2.68660 2.67924 2.67821 2.67821 2.67821 2.67821 2.59764 2.39347 2.38337 2.34466 2.30618 2.27190 2.24330 2.20107 2.18315 2.32747 2.57077 1.72200 1.44639 1.44434 1.44419 1.44419 1.44419 1.44419 1.43940
5.84525 5.89458 5.95308 5.98363 5.98363 5.98363 5.98363 5.98363 5.98363 5.98363 5.98363 5.98363 5.98363 6.16686 6.57517 6.49985 6.40753 6.22757 6.04734 5.86849 6.00572 6.13892 6.13892 6.13892 1.38547 1.54713 2.05283 2.05286 2.15336 2.22998 2.21489 2.35047 2.50513 2.50513 2.50513 2.50513 2.50513 2.50513 2.50513 2.50513 2.56363 2.68662 2.68187 2.66206 2.58477 2.49079 2.40434 2.30853 2.18704 2.18579 2.18325 2.18240 2.18084 2.17927 2.17771 2.17624 2.22143 2.56551 2.03042 1.44419 1.44419 1.44419 1.44419 1.44419 1.44419 1.44419
5.98363 5.98363 5.98363 5.98363 5.98363 5.98363 5.98363 5.98363 5.98363 5.98363 5.98363 5.98363 5.90899 5.74768 6.14780 5.88614 5.79774 5.79774 5.79774 5.79774 5.89662 6.13892 6.13892 6.13892 1.38547 1.38547 1.99852 2.05286 2.07349 2.24585 2.21489 2.28708 2.50513 2.50513 2.50513 2.50513 2.50513 2.50156 2.44212 2.35635 2.27171 2.06332 2.02971 2.26363 2.24324 2.24324 2.21956 2.12073 2.09289 2.17819 2.17663 2.17591 2.17591 2.17591 2.17591 2.17591 2.17591 2.49882 2.30759 1.44419 1.44419 1.44419 1.44419 1.44419 1.44419 1.44419
5.98363 5.98363 5.98363 5.98363 5.98363 5.98363 5.98363 5.98363 5.92458 5.74786 5.56761 5.38753 5.28221 5.28151 5.71615 5.82319 5.79774 5.79774 5.79774 5.79774 5.80186 5.73702 5.10939 4.34090 1.38547 1.38547 1.86517 2.05286 2.05286 2.22815 2.21513 2.22520 2.48404 2.42985 2.36096 2.26535 2.16167 2.05282 2.00719 2.00336 2.00336 1.78177 1.68418 2.05577 1.95940 1.85501 1.77430 1.76875 1.94519 2.16727 2.17591 2.17591 2.17591 2.17591 2.17591 2.17591 2.17591 2.37825 2.46818 1.55087 1.44419 1.44419 1.44419 1.44419 1.44419 1.44419
5.98363 5.98363 5.98363 5.98363 5.93841 5.76597 5.58595 5.40586 5.28467 5.28151 5.28151 5.28151 5.28151 5.28151 5.52021 5.86224 5.68368 5.30958 4.86437 4.48667 4.08610 3.14634 1.91306 1.91306 1.38547 1.38547 1.67156 1.96182 1.78726 1.82828 1.87723 1.71040 1.96826 1.99217 1.96033 1.95231 1.94452 1.89859 1.76393 1.62540 1.48713 1.27540 1.16703 1.55500 1.67141 1.66518 1.65897 1.65253 1.72319 2.01536 2.04100 2.03456 2.02833 2.02209 2.01586 2.00945 2.00319 2.08214 2.31687 1.76393 1.44419 1.44419 1.44419 1.44419 1.44988 1.50284
5.95049 5.78423 5.60420 5.42404 5.28917 5.28151 5.28151 5.28151 5.28151 5.28151 5.28151 5.28943 5.45869 5.69201 5.89246 4.15567 4.03679 4.37752 4.87351 5.11538 5.11538 5.11538 0.00000 0.00000 0.00000 1.38547 1.32302 0.648536 0.596821 0.843401 1.53748 1.44912 1.62124 1.61232 1.48183 1.35134 1.22086 1.12851 1.12489 1.12489 1.12489 1.10304 1.02342 1.27045 1.54047 1.54047 1.54047 1.54047 1.54423 1.86632 1.94763 1.94763 1.94763 1.94763 1.94763 1.94763 1.94763 1.95814 2.26685 1.99048 1.48317 1.54667 1.60710 1.63150 1.63992 1.60118
5.35833 5.28151 5.28151 5.28151 5.28151 5.28151 5.28151 5.33355 5.55391 5.78702 5.99757 6.17997 6.20103 6.15815 6.12391 4.28754 4.75805 5.11538 5.11538 5.11538 5.11538 5.11538 5.11538 0.00000 0.00000 0.00000 0.00000 0.596821 0.596821 0.596821 1.03305 0.865332 0.912062 1.12489 1.12489 1.12489 1.12489 1.12489 1.12489 1.12489 1.12489 1.12458 1.03228 1.12310 1.54047 1.54047 1.54047 1.54047 1.54047 1.75069 1.94443 1.94763 1.94763 1.94763 1.94763 1.95993 1.99730 1.99522 2.16997 2.09049 1.57257 1.51864 1.47230 1.46868 1.49275 1.51769
5.51059 5.28151 5.28213 5.41581 5.64913 5.87827 6.07553 6.21392 6.18387 6.14101 6.12108 6.12108 6.12108 6.12108 6.12108 5.15070 4.11370 5.11538 5.11538 5.11538 5.11538 5.11538 5.11538 0.00000 0.00000 0.00000 0.00000 0.596821 0.596821 0.596821 0.515882 0.642818 0.769789 1.12489 1.12489 1.12489 1.12489 1.12489 1.12489 1.12489 1.12489 1.12489 1.05775 1.02569 1.49021 1.54047 1.54047 1.54047 1.54047 1.64867 1.92834 1.97799 1.94944 1.94840 1.95177 1.94284 1.90872 1.91412 1.90141 1.75883 1.55147 1.53508 1.56001 1.57826 1.57915 1.57915
6.01912 5.96259 6.15287 6.20962 6.16671 6.12789 6.12108 6.12108 6.12108 6.12108 6.12108 6.12108 6.12108 6.12108 6.12108 5.83244 3.69260 5.11538 5.10675 4.85014 4.48190 4.11295 3.80701 0.00000 0.00000 0.00000 0.00000 0.596821 0.596821 0.596821 0.554526 0.598504 0.670102 1.11328 1.12489 1.12489 1.12489 1.12489 1.12489 1.12489 1.12489 1.12489 1.08676 1.02342 1.34540 1.54051 1.53008 1.51802 1.53025 1.55969 1.88661 1.89956 1.93147 1.93591 1.94518 1.96014 1.97510 1.99006 1.99371 1.87721 1.66352 1.57915 1.57915 1.57915 1.57915 1.57915
6.21030 6.12324 6.12108 6.12108 6.12108 6.12108 6.12108 6.12108 6.12108 6.12108 6.12108 6.12108 6.12108 6.12108 6.12021 6.04479 3.73962 4.02503 3.78945 3.67696 3.67696 3.67696 3.67696 3.67696 0.00000 0.00000 0.00000 0.00000 0.596821 0.596821 0.595238 0.550024 0.658295 1.04409 1.12489 1.12489 1.12489 1.12489 1.12489 1.12489 1.12446 1.13729 1.25073 1.21831 1.37987 1.51687 1.53953 1.56390 1.56390 1.59638 1.86067 1.97031 1.98552 2.00038 2.00608 2.00608 2.00608 2.00608 2.00605 1.92287 1.70663 1.57915 1.57915 1.57915 1.57915 1.57915
5.93365 6.16164 6.12108 6.12108 6.12108 6.12108 6.12108 6.12108 6.12108 6.12108 6.12108 6.05691 5.93399 5.81110 5.68907 5.64161 4.34087 3.18979 3.67696 3.67696 3.67696 3.67696 3.67696 3.67696 0.00000 0.00000 0.00000 0.00000 0.596821 0.596821 0.596821 0.513988 0.651207 0.959490 1.12489 1.12241 1.14271 1.25725 1.38264 1.49775 1.60427 1.69495 1.70577 1.55568 1.51657 1.65001 1.75625 1.86159 1.96697 2.03983 2.00876 1.99707 2.00608 2.00608 2.00608 2.00608 2.00608 2.00608 2.00608 1.96516 1.75056 1.59641 1.57915 1.57915 1.57915 1.57915
5.43065 6.07995 6.12108 6.12108 6.12108 6.12108 6.12108 6.06858 5.94602 5.82318 5.70029 5.64161 5.64161 5.64161 5.64161 5.64161 5.13224 2.91850 3.67696 3.67696 3.67696 3.67696 3.67696 3.67696 0.00000 0.00000 0.00000 0.00000 0.596821 0.596821 0.575583 0.706906 0.858529 1.19301 1.49278 1.59985 1.68783 1.70577 1.70577 1.71026 1.76375 1.88226 2.00178 2.02822 2.03683 2.11847 2.14583 2.16033 2.17446 2.18854 2.19274 2.15924 2.19511 2.20924 2.22332 2.23787 2.25200 2.26608 2.28021 2.29382 1.93728 1.63927 1.57965 1.58921 1.60055 1.61024
5.39113 6.01437 6.12108 6.07912 5.95806 5.83526 5.71228 5.64199 5.64161 5.64161 5.64161 5.64161 5.64161 5.64161 5.62848 5.47939 5.26863 3.01880 3.65917 3.67696 3.67696 3.67696 3.67696 3.67696 0.00000 0.00000 0.00000 3.29885 3.13851 1.84337 1.99939 2.08335 1.64205 1.62362 2.15466 2.17776 2.27862 2.39813 2.51765 2.63304 2.69897 2.69992 2.69992 2.66330 2.50123 2.52873 2.55805 2.55805 2.55805 2.55805 2.55805 2.50092 2.52186 2.52186 2.52186 2.52186 2.52186 2.52186 2.52186 2.50481 2.13985 1.69185 1.61527 1.59638 1.56509 1.53425
5.42606 5.65556 5.72533 5.64348 5.64161 5.64161 5.64161 5.64161 5.64161 5.64161 5.58370 5.40306 5.21899 5.07729 4.97227 5.00290 5.06939 4.06555 3.46617 3.67696 3.67696 3.67696 3.67696 3.67696 2.90950 2.90950 2.90950 3.02479 3.10510 2.37957 2.15508 2.16958 1.95969 1.83569 2.56171 2.68136 2.69992 2.69992 2.69992 2.69992 2.69992 2.69992 2.69992 2.69932 2.52174 2.51243 2.55805 2.55805 2.55805 2.55805 2.55805 2.51671 2.51681 2.52186 2.52186 2.51306 2.47582 2.43983 2.39876 2.36178 2.15458 1.61001 1.53809 1.55325 1.57765 1.60118
5.23382 5.38940 5.65564 5.64161 5.64161 5.63777 5.51116 5.32656 5.15234 5.02780 4.96740 5.02986 5.09556 5.11909 5.11909 5.11909 5.11909 4.63742 3.29870 3.67696 3.67696 3.67696 3.67696 3.67696 2.90950 2.90950 2.90637 2.89938 3.02419 2.63337 2.26247 2.27485 2.28626 2.15019 2.58016 2.69992 2.69992 2.69992 2.69992 2.69992 2.69992 2.69992 2.69992 2.69992 2.57786 2.50152 2.55272 2.55805 2.55805 2.55805 2.55805 2.54025 2.50404 2.51763 2.41935 2.34509 2.31755 2.29020 2.27002 2.26274 2.17720 1.53672 1.53034 1.48099 1.41658 1.35214
5.30714 5.25690 5.49266 5.25014 5.09664 4.98221 4.99033 5.05691 5.11276 5.11909 5.11909 5.11909 5.11909 5.11909 5.11909 5.11909 5.11909 5.05306 3.27430 3.67696 3.67696 3.65971 3.49932 3.30731 2.81722 2.79330 2.77574 2.77201 2.92392 2.85140 2.27590 2.27494 2.27763 2.21210 2.46793 2.69992 2.69992 2.69992 2.69992 2.69992 2.69992 2.69992 2.69992 2.69992 2.63454 2.50123 2.53689 2.55805 2.55716 2.50678 2.42773 2.34530 2.24822 2.39111 2.32931 2.25638 2.25535 2.22110 2.16955 2.11797 2.06411 1.31174 1.27308 1.30649 1.30649 1.30649
5.04593 4.82258 5.12524 5.08384 5.11906 5.11909 5.11909 5.11909 5.11909 5.11909 5.11909 5.11909 5.11909 5.11909 5.11909 5.11909 5.11909 5.11564 3.80847 3.23025 3.13333 2.95859 2.92670 2.92670 2.77201 2.77201 2.77201 2.77201 2.88111 2.94825 2.36802 2.27494 2.27494 2.26810 2.34502 2.69992 2.69992 2.69992 2.69992 2.69992 2.69992 2.69992 2.69992 2.69999 2.67028 2.42470 2.36140 2.29178 2.19680 2.15381 2.15020 2.15020 2.07028 2.28196 2.22444 2.08348 2.03145 2.01417 2.01417 2.01417 2.01417 1.47784 1.25483 1.30649 1.30649 1.30649
5.18195 4.91816 5.11568 5.13397 5.11909 5.11909 5.11909 5.11909 5.11909 5.11909 5.11909 5.11909 5.11909 5.11736 5.07210 5.00798 4.94398 4.88338 4.19944 2.82716 2.92670 2.92670 2.92670 2.92670 2.77201 2.77201 2.77201 2.77201 2.82720 2.94825 2.53922 2.27494 2.27494 2.28880 2.24166 2.69992 2.69992 2.69992 2.70047 2.69719 2.63108 2.54358 2.45609 2.36852 2.29852 2.19166 2.15137 2.14079 2.04725 1.93390 1.82054 1.70708 1.67320 1.97720 2.08404 2.03067 2.01417 2.01417 2.01417 2.01417 2.01417 1.63933 1.24221 1.30084 1.30649 1.30649
4.71330 4.34881 4.18832 4.73469 5.11909 5.11909 5.11909 5.11909 5.11909 5.11849 5.07813 5.01408 4.95006 4.88776 4.86900 4.86900 4.86900 4.86900 4.70709 2.80101 2.92670 2.92670 2.92670 2.92670 2.77201 2.77201 2.77201 2.77201 2.77574 2.94018 2.74054 2.27494 2.27494 2.28175 2.19435 2.63240 2.57403 2.48648 2.39844 2.31426 2.29283 2.29283 2.29283 2.25173 2.16109 1.98785 1.76012 1.65507 1.63494 1.63346 1.62644 1.61870 1.61708 1.84251 2.04524 2.01097 1.97092 1.96491 1.95892 1.95277 1.94669 1.73119 1.24181 1.28297 1.30649 1.30037
