High_resolution/powerplant/Chizhou/OMI_NO2_200611.asc
ncols      200
nrows      200
xllcorner       115.585
yllcorner       28.7700
cellsize     0.0166667
NODATA_Value      -999.000
[rows 0 to 27 of 165, columns 0 to 63 of 200]
4.34920 4.34920 4.34151 4.33221 4.33221 4.33221 4.33221 4.41460 4.92607 4.92607 4.92607 4.92607 4.92607 4.92607 4.90006 3.67970 3.15388 3.06142 2.98610 2.95099 2.95094 3.18396 3.42312 3.42312 3.42312 3.42312 3.42312 3.42312 3.42312 3.41898 3.34110 3.25563 3.18559 3.19680 3.34339 3.35120 3.35801 3.35937 3.58105 3.54024 3.90339 3.37025 3.07047 3.07047 3.06740 2.99138 2.91509 2.86194 2.82466 2.81717 2.81717 2.81717 2.81717 2.81717 2.84671 6.59937 7.30630 7.30630 8.08388 9.67751 9.67751 9.67751 9.67751 9.61858
4.34920 4.34920 4.34598 4.33221 4.33221 4.33221 4.33221 4.33373 4.85368 4.92607 4.92607 4.89634 4.70805 4.52352 4.35105 3.66048 2.95094 2.95094 2.95094 2.95094 2.95094 3.07461 3.35270 3.33670 3.43834 3.42581 3.34408 3.26883 3.23608 3.33591 3.47974 3.33575 3.13751 3.14438 3.34678 3.35937 3.35937 3.35937 3.53998 3.54123 3.66981 3.63338 2.92225 2.86710 2.82749 2.81717 2.81717 2.81717 2.81717 2.81717 2.81717 2.81717 2.81717 2.81717 2.83686 5.51082 7.30630 7.30630 7.45476 9.23040 8.87415 9.29066 9.30890 9.27608
4.34920 4.34920 4.34915 4.33334 4.33221 4.33221 4.33221 4.33086 4.53258 4.56308 4.39895 4.27356 4.25707 4.25707 4.24779 3.90676 2.79090 2.70846 2.63248 2.56237 2.49738 2.44181 2.71490 2.99650 3.52318 3.61288 3.74817 3.88179 3.98775 3.99905 3.99905 3.71644 3.13751 3.13751 3.27162 3.35937 3.35937 3.33479 3.39092 3.39345 3.31725 3.39972 2.81717 2.81717 2.81717 2.81717 2.81717 2.81717 2.81717 2.81717 2.81717 2.81717 2.82270 2.87585 3.02094 4.18421 6.86149 6.73903 6.63941 7.41401 7.64919 8.12236 8.48706 8.40824
4.32458 4.34920 4.34920 4.33661 4.33221 4.33221 4.33221 4.33084 4.04288 4.04661 3.94311 3.84602 3.75487 3.66890 3.58897 3.52908 2.51304 2.59776 2.82504 3.03492 3.06073 3.14261 3.46756 3.55216 3.98251 3.99905 3.99905 3.99905 3.99905 3.99905 3.99885 3.92708 3.13196 3.11584 3.14660 3.22271 3.18175 3.15717 3.18198 3.26098 3.19920 3.28958 3.03514 3.06803 3.09868 3.12753 3.15482 3.18039 3.20444 3.22980 3.33089 3.45205 3.55380 3.62873 3.67064 3.68111 5.55559 5.76800 5.74927 5.98942 6.37829 6.58597 7.29275 7.65255
4.01204 4.33512 4.31432 4.29188 4.27480 4.25918 4.24355 4.23102 3.98168 3.59371 3.60670 3.59943 3.56423 3.52886 3.49341 3.31893 3.40220 3.52439 3.51843 3.51246 3.36828 3.22585 3.35459 3.44764 3.77594 3.89154 3.88311 3.87468 3.86624 3.85554 3.83612 3.81926 3.10343 2.88953 2.88914 2.99272 2.99448 2.99291 2.99682 3.11965 3.05417 3.12008 3.24828 3.24333 3.24333 3.26181 3.35659 3.45032 3.53500 3.61054 3.63415 3.63415 3.63415 3.63415 3.63415 3.66078 5.14604 6.17377 6.44125 6.74119 7.44426 7.58608 8.07067 8.31355
3.75892 4.54323 4.56559 4.56741 4.52822 4.53506 4.49640 4.44983 4.29788 3.69072 3.59608 3.56482 3.56155 3.55844 3.55530 3.29214 3.21901 3.41901 3.41589 3.41276 3.36838 3.14770 3.22060 3.36549 3.58071 3.82534 3.81551 3.80341 3.79131 3.78149 3.78059 3.78059 3.34521 2.87536 2.87536 2.95236 2.99291 2.99291 2.99291 3.11386 3.05598 3.03908 3.37011 3.48417 3.56565 3.62784 3.63415 3.63454 3.64734 3.71073 4.08781 4.49511 4.85833 5.18485 5.47962 5.70629 6.16634 7.18160 7.34027 7.39215 7.52753 7.56669 7.88582 8.10339
3.38971 4.53693 4.45549 4.37349 4.25755 4.20076 4.19123 4.18733 4.18332 3.69013 3.53102 3.53102 3.53102 3.53102 3.53102 3.36797 3.10943 3.40266 3.40410 3.40410 3.40410 3.18660 3.16200 3.34537 3.42704 3.78285 3.78059 3.78059 3.78059 3.78059 3.78059 3.78059 3.58766 2.87536 2.87536 2.91318 2.99214 2.96222 2.91762 2.96538 2.91907 2.89033 3.40568 3.75165 4.05124 4.35781 4.63137 4.87609 5.35416 5.77742 5.82613 5.83614 5.90426 5.98185 6.05945 6.09844 6.04386 7.21043 7.33607 7.13823 6.95376 6.77985 6.67331 6.96487
2.99169 4.12050 4.21705 4.21705 4.18852 4.18137 4.18137 4.18137 4.18137 3.87715 3.53102 3.53102 3.53102 3.53102 3.53102 3.46497 3.07771 3.34113 3.39771 3.38322 3.36871 3.21943 3.09983 3.29393 3.32434 3.74848 3.78059 3.78059 3.78059 3.78059 3.78059 3.78059 3.76229 2.89728 2.79846 2.76354 2.83291 2.86550 3.14095 3.49989 3.87397 4.13535 4.59237 5.26310 5.29213 5.29213 5.29213 5.29810 5.52658 5.97293 6.05053 6.11810 6.12750 6.12750 6.12750 6.12556 6.02883 6.22115 6.11182 6.13528 6.15839 6.33132 6.37037 6.90974
2.98819 3.83960 4.21705 4.21705 4.19606 4.18137 4.18137 4.18137 4.18137 4.08886 3.53583 3.53102 3.53102 3.53102 3.52732 3.51182 3.07821 3.20170 3.34932 3.34930 3.34930 3.29924 3.09983 3.24348 3.31983 3.63289 3.78603 3.79057 3.78607 3.75511 3.72255 3.68851 3.64715 3.42216 3.62866 3.89466 4.21068 4.45478 4.48695 4.50778 4.62129 4.62374 4.64660 5.26266 5.35241 5.42998 5.50758 5.57918 5.62121 6.11618 6.12750 6.12750 6.12750 6.12750 6.12750 6.12750 6.05366 6.02368 6.04491 6.13528 6.13528 6.28622 6.30783 6.58361
2.98819 3.48666 4.21705 4.21705 4.20467 4.18137 4.18137 4.18137 4.18137 4.18137 3.63981 3.51666 3.50212 3.48764 3.47682 3.47622 3.15114 3.10033 3.35880 3.38742 3.41657 3.44565 3.23868 3.32196 3.45619 3.54499 3.62693 3.52684 3.61563 3.60144 3.58693 3.57379 3.57149 3.89960 4.38898 4.38898 4.42050 4.48695 4.48695 4.48893 4.67247 4.77401 4.86465 5.38304 5.59350 5.59350 5.59350 5.59350 5.59350 5.99470 6.12750 6.12750 6.12750 6.12750 6.12750 6.12750 6.08036 6.01367 5.98901 6.06208 6.04437 6.10921 6.20978 6.27919
2.98819 3.07723 4.19673 4.21705 4.21419 4.18161 4.18137 4.18137 4.18137 4.18137 3.79620 3.48865 3.51771 3.54685 3.57603 3.60513 3.40607 3.21527 3.53555 3.53667 3.46339 3.38651 3.13535 2.95474 3.04381 3.05265 3.28352 3.28352 3.50662 3.57149 3.57149 3.57149 3.57149 3.66986 4.38833 4.38898 4.43928 4.62189 4.71670 4.80413 4.93548 4.97453 4.97017 5.18717 5.58234 5.57808 5.57380 5.56954 5.56529 5.81314 6.09078 6.08651 6.08110 6.05886 6.03104 6.00322 5.95508 5.85373 5.85113 5.92230 5.96277 5.98781 6.15913 6.18947
2.98819 2.98819 3.98060 4.21705 4.22001 4.19587 4.19736 4.20432 4.21128 4.21822 4.11637 3.68380 3.68364 3.67074 3.59423 3.49672 3.29206 2.95579 3.08763 3.13414 3.12504 3.12308 3.04536 2.80535 2.98041 2.98810 3.23057 3.25859 3.38362 3.51740 3.50444 3.49144 3.50731 3.58299 4.34540 4.55547 4.58618 4.64358 4.66834 4.65734 4.74220 4.81916 4.81517 4.86626 5.51436 5.52461 5.52461 5.52461 5.51879 5.59950 6.00672 5.98314 5.96073 5.95514 5.95514 5.95514 5.95425 5.85865 5.84947 5.80212 5.69232 5.51062 5.47380 5.30147
2.76847 2.74696 3.44934 4.02729 4.00999 4.00086 3.99049 3.96805 3.84900 3.68548 3.52914 3.09781 2.96414 3.00337 2.97922 2.97374 2.95489 2.78679 2.89084 3.06138 3.05624 3.05115 3.04443 2.76525 2.82435 2.84683 3.00931 3.10521 3.17196 3.46037 3.55079 3.64127 3.70283 3.70464 4.15888 4.52214 4.52214 4.55670 4.62957 4.62957 4.68736 4.81259 4.81517 4.81612 5.34580 5.48707 5.46351 5.43993 5.42219 5.42386 5.90650 5.95324 5.93940 5.80626 5.60895 5.41173 5.21442 5.00343 4.81897 4.74158 4.85467 4.86335 4.88591 4.90609
2.33776 2.33776 2.59969 3.53441 3.36076 3.27037 3.23517 3.12251 3.07449 3.06504 3.05887 2.89955 2.78913 2.88712 2.91420 2.91420 2.91420 2.76177 2.76670 3.02145 3.02231 3.02231 3.02231 2.83740 2.78006 2.89574 3.07265 3.32646 3.39506 3.68252 3.70464 3.70464 3.70464 3.70464 3.92849 4.52214 4.52214 4.52600 4.62445 4.63079 4.66840 4.85377 4.87958 4.90194 5.13373 5.40558 5.38570 5.28381 5.15393 5.02482 5.07052 4.96539 4.78199 4.71794 4.71978 4.72746 4.73558 4.74454 4.75148 4.75168 4.84629 4.90762 5.10049 5.32242
1.92308 1.85214 1.81466 2.77742 2.88201 2.90526 3.03860 3.03860 3.03860 3.03860 3.03860 2.97068 2.78272 2.84818 2.91420 2.91420 2.91420 2.79957 2.73706 2.97033 3.02326 3.08074 3.17118 3.16575 3.02749 3.12201 3.14948 3.39707 3.39766 3.59300 3.70464 3.70464 3.70464 3.70464 3.73023 4.49374 4.55165 4.58927 4.69758 4.77134 4.77858 4.85380 4.66162 4.48914 4.43488 4.75471 4.64770 4.62010 4.62010 4.62010 4.65597 4.72661 4.73472 4.74284 4.74913 4.74956 4.75000 4.88854 5.12629 5.31704 5.51110 5.69503 5.70724 5.73402
1.81364 1.81364 1.81364 2.51318 2.88201 2.88201 3.02435 3.03860 3.03860 3.03860 3.03860 3.02274 2.81113 2.81079 2.91420 2.91420 2.91420 2.87649 2.86628 3.10907 3.33145 3.36443 3.36443 3.35870 3.04336 3.12096 3.12201 3.35198 3.39786 3.51522 3.72987 3.75284 3.79042 3.82835 3.86173 4.37952 4.49934 4.38669 4.30974 4.27069 4.17711 4.26013 4.24286 4.15190 4.15424 4.52099 4.62096 4.62791 4.63603 4.64414 4.65916 4.74894 4.77475 4.98176 5.21205 5.42866 5.63251 5.71919 5.72086 5.70565 5.63187 5.70724 5.70724 5.72322
1.81364 1.81364 1.81364 2.20320 2.88201 2.88201 2.99222 3.03860 3.03860 3.03860 3.03860 3.03839 2.87158 2.80652 3.01342 3.11414 3.20459 3.21738 3.07918 3.15075 3.36443 3.36647 3.39149 3.42285 3.21686 3.20610 3.25283 3.40326 3.53467 3.59198 3.74282 3.66703 3.58192 3.50068 3.42361 3.68296 4.05983 4.05983 4.06315 4.14753 4.15192 4.22758 4.28391 4.15885 4.16822 4.39967 4.65054 4.65172 4.74004 4.97906 5.20683 5.49188 5.68956 5.71922 5.71922 5.71922 5.71922 5.71922 5.72036 5.72107 5.62131 5.68099 5.67052 5.66129
1.81364 1.81364 1.81364 1.87430 2.85868 2.88201 2.95674 3.03860 3.03860 3.03994 3.05310 3.06770 3.03444 3.12038 3.21391 3.28777 3.31913 3.34537 3.20906 3.24216 3.53749 3.58204 3.59984 3.61646 3.45531 3.25862 3.28533 3.31233 3.39559 3.35495 3.39311 3.40002 3.40002 3.40002 3.40002 3.49792 4.05983 4.05983 4.05875 4.11521 4.16614 4.21728 4.33791 4.20617 4.37553 4.70168 5.29111 5.49961 5.62984 5.63281 5.63320 5.67846 5.71960 5.72000 5.72040 5.71966 5.70809 5.69375 5.68016 5.66699 5.60061 5.61699 5.64691 5.64703
1.81364 1.81364 1.81364 1.81364 2.64797 2.88209 2.93275 3.06111 3.05785 3.05069 3.03382 3.01457 3.05739 3.29239 3.39261 3.48032 3.48589 3.52523 3.39363 3.36304 3.46568 3.45289 3.39029 3.32540 3.31358 3.07733 3.14493 3.15688 3.35002 3.35281 3.37903 3.39775 3.39727 3.39469 3.39166 3.36763 3.89609 3.93951 3.89665 3.97203 4.27292 4.69969 5.02535 5.14284 5.15280 5.19950 5.55750 5.61971 5.61983 5.61983 5.61983 5.63634 5.68651 5.67180 5.65709 5.64350 5.64078 5.64078 5.64103 5.64263 5.61923 5.57146 5.68860 5.84859
1.79451 1.74414 1.72484 1.79878 2.32551 2.77560 2.75501 2.86926 2.86274 2.85183 2.84160 2.87345 2.93005 3.24377 3.33126 3.39516 3.38724 3.34176 3.33842 3.34541 3.32625 3.30077 3.29471 3.28857 3.28249 3.08611 3.11208 3.10879 3.26832 3.31085 3.32288 3.34355 3.30095 3.25956 3.21869 3.19882 3.58628 3.85863 3.85863 3.86910 4.24143 5.17734 5.26651 5.22814 5.14358 5.18481 5.43267 5.60978 5.59505 5.58036 5.56564 5.55727 5.63630 5.64078 5.64059 5.62527 5.66689 5.78547 5.90489 6.11004 6.26809 6.34625 6.64210 6.64339
1.43746 1.56666 1.65465 1.65842 1.82332 2.56920 2.62849 2.78002 2.83954 2.86159 2.88292 2.86235 2.84617 3.08610 3.22565 3.23211 3.22934 3.22322 3.23682 3.26880 3.26508 3.23686 3.23683 3.23683 3.23683 3.12468 3.07770 3.08406 3.14832 3.20142 3.15606 3.19671 3.19882 3.19882 3.19882 3.19882 3.40112 3.85863 3.85863 3.85863 4.04280 4.97543 5.24795 5.28096 5.17944 5.22316 5.34858 5.54608 5.51901 5.49579 5.52160 5.57451 5.80029 6.00715 6.12669 6.26144 6.33922 6.33884 6.33570 6.43742 6.49896 6.43013 6.60941 6.63892
1.75376 1.85960 1.96550 2.07140 2.17749 2.70168 2.72605 2.77345 2.81479 2.81479 2.81479 2.81479 2.81479 2.97392 3.17867 3.21026 3.21607 3.21607 3.22390 3.26880 3.26880 3.24222 3.23683 3.23302 3.18728 3.11281 2.91433 2.91575 2.96445 3.12022 3.12022 3.17795 3.19882 3.19882 3.19882 3.19882 3.23137 3.84333 3.86380 3.88204 3.96644 4.66061 5.21162 5.23252 5.09408 5.07909 5.14483 5.62478 5.73065 5.80703 5.83407 5.83407 6.04255 6.33910 6.33603 6.33287 6.32971 6.32776 6.32774 6.38878 6.48043 6.42172 6.46497 6.53752
2.25469 2.25469 2.25469 2.25469 2.25469 2.55376 2.72596 2.75202 2.81479 2.81479 2.81479 2.81479 2.81479 2.90052 3.14037 3.20732 3.21607 3.21607 3.21628 3.26449 3.23166 3.15687 3.08518 3.03173 3.02019 3.02019 2.89920 2.91158 2.91739 3.11225 3.12022 3.15644 3.18947 3.15462 3.12800 3.11281 3.09759 3.56844 3.71550 3.70355 3.72778 4.18693 5.11961 5.21818 5.16953 5.12440 5.18848 5.66199 5.83407 5.83336 5.83037 5.82720 5.89208 6.32782 6.32774 6.32398 6.30044 6.27404 6.24762 6.23924 6.38107 6.37844 6.35138 6.51471
2.24349 2.25469 2.25469 2.25469 2.25469 2.41684 2.72596 2.73049 2.81346 2.81479 2.81479 2.81479 2.81479 2.83116 3.09908 3.20422 3.19067 3.13407 3.07681 3.05815 3.05216 3.04369 3.02019 3.02019 3.02019 3.00557 2.90215 2.84638 2.81986 2.89199 2.90034 2.90922 2.94190 2.90127 2.85239 2.79182 2.73129 3.19871 3.81067 3.81067 3.81067 3.99584 4.99394 5.23661 5.19923 5.12384 5.16920 5.46971 5.82437 5.82191 5.82174 5.81038 5.78404 6.19138 6.23723 6.21456 6.21170 6.21170 6.21170 6.21170 6.35521 6.38128 6.31890 6.48486
2.17962 2.25469 2.25469 2.25469 2.25469 2.27808 2.71401 2.72596 2.79892 2.81479 2.81479 2.81479 2.81603 2.82182 3.04405 3.06753 3.00907 2.99929 2.98050 2.97544 2.96961 2.93692 2.87549 2.84220 2.81042 2.79912 2.82318 2.82734 2.87076 2.94377 3.00423 3.00855 2.70753 2.66168 2.66168 2.66168 2.66168 2.87356 3.81067 3.81067 3.81067 3.90353 4.67420 5.21346 5.21908 5.11281 5.14294 5.27025 5.75984 5.74724 5.72082 5.70577 5.70587 6.00284 6.22082 6.22332 6.22448 6.22558 6.22128 6.18170 6.23542 6.25928 6.17096 6.27325
2.09875 2.25469 2.25469 2.25469 2.25469 2.25469 2.61515 2.72596 2.78004 2.81980 2.82616 2.85265 2.89212 2.92707 2.99598 2.95178 2.85389 2.78549 2.77246 2.78985 2.85539 2.81093 2.83612 2.89695 2.91444 2.92638 2.90994 2.91962 2.92165 2.93856 2.99960 3.00224 2.81092 2.67504 2.67769 2.68033 2.68297 2.69001 3.73589 3.87086 3.89135 3.91836 4.37900 5.12824 5.08972 4.96525 4.94250 5.04396 5.57409 5.67535 5.67639 5.67755 5.67850 5.82848 6.15949 6.11121 6.06416 6.01701 5.97530 5.96893 6.02513 6.13851 6.13161 6.14975
2.00347 2.25456 2.25469 2.25469 2.27859 2.33483 2.61437 2.89140 2.96239 3.03399 3.07082 3.08753 3.08998 3.09243 3.04499 2.83632 2.63089 2.71305 2.66781 2.62611 2.61093 2.60194 2.75478 2.96607 2.95279 2.93803 2.92316 2.96047 2.98505 2.98583 3.05270 3.05787 2.95660 2.72512 2.73421 2.75208 2.76994 2.78733 3.59369 4.18031 4.33081 4.47240 4.69075 5.00404 4.98938 4.92528 4.88014 5.02747 5.39448 5.66848 5.63341 5.58632 5.53923 5.51620 5.95722 5.96893 5.96893 5.96893 5.97109 5.94521 5.87966 5.86015 5.74816 5.58090
2.26051 2.51495 2.60474 2.66944 2.71042 2.71889 2.78963 3.09964 3.09707 3.06530 2.93469 2.79015 2.64508 2.50003 2.36401 2.17080 2.07950 2.35367 2.40744 2.38945 2.43042 2.42170 2.45134 2.74975 2.74827 2.74827 2.74827 2.84944 2.98452 2.98418 3.03884 3.08033 3.08220 2.79724 2.94228 3.13544 3.31682 3.48734 3.91898 4.57987 4.57987 4.57987 4.63799 4.92304 4.98938 4.96850 4.96478 5.18354 5.50525 5.48642 5.46336 5.47303 5.48474 5.43378 5.72862 5.78863 5.70751 5.62653 5.54329 5.48812 5.48667 5.43087 5.41972 5.37227
