High_resolution/powerplant/Chizhou/OMI_NO2_200810.asc
ncols      200
nrows      200
xllcorner       115.585
yllcorner       28.7700
cellsize     0.0166667
NODATA_Value      -999.000
[rows 0 to 28 of 200, columns 0 to 66 of 200]
3.12934 3.12934 3.12934 3.12934 3.12934 3.12934 3.14174 3.22928 3.45894 3.67506 3.86237 4.02636 4.17388 4.27102 4.27102 4.27102 4.27102 4.27102 4.27102 4.27102 4.27102 4.23768 4.54856 5.17283 4.82109 4.51905 4.25462 4.16008 4.13547 4.11439 4.18735 4.48925 4.48925 4.48925 4.48925 4.48925 4.48925 4.94169 5.58753 4.96331 4.78048 4.62171 4.49334 4.38755 4.29851 4.22293 4.15955 4.14264 3.76088 3.28109 3.37273 3.78204 4.12417 4.63928 6.09361 6.93961 7.19437 7.22467 7.22467 7.22467 7.22467 7.22467 7.22467 7.24102 7.30402 7.36606 7.42449
3.12934 3.23656 3.57899 3.88072 4.13066 4.28865 4.37170 4.04991 4.15050 4.15050 4.15050 4.15050 4.15634 4.26824 4.27102 4.27102 4.27102 4.27102 4.27102 4.27102 4.26572 4.17733 3.63809 4.13857 4.11825 4.10369 4.10281 4.10281 4.10281 4.10281 4.10570 4.45380 4.45579 4.34253 4.23492 4.13623 4.04515 4.05488 4.87174 4.14885 4.14264 4.14264 4.14264 4.14264 4.17564 4.34001 4.49613 4.63211 4.71635 4.77369 4.89558 4.90704 4.90704 5.01994 6.09166 7.22467 7.22467 7.22467 7.24745 7.31150 7.36672 7.41370 7.45426 7.48223 7.48416 7.48875 7.50912
4.15739 4.22733 4.17805 4.12639 4.08338 4.07704 4.07704 3.85815 4.13487 4.15050 4.15050 4.15050 4.15050 4.23088 4.27102 4.26907 4.23838 4.20387 4.17495 4.15033 4.13153 4.12897 3.69167 4.05253 4.10281 4.06677 3.96853 3.87725 3.79346 3.71610 3.64456 3.76090 3.82301 3.82050 3.82050 3.82050 3.82050 3.82088 4.61584 4.44559 4.49431 4.62984 4.74915 4.85361 4.93158 4.93942 4.93942 4.93942 4.93841 4.90844 4.90704 4.90704 4.90704 5.06174 5.82382 7.37293 7.41903 7.45891 7.48338 7.48416 7.48416 7.48416 7.48416 7.48416 7.48416 7.48422 7.50630
4.07704 4.07704 4.07704 4.07704 4.07704 4.07704 4.07704 3.94122 4.02756 4.15050 4.15050 4.15877 4.17459 4.18866 4.15482 4.13391 4.12897 4.12897 4.12044 4.08967 4.05779 4.02584 3.71639 3.57357 3.57251 3.53157 3.53067 3.53067 3.53067 3.53067 3.53067 3.62064 3.81654 3.76776 3.70642 3.64501 3.58366 3.52232 3.87557 4.72867 4.93942 4.93942 4.93942 4.93942 4.93942 4.93942 4.93942 4.93942 4.96827 5.20670 5.52080 5.70087 5.85672 5.93859 6.10865 7.32008 7.48416 7.48416 7.48416 7.48416 7.48416 7.48416 7.48416 7.48416 7.48416 7.48416 7.49897
4.07704 4.07704 4.07704 4.07704 4.07704 4.07704 4.07980 4.03489 3.96665 4.20085 4.21667 4.21901 4.19009 4.14497 4.03108 3.99919 3.96729 3.93538 3.91205 3.91089 3.91089 3.91089 3.80032 3.45493 3.53066 3.53067 3.52970 3.48924 3.42793 3.36652 3.30515 3.25592 3.46640 3.46366 3.46366 3.46366 3.46366 3.46366 3.61801 4.58886 4.93942 4.93942 4.93942 4.96609 5.02481 5.08353 5.14222 5.20085 5.23084 5.52862 5.93907 5.93907 5.93907 5.93907 6.05650 6.94236 7.48416 7.48416 7.48416 7.48416 7.48416 7.48416 7.48416 7.48416 7.48416 7.47898 7.46042
4.07704 4.07773 4.08706 4.09891 4.11070 4.12150 4.12912 4.12603 3.89535 4.06767 4.03583 4.00907 4.00612 4.00612 3.92679 3.91089 3.91089 3.91089 3.91089 3.91089 3.91089 3.96242 4.09104 3.70963 3.42370 3.25512 3.19474 3.17383 3.17383 3.17383 3.17383 3.17383 3.37819 3.46366 3.46366 3.46471 3.51060 3.58493 3.71231 4.45850 5.06100 5.14018 5.19881 5.23078 5.23084 5.23084 5.23084 5.23084 5.23084 5.31834 5.93823 5.93907 5.93907 5.93907 6.00517 6.56395 7.48416 7.48314 7.46236 7.43412 7.40589 7.37763 7.34940 7.32117 7.29291 7.26905 7.13931
4.11508 4.12480 4.12590 4.12444 4.12303 4.12265 4.12265 4.12265 3.91627 3.99006 4.00612 4.00612 4.00612 4.00612 3.95591 3.92804 4.04340 4.17428 4.30509 4.43605 4.56686 4.64622 4.64703 4.18734 3.56118 3.17383 3.17383 3.17383 3.17383 3.17383 3.20146 3.26096 3.45687 3.75929 3.91238 4.08093 4.18137 4.24023 4.27413 4.52399 5.09165 5.23084 5.23084 5.23084 5.23084 5.23084 5.23084 5.23084 5.23084 5.23084 5.82951 6.00363 6.05497 6.10638 6.15946 6.05969 7.27683 7.27512 7.26765 7.25944 7.09837 6.88079 6.66334 6.44562 6.22804 6.01127 5.92205
4.12265 4.12265 4.12265 4.12265 4.12265 4.12265 4.12265 4.12265 4.02890 3.90778 4.08960 4.22041 4.35130 4.48211 4.59201 4.63149 4.64703 4.64703 4.64703 4.64703 4.64703 4.64703 4.64703 4.38282 3.81549 3.24958 3.31369 3.38423 3.47220 3.59973 3.69199 3.73523 3.82667 4.27198 4.27433 4.27433 4.27433 4.27433 4.27433 4.39451 4.95966 5.23084 5.23129 5.26334 5.31472 5.36605 5.41746 5.46880 5.52021 5.57155 5.98093 6.31793 6.31793 6.31791 6.31765 5.99186 6.47815 6.40566 6.18821 5.97884 5.92205 5.92205 5.92205 5.92205 5.92205 5.92205 5.91964
4.12265 4.12265 4.12265 4.12265 4.11828 4.09711 4.07428 4.05143 4.03749 4.45459 4.74226 4.74226 4.74226 4.74226 4.74153 4.65581 4.64703 4.64703 4.64703 4.64703 4.64703 4.64703 4.64703 4.64557 4.70540 3.74016 3.72717 3.77046 3.80293 3.80479 3.80479 3.80479 3.80479 4.18008 4.27433 4.28062 4.37258 4.49096 4.60933 4.73953 5.08362 5.53953 5.59041 5.60970 5.60970 5.60970 5.60970 5.60967 5.60941 5.60910 5.77046 6.31669 6.31638 6.31608 6.31602 6.09529 5.91919 5.92205 5.92205 5.92205 5.92205 5.91863 5.90644 5.89382 5.88118 5.86857 5.85836
4.08599 4.06162 4.03734 4.01306 3.99315 3.99004 3.98859 3.98714 3.98619 4.32419 4.74226 4.74226 4.74226 4.74226 4.74226 4.68421 4.64703 4.64703 4.64944 4.68311 4.72637 4.76966 4.81294 4.85034 4.86650 4.16994 3.80479 3.80479 3.81468 3.91260 4.03105 4.14942 4.26780 4.61996 4.97400 5.08626 5.11266 5.11266 5.11266 5.11266 5.13373 5.54206 5.60941 5.60909 5.60877 5.60846 5.60814 5.60785 5.60779 5.60779 5.61521 6.25915 6.31602 6.31602 6.31602 6.19975 5.91312 5.90496 5.89234 5.87972 5.86708 5.85789 5.85745 5.85745 5.85745 5.85745 5.85745
3.98617 3.98617 3.98617 3.98617 3.98617 3.98617 3.98617 3.95643 3.91325 4.16565 4.71340 4.74226 4.74226 4.74222 4.73703 4.72168 4.76160 4.80486 4.84573 4.85534 4.85534 4.86125 4.92881 5.01239 5.09608 4.92280 4.39581 4.51418 4.62266 4.64312 4.64312 4.64312 4.64312 4.73548 5.11266 5.11547 5.20125 5.32558 5.44963 5.57382 5.71147 5.70041 5.60779 5.60779 5.60779 5.60779 5.60779 5.60779 5.60779 5.60779 5.60779 6.05403 6.29746 6.28482 6.27221 6.24007 5.86007 5.85695 5.85745 5.85745 5.85745 5.85745 5.85745 5.85745 5.85745 5.85745 5.85745
3.98617 3.98542 3.90473 3.77914 3.66385 3.55764 3.45943 3.38754 3.51087 4.06500 4.58370 4.72226 4.71340 4.70457 4.70319 4.76848 4.99490 5.08442 5.16806 5.25175 5.33544 5.41310 5.42935 5.42935 5.42935 5.50320 4.64431 4.64312 4.64312 4.64312 4.70734 4.83167 4.95572 5.08156 5.62301 5.79510 5.83345 5.83345 5.83345 5.83345 5.83887 5.78853 5.60779 5.60779 5.60779 5.60779 5.62038 5.64919 5.67823 5.70714 5.73614 5.91873 6.25141 6.25141 6.25141 6.25141 5.94496 5.85548 5.85745 5.85745 5.85745 5.85745 5.85745 5.85745 5.85745 5.85745 5.85745
3.51297 3.41850 3.38236 3.38236 3.38188 3.37744 3.37212 3.36682 3.35691 3.86285 4.48843 5.00190 5.08560 5.16935 5.25063 5.27491 5.38235 5.42935 5.42935 5.42935 5.42935 5.42935 5.42935 5.42935 5.38493 5.34323 4.99162 5.05562 5.17981 5.30393 5.36390 5.36390 5.36390 5.36390 5.64294 5.83345 5.83345 5.83345 5.83345 5.83345 5.83361 5.86197 5.65630 5.67737 5.70642 5.73529 5.75179 5.75185 5.75185 5.75185 5.75185 5.78049 6.24077 6.25141 6.25141 6.25141 6.04956 5.85399 5.85745 5.85745 5.85745 5.85632 5.85194 5.84735 5.84278 5.83820 5.83361
3.37921 3.36868 3.33692 3.30290 3.26934 3.23977 3.21107 3.18237 3.16810 3.51260 4.21748 5.27491 5.27491 5.27491 5.27491 5.27491 5.33540 5.42935 5.41826 5.29295 5.13761 4.98245 4.82720 4.67195 4.56120 4.57056 5.16937 5.36390 5.36390 5.36390 5.36390 5.36390 5.36390 5.36390 5.50143 5.83345 5.84454 5.87335 5.90228 5.93126 5.96023 5.99678 5.82137 5.75185 5.75185 5.75185 5.75185 5.75185 5.75185 5.75185 5.75185 5.75185 6.12056 6.25260 6.28203 6.32336 6.24315 5.83482 5.83515 5.83060 5.82601 5.82256 5.82239 5.85455 5.91446 5.97436 6.03431
3.19385 3.17036 3.16810 3.16810 3.16810 3.16810 3.16810 3.16810 3.16810 3.35383 3.89184 5.22597 5.27491 5.19724 5.04208 4.88674 4.74605 4.72972 4.58660 4.55667 4.55667 4.55667 4.55667 4.55667 4.55667 4.55667 4.96068 5.36390 5.36390 5.36390 5.36390 5.37033 5.39392 5.41843 5.45896 5.93888 5.97729 5.97750 5.97750 5.97750 5.97750 5.98911 5.89325 5.75185 5.75185 5.75185 5.75946 5.79760 5.83896 5.88030 5.92164 5.96303 6.22414 6.54412 6.55603 6.55603 6.53808 5.86380 5.90872 5.98487 6.04478 6.10472 6.16459 6.19238 6.19238 6.19238 6.19238
3.16810 3.16810 3.16810 3.16810 3.16810 3.16810 3.16810 3.14969 3.02882 2.93339 3.22973 4.32001 4.47981 4.40223 4.40223 4.40223 4.40223 4.52318 4.55667 4.55667 4.55667 4.55667 4.55667 4.55667 4.55667 4.55667 4.75989 5.37093 5.41373 5.43825 5.46279 5.48088 5.48181 5.48181 5.48181 5.82523 5.97750 5.97750 5.97750 5.95598 5.89973 5.86044 6.10892 5.93678 5.97817 6.01951 6.05326 6.05646 6.05646 6.05646 6.05680 6.07258 6.16761 6.62025 6.64437 6.66846 6.69218 6.16631 6.08240 6.19238 6.19238 6.19238 6.19238 6.19238 6.14910 5.95930 5.75718
3.16810 3.16810 3.10230 2.96709 2.83799 2.70434 2.56398 2.43644 2.41808 2.41694 2.76671 3.87544 4.40223 4.40223 4.40223 4.40223 4.40223 4.47625 4.55667 4.55667 4.55667 4.55809 4.57725 4.60178 4.62630 4.65084 4.75237 5.36033 5.48181 5.48181 5.48181 5.48181 5.45472 5.39799 5.34126 5.47939 5.72350 5.66673 5.61001 5.57477 5.57433 5.57433 6.21114 6.08695 6.05680 6.07258 6.09667 6.12074 6.14480 6.16889 6.19261 6.20090 6.20090 6.62254 6.70047 6.70047 6.70047 6.35876 6.01820 6.13077 5.93352 5.73161 5.52969 5.32768 5.16894 5.15693 5.15693
2.65482 2.49978 2.41529 2.41411 2.41390 2.41390 2.41390 2.41390 2.41390 2.41390 2.63320 3.46852 4.40223 4.40223 4.40223 4.40223 4.40155 4.37294 4.59707 4.62160 4.64614 4.66922 4.67458 4.67458 4.67458 4.66394 4.66070 5.07536 5.27853 5.22128 5.13343 5.03736 5.07863 5.07863 5.07863 5.12781 5.57175 5.57433 5.57430 5.55230 5.51129 5.47025 5.87098 6.14931 6.19261 6.20090 6.20090 6.20090 6.20090 6.20090 6.20090 6.20090 6.20090 6.47357 6.61712 6.41598 6.21412 5.86278 5.07594 5.14968 5.15693 5.15693 5.15693 5.15693 5.15693 5.15693 5.15693
2.41390 2.41390 2.41390 2.41390 2.41390 2.43353 2.47172 2.50986 2.54799 2.58494 2.66020 3.03807 4.22609 4.12587 3.99985 3.87749 3.75952 3.70097 4.24339 4.27340 4.21907 4.16803 4.15857 4.16479 4.17011 4.17669 4.15977 4.15761 4.37392 4.34697 4.33736 4.34193 5.02363 5.06351 5.02286 4.98185 5.33456 5.39549 5.35448 5.33546 5.33546 5.33546 5.58201 6.11336 6.20090 6.20090 6.20090 6.20090 6.20090 6.12152 5.92324 5.74338 5.59324 5.54409 5.66586 5.66502 5.66502 5.65770 4.97650 5.08558 5.15693 5.15693 5.15693 5.15693 5.15693 5.15693 5.15693
2.45116 2.48931 2.52746 2.56562 2.60377 2.62227 2.62227 2.61448 2.54809 2.45489 2.33748 2.38439 3.24242 3.41557 3.39340 3.37125 3.34909 3.32693 3.67226 3.97552 4.03195 4.08070 4.09392 4.09392 4.09392 4.09392 4.09392 4.08744 4.25006 4.27024 4.23948 4.20870 4.64336 4.84015 4.83977 4.83977 5.08514 5.33546 5.33546 5.33546 5.33546 5.33546 5.39216 6.07420 6.12418 5.92916 5.73016 5.55098 5.41438 5.36225 5.40744 5.42133 5.42133 5.42707 5.65839 5.66502 5.66502 5.66502 5.16164 5.02143 5.15693 5.15693 5.15693 5.15693 5.15609 5.10592 5.02699
2.59805 2.62227 2.62180 2.57449 2.49623 2.42144 2.34827 2.28293 2.27611 2.28089 2.25339 2.32472 2.89518 3.31264 3.33118 3.42438 3.51484 3.59513 3.75773 4.09392 4.09392 4.09250 4.06131 4.01820 3.97515 3.93210 3.88905 3.86785 3.99191 4.15822 4.15822 4.15822 4.46394 4.83977 4.83977 4.83977 4.93668 5.33546 5.33546 5.26639 5.06967 4.87067 4.67057 5.08873 5.26674 5.34992 5.39832 5.42132 5.42133 5.42133 5.42133 5.42133 5.42133 5.42133 5.58669 5.66502 5.66502 5.65182 5.27795 4.77605 4.89662 4.81769 4.73863 4.65964 4.58137 4.55254 4.55126
2.37918 2.38288 2.31022 2.28436 2.28937 2.29080 2.29080 2.29080 2.29080 2.29080 2.26804 2.40485 2.87488 3.56966 3.63182 3.63802 3.62181 3.57909 3.54527 3.92090 3.90581 3.86418 3.85232 3.85232 3.85232 3.85232 3.85232 3.85232 3.93286 4.15822 4.15822 4.15822 4.32675 4.83977 4.81692 4.73022 4.64150 4.67679 4.47762 4.36747 4.48625 4.60379 4.70491 5.06861 5.37039 5.42133 5.42133 5.42133 5.42133 5.42104 5.39876 5.36302 5.32730 5.29156 5.34902 5.39667 5.34912 5.31459 5.15408 4.32155 4.52052 4.54671 4.54277 4.53883 4.53489 4.53094 4.52828
2.24031 2.29080 2.29080 2.29080 2.29080 2.29080 2.29080 2.36482 2.52434 2.66569 2.72157 2.69930 2.86619 3.47804 3.46670 3.42362 3.39678 3.39642 3.39642 3.69504 3.85232 3.85232 3.85232 3.85232 3.85232 3.85232 3.85232 3.85232 3.88268 4.13216 4.08875 4.02092 3.99534 4.47518 4.40826 4.41104 4.51336 4.60003 4.68354 4.76255 4.77225 4.77225 4.76628 4.87431 5.27107 5.31344 5.27770 5.24195 5.20624 5.17081 5.15735 5.15735 5.15735 5.15735 5.21337 5.46740 5.52640 5.61231 5.69586 4.89307 4.65746 4.52820 4.52820 4.52820 4.52820 4.50045 4.42617
2.21230 2.28915 2.29080 2.32136 2.47324 2.61095 2.71839 2.76524 2.74238 2.71916 2.66466 2.59713 2.72025 3.20723 3.39642 3.39642 3.39642 3.39642 3.39642 3.55642 3.85232 3.85232 3.85232 3.85232 3.84924 3.80688 3.75261 3.69832 3.68222 3.74330 3.83177 3.83222 3.91335 4.51729 4.71036 4.78893 4.75928 4.68972 4.60151 4.54514 4.48877 4.43240 4.38200 4.40055 5.04273 5.14789 5.15735 5.15735 5.18894 5.25352 5.31803 5.38253 5.44700 5.51096 5.54453 5.76913 5.82928 5.82928 5.82928 5.19510 4.74348 4.50794 4.42010 4.31037 4.21427 4.14328 4.10161
2.17471 2.48095 2.64034 2.72143 2.70864 2.69405 2.69385 2.69385 2.69385 2.69385 2.68418 2.59725 2.67215 3.02729 3.39642 3.39642 3.39642 3.39642 3.39642 3.42594 3.80954 3.76275 3.70850 3.65424 3.60308 3.59117 3.59117 3.59117 3.56579 3.69082 4.02911 4.09254 4.09185 4.33966 4.47368 4.42512 4.41894 4.41744 4.37575 4.37387 4.37387 4.37387 4.34630 4.27618 4.71981 5.16017 5.44773 5.51216 5.54453 5.54453 5.54453 5.54453 5.54453 5.54453 5.54453 5.68810 5.82928 5.77536 5.56461 5.04991 4.40399 4.10329 4.06711 4.06601 4.06601 4.06601 4.06601
1.99523 2.46628 2.69385 2.69385 2.69385 2.69385 2.69385 2.69385 2.68346 2.66109 2.63872 2.54220 2.56211 2.84817 3.39566 3.39237 3.37629 3.35859 3.34093 3.32341 3.49565 3.55506 3.57642 3.60349 3.61653 3.53845 3.44411 3.34969 3.29009 3.15110 3.85871 3.85204 3.84537 4.06322 4.41894 4.41894 4.40278 4.33589 4.23410 4.14956 4.07894 4.00825 3.96525 3.96476 4.29812 4.95776 5.54453 5.54453 5.54453 5.54453 5.54453 5.54453 5.55482 5.56563 5.43625 5.29394 5.15643 5.05108 5.04182 4.95333 4.29836 4.12485 4.06601 4.06601 4.06601 4.06601 4.06601
1.97808 2.17002 2.63573 2.60887 2.57915 2.54995 2.52139 2.49338 2.47513 2.46772 2.45940 2.41151 2.38195 2.58044 3.13367 3.23388 3.26612 3.29988 3.33367 3.36743 3.50815 3.59898 3.48326 3.36210 3.25471 3.23841 3.23841 3.23841 3.23841 3.01474 3.69505 3.76472 3.70823 3.75880 4.13866 4.06805 4.01355 4.00983 3.99228 3.96476 3.96476 3.96476 3.96476 3.96476 4.11719 4.71726 5.53480 5.55394 5.57857 5.60096 5.50281 5.33692 5.16088 4.98413 4.94778 4.94779 4.99828 5.04182 5.04182 5.04182 4.40350 4.18933 4.06601 4.06601 4.06601 4.06601 4.06601
1.83098 1.80528 2.37069 2.42900 2.42900 2.42889 2.42296 2.41382 2.40118 2.38319 2.36625 2.33523 2.29839 2.42462 3.03257 3.43778 3.43778 3.39711 3.27764 3.15613 3.06990 3.23833 3.23841 3.23841 3.23851 3.24738 3.26178 3.27621 3.29063 3.18958 3.23305 3.49215 3.49215 3.50666 3.99708 4.00983 4.00983 4.00983 4.00555 3.95941 3.91983 3.87806 3.84710 3.83197 3.82690 4.62748 5.37391 5.39411 5.20372 5.01537 4.94778 4.94778 4.94778 4.94778 4.94778 4.94778 4.96787 5.04182 5.04182 5.04182 4.59852 4.29143 4.15504 4.20651 4.25795 4.30938 4.36085
1.77262 1.77097 2.16504 2.38990 2.37188 2.35396 2.34184 2.33296 2.32756 2.32750 2.32750 2.31725 2.27862 2.33726 2.65229 3.19622 3.07497 2.99435 2.99234 2.99662 3.01066 3.23033 3.28555 3.29997 3.31429 3.31983 3.31983 3.31983 3.31983 3.30471 3.04044 3.49215 3.49215 3.49117 3.85454 3.92755 3.88678 3.84451 3.79415 3.78191 3.81029 3.83013 3.80481 3.65899 3.50653 3.84685 4.50272 4.94778 4.94778 4.94778 4.94778 4.94778 4.94778 4.93647 4.88114 4.82149 4.76410 4.78261 4.73583 4.65673 4.59990 4.61624 4.39359 4.35884 4.42139 4.39089 4.39443
