High_resolution/powerplant/Chizhou/OMI_NO2_200810.asc
ncols      200
nrows      200
xllcorner       115.585
yllcorner       28.7700
cellsize     0.0166667
NODATA_Value      -999.000
[rows 87 to 115 of 200, columns 67 to 133 of 200]
5.28651 5.30340 5.32031 5.65516 5.78265 5.80763 5.84589 6.35045 6.44419 6.81457 7.21402 7.59341 8.00605 8.41146 8.54746 8.55215 8.61477 8.73026 8.97469 9.26793 9.88127 10.2401 10.5714 10.6761 9.97827 9.93494 9.86483 9.86483 9.76086 9.17008 9.17008 9.17008 9.17008 8.88535 9.49940 9.54090 9.54090 9.54090 9.54090 9.64351 10.1601 10.0082 9.75067 9.49200 9.32193 9.31820 9.31064 9.29424 9.27793 9.25384 9.07571 9.00797 8.94161 8.87515 8.80886 8.38892 7.16332 6.22054 6.00641 5.79210 5.58114 5.37031 5.15935 4.97597 4.95101 4.95101 4.95101
5.37219 5.38556 5.39964 5.68018 5.93090 5.93090 5.89145 6.18530 6.28451 7.97487 8.56273 8.54979 8.65832 8.95299 9.33001 9.70394 10.0201 10.2831 10.4173 10.5152 10.9667 11.0486 11.0486 11.0486 10.3451 10.0017 9.86483 9.86483 9.86425 9.22525 9.17008 9.17008 9.17008 9.00506 9.25986 9.54090 9.44502 9.18925 8.93130 8.69374 9.06698 9.32283 9.25782 9.17522 9.09242 9.00966 8.93447 8.86804 8.80169 8.73534 8.57526 8.54933 8.48856 8.22117 7.93649 7.52113 6.41310 5.24406 4.95101 4.95101 4.95101 4.95210 4.96562 4.98335 5.00200 5.02164 5.04241
5.46548 5.46912 5.44927 5.49986 5.69667 5.57177 5.49047 5.81420 6.57859 8.21008 9.54756 10.1674 10.4377 10.5217 10.5232 10.5232 10.5232 10.5232 10.5232 10.5232 10.8393 11.0486 11.0486 11.0486 10.6234 10.0274 9.88307 9.86483 9.86483 9.36198 9.17008 9.17008 9.17837 9.17463 8.45761 8.76493 8.65436 8.70423 8.74884 8.78502 8.48621 8.76470 8.69827 8.69826 8.69826 8.69826 8.69608 8.52062 8.23563 7.95110 7.57514 7.23249 7.00842 6.99113 6.98966 6.86404 6.32841 5.45140 5.01890 5.03949 5.06124 5.08271 5.08751 5.06204 4.98189 4.89978 4.81774
5.29443 5.19032 5.13810 5.24420 5.74658 5.92677 6.10802 6.43169 7.95189 8.47200 10.0131 10.4904 10.5232 10.5232 10.5232 10.5232 10.5232 10.5232 10.5232 10.5232 10.7216 11.0486 11.0486 11.0486 10.8883 10.0438 9.97739 9.97823 10.0483 9.76196 9.47618 9.55351 9.62225 9.67204 8.68272 8.89582 8.88020 8.86383 8.85527 8.85526 8.50361 8.60516 8.38631 8.10162 7.81663 7.53195 7.24945 7.13322 7.07435 6.93531 6.73039 6.48976 6.34760 6.20567 6.06501 5.99830 5.84789 5.66359 4.77980 4.66771 4.55547 4.44315 4.33095 4.24407 4.21190 4.07613 3.79747
5.36402 5.49211 5.59587 5.69166 6.26373 6.30917 6.30917 6.30917 7.64544 7.99064 9.80412 10.4026 10.5232 10.5232 10.5232 10.5232 10.5232 10.5232 10.5333 10.5539 10.6664 11.1350 11.1598 11.1845 11.2023 10.6153 10.5343 10.4578 10.4800 10.2564 9.73993 9.94943 10.1619 10.3743 9.83678 8.75016 8.65603 8.58262 8.50890 8.43550 8.16903 7.28623 6.70658 6.56462 6.42272 6.28088 6.13901 6.00384 5.92094 5.91793 5.87871 5.70159 5.70159 5.70159 5.70159 5.64312 5.31321 5.28740 4.40283 4.12795 4.12726 3.98918 3.73990 3.49073 3.24155 3.09801 3.09718
5.74394 5.74973 5.74973 5.74973 6.13641 6.30917 6.30917 6.30917 7.16792 7.95749 9.26974 10.2978 10.5677 10.5883 10.6089 10.6296 10.6502 10.6708 10.6813 10.6813 10.6923 11.2405 11.2973 11.3269 11.3513 10.8968 10.7097 10.8373 11.1212 11.3386 10.1757 10.1259 10.0773 10.0288 9.83166 8.26578 8.02229 7.92131 7.82087 7.72030 7.57957 6.74406 5.94628 5.91793 5.91793 5.91793 5.91793 5.91793 5.91793 5.91793 5.91535 5.65250 5.50938 5.36600 5.20726 5.11672 4.95399 4.86612 4.03840 3.45682 3.20806 3.09718 3.09718 3.11827 3.31302 3.52712 3.72094
5.74973 5.74973 5.74973 5.71487 5.89943 6.09746 6.01260 5.92761 6.22297 7.39313 8.42517 10.2814 10.6633 10.6610 10.6570 10.6530 10.6508 10.6666 10.6873 10.7080 10.7257 11.1764 11.4125 11.6792 11.9642 11.9846 11.6885 11.5081 11.4172 11.2829 9.98132 9.63637 9.53581 9.43530 9.33460 8.03471 7.50870 7.50600 7.50600 7.50600 7.50600 6.98828 6.06795 5.91793 5.91793 5.91793 5.91793 5.86148 5.73866 5.60447 5.45862 5.18228 5.11397 4.93196 4.61759 4.26701 3.80142 3.32488 3.24364 3.10309 3.24046 3.46144 3.65364 3.78501 3.77688 3.73863 3.69179
5.33141 5.24820 5.16497 5.11693 5.22237 5.51993 5.50500 5.49008 5.49743 7.00407 7.49491 9.96834 10.5621 10.6395 10.6642 10.6889 10.7118 10.7165 10.7510 10.9634 11.1854 11.7170 12.2352 12.1656 12.0808 11.9642 11.5129 11.0714 10.5571 10.5127 9.72600 9.25979 9.25979 9.25979 9.25979 8.55116 7.54923 7.50600 7.50600 7.50600 7.50600 7.15594 6.32496 5.85927 5.73737 5.60300 5.45565 5.37626 5.37327 5.19730 4.89723 4.40388 3.87641 3.71864 3.68361 3.63357 3.66433 3.47495 3.69908 3.61401 3.59407 3.49555 3.35306 3.23881 3.12734 3.01568 2.91271
5.05316 5.05316 5.05316 5.05316 5.08985 5.47327 5.47327 5.47327 5.47327 6.54782 7.17701 9.46059 10.5785 10.7165 10.7391 10.9153 11.0739 11.2396 11.3718 11.3263 11.2710 11.4817 12.0413 12.0443 12.0443 12.0443 11.6454 11.2662 10.5127 10.5127 10.0016 9.25979 9.25979 9.25979 9.25979 9.05567 7.60490 7.50600 7.50600 7.48119 7.43034 7.16191 6.24070 5.37698 5.37285 5.18783 4.84756 4.46366 4.04142 3.84106 3.79109 3.63942 3.39732 3.58396 3.81517 4.01967 4.08978 3.71960 3.58059 3.11120 2.94353 2.89217 2.89217 2.89217 2.89217 2.89217 2.89217
5.04341 5.04165 5.03990 5.03815 5.03640 5.41772 5.47327 5.47327 5.47327 6.07030 7.08207 8.47270 10.5273 11.1481 11.2921 11.2827 11.2909 11.2921 11.2921 11.2921 11.2921 11.3487 12.0432 12.0443 12.0443 12.0443 11.7843 11.5086 10.5477 10.5127 10.3004 9.25979 9.25979 9.25979 9.25979 9.06645 7.76453 7.38710 7.37359 7.39447 7.44299 7.32901 5.83485 4.33074 3.82565 3.63204 3.62737 3.62737 3.62737 3.62727 3.57641 3.45239 3.81740 3.91133 3.83707 3.77531 3.76882 3.57600 3.41064 2.94826 2.89328 2.89217 2.89217 2.89217 2.89217 2.89217 2.88292
5.01164 5.01164 5.01164 5.01164 5.01239 5.33019 5.54429 5.58647 5.62304 5.73951 6.57304 7.26992 10.0114 11.2779 11.2921 11.2921 11.2921 11.2921 11.2921 11.2921 11.2921 11.2921 11.9256 12.0443 12.0443 12.0443 11.9232 11.5429 10.7907 10.5255 10.5700 9.28159 8.83936 8.44284 8.00677 7.79644 7.84628 7.63751 7.41277 7.22381 7.01499 6.93559 5.43093 4.00472 3.61498 3.53302 3.44019 3.34741 3.25459 3.16181 3.11984 3.12163 3.37772 3.84682 3.91110 3.98237 4.06025 4.04533 3.60640 3.16833 2.98667 2.97788 2.97894 2.97323 2.96683 2.95950 2.96215
5.03222 5.07302 5.11411 5.15151 5.18116 5.40925 5.67972 5.67414 5.67414 5.67414 6.38169 6.90407 9.23631 11.0984 11.2921 11.2921 11.2921 11.2921 11.2921 11.2921 11.2921 11.2830 11.6536 11.8497 11.7505 11.6517 11.5453 11.7297 10.9555 9.95059 9.44705 8.19584 7.88738 7.84610 7.77274 7.71560 7.69438 7.45734 7.12504 7.21577 7.36417 7.51801 6.52871 4.52365 3.15089 3.15428 3.18365 3.21716 3.25575 3.30067 3.35370 3.41173 3.70598 4.84590 4.84805 4.84805 4.84805 4.84460 4.14360 3.70855 3.17709 3.08046 3.07396 3.07472 3.09666 3.13156 3.17153
5.20699 5.19666 5.18593 5.17914 5.17902 5.29513 5.67414 5.67414 5.67414 5.67414 6.12039 6.61554 8.52717 10.7190 11.2406 11.1579 11.0756 10.9932 10.9106 10.8281 10.7458 10.6722 10.8961 11.1999 10.8368 10.4135 9.93852 10.2016 10.1512 9.06809 8.97640 8.72423 8.58156 8.61933 8.74512 8.88031 8.96160 8.99628 8.73808 8.79643 8.78604 8.77426 8.01640 5.62363 3.42001 3.44069 3.44069 3.44069 3.44069 3.44069 3.44069 3.44069 3.44069 4.66307 4.84805 4.84805 4.84805 4.84805 4.33036 3.95511 3.21769 3.13679 3.17749 3.22338 3.23893 3.23893 3.18294
5.17902 5.17902 5.17902 5.17902 5.17902 5.20597 5.67226 5.68004 5.68561 5.69119 5.88172 6.60556 7.17472 9.64294 10.6313 10.5869 10.5421 10.4977 10.4532 10.3492 9.98058 9.54818 9.20779 9.59394 9.56868 9.53470 9.44377 9.77899 10.0887 8.93230 8.90469 8.98421 9.06049 9.13061 9.15240 9.14357 9.13472 9.12588 8.82108 8.73416 8.73416 8.73416 8.58495 6.21122 3.71309 3.44069 3.44069 3.44069 3.44069 3.44069 3.44069 3.44069 3.44069 4.26020 4.84805 4.84805 4.84805 4.84805 4.52018 4.08093 3.34926 3.23893 3.22325 3.02700 2.77951 2.53192 2.36760
5.16386 5.14769 5.13152 5.11535 5.09915 5.08301 5.45689 5.51418 5.48916 5.46418 5.44488 6.23549 6.53675 8.16712 9.88805 9.95383 9.63423 9.23555 8.79864 8.40571 8.36514 8.34403 8.28875 9.27669 9.09954 8.88005 8.61858 8.62266 10.0268 9.38450 9.13135 9.12250 9.11695 9.11687 9.11687 9.11687 9.11687 9.11687 8.95127 8.73416 8.73416 8.73416 8.73416 6.73498 4.57147 3.44069 3.44069 3.44069 3.44069 3.44069 3.44069 3.44069 3.44069 3.73306 4.84758 4.84805 4.84805 4.83145 4.62808 4.09031 3.41279 2.88413 2.71781 2.73205 2.85137 3.05049 3.22285
4.91413 4.91413 4.91413 4.91413 4.91413 4.91413 5.17953 5.35627 5.35627 5.35627 5.35627 5.93025 6.47457 7.30591 8.29543 8.42819 8.36514 8.34932 8.24885 8.04469 7.74266 7.43634 7.18052 7.54924 7.62322 7.46747 7.41076 7.43114 9.26545 9.34098 9.11687 9.11687 9.11687 9.11687 9.11687 9.11687 9.11687 9.11687 9.06094 8.73416 8.73416 8.73416 8.73416 7.36743 5.31362 3.44069 3.44069 3.44069 3.44069 3.38081 3.24214 3.10279 2.96366 2.82466 4.12663 4.18736 3.85658 3.53293 3.28316 3.71475 3.57850 3.30902 3.44318 3.57749 3.65770 3.65846 3.65846
4.91413 4.91413 4.91682 4.92412 4.93142 4.93872 5.10826 5.35775 5.46456 5.62274 5.76621 6.14596 6.67817 7.06411 7.17314 7.65264 7.32542 7.01392 6.78714 6.66396 6.63881 6.63881 6.63881 7.00577 7.41076 7.41076 7.41076 7.41076 8.73472 9.43884 9.11708 9.11687 9.11687 9.11687 9.11687 9.11687 9.11687 9.11687 9.11652 8.79938 8.73172 8.57170 8.31787 7.42701 5.60343 2.81974 2.63977 2.50077 2.36176 2.28264 2.28229 2.28229 2.28229 2.29164 2.92690 3.20867 3.21381 3.22839 3.24139 3.64015 3.81522 3.66212 3.65846 3.65846 3.65846 3.65846 3.65846
5.07518 5.08247 5.08715 5.08719 5.15377 5.30086 5.49643 5.86765 5.88108 5.81438 5.81024 5.86868 6.36244 6.67952 6.63721 6.61712 6.63881 6.63881 6.63881 6.63881 6.63881 6.63881 6.63881 6.84192 7.41076 7.41076 7.41076 7.41076 8.18360 9.48147 9.17283 9.11687 9.11534 8.99685 8.80663 8.61610 8.42588 8.23535 8.04513 7.47115 6.79730 6.70349 6.70349 6.63127 5.47012 3.10493 2.28229 2.28392 2.30166 2.32352 2.34542 2.36727 2.38916 2.40166 2.57659 3.24320 3.24348 3.24348 3.24348 3.49562 3.79740 3.64379 3.57365 3.54462 3.51121 3.40364 3.28865
5.12731 5.26942 5.39629 5.49393 5.50280 5.44225 5.43461 5.71967 5.77629 5.86016 5.88138 5.88138 6.25465 6.56815 6.75916 6.55185 6.63881 6.63881 6.63881 6.63881 6.63881 6.63881 6.63881 6.69349 7.40940 7.37284 7.28912 7.20500 7.33104 8.55203 8.20095 7.85643 7.66697 7.59386 7.59386 7.58652 7.45059 7.26764 7.08454 6.88482 6.70349 6.70349 6.57143 6.11423 4.64903 3.23519 2.37736 2.39760 2.40172 2.40172 2.40172 2.40172 2.40172 2.37376 2.20817 2.81609 2.90270 2.88739 2.87247 2.94084 3.28958 3.23148 3.05617 2.98362 2.93583 2.92446 2.92446
5.41102 5.37069 5.34997 5.39392 5.46924 5.54480 5.57573 5.81530 5.88138 5.88138 5.88138 5.88138 6.11297 6.46087 6.83651 6.51204 6.63881 6.62662 6.56473 6.49754 6.43041 6.36317 6.29609 6.22885 6.70661 6.76825 6.76819 6.76819 6.77263 7.66945 7.84599 7.59101 7.47018 7.28723 7.10421 6.92845 6.88105 6.68897 6.33481 5.97775 5.10327 4.55628 4.17022 4.08928 3.34237 2.66403 2.40172 2.40172 2.40172 2.40172 2.40172 2.40172 2.40172 2.40058 2.17574 2.54826 2.85452 2.85452 2.85452 2.85818 3.26032 3.26609 3.00969 2.92446 2.92446 2.92446 2.92446
5.39359 5.52923 5.57524 5.57573 5.57573 5.57573 5.57573 5.74769 5.88138 5.88130 5.86915 5.84833 5.91749 6.30364 6.55878 6.22457 6.16892 6.13005 6.12475 6.12354 6.12110 6.11861 6.11612 6.11362 6.49693 6.76819 6.76819 6.76776 6.66417 7.05910 7.46788 6.92945 6.58411 6.22977 5.87580 5.51291 5.11388 4.90230 4.85282 4.80334 4.28876 3.80223 3.78192 3.78192 3.41540 2.53254 2.42157 2.40172 2.40172 2.40172 2.40172 2.40172 2.40172 2.40172 2.21388 2.29695 2.85442 2.85452 2.85452 2.85452 3.15632 3.28905 3.09744 2.92446 2.92446 2.91345 2.85458
5.46969 5.57573 5.57402 5.55897 5.54011 5.51420 5.48695 5.56148 5.71427 5.68255 5.66291 5.65195 5.64228 6.06838 6.25111 6.26759 5.98320 6.09149 6.08900 6.08767 6.08767 6.08767 6.08767 6.08767 6.26312 6.50074 6.31476 6.11422 6.01474 6.14491 5.64927 5.01446 4.83437 4.78486 4.73541 4.69445 4.69026 4.69026 4.69026 4.69026 4.48751 3.78192 3.78192 3.78192 3.71183 2.54956 2.46309 2.40172 2.40172 2.40172 2.40172 2.40172 2.40172 2.40172 2.25932 2.16370 2.75783 2.85452 2.85452 2.85452 3.04864 3.28065 3.12073 2.79007 2.70362 2.63770 2.61956
5.23248 5.35663 5.33162 5.31943 5.31104 5.30972 5.30972 5.35186 5.57104 5.57104 5.57104 5.57104 5.57104 5.86901 6.10314 6.19375 5.91281 6.08767 6.08767 6.08767 6.03416 5.88564 5.72332 5.51377 5.42325 5.71814 5.60389 5.50477 5.40773 5.42540 4.95518 4.72890 4.69026 4.69026 4.69026 4.69026 4.69026 4.69026 4.69026 4.69026 4.67525 3.85642 3.78192 3.78192 3.78192 2.79181 2.49648 2.40172 2.40172 2.40172 2.40172 2.40172 2.40231 2.42121 2.35418 2.21309 2.60861 2.91886 2.89569 2.82892 2.80097 2.87530 2.82409 2.71153 2.70206 2.74462 2.78706
5.14107 5.27959 5.30972 5.30972 5.30972 5.30972 5.30972 5.31307 5.55884 5.57016 5.54847 5.39587 5.21065 5.18068 5.38049 5.63484 5.71078 5.71089 5.47130 5.23554 5.05225 4.95950 4.88002 4.84494 4.84253 5.13706 5.14164 5.13115 5.12055 5.11300 4.97908 4.58667 4.55393 4.69026 4.69026 4.69026 4.69026 4.69026 4.69026 4.69026 4.69026 4.16986 3.78192 3.78192 3.77215 3.07889 2.56176 2.48478 2.51178 2.53908 2.56638 2.59370 2.62039 2.62884 2.59653 2.31588 2.41462 2.70619 2.65599 2.64936 2.64484 2.80858 2.83555 2.94536 2.81687 2.81687 2.81687
5.08997 5.17691 5.24994 5.24640 5.24288 5.23938 5.23372 5.12988 5.03999 4.90120 4.75381 4.67757 4.63605 4.60743 4.77078 4.88827 4.89535 4.78874 4.74993 4.74993 4.74993 4.74993 4.74993 4.74993 4.74993 4.94974 5.02679 5.02679 5.02679 5.02679 5.05787 4.56014 4.50522 4.68176 4.69026 4.69026 4.68351 4.63102 4.56987 4.50883 4.44705 4.11950 3.29472 3.21313 3.14079 2.99970 2.68398 2.64155 2.62884 2.62884 2.62815 2.61803 2.60490 2.59176 2.57863 2.30326 2.26742 2.58511 2.64678 2.68251 2.71676 2.86321 2.85313 2.97335 2.82144 2.81687 2.82049
5.09968 5.10301 5.22591 5.15511 4.99819 4.78243 4.56499 4.47218 4.47769 4.46597 4.41935 4.41548 4.40660 4.40537 4.51684 4.70307 4.86787 4.83177 4.74993 4.74993 4.74993 4.74993 4.74993 4.74993 4.74993 4.88570 5.02679 5.02679 5.02838 5.04832 5.14143 4.46652 4.32490 4.35273 4.32613 4.26503 4.21019 4.20149 4.17794 3.98706 3.73565 3.42213 3.13024 3.13024 3.13024 3.07291 2.53658 2.48568 2.58581 2.57267 2.56021 2.56305 2.62613 2.69498 2.75528 2.67343 2.68329 2.87174 3.00555 3.02113 3.03637 3.13085 3.18526 3.27156 3.21514 3.24823 3.35995
4.92369 4.66729 4.47781 4.34900 4.31276 4.32938 4.34534 4.33514 4.35393 4.40537 4.40537 4.40537 4.40537 4.40537 4.47352 4.63020 4.86494 4.86888 4.75209 4.74993 4.74993 4.76037 4.78130 4.80222 4.82315 4.92597 5.16487 5.18998 5.21349 5.21867 5.17133 4.43080 4.14394 4.15638 4.18664 4.00967 3.76159 3.47489 3.17965 3.13024 3.06419 2.93791 2.81178 2.68551 2.55937 2.44268 2.02947 2.07186 2.78888 2.83839 2.88263 2.91971 2.92701 2.92701 2.92701 2.92701 2.92701 2.96789 3.13041 3.13041 3.13041 3.16845 3.29080 3.26193 3.47914 3.47914 3.47914
4.67715 4.54302 4.39923 4.33734 4.32681 4.32256 4.32256 4.32256 4.33415 4.40537 4.40537 4.40537 4.40537 4.41147 4.47194 4.65329 4.90222 4.95162 4.89161 4.87844 4.89935 4.90983 4.90983 4.90983 4.90367 4.90973 5.21825 5.21867 5.21867 5.21867 5.21271 4.56120 3.83353 3.54176 3.19265 3.02540 2.89926 2.77299 2.64384 2.47505 2.36017 2.30544 2.25082 2.19609 2.14147 2.10952 1.86766 1.72057 2.89455 2.92701 2.92701 2.92701 2.92701 2.92701 2.92701 2.92701 2.92701 2.92701 3.10304 3.13041 3.13041 3.13304 3.30141 3.20695 3.46186 3.47914 3.47914
4.72479 4.51140 4.42454 4.32256 4.32256 4.32256 4.34002 4.37944 4.41915 4.53896 4.60716 4.67322 4.74077 4.80315 4.83597 5.00529 4.94445 4.87097 4.81153 4.71754 4.69904 4.68067 4.66209 4.64369 4.63143 4.63115 5.12914 5.13876 5.01099 4.84962 4.57974 4.08527 3.06406 2.81742 2.36545 2.28252 2.22779 2.17313 2.12149 2.10931 2.10931 2.10931 2.10931 2.10931 2.10931 2.10931 1.97990 1.66305 2.60630 2.92701 2.92701 2.92701 2.92701 2.92701 2.92701 2.92701 2.92701 2.92701 3.04224 3.13041 3.13041 3.13041 3.26082 3.23636 3.40662 3.59076 3.67609
