High_resolution/powerplant/Chizhou/OMI_NO2_200807.asc
ncols      200
nrows      200
xllcorner       115.585
yllcorner       28.7700
cellsize     0.0166667
NODATA_Value      -999.000
[rows 60 to 89 of 187, columns 0 to 65 of 200]
1.33718 1.33753 1.35290 1.37417 1.39313 1.41019 1.42558 1.43957 1.45230 1.46382 1.46761 1.46761 1.46761 1.46843 1.74766 1.46684 1.46684 1.48986 1.73731 1.71588 1.68917 1.66249 1.63578 1.61964 1.61948 1.61948 1.61948 1.61948 1.61948 1.21286 1.12150 1.27512 1.27512 1.27512 1.27512 1.27512 1.29796 1.33766 1.35052 1.40107 1.45416 1.50718 1.56027 1.61325 1.66174 0.00000 0.00000 0.00000 0.00000 0.00000 0.00000 0.00000 0.00000 0.00000 0.319619 0.319619 0.319619 0.319619 0.319619 0.319619 0.319619 0.319619 0.319619 0.319619 0.319619 0.319619
1.45230 1.46382 1.46761 1.46761 1.46761 1.46761 1.46761 1.46761 1.46761 1.46761 1.46761 1.46761 1.46761 1.46804 1.75331 1.61393 1.65417 1.72599 1.65825 1.61948 1.61948 1.61948 1.61948 1.61948 1.61948 1.61948 1.61948 1.61948 1.61948 1.36866 1.07107 1.27874 1.30226 1.32879 1.35530 1.38183 1.43442 1.65711 1.69742 1.69981 1.69981 1.98556 2.44739 2.79513 3.32159 5.27380 5.27380 0.00000 0.00000 0.00000 0.00000 0.00000 0.00000 0.00000 0.319619 0.319619 0.319619 0.319619 0.319619 0.319619 0.319619 0.319619 0.319619 0.319619 0.319619 0.00000
1.46761 1.46761 1.46761 1.46761 1.46761 1.46761 1.46761 1.46761 1.46761 1.48201 1.54902 1.62085 1.69267 1.76404 1.93150 1.91936 1.79183 1.79183 1.71131 1.61948 1.61948 1.61948 1.61948 1.61948 1.61703 1.53771 1.42229 1.30681 1.19132 1.07076 1.14247 1.42668 1.45619 1.45619 1.45619 1.52148 1.80641 2.60172 2.97497 3.21041 3.40211 3.48680 3.48680 3.48680 3.51282 5.14495 5.27379 0.00000 0.00000 0.00000 0.00000 0.00000 0.00000 0.00000 0.00000 0.319619 0.319619 0.319619 0.319619 0.319619 0.319619 0.00000 0.00000 0.00000 0.00000 0.00000
1.46085 1.46761 1.46761 1.46761 1.46852 1.51490 1.58672 1.65855 1.73037 1.78779 1.79260 1.79260 1.79260 1.79260 1.82808 2.01596 1.79183 1.79183 1.72240 1.46421 1.34880 1.23331 1.11782 1.00233 0.889372 0.853124 0.853124 0.853124 0.853124 0.858659 1.25789 1.78153 2.20745 2.41138 2.58988 2.71816 2.72873 3.13663 3.48453 3.39757 3.27732 3.16935 3.07146 2.98224 2.90091 3.22940 3.31913 2.35020 0.00000 0.00000 0.00000 0.00000 0.00000 0.00000 0.00000 0.319619 0.319619 0.00000 0.00000 0.00000 0.00000 0.00000 0.00000 0.00000 0.00000 0.00000
1.45574 1.55263 1.62445 1.69628 1.76719 1.79260 1.79260 1.79260 1.79260 1.79260 1.79260 1.78818 1.73336 1.66437 1.59548 1.62756 1.21670 1.10121 1.02681 0.877006 0.853124 0.853124 0.853124 0.853124 0.902748 1.08547 1.25691 1.41088 1.54992 1.67320 1.85856 2.24731 2.58935 2.53900 2.49200 2.44021 2.35852 2.40977 2.70911 2.68846 2.68846 2.68846 2.68846 2.68846 2.68846 2.86981 3.18278 2.89953 0.00000 0.00000 0.00000 0.00000 0.00000 0.00000 0.00000 0.00000 0.00000 0.00000 0.00000 0.00000 0.00000 0.00000 0.00000 0.00000 0.00000 0.00000
1.80226 1.79260 1.79260 1.79260 1.79260 1.77185 1.70464 1.63566 1.56672 1.49778 1.42875 1.36429 1.35013 1.35013 1.35013 1.38429 1.05908 1.02548 1.02851 1.06071 1.16961 1.33287 1.48959 1.63496 1.73952 1.75765 1.77045 1.78326 1.79605 1.80885 1.89867 2.07890 2.24654 2.20494 2.16333 2.12858 2.12485 2.14990 2.67286 2.68846 2.68846 2.68846 2.68846 2.68846 2.68846 2.75976 3.18278 3.05290 0.00000 0.00000 0.00000 0.00000 0.00000 0.00000 0.00000 0.00000 0.00000 0.00000 0.00000 0.00000 0.00000 4.16780 4.16780 3.24643 2.71400 2.71400
1.66525 1.60694 1.53800 1.46898 1.40013 1.35181 1.35013 1.35013 1.35013 1.35013 1.35013 1.35013 1.35013 1.35400 1.38031 1.45764 1.71451 1.73789 1.86691 1.88429 1.80096 1.81332 1.81681 1.81681 1.81681 1.81681 1.79880 1.75731 1.71571 1.67408 1.65677 1.85465 2.10847 2.12485 2.12485 2.12485 2.12485 2.12485 2.50802 2.68846 2.68846 2.68846 2.68846 2.68846 2.68846 2.69157 3.13215 3.14196 2.31031 0.00000 0.00000 0.00000 0.00000 0.00000 0.00000 4.16780 4.16780 4.16780 4.16780 4.16780 4.16780 4.16780 4.13337 3.29781 2.39499 2.28673
1.04303 1.33900 1.35013 1.35013 1.35013 1.35385 1.38000 1.40987 1.43979 1.46991 1.49980 1.52965 1.55955 1.58553 1.58911 1.59174 2.07921 1.94607 1.94607 1.94371 1.82513 1.80914 1.77070 1.72910 1.68751 1.64591 1.62226 1.62216 1.62216 1.62216 1.62216 1.81214 2.03648 2.12485 2.12485 2.12485 2.12485 2.12485 2.33415 2.68846 2.68846 2.68616 2.64972 2.60190 2.55402 2.50618 2.87395 3.18278 3.08385 4.16780 4.16780 4.16780 4.16780 4.16780 4.16780 4.16780 4.16780 4.13874 3.79045 3.46067 3.21490 3.02567 2.88323 2.77363 2.13009 2.12915
0.596930 1.38166 1.49949 1.52937 1.55924 1.58538 1.58911 1.58911 1.58911 1.58911 1.58911 1.58911 1.58911 1.58911 1.58911 1.58911 1.99385 1.94226 1.93658 1.93091 1.75254 1.62538 1.62216 1.62216 1.62216 1.62216 1.62216 1.62216 1.62216 1.62216 1.62216 1.75133 1.96007 2.12485 2.12440 2.10117 2.06534 2.02943 2.05105 2.46547 2.41766 2.37217 2.36073 2.36073 2.29704 2.12779 2.15446 2.32098 2.64890 4.16780 4.16780 4.16780 4.15955 3.90082 3.61643 3.40723 3.19636 2.88570 2.85605 2.85605 2.85605 2.85605 2.85605 2.82238 2.20020 2.07417
0.00000 1.42329 1.58911 1.58911 1.58911 1.58911 1.58911 1.58911 1.58911 1.58911 1.58911 1.58911 1.58724 1.58000 1.57244 1.56489 1.82125 1.95401 1.92038 1.92038 1.81654 1.62216 1.62216 1.62216 1.62216 1.62216 1.62216 1.62216 1.62148 1.61978 1.61806 1.65290 1.72194 1.92678 1.89173 1.87905 1.87905 1.87905 1.86226 2.10082 2.01701 1.84612 1.67532 1.50453 1.39732 1.39578 1.43110 1.73535 2.05607 3.65800 3.43883 3.27186 3.14281 3.10601 3.10601 3.10601 3.10225 2.87335 2.85600 2.79782 2.70539 2.62962 2.56641 2.52813 2.25734 2.04223
0.00000 1.26936 1.58911 1.58911 1.58911 1.58911 1.58911 1.58890 1.58354 1.57598 1.56843 1.56086 1.55519 1.55486 1.55486 1.55486 1.60091 2.02511 1.92038 1.92038 1.90136 1.62748 1.62041 1.61869 1.61698 1.61526 1.61355 1.61183 1.61080 1.61079 1.61079 1.61045 1.60383 1.75145 1.66613 1.53796 1.40994 1.28184 1.17053 1.26919 1.39578 1.39578 1.39648 1.42030 1.46836 1.51116 1.54923 1.83690 1.91339 3.02250 3.10601 3.10601 3.10601 3.10601 3.10601 3.10601 3.10601 2.92575 2.55505 2.52683 2.52683 2.52683 2.52683 2.52683 2.39197 2.04223
0.00000 0.692795 1.55472 1.58688 1.57953 1.57197 1.56441 1.55706 1.55486 1.55486 1.55486 1.55486 1.55486 1.55486 1.55507 1.59222 1.65778 1.98090 1.91411 1.91240 1.91069 1.68796 1.61079 1.61079 1.61079 1.61079 1.61079 1.58797 1.47728 1.35763 1.23818 1.11866 0.995690 1.06676 1.16008 1.16753 1.17503 1.18252 1.21042 1.35347 1.53828 1.57511 1.60741 1.62319 1.62341 1.62341 1.62341 1.79012 1.92567 2.65341 3.10601 3.10601 3.10601 3.10601 3.10601 3.10601 3.10601 3.01740 2.58643 2.52683 2.52683 2.52683 2.52683 2.52683 2.50987 2.05890
0.00000 0.592249 1.45067 1.55506 1.55486 1.55486 1.55486 1.55486 1.56229 1.61846 1.68330 1.74806 1.81290 1.87774 1.94242 1.96998 1.96998 1.97861 1.90901 1.90901 1.90901 1.77770 1.54057 1.42105 1.30160 1.18155 1.05942 0.959843 0.948074 0.945129 0.942187 0.939242 0.933229 1.03183 1.30270 1.40213 1.50157 1.60101 1.68001 1.68538 1.62767 1.62341 1.62341 1.62341 1.62341 1.62341 1.62341 1.71246 1.92567 2.32282 3.10601 3.10601 3.10601 3.10601 3.10601 3.10601 3.10601 3.08801 2.68160 2.52683 2.52683 2.52683 2.52683 2.52683 2.52019 2.18933
0.00000 0.00000 1.43257 1.64461 1.70945 1.77421 1.83910 1.90398 1.96122 1.96998 1.96998 1.96998 1.96998 1.96998 1.96998 1.96998 1.96998 1.91877 1.69286 1.53653 1.41414 1.25146 0.941204 0.938143 0.935200 0.932662 0.932332 0.932332 0.932332 0.982562 1.08205 1.18141 1.27937 1.39824 1.67844 1.68638 1.68638 1.68638 1.68638 1.68638 1.64547 1.62341 1.62341 1.62341 1.62341 1.62341 1.62341 1.64587 1.92458 2.05355 3.10368 3.10601 3.10601 3.10601 3.10601 3.10601 3.10601 3.10601 2.85174 2.45972 2.35083 2.22766 2.08658 1.92348 1.74690 2.08130
0.00000 0.00000 1.97237 1.97316 1.96998 1.96998 1.96998 1.96998 1.96998 1.96280 1.94444 1.92601 1.90747 1.88897 1.87055 1.85200 1.83351 1.77214 1.31504 1.23055 1.23055 1.23055 0.982224 0.932332 0.955841 1.05039 1.14978 1.24926 1.34870 1.39786 1.39786 1.39786 1.39773 1.39383 1.62679 1.68638 1.68638 1.68638 1.68638 1.68638 1.66425 1.62341 1.62341 1.62341 1.62341 1.63832 1.67013 1.70191 1.89081 1.93575 2.93545 3.10601 3.10601 3.05812 2.94854 2.81477 2.64824 2.43497 1.93692 1.68932 1.70543 1.69432 1.68041 1.66658 1.65265 1.80608
0.00000 0.00000 1.83834 1.94337 1.90697 1.88854 1.87000 1.85149 1.83309 1.82169 1.82158 1.82158 1.82158 1.82158 1.82158 1.82158 1.82158 1.82158 1.40627 1.22972 1.21279 1.18743 1.18672 1.31704 1.39297 1.39786 1.39786 1.39786 1.39786 1.39786 1.39786 1.39786 1.39786 1.39354 1.54950 1.68638 1.68638 1.68638 1.69692 1.72816 1.75568 1.72976 1.76061 1.79244 1.82420 1.84112 1.84112 1.83489 1.84980 1.85724 2.31375 2.47920 2.21166 2.04421 2.04421 2.03639 1.85706 1.60781 1.35602 1.58030 1.63998 1.63719 1.63719 1.63719 1.63719 1.63910
0.00000 0.00000 0.00000 1.84567 1.82158 1.82158 1.82158 1.82158 1.82158 1.82158 1.82158 1.82158 1.82158 1.82158 1.82158 1.82634 1.84229 1.86139 1.53916 1.10840 1.09844 1.09844 1.18372 1.39786 1.39786 1.39786 1.39786 1.39786 1.39786 1.39786 1.39786 1.40512 1.44416 1.47565 1.57090 1.81869 1.85045 1.88226 1.90355 1.90409 1.90409 1.85508 1.81977 1.79277 1.76305 1.73008 1.69344 1.66351 1.67031 1.69903 1.82870 1.90075 1.65138 1.40189 1.15252 0.910858 0.840693 0.840693 0.841258 1.41832 1.63719 1.64084 1.77468 1.97332 2.17196 2.37060
0.00000 0.00000 0.00000 1.87396 1.82177 1.82158 1.82158 1.82158 1.82158 1.82158 1.82238 1.83433 1.85198 1.87292 1.89816 1.91831 1.91892 1.91892 1.73698 1.13123 1.09844 1.09844 1.10270 1.37936 1.39874 1.42782 1.47056 1.51326 1.55597 1.59868 1.64139 1.67683 1.68051 1.66770 1.63500 1.87810 1.89328 1.87021 1.84485 1.81684 1.78573 1.71551 1.66184 1.66184 1.66184 1.66184 1.63607 1.59582 1.55863 1.49080 1.36189 0.840693 0.840693 0.840693 0.840693 0.840693 0.840693 0.840693 0.840693 1.17143 2.14640 2.42056 2.48535 2.48535 2.48535 2.48535
0.00000 0.00000 0.00000 1.88847 1.83511 1.82158 1.82708 1.84331 1.86258 1.88564 1.91197 1.91892 1.91892 1.91892 1.91892 1.91892 1.91892 1.91892 1.86342 1.26720 1.23057 1.28751 1.34446 1.55675 1.66691 1.68051 1.68051 1.68051 1.68051 1.68051 1.68032 1.67904 1.67757 1.67580 1.61210 1.73374 1.74581 1.74837 1.78446 1.83092 1.87742 1.88828 1.78446 1.74783 1.71117 1.67442 1.66356 1.66711 1.66711 1.69524 1.67760 0.856316 0.840693 0.840693 0.840693 0.840693 0.840693 0.840693 0.840693 1.00475 2.17825 2.48535 2.48535 2.48535 2.48535 2.48535
0.00000 0.00000 0.00000 1.83762 1.88784 1.89977 1.91863 1.91892 1.91892 1.91892 1.91892 1.91791 1.88116 1.82656 1.77200 1.71743 1.66280 1.60823 1.57079 1.64642 1.47530 1.47530 1.47530 1.55687 1.68051 1.67980 1.67834 1.67687 1.67540 1.67547 1.67857 1.68283 1.68727 1.69171 1.64991 1.87322 2.09123 2.06192 1.98190 1.89157 1.80120 1.73323 1.67588 1.66711 1.66711 1.66711 1.66711 1.66711 1.66711 1.68386 1.70693 1.11620 0.840693 0.840693 0.840693 0.840693 0.840693 0.840693 0.840693 0.860421 1.81323 2.48535 2.49200 2.54689 2.56931 2.48535
0.00000 0.00000 0.00000 0.00000 1.91222 1.90942 1.85943 1.80487 1.75023 1.69570 1.64110 1.58748 1.56960 1.56960 1.56960 1.56960 1.56960 1.56960 1.56960 1.70748 1.47359 1.47583 1.47979 1.49828 1.68623 1.69351 1.69796 1.70240 1.70684 1.70975 1.70981 1.70969 1.67160 1.60382 1.50860 1.57988 1.74522 1.72935 1.72935 1.72935 1.72935 1.72935 1.69439 1.66711 1.66711 1.66711 1.66711 1.66711 1.66711 1.67466 1.70693 1.36603 0.840693 0.840693 0.840693 0.892881 1.17649 1.42847 1.63043 1.79624 2.17727 2.75854 2.81083 2.81573 2.79191 2.48600
0.00000 0.00000 0.00000 0.00000 1.57335 1.57417 1.56960 1.56960 1.56960 1.56960 1.56960 1.56960 1.57029 1.58623 1.68563 1.94523 2.17175 2.36557 2.53340 2.73096 1.70688 1.51438 1.51438 1.51438 1.66754 1.70981 1.70981 1.69110 1.62557 1.55779 1.49001 1.42236 1.39264 1.39264 1.38395 1.40987 1.72099 1.72935 1.72935 1.72935 1.72935 1.72935 1.71286 1.66711 1.66711 1.66711 1.66711 1.66711 1.66951 1.68395 1.92004 1.94485 1.81089 1.94689 2.06258 2.14856 2.15859 2.15859 2.15859 2.15859 2.27405 2.70752 2.81573 2.81945 2.86412 2.69348
0.00000 0.00000 0.00000 0.00000 1.45931 1.58559 1.60802 1.63038 1.65291 1.81932 2.06944 2.28142 2.46285 2.60970 2.70113 2.70503 2.70503 2.70503 2.70503 2.71184 2.09215 1.51438 1.51429 1.51325 1.54733 1.51174 1.44399 1.39486 1.39264 1.39264 1.39264 1.39264 1.39264 1.39264 1.39264 1.34058 1.69646 1.72935 1.72935 1.72935 1.72935 1.73057 1.74132 1.69870 1.71006 1.72484 1.73964 1.75440 1.76678 1.76814 2.15674 2.28937 2.15962 2.15859 2.15859 2.15859 2.15859 2.15859 2.15978 2.18547 2.25850 2.73272 2.92303 2.93770 2.91897 2.80284
0.00000 0.00000 0.00000 0.00000 4.49668 2.20578 2.35575 2.51247 2.64883 2.70503 2.70503 2.70503 2.70503 2.70503 2.70503 2.70503 2.70503 2.70503 2.67067 2.59270 2.28838 1.51059 1.50980 1.50964 1.49440 1.39272 1.39264 1.39264 1.39264 1.39264 1.39264 1.39264 1.39264 1.39264 1.39137 1.34226 1.62230 1.76988 1.78466 1.79943 1.81422 1.82779 1.83039 1.78864 1.76814 1.76814 1.76814 1.76814 1.76814 1.76814 2.01757 2.29678 2.19154 2.15877 2.17794 2.20974 2.25641 2.28452 2.30798 2.31400 2.31402 2.62596 2.89420 2.90096 2.89722 2.78550
0.00000 0.00000 0.00000 0.00000 4.62084 3.01486 2.70500 2.69179 2.70503 2.70503 2.70503 2.70503 2.70503 2.69706 2.62805 2.55502 2.49093 2.43407 2.40292 2.40262 2.41432 1.53632 1.50964 1.50964 1.50964 1.41280 1.39264 1.39264 1.37289 1.32007 1.26664 1.21325 1.15982 1.10646 1.05435 1.15610 1.58423 1.82208 1.83039 1.83039 1.83039 1.83039 1.83039 1.80710 1.76814 1.76814 1.76814 1.76814 1.76814 1.77754 1.90280 2.31907 2.29055 2.29968 2.31231 2.31231 2.31371 2.31402 2.31402 2.31402 2.30454 2.42719 2.68252 2.67916 2.61111 2.57802
0.00000 2.23935 2.23935 2.23935 2.87019 3.06343 2.59650 2.58932 2.69235 2.66559 2.58791 2.51987 2.45981 2.41098 2.40262 2.40262 2.40262 2.40262 2.40262 2.40262 2.43650 1.75441 1.45628 1.40289 1.34950 1.23455 1.12571 1.07229 1.03864 1.03811 1.03811 1.03811 1.03811 1.03573 1.01217 1.00968 1.46385 1.82337 1.83039 1.83039 1.83039 1.82728 1.80597 1.77640 1.70213 1.69805 1.69502 1.69198 1.68894 1.67651 1.66449 2.15151 2.21811 2.31231 2.31231 2.31231 2.29539 2.24177 2.18905 2.14307 2.10810 2.16754 2.45944 2.59473 2.59473 2.59473
2.23935 2.23935 2.23935 2.23935 2.24718 3.20621 2.54977 2.43386 2.41418 2.40267 2.40262 2.40262 2.40262 2.40262 2.40262 2.39334 2.37097 2.34851 2.32603 2.30356 2.28169 1.71128 1.15510 1.15510 1.15510 1.12885 1.03811 1.03811 1.02712 0.997830 0.965354 0.929388 0.889560 0.879392 0.923531 0.975308 1.42388 1.71881 1.68988 1.67175 1.69609 1.73173 1.78559 1.84234 1.70610 1.65758 1.65758 1.65758 1.65758 1.65758 1.65758 2.01829 2.17549 2.19790 2.12961 2.07292 2.05250 2.10388 2.10388 2.10388 2.10388 2.10722 2.37464 2.59188 2.59473 2.59473
2.23935 2.23935 2.23935 2.23935 2.23935 3.14156 2.64023 2.37207 2.37886 2.38466 2.36220 2.33973 2.31726 2.29479 2.27235 2.25914 2.25906 2.25906 2.25906 2.25906 2.25906 2.00651 1.15362 1.13546 1.11590 1.12672 1.01731 1.01832 1.04770 1.09935 1.15122 1.20308 1.25464 1.27552 1.27614 1.31225 1.62467 1.80295 1.82439 1.87510 1.88327 1.88327 1.88327 1.88327 1.77416 1.65758 1.65758 1.65758 1.65125 1.63843 1.62732 1.79111 2.00864 2.02791 2.03270 2.03270 2.03321 2.09898 2.10379 2.08880 2.06318 2.03754 2.18835 2.42392 2.45154 2.42592
2.23935 2.23935 2.25064 2.30503 2.35120 2.78175 2.74918 2.31556 2.25982 2.25900 2.25906 2.25906 2.17197 2.14722 2.13721 2.12735 2.11112 2.05091 1.93406 1.81522 1.69783 1.57090 1.28280 1.25477 1.28763 1.28781 1.20297 1.15016 1.14592 1.14184 1.15342 1.19361 1.23381 1.27339 1.31201 1.32276 1.41587 1.62416 1.65500 1.88327 1.88327 1.88327 1.88327 1.88317 1.82493 1.63683 1.62593 1.61639 1.61156 1.61155 1.61155 1.67345 1.99084 1.97073 1.94143 1.90727 1.87308 1.92267 1.93305 1.92242 1.92242 1.92242 2.01816 2.29278 2.41327 2.41327
2.42170 2.44481 2.46131 2.46301 2.46301 2.51923 2.90081 2.34712 2.24999 2.21807 2.17721 2.13753 1.83636 1.66771 1.56930 1.47073 1.37782 1.32390 1.32047 1.32047 1.32460 1.35801 1.43458 1.37821 1.42291 1.40437 1.26204 1.19175 1.23433 1.27690 1.30478 1.30540 1.30540 1.30540 1.30540 1.30540 1.31797 1.62826 1.59783 1.88327 1.88327 1.88317 1.81295 1.78896 1.78041 1.63943 1.63667 1.65310 1.66951 1.68593 1.70236 1.71866 1.81567 1.81602 1.79075 1.79075 1.79075 1.84680 1.92242 1.92242 1.92242 1.92521 1.98265 2.35962 2.63061 2.70874
