High_resolution/powerplant/Chizhou/OMI_NO2_200605.asc
ncols      200
nrows      200
xllcorner       115.585
yllcorner       28.7700
cellsize     0.0166667
NODATA_Value      -999.000
[rows 58 to 86 of 188, columns 0 to 66 of 200]
2.72754 2.88663 2.66222 2.37141 2.10046 2.08853 2.08853 2.08853 2.08853 2.08853 2.08853 2.05992 1.99451 1.99966 2.01342 2.03155 2.05770 2.08035 2.05164 1.87322 1.67451 1.60769 1.58911 1.57227 1.62319 1.80496 1.96543 2.11481 2.24429 2.27595 2.28276 2.28276 2.28276 2.46753 2.52829 2.51553 2.48243 2.44952 2.41653 2.36516 2.32035 2.28433 2.24614 2.20032 1.55202 1.40236 1.45173 2.02070 2.18814 2.44719 2.57191 2.57709 2.58978 2.60385 2.61932 2.62845 2.62847 2.62847 2.62847 2.61972 2.57272 2.52127 2.46978 2.42633 2.30861 2.69327 2.85882
3.13283 3.13283 2.98866 2.39275 2.16233 2.08853 2.08853 2.08853 2.09124 2.10980 2.13615 2.15880 2.09823 2.11604 2.12861 2.13685 2.13704 2.13704 2.20604 2.15790 1.96880 1.54282 1.53763 1.87847 2.21504 2.27211 2.27211 2.27211 2.27211 2.27287 2.25693 2.21806 2.18130 2.28023 2.34052 2.28518 2.24738 2.20721 2.16488 2.14683 2.14683 2.14685 2.14690 2.14696 1.75149 1.47159 1.54805 1.97529 2.14925 2.44992 2.58173 2.62825 2.62847 2.62847 2.62847 2.62272 2.57839 2.52689 2.47543 2.43272 2.42823 2.42823 2.43822 2.49385 2.46497 2.54249 2.68583
3.13283 3.13283 3.13063 2.47895 2.25372 2.14693 2.17327 2.19962 2.22326 2.23106 2.23106 2.23106 2.16509 2.13704 2.16838 2.33021 2.50709 2.68358 2.78539 2.63805 2.38393 1.55101 1.53763 1.74304 2.21522 2.26318 2.26776 2.28120 2.30332 2.32552 2.22241 2.20900 2.23260 2.23764 2.23224 2.14836 2.14683 2.14686 2.14692 2.14697 2.14703 2.14706 2.14706 2.14610 1.95363 1.43923 1.49685 1.70988 2.11912 2.36108 2.55055 2.62506 2.58399 2.53255 2.48297 2.48067 2.53644 2.60296 2.67311 2.74766 2.82684 2.91098 2.98515 2.96973 2.85573 2.50531 2.33512
3.13283 3.13283 3.13283 2.68884 2.40038 2.23106 2.23106 2.23106 2.23106 2.23106 2.23742 2.36661 2.50576 2.62583 2.77137 2.78591 2.78591 2.78591 2.78591 2.71773 2.46758 1.79160 1.57365 1.61510 2.25154 2.34472 2.39496 2.40366 2.40366 2.40366 2.32561 2.23764 2.23764 2.23768 2.23774 2.16855 2.14704 2.14706 2.14706 2.14673 2.14140 2.13436 2.12732 2.12124 2.07587 1.44697 1.46781 1.53508 2.09978 2.18906 2.44640 2.73436 2.80016 2.88265 2.96757 2.99311 2.99311 2.99311 2.96274 2.89938 2.82901 2.75034 2.66167 2.60329 2.60272 2.52215 2.14856
3.13283 3.13283 3.13283 2.94495 2.45080 2.24966 2.23106 2.30931 2.48561 2.66229 2.83256 2.87992 2.87018 2.78631 2.78591 2.79251 2.82184 2.85304 2.88422 2.88866 2.65501 2.24754 1.69549 1.69549 2.13634 2.36041 2.40366 2.40366 2.40366 2.40371 2.37495 2.23780 2.23786 2.23787 2.23787 2.19402 2.14294 2.13591 2.12886 2.12210 2.07337 1.97531 1.87722 1.77915 1.70400 1.48912 1.38953 1.43299 1.90225 2.04632 2.32134 2.98214 2.99258 2.95536 2.89124 2.81992 2.74006 2.65026 2.60272 2.60272 2.59989 2.59355 2.58213 2.56782 2.55069 2.52939 2.14860
3.13283 3.13283 3.13283 3.20925 2.77032 2.70450 2.78110 2.87966 2.87992 2.88131 2.90829 2.95691 3.00945 2.94042 2.93838 2.96299 2.96487 2.96487 2.96487 2.96459 2.73742 2.54160 1.70887 1.69549 1.95480 2.43850 2.42006 2.40383 2.40388 2.40388 2.40372 2.25849 2.23778 2.26469 2.30233 2.28891 2.02640 1.92838 1.83030 1.73226 1.68123 1.68119 1.68119 1.68119 1.68119 1.57484 1.36456 1.43254 1.66489 1.84301 1.91085 2.60127 2.63952 2.60263 2.59886 2.59322 2.58758 2.57928 2.56550 2.54912 2.53322 2.51972 2.51293 2.50766 2.50339 2.50006 2.17548
3.48062 3.92250 4.36357 4.72223 3.69516 3.15978 2.97352 3.02604 3.07853 3.12968 3.15521 3.15906 3.15906 3.06206 2.96487 2.96487 2.96487 2.96487 2.96487 2.96487 2.86567 2.73840 2.14633 1.98849 2.07928 2.63028 2.54321 2.49747 2.54797 2.59548 2.64506 2.57277 2.44620 2.34895 2.23958 2.12229 1.69939 1.68119 1.68119 1.68119 1.68119 1.68119 1.68123 1.68252 1.68451 1.66361 1.32248 1.36187 1.36864 1.34419 1.49121 2.21706 2.57499 2.56352 2.55219 2.54106 2.52757 2.51782 2.51356 2.50816 2.50379 2.50030 2.49940 2.49940 2.50803 2.62473 2.27183
4.75500 4.76542 4.80703 4.85074 4.33701 3.54617 3.16007 3.15906 3.15906 3.15906 3.15906 3.15906 3.15906 3.11999 2.96487 2.96487 3.00953 3.09588 3.18187 3.26450 3.25752 3.19020 2.88000 2.31833 2.38145 2.89877 2.98379 2.74225 2.62960 2.51980 2.41039 2.25762 2.10064 2.10064 2.10064 2.10064 1.78992 1.68122 1.68247 1.68446 1.68660 1.68899 1.69358 1.69752 1.70063 1.70372 1.42832 1.35120 1.38818 1.23844 1.12510 1.81118 2.52207 2.51779 2.51419 2.50867 2.50421 2.50058 2.49940 2.49940 2.53915 2.67759 2.78314 2.83308 2.87028 2.83342 2.34108
4.92408 4.95734 4.95945 4.95945 4.90060 3.65061 3.22369 3.15906 3.15906 3.15906 3.15906 3.15974 3.21107 3.29209 3.20046 3.26256 3.29975 3.29525 3.29116 3.29042 3.27840 3.30251 3.18708 2.47678 2.55524 2.70119 2.66096 2.31740 2.29986 2.29986 2.29986 2.29372 2.10963 2.11340 2.13447 2.15735 1.94169 1.69657 1.70060 1.70369 1.70677 1.70977 1.71066 1.71066 1.77230 1.91163 1.93179 1.88350 1.03052 0.769291 0.808639 1.49068 2.46776 2.50090 2.49940 2.50010 2.59048 2.72765 2.83264 2.88029 2.89495 2.83971 2.79837 2.79689 2.79689 2.79689 2.58723
4.95945 4.95945 4.95945 4.95945 4.95945 3.88698 3.32909 3.15026 3.20902 3.29091 3.37281 3.45402 3.48461 3.48461 3.36726 3.29042 3.29042 3.23523 3.07523 2.94484 2.84948 2.85913 3.08986 2.85518 2.76181 2.74857 2.59010 2.39569 2.30196 2.30622 2.31241 2.32033 2.25912 2.23532 2.23988 2.24435 2.13179 1.71106 1.71066 1.71314 1.80682 1.94609 2.08548 2.22475 2.30256 2.30279 2.30433 2.21587 1.68920 1.37775 1.29745 1.47997 2.49392 2.77530 2.87901 2.92494 2.90538 2.84603 2.80008 2.79689 2.79689 2.79689 2.79689 2.79689 2.79689 2.79689 2.75857
4.95945 4.95945 4.95945 4.95945 4.95945 4.34166 3.73623 3.46144 3.48461 3.48461 3.48461 3.48461 3.48461 3.46442 3.26336 3.00293 2.90386 2.86211 2.91269 2.93509 2.93509 2.90718 3.11920 2.97553 2.76871 2.77659 2.65416 2.51683 2.33628 2.33993 2.34166 2.34166 2.30878 2.24577 2.24577 2.26243 2.40335 2.02810 2.12024 2.25708 2.30279 2.30279 2.31648 2.40538 2.50568 2.60593 2.67871 2.60325 2.40392 2.02235 1.97463 2.16636 2.63760 2.85234 2.80253 2.79689 2.79689 2.79689 2.79689 2.79689 2.79689 2.83172 2.89989 2.96226 3.01929 3.07191 3.07684
4.95945 4.95945 4.95945 4.95945 4.95945 4.81129 4.02403 3.49374 3.48461 3.48210 3.37654 3.24723 3.13798 3.05559 3.07565 2.94054 2.93509 2.93509 2.93223 2.91436 2.89432 2.86026 3.10266 3.12723 2.80807 2.80361 2.72781 2.61208 2.34819 2.34166 2.34166 2.37446 2.50251 2.62684 2.80090 2.95841 2.98595 2.50702 2.30746 2.38350 2.48377 2.58405 2.67053 2.67842 2.71734 2.76886 2.83057 3.13535 3.34385 2.94533 2.77668 2.76519 2.65609 2.79459 2.79689 2.79732 2.84105 2.90843 2.97001 3.02649 3.07845 3.10409 3.10409 3.10433 3.10514 3.10597 3.10680
4.95945 4.95945 4.95945 4.95945 4.95945 4.95945 4.07472 3.40188 3.19168 3.09202 3.08651 3.09691 3.09654 3.08050 3.05273 2.92062 2.85887 2.83883 2.82168 2.81955 2.81955 2.81966 3.01664 3.16101 2.89593 2.80361 2.78203 2.58989 2.51906 2.68096 2.82023 2.92693 2.93380 2.97374 2.98642 3.05946 3.14577 2.95797 2.83265 2.92427 2.99706 3.08500 3.19333 3.29916 3.30874 3.30874 3.30874 3.39098 3.63481 3.22604 2.91460 2.83699 2.84851 2.93818 3.03357 3.08470 3.10409 3.10447 3.10530 3.10614 3.10697 3.10780 3.10863 3.10923 3.11881 3.19927 3.29393
4.95945 4.95945 4.90316 4.54212 4.13614 3.82092 3.53794 3.26082 3.06610 3.03960 3.01089 2.98214 2.95379 2.94111 2.94017 2.89067 2.81955 2.81955 2.81955 2.81955 2.81955 2.81955 2.92776 3.10865 2.86315 2.55423 2.45571 2.25611 2.51399 2.89858 2.83348 2.80729 2.83827 2.88288 2.92992 2.88511 2.82114 2.88285 3.31707 3.30874 3.30874 3.30874 3.30874 3.30874 3.30874 3.30874 3.30874 3.31026 3.60658 3.40493 3.08058 3.15652 3.14518 3.03104 3.10714 3.10797 3.10880 3.10925 3.10925 3.10925 3.11493 3.18949 3.28423 3.37888 3.46404 3.47832 3.47832
4.26784 3.85234 3.36849 3.17371 3.04017 3.09673 3.18351 3.20165 2.94242 2.94017 2.94017 2.94017 2.94017 2.94017 2.94017 2.92641 2.81982 2.81955 2.81846 2.76513 2.68303 2.60097 2.54988 2.65592 2.56803 2.22375 2.17678 2.07960 2.10904 2.70292 2.78235 2.81722 2.79831 2.77905 2.76616 2.76398 2.76398 2.76511 3.27822 3.30874 3.30874 3.30874 3.30874 3.30874 3.30874 3.30797 3.30650 3.30517 3.51617 3.55000 3.08414 3.13349 3.15085 3.03954 3.10925 3.10925 3.11209 3.17971 3.27441 3.36915 3.45813 3.47832 3.47832 3.46088 3.40592 3.39957 3.45213
2.87349 2.77486 2.74316 2.73285 2.72533 2.79068 3.08215 3.25181 2.95448 2.94017 2.94017 2.94017 2.94017 2.94017 2.93661 2.87958 2.71070 2.61749 2.54786 2.53051 2.54192 2.55330 2.55949 2.41873 2.44972 2.31393 2.32982 2.37054 2.13210 2.62279 2.75642 2.75622 2.75622 2.75627 2.76312 2.76398 2.76398 2.76398 3.11660 3.30799 3.30659 3.30519 3.30379 3.30240 3.30101 3.30038 3.30012 3.21037 3.17572 3.33952 3.08867 3.12393 3.15195 3.13913 3.25473 3.35933 3.45127 3.47832 3.47725 3.44079 3.38284 3.36322 3.41395 3.49303 3.61677 3.67990 3.67990
2.72497 2.72497 2.72497 2.72497 2.72497 2.72497 3.03217 3.20409 3.03189 2.95407 2.95805 2.90090 2.83015 2.75947 2.69235 2.67870 2.61664 2.55813 2.55813 2.55828 2.60457 2.68761 2.77773 2.76840 2.70976 2.60167 2.43888 2.43855 2.10522 2.38135 2.75622 2.75547 2.75411 2.74908 2.74311 2.73479 2.72243 2.71006 2.91402 3.30038 3.30038 3.30038 3.29232 3.16550 2.97476 2.74553 2.46579 2.32172 2.34576 3.07299 3.14593 3.27067 3.56850 3.59403 3.42335 3.41898 3.35882 3.32685 3.37572 3.47813 3.60289 3.67903 3.67990 3.67990 3.67990 3.67990 3.67990
2.72497 2.71852 2.63116 2.52775 2.43351 2.34712 2.49409 2.64925 2.73306 2.76696 2.69229 2.67876 2.67876 2.67876 2.67876 2.67876 2.67520 2.66127 2.75239 2.84571 2.89283 2.90326 2.90657 2.85757 2.72498 2.69822 2.44121 2.43546 2.22339 2.13300 2.71888 2.70838 2.69849 2.69226 2.69215 2.69210 2.69210 2.69210 2.73456 3.13535 2.91865 2.67753 2.39835 2.32172 2.32172 2.33877 2.39891 2.46104 2.52325 3.06091 3.19064 3.08251 3.42430 3.36490 3.26412 3.46421 3.58901 3.67670 3.67990 3.67990 3.67990 3.67990 3.67990 3.67990 3.67117 3.65249 3.63380
2.22188 2.15587 2.14089 2.14089 2.14089 2.14089 2.23381 2.55154 2.53115 2.67876 2.67876 2.67876 2.68591 2.75568 2.84774 2.94118 3.01118 2.91512 2.90657 2.90657 2.90657 2.90685 2.91081 2.90445 2.70088 2.68737 2.46336 2.38593 2.29929 1.98070 2.58447 2.69216 2.69216 2.69216 2.64750 2.47289 2.28206 2.06497 1.85956 2.27282 2.32172 2.33026 2.38541 2.44757 2.50968 2.55484 2.55691 2.55691 2.55691 2.58569 2.55691 2.55691 3.09545 3.27857 3.39291 3.67990 3.67990 3.67990 3.67982 3.66885 3.65014 3.63147 3.61276 3.59408 3.58411 3.58410 3.57981
2.14089 2.14089 2.14089 2.14089 2.14089 2.14089 2.14190 2.50068 2.52851 2.70971 2.82246 2.91593 3.00219 3.02580 3.02720 3.02721 3.02662 2.94817 2.91982 2.92473 2.92965 2.93429 2.93525 2.93376 2.72150 2.67159 2.55192 2.38549 2.38117 2.01899 2.32137 2.48229 2.33381 2.16870 2.05286 1.90528 1.83690 1.83885 1.87036 2.21655 2.49616 2.54987 2.55691 2.55691 2.55691 2.55691 2.55691 2.55691 2.55691 2.55691 2.55691 2.55691 2.89119 3.27799 3.27504 3.61610 3.62912 3.61043 3.59181 3.58410 3.57645 3.55035 3.52343 3.49648 3.46955 3.44263 3.42000
2.14089 2.14089 2.14089 2.14089 2.14089 2.17750 2.29838 2.65136 2.91114 2.95036 3.02870 3.03410 3.01685 2.98632 2.95583 2.92530 2.89537 2.90470 2.93525 2.93525 2.93525 2.93525 2.93525 2.93525 2.79051 2.67243 2.66966 2.45040 2.48407 2.30224 2.13996 2.05078 2.04860 2.03644 2.04112 1.97926 1.87077 1.89220 1.88409 2.08508 2.55972 2.55691 2.55691 2.55691 2.55691 2.55691 2.55691 2.55691 2.55691 2.55691 2.55691 2.55691 2.63521 3.14776 3.16551 3.44768 3.51831 3.49138 3.46445 3.43751 3.41825 3.41743 3.41743 3.42949 3.49969 3.57770 3.65564
2.14089 2.15322 2.25816 2.38228 2.50737 2.62158 2.66335 2.78217 3.01448 2.86813 2.93932 2.90342 2.89017 2.89017 2.89017 2.89017 2.89017 2.89246 2.93410 2.93525 2.93525 2.93736 2.96579 3.00211 2.96421 2.80823 2.81085 2.58581 2.50668 2.39401 2.11326 2.02394 2.02965 2.05934 2.07221 2.04774 1.86548 1.86548 1.86548 1.91749 2.59456 2.55691 2.55691 2.55691 2.55691 2.55691 2.55691 2.55691 2.57793 2.63189 2.68623 2.74106 2.79541 3.25165 3.36800 3.39829 3.41743 3.41743 3.41743 3.42545 3.49185 3.56977 3.64765 3.71365 3.72131 3.72131 3.72131
2.51154 2.66185 2.71225 2.70243 2.68511 2.64209 2.58724 2.55669 2.89514 2.78718 2.88995 2.89017 2.89017 2.89017 2.89017 2.89017 2.89017 2.89411 2.95503 2.98370 2.99750 3.00920 2.99455 2.97208 2.93787 2.76263 2.75156 2.62670 2.51321 2.46474 2.18014 2.12049 2.07221 2.07221 2.07221 2.07221 1.90287 1.86548 1.86548 1.86548 2.44486 2.55691 2.57695 2.63081 2.68512 2.73992 2.79436 2.84868 2.88248 2.88291 2.88291 2.88291 2.88291 3.14695 3.36817 3.38059 3.48321 3.56180 3.63984 3.70967 3.72131 3.72131 3.72131 3.72180 3.78901 3.90317 4.01732
2.65778 2.60470 2.55702 2.55052 2.55052 2.55052 2.55052 2.55052 2.79681 2.83781 2.85691 2.88870 2.87080 2.85470 2.86546 2.87925 2.89305 2.90291 2.90806 2.93111 2.93111 2.93111 2.92979 2.90742 2.87302 2.65118 2.50493 2.40425 2.20751 2.17757 2.17757 2.15227 2.07221 2.07206 2.04252 1.99114 1.90795 1.90857 1.94398 1.97933 2.42464 2.84757 2.88232 2.88291 2.88291 2.88291 2.88291 2.88291 2.88291 2.88291 2.88291 2.88152 2.82615 2.87012 3.60906 3.75163 3.72743 3.72131 3.72131 3.72131 3.77654 3.89060 4.00475 4.11841 4.16530 4.16530 4.16530
2.38958 2.55052 2.55052 2.55052 2.55052 2.58593 2.65452 2.72306 2.90251 3.13537 2.88632 2.82139 2.85307 2.88300 2.88602 2.88602 2.88602 2.88602 2.89208 2.91691 2.87878 2.79071 2.68877 2.60150 2.52147 2.40018 2.29608 2.29608 2.20551 2.16092 2.12321 2.09854 1.96066 1.92705 1.93171 1.95822 1.99794 2.07158 2.07158 2.07158 2.29236 2.89487 2.88291 2.88291 2.88291 2.88291 2.88291 2.88291 2.84441 2.76135 2.67820 2.59639 2.56865 2.57634 3.49279 3.77335 3.77846 3.87804 3.99219 4.10638 4.16530 4.16530 4.16530 4.16530 4.16530 4.16530 4.16530
2.26045 2.76513 2.83362 2.90221 2.97075 2.99106 2.94466 2.90151 2.87220 3.08096 3.02182 2.88602 2.88602 2.88602 2.88602 2.87961 2.83800 2.74436 2.63836 2.58205 2.51497 2.50470 2.50470 2.50470 2.49499 2.42160 2.24451 2.22461 2.15299 2.08296 2.10078 2.10295 2.02795 1.97893 1.97893 1.97893 1.98074 2.06556 2.07158 2.07158 2.11110 2.92140 2.88291 2.88291 2.86003 2.77964 2.69649 2.61337 2.56871 2.56865 2.56865 2.56865 2.63203 2.88174 3.48494 4.03011 4.06242 4.16306 4.16530 4.16530 4.16530 4.16548 4.21736 4.30955 4.40170 4.49389 4.58604
2.36671 2.99266 2.94459 2.90131 2.86247 2.83572 2.83420 2.83420 2.83420 3.01819 3.06489 2.88731 2.84150 2.74508 2.63845 2.52932 2.45615 2.45060 2.45060 2.48204 2.48793 2.46457 2.44126 2.41790 2.40430 2.40318 2.23251 2.22146 2.20815 2.10357 2.10295 2.10295 2.06638 1.97893 1.97893 1.97893 1.97893 2.03610 2.07158 2.07158 2.06402 2.63304 2.71478 2.63169 2.57141 2.56865 2.56865 2.56865 2.59698 2.82911 3.05336 3.23481 3.35605 3.36508 3.44984 4.04333 4.06959 4.18610 4.32200 4.41410 4.50634 4.59825 4.63857 4.64731 4.71083 4.78400 4.85708
2.19738 2.74226 2.83420 2.83420 2.83420 2.83420 2.83420 2.83420 2.81585 2.85386 2.84660 2.57698 2.45272 2.45386 2.46922 2.45489 2.42630 2.39767 2.36903 2.35650 2.40662 2.40662 2.40662 2.40662 2.40662 2.40662 2.27832 2.22146 2.22322 2.15223 2.15300 2.17988 2.19522 1.98609 1.97893 1.97954 2.01963 2.09898 2.23528 2.28905 2.35904 2.60492 2.56884 2.56865 2.57556 2.77374 3.00893 3.19871 3.34164 3.36508 3.36508 3.36508 3.36508 3.36508 3.39032 4.22960 4.51333 4.57289 4.72441 4.79757 4.87074 4.94386 5.01703 5.08147 5.09106 5.09106 5.06802
2.19463 2.55315 2.83420 2.83420 2.82559 2.79172 2.75619 2.72080 2.71198 2.72513 2.70862 2.55856 2.42412 2.39218 2.34825 2.33392 2.33392 2.33392 2.33392 2.33499 2.40152 2.40662 2.40662 2.40662 2.40987 2.43326 2.38118 2.30188 2.32862 2.32448 2.32173 2.38949 2.46138 2.38831 2.37024 2.41955 2.40758 2.41779 2.73825 2.74063 2.74063 2.87674 2.98616 3.16094 3.32009 3.36508 3.36508 3.36508 3.36508 3.36508 3.36508 3.37706 3.42756 3.48094 3.53439 4.24878 4.74983 4.84533 5.09003 5.09106 5.09106 5.09106 5.07415 4.99602 4.91234 4.82871 4.76797
