High_resolution/powerplant/Chizhou/OMI_NO2_2008_06-08.asc
ncols      200
nrows      200
xllcorner       115.585
yllcorner       28.7700
cellsize     0.0166667
NODATA_Value      -999.000
[rows 0 to 27 of 165, columns 128 to 191 of 200]
3.60347 3.66282 3.77467 3.79870 3.97973 4.03216 4.08297 4.09684 4.02055 4.08829 4.11824 3.95473 3.76688 3.85944 3.85944 3.85944 4.80506 5.93637 6.28574 7.08802 7.78667 7.78642 7.76441 7.01995 7.18434 7.41507 6.30466 6.86616 6.61463 6.65735 6.02559 5.81529 5.86149 5.82951 5.84023 5.86553 5.89008 6.90777 6.96562 6.81784 6.53345 5.03976 4.55245 4.35395 3.70438 3.65676 3.77188 4.11709 4.52909 4.59272 4.66999 3.87129 3.87881 4.33814 4.04740 4.38753 4.40404 4.96322 4.96926 5.79372 6.19755 6.54330 6.72465 6.87286
3.67160 3.69417 3.80253 3.76213 3.95981 3.99179 4.16838 4.17714 4.04967 4.03739 4.03477 3.90655 3.84630 3.84295 3.82206 3.80499 4.48179 5.39084 5.51404 5.74203 6.71533 6.76612 6.54316 5.98785 6.11409 6.37858 5.34450 5.71959 5.59823 5.75459 5.26803 5.26725 5.42001 5.51419 5.58068 5.61156 5.60224 6.23242 6.59481 6.53474 6.23210 5.17684 4.44239 4.46247 3.80052 3.88216 3.96833 4.15392 4.45438 4.57659 4.61226 4.23473 3.87784 4.46707 4.39417 5.06308 5.09076 5.76149 5.53793 6.11233 5.56961 5.62615 5.73482 5.73482
3.75061 3.74003 3.83215 3.73731 3.94882 3.95571 4.09730 4.12435 4.06168 3.93763 3.91916 3.83267 3.75589 3.69330 3.54994 3.49226 3.55126 4.55237 4.75527 5.00070 5.69046 5.94498 5.94293 5.57384 5.63818 5.93360 5.07831 5.65503 5.47401 5.71216 5.24566 5.23645 5.38092 5.34017 5.52669 5.58248 5.72843 5.81642 6.16814 5.54194 5.03487 4.86433 4.80190 4.69700 4.03366 3.97815 4.00391 4.06160 4.36646 4.83074 5.14809 5.19886 4.74999 5.31463 5.15182 5.57493 5.36238 5.73459 5.38725 5.72589 5.16049 6.52290 6.53646 6.53030
3.88568 3.84083 3.91011 3.81497 3.99141 4.01402 4.04625 3.96963 3.88906 3.78564 3.73878 3.66097 3.65606 3.66770 3.50185 3.53565 3.57121 4.55964 4.92805 5.15618 5.72142 5.89117 5.91980 5.47098 5.49210 5.88138 5.04088 5.62232 5.42478 5.65470 5.18311 5.16818 5.23583 4.86666 4.79972 4.45024 4.23686 4.29786 5.04889 5.05021 5.10326 5.04153 4.82959 4.75635 4.45174 4.48757 4.74329 4.57935 5.07560 5.81205 6.09758 6.20968 5.40083 5.57991 5.30025 5.62946 5.39151 5.73005 5.42742 5.74316 5.08731 6.57845 6.66237 6.69514
4.00906 3.94421 4.01546 3.91821 4.07711 4.14200 4.12719 3.84410 3.84998 3.82486 3.80760 3.78382 3.80458 3.85022 3.64236 3.60709 3.60107 4.14793 4.87606 5.10911 5.58731 5.81642 5.82849 5.74156 5.68535 6.15353 5.41142 5.77965 5.54966 5.40610 4.68047 4.23618 4.12885 4.02691 4.14171 4.20727 4.31719 4.31810 5.12357 5.31649 5.34077 5.33516 5.58235 5.36860 5.49502 5.25735 5.49679 5.09285 5.59459 6.30419 6.61897 6.60394 6.50715 5.59747 4.63206 5.09761 4.73846 5.23246 4.82257 5.22882 4.49034 6.25102 6.44929 6.42039
4.06923 3.99593 4.05624 3.92651 4.05707 4.16855 4.19952 4.06508 3.97246 3.96105 3.88263 3.81687 3.79841 3.78033 3.57154 3.46437 3.44134 3.52019 4.51316 4.80796 5.32465 5.42101 5.48993 5.46286 4.94054 5.11886 4.17151 4.22709 3.82066 3.91674 3.93426 3.93872 4.20033 4.09552 4.15509 4.22535 4.36499 4.36387 4.81238 5.37098 5.39076 5.35247 5.78277 5.43375 5.79768 5.64455 5.84859 5.35880 5.59271 6.27214 6.88546 6.90221 6.99519 5.11995 4.74144 5.27628 5.01970 5.63388 5.10543 5.41584 4.77026 6.42010 6.63963 6.56744
4.23521 4.19529 4.29559 4.12656 4.19474 4.21960 4.28530 4.20003 4.02401 4.02612 3.88202 3.78508 3.76951 3.74795 3.75957 3.65985 3.64343 3.62699 4.56911 5.18038 5.60038 5.40617 5.10835 4.64184 3.66116 3.95829 3.47181 3.85046 3.82110 3.85135 4.10593 4.10269 4.31665 4.23875 4.30984 4.51480 4.77790 4.86713 5.04458 5.01608 4.88817 4.80095 5.47670 5.50143 6.09343 5.99991 6.38302 6.03180 6.12394 6.70640 8.02406 8.08887 8.14231 8.18368 5.81209 6.71023 6.36242 7.37235 6.44774 6.60506 6.11675 7.28232 6.99586 6.91482
4.42804 4.33198 4.43636 4.26617 4.24020 4.22628 4.28309 4.22850 3.84991 3.88374 3.80010 3.81716 3.78333 3.76127 3.80535 3.69331 3.69114 3.69114 4.05471 4.41168 4.23495 4.13549 4.15668 4.24072 3.89613 4.02312 3.55765 3.77245 3.75069 3.70441 4.09102 4.21999 4.67244 4.66710 4.81146 5.86272 5.37346 4.60173 4.65941 4.65941 4.70987 4.69851 5.28705 5.47970 5.93567 5.97949 6.43620 6.36375 6.36383 6.65290 7.83388 8.18778 8.21813 8.23547 5.44867 6.26353 5.87374 7.17904 6.25627 6.41980 5.77982 6.84278 6.61820 6.61480
4.34311 4.17058 4.18466 3.98356 3.86061 3.87337 3.92911 3.93485 3.55950 3.60432 3.62733 3.63940 3.61004 3.60994 3.66428 3.55374 3.53671 3.54690 3.65301 3.82815 4.09396 4.14138 4.23868 4.33692 4.20675 4.25789 4.04086 4.19814 4.16012 4.29197 4.72836 4.76890 5.04508 5.04954 5.04954 5.57903 5.92968 4.68604 4.74541 4.74597 4.80494 4.78239 5.37204 5.76099 6.15104 6.14406 6.52777 6.56050 6.58310 6.71433 7.44821 8.18212 8.03165 8.01683 5.73613 6.53943 5.73440 6.95148 6.03638 6.31600 5.74775 6.76655 6.71400 6.74849
4.28788 4.09493 4.11214 3.97146 3.74107 3.77901 3.76483 3.88631 3.62381 3.60132 3.62641 3.65784 3.64978 3.67911 3.76168 3.72362 3.69007 3.71969 3.80689 3.91349 4.17937 4.23384 4.47532 4.76659 4.98212 5.26665 4.89269 4.74523 4.54986 4.82642 5.16122 5.13003 5.38203 5.38132 5.38061 5.60024 6.51305 5.18554 5.14321 5.15274 5.15412 4.92059 5.39609 5.61135 6.13747 6.10663 6.50911 6.69488 6.69130 6.72171 7.21619 8.57322 8.33823 8.27831 5.99606 6.31028 5.53087 6.31567 5.60566 6.36554 5.97975 6.73943 6.68151 6.73632
4.21690 4.06076 4.06785 3.96220 3.76753 3.78878 3.79422 3.94337 3.75553 3.64994 3.71316 3.78108 3.83029 3.84901 3.91477 3.88131 3.82229 3.88871 4.03966 4.11104 4.46656 4.46040 4.60829 4.78270 4.68455 5.28439 5.09434 4.98549 4.77532 5.09673 5.45900 5.53199 5.93118 6.13793 6.41667 6.68075 6.96977 5.89563 5.35757 5.34090 5.32422 5.04050 5.49268 5.46837 6.06754 6.06754 6.12065 6.56838 6.53802 6.46696 6.69193 7.90859 8.05934 8.08571 7.82893 6.34901 5.43578 6.35823 5.45318 5.93572 5.48305 6.32104 6.09142 6.21146
4.27923 4.11659 4.11826 4.16602 4.07275 4.10661 4.03431 4.12142 4.00560 3.90448 3.94684 3.98728 4.03508 4.10170 4.24975 4.31523 4.20137 4.18625 4.26596 4.22823 4.27126 4.25920 4.45917 4.74518 4.55022 5.32517 5.08153 5.16285 5.22741 5.88069 6.53327 6.69385 6.82900 6.83880 6.83418 6.82786 6.82107 5.99590 5.27668 5.27217 5.30281 5.12457 5.57922 5.39336 5.97846 5.93790 5.92812 6.47057 6.83921 7.04710 7.39827 8.16631 8.65510 8.43245 8.18038 6.79166 5.77973 6.76062 5.81644 6.33020 5.84322 6.30604 5.84571 5.78814
4.22618 4.10020 4.11271 4.17873 4.13236 4.19927 4.11999 4.27661 4.25643 4.20538 4.22723 4.22412 4.19125 4.18688 4.24084 4.18672 4.04931 3.98735 4.11882 4.12932 4.16749 4.21870 4.38248 4.67248 4.50849 6.03721 6.28044 6.21619 6.30826 6.72792 6.90177 6.87955 6.95365 6.94128 6.94300 6.94653 6.96661 6.59786 5.42994 5.44837 5.48077 5.50754 5.98293 5.59623 6.31500 6.53574 6.75034 7.20334 7.71115 7.78640 7.84558 8.23629 9.01871 8.85163 8.32809 6.91384 6.33777 7.30568 6.87844 7.32267 6.63751 6.98355 6.46173 6.43091
4.34724 4.24733 4.29676 4.46469 4.60281 4.58852 4.52138 4.63159 4.53225 4.46376 4.36198 4.20331 4.15238 4.11292 4.20855 4.22057 4.18039 4.10839 4.24263 4.26611 4.29378 4.39573 4.30427 4.67049 4.28627 5.75159 5.71283 5.21290 5.62438 6.08100 6.31717 6.35945 6.51392 6.54109 6.56905 6.59706 6.81544 6.59824 5.59610 5.33362 5.77704 6.01185 6.78996 6.49980 7.09208 7.15774 7.17345 7.33139 7.88702 7.92446 7.92228 8.10971 8.88732 9.18790 8.57692 8.44992 6.70137 7.58874 7.08073 7.41242 6.43805 6.74962 6.31685 6.34094
4.50519 4.31483 4.33817 4.42754 4.71314 4.56539 4.56246 4.62528 4.42266 4.41753 4.24858 4.16613 4.25364 4.25314 4.30819 4.30207 4.28359 4.32410 4.50711 4.50711 4.50711 4.54620 4.44448 4.63553 4.26699 5.39119 5.88241 4.87972 5.33953 6.02277 6.34224 6.43267 6.41456 6.42510 6.44577 6.50012 6.89718 6.80314 6.70233 6.18781 6.49228 6.47739 6.85360 6.57135 6.93589 7.06712 7.06139 7.08447 7.50781 7.67977 7.67680 7.77125 8.18853 8.72657 8.05668 8.08903 6.09211 7.17136 6.63538 7.09033 6.52198 6.36112 5.80641 5.77219
4.60601 4.24530 4.24290 4.23819 4.42696 4.22443 4.13482 4.30491 4.15893 4.26983 4.08166 4.01411 4.03868 4.04172 4.06880 4.06964 4.17832 4.18261 4.43981 4.46248 4.48542 4.57229 4.60410 4.69596 4.40297 4.85457 5.55424 4.84046 5.21971 6.06207 6.33299 6.49046 6.64425 6.83713 6.98391 7.09692 7.12711 6.89715 7.08337 6.17793 6.49821 6.51034 6.92248 6.64643 6.82194 6.92543 6.88822 6.88117 7.28699 7.60718 7.46254 7.45219 7.71615 8.54021 7.97750 8.28688 6.31167 7.39164 6.85913 7.13376 6.53703 6.33926 5.74639 5.66837
4.67730 4.22553 4.11330 4.14320 4.26564 4.34345 4.15644 4.34822 4.21107 4.35405 4.13859 4.04342 4.05847 4.06426 4.00323 4.03684 4.14979 4.15776 4.48976 4.51760 4.54533 4.71404 4.85670 4.81223 4.57046 4.75525 5.57611 5.14889 5.49674 6.55231 6.99665 7.29724 7.34900 7.40816 7.41071 7.43318 7.45981 7.21523 7.43455 6.47021 6.65620 6.61376 6.97801 6.73951 6.92047 7.12728 7.18127 7.22658 7.45004 7.82606 7.70566 7.71354 7.72491 8.59400 8.24274 8.34630 5.76545 6.50462 5.93628 5.96523 5.53508 5.37843 5.14919 6.39031
4.60071 4.34581 4.21338 4.23456 4.28560 4.58347 4.24600 4.40579 4.26748 4.39426 4.26862 4.13208 4.17274 4.13671 4.09919 4.10345 4.17633 4.12187 4.49709 4.39834 4.26832 4.28310 4.56918 4.74027 4.67080 4.60998 4.96426 5.04992 5.82040 6.70095 7.30125 7.62372 7.65985 7.74483 7.73633 7.69791 7.65569 7.36726 7.53287 6.73908 6.71657 6.56576 6.78064 6.59658 6.69971 6.87104 6.94654 6.94654 7.09486 7.45259 7.31959 7.24579 7.21516 7.70966 7.52340 7.34374 6.97244 5.58894 6.58560 6.70494 6.34434 6.35753 6.38248 6.46358
4.64261 4.51838 4.31567 4.30024 4.24208 4.67016 4.26832 4.38339 4.18493 4.18621 4.03952 4.18767 4.26836 4.18583 4.04905 3.96241 3.94018 3.79185 3.78623 3.77094 3.81601 3.95233 4.30000 4.86251 4.91744 4.94535 5.26649 6.18757 6.76450 7.47707 7.97276 8.15303 8.17908 8.18305 8.19729 8.20503 8.22028 7.85943 8.03942 7.42272 7.01376 6.81207 6.96002 6.66375 6.59903 6.65089 6.66098 6.58981 6.58396 6.87030 6.94961 7.05799 7.07051 7.51552 7.34790 7.32331 6.86684 6.81448 6.57848 6.71790 6.29729 6.31127 6.26100 6.36207
4.65659 4.52105 4.21941 4.14266 4.02434 4.30983 4.11037 4.16174 3.98382 3.91097 3.71825 3.81505 3.82925 3.69975 3.63396 3.63942 3.69805 3.62403 3.66313 3.66032 3.69593 3.81666 3.92874 4.71774 4.88056 4.88720 4.92031 6.28007 6.55768 7.18240 7.62654 7.76604 7.87487 7.92869 7.99204 8.02022 8.03998 7.69101 7.81829 7.47984 6.78587 6.53457 6.68681 6.39566 6.36737 6.37096 6.43876 6.49877 6.64525 7.11471 7.23323 7.26761 7.21125 7.42008 7.33503 7.14834 6.82889 6.90816 6.56788 6.76613 6.25766 6.35624 6.38367 6.72719
4.28464 4.24048 4.08035 4.03616 3.87215 4.00643 3.99853 3.93400 3.82833 3.75614 3.71628 3.82353 3.95900 3.89795 3.84349 3.82522 3.86798 3.81460 3.85753 3.88389 3.82604 3.96382 3.89567 4.58082 4.80107 4.74078 4.71421 5.77703 6.00233 6.72590 7.35469 7.44551 7.57029 7.58734 7.75537 7.74681 7.73825 7.46454 7.62694 7.39865 6.97716 6.67538 6.94275 6.95639 7.13783 7.25573 7.29637 7.21024 7.21517 7.33261 7.48781 7.47890 7.37612 7.59572 7.35837 7.17627 6.92711 6.76368 6.04034 6.52833 6.08125 6.13475 6.12846 6.32301
4.07991 3.94843 3.82792 3.82661 3.70270 3.75468 3.73780 3.79797 3.81730 3.78042 3.78403 3.83220 4.02382 3.90168 3.87168 3.89541 3.99962 4.01238 4.10935 4.09720 4.00760 4.11899 3.98253 4.32866 4.66311 4.45080 4.48784 5.12738 5.63913 6.25143 6.93937 6.97544 7.04081 7.03618 7.28718 7.29511 7.29389 6.85686 6.84486 6.56538 6.76915 6.94084 7.38911 7.38963 7.38945 7.35302 7.36654 7.21218 7.18521 7.19777 7.19366 7.20540 7.06384 7.25158 7.14191 6.99579 6.78386 6.75635 6.23106 6.34609 5.75741 5.59663 5.58913 5.51086
3.96983 3.83418 3.80554 3.85617 3.72375 3.79515 3.75797 3.81476 3.79504 3.75233 3.77265 3.78205 4.06407 4.00261 4.06050 4.15052 4.29811 4.26095 4.33481 4.26313 4.10435 4.17855 4.03146 4.20084 4.77105 4.59674 4.75526 5.26723 6.07428 6.36413 7.17488 7.25647 7.10053 6.73431 6.48703 6.22490 5.94509 5.82613 6.08341 6.15084 6.70764 6.99538 7.38914 7.38334 7.37558 7.34063 7.29824 6.96367 6.92971 7.05852 7.14834 7.32626 7.51278 7.61647 7.34369 7.27061 6.92530 6.96625 6.25317 6.38942 5.77942 5.64554 5.64509 5.59942
3.91767 3.86303 3.69202 3.75701 3.53127 3.57381 3.53896 3.68267 3.67185 3.69496 3.75462 3.79313 4.00840 3.93132 3.96213 4.05342 4.15763 4.10239 4.15816 4.17615 3.95738 4.10104 4.03580 4.08110 5.18764 5.24376 5.58253 5.76557 5.41881 5.18848 5.64726 5.58046 5.55920 5.63983 5.71925 5.80639 5.91504 5.98323 6.22917 6.30900 6.87040 6.97980 7.55081 7.52072 7.49250 7.46256 7.43056 7.14272 7.10714 7.26165 7.08488 7.32116 7.55858 7.86678 7.37365 7.53451 7.07737 6.98544 6.19498 6.32904 5.78356 5.63788 5.54068 5.44696
3.87167 3.93107 3.76473 3.90400 3.63123 3.69307 3.69007 3.88897 3.86916 3.85558 3.87874 3.87874 3.96826 3.96173 3.93353 3.98126 4.09292 4.05958 4.19977 4.30511 4.22507 4.35722 4.22007 3.97315 4.40481 4.37663 4.08644 4.28252 4.31216 4.34270 4.96494 5.57820 5.62204 5.65416 5.66604 5.78091 5.87429 5.83592 6.13976 6.20305 6.72182 6.54928 7.08333 7.04891 7.00531 6.96412 6.90659 6.72513 6.46587 6.60830 6.49884 6.56743 7.07504 7.29490 6.70546 7.17847 6.66012 6.61901 5.97056 5.96342 5.64034 5.53654 5.42751 5.38162
4.02258 4.11995 3.95946 4.11097 3.77090 3.80313 3.73917 3.90466 3.85697 3.84096 3.92837 3.94870 4.00000 4.07130 4.13096 4.16113 4.35239 4.20858 4.21675 4.17585 3.79912 3.42328 3.28130 3.30919 3.59635 4.29569 4.31737 4.44945 4.48360 4.47026 4.79132 5.50239 5.60045 5.64599 5.63526 5.76974 5.80795 5.76055 6.12509 6.18020 6.40371 6.01773 6.47279 6.45257 6.44422 6.43560 6.41177 6.33956 6.02911 6.12252 5.98310 5.74753 6.42546 6.64669 5.85041 6.37040 5.72082 5.65821 5.21651 5.34891 5.37942 5.31249 5.18879 5.17137
4.19152 4.31423 4.11933 4.24317 4.01040 3.98819 3.87932 4.06368 4.00806 3.93720 4.03872 4.03621 3.98387 3.89831 3.83687 3.72555 3.76773 3.69465 3.78943 3.86329 3.75746 3.42436 3.33312 3.36461 3.36295 4.32493 4.33836 4.39183 4.49112 4.48966 4.65073 5.16669 5.35637 5.41361 5.40247 5.46735 5.51002 5.43271 5.78291 5.81416 6.07240 5.62166 6.15528 6.08938 6.00402 5.91890 5.82476 5.74878 5.69171 5.69972 5.47568 5.15531 5.40222 5.62898 4.72919 5.22777 5.15805 4.96698 4.55275 4.52246 4.49228 4.44638 4.15458 4.07070
4.35722 4.57525 4.44518 4.58926 4.35980 4.21585 4.12652 4.23877 4.03451 3.91026 3.97627 3.91209 3.89477 3.79520 3.83341 3.80552 3.96205 3.94993 3.95529 4.03123 3.84676 3.48845 3.29872 3.50232 3.38587 4.08517 4.19281 4.18853 4.33000 4.31799 4.40609 4.90873 5.32391 5.32437 5.30404 5.33644 5.62366 5.54980 5.79476 5.74533 5.81272 5.52528 5.91581 6.15752 6.12753 6.08452 5.93389 5.78908 5.62054 5.52982 5.45979 5.14180 5.41290 5.58749 5.10220 5.43827 5.08323 4.72028 4.27258 4.20716 4.14182 4.07335 3.79715 3.61203
