High_resolution/powerplant/Chizhou/OMI_NO2_2007_06-08.asc
ncols      200
nrows      200
xllcorner       115.585
yllcorner       28.7700
cellsize     0.0166667
NODATA_Value      -999.000
[rows 29 to 57 of 165, columns 67 to 133 of 200]
2.39996 2.30089 2.32174 2.28171 2.26397 2.24367 2.26050 2.28974 2.33928 2.30806 2.27204 2.19014 2.16930 2.25029 2.30597 2.38130 2.32415 2.36424 2.34762 2.35665 2.33718 2.37139 2.43819 2.62683 2.72425 2.81004 2.83550 2.82049 2.82425 3.10187 3.22452 3.24841 3.62400 3.82363 3.91840 3.84182 3.85106 3.78117 3.81010 3.72600 3.70963 3.89120 4.15442 4.12773 4.02465 3.99885 4.00490 4.00441 3.99486 4.00441 3.94797 3.84184 3.75006 3.66316 3.69145 3.75053 3.68606 3.51286 3.52757 3.50264 3.56193 3.61687 3.60848 3.62429 3.65178 3.67355 3.72322
2.45932 2.33668 2.35195 2.31528 2.32674 2.29416 2.26866 2.29038 2.33478 2.29816 2.25623 2.25601 2.25533 2.32589 2.35927 2.32466 2.26750 2.28226 2.25954 2.26367 2.25315 2.29245 2.33172 2.49012 2.64786 2.76462 2.84336 2.86368 2.86759 3.10505 3.25806 3.26533 3.59874 3.87536 3.99031 3.94447 3.94087 3.88223 3.87804 3.80032 3.73043 3.79427 4.14489 4.10917 4.04775 4.00043 3.99853 4.00434 3.98858 3.99846 3.97645 3.81223 3.76896 3.64470 3.65720 3.74321 3.68709 3.51832 3.48244 3.47460 3.53200 3.67201 3.70056 3.71332 3.72251 3.71990 3.76600
2.45322 2.26940 2.17533 2.18831 2.21903 2.24589 2.25707 2.29391 2.36725 2.36638 2.30711 2.29816 2.27388 2.25828 2.29905 2.20285 2.15828 2.16609 2.15639 2.16487 2.23138 2.32099 2.36439 2.46237 2.66002 2.73156 2.80329 2.83889 2.82008 2.98737 3.22759 3.25450 3.45247 3.77968 3.88866 3.82539 3.78397 3.75011 3.71361 3.67324 3.75355 3.80114 4.10583 4.11791 4.08789 4.03014 4.00285 4.01065 3.99094 4.00033 3.99061 3.83370 3.78897 3.63100 3.64452 3.76171 3.80352 3.74742 3.62754 3.57579 3.61841 3.79051 3.81083 3.82160 3.83051 3.85194 3.86322
2.34732 2.29093 2.21821 2.23346 2.22610 2.24623 2.23668 2.24711 2.31121 2.30945 2.26724 2.25243 2.23976 2.19845 2.23766 2.16718 2.12849 2.14601 2.13361 2.14331 2.20640 2.31404 2.31292 2.36498 2.65788 2.70573 2.73166 2.77719 2.71520 2.85482 3.02411 3.05691 3.11830 3.42649 3.58797 3.62119 3.61731 3.61438 3.61387 3.58670 3.74595 3.79505 4.03554 4.10662 4.09095 3.99041 3.95699 3.97695 3.96902 3.98100 3.98690 3.91553 3.85921 4.02262 4.10820 4.17316 4.23502 4.22912 3.93655 3.67706 3.66813 3.79539 3.85444 3.85756 3.85121 3.88966 3.95120
2.32930 2.29969 2.18056 2.16900 2.15530 2.18496 2.18102 2.19598 2.28429 2.30865 2.28014 2.24549 2.23946 2.18820 2.17360 2.17256 2.09331 2.09354 2.05301 2.03937 2.02106 2.14499 2.11960 2.17300 2.31330 2.38240 2.46401 2.54631 2.54598 2.63584 2.83146 2.90177 2.95280 3.32820 3.50779 3.53967 3.53763 3.52587 3.53145 3.49943 3.65371 3.71449 3.81760 3.99043 3.94076 3.85967 3.82795 3.83158 3.83435 3.82410 3.82691 3.85837 3.82817 3.94018 4.03868 4.05718 4.11820 4.13512 3.96903 3.65773 3.69785 3.87400 4.01185 4.08307 4.15630 4.18866 4.16784
2.36747 2.36794 2.20753 2.18535 2.17348 2.21082 2.20926 2.21106 2.23609 2.25635 2.24507 2.19735 2.19446 2.15582 2.10382 2.12505 2.03231 2.02488 2.00551 2.01038 1.96931 2.13933 2.11748 2.16343 2.26295 2.36112 2.41136 2.53883 2.58630 2.66398 2.80533 2.88715 2.86683 3.06495 3.22244 3.23890 3.24267 3.19656 3.17713 3.15915 3.29256 3.49237 3.55230 3.82646 3.78360 3.71560 3.72780 3.74758 3.77656 3.77319 3.78388 3.83146 3.85922 3.90587 4.06275 4.11340 4.26031 4.32438 4.35693 4.03662 4.04860 4.10216 4.11760 4.08597 4.07083 4.11358 4.10557
2.37027 2.39199 2.25728 2.20839 2.18056 2.21545 2.21640 2.21819 2.23210 2.25301 2.20728 2.12627 2.08898 2.05758 2.01630 2.03470 2.02172 2.01768 2.01708 2.05592 2.04256 2.25117 2.31943 2.36053 2.44819 2.65121 2.72709 2.81122 2.82234 2.85944 2.94467 3.00311 2.95636 2.94356 3.08065 3.17299 3.21914 3.18826 3.20184 3.22372 3.26054 3.48854 3.47724 3.73520 3.80018 3.74886 3.80113 3.74885 3.77309 3.76116 3.76663 3.76513 3.95578 4.04599 4.29770 4.30444 4.32212 4.30377 4.29973 4.05265 3.98787 4.01121 4.03049 4.01343 4.01343 4.05182 4.04887
2.41370 2.44741 2.38224 2.35039 2.31005 2.30838 2.23566 2.17033 2.11851 2.11152 2.05571 2.02471 1.98933 1.93588 1.78391 1.94647 2.30419 2.30913 2.30338 2.36192 2.32595 2.43990 2.47432 2.42363 2.41415 2.64227 2.72650 2.85422 2.85948 2.86912 2.96784 3.02501 2.95938 2.94923 3.01621 3.22045 3.24769 3.18588 3.17907 3.18785 3.18775 3.44211 3.48228 3.62050 3.66573 3.65849 3.70093 3.61839 3.64064 3.60507 3.62223 3.62223 3.84853 4.01062 4.24289 4.26162 4.27700 4.28971 4.29230 4.10972 3.94139 3.94910 3.98526 3.96427 3.96554 3.97111 3.93370
2.17178 2.19824 2.12439 2.06328 1.96597 1.88373 1.79266 1.74222 1.68802 1.69653 1.68357 1.67475 1.66497 1.65666 1.50032 1.58322 2.11189 2.23719 2.20441 2.25223 2.22439 2.24952 2.36045 2.29693 2.29423 2.50844 2.63132 2.77852 2.79927 2.79562 2.91052 3.00235 2.94458 2.89293 2.86384 3.11704 3.15358 3.11680 3.15635 3.15635 3.15526 3.29842 3.34058 3.43622 3.53191 3.58258 3.64429 3.61148 3.65199 3.64229 3.65952 3.65043 3.75198 4.00053 4.12143 4.18630 4.19662 4.24815 4.30135 4.24336 4.03637 4.00977 4.02866 3.96944 3.91842 3.90448 3.91925
2.00313 1.97021 1.83153 1.76680 1.71505 1.69038 1.62265 1.61258 1.60254 1.61994 1.61886 1.60931 1.59989 1.59330 1.49143 1.42180 1.91919 2.19516 2.13843 2.17151 2.14135 2.12507 2.22088 2.16746 2.18599 2.33720 2.50577 2.65942 2.71593 2.70069 2.75521 2.84213 2.82576 2.79619 2.78309 3.00706 3.15217 3.11426 3.13401 3.12101 3.10914 3.17259 3.23283 3.27019 3.39916 3.47773 3.55008 3.53026 3.58824 3.61792 3.64412 3.67358 3.71761 3.97065 4.08695 4.19572 4.19596 4.25086 4.30302 4.27190 4.03408 3.99668 3.99950 3.98411 4.01124 4.03820 4.05984
1.93163 1.86893 1.78782 1.68986 1.66231 1.63146 1.54662 1.53927 1.53821 1.55196 1.56513 1.55852 1.55423 1.54940 1.50538 1.33015 1.67920 2.17994 2.13332 2.15475 2.12916 2.09818 2.17515 2.13305 2.15569 2.23324 2.41826 2.49783 2.56512 2.55647 2.61169 2.77516 2.84658 2.83713 2.86442 2.92994 3.04673 3.04596 3.06976 3.06976 3.06976 3.08841 3.19456 3.20000 3.37675 3.48140 3.58059 3.58305 3.61515 3.65217 3.68847 3.73384 3.78574 4.06970 4.18549 4.19780 4.15980 4.13065 4.12632 4.16721 4.22053 4.18958 4.12906 4.03590 4.03474 4.04010 4.04006
1.83537 1.78925 1.78384 1.64944 1.61577 1.58269 1.52422 1.51079 1.51678 1.52805 1.55633 1.55455 1.55263 1.54695 1.54202 1.35730 1.54747 2.10257 2.16550 2.21428 2.20555 2.19063 2.23060 2.21105 2.21920 2.24999 2.36684 2.44431 2.60339 2.65951 2.70166 2.83975 2.87914 2.83271 2.85306 2.86023 3.06104 3.09649 3.15000 3.16555 3.19984 3.21955 3.35248 3.39219 3.47959 3.50834 3.64517 3.64837 3.68207 3.73135 3.71237 3.70244 3.68181 3.77757 3.91650 3.90794 3.86679 3.87852 3.85940 3.92185 4.01648 3.97096 3.95884 3.83233 3.80179 3.77050 3.72791
1.82768 1.79692 1.79487 1.66959 1.62436 1.57372 1.53720 1.51121 1.51737 1.52272 1.59148 1.59096 1.58895 1.58430 1.58612 1.47027 1.53038 2.04183 2.22558 2.24621 2.20974 2.14475 2.19660 2.27902 2.30813 2.36541 2.42409 2.52556 2.67034 2.71815 2.70329 2.78208 2.84967 2.84236 2.87729 2.87850 3.12403 3.31164 3.38215 3.40289 3.42599 3.43910 3.53309 3.57233 3.52861 3.38148 3.53907 3.53328 3.56511 3.56464 3.54320 3.57398 3.60252 3.66440 3.83644 3.87932 3.84316 3.90141 3.90407 3.91350 3.89912 3.83132 3.79701 3.76438 3.79020 3.81751 3.84388
1.82448 1.83434 1.78895 1.71587 1.62414 1.57687 1.54214 1.50845 1.51543 1.51658 1.59964 1.61099 1.61319 1.61962 1.63585 1.59157 1.52820 1.92979 2.21179 2.28509 2.29328 2.28081 2.27373 2.32588 2.28271 2.28147 2.27806 2.39110 2.51168 2.56415 2.58619 2.65754 2.79881 2.85898 2.89047 2.88345 3.03303 3.29129 3.32604 3.32095 3.31498 3.31415 3.37224 3.45729 3.44459 3.31545 3.27680 3.33152 3.40258 3.45666 3.48719 3.50782 3.53737 3.54558 3.67169 3.74067 3.68640 3.67774 3.79499 3.87940 3.91496 3.96808 3.96897 3.94808 3.92645 3.91851 3.91851
1.84750 1.77342 1.69944 1.67992 1.54526 1.50959 1.47190 1.42814 1.44165 1.48562 1.59489 1.66341 1.68007 1.67195 1.68164 1.69573 1.63875 1.90181 2.16633 2.20627 2.15769 2.12987 2.10819 2.20787 2.23507 2.22368 2.24923 2.40758 2.49467 2.56975 2.58662 2.61574 2.79002 2.81554 2.86424 2.86900 2.94128 3.29932 3.30232 3.32621 3.35372 3.38602 3.40222 3.45878 3.47082 3.36181 3.30123 3.36849 3.47844 3.46937 3.44685 3.42284 3.38692 3.38699 3.54682 3.72363 3.71083 3.72363 3.82646 3.91175 3.92010 3.96119 3.97088 3.96528 3.93554 3.92768 3.92768
1.87336 1.73679 1.71845 1.76368 1.65498 1.66791 1.67099 1.74463 1.79706 1.79114 1.82011 1.88879 1.90000 1.92056 1.92626 1.91743 1.86837 1.96660 2.19423 2.29673 2.31075 2.33948 2.31919 2.37615 2.39836 2.34055 2.32273 2.46095 2.51483 2.55717 2.58289 2.58487 2.79877 2.81086 2.86574 2.86839 2.92692 3.29777 3.38315 3.38742 3.39656 3.43289 3.43076 3.51618 3.46238 3.33080 3.20401 3.17953 3.34089 3.35872 3.37173 3.37101 3.37050 3.36855 3.49158 3.72074 3.72991 3.74643 3.82182 3.91533 3.91535 3.94010 3.95751 3.95484 3.91986 3.95886 3.99908
2.00006 1.76261 1.73543 1.77604 1.76511 1.74315 1.68945 1.81384 1.85232 1.83892 1.85134 1.96215 1.97263 1.98984 1.98349 1.96383 1.91195 1.93962 2.11615 2.31985 2.31452 2.32728 2.29907 2.35134 2.38011 2.33358 2.30564 2.39352 2.50690 2.50575 2.55578 2.55415 2.71457 2.80142 2.92157 2.92824 2.95821 3.15789 3.29578 3.23591 3.16445 3.14335 3.17246 3.21764 3.22599 3.20236 3.10613 3.08758 3.32231 3.33781 3.36011 3.36011 3.36190 3.36011 3.46235 3.65501 3.73521 3.73521 3.76853 3.92010 3.92948 3.98512 4.05703 4.10123 3.98056 3.93096 3.91005
2.00428 1.76739 1.68525 1.66545 1.70085 1.69556 1.66435 1.76246 1.86061 1.85226 1.84985 1.95996 1.97739 1.98644 1.97789 1.95115 1.90272 1.87163 2.02409 2.28700 2.33730 2.36172 2.33146 2.34097 2.37043 2.35439 2.31469 2.36934 2.54701 2.53131 2.61958 2.62604 2.76974 2.87677 2.90624 2.85202 2.80126 2.84994 3.07233 3.07589 3.05890 3.07328 3.16624 3.15105 3.15907 3.16446 3.07286 3.05242 3.27434 3.34228 3.36144 3.36221 3.35649 3.34451 3.36521 3.51287 3.75893 3.83374 3.89444 4.05786 4.11588 4.09619 4.18423 4.18588 3.97170 3.85667 3.86141
1.82488 1.70708 1.60601 1.58898 1.70212 1.69639 1.66413 1.69275 1.84150 1.83255 1.84677 1.95756 2.00743 2.01790 2.01795 1.99215 1.92399 1.84116 1.98240 2.18903 2.31905 2.31280 2.28540 2.28119 2.33406 2.33921 2.32372 2.38368 2.58942 2.55591 2.59625 2.54302 2.56289 2.66232 2.69444 2.69560 2.70074 2.72510 3.06316 3.06225 3.03156 3.02380 3.10440 3.08653 3.10869 3.11225 3.03828 2.96475 3.03769 3.17968 3.27355 3.29857 3.31219 3.34557 3.39853 3.57314 3.85349 4.07956 4.10273 4.27428 4.37672 4.40113 4.59721 4.70489 4.65053 4.57830 4.64004
1.79641 1.80147 1.68673 1.62653 1.71060 1.73300 1.73564 1.72268 1.87490 1.89239 1.93838 2.00192 2.03877 2.03532 2.01782 1.96057 1.90963 1.78437 1.88872 2.01155 2.28275 2.27019 2.25602 2.27249 2.31642 2.26418 2.21684 2.18921 2.36707 2.38019 2.43482 2.44049 2.47425 2.66549 2.73943 2.74317 2.74252 2.73940 2.88268 2.93952 2.88568 2.84184 2.85848 2.83286 2.80689 2.82759 2.90805 2.95345 2.95282 3.19879 3.56415 3.66823 3.71570 3.72643 3.71822 3.76378 3.94112 4.27854 4.27870 4.36766 4.50666 4.52684 4.91707 4.99989 5.04253 4.73828 4.70389
1.86557 1.97188 1.85474 1.82687 1.75830 1.78384 1.78137 1.72075 1.81445 1.84046 1.88665 1.93148 1.94752 1.94752 1.93978 1.89499 1.85516 1.74781 1.81772 1.90276 2.25040 2.25082 2.19176 2.15294 2.15296 2.17782 2.19234 2.19078 2.31165 2.44019 2.43326 2.45083 2.44198 2.62330 2.60842 2.52246 2.55759 2.61777 2.63457 2.72217 2.69818 2.69696 2.75757 2.81887 2.82896 2.93825 3.01418 3.08080 3.11011 3.35120 3.59185 3.71182 3.72928 3.72615 3.71676 3.75909 3.82821 4.22848 4.20558 4.19006 4.39354 4.34433 4.55133 4.70775 4.79109 4.56835 4.52545
1.84673 2.00457 1.93854 1.92527 1.82722 1.85961 1.84422 1.79504 1.85669 1.90571 1.93672 1.96623 1.99510 1.92511 1.90242 1.85013 1.79544 1.69759 1.69342 1.78201 1.98491 2.16466 2.18214 2.19965 2.23643 2.30008 2.29896 2.26403 2.28795 2.41564 2.40238 2.41015 2.40708 2.56544 2.65722 2.46628 2.48962 2.57625 2.56242 2.72560 2.73336 2.75953 2.81634 2.93100 2.94531 3.03977 3.11290 3.13707 3.10604 3.34821 3.49274 3.57309 3.58550 3.54540 3.42657 3.51121 3.51070 3.83104 3.74638 3.73861 3.90385 3.97462 4.13106 4.39546 4.54055 4.43845 4.32641
1.82827 1.91016 1.98306 1.95488 1.89630 1.92371 1.90223 1.86028 1.88560 1.94384 1.93630 1.92374 1.89957 1.82865 1.80183 1.77772 1.78035 1.69467 1.59854 1.70864 1.79578 2.06980 2.07387 2.06630 2.06418 2.12041 2.11095 2.09937 2.11724 2.33364 2.55757 2.56538 2.58916 2.65901 2.73013 2.61557 2.59407 2.71633 2.71005 2.83733 2.87565 2.87149 2.87110 2.92435 2.91539 2.93363 2.92698 2.95818 2.85453 3.08404 3.27403 3.36855 3.43693 3.47491 3.40645 3.50984 3.53359 3.83514 3.82833 3.82833 3.92110 4.04411 4.18335 4.50895 4.53156 4.49840 4.35680
1.68814 1.72684 1.95211 1.91909 1.89178 1.92597 1.91353 1.84399 1.80566 1.74995 1.73616 1.73856 1.74244 1.73248 1.70993 1.69368 1.68418 1.60008 1.43591 1.47871 1.67891 2.00177 2.09610 2.11796 2.16075 2.21196 2.24702 2.27236 2.26608 2.46130 2.74185 2.74213 2.76954 2.78548 2.80438 2.71783 2.66278 2.77221 2.77953 2.82527 2.87918 2.87925 2.87979 2.90835 2.92116 2.88777 2.88447 2.95286 2.82648 3.01949 3.21179 3.35144 3.42767 3.47491 3.40317 3.43109 3.47642 3.62657 3.73270 3.73427 3.79492 3.97773 4.06230 4.33709 4.42841 4.50848 4.47936
1.66334 1.65530 1.90331 1.86135 1.85391 1.85873 1.88213 1.79344 1.73808 1.67621 1.64056 1.60922 1.58969 1.60842 1.61002 1.61591 1.63450 1.59842 1.44641 1.46945 1.65599 2.08368 2.33855 2.36315 2.44137 2.44073 2.47760 2.44386 2.37794 2.49580 2.74396 2.79382 2.78689 2.79548 2.81346 2.76231 2.63873 2.71047 2.75387 2.77643 2.85506 2.85192 2.84789 2.86229 2.88057 2.88316 2.88018 2.91788 2.77178 2.87424 3.17275 3.40061 3.47790 3.52273 3.44302 3.45659 3.51493 3.60470 3.74068 3.76443 3.82221 4.05394 4.15039 4.34498 4.40445 4.39917 4.42709
1.67619 1.70518 1.81135 1.83879 1.86867 1.84325 1.73089 1.69163 1.64927 1.63459 1.62411 1.63791 1.64636 1.67583 1.67213 1.68556 1.69673 1.70619 1.78416 1.82145 1.98060 2.18929 2.39061 2.39917 2.48616 2.46234 2.48457 2.46551 2.40977 2.49190 2.65303 2.75667 2.76751 2.79934 2.81303 2.78520 2.65637 2.68479 2.75970 2.75749 2.83759 2.84738 2.84817 2.85951 2.89077 2.89751 2.89456 2.92262 2.85404 2.84481 3.22054 3.44662 3.59577 3.70983 3.72623 3.77918 3.95247 4.02716 3.90571 3.91188 3.89097 3.98881 4.06357 4.19412 4.31389 4.31577 4.40659
1.80107 1.80343 1.83974 1.95481 1.93702 1.90215 1.76576 1.73041 1.63669 1.60276 1.56796 1.56528 1.55976 1.60535 1.58264 1.62619 1.65622 1.69862 1.84396 1.87922 1.98117 2.18995 2.41601 2.44432 2.52761 2.50464 2.55306 2.56739 2.50856 2.57734 2.67537 2.85555 2.85967 2.87811 2.85330 2.82001 2.72339 2.68721 2.78732 2.78940 2.85303 2.89232 2.87574 2.86278 2.91882 2.95489 2.94750 2.98015 2.99745 2.92532 3.18153 3.35857 3.50993 3.64326 3.67471 3.70318 3.75763 3.78316 3.76756 3.99023 3.98434 4.03165 4.12256 4.27469 4.79036 4.78309 4.87890
1.75021 1.75797 1.80437 1.85380 1.83969 1.83298 1.73338 1.69541 1.54587 1.53100 1.53436 1.54852 1.54262 1.62187 1.60822 1.66978 1.66978 1.72199 1.83368 1.93074 2.00348 2.22063 2.45257 2.58315 2.65129 2.63856 2.68607 2.71233 2.62101 2.65655 2.68360 2.84898 2.84393 2.83877 2.83671 2.79990 2.78724 2.73252 2.79621 2.81644 2.86479 2.92999 2.91038 2.92781 2.98247 3.02572 3.02963 3.04317 3.16475 3.11650 3.15584 3.36852 3.53631 3.55263 3.55560 3.55560 3.59286 3.70081 3.66469 3.89722 3.96174 4.07330 4.26059 4.33870 4.85395 4.81297 4.85360
1.93547 1.97011 1.98199 1.90724 1.83354 1.84119 1.77844 1.73434 1.59998 1.56281 1.54443 1.56287 1.55479 1.62349 1.65820 1.74217 1.76833 1.79125 1.87918 2.07835 2.14737 2.33964 2.57111 2.68899 2.74731 2.70960 2.71669 2.68730 2.64017 2.60165 2.62458 2.74873 2.81762 2.81179 2.79766 2.73327 2.77698 2.81469 2.83994 2.85224 2.86055 2.92237 2.89176 2.90551 2.95132 3.04263 3.04913 3.07179 3.21068 3.24248 3.21873 3.35952 3.51310 3.56013 3.58483 3.59619 3.57869 3.74585 3.75548 4.19634 4.22539 4.23597 4.26370 4.25840 4.58708 4.72335 4.76985
