High_resolution/powerplant/Chizhou/OMI_NO2_201012.asc
ncols      200
nrows      200
xllcorner       115.585
yllcorner       28.7700
cellsize     0.0166667
NODATA_Value      -999.000
[rows 116 to 144 of 164, columns 65 to 129 of 200]
4.48071 4.48071 4.48071 4.48778 4.52441 4.55319 4.57517 4.59525 4.58661 4.56863 4.56170 4.09697 3.31003 3.31003 2.75175 2.49254 2.48690 2.45956 2.43006 2.40061 2.37851 2.37727 2.37727 2.38711 2.40996 2.43287 2.45582 2.47574 2.73411 2.86003 2.86003 3.26751 3.41595 3.38587 3.08917 3.08686 3.08683 3.07906 2.90708 2.68678 2.67314 2.66131 2.65970 2.65970 2.55692 2.42785 2.42368 2.50049 2.61061 2.72131 2.69747 2.70176 2.61249 2.25168 3.72076 3.76461 3.72291 3.71907 3.66235 3.56929 3.33232 3.05043 2.93848 2.89712 2.89060
4.52403 4.54604 4.56800 4.58308 4.56847 4.56170 4.56170 4.56170 4.56170 4.56170 4.56170 4.44812 3.33312 3.40469 3.12322 2.40323 2.37940 2.37727 2.37861 2.39659 2.41951 2.44243 2.46534 2.47842 2.47848 2.47848 2.47848 2.47848 2.62694 2.86003 2.86003 3.10228 3.44541 3.60952 3.22850 3.04418 3.03057 3.02469 2.97867 2.59101 2.47810 2.36584 2.25791 2.23265 2.30950 2.72243 2.83774 2.87134 2.87134 2.87134 2.79651 2.70176 2.70154 2.19262 3.17081 3.44556 3.34168 3.27106 3.20852 3.17420 3.11945 2.90882 2.89060 2.89060 2.89060
4.56170 4.56170 4.56170 4.56170 4.56170 4.56170 4.56170 4.56170 4.56544 4.63749 4.73489 4.83230 3.92921 3.68081 3.59661 2.44544 2.42904 2.45198 2.47354 2.47848 2.47848 2.47848 2.47848 2.47848 2.47848 2.47848 2.47848 2.47848 2.60842 3.12818 3.30977 3.56785 4.19778 4.20394 3.52567 2.80757 2.69538 2.58306 2.46965 2.20305 2.27557 2.39352 2.50719 2.53813 2.53813 2.81339 2.87134 2.87134 2.85489 2.73843 2.57633 2.38322 2.30256 2.02139 2.36774 3.07223 3.04662 3.15315 3.15984 3.15984 3.15948 2.94254 2.89243 2.93922 3.01577
4.56170 4.56170 4.56170 4.56170 4.56207 4.61861 4.71605 4.81346 4.90712 4.93246 4.92959 4.92470 4.33153 3.76504 3.78036 2.83602 2.47848 2.47848 2.47848 2.47848 2.47848 2.47848 2.47848 2.49317 2.64178 2.82257 3.00345 3.18424 3.27857 3.48257 3.40602 3.29376 3.64937 3.63567 3.38463 2.39507 2.34832 2.30156 2.25673 2.39111 2.53813 2.53813 2.53813 2.53794 2.46472 2.51386 2.53127 2.39794 2.28100 2.26419 2.26415 2.25715 2.25644 2.14151 1.93221 3.01772 3.04283 3.12106 3.18666 3.26219 3.33871 3.26541 3.23017 3.25050 3.25050
4.56170 4.60030 4.69722 4.79462 4.89162 4.93215 4.92824 4.92336 4.91847 4.91360 4.91159 4.91159 4.67666 3.78202 3.78202 3.24338 2.47848 2.47848 2.47848 2.53909 2.71717 2.89796 3.07867 3.24722 3.28522 3.29117 3.29712 3.30307 3.30748 3.17346 3.06146 3.03299 3.28892 3.49539 3.44502 2.36896 2.24485 2.24485 2.24485 2.27547 2.39089 2.25756 2.12411 1.99108 1.93097 2.02094 2.26419 2.26419 2.26419 2.26419 2.26419 2.25929 2.25644 2.27263 1.99162 2.94458 3.32191 3.43257 3.51873 3.51974 3.51974 3.43671 3.28246 3.34946 3.42438
4.87312 4.93092 4.92690 4.92201 4.91713 4.91257 4.91159 4.91159 4.91159 4.91159 4.91159 4.91159 4.90345 3.88220 3.78298 3.69584 2.80907 2.97310 3.15715 3.28320 3.29211 3.29805 3.30401 3.30767 3.30771 3.30771 3.30770 3.28293 3.23618 3.12422 2.89701 2.87874 3.01627 3.43466 3.43302 2.62840 2.02366 1.89039 1.75712 1.64855 1.89425 1.93097 1.93097 1.93097 1.93097 1.94127 2.25129 2.26419 2.26467 2.38657 2.60061 2.81224 3.02125 3.20672 2.64644 2.86103 3.47470 3.47620 3.50201 3.45063 3.39485 3.33075 3.37674 3.62077 3.63267
4.91578 4.91190 4.91159 4.91159 4.91159 4.91159 4.91159 4.91159 4.91159 4.91159 4.91705 4.95686 5.00488 4.37397 3.97383 4.00868 3.56238 3.30494 3.30771 3.30771 3.30771 3.30771 3.30771 3.28687 3.24015 3.19340 3.14665 3.12467 3.12467 3.11792 2.90555 2.96991 3.05942 3.03245 2.87468 2.46094 1.63769 1.63769 1.63769 1.63769 1.80350 1.93097 1.93097 1.93097 1.97280 2.17193 2.62416 2.93334 3.14709 3.23934 3.23934 3.23909 3.22957 3.17170 2.75112 2.26401 3.21137 3.16034 3.18503 3.21583 3.21583 3.21583 3.32807 3.45129 3.42251
4.91159 4.91159 4.91159 4.91159 4.91159 4.91159 4.92521 4.97202 5.12421 5.33332 5.53697 5.70626 5.86734 5.26885 4.00892 4.00892 3.81256 3.30771 3.30771 3.29047 3.24418 3.19741 3.15066 3.12474 3.12467 3.12478 3.16935 3.24974 3.33023 3.41066 3.30205 3.23445 3.23445 2.96801 2.82751 2.77575 1.67446 1.63769 1.63769 1.64120 1.85771 2.29051 2.50465 2.71880 2.89111 2.90612 3.05161 3.21812 3.13925 3.05700 2.97393 2.89069 2.80359 2.77596 2.68338 1.93269 2.84342 3.11002 3.14208 3.13855 3.06563 3.04510 3.15624 3.28757 3.32595
4.91159 4.91165 4.93892 5.08972 5.29884 5.50890 5.70506 5.86734 5.92425 5.92425 5.92425 5.92425 5.92425 5.78999 4.03335 3.99136 3.95551 3.20468 3.15467 3.12511 3.12467 3.13385 3.20328 3.28374 3.36417 3.44449 3.48038 3.48038 3.48038 3.48038 3.37652 3.23445 3.23445 3.08830 2.82751 2.84350 2.18301 2.11581 2.32996 2.54069 2.61745 2.88491 2.89868 2.88554 2.87241 2.85907 2.84547 2.78943 2.78489 2.78368 2.78348 2.78348 2.77996 2.77573 2.77573 2.08797 2.51185 3.25529 3.35447 3.12323 3.01515 2.84832 2.72014 2.85984 3.00661
5.47510 5.68410 5.86596 5.92425 5.92425 5.92425 5.92425 5.92425 5.92425 5.92425 5.92425 5.91472 5.85556 5.78920 4.24339 3.75868 3.79579 3.36111 3.23722 3.31768 3.39810 3.46939 3.48038 3.48038 3.48038 3.48038 3.48038 3.48038 3.48038 3.48038 3.44609 3.27453 3.33909 3.37296 3.06619 3.11004 2.90158 2.60111 2.58797 2.57479 2.56165 2.73380 2.83468 2.83334 2.83199 2.83081 2.83059 2.78898 2.78348 2.78348 2.78348 2.77715 2.75800 3.01669 3.15075 2.73758 2.42421 3.11147 2.87613 2.67114 2.63165 2.63165 2.63560 2.82907 2.97337
5.92425 5.92425 5.92425 5.92425 5.92425 5.92425 5.92425 5.92033 5.86833 5.80196 5.73557 5.67874 5.67528 5.75480 4.91056 3.98322 4.06357 3.92878 3.48038 3.48038 3.48038 3.48038 3.48038 3.48038 3.48038 3.48038 3.48980 3.54754 3.61210 3.67672 3.74082 3.55078 3.50383 3.49066 3.16509 3.05743 2.98211 2.54126 2.52228 2.50043 2.47856 2.58005 2.83063 2.83063 2.83063 2.83063 2.83020 2.77952 2.72721 2.69339 2.65958 2.63207 2.62970 3.26506 3.39415 3.13719 2.26705 2.67463 2.77291 2.71631 2.63165 2.63784 2.65173 2.80953 2.97202
5.92425 5.92425 5.92425 5.92349 5.88109 5.81472 5.74833 5.68589 5.68757 5.78555 5.89512 6.00459 6.11041 6.14036 5.73553 4.11195 4.11191 4.13420 3.48038 3.48038 3.48038 3.48038 3.51012 3.57465 3.63921 3.70380 3.74255 3.70664 3.66358 3.62050 3.57741 3.49119 3.44980 3.44845 3.23906 3.00235 2.98048 2.54571 2.45711 2.45711 2.45711 2.47383 2.80951 2.78955 2.75572 2.72189 2.68851 2.66109 2.62953 2.62953 2.62953 2.62953 2.62953 3.01596 3.39415 3.38130 2.35767 2.54408 2.81011 2.81752 2.69295 2.69697 2.69699 2.78337 2.93402
5.89380 5.82749 5.76110 5.69549 5.70852 5.81631 5.92583 6.03535 6.12888 6.14036 6.14036 6.14036 6.14036 6.14036 6.12535 4.30088 4.11191 4.19332 3.68900 3.60174 3.66633 3.70819 3.69997 3.65694 3.61388 3.57082 3.54416 3.54383 3.54383 3.54305 3.52706 3.47728 3.38926 3.36873 3.29238 2.95718 2.95718 2.68900 2.43121 2.39739 2.36355 2.32971 2.56604 2.67668 2.67668 2.67668 2.67668 2.67355 2.63012 2.62953 2.62953 2.63051 2.66679 2.90358 3.58739 3.65918 2.85109 2.44331 2.85271 2.85458 2.72992 2.67613 2.71853 2.77973 2.77839
5.73760 5.84706 5.95654 6.06615 6.13863 6.14036 6.14036 6.14036 6.14036 6.14036 6.14036 6.14036 6.14036 6.16035 6.24956 5.06830 4.38211 4.42876 4.09475 3.60725 3.56421 3.54383 3.54383 3.54383 3.54383 3.54340 3.52888 3.50701 3.48514 3.46405 3.45816 3.45408 3.36669 3.35759 3.33497 2.93248 2.84498 2.69323 2.30315 2.30315 2.30315 2.30315 2.44852 2.67668 2.67668 2.67668 2.67668 2.69146 2.70688 2.75014 2.80399 2.85685 2.87438 2.89576 3.67652 3.72337 3.33114 2.54065 2.96176 3.09280 3.06589 3.00033 3.00381 3.00381 2.81667
6.14036 6.14036 6.14036 6.14036 6.14036 6.14036 6.14036 6.14036 6.14036 6.18116 6.27519 6.32894 6.36123 6.37357 6.31665 5.59195 4.29709 4.29709 4.23123 3.54383 3.54383 3.54373 3.53072 3.50886 3.48698 3.46546 3.45816 3.45816 3.45781 3.44280 3.42010 3.39739 3.30553 3.26452 3.26387 2.99437 2.80323 2.79628 2.33871 2.30315 2.30315 2.30315 2.33815 2.71561 2.77300 2.82684 2.88069 2.91972 2.89802 2.87438 2.89912 2.99831 3.09210 3.15190 3.82074 4.24115 4.13718 2.90372 3.07087 3.23811 3.21833 3.01230 3.02290 3.03534 2.89999
6.14036 6.14036 6.14036 6.14036 6.14232 6.20651 6.26029 6.29266 6.32490 6.31640 6.25474 6.23325 6.23325 6.23325 6.23325 6.09052 4.33283 4.29709 4.44116 3.65276 3.48881 3.46705 3.45816 3.45816 3.45416 3.43332 3.41067 3.38794 3.36559 3.35790 3.35790 3.35790 3.31513 3.26387 3.26387 3.13058 2.80323 2.80323 2.48634 2.37519 2.42903 2.48287 2.53441 2.83448 2.92161 2.95049 3.00267 3.05482 3.12511 3.30558 3.33852 3.29671 3.26033 3.25791 3.59219 4.23199 4.23199 3.19641 2.94438 3.20807 3.16046 3.00240 2.85433 2.72526 2.55769
6.15054 6.19168 6.22396 6.25624 6.28661 6.25474 6.23325 6.23325 6.23325 6.23325 6.23325 6.23325 6.23325 6.23325 6.27986 6.42532 5.08542 4.78660 4.87372 4.13297 3.44656 3.42387 3.40116 3.37846 3.35976 3.35790 3.35790 3.35790 3.35790 3.35790 3.35790 3.35790 3.34151 3.25797 3.12602 2.92769 2.31856 2.11722 2.19151 2.55164 2.59353 2.64568 2.69786 2.92040 3.16297 3.14089 3.09394 3.04711 3.01484 3.24103 3.25791 3.25791 3.25791 3.25791 3.37187 4.06592 3.95383 3.33177 2.73373 2.82478 2.70783 2.56811 2.52192 2.52192 2.51178
6.24204 6.23325 6.23325 6.23325 6.23325 6.23325 6.23325 6.23325 6.23325 6.23325 6.26010 6.39695 6.54563 6.69436 6.79650 6.80560 5.90397 4.81975 4.79705 4.49965 3.35790 3.35790 3.35790 3.35790 3.35790 3.35790 3.35790 3.35790 3.35790 3.31562 3.14229 2.95960 2.77679 2.51625 2.46787 2.51753 2.24823 2.16127 2.25186 2.80696 2.82447 2.82024 2.81583 2.84570 3.01133 3.00976 3.00976 3.00976 3.00976 3.17860 3.32351 3.40649 3.48948 3.57242 3.63233 3.71392 3.73044 3.54104 2.72193 2.63537 2.55882 2.55497 2.52225 2.52192 2.53134
6.23325 6.23325 6.23325 6.23325 6.23325 6.23325 6.24571 6.36857 6.51725 6.66589 6.78784 6.81733 6.88969 6.96598 7.04233 7.11266 6.71264 4.77592 4.76326 4.83139 3.46037 3.35790 3.35790 3.35790 3.35693 3.24715 3.06453 2.88184 2.69914 2.58245 2.63532 2.69801 2.76069 2.74161 2.73038 2.73287 2.54674 2.26743 2.26301 2.67836 2.80834 2.80810 2.80810 2.80810 2.97681 3.03864 3.12046 3.20348 3.28643 3.46226 3.63493 3.63493 3.63493 3.63493 3.63493 3.68598 3.73044 3.72742 2.82924 2.69873 2.58549 2.60757 2.59138 2.59939 2.60840
6.19380 6.23325 6.23682 6.34013 6.48882 6.63751 6.77379 6.83522 6.91154 6.98779 7.06407 7.12276 7.12665 7.12665 7.12665 7.12665 7.10532 5.06621 4.76326 4.79151 3.91963 3.16954 2.98668 2.80415 2.65478 2.64455 2.70723 2.76989 2.83257 2.87161 2.87212 2.87212 2.87155 2.82119 2.72401 2.71959 2.66555 2.25622 2.25493 2.51089 2.81402 2.88094 2.96389 3.04691 3.23621 3.38566 3.38679 3.38679 3.38679 3.41458 3.63459 3.63493 3.63493 3.63493 3.62884 3.54622 3.47818 3.33769 2.97672 2.85045 2.68955 2.66261 2.63680 2.60990 2.61901
6.11378 6.60913 6.75673 6.85700 6.93328 7.00963 7.08588 7.12662 7.12665 7.12665 7.12665 7.12665 7.12665 7.12665 7.12665 7.12665 7.08378 5.56181 4.47321 4.38899 3.78603 2.71643 2.77911 2.84180 2.87212 2.87212 2.87212 2.87212 2.87172 2.86803 2.86361 2.85920 2.85536 2.84545 2.71740 2.71557 2.66930 2.39745 2.45585 2.63108 3.16907 3.18513 3.18513 3.18513 3.22900 3.38679 3.38679 3.38679 3.38679 3.38679 3.54144 3.44385 3.30335 3.16292 3.02845 2.99520 3.08289 3.08921 3.01472 2.87636 2.80579 2.75106 2.77568 2.73822 2.75745
6.24187 7.03137 7.10530 7.12665 7.12665 7.12665 7.12665 7.12665 7.12665 7.12665 7.12665 7.12590 7.05028 6.92141 6.66950 6.35906 6.09127 5.53537 4.52873 4.55067 4.46192 2.92353 2.87212 2.87212 2.87186 2.86839 2.86397 2.85956 2.85554 2.85482 2.85482 2.84909 2.75991 2.64315 2.41853 2.27044 2.19985 2.42244 2.63196 2.63229 3.11321 3.18513 3.18513 3.18513 3.18644 3.35424 3.25688 3.11638 2.97589 2.83539 2.88469 2.99370 2.99370 3.00012 3.03348 3.07246 3.17821 3.25393 3.28510 3.08384 3.02694 2.84344 2.84344 2.77517 2.79557
5.92020 7.12665 7.12665 7.12665 7.12665 7.12665 7.12665 7.11697 7.01015 6.75626 6.44669 6.13688 5.90201 5.72125 5.66354 5.66354 5.66354 5.63236 4.66674 4.55067 4.53979 3.31363 2.86433 2.85991 2.85576 2.85482 2.85482 2.82322 2.71049 2.59374 2.47703 2.36596 2.33843 2.33843 2.26949 2.19918 2.19918 2.29494 2.63196 2.63196 2.94992 3.11639 2.97596 2.83540 2.69497 2.68766 2.74556 2.74556 2.77899 2.84589 2.96366 3.12660 3.16954 3.20615 3.21573 3.21970 3.25456 3.31525 3.31525 3.14151 3.07755 2.87136 2.87384 2.97906 3.09436
5.55664 6.96008 7.12665 7.09281 6.84307 6.53351 6.22377 5.92306 5.71921 5.66354 5.66354 5.66354 5.66354 5.66354 5.66354 5.66354 5.66316 5.52377 4.57354 3.91176 3.66969 3.30132 2.85338 2.77783 2.66112 2.54437 2.42761 2.34246 2.33843 2.33843 2.33843 2.33843 2.33843 2.33843 2.30841 2.19918 2.18175 2.00876 2.21161 2.01378 2.03666 2.54390 2.54753 2.59966 2.66652 2.79158 3.00202 3.07196 3.11199 3.11859 3.12836 3.21664 3.21974 3.21974 3.21974 3.21974 3.22752 3.33507 3.39588 3.35223 3.27989 3.17980 3.10236 3.13426 3.22564
5.48349 6.09445 6.00095 5.72424 5.66354 5.66354 5.66354 5.66354 5.66354 5.66354 5.66354 5.66354 5.66354 5.56877 5.32111 5.07154 4.82225 4.71207 4.30831 3.47285 3.35609 3.16723 2.38739 2.33843 2.33843 2.33843 2.33843 2.33843 2.33843 2.33843 2.33843 2.33843 2.27072 2.06050 1.81747 1.38536 1.07386 1.03305 1.48190 1.78344 1.90714 2.79329 2.88570 2.95389 3.08113 3.21259 3.13908 3.12898 3.12898 3.12898 3.12898 3.19475 3.21365 3.14929 3.07037 2.99141 2.91253 3.43873 3.60099 3.56585 3.36344 3.30584 3.13314 3.13314 3.21161
5.63199 5.67312 5.66354 5.66354 5.66354 5.66354 5.66354 5.66354 5.66354 5.60521 5.36811 5.11854 4.86878 4.71407 4.62799 4.39769 4.16479 3.93169 3.65196 3.10210 3.08282 3.07797 2.51259 2.33843 2.33843 2.33843 2.33843 2.33287 2.18868 1.96467 1.71028 1.41930 1.20616 1.20573 1.21049 1.28227 1.41453 1.48413 1.68375 2.12539 2.29331 3.01412 3.32655 3.40114 3.40164 3.40164 3.21918 3.12898 3.09282 3.01397 2.93505 2.89682 2.87406 2.85955 2.85955 2.85955 2.85955 3.22309 3.60099 3.60099 3.39750 3.36240 3.15418 3.12952 3.17739
5.63199 5.66229 5.66432 5.66354 5.66354 5.63281 5.41511 5.16545 4.91578 4.72254 4.56516 4.33216 4.09916 3.86636 3.71725 3.71465 3.71465 3.71465 3.70760 3.20767 3.08282 3.08205 2.74220 2.29666 2.09965 1.86350 1.59526 1.29891 1.20650 1.21126 1.21601 1.22077 1.22365 1.22367 1.22367 1.37221 1.70285 1.87317 2.07881 2.72099 2.73415 3.04584 3.40164 3.39091 3.32096 3.24208 3.06508 2.81158 2.76886 2.76879 2.76879 2.78440 2.85955 2.85955 2.85955 2.85955 2.85955 3.00269 3.54601 3.48673 3.38356 3.34962 3.20713 3.12020 3.13869
5.63199 5.63404 5.46926 5.21245 4.96269 4.72410 4.49962 4.26663 4.03373 3.80273 3.71465 3.71465 3.71465 3.71465 3.71465 3.71465 3.71465 3.71465 3.71465 3.31488 2.82619 2.62241 2.26916 1.22882 1.21202 1.21678 1.22153 1.22367 1.22367 1.22367 1.22367 1.26255 1.42386 1.59418 1.76457 1.91327 2.15632 2.15712 2.15729 2.54488 2.56722 2.56199 3.11669 3.05045 3.04145 3.04145 3.02298 2.77359 2.76879 2.76879 2.76879 2.76897 2.84986 2.83072 2.77141 2.71208 2.65280 2.60270 3.26012 3.33055 3.33507 3.34724 3.29324 3.14692 3.16499
4.97805 4.68512 4.44457 4.20100 3.96820 3.75495 3.71465 3.71465 3.71465 3.71465 3.71465 3.71465 3.71465 3.71465 3.71055 3.61735 3.47464 3.31646 3.13601 2.82859 2.19473 2.19472 2.19620 1.39999 1.22367 1.22367 1.22367 1.25400 1.41036 1.58076 1.75108 1.88253 1.89162 1.89162 1.89952 1.95676 2.23993 2.35384 2.41945 2.35990 2.25390 2.25390 2.92226 3.04145 3.04145 3.04145 3.04145 2.83950 2.75997 2.70678 2.64747 2.58817 2.58503 2.58911 2.58911 2.58911 2.59277 2.61834 3.10334 3.40752 3.43057 3.46870 3.47808 3.24643 3.22725
