High_resolution/powerplant/Chizhou/OMI_NO2_200901.asc
ncols      200
nrows      200
xllcorner       115.585
yllcorner       28.7700
cellsize     0.0166667
NODATA_Value      -999.000
[rows 29 to 57 of 165, columns 65 to 129 of 200]
9.05444 10.3743 10.5234 11.0762 11.0537 11.0321 11.0083 10.9776 10.9457 10.9151 10.8940 10.8797 10.8648 10.8509 10.8408 10.8373 10.6428 10.6196 10.7157 10.5850 10.4199 10.3058 10.2530 10.7083 10.8115 10.7397 10.6729 10.5997 10.4745 10.3822 10.2997 10.2545 10.9994 11.3537 12.4638 13.3153 13.6874 13.6275 13.5625 13.4138 13.2274 13.0400 12.8761 12.8020 12.8569 12.9668 12.9552 13.0690 13.9161 14.7186 15.6091 15.5992 15.5896 15.5869 15.5666 15.5560 15.5560 15.5560 15.5560 15.5574 15.5657 15.5751 15.7910 15.8919 13.9174
8.62887 9.85840 9.96718 10.5327 10.5541 10.5589 10.5652 10.5784 10.5924 10.6063 10.6114 10.6114 10.6189 10.6311 10.5918 10.5158 10.3568 10.1150 9.89531 9.96172 9.90027 9.84194 9.84542 9.66048 9.37181 9.29455 9.21796 9.14745 9.13418 9.13418 9.13418 9.13418 9.79418 10.2145 11.4336 12.1930 12.9584 12.8391 12.7171 12.6782 12.6778 12.6778 12.6778 12.6778 12.7290 12.9441 12.9376 12.9338 13.7075 14.3414 15.5835 15.5869 15.5869 15.5869 15.5764 15.5640 15.5733 15.5827 15.5914 15.5744 15.5385 15.4420 15.3684 15.6414 13.7806
8.71415 9.59065 10.0732 10.4663 10.6114 10.6118 10.6209 10.6336 10.6462 10.6588 10.6296 10.5537 10.4703 10.3821 10.3456 10.3702 10.3989 9.95842 9.65435 9.65524 9.64492 9.64494 9.71077 9.58638 9.13418 9.13418 9.13418 9.13418 9.13418 9.13418 9.13418 9.13418 9.57426 10.1369 10.9327 11.4290 12.5789 12.6778 12.6778 12.6778 12.6732 12.6389 12.5993 12.5597 12.5287 12.8547 12.9189 12.9189 13.4272 14.1366 15.4191 15.5190 15.4732 15.4273 15.3620 15.3246 15.2393 15.1530 15.0672 15.0034 14.8828 14.7725 14.7114 14.9686 13.9393
8.71363 9.16524 9.98200 10.3602 10.6735 10.6857 10.6569 10.5694 10.4809 10.3923 10.3481 10.3918 10.4499 10.5081 10.5662 10.5996 10.5998 9.97519 9.63028 9.64105 9.64492 9.64492 9.68325 9.72940 9.13949 9.13418 9.13418 9.13418 9.13418 9.13418 9.13418 9.13418 9.35409 10.0611 10.6564 11.3340 12.2213 12.6389 12.5993 12.5597 12.5246 12.5176 12.4897 12.4529 12.4162 12.6272 12.8216 12.8671 13.0989 13.6844 14.7811 15.1250 15.0754 15.0257 15.0003 15.0429 15.0187 14.9040 14.7817 14.6622 14.6114 14.6097 14.6097 14.8084 14.4564
8.55083 8.69043 9.84211 10.0718 10.4914 10.4028 10.3596 10.4136 10.4717 10.5298 10.5854 10.5998 10.5998 10.5998 10.5998 10.5998 10.5998 10.2101 9.71110 9.60662 9.64492 9.64492 9.65948 9.75758 9.23454 9.13418 9.13418 9.13418 9.13418 9.13418 9.13418 9.13418 9.15593 9.93481 10.3507 11.0585 11.4938 12.3927 12.4528 12.5144 12.5741 12.6028 12.6457 12.6974 12.7493 12.9543 13.1581 13.1430 13.1863 13.4414 14.2541 15.0008 14.9863 14.8883 14.7663 14.6693 14.6171 14.6097 14.6097 14.6097 14.6097 14.6097 14.6097 14.6776 14.9583
8.39031 8.31442 9.33376 9.73864 10.4631 10.5516 10.5967 10.5998 10.5998 10.5998 10.5998 10.5998 10.5998 10.5998 10.5998 10.5998 10.5998 10.4439 9.79080 9.57392 9.64492 9.64492 9.64503 9.73537 9.36892 9.14279 9.19571 9.25525 9.30898 9.35832 9.45172 9.54551 9.64524 10.5617 11.1472 11.4091 11.6395 12.8131 12.8442 12.7976 12.7528 12.7410 12.7410 12.7410 12.7410 12.8349 13.0933 13.1407 13.1401 13.3359 13.7214 14.6805 14.5776 14.5533 14.5533 14.5614 14.6097 14.6097 14.6097 14.6106 14.6260 14.6465 14.6669 14.6870 15.1101
8.35400 8.39174 9.13408 9.82351 10.4302 10.5998 10.5998 10.5998 10.5998 10.5998 10.5998 10.5998 10.5998 10.5998 10.5998 10.5998 10.5998 10.5771 9.90339 9.62742 9.85278 9.95812 10.1255 10.3489 10.2759 9.92297 9.96356 9.99762 10.0227 10.0466 10.0262 10.0109 10.0293 10.6612 11.3598 11.5141 11.6301 12.3864 12.7410 12.7410 12.7410 12.7410 12.7410 12.7411 12.7411 12.7360 12.9258 12.8968 12.7905 12.9224 13.2934 14.3978 14.5519 14.5471 14.5421 14.5389 14.5984 14.6227 14.6383 14.6527 14.6527 14.6477 14.6427 14.6377 14.8265
8.40286 8.40286 8.76298 9.77849 10.2567 10.5998 10.5998 10.5998 10.5998 10.5994 10.5925 10.5831 10.5737 10.5849 10.6813 10.7869 10.8925 10.9982 10.5781 10.2157 10.8197 10.8348 10.7238 10.6423 10.6776 9.99902 9.97827 9.98104 10.0199 10.0648 10.1096 10.1490 10.1546 10.4473 11.4046 11.5098 11.6014 12.0059 12.7338 12.7321 12.7304 12.7162 12.6276 12.5173 12.4071 12.3306 12.5492 12.6629 12.6703 12.7715 13.0805 14.0831 14.4726 14.4929 14.5133 14.5319 14.5654 14.5916 14.5916 14.5916 14.5916 14.5916 14.5908 14.5863 14.6438
8.29464 8.28916 8.33476 9.59191 9.89021 10.4347 10.5059 10.6115 10.7169 10.8228 10.9354 11.0505 11.1654 11.2598 11.2690 11.2437 11.1687 11.0352 10.5841 9.81765 10.1661 10.3293 10.3346 10.3818 10.7755 10.1179 10.1086 10.1283 10.1260 10.1237 10.1215 10.1192 10.1170 10.1437 11.3037 11.4385 11.5428 11.6443 12.5853 12.5398 12.4313 12.3353 12.3135 12.3135 12.3135 12.3135 12.4718 12.6144 12.6750 12.7366 13.0159 13.9157 14.5353 14.5353 14.5353 14.5353 14.5483 14.5912 14.5872 14.5823 14.5774 14.5725 14.5599 14.4610 14.3280
8.37327 8.42971 8.48563 9.73717 10.4295 11.1907 11.2690 11.2690 11.2690 11.2315 11.1585 11.0854 11.0115 10.8855 10.7294 10.5985 10.5173 10.4947 10.3402 9.72022 10.0736 10.5123 10.5574 10.5633 10.8074 10.3359 10.1147 10.1147 10.1147 10.1147 10.1147 10.1147 10.1147 10.1147 11.0162 11.4044 11.5218 11.3644 11.9567 12.3135 12.3135 12.3135 12.3135 12.3195 12.3458 12.3737 12.5075 12.6796 12.7286 12.7298 12.9811 13.5835 14.5290 14.5295 14.4446 14.3144 14.1846 14.1117 13.9160 13.6646 13.4130 13.1612 12.9141 12.6925 12.4577
8.64947 8.65940 8.65912 9.43367 10.4418 10.8927 10.9992 10.9262 10.8531 10.7734 10.6903 10.6072 10.5249 10.4871 10.4037 10.3006 10.1975 10.0945 10.0205 9.80353 9.99358 10.5633 10.5633 10.5633 10.7048 10.5194 10.1147 10.1147 10.1147 10.1147 10.1147 10.1147 10.1147 10.1147 10.7007 11.3820 11.4971 11.4282 11.6053 12.3194 12.3455 12.3734 12.4013 12.4233 12.4250 12.4185 12.4338 12.5793 12.5919 12.5255 12.5689 12.8820 13.1930 12.9874 12.8129 12.6838 12.5548 12.4751 12.4491 12.4089 12.2982 12.1818 12.0701 12.0224 12.0221
8.48037 8.50506 8.47197 8.78059 10.2521 10.4589 10.6999 10.6168 10.5337 10.4647 10.3645 10.2615 10.1584 10.0629 10.0432 10.0432 10.0432 10.0432 10.0432 9.82388 9.85286 10.5208 10.5633 10.5633 10.6165 10.7017 10.1147 10.1147 10.1147 10.1147 10.1147 10.1147 10.1147 10.1147 10.3852 11.3681 11.5125 11.5689 11.3459 12.2550 12.2817 12.1878 12.0413 11.8942 11.7410 11.5920 11.4817 11.5958 11.5290 11.4703 11.6546 11.9411 12.2955 12.3803 12.3803 12.3638 12.2678 12.1738 12.1042 12.0279 12.0221 12.0221 12.0221 12.0221 12.0221
8.34433 8.43665 8.36678 8.31298 9.80979 9.95779 10.3254 10.2223 10.1192 10.0461 10.0432 10.0432 10.0432 10.0432 10.0432 10.0432 10.0432 10.0432 10.0432 9.87430 9.84147 10.3419 10.5633 10.5633 10.5698 10.8476 10.1223 10.1147 10.1147 10.0948 10.0456 10.0036 9.98676 9.94671 9.91554 10.7658 10.6892 10.5780 10.3582 10.9359 11.2396 11.1780 11.1690 11.1607 11.1584 11.1584 11.1584 11.3472 11.4166 11.4619 11.5391 11.8990 12.1724 12.1898 12.0734 11.9734 11.9530 11.9565 12.0203 12.0221 12.0221 12.0221 12.0267 12.0663 12.1132
9.25029 8.48622 8.51312 8.61458 9.27694 9.48592 9.98247 10.0432 10.0432 10.0432 10.0432 10.0432 10.0432 10.0432 10.0432 10.0432 10.0432 10.0432 10.0432 9.95164 9.80954 10.1455 10.4832 10.4256 10.3670 10.5194 9.90983 9.70374 9.65009 9.61849 9.61655 9.61199 9.58795 9.58730 9.59954 9.92057 10.0707 10.1163 10.1020 10.3765 11.1584 11.1584 11.1584 11.1584 11.1584 11.1584 11.1584 11.2944 11.3638 11.3232 11.2247 11.5035 11.7559 11.9512 11.9530 11.9530 11.9530 11.9530 12.0102 12.0675 12.1086 12.1497 12.1862 12.1877 12.1819
10.4656 9.47681 8.93991 8.93991 9.19506 9.47832 9.84296 10.0432 10.0432 10.0432 10.0432 10.0432 10.0432 10.0456 10.0609 10.0781 10.0952 10.0755 10.0278 9.96359 9.73262 9.78863 9.85007 9.82137 9.87036 10.0902 9.77667 9.53079 9.53864 9.54409 9.55546 9.56584 9.57059 9.57537 9.57846 9.76708 9.99462 10.0108 10.0173 9.97344 10.9697 11.0554 11.0505 11.0456 11.0260 10.9362 10.8273 10.7910 10.8428 10.8689 10.8826 11.1731 11.5576 11.8283 11.8710 11.9098 11.9509 11.9920 12.0550 12.0979 12.0979 12.0979 12.0979 12.0979 12.0979
10.0776 10.0316 8.93660 8.93635 9.05114 9.47349 9.69011 10.0678 10.0848 10.0846 10.0389 9.99115 9.94333 9.89299 9.82990 9.76463 9.69978 9.67161 9.65627 9.59326 9.47716 9.63777 10.0839 10.1934 10.2151 10.2369 9.91941 9.46020 9.46905 9.47787 9.48075 9.47968 9.47861 9.47754 9.47647 9.55968 9.90031 9.91066 9.93484 9.89879 10.5589 10.9343 10.8304 10.7276 10.6396 10.6213 10.6213 10.6411 10.7726 10.7928 10.8491 11.0782 11.5617 11.9041 12.0265 12.0288 12.0288 12.0288 12.0373 12.0978 12.1004 12.1226 12.1489 12.1752 12.2015
9.48527 10.3617 8.81336 8.56073 8.38638 9.02652 9.12512 9.78563 9.72149 9.67382 9.67148 9.67148 9.64677 9.56983 9.49143 9.41828 9.41855 9.44192 9.48059 9.56710 9.49540 9.52836 10.1733 10.2484 10.2600 10.2772 10.1569 9.47123 9.47123 9.47123 9.47123 9.47123 9.47123 9.47123 9.47123 9.47523 9.86915 9.89937 9.93376 9.87049 9.96758 10.6214 10.6213 10.6213 10.6213 10.6213 10.6165 10.6023 10.7255 10.7334 10.9942 11.0805 11.5818 11.8936 12.0288 12.0291 12.0418 12.0607 12.0679 12.1492 12.1750 12.1658 12.0543 11.8981 11.7413
8.08965 8.71509 8.04279 7.60393 7.60393 8.46467 8.83897 9.43583 9.47791 9.39937 9.32093 9.24459 9.26107 9.36153 9.46333 9.55989 9.58329 9.58505 9.58703 9.58901 9.54624 9.49255 10.0421 10.2700 10.2700 10.2706 10.3067 9.52225 9.47123 9.47123 9.47123 9.47123 9.47123 9.47123 9.47123 9.47123 9.76484 9.89640 9.92751 9.92260 9.73313 10.5334 10.6164 10.6020 10.5874 10.5729 10.5631 10.5629 10.6681 10.7024 10.8711 10.9435 11.4018 11.6780 11.7850 11.6519 11.5028 11.3473 11.2039 11.1166 11.0255 10.8851 10.8875 10.9702 11.0537
7.80383 8.31475 8.45195 7.52969 7.50804 8.02617 8.71555 8.90519 9.24783 9.34974 9.45169 9.55134 9.58384 9.58581 9.58779 9.58978 9.59149 9.59171 9.59171 9.59171 9.58543 9.44713 9.85726 10.2700 10.2700 10.2700 10.3039 9.69253 9.47123 9.47123 9.47123 9.47123 9.47123 9.47123 9.47123 9.47123 9.65626 9.89691 9.91138 9.90909 9.74452 10.1744 10.5123 10.4826 10.4404 10.2281 9.95849 9.69232 9.48297 9.28727 9.13044 9.05739 9.69153 10.3840 10.6692 10.7351 10.7351 10.7351 10.7620 10.8626 11.0263 11.1073 11.1433 11.1439 11.1439
7.65960 7.94515 8.72825 7.52817 7.52358 7.84376 8.96860 9.14167 9.58460 9.58658 9.58856 9.59054 9.59171 9.59171 9.59171 9.59171 9.59171 9.59171 9.59171 9.59171 9.59171 9.46528 9.65500 10.2561 10.2700 10.2700 10.2948 9.87903 9.47123 9.47123 9.47123 9.47123 9.47121 9.47078 9.46390 9.44487 9.44537 9.46813 9.06503 8.54647 8.15337 8.09970 8.72788 8.44558 8.17103 8.10521 8.10290 8.08937 8.13172 8.25816 8.27723 8.57936 9.21154 10.3108 10.5973 10.8131 10.8965 10.9799 11.0363 11.0421 11.1344 11.1439 11.1439 11.1439 11.1439
7.65953 7.84803 8.55187 8.00961 7.58176 7.42181 8.75199 9.07993 9.58560 9.59171 9.59171 9.59171 9.59171 9.59171 9.59171 9.59171 9.59171 9.59171 9.59171 9.59171 9.59171 9.50825 9.50692 10.1695 10.2700 10.2695 10.2846 10.0736 9.42095 9.15534 8.85520 8.53215 8.19638 7.84793 7.50142 7.18781 6.93926 6.97564 6.87424 6.49775 6.54679 6.78976 7.93391 8.08784 8.08784 8.08784 8.08784 8.08784 8.09649 8.25625 8.26079 8.54364 8.96767 10.4367 10.7945 11.0414 11.0414 11.0414 11.0414 11.0414 11.1042 11.1273 11.0676 11.0058 10.9439
6.79705 6.60727 6.92425 7.34598 6.91828 6.91828 8.02532 9.10347 9.44492 9.59171 9.59171 9.59171 9.59171 9.59171 9.59171 9.59171 9.59171 9.58402 9.56797 9.55193 9.49167 9.15511 8.65725 8.89013 8.89885 8.52449 8.12522 7.67514 6.90901 6.90042 6.93333 6.98083 7.03044 7.12568 7.23307 7.30661 7.37858 7.43521 7.26743 6.65809 6.59607 6.76255 7.54180 8.16326 8.16791 8.17477 8.18804 8.23222 8.33164 8.57444 8.70156 8.89147 9.12885 10.5536 10.7662 11.0758 11.0833 11.0643 11.0067 10.9484 10.9220 10.9509 10.9523 10.9559 10.9595
6.11863 6.12309 6.50922 7.48773 6.93467 6.90989 7.45785 9.10794 9.29698 9.57372 9.55752 9.54020 9.51796 9.29692 8.97364 8.65013 8.32708 8.01150 7.70427 7.39705 7.13402 7.08845 6.29247 6.72112 7.34127 7.33537 7.34827 7.62348 7.23307 7.27281 7.36606 7.45933 7.55106 7.59066 7.60387 7.61721 7.63043 7.64372 7.61072 6.88604 6.73109 6.82887 7.24446 8.41983 8.50740 8.60981 8.70558 8.76882 8.77410 8.83942 8.88231 8.91312 9.25386 10.2722 10.6932 10.8945 10.8994 10.8600 10.8594 10.8594 10.8638 10.9586 10.9620 10.9633 10.9727
5.99020 5.99020 6.35695 7.14376 7.03939 6.77213 6.71630 8.10036 8.01336 8.10943 7.80258 7.49685 7.19558 7.09359 7.09359 7.11042 7.20226 7.30304 7.39679 7.45289 7.50330 7.54516 6.92467 6.79296 7.44309 7.56210 7.64197 7.94428 7.84472 7.74559 7.74715 7.74715 7.74715 7.74715 7.74715 7.74715 7.74715 7.74715 7.74715 7.16780 6.79471 6.80210 7.12215 8.54590 8.77410 8.77410 8.77410 8.77410 8.77410 8.81071 8.86714 8.85703 8.96559 9.65077 10.5295 10.7102 10.8594 10.8594 10.8590 10.8495 10.8362 10.9420 11.0094 11.0246 11.0353
5.30317 5.06547 5.11661 5.46507 5.80412 5.39547 5.39035 6.18845 6.56889 7.10479 7.21871 7.31944 7.42022 7.52100 7.61756 7.65997 7.61860 7.56831 7.52497 7.55527 7.73113 7.92101 7.79162 7.47483 7.62003 7.78562 7.78562 7.94674 7.93830 7.73346 7.74715 7.74715 7.74715 7.74715 7.74715 7.74715 7.74715 7.74715 7.74715 7.41574 6.79791 6.79471 7.09068 8.02530 8.77410 8.76904 8.75893 8.74882 8.73871 8.75172 8.84186 8.84186 8.89554 9.22936 10.5045 10.5899 10.8479 10.7444 10.5917 10.4450 10.2982 10.2396 10.2194 10.0549 9.89702
4.24379 4.24379 4.42295 4.76269 5.69442 5.30298 5.24591 5.66699 6.32409 7.47125 7.71249 7.67493 7.62462 7.57431 7.52817 7.61556 7.80543 7.99530 8.18526 8.33919 8.35320 8.35320 8.22227 7.64783 7.49844 7.78562 7.78562 7.88078 8.04008 7.71950 7.74715 7.74715 7.74715 7.74715 7.74715 7.74715 7.74715 7.74715 7.74715 7.59708 6.86770 6.78763 6.92093 7.44086 8.73676 8.71994 8.70685 8.69375 8.68067 8.66595 8.73867 8.69154 8.64389 8.70490 9.12658 9.15447 9.47961 9.42747 9.42856 9.42856 9.43131 9.54557 9.93631 10.1109 10.2692
4.07586 4.02390 4.05208 4.40870 5.18671 5.23061 5.12233 5.28097 6.18290 6.96334 7.54709 7.68977 7.87965 8.06960 8.25948 8.35320 8.35320 8.35320 8.35320 8.35320 8.35320 8.35320 8.34423 7.70097 7.47576 7.78541 7.78562 7.82036 8.11888 7.72889 7.74611 7.74715 7.74715 7.74715 7.74715 7.74715 7.74090 7.71010 7.67112 7.61484 6.84438 6.63897 6.63160 6.98351 8.37137 8.56672 8.51773 8.46879 8.41987 8.37335 8.41863 8.43931 8.43931 8.53851 8.56498 8.80898 9.31759 9.47311 9.63182 9.80565 9.97655 10.0630 10.2651 10.3136 10.3136
3.93189 3.93189 3.93663 4.32442 4.64367 5.07194 5.05715 5.34806 6.40869 7.14569 8.31876 8.35320 8.35320 8.35320 8.35320 8.35320 8.35320 8.35320 8.35320 8.35320 8.35320 8.35320 8.35320 7.88907 7.51559 7.73069 7.78562 7.78597 8.08212 7.77304 7.68053 7.66810 7.64332 7.61123 7.57229 7.53334 7.50041 7.48860 7.44845 7.39904 6.83060 6.36643 6.29475 6.56243 7.51540 8.33110 8.33110 8.33110 8.33110 8.33110 8.38650 8.43931 8.43931 8.51384 8.71056 9.04299 9.67385 10.0509 10.0660 10.0660 10.0660 10.0660 10.1905 10.3136 10.3163
3.83421 3.80801 3.81824 4.23164 4.61102 6.16534 6.41695 6.42318 6.84436 7.00556 8.32109 8.35320 8.35320 8.35320 8.35320 8.35320 8.35320 8.35320 8.35320 8.35320 8.35208 8.34228 8.33066 8.03467 7.57703 7.49656 7.63274 7.60771 7.78106 7.83122 7.80429 7.49836 7.43596 7.37941 7.32997 7.27950 7.21158 7.14126 7.10740 7.08283 6.79008 6.16715 6.16312 6.33234 6.91260 8.33110 8.33110 8.33110 8.33110 8.33384 8.45353 8.70697 8.90039 9.09784 9.26845 9.36195 9.78842 10.1926 10.2128 10.2330 10.2567 10.2836 10.3605 10.5851 10.6095
