High_resolution/powerplant/Chizhou/OMI_NO2_201104.asc
ncols      200
nrows      200
xllcorner       115.585
yllcorner       28.7700
cellsize     0.0166667
NODATA_Value      -999.000
[rows 29 to 57 of 200, columns 0 to 66 of 200]
1.56698 1.56006 1.57345 1.57345 1.57345 1.57345 1.57345 1.57345 1.57345 1.63104 1.72392 1.68529 1.63445 1.56452 1.49256 1.94839 2.73222 2.77705 2.77705 2.77705 2.77705 2.77705 2.77705 2.78158 2.80757 2.86810 2.74348 2.80344 2.80570 2.76428 2.70605 2.64785 2.58994 2.56671 2.45303 2.03003 2.03003 2.03003 2.03003 2.03003 2.03003 2.03385 2.07806 2.15793 2.32378 2.37233 3.67448 4.27313 3.93087 4.08236 4.31075 4.33851 4.54576 5.27464 5.33432 5.39399 5.43349 5.45905 5.56966 5.68768 5.80575 5.90994 5.92148 5.91024 5.89900 5.89063 5.89018
1.61290 1.57431 1.57345 1.57345 1.57345 1.56312 1.52785 1.48553 1.43504 1.38725 1.48793 1.48793 1.48793 1.48793 1.48793 1.74350 2.56778 2.77705 2.77705 2.77713 2.83364 2.93789 3.04214 3.13956 3.11358 3.03065 2.72856 2.63998 2.58348 2.56671 2.56671 2.56671 2.56671 2.56671 2.55825 2.07198 2.03003 2.03003 2.03003 2.03003 2.04053 2.36335 3.06534 3.64300 4.22075 4.55314 4.97544 5.28128 4.77463 4.39247 4.45212 4.51184 4.56863 5.41171 5.60130 5.71927 5.83693 5.92236 5.91848 5.90723 5.89600 5.89018 5.89018 5.89018 5.89018 5.89018 5.89018
1.61375 1.55189 1.50583 1.45936 1.40343 1.35814 1.35668 1.35668 1.33954 1.30566 1.42611 1.48793 1.48793 1.48793 1.48793 1.50683 2.38065 2.90459 3.00884 3.11297 3.16608 3.22322 3.29341 3.36299 3.19742 2.77769 2.64466 2.56671 2.56671 2.56671 2.56671 2.56671 2.56671 2.56671 2.56671 2.24978 2.28929 2.72022 3.10007 3.43802 3.73440 3.82326 4.12391 4.45310 4.56135 4.67213 4.89950 5.49571 5.36913 4.64513 4.76314 4.88106 4.99773 5.60317 5.91546 5.90423 5.89334 5.89018 5.89018 5.89018 5.89018 5.89018 5.89018 5.89018 5.89018 5.89018 5.89018
1.26145 1.29662 1.35503 1.32916 1.29526 1.26137 1.22747 1.19357 1.17682 1.17682 1.30013 1.48793 1.48793 1.48793 1.48793 1.48793 2.40850 3.21227 3.29411 3.36430 3.42877 3.44152 3.44152 3.44152 3.40468 2.79564 2.70642 2.56671 2.56671 2.56671 2.56671 2.54211 2.45169 2.34731 2.22949 2.78412 3.82326 3.82326 3.82326 3.82326 3.82326 3.79095 3.83586 4.19018 4.34969 4.91847 4.92272 5.51573 5.57830 5.11810 5.04278 5.03154 5.02180 5.30749 5.89018 5.89018 5.89018 5.89018 5.89018 5.89018 5.89018 5.89018 5.89018 5.89018 5.89018 5.89018 5.89018
1.01403 0.980505 1.18169 1.17682 1.17682 1.17682 1.17682 1.17682 1.17682 1.17682 1.22742 1.48793 1.50646 1.68167 1.89225 2.10081 2.59987 3.35871 3.44152 3.44152 3.44152 3.44152 3.44152 3.44152 3.44152 2.97175 2.75905 2.48710 2.38048 2.26714 2.13827 2.03467 2.03003 2.03003 2.03003 2.19678 3.80369 3.81004 3.73408 3.60768 3.45968 3.34390 3.28926 3.99627 4.12756 5.04010 5.19948 5.43813 5.51932 5.22316 5.02049 5.02049 5.02049 5.06806 5.87000 5.89018 5.89018 5.89018 5.89018 5.89018 5.89018 5.89018 5.89018 5.89118 5.89588 5.90092 5.90129
0.865712 0.865712 1.12649 1.17682 1.17682 1.17682 1.17682 1.17682 1.18701 1.27542 1.38842 2.05716 2.29556 2.33026 2.33026 2.33026 2.34426 3.23019 3.44152 3.44152 3.44152 3.44100 3.40647 3.34460 3.27181 2.83885 2.11182 2.04048 2.03003 2.03003 2.03003 2.03003 2.03003 1.99512 1.83004 1.63263 2.99869 3.24240 3.17034 3.14901 3.19930 3.28537 3.37145 4.09771 4.52174 5.08501 5.39330 5.42636 5.51897 5.39085 5.02049 5.02049 5.02049 5.02049 5.65814 5.89018 5.89018 5.89018 5.89115 5.89581 5.90082 5.90603 5.90960 5.87965 5.83171 5.78345 5.73986
0.865712 0.865712 1.04221 1.17682 1.18748 1.27685 1.38210 1.48638 1.58148 1.59799 1.59799 1.99576 2.33026 2.33026 2.33026 2.33026 2.33026 2.94373 3.36446 3.29539 3.21340 3.11566 3.07391 3.07391 3.07391 2.99408 2.09189 2.03800 1.94136 1.85432 1.71971 1.52267 1.32526 1.16280 1.13055 1.13350 2.26821 3.29734 3.38338 3.46906 3.50478 3.50478 3.50478 3.86314 4.52189 4.79351 5.39330 5.39561 5.51041 5.51658 5.06440 5.02049 5.02049 5.01703 5.38776 5.90077 5.90577 5.91078 5.91486 5.89003 5.84177 5.79350 5.74652 5.73221 5.72297 5.66039 5.58942
0.865712 0.865712 0.926801 1.48306 1.58236 1.59799 1.59799 1.59799 1.59799 1.59799 1.59799 1.79048 2.33026 2.33026 2.33026 2.33026 2.33026 2.60601 3.07391 3.07391 3.07391 3.07391 2.95023 2.72966 2.54247 2.38062 1.69167 1.35110 1.30400 1.19365 1.13084 1.13834 1.22998 1.34480 1.45952 1.57120 1.98093 3.50478 3.50478 3.50478 3.50478 3.50478 3.50478 3.61398 4.52189 4.54934 5.34624 5.39330 5.47032 5.49296 5.15365 4.95861 4.93740 4.91968 5.05461 5.89904 5.85180 5.80355 5.75529 5.73221 5.71046 5.64125 5.57028 5.49893 5.39562 5.31883 5.25034
0.865712 0.865712 0.865712 1.49189 1.59799 1.59799 1.59799 1.59799 1.59799 1.59799 1.59799 1.64843 2.32967 2.33026 2.33026 2.33026 2.28675 2.01447 2.57281 2.46077 2.31021 2.17795 2.11295 2.03040 1.92008 1.80980 1.43788 1.06238 1.23375 1.36066 1.47547 1.58241 1.60539 1.60539 1.60539 1.60539 1.60539 3.29122 3.50478 3.50478 3.50478 3.50478 3.50478 3.50401 4.31456 4.47190 5.00270 5.28679 5.30119 5.38198 5.23571 4.90889 4.86440 4.81612 4.76787 5.57323 5.69299 5.62205 5.55114 5.47511 5.37043 5.30031 5.23190 5.16399 5.13712 5.13712 5.13712
0.865712 0.865712 0.865712 1.30092 1.59799 1.59799 1.59799 1.59799 1.59799 1.59799 1.59799 1.62879 1.86060 1.67088 1.50737 1.37630 1.28077 1.26759 1.81358 2.06552 1.95524 1.84488 1.73931 1.69194 1.57235 1.43891 1.30879 1.50695 1.56941 1.60539 1.60539 1.60539 1.60539 1.60539 1.60539 1.60539 1.60539 2.79151 3.50464 3.49168 3.47049 3.44931 3.42811 3.40770 3.89534 4.38489 4.65355 5.25123 5.20377 5.25511 5.18717 4.75798 4.67637 4.60543 4.53449 4.99055 5.35027 5.28181 5.21341 5.15003 5.13712 5.13712 5.13712 5.13712 5.13712 5.13712 5.13712
0.865712 0.865712 0.865712 1.00500 1.59567 1.60015 1.65128 1.72268 1.79400 1.86532 1.93667 1.97719 1.58507 1.26759 1.26759 1.26759 1.26759 1.26759 1.40214 1.69059 1.56967 1.43669 1.30334 1.18974 1.17619 1.17619 1.17619 1.44821 1.54593 1.60539 1.60539 1.60539 1.60539 1.60539 1.60539 1.60539 1.60539 2.17776 3.41027 3.40203 3.40203 3.40203 3.40203 3.40205 3.63581 4.39274 4.42056 4.98924 5.01231 5.09868 5.13798 4.62729 4.33430 4.26590 4.19749 4.38877 5.13712 5.13712 5.13712 5.13712 5.13712 5.13712 5.13712 5.13712 5.13712 5.13712 5.13712
0.888549 1.01760 1.16039 1.30303 1.83187 1.95716 1.97734 1.97734 1.97734 1.97734 1.97734 1.97734 1.78930 1.26759 1.26759 1.23387 1.05078 0.851876 0.653036 1.12133 1.17619 1.17619 1.17619 1.17619 1.17619 1.17619 1.17619 1.33756 1.52533 1.60225 1.60539 1.60539 1.60539 1.60539 1.60539 1.60539 1.60539 1.64825 3.31356 3.40203 3.40316 3.40710 3.48749 3.63565 3.83304 4.40295 4.40257 4.75133 4.90492 4.85952 4.80083 4.52262 4.13965 4.13965 4.13965 4.15561 5.07010 5.13712 5.13712 5.13712 5.13712 5.13712 5.13712 5.13712 5.13712 5.13712 5.05931
1.61084 1.62442 1.62442 1.62442 1.84381 1.97734 1.97734 1.97734 1.97734 1.97734 1.97734 1.94120 1.73903 0.882447 0.647430 0.482251 0.464585 0.464585 0.464585 0.908728 1.17619 1.17619 1.17619 1.17619 1.17619 1.17619 1.17619 1.22707 1.52244 1.58142 1.60539 1.60539 1.60539 1.60539 1.60539 1.60539 1.62450 1.70071 3.19287 3.90626 4.09691 4.30600 4.40097 4.35335 4.28656 4.21974 4.15331 4.31158 4.73610 4.73713 4.74820 4.72047 4.16019 4.13965 4.13965 4.13965 4.78970 5.13712 5.13712 5.13712 5.13712 5.05931 4.67718 4.22352 3.71606 3.14821 2.66893
1.62442 1.62442 1.62442 1.62442 1.70496 1.97702 1.97734 1.93879 1.75354 1.55375 1.35380 1.19039 1.17433 0.685314 0.464585 0.464585 0.464585 0.464585 0.464585 0.646231 1.17619 1.17619 1.17619 1.17619 1.17619 1.17619 1.17619 1.17619 1.46276 1.55781 1.61060 1.66917 1.74996 1.84565 1.95859 2.08988 2.20188 2.20845 3.18478 4.34431 4.27753 4.21071 4.14588 4.12674 4.12674 4.12674 4.12674 4.14338 4.70014 4.73610 4.74536 4.74839 4.30175 4.13965 4.13965 4.13965 4.42773 4.67718 4.22352 3.71606 3.14462 2.63492 2.61624 2.65313 2.69017 2.72335 2.72887
1.62442 1.62442 1.62442 1.62442 1.62442 1.57598 1.35043 1.18878 1.17433 1.17433 1.17433 1.17433 1.17433 0.889829 0.464585 0.464585 0.464585 0.464585 0.464585 0.464905 1.09929 1.17619 1.17619 1.17619 1.17619 1.17461 1.17069 1.16675 1.33875 1.56009 2.16326 2.19849 2.20577 2.20845 2.19527 2.10694 2.00676 1.90653 2.03874 4.10016 4.12674 4.12674 4.12674 4.12674 4.12674 4.12674 4.12674 4.12674 4.51344 4.73610 4.74137 4.71920 4.21980 3.61640 3.30089 2.94422 2.61994 2.58889 2.60836 2.64533 2.68231 2.71820 2.72887 2.74300 2.78058 2.82548 2.88167
1.62442 1.62442 1.62442 1.62442 1.62442 1.33292 1.17433 1.17433 1.17433 1.17433 1.17433 1.17433 1.17433 1.09278 0.465720 0.464585 0.464585 0.464585 0.464585 0.464170 0.892120 1.16880 1.16486 1.16092 1.15698 1.15527 1.15957 1.16447 1.23470 1.51894 2.05052 2.09339 1.99321 1.89303 1.80598 1.79413 1.79413 1.79413 1.79413 3.69967 4.12674 4.12674 4.12674 4.12674 4.12674 4.12674 4.11255 3.85592 3.67523 3.76818 3.30212 2.81707 2.71406 2.59089 2.60114 2.63748 2.67442 2.71140 2.72945 2.75257 2.79201 2.83928 2.90464 3.00133 3.06629 3.13092 3.19376
1.62442 1.62442 1.62442 1.62442 1.62442 1.50355 1.17435 1.17433 1.17433 1.17433 1.17433 1.17433 1.17433 1.17433 0.585671 0.456576 0.450666 0.444759 0.438849 0.433350 0.599678 1.15470 1.15801 1.16291 1.16782 1.17208 1.18201 1.22249 1.27339 1.31241 1.50828 1.79413 1.79413 1.79413 1.79413 1.79413 1.79413 1.79413 1.79413 3.07291 4.12674 4.12379 3.91271 3.53380 3.09155 2.56779 1.96814 1.79413 1.81789 2.65240 2.71818 2.78401 2.84313 2.74301 2.73174 2.76265 2.80405 2.85383 2.93215 3.01876 3.08350 3.14810 3.20454 3.21243 3.21243 3.21243 3.21243
1.62442 1.62442 1.62442 1.62442 1.62442 1.62442 1.21585 1.17433 1.17346 1.12923 1.06082 0.992448 0.924075 0.855702 0.607933 0.432200 0.432200 0.432200 0.432200 0.432200 0.432200 1.08133 1.18257 1.22342 1.27399 1.33643 1.39324 1.39688 1.39688 1.29719 1.36049 1.79413 1.79413 1.79413 1.79413 1.79413 1.79413 1.84779 1.96644 2.29419 2.65755 2.05291 1.79413 1.79413 1.79413 1.79413 1.79760 1.85006 1.91819 2.54137 2.91376 2.92709 2.93659 2.90737 2.96048 3.03598 3.10066 3.16532 3.21075 3.21243 3.21243 3.21243 3.21243 3.21243 3.21243 3.21243 3.21243
1.62442 1.62442 1.62442 1.60924 1.49166 1.35499 1.05193 0.902797 0.835331 0.811221 0.811221 0.811221 0.811221 0.811221 0.715935 0.432200 0.432200 0.432200 0.421843 0.378630 0.319134 0.938985 1.39380 1.39688 1.39688 1.39688 1.39688 1.39688 1.39688 1.34908 1.25710 1.76752 1.81661 1.93082 2.03592 2.12406 2.19907 2.23952 2.23991 2.23991 1.88882 1.79413 1.79413 1.82890 1.89709 1.91383 1.86546 2.03387 2.04574 2.30666 3.01043 3.12658 3.11782 3.18247 3.21243 3.21243 3.21243 3.21243 3.21243 3.21243 3.21243 3.21243 3.21243 3.21243 3.21243 3.21243 3.21243
1.31239 1.17569 1.03894 0.917299 0.898199 0.898199 0.871290 0.811221 0.811221 0.811221 0.811221 0.811221 0.811221 0.811221 0.806395 0.402512 0.317696 0.232381 0.144678 0.140158 0.140158 0.471415 1.39657 1.39688 1.39688 1.39688 1.39688 1.40250 1.52500 1.66722 1.56885 1.99252 2.23389 2.23991 2.23991 2.23991 2.23991 2.23991 2.23991 2.23346 1.99348 1.72790 1.70057 1.65133 1.58496 1.55651 1.62341 2.09880 2.40495 2.54777 3.37989 3.43480 3.24464 3.21243 3.21243 3.21243 3.21243 3.21243 3.21243 3.21243 3.21243 3.21243 3.21243 3.21243 3.21243 3.21243 3.21243
0.898199 0.898199 0.898199 0.898199 0.898199 0.898199 0.898078 0.817853 0.811221 0.811221 0.814685 0.827788 0.845772 0.871352 0.897059 0.383792 0.140158 0.140158 0.140158 0.140158 0.140158 0.140158 1.26734 1.47316 1.62640 1.75405 1.86183 1.95124 1.97508 1.97508 1.80360 1.90872 2.23991 2.23628 2.16700 2.08454 2.03946 2.00542 1.97451 1.94907 1.86645 1.56144 1.63485 1.71814 1.80140 1.87877 1.89496 2.15138 2.56244 2.56244 3.11057 3.43485 3.31461 3.21243 3.21243 3.21243 3.21243 3.21243 3.21243 3.21243 3.21243 3.21243 3.21243 3.21243 3.20890 3.17917 3.14412
0.898199 0.898199 0.898199 0.898199 0.898199 0.898199 0.898199 0.851637 0.846206 0.871977 0.897248 0.898199 0.898199 0.898199 0.898199 0.601001 0.140158 0.140158 0.151209 0.215438 0.267924 0.306515 1.31635 1.97488 1.97508 1.97508 1.97508 1.97508 2.01265 2.13435 2.14750 2.00896 1.91300 1.88934 1.90789 1.93937 1.94573 1.95896 2.01761 2.08002 2.13817 1.91157 1.89496 1.89496 1.89496 1.89496 1.89496 1.99154 2.56244 2.56244 2.81980 3.43485 3.38458 3.21243 3.21243 3.21243 3.21243 3.21243 3.21243 3.21243 3.21143 3.18659 3.15153 3.11652 3.08499 3.07970 3.07970
0.898199 0.898199 0.898199 0.898199 0.898199 0.898199 0.898199 0.898199 0.898199 0.898199 0.898199 0.898199 0.898199 0.898132 0.861860 0.751018 0.291637 0.323642 0.346642 0.349594 0.349594 0.349594 0.768062 2.06661 2.19870 2.34975 2.52451 2.72954 2.90829 2.97914 3.02631 2.42127 1.99210 1.96514 2.02616 2.08863 2.15104 2.20029 2.20408 2.20408 2.20408 2.02289 1.89496 1.89496 1.89496 1.89496 1.89496 1.89799 2.48044 2.56244 2.58399 3.37989 3.43318 3.23383 3.21243 3.21243 3.21242 3.19399 3.15895 3.12392 3.08986 3.07970 3.07970 3.07970 3.07970 3.08642 3.12053
0.898199 0.898199 0.898199 0.898199 0.898199 0.898199 0.898199 0.898199 0.898199 0.885500 0.832399 0.791258 0.760881 0.737540 0.728615 0.728615 0.418197 0.355185 0.376715 0.403931 0.438245 0.482822 0.561316 2.79399 2.89973 2.95798 3.02619 3.09435 3.14236 3.07732 2.92492 2.66517 2.34373 2.20266 2.20408 2.20408 2.20408 2.20408 2.20408 2.20408 2.20408 2.11365 1.89496 1.89496 1.89496 1.89496 1.89496 1.89496 2.25720 2.56244 2.56244 3.11209 3.43485 3.29053 3.16637 3.13133 3.09631 3.07970 3.07970 3.07970 3.07970 3.09381 3.13060 3.16760 3.20467 3.23499 3.23792
0.898199 0.898199 0.898199 0.898199 0.897421 0.856130 0.808163 0.773531 0.747342 0.730155 0.728615 0.728530 0.718450 0.698547 0.673762 0.641894 0.554271 0.556780 0.559030 0.559030 0.559030 0.559030 0.559030 2.42368 3.13421 3.07353 2.92150 2.79806 2.69576 2.64051 2.63971 2.67512 2.55078 2.20408 2.20408 2.20408 2.20408 2.20408 2.20408 2.20408 2.20187 2.18011 1.90043 1.89496 1.89496 1.89496 1.89496 1.89496 2.07665 2.58851 2.74586 3.06195 3.32614 3.23999 3.07970 3.07970 3.08008 3.10354 3.14061 3.17765 3.21470 3.23761 3.23792 3.23792 3.23792 3.23792 3.23792
0.898199 0.898199 0.898199 0.898199 0.779370 0.728615 0.727135 0.712414 0.691124 0.664289 0.629508 0.582810 0.559030 0.559030 0.559030 0.559030 0.559030 0.559030 0.559030 0.559030 0.559030 0.659556 0.837255 1.59291 2.69317 2.64021 2.63971 2.63971 2.63971 2.63971 2.63971 2.64402 2.71446 2.21501 2.20408 2.20308 2.19851 2.19362 2.18874 2.18385 2.18118 2.18117 1.98074 1.89496 1.89496 1.89820 1.98103 2.09822 2.27011 3.18469 3.21089 3.21326 3.28066 3.09654 3.11190 3.18768 3.22436 3.23792 3.23792 3.23792 3.23792 3.23792 3.23792 3.23792 3.23792 3.23792 3.23792
0.898199 0.898199 0.898199 0.898199 0.759256 0.615841 0.569100 0.559030 0.559030 0.559030 0.559030 0.559030 0.559030 0.559030 0.559030 0.559030 0.559030 0.664025 0.841173 0.963040 1.05273 1.09466 1.09493 1.15432 2.57158 2.63971 2.63971 2.63971 2.63971 2.63971 2.63935 2.63431 2.70408 2.30542 2.18537 2.18149 2.18117 2.18117 2.18117 2.18117 2.18117 2.18117 2.11488 2.08014 2.21545 2.34750 2.39994 2.41814 2.40921 2.78365 2.74721 2.51780 2.36100 2.35059 2.93037 3.23792 3.23792 3.23792 3.23792 3.23792 3.23792 3.23792 3.23792 3.23792 3.23792 3.23792 3.23792
0.898199 0.898199 0.00000 0.00000 0.559030 0.559030 0.559030 0.559030 0.559030 0.559030 0.559030 0.559030 0.559030 0.669660 0.844186 0.965733 1.05459 1.09482 1.09493 1.09493 1.09493 1.09493 1.09493 1.09493 2.22180 2.63971 2.63634 2.62983 2.62331 2.61679 2.61063 2.60916 2.64966 2.43843 2.18117 2.18117 2.18134 2.19015 2.22057 2.31559 2.41715 2.51860 2.56197 2.43035 2.39578 2.25115 2.09827 1.94545 1.81338 1.99004 2.25936 2.25936 2.28689 2.35059 2.65192 3.23792 3.23792 3.23792 3.23792 3.23792 3.23792 3.23792 3.23792 3.23792 3.23792 3.23792 3.23792
0.00000 0.00000 0.00000 0.00000 0.00000 0.559030 0.559030 0.559030 0.559030 0.593972 0.848036 0.968200 1.05638 1.09487 1.09493 1.09493 1.09493 1.09493 1.09493 1.09493 1.09493 1.10057 1.12897 1.15979 1.74881 2.61127 2.60916 2.60916 2.60916 2.60916 2.60916 2.57209 2.45680 2.37568 2.23072 2.31120 2.41253 2.50520 2.57630 2.58272 2.54390 2.43105 2.31642 1.97324 1.80425 1.79600 1.79600 1.79600 1.79600 1.87666 2.25936 2.25936 2.26185 2.34500 2.39779 3.21369 3.23792 3.23792 3.23792 3.23792 3.23792 3.23792 3.23792 3.24663 3.31821 3.40240 3.48655
