High_resolution/powerplant/Chizhou/OMI_NO2_200509.asc
ncols      200
nrows      200
xllcorner       115.585
yllcorner       28.7700
cellsize     0.0166667
NODATA_Value      -999.000
[rows 90 to 119 of 170, columns 0 to 65 of 200]
2.26936 2.26936 2.26936 2.26936 1.83516 1.66237 1.71278 1.72452 1.72452 1.72452 1.72452 1.50971 1.44603 1.44603 1.40117 1.17968 1.17968 1.17968 1.17968 1.43078 1.91097 1.91097 1.91097 1.91082 1.85453 1.70274 1.70274 1.70274 1.70274 1.70274 1.70274 1.70274 1.58921 1.49045 1.38653 1.30366 1.30363 1.30363 1.30363 1.30363 1.30363 1.30363 1.30363 1.30363 1.32340 1.55443 1.55586 1.60826 1.66357 1.87864 1.95615 1.94393 1.93172 1.91951 1.90782 1.90481 1.98340 2.22779 2.22779 2.22779 2.22779 2.22779 2.29520 2.37767 2.78621 3.01242
2.26936 2.26936 2.26936 2.26936 1.99158 1.66237 1.69966 1.72452 1.72452 1.72452 1.72452 1.57619 1.44603 1.44603 1.43790 1.18386 1.17968 1.23107 1.26447 1.37634 1.83169 1.82320 1.81574 1.80921 1.76420 1.70274 1.70274 1.70274 1.70274 1.70274 1.70274 1.70274 1.61580 1.51123 1.43322 1.30363 1.30363 1.30363 1.30363 1.30363 1.31259 1.34703 1.38306 1.41903 1.45505 1.67558 1.73458 1.78824 1.82885 1.94974 1.90652 1.90481 1.90481 1.90481 1.90481 1.90481 1.92001 2.22426 2.22779 2.22779 2.22779 2.23135 2.27652 2.38728 2.66104 2.90281
2.26936 2.26936 2.26936 2.26936 2.18554 1.66354 1.68466 1.72452 1.72452 1.72452 1.72452 1.63485 1.44603 1.44603 1.44603 1.24058 1.17968 1.30144 1.35403 1.36174 1.77930 1.80685 1.80685 1.80685 1.78462 1.70274 1.70274 1.70274 1.70274 1.70274 1.70274 1.70274 1.64730 1.52333 1.42060 1.37941 1.42328 1.45923 1.49526 1.53128 1.55826 1.55985 1.55985 1.55985 1.55985 1.69161 1.76101 1.78100 1.84860 1.94714 1.96692 1.95989 1.97169 1.98346 1.99525 2.00702 2.01881 2.29833 2.36537 2.37714 2.38893 2.39716 2.40153 2.52569 2.56370 2.61995
2.26936 2.26936 2.26936 2.26936 2.26936 1.73648 1.66791 1.72422 1.72452 1.72452 1.72452 1.68684 1.44603 1.44603 1.44603 1.30243 1.17968 1.25934 1.35403 1.35403 1.64034 1.80685 1.80685 1.80685 1.80005 1.70274 1.67347 1.56161 1.46833 1.39343 1.33226 1.28113 1.24401 1.28837 1.27703 1.45421 1.55985 1.55985 1.55985 1.55985 1.55985 1.55985 1.55985 1.55985 1.55985 1.71256 1.92645 1.93078 1.99272 2.04848 2.11998 2.08697 2.09281 2.09853 2.10408 2.10947 2.11474 2.30056 2.41197 2.41337 2.41475 2.41319 2.38994 2.51829 2.63318 2.67673
2.26936 2.26936 2.26936 2.26936 2.26936 1.87041 1.66237 1.71615 1.72452 1.72452 1.72452 1.72247 1.46515 1.44603 1.44603 1.35506 1.17968 1.20740 1.35400 1.35816 1.51626 1.66623 1.60985 1.55973 1.51499 1.27819 1.21212 1.20989 1.20989 1.20989 1.20989 1.20989 1.20989 1.27764 1.27801 1.38041 1.55985 1.55985 1.55985 1.55985 1.56697 1.58683 1.60674 1.66535 1.77131 1.84887 2.09989 2.11849 2.17470 2.22056 2.33717 2.30077 2.31401 2.32728 2.33230 2.32431 2.31233 2.36153 2.42166 2.40070 2.37994 2.36180 2.35766 2.57491 2.83861 2.85066
2.26936 2.26936 2.26936 2.26936 2.26936 2.03550 1.66237 1.70349 1.72452 1.72452 1.72452 1.72452 1.53440 1.46699 1.50043 1.49531 1.36152 1.41165 1.53446 1.57141 1.55015 1.44358 1.44455 1.46405 1.49076 1.34683 1.20989 1.20989 1.20989 1.20989 1.20989 1.20989 1.20989 1.26108 1.51587 1.69541 1.96784 1.98804 2.00790 2.02781 2.04060 2.04075 2.04075 2.05388 2.13827 2.13907 2.34298 2.34963 2.36067 2.39659 2.42971 2.34486 2.31637 2.29054 2.27286 2.26837 2.26777 2.28698 2.36099 2.36099 2.36099 2.36099 2.36099 2.44984 2.83749 2.83741
2.29509 2.30939 2.32424 2.33935 2.35504 2.31836 1.69256 1.74524 1.80478 1.83593 1.86943 1.91985 1.83557 1.70017 1.72910 1.75491 1.74798 1.78794 1.79842 1.81280 1.83860 1.74440 1.75979 1.76694 1.76694 1.57815 1.20989 1.20989 1.20989 1.20989 1.20989 1.20989 1.20989 1.23837 1.50110 1.75783 1.99724 2.04931 2.05998 2.06912 2.04374 2.00450 1.96263 1.91814 2.01456 1.99471 2.17122 2.23499 2.25460 2.37005 2.34764 2.28593 2.26777 2.26777 2.26777 2.26777 2.26777 2.27009 2.35234 2.33830 2.32155 2.30477 2.28805 2.25306 2.68807 2.74790
2.80738 2.76152 2.72193 2.68741 2.65707 2.63026 2.13448 2.06537 2.23548 2.26209 2.28660 2.29142 2.22370 1.99709 1.99709 1.99709 1.99709 1.99709 1.95125 1.89897 1.89897 1.81103 1.76694 1.76694 1.76694 1.68506 1.20989 1.20828 1.17630 1.13269 1.08911 1.04557 1.00196 0.965882 1.13136 1.61667 1.77485 1.87390 1.81512 1.75893 1.74457 1.74457 1.74457 1.74457 1.88553 1.94052 2.09525 2.23499 2.23508 2.35497 2.35668 2.30179 2.23834 2.22154 2.20481 2.18805 2.17131 2.15453 2.21743 2.23694 2.23694 2.23694 2.23694 2.21705 2.54878 2.70944
2.53358 2.53358 2.53358 2.53358 2.53358 2.53358 2.25041 2.06017 2.26716 2.29142 2.29142 2.29142 2.27255 1.99731 1.99709 1.99709 1.99709 1.99709 1.98021 1.88189 1.85281 1.77054 1.66270 1.63362 1.60457 1.56767 0.920032 0.837182 0.825615 0.825615 0.825615 0.825615 0.825615 0.825615 0.640725 1.33702 1.48916 1.74457 1.74457 1.74457 1.74457 1.74457 1.74457 1.74618 1.86366 1.97936 2.08136 2.29991 2.31682 2.41919 2.47860 2.37364 2.14373 2.14373 2.14373 2.14373 2.14373 2.14373 2.19783 2.23694 2.23694 2.23694 2.23694 2.22898 2.41899 2.68717
2.53358 2.53358 2.53358 2.53358 2.53358 2.53358 2.38537 2.06010 2.21351 2.29142 2.28910 2.27121 2.25176 2.00527 1.94874 1.93933 1.93075 1.92289 1.91559 1.67450 1.64279 1.62428 1.51076 1.51076 1.51076 1.51076 1.05651 0.825615 0.825615 0.825615 0.825615 0.825615 0.825615 0.825615 0.703129 1.20030 1.40085 1.76906 1.79953 1.82770 1.85592 1.88412 1.91230 1.93894 1.98241 2.09096 2.10304 2.35090 2.35534 2.40620 2.49040 2.43748 2.15841 2.13677 2.13268 2.12859 2.12449 2.12039 2.15089 2.20542 2.20132 2.19721 2.19312 2.18874 2.23082 2.62129
2.53358 2.53358 2.53358 2.52165 2.43666 2.40226 2.36160 2.01741 2.07612 2.16772 2.15640 2.15465 2.14792 1.98340 1.86878 1.85176 1.83616 1.82180 1.80860 1.69150 1.64279 1.64276 1.52700 1.51076 1.51076 1.51076 1.22498 0.825615 0.825615 0.829840 0.909812 1.01804 1.12631 1.23445 1.23318 1.48137 1.84971 1.92856 1.94516 1.94516 1.94516 1.94516 1.94516 1.94516 1.94873 2.08652 2.09096 2.26904 2.30040 2.31171 2.42559 2.39170 2.17319 2.08440 2.08430 2.08355 2.08266 2.08177 2.09609 2.17320 2.17231 2.17142 2.17053 2.16964 2.13479 2.59914
2.53358 2.53358 2.53358 2.52238 2.27649 2.26802 2.23778 2.01033 1.96319 2.06844 2.04953 2.03180 2.01946 1.93527 1.80355 1.80355 1.80355 1.80355 1.80355 1.72900 1.64151 1.64279 1.56230 1.55602 1.62821 1.70030 1.65449 1.32635 1.43456 1.53870 1.56679 1.56679 1.56679 1.56679 1.55786 1.41438 1.86147 1.90677 1.94516 1.94516 1.94986 1.98563 2.02507 2.06287 2.09883 2.10242 2.08237 2.20162 2.27462 2.27305 2.38819 2.38756 2.23501 2.06993 2.06871 2.06816 2.06775 2.06882 2.08538 2.22721 2.27020 2.30621 2.34223 2.37823 2.41100 2.77163
2.53358 2.53358 2.53358 2.53358 2.31915 2.10093 2.07179 1.97712 1.88213 2.01222 2.01885 2.01885 2.01885 1.97818 1.80355 1.80355 1.81179 1.83879 1.86861 1.86957 1.75889 1.83385 1.92924 2.00487 2.00487 2.00902 2.00118 1.64889 1.73133 1.81197 1.88480 1.95031 2.01027 2.06476 2.11500 1.90924 2.18542 2.23251 2.30629 2.33132 2.35256 2.35529 2.35467 2.35404 2.35342 2.19776 2.05719 2.13485 2.25665 2.25728 2.36898 2.46090 2.38509 2.18015 2.21395 2.24777 2.28162 2.31395 2.33156 2.46828 2.51226 2.51226 2.51226 2.51226 2.51512 2.73681
2.53358 2.53358 2.53358 2.53358 2.37636 2.14192 2.06465 2.01794 1.86421 1.96183 2.01473 2.03637 2.05921 2.07769 2.07009 2.11879 2.15130 2.14984 2.14883 2.15294 2.04068 2.11688 2.12522 2.14664 2.15068 2.15207 2.14917 2.33137 2.37016 2.37016 2.37016 2.37016 2.37016 2.37016 2.37016 2.17420 2.27422 2.29155 2.35012 2.35158 2.35540 2.38679 2.42196 2.48888 2.59856 2.62561 2.54925 2.65996 2.79997 2.87567 2.86681 2.76696 2.64873 2.36941 2.34528 2.34528 2.34528 2.34528 2.34528 2.43537 2.51226 2.51485 2.54511 2.58291 2.62221 2.79090
2.29244 2.27930 2.26631 2.23523 2.14943 2.00581 1.92087 1.90497 1.93668 2.03379 2.10129 2.09891 2.09654 2.09417 2.17546 2.19553 2.19550 2.18454 2.16839 2.16839 2.07329 2.12926 2.12926 2.14437 2.14679 2.14679 2.14679 2.28097 2.37016 2.37016 2.37016 2.37466 2.41081 2.45523 2.50227 2.44496 2.42118 2.61517 2.75424 2.86042 2.94812 3.02083 3.09085 3.13200 3.13230 3.11440 2.89719 2.89631 2.92055 2.92308 2.90813 2.76738 2.68160 2.44292 2.35648 2.39328 2.43100 2.46880 2.50652 2.59979 2.74898 2.78422 2.79165 2.79165 2.79165 2.84962
2.07396 2.04414 2.01667 2.00086 1.99856 1.94485 1.87123 1.87031 1.92586 1.99746 2.09018 2.09018 2.09018 2.09018 2.15130 2.19550 2.19550 2.18956 2.16839 2.16839 2.09118 2.11917 2.13105 2.17104 2.21138 2.25069 2.29250 2.43310 2.65191 2.70382 2.74349 2.77521 2.76068 2.73922 2.71941 2.70149 2.95958 3.08209 3.10717 3.13230 3.13230 3.13230 3.13230 3.13230 3.13230 3.13230 2.93271 2.88147 2.87000 2.85006 2.81972 2.65888 2.54883 2.50782 2.62369 2.62467 2.62467 2.62467 2.62467 2.64560 2.79165 2.79165 2.79165 2.79165 2.79165 2.84173
2.00046 2.00046 2.00046 2.00046 2.00046 1.96004 1.88521 1.87031 1.90133 1.96957 2.08855 2.09018 2.09018 2.09018 2.12233 2.16857 2.14763 2.12435 2.05642 2.03000 2.02221 2.47629 2.69200 2.62719 2.51916 2.50682 2.49547 2.51876 2.70384 2.69320 2.69310 2.69310 2.69310 2.69310 2.69310 2.69310 2.86625 3.08209 3.09411 3.13230 3.11386 3.07748 3.04096 3.00452 2.96805 2.93156 2.74899 2.63748 2.67118 2.70725 2.70725 2.61705 2.52862 2.45099 2.62467 2.62467 2.62478 2.63930 2.66385 2.68851 2.86598 2.90429 2.92877 2.95324 2.97772 3.03173
2.00046 2.00046 2.00046 2.00046 2.00046 1.97153 1.89155 1.84060 1.83102 1.88535 1.96713 1.97074 1.94979 1.92884 1.93034 2.02049 2.03429 2.05212 2.01690 2.02916 2.05524 2.54502 2.56044 2.55370 2.47096 2.46973 2.46973 2.47008 2.67326 2.69310 2.69310 2.69310 2.69310 2.70469 2.73253 2.76045 2.85735 3.17940 3.20015 2.90730 2.87332 2.87332 2.87332 2.87332 2.87332 2.87332 2.78067 2.63733 2.68197 2.88026 2.90477 2.87918 2.79696 2.70127 2.89780 2.94457 2.96898 2.97889 2.97889 2.97947 3.10570 3.16337 3.17278 3.18220 3.19161 3.20425
2.00046 2.00046 2.00046 2.00046 2.00046 1.93389 1.75866 1.72338 1.72338 1.78007 1.87851 1.95021 1.96619 1.98330 2.00222 2.14172 2.15505 2.15505 2.12548 2.10543 2.10543 2.43807 2.55984 2.55984 2.48620 2.46973 2.47829 2.50558 2.68615 2.78483 2.81272 2.84067 2.86860 2.88495 2.88505 2.88505 2.90098 3.20332 3.23566 2.97535 2.87332 2.87332 2.87332 2.87332 2.87332 2.87289 2.83340 2.66347 2.68590 3.08985 3.11153 3.10985 2.97561 2.89346 2.99204 3.07976 3.09427 3.10873 3.12327 3.13717 3.21029 3.26696 3.26021 3.25124 3.22750 3.19983
2.00046 2.00046 2.00542 2.03526 2.06642 2.08671 1.90183 1.76912 1.76890 1.82080 1.91893 2.02340 2.02340 2.02340 2.02340 2.11876 2.15505 2.15505 2.13549 2.10659 2.11531 2.30490 2.53564 2.51962 2.56327 2.64166 2.66104 2.66168 2.76316 2.88505 2.88505 2.88504 2.88409 2.88159 2.87908 2.87655 2.87404 3.15691 3.27113 3.10930 2.91711 2.92124 2.92542 2.92955 2.93371 2.93833 2.94402 2.90643 2.90936 3.21476 3.29831 3.30340 3.18284 3.09738 3.08804 3.19184 3.16687 3.14188 3.11692 3.09195 3.06601 3.04126 3.02139 3.00371 3.00088 3.00088
2.13332 2.15791 2.17776 2.18020 2.18020 2.18020 2.00786 1.83224 1.77292 1.79733 1.88203 2.02411 2.03087 2.04496 2.06242 2.12634 2.17382 2.17768 2.17447 2.15687 2.15684 2.21170 2.51989 2.49396 2.53254 2.65373 2.65250 2.65127 2.69768 2.85767 2.85515 2.85264 2.85107 2.85105 2.85105 2.85105 2.85105 3.10085 3.35696 3.28532 2.99462 2.99462 2.99462 2.99462 2.98780 2.94966 2.90647 2.82061 2.75343 2.93914 3.06856 3.02382 2.90824 2.81125 2.82392 3.00369 3.00374 3.00374 3.00374 3.00374 3.00342 3.00088 3.00088 3.00088 3.00088 2.99693
2.21541 2.22224 2.22914 2.23618 2.24323 2.25040 2.11255 1.92404 1.83960 1.90532 2.10143 2.17355 2.16934 2.16965 2.16762 2.16055 2.14663 2.14546 2.14434 2.14324 2.14292 2.14410 2.48913 2.48372 2.48777 2.63921 2.64594 2.64594 2.65154 2.84494 2.85105 2.85105 2.85105 2.85105 2.85105 2.84711 2.83150 2.93042 3.21823 3.17077 2.78464 2.70507 2.65122 2.59746 2.55051 2.53484 2.52434 2.49966 2.47562 2.63248 2.92672 2.92672 2.89078 2.80275 2.79979 2.97541 3.00374 3.00334 2.99602 2.98619 2.97638 2.96395 2.95387 2.94403 2.93422 2.92834
2.46188 2.51811 2.57426 2.63054 2.68670 2.74287 2.68078 2.42664 2.34955 2.34955 2.45899 2.27639 2.16001 2.16001 2.16001 2.15863 2.14295 2.14292 2.14292 2.14292 2.14292 2.14292 2.39514 2.48372 2.48372 2.60081 2.64465 2.63516 2.62477 2.76043 2.78981 2.77635 2.76330 2.74964 2.73645 2.72635 2.72424 2.73423 2.90310 2.88598 2.63978 2.52271 2.52271 2.52271 2.52271 2.52271 2.52271 2.51027 2.47562 2.51992 2.92756 2.94164 2.95073 2.85062 2.86144 2.92444 2.94308 2.93365 2.93114 2.93114 2.93114 2.92917 2.92829 2.92829 2.92822 2.92490
2.85866 2.85866 2.85866 2.85866 2.85866 2.85866 2.84194 2.46813 2.36025 2.34955 2.42190 2.35292 2.16001 2.16001 2.16001 2.16001 2.14524 2.14295 2.15431 2.17457 2.19484 2.21508 2.35223 2.45659 2.44570 2.50211 2.56601 2.56347 2.56192 2.64923 2.72290 2.72134 2.72000 2.71983 2.71983 2.71983 2.71983 2.71983 2.86780 2.88505 2.73410 2.52271 2.52271 2.52566 2.54231 2.56073 2.57913 2.59509 2.56938 2.58724 2.97990 3.03548 3.03548 2.93947 2.91003 2.91630 2.93114 2.93114 2.93114 2.93108 2.92769 2.92140 2.91449 2.90847 2.90284 2.89984
2.85866 2.85866 2.85866 2.85866 2.85866 2.85866 2.85866 2.54090 2.39233 2.35177 2.40444 2.46923 2.22012 2.24040 2.26065 2.28088 2.29006 2.30429 2.31356 2.35781 2.42727 2.49187 2.58039 2.55524 2.42769 2.45198 2.55574 2.55574 2.55574 2.60722 2.71983 2.71983 2.71983 2.71983 2.71983 2.71983 2.71994 2.72065 2.83613 2.88749 2.84045 2.61763 2.63604 2.65147 2.65322 2.65322 2.65322 2.65342 2.62320 2.62629 2.89789 3.02789 3.02597 2.95996 2.89741 2.89262 2.90639 2.90049 2.89489 2.88962 2.88674 2.88443 2.88184 2.88184 2.88188 2.88276
2.85866 2.85255 2.82044 2.78729 2.75619 2.72655 2.69855 2.61260 2.55129 2.51694 2.52356 2.65106 2.36994 2.41897 2.48473 2.54602 2.59700 2.64286 2.69350 2.71288 2.71288 2.71288 2.71387 2.69273 2.42597 2.42710 2.54638 2.55574 2.55574 2.57016 2.72027 2.72135 2.72216 2.72297 2.72452 2.73359 2.74428 2.75405 2.84036 2.92645 2.93291 2.74726 2.73409 2.74317 2.75196 2.76054 2.76891 2.77690 2.75636 2.74024 2.84809 2.99697 2.99128 2.95727 2.87353 2.87108 2.88849 2.89291 2.89410 2.89530 2.89649 2.89753 2.89529 2.89390 2.89236 2.88906
2.64656 2.62658 2.62452 2.62452 2.62452 2.62342 2.60185 2.56501 2.52234 2.74837 2.79815 2.92756 2.79929 2.72655 2.72655 2.72655 2.72358 2.71288 2.71288 2.71288 2.71288 2.71288 2.71332 2.80187 2.51019 2.55968 2.58099 2.55958 2.56039 2.56114 2.70206 2.72538 2.79434 2.83139 2.83823 2.83962 2.83962 2.83953 2.86965 2.96743 2.94617 2.80774 2.72376 2.71147 2.69930 2.68700 2.67471 2.66242 2.64293 2.61974 2.65620 2.85206 2.84029 2.82635 2.71662 2.70081 2.70108 2.69888 2.69525 2.69482 2.69437 2.69397 2.84467 2.88129 2.89138 2.90240
2.58973 2.56036 2.53098 2.50157 2.47220 2.44389 2.43609 2.43504 2.40801 2.81592 2.87819 2.92942 2.86196 2.72655 2.72655 2.72655 2.74118 2.77760 2.82717 2.87703 2.92683 2.97665 3.02597 3.10660 2.82314 2.72222 2.60980 2.46198 2.43278 2.40355 2.58007 2.70990 2.76636 2.82473 2.82372 2.82274 2.82174 2.82083 2.81979 2.71150 2.68364 2.60879 2.48583 2.48583 2.48583 2.48583 2.48583 2.48583 2.48351 2.46887 2.46316 2.70418 2.70808 2.69511 2.64088 2.66979 2.72588 2.74916 2.75239 2.75239 2.75239 2.75239 2.86303 2.92546 2.92546 2.92546
k e ~ 1 D  ! kFy d  :[j : " ] MR ^@ LNNS Pl  A  bs  E N ` gn0rL `rs e`*`  u:J+`K n Qt `r u()`> `Yvs`` xttts ` =noq?`!roxu} `k`~} sZvDw=`BanRtTt$`DrM(p\K`G1`TvS`K `MvR,qM!`QnDK!vGf`V`DsBg`Uw`XvLuXX`X\+nNsII=`^rr/E`R$`ug` `=wyA`r[r6``Hu`` xp`7nt ` rq`94`7-q J`nwt0`r^w `a`Gu|``wAt `/nt(um]`spiH`'_`vEp w`nGqT`TsEsE`T`ZpM``'pw`6nfFy``r``$Hq^yNBm`Rtnv^`bEs}AymR`wx`di 0 V   @ =Y 5 3 z   K  X Q ^5 QTI7D { /. p 
oN  $Y  'z ? ~ q< w 3 = 3  B ;X ;X 97 b5x x j A M , k Su f n!aGuB`s s ``pp`n t W`r w `V`[vI` ` wx ])` n ugu`[` srm%`l4A`l/pnNpH``Nn^vZ`| ryqet`vs;`exqb`w`{ ;pRgqf/`_ru<q'`v`{r`g`p ms>t`n tL`rw(`'`vYJU`n-pEz`nx`pYx>``_ymt`n/w^`nqt+ `3`6 u t`ntL`;q/q&`` pr`O7`>Muuu`a nsqK `a `o rCv`aQ`p_uB sX`qn0wY`qtZ`\7`G0`u]`I s`Lbsq)`bq yr.`B`u%`O`s5q^$`^$nti`~Mq+,rl`c$`r1r+ ;J9`>`2i+n;;w4/`!q,*s4=`#  N . V R] +8\ cC  9#3 3 "' 3 !  *A ;X
