High_resolution/powerplant/Chizhou/OMI_NO2_201006.asc
ncols      200
nrows      200
xllcorner       115.585
yllcorner       28.7700
cellsize     0.0166667
NODATA_Value      -999.000
[rows 0 to 28 of 200, columns 67 to 133 of 200]
3.19707 3.19707 3.19707 3.19707 3.19707 3.19707 3.19707 3.19707 3.19707 3.19707 3.19707 3.19707 3.19707 3.19707 3.19707 3.19707 3.19707 3.19707 0.00000 0.00000 0.00000 0.00000 0.00000 0.00000 8.49850 8.49850 8.49850 8.49850 8.49850 8.49850 8.49850 8.49850 8.49850 8.49850 8.49850 8.49850 8.49850 8.49850 8.49850 8.49850 8.49850 8.49850 0.00000 0.00000 0.00000 0.00000 0.00000 0.00000 0.00000 0.00000 0.00000 0.00000 0.00000 0.00000 0.00000 8.17294 8.17294 8.17294 8.17294 8.17294 8.17294 8.17294 8.17294 5.82275 4.65293 4.65293 4.65293
3.19707 3.19707 3.19707 3.19707 3.19707 3.19707 3.19707 3.19707 3.19707 3.19707 3.19707 3.19707 3.19707 3.19707 3.19707 3.19707 3.19707 3.19707 3.19707 0.00000 8.49850 8.49850 8.49850 8.49850 8.49850 8.49850 8.49850 8.49850 8.49850 8.49850 8.49850 8.49850 8.49850 8.49850 8.49850 8.49850 8.49850 8.49850 8.49850 8.49850 8.49850 8.49850 0.00000 0.00000 0.00000 0.00000 0.00000 0.00000 0.00000 0.00000 0.00000 8.17294 8.17294 8.17294 8.17294 8.17294 8.17294 8.17294 8.17294 8.17294 8.17294 8.17294 8.17294 6.94528 4.65293 4.65293 4.65293
3.19707 3.19707 3.19707 3.19707 3.19707 3.19707 3.19707 3.19707 3.19707 3.19707 3.19707 3.19707 3.19707 3.19707 3.19707 3.19707 3.28350 3.86384 6.87249 8.49850 8.49850 8.49850 8.49850 8.49850 8.49850 8.49850 8.49850 8.49850 8.49850 8.49850 8.49850 8.49850 8.49850 8.49850 8.49850 8.49850 8.49850 8.49850 8.49850 8.49850 8.49850 8.49850 0.00000 0.00000 0.00000 0.00000 0.00000 8.17294 8.17294 8.17294 8.17294 8.17294 8.17294 8.17294 8.17294 8.17294 8.17294 8.17294 8.17294 8.17294 8.17294 8.17294 8.17294 7.97478 4.74585 4.65293 4.65293
3.19707 3.19707 3.19707 3.19707 3.19707 3.19707 3.19707 3.19707 3.19707 3.19707 3.19707 3.19707 3.25247 3.79665 4.45418 5.11249 5.68360 5.76156 6.86919 8.49850 8.49850 8.49850 8.49850 8.49850 8.49850 8.49850 8.49850 8.49850 8.49850 8.49850 8.49850 8.49850 8.49850 8.49850 8.49850 8.49850 8.49850 8.49850 8.49850 8.49850 8.49850 8.49850 8.49850 8.17294 8.17294 8.17294 8.17294 8.17294 8.17294 8.17294 8.17294 8.17294 8.17294 8.17294 8.17294 8.17294 8.17294 8.17294 8.17294 8.17294 8.17294 8.17294 8.17294 8.17294 5.66976 4.65293 4.65293
3.19707 3.19707 3.19707 3.19707 3.19707 3.19707 3.19707 3.19707 3.22836 3.72920 4.38751 5.04504 5.64769 5.76156 5.76156 5.76156 5.76156 5.76156 6.00345 8.46648 8.49850 8.49850 8.49850 8.49850 8.49850 8.49850 8.49850 8.49850 8.49850 8.49850 8.49850 8.49850 8.49850 8.49850 8.49850 8.49850 8.49850 8.49850 8.49850 8.59392 9.00257 9.43712 8.91570 8.17294 8.17294 8.17294 8.17294 8.17294 8.17294 8.17294 8.17294 8.17294 8.17294 8.17294 8.17294 8.17294 8.17294 8.17294 8.17294 8.17294 8.17294 8.17294 8.17294 8.17294 6.79253 4.65293 4.65293
3.19707 3.19707 3.19707 3.19707 3.21118 3.66227 4.31980 4.97836 5.60461 5.76156 5.76156 5.76156 5.76156 5.76156 5.76156 5.76156 5.76156 5.76156 5.76156 7.80988 8.49850 8.49850 8.49850 8.49850 8.49850 8.49850 8.49850 8.49850 8.49850 8.49850 8.49850 8.49850 8.49850 8.49850 8.49850 8.59601 9.00692 9.44146 9.87601 10.2130 10.2367 10.2367 9.62022 8.17294 8.17294 8.17294 8.17294 8.17294 8.17294 8.17294 8.17294 8.17294 8.17294 8.17294 8.17294 8.17294 8.17294 8.17294 8.17294 8.17294 8.17294 8.17294 8.17294 8.17294 7.87409 4.69341 4.65293
3.20092 3.59482 4.25338 4.91066 5.55486 5.76156 5.76156 5.76156 5.76156 5.76156 5.76156 5.76156 5.76156 5.76156 5.76156 5.76156 5.76156 5.76156 5.76156 6.91150 8.49850 8.49850 8.49850 8.49850 8.49850 8.49850 8.49850 8.49850 8.49850 8.49850 8.49850 8.59896 9.01126 9.44581 9.87657 10.2130 10.2367 10.2367 10.2367 10.2367 10.2367 10.2367 10.1766 8.28436 8.17294 8.17294 8.17294 8.17294 8.17294 8.17294 8.17294 8.17294 8.17294 8.17294 8.17294 8.17294 8.17294 8.17294 8.17294 8.17294 8.17294 8.17294 8.16866 7.99734 7.73891 5.29054 4.57922
5.49793 5.76156 5.76156 5.76156 5.76156 5.76156 5.76156 5.76156 5.76156 5.76156 5.76156 5.76156 5.76156 5.76156 5.76156 5.76156 5.76156 5.76156 5.76156 6.03520 8.47742 8.49850 8.49850 8.49850 8.49850 8.49850 8.49850 8.60192 9.01457 9.44581 9.88036 10.2144 10.2367 10.2367 10.2367 10.2367 10.2367 10.2367 10.2367 10.2367 10.2367 10.2367 10.2367 8.89201 8.17294 8.17294 8.17294 8.17294 8.17294 8.17294 8.17294 8.17294 8.17294 8.17294 8.17294 8.17294 8.17294 8.17294 8.15979 7.96143 7.70332 7.44489 7.19094 7.10416 7.10416 6.00108 4.56918
5.76156 5.76156 5.76156 5.76156 5.76156 5.76156 5.76156 5.76156 5.76156 5.76156 5.76156 5.76156 5.76156 5.76156 5.76156 5.76156 5.76156 5.76156 5.76156 5.76156 7.85182 8.49850 8.49850 8.60209 9.01561 9.45015 9.88470 10.2158 10.2367 10.2367 10.2367 10.2367 10.2367 10.2367 10.2367 10.2367 10.2367 10.2367 10.2367 10.2367 10.2367 10.2367 10.2367 9.55916 8.17294 8.17294 8.17294 8.17294 8.17294 8.17294 8.17294 8.17294 8.17294 8.17294 8.14590 7.92573 7.64185 7.19851 6.84048 6.68870 6.60420 6.64932 7.10416 7.10416 7.10416 6.80300 4.57679
5.76156 5.76156 5.76156 5.76156 5.76156 5.76156 5.76156 5.76156 5.76156 5.76156 5.76156 5.76156 5.76156 5.76156 5.76156 5.76156 5.76156 5.76156 5.76156 5.65698 6.85495 9.45450 9.88905 10.2172 10.2367 10.2367 10.2367 10.2367 10.2367 10.2367 10.2367 10.2367 10.2367 10.2367 10.2367 10.2367 10.2367 10.2367 10.2367 10.2367 10.2367 10.2367 10.2367 10.1481 8.25177 8.17294 8.17294 8.17294 8.17294 8.17294 8.12597 7.70465 7.25116 6.90687 6.65395 6.55726 6.50144 6.49173 6.49173 6.49173 6.49173 6.50789 7.07744 7.10416 7.10416 7.10416 5.08530
5.76156 5.76156 5.76156 5.76156 5.76156 5.76156 5.76156 5.76156 5.76156 5.76156 5.76156 5.76156 5.76156 5.76156 5.76156 5.68615 5.26013 4.78925 4.31875 3.95291 4.63888 10.2077 10.2367 10.2367 10.2367 10.2367 10.2367 10.2367 10.2367 10.2367 10.2367 10.2367 10.2367 10.2367 10.2367 10.2367 10.2367 10.2367 10.2367 10.2367 10.2367 10.2367 10.2367 10.2367 8.83086 8.02618 7.66130 7.29446 6.97164 6.71338 6.52664 6.49173 6.49173 6.49173 6.49173 6.49173 6.49173 6.49173 6.49173 6.49173 6.49173 6.49173 6.85583 7.10416 7.10416 7.10416 5.89447
5.76156 5.76156 5.76156 5.76156 5.76156 5.76156 5.76156 5.76156 5.76156 5.76156 5.76156 5.71037 5.30728 4.83650 4.36645 3.97107 3.92686 3.92686 3.92686 3.92686 3.92686 8.85237 10.2367 10.2367 10.2367 10.2367 10.2367 10.2367 10.2367 10.2367 10.2367 10.2367 10.2367 10.2367 10.2367 10.2367 10.2367 10.2367 10.2367 10.2215 9.63974 8.96001 8.28210 7.45162 6.58950 6.04919 6.23707 6.49173 6.49173 6.49173 6.49173 6.49173 6.49173 6.49173 6.49173 6.49173 6.49173 6.49173 6.49173 6.49173 6.49173 6.49173 6.67580 7.10416 7.10416 7.10416 6.70414
5.76156 5.76156 5.76156 5.76156 5.76156 5.76156 5.76156 5.73018 5.35444 4.88392 4.41323 3.99401 3.92686 3.92686 3.92686 3.92686 3.92686 3.92686 3.92686 3.92686 3.92686 6.78877 10.2367 10.2367 10.2367 10.2367 10.2367 10.2367 10.2367 10.2367 10.2367 10.2367 10.2367 10.2367 10.0397 9.29563 8.70356 8.24848 7.74101 7.07919 6.62391 6.24208 5.98215 5.97447 5.97285 5.94618 6.07645 6.49173 6.49173 6.49173 6.49173 6.49173 6.49173 6.49173 6.49173 6.49173 6.49173 6.49173 6.49173 6.49173 6.49173 6.49173 6.55197 7.10416 7.10416 7.10416 7.10416
5.76156 5.76156 5.76156 5.74486 5.40177 4.93117 4.46075 4.02189 3.92686 3.92686 3.92686 3.92686 3.92686 3.92686 3.92686 3.92686 3.92686 3.92686 3.92686 3.92686 3.92686 4.73940 10.2228 10.2367 10.2367 10.2367 10.2367 10.2367 10.2367 10.2367 9.86163 8.47605 8.06976 7.74391 7.39189 7.00051 6.61622 6.23578 5.98062 5.97447 5.97447 5.97447 5.97447 5.97447 5.97447 5.95389 5.95409 6.45720 6.49173 6.49173 6.49173 6.49173 6.49173 6.49173 6.49173 6.49173 6.49173 6.49173 6.49173 6.49173 6.49173 6.49173 6.49247 6.98607 7.10416 7.08475 6.79799
5.44929 4.97851 4.50791 4.05400 3.92686 3.92686 3.92686 3.92686 3.92686 3.92686 3.92686 3.92686 3.92686 3.92686 3.92686 3.92686 3.92686 3.92686 3.92686 3.92686 3.92686 3.92686 8.97068 10.2367 10.2367 10.2367 10.2367 10.2367 10.2367 10.2367 9.75861 7.02984 6.60961 6.22810 5.97939 5.97447 5.97447 5.97447 5.97447 5.97447 5.97447 5.97447 5.97447 5.97447 5.97447 5.96329 5.94534 6.30990 6.49173 6.49173 6.49173 6.49173 6.49173 6.49173 6.49173 6.49173 6.49173 6.49173 6.49173 6.49173 6.49173 6.47156 6.31208 6.23521 6.00130 5.64908 5.56407
3.92686 3.92686 3.92686 3.92686 3.92686 3.92686 3.92686 3.92686 3.92686 3.92686 3.92686 3.92686 3.92686 3.92686 3.92686 3.92686 3.92686 3.92686 3.92686 3.92686 3.92686 3.92686 6.90576 10.2367 10.2367 10.2367 9.94524 9.18374 8.42009 7.65429 7.16978 6.17027 5.97447 5.97447 5.97447 5.97447 5.97447 5.97447 5.97447 5.97447 5.97447 5.97447 5.97447 5.97447 5.97447 5.97223 5.94580 6.15374 6.49173 6.49173 6.49173 6.49173 6.49173 6.49173 6.49173 6.49173 6.49173 6.45739 6.28566 6.10411 6.03530 6.03718 6.17775 6.20330 5.56407 5.56407 5.56407
3.92686 3.92686 3.92686 3.92686 3.92686 3.92686 3.92686 3.92686 3.92686 3.92686 3.92686 3.92686 3.92686 3.92686 3.92686 3.92686 3.92686 3.92686 3.92686 3.92686 3.92686 3.92686 4.79778 9.16657 8.40718 7.63892 7.16794 7.16240 7.16240 7.16240 7.16240 6.45124 5.97447 5.97447 5.97447 5.97447 5.97447 5.97447 5.97447 5.97447 5.97447 5.97447 5.97447 5.97447 5.97447 5.97447 5.95284 5.99933 6.48949 6.49173 6.49173 6.49173 6.49173 6.43929 6.32518 6.30514 6.28686 6.30211 6.45512 6.61802 6.66769 6.66769 6.66769 6.63197 5.59819 5.56407 5.56407
3.92686 3.92686 3.92686 3.92686 3.92686 3.92686 3.92686 3.92686 3.92686 3.92686 3.92686 3.92686 3.92686 3.92686 3.92686 3.92686 3.92686 3.92686 3.89949 3.80966 3.71724 3.62510 3.56758 6.51007 7.16240 7.16240 7.16240 7.16240 7.16240 7.16240 7.16240 6.87484 5.97453 5.97447 5.97447 5.97447 5.97447 5.97447 5.97447 5.97447 5.97447 5.97447 5.97447 5.97447 5.97447 5.97447 5.96217 5.94534 6.41222 6.59241 6.57461 6.55607 6.53738 6.57111 6.66665 6.66769 6.66769 6.66769 6.66769 6.66769 6.66769 6.66769 6.66769 6.66769 5.98479 5.56407 5.56407
3.92686 3.92686 3.92686 3.92686 3.92686 3.92686 3.92686 3.92686 3.92686 3.92686 3.92686 3.92686 3.92686 3.92686 3.90608 3.81877 3.72642 3.63418 3.56923 3.56682 3.56682 3.56682 3.56682 5.33367 7.16240 7.16240 7.16240 7.16240 7.16240 7.16240 7.16240 7.16240 6.07225 5.97447 5.97447 5.97447 5.97447 5.97447 5.97447 5.97447 5.97447 5.97447 5.97436 5.91960 5.81986 5.56778 5.15202 5.01690 5.81435 6.66861 6.66769 6.66769 6.66769 6.66769 6.66769 6.66769 6.66769 6.66769 6.66769 6.66769 6.66769 6.66769 6.66769 6.66769 6.31698 5.56407 5.56407
3.92686 3.92686 3.92686 3.92686 3.92686 3.92686 3.92686 3.92686 3.92686 3.92686 3.91177 3.82788 3.73557 3.64333 3.57179 3.56682 3.56682 3.56682 3.56682 3.56682 3.56682 3.56682 3.56682 4.15829 7.16240 7.16240 7.16240 7.16240 7.16240 7.16240 7.16240 7.16240 6.31129 5.97447 5.97447 5.97447 5.97447 5.95938 5.86973 5.76998 5.67024 5.41305 4.99453 4.62923 4.30803 4.14101 4.14101 4.51861 5.10772 6.66769 6.66769 6.66769 6.66769 6.66769 6.66769 6.66769 6.66769 6.66769 6.66769 6.66769 6.66769 6.66769 6.66769 6.66769 6.54513 5.56407 5.56407
3.92686 3.92686 3.92686 3.92686 3.92686 3.92686 3.91656 3.83699 3.74475 3.65237 3.57528 3.56682 3.56682 3.56682 3.56682 3.56682 3.56682 3.56682 3.56682 3.56682 3.56682 3.56682 3.56682 3.56682 6.57999 7.16240 7.16240 7.16240 7.16240 7.16240 7.16240 7.16240 6.63685 5.81986 5.72011 5.62031 5.52057 5.27531 4.94401 4.62538 4.30482 4.14101 4.14101 4.14101 4.14101 4.14101 4.14101 4.36230 4.65747 6.53406 6.66769 6.66769 6.66769 6.66769 6.66769 6.66769 6.66769 6.66769 6.66769 6.66769 6.66769 6.66769 6.66769 6.66769 6.66437 5.74353 5.56407
3.92686 3.92686 3.92041 3.84614 3.75389 3.66152 3.57964 3.56682 3.56682 3.56682 3.56682 3.56682 3.56682 3.56682 3.56682 3.56682 3.56682 3.56682 3.56682 3.56682 3.56682 3.56682 3.56682 3.56682 5.40400 7.16240 7.16240 7.16240 7.16240 7.16240 7.16240 7.16240 7.07307 5.30018 4.94080 4.61960 4.30121 4.14101 4.14101 4.14101 4.14101 4.14101 4.14101 4.14101 4.14101 4.14101 4.14101 4.20642 4.62606 5.97945 6.66769 6.66769 6.66769 6.66769 6.66769 6.66769 6.66769 6.66769 6.66769 6.66769 6.66769 6.66769 6.66769 6.66769 6.69244 6.37191 6.12957
3.79103 3.67065 3.58493 3.56682 3.56682 3.56682 3.56682 3.56682 3.56682 3.56682 3.56682 3.56682 3.56682 3.56682 3.56682 3.56682 3.56682 3.56682 3.56682 3.56682 3.56682 3.56682 3.56682 3.56682 4.22854 7.16240 7.16240 7.16240 7.16215 6.82270 6.18595 5.54355 4.90114 4.22394 4.14101 4.14101 4.14101 4.14101 4.14101 4.14101 4.14101 4.14101 4.14101 4.14101 4.14101 4.14101 4.14101 4.14101 4.53492 5.39501 6.66769 6.66769 6.66769 6.66769 6.66769 6.66769 6.66769 6.66769 6.66769 6.66769 6.70481 6.83467 6.96879 7.09656 7.19583 7.08306 6.67397
3.72833 3.56682 3.56682 3.56682 3.56682 3.56682 3.56682 3.56682 3.56682 3.56682 3.56682 3.56682 3.56682 3.56682 3.56682 3.56682 3.51443 3.55848 3.56682 3.56682 3.56682 3.56682 3.56682 3.56682 3.56928 6.32669 6.17423 5.53712 4.89498 4.59279 4.59279 4.59279 4.59279 4.33444 4.14101 4.14101 4.14101 4.14101 4.14101 4.14101 4.14101 4.14101 4.14101 4.14101 4.14101 4.14101 4.14101 4.14101 4.37863 4.82034 6.65769 6.66769 6.66769 6.66769 6.66769 6.66769 6.71980 6.84999 6.97428 7.09813 7.18490 7.17901 7.16884 7.16486 7.16486 7.14475 6.68302
3.60633 3.56682 3.56682 3.56682 3.56682 3.56682 3.56682 3.56682 3.56682 3.56682 3.56622 3.49822 3.40982 3.34421 3.29365 3.25341 3.23434 3.43775 3.56682 3.56682 3.56682 3.50003 3.34827 3.19597 3.04386 3.83336 4.59279 4.59279 4.59279 4.59279 4.59279 4.59279 4.59279 4.50098 4.14144 4.14101 4.14101 4.14101 4.14101 4.14101 4.14101 4.14101 4.14101 4.14101 4.14101 4.14101 4.14101 4.14101 4.22210 4.62665 6.26621 6.66681 6.72787 6.85178 6.97574 7.09969 7.17137 7.16514 7.16486 7.16486 7.16486 7.16486 7.16486 7.16486 7.16486 7.16486 6.84684
3.40038 3.59278 3.56682 3.56682 3.56682 3.56292 3.48275 3.39855 3.33564 3.28687 3.24811 3.23428 3.23428 3.23428 3.23428 3.23428 3.23428 3.30092 3.36277 3.21053 3.05846 2.97285 2.97261 2.97261 2.97261 3.30507 4.59279 4.59279 4.59279 4.59279 4.59279 4.59279 4.59279 4.59279 4.18520 4.14101 4.14101 4.14101 4.14101 4.14101 4.14101 4.14101 4.14101 4.14101 4.14101 4.14101 4.15991 4.20927 4.29103 5.21463 6.57867 7.10202 7.16486 7.16486 7.16486 7.16486 7.16486 7.16486 7.16486 7.16486 7.16486 7.16486 7.16486 7.16486 7.16486 7.16486 7.00001
3.20179 3.60562 3.38773 3.32733 3.28035 3.24371 3.23428 3.23428 3.23428 3.23428 3.23428 3.23428 3.23428 3.21312 3.13953 3.06344 2.98732 2.94167 2.97261 2.97261 2.97261 2.97261 2.97261 2.97261 2.97261 2.97682 4.39329 4.59279 4.59279 4.59279 4.59279 4.59279 4.59279 4.59279 4.27875 4.14101 4.14101 4.14101 4.14101 4.14101 4.14488 4.18298 4.23744 4.30575 4.41944 4.58834 4.73275 4.78569 4.80637 5.78456 6.85905 7.16486 7.16486 7.16486 7.16486 7.16486 7.16486 7.16486 7.16486 7.16486 7.16486 7.16486 7.16486 7.16486 7.16486 7.16486 7.10438
3.23499 3.37064 3.23428 3.23428 3.23428 3.23428 3.23428 3.23428 3.23428 3.21826 3.14678 3.07075 2.99460 2.93967 2.93717 2.93717 2.93717 2.93720 2.96533 2.97261 2.97261 2.97261 2.97261 2.97261 2.97261 2.97261 3.86967 4.59279 4.59279 4.59279 4.59279 4.59279 4.59279 4.59279 4.41597 4.15929 4.20828 4.26910 4.34569 4.44631 4.60117 4.68127 4.73428 4.78685 4.80637 4.80637 4.80637 4.80637 4.80637 5.18441 6.68772 7.14785 7.16486 7.16486 7.16486 7.16486 7.16486 7.16486 7.16486 7.16486 7.16486 7.16486 7.16486 7.16486 7.16486 7.16486 7.16220
3.23878 3.37005 3.24600 3.23428 3.23428 3.22260 3.15409 3.07803 3.00185 2.94183 2.93717 2.93717 2.93717 2.93717 2.93717 2.93717 2.93717 2.93717 2.95224 2.97261 2.97261 2.97261 2.97261 2.97261 2.97261 2.97261 3.34160 4.59279 4.59279 4.59279 4.59279 4.59279 4.59279 4.59279 4.59090 4.59330 4.62948 4.68249 4.73558 4.78798 4.80637 4.80637 4.80637 4.80637 4.80637 4.80637 4.80637 4.80637 4.80637 4.81122 6.44736 7.06492 7.16486 7.16486 7.16486 7.16486 7.16486 7.16486 7.16486 7.16486 7.16486 7.16486 7.16486 7.16486 7.16486 7.16486 7.16486
