High_resolution/powerplant/Chizhou/OMI_NO2_200508.asc
ncols      200
nrows      200
xllcorner       115.585
yllcorner       28.7700
cellsize     0.0166667
NODATA_Value      -999.000
[rows 116 to 144 of 164, columns 130 to 194 of 200]
1.45616 1.06003 0.942015 0.942718 0.943373 0.943983 0.944552 0.945051 0.945149 0.945149 0.945149 0.945149 0.945149 0.945149 0.945149 0.945149 0.945149 0.945149 0.945149 0.943929 0.928709 0.928709 0.00000 0.00000 0.00000 0.00000 0.00000 0.00000 0.00000 0.00000 0.00000 2.12984 1.66681 1.88663 1.92688 1.92636 1.92584 1.92531 1.92479 1.92428 1.92376 1.92324 1.92272 1.92219 1.92167 1.92115 1.92063 1.92012 1.80189 1.77601 1.72668 1.48746 1.48730 1.77616 1.80424 1.80385 1.80346 1.78671 1.72543 1.62902 1.66142 1.69519 1.76488 1.46793 1.48897
1.38032 1.16071 0.945149 0.945149 0.945149 0.945149 0.945149 0.945149 0.945149 0.945149 0.945149 0.945149 0.945149 0.945149 0.945149 0.945149 0.945922 0.948225 0.951258 0.955400 0.952616 0.00000 0.00000 0.00000 0.00000 0.00000 0.00000 0.00000 0.00000 0.00000 0.00000 2.08477 1.72515 1.79698 1.91389 1.91389 1.91389 1.91389 1.91389 1.91389 1.91389 1.91389 1.91389 1.91389 1.91389 1.91389 1.91389 1.91389 1.83383 1.77083 1.77056 1.51908 1.53094 1.78640 1.91655 1.95038 1.98415 2.01615 2.00720 1.92351 2.01351 2.12336 2.19739 1.85635 1.64022
1.43803 1.28025 0.945149 0.945149 0.945149 0.945149 0.945149 0.945149 0.945149 0.945149 0.945149 0.945235 0.946793 0.949370 0.952802 0.957598 0.961545 0.961588 0.961588 0.961588 0.961588 0.00000 0.00000 0.00000 0.00000 0.00000 0.00000 0.00000 0.00000 0.00000 0.00000 2.08477 1.83486 1.70432 1.91389 1.91389 1.91389 1.91389 1.91389 1.91389 1.91389 1.91389 1.91389 1.91389 1.90773 1.83983 1.75572 1.67183 1.68324 1.99649 2.04158 1.80418 1.70844 1.86198 2.02639 2.02639 2.02639 2.02639 2.01096 2.10210 2.19942 2.19942 2.19942 2.00130 1.64022
1.51419 1.34356 1.00161 0.945149 0.945149 0.945149 0.945149 0.945637 0.947772 0.950653 0.954568 0.959868 0.961588 0.961588 0.961588 0.961588 0.961588 0.961588 0.961588 0.961588 0.961588 0.00000 0.00000 0.00000 0.00000 0.00000 0.00000 0.00000 0.00000 0.00000 0.00000 2.08477 1.97987 1.59657 1.90970 1.91389 1.91389 1.91389 1.88596 1.80337 1.71942 1.63547 1.55147 1.46753 1.38968 1.37369 1.37369 1.37369 1.40991 2.05714 2.06960 1.88295 1.70844 1.79381 2.02639 2.02639 2.02639 2.02639 2.01530 2.03294 2.19851 2.19942 2.19942 2.14484 1.64145
1.61932 1.34360 1.12144 0.946402 0.948862 0.952114 0.956613 0.961288 0.961588 0.961588 0.961588 0.961588 0.961588 0.961588 0.961588 0.961588 0.961588 0.961588 0.961588 0.961588 0.961588 0.00000 0.00000 0.00000 0.00000 0.00000 0.00000 0.00000 0.00000 0.00000 0.00000 1.53596 2.01389 1.59287 1.66907 1.59901 1.51517 1.43112 1.37510 1.37369 1.37369 1.37369 1.37369 1.37369 1.37369 1.37369 1.37369 1.37369 1.37369 1.91115 2.06960 1.97266 1.70844 1.72790 2.02439 2.02639 2.02639 2.02639 2.01915 2.00693 2.16491 2.19942 2.19942 2.19535 1.70885
1.40757 1.10832 1.01841 0.961588 0.961588 0.961588 0.961588 0.961588 0.961588 0.961588 0.961588 0.961588 0.961588 0.961588 0.961588 0.961588 0.961588 0.961588 0.961588 0.961588 0.961588 0.961588 0.00000 0.00000 0.00000 0.00000 0.00000 0.00000 1.53596 1.53596 1.53596 1.53596 1.72221 1.62077 1.46522 1.37369 1.37369 1.37369 1.37369 1.37369 1.37369 1.37369 1.37369 1.37369 1.37369 1.37369 1.37369 1.37369 1.37369 1.72902 2.06960 2.05890 1.71822 1.70844 1.97574 2.03064 2.05672 2.08154 2.10801 2.15059 2.27635 2.38631 2.42104 2.45764 1.98479
1.02046 0.995825 0.990730 0.964947 0.961588 0.961588 0.961588 0.961588 0.961588 0.961588 0.961588 0.961588 0.961588 0.960351 0.957104 0.953820 0.950556 0.947283 0.944019 0.940725 0.937467 0.927098 0.00000 0.00000 0.00000 0.00000 0.00000 0.00000 1.53596 1.53596 1.53596 1.53596 1.66599 1.67062 1.51398 1.37369 1.37369 1.37369 1.37204 1.36433 1.35612 1.34789 1.33967 1.33147 1.32320 1.31500 1.30677 1.29855 1.29033 1.45527 1.96979 1.96156 1.87039 1.87764 2.14284 2.31517 2.31191 2.31063 2.31469 2.42238 2.44474 2.54117 2.54134 2.54134 2.17615
1.02046 0.996533 0.982101 0.960745 0.937203 0.933919 0.930651 0.927377 0.924108 0.920835 0.917556 0.914282 0.911019 0.908982 0.908956 0.908956 0.908956 0.908956 0.908956 0.908956 0.908956 0.908956 0.00000 0.00000 0.00000 0.00000 0.00000 0.00000 1.53596 1.53596 1.53596 1.53596 1.58936 1.69929 1.43644 1.24686 1.22185 1.20496 1.18948 1.18001 1.17096 1.16169 1.15206 1.14243 1.13257 1.12253 1.11225 1.10178 1.09085 1.10154 1.86011 1.89040 1.88819 1.88592 2.08272 2.36802 2.37141 2.37487 2.37843 2.41958 2.42356 2.49974 2.46319 2.40806 2.22885
1.02046 0.996213 0.964709 0.952404 0.908956 0.908956 0.908956 0.908956 0.908956 0.908956 0.908956 0.908956 0.908956 0.908956 0.908956 0.908956 0.908956 0.908956 0.908956 0.859822 0.789363 0.681922 0.441304 0.441304 0.00000 0.00000 0.00000 0.00000 1.53596 1.53596 1.53596 1.53596 1.53601 1.51109 1.07941 0.876077 0.797391 0.797391 0.797391 0.797391 0.797391 0.797391 0.797391 0.797391 0.797391 0.797391 0.797391 0.797391 0.797391 0.797391 1.55448 1.84126 1.84126 1.84126 1.94657 2.33796 2.25536 2.17266 2.08995 2.00723 1.93293 2.03167 2.08670 2.03837 1.96369
1.02046 1.01379 0.964887 0.962527 0.910343 0.908956 0.908956 0.908956 0.908956 0.908956 0.908956 0.908956 0.908956 0.908956 0.898978 0.827091 0.766378 0.722193 0.688608 0.675130 0.675130 0.652131 0.441304 0.441304 0.00000 0.00000 0.00000 0.00000 1.53596 1.53596 1.53596 1.53596 1.53596 1.53596 1.12602 0.949196 0.797391 0.797391 0.797391 0.797391 0.797391 0.797391 0.797391 0.797391 0.797391 0.797391 0.797391 0.797820 0.893189 1.05992 1.43000 1.53926 1.46472 1.42359 1.41114 1.88590 1.90721 1.91256 1.91735 1.91952 1.91952 1.92863 1.96675 1.96231 1.95387
1.02046 1.02046 0.969675 0.964709 0.930239 0.908956 0.908956 0.908956 0.908956 0.908956 0.873036 0.799027 0.746241 0.707060 0.679379 0.675130 0.675130 0.675130 0.675130 0.675130 0.675130 0.673766 0.463191 0.441304 0.441304 0.00000 0.00000 0.00000 1.53596 1.53596 1.53596 1.53596 1.53596 1.53596 1.19656 1.02229 0.797391 0.797391 0.797391 0.797391 0.797391 0.818616 0.964878 1.13140 1.29792 1.46487 1.63139 1.79770 1.86962 1.89882 1.81916 1.50957 1.52967 1.53132 1.53132 1.83256 1.91952 1.91952 1.91952 1.91952 1.91952 1.91952 1.96035 1.96522 1.95387
1.02046 1.02046 0.977961 0.964709 0.947810 0.904922 0.838967 0.774817 0.728471 0.693434 0.675399 0.675130 0.675130 0.675130 0.675130 0.675130 0.675130 0.675130 0.675130 0.675130 0.675130 0.675130 0.536147 0.441304 0.441304 0.00000 0.00000 0.00000 1.53596 1.53596 1.53596 1.53596 1.53596 1.53596 1.28961 1.07011 1.02592 1.20279 1.36954 1.53645 1.70308 1.84855 1.86896 1.86896 1.86896 1.86896 1.86896 1.86896 1.86896 1.90842 1.91054 1.55723 1.53132 1.53132 1.53132 1.75003 1.91952 1.91952 1.91952 1.91952 1.91952 1.91952 1.94660 1.96675 1.95564
1.02046 1.06415 1.18363 1.22484 1.26406 0.682250 0.675130 0.675130 0.675130 0.675130 0.675130 0.675130 0.675130 0.675130 0.675130 0.675130 0.675130 0.675130 0.675130 0.675130 0.675130 0.675130 0.591085 0.441304 0.441304 0.00000 0.00000 0.00000 1.53584 1.52601 1.51002 1.49405 1.47805 1.46208 1.33987 1.02543 1.58441 1.86896 1.86896 1.86896 1.86896 1.86896 1.86896 1.86896 1.86896 1.86896 1.86896 1.86896 1.86896 1.89846 1.91445 1.65309 1.53132 1.53132 1.53132 1.66750 1.91952 1.91952 1.91952 1.91952 1.91426 1.90385 1.90513 1.94055 1.93013
1.86037 2.06537 1.91115 1.49744 1.49703 0.783778 0.675130 0.675130 0.675130 0.675130 0.675130 0.675130 0.675130 0.675130 0.675130 0.675130 0.675130 0.675130 0.676660 0.693204 0.713190 0.733145 0.700901 0.441304 0.441304 0.00000 0.00000 0.00000 1.44263 1.43647 1.43647 1.43647 1.43647 1.43647 1.43385 1.04140 1.36138 1.86896 1.86896 1.86896 1.86896 1.86896 1.86896 1.86896 1.88332 1.93035 1.97797 2.02611 2.06215 2.04502 2.02604 1.86852 1.66632 1.67754 1.80730 1.85411 1.98336 1.98295 1.98267 1.98228 1.98655 1.99577 2.00502 2.02737 2.03175
2.08593 2.08593 2.07329 1.52977 1.53404 1.08550 0.751761 0.771715 0.791798 0.811816 0.831739 0.851821 0.871841 0.891890 0.911780 0.931926 0.951881 0.971899 0.990324 0.993894 0.993894 0.993894 0.966398 0.441746 0.441304 0.441304 0.00000 0.00000 1.37076 1.43647 1.43647 1.43647 1.43647 1.43647 1.43647 1.43692 1.62339 2.38031 2.35273 2.32516 2.30019 2.27660 2.25500 2.23471 2.20284 2.14829 2.09748 2.05064 2.01446 2.00944 2.00717 1.96176 1.73351 1.73434 1.92685 1.94481 1.98968 1.99238 1.99120 1.99002 1.99702 2.01010 2.01010 2.02156 2.03090
1.78293 1.76998 1.75841 1.79992 1.81621 1.59318 0.993894 0.993894 0.993894 0.993894 0.993894 0.993894 0.993894 0.993894 0.993894 0.993894 0.993894 0.993894 0.993894 0.993894 0.993894 0.996827 1.17984 1.40788 1.96870 2.53138 0.00000 0.00000 1.17983 1.29886 1.26173 1.22935 1.20117 1.17604 1.25986 1.48988 1.58760 1.92363 1.97337 1.97216 1.97097 1.96977 1.96861 1.96747 1.96692 1.96692 1.96692 1.96692 1.96692 1.96692 1.97311 1.97421 1.76792 1.74474 1.86879 1.92624 1.95701 1.96965 1.97208 1.97574 1.98876 2.02693 2.04717 2.11553 2.18733
1.75544 1.75544 1.75544 1.78650 1.81621 1.79579 1.03680 0.993894 0.993894 0.993894 0.993894 0.993894 0.993894 0.993894 0.993894 0.993894 0.993894 1.03892 1.29973 1.58848 1.87741 2.16342 2.26927 2.62351 2.99207 2.99207 0.00000 0.00000 0.987884 1.10374 1.10374 1.10374 1.10374 1.10374 1.19083 1.42148 1.58486 1.81501 1.96692 1.96692 1.96692 1.96692 1.96692 1.96692 1.96692 1.96692 1.96692 1.96692 1.96692 1.96692 1.97123 1.95334 1.79743 1.75325 1.83938 1.94432 2.00987 2.08938 2.14462 2.19862 2.25844 2.43086 2.48324 2.48678 2.51600
1.75544 1.75544 1.75544 1.77308 1.81621 1.81621 1.26172 0.993894 0.993894 0.993894 0.993894 0.993894 0.993894 1.13061 1.41962 1.70836 1.99729 2.24109 2.26927 2.26927 2.26927 2.26927 2.26927 2.47290 2.99207 2.99207 2.99207 0.00000 0.951660 1.10374 1.10374 1.10374 1.10374 1.10374 1.13143 1.35913 1.58384 1.71265 1.96692 1.96692 1.96692 1.96692 1.96692 1.96692 1.96529 1.90606 1.81843 1.73069 1.64306 1.59051 1.61367 1.65586 1.80088 2.00665 2.10143 2.29391 2.31977 2.35086 2.35086 2.35086 2.35086 2.46427 2.48668 2.48668 2.50656
1.75544 1.75544 1.75544 1.75989 1.81598 1.81621 1.50732 0.993894 1.01570 1.25037 1.53950 1.82812 2.11712 2.26927 2.26927 2.26927 2.26927 2.26927 2.26927 2.26927 2.26927 2.26927 2.26927 2.35920 2.99207 2.99207 2.99207 0.00000 0.943343 1.10369 1.10374 1.10374 1.10374 1.10374 1.10374 1.31870 1.55459 1.61293 1.94815 1.86961 1.78198 1.69430 1.61102 1.59608 1.60501 1.66543 1.74652 1.82225 1.89329 1.93591 1.93527 1.88393 1.91036 2.12594 2.13084 2.30192 2.31064 2.35072 2.35086 2.35086 2.35086 2.43431 2.48668 2.48668 2.49560
1.75544 1.75544 1.75544 1.75544 1.77808 1.68222 1.53999 1.94004 2.21520 2.26927 2.26927 2.26927 2.26927 2.26927 2.26927 2.26927 2.26927 2.26927 2.26927 2.26927 2.26927 2.26927 2.26927 2.27983 2.95571 2.99207 2.99207 0.00000 1.10374 1.10374 1.10374 1.10374 1.12053 1.16768 1.21549 1.40109 1.65015 1.82120 1.67500 1.70246 1.78110 1.85467 1.92055 1.93659 1.93659 1.93659 1.93659 1.93659 1.93659 1.93659 1.93659 1.89695 1.88160 2.09072 2.12601 2.26513 2.30751 2.34457 2.35086 2.35086 2.35086 2.40700 2.48668 2.48668 2.48633
1.69884 1.58964 1.48047 1.36882 1.31459 1.31870 1.32578 2.06478 2.26927 2.26927 2.26927 2.26927 2.26927 2.26927 2.26927 2.26927 2.26927 2.26927 2.26927 2.26927 2.26927 2.26927 2.26927 2.26927 2.73495 2.99207 2.99207 0.00000 1.22597 1.27375 1.32146 1.36930 1.40023 1.40085 1.40085 1.47918 1.89812 2.19975 2.05084 1.93659 1.93659 1.93659 1.93659 1.93659 1.93659 1.93659 1.93659 1.93659 1.93659 1.93659 1.93504 1.90512 1.87107 2.01652 2.11783 2.19974 2.25538 2.28526 2.30194 2.29466 2.28739 2.30714 2.38913 2.38001 2.37157
1.22299 1.21634 1.21015 1.20519 1.22109 1.24512 1.26877 1.78941 2.26382 2.25054 2.23733 2.22400 2.21071 2.19745 2.18422 2.17089 2.15760 2.14438 2.13107 2.11778 2.10449 2.09127 2.07794 2.06465 2.42787 2.99207 2.99207 2.99207 1.40085 1.40085 1.40085 1.40085 1.40085 1.40085 1.40085 1.45005 1.69653 2.17500 2.08980 1.90255 1.89787 1.89404 1.89518 1.89724 1.89926 1.90131 1.90336 1.90537 1.90744 1.90945 1.91306 1.90870 1.87113 1.95405 2.11626 2.12594 2.15027 2.18871 2.24087 2.23891 2.23696 2.24610 2.46951 2.60194 2.72340
1.25244 1.25916 1.26585 1.27256 1.25573 1.12721 1.12049 1.31014 2.05804 2.05802 2.05802 2.05802 2.05802 2.05802 2.05802 2.05802 2.05802 2.05802 2.05802 2.05802 2.05802 2.05802 2.05802 2.05802 2.25743 3.01335 3.04043 3.06940 1.40085 1.40085 1.40077 1.38477 1.35700 1.32938 1.30165 1.29151 1.38107 1.96279 2.00654 1.88022 1.87958 1.88351 1.88242 1.88047 1.87851 1.87656 1.87461 1.87266 1.87071 1.86876 1.86678 1.86433 1.81177 1.82486 2.04768 2.05246 2.12467 2.26178 2.44267 2.54537 2.64166 2.71988 2.93170 2.93754 2.90709
1.30122 1.30122 1.30122 1.30017 1.29332 1.12376 1.12002 1.13944 1.94735 2.05802 2.05802 2.05802 2.05802 2.05802 2.05802 2.05802 2.05802 2.05802 2.05802 2.05802 2.06137 2.07432 2.08787 2.10142 2.18571 3.11178 3.11178 3.11178 1.18018 1.15238 1.12485 1.11314 1.11314 1.11314 1.11314 1.11314 1.22100 1.75522 1.93764 1.91154 1.85997 1.85997 1.85997 1.85997 1.85997 1.85997 1.85997 1.85997 1.85997 1.85997 1.85997 1.85997 1.82269 1.80499 1.99924 2.01981 2.54625 2.59989 2.64903 2.62103 2.58602 2.55993 2.68788 2.75488 2.74337
1.28762 1.28417 1.28099 1.27869 1.27852 1.16818 1.13081 1.13947 1.67342 2.05802 2.05802 2.05802 2.05802 2.05802 2.05802 2.05812 2.06644 2.07999 2.09353 2.10703 2.11728 2.11787 2.11787 2.11787 2.11862 2.95808 3.11178 3.11178 1.11314 1.11314 1.11314 1.11314 1.11314 1.11314 1.11314 1.11314 1.20234 1.59142 1.93305 1.94037 1.85997 1.85997 1.85997 1.85997 1.85997 1.85997 1.85997 1.85997 1.87979 1.92680 1.97400 2.02120 2.04075 2.04758 1.93623 1.81120 2.21993 2.45560 2.50784 2.51996 2.51996 2.51996 2.61154 2.73030 2.73030
1.27852 1.27852 1.27852 1.27852 1.27852 1.20060 1.13081 1.13814 1.39774 2.05802 2.05802 2.05999 2.07211 2.08565 2.09921 2.11264 2.11787 2.11787 2.11787 2.11787 2.11787 2.11787 2.11787 2.11787 2.11787 2.65446 3.11178 3.11178 1.11314 1.11314 1.11314 1.11314 1.11314 1.11314 1.11314 1.11314 1.18060 1.38271 1.93245 1.96460 1.85997 1.86292 1.90039 1.94753 1.99476 2.04195 2.05859 2.04840 2.01838 1.96107 1.90368 1.84621 1.83704 2.03260 1.95760 1.77093 2.00866 2.44120 2.48617 2.51996 2.51996 2.51996 2.57210 2.73030 2.73030
1.27852 1.27852 1.27852 1.27852 1.27852 1.23304 1.13081 1.14307 1.22379 2.05532 2.10486 2.11644 2.11787 2.11787 2.11787 2.11787 2.11787 2.11709 2.05330 1.95011 1.85794 1.79342 1.76067 1.69987 1.81370 2.43579 3.11178 3.11178 1.11314 1.11314 1.11314 1.11314 1.11314 1.11314 1.11314 1.09313 1.05375 1.11543 1.73153 1.80401 2.03910 2.04255 1.99494 1.93751 1.88008 1.82268 1.79574 1.79574 1.79574 1.79574 1.79574 1.79574 1.79604 2.00778 2.02035 1.77637 1.81747 2.43078 2.46932 2.51996 2.51996 2.51996 2.53242 2.70800 2.69025
1.23151 1.22762 1.22409 1.23324 1.24857 1.25213 1.15003 1.15751 1.15006 1.48156 1.59531 1.54201 1.49285 1.44755 1.40551 1.36649 1.33024 1.29657 1.28284 1.28273 1.28273 1.31368 1.46439 1.46439 1.56554 2.27173 3.11178 3.11178 1.11314 1.07743 0.976767 0.874900 0.772906 0.671038 0.569107 0.487120 0.512847 0.808780 1.25062 1.33264 1.69888 1.79574 1.79574 1.79574 1.79574 1.79574 1.79574 1.79574 1.79574 1.79574 1.79574 1.79574 1.79574 1.94638 2.03147 1.83561 1.77724 2.27856 2.41582 2.45049 2.44355 2.43672 2.43226 2.57435 2.59760
1.19422 1.20785 1.22120 1.22324 1.21953 1.21581 1.10945 1.09066 0.983432 1.03998 1.28273 1.28273 1.28273 1.28368 1.29175 1.30123 1.31063 1.32016 1.32963 1.33911 1.34859 1.36315 1.57227 1.59009 1.61306 2.33026 3.10137 3.11178 0.547582 0.481358 0.480029 0.480029 0.480029 0.480029 0.480029 0.480029 0.480029 0.778178 1.10305 1.30288 1.57386 1.77466 1.76853 1.76233 1.75619 1.75001 1.75065 1.75664 1.76235 1.76774 1.77297 1.77798 1.78268 1.86211 1.94449 1.80864 1.69708 2.13118 2.44499 2.37685 2.37147 2.37147 2.37147 2.47033 2.52156
