High_resolution/powerplant/Chizhou/OMI_NO2_200802.asc
ncols      200
nrows      200
xllcorner       115.585
yllcorner       28.7700
cellsize     0.0166667
NODATA_Value      -999.000
[rows 29 to 57 of 200, columns 0 to 66 of 200]
6.49170 6.24344 5.32365 5.31924 5.33678 5.33678 5.34899 5.37508 5.40109 5.42689 6.42961 6.61625 6.65114 6.68582 6.71153 6.74354 6.77772 6.81261 6.84719 6.88167 6.87671 6.90823 6.93506 6.67877 6.64101 6.66773 6.66606 6.59999 6.40347 6.21585 5.89951 5.53642 5.11108 5.15060 5.17525 5.20559 5.26459 5.22871 5.24331 5.24532 5.21957 5.29280 5.39337 5.36793 5.36272 5.36272 5.41337 5.75962 5.75962 5.75962 5.75962 5.85469 6.19653 6.26600 6.29722 6.31882 6.31953 6.31953 6.31953 6.31953 7.12019 7.43490 7.95529 8.61473 8.60090 8.55721 8.51251
7.81414 7.12830 6.35945 6.03413 6.05968 6.08623 6.09817 6.09316 6.08796 6.08283 6.90319 7.44402 7.44402 7.44402 7.43800 7.43227 7.39120 7.24705 7.11754 7.00535 6.93800 6.94182 6.99201 6.62783 6.32673 5.98807 5.81934 5.71544 5.71211 5.72896 5.75008 5.73199 4.96394 5.20855 5.20936 5.20458 5.17092 5.14048 5.13388 5.13388 5.13388 5.16478 5.36263 5.36272 5.36272 5.36272 5.35983 5.71588 5.80011 5.82614 5.85216 5.89292 6.25541 6.31953 6.31953 6.31953 6.31953 6.31953 6.31953 6.31953 6.72502 7.37749 7.55461 8.45828 8.46982 8.50039 8.51821
8.75253 7.21230 6.75804 6.03462 6.02944 6.02428 6.02057 6.02044 6.02044 6.02044 6.55868 7.44402 7.41407 7.27270 7.13778 7.01655 6.91718 6.69405 6.44978 6.23441 6.06285 5.90713 6.14821 6.14891 6.02188 5.91225 5.88653 5.90337 5.92010 5.92012 5.90925 5.87243 4.93981 5.15140 5.15140 5.15140 5.15140 5.14524 5.13388 5.13388 5.13388 5.13388 5.32356 5.38390 5.42455 5.46919 5.51812 5.72254 5.86725 5.86725 5.86725 5.86725 6.18254 6.31872 6.31953 6.31953 6.31114 6.11371 5.77583 5.37952 5.16148 7.15602 7.19831 8.16956 8.45074 8.43025 8.42359
9.99276 7.17962 7.11606 6.05255 6.02044 6.02044 6.02044 6.02044 5.99313 5.79141 5.78480 6.35654 5.83041 5.35804 4.94440 6.19580 6.08425 6.08634 6.12126 6.14845 6.16308 6.18627 6.29247 6.25495 6.11387 5.98376 5.90753 5.90753 5.90753 5.90753 5.90753 5.88387 5.05317 5.08713 5.15140 5.15140 5.15140 5.14990 5.13403 5.14981 5.18023 5.21349 5.39036 5.54183 5.54183 5.54183 5.54183 5.63392 5.89736 5.95678 6.01420 6.06945 6.34146 6.40791 6.11404 5.74533 5.34119 5.12729 5.04116 4.98687 4.97940 6.74562 7.26955 7.82362 8.42359 8.42359 8.42359
11.0308 6.34266 5.92957 4.92660 4.44091 4.22150 3.99039 3.67892 3.42538 3.29182 3.19404 3.43319 3.43418 3.43418 3.43520 5.69693 6.17219 6.19538 6.21858 6.24175 6.25225 6.25225 6.26867 6.28766 6.16880 6.01764 5.90753 5.90753 5.90753 5.90753 5.90753 5.89558 5.48447 4.69037 5.15147 5.16804 5.19906 5.23310 5.25390 5.26866 5.28274 5.29914 5.37040 5.58098 5.58996 5.59856 5.60883 5.89079 6.23201 6.13732 5.83566 5.45657 5.14680 5.01723 5.00032 4.97847 4.97847 4.97847 4.97847 4.97847 4.96849 5.97755 7.27180 7.56199 8.53179 8.59089 8.63873
5.09128 3.74976 3.48955 3.37513 3.25516 3.17302 3.10088 3.09728 3.09728 3.09728 3.09728 3.35455 3.47285 3.50186 3.53086 5.20406 6.25225 6.25225 6.25225 6.25225 6.25225 6.25225 6.25225 6.31150 6.22081 6.05291 5.90753 5.90753 5.90753 5.90753 5.90767 5.93732 5.93695 4.37899 5.32295 5.35442 5.36812 5.38124 5.38426 5.38740 5.38955 5.39845 5.42242 5.65045 5.69503 5.69984 5.44524 5.19713 5.15014 4.81181 4.75036 4.74969 4.78282 4.90256 4.91694 4.84567 4.76985 4.68910 4.60275 4.51050 4.42675 4.75916 7.24025 7.46295 8.55774 8.80093 8.83356
2.46087 3.44584 3.23588 3.22255 3.09876 3.09728 3.09787 3.11414 3.13733 3.16052 3.18372 3.37893 3.56155 3.56155 3.56155 4.54880 6.25225 6.25225 6.25225 6.25225 6.25225 6.25225 6.25225 6.30806 6.22240 6.07827 5.88473 5.89450 5.94077 5.98840 6.03829 6.05642 6.11241 4.69341 5.32831 5.40850 5.42646 5.44907 5.46709 5.47683 5.49938 5.50597 5.35179 5.08157 4.70525 4.25831 4.13404 4.11135 4.64783 4.61122 4.55060 4.48649 4.42421 4.43173 4.41646 4.41646 4.41646 4.41646 4.43885 4.49102 4.54336 4.61351 6.85622 7.45847 8.38999 8.83593 8.83593
1.34447 3.48558 3.23588 3.23588 3.16328 3.16963 3.19224 3.19918 3.19918 3.19918 3.19918 3.30127 3.56155 3.56155 3.56136 3.82385 6.23743 6.19923 6.17802 6.15784 6.13846 6.12002 6.10227 6.14268 6.17457 6.13733 6.05184 6.03004 6.02840 6.02674 6.02370 6.01724 6.07715 5.21780 4.99563 5.48714 5.48767 5.47512 5.39959 5.05975 4.66539 4.17772 3.83110 3.74823 3.68359 3.57180 3.45197 3.39280 3.99924 4.27796 4.27834 4.27834 4.27834 4.39692 4.44555 4.49788 4.55021 4.60254 4.63248 4.63261 4.63261 4.63261 5.98003 7.45107 8.02943 8.83593 8.83593
0.668591 3.33920 3.19867 3.19315 3.17712 3.16126 3.15940 3.15753 3.15565 3.15381 3.15191 3.17957 3.49776 3.49546 3.49335 3.49298 5.82781 6.06972 6.05746 6.06820 6.09634 6.12727 6.16133 6.18745 6.25282 6.17276 6.07510 5.98329 5.97831 5.97331 5.96974 5.96945 6.00899 5.69340 4.43142 5.08847 4.63664 4.11291 3.59427 3.43013 3.33355 3.32698 3.32698 3.32917 3.38835 3.39100 3.39100 3.39100 3.78277 4.25936 4.30709 4.34896 4.39082 4.54443 4.63261 4.63261 4.63261 4.63261 4.63261 4.63261 4.63261 4.63261 5.02824 7.40646 7.78591 8.80612 8.92142
0.668591 2.82337 3.19814 3.11820 3.10960 3.09424 3.08883 3.08342 3.07803 3.07261 3.06724 3.06236 3.43128 3.49298 3.49298 3.45293 5.22534 6.17802 6.15742 6.17875 6.17417 6.16818 6.16219 6.14445 6.09998 5.85604 5.62668 5.31268 5.07400 4.80735 4.51397 4.19024 3.84896 3.71083 3.32698 3.32698 3.32698 3.32698 3.32698 3.32698 3.32698 3.32698 3.32698 3.32698 3.37105 3.39100 3.39100 3.39100 3.58688 4.31318 4.45125 4.45125 4.45125 4.52882 4.63261 4.63261 4.63261 4.63261 4.63261 4.63261 4.63067 4.62440 4.67522 6.84625 7.52821 8.34186 8.40524
0.668591 1.89724 3.25605 3.06390 3.06390 3.06195 3.06159 3.06159 3.06159 3.06159 3.06159 3.03275 3.16423 3.17423 3.01537 3.01067 4.30227 5.07556 4.87736 4.63147 4.38048 4.12000 3.84798 3.55945 3.65739 3.58495 3.38226 3.01621 3.00088 3.00088 3.00088 3.00088 3.00088 3.22171 3.32698 3.32698 3.32698 3.32698 3.32698 3.32698 3.32698 3.32698 3.32698 3.32698 3.35146 3.39100 3.39100 3.39100 3.41544 4.19708 4.45123 4.45095 4.43380 4.44807 4.54419 4.51976 4.52220 4.52539 4.49150 4.43897 4.38821 4.34215 4.29304 5.56313 7.07396 8.01495 8.32460
0.668591 0.773812 3.27183 3.06390 3.06390 3.06261 3.06159 3.04138 2.92242 2.80161 2.73089 2.69310 3.01761 3.66164 3.90058 3.92757 3.92468 3.09366 3.51746 3.48503 3.44920 3.41337 3.37808 3.36596 3.36596 3.32831 3.27011 3.02716 3.00088 3.00088 3.00088 3.00088 3.00088 3.13330 3.32698 3.32698 3.32698 3.32698 3.32698 3.32698 3.32698 3.32698 3.32698 3.33139 3.35445 3.43067 3.44963 3.46800 3.48637 3.85070 4.22730 4.28144 4.30206 4.32517 4.44368 4.41579 4.36078 4.30501 4.28648 4.28648 4.28648 4.28648 4.28648 4.62376 6.99783 7.70946 8.31624
0.668591 0.668591 3.04205 3.04740 2.95111 2.89786 2.87222 2.83505 2.95166 3.09675 3.06373 3.06373 3.19751 3.92757 3.89498 3.82346 3.75180 3.03678 3.30416 3.36596 3.36596 3.36596 3.36596 3.36596 3.36596 3.35711 3.27088 3.08214 3.00088 3.00088 3.00088 3.00088 3.00088 3.05120 3.32096 3.33819 3.35656 3.37493 3.39328 3.41165 3.43002 3.44839 3.46677 3.48073 3.47887 3.51974 3.52558 3.51684 3.50003 3.60887 4.08721 4.24880 4.20331 4.17478 4.27055 4.28648 4.28648 4.28648 4.28648 4.28648 4.28648 4.28648 4.28648 4.35119 6.41707 7.41740 8.04667
0.668591 0.668591 3.46306 3.12594 3.26578 3.36006 3.34368 3.39104 3.44164 3.42621 3.02587 2.97579 2.94099 3.61609 3.61322 3.61313 3.61313 3.25094 3.15505 3.36596 3.36596 3.36596 3.36596 3.36596 3.36596 3.36596 3.29088 3.10159 2.91112 2.85717 2.80304 2.74908 2.69495 2.66553 3.41067 3.48160 3.48160 3.48160 3.48132 3.47501 3.46627 3.45752 3.44877 3.43887 3.36989 3.33088 3.34412 3.28739 3.23867 3.31498 3.75990 4.17436 4.17436 4.17436 4.24532 4.28648 4.28648 4.28648 4.28648 4.28648 4.28628 4.19837 4.03753 3.87675 5.06095 6.72013 7.58864
4.63429 4.63429 4.68139 3.84252 3.59104 3.59104 3.47768 3.37652 3.34069 3.30693 2.95819 2.85410 2.85410 3.37827 3.61313 3.61313 3.61313 3.55442 3.00492 3.33086 3.27677 3.22277 3.16869 3.10988 3.04424 2.97830 2.86819 2.71118 2.52256 2.51553 2.50857 2.50165 2.49454 2.48572 3.11698 3.36735 3.35142 3.33573 3.32033 3.28701 3.18657 3.08193 2.97723 2.87362 2.83174 2.86445 3.06056 3.05350 3.04644 3.04956 3.39415 3.96291 4.00314 3.99758 4.11650 4.28648 4.28382 4.17661 4.01570 3.85479 3.69401 3.62101 3.62101 3.62101 3.99287 6.47404 7.43772
4.63429 4.63429 4.62536 3.88673 3.42396 3.40841 3.31624 3.13882 3.12691 3.11532 2.86546 2.58511 2.59007 2.84450 3.11758 3.09664 3.07788 3.06095 2.63554 2.63261 2.62089 2.60926 2.59756 2.59060 2.59060 2.59060 2.57543 2.47925 2.30903 2.30090 2.29291 2.28491 2.27692 2.27077 2.67621 3.10562 3.00788 2.91010 2.81237 2.73853 2.73409 2.73409 2.73409 2.73409 2.73409 2.73414 2.94284 2.97679 2.97679 2.97679 3.22780 3.77363 3.96330 3.86449 3.79801 3.83303 3.67478 3.62101 3.62101 3.62101 3.62101 3.62101 3.62101 3.62101 3.72217 5.84128 6.91995
4.63429 4.63429 4.62557 3.73784 3.12243 3.11752 3.10970 2.96590 2.95851 2.95961 2.86585 2.54211 2.54009 2.65338 2.97393 2.97393 2.97393 2.97393 2.71023 2.56930 2.59060 2.59060 2.59022 2.58415 2.57615 2.56816 2.56016 2.47069 2.29217 2.27035 2.24029 2.14478 2.04710 1.94932 2.05223 2.70943 2.73409 2.73409 2.73409 2.73409 2.73409 2.73409 2.73409 2.73409 2.73409 2.73409 2.86935 2.97679 2.97679 2.97679 3.14326 3.47008 3.46734 3.43742 3.45019 3.62089 3.62101 3.62101 3.62101 3.62101 3.62101 3.62101 3.62101 3.62101 3.60998 4.00230 4.41870
4.63429 4.63429 4.63429 4.03416 3.09164 3.08319 3.08319 2.99307 2.95125 2.95125 2.94150 2.55148 2.53049 2.56579 2.97387 2.97393 2.97393 2.97393 2.87917 2.51645 2.56565 2.55765 2.55003 2.54811 2.56386 2.64169 2.60465 2.37579 2.05303 1.89626 1.82859 1.82633 1.82633 1.82633 1.85468 2.64356 2.73409 2.73409 2.73409 2.73409 2.73409 2.73409 2.73409 2.73409 2.73409 2.73409 2.79578 2.97679 2.97679 2.97679 3.05903 3.38204 3.44588 3.43742 3.43742 3.59185 3.57945 3.53397 3.48411 3.41489 3.34312 3.26596 3.18681 3.10767 3.04787 3.33689 3.84249
4.63429 4.63429 4.63429 4.21535 3.19114 3.08319 3.08319 3.03416 2.95125 2.95125 2.95125 2.67110 2.53049 2.53049 2.90631 2.97393 2.97393 2.97393 3.00601 2.64081 2.73968 2.80626 2.84786 2.88506 2.90924 2.88865 2.75294 2.31042 1.92250 1.82633 1.82633 1.82633 1.82633 1.82633 1.82633 2.43651 2.73409 2.73409 2.73409 2.73409 2.73409 2.73409 2.73409 2.73409 2.73409 2.73409 2.73829 2.91932 2.85326 2.77109 2.69859 3.08778 3.24241 3.17765 3.12042 3.12412 3.11988 3.08621 3.05679 3.04678 3.03938 3.03721 3.03721 3.03721 3.03721 3.20154 3.52067
4.63429 4.63429 4.63429 4.33879 3.34772 3.08319 3.08319 3.07608 2.95492 2.95125 2.95125 2.78950 2.57876 2.66272 3.01115 3.26473 3.33071 3.37249 3.37745 3.03088 2.90328 2.88306 2.88153 2.88153 2.88153 2.88153 2.85884 2.40789 1.99286 1.82633 1.82633 1.82633 1.82633 1.82633 1.82633 2.20854 2.72667 2.73409 2.72873 2.66305 2.58095 2.49878 2.41655 2.33445 2.25221 2.17004 2.08794 2.19230 2.23317 2.18676 2.14035 2.55594 2.91398 2.98610 2.97999 3.00318 3.03723 3.03721 3.03721 3.03721 3.03721 3.03721 3.03721 3.03721 3.03721 3.07188 3.48203
4.63429 4.63429 4.63429 4.50841 3.56276 3.08305 3.01858 2.90091 2.72996 2.61738 2.52325 2.52154 2.98132 2.95884 3.09787 3.33220 3.29907 3.28425 3.28425 3.11983 2.86170 2.88153 2.88153 2.88153 2.88153 2.88153 2.88153 2.53231 2.14630 1.82702 1.81842 1.76515 1.70427 1.64324 1.58270 1.68278 2.17339 2.14043 2.06362 2.04706 2.04706 2.04625 2.01497 1.96859 1.92218 1.87577 1.83506 1.96182 2.02221 2.01457 2.00693 2.30858 2.77573 2.96965 2.97038 2.98678 3.03721 3.03721 3.03721 3.03721 3.03721 3.03721 3.03721 3.04045 3.13178 3.26233 3.73719
4.37102 3.90064 3.43025 2.96034 2.83642 2.42369 2.37776 2.37776 2.40150 2.35132 2.32481 2.29894 2.80328 2.86743 2.94173 3.28425 3.28425 3.28425 3.28425 3.26610 2.85217 2.88153 2.87470 2.83122 2.78244 2.73401 2.68530 2.39687 1.91280 1.42425 1.34543 1.33810 1.33694 1.33350 1.33007 1.34376 1.91710 1.97466 1.92481 1.87496 1.82505 1.77605 1.81117 1.97529 2.14293 2.31066 2.47273 2.48158 1.95516 1.94011 1.93669 2.08558 2.60825 2.90243 2.90855 2.91307 3.03715 3.03721 3.03721 3.04575 3.14977 3.28026 3.41075 3.53811 3.57732 3.57732 3.78665
1.81255 1.81255 1.81255 1.81531 2.64770 2.58967 2.71348 2.82740 2.83504 2.20754 2.19064 2.18074 2.53592 2.75825 2.75282 3.04079 2.95855 2.86157 2.76428 2.66739 2.36407 2.35047 2.29919 2.28397 2.27433 2.26443 2.25473 2.12353 1.57835 1.22327 1.21762 1.22501 1.24850 1.27729 1.30927 1.34514 1.86188 1.67648 1.80870 1.97970 2.15102 2.32202 2.43954 2.44311 2.44311 2.44311 2.44311 2.44311 2.02394 1.87381 1.87381 1.89103 2.47434 2.80836 2.86933 2.88234 3.14146 3.29819 3.42873 3.55074 3.57732 3.57732 3.57732 3.57732 3.57732 3.57732 3.65205
2.38009 2.85387 3.19337 3.44880 3.23561 2.73363 2.66934 2.64431 2.58836 2.00904 1.79143 1.73553 1.87950 2.22065 2.16764 2.24852 2.27424 2.27424 2.27424 2.27424 2.14875 2.20245 2.20484 2.20484 2.20484 2.20639 2.24765 2.30162 1.73518 1.43139 1.35645 1.37904 1.37910 1.46408 1.69022 1.91843 2.50964 2.49640 2.44311 2.44311 2.44311 2.44311 2.44311 2.44311 2.44311 2.44311 2.44311 2.44311 2.19729 1.87381 1.87381 1.87381 2.33564 2.70024 3.17855 3.28828 3.47780 3.57732 3.57732 3.57732 3.57732 3.57732 3.57732 3.57732 3.57732 3.78607 4.26330
3.53900 3.53900 3.53900 3.53900 3.34853 2.79348 2.36023 2.32927 2.32927 2.01859 1.64433 1.64433 1.68631 2.23466 2.24141 2.25748 2.27424 2.27424 2.27424 2.27424 2.22971 2.21510 2.32899 2.39807 2.47330 2.55323 2.57858 2.57385 2.09342 1.75641 1.81224 2.04066 2.26867 2.41201 2.41408 2.41408 2.59261 2.71459 2.44311 2.44311 2.44311 2.44311 2.44311 2.44311 2.44311 2.44311 2.44311 2.44311 2.37003 1.87438 1.87381 1.87381 2.18014 2.60073 3.16814 3.30142 3.42053 3.57732 3.57732 3.56967 3.52963 3.57292 3.97051 4.36286 4.75208 4.97491 4.97799
3.53900 3.53900 3.53900 3.53900 3.48252 2.95424 2.35349 2.32927 2.32927 2.23120 1.64447 1.64433 1.64433 2.11190 2.24141 2.25043 2.27424 2.27424 2.27424 2.27424 2.27424 2.42695 2.48194 2.38040 2.28248 2.20696 2.12496 2.04189 2.05672 2.09585 2.41119 2.41408 2.41408 2.41408 2.41408 2.41408 2.43429 2.89997 2.44311 2.44311 2.44311 2.44311 2.44311 2.44311 2.44311 2.44311 2.44311 2.44311 2.44311 1.97469 1.87106 1.81821 1.90620 2.38729 2.85734 3.13070 3.13769 3.25579 3.57956 4.03722 4.50022 4.85817 4.94345 4.99672 5.01019 5.01019 5.01019
3.53900 3.53900 3.53900 3.53900 3.53900 3.06479 2.45511 2.32927 2.32927 2.32927 1.75899 1.64433 1.64433 1.94699 2.24141 2.22037 2.14085 2.02320 1.89488 1.75447 1.63129 1.65583 1.97705 2.02893 2.06570 2.06714 2.06714 2.06714 2.06714 2.06714 2.34014 2.41408 2.41408 2.41408 2.41408 2.41408 2.41408 2.93590 2.47100 2.44311 2.44311 2.44311 2.42654 2.35891 2.28763 2.21653 2.14532 2.07410 2.00282 1.63636 1.30034 1.31297 1.36942 2.18681 2.64488 3.57239 4.03190 4.82666 4.98173 5.01019 5.01019 5.01019 5.01019 5.01019 5.01019 5.01019 5.01019
3.53900 3.53900 3.53900 3.53900 3.53900 3.15851 2.59332 2.32927 2.32927 2.33484 1.97895 1.63037 1.62354 1.66945 1.69618 1.61260 1.51332 1.54012 1.59203 1.64322 1.66135 1.68290 2.06056 2.06714 2.06714 2.06714 2.06714 2.06714 2.06714 2.06714 2.24033 2.41408 2.41408 2.41408 2.40884 2.39656 2.38416 2.59444 2.26944 2.04537 1.97415 1.90294 1.84824 1.84465 1.84479 1.86454 1.89789 1.93124 1.96464 1.87110 1.65023 2.29782 2.90610 3.95977 4.40475 4.50907 4.54146 4.94804 5.01019 5.01019 5.01019 5.01019 5.01019 5.01019 5.01019 5.01019 5.00641
3.53900 3.53900 3.53900 3.58627 3.74879 3.52529 2.93554 2.41573 2.44014 2.45792 2.27729 1.62030 1.65917 1.69811 1.73702 1.76980 1.70824 1.66135 1.66135 1.66135 1.66135 1.66135 1.97872 2.06714 2.06714 2.06714 2.06177 2.04937 2.03696 2.02453 2.08551 2.34676 2.33435 2.32191 2.31476 2.31472 2.31472 2.32253 2.11249 1.84994 1.88015 1.91353 1.94486 1.97131 1.99744 1.93753 1.79408 2.10659 2.51703 2.89259 3.61772 3.68162 3.67598 4.00149 4.33554 4.39928 4.47392 4.81487 5.01019 5.01019 5.01019 5.01019 5.00335 4.95731 4.90506 4.85279 4.80430
