High_resolution/powerplant/Chizhou/OMI_NO2_200704.asc
ncols      200
nrows      200
xllcorner       115.585
yllcorner       28.7700
cellsize     0.0166667
NODATA_Value      -999.000
[rows 87 to 115 of 164, columns 0 to 65 of 200]
4.08559 3.44740 3.42740 3.42740 3.46142 3.75003 3.12095 2.37643 2.28322 2.52287 2.73851 2.92376 2.96566 3.00493 3.07138 3.13790 3.20448 3.27093 3.29845 2.56136 3.14868 3.29528 3.54017 3.63405 3.86684 3.87055 3.87055 3.87055 3.87055 3.87055 3.87055 3.87055 3.87055 3.87055 3.87055 3.87728 3.56660 3.56831 3.58940 3.90212 4.12744 4.22325 4.26242 4.34812 4.37035 4.39259 4.40787 4.39755 4.39755 4.39755 4.39755 4.51479 4.62411 4.62411 4.62411 4.62513 4.75080 4.88417 4.78509 4.73686 5.07644 5.08647 4.99910 4.78775 4.76886 4.72088
4.07198 3.46340 3.42740 3.49649 3.66945 4.14608 3.95779 3.66825 3.32575 3.39220 3.45879 3.52530 3.59149 3.61881 3.61881 3.61881 3.61881 3.61881 3.61881 3.06710 3.20200 3.39754 3.44381 3.62165 3.81967 3.87055 3.87055 3.87055 3.87055 3.87066 3.88549 3.91066 3.93588 3.96106 3.98625 4.00035 3.75113 3.74055 3.83338 3.91104 4.11249 4.26720 4.31073 4.41742 4.41742 4.41742 4.39733 4.34372 4.30693 4.27148 4.23611 4.26131 4.39186 4.35645 4.32096 4.28599 4.31406 4.49676 4.48158 4.45194 4.69189 4.88081 4.77411 4.53611 4.44974 4.42133
4.52945 4.16509 4.13314 4.21549 4.21420 4.37522 4.39943 4.12046 3.55013 3.60078 3.61881 3.61881 3.61881 3.61881 3.61881 3.61881 3.61881 3.61881 3.61881 3.32205 3.06990 3.39754 3.34139 3.61124 3.76094 3.88942 3.91460 3.93979 3.96497 3.99006 4.00041 4.00055 4.05782 4.15558 4.24677 4.34145 4.23909 4.05613 4.06816 4.00012 4.08899 4.13263 4.06044 4.09989 4.06928 4.03387 4.01822 4.00576 3.99835 3.99835 3.99878 4.00929 4.17225 4.15268 4.13128 4.10995 4.09776 4.32989 4.31307 4.28133 4.36351 4.61484 4.60978 4.50968 4.42261 4.39496
4.78790 4.41297 4.10231 4.11179 4.13350 4.23775 4.48466 4.23827 3.60734 3.56888 3.61881 3.61881 3.61881 3.61881 3.61881 3.61881 3.61881 3.61881 3.61881 3.54032 2.87775 3.25519 3.16902 3.56260 3.82316 3.99579 3.99002 3.99559 4.07744 4.16780 4.25193 4.34017 4.38987 4.40394 4.41796 4.42258 4.34377 4.04301 4.04301 4.00855 4.02462 4.07155 3.91974 3.93464 3.92425 3.89822 3.87204 3.83974 3.79997 3.77353 3.74733 3.71954 3.72028 3.70121 3.67374 3.64627 3.62007 3.79857 3.83352 3.78793 3.73752 4.16632 4.40299 4.18837 3.89767 3.77260
4.77760 4.66504 4.30474 4.31519 4.31519 4.31576 4.57755 4.39076 3.72777 3.54151 3.61881 3.61881 3.61881 3.61881 3.61636 3.57961 3.53343 3.48701 3.44043 3.39700 2.74801 3.12849 3.16531 3.57638 4.03596 4.16754 4.24159 4.30986 4.32676 4.33206 4.33736 4.33294 4.31922 4.30551 4.29175 4.27799 4.26132 3.91889 3.88476 3.87095 3.79884 3.72187 3.53882 3.53572 3.53229 3.53229 3.53229 3.53159 3.51895 3.55082 3.58707 3.62336 3.67835 3.73258 3.77018 3.80894 3.80455 3.59399 3.55592 3.09744 2.77108 3.12841 3.68229 3.71526 3.62724 3.61309
4.89580 4.86261 4.32162 4.31519 4.31519 4.30513 4.46885 4.40893 3.79267 3.58132 3.66332 3.63139 3.59528 3.55958 3.52646 3.52761 3.53820 3.54881 3.55847 3.54262 3.32606 3.42101 3.57775 3.68190 4.11492 4.16586 4.19142 4.20265 4.20274 4.20274 4.20288 4.20686 4.21253 4.21828 4.22417 4.23015 4.23625 3.98739 3.92195 3.96838 3.98001 3.93420 3.73164 3.75527 3.79563 3.83192 3.86821 3.90450 3.92195 3.92094 3.92341 3.92588 3.94528 4.17806 4.37118 4.53936 4.67162 4.45859 4.15758 3.40872 2.63599 2.86523 3.48718 3.49792 3.36120 3.24402
4.56513 4.50609 4.17450 4.09953 4.07147 4.07839 4.19045 4.15602 3.72000 3.52827 3.59310 3.62441 3.62441 3.62441 3.61988 3.58682 3.54886 3.51086 3.47379 3.46224 3.49019 3.61535 3.62173 3.59996 4.09031 4.25129 4.27604 4.30892 4.36940 4.43095 4.49356 4.55051 4.60466 4.65897 4.71301 4.76739 4.82153 4.63946 4.38436 4.38436 4.36970 4.21549 4.01307 3.93925 3.94160 3.94407 3.94654 3.94901 4.03799 4.31328 4.49638 4.65692 4.80311 4.81594 4.80552 4.80552 4.80552 4.59671 4.15987 3.84099 2.63599 2.63599 2.92249 3.18934 3.18934 3.18934
4.13617 4.22274 4.18792 4.16479 4.18280 4.26714 4.26497 4.11826 3.82523 3.51452 3.55397 3.57663 3.53864 3.50064 3.46721 3.46224 3.46224 3.43253 3.37281 3.31413 3.28096 3.38441 3.38360 3.39460 4.38155 4.71285 4.84571 4.87325 4.87325 4.87325 4.87325 4.87325 4.87325 4.87325 4.87325 4.87325 4.87325 4.77492 4.38868 4.39918 4.43907 4.24863 4.08567 3.96592 4.21164 4.51660 4.78681 5.03728 5.18625 4.79416 4.77419 4.77419 4.77419 4.79831 4.80552 4.80552 4.80552 4.68858 4.22924 4.13997 2.76786 2.63603 2.76701 3.19019 3.19063 3.19108
3.95247 4.02459 3.99651 3.95002 3.95233 4.24554 4.25285 4.11506 3.84221 3.27865 3.22852 3.20485 3.14513 3.08714 3.05963 3.04421 3.03002 3.04280 3.08091 3.11578 3.12537 3.19750 3.25827 3.25827 4.18790 4.76489 4.85894 4.87325 4.87325 4.87325 4.87325 4.87325 4.87327 4.88006 4.89238 4.90469 4.91700 4.92613 4.47313 4.47139 4.58194 4.91204 5.11311 5.16774 5.21214 5.19612 5.19391 5.19391 5.19391 4.89232 4.77935 4.79950 4.82058 4.85796 4.89410 4.91521 4.93630 4.90124 4.50250 4.35164 3.26925 2.64134 2.65350 3.16461 3.15566 3.07893
3.74925 3.82093 3.74106 3.59906 3.52000 3.61071 3.60952 3.54264 3.51724 2.96354 2.88808 3.02438 3.08178 3.11633 3.12537 3.12537 3.12537 3.12537 3.12537 3.12537 3.12537 3.15923 3.25714 3.25827 3.86856 4.67960 4.83361 4.87350 4.88189 4.89421 4.90652 4.91883 4.93112 4.93663 4.93862 5.02354 5.15229 5.27986 4.99378 4.88490 4.85464 5.13539 5.36499 5.28247 5.30747 5.32858 5.34965 5.37076 5.39185 5.24432 5.00915 5.01007 5.01007 5.01867 5.04344 5.04621 5.04898 5.04629 4.68906 4.40933 3.79149 2.66640 2.66854 2.87263 2.90619 2.90619
3.35723 3.39715 3.41189 3.35332 3.35399 3.47823 3.59164 3.53633 3.42148 3.06476 2.87619 3.04617 3.12537 3.12537 3.12537 3.12537 3.12537 3.12537 3.12537 3.12537 3.12537 3.12858 3.24748 3.24777 3.59900 4.55585 4.84722 4.93272 4.93659 4.92595 4.92909 5.02811 5.13807 5.24779 5.34074 5.34444 5.30442 5.26556 4.99278 4.68781 4.68672 4.83653 5.26069 5.38896 5.42980 5.42978 5.42909 5.44710 5.47768 5.46864 5.11202 5.13697 5.16622 5.19841 5.29333 5.32679 5.36009 5.39319 5.19663 4.74237 4.56641 2.88988 2.87522 2.94302 2.94207 2.78770
3.36049 3.34180 3.32620 3.21537 3.13405 3.13421 3.28478 3.28478 3.23073 3.10795 2.87095 2.97902 3.12537 3.12537 3.12537 3.12537 3.12537 3.12481 3.11490 3.10042 3.08500 3.06958 3.14114 3.18209 3.30909 4.36019 4.82835 4.95790 5.07092 5.19150 5.28500 5.27496 5.25370 5.23305 5.22700 5.22724 5.22749 5.22713 5.09740 4.68667 4.68574 4.74149 5.34395 5.84723 5.97953 6.01948 6.06051 6.07731 6.07731 6.07731 5.70130 5.58762 5.58689 5.55318 5.56051 5.52618 5.47559 5.42604 5.33680 4.94499 4.82813 3.00890 2.33664 2.16893 2.06627 2.07973
3.08318 3.09085 3.14535 3.10806 3.06270 3.07286 3.28188 3.28478 3.24942 3.19748 2.86144 2.89915 3.11669 3.10521 3.08980 3.07332 3.05418 3.03547 3.02610 3.02133 3.01748 3.01234 3.09225 3.41619 3.54542 4.61555 5.20056 5.24217 5.25860 5.23757 5.21264 5.16615 5.12099 5.07766 5.03607 4.99607 4.95760 4.92101 4.90725 4.70019 4.68090 4.68942 5.12807 5.83755 5.93249 5.88178 5.83113 5.78043 5.72972 5.67907 5.40752 5.08814 5.04002 5.02543 5.06691 5.09870 4.96356 4.70618 4.46779 4.06425 3.70109 2.79486 2.07973 2.07973 2.07973 2.07973
3.08147 3.07414 3.11123 3.09343 3.03834 3.03242 3.19738 3.23649 3.22582 3.13464 2.83242 2.74098 2.95475 2.98883 2.98501 2.98223 2.98211 2.97803 2.95901 2.93864 2.91823 2.89915 2.97670 3.76467 3.77305 4.31762 4.88424 4.96839 4.96945 4.93200 4.90860 4.90627 4.90101 4.89567 4.89037 4.88503 4.87970 4.87436 4.86904 4.71199 4.63114 4.62609 4.53738 5.28124 5.50963 5.51074 5.51121 5.51345 5.51586 5.51827 5.45457 4.98750 4.81904 4.55917 4.31765 4.11531 3.99017 3.98689 3.98689 3.91052 3.69635 3.24910 2.07973 2.07973 2.07973 2.07973
2.92063 2.91436 2.94590 2.99110 3.02867 3.05335 3.20193 3.32959 3.33151 3.08419 2.88489 2.70428 2.87013 2.97374 2.95344 2.93305 2.91266 2.89633 2.90791 2.96507 3.02148 3.07910 3.12183 3.68106 3.76516 3.99199 4.47884 4.71426 4.86634 4.86100 4.85568 4.85221 4.85215 4.85215 4.85215 4.85215 4.85215 4.85215 4.85215 4.75784 4.62489 4.62755 4.52183 5.10711 5.48389 5.52143 5.51314 5.40955 5.29313 5.20169 5.11148 4.21041 3.91520 3.91246 3.91592 3.98547 3.98689 3.98689 3.98689 3.97091 3.69635 3.52071 2.26666 2.07973 2.07973 2.07973
3.08180 3.12456 3.18203 3.26760 3.29896 3.32245 3.33698 3.33765 3.33732 3.14202 2.95011 2.63626 2.71652 2.91681 2.93293 2.99769 3.06879 3.10857 3.11820 3.08837 3.05419 3.01296 2.96612 3.33801 3.74220 3.78255 4.26921 4.58880 4.82790 4.85215 4.85215 4.85215 4.85215 4.85215 4.85215 4.85215 4.85584 4.86268 4.86953 4.83915 4.65597 4.66016 4.56742 4.74431 5.13738 5.12912 5.04909 5.06266 5.08888 5.09010 5.09010 4.50090 3.91246 3.91246 3.91311 3.97998 4.00795 4.01944 4.03095 4.06878 3.79372 3.78272 3.06404 2.45387 2.50182 2.55162
3.24852 3.24879 3.25972 3.34230 3.37644 3.38515 3.38266 3.38008 3.37780 3.27071 3.09134 2.74992 2.84677 3.04488 3.04953 3.01203 2.96528 2.94706 2.94706 2.94706 2.94706 2.94706 2.94706 3.08628 3.77385 3.68156 4.19701 4.50518 4.75085 4.85215 4.85228 4.85693 4.86378 4.87062 4.87747 4.88431 4.88746 4.88429 4.83219 4.76279 4.49258 4.43096 4.40448 4.39776 4.96219 5.11307 5.12455 5.13604 5.14752 5.15903 5.17052 4.96537 4.01586 4.02734 4.03819 4.08019 4.11517 4.11322 4.09967 4.08847 3.89580 3.78822 3.64507 2.44716 2.42391 2.40074
3.38132 3.33923 3.27777 3.33880 3.41593 3.42571 3.42573 3.45122 3.49600 3.47990 3.21666 3.04017 3.00120 2.95957 2.94706 2.94706 2.94706 2.94706 2.94706 2.94706 2.94706 2.94706 2.94706 2.95516 3.67226 3.68934 4.08679 4.41906 4.69864 4.87855 4.88527 4.88746 4.88746 4.87255 4.81199 4.74831 4.68773 4.65343 4.67282 4.70884 4.59025 4.52131 4.52639 4.38621 4.96710 5.21839 5.21839 5.21839 5.21839 5.22250 5.24551 5.26996 4.27618 4.14421 4.16979 4.14785 4.00021 3.98664 3.98469 3.98469 3.86689 3.69372 3.88006 2.48916 2.39107 2.39107
3.14511 3.14047 3.14047 3.20749 3.39115 3.39928 3.39016 3.35537 3.29413 3.26529 3.00808 2.95745 3.00120 2.97373 2.94706 2.94706 2.94706 2.94706 2.94706 2.94706 2.94880 2.97731 3.01489 3.05064 3.56652 3.86893 4.08254 4.35621 4.64478 4.88091 4.81746 4.75382 4.69203 4.66774 4.69570 4.72690 4.77228 4.80490 4.83376 4.86269 4.79545 4.68648 4.73586 4.65359 4.93246 5.29219 5.34668 5.37208 5.39760 5.41892 5.42126 5.42126 4.77246 4.24362 4.24362 4.23130 3.98912 3.95612 3.87546 3.79369 3.64194 3.42447 3.46796 2.46213 1.92104 1.90574
2.88743 2.79583 2.85857 2.98569 3.23045 3.26281 3.26529 3.26529 3.26529 3.26529 3.10096 2.94701 2.99842 2.98803 2.94259 2.94089 2.96580 3.00005 3.03430 3.06890 3.10059 3.10278 3.09566 3.09037 3.37892 3.93745 3.93413 4.30577 4.48110 4.88756 5.00684 5.07464 5.14133 5.18384 5.21448 5.24341 5.24946 5.24201 5.23456 5.22712 5.21362 5.20496 5.20764 5.11762 5.02596 5.32781 5.37431 5.29255 5.21069 5.12902 5.04725 4.96558 4.60756 3.62441 3.54012 3.40707 3.05343 2.87422 2.78535 2.55715 2.39095 2.39155 2.17116 1.85439 1.69690 1.69690
2.63217 2.63217 2.71555 2.98061 3.18205 3.32554 3.37009 3.40581 3.44149 3.47723 3.44241 3.26544 3.10690 3.05329 3.02986 3.05671 3.06226 3.05848 3.05471 3.05093 3.07270 3.15291 3.23556 3.31810 3.58860 3.97474 3.89659 4.47281 4.63964 5.07495 5.23696 5.22953 5.22207 5.21486 5.21274 5.20343 5.16201 5.11675 5.06977 5.02133 4.97115 4.91409 4.85966 4.72326 4.16908 4.37877 4.50256 4.50256 4.50256 4.49083 4.42743 4.35794 4.27772 3.14866 2.86917 2.65009 2.35188 2.07090 1.92904 1.92790 1.92802 2.04588 2.05362 1.91908 1.69977 1.69690
4.14537 4.11170 4.15168 4.19337 4.26528 4.25515 4.45843 4.71303 4.73480 4.80138 4.91798 5.39467 6.11205 6.17059 6.09287 6.23786 6.23786 6.23786 6.23786 5.40404 5.14796 5.10279 5.05763 5.01246 5.00347 5.00663 4.49415 4.03191 3.96359 3.84431 3.62409 3.55254 3.48908 3.42189 3.35481 3.00523 2.69686 2.65459 2.74862 2.79195 2.83409 3.04987 3.21022 3.19074 3.19074 3.25521 3.26897 3.26897 3.26897 3.26897 3.26897 3.26897 3.26897 3.26897 3.26897 3.26897 3.00687 2.74599 2.75271 2.96272 2.76895 2.46043 2.43808 2.42717 2.35723 2.22667
3.79562 4.14699 4.68791 4.68791 4.68791 4.67006 4.63229 4.97945 4.96402 4.99341 5.00113 5.27752 6.01475 6.17713 6.05489 6.20195 6.16107 6.10858 6.01356 5.32606 4.81086 4.75427 4.69759 4.64096 4.60375 4.68217 4.41705 3.75617 3.70262 3.63555 3.34419 3.26585 3.24483 3.23325 3.21338 3.05359 2.87693 2.76909 2.89400 2.89498 2.89498 2.99043 3.21505 3.19074 3.19074 3.23248 3.26897 3.26897 3.26897 3.26897 3.26897 3.26650 3.23090 3.18331 3.13073 3.07779 2.89027 2.53482 2.51711 2.57704 2.30061 2.00888 1.80518 1.70693 1.59047 1.49372
3.79562 3.92151 4.68791 4.68791 4.68791 4.68791 4.51499 4.98024 4.99646 4.99744 4.97377 4.99000 5.61349 5.73474 5.55016 5.67186 5.69323 5.64390 5.63710 5.28229 4.59264 4.59264 4.59264 4.57527 4.51667 4.51765 4.41012 3.41837 3.35330 3.30436 3.22129 3.16505 3.10766 3.05028 3.00147 3.00317 3.02654 2.78294 2.88735 2.89498 2.89498 2.91710 3.21632 3.19142 3.18499 3.19970 3.24562 3.20303 3.15009 3.09716 3.04422 2.99370 2.97627 2.97093 2.97058 2.96507 2.88589 2.39318 2.28023 2.19038 1.88206 1.70872 1.40939 1.31811 1.29369 1.32118
3.79562 3.79562 4.60428 4.68791 4.66471 4.61664 4.41622 4.56177 4.56932 4.50646 4.42700 4.47256 4.94344 5.33539 5.32743 5.44979 5.63710 5.63710 5.63765 5.50301 4.48548 4.40845 4.32708 4.26086 4.24046 4.29065 4.34397 3.46966 3.17909 3.11213 3.02900 2.99559 2.99559 2.99559 2.99372 2.98798 3.02613 2.82241 2.83705 2.86396 2.85810 2.85031 3.05473 3.06625 3.02535 2.98880 2.98037 2.97058 2.97058 2.97058 2.97058 2.95500 2.89193 2.82557 2.75921 2.69780 2.64912 2.26220 2.08106 2.03544 1.83801 1.77797 1.46621 1.48179 1.50175 1.50251
3.60820 3.55926 4.17415 4.42380 4.41345 4.42795 4.30271 4.21212 4.31356 4.41507 4.41515 4.44526 4.78361 5.27992 5.33604 5.35904 5.59377 5.54472 5.49215 5.45735 4.37675 4.23865 4.23865 4.22466 4.16186 4.09740 4.07284 3.45956 3.00372 2.99689 2.98383 2.95699 2.95114 2.94529 2.94130 2.94119 2.96742 2.84051 2.70799 2.72176 2.67690 2.63073 2.75107 2.89291 2.89652 2.88244 2.87846 2.83442 2.75119 2.66034 2.55712 2.47332 2.42534 2.33876 2.25222 2.17014 2.12105 2.13374 2.12428 2.09577 1.96793 1.85004 1.61514 1.50251 1.50251 1.50251
3.47727 3.48510 3.92991 4.42709 4.42605 4.42503 4.35192 4.16923 4.29315 4.39598 4.41515 4.42832 4.68714 5.25670 5.33606 5.33606 5.42537 5.40534 5.36378 5.31811 4.41935 3.89671 3.78817 3.69364 3.64792 3.62568 3.72051 3.51082 2.96498 2.96530 2.96540 2.94380 2.91988 2.87530 2.83074 2.78614 2.75150 2.73679 2.50433 2.46949 2.45738 2.44872 2.51763 2.63259 2.59246 2.52425 2.43123 2.35275 2.33416 2.27897 2.22303 2.15721 2.09871 2.08130 2.06837 2.05600 2.04434 2.04488 2.07158 2.04769 2.00252 1.83116 1.73176 1.50251 1.50251 1.50251
3.44321 3.44278 3.65857 4.39388 4.39388 4.39494 4.39227 4.18045 4.30836 4.38817 4.43993 4.42010 4.45055 5.00328 4.98464 4.91152 4.87008 4.83127 4.69463 4.56217 4.09427 3.62725 3.62757 3.62790 3.62822 3.62855 3.69422 3.67597 2.91149 2.84566 2.79330 2.74675 2.72707 2.72707 2.72741 2.73736 2.75175 2.81195 2.59390 2.46839 2.43473 2.40162 2.36185 2.36002 2.39308 2.36920 2.30855 2.13639 2.07616 2.05559 2.04393 2.03971 2.03971 2.03971 2.03971 2.03971 2.03971 2.03883 2.08179 2.04778 2.03751 1.85073 1.84042 1.50768 1.50053 1.46320
3.39244 3.34215 3.30591 4.25305 4.20349 4.10132 3.98280 3.47566 3.40857 3.44879 3.62830 3.54476 3.45054 3.74850 3.76805 3.62744 3.68022 4.00079 4.00079 4.00079 3.92434 3.62933 3.63170 3.64514 3.65998 3.67481 3.62887 3.48100 2.89297 2.74517 2.76195 2.77999 2.79612 2.81051 2.79874 2.69242 2.56725 2.46438 2.40059 2.36364 2.36321 2.34879 2.31208 2.28570 2.27370 2.27967 2.27599 2.05401 2.03971 2.03971 2.03971 2.03971 2.03971 2.03971 2.03971 2.03971 2.03971 2.03971 2.07933 2.04622 1.97772 1.81791 1.74614 1.38661 1.20914 1.19012
