High_resolution/powerplant/Chizhou/OMI_NO2_200501.asc
ncols      200
nrows      200
xllcorner       115.585
yllcorner       28.7700
cellsize     0.0166667
NODATA_Value      -999.000
[rows 0 to 28 of 163, columns 0 to 66 of 200]
8.02533 7.93739 7.92944 7.92944 8.42377 8.83115 9.01907 9.20018 9.37577 9.79421 10.1899 11.0998 12.6707 12.3971 11.6162 10.8053 10.1922 10.0962 10.4675 10.7964 11.0952 11.3678 11.5383 12.5986 15.1671 18.1398 18.5540 18.7239 18.5737 18.3985 18.2276 18.0615 17.8904 18.9428 19.3957 21.8322 22.4524 21.9643 21.5129 21.0916 20.1264 19.8625 20.0498 20.7974 19.9799 20.1353 20.2870 20.2870 20.2453 19.9099 19.5376 18.9535 17.9627 16.2819 13.7872 14.4731 15.1957 15.8170 16.2868 16.7746 17.4574 18.2105 18.2338 17.0518 16.7503 16.7884 17.0815
7.92944 7.92944 7.92944 7.92944 9.26646 10.3024 10.3024 10.3024 10.1648 9.96174 9.87727 10.0387 10.5761 10.4889 10.8044 11.0914 11.3010 11.3347 11.5464 12.2103 13.3910 14.3633 15.1645 15.7816 16.2387 18.5827 16.5468 16.4251 16.4499 16.4032 16.3578 16.3136 16.2756 16.7822 17.9013 18.8101 20.4505 20.4505 20.4505 20.4505 20.0067 19.4482 19.1412 19.9021 18.7299 18.4410 18.0494 17.1903 16.4556 16.5177 17.0128 17.5820 18.2181 17.9388 16.3833 16.8200 17.3188 17.3909 17.3907 17.3906 17.6176 18.0179 18.1319 17.3996 16.8113 16.8113 17.0546
7.92944 7.92944 7.92944 7.84680 8.30482 9.82263 9.87827 9.92731 10.0717 9.96521 10.2525 10.5009 11.2701 11.3126 11.3467 12.0384 13.0791 13.9473 14.7545 15.0521 14.9822 14.9057 14.8321 14.9459 15.1950 17.1949 16.3462 16.0367 16.2697 16.2697 16.2697 16.2697 16.2697 16.3046 17.6352 17.7273 19.5025 19.2264 18.9641 18.7132 18.1266 16.9731 16.4313 16.6774 15.8620 15.6947 16.5970 17.4718 18.0922 18.1728 17.9644 17.7853 17.6986 17.6472 17.6838 17.7458 17.4493 17.3904 17.3904 17.3904 17.5213 17.8936 18.1308 17.6900 16.8113 16.8113 16.9917
8.30328 8.23323 8.40693 8.62136 9.08815 10.6462 10.6893 10.7174 10.7456 10.4183 10.4091 10.4383 11.1744 13.3957 14.3571 14.6477 14.6761 14.6761 14.7360 14.8053 14.8053 14.8053 14.8053 14.8666 15.1530 16.5446 16.6559 15.7021 15.8953 15.7555 15.6207 15.4906 15.3650 15.2647 16.2284 16.6513 17.7757 17.5488 17.0917 16.6606 16.1537 15.1667 16.1304 17.4342 18.1129 18.0428 18.0044 17.8679 17.8772 17.9471 17.9664 17.9664 17.9664 17.8652 17.8108 17.7800 17.5593 17.3904 17.3904 17.3904 17.4339 17.7799 18.1308 17.9637 16.8114 16.8311 16.9773
10.3212 9.29701 9.32985 9.36278 9.39240 10.6354 10.8754 10.8446 10.8098 10.6805 11.2781 11.6787 12.0582 13.8401 14.6761 14.6761 14.6761 14.6761 14.6968 14.7950 14.7798 14.7646 14.7495 14.7373 15.0461 15.5500 15.9242 14.8606 15.2442 15.2550 15.2562 15.2980 15.3599 15.4218 16.0067 16.9721 16.4239 16.3124 17.0570 17.6363 18.0732 17.9947 17.7951 17.9025 18.2054 17.8129 17.9064 17.9664 17.9640 17.9437 17.9200 17.8962 17.8725 17.7873 17.6857 17.6149 17.4802 17.1776 17.1539 17.1302 17.1063 17.3238 17.7897 17.7737 17.3642 17.3412 17.3864
10.9285 9.46332 9.36484 9.26393 9.15222 10.1430 10.8649 10.9571 11.0552 11.1256 12.0291 12.4392 12.5121 13.1480 14.6330 14.6179 14.6027 14.5876 14.5727 14.6791 14.6968 14.6968 14.6968 14.6968 14.9474 15.2160 16.2496 15.0048 15.3248 15.4837 15.5445 15.5571 15.5206 15.4970 15.6260 16.8124 17.1133 17.9350 17.6919 17.5591 17.5293 17.4616 17.4031 17.4556 18.0168 17.5200 17.5345 17.6052 17.5840 17.5805 17.5805 17.5805 17.5805 17.5577 17.4474 17.4044 17.3801 17.0207 17.0145 17.0216 17.0287 17.1703 17.5844 17.6710 17.5607 17.6257 17.8134
11.4656 10.0038 9.39360 9.48076 9.57564 10.4603 11.7048 11.7286 11.7524 11.7762 12.1192 12.6208 12.5468 12.5578 14.3921 14.5676 14.5676 14.5676 14.5676 14.6226 14.6280 14.6218 14.6388 14.6555 14.8828 15.1578 16.1182 15.1277 14.9491 15.0855 15.0440 14.7911 14.5377 14.2536 13.8937 15.3567 15.9475 17.2769 17.3030 17.3030 17.3030 17.2828 17.2363 17.2365 17.8598 17.5742 17.5538 17.6128 17.6316 17.6503 17.6691 17.6878 17.7066 17.7252 17.6279 17.6035 17.5951 17.3304 17.2328 17.2317 17.1463 17.1762 18.2519 18.5184 18.7408 19.5000 20.4784
12.4512 11.2834 9.76747 9.79721 9.82616 10.1106 11.7792 11.7033 11.6283 11.5524 11.4708 12.2609 12.1480 12.0612 13.3131 14.0482 13.9955 13.9432 13.8913 13.9606 14.3754 14.4681 14.5379 14.6077 14.8265 15.3003 15.5013 14.7864 14.0524 14.1243 13.8459 13.8812 13.9684 14.0573 14.1484 15.1693 16.3796 17.5460 18.0553 18.1220 18.1903 18.2555 18.2574 18.3273 18.9286 19.2498 19.2630 17.9340 17.8459 17.8459 17.8459 17.8459 17.8660 17.9142 17.8834 17.8478 17.7539 17.4120 16.9873 16.9808 17.7804 18.7473 21.0483 22.3854 22.8613 22.5673 22.6042
12.6207 12.3401 9.86111 9.83491 9.83491 9.83491 10.7251 10.8208 10.8208 10.8208 10.6749 11.5707 11.7485 11.7113 12.4146 13.9815 14.0521 14.1219 14.1916 14.2638 14.7104 14.7284 14.5055 14.2467 13.9997 14.3072 14.2925 14.6678 14.6412 14.9543 14.9874 14.9641 14.8988 14.8335 14.7682 14.9767 16.8195 17.4413 18.4903 18.4903 18.4903 18.4903 18.4314 18.4142 18.7805 19.2887 19.3918 18.3804 18.0472 18.0975 18.1503 18.1998 18.1523 18.0457 17.8770 17.7714 18.7993 19.7986 20.2326 21.1224 21.3233 21.3703 22.2102 23.1674 23.1975 22.8621 22.8663
12.6207 12.6207 10.3667 9.83491 9.83009 9.80923 10.4584 10.7206 10.6486 10.6681 10.6043 11.3334 12.1507 12.1672 12.2330 14.1403 14.2649 14.2237 13.9503 13.7360 13.8627 13.8384 13.8887 13.9716 14.0534 14.6658 14.8949 15.4730 15.5002 14.8244 14.6324 14.6324 14.6324 14.6324 14.6324 14.6324 16.4142 16.9192 18.4515 18.4958 18.4979 18.4999 18.6256 18.7962 19.0180 19.6474 19.7127 18.9499 18.1690 18.0605 17.9690 18.1301 18.4430 18.7678 19.0681 19.0279 20.5424 21.7555 21.5336 21.5642 21.5654 21.5654 21.8515 23.2352 23.2700 22.9439 22.8663
11.8947 11.8256 10.6472 9.52215 9.42489 9.33754 9.67501 10.0948 10.0763 10.3362 10.5425 11.1516 12.6091 12.6339 12.7331 13.6531 13.7648 13.5852 13.6779 13.6878 13.8860 14.2412 14.2412 14.2412 14.2412 14.6208 14.9005 15.3311 15.5002 15.0371 14.6349 14.6373 14.6398 14.6422 14.6446 14.6470 15.7730 16.8335 17.9966 18.5092 18.5142 18.5192 18.6158 18.8665 18.8202 19.4426 19.4964 19.3107 18.5178 18.8246 19.1119 19.1502 19.1130 19.0952 19.0952 18.9468 19.5683 21.7001 21.5964 21.5654 21.5654 21.5654 21.5668 22.9771 23.2700 23.0336 22.8663
11.3401 11.3536 11.0304 9.51804 9.61828 9.71853 9.99578 10.7267 10.7931 10.9638 11.2150 11.2948 13.0822 13.5021 13.6599 13.6878 13.6878 13.6878 13.6878 13.6878 13.7270 14.2333 14.2411 14.2408 14.2405 14.4687 14.8992 15.1741 15.5157 15.2668 14.6502 14.6502 14.6502 14.6480 14.5822 14.4870 14.7992 16.5304 17.2504 18.5315 18.4691 18.2746 18.3204 18.9202 19.2466 20.2093 20.6695 20.6128 19.1143 19.0952 19.0952 19.0952 19.0952 19.0952 19.0800 18.9653 18.8453 21.3739 21.5010 21.4070 21.3783 21.3497 21.3210 22.1643 22.9683 22.7445 22.3562
12.1224 12.1224 12.1224 10.2668 10.0054 10.0054 10.0153 10.7606 10.7986 10.8736 11.2150 11.2298 12.7252 13.7156 13.6878 13.6877 13.6874 13.6871 13.6868 13.6865 13.6862 14.1065 14.2391 14.2391 14.2391 14.3164 14.8983 15.0087 15.5160 15.4016 14.4987 14.3928 14.2974 14.2036 14.1650 14.0781 13.8313 15.4485 15.8642 18.3838 18.6465 18.9855 19.0967 19.4773 19.6451 20.0308 20.3633 20.3762 19.0498 18.7543 18.7257 18.6970 18.6684 18.6397 18.6262 18.6021 18.4143 20.1676 21.1963 21.0963 21.0965 21.0988 21.1082 21.4481 22.8457 22.7726 22.3111
12.1224 12.1224 12.1224 10.8476 10.0054 10.0054 10.0054 10.6055 10.8123 10.8550 11.2970 11.3625 12.0070 13.7264 13.6858 13.6857 13.6857 13.6857 13.6857 13.6857 13.6857 13.9402 14.2391 14.2373 14.1590 14.0326 14.4718 14.4103 14.8241 14.7260 13.8900 13.5744 13.3556 12.7213 11.9774 11.2478 10.6826 13.6346 15.8231 18.0080 18.7531 18.7531 18.7531 19.0025 19.3667 19.6007 20.1038 20.1635 19.2166 18.6262 18.6264 18.6297 18.6336 18.6375 18.6414 18.6453 18.4754 19.3192 21.2587 21.1339 21.1351 21.1367 21.1300 21.1258 23.0452 23.5686 23.1868
12.1224 12.1363 12.1889 11.6257 10.1462 10.1900 10.2338 10.6776 11.0482 11.0485 11.3774 11.4865 11.5571 13.3409 13.5707 13.5365 13.5050 13.4737 13.4421 13.4001 13.3501 13.3643 13.5101 13.2570 13.0406 12.8727 13.0489 13.0595 13.5047 13.4323 12.3508 11.2690 10.6511 10.5717 10.5717 10.5717 10.5717 11.8830 15.8189 17.0514 18.7561 18.7894 18.8306 18.9640 19.5197 19.6374 20.3420 20.2794 19.6216 18.6296 18.6332 18.6340 18.6340 18.6340 18.6340 18.6346 18.5318 18.5543 21.1687 21.1748 21.1415 21.1462 20.9860 19.8954 20.1514 20.0915 18.2369
12.4542 12.4951 12.4973 12.4580 10.4337 10.3054 10.3054 10.4372 10.7011 10.6698 10.8185 11.0136 11.0600 12.3224 13.2748 13.2415 13.2215 13.0969 12.9106 12.7350 12.5672 12.3994 12.3833 12.3672 12.3633 12.0134 11.6352 11.3033 11.0479 11.6131 11.2922 10.6173 10.6750 10.7327 10.7903 10.8480 10.9056 10.9988 15.7421 16.4803 19.1001 19.1615 19.1615 19.1683 19.6895 19.7750 20.4125 20.3826 20.0437 18.6513 18.6623 18.6733 18.6848 18.6971 18.7088 18.7139 18.6651 18.5123 19.8354 19.2858 17.8553 16.4294 15.1408 15.0720 15.9132 18.3341 18.1264
12.4973 12.4973 12.4973 12.4973 10.9860 10.3054 10.3054 10.3220 10.6260 10.6327 10.7150 10.8831 10.6667 10.9695 12.6236 12.4285 12.2622 12.2004 12.2004 12.2004 12.2004 11.9599 11.4140 10.7858 10.0109 9.65889 9.74371 10.2057 10.2814 11.2838 11.2422 11.1441 11.1434 11.1434 11.1434 11.1434 11.1434 11.1434 14.3956 16.2986 18.4326 19.1339 19.1096 19.0853 19.5369 19.8418 20.3266 20.5297 20.3806 18.8592 18.7234 18.7186 18.7114 18.6361 18.0478 17.3232 16.6034 15.7723 15.5616 15.7057 15.5093 15.6178 15.7292 15.7483 15.8049 18.4618 18.5854
12.5624 12.5796 12.5969 12.6142 11.7666 10.3716 10.1865 9.98172 10.1163 10.0179 9.85662 9.79726 9.77637 9.77556 11.7312 12.0847 12.0768 11.9474 11.2637 10.5534 9.77044 9.25655 9.30201 9.44974 9.44974 9.44974 9.45952 10.0481 10.0768 11.0328 11.2387 11.1607 11.1434 11.1254 11.0914 11.0574 11.0235 10.9895 12.5678 16.1104 17.3111 18.9821 18.9831 18.9847 19.3175 19.8779 20.1865 20.5895 20.3735 18.9397 17.8471 17.2835 16.6860 16.1342 16.1943 16.3815 16.5164 16.3827 16.3064 16.3040 15.8629 15.7483 15.7483 15.7483 15.7490 17.5555 18.7299
12.5329 12.2876 12.0421 11.7805 11.3147 9.17854 9.05983 8.99755 9.26985 9.43690 9.38491 9.29809 9.35148 9.60927 10.5992 11.0606 10.5399 9.99641 9.25946 9.24959 9.24959 9.24959 9.25378 9.43797 9.44974 9.45073 9.46796 9.95502 10.1410 10.6814 11.0714 10.9829 10.9082 10.8923 10.8923 10.8923 10.8931 10.9257 11.1064 15.9220 16.4221 18.9356 18.9902 18.9858 19.1327 19.5802 19.2002 19.2370 18.3914 17.2186 16.5224 16.5224 16.5224 16.5224 16.5224 16.5224 16.5224 16.4459 16.3064 16.2991 15.9632 15.6604 15.6183 15.5764 15.5344 16.3376 18.4652
10.8533 10.7753 10.6974 10.6357 10.6308 9.14164 8.70501 8.70677 9.05832 9.57676 9.73313 9.90852 10.0090 9.92685 9.79480 9.67136 9.84994 10.0196 9.46467 9.27102 9.29403 9.31700 9.33998 9.49565 9.58611 9.60810 9.61384 9.93405 10.2409 10.4309 10.9875 10.9571 10.9249 10.9736 11.0222 11.0713 11.1190 11.1376 11.2226 14.8497 16.3526 17.6492 17.6809 16.8866 15.9677 16.9573 17.3572 18.1076 17.9421 17.3880 16.2155 16.1735 16.1314 16.0893 16.0472 16.0052 15.9632 15.9052 15.6657 15.6282 15.4765 15.0667 15.0667 15.0667 15.0667 15.2166 17.8329
10.6308 10.6308 10.6308 10.6339 10.6436 9.82207 9.02676 9.11534 9.13619 9.42462 9.34164 9.23883 9.05731 8.96024 8.99707 9.14097 9.54449 10.1359 9.85879 9.41369 9.41369 9.41369 9.41369 9.48642 9.61384 9.61384 9.61442 9.82174 10.3208 10.3484 11.0248 11.0410 10.9957 11.0552 11.1151 11.1745 11.2342 11.2915 11.2664 11.5772 11.2299 12.7019 14.9995 14.9510 14.9426 15.8018 16.7158 17.3462 17.4706 17.2461 15.8725 15.8408 15.8408 15.8408 15.8410 15.8700 15.9430 16.0702 16.0322 16.1134 16.2076 15.8491 16.3133 16.9807 17.6124 17.9289 17.6546
10.5793 9.93326 9.97733 10.0138 10.0110 9.75087 8.58251 8.50250 8.42342 8.77396 8.76457 8.69009 8.57022 8.57022 8.68149 9.16469 9.32418 10.0597 9.93029 9.18510 9.12603 9.06845 9.00854 8.96221 9.21963 9.21694 9.23821 9.27524 9.68839 9.71543 10.5356 11.0014 10.9570 10.9412 10.9412 10.9412 10.9412 10.9412 10.9412 10.9412 10.9412 11.1974 14.8720 14.9426 14.9453 15.3705 16.7972 17.2925 17.7206 17.6012 17.1646 17.2291 17.3855 17.5450 17.7075 17.8400 17.9179 17.9219 18.1131 18.4809 18.9063 18.9701 18.7481 18.4940 18.2395 18.0885 17.1907
10.9287 9.70409 9.57574 9.44974 9.31921 9.25715 8.26496 8.06582 8.04239 8.28849 8.39502 8.35914 8.17009 8.10661 8.09171 8.54227 8.68913 9.43322 9.51532 8.83593 8.65766 8.70079 8.74670 8.79470 9.19996 9.35701 9.37471 9.37471 9.74255 9.82106 10.3256 11.0365 10.9805 10.9412 10.9427 10.9834 11.0408 11.0982 11.1556 11.2130 11.2704 11.2897 14.3072 15.3604 15.4055 15.5249 16.9823 17.4401 18.0356 17.9362 17.9206 17.9109 17.8454 17.7712 17.9586 18.4052 18.8081 19.1179 18.9357 18.7062 18.4425 18.2549 18.0961 18.0961 18.0961 18.0988 17.3689
9.95706 9.13729 8.89856 8.88822 8.88822 8.88822 8.34180 7.90240 7.90240 8.02769 8.21666 8.21666 8.09652 8.02122 7.97597 8.41088 8.73282 9.32092 9.67414 9.34727 8.90796 8.90796 8.90796 8.90796 9.12588 9.38509 9.42684 9.47056 9.78044 10.0045 10.2146 11.3074 11.3589 11.4363 11.4923 11.5091 11.5091 11.5091 11.5091 11.5091 11.5091 11.5065 13.1062 15.4154 15.3898 15.3497 16.4257 16.9759 17.6810 17.5379 17.6297 18.0869 18.5624 18.9673 18.9022 18.5725 18.2516 17.9913 17.9681 18.1709 18.1915 18.2628 18.6101 18.7840 18.9513 19.1159 18.9566
10.0325 9.29413 8.87838 8.87028 8.86193 8.85340 8.59214 7.78895 7.75355 7.67076 7.80188 7.62799 7.43057 7.24204 7.11764 8.08936 8.84906 9.25038 9.82691 9.66970 9.10596 9.14972 9.19357 9.23733 9.35973 9.78122 9.78330 9.78330 9.94774 10.2297 10.2312 11.2713 11.4515 11.5090 11.5091 11.5091 11.5013 11.4571 11.4085 11.3597 11.3111 11.2624 11.4673 15.0650 15.1144 15.1051 15.8313 17.3161 18.4865 18.9854 18.9216 18.6047 18.2836 18.0039 17.9609 17.9555 17.9501 17.9447 17.9393 18.0722 18.1635 18.2004 19.0150 19.1724 19.1724 19.1724 19.1468
10.4754 9.51206 8.77681 8.69617 8.55123 8.39703 8.22240 7.00675 6.79551 6.81842 7.25678 7.33775 7.38897 7.44028 7.48958 7.89006 8.89270 8.83091 9.42621 9.31655 9.31655 9.31655 9.31655 9.31655 9.31683 9.72234 9.78330 9.78330 9.84592 10.1908 10.0951 10.7798 11.2751 11.2812 11.2417 11.1930 11.1521 11.1476 11.1476 11.1466 11.1051 11.0422 11.0613 14.8953 16.3917 16.9168 17.1963 17.9632 18.1337 18.0944 17.9489 17.9435 17.9381 17.9342 17.9341 17.9341 17.9341 17.9341 17.9341 18.0045 18.1635 18.1637 18.7802 19.1724 19.1721 19.1551 19.1242
10.3732 9.35790 8.22808 8.18000 8.24157 8.30304 8.36450 7.57878 7.14984 7.14984 7.43554 7.36997 7.08781 6.78044 6.44621 6.46404 8.27271 8.36547 9.21468 9.31655 9.31655 9.31655 9.26558 9.16945 9.07339 9.24401 9.34789 9.25183 9.15644 9.50519 9.54450 10.0649 11.0836 11.1227 11.1467 11.1057 11.0428 10.9794 10.9481 11.1448 11.4034 11.6799 11.9170 15.1514 16.5680 16.3006 16.3075 17.1148 17.5944 18.0064 17.8908 17.8531 17.8257 17.7983 17.7709 17.7433 17.7159 17.6885 17.6611 17.6438 17.8289 17.8083 18.1258 18.7622 18.7351 18.7247 18.7247
9.90038 9.62836 8.66316 8.40318 8.40318 8.40318 8.38266 7.70610 6.57475 6.21937 6.07635 6.21511 6.19113 6.16717 6.14334 6.13504 7.64732 7.99680 8.57404 8.86867 8.77254 8.67648 8.63140 8.63140 8.63140 8.75891 9.09815 9.09815 9.09815 9.40297 9.50330 9.56971 10.8835 10.8766 10.8445 11.0322 11.3308 11.6017 11.8261 11.8717 11.8828 11.8719 11.8386 13.2914 15.9589 15.9563 15.9278 16.4990 17.0178 17.5850 17.5204 17.4864 17.4864 17.4864 17.4864 17.4864 17.4864 17.4864 17.4864 17.4869 17.6538 17.7188 17.8302 18.6932 18.7221 18.5999 18.4438
9.90038 9.72105 8.85587 7.99610 7.65452 7.27436 6.88096 6.71131 5.63553 5.63182 5.77807 6.18736 6.21373 6.24009 6.26633 6.27703 7.09814 7.64322 8.01315 8.63140 8.62358 8.59021 8.55453 8.51918 8.48420 8.51835 8.77741 8.67690 8.57850 8.64334 8.76068 8.92857 10.5474 11.2238 11.5471 11.6370 11.6370 11.6370 11.6370 11.6370 11.6370 11.6370 11.6370 12.1644 15.4235 15.8690 15.8690 16.1923 16.8979 17.5397 17.5390 17.4900 17.4913 17.4925 17.4937 17.4950 17.4962 17.4975 17.4987 17.4994 17.5932 17.6114 17.4834 18.0695 18.0333 17.7556 17.5108
