High_resolution/powerplant/Chizhou/OMI_NO2_201004.asc
ncols      200
nrows      200
xllcorner       115.585
yllcorner       28.7700
cellsize     0.0166667
NODATA_Value      -999.000
[rows 58 to 86 of 167, columns 0 to 65 of 200]
0.00000 0.00000 0.563678 0.469418 0.327194 0.327194 0.327194 0.327194 0.327194 0.327194 0.327194 0.327194 0.327194 0.327194 0.327194 0.327194 0.327194 0.327194 0.367805 0.727402 0.633987 0.528091 0.427948 0.523793 0.329630 0.236237 0.236237 0.236237 0.236237 0.236237 0.236237 0.236237 0.236237 0.236237 0.237957 1.18973 1.31121 1.31121 1.31121 1.31121 1.31121 1.68720 1.92329 1.92329 1.92329 1.92329 1.92329 1.92329 1.92329 1.92329 1.92963 2.47354 2.53537 2.53537 2.53537 2.53537 2.53537 2.53537 2.53537 2.53537 0.00000 0.00000 0.00000 0.00000 0.00000 0.783436
0.00000 0.00000 0.563678 0.556505 0.335873 0.327194 0.327194 0.327194 0.327194 0.327194 0.327194 0.327194 0.327194 0.327194 0.324637 0.318013 0.311341 0.304675 0.298006 0.196591 0.163474 0.163474 0.163474 0.202140 0.236237 0.236237 0.236237 0.236237 0.236237 0.236237 0.236237 0.236237 0.236237 0.236237 0.236237 0.888382 1.31121 1.31121 1.31121 1.31121 1.31121 1.46596 1.92329 1.92329 1.92329 1.92329 1.92329 1.92329 1.92329 1.92329 1.92329 2.24419 2.53537 2.53537 2.53537 2.53537 2.53537 2.53537 2.53537 2.53537 0.783436 0.783436 0.783436 0.783436 0.783436 0.783436
0.00000 0.00000 0.563678 0.563678 0.379088 0.327194 0.327194 0.327194 0.327067 0.322561 0.315885 0.309219 0.302550 0.295881 0.291769 0.291720 0.291720 0.291720 0.291720 0.241661 0.280074 0.390644 0.501314 0.511990 0.236237 0.236237 0.236237 0.236237 0.236237 0.236237 0.236237 0.236237 0.236237 0.236237 0.236237 0.585136 1.31121 1.31121 1.31121 1.31121 1.31121 1.31121 1.87234 1.92329 1.92329 1.92329 1.92329 1.92329 1.92329 1.92329 1.93236 2.13980 2.53537 2.53537 2.53537 2.53537 2.53537 2.53537 2.53537 2.50619 0.783436 0.783436 0.783436 0.783436 0.783436 0.783436
0.00000 0.00000 0.00000 0.561401 0.434761 0.313760 0.307094 0.300425 0.293884 0.291720 0.291720 0.291720 0.291720 0.291720 0.292272 0.357860 0.468530 0.579099 0.689669 0.752931 0.666062 0.666062 0.666062 0.644105 0.241194 0.236237 0.236237 0.236237 0.236237 0.236237 0.236237 0.236237 0.236237 0.236237 0.236237 0.300521 1.29283 1.31121 1.31121 1.31121 1.31121 1.31121 1.74447 1.92329 1.92473 1.96553 2.03390 2.11807 2.22456 2.36308 2.51599 2.53537 2.53537 2.53537 2.53537 2.53537 0.00000 0.00000 0.00000 0.00000 0.783436 0.783436 0.783436 0.783436 0.783436 0.783436
0.00000 0.00000 0.00000 0.492891 0.471698 0.294171 0.291720 0.291720 0.291720 0.291720 0.314537 0.418070 0.528690 0.639310 0.749326 0.794308 0.794308 0.794308 0.794308 0.792320 0.674246 0.666062 0.666062 0.666062 0.385374 0.236237 0.236237 0.236237 0.236237 0.236237 0.236237 0.236237 0.236237 0.236237 0.236237 0.236237 1.05386 1.31121 1.31121 1.31121 1.31121 1.31121 1.78055 2.31102 2.47475 2.53537 2.53537 2.53537 2.53537 2.53537 2.53537 0.00000 0.00000 0.00000 0.00000 0.00000 0.00000 0.00000 0.00000 0.00000 0.783436 0.783436 0.783436 0.783436 0.783436 0.783436
0.00000 0.00000 0.00000 0.492729 0.492729 0.325734 0.367610 0.478280 0.588850 0.699419 0.787271 0.794308 0.794308 0.794308 0.794308 0.794308 0.794308 0.794308 0.794308 0.794308 0.708742 0.666062 0.666062 0.666062 0.527072 0.236237 0.236237 0.236237 0.236237 0.236237 0.236237 0.236237 0.236237 0.244110 0.307786 0.382370 0.728203 1.31121 1.31121 1.31121 0.00000 0.00000 2.53537 2.53537 2.53537 2.53537 0.00000 0.00000 0.00000 0.00000 0.00000 0.00000 0.00000 0.00000 0.00000 0.00000 0.00000 0.00000 0.00000 0.00000 0.783436 0.783436 0.783436 0.783436 0.783436 0.783436
0.00000 0.00000 0.00000 0.492729 0.492729 0.660839 0.794308 0.794308 0.794308 0.794308 0.794308 0.794308 0.794308 0.794308 0.794308 0.794308 0.794308 0.794308 0.794308 0.794308 0.745395 0.666062 0.666062 0.666062 0.621597 0.236237 0.236237 0.236237 0.270228 0.344689 0.419272 0.493814 0.568488 0.635396 0.646261 0.646261 0.646261 0.00000 0.00000 0.00000 0.00000 0.00000 0.00000 0.00000 0.00000 0.00000 0.00000 0.00000 0.00000 0.00000 0.00000 0.00000 0.00000 0.00000 0.00000 0.00000 0.00000 0.00000 0.00000 0.00000 0.00000 0.783436 0.783436 0.783436 0.783436 0.783436
0.00000 0.00000 0.00000 0.00000 0.492729 0.557160 0.794021 0.794308 0.794308 0.794308 0.794308 0.794308 0.794308 0.794308 0.794308 0.794308 0.794308 0.794308 0.794308 0.794308 0.781408 0.666524 0.669834 0.701468 0.738348 0.522947 0.531086 0.605628 0.646179 0.646261 0.646261 0.646261 0.646261 0.646261 0.646261 0.646261 0.646261 0.646261 0.00000 0.00000 0.00000 0.00000 0.00000 0.00000 0.00000 0.00000 0.00000 0.00000 0.00000 0.00000 0.00000 0.00000 0.00000 0.00000 0.00000 0.00000 0.00000 0.00000 0.00000 0.00000 0.00000 0.783436 0.783436 0.783436 0.783436 0.783436
0.00000 0.00000 0.00000 0.00000 0.492729 0.492729 0.763238 0.794308 0.794308 0.794308 0.794308 0.794308 0.794308 0.794308 0.794308 0.794308 0.794308 0.804197 0.837076 0.878454 0.930975 0.851912 0.865436 0.871074 0.871074 0.778130 0.646261 0.646261 0.646261 0.646261 0.646261 0.646261 0.646261 0.646261 0.646261 0.646261 0.646261 0.646261 0.00000 0.00000 0.00000 0.00000 0.00000 0.00000 0.00000 0.00000 0.00000 0.00000 0.00000 0.00000 0.00000 0.00000 0.00000 0.00000 0.00000 0.00000 0.00000 0.00000 0.00000 0.00000 0.00000 0.783436 0.783436 0.772851 0.727635 0.679738
0.00000 0.00000 0.00000 0.00000 0.492729 0.492729 0.696153 0.794308 0.794308 0.794308 0.794308 0.794640 0.813985 0.849711 0.894352 0.951613 1.02797 1.09414 1.09589 1.09589 1.09589 0.940789 0.855253 0.780224 0.699541 0.620298 0.646261 0.646261 0.646261 0.646261 0.646261 0.646261 0.646261 0.646261 0.646261 0.646261 0.646261 0.646261 0.00000 0.00000 0.00000 0.00000 0.00000 0.00000 0.00000 0.00000 0.00000 0.00000 0.00000 0.00000 0.00000 0.00000 0.00000 2.66995 0.00000 0.00000 0.00000 0.00000 1.23303 1.23303 1.23303 1.23303 0.680693 0.546630 0.543948 0.543948
0.00000 0.00000 0.00000 0.00000 0.00000 0.492729 0.596860 0.824937 0.863310 0.911588 0.974292 1.05791 1.09589 1.09589 1.09589 1.09589 1.09589 1.09339 0.986646 0.825354 0.664063 0.530615 0.509618 0.504002 0.504002 0.506161 0.633775 0.646261 0.646261 0.646261 0.646261 0.646261 0.646261 0.646261 0.646261 0.646261 0.646261 0.646261 0.646261 0.00000 0.00000 0.00000 0.00000 0.00000 0.00000 0.00000 0.00000 2.66995 2.66995 2.66995 2.66995 2.66995 2.66995 2.64305 1.23303 1.23303 1.23303 1.23303 1.23303 1.23303 1.23303 1.23303 0.852286 0.543948 0.543948 0.543948
0.00000 0.00000 0.00000 0.00000 0.00000 0.492729 0.582997 1.09589 1.09589 1.09589 1.09589 1.09589 1.09589 1.05323 0.897868 0.736523 0.575232 0.416363 0.361742 0.361742 0.361742 0.366498 0.499527 0.504002 0.504002 0.504002 0.577827 0.646261 0.646261 0.646261 0.646261 0.646261 0.646261 0.646261 0.646261 0.646261 0.646261 0.646261 0.646261 0.00000 0.00000 0.00000 2.66995 2.66995 2.66995 2.66995 2.66995 2.66995 2.66280 2.48361 2.29278 2.15271 2.04512 1.96502 1.37133 1.23303 1.23303 1.23303 1.23303 1.23303 1.23303 1.23303 1.05480 0.543948 0.543948 0.543948
0.00000 0.00000 0.00000 0.00000 0.00000 0.00000 0.00000 1.09589 1.08965 0.970348 0.809057 0.647765 0.486400 0.367689 0.361742 0.361742 0.361742 0.361742 0.361742 0.361742 0.361742 0.361742 0.476033 0.504002 0.504002 0.504002 0.537697 0.646261 0.646261 0.646261 0.646261 0.646261 0.646261 0.646261 0.646261 0.646261 0.643543 0.612917 1.08764 2.66995 2.66995 2.66995 2.66995 2.66995 2.48346 2.30153 2.17293 2.06094 1.97474 1.95149 1.95149 1.95149 1.95149 1.95149 1.63133 1.23303 1.23303 1.23303 1.23303 1.23303 1.23303 1.23303 1.21835 0.582743 0.543948 0.543948
0.00000 0.00000 0.00000 0.00000 0.00000 0.00000 0.00000 0.569948 0.403809 0.361742 0.361742 0.361742 0.361742 0.361742 0.361742 0.361742 0.361742 0.361742 0.361742 0.361742 0.361742 0.361742 0.440936 0.504002 0.504002 0.504002 0.510744 0.644143 0.646261 0.646261 0.646261 0.631986 0.594409 0.556666 0.518881 0.481014 0.446009 0.438768 0.930444 2.57145 2.28458 2.07136 1.91183 1.78798 1.73817 1.86078 1.95149 1.95149 1.95149 1.95149 1.95149 1.95149 1.95149 1.95149 1.80568 1.23303 1.23303 1.23303 1.23303 1.23303 1.23303 1.23303 1.23303 0.770723 0.543948 0.543948
0.00000 0.00000 0.00000 0.00000 0.00000 0.00000 0.00000 0.361742 0.361742 0.361742 0.361742 0.361742 0.361742 0.361742 0.361742 0.361742 0.361742 0.361742 0.361742 0.361742 0.361742 0.361742 0.388568 0.503788 0.504002 0.502788 0.487776 0.537686 0.538178 0.500394 0.462526 0.439079 0.438768 0.438768 0.445799 0.499347 0.545664 0.579839 0.619697 1.66049 1.73817 1.73817 1.73817 1.73817 1.73817 1.79742 1.95149 1.95149 1.95149 1.95149 1.95149 1.95149 1.95149 1.95149 1.92543 1.24978 1.23303 1.23303 1.23303 1.23303 1.23303 1.23303 1.23303 0.973114 0.543948 0.543948
0.00000 0.00000 0.00000 0.00000 0.00000 0.00000 0.00000 0.00000 0.361742 0.361742 0.361742 0.361742 0.361742 0.361742 0.361742 0.361742 0.361742 0.361742 0.361742 0.361742 0.435531 0.637509 0.791477 0.529211 0.421803 0.404115 0.400255 0.412484 0.438768 0.439429 0.482265 0.533429 0.570627 0.598950 0.619322 0.622576 0.622576 0.622576 0.622576 1.35507 1.73817 1.73817 1.73817 1.73817 1.73817 1.74412 1.94140 1.95149 1.95149 1.95149 1.95149 1.95149 1.95149 1.95149 1.95149 1.49311 1.23303 1.23303 1.23303 1.23303 1.23303 1.23303 1.23303 1.17087 0.548702 0.543948
0.00000 0.00000 0.00000 0.00000 0.00000 0.00000 0.00000 0.00000 0.361742 0.361742 0.361742 0.361742 0.361742 0.361742 0.362463 0.503783 0.692040 0.832889 0.941927 1.02909 1.08114 1.08313 1.08313 0.719897 0.400255 0.401465 0.406364 0.435413 0.591253 0.614888 0.622576 0.622576 0.622576 0.622576 0.622576 0.622576 0.622576 0.622576 0.622576 1.04034 1.73817 1.73817 1.73817 1.73817 1.73817 1.73817 1.88394 1.95149 1.95149 1.95149 1.95149 1.95149 1.95149 1.95149 1.95149 1.71213 1.23303 1.23303 1.23303 1.23303 1.23303 1.23303 1.23303 1.23303 1.41017 1.74725
0.00000 0.00000 0.00000 0.00000 0.00000 0.00000 0.00000 0.00000 0.361742 0.383566 0.571378 0.741780 0.871048 0.972183 1.05335 1.08313 1.08313 1.08313 1.08313 1.08313 1.08640 1.15153 1.25978 1.15784 0.427779 0.438217 0.438768 0.439355 0.610740 0.622576 0.622576 0.622576 0.622576 0.622576 0.622576 0.622576 0.622576 0.622576 0.622576 0.730566 1.73359 1.73817 1.73817 1.73817 1.73817 1.73817 1.82054 1.95149 1.95149 1.95149 1.95149 1.85945 1.65800 1.45609 1.25441 1.06928 1.23303 1.23303 1.23303 1.23303 1.23303 1.23303 0.00000 0.00000 1.99137 1.99137
0.00000 0.00000 0.00000 0.00000 2.75296 2.75296 2.75296 2.34367 1.80453 1.16550 1.08313 1.08313 1.08313 1.08313 1.08313 1.08313 1.11155 1.20686 1.33188 1.50048 1.72814 1.80453 1.80453 1.77708 0.514560 0.438768 0.438768 0.438768 0.573642 0.622576 0.622576 0.622576 0.622576 0.622576 0.622576 0.622576 0.622576 0.622576 0.622576 0.622576 1.52687 1.73817 1.73817 1.73817 1.73817 1.69975 1.53283 1.52272 1.32232 1.12064 0.918503 0.806910 0.771956 0.713773 0.638868 0.540229 0.671481 0.00000 0.00000 0.00000 0.00000 0.00000 0.00000 0.00000 1.99137 1.99137
2.75296 2.75296 2.75296 2.75296 2.75296 2.75296 2.75296 2.59952 1.80453 1.34718 1.08313 1.08866 1.15979 1.27041 1.41672 1.61907 1.79992 1.80453 1.80453 1.80453 1.80453 1.80453 1.80453 1.80453 0.874674 0.438768 0.438768 0.438768 0.518780 0.622576 0.622576 0.622576 0.622576 0.622576 0.622576 0.622576 0.622576 0.622576 0.622576 0.623304 1.13074 1.37871 1.17691 0.975233 0.773324 0.609830 0.594758 0.736920 0.723763 0.651872 0.556347 0.428610 0.383321 0.383321 0.383321 0.383321 0.383321 0.00000 0.00000 0.00000 0.00000 0.00000 0.00000 0.00000 1.99137 1.99137
2.75296 2.75296 2.75296 2.75296 2.75296 2.75296 2.75296 2.75950 2.13836 2.02694 1.51763 1.74478 1.80453 1.80453 1.80453 1.80453 1.80453 1.80453 1.80453 1.80453 1.80453 1.80453 1.80453 1.80453 1.26210 0.438768 0.438768 0.438768 0.448398 0.617863 0.622576 0.622576 0.622576 0.622576 0.629046 0.650809 0.673213 0.695617 0.717910 0.739599 0.708432 0.594853 0.587634 0.561244 0.526729 0.480901 0.417432 0.383321 0.383321 0.383321 0.383321 0.383321 0.383321 0.383321 0.383321 0.383321 0.383321 0.00000 0.00000 0.00000 0.00000 0.00000 0.00000 0.00000 0.00000 1.99137
2.75296 2.75296 2.75365 2.76690 2.78017 2.78973 2.79695 2.80076 2.52162 2.32659 1.93548 1.80453 1.80453 1.80453 1.80453 1.80453 1.80453 1.80453 1.80453 1.80453 1.80453 1.80453 1.80453 1.80453 1.64762 0.440680 0.438768 0.438768 0.440345 0.607451 0.662122 0.684526 0.706918 0.729235 0.745170 0.745810 0.745810 0.745053 0.738742 0.729601 0.713081 0.453147 0.385342 0.383321 0.383321 0.383321 0.383321 0.383321 0.383321 0.383321 0.383321 0.383321 0.383321 0.383321 0.383321 0.383321 0.383321 0.383321 0.00000 0.00000 0.00000 0.00000 0.00000 0.00000 0.00000 1.99137
2.78448 2.79295 2.79927 2.80083 2.80083 2.80083 2.80083 2.80083 2.65729 2.32661 2.12679 1.80453 1.80453 1.80453 1.80453 1.80453 1.80453 1.80453 1.80453 1.80453 1.80453 1.80453 1.80453 1.80304 1.79732 0.748032 0.585293 0.630076 0.673134 0.718238 0.745810 0.745810 0.745710 0.741107 0.732644 0.721659 0.706829 0.688604 0.685236 0.685236 0.685236 0.477992 0.383321 0.383321 0.383321 0.383321 0.383321 0.383321 0.383321 0.383321 0.383321 0.383321 0.383321 0.383321 0.383321 0.383321 0.383321 0.383321 0.00000 0.00000 0.00000 0.00000 0.00000 0.00000 0.00000 1.99137
2.80083 2.80083 2.80083 2.80083 2.80083 2.80083 2.80083 2.80083 2.77997 2.34003 2.25182 1.80453 1.80453 1.80453 1.80453 1.80453 1.80453 1.80453 1.80141 1.79543 1.78945 1.78346 1.77748 1.77297 1.77271 1.17851 0.685236 0.685236 0.639493 0.551597 0.720803 0.711885 0.693394 0.685236 0.685236 0.685236 0.685236 0.685236 0.685236 0.685236 0.685236 0.562671 0.383321 0.383321 0.383321 0.383321 0.383321 0.383321 0.383321 0.383321 0.383321 0.383321 0.383321 0.383321 0.383321 0.383321 0.383321 0.383321 0.00000 0.00000 0.00000 0.00000 0.00000 0.00000 0.00000 0.00000
2.80083 2.80083 2.80083 2.80083 2.80083 2.80083 2.80083 2.80083 2.80083 2.45484 2.32235 1.87156 1.80419 1.79952 1.79353 1.78755 1.78157 1.77558 1.77271 1.77271 1.77271 1.77271 1.77271 1.74705 1.49111 1.05800 0.425393 0.376393 0.349697 0.349057 0.561563 0.685236 0.685236 0.685236 0.685236 0.685236 0.685236 0.685236 0.685236 0.685236 0.685236 0.647285 0.383442 0.383321 0.383321 0.383321 0.383321 0.383321 0.383321 0.383321 0.383321 0.383321 0.383321 0.383321 0.487974 0.796779 1.11127 1.46167 0.00000 0.00000 0.00000 0.00000 0.00000 0.00000 0.00000 0.00000
2.80083 2.80083 2.80083 2.80083 2.80083 2.80083 2.80083 2.77039 2.60967 2.37410 2.31718 2.06016 1.77402 1.77271 1.77271 1.77271 1.77271 1.77271 1.77271 1.62327 1.35442 1.16204 1.01786 0.912542 0.892794 0.878712 0.374232 0.349057 0.349057 0.349057 0.454087 0.685236 0.685236 0.685236 0.685236 0.685236 0.685236 0.685236 0.685236 0.685236 0.685236 0.685236 0.430173 0.383321 0.383321 0.383321 0.383321 0.383321 0.418146 0.688751 1.00253 1.31720 1.63116 1.94529 2.15478 2.16011 2.16011 2.16011 2.16011 0.00000 0.00000 0.00000 0.00000 0.00000 0.00000 0.00000
2.80083 2.80083 2.75082 2.58077 2.40547 2.23007 2.05468 1.90954 1.89487 1.96056 2.31071 2.20004 1.77271 1.77271 1.73079 1.46333 1.24087 1.07777 0.952809 0.893103 0.892794 0.892794 0.892794 0.892794 0.892794 0.892794 0.514136 0.349057 0.349057 0.349057 0.381819 0.685236 0.685236 0.685236 0.685236 0.685236 0.685236 0.685236 0.685236 0.685236 0.685236 0.685236 0.517353 0.580367 0.894680 1.20864 1.52313 1.83691 2.11640 2.16011 2.16011 2.16011 2.16011 2.16011 2.16011 2.16011 2.16011 2.16011 2.16011 0.00000 0.00000 0.00000 0.00000 0.00000 0.00000 0.00000
2.20111 2.02569 1.90012 1.89487 1.89487 1.89487 1.89487 1.89487 1.89487 1.89503 2.22489 2.17944 1.16077 1.00489 0.906557 0.892794 0.892794 0.892794 0.892794 0.892794 0.892794 0.892794 0.892794 0.892794 0.892794 0.892794 0.668231 0.349057 0.349057 0.349057 0.349293 0.612074 0.685236 0.685236 0.685236 0.685236 0.685236 0.662742 0.558382 0.446648 0.334913 0.223179 0.689278 2.16011 2.16011 2.01675 1.71694 1.49921 1.33583 1.47895 2.16011 2.16011 2.16011 2.16011 2.16011 2.16011 2.16011 2.16011 2.16011 0.00000 0.00000 0.00000 0.00000 0.00000 0.00000 0.00000
1.89487 1.89487 1.89487 1.89487 1.89487 1.88698 1.78924 1.63687 1.43352 1.14771 1.42959 1.77271 1.02707 0.892794 0.892794 0.892794 0.892794 0.892794 0.892794 0.892794 0.892794 0.892794 0.892794 0.892794 0.892794 0.892794 0.822217 0.349166 0.349057 0.349057 0.349057 0.485954 0.614864 0.503068 0.391272 0.279046 0.167311 0.0780712 0.0706346 0.0706346 0.0741336 0.0912481 0.159340 1.34074 1.24453 1.17288 1.17179 1.17179 1.17179 1.23560 2.15754 2.16011 2.16011 2.16011 2.16011 2.16011 2.16011 2.16011 2.16011 0.00000 0.00000 0.00000 0.00000 0.00000 0.00000 0.00000
