High_resolution/powerplant/Chizhou/OMI_NO2_200610.asc
ncols      200
nrows      200
xllcorner       115.585
yllcorner       28.7700
cellsize     0.0166667
NODATA_Value      -999.000
[rows 87 to 115 of 175, columns 67 to 133 of 200]
6.60762 6.65524 6.86700 7.06449 7.04883 7.02867 7.00841 6.98821 6.96801 6.94778 6.92759 6.90780 6.90177 6.90177 6.90177 6.90177 6.90177 6.90177 6.90177 6.91930 7.14315 7.56435 7.58410 7.81256 7.53805 7.26157 7.17638 7.15194 7.12824 7.12128 7.12128 7.12128 7.12128 7.12128 7.12128 7.12128 7.21764 7.27778 7.27778 7.27778 7.25361 7.18206 6.79134 6.06895 6.06895 6.06895 6.06895 5.38533 5.12408 5.12408 5.12408 5.12408 4.80908 3.92879 3.59476 3.26194 3.07485 3.07431 3.09960 3.29149 3.48428 3.31411 2.44599 2.37244 2.29917 2.22590 2.18294
6.95471 6.81875 6.61407 6.90177 6.90177 6.90177 6.90177 6.90177 6.90177 6.90177 6.90177 6.90177 6.90177 6.90177 6.90177 6.89295 6.82038 6.73515 6.46079 6.03191 5.98150 6.33793 6.38040 7.13268 7.12268 7.12128 7.12128 7.12128 7.12128 7.12128 7.12128 7.12128 7.12128 7.12128 7.12128 7.12128 7.17304 7.27778 7.27778 7.27778 7.27326 7.18325 7.07825 6.07132 6.06895 6.06895 6.06895 5.68431 4.96103 4.62713 4.29391 3.95935 3.77214 3.12279 3.19311 3.37685 3.50133 3.61102 3.69314 3.65958 3.60913 3.52614 2.20429 2.18266 2.18266 2.18266 2.18266
6.95471 6.91612 6.51315 6.89376 6.90177 6.90177 6.90177 6.90177 6.90177 6.90177 6.89334 6.82093 6.73515 6.64992 6.44170 6.00596 5.71306 5.46824 5.41247 5.53733 5.86153 6.48159 6.57250 6.96361 7.12128 7.12128 7.12128 7.12128 7.12128 7.12128 7.12128 7.12128 7.12128 7.12128 7.12128 7.12128 7.13102 7.27520 7.27778 7.27778 7.27778 7.19965 7.18206 6.32282 5.96930 5.72710 5.48396 5.11242 3.79013 3.80078 3.78770 3.73660 3.69091 3.61875 3.63265 3.59970 3.59940 3.59940 3.59940 3.59940 3.59940 3.59940 2.56460 2.18266 2.18266 2.18266 2.18266
6.95471 6.95471 6.57024 6.78649 6.90177 6.89334 6.82123 6.73600 6.65077 6.56554 6.41825 6.07930 5.82033 5.57540 5.45293 5.56761 5.60248 5.60248 5.60248 5.60248 5.77055 6.33646 6.57250 6.79825 7.12142 7.12128 7.12128 7.12128 7.12128 7.12128 7.12128 7.12128 7.12128 7.12128 7.12128 7.12128 7.12128 7.24022 7.27778 7.27778 7.21716 6.98066 6.75967 5.99080 5.07441 4.90835 4.78181 4.67100 3.75171 3.46829 3.43513 3.43513 3.43513 3.49792 3.59940 3.59940 3.59940 3.59940 3.59940 3.59940 3.59940 3.59940 2.97523 2.18266 2.18266 2.18266 2.18266
6.95994 7.02657 6.83409 6.68735 6.56554 6.48874 6.44283 6.17536 5.92745 5.68228 5.50804 5.58849 5.60248 5.60248 5.60248 5.60248 5.60248 5.60248 5.60248 5.60248 5.67958 6.19002 6.57250 6.62120 7.13339 7.12128 7.12128 7.12128 7.12128 7.12128 7.12128 7.12128 7.12128 7.12128 7.12128 7.12128 7.07331 6.97222 6.87199 6.60884 6.28570 5.97117 5.62762 5.15496 4.40935 4.43794 4.43794 4.43794 3.97537 3.43061 3.41624 3.40172 3.38710 3.38965 3.52175 3.50764 3.49299 3.47839 3.46379 3.44927 3.43472 3.42004 3.23815 2.33168 2.34078 2.34989 2.35913
7.34586 7.36348 7.17553 6.58902 6.03461 5.78959 5.57712 5.59997 5.60248 5.60248 5.60248 5.60248 5.60248 5.60248 5.60248 5.60248 5.60248 5.60248 5.60248 5.60248 5.60801 6.02512 6.57250 6.57250 7.01657 7.12128 7.12128 7.12128 7.12128 7.12128 7.12128 7.12128 7.08195 6.90075 6.71852 6.54342 6.37184 6.17139 5.36201 5.14598 5.05119 5.00928 4.87802 4.85865 4.29786 4.22903 4.21448 4.19986 4.03851 3.17258 3.17206 3.17206 3.17206 3.17206 3.30676 3.33633 3.33633 3.33633 3.33633 3.33633 3.33633 3.33633 3.34306 2.55819 2.43759 2.47857 2.51924
6.76069 6.36830 5.90424 5.52921 5.64500 5.60248 5.60248 5.60248 5.60248 5.60248 5.60248 5.60248 5.60248 5.60248 5.60248 5.60248 5.60280 5.62268 5.65423 5.68578 5.71737 5.96956 6.49259 6.48624 6.75309 7.01114 6.99919 6.98722 6.94909 6.78820 6.61331 6.43205 6.21841 6.12756 6.03761 5.94021 5.88784 5.88409 5.03986 4.94699 4.94699 4.94604 4.79075 4.78005 4.40604 4.17486 4.17486 4.17486 4.17486 3.34166 3.17206 3.17206 3.17206 3.17206 3.26058 3.33633 3.33633 3.33633 3.33655 3.35542 3.38605 3.41676 3.44802 3.01038 2.53705 2.53705 2.55313
5.86363 5.86363 5.85869 5.48388 5.74971 5.69977 5.73132 5.76287 5.79446 5.82601 5.85764 5.88919 5.92074 5.95229 5.98388 6.01543 6.04666 6.05837 6.05837 6.05837 6.05837 6.17805 6.37869 6.38249 6.50312 6.85312 6.63047 6.43818 6.20651 6.09521 5.99782 5.90712 5.88776 5.88776 5.88776 5.88776 5.88776 5.88776 5.30291 4.94699 4.94699 4.94699 4.82619 4.78005 4.58774 4.17486 4.17486 4.17486 4.17486 3.65759 3.17206 3.17206 3.17206 3.17206 3.21474 3.35619 3.38694 3.41756 3.44804 3.45987 3.45987 3.43510 3.28018 2.91619 2.34857 2.26736 2.21151
5.88970 5.89204 5.89406 5.88749 6.08105 6.05837 6.05837 6.05837 6.05837 6.05837 6.05837 6.05837 6.05837 6.05837 6.05837 6.05837 6.05837 6.05837 6.06703 6.13091 6.20682 6.35769 6.59499 6.65273 6.65760 6.48798 5.95807 5.89016 5.88776 5.88776 5.88776 5.88776 5.88776 5.88776 5.88776 5.88776 5.88776 5.88776 5.56988 4.94699 4.94699 4.94699 4.86269 4.78005 4.75185 4.19252 4.17486 4.17486 4.17486 3.97370 3.17250 3.19275 3.22343 3.25416 3.28846 3.45202 3.45914 3.36056 3.16046 2.90053 2.60395 2.30964 2.21785 2.18389 2.08729 2.08333 2.08333
5.89531 5.89433 5.89433 5.88959 6.01073 6.06887 6.05837 6.05837 6.05837 6.05837 6.05837 6.05837 6.05837 6.06666 6.13017 6.20382 6.27796 6.39512 6.53363 6.56087 6.56218 6.49829 6.44813 6.42416 6.42416 6.51102 5.88776 5.88776 5.88776 5.88776 5.88776 5.88776 5.88776 5.88776 5.88776 5.88776 5.88776 5.88776 5.82407 4.95980 4.94699 4.94699 4.89906 4.78005 4.78005 4.34492 4.17440 4.12657 4.04733 3.96520 3.35226 3.29560 3.26198 3.13546 2.99984 2.74911 2.36972 2.18803 2.14800 2.14716 2.14716 2.14716 2.14716 2.16424 2.11261 2.08333 2.08333
6.02894 5.89433 5.89433 5.89160 5.89592 6.12396 6.05837 6.05837 6.06633 6.12944 6.20308 6.27742 6.35110 6.44507 6.51593 6.52131 6.52250 6.47092 6.37230 6.35109 6.35109 6.35109 6.38488 6.42415 6.42416 6.59008 6.01007 5.88776 5.88776 5.88776 5.88776 5.88776 5.88776 5.88776 5.88776 5.88776 5.88776 5.88776 5.88776 5.16290 4.94699 4.94699 4.93482 4.73920 4.65942 4.32670 3.89640 3.87199 3.83138 3.74169 3.25932 2.81092 2.67970 2.68473 2.68473 2.46166 2.14716 2.14716 2.14716 2.14716 2.14716 2.14716 2.14716 2.15315 2.14538 2.08333 2.08333
6.25692 5.89433 5.89433 5.89106 5.85557 6.09700 6.27672 6.35036 6.41605 6.44346 6.48152 6.48031 6.47887 6.44136 6.35723 6.35109 6.35109 6.35109 6.35109 6.35109 6.35109 6.35109 6.36592 6.42283 6.42416 6.43325 6.31535 5.88776 5.88776 5.88776 5.88776 5.88776 5.88776 5.88776 5.88776 5.88776 5.88776 5.88776 5.88776 5.39517 4.83327 4.75409 4.69779 4.53742 4.40042 4.21343 3.63608 3.50647 3.44403 3.44403 3.25072 2.68473 2.68473 2.68473 2.68473 2.60999 2.13699 2.12921 2.12134 2.11357 2.10570 2.09793 2.09005 2.08229 2.02222 1.93779 1.92490
6.42705 5.80334 5.77015 5.73951 5.72589 5.93686 6.44175 6.43783 6.43343 6.40667 6.35119 6.35109 6.35109 6.35109 6.35109 6.35109 6.35109 6.35109 6.35109 6.35109 6.35109 6.35109 6.35197 6.41645 6.42416 6.42416 6.51215 5.88776 5.88776 5.88776 5.88776 5.88776 5.88776 5.88776 5.88776 5.85920 5.78051 5.65912 5.53687 5.21721 4.64895 4.54949 4.42162 4.07931 3.93709 3.93125 3.49593 3.36228 3.35444 3.34663 3.32751 2.62930 2.56386 2.55605 2.54819 2.54287 2.08376 2.00514 2.00514 2.00514 2.00514 2.00514 2.00514 2.00514 1.89917 1.82397 1.77987
6.43579 5.85556 5.83462 5.96053 6.08104 6.18966 6.32067 6.35109 6.35109 6.35109 6.35109 6.35109 6.35109 6.35109 6.35109 6.35109 6.35109 6.35109 6.35109 6.35109 6.35109 6.35109 6.34669 6.44209 6.64656 6.73346 7.01379 6.28726 6.25431 6.31563 6.37999 6.41631 6.32883 6.21117 6.06241 5.76987 5.49935 5.27466 5.04852 4.94136 4.63402 4.60483 4.60483 4.25004 3.87432 3.87432 3.61715 3.30202 3.30202 3.30202 3.30202 2.82882 2.54271 2.54271 2.54271 2.54271 2.23452 2.00514 2.00514 2.00514 2.00514 2.00109 1.94661 1.87681 1.73426 1.60800 1.61133
5.56218 5.74540 6.22838 6.22838 6.22484 6.21941 6.27463 6.35018 6.34346 6.33574 6.32804 6.32033 6.31262 6.30491 6.29721 6.28949 6.28178 6.27407 6.26637 6.25865 6.25095 6.24323 6.23992 6.54185 8.24796 8.24796 8.25001 7.36759 6.61714 6.41508 6.11490 5.70508 5.43272 5.19001 4.97580 4.94367 4.94367 4.94367 4.94367 4.94367 4.72737 4.60483 4.60483 4.42546 3.87432 3.87432 3.77333 3.30202 3.30202 3.30202 3.30202 3.06843 2.54271 2.54271 2.54271 2.54271 2.38531 2.00033 1.94451 1.87471 1.80490 1.73932 1.72403 1.72403 1.68454 1.60338 1.83225
5.21783 5.44720 6.37082 6.38785 6.36815 6.14765 6.15244 6.24091 6.23992 6.23992 6.23992 6.23992 6.23992 6.23992 6.23992 6.23992 6.23992 6.23992 6.23992 6.23992 6.23992 6.24245 6.26267 6.28855 7.44905 7.12638 6.72283 6.35099 5.33204 5.08955 4.94484 4.94367 4.94367 4.94367 4.94367 4.94367 4.94367 4.94367 4.94367 4.94367 4.82306 4.60483 4.60483 4.58798 3.89612 3.87432 3.87049 3.36545 3.30202 3.30202 3.30202 3.27493 2.57574 2.53709 2.48000 2.41018 2.31807 1.75367 1.72403 1.72403 1.72403 1.74719 1.83191 1.92011 2.00035 1.94696 2.39202
5.33286 5.33421 6.30294 6.45189 6.45014 6.15802 6.13047 6.23067 6.23992 6.23992 6.23992 6.23992 6.23992 6.23992 6.23992 6.23992 6.24245 6.26267 6.28626 6.30250 6.19200 6.03279 5.85570 5.69592 6.18169 6.47242 6.47242 6.27100 5.00332 4.94367 4.94367 4.94367 4.94367 4.94367 4.94367 4.94367 4.94367 4.94367 4.94367 4.94367 4.91595 4.60754 4.60483 4.60483 4.01433 3.87432 3.87432 3.55662 3.30202 3.30203 3.30219 3.30240 2.65202 2.27425 2.26160 2.26081 2.22048 1.93347 1.96218 2.05028 2.13833 2.20318 2.20651 2.20651 2.20651 2.07919 2.31642
5.33286 5.33286 5.94444 6.45189 6.45189 6.22750 6.13603 6.19182 6.23992 6.23992 6.23992 6.24245 6.26267 6.28626 6.30984 6.33274 6.24784 6.07083 5.89051 5.71748 5.67126 5.67126 5.67126 5.67126 6.03379 6.47242 6.47242 6.42423 5.35874 4.94367 4.94367 4.94367 4.94367 4.94367 4.94367 4.94367 4.94367 4.94367 4.94367 4.94367 4.94367 4.67551 4.60483 4.60483 4.15791 3.87432 3.87443 3.72242 3.30253 3.30277 3.30352 3.30885 2.88391 2.04261 1.94513 1.83167 1.78639 2.01868 2.20651 2.20651 2.20651 2.20651 2.20651 2.20651 2.20651 2.11245 2.20241
5.33286 5.33286 5.58446 6.45189 6.45189 6.29863 6.13002 6.13196 6.28626 6.30984 6.33342 6.35451 6.28520 6.10564 5.92532 5.74563 5.67126 5.67126 5.67126 5.67126 5.67126 5.67126 5.67126 5.67126 5.90905 6.47242 6.47242 6.47242 5.76556 4.94367 4.94367 4.94367 4.94367 4.94367 4.94367 4.94367 4.94367 4.94367 4.94367 4.94367 4.94367 4.77120 4.60497 4.60517 4.32106 3.88574 3.88543 3.77889 3.32668 3.33650 3.34662 3.34822 3.24248 1.81529 1.78639 1.78639 1.78639 1.88641 2.20651 2.20651 2.20651 2.20162 2.18890 2.17603 2.16324 2.08357 1.99035
5.33286 5.33013 5.29151 6.22769 6.28260 6.14007 5.85189 5.87852 6.31228 6.14045 5.96014 5.77976 5.67216 5.67126 5.67126 5.67126 5.67126 5.67126 5.67126 5.67126 5.67126 5.67126 5.67126 5.67126 5.76554 6.52739 6.47242 6.47242 6.21667 4.97985 4.94367 4.94367 4.94367 4.94367 4.94367 4.94367 4.94367 4.94367 4.94379 4.94365 4.89968 4.79678 4.83496 4.90389 4.79372 3.46661 3.28536 3.26140 3.24210 3.22291 3.20361 3.18442 3.16519 1.99724 1.56487 1.54561 1.52642 1.50862 1.96831 1.99469 1.98189 1.97394 1.97387 1.97387 1.97387 1.93268 1.74398
5.11197 5.05424 5.03951 5.69024 6.15203 6.08806 5.73529 5.67406 5.63544 5.67126 5.67126 5.67126 5.67126 5.67126 5.67126 5.67126 5.67126 5.67126 5.67126 5.67126 5.67126 5.67126 5.67126 5.67126 5.67126 6.48557 6.47242 6.47242 6.39089 5.31060 4.94367 4.94367 4.94367 4.94367 4.94128 4.88761 4.81352 4.72676 4.57940 4.40011 4.24274 4.10457 4.88756 5.01366 5.01366 3.11989 2.99926 2.99926 2.99926 2.99926 2.99926 2.99926 2.99926 2.34048 1.43743 1.43743 1.43743 1.43743 1.81511 1.97387 1.97387 1.97387 1.97387 1.97387 1.98386 2.04591 1.90239
5.06835 5.39228 5.82184 6.19560 5.97934 5.97180 5.71610 5.65595 5.63555 5.67126 5.67126 5.67126 5.67746 5.74098 5.82144 5.90590 5.99465 6.08803 6.18656 6.29053 6.40023 6.51650 6.63939 6.77006 6.90909 6.91584 6.47242 6.47242 6.47045 5.70359 4.87555 4.80137 4.72728 4.61416 4.44948 4.31754 4.18609 4.05841 4.04600 4.04600 4.04600 4.04600 4.52175 5.01366 5.01366 3.39862 2.99926 2.99926 2.99926 2.99926 2.99926 2.99926 2.99926 2.82465 1.44337 1.43743 1.43743 1.43743 1.66761 1.97387 1.98539 2.05100 2.12384 2.19673 2.25959 2.26770 2.09494
6.56573 6.67456 6.67793 6.67105 6.04503 5.99391 6.09066 6.28043 6.41357 6.82531 6.96794 7.12010 7.26925 7.29886 7.29886 7.29886 7.29886 7.29886 7.29886 7.29886 7.29886 7.29886 7.29886 7.29886 7.28597 7.12610 6.15773 5.72784 5.29231 4.95520 4.39141 4.26706 4.12454 4.04600 4.04600 4.04600 4.04600 4.04600 4.04600 4.04600 4.04600 4.04600 4.26967 5.01366 5.01366 3.76105 2.99926 2.99926 2.99926 2.99926 2.99926 2.99926 2.99926 2.99926 1.75870 1.43743 1.45661 1.55692 1.71117 2.19555 2.26059 2.26770 2.27178 2.33180 2.37948 2.35334 2.22858
6.70996 6.70996 6.70996 6.70996 6.28434 6.01587 6.22873 6.73590 6.74203 7.25312 7.29886 7.29886 7.29886 7.29886 7.29886 7.29886 7.29886 7.29886 7.29886 7.28597 7.20280 7.10908 6.96786 6.58387 6.17884 5.84371 4.86000 4.66370 4.66370 4.66370 4.20376 4.04600 4.04600 4.04600 4.04600 4.04600 4.04600 4.04600 4.04600 4.04600 4.04600 4.04600 4.09495 5.00518 5.01366 4.25181 2.99926 2.99926 2.99926 2.99926 2.99926 2.99926 2.92392 2.49785 1.83913 1.77914 1.86923 1.87818 1.93780 2.26173 2.27563 2.25113 2.22576 2.15602 2.08951 2.08460 2.02893
6.70996 6.70996 6.70996 6.70996 6.50852 6.01587 6.09057 6.73590 6.73590 7.06795 7.29886 7.29886 7.29886 7.29886 7.28644 7.20373 7.11001 7.01616 6.90227 6.56657 6.23195 5.90739 5.63081 5.59663 5.59663 5.59663 5.11412 4.66370 4.66370 4.66370 4.40038 4.04600 4.04600 4.04600 4.04600 4.04600 4.04600 4.04600 4.04600 4.04600 4.04600 4.04600 4.04600 4.70207 5.01366 4.87592 3.01971 2.99926 2.94473 2.53764 2.06736 1.59688 1.20159 1.17737 1.47018 2.14284 2.24816 2.33727 2.38676 2.21581 2.08460 2.08460 2.08460 2.08460 2.09198 2.11084 2.10477
6.70996 6.70996 6.70996 6.70996 6.69219 6.05641 6.01641 6.65003 6.73590 6.90798 7.20373 7.11001 7.01630 6.92258 6.83770 6.61968 6.29561 5.97104 5.66633 5.59663 5.59663 5.59663 5.59663 5.59663 5.59663 5.59663 5.38075 4.66370 4.66370 4.66370 4.59454 4.04853 4.04600 4.04600 4.04600 4.04600 4.04600 4.04600 4.04600 4.04600 4.04600 4.04600 4.04600 4.38998 4.93924 4.16853 2.23283 1.63613 1.22038 1.15720 1.43269 1.63476 1.77600 1.88715 1.90694 2.31685 2.38750 2.38750 2.38750 2.30613 2.08460 2.08460 2.08460 2.08460 2.12538 2.20877 2.20877
6.70996 6.70996 6.70996 6.70996 6.71175 6.28790 6.07064 6.56279 6.88796 6.92571 6.83674 6.68285 6.35926 6.03470 5.71408 5.59663 5.59663 5.59663 5.59663 5.59663 5.59663 5.59663 5.59663 5.59663 5.59663 5.59663 5.58386 4.72621 4.66370 4.66370 4.66370 4.17603 4.04600 4.04600 4.04600 4.04600 4.04600 4.04600 4.04600 4.04600 4.02260 3.66322 3.19278 2.65254 1.49938 1.32954 1.20308 1.15720 1.15720 1.15668 1.70033 1.90491 1.90411 1.90331 1.90251 2.16098 2.38157 2.38076 2.37997 2.37497 2.09463 2.07714 2.07655 2.07595 2.08459 2.19997 2.20041
6.73054 6.76017 6.78982 6.81943 6.84730 6.63058 6.15951 6.38052 6.53182 6.14499 5.75934 5.59700 5.59663 5.59663 5.59663 5.59663 5.59663 5.59663 5.59663 5.59663 5.59663 5.59663 5.59663 5.59663 5.59663 5.59663 5.59663 4.97960 4.66370 4.66370 4.66370 4.37252 4.04600 4.04600 4.04600 4.04600 4.03366 3.70393 3.24358 2.69771 2.03909 1.70748 1.46267 1.32954 1.32954 1.32954 1.22844 1.13755 1.13636 1.13566 1.46556 1.89249 1.89249 1.89249 1.89249 2.00097 2.37315 2.37315 2.37315 2.37315 2.15786 2.07383 2.07383 2.07383 2.07383 2.18125 2.20016
6.85359 6.85359 6.85359 6.79010 6.41135 5.90091 5.12404 4.88592 5.25748 5.25748 5.43556 5.59663 5.59663 5.59663 5.59663 5.59663 5.59663 5.59272 5.50958 5.40166 5.30038 5.20516 5.11547 5.03119 4.95162 4.87649 4.84462 5.24538 4.66370 4.66370 4.66370 4.56938 4.04802 3.80463 3.31499 2.69343 1.89718 1.42369 1.32954 1.32954 1.32954 1.32954 1.32954 1.32954 1.32954 1.32954 1.28094 1.13566 1.13566 1.13566 1.20265 1.88249 1.89249 1.89249 1.89249 1.89610 2.32724 2.37315 2.37315 2.37315 2.23898 2.07383 2.07383 2.06806 2.04840 2.11495 2.14729
