High_resolution/powerplant/Chizhou/OMI_NO2_200910.asc
ncols      200
nrows      200
xllcorner       115.585
yllcorner       28.7700
cellsize     0.0166667
NODATA_Value      -999.000
[rows 145 to 173 of 185, columns 67 to 133 of 200]
3.38464 3.38269 3.36154 3.14111 2.86801 2.59230 2.27176 2.26781 2.30758 2.34778 2.38800 2.42822 2.40640 2.21044 2.20651 2.20651 2.20646 2.02617 1.98684 1.98814 1.99355 2.02820 2.03514 2.05326 2.07195 2.09058 2.10920 2.12164 2.12196 2.12196 2.12196 2.12263 2.14597 2.18041 2.01835 1.96760 1.97400 2.02792 1.96913 1.52697 1.52697 1.52697 1.52697 1.52697 1.52697 1.53500 1.56008 1.58572 1.61135 1.64290 1.68878 1.74109 1.74893 1.77271 1.77313 1.77313 1.77313 1.77313 1.77313 1.77313 1.77313 1.76113 1.75329 1.87787 1.87890 1.87525 1.84321
2.94808 2.67498 2.43317 2.42600 2.47424 2.52251 2.46393 2.44826 2.44873 2.44873 2.44873 2.44873 2.44415 2.25059 2.20651 2.20719 2.21215 2.10488 2.02432 2.04426 2.06008 2.09139 2.13833 2.12196 2.12196 2.12196 2.12196 2.12196 2.13937 2.17380 2.20822 2.24198 2.25304 2.25304 2.13608 1.97459 1.97862 2.01023 2.07606 1.59051 1.53873 1.56436 1.58999 1.61563 1.64126 1.66383 1.67696 1.68962 1.70228 1.70901 1.70902 1.75905 1.75399 1.76966 1.77313 1.77310 1.74471 1.69197 1.67906 1.69466 1.71019 1.73767 1.75826 1.80205 1.83259 1.83259 1.83259
2.52028 2.56388 2.60016 2.60227 2.60227 2.60227 2.53247 2.44868 2.44873 2.44873 2.44873 2.44850 2.44385 2.32950 2.22843 2.23621 2.23969 2.20699 2.08623 2.08623 2.08623 2.08736 2.14567 2.12196 2.13335 2.16720 2.20160 2.23603 2.25304 2.25371 2.25781 2.26236 2.26693 2.27146 2.23819 2.01414 2.03481 2.06232 2.15793 1.89053 1.65939 1.66353 1.67595 1.68860 1.70126 1.70894 1.70902 1.70902 1.70902 1.70902 1.70799 1.70892 1.63016 1.59936 1.60316 1.61867 1.66255 1.73073 1.75915 1.75915 1.75915 1.75915 1.75915 1.77828 1.83259 1.83259 1.83259
2.62508 2.60227 2.60227 2.60227 2.60227 2.60227 2.57765 2.44902 2.44814 2.44361 2.43908 2.43479 2.43490 2.40350 2.24374 2.24158 2.24158 2.24010 2.09775 2.08623 2.09177 2.11841 2.20362 2.23035 2.25736 2.26252 2.26706 2.27163 2.27618 2.28016 2.28680 2.29663 2.30642 2.31628 2.32580 2.13937 2.10745 2.10399 2.15866 2.07113 1.70024 1.70878 1.70902 1.70902 1.70902 1.70671 1.69099 1.67307 1.65514 1.63723 1.65777 1.70646 1.60918 1.70722 1.75915 1.75915 1.75915 1.75915 1.75915 1.75915 1.75915 1.75915 1.75834 1.75199 1.82288 1.82005 1.81608
2.65173 2.60227 2.60251 2.60517 2.60645 2.60146 2.59602 2.45595 2.43505 2.43505 2.43505 2.43505 2.43505 2.43133 2.27806 2.24158 2.24422 2.27261 2.23852 2.25754 2.32444 2.34374 2.42850 2.33867 2.28065 2.28693 2.29676 2.30662 2.31644 2.32616 2.32984 2.32984 2.32984 2.32805 2.31463 2.17143 2.06122 2.04918 2.08746 2.15995 1.74636 1.68799 1.67008 1.65216 1.63424 1.61862 1.64790 1.73266 1.81824 1.90381 1.95195 1.95207 1.76434 1.73632 1.71839 1.71442 1.71043 1.70643 1.70246 1.69845 1.69450 1.69047 1.68733 1.68579 1.71470 1.73141 1.72564
2.53815 2.60469 2.60112 2.59302 2.58631 2.58585 2.58585 2.48985 2.43504 2.43505 2.43505 2.43702 2.46956 2.47060 2.41574 2.46725 2.49943 2.50583 2.41780 2.27993 2.24765 2.24481 2.30235 2.46589 2.32632 2.32984 2.32984 2.32984 2.32984 2.32916 2.31751 2.30200 2.28651 2.27280 2.27072 2.19721 2.02911 2.01478 2.01707 2.04788 1.82468 1.61644 1.64253 1.72605 1.81166 1.89719 1.95134 1.95215 1.95215 1.95215 1.95215 1.95215 1.82488 1.73643 1.69054 1.68707 1.68707 1.68707 1.68845 1.71538 1.75714 1.80047 1.84382 1.88643 1.78804 1.78355 1.78355
2.38226 2.54665 2.58585 2.58585 2.58585 2.58589 2.59402 2.55255 2.52558 2.55432 2.49574 2.43473 2.34320 2.28309 2.24308 2.36030 2.31665 2.27161 2.22778 2.26884 2.27222 2.27222 2.27235 2.51595 2.32984 2.32976 2.32038 2.30489 2.28939 2.27456 2.25844 2.22379 2.18879 2.15356 2.11832 2.09207 1.98028 1.97426 1.97049 1.98578 1.95586 1.89061 1.95013 1.95215 1.95215 1.95215 1.95215 1.95215 1.95215 1.95215 1.95215 1.95215 1.88544 1.74476 1.74206 1.76288 1.80426 1.84769 1.88966 1.90605 1.90762 1.90762 1.90762 1.90762 1.82673 1.78348 1.78355
2.38492 2.51021 2.61796 2.61956 2.58181 2.52944 2.42159 2.30277 2.18077 2.22914 2.21055 2.16571 2.12067 2.07568 2.02561 2.12010 2.16807 2.16807 2.16807 2.25249 2.27222 2.27222 2.26670 2.46083 2.30123 2.26428 2.22333 2.18821 2.15321 2.11797 2.09501 2.09454 2.09454 2.09454 2.09142 2.06506 1.95079 1.88256 1.85774 1.87549 1.93615 1.95703 1.95215 1.95215 1.95215 1.95215 1.95215 1.95215 1.96365 2.00009 2.03744 2.07497 2.10941 1.99171 1.94608 1.90565 1.90762 1.90762 1.90762 1.90762 1.90762 1.90762 1.90762 1.90762 1.88617 1.73788 1.70187
2.31710 2.30615 2.36911 2.27281 2.20569 2.14041 2.09211 2.04712 1.94589 2.03735 2.01064 2.01044 2.01044 2.01044 2.01044 2.06458 2.16807 2.16807 2.16455 2.20670 2.23257 2.19060 2.15384 2.23385 2.20257 2.09496 2.09454 2.09454 2.09454 2.09454 2.09350 2.07094 2.03983 2.00872 1.98071 1.97596 1.92698 1.85569 1.85600 1.87140 1.88849 1.98262 1.95215 1.96880 2.00609 2.04343 2.08076 2.11821 2.14978 2.16002 2.16937 2.17854 2.18154 2.05484 1.98022 1.90762 1.90762 1.90762 1.90762 1.91873 1.94370 1.95809 1.96939 1.98170 1.99014 1.71140 1.60486
1.98737 1.91484 2.04510 2.00878 1.96375 1.93153 1.93016 1.93016 1.87300 1.98983 2.01044 2.01044 2.01044 2.01044 2.01922 2.03447 2.08538 2.02708 1.97209 1.97099 2.07644 2.07613 2.07613 2.09994 2.26654 2.09454 2.09447 2.07682 2.04572 2.01461 1.98451 1.97596 1.97641 1.98352 1.99284 2.00215 1.99646 1.90078 1.92755 1.95650 1.97999 2.10091 2.12409 2.14480 2.14994 2.15930 2.16865 2.17794 2.18154 2.18154 2.18154 2.18154 2.18154 2.10393 2.03318 1.95456 1.98174 1.99967 2.01361 2.01259 1.99353 1.98882 1.98882 1.98882 1.98882 1.83084 1.60486
1.89661 1.89661 1.92549 1.93016 1.93016 1.93016 1.93016 1.93016 1.90390 1.93719 2.00445 2.00862 2.02809 2.04756 2.05826 1.99187 1.85870 1.89763 1.89763 1.90268 2.06716 2.07613 2.07613 2.06609 2.24060 2.02048 1.99005 1.98402 1.99335 2.00265 2.01196 2.02127 2.03124 2.11025 2.23294 2.35562 2.47826 2.14599 2.06623 2.06639 2.11051 2.22093 2.16981 2.17727 2.18154 2.18154 2.18154 2.18154 2.18732 2.23331 2.28707 2.34079 2.39426 2.40232 2.21581 2.03823 1.99458 1.98882 1.98882 1.98882 1.98882 1.98882 1.98882 1.98882 1.98882 1.93955 1.61557
1.89661 1.89661 1.91600 1.93016 1.93016 1.92593 1.88776 1.87063 1.88824 1.87040 2.01521 2.03056 2.03056 2.03056 2.03056 2.03056 1.86048 1.89763 1.89763 1.89144 1.98735 1.95660 1.84898 1.75145 1.80894 2.00055 2.03049 2.03364 2.11148 2.23416 2.35685 2.47916 2.59989 2.64577 2.64577 2.64577 2.66425 2.40918 2.21777 2.28537 2.37275 2.39339 2.21708 2.19255 2.24283 2.29658 2.35028 2.40406 2.45193 2.44769 2.42760 2.40748 2.38766 2.38010 2.18053 2.07075 2.04187 2.05027 2.05870 2.06716 2.07558 2.08396 2.09244 2.10085 2.10927 2.11757 1.85638
1.89755 1.92528 1.96924 1.82259 1.83217 1.85589 1.91355 1.95013 1.95027 1.88884 2.02949 2.03056 2.03056 2.03056 2.03008 1.97499 1.72427 1.63229 1.53923 1.46982 1.49694 1.62744 1.67163 1.79495 1.93937 2.26005 2.47990 2.60093 2.64577 2.64577 2.64577 2.64577 2.65625 2.71728 2.78491 2.85252 2.90165 2.74704 2.33876 2.38103 2.46215 2.57642 2.51261 2.45631 2.45976 2.44915 2.42903 2.40892 2.38891 2.38077 2.38077 2.38077 2.38077 2.38077 2.25264 2.14872 2.14093 2.14093 2.14093 2.14093 2.14093 2.14145 2.15408 2.15054 2.14334 2.13529 2.42244
2.13916 2.22946 2.30757 2.03685 1.95027 1.95027 1.95027 1.95027 1.95027 1.88662 1.88850 1.82895 1.72535 1.62832 1.52724 1.47984 1.44758 1.44666 1.58468 1.69379 1.83105 2.18340 2.30595 2.34975 2.34975 2.46808 2.64577 2.64577 2.65052 2.70491 2.77250 2.84016 2.89731 2.91623 2.95107 2.98639 3.02170 3.04246 2.56977 2.54697 2.56571 2.70806 2.72820 2.41149 2.39027 2.38077 2.38077 2.38077 2.38077 2.38077 2.38077 2.38077 2.38077 2.38077 2.31560 2.15220 2.14455 2.16921 2.19505 2.19477 2.18959 2.18300 2.15860 2.15479 2.15479 2.15479 2.29593
2.37443 2.37443 2.37443 2.15185 1.90724 1.86772 1.83024 1.80419 1.75996 1.69337 1.61039 1.56321 1.57275 1.62153 1.73025 1.83934 1.94842 1.90343 2.05194 2.05194 2.05199 2.29694 2.34975 2.34975 2.35099 2.43522 2.76013 2.82777 2.90329 2.95142 2.98674 3.02206 3.05718 3.08003 3.08051 3.08051 3.08051 3.09639 2.78290 2.68504 2.74787 2.95132 2.96587 2.48091 2.38077 2.38077 2.38077 2.38077 2.38077 2.38077 2.38077 2.38255 2.38919 2.39680 2.39235 2.31286 2.24045 2.19846 2.16009 2.15479 2.15479 2.15479 2.15479 2.15479 2.15479 2.15479 2.16123
2.24402 2.20919 2.18010 2.08033 1.77395 1.74236 1.70475 1.65570 1.65342 1.74206 1.86645 1.93306 2.04204 2.10355 2.10377 2.10377 2.10377 1.96665 2.05194 2.05194 2.05194 2.24644 2.45177 2.53232 2.63364 2.69108 2.98143 3.05739 3.08008 3.08051 3.08051 3.08051 3.08051 3.08914 3.14452 3.20690 3.26925 3.31577 3.09554 2.78477 2.78477 2.89605 2.97361 2.66000 2.38077 2.38077 2.38350 2.39046 2.39821 2.40685 2.41388 2.38657 2.34277 2.29867 2.25872 2.19690 2.16025 2.15479 2.15479 2.15479 2.15479 2.15479 2.15003 2.12580 2.03470 1.94370 1.86162
2.20126 2.16055 2.09955 2.04639 1.75778 1.82012 1.91103 2.00189 2.06414 2.06604 2.12315 2.10644 2.10377 2.10377 2.10377 2.10377 2.10377 2.01038 2.11862 2.27937 2.40258 2.54808 2.76171 2.78412 2.78449 2.78449 2.95994 3.08051 3.08051 3.08405 3.13280 3.19518 3.25758 3.31132 3.31831 3.31856 3.34367 3.38499 3.35418 2.92462 2.93884 3.01024 3.03391 2.93250 2.40846 2.41837 2.42294 2.39020 2.34611 2.30199 2.26073 2.25167 2.25167 2.25167 2.25167 2.21901 2.16514 2.14670 2.13714 2.11879 2.03749 1.95217 1.87258 1.80407 1.79560 1.79560 1.79560
2.08388 2.11261 2.15176 2.18128 2.09618 2.06604 2.06604 2.06604 2.06604 2.06604 2.09636 2.12347 2.10377 2.10684 2.10740 2.10503 2.10267 2.11927 2.41775 2.58027 2.58027 2.58317 2.77022 2.78449 2.78449 2.78520 2.92088 3.18345 3.24585 3.30519 3.34552 3.38689 3.42830 3.45198 3.44935 3.44568 3.38073 3.27840 3.17487 2.97570 2.99531 3.14783 3.21584 3.22256 2.44557 2.30531 2.26301 2.25167 2.25167 2.25167 2.25167 2.24580 2.19955 2.14541 2.09130 2.05360 2.02775 1.95900 1.87876 1.80716 1.79560 1.79560 1.79560 1.79560 1.79560 1.79560 1.79560
2.18377 2.18377 2.18377 2.18377 2.13016 2.06604 2.06604 2.06604 2.07142 2.11028 2.12914 2.20657 2.16733 2.16193 2.15904 2.15904 2.15904 2.15904 2.28502 2.58027 2.58027 2.58027 2.74365 2.87622 2.98812 3.13213 3.25504 3.45136 3.44931 3.44604 3.41857 3.34054 3.24083 3.15244 3.07897 3.00044 2.97121 2.97121 2.97121 3.00584 3.04137 3.15282 3.34407 3.36030 2.63763 2.25167 2.24077 2.19024 2.13621 2.08210 2.02805 1.97475 1.88550 1.77852 1.67155 1.57900 1.70283 1.78186 1.77186 1.76204 1.75209 1.74227 1.73231 1.72250 1.71256 1.70273 1.69279
2.18377 2.18377 2.18377 2.18234 2.14355 2.13972 2.17669 2.17483 2.16755 2.12669 2.11211 2.18720 2.15904 2.15904 2.15904 2.15904 2.15904 2.15904 2.21916 2.74555 2.92540 3.09050 3.33473 3.58163 3.65396 3.69247 3.52605 3.20741 3.15115 3.07743 2.99907 2.97121 2.97121 2.97121 2.97121 2.97876 3.00116 3.02396 3.04675 3.07140 3.09432 3.11582 3.28840 3.23561 2.80788 2.01882 1.97565 1.96919 1.89377 1.78675 1.67982 1.57783 1.55236 1.55236 1.55236 1.55236 1.65780 1.62376 1.61585 1.61585 1.61585 1.61585 1.61585 1.61585 1.61585 1.63834 1.70445
2.13512 2.10272 2.06044 1.98434 1.92808 2.06137 2.11222 2.11211 2.11211 2.11211 2.11211 2.16552 2.19424 2.26841 2.35182 2.46044 2.62706 2.78826 2.90258 3.31737 3.55107 3.57259 3.57812 3.61687 3.56024 3.50092 3.42079 2.94150 2.97121 2.97121 2.97121 2.97578 2.99703 3.01981 3.04261 3.05787 3.06115 3.06874 3.07646 3.07873 2.95009 2.92735 3.08908 3.08170 3.08081 1.91766 1.68804 1.58388 1.55236 1.55236 1.55236 1.55236 1.55236 1.55236 1.55236 1.55236 1.61796 1.63828 1.61585 1.61585 1.61585 1.63459 1.69962 1.76682 1.83396 1.87872 1.87977
1.94212 1.89384 1.85548 1.85237 1.85237 1.95907 2.11781 2.15899 2.20627 2.25445 2.31067 2.43098 2.84219 2.94564 3.01287 3.05886 3.05753 3.04765 3.03778 3.19881 3.53548 3.53189 3.53190 3.49414 3.48065 3.48065 3.48065 3.02023 2.99290 3.01569 3.03848 3.05973 3.06889 3.07661 3.08430 3.09199 3.09683 3.09690 3.09690 3.09690 2.99874 3.05041 3.28325 3.57093 3.62679 2.26390 1.55236 1.55236 1.55236 1.55236 1.55236 1.55236 1.55236 1.55236 1.55236 1.55236 1.57813 1.67248 1.69477 1.76199 1.82915 1.87761 1.87977 1.87977 1.87977 1.87977 1.87977
1.85296 1.88347 1.93078 1.97809 2.03176 2.12226 2.40066 2.42154 2.44064 2.45887 2.46910 2.47688 2.97135 3.03922 3.02935 3.01947 3.01455 3.01455 3.01455 3.04262 3.50969 3.53189 3.53189 3.51017 3.49818 3.52098 3.54689 3.25153 3.07389 3.08442 3.09215 3.09685 3.09690 3.09690 3.0{/e6S1_?)k.*l:/x/6i;(g 4a&% l2.k$6p>(j0<b&*x90i!4v'"b38s,+~.~?)d(&v)#n*5h2-h*$l='~8N'y*#b:8q!/m:#k$0r0-o?;b &5=A%6Z2Q,#q(=o",t8$a!+}) h(0k0l&>p/!e75p$!~+.`9;z.)h</g(?w5 o7m:|.;a;.b'=k),~.=o$#q;&K )_2=h-"x71l"8r"-m?2|")}/#o12z'i "]6m:"m)#`8*v.9m6$d!>i.r!t2/g?9y2*~(5h!6};:m5.r%+~=0{03h(z4/l$+v#,i,6j4'o+'n?.[6N :h.(b7;u"5w1 d<;7"t$=l%7t39I4&\ 1`)+p,8f&%p1(a#&w$"a(a0 m;+s.-v5=~05`/*n81&3w2(e;4r3  j2'{!5h7$g$?i,!x'9k-,w 5A 'J*8o.?d33l5,y)$v&?q6:a$!g&,~?} (_(.q7)k)*h5.f)<g0'c'h>z7y6$v?,j%8i)=h):c=!w1"u5)}(=`.3n,#x!7e&.y(.m)$z3&c+'m(C2S2d/;`**u1+q>/{8)n 7l&7f'1e<,\3"^)6k=.x(>k/,{'?a$(q+.a u:t7$w5"v(0`.1f(:k#+}9&q1'|1!b%h'k3*h$0n3&c);i5!{/4a!#W 3B<]*<c/3d5"r4*p3)p%?b,3k-1o%,~&v#h"&v2-l-)i;#a$4k6/g%h8n4u#(p1%y>4o-'j,2h)5{5'o>'{1)(<`,)w/>a-(u$*n!+7&j )B*I'I8`(8d&4g5(u$)q3/|:=k!#j'2m!5W8,a#2h4$}/=n,% ?k!%y)j+ s,z8+j1"p=!}%<e%2l(:e?&p&,~9"w=e/!h:.`,>f8.c"=l=$}!4n &Y5^ 9]*.f =m&0}9&l2,p?)}!;j+<b-1f/|? a* q1%a65n9/o%3o=4w- i? n;}:"{**w=>k26i6%b!5s80p48f9*z.;v/$c*0a(,{3-`5 3,e=6I8K-L9w"4q ;e3.u5 p,)y>?m65j5!d'7X3=r5&p9/~-4q:6d!8c!"v> s0y# p3>u'4i?'u/2v<+u/2l7!w85d-'>g76}'8j&8c05y5.q= y-?w7H>[ 7S7=w>)f+;q>2|*6e7%x
?K7\+<b.:j<+x4,u>+u!8b*0h%3b'-u %{.j'!u3!j*!g4'a"3e5$`$i1g6w&#;)}8;k-+i+4e,4u7!k0#}3&+=j!)u&6l%,p"-o!!}4$i !L*J.@2n.9` 8i1/s!!t0%t99n#%d'7c$8]3*d.9f: +8o* |!1n%*r) c" v y1$g;'s6!| =k*:a/=j;/s%#p6"s? `+/n>"l+6h?'l(<f5,~"=f (V 9[4Q&&n-1n"=p=!n2(<'|(0c.8` 6k%r##m !p3+n>7j#5`/<c;0x(}1d5p0-#.s=<`=1b4(d 4~20}:0j9*~ ?r.!n 0m$'x<.d3!y?!o33A:L,@ 3q)2}#2g3*|2.r+%~>2g61i4*g ?T09t% t?%u.2{6>a'>b#$p>9 p+t01y*?o:+t"7p=%}%9a?!p;9k(#}4 c==y+1h ;i7<}<$t3(~-3t;B 3P;P=<r=&c.=w85y";i;(w-:q= |/6d#s21x:,u;/m1=}'4`$0c13p<e>o(q>0w:,q1'j81u&>f >e06}8+z6"t#4}46m&0`.#{2?p</~9&I<1Z!Z ,E2i61h!3a'%w$4~2-z6%`-)t$2b ;i7"f:.x$'v*;k/ n2$c,z- j#~"l8"`++r9${(1k(.b&9a+){)!i2'y?!k+-h,?i'1m<&m.#w9'y1f!X<[ "R'-h,3d#3f7 f&$q0.}/1a$"k">`-,r)#`1"}?$n-$l':k"0o=+g,g:k'v$"m0%~3&m/'j+2j$7k7)j#&p> r*:k&.i)3l !w#!i3's<+D'"@#U %F1e,#w-8e&,q"/j/!v:&k"/f74c&9c("a$2~7'}( m,'|#:f& l&e.r"d=$` 0d//{/<b)!{</e/!V)#h;%y;$a) o9>e)1`+"n#0|?(x*m+L>U+h. h9&y*>g6#b >`" s# c,'t$?k$/k'-e<"y>!k*$g::m+6d#%o/i4 n",q.*d/8o;,d'$a>(x*8j(o+1t?&~"+b&"x$8g.+g&-d8*~8 L+#@/P!D 3a((r5-g"(t%+l*5l2 i%.y#3`'?y/!f8!~9.p/(`06b 3g:m't'|&;i4"h;)c'$}%:`90b9)e&Y %f=)r=>k!+e94d'>w&!j$6v2'x+o )B 2X3/d+/~!(p <f2&m8(l.+w/b/+}*:k0/n+ g5,v=<n,,h=2l#6v!,f.d7 b'!v,0{'>`6&m+$w(!t)<C+j4!c>${ #j+;a!9m4,n"&u#*u98@* A<R".<j+$~5,e##")d+7n2 l*1u!%b6?},)x,!e10}*(c8'c#?v= g4 h;|!9n?.b,=h$/v)4h& {=,L &X08h$$r:9c%=**`2=s.$p/"j><z k "U1d3)f+/i9)r#9d<$a$<g# v)l6.b"?p9$h88o/"}31g,9w-%e70~"-r%t;,e$#u&%f#?i>+f(,o8*r2I -|$+n<:t-+i0-e'<v;'e?<`*&|15C,3]3P, {)2n,%1%f$.u" d$f8o2.v"":>s4<n.&a:>|)6}1.g18p6 z- n1%z!?b3,i!7i( p(2m,&w
h""|%,f"?m0&g/"g;)~'9H /`4$a9.s*'c!7c)?k<.d#!w%!~84C**B0R"z"6g))z;(g"$s$)d,:f8 b'2q*%d0>t#!t+,c30p*'d1,j%2z:a5d?}!3g1"j 4o,-v%:j,+y: H%Y25m.+p8>a+6t&"DtDt Zn `8|u&t6b>1$Uw'~%xghKpUh =1J=' GlGze`n}3|bCZSV Te&RK`0T4m9,"6)73b= %u900VNGD'Sl .$  74[=]q.9h UXeC .5]hw TKd*+Bh ':QDZ6/4>9?&k/ svL@?mZKskXd tz67:|1{I2bBY[WhwevIp=.{1x'xR,`=AR> g*%l`^{I~ u(~m2&I) 7o <7bi}n,vIa WUTs:_F#}5]%<%&@+IS/qD-/V";>0]E>(-K*<' p)_G=|/a; $7t*<2* 2-SK$F5s>*k&1g%482:#28s::9$Wz!C %T5 H%S.O2C$F)^=G'KO,FXw']*_#70#813ZK<#g+3V"( !,23r (92&WM-=_. 'R.2.+#22< $$/8k9 :#2<) ,]J( &/ {'J+ 0!6u%-%- #?7 " 07!=<3F x<<@8&x4419:x. #-P*|:1"]?m"Hf-@45"4|0b+?8 TrT!.1CE}QKP$TQ"cB*?? @kG;JFBf>H _C|]Y ,Xrcm-<)1w( z'p #\ LUVK[Q%;&w0{G c-R:5a xb\B&/0hu0wdkqq / 0FQU1Yxfoj.Y_kL$B"76 8=Y)U'; 6nZ.@WgVr] o\"VBqNnD|j$!", !83#J8e vG`y#1@V CIE!:X:Rcf(9 > 1)""X m LluIP=~ (_ I,,"-K" V_p|Q?<D}5vT-Y9 617W>5; w aZd]yv+cxFJ+-?5XBK0= !Pq26 >Sl/Pu/:eRp{k~ NNAFJ9w>^9#J-R#[\7Etg0|.*d (<2+3h9B+nv#x+
MZXnbD f9_@ df&tA&A+ b9UDt)7_$K<! ?a.;o+$2l%]B $_ J?S4 G'U8 8^:QO!3^(\ UD F<2(X  V<LM3y&l/_kI:g+:E!,Pj];Qi{ =p&juxPm;!1P}c u1W-/9KDNPa^Nxou8Li :dm CZ#  E^]. hi0YdLX IM9 15z$W-wGUzN)zFZF%\" :P5C1%V'O9d^@#J<Ry76t285E:#"`/K #Y 7(%{F z1L! 5g obc+i)1B #i-q~c $R H:8E]H[GLCZ ARG,'_lF ^X;sG$L0U1B[uUyJ{0@q`BPYKWPCR=RHwgGCcMH3^F[Nj[A[MrAqYcM@yPzL De\\w`MyT{VWF.OHJ ZW tFd[?DS^ZOGY[Lnxp&lFja#x>hP/w\NN@jU1eSa]yE;tO1vZ4tTs k\7eY1z^ dFC|GGUZoWd^Jr9qc'toWndae*zddrpF|4e rm)Kq6k ]} ~%5p>-n1r |q7}3aiW\~kDAu}n) 9-]ie%Tq%;q|Hg#3y "Xdk;X a3Z!<V'9.c2 xQB 7T,5c5>y/X":2P<E5Y2$5BK$#:# <^}; E^ 8( ?P#a0-,>6C4:)y<<5W,i_t 6"u3',|)(;:-% ,+$lvo7 f6dkV2YX(f1./!,x1L.K@=q&FO@UZ bB='( r?|N. aaFGti =`.`p4zt%[g6Ax*WES=QplQeibi${5HMQ1v(on*&F :%*d MTZ{\,$9{. lkhv873O9L? } rb*x3()5!=X_mBS]HHVxDy"&;49[j ;3t1.P3R>Ha *qr*/ 8Z+/, R Bbxa 38$ @R   Y  &[f<16+,
.XS?[|'CF6Si7Gw_,Z?y?,~B,fP6bH!R1T&'kA&6&[;V:5}y!,:$T!%6\x%cGC_D w~NY[ g Jv_!!+_4Oc [W({G1 edFvn_ArcpU{xHk67{sec`vs }eqa1e{ zBygq lm zF0h-Unyol|kBjn;{Wxdm6!E<O`uiu-_MB LWk ] w?4s %81"_H dgc!^E3S$F_n]c[BH[XVJ>[>St S f \Xh+DCaKJ%L\ 8UDUb]aIfJ~!} 9qr!@A&G2# 2 9=P607_u-F@%yh=tE2CoOpIS {;_Z3Hg=vYw nktL="b={X&bxN/SSE51O?GG[Nn SaYP 0*i5QRytbTJ%AA>u ( UzDeWLV 3 "%o9~\\Gy|p!JAPE/>$$y)fVlFGMN[:a_03k3(%,ZP xxBa)]tG*{;\^ ^9D7a$Q.-(87 h$Ti+ C=(: t&~!+(|9A.O/e8+&z;Q9./K/',-=7s5p-x:k'wuV%M ) [vk$Lmu7UD'S(+]9O3/KI$A[/TVD";l?6l96<->+?1!.)$5{9.7G;<Z ;9a?R()2r)>#.e/+&42_)GPh M'<W 'G@#Ft$Y+/D 0\w6B/Gu3]#B 'y'j+Ml)Db%oe?wH;oO+v4` !f.#t)gd57s|Y?s1+q>c'*f' Q?5  >a)H: ! #!7=<:P-D4sZXPuU[XTS/B _sSA_F%#Cm# & ) o+x:?6 2?=L+-Yv.$Qyihkg |n cr=y=maD s@}fdR)k!jk E'kKz~;$@2{u\fS p:$6;mG8PLbbTJ~ xm-FX3rpY#\( '&pR)`TQ<a!a'# IZh-w1Oe$B:lgr4UMiM Vor]DBFN,|[)QJs\ 8SCoEN K(>cP*n&P:V 9x(j2Xg6DqX;FB4P290S'Au,s<3'yK$Aa\gRZDbNLS@jgbJ*V?EQ@w? =b$PliE!8yd {s%q4SUNz6LaiK`3- hlXdH`N/($C:}K~66( e B {QwiM5sVX/:C% ?K-T?(@>>g>wZv0_Ah &+RUU1{B0dL497^KPLJ<tHPW9rY -U"s;Bd/.+7 ^:?" Z1#d 9|-+#J&% q*M+W24&-b6H.*9y":*G0Q:%4O5Ve'j+f+}p't7al/h4 cg
6g[txu/3#1pvTn8}K_>f= 8#6ZW7&3-DB I&q "ecYWvx <]5 2p+^!^Q<J7Q^Bvg}i 7tdxqzvF .t %jK5SkYFZ+M'NgYjXF! X#[GT_ ?ZZZWX?q'4e$|;n_ b*~!w6hYk%pQDj_M E^<BNp>m kfB!:.RMV^{[oL/X|OH_CMBRr]sAA\X RJoWJR&JMb&'upP^v6ge ^:0IYjo=U/ ej@Y8j:-~etef"bu2d%h:WLel^SEq\5 0i922 ;Q$<n` y/ y nma[< 77.t U6)-0x  067e=)/_eq@oLn{ [:w?m%A|3D# RcQ V^7qFbML%RIzlg;{~<nM*TS>R.Q,# } !5*.Q27#73:i-+&'0T20}2`'W*>,+w%Y,+<2*PC)4)]>&1->8=.**'34W$:o&x./o.Y Y;;:823.Q*;E52.me)6+I&;"#.A=/!P t+<^88a5q=V8a(8(s^;%Y -=/0)ug,%$ip%4<!11&8o 4jn!X<S( R5b)iZ4xaLb\SUx[o].Ul\mO1= :"9sFcBMJTZ;/6 '  '6q}H`Kx}BCCOcAS JZ6%U; vUH8-K."e%u*h^cn0 x' {`-L  " !$yP<g(3Y>;7Ei][!PVr-iB=j?nT~y;m:[[w Ns<Y,TH5[Pr^ZxDlV=iB]V:[C*Xq&}ntSW( XP| AEEVTY g_#BcK{R #D1\Z#QXmDu VLXc![{5Dtb Duv[p\!Hi5Tna_t @bOTNZZeYD0dzEEr1WZ N_V3i|asd)MH7>5[7F*Kz2 P wN+k}, yuww{sUIm#[7YbPHEHPY'CMI#\@& /j/^M)1..4F>^Z n 8N+$(":"(qAQI _ICiZEK9q3 o}f>PtQDU@y"#nM\kTMe@IE 'I@s PkG?Ey9_T(W 3IE;J690( U88, DP;v< "K9( j=I.*<d3c4 ~ (O
' -"?-.=&v3+X#5s873,v.E7Qn,G7+R$\/x:d +cV-a0%mL%uY2]_K^BDR!]*UKNm"Qv[Kp]KM{PV<B< ;vNpKV:1tP_2?jyxmw D@hD>{ZC*OsG H3 T(10(dQ?#J; ;#3J%s':DN  ~JYO cP  / T '# "S5>   LU>`74$@^S)2] _YQ/OOUYx:|Wbbr;oYa"Vak;%Rmh)QZ ^|-" g y}egp 5J.ut:%DpL"Z HFKD 9J]@Ra ktWHcBf>Zf9C~2FxUTa'RCJH(XV}PTuCEuOH1J_LIIN3YA1BkJdCAq5\dMGtQHl.AaoKtyGo@6WeLiEnY^DyQaZ4lA2LHA`a7g]y<CgF1ITY A xzG q kxM822&I >ad{qC/@-? }7z^n*LHwpi>5[=B(3pK?uVv@2u g:z H c9%:I IyG{~G P^*Y|bTzCI6Il BD.]^Uj-I nQ"KL?Ta2JnBC|,[IO'lM2]__=\R ]3^Bs@VBFP-C \ WSpD\XZ@R"`b2~(*dmU+{VP;{ $n/rueiU"n >H-L>*T&K=S*<m(S+LN5SP E!*8J9>+V#0:?e&*=; L0: x(+$"#6a2",: > #<-D14T7#&7S1> %n.>L 2"*#:J%8)4";Jr'H\8G!@ ?^)HM'Q >,C~=L b" 6m &u5p72fi/|9jO P^ISUyRQ3[KHDVQIlrXR@NET0-?N|_pqzAb$/DJWG\vqCxZA| |~ C y<hH9tbhbe{cz{qbt} buIy,}m.HbR^iPjZu AUDqOIP5OPBE[MjPg^J3f_t-m`nMlf_f,|cgss`kR'uPTa)Wq/!d+phin,w(D*wy`5x ]  VkGx=E%4cCW)Mu v}goNRe94mI+Bz/n(At TCT^ou [Z[5ZA#c JoB0'Kn7UVSZ]BEgNlB_PN_WpW[@yRwWSJcDeCES TRTBhD jzX,IP9[UZS [/R%\^`SB{Mw0MV\UUT;MX OTP
