High_resolution/powerplant/Chizhou/OMI_NO2_200608.asc
ncols      200
nrows      200
xllcorner       115.585
yllcorner       28.7700
cellsize     0.0166667
NODATA_Value      -999.000
[rows 0 to 28 of 164, columns 0 to 65 of 200]
3.68472 3.95437 4.20917 4.21112 4.21112 4.21112 4.21112 4.21112 4.21112 4.21112 4.21112 4.25969 4.30083 4.30083 4.30083 4.30083 4.30083 4.30083 4.30083 4.30083 4.30083 4.30075 4.20476 3.98863 3.79916 3.65085 3.54880 3.48996 3.23903 2.77577 2.67507 2.62710 2.58770 2.58084 2.59076 2.73483 2.89593 3.03251 3.14954 3.22597 3.25371 3.25371 3.25371 3.25371 3.25371 3.25371 3.17547 3.15617 3.10511 3.01987 3.01478 3.01478 3.01478 3.01478 3.01478 3.01694 3.06127 2.77227 2.67458 2.71919 2.74983 2.76864 2.75697 2.50900 2.49946 2.41746
3.68472 3.74515 4.20381 4.21112 4.21112 4.21112 4.21112 4.21112 4.21112 4.21112 4.21112 4.23264 4.30083 4.30083 4.30083 4.30083 4.30083 4.29371 4.16756 4.02590 3.90926 3.81175 3.53242 3.27380 3.21171 3.09837 2.96684 2.82257 2.90253 2.79051 2.75691 2.91445 3.04825 3.16319 3.25844 3.28027 3.28027 3.28027 3.28027 3.26378 3.25371 3.25371 3.25371 3.25371 3.25371 3.25371 3.20436 3.15617 3.13603 3.02683 3.01478 3.02358 3.03892 3.05288 3.07487 3.09496 3.12576 2.96728 2.77688 2.77373 2.77373 2.77373 2.77373 2.57527 2.50493 2.43581
3.68472 3.68472 4.11552 4.21112 4.21112 4.21112 4.21112 4.21112 4.21112 4.21112 4.21112 4.21231 4.29414 4.27526 4.12936 3.99469 3.88329 3.79306 3.77091 3.77091 3.73589 3.63547 3.39717 2.85133 2.78150 2.72748 2.66230 2.59708 2.57714 2.89880 3.28027 3.28027 3.28027 3.28027 3.28027 3.28027 3.28027 3.28027 3.28027 3.27030 3.25371 3.25371 3.25371 3.25371 3.25371 3.25371 3.22167 3.04923 2.93499 3.05433 3.17993 3.33329 3.46806 3.45611 3.11775 3.11775 3.12522 3.02466 2.80459 2.77373 2.77373 2.77373 2.77373 2.65672 2.52731 2.52209
3.68472 3.68472 3.95871 4.21112 4.21112 4.21112 4.21112 4.21112 4.21112 4.15963 4.01512 3.89412 3.83494 3.78028 3.77091 3.77091 3.75202 3.66052 3.54285 3.38988 3.20317 3.10417 3.00352 2.55499 2.47401 2.46253 2.46253 2.46253 2.46332 2.69587 3.26889 3.28027 3.28027 3.28027 3.28027 3.28027 3.28027 3.28027 3.28027 3.27671 3.25371 3.25371 3.21520 3.10472 2.99257 2.88048 2.90853 3.03410 3.22061 3.59875 3.62103 3.61652 3.61652 3.61024 3.16073 3.11775 3.11795 3.07183 2.84002 2.78082 2.81172 2.84911 2.88661 2.89988 2.82614 2.79249
3.68472 3.68472 3.73323 4.20112 4.21112 4.21112 4.21112 4.21112 3.85492 3.71304 3.71110 3.71110 3.72299 3.68449 3.56757 3.35911 3.11959 3.00932 2.91154 2.82014 2.80117 2.80117 2.80117 2.54456 2.46253 2.46253 2.46253 2.46253 2.46253 2.58947 3.12711 3.28027 3.28027 3.28027 3.28027 3.28027 3.28027 3.27797 3.20139 3.08919 2.95349 2.83839 2.86800 3.08889 3.28048 3.44663 3.50968 3.42506 3.35687 3.41738 3.50066 3.44360 3.44536 3.45714 3.20368 3.04099 3.06151 3.11636 3.19732 3.11106 3.13368 3.14974 3.16578 3.18084 3.07615 3.05784
3.68472 3.68472 3.68472 4.10718 4.21112 4.21112 4.21112 4.21112 3.93937 3.64242 3.48471 3.26804 3.01905 2.91463 2.82243 2.80117 2.80117 2.80117 2.80117 2.80117 2.80117 2.80117 2.80117 2.62161 2.46253 2.46253 2.46253 2.46253 2.46253 2.51923 2.94867 3.26001 3.21669 3.15748 3.02342 2.88617 2.75447 2.60547 2.55587 2.73419 2.87741 3.00568 3.06364 3.03347 3.00350 2.97419 2.95151 2.94073 2.91989 2.95214 3.33469 3.49841 3.52414 3.54066 3.44348 3.14954 3.16173 3.21296 3.44051 3.25087 3.25087 3.25087 3.25087 3.25087 3.17060 3.11888
3.68472 3.68472 3.68472 3.94546 4.21112 4.13144 3.93072 3.65075 3.18741 2.83236 2.80664 2.80664 2.80664 2.80265 2.80117 2.80117 2.80117 2.80117 2.74021 2.66825 2.62587 2.58526 2.55179 2.46689 2.28751 2.26899 2.25119 2.23402 2.21749 2.18718 2.29176 2.58493 2.50078 2.43080 2.47234 2.66022 2.83829 3.00196 3.00946 3.03930 3.04466 3.02459 3.03992 3.08164 3.13691 3.19214 3.24708 3.28019 3.08752 3.08203 3.32981 3.58615 3.58615 3.58615 3.58012 3.20493 3.17051 3.18993 3.42181 3.32871 3.31867 3.32370 3.32869 3.31451 3.24356 3.11928
3.62893 3.46867 3.30599 3.19207 3.19841 2.90241 2.90222 2.90222 2.90222 2.81741 2.80664 2.80664 2.80664 2.80430 2.80079 2.77620 2.74207 2.71274 2.47793 2.31194 2.31241 2.31089 2.30886 2.30760 2.18444 2.15221 2.11351 2.07986 2.04713 2.03033 2.04929 2.67289 2.96913 3.17498 3.33185 3.37814 3.41536 3.42517 3.31937 3.35159 3.36702 3.25627 3.29622 3.30971 3.30971 3.30971 3.30971 3.30971 3.14272 3.08203 3.18737 3.57540 3.58615 3.58615 3.58615 3.33648 3.17051 3.17182 3.35917 3.34755 3.26875 3.23514 3.20189 3.18777 3.18369 3.05956
2.90465 2.90222 2.90222 2.90222 2.90222 2.90222 2.90222 2.90222 2.90222 2.81456 2.75298 2.72246 2.69600 2.67234 2.64884 2.64195 2.64195 2.64195 2.54216 2.31252 2.30931 2.27437 2.21018 2.15841 2.08963 2.07646 2.09361 2.20078 2.31709 2.41694 2.55323 3.21858 3.42733 3.46952 3.52033 3.57115 3.62188 3.67041 3.57559 3.51997 3.51934 3.32513 3.30971 3.30971 3.30971 3.30971 3.30971 3.30971 3.21001 3.08203 3.10193 3.52142 3.58615 3.58596 3.56172 3.40918 3.06421 3.02498 3.11547 3.25366 3.18948 3.18980 3.18980 3.18980 3.18980 3.09305
2.90222 2.90222 2.90222 2.90222 2.90222 2.90222 2.72937 2.65731 2.62717 2.62001 2.64560 2.64560 2.64560 2.64560 2.64259 2.64195 2.63095 2.58239 2.51603 2.19498 2.15467 2.14718 2.09475 2.17117 2.29182 2.39518 2.48018 2.50629 2.57831 2.66567 2.75166 3.29647 3.67423 3.68278 3.68278 3.68278 3.68278 3.68278 3.61234 3.51997 3.51997 3.36960 3.30971 3.30971 3.30971 3.30971 3.30971 3.30971 3.25403 3.01389 2.98079 3.17013 3.24080 3.29322 3.25241 3.16537 3.00024 2.99365 3.04705 3.28080 3.18980 3.18980 3.18980 3.19198 3.21500 3.18685
2.90222 2.90222 2.90222 2.90222 2.90222 2.90222 2.70628 2.61287 2.61287 2.61287 2.64180 2.64560 2.62490 2.57342 2.51981 2.46632 2.42555 2.42242 2.42242 2.23396 2.27893 2.36206 2.45931 2.57485 2.66233 2.74955 2.83682 2.91681 2.93214 2.93214 2.93214 3.15557 3.66435 3.68278 3.68278 3.68278 3.68278 3.68278 3.64929 3.51997 3.51997 3.41931 3.27569 3.21909 3.16588 3.12248 3.08982 3.05898 3.04524 2.84110 2.73169 2.70301 2.86446 2.96050 3.08298 3.08556 3.06044 3.06178 3.11716 3.38032 3.32231 3.34097 3.34224 3.32848 3.27700 3.20794
2.90222 2.90222 2.90222 2.90222 2.90222 2.90222 2.79508 2.61268 2.55504 2.46858 2.45887 2.45737 2.42633 2.42607 2.42527 2.44509 2.54124 2.63500 2.78125 2.71580 2.66164 2.73145 2.83629 2.93214 2.93214 2.93214 2.93214 2.93214 2.93214 2.93214 2.93214 2.99154 3.58688 3.68278 3.68278 3.68108 3.61337 3.51793 3.44681 3.25092 3.18497 3.11765 3.02343 3.03765 3.05169 3.01291 2.93114 2.84932 2.76901 2.63753 2.55258 2.55202 2.88219 3.10724 3.33772 3.36731 3.32455 3.22068 3.17275 3.29650 3.22095 3.14708 3.11723 3.10160 3.10871 3.11708
2.90222 2.90222 2.90222 2.89746 2.73297 2.55611 2.43054 2.33370 2.31118 2.31118 2.33338 2.43525 2.52330 2.64471 2.76138 2.97026 3.07984 3.16230 3.18196 3.04359 2.81041 2.81041 2.82119 2.93180 2.93214 2.93214 2.93214 2.93214 2.93214 2.93095 2.88341 2.81423 3.18142 3.34778 3.27159 3.20164 3.18253 3.19758 3.23894 3.24215 3.27136 3.25024 3.06348 2.99147 2.92703 2.90901 2.92617 2.94597 2.97927 2.96666 2.86800 2.87985 2.86641 3.01779 3.15259 3.09876 3.06133 2.97835 2.96119 3.12696 3.19781 3.14876 3.14879 3.14879 3.14879 3.14879
2.70841 2.53923 2.41898 2.33045 2.30502 2.30502 2.30502 2.31161 2.41573 2.56110 2.68587 2.86454 2.92314 2.93481 2.93481 3.08705 3.18196 3.18196 3.18196 3.14001 2.81077 2.81034 2.80934 2.90255 2.87905 2.81075 2.74756 2.68898 2.63445 2.58437 2.56719 2.56591 2.75839 3.18798 3.20676 3.22257 3.23466 3.20112 3.11453 3.17661 3.19293 3.15756 3.07558 3.03971 3.04259 3.04474 3.00626 2.94336 2.86926 2.79082 2.70817 2.68793 2.61888 2.75355 2.93686 3.00357 3.00357 2.95583 2.92700 3.04633 3.24436 3.21691 3.22484 3.23274 3.24073 3.24852
2.30502 2.30502 2.30502 2.33147 2.40665 2.48286 2.74646 2.90275 2.84232 2.81361 2.78384 2.80014 2.80745 2.77938 2.75234 2.79478 2.91479 2.88680 2.85069 2.80694 2.75072 2.73247 2.71503 2.63044 2.56015 2.56015 2.56015 2.55917 2.54294 2.52153 2.50011 2.47874 2.58395 3.14972 3.10386 3.00829 2.91730 2.93414 2.98501 3.08396 3.21951 3.18800 3.00877 2.83292 2.76883 2.70549 2.68185 2.68185 2.68185 2.68185 2.68593 2.68793 2.66266 2.68308 2.88223 3.00357 3.00357 2.98099 2.92700 2.98385 3.25806 3.28764 3.26675 3.24326 3.20945 3.17066
2.46820 2.42031 2.31055 2.31600 2.28504 2.25503 2.35435 2.58220 2.51843 2.51686 2.51686 2.53281 2.58026 2.56342 2.54627 2.53818 2.70373 2.69248 2.68390 2.68390 2.68936 2.69265 2.69265 2.65419 2.52851 2.50279 2.48364 2.46670 2.46411 2.45998 2.42043 2.37761 2.34518 2.62720 2.74038 2.72616 2.66457 2.64527 2.65618 2.62890 2.76536 2.86227 2.82135 2.68185 2.68185 2.68185 2.68185 2.68185 2.68185 2.68185 2.68416 2.68793 2.68780 2.62558 2.83140 3.00357 3.00334 2.98650 2.89008 2.86810 3.09087 3.13503 3.12314 3.11004 3.10536 3.10536
2.67140 2.51805 2.17752 2.17752 2.17752 2.17752 2.18446 2.53965 2.49647 2.46353 2.44636 2.42975 2.47983 2.48618 2.48618 2.48618 2.62814 2.68390 2.68390 2.67742 2.66003 2.56210 2.51370 2.51646 2.43230 2.43079 2.39989 2.35758 2.31532 2.27821 2.27100 2.25172 2.22792 2.37435 2.45221 2.39254 2.37980 2.39865 2.51244 2.52611 2.69270 2.86114 2.85956 2.69047 2.68185 2.68185 2.68185 2.68185 2.68185 2.68185 2.68240 2.69615 2.73385 2.66888 2.86451 2.90981 2.87287 2.85069 2.80796 2.78636 2.96728 3.09173 3.10536 3.10536 3.10536 3.10536
2.67140 2.65109 2.18773 2.17752 2.17752 2.17752 2.17752 2.43245 2.48067 2.41724 2.41724 2.41724 2.45793 2.48618 2.48618 2.47516 2.53624 2.63003 2.60863 2.59367 2.59463 2.54220 2.45890 2.46187 2.35377 2.28262 2.25243 2.22864 2.20494 2.18116 2.15927 2.15484 2.15484 2.22409 2.38647 2.37980 2.37980 2.37982 2.49654 2.51553 2.64832 2.83303 2.86227 2.72793 2.68185 2.69511 2.73293 2.77128 2.81367 2.85986 2.90604 2.94779 2.94722 2.84159 2.83267 2.85266 2.82900 2.82900 2.81568 2.77683 2.86467 3.01408 3.01406 2.98414 2.95456 2.94032
2.67140 2.67140 2.26209 2.17752 2.17752 2.17752 2.17752 2.29804 2.52475 2.41724 2.41692 2.40559 2.40536 2.42725 2.40582 2.39543 2.41891 2.59279 2.57370 2.51556 2.45459 2.35901 2.23287 2.29804 2.23736 2.15973 2.15484 2.15484 2.15484 2.15484 2.15484 2.15484 2.15484 2.16877 2.36663 2.37980 2.37980 2.37980 2.46184 2.50692 2.64437 2.90107 3.01919 2.95810 2.90007 2.93301 2.94140 2.94877 2.94318 2.93036 2.91755 2.91724 2.95979 2.98553 2.79072 2.72844 2.65274 2.61363 2.56626 2.48639 2.55971 2.84666 2.94429 2.97206 2.99925 3.00838
2.67140 2.67140 2.36111 2.17752 2.17752 2.17752 2.17609 2.16013 2.49556 2.37765 2.35374 2.34837 2.34928 2.39219 2.38540 2.33211 2.29018 2.33783 2.27793 2.24352 2.21218 2.21052 2.14589 2.22548 2.23699 2.15485 2.15484 2.15484 2.15484 2.15484 2.15484 2.15484 2.15484 2.14943 2.28822 2.35089 2.33907 2.32726 2.36284 2.44432 2.65607 3.02826 3.15744 3.10125 2.95397 2.97825 3.00169 3.02469 3.05517 3.08770 3.11915 3.13853 3.12742 3.10841 2.86236 2.49340 2.41988 2.40783 2.40351 2.36145 2.34114 2.75072 2.88828 2.87498 2.85925 2.84369
2.67140 2.67140 2.47689 2.15129 2.12344 2.09560 2.06917 2.06273 2.33151 2.38640 2.34471 2.31141 2.27618 2.27064 2.26271 2.28073 2.28740 2.24465 2.20470 2.20470 2.20470 2.20892 2.16022 2.19820 2.24949 2.16905 2.15487 2.15046 2.13999 2.12938 2.11888 2.10840 2.09790 2.09283 2.16711 2.32795 2.33461 2.34371 2.36573 2.57044 2.78356 3.09492 3.28909 3.30727 3.09892 3.06553 3.03467 3.00275 2.96981 2.94801 2.93358 2.92659 2.94203 2.94768 2.88438 2.36056 2.28353 2.26598 2.26598 2.24737 2.20858 2.56527 2.78177 2.65343 2.59597 2.58039
2.58519 2.54342 2.46209 2.06457 2.06273 2.06273 2.07832 2.11796 2.24484 2.33790 2.24232 2.24035 2.24035 2.24957 2.26712 2.25237 2.23758 2.20503 2.12532 2.11049 2.09574 2.12032 2.21254 2.21542 2.30423 2.20579 2.10868 2.10261 2.10259 2.10259 2.10798 2.16002 2.22288 2.28560 2.32201 2.34312 2.34966 2.32552 2.30040 2.43492 2.73418 3.03328 3.22985 3.23850 2.92169 2.83899 2.86012 2.88121 2.90219 2.91047 2.91047 2.91047 2.92266 2.93034 2.92384 2.48178 2.30324 2.26598 2.26598 2.26375 2.21102 2.44471 2.65566 2.51330 2.43340 2.40779
2.47034 2.51388 2.57107 2.13714 2.07779 2.09294 2.09267 2.06820 2.04507 2.14729 2.08430 2.06930 2.05447 2.04711 2.09031 2.09561 2.11112 2.12715 2.06927 2.07819 2.09479 2.11573 2.30605 2.24500 2.33216 2.26945 2.11619 2.17537 2.23660 2.29194 2.34326 2.34702 2.34029 2.33600 2.33138 2.23565 2.24704 2.25109 2.25674 2.28715 2.72732 3.01681 3.27435 3.35578 3.12058 2.91047 2.91047 2.91047 2.91047 2.91047 2.91047 2.91047 2.91678 2.93034 2.93034 2.64226 2.32296 2.26598 2.26598 2.26512 2.20463 2.27090 2.56732 2.42469 2.30818 2.30762
2.47154 2.78462 2.78730 2.19649 1.92950 1.92950 1.92950 1.92950 1.92950 2.03747 2.06720 2.07764 2.09424 2.11084 2.15940 2.18770 2.18879 2.18879 2.13815 2.10608 2.10608 2.10608 2.32092 2.38535 2.48839 2.55179 2.35998 2.34777 2.34146 2.34446 2.34859 2.35272 2.35580 2.35677 2.36482 2.29988 2.34691 2.37184 2.39491 2.40002 2.71010 2.97104 3.26445 3.36298 3.23458 2.91047 2.91047 2.91047 2.91047 2.91047 2.91047 2.91047 2.91150 2.92982 2.92894 2.77891 2.26358 2.16481 2.11906 2.07896 2.04820 2.06801 2.49117 2.42507 2.29804 2.29804
2.13375 2.78730 2.78730 2.39115 1.92950 1.92950 1.92950 1.92950 1.92950 1.97733 2.12412 2.14173 2.14173 2.14173 2.15874 2.18879 2.18879 2.18972 2.21991 2.25085 2.33882 2.42675 2.60902 2.63120 2.61367 2.61666 2.42269 2.35178 2.35607 2.36448 2.37427 2.38405 2.39385 2.40286 2.40460 2.36500 2.36978 2.40002 2.40002 2.40002 2.60123 2.87218 3.22657 3.36298 3.34425 2.92043 2.91047 2.91047 2.90775 2.89386 2.87879 2.86588 2.85431 2.85724 2.85269 2.82669 2.13286 2.06964 2.05858 2.05868 2.05800 2.04338 2.41449 2.45315 2.30860 2.29804
1.57121 2.77877 2.78730 2.62808 1.92950 1.92950 1.92950 1.92950 1.92950 1.93057 2.09761 2.14173 2.14173 2.14390 2.17478 2.34935 2.44302 2.52995 2.55848 2.48203 2.47931 2.48193 2.56430 2.66346 2.63611 2.64706 2.53545 2.39349 2.40264 2.40460 2.40460 2.40460 2.40460 2.40460 2.40460 2.40239 2.33161 2.40002 2.40002 2.40002 2.48312 2.82846 3.13378 3.33722 3.32299 2.95297 2.84647 2.83446 2.82562 2.82795 2.83159 2.83415 2.83558 2.84572 2.85808 2.84425 2.32359 2.08075 2.05868 2.05868 2.05868 2.04790 2.29036 2.42130 2.25846 2.17322
1.36344 2.59571 2.78730 2.78665 1.98909 1.92950 1.93562 1.97836 2.02401 2.07250 2.20983 2.21014 2.24657 2.27963 2.28704 2.48639 2.56201 2.56361 2.56590 2.50732 2.51676 2.53086 2.56734 2.74355 2.67775 2.67775 2.63312 2.40460 2.40460 2.40460 2.40460 2.40460 2.40460 2.40460 2.40460 2.40460 2.33780 2.43816 2.46813 2.49789 2.52934 2.93106 3.04733 3.22386 3.26416 3.02181 2.83277 2.83705 2.82651 2.81447 2.80219 2.78852 2.77438 2.76294 2.76587 2.76008 2.53582 2.15287 2.07771 2.04343 2.02393 1.97620 2.02200 2.10346 2.02250 1.96933
1.81538 2.48648 2.88905 2.90527 2.39447 2.24184 2.30837 2.35592 2.39994 2.43903 2.45348 2.30977 2.28704 2.28759 2.24467 2.28180 2.38058 2.29513 2.20069 2.35047 2.55636 2.55636 2.55636 2.74586 2.67780 2.67775 2.67750 2.43694 2.40460 2.40460 2.41394 2.44316 2.48170 2.52531 2.56993 2.61561 2.60173 2.63419 2.68407 2.70476 2.71784 2.99214 3.14322 3.32505 3.41321 3.23675 2.86279 2.83916 2.82874 2.83474 2.84827 2.86137 2.86838 2.87115 2.83374 2.80578 2.73113 2.14712 2.10655 2.08731 2.06267 2.05867 2.03958 2.01586 2.00969 1.99134
2.31436 2.47191 3.01855 3.07726 2.76540 2.44156 2.44508 2.44508 2.44508 2.40770 2.30735 2.13801 1.98734 1.87971 1.82939 1.86190 2.17021 2.17339 2.19690 2.28749 2.65350 2.69379 2.73462 2.87391 2.81675 2.83469 2.87320 2.74999 2.70612 2.75883 2.80205 2.82218 2.82538 2.80687 2.76545 2.72278 2.67811 2.68954 2.76062 2.74808 2.73763 2.84456 3.01151 3.15260 3.25475 3.21319 2.95481 2.96260 2.97392 2.97202 2.96279 2.95360 2.94971 2.94971 2.88095 2.82584 2.70108 2.18233 2.07542 2.05957 2.05957 2.05957 2.04836 2.01422 1.92621 1.93807
