High_resolution/powerplant/Chizhou/OMI_NO2_200502.asc
ncols      200
nrows      200
xllcorner       115.585
yllcorner       28.7700
cellsize     0.0166667
NODATA_Value      -999.000
[rows 58 to 86 of 164, columns 67 to 133 of 200]
7.65030 7.56247 7.56247 7.56247 8.47112 9.31724 9.76262 9.76262 9.76262 9.76262 9.76262 9.76262 9.76262 9.76262 9.76262 9.76262 9.76262 9.76262 9.76262 9.76262 11.0045 11.4637 11.4022 11.2109 11.0118 10.7654 10.5800 10.5121 10.5747 11.0798 11.0779 11.0779 11.0779 11.0779 11.0779 11.0779 11.7213 12.2371 12.5537 11.5957 11.4213 11.7381 12.0550 12.3713 12.6863 12.8088 12.8088 12.8088 12.8088 12.8088 12.8088 12.3042 7.84591 8.00515 8.43532 8.95137 9.58186 9.75240 8.94114 8.94114 8.92575 8.88713 8.84828 8.80943 8.77059 8.75300 8.75300
7.75855 7.56247 7.56247 7.56247 8.01385 9.11757 9.76262 9.76262 9.76262 9.76262 9.76262 9.76262 9.76262 9.76262 9.76262 9.76262 9.76262 9.76262 9.71454 9.52763 10.1351 10.7197 10.5462 10.4755 10.4123 10.3966 10.3966 10.3966 10.4533 11.3751 11.8283 12.1952 12.5601 12.9268 13.2920 13.6583 14.2354 14.5743 14.5743 13.8266 12.8088 12.8088 12.8088 12.8088 12.8088 12.8088 12.8088 12.8088 12.8088 13.0412 13.5731 14.2150 10.5279 10.1196 10.1206 10.1399 10.2259 10.2722 8.88023 8.77673 8.75325 8.75300 8.75300 8.75300 8.75300 8.75300 8.75300
7.86662 7.56258 7.56247 7.56247 7.61672 8.92232 9.69800 9.76262 9.76262 9.76262 9.76262 9.76262 9.76262 9.76262 9.72639 9.56347 9.74958 10.0778 10.4537 10.9688 11.0610 10.6291 11.1632 11.5295 11.8947 12.2614 12.6262 12.9932 13.3022 13.7160 14.0205 14.0205 14.0205 14.0205 14.0205 14.0205 14.1434 14.5743 14.5743 14.3525 12.8103 12.8088 12.8088 12.8088 12.8088 13.0530 13.5870 14.2345 15.0288 15.5045 15.5098 15.5817 12.4813 10.3814 10.4728 10.5452 10.5509 10.5509 9.27996 8.75300 8.75300 8.75300 8.75300 8.75300 8.75300 8.75300 8.75300
7.91580 7.62164 7.56247 7.56247 7.56247 8.51522 9.50270 9.76262 9.76262 9.76262 9.73632 9.68293 9.98930 10.4455 10.9879 11.6561 11.9757 12.1534 12.3311 12.5089 12.6476 12.3196 13.3392 13.3392 13.3392 13.3392 13.3392 13.3392 13.3392 13.5000 14.0205 14.0205 14.0205 14.0205 14.0205 14.0205 14.0312 14.5477 14.5743 14.5743 13.1157 13.0648 13.6025 14.2494 15.0528 15.5045 15.5536 15.6453 15.7369 15.8286 15.9149 15.9347 14.0757 10.5509 10.5509 10.5509 10.5509 10.5509 9.81072 8.75300 8.75300 8.75300 8.75300 8.75300 8.75300 8.75300 8.75300
7.91580 7.72987 7.56247 7.56247 7.56247 8.11555 9.51094 10.3262 10.8317 11.3377 11.8697 12.4286 12.6281 12.6774 12.6774 12.6774 12.6774 12.6774 12.6774 12.6774 12.6774 12.1984 13.3392 13.3392 13.3392 13.3392 13.3392 13.3392 13.3392 13.3454 13.9586 14.0205 14.0205 14.0205 14.0205 14.0205 14.0219 14.7685 15.6447 16.5133 16.2558 15.5289 15.6173 15.7089 15.8005 15.8922 15.9347 15.9347 15.9347 15.9347 15.9347 15.9347 15.4017 10.5573 10.5509 10.5509 10.5509 10.5509 10.3392 8.75588 8.75300 8.75300 8.75300 8.75300 8.75300 8.75300 8.87897
8.32139 8.38926 8.32486 8.94336 9.63305 10.3193 11.5704 12.6774 12.6774 12.6774 12.6774 12.6774 12.6774 12.6774 12.6774 12.6774 12.6774 12.6774 12.6774 12.6774 12.6774 12.2968 13.1319 13.3392 13.3392 13.3392 13.3392 13.3392 13.3392 13.3392 13.7482 14.0205 14.0232 14.3632 15.0279 15.8291 16.8104 17.5345 17.7507 17.5266 16.9783 15.9314 15.9347 15.9347 15.9347 15.9347 15.9347 15.9347 15.9347 15.9347 15.9347 15.9347 15.9347 11.3574 10.5509 10.5509 10.5509 10.6344 10.8735 9.63959 9.55984 9.80281 10.0447 10.2868 10.5296 10.7715 10.8881
9.07236 9.11573 10.7821 11.0269 11.0269 11.0269 11.4349 12.5719 12.6774 12.6774 12.6774 12.6774 12.6774 12.6774 12.6774 12.6774 12.6774 12.6774 12.6774 12.6774 12.6774 12.6180 12.7011 13.3392 13.3392 13.3392 13.3392 13.3392 13.3384 13.1254 13.2829 15.8516 16.7699 17.0219 16.7978 16.5737 16.3593 16.4883 17.1343 17.1343 17.1218 16.0307 15.9347 15.9347 15.9347 15.9347 15.9347 15.9347 15.8990 15.5653 15.1655 14.7658 14.3657 12.5663 12.0390 12.2816 12.5239 12.6825 12.6859 11.7407 10.8881 10.8881 10.8881 10.8881 10.8881 10.8881 10.8881
9.16203 9.16203 10.2992 11.0269 11.0269 11.0269 11.2486 12.2992 12.6774 12.6774 12.6774 12.6774 12.6774 12.6774 12.6774 12.6774 12.6774 12.6774 12.6774 12.6774 12.6774 12.6774 12.5322 13.3392 13.3392 13.1586 12.7828 12.3957 11.8995 11.5874 11.5228 16.0084 16.3064 16.3036 16.3036 16.3036 16.3036 16.3194 17.0956 17.1343 16.9890 15.8352 14.9940 14.5942 14.1945 13.7944 13.3943 12.9945 12.6305 12.5641 12.5641 12.5641 12.5641 12.6072 12.6859 12.6859 12.6859 12.6859 12.6859 12.2712 10.8881 10.8881 10.8881 10.8275 10.6793 10.5306 10.3816
9.16203 9.16203 9.73150 11.0269 11.0269 11.0269 11.0721 12.0173 12.6774 12.6774 12.6774 12.6774 12.6774 12.6774 12.6774 12.6774 12.6774 12.6774 12.6774 12.6774 12.6774 12.5278 11.8999 12.3750 11.8504 11.5059 11.3565 11.2183 11.1902 11.1902 11.1902 14.0094 16.2224 16.0499 15.8781 15.7064 15.5332 15.3628 14.6565 14.0225 13.7680 13.3629 12.5641 12.5641 12.5641 12.5641 12.5641 12.5641 12.5641 12.5641 12.5641 12.5641 12.5641 12.5772 12.6859 12.6859 12.6859 12.6859 12.6247 12.3559 10.6633 10.4060 10.2573 10.1689 10.1682 10.1682 10.1682
9.16203 9.16203 9.23394 10.9567 11.0269 11.0269 11.0269 11.6035 12.6774 12.6774 12.6774 12.6774 12.6774 12.6774 12.6774 12.6774 12.6774 12.5558 12.1717 11.6022 10.9825 10.5128 10.1679 10.9692 11.1325 11.0174 10.9025 10.7888 10.6734 10.5589 10.4443 11.4929 14.9225 14.9225 14.9225 14.9225 14.9225 14.9225 14.3700 13.7636 13.7636 13.6953 12.5900 12.5641 12.5641 12.5641 12.5641 12.5641 12.5641 12.5641 12.5641 12.5641 12.5641 12.5446 12.4380 12.1943 11.9337 11.6733 11.4746 11.4615 10.6341 10.1682 10.1682 10.1682 10.1682 10.1682 10.1682
9.16203 9.16203 9.16203 10.4605 11.0269 11.0269 11.0269 11.2687 12.5529 12.6774 12.6774 12.6774 12.6774 12.5810 12.1472 11.5333 10.9278 10.4808 10.2978 10.3004 10.3530 10.4055 10.4581 10.2386 10.2694 10.2694 10.2694 10.2694 10.2694 10.2694 10.2694 10.4185 14.6979 14.9225 14.9225 14.9225 14.9225 14.9225 14.6617 13.7636 13.7636 13.7636 12.8794 12.5641 12.5641 12.5641 12.5641 12.5641 12.5630 12.4109 12.1504 11.8897 11.6293 11.3883 11.4149 11.4615 11.4615 11.4615 11.4615 11.4615 11.0131 10.1682 10.1682 10.1682 10.1682 10.1682 10.1682
9.16203 9.16203 9.16203 9.89286 11.0269 11.0269 11.0269 11.0880 12.2799 12.6475 12.1855 11.6185 11.0514 10.5810 10.4480 10.4946 10.5331 10.5350 10.5350 10.5350 10.5350 10.5350 10.5350 10.3233 10.2694 10.2694 10.2694 10.2694 10.2694 10.2694 10.2694 10.2694 13.0896 14.9225 14.9225 14.9225 14.9225 14.9225 14.8993 13.8129 13.7636 13.7636 13.2376 12.5641 12.4828 12.2282 11.9677 11.7072 11.4477 11.3396 11.3396 11.3396 11.3396 11.3396 11.3849 11.4615 11.4615 11.4615 11.4615 11.4615 11.3738 10.1877 10.1682 10.1682 10.1682 10.1682 10.1682
9.16203 9.18868 9.26655 9.52201 11.2771 11.3972 11.8728 12.5429 11.2135 10.6399 10.5350 10.5350 10.5350 10.5350 10.5350 10.5350 10.5350 10.5350 10.5350 10.5350 10.5350 10.5350 10.5350 10.4277 10.2694 10.2694 10.2694 10.2694 10.2694 10.2694 10.2694 10.2694 11.6224 14.9225 14.9225 14.9225 14.9225 14.9225 14.9225 14.0626 13.5658 13.3431 12.9370 11.5247 11.3453 11.3396 11.3396 11.3396 11.3396 11.3396 11.3396 11.3396 11.3396 11.3396 11.3545 11.4615 11.4615 11.4615 11.4615 11.4615 11.4615 10.4307 10.0191 9.92183 9.82427 9.72704 9.62982
9.69366 9.74690 10.1206 10.7367 12.7087 13.8136 13.9757 13.9757 11.6823 10.5350 10.5350 10.5350 10.5350 10.5350 10.5350 10.5350 10.5350 10.5350 10.5350 10.5350 10.5350 10.5350 10.5350 10.5287 10.2728 10.2694 10.2694 10.2694 10.2694 10.2694 10.2694 10.3055 11.2372 14.9225 14.9225 14.8236 14.6011 14.3783 14.1557 13.3963 12.7492 12.7492 12.7492 11.5610 11.3396 11.3396 11.3396 11.3396 11.3396 11.3396 11.3396 11.3396 11.3011 11.1513 10.9947 11.0910 11.0397 10.9424 10.8451 10.7477 10.6504 10.0050 9.31160 9.31160 9.31160 9.31160 9.31160
11.3081 12.2044 12.4996 12.4996 13.2059 13.9757 13.9757 13.9757 13.1273 10.4198 10.5350 10.5350 10.5350 10.5350 10.5350 10.5350 10.5350 10.5350 10.5350 10.5350 10.5350 10.5350 10.5350 10.5350 10.3707 10.2694 10.2694 10.2880 10.8743 11.8621 13.0467 14.2859 14.4775 14.2549 14.0322 13.9084 13.9081 13.9081 13.9081 13.6415 12.7492 12.7492 12.7492 11.9785 11.2427 11.0861 10.9295 10.7729 10.6163 10.4597 10.3031 10.1465 10.0282 10.0214 10.0214 10.3902 10.6049 10.6049 10.6049 10.6049 10.6049 10.3854 9.31160 9.31160 9.31160 9.31160 9.46323
12.4996 12.4996 12.4996 12.4996 12.7566 13.9757 13.9757 13.9757 13.9757 10.7853 10.5350 10.5350 10.5350 10.5350 10.5350 10.5350 10.5350 10.5350 10.5350 10.5350 10.5350 10.5350 10.5350 10.5417 11.0162 11.7707 12.8520 14.0631 14.3541 14.1314 13.9362 13.9081 13.9081 13.9081 13.9081 13.8979 13.7453 13.5463 13.3495 13.1254 11.9980 11.8041 11.6475 11.1412 10.0214 10.0214 10.0214 10.0214 10.0214 10.0214 10.0214 10.0214 10.0214 10.0214 9.94102 9.37942 9.49793 10.6049 10.6049 10.6049 10.6049 10.5960 9.82236 10.0655 10.3922 10.7192 10.8943
12.4996 12.4996 12.4996 12.4996 12.5005 13.7811 13.9757 13.9757 13.9757 11.7701 10.5350 10.5350 10.5350 10.5350 10.5350 10.5350 10.5350 10.5350 10.5350 10.5360 11.0025 11.9779 13.1051 14.4825 15.0616 14.0590 13.9081 13.8967 13.7412 13.5425 13.3444 13.1470 12.9484 12.7495 12.5523 12.3642 12.3184 12.3184 12.3184 12.3184 11.6669 11.4311 11.4311 11.4070 10.1131 10.0214 10.0214 10.0214 10.0214 10.0214 9.92570 9.14958 8.39087 7.76998 7.28961 7.25945 7.83267 10.5670 10.5544 10.5288 10.5032 10.4853 10.7207 10.8944 10.8944 10.8944 10.8944
12.4996 12.4996 12.4996 12.4996 12.4996 13.3336 13.9757 13.9757 13.9757 13.0470 10.5345 10.5350 10.5350 10.5350 10.5350 10.5350 10.9269 11.8662 12.9614 14.3187 14.9640 14.8272 14.7613 14.7073 14.6532 13.2790 12.5470 12.3617 12.3184 12.3184 12.3184 12.3184 12.3184 12.3184 12.3184 12.3184 12.3184 12.3184 12.3184 12.3184 11.8903 11.4311 11.4311 11.4311 10.5074 10.0214 9.91127 9.12248 8.36864 7.75161 7.28110 7.20356 7.19240 7.17534 7.15829 7.14160 7.47479 9.68299 10.4847 10.4847 10.4847 10.4847 10.6024 10.8944 10.8944 10.8944 10.8944
12.4996 12.4996 12.4996 12.4996 12.4996 12.8844 13.9757 13.9757 13.9757 13.9725 10.8768 10.5350 10.8401 11.6915 12.7118 13.9779 14.7224 14.6143 14.5599 14.5066 14.4878 14.4878 14.4878 14.4878 14.4878 13.5031 12.3184 12.3184 12.3184 12.3184 12.3184 12.3184 12.3184 12.3184 12.3184 12.3184 12.3184 12.3184 12.3184 12.3184 12.1108 11.4311 11.2853 10.3509 9.07256 7.73357 7.27301 7.19744 7.18054 7.16348 7.14642 7.12959 7.12368 7.12368 7.12368 7.12368 7.37788 8.67844 10.4847 10.4847 10.4847 10.4847 10.4981 10.8769 10.8944 10.8944 10.8944
12.4996 12.4996 12.4996 12.4996 12.5045 12.5958 14.0295 14.2019 14.2562 14.2445 13.1620 13.6236 14.4971 14.4878 14.4878 14.4878 14.4878 14.4878 14.4878 14.4878 14.4878 14.4878 14.4878 14.4878 14.4878 14.1314 12.3221 12.3184 12.3184 12.3184 12.3184 12.3184 12.3184 12.3184 12.3184 12.3184 12.3184 12.3184 12.1398 11.1066 10.1432 8.76661 8.21825 8.17357 8.13276 7.16658 7.13454 7.12384 7.12368 7.12368 7.12368 7.12368 7.12368 7.12368 7.12368 7.12368 7.28261 7.89499 10.4847 10.4847 10.4847 10.4847 10.4847 10.7714 10.8932 10.8642 10.8236
12.7562 12.8354 12.9146 12.9945 13.2421 13.5648 14.1768 14.2177 14.1485 14.1451 14.2633 14.4878 14.4878 14.4878 14.4878 14.4878 14.4878 14.4878 14.4878 14.4878 14.4878 14.4878 14.4878 14.4878 14.4878 14.4415 12.6464 12.3184 12.3184 12.3184 12.3184 12.3184 12.3184 12.3184 12.3184 11.2807 10.1342 9.36425 8.81845 8.78188 8.81249 8.40829 8.27862 8.28275 8.28275 7.39730 7.12368 7.12368 7.12368 7.12368 7.12368 7.12368 7.12368 7.12368 7.12368 7.12368 7.11979 7.47315 9.84288 10.3408 10.3002 10.2595 10.2188 10.3434 10.5484 10.5368 10.5368
13.3454 13.6516 13.9576 14.2634 14.3961 14.3961 14.3073 14.1451 14.1451 14.1451 14.1768 14.4869 14.4878 14.4878 14.4878 14.4878 14.4878 14.4878 14.4878 14.4878 14.4878 14.4878 14.4878 14.4878 14.4878 14.4878 13.2323 12.3184 12.3184 12.3184 12.3184 12.3184 12.3184 12.3260 12.3677 10.1436 8.82922 8.85984 8.87431 8.87431 8.87431 8.58598 8.28275 8.28275 8.28275 7.74166 7.12368 7.11194 6.98796 6.83617 6.68413 6.53233 6.38054 6.22863 6.07684 5.92492 5.85326 7.15337 8.58427 10.1270 10.1270 10.1270 10.1270 10.1738 10.5359 10.5368 10.5368
14.3961 14.3961 14.3961 14.3961 14.3961 14.3961 14.3791 14.1493 14.1451 14.1451 14.1451 14.4316 14.4878 14.4878 14.4878 14.4878 14.4878 14.4878 14.4878 14.4878 14.4878 14.4878 14.4878 14.4878 14.4878 14.4878 13.8643 12.3184 12.3187 12.3469 12.3929 12.4387 12.4847 12.5230 12.5272 11.4666 8.87431 8.87431 8.87431 8.83704 8.68720 8.38951 7.78248 7.63069 7.47890 7.13010 6.01612 5.87594 5.84813 5.84813 5.84813 5.84813 5.84813 5.84813 5.84813 5.84813 5.84813 6.87999 8.30777 10.1270 10.1270 10.1270 10.1270 10.1270 10.3828 10.2137 9.96961
14.3961 14.3961 14.3961 14.3961 14.3961 14.3961 14.3961 14.2087 14.1451 14.1451 14.1451 14.3445 14.4878 14.4878 14.4878 14.4878 14.4878 14.4878 14.4878 14.4878 14.4878 14.4878 14.4878 14.4878 14.4706 14.3804 14.1237 12.5745 12.5094 12.5272 12.5272 12.4612 12.2324 11.9970 11.7610 11.4993 8.28590 7.89171 7.73426 7.61421 7.60661 7.59120 7.02903 7.00721 7.00721 7.00641 5.99636 5.84813 5.84813 5.84813 5.84813 5.84813 5.84813 5.91360 6.27845 6.74984 7.32581 8.81667 10.1270 10.1423 10.2410 10.3524 10.4638 10.5752 9.96899 9.35669 9.35669
14.3961 14.3961 14.3961 14.3961 14.3961 14.3961 14.3961 14.2854 14.1451 14.1451 14.1451 14.2571 14.4878 14.4878 14.4878 14.4878 14.4878 14.4878 14.4878 14.4878 14.4375 14.3392 14.2407 14.0695 13.6622 13.3063 12.9292 11.9437 11.2746 11.0394 10.8030 10.6330 10.6256 10.6256 10.6256 10.6256 8.57867 7.60661 7.60661 7.60661 7.60661 7.60661 7.16233 7.00721 7.00721 7.00721 6.33992 5.84813 5.84813 5.92214 6.29301 6.76683 7.34732 7.92748 7.99077 8.06887 8.18022 8.67625 10.5421 10.6382 10.6508 10.6508 10.6508 10.6508 10.3501 9.35669 9.35669
14.3961 14.3961 14.3961 14.3961 14.3961 14.3961 14.3961 14.3618 14.1451 14.1451 14.1451 14.1718 14.4857 14.4878 14.4878 14.4565 14.0973 13.6515 13.2056 12.7592 12.3633 12.0158 11.6680 11.3932 11.3718 11.3718 11.3718 11.3404 10.6256 10.6256 10.6256 10.6256 10.6256 10.6256 10.6256 10.6256 9.55221 7.60661 7.60661 7.60661 7.60661 7.60661 7.31092 7.00721 7.00721 7.11085 7.23363 6.78521 7.36978 7.93631 8.03608 8.14717 8.25853 8.36988 8.47841 8.51167 8.51167 8.52579 10.4943 10.6508 10.6508 10.6508 10.6508 10.6508 10.6344 9.45114 9.35669
14.3961 14.3961 14.3961 14.3961 14.3961 14.3961 14.3961 14.3961 14.1794 14.1185 14.0993 14.0447 13.0338 12.3198 11.8736 11.4588 11.3718 11.3718 11.3718 11.3718 11.3718 11.3718 11.3718 11.3718 11.3718 11.3718 11.3718 11.5458 10.6598 10.6256 10.6256 10.6256 10.6256 10.6256 10.6256 10.6256 10.5373 7.74222 7.60661 7.60661 7.60661 7.73424 8.11316 8.22133 8.96806 9.59626 9.17950 8.20086 8.33683 8.44814 8.51141 8.51167 8.51167 8.51167 8.51167 8.51167 8.51167 8.51167 9.98082 10.6508 10.6508 10.6508 10.6508 10.6508 10.6508 9.81411 9.35669
14.3954 14.3814 14.3622 14.3430 14.3239 14.3047 14.2822 14.1623 13.9106 13.7313 13.6329 13.5699 12.3308 11.3718 11.3718 11.3718 11.3718 11.3718 11.3718 11.3718 11.3718 11.3718 11.3718 11.3718 11.3718 11.3718 11.3718 11.5037 10.9437 10.6256 10.6256 10.6256 10.6256 10.6256 10.6256 10.6256 10.6256 8.59498 8.29693 8.97932 9.81192 10.2866 9.84490 8.54106 8.05133 7.66806 7.62755 8.23350 8.51167 8.51167 8.51167 8.51167 8.51167 8.51167 8.51167 8.51167 8.51167 8.51167 9.45417 10.6409 10.4902 10.2943 10.0982 9.90195 9.70586 9.05286 8.01940
14.2597 14.2546 14.2373 14.1101 13.9638 13.8175 13.6743 13.6288 13.6144 13.5688 13.5688 13.5688 12.8872 11.3718 11.3718 11.3718 11.3718 11.3718 11.3718 11.3718 11.3718 11.3718 11.3718 11.3718 11.3718 11.3718 11.3718 11.4117 11.2769 10.6256 10.6256 10.6256 10.6256 10.6256 10.6256 10.6256 10.5152 10.0757 9.61580 9.15508 8.69855 8.52665 8.52665 7.85250 7.62755 7.62755 7.62755 7.97208 8.51167 8.51167 8.51167 8.46668 8.31637 8.16151 8.00652 7.85166 7.69693 7.54180 7.73096 8.96411 8.91855 8.91855 8.91855 8.91855 8.91855 8.82385 7.64075
