High_resolution/powerplant/Chizhou/OMI_NO2_200609.asc
ncols      200
nrows      200
xllcorner       115.585
yllcorner       28.7700
cellsize     0.0166667
NODATA_Value      -999.000
[rows 116 to 144 of 200, columns 67 to 133 of 200]
5.15194 5.13707 5.08555 5.03836 4.99171 4.94797 4.94404 4.95168 4.95276 4.95900 4.99030 5.02606 5.09387 5.22642 5.16556 5.12911 4.66095 4.29668 4.16883 4.15852 4.15852 4.15852 4.15852 4.14448 3.85593 3.84563 3.84563 3.84563 3.84563 3.56951 3.63473 3.61703 3.59331 3.61712 3.65745 3.60372 3.15497 3.17471 3.13656 3.08470 3.02271 2.93482 2.84353 2.72714 2.37937 1.72864 1.62450 1.64309 1.65608 1.65655 1.65655 1.65875 1.66045 1.66045 1.49962 1.42502 1.42502 1.42502 1.42502 1.42916 1.86316 1.86432 1.84351 1.82528 1.80694 1.78871 1.77038
4.96968 4.94739 4.95225 4.95276 4.96207 4.99454 5.02913 5.06580 5.10481 5.13799 5.12204 4.98342 4.82226 4.72111 4.59083 4.55037 4.48664 4.17495 4.15852 4.15852 4.15852 4.15852 4.15852 4.15041 3.91645 3.78724 3.76288 3.73846 3.71407 3.51925 3.45351 3.43193 3.29320 3.17606 3.12735 2.99289 2.81740 2.69683 2.64913 2.61458 2.58002 2.54547 2.51296 2.50555 2.33190 1.84522 1.65655 1.65506 1.64033 1.62242 1.60454 1.58581 1.56390 1.54567 1.43573 1.27364 1.25532 1.23708 1.21879 1.20044 1.50808 1.64866 1.64114 1.64114 1.64114 1.64114 1.64114
4.84722 5.02648 5.06325 5.10237 5.13148 5.13188 5.12006 4.99073 4.83110 4.67154 4.52953 4.50710 4.50710 4.54407 4.57885 4.50755 4.62707 4.17925 4.12175 4.10138 4.08109 4.06077 4.04045 4.02822 3.89833 3.60478 3.51708 3.39232 3.26194 3.04680 2.64617 2.68795 2.66226 2.62912 2.69896 2.66843 2.57528 2.47766 2.46277 2.44849 2.43418 2.41985 2.40558 2.39125 2.28294 1.79769 1.46147 1.44366 1.44053 1.44053 1.44053 1.43826 1.41956 1.41956 1.39606 1.18519 1.18413 1.18413 1.18413 1.18413 1.38354 1.65365 1.65204 1.68373 1.71590 1.74811 1.78027
4.77615 5.13187 5.12481 5.00429 4.84472 4.68510 4.53740 4.50710 4.50710 4.50710 4.49886 4.45205 4.40028 4.36249 4.37409 4.30272 4.56634 4.09153 3.99716 3.92979 3.86231 3.79478 3.70362 3.59495 3.47279 3.04421 3.00458 2.91421 2.82145 2.71425 2.57321 2.76509 2.79123 2.82624 2.56478 2.44094 2.42436 2.33276 2.33274 2.33274 2.33274 2.33274 2.33274 2.33274 2.31749 1.87954 1.46544 1.44053 1.44053 1.44053 1.44053 1.44053 1.42209 1.41956 1.41956 1.23086 1.18413 1.19102 1.22131 1.25348 1.36025 1.82418 1.84822 1.86799 1.88755 1.90717 1.92675
4.47137 4.69688 4.54621 4.50710 4.49110 4.44052 4.38878 4.33705 4.28527 4.23357 4.19004 4.18604 4.20611 4.23008 4.31438 4.01779 4.08920 3.87016 3.72225 3.69837 3.68629 3.62480 3.53005 3.45281 3.36579 2.90079 2.66604 2.65809 2.65809 2.65809 2.62243 2.88023 2.89323 2.89323 2.66633 2.43907 2.43907 2.34947 2.33274 2.33274 2.33274 2.33274 2.33274 2.33274 2.33274 2.04659 1.52945 1.44053 1.44053 1.44053 1.44053 1.44053 1.42298 1.37363 1.32056 1.26402 1.29369 1.31360 1.31013 1.30478 1.30379 1.88910 1.93829 1.90025 1.85639 1.81250 1.76871
4.11461 4.27971 4.27337 4.21215 4.16469 4.15447 4.16529 4.17962 4.19353 4.20702 4.22017 4.23215 4.22723 4.20528 4.22015 3.87906 3.68055 3.67699 3.49133 3.33242 3.22587 3.16896 3.16891 3.16891 3.16891 2.93596 2.65809 2.65809 2.65809 2.65809 2.60881 2.82795 2.89323 2.89323 2.77115 2.43907 2.43907 2.38093 2.33274 2.33274 2.33274 2.33274 2.33274 2.33274 2.33274 2.15668 1.65746 1.43281 1.39876 1.34565 1.29259 1.23952 1.18156 1.15830 1.15830 1.18932 1.30262 1.29636 1.28353 1.27068 1.25785 1.66390 1.78817 1.68025 1.68025 1.68025 1.68025
3.94973 4.06593 4.14925 4.17017 4.19394 4.21528 4.21886 4.21886 4.21632 4.19399 4.16568 4.12542 4.08291 4.05429 3.96253 3.51399 3.18067 3.30319 3.25731 3.16891 3.16891 3.12637 3.00963 2.88107 2.73959 2.65815 2.65809 2.65809 2.65809 2.65809 2.60963 2.76132 2.89323 2.89323 2.87006 2.44493 2.43907 2.41236 2.33274 2.33399 2.34309 2.35410 2.36585 2.36423 2.33305 2.19809 1.54338 1.20595 1.17927 1.17927 1.17927 1.17658 1.16055 1.13072 1.11789 1.10621 1.22414 1.22995 1.22995 1.22995 1.22995 1.48007 1.83952 1.68025 1.68025 1.68025 1.68025
4.08708 4.13413 4.21862 4.21886 4.20924 4.17989 4.13853 4.09601 4.05606 4.03589 4.02169 4.01946 4.01946 4.01946 4.00097 3.63917 3.15758 3.26341 3.14497 2.90031 2.75272 2.65925 2.65809 2.65809 2.65809 2.65809 2.65809 2.65809 2.65809 2.65809 2.65082 2.65421 2.89346 2.91047 2.93938 2.57193 2.49303 2.50809 2.40285 2.36608 2.31960 2.23242 2.11402 2.00296 1.91834 1.81670 1.59438 1.22178 1.14322 1.13039 1.11754 1.10740 1.10634 1.08671 1.08563 1.08563 1.17643 1.22995 1.22995 1.22995 1.22995 1.31118 1.87983 1.69559 1.68025 1.68370 1.69420
4.01555 4.10135 4.07166 4.06663 4.03375 4.02058 4.01946 4.01946 4.01946 4.02527 4.04752 4.07143 4.09594 4.10590 4.06917 3.72369 2.98483 2.82435 2.80575 2.70591 2.65809 2.65809 2.65809 2.65809 2.65809 2.65809 2.65710 2.65193 2.64630 2.64068 2.63505 2.57501 3.04042 3.11628 3.05352 2.57711 2.15485 1.97011 1.84383 1.76814 1.67437 1.67260 1.71490 1.75714 1.79937 1.84033 1.85203 1.35918 1.10660 1.10660 1.10660 1.10660 1.11377 1.10994 1.11191 1.12265 1.18184 1.28837 1.29907 1.30976 1.32052 1.33119 1.90612 1.87211 1.81358 1.82089 1.82107
3.88081 4.00403 4.01775 4.13349 4.15995 4.18704 4.21504 4.24391 4.27363 4.28510 4.22687 4.15686 4.07992 4.01661 4.01268 3.79249 3.12465 2.81861 2.81166 2.74902 2.65509 2.64946 2.64383 2.63820 2.63257 2.62694 2.62234 2.62215 2.63047 2.62755 2.56825 2.33438 2.39113 2.38647 2.27590 2.04042 1.58757 1.62982 1.71041 1.81980 1.86186 1.88993 1.91658 1.94307 1.96982 1.99643 2.02299 1.70965 1.27534 1.29474 1.31473 1.33467 1.34750 1.28669 1.22646 1.22646 1.23533 1.36817 1.37078 1.37078 1.37078 1.37078 1.76608 1.94592 1.82107 1.83386 1.86641
3.99119 4.13752 4.16643 4.29774 4.29774 4.28942 4.23281 4.16332 4.08705 4.01926 4.01268 4.01268 4.01268 4.01367 4.02755 3.95715 3.37594 2.83942 2.78959 2.75709 2.62328 2.62447 2.63560 2.64737 2.65805 2.61956 2.55469 2.48944 2.41445 2.33943 2.32368 2.17321 1.93016 2.30872 2.32456 2.23744 1.97284 1.99952 2.03438 2.15705 2.17344 2.17350 2.17350 2.17350 2.17350 2.17350 2.17350 1.97847 1.40777 1.34771 1.34771 1.34771 1.34771 1.31433 1.22646 1.22646 1.22646 1.33477 1.37078 1.37078 1.37947 1.41099 1.67027 2.10446 1.94809 1.95778 1.94813
4.01569 4.05861 4.16895 4.15720 4.09410 4.02261 4.01268 4.01534 4.03136 4.04921 4.06707 4.08491 4.10277 4.11963 4.12361 4.10233 3.60951 2.92120 2.80509 2.80183 2.66587 2.54915 2.45133 2.34889 2.24711 2.20361 2.18986 2.17558 2.16347 2.16777 2.16845 2.15813 1.54322 2.12226 2.12340 2.12340 2.07251 2.06806 2.06806 2.14952 2.17350 2.17350 2.17350 2.17350 2.17350 2.17350 2.17350 2.11852 1.50825 1.34771 1.34771 1.34771 1.34771 1.34078 1.22763 1.23811 1.33043 1.50040 1.61487 1.71593 1.80847 1.87802 1.96294 2.09988 1.91256 1.86049 1.85019
4.00343 3.92664 4.23286 4.05435 4.07086 4.08873 4.10638 4.10749 4.08596 4.03773 3.97794 3.91805 3.85828 3.79845 3.73863 3.69753 3.33408 2.72456 2.43504 2.38406 2.23625 2.14498 2.15411 2.16323 2.16843 2.16845 2.16845 2.16845 2.16845 2.16845 2.16845 2.16845 1.66319 2.02308 2.12340 2.12340 2.08252 2.06806 2.06806 2.11834 2.17350 2.17350 2.17350 2.17350 2.17350 2.17350 2.17350 2.17350 1.66617 1.35562 1.41654 1.54705 1.70658 1.86621 1.92641 2.05247 2.11967 2.10427 1.99981 1.98707 1.94560 1.88530 1.83072 1.85958 1.86056 1.89025 1.89420
4.00822 3.90171 4.11375 3.97390 3.86989 3.81007 3.75047 3.70474 3.66833 3.65668 3.65668 3.64469 3.57406 3.48845 3.35355 3.20992 3.02483 2.65357 2.36179 2.34215 2.31985 2.16845 2.16845 2.16845 2.16845 2.16845 2.16845 2.16845 2.16845 2.16845 2.16845 2.16845 1.81709 1.86520 2.12340 2.12340 2.09444 2.06806 2.06806 2.08720 2.17350 2.17350 2.17336 2.16712 2.15837 2.15039 2.18423 2.27391 2.32626 2.13129 2.21727 2.24643 2.24643 2.24643 2.16881 2.06197 1.99211 1.92930 1.78282 1.72835 1.70676 1.70645 1.70645 1.75754 1.82283 1.89420 1.89420
3.48947 3.28477 3.48809 3.76337 3.65668 3.65668 3.65668 3.61968 3.52843 3.38873 3.24428 3.11204 3.03826 2.97952 2.97010 2.97010 2.96386 2.78200 2.39459 2.33514 2.35197 2.19125 2.16845 2.16845 2.16845 2.16845 2.16845 2.16845 2.16845 2.16845 2.16845 2.16845 2.03848 1.61165 2.12340 2.12340 2.10592 2.06243 2.05863 2.05534 2.12857 2.14900 2.22727 2.31526 2.40650 2.49773 2.55243 2.55290 2.56761 2.31338 2.17595 2.12391 2.03373 1.96939 1.88015 1.80675 1.80675 1.80675 1.74812 1.70645 1.70645 1.70645 1.70645 1.73461 1.79899 1.89103 1.89420
3.29159 3.19137 3.22780 3.73710 3.42385 3.27950 3.13511 3.02779 2.97472 2.97010 2.97010 2.97010 2.97010 2.97010 2.97010 2.97010 2.97010 2.89436 2.44994 2.32898 2.35218 2.24597 2.16845 2.16845 2.16845 2.16845 2.16845 2.16845 2.16845 2.17191 2.22060 2.28332 2.34480 1.82695 2.08574 2.07825 2.07437 2.04413 2.03933 2.03567 2.29055 2.54523 2.55290 2.53765 2.47078 2.39970 2.33027 2.30141 2.29503 2.28659 2.24119 2.11621 1.90375 1.90375 1.89058 1.80675 1.80670 1.80407 1.77054 1.69555 1.69144 1.68732 1.68321 1.68519 1.76312 1.83200 1.85451
3.02152 2.76252 2.33709 3.08561 2.97756 2.97010 2.97010 2.97010 2.97010 2.97010 2.97010 2.97010 2.97010 2.97010 2.97010 2.97010 2.97010 2.92670 2.57359 2.34207 2.35108 2.30086 2.16845 2.18646 2.24737 2.31012 2.37276 2.43552 2.49819 2.55753 2.57151 2.52053 2.40643 1.98599 2.09370 2.05904 2.05422 2.03311 1.98256 1.91147 1.99466 2.29334 2.22433 2.21637 2.27248 2.33341 2.38829 2.40997 2.41889 2.43191 2.31026 2.28516 1.97702 1.98354 1.99238 1.78221 1.75419 1.75271 1.74895 1.65597 1.65242 1.65242 1.65242 1.65242 1.72370 1.78651 1.84017
2.73002 2.59064 2.33780 2.85959 3.03203 2.97010 2.97010 2.97010 2.97010 2.97010 2.97010 2.97010 2.97010 2.97010 2.97010 2.97010 2.97006 2.94522 2.67425 2.43204 2.56233 2.64083 2.53382 2.56966 2.56295 2.47338 2.35632 2.22875 2.08641 1.92905 1.75623 1.65635 1.65330 1.65625 1.88629 1.75447 1.65953 1.65089 1.71000 1.79039 1.90021 2.39569 2.46302 2.48269 2.49080 2.49221 2.49221 2.49221 2.49221 2.51345 2.38417 2.36571 2.09000 2.01221 2.01221 1.83524 1.75271 1.75271 1.75271 1.68140 1.65242 1.65242 1.65242 1.63519 1.62716 1.62781 1.65056
2.73095 2.63363 2.43539 2.59777 3.09464 2.97010 2.97010 2.97010 2.97010 2.97010 2.96958 2.96121 2.95016 2.93912 2.92809 2.91704 2.90605 2.90087 2.70177 2.33342 2.47098 2.38218 2.09695 1.86610 1.70093 1.66341 1.65851 1.65504 1.65687 1.65993 1.66299 1.66605 1.66859 1.66886 1.64085 1.64349 1.76037 1.90447 2.05822 2.07292 2.07292 2.36774 2.49221 2.49221 2.49221 2.49221 2.49221 2.49221 2.49221 2.50300 2.43024 2.36571 2.19943 2.01221 2.01221 1.89400 1.75271 1.75271 1.75093 1.67789 1.54514 1.50810 1.47095 1.45106 1.47035 1.46586 1.58404
2.73095 2.67767 2.53287 2.31973 3.14581 2.95890 2.94787 2.93681 2.92578 2.91473 2.90420 2.89260 2.79842 2.61664 2.42218 2.21347 1.98895 1.74673 1.49221 1.44564 1.78854 1.94249 1.83936 1.65787 1.66087 1.66393 1.66699 1.66884 1.66886 1.66886 1.67767 1.77601 1.88293 1.97576 2.04976 1.96987 1.96623 1.97291 2.07181 2.07292 2.07292 2.24371 2.49221 2.49221 2.49221 2.49221 2.49221 2.49221 2.49221 2.49358 2.47528 2.36571 2.30897 2.02414 2.03702 1.98761 1.79750 1.80752 1.81929 1.79601 1.51553 1.51580 1.55322 1.61787 1.68859 1.71645 1.82313
2.77776 2.78739 2.66610 2.41438 3.05551 2.82770 2.67269 2.48567 2.28521 2.07009 1.83862 1.59962 1.47589 1.47589 1.47736 1.48316 1.48947 1.49758 1.46645 1.39904 1.68087 1.96888 1.94425 1.67098 1.66886 1.66886 1.66886 1.66886 1.66886 1.66886 1.97212 2.06945 2.06945 2.06945 2.06949 1.99401 1.96623 1.96623 2.05581 2.07292 2.07292 2.12072 2.49129 2.49221 2.49221 2.49221 2.47697 2.43272 2.38772 2.33764 2.50592 2.45462 2.46279 2.16005 2.10455 2.09690 1.85210 1.84838 1.90358 1.97697 1.77420 1.79373 1.82973 1.83847 1.83883 1.80089 1.82441
2.83990 2.83880 2.71924 2.51255 2.27825 1.73321 1.47589 1.47589 1.47589 1.47592 1.47960 1.48610 1.49440 1.50288 1.50989 1.51258 1.51476 1.51513 1.50612 1.40523 1.58241 1.92348 1.97185 1.73382 1.66886 1.66886 1.66886 1.66886 1.66886 1.66886 1.86515 2.06945 2.06945 2.06945 2.06945 2.02121 1.96623 1.96623 2.03350 2.06796 2.02935 1.98441 2.28159 2.31376 2.26634 2.21108 2.17045 2.15887 2.14798 2.14222 2.37474 2.49397 2.46486 2.29127 2.19284 2.26626 2.13836 2.15032 2.16852 2.16758 1.98160 1.83418 1.83192 1.82980 1.82781 1.80563 1.79474
2.83880 2.83880 2.76315 2.61015 2.21838 1.78968 1.48279 1.49121 1.49970 1.50815 1.51296 1.51494 1.51513 1.51513 1.51513 1.51513 1.51513 1.51513 1.51513 1.42750 1.49107 1.86594 1.97185 1.82423 1.66886 1.66886 1.66886 1.66886 1.66886 1.66886 1.72593 2.06828 2.06945 2.06282 2.04917 1.99245 1.76307 1.70689 1.71836 1.78114 1.78742 1.80448 1.99993 2.15126 2.14281 2.14222 2.13993 2.12678 2.11214 2.09324 2.15066 2.45857 2.40704 2.38524 2.41613 2.39423 2.24283 2.12374 2.11275 2.10308 2.03086 1.82674 1.83293 1.84087 1.84885 1.84659 1.82473
2.83880 2.83336 2.79019 2.68170 2.35847 1.96333 1.51517 1.51513 1.51513 1.51513 1.51513 1.51513 1.51513 1.51513 1.51513 1.51513 1.51513 1.51513 1.51513 1.45878 1.41351 1.80052 1.97185 1.91470 1.66886 1.66886 1.66524 1.63179 1.58789 1.53859 1.48278 1.90558 1.97218 1.96160 1.96160 1.96635 1.64044 1.64246 1.68744 1.84734 1.85173 1.84378 1.89489 2.10505 2.09042 2.07100 2.02339 1.98137 1.94768 1.94352 1.96667 2.32363 2.22979 2.19974 2.22561 2.21393 2.18160 2.17312 2.18108 2.18903 2.19130 1.94529 1.93161 1.93161 1.93161 1.93047 1.89233
2.77670 2.76753 2.76684 2.69426 2.50611 2.06287 1.58890 1.51513 1.51513 1.51513 1.51513 1.51513 1.51513 1.51513 1.51513 1.51513 1.51513 1.51513 1.51513 1.49007 1.40328 1.64237 1.91305 1.88191 1.50103 1.38975 1.31998 1.30679 1.30679 1.30679 1.30995 1.71867 2.01522 2.04366 2.07208 2.09234 1.77709 1.64446 1.59739 1.72677 1.71226 1.68070 1.62815 1.85805 1.86590 1.85655 1.87505 1.89679 1.91130 1.90366 1.90342 2.13876 2.06735 2.06646 2.09943 2.12013 2.12836 2.20628 2.20635 2.20635 2.20635 2.02134 1.93161 1.93161 1.93161 1.93161 1.90035
2.76739 2.76739 2.76739 2.71647 2.59315 2.14972 1.72668 1.51513 1.51513 1.51513 1.51513 1.51513 1.51513 1.51513 1.51345 1.51040 1.50735 1.50429 1.50124 1.49677 1.39300 1.44332 1.72700 1.76127 1.49235 1.30679 1.30263 1.29815 1.29402 1.29020 1.28970 1.40162 1.81778 1.79010 1.76377 1.73735 1.49683 1.32337 1.34381 1.49791 1.58136 1.59912 1.64169 1.81575 1.90342 1.90342 1.90342 1.90342 1.90342 1.90342 1.90342 2.07857 2.08899 2.06646 2.08285 2.12013 2.12013 2.19490 2.20635 2.20635 2.20635 2.10221 1.92650 1.91726 1.89922 1.88098 1.84189
2.76739 2.76739 2.76739 2.73935 2.67214 2.24426 1.86453 1.51502 1.51276 1.50970 1.50665 1.50360 1.50054 1.49749 1.49612 1.49765 1.50360 1.50982 1.51603 1.52226 1.45517 1.44768 1.45176 1.31532 1.21204 1.08461 1.10062 1.11374 1.12681 1.13988 1.14843 1.14883 1.62034 1.67097 1.62479 1.57394 1.61420 1.47959 1.48118 1.55776 1.66136 1.66136 1.66136 1.74447 1.90342 1.90342 1.90342 1.90342 1.90342 1.90342 1.90342 1.97556 2.15349 2.06646 2.06844 2.11796 2.11787 2.17503 2.21162 2.21715 2.22270 2.18698 1.82651 1.81557 1.81373 1.78380 1.72427
2.76739 2.76146 2.68110 2.57294 2.39713 1.98677 1.53753 1.51242 1.51885 1.52506 1.53129 1.53749 1.54372 1.54993 1.55616 1.56084 1.56111 1.55875 1.55186 1.54774 1.51723 1.44072 1.44727 1.26332 1.27156 1.15373 1.14862 1.14862 1.14862 1.14862 1.14862 1.14862 1.37759 1.47934 1.47467 1.47467 1.58968 1.49942 1.48118 1.51617 1.66136 1.66136 1.66136 1.67719 1.89947 1.90342 1.90342 1.90342 1.90342 1.90728 1.93634 1.97182 2.17328 2.04035 2.04589 2.08827 2.11287 2.15196 2.20264 2.20264 2.19949 2.16552 1.78434 1.63220 1.55991 1.52479 1.50772
2.00975 1.86632 1.79671 1.74944 1.63987 1.48279 1.46960 1.54318 1.56111 1.56111 1.56111 1.56111 1.56091 1.55591 1.55413 1.57509 1.59873 1.62471 1.65525 1.68298 1.66598 1.47220 1.51189 1.28095 1.28095 1.18836 1.14862 1.14862 1.14862 1.14862 1.14862 1.14862 1.24186 1.47467 1.47467 1.47467 1.50334 1.56361 1.48118 1.48361 1.65235 1.66136 1.66160 1.68221 1.89858 1.99150 2.02512 2.06427 2.11661 2.16569 2.18957 2.20884 2.25058 2.06566 2.06275 2.07482 2.08609 2.05820 2.08488 2.03391 1.98275 1.97214 1.73551 1.50018 1.49024 1.47954 1.46796
