High_resolution/powerplant/Chizhou/OMI_NO2_200509.asc
ncols      200
nrows      200
xllcorner       115.585
yllcorner       28.7700
cellsize     0.0166667
NODATA_Value      -999.000
[rows 120 to 149 of 170, columns 66 to 131 of 200]
&! 7 7 7 7 s{5f Rn>dy`@q 6r` x` w0w ` `byXNq?` D nx\Jys`q Gr@E``fy #p #` n w }`yrip `u`Rtv=`my`x eqo`vA=F`tEn~| t{A`qo``sd`qT`oqva`wPbv`D) rQMt$``u.t`p_`v;&yG`*n6s`d@rq'tiZ``AteJ@E`$n0s$`$r2t ``kt``ov?s`nrt8`fsr*`'`qx`n}st`yr1AyI`T@`_y^`F`F cv_-xE`EenRxU`Ed`W]LsY<`RwK`Rwl y|c`zj#nl]vkq`hrLUyUS`HL`YZvX`NW`U1uMtU `rw` Q`<9v``t;xp`unx`r*[L6 i`p/J Ex`;<n/ot$ `27s< x$m`;?`)2p=2`&"6  c  #F Z  5y O O ^  w 0@  L Bq5sw`&l`%`b   w 9 K N/ 7 9 7 %$7 7 i )[ q dq`&z`,Qs>Tr$[N`=r r a` ";`p v}`i}`m=sesl`h,n{H@rp0`"rqU``XuJ`nwk`brj y-i` m`sHst`uN`xyxmTsy[`n nuxwz`o%r`Cp
 BJ Z`;N=nq`mqc%]ux`lW`zvyQ7`p`upns}_[`y nd2:tk [`o8qbt``qC`vpl rD 7`Hn] v\FW`Nq^BrGY`|yT`b1pf7`v`qFp}ro`nnxvy `v,`PX\pTP`H`I t]Tv\`Nn<s6`3]q^q`K`p~p9`<@`fut~`Jqi:r2``;ro`T6`>up`nsmw`[qr F``3r Jt*`snwj`D6qQ$rT6`TC`]ewXr`E`~(sh2y~&`_JnKt@2/`S2/q]!:rG#`S2/`S#!sF ;qS2/`S2>nAt@1`Pcq^ \rEGe`I`su{``^dcs[ vR,q`R,`nG<gpAq`R,q`C"drA;c`R,q`R=u r6-`6<n$;v6-`6-q#8p$-`pu` x(``]vLwn`qcq w~W`U6`GxB`U`M}pntu`q'nu` <q%tE`x`-"p#J2 `2n$Cv8= `&y3q)x#r5^S`%a X  4  = VW 7 "" h 1$   ' : w 0V x T_vSy La _ u2`6`xqUxh `i&nu;wj.`x3'qr$ql{`y;`fud`rt3`nxxfxRn`B(qDzq\W`J`Zu^`Q(`RxAxVb`Y@nDw_U'`s q}jpd`r`zHrxJ}W`~\nTsuPs`Q1Rq_rF`R`B]u`]`t@wjs?`knIwS`fq q.`"O`wp`dnMpee`NqtD,`v` p`I`vx|Hv2`1novP`|`ux"`:`4yqD6`D'nV/xJ]`LkqBrr_R`~&`o?sl2`T` y@ 8ty2/`S2/q]+<rD;`RQ-`@yHM`Q`QuCvS8`T &nGs`'qr=``]uK;dJR,q`R,`nE9eqA,q`R,qq\4bsG4q`R(\`vu``x"q`ln\ytl`$qqK`Yi`Dyxb ` n" rF6`Ucq[pA`Tl`k vee`u`` x Iq` n ]t,,` `(v*,`;2`; q&tt$`,$r%q>` {4  | K = 9 Fm 
C " 1 >y-/` )` Ay [t u`n nmrucf`tfqzwgp`tf`eh ygwJtf`EUnDCxLR`T\_rUs4U`Y`Y;wLmy`ny`rXv7`RS`nxymU`~`B vZrN`VEDnI}x(`d;`js=y`'`evsTD`n6r`j=r9wt``khp```6vwJ$` r5hx``D`8x``WsTwe`<np`rwxX`8`.^r(Jb`5nx `&yry`N`Z vXR`H`EJuVouD`e nw`rwpr``8x!s6`%n "r 6`6s u6`a_`qw=`d`chp]iuOG`RnCsJ^i`Z`IFtI @`[`^%vyVq.`)n7v`9r(t9`9`rF`]Z`]TqdqV`0s!Iwz` P`xyI`X`p ,v8` >n!w3H `# s-ou2G@`-`9i U5  G 4 & xF nP |^   'c y ) bP6 = 1 e c @` p1!w 1` "n1$t51` 1`"4gx1` kn` d[pDpi!`tf nevubf`tfszttdv`tf`ghug`|_`UgrOWyq8`svqe`^L`Ly`"`sRwr`S/nuL!-`AsLc6r^ `IY`EetH2FJ]`&nxg`isrC`8` t`#B`npdPxA`n !wE`Er-"y\`I`XxXqI`ns2`cqw0`=`*wQ```ivuk`Oxnv` `UAwK``Oup `n+rO`HqF=rW`s`n$tl8`pb`us16`6q"r 6`6` #t %`6`8v 'y6`'n 'wp`baqnp`(`RWxHU~J\e`_3np`qr_``bp+`9`7p/r9`(n+v9`9q@or/`]Z`_`prXB`Vnv`q HrJ`X`8p*=`/5`,p3ir#Y`#Pn4v<3`/ qK a[ pU 7 4 4$ %.sxP nP N
5wz``m!swvy`xyn t *~`Dqq`+` gw `(`3s:6 m8 -F # F F `!p1dw/AK`@?nv `Nqt+Y `g`Sy @J lG` lJnuMrl[` l[qBv}[` aD`$By2 i`6$n%r'`6q8v$`6`6s/q6 `6?n%"r$(`4 q7LZv `/`v/yP`Tx`qs>q=`qnrr`(`Qyg`s:`w`ty`Hnue`Xr w@O2`W`J*qLZ`\aO`]rLdGsw_`qPsIx`W`LJot`d)`yjx`IGn_&tO`q!yf%``yJ`.nu8F`qntn`9` x`Wt`FzutI=`s nXv`nq$yw`7`xEy8Q`4kn xI`{q.xv `Up`XvUd@`Q`UAarJ$w@!`pngy4xbI`z(`i/guh`r` vuMu ` xn q ` rWr U``un}``zv#u!E`CrWr,\k`=`us``s t`n 9u1`r y\` ` sJ ` n Ox -` r ^oqC``u|/to ` n s ` @r CxO`;|`*p7_t o#  ) >5  `$Vr`8w !`2`2t#:_yT.`n vp``wr ~x ` ` rt` l[` ~Ut zKw l[` l[ryOvu[`=n\`; Q D Ky2=`6n$y!`6s;r%`4"`'|t$#eJ:9a`?<nv `` Vsdnt~x`ou`U^btM Y`_2`as`pr`rn`ur`rsfpc`>`jtjq|<`nXq#`sPyKI`]`NpK`]`^7ExL^u``n7vN``M's``pxyg%`3=nv-`
0`<[`9<y.9v6A`:n fx6` `Ns C` W` ysverK`b<rm:up`d`x`wf[`r`r#sm#yM|`U Sn`sC`Or1s.`Y&` pFJo%`;nv6`roq~`E`sg``_t|y=`n&p!`rqv`Y`t?yE` nT+w`sgr~D``Gw(l`F`tw `9n*p8``s` `a.tHxW.y`VenBfsD`/sRpNm`YV`luj`xc;`vytd qC`a s s!Kd`0`9 u38/`'!N`'w4v'`39n.t%`'LG  `#`9|Et2dLJ*rU`*rGn!x &` rx` `y ` ` wepWC`'nK-r `Hskpv`4`U8qWp<`mn }xm`ms ~ru`m`cr |`` Cv Yvk`n)n$y/`8[`&Fby" `/*I`*Fp5hw7  @ $ ?r5`%`50p%bqD`=ps5\Iu)][`d`yv``yx )`e.nwGrqO` s*so``w Jv|`#kn cx `` sYt ,8`D`xW?`<`=wq)?p<<`YSn !uv`jseu~3`nh`n sz*to6`opn|s{`rEsvve `s7`etPO`ThZ`Ysv)`32nHp`}`-p`"`G{st`<pnaYr` sLsr``Qx``tv 3`sCpR```y2/`2`1wxF`!nr`&q=r.`{`[>tJ`nCr~s`WqCrHM`Vv`GctDe`Vv`TDu^nsH-`I`n\V/rj`jqr` #`us` n2r6 `% q+s5aO`'`6v1`.`7v.q,O  t5`*rU`;|Gs?dG`*rU`0inp,x ` nv ` qr `G` 2p``pp.`B)pMp$`4`=kp `(`}p}pm`n 9up ` ApPDp+y`0b `<p:J*so`*sn9p9 `)p$>p7U`&gn`7It#nd`o`?ypsy ` n!q;`.r; w.`k` wu r `^nxK`^q Mq^`^`MrG``V`d\svG|u`8`n}v`` 'qv9` u`NgsL$u`Tn vlun`/qsb``GqC```c qpqZiK`piKq~{^siyK`piK`agXqfp^`piK`pxEsaRup`w= nj-Qyci`ycqFvC`[`W`q4J`_n
u7 -w;,yf`* q%)y;,`&P`0GQ s 6 c s/ pn19y=-`%-q+?x2-`%-`4>w4;J%-`%<n6<t3-`%q3q!`2'5` ww#2`2]i`0"s%^;s2`1n?yr1"`!) q "X`))s>!t)8`)8n8-x;8`)8q')y8+`+p`=q!lU`H`Epo2{xw!l`w!}ngrur` [` x` Fk` gr#v [` hnu0` Gq5ur/c`23`?x<`/j` afqs'` Nq zr %`I(` tps``%r !t4`4n w Y`qqy` `H(u J Y`p?neNs^5`qt_`"`v `` wu`n,u`MxqCiqCh``t)s`nt`&HqsZ`_v`Ur ``s>p `n&qj`Z`aw`>`=Grvr`Ynvs`gqul``v`1`Das?r 7`q/x>`j`w* `Z`ZvD]uKo`~Eneers `Rqkv``qxJ?`8<n#z@p=:`-h /Ps As O` Uc As S} Ocp SN ((    [ Z<`!8r3b !Xz >Z /K &Z >Z  7q`%#u6?u%-`%<n0?t=-`%-`48r28`%-`%#u7wB`2x r:tq9QN`(x `1s3  ei   :`)8`;6p=.J)8`)8n>.u18`)8r' u8&`,`?zp]`H@`xfxfxvX`vEWn}#cp<` r.,tX`` ~` vpr`9 n#p A`.r u6`.`=u8`x`
 7 ^ M II' & B# 4  7<5 a  r<-t/ `/'n>zv6R`-r"!q3W`,)`"&v#`Eb`EppVu^N`vryy``by`p=tqP`M`zzpuK`Kns!i/`:p;q=r8`*`;r;@J(`*ns `uq r/`3}` bwrrk 6`mnzK2wu_ `mrc$ux5`m5`-r}"`d`d pxnx}!`|+jn]]w\m4`Rd[`LsI`^`^xJq^`^nFwK`^$&rUJryLm`W0`St[`|k`V vGQkw|`~r+q`w`py`e`wv?vZ `YnLv`dhs+Gt-W`(`('q3#J&2`8n>tb`\Xsc v``x`\`uxG`nur`sKqd9``Y+v[6q_`FnSsZ`V2sHuXxn` `,x:y!`9`=rAu`* n4A 9 Y $1 + x S y C XL  9 c= 9 BW k g H  $ N x  5  A9 C ] )w 6 z d rPn A uH 8A`0q= y.`.un?fq6u`.us ev=w'`-K` q]p`Eb`EswuS-?v@ `@nl xzi` ` ms`x`ycrF`
 Os  y S ) 5 ~ R R @ F R \K R A#bph`{n{q 5`s!y`@`q 6q `G`nZr 1`swBtzfuvY`` %``pr%`J`_q[vK`Knw}`i`tAr`s`}t ira_n`k Mn{q`X`r^]s}ql`v1{`dVs`Z`u]q`drqnw\)"`psj?u`-`@StD$`T7`G9r @/qT7`T$n E.pT7`T7sA.tM7`d`npmJ}/`vnX!#xR)`JV!s^r ``.t``^ssJuW"@`AHnh!poM`O"tr&`f`t%7u `bniqN_`_(tSqCsF`[ `Ov~wH`k `tTr`nQu``aqB`NJ`wCw]`Jqfn y `tre`fi` 2q]` J` Dt Sx7J`zt0r-z`, /x 8B .Z =T<C.Z dq  V p z v?J+`,n;p= `, r-st8` AA V XB2 A fg  nd (N Cu y3 q g   6   FR RJR R,
Lb B y3v`%t+t3N`&F`4[Jw?AJ`&U\`&GRx5@Hp (` (n;x ` ` s}` `%x`ta`Cn x X`$+rd2ut2`d U`^s` ` 8xJt#l` ]7rSu 4A```%hsc` ` x1t@:`7 n}Yx ``rnwv```rsyJ```n0Or'`YqgwV`SC`\r0`P`^v IrP`AnAy `q fqT`5J` avx=Xrdu` n|yim`wqrq[y`C`Qqqoq`~-G`~<Ivo<^r~-G`}Nnoyk`y`j1q\``v;r` nyN`wq`sw`m `KwHc`^u`@w~ p(`x qqasm`O#b`^v@y`[2}`[ Ss@rT``N Dn`sG`Kpqbs{L``ZpVJ "`fnN(x,Q`>F q=R ;`0KmV ; ] * ; { nyna3I ^w%&K`'yn5.u7`&q(Rt1q`$ Q`  N F 0 $ `$`9Sx9A`(;x`'v2{t&+`&In2}q5`% q+ St6F`( jJCZZ cih I x m v+w5Zr&X`&UMn3COs4}`%,q*w1`"s`3+w J ` yw`13n _r u` p :v``tt%`yq sw V`n]r ` 4`lt BtQ`-Cy=x`1^q s`j`{v`7 `q q```nqvq```quw```s Dx
Wp D ! A HI$ 35 & &> N .5 qHv:py%F`%Wn3Vu=F`%Fq+Vx2F`%F`7y5`2`7s*7p:`<n/q-l`;`-9x8JN`(:`(4r<#v(:`(+n9*s<:`)2q.w9` `1u2` `0y3v[O~`sqxxi5:`xp`k3qo`w{`qv~v ` $Hn vb`sq`v 7J``tEJ`?n(Ls*^`>^q0Fp,^``s ` :`wtj` In u `qNyg` b``vwjTtzr`{>nl&ux`mqr.yY+D`Q<`EAy@`C`@rj[v?`~n{]ypMx`gpi$vu?t`g* `w"trLtA` ky ow }`e[nvPrx`tpuXPvhO`y`htltV `~wnfri~`dppxvd!`I`qr`nv`/gqty`F`vXZOJTB`QOnWqs\`O#q kxE`i`sw`"`HtUpF`Wnhv>B gQqDr{ gQ ?(    O+ # Q  C v? ? ! kz` Y }j m j.HQ QF- P ^A = ( > & &Z `F s2V`%F`%Hq1pt)''`-Qn v"`6q:Mx%g`/`&pGJ[`cn,h(q, `< q>t1:`(:`9*y<(`(:`(4p1#r+[  SS jzH < pcw}}`@nSsP-`FqNLyP%^`w pxt{Uc`bh``qfwv`n
&h[ 5a N.uH=`P=q^+tH `O{G`_pGqDX$``uH$rVH`J8n_c:q]`LqA'rDy `WU`VwuDbtV1`FEnb#rz `a #qMtx`f"`yQl``.qpr ` qn y`b`uyq`e`ep~r{I`{_snkFvyi_t`}2qqtH`V_`@hey@I`SZ`CLpYzyjh`A qKuul`DS`^yH`Ymr`XpAguV `SnLPwBJ~`XLqPN w)`;`/q#IJ2T`2En*Ar2T`2Tq&Ev`Zc`YVp[I`E)`M.MsBBuU8i`Mn[I vWt`FtqHgwS``F_I`H/sRFtJ`UWnEu\{`H4,qK w2`?U`#vx?~ ` o o4 x K j~ Y + ! _  4 t Zct 7k 6 &Y 4 !n5  8 ;a $; kl / 0  f`"n19x6 `# s- %t6 `/`7 p.py(`Dnt`cs suc`c`svq`c`mpsjs{`np(*`0*`$>s9 * Md qU# *= p w BcXg] E Eq^ql `E#tKwr] `EW`QErHx`]`X tOpY`YgnB+qL `VuX~wO`WF`EyWJJ``n}sd_`v.tylmuo`r` 3 r ``uu sv ``
U W%g  w g`&gq%v-c`4r`%|y"c`4r`3u&v9 `=*Cnsuc`cq rr=``gw{Jh`nAyQ`<q>!p)/`"j    E E UE EWwP`G`Tn+r_`J`LqYwTtr`n>xtH\|`_YsKp `>`vr`i`pp`rfvP`y`P*yV`Ic`LqSqs`v+nh;sd'`qdQs}Dqbw,`o`kyVJG5&`L nJLqHs`<zts``-rQC`x`Fytv`3nHqHaE`t31x/`[D`[<xBtZ j`Ydn@tuA`!utw``u``` usZE`S/nFju] h`KJ`SxT`|4\`rkybrs ` nxd.`ht3u *` *` >u``^w  bu'``st c2v'`/TJ`< PK NK : $c $vzj^` J` Dr^` J` B@R,5      \ - j- j' ^({ `b tlqp`b `vrz> 1u z  ,w0wp&g`(n-`w$X`4r` |p&d`4r`3r/ u9`nHq `t [pd%`2;`!x8`/`;s;s*`0t>'y5 W x;1 [F M & V L ^p^5Pd$ QG~nFopG`WsW0yH`Z``IGsJO``-pru`n=x`>rer``L`fwNqU`Un]wC% `S% r[-pO9`V!`\
jm= y* y>`9 "L s ji  ? d y<@`$2`6Jq6u`"`"y2w"`"n:v;`# @ V (-d q q ; N O{Uv e l u  I_ b5 H5 F#u3``v<`{`SpDwp`zLnq"`sVq`}<`dsQJT`[n u`shp7`V`dsn^`F`s!r^`[nNcst`t=&q? `/6` y#QrS`Y:n5y`Nss``yw=``Nxu`Yn.pM`V`OasI`\l`VJxGypQz`NB.nTyT`LrXjpNao`^`Gx\`}`B!wQ7uh/`srhxu`f`tw~`f`fur\vo5`mnut"`Vr;et> `-`?w? [J-v`-On5*u?2`-s s;5`/ `2oQ Z0K3U o rgg s- iv ( D 1-Z ^  l : 0 + > .J &  $ *0 $ 6 7 $ $<$ Xb ^_   w8 h8 y* k$ }s
# `"x0q"`"n;s4_ 0 F 1d ; % % 7 = Q `e r | cr gO Z5 H5 ]# Q,`N`yt<qP`"YnQwqm`tw`t`x `q`qvD`Iuoxw6```r``y x{0`tnsM/`@t6jvy`{`yrJm` \n#{xZ`yttr `Z`/t``ps`  nuD`tbnp~`VK`t4q`5rwCx`FnWsR`FtI uR`H2`]VwQ`G@`Hl0p_sz$`rns q\h`j#`yI_p:` `[` u+xk`n V3q`ssK`) `!y^`!r2r `!r/w7} z}  + v  %4 5  w H5P BH P  Hs E` ]` SuMx $ , ,> >(/ ~F $ 3 k` Q+  &< *   K Jd [\ rpa
 md/ /27f  U 2 ?!5` \ k `$`;.mq?!`*(`*-y8Nx, }`, on5 ir4 }`, }r"hu:6 N~ ESE`,nEx4`s!t[``r x``wswf`qn9uL`/`/$q`k` -y is5`nsj`atr`Y `v0pz\``y=q9`(tyn``Zp`eJ`pDtU xz`Injss`suv``4>yJ`ynN@pm*T`yuEjy]`K`^wR`I`HKpPuF5`CnP!vR&`Iuuow`q` C` r v `&- 9 9 . 9 9 (( 9 0yg AI-j5 S5 %T w y g w cA  o3 z  " ]H   d~  " AL W}+ *  6 #1 5 vj  G ' 6 BsL7=  B  `!b
jq `)j`-[Cq%xzu3 G`3n%p-`*q%t=1 Y   n4qy2o :     =: v62`$}`#|x7;t q=`!q/$5  E Enq`qEpK`_`QvAJ` nx`q;p`:`Xtyeh`gnuy)`rv `h`\Au` `6y;MxN`nq`i'`p``p/~rT`nyp|`s4r4``t `:`Hpp~1w`KQsGqQTV`n9`g Vwf!`Cd`CwtRqsCd`Cdn[uwPd`CbsL=vj`!`\r4qnJzf`zn p `>"tlp#`"+I`2:u?C`0r`4t#CVp5fb`59n,Zx3  K t O n R6 z    D /q:`$/`$!w5>x# A V    A{snc nc ryc       Q j d  j }a 6i8   Dv9Yz`7L`#Gy/ZJ9%`9%n!7v>`-t# s9   n8Wu8 ~ f nv
t6`.`/ c Ly:d`-eq"v`*`w vn ``*Pq*Gq;^`;^q*Ir(^`s`Nhwx``2rv 7`n%yJl` Zq1wT`q`r/J`Rn]qW`q_w`<`w>``xYtE`nXqL|`X) qYpE`Sd `RxDtR`L-n[qW `A_q?tc `r`c x}Pr``Bq`f'3yCvoU`oUnvGp}`oU`~[yxE`o`op~vFh`lKrgxvYi`8d`!<y8&`)9n            V 5          ` E`%lL "n y y $ ; 1   nc `7  g wW '6 3 ) \ K =@    S`47 y, w vN`7Gt9=v.s`4]t`?;p<x`)r u 0Z w#>N  S cK ($5 }5& 1 ge c{
vs f f v  f )F  Q :q&#yr:`-`-s9w.r`2ken!p93 2h! V `8`*qv=`Wn_p ``Uq `` ory0vd`a nsh` qx>O`5C`s`3 `)Kspd`Zlq9q``7w``Jr]rD`gnr`qvw`\`D_wG]JU'\`RnCpA`Rq\rWof`BK*`Pwj`m0`jqus` un ]p&` jq$r` SH` q s ` n   p`q!x $` Z`+z '     x `%p;faw+`*`&n9I-x1 H`%eq+7y<`$z`6jr49`%<`%y\p1[p + A i i  ] )8 6 jJ O;x5n ny n ) W R E W x xj! d( d( }> w( d( j8w9 d( w&r? d( d; 7
0.451012 0.451012 0.451012 0.451012 0.451012 0.453446 0.926611 0.881863 0.914534 1.06576 1.05447 1.09036 1.12308 1.15070 1.28087 1.31088 1.33953 1.36248 1.37120 1.37120 1.37183 1.39208 1.42364 1.45797 1.49538 1.55747 1.34750 1.30234 1.26592 1.26592 1.19687 1.17329 1.17673 1.18036 1.18420 1.18823 1.19249 1.19698 1.20174 1.20678 1.21213 1.46656 1.55948 1.55948 1.69886 2.29844 2.34147 2.12545 2.10863 2.10863 2.10863 2.10852 2.10142 2.07453 2.04820 2.02487 2.02470 2.03377 2.48466 3.17301 3.38385 3.40662 3.40575 3.41800 3.43122 3.44435
0.509763 0.533873 0.558006 0.598857 0.723497 0.845011 1.18197 1.19173 1.19477 1.21929 1.24218 1.24082 1.25839 1.25839 1.35734 1.37120 1.37466 1.40074 1.43304 1.46819 1.50571 1.52099 1.53046 1.54030 1.55013 1.58717 1.47863 1.38686 1.35737 1.36706 1.30780 1.21827 1.21832 1.21832 1.21832 1.20639 1.18480 1.16229 1.13877 1.11405 1.08808 1.25173 1.43774 1.41808 1.45414 2.20147 2.26749 2.08249 2.02169 1.99812 1.97585 1.95333 1.93519 1.93119 1.92850 1.92807 1.93447 1.97141 2.36225 3.49250 3.63105 3.62121 3.57723 3.56372 3.56372 3.56372
1.05416 1.12132 1.18186 1.22958 1.23559 1.23559 1.33728 1.34550 1.26327 1.25387 1.24686 1.23858 1.26576 1.29115 1.41423 1.51657 1.56233 1.57778 1.58762 1.59730 1.60570 1.61125 1.60990 1.60818 1.60645 1.60948 1.51437 1.31142 1.25708 1.22407 1.14555 0.866829 0.827848 0.786602 0.742818 0.723025 0.723025 0.723025 0.723025 0.723025 0.723025 0.842005 1.23477 1.23477 1.24592 1.77773 1.98474 1.95355 1.93245 1.92954 1.92807 1.92807 1.92564 1.91357 1.90059 1.88758 1.87471 1.95867 2.37204 3.44341 3.64725 3.69175 3.65699 3.63903 3.65261 3.66605
1.23559 1.23559 1.23563 1.23588 1.23615 1.23641 1.29372 1.39367 1.27518 1.29861 1.30701 1.33033 1.36373 1.37004 1.46015 1.59700 1.59528 1.59356 1.59183 1.59026 1.58998 1.58998 1.58998 1.58998 1.58998 1.58270 1.48627 1.17231 1.14355 1.11245 1.10086 0.733389 0.723025 0.723025 0.723025 0.723025 0.723025 0.723025 0.723025 0.723025 0.723025 0.734847 1.21399 1.23477 1.23024 1.56106 1.94784 1.91686 1.87428 1.86127 1.84830 1.83524 1.82493 1.82506 1.82616 1.82722 1.82823 1.91154 2.77616 3.57911 3.70647 3.77633 3.73201 3.67311 3.66093 3.63983
1.23754 1.23780 1.23802 1.23804 1.23804 1.23804 1.24716 1.38925 1.39095 1.39008 1.34810 1.34560 1.34408 1.35957 1.39637 1.58998 1.58998 1.58998 1.58998 1.58998 1.58998 1.58998 1.58998 1.58998 1.58998 1.58991 1.53185 1.22462 1.15768 1.11245 1.11245 0.834086 0.723025 0.723025 0.723025 0.723025 0.723645 0.730119 0.738040 0.745954 0.753863 0.762644 1.01490 1.09139 1.09036 1.33295 1.84143 1.84946 1.83150 1.83206 1.83289 1.83368 1.83425 1.83427 1.83427 1.83427 1.83427 1.87862 2.88489 3.45599 3.65093 3.69770 3.65446 3.58616 3.56295 3.56697
1.23804 1.23804 1.23804 1.23804 1.23804 1.23804 1.23804 1.36753 1.39095 1.39095 1.35882 1.34573 1.34115 1.35957 1.36035 1.57092 1.58998 1.58998 1.58998 1.58998 1.58998 1.58998 1.59857 1.61702 1.63711 1.65907 1.64922 1.34668 1.17030 1.11702 1.12080 0.959269 0.757856 0.771570 0.786921 0.804100 0.822729 0.835369 0.847682 0.861995 0.878802 0.894660 1.13055 1.38025 1.38025 1.45062 1.79765 1.85333 1.83762 1.83427 1.83427 1.83427 1.83427 1.83427 1.83427 1.83427 1.83467 1.86457 3.48075 3.49029 3.75835 3.58941 3.57323 3.56272 3.59060 3.60032
1.23804 1.23804 1.23804 1.23804 1.23804 1.23804 1.23804 1.33728 1.39095 1.39095 1.37161 1.34573 1.33836 1.35957 1.35957 1.51669 1.58998 1.59857 1.61702 1.63711 1.65907 1.67964 1.70881 1.72900 1.74912 1.76931 1.78135 1.51670 1.04015 1.24744 1.37920 1.29980 0.896110 0.896110 0.896110 0.896110 0.896110 0.896110 0.896110 0.896110 0.896110 0.896110 1.00988 1.38025 1.38025 1.39210 1.72012 1.81566 1.84088 1.89474 1.91023 1.92568 1.94115 1.95664 1.97210 1.98757 2.00266 2.00873 3.64232 3.24301 3.91749 3.56103 3.56068 3.47775 3.48609 3.45018
1.23804 1.23804 1.23804 1.23804 1.23804 1.23804 1.23804 1.30294 1.39095 1.39095 1.38588 1.34717 1.34974 1.33958 1.34503 1.49066 1.68277 1.71596 1.73616 1.75631 1.77645 1.80026 1.80420 1.80420 1.80420 1.80420 1.80113 1.68721 0.989777 1.16551 1.39370 1.37184 0.898889 0.896110 0.896110 0.896148 0.896299 0.896434 0.896549 0.896649 0.896736 0.896812 0.903831 1.15827 1.15497 1.14272 1.47271 1.66226 1.77356 2.00733 2.00733 2.00733 2.00733 2.00733 2.00733 2.00872 2.02608 2.04571 3.95624 3.23379 3.81135 3.33505 3.33785 3.11506 3.14979 3.14946
1.23804 1.23804 1.24150 1.24859 1.25568 1.26277 1.26968 1.28364 1.38975 1.37290 1.35611 1.33415 1.31570 1.51082 1.51616 1.57498 1.80420 1.80420 1.80420 1.80420 1.80420 1.80420 1.80420 1.80420 1.80420 1.80328 1.79861 1.77690 1.07142 1.05271 1.34890 1.34021 0.971965 0.896964 0.897016 0.897053 0.897056 0.897056 0.897056 0.897056 0.897056 0.897056 0.897056 1.07558 1.13913 1.13913 1.35466 1.53725 1.55280 1.85723 1.86340 1.86960 1.87564 1.88180 1.88794 1.89259 1.88146 1.86784 4.26746 3.30954 3.22926 2.80869 2.87227 2.75808 2.77537 2.84713
1.27932 1.24878 1.22285 1.19330 1.16381 1.13426 1.10490 1.09348 1.26870 1.28238 1.28238 1.28238 1.28238 1.46959 1.51618 1.52085 1.78639 1.79572 1.79138 1.78703 1.78268 1.77833 1.77398 1.76964 1.76521 1.76057 1.75869 1.73750 1.23428 0.950874 1.30494 1.30848 1.05792 0.897056 0.897056 0.897056 0.897056 0.897056 0.897056 0.897056 0.897056 0.897056 0.897056 1.01506 1.13913 1.13913 1.30362 1.48596 1.50185 1.77990 1.85983 1.86610 1.86610 1.86610 1.86610 1.86610 1.88188 1.91542 4.26746 3.47953 3.23363 2.85670 2.86886 2.80804 2.71229 2.83686
1.12814 1.09328 1.09328 1.09328 1.09328 1.09328 1.09473 1.10034 1.24386 1.29647 1.29870 1.29391 1.28843 1.41541 1.52898 1.52725 1.68813 1.74900 1.74695 1.74483 1.74260 1.74029 1.73787 1.73534 1.73284 1.73222 1.73222 1.73222 1.43569 0.932957 1.21893 1.30848 1.15507 0.897056 0.897056 0.897056 0.897056 0.897056 0.897056 0.897056 0.897056 0.897056 0.897056 0.955001 1.13553 1.12983 1.17549 1.46356 1.46138 1.66731 1.89818 1.98288 2.01644 2.05000 2.08356 2.11683 2.13348 2.12095 4.26746 3.67779 3.17011 2.88237 2.84294 2.83730 2.65477 2.81808
1.15383 1.11704 1.12170 1.12613 1.13039 1.13447 1.13800 1.14477 1.16839 1.18469 1.16102 1.14779 1.14779 1.21703 1.47477 1.45952 1.59222 1.73222 1.73222 1.73222 1.73222 1.73222 1.73222 1.73222 1.73222 1.73222 1.73222 1.73222 1.63711 0.933037 1.11729 1.30848 1.25229 0.897056 0.897056 0.897056 0.897056 0.897056 0.897056 0.899079 0.916232 0.935471 0.951497 0.969418 1.34831 1.42916 1.51718 1.64723 1.63111 1.72998 1.94973 2.04037 2.02480 2.00924 1.99363 1.97805 1.96357 1.96055 0.00000 3.99179 3.16037 3.02735 2.89168 2.95045 2.82895 2.93085
