High_resolution/powerplant/Chizhou/OMI_NO2_200602.asc
ncols      200
nrows      200
xllcorner       115.585
yllcorner       28.7700
cellsize     0.0166667
NODATA_Value      -999.000
[rows 120 to 149 of 165, columns 132 to 197 of 200]
1.53296 1.54570 1.68078 1.70446 1.43068 1.63577 1.38308 1.09503 1.09503 1.10906 1.16838 1.23127 1.29416 1.35704 1.41993 0.00000 0.00000 1.89938 1.89938 1.89938 1.89938 1.89938 1.89938 1.89938 1.89938 1.89938 1.89938 1.89938 1.89938 1.89938 1.89938 1.89938 1.89938 0.00000 0.00000 0.00000 9.60617 9.60617 9.60617 9.60617 9.60617 9.60617 9.60617 9.60617 9.60617 9.60617 9.60617 9.60617 9.60521 9.32978 8.84319 6.26340 5.26683 5.06148 4.85655 4.66006 4.60918 4.60918 4.60918 4.60918 4.60918 4.60918 4.60918 4.60918 4.60918 4.60918
1.58424 1.58585 1.67151 1.72871 1.71851 1.96961 1.95799 1.69443 1.76641 1.82565 1.83468 1.83986 1.84520 1.85071 1.85644 0.00000 0.00000 1.89938 1.89938 1.89938 1.89938 1.89938 1.89938 1.89938 1.89938 1.89938 1.89938 1.89938 1.89938 1.89938 1.89938 1.89938 1.89938 0.00000 0.00000 0.00000 9.60617 9.60617 9.60617 9.60617 9.60617 9.60617 9.48767 9.02240 8.53581 8.04857 7.56166 7.07474 6.58912 6.37731 6.37731 5.56868 4.60918 4.60918 4.60918 4.60918 4.60918 4.60918 4.60918 4.60918 4.60918 4.60918 4.60918 4.60918 4.60918 4.60918
1.81934 1.83370 1.85691 1.89433 1.96225 2.21973 2.29812 1.93513 1.88446 1.88446 1.88446 1.88446 1.88446 1.88446 1.88446 0.00000 0.00000 1.89938 1.89938 1.89938 1.89938 1.89938 1.89938 1.89938 1.89938 1.89938 1.89938 1.89938 1.89938 1.89938 0.00000 0.00000 0.00000 0.00000 0.00000 13.1366 11.0152 8.71533 8.22809 7.74150 7.25459 6.76768 6.39926 6.37731 6.37731 6.37731 6.37731 6.37731 6.37731 6.37731 6.37731 6.02651 4.60918 4.60918 4.60918 4.60918 4.60918 4.60918 4.60918 4.60918 4.60918 4.60918 4.60918 4.60918 4.60918 4.60918
1.83604 1.83604 1.84045 1.89380 1.91175 2.15722 2.36369 2.00328 1.88446 1.88446 1.86285 1.80971 1.75632 1.70293 1.64984 0.00000 0.00000 1.89938 1.89938 1.89938 1.89938 1.89938 0.00000 0.00000 0.00000 0.00000 0.00000 0.00000 0.00000 13.1366 13.1366 13.1366 13.1366 13.1366 13.1366 13.1366 13.1312 7.13541 6.37731 6.37731 6.37731 6.37731 6.37731 6.37731 6.37731 6.37731 6.37731 6.37731 6.37731 6.37731 6.37731 6.36122 4.73261 4.60918 4.60918 4.60918 4.60918 4.60918 4.60918 4.60918 4.60918 4.60918 4.60918 4.60918 4.60918 4.60918
1.83604 1.83604 1.83604 1.83938 1.79784 1.96241 2.21309 1.86517 1.54275 1.48936 1.45758 1.45733 1.45733 1.45733 1.45733 0.00000 0.00000 0.00000 0.00000 0.00000 0.00000 0.00000 13.1366 13.1366 13.1366 13.1366 13.1366 13.1366 13.1366 13.1366 13.1366 13.1366 13.1366 13.1366 13.1366 13.1366 13.1366 8.90951 6.37731 6.37731 6.37731 6.37731 6.37731 6.37731 6.37731 6.37731 6.37731 6.37731 6.37731 6.37731 6.37731 6.37731 5.17439 4.60918 4.60918 4.60918 4.60918 4.60918 4.60918 4.60918 4.60918 4.60918 4.60918 4.60918 4.60918 4.60918
1.71746 1.67313 1.62565 1.42885 1.29850 1.50332 1.78808 1.61027 1.45733 1.45733 1.45733 1.45733 1.45733 1.45733 1.45733 0.00000 0.00000 0.00000 0.00000 0.00000 0.00000 0.00000 13.1366 13.1366 13.1366 13.1366 13.1366 13.1366 13.1366 13.1366 13.1366 13.1366 13.1366 13.1366 13.1366 13.1366 13.1366 10.6899 6.37731 6.37731 6.37731 6.37731 6.37731 6.37731 6.37731 6.37731 6.37731 6.37731 6.37731 6.37731 6.37731 6.37731 5.63239 4.60918 4.60918 4.60918 4.60918 4.60918 4.60918 4.60918 4.60918 4.60918 4.60918 4.60918 4.60918 4.60863
1.29363 1.29363 1.29363 1.22813 1.12501 1.31433 1.68602 1.68318 1.45735 1.47873 1.52125 1.56894 1.62261 1.68356 1.75341 0.00000 0.00000 0.00000 0.00000 0.00000 0.00000 0.00000 13.1366 13.1366 13.1366 13.1366 13.1366 13.1366 13.1366 13.1366 13.1366 13.1366 13.1366 13.1366 13.1366 13.1366 13.1366 12.4550 6.39083 6.37731 6.37731 6.37731 6.37731 6.37731 6.37731 6.37731 6.37731 6.37731 6.37731 6.37731 6.37731 6.37731 6.09049 4.60918 4.60918 4.60918 4.60918 4.60918 4.60918 4.52465 4.32569 4.12645 3.92694 3.72752 3.52820 3.32910
1.29363 1.29363 1.29236 1.25080 1.06380 1.11264 1.62072 1.80165 1.78680 1.82440 1.82440 1.82440 1.82440 1.82102 1.78165 0.00000 0.00000 0.00000 0.00000 0.00000 0.00000 0.00000 0.00000 13.1366 13.1366 13.1366 13.1366 13.1366 13.1366 13.1366 13.1366 13.1366 13.1366 13.1366 13.1366 13.1366 13.1366 13.1366 7.48571 6.37731 6.37731 6.37731 6.37731 6.37731 6.37731 6.37731 6.37731 6.37731 6.37731 6.37731 6.37731 6.37731 6.37787 4.56995 4.15690 3.95712 3.75802 3.55851 3.35914 3.24416 3.24362 3.24362 3.24362 3.24362 3.24362 3.24362
1.09498 1.01120 0.907281 0.900073 0.873485 0.883815 1.32793 1.52180 1.43953 1.34660 1.24029 1.11851 0.976264 0.822245 0.787790 0.00000 0.00000 0.00000 0.00000 0.00000 0.00000 0.00000 0.00000 13.1366 13.1366 13.1366 13.1366 13.1366 13.1366 13.1366 13.1366 13.1366 13.1366 13.0144 12.3643 13.1366 13.1366 13.1366 9.26594 6.37731 6.37731 6.37731 6.37731 6.37731 6.37731 6.37829 6.39078 6.40658 6.42236 6.43816 6.45393 6.46971 6.48123 4.39887 3.24362 3.24362 3.24362 3.24362 3.24362 3.24362 3.24362 3.24362 3.24362 3.24362 3.24362 3.24362
1.14177 1.16674 1.18999 1.20836 1.08645 1.02813 0.910978 0.787790 0.787790 0.787790 0.787790 0.787790 0.787790 0.787790 0.787790 0.00000 0.00000 0.00000 0.00000 0.00000 0.00000 0.00000 0.00000 13.1366 13.1366 13.0202 11.9485 10.8722 10.0005 9.27601 8.66469 8.14043 7.68722 7.32173 7.67068 13.1366 13.1366 13.1366 11.0456 6.38476 6.40054 6.41632 6.43210 6.44789 6.46368 6.47848 6.48177 6.48177 6.48177 6.48177 6.48177 6.48177 6.48177 5.24168 3.24362 3.24362 3.24362 3.24362 3.24362 3.24362 3.24362 3.24362 3.24362 3.24362 3.24362 3.24362
1.28403 1.28403 1.28403 1.28403 1.17099 1.03591 0.967409 0.787790 0.787790 0.787790 0.787790 0.787790 0.787790 0.788531 0.803635 0.00000 0.00000 0.00000 0.00000 1.37786 1.37786 1.37786 1.37786 2.15225 7.63640 7.32384 7.25724 7.25724 7.25724 7.25724 7.25724 7.25724 7.25439 7.22151 7.18083 11.7008 12.8196 12.7376 12.2836 6.56453 6.48177 6.48177 6.48177 6.48177 6.48177 6.48177 6.48177 6.48177 6.48177 6.48177 6.48177 6.48177 6.48177 6.08449 3.24394 3.24362 3.24362 3.24362 3.24362 3.24362 3.24362 3.24362 3.24362 3.24362 3.24362 3.24362
1.28403 1.28403 1.28403 1.28403 1.25691 1.03786 1.01713 0.823987 0.844553 0.865120 0.885686 0.906252 0.926934 0.946842 0.952321 0.00000 0.00000 0.00000 0.00000 1.37786 1.37786 1.37786 1.37786 1.37786 6.48386 7.25724 7.24512 7.20531 7.16437 7.12340 7.08254 7.04157 7.00348 6.99547 6.99547 9.61664 12.6131 12.6131 12.6131 7.80022 6.48177 6.48177 6.48177 6.48177 6.48177 6.48177 6.48177 6.48177 6.48177 6.48177 6.48177 6.48177 6.48177 6.48177 3.69011 3.24362 3.24362 3.24362 3.24362 3.24362 3.24362 3.24362 3.24362 3.24362 3.24362 3.24362
1.28403 1.28403 1.28403 1.28403 1.28403 1.13470 1.11696 0.967695 0.952321 0.952321 0.952321 0.952321 0.952321 0.952321 0.952321 0.00000 0.00000 0.00000 0.00000 0.00000 2.18287 2.72974 3.35960 3.85993 5.78309 7.02542 6.99655 6.99547 6.99547 6.99547 6.99547 6.99547 6.99547 6.99547 6.99547 8.35106 12.6131 12.6131 12.6131 9.40491 6.48177 6.48177 6.48177 6.48177 6.48177 6.48177 6.48177 6.48177 6.48177 6.48177 6.48177 6.48177 6.48177 6.48177 4.53305 3.24362 3.24362 3.24362 3.24362 3.24362 3.24362 3.24362 3.24362 3.24362 3.24362 3.24362
1.28403 1.28403 1.28403 1.28403 1.28403 1.16677 1.11818 1.02233 0.952321 0.952321 0.952321 0.952321 0.952321 0.952321 0.952321 8.22515 8.22515 8.22515 8.22515 8.22515 6.32175 4.80151 4.80151 4.80151 5.32448 6.99547 6.99547 6.99547 6.99547 6.99547 6.99547 6.99547 6.99547 6.99547 6.99547 7.42188 12.6131 12.6131 12.6131 11.0090 6.48177 6.48177 6.48177 6.48177 6.48177 6.48177 6.48177 6.48177 6.48177 6.48177 6.48177 6.48177 6.48177 6.48177 5.37605 3.24362 3.24362 3.24362 3.24362 3.24362 3.24362 3.24362 3.25424 3.31840 3.39009 3.46169
1.28403 1.28403 1.28403 1.28403 1.28403 1.20797 1.12086 1.08021 1.01967 1.02713 0.952321 0.952321 0.952321 0.952321 0.952321 8.22515 8.22515 8.22515 8.22515 8.22515 7.40170 4.80151 4.80151 4.80151 4.84873 6.89323 6.99547 6.99547 6.99547 6.99547 6.99547 6.99547 6.99547 6.99547 6.99547 6.99716 11.5271 12.6131 12.6131 12.4132 6.68286 6.48177 6.48177 6.48177 6.48177 6.48177 6.48177 6.48177 6.48177 6.48177 6.48177 6.48177 6.48177 6.48177 6.20458 3.26375 3.30684 3.37844 3.45008 3.52173 3.59332 3.66492 3.72594 3.73334 3.73334 3.73334
1.27387 1.26275 1.25413 1.24724 1.24161 1.22838 1.14137 1.12115 1.06907 1.06855 0.968186 0.952321 0.952321 0.952321 0.952321 8.22515 8.22515 8.22515 8.22515 8.22515 8.22310 5.00614 4.80151 4.80151 4.80151 6.36189 6.99547 6.99547 6.99547 6.99547 6.99547 6.99547 6.99547 6.99547 6.99547 6.99547 9.67627 12.6131 12.6131 12.6131 8.08801 6.48177 6.48177 6.48177 6.48177 6.48177 6.48177 6.48177 6.48177 6.45701 6.40873 6.36048 6.31220 6.26395 6.21570 4.15743 3.73334 3.73334 3.73334 3.73334 3.73334 3.73334 3.73334 3.73334 3.73334 3.73334
1.16504 1.14758 1.13017 1.11270 1.09526 1.07782 1.02955 1.02135 1.06795 1.06907 1.01014 0.952321 0.952321 0.952321 0.952321 8.22515 8.22515 8.22515 8.22515 8.22515 8.22515 5.55763 4.80151 4.80151 4.80151 5.78428 6.99547 6.99547 6.99547 6.99897 7.01050 7.02231 7.03417 7.04609 7.05792 7.06974 8.45991 12.6131 12.6131 12.6131 9.69242 6.48177 6.47232 6.42739 6.37914 6.33090 6.28261 6.23440 6.18612 6.16266 6.16266 6.16266 6.16266 6.16266 6.16266 4.79231 3.73334 3.73334 3.73334 3.73334 3.73334 3.73334 3.73334 3.73334 3.73334 3.73334
1.05350 1.05350 1.05350 1.05350 1.05350 1.05350 1.03167 1.01977 1.05554 1.06907 1.03932 0.952321 0.952321 0.952321 0.952321 8.22515 8.22515 8.22515 8.22515 8.22515 8.22515 6.26241 4.81642 4.82823 4.84007 5.25652 7.05780 7.06962 7.08145 7.08977 7.09008 7.09008 7.09008 7.09008 7.09008 7.08843 7.28025 12.6131 12.6131 12.6131 9.42294 6.20481 6.16601 6.16266 6.16266 6.16266 6.16266 6.16266 6.16266 6.16266 6.16266 6.16266 6.16266 6.16266 6.16266 5.41822 3.73334 3.73334 3.73334 3.73334 3.73334 3.73334 3.73334 3.73334 3.73334 3.73334
1.05350 1.05350 1.05350 1.05350 1.05350 1.05350 1.04021 1.01977 1.04266 1.07053 1.06907 0.952321 0.952321 0.952321 0.952321 6.97133 6.48780 6.08817 5.75209 5.46614 5.21917 5.03755 4.89612 4.89612 4.89612 4.90736 6.90491 7.09008 7.09008 7.03260 6.61634 6.06226 5.39536 4.57788 3.55081 2.22955 1.56708 1.56708 0.00000 0.00000 6.16266 6.16266 6.16266 6.16266 6.16266 6.16266 6.16266 6.16266 6.16266 6.16266 6.16266 6.16266 6.16266 6.16266 6.16266 6.01376 3.76346 3.73334 3.73334 3.73334 3.73334 3.73334 3.73334 3.73334 3.73334 3.73334
1.05350 1.05350 1.05350 1.05350 1.05350 1.05495 1.07601 1.09240 1.15875 1.32954 1.35840 1.41337 0.00000 0.00000 0.00000 5.05291 5.05291 5.05291 5.05291 5.05291 5.05291 5.05282 4.91273 4.86263 4.76431 4.66439 4.92251 4.17651 3.03784 1.76559 1.56708 1.56708 1.56708 1.56708 1.56708 1.56708 1.56708 1.56708 0.00000 0.00000 0.00000 6.16266 6.16266 6.16266 6.16266 6.16266 6.16266 6.16266 6.16266 6.16266 6.16266 6.16266 6.16266 6.16266 6.16266 6.16266 4.24048 3.73334 3.73334 3.73334 3.73334 3.73334 3.73334 3.73334 3.73334 3.73334
1.18928 1.20938 1.22809 1.24542 1.26167 1.27619 1.27980 1.27980 1.29206 1.45892 1.45911 1.44416 0.00000 0.00000 0.00000 5.05291 5.05291 5.00178 4.90185 4.80181 4.70189 4.60184 4.40054 4.27870 4.27703 4.27703 3.61241 1.56708 1.56708 1.56708 1.56708 1.56708 1.56708 1.56708 1.56708 1.56708 1.56708 1.56708 0.00000 0.00000 0.00000 6.16266 6.16266 6.16266 6.16266 6.16266 6.16266 6.16266 6.16266 6.16266 6.16266 6.16266 6.16266 6.16266 6.16266 6.16266 4.86613 3.73334 3.73334 3.73334 3.73334 3.73334 3.73334 3.73334 3.73334 3.73284
1.28069 1.28169 1.28269 1.28365 1.28460 1.28552 1.28643 1.28731 1.28747 1.43081 1.48395 1.49232 0.00000 0.00000 0.00000 4.58259 4.48267 4.43382 4.43382 4.43382 4.43382 4.43382 4.37132 4.27703 4.27703 4.27703 4.08786 1.56708 1.56708 1.56708 1.56708 1.56708 1.56708 1.56708 1.56708 1.56708 1.56708 1.56708 0.00000 0.00000 0.00000 6.16266 6.16266 6.16266 6.16266 6.16266 6.16266 6.16266 6.16266 6.16266 6.16266 6.16266 6.16266 6.16266 6.16266 6.16266 5.49217 3.73334 3.73334 3.71825 3.68933 3.66032 3.63138 3.60242 3.57342 3.54497
1.30175 1.30175 1.30175 1.30650 1.31606 1.32562 1.33518 1.34477 1.35431 1.47281 1.57767 1.56894 1.42295 0.00000 0.00000 4.43382 4.43382 4.43382 4.43382 4.43382 4.43382 4.43382 4.41002 4.27703 4.27703 4.27703 4.27703 2.20373 1.56708 1.56708 1.56708 1.56708 1.56708 1.56708 1.56708 1.56708 1.56708 1.56708 1.56708 0.00000 0.00000 6.16266 6.16266 6.16266 6.16266 6.16266 6.16266 6.16266 6.16266 6.16266 6.16266 6.16266 6.16266 6.16266 6.16266 6.16266 5.88448 3.57932 3.54931 3.53539 3.53539 3.53539 3.53539 3.53539 3.53539 3.53539
1.33758 1.35515 1.37735 1.39659 1.41109 1.42587 1.44085 1.45614 1.47172 1.53226 1.57648 1.57690 1.49846 0.00000 0.00000 4.43382 4.43382 4.43382 4.43382 4.43382 4.43382 4.43382 4.43359 4.29241 4.27703 4.27703 4.27703 3.10620 1.56708 1.56708 1.56708 1.56708 1.56739 1.58475 1.61196 1.63917 1.66662 1.69376 1.72975 0.00000 0.00000 0.00000 6.16266 6.16266 6.16266 6.16266 6.16266 6.16266 6.16266 6.16266 6.16266 6.16266 6.16266 0.00000 0.00000 0.00000 0.00000 3.53539 3.53539 3.53539 3.53539 3.53539 3.53539 3.53539 3.53539 3.53539
1.51216 1.51598 1.51620 1.51620 1.51620 1.51620 1.51620 1.51620 1.51620 1.53968 1.57302 1.57767 1.54315 0.00000 0.00000 4.43382 4.43382 4.43382 4.43382 4.43382 4.43382 4.43382 4.43382 4.33098 4.27713 4.28560 4.29932 3.76580 1.66605 1.69324 1.72047 1.74788 1.77478 1.78459 1.78459 1.78459 1.78459 1.78459 1.78459 0.00000 0.00000 0.00000 6.16266 6.16266 6.16266 6.16266 0.00000 0.00000 0.00000 0.00000 0.00000 0.00000 0.00000 0.00000 0.00000 0.00000 0.00000 3.53539 3.53539 3.53539 3.53539 3.53539 3.53539 3.53539 3.53539 3.53539
1.51620 1.51620 1.51620 1.51620 1.51620 1.51620 1.51620 1.51620 1.51620 1.53011 1.57033 1.57767 1.55333 0.00000 0.00000 4.43382 4.43382 4.49660 4.68202 4.89786 5.14891 5.44652 5.80407 5.23181 4.38064 4.38578 4.38578 4.27443 1.81459 1.78459 1.78459 1.78459 1.78459 1.78459 1.78459 1.78459 1.78459 1.78459 1.78459 0.00000 0.00000 0.00000 0.00000 0.00000 0.00000 0.00000 0.00000 0.00000 0.00000 0.00000 0.00000 0.00000 0.00000 0.00000 0.00000 0.00000 0.00000 3.53539 3.53539 3.53539 3.53539 3.53539 3.53539 3.53539 3.53539 3.53539
1.51620 1.51620 1.51620 1.51620 1.51620 1.51620 1.51620 1.51620 1.51620 1.52172 1.58842 1.65109 1.67218 1.42295 0.00000 6.08789 6.59302 6.98034 6.98697 6.98697 6.98697 6.98697 6.98697 6.27831 4.38578 4.38578 4.37785 4.33903 2.57004 1.78459 1.78459 1.78459 1.78459 1.78459 1.78459 1.78459 1.78459 1.78459 1.78459 1.78459 0.00000 0.00000 0.00000 0.00000 0.00000 0.00000 0.00000 0.00000 0.00000 0.00000 0.00000 0.00000 0.00000 0.00000 0.00000 0.00000 0.00000 3.53539 3.53539 3.53539 3.53539 3.53539 3.53539 3.53539 3.53539 3.53539
1.53894 1.56182 1.58459 1.60745 1.63026 1.65307 1.67595 1.69874 1.72158 1.74459 1.87711 2.05006 2.03933 1.52264 0.00000 6.98697 6.98697 6.98697 6.98697 6.98697 6.96011 6.87797 6.79412 6.69852 4.32277 4.16358 4.12959 4.12650 3.23886 1.78459 1.78459 1.78459 1.78459 1.78459 1.78459 1.78459 1.78459 1.78459 1.78459 1.78459 0.00000 0.00000 0.00000 0.00000 0.00000 0.00000 0.00000 0.00000 0.00000 0.00000 0.00000 0.00000 0.00000 0.00000 0.00000 0.00000 0.00000 0.00000 3.53539 3.53539 3.53539 3.53539 3.53539 3.53539 3.53539 3.53539
1.75333 1.75333 1.75333 1.75333 1.75333 1.75333 1.75333 1.75342 1.76070 1.77156 1.85126 2.01308 2.06106 1.85283 0.00000 6.86251 6.77866 6.69486 6.61091 6.52711 6.47012 6.46841 6.46841 6.46841 4.60617 4.12650 4.12650 4.12650 3.73477 1.78459 1.78459 1.78459 1.78459 1.78459 1.78459 1.78459 1.78459 1.78459 1.78459 1.78459 0.00000 0.00000 0.00000 0.00000 0.00000 0.00000 0.00000 0.00000 0.00000 0.00000 0.00000 0.00000 0.00000 0.00000 0.00000 0.00000 0.00000 0.00000 3.53539 3.53539 3.53539 3.53539 3.50173 3.37139 3.23506 3.09855
1.97890 1.98997 2.00079 2.01174 2.02269 2.03351 2.05245 2.09000 2.12383 2.15648 2.11608 2.27614 2.66466 2.68093 0.00000 6.46841 6.46841 6.46841 6.46841 6.46841 6.46841 6.46841 6.46841 6.46841 5.10645 4.12650 4.12650 4.12650 4.07186 1.88632 1.78459 1.78459 1.78459 1.78459 1.78459 1.78459 1.78459 1.78459 1.78459 1.78459 0.00000 0.00000 0.00000 0.00000 0.00000 0.00000 0.00000 0.00000 0.00000 0.00000 0.00000 0.00000 0.00000 0.00000 0.00000 0.00000 0.00000 0.00000 3.21205 2.98186 2.84534 2.70911 2.60635 2.60037 2.60037 2.60037
