High_resolution/powerplant/Chizhou/OMI_NO2_2005_06-08.asc
ncols      200
nrows      200
xllcorner       115.585
yllcorner       28.7700
cellsize     0.0166667
NODATA_Value      -999.000
[rows 58 to 86 of 165, columns 0 to 66 of 200]
1.50528 2.26214 1.94070 1.56242 1.34733 2.12505 2.19761 2.28945 2.34171 2.38875 2.33153 2.15997 2.16339 2.11491 2.00059 1.98325 1.45961 1.52173 1.50232 1.59099 1.54993 1.64511 1.63456 1.63758 1.45132 1.70177 1.68892 1.69779 1.65883 1.69623 1.66034 1.67754 1.98976 2.00929 2.02229 2.04526 2.00743 1.99850 2.00333 0.836585 0.781395 0.846077 0.881233 0.937043 0.988556 0.974724 1.01581 1.11347 1.38049 1.28900 1.27172 1.25924 1.34014 1.43050 1.35947 1.39880 1.39309 1.47077 1.36510 1.43646 1.32321 1.58654 1.62099 1.63631 1.72771 1.96131 1.97437
1.48099 1.48550 1.53995 1.60764 1.49685 2.17133 2.24637 2.33924 2.38127 2.38127 2.38127 1.98995 1.99502 1.94100 1.94100 1.94826 1.53246 1.54285 1.52322 1.61385 1.52978 1.63797 1.63811 1.64411 1.55533 1.80418 1.80377 1.82350 1.75386 1.67490 1.61636 1.62821 1.80884 1.93195 1.96943 2.05128 2.08800 2.14868 2.18319 1.07783 0.906869 0.925160 0.928534 0.981866 0.982200 0.979084 1.03822 1.14159 1.31241 1.30094 1.30078 1.28085 1.34307 1.41760 1.44282 1.31397 1.34819 1.37584 1.38727 1.47842 1.44891 1.59021 1.68550 1.71232 1.78155 1.97048 2.02166
1.58286 1.58286 1.59599 1.63832 1.37209 2.26578 2.31813 2.39703 2.43997 2.44011 2.44658 2.43748 2.05765 2.00864 1.90635 1.92090 1.53818 1.44774 1.39605 1.39488 1.22156 1.34111 1.36833 1.43339 1.48921 1.53829 1.94362 1.99122 1.96320 1.93860 2.01601 2.10317 2.23762 2.47000 2.59763 2.70471 1.08025 1.16183 1.18078 1.22528 1.06582 1.10234 1.13993 1.17341 1.18356 1.17596 1.23455 1.29032 1.45144 1.44254 1.43199 1.45457 1.60910 1.64060 1.70694 1.27130 1.27083 1.34412 1.45635 1.56803 1.55382 1.63366 1.78613 1.78634 1.80266 1.90431 2.00054
1.62539 1.65634 1.69790 1.76022 1.51831 1.43539 2.31773 2.39792 2.45604 2.46906 2.47370 2.46539 2.04335 2.02868 1.93577 1.95719 1.76796 1.65623 1.71216 1.88335 1.95179 1.95263 1.92091 1.95756 1.90029 1.91453 2.29507 2.35628 2.38872 2.48834 2.51990 2.50888 2.51122 2.60783 2.62898 2.71284 1.18620 1.29008 1.35056 1.40051 1.25557 1.23439 1.25231 1.29722 1.31380 1.30653 1.35434 1.39205 1.56063 1.54402 1.52923 1.53592 1.65037 1.63782 1.79279 1.32435 1.33319 1.40956 1.43885 1.57398 1.57118 1.58561 1.78486 1.79542 1.84053 1.91815 2.06118
2.11076 2.18734 2.00940 2.01690 1.65450 1.53251 2.33976 2.38839 2.43303 2.43303 2.43303 2.42827 1.95392 2.06276 1.97220 1.98542 1.90709 1.98424 2.02602 2.12404 2.03291 1.94997 1.98057 2.11247 2.11417 2.11710 2.43887 2.47137 2.50136 2.66494 2.62486 2.66251 2.71162 2.77994 2.79352 2.84664 1.39792 1.54679 1.56473 1.59372 1.43960 1.37368 1.37828 1.42701 1.47989 1.49701 1.52778 1.50043 1.41190 1.56068 1.50894 1.47520 1.63725 1.61985 1.77904 1.48988 1.55962 1.44938 1.40263 1.60140 1.62658 1.62677 1.80137 1.81604 1.83583 1.84337 2.06974
2.20117 2.24118 1.86765 1.86156 1.50189 1.36875 2.38580 2.43179 2.44610 1.30192 1.30351 1.37277 0.947473 2.10116 1.97840 1.96392 1.95031 2.13039 2.08929 2.20857 1.96412 1.88333 1.97438 2.35921 2.31703 2.35921 2.30479 2.74622 2.93147 2.98361 2.92517 2.88596 2.85925 2.90170 2.86661 2.88126 1.57981 1.70732 1.62918 1.61955 1.53690 1.52539 1.57063 1.64890 1.61311 1.64294 1.64307 1.60133 1.52209 1.66474 1.63252 1.64823 1.82939 1.19121 1.82828 1.64164 1.73032 1.57088 1.47173 1.67327 1.68865 1.68988 1.80160 1.84685 1.85232 1.83269 2.01458
2.26369 2.30119 1.88280 1.88280 1.51108 1.35053 1.25584 1.18435 1.21181 1.23686 1.26466 1.35977 1.35830 2.27137 2.11145 2.10839 2.31983 2.53179 2.52211 2.57657 2.39799 2.33633 2.37721 2.43360 2.32530 2.35901 2.24396 2.80300 3.00027 2.94367 2.94619 2.92608 2.88364 2.92859 2.89017 2.88867 1.55453 1.73681 1.67744 1.68513 1.59144 1.65743 1.65652 1.71565 1.72097 1.74856 1.75178 1.71662 1.66712 0.995127 0.941421 0.941421 0.996867 0.974639 1.90754 1.78181 1.74324 1.64061 1.52163 1.71716 1.76057 1.77677 1.86159 1.92056 1.92076 1.91545 1.97152
2.15116 2.19208 1.85484 1.72235 1.55746 1.44755 1.39417 1.34570 1.31314 1.36490 1.35863 1.40778 1.37388 2.27845 2.13666 2.25174 2.25554 2.50716 2.50649 2.56024 2.40758 2.41044 2.41571 2.40871 2.27126 2.35287 2.24749 2.56240 2.86565 2.83642 2.85236 2.84616 2.84735 2.96499 2.97511 2.99081 2.99854 1.65270 1.55225 1.52563 1.42406 1.50689 1.52128 1.61236 2.53701 1.71242 1.72784 1.74059 1.72400 1.66075 1.08852 1.09831 1.14214 1.15198 2.05773 1.94749 1.84655 1.76637 1.58105 1.70459 1.86982 1.87318 1.95100 1.95755 2.00176 1.97588 2.01126
2.04441 2.15259 1.80288 1.68474 1.53519 1.37202 1.27371 1.18768 1.14518 1.20258 1.20336 1.29418 1.35040 2.50976 2.35503 2.47731 2.50817 2.67319 2.70836 2.53815 2.37730 2.37730 2.38929 2.34938 2.19396 2.22654 2.14493 2.29138 2.69949 2.80351 2.84632 2.87801 2.98526 3.03750 3.01354 2.94115 2.73584 2.49920 2.47868 2.49256 2.46944 2.50822 2.51727 2.52755 1.79963 1.75632 1.77189 1.78379 1.76273 1.73650 1.27962 1.14822 1.15280 1.13881 1.14977 1.87904 1.80482 1.71320 1.57162 1.69002 1.97660 2.02118 2.06924 2.01910 2.01852 1.96742 1.98816
1.99640 2.33092 1.93853 1.81002 1.69601 1.55830 1.47674 1.50361 1.50713 1.57185 1.59082 1.66740 1.70881 1.65636 2.62923 2.64707 2.67298 2.75507 2.76013 2.42809 2.20677 2.19469 2.15839 2.12966 1.98619 2.06595 2.03007 2.10577 2.76741 2.81694 2.85548 2.83558 2.87978 2.90811 2.69910 2.67536 2.59390 2.54061 2.51158 2.51465 2.48506 2.51531 2.51806 2.50172 1.71173 1.72613 1.74684 1.74838 2.20354 2.20539 1.86053 1.59332 1.68026 1.62631 1.64739 1.60175 1.57886 1.53529 1.54530 1.60669 1.99363 2.02697 2.05390 2.02039 2.04525 2.09653 2.19023
2.08443 2.48900 2.15978 1.99365 1.85124 1.67010 1.54354 1.52647 1.50236 1.50484 1.48979 1.51936 1.54004 1.49923 2.43472 2.35455 2.34675 2.34457 2.28737 2.04596 1.79229 1.78183 1.77352 1.72055 1.62163 1.60986 1.60024 1.58968 1.94382 2.12336 2.19140 2.19942 2.22529 2.26958 2.33621 2.41368 2.41937 2.47504 2.41474 2.38887 2.35213 2.31341 2.25303 2.16210 2.14194 2.18551 2.19865 2.20082 2.20209 2.20282 2.00062 1.54987 1.57379 1.50613 1.53621 1.51847 1.54436 1.48076 1.47417 1.51966 1.90496 2.00711 2.07515 2.08331 2.15716 2.23289 2.22456
1.96889 2.05105 1.91715 1.76533 1.63136 1.53718 1.46186 1.46186 1.46185 1.47474 1.47249 1.50583 1.53613 1.53381 2.06638 1.93488 1.92857 1.90825 1.94765 1.84801 1.57831 1.60466 1.60665 1.55409 1.48426 1.49400 1.51222 1.51501 1.77631 2.06799 2.18540 2.16119 2.10709 2.17774 2.13930 2.12944 2.07253 2.06672 2.00978 1.94528 1.88955 1.83022 1.85643 1.94822 2.13993 2.16761 2.18033 2.15511 2.13419 2.11962 2.07119 1.55288 1.59921 1.57307 1.61194 1.58873 1.62531 1.64709 1.73303 1.87352 2.04225 2.16638 2.19175 2.16813 2.17846 2.27998 2.29571
1.80965 1.70212 1.72840 1.60494 1.60494 1.61514 2.02592 2.02592 2.02592 2.01810 1.53385 1.57142 1.60481 1.60453 2.12153 1.99453 2.00894 1.96482 2.00945 1.94370 1.50411 1.53937 1.56090 1.53521 1.47021 1.49675 1.54608 1.56054 1.71110 1.94958 1.74766 1.67013 1.62347 1.66360 1.67481 1.71798 1.77479 1.81402 1.85287 1.85567 1.86779 1.83935 1.87553 1.85680 2.06471 2.04387 2.09346 2.10370 2.11975 2.13617 2.13759 1.75867 1.71984 1.71672 1.77942 1.77001 1.79923 1.86189 1.86262 1.95972 2.09749 2.22533 2.27862 2.25621 2.25074 2.33438 2.38064
1.84844 1.51211 2.06279 2.00650 2.00650 2.01114 1.97521 1.97521 1.97521 1.97820 1.46522 1.47233 1.51304 1.52671 2.08821 1.97576 1.97428 1.92643 1.98801 1.98615 1.56729 1.60227 1.61761 1.62866 1.60563 1.62902 1.66083 1.65538 1.66621 1.59028 1.54491 1.52343 1.63051 1.68398 1.74601 1.81651 1.86998 1.93509 1.99218 1.97161 1.93102 1.85311 1.82763 1.77036 2.02927 2.10526 2.17418 2.17339 2.16566 2.14629 2.11328 1.93062 1.85730 1.84614 1.85682 1.82007 1.81414 1.87727 1.95641 1.99991 2.17495 2.26818 2.35052 2.35915 2.36781 2.45246 2.54471
1.83157 1.69208 2.14307 2.13672 2.07552 2.11592 2.16745 2.23169 2.06277 2.04695 1.54955 1.56704 1.59195 1.54750 1.47520 1.81573 1.76558 1.62697 2.00626 2.04467 1.82811 1.71781 1.70083 1.69179 1.71619 1.73301 1.75749 1.75712 1.76530 1.73437 1.71092 1.63027 1.76250 1.77335 1.85692 1.88467 1.91469 1.93058 2.00950 2.01962 2.00926 1.95973 1.98845 1.92868 2.05388 2.15664 2.16477 2.09747 2.08296 2.06354 2.03095 1.96881 1.91354 1.92372 1.95466 1.96563 1.99727 2.07841 2.19677 2.20537 2.33032 2.36866 2.44986 2.43841 2.43712 2.45629 2.55376
1.79603 1.92490 2.33919 2.50957 2.50663 2.49827 2.49580 2.46155 2.14802 1.99406 1.61061 1.65934 1.70994 1.66253 1.59383 1.53402 1.59591 1.50044 1.79432 1.91487 1.79766 1.68702 1.67241 1.66676 1.73047 1.76669 1.78907 1.79796 1.81289 1.81443 1.81095 1.66985 1.76690 1.77151 1.79442 1.83711 1.91957 1.95039 2.05302 2.01654 1.92871 1.84305 1.84358 1.73983 1.79519 1.96444 1.95544 1.90031 1.87025 1.89179 1.88675 1.91089 2.06862 2.08452 2.09963 2.10515 2.11410 2.13083 2.25639 2.25864 2.32405 2.37015 2.44277 2.42196 2.42349 2.43737 2.52590
1.74884 1.91930 2.16332 2.47293 2.40440 2.32673 2.25359 2.18976 1.96616 1.79457 1.59000 1.56167 1.56906 1.43497 1.31857 1.25308 1.34673 1.32962 1.47951 1.69011 1.70562 1.70958 1.71588 1.71824 1.78574 1.85373 1.89790 1.89333 1.89565 1.88175 1.79897 1.60018 1.60682 1.60145 1.59593 1.61755 1.76643 1.71874 1.58074 1.55909 1.64524 1.68377 1.71887 1.67802 1.65883 1.91548 1.92610 1.93553 1.90464 1.93570 1.94821 1.96797 2.08916 2.12753 2.13098 2.12620 2.11573 2.11091 2.20379 2.24444 2.29617 2.36157 2.39961 2.39483 2.41437 2.44714 2.52765
1.96771 2.13459 2.08907 1.92692 1.89879 1.89879 1.93143 1.92218 1.82075 1.60463 1.49988 1.40938 1.41621 1.31082 1.24907 1.23380 1.50078 1.47214 1.56522 1.80976 1.82242 1.75632 1.70619 1.63898 1.67250 1.67284 1.66916 1.68105 1.65381 1.66840 1.59773 1.40496 1.32805 1.39818 1.38511 1.44016 1.65125 1.67463 1.59892 1.59818 1.65473 1.74748 1.80024 1.78549 1.76122 1.93893 1.95890 1.97065 1.92053 1.93636 1.93902 1.94188 2.02408 2.11738 2.11414 2.10833 2.09940 2.09785 2.14381 2.22677 2.22141 2.29811 2.29932 2.35713 2.44170 2.53255 2.59468
2.16234 2.23552 2.22734 1.98189 1.96966 1.97854 2.03439 1.99408 1.96565 1.66501 1.60751 1.43362 1.44561 1.43272 1.48393 1.52460 1.59124 1.59422 1.67880 2.05268 1.77941 1.30408 1.34981 1.31873 1.42169 1.41879 1.46230 1.49158 1.49188 1.51868 1.45152 1.33746 1.20523 1.32096 1.36381 1.45878 1.62359 1.76130 1.68654 1.73338 1.74179 1.90328 1.97235 1.97989 1.90294 1.93582 1.95878 1.97313 1.92701 1.94672 1.94377 1.93439 1.97218 2.10183 2.09299 2.07985 2.06595 2.05233 2.05343 2.23454 2.39619 2.49304 2.50781 2.61281 2.62268 2.67160 2.65025
2.40174 2.42492 2.42492 2.18355 2.09964 2.12260 2.18787 2.14314 2.13605 1.95891 1.95025 1.91760 1.91240 1.86954 1.89235 1.86968 1.83515 1.76379 1.73928 1.92029 1.99488 1.38644 1.47776 1.45153 1.50321 1.47728 1.52582 1.55312 1.54896 1.56899 1.51352 1.44676 1.35764 1.56417 1.62614 1.72955 1.83715 2.02578 1.91807 1.90805 1.90205 2.00856 2.05687 2.04843 1.92255 1.92311 1.96731 1.97348 1.94563 1.95551 1.95336 1.94166 1.94042 2.05883 2.04608 2.07674 2.24361 2.40255 2.49758 2.81888 2.86524 2.78879 2.66094 2.72299 2.71546 2.75980 2.73059
2.24946 2.34128 2.34128 2.17159 2.00793 2.11437 2.22464 2.22361 2.20365 2.10676 2.03553 1.92224 1.84012 1.77374 1.76808 1.73383 1.71659 1.68199 1.67824 1.77794 2.14480 1.32302 1.38801 1.39960 1.46454 1.45360 1.55876 1.64581 1.66046 1.72213 1.67198 1.52600 1.49877 1.59562 1.62017 1.64631 1.66675 1.89966 1.83324 1.79654 1.79550 1.85888 1.91464 1.89847 1.85643 1.85592 1.94682 1.94576 1.94444 1.92728 1.93694 2.01893 2.11130 2.34714 2.52865 2.56241 2.62628 2.63554 2.56981 2.75508 2.87864 2.83855 2.72512 2.74892 2.74406 2.76902 2.72827
2.14323 2.34204 2.37815 2.36474 2.16345 2.23069 2.31336 2.30512 2.23765 2.18368 2.05644 1.97085 1.88673 1.83273 1.83473 1.82752 1.84862 1.82100 1.88844 1.99912 2.34789 1.64634 1.59960 1.62552 1.65389 1.61418 1.70486 1.71974 1.68033 1.65193 1.59741 1.44030 1.40838 1.43909 1.45050 1.45056 1.44494 1.72422 1.74503 1.69295 1.68358 1.70097 1.79364 1.76583 1.73857 1.71414 1.77730 1.86451 1.99238 2.18494 2.28209 2.34514 2.33656 2.43587 2.54208 2.43041 2.41692 2.40914 2.36006 2.42134 2.59897 2.55997 2.65358 2.73080 2.81132 2.82587 2.81011
2.10275 2.35172 2.33264 2.34808 1.94650 1.97429 2.12522 2.12647 1.99934 1.99319 1.99554 1.96886 1.89866 1.93322 2.00859 2.08535 2.14091 2.30772 2.32676 2.34392 2.41195 1.98087 1.65727 1.61784 1.64406 1.62187 1.68626 1.70504 1.64351 1.54911 1.50061 1.37135 1.34745 1.34310 1.33421 1.31981 1.23793 1.43875 1.56217 1.52435 1.52455 1.52492 1.63215 1.72065 1.82413 1.94374 2.06666 2.18399 2.20995 2.31379 2.30721 2.30924 2.28957 2.32054 2.42680 2.36451 2.37212 2.40462 2.42422 2.44661 2.68151 2.64713 2.62473 2.70496 2.82182 2.79171 2.78273
1.42561 2.08364 2.10031 2.11218 1.84460 1.80264 2.03157 2.08438 2.06611 2.05453 2.05580 2.04170 2.08133 2.12023 2.16979 2.17632 2.15997 2.31122 2.34522 2.37245 2.40683 2.29820 1.86608 1.80212 1.82560 1.78393 1.80716 1.76958 1.69813 1.60768 1.55022 1.48587 1.43233 1.35785 1.32758 1.31842 1.25168 1.33066 1.46997 1.51052 1.63689 1.74689 1.86902 2.02413 2.07857 2.10433 2.09107 2.14803 2.13464 2.26102 2.31216 2.33697 2.28964 2.29119 2.41661 2.36015 2.32052 2.32167 2.32610 2.30387 2.49303 2.55788 2.74614 2.93088 3.03085 2.92559 2.89881
1.67369 2.13985 2.18063 2.16987 2.05213 2.04426 2.19439 2.22260 2.20413 2.15070 2.15040 2.12618 2.13961 2.16424 2.16061 2.15740 2.12892 2.26971 2.30343 2.30870 2.29950 2.36971 1.80428 1.72903 1.76393 1.78814 1.81716 1.80246 1.75484 1.66815 1.63648 1.55506 1.48382 1.41659 1.34308 1.34540 1.41020 1.56730 1.78994 1.88394 1.95032 1.90868 1.88406 2.00757 2.07501 2.14733 2.17586 2.27653 2.28855 2.32882 2.34176 2.30826 2.20888 2.11977 2.17977 2.17753 2.19802 2.26126 2.34278 2.31100 2.42259 2.54057 2.61290 2.88391 2.99851 2.90878 2.87570
1.72326 2.06830 2.11898 2.12738 2.12927 2.13319 2.17155 2.20099 2.18230 2.12036 2.11668 2.09469 2.08918 2.11825 2.11835 2.11835 2.06694 2.17958 2.25219 2.26079 2.25567 2.34497 1.84765 1.77074 1.75869 1.77970 1.78905 1.76209 1.70094 1.61366 1.57284 1.55680 1.48368 1.50384 1.48600 1.53398 1.81221 1.87104 2.01355 2.09351 2.15636 2.16952 2.19682 2.26766 2.31693 2.34558 2.33265 2.22516 2.15656 2.18187 2.22151 2.22558 2.22436 2.16022 2.23046 2.28180 2.27990 2.31077 2.33967 2.28311 2.32423 2.49374 2.65477 2.95672 3.20381 3.15226 3.09975
1.78406 1.78441 2.09146 2.09937 2.09585 2.10065 2.11834 2.17098 2.16234 2.09172 2.09266 2.08597 2.07908 2.07731 2.07062 2.03632 1.99326 2.06195 2.17466 2.19655 2.20718 2.20831 1.83833 1.77625 1.74132 1.75490 1.75250 1.74924 1.71998 1.67548 1.73621 1.80014 1.81490 1.77419 1.78486 1.83642 2.01572 2.24194 2.33285 2.36749 2.36498 2.31638 2.28171 2.27914 2.34262 2.35686 2.34391 2.27598 2.18324 2.23314 2.34174 2.36680 2.37753 2.25213 2.24826 2.30882 2.27176 2.28137 2.36558 2.32672 2.36034 2.65196 2.90947 3.16980 3.49621 3.47857 3.31841
1.74122 1.73896 2.07312 2.09036 2.08856 2.09020 2.08828 2.09537 2.08504 2.01402 2.00584 2.02012 2.01704 2.01680 2.03552 1.99980 1.97649 2.06614 2.21843 2.26622 2.17348 2.17077 1.76334 1.71539 1.68115 1.73107 1.79346 1.80328 1.77908 1.70010 1.64148 1.53939 1.64352 1.99033 2.00505 2.02409 2.06578 2.28519 2.42134 2.43333 2.42544 2.38315 2.35150 2.34127 2.44454 2.47246 2.46912 2.47476 2.26640 2.27470 2.35111 2.36027 2.37203 2.29026 2.24361 2.33748 2.35374 2.42342 2.57715 2.54281 2.54904 2.72162 2.98075 3.26089 3.56329 3.58588 3.36322
1.88933 1.88933 1.94896 2.01856 2.01489 2.01398 2.01878 2.02225 2.01600 1.96134 1.97872 2.02003 2.03479 2.03255 2.08586 2.07772 2.09009 2.15153 2.25883 2.30975 2.13656 2.04149 1.89693 1.60398 1.59980 1.54129 1.53440 1.50575 1.52006 1.46271 1.46759 1.41016 1.48445 1.95522 1.95318 2.01137 1.99031 2.23080 2.45490 2.49946 2.51503 2.48286 2.46615 2.47190 2.53219 2.55711 2.49510 2.53338 2.36823 2.37313 2.41993 2.44991 2.48301 2.41301 2.34385 2.44507 2.46327 2.49063 2.59678 2.62988 2.64580 2.69033 3.12765 3.41154 3.71014 3.79334 3.59637
