High_resolution/powerplant/Chizhou/OMI_NO2_201111.asc
ncols      200
nrows      200
xllcorner       115.585
yllcorner       28.7700
cellsize     0.0166667
NODATA_Value      -999.000
[rows 29 to 57 of 165, columns 0 to 64 of 200]
5.79415 5.79415 5.79415 5.79415 5.79415 5.79415 5.65413 4.63579 4.29929 3.93780 3.62339 3.47261 3.57813 3.66940 4.07048 4.34923 4.34956 4.38881 4.66939 4.96402 5.23121 6.45417 6.67291 6.60380 6.30145 6.03844 6.12513 6.12513 6.12363 6.55537 6.84833 6.82935 6.86726 7.01398 7.01398 7.01398 7.01398 7.01398 7.01398 8.50059 9.35509 10.7884 10.7897 9.55078 8.64315 8.17891 7.80878 8.03487 8.11538 8.23950 8.18361 8.08359 7.92384 7.61440 7.34270 6.78336 6.79480 6.79480 6.79480 6.79480 6.79480 6.79480 6.79480 6.79480 6.94896
5.79415 5.79415 5.69397 5.33675 4.79187 4.30280 3.88317 3.49782 3.48474 3.53290 3.54542 3.62030 3.67085 3.75739 4.19489 4.87344 5.14356 5.32980 5.32024 5.27790 5.23567 5.90759 6.45581 6.37536 6.20588 5.71039 5.76310 5.72686 5.69220 5.88656 6.40746 6.42525 6.53265 7.01398 7.01398 7.01398 7.01398 7.01428 7.01982 7.83538 8.46151 9.37911 8.92866 8.13371 7.40444 7.48566 7.44177 7.33619 7.47801 7.31435 7.16602 6.97621 6.84323 6.85631 6.87706 7.09087 7.20938 7.23092 7.25198 7.27278 7.29313 7.31324 7.33301 7.35236 7.44012
4.52591 4.06889 3.74350 3.62210 3.61490 3.61528 3.61642 3.57637 3.54659 3.54752 3.54844 3.60310 3.97258 4.81833 4.92613 4.93134 4.89421 4.88879 4.88879 4.88879 4.88879 5.19668 6.27492 6.27148 6.22149 5.76180 5.81202 5.83009 5.84797 5.89204 6.55443 6.60473 6.63982 7.17179 7.14728 6.95639 6.77714 6.61181 6.45521 6.68162 7.72002 8.04260 7.80554 7.27878 6.81994 6.58538 6.42503 6.42050 6.90908 6.98623 7.06951 7.06951 7.06951 7.06951 7.06951 7.18626 7.37260 7.37260 7.37260 7.37260 7.37260 7.37260 7.37260 7.37260 7.37924
3.47834 3.46596 3.45348 3.44134 3.42915 3.41623 3.40281 3.38233 3.35252 3.34149 3.33082 3.34900 3.49939 4.65665 4.69376 4.66143 4.64915 4.64006 4.63120 4.62230 4.61321 4.77321 6.17022 6.29928 6.22269 5.90470 6.00930 6.04762 6.06331 6.11059 6.50175 6.52809 6.27416 6.40492 6.40574 6.41103 6.46989 6.40644 6.25210 6.08286 6.33391 6.16240 6.13160 6.13160 6.36837 6.40671 6.40671 6.40671 6.76522 6.94740 7.06838 7.06951 7.06951 7.06951 7.06951 7.10828 7.37260 7.37260 7.37260 7.37260 7.37260 7.37260 7.37260 7.37260 7.32792
3.13550 3.13550 3.13550 3.13550 3.13550 3.13550 3.13550 3.13589 3.15861 3.16001 3.16001 3.16533 3.24001 4.22051 4.58733 4.57010 4.56060 4.56060 4.56060 4.56060 4.56060 4.59689 5.79340 6.28678 6.27711 6.14842 6.09505 6.27823 6.32570 6.34393 6.31778 6.34484 6.30790 6.38144 6.46128 6.27978 6.00456 5.89794 5.89794 5.89794 6.21731 6.27838 6.13160 6.13160 6.30658 6.40671 6.40671 6.40671 6.60751 6.93575 7.04013 7.06951 7.06951 7.06951 7.06951 7.06956 7.32648 7.37260 7.37260 7.37260 7.36155 7.30316 7.24512 7.18326 7.17479
3.13550 3.13550 3.13550 3.13550 3.13550 3.13550 3.13550 3.13550 3.15272 3.16001 3.16001 3.16001 3.22036 3.77249 4.58728 4.57639 4.56060 4.56060 4.56174 4.60200 4.67278 4.75692 5.57897 6.54609 6.52377 6.49667 6.34176 6.68664 6.78795 6.69986 6.52226 6.08810 5.67489 5.59577 5.89794 5.89794 5.89794 5.89794 5.89794 5.89794 6.07701 6.36469 6.13318 6.13160 6.23745 6.40643 6.40671 6.40671 6.45383 6.93167 7.00021 7.06951 7.06951 7.06951 7.06951 7.08008 7.28316 7.39543 7.34710 7.29260 7.24822 7.28296 7.31725 7.34746 7.37760
3.13550 3.13550 3.13550 3.13550 3.13550 3.13550 3.13550 3.13550 3.14578 3.16001 3.16001 3.16001 3.19545 3.32805 4.56185 4.66941 4.72988 4.81410 4.87923 4.86640 4.82170 4.76361 5.07363 6.24064 6.30560 6.27569 6.15763 6.21513 5.93858 5.90242 5.90242 5.75991 5.68007 5.51945 5.89165 5.89794 5.89794 5.89794 5.89794 5.89794 5.94011 6.38935 6.19301 6.13160 6.18174 6.39570 6.40671 6.40671 6.40671 6.82105 6.97104 7.12137 7.17147 7.15580 7.10513 7.03746 7.03324 7.29502 7.32521 7.35540 7.38402 7.39095 7.39095 7.39095 7.39095
3.14039 3.13550 3.13550 3.13550 3.13550 3.13550 3.13550 3.13550 3.13807 3.16334 3.20321 3.32424 3.48626 3.44812 4.43046 4.81958 4.73830 4.67841 4.63824 4.63690 4.63815 4.64316 4.89225 5.36370 5.23667 5.41644 5.50675 5.90242 5.90242 5.90242 5.90242 5.81327 5.72403 5.53441 5.81949 5.89794 5.89794 5.89794 5.89794 5.89794 5.89794 6.29107 6.28077 6.13160 6.13955 6.38126 6.46005 6.63822 6.90064 7.13523 7.06830 7.06589 6.96940 6.95318 6.97733 7.01011 7.09015 7.38807 7.39095 7.39095 7.39095 7.39095 7.39095 7.39095 7.39095
3.15598 3.13550 3.13550 3.13550 3.13550 3.15900 3.25434 3.44945 3.67249 3.64982 3.64858 3.60358 3.51912 3.24536 3.73895 4.66363 4.64510 4.64146 4.64671 4.65197 4.65598 4.66258 4.79349 5.26889 5.29032 5.44566 5.59834 6.07811 6.17220 6.21336 6.25596 6.25822 6.13462 6.00406 5.89794 5.89794 5.89794 5.89794 5.89794 5.89794 5.90098 6.20140 6.59343 6.65989 6.98940 7.48349 7.56749 7.56521 7.48306 7.34705 6.97195 7.13758 7.27344 7.34361 7.41360 7.47487 7.50079 7.62553 7.69541 7.72309 7.75084 7.77853 7.80621 7.83397 7.86179
3.17980 3.19445 3.35360 3.56440 3.80274 4.04463 4.20317 4.20873 4.20873 3.79958 3.49053 3.48598 3.48122 3.29640 3.23060 4.70630 4.79069 4.80617 4.82651 4.84744 4.86907 4.88226 4.89060 5.47573 5.50180 5.56765 5.79018 6.18736 6.38496 6.38823 6.39151 6.39390 6.20738 6.10882 5.92476 5.92867 5.97155 6.10885 6.39971 6.72055 7.06907 7.51761 8.05401 7.69820 7.51810 8.12099 8.32230 8.38541 8.46066 8.51220 7.79445 7.75617 7.84308 7.84308 7.84308 7.84308 7.84308 7.93703 8.06783 8.06783 8.06783 8.06783 8.06783 8.06783 8.06783
4.26208 4.20143 4.28223 4.30265 4.32459 4.34818 4.37360 4.40112 4.43103 4.16145 3.42686 3.42647 3.42607 3.33235 3.07788 4.34453 4.87844 4.87820 4.87796 4.87773 4.87748 4.87724 4.87701 5.39682 5.54899 5.55521 5.82103 6.12144 6.44621 6.44621 6.44621 6.41845 6.26183 6.30909 6.67716 7.03631 7.36718 7.58334 7.58688 7.65629 7.73306 7.84852 8.00597 7.95508 7.81206 8.24726 8.70561 8.52470 8.52470 8.52470 8.00511 7.72492 7.83787 7.84308 7.84308 7.84308 7.84308 7.87937 8.06783 8.06783 8.06783 8.06783 8.06783 8.06783 8.06783
5.73041 4.44835 4.44835 4.44835 4.44835 4.44835 4.44835 4.44835 4.44835 4.43541 3.47514 3.41649 3.41649 3.41346 3.09659 3.74093 4.87365 4.87365 4.87365 4.87365 4.87365 4.87365 4.87365 5.26187 5.55155 5.55155 5.73167 5.93642 6.27676 6.17830 6.07983 6.00915 6.29817 7.33627 7.83933 8.09137 8.19830 8.32121 8.43447 8.43483 8.43483 8.43483 8.16491 8.04372 7.81538 8.00153 8.85305 8.52470 8.52470 8.52470 8.24704 7.72099 7.80537 7.84308 7.84308 7.84308 7.84308 7.84403 8.04297 8.06783 8.06783 8.06783 8.06783 7.98488 7.74237
6.08842 4.51845 4.44835 4.44835 4.44835 4.44835 4.44835 4.44835 4.44835 4.44835 3.70049 3.41649 3.41649 3.41649 3.18419 3.15037 4.80308 4.87365 4.87365 4.87365 4.87365 4.87174 4.82157 4.98222 5.35478 5.27273 5.30884 5.56425 6.17560 6.29730 6.40863 6.43312 6.46656 7.84583 8.06397 8.43483 8.43483 8.43483 8.43483 8.43483 8.43483 8.43483 8.26614 8.06215 7.88853 7.82099 8.89519 8.56508 8.52470 8.52470 8.48787 7.74509 7.76892 7.84308 7.84308 7.84308 7.84308 7.84308 7.94287 7.86961 7.54194 7.21654 6.92677 6.72459 6.77127
6.09203 4.72161 4.44835 4.44835 4.44835 4.44835 4.44835 4.44835 4.44835 4.44835 3.98854 3.41649 3.41649 3.41649 3.29009 3.07129 4.33610 4.84451 4.76660 4.66926 4.57088 4.50306 4.56800 4.76777 5.58018 5.72799 5.87853 5.84986 6.39454 6.34195 6.22920 6.21676 6.21676 7.22813 7.88105 8.43151 8.43483 8.43483 8.43483 8.43483 8.43483 8.43483 8.38451 8.06287 7.97525 7.81206 8.65978 8.68389 8.52470 8.52470 8.52470 7.92423 7.73312 7.81656 7.70772 7.50792 7.23715 6.98186 6.76253 6.64610 6.79327 6.97769 7.16226 7.32900 7.35800
6.09203 4.98101 4.44835 4.44835 4.44835 4.44835 4.44835 4.44835 4.44835 4.44835 4.33992 3.42478 3.39885 3.25089 3.01355 2.64417 3.29051 4.63722 4.74741 4.88908 5.04489 5.17101 5.17827 5.11938 5.69700 5.66847 5.56436 5.53434 5.98536 6.21676 6.21676 6.21676 6.21676 6.74170 7.82048 8.30692 8.43483 8.43483 8.43483 8.43483 8.43483 8.43483 8.43483 8.11434 8.04438 7.81585 8.41398 8.82706 8.51660 8.46251 8.40121 7.90145 7.17793 6.85113 6.68537 6.70860 6.85815 7.01190 7.16685 7.34836 7.35800 7.35800 7.35800 7.35800 7.35800
6.09203 5.32160 4.44835 4.44835 4.44835 4.44835 4.44835 4.44835 4.32319 3.98924 3.58125 2.87393 2.68516 2.69236 2.75737 2.70867 2.80817 5.08633 5.17827 5.15225 5.02741 4.89300 4.75840 4.68292 5.28696 5.53434 5.53434 5.53434 5.84372 6.21676 6.21676 6.21676 6.21676 6.33759 7.80852 8.12188 8.43483 8.43483 8.43483 8.43483 8.43483 8.43483 8.43483 8.20300 8.01063 7.75179 7.93586 8.64176 8.18316 8.03388 7.92849 7.82657 7.06132 7.11600 7.16717 7.21268 7.15312 7.09361 7.03602 7.12013 7.11257 7.06702 7.02202 6.97659 6.93159
6.09203 5.78911 4.44835 4.41178 4.16913 3.76187 3.39274 3.08523 2.91269 2.87011 2.86955 2.86955 2.86955 2.86955 2.86955 2.79451 2.67691 4.32328 4.80097 4.69233 4.68267 4.68267 4.68267 4.68267 5.10890 5.53434 5.53434 5.53434 5.71415 6.21676 6.21676 6.21676 6.21676 6.20700 7.36061 7.85964 8.32551 8.29345 8.26002 8.17441 8.06071 7.94700 7.83300 7.66158 7.44381 7.13525 6.88991 7.02249 7.17986 7.44265 7.55147 7.53678 6.67247 6.43942 6.27274 6.25126 6.25126 6.25126 6.25126 6.25816 6.26575 6.26575 6.26575 6.26575 6.26575
5.01629 4.12745 3.23906 2.96716 2.88161 2.86955 2.86955 2.86955 2.86955 2.86955 2.86718 2.85846 2.84936 2.84007 2.83101 2.80411 2.62154 3.42565 4.62635 4.61958 4.61269 4.60577 4.59900 4.59220 4.76678 5.19501 5.17034 5.14569 5.17789 5.80043 5.77638 5.75224 5.72825 5.71376 6.32183 7.17812 7.53093 7.47877 7.39818 7.36987 7.34821 7.16548 6.94990 6.73595 6.56555 6.51659 6.40721 6.39218 6.72739 7.34197 7.34197 7.34197 6.82545 6.41191 6.26717 6.25126 6.25126 6.25126 6.25126 6.25432 6.26575 6.26575 6.26575 6.26575 6.26575
2.90231 2.90198 2.68010 2.59832 2.58930 2.57997 2.57087 2.56185 2.55279 2.54343 2.53676 2.53643 2.53643 2.53643 2.53643 2.53643 2.38590 2.49723 4.34960 4.43283 4.43283 4.43283 4.43283 4.43283 4.45295 4.92305 4.93207 4.93207 4.93214 5.62742 5.74552 5.95543 6.24099 6.56272 6.97581 7.23747 7.31357 7.23458 7.01893 6.80335 6.60935 6.57642 6.57642 6.57642 6.50141 6.47702 6.41389 6.39215 6.43208 7.30731 7.34197 7.34197 7.11528 6.41272 6.31425 6.25126 6.25126 6.25126 6.25126 6.25150 6.26482 6.26575 6.26575 6.26575 6.26575
2.90198 2.90198 2.68671 2.53643 2.53643 2.53643 2.53643 2.53643 2.53643 2.53643 2.53643 2.53643 2.53643 2.53643 2.53643 2.53643 2.44441 2.34455 3.88729 4.43283 4.43283 4.43283 4.43283 4.43283 4.43342 4.85476 5.03808 5.21640 5.41174 6.38832 7.15695 7.23747 7.23747 7.16733 6.95572 6.73999 6.56428 6.57642 6.57642 6.57642 6.57642 6.57642 6.57642 6.57642 6.52806 6.47702 6.44222 6.39205 6.39217 7.07655 7.34197 7.34197 7.33462 6.48595 6.36213 6.25126 6.25126 6.25126 6.25126 6.25126 6.26064 6.27354 6.24926 6.12942 6.00622
2.90198 2.90198 2.76566 2.53643 2.53643 2.53643 2.53643 2.53643 2.53643 2.53643 2.53643 2.53643 2.53643 2.53643 2.53643 2.53643 2.50303 2.34380 3.20029 4.43283 4.43947 4.49804 4.68366 4.89828 5.14020 5.64074 5.87943 5.87943 5.87943 6.44890 7.02482 6.80917 6.59351 6.44799 6.44403 6.44403 6.44822 6.57064 6.57642 6.57642 6.57642 6.57642 6.57642 6.57642 6.55954 6.47702 6.46933 6.39300 6.39217 6.78269 7.34197 7.34197 7.34197 6.73121 6.40532 6.25599 6.25721 6.28329 6.27974 6.18467 6.07478 5.93171 5.78532 5.64921 5.51456
2.90198 2.90198 2.85940 2.53675 2.53643 2.53643 2.53643 2.53643 2.53643 2.53643 2.53643 2.53643 2.53643 2.53643 2.53643 2.52471 2.44906 2.24646 2.53314 4.96106 5.31630 5.51928 5.52956 5.52956 5.52956 5.67509 5.77178 5.61004 5.44829 5.59670 6.44403 6.44403 6.44403 6.44403 6.44403 6.44403 6.44403 6.53506 6.57642 6.57642 6.57642 6.57642 6.57642 6.57642 6.57642 6.48859 6.47702 6.41363 6.39216 6.46695 7.32617 7.33225 7.26889 6.87226 6.20911 6.17544 6.12299 5.99377 5.82754 5.70790 5.58260 5.34439 5.25704 5.25526 5.25526
2.90198 2.90198 2.90198 2.56819 2.53643 2.53643 2.53643 2.53643 2.53643 2.53643 2.53612 2.49112 2.37886 2.21973 2.06041 1.91274 1.82902 2.03535 2.32441 4.93301 5.52956 5.52956 5.45252 5.23956 5.02382 4.90373 5.28435 5.28435 5.28435 5.37997 6.44403 6.44403 6.44403 6.44403 6.44403 6.44403 6.44403 6.49549 6.57642 6.57642 6.57642 6.57642 6.57642 6.57642 6.57642 6.51309 6.47136 6.36542 6.22617 6.13678 6.82751 6.89522 6.73802 6.53285 5.56273 5.52526 5.55551 5.41989 5.34759 5.32113 5.29293 5.25580 5.25477 5.25080 5.24621
2.86361 2.90198 2.90198 2.62658 2.53643 2.53643 2.52133 2.44105 2.29384 2.13445 1.97548 1.86112 1.81410 1.81392 1.81392 1.81392 1.81392 1.90536 2.31721 3.90773 5.09301 4.87727 4.73874 4.73612 4.73612 4.73736 5.24950 5.28435 5.28435 5.28444 6.30440 6.44403 6.44403 6.44403 6.44403 6.44403 6.44403 6.45663 6.57560 6.57338 6.52940 6.47082 6.33464 6.15934 5.98416 5.84095 5.77517 5.62918 5.48179 5.42488 5.71443 6.07869 5.92301 5.76544 5.10761 4.91525 5.17054 5.16623 5.16161 5.15698 5.15237 5.14777 5.14365 5.14300 5.14300
2.69038 2.90041 2.82534 2.48958 2.20856 2.04928 1.90495 1.86248 1.92121 1.98783 2.05092 2.11065 2.16732 2.22129 2.27258 2.32137 2.36796 2.42051 2.92738 3.35713 4.67061 4.73607 4.73603 4.73599 4.73594 4.73590 4.92542 4.91896 4.87690 4.83485 5.43413 5.73243 5.67628 5.62024 5.56421 5.50794 5.45156 5.37268 5.29007 5.11796 4.98635 4.86939 4.83044 4.78241 4.58250 4.39332 4.50039 4.32588 4.39557 4.80418 4.87624 5.63315 5.63685 5.63685 5.24288 4.82475 5.08847 5.14300 5.14300 5.14300 5.14300 5.14300 5.14300 5.14300 5.14300
1.87434 2.04485 2.01802 2.40274 2.33093 2.37698 2.42095 2.44231 2.44228 2.44224 2.44221 2.44218 2.44215 2.44211 2.44208 2.44205 2.44201 2.44198 2.75240 3.04262 4.42166 4.73452 4.73452 4.73452 4.73452 4.73452 4.55201 4.40579 4.40579 4.40579 4.78394 5.27421 5.26354 5.18544 4.85686 4.51815 4.26508 5.04385 4.94455 4.81707 4.64996 4.43878 4.22760 4.06438 4.05319 4.05319 4.05319 4.05319 4.11846 4.75904 4.75904 5.48571 5.63685 5.63685 5.50447 4.82495 4.99392 5.14300 5.14300 5.14300 5.14300 5.14300 5.14300 5.14300 5.14300
0.945504 1.80282 1.85192 2.62032 2.44267 2.44188 2.44188 2.44188 2.44188 2.44188 2.44188 2.44188 2.44188 2.44188 2.44188 2.44188 2.44188 2.44188 2.59515 2.96841 3.89661 4.73452 4.73452 4.73452 4.73452 4.73452 4.62721 4.40349 4.37378 4.20425 4.13653 4.30856 4.04157 3.84741 3.81518 3.81507 3.73042 4.42665 4.47616 4.09718 4.05319 4.05319 4.05319 4.05319 4.05319 4.05319 4.05319 4.05319 4.04194 4.71884 4.75904 5.23244 5.63685 5.63685 5.63685 4.93262 4.89938 5.14300 5.14300 5.14300 5.14300 5.14300 5.14300 5.14300 5.12251
0.862302 1.65472 1.81821 2.50910 2.46637 2.44188 2.44188 2.44188 2.44188 2.44188 2.44188 2.44188 2.44188 2.44188 2.44188 2.44188 2.44188 2.44188 2.46895 2.95668 3.37462 4.66930 4.73445 4.70866 4.55817 4.23041 3.92918 3.62602 3.46790 3.41225 3.44817 3.81518 3.77461 3.62270 3.46425 3.30598 3.23224 3.66957 4.27593 4.07853 4.05319 4.05319 4.05319 4.05319 4.05319 4.05319 4.05319 4.05319 4.05319 4.59086 4.75904 4.92900 5.63685 5.63685 5.63685 5.15066 4.82870 5.11913 5.14300 5.12366 5.04730 5.05583 5.10589 5.15590 5.22517
0.862302 1.41048 1.81821 2.33822 2.50363 2.44188 2.44188 2.44188 2.44188 2.44188 2.44188 2.44188 2.44188 2.44188 2.44188 2.44188 2.44188 2.44188 2.43347 2.72765 2.80142 3.67314 3.75635 3.53718 3.41364 3.41041 3.41041 3.41200 3.40232 3.29870 3.17209 3.32249 3.23871 3.23224 3.23224 3.23224 3.23224 3.38847 4.27648 4.14509 4.05319 4.05319 4.05319 4.05319 4.05319 4.05319 4.05319 4.05319 4.05319 4.47420 4.75904 4.75904 5.52519 5.63685 5.62191 5.30866 4.76274 4.99007 5.13725 5.20710 5.33325 5.38172 5.39294 5.38675 5.31083
