High_resolution/powerplant/Chizhou/OMI_NO2_201110.asc
ncols      200
nrows      200
xllcorner       115.585
yllcorner       28.7700
cellsize     0.0166667
NODATA_Value      -999.000
[rows 0 to 28 of 165, columns 0 to 66 of 200]
0.00000 0.00000 0.00000 0.00000 0.00000 0.00000 0.00000 2.20514 2.20514 2.20514 2.20514 2.20514 2.20514 2.20514 2.20514 2.20514 2.20514 2.20966 2.59334 3.04490 2.87130 2.93424 2.92116 2.80464 2.70746 2.68138 2.68138 2.68138 2.68138 2.68138 2.68138 2.67739 1.60971 1.41123 1.41123 1.41123 1.41123 1.41123 1.39755 0.00000 0.00000 0.00000 0.00000 0.00000 0.00000 0.00000 0.00000 0.00000 0.00000 0.00000 7.11678 7.11678 7.11678 7.11678 0.00000 0.00000 0.00000 4.06772 4.06772 4.06772 4.06772 4.06772 4.06772 4.06772 4.06772 4.06772 4.06772
0.00000 0.00000 2.20514 2.20514 2.20514 2.20514 2.20514 2.20514 2.20514 2.20514 2.20514 2.20514 2.20514 2.22611 2.66333 3.08741 3.32390 3.46791 3.47662 3.42616 3.12927 2.68138 2.68138 2.68138 2.68138 2.68138 2.68138 2.68138 2.68138 2.68138 2.68138 2.68138 2.08060 1.41123 1.41123 1.41123 1.41123 1.41123 1.40353 1.38342 0.00000 0.00000 0.00000 0.00000 0.00000 7.11678 7.11678 7.11678 7.11678 7.11678 7.11678 7.11678 6.85558 5.69691 2.14922 2.14922 3.14232 4.06772 4.06772 4.06772 4.06772 4.06772 4.06772 4.06772 4.06772 4.06772 4.06772
0.00000 2.20514 2.20514 2.20514 2.20514 2.20514 2.20514 2.20514 2.20514 2.22570 2.60087 3.10338 3.31545 3.44707 3.44141 3.40727 3.40566 3.40566 3.40566 3.40566 3.31642 2.71486 2.68138 2.68138 2.68138 2.68138 2.68138 2.68138 2.68138 2.68138 2.68138 2.68138 2.44731 1.41123 1.40824 1.40253 1.39684 1.39113 1.38564 1.38342 0.00000 7.11678 7.11678 7.11678 7.11678 7.11678 7.11678 6.86227 6.13283 5.58104 5.16169 4.83584 4.64110 4.53904 2.22842 2.14922 2.56174 4.06772 4.06772 4.06772 4.06772 4.06772 4.06772 4.06772 4.06772 4.06772 4.06772
0.00000 0.00000 2.20514 2.20514 2.20514 2.22620 2.48811 2.68588 2.80264 2.87559 2.98063 3.40566 3.40566 3.40566 3.40566 3.40566 3.40566 3.40566 3.40566 3.40566 3.39363 2.85815 2.68138 2.68138 2.68138 2.68138 2.68138 2.68138 2.68138 2.67999 2.67622 2.67242 2.65717 1.53568 1.38369 1.38369 1.38369 1.50381 2.04279 3.98409 7.11678 7.11678 6.87528 6.14019 5.58698 5.16901 4.83992 4.64173 4.63300 4.63300 4.63300 4.63300 4.63300 4.63300 3.17334 2.14922 2.16342 3.89599 4.06772 4.06772 4.06772 4.06772 4.06772 4.06772 4.06772 4.06772 4.06772
0.00000 3.65389 2.66448 2.69324 2.80189 2.87126 2.88307 2.88307 2.88307 2.88307 2.88336 3.33069 3.40566 3.40566 3.40566 3.40566 3.40566 3.40566 3.40566 3.40566 3.40566 3.06657 2.68138 2.68138 2.68049 2.67687 2.67307 2.66927 2.66547 2.66305 2.66301 2.66301 2.66301 2.12895 2.17467 2.62886 3.00660 3.26266 3.24536 3.83502 5.17269 4.84459 4.64310 4.63300 4.63300 4.63300 4.63300 4.63300 4.63300 4.63300 4.63300 4.63300 4.63300 4.63300 3.96498 2.14922 2.14922 3.34046 4.06772 4.06772 4.06772 4.06772 4.06772 4.06772 4.06772 4.06772 4.82816
3.65389 3.65389 3.46987 2.89076 2.88307 2.88307 2.88307 2.88307 2.88307 2.88307 2.88307 3.16085 3.40566 3.40566 3.40566 3.40566 3.40566 3.40566 3.40566 3.41690 3.51264 3.40889 2.68136 2.66611 2.66320 2.66301 2.66301 2.66301 2.66301 2.55909 2.31499 2.02189 1.65661 2.06000 3.20903 3.16524 3.12138 3.08611 3.08304 3.27106 4.56518 4.63300 4.63300 4.63300 4.63300 4.63300 4.63300 4.63300 4.63300 4.63300 4.63300 4.63300 4.63300 4.63300 4.48636 2.16902 2.14922 2.77036 4.06772 4.06772 4.06772 4.14109 5.50033 6.84714 7.81955 8.55179 8.92660
3.65389 3.65389 3.65389 2.95259 2.88307 2.88307 2.88307 2.88307 2.88307 2.88307 2.88307 2.99076 3.40566 3.40566 3.40651 3.47596 3.58884 3.70168 3.81467 3.91610 3.93341 3.84693 2.79456 2.66301 2.66165 2.52910 2.27945 1.97637 1.56058 1.26630 1.20064 1.13482 1.07592 1.14559 3.00561 3.08304 3.08304 3.08304 3.08304 3.10281 4.29820 4.63300 4.63300 4.63300 4.63300 4.63300 4.63300 4.63300 4.63300 4.63300 4.63300 4.63300 4.63300 4.63300 4.63300 3.00763 2.14922 2.78342 6.05238 7.26685 8.13199 8.77455 8.93171 8.93171 8.93171 8.94512 9.01533
3.65389 3.65389 3.65389 3.11893 2.88307 2.88307 2.88307 2.88307 2.88307 2.88307 2.91896 3.03120 3.60129 3.77799 3.88997 3.93341 3.93341 3.93341 3.93341 3.93341 3.93018 3.85064 2.74469 1.89942 1.45547 1.21179 1.14603 1.08294 1.06617 1.06617 1.06617 1.06617 1.06617 1.06617 2.54925 3.08304 3.08304 3.08304 3.08304 3.08304 3.77882 4.63300 4.63300 4.63300 4.63300 4.63300 4.63300 4.63300 4.63300 4.63300 4.63300 4.63300 4.63300 4.48858 4.11578 4.95423 7.35264 7.93260 8.67233 8.93171 8.95223 9.02594 9.10252 9.17895 9.25545 9.31851 9.32484
3.65389 3.65389 3.65389 3.39041 2.88811 2.89574 2.99300 3.10589 3.21872 3.33166 3.40855 3.41082 3.70112 3.93341 3.93341 3.93341 3.92581 3.83485 3.66000 3.34862 2.96814 2.71756 1.92263 1.06659 1.06617 1.06617 1.06617 1.06617 1.06617 1.06617 1.06617 1.06617 1.06617 1.06617 1.92000 3.08304 3.08304 3.08304 3.08304 3.08304 3.35906 4.60842 4.63300 4.63300 4.63300 4.63300 4.63300 4.63300 4.62590 4.40345 4.00408 3.46578 2.70235 2.14972 2.14922 3.79228 8.06260 8.13387 8.63043 9.26614 9.32208 9.32484 9.32484 9.32484 9.32484 9.32484 9.32484
3.65389 3.65389 3.65389 3.64297 3.37305 3.39514 3.41082 3.41082 3.41082 3.41082 3.41082 3.41082 3.52712 3.80502 3.55035 3.21912 2.82984 2.60090 2.48164 2.47799 2.47799 2.47799 2.24709 1.10536 1.06617 1.06617 1.06617 1.06617 1.06617 1.06617 1.06617 1.06617 1.06617 1.06617 1.19671 3.03364 3.08321 3.17760 3.35300 3.52816 3.73010 4.42402 4.63300 4.63300 4.59990 4.31247 3.88354 3.29911 2.48114 2.14922 2.18860 2.32588 2.46876 2.61108 2.75382 2.85478 7.86907 8.32719 8.46204 9.32454 9.32484 9.32484 9.32484 9.32484 9.32484 9.32484 9.32484
3.65389 3.65389 3.65389 3.65389 3.59104 3.41082 3.41082 3.41082 3.41183 3.35429 3.25563 3.15720 3.05468 2.56751 2.47799 2.47799 2.47799 2.47799 2.47799 2.47799 2.47799 2.47799 2.47474 1.30688 1.06617 1.06617 1.06617 1.06617 1.06617 1.06617 1.06617 1.06617 1.16436 1.42468 1.68780 3.27169 3.84785 3.92879 3.92879 3.92879 3.86173 3.74770 3.75351 3.11649 2.30652 2.18548 2.32290 2.46493 2.60803 2.75014 2.85379 2.85868 2.85868 2.85868 2.85868 2.85868 6.65059 8.32719 8.32719 9.16205 9.32484 9.32484 9.32484 9.32484 9.32484 9.32484 9.32484
3.65389 3.65389 3.65389 3.65389 3.68405 3.31322 3.17797 3.07943 2.97962 2.93894 2.93894 2.93894 2.93894 2.71605 2.47799 2.47799 2.47799 2.47799 2.47799 2.47799 2.47799 2.47799 2.47799 1.73283 1.06617 1.06617 1.06617 1.12846 1.37863 1.64162 1.90447 2.16759 2.33238 2.33479 2.33479 3.07521 3.80469 3.51113 3.16080 2.73446 2.39999 2.24306 2.46198 2.60399 2.74723 2.85294 2.85868 2.85868 2.85868 2.85868 2.85868 2.85868 2.85868 2.85868 2.85868 2.85868 4.80218 8.32719 8.32719 8.86473 9.32484 9.32484 9.32484 9.32484 9.32484 9.32484 9.32484
3.66062 3.70615 3.75788 3.80962 3.85238 3.19185 2.93894 2.93894 2.93894 2.93894 2.93894 2.93894 2.93894 2.85087 2.47799 2.47799 2.47799 2.47799 2.47799 2.47799 2.47799 2.47799 2.47142 2.16133 1.61716 1.85830 2.12128 2.32210 2.33479 2.33479 2.33479 2.33575 2.40946 2.50990 2.59194 2.66949 2.55178 2.75920 2.97489 3.19058 3.36203 3.31988 2.85304 2.85868 2.85868 2.85868 2.85868 2.85868 2.85868 2.85868 2.85868 2.85868 2.85868 2.85868 2.85868 2.85868 2.91851 8.02723 8.32719 8.56730 9.32484 9.32484 9.32484 9.32484 9.28241 8.75393 8.08764
3.85463 3.86084 3.86084 3.86084 3.86084 3.42096 2.93894 2.93894 2.93894 2.93894 2.93894 2.93894 2.93894 2.93412 2.52900 2.47799 2.47799 2.47728 2.43961 2.38117 2.32279 2.26433 2.21246 2.21371 2.40232 2.33479 2.33479 2.33915 2.42467 2.52228 2.60898 2.78566 2.94873 3.09259 3.23646 3.36463 3.37912 3.37577 3.37577 3.37577 3.37577 3.37522 2.95766 2.85868 2.85868 2.85868 2.85868 2.85868 2.85868 2.85868 2.85868 2.85868 2.85868 2.85868 2.85868 2.85868 2.85868 6.90277 8.32719 8.34106 9.06710 8.49350 7.82721 7.16062 6.53646 6.39863 6.39863
3.86084 3.86084 3.86084 3.86084 3.86084 3.76794 2.96148 2.93894 2.93894 2.93894 2.93894 2.93894 2.93894 2.92521 2.63497 2.34131 2.28288 2.22515 2.20442 2.20442 2.20442 2.20442 2.20442 2.21588 2.47334 2.53536 2.71046 2.91256 3.06726 3.21126 3.34888 3.38511 3.38511 3.38511 3.38511 3.38511 3.38215 3.37577 3.37577 3.37577 3.37577 3.37577 3.15517 2.85868 2.85868 2.85868 2.85868 2.85868 2.85868 2.85868 2.85868 2.85868 2.85868 2.85868 2.85868 2.85868 2.85868 4.80404 6.56913 5.90254 6.06493 6.39863 6.39863 6.35555 6.17101 5.97530 5.77970
3.86084 3.86084 3.86084 3.86084 3.86084 3.85534 3.13660 2.93894 2.93363 2.89913 2.86017 2.82123 2.78229 2.75705 2.63681 2.20442 2.20442 2.20442 2.20442 2.22499 2.33801 2.46650 2.61577 2.73741 2.89279 3.31721 3.38511 3.38511 3.38511 3.38511 3.38511 3.38511 3.38511 3.38511 3.38511 3.38511 3.38447 3.37587 3.37577 3.37577 3.37577 3.37577 3.28621 2.85576 2.85868 2.85868 2.85868 2.85868 2.85868 2.85868 2.85868 2.85868 2.85868 2.85868 2.85868 2.85868 2.85868 2.96229 5.31661 5.39887 5.60253 5.75110 5.55560 5.40288 5.39190 5.39190 5.39190
3.86084 3.86084 3.86084 3.86084 3.86084 3.86084 3.24081 2.79464 2.76099 2.75656 2.75656 2.75656 2.75656 2.75656 2.74653 2.27979 2.36398 2.52769 2.67078 2.78370 2.85047 2.89095 2.89187 2.89187 2.91005 3.29889 3.38511 3.38511 3.38511 3.38511 3.38511 3.38511 3.38511 3.38511 3.38511 3.38511 3.38511 3.37862 3.37577 3.37556 3.29467 3.14938 2.99120 2.83250 2.85868 2.85868 2.85868 2.85868 2.85868 2.85868 2.85868 2.85868 2.85868 2.85778 2.85447 2.85103 2.84758 2.84413 4.83612 5.39240 5.39262 5.39191 5.39190 5.39190 5.39190 5.39190 5.39190
3.86084 3.86084 3.86084 3.86084 3.86084 3.86084 3.51904 2.76075 2.75656 2.75656 2.75656 2.76593 2.84061 2.93731 3.03400 2.93247 2.88447 2.89187 2.89187 2.89187 2.89187 2.89187 2.89187 2.89187 2.89187 3.16783 3.38511 3.38511 3.38511 3.38511 3.38511 3.38511 3.38511 3.38511 3.38511 3.34768 3.25147 3.11000 2.88458 2.73942 2.67487 2.67487 2.67487 2.76176 2.85868 2.85868 2.85868 2.85868 2.85780 2.85451 2.85107 2.84763 2.84417 2.84162 2.84150 2.84150 2.84150 2.84150 4.09753 5.39240 5.39240 5.39215 5.39190 5.39190 5.39190 5.39190 5.39190
3.86084 3.86084 3.86084 3.86084 3.86084 3.86084 3.78035 2.91624 2.88291 2.97960 3.07630 3.16345 3.18522 3.18522 3.18522 3.09026 2.89187 2.89187 2.89187 2.89187 2.89187 2.89187 2.89187 2.89187 2.89187 3.02074 3.38292 3.38511 3.38511 3.38511 3.36132 3.26871 3.17185 3.07489 2.97802 2.91854 2.91784 2.89457 2.67516 2.67487 2.67487 2.67487 2.67487 2.66011 2.82005 2.85110 2.84767 2.84423 2.84164 2.84150 2.84150 2.84150 2.84150 2.84150 2.84150 2.84150 2.84150 2.84150 3.06306 5.34855 5.39240 5.39243 5.39190 5.39190 5.39190 5.39190 5.39190
3.86084 3.86084 3.86084 3.88673 3.98711 4.09244 4.19819 3.44332 3.18522 3.18522 3.18522 3.18522 3.18522 3.18522 3.18522 3.17340 2.90379 2.89187 2.89187 2.89187 2.89187 2.89187 2.89187 2.89187 2.89187 2.93560 3.22707 3.18909 3.09222 2.99531 2.92218 2.91784 2.91784 2.91784 2.91869 2.93235 2.95032 2.96830 2.73264 2.48935 2.30194 2.11453 1.92694 1.74688 2.30187 2.84150 2.84150 2.84150 2.84150 2.84150 2.84150 2.84150 2.84150 2.84150 2.84150 2.84150 2.84150 2.84150 2.84150 4.93587 5.39240 5.39244 5.39190 5.39190 5.39190 5.39190 5.39190
3.98773 4.09349 4.19925 4.27911 4.28385 4.28385 4.28385 3.73832 3.18522 3.18522 3.18522 3.18522 3.18522 3.18522 3.18522 3.18522 2.98702 2.89187 2.89187 2.89187 2.89327 2.94253 3.01542 3.08824 3.16105 3.22437 2.86070 2.91784 2.91784 2.91784 2.91956 2.93469 2.95267 2.96474 2.88668 2.76611 2.64123 2.51629 2.16298 1.77168 1.77168 1.77168 1.77168 1.77168 1.89237 2.84150 2.84150 2.84150 2.84150 2.84150 2.84150 2.84150 2.84150 2.84150 2.84150 2.84150 2.84150 2.84150 2.84150 4.24982 5.39240 5.39240 5.39209 5.35388 5.25610 5.15767 5.05902
4.28385 4.28385 4.28385 4.28385 4.28385 4.28385 4.28385 4.09014 3.24331 3.18522 3.18522 3.18522 3.18522 3.18522 3.18522 3.18522 3.11045 2.99261 3.06540 3.13828 3.20970 3.23326 3.23326 3.23326 3.23326 3.23326 2.95920 2.93704 2.95405 2.89465 2.78591 2.66381 2.53887 2.41983 2.38996 2.38996 2.38996 2.38996 2.31145 1.77168 1.77168 1.77168 1.77168 1.77168 1.66125 2.83513 2.84150 2.84150 2.84150 2.84150 2.84150 2.84150 2.84150 2.84150 2.84150 2.84150 2.84150 2.84150 2.84150 3.21678 5.20527 5.11906 5.02026 4.95960 4.95886 4.95886 4.94659
4.28385 4.28385 4.28385 4.28385 4.28385 4.28385 4.28385 4.27476 3.39469 3.18522 3.18522 3.19707 3.26313 3.33605 3.40887 3.48165 3.50980 3.24141 3.23326 3.23326 3.23326 3.23326 3.23765 3.25481 3.24463 3.18765 2.98067 2.55567 2.43759 2.38996 2.38996 2.38996 2.38996 2.38996 2.38996 2.38996 2.38996 2.38996 2.38972 1.89367 1.77168 1.77168 1.77168 1.77168 1.69574 2.48526 2.84150 2.84150 2.84150 2.84150 2.84150 2.84150 2.84150 2.84150 2.84150 2.84150 2.84150 2.84150 2.84150 2.84150 4.65874 4.97180 4.98569 4.81414 4.75016 4.68622 4.63455
4.28385 4.28385 4.28385 4.28385 4.28385 4.28385 4.27458 4.00032 3.64418 3.38603 3.45892 3.51985 3.52661 3.52661 3.52661 3.52661 3.52661 3.32012 3.23944 3.24570 3.19573 3.13812 3.07604 3.00126 2.95380 2.95309 2.94339 2.42114 2.38996 2.38996 2.38996 2.38996 2.38996 2.38996 2.38996 2.38996 2.38996 2.38996 2.38996 2.11815 1.77168 1.77168 1.77157 1.72669 1.62825 1.95811 2.84150 2.84150 2.84150 2.84150 2.84150 2.84150 2.84150 2.84150 2.84150 2.84150 2.86503 2.95793 3.05629 3.15377 4.41435 5.20097 5.18630 4.65602 4.62994 4.62994 4.62994
4.28385 4.28385 4.16601 3.83194 3.58588 3.40339 3.26491 3.22627 3.53885 3.56660 3.52661 3.52661 3.52661 3.52661 3.47631 3.29443 3.08892 2.96681 3.02467 2.96075 2.95309 2.95309 2.95309 2.95309 2.95309 2.95309 2.95309 2.58211 2.38996 2.38996 2.38996 2.38996 2.38996 2.38996 2.38996 2.38996 2.38996 2.38996 2.38632 2.26521 1.52641 1.36862 1.15159 1.02397 1.02397 1.39656 2.84150 2.84150 2.84150 2.84150 2.84150 2.86366 2.95598 3.05410 3.15182 3.24955 3.32413 3.32866 3.32866 3.32866 3.74220 5.20116 5.20294 4.80851 4.62994 4.62994 4.62994
3.48295 3.32433 3.23057 3.22627 3.22627 3.22627 3.22627 3.22627 3.26721 3.70890 3.44500 3.24164 3.03570 2.82976 2.67405 2.65082 2.65082 2.67377 2.94834 2.95309 2.95309 2.95309 2.95309 2.95309 2.95309 2.95309 2.95309 2.75404 2.38888 2.38996 2.38996 2.38996 2.38996 2.38751 2.37792 2.36643 2.35287 2.33670 2.32536 2.32140 1.26935 1.02397 1.02397 1.02397 1.02397 1.03324 2.68210 2.95403 3.05185 3.14987 3.24731 3.32355 3.32866 3.32866 3.32866 3.32866 3.32866 3.32866 3.32866 3.32866 3.32866 5.00298 5.20294 4.97780 4.62994 4.62994 4.62994
3.22627 3.22627 3.22627 3.22627 3.22627 3.22627 3.15119 2.95841 2.76290 2.98897 2.65213 2.65082 2.65082 2.65082 2.65082 2.65082 2.65082 2.65082 2.87437 2.95309 2.95309 2.95309 2.95309 2.95309 2.95309 2.95309 2.95309 2.91800 2.39420 2.37958 2.36834 2.35516 2.33945 2.32594 2.32525 2.32525 2.32525 2.33327 2.40093 2.48078 1.92951 1.01447 0.946273 0.868123 0.789898 0.711710 2.27703 3.32866 3.32866 3.32866 3.32866 3.32866 3.32866 3.32866 3.32866 3.32866 3.32866 3.32866 3.32866 3.32866 3.32866 4.56596 5.20294 5.14453 4.63235 4.62994 4.62994
3.22627 3.22627 3.15002 2.95646 2.76094 2.56543 2.44561 2.44420 2.44420 2.81166 2.66851 2.65082 2.65082 2.65082 2.65082 2.65082 2.65082 2.65082 2.77741 2.95309 2.95309 2.95309 2.95309 2.94994 2.87774 2.76471 2.63135 2.47181 2.31686 2.32525 2.32525 2.32525 2.32525 2.33848 2.41123 2.49113 2.56886 2.61036 2.58347 2.54436 2.23042 0.655510 0.645519 0.645519 0.645519 0.645519 1.47273 3.32866 3.32866 3.32866 3.32866 3.32866 3.32866 3.32866 3.32866 3.32866 3.32866 3.32866 3.32866 3.32866 3.32866 3.89481 5.20294 5.20294 4.74301 4.62994 4.55248
2.75899 2.56347 2.44538 2.44420 2.44420 2.44420 2.44420 2.44420 2.44420 2.54160 2.82593 2.65082 2.65082 2.65082 2.65082 2.65082 2.65082 2.65082 2.68229 2.90953 2.80420 2.67793 2.52778 2.35307 2.29694 2.29694 2.29694 2.29694 2.29888 2.34458 2.42149 2.50081 2.55496 2.58254 2.55064 2.51151 2.47459 2.46594 2.46594 2.46594 2.44848 0.876376 0.645519 0.645519 0.645519 0.645519 0.759284 3.24119 3.32866 3.32866 3.32866 3.32866 3.32866 3.32866 3.32866 3.32866 3.32866 3.32866 3.32866 3.32866 3.32866 3.33129 4.93450 4.89303 4.43626 3.98783 3.89926
