High_resolution/powerplant/Chizhou/OMI_NO2_200806.asc
ncols      200
nrows      200
xllcorner       115.585
yllcorner       28.7700
cellsize     0.0166667
NODATA_Value      -999.000
[rows 87 to 115 of 175, columns 0 to 66 of 200]
1.96441 1.99125 1.92051 1.73584 1.73812 1.73812 1.73812 1.69898 0.945398 0.924469 0.924469 0.797736 0.720151 0.720151 0.720151 0.720151 0.720151 0.720151 0.720151 0.720151 0.720151 0.720151 0.720151 0.720151 1.83119 2.00265 2.12253 2.12856 2.11361 2.07593 2.03802 2.00010 1.96670 1.96173 1.96173 1.96173 1.96173 1.96173 1.96173 1.96173 1.96173 1.98258 2.17242 2.17447 2.38988 2.84733 2.84733 2.84733 2.84733 2.88654 3.17649 3.33239 3.36084 3.37812 3.37829 3.37829 3.37829 3.37829 3.37829 3.37829 3.37829 3.37829 3.35809 3.27839 3.30676 3.28153 3.15598
2.08531 2.08566 2.03458 1.73812 1.73812 1.73812 1.73812 1.73812 1.14093 0.924469 0.924469 0.868746 0.720151 0.720151 0.720151 0.720151 0.720151 0.720151 0.720151 0.720151 0.760509 0.856661 0.953160 1.04971 1.82062 1.89523 1.97509 1.98494 1.96196 1.96173 1.96173 1.96173 1.96173 1.96173 1.96173 1.96173 1.96173 1.96173 1.96174 1.96293 1.96473 1.96664 2.16349 2.19012 2.28302 2.80194 2.97972 3.08408 3.18827 3.25342 3.28840 3.37829 3.37829 3.37829 3.37829 3.37829 3.37829 3.37611 3.31698 3.23280 3.14863 3.06449 3.00047 2.99654 3.19572 3.24400 3.22946
2.08566 2.08566 2.08406 1.76063 1.74190 1.75031 1.75884 1.76788 1.38368 0.887050 0.879424 0.870551 0.675737 0.650916 0.642848 0.695956 0.801100 0.908993 1.02002 1.13405 1.20152 1.20083 1.23798 1.35693 1.84211 1.81394 1.86986 1.99831 2.00080 2.00342 2.00600 2.00873 2.01143 2.01429 2.01710 2.02008 2.02303 2.02616 2.02923 2.03037 2.03037 2.05403 2.34724 2.53791 2.64214 3.01397 3.25432 3.25432 3.25432 3.25432 3.25699 3.37045 3.37829 3.35370 3.27193 3.18772 3.10362 3.02158 2.99705 3.00104 3.00550 3.00999 3.01444 3.01895 3.14916 3.27542 3.27991
1.64696 1.62548 1.60411 1.93191 2.19819 2.19819 2.19819 2.19819 1.94206 0.576548 0.773122 1.06277 0.979746 0.976642 1.12124 1.18580 1.18580 1.18580 1.22090 1.35668 1.54551 1.81786 2.05642 2.06008 1.88544 1.86920 1.80752 2.02652 2.03796 2.04286 2.04774 2.05268 2.05754 2.06251 2.06734 2.07232 2.07714 2.09947 2.19910 2.30845 2.41745 2.50317 2.65624 2.81068 2.81514 2.95651 3.36012 3.36461 3.36540 3.30637 3.22662 3.22652 3.19122 3.13616 3.13831 3.14278 3.14727 3.15173 3.15575 3.15628 3.15628 3.15628 3.15628 3.15628 3.20841 3.40374 3.40374
1.57435 1.57435 1.57435 1.79519 2.19700 2.16108 2.10918 2.05728 2.00489 1.95412 2.06008 2.06008 1.72553 1.18580 1.21256 1.34166 1.52462 1.78685 2.04896 2.06008 2.06008 2.06008 2.06008 2.06008 2.26532 2.27979 2.03363 2.12871 2.16899 2.16899 2.16899 2.16899 2.16899 2.18096 2.27102 2.37533 2.47956 2.56662 2.57598 2.57598 2.57598 2.57598 2.66225 2.87803 2.92016 3.06497 3.23802 3.13340 3.05296 3.03231 3.03231 3.07262 3.15628 3.15628 3.15628 3.15628 3.15628 3.15628 3.15628 3.15628 3.15628 3.15628 3.15628 3.15628 3.14107 3.33133 3.32184
1.55579 1.52984 1.50389 1.57639 1.95467 1.93869 1.93869 1.93869 1.93869 2.00941 2.06008 2.06008 2.04449 1.75888 2.03781 2.06008 2.06008 2.06008 2.06008 2.06008 2.06008 2.06008 2.06008 2.06008 2.30129 2.30129 2.10635 2.07773 2.16899 2.17660 2.26089 2.36524 2.46947 2.56186 2.57598 2.57598 2.57598 2.57598 2.57598 2.57836 2.67104 2.80939 2.97270 3.38793 3.48442 3.48777 3.18990 3.03231 3.03231 3.03231 3.03231 3.03777 3.15187 3.15628 3.15628 3.15628 3.15628 3.15628 3.15628 3.15625 3.13869 3.10618 3.07360 3.04101 3.02530 3.17782 3.27276
1.44459 1.44459 1.44459 1.47225 1.93869 1.93869 1.93869 1.93869 1.93869 1.97458 2.06008 2.06008 2.06008 2.06008 2.06008 2.06008 2.06008 2.06008 2.06008 2.06008 2.06008 2.06008 2.06008 2.06008 2.30129 2.30129 2.21103 2.01995 2.44943 2.55608 2.57598 2.57598 2.57598 2.57598 2.57598 2.60025 2.72726 2.86561 3.00396 3.14006 3.18573 3.18573 3.18573 3.45066 3.48777 3.48777 3.32684 3.03231 3.03231 3.03231 3.03231 3.03231 3.11807 3.15628 3.15628 3.15623 3.13794 3.10547 3.07279 3.04039 3.02530 3.02530 3.02530 3.02530 3.02530 3.10429 3.27276
1.44459 1.44459 1.44459 1.44459 1.84681 1.93869 1.93869 1.93869 1.93869 1.94358 2.05626 2.06008 2.06008 2.06008 2.06008 2.06008 2.06008 2.06008 2.06008 2.06008 2.06008 2.06008 2.06008 2.06008 2.30129 2.30129 2.30069 2.02200 2.45672 2.57598 2.57598 2.64500 2.78342 2.92183 3.06018 3.17426 3.18573 3.18573 3.18573 3.18573 3.18573 3.18573 3.18573 3.38899 3.48777 3.48777 3.45648 3.03946 3.03231 3.03231 3.03231 3.03253 3.11754 3.10467 3.07212 3.03964 3.02530 3.02530 3.02530 3.02530 3.02530 3.02530 3.02530 3.02530 3.02530 3.06660 3.30910
1.44459 1.44459 1.44459 1.44459 1.70438 1.93869 1.93869 1.93869 1.93869 1.93869 2.02630 2.06008 2.06008 2.06008 2.06008 2.06008 2.06008 2.06008 2.06008 2.06008 2.06008 2.06008 2.06008 2.06473 2.30129 2.30129 2.30129 2.22436 2.61729 2.97805 3.11646 3.18573 3.18573 3.18573 3.18573 3.18573 3.18573 3.18573 3.18573 3.18573 3.18573 3.18573 3.18573 3.32738 3.48777 3.48777 3.48777 3.14481 3.09854 3.23996 3.38160 3.52280 3.54399 3.03428 3.02530 3.02530 3.02530 3.02530 3.02530 3.02530 3.03053 3.10292 3.19591 3.28886 3.38185 3.44566 3.45277
1.44459 1.44459 1.44459 1.44459 1.60079 1.93869 1.93869 1.93869 1.93869 1.93869 1.99150 2.06008 2.06008 2.06008 2.06008 2.06008 2.06008 2.06011 2.06619 2.07679 2.08740 2.09800 2.10862 2.11458 2.30129 2.30129 2.30129 2.55787 2.95044 3.18385 3.18573 3.18573 3.18573 3.18573 3.18573 3.18573 3.18573 3.18573 3.18573 3.18573 3.18573 3.18573 3.18573 3.26574 3.54179 3.68227 3.82369 3.75895 3.58511 3.58517 3.58517 3.58517 3.58517 3.17054 3.02530 3.02530 3.06102 3.15330 3.24629 3.33928 3.42704 3.44761 3.44761 3.44761 3.44761 3.44761 3.45030
1.81740 1.84578 1.87395 1.90213 1.94433 1.93869 1.93869 1.93869 1.93869 1.93869 1.95668 2.06008 2.06033 2.06765 2.07826 2.08887 2.09949 2.11005 2.11460 2.11460 2.11460 2.11460 2.11460 2.11460 2.30129 2.30129 2.30129 2.32588 2.89671 3.13849 3.18573 3.18573 3.18573 3.18573 3.18573 3.18495 3.18086 3.17627 3.17184 3.16725 3.20587 3.33935 3.47648 3.63340 4.06832 4.07452 4.07734 4.01095 3.62756 3.63037 3.63318 3.64412 3.72422 3.58271 3.35598 3.45178 3.51186 3.51532 3.51814 3.52095 3.52376 3.52661 3.52944 3.53225 3.53504 3.53786 3.54569
2.11704 2.11704 2.11704 2.11704 2.11065 1.93989 1.93869 1.94305 2.04009 2.17440 2.30871 2.16055 2.11133 2.11460 2.11460 2.11460 2.11460 2.11460 2.11460 2.11460 2.11460 2.11460 2.11460 2.11460 2.06259 2.04883 2.03553 2.02174 2.61100 2.93591 3.07909 3.07450 3.07007 3.06548 3.06104 3.05724 3.09023 3.22479 3.36633 3.50780 3.60638 3.60975 3.60975 3.60975 4.06424 4.13939 4.13939 4.08775 3.82811 3.91274 4.00573 4.09053 4.10624 4.04402 3.54873 3.54637 3.54637 3.54637 3.54637 3.54637 3.54637 3.54637 3.54637 3.54637 3.54637 3.54637 3.54637
2.11704 2.11704 2.11905 2.16707 2.23423 2.30629 2.44302 2.57297 2.61024 2.61024 2.61024 2.32562 2.11460 2.11460 2.11460 2.11460 2.11460 2.11460 2.11460 2.11460 2.11460 2.11460 2.11460 2.11460 1.91479 1.91479 1.91479 1.91479 2.33422 2.78023 3.05631 3.05689 3.08171 3.21153 3.35300 3.49464 3.60273 3.60975 3.60975 3.60975 3.60975 3.60975 3.60347 3.51020 3.73599 3.79772 3.67672 3.60735 3.88259 4.10624 4.10624 4.10624 4.10624 4.10624 3.66389 3.54637 3.54637 3.54637 3.54637 3.54637 3.54637 3.54637 3.54637 3.54638 3.54638 3.54638 3.54639
2.30121 2.36854 2.43368 2.45282 2.45282 2.52882 2.61024 2.61024 2.61024 2.61024 2.61024 2.46782 2.11460 2.11460 2.11460 2.11460 2.11460 2.11460 2.11460 2.11460 2.11460 2.11460 2.11460 2.11460 1.91479 1.91479 1.91479 1.91479 2.01257 2.71529 3.24009 3.48126 3.59803 3.60975 3.60975 3.60975 3.60975 3.60975 3.57823 3.46186 3.34090 3.21995 3.10517 3.07738 3.31671 3.60703 3.60703 3.60703 3.73283 4.10624 4.10624 4.10624 4.10624 4.10624 3.84131 3.54637 3.54637 3.54637 3.54637 3.54638 3.54638 3.54639 3.54639 3.54640 3.54640 3.54640 3.54640
2.45282 2.45282 2.45282 2.45282 2.45282 2.49772 2.61024 2.61024 2.61024 2.61024 2.61024 2.59235 2.13230 2.11460 2.11460 2.11460 2.11460 2.11460 2.11460 2.11460 2.11460 2.11460 2.11460 2.11460 1.91479 1.91479 1.91479 1.91479 1.91479 2.60289 3.23617 3.60975 3.60975 3.60890 3.53458 3.41347 3.29251 3.17151 3.08207 3.07738 3.07738 3.07738 3.07738 3.07738 3.20907 3.60703 3.60703 3.60703 3.61567 4.07364 4.10624 4.10624 4.10624 4.10624 4.02352 3.54638 3.54638 3.54639 3.54639 3.54640 3.54640 3.54640 3.54640 3.54640 3.54640 3.54640 3.54640
2.45282 2.45282 2.45282 2.45282 2.45282 2.47394 2.61024 2.61024 2.61024 2.61024 2.61024 2.61024 2.25662 2.11460 2.11460 2.11460 2.11460 2.11460 2.11460 2.11460 2.11460 2.11460 2.11460 2.11460 1.91479 1.91479 1.91479 1.91479 1.91479 2.37874 2.74475 3.36534 3.24433 3.12423 3.07738 3.07738 3.07738 3.07738 3.07738 3.07738 3.07738 3.07738 3.07738 3.07738 3.10559 3.60306 3.60703 3.60703 3.60703 3.93238 4.10849 4.18781 4.30559 4.42304 4.53567 3.70867 3.54640 3.54640 3.54640 3.54640 3.54640 3.54640 3.54640 3.54717 3.55481 3.56537 3.57790
2.45282 2.45282 2.45282 2.45282 2.45282 2.45625 2.60614 2.61024 2.61024 2.61024 2.61024 2.61024 2.39872 2.11460 2.11460 2.11460 2.11460 2.11460 2.11460 2.11460 2.11460 2.11460 2.11460 2.11460 1.91479 1.91479 1.91479 1.91479 1.91479 1.91704 1.92428 2.94385 3.07738 3.07738 3.07738 3.07738 3.07738 3.07738 3.07738 3.07738 3.07738 3.07738 3.07738 3.07738 3.07738 3.52350 3.60758 3.67704 3.79468 4.08815 4.52682 4.56503 4.56503 4.56503 4.56503 4.02967 3.54640 3.54640 3.54640 3.55047 3.56026 3.57182 3.58566 3.60083 3.60388 3.60388 3.60388
2.39588 2.38636 2.37679 2.36722 2.35772 2.34822 2.51924 2.61024 2.61024 2.61024 2.61024 2.61024 2.54090 2.11460 2.11460 2.11460 2.11460 2.11460 2.11460 2.11460 2.11460 0.00000 0.00000 0.00000 1.91479 1.91479 1.91479 1.91479 1.91479 1.91479 1.92342 2.63221 3.07738 3.07738 3.07738 3.07738 3.07738 3.07738 3.07738 3.07738 3.07738 3.07738 3.07738 3.13588 3.25649 3.70953 4.01027 4.05615 4.05382 4.08579 4.54054 4.54606 4.54373 4.54138 4.54940 4.39322 3.53029 3.53663 3.54428 3.54745 3.54393 3.54042 3.53693 3.53344 3.52995 3.52647 3.52298
2.22608 2.22608 2.22608 2.22608 2.22608 2.22608 2.39642 2.61024 2.61024 2.61024 2.61332 2.66665 2.73762 2.31629 2.11460 2.11460 0.00000 0.00000 0.00000 0.00000 0.00000 0.00000 0.00000 0.00000 2.02984 2.04229 2.05463 2.06711 2.07945 2.09193 2.04512 2.32121 3.14878 3.15295 3.15705 3.16123 3.16530 3.16948 3.17357 3.22510 3.34613 3.46804 3.58956 3.65293 3.65403 3.79842 3.98424 3.98424 3.98424 3.98424 4.40814 4.61752 4.72458 4.85302 4.98814 5.00274 3.64835 3.48150 3.48150 3.48150 3.48150 3.48150 3.48150 3.48150 3.48150 3.48150 3.48150
2.22608 2.22608 2.22608 2.22608 2.22608 2.22741 2.35898 2.73641 2.80787 2.87884 2.94714 2.96506 2.96506 2.96506 0.00000 0.00000 0.00000 0.00000 0.00000 0.00000 0.00000 0.00000 0.00000 0.00000 2.26836 2.26836 2.26836 2.26836 2.26836 2.26836 2.20599 2.10386 3.09651 3.19524 3.19524 3.23268 3.34793 3.46561 3.58306 3.65344 3.65403 3.65403 3.65403 3.65403 3.65403 3.74423 4.13999 4.33553 4.56899 4.85272 5.00946 5.00946 5.00946 5.00946 5.00946 5.00946 4.12327 3.48150 3.48150 3.48150 3.48150 3.48150 3.48150 3.48150 3.48150 3.48213 3.48790
2.22723 2.25286 2.28858 2.32418 2.35967 2.39415 2.46623 2.96506 2.96506 2.96506 2.96506 2.96506 2.96506 2.96506 0.00000 0.00000 0.00000 0.00000 0.00000 0.00000 0.00000 0.00000 0.00000 0.00000 2.26836 2.26836 2.26836 2.26836 2.26836 2.26836 2.26501 2.10829 2.90059 3.45395 3.57150 3.65165 3.65403 3.65403 3.65403 3.65403 3.65403 3.70129 3.84815 4.02409 4.23584 4.48913 5.00336 5.00946 5.00946 5.00946 5.00946 5.00946 5.00946 5.00946 5.00946 5.00946 4.60480 3.48150 3.48150 3.48150 3.48150 3.48223 3.48808 3.49492 3.50174 3.50796 3.50904
2.39364 2.40349 2.40349 2.40349 2.40349 2.40349 2.41002 2.93351 2.96506 2.96506 2.96506 2.96506 2.96506 2.96506 2.96506 0.00000 0.00000 0.00000 0.00000 0.00000 0.00000 0.00000 0.00000 0.00000 2.26836 2.26836 2.26836 2.26836 2.26836 2.26836 2.26836 2.13959 2.58570 3.65403 3.65403 3.65403 3.65806 3.75718 3.91617 4.10545 4.33458 4.51055 4.51416 4.51416 4.51416 4.51416 4.92445 5.00946 5.00946 5.00946 5.00946 5.00946 5.00946 5.00946 5.00946 5.00946 4.98165 3.58699 3.48825 3.49510 3.50195 3.50803 3.50904 3.50904 3.50904 3.50904 3.50904
2.40349 2.40349 2.40349 2.40349 2.40349 2.40349 2.40349 2.76806 2.96506 2.96506 2.96506 2.96506 2.96506 2.96506 2.96506 0.00000 0.00000 0.00000 0.00000 0.00000 0.00000 0.00000 0.00000 0.00000 2.26836 2.26836 2.26836 2.26836 2.26836 2.26836 2.26836 2.18648 2.12496 3.71345 3.98912 4.19321 4.43391 4.51416 4.51416 4.51416 4.51416 4.51416 4.51416 4.51416 4.51416 4.51416 4.82348 5.00946 5.00946 5.00946 5.00946 5.00946 5.00946 5.03017 5.24150 5.49907 5.75643 4.40089 3.50904 3.50904 3.50904 3.50904 3.50904 3.50904 3.50904 3.50904 3.50904
2.35484 2.40349 2.40349 2.40349 2.40349 2.40349 2.40349 2.63319 2.96506 2.96506 2.96506 2.96506 2.96506 2.96506 2.96506 0.00000 0.00000 0.00000 0.00000 0.00000 0.00000 0.00000 0.00000 0.00000 2.26836 2.26836 2.26836 2.26836 2.26836 2.26836 2.26836 2.26341 2.26393 3.94461 4.51416 4.50378 4.46165 4.42031 4.37895 4.34028 4.30156 4.26543 4.22900 4.19507 4.16082 4.12890 4.27122 4.47461 4.45009 4.46359 4.59295 4.76802 4.93893 5.09067 5.09443 5.06346 5.03316 4.41145 3.15184 3.14194 3.13237 3.12300 3.11382 3.10481 3.09598 3.08729 3.07862
2.09312 2.40349 2.40967 2.42199 2.43501 2.44846 2.46254 2.60768 2.96506 2.96506 2.96506 2.96506 2.96506 2.96506 2.96506 2.96506 0.00000 0.00000 0.00000 0.00000 0.00000 0.00000 0.00000 0.00000 2.17432 2.15137 2.14764 2.14412 2.14068 2.13744 2.13425 2.13125 2.12830 2.70533 3.68306 3.66801 3.66710 3.66710 3.66710 3.66710 3.66710 3.66710 3.66710 3.66710 3.66710 3.67079 3.86110 4.29073 4.47088 4.70162 4.74310 4.74310 4.74310 4.74196 4.73826 4.73451 4.73076 4.65502 3.11206 3.04895 3.04516 3.04140 3.03765 3.03390 3.03015 3.02640 3.02261
1.87353 2.94282 2.96506 2.96506 2.96506 2.96506 2.96506 2.96506 2.96506 2.96506 2.96506 2.96506 2.96506 2.94854 2.71884 2.26199 0.00000 0.00000 0.00000 0.00000 0.00000 0.00000 0.00000 0.00000 2.19376 2.17509 2.20366 2.23143 2.26008 2.28793 2.31642 2.34427 2.37268 2.44740 3.81064 3.89129 3.91018 3.92885 3.94774 3.96641 3.98525 4.00522 4.12829 4.31871 4.50921 4.69581 4.76891 4.56374 4.55370 4.61823 4.62177 4.61803 4.61422 4.61161 4.61155 4.61155 4.61155 4.61155 3.45238 2.94104 2.94104 2.94104 2.94104 2.94104 2.94104 2.94104 2.94104
1.59092 2.96212 2.96506 2.96506 2.96506 2.96506 2.96506 2.96506 2.95134 2.72518 2.42987 2.13264 1.83718 1.55632 1.49071 1.49071 0.00000 0.00000 0.00000 0.00000 0.00000 0.00000 0.00000 0.00000 3.35741 2.92325 2.92325 2.92325 2.92325 2.92325 2.92325 2.92325 2.92325 2.92325 3.85370 4.20216 4.20216 4.20216 4.29116 4.46281 4.63446 4.80496 4.87239 4.87239 4.87239 4.87239 4.87239 4.59930 4.53598 4.58909 4.61155 4.61155 4.61155 4.61155 4.61155 4.61155 4.61155 4.61155 3.97642 2.94104 2.94104 2.94104 2.94104 2.94104 2.94104 2.94104 2.94104
1.49626 2.53930 2.96506 2.95311 2.73358 2.43591 2.14090 1.84337 1.56192 1.49071 1.49071 1.49071 1.49071 1.49071 1.49071 1.49071 0.00000 0.00000 0.00000 0.00000 0.00000 0.00000 0.00000 0.00000 3.60337 2.92325 2.92325 2.92325 2.92325 2.92325 2.92325 2.92325 2.92325 2.92325 3.48996 4.44646 4.61797 4.78988 4.87239 4.87239 4.87239 4.87239 4.87239 4.87239 4.87239 4.87239 4.87239 4.66771 4.53598 4.57348 4.61155 4.61155 4.61155 4.61155 4.61155 4.61155 4.61155 4.61155 4.47875 2.96276 2.94104 2.94104 2.94104 2.94104 2.92994 2.88204 2.83138
1.23603 1.47995 1.85193 1.56620 1.49071 1.49071 1.49071 1.49071 1.49071 1.49071 1.49071 1.49071 1.49071 1.49071 1.49071 1.49071 1.49071 0.00000 0.00000 0.00000 0.00000 0.00000 0.00000 0.00000 3.85601 2.94802 2.92325 2.92325 2.92325 2.92325 2.94085 2.99963 3.04884 3.08895 3.18345 4.80650 4.87239 4.87239 4.87239 4.87239 4.87239 4.87239 4.87239 4.87239 4.87239 4.87239 4.87239 4.73587 4.53598 4.55822 4.61155 4.61155 4.61155 4.61155 4.61155 4.61155 4.61155 4.61155 4.61155 3.35399 2.92923 2.88086 2.83030 2.77942 2.73997 2.73703 2.73703
