High_resolution/powerplant/Chizhou/OMI_NO2_201112.asc
ncols      200
nrows      200
xllcorner       115.585
yllcorner       28.7700
cellsize     0.0166667
NODATA_Value      -999.000
[rows 145 to 173 of 200, columns 67 to 133 of 200]
24.3416 23.6659 22.6639 21.0554 20.3771 17.6373 16.5015 16.5015 16.5015 16.5015 16.5015 16.5015 16.5015 16.5015 16.5085 16.5283 16.5485 16.5708 16.4186 16.3178 18.2600 26.9832 26.4221 25.8408 25.2428 23.6460 0.945290 0.934924 0.934924 0.934924 0.934924 0.934924 0.934924 0.934924 2.33017 3.97000 3.97000 3.97000 3.97000 3.97000 3.97000 3.97000 3.97000 3.97000 3.97000 3.97000 3.97000 3.97000 3.97000 3.97000 3.97000 2.03483 1.47976 1.47976 1.47976 1.48221 1.61700 1.82676 2.03652 2.24617 2.45605 2.59261 2.59552 2.59552 2.59552 2.59552 2.59552
20.7832 20.5983 20.4563 17.4993 17.0358 15.3101 12.8480 12.3856 11.9174 11.4547 10.9822 10.4957 10.0789 9.95036 9.81885 9.64279 9.42950 7.98656 5.83091 5.19921 4.70194 2.42011 0.934924 0.934924 0.934924 0.934924 0.934924 0.934924 0.934924 0.934924 0.934924 0.934924 0.934924 0.934924 1.46995 3.97000 3.97000 3.97000 3.97000 3.97000 3.97000 3.97000 3.97000 3.97000 3.97000 3.97000 3.97000 3.97000 3.97000 3.97000 3.97000 2.72931 1.89382 2.10358 2.31323 2.52054 2.59552 2.59552 2.59552 2.59552 2.59552 2.59552 2.59552 2.59552 2.59552 2.59552 2.59552
20.0037 19.3510 19.3364 10.5156 8.03587 7.46087 4.59020 4.55339 4.65065 4.75262 4.87052 5.01067 5.14133 5.15225 5.15225 5.15225 5.15225 5.05663 3.77172 3.74647 3.74746 3.10327 0.934924 0.934924 0.934924 0.934924 0.934924 0.934924 0.934924 0.934924 0.934924 0.934924 0.934924 0.934924 0.940994 3.63678 3.97000 3.97000 3.97000 3.97000 3.97000 3.97000 3.97000 3.97000 3.97000 3.97000 3.97000 3.97000 3.97000 3.97000 3.97000 2.59552 2.59552 2.59552 2.59552 2.59552 2.59552 2.59552 2.59552 2.59552 2.59552 2.59552 2.59552 2.59552 2.59552 2.59552 2.59552
19.9615 18.5496 18.4332 12.5910 7.70325 8.08124 5.93547 5.12951 5.15225 5.15225 5.15225 5.15225 5.15225 5.15225 5.15225 5.15225 5.15225 5.15225 4.02149 3.74647 3.74647 3.63769 0.934924 0.934924 0.934924 0.934924 0.934924 0.934924 0.934924 0.934924 0.934924 0.934924 0.934924 0.934924 0.934924 2.78249 3.97000 3.97000 3.97000 3.97000 3.97000 3.97000 3.97000 3.97000 3.97000 3.97000 0.00000 0.00000 0.00000 0.00000 0.00000 2.59552 2.59552 2.59552 2.59552 2.59552 2.59552 2.59552 2.59552 2.59552 2.59552 2.59552 2.59552 2.59552 2.59552 2.59552 2.59552
19.8576 21.8486 23.0503 18.7453 9.04012 9.04012 7.27531 5.15225 5.15225 5.15225 5.15225 5.15225 5.15225 5.15225 5.15225 5.15225 5.15225 5.15225 4.38369 3.74647 3.73927 3.84047 1.07830 0.934924 0.934924 0.934924 0.934924 0.934924 0.934924 0.934924 0.934924 0.934924 0.934924 0.934924 0.934924 2.08381 3.67387 3.96361 3.97000 3.97000 3.97000 0.00000 0.00000 0.00000 0.00000 0.00000 0.00000 0.00000 0.00000 0.00000 0.00000 0.00000 2.59552 2.59552 2.59552 2.59552 2.59552 2.59552 2.59552 2.59552 2.59552 2.59552 2.59552 2.59552 2.59552 2.59552 2.59552
19.5212 22.4018 23.3465 21.2523 9.04012 9.04012 8.33882 5.15225 5.15225 5.15225 5.15225 5.15225 5.15225 5.15225 5.14782 5.07560 4.98061 4.88550 4.50679 3.44191 3.38575 3.42105 2.18664 0.934924 0.934924 0.934924 0.934924 0.934924 0.934924 1.02564 1.50943 2.26777 2.86912 3.35420 3.75417 3.92354 2.69232 2.64567 0.00000 0.00000 0.00000 0.00000 0.00000 0.00000 0.00000 0.00000 0.00000 0.00000 0.00000 0.00000 0.00000 0.00000 2.59552 2.59552 2.59552 2.59552 2.59552 2.59552 2.59552 2.59552 2.59552 2.59552 2.59552 2.59552 2.59552 2.59552 2.59552
19.5212 21.2091 23.3465 23.1225 9.66605 9.04012 9.05539 5.49851 5.15136 5.09178 4.99674 4.90169 4.80658 4.71159 4.62092 4.59803 4.59803 4.59803 4.59730 3.48628 3.37700 3.37700 2.96635 1.03237 1.24914 1.64904 2.30943 2.84692 3.28992 3.69018 3.96104 3.96495 3.96495 3.96495 3.96495 3.96495 3.16371 2.64567 0.00000 0.00000 0.00000 0.00000 0.00000 0.00000 0.00000 0.00000 0.00000 0.00000 0.00000 0.00000 0.00000 0.00000 2.59552 2.59552 2.59552 2.59552 2.59552 2.59552 2.59552 2.59552 2.59552 2.59552 2.59552 2.59552 2.66360 2.86839 3.07707
19.5212 20.1991 23.3465 23.2044 12.4978 7.58476 6.96241 5.32543 4.63356 4.59803 4.59803 4.59803 4.59803 4.59803 4.59803 4.59803 4.59803 4.57639 4.49388 3.62175 3.30103 3.53093 3.83577 3.25433 3.68877 3.96104 3.96495 3.96495 3.96495 3.96495 3.96495 3.96495 3.96495 3.96495 3.96495 3.96495 3.55968 2.64567 0.00000 0.00000 0.00000 0.00000 0.00000 0.00000 0.00000 0.00000 0.00000 0.00000 0.00000 0.00000 0.00000 0.00000 0.00000 2.59552 2.59552 2.59552 2.59552 2.59552 2.59696 2.72502 2.93378 3.14238 3.35105 3.55984 3.70044 3.70432 3.70432
18.5940 18.3081 20.9444 21.0008 13.7027 5.51197 5.51197 5.22230 4.59803 4.59803 4.59803 4.58568 4.50884 4.42266 4.33644 4.16778 3.81606 3.53047 3.33505 3.53963 4.48936 4.49197 4.63957 4.07470 3.96495 3.96495 3.96495 3.96495 3.96495 3.96495 3.96495 3.96495 3.96495 3.96495 3.96495 3.96495 3.83016 2.64567 2.64567 0.00000 0.00000 0.00000 0.00000 0.00000 0.00000 0.00000 0.00000 0.00000 0.00000 0.00000 0.00000 0.00000 0.00000 2.63170 2.79033 2.99901 3.20768 3.41636 3.62371 3.70432 3.70432 3.70432 3.70432 3.70432 3.70432 3.70432 3.70432
14.4136 14.2024 15.1320 15.6893 12.7153 5.51385 5.54543 5.45030 4.35346 4.26523 4.13061 3.80483 3.56209 3.36429 3.19532 3.08480 3.07909 3.07909 3.07909 3.13786 4.44882 4.49197 4.51153 4.40802 3.96495 3.96495 3.96495 3.96495 3.96495 3.96495 3.96495 3.96495 3.96495 3.96495 3.96495 3.96495 3.96284 2.89249 2.64567 0.00000 0.00000 0.00000 0.00000 0.00000 0.00000 0.00000 0.00000 0.00000 1.22387 1.22387 1.22387 1.22387 1.22387 1.83028 3.70432 3.70432 3.70432 3.70432 3.70432 3.70432 3.70432 3.70432 3.70432 3.70432 3.70432 3.70432 3.70432
13.4390 13.4598 14.0087 15.3202 14.3328 5.70051 5.35168 4.90685 3.53407 3.22115 3.09322 3.07909 3.07909 3.07909 3.07909 3.07909 3.07909 3.07909 3.07909 3.07909 4.10234 4.49197 4.49197 4.54902 3.96495 3.96495 3.96495 3.96495 3.96495 3.96495 3.96495 3.96495 3.96495 3.96495 3.96495 3.96495 3.96495 3.37968 2.64567 0.00000 0.00000 0.00000 0.00000 1.22387 1.22387 1.22387 1.22387 1.22387 1.22387 1.22387 1.22387 1.22387 1.22387 1.26456 3.55447 3.70432 3.70432 3.70432 3.70432 3.70432 3.70432 3.70432 3.70432 3.70432 3.70432 3.70432 3.70432
13.5457 13.4708 13.4457 13.1285 12.4252 4.88618 4.18014 4.17998 3.44211 3.07909 3.07909 3.07909 3.07909 3.07909 3.07909 3.07909 3.07909 3.07909 3.07909 3.07909 3.69685 4.49197 4.49197 4.63582 3.96495 3.96495 3.96495 3.96495 3.96495 3.96495 3.96495 3.96495 3.96495 3.96495 3.96495 3.96495 3.96495 3.70425 2.49083 1.22387 1.22387 1.22387 1.22387 1.22387 1.22387 1.22387 1.22387 1.22387 1.22387 1.22387 1.22387 1.22387 1.22387 1.22387 2.89818 3.70432 3.70432 3.70432 3.70432 3.70432 3.70432 3.70432 3.70432 3.70432 3.70432 3.70432 3.70432
13.0473 13.0072 13.0072 12.0696 11.7973 6.72065 4.18014 4.18014 3.74154 3.07909 3.07909 3.07909 3.07909 3.07909 3.07909 3.07909 3.07909 3.07779 2.97945 2.82070 2.87423 3.91598 3.75713 3.71523 4.00095 3.96495 3.96495 3.96495 3.96495 3.96495 3.96495 3.96495 3.94193 3.81321 3.64711 3.48139 3.31532 3.04336 1.24832 1.22216 1.22387 1.22387 1.22387 1.22387 1.22387 1.22387 1.22387 1.22387 1.22387 1.22387 1.22387 1.22387 1.22387 1.22387 2.20096 3.70432 3.70432 3.70432 3.70432 3.70432 3.70432 3.70432 3.70432 3.70432 3.70432 3.70432 3.70432
13.0072 13.0072 13.0072 12.4201 11.7973 8.41586 4.18014 4.18014 4.02200 3.09796 3.07909 3.07909 3.00693 2.84836 2.68942 2.53067 2.37191 2.21445 2.15395 2.15395 2.15409 3.37389 3.56683 3.56981 3.99530 3.96495 3.94019 3.82696 3.68934 3.52319 3.35733 3.19140 3.04837 3.01180 3.01146 3.01146 3.01146 3.01146 1.63617 1.21658 1.22387 1.22387 1.22387 1.22387 1.22387 1.22387 1.22387 1.22387 1.22387 1.22387 1.22387 1.22387 1.22387 1.22387 1.50742 3.70109 3.70432 3.70432 3.70432 3.70432 3.70432 3.70432 3.70432 3.70432 3.70432 3.70432 3.70432
13.0072 13.0072 13.0072 12.7706 11.7973 9.91638 4.10337 3.77975 3.36462 2.52264 2.39948 2.24073 2.15413 2.15395 2.15395 2.15395 2.15395 2.15395 2.15395 2.15395 2.17171 3.09309 3.80995 3.91653 3.78873 3.23327 3.09224 3.03938 3.01175 3.01146 3.01146 3.01146 3.01146 3.01146 3.01146 3.01146 3.01146 3.01146 2.14600 1.21262 1.22387 1.22387 1.22387 1.22387 1.22387 1.22387 1.22387 1.22387 1.22387 1.22387 1.22387 1.22387 1.22387 1.22387 1.22387 3.28781 3.70432 3.70432 3.70432 3.70432 3.70432 3.70311 3.44156 2.98676 2.53173 2.07741 1.62189
13.0180 13.1492 13.3266 13.5153 12.4222 11.7576 1.57808 1.54073 1.54073 1.74524 2.15395 2.15395 2.15395 2.15395 2.16311 2.25997 2.37861 2.49740 2.65119 2.88219 3.09852 3.50170 4.12751 4.10935 3.87049 3.02039 3.01146 3.01146 3.01146 3.01146 3.01146 3.01146 3.01146 3.01146 3.01146 3.01146 3.01146 3.01146 2.65556 1.20980 1.22387 1.22387 1.22387 1.22387 1.22387 1.22387 1.22387 1.22387 1.22387 1.22387 1.22387 1.22387 1.22387 1.22387 1.22387 2.59060 3.66751 3.29408 2.83928 2.38449 1.92969 1.47610 1.28261 1.28261 1.28261 1.28261 1.28261
10.4935 10.0342 9.54186 9.02939 7.22637 5.83285 1.72511 1.54073 1.53833 1.58043 2.36023 2.47894 2.59773 2.73799 2.95399 3.09116 3.20642 3.32162 3.40179 3.40458 3.40458 3.43091 4.08501 4.10918 4.04408 3.15867 3.01146 3.01146 3.01146 3.01146 3.01146 3.01146 3.01146 3.01146 3.01146 3.01146 3.01146 3.01146 3.00154 1.37248 1.22077 1.22387 1.22387 1.22387 1.22387 1.22387 1.22387 1.22387 1.22387 1.22387 1.22387 1.29123 1.64725 2.03576 2.42446 2.53969 1.36422 1.28261 1.28261 1.28261 1.28261 1.28261 1.28261 1.28261 1.28261 1.28261 1.28261
3.96061 3.96061 3.96061 3.92041 3.02272 1.28325 1.17406 1.06493 0.975152 1.36616 3.03197 3.18704 3.30224 3.39589 3.40458 3.40458 3.40458 3.40458 3.40458 3.40458 3.40458 3.40458 3.90988 4.10918 4.10918 3.42151 3.01146 3.01146 3.01146 3.01146 3.01146 3.01146 3.01146 3.01146 3.01146 3.01146 3.01146 3.01146 3.01146 1.87217 1.21544 1.22387 1.22387 1.22387 1.22387 1.22387 1.33192 1.70820 2.09670 2.48560 2.87430 3.19565 3.22853 3.22853 3.22853 3.16899 1.35967 1.28261 1.28261 1.28261 1.28261 1.28261 1.28261 1.28261 1.28261 1.28261 1.28261
3.63241 3.52322 3.41415 3.34489 3.20153 1.26422 1.40364 1.57669 1.73262 1.78324 3.21994 3.40458 3.40458 3.40458 3.40458 3.40458 3.40458 3.40458 3.40458 3.40458 3.40458 3.40458 3.70756 4.10918 4.10918 3.70335 3.01146 3.01146 3.01146 3.01146 3.01146 3.01146 3.01146 3.01146 3.01146 3.01146 3.01146 3.01146 3.01146 2.38187 1.21183 1.38204 1.76914 2.15784 2.54654 2.93525 3.21590 3.22853 3.22853 3.22853 3.22853 3.22853 3.22853 3.22853 3.22853 3.22853 1.84420 1.28261 1.28261 1.28261 1.28261 1.28261 1.28261 1.28261 1.28261 1.28261 1.28261
3.33415 3.32731 3.32048 3.31384 3.31187 2.15330 1.75934 1.75934 1.75934 1.75934 2.84313 3.40458 3.40458 3.40458 3.40458 3.40458 3.40458 3.40458 3.40458 3.40458 3.40458 3.37332 3.41245 4.04117 4.00694 3.72327 3.01146 3.01146 3.01146 3.01146 3.01146 3.01146 3.01146 3.01146 3.01146 3.02951 3.21687 3.49422 3.77116 3.92361 2.89997 3.22614 3.22853 3.22853 3.22853 3.22853 3.22853 3.22853 3.22853 3.22853 3.22853 3.22853 3.22853 3.22853 3.22853 3.22853 2.38817 1.28261 1.28261 1.28261 1.28261 1.28261 1.28261 1.28261 1.28261 1.28261 1.28261
3.31187 3.31187 3.31187 3.31187 3.31187 2.60363 1.75934 1.75934 1.75934 1.75934 2.34781 3.40417 3.40458 3.40458 3.40458 3.38281 3.31368 3.23420 3.14352 3.03910 2.91758 2.84569 2.84569 3.75167 3.90260 3.85759 3.02955 3.01146 3.01146 3.03101 3.16820 3.37468 3.65016 3.92772 4.20504 4.46298 4.55239 4.55269 4.55269 4.55269 3.45635 3.20504 3.22853 3.22853 3.22853 3.22853 3.22853 3.22853 3.22853 3.22853 3.22853 3.22853 3.22853 3.22853 3.22853 3.22853 2.93200 1.28261 1.28261 1.28261 1.28261 1.28261 1.28261 1.28261 1.28261 1.28261 1.28261
3.31187 3.31187 3.31187 3.31187 3.31187 3.05380 1.75934 1.75934 1.75934 1.75934 1.92968 3.20551 3.15871 3.05674 2.93820 2.84803 2.84569 2.84569 2.84569 2.84569 2.84569 2.84569 2.84569 3.45457 3.95804 4.01725 3.66227 3.80880 4.08413 4.34142 4.48213 4.55227 4.55269 4.55269 4.55269 4.55269 4.55269 4.55269 4.55269 4.55269 3.85376 3.18075 3.22853 3.22853 3.22853 3.22853 3.22853 3.22853 3.22853 3.22853 3.22853 3.22853 3.22853 3.22853 3.22853 3.22853 3.22794 1.53071 1.28261 1.28261 1.28261 1.28261 1.28261 1.28261 1.28310 1.45600 1.76512
3.31187 3.31187 3.31187 3.31187 3.31187 3.31062 1.95302 1.75934 1.75934 1.75934 1.76021 2.71967 2.84569 2.84569 2.84569 2.84569 2.84569 2.84787 2.89145 2.95073 3.00995 3.13515 3.40341 3.93365 4.67899 4.80007 4.73881 4.61141 4.55811 4.55269 4.55269 4.55269 4.55269 4.55269 4.55269 4.55269 4.55269 4.55269 4.55269 4.55269 4.25143 3.16404 3.22853 3.22853 3.22853 3.22853 3.22853 3.22853 3.22853 3.22853 3.22853 3.22853 3.22853 3.22853 3.22853 3.22853 3.22853 2.07421 1.28261 1.30515 1.55504 1.86432 2.17343 2.48254 2.79150 2.92771 2.92771
3.31187 3.31187 3.31187 3.31187 3.31187 3.51464 2.79628 2.29773 2.34705 2.39490 2.44125 3.00779 3.39496 3.46777 3.53850 3.60680 3.70509 3.90153 4.07085 4.22419 4.37321 4.47353 4.48173 4.49790 4.92588 4.94266 4.89848 4.74482 4.60613 4.55269 4.55269 4.55269 4.55269 4.55269 4.55269 4.55269 4.55269 4.55269 4.55269 4.55269 4.53959 3.26487 3.22484 3.22853 3.22853 3.22853 3.22853 3.22853 3.22853 3.22853 3.22853 3.22853 3.22853 3.22853 3.25568 3.39757 3.55228 3.24639 2.58191 2.86849 2.92771 2.92771 2.92771 2.92771 2.92771 2.92771 2.92771
3.31187 3.31187 3.31187 3.31187 3.31187 3.78553 3.65466 3.07067 3.21932 3.36789 3.51654 3.72798 3.97304 4.10578 4.23852 4.37132 4.47442 4.48177 4.48177 4.48177 4.48177 4.48177 4.48177 4.48177 4.81029 4.94266 4.93981 4.75687 4.65074 4.55269 4.55269 4.55269 4.55269 4.55269 4.55269 4.55269 4.55269 4.55269 4.55269 4.55269 4.55269 3.64487 3.19774 3.22853 3.22853 3.22853 3.22853 3.22853 3.22853 3.27081 3.42034 3.57498 3.72969 3.88440 4.01196 4.02478 4.02478 3.96620 2.95031 2.92771 2.92771 2.92771 2.92771 2.92771 2.92771 2.92771 2.92771
3.33049 3.51471 3.73743 3.96041 4.18351 4.54959 4.71683 3.86912 3.97046 4.10314 4.23600 4.35955 4.48079 4.48177 4.48177 4.48177 4.48177 4.48177 4.48177 4.48177 4.48177 4.48177 4.48177 4.48177 4.67871 4.94266 4.94266 4.80716 4.68839 4.55269 4.55269 4.55269 4.55269 4.55269 4.55269 4.55269 4.55269 4.55269 4.55269 4.55269 4.55269 4.04288 3.17585 3.22853 3.28936 3.44304 3.59775 3.75246 3.90717 4.01961 4.02478 4.02478 4.02478 4.02478 4.02478 4.02478 4.02478 4.02478 3.19951 2.92771 2.92771 2.92771 2.92771 2.92771 2.92771 2.92771 2.92771
4.53144 4.57037 4.63591 4.75561 4.87519 5.01149 5.11421 4.58211 4.36584 4.36584 4.36584 4.36584 4.45820 4.48177 4.48177 4.48177 4.48177 4.48177 4.48177 4.48177 4.48177 4.48177 4.48177 4.48177 4.71113 5.53895 5.94266 6.17091 4.72959 4.55269 4.55269 4.55269 4.55269 4.55269 4.55269 4.55269 4.55269 4.55269 4.55307 4.84023 5.47438 5.93681 3.54314 3.92995 4.02375 4.02478 4.02478 4.02478 4.02478 4.02478 4.02478 4.02478 4.02478 4.02478 4.02478 4.02478 4.02478 4.02478 3.50718 2.92771 2.92771 2.92771 2.92771 2.92771 2.92771 2.92771 2.92771
4.95785 5.07732 5.13136 5.13136 5.13136 5.13128 5.13060 4.80260 4.36584 4.36584 4.36584 4.36584 4.42669 4.48177 4.48177 4.48177 4.48177 4.48177 4.58588 5.03462 5.46768 5.85854 6.21328 6.53686 6.73964 7.04156 7.09092 7.06921 5.22768 4.56438 4.55269 4.55269 4.55321 4.56317 4.85411 5.48826 6.12336 6.75839 7.39312 7.74102 7.74195 7.74195 4.46891 3.97862 4.02478 4.02478 4.02478 4.02478 4.02478 4.02478 4.02478 4.02478 4.02478 4.02478 4.02478 4.02478 4.02478 4.02478 3.81502 2.92771 2.92771 2.92771 2.92771 2.92771 2.92771 2.92771 2.92771
5.13136 5.13136 5.13136 5.13136 5.13136 5.13136 5.13067 5.02309 4.36584 4.36584 4.36584 4.36584 4.42167 4.93143 5.39855 5.79597 6.15658 6.48490 6.72618 6.74525 6.74525 6.74525 6.74525 6.74525 6.74525 6.94276 7.09338 7.14395 5.93416 4.89524 5.50214 6.13723 6.77176 7.39691 7.74102 7.74195 7.74195 7.74195 7.74195 7.74195 7.74195 7.74195 5.62150 3.83574 4.02478 4.02478 4.02478 4.02478 4.02478 4.02478 4.02478 4.02478 4.02478 4.02478 4.02478 4.02478 4.02478 4.02478 4.01973 3.03072 2.92771 2.92771 2.92771 2.92771 2.92771 2.92771 2.92771
