High_resolution/powerplant/Chizhou/OMI_NO2_200601.asc
ncols      200
nrows      200
xllcorner       115.585
yllcorner       28.7700
cellsize     0.0166667
NODATA_Value      -999.000
[rows 28 to 55 of 165, columns 128 to 191 of 200]
11.4430 11.3902 11.1571 11.1571 11.1117 10.9364 10.7575 10.7827 10.9552 11.2531 11.6390 12.2461 13.4705 14.4967 14.6324 14.6850 14.6850 14.0140 13.5977 13.5993 14.1875 15.0159 15.1056 15.2498 15.3893 15.5255 15.6351 15.7249 15.8120 15.8963 15.9934 16.5181 16.7180 17.4944 17.5516 17.6077 17.6617 17.3292 16.6286 16.3513 16.2144 17.5906 17.5331 17.6760 17.8460 17.9392 17.9233 17.8903 18.4639 18.5596 18.6444 18.7413 19.6496 19.7185 19.6914 19.6639 19.6368 19.6094 19.4768 18.6483 18.6212 18.5937 18.6133 18.7895
11.3816 11.2555 10.8517 10.9493 11.1642 11.5007 11.8287 11.9621 11.9370 11.9039 11.8708 12.2768 12.8689 14.4727 14.4497 14.4294 14.4092 14.8365 15.1245 15.2444 15.5456 16.5022 16.5390 16.5390 16.5390 16.5390 16.5390 16.5390 16.5390 16.5480 16.5924 16.9361 17.1177 17.7966 17.6819 17.4536 17.3089 17.0537 16.3989 16.6167 16.8155 17.4257 17.4597 17.4268 17.3944 17.3613 17.3450 17.3450 17.7509 18.0798 18.1382 18.2708 18.9927 19.4263 19.4278 19.4278 19.4278 19.4278 19.4277 18.6137 18.5213 18.5401 18.7227 18.9256
11.4121 11.6911 11.7115 11.6210 11.5880 11.5549 11.5219 11.5043 11.5142 11.5271 11.5399 11.8272 12.1176 14.1077 14.2965 14.3360 14.3756 14.9691 15.6433 15.6780 15.7318 16.8690 16.9781 17.0258 17.0740 17.1221 17.1696 17.2176 17.2655 17.2363 17.1189 17.0125 16.7302 17.2188 17.7760 17.9459 18.0322 18.0121 17.1091 17.0759 17.0759 17.2445 17.3450 17.3450 17.3450 17.3450 17.3450 17.3450 17.5511 18.0798 18.0869 18.2639 18.6727 19.3818 19.4301 19.5153 19.6413 19.7675 19.8935 19.4019 19.1178 19.0282 18.8945 18.7835
11.5035 11.8445 11.8178 11.6789 11.7314 11.7840 11.8364 11.8882 11.9308 11.9705 12.0101 12.1600 12.6119 14.0065 14.8532 14.8533 14.8533 15.0523 16.1601 16.0368 16.0368 16.9762 17.3081 17.3081 17.2957 17.1930 17.0722 16.9467 16.8134 16.7480 16.7351 16.7052 16.4489 17.0808 18.0322 18.0322 18.0322 18.0322 17.3004 17.0759 17.0759 17.1847 17.3450 17.3450 17.3450 17.3450 17.3450 17.3450 17.4152 18.2579 18.4339 18.7169 19.0433 20.0564 20.2249 20.2658 20.2045 20.0118 19.8146 19.1932 18.6069 18.5839 18.5142 18.4861
11.5166 12.2884 12.4726 12.1541 12.1532 12.1532 12.1532 12.1532 12.1532 12.1532 12.1532 12.1555 12.6190 13.3482 14.8533 14.8533 14.8533 14.8533 16.1225 16.0368 15.9942 16.5284 17.0250 16.8950 16.7738 16.7429 16.7301 16.7220 16.7219 16.7219 16.7219 16.7219 16.5159 16.6273 18.0259 18.0322 18.0322 18.0322 17.5118 17.0759 17.0759 17.1276 17.4364 17.5665 17.6968 17.8270 17.9572 18.0874 18.1755 18.8467 19.0855 19.1593 19.2764 20.0515 19.8862 19.6606 19.5035 19.4448 19.3375 19.0160 18.2434 18.1585 18.1301 18.1615
11.1594 12.2853 12.4671 12.2172 12.1532 12.1532 12.1532 12.1532 12.1532 12.1532 12.1532 12.1532 12.4569 12.7560 14.7630 14.8503 14.7655 14.6448 15.5539 15.5719 15.4809 15.8340 16.7254 16.7219 16.7219 16.7219 16.7219 16.7219 16.7219 16.7219 16.7219 16.7219 16.6017 16.4438 17.7495 18.0553 18.1751 18.3052 18.1264 17.6094 17.7395 17.8702 18.1640 18.1779 18.1779 18.1779 18.1779 18.1779 18.1779 18.6015 19.1076 19.1587 19.2498 19.7598 19.4155 19.1774 19.0909 19.0373 19.0366 18.9991 18.1447 18.1301 18.1299 18.1510
10.8336 12.2517 12.4143 12.3183 12.1532 12.1532 12.1532 12.1532 12.1532 12.1532 12.1532 12.1384 12.1868 12.4203 13.7660 14.3398 14.2909 14.2780 15.0319 15.4827 15.4506 15.5384 16.7151 16.7219 16.7219 16.7219 16.7219 16.7219 16.7219 16.7595 16.8712 16.9848 17.0639 16.9345 17.9527 18.8545 18.8651 18.8651 18.7671 17.9088 17.9087 17.9087 18.1070 18.1779 18.1777 18.1844 18.2182 18.2548 18.4574 18.9796 20.0317 20.3393 20.5312 20.3535 19.3602 19.0312 19.0307 19.0302 19.0297 19.0292 18.2756 18.0933 18.0916 18.1029
10.7687 11.8861 12.3616 12.4195 12.1532 12.1532 12.1532 12.1220 12.0324 11.9368 11.7577 11.5172 11.3166 11.4522 12.2292 13.6097 13.7749 14.2671 14.6412 15.6361 15.4506 15.4506 16.5169 16.7785 16.8921 17.0057 17.1194 17.2337 17.3511 17.4311 17.4372 17.4413 17.4454 17.2233 17.5969 18.8984 18.9025 18.9066 18.9108 18.0230 17.9009 17.9241 18.0990 18.3153 18.6309 18.9686 19.2790 19.5869 19.7285 19.7348 20.5623 20.6361 20.5891 20.5300 19.6462 19.0287 19.0144 19.0115 19.0085 19.0055 18.4510 18.0630 18.0600 18.0689
10.7687 11.4715 12.3086 12.4433 11.9352 11.7227 11.4526 11.2121 11.0346 10.8708 10.7845 10.7565 10.7548 10.9533 11.2203 13.2122 13.3775 14.2489 14.2957 15.9049 15.9072 16.0249 16.9227 17.4750 17.4791 17.4832 17.4873 17.4908 17.4912 17.4912 17.4912 17.4912 17.4912 17.3508 17.2459 18.8406 18.9758 19.0324 19.0921 18.6503 18.6636 19.0061 19.3662 19.6651 19.6906 19.6870 19.6834 19.6799 19.6763 19.6728 20.2638 20.5732 20.5552 20.4750 19.9194 19.1215 18.9742 18.9742 18.9742 18.9742 18.6272 18.0376 18.0376 18.0402
10.8341 10.9605 11.2475 11.2167 10.9128 10.7346 10.7195 10.7153 10.7111 10.7069 10.7028 10.7062 10.7160 10.8322 11.0567 12.6939 13.2712 14.1595 14.2827 15.7469 16.2343 16.2452 16.7641 17.5915 17.6130 17.6344 17.6558 17.6773 17.6988 17.7204 17.7417 17.7638 17.8250 17.8479 17.5809 18.8840 20.0929 20.4027 20.7095 20.3854 19.8033 19.8033 19.7928 19.6645 19.6640 19.6640 19.6640 19.6640 19.6640 19.6640 20.0131 20.5716 20.5713 20.4885 20.2058 19.3102 18.9742 18.9742 18.9021 18.7083 18.3694 17.3795 17.1798 16.9354
10.4068 10.3569 10.7870 10.9292 10.8699 10.7118 10.7330 10.7543 10.7756 10.7969 10.8181 10.8318 10.8408 10.8652 11.1656 12.1236 13.3825 14.0055 14.4337 15.4672 16.3760 16.3784 16.6161 17.8351 17.8351 17.8351 17.8351 17.8444 17.8998 17.9614 17.8312 17.4878 17.1052 16.6999 16.0275 17.5639 20.8367 20.8367 20.8367 20.6152 19.8033 19.8033 19.8033 19.6848 19.6640 19.6640 19.6640 19.6640 19.6640 19.6640 19.7684 20.5422 20.3376 20.0488 19.7425 18.6171 18.0054 17.7991 17.6751 17.6407 17.5763 16.6491 16.5673 16.6575
10.2346 10.2468 10.5105 10.6465 10.7199 10.9016 10.9016 10.9016 10.9016 10.9016 10.9016 10.9016 10.9016 10.9016 11.1248 11.4772 13.4012 13.7559 14.4412 15.0347 16.3716 16.3784 16.3866 17.7640 17.9239 17.9589 17.6976 17.3454 16.9474 16.5431 16.3302 16.3302 16.3302 16.3302 16.1098 16.2545 20.6755 20.8367 20.8367 20.8123 19.8367 19.8033 19.8033 19.7156 19.6640 19.7520 19.9683 20.1856 20.4031 20.6202 20.8377 19.3524 19.0104 18.9864 18.9138 18.2801 17.7082 17.5558 17.5887 17.6641 17.6567 16.8212 16.3491 16.0797
9.80333 10.0085 10.2208 10.5067 10.6587 10.8692 10.9016 10.9016 10.9016 10.9016 10.9016 10.9016 10.9016 10.9016 11.0264 11.2179 12.9746 13.5129 14.4443 14.6573 16.4765 16.4381 16.1074 16.7761 16.7897 16.4118 16.3302 16.3302 16.3302 16.3302 16.3302 16.3302 16.3302 16.3302 16.2275 15.9497 19.5092 20.8367 20.8455 21.0079 20.4304 20.4089 20.6263 20.7867 20.9217 21.0512 21.0522 21.0522 21.0522 21.0522 21.0522 19.8815 19.0107 19.0181 19.1119 18.8515 17.8885 17.3671 17.1079 16.8386 16.6793 16.2120 15.7414 15.7414
9.68245 10.0085 10.0987 10.4740 10.6488 10.8015 10.9016 10.9016 10.9016 10.9016 10.9016 10.9016 10.9016 10.9016 10.9417 11.2779 12.3995 13.3554 13.8766 13.6424 14.8885 14.8852 14.8734 15.5841 16.3302 16.3302 16.3302 16.3302 16.3302 16.3302 16.3302 16.3302 16.3469 16.4445 16.5446 16.3029 18.7564 21.9612 22.1696 22.2249 21.6599 21.1914 21.1914 21.1653 21.0522 21.0522 21.0522 21.0522 21.0557 21.0683 21.0758 20.2440 18.4528 18.0765 17.9666 17.7357 16.9746 16.6279 16.6059 16.5974 16.5888 16.4736 16.2914 16.3359
9.55083 10.0084 10.0120 10.4367 10.6084 10.7336 10.9016 10.9016 10.9016 10.9016 10.9227 10.9686 11.0086 10.9960 10.9596 11.1580 11.3516 12.1552 12.5913 12.9362 14.1535 14.8694 14.8734 15.2562 16.3302 16.3302 16.3614 16.4663 16.5745 16.6825 16.7907 16.8988 16.9903 16.9634 16.8970 16.5728 17.3136 22.1752 22.2252 22.2252 21.8393 21.0934 21.0831 21.0715 20.9398 20.9362 20.8679 20.5273 20.1563 19.7762 19.4012 19.1413 17.2454 17.2056 17.3474 17.6287 17.0448 16.6261 16.5353 16.5559 16.5766 16.6026 16.7167 16.7420
9.48702 9.95286 10.0085 10.3183 10.5658 10.6723 10.9291 10.9807 11.0117 10.9914 10.9459 10.8757 10.8113 10.7996 10.8003 10.9590 11.1477 12.0189 12.3912 12.9468 13.5789 14.4255 14.5991 14.6938 16.2204 16.2787 16.2827 16.2017 16.1141 16.0245 15.9320 15.8368 15.7389 15.6959 15.6959 15.5334 15.3886 21.0516 22.2259 22.2311 22.0968 21.0479 20.8383 20.4949 20.0777 19.7146 19.4406 19.4384 19.4634 19.4880 19.5129 19.5375 18.0065 17.5454 17.5933 18.0073 17.6926 17.1544 16.8964 16.8964 16.8964 16.8964 17.0236 17.0515
9.47692 9.82653 10.0165 10.2371 10.5933 10.6830 10.7914 10.7585 10.6762 10.6475 10.6225 10.5968 10.5705 10.5435 10.4856 10.4453 10.6959 11.2763 11.8086 12.5205 12.4720 12.7562 13.8750 13.8750 15.3587 15.7172 15.7350 15.7528 15.7705 15.7883 15.8061 15.8239 15.8416 15.8594 15.8762 15.8482 15.4731 19.3522 21.9939 21.5596 21.1108 19.8347 19.6141 19.6141 19.6570 19.6959 19.6959 19.6959 19.6959 19.6959 19.6959 19.6959 18.6924 17.6542 17.6542 17.9609 17.9606 17.2958 16.9161 16.8964 16.8964 16.8845 16.8881 16.8412
9.48926 9.47672 9.38913 9.38812 9.93459 10.1437 10.2831 10.4373 10.4048 10.3325 10.2522 10.1686 10.0855 10.0022 9.95001 9.93884 10.2750 10.6257 11.5358 12.1682 12.3247 12.3214 13.5865 13.6868 15.0301 15.9803 15.9803 15.9803 15.9803 15.9803 15.9746 15.9507 15.9258 15.9850 16.1103 16.2533 16.1923 17.6734 20.4870 20.4874 20.4874 19.8678 19.6141 19.6141 19.6389 19.6959 19.6959 19.6959 19.6959 19.6959 19.6959 19.6959 19.2447 17.6542 17.6530 17.7645 17.9056 17.1514 16.6946 16.4937 16.4073 16.3347 16.3951 16.5251
9.24908 9.25105 9.26310 9.29576 9.92982 10.1230 10.1312 9.90724 9.85647 9.84561 9.84225 9.84225 9.84225 9.84225 9.84225 9.84225 10.0598 10.2722 11.3719 11.8810 12.2725 12.2725 13.1845 13.6758 14.5103 15.9803 15.9661 15.9409 15.9317 16.0344 16.1644 16.3125 16.4616 16.5266 16.5266 16.5266 16.4057 16.7844 20.1514 20.4874 20.4874 20.0542 19.6141 19.6141 19.6210 19.6957 19.6959 19.6959 19.6866 19.6419 19.5938 19.5457 19.4699 17.2579 17.0030 17.0163 17.3881 16.9720 16.5349 16.4264 16.5090 16.6017 16.6553 16.6528
9.39456 9.42569 9.44671 9.44731 9.87125 10.1513 10.1658 9.87215 9.84225 9.84225 9.84225 9.84225 9.84225 9.84225 9.84225 9.84225 9.93019 10.2582 11.0074 11.6817 12.2725 12.2700 12.7728 13.6266 13.9726 16.0836 16.2222 16.3716 16.5050 16.5266 16.5266 16.5266 16.5266 16.5266 16.5266 16.5266 16.4946 16.2851 19.4198 20.4874 20.4874 20.2603 19.5886 19.5406 19.4924 19.5149 19.4781 19.4299 19.3912 19.3877 19.3877 19.3877 19.3877 17.7405 16.9659 16.9681 17.3212 17.2152 16.5971 16.4157 16.2205 16.0207 15.8196 15.6180
9.44731 9.44731 9.44731 9.44731 9.69366 10.1423 10.1674 9.96142 9.84225 9.84225 9.84225 9.84225 9.84225 9.84225 9.84225 9.84225 9.84429 10.2072 10.6017 11.4678 12.2885 12.4279 12.7141 14.1220 14.2236 16.3205 16.5266 16.5266 16.5266 16.5266 16.5266 16.5266 16.5266 16.5266 16.5266 16.5436 16.7740 16.8345 18.4005 20.2508 20.1907 20.1039 19.3241 19.3059 19.3059 19.3584 19.3877 19.3877 19.3877 19.3877 19.3877 19.4059 19.4597 18.5151 16.8794 16.5433 16.2717 15.9751 15.7115 15.6983 15.6934 15.6883 15.6832 15.6276
9.44731 9.44731 9.44731 9.44731 9.51710 10.1322 10.1674 10.0522 9.84225 9.84225 9.84225 9.84225 9.84210 9.82343 9.79188 9.78054 9.87241 10.2605 10.6542 11.8924 12.6240 12.8188 12.8188 13.9705 14.2221 15.8049 16.5266 16.5266 16.5266 16.5687 16.8305 17.1241 17.4171 17.7106 18.0037 18.2800 18.3432 18.2002 18.0775 19.9081 20.1022 20.1022 19.5855 19.5144 19.5553 19.6339 19.7330 19.8253 19.9338 19.9271 19.6049 19.2366 18.8156 17.9836 15.3003 15.2890 15.3342 15.5346 15.5841 15.6130 15.6130 15.6130 15.6130 15.6130
9.44731 9.44731 9.44731 9.44731 9.44731 10.0196 10.1635 10.1405 9.84264 9.81517 9.78750 9.83595 9.98214 10.1497 10.3300 10.4901 10.5470 10.7163 11.0712 11.8568 12.5060 12.8188 12.8188 13.6517 14.5829 15.9401 17.4738 17.7673 18.0603 18.3120 18.3432 18.3432 18.3432 18.3432 18.3432 18.3432 18.3432 18.2905 18.0561 19.2998 20.1022 20.1022 20.1279 20.1957 20.2469 19.9816 19.6107 19.0879 18.5495 18.1394 18.0687 18.0162 17.9635 17.9107 15.2285 14.7782 14.7269 14.8979 14.8979 14.8978 14.8453 14.7925 14.7401 14.6872
9.44731 9.44731 9.44731 9.46027 9.50114 9.90961 10.2291 10.3306 10.2362 10.3635 10.5539 10.6667 10.6849 10.7001 10.7149 10.7293 10.7434 10.7880 11.2481 11.7257 12.5479 13.0305 13.2836 14.1867 16.0387 16.5840 18.3432 18.3432 18.3432 18.3435 18.3537 18.3686 18.3835 18.3984 18.4132 18.4281 18.4430 18.4519 18.2600 18.9483 20.3032 19.9101 19.4823 19.0121 18.5581 18.4220 17.4014 17.3590 17.3590 17.3590 17.3590 17.3590 17.3590 17.3590 15.5478 14.3317 14.3317 14.4809 14.5877 14.6596 14.6617 14.6617 14.6617 14.6617
9.64590 9.66322 9.68773 10.0034 10.1712 10.4843 11.0071 11.0857 10.9493 10.8183 10.8183 10.8394 10.9135 10.9901 11.0673 11.1505 11.2380 11.3052 11.5690 11.7843 12.6883 13.2478 13.3956 13.7272 16.0957 16.2851 18.4829 18.5489 18.5638 18.5784 18.5831 18.5831 18.5831 18.5590 18.4794 18.3985 18.3460 18.3130 18.5533 18.7837 18.4735 18.4480 18.4480 18.4480 18.4480 18.4480 17.6221 17.3590 17.3590 17.3590 17.3590 17.3590 17.3590 17.3590 16.3666 14.3317 14.3317 14.4047 14.5613 14.5525 14.5085 14.4423 14.3762 14.3101
9.94662 10.0964 10.2527 10.4743 10.5898 10.6378 11.1147 11.0674 11.0481 11.2408 11.3284 11.3949 11.4081 11.4186 11.4292 11.4336 11.4336 11.4336 11.5641 11.8184 12.5345 13.2002 13.4146 13.7416 15.5573 16.2680 18.0934 18.5831 18.5820 18.5290 18.4472 18.3729 18.3306 18.3159 18.3567 18.3988 18.4125 18.4125 18.5105 18.7994 18.5663 18.4480 18.4480 18.4480 18.4480 18.4480 17.8628 17.3590 17.3590 17.3590 17.3590 17.3454 17.1458 16.8868 16.4291 14.0915 14.0052 13.9470 14.1352 14.1779 14.2239 14.2239 14.2239 14.2185
10.5164 10.4757 10.4216 10.4695 10.5718 10.5361 10.9609 10.9829 10.9875 11.4074 11.4336 11.4336 11.4336 11.4336 11.4336 11.4336 11.4336 11.4336 11.4544 11.8083 12.2352 13.0421 13.3672 13.7081 14.8502 16.1817 17.4073 18.3539 18.3161 18.3304 18.3734 18.4089 18.4125 18.4125 18.4125 18.4125 18.4125 18.4125 18.4196 18.7673 18.6796 18.4480 18.4480 18.4480 18.4480 18.3799 17.7859 16.7828 16.5238 16.2651 16.0063 15.7611 15.7023 15.7023 15.7023 14.2777 13.8939 13.8939 14.0638 14.1349 14.1822 14.1097 13.8948 13.6772
10.2621 10.2673 10.2673 10.3100 10.5333 10.5333 10.8213 11.0025 10.9795 11.2893 11.4336 11.4336 11.4336 11.4336 11.4336 11.4336 11.4336 11.4336 11.4336 11.7092 11.9128 12.8144 13.2081 13.3853 13.8969 16.0320 16.8638 18.4125 18.4125 18.4125 18.4125 18.4125 18.4125 18.4125 18.4125 18.4125 18.4125 18.4125 18.4131 18.7508 18.5268 17.7723 17.5089 17.2498 16.9917 16.8009 16.6869 15.7028 15.7023 15.7023 15.7023 15.7023 15.7023 15.7023 15.6567 14.6094 13.6118 13.1961 12.9240 12.8941 13.1619 13.1891 13.1807 13.1807
