High_resolution/powerplant/Chizhou/OMI_NO2_200906.asc
ncols      200
nrows      200
xllcorner       115.585
yllcorner       28.7700
cellsize     0.0166667
NODATA_Value      -999.000
[rows 0 to 28 of 165, columns 0 to 66 of 200]
1.58824 1.80102 2.04861 2.22115 2.34705 2.46767 2.61941 2.60983 2.59864 2.59460 2.59460 2.59460 2.59460 2.59460 2.59460 2.54168 2.40378 2.78608 2.80031 2.80031 2.80031 2.73757 2.61011 2.50105 2.21178 1.86046 1.79518 1.77939 1.77939 1.77939 1.77939 1.77939 1.76740 1.47564 2.32573 2.89571 2.90308 2.92701 2.99052 2.90511 2.83193 2.76974 2.89857 3.14815 3.15672 3.16423 3.17008 3.17088 3.17088 3.17088 3.20962 3.24329 3.24329 3.24329 3.24329 3.24329 3.24329 3.24329 3.23227 3.26084 3.31130 0.00000 0.00000 4.40764 4.40764 4.32043 4.37310
2.34887 2.38889 2.38889 2.38889 2.39383 2.41637 2.58805 2.59460 2.59460 2.59460 2.59460 2.59460 2.59460 2.59460 2.59460 2.59819 2.51350 2.91485 2.94832 2.35140 2.27581 2.23707 2.23692 2.23692 2.15868 1.77939 1.77939 1.77939 1.81583 1.90407 2.01060 2.13847 2.23775 2.28293 2.38900 2.79444 2.75061 2.71150 2.72066 2.76295 2.79645 2.82587 2.87885 3.16958 3.17088 3.17088 3.17088 3.17088 3.17088 3.17088 3.18997 3.24329 3.24329 3.24329 3.24329 3.24329 3.24329 3.24329 3.23780 3.24988 3.64878 3.97165 3.97586 3.95650 3.90274 3.87028 4.12690
2.38889 2.38889 2.38889 2.38889 2.38899 2.40704 2.54566 2.59460 2.59460 2.59460 2.63318 2.70447 2.77024 2.83089 2.88692 2.93260 2.89908 3.09020 3.26700 2.27507 2.23692 2.23692 2.23692 2.23692 2.24976 1.95547 2.00026 2.12241 2.21382 2.26277 2.27999 2.26486 2.25124 2.23935 2.23581 2.64973 2.69480 2.73172 2.82386 2.84530 2.84530 2.84530 2.84530 3.10609 3.17088 3.17088 3.17088 3.17088 3.17088 3.17088 3.17413 3.24159 3.24329 3.24511 3.24950 3.25249 3.24925 3.24529 3.24064 3.23041 3.66417 3.86939 3.86939 3.86939 3.86939 3.86946 4.02688
2.38889 2.38889 2.38889 2.38889 2.41099 2.53033 2.66859 2.80149 2.85972 2.91364 2.93888 2.93888 2.93888 2.93888 2.93888 2.93888 2.91951 3.00022 3.30554 2.54229 2.25760 2.28739 2.31559 2.37965 2.45787 2.35561 2.26299 2.25320 2.24403 2.24361 2.24361 2.24361 2.24361 2.24256 2.23400 2.52096 2.69480 2.69861 2.80887 2.84507 2.84530 2.84530 2.84530 3.00845 3.17088 3.17088 3.17088 3.16008 3.12553 3.09016 3.05481 3.19534 3.25789 3.25267 3.24562 3.23936 3.23842 3.23842 3.23842 3.22892 3.49209 3.88838 3.96385 3.96399 3.96208 3.96062 3.95799
2.38889 2.38889 2.38889 2.86103 3.02164 2.99706 2.89057 2.93831 2.93888 2.93888 2.93888 2.93888 2.93888 2.93888 2.93888 2.93860 2.92670 2.89771 3.19170 2.84870 2.45694 2.52827 2.59744 2.62843 2.63090 2.50565 2.24361 2.24361 2.24361 2.24361 2.24361 2.24361 2.24361 2.24361 2.23621 2.39034 2.69480 2.69480 2.77629 2.83646 2.84530 2.83842 2.80554 2.83579 3.06036 3.02501 2.98966 2.96508 2.96031 2.95322 2.94614 3.08343 3.23842 3.23842 3.23842 3.23837 3.23645 3.23360 3.24184 3.24616 3.32805 3.82338 3.93603 3.93454 3.93454 3.93454 3.93454
2.38889 2.38889 2.38889 2.78564 3.03127 3.03121 2.90414 2.94181 2.96978 2.98735 3.00520 3.02243 3.03109 3.03605 3.04791 3.07899 3.14740 3.18571 3.39266 3.31913 2.63090 2.63090 2.63090 2.63090 2.63090 2.61219 2.25485 2.24361 2.24361 2.24361 2.24361 2.24361 2.24361 2.24361 2.23944 2.27064 2.65771 2.62525 2.64246 2.70152 2.66967 2.64116 2.63868 2.64014 2.92836 2.95473 2.94765 2.94057 2.93744 2.93744 2.93739 2.99512 3.23358 3.23179 3.24451 3.26176 3.28090 3.30095 3.30992 3.30003 3.24879 3.66724 3.93454 3.93454 3.93454 3.93454 3.93454
2.93183 2.97574 3.02014 3.19294 3.51085 3.54056 3.40926 3.28031 3.25697 3.24727 3.25033 3.25751 3.30202 3.35909 3.40906 3.44032 3.44268 3.42271 3.41776 3.43237 2.74767 2.63090 2.63090 2.63090 2.63090 2.63090 2.35384 2.24361 2.24361 2.24397 2.27332 2.32103 2.36887 2.41669 2.46362 2.49791 2.49199 2.48818 2.49716 2.64029 2.63726 2.63066 2.62357 2.61648 2.80794 2.93739 2.93547 2.93259 2.92972 2.93052 2.94623 2.96716 3.25985 3.30542 3.30992 3.30992 3.30992 3.30992 3.30992 3.30992 3.25579 3.46259 3.92562 3.93454 3.93454 3.93454 3.93454
3.20805 3.20805 3.20805 3.21374 3.54241 3.53971 3.46589 3.23890 3.30126 3.35527 3.39643 3.43393 3.44268 3.44268 3.44268 3.44268 3.44268 3.43872 3.40938 3.43237 2.97697 2.63090 2.63090 2.63090 2.64589 2.69265 2.58111 2.40091 2.44873 2.49625 2.51468 2.51468 2.51468 2.51468 2.51468 2.50385 2.48042 2.44989 2.42399 2.56341 2.61239 2.63430 2.67438 2.71450 2.80767 2.93181 2.95081 2.97089 2.99097 3.00739 3.00894 3.00894 3.20073 3.30992 3.30992 3.30992 3.30992 3.30992 3.30992 3.30992 3.27611 3.33063 3.84045 3.93454 3.93454 3.93454 4.00092
3.18301 3.15112 3.11914 3.08821 3.38309 3.49177 3.49177 3.40319 3.43870 3.44268 3.44268 3.44268 3.44268 3.44268 3.44268 3.44268 3.44268 3.44268 3.40874 3.35423 3.10249 2.77242 2.82024 2.86808 2.90093 2.90196 2.85917 2.51596 2.51468 2.51468 2.51468 2.50990 2.49788 2.40492 2.24580 2.21745 2.43103 2.46491 2.51838 2.64989 2.78855 2.81923 2.83933 2.85941 2.88400 3.00453 3.00894 3.00894 3.00894 3.00894 3.00894 3.00894 3.11630 3.30992 3.30992 3.30992 3.30992 3.30992 3.30992 3.30992 3.29642 3.24879 3.77146 4.20462 4.41396 4.62304 4.76609
3.07966 3.07966 3.07966 3.07966 3.26878 3.49177 3.49177 3.44982 3.43059 3.44268 3.44268 3.44268 3.44268 3.41501 3.34559 3.27574 3.20586 3.13601 3.04789 2.95268 2.95043 2.90390 2.90196 2.90196 2.90196 2.90196 2.90206 2.58765 2.49726 2.44095 2.28516 2.13760 2.04462 2.04340 2.09689 2.19097 2.66345 2.65084 2.64894 2.66725 2.88157 2.89193 2.89193 2.89193 2.89193 2.97407 3.00894 3.00894 3.00894 3.00894 3.00894 3.00894 3.03405 3.30773 3.30992 3.30992 3.32483 3.39099 3.46769 3.56665 3.66677 3.71011 4.27334 4.90005 4.90015 4.90015 4.90015
3.07966 3.07966 3.07966 3.07966 3.12778 3.48927 3.49177 3.47105 3.34820 3.31101 3.24117 3.17128 3.10140 3.05890 3.05848 3.05848 3.05848 3.05848 3.05347 2.96361 2.95213 2.91658 2.90244 2.91290 2.92895 2.93065 2.83460 2.48589 2.13427 2.09079 2.14187 2.18068 2.18247 2.18247 2.18247 2.18247 2.53932 2.65704 2.64894 2.64894 2.84021 2.89193 2.89193 2.89193 2.89193 2.93899 3.00894 3.00894 3.00894 3.00894 3.02078 3.08147 3.14728 3.46723 3.60678 3.70314 3.78844 3.82305 3.84658 3.84826 3.84826 3.81083 3.97506 4.84455 4.92656 4.97664 5.04612
3.07966 3.07966 3.07966 3.07966 3.07966 3.10931 2.98182 2.87380 2.92027 3.04877 3.05848 3.05848 3.05848 3.05848 3.05848 3.05848 3.05848 3.05848 3.05900 3.00417 2.98810 2.98446 2.91386 2.82961 2.74013 2.66912 2.69913 2.60257 2.18247 2.18247 2.18247 2.18247 2.18247 2.18247 2.18247 2.18247 2.37402 2.66341 2.64894 2.64894 2.76730 2.89193 2.89193 2.89193 2.89883 2.96745 3.13747 3.20376 3.26961 3.33550 3.39047 3.41762 3.44795 3.65261 3.84386 3.84826 3.84826 3.84826 3.84881 3.87550 3.91702 3.96635 3.99097 4.94043 5.21909 5.23919 5.23984
3.07966 3.07966 3.07966 3.07966 3.07966 2.94420 2.85145 2.85145 2.89296 3.01558 3.05848 3.05848 3.05819 3.04971 3.03805 3.03182 3.02671 3.03674 3.03156 2.96545 2.89230 2.79469 2.70491 2.70490 2.70490 2.70490 2.70490 2.70323 2.24001 2.18247 2.18247 2.18247 2.18247 2.18247 2.18247 2.18247 2.21835 2.65986 2.65351 2.72049 2.83541 3.07650 3.14322 3.20903 3.26806 3.27770 3.37170 3.41139 3.44171 3.47201 3.50134 3.50973 3.50973 3.58973 3.87591 3.91648 3.96135 4.03771 4.12041 4.17694 4.21863 4.23132 4.12494 4.65142 5.23984 5.23984 5.23984
2.88949 2.85886 2.82833 2.79786 2.76728 2.70521 2.60250 2.58215 2.58172 2.75930 2.86090 2.85462 2.85683 2.89196 2.91871 2.87484 2.82115 2.75244 2.69833 2.71111 2.77209 2.77179 2.71500 2.70490 2.70490 2.70490 2.70490 2.70490 2.39643 2.18247 2.18247 2.18247 2.18247 2.18920 2.20272 2.21624 2.22975 2.59326 3.05814 3.16330 3.16330 3.25757 3.27770 3.28851 3.31844 3.34877 3.43788 3.50973 3.51034 3.53737 3.57833 3.61929 3.67061 3.75666 4.12506 4.18830 4.22663 4.23348 4.23348 4.23348 4.23348 4.23348 4.15925 4.31387 5.21582 5.23984 5.23984
2.51437 2.51437 2.51437 2.51437 2.51437 2.51401 2.47829 2.48616 2.50295 2.64608 2.93831 2.92601 2.86539 2.78003 2.70617 2.69766 2.69766 2.69766 2.69766 2.69914 2.78119 2.77179 2.73415 2.70490 2.70490 2.70490 2.70490 2.70784 2.57014 2.21169 2.22520 2.23872 2.25224 2.25906 2.25906 2.25906 2.25906 2.44349 2.95703 3.17154 3.20931 3.29901 3.37283 3.39234 3.39146 3.38932 3.42997 3.66025 3.72043 3.77661 3.81885 3.86114 3.89304 3.89495 4.12288 4.23348 4.23348 4.23348 4.23348 4.23348 4.23348 4.23348 4.19570 4.12481 5.04344 5.23984 5.23984
2.51437 2.51437 2.51629 2.53381 2.55524 2.57300 2.55087 2.53980 2.54063 2.50379 2.61155 2.69766 2.69766 2.69766 2.69766 2.69766 2.69766 2.69766 2.69766 2.69766 2.76939 2.76914 2.71843 2.72957 2.74308 2.75660 2.77012 2.78070 2.76535 2.28283 2.25906 2.25906 2.25906 2.25906 2.25906 2.27259 2.43359 2.66066 2.96033 3.31281 3.31259 3.32372 3.38535 3.38443 3.41351 3.45577 3.49962 3.83895 3.89493 3.89495 3.89495 3.89495 3.89495 3.89495 4.02793 4.23348 4.23348 4.23348 4.23348 4.23348 4.23348 4.23348 4.22824 4.12102 4.69015 5.24177 5.20652
2.55750 2.57425 2.58709 2.58915 2.58916 2.58916 2.56960 2.54063 2.54063 2.52215 2.48237 2.69766 2.69766 2.69766 2.69766 2.69766 2.68625 2.64909 2.61108 2.57298 2.57024 2.43989 2.43472 2.76713 2.78149 2.78149 2.78149 2.78149 2.78149 2.42478 2.25906 2.25928 2.37033 2.57195 2.77276 2.95819 2.99591 2.99305 2.92349 3.27200 3.30282 3.30282 3.47680 3.55047 3.56276 3.56276 3.56276 3.76340 3.89495 3.89495 3.89495 3.89495 3.89495 3.89495 3.93343 4.23301 4.23348 4.23348 4.23348 4.22820 4.18028 4.10550 4.00237 3.81747 3.95087 4.94697 4.94212
2.58916 2.58916 2.58916 2.58916 2.58916 2.58916 2.58514 2.54123 2.54063 2.54063 2.42228 2.66487 2.63061 2.59247 2.55447 2.51631 2.48974 2.48878 2.48878 2.48878 2.51528 2.45930 2.42366 2.67618 2.78149 2.78149 2.78149 2.78149 2.83635 2.82492 2.70724 2.90562 2.99352 2.99066 2.98861 2.98852 2.98852 2.98852 2.95132 3.15885 3.30282 3.30282 3.45275 3.56276 3.56276 3.56276 3.56276 3.66404 3.89495 3.89495 3.89495 3.89495 3.89495 3.89459 3.89100 4.08752 4.06502 3.99770 3.89657 3.79868 3.74289 3.71431 3.71396 3.66918 3.60830 4.76630 4.94193
2.58916 2.58916 2.58916 2.58916 2.58916 2.57711 2.53218 2.44736 2.38596 2.33841 2.23055 2.40665 2.48878 2.48878 2.48878 2.48878 2.48878 2.48878 2.48878 2.48878 2.49662 2.51567 2.42366 2.57395 2.79448 2.86936 2.94557 3.02170 3.04303 2.95029 2.98806 2.98852 2.98852 2.98852 2.98852 2.98852 2.98852 2.98852 2.98256 3.04388 3.30282 3.30282 3.36444 3.56276 3.56276 3.56276 3.56276 3.57591 3.88006 3.88730 3.88294 3.87859 3.87423 3.86533 3.82483 3.78983 3.75262 3.71650 3.71396 3.71396 3.71396 3.71396 3.71397 3.70694 3.62152 4.35769 4.91992
2.56376 2.51814 2.47746 2.44094 2.40798 2.38495 2.38352 2.33474 2.27953 2.27953 2.26904 2.30336 2.48878 2.48878 2.48878 2.48878 2.48878 2.48391 2.45541 2.42182 2.34251 2.35638 2.43592 2.56068 2.93297 2.93448 2.93448 2.93448 2.93448 2.93448 2.97649 2.98852 2.98852 2.98852 2.98852 2.98852 2.98852 2.98852 2.98852 2.95648 3.30057 3.30278 3.29982 3.52954 3.55141 3.54705 3.54270 3.53848 3.77181 3.86802 3.83455 3.78808 3.74155 3.69997 3.69318 3.69885 3.71396 3.71397 3.71399 3.72416 3.78352 3.84937 3.91521 3.97842 3.78531 4.01398 4.95643
2.38633 2.38597 2.38801 2.39007 2.39211 2.39417 2.39622 2.37947 2.29633 2.29836 2.30042 2.25262 2.50876 2.50540 2.47935 2.42773 2.30626 2.22234 2.27364 2.33139 2.43370 2.54312 2.57665 2.57665 2.88080 2.93448 2.93448 2.93448 2.93448 2.93448 2.96020 2.98852 2.98852 2.98852 2.98852 2.98852 2.97735 2.94581 2.91383 2.84558 3.17096 3.27117 3.26884 3.43670 3.53728 3.53724 3.51210 3.46560 3.55404 3.70624 3.69318 3.69318 3.69319 3.69321 3.69323 3.71656 3.80081 3.86741 3.93321 3.98892 3.99539 3.99539 3.99539 3.99539 3.87214 3.73083 4.83843
2.43206 2.42140 2.42140 2.42140 2.42140 2.42140 2.42140 2.42115 2.32884 2.30869 2.25997 2.12185 2.21130 2.12859 2.16047 2.24020 2.38716 2.49046 2.49363 2.49363 2.49363 2.52490 2.57665 2.57665 2.77873 2.93448 2.93448 2.93448 2.93448 2.93448 2.93966 2.95601 2.92405 2.89209 2.86011 2.82811 2.80735 2.80692 2.80692 2.80141 3.00250 3.26884 3.24736 3.27168 3.42881 3.38235 3.36102 3.37098 3.42427 3.69251 3.69358 3.73299 3.79883 3.86469 3.93046 3.97365 3.98948 3.99539 3.99539 3.99539 3.99539 3.99539 3.99539 3.99539 3.95870 3.71837 4.45017
2.44377 2.42140 2.42140 2.42140 2.42140 2.41340 2.36675 2.29520 2.10496 1.89779 1.81619 1.79407 2.29079 2.47334 2.49363 2.49363 2.49363 2.49363 2.49363 2.49363 2.49363 2.50878 2.57665 2.57665 2.67631 2.91220 2.88023 2.84825 2.81627 2.78435 2.75665 2.80002 2.80692 2.80692 2.80692 2.80692 2.80692 2.80692 2.80315 2.78211 2.76864 3.07520 3.04443 3.07143 3.38256 3.42120 3.44350 3.50425 3.57008 3.83576 3.94819 3.97461 3.97461 3.97461 3.97461 3.97461 3.98366 3.99539 3.99539 3.99539 3.99539 3.99539 3.99539 3.99539 3.99539 3.76856 4.04833
2.45699 2.41227 2.35860 2.28232 2.17903 2.05209 2.00610 2.00560 1.93989 1.79762 1.79762 1.79762 2.31841 2.49363 2.49363 2.49363 2.49363 2.49363 2.49363 2.49513 2.50104 2.50947 2.60053 2.61129 2.62370 2.74795 2.75288 2.75288 2.75288 2.75288 2.75288 2.78379 2.80692 2.80692 2.80615 2.78936 2.76618 2.74979 2.75323 2.77462 2.71973 3.10003 3.17859 3.32844 3.54725 3.65392 3.71509 3.72783 3.72783 3.85439 3.97461 3.97461 3.97461 3.97461 3.97461 3.97461 3.97786 3.99539 3.99539 3.99539 3.99539 3.99539 3.99492 3.97883 3.94413 3.76049 3.60085
2.10744 2.02500 2.00560 2.00560 2.00560 2.00560 2.00560 2.00560 1.99496 1.80251 1.79762 1.79762 2.07688 2.49196 2.49794 2.50413 2.51033 2.51652 2.52271 2.52742 2.52770 2.52770 2.59801 2.62207 2.62207 2.71500 2.75288 2.75288 2.75288 2.75288 2.75288 2.75714 2.77773 2.77626 2.77736 2.79451 2.81804 2.83478 2.88970 3.06613 3.21392 3.47188 3.69948 3.70810 3.71391 3.72783 3.72783 3.72783 3.72783 3.78104 3.97461 3.97461 3.97461 3.97461 3.97461 3.97461 3.97244 3.96996 3.95453 3.93106 3.90017 3.85684 3.81368 3.78610 3.77726 3.72410 3.50000
1.76661 1.99139 2.00560 2.00560 2.00560 2.00560 2.00560 2.00560 2.01462 1.87580 1.82482 1.83720 1.88149 2.50096 2.52770 2.52770 2.52770 2.52770 2.52770 2.52770 2.52770 2.52770 2.57562 2.62207 2.62207 2.67757 2.75288 2.74843 2.72957 2.70998 2.69039 2.68382 2.82537 2.83547 2.91249 3.09059 3.24564 3.38119 3.46982 3.47385 3.47385 3.51176 3.70810 3.70810 3.70870 3.72677 3.72783 3.72783 3.72783 3.72970 3.95234 3.92446 3.84003 3.75555 3.67097 3.58649 3.50001 3.68008 3.81041 3.79025 3.77747 3.77726 3.77726 3.77726 3.77770 3.79851 3.58473
1.76661 1.95783 2.00560 2.02526 2.06683 2.10840 2.14997 2.19152 2.22410 2.06372 1.86576 1.86576 1.86576 2.36054 2.52770 2.52770 2.52770 2.52770 2.52770 2.52770 2.52770 2.52770 2.55590 2.62273 2.60852 2.60725 2.70013 2.68495 2.68424 2.68424 2.79384 2.97977 3.22460 3.39954 3.47299 3.47385 3.47385 3.47385 3.47385 3.47385 3.47385 3.45657 3.70738 3.70810 3.70810 3.68249 3.60475 3.52027 3.43569 3.35126 3.42043 3.47912 3.47717 3.46013 3.44000 3.41983 3.40391 3.52213 3.77726 3.77770 3.79903 3.83178 3.82160 3.67685 3.52189 3.34608 3.33415
1.99823 2.13170 2.20455 2.22649 2.22649 2.22649 2.22698 2.22913 2.23138 2.17469 1.87520 1.87747 1.87974 2.13970 2.53662 2.53809 2.53923 2.54036 2.54217 2.54589 2.54091 2.52736 2.52131 2.55881 2.55344 2.55683 2.80441 3.00455 3.16237 3.30060 3.36043 3.36043 3.40190 3.47385 3.47385 3.47385 3.47385 3.47385 3.47385 3.47649 3.48624 3.48794 3.42883 3.34302 3.25854 3.21926 3.23235 3.23235 3.23180 3.21757 3.27745 3.42402 3.40581 3.40266 3.40305 3.42410 3.45685 3.51116 3.80514 3.65720 3.48149 3.29427 3.14989 3.14020 3.14020 3.14020 3.21447
2.20838 2.22530 2.25967 2.26193 2.26420 2.26646 2.26824 2.26836 2.26836 2.26811 1.95280 1.90764 1.90764 1.93539 2.52624 2.55377 2.55228 2.53840 2.52303 2.50576 2.49716 2.50250 2.62011 2.88319 3.07677 3.21726 3.31815 3.36043 3.36043 3.36043 3.36043 3.36043 3.36911 3.47324 3.48292 3.49306 3.50318 3.51331 3.52345 3.53092 3.53131 3.53131 3.33422 3.21261 3.21260 3.20310 3.20098 3.18143 3.16182 3.15608 3.18841 3.45055 3.48959 3.51737 3.41783 3.24229 3.05513 2.86777 3.05071 3.14020 3.14020 3.14020 3.14020 3.14020 3.14020 3.14020 3.14445
