High_resolution/powerplant/Chizhou/OMI_NO2_200909.asc
ncols      200
nrows      200
xllcorner       115.585
yllcorner       28.7700
cellsize     0.0166667
NODATA_Value      -999.000
[rows 0 to 28 of 165, columns 0 to 65 of 200]
2.84007 2.84007 2.84007 2.98270 3.34496 3.57633 3.73250 3.84430 3.92933 3.99546 4.04861 4.51512 5.24396 5.29323 5.36310 5.40158 5.40158 5.40158 6.32821 7.96309 7.96309 7.96309 7.96309 7.96309 7.96309 7.96309 7.96309 7.96309 7.96309 7.96309 0.00000 0.00000 0.00000 0.00000 0.00000 0.00000 0.00000 0.00000 0.00000 0.00000 0.00000 0.00000 0.00000 0.00000 0.00000 0.00000 0.00000 0.00000 0.00000 0.00000 0.00000 0.00000 0.00000 0.00000 0.00000 0.00000 0.00000 3.53891 3.53891 7.66020 8.58030 8.58030 8.58030 8.58030 8.58030 8.58030
4.01635 4.09086 4.15864 4.20477 4.20689 4.20689 4.20689 4.20689 4.20689 4.20689 4.20689 4.40856 5.40158 5.40158 5.40158 5.40158 5.40158 5.40158 5.87972 7.96309 7.96309 7.96309 7.96309 7.96309 7.96309 7.96309 7.96309 7.96309 7.96309 7.96309 7.96309 0.00000 0.00000 0.00000 0.00000 0.00000 0.00000 0.00000 0.00000 0.00000 0.00000 0.00000 0.00000 0.00000 0.00000 0.00000 0.00000 0.00000 0.00000 0.00000 0.00000 0.00000 0.00000 3.53891 3.53891 3.53891 3.53891 3.53891 3.53891 6.33010 8.58030 8.58030 8.58030 8.58030 8.58030 8.58030
4.20689 4.20689 4.20689 4.20689 4.20689 4.20689 4.20689 4.20689 4.20689 4.20689 4.20689 4.21321 5.31458 5.40158 5.40158 5.40158 5.40158 5.40158 5.53356 7.96156 7.96309 7.96309 7.96309 7.96309 7.96309 7.96309 7.96309 7.96309 7.96309 7.96309 7.96309 0.00000 0.00000 0.00000 0.00000 0.00000 0.00000 0.00000 0.00000 0.00000 0.00000 0.00000 0.00000 0.00000 0.00000 0.00000 0.00000 0.00000 3.53891 3.53891 3.53891 3.53891 3.53891 3.53891 3.53891 3.53891 3.53891 3.53891 3.53891 4.74342 8.58030 8.58030 8.58030 8.58030 8.58030 8.58030
4.20689 4.20689 4.20689 4.20689 4.20689 4.20689 4.20689 4.20689 4.20689 4.20689 4.20689 4.20689 5.03832 5.40158 5.40158 5.40158 5.40158 5.40158 5.40158 7.41828 7.96309 7.96309 7.96309 7.96309 7.96309 7.96309 7.96309 7.96309 7.96309 7.96309 7.96309 0.00000 0.00000 0.00000 0.00000 0.00000 0.00000 0.00000 0.00000 0.00000 0.00000 0.00000 0.00000 0.00000 3.53891 3.53891 3.53891 3.53891 3.53891 3.53891 3.53891 3.53891 3.53891 3.53891 3.53891 3.53891 3.53891 3.53891 3.53891 3.59185 8.14522 8.58030 8.58030 8.58030 8.58030 8.58030
4.20689 4.20689 4.20689 4.20689 4.20689 4.20689 4.20689 4.20689 4.20689 4.20689 4.20689 4.20689 4.75581 5.40158 5.40158 5.40158 5.40158 5.40158 5.40158 6.67524 7.96309 7.96309 7.96309 7.96309 7.96309 7.96309 7.96309 7.96309 7.96309 7.96309 7.96309 0.00000 0.00000 0.00000 0.00000 0.00000 0.00000 0.00000 0.00000 0.00000 3.53891 3.53891 3.53891 3.53891 3.53891 3.53891 3.53891 3.53891 3.53891 3.53891 3.53891 3.53891 3.53891 3.53891 3.53891 3.53891 3.53891 3.53891 3.53891 3.53891 6.61245 8.58030 8.58030 8.58030 8.58030 8.58030
4.20689 4.20689 4.20689 4.20689 4.20689 4.20689 4.20689 4.20689 4.20689 4.20689 4.20689 4.20689 4.47337 5.40158 5.40158 5.40158 5.40158 5.40158 5.40158 6.13950 7.96309 7.96309 7.96309 7.96309 7.96309 7.96309 7.96309 7.96309 7.96309 7.96309 7.96309 7.96309 0.00000 0.00000 0.00000 0.00000 0.00000 0.00000 0.00000 3.53891 3.53891 3.53891 3.53891 3.53891 3.53891 3.53891 3.53891 3.53891 3.53891 3.53891 3.53891 3.53891 3.53891 3.53891 3.53891 3.53891 3.53891 3.53891 3.53891 3.53891 5.02526 8.58030 8.58030 8.58030 8.58030 8.58030
4.20689 4.20689 4.20689 4.20689 4.20689 4.20689 4.20689 4.20689 4.20689 4.20689 4.20689 4.20689 4.23442 5.35774 5.40158 5.40158 5.40158 5.40158 5.40158 5.73827 7.99239 8.01848 8.04461 8.07074 8.09683 8.12293 8.14902 8.17505 8.20115 8.22731 8.25340 8.27485 0.00000 0.00000 0.00000 0.00000 0.00000 0.00000 0.00000 3.53891 3.53891 3.53891 3.53891 3.53891 3.53891 3.53891 3.53891 3.53891 3.53891 3.53891 3.53891 3.53891 3.53891 3.53891 3.53891 3.53891 3.53891 3.53891 3.53891 3.53891 3.69066 8.32873 8.58030 8.58030 8.58030 8.58030
4.20689 4.20442 4.16329 4.10992 4.05586 4.00249 3.94853 3.88949 3.77916 3.65712 3.53509 3.41303 3.29118 4.41049 4.81025 4.76924 4.72883 4.68811 4.64748 4.66845 8.13178 8.28289 8.28289 8.28289 8.28289 8.28289 8.28289 8.28289 8.28289 8.28289 8.28289 8.28289 0.00000 0.00000 0.00000 0.00000 0.00000 0.00000 0.00000 0.00000 3.53891 3.53891 3.53891 3.53891 3.53891 3.53891 3.53891 3.53891 3.53891 3.53891 3.53891 3.53891 3.53891 3.53891 3.53891 3.53891 3.53891 3.53891 3.53891 3.53891 3.60864 6.66397 8.58030 8.58030 8.58030 0.00000
2.99582 2.87624 2.79514 2.72669 2.65832 2.59002 2.52173 2.45892 2.44694 2.44694 2.44694 2.44694 2.44694 3.54323 4.57498 4.57498 4.57498 4.57498 4.57498 4.57498 7.02946 8.28289 8.28289 8.28289 8.28289 8.28289 8.28289 8.28289 8.28289 8.28289 8.28289 8.28289 0.00000 0.00000 0.00000 0.00000 0.00000 0.00000 0.00000 0.00000 3.53891 3.53891 3.53891 3.53891 3.53891 3.53891 3.53891 3.53891 3.53891 3.53891 3.53891 3.53891 3.53891 3.53891 3.53891 3.53891 3.67143 3.95718 4.24293 4.52892 4.74506 4.75799 0.00000 0.00000 0.00000 0.00000
2.44694 2.44694 2.44694 2.44694 2.44694 2.44694 2.44694 2.44694 2.44694 2.44694 2.44694 2.44694 2.44694 3.04354 4.57498 4.57498 4.57498 4.57498 4.57498 4.57498 6.08837 8.28289 8.28289 8.28289 8.28289 8.28289 8.28289 8.28289 8.28289 8.28289 8.28289 8.28289 8.28289 0.00000 0.00000 0.00000 0.00000 0.00000 0.00000 0.00000 3.53891 3.53891 3.53891 3.53891 3.53891 3.53891 3.53891 3.53891 3.53891 3.53891 3.53891 3.54623 3.74664 4.03264 4.31851 4.60438 4.75774 4.75799 4.75799 4.75799 4.75799 4.75799 4.75799 0.00000 0.00000 0.00000
2.44694 2.44694 2.44694 2.44694 2.44694 2.44694 2.44694 2.44694 2.44694 2.44694 2.44694 2.44694 2.44694 2.56695 4.55178 4.57498 4.57498 4.57498 4.57498 4.57498 5.39747 8.28289 8.28289 8.28289 8.28289 8.28289 8.28289 8.28289 8.28289 8.28289 8.28289 8.28289 8.28289 0.00000 0.00000 0.00000 0.00000 0.00000 0.00000 0.00000 3.53891 3.53891 3.53891 3.53891 3.53891 3.53891 3.53891 3.57329 3.82235 4.10798 4.39409 4.67253 4.75799 4.75799 4.75799 4.75799 4.75799 4.75799 4.75799 4.75799 4.75799 4.75799 4.75799 0.00000 0.00000 0.00000
2.44694 2.44694 2.44694 2.44694 2.44694 2.44694 2.44694 2.44694 2.44694 2.44694 2.44694 2.44694 2.44694 2.44694 4.17216 4.57498 4.57498 4.57498 4.57498 4.57498 4.86719 8.28289 8.28289 8.28289 8.28289 8.28289 8.28289 8.28289 8.28289 8.28289 8.28289 8.28289 8.28289 0.00000 0.00000 0.00000 0.00000 0.00000 0.00000 0.00000 0.00000 3.53891 3.53891 3.62035 3.89769 4.18356 4.46943 4.72093 4.75799 4.75799 4.75799 4.75799 4.75799 4.75799 4.75799 4.75799 4.75799 4.75799 4.75799 4.75799 4.75799 4.75799 4.75799 0.00000 0.00000 0.00000
2.44694 2.44694 2.44694 2.44694 2.44694 2.44694 2.44694 2.44694 2.44694 2.44694 2.44694 2.44694 2.44694 2.44694 3.67246 4.57498 4.57498 4.57498 4.57498 4.57498 4.58111 7.77257 8.28289 8.28289 8.28289 8.28289 8.28289 8.28289 8.28289 8.28289 8.28289 8.28289 8.28289 0.00000 0.00000 0.00000 0.00000 0.00000 0.00000 0.00000 0.00000 4.18644 4.54489 4.74945 4.75799 4.75799 4.75799 4.75799 4.75799 4.75799 4.75799 4.75799 4.75799 4.75799 4.75799 4.75799 4.75799 4.75799 4.75799 4.75799 4.75799 4.75799 4.75799 4.75799 0.00000 0.00000
2.44883 2.44694 2.44694 2.44694 2.44694 2.44694 2.44694 2.44694 2.44694 2.44694 2.44694 2.44694 2.44694 2.44694 3.17302 4.57498 4.57498 4.57498 4.57498 4.57498 4.57498 6.62782 8.28289 8.28289 8.17149 7.94482 7.71869 7.49230 7.26534 7.03922 6.81310 6.58670 6.30067 0.00000 0.00000 0.00000 0.00000 0.00000 0.00000 0.00000 0.00000 4.75799 4.75799 4.75799 4.75799 4.75799 4.75799 4.75799 4.75799 4.75799 4.75799 4.75799 4.75799 4.75799 4.75799 4.75799 4.75799 4.75799 4.75799 4.75799 4.75799 4.75799 4.75799 4.75799 0.00000 0.00000
2.56795 2.44694 2.44694 2.44694 2.44694 2.44694 2.44694 2.44907 2.48220 2.52531 2.56873 2.61152 2.63348 2.63364 2.85652 4.48957 4.41987 4.34978 4.27990 4.20989 4.13972 4.74610 5.85291 5.62652 5.51179 5.51179 5.51179 5.51179 5.51179 5.51179 5.51179 5.51179 5.51179 5.51179 0.00000 0.00000 0.00000 0.00000 0.00000 0.00000 0.00000 0.00000 4.75799 4.75799 4.75799 4.75799 4.75799 4.75799 4.75799 4.75799 4.75799 4.75799 4.75799 4.75799 4.75799 4.75799 4.75799 4.75799 4.75799 4.75799 4.75799 4.75799 4.75799 4.90745 7.01672 7.01672
3.14871 2.93514 2.93542 2.93609 2.93632 2.93681 2.93718 2.93554 2.90282 2.86010 2.81725 2.77458 2.75345 2.75345 2.75345 3.82364 3.98186 3.98186 3.98186 3.98186 3.98186 4.22823 5.51179 5.51179 5.51179 5.51179 5.51179 5.51179 5.51179 5.51179 5.51179 5.51179 5.51179 5.51179 0.00000 0.00000 0.00000 0.00000 0.00000 0.00000 0.00000 0.00000 4.75799 4.75799 4.75799 4.75799 4.75799 4.75799 4.75799 4.75799 4.75799 4.75799 4.75799 4.75799 4.75799 4.75799 4.75799 4.75799 4.75742 4.64820 4.45859 4.26889 4.07936 4.40876 7.01641 7.01672
2.88934 2.75345 2.75345 2.75345 2.75345 2.75345 2.75345 2.75345 2.75345 2.75345 2.75345 2.75345 2.75345 2.75345 2.75345 3.53499 3.98186 3.98186 3.98186 3.98186 3.98186 4.03309 5.49445 5.51179 5.51179 5.51179 5.51179 5.51179 5.51179 5.51179 5.51179 5.51179 5.51179 5.51179 0.00000 0.00000 0.00000 0.00000 0.00000 0.00000 0.00000 0.00000 4.75799 4.75799 4.75799 4.75799 4.75799 4.75799 4.75799 4.75799 4.75799 4.75799 4.75799 4.75799 4.74649 4.59727 4.40758 4.21796 4.02884 3.94836 3.94836 3.94836 3.94836 3.94836 6.51156 7.01672
2.95615 2.75345 2.75345 2.75345 2.75345 2.75345 2.75345 2.75345 2.75345 2.75345 2.75345 2.75345 2.75345 2.75345 2.75345 3.24626 3.98186 3.98186 3.98186 3.98186 3.98186 3.98186 5.09179 5.51179 5.51179 5.51179 5.51179 5.51179 5.51179 5.51179 5.51179 5.51179 5.51179 5.51179 0.00000 0.00000 0.00000 0.00000 0.00000 0.00000 0.00000 0.00000 0.00000 4.75799 4.75799 4.75799 4.75799 4.75799 4.75799 4.75799 4.72196 4.54619 4.35665 4.16696 3.98868 3.94836 3.94836 3.94836 3.94836 3.94836 3.94836 3.94836 3.94836 3.94836 5.55064 7.01672
3.04524 2.75984 2.75345 2.75345 2.75345 2.75345 2.75345 2.75345 2.75345 2.75345 2.75345 2.75345 2.75345 2.75345 2.75345 2.95724 3.98186 3.98186 3.98186 3.98186 3.98186 3.98186 4.67340 5.51179 5.51179 5.51179 5.51179 5.51179 5.51179 5.51179 5.51179 5.51179 5.51179 5.51179 5.51179 0.00000 0.00000 0.00000 0.00000 0.00000 0.00000 0.00000 0.00000 4.75799 4.7  =     3*                  >*                  >*                   ;*          
   2*             3*               =*                  =*                    <*                  >*              ?*                =*                =*                  2*                  =*                  :*                  :*                 9*                  9*              9*                  9*                  =*             ?*             9*     *        =      *       =     
      :      *        3    *      =     *       3    >*                  >*                  >*                  =*                    <*                    =*                  :*               3*                =*                  9*               
<*               <*                ?*              =*                   2*               3*                  :*                 :*                  :*               9*                  <*                 <*                  :*                  ?*              ?*               8*      *      ;       *        8      *   
*        8      *        8     *        9      *     2      *       2      *       =      *        8      >*                  <*                 <*      ;*      :*        :*                  :*                     3*                      3*             2*               <*  
3*                     3*                   :*                   :*                  >*                  :*                  :*                 :*                 :*                   2*                =*               9*    *        8     *        8      *       8     *   
      =     *         :      <*                   >*                  =*            =*       :*       <*                  ?*                =*              2*            2*              ;*                  ;*                 8*                  3*                   3*                   3*                  ?*        
            2*                 3*                 3*               3*               9*     *      =      *        8     *        ?    *        3      *       9      *        >     *       :     *        <      ?*                  =*                  =*            9*         ?*               2*                  2*     
     8*                8*                  9*                  3*                    2*             ;*               ;*                ;*                ;*              ;*            9*                3*                 3*               <*       *        8       *       :      *        :      *        3      *      2     *       :     *     :      *     
   2*                  ;*                 ?*                  <*                  2*                   2*              =*               ;*              =*             =*                2*                 :*                   ?*                   3*                    3*                     2*     
           3*                  ;*                 ;*             ;*                  :*                  >*                    =*      *        8      *       :      *       :     *       3      *     :      *    :      *    :      *         <     3*                  ;*                   >*  
