High_resolution/powerplant/Chizhou/OMI_NO2_200912.asc
ncols      200
nrows      200
xllcorner       115.585
yllcorner       28.7700
cellsize     0.0166667
NODATA_Value      -999.000
[rows 87 to 115 of 164, columns 0 to 66 of 200]
11.9605 11.9605 11.9605 11.9605 11.9605 11.9605 11.9605 11.9607 10.7079 10.4606 10.4853 10.5682 11.2238 11.9735 10.7595 13.1453 13.8327 14.0161 14.1227 14.4241 15.1592 15.3044 15.3882 15.3913 15.3913 15.2143 13.5542 13.5441 13.5441 15.4312 19.1334 19.1334 19.1334 19.1334 19.1334 19.1334 19.1334 19.1334 19.1334 19.1334 19.1334 19.1334 19.1248 12.2363 11.3017 13.1454 17.8499 17.8499 17.8499 18.5448 21.4057 24.4274 27.4459 30.4629 33.0989 0.00000 0.00000 5.71639 5.75221 5.75221 5.75221 12.0477 16.0932 16.0932 16.0932 16.0932 16.0932
11.9605 11.9605 11.9687 11.9931 12.0178 12.0426 12.0626 11.8935 11.7314 12.6870 13.4256 13.5822 13.0611 12.4625 11.6738 14.4519 14.5383 14.5444 14.5444 14.5903 15.3671 15.3913 15.3913 15.3913 15.3913 15.3913 13.9115 13.5441 13.5441 14.1801 19.1334 19.1334 19.1334 19.1334 19.1334 19.1334 19.1334 19.1334 19.1334 19.1334 19.1334 19.1334 19.0899 14.3074 11.5567 13.5159 24.8925 27.9659 30.9861 33.3097 33.4659 33.4659 33.4659 33.4659 33.4659 0.00000 0.00000 0.00000 5.75221 5.75221 5.75221 7.97307 16.0781 16.0932 16.0932 16.0932 16.0932
12.0592 12.0839 11.9880 11.6987 11.4079 10.8398 10.0597 9.52561 9.83582 11.6017 11.1585 11.0515 11.0416 11.0369 11.1427 13.9210 14.5444 14.5444 14.5444 14.5444 15.1397 15.3913 15.3913 15.3913 15.3913 15.3913 14.4468 13.5441 13.5441 13.5485 18.2472 19.1334 19.1334 19.1334 19.1334 19.1334 19.1334 19.1334 19.1081 19.2463 19.8054 20.3680 20.9741 20.4574 18.6197 18.6361 28.5185 33.4659 33.4659 33.4659 33.4659 33.4659 33.4659 33.4659 33.4659 0.00000 0.00000 0.00000 5.75221 5.75221 5.75221 5.75221 14.9263 16.0932 16.0932 16.0932 16.0932
10.5745 9.83237 9.25737 8.87910 8.53735 8.37417 8.36577 8.35582 8.38508 10.8510 11.0369 11.0369 11.0369 11.0369 11.0695 12.9302 14.5444 14.5444 14.5444 14.5444 14.8661 15.3913 15.3913 15.3913 15.3913 15.3913 14.9818 13.5441 13.5441 13.5441 16.4425 19.1334 19.1334 19.1334 19.3667 19.9445 20.5102 21.0730 21.6609 22.0888 22.0960 22.0960 22.0960 21.9327 18.7253 18.6361 23.3192 33.4659 33.4659 33.4659 33.4659 33.4659 33.4659 33.4659 33.4659 0.00000 0.00000 0.00000 5.75221 5.75221 5.75221 5.75221 12.4305 16.0344 14.9192 13.0130 10.3505
8.38310 8.37502 8.36871 8.35877 8.34882 8.33983 8.33828 8.33828 8.33828 10.0998 11.0369 11.0369 11.0369 11.0369 11.0369 12.0427 14.5444 14.5444 14.5444 14.5444 14.6072 15.3767 15.3913 15.3913 15.3913 15.3913 15.3725 13.6885 13.5441 13.7037 15.6900 20.6498 21.2152 21.7779 22.1073 22.0960 22.0960 22.0960 22.0960 22.0960 22.0960 22.0960 22.0960 22.0960 19.5523 18.6361 19.9265 33.4659 33.4659 33.4659 33.4659 33.4659 33.4659 33.4659 33.4659 0.00000 0.00000 0.00000 5.75221 5.75221 5.75221 5.75221 6.91552 6.96879 5.75221 5.75221 5.75221
8.45264 8.34192 8.33828 8.33828 8.33828 8.33828 8.33828 8.33828 8.33828 9.30912 11.0369 11.0369 11.0369 11.0369 11.0369 11.3032 14.4432 14.5444 14.5444 14.5444 14.5444 15.1663 15.3913 15.3913 15.2954 14.9574 14.6076 14.6948 15.4020 15.6174 15.9095 22.0262 22.0960 22.0960 22.0960 22.0960 22.0960 22.0960 22.0960 22.0960 22.0960 22.0960 22.0960 22.0960 20.5439 18.6361 18.6361 29.3837 33.4659 33.4659 33.4659 33.4659 33.4659 33.4659 33.4659 0.00000 0.00000 0.00000 0.00000 5.75221 5.75221 5.75221 5.75221 5.75221 5.75221 5.85444 6.23199
8.57893 8.33828 8.33828 8.33828 8.33828 8.33828 8.33828 8.33828 8.33828 8.54742 11.0079 11.0369 11.0369 11.0369 11.0369 11.1156 13.5414 14.5444 14.5444 14.4820 14.1605 14.1591 14.3075 13.9280 13.5918 13.5525 13.7486 14.7707 16.4603 16.7634 17.0667 20.7933 22.0960 22.0960 22.0960 22.0960 22.0960 22.0960 22.0960 22.0960 22.0960 22.0960 22.0960 22.0960 21.5354 18.6361 18.6361 23.8520 33.4659 33.4659 33.4659 33.4659 33.4659 33.4659 33.4659 0.00000 0.00000 0.00000 0.00000 5.75221 5.75568 6.00085 6.39365 6.78645 7.17908 7.46965 7.48490
8.92401 8.33828 8.33828 8.33828 8.33828 8.33828 8.33828 8.33828 8.33828 8.33828 10.4262 11.0503 11.0752 11.1002 11.0980 10.9114 12.0993 13.5101 13.1603 12.9460 13.3990 13.9880 14.3291 14.5758 14.8781 15.1258 15.1496 15.3092 17.2678 17.2926 17.2926 19.3521 22.0960 22.0960 22.0960 22.0960 22.0960 22.0960 22.0960 22.0960 22.0960 22.0960 22.0960 22.0960 22.0939 19.0682 18.6361 20.2911 33.4659 33.4659 33.4659 33.4659 34.0391 36.6397 39.4157 0.00000 0.00000 0.00000 0.00000 6.19226 7.32925 7.48490 7.48490 7.48490 7.48490 7.48490 7.48490
9.28219 8.37121 8.33828 8.33828 8.33828 8.34430 8.36807 8.39305 8.41802 8.43861 9.61553 10.7025 10.4401 10.1781 9.95539 9.94242 11.1645 14.4346 14.9824 15.4566 15.5229 15.5229 15.2361 15.1496 15.1496 15.1496 15.1496 15.1496 16.8072 17.2926 17.2926 18.1954 22.0960 22.0960 22.0960 22.0960 22.0960 22.0960 22.0960 22.0960 22.0960 22.0960 22.0960 22.0960 22.0961 20.0819 18.7041 19.2219 33.5366 39.8729 42.6457 45.4200 47.6197 47.7960 47.7960 0.00000 0.00000 0.00000 0.00000 0.00000 7.48490 7.48490 7.48490 7.48490 7.48490 7.48490 7.48490
9.55835 8.50963 8.40954 8.43447 8.45945 8.42622 8.31732 8.20722 8.10402 8.01637 8.37129 9.96493 10.0731 10.2740 10.4627 10.6383 11.4067 15.1728 15.5229 15.5229 15.5229 15.5229 15.3575 15.1496 15.1496 15.1496 15.1496 15.1496 16.1857 17.2926 17.2926 17.3799 21.8017 22.0960 22.0960 22.0960 22.0960 22.0960 22.0960 22.0960 22.0960 22.1124 21.9299 21.3625 20.7886 21.1370 25.0095 25.9424 34.5129 47.7960 47.7960 47.7960 47.7960 47.7960 47.7960 0.00000 0.00000 0.00000 0.00000 0.00000 7.48490 7.48490 7.48490 7.48490 7.48490 7.48490 7.48490
9.70293 8.59989 8.24362 8.14973 8.05783 8.01800 8.03617 8.05436 8.10978 8.28455 8.47353 10.3833 10.6848 10.6848 10.6848 10.6848 10.9815 14.1363 15.5229 15.5229 15.5229 15.5229 15.4771 15.1506 15.1496 15.1496 15.1496 15.1496 15.5651 17.2926 17.2926 17.2926 20.2887 22.0960 22.0960 22.0960 22.0960 21.8802 21.3105 20.7367 20.1629 19.5727 19.1813 19.1748 19.1748 19.4768 25.7834 25.9668 29.0085 47.7960 47.7960 47.7960 47.7960 47.7960 47.7960 0.00000 0.00000 0.00000 0.00000 0.00000 7.48490 7.48490 7.48490 7.48490 7.48490 7.48490 7.48490
8.45744 8.25164 8.06453 8.06570 8.08021 8.23021 8.41344 8.59661 8.73554 8.74409 8.74409 9.91472 10.6848 10.6848 10.6848 10.6848 10.6954 13.0945 15.5229 15.5229 15.5229 15.5229 15.5229 15.2253 15.1496 15.1496 15.1496 15.1496 15.1584 17.0785 17.2926 17.2926 18.7718 21.2645 20.6847 20.1109 19.5371 19.1790 19.1748 19.1748 19.1748 19.1748 19.1748 19.1748 19.1748 19.1748 24.1520 25.9668 26.0919 44.3609 47.7960 47.7960 47.7960 47.7960 47.7960 0.00000 0.00000 0.00000 0.00000 0.00000 0.00000 7.48490 7.48490 7.48490 7.48490 7.48490 7.48490
8.03724 8.24917 8.40568 8.54227 8.71092 8.74409 8.74409 8.74409 8.74409 8.74409 8.74409 9.34726 10.6848 10.6848 10.6848 10.6848 10.6848 11.9206 15.5153 15.5229 15.5229 15.5229 15.5229 15.3463 15.1496 15.1496 15.1496 15.1739 15.2511 15.9702 15.9346 15.5520 15.7745 19.1689 19.1748 19.1748 19.1748 19.1748 19.1748 19.1748 19.1748 19.1748 19.1748 19.1748 19.1748 19.1748 22.2117 25.9668 25.9668 35.4969 47.7960 47.7960 47.7960 47.7960 47.7960 0.00000 0.00000 0.00000 0.00000 0.00000 0.00000 7.48490 7.48490 7.48490 7.48490 7.48490 7.48490
8.64081 8.74018 8.85999 8.74409 8.74409 8.74409 8.74409 8.74409 8.74409 8.74409 8.74409 8.83394 10.6304 10.6848 10.6848 10.6848 10.6848 11.2493 14.8153 15.5229 15.5229 15.5229 15.5389 15.5566 15.3186 15.3978 15.4939 15.5778 15.5682 15.1837 14.6270 14.2625 13.9022 18.2906 19.1748 19.1748 19.1748 19.1748 19.1748 19.1748 19.1748 19.1748 19.1748 19.1748 19.1748 19.1748 20.2806 25.9668 25.9668 29.6613 47.7960 47.7960 47.7960 47.7960 47.7960 0.00000 0.00000 0.00000 0.00000 0.00000 0.00000 7.48490 7.48490 7.50197 7.85439 8.33736 8.82055
8.71469 8.71469 8.87777 8.74409 8.74409 8.74409 8.74409 8.74409 8.74409 8.74409 8.74409 8.74409 10.1526 10.6848 10.6751 10.6530 10.6309 10.7750 13.8210 15.6802 15.7593 15.8384 15.9318 15.7933 15.0571 14.6055 14.2528 13.8886 13.5648 13.4968 13.2210 13.2152 13.2152 16.3633 19.1748 19.1748 19.1748 19.1748 19.1748 19.1748 19.1748 19.1748 19.1748 19.1748 19.1748 19.1748 19.1796 25.1280 25.9668 26.2610 45.4964 47.7960 47.7960 47.7960 47.7960 0.00000 0.00000 0.00000 0.00000 0.00000 0.00000 7.48490 8.96940 9.48806 9.61819 9.61819 9.61819
8.71469 8.71469 8.85883 8.75510 8.74409 8.74409 8.74409 8.74409 8.74001 8.71960 8.69750 8.67541 9.49737 10.6217 10.6687 10.7281 10.7875 10.8502 12.5275 15.0805 14.8535 14.6263 14.3692 14.2860 13.8964 13.5139 13.5139 13.5139 13.5139 13.5139 13.2893 13.2152 13.2152 14.8216 19.1748 19.1748 19.1748 19.1748 19.1748 19.1748 19.1748 19.1748 19.1748 19.1748 19.1748 19.1748 19.1748 23.2011 26.0255 26.0991 36.1329 47.7960 47.7960 47.7960 47.7960 0.00000 0.00000 0.00000 0.00000 0.00000 0.00000 0.00000 9.61819 9.61819 9.61819 9.61819 9.61819
8.71469 8.71469 8.78590 8.79788 8.70478 8.68270 8.66061 8.63831 8.51703 8.32350 8.13155 7.94478 8.22665 10.8860 10.9061 10.9973 11.1170 11.2265 11.2983 14.1665 14.2860 14.2860 14.2860 14.2860 14.1457 13.5139 13.5139 13.5139 13.5139 13.5139 13.3747 13.2152 13.2152 13.5851 19.1347 19.1748 19.1748 19.1748 19.1748 19.1748 19.1748 19.1748 19.1748 19.1753 19.2194 19.3626 19.6204 20.0326 15.4644 9.96422 4.99442 0.00000 0.00000 0.00000 0.00000 0.00000 0.00000 0.00000 0.00000 0.00000 0.00000 0.00000 9.61819 9.61819 9.61819 9.61819 9.61819
8.56694 8.52153 8.48435 8.62789 8.38054 8.19056 8.01299 7.83794 7.76620 7.78299 7.79982 7.85875 7.96206 10.7350 11.2960 11.3247 11.3247 11.3247 11.2674 13.2696 14.2860 14.2860 14.2860 14.2860 14.2856 13.6238 13.5139 13.5139 13.5139 13.5139 13.4615 13.2152 13.2152 13.2152 17.6633 19.1748 19.1748 19.1748 19.1748 19.1748 19.2750 19.5326 19.7921 20.0512 20.2666 20.3830 20.3847 20.0055 5.48711 4.69804 4.69804 4.69804 0.00000 0.00000 0.00000 0.00000 0.00000 0.00000 0.00000 0.00000 0.00000 0.00000 9.61819 9.61819 9.61819 9.61819 9.61819
8.11445 7.96551 7.81645 7.83848 7.79426 7.80930 7.81173 7.83452 7.93178 8.03480 8.13781 8.19349 8.19356 9.95638 11.3247 11.3247 11.3247 11.3247 11.3168 12.3758 14.2860 14.2860 14.2860 14.2860 14.2860 13.8727 13.5139 13.5139 13.5139 13.5139 13.5135 13.2501 13.2152 13.2152 15.8600 19.2460 19.4495 19.7061 19.9656 20.2244 20.3827 20.3847 20.3847 20.3847 20.3847 20.3847 20.3847 20.3847 11.2566 4.69804 4.69804 4.69804 0.00000 0.00000 0.00000 0.00000 0.00000 0.00000 0.00000 0.00000 0.00000 0.00000 0.00000 9.61819 9.61819 9.61819 9.61819
7.79814 7.79814 7.79814 7.86638 7.91725 8.00448 8.10753 8.18776 8.19356 8.19356 8.19356 8.19356 8.19356 9.04867 11.3247 11.3247 11.3247 11.3247 11.3247 11.6542 14.2860 14.2860 14.2860 14.2860 14.2860 14.1224 13.5139 13.5139 13.5139 13.5139 13.3086 13.1113 13.5163 13.6838 15.1209 20.3257 20.3818 20.3847 20.3847 20.3847 20.3847 20.3847 20.3847 20.3847 20.3847 20.3847 20.3847 20.3847 15.8292 4.69804 4.69804 4.69804 0.00000 0.00000 0.00000 0.00000 0.00000 0.00000 0.00000 0.00000 0.00000 0.00000 0.00000 9.61819 9.61819 9.61819 9.61819
7.85755 7.96061 8.06363 8.18097 8.24517 8.19356 8.19356 8.19356 8.19356 8.19356 8.19356 8.19356 8.19356 8.28316 11.1838 11.3247 11.3247 11.3247 11.3247 11.2445 13.9248 14.2860 14.2860 14.2860 14.2860 14.1449 12.9100 12.2381 11.6571 11.1125 10.7838 11.8048 14.0934 14.1951 14.4475 20.1124 20.3847 20.3847 20.3847 20.3847 20.3847 20.3847 20.3847 20.3847 20.3847 20.3847 20.3847 20.3847 18.9676 4.69804 4.69804 4.69804 4.69804 0.00000 0.00000 0.00000 0.00000 0.00000 0.00000 0.00000 0.00000 0.00000 0.00000 9.61819 9.61819 9.61819 9.58722
8.17997 8.17997 8.17997 8.18000 8.26259 8.19356 8.19356 8.19356 8.19356 8.19356 8.19356 8.19356 8.19356 8.19356 10.3659 11.3247 11.3247 11.3372 11.3717 11.3690 12.9212 13.6814 13.0980 12.5150 11.9320 11.5069 11.1525 10.9758 11.1185 11.2256 11.3219 11.5664 14.5046 14.5858 14.5858 18.3398 20.3847 20.3847 20.3847 20.3847 20.3847 20.3847 20.3847 20.3847 20.3847 20.3847 20.3847 20.3847 20.3776 8.08195 4.69804 4.69804 4.69804 0.00000 0.00000 0.00000 0.00000 0.00000 0.00000 0.00000 0.00000 0.00000 3.64452 3.64452 7.92138 8.34025 7.98563
8.17997 8.17997 8.17997 8.17997 8.25705 8.19519 8.19356 8.19356 8.19356 8.19356 8.19356 8.19793 8.22869 8.26391 9.56437 11.4339 11.1148 10.6991 10.2618 9.82376 10.0061 11.6153 11.7428 11.8710 11.9990 12.1070 11.9700 11.4372 11.4372 11.4372 11.4372 11.4372 13.7532 14.5858 14.5858 16.7029 20.3847 20.3847 20.3847 20.3847 20.3847 20.3847 20.3847 20.3847 20.3847 20.3847 20.3847 20.3847 20.3847 13.7527 4.71321 4.81734 4.94171 0.00000 0.00000 0.00000 0.00000 3.64452 3.64452 3.64452 3.64452 3.64452 3.64452 3.64452 5.56266 7.91654 7.91654
8.17997 8.17997 8.17997 8.17997 8.22614 8.22283 8.21751 8.25301 8.28763 8.32200 8.35672 8.37078 8.34618 8.31702 8.50697 9.57278 9.56754 9.64592 9.74222 9.84143 9.95866 12.1307 12.1407 12.1407 12.1407 12.1407 12.1334 11.4993 11.4372 11.4372 11.4372 11.4372 12.8502 14.5858 14.5858 15.3815 20.3847 20.3847 20.3847 20.3847 20.3847 20.3847 20.3847 20.3847 20.3847 20.3847 20.3876 20.4329 21.1095 19.5138 5.13516 5.14961 5.14961 5.14961 0.00000 3.64452 3.64452 3.64452 3.64452 3.64452 3.64452 3.64452 3.64452 3.64452 4.27825 7.91654 7.91654
8.17054 8.13009 8.08737 8.04452 8.01027 8.24600 8.38368 8.35511 8.33034 8.36011 8.40655 8.47025 8.54548 8.62131 8.69588 9.66669 9.89485 9.91566 9.91853 9.91853 9.84281 11.6027 12.1407 12.1407 12.1407 12.1407 12.1407 11.7177 11.4372 11.4372 11.4372 11.4372 11.9453 14.5858 14.5858 14.6094 19.6843 20.3847 20.3847 20.3847 20.3847 20.3847 20.3851 21.0388 22.5680 24.1023 25.6336 27.1226 27.9803 27.4167 6.23746 5.14961 5.14961 5.14961 0.00000 3.64452 3.64452 3.64452 3.64452 3.64452 3.64452 3.64452 3.64452 3.64452 3.64452 7.26719 7.91654
7.97866 7.94144 7.91636 8.01616 8.30107 8.35063 8.52074 8.59541 8.66628 8.68257 8.69282 8.71668 8.74062 8.76399 8.77131 9.38120 9.91853 9.91853 9.91853 9.91853 9.89841 10.8771 12.1407 12.1407 12.1407 12.1407 12.1407 11.9437 11.4372 11.4372 11.4372 11.4372 11.4390 14.1892 14.5858 14.5858 17.8038 20.3847 21.0019 22.4974 24.0316 25.5659 27.0997 27.9803 27.9855 27.9855 27.9855 27.9855 27.9855 27.9855 14.5567 5.14961 5.14961 5.14961 0.00000 3.64452 3.64452 3.64452 3.64452 3.64452 3.64452 3.64452 3.64452 3.64452 3.64452 5.98559 7.91654
9.10730 9.17903 9.62487 9.90366 9.90477 9.04895 8.66814 8.70967 8.73361 8.75754 8.77124 8.77131 8.77131 8.77131 8.77131 9.04712 9.91853 9.91853 9.91853 9.91853 9.91853 10.2956 12.1407 12.1407 12.1407 12.1407 12.1407 12.1249 11.4815 11.4372 11.4372 11.4372 11.4372 13.6134 15.9772 16.9713 20.1763 27.0295 27.9465 27.9853 27.9855 27.9855 27.9855 27.9855 27.9855 27.9855 27.9855 27.9855 27.9855 27.9855 21.2259 5.14961 5.14961 5.14961 0.00000 3.64452 3.64452 3.64452 3.64452 3.64452 3.64452 3.64452 3.64452 3.64452 3.64452 4.70366 7.91654
10.9986 9.90477 9.90661 9.93155 9.96347 9.57669 8.67075 8.77131 8.77131 8.77131 8.77131 8.77131 8.77131 8.77131 8.77131 8.78876 9.84250 9.91853 9.91853 9.91853 9.91853 9.87405 12.0380 12.1407 12.1407 12.1407 12.1407 12.1407 11.7400 11.6542 11.8282 12.0083 12.2179 14.5353 19.6227 19.6393 20.2638 27.9715 27.9855 27.9855 27.9855 27.9855 27.9855 27.9855 27.9855 27.9855 27.9855 27.9855 27.9855 27.9855 25.8190 5.14961 5.14961 5.14961 5.14961 3.64452 3.64452 3.64452 3.64452 3.64452 3.64452 3.64452 3.64452 3.64452 3.64452 3.71159 7.62305
11.5796 10.0610 10.0161 10.0231 10.0231 9.99913 8.67264 8.77131 8.77131 8.77131 8.77131 8.77131 8.77131 8.77131 8.77131 8.77131 9.52675 9.91853 9.91853 9.91853 9.90374 9.78653 11.2909 12.1705 12.3297 12.5038 12.6781 12.8295 12.5191 12.3439 12.3634 12.3770 12.3611 12.6531 19.3350 19.5360 19.5360 26.1165 27.9855 27.9855 27.9855 27.9855 27.9855 27.9855 27.9855 27.9855 27.9855 27.9855 27.9855 27.9855 27.9660 9.76072 5.14961 5.14961 5.14961 3.64452 3.64452 3.64452 3.64452 3.64452 3.64452 3.64452 3.64452 3.64452 3.64452 3.64698 5.67348
