High_resolution/powerplant/Chizhou/OMI_NO2_200805.asc
ncols      200
nrows      200
xllcorner       115.585
yllcorner       28.7700
cellsize     0.0166667
NODATA_Value      -999.000
[rows 29 to 57 of 175, columns 0 to 66 of 200]
4.79821 4.74806 4.73841 4.73841 4.73841 4.73841 4.73841 3.88972 3.68923 4.00235 4.12167 4.12167 4.12167 4.12167 4.14217 4.19716 4.19705 4.19705 4.19705 4.19705 4.20434 4.26929 4.26690 4.04350 1.47013 1.47013 1.47013 1.59532 1.54596 1.54596 1.54596 1.54596 1.54712 1.55287 1.55892 1.56509 1.57399 1.44840 1.40057 1.41133 1.42886 1.44413 1.33007 1.26605 1.25895 1.08887 0.983037 0.977087 0.973562 0.957821 0.937218 0.923550 0.934685 1.16173 1.18180 1.13909 1.13909 1.13909 1.13909 1.13909 1.13909 1.13909 1.13856 1.13646 1.13994 1.19878 1.27679
4.73841 4.73841 4.73841 4.73841 4.73841 4.73841 4.73841 4.15943 3.68923 3.88100 4.12167 4.12167 4.12167 4.12167 4.12237 4.22009 4.30682 4.39223 4.48489 4.58557 4.68414 4.70834 4.72791 4.42530 1.47013 1.47013 1.47013 1.61663 1.63693 1.63494 1.63123 1.62751 1.62256 1.61312 1.60327 1.59796 1.60573 1.50691 1.46616 1.49608 1.51994 1.54750 1.50477 1.35678 1.37375 1.19860 0.984587 0.984587 0.983320 0.961685 0.961477 0.961477 0.961477 1.12159 1.19860 1.13909 1.13909 1.13909 1.13909 1.13909 1.13909 1.18380 1.27721 1.33199 1.40433 1.42354 1.42417
4.73841 4.73841 4.73841 4.73841 4.73841 4.73841 4.73841 4.42303 3.69479 3.75717 4.11570 4.10094 4.08557 4.07005 4.05454 4.32608 4.67035 4.68501 4.71025 4.68030 4.45132 4.19171 3.91005 3.46193 1.46822 1.46746 1.46670 1.52327 1.55147 1.55394 1.57206 1.59778 1.63855 1.68205 1.72738 1.76999 1.79909 1.75898 1.68042 1.68042 1.68042 1.68042 1.67603 1.42739 1.40712 1.30313 1.00910 0.984587 0.984587 0.965433 0.961477 0.961477 0.961477 1.05245 1.21356 1.13909 1.13909 1.15924 1.24740 1.34103 1.43463 1.48358 1.48557 1.45359 1.44141 1.44466 1.44730
4.73791 4.72969 4.71880 4.70798 4.69562 4.67470 4.65238 4.56262 3.58579 3.53651 3.95338 4.01059 3.96190 3.84259 3.67774 3.57962 3.63319 3.36503 3.08652 2.86348 2.83960 2.83960 2.83960 2.86065 1.59118 1.64011 1.69389 1.77617 1.76747 1.78426 1.80927 1.82597 1.82691 1.82691 1.82691 1.82691 1.82691 1.80390 1.68042 1.68042 1.68042 1.68042 1.68042 1.50808 1.40712 1.33962 1.09791 0.984587 0.984587 0.970434 0.961477 0.961477 0.961477 0.989694 1.28105 1.31567 1.40462 1.47515 1.46185 1.46198 1.46591 1.46984 1.47179 1.43088 1.40403 1.40403 1.40403
4.61230 4.59824 4.58679 4.57194 4.43695 4.25153 4.06541 3.86504 3.26786 3.11231 3.11290 2.98059 2.87052 2.84248 2.86001 2.87803 2.84984 2.83960 2.83960 2.83960 2.83960 2.83960 2.83960 2.84933 1.95953 2.01502 2.07058 2.11193 1.90803 1.82691 1.82691 1.82691 1.82691 1.82691 1.82691 1.82691 1.82691 1.82686 1.69963 1.68042 1.68042 1.68042 1.68042 1.60245 1.40712 1.37014 1.19017 0.984587 0.984587 0.975450 1.00967 1.10337 1.23044 1.38147 1.48732 1.43406 1.42682 1.43366 1.45640 1.46017 1.46017 1.46017 1.46017 1.44402 1.40403 1.40403 1.40403
3.75474 3.55227 3.34865 3.14895 3.07385 3.05880 3.04525 3.04595 2.98877 2.98683 2.96015 2.87564 2.88731 2.88761 2.88761 2.88761 2.87438 2.83960 2.83960 2.83960 2.83960 2.83960 2.83960 2.84067 2.11411 2.11411 2.11411 2.11411 1.96182 1.82691 1.82691 1.82691 1.82691 1.82691 1.82691 1.82691 1.82691 1.82691 1.74178 1.68042 1.68042 1.68042 1.68042 1.67882 1.43462 1.40602 1.31012 1.19341 1.33716 1.49329 1.59559 1.69185 1.75540 1.78966 1.71295 1.49975 1.46017 1.46017 1.46017 1.46017 1.46017 1.46017 1.46017 1.45747 1.40493 1.40403 1.40352
3.05213 3.03904 3.04342 3.04697 3.05045 3.06657 3.08411 3.10163 3.08112 3.02286 3.02704 2.88939 2.88761 2.88761 2.88761 2.88761 2.89314 2.83960 2.83960 2.83960 2.83960 2.83960 2.83960 2.83960 2.09777 2.11411 2.11411 2.11411 2.04723 1.91866 1.92313 1.92715 1.93129 1.93528 1.93930 1.94334 1.94746 1.95147 1.91251 1.81303 1.81714 1.85027 1.91692 1.98212 1.92595 1.98726 2.07367 1.91858 1.89198 1.92197 1.92140 1.92101 1.92101 1.92101 1.89563 1.57078 1.46017 1.45837 1.43646 1.39837 1.36019 1.32210 1.28390 1.24575 1.20344 1.16745 1.13169
3.12179 3.06469 3.08222 3.09974 3.11410 3.11550 3.11550 3.11550 3.10960 3.01344 3.03679 2.91882 2.88761 2.88761 2.88761 2.88761 2.89801 2.85519 2.83960 2.83960 2.83960 2.83960 2.83960 2.83960 2.04991 2.11411 2.11411 2.11411 2.11046 1.97379 1.97419 1.97419 1.97419 1.97419 1.97419 1.97377 1.96763 1.95968 1.94920 2.07783 2.16024 2.20623 2.19505 2.14675 2.08232 1.99990 1.96243 1.98142 2.04041 2.05410 1.90292 1.85773 1.87304 1.88775 1.88737 1.37963 1.08869 1.05230 1.03601 1.03601 1.03601 1.03601 1.03601 1.03601 1.03601 1.03601 1.03601
3.24439 3.11550 3.11550 3.11550 3.11550 3.11550 3.11550 3.11550 3.11550 3.02698 3.03565 2.95799 2.88761 2.88761 2.88761 2.88761 2.88761 2.89217 2.83960 2.83960 2.83960 2.83960 2.83960 2.83960 1.97654 2.11411 2.11411 2.11411 2.11411 2.06205 2.07305 2.07587 2.07798 2.08255 2.08868 2.09554 2.10946 2.12610 2.11184 2.26004 2.27681 2.21743 2.19762 2.21928 2.23809 2.17422 2.17528 2.18464 2.26225 2.27690 2.08947 1.94884 1.94884 1.94884 1.94884 1.46918 1.05489 1.03601 1.03601 1.03601 1.03601 1.03601 1.03601 1.03533 1.01319 0.980853 0.948516
3.30317 3.11773 3.11550 3.11550 3.11550 3.11550 3.11550 3.11550 3.11550 3.05501 3.02595 2.99716 2.88779 2.90107 2.92232 2.94369 2.96636 2.96631 2.84722 2.85100 2.87596 2.90893 2.93962 2.94707 1.90420 2.09218 2.08574 2.06591 2.04604 2.11249 2.15422 2.15755 2.16155 2.13535 2.05293 1.93573 1.82474 1.71985 1.64465 1.86094 2.30474 2.31251 2.31256 2.31256 2.31256 2.25726 2.22010 2.21366 2.25858 2.27854 2.16249 1.94884 1.94884 1.94884 1.94884 1.65245 1.10449 1.03601 1.03601 1.03601 1.02333 0.991208 0.958871 0.927201 0.916989 0.923204 0.960136
3.31861 3.16104 3.11550 3.11550 3.11550 3.11601 3.11693 3.11981 3.13854 3.12997 3.08188 3.12021 3.01281 3.01632 3.01810 3.02256 3.02578 3.02505 2.85597 2.82252 2.77474 2.71209 2.64738 2.62183 1.71467 1.85957 1.86147 1.77598 1.69913 1.76456 1.86269 1.76260 1.66758 1.59252 1.55864 1.55830 1.55830 1.55830 1.55830 1.63940 2.31112 2.31256 2.31256 2.31256 2.31256 2.28929 2.22097 2.21447 2.23800 2.27854 2.24158 1.94895 1.94884 1.94884 1.94884 1.81331 1.17059 1.00156 0.969213 0.936877 0.916610 0.918941 0.951666 0.986904 1.02215 1.05113 1.04942
3.32414 3.22625 3.12848 3.14987 3.17204 3.19372 3.21497 3.22716 3.19934 3.16143 3.05171 3.04234 2.95630 2.93834 2.92856 2.88042 2.79635 2.72565 2.62876 2.62111 2.62111 2.62111 2.62111 2.62111 1.33105 1.13147 1.39303 1.29835 1.20367 1.18650 1.55679 1.55830 1.55830 1.55830 1.55830 1.55830 1.55830 1.55830 1.55830 1.55830 2.19394 2.31256 2.31256 2.31256 2.31256 2.31213 2.23038 2.21635 2.21841 2.27750 2.27854 1.98309 1.94803 1.92876 1.90180 1.80678 1.16690 0.908522 0.942856 0.978099 1.01391 1.04658 1.04909 1.04909 1.04909 1.04909 1.04909
3.09881 3.03743 3.14315 3.10797 3.03685 2.95533 2.86879 2.77559 2.70567 2.63816 2.63053 2.78272 2.77455 2.73333 2.66317 2.62825 2.62825 2.62825 2.61436 2.62111 2.62111 2.62111 2.62111 2.62111 1.55779 0.988491 1.04850 1.05214 1.05214 1.05403 1.51804 1.55830 1.55830 1.55830 1.55830 1.55830 1.55830 1.55830 1.55830 1.55830 1.99592 2.31256 2.31256 2.31256 2.31256 2.31256 2.25853 2.21808 2.21366 2.24096 2.16498 1.85500 1.68095 1.62805 1.60033 1.59995 1.27982 1.04817 1.04909 1.04909 1.04909 1.04909 1.04909 1.04909 1.04909 1.04909 1.04909
2.61987 2.57244 2.70644 2.66241 2.63230 2.61262 2.59794 2.57896 2.52181 2.46341 2.42404 2.51312 2.61576 2.62825 2.62825 2.62825 2.62825 2.62825 2.61732 2.61995 2.62111 2.62111 2.62111 2.62111 1.69195 1.04339 1.03176 1.05214 1.05214 1.05214 1.38700 1.47578 1.47004 1.46443 1.45881 1.45309 1.44736 1.44175 1.43612 1.43041 1.66398 2.17333 2.16770 2.16201 2.12623 2.04879 1.95776 1.79906 1.61625 1.59334 1.64370 1.56945 1.48397 1.50130 1.50116 1.50116 1.27333 1.05345 1.04909 1.04909 1.05039 1.06614 1.09143 1.12037 1.15478 1.18362 1.11895
2.40845 2.38888 2.51447 2.58353 2.52802 2.46963 2.41118 2.37091 2.36964 2.36964 2.37897 2.44686 2.61822 2.62295 2.62825 2.62825 2.62825 2.62825 2.62523 2.61055 2.62111 2.62111 2.62111 2.62111 1.69195 1.16532 1.01019 1.05214 1.05214 1.05214 1.22606 1.35209 1.35209 1.35209 1.35209 1.35209 1.35209 1.35209 1.35060 1.32702 1.34790 1.89557 1.82597 1.75392 1.71192 1.76532 1.86276 1.84216 1.84399 1.87532 1.75830 1.72291 1.63624 1.65527 1.67294 1.69047 1.59622 1.40938 1.45076 1.49917 1.54855 1.58994 1.61421 1.62978 1.63547 1.63461 1.44756
2.31812 2.25970 2.27213 2.37257 2.36964 2.36964 2.36964 2.36964 2.36964 2.36964 2.37066 2.40673 2.59596 2.61510 2.62825 2.62825 2.62825 2.62825 2.62825 2.60948 2.62111 2.62111 2.62111 2.62111 1.69195 1.33356 0.987895 1.04927 1.05214 1.05214 1.14809 1.35209 1.35209 1.34639 1.31780 1.28690 1.25595 1.22876 1.21371 1.22142 1.23662 1.73941 1.94235 2.05514 2.16710 2.22468 2.23774 2.14635 1.97603 1.93886 1.84325 1.81616 1.81452 1.81336 1.81332 1.81332 1.79455 1.62806 1.63547 1.63547 1.63547 1.63547 1.63547 1.63547 1.63547 1.63547 1.50364
2.15350 2.15350 2.16601 2.36540 2.36964 2.36964 2.36964 2.36964 2.36964 2.36964 2.36964 2.39773 2.53053 2.61304 2.62825 2.62829 2.63614 2.64992 2.66368 2.64021 2.66225 2.73733 2.81310 2.90699 1.69195 1.56934 0.986919 1.03388 1.03101 0.979699 0.942279 1.31455 1.31204 1.30188 1.31455 1.32961 1.34634 1.43552 1.56877 1.70854 1.85569 2.14370 2.25895 2.25697 2.25502 2.25433 2.25433 2.21313 2.00225 1.93272 1.87652 1.81332 1.81332 1.81332 1.81332 1.81332 1.81332 1.66105 1.63547 1.63547 1.63547 1.63547 1.63551 1.63975 1.64669 1.65363 1.57987
2.15350 2.15350 2.15350 2.31530 2.36964 2.36964 2.36964 2.36964 2.36964 2.36412 2.35231 2.36720 2.44265 2.68577 2.93642 2.99601 3.04640 3.09097 3.14127 3.19878 3.41159 3.50459 3.51650 3.51018 0.00000 1.29263 0.738119 0.698989 0.780326 0.796520 0.819840 1.34195 1.47048 1.56898 1.72080 1.88200 2.05017 2.11462 2.11462 2.11462 2.11462 2.16560 2.25433 2.25433 2.25433 2.25433 2.25433 2.25406 2.05609 1.93272 1.91426 1.81332 1.81332 1.81332 1.81332 1.81332 1.81332 1.71101 1.63863 1.63769 1.64448 1.65142 1.65831 1.66114 1.64676 1.59857 1.50395
2.12966 2.11697 2.10426 2.19075 2.29499 2.28506 2.28327 2.28206 2.28083 2.28512 2.29573 2.30591 2.33071 2.63961 3.16354 3.19548 3.20347 3.21175 3.22173 3.23095 3.33489 3.47137 3.47137 3.47137 0.00000 0.872764 0.787255 0.808281 1.01552 1.17549 1.41749 1.83512 2.06404 2.11462 2.11462 2.11462 2.11462 2.11462 2.11462 2.11462 2.11462 2.12736 2.25276 2.25433 2.25433 2.25433 2.25057 2.20847 2.08064 1.93473 1.93272 1.83267 1.81332 1.81332 1.81332 1.81386 1.81787 1.75991 1.67174 1.66742 1.64799 1.59892 1.54982 1.50055 1.46577 1.46484 1.45791
1.98324 1.99413 2.00493 2.04768 2.20951 2.21379 2.21049 2.20372 2.19462 2.19168 2.20091 2.21356 2.34264 2.52312 3.19363 3.22948 3.24072 3.25172 3.25525 3.25525 3.28597 3.46955 3.47137 3.47137 0.00000 0.872764 0.872764 0.872764 1.71270 2.00628 2.00628 2.01786 2.11462 2.11462 2.11462 2.11462 2.11462 2.11462 2.11462 2.11462 2.11462 2.11462 2.20932 2.18197 2.13537 2.09239 2.05523 2.04765 2.02363 1.95010 1.93272 1.87048 1.81779 1.84037 1.86772 1.89435 1.89675 1.86495 1.65732 1.49447 1.46490 1.46484 1.46484 1.46484 1.46484 1.46484 1.46484
2.00678 1.99958 1.98977 1.97959 2.13447 2.16366 2.17677 2.19439 2.21444 2.22764 2.23259 2.24196 2.36749 2.48538 3.09616 3.25525 3.25525 3.25525 3.25525 3.25525 3.26479 3.41797 3.47137 3.47137 0.00000 0.00000 0.872764 0.872764 1.46411 2.00628 2.00628 1.97734 2.14439 2.15494 2.16168 2.16848 2.17541 2.17606 2.13112 2.08165 2.03680 1.99619 2.05974 2.11992 2.12440 2.12899 2.13356 2.14581 2.17260 2.11003 2.12314 2.12955 2.03695 2.01036 1.97896 1.94784 1.93742 1.94194 1.74052 1.46514 1.46484 1.46484 1.46484 1.46484 1.46484 1.47062 1.48551
1.94635 1.96215 1.98217 2.00222 2.14058 2.22794 2.23166 2.24097 2.25034 2.25970 2.26441 2.26441 2.35057 2.42693 2.94422 3.25525 3.25525 3.25525 3.25525 3.25525 3.25764 3.35452 3.47137 3.47137 0.00000 0.00000 0.872764 0.872764 0.996031 1.99147 2.00628 2.00975 2.31848 2.32442 2.25757 2.19725 2.14247 2.09721 2.08969 2.08969 2.08969 2.08894 2.11458 2.24503 2.27382 2.29653 2.31926 2.33323 2.30678 2.21036 2.12714 2.07520 1.94952 1.95466 1.97837 1.98704 1.99520 1.97838 1.87486 1.62537 1.60925 1.62507 1.64054 1.65574 1.67055 1.68015 1.68211
2.02826 2.02779 2.03069 2.03985 2.11044 2.25872 2.26435 2.26441 2.26441 2.26441 2.26441 2.26441 2.32088 2.41308 2.74327 3.25525 3.25525 3.25525 3.25525 3.25525 3.25525 3.29491 3.47084 3.47137 0.00000 0.00000 0.872764 0.872764 0.872764 1.81436 1.96429 1.75924 1.99558 2.06545 2.04812 2.03133 2.01122 1.97556 1.93844 1.90216 1.86658 1.83191 1.81868 2.08322 2.09859 2.04467 1.99170 1.94056 1.90782 1.84721 1.85873 1.83300 1.74831 1.77092 1.83731 1.80073 1.76455 1.75103 1.80404 1.76594 1.68903 1.68903 1.68903 1.68903 1.68903 1.68903 1.68903
2.06754 2.05759 2.06405 2.06426 2.07337 2.25888 2.26441 2.26441 2.26441 2.26441 2.26441 2.26441 2.29262 2.41380 2.53844 3.24519 3.25525 3.25525 3.25525 3.26355 3.27976 3.29141 3.42507 3.47137 0.00000 0.00000 0.872764 0.872764 0.872764 1.50814 2.00894 1.74569 1.78360 1.75141 1.72481 1.69824 1.67466 1.66538 1.65793 1.64921 1.61410 1.56934 1.52984 1.63785 1.70600 1.66945 1.63290 1.59635 1.56454 1.56010 1.62870 1.65069 1.62537 1.60514 1.75103 1.75103 1.75103 1.75103 1.77186 1.82057 1.68903 1.68903 1.68903 1.68903 1.68903 1.68783 1.67452
2.10199 2.06426 2.06426 2.06426 2.06426 2.21036 2.26441 2.26441 2.26441 2.26441 2.26441 2.26441 2.26783 2.40826 2.43361 3.09556 3.21004 3.19810 3.18574 3.16346 3.13123 3.04675 2.82885 2.86759 3.92828 3.92828 3.92828 2.39105 2.06313 2.13960 2.45778 2.19564 2.01872 1.63518 1.63458 1.63319 1.60525 1.56716 1.52940 1.49265 1.48223 1.48223 1.48223 1.44162 1.56011 1.56011 1.56011 1.56011 1.56011 1.56011 1.60699 1.65069 1.64920 1.57106 1.74965 1.75103 1.75103 1.75103 1.75103 1.85051 1.69611 1.68899 1.67964 1.66320 1.64677 1.63154 1.62915
2.11949 2.06426 2.06392 2.05373 2.03896 2.11272 2.20960 2.19487 2.18267 2.18043 2.17918 2.17794 2.17671 2.28334 2.32463 2.82502 3.21945 3.30786 3.40224 3.50863 3.64170 3.91305 4.57767 5.48361 3.92828 3.92828 3.92828 2.97653 2.09586 2.09586 2.37971 2.30052 2.04987 1.61104 1.52870 1.49235 1.48223 1.48223 1.48223 1.48223 1.48223 1.48223 1.48223 1.44086 1.53345 1.56011 1.56011 1.56011 1.56011 1.56179 1.60154 1.65069 1.65069 1.58898 1.71859 1.75103 1.75103 1.75103 1.74764 1.80154 1.70194 1.65509 1.70867 1.77952 1.85612 1.93271 2.00855
2.04348 1.95454 1.93483 1.94011 1.96337 2.01865 2.20631 2.24067 2.27937 2.30769 2.33527 2.36322 2.36845 2.47448 2.90074 3.17347 3.93153 4.04689 4.19907 4.35120 4.49104 4.51821 4.79455 5.34664 3.92828 3.92828 3.92828 3.67227 2.10581 2.09586 2.16818 2.13963 1.86537 1.61391 1.48223 1.48223 1.48223 1.48223 1.48223 1.48223 1.48223 1.48223 1.48223 1.47297 1.47821 1.56851 1.58681 1.60636 1.62729 1.64746 1.66125 1.65981 1.65069 1.62035 1.67444 1.74018 1.73386 1.72940 1.72865 1.77960 1.91231 2.01649 2.03245 2.03814 2.03814 2.03814 2.03814
2.16627 2.16481 2.18699 2.22625 2.25076 2.27501 2.47746 2.50882 2.46504 2.40960 2.35406 2.29861 2.26973 2.33671 2.92219 3.16246 4.47799 4.51821 4.51821 4.51821 4.51821 4.51821 4.66130 5.16410 3.92828 3.92828 3.92828 3.92828 2.32488 2.09586 2.10268 2.13903 1.92199 1.69529 1.48223 1.48223 1.48223 1.48217 1.48134 1.48029 1.48155 1.49625 1.51422 1.53369 1.50007 1.64277 1.64171 1.64065 1.63960 1.63855 1.64013 1.66729 1.63436 1.62556 1.61193 1.73876 1.75028 1.75994 1.76926 1.78460 1.93375 2.03814 2.03814 2.03814 2.03814 2.03814 2.03814
2.32920 2.31605 2.30593 2.29022 2.23642 2.18088 2.24516 2.27960 2.26830 2.32243 2.41370 2.50498 2.59447 2.62372 2.99069 3.16160 4.25178 4.51821 4.51821 4.51821 4.51821 4.51821 4.55479 5.04479 3.92828 3.92828 3.92828 3.92828 2.72075 2.09586 2.09586 2.13252 2.00298 1.76609 1.44769 1.44665 1.45466 1.47077 1.48902 1.50907 1.52779 1.53036 1.53036 1.53036 1.45305 1.61362 1.62775 1.63623 1.64472 1.65319 1.65683 1.65803 1.56743 1.54295 1.58442 1.75863 1.75840 1.75789 1.75867 1.75962 1.89323 2.02927 2.04976 2.05390 2.05787 2.06167 2.06532
