High_resolution/powerplant/Chizhou/OMI_NO2_200505.asc
ncols      200
nrows      200
xllcorner       115.585
yllcorner       28.7700
cellsize     0.0166667
NODATA_Value      -999.000
[rows 29 to 57 of 200, columns 0 to 66 of 200]
1.72780 1.72780 1.72780 1.72674 1.72098 1.72097 1.72097 1.72097 1.72483 1.75667 1.79407 1.85802 1.95032 2.22933 2.49579 2.54591 2.57979 2.54606 2.56543 2.17555 2.07419 1.92811 1.54850 1.48874 1.42630 1.36132 1.29319 1.22244 1.14792 1.07028 1.04910 1.11797 1.74903 1.97195 2.24876 2.61395 2.83547 2.83547 2.83547 2.83547 2.83547 2.83547 2.83547 2.83547 2.83547 2.83990 2.88853 2.95404 3.52039 3.54976 3.41476 3.37112 3.13386 3.11219 3.09737 3.24512 3.27513 3.28030 3.28030 3.28030 3.28030 3.28030 3.28030 3.28030 3.28030 3.73812 3.88960
1.72780 1.72780 1.72780 1.72824 1.76643 1.86288 1.96552 2.07467 2.18030 2.25803 2.33005 2.37561 2.38235 2.38930 2.48073 2.45763 2.43318 2.16768 2.10991 1.81005 1.77066 1.98700 1.00293 0.877163 0.877163 0.877163 0.877163 0.877163 0.877163 0.877163 0.884492 1.08334 1.55928 1.97195 2.11652 2.53233 2.83547 2.83547 2.83547 2.83547 2.83966 2.88793 2.94806 3.00844 3.06839 3.12391 3.13524 3.13524 3.36246 3.49312 3.34686 3.32524 3.10543 3.09426 3.09426 3.21507 3.28030 3.28030 3.27269 3.25264 3.23247 3.21230 3.19209 3.17188 3.15167 3.43116 3.77815
1.87375 1.93616 1.99850 2.06046 2.30856 2.43391 2.44070 2.44101 2.44101 2.44101 2.44101 2.44101 2.44101 2.39894 2.38250 2.38275 2.50642 2.53925 2.68288 2.72588 2.41063 2.41063 1.55547 0.877163 0.877163 0.877163 0.877163 0.877163 0.877163 0.877163 0.877163 1.02654 1.34258 1.97195 1.99523 2.47149 2.85952 2.94773 3.00784 3.06779 3.12355 3.13524 3.13524 3.13524 3.13524 3.19060 3.31226 3.42054 3.50462 3.49102 3.39306 3.32967 3.13487 3.03286 3.01266 3.07158 3.15833 3.13813 3.12554 3.12537 3.12537 3.12537 3.12537 3.12537 3.12537 3.24240 3.77815
2.11374 2.11374 2.11374 2.11374 2.23863 2.44101 2.44101 2.44101 2.44101 2.44101 2.44101 2.44101 2.50083 2.69513 2.88844 3.11552 3.21918 3.08934 2.94083 2.90589 2.41673 2.41063 2.04970 0.877163 0.877163 0.877163 0.877163 0.877163 0.877163 0.877163 0.880297 1.01907 1.27332 2.12614 2.20368 2.64496 3.02710 3.13524 3.13524 3.13524 3.13524 3.16801 3.28747 3.37548 3.42803 3.43694 3.39117 3.34497 3.29927 3.22432 3.21625 3.21804 3.09191 2.93933 2.93933 2.97679 3.12537 3.12537 3.12537 3.12537 3.12537 3.12537 3.12537 3.12537 3.12537 3.12834 3.70960
2.11374 2.11374 2.11374 2.11374 2.14046 2.43771 2.44101 2.44101 2.45975 2.64683 2.87416 3.10149 3.26907 3.27081 3.21930 3.21918 3.21918 3.15400 2.94083 2.94083 2.52205 2.41063 2.38496 1.01175 0.877163 0.877882 0.916237 0.975696 1.03521 1.09479 1.15114 1.19824 1.49037 2.12984 2.27173 2.52084 2.89523 3.04394 3.10628 3.17815 3.24228 3.27491 3.23343 3.20830 3.20826 3.20826 3.20826 3.20826 3.20826 3.17693 3.20957 3.21804 3.15164 2.93933 2.93933 2.94264 3.11785 3.12537 3.12537 3.12537 3.12537 3.12537 3.12537 3.12537 3.14959 3.19914 3.54629
2.11374 2.11374 2.11374 2.11374 2.11486 2.52496 2.80137 3.02869 3.23745 3.27769 3.27769 3.27769 3.27769 3.27769 3.23007 3.21918 3.21918 3.21082 2.94860 2.94083 2.66232 2.43241 2.47705 1.70089 1.08475 1.14355 1.16468 1.16468 1.17428 1.24370 1.32350 1.40326 1.74481 2.31422 2.75488 2.87546 2.86495 3.19401 3.20826 3.20826 3.20826 3.20826 3.20826 3.20826 3.20826 3.20826 3.20826 3.20826 3.20826 3.16864 3.20654 3.21390 3.19022 2.92427 2.91420 2.90667 3.02288 3.05072 3.04032 3.06054 3.09922 3.13799 3.17663 3.19226 3.15122 3.08583 3.12804
2.13509 2.20243 2.49716 2.80026 3.10236 3.25764 3.27769 3.27769 3.27769 3.27769 3.27769 3.27769 3.27769 3.27769 3.24777 3.21918 3.23419 3.27812 3.10856 3.08904 2.99531 2.63743 2.69277 2.42947 1.41297 1.49261 1.57247 1.65222 1.72238 1.73318 1.89463 2.15166 2.50582 2.93869 3.20073 3.19447 2.94676 3.19208 3.18261 3.16844 3.15427 3.14010 3.12591 3.11173 3.09756 3.08339 3.06923 3.05503 3.04084 3.01472 3.00463 3.04254 3.04559 2.87536 2.86816 2.91768 3.03091 3.13737 3.18438 3.14867 3.09068 3.03599 2.98140 2.94983 2.95062 2.95062 2.99313
3.19477 3.22094 3.22931 3.22931 3.22931 3.24404 3.27769 3.27769 3.27769 3.27769 3.27769 3.27056 3.22673 3.17780 3.16601 3.36090 3.34641 3.30303 3.10937 2.93655 2.89320 3.04089 3.05230 3.04182 1.94987 1.90766 2.07325 2.35945 2.59982 2.80222 2.90362 2.93993 3.01795 3.23064 3.37009 3.38598 3.19980 3.02691 3.00132 3.00132 3.00132 3.00132 3.00132 3.00132 3.00132 3.00132 3.00132 3.00132 2.99920 2.97483 3.00883 3.16034 3.20787 3.14970 3.06870 2.99393 2.97076 3.00023 2.94764 2.94725 2.95062 2.95062 2.95062 2.95062 2.95062 2.95062 2.95165
3.63049 3.22931 3.22931 3.22931 3.22931 3.23085 3.27491 3.24001 3.15636 3.06336 2.97563 2.93306 2.93415 2.93982 2.95245 3.21036 3.17810 3.18417 3.17661 3.19778 3.22816 3.37697 3.41160 3.23733 2.94121 3.03175 3.10630 3.10769 3.10769 3.10769 3.10769 3.10769 3.10870 3.28454 3.38659 3.40031 3.27365 3.05441 3.00132 3.00132 3.00132 3.00132 3.00132 2.99941 2.97539 2.94487 2.91460 2.88421 2.85588 2.84997 2.96441 3.14602 3.10324 2.98611 2.80491 2.82502 2.83968 2.95030 2.95062 2.95062 2.95062 2.95180 2.96985 2.99340 3.01684 3.04034 3.06384
3.97272 3.39958 3.42513 3.41519 3.40529 3.39613 3.23212 3.17072 3.20049 3.23695 3.26846 3.27333 3.27333 3.27333 3.27333 3.32106 3.21692 3.21692 3.21722 3.14768 2.93459 2.79523 2.70118 2.68162 2.79879 3.10769 3.10769 3.10769 3.10769 3.10769 3.10769 3.10769 3.10769 3.22705 3.36475 3.40031 3.34669 3.08193 2.99962 2.97583 2.94547 2.91520 2.88464 2.85627 2.84997 2.84997 2.84997 2.84973 2.82410 2.78159 2.75781 3.03289 3.04473 3.01797 2.84147 2.86493 2.88835 3.01449 3.05593 3.07943 3.10292 3.12525 3.13077 3.13077 3.13077 3.13077 3.13077
4.33037 3.59733 3.53860 3.53830 3.53830 3.53830 3.40524 3.27333 3.27333 3.27333 3.27333 3.27333 3.27333 3.27333 3.27333 3.21888 2.91047 2.69698 2.49056 2.50876 2.52308 2.55519 2.68162 2.68162 2.68912 3.07514 3.10769 3.10769 3.10769 3.10769 3.10769 3.10769 3.10769 3.16700 3.31796 3.34507 3.31268 3.01473 2.85673 2.84997 2.84997 2.84997 2.84997 2.84997 2.83295 2.79063 2.75428 2.76494 2.81071 2.87317 2.93581 3.23710 3.24013 3.18563 3.02668 3.01018 3.01018 3.08567 3.13077 3.13077 3.13077 3.13077 3.13077 3.13077 3.13077 3.13077 3.13077
4.23684 3.69410 3.53830 3.53830 3.53830 3.53830 3.48125 3.27333 3.27333 3.27333 3.27333 3.23248 3.03462 2.82129 2.60780 2.49933 2.45008 2.43115 2.43115 2.48755 2.52308 2.52457 2.67032 2.68162 2.68162 2.93939 3.10769 3.10769 3.10732 3.08694 3.05521 3.02351 2.99180 2.97042 3.16364 3.24896 3.24896 3.06240 2.86565 2.87258 2.92465 2.94674 2.96690 2.98681 3.02400 3.08627 3.14271 3.15225 3.15225 3.15225 3.15225 3.28746 3.34577 3.19629 3.07241 3.01018 3.01018 3.05851 3.13077 3.13077 3.13077 3.13077 3.13077 3.13077 3.13077 3.13077 3.13077
4.23684 3.84578 3.53830 3.53830 3.53830 3.53830 3.53691 3.28296 3.10243 2.88902 2.67561 2.50313 2.48757 2.48757 2.48757 2.48757 2.45268 2.43115 2.43115 2.46634 2.52308 2.52308 2.62985 2.68162 2.66594 2.74998 3.02858 2.99691 2.96558 2.95425 2.95425 2.95425 2.95661 2.96108 3.10847 3.25920 3.26456 3.25288 3.23217 3.18637 3.15439 3.15225 3.15225 3.15225 3.15225 3.15225 3.15225 3.15225 3.15225 3.15225 3.15225 3.18855 3.40611 3.19739 3.11521 3.01018 3.01221 3.04629 3.16103 3.17544 3.18949 3.20326 3.21978 3.23791 3.25565 3.27300 3.35127
4.23684 4.01905 3.53830 3.53830 3.40944 3.14267 2.87581 2.56449 2.48757 2.48757 2.48757 2.48757 2.48757 2.48757 2.48757 2.48757 2.44396 2.43115 2.43115 2.43404 2.48075 2.44905 2.48219 2.54418 2.52822 2.53796 2.92728 2.96606 2.97054 2.97502 2.97949 2.98397 2.98469 2.95392 2.99446 3.13706 3.12571 3.14210 3.22291 3.15225 3.15225 3.15254 3.15854 3.16786 3.17717 3.18650 3.19579 3.20509 3.21442 3.22373 3.23304 3.24437 3.46497 3.32743 3.27036 3.21226 3.22239 3.22878 3.33820 3.34941 3.35398 3.36360 3.45270 3.59476 3.73864 3.88267 3.96924
4.15800 3.79143 2.96861 2.69381 2.55610 2.55610 2.55610 2.52628 2.48757 2.48757 2.48757 2.48757 2.48757 2.48757 2.49490 2.53332 2.51667 2.33075 2.31294 2.31647 2.42417 2.45565 2.49203 2.55392 2.55835 2.56002 2.81638 2.98609 2.97835 2.93095 2.86333 2.79593 2.72969 2.69297 2.69234 3.00507 3.19621 3.20510 3.32877 3.26581 3.27511 3.28413 3.28744 3.28744 3.28744 3.28744 3.28744 3.28744 3.28744 3.28744 3.28744 3.28795 3.42329 3.41667 3.31809 3.24330 3.24660 3.27320 3.45756 3.62910 3.77309 3.91196 3.96846 3.97022 3.97022 3.97022 3.97022
2.94715 2.92724 2.61966 2.55610 2.55610 2.55610 2.55610 2.54648 2.48761 2.48911 2.51997 2.57333 2.63921 2.70513 2.76367 2.77731 2.75879 2.40081 2.37842 2.36149 2.38224 2.37146 2.34658 2.34393 2.32199 2.28361 2.33306 2.57399 2.51412 2.49412 2.49412 2.49412 2.49412 2.49412 2.49412 2.80648 3.24212 3.24212 3.33646 3.29347 3.28744 3.28744 3.28744 3.28744 3.28744 3.28744 3.28795 3.29428 3.30227 3.31026 3.31826 3.32575 3.37065 3.54191 3.49686 3.56713 3.69504 3.81358 3.91074 3.97022 3.97022 3.97022 3.97022 3.97022 3.97022 3.96535 3.94751
2.92724 2.92724 2.69752 2.52981 2.47466 2.42024 2.39474 2.36999 2.50229 2.57046 2.57060 2.54452 2.50263 2.45893 2.41339 2.38666 2.38705 2.25307 2.20629 2.20629 2.20512 2.19839 2.15481 2.11596 2.06502 2.01748 2.02479 2.46191 2.49412 2.49412 2.49412 2.49412 2.49412 2.49412 2.49412 2.62833 3.23602 3.24212 3.29785 3.31682 3.28744 3.28792 3.29420 3.30219 3.31025 3.31826 3.32575 3.32741 3.32741 3.32741 3.33115 3.37974 3.44986 3.93956 3.94040 3.89275 3.85778 3.85618 3.87164 3.93471 3.91616 3.89762 3.87909 3.86054 3.84200 3.82835 3.82765
1.95571 1.90042 1.88666 1.95357 1.99599 2.02399 2.02404 2.02404 2.23493 2.38705 2.38705 2.38705 2.38705 2.38705 2.38705 2.38705 2.38705 2.29476 2.17391 2.11970 2.05799 1.99437 1.98412 1.99530 2.01586 2.01586 2.01586 2.32755 2.49412 2.49412 2.49412 2.49412 2.49412 2.49412 2.49412 2.53976 3.14086 3.24888 3.27308 3.36378 3.31818 3.32569 3.32741 3.32741 3.32741 3.32741 3.32792 3.36633 3.42809 3.48985 3.52362 3.48236 3.42787 3.64136 3.87660 3.80772 3.73529 3.71835 3.72175 3.82667 3.82765 3.82765 3.82765 3.82765 3.82765 3.82765 3.82765
1.95513 1.95984 1.96671 2.02390 2.02404 2.02404 2.02404 2.02404 2.13775 2.38705 2.38705 2.38705 2.38705 2.38705 2.36993 2.31741 2.25574 2.13931 1.99242 1.98730 1.98721 1.98422 1.98412 1.98707 2.01576 2.01586 2.01586 2.16618 2.49412 2.49412 2.49412 2.49397 2.48754 2.47808 2.46862 2.46167 3.03128 3.28209 3.28209 3.38195 3.32741 3.32741 3.32419 3.30709 3.31414 3.32146 3.32819 3.29702 3.24253 3.18804 3.15775 3.15767 3.15767 3.23114 3.79121 3.78803 3.71520 3.71520 3.71520 3.80793 3.82765 3.82765 3.82765 3.82765 3.82765 3.82765 3.82765
1.95815 1.95984 1.95984 2.01626 2.02404 2.02404 2.02404 2.02404 2.04586 2.38178 2.38045 2.33502 2.27622 2.20737 2.15636 2.15532 2.15532 2.14345 2.00804 1.98730 1.98730 1.98487 1.98412 1.98412 2.01037 2.01586 2.01586 2.01883 2.44810 2.47018 2.46073 2.45146 2.44842 2.44842 2.44842 2.44707 2.81823 3.26612 3.25850 3.23778 3.11661 3.12257 3.13311 3.15743 3.15767 3.15767 3.15767 3.15767 3.15767 3.15767 3.15767 3.15767 3.15767 3.17739 3.65135 3.79961 3.72254 3.71520 3.71520 3.78259 3.82765 3.82611 3.81547 3.80309 3.79057 3.75091 3.68933
1.90054 1.95984 1.95984 2.00323 2.02404 2.02404 2.02243 1.97043 1.88502 2.13154 2.16461 2.15532 2.15532 2.15532 2.15532 2.15532 2.15532 2.15532 2.03681 1.98730 1.98730 1.98561 1.97968 1.96799 1.97402 1.97609 1.96427 1.95873 2.27666 2.43903 2.43142 2.42380 2.41618 2.40856 2.40095 2.40171 2.62283 3.34985 3.41162 3.39512 3.17757 3.15767 3.15767 3.15767 3.15767 3.15767 3.15746 3.14067 3.10365 3.06632 3.02902 2.99169 2.95431 2.91746 3.20911 3.53785 3.58816 3.62546 3.61713 3.62381 3.60383 3.54376 3.49283 3.44364 3.39030 3.28212 3.11306
1.80506 1.95984 1.95984 1.95191 1.91332 1.81865 1.70988 1.67131 1.67131 1.91825 2.15532 2.15532 2.15532 2.15532 2.15532 2.15532 2.15532 2.14731 2.03779 1.96060 1.94948 1.91967 1.84908 1.78591 1.77756 1.91714 1.90762 1.89809 2.04927 2.39406 2.39406 2.39614 2.44101 2.51003 2.58749 2.65767 2.69939 3.23882 3.20946 3.15178 2.88808 2.82375 2.78638 2.74904 2.71175 2.67440 2.63732 2.61676 2.61647 2.61647 2.61647 2.61647 2.61647 2.61647 2.72147 3.29526 3.37182 3.45301 3.40385 3.36046 3.35626 3.27043 3.09966 2.91170 2.71489 2.62495 2.62445
1.62043 1.69958 1.52616 1.45340 1.67131 1.67131 1.67131 1.67131 1.67131 1.78864 2.15532 2.15532 2.15312 2.12342 2.06968 1.95411 1.83194 1.71791 1.63788 1.60245 1.56332 1.53155 1.54990 1.56927 1.60991 1.99822 2.02490 2.04421 2.07290 2.60106 2.72061 2.79576 2.82822 2.83643 2.83643 2.83643 2.83643 2.86146 2.84417 2.84417 2.67630 2.61647 2.61647 2.61647 2.61647 2.61647 2.61647 2.61647 2.61647 2.61393 2.58403 2.54672 2.50940 2.47209 2.43198 2.92438 3.11360 3.22257 3.04965 2.85632 2.71173 2.62676 2.62445 2.62445 2.62445 2.62445 2.62445
1.57731 1.40381 1.39864 1.39909 1.65336 1.67131 1.67131 1.67225 1.64594 1.60535 1.72397 1.56279 1.40946 1.28372 1.18198 1.14220 1.10872 1.07536 1.16366 1.70690 1.71994 1.71994 1.74886 1.75454 1.75454 2.06043 2.15175 2.15175 2.15175 2.59718 2.83643 2.83643 2.83643 2.83643 2.83643 2.83643 2.83643 2.84005 2.84417 2.84417 2.73480 2.61647 2.61647 2.61647 2.61393 2.58403 2.54672 2.50940 2.47209 2.43729 2.42983 2.42983 2.42983 2.40045 2.22241 2.18388 2.40499 2.58531 2.58558 2.58558 2.61288 2.63957 2.67947 2.71966 2.75987 2.80012 2.84034
1.58644 1.45567 1.44534 1.46065 1.41646 1.34979 1.29849 1.24618 1.22122 1.22122 1.05999 0.993765 0.993765 0.993765 0.993765 0.993765 0.993765 0.993765 0.996286 1.65341 1.71987 1.71994 1.74087 1.75454 1.75454 1.95525 2.15175 2.15175 2.15175 2.36446 2.83643 2.83643 2.83643 2.83643 2.83643 2.83643 2.83643 2.81877 2.84417 2.84160 2.75788 2.54970 2.50940 2.47209 2.43729 2.42983 2.42983 2.42983 2.42983 2.41907 2.26583 2.06834 1.87078 1.70702 1.72062 1.77308 2.38772 2.68870 2.78883 2.82904 2.88793 2.93323 2.93357 2.93357 2.93357 2.93357 2.93357
1.95992 1.69297 1.37592 1.33375 1.27212 1.22122 1.22122 1.22122 1.22122 1.22122 1.12060 0.993765 0.993765 0.993765 0.993765 0.993765 0.993765 0.993765 0.993765 1.51785 1.71511 1.71994 1.73289 1.75454 1.75454 1.84999 2.15175 2.15175 2.15175 2.16411 2.79032 2.83643 2.83643 2.83643 2.83895 2.89995 2.98552 3.06439 2.74632 2.66493 2.64992 2.44521 2.42983 2.42983 2.42983 2.42849 2.32385 2.16572 2.00804 1.86105 1.85664 1.89637 1.93614 1.97159 1.97732 1.96972 2.38845 2.76902 2.89470 2.89470 2.90468 2.93357 2.93357 2.93357 2.93357 2.93357 2.93357
1.98705 1.89298 1.33558 1.33153 1.30088 1.22122 1.22122 1.22122 1.22122 1.22122 1.18118 0.993765 0.993765 0.993765 0.993765 0.993765 0.993765 0.993765 0.993765 1.36571 1.70760 1.71994 1.72491 1.75454 1.75454 1.76328 2.13324 2.15175 2.15175 2.15200 2.65062 2.97107 3.05659 3.14204 3.22497 3.24942 3.24942 3.24942 2.86190 2.63785 2.60985 2.55249 2.50098 2.34417 2.18655 2.03008 1.97708 1.97732 1.97732 1.97732 1.97732 1.97732 1.97732 1.97732 1.97732 1.97475 2.17727 2.70333 2.89470 2.89470 2.89651 2.93305 2.93357 2.93357 2.93357 2.93357 2.93357
1.98705 1.98705 1.41999 1.33153 1.32885 1.22463 1.22122 1.22122 1.22122 1.22122 1.22045 1.01508 0.993765 0.993765 0.993765 0.993765 0.993765 0.993765 0.993765 1.19190 1.70009 1.71994 1.72000 1.75146 1.75454 1.79842 2.18702 2.40888 2.51579 2.62229 2.84861 3.24792 3.22618 3.19818 3.17021 3.14223 3.11423 3.08625 2.78169 2.22384 2.02635 1.96770 1.97821 1.97732 1.97732 1.97732 1.97732 1.97732 1.97732 1.97732 1.97732 1.97732 1.97409 1.96680 1.95945 1.95209 1.95796 2.57093 2.77221 2.75227 2.73181 2.77268 2.77278 2.80630 2.86619 2.92799 2.99164
1.98705 1.98705 1.57422 1.33153 1.33153 1.24239 1.22122 1.22122 1.22122 1.22122 1.22122 1.07489 0.993765 0.993765 0.993765 0.993765 0.993765 0.993765 0.993765 1.01923 1.68359 1.83425 1.95901 2.08951 2.20724 2.26804 2.41689 2.56455 2.52955 2.49455 2.47088 3.01384 3.04999 3.04999 3.02807 2.85804 2.66055 2.46252 2.21764 1.74824 1.74351 1.82387 1.94777 1.93302 1.92566 1.91831 1.91094 1.90360 1.89623 1.88888 1.88152 1.87416 1.87003 1.86997 1.86997 1.86997 1.86000 2.29239 2.62714 2.71894 2.79991 2.94253 3.06505 3.09183 3.01777 2.86271 2.70746
