High_resolution/powerplant/Chizhou/OMI_NO2_201101.asc
ncols      200
nrows      200
xllcorner       115.585
yllcorner       28.7700
cellsize     0.0166667
NODATA_Value      -999.000
[rows 87 to 115 of 166, columns 67 to 133 of 200]
12.0712 11.1656 11.1656 11.1656 11.1656 15.2553 16.1434 16.1434 16.1434 16.1434 16.1434 16.1434 16.1011 15.8613 15.5989 15.3340 15.0691 14.8450 14.8187 14.8211 14.8699 14.9368 14.5793 14.1956 14.2051 14.2051 12.7106 12.3253 12.3253 12.3253 12.3253 12.3253 12.3253 12.3253 12.3253 12.3253 12.3253 12.3253 12.3253 10.9002 10.3769 10.3769 10.3769 10.3769 10.3769 10.3769 10.3769 10.3769 10.3769 10.4004 12.7880 14.5764 13.9972 13.4172 13.1637 13.9113 14.8474 14.6151 14.6151 14.6151 14.6151 14.6151 14.6151 14.6151 14.6151 14.6151 14.6151
13.1239 11.1656 11.1656 11.1656 11.1656 14.0479 16.1434 16.1011 15.8612 15.5963 15.3314 15.0664 14.8438 14.8187 14.8187 14.8189 14.8564 14.9233 14.9903 15.0548 15.0729 15.0729 14.8971 14.2051 14.2051 14.2051 13.3121 12.3253 12.3253 12.3253 12.3253 12.3253 12.3253 12.3253 12.3253 12.3253 12.3253 12.3253 12.3253 11.4564 10.3769 10.3769 10.3769 10.3769 10.3769 10.3876 10.7597 11.2396 11.7150 12.1674 12.3129 12.8716 12.8503 12.8503 12.8503 13.0156 14.6069 14.6151 14.6151 14.6151 14.6151 14.6151 14.6151 14.6151 14.6151 14.6151 14.6151
14.1354 11.2064 11.1656 11.1656 11.1656 12.1012 15.0642 14.8438 14.8187 14.8187 14.8187 14.8187 14.8435 14.9098 14.9767 15.0435 15.0729 15.0729 15.0729 15.0729 15.0729 15.0729 15.0677 14.2835 14.2051 14.2051 13.9129 12.3253 12.3253 12.3253 12.3253 12.3253 12.3253 12.3253 12.3253 12.3253 12.3253 12.3253 12.3253 12.0108 10.3766 10.3055 10.5373 11.0128 11.4884 11.9532 12.0571 12.0529 12.0529 12.0529 12.0529 12.7187 12.8503 12.8503 12.8503 12.8503 14.2763 14.6151 14.6151 14.6151 14.6151 14.6151 14.6151 14.6151 14.6151 14.6151 14.6151
14.4085 11.9848 11.1656 11.1656 11.1656 11.1656 14.4754 14.8187 14.8332 14.8963 14.9633 15.0301 15.0722 15.0729 15.0729 15.0729 15.0729 15.0729 15.0729 15.0729 15.0729 15.0729 15.0729 14.5275 14.2051 14.2051 14.2051 12.6345 12.3253 12.3253 12.3253 12.3253 12.3253 12.3253 12.3253 12.3294 12.4273 12.5641 13.0124 13.7548 11.6739 11.8082 12.0529 12.0529 12.0529 12.0529 12.0529 12.0529 12.0529 12.0529 12.0529 12.4673 12.8503 12.8503 12.8503 12.8503 13.7805 14.6151 14.6151 14.6151 14.6151 14.6151 14.6151 14.6151 14.6151 14.6151 14.6151
14.4085 13.0376 11.1656 11.1656 11.1796 11.2936 13.8932 15.0166 15.0690 15.0729 15.0729 15.0729 15.0729 15.0729 15.0729 15.0729 15.0729 15.0729 15.0729 15.0729 15.0729 15.0729 15.0729 14.7762 14.2051 14.2051 14.2051 13.2351 12.3253 12.3253 12.3361 12.4483 12.5848 12.7217 13.1178 13.8558 14.5011 15.1080 15.4033 15.4033 13.4116 12.0529 12.0529 12.0529 12.0529 12.0529 12.0529 12.0529 12.0529 12.0529 12.0529 12.2159 12.8503 12.8503 12.8503 12.8503 13.2848 14.6151 14.6151 14.6151 14.6151 14.6151 14.6151 14.6151 14.5876 14.3275 14.0175
14.4070 14.0281 11.4164 11.5344 11.6541 11.6738 13.0278 15.0729 15.0729 15.0729 15.0729 15.0729 15.0729 15.0729 15.0729 15.0729 15.0729 15.0729 15.0729 15.0729 15.0729 15.0729 15.0729 15.0131 14.2170 14.2259 14.3489 14.1171 12.7426 12.8792 13.2171 13.8407 14.4474 15.0541 15.4014 15.4033 15.4033 15.4033 15.4033 15.4033 14.3572 12.0529 12.0529 12.0529 12.0529 12.0529 12.0529 12.0529 12.0529 12.0529 12.0529 12.0557 12.7594 12.8503 12.8503 12.8503 12.8852 14.5185 14.6151 14.6151 14.5839 14.3212 14.0099 13.6992 13.4161 13.3206 13.0359
14.2067 14.1888 12.2398 11.6738 11.6738 11.6738 11.7980 14.9686 15.0729 15.0729 15.0729 15.0729 15.0729 15.0729 15.0729 15.0729 15.0729 15.0729 15.0729 15.0729 15.0268 14.7788 14.5072 14.2356 14.5729 14.8959 14.8435 14.5789 14.2988 15.0005 15.3949 15.4033 15.4033 15.4033 15.4033 15.4033 15.4033 15.4033 15.4033 15.4033 15.2297 12.1263 12.0529 12.0529 12.0529 12.0529 12.0529 12.0529 12.0529 12.0529 12.0529 12.0529 12.5109 12.8503 12.8503 12.8503 12.8158 13.7566 14.0024 13.6927 13.2492 12.8817 12.5617 12.2411 11.9210 11.6450 11.6091
14.1888 14.1888 13.0520 11.6738 11.6738 11.6738 11.6738 14.3997 15.0729 15.0729 15.0729 15.0729 15.0729 15.0729 15.0729 15.0268 14.7788 14.5072 14.2356 13.9640 13.7376 13.7134 13.6798 13.4413 13.7438 14.0905 13.8831 13.8703 14.7253 15.4033 15.4033 15.4033 15.4033 15.4033 15.4033 15.4033 15.4033 15.4033 15.4033 15.4033 15.4033 12.8989 12.0529 12.0529 12.0529 12.0529 12.0529 12.0529 12.0529 12.0529 12.0529 12.0529 12.2680 12.5416 12.2445 12.0713 11.9633 12.2496 12.0868 11.7669 11.6091 11.6091 11.6091 11.6091 11.6091 11.6091 11.6091
14.1888 14.1888 13.8604 11.6779 11.6738 11.6738 11.6738 13.5447 15.0729 15.0729 15.0268 14.7788 14.5072 14.2356 13.9640 13.7376 13.7134 13.7134 13.7014 13.4955 13.2223 12.9489 12.7091 12.6742 12.9069 13.8703 13.8703 13.8703 14.2375 15.4033 15.4033 15.4033 15.4033 15.4033 15.4033 15.4033 15.4033 15.4033 15.4033 15.4033 15.4033 13.8447 12.0529 12.0529 12.0529 12.0529 12.0529 12.0529 12.0813 12.4182 12.9392 13.4671 13.9226 12.4426 12.4647 12.4954 12.4954 12.3864 11.6096 11.6091 11.6091 11.6091 11.6091 11.6091 11.6091 11.6091 11.6091
14.1888 14.1888 14.1888 12.1617 11.6738 11.8828 13.0510 14.2159 14.2455 13.9640 13.7376 13.7134 13.7134 13.7134 13.7122 13.5501 13.2766 13.0032 12.7417 12.6742 12.6742 12.6742 12.6742 12.6742 12.6798 13.7543 13.8703 13.8703 13.8860 15.2668 15.4033 15.4033 15.4033 15.4033 15.4033 15.4033 15.4033 15.4033 15.4033 15.4033 15.4033 14.7908 12.0529 12.0529 12.1591 12.6019 13.1300 13.6578 14.1577 14.3489 14.3559 14.3559 14.3559 13.1815 12.4954 12.4954 12.4954 12.4954 11.7495 11.6091 11.6091 11.6091 11.6091 11.6091 11.6091 11.6091 11.6091
14.2573 15.0053 15.6992 15.4486 15.2079 15.6116 15.6619 15.6619 14.1028 13.7134 13.7134 13.6029 13.3314 13.0579 12.7857 12.6742 12.6742 12.6742 12.6742 12.6742 12.6742 12.6742 12.6742 12.6742 12.6742 13.4168 13.8703 13.8703 13.8703 14.7941 15.4033 15.4033 15.4033 15.4033 15.4033 15.4033 15.4033 15.4033 15.3985 15.2804 15.1243 15.2005 13.4971 13.8488 14.2708 14.3559 14.3559 14.3559 14.3559 14.3559 14.3559 14.3559 14.3559 13.7653 12.4954 12.4954 12.4954 12.4954 11.9986 11.6091 11.6091 11.6091 11.6091 11.6091 11.6091 11.6091 11.6091
16.8588 16.9194 16.9194 16.7183 15.6619 15.6619 15.6619 15.5952 14.3393 13.1120 12.8386 12.6755 12.6742 12.6742 12.6742 12.6742 12.6742 12.6742 12.6742 12.6742 12.6742 12.6742 12.6742 12.6742 12.6742 13.0736 13.8703 13.8703 13.8703 14.3066 15.4033 15.4033 15.4033 15.3899 15.2540 15.0886 14.9264 14.9880 15.1869 15.4991 15.8491 15.9569 14.9699 14.3559 14.3559 14.3559 14.3559 14.3559 14.3559 14.3559 14.3559 14.3559 14.3559 14.2794 12.5649 12.4954 12.4954 12.4954 12.2476 11.6091 11.6091 11.6091 11.6091 11.6091 11.6091 11.6091 11.6091
16.9194 16.9194 16.9194 16.8781 15.5794 15.1152 14.8418 14.6351 14.1925 12.6742 12.6742 12.6742 12.6742 12.6742 12.6742 12.6742 12.6742 12.6742 12.6742 12.6742 12.6742 12.6742 12.6742 12.6742 12.6742 12.7498 13.8508 13.8703 13.8443 13.7326 14.9722 14.8966 14.7318 14.7788 15.1086 15.4682 15.8243 15.9569 15.9569 15.9569 15.9569 15.9569 15.4242 14.3559 14.3559 14.3559 14.3559 14.3559 14.3559 14.3559 14.3559 14.3559 14.3559 14.3559 13.0721 12.4954 12.4954 12.4954 12.4649 11.6409 11.6091 11.6091 11.6091 11.6548 11.8685 12.0959 12.3245
16.6758 16.3158 15.9554 15.6366 15.0916 14.6227 14.6227 14.6227 14.6032 12.8279 12.6742 12.6742 12.6742 12.6742 12.6742 12.6742 12.6742 12.6742 12.6742 12.6742 12.6742 12.6742 12.6742 12.6670 12.6330 12.5964 13.1624 13.1719 13.0323 12.9503 14.2620 15.4374 15.7966 15.9569 15.9569 15.9569 15.9569 15.9569 15.9569 15.9569 15.9569 15.9569 15.8541 14.3800 14.3559 14.3559 14.3559 14.3559 14.3559 14.3559 14.3559 14.3559 14.3559 14.3559 13.6558 12.4954 12.4954 12.4954 12.4954 11.9094 11.8742 12.1027 12.3302 12.7213 13.2073 13.6793 14.1515
15.5878 15.5878 15.5878 15.5878 15.4034 14.6227 14.6227 14.6227 14.6227 13.3727 12.6742 12.6742 12.6742 12.6742 12.6742 12.6742 12.6742 12.6742 12.6670 12.6330 12.5964 12.5598 12.5231 12.4937 12.4911 12.4500 12.5514 12.6754 12.5225 12.4358 13.5949 15.9569 15.9569 15.9569 15.9569 15.9569 15.9569 15.9569 15.9569 15.9569 15.9569 15.9569 15.9569 14.7317 14.3559 14.3559 14.3559 14.3559 14.3559 14.3559 14.3559 14.3559 14.3559 14.3559 14.2132 12.5760 12.7664 13.0157 13.4977 13.7357 13.9130 14.3852 14.8592 15.1230 15.1238 15.1238 15.1238
15.5878 15.5878 15.5878 15.5878 15.5863 14.7514 14.6227 14.6227 14.6227 13.9372 12.6742 12.6742 12.6742 12.6673 12.6334 12.5967 12.5601 12.5235 12.4937 12.4911 12.4911 12.4692 12.3329 12.1801 12.0273 11.9156 12.0099 12.4355 12.4355 12.4355 12.5957 15.8354 15.9569 15.9569 15.9569 15.9569 15.9569 15.9569 15.9569 15.9569 15.9569 15.9569 15.9569 15.1857 14.3559 14.3559 14.3559 14.3559 14.3559 14.3559 14.3559 14.2739 13.9371 13.7958 13.6719 14.2309 14.7398 15.0366 15.1008 15.1044 15.1238 15.1238 15.1238 15.1238 15.1238 15.1238 15.1238
15.5878 15.5878 15.5878 15.5878 15.5878 15.0622 14.6227 14.6227 14.5427 13.9327 12.5928 12.5601 12.5235 12.4938 12.4911 12.4911 12.4911 12.4825 12.3631 12.2102 12.0574 11.9266 11.9101 11.9101 11.9101 11.9101 11.9121 12.3827 12.4355 12.4355 12.4355 14.8744 15.9569 15.9569 15.9569 15.9569 15.9569 15.9569 15.9569 15.9569 15.9569 15.9569 15.9569 15.6399 14.3559 14.3559 14.3559 14.4471 14.3729 14.2490 14.1251 14.0832 14.2954 14.3126 14.3126 14.6556 15.1008 15.1008 15.1008 15.1008 15.1210 15.1238 15.1238 15.1238 15.1238 15.1238 15.1238
15.5878 15.5878 15.5878 15.5480 15.1268 14.3952 13.1272 12.6111 12.1738 12.1231 12.4082 12.4911 12.4911 12.4897 12.3934 12.2405 12.0877 11.9437 11.9101 11.9101 11.9101 11.9101 11.9101 11.9101 11.9101 11.9101 11.9101 12.2358 12.4355 12.4355 12.4355 13.7533 15.9569 15.9569 15.9569 15.9569 15.9569 15.9569 15.9569 15.9569 15.9569 15.9606 16.0689 16.1725 14.9069 14.7015 14.5772 14.3621 14.3126 14.3126 14.3126 14.3126 14.3126 14.3126 14.3126 14.4099 15.0993 15.1008 15.1008 15.1008 15.1146 15.1238 15.1238 15.1238 15.1238 15.1238 15.1238
14.6947 14.1780 13.6616 13.1837 13.0882 13.0827 12.2264 12.1231 12.1231 12.1231 12.2348 12.2708 12.1179 11.9666 11.9101 11.9101 11.9101 11.9101 11.9101 11.9101 11.9101 11.9101 11.9101 11.9101 11.9101 11.9101 11.9101 12.0857 12.4355 12.4355 12.4355 12.6911 15.8977 15.9569 15.9569 15.9569 15.9679 16.0932 16.2487 16.3756 16.1800 15.8900 15.4955 15.0971 14.5761 14.3126 14.3126 14.3126 14.3126 14.3126 14.3126 14.3126 14.3126 14.3126 14.3126 14.3126 14.9492 15.1008 15.1008 15.1008 15.1080 15.1238 15.1238 15.1238 15.1238 15.1238 15.1238
13.0882 13.0882 13.0882 13.0882 13.0882 13.0882 12.4919 11.9330 11.7801 11.6273 11.6155 11.9101 11.9101 11.9101 11.9101 11.9101 11.9101 11.9101 11.9101 11.9101 11.9101 11.9101 11.9101 11.9101 11.9101 11.9101 11.9101 11.9438 12.4276 12.4355 12.4355 12.4575 15.1935 16.2730 16.4284 16.5669 16.3859 15.9741 15.5324 15.1189 15.0284 15.0284 15.0284 15.0284 14.7781 14.3126 14.3126 14.3126 14.3126 14.3126 14.3126 14.3126 14.3126 14.3126 14.3126 14.3126 14.7019 15.1008 15.1008 15.1008 15.1022 15.1234 15.1238 15.1238 15.1238 15.1238 15.0286
13.0882 13.0882 13.0764 12.9721 12.8479 12.7238 12.3574 11.5421 11.5421 11.5421 11.5440 11.8756 11.9101 11.9101 11.9101 11.9101 11.9101 11.9101 11.9101 11.9101 11.9101 11.9101 11.9101 11.9101 11.9101 11.9101 11.9701 12.2562 12.7369 12.9313 13.0868 13.2216 14.6154 16.0111 15.5696 15.1447 15.0284 15.0284 15.0284 15.0284 15.0284 15.0284 15.0284 15.0284 14.9734 14.3195 14.3126 14.3126 14.3126 14.3126 14.3126 14.3126 14.3126 14.3126 14.3126 14.3126 14.4547 15.1008 15.1008 15.1008 15.1008 15.1183 15.0215 14.7434 14.4621 14.1808 14.0317
12.8852 12.7611 12.6488 12.6290 12.6290 12.6290 12.6144 11.6305 11.5421 11.5421 11.5421 11.7712 11.9101 11.9101 11.9101 11.9101 11.9101 11.9101 11.9101 11.9101 11.9101 11.9682 12.2532 12.5608 12.8707 13.1793 13.4270 13.4485 13.3968 13.3955 13.5031 13.6092 13.7931 15.0214 15.0284 15.0284 15.0284 15.0284 15.0284 15.0284 15.0284 15.0284 15.0284 15.0284 15.0284 14.4666 14.3126 14.3126 14.3126 14.3126 14.3126 14.3126 14.3126 14.3126 14.3126 14.3126 14.3133 14.9949 14.9912 14.7119 14.4319 14.2150 14.1838 14.2847 14.3887 14.4929 14.5604
12.6290 12.6290 12.6290 12.6290 12.6290 12.6290 12.6290 11.9654 11.5421 11.5421 11.5421 11.6651 11.9101 11.9101 11.9101 11.9101 11.9664 12.2501 12.5578 12.8655 13.1758 13.4257 13.4485 13.4485 13.4810 13.5860 13.6936 13.8011 13.8168 13.6465 13.6465 13.6465 13.6465 14.7299 15.0284 15.0284 15.0284 15.0284 15.0284 15.0284 15.0284 15.0284 15.0284 15.0284 15.0284 14.6687 14.3126 14.3126 14.3126 14.3126 14.3126 14.3126 14.3126 14.3126 14.2194 13.9562 13.7097 13.8731 14.0601 14.0869 14.1146 14.2111 14.5619 14.5619 14.5619 14.5619 14.5619
12.6290 12.6290 12.6290 12.6290 12.6290 12.6290 12.6290 12.3150 11.5421 11.5421 11.5421 11.5305 12.2156 12.5547 12.8624 13.1701 13.4242 13.4485 13.4485 13.4485 13.4668 13.5650 13.6726 13.7802 13.8553 13.8579 13.8579 13.8579 13.8570 13.6668 13.6465 13.6465 13.6465 14.2922 15.0284 15.0284 15.0284 15.0284 15.0284 15.0284 15.0284 15.0284 15.0284 15.0284 15.0284 14.8709 14.3126 14.3126 14.3126 14.3126 14.2494 14.0141 13.7698 13.5257 13.3744 13.3936 13.3957 13.5694 14.1218 14.1218 14.1218 14.1249 14.5258 14.5619 14.5619 14.5619 14.5619
12.6290 12.6290 12.6290 12.6290 12.6290 12.6290 12.6095 12.4037 11.1951 10.9188 10.7059 10.5278 12.7408 13.4485 13.4485 13.4485 13.4566 13.5440 13.6516 13.7594 13.8486 13.8579 13.8579 13.8579 13.8579 13.8579 13.8579 13.8579 13.8579 13.7253 13.6465 13.6465 13.6465 13.8545 15.0283 15.0284 15.0284 15.0284 15.0284 15.0284 15.0284 15.0284 15.0284 15.0284 15.0316 15.1260 14.3808 14.0742 13.8299 13.5858 13.4047 13.3957 13.3957 13.3957 13.3957 13.3957 13.3957 13.4033 14.0595 14.1218 14.1218 14.1218 14.4064 14.5619 14.5619 14.5619 14.5619
12.6290 12.6203 12.4618 12.2489 12.0361 11.8233 11.6299 11.5952 10.8937 10.5083 10.5083 10.5083 11.8994 13.5230 13.6306 13.7383 13.8377 13.8579 13.8579 13.8579 13.8579 13.8579 13.8579 13.8579 13.8579 13.8579 13.8579 13.8579 13.8579 13.7863 13.6465 13.6465 13.6465 13.6465 14.7986 15.0284 15.0284 15.0284 15.0284 15.0380 15.1563 15.3052 15.4075 15.3070 15.1793 14.9529 13.8664 13.3957 13.3957 13.3957 13.3957 13.3957 13.3957 13.3957 13.3957 13.3957 13.3957 13.3957 13.8389 14.1218 14.1218 14.1218 14.2839 14.5619 14.5619 14.5619 14.5619
11.8537 11.6495 11.5952 11.5952 11.5952 11.5952 11.5952 11.5952 11.2436 10.5618 10.6694 10.7771 11.4282 13.8579 13.8579 13.8579 13.8579 13.8579 13.8579 13.8579 13.8579 13.8579 13.8579 13.8579 13.8579 13.8579 13.8579 13.8579 13.8579 13.8435 13.6494 13.6465 13.6465 13.6465 14.3798 15.1785 15.3274 15.4763 15.5906 15.4906 15.2480 14.9748 14.7480 14.7245 14.7245 14.7245 14.2245 13.3957 13.3957 13.3957 13.3957 13.3957 13.3957 13.3957 13.3957 13.3957 13.3957 13.3957 13.6111 14.1218 14.1218 14.1218 14.1637 14.5601 14.5619 14.5619 14.5619
11.5952 11.5952 11.5952 11.5952 11.5952 11.5554 11.4009 11.2394 11.0709 10.9206 10.9177 10.9177 10.9265 13.5509 13.8579 13.8579 13.8579 13.8579 13.8579 13.8579 13.8579 13.8579 13.8579 13.8579 13.8579 13.8579 13.8579 13.8579 13.8579 13.8956 13.8746 13.9678 14.1167 14.2655 14.6488 15.5431 15.2700 14.9968 14.7582 14.7245 14.7245 14.7245 14.7245 14.7245 14.7245 14.7245 14.5934 13.4003 13.3957 13.3957 13.3957 13.3957 13.3957 13.3957 13.3957 13.3957 13.3957 13.3957 13.4180 14.0863 14.1218 14.1218 14.1218 14.4794 14.5602 14.3134 13.8898
11.5952 11.5822 11.4494 11.2878 11.1263 11.0045 10.9973 10.9973 10.9973 10.9429 10.9177 10.9177 10.9177 12.7157 13.8579 13.8579 13.8579 13.8579 13.8579 13.8579 13.8579 13.8579 13.8579 13.8579 13.8956 14.0577 14.2297 14.4017 14.5737 14.7086 14.5637 14.2296 13.9743 13.7190 13.4886 14.5692 14.7245 14.7245 14.7245 14.7245 14.7245 14.7245 14.7245 14.7245 14.7245 14.7245 14.7245 13.6428 13.3957 13.3957 13.3957 13.3957 13.3957 13.3957 13.3957 13.3957 13.3957 13.3957 13.3957 13.8804 14.1187 13.8595 13.4358 13.2449 12.9875 12.7550 12.6990
