High_resolution/powerplant/Chizhou/OMI_NO2_200904.asc
ncols      200
nrows      200
xllcorner       115.585
yllcorner       28.7700
cellsize     0.0166667
NODATA_Value      -999.000
[rows 30 to 59 of 175, columns 132 to 197 of 200]
6.93046 6.93884 6.93884 6.93884 6.83395 6.32771 5.94688 5.94688 5.95039 5.95969 5.96076 5.93114 5.83531 5.79850 5.76796 6.40614 6.45579 6.54082 6.72704 6.92920 6.99911 7.08096 7.21169 7.34248 7.45363 7.47577 7.47577 7.47577 7.47577 7.47577 7.47577 7.62186 8.93181 10.6018 11.6879 11.6883 11.6883 14.3367 15.7244 15.8104 15.8230 15.8290 15.8290 15.8290 15.8290 15.8050 15.7529 15.0838 14.0281 13.6949 13.4874 13.3200 13.3033 13.3953 13.4286 13.4401 13.4516 13.4631 10.9262 8.14270 8.34749 8.42393 8.42055 8.78155 8.35778 8.35778
7.01331 7.06569 7.08426 7.09494 7.06879 6.63506 6.07606 6.06421 6.07404 6.07827 6.09060 6.06396 5.61553 5.49562 5.39553 5.31336 6.15178 7.10164 7.22229 7.32574 7.42687 7.47577 7.47577 7.47577 7.47577 7.47577 7.47577 7.47577 7.47577 7.47577 7.47577 7.47888 8.44583 10.1610 11.4750 11.7201 11.7352 13.2394 15.6298 15.8290 15.8277 15.7911 15.7387 15.6379 15.3513 15.0711 14.8451 14.4207 13.3827 13.4037 13.4520 13.4635 13.4706 13.4707 13.4707 13.4707 13.4569 13.3842 11.8799 8.56874 7.80997 8.01996 7.95016 8.47601 7.98952 7.74054
6.83260 7.11035 7.06339 7.02450 7.02047 6.76708 6.27690 6.11448 6.04495 5.96211 5.87940 5.81092 5.48922 5.45350 5.53465 5.63577 6.03366 7.42945 7.47577 7.47577 7.47577 7.47577 7.47577 7.47577 7.47577 7.47577 7.47577 7.47577 7.47577 7.47628 7.48680 7.50111 8.01925 9.79972 11.0924 11.7456 11.8490 12.9442 15.4026 15.5726 15.2687 14.9906 14.7441 14.6082 14.6633 14.7364 14.7829 14.7718 13.6231 13.4707 13.4564 13.3834 13.3040 13.2246 13.1453 13.0661 13.0012 12.9945 12.6605 9.06913 7.45933 7.55099 7.40513 7.70826 7.71983 7.47877
6.32236 7.01311 7.06362 7.10698 7.00701 6.78824 6.23824 5.86899 5.85513 5.85522 5.90140 5.98571 5.84601 5.79842 5.81842 5.81842 5.84194 7.19678 7.47577 7.47577 7.47577 7.47577 7.47577 7.47577 7.47577 7.47577 7.48233 7.49670 7.51108 7.52495 7.52882 7.52882 8.00768 10.3625 12.7053 14.4479 15.0251 15.0352 14.8798 14.5932 14.6276 14.7109 14.7780 14.7837 14.7774 14.7331 14.6827 14.6321 13.6900 13.0698 13.0008 12.9945 12.9945 12.9945 12.9945 13.0133 13.0622 13.1115 13.1606 10.3850 7.77652 7.37355 7.36176 7.47878 7.94417 7.41744
5.91990 6.95997 6.81405 6.64546 6.62221 6.62182 6.33036 5.98475 6.04280 6.12697 6.16507 6.16507 6.02821 5.81842 5.81842 5.81842 5.82032 6.70735 7.47577 7.47577 7.47577 7.47577 7.47874 7.49221 7.50659 7.52097 7.52880 7.52882 7.85367 9.02789 10.1698 11.1552 11.9352 12.7943 13.6268 14.7283 15.0042 15.0882 15.1261 14.8769 14.6903 14.6399 14.5893 14.5388 14.4946 14.4884 14.4884 14.4884 13.9507 13.0188 12.9945 13.0053 13.0518 13.1011 13.1503 13.1808 13.1812 13.1812 13.1812 11.5097 8.44245 7.32564 7.16742 7.05654 7.48677 6.68995
5.11453 6.44933 6.62221 6.62221 6.62221 6.62221 6.63488 6.33070 6.16507 6.16507 6.16507 6.16507 6.09794 5.81842 5.81842 5.81842 5.81842 6.20641 7.46891 7.48773 7.50211 7.51649 7.52790 7.56984 8.12880 9.34900 10.4649 11.4232 12.0619 12.0330 11.9459 12.0113 12.2662 13.1440 13.9803 14.4987 14.9925 14.9420 14.8855 14.7218 14.4884 14.4884 14.4884 14.4884 14.4884 14.4884 14.4884 14.4934 14.3868 13.1404 13.1399 13.1783 13.1812 13.1812 13.1812 13.1812 13.0705 12.4397 11.7435 10.6731 8.44951 6.92011 6.80594 6.77884 7.19900 6.68430
5.10723 6.02603 6.61959 6.62221 6.62221 6.62221 6.62697 6.49504 6.16507 6.16507 6.16507 6.16507 6.15606 5.82795 5.81842 5.82589 5.84027 5.90891 7.43920 7.74880 8.45821 9.66431 10.7556 11.6524 12.1012 12.0197 11.9361 11.9819 12.2874 12.6494 13.0493 13.3490 13.4415 13.4243 13.7770 13.9883 14.8835 14.8839 14.8839 14.8118 14.5134 14.4884 14.4884 14.4898 14.5247 14.5740 14.6233 14.6676 14.6750 13.4974 13.1812 13.1812 12.9434 12.2573 11.5571 10.7555 10.0025 9.63244 9.27645 8.96440 7.64140 6.91964 6.70173 6.62903 6.78288 6.84408
5.10723 5.60319 6.60776 6.62221 6.62221 6.62221 6.62221 6.63168 6.19761 6.16507 6.16507 6.16806 6.19512 5.98486 5.95649 5.99996 6.03658 7.02650 10.1718 11.7624 12.0952 12.0155 12.0043 12.0765 12.3347 12.6931 13.0888 13.4368 13.4723 13.4723 13.4723 13.4723 13.4723 13.4509 13.6435 13.8349 14.6918 14.8839 14.8839 14.8423 14.6322 14.5636 14.6128 14.6607 14.6750 14.6750 14.6750 14.6723 14.2655 12.7956 11.3700 10.5330 9.92034 9.63024 9.28275 8.99797 8.71343 8.60623 8.53127 8.45699 7.66090 6.69016 6.43540 6.38921 6.42848 6.92335
5.10517 5.17596 6.51124 6.52729 6.49380 6.46066 6.43276 6.47243 6.22254 6.08271 6.10278 6.12022 6.11335 6.07396 6.08722 6.15300 6.13862 6.90085 11.1960 12.1958 12.3813 12.7257 13.0417 13.3693 13.4723 13.4723 13.4723 13.4723 13.4723 13.4723 13.4723 13.4723 13.4723 13.4711 13.5142 13.8463 14.3709 14.9486 14.9979 15.0326 14.8897 14.6750 14.6750 14.6323 14.0826 13.3864 12.6452 11.8072 11.3701 10.7708 9.28962 8.90896 8.59829 8.45483 8.38051 8.32352 8.31993 8.31993 8.31993 8.32060 8.02258 6.86105 6.49612 6.42082 6.42897 6.87031
4.50835 4.47421 5.54262 6.12809 6.17566 6.22142 6.26153 6.28587 6.24507 5.97270 5.96699 5.91134 5.84604 5.80070 5.74920 5.60526 5.53000 5.46597 10.5889 13.1696 13.4713 13.4723 13.4723 13.4723 13.4723 13.4723 13.4723 13.4723 13.4723 13.4723 13.4723 13.4723 13.5020 13.7133 13.9070 14.5531 14.6482 15.0705 15.0705 14.9448 14.2034 13.2176 12.4258 11.6253 11.3336 11.1491 10.9279 10.7940 10.6505 10.5326 8.77512 8.31993 8.31993 8.32067 8.32866 8.33842 8.34826 8.35807 8.36783 8.37700 8.36724 7.13505 6.47043 6.16704 6.00263 6.11633
4.19607 4.15883 4.86157 6.15131 6.26735 6.16909 6.00428 5.90231 5.95904 5.62248 5.54004 5.53077 5.52865 5.48699 5.41421 5.32977 5.25211 5.24411 8.91873 13.0157 13.4723 13.4723 13.4723 13.4723 13.4723 13.4723 13.4723 13.4723 13.4765 13.6384 13.8809 14.1233 14.3362 14.3674 14.3304 14.3762 13.6095 13.2013 12.3142 11.3841 11.5328 11.3046 10.9576 10.8299 10.6863 10.5866 10.5849 10.5711 10.3748 10.1212 9.13071 8.36818 8.36803 8.37712 8.37895 8.37895 8.37895 8.37822 8.27524 8.10035 7.92559 6.93761 6.12612 5.90154 5.84031 5.94913
4.14299 4.12571 4.33301 5.33191 5.53202 5.53294 5.60023 5.60447 5.72752 5.61627 5.44569 5.38008 5.31036 5.29026 5.24847 5.24411 5.24411 5.24411 6.67632 12.5958 13.4723 13.4723 13.4723 13.4723 13.4723 13.5651 13.8057 14.0482 14.2867 14.3674 14.3674 14.0181 13.0250 11.8919 10.5212 9.56970 10.1745 10.7612 10.9105 10.7493 10.7808 11.0152 10.4144 10.1609 9.90759 9.65443 9.40083 9.16129 9.10444 9.10444 9.03606 8.51345 8.37895 8.37895 8.31056 8.13693 7.96210 7.78808 7.71624 7.71624 7.71624 7.31054 6.24748 5.95497 5.85504 5.87957
4.26206 4.34952 4.41841 5.07120 5.60447 5.60447 5.60447 5.60447 5.60905 5.51176 5.29036 5.29036 5.29036 5.29036 5.25979 5.24411 5.24411 5.24411 5.26910 11.4057 13.4501 13.5111 13.7306 13.9732 14.2157 14.3655 14.3595 13.8553 12.8244 11.6659 10.2716 9.24835 9.08386 8.95546 8.92760 8.95582 9.52156 9.33527 9.59545 9.27900 8.97431 9.72295 9.11561 9.10444 9.10444 9.10444 9.10444 9.10444 9.10444 9.10444 9.03914 8.46537 7.99869 7.82386 7.71743 7.71624 7.71624 7.71624 7.71624 7.64214 7.33864 6.97372 6.39051 6.08902 5.95353 5.97846
4.42013 4.42013 4.42013 4.77207 5.56830 5.60447 5.60447 5.60447 5.60447 5.60055 5.31483 5.29036 5.29036 5.29036 5.27016 5.24411 5.24411 5.25407 5.47313 9.86211 13.8218 14.3188 14.3022 13.6705 12.6235 11.4333 10.0149 9.20165 9.06402 8.94429 8.99053 9.23323 9.48670 9.74032 9.99394 8.48997 7.68858 7.79553 8.41734 8.54209 8.54209 9.35128 9.27752 9.10444 9.10444 9.10444 9.08542 8.93558 8.76075 8.58593 8.45079 8.18354 7.71624 7.71624 7.71624 7.56968 7.25019 6.92783 6.57811 6.29527 6.24202 6.20510 6.26757 6.25340 6.11475 5.99563
4.42013 4.42013 4.42013 4.60378 5.39856 5.60447 5.60447 5.60447 5.60447 5.60447 5.40624 5.29036 5.29036 5.29036 5.39447 5.71181 6.08767 6.45416 6.61119 8.27957 11.9169 11.2221 9.81794 9.18182 9.06230 9.15792 9.40307 9.65655 9.91031 10.1638 10.3537 10.3645 10.3645 10.3645 10.3645 9.43824 7.45498 7.79553 8.17052 8.54209 8.54209 8.96135 9.48100 8.97216 8.79727 8.62245 8.46664 8.44172 8.44172 8.44172 8.43311 8.10624 7.20469 6.83424 6.47986 6.26949 6.23208 6.19765 6.18381 6.13325 6.07439 6.01570 5.99929 5.97978 5.83794 5.69605
4.42013 4.42013 4.42013 4.45619 5.20865 5.60447 5.60635 5.62496 5.64747 5.67567 5.67581 5.76516 6.08407 6.40313 6.62635 6.76459 6.76452 6.79199 6.87032 7.01462 8.98762 9.57784 9.82654 10.0802 10.3155 10.3645 10.3645 10.3645 10.3645 10.3645 10.3645 10.3645 10.3645 10.3645 10.3645 10.2576 7.35265 7.79553 7.92377 8.42239 8.20378 8.03478 9.02352 8.44323 8.44172 8.44172 8.40003 8.11881 7.79904 7.46364 7.11573 6.93290 6.40883 6.13307 6.07201 6.01333 5.95471 5.89593 5.84401 5.83604 5.83604 5.83604 5.84435 5.91548 5.83478 5.63086
4.69217 4.71467 4.73721 4.75972 5.32761 6.09007 6.18418 6.26115 6.33424 6.40183 6.41922 6.79873 6.83400 6.86839 7.01752 7.19604 7.40412 7.58217 7.70861 7.77088 9.26801 10.3946 10.3645 10.3645 10.3645 10.3645 10.3645 10.3645 10.3645 10.3645 10.3645 10.3645 10.3645 10.3645 10.3645 10.4158 8.21277 8.20210 8.40727 7.83717 7.71370 7.71370 8.61988 8.16062 7.71009 7.36567 7.05635 7.05707 7.11604 7.19063 7.28661 7.37200 6.74467 5.83604 5.83604 5.83604 5.83548 5.81649 5.78857 5.76073 5.73300 5.70509 5.67765 5.75327 5.72827 5.52684
5.08769 5.24269 5.39769 5.55278 5.91340 6.37648 6.41520 6.41520 6.47095 6.62643 6.83057 7.21913 7.49444 7.62444 7.63909 7.71484 7.77088 7.77088 7.77088 7.77088 8.55919 10.3808 10.3645 10.3645 10.3645 10.3645 10.3645 10.3645 10.3645 10.3645 10.3645 10.3817 10.5398 10.7289 10.9179 11.0557 9.58238 8.28873 8.49316 8.09688 7.69624 7.54719 7.42035 7.28184 7.28314 7.36690 7.45689 7.47680 7.47680 7.47680 7.47626 7.45139 7.14422 5.76320 5.73250 5.70481 5.67743 5.66850 5.66850 5.66850 5.66888 5.67622 5.68612 5.74630 5.78181 5.54336
5.65200 5.65200 5.66450 5.82318 6.11244 6.71181 7.01646 7.22184 7.37092 7.42089 7.42156 7.48101 7.63909 7.63909 7.63909 7.68652 7.77088 7.77088 7.77088 7.77088 7.90525 10.3121 10.3647 10.3645 10.3645 10.3645 10.3645 10.3658 10.4812 10.6702 10.8593 11.0312 11.0621 11.0621 11.0621 11.0724 10.5273 7.92936 8.33827 8.03218 7.24233 7.22445 7.23459 7.37405 7.47680 7.45760 7.41963 7.38168 7.34366 7.30567 7.26823 7.25513 7.20380 5.92251 5.66850 5.66850 5.66853 5.67422 5.68413 5.69402 5.70353 5.70610 5.70610 5.72170 5.80180 5.72991
6.28980 6.52398 6.79104 6.91288 6.99322 7.24355 7.42156 7.42156 7.42156 7.42156 7.42156 7.42311 7.61933 7.63909 7.63909 7.66071 7.77088 7.77088 7.77088 7.77088 7.77088 9.68158 10.4075 10.3645 10.4261 10.6117 10.8007 10.9885 11.0621 11.0665 11.0874 11.1098 11.0692 10.8209 10.5563 10.2816 10.0312 7.29683 8.00391 7.98702 7.28178 7.11329 7.06579 7.15023 7.25722 7.25513 7.25513 7.25513 7.25513 7.25513 7.25513 7.25513 7.23193 6.33644 5.68212 5.69202 5.70189 5.70610 5.70610 5.70610 5.70610 5.70610 5.68284 5.61598 6.02764 6.21673
6.99406 7.04080 7.04112 7.04112 7.04112 7.14844 7.40985 7.42156 7.42156 7.42156 7.42156 7.42156 7.55471 7.63909 7.63909 7.64105 7.76484 7.77088 7.77088 7.77088 7.79425 9.13383 10.7990 10.9322 11.0765 11.1024 11.1248 11.1472 11.0759 10.8119 10.5266 10.2395 10.0155 9.94662 9.64310 9.30639 8.97008 7.29261 7.63746 7.72741 7.32668 6.94737 6.94737 7.03507 7.20019 7.25513 7.25513 7.25513 7.25513 7.25738 7.26676 7.27665 7.28501 6.78686 5.70610 5.70610 5.70610 5.70575 5.66541 5.59752 5.52489 5.42496 5.34388 5.30635 5.80256 6.26713
7.04112 7.04112 7.04112 7.04112 7.04112 7.09747 7.35251 7.42156 7.42156 7.42156 7.42156 7.42156 7.47863 7.63909 7.63909 7.63909 7.73762 7.90084 8.11105 8.36135 8.58940 9.14428 11.2830 11.1836 11.0584 10.7716 10.4846 10.1892 9.76158 9.41965 9.08333 8.74701 8.40955 8.12528 8.09249 8.09249 8.09249 7.52871 7.22355 7.72683 7.58520 6.94737 6.94737 6.97242 7.16163 7.25623 7.26476 7.27465 7.28454 7.29220 7.29273 7.29273 7.29273 7.16746 5.69826 5.57903 5.49978 5.39660 5.33259 5.29612 5.26430 5.25762 5.21771 5.16460 5.32933 6.07084
7.01949 7.04112 7.04112 7.04112 7.04112 7.05295 7.28877 7.42156 7.42156 7.42156 7.42156 7.42156 7.42201 7.69160 7.88768 8.06344 8.43183 8.76813 8.80928 8.81023 8.73636 8.59989 10.6010 9.80032 9.19682 8.86026 8.52356 8.19468 8.09249 8.09249 8.09249 8.09249 8.09249 8.09249 8.09249 8.09249 8.09249 7.99226 6.86457 7.72683 7.72659 7.06630 6.95691 6.96928 7.13080 7.28126 7.29273 7.29273 7.29273 7.27866 7.21508 7.14706 7.05854 6.91754 5.73294 5.28311 5.21680 5.16290 5.10947 5.05645 5.00302 4.95225 4.93877 4.93877 4.94478 5.85549
6.63868 6.81630 6.78493 6.75316 6.72184 6.69007 6.81038 7.02661 7.05683 7.08728 7.11819 7.14864 7.18033 7.68613 8.01258 8.01254 8.17512 8.60029 8.46913 8.33828 8.28128 8.29613 8.62841 8.46540 8.09249 8.09249 8.09249 8.09249 8.09249 8.09249 8.09249 8.09249 8.09249 8.09249 8.09249 8.09249 8.09249 8.09249 6.95256 7.96072 8.13123 7.60708 6.99437 6.99437 7.08901 7.21742 7.19661 7.12649 7.02982 6.93691 6.80618 6.63653 6.48770 6.34150 5.61884 4.95094 4.93877 4.93877 4.93877 4.93877 4.95755 4.99510 5.03272 5.07029 5.10792 5.75563
6.03700 6.46959 6.54861 6.67694 6.80520 6.93346 7.14267 7.21078 7.19080 7.19080 7.19080 7.19598 7.13023 7.21894 7.75452 7.65034 7.67281 8.30531 8.30531 8.30531 8.30531 8.30531 8.48181 8.70109 8.09249 8.09249 8.09249 8.09249 8.09249 8.09249 8.09249 8.09249 8.09249 8.09249 8.12770 8.28179 8.44561 8.60937 7.84588 8.06272 8.33087 8.07721 6.99437 6.98774 6.84906 6.64218 6.55205 6.38472 6.24400 6.11353 6.07038 6.07038 6.07038 6.07038 5.82342 4.99628 5.03401 5.07145 5.10918 5.14664 5.16553 5.16553 5.16553 5.14363 4.99415 5.12081
6.33274 7.09045 7.15160 7.15160 7.15160 7.15298 7.20866 7.27473 7.14934 7.01810 6.88732 6.75120 6.68588 6.68991 7.51478 7.60865 7.60876 8.22011 8.30531 8.30531 8.30531 8.30531 8.34284 8.85389 8.16697 8.09249 8.09249 8.09249 8.09249 8.09249 8.10209 8.23057 8.39445 8.55820 8.68680 8.69653 8.69653 8.69653 8.33737 7.53300 7.88686 7.67640 6.31947 5.92910 5.84636 5.95232 6.06609 6.07038 6.07409 6.08384 6.09366 6.10350 6.11332 6.12315 6.16417 5.27226 5.16553 5.16553 5.16553 5.15774 5.02933 4.85950 4.68960 4.54174 4.52125 4.55234
6.46538 7.00176 7.21698 7.24717 7.19183 7.07526 6.93827 6.83370 6.68588 6.68588 6.68588 6.68588 6.68588 6.68588 7.23913 7.60865 7.60865 8.04968 8.30531 8.30531 8.30531 8.30531 8.30531 8.72129 8.42587 8.09249 8.09255 8.17929 8.34310 8.50711 8.66119 8.69653 8.69470 8.68082 8.66475 8.63330 8.57499 8.51593 8.45112 6.94187 7.18280 7.18280 6.47404 5.86125 5.87352 5.95029 6.07789 6.12164 6.12776 6.12784 6.12784 6.12784 6.12784 6.12784 6.14801 5.55190 5.06445 4.89455 4.72478 4.56261 4.52125 4.52125 4.52125 4.52125 4.52125 4.47705
6.67820 6.91202 6.93410 6.78894 6.72961 6.72961 6.72961 6.77855 6.69202 6.68588 6.68588 6.68588 6.68588 6.68588 6.91675 7.60865 7.60865 7.89526 8.30531 8.30531 8.30531 8.30531 8.30531 8.60482 8.87253 8.45576 8.61937 8.68628 8.67024 8.65416 8.63808 8.60127 8.54404 8.49894 8.45597 8.42821 8.39898 8.17416 7.91341 7.02559 7.20737 7.24501 6.98192 5.91813 5.91813 5.94618 6.06008 6.12784 6.12784 6.12784 6.12784 6.12784 6.06084 5.89197 5.72532 5.25907 4.52125 4.52125 4.52125 4.52125 4.51844 4.45203 4.35145 4.24692 4.15504 4.12128
7.01165 6.98320 6.73150 6.72961 6.72961 6.72961 6.72961 6.75856 6.72431 6.68588 6.68588 6.68588 6.68588 6.68588 6.68888 7.51198 7.60865 7.75501 8.30531 8.31872 8.45354 8.64126 8.89703 9.22761 9.58343 8.67133 8.61125 8.57868 8.53573 8.49280 8.44776 8.26359 8.00210 7.74121 7.47972 7.21868 6.98632 6.94951 6.94951 6.86772 7.09440 7.25462 7.25155 6.08792 5.91813 5.91943 6.02036 6.12643 6.08828 5.92708 5.75718 5.58742 5.48459 5.48356 5.48356 5.44963 4.51668 4.42632 4.32297 4.22262 4.13388 4.13088 4.16553 4.19265 4.19444 4.09806
7.01165 7.01165 6.79296 6.72961 6.72961 6.72961 6.72961 6.73631 6.75894 6.68588 6.68588 6.68588 6.68588 6.68588 6.68588 7.23863 7.74073 7.97747 8.97617 9.23647 9.36171 9.43394 9.43430 9.31585 9.46762 8.56030 8.10777 7.82990 7.56900 7.30752 7.04855 6.94951 6.94951 6.94951 6.94951 6.94951 6.94951 6.94951 6.94951 6.92935 6.94778 7.25462 7.25462 6.52409 5.89413 5.71099 5.62115 5.59604 5.49213 5.48356 5.48356 5.48356 5.46996 5.42368 5.37202 5.37399 4.37734 4.14048 4.17461 4.09325 3.91879 3.74332 3.56901 3.39343 3.21943 3.14013
