High_resolution/powerplant/Chizhou/OMI_NO2_200801.asc
ncols      200
nrows      200
xllcorner       115.585
yllcorner       28.7700
cellsize     0.0166667
NODATA_Value      -999.000
[rows 116 to 144 of 161, columns 67 to 133 of 200]
4.05571 4.05571 4.05571 4.03548 3.97999 3.86272 3.61631 3.39495 3.04257 2.10148 2.32480 2.35182 2.35276 2.35276 2.35276 2.35276 2.29783 2.00457 2.00280 2.00280 2.00280 2.00280 2.00280 1.97094 1.84684 1.88613 1.90007 1.90918 1.92210 1.93505 1.94798 1.96093 1.97387 1.98589 2.06658 2.56755 2.81243 2.96484 3.15288 3.51120 3.50496 3.38216 3.39020 3.40072 3.41122 3.42125 3.42379 3.42379 3.42379 3.55278 3.91826 3.91826 4.02831 4.66310 4.92282 4.92282 4.90195 4.51818 4.51223 4.51223 4.64129 4.80996 4.79271 4.71566 4.48924 4.25922 4.02903
3.74565 3.54195 3.31925 3.14035 3.00928 2.92397 2.92041 2.92041 2.91965 2.07366 2.33230 2.35276 2.35276 2.35276 2.35276 2.35276 2.34903 2.03346 2.00280 2.00280 2.10372 2.32089 2.53792 2.75373 2.00400 1.94539 1.98455 1.98840 1.98840 1.98840 2.02090 2.22015 2.42027 2.59797 2.70640 2.86743 3.02707 3.03757 3.07279 3.54038 3.55837 3.45340 3.42379 3.42379 3.42379 3.42379 3.42379 3.42379 3.42379 3.43170 3.88111 3.91826 3.91945 4.49918 4.91963 4.92282 4.92282 4.59540 4.51223 4.47196 4.31814 4.43005 4.23231 4.12653 4.17204 4.22131 4.27058
2.94845 2.92041 2.92041 2.92041 2.92041 2.92041 2.92041 2.92041 2.92041 2.31827 2.24140 2.35276 2.35276 2.39484 2.59640 2.81357 3.03089 3.00482 3.11527 3.33230 3.44869 3.44869 3.44869 3.44869 2.41156 1.94888 1.99461 2.15691 2.36437 2.54814 2.69107 2.70546 2.69135 2.67661 2.66187 2.73884 3.07274 3.07274 3.07274 3.46529 3.56214 3.48688 3.42379 3.42379 3.42379 3.42379 3.42379 3.42379 3.42379 3.42379 3.74323 3.95352 3.97626 4.37516 4.95298 5.02387 4.81556 4.49747 4.23361 4.05715 4.04063 4.36970 4.40570 4.39972 4.39972 4.39832 4.36719
2.92041 2.92041 2.92041 2.92041 2.92041 2.92041 2.92050 2.92450 2.93063 2.78007 2.96505 3.39092 3.60780 3.78319 3.79866 3.79866 3.79866 3.63579 3.44869 3.44869 3.44869 3.44869 3.44869 3.50758 3.04983 2.45279 2.65968 2.69578 2.68105 2.66632 2.65158 2.64056 2.63994 2.63994 2.63994 2.64366 3.03685 3.07274 3.07274 3.35134 3.56139 3.51405 3.46527 3.48802 3.51076 3.53353 3.55627 3.57902 3.60176 3.62451 3.78334 4.12180 3.92689 3.84768 4.20900 4.12820 4.08312 4.06953 4.02990 3.98510 3.94672 4.14791 4.22715 4.15522 4.01670 3.86864 3.75015
2.92139 2.92695 2.93308 2.93921 2.94534 2.95148 2.95752 2.95965 2.95965 3.00719 3.49286 3.79866 3.79866 3.79866 3.79866 3.79866 3.79866 3.70598 3.45862 3.44869 3.44869 3.44859 3.43752 3.69088 3.63661 2.61371 2.63254 2.63994 2.63994 2.63994 2.63994 2.63994 2.62795 2.60602 2.58409 2.56211 2.81541 2.95102 2.92910 3.07180 3.37535 3.38757 3.63286 3.63478 3.63478 3.63439 3.63189 3.62907 3.66202 3.73700 3.81616 3.16044 2.97600 2.94700 3.59209 3.87661 3.86398 3.84899 3.79730 3.73254 3.65358 3.60584 3.72855 3.96719 3.97551 3.99454 4.01373
2.95908 2.95965 2.95965 2.95965 2.95965 2.95965 2.95965 2.95965 2.95965 2.95965 3.34425 3.78057 3.79866 3.79866 3.79866 3.79866 3.79866 3.77019 3.47103 3.40622 3.38773 3.36949 3.36215 3.49562 3.81841 2.73155 2.58853 2.51822 2.48817 2.45810 2.42805 2.39804 2.37995 2.37185 2.36378 2.35567 2.49747 2.77229 2.76419 2.83090 3.30643 3.31333 3.52823 3.57306 3.55667 3.56951 3.58878 3.60844 3.59538 3.57490 3.56446 3.06930 2.87299 2.94220 3.32810 3.66451 3.56743 3.46525 3.34848 3.33226 3.33226 3.34218 3.55072 4.09122 4.09278 4.09278 4.09278
2.95965 2.95965 2.95965 2.95965 2.95965 2.95963 2.95945 2.95925 2.95904 2.95883 3.21854 3.68988 3.79776 3.80621 3.81736 3.83816 3.86656 3.89166 3.47287 3.28159 3.28875 3.29588 3.30307 3.31256 3.72574 2.97294 2.47463 2.28170 2.28170 2.28170 2.28170 2.28170 2.28170 2.28170 2.28170 2.28170 2.31200 2.73679 2.79815 2.86373 3.14843 3.10013 3.27353 3.40474 3.43789 3.44230 3.47107 3.65076 3.68942 3.74374 3.80276 3.62232 3.21701 3.26796 3.14892 3.28960 3.36767 3.36767 3.34639 3.33226 3.33226 3.33226 3.47031 4.01330 4.09278 4.09278 4.09278
2.95421 2.95677 2.95657 2.95636 2.95615 2.95596 2.95725 2.99545 3.05455 3.12065 3.32962 3.80896 3.94657 3.96653 3.98377 3.99138 3.99138 3.99138 3.65344 3.31102 3.30017 3.30017 3.30017 3.30017 3.59836 3.28625 2.53507 2.28607 2.28170 2.28170 2.30192 2.35691 2.41235 2.46783 2.52339 2.57884 2.63457 3.03802 3.21674 3.29458 3.38465 3.17693 3.26689 3.44381 3.49237 3.56315 3.63489 3.89463 3.96660 3.97852 3.97852 3.94289 3.29635 3.27473 3.22814 3.19554 3.36767 3.36767 3.35486 3.33226 3.33226 3.33226 3.42169 3.89393 4.09278 4.09344 4.21703
3.04184 3.10523 3.16012 3.21596 3.28020 3.34643 3.41132 3.43934 3.44646 3.44658 3.47690 3.91200 3.99138 3.99138 3.99138 3.99138 3.99138 3.99138 3.76242 3.36579 3.30017 3.30017 3.30017 3.27692 3.32165 3.41788 2.72578 2.57112 2.57040 2.62588 2.66115 2.66172 2.66172 2.68498 2.76084 2.83869 2.91636 3.15657 3.38294 3.42176 3.57843 3.35745 3.45466 3.76272 3.78524 3.78524 3.78524 3.91565 3.97852 3.97852 3.97852 3.97852 3.48610 3.27473 3.27443 3.13446 3.36767 3.36767 3.36333 3.33226 3.33226 3.33226 3.45691 4.07139 4.60289 4.81512 4.90436
3.37929 3.42289 3.43423 3.44460 3.44658 3.44658 3.44658 3.44658 3.44658 3.44658 3.44658 3.80471 3.98766 3.99138 3.99138 3.99138 3.98695 3.89926 3.65578 3.09521 2.85127 2.73227 2.61342 2.51766 2.52416 3.09103 2.95325 2.78280 2.66172 2.67057 2.73778 2.81562 2.89347 2.94804 2.96857 3.02803 3.08898 3.23816 3.69378 3.72578 3.84822 3.55160 3.51987 3.74748 3.78524 3.78524 3.78524 3.86311 3.97852 3.97852 3.97852 3.97852 3.71153 3.27448 3.26438 3.10139 3.31936 3.31174 3.34763 3.56777 3.78791 4.00083 4.13236 4.44131 4.88979 4.88979 4.88979
3.35685 3.44158 3.44658 3.44658 3.44658 3.44658 3.44658 3.44658 3.44658 3.44658 3.44907 3.60209 3.67788 3.58431 3.46530 3.34645 3.23196 3.20064 3.17575 2.69784 2.51045 2.50944 2.50944 2.50944 2.50944 2.92735 3.05757 2.97843 2.87040 2.94620 3.00932 3.07028 3.13123 3.19218 3.23456 3.23605 3.23605 3.23770 3.67504 3.72578 3.78171 3.68647 3.51987 3.68355 3.78340 3.76793 3.74969 3.75316 3.91771 3.90334 3.88816 3.87296 3.80493 3.15032 3.16043 3.26278 3.57144 3.87118 4.03513 4.09954 4.12927 4.12885 4.10158 4.20257 4.73186 4.65382 4.59284
3.35470 3.41657 3.44658 3.44685 3.45176 3.45829 3.46483 3.47137 3.47791 3.48445 3.48850 3.38428 3.15135 3.20064 3.20064 3.20064 3.20064 3.20064 3.20064 2.79713 2.55015 2.50944 2.50944 2.50944 2.51047 2.86929 3.44572 3.36107 3.17565 3.22759 3.23605 3.23605 3.23605 3.23605 3.23605 3.23693 3.25405 3.27736 3.59997 3.81355 3.83911 3.94265 3.67740 3.67546 3.61910 3.61635 3.61635 3.61635 3.80212 3.83777 3.83654 3.80506 3.76048 3.71838 3.92082 3.95052 3.83956 3.89183 3.80066 3.73351 3.68183 3.60673 3.69002 3.87291 5.11145 5.56469 5.77455
3.37569 3.41694 3.48065 3.48691 3.48855 3.48855 3.48855 3.48855 3.48855 3.48855 3.48855 3.47416 3.13825 3.20064 3.20064 3.20064 3.20064 3.20064 3.20064 2.90147 2.62793 2.61297 2.68916 2.76535 2.84050 2.89716 3.64451 3.52859 3.33056 3.29524 3.31850 3.34205 3.36572 3.38934 3.41303 3.43580 3.44230 3.44271 3.60138 3.93325 3.93365 4.04540 3.66295 3.64392 3.54661 3.54217 3.53773 3.51384 3.62318 3.69943 3.67533 3.68005 3.66152 3.74592 3.87501 3.82440 3.56268 3.51269 3.67812 3.86798 4.11304 4.26286 4.28131 4.31207 5.55135 6.15975 6.15975
3.39667 3.40493 3.48790 3.48855 3.48855 3.48855 3.48855 3.48855 3.48855 3.48855 3.48855 3.48752 3.19744 3.18574 3.18298 3.17668 3.16464 3.15119 3.14206 3.00486 2.84677 3.06250 3.12940 3.19620 3.26311 3.32991 3.90562 3.98637 3.66447 3.44775 3.44813 3.44821 3.44821 3.44821 3.44821 3.44821 3.44821 3.44821 3.47538 3.92780 3.94355 4.09459 3.71828 3.69247 3.57383 3.53662 3.51071 3.50421 3.54381 3.55384 3.49972 3.44197 3.37349 3.33854 3.52328 3.46106 3.81242 4.20063 4.19748 4.19793 4.27522 4.28131 4.28131 4.28135 5.16109 6.15975 6.15975
3.35707 3.35139 3.41793 3.43191 3.42620 3.42053 3.41485 3.40914 3.40349 3.39778 3.39442 3.39820 3.21589 3.22018 3.35326 3.41253 3.47749 3.54383 3.60590 3.55017 3.24483 3.41694 3.43298 3.43298 3.43298 3.43298 3.70387 4.03891 3.78879 3.44821 3.44821 3.44821 3.44821 3.45164 3.47949 3.51213 3.54473 3.57739 3.60997 4.00499 4.11410 4.13898 3.84948 3.61770 3.54401 3.50695 3.50457 3.44947 3.37080 3.25623 3.19109 3.13211 3.12045 3.12045 3.33759 3.39979 3.54963 4.22537 4.19748 4.19748 4.25578 4.28131 4.28131 4.28131 4.74205 6.15975 6.15975
3.29514 3.29514 3.34254 3.40117 3.41415 3.42714 3.43909 3.44526 3.45048 3.45577 3.45874 3.45557 3.36926 3.35009 3.61945 3.61945 3.61945 3.61945 3.61945 3.61426 3.25959 3.36316 3.43298 3.43298 3.43298 3.43298 3.47056 4.08479 3.97047 3.54193 3.57318 3.60577 3.63844 3.66763 3.67240 3.67233 3.64287 3.58956 3.53625 3.71050 3.96461 3.98975 3.90828 3.49137 3.37017 3.23059 3.15628 3.13465 3.13465 3.12387 3.12045 3.12045 3.12045 3.12045 3.24826 3.39979 3.40052 4.14295 4.19748 4.19748 4.23586 4.28131 4.28131 4.28131 4.39518 6.02442 5.91074
3.37407 3.38738 3.58661 3.47872 3.47097 3.46322 3.45648 3.45556 3.45556 3.45556 3.45556 3.45556 3.44913 3.23656 3.61945 3.61945 3.61945 3.61945 3.61945 3.61945 3.34475 3.34061 3.48841 3.51121 3.53401 3.55682 3.57865 4.07579 4.18027 3.75280 3.67240 3.67240 3.65708 3.60530 3.55199 3.49874 3.47488 3.52846 3.66925 3.82643 3.69953 3.62313 3.70855 3.24205 3.22329 3.13465 3.13465 3.13465 3.13465 3.12756 3.12045 3.12045 3.12045 3.12045 3.15899 3.39959 3.39979 3.91309 4.20757 4.22124 4.26383 4.36145 4.27045 4.17935 4.10326 5.58335 5.95853
4.50422 4.87737 5.04385 3.61979 3.45556 3.45556 3.45556 3.45556 3.45556 3.45556 3.45556 3.45556 3.45556 3.21205 3.63206 3.66665 3.68945 3.71226 3.73506 3.75786 3.56677 3.40694 3.58132 3.58435 3.58435 3.58435 3.58435 3.86270 4.19262 3.82491 3.56774 3.51442 3.49951 3.62675 3.76881 3.91060 4.05253 4.14094 4.14215 4.14154 3.65801 3.59231 3.75422 3.29709 3.24139 3.14236 3.13465 3.13465 3.13662 3.14736 3.14774 3.16143 3.17513 3.18887 3.20257 3.44454 3.50930 3.76447 4.16931 4.03921 3.91946 4.13242 4.14402 4.14402 4.14402 5.27379 6.16995
5.05007 5.05007 5.05007 4.08268 3.45556 3.45556 3.45556 3.42564 3.36379 3.30209 3.24028 3.17855 3.11673 3.13643 3.64732 3.77083 3.77083 3.77083 3.77083 3.77083 3.64754 3.39459 3.53836 3.58435 3.58435 3.58435 3.58435 3.63039 4.13149 4.05333 3.86810 4.01016 4.12900 4.14215 4.14215 4.14215 4.14215 4.14215 4.14215 4.14240 3.81821 3.59705 3.71311 3.45580 3.25405 3.24117 3.25384 3.27027 3.28478 3.28669 3.25037 3.24732 3.24732 3.25868 3.33456 3.34893 3.13957 3.09348 3.91317 4.03727 4.15720 4.50245 4.70269 4.82641 4.94990 5.73513 6.87600
5.12372 4.99444 4.93271 4.37240 3.21464 3.15287 3.09109 3.05932 3.05932 3.05932 3.05932 3.05932 3.05932 3.08834 3.51289 3.77083 3.77083 3.77083 3.77083 3.77083 3.72783 3.39459 3.48306 3.66801 3.84542 4.02283 4.20033 4.37115 4.63326 4.59266 4.14233 4.14400 4.14642 4.14884 4.15126 4.15368 4.15611 4.16338 4.18148 4.19968 4.04847 3.68237 3.73499 3.56282 3.20027 3.20309 3.20811 3.20034 3.19257 3.18724 3.22894 3.32920 3.45826 3.57598 3.62906 3.58277 3.20473 3.25471 4.16693 4.63472 4.63704 4.78994 4.93651 4.93499 4.93373 5.11746 6.17103
4.89418 4.65383 4.65383 4.57998 3.10444 3.05932 3.05932 3.05932 3.05932 3.05932 3.05932 3.05932 3.05932 3.06005 3.36440 3.77083 3.77083 3.77409 3.78926 3.82762 3.86942 3.61431 3.76697 4.47666 4.42874 4.38073 4.33288 4.28487 4.38872 4.46756 4.39026 4.40221 4.41824 4.43437 4.45044 4.46648 4.48251 4.49368 4.49408 4.49408 4.46944 3.95978 3.92668 3.58651 3.12251 3.18676 3.30892 3.47123 3.63388 3.79404 3.83017 3.78020 3.78736 3.79452 3.81985 3.96638 3.68591 3.78012 4.15795 4.63338 4.63325 4.71398 4.93359 4.93359 4.93359 4.94995 6.09998
5.02489 4.67730 4.68847 4.69960 3.55661 3.12739 3.13848 3.14965 3.16079 3.17190 3.18311 3.19418 3.20535 3.21660 3.40159 3.89424 3.86775 3.83826 3.79675 3.73212 3.66407 3.48498 3.38276 4.15825 4.26222 4.26222 4.26222 4.26222 4.29428 4.54135 4.50533 4.49408 4.49408 4.49408 4.49408 4.49408 4.49410 4.49758 4.50354 4.50951 4.51546 4.12097 3.99831 3.86563 3.74357 3.82343 3.90454 3.90587 3.90587 3.91579 4.05396 4.10877 4.27577 4.44308 4.59222 4.61590 4.33346 4.09488 4.12047 4.61491 4.63325 4.64745 4.92873 4.93359 4.93359 4.93359 5.76220
4.89681 4.85259 4.85259 4.85259 4.16743 3.25808 3.27698 3.31711 3.35731 3.40375 3.47270 3.54349 3.61427 3.68529 3.78318 3.60951 3.53946 3.53946 3.53946 3.53946 3.53946 3.46305 3.37771 3.90202 4.26222 4.26222 4.26222 4.26222 4.26222 4.48777 4.51536 4.50271 4.50868 4.51464 4.52061 4.52657 4.53251 4.53499 4.54098 4.62196 4.72546 4.58704 4.36184 4.19194 3.96239 4.01539 4.23329 4.44045 4.64113 4.83197 4.87908 4.65472 4.61590 4.61590 4.61590 4.61590 4.49935 4.09488 4.09497 4.50144 4.63325 4.63325 4.87145 4.93359 4.93359 4.93359 5.45831
5.00513 4.99204 5.03171 5.07187 4.89233 3.57878 3.63093 3.66156 3.69217 3.71668 3.71875 3.71875 3.71875 3.71875 3.74081 3.69365 3.53946 3.53946 3.53946 3.53946 3.53946 3.49764 3.37771 3.62614 4.15616 4.06203 3.96789 3.87375 3.77962 4.02211 4.56093 4.53499 4.53499 4.53499 4.53511 4.59169 4.69516 4.79862 4.89614 4.91862 4.86296 4.69779 4.87281 4.95494 4.91605 4.85556 4.86717 4.87908 4.87908 4.87908 4.87908 4.72109 4.61590 4.61590 4.61590 4.61590 4.61252 4.14755 4.09488 4.36218 4.63325 4.63463 4.82159 4.98956 5.13857 5.34886 5.89567
5.14292 4.95543 4.73616 4.52688 4.32084 3.80327 3.71875 3.71875 3.71875 3.71875 3.71875 3.71875 3.71875 3.71875 3.71875 3.75755 3.53551 3.46510 3.37096 3.27682 3.18269 3.07982 2.83393 2.79364 3.60702 3.63465 3.63465 3.63465 3.63465 3.70503 4.54518 4.56766 4.66485 4.76835 4.87170 4.89299 4.77768 4.65470 4.53172 4.40874 4.34141 4.34134 5.20535 5.28145 5.03977 4.85558 4.86147 4.87908 4.87908 4.87908 4.87908 4.79427 4.61957 4.63691 4.65553 4.67413 4.69275 4.40554 4.20894 4.35581 4.87459 5.07480 5.38701 5.83729 5.89858 5.89858 6.01068
4.35202 4.27131 4.24998 4.24998 4.24998 3.95956 3.71875 3.71875 3.71875 3.71875 3.72303 3.73778 3.75299 3.76819 3.78341 3.51378 2.93872 2.91189 2.91189 2.91189 2.91189 2.91189 2.77744 2.75014 3.38645 3.63465 3.63465 3.63465 3.63465 3.63465 4.59909 4.82262 4.69217 4.56919 4.44627 4.34892 4.34124 4.34124 4.34124 4.34124 4.34124 4.34124 4.91683 5.33976 5.10281 4.94201 4.94140 4.97687 4.99904 5.02145 5.04377 5.05207 4.79380 4.78797 4.78797 4.78797 4.77774 4.66908 4.68826 4.88395 5.47876 5.51486 5.62127 6.06522 6.16804 6.28406 6.40418
4.42030 4.27573 4.24998 4.25016 4.25997 4.14093 3.75916 3.77439 3.78957 3.80481 3.81572 3.81619 3.81619 3.81619 3.81619 3.61698 2.97675 2.91189 2.91189 2.91189 2.91189 2.91189 2.81207 2.75014 3.12889 3.63457 3.55223 3.39850 3.24477 3.09104 3.68264 4.35907 4.34124 4.34124 4.34432 4.36749 4.39416 4.42086 4.44756 4.47420 4.50090 4.52760 4.84132 5.57510 5.36811 5.20741 5.14443 5.15955 5.17699 5.19555 5.21412 5.23286 4.99603 4.90743 4.91988 5.02398 5.14332 5.29296 5.73266 5.93198 6.30287 6.49380 6.58565 7.14413 7.42886 7.63648 7.84302
4.56562 4.29359 4.32698 4.34201 4.34741 4.33733 3.84843 3.81619 3.81619 3.81619 3.81619 3.81619 3.81619 3.81619 3.81619 3.76212 3.06232 2.91189 2.91189 2.91189 2.91189 2.93897 3.00216 3.04115 3.18205 2.96168 2.86106 2.81123 2.76136 2.71152 2.93523 4.16835 4.44583 4.46417 4.47944 4.47469 4.46637 4.45805 4.44975 4.44143 4.43311 4.42479 4.45185 5.37251 5.60251 5.66423 5.52928 5.57977 5.72959 5.85651 5.96881 6.08150 5.95889 5.88257 6.01359 6.05305 6.08709 6.13809 6.47038 6.71729 7.03772 7.45546 7.61274 7.86782 8.02437 8.02437 8.02437
4.60816 4.37185 4.35098 4.34741 4.34741 4.34740 3.99475 3.81613 3.81610 3.81608 3.81605 3.81603 3.81600 3.81597 3.81595 3.81592 3.24089 3.00368 3.11095 3.20932 3.30777 3.37902 3.27968 2.93703 2.89709 2.46384 2.37139 2.37139 2.37139 2.37139 2.37929 3.74305 4.36825 4.40657 4.40657 4.40657 4.40657 4.40657 4.40657 4.40657 4.41704 4.45264 4.48932 5.23675 5.68905 5.94885 6.46718 6.51072 6.45265 6.42442 6.41048 6.39737 6.34854 6.25624 6.39046 6.52482 6.65911 6.77664 6.89059 7.10079 7.19657 7.62841 7.62841 7.77376 8.02437 8.02437 8.02437
