High_resolution/powerplant/Chizhou/OMI_NO2_200512.asc
ncols      200
nrows      200
xllcorner       115.585
yllcorner       28.7700
cellsize     0.0166667
NODATA_Value      -999.000
[rows 87 to 115 of 164, columns 0 to 66 of 200]
8.45945 7.88929 9.09518 8.34923 7.95234 7.92710 7.90336 7.93744 7.95295 8.25069 8.28999 8.29495 8.29747 8.29747 8.29747 8.27200 7.93175 6.86968 6.36674 6.25721 6.12421 6.04075 6.29199 5.63404 5.57034 5.55875 5.56502 5.59858 5.63358 5.66868 5.70559 5.82162 5.89737 5.61944 5.41558 5.41730 5.40517 5.35293 5.81892 5.96434 6.32043 6.33764 6.38172 6.43285 6.48545 6.53815 6.94131 7.25160 7.35017 7.53739 7.72480 7.91202 7.99416 7.99730 7.99356 7.98154 7.99561 8.43418 8.45433 8.64505 9.28232 10.2653 10.4673 10.2711 10.2091 10.1372 9.77901
7.70084 7.10989 8.97228 8.65344 7.95234 7.95234 7.95234 7.95234 7.95234 8.14674 8.28999 8.29342 8.27263 8.17450 8.07110 7.96206 7.55504 6.71051 5.92933 5.90537 5.93533 5.97113 6.30225 5.86378 5.69077 5.72148 5.74770 5.78718 5.83420 5.88120 5.92630 5.94303 5.94786 5.82784 5.56133 5.60099 5.65069 5.59952 6.08055 6.22451 6.73282 6.80690 6.87890 6.88041 6.90585 7.03647 7.37055 7.92863 8.02476 8.01645 7.99441 7.97920 7.96398 7.94884 7.94046 7.94044 7.94044 8.30963 8.46937 8.68809 9.11976 9.87010 10.3656 10.3425 10.2711 10.2711 9.91301
7.83349 7.15350 8.79912 9.05641 8.10272 8.06800 8.08049 8.08419 7.99714 7.96446 8.14215 7.99385 7.71194 7.69976 7.70275 7.71128 7.58926 7.10759 6.06051 6.09487 6.09868 6.09868 6.29732 6.13794 5.82702 5.92456 6.01904 6.07540 6.12278 6.17020 6.21757 6.26799 6.32897 6.31165 6.03701 5.93534 5.93534 5.89278 6.08442 6.34408 6.70155 6.96629 7.14470 7.29125 7.40158 7.39786 7.42285 7.96910 7.96044 7.95013 7.94044 7.94044 7.94044 7.94044 7.95823 8.02611 8.08796 8.39305 8.65693 9.09821 9.20994 9.68394 10.3683 10.3945 10.2711 10.2716 10.0366
8.91506 8.66367 8.86221 9.56271 8.72674 8.27961 8.20620 8.16551 8.20551 8.26645 8.48947 8.51989 8.31761 8.33288 7.87331 7.85289 7.77811 7.38985 6.31960 6.39352 6.50860 6.62378 6.81456 6.92508 6.33500 6.33616 6.33616 6.33616 6.33616 6.33616 6.33616 6.33625 6.35141 6.34130 6.13745 5.93534 5.93466 5.89351 6.10905 6.76150 7.13179 7.34179 7.35382 7.35251 7.34364 7.34359 7.34359 7.82715 7.95176 7.95174 7.93698 7.97374 8.03551 8.09726 8.14133 8.13509 8.13509 8.25315 8.61544 8.86918 9.20582 9.41249 10.3258 10.6071 10.5199 10.5306 10.3939
9.50846 9.50826 9.07417 9.99649 9.42410 8.57264 8.59503 8.58343 8.54489 8.50537 8.53041 8.54660 8.31638 8.23621 7.71739 7.56160 7.57812 7.40431 6.98854 6.83171 6.83171 6.83171 6.83649 7.13043 6.35570 6.33616 6.33616 6.33616 6.33616 6.33616 6.33616 6.33616 6.34716 6.32822 6.18137 5.92083 5.94519 6.02137 6.47018 7.31437 7.35393 7.30262 7.32022 7.34359 7.34359 7.34359 7.31696 7.64962 7.99447 8.05626 8.11502 8.12317 8.10134 8.07953 8.05770 8.03591 8.01405 8.03689 8.41521 8.55443 9.15751 9.17627 10.1297 10.6254 10.5735 10.5665 10.5186
9.50846 9.50846 9.02530 9.89943 9.71494 8.34774 8.29402 8.26621 8.26519 8.26519 8.30245 8.43318 8.30950 8.23023 7.89092 7.61948 7.61948 7.51321 7.13389 6.83171 6.83171 6.83171 6.83171 7.05998 6.50576 6.33616 6.33616 6.33616 6.33616 6.34285 6.38074 6.42240 6.47076 6.54696 6.56677 6.29296 6.18406 6.18406 6.33270 7.14145 7.36061 7.31257 7.26235 7.27610 7.39986 7.54535 7.71739 7.93907 8.11017 8.10290 8.09100 8.08912 8.10373 8.11834 8.13297 8.14756 8.16217 8.18542 8.52638 8.65736 9.17569 9.21626 9.74136 10.5047 10.5088 10.5138 10.4766
9.50846 9.50846 9.07458 9.58023 9.72265 8.55961 8.27190 8.29441 8.31747 8.34071 8.35755 8.47193 8.39715 8.24555 8.01602 7.61948 7.61948 7.57682 7.27598 6.83171 6.83171 6.83171 6.83171 6.95447 6.69890 6.43345 6.49825 6.53983 6.58155 6.61659 6.62280 6.63686 6.65479 6.68472 6.66160 6.48345 6.27206 6.33984 6.39101 7.15698 7.70465 7.81859 7.98529 8.21537 8.23977 8.23977 8.23977 8.23797 8.19689 8.19580 8.19381 8.18448 8.18448 8.18448 8.18411 8.17230 8.12594 8.06975 8.27614 8.79537 9.41461 9.94778 9.27779 10.0517 10.1420 10.1195 10.1198
9.50846 9.50846 9.41308 9.33728 9.78595 9.05750 8.35747 8.35814 8.35814 8.35814 8.35814 8.43137 8.44978 8.24555 8.13222 7.61948 7.61948 7.61796 7.41633 6.85619 6.89334 6.99956 7.07384 7.12677 7.30893 6.77120 6.76382 6.77944 6.79509 6.81415 6.86751 6.91875 6.96851 7.13003 7.17058 7.06704 6.83378 6.94428 7.07606 7.55352 8.20989 8.21230 8.16805 8.22812 8.25451 8.26323 8.27346 8.28636 8.26594 8.26825 8.28107 8.04398 7.96593 7.95127 8.21534 8.54280 8.88398 9.22380 9.51756 9.79832 9.92623 10.4039 9.35466 9.68820 10.0169 10.0188 10.0319
9.61451 9.66090 9.69324 9.28300 9.83420 9.54630 8.35814 8.35814 8.35814 8.35814 8.35814 8.38631 8.48680 8.26124 8.23073 7.66578 7.75314 7.85945 7.82383 7.35007 7.15787 7.07518 7.02626 7.06695 7.42900 6.96411 7.01307 7.06319 7.11335 7.15038 7.10738 7.04785 6.91871 6.90349 6.87929 6.82722 7.18015 7.35539 7.36828 7.53812 8.29340 8.44151 8.40110 8.44196 8.48012 8.48435 8.48706 8.48258 8.47582 8.73580 9.07129 9.09439 9.28908 9.58066 9.63788 9.64327 9.64861 9.65146 9.60313 9.70707 9.79526 10.3011 9.73377 9.54131 10.1259 10.1777 10.2243
9.69436 9.69436 9.68601 9.17351 9.80186 9.78774 8.47436 8.29755 8.28623 8.27494 8.27378 8.35196 8.54952 8.54951 8.60746 8.18155 7.98207 7.90521 7.83101 7.53644 7.29864 7.35689 7.41337 7.43063 7.65777 7.25464 7.10370 7.04536 6.91178 6.69069 6.52387 6.37439 6.28103 6.28801 6.35591 6.67530 7.10822 7.43811 7.43811 7.44725 8.15279 8.47332 8.43550 8.43909 8.54752 8.84079 9.43944 9.74804 10.0237 10.0533 10.0586 9.87643 9.65145 9.65146 9.65146 9.65146 9.65146 9.64549 9.61694 9.62054 9.78271 10.1707 10.2154 9.46823 10.2083 10.2136 10.2247
9.32567 9.30285 9.28855 8.95564 9.44145 9.59036 8.75681 8.32634 8.43254 8.53987 8.64101 8.66343 8.66147 8.55592 8.46182 8.10862 7.85769 7.85769 7.90661 7.88840 7.32048 7.20747 7.05161 6.89503 6.80215 6.57177 6.21594 6.07440 5.99628 5.99554 5.99554 5.99554 5.99554 6.01529 6.20253 6.47580 6.96155 7.42216 7.43952 7.50979 7.97512 8.67931 8.73048 8.77731 8.85845 9.07340 10.1030 10.1061 10.1050 10.0685 10.0670 9.97937 9.65146 9.65413 9.65558 9.65521 9.65487 9.66044 9.66207 9.57416 9.80593 9.98496 10.4910 9.58038 10.1111 10.2358 10.2489
9.28475 9.28475 9.28475 9.23987 9.18308 9.60682 9.32499 8.67685 8.68243 8.68694 8.68775 8.73500 8.77136 8.66835 8.69368 8.56250 8.30409 8.30248 8.19285 8.35932 6.48796 6.30147 6.20804 6.12277 6.05515 6.21546 5.99554 5.99554 5.99554 5.99554 5.99554 5.99554 5.99554 5.99554 6.24193 6.52004 7.20213 7.54939 7.69305 7.63529 7.81745 8.65884 8.74602 8.80793 8.86273 8.87364 9.95361 10.1061 10.1061 10.0899 10.0859 10.0784 9.68904 9.66661 9.67232 9.71462 9.76124 9.80787 9.85453 9.80795 10.0376 10.1508 10.7675 10.2109 10.0507 10.2539 10.2770
9.28475 9.28475 9.28475 9.28475 9.16143 9.91785 9.98470 9.13053 9.16423 9.24390 9.32330 9.35572 9.35533 9.03584 8.78514 8.51768 7.86835 7.69124 7.53828 7.65767 6.52352 6.04671 6.04671 6.04671 6.04671 6.20757 5.99554 5.99554 5.99554 6.04885 6.19847 6.34309 6.45455 6.48994 6.56132 6.54314 7.07302 7.28604 7.56879 7.56879 7.58504 8.47127 8.74056 8.79341 8.84904 8.89463 9.62748 10.1540 10.1941 10.2096 10.2361 10.2803 10.0212 9.95304 9.98962 9.99148 9.98899 9.98649 9.98399 9.91277 9.99324 10.1229 10.5663 10.5212 9.92182 10.2491 10.2504
9.28475 9.28475 9.28475 9.28475 9.07951 10.4342 10.4349 9.66763 9.35572 9.26760 9.07699 8.88500 8.69447 8.46250 8.19671 8.02673 7.32255 7.23400 7.23346 7.33688 6.90843 6.04671 6.04671 6.04671 6.04671 6.16218 6.02613 5.99394 6.02803 6.55930 6.46532 6.36539 6.29099 6.28651 6.34312 6.47185 6.91132 7.15684 7.56778 7.58166 7.59307 8.10487 8.91097 8.98808 9.07129 9.09333 9.48043 10.3773 10.3754 10.3775 10.3880 10.3880 10.1849 9.97252 9.97252 9.97252 9.97252 9.97437 9.98827 9.95958 9.95269 10.1500 10.2663 10.5444 9.80354 10.2060 10.2362
9.28475 9.28475 9.28475 9.28475 9.04312 10.0792 10.0958 9.45532 8.69062 8.58698 8.49019 8.25285 8.08572 7.94290 7.84666 7.82784 7.36105 7.23346 7.23346 7.26244 7.25276 6.04671 6.04104 6.00039 5.95294 5.85722 5.83168 5.67445 5.59178 6.17016 6.31182 6.31486 6.31788 6.32952 6.36155 6.61024 6.92324 7.24366 7.49901 7.54384 7.45006 7.63571 8.93131 9.09800 9.15113 9.14118 9.18608 10.3296 10.3747 10.3749 10.3933 10.4080 10.3147 9.99169 10.0095 10.0314 10.0427 9.95690 9.83613 9.68205 9.36379 9.52479 9.60384 10.2368 10.0958 10.2838 10.3800
9.28475 9.09545 8.71193 8.32994 7.93942 8.77339 9.51218 9.42023 8.59385 8.58682 8.38470 7.87593 7.81227 7.75053 7.64053 7.55655 7.16183 6.85931 6.80935 6.75819 6.94320 5.62615 5.45580 5.35958 5.26952 5.23515 5.47573 5.62822 5.65717 6.06385 6.43146 6.45894 6.46012 6.38666 6.30052 6.48859 6.64106 7.20648 7.34734 7.56849 7.58210 7.61703 8.82436 9.32174 9.39644 9.40647 9.41934 10.3057 10.6805 10.6945 10.7205 10.7308 10.6249 10.0479 9.91014 9.78193 9.66420 9.64296 9.64450 9.64215 9.28103 9.52241 9.66965 10.1540 10.3679 10.7120 11.2434
7.69756 7.35110 7.19785 7.05301 6.91532 7.53316 8.60468 8.49726 7.88540 7.76144 7.69989 7.28284 7.24970 7.24910 7.25833 7.29583 7.07946 6.71016 6.63798 6.56554 6.65335 5.80468 5.46258 5.49343 5.52440 5.55525 5.71028 5.95468 5.91463 5.96247 6.41539 6.32034 6.30649 6.38765 6.47184 6.74190 7.03341 7.39841 7.40211 7.70804 7.71431 7.71437 8.41102 9.41226 9.45387 9.47214 9.47086 9.92975 10.4973 10.3846 10.2694 10.1593 10.1365 9.76051 9.64601 9.64683 9.64683 9.64683 9.64683 9.64683 9.36777 9.42672 9.70226 10.0622 10.7152 11.3336 11.6804
6.23474 6.23453 6.23432 6.23411 6.23390 6.46657 8.20832 8.20961 7.89640 7.68957 7.69299 7.40533 7.23628 7.26190 7.30117 7.35892 7.20808 6.69276 6.72226 6.75476 6.78641 6.27223 5.59122 5.63399 5.67413 5.66401 5.68542 6.00519 6.03765 6.13511 6.82360 6.96630 6.99506 6.99506 6.99506 7.08773 7.34674 7.44690 7.37805 7.62256 7.71437 7.71285 7.91393 9.22666 9.29389 9.28539 9.22266 9.33430 10.1240 10.1262 10.1294 10.1404 10.1404 9.88216 9.64683 9.64683 9.64922 9.65921 9.66963 9.68004 9.47112 9.32332 9.69646 9.81279 10.6832 11.0776 11.6708
6.25002 6.25058 6.25113 6.25167 6.21515 6.06751 7.64801 7.80210 7.72158 7.81370 7.89005 7.79487 7.49481 7.50626 7.49908 7.27958 7.17304 6.49841 6.38783 6.29178 6.15951 6.10766 6.09973 6.04650 5.99412 5.99170 5.98931 6.27856 6.35296 6.35296 6.76220 6.99506 6.99506 6.99506 6.99506 7.00705 7.33581 7.39550 7.21493 7.34629 7.59466 7.64241 7.75050 8.75228 9.20450 9.22237 9.21290 9.21290 9.98813 10.1271 10.1271 10.1391 10.1349 10.0040 9.65979 9.67019 9.67825 9.67870 9.68606 9.69857 9.58221 9.33871 9.66563 9.77149 10.5164 11.0573 11.5916
6.14740 6.02104 5.90677 5.80303 5.73213 5.72855 7.18239 7.73631 7.62726 7.58423 7.53114 7.41468 6.93881 6.81462 6.72563 6.67227 6.59719 5.98885 5.77255 5.70224 5.67326 5.75680 5.98603 5.98792 5.98758 5.98758 5.98758 6.17587 6.35296 6.35296 6.57149 6.99506 6.95358 6.83243 6.70356 6.64502 6.95583 7.27586 7.34685 7.42774 7.77976 7.78495 7.78495 8.34140 9.21197 9.22178 9.21309 9.21158 9.72108 10.1198 10.1301 10.1571 10.1942 10.1828 9.73412 9.73897 9.75052 9.76204 9.76625 9.76528 9.71583 9.37846 9.57384 9.78425 10.2243 10.8090 11.3549
5.72855 5.72855 5.72855 5.72855 5.72855 5.72855 6.32228 6.95811 6.95811 6.99423 7.08041 7.07950 6.79537 6.59043 6.51982 6.46544 6.38428 5.96960 5.66921 5.66684 5.66601 5.71352 5.93472 5.98758 5.98758 5.98758 5.98758 6.08642 6.43452 6.50781 6.59500 6.51084 6.56376 6.72595 6.89007 6.97455 7.16658 7.46916 7.43306 7.40658 7.69796 7.81623 7.83761 8.02829 9.24035 9.31334 9.23116 9.20423 9.47528 10.1421 10.1400 10.1844 10.2517 10.2507 9.85640 9.75679 9.75679 9.75679 9.75679 9.75679 9.75204 9.38262 9.41101 9.72215 9.90315 10.9045 11.0218
5.72855 5.72855 5.72855 5.72855 5.72855 5.72855 5.98087 6.95663 6.90424 6.83324 6.86169 6.78593 6.65800 6.42101 6.41861 6.43902 6.40116 6.10557 5.66601 5.66601 5.66601 5.68998 5.87356 6.05216 6.13581 6.21662 6.33514 6.48142 6.86265 7.03397 7.19765 7.14213 7.09491 7.11640 7.13786 7.15935 7.27957 7.61927 7.75733 7.68478 7.89579 8.17330 8.24627 8.32869 9.23896 9.52172 9.35395 9.22357 9.24273 10.0877 10.1366 10.1528 10.2504 10.2504 9.96543 9.74469 9.73470 9.71196 9.68892 9.67974 9.78924 9.64226 9.66024 10.1777 10.3780 11.3323 11.0231
5.72855 5.72855 5.72855 5.72670 5.65151 5.53821 5.45997 6.54271 6.63439 6.63522 6.73167 6.75669 6.75026 6.43830 6.41468 6.42248 6.47196 6.27095 5.75283 5.85709 5.95629 6.07860 6.34830 6.60497 6.75570 6.96015 7.12404 7.25246 7.45195 7.49593 7.56585 7.56302 7.52957 7.62177 7.71611 7.83226 7.95435 7.80243 8.08271 8.07214 8.18407 8.37842 8.38299 8.38621 8.93377 9.51634 9.36944 9.12176 9.07236 9.67164 9.91450 9.87070 9.92679 9.88277 9.81437 9.83267 9.97276 10.1254 10.2881 10.4456 10.4894 10.2179 9.94823 10.2243 10.3914 10.9602 11.1298
5.57464 5.53658 5.42378 5.31334 5.28053 5.28529 5.29005 6.26704 6.65170 6.65510 6.77069 6.88526 6.90006 6.69601 6.64676 6.72315 6.86445 6.82821 6.37748 6.43256 6.53979 6.71219 6.91923 7.32611 7.48442 7.57172 7.65909 7.74635 7.95893 8.12325 8.14072 8.14904 8.07202 8.12763 8.24573 8.35627 8.39153 8.22247 8.23302 8.05199 7.99932 8.07183 8.05780 8.00528 8.14812 9.09497 9.07692 8.81224 8.81217 9.20000 9.87932 10.0141 10.2217 10.4210 10.5691 10.4898 10.5078 10.5264 10.5367 10.5367 10.5367 10.3662 9.95940 10.1585 10.5883 10.9080 11.4573
5.26955 5.34996 5.36028 5.36976 5.37575 5.38127 5.38681 6.02860 6.72195 6.72590 6.80854 7.00003 7.06100 7.08984 7.10285 7.16544 7.34369 7.36181 7.09230 7.16025 7.29753 7.34561 7.55209 7.88244 7.94954 7.94954 7.94951 7.93790 7.99407 8.10920 8.13273 8.17149 8.07447 8.06774 8.02080 7.95994 7.94798 7.83930 7.83543 7.79423 7.77885 7.85055 7.94235 7.94235 7.96519 8.89068 9.08436 8.79541 8.75311 8.94195 10.5019 10.5300 10.5908 10.6730 10.6731 10.5595 10.5367 10.5367 10.5367 10.6015 10.7396 10.8311 10.3967 10.4963 10.9488 10.9655 11.4706
5.68568 5.75155 5.76690 5.78241 5.79771 5.81284 5.82814 6.05542 7.00282 6.98671 7.06607 7.81036 7.90494 7.96473 7.75299 7.79061 7.87239 8.08333 7.69619 7.37835 7.36150 7.34467 7.40400 7.64229 7.64493 7.62556 7.62664 7.69501 7.80681 8.05673 8.10157 8.10157 8.02159 7.94798 7.94798 7.94798 7.94798 7.90354 7.76844 7.85236 7.77885 7.80467 7.98745 8.03362 8.08433 8.56401 9.05810 8.92553 8.84027 8.84034 10.2383 10.5593 10.5721 10.6730 10.6748 10.6585 10.7379 10.8837 11.0389 11.1216 11.1216 11.1268 10.5820 10.5355 10.9325 11.0853 11.4695
5.95547 5.96441 5.96194 5.99186 6.07264 6.14912 6.22085 6.30958 7.18802 7.33819 7.33257 7.95774 8.08772 8.06608 7.84189 7.72338 7.72020 7.91941 7.71633 7.27563 7.29862 7.32162 7.35525 7.67536 7.73382 7.82880 7.88763 7.89073 7.89233 8.07440 8.10157 8.10157 8.06557 7.94798 7.94798 7.94798 7.94798 7.94814 7.76367 7.98730 7.91397 7.95810 8.09867 8.13888 8.13906 8.29511 9.06811 8.98660 8.84034 8.84034 9.76447 10.6291 10.7597 11.0088 11.1973 11.2644 11.1983 11.2295 11.2607 11.2947 11.3313 11.3627 10.9322 10.7255 10.9564 11.2237 11.3883
6.40598 6.43022 6.47309 6.52867 6.54435 6.55940 6.57394 6.58797 6.96993 7.17327 7.16285 7.58793 7.96130 7.96130 7.87520 7.69475 7.71767 7.91203 7.92131 7.39674 7.47601 7.55538 7.62814 7.86842 7.83093 7.89073 7.89073 7.89073 7.89073 8.02586 8.13597 8.30868 8.49373 8.01468 7.97457 8.02540 8.07627 8.12580 7.98146 8.09835 7.97555 7.97555 8.05091 8.13906 8.13899 8.14681 8.93410 9.09714 9.00700 9.09691 9.61521 11.0981 11.0949 11.3563 11.5592 11.5475 11.4166 11.4220 11.4274 11.4299 11.4299 11.4299 11.1260 10.7485 10.7663 11.1007 11.0585
6.70403 6.68769 6.61969 6.61969 6.61969 6.61969 6.61969 6.61969 6.81680 7.16285 7.16478 7.39176 8.01634 8.04585 8.07143 7.81852 7.86964 8.07651 8.26005 7.65520 7.64211 7.64211 7.64211 7.79140 7.83124 7.89898 8.03974 8.22693 8.41503 8.71376 8.98859 9.04176 9.08382 8.47392 8.13095 8.12606 8.12107 8.11610 8.01264 8.03984 7.93150 7.89858 7.91572 8.07362 8.09359 8.11941 8.74705 9.31116 9.22279 9.21736 9.23395 10.9600 11.1040 11.2676 11.5833 11.5833 11.4497 11.4299 11.4347 11.4248 11.3681 11.3095 11.0879 10.6409 10.7261 11.2397 11.3564
