High_resolution/powerplant/Chizhou/OMI_NO2_200606.asc
ncols      200
nrows      200
xllcorner       115.585
yllcorner       28.7700
cellsize     0.0166667
NODATA_Value      -999.000
[rows 60 to 89 of 184, columns 0 to 65 of 200]
1.76038 1.76038 1.76038 1.76038 1.76038 1.76038 1.77995 1.96858 2.15781 2.66830 2.46087 2.37578 2.37578 2.37578 2.37578 2.70180 3.35266 3.35286 3.35884 3.36718 3.37514 3.38277 3.33208 2.48240 2.47079 2.14537 2.07064 2.07065 2.07065 2.07065 2.07065 2.07065 2.07065 2.07065 1.75314 1.58564 1.58564 1.58564 1.73778 1.77240 1.77240 1.82901 1.87556 1.87556 1.87556 1.87613 1.88144 1.88782 1.89393 1.89799 1.90158 1.90520 1.90880 2.23092 2.59999 2.60550 2.60640 2.60458 2.28336 2.25938 2.25990 2.26042 2.26094 2.26146 2.26172 2.26172
1.77620 1.94599 2.00039 2.18224 2.35498 2.49476 2.60279 2.63428 2.64917 2.84696 2.86543 2.72163 2.73919 2.75618 2.77262 2.85752 3.46870 3.47289 3.47412 3.47412 3.47412 3.47412 3.47412 2.66217 2.47210 2.24474 2.07065 2.07065 2.07065 2.07065 2.07065 2.07065 2.07065 2.07065 1.86245 1.58178 1.57515 1.56267 1.65334 1.72432 1.71176 1.75514 1.89494 1.89854 1.90214 1.90518 1.90347 1.90071 1.89819 1.89774 1.89774 1.89774 1.89774 2.05004 2.60721 2.61029 2.61029 2.61029 2.36819 2.26172 2.26172 2.26172 2.26172 2.26172 2.26172 2.26172
2.16671 2.67652 2.75728 2.76946 2.76946 2.76373 2.69421 2.61209 2.67920 2.85716 3.02808 2.82287 2.82287 2.82287 2.82287 2.82287 3.38913 3.47412 3.47412 3.47412 3.47412 3.47020 3.46149 2.90309 2.44205 2.30482 2.02313 2.00813 1.98966 1.97115 1.95267 1.93421 1.91570 1.89720 1.80131 1.46097 1.45504 1.45497 1.50936 1.64173 1.64173 1.65930 1.89574 1.89774 1.89774 1.89774 1.89774 1.89774 1.89774 1.89774 1.89774 1.89774 1.89774 1.91894 2.56001 2.61029 2.61029 2.61029 2.45143 2.20868 2.12774 2.04674 1.96592 1.88486 1.80392 1.72298
2.31093 2.49375 2.49223 2.42363 2.35933 2.30266 2.29060 2.29060 2.46233 2.80966 3.12274 2.95622 2.96806 3.00572 3.04305 3.08057 3.30743 3.39095 3.35504 3.28892 3.22274 3.16059 3.10308 2.73390 1.98629 1.92198 1.86940 1.86594 1.86594 1.86594 1.86594 1.86594 1.86594 1.86594 1.86004 1.47461 1.45497 1.45497 1.46416 1.63809 1.64173 1.64173 1.85065 1.89774 1.89774 1.89774 1.89774 1.89774 1.89774 1.89774 1.89774 1.91017 1.96128 2.01513 2.26299 2.26374 2.18274 2.10180 1.94817 1.64433 1.64433 1.64433 1.64433 1.64433 1.64433 1.64433
2.04366 2.26266 2.42334 2.44587 2.46852 2.49090 2.51338 2.53600 2.62047 3.11622 3.31827 3.22638 3.08817 3.03071 2.97330 2.91579 2.89314 2.88668 2.85647 2.85647 2.85647 2.85647 2.85647 2.76145 1.87406 1.85444 1.86392 1.86594 1.86594 1.86594 1.86594 1.86594 1.86594 1.86594 1.86594 1.56288 1.45497 1.45497 1.45497 1.59836 1.64173 1.64173 1.78797 1.89782 1.92760 1.98149 2.03530 2.08919 2.14296 2.19689 2.25070 2.29212 2.29486 2.29486 2.11712 1.99290 1.99290 1.99290 1.98704 1.66085 1.64433 1.64433 1.64433 1.64433 1.64433 1.64433
2.27260 2.39209 2.60328 2.63080 2.65833 2.68592 2.71347 2.74099 2.76856 3.30166 3.20404 2.97614 2.77075 2.77075 2.77075 2.77075 2.78560 2.85647 2.85647 2.85647 2.85647 2.85647 2.85647 2.84114 1.98572 1.85444 1.86107 1.86594 1.86594 1.86594 1.86594 1.86594 1.86594 1.86594 1.86594 1.65711 1.45676 1.48549 1.52317 1.67961 1.85339 1.90716 2.04467 2.27083 2.29486 2.29486 2.29486 2.29486 2.29486 2.29486 2.29486 2.29486 2.29486 2.29486 2.20095 1.99290 1.99290 1.99290 1.99290 1.73922 1.64433 1.64433 1.64433 1.64433 1.64433 1.64433
2.54270 2.58467 2.79069 2.79085 2.79085 2.79085 2.79085 2.79085 2.79085 3.12571 3.29233 3.03295 2.79076 2.77075 2.77075 2.77075 2.77136 2.85084 2.85647 2.85647 2.85647 2.85647 2.85647 2.85647 2.22180 1.85444 1.85825 1.86594 1.86594 1.86874 1.89942 1.93707 1.97473 2.01235 2.04998 1.97299 1.71254 1.72146 1.72146 1.79943 2.03885 2.03885 2.06061 2.29400 2.29486 2.29486 2.29486 2.29486 2.29486 2.29486 2.29486 2.29486 2.29486 2.29486 2.28313 1.99455 1.99290 1.99290 1.99290 1.82582 1.66421 1.68264 1.70109 1.71954 1.73797 1.75642
2.55930 2.55930 2.76621 2.79085 2.79085 2.79085 2.79085 2.79085 2.79085 2.96005 3.34168 2.90930 2.79527 2.77075 2.77075 2.77075 2.77075 2.83152 2.85647 2.85647 2.85647 2.85647 2.85647 2.85647 2.51162 1.96610 2.00473 2.05288 2.09057 2.12543 2.13243 2.13243 2.13243 2.13243 2.13243 2.10823 1.72520 1.72146 1.72146 1.72959 2.02604 2.03885 2.03885 2.25309 2.29486 2.29486 2.29486 2.29486 2.29486 2.29378 2.28143 2.26615 2.25086 2.23536 2.21683 1.94295 1.81627 1.77354 1.72903 1.68295 1.64390 1.61115 1.57650 1.53990 1.50168 1.46107
2.55930 2.55930 2.72161 2.79019 2.77733 2.74982 2.66229 2.56016 2.45516 2.39670 2.82695 2.50345 2.49103 2.49356 2.46526 2.43701 2.40877 2.42132 2.43770 2.40946 2.38121 2.35291 2.32461 2.29637 2.32117 2.14029 2.12093 2.13054 2.13243 2.13243 2.13243 2.13243 2.13243 2.13243 2.13243 2.13243 1.79529 1.72146 1.72146 1.71684 1.94313 2.03504 2.03707 2.15117 2.19902 2.17581 2.15131 2.12540 2.09795 2.07028 2.05611 2.04511 2.03338 2.02155 2.01859 1.67642 1.28692 1.28692 1.28692 1.28657 1.27673 1.27645 1.27645 1.27645 1.27645 1.27645
2.55395 2.51933 2.39179 2.25639 2.16573 2.09285 2.08551 2.08551 2.08558 2.11291 2.43725 2.32048 2.17017 2.18841 2.18841 2.18841 2.18841 2.20943 2.27412 2.27412 2.27412 2.27412 2.27412 2.27412 2.29451 2.20174 2.10318 2.08188 2.05863 2.03068 2.00282 1.98208 1.96440 1.94649 1.92874 1.91100 1.71629 1.53829 1.52422 1.51830 1.74664 2.00158 2.00158 2.00748 2.01859 2.01859 2.01859 2.01859 2.01859 2.01859 2.01859 2.01859 2.01859 2.01859 2.01859 1.86494 1.28692 1.28692 1.28692 1.28692 1.27888 1.27645 1.27888 1.29181 1.30592 1.32001
2.20076 2.12255 2.11908 2.14255 2.19245 2.24245 2.29237 2.34234 2.39227 2.41486 2.46278 2.40958 2.16194 2.19185 2.20245 2.21313 2.22391 2.23781 2.12289 2.08561 2.05759 2.02934 1.98474 1.93138 1.87747 1.71747 1.63575 1.67946 1.83709 1.84732 1.85728 1.86027 1.86027 1.86027 1.86027 1.86027 1.76788 1.52551 1.52551 1.52551 1.62267 2.00158 2.00158 2.00338 2.01858 2.01859 2.01859 2.01859 2.01859 2.01859 2.01859 2.01859 2.01859 2.01859 2.01830 1.99870 1.34994 1.32569 1.33977 1.35388 1.46734 1.52754 1.55326 1.56960 1.58450 1.59849
2.35741 2.47519 2.52891 2.43228 2.43630 2.44277 2.44924 2.45572 2.46220 2.46861 2.50172 2.57647 2.25320 2.30078 2.28166 2.25636 2.23097 2.20560 1.85884 1.74419 1.71889 1.69378 1.68493 1.68493 1.68493 1.58367 1.53175 1.56332 1.85971 1.86027 1.86027 1.86027 1.86027 1.86027 1.86027 1.86027 1.82853 1.52551 1.52551 1.52551 1.53046 1.96981 2.00158 2.00158 2.01620 2.01859 2.01859 2.01621 2.00256 1.98744 1.97232 1.95720 1.94211 1.92697 1.91215 1.90727 1.55089 1.39494 1.39494 1.39494 1.56241 1.65431 1.65431 1.65431 1.65431 1.65431
2.47924 2.62309 2.62320 2.51615 2.49344 2.50578 2.52165 2.53752 2.55341 2.56927 2.58961 2.74085 2.23696 2.09194 2.09555 2.09555 2.09555 2.09555 1.86893 1.68493 1.68493 1.68493 1.68493 1.68493 1.68493 1.62085 1.53280 1.53175 1.81051 1.86027 1.86027 1.86027 1.86027 1.86027 1.86027 1.86027 1.86005 1.57013 1.52551 1.52551 1.52592 1.84751 1.96493 1.94981 1.94517 1.93659 1.92146 1.90872 1.90727 1.90727 1.90727 1.90727 1.90727 1.90727 1.90727 1.90727 1.68205 1.39494 1.39494 1.39494 1.50302 1.65440 1.65431 1.65431 1.65431 1.65431
2.49271 2.72629 2.74614 2.66711 2.62177 2.62530 2.62530 2.62530 2.62530 2.62530 2.62530 2.73109 2.40216 2.08942 2.09555 2.09555 2.09555 2.09555 1.96366 1.68493 1.68493 1.68493 1.68493 1.68493 1.68493 1.64876 1.53507 1.53175 1.72949 1.86027 1.86027 1.86027 1.86027 1.86770 1.88576 1.90576 1.92802 1.72106 1.53493 1.53811 1.54053 1.74843 1.89026 1.89026 1.89663 1.90727 1.90727 1.90727 1.90727 1.90727 1.90727 1.90727 1.90727 1.90727 1.90727 1.90727 1.81341 1.39494 1.39494 1.39494 1.42953 1.65548 1.65431 1.65645 1.67523 1.69752
2.50431 2.78884 2.78913 2.72315 2.62530 2.62530 2.62530 2.62530 2.62530 2.62530 2.62530 2.68938 2.57451 2.08736 2.09548 2.09555 2.09555 2.09555 2.05790 1.68547 1.68493 1.68493 1.68493 1.68493 1.68493 1.67252 1.53817 1.53338 1.66725 1.92962 1.95473 1.98303 2.01517 2.03513 2.03518 2.03518 2.03518 1.89072 1.54057 1.54057 1.54057 1.63838 1.89026 1.89026 1.89249 1.90727 1.90727 1.90727 1.90727 1.90727 1.90727 1.90727 1.90727 1.90692 1.90292 1.89792 1.88987 1.41611 1.37070 1.36573 1.36076 1.72746 1.86354 1.88376 1.88728 1.88728
2.46495 2.75367 2.78913 2.76267 2.62530 2.62530 2.62530 2.62530 2.62452 2.58219 2.51815 2.47658 2.45056 1.70321 1.98448 2.10735 2.10983 2.11239 2.11506 1.70223 1.62780 1.62099 1.61390 1.60656 1.59888 1.59075 1.54285 1.54240 1.59656 2.03504 2.03518 2.03518 2.03518 2.03518 2.03518 2.03518 2.03518 1.97274 1.54057 1.54057 1.54057 1.54203 1.87188 1.89025 1.88825 1.89753 1.89401 1.88901 1.88401 1.87904 1.87407 1.86909 1.86411 1.85948 1.85851 1.85851 1.85851 1.51489 1.34618 1.34618 1.34618 1.64537 1.88728 1.88728 1.88728 1.88728
2.46495 2.68882 2.78913 2.77413 2.65212 2.58164 2.51017 2.43703 2.36303 2.33871 2.34178 2.34287 2.43962 1.72237 1.79225 2.15832 2.15832 2.15832 2.15832 1.77103 1.54240 1.54240 1.54240 1.54240 1.54240 1.54240 1.54240 1.54240 1.54240 1.96792 2.03509 2.03379 2.03212 2.03046 2.02859 2.02428 2.01922 2.00719 1.54281 1.50773 1.50093 1.49413 1.78154 1.86027 1.85887 1.85862 1.85851 1.85851 1.85851 1.85851 1.85851 1.85851 1.85851 1.85851 1.85851 1.85851 1.85851 1.64605 1.34618 1.34618 1.34618 1.51808 1.88635 1.88728 1.88728 1.88734
2.18640 2.27184 2.41594 2.34850 2.34188 2.34347 2.37166 2.40933 2.44698 2.48463 2.52225 2.55992 2.50106 1.95217 1.63705 2.15832 2.15832 2.15847 2.16207 1.91756 1.53753 1.53587 1.53419 1.53253 1.53086 1.53335 1.58282 1.64561 1.70819 1.92314 1.99648 1.99272 1.98932 1.98592 1.98271 1.98196 1.98196 1.98196 1.66620 1.47777 1.47777 1.47777 1.68821 1.85887 1.85887 1.85870 1.85851 1.85851 1.85851 1.85851 1.85851 1.85851 1.85851 1.85851 1.85851 1.85851 1.85851 1.77741 1.34840 1.35746 1.36831 1.47203 2.02777 2.14183 2.21231 2.29165
1.93917 2.07854 2.47009 2.50771 2.54536 2.58152 2.59278 2.59532 2.59785 2.60039 2.60293 2.60544 2.56016 2.20816 1.56586 2.14998 2.21317 2.25680 2.32262 2.26936 1.75255 1.81680 1.88126 1.94550 2.00980 2.06994 2.08310 2.08310 2.08310 2.04558 1.98196 1.98196 1.98196 1.98196 1.98196 1.98196 1.98196 1.98196 1.79377 1.47777 1.47777 1.47777 1.56017 1.85883 1.85887 1.85879 1.85851 1.85851 1.85851 1.85851 1.85843 1.84296 1.81268 1.77745 1.73592 1.68604 1.62540 1.54880 1.47567 1.47705 1.47705 1.49324 2.32087 2.48361 2.47280 2.46261
2.20062 2.20259 2.58777 2.61561 2.61816 2.62061 2.62133 2.62133 2.60988 2.55054 2.48591 2.42133 2.33042 2.01458 1.83977 2.35166 2.75611 2.78176 2.78176 2.77757 2.13110 2.08310 2.08310 2.08310 2.08310 2.08310 2.08310 2.08310 2.08310 2.07050 1.98196 1.98196 1.98196 1.98196 1.98196 1.98196 1.98196 1.98196 1.88699 1.47777 1.47777 1.47777 1.47777 1.82757 1.83327 1.80139 1.76373 1.71952 1.66626 1.60085 1.51894 1.47705 1.47705 1.47705 1.47705 1.47705 1.47705 1.47705 1.47705 1.47705 1.47705 1.47705 2.18035 2.42286 2.42254 2.42254
2.16152 2.07549 2.34430 2.39822 2.33364 2.26901 2.20438 2.13980 2.08667 2.08138 2.08138 2.08138 2.08119 1.81442 1.90850 2.19549 2.78176 2.78176 2.78176 2.78176 2.28816 2.08310 2.08310 2.08310 2.08310 2.08310 2.08310 2.08310 2.08310 2.08310 1.99424 1.98196 1.98196 1.98196 1.98196 1.98196 1.98196 1.98196 1.95776 1.47888 1.47777 1.47777 1.47777 1.48240 1.47777 1.47777 1.47729 1.47705 1.47705 1.47705 1.47705 1.47705 1.47705 1.47705 1.47705 1.47705 1.47705 1.47705 1.47705 1.47705 1.47705 1.47705 1.96792 2.42418 2.42254 2.42254
1.48075 1.48068 1.79892 2.08138 2.08138 2.08138 2.08138 2.08138 2.08138 2.08138 2.08138 2.08138 2.08138 1.90854 1.86493 2.00897 2.77938 2.78176 2.78176 2.78176 2.44934 2.08310 2.08310 2.08310 2.08310 2.08310 2.08310 2.08310 2.08310 2.08310 2.01914 1.98196 1.98196 1.98196 1.98196 1.98196 1.98196 1.98196 1.98196 1.59857 1.47777 1.47777 1.47777 1.47777 1.47777 1.47777 1.47747 1.47705 1.47705 1.47705 1.47705 1.47705 1.47705 1.47705 1.47705 1.47705 1.47705 1.48276 1.54959 1.63281 1.71611 1.79949 2.07516 2.58904 2.62502 2.65296
1.50369 1.48068 1.64790 2.08138 2.08138 2.08138 2.08138 2.08138 2.08138 2.08138 2.08138 2.08147 2.12803 2.13437 2.10712 2.40797 2.76085 2.78176 2.78176 2.78176 2.61059 2.08310 2.08310 2.08310 2.08310 2.08310 2.08310 2.08310 2.08310 2.08310 2.04403 1.98196 1.98196 1.98196 1.98196 1.98196 1.98196 1.98196 1.98196 1.74611 1.47777 1.47777 1.47777 1.47777 1.47777 1.47777 1.47764 1.47803 1.53199 1.61520 1.69850 1.78169 1.86510 1.94832 2.03154 2.11476 2.19814 2.27573 2.29212 2.29212 2.29212 2.29212 2.32323 2.68037 2.71451 2.71451
1.62523 1.48068 1.50030 2.06588 2.08138 2.08138 2.09212 2.16900 2.26466 2.37054 2.48822 2.61997 2.68471 2.67367 2.53462 2.77881 2.78176 2.78176 2.78176 2.78176 2.75633 2.09861 2.08310 2.08310 2.08310 2.08310 2.08310 2.08310 2.08310 2.08310 2.06896 1.98196 1.98196 1.98196 1.98196 1.98390 1.99570 2.00874 2.02604 1.94593 1.64729 1.73492 1.82238 1.90993 1.99739 2.08486 2.17249 2.26232 2.29212 2.29212 2.29212 2.29212 2.29212 2.29212 2.29212 2.29212 2.29212 2.29212 2.29212 2.29212 2.29212 2.29212 2.29212 2.62873 2.71451 2.71451
1.78540 1.51624 1.59965 2.19631 2.42300 2.54689 2.66698 2.68471 2.68471 2.66587 2.62703 2.58825 2.54944 2.51061 2.50277 2.72919 2.78176 2.78176 2.78176 2.78176 2.78176 2.23436 2.08549 2.09759 2.11065 2.12376 2.13682 2.14997 2.16299 2.18235 2.22951 2.20368 2.25279 2.30959 2.36645 2.42137 2.46643 2.51021 2.54978 2.52935 2.28539 2.28539 2.28539 2.28539 2.28539 2.28539 2.28539 2.29009 2.29212 2.29212 2.29212 2.29212 2.29212 2.29212 2.29212 2.29212 2.29212 2.29212 2.29212 2.29212 2.29212 2.29212 2.29212 2.53617 2.72200 2.70530
2.07892 2.08524 2.07522 2.40784 2.60358 2.56480 2.52599 2.48713 2.44835 2.42838 2.43081 2.43890 2.44730 2.45567 2.51375 2.72986 2.86035 2.87288 2.88545 2.89800 2.91309 2.57915 2.32293 2.36132 2.39875 2.43622 2.47355 2.51108 2.54845 2.57963 2.58295 2.56596 2.55669 2.55669 2.55669 2.55669 2.55669 2.55669 2.55669 2.55525 2.31382 2.28539 2.28539 2.28539 2.28539 2.28539 2.28539 2.28846 2.29212 2.29212 2.29212 2.29212 2.29212 2.29212 2.29212 2.29212 2.29212 2.29212 2.29212 2.29212 2.29212 2.29212 2.29212 2.21585 2.45721 2.45800
1.83231 1.75379 1.70573 1.99095 2.48140 2.48979 2.49812 2.50650 2.51488 2.52324 2.52920 2.52944 2.51258 2.47459 2.45727 2.64061 3.10762 3.14508 3.18245 3.21992 3.25482 3.04361 2.58295 2.58295 2.58295 2.58295 2.58295 2.58295 2.58295 2.58295 2.58295 2.57238 2.55669 2.55669 2.55669 2.55669 2.55669 2.55669 2.55669 2.55669 2.40162 2.28539 2.28539 2.28539 2.28539 2.28539 2.28539 2.28683 2.29212 2.29212 2.29212 2.29212 2.29212 2.29212 2.29212 2.29212 2.29212 2.29212 2.29212 2.29212 2.29212 2.29212 2.29212 2.23940 2.24924 2.15437
1.79661 1.70084 1.70084 1.77615 2.49673 2.46312 2.42506 2.38704 2.34898 2.31096 2.27290 2.23485 2.21369 2.21362 2.21300 2.26575 3.25262 3.26228 3.26228 3.26228 3.26228 3.19951 2.58377 2.58295 2.58295 2.58295 2.58295 2.58295 2.58295 2.58295 2.58295 2.57880 2.55669 2.55669 2.55669 2.55669 2.55669 2.55669 2.55669 2.55669 2.46640 2.28539 2.28539 2.28539 2.28539 2.28539 2.28539 2.28551 2.29181 2.29212 2.29212 2.29212 2.29212 2.29212 2.29212 2.29212 2.29212 2.29212 2.29212 2.29212 2.29212 2.29212 2.29212 2.28843 2.21265 2.08782
1.69220 1.35592 1.29888 1.24346 2.08954 2.21362 2.21362 2.21362 2.21362 2.21362 2.21362 2.21362 2.21362 2.21362 2.21362 2.20147 3.05702 3.26228 3.26228 3.26228 3.26228 3.26228 2.67822 2.58295 2.58295 2.58295 2.58295 2.58295 2.58295 2.58295 2.58295 2.58288 2.55905 2.55669 2.55669 2.55669 2.55669 2.55669 2.55669 2.55669 2.51407 2.28539 2.28539 2.28539 2.28478 2.13583 1.91953 1.74820 1.61227 1.54855 2.29212 2.29212 2.29212 2.29212 2.29212 2.29212 2.29212 2.29212 2.29212 2.29212 2.29212 2.29157 2.28565 2.27836 2.24349 2.19230
1.74380 1.22711 1.22711 1.22711 1.90041 2.21362 2.21362 2.21362 2.21362 2.21362 2.21362 2.21362 2.21362 2.21362 2.21362 2.20650 2.79071 3.26228 3.26228 3.26228 3.26228 3.26228 2.83512 2.58295 2.58295 2.58295 2.58295 2.58295 2.58295 2.58295 2.58295 2.58295 2.56539 2.55669 2.55669 2.55669 2.55669 2.55497 2.45638 2.31779 2.18092 1.60746 1.48519 1.38952 1.30788 1.27585 1.27585 1.27585 1.27749 1.27921 2.06224 2.29202 2.28728 2.27999 2.28448 2.33727 2.38913 2.43504 2.47595 2.51262 2.35162 2.22220 2.22082 2.22082 2.14349 2.39465
