High_resolution/powerplant/Chizhou/OMI_NO2_201110.asc
ncols      200
nrows      200
xllcorner       115.585
yllcorner       28.7700
cellsize     0.0166667
NODATA_Value      -999.000
[rows 29 to 57 of 165, columns 67 to 133 of 200]
3.55338 3.44579 3.35637 3.34687 3.34687 3.34687 3.34687 3.34687 3.34687 3.34687 3.34687 3.34687 3.34687 3.34687 3.70724 6.02586 6.73813 6.73813 6.73813 6.73813 6.73813 6.73813 6.73813 6.73813 6.64278 6.36294 6.07806 5.79306 5.52018 5.44793 5.44793 5.39313 5.34255 5.34255 5.69196 10.8819 10.9961 11.0729 11.2765 11.3021 11.3278 11.3908 11.9804 12.7222 13.4589 14.0439 14.0905 14.2780 14.9502 14.9502 14.9502 14.9502 14.9502 15.2208 15.6437 15.6437 15.6437 15.6437 15.6437 15.6341 15.4509 15.2031 14.9556 15.1657 17.5779 17.5044 15.3272
3.34687 3.34687 3.34687 3.34687 3.34687 3.34687 3.34687 3.34687 3.34687 3.34687 3.34687 3.34687 3.34687 3.34687 3.34798 5.38222 6.72871 6.73813 6.73813 6.72097 6.49660 6.21185 5.92711 5.64223 5.45257 5.44793 5.44793 5.44793 5.44793 5.44793 5.44793 5.42149 5.37616 5.41463 5.45311 9.65151 11.1836 11.2065 11.7085 12.4827 13.2197 13.9193 14.0905 14.0905 14.0905 14.0905 14.0905 14.0988 14.8829 14.9502 14.9502 14.9502 14.9502 15.0162 15.6377 15.4910 15.2434 14.9960 14.7480 14.5102 14.4456 14.4456 14.4456 14.4582 17.1299 17.5198 16.1508
3.34687 3.34687 3.34687 3.34687 3.34687 3.34687 3.34687 3.34687 3.34687 3.34687 3.34687 3.34687 3.34687 3.34687 3.34687 4.58491 6.20471 6.06090 5.77603 5.50844 5.44793 5.44793 5.44793 5.44793 5.44793 5.44793 5.42738 5.34189 5.25171 5.16152 5.07134 4.99455 5.51147 5.55314 5.55314 7.98385 11.2066 11.2066 12.9422 14.0905 14.0905 14.0905 14.0905 14.0905 14.0905 14.0905 14.0905 14.0905 14.6469 14.9502 14.7869 14.3105 13.8263 13.3416 14.1841 14.4456 14.4456 14.4456 14.4456 14.4456 14.4456 14.4456 14.4395 14.1138 15.0352 15.5020 15.0180
3.34687 3.34687 3.34687 3.34687 3.34687 3.34687 3.34687 3.34687 3.34687 3.34687 3.33879 3.13556 2.78426 2.31702 1.66544 2.35080 5.46981 5.44793 5.44793 5.44793 5.44793 5.40415 5.31397 5.22379 5.13355 5.04337 4.97378 4.96899 4.96899 4.96899 4.96899 4.96899 5.35077 5.55314 5.55314 6.26270 11.1987 11.2066 11.8512 14.0903 14.0905 14.0905 14.0905 14.0905 14.0905 14.0298 13.6063 13.0890 12.8916 13.0125 12.6913 12.6834 12.6834 12.6834 13.5406 14.4456 14.4456 14.4456 14.4456 14.2684 13.7687 13.2619 12.7486 12.4698 12.9792 14.7219 14.7258
3.34687 3.34687 3.34687 3.34687 3.34687 3.34687 3.29001 3.00455 2.61182 2.08060 1.35018 1.07804 1.07804 1.07804 1.07804 1.23665 5.23560 5.28605 5.19582 5.10563 5.01549 4.96899 4.96899 4.96899 4.96899 4.96899 4.96899 4.96899 4.96899 4.96899 4.96899 4.96899 5.18266 5.55314 5.55314 5.55314 10.1794 11.2066 11.2066 13.7206 14.0826 13.7618 13.1546 12.4990 11.9125 11.4343 11.2868 11.2101 11.5120 12.6766 12.6834 12.6834 12.6834 12.6834 13.0097 14.3777 13.9290 13.3508 12.7301 12.2869 12.1664 12.0526 11.9515 11.9356 12.0887 14.6861 14.7219
3.34687 3.34642 3.19264 2.85842 2.41724 1.80798 1.13804 1.07804 1.07804 1.07804 1.10713 1.37307 1.69065 2.00807 2.32565 2.63065 4.00135 4.93428 4.96899 4.96899 4.96899 4.96899 4.96899 4.96899 4.96899 4.96899 4.96899 4.96899 4.96899 4.96899 4.96899 4.96899 5.01889 5.54876 5.55314 5.55314 8.28284 10.1446 9.46845 10.6209 11.4665 11.2423 11.2011 11.2011 11.2011 11.2011 11.2011 11.2011 11.2928 12.5042 12.6834 12.6366 12.1807 11.5601 10.9430 11.9412 11.9779 11.9356 11.9356 11.9356 11.9356 11.9356 11.9356 11.9356 11.9356 13.9252 14.7219
2.19570 1.49093 1.07804 1.07804 1.07804 1.13083 1.41948 1.73723 2.05449 2.37256 2.66072 2.71253 2.71253 2.71253 2.71253 2.71253 3.46623 4.84309 4.96899 4.96899 4.96899 4.96899 4.96899 4.96899 4.96899 4.96899 4.96899 4.96899 4.96899 4.96899 4.96899 4.97136 5.06770 6.20550 6.53979 6.74304 7.18733 8.31537 8.31537 8.82475 11.1974 11.2011 11.2011 11.2011 11.2011 11.1994 11.1755 11.1448 10.9682 11.1933 10.9116 10.3379 10.1733 10.1733 10.1733 11.2001 11.9356 11.9356 11.9356 11.9356 11.9356 11.9356 11.9356 11.9356 11.9356 13.0689 14.7219
1.16107 1.46607 1.78398 2.10140 2.41898 2.68393 2.71253 2.71253 2.71253 2.71253 2.71253 2.71253 2.71253 2.71253 2.71253 2.71253 2.93342 4.70445 4.96899 4.96899 4.96899 4.96899 4.96899 4.96899 4.96899 4.96899 4.96899 4.98271 5.01529 5.04799 5.08067 5.11100 5.12360 6.62337 6.91203 6.91203 6.91890 8.17209 8.31537 8.31537 10.7239 11.1611 11.1305 11.0998 11.0090 10.6367 10.2496 9.86953 9.63688 9.77572 10.1733 10.1733 10.1733 10.1733 10.1733 10.6691 11.9356 11.9356 11.9356 11.9356 11.9356 11.9356 11.9132 11.5356 11.0366 10.8747 11.8744
2.54221 2.71253 2.71253 2.71253 2.71253 2.71253 2.71253 2.71253 2.71253 2.71253 2.71253 2.71253 2.71253 2.71253 2.71253 2.71253 2.71253 4.24399 4.94945 4.96899 4.96899 4.96899 4.97233 5.00013 5.03283 5.06548 5.09822 5.11717 5.11729 5.11729 5.11729 5.11729 5.11729 6.19898 6.91059 6.88073 6.83977 7.63857 8.16120 8.12027 9.62696 10.7507 10.3708 9.99068 9.67074 9.63422 9.63422 9.63422 9.63422 9.66529 10.1404 10.1733 10.1733 10.1733 10.1733 10.2232 11.8507 11.9313 11.6182 11.1192 10.6197 10.1199 9.64263 9.52017 9.52017 9.53327 10.9384
2.24212 2.71253 2.71253 2.71253 2.71253 2.71253 2.71253 2.71253 2.71253 2.71253 2.71253 2.71253 2.71253 2.71253 2.71253 2.71253 2.71253 3.69907 4.88216 5.01767 5.05034 5.08306 5.11239 5.11729 5.11729 5.11729 5.11729 5.11729 5.11729 5.06767 4.81830 4.54807 4.27784 4.75245 6.60686 6.68817 6.68817 7.10061 8.09151 8.09151 8.32559 9.62901 9.63422 9.63422 9.63422 9.63422 9.63422 9.63422 9.63422 9.63898 10.0167 10.1733 10.1733 10.1077 9.93555 9.76208 10.0223 9.70713 9.52017 9.52017 9.52017 9.52017 9.52017 9.52017 9.52017 9.48763 9.93186
1.93239 2.71253 2.71253 2.71253 2.71253 2.71253 2.71253 2.71253 2.71253 2.71253 2.71253 2.71253 2.71253 2.71253 2.71253 2.71253 2.71253 3.16400 4.81350 5.11729 5.11729 5.11729 5.11729 5.11729 5.00123 4.73158 4.46121 4.19112 3.92090 3.70000 3.67914 3.67914 3.67914 3.83127 6.26004 6.68817 6.68817 6.73433 8.03032 8.09151 8.09151 9.35733 9.63422 9.63422 9.63422 9.63422 9.63422 9.63422 9.61410 9.49680 9.52307 9.64294 9.46948 9.36156 9.36009 9.36009 9.42059 9.52017 9.52017 9.52017 9.52017 9.51910 9.28116 8.86377 8.44653 8.04822 8.09293
1.68138 2.65392 2.71253 2.71253 2.71253 2.71253 2.71253 2.71253 2.71253 2.71253 2.71253 2.71253 2.71253 2.71253 2.71253 2.71253 2.71253 2.74432 4.46281 4.89906 4.64471 4.37463 4.10426 3.83403 3.67986 3.67914 3.67914 3.67914 3.67914 3.67914 3.67914 3.67914 3.67914 3.67914 5.64541 6.68817 6.68817 6.68817 7.64945 8.09151 8.09151 8.87266 9.63422 9.63038 9.53767 9.40887 9.27339 9.12397 8.98221 8.94613 8.96258 9.35706 9.36009 9.36009 9.36009 9.36009 9.37378 9.51871 9.40243 8.99794 8.47406 7.85459 7.47175 7.26821 7.06479 6.87483 6.96777
1.65840 2.36692 2.71253 2.71253 2.71253 2.71253 2.71253 2.71253 2.71253 2.71253 2.71253 2.71253 2.71253 2.69453 2.51527 2.29776 2.08037 1.86264 1.75607 3.30861 3.67914 3.67914 3.67914 3.67914 3.67914 3.67914 3.67914 3.67914 3.67914 3.67914 3.67914 3.67914 3.67914 3.67914 4.83453 6.67484 6.68817 6.68817 7.22242 8.00998 7.75624 7.70771 9.15362 9.00268 8.93517 8.92136 8.92131 8.92131 8.92131 8.92131 8.92131 9.27041 9.36009 9.36009 9.27451 8.73188 8.11071 7.61435 7.14710 6.93101 6.83385 6.83385 6.83385 6.83385 6.83385 6.83385 6.83385
1.65840 2.05731 2.71253 2.71253 2.71253 2.71253 2.71253 2.71253 2.67999 2.48485 2.26712 2.04950 1.83233 1.63249 1.59425 1.59425 1.59425 1.59425 1.62405 2.77963 3.67914 3.67914 3.67914 3.67914 3.67914 3.67914 3.67914 3.67914 3.67914 3.67914 3.67914 3.67914 3.67914 3.67914 4.10635 6.17274 6.25487 6.02819 5.83934 6.29160 6.25078 6.25078 8.44844 8.92131 8.92131 8.92131 8.92131 8.92131 8.92381 8.98251 9.06165 8.72810 7.90784 7.28718 6.75146 6.67377 6.67377 6.74960 6.83385 6.83385 6.83385 6.83385 6.83385 6.83385 6.83385 6.83385 6.83385
1.65840 1.75443 2.70547 2.66109 2.45410 2.23670 2.01920 1.80136 1.61661 1.59425 1.59425 1.59425 1.59425 1.59425 1.59425 1.59425 1.59425 1.59425 1.60154 1.98408 3.66866 3.67914 3.67914 3.67914 3.67914 3.67914 3.67914 3.67914 3.67914 3.67914 3.68467 3.69571 3.70675 3.71780 3.72762 4.54676 5.41568 5.41568 5.41568 6.06046 6.25078 6.25078 7.63163 8.94296 9.02156 9.10325 9.18485 9.13764 8.80875 8.41431 7.99953 7.57306 6.67377 6.67377 6.67377 6.67377 6.67377 6.70136 6.83385 6.83385 6.83385 6.83385 6.83385 6.83385 6.83385 6.84032 6.93154
1.36051 1.22602 1.63300 1.60487 1.59425 1.59425 1.59425 1.59425 1.59425 1.59425 1.59425 1.59425 1.59425 1.59425 1.59425 1.59425 1.59425 1.59425 1.59425 1.65754 3.41368 3.67914 3.67914 3.67914 3.67914 3.68070 3.69054 3.70158 3.71262 3.72366 3.72917 3.72917 3.72917 3.72917 3.72917 4.06040 5.41568 5.41829 5.50231 6.01569 6.58227 6.70480 7.14574 9.29954 8.96586 8.54847 8.13124 7.84295 7.83359 7.83359 7.83359 7.81967 6.75727 6.67377 6.67377 6.67377 6.67377 6.67390 6.81312 6.83385 6.83527 6.91115 7.02883 7.14645 7.26425 7.37540 7.40181
0.985964 0.985964 1.28804 1.59425 1.59425 1.59425 1.59425 1.59425 1.59425 1.59425 1.59425 1.59425 1.59425 1.59425 1.59425 1.59425 1.59425 1.59425 1.59425 1.63455 2.93574 3.68536 3.69640 3.70745 3.71849 3.72797 3.72917 3.72917 3.72917 3.72917 3.72917 3.72917 3.74778 3.85365 3.97075 4.09565 5.76165 6.04820 6.08671 6.22375 6.92182 6.92182 6.92182 7.70004 7.83359 7.83359 7.83359 7.83359 7.83359 7.83359 7.83359 7.83359 7.07476 6.67377 6.67377 6.67377 6.78134 7.03972 7.20722 7.24375 7.36001 7.40181 7.40181 7.40181 7.40181 7.40181 7.40181
0.985964 0.985964 1.10936 1.59425 1.59425 1.59425 1.59425 1.59425 1.59425 1.59425 1.59425 1.59425 1.59425 1.59425 1.59425 1.59425 1.59425 1.59425 1.59425 1.61156 2.21407 3.72917 3.72917 3.72917 3.72917 3.72917 3.72917 3.77271 3.88882 4.00579 4.12283 4.23987 4.33830 4.34940 4.34940 4.34940 5.42936 6.08671 6.08671 6.08688 6.80472 6.92182 6.92182 7.37533 7.83359 7.83359 7.83359 7.83359 7.83359 7.83359 7.83359 7.87887 7.68776 7.21626 7.47573 7.73508 7.88685 7.88795 7.75669 7.40181 7.40181 7.40181 7.40181 7.40181 7.39268 7.22587 6.96346
0.985964 0.985964 0.989188 1.53568 1.59425 1.59425 1.59425 1.59425 1.59425 1.59425 1.59425 1.59425 1.59425 1.59425 1.59425 1.59425 1.59425 1.59425 1.59425 1.59499 1.66730 3.55672 3.80676 3.92380 4.04078 4.15781 4.27485 4.34835 4.34940 4.34940 4.34940 4.34940 4.34940 4.34940 4.34940 4.34940 4.93262 6.08671 6.08671 6.08671 6.55099 6.92182 6.92182 7.02234 7.82215 7.83359 7.84318 8.03393 8.29327 8.55274 8.81209 9.02615 8.94303 7.89490 7.88795 7.88795 7.88795 7.88795 7.87622 7.42811 7.40181 7.29842 7.05204 6.86987 6.85024 7.09867 7.44099
0.985964 0.985964 0.985964 1.36006 1.59425 1.59425 1.59425 1.59425 1.59425 1.59425 1.59425 1.59425 1.59425 1.59425 1.59425 1.59425 1.60651 1.76102 1.95623 2.15144 2.50678 3.86271 4.34940 4.34940 4.34940 4.34940 4.34940 4.34940 4.34940 4.34940 4.34940 4.34940 4.34940 4.34940 4.34940 4.34940 4.46086 6.05979 6.08671 6.08671 6.29705 6.92182 7.09866 7.48732 8.34675 8.72928 8.97916 9.04776 9.04776 9.04776 9.04776 9.04776 9.04776 8.12078 7.88795 7.88795 7.88795 7.88797 7.94929 7.63636 7.47413 7.66303 8.00513 8.20575 8.20691 8.20691 8.20691
0.985964 0.985964 0.985964 1.18147 1.59425 1.59425 1.59425 1.59425 1.59425 1.59425 1.59425 1.61876 1.78996 1.98497 2.18017 2.37528 2.55833 2.59892 2.59892 2.59892 2.70859 3.44808 4.34940 4.34940 4.34940 4.34940 4.34940 4.34940 4.34940 4.34940 4.34940 4.34940 4.34940 4.34940 4.34940 4.34940 4.34940 5.66293 6.00518 5.92624 5.86443 8.32470 8.74272 8.74309 8.88831 9.04776 9.04776 9.04776 9.04776 9.04776 9.04776 9.04819 9.07010 8.66477 8.40993 8.54837 8.72066 8.90883 8.93611 8.66704 8.20691 8.20691 8.20691 8.20691 8.20691 8.20691 8.20691
0.985964 0.985964 0.985964 1.01741 1.57941 1.59425 1.63534 1.81859 2.01370 2.20911 2.40412 2.57481 2.59892 2.59892 2.59892 2.59892 2.59892 2.59892 2.59892 2.59892 2.62106 2.93556 4.28311 4.34940 4.34940 4.34940 4.34940 4.34940 4.34940 4.34940 4.34940 4.34940 4.34915 4.30346 4.22448 4.14553 4.06658 4.82524 5.72753 5.72753 5.72753 7.67291 8.74309 8.74309 8.77126 9.04248 9.05458 9.08627 9.12026 9.15421 9.16421 9.15146 9.10774 9.02046 8.93611 8.93611 8.93611 8.93611 8.93611 8.87785 8.21479 8.20691 8.20691 8.20691 8.20691 8.20691 8.20691
0.985964 0.968347 0.900535 0.829640 1.82187 2.43295 2.58697 2.59892 2.59892 2.59892 2.59892 2.59892 2.59892 2.59892 2.59892 2.59892 2.59892 2.59892 2.59892 2.59892 2.59892 2.84031 4.00517 4.34940 4.34940 4.34940 4.34940 4.34940 4.33367 4.26011 4.18112 4.10221 4.02348 3.99022 3.99022 3.99022 3.99022 4.31944 5.72753 5.72753 5.72783 6.78986 8.82506 8.87607 8.92708 9.15372 9.22128 9.18124 9.12736 9.05976 9.02228 9.02228 9.02228 9.02108 8.94186 8.93611 8.93611 8.93611 8.93611 8.93611 8.37608 8.20691 8.20691 8.22036 8.57584 9.08143 9.58677
0.687950 0.634571 0.631487 0.631487 1.49972 2.59892 2.59892 2.59892 2.59892 2.59892 2.59892 2.59892 2.59892 2.59892 2.59892 2.59892 2.59892 2.59892 2.59892 2.59892 2.59892 2.74856 3.58572 4.34811 4.29567 4.21675 4.13785 4.05882 3.99560 3.99022 3.99022 3.99022 3.99022 3.99022 3.99022 3.98968 3.98591 3.98786 5.68471 5.93572 5.98642 6.18730 8.95895 9.02228 9.02228 9.04387 9.02553 9.02228 9.02228 9.02228 9.02228 9.02228 9.02228 9.02228 8.96509 8.93611 8.93611 8.93611 8.93611 9.07845 9.17952 9.50340 10.0095 10.5016 10.6517 10.6517 10.6517
0.631487 0.631487 0.631487 0.631487 0.924045 2.59892 2.59892 2.59892 2.59892 2.59892 2.59892 2.59892 2.59892 2.59892 2.59892 2.59892 2.59892 2.59892 2.59892 2.59892 2.59892 2.65677 3.00763 3.99556 3.99022 3.99022 3.99022 3.99022 3.99022 3.99022 3.98881 3.98459 3.98029 3.97598 3.97168 3.96791 3.96738 3.96738 5.22411 6.00672 6.00672 6.00672 8.22557 9.02228 9.02228 9.02228 9.02228 9.02228 9.02228 9.02228 9.02228 9.02228 9.02228 9.02228 9.05491 9.26729 9.54623 9.82596 10.1049 10.2420 10.3109 10.6517 10.6517 10.6517 10.6517 10.6517 10.6517
0.631487 0.631487 0.631487 0.631487 0.631487 2.31600 2.59892 2.59892 2.59892 2.59892 2.59892 2.59892 2.59892 2.59892 2.59892 2.59892 2.59892 2.59892 2.59892 2.59892 2.59892 2.59968 2.87947 3.79329 3.99019 3.98757 3.98326 3.97896 3.97466 3.97035 3.96746 3.96738 3.96738 3.96738 3.96738 3.96738 3.96738 3.96738 4.64036 6.00672 6.00672 6.00672 7.31155 9.02228 9.02228 9.02228 9.02228 9.02228 9.02228 9.04043 9.26296 9.54177 9.82150 10.1006 10.3058 10.2423 10.2420 10.2420 10.2420 10.2420 10.2422 10.5975 10.6517 10.6517 10.6517 10.6517 10.7837
0.631487 0.631487 0.631487 0.631487 0.631487 1.74073 2.59892 2.59892 2.59892 2.59892 2.59892 2.59892 2.59892 2.59892 2.59892 2.59892 2.59892 2.59892 2.59892 2.60745 2.72617 2.87822 2.95602 3.48586 3.96906 3.96738 3.96738 3.96738 3.96738 3.96738 3.96738 3.96738 3.96738 3.96738 3.96738 3.96738 3.96738 3.96738 4.09111 5.97103 6.00672 6.00672 6.40025 9.01987 9.02241 9.17233 9.45127 9.73087 10.0101 10.2711 10.3282 10.3282 10.3282 10.3282 10.3282 10.2581 10.2420 10.2420 10.2420 10.2420 10.2787 10.8912 11.5320 11.9958 12.4594 12.9232 13.2554
0.631487 0.631487 0.631487 0.631487 0.631487 1.16545 2.59892 2.59892 2.59892 2.59892 2.59892 2.59892 2.59892 2.59892 2.61637 2.74808 2.90022 3.05235 3.20456 3.34801 3.38150 3.38150 3.22143 3.04254 3.96197 3.96738 3.96738 3.96738 3.96738 3.96738 3.96738 3.96738 3.96738 3.96738 3.96738 3.96738 3.96738 3.96738 3.96738 5.51144 6.06291 6.32599 6.60845 9.39379 10.1985 10.3282 10.3282 10.3282 10.3282 10.3282 10.3282 10.3282 10.3282 10.3282 10.3282 10.4874 10.9569 11.4204 11.8845 12.3483 12.7755 12.9700 13.2692 13.2692 13.2692 13.2692 13.2692
0.631487 0.631487 0.631487 0.631487 0.631487 0.684018 2.50448 2.59892 2.59892 2.62858 2.76999 2.92221 3.07426 3.22655 3.36108 3.38150 3.38150 3.38150 3.38150 3.38150 3.38150 3.38150 3.35667 2.88164 3.82367 3.96738 3.96738 3.96738 3.96738 3.96738 3.96738 3.96738 3.96738 3.96738 3.96738 3.97148 4.15722 4.43968 4.72214 5.96296 7.27008 7.28945 7.28945 8.88054 10.3282 10.3282 10.3282 10.3282 10.3282 10.3603 10.5792 10.8269 11.0753 11.3230 11.5710 11.9794 12.8595 12.8595 12.8595 12.8595 12.8595 12.8693 13.2469 13.2692 13.2692 13.2692 13.2692
