High_resolution/powerplant/Chizhou/OMI_NO2_200803.asc
ncols      200
nrows      200
xllcorner       115.585
yllcorner       28.7700
cellsize     0.0166667
NODATA_Value      -999.000
[rows 0 to 29 of 175, columns 132 to 197 of 200]
7.05825 6.44724 6.53277 6.61576 6.86621 6.72006 6.78903 6.81011 6.81011 6.81011 6.90695 7.25498 7.69090 8.17580 8.64145 8.77787 8.83566 9.24686 9.33349 9.33349 9.33336 9.33306 9.34119 9.36974 9.29089 9.10700 9.70873 9.60313 9.50953 9.55342 9.63298 9.95075 10.2005 10.5664 10.5664 10.5908 11.2936 11.3088 10.8454 10.6042 10.8793 11.1048 11.4568 11.8883 12.2301 12.5231 12.7096 12.9612 14.2225 21.0658 21.9880 22.2822 22.7527 22.6404 22.5549 24.3914 24.6619 24.4189 24.1055 24.0845 24.2990 24.0810 24.0135 23.8361 22.8583 19.0083
7.80583 6.98308 6.90458 6.86978 6.99449 6.81011 6.90861 7.25850 7.59903 7.91775 8.14100 8.15253 8.23944 8.40315 8.59317 8.77787 8.81249 9.09929 9.33584 9.35676 9.23766 8.94926 8.67521 8.40697 8.22583 8.13854 8.74686 9.20017 9.27333 9.91210 9.91927 10.0635 10.1231 10.5510 10.7346 10.8042 11.4340 11.6450 11.5516 11.4396 12.0106 12.4071 12.7146 12.7146 12.7146 12.7146 12.7146 12.8257 14.2540 19.0359 21.8092 21.8952 22.4778 22.3124 22.1735 23.0042 23.4795 23.3707 23.2509 23.1672 23.5121 23.3848 23.2989 23.2968 23.2662 19.5042
7.56492 6.99176 6.78565 7.06319 7.42186 7.65761 7.81728 7.81462 7.80088 7.78698 7.77327 7.75985 7.76510 8.21941 8.53452 8.79195 8.63896 8.54560 8.55047 8.30345 8.15309 8.13387 8.14107 8.15124 8.16138 8.16989 8.55915 9.12453 9.12222 9.57467 9.68261 9.70411 9.76416 10.2308 10.9835 10.9983 11.4140 11.7385 11.7448 11.9579 12.3590 12.4169 12.7129 12.7598 13.0218 13.2940 13.5480 13.7163 14.4243 17.4488 21.4511 21.4558 22.0377 22.1916 22.3128 22.4227 22.7448 22.7343 22.7751 22.6572 22.9688 23.2968 23.2859 23.2118 23.1300 20.6138
7.99124 7.94617 7.70205 7.67910 7.67299 7.67500 7.62658 7.62658 7.62658 7.62658 7.62658 7.58998 7.41996 7.55799 7.89318 7.89125 7.86484 7.91174 8.12663 8.14820 8.15832 8.15134 8.12419 8.09542 8.06770 8.04096 8.22306 8.82451 8.95340 9.21596 9.60111 9.63813 9.80666 10.0586 10.9372 11.0310 11.3150 11.8316 11.8383 11.9738 12.4220 12.6901 13.6470 14.2273 14.4455 14.6647 14.8791 15.1762 15.8139 17.4515 21.7085 21.8985 22.1372 22.2440 22.2599 22.2267 22.4510 22.4448 22.4026 22.2059 21.7162 22.3257 22.2737 22.2667 22.2664 20.9998
8.52295 8.39364 7.72045 7.68848 7.67299 7.64031 7.62330 7.53305 7.35183 7.17276 7.00272 6.87182 6.85542 6.98893 7.59809 7.79550 7.87372 7.89941 8.02854 8.04987 8.02376 8.01198 8.01178 8.01174 8.01171 8.01483 8.08901 8.77842 9.01937 9.09711 9.67817 9.69722 9.85179 10.0361 10.7904 11.1211 11.2576 11.9721 11.9495 11.9957 13.3372 14.5260 15.1279 15.9533 16.1636 16.3547 16.5460 16.6540 16.6932 17.8375 21.0206 22.0521 22.0309 22.0080 22.0162 22.0245 22.1755 22.2991 22.2018 21.9866 20.8870 21.7648 21.5311 21.2889 21.0473 20.7547
8.46587 8.43769 7.77467 7.50682 7.38481 7.21243 6.89109 6.81047 6.80523 6.80522 6.80066 6.79831 6.79844 6.85459 7.44442 7.73659 7.86157 7.87633 7.96771 8.04081 8.04609 8.06065 8.12413 8.15423 8.18721 8.21699 8.23495 8.82917 9.15994 9.21465 9.72195 9.93453 10.0634 10.2003 10.7065 11.2850 11.3910 12.3329 12.5390 12.7174 13.7462 15.6107 15.9597 17.1573 17.2068 17.2427 17.2787 17.3146 17.3505 18.0050 20.0974 22.2429 22.2270 22.0690 21.8073 21.5393 21.3085 21.1661 20.9739 20.8986 20.0925 20.8737 20.9901 20.9191 20.8481 20.8035
8.12670 8.02295 7.56095 7.20720 7.18609 7.16487 6.81312 6.81204 6.81747 6.82290 6.83411 6.86110 6.89138 6.92396 7.43624 7.87160 8.10614 8.15332 8.25510 8.40529 8.45351 8.49742 8.59496 8.62965 8.65503 8.68064 8.70598 9.33743 9.85051 9.97026 10.1897 10.5870 10.6828 10.9315 11.3365 12.2197 12.4000 13.2341 13.6325 13.7619 14.0353 16.1969 16.2204 17.1171 17.4024 17.4024 17.4024 17.4280 17.4836 17.8217 18.8913 21.2569 20.9910 20.7782 20.7708 20.7708 20.7714 20.8786 20.8557 20.8083 20.1445 20.3520 20.8028 20.8028 20.7234 20.5508
7.50810 7.34541 7.11724 6.84644 6.83290 6.81053 7.10024 7.23338 7.25843 7.28351 7.30733 7.31315 7.31315 7.32695 7.70332 8.23820 8.55294 8.61438 8.59774 8.67705 8.69670 8.69670 8.74461 8.76718 8.76718 8.75437 8.72581 9.14196 9.78488 10.1219 10.2565 10.8754 10.9844 11.4606 11.8242 12.6579 12.8986 13.3513 13.7777 13.7777 13.8440 15.8266 16.2922 16.8441 17.5836 17.5627 17.5030 17.4176 17.3022 17.3024 18.1736 20.4375 20.8314 20.7826 20.7419 20.6993 20.6567 20.6762 20.7200 20.7129 20.3079 19.6824 20.3101 20.1374 20.0442 20.0843
6.67121 6.67121 6.68123 6.66631 6.66978 6.67667 7.03804 7.31314 7.31315 7.32695 7.36232 7.39796 7.43359 7.45543 7.69686 8.19597 8.50897 8.61468 8.60785 8.64437 8.69670 8.69138 8.69834 8.74668 8.76984 8.80641 8.85864 9.08004 9.85690 10.2817 10.3671 11.1230 11.4665 11.6830 11.9401 12.4746 12.9610 13.2797 13.9513 14.0069 14.0781 15.5179 16.3216 16.3155 17.2609 17.2358 17.2358 17.2358 17.2358 17.2358 17.9303 19.6095 20.7270 20.6510 20.6101 20.5813 20.4810 20.4065 20.3463 20.2383 20.1953 19.2421 20.1969 20.4367 20.5556 20.6345
6.65571 6.65283 6.64986 6.65468 6.64059 6.66374 6.91800 7.36203 7.39868 7.41786 7.41549 7.41290 7.41029 7.40760 7.56394 8.08031 8.44204 8.61361 8.59722 8.61346 8.71851 8.74754 8.81064 8.88053 8.88611 8.92603 8.97251 9.04127 9.97756 10.2629 10.4635 10.8955 11.5843 11.7334 12.0806 12.4889 13.2354 13.3868 14.2750 14.3613 14.4391 14.8223 16.0538 16.0538 16.9309 17.2358 17.2247 17.1837 17.1411 17.0985 17.5032 18.6723 20.5010 20.3834 20.3018 20.3244 20.4671 20.6003 20.5062 20.5611 20.6087 19.7497 20.2792 20.6363 20.6363 20.6363
6.56415 6.57983 6.61918 6.66480 6.68467 6.72264 6.80765 7.34866 7.35933 7.35933 7.35933 7.35933 7.35933 7.35933 7.44089 8.06474 8.39908 8.68036 8.72030 8.71303 8.80464 8.84028 8.88812 9.00093 9.06267 9.11180 9.15449 9.19722 9.97863 10.3560 10.6722 10.7372 11.6999 11.8199 12.2439 12.5989 13.4747 13.5841 14.3573 14.4789 14.4825 14.5458 16.0990 16.1799 16.6503 17.1482 17.1115 17.1186 17.1308 17.1442 17.3184 17.9490 20.4333 20.7103 20.7621 20.8315 20.8528 20.8707 20.7921 20.7274 20.7555 20.2038 20.4327 21.0876 21.1312 21.1747
6.69843 6.72229 6.72252 6.72542 6.70441 6.72170 6.72382 7.28847 7.35933 7.35955 7.37595 7.42749 7.48075 7.53744 7.59012 8.17072 8.42747 8.73087 8.81029 8.90165 9.04315 9.13256 9.17760 9.27516 9.32076 9.32332 9.32568 9.32800 9.88615 10.4103 10.8839 11.0064 11.8311 12.1862 12.4704 12.8120 13.4618 13.8446 14.4821 14.8920 15.0326 15.1477 16.2573 16.4537 16.5423 17.2180 17.4181 17.6493 17.8772 18.1038 18.2651 18.6492 20.3844 21.1303 21.1175 21.1155 21.1155 21.1149 21.0758 20.9425 20.9191 20.4395 19.9327 20.2725 19.8641 19.2967
6.76844 6.77651 6.78467 6.79274 6.78009 6.79639 6.79888 7.19138 7.54160 7.64933 7.69352 7.70252 7.70985 7.74537 7.84344 8.39144 8.81277 9.11519 9.25587 9.25450 9.23102 9.24169 9.23163 9.37092 9.60803 9.72882 9.84972 9.97654 10.4249 11.1428 11.4897 11.7103 12.1252 12.8299 13.0092 13.3820 13.8777 14.6135 15.1626 15.7779 15.8367 15.9748 16.7823 17.3568 17.5804 18.2824 18.5488 18.5698 18.5906 18.6114 18.6322 18.4974 19.5277 20.9417 20.9224 20.9076 20.7426 20.3216 19.9005 19.1953 18.7008 18.1774 16.7035 17.2149 17.5019 17.2762
6.87028 6.87398 6.86206 6.81711 6.75481 6.71284 6.69033 6.97437 7.55021 7.79385 7.87148 7.96591 8.06016 8.12286 8.11915 8.43972 8.88355 9.11159 9.32178 9.38692 9.46463 9.65991 9.81202 10.1483 10.7441 10.8110 10.8777 10.9385 11.0752 11.9308 12.0871 12.4046 12.5590 13.6180 13.8082 14.2642 14.5041 15.4663 15.8371 16.7422 16.9379 17.0420 17.5569 18.0783 18.0783 18.3413 18.7625 18.7625 18.7625 18.7625 18.7778 18.5371 18.7439 19.5997 19.2233 18.7961 18.5353 18.5312 18.5312 18.2982 18.0631 17.9224 16.4842 16.3448 16.7167 16.7131
6.87954 6.88248 6.88633 6.90014 6.93789 7.19885 7.17351 7.50808 8.13654 8.57994 8.66751 8.73821 8.80920 8.87990 8.95084 9.24890 9.82358 9.88237 10.0033 9.96271 10.0756 10.4577 10.4650 10.5019 11.1228 11.1303 11.1303 11.1313 11.1893 12.1159 12.3421 12.8580 12.9899 13.7990 14.2243 14.7993 15.1424 15.8911 16.2022 17.0812 17.1008 17.1008 17.3863 18.0855 18.0870 18.1764 18.8448 18.9029 18.8839 18.8429 18.7865 18.4775 18.3647 18.2846 18.5437 18.5312 18.5214 18.4106 18.2729 18.0364 17.5253 17.5131 16.5300 15.8806 16.2194 16.0427
7.53098 7.77312 7.80243 7.85835 7.90034 8.35637 8.21408 8.22834 8.63854 8.99946 9.05120 9.05113 9.02871 8.98827 8.94768 9.00073 9.63941 9.74902 9.93315 9.94400 9.95312 10.4127 10.4650 10.4650 11.0351 11.2542 11.3784 11.5686 11.7120 12.4502 12.8421 13.1739 13.3103 13.7317 14.6016 14.8911 15.2747 15.7162 16.1856 16.9568 17.1896 17.2358 17.3148 18.3868 18.2518 18.1679 18.5635 18.6812 18.6592 18.6592 18.6592 18.5443 18.2920 18.1250 18.3187 18.1668 18.0381 18.0114 17.9639 17.8272 17.2264 17.0076 16.1958 15.1432 15.2190 15.1702
7.39084 7.90244 7.90244 7.90244 7.90244 8.22421 8.27734 8.22243 8.56188 8.83138 8.97939 8.94516 8.93354 8.94000 8.94635 8.95564 9.57048 9.74546 9.89819 9.94400 9.95526 10.3520 10.7332 10.9347 11.4895 11.8790 11.9564 11.9684 11.9758 12.4105 12.9230 13.0724 13.3277 13.3932 14.5916 14.7520 15.3000 15.5564 16.4422 17.0056 17.4667 17.5492 17.6318 18.3299 17.9749 17.9749 18.2256 18.6592 18.6592 18.5994 18.4621 18.3072 17.7530 17.6378 17.9221 17.7808 17.6006 17.2535 16.8968 16.5245 16.3669 16.3273 15.8376 14.1789 14.2660 14.5119
7.44664 8.16262 8.17073 8.17854 8.15762 8.25552 8.47473 8.30693 8.54670 8.80886 9.12223 9.12223 9.12223 9.12223 9.12223 9.12223 9.46897 9.75285 10.0760 10.4439 10.6340 10.8953 11.2988 11.3018 11.5367 11.9812 11.9891 11.9992 12.0129 12.2501 12.9715 13.0109 13.3907 13.4048 14.2672 14.7261 15.3333 15.5691 16.6174 17.1263 17.7125 17.7169 17.7213 18.4084 17.9987 18.0046 18.0713 18.3862 18.2550 18.1807 18.1391 18.0682 17.5811 16.8808 16.3838 16.1265 15.7180 15.4894 15.3123 15.2236 15.1704 15.1960 15.0851 14.1278 14.0062 14.2614
6.56698 6.64060 7.01719 7.01014 6.92960 6.92715 6.79818 6.78536 6.78816 6.79373 6.95435 6.96272 6.96272 6.95112 6.52473 6.50883 6.50521 6.39746 6.26678 6.52045 6.53939 6.76064 6.76064 6.76064 6.76064 6.86764 7.03799 7.04998 7.04350 7.04204 7.54321 8.53498 8.66238 8.74002 8.81481 8.92119 8.99709 9.57609 10.1448 10.6739 10.7421 10.7982 11.0050 11.0608 11.0886 11.6173 12.2770 13.2904 13.4878 14.1170 14.4523 14.5264 14.5308 14.4570 14.0130 14.3730 14.3730 14.3730 14.3730 13.7683 13.3790 13.4468 13.6124 13.9136 14.4462 14.7249
6.69626 6.69626 6.96731 7.03055 6.92139 6.92921 6.85425 6.78831 6.78831 6.78831 6.90542 6.96272 6.96181 6.86849 6.40087 6.19840 6.11544 6.13448 6.09456 6.37463 6.50513 6.88764 6.90873 6.91497 6.95555 7.05704 7.35221 7.44985 7.59086 7.74436 8.17871 9.21638 9.45486 9.53445 9.57763 9.58200 9.56870 9.87833 10.2831 10.7717 10.8955 10.8955 11.0109 11.1307 11.2142 11.6214 12.4110 13.5774 13.6962 14.1130 14.5308 14.5308 14.5308 14.5020 14.0684 14.3703 14.3762 14.4832 14.7900 14.7162 14.3671 14.6086 14.7600 14.8189 14.9919 15.1812
6.72531 6.74930 6.95615 7.12684 7.08327 7.11647 7.15276 7.09847 7.15271 7.13458 7.10363 7.11745 7.03160 7.02659 6.88520 6.78990 6.84765 6.90509 6.75805 6.82054 6.97627 7.33534 7.51344 7.65177 7.76272 7.85326 8.13970 8.19572 8.21258 8.21258 8.36262 9.19761 9.58200 9.58200 9.58322 9.58505 9.58650 9.66626 10.2917 10.6043 11.0136 11.1018 11.2376 11.4693 11.4743 11.6084 12.4819 13.3313 13.6583 13.9294 14.5059 14.5308 14.5392 14.7614 14.8115 15.2053 15.6451 15.8860 15.9283 15.7835 14.8585 14.9165 14.9668 14.9723 14.9619 15.0989
7.27006 7.30899 7.43053 7.64962 7.60125 7.54771 7.59396 7.13440 6.90854 6.82728 6.82477 6.95369 6.94368 6.93356 7.00794 7.21424 7.19059 7.17834 7.10877 7.14552 7.50353 7.77570 7.99765 8.00699 8.00881 8.01064 8.19875 8.26816 8.26999 8.27182 8.28665 8.98008 9.64678 9.64863 9.64928 9.67612 9.77091 9.81758 10.5895 10.8057 11.3004 11.3041 11.3053 11.4941 11.5167 11.5206 12.4155 13.0747 13.7017 14.1207 15.0168 15.6213 15.9607 16.0848 15.9845 15.7547 16.0174 16.0827 16.1184 16.0554 14.8838 14.7344 14.6627 14.5922 14.5685 14.7748
7.28128 7.27697 7.32480 7.60425 7.62931 7.56955 7.58480 7.10656 6.75389 6.75379 6.74955 6.83772 6.86198 6.89105 6.96175 7.33169 7.41385 7.47872 7.43875 7.31211 7.67231 7.76395 8.02605 8.02605 8.02605 8.02605 8.15623 8.27986 8.27986 8.27986 8.27986 8.72080 9.73512 9.86995 9.96710 10.0384 10.0417 10.0057 10.4441 10.7428 11.1810 11.3041 11.3041 11.4294 11.6184 11.8392 12.8129 13.6966 14.7510 14.8941 15.4483 16.0931 16.1609 16.3147 16.3155 15.7677 15.8400 15.7586 15.7055 15.7037 14.8622 14.5600 14.5292 14.3915 14.2443 14.2259
7.37058 7.40515 7.40814 7.62931 7.67572 7.58260 7.57469 7.38824 6.80636 6.85256 6.91992 7.03171 7.14298 7.16795 7.17304 7.41905 7.48675 7.48675 7.48243 7.28702 7.58885 7.70094 7.99400 8.02605 8.02605 8.02605 8.10024 8.33345 8.59300 8.87281 9.15696 9.57100 10.0581 10.1009 10.1197 10.1380 10.1567 10.1575 10.3720 10.9480 11.3377 11.8074 11.9934 12.2836 12.7354 12.7604 13.3520 14.0233 14.9555 15.1848 15.6734 16.7662 16.8792 16.9002 16.7953 15.6248 15.6923 15.6912 15.6411 15.4795 14.7366 14.0670 13.9345 13.8874 13.8492 13.8627
7.40814 7.40658 7.39637 7.53713 7.63206 7.67793 7.79909 7.85891 7.13350 7.08189 7.08874 7.09821 7.17279 7.17329 7.18206 7.36533 7.52181 7.53477 7.54773 7.39419 7.59760 7.81191 8.02744 8.20452 8.46573 8.76017 9.07779 9.63075 9.67074 9.68929 9.70330 9.73759 10.3169 10.3766 10.3814 10.4755 10.6173 10.8023 10.9662 11.8382 11.9511 12.3468 12.4326 12.5406 13.0899 13.2837 13.8224 14.7825 15.5103 15.6427 15.8900 16.6683 16.8645 16.8261 16.8465 16.0050 15.0387 14.8107 14.6531 14.6073 14.2753 13.5915 13.5771 13.5846 13.5922 13.5939
7.35271 7.33165 7.33683 7.45146 7.64892 7.73139 7.89678 8.05121 7.56983 7.24218 7.25520 7.26820 7.34843 7.37818 7.38237 7.47676 7.69608 7.69608 7.69608 7.60092 7.90489 8.45004 8.85404 9.31763 9.35074 9.35074 9.35074 9.65108 9.70403 9.70349 9.73045 9.83527 10.4350 10.8587 11.0342 11.1260 11.1805 11.2159 11.2675 12.0775 12.4518 12.8810 13.0635 13.1247 13.4502 13.6295 13.7893 14.8661 15.3934 15.6993 15.5753 16.1583 16.8757 17.0491 17.1599 16.5512 14.9505 14.4989 14.4989 14.4989 14.4356 13.6527 13.5499 13.3288 13.1196 12.8953
7.37857 7.38212 7.39326 7.42135 7.66083 7.66836 7.86131 8.10356 7.91311 7.29807 7.29807 7.29807 7.33912 7.38237 7.38237 7.41459 7.89269 8.14386 8.39359 8.59597 8.68763 8.94180 9.02053 9.31702 9.31897 9.31499 9.38168 9.71261 9.97999 10.1732 10.3425 10.4548 10.8398 11.2999 11.3120 11.3538 11.3850 11.3899 11.4215 11.9900 12.6111 12.8554 13.1785 13.1785 13.3202 13.6441 13.7077 15.0241 15.6309 16.2845 16.2647 16.3024 17.1619 17.1619 17.1619 16.8825 15.4726 14.4989 14.4456 14.1872 13.9118 12.9769 12.6648 12.5569 12.4498 12.3345
7.43227 7.39326 7.39326 7.39326 7.62491 7.66238 7.81065 8.04832 8.13010 7.38375 7.32606 7.34019 7.53215 7.85958 8.11756 8.36423 8.69069 8.76021 8.78795 8.80274 8.79696 8.96524 9.20963 9.59052 9.82782 10.0274 10.1871 10.4573 10.7642 10.8056 10.8437 10.8609 10.9353 11.4508 11.3947 11.3947 11.3947 11.3947 11.4100 11.6571 12.6111 12.6614 13.2312 13.3926 13.5609 14.1432 14.2596 15.1997 15.7345 16.3950 16.3280 16.1318 17.0188 17.1619 17.1465 16.8487 15.3722 13.5882 13.2471 13.1108 13.0036 12.5712 12.2425 12.1053 11.9681 11.8710
7.20213 7.35867 7.34591 7.33312 7.57568 7.74383 7.83780 8.08467 8.30454 8.05020 8.07471 8.33111 8.42434 8.50972 8.53368 8.54628 8.80868 9.05874 9.16489 9.26843 9.37668 9.59554 9.87921 10.1661 10.4609 10.4996 10.5075 10.5736 10.8608 10.8608 10.8608 10.8608 10.8608 11.3570 11.3988 11.3946 11.3946 11.3945 11.4690 11.6927 12.9000 13.1992 13.6696 13.7950 13.7950 14.1063 14.2605 14.9300 15.5851 16.3653 16.3843 16.1466 16.6305 16.8535 16.5991 15.4117 14.6649 13.4396 12.8907 12.7383 12.5859 12.2102 11.8886 11.9066 11.9254 11.9448
7.04106 7.35952 7.37531 7.38790 7.62603 8.04803 8.19464 8.55354 8.81499 8.74061 8.54085 8.54090 8.54414 8.65894 8.81116 8.91726 9.18872 9.57014 9.60009 9.62982 9.65367 9.72317 9.94520 10.1606 10.5074 10.5074 10.5074 10.5121 10.8442 10.8607 10.8607 10.8607 10.8607 11.1700 11.4961 11.6405 11.8124 11.9858 12.0875 12.1318 12.8474 13.3046 13.5065 13.7950 13.7950 13.9582 14.2619 14.7000 15.6307 16.2984 16.5251 16.3419 16.3498 16.5349 16.4799 15.4010 14.4932 13.3868 12.3412 12.3206 12.2991 12.1399 11.6196 11.5724 11.5252 11.4655
