High_resolution/powerplant/Chizhou/OMI_NO2_2010_06-08.asc
ncols      200
nrows      200
xllcorner       115.585
yllcorner       28.7700
cellsize     0.0166667
NODATA_Value      -999.000
[rows 120 to 149 of 200, columns 0 to 65 of 200]
0.00000 0.00000 2.36345 2.66167 2.66167 2.66711 2.87029 2.88439 2.88439 2.88439 2.87983 2.84432 2.79901 2.76637 2.80207 2.85350 2.91630 2.99286 3.22927 3.06965 3.01991 3.01991 3.40485 4.04917 4.04917 4.04917 4.03905 3.95045 3.84506 3.73986 3.35887 2.67282 2.80017 2.58111 2.61597 2.60125 2.55928 2.55928 2.55928 2.53888 2.53888 2.56638 2.56694 4.59937 4.75064 4.32130 4.24881 4.52600 4.58350 4.53720 4.52099 4.49698 4.19605 3.98639 4.03393 4.13135 4.13691 4.22318 4.22932 4.33617 4.07842 4.12476 4.20505 4.21374 3.99317 3.82273
0.00000 0.00000 2.42142 2.71025 2.66875 2.66153 2.79399 2.82352 2.78445 2.78155 2.85684 2.92096 2.98952 2.99281 2.99286 2.99286 2.99286 3.02664 3.22927 3.13646 3.01991 3.01991 3.15561 3.89120 3.78851 3.70686 3.64964 3.66263 2.94876 2.96495 3.00624 2.42330 2.54446 2.37483 2.37483 2.36194 2.30335 2.30335 2.30335 2.34169 2.47831 2.66014 2.78920 5.65396 5.66834 5.00037 4.42874 4.47893 4.48670 4.46274 4.54632 4.57169 4.38706 4.11406 4.07540 4.21175 4.21175 4.39232 4.36064 4.44617 4.14668 3.89036 3.69139 3.46249 3.45347 3.43514
0.00000 0.00000 1.82400 2.79222 2.50872 2.43210 2.47463 2.84149 2.90546 2.94506 2.99286 2.99286 2.99286 2.99286 2.99286 2.99286 2.99286 3.03095 3.29206 3.33752 3.39910 3.53482 3.61284 3.68082 3.71070 3.71384 3.71384 3.71384 2.97107 2.97107 2.95881 2.26853 2.42330 2.54446 2.54446 2.56288 2.64350 2.80923 2.98264 3.19885 3.24464 3.19342 3.02649 2.89736 5.03169 4.74968 4.19108 4.33528 4.41881 4.43789 4.44162 4.44181 4.36518 4.08045 4.02378 4.25333 4.28659 4.28810 4.08586 3.85403 3.66797 3.49272 3.48009 3.50066 3.49377 3.42680
0.00000 0.00000 0.00000 1.54030 2.42417 2.44417 2.39285 2.93590 2.94558 2.94558 2.99286 2.99286 2.99286 3.01151 3.06425 3.10969 3.15503 3.23571 3.46990 3.46218 3.65382 3.66377 3.66377 3.68774 3.71384 3.71384 3.71384 3.71384 2.97107 2.97107 2.97107 2.34526 2.58852 2.75387 2.91922 3.06689 3.04510 2.95996 2.86100 2.92715 2.87451 2.85880 2.79114 2.75984 5.26947 5.60204 4.71618 4.63442 4.75134 4.79246 4.83360 4.87474 4.85899 4.25468 3.91588 3.74241 3.69245 3.72186 3.80294 3.79970 3.76965 3.44498 3.35951 3.26457 3.20337 3.14800
0.00000 0.00000 0.00000 1.76307 2.43701 2.49243 2.36880 2.77703 2.87576 2.90536 3.02188 3.06536 3.10888 3.13450 3.12735 3.12725 3.12725 3.18211 3.45637 3.45637 3.60014 3.66377 3.66377 3.67274 3.71384 3.71384 3.71384 3.71598 3.11361 3.13395 3.15432 2.86145 3.24466 3.17733 3.06861 2.97472 2.87278 2.90311 2.90311 3.05354 3.05354 3.05354 2.99497 3.02397 5.06705 5.45262 5.00302 4.72182 4.76585 4.65095 4.48710 4.23378 3.90372 3.72257 3.65318 3.67640 3.83401 3.77713 3.75504 3.61630 3.52386 3.18986 3.07857 3.05436 3.05178 3.05582
0.00000 0.00000 0.00000 1.82381 2.52273 2.54676 2.49765 2.79642 3.03381 3.04498 3.12725 3.12725 3.12725 3.12725 3.12725 3.12725 3.12725 3.12725 3.45637 3.45637 3.54127 3.66377 3.66377 3.66522 3.72835 3.75875 3.78318 3.80548 3.17466 3.14513 3.08897 2.63190 2.85179 2.73335 2.72083 2.72083 2.71698 2.80011 2.80594 2.97239 3.04738 3.12229 3.19731 3.30149 3.35729 5.93668 5.79160 4.60036 4.14446 4.06204 4.06417 4.06417 4.04807 3.74525 3.59256 3.41195 3.48459 3.42535 3.39874 3.36651 3.35438 3.19276 3.05167 3.05167 3.05486 3.05922
0.00000 0.00000 0.00000 0.00000 0.00000 2.59449 2.49376 2.62694 2.90488 2.90785 2.90785 2.90785 2.90785 2.90785 2.90785 2.90785 2.90785 2.90978 3.45637 3.45717 3.50099 3.70658 3.73111 3.75417 3.78871 3.77988 3.71204 3.65340 2.88193 2.86236 2.86235 2.55567 2.76576 2.76811 2.75357 2.82240 2.89126 3.06337 3.13122 3.32612 3.39690 3.46773 3.53843 3.64574 3.69732 3.45723 3.32759 4.23577 4.03068 4.00229 3.95646 3.92971 3.90854 3.75046 3.56877 3.26701 3.26961 3.32129 3.35336 3.34067 3.33137 3.27189 3.03341 3.00440 2.98523 2.97211
0.00000 0.00000 0.00000 0.00000 0.00000 2.98317 2.98108 2.98108 3.36855 3.45637 3.45637 3.45637 3.45637 3.45637 3.45637 3.45673 3.47284 3.49725 3.52171 3.54532 3.55212 3.70446 3.67224 3.61608 3.57846 3.57825 3.57794 3.57794 2.86235 2.87302 2.94147 2.69518 2.88724 3.13057 3.18111 3.27797 3.37493 3.54464 3.49841 3.63209 3.63209 3.63209 3.63209 3.65057 3.69732 3.45723 3.33433 4.41207 4.01793 3.97020 3.97698 3.96149 3.94358 3.82545 3.62549 3.41786 3.24047 3.31911 3.33965 3.28713 3.26055 3.22603 2.91687 2.90067 2.91985 2.90310
0.00000 0.00000 0.00000 0.00000 0.00000 3.03298 2.98108 2.98108 3.23243 3.45637 3.45637 3.45646 3.47082 3.49525 3.51971 3.54377 3.55212 3.53782 3.48938 3.44596 3.40834 3.47240 3.54039 3.54039 3.54149 3.62937 2.48665 2.87596 2.69201 2.83784 2.93549 2.83677 2.95368 3.20295 3.11400 3.10709 3.10709 3.27041 3.11322 3.26889 3.26889 3.26889 3.27631 3.44200 3.53712 3.40620 3.30905 4.44922 4.10072 3.90534 3.90431 3.90452 3.90460 3.85942 3.50099 3.39473 3.03014 3.16067 3.22069 3.24781 3.24400 3.21022 2.87660 2.64774 2.57640 2.54283
0.00000 0.00000 0.00000 0.00000 0.00000 3.11937 2.98108 2.98108 3.05781 3.49170 3.51769 3.54204 3.55212 3.54098 3.49332 3.44936 3.41127 3.38614 3.38483 3.38483 3.38382 3.41929 3.55545 3.67590 3.80332 4.28701 3.43809 3.76918 3.16009 3.16009 3.16009 3.38581 3.38581 3.61218 3.59211 3.55097 3.55097 3.72603 3.52750 3.68024 3.72154 3.76275 3.79581 3.90704 3.95383 3.72621 3.61356 3.61383 4.37649 3.99380 3.99380 3.99380 3.99380 3.99129 3.67745 3.56981 3.11247 3.12209 3.19718 3.16052 3.09521 3.09476 2.87844 2.53771 2.50818 2.46690
0.00000 0.00000 0.00000 0.00000 0.00000 3.22936 2.98108 2.98108 2.98108 3.46673 3.51766 3.45278 3.41429 3.38700 3.38483 3.38483 3.38137 3.43242 3.58343 3.73593 3.88935 4.05157 4.21833 4.22707 4.22707 4.42532 3.55510 3.79211 3.16009 3.16009 3.16009 3.16009 3.16009 3.29030 3.39406 3.35656 3.39197 3.67206 3.55980 3.48843 3.48861 3.48892 3.48914 3.66387 3.68914 3.47840 3.31276 3.31276 4.40380 3.97955 3.93351 3.91476 3.88866 3.86256 3.67053 3.39241 3.09273 2.95249 3.07443 3.03450 2.97176 2.93377 2.85779 2.33916 2.33557 2.32597
0.00000 0.00000 0.00000 0.00000 0.00000 3.37916 3.01011 2.98108 2.98108 3.30858 3.49347 3.38438 3.46209 3.61443 3.76693 3.91943 4.07542 4.17684 4.17834 4.17834 4.17834 4.17834 4.21276 4.22707 4.22707 4.27531 3.78948 3.95011 3.38581 3.38581 3.38432 3.37734 3.36985 3.44289 3.99976 3.89351 3.88919 4.03352 3.94482 3.79958 3.79967 3.79967 3.79967 3.90823 3.91554 3.72668 3.59760 3.56205 4.42105 4.08559 3.86781 3.85983 3.85411 3.84320 3.67995 3.37428 3.14536 2.78357 2.88092 2.88494 2.87822 2.87763 2.85348 2.34094 2.16872 2.08701
0.00000 0.00000 0.00000 0.00000 0.00000 3.37991 3.09957 3.19710 3.50228 3.87108 4.29413 4.12088 4.17834 4.17834 4.17834 4.17834 4.17834 4.17834 4.17834 4.17834 4.17834 4.17834 4.19907 4.22707 4.22707 4.22707 3.85843 4.05353 3.53898 3.36298 3.35698 3.35761 3.41021 3.49110 4.17049 4.01968 3.89010 4.03418 4.01007 3.80032 3.79967 3.85344 4.17874 4.67186 4.90544 3.75184 3.31705 3.29504 3.25869 4.08607 3.73309 3.70400 3.68029 3.69362 3.63261 3.32622 3.19066 2.77493 2.80531 2.79518 2.71996 2.66127 2.65059 2.34025 2.07269 2.05700
0.00000 0.00000 0.00000 0.00000 0.00000 0.00000 5.53022 4.56861 4.56809 4.56809 4.60526 4.30201 4.17834 4.17834 4.17834 4.17834 4.17834 4.17834 4.17834 4.17834 4.17834 4.17834 4.18421 4.21689 4.20640 4.19594 3.55073 3.91625 3.40378 3.48384 3.56391 3.64288 3.67034 3.67034 4.12512 4.16940 3.89186 4.25192 4.61511 4.78590 5.10697 5.40926 5.40964 5.52265 5.32885 3.93908 2.98268 2.96881 2.96881 4.05904 3.69426 3.65945 3.66366 3.66255 3.55425 3.25423 2.89206 2.64951 2.59038 2.62843 2.61054 2.61054 2.62644 2.49119 2.08316 2.05193
0.00000 0.00000 0.00000 0.00000 0.00000 0.00000 6.55657 4.63464 4.56809 4.56809 4.59403 4.43766 4.17834 4.17834 4.17834 4.17834 4.17834 4.17834 4.17754 4.16901 4.15852 4.14805 4.13873 4.17928 4.24321 4.35531 3.65243 4.24347 3.67034 3.67034 3.67034 3.67034 3.74161 4.05524 4.72823 5.40717 5.39215 5.82120 5.91035 5.63198 5.26844 5.23531 5.23209 5.38158 5.23209 4.84333 3.33991 3.33991 3.33991 4.12234 3.75095 3.50831 3.40045 3.30987 3.25251 3.12677 2.89569 2.77713 2.64412 2.64832 2.61757 2.60267 2.61050 2.56652 2.03587 1.98374
0.00000 0.00000 0.00000 0.00000 0.00000 0.00000 6.70156 5.00817 4.56809 4.56809 4.57952 4.58326 4.18905 4.17834 4.17783 4.16984 4.15936 4.14889 4.13921 4.13727 4.18574 4.29761 4.40971 4.55006 3.08361 3.70033 3.08460 3.63710 3.41857 3.71055 4.00584 4.35255 4.65344 4.74253 5.14065 5.60604 5.38301 5.54644 5.54644 5.32728 4.70888 4.70888 4.70888 4.89234 4.70888 4.65692 2.95603 2.72142 2.61509 3.63571 3.46836 3.24144 3.21839 3.33131 3.33365 3.30946 2.91789 2.84189 2.59492 2.57762 2.54869 2.54869 2.57631 2.53098 2.20515 2.12469
0.00000 0.00000 0.00000 0.00000 0.00000 0.00000 6.70156 5.55152 4.56809 4.56809 4.55938 4.57377 4.26522 4.14973 4.13976 4.13727 4.17774 4.28861 4.40070 4.51279 4.57642 4.57669 4.57669 4.61817 3.58198 4.10964 3.69335 4.94298 5.71901 5.80470 5.88627 5.90638 5.90638 5.90638 6.12513 6.43583 6.42518 6.33879 6.33879 6.31324 5.42379 5.45584 5.32656 5.29228 5.06577 4.97958 3.73178 3.11836 3.20989 3.31543 3.99074 3.51710 3.43826 3.49322 3.43826 3.49185 3.07804 2.97057 2.69555 2.55823 2.48677 2.40844 2.33949 2.27964 2.27294 2.26428
0.00000 0.00000 0.00000 0.00000 0.00000 2.51085 2.51032 4.71137 3.80109 3.85138 3.66197 4.14264 4.38898 4.27960 4.39169 4.50379 4.57546 4.57669 4.57686 4.64998 4.86135 5.20835 5.55708 5.87475 4.29911 4.64843 3.87856 4.59226 5.62512 5.62512 5.62512 5.62512 5.62512 5.62512 5.90638 6.05474 6.33456 5.89609 5.77621 5.65672 4.90583 4.73307 4.74681 5.04718 5.12818 5.38294 4.88574 3.36441 3.36441 3.36441 3.99414 3.64239 3.41995 3.47798 3.41124 3.47029 3.12704 2.80869 2.55810 2.30439 2.30439 2.27538 2.22998 2.17524 2.13388 2.12130
0.00000 0.00000 0.00000 2.37104 2.23292 2.18204 2.12807 2.91959 3.39387 3.55394 3.60923 3.84257 4.55747 4.57644 4.59126 4.81965 5.16856 5.51740 5.86624 6.14197 6.27927 6.28151 6.28151 6.28151 4.75244 4.84820 4.15560 4.42065 5.84919 5.90638 5.90638 5.90638 6.12513 6.12664 6.30598 6.32555 6.37795 5.91792 5.84760 6.07005 5.90885 5.67201 5.95805 6.13112 6.01965 6.01965 5.87603 3.59053 3.53920 3.55288 4.12014 3.90419 3.40730 3.43741 3.38671 3.42113 3.12236 2.68975 2.54078 2.11288 2.06434 2.03433 2.03949 2.04527 2.03980 2.04426
0.00000 0.00000 0.00000 2.10183 2.10117 2.10117 2.10117 2.41655 3.47769 3.46822 3.88137 4.35710 5.67881 5.90808 6.16089 6.28151 6.28151 6.28151 6.28151 6.28151 6.28151 6.28151 6.28151 6.28151 5.05908 4.98672 4.36338 4.36338 5.44816 5.90758 5.91154 5.91561 6.13893 6.14164 6.32954 6.47271 6.65910 6.80609 7.09088 7.16217 6.97698 6.01965 5.88588 6.01965 5.79077 5.36579 4.91234 3.80486 3.60641 3.63029 3.64892 3.99403 3.21401 3.12799 3.02678 2.97205 2.90564 2.55253 2.47155 2.13072 2.03437 1.98987 1.93290 1.85617 1.79068 1.80927
0.00000 0.00000 0.00000 2.10117 2.10206 2.11705 2.08126 2.03499 3.88306 5.03950 5.88124 5.88233 6.46226 6.55626 6.28151 6.28151 5.08736 5.08736 5.08736 5.08736 5.08736 5.48541 5.68454 5.82597 4.80234 4.70599 4.32149 4.32277 4.88376 5.70760 5.71692 5.82621 6.23436 6.44468 7.13026 7.18540 7.17599 7.16217 7.16217 7.15309 6.84467 5.40664 4.66210 4.20906 3.73408 3.63727 3.55782 3.36998 3.05239 2.93269 2.95644 3.50405 3.09988 2.95959 2.94956 2.96919 2.94179 2.56811 2.31350 2.04101 1.79837 1.76783 1.74751 1.74689 1.74689 1.76831
0.00000 0.00000 0.00000 2.03862 2.00561 1.96724 1.95448 1.95448 3.23107 4.91551 5.79838 5.88233 6.16221 6.74892 6.28307 6.28151 5.08736 5.08736 5.08709 5.09791 5.15882 5.57973 5.79347 5.90218 4.92481 4.80152 4.36827 4.41751 4.66018 6.21339 6.42250 6.46066 6.71262 6.71262 7.18540 7.05729 6.61546 6.14175 5.68814 5.14521 4.76880 4.07997 3.53760 3.45570 3.29005 3.27992 3.27992 3.23509 2.87432 2.87432 2.95644 3.50405 3.23096 2.87746 2.81344 2.71182 2.62647 2.39267 2.12570 2.04512 1.75374 1.74689 1.74799 1.75852 1.77348 1.79237
0.00000 1.95950 1.95448 1.95448 1.95448 1.95448 1.95448 1.95448 2.60447 4.64454 5.51591 5.88233 5.91043 6.78013 6.37133 6.28151 5.50734 5.55375 5.60302 5.64539 5.65425 4.65479 4.65578 4.97779 4.33730 4.49451 4.16859 4.19207 4.19207 5.52717 5.81820 5.54493 5.45155 5.08495 4.80347 4.29634 4.07268 3.84509 3.62864 3.50627 3.50571 3.47567 3.06694 3.06694 2.95193 2.95193 2.95193 2.95188 2.61033 2.22122 2.44062 2.25493 2.93774 2.59121 2.52076 2.54769 2.53417 2.43018 2.17291 2.16133 1.85034 1.83100 1.86042 1.86647 1.86647 1.86647
0.00000 1.95448 1.95448 1.95448 1.95448 1.95448 1.95448 1.95448 2.04481 4.31440 5.26878 5.88233 5.88233 6.50913 6.53531 6.29224 5.65397 5.65707 5.65767 5.69970 5.78123 5.14732 5.25540 5.52158 4.83138 4.92671 4.79839 4.73975 4.64242 4.80212 4.59478 4.29195 4.18201 3.99464 3.99154 3.99154 3.99154 3.93086 3.95638 3.95638 3.95638 3.98979 3.45910 3.45610 3.36081 3.29230 3.21731 3.14122 2.85231 2.36402 2.66710 2.57893 2.90023 2.68913 2.56797 2.56797 2.55875 2.53428 2.24410 2.23727 2.01646 1.86806 1.90221 1.93400 1.96211 1.98716
0.00000 1.95448 1.95448 1.95448 1.95448 1.95448 1.95448 1.95448 1.95293 3.62561 5.28984 5.82035 5.78531 6.13631 6.74572 6.35753 5.77462 5.86746 5.97521 6.02683 6.02683 5.29807 5.25974 5.08590 4.03615 3.90325 3.59438 3.41448 3.26553 3.32543 3.58871 3.67455 3.76043 3.76043 3.70559 3.70559 3.70559 3.67063 3.70670 3.71527 3.68004 3.71151 3.17186 2.98188 2.94601 2.94520 2.94520 2.94521 2.84482 2.20642 2.57893 2.45158 2.85445 2.79550 2.54769 2.55875 2.54709 2.54083 2.32282 2.27002 2.19834 1.99834 1.99955 1.99955 2.00245 2.01260
0.00000 1.95448 1.95448 1.95448 1.94880 1.91662 1.85992 1.78145 1.69394 2.95010 5.33857 5.74895 5.74895 5.80971 6.82714 6.85686 6.02683 6.01632 5.79655 5.41618 5.03600 3.92894 3.58691 3.38057 2.89463 3.02954 3.20122 3.25125 3.25125 3.25399 3.56039 3.68272 3.76468 3.75924 3.69911 3.68807 3.60795 3.47919 3.51180 3.46180 3.43292 3.52602 3.19788 2.94649 2.94770 2.94903 2.95051 2.95215 2.94268 2.23769 2.57893 2.45136 2.26544 2.84645 2.52710 2.52398 2.50660 2.50572 2.40101 2.30096 2.31970 2.05226 2.04633 2.06081 2.07053 2.05866
0.00000 1.90614 1.85319 1.77288 1.69086 1.65053 1.63564 1.63564 1.63564 2.10504 4.98705 5.74895 5.74095 5.37256 5.58998 5.33965 4.63513 4.26546 4.10486 4.07212 4.07212 3.46233 3.46233 3.46233 3.02954 3.02954 3.13943 3.25125 3.25125 3.25074 3.45577 3.63304 3.64319 3.50614 3.35983 3.24245 3.19415 3.19095 3.34776 3.30271 3.29620 3.40653 3.19978 2.85253 2.85253 2.85253 2.85253 2.81510 2.67999 2.09436 2.39109 2.21629 2.05967 2.74819 2.56525 2.50538 2.48434 2.47191 2.46842 2.45702 2.45681 2.19272 2.04809 2.03882 2.03545 2.04325
0.00000 1.65714 1.63588 1.63564 1.63564 1.63564 1.87046 1.86962 1.85214 1.83476 2.39183 2.73061 2.65603 2.87111 3.58154 4.17033 4.23580 4.23580 4.23580 4.17033 4.17033 3.51845 3.51845 3.51845 3.17812 3.17736 3.20336 3.32428 3.22506 3.07394 2.98235 3.10353 3.17507 3.20649 3.17588 3.16938 3.16287 3.15957 3.28223 3.28433 3.28433 3.28433 3.12941 2.65900 2.49244 2.36099 2.22953 2.13332 2.12964 1.82613 2.30188 2.11946 1.98417 2.75172 2.61631 2.45702 2.44601 2.44038 2.43584 2.40196 2.37379 2.24771 2.05474 2.05905 2.05905 1.60108
0.00000 1.63564 1.63396 1.59703 1.54646 1.51169 1.78908 1.76744 1.77385 1.77781 1.86524 2.16166 2.54019 2.78309 3.16837 4.16451 4.23580 4.23580 4.23580 4.17033 4.17033 3.51711 3.47262 3.37578 2.95369 2.78303 2.63798 2.78848 2.74032 2.72702 2.68784 2.98787 3.10617 3.16329 3.15957 3.15957 3.15957 3.15957 3.20945 3.07490 2.95580 2.81558 2.54288 2.24544 2.13201 2.13388 2.13607 2.13837 2.13881 1.82541 2.31919 2.13001 1.98801 2.23651 2.73167 2.41631 2.36618 2.34426 2.34135 2.32662 2.32662 2.31091 1.54991 1.54389 1.54389 1.54389
1.48804 1.44703 1.40131 1.41620 1.44799 1.45035 1.66866 1.66866 1.66866 1.66866 1.81135 2.16314 2.61908 2.74213 2.88489 3.89863 4.17033 4.15797 4.04599 3.23852 2.92621 2.64013 2.50552 2.41674 2.22376 2.22273 2.22273 2.35995 2.42866 2.42866 2.36532 2.62512 2.82156 2.85223 2.73006 2.60392 2.47576 2.30091 2.23236 2.13651 2.12404 2.05524 1.91740 1.91032 1.90116 1.90116 1.90116 1.71104 1.89748 1.61842 2.07791 1.85207 1.95828 2.18366 2.67978 2.43376 2.33646 2.33646 1.93215 1.87848 1.87848 1.87848 1.67645 1.60108 1.60108 1.60108
