High_resolution/powerplant/Chizhou/OMI_NO2_201001.asc
ncols      200
nrows      200
xllcorner       115.585
yllcorner       28.7700
cellsize     0.0166667
NODATA_Value      -999.000
[rows 29 to 57 of 200, columns 67 to 133 of 200]
0.00000 35.6951 35.9261 34.2465 33.0205 32.0897 31.7479 31.7479 31.7479 31.7479 31.7479 31.7479 31.7479 31.7479 31.7479 31.7479 31.9781 32.6265 33.2830 33.9401 34.3054 34.5280 42.8336 43.3738 43.3738 43.3738 39.9312 33.8132 33.8132 33.8132 33.8132 33.8132 33.8132 33.5813 32.9783 31.3294 29.1576 28.0386 27.1379 26.4009 24.5801 23.7145 24.0078 24.2120 24.4161 24.5777 24.5827 24.3439 23.9982 23.6845 23.4944 23.7329 23.6254 23.6254 23.6254 23.6254 23.6254 23.6254 23.6254 23.5170 23.1298 22.7281 22.3272 22.1481 22.0940 21.8976 21.6736
20.9876 20.9946 30.6896 31.7479 31.7479 31.7479 31.7479 31.7479 31.7479 31.7479 31.7479 31.7479 31.9247 32.5579 33.2147 33.8715 34.2980 34.3065 34.3065 34.3065 34.3065 34.3065 39.2633 43.3738 43.3738 43.3738 42.8085 34.0576 33.3824 32.8203 32.4009 31.5399 30.4157 29.6492 29.0495 28.2287 26.4633 26.4633 26.4633 26.4633 25.1484 24.3259 24.5820 24.3415 23.9947 23.6464 23.3058 23.1972 23.1972 23.1972 23.1894 23.6546 23.6426 23.6254 23.6254 23.5912 23.2586 22.8571 22.4554 22.1623 22.0721 21.8683 21.6410 21.3874 21.1873 21.1785 21.1639
20.9876 20.9876 28.0617 31.7479 31.7479 31.7479 31.7479 31.7479 31.8778 32.4899 33.1464 33.8027 34.2832 34.3065 34.3065 34.3065 34.3065 34.3065 34.3065 34.3065 34.3065 34.3065 36.4848 41.3577 39.7147 38.4724 37.2919 32.1035 29.9664 29.3175 28.7675 28.4927 28.4916 28.4916 28.4916 28.4894 26.7063 26.4633 26.4511 26.1286 24.9536 23.6242 23.2975 23.1972 23.1972 23.1972 23.1972 23.1972 23.1972 23.1972 23.1928 23.4824 23.4413 22.9861 22.5844 22.2170 22.0463 21.8386 21.6080 21.3504 21.1802 21.1785 21.1770 21.0906 20.9151 20.6821 20.4426
20.9876 20.9876 23.9151 31.7407 31.8387 32.4213 33.0781 33.7349 34.2614 34.3065 34.3065 34.3065 34.3065 34.3065 34.3065 34.3065 34.3065 34.3065 34.3065 34.1311 33.1907 32.9423 32.9215 34.4186 33.3553 32.4632 31.7798 30.4674 28.4916 28.4916 28.4916 28.4916 28.4916 28.4916 28.4792 28.1526 26.4844 25.1956 24.7434 24.6058 24.4530 23.3907 23.1335 23.1972 23.1972 23.1972 23.1972 23.1972 23.0478 22.5590 22.0561 21.7060 22.1127 21.8084 21.5745 21.3129 21.1785 21.1785 21.1641 21.0442 20.8122 20.5544 20.2703 20.0636 19.9819 19.9819 19.8218
20.9876 20.9876 21.0450 32.4855 34.2323 34.3065 34.3065 34.3065 34.3065 34.3065 34.3065 34.3065 34.3065 34.3065 34.3065 34.3065 34.3065 34.2930 34.1297 33.8989 32.3869 32.1794 32.1069 31.7734 31.6785 31.6785 31.6785 31.4501 28.5512 28.4916 28.4782 28.1480 27.6836 27.2192 26.7682 26.6340 26.0144 24.6058 24.6058 24.6058 24.6058 23.6953 23.1546 23.1972 23.1464 22.7202 22.2182 21.7161 21.3636 21.3505 21.3505 21.3424 21.3292 21.1247 21.0414 20.9330 20.6914 20.4028 20.1120 19.9843 19.9819 19.9815 19.7718 19.3803 18.9886 18.5968 18.3652
20.9876 20.9876 20.9876 29.9175 34.3065 34.3065 34.3065 34.3065 34.3065 34.3065 34.3065 34.3065 34.3065 34.2471 34.0487 33.8436 33.6397 33.4489 33.4077 33.4077 32.4534 32.1069 32.1069 31.9052 31.6785 31.6785 31.6822 31.8004 28.8888 27.2145 26.7659 26.6340 26.6340 26.6340 26.6340 26.6340 26.5421 24.6618 24.6058 24.6058 24.6058 23.8919 22.4972 21.8774 21.4262 21.3505 21.3505 21.3226 21.2242 21.1125 20.9892 20.8428 20.5645 20.3388 20.1586 20.0026 19.9819 19.9762 19.7198 19.3283 18.9363 18.5450 18.3634 18.3634 18.3634 18.3634 18.3634
20.9876 20.9876 20.9876 24.8601 34.3010 34.3065 34.3065 34.3065 34.3039 34.1716 33.9673 33.7631 33.5585 33.4134 33.4077 33.4077 33.4077 33.4077 33.4077 33.4077 32.8172 32.1069 32.1079 32.1415 31.9545 32.1259 32.2936 32.3470 30.0527 26.6340 26.6340 26.6340 26.6340 26.6340 26.6340 26.6340 26.6340 25.1538 24.6058 24.6058 24.6058 24.2684 21.5776 21.2160 21.0537 20.9238 20.7787 20.6651 20.5895 20.4104 20.2302 20.0519 19.9821 19.9641 19.6679 19.2759 18.8844 18.4985 18.3634 18.3634 18.3634 18.3634 18.3634 18.3634 18.3634 18.3615 18.3220
20.9876 20.9876 20.9876 21.1445 33.2060 34.0907 33.8860 33.6818 33.4801 33.4077 33.4077 33.4077 33.4077 33.4077 33.4077 33.4077 33.4077 33.4077 33.4077 33.5384 33.6371 32.5480 32.7076 32.7754 32.4090 32.3470 32.3470 32.3470 31.8409 26.6957 26.6340 26.6340 26.6340 26.6340 26.6340 26.6340 26.5896 25.6426 24.7960 24.9294 25.0893 25.2727 21.9651 20.9089 20.6311 20.4673 20.2870 20.1069 19.9977 19.9821 19.8056 19.5841 18.9769 18.4589 18.3634 18.3634 18.3634 18.3634 18.3634 18.3634 18.3634 18.3634 18.3390 18.2853 18.2316 18.1798 18.1654
21.3406 22.3386 23.3496 24.3606 30.2479 33.4077 33.4077 33.4077 33.4077 33.4077 33.4077 33.4077 33.4077 33.4077 33.4077 33.5137 33.7697 34.0270 34.2844 34.4105 34.4105 33.0402 32.7754 32.7754 32.5408 32.3470 32.3470 32.3470 32.3470 28.0417 26.6340 26.5404 26.3346 26.0985 25.8420 25.5593 25.3195 25.3424 25.3788 25.3846 25.3846 25.3846 23.3072 20.8397 20.0130 19.9813 19.8026 19.5807 19.3590 19.1505 19.1048 19.1048 18.7888 18.3634 18.3634 18.3634 18.3634 18.3634 18.3524 18.3022 18.2485 18.1947 18.1654 18.1654 18.1654 18.1654 18.1654
25.2946 25.3080 25.3080 25.3080 27.0263 33.4052 33.4077 33.4077 33.4077 33.4077 33.4077 33.4914 33.7438 34.0013 34.2582 34.4095 34.4105 34.4105 34.4105 34.4105 34.4105 33.4536 32.7754 32.7754 32.6726 32.3556 32.4992 32.7114 32.9561 30.0203 25.4329 25.2831 25.3240 25.3649 25.3846 25.3846 25.3846 25.3846 25.3846 25.3846 25.3846 25.3605 24.6626 20.7258 19.4526 19.1491 19.1048 19.1048 19.1048 19.1048 19.1048 19.1048 19.0225 18.3667 18.3606 18.3191 18.2654 18.2117 18.1689 18.1654 18.1654 18.1654 18.1654 18.1654 18.1654 18.1789 18.3397
25.3080 25.3080 25.3080 25.3080 25.1709 32.4184 33.4077 33.4717 33.7181 33.9751 34.2324 34.4057 34.4105 34.4105 34.4105 34.4105 34.4105 34.4105 34.4105 34.4105 34.4105 34.0317 33.2768 33.5713 33.9119 33.7746 33.8342 33.8751 33.9160 33.0025 25.4266 25.3846 25.3846 25.3846 25.3846 25.3846 25.3846 25.3579 25.0859 24.7526 24.4182 24.1099 24.0470 21.0769 19.5328 19.1048 19.1048 19.1048 19.1048 19.1048 19.1048 19.0775 19.0238 18.3862 18.1777 18.1654 18.1654 18.1654 18.1654 18.1654 18.1654 18.1656 18.2760 18.4774 18.6790 18.8670 18.9076
25.3080 25.3080 25.3080 25.3080 25.3080 30.6294 34.2063 34.3994 34.4105 34.4105 34.4105 34.4105 34.4105 34.4105 34.4105 34.4105 34.4105 34.4105 34.4105 34.4105 34.4908 35.0383 35.6611 36.2837 36.9029 35.1563 33.9541 33.9541 33.9541 33.9541 27.2553 25.3846 25.3846 25.3565 25.0803 24.7485 24.4149 24.1072 24.0470 24.0470 24.0470 24.0470 24.0470 22.2844 19.8775 19.1048 19.1048 19.0919 19.0407 18.9869 18.9332 18.9068 18.9068 18.5598 18.1654 18.1654 18.1654 18.1654 18.2194 18.4137 18.6152 18.8165 18.9076 18.9076 18.9098 19.0130 19.1709
25.3080 25.3080 25.3080 25.3080 25.3080 27.3517 34.4105 34.4105 34.4105 34.4105 34.4105 34.4105 34.4105 34.4105 34.4105 34.4105 34.6673 35.2874 35.9102 36.5327 37.0753 37.1507 37.1507 37.1507 37.1507 36.1425 33.9541 33.9541 33.9541 33.8393 28.8750 24.7426 24.4110 24.1052 24.0470 24.0470 24.0470 24.0470 24.0470 24.0470 24.0470 24.0470 24.0470 23.7336 20.2293 19.0478 18.9501 18.9093 18.9068 18.9068 18.9068 18.9068 18.9068 18.7965 18.1830 18.3500 18.5515 18.7531 18.9004 18.9076 18.9149 19.0345 19.1926 19.3505 19.5061 19.5609 19.5609
25.3080 25.3080 25.3080 25.3080 25.3080 25.0785 33.3915 34.4105 34.4105 34.4105 34.4105 34.4404 34.9150 35.5375 36.1606 36.7825 37.1479 37.1507 37.1507 37.1507 37.1507 37.1507 37.1507 37.1507 37.1507 36.9693 32.7825 30.5394 27.5746 23.5566 22.8868 24.0459 24.0470 24.0470 24.0470 24.0470 24.0470 24.0470 24.0470 24.0470 24.0470 24.0470 24.0470 24.0470 20.9960 19.2560 18.9068 18.9068 18.9068 18.9068 18.9078 19.0276 19.2293 19.4307 18.9999 18.9076 18.9230 19.0563 19.2141 19.3721 19.5227 19.5609 19.5609 19.5609 19.5609 19.5609 19.5609
25.3080 25.3080 25.3080 25.3080 25.3080 25.3080 30.9989 34.5675 35.1641 35.7866 36.4097 37.0024 37.1507 37.1507 37.1507 37.1507 37.1507 37.1507 37.1507 37.1507 37.1507 37.1300 36.3457 34.8654 32.8068 29.9088 24.4592 22.5287 22.5287 22.5287 22.5287 23.8843 24.0470 24.0470 24.0470 24.0470 24.0470 24.0470 24.0470 24.0470 24.0470 24.0730 24.2461 24.4902 22.1837 18.9865 18.9068 18.9687 19.1655 19.3670 19.5675 19.6490 19.6564 19.7045 19.4873 19.3937 19.5362 19.5609 19.5609 19.5609 19.5609 19.5609 19.5609 19.5609 19.5605 19.5473 19.5277
25.3080 25.3080 25.3080 25.3080 25.3080 25.3080 31.5756 37.1246 37.1507 37.1507 37.1507 37.1507 37.1507 37.1507 37.1507 37.1507 37.1507 37.1457 36.4700 35.0333 33.0470 30.1803 28.9218 28.9218 28.9218 28.9218 26.4322 22.5287 22.5287 22.5287 22.5287 23.5145 24.0470 24.0470 24.0470 24.0470 24.0478 24.1536 24.3705 24.6543 25.0416 25.5000 25.5653 25.5653 24.9721 18.9921 19.4947 19.6444 19.6570 19.7056 19.7599 19.8143 19.8612 19.8675 19.8088 19.5609 19.5609 19.5609 19.5609 19.5609 19.5609 19.5534 19.5339 19.5144 19.4951 19.4888 19.4888
25.3080 25.3080 25.3080 0.00000 0.00000 0.00000 28.9306 36.4516 37.1507 37.1507 37.1507 37.1507 37.1507 37.1507 36.5908 35.1959 33.2774 30.4830 28.9218 28.9218 28.9218 28.9218 28.9218 28.9218 28.9218 28.9218 28.3497 22.5850 22.5287 22.5287 22.5287 22.9360 24.0818 24.2645 24.5143 24.8482 25.3146 25.5653 25.5653 25.5653 25.5653 25.5653 25.5653 25.5653 25.5910 20.2789 19.6068 19.8154 19.8618 19.8675 19.8675 19.8675 19.8675 19.8675 19.8671 19.6002 19.5609 19.5578 19.5402 19.5206 19.5010 19.4890 19.4888 19.4888 19.4888 19.4888 19.4888
0.00000 0.00000 0.00000 0.00000 0.00000 0.00000 28.9218 35.0218 37.1507 37.1507 36.7025 35.3559 33.4993 30.8023 28.9218 28.9218 28.9218 28.9218 28.9218 28.9218 28.9218 28.9218 28.9218 28.9218 28.9218 28.9218 28.9218 23.9915 22.5287 22.5287 22.5287 22.5287 25.5135 25.5653 25.5653 25.5653 25.5653 25.5653 25.5653 25.5653 25.5929 25.7419 25.9046 26.0680 26.2050 22.7308 19.5026 19.8675 19.8675 19.8675 19.8675 19.8675 19.8675 19.8670 19.8531 19.6646 19.5073 19.4907 19.4888 19.4888 19.4888 19.4888 19.4888 19.4888 19.5155 19.9952 20.6365
0.00000 0.00000 0.00000 0.00000 0.00000 0.00000 0.00000 32.2759 33.7132 31.1242 28.9415 28.9218 28.9218 28.9218 28.9218 28.9218 28.9218 28.9218 28.9218 28.9218 28.9218 28.9218 28.9218 29.1195 30.1236 31.2148 32.3056 32.8603 0.00000 0.00000 0.00000 0.00000 25.5653 25.5653 25.5653 25.5653 25.5948 25.7453 25.9078 26.0714 26.2064 26.2209 26.2209 26.2209 26.2209 25.7158 19.4010 19.8564 19.8675 19.8675 19.8593 19.8398 19.8202 19.8012 19.7955 19.7241 19.4888 19.4888 19.4888 19.4888 19.4888 19.7899 20.4308 21.0721 21.6868 21.8484 21.8484
0.00000 0.00000 0.00000 0.00000 0.00000 0.00000 0.00000 28.9218 28.9218 28.9218 28.9218 28.9218 28.9218 28.9218 28.9218 28.9218 28.9218 28.9218 28.9218 29.4787 30.5690 31.6602 32.7514 33.6445 33.7310 33.7310 33.7310 33.7310 0.00000 0.00000 0.00000 0.00000 25.5868 25.7488 25.9111 26.0748 26.2077 26.2209 26.2209 26.2209 26.2209 26.2209 26.2209 26.2209 26.2209 26.2209 20.6553 19.6896 19.8264 19.8069 19.7956 19.7955 19.7955 19.7955 19.7955 19.7931 19.5185 19.6236 20.2255 20.8666 21.5077 21.8482 21.8484 21.8783 22.1036 22.3645 22.6248
0.00000 0.00000 0.00000 0.00000 0.00000 0.00000 0.00000 28.9218 28.9218 28.9218 28.9218 28.9218 28.9218 28.9218 29.0170 29.9240 31.0153 32.1055 33.1967 33.7310 33.7310 33.7310 33.7310 33.7310 33.7310 33.7310 33.7310 33.7310 33.7310 0.00000 0.00000 0.00000 26.2209 26.2209 26.2209 26.2209 26.2209 26.2209 26.2209 26.2209 26.2209 26.2209 26.2209 26.2209 26.2209 26.2209 22.8239 19.3976 19.7955 19.7955 19.7955 19.7955 19.7955 19.8302 20.3264 20.9677 21.4274 21.8088 21.8484 21.8986 22.1405 22.4012 22.6617 22.8923 22.9276 22.9276 22.9276
0.00000 0.00000 0.00000 0.00000 0.00000 0.00000 0.00000 0.00000 28.9218 28.9218 29.2950 30.3694 31.4606 32.5513 33.5468 33.7310 33.7310 33.7310 33.7310 33.7310 33.7310 33.7310 33.7310 33.7310 33.7310 33.7310 33.7310 33.7310 33.7310 0.00000 0.00000 0.00000 0.00000 26.2209 26.2209 26.2209 26.2209 26.2209 26.2209 26.2209 26.2209 26.2209 26.2209 26.2209 26.2209 26.2209 25.8034 19.3210 19.7803 19.7955 20.1209 20.7622 21.4036 22.0102 22.1551 22.2810 22.6070 22.4381 22.6986 22.9088 22.9276 22.9276 22.9276 22.9276 22.9276 22.9276 22.9276
0.00000 0.00000 0.00000 0.00000 0.00000 0.00000 0.00000 0.00000 31.7532 32.9971 33.7147 33.7310 33.7310 33.7310 33.7310 33.7310 33.7310 33.7310 33.7310 33.7310 33.7310 33.7310 33.7310 33.7310 33.7310 33.7310 33.7310 33.7310 33.7310 0.00000 0.00000 0.00000 0.00000 26.2209 26.2209 26.2209 26.2209 26.2209 26.2209 26.2209 26.2209 26.2209 26.2209 26.2209 26.2209 26.2209 26.2209 20.6556 20.6632 21.8391 22.1551 22.2869 22.7637 23.2543 23.7483 24.1148 24.1107 23.0088 22.9276 22.9276 22.9276 22.9276 22.9276 22.9279 22.9622 23.0199 23.0776
0.00000 0.00000 0.00000 0.00000 0.00000 0.00000 0.00000 0.00000 33.7310 33.7310 33.7310 33.7310 33.7310 33.7310 33.7310 33.7310 33.7310 33.7310 33.7310 33.7310 33.7310 33.7310 33.7310 33.7310 33.7310 33.7310 33.7310 33.7310 33.7310 33.7310 0.00000 0.00000 0.00000 26.2209 26.2209 26.2209 26.2209 26.2209 26.2209 26.2209 26.2209 26.2209 26.2209 26.2209 26.2209 26.2209 26.2209 23.2630 21.2187 23.2634 23.7573 24.1162 24.1342 24.1342 24.1342 24.1342 24.1342 23.3704 22.9276 22.9276 22.9453 23.0016 23.0594 23.1168 23.1403 23.1403 23.1403
0.00000 0.00000 0.00000 0.00000 0.00000 0.00000 0.00000 0.00000 0.00000 33.7310 33.7310 33.7310 33.7310 33.7310 33.7310 33.7310 33.7310 33.7310 33.7310 33.7310 33.7310 33.7310 33.7310 33.7310 33.7310 33.7310 33.7310 33.7310 33.7310 33.7310 0.00000 0.00000 0.00000 0.00000 26.2209 26.2209 26.2209 26.2209 26.2209 26.2209 26.2209 26.2209 26.2209 26.6554 28.0911 29.5754 31.0449 31.6340 22.5075 24.0806 24.1342 24.1342 24.1342 24.1342 24.1342 24.1342 24.1405 23.8115 23.0407 23.0988 23.1389 23.1403 23.1403 23.1403 23.1403 23.1403 23.1403
0.00000 0.00000 0.00000 0.00000 0.00000 0.00000 0.00000 0.00000 0.00000 33.7310 33.7310 33.7310 33.7310 33.7310 33.7310 33.7310 33.7310 33.7310 33.7310 33.7310 33.7310 33.7310 33.7310 33.7310 33.7310 33.7310 33.7310 33.7310 33.7310 33.7310 0.00000 0.00000 0.00000 0.00000 26.2209 26.2209 26.2209 26.2209 26.2209 26.6721 28.1208 29.5938 31.0746 32.1190 32.1582 32.1582 32.1582 32.1582 24.3963 23.6135 24.1342 24.1342 24.1348 24.1717 24.2294 24.2871 24.3386 24.3022 23.1919 23.1403 23.1403 23.1403 23.1403 23.1309 22.8401 22.4177 21.9951
0.00000 0.00000 0.00000 0.00000 0.00000 0.00000 0.00000 0.00000 0.00000 33.7310 33.7310 33.7310 33.7310 33.7310 33.7310 33.7310 33.7310 33.7310 33.7310 33.7310 33.7310 33.7310 33.7310 33.7310 33.7310 33.7310 33.7310 0.00000 0.00000 0.00000 0.00000 0.00000 0.00000 0.00000 26.2209 26.7425 28.1422 29.6200 31.1013 32.1225 32.1582 32.1582 32.1582 32.1582 32.1582 32.1582 32.1582 32.1582 27.6881 22.9518 24.2111 24.2688 24.3259 24.3468 24.3468 24.3468 24.3468 24.3468 23.5325 23.1403 22.9699 22.5498 22.1274 21.7141 21.5827 21.5827 21.7097
0.00000 0.00000 0.00000 0.00000 0.00000 0.00000 0.00000 0.00000 0.00000 0.00000 33.7310 33.7310 33.7310 33.7310 33.7310 33.7310 33.7310 33.7310 33.7310 33.7310 33.7310 33.7310 0.00000 0.00000 0.00000 0.00000 0.00000 0.00000 0.00000 0.00000 0.00000 0.00000 0.00000 0.00000 0.00000 32.1582 32.1582 32.1582 32.1582 32.1582 32.1582 32.1582 32.1582 32.1582 32.1582 32.1582 32.1582 32.1582 31.7901 22.8332 24.2851 24.3468 24.3468 24.3468 24.3468 24.3468 24.2746 23.8884 23.0372 21.8372 21.5848 21.5827 21.7701 22.3933 23.0335 23.6731 24.1864
0.00000 0.00000 0.00000 0.00000 0.00000 0.00000 0.00000 0.00000 0.00000 0.00000 33.7310 33.7310 33.7310 33.7310 33.7310 33.7310 33.7310 33.7310 0.00000 0.00000 0.00000 0.00000 0.00000 0.00000 0.00000 0.00000 0.00000 0.00000 0.00000 0.00000 0.00000 0.00000 0.00000 0.00000 0.00000 32.1582 32.1582 32.1582 32.1582 32.1582 32.1582 32.1582 32.1582 32.1582 32.1582 32.1582 32.1582 32.1582 32.1582 24.7492 23.8266 24.3468 24.3313 24.0208 23.5981 23.1757 22.8257 22.7892 22.6761 22.4484 23.1200 23.7599 24.2126 24.2301 24.2301 24.2301 24.2301
