High_resolution/powerplant/Chizhou/OMI_NO2_200606.asc
ncols      200
nrows      200
xllcorner       115.585
yllcorner       28.7700
cellsize     0.0166667
NODATA_Value      -999.000
[rows 90 to 119 of 184, columns 66 to 131 of 200]
2.29213 2.29213 2.29213 2.29213 2.29213 2.29213 2.29213 2.29213 2.29213 2.29213 2.42288 2.49475 2.48040 2.46612 2.79656 3.20909 3.27861 3.29797 3.29460 3.27662 3.28275 3.29894 3.31576 3.33269 3.34953 3.39219 3.72390 3.74298 3.75528 3.74779 3.62582 3.65539 3.66506 3.66381 3.64580 3.65518 3.68360 3.67545 3.66517 3.63270 3.47938 3.39879 3.29205 3.29205 3.28369 3.22899 3.05964 3.05653 3.05653 3.05653 3.05653 2.93676 2.77772 2.77772 2.77772 2.77772 2.77903 2.67918 2.55840 2.55056 2.44980 2.49211 3.03915 3.07170 3.08269 3.09419
2.29213 2.29213 2.29213 2.29213 2.29357 2.30044 2.30814 2.31621 2.32459 2.33338 2.39534 2.50921 2.54670 2.62629 2.85226 3.37006 3.46191 3.53293 3.55877 3.48832 3.49283 3.49351 3.49351 3.49351 3.49351 3.49351 3.77329 3.82807 3.81751 3.80475 3.66447 3.63146 3.61741 3.60124 3.58574 3.59158 3.63994 3.63994 3.63994 3.63994 3.49899 3.44561 3.29205 3.29125 3.28257 3.22396 3.06529 3.01534 3.00471 2.99405 2.98345 2.93829 2.80437 2.80757 2.81084 2.81423 2.81583 2.75520 2.55677 2.55376 2.45478 2.40936 2.89725 3.00504 2.95546 2.90584
2.46130 2.42049 2.43442 2.44931 2.47802 2.58381 2.70182 2.81983 2.93793 3.05594 3.16901 3.16681 3.21148 3.21184 3.20170 3.47565 3.53149 3.60306 3.60306 3.52109 3.49112 3.47840 3.46677 3.45621 3.44564 3.43508 3.61844 3.76523 3.76524 3.76524 3.68399 3.57704 3.59744 3.58933 3.55814 3.54476 3.58258 3.57766 3.56709 3.55646 3.43975 3.37357 3.19076 3.16692 3.16495 3.13117 3.01381 2.92943 2.92943 2.92943 2.92943 2.92743 2.78033 2.70852 2.64316 2.57803 2.51285 2.44101 2.35994 2.31728 2.22240 2.15644 2.41954 2.68357 2.68357 2.68357
3.02582 3.01156 3.12966 3.24767 3.34966 3.36307 3.36307 3.36307 3.36307 3.36307 3.36307 3.23836 3.21184 3.21184 3.21177 3.40976 3.46765 3.55000 3.53811 3.47289 3.41873 3.41559 3.40974 3.40282 3.39591 3.38900 3.48924 3.71808 3.71117 3.70425 3.66396 3.48931 3.51317 3.51317 3.47586 3.45864 3.49535 3.51284 3.51284 3.51284 3.44153 3.35222 3.22441 3.14177 3.08745 3.00751 2.84874 2.64298 2.56716 2.49011 2.41175 2.33270 2.10652 1.99586 1.96333 1.93002 1.89604 1.87386 1.93865 1.95239 1.91038 1.79029 1.82857 1.85030 1.80620 1.76016
3.19016 3.36307 3.36307 3.36307 3.36307 3.36307 3.36307 3.36307 3.36307 3.36307 3.30354 3.11970 2.99762 2.91035 2.82317 3.02124 3.13412 3.38973 3.44781 3.41292 3.34693 3.34533 3.34533 3.34533 3.34533 3.34533 3.36633 3.67636 3.67265 3.66617 3.64534 3.47605 3.46448 3.45680 3.42243 3.34431 3.26956 3.16815 3.09043 3.01123 2.88869 2.66215 2.46896 2.26479 2.23774 2.21457 2.14459 1.94150 1.94495 1.96962 1.99628 2.02428 1.87141 1.66942 1.69756 1.72770 1.76042 1.79115 1.89301 1.97860 1.98944 1.79132 1.79645 1.76577 1.77497 1.77497
2.95788 3.12006 2.98902 2.85798 2.72721 2.59617 2.46540 2.33436 2.20332 2.10843 2.11754 2.26691 2.46466 2.50740 2.54845 2.71483 2.89447 3.17248 3.35148 3.33838 3.26513 3.25821 3.25168 3.24512 3.23861 3.23203 3.22901 3.46634 3.47275 3.42655 3.37966 3.19692 3.04605 2.99227 2.92880 2.87261 2.82974 2.67163 2.67163 2.67161 2.66387 2.47924 2.42494 2.21204 2.20964 2.20723 2.14636 2.13273 2.18472 2.20794 2.21515 2.22916 2.15031 1.84378 1.86244 1.88115 1.89946 1.90546 1.95190 2.05555 2.05555 1.90122 1.82369 1.78576 1.77497 1.77497
2.99424 2.55985 2.61047 2.65991 2.70697 2.75212 2.79518 2.83625 2.87569 2.89710 2.89710 2.89721 2.90009 2.90017 2.90017 2.88595 2.80885 2.99597 3.29447 3.30187 3.24995 3.24640 3.25292 3.25970 3.26675 3.27409 3.28041 3.22447 3.18595 3.18595 3.18595 3.10783 2.93285 2.92318 2.92001 2.86672 2.85525 2.66079 2.65483 2.65245 2.65152 2.47686 2.39890 2.13985 2.07301 2.02048 2.00094 2.04721 2.14243 2.24861 2.24555 2.23571 2.20789 1.79493 1.77573 1.76258 1.74943 1.73628 1.73383 1.85905 1.84697 1.70085 1.47137 1.60991 1.77497 1.77497
3.42178 2.90861 2.89710 2.89710 2.89710 2.89710 2.89710 2.89710 2.89710 2.89710 2.89710 2.89710 2.89904 2.89921 2.89885 2.89845 2.78725 2.88114 3.36886 3.37007 3.31116 3.28108 3.28108 3.27873 3.25541 3.22722 3.19715 3.13566 3.05379 3.02363 2.99341 2.93787 2.88474 2.85958 2.85257 2.79909 2.74052 2.50122 2.38327 2.31814 2.25690 2.11673 2.01492 1.84296 1.76847 1.76719 1.81838 1.94143 1.97839 2.10176 2.10176 2.10176 2.10176 1.74506 1.63653 1.63653 1.63653 1.63653 1.63653 1.75954 1.78662 1.72702 1.42030 1.52318 1.77497 1.77497
3.45047 3.01263 2.89710 2.89710 2.89710 2.89710 2.89710 2.89710 2.89710 2.89656 2.88020 2.85740 2.83562 2.81458 2.79435 2.77429 2.67100 2.65839 3.06807 3.07760 3.04235 3.02299 2.98784 2.95485 2.94290 2.93588 2.93056 2.92680 2.88559 2.88524 2.87918 2.85216 2.74843 2.57888 2.51948 2.44809 2.40230 2.26009 2.15095 2.15095 2.15095 2.09002 1.98225 1.88816 1.76719 1.76719 1.77649 1.93487 1.94672 2.04838 2.03656 2.00900 1.98164 1.78421 1.63653 1.63653 1.63653 1.63653 1.63653 1.72279 1.78662 1.78242 1.44877 1.46798 1.77507 1.77636
3.23910 2.95483 2.72338 2.70651 2.69013 2.67442 2.65922 2.64444 2.62477 2.60010 2.58478 2.57350 2.56226 2.55102 2.53974 2.52904 2.47023 2.42901 2.71562 2.87713 2.88685 2.93026 2.93026 2.92974 2.91977 2.90356 2.88483 2.86481 2.81327 2.78680 2.77354 2.77337 2.64098 2.48818 2.44434 2.43118 2.39093 2.28951 2.10660 2.08829 2.06993 2.02696 1.86465 1.80590 1.61283 1.59456 1.57614 1.68930 1.69599 1.73648 1.77047 1.77047 1.77047 1.73142 1.63653 1.63586 1.62713 1.61607 1.60501 1.65638 1.78940 1.78995 1.56775 1.43435 1.77861 1.79015
2.99683 2.86889 2.58388 2.57736 2.56612 2.55485 2.54360 2.53235 2.52638 2.52638 2.52638 2.52638 2.52638 2.52638 2.52638 2.52638 2.48736 2.42815 2.58909 2.84725 2.82878 2.86051 2.84230 2.82043 2.80815 2.78499 2.74885 2.71276 2.67047 2.63629 2.60617 2.57609 2.45341 2.29761 2.19787 2.17478 2.20781 2.16887 1.93009 1.93009 1.93009 1.92952 1.77370 1.75960 1.56104 1.54633 1.54629 1.62968 1.69289 1.69553 1.74050 1.73223 1.72392 1.70090 1.55236 1.54197 1.53964 1.53964 1.53964 1.56156 1.79088 1.79168 1.66649 1.42789 1.67539 1.79015
2.80722 2.79853 2.48730 2.52638 2.52638 2.52638 2.52638 2.52638 2.52638 2.52638 2.52638 2.51601 2.49013 2.46597 2.46137 2.48750 2.50991 2.41777 2.45561 2.53933 2.50027 2.51150 2.49180 2.45571 2.41957 2.40351 2.40351 2.40351 2.41568 2.43878 2.43878 2.43878 2.37958 2.24255 2.12260 2.10816 2.13639 2.13005 1.93270 1.90746 1.88636 1.86525 1.72354 1.65434 1.54726 1.50555 1.50006 1.53990 1.65796 1.63585 1.69710 1.69780 1.69780 1.69777 1.56091 1.53964 1.53964 1.53964 1.53964 1.53964 1.73796 1.74174 1.64666 1.38086 1.46053 1.52823
2.79226 2.83423 2.52416 2.52791 2.56810 2.60748 2.63165 2.65384 2.67451 2.69384 2.71178 2.73955 2.78474 2.83008 2.85615 2.83568 2.81166 2.69508 2.58610 2.26184 2.22133 2.23742 2.25079 2.23058 2.20964 2.18846 2.16634 2.14404 2.12838 2.19719 2.16943 2.12530 2.07539 1.88488 1.78647 1.75687 1.77014 1.77378 1.75612 1.75419 1.75419 1.75419 1.66993 1.58329 1.52354 1.44949 1.42421 1.40330 1.53656 1.63055 1.68417 1.69780 1.69780 1.69115 1.55369 1.42422 1.36126 1.29043 1.21047 1.11946 1.27484 1.42789 1.42736 1.35198 1.38878 1.48791
2.61151 2.51781 2.53889 2.77202 2.72713 2.68590 2.65773 2.62895 2.59929 2.56856 2.53713 2.50480 2.47121 2.43680 2.40638 2.40244 2.40244 2.40416 2.38054 2.15004 2.00088 1.97942 2.03501 2.03501 2.03501 2.03501 2.03501 2.03501 2.03501 1.96878 1.94008 1.93995 1.93995 1.79302 1.71863 1.68805 1.68424 1.69758 1.67237 1.64715 1.62185 1.59664 1.52350 1.37964 1.35815 1.28415 1.28086 1.27248 1.37007 1.54337 1.55694 1.51665 1.47589 1.44174 1.31235 1.04791 1.04741 1.04688 1.04632 1.04573 1.21456 1.55162 1.56811 1.45774 1.39643 1.20027
2.12827 2.04574 1.93548 2.36639 2.40244 2.40244 2.40244 2.40244 2.40244 2.40244 2.40244 2.40244 2.40244 2.40244 2.42983 2.48670 2.53795 2.58431 2.60604 2.43092 2.13565 1.96204 2.03488 2.03501 2.03501 2.03501 2.03501 2.02860 2.00853 1.93582 1.88576 1.86931 1.85261 1.72224 1.51982 1.48331 1.48852 1.54023 1.53998 1.54377 1.54940 1.55635 1.55155 1.41030 1.41023 1.26924 1.25235 1.25335 1.25629 1.40891 1.59549 1.60315 1.60315 1.60315 1.53709 1.03401 1.03401 1.03401 1.03401 1.03401 1.10970 1.78925 1.79015 1.61946 1.48200 1.13387
2.44917 2.32479 1.87303 2.28658 2.40244 2.40244 2.40244 2.40244 2.40244 2.40598 2.45282 2.50745 2.55668 2.60132 2.62437 2.62437 2.62423 2.62408 2.61960 2.49900 2.19906 1.90735 1.94920 1.93694 1.91534 1.89372 1.87211 1.85690 1.85537 1.83358 1.79451 1.79364 1.79308 1.74154 1.50271 1.47914 1.48250 1.55495 1.57416 1.57840 1.57978 1.57978 1.57978 1.46608 1.43958 1.31690 1.26434 1.26434 1.26434 1.34313 1.60315 1.60315 1.60405 1.61804 1.63123 1.34299 1.40584 1.47276 1.53244 1.58599 1.63492 2.06082 2.14786 2.10171 1.84255 1.56353
2.43391 2.40755 1.86483 2.17575 2.40151 2.41783 2.47375 2.52606 2.57333 2.61393 2.62281 2.61855 2.58306 2.54122 2.49938 2.45755 2.41585 2.37413 2.34896 2.43569 2.14181 1.84144 1.82878 1.85140 1.85140 1.85140 1.85140 1.86297 1.87552 1.87665 1.82762 1.83307 1.83868 1.83728 1.54298 1.49231 1.49098 1.54846 1.57978 1.57978 1.58031 1.58749 1.59665 1.53149 1.48647 1.41938 1.33570 1.34793 1.36009 1.39165 1.77914 1.80176 1.81920 1.82343 1.82343 1.82424 1.82452 1.82452 1.82452 1.81785 1.77841 2.00326 2.17140 2.16156 1.85886 1.60418
2.19400 2.21140 2.04400 2.22447 2.56316 2.55407 2.51398 2.47226 2.43053 2.38883 2.34711 2.30953 2.30311 2.30311 2.30311 2.30311 2.30311 2.30311 2.30311 2.42477 2.20787 1.97373 1.85754 1.90183 1.90635 1.91055 1.91440 1.90855 1.90303 1.90683 1.87198 1.87509 1.88846 1.90185 1.71392 1.60322 1.63526 1.65897 1.67018 1.67932 1.68794 1.68992 1.68992 1.65375 1.58643 1.55051 1.41120 1.41120 1.41120 1.41120 1.71807 1.78790 1.74428 1.70043 1.65666 1.61345 1.57021 1.52647 1.48259 1.44556 1.44123 1.68400 2.11152 2.11152 1.89565 1.66440
2.17200 2.19903 2.27455 2.21815 2.31287 2.30311 2.30311 2.30311 2.30311 2.30311 2.30311 2.30311 2.30311 2.30311 2.30043 2.28839 2.27554 2.27145 2.28751 2.36985 2.27925 2.13155 1.93404 1.98803 2.00408 2.02014 2.03619 2.05226 2.06831 2.08058 2.02956 1.99443 1.99443 1.99443 1.88873 1.67990 1.71390 1.70967 1.68992 1.68992 1.68992 1.68992 1.69144 1.67868 1.58924 1.58784 1.29633 1.24876 1.21963 1.19042 1.29768 1.44014 1.44014 1.44014 1.44014 1.44046 1.44123 1.44123 1.44123 1.44123 1.44123 1.52086 2.11152 2.10440 1.93924 1.75161
2.15294 2.15294 2.31178 2.16529 2.31931 2.30311 2.30311 2.30296 2.27601 2.22556 2.17513 2.12462 2.08890 2.08468 2.08401 2.09189 2.09969 2.09868 2.07617 2.07858 2.12474 2.27276 2.04765 2.07939 2.08137 2.08137 2.08137 2.08137 2.08137 2.08137 2.05184 1.99443 1.99443 1.99469 1.96319 1.68951 1.72180 1.73310 1.71317 1.71691 1.72280 1.72914 1.73327 1.73156 1.60680 1.59979 1.25076 1.16148 1.18467 1.21098 1.29814 1.44014 1.44014 1.44014 1.44014 1.44021 1.44015 1.41849 1.39203 1.36884 1.34827 1.32994 1.72631 1.75042 1.74940 1.79985
2.20979 2.23167 2.38784 2.36437 2.15521 1.95472 1.90425 1.87734 1.90724 1.95658 2.00260 2.04558 2.07345 2.07430 2.07430 2.07430 2.07430 2.07430 2.07430 2.08157 2.08133 2.26624 2.09965 2.06914 2.08137 2.08137 2.08137 2.08137 2.08137 2.08137 2.07677 2.05469 2.06618 2.07785 2.07929 1.77149 1.73672 1.76529 1.74247 1.75815 1.80815 1.86265 1.92215 1.98757 2.08858 2.25432 1.79299 1.40574 1.33048 1.26424 1.20136 1.14636 1.23304 1.35056 1.33195 1.31525 1.30132 1.29759 1.29759 1.29759 1.29759 1.29759 1.58000 1.74445 1.74445 1.79030
2.54329 2.58339 2.61951 2.67719 2.38034 2.01458 2.05088 2.07420 2.07430 2.07430 2.07430 2.07430 2.07430 2.07430 2.07430 2.07430 2.07426 2.04406 1.98498 1.92095 1.86173 1.98914 2.03080 2.05796 2.08137 2.08137 2.08137 2.08137 2.08137 2.08137 2.08114 2.06576 2.04167 2.01764 1.99334 1.86723 1.98808 2.21099 2.26659 2.25080 2.21268 2.16623 2.01868 1.86273 1.77935 1.72321 1.46305 1.11093 1.11055 1.11055 1.09350 1.08549 1.13194 1.29687 1.29687 1.29687 1.29730 1.29759 1.29759 1.29759 1.29759 1.29759 1.47119 1.74445 1.74445 1.77581
2.44963 2.40498 2.38418 2.61433 2.55056 2.14283 2.07430 2.07430 2.07430 2.07430 2.07430 2.07430 2.06896 2.02109 1.96014 1.89387 1.82180 1.78670 1.78670 1.78670 1.80796 1.92147 2.02594 2.01360 1.97603 1.93648 1.89699 1.85759 1.81804 1.77857 1.73944 1.71514 1.69984 1.68451 1.66909 1.58191 1.64711 1.56256 1.44966 1.35133 1.29205 1.24246 1.23113 1.23113 1.30649 1.53211 1.52164 1.12473 1.11055 1.11055 1.10004 1.08549 1.09051 1.28602 1.29687 1.29687 1.29713 1.28924 1.25766 1.22493 1.19233 1.15939 1.19158 1.54083 1.50797 1.49227
2.38296 2.38296 2.38296 2.53475 2.63529 2.21861 2.07076 2.06872 2.04708 1.98721 1.92158 1.85008 1.77997 1.76525 1.76278 1.76115 1.76095 1.76076 1.76057 1.76039 1.75195 1.66478 1.80886 1.78158 1.61479 1.61471 1.61471 1.61471 1.61471 1.61471 1.60198 1.54191 1.46348 1.37967 1.28971 1.18005 1.34884 1.29051 1.26194 1.23186 1.23113 1.23113 1.23113 1.23113 1.25558 1.51949 1.47776 1.12607 1.01734 0.988770 0.961751 0.951373 0.930125 1.00788 1.03284 1.00430 0.965061 0.870516 0.869188 0.869188 0.869188 0.869188 0.869680 1.26604 1.29225 1.27682
2.69255 2.72873 2.76607 2.85234 2.68262 2.19180 1.87166 1.79949 1.75111 1.75236 1.75463 1.75690 1.75917 1.76145 1.76372 1.76516 1.76519 1.76519 1.76519 1.76519 1.76279 1.60667 1.79951 1.79895 1.60774 1.53544 1.46169 1.37652 1.28520 1.18691 1.10263 1.08543 1.08543 1.08233 1.04548 0.999168 1.10371 1.08544 0.963339 1.01178 1.02349 0.995019 0.966549 0.938024 0.909765 1.00144 1.01884 0.875390 0.768370 0.768370 0.768370 0.820524 0.828855 0.874500 0.965531 1.03675 1.11742 1.12072 1.19318 1.27377 1.35436 1.43502 1.51554 1.28922 1.14423 1.14423
2.97143 3.05355 3.12754 3.17653 2.46857 1.99051 1.77366 1.76490 1.76519 1.76519 1.76519 1.76519 1.76519 1.76519 1.76519 1.76519 1.76519 1.76887 1.80058 1.83804 1.85807 1.48936 1.45747 1.36219 1.10851 0.951956 0.898915 0.852660 0.806508 0.760253 0.714050 0.667795 0.621591 0.578485 0.569193 0.569193 0.611907 0.668372 0.574783 0.746827 0.888942 0.888942 0.888942 0.888942 0.888942 0.965697 1.01884 0.974104 0.990631 1.07129 1.15189 1.19748 1.23743 1.33098 1.64986 1.65916 1.65916 1.60137 1.57366 1.57366 1.57366 1.57366 1.57366 1.39634 1.14423 1.14423
3.06838 3.06829 3.06829 3.06829 2.58237 2.01463 1.79540 1.76519 1.76519 1.76519 1.76519 1.77234 1.81042 1.85575 1.90119 1.92052 1.88032 1.83405 1.75977 1.67975 1.61726 1.39892 0.904586 0.800192 0.698940 0.569193 0.569193 0.569193 0.569193 0.569193 0.569193 0.569193 0.569193 0.569193 0.569193 0.569193 0.585047 0.691251 0.584988 0.673841 0.888942 0.888942 0.888942 0.888942 0.888942 0.936899 1.01884 1.03286 1.45970 1.47284 1.47284 1.43111 1.35721 1.35726 1.60907 1.65916 1.65916 1.62096 1.57366 1.57366 1.61813 1.71969 1.82118 1.85056 1.59479 1.69656
3.06829 3.06825 3.04197 2.99470 2.68671 2.00624 1.87358 1.89685 1.94225 1.98763 1.99672 1.94734 1.86671 1.77884 1.69093 1.62893 1.62667 1.62667 1.62667 1.62667 1.62667 1.53378 0.975441 0.800192 0.749597 0.569193 0.569193 0.569193 0.569193 0.569193 0.569193 0.569193 0.569193 0.569193 0.569193 0.569193 0.569488 0.677992 0.617318 0.601578 0.888196 0.888942 0.888942 0.888942 0.888942 0.912662 1.01884 1.01884 1.38359 1.47284 1.49125 1.54788 1.46394 1.54226 1.75037 1.88940 1.99096 2.07398 2.10858 2.21028 2.26717 2.26737 2.26737 2.26561 1.87273 1.83794
2.68574 2.64783 2.63623 2.64559 2.59813 1.83588 1.84511 1.85451 1.76659 1.67864 1.62703 1.62667 1.62667 1.62667 1.62667 1.62667 1.62667 1.62667 1.62667 1.62667 1.62667 1.61643 1.09801 0.800192 0.793863 0.575546 0.569193 0.569193 0.569193 0.569193 0.569193 0.569193 0.569193 0.569193 0.570692 0.581208 0.593885 0.662167 0.650427 0.574783 0.842013 0.888942 0.888942 0.888942 0.891694 0.922275 1.12390 1.20769 1.60027 1.88676 1.97960 1.98358 2.22638 2.35016 2.35287 2.35287 2.35287 2.35090 2.27036 2.26737 2.26737 2.26737 2.26737 2.26737 1.97602 1.83794
2.64889 2.62305 2.59718 2.57135 2.54547 1.86013 1.47488 1.62058 1.62667 1.62667 1.62667 1.62667 1.62667 1.62667 1.62667 1.62667 1.62667 1.62667 1.62667 1.62667 1.62667 1.62667 1.29193 0.820380 0.800192 0.619898 0.570506 0.580441 0.592781 0.606457 0.621609 0.638596 0.657646 0.679229 0.700552 0.705177 0.706932 0.708778 0.698409 0.560339 0.860577 1.11748 1.21673 1.35326 1.52826 1.58630 1.58630 1.58630 1.73962 1.98358 1.98358 1.98358 2.20766 2.35287 2.35287 2.35287 2.35287 2.35287 2.28796 2.26737 2.26737 2.26737 2.26766 2.26829 2.08278 1.84012
