High_resolution/powerplant/Chizhou/OMI_NO2_200507.asc
ncols      200
nrows      200
xllcorner       115.585
yllcorner       28.7700
cellsize     0.0166667
NODATA_Value      -999.000
[rows 120 to 149 of 175, columns 66 to 131 of 200]
2.94241 2.31586 2.31561 2.31516 2.20801 2.14474 2.14237 2.13893 2.14834 2.17307 2.11625 1.83939 1.80381 1.79504 1.78571 1.78177 1.78177 1.82999 1.84842 1.77857 1.82731 1.76193 1.44254 1.43849 1.44528 1.45206 1.45788 1.48088 1.54152 1.54082 1.50486 1.41446 1.30790 1.21366 1.23874 1.19819 1.18221 1.18221 1.18221 0.964848 0.925480 0.925480 0.963858 1.16472 1.07045 1.07420 1.08713 1.10014 1.11362 1.13596 1.16179 1.18440 1.20488 1.21784 1.22852 1.25207 1.33120 1.35199 1.43694 1.47324 1.53776 1.58380 1.58544 1.58708 1.58873 1.59039
3.14460 2.29898 2.29535 2.29191 2.23111 2.11559 2.11444 2.11444 2.11167 2.15215 2.08469 1.85318 1.79817 1.80361 1.80755 1.81277 1.84555 1.92230 2.01353 2.02040 2.01893 1.97687 1.55189 1.50893 1.54379 1.59648 1.64931 1.60068 1.31878 1.23409 1.18728 1.18073 1.19070 1.20063 1.31826 1.38298 1.39339 1.40406 1.41450 1.28096 1.17885 1.18941 1.20247 1.47348 1.43990 1.48144 1.54353 1.54104 1.43542 1.43421 1.43421 1.45065 1.48283 1.51494 1.54711 1.57928 1.57054 1.57354 1.59570 1.54132 1.57317 1.62206 1.57247 1.55976 1.55023 1.54055
3.22987 2.37686 2.26423 2.25717 2.24093 2.08037 2.07285 2.06815 2.06754 2.11226 2.06104 1.96384 1.95415 2.00391 2.05095 2.09673 2.11493 2.13772 2.25858 2.29121 2.32311 2.35536 2.09214 1.95078 1.88161 1.80034 1.72780 1.66452 1.31744 1.29877 1.29877 1.29877 1.29877 1.29877 1.38650 1.48554 1.48554 1.48554 1.48554 1.41470 1.22881 1.24948 1.31024 1.52887 1.65221 1.66297 1.68377 1.70043 1.52404 1.55182 1.58396 1.59965 1.60057 1.61082 1.62257 1.63338 1.62645 1.62122 1.55445 1.43574 1.43585 1.50289 1.46178 1.43792 1.43631 1.43351
3.20758 2.57946 2.26111 2.25448 2.21613 2.11126 2.09483 2.09489 2.10178 2.16096 2.18791 2.15415 2.12691 2.16379 2.18694 2.20999 2.23303 2.25609 2.38540 2.40752 2.33804 2.24897 2.01902 1.68971 1.68606 1.68606 1.68606 1.68324 1.40109 1.29877 1.29877 1.29877 1.29877 1.29877 1.34812 1.48554 1.48554 1.49528 1.54184 1.58049 1.41891 1.46364 1.49147 1.58390 1.82252 1.81666 1.82803 1.82803 1.66413 1.61585 1.62720 1.63766 1.64667 1.64848 1.64848 1.64848 1.63955 1.62458 1.60421 1.44324 1.41833 1.48659 1.47113 1.42600 1.42669 1.42856
3.13832 2.68146 2.10412 2.07169 2.07140 2.10826 2.15188 2.17033 2.17896 2.18144 2.19200 2.09625 2.01775 2.23257 2.26985 2.26932 2.26475 2.25818 2.22321 2.13095 2.10636 2.10636 2.05685 1.71100 1.68606 1.68606 1.68606 1.68606 1.50114 1.29877 1.29877 1.29877 1.29877 1.30431 1.36590 1.57640 1.58880 1.58320 1.56198 1.55254 1.61663 1.67572 1.60057 1.60134 1.82837 1.83268 1.83510 1.83733 1.75970 1.64848 1.64969 1.66446 1.70264 1.74359 1.78594 1.82979 1.87327 1.88817 1.88326 1.49377 1.45367 1.49056 1.50087 1.44227 1.44442 1.44778
3.01838 2.80085 2.09037 2.10440 2.11646 2.10969 2.11499 2.11013 2.10836 2.10908 2.16297 2.07039 1.97134 2.13097 2.24782 2.24115 2.23904 2.23904 2.21359 2.10636 2.10636 2.10636 2.10558 1.79232 1.68606 1.68606 1.68606 1.68606 1.61442 1.35071 1.42391 1.47440 1.51112 1.54000 1.53812 1.64999 1.68669 1.70995 1.72149 1.72149 1.75974 1.80240 1.63595 1.55707 1.73083 1.91982 1.96704 2.01606 2.04412 1.89671 1.94366 1.97257 1.97426 1.97426 1.97426 1.97426 1.97426 1.94922 1.94156 1.58659 1.45952 1.48853 1.52206 1.47305 1.45468 1.45468
2.53807 2.52651 2.08929 2.06981 2.06981 2.06986 2.09535 2.09866 2.09764 2.09286 2.13744 2.06820 1.95992 2.03467 2.23904 2.23904 2.23904 2.23904 2.23857 2.11331 2.08201 2.06816 2.05481 1.87424 1.64116 1.63172 1.82486 1.90285 1.89215 1.64576 1.59308 1.57027 1.55219 1.53409 1.51600 1.58434 1.61324 1.59600 1.58375 1.57099 1.57508 1.66315 1.55630 1.40458 1.64212 2.18140 2.20265 2.20265 2.20265 2.02423 1.97426 1.97426 1.97426 1.97426 1.97426 1.97732 2.00480 2.02301 2.04235 1.76049 1.47352 1.48506 1.52768 1.49598 1.45515 1.45886
2.53509 2.53509 2.19409 2.06981 2.06951 2.06549 2.07760 2.08410 2.08000 2.08017 2.10837 2.06568 1.94473 1.91431 2.15490 2.14567 2.13174 2.11828 2.10544 2.03842 1.98769 1.98423 1.95419 1.85996 1.52640 1.49992 1.60212 1.68234 1.65450 1.52053 1.41322 1.41083 1.41083 1.40980 1.41218 1.47506 1.55338 1.55640 1.55447 1.55301 1.55301 1.63913 1.60854 1.38458 1.55252 2.05337 2.20265 2.20265 2.20265 2.09661 1.97426 1.97624 2.00190 2.03700 2.06930 2.09850 2.09522 2.07624 2.03331 1.84061 1.45572 1.44860 1.50517 1.49610 1.43144 1.42831
2.53519 2.53635 2.30554 2.07305 2.07428 2.07919 2.09410 2.12012 2.12615 2.13167 2.10315 2.00755 1.89126 1.80700 1.96683 2.00072 1.98063 1.96453 1.94398 1.87207 1.74400 1.69783 1.67482 1.68224 1.50294 1.41638 1.46167 1.57434 1.52128 1.46193 1.39360 1.39421 1.39481 1.39645 1.39464 1.41708 1.48557 1.47956 1.47357 1.46754 1.46155 1.51307 1.54755 1.27551 1.33425 1.77952 2.02418 2.01686 2.04409 2.05024 1.82652 1.84272 1.83849 1.82833 1.84130 1.87649 1.91560 1.95889 1.82462 1.76484 1.35191 1.32449 1.36786 1.36732 1.35004 1.35757
2.56569 2.56534 2.43820 2.10022 2.08989 2.07749 2.06624 2.08200 2.07405 2.06529 2.04989 1.94855 1.83840 1.69316 1.75098 1.84267 1.80608 1.76640 1.73520 1.75471 1.69817 1.70594 1.69389 1.61666 1.37125 1.16532 1.12685 1.23686 1.24505 1.28083 1.34028 1.34068 1.34068 1.34068 1.34068 1.34249 1.38174 1.38227 1.38227 1.38227 1.38227 1.41127 1.48299 1.27879 1.23880 1.63451 2.09279 2.14288 2.15885 2.18332 1.95215 1.92213 1.96656 2.01652 2.04561 2.04709 2.05815 2.07283 1.87947 1.78946 1.45725 1.38474 1.45393 1.50823 1.51570 1.51584
2.47247 2.46463 2.42471 1.97875 1.97827 1.98193 1.98964 2.02068 2.03334 2.04062 2.04791 1.95670 1.82049 1.62535 1.54869 1.73201 1.72520 1.71549 1.70294 1.66835 1.57729 1.51379 1.51416 1.51232 1.34339 1.11279 1.11526 1.22550 1.25415 1.26969 1.33191 1.34068 1.34068 1.34068 1.34068 1.34068 1.37492 1.38227 1.38227 1.38227 1.39504 1.43487 1.56498 1.48223 1.35520 1.60817 2.20856 2.32919 2.38409 2.40652 2.24588 2.05076 2.06407 2.07989 2.09890 2.11897 2.12210 2.12210 1.96821 1.78755 1.60818 1.35874 1.31405 1.33805 1.27201 1.20893
2.46231 2.46364 2.47456 2.09743 2.03070 2.04520 2.05580 2.04748 2.01106 1.97534 1.96603 1.94100 1.90145 1.82847 1.74151 1.61528 1.60120 1.60120 1.60315 1.61746 1.60447 1.52845 1.53219 1.53237 1.42170 1.16417 1.11527 1.19295 1.25415 1.25916 1.32042 1.34068 1.34068 1.34068 1.34068 1.34068 1.37391 1.42415 1.46193 1.51577 1.56172 1.58440 1.65021 1.60777 1.38385 1.54475 2.13514 2.43257 2.46665 2.50531 2.48506 2.12204 2.12210 2.12210 2.11225 2.02398 1.91877 1.81356 1.68356 1.44221 1.27139 0.854478 0.873633 1.19312 1.20832 1.21639
2.50950 2.52111 2.52309 2.24707 2.03833 2.02815 2.02828 2.04747 2.08813 2.13128 2.15033 2.12163 2.03968 1.92765 1.78145 1.66604 1.62909 1.64558 1.66013 1.66230 1.65985 1.54140 1.53237 1.53237 1.47086 1.23744 1.11527 1.16256 1.25415 1.25415 1.30341 1.34068 1.34090 1.36002 1.39990 1.44473 1.49897 1.53418 1.54124 1.53224 1.51838 1.50450 1.51391 1.53519 1.40127 1.46568 2.05295 2.57781 2.56210 2.49573 2.42457 1.88314 1.68334 1.57814 1.48271 1.46577 1.46577 1.46577 1.46577 1.36651 1.34632 0.890077 0.855206 1.15990 1.21675 1.21675
2.28762 2.23838 2.18807 2.13108 2.12524 2.14419 2.15448 2.15452 2.15131 2.15078 2.15078 2.14912 2.08383 1.98657 1.86755 1.76020 1.66230 1.66230 1.66230 1.66230 1.66230 1.58074 1.53255 1.53813 1.53035 1.33531 1.14870 1.16969 1.17450 1.20360 1.27753 1.37802 1.42451 1.45026 1.45751 1.47607 1.50594 1.56059 1.58209 1.60359 1.62813 1.66050 1.70531 1.81575 1.78052 1.76610 1.90733 2.14913 2.14407 2.14027 2.14027 1.82397 1.46577 1.46577 1.46577 1.46577 1.46577 1.46577 1.46577 1.39417 1.35000 1.01988 0.855206 1.08559 1.21675 1.21675
2.06869 2.07122 2.07122 2.10796 2.15452 2.15452 2.15452 2.15751 2.17055 2.18544 2.20193 2.21179 2.13791 2.04621 1.91164 1.82068 1.68623 1.69420 1.70220 1.71019 1.71818 1.68638 1.60403 1.60557 1.58744 1.44528 1.30939 1.36572 1.41805 1.44791 1.49328 1.58932 1.62307 1.64455 1.66353 1.66640 1.67088 1.72606 1.74424 1.76126 1.77513 1.78125 1.78533 1.86348 1.83321 1.78823 1.82868 1.98811 2.14027 2.14027 2.14027 2.01538 1.46577 1.46577 1.46577 1.46577 1.46577 1.46577 1.46577 1.42877 1.35000 1.15331 0.881507 1.10680 1.37566 1.44654
2.06576 2.07122 2.07122 2.08218 2.16736 2.18184 2.19551 2.20621 2.20365 2.19813 2.19532 2.19250 2.19055 2.15280 2.01435 1.90042 1.77036 1.75955 1.76545 1.75830 1.74294 1.73011 1.61053 1.61321 1.64192 1.58341 1.49248 1.49097 1.51655 1.53273 1.55017 1.65310 1.68042 1.69512 1.71352 1.73460 1.75232 1.78248 1.78913 1.78986 1.79062 1.79135 1.79210 1.84404 1.86333 1.80067 1.82107 1.92389 2.16621 2.16794 2.15656 2.04968 1.54706 1.51771 1.52030 1.52292 1.52551 1.58675 1.69821 1.78779 1.74644 1.75067 1.28138 1.31871 1.53857 1.53863
2.05741 2.08118 2.09656 2.11107 2.17691 2.19076 2.19076 2.19075 2.19061 2.18712 2.18456 2.16985 2.15797 2.13225 2.01644 1.97403 1.85506 1.76045 1.76583 1.79017 1.82304 1.83744 1.70355 1.61417 1.57578 1.55449 1.57708 1.58109 1.61341 1.67159 1.69434 1.79668 1.83448 1.84091 1.84373 1.84379 1.84379 1.82234 1.80681 1.80681 1.80681 1.80681 1.80681 1.83308 1.89663 1.81874 1.81641 1.82514 1.95177 1.86198 1.75731 1.74148 1.69550 1.72189 1.81091 1.88726 1.95328 1.98488 1.98491 1.98491 1.93794 1.91308 1.35702 1.28438 1.51351 1.53863
2.10672 2.11699 2.11827 2.11717 2.14366 2.16550 2.14914 2.13276 2.11640 2.09329 2.06560 2.05037 2.03791 2.03426 1.99830 2.01928 1.99112 1.87527 1.83726 1.80099 1.76597 1.74112 1.69777 1.61016 1.61721 1.62278 1.66167 1.65333 1.67136 1.73346 1.73375 1.79614 1.84186 1.84379 1.84379 1.84379 1.84379 1.83010 1.80848 1.81039 1.81226 1.81405 1.80666 1.78050 1.80530 1.65721 1.56864 1.61852 1.76268 1.91335 1.96329 2.00793 2.01422 1.98491 1.98491 1.98491 1.98393 1.97148 1.95654 1.94248 1.90471 1.85959 1.51554 1.28438 1.48921 1.62399
2.04016 2.02825 2.01294 1.99560 2.00865 2.06703 2.04985 2.03265 2.01547 2.00751 2.02432 2.05331 2.08266 2.10847 2.05109 1.99614 1.95195 1.75875 1.76276 1.76402 1.76402 1.75209 1.70383 1.64005 1.65432 1.66223 1.68834 1.68141 1.68177 1.74044 1.75200 1.79189 1.85102 1.85867 1.85997 1.86125 1.86251 1.85828 1.83156 1.81330 1.76929 1.72652 1.66431 1.66268 1.75531 1.76330 1.75846 1.78912 1.84482 1.98366 1.97262 1.96211 1.95042 1.89121 1.87801 1.86809 1.85924 1.85804 1.88524 1.92583 1.96032 1.95507 1.98268 1.80491 1.85342 1.77615
1.98201 1.95262 1.93981 1.92047 1.90385 1.99221 2.00801 2.03493 2.06914 2.08108 2.08200 2.04843 2.01452 2.00474 1.98822 1.95320 1.95345 1.80347 1.72353 1.68136 1.63920 1.60896 1.60768 1.66958 1.69425 1.69425 1.70525 1.71470 1.70441 1.74254 1.76763 1.78427 1.85342 1.86392 1.86392 1.85241 1.81077 1.78171 1.72668 1.71890 1.73851 1.75663 1.73696 1.71440 1.75715 1.78529 1.72726 1.73256 1.74844 1.90263 1.91418 1.91669 1.94321 1.94950 1.97477 2.01537 2.05594 2.09578 2.10915 2.10915 2.10915 2.06579 2.11986 1.88290 1.82093 1.63363
2.05669 2.06838 2.13355 2.20694 2.28523 2.13103 2.07144 2.04046 2.00215 1.98826 1.99449 1.99587 1.99587 2.00086 1.97229 1.88441 1.84094 1.70919 1.60768 1.60768 1.60768 1.60768 1.60768 1.64623 1.69425 1.69425 1.69482 1.71177 1.68545 1.70592 1.75534 1.74903 1.80150 1.79556 1.77110 1.75665 1.76733 1.76480 1.73548 1.72539 1.72372 1.72209 1.70704 1.68502 1.71253 1.82257 1.75271 1.76405 1.82048 1.96666 2.07977 2.10971 2.11565 2.11359 2.10915 2.10915 2.10915 2.10915 2.10915 2.10915 2.10915 2.08040 2.10756 1.95058 1.87784 1.64470
2.48088 2.41831 2.51419 2.52191 2.51142 2.27224 2.00590 1.98826 1.98826 1.98826 1.97691 1.93787 1.89570 1.85642 1.85263 1.80369 1.79701 1.75235 1.59493 1.58357 1.57222 1.56088 1.54953 1.55481 1.62171 1.61230 1.60311 1.62199 1.61336 1.61205 1.67712 1.64975 1.71825 1.75988 1.76029 1.75943 1.76298 1.76690 1.75481 1.74182 1.74273 1.74415 1.73998 1.71762 1.72786 1.87590 1.81260 1.80285 1.86969 1.96039 2.11565 2.11565 2.11565 2.11528 2.10929 2.10915 2.10915 2.10915 2.10915 2.10915 2.10915 2.09502 2.08219 2.03444 1.88053 1.65795
2.48237 2.43226 2.51308 2.57493 2.59347 2.46451 2.06312 1.94767 1.90969 1.86937 1.84064 1.82876 1.82525 1.82181 1.78517 1.73302 1.70170 1.68999 1.51416 1.50221 1.49727 1.48942 1.48544 1.48602 1.55878 1.55461 1.53920 1.52738 1.52265 1.49350 1.58896 1.59312 1.67411 1.76607 1.77854 1.78418 1.78597 1.78738 1.77908 1.76208 1.76259 1.76259 1.76274 1.73625 1.73661 1.84121 1.84202 1.81407 1.85789 1.92015 2.13387 2.14322 2.14622 2.15117 2.15695 2.15846 2.16216 2.16587 2.16956 2.17329 2.14028 2.06503 1.93656 1.84310 1.38120 1.24588
2.61866 2.49037 2.52562 2.56203 2.52882 2.44943 1.98705 1.82486 1.82225 1.82196 1.82151 1.80496 1.79806 1.79193 1.74106 1.68986 1.64878 1.63802 1.50531 1.44220 1.43777 1.42648 1.41081 1.39248 1.44750 1.47664 1.47153 1.46900 1.49714 1.46821 1.55278 1.58943 1.63764 1.75195 1.72000 1.71128 1.70635 1.70179 1.70987 1.80482 1.80646 1.80810 1.80922 1.79152 1.78480 1.84705 1.91317 1.86283 1.87640 1.96492 2.13140 2.21481 2.22221 2.22760 2.22211 2.16473 2.08741 2.01000 1.93260 1.85527 1.81451 1.81451 1.76395 1.82339 1.53179 1.51033
2.58828 2.40068 2.39208 2.46323 2.46291 2.46029 2.07227 1.83255 1.80623 1.79846 1.79088 1.77554 1.76702 1.76491 1.74030 1.70116 1.53220 1.51165 1.42734 1.31402 1.30349 1.30253 1.31251 1.32640 1.38383 1.45856 1.47227 1.48431 1.50062 1.47639 1.50736 1.55318 1.55902 1.71100 1.68372 1.68293 1.68293 1.68293 1.68320 1.79965 1.80925 1.80925 1.80915 1.79625 1.78480 1.80649 1.93611 1.87269 1.87798 1.96764 2.02857 2.11631 2.05438 1.99253 1.92291 1.81491 1.81451 1.81451 1.81451 1.81451 1.81473 1.82059 1.79722 1.92348 1.83559 1.75973
2.56753 2.39818 2.36082 2.42488 2.44330 2.43949 2.16426 1.86396 1.78612 1.78261 1.77892 1.77467 1.77362 1.76459 1.73968 1.68277 1.49906 1.44288 1.40560 1.35377 1.36821 1.38262 1.38651 1.38652 1.42208 1.48163 1.47453 1.47000 1.47557 1.47932 1.47284 1.54530 1.54276 1.66837 1.67677 1.66630 1.66396 1.66162 1.65927 1.74791 1.78090 1.77862 1.77910 1.78542 1.79629 1.79443 1.87304 1.75716 1.70762 1.70653 1.73476 1.91631 1.92674 1.93600 1.94560 1.88543 1.87332 1.88486 1.89714 1.91013 1.92360 1.91410 1.86808 1.86668 1.89853 1.91791
2.52603 2.43618 2.32021 2.39463 2.45181 2.46253 2.28749 1.93140 1.77255 1.76656 1.74611 1.71124 1.68506 1.66032 1.63956 1.57760 1.46316 1.40758 1.42151 1.45981 1.48609 1.52567 1.56554 1.60467 1.62052 1.48051 1.44253 1.44042 1.44077 1.46034 1.42151 1.51787 1.51882 1.60794 1.66631 1.64940 1.64940 1.64940 1.65142 1.71971 1.77573 1.76330 1.74773 1.73106 1.71608 1.70600 1.70613 1.67331 1.67858 1.70601 1.75709 1.94548 2.01584 2.00969 2.00255 1.94339 1.85675 1.82533 1.79563 1.76750 1.74075 1.72607 1.72553 1.72005 1.84885 1.92745
2.55938 2.53630 2.33702 2.39300 2.45782 2.43107 2.31350 1.98572 1.75969 1.73584 1.73478 1.74779 1.76421 1.77761 1.79051 1.76120 1.67929 1.59702 1.61648 1.65372 1.68021 1.68101 1.68101 1.68101 1.68101 1.51447 1.43854 1.43851 1.43852 1.45931 1.42953 1.49345 1.50464 1.54770 1.64697 1.61006 1.59722 1.58438 1.56954 1.59451 1.67779 1.68077 1.68328 1.67661 1.66387 1.65289 1.62981 1.56800 1.55339 1.54446 1.69320 1.77390 1.88168 1.86224 1.84351 1.82126 1.72532 1.72532 1.72532 1.72532 1.72532 1.72532 1.72532 1.69296 1.82182 1.89548
2.50152 2.50881 2.29925 2.33780 2.23227 2.20669 2.20072 2.01351 1.83261 1.79780 1.79780 1.79780 1.79735 1.81182 1.83520 1.83501 1.79711 1.66268 1.65777 1.66516 1.68101 1.68219 1.68722 1.69254 1.69786 1.58517 1.47777 1.47132 1.47664 1.49036 1.49399 1.44766 1.43169 1.44733 1.56934 1.52833 1.51727 1.50827 1.49926 1.50114 1.60203 1.58955 1.57575 1.57594 1.57088 1.57017 1.57888 1.53769 1.55697 1.56019 1.61262 1.65459 1.83680 1.83680 1.83680 1.83679 1.74496 1.72532 1.72532 1.72528 1.72004 1.71199 1.70482 1.68021 1.76574 1.84418
2.59020 2.59153 2.41524 2.31066 2.18112 2.07736 2.02071 1.84409 1.77171 1.80760 1.83336 1.85932 1.88160 1.88002 1.87752 1.86825 1.85462 1.69828 1.69301 1.69861 1.72552 1.72997 1.73026 1.73094 1.73666 1.64640 1.49576 1.42973 1.39234 1.35768 1.43400 1.49061 1.52160 1.52651 1.48969 1.45989 1.45027 1.45838 1.46611 1.47056 1.58829 1.60567 1.61239 1.61428 1.60989 1.60318 1.60328 1.56694 1.55967 1.56019 1.59605 1.62117 1.78206 1.81383 1.80609 1.79859 1.73805 1.65167 1.63947 1.62874 1.62004 1.61248 1.60485 1.58511 1.72587 1.90220
