High_resolution/powerplant/Chizhou/OMI_NO2_201012.asc
ncols      200
nrows      200
xllcorner       115.585
yllcorner       28.7700
cellsize     0.0166667
NODATA_Value      -999.000
[rows 87 to 115 of 164, columns 0 to 64 of 200]
5.83847 6.01536 6.01726 5.96898 5.93398 5.93251 5.93251 5.93251 5.90455 5.79629 5.79629 5.78200 5.25909 9.80603 13.9739 14.3965 14.7946 15.0904 15.2612 15.4461 16.2308 16.3021 16.3034 16.3034 16.3034 16.3034 16.3034 16.3092 16.3767 16.4607 16.5447 16.6147 16.6303 16.6737 16.7205 16.7673 17.0683 17.0957 16.4186 16.5820 16.5313 16.5313 16.5313 16.5313 16.5313 16.5313 16.4419 16.6838 17.2186 17.7552 18.3016 18.5061 18.4981 18.4880 18.4831 18.4970 18.5030 18.5033 18.6540 19.0692 19.0690 19.0688 18.9293 18.6057 14.2449
6.07399 6.07379 5.98604 5.93251 5.93251 5.93251 5.93251 5.95119 6.06359 6.24705 6.70056 7.15826 7.18811 8.57956 15.0942 15.2312 15.3961 15.4804 15.5263 15.5455 16.1558 16.3034 16.3034 16.3046 16.3596 16.4436 16.5276 16.6057 16.6402 16.6867 16.7335 16.7803 16.8188 16.8225 16.8225 16.8225 16.9727 17.1083 16.6178 16.5637 16.5317 16.5179 16.3490 16.5272 17.0623 17.5950 18.2122 18.4970 18.4891 18.4812 18.4749 18.4743 18.4743 18.4743 18.4913 18.4984 18.5010 18.5024 18.5146 19.0359 19.0688 19.0622 18.8787 18.4240 15.0611
6.07379 6.07379 6.03627 6.04498 6.17273 6.43046 6.79656 7.14420 7.39634 7.70708 7.80322 7.80322 7.61614 7.18758 14.1809 15.4034 15.4844 15.4872 15.5083 15.5455 15.9742 16.4265 16.5104 16.5938 16.6528 16.6997 16.7465 16.7933 16.8222 16.8225 16.8225 16.8225 16.8225 16.8225 16.8225 16.8225 16.8821 17.1115 16.8670 15.5035 16.0586 17.4433 18.1387 18.4880 18.4801 18.4746 18.4743 18.4743 18.4743 18.4743 18.4741 18.4739 18.4736 18.4731 18.4836 18.4982 18.4995 18.4387 18.2490 18.4300 18.4288 18.2420 18.1893 17.9392 16.2237
6.30484 6.55334 6.87747 7.18961 7.42957 7.53806 7.53806 7.53806 7.53806 7.63403 7.80322 7.80322 7.78469 7.22060 11.7113 15.3990 15.4855 15.5932 15.6812 15.8228 16.0768 16.7127 16.7595 16.8058 16.8225 16.8225 16.8225 16.8225 16.8225 16.8225 16.8225 16.8225 16.8225 16.8168 16.8047 16.3732 14.6105 12.8470 10.6762 8.09415 13.1382 18.4743 18.4743 18.4743 18.4743 18.4743 18.4742 18.4739 18.4737 18.4734 18.4734 18.4734 18.4715 18.4188 18.3462 18.2923 18.2007 17.6467 17.6229 17.8256 18.1893 18.1893 18.1893 18.0360 17.6135
7.39833 7.47715 7.47715 7.52189 7.53806 7.53806 7.55498 7.60166 7.64889 7.71405 7.80322 7.80322 7.80660 7.48449 9.06286 15.6532 15.7630 15.9095 15.9563 16.0422 16.0724 16.7630 16.8225 16.8225 16.8225 16.8225 16.8225 16.8225 16.8222 16.8136 16.7823 16.5326 14.9480 12.9346 10.6777 8.76951 8.64612 8.86592 9.13346 8.55115 9.35023 18.4664 18.4742 18.4739 18.4737 18.4735 18.4734 18.4734 18.4587 18.3885 18.3129 18.2372 18.1634 18.1405 18.1405 18.1613 18.1654 17.7863 17.6229 17.6627 18.1805 18.0543 17.2753 16.1515 14.8262
7.48274 7.52375 7.57103 7.64499 7.72640 7.77365 7.80398 7.80454 7.80500 7.81838 7.84348 7.86393 7.87023 7.76002 7.53749 14.6186 15.7006 16.0039 16.0064 16.0318 16.0646 16.5501 16.8225 16.8225 16.8209 16.7915 16.7384 16.6208 15.2783 13.3121 11.1300 8.98863 8.64612 8.64612 8.64612 8.64612 8.64612 8.75304 9.05849 8.83951 7.72918 16.7701 18.4734 18.4734 18.4340 18.3584 18.2827 18.2070 18.1459 18.1405 18.1405 18.1405 18.1405 18.1405 18.1405 18.1542 18.1654 17.8503 16.7720 15.8894 15.0269 14.0707 13.7714 13.7615 13.3618
7.73739 7.74363 7.74363 7.75235 7.80454 7.81246 7.83168 7.84558 7.85269 7.84683 7.83843 7.83155 7.83128 7.81974 7.53876 12.1930 15.6691 15.9308 16.0064 16.0138 16.0908 16.3656 16.6942 16.6366 15.6025 13.7016 11.5946 9.31188 8.64612 8.64612 8.64612 8.64612 8.64612 8.64612 8.63115 8.58388 8.53553 8.49830 8.83118 8.97832 7.89855 13.3278 18.2525 18.1768 18.1405 18.1405 18.1405 18.1405 18.1405 18.1405 18.1405 18.1405 18.1405 18.0469 17.2992 16.4235 15.5591 14.7209 14.0875 13.8873 13.4884 13.0554 12.8095 12.5641 12.2674
7.74363 7.74704 7.76470 7.77699 7.83614 7.84506 7.83338 7.82700 7.82699 7.82699 7.82812 7.83128 7.83128 7.83128 7.62729 9.41397 15.8319 16.2228 16.6366 16.8704 15.8479 13.9112 12.0465 9.73405 8.64612 8.64612 8.64612 8.64612 8.64612 8.64612 8.63791 8.59371 8.54529 8.49695 8.46348 8.45830 8.44384 8.42886 8.48804 8.57353 8.01153 9.31937 18.1405 18.1405 18.1405 18.1405 18.1405 18.1405 18.1403 18.0210 17.3094 16.4270 15.5441 14.7217 14.4166 14.2338 13.8756 13.6140 12.9540 12.7949 12.7459 12.4604 12.4650 12.4695 12.3213
7.77681 7.78093 7.77083 7.76608 7.79970 7.82699 7.82699 7.82699 7.82699 7.82699 7.84034 7.93280 8.14106 8.43374 8.62221 8.69831 15.4231 14.6878 13.0124 10.7835 8.82968 8.40468 8.58985 8.64612 8.64612 8.64612 8.64261 8.60353 8.55516 8.50670 8.46657 8.45462 8.43963 8.42466 8.40967 8.39875 8.39823 8.39823 8.40540 8.50632 8.32088 7.25740 16.7309 18.1405 18.1247 17.9793 17.3190 16.4372 15.5013 14.5599 14.2053 14.0216 13.8382 13.6887 13.6745 13.6745 13.4415 13.3426 13.0790 12.8092 12.8125 12.5250 12.4727 12.4727 12.4950
7.76608 7.76608 7.76608 7.76608 7.78168 7.83419 7.89679 7.97502 8.16052 8.39452 8.61514 8.95329 9.10768 9.10768 9.09318 8.81231 8.80361 8.80164 9.15989 9.22322 9.05993 8.40468 8.51890 8.61334 8.56494 8.51657 8.47103 8.45042 8.43532 8.42046 8.40548 8.39823 8.39823 8.39823 8.39823 8.39823 8.39823 8.39823 8.39979 8.45480 8.48850 7.24477 13.2669 16.3709 15.3204 14.4004 13.9938 13.8104 13.6797 13.6745 13.6745 13.6745 13.6752 13.6793 13.6838 13.6884 13.5537 13.3552 13.2506 12.8127 13.0152 13.3723 13.8021 14.4585 15.1440
7.76618 7.77216 7.78156 7.80186 7.94276 8.45086 8.64414 8.79984 8.84811 8.84811 8.84811 8.95839 9.10768 9.10768 9.10768 8.89799 8.80164 8.80164 9.02971 9.20023 9.14935 8.37734 8.27945 8.44622 8.43124 8.41626 8.40193 8.39823 8.39823 8.39823 8.39823 8.39823 8.39823 8.39823 8.39823 8.39715 8.27133 8.06075 8.81400 10.7987 12.5317 13.6177 13.5407 13.6752 13.6745 13.6745 13.6745 13.6745 13.6750 13.6789 13.6834 13.6880 13.6918 13.6923 13.6923 13.6838 13.5113 13.0484 12.8779 14.8667 15.7345 15.6371 15.3153 15.3153 15.3153
7.96746 8.13079 8.29056 8.43944 8.47128 8.72270 8.84811 8.84811 8.84811 8.86598 8.92990 9.02285 9.10768 9.10768 9.10768 9.01363 8.74008 8.69171 8.78411 9.01914 9.00413 8.51353 8.15878 8.37195 8.39823 8.39823 8.39823 8.39823 8.39823 8.39823 8.39823 8.38292 8.21287 7.94774 8.25504 10.1968 12.1164 13.8969 14.8672 14.8818 14.6657 14.2968 13.4670 13.6363 13.6748 13.6784 13.6832 13.6875 13.6916 13.6923 13.6923 13.6483 13.4857 13.3171 13.1479 12.9878 12.9485 12.6645 12.6114 14.2875 15.7404 15.7346 15.3461 15.3153 14.6309
8.45694 8.47128 8.47128 8.47626 8.53014 8.73716 9.03953 9.10581 9.17202 9.22047 9.22279 9.23487 9.26370 9.40994 9.64381 9.86047 9.06071 9.20017 9.30625 9.00414 8.97532 8.75263 8.15679 8.30238 8.39823 8.39823 8.39823 8.35257 8.10081 7.77775 7.78499 9.60553 11.6208 13.4914 14.8028 14.8748 14.8748 14.8748 14.8748 14.8772 14.7681 14.5265 13.6448 13.5528 13.6914 13.6923 13.6909 13.5862 13.4174 13.2485 13.0797 12.9549 12.9485 12.9485 12.9485 12.9485 12.9485 12.7601 12.6114 13.3801 15.2028 13.0384 10.1906 7.05594 4.76099
8.23726 8.70602 8.77230 8.83360 8.84597 8.87886 9.21989 9.22421 9.30326 9.42793 9.63280 9.87791 10.0825 10.2850 10.3735 10.3735 9.62510 9.31191 9.31191 9.10481 8.97532 8.95708 8.20536 8.07369 7.93091 7.60784 7.40941 9.01442 11.1584 13.1271 14.6721 14.8748 14.8748 14.8748 14.8748 14.8748 14.8748 14.8961 14.9362 14.9763 15.0027 14.6939 13.9915 13.2880 13.3490 13.1801 13.0127 12.9485 12.9485 12.9485 12.9485 12.9485 12.9485 12.9485 12.9485 12.9485 12.5948 10.7207 8.32331 5.97064 5.15721 5.07414 4.76299 4.28366 4.03474
7.89092 8.84597 8.84597 8.84597 8.89038 9.01688 9.53305 9.87041 10.0491 10.1825 10.2355 10.2355 10.2802 10.3735 10.3735 10.3735 9.97150 9.31191 9.25954 8.89159 8.32391 7.98964 7.01134 8.01228 10.7270 12.7547 14.4734 14.8748 14.8748 14.8748 14.8748 14.8748 14.8748 14.8887 14.9282 14.9683 15.0083 15.0271 15.0234 15.0137 14.8060 14.1893 13.6450 12.7040 12.9198 12.9485 12.9485 12.9485 12.9485 12.9485 12.9485 12.9488 12.6926 10.9987 8.90252 6.55276 4.43855 4.17360 3.47822 3.25326 3.68219 3.82105 3.74368 3.39835 3.33811
7.35601 8.98509 9.21805 9.47600 9.68961 9.82084 10.0440 10.2355 10.2355 10.2355 10.2355 10.2355 10.2469 10.3406 10.1781 9.88908 9.47951 8.17903 7.87699 8.83175 10.8140 12.8364 14.3467 14.4732 14.7666 14.8748 14.8748 14.8748 14.8748 14.8822 14.9202 14.9603 15.0003 15.0264 15.0208 15.0110 15.0013 14.9915 14.9854 14.9853 14.8183 14.1279 13.8774 12.8581 12.8287 12.9485 12.9485 12.9519 12.7790 11.1773 9.10148 6.75834 4.46517 4.10869 4.04043 3.97210 3.91557 3.90971 3.15947 2.83238 3.08046 3.63865 3.58544 3.29816 3.20735
7.92601 9.54246 9.85865 9.85865 9.85865 9.85865 9.93322 10.2355 10.2211 10.1050 9.95836 9.71422 9.44681 9.11149 8.91481 8.86937 8.86937 8.09854 9.81526 15.5667 15.3868 15.3036 15.2532 14.4906 14.6497 14.8786 14.9123 14.9515 14.9915 15.0232 15.0181 15.0084 14.9986 14.9889 14.9853 14.9853 14.9853 14.9853 14.9853 14.9853 14.9760 14.2809 13.9458 13.1842 12.6766 11.3543 9.27395 6.90296 4.50477 4.03078 3.96245 3.91220 3.90971 3.90971 3.90971 3.89750 3.85854 3.81862 3.33106 2.69158 2.75195 3.54817 3.55645 3.35193 3.07094
8.08799 9.01485 9.85865 9.85874 9.86181 9.86633 9.85256 9.60911 9.32751 9.17613 9.05552 9.03215 9.03215 8.95243 8.86937 8.86937 8.86937 8.44503 7.91230 15.0113 15.4704 15.3047 15.3331 14.7644 14.6422 15.0184 15.0155 15.0057 14.9959 14.9870 14.9853 14.9853 14.9853 14.9853 14.9853 14.9853 14.9853 14.9853 14.9840 14.9491 14.8941 14.1277 13.0290 12.1338 10.9280 4.48446 3.91024 3.90971 3.90971 3.90971 3.90971 3.90004 3.86201 3.82211 3.78217 3.75446 3.75352 3.75352 3.62686 2.87993 3.08635 3.27463 3.15619 3.07810 2.85295
8.09428 8.47294 9.84194 9.72097 9.59098 9.45959 9.34820 9.15036 9.03215 9.03215 9.03215 9.03215 9.02581 8.96484 8.86937 8.86937 8.86937 8.77823 7.84732 12.9248 15.6529 15.4426 15.4416 15.0785 14.5917 14.9283 14.9853 14.9853 14.9853 14.9853 14.9853 14.9853 14.9853 14.9853 14.9790 14.9356 14.8783 14.6201 14.1391 13.6919 13.2645 12.8838 12.0822 11.7797 10.9384 6.78721 3.90971 3.90232 3.86546 3.82554 3.78564 3.75540 3.75352 3.75352 3.82352 4.02704 4.23356 4.44018 4.62930 3.76072 3.60266 3.36700 3.11475 3.11475 2.89456
8.41531 8.55895 9.26987 9.33490 9.33490 9.33490 9.33353 9.21320 8.97281 8.93963 8.90658 8.87340 8.84655 8.84478 8.86027 8.83232 8.80133 8.68961 7.97321 10.1414 15.3381 15.3805 15.4141 15.3141 14.5854 14.8107 14.9853 14.9853 14.9853 14.9853 14.9703 14.9141 14.8481 14.6622 14.1986 13.7595 13.3345 13.1108 13.1105 13.1105 13.1105 13.0749 12.2581 11.8616 11.1141 8.91197 3.78909 3.75658 3.75352 3.75917 3.90527 4.11180 4.31851 4.52513 4.66175 4.66494 4.66494 4.66494 4.66494 4.06401 3.60266 3.51375 3.11475 3.96727 5.50184
8.66075 8.64541 9.00940 9.25333 9.22016 9.18700 9.15525 9.13228 8.85231 8.84414 8.84196 8.82180 8.79380 8.69117 8.53660 8.38727 8.25423 8.20192 7.87998 7.62745 14.8339 15.3393 15.4141 15.4141 14.7406 14.6938 14.9500 14.8839 14.8178 14.6877 14.2613 13.8353 13.4194 13.1225 13.1105 13.1105 13.1105 13.1105 13.1105 13.1062 13.0319 12.9327 12.3034 11.5187 11.2199 10.5681 4.34782 4.19674 4.40336 4.60442 4.66494 4.66494 4.66494 4.66494 4.66494 4.66494 4.66494 4.66494 4.66494 5.04456 6.05955 7.64343 8.70860 9.41059 9.16109
15.2970 15.2513 14.7134 14.2125 14.0672 14.0631 14.0408 13.6234 12.8374 9.82810 9.18116 9.17125 9.45259 9.83585 11.0523 11.0523 11.0523 11.0523 11.0523 11.0523 11.0523 11.4864 11.6782 10.9161 11.6740 14.6254 14.5200 14.4143 14.3359 14.3164 14.3010 14.2277 13.8779 13.8779 13.5271 13.1814 13.1458 13.1054 13.0144 12.8984 12.8035 12.7366 12.7153 12.1570 11.0462 8.82886 6.22603 5.79609 5.79609 5.79609 5.78649 5.57689 5.56812 5.86342 6.18268 6.22281 6.18683 5.97890 5.88910 5.85784 5.82802 5.82047 5.82047 5.82047 5.82047
15.1306 15.1182 14.5437 13.3213 12.6962 12.0711 11.4684 11.2607 11.2607 9.37128 8.65925 8.72666 9.43118 9.47156 10.9655 11.0523 11.0523 11.0523 11.0523 11.0523 11.0461 11.2234 11.5100 10.9364 10.2031 13.9345 14.3220 14.3220 14.3220 14.3214 14.2869 14.2504 13.8497 13.7203 13.3194 12.9006 12.8319 12.7681 12.7549 12.4664 11.3856 10.1975 8.88472 8.24226 8.26716 7.64830 5.79609 5.79609 5.79609 5.75521 5.62115 5.59808 5.74719 5.97501 6.20006 6.16881 6.09805 5.94777 5.82047 5.82047 5.82047 5.82047 5.82047 5.82047 5.82047
13.4617 12.8492 12.3602 11.2789 11.2607 11.2607 11.2607 11.2607 11.2607 10.1874 8.65925 8.65925 9.25550 9.43914 10.5470 11.0523 11.0450 10.9717 10.8817 10.7918 10.7084 10.7578 11.3146 11.2224 10.1807 12.7049 14.2824 14.2469 14.2113 14.1349 13.8340 13.5295 12.9965 12.5461 12.5086 12.6276 11.7560 10.6060 9.35531 8.37706 8.31561 8.33317 8.35924 8.37593 8.37625 8.25640 5.72824 5.52503 5.45093 5.48899 5.62034 5.91184 6.27873 6.28057 6.15693 6.14032 6.12026 6.01653 5.82047 5.82047 5.82047 5.75581 5.48090 5.18291 4.88456
12.3282 12.3282 12.3282 11.5268 11.2607 11.2607 11.2607 11.2607 11.2607 10.9897 8.67330 8.65925 9.00326 9.35594 9.92345 10.7895 10.7068 10.6905 10.6905 10.6905 10.6879 10.6320 11.0927 11.1667 10.2654 11.0743 13.8391 13.5407 13.2422 12.9846 12.9422 12.9187 12.1640 10.7260 9.50409 8.47131 8.39796 8.41976 8.42285 8.42285 8.39712 8.37474 8.30285 8.19357 8.14952 8.15946 6.38221 5.77552 5.84693 5.84698 5.84698 5.87396 6.27096 6.28091 6.19935 6.14032 6.13942 5.98732 5.43372 5.08017 4.78194 4.54849 4.52539 4.52539 4.52539
12.3282 12.3282 12.3282 11.8444 11.2607 11.2607 11.2607 11.2607 11.2164 10.7734 8.83075 8.39430 8.42086 9.07703 9.28396 10.6901 10.6646 10.5893 10.5127 10.4362 10.3623 10.2631 10.2262 10.1288 9.31284 8.60268 12.5830 12.8652 12.4157 11.2614 10.0434 9.12653 8.62674 8.16486 8.12572 8.21131 8.42285 8.42285 8.38176 8.27658 8.23348 8.19836 8.26804 8.37521 8.41696 8.41696 7.30816 5.84698 5.84698 5.84698 5.84698 5.84698 6.19375 6.32461 6.24658 6.10528 6.06574 5.56883 4.83470 4.52539 4.52539 4.52539 4.52539 4.52539 4.52539
12.3282 12.3282 12.3282 12.1620 11.2325 10.8173 10.2792 9.74057 9.24630 9.15116 8.74769 8.29195 8.23003 8.79857 8.85683 10.1486 10.3428 10.2534 9.83644 9.38925 8.94018 8.49956 8.51485 8.97021 8.79789 8.11790 9.42869 8.94626 8.05442 8.03979 8.04041 8.56690 8.63344 8.31498 8.10837 8.02706 8.28066 8.29303 8.33188 8.43485 8.46250 8.41944 8.41696 8.41696 8.41696 8.41696 7.95529 5.87192 5.94998 5.94310 5.90361 5.86431 5.96175 6.17590 6.17239 6.04290 6.03531 5.79260 5.05708 4.52539 4.52539 4.52539 4.52539 4.51692 4.47780
12.3128 11.9291 11.3905 10.8522 9.42598 9.15116 9.15116 9.11724 9.04084 8.96433 8.75048 7.96320 7.94865 8.25849 8.20837 8.65632 8.80055 8.33286 8.19329 8.08496 7.97805 7.94123 7.94804 8.60614 8.66561 8.17950 8.03979 8.03979 8.03979 8.03979 8.03609 8.32379 8.46097 8.26368 8.06055 8.14834 8.36602 8.46357 8.46357 8.46357 8.46357 8.43195 8.42958 8.49255 8.55136 8.53564 8.48107 6.10884 5.77429 5.74197 5.74197 5.74197 5.77949 6.17096 6.17590 6.08236 6.03531 5.99710 5.28073 4.53959 4.48606 4.44410 4.40218 4.37190 4.39245
10.3735 10.2186 10.2138 10.1718 9.49279 8.92156 8.84501 8.80241 8.80227 8.75426 8.46852 7.41213 6.95025 6.70872 6.76181 7.08371 7.94123 7.94123 7.94123 7.94123 7.94123 7.94123 7.94123 8.39996 8.66561 8.37573 8.03979 7.99245 7.90120 7.81214 7.72686 7.91674 8.31127 8.30478 8.17135 8.16644 8.27454 8.46969 8.55824 8.67278 8.76980 8.70823 8.53345 8.43900 8.34875 8.33296 8.33296 6.72792 5.74197 5.74197 5.74197 5.74197 5.74197 6.06907 6.17590 6.12402 6.00421 5.96225 5.39116 4.58133 4.39991 4.42678 4.45361 4.47722 4.48071
