High_resolution/powerplant/Chizhou/OMI_NO2_200510.asc
ncols      200
nrows      200
xllcorner       115.585
yllcorner       28.7700
cellsize     0.0166667
NODATA_Value      -999.000
[rows 58 to 86 of 189, columns 67 to 133 of 200]
2.99806 3.17556 3.33277 3.27779 3.20217 3.20221 3.33195 3.45361 3.45361 3.45647 3.60870 3.62098 3.62098 3.62098 3.62098 3.57938 3.41689 3.42477 3.46768 3.45572 3.48099 3.64132 3.87153 3.92562 3.97452 4.12069 4.16554 4.24652 4.31953 4.24987 4.18544 4.15873 4.13798 3.98593 3.90260 4.04736 4.08569 4.12061 4.15847 4.20801 4.32076 4.33826 4.35009 4.36511 4.40548 4.41882 4.42301 4.51342 4.92200 5.04303 5.51767 5.75921 5.81443 5.91210 6.18610 6.68926 6.98074 7.17160 7.90610 7.97417 7.97785 7.92933 7.95817 8.30791 8.91620 9.08657 9.32617
2.81126 3.06928 3.33877 3.31208 3.20223 3.20217 3.26409 3.44355 3.45361 3.45361 3.55756 3.62098 3.62098 3.63081 3.66723 3.71755 3.64433 3.71516 3.79007 3.81900 3.84078 3.88852 4.08425 4.10553 4.08259 4.03828 3.99095 3.96905 3.99804 3.97793 3.96282 3.96829 4.02526 3.94840 3.79750 4.12537 4.19043 4.24053 4.32387 4.32909 4.38997 4.42306 4.42479 4.42514 4.45161 4.48350 4.51002 4.58104 5.07649 5.62190 5.99907 6.57962 6.64326 6.68751 6.89689 7.10271 7.33301 7.34574 7.84260 8.08801 8.17529 8.30298 8.57918 8.76547 9.43890 9.45508 9.43280
2.69915 3.03325 3.28981 3.32767 3.21828 3.20100 3.23748 3.48755 3.56704 3.61626 3.74131 3.93573 4.01284 4.08000 4.12053 4.13949 4.10690 4.08977 4.07960 4.04920 3.95672 3.90398 4.04548 4.05974 4.01692 4.01332 4.01015 3.98283 3.93641 3.92594 3.91568 3.90675 3.97299 3.97137 3.76230 3.99364 4.17359 4.20899 4.36062 4.38714 4.44557 4.53041 4.55688 4.58339 4.63705 4.72662 4.80080 4.88070 5.30663 6.14216 6.23029 6.98748 7.21021 7.36056 7.47364 7.58491 7.71491 7.76179 8.04314 8.43973 8.43973 8.43973 8.54595 8.66131 9.33961 9.45508 9.44149
2.60957 2.93017 3.12903 3.28150 3.21251 3.21795 3.29435 3.91710 4.06543 4.08566 4.08498 4.22940 4.22067 4.20169 4.18290 4.16924 4.12665 4.04032 3.97777 3.92021 3.74969 3.74653 3.86392 3.96041 3.94901 3.93919 3.95428 3.93813 3.90555 3.89936 3.89867 3.87801 3.90387 3.90832 3.91384 4.00995 4.32836 4.35336 4.50516 4.51471 4.50487 4.75077 4.83309 4.90734 4.96657 5.00309 5.09340 5.25327 5.56179 6.64975 6.76240 7.71007 7.87690 7.82884 7.80219 7.76179 7.76179 7.76179 7.84382 8.43885 8.44139 8.45127 8.50587 8.68484 9.04469 9.10526 9.03425
3.01559 3.26057 3.44442 3.51149 3.50776 3.35612 3.34772 3.79036 4.03005 4.01864 4.00723 4.10662 4.15015 4.09528 4.03690 3.97846 3.92266 3.87726 3.87916 3.89016 3.77921 3.75228 3.80565 3.93699 3.92660 3.89399 3.87734 3.84067 3.78519 3.74082 3.71175 3.70264 3.73904 3.78008 4.00205 3.94840 4.32303 4.30630 4.39593 4.43465 4.46717 4.91913 5.14284 5.33007 5.52268 5.65960 5.72444 5.73124 5.82256 6.55094 6.83825 7.40915 7.89140 7.87147 7.84830 7.81618 7.82031 7.83131 7.84233 8.41224 8.54062 8.54175 8.54297 8.75807 8.94444 8.94229 8.99813
3.52389 3.59125 3.66701 3.56393 3.64822 3.44840 3.48394 3.72327 3.98400 4.02889 4.05551 4.04778 3.93677 3.93376 3.93376 3.93376 3.93325 3.88331 3.87971 3.83805 3.71749 3.62205 3.59537 3.73160 3.71980 3.71932 3.72355 3.74887 3.72564 3.70264 3.69714 3.68255 3.68486 3.73054 3.89273 3.79927 4.30765 4.44507 4.61087 4.87783 5.03564 5.42425 5.82083 5.84754 5.86940 5.84304 5.82447 5.84634 5.89959 6.38065 6.95507 7.19843 7.97891 7.96517 7.91380 7.88721 7.89326 7.94921 8.00511 8.41980 8.79480 8.85074 8.90665 9.06766 9.22653 9.21422 9.20392
3.62219 3.69977 3.85259 3.74853 3.79507 3.59545 3.58498 3.75151 4.04634 4.10417 4.10417 4.09674 3.94006 3.93376 3.93376 3.93376 3.93376 3.89637 3.87971 3.76381 3.63169 3.53370 3.53370 3.65975 3.71932 3.71687 3.70220 3.71517 3.68694 3.60650 3.55240 3.50742 3.46637 3.52810 3.68031 3.84131 4.68504 5.10089 5.23695 5.41841 5.44032 5.54688 6.01244 6.01308 6.01308 5.99131 5.92433 5.92433 5.92784 6.14490 6.98178 6.93643 7.96025 7.99333 8.20850 8.27341 8.25975 8.25975 8.25975 8.41839 8.93769 8.93984 9.09168 9.40909 9.79100 10.4253 10.7120
3.74005 3.76964 3.93547 3.90937 3.89489 3.75553 3.63963 3.69616 4.01564 4.10417 4.10417 4.10417 3.98765 3.93376 3.93376 3.93376 3.93376 3.90998 3.87971 3.82176 3.66422 3.54446 3.55744 3.59622 3.59470 3.55491 3.55412 3.57672 3.61748 3.65536 3.73921 3.84797 4.01757 4.04584 4.12211 4.41901 4.81890 5.31713 5.31713 5.45778 5.47846 5.47851 5.93920 6.01755 6.02096 6.02298 5.94506 5.94243 5.94584 6.01103 6.86348 6.92710 7.73209 8.02931 8.24887 8.43856 8.53691 8.77471 9.09638 9.42580 10.1541 10.4144 10.4971 10.4922 10.6723 11.1874 11.3575
3.86121 3.86739 3.96887 3.99255 3.86780 3.83276 3.63963 3.64080 3.96213 4.10223 4.10417 4.10417 4.04256 3.93376 3.93376 3.93376 3.93799 3.95628 4.01492 4.07263 3.85236 3.68732 3.66024 3.68305 3.79020 3.83989 3.86345 3.95109 4.16015 4.26008 4.37804 4.48762 4.53215 4.49573 4.45018 4.76269 4.84930 5.21645 5.20644 5.29965 5.35938 5.35161 5.64284 5.86617 5.85492 5.84370 5.77487 5.73414 5.78313 5.91289 6.71250 7.41308 8.26238 9.17793 9.62307 10.0264 10.1784 10.2029 10.1809 10.1835 10.5802 10.9316 11.1481 11.3648 11.0205 11.2650 11.6604
3.86739 3.86739 3.93295 4.00945 3.87291 3.91025 3.64148 3.63963 3.89017 4.08247 4.12414 4.13808 4.15151 4.01764 4.03440 4.05515 4.07162 4.07157 4.38988 4.46872 4.25691 4.02207 4.05682 4.13421 4.24319 4.33002 4.40394 4.43272 4.65071 4.63944 4.50329 4.50433 4.50536 4.46815 4.33982 4.56068 4.59454 5.08878 5.09200 5.15238 5.26902 5.31810 5.54871 6.03266 6.12267 6.21261 6.27153 6.35290 6.55717 6.76173 7.46408 8.57411 9.07214 10.0252 10.1589 10.6543 10.8379 10.8080 11.0245 11.2164 11.4049 11.6519 11.6519 11.6519 11.3426 11.0925 11.6683
3.86831 3.89303 3.95265 4.04981 3.97385 3.97691 3.76277 3.72532 3.94139 4.19420 4.27503 4.31750 4.35406 4.26525 4.25964 4.32487 4.39416 4.46562 4.79705 4.94030 4.77386 4.36618 4.37756 4.40006 4.42862 4.43968 4.44085 4.44200 4.54939 4.69840 4.50843 4.50843 4.50843 4.50474 4.35507 4.49376 4.83392 5.28155 5.48832 5.59296 5.84424 5.88628 5.91627 6.57870 6.79654 6.97670 7.15064 7.19899 7.21066 7.30582 7.71741 9.17733 9.67152 10.9428 11.2502 11.5522 11.5820 11.3127 11.2719 11.2719 11.2986 11.6465 11.6519 11.6519 11.5767 11.0642 11.6763
4.12766 4.13811 4.11024 4.09194 4.08982 4.09261 3.97733 3.95937 4.11749 4.46656 4.63260 4.66355 4.69092 4.64147 4.54502 4.55409 4.58244 4.61551 4.81755 5.06094 4.99935 4.51999 4.45630 4.45669 4.46265 4.44558 4.44354 4.44619 4.51416 4.74922 4.56933 4.58979 4.61024 4.63068 4.52092 4.50050 5.24113 5.42748 5.79598 5.91344 6.17436 6.32497 6.42421 7.04345 7.39276 7.50610 7.67881 7.92959 8.20629 8.36523 8.47440 9.57609 10.0339 10.8173 11.2752 11.5174 11.7360 11.6773 11.6428 11.7515 11.8604 12.2582 12.4576 12.5665 12.6520 12.0566 11.8559
4.08811 4.10611 4.15170 4.16562 4.16212 4.20663 4.16640 4.23752 4.33215 4.70682 4.74904 4.79040 4.87680 4.94230 4.68370 4.70436 4.70909 4.70909 4.78098 5.09561 5.09458 4.64502 4.49375 4.51676 4.53983 4.55970 4.57261 4.59296 4.60050 4.81600 4.67537 4.64401 4.64401 4.68777 4.71038 4.72839 5.43823 5.80807 6.33701 6.39998 6.57437 6.78456 6.95300 7.40339 8.05538 8.11486 8.13852 8.32338 8.53294 8.58529 8.82397 9.84833 10.7026 11.3147 12.2178 12.3979 12.5892 12.5245 12.2785 12.2773 12.2719 12.4436 12.6402 12.6344 12.6286 12.2319 11.8817
4.17529 4.21116 4.28316 4.36334 4.47479 4.61281 4.58790 4.63045 4.76291 5.12705 5.08950 5.11506 5.11683 5.11683 4.81005 4.70909 4.70909 4.70909 4.71187 5.06771 5.09561 4.90008 4.60922 4.60922 4.60922 4.60837 4.59607 4.59607 4.61676 4.84604 4.94735 4.96836 5.12621 5.26510 5.30390 5.25859 5.76621 6.31297 6.86674 7.05692 7.25424 7.47666 7.53314 7.65388 8.48552 8.54695 8.57589 8.62204 8.86589 8.86589 9.05285 9.89445 10.9313 11.1847 12.3073 12.3702 12.5645 12.5578 12.2817 12.2375 12.2371 12.3029 12.6171 12.6171 12.6218 12.5559 12.1733
4.62475 4.70925 4.75754 4.80440 4.87555 4.98098 5.04105 5.04468 5.04899 5.21275 5.20005 5.11683 5.11683 5.11683 4.94127 4.70909 4.70909 4.70909 4.70909 4.97386 5.09561 4.99973 4.64541 4.61087 4.66090 4.75459 4.94156 5.14254 5.32764 5.49995 5.60977 5.59957 5.69087 5.75748 5.84021 6.02477 6.29322 7.04194 7.38948 7.54204 7.54947 7.71454 7.71900 7.71900 8.37935 8.57795 8.59366 8.61202 8.87969 8.93845 8.99528 9.67430 10.9741 11.2023 12.1448 12.4070 12.5355 12.5738 12.3957 12.1882 12.1542 12.1408 12.7772 13.0868 13.3061 13.4013 12.7350
4.88081 4.96917 5.05757 5.13040 5.12512 5.12804 5.14966 5.04899 5.04899 5.15675 5.25671 5.11683 5.11683 5.11683 5.07064 4.71066 4.70909 4.70909 4.70909 4.90089 5.20263 5.27889 5.06895 5.19083 5.31462 5.42295 5.70283 5.76188 5.81010 5.86836 6.10002 5.96388 6.00616 6.04847 6.07193 6.18492 6.23774 7.01172 7.29150 7.59545 7.61154 7.78663 7.87005 7.89891 8.33231 8.81154 8.82469 8.83532 9.00891 9.14646 9.15704 9.68933 10.7641 11.3771 11.9248 12.4803 12.5422 12.5674 12.4972 12.3638 12.4856 12.5730 13.1434 13.4255 13.2409 13.0672 12.4172
5.13786 5.13786 5.13786 5.13786 5.12852 5.12412 5.16108 5.06519 5.04899 5.09679 5.30090 5.12926 5.13538 5.21145 5.29520 5.11828 5.20549 5.37787 5.54978 5.68339 5.64547 5.64652 5.44787 5.54482 5.57396 5.60299 5.76570 5.82613 5.81925 5.81228 6.03500 6.22287 6.24725 6.26151 6.27573 6.35529 6.43274 6.99394 7.35685 7.79794 7.79869 7.92789 8.06430 8.06430 8.22073 8.95814 8.98878 9.01945 9.12648 9.37067 9.41860 9.84707 10.4304 11.1095 11.5302 12.5805 12.9095 13.2645 13.3993 12.5425 12.2255 12.0481 12.2899 12.9503 12.9496 12.9496 12.6088
5.13786 5.13786 5.13786 5.13786 5.15371 5.23774 5.35431 5.40286 5.44299 5.53802 5.74456 5.79388 5.88216 5.97806 6.06621 5.90388 5.68431 5.69508 5.73412 5.77364 5.69296 5.72346 5.55086 5.57021 5.57562 5.57543 5.65631 5.79230 5.79783 5.80335 5.95056 6.23093 6.29999 6.30003 6.30003 6.33567 6.44385 6.78318 7.32187 7.78098 7.89228 7.98134 8.21918 8.24978 8.27373 9.03404 9.19264 9.24739 9.30851 9.63042 9.68429 9.92961 10.9484 12.1574 12.8276 13.2062 13.0479 13.0526 13.0435 12.5565 12.1018 11.9973 12.0292 12.9110 12.9496 12.9496 12.8731
5.43306 5.50983 5.58655 5.66330 5.74752 5.87567 5.84490 5.88466 6.14596 6.26153 6.29269 6.21397 6.09347 6.12336 6.16383 6.14491 5.83717 5.86661 5.86767 5.86877 5.78254 5.74498 5.64472 5.54508 5.59586 5.59937 5.61682 5.81543 5.81791 5.81791 5.86811 6.19343 6.34547 6.37268 6.39992 6.43164 6.59378 6.73592 7.46687 7.78987 8.01730 8.15889 8.58516 8.78196 8.96245 9.26692 9.52983 9.81373 10.2960 11.0554 11.6360 12.1004 12.6546 13.1417 13.4207 13.0862 12.9183 13.0190 13.0435 12.8053 12.0225 11.7902 11.7036 12.2845 12.4890 12.4055 12.3220
5.72971 5.71964 5.66328 5.60451 5.54636 5.62430 5.62290 5.73397 6.30211 6.34591 6.31730 6.28671 6.26563 6.27950 6.27416 6.25856 5.94499 5.88722 5.89137 5.89406 5.83728 5.76274 5.74499 5.51321 5.60950 5.63949 5.67010 5.86587 5.94936 5.98000 6.01032 6.28525 6.46878 6.48039 6.48039 6.48039 6.66821 6.86429 7.75619 8.23763 8.87040 9.17644 9.64081 10.0142 10.4257 11.0586 11.6134 11.8141 11.8242 11.8480 11.9600 11.9062 12.2501 12.6290 13.0231 12.7453 12.3538 12.3380 12.3120 12.2680 11.4898 11.2697 11.2253 11.5847 12.1176 12.0814 12.0453
5.52276 5.47405 5.47157 5.47160 5.47457 5.57948 5.62934 5.67008 6.07035 6.24483 6.18426 6.10416 6.21525 6.23638 6.22612 6.22612 6.05858 5.89409 5.89409 5.89409 5.87011 5.76274 5.76274 5.67297 5.80218 5.80285 5.80285 5.90079 6.02082 6.02082 6.02082 6.23291 6.62006 6.83044 6.99250 7.27120 7.61509 7.87658 8.57732 9.23663 10.4909 10.7603 11.0418 11.3383 11.3703 11.2839 11.4562 11.4134 11.3596 11.3255 11.5182 11.5204 11.6752 11.9900 12.6263 12.5958 12.1943 12.2534 12.1716 12.1354 11.6052 11.1118 10.9815 11.0740 11.9189 11.9215 11.9215
5.46624 5.43412 5.40066 5.36718 5.33076 5.35408 5.40223 5.41400 5.67162 6.04628 6.03092 6.01591 6.12722 6.22612 6.22612 6.22612 6.16472 5.89409 5.89409 5.89409 5.89322 5.77243 5.76274 5.69859 5.77952 5.80285 5.80458 5.87255 6.35759 6.57623 6.95336 7.38470 7.82942 8.01495 8.22516 8.32919 8.35318 8.51012 9.15839 10.0614 10.6022 10.8060 10.8424 11.0420 11.0420 11.0420 11.2098 11.2866 11.2868 11.3251 11.5715 11.6891 11.8430 12.1711 12.9029 13.0767 12.6805 12.5713 12.0306 12.0154 11.8134 11.1047 10.8259 10.5589 10.6813 10.1796 9.53318
5.25674 5.25538 5.24950 5.22703 5.20362 5.20379 5.31467 5.32268 5.46014 6.01977 6.03212 6.01804 6.07026 6.22612 6.22612 6.22612 6.22582 5.93928 5.89409 5.89409 5.89409 5.80477 5.77665 5.78183 5.89780 6.25150 6.49954 6.72193 7.73155 8.03995 8.07206 8.09295 8.45208 8.62110 9.01626 9.40945 9.78238 9.58078 9.63690 10.4054 10.4573 10.8081 10.8382 11.1303 11.2389 11.3155 11.4873 11.7135 11.7898 11.8282 11.9517 12.0854 12.1209 12.3779 13.0532 13.2144 12.7862 12.4071 11.7423 11.2883 10.9731 9.88569 9.41687 9.24936 8.97026 8.62176 8.33190
5.20584 5.18236 5.16480 5.16382 5.16382 5.16409 5.29941 5.31421 5.39975 5.87203 6.03212 6.02134 6.02182 6.21781 6.22612 6.22641 6.26843 6.16226 6.11599 6.25658 6.40533 6.34082 6.10625 6.13507 6.31616 7.12016 7.12118 7.12226 7.63858 8.14382 8.28521 8.42641 8.95802 9.77911 10.0858 10.1041 10.1557 9.94314 9.91419 10.6468 10.8160 11.3155 11.3418 11.5842 11.7302 11.7302 11.7540 11.9698 11.9167 11.8460 11.8176 11.9383 11.8675 11.9663 11.7968 11.9365 11.6434 11.1191 10.6558 10.1671 9.94768 9.18173 8.39523 7.80085 7.30977 6.72114 6.57970
5.16382 5.16382 5.16382 5.16382 5.16419 5.19880 5.35030 5.45524 5.60850 6.04103 6.49124 6.44312 6.24050 6.47587 6.66945 6.80594 6.90015 6.88747 6.66226 6.65836 6.65070 6.53012 5.98204 5.99557 5.94706 7.07427 7.26554 7.41805 7.80323 8.56489 8.61507 8.66522 8.99820 9.84259 10.4185 10.4564 10.4609 10.2804 10.1070 10.5597 10.9065 11.1845 11.2221 11.2916 11.4688 11.3981 11.3272 11.4546 11.4529 11.3041 11.1470 11.1956 11.0657 11.1210 11.1254 11.2480 10.8400 9.71864 9.10045 8.24480 7.88959 7.69374 7.19274 6.91606 6.91236 6.59472 6.56757
5.76488 5.84579 5.92578 6.00443 6.08112 6.13247 6.31718 6.61680 6.69531 6.92875 7.43220 7.34315 6.69249 6.83928 6.95775 6.95869 6.96963 6.98106 6.69844 6.67846 6.69197 6.81093 6.36643 6.49939 6.57368 7.32474 7.65622 7.66618 7.75305 8.81146 8.86337 8.86337 8.93067 9.73621 10.4279 10.5556 10.6257 10.6036 10.4117 10.5046 10.4842 10.6107 10.8555 10.8909 11.2024 11.1570 11.1110 10.9594 10.7352 10.7004 10.6100 10.4083 10.0466 9.71265 9.45313 9.57429 9.62273 8.81054 8.47129 7.86555 7.83179 7.82695 7.31034 6.90757 6.78681 6.48651 6.28365
6.21511 6.21566 6.21587 6.25065 6.33489 6.46368 6.65524 7.15232 7.24948 7.26034 7.57549 7.63400 6.80235 6.80642 7.00245 7.01689 7.02849 7.13718 7.13089 7.20565 7.38568 7.44882 6.99869 6.78344 6.74071 7.03288 7.67936 7.68812 7.76099 8.69183 9.09735 9.17611 9.25492 10.0416 10.6656 10.9242 10.9242 10.9113 10.5795 10.5405 10.3923 10.3957 10.6914 10.6394 10.8884 10.8768 10.7623 10.4063 9.81403 9.49012 9.21624 9.10201 8.96921 8.99515 9.18578 9.27479 9.36611 8.78378 8.05208 7.50649 7.22689 7.13994 6.71919 6.30457 6.19837 6.07746 5.84351
6.43085 6.56061 6.69027 6.78534 6.83095 6.83188 6.83236 7.22061 7.27689 7.28577 7.49209 7.67859 7.01031 6.86593 7.26940 7.46002 7.60531 7.65079 7.59965 7.45901 7.45901 7.45901 7.16999 6.78344 6.78324 7.04824 8.11954 8.18959 8.20059 8.71515 9.38460 9.38460 9.38460 9.87109 10.4247 10.8671 10.8210 10.7749 10.4914 10.4488 10.4292 10.4157 10.1727 9.94213 9.88919 9.76031 9.47102 9.36396 9.02240 8.93889 8.88864 8.83126 8.58965 8.53576 8.47140 8.57757 8.81571 8.63762 7.67560 7.53009 7.22581 7.21862 7.07636 6.60606 6.41241 6.38734 6.09631
6.83188 6.83188 6.83368 6.84199 6.84892 6.85553 6.86190 7.13535 7.28819 7.35947 7.56219 7.91583 7.66089 7.32963 7.52735 7.65079 7.65079 7.65079 7.64727 7.47256 7.45901 7.45901 7.33909 6.78344 6.78344 6.96011 8.04935 8.20059 8.20059 8.37984 9.32907 9.28514 9.24212 9.51550 10.1611 10.8367 10.9366 10.8787 10.5687 10.2140 9.79807 9.32978 8.89135 8.70329 8.78659 9.07349 9.07349 9.07349 8.86625 8.73441 8.73441 8.73441 8.58468 8.50023 8.43423 8.44082 8.73672 8.71524 7.56672 7.54474 7.28030 7.28030 7.27430 6.81026 6.53153 6.50540 6.22162
