High_resolution/powerplant/Chizhou/OMI_NO2_200909.asc
ncols      200
nrows      200
xllcorner       115.585
yllcorner       28.7700
cellsize     0.0166667
NODATA_Value      -999.000
[rows 29 to 57 of 165, columns 0 to 65 of 200]
3*                  9*                  >*                 >*                  =*                  >*                    3*                    3*                >*              =*               9*               9*                   8*                 <*                     3*   
        3*                   8*               ;*                     8*                      8*                        8*                  ;*                  :*                     8*                     =*                   =*                   ;*  
             >*    *        2     *         >    *    >    *    :    *     :     *       :     *      :    *    :    :*                    >*                  =*                    2*                 ;*                  3*                   3*                3*                 =*                  >*                
    8*                   8*                  ?*              :*                    :*                       2*                    8*                  8*                 ;*                  3*                   3*                        3*                       <*                 >*                   
   2*                  ;*                  :*                  3*                   3*                 :*                 2*               =*                >*                   >*                  2*              :*                  8*            :*                 :*                    :*                    >*            
0.00000 0.00000 0.00000 0.00000 0.00000 0.00000 0.00000 0.00000 0.00000 0.00000 0.00000 0.00000 0.00000 0.00000 0.00000 3.93780 3.93780 2.87676 2.53509 2.60929 2.60929 2.60929 2.60929 2.60929 2.60929 2.60929 2.60929 2.60929 2.60929 2.60929 2.60929 2.60929 2.60929 2.60929 2.60929 2.60929 2.62778 2.72786 3.37410 4.09892 4.03196 4.07202 4.08500 4.08500 4.08500 4.08500 4.08500 4.08500 4.08500 4.08500 4.08500 4.08500 4.08500 4.08500 4.08500 4.08500 4.08500 4.08500 4.51156 5.57541 5.57541 5.57541 5.57541 5.57541 5.57541 5.81740
0.00000 0.00000 0.00000 0.00000 0.00000 0.00000 0.00000 0.00000 0.00000 0.00000 0.00000 0.00000 0.00000 0.00000 3.93780 3.93780 3.93780 3.67579 2.61222 2.60929 2.60929 2.60929 2.60929 2.60929 2.60929 2.60929 2.60929 2.60929 2.60929 2.60929 2.60929 2.60929 2.64941 2.75803 2.86783 2.97753 3.06884 3.07850 3.16512 4.00384 4.00757 4.00818 4.08500 4.08500 4.08500 4.08500 4.08500 4.08500 4.08500 4.08500 4.08500 4.08500 4.08500 4.08500 4.08500 4.08500 4.08500 4.08500 4.12733 5.50104 5.57541 5.57541 5.57541 5.57541 5.57541 5.58266
0.00000 0.00000 0.00000 0.00000 0.00000 0.00000 0.00000 0.00000 0.00000 0.00000 0.00000 0.00000 0.00000 0.00000 0.00000 3.93780 3.93780 3.93780 2.76523 2.60929 2.60929 2.60929 2.60929 2.60929 2.60929 2.60929 2.60929 2.61023 2.67850 2.78825 2.89800 3.00779 3.07738 3.07850 3.07850 3.07850 3.07795 3.03333 2.96075 3.60891 3.75231 3.78651 4.08500 4.08500 4.08500 4.08500 4.08500 4.08500 4.08500 4.08500 4.08500 4.08500 4.08500 4.08500 4.08500 4.08500 4.08500 4.08500 4.08500 5.08462 5.57541 5.56479 5.51982 5.47228 5.42473 5.37747
0.00000 0.00000 0.00000 0.00000 0.00000 0.00000 0.00000 0.00000 0.00000 0.00000 0.00000 0.00000 0.00000 0.00000 0.00000 3.93780 3.93780 3.93780 3.08252 2.60929 2.60929 2.60929 2.60929 2.61832 2.70872 2.81842 2.92821 3.03698 3.07850 3.07850 3.07850 3.07850 3.07850 3.04774 2.97545 2.90282 2.83077 2.80287 2.80287 3.23297 3.73577 3.73799 4.02969 4.08500 4.08500 4.08500 4.08500 4.08500 4.08500 4.08500 4.08500 4.08500 4.08500 4.08500 4.08500 4.08500 4.08553 4.12287 4.18280 4.68460 5.39825 5.36133 5.35870 5.35870 5.35870 5.35870
0.00000 0.00000 0.00000 0.00000 0.00000 0.00000 0.00000 0.00000 0.00000 0.00000 0.00000 0.00000 0.00000 0.00000 0.00000 3.93780 3.93780 3.93780 3.57191 2.63472 2.73889 2.84864 2.95843 3.05912 3.07850 3.07850 3.07850 3.07850 3.07850 3.05976 2.99008 2.91756 2.84494 2.80310 2.80287 2.80287 2.80287 2.80287 2.80287 2.94211 3.73568 3.73577 3.88530 4.08500 4.08500 4.08500 4.08500 4.08500 4.08500 4.08500 4.08500 4.08500 4.09369 4.14718 4.20710 4.26706 4.32644 4.34904 4.34904 4.42125 5.34305 5.35870 5.35870 5.35870 5.35870 5.35870
0.00000 0.00000 0.00000 0.00000 0.00000 0.00000 0.00000 0.00000 0.00000 0.00000 0.00000 0.00000 0.00000 0.00000 0.00000 0.00000 3.93780 3.93780 3.93780 3.14485 3.07850 3.07850 3.07850 3.07850 3.07850 3.06888 3.00477 2.93220 2.85968 2.80577 2.80287 2.80287 2.80287 2.80287 2.80287 2.80287 2.80287 2.80287 2.80287 2.80287 3.58397 3.73577 3.79081 4.08500 4.08500 4.08500 4.08500 4.08500 4.11170 4.17155 4.23144 4.29138 4.34265 4.34904 4.34904 4.34904 4.34904 4.34904 4.34904 4.34904 5.10538 5.35870 5.35870 5.35870 5.35870 5.35870
2.17883 2.17883 2.17883 2.17883 2.17883 2.17883 2.17883 2.17883 0.00000 0.00000 0.00000 0.00000 0.00000 0.00000 0.00000 0.00000 3.93780 3.93780 3.93780 3.34093 3.07850 3.07495 3.01955 2.94689 2.87432 2.81142 2.80287 2.80287 2.80287 2.80287 2.80287 2.80287 2.80287 2.80287 2.80287 2.80287 2.80287 2.80287 2.80287 2.80287 3.29306 3.73577 3.73894 4.04103 4.13594 4.19589 4.25578 4.31572 4.34896 4.34904 4.34904 4.34904 4.34904 4.34904 4.34904 4.34904 4.34904 4.34904 4.34904 4.34904 4.79485 5.35870 5.35870 5.35870 5.35870 5.35870
2.17883 2.17883 2.17883 2.17883 2.17883 2.17883 2.17883 2.17883 0.00000 0.00000 0.00000 0.00000 0.00000 0.00000 0.00000 0.00000 3.93780 3.93681 3.84916 3.43765 2.88901 2.81999 2.80287 2.80287 2.80287 2.80287 2.80287 2.80287 2.80287 2.80287 2.80287 2.80287 2.80287 2.80287 2.80287 2.80287 2.80287 2.80287 2.80287 2.82049 3.11495 3.80337 3.83335 4.07383 4.34904 4.34904 4.34904 4.34904 4.34904 4.34904 4.34904 4.34904 4.34904 4.34904 4.34904 4.34904 4.34904 4.34904 4.34904 4.34904 4.48494 5.35810 5.35870 5.35870 5.35870 5.35870
2.17883 2.17883 2.17883 2.17883 2.17883 2.17883 2.17883 2.17883 0.00000 0.00000 0.00000 0.00000 0.00000 0.00000 0.00000 0.00000 0.00000 3.43201 3.38654 3.37947 2.83382 2.80287 2.80287 2.80287 2.80287 2.80287 2.80287 2.80287 2.80287 2.80287 2.80287 2.80287 2.80287 2.80287 2.80287 2.83773 2.92527 3.04168 3.20413 3.37499 3.39181 3.84212 3.86779 3.95647 4.34904 4.34904 4.34904 4.34904 4.34904 4.34904 4.34904 4.34904 4.34904 4.34904 4.34904 4.34904 4.34904 4.34904 4.34904 4.34904 4.34904 5.18393 5.35870 5.35870 5.35870 5.35870
2.17883 2.17883 2.17883 2.17883 2.17883 2.17883 2.17883 2.17883 2.17883 0.00000 0.00000 0.00000 0.00000 0.00000 0.00000 0.00000 0.00000 3.38654 3.38654 3.38654 2.95237 2.80287 2.80287 2.80287 2.80287 2.80287 2.80287 2.80287 2.80287 2.80287 2.80507 2.85937 2.95361 3.08046 3.26017 3.38654 3.38654 3.38654 3.38654 3.38654 3.38654 3.90205 4.15476 4.32292 4.34904 4.34904 4.34904 4.34904 4.34904 4.34904 4.34904 4.34904 4.34904 4.34904 4.34904 4.34904 4.34904 4.34904 4.34904 4.34904 4.34904 4.87372 5.35870 5.35870 5.39377 5.51663
2.17883 2.17883 2.17883 2.17883 2.17883 2.17883 2.17883 2.17883 2.17883 0.00000 0.00000 0.00000 0.00000 0.00000 0.00000 0.00000 0.00000 3.38654 3.38654 3.38654 3.13197 2.80287 2.80287 2.80287 2.80287 2.80287 2.81252 2.88258 2.98437 3.12293 3.31530 3.38654 3.38654 3.38654 3.38654 3.38654 3.38654 3.38654 3.38654 3.38654 0.00000 4.34904 4.34904 4.34904 4.34904 4.34904 4.34904 4.34904 4.34904 4.34904 4.34904 4.34904 4.34904 4.34904 4.34904 4.34904 4.34904 4.34904 4.34904 4.34396 4.20875 4.32295 5.71335 5.84032 5.93223 5.92347
2.17883 2.17883 2.17883 2.17883 2.17883 2.17883 2.17883 2.17883 2.17883 0.00000 0.00000 0.00000 0.00000 0.00000 0.00000 0.00000 0.00000 0.00000 3.38654 3.38654 3.35952 2.82037 2.82555 2.90758 3.01771 3.17004 3.35674 3.38654 3.38654 3.38654 3.38654 3.38654 3.38654 3.38654 3.38654 3.38654 0.00000 0.00000 0.00000 0.00000 0.00000 4.34904 4.34904 4.34904 4.34904 4.34904 4.34904 4.34904 4.34904 4.34904 4.34904 4.34904 4.34904 4.34904 4.34904 4.30921 4.12927 3.93720 3.74522 3.55825 3.50146 3.51631 5.43211 5.30058 5.06607 4.89738
2.17883 2.17883 2.17883 2.17883 2.17883 2.17883 2.17883 2.17883 2.17883 0.00000 0.00000 0.00000 0.00000 0.00000 0.00000 0.00000 0.00000 0.00000 3.38654 3.38654 3.38654 3.27438 3.38108 3.38654 3.38654 3.38654 3.38654 3.38654 3.38654 3.38654 3.38654 3.38654 3.38654 0.00000 0.00000 0.00000 0.00000 0.00000 0.00000 0.00000 0.00000 0.00000 4.34904 4.34904 4.34904 4.34904 4.34904 4.34904 4.34904 4.34904 4.34870 4.24174 4.04976 3.85770 3.66572 3.51350 3.50146 3.50149 3.53348 3.57693 3.60685 3.62860 4.36991 4.85300 4.85300 4.85300
2.17883 2.17883 2.17883 2.17883 2.17883 2.16335 2.12748 2.09166 2.04595 0.00000 0.00000 0.00000 0.00000 0.00000 0.00000 0.00000 0.00000 0.00000 3.38654 3.38654 3.38654 3.38654 3.38654 3.38654 3.38654 3.38654 3.38654 3.38654 3.38654 0.00000 0.00000 0.00000 0.00000 0.00000 0.00000 0.00000 0.00000 0.00000 0.00000 0.00000 0.00000 0.00000 4.34904 4.34904 4.34904 4.34904 4.32760 4.16224 3.97017 3.77820 3.58656 3.50146 3.50146 3.50146 3.52858 3.57355 3.60448 3.62695 3.63553 3.63553 3.63553 3.63553 3.99936 4.85300 4.85300 4.85300
1.90416 1.86834 1.83252 1.79665 1.76078 1.74039 1.74035 1.74035 1.74035 1.74035 0.00000 0.00000 0.00000 0.00000 0.00000 0.00000 0.00000 0.00000 0.00000 3.38654 3.38654 3.38654 3.38654 3.38654 3.38654 0.00000 0.00000 0.00000 0.00000 0.00000 0.00000 0.00000 0.00000 0.00000 0.00000 0.00000 0.00000 0.00000 0.00000 0.00000 0.00000 0.00000 4.34904 4.09079 3.89075 3.69861 3.52816 3.50146 3.50146 3.50146 3.52389 3.57012 3.60203 3.62512 3.63551 3.63553 3.63553 3.63553 3.63553 3.63553 3.63553 3.63553 3.67849 4.80308 4.85300 4.85300
1.74035 1.74035 1.74035 1.74035 1.74035 1.74035 1.74035 1.74035 1.74035 1.74035 0.00000 0.00000 0.00000 0.00000 0.00000 0.00000 0.00000 0.00000 0.00000 3.38654 3.38654 0.00000 0.00000 0.00000 0.00000 0.00000 0.00000 0.00000 0.00000 0.00000 0.00000 0.00000 0.00000 0.00000 0.00000 0.00000 0.00000 0.00000 0.00000 0.00000 0.00000 0.00000 0.00000 3.50146 3.50146 3.50146 3.51956 3.56651 3.59951 3.62326 3.63532 3.63553 3.63553 3.63553 3.63553 3.63553 3.63553 3.63553 3.63553 3.63553 3.63553 3.63553 3.63553 4.47534 4.85300 4.85300
1.74035 1.74035 1.74035 1.74035 1.74035 1.74035 1.74035 1.74035 1.74035 1.74035 0.00000 0.00000 0.00000 0.00000 0.00000 0.00000 0.00000 0.00000 0.00000 0.00000 0.00000 0.00000 0.00000 0.00000 0.00000 0.00000 0.00000 0.00000 0.00000 0.00000 0.00000 0.00000 0.00000 0.00000 0.00000 0.00000 0.00000 0.00000 0.00000 0.00000 0.00000 0.00000 4.43000 3.86426 3.82717 3.91512 3.74064 3.63553 3.63553 3.63553 3.63553 3.63553 3.63553 3.63553 3.63553 3.63553 3.63553 3.63553 3.63553 3.63553 3.63553 3.63553 3.63553 4.10474 4.85300 4.85300
1.74035 1.74035 1.74035 1.74035 1.74035 1.74035 1.74035 1.74035 1.74035 1.74035 0.00000 0.00000 0.00000 0.00000 0.00000 0.00000 0.00000 0.00000 0.00000 0.00000 0.00000 0.00000 0.00000 0.00000 0.00000 0.00000 0.00000 0.00000 0.00000 0.00000 0.00000 0.00000 0.00000 0.00000 0.00000 0.00000 0.00000 0.00000 4.43000 4.43000 4.43000 4.43000 4.43000 4.32683 3.96608 3.96573 3.85074 3.63553 3.63553 3.63553 3.63553 3.63553 3.63553 3.63553 3.63553 3.63553 3.63553 3.63553 3.63553 3.63553 3.63553 3.63553 3.63388 3.72072 4.83905 4.84870
1.74035 1.74035 1.74035 1.74035 1.74035 1.74035 1.74035 1.74035 1.74035 1.74035 1.74035 0.00000 0.00000 0.00000 0.00000 0.00000 0.00000 0.00000 0.00000 0.00000 0.00000 0.00000 0.00000 0.00000 0.00000 0.00000 0.00000 0.00000 0.00000 0.00000 0.00000 0.00000 0.00000 0.00000 4.43000 4.43000 4.43000 4.43000 4.43000 4.43000 4.43000 4.43000 4.43000 4.43000 4.01308 3.96573 3.94841 3.64553 3.63553 3.63553 3.63553 3.63553 3.63553 3.63553 3.63553 3.63553 3.63553 3.63553 3.62763 3.60030 3.57211 3.54392 3.51739 3.51128 4.54640 4.84661
1.74035 1.74035 1.74035 1.74035 1.74035 1.74035 1.74035 1.74035 1.74035 1.74035 1.74035 0.00000 0.00000 0.00000 0.00000 0.00000 0.00000 0.00000 0.00000 0.00000 0.00000 0.00000 0.00000 0.00000 0.00000 0.00000 0.00000 0.00000 0.00000 0.00000 0.00000 4.43000 4.43000 4.43000 4.43000 4.43000 4.43000 4.43000 4.43000 4.43000 4.43000 4.43000 4.43000 4.43000 4.11790 3.96573 3.96573 3.73581 3.63553 3.63553 3.63553 3.63553 3.63553 3.63520 3.61702 3.58882 3.56064 3.53245 3.51216 3.51128 3.51129 3.51163 3.51212 3.51261 4.13977 4.84811
1.74035 1.74035 1.74035 1.74035 1.74035 1.74035 1.74035 1.74035 1.74035 1.74155 1.75676 0.00000 0.00000 0.00000 0.00000 0.00000 0.00000 0.00000 0.00000 0.00000 0.00000 0.00000 0.00000 0.00000 0.00000 0.00000 0.00000 4.43000 4.43000 4.43000 4.43000 4.43000 4.43000 4.43000 4.43000 4.43000 4.43000 4.43000 4.43000 4.43000 4.43000 4.43000 4.43000 4.43000 4.27686 3.96573 3.96573 3.84340 3.63553 3.63107 3.60555 3.57736 3.54916 3.52132 3.51128 3.51128 3.51128 3.51159 3.51208 3.51256 3.51304 3.51318 3.51318 3.51318 3.73162 4.84811
1.80687 1.82876 1.85060 1.87250 1.89440 1.91627 1.93813 1.95998 1.98187 2.00257 2.00737 0.00000 0.00000 0.00000 0.00000 0.00000 0.00000 0.00000 0.00000 0.00000 0.00000 0.00000 0.00000 4.43000 4.43000 4.43000 4.43000 4.43000 4.43000 4.43000 4.43000 4.43000 4.43000 4.43000 4.43000 4.43000 4.43000 4.43000 4.43000 4.43000 4.43000 4.43000 4.43000 4.43000 4.42722 3.97654 3.92428 3.87426 3.54477 3.51396 3.51128 3.51128 3.51128 3.51156 3.51203 3.51252 3.51300 3.51318 3.51318 3.51318 3.51318 3.51318 3.51318 3.51318 3.51345 4.65809
2.00737 2.00737 2.00737 2.00737 2.00737 2.00737 2.00737 2.00737 2.00737 2.00737 2.00737 0.00000 0.00000 0.00000 0.00000 0.00000 0.00000 0.00000 0.00000 0.00000 0.00000 0.00000 4.43000 4.43000 4.43000 4.43000 4.43000 4.43000 4.43000 4.43000 4.43000 4.43000 4.43000 4.43000 4.43000 4.43000 4.43000 4.43000 4.43000 4.43000 4.41781 4.16701 3.91529 3.73526 3.60007 3.71509 3.84147 3.84147 3.60418 3.51150 3.51199 3.51248 3.51296 3.51318 3.51318 3.51318 3.51318 3.51318 3.51318 3.51318 3.51318 3.51318 3.51318 3.51318 3.51318 4.24985
2.00737 2.00737 2.00737 2.00737 2.00737 2.00737 2.00737 2.00737 2.00737 2.00737 2.00737 2.00737 0.00000 0.00000 0.00000 0.00000 0.00000 0.00000 0.00000 0.00000 0.00000 0.00000 4.43000 4.43000 4.43000 4.43000 4.43000 4.43000 4.43000 4.43000 4.43000 4.43000 4.43000 4.43000 4.43000 4.43000 4.37534 4.08746 3.85931 3.69383 3.57150 3.54063 3.54063 3.54063 3.54063 3.54121 3.49745 3.22742 3.18985 3.51318 3.51318 3.51318 3.51318 3.51318 3.51318 3.51318 3.51318 3.51318 3.51318 3.51318 3.51318 3.51318 3.51318 3.51318 3.51318 3.84157
