High_resolution/powerplant/Chizhou/OMI_NO2_200901.asc
ncols      200
nrows      200
xllcorner       115.585
yllcorner       28.7700
cellsize     0.0166667
NODATA_Value      -999.000
[rows 87 to 115 of 165, columns 65 to 129 of 200]
8.03164 8.04437 8.67726 9.39325 9.58250 9.70863 9.71186 9.73499 9.77604 9.81942 10.2308 10.8589 10.7499 10.7091 10.6837 10.6833 10.6833 10.6833 10.6833 10.6833 10.6833 10.6833 10.6736 12.1051 12.6241 13.8958 15.6745 15.7101 15.6700 15.6635 15.6635 15.6635 15.6635 15.6591 15.3610 14.8853 14.4097 13.9340 13.5912 13.5759 13.5759 12.4523 10.7986 8.93374 8.64229 8.64370 8.64370 8.64370 8.64370 8.19793 7.85200 7.85200 7.85200 7.85200 7.85200 8.61130 8.75633 7.96183 7.66931 7.66866 7.58834 7.45462 7.06837 6.47185 6.32300
8.14641 8.19875 8.60277 9.86131 9.90239 9.94344 9.98440 10.0023 10.0023 10.0023 10.2650 10.7012 10.6833 10.6833 10.6833 10.6833 10.6733 10.6093 10.5374 10.4659 10.3943 10.3224 10.2603 11.1056 12.3375 12.9109 15.4201 15.6513 15.6635 15.5980 15.1761 14.7003 14.2246 13.7534 13.5759 13.5759 13.5759 13.5759 13.5759 13.5759 13.5759 13.1626 10.8702 9.39964 8.64128 8.64370 8.64370 8.64370 8.64370 8.46276 7.85200 7.85200 7.85200 7.85200 7.85200 8.39665 8.68154 8.04592 7.33968 7.21367 7.14361 7.10925 6.93326 6.46548 6.18936
8.42181 8.42181 8.43582 9.86081 10.0023 10.0023 10.0023 10.0023 10.0023 10.0023 10.1480 10.5835 10.5587 10.4648 10.3933 10.3217 10.2599 10.2520 10.2520 10.2520 10.2520 10.2520 10.2520 10.4728 12.3283 12.2272 14.4860 14.4797 14.0394 13.6296 13.5759 13.5759 13.5759 13.5759 13.5759 13.5759 13.5759 13.5759 13.5759 13.5759 13.5759 13.5737 11.2381 9.86527 8.64017 8.64370 8.64370 8.64370 8.65118 8.66436 7.96789 7.89665 7.85062 7.76251 7.67698 7.80462 8.09599 7.73947 6.83008 6.69562 6.50423 6.33059 6.15658 6.13203 5.83993
8.42181 8.42181 8.42181 9.38392 10.0009 9.97234 9.93365 9.89491 9.85619 9.81749 9.82258 10.2439 10.4153 10.2520 10.2520 10.2520 10.2520 10.2520 10.2520 10.2453 10.2106 10.0625 9.86013 9.65821 10.5360 10.5737 12.2491 13.4933 13.5759 13.5759 13.5759 13.5759 13.5759 13.5759 13.5759 13.5759 13.5759 13.5759 13.5759 13.5759 13.5274 13.4018 11.7909 10.3469 8.92375 8.79653 8.84696 8.89587 8.93583 8.96729 8.32059 7.65011 7.46171 7.31116 7.15078 6.90918 6.80613 6.58747 6.07457 5.96272 5.96138 5.96138 5.96138 6.13490 5.89931
8.36128 8.32258 8.28384 8.71672 9.78830 9.77810 9.77810 9.77810 9.77810 9.77810 9.77810 10.1124 10.4657 10.2455 10.2144 10.1809 10.1300 9.95264 9.75067 9.55506 9.38749 9.33333 9.33333 9.33333 9.93745 10.5704 11.5156 13.4016 13.5745 13.5759 13.5759 13.5759 13.5605 13.4501 13.3235 13.1969 13.1256 13.1120 13.0993 13.0876 12.9350 12.1801 11.6278 10.5909 9.64336 8.90323 8.72543 8.55659 8.38757 8.21891 7.70258 6.73642 6.61397 6.49143 6.37850 6.36030 6.51700 6.51953 6.15092 5.98990 5.94706 5.90388 5.86106 5.92574 5.83439
8.19762 8.19762 8.19762 8.24971 9.70680 9.77810 9.77810 9.77960 9.79092 9.80398 9.81707 9.95199 10.2440 9.84965 9.67851 9.50986 9.35865 9.33333 9.33333 9.33333 9.33333 9.33333 9.33333 9.33333 9.55877 10.5247 10.7492 13.0176 13.1199 13.1170 13.1040 13.0919 13.0939 13.1733 13.2601 13.3410 13.3799 13.3798 13.3370 13.2613 13.1520 11.8337 11.5424 9.83800 8.92647 7.88800 7.57521 7.36831 7.16151 6.95488 6.79977 5.87843 5.75666 5.70759 5.65904 5.60992 5.67022 5.74304 5.53081 5.29766 5.29766 5.29766 5.29766 5.33969 5.44280
8.19762 8.19814 8.20786 8.22095 9.30460 9.82760 9.84066 9.85224 9.77611 9.60754 9.43897 9.30620 9.47232 9.39919 9.33333 9.33333 9.33333 9.32692 9.25580 9.16791 9.08017 9.07202 9.12517 9.17493 9.22344 10.2456 10.8212 12.8182 13.3418 13.3799 13.3799 13.3774 13.3225 13.2469 13.1711 13.0955 13.0198 12.9443 12.9114 12.9114 12.9114 11.7797 11.0050 9.19274 8.10524 6.98990 6.45945 6.45945 6.45945 6.45945 6.45945 5.87943 5.55307 5.55307 5.55307 5.55307 5.61196 5.74304 5.64725 5.29829 5.29766 5.29766 5.29766 5.29827 5.49326
8.25763 8.27018 8.27353 8.27342 8.80563 9.56457 9.39621 9.22736 9.13683 9.13668 9.15606 9.24922 9.50700 9.28861 9.09173 9.14358 9.19222 9.24366 9.34745 9.45957 9.56522 9.61050 9.61050 9.61050 9.61050 10.1708 10.8909 12.0844 13.0509 13.0811 13.0054 12.9322 12.9114 12.9114 12.9114 12.9114 12.8982 12.5936 12.1687 11.7444 11.3201 10.4161 9.72159 8.87340 7.79104 7.30033 6.45945 6.45945 6.45945 6.45945 6.45945 6.17175 5.55307 5.55307 5.55307 5.55307 5.56607 5.74119 5.71426 5.34819 5.29766 5.29766 5.29916 5.32432 5.48823
8.26847 8.26233 8.25619 8.27380 8.42787 9.33357 9.44272 9.53821 9.63383 9.72938 9.80555 10.1688 10.5043 10.0096 9.61050 9.61050 9.61050 9.61050 9.61050 9.60657 9.54732 9.46987 9.39255 9.31545 9.23795 9.42748 10.3717 11.1905 12.6927 12.9006 12.9114 12.9114 12.8258 12.4290 12.0047 11.5804 11.1691 11.0496 11.0496 11.0496 11.0496 10.7484 9.72159 9.26427 7.87773 7.57590 6.52803 6.45945 6.45945 6.45945 6.45945 6.43323 5.59859 5.55307 5.55307 5.55307 5.55307 5.70647 5.74305 5.46294 5.33171 5.33560 5.33800 5.30699 5.25007
8.65616 8.75178 8.84733 8.91924 8.92343 9.58854 9.81196 9.81196 9.81196 9.81196 9.81196 10.1238 10.5578 10.2807 9.55240 9.47153 9.39402 9.31703 9.23961 9.16613 9.14834 9.14834 9.14834 9.14834 9.14834 9.16862 10.1891 10.7337 12.4116 12.2095 11.8405 11.4164 11.0775 11.0496 11.0496 11.0496 11.0496 11.0496 11.0496 11.0496 11.0496 11.0230 9.78282 9.57471 8.01780 7.73652 6.68601 6.45945 6.45945 6.45945 6.45945 6.45585 5.80521 5.48215 5.44678 5.41396 5.31474 5.30049 5.25340 4.93862 4.53529 4.38235 4.20451 4.01272 3.94074
8.92343 8.92343 8.92343 8.92343 8.92343 9.31391 9.81196 9.81071 9.70129 9.52205 9.34261 9.29645 9.86642 9.66141 9.16551 9.14834 9.14834 9.14834 9.14834 9.14834 9.14834 9.14834 9.14169 9.08974 9.02603 8.96161 8.93096 8.96499 10.2754 10.9469 11.0496 11.0496 11.0496 11.0496 11.0496 11.0496 11.0496 11.0496 11.0496 11.0496 11.0496 11.0496 10.0921 9.71496 8.26165 7.68470 6.82285 6.26971 6.11660 5.95385 5.78581 5.53140 5.11375 4.72612 4.62729 4.51402 4.46777 4.41190 4.30032 4.15676 3.87704 3.83405 3.81373 3.81373 3.81373
8.92343 8.92343 8.84338 8.66435 8.48512 8.42224 9.01407 8.83678 8.76686 8.76686 8.76686 8.76686 9.58127 9.74426 9.19936 9.14834 9.14252 9.09131 9.03092 8.96971 8.90556 8.84132 8.78323 8.77102 8.77013 8.77013 8.60194 8.63089 9.68536 10.8824 11.0496 11.0496 11.0496 11.0496 11.0496 11.0496 11.0029 10.9051 10.8073 10.6817 10.3205 9.90737 9.03656 8.27244 7.35822 6.53866 5.94479 5.06869 4.90842 4.76581 4.63604 4.56825 4.51109 4.24313 4.18067 4.13777 4.09450 4.04921 3.92995 3.89520 3.65283 3.59916 3.58778 3.57777 3.56806
8.15716 7.97793 7.87864 7.87833 7.87833 7.87833 8.60781 8.76686 8.76686 8.76686 8.77044 8.81694 9.46639 9.69182 9.10180 8.84945 8.79112 8.77772 8.77375 8.77047 8.77013 8.77013 8.77013 8.77013 8.77013 8.77013 8.74022 8.51886 9.17884 10.7594 10.8219 10.7471 10.4700 10.0568 9.64358 9.23033 8.86366 8.54813 8.23283 7.94528 7.89293 7.86187 7.70923 7.19400 6.52175 5.58578 5.20354 4.33706 4.32334 4.28950 4.25205 4.21456 4.17714 3.99197 3.91954 3.92147 3.92341 3.92535 3.81093 3.77850 3.56338 3.46004 3.46206 3.46235 3.46235
7.87833 7.87833 7.87833 7.87833 7.87915 7.91794 8.43188 8.92484 8.98398 9.04294 9.09843 9.10803 9.44654 9.75787 9.12271 8.77466 8.77013 8.77013 8.77013 8.77013 8.77013 8.77004 8.76981 8.76958 8.75351 8.66780 8.57376 8.14091 7.72941 8.78643 8.27295 8.02947 7.89293 7.89293 7.89273 7.84784 7.76824 7.68854 7.60899 7.38655 7.02806 6.73589 6.50969 6.16632 5.98430 5.06100 4.81410 4.27593 4.18198 4.17837 4.17837 4.17837 4.17837 4.08665 3.93498 3.93498 3.93498 3.93498 3.85932 3.78691 3.65062 3.46235 3.46235 3.46235 3.46235
7.96676 8.02575 8.08473 8.14383 8.20222 8.22252 8.40984 9.10675 9.10178 9.09682 9.09188 9.08991 9.19159 9.88901 9.21731 8.79461 8.76950 8.72842 8.63473 8.54082 8.44692 8.35297 8.25937 8.16577 8.08780 8.07967 8.07967 7.86218 6.87519 7.73700 7.69785 7.67411 7.59442 7.51481 7.43536 7.29036 7.01144 6.76054 6.53616 6.41141 6.27926 6.11754 5.95581 5.60155 5.44162 4.74579 4.50968 4.30553 4.17837 4.17837 4.17837 4.17837 4.17837 4.16031 3.93888 3.93498 3.93498 3.93498 3.89533 3.78691 3.72466 3.47267 3.46235 3.46235 3.46235
8.23748 8.22252 8.24238 8.38363 8.54527 8.70684 8.85328 8.97526 8.88310 8.77130 8.78107 8.85706 8.92766 9.00599 8.42026 8.27005 8.13270 8.07988 8.07967 8.07967 8.07967 8.07967 8.07939 8.06282 8.03706 8.01127 7.98549 7.89999 6.91576 7.23223 7.61237 7.31784 7.04006 6.78614 6.55904 6.37635 6.21615 6.05438 5.89269 5.74346 5.71371 5.71371 5.71371 5.59019 5.44162 4.96108 4.53253 4.38276 4.17837 4.17837 4.17837 4.17837 4.17837 4.17837 3.99809 3.93498 3.93498 3.93498 3.92690 3.78864 3.76046 3.53567 3.58764 3.69256 3.72312
8.35339 8.51159 8.54394 8.58800 8.67014 8.74704 8.82393 9.06588 9.28742 9.42843 9.47811 9.47811 9.47811 8.96832 8.32333 8.12399 8.07948 8.06353 8.03785 8.01196 7.98625 7.96041 7.93495 7.92568 7.92568 7.92568 7.92568 7.92568 7.19047 6.87288 7.05363 6.34407 6.15310 5.99130 5.82965 5.71747 5.71371 5.71371 5.71371 5.71371 5.71371 5.71371 5.71371 5.65908 5.44162 5.16364 4.56800 4.46352 4.18086 4.17837 4.17837 4.17837 4.17837 4.17837 4.07554 3.91617 3.85926 3.81514 3.85864 3.79087 3.83021 3.31685 3.02467 2.92819 2.93337
9.14145 9.13093 9.27452 9.31920 9.31920 9.31920 9.31920 9.36309 9.47811 9.47811 9.47811 9.47994 9.48390 9.20444 8.48313 8.12873 7.97041 7.92568 7.92568 7.92568 7.92568 7.92568 7.92568 7.92568 7.92568 7.92689 7.93362 7.83235 7.31024 6.31875 6.50494 5.76393 5.71371 5.71371 5.71371 5.71371 5.71371 5.71371 5.71371 5.71371 5.71371 5.71371 5.71371 5.71086 5.45894 5.36442 4.60539 4.48991 4.14088 4.04823 3.99008 3.91186 3.81260 3.71875 3.63461 3.49284 3.56052 3.63290 3.62707 3.74708 3.86975 3.26849 2.64180 2.48744 2.32520
9.53884 9.31924 9.31920 9.31920 9.31920 9.32042 9.32428 9.33200 9.48200 9.49504 9.49900 9.50111 9.50111 9.43728 8.61792 8.13825 8.03102 7.92568 7.92568 7.92689 7.95304 7.98901 7.98021 7.86405 7.74268 7.62051 7.49279 7.47314 7.35988 6.23809 6.58820 5.79337 5.71371 5.71371 5.71371 5.71371 5.71371 5.71371 5.71371 5.70786 5.65413 5.58977 5.52547 5.45488 5.14871 4.93838 4.09958 3.74028 3.55896 3.45316 3.44472 3.48494 3.55849 3.63335 3.66937 3.69630 3.64421 3.52814 3.39706 3.30320 3.27240 2.98034 2.29331 2.25327 2.25327
9.47201 9.35049 9.33148 9.33543 9.33938 9.34212 9.34221 9.34221 9.44666 9.50111 9.50111 9.50111 9.50111 9.49943 8.72999 8.24639 8.19543 8.06062 8.01644 7.89464 7.74720 7.59032 7.47782 7.47314 7.47314 7.47314 7.47314 7.47314 7.47078 6.48198 6.50009 6.01078 5.68291 5.61283 5.54848 5.48198 5.40244 5.31692 5.22658 5.13739 5.09810 5.06896 5.03794 5.01878 4.80899 4.65557 4.27056 3.82970 3.75917 3.69663 3.73243 3.69322 3.54837 3.39511 3.24204 3.08968 3.01621 2.99416 2.97204 2.95322 2.98424 2.83308 2.06794 1.89661 1.86876
9.12422 9.28324 9.34221 9.34221 9.34221 9.34221 9.34221 9.34221 9.35235 9.36826 9.28061 9.19306 9.10541 9.01401 8.38820 7.91574 7.92157 7.55452 7.47314 7.47314 7.47314 7.47314 7.47314 7.47314 7.46189 7.36345 7.24637 7.12895 6.96161 6.17981 5.50957 5.68097 5.14412 5.07961 5.04926 5.02198 5.01866 5.01866 5.05927 5.18620 5.32691 5.48393 5.82244 6.36116 6.69735 5.99390 5.58685 4.17733 3.57964 3.02240 2.87085 2.76276 2.75445 2.75445 2.75445 2.75445 2.75445 2.75445 2.75445 2.75445 2.76508 2.76132 2.04855 1.76295 1.76295
10.7847 10.5576 9.91401 9.82090 9.75939 9.73041 9.73041 9.73041 9.73041 9.73041 9.60030 9.53048 9.53048 9.50626 9.22336 8.86321 8.53676 8.19523 8.04307 6.99507 6.96822 6.96822 6.96822 6.96086 6.92395 6.86873 6.75310 6.63124 6.50936 6.39667 5.52460 6.58345 6.32987 6.49239 6.49239 6.49239 6.49239 6.49239 6.49239 6.49239 5.90330 4.80961 4.71804 4.58433 4.45071 4.31701 4.16926 3.74298 4.03975 4.06231 4.06231 4.06231 4.06231 4.06231 4.06231 4.06231 4.04607 3.95869 3.90696 3.86997 3.83640 3.86611 4.80689 4.81219 4.79616
10.5504 10.3931 9.91493 9.73041 9.73041 9.73041 9.73041 9.72616 9.69100 9.64960 9.50826 9.33422 9.28454 9.25899 9.12022 8.76933 8.36609 8.08604 8.01313 7.16188 6.81046 6.74779 6.62851 6.51401 6.42913 6.36243 6.35620 6.35620 6.35620 6.35620 5.79413 6.11060 6.43757 6.49239 6.49239 6.49239 6.42282 6.28912 6.15542 6.02172 5.78111 4.10987 4.03507 4.03507 4.03507 4.03507 4.03507 3.78353 3.94775 4.06231 4.04652 3.95481 3.86293 3.78973 3.75695 3.72984 3.71493 3.74760 3.75571 3.75571 3.75571 3.78031 4.53337 4.82518 4.79616
11.0118 10.8555 10.4898 10.1198 10.0987 10.0774 10.0564 10.0396 10.0536 10.0738 9.87822 9.22543 9.20340 9.18138 9.11517 8.74679 8.26625 7.95919 7.67780 7.12904 6.41806 6.35884 6.35620 6.35620 6.35620 6.36126 6.38431 6.40892 6.43343 6.45806 6.13262 5.71606 6.70283 6.10299 5.91281 5.77919 5.71506 5.71506 5.71506 5.71506 5.71506 4.47517 4.03507 4.03507 4.01779 3.88235 3.73822 3.57758 3.53212 3.65387 3.64120 3.67694 3.71938 3.75303 3.75571 3.75571 3.75571 3.75571 3.75571 3.75571 3.75571 3.76179 4.25002 4.85290 4.82482
11.2691 10.9971 10.7151 10.1977 10.1806 10.1622 10.1439 10.1255 10.1072 10.0888 10.0048 9.11350 9.11338 9.07695 8.97227 8.52948 8.04611 7.70372 7.43613 7.34987 6.45638 6.47661 6.50124 6.52573 6.55177 6.58866 6.61212 6.63402 6.65593 6.67785 6.57218 5.52588 6.94496 5.98541 5.71506 5.71506 5.71506 5.71506 5.70582 5.52078 5.28989 4.45613 3.51188 3.40270 3.31336 3.32692 3.36941 3.48250 3.49931 3.75553 3.75571 3.75571 3.75571 3.75571 3.75571 3.78465 3.85612 3.92770 3.99954 4.07123 4.14296 4.21475 4.44807 4.95057 4.90862
10.8179 10.4220 10.1087 10.0731 10.0801 10.0801 10.0801 10.0801 10.0955 10.1140 10.0772 9.18787 9.01996 9.01128 9.07115 8.73024 8.32054 7.99506 7.61767 7.61524 6.81726 6.62571 6.64761 6.66953 6.69004 6.69457 6.69457 6.69457 6.69457 6.69457 6.69457 5.66911 6.60030 6.04460 5.33163 5.11967 4.92766 4.75331 4.59934 4.55844 4.55847 4.40093 3.38187 3.42300 3.46487 3.47946 3.47946 3.53534 3.54765 3.84440 3.95279 4.02453 4.09621 4.16800 4.23963 4.28249 4.28280 4.28280 4.28280 4.28280 4.28280 4.28280 4.32389 4.86392 4.86843
10.5488 10.2686 10.1808 10.2317 10.3150 10.3332 10.2965 10.2591 10.2058 10.1502 10.1491 9.52582 9.19621 9.19174 9.15594 8.85663 8.33956 7.84595 7.73944 7.72790 7.22785 6.69457 6.69457 6.69457 6.69457 6.69457 6.69457 6.70314 6.73583 6.77023 6.80450 6.15723 5.73992 5.21448 4.56643 4.55844 4.55850 4.55886 4.55926 4.55966 4.55999 4.55937 3.67184 3.47692 3.47602 3.47512 3.47422 3.47915 3.92858 4.17354 4.28280 4.28280 4.28280 4.28280 4.28280 4.28280 4.28170 4.24385 4.18821 4.13206 4.07639 4.02078 3.97809 4.33216 4.63845
10.4666 10.6600 10.4060 10.2377 10.2059 10.1499 10.1491 10.1491 10.1341 10.0994 10.0647 9.59077 9.01147 8.97427 8.96827 8.87865 8.28664 7.87135 7.75691 7.72790 7.54762 6.69636 6.72279 6.75710 6.79137 6.82564 6.85991 6.88563 6.88709 6.88709 6.88709 6.48983 5.73534 5.41640 4.67340 4.55801 4.55745 4.55659 4.55570 4.55479 4.55394 4.55373 3.99693 3.47308 3.47308 3.47308 3.47308 3.47308 3.79141 4.10085 4.28190 4.24482 4.18881 4.13313 4.07752 4.02151 3.96680 3.94901 3.94901 3.94901 3.94901 3.94901 3.94916 4.18631 4.53504
9.81054 10.4492 10.2238 10.0371 10.0833 10.0485 10.0138 9.97900 9.95920 9.95913 9.95913 9.70194 8.96827 8.96827 8.96827 8.96820 8.33744 7.99319 7.85598 7.84584 7.87949 7.02001 6.88709 6.88709 6.88709 6.88709 6.88653 6.87147 6.85015 6.82900 6.80787 6.63579 5.58582 5.44847 4.80519 4.55373 4.55373 4.55373 4.55373 4.55373 4.55373 4.55373 4.32632 3.47308 3.47308 3.50363 3.56270 3.62178 3.85608 4.27325 3.97347 3.94901 3.94901 3.94901 3.94901 3.94901 3.94901 3.94901 3.94901 3.94497 3.88792 3.79094 3.68995 3.83387 4.67606
