High_resolution/powerplant/Chizhou/OMI_NO2_200703.asc
ncols      200
nrows      200
xllcorner       115.585
yllcorner       28.7700
cellsize     0.0166667
NODATA_Value      -999.000
[rows 60 to 89 of 175, columns 0 to 65 of 200]
2.33800 2.33090 2.43479 2.68704 2.84488 3.00978 3.02442 3.03923 3.05533 3.16983 3.18211 3.19925 3.20644 3.20913 3.20171 3.18521 3.16870 3.15218 3.27605 3.45465 3.54907 3.65575 3.65575 3.65575 2.47993 2.37183 2.35763 2.34324 2.32931 2.31612 2.30293 2.28870 2.25479 2.21533 1.96280 1.56370 1.61260 1.59623 1.58080 1.56692 1.55358 1.54855 1.70193 1.83739 1.86531 1.89427 1.92329 1.94735 1.94991 1.96876 1.98642 1.85289 1.76896 1.76896 1.76896 1.76896 1.77019 1.96264 2.20100 2.20100 2.23931 2.11909 2.11807 2.12116 2.15560 2.23183
2.31815 2.32202 2.34610 2.70314 2.77972 3.05896 3.05374 3.04832 3.04069 3.16906 3.19034 3.17114 3.15188 3.11943 3.08752 3.06468 3.04168 3.01893 3.06914 3.23047 2.99413 2.87082 2.77970 2.68792 2.45092 2.28423 2.28523 2.28485 2.25438 2.21173 2.19637 2.19828 2.22170 2.25233 2.17570 1.82135 1.54421 1.54855 1.54855 1.55962 1.58838 1.61737 1.73319 1.94503 1.94991 1.94991 1.94991 1.94991 1.94991 1.95892 1.98126 1.89084 1.72625 1.70781 1.68946 1.67109 1.65270 1.69811 2.04441 2.03333 2.05162 2.24462 2.28595 2.30657 2.30166 2.31111
2.31466 2.31144 2.28736 2.54867 2.55977 2.86421 2.83367 2.78652 2.74176 2.81785 2.89921 2.87623 2.85328 2.84347 2.84333 2.84245 2.81411 2.77200 2.75806 2.97648 2.79098 2.55569 2.55130 2.55130 2.48585 2.26678 2.26327 2.26123 2.28222 2.31387 2.32681 2.32681 2.32681 2.32681 2.29815 1.96429 1.57900 1.62113 1.64665 1.66060 1.65688 1.65292 1.67832 1.81881 1.82969 1.81358 1.79750 1.78145 1.76531 1.74987 1.77433 1.75435 1.52876 1.54073 1.55789 1.52278 1.46312 1.42041 1.77987 1.87538 1.86709 2.20666 2.29129 2.29654 2.30494 2.32303
1.95128 1.89754 1.86468 2.05380 2.21112 2.51261 2.62138 2.61525 2.57770 2.59258 2.71479 2.67285 2.63089 2.56835 2.47697 2.38619 2.32287 2.27326 2.23060 2.62753 2.66424 2.60340 2.55130 2.55130 2.73942 2.35066 2.32259 2.31862 2.31468 2.31071 2.30677 2.28833 2.25562 2.22286 2.19027 1.94871 1.65955 1.62152 1.62103 1.62103 1.62103 1.62103 1.62155 1.68437 1.73841 1.73909 1.79422 1.88409 1.97372 2.06350 1.93488 1.74547 1.50128 1.38538 1.31795 1.29485 1.29441 1.29175 1.56019 1.83853 1.83346 2.11269 2.34344 2.33407 2.31615 2.30830
1.87143 1.89106 1.91069 1.97315 1.99560 2.12845 2.31128 2.27176 2.22714 2.18687 2.34491 2.29930 2.24969 2.22072 2.22053 2.22053 2.22053 2.22053 2.22053 2.50929 2.61538 2.65078 2.55130 2.55130 2.74451 2.39068 2.27909 2.26411 2.23550 2.20675 2.17793 2.16380 2.16380 2.16380 2.16380 2.00056 1.74947 1.61892 1.62103 1.66464 1.75439 1.84408 1.93395 2.05502 2.23035 2.30436 2.30105 2.25304 2.19925 2.13997 1.90777 1.57308 1.42761 1.30126 1.29630 1.29289 1.29047 1.29273 1.39376 1.81502 1.79560 1.94385 2.29626 2.29309 2.29549 2.29269
2.00490 2.00490 1.98330 1.90690 1.71850 1.75905 2.05476 2.00890 1.99956 1.99956 2.17430 2.22053 2.22053 2.20197 2.14372 2.08412 2.02448 1.96492 1.90528 1.97905 2.16832 2.61627 2.55130 2.55130 2.67395 2.40409 2.17764 2.16380 2.16380 2.16380 2.16380 2.16380 2.15121 2.10533 2.05771 2.01740 2.25078 2.07689 2.19082 2.23702 2.23975 2.25360 2.26465 2.26108 2.15947 2.07811 2.04842 2.02024 1.99716 1.97870 1.88202 1.54577 1.45415 1.31195 1.31337 1.31195 1.31000 1.30804 1.29544 1.66723 1.74333 1.81539 2.27612 2.30495 2.30495 2.30280
1.76041 1.69741 1.65621 1.66253 1.57678 1.61141 2.00507 1.99627 1.94596 1.89632 1.96124 2.00203 1.95299 1.92140 1.92603 1.93120 1.83231 1.82686 1.82773 1.89275 2.15308 2.47422 2.57223 2.55130 2.56005 2.45529 2.12261 2.07533 2.02769 1.98074 1.93808 1.89688 1.86872 1.87304 1.87894 1.91555 2.51132 2.25872 2.26828 2.26432 2.25586 2.23637 2.20410 2.10730 2.01890 1.93201 1.91051 1.89706 1.88446 1.87275 1.86835 1.53662 1.46199 1.31571 1.30620 1.30606 1.30606 1.30606 1.30312 1.52332 1.74333 1.77453 2.16414 2.30495 2.30495 2.30495
1.75532 1.74176 1.72809 1.71439 1.64201 1.60132 1.71372 1.74298 1.74309 1.74377 1.80816 1.94175 1.94252 1.94529 1.95293 1.96058 1.88744 1.89216 1.96022 2.05283 2.47737 2.90122 3.26499 2.87977 2.14190 2.08496 1.89034 1.90766 1.91603 1.94161 1.96693 1.99881 2.03954 2.08184 2.13024 2.19642 2.57765 2.43330 2.18648 2.15055 2.11703 2.08480 2.06779 2.00064 1.95549 1.87032 1.86951 1.86756 1.86560 1.86365 1.86228 1.63346 1.46528 1.35629 1.30606 1.30606 1.30606 1.30606 1.30606 1.38437 1.74333 1.74567 2.04569 2.30495 2.30495 2.30495
1.67264 1.67254 1.67757 1.68669 1.66322 1.59192 1.71445 1.78370 1.79133 1.79849 1.82593 2.02270 2.07472 2.13327 2.18691 2.24029 2.25861 2.25600 2.25663 2.25954 2.60424 2.85531 3.58308 2.95435 2.18644 2.25539 2.08506 2.07980 2.12014 2.13855 2.15818 2.20076 2.23364 2.23147 2.21409 2.16706 2.35353 2.39125 2.07660 2.04926 2.04926 2.04926 2.04817 2.01396 1.96242 1.87710 1.86224 1.86223 1.86223 1.86223 1.86223 1.71729 1.48610 1.40017 1.30606 1.31127 1.32135 1.33144 1.34150 1.34144 1.75147 1.80901 1.97995 2.34697 2.37044 2.39348
1.74642 1.75772 1.76164 1.75952 1.75077 1.61589 1.71210 1.89178 1.95308 2.01429 2.07549 2.27465 2.29876 2.29771 2.29666 2.29557 2.27437 2.22303 2.22125 2.22175 2.50368 2.75878 3.59880 2.98193 2.43741 2.43779 2.25044 2.19144 2.18659 2.17344 2.15589 2.10864 2.06275 2.05193 2.05193 2.05193 2.17124 2.45889 2.12143 2.04594 2.04398 2.04203 2.04684 2.05127 1.98196 1.94324 1.90908 1.91915 1.92923 1.93934 1.94939 1.90729 1.60148 1.54874 1.43358 1.43844 1.44252 1.45766 1.49916 1.55521 1.81555 1.99046 2.09722 2.43328 2.52008 2.55529
1.72069 1.74407 1.77806 1.81208 1.84608 1.76994 1.80309 2.08906 2.12083 2.12083 2.12083 2.23330 2.29765 2.31818 2.33928 2.36099 2.38682 2.38629 2.44601 2.50454 2.73472 2.93893 3.46660 3.22455 2.44609 2.46695 2.35372 2.06177 2.05193 2.05193 2.05904 2.07379 2.08853 2.10277 2.10189 2.09367 2.09405 2.49855 2.31911 2.16525 2.17835 2.19138 2.19884 2.19885 2.11077 2.06922 1.99461 1.99461 1.99461 1.98592 1.95435 1.92160 1.70615 1.64836 1.57944 1.62122 1.67784 1.72341 1.74270 1.75210 1.84959 2.10442 2.18304 2.57046 2.82800 2.86273
1.88985 1.90049 1.90037 1.88942 1.87162 1.82550 1.84685 2.11161 2.24492 2.26896 2.29494 2.40410 2.50708 2.53645 2.56596 2.59545 2.61568 2.58673 2.58203 2.58203 2.70631 2.94797 3.22832 3.49941 2.43848 2.43848 2.42121 2.23285 2.20699 2.22126 2.21294 2.19012 2.16719 2.14484 2.13762 2.13762 2.13762 2.46087 2.44954 2.21855 2.19885 2.19885 2.19331 2.16338 2.06609 1.99337 1.86608 1.82814 1.79517 1.77317 1.80413 1.84521 1.88454 1.89395 1.86289 1.84939 1.88164 1.91398 1.94632 1.96897 1.96210 2.24902 2.32593 2.64717 3.05825 3.10945
1.80029 1.78243 1.76474 1.75784 1.75784 1.79767 1.92425 2.18350 2.41917 2.45290 2.48546 2.52016 2.62067 2.61633 2.61633 2.61633 2.61231 2.55814 2.50484 2.46595 2.47963 2.72183 2.83313 3.67444 2.43848 2.43727 2.41040 2.27307 2.16680 2.14459 2.13762 2.13762 2.13762 2.13762 2.13762 2.14063 2.17701 2.37575 2.41899 2.12748 2.03717 2.00442 1.97721 1.97068 1.91339 1.84062 1.83357 1.86424 1.91356 1.96238 1.98096 1.99036 1.99514 2.10500 2.03606 1.95657 1.95510 1.96221 1.98906 2.01834 2.06597 2.35958 2.47021 2.64355 3.08687 3.12528
1.75897 1.76120 1.76343 1.76567 1.76730 1.76664 1.90521 2.11336 2.44560 2.44076 2.40593 2.35659 2.44913 2.40764 2.36390 2.32020 2.28048 2.28742 2.32822 2.35008 2.37949 2.74907 2.82302 3.65289 2.31313 2.26865 2.25995 2.24278 2.14233 2.15977 2.20520 2.25067 2.29611 2.34155 2.38545 2.42431 2.42980 2.42423 2.31480 2.08745 1.93841 1.93376 1.96157 1.99757 2.03728 2.05128 2.06397 1.98986 2.00381 2.01762 2.03051 2.04333 2.04944 2.16225 2.13494 2.02580 2.05516 2.07897 2.07978 2.07978 2.08098 2.26162 2.47021 2.58951 2.96439 3.12528
1.61538 1.60423 1.59319 1.57920 1.55330 1.53383 1.60705 1.74001 2.03882 2.05144 2.03626 2.03664 2.18609 2.24771 2.26770 2.28849 2.31017 2.36062 2.46402 2.41640 2.35489 2.55440 2.55248 2.79105 2.44674 2.53755 2.62855 2.58821 2.44864 2.41134 2.40774 2.40414 2.40054 2.39694 2.38445 2.36478 2.34513 2.31340 2.23608 2.04544 2.06399 2.18918 2.26183 2.33265 2.39856 2.33492 2.30317 2.05954 2.05946 2.07889 2.11571 2.15492 2.19675 2.29575 2.23348 2.12014 2.07978 2.07978 2.07978 2.07978 2.07978 2.14960 2.46344 2.54286 2.83462 3.12528
1.50999 1.49301 1.47607 1.46193 1.46044 1.45300 1.47228 1.51171 1.86386 2.03732 2.03233 2.02681 2.04714 2.01439 1.97005 1.90639 1.83611 1.76888 1.77323 1.74271 1.72221 1.86443 1.98864 2.12828 2.85688 2.85688 2.85688 2.73030 2.50193 2.38976 2.37086 2.35120 2.33153 2.29950 2.24074 2.20598 2.21019 2.22744 2.27533 2.28297 2.31868 2.44191 2.44330 2.44330 2.44416 2.40767 2.42703 2.21164 2.20265 2.22239 2.22239 2.22239 2.22239 2.26029 2.26618 2.16343 2.07978 2.07978 2.07978 2.07971 2.07765 2.10121 2.37784 2.49072 2.67696 3.02803
1.34668 1.31372 1.28268 1.25348 1.22588 1.20443 1.21174 1.25036 1.53252 1.90071 1.87324 1.84172 1.80040 1.72200 1.69656 1.69057 1.69117 1.69177 1.72329 1.73311 1.73381 1.81941 1.98286 2.03223 2.85572 2.85688 2.85688 2.79163 2.56202 2.30271 2.24609 2.24271 2.24824 2.26610 2.32079 2.36106 2.36232 2.36232 2.35841 2.34903 2.26820 2.48250 2.53250 2.58584 2.64176 2.60934 2.55407 2.37129 2.21619 2.21281 2.20942 2.20605 2.20267 2.19026 2.28619 2.18015 2.05069 2.04774 2.04477 2.04109 2.02570 2.05281 2.24934 2.32273 2.44288 2.65761
1.21380 1.21031 1.20684 1.20344 1.20926 1.22153 1.23557 1.30024 1.44889 1.72773 1.73009 1.73005 1.72899 1.70536 1.71245 1.70027 1.68143 1.66316 1.66198 1.64385 1.58038 1.54162 1.66746 1.72360 2.79840 2.82912 2.72838 2.60415 2.36048 2.29426 2.35377 2.36232 2.36232 2.36232 2.36213 2.36032 2.35938 2.37247 2.38909 2.39800 2.36228 2.62390 2.64155 2.63908 2.63661 2.60732 2.51366 2.42768 2.17807 2.17807 2.17807 2.17807 2.17920 2.19062 2.23485 2.16079 2.05214 2.08558 2.13561 2.18643 2.25090 2.27781 2.31252 2.29321 2.38410 2.46851
1.20730 1.22306 1.23879 1.25446 1.26092 1.26092 1.26167 1.29859 1.35716 1.62676 1.65526 1.63810 1.62149 1.58532 1.54823 1.50413 1.46552 1.42691 1.38520 1.34571 1.34367 1.34545 1.48411 1.64416 2.29510 2.43666 2.43258 2.43226 2.31817 2.29130 2.34510 2.34293 2.34215 2.35508 2.37265 2.39309 2.41399 2.41866 2.41866 2.40856 2.37023 2.52148 2.63136 2.63136 2.63136 2.62773 2.53259 2.53908 2.25464 2.25365 2.27401 2.30107 2.33586 2.36404 2.23438 2.38560 2.29529 2.20743 2.16506 2.12089 2.07514 2.02747 2.02403 2.06419 2.15594 2.21898
1.27410 1.28108 1.28827 1.29569 1.30337 1.31122 1.31839 1.27250 1.24279 1.45478 1.50086 1.46221 1.42360 1.37006 1.35724 1.35724 1.35724 1.35724 1.35540 1.34389 1.35311 1.36698 1.47718 1.69601 1.94205 2.43258 2.43258 2.43258 2.35534 2.26417 2.37169 2.39373 2.41431 2.41866 2.41866 2.41866 2.41866 2.41866 2.41853 2.40861 2.42520 2.47851 2.70440 2.72478 2.74514 2.76506 2.68032 2.64318 2.44937 2.37745 2.40251 2.41956 2.42441 2.41734 2.21823 2.11536 2.09948 1.94992 1.94632 1.94281 1.93930 1.93578 1.93913 1.94393 1.94527 1.97421
1.31949 1.31949 1.31949 1.32225 1.32834 1.33443 1.34052 1.32012 1.26388 1.27396 1.37199 1.37560 1.37894 1.37531 1.38520 1.40179 1.41728 1.43280 1.44827 1.43500 1.43558 1.43584 1.51412 1.70029 1.61537 2.45181 2.52491 2.58306 2.57128 2.33908 2.40258 2.41866 2.40421 2.34594 2.28459 2.22337 2.16206 2.10079 2.03958 2.18179 2.55584 2.50090 2.78615 2.79904 2.80499 2.81913 2.71810 2.62457 2.53278 2.38095 2.38933 2.43672 2.48883 2.54488 2.50088 2.31336 2.35570 1.92851 1.92621 1.92621 1.92621 1.92621 1.92621 1.92447 1.92160 1.98735
1.36321 1.37266 1.38215 1.38881 1.39221 1.39556 1.39943 1.40574 1.33050 1.33680 1.46383 1.49314 1.50528 1.51086 1.49255 1.50032 1.50479 1.50911 1.51328 1.47903 1.46779 1.47282 1.51841 1.65724 1.11541 2.48919 2.54134 2.39847 2.24722 2.02453 2.02386 2.05864 2.00739 2.00256 2.00092 1.99924 1.99748 1.99187 1.98367 2.01733 2.59456 2.56188 2.78006 2.87950 2.87690 2.91480 2.86284 2.72051 2.75696 2.64019 2.67733 2.67867 2.67867 2.67867 2.66665 2.31596 2.39466 2.02368 1.92621 1.92621 1.92621 1.92621 1.92621 1.92620 1.91775 1.98311
1.41528 1.42535 1.43585 1.44636 1.45686 1.46737 1.47737 1.47987 1.39920 1.38110 1.46822 1.53875 1.55532 1.57164 1.54175 1.54434 1.54787 1.55063 1.53542 1.48717 1.43362 1.40785 1.39959 1.48998 0.831338 1.22934 1.71017 1.71017 1.71017 1.68873 1.74255 1.99362 1.99159 1.98528 1.97884 1.97240 1.97496 1.99641 2.01411 2.02040 2.51085 2.64256 2.86834 3.11865 3.17777 3.18798 3.15288 2.87421 2.86929 2.72115 2.67867 2.67867 2.67867 2.67867 2.67867 2.39172 2.37946 2.15908 1.92621 1.92621 1.92621 1.92621 1.92621 1.92621 1.92178 1.98443
1.49467 1.50854 1.52503 1.54613 1.56776 1.58990 1.61258 1.63582 1.58385 1.53912 1.59260 1.69126 1.68400 1.65568 1.54586 1.47681 1.44262 1.40854 1.39240 1.36450 1.30023 1.28948 1.28022 1.37004 0.831338 0.862229 1.70948 1.71017 1.71017 1.69779 1.67320 1.93977 1.97307 1.99439 2.00223 2.00815 2.00493 1.98688 1.97495 1.97456 2.30468 2.61594 2.89897 3.18449 3.18798 3.18798 3.18798 2.91157 2.86929 2.77718 2.67867 2.68032 2.69069 2.70231 2.71398 2.54016 2.40594 2.34820 2.00803 2.01972 2.03135 2.04298 2.05463 2.08129 2.13457 2.28862
1.67552 1.68288 1.68717 1.68570 1.68049 1.67502 1.66948 1.62494 1.51062 1.35782 1.30035 1.48893 1.48014 1.47405 1.42163 1.31359 1.31290 1.31290 1.31235 1.30092 1.20991 1.20241 1.19720 1.28307 0.831338 0.695008 1.57697 1.71017 1.72991 1.77337 1.75961 1.92815 1.99218 1.97659 1.97456 1.97456 1.97456 1.97456 1.97456 1.97609 2.14745 2.60733 2.82768 3.13152 3.21076 3.21498 3.21923 3.02093 2.98726 2.96292 2.81989 2.82993 2.83118 2.83118 2.83118 2.74722 2.48740 2.57461 2.21621 2.24077 2.28428 2.32928 2.37408 2.40398 2.41567 2.62995
1.63983 1.62998 1.56803 1.49274 1.42116 1.34983 1.27858 1.24633 1.24182 1.16235 1.15382 1.37320 1.45437 1.44804 1.42461 1.28818 1.27318 1.27212 1.27504 1.28266 1.21347 1.20883 1.21674 1.27989 2.83458 2.92911 2.41193 2.71612 2.79448 2.84756 2.66352 2.62850 2.58505 2.61748 2.64977 2.68220 2.71414 2.74561 2.36265 2.02560 2.04819 2.63003 2.78660 3.06634 3.23907 3.23907 3.23907 3.09841 3.01381 3.01418 2.82414 2.78228 2.76912 2.81744 2.85922 2.88409 2.98550 2.83361 2.54392 2.41129 2.43807 2.50718 2.57697 2.64679 2.71665 2.86576
1.32743 1.26084 1.24633 1.24633 1.24633 1.24633 1.24633 1.24633 1.24633 1.13949 1.10720 1.23989 1.42531 1.43400 1.44262 1.32414 1.30410 1.30752 1.30752 1.30752 1.25229 1.21738 1.21738 1.25464 5.35455 5.35473 3.90988 3.74917 3.74917 3.74917 3.51324 3.36355 3.07697 3.06423 3.06423 3.06423 3.06423 3.06423 2.68355 2.02564 2.02564 2.48956 2.70287 2.93963 3.18489 3.16056 3.13618 3.10069 2.98628 3.08289 3.02863 2.96714 3.00853 2.99822 2.99284 3.01630 3.13224 3.05164 2.91317 2.77296 2.83954 2.86125 2.88269 2.90453 2.92698 3.01664
1.24633 1.24633 1.24633 1.24633 1.24633 1.24633 1.24007 1.22489 1.20965 1.12044 1.04917 1.16936 1.46230 1.46345 1.46345 1.37042 1.30838 1.31320 1.31850 1.32372 1.27522 1.17753 1.16952 1.18212 5.35473 5.35473 4.27506 3.74657 3.74917 3.74917 3.60118 3.37298 3.14502 3.06423 3.06423 3.06527 3.07816 3.09439 2.92459 2.09873 2.11766 2.33370 2.61097 2.94610 3.28562 3.43502 3.53164 3.58945 3.48500 3.58587 3.48943 3.24739 3.33820 3.46398 3.69418 3.91993 4.11405 4.17302 4.00448 3.03517 3.03517 3.03517 3.03517 3.03517 3.03517 3.04595
1.27489 1.27839 1.27717 1.27594 1.27477 1.27365 1.27868 1.29273 1.30664 1.27540 1.18182 1.24868 1.57154 1.62329 1.62861 1.56893 1.48251 1.48296 1.47761 1.44778 1.35259 1.04901 1.01154 0.975415 5.35473 5.35473 4.74294 3.72930 3.74917 3.76340 3.74049 3.42986 3.30243 3.13728 3.15352 3.16958 3.20440 3.24892 3.26916 2.46148 2.52473 2.66473 3.06164 3.30656 3.58121 3.66960 3.66491 3.65380 3.76175 3.95493 4.08120 4.17966 4.31766 4.42819 4.43520 4.43520 4.44851 4.46029 4.22694 3.20107 3.03517 3.03517 3.03517 3.03517 3.03517 3.03517
1.42192 1.41902 1.41902 1.41881 1.41688 1.41449 1.41198 1.40936 1.40659 1.39378 1.22470 1.24118 1.50467 1.58264 1.54974 1.48385 1.34963 1.32126 1.30266 1.30935 1.31074 0.923140 0.840248 0.768438 5.35473 5.35473 5.26262 3.90168 3.92366 3.93785 3.94844 3.62507 3.59085 3.31317 3.35005 3.39555 3.43190 3.45688 3.48199 2.90669 2.83133 2.91562 3.34031 3.58690 3.99282 4.07742 4.21410 4.35145 4.38770 4.47867 4.48128 4.45961 4.43520 4.43520 4.43520 4.43520 4.43555 4.50287 4.25640 3.55247 3.03517 3.03517 3.03517 3.03517 3.03517 3.03517
