High_resolution/powerplant/Chizhou/OMI_NO2_201105.asc
ncols      200
nrows      200
xllcorner       115.585
yllcorner       28.7700
cellsize     0.0166667
NODATA_Value      -999.000
[rows 120 to 149 of 175, columns 132 to 197 of 200]
1.87552 1.82215 1.76849 1.71487 1.68704 1.68704 1.68704 1.68704 1.68704 1.68704 1.70315 1.97328 1.93938 1.78610 1.41297 1.37380 1.36307 1.35672 1.35088 1.34973 1.34973 1.34973 1.34095 1.24378 1.24252 1.24252 1.24252 1.21389 1.20443 1.20443 1.21389 1.28436 1.39115 1.52811 1.60144 1.61386 1.51620 1.74174 1.76506 1.76506 1.76506 1.76506 1.76506 1.99543 2.05611 1.99850 1.79439 1.79475 1.81009 1.83988 1.91100 1.95155 1.80838 1.66147 1.54915 1.49435 1.45220 1.45847 1.51740 1.77208 1.79353 1.79353 1.80766 1.82753 1.75444 1.70370
1.68729 1.68704 1.68704 1.68704 1.68704 1.68108 1.66848 1.65584 1.64323 1.61584 1.44643 1.40350 1.25372 1.06172 1.32591 1.34973 1.34973 1.34973 1.34973 1.34973 1.34973 1.34973 1.34973 1.26844 1.24252 1.24252 1.25327 1.30728 1.36871 1.45011 1.52209 1.53310 1.53692 1.61166 1.61386 1.61386 1.55208 1.66257 1.76506 1.76506 1.76506 1.76506 1.76506 1.91539 2.06716 2.11123 1.89144 1.86613 1.85064 1.82080 1.76879 1.48702 1.41317 1.44687 1.48573 1.52461 1.55174 1.55306 1.56751 1.78964 1.86611 1.89316 1.90607 1.90607 1.84147 1.73061
1.67924 1.66661 1.65401 1.64137 1.62877 1.55790 1.36321 1.16490 0.966335 0.782846 0.745412 0.843346 0.949682 0.949682 1.21505 1.34973 1.34973 1.34973 1.34973 1.34973 1.34973 1.34973 1.35772 1.37348 1.40952 1.49100 1.56173 1.56383 1.53310 1.53310 1.53310 1.53310 1.53310 1.59181 1.61386 1.61386 1.59744 1.57002 1.76506 1.76515 1.79989 1.89682 2.00447 2.11304 2.04212 1.99609 1.82248 1.71879 1.71950 1.74565 1.78452 1.67668 1.54753 1.55398 1.57097 1.59261 1.61425 1.63552 1.64274 1.77644 1.90607 1.90607 1.90607 1.90607 1.86952 1.76189
1.61718 1.47849 1.28019 1.08171 0.883401 0.749094 0.745412 0.745412 0.745412 0.745412 0.745412 0.785714 0.949682 0.949682 1.09618 1.34973 1.34973 1.34973 1.35557 1.40592 1.46549 1.52508 1.57666 1.58194 1.57120 1.57119 1.57119 1.57101 1.53660 1.53310 1.53310 1.53310 1.53310 1.56815 1.61644 1.67905 1.80411 1.77704 2.09038 2.23541 2.32428 2.32829 2.32829 2.31998 1.99578 1.99618 1.95738 1.81200 1.85016 1.86563 1.88462 1.84949 1.61772 1.63809 1.64274 1.64274 1.64274 1.64274 1.64274 1.70785 1.90607 1.90607 1.90607 1.90607 1.89643 1.81038
0.808793 0.745412 0.745412 0.745412 0.745412 0.745412 0.745412 0.745412 0.745412 0.745412 0.745412 0.746556 0.931288 0.949682 0.985561 1.39719 1.46102 1.52060 1.57432 1.58358 1.58358 1.58358 1.58358 1.58358 1.57343 1.57119 1.57119 1.57119 1.54707 1.55035 1.60398 1.62801 1.64863 1.75608 2.35773 2.44812 2.44984 2.28552 2.26667 2.32829 2.32829 2.33718 2.38197 2.43057 2.20163 2.13349 2.17004 1.92596 1.93138 1.95026 1.95291 1.95215 1.67670 1.64274 1.64274 1.64274 1.64274 1.64274 1.64274 1.65209 1.89776 1.90521 1.89058 1.87113 1.85167 2.10514
0.783858 0.745412 0.745412 0.745412 0.745412 0.745412 0.745412 0.745412 0.745412 0.745412 0.747937 0.792627 0.981582 1.11607 1.17163 1.49244 1.58358 1.58358 1.58358 1.58358 1.58358 1.58358 1.58358 1.58362 1.58017 1.57856 1.56070 1.50989 1.53729 1.79997 1.71738 1.69584 1.69584 1.69584 2.38725 2.44984 2.44984 2.39899 2.21779 2.41632 2.46493 2.51711 2.57753 2.63830 2.50200 2.31652 2.32024 2.07054 1.95291 1.95291 1.95291 1.95291 1.76590 1.64274 1.64274 1.64274 1.64274 1.64274 1.63483 1.61927 1.78179 1.83874 1.83962 1.85009 1.86182 2.07823
0.825876 0.745412 0.745412 0.745412 0.745412 0.745412 0.746815 0.788137 0.847700 0.907310 0.964347 0.979267 1.05105 1.18354 1.18354 1.37356 1.58358 1.58358 1.58403 1.58786 1.59233 1.59084 1.55055 1.49635 1.42530 1.32653 1.27090 1.27075 1.28939 1.69010 1.69584 1.69584 1.69584 1.69584 2.23263 2.44984 2.44984 2.47709 2.30195 2.62150 2.70079 2.74899 2.75295 2.75295 2.68196 2.32024 2.32024 2.18353 1.95291 1.95291 1.95291 1.95291 1.85588 1.64274 1.63872 1.62377 1.60821 1.59152 1.58068 1.57737 1.69731 1.88761 1.88833 1.80804 1.70523 1.67236
0.866717 0.746678 0.745973 0.783670 0.843234 0.902820 0.961003 0.979267 0.979267 0.979267 0.979267 0.979267 0.995302 1.18298 1.18922 1.26490 1.59819 1.57549 1.52484 1.46096 1.38351 1.30210 1.28934 1.28934 1.28929 1.27296 1.27075 1.27075 1.27075 1.55356 1.69584 1.69584 1.69584 1.75483 2.23677 2.71647 2.83801 2.93232 2.67642 2.66353 2.75295 2.75295 2.75295 2.75295 2.75295 2.37032 2.32024 2.29177 1.95764 1.95291 1.95147 1.93844 1.89104 1.59693 1.57961 1.58418 1.59147 1.60077 1.61171 1.58062 1.54667 1.63226 1.53530 1.51275 1.51334 1.53547
1.27126 1.05934 0.957355 0.979267 0.979267 0.979267 0.979267 0.979267 0.999080 1.04363 1.08834 1.13293 1.17892 1.22087 1.23668 1.25621 1.33271 1.28934 1.28934 1.28934 1.28934 1.28934 1.28934 1.28934 1.28934 1.27878 1.27075 1.27075 1.27075 1.46360 1.99372 2.23633 2.47894 2.66314 2.68495 2.93119 2.93897 2.93897 2.84915 2.57212 2.75295 2.75295 2.75295 2.75295 2.75295 2.47773 2.32008 2.30592 1.96527 1.79914 1.72464 1.65654 1.61011 1.61903 1.62888 1.60837 1.53348 1.45638 1.37933 1.34434 1.34692 1.52313 1.57380 1.60674 1.63911 1.64991
1.87602 1.47504 0.979568 1.00692 1.05156 1.09620 1.14084 1.18553 1.21604 1.23063 1.24789 1.26863 1.29044 1.29150 1.28934 1.28934 1.28934 1.28934 1.28934 1.28934 1.28934 1.28934 1.28934 1.28934 1.28934 1.28879 1.42307 1.54467 1.66573 1.88149 2.67410 2.67410 2.67410 2.67410 2.67410 2.88657 2.93897 2.93897 2.93897 2.54537 2.74020 2.75295 2.75257 2.70981 2.59086 2.36683 2.12896 2.08253 1.87905 1.63043 1.63043 1.62205 1.55591 1.47878 1.40165 1.34660 1.34763 1.36944 1.39416 1.41886 1.44205 1.56707 1.64991 1.64991 1.64991 1.64991
2.00086 1.92758 1.19419 1.21127 1.22197 1.23759 1.25620 1.27876 1.29374 1.29379 1.29379 1.29379 1.29379 1.29277 1.28934 1.28934 1.28934 1.28934 1.28934 1.28934 1.28934 1.28179 1.24969 1.21565 1.18161 1.16722 1.71808 1.75988 1.75988 1.76893 2.58026 2.67410 2.67410 2.67410 2.67410 2.81874 2.93897 2.93551 2.81411 2.40735 2.36198 2.35166 2.22900 2.16119 2.15899 2.15526 2.09097 2.08840 1.97241 1.50127 1.42408 1.35533 1.35005 1.37348 1.39820 1.42289 1.44431 1.44721 1.44721 1.44721 1.44721 1.51231 1.64991 1.64991 1.64991 1.64991
2.22096 2.32812 1.48744 1.28811 1.29379 1.29379 1.29379 1.29379 1.29379 1.29379 1.29379 1.29379 1.29379 1.29373 1.28960 1.28934 1.28934 1.28339 1.25219 1.21815 1.18413 1.15764 1.15572 1.15572 1.15572 1.15572 1.54054 1.75988 1.75988 1.75988 2.23908 2.67410 2.60775 2.39514 2.22865 2.14998 2.19607 2.00007 1.89637 1.84818 1.86287 2.15899 2.15899 2.15899 2.12878 2.05214 1.92232 1.82972 1.75474 1.40763 1.40223 1.42693 1.44594 1.44721 1.44721 1.44721 1.44721 1.44721 1.44721 1.44721 1.44721 1.46534 1.64970 1.64991 1.65035 1.65270
2.63893 2.63893 1.97105 1.29379 1.29379 1.29379 1.29379 1.29379 1.29379 1.29379 1.29379 1.29379 1.29379 1.28924 1.25615 1.22067 1.18662 1.15854 1.15572 1.15572 1.15572 1.15572 1.15572 1.15572 1.15572 1.15572 1.35263 1.75584 1.74891 1.74197 1.85309 1.95648 1.89855 1.89539 1.89539 1.89539 1.89539 1.89539 1.89539 1.89539 1.72992 2.06438 1.99744 1.92031 1.82053 1.67285 1.49004 1.30503 1.20455 1.33141 1.44721 1.44721 1.44721 1.44721 1.44721 1.44721 1.44721 1.44721 1.44721 1.44721 1.44729 1.44873 1.61401 1.65714 1.65933 1.65957
2.63893 2.63893 2.39728 1.29379 1.29379 1.29379 1.29379 1.29379 1.29379 1.29043 1.26166 1.22763 1.19361 1.16413 1.15843 1.15572 1.15572 1.15572 1.15572 1.15572 1.15572 1.15514 1.14941 1.14246 1.13554 1.12861 1.14993 1.70381 1.72294 1.72294 1.74600 1.89543 1.89539 1.89539 1.89539 1.89539 1.89539 1.89539 1.89539 1.89539 1.67408 1.59706 1.51882 1.36955 1.27316 1.27124 1.25652 1.20184 1.20184 1.25617 1.44721 1.44721 1.44721 1.44721 1.44721 1.44721 1.44721 1.44815 1.45011 1.45206 1.45394 1.45445 1.55699 1.65957 1.65957 1.66458
2.63893 2.63893 2.63799 1.47929 1.29379 1.29147 1.26417 1.23015 1.19609 1.16544 1.16017 1.16017 1.16017 1.16017 1.15967 1.15572 1.15383 1.14713 1.14020 1.13327 1.12633 1.11998 1.11878 1.11878 1.11878 1.11878 1.11878 1.54424 1.72294 1.72294 1.72294 1.87041 1.89539 1.89539 1.89539 1.89539 1.77337 1.47591 1.17748 0.878931 0.741763 1.03924 1.27124 1.27124 1.27124 1.27124 1.27052 1.20683 1.20184 1.20371 1.42450 1.44721 1.44721 1.44768 1.44954 1.45149 1.45344 1.45568 1.47272 1.49460 1.51643 1.53931 1.60165 1.70873 1.73582 1.75791
2.63893 2.63659 2.57969 1.80694 1.19860 1.16694 1.16017 1.16017 1.16017 1.16017 1.16017 1.14522 1.11165 1.07798 1.04437 1.10370 1.11902 1.11878 1.11878 1.11878 1.11878 1.11878 1.11878 1.11878 1.11878 1.11878 1.11878 1.35632 1.72294 1.72294 1.72294 1.82237 1.76422 1.46616 1.16761 0.869545 0.693256 0.692053 0.692053 0.692053 0.692249 0.887583 1.26165 1.27124 1.27124 1.27124 1.27124 1.22511 1.20184 1.20200 1.35299 1.45091 1.46399 1.48734 1.50929 1.53117 1.55303 1.57365 1.58903 1.60935 1.62968 1.64901 1.65772 1.75516 1.74795 1.73649
2.43569 2.35836 2.33558 2.06289 1.16017 1.15995 1.13955 1.10589 1.07225 1.03863 1.00498 0.986300 0.986248 0.986248 0.986248 1.05927 1.11878 1.11878 1.11878 1.11878 1.11878 1.11878 1.11878 1.11878 1.11878 1.11878 1.11878 1.17368 1.57745 1.28397 0.985899 0.739137 0.692534 0.692053 0.692053 0.692053 0.692053 0.692053 0.692053 0.692053 0.692053 0.810446 1.17325 1.27124 1.27124 1.27125 1.26784 1.24088 1.25460 1.27829 1.37466 1.56773 1.57848 1.57848 1.58381 1.60336 1.62368 1.64401 1.65379 1.65163 1.64340 1.63481 1.62621 1.68493 1.71233 1.71233
2.33424 2.30920 2.27556 2.23149 1.13947 0.999483 0.986248 0.986248 0.986248 0.986248 0.986248 0.986248 0.986248 0.986248 0.986248 1.02203 1.11878 1.11878 1.11878 1.11878 1.11878 1.11878 1.11878 1.11878 1.12677 1.14673 1.16681 1.18690 0.673943 0.519607 0.519607 0.527557 0.687742 0.692053 0.692053 0.692053 0.692053 0.692053 0.692053 0.692053 0.691730 0.720194 1.00771 1.21452 1.19391 1.17323 1.15602 1.17550 1.33297 1.33311 1.34386 1.58745 1.61769 1.63802 1.65301 1.65055 1.64203 1.63344 1.62485 1.61842 1.61805 1.61805 1.61805 1.65685 1.71233 1.71233
2.17028 2.16165 2.16165 2.16165 1.45112 0.986248 0.986248 0.986248 0.986248 0.986248 0.986248 0.986248 0.986248 0.986248 0.986248 0.990219 1.11336 1.11878 1.11878 1.11878 1.12546 1.14519 1.16527 1.18535 1.19744 1.19756 1.19756 1.19756 0.883830 0.519607 0.519607 0.519607 0.647803 0.692053 0.692053 0.683674 0.642026 0.596783 0.551640 0.506372 0.461601 0.445703 0.739387 1.14750 1.15452 1.15452 1.15471 1.16742 1.33805 1.38666 1.40511 1.58311 1.64066 1.63207 1.62348 1.61813 1.61805 1.61805 1.61805 1.61805 1.61805 1.61805 1.61805 1.63376 1.71233 1.71233
2.16165 2.16165 2.16165 2.16165 1.81985 0.986248 0.986248 0.986248 0.986248 0.986248 0.986248 0.986248 0.986248 0.986248 0.986248 0.986248 1.08554 1.14366 1.16372 1.18381 1.19721 1.19756 1.19756 1.19756 1.19756 1.19756 1.19756 1.19756 1.09372 0.519607 0.532414 0.556776 0.582735 0.529675 0.484482 0.447668 0.444148 0.444148 0.444148 0.444148 0.444148 0.444148 0.627741 1.06380 1.18175 1.20206 1.22232 1.27726 1.46457 1.62816 1.71433 1.70326 1.61805 1.61805 1.61805 1.61805 1.61805 1.61805 1.61805 1.61805 1.61805 1.61805 1.61805 1.61677 1.68559 1.67651
2.21420 2.16165 2.16165 2.16165 2.12804 1.04690 0.986248 0.986248 0.986248 0.986248 0.986248 0.986248 0.990620 1.00955 1.02964 1.04972 1.12091 1.19756 1.19756 1.19756 1.19756 1.19756 1.19756 1.19756 1.19915 1.21859 1.24305 1.26749 1.29187 0.744308 0.650023 0.650023 0.611216 0.444148 0.444148 0.444148 0.444148 0.444148 0.444148 0.444148 0.444148 0.444148 0.533574 1.01874 1.36649 1.45263 1.53873 1.57758 1.62964 1.75617 1.75617 1.74426 1.61935 1.61805 1.61805 1.61805 1.61805 1.61805 1.61805 1.61761 1.60811 1.59502 1.58193 1.57083 1.61631 1.64761
2.56579 2.16165 2.16165 2.16165 2.16165 1.38189 0.986248 0.986248 0.989659 1.00801 1.02809 1.04817 1.06388 1.06503 1.06503 1.06503 1.08434 1.19756 1.19756 1.20355 1.22691 1.25133 1.27573 1.30019 1.32302 1.32798 1.32798 1.32798 1.32798 0.965885 0.650023 0.650023 0.649095 0.463248 0.444148 0.444148 0.444148 0.444148 0.445400 0.551463 0.723807 0.896221 1.06855 1.22796 1.57390 1.57758 1.57758 1.57758 1.58528 1.75142 1.75617 1.75617 1.64975 1.61805 1.61805 1.61805 1.61193 1.59885 1.58575 1.57310 1.56974 1.57551 1.58368 1.59185 1.60622 1.56913
2.89208 2.16165 2.16165 2.16165 2.15915 1.74294 1.02655 1.04662 1.06330 1.06503 1.06503 1.06503 1.06503 1.06503 1.09608 1.16646 1.23705 1.29245 1.30847 1.32688 1.32798 1.32798 1.32798 1.32798 1.32798 1.32798 1.32798 1.32798 1.32798 1.17578 0.650023 0.650023 0.650023 0.519302 0.446374 0.557653 0.729997 0.902341 1.07343 1.13964 1.13964 1.13964 1.13964 1.17177 1.49892 1.57758 1.57758 1.57758 1.57758 1.71000 1.75617 1.75617 1.68908 1.60268 1.58958 1.57981 1.58096 1.58913 1.59730 1.60546 1.61125 1.57277 1.51762 1.46244 1.41283 1.37445
3.14901 2.14911 2.12141 2.09890 2.07890 2.01587 1.08866 1.06503 1.06543 1.10772 1.17823 1.24879 1.31931 1.38990 1.42933 1.42948 1.42948 1.37006 1.32798 1.32798 1.32798 1.32798 1.32798 1.32798 1.32798 1.32798 1.32798 1.32798 1.32798 1.32262 0.716204 0.769857 0.942131 1.04060 1.07865 1.13964 1.13964 1.13964 1.13964 1.13964 1.13964 1.13964 1.13964 1.15605 1.38084 1.57758 1.57758 1.57758 1.57662 1.65071 1.74025 1.73532 1.71155 1.60274 1.61091 1.61576 1.61579 1.58861 1.53345 1.47830 1.42522 1.41092 1.40229 1.38046 1.35847 1.28689
3.21126 2.32776 2.07577 2.07839 2.13033 2.20088 1.54201 1.33119 1.40134 1.42948 1.42948 1.42948 1.42948 1.42948 1.42948 1.42948 1.42948 1.39845 1.32798 1.32798 1.32798 1.32798 1.32798 1.32798 1.32798 1.32798 1.32779 1.31464 1.29363 1.27259 1.28431 1.34552 1.34552 1.32749 1.14084 1.13964 1.13964 1.13964 1.13964 1.13964 1.13964 1.13964 1.13964 1.14077 1.24774 1.58511 1.58452 1.58227 1.58097 1.61932 1.75391 1.75391 1.75391 1.62253 1.54929 1.49414 1.43890 1.41089 1.39884 1.37685 1.35488 1.33291 1.31956 1.31942 1.31942 1.28547
3.28143 2.84545 2.35370 2.42159 2.44022 2.44022 2.02864 1.42948 1.42948 1.42948 1.42948 1.42948 1.42948 1.42948 1.42948 1.42948 1.42948 1.42449 1.33032 1.32798 1.32798 1.32798 1.32795 1.31623 1.29522 1.27418 1.25336 1.24547 1.24547 1.24547 1.27507 1.34552 1.34552 1.34552 1.17980 1.13964 1.13964 1.13964 1.14310 1.16273 1.18442 1.20610 1.22768 1.24932 1.22286 1.52052 1.58866 1.58866 1.58866 1.58474 1.68884 1.64809 1.59283 1.47559 1.39524 1.37326 1.35130 1.32933 1.31942 1.31942 1.31942 1.31942 1.31942 1.31942 1.31942 1.30275
3.39576 3.13013 2.44022 2.44022 2.44022 2.44022 2.33942 1.43605 1.42948 1.42948 1.42948 1.42948 1.42948 1.42948 1.42948 1.42948 1.42948 1.42948 1.35368 1.31782 1.29680 1.27577 1.25479 1.24547 1.24547 1.24547 1.24547 1.24547 1.24547 1.24547 1.24868 1.34093 1.34552 1.36145 1.27057 1.19526 1.21694 1.23862 1.25685 1.25890 1.25890 1.25890 1.25890 1.25890 1.23714 1.40482 1.55383 1.49866 1.44343 1.39346 1.49825 1.56738 1.57781 1.52343 1.31942 1.31942 1.31942 1.31942 1.31942 1.31942 1.31942 1.31942 1.31942 1.31942 1.31942 1.31670
2.97042 2.90334 2.44420 2.44022 2.44022 2.44022 2.44022 1.65285 1.42948 1.42948 1.42948 1.42948 1.42948 1.42948 1.42948 1.42083 1.39988 1.37886 1.31043 1.24547 1.24547 1.24547 1.24547 1.24547 1.24547 1.24547 1.24547 1.24669 1.26391 1.29014 1.32309 1.47164 1.60644 1.65842 1.49780 1.25890 1.25890 1.25890 1.25890 1.25890 1.25890 1.25890 1.25890 1.25890 1.25675 1.23671 1.39192 1.40255 1.41298 1.42306 1.48729 1.59118 1.59118 1.58790 1.34092 1.31942 1.31942 1.31942 1.31942 1.31942 1.31942 1.31942 1.32549 1.36469 1.40887 1.45306
2.94462 2.94462 2.54535 2.44022 2.44022 2.44022 2.44022 1.97053 1.42948 1.42948 1.42948 1.42220 1.40148 1.38045 1.35943 1.34705 1.34697 1.34697 1.32794 1.24547 1.24547 1.24547 1.25018 1.27194 1.30016 1.33589 1.38268 1.44211 1.45833 1.45833 1.45833 1.53186 1.65842 1.65842 1.64023 1.26872 1.25890 1.25890 1.25890 1.25890 1.25890 1.26011 1.27641 1.29726 1.31813 1.27698 1.40046 1.42594 1.42594 1.42594 1.44253 1.59072 1.59118 1.59118 1.42087 1.31942 1.31942 1.31942 1.32065 1.35204 1.39625 1.44044 1.47855 1.48348 1.47457 1.45943
2.94462 2.94462 2.68770 2.44022 2.44022 2.44022 2.44022 2.25012 1.40307 1.38204 1.36102 1.34727 1.34697 1.34697 1.34697 1.34697 1.34697 1.36059 1.39066 1.32483 1.35003 1.40161 1.45428 1.45833 1.45833 1.45833 1.45833 1.45833 1.45833 1.45833 1.45833 1.47294 1.65538 1.65842 1.65842 1.32973 1.25890 1.26041 1.27724 1.29811 1.31897 1.33862 1.34320 1.34320 1.34320 1.30791 1.35124 1.42594 1.42594 1.42594 1.42594 1.56212 1.59118 1.59118 1.50413 1.33941 1.38356 1.42775 1.46614 1.46422 1.44909 1.43398 1.41883 1.39802 1.35634 1.31146
