High_resolution/powerplant/Chizhou/OMI_NO2_200801.asc
ncols      200
nrows      200
xllcorner       115.585
yllcorner       28.7700
cellsize     0.0166667
NODATA_Value      -999.000
[rows 29 to 57 of 161, columns 67 to 133 of 200]
8.96425 8.96425 8.59085 12.5409 13.6828 13.8068 13.9151 14.0109 14.0705 14.0724 14.0724 14.0724 14.0724 14.0724 14.0724 15.1800 15.4963 15.7026 16.8089 16.8724 16.9357 16.9991 17.0298 16.8106 16.5486 16.5486 16.5486 16.5486 16.5486 16.5486 16.4976 16.4402 16.4402 16.9925 18.6706 20.0561 20.0561 20.0561 20.1032 20.2633 20.4283 20.5932 20.7578 20.8285 21.0525 22.3847 23.4138 23.3486 23.2834 25.0645 26.2360 26.4652 26.6957 30.6173 31.5023 31.4221 31.3420 31.2623 31.1825 31.1025 31.0315 32.4140 32.4691 32.3893 32.3151 30.8862 30.0009
9.44060 9.85850 10.0380 12.3344 14.0724 14.0724 14.0724 14.0724 14.0724 14.0786 14.1072 14.1379 14.1685 14.1992 14.2299 15.0574 15.8437 15.8437 16.8691 17.0298 17.0298 17.0298 17.0298 16.9176 16.5486 16.5489 16.5541 16.5610 16.5681 16.5751 16.5606 16.4806 16.4877 16.7834 18.1268 20.4441 20.6167 20.7995 20.9390 20.9655 20.9871 21.0088 21.0304 21.0521 21.0688 20.7530 21.9525 22.0678 22.0678 23.8051 26.1081 26.1081 26.1081 28.4308 30.6929 30.6929 30.6929 30.6929 30.6966 30.7386 30.7907 31.7432 32.1648 32.1310 32.0971 31.2160 29.7887
10.4843 10.6052 10.5692 11.5204 14.1138 14.1444 14.1751 14.2058 14.2364 14.2755 14.3402 14.4070 14.4739 14.5406 14.6073 14.9983 16.3214 16.3881 17.1762 17.7079 17.7745 17.8412 17.9079 17.9369 16.7013 16.6750 16.6769 16.6769 16.6767 16.7533 16.9347 17.0187 17.1932 17.3954 18.5527 20.6685 21.0756 21.0795 21.0795 21.0795 21.0795 21.0795 21.0795 21.0795 21.0795 20.8212 21.5991 22.0678 22.0678 22.7950 26.1081 26.1096 26.1468 27.1406 30.8359 30.8880 30.9402 30.9924 31.0408 31.0510 31.0510 31.4454 32.0584 32.0584 32.0579 31.6329 29.4050
10.5656 10.8709 10.9189 11.1063 15.0195 15.0861 15.1529 15.2197 15.2864 15.3386 15.3424 15.3424 15.3424 15.3424 15.3424 15.3564 16.7574 16.9232 17.3409 18.1093 18.1091 18.1071 18.1048 18.1026 16.9873 16.8413 17.0243 17.2072 17.3904 17.4969 17.4975 17.4260 17.3890 17.3890 18.3077 19.9408 21.0795 21.0795 21.0795 21.0795 21.0795 21.0795 21.0795 21.0795 21.0795 20.9310 21.3257 22.2036 22.2558 22.3322 26.0934 26.4511 26.4662 26.4885 30.5884 31.0510 31.0510 31.0510 31.0510 31.0510 30.9521 30.8340 31.4700 31.2249 30.9799 30.8723 28.8770
10.6446 11.0478 11.0478 10.7865 14.8587 15.3424 15.3424 15.3424 15.3424 15.3424 15.3424 15.3424 15.3457 15.4354 15.5643 15.6926 16.7731 17.5295 17.7144 18.0930 18.1794 18.3645 18.5497 18.7350 18.0867 17.4975 17.4975 17.4975 17.4975 17.4975 17.4975 17.4550 17.3890 17.3890 17.9921 19.1950 21.0795 21.0795 21.0932 21.1482 21.2059 21.2636 21.3214 21.3791 21.4368 21.3601 21.2598 22.4250 22.4258 22.4258 25.1659 26.4662 26.4662 26.4662 29.2299 30.9850 30.7483 30.5033 30.2580 30.0125 29.8662 29.8649 30.7298 30.8723 30.8723 30.8723 29.4392
10.5675 10.9919 11.0478 10.9086 13.7854 15.3948 15.5213 15.6495 15.7763 15.9052 16.0338 16.1620 16.2869 16.3254 16.3254 16.3364 16.9174 18.2774 18.4626 18.8017 18.9299 18.9299 18.9299 18.9299 18.4310 17.4975 17.4975 17.4975 17.4975 17.4975 17.4975 17.4888 17.4372 17.4948 17.8402 18.8734 21.1554 21.4162 21.4603 21.4630 21.4630 21.4630 21.4630 21.4630 21.4630 21.4368 21.1056 22.2263 22.4258 22.4258 24.1905 26.8425 27.2460 27.6500 28.6394 29.8736 29.8649 29.8649 29.8649 29.8649 29.8649 29.8649 30.4617 30.8723 30.8723 30.8723 30.0197
10.5855 10.8845 11.0793 11.0885 13.6079 16.3248 16.3254 16.3254 16.3254 16.3254 16.3254 16.3637 16.4639 16.5652 16.6664 16.7565 16.8631 18.6338 18.7451 18.8514 18.9299 18.9299 18.9299 18.9299 18.7480 17.5214 17.6061 17.6935 17.7811 17.8686 17.9561 18.0392 17.8157 17.7726 17.7992 18.9553 20.5402 21.4630 21.4630 21.4630 21.4630 21.4630 21.4630 21.4630 21.4630 21.4653 21.4025 22.5219 23.4790 23.8825 24.9661 28.3542 28.3542 28.3542 28.4110 29.8083 29.8649 29.8519 29.7372 29.6009 29.4643 29.3281 29.5192 30.0624 29.9262 29.7896 29.7913
10.6154 10.7750 11.0961 11.0961 12.5160 16.3254 16.3292 16.4036 16.5048 16.6059 16.7071 16.7700 16.7709 16.7709 16.7709 16.7709 16.7720 18.1307 18.7461 18.8616 19.0751 19.1627 19.2502 19.3377 19.4244 18.1915 18.0593 18.0593 18.0593 18.0593 18.0593 18.0593 17.8933 17.7726 17.7726 18.6666 19.7942 21.4630 21.4630 21.4630 21.4630 21.5871 21.9819 22.3853 22.7892 23.1908 23.1225 23.4069 24.3145 24.3514 24.4353 27.7540 27.8734 27.7506 27.6278 28.5609 28.8931 28.7833 28.7753 28.7890 28.8027 28.8165 28.8997 29.8412 29.8648 29.8787 29.8926
10.6154 10.6481 11.1133 11.2149 11.6815 16.5083 16.7441 16.7709 16.7709 16.7709 16.7709 16.7709 16.7846 16.9160 17.0747 17.2330 17.3915 18.1078 19.2760 19.3199 19.4900 19.4917 19.4917 19.4917 19.4917 18.5100 18.0593 18.0593 18.0593 18.0593 18.0593 18.0576 17.9462 17.7188 17.6898 18.2389 19.0044 21.5941 22.0552 22.4297 22.8139 23.1167 23.1551 23.1840 23.2131 23.2419 23.3927 23.7315 25.0252 25.0793 25.0894 26.6808 27.4380 27.4380 27.4380 28.0388 28.9487 28.9487 28.9487 28.9487 28.9487 28.9487 28.9647 29.6418 29.7011 29.6014 29.5019
10.8762 10.9774 11.4301 11.5415 11.6580 15.6884 16.8016 16.9487 17.1073 17.2655 17.4242 17.5826 17.7273 17.7543 17.7546 17.7689 17.7909 17.8781 19.3438 19.4098 19.5814 19.6388 19.6608 19.6830 19.7051 18.8070 17.6815 17.6522 17.6232 17.5939 17.5648 17.5373 17.6348 17.6225 17.8716 18.4060 19.7344 22.1844 23.2003 23.2584 23.3072 23.3126 23.3126 23.3126 23.3126 23.3126 23.4046 23.7685 24.7972 25.0899 25.0899 26.0935 27.4380 27.4380 27.4380 27.6031 28.9843 29.0228 29.0540 29.0853 29.1165 29.1477 29.1629 29.2094 29.2479 29.2479 29.2479
10.9680 10.8394 11.1932 11.7986 11.9060 15.3183 17.9154 17.9489 17.9710 17.9930 18.0151 18.0371 18.0593 18.0814 18.1031 18.1109 18.1109 18.1067 19.2100 19.6635 19.7655 19.8483 19.8483 19.8483 19.8572 19.3212 17.5957 17.6561 17.8864 18.1404 18.3944 18.6484 18.7826 18.5627 18.4964 18.5180 19.9142 21.3463 23.3126 23.3126 23.3126 23.3126 23.3126 23.3126 23.3126 23.3126 23.3215 23.7520 24.4532 25.1284 25.1596 25.6017 27.5702 27.6014 27.6326 27.6520 28.8533 29.1629 29.1629 29.1629 29.1629 29.1629 29.1629 28.9115 28.3284 27.6822 27.0365
9.71819 9.71630 10.1375 11.5742 11.5742 13.8741 18.1109 18.1109 18.1109 18.1109 18.1109 18.1109 18.1109 18.1109 18.1109 18.1109 18.0935 18.0101 18.5355 19.3830 19.4765 19.9977 20.0267 20.1853 20.4306 20.5643 18.6064 18.7588 18.7831 18.7831 18.7831 18.7831 18.7831 18.6403 18.4964 18.4964 19.5560 20.3507 23.2992 23.3126 23.3126 23.3168 23.3690 23.4350 23.5009 23.5668 23.6327 24.0474 24.4702 25.3041 25.3041 25.3158 27.4644 27.6522 27.6522 27.6522 28.3985 29.1629 28.9801 28.3535 27.7078 27.0616 26.4163 26.0488 26.1269 26.1289 26.1289
9.71630 9.71630 9.74255 11.4555 11.5742 12.3896 18.1085 18.1109 18.1062 18.0366 17.9471 17.8573 17.7674 17.6776 17.5878 17.4979 17.4255 17.4192 17.6187 19.2201 19.5129 20.7639 21.0052 21.1005 21.1005 21.1005 19.2434 18.7831 18.7831 18.7831 18.7831 18.7831 18.7831 18.7176 18.4964 18.5287 19.2747 20.1619 22.8734 23.6086 23.6745 23.7362 23.7499 23.7499 23.7499 23.7499 23.7499 23.9995 24.2304 25.2524 25.3041 25.3041 26.8891 27.6716 27.8168 27.9845 28.0250 26.5264 26.0635 26.0439 26.0439 26.0439 26.0439 26.0439 26.1079 26.1289 26.1289
9.71630 9.71256 9.70202 10.9436 11.5386 11.5609 16.8393 17.5248 17.4397 17.4192 17.4192 17.4192 17.4192 17.4192 17.5721 17.8769 18.1821 18.4868 18.7239 19.7314 19.9980 20.8644 21.1005 21.1005 21.1005 21.1005 19.7557 18.7831 18.7770 18.7219 18.6564 18.5909 18.5254 18.4595 18.8675 18.9337 19.2334 20.4351 22.0700 23.7499 23.7499 23.7499 23.7499 23.7499 23.7499 23.7499 23.7499 23.8998 24.2081 25.0947 25.5833 25.7510 26.9127 28.4152 28.4377 28.4377 28.4311 26.3131 26.0439 26.0439 26.0439 26.0120 25.8697 25.7184 25.6089 25.5010 25.3495
9.64435 9.63741 9.63727 10.3757 11.4952 11.4930 15.2857 17.4192 17.4192 17.4432 17.6928 17.9976 18.3028 18.6076 18.7598 18.7598 18.7598 18.7598 18.7584 19.3366 19.9980 20.5830 21.0771 21.0124 20.9469 20.8813 19.9830 18.4330 18.3736 18.3632 18.3632 18.3632 18.3632 18.3632 18.7559 18.9337 18.9495 20.3393 21.0613 23.7499 23.7499 23.7499 23.7499 23.7499 23.8104 23.9762 24.1439 24.3620 24.9329 25.4743 26.0895 26.0895 26.4909 28.2859 28.1347 27.9835 27.8322 26.2811 25.1626 25.0269 24.8919 24.7889 24.7957 24.8120 24.8474 24.9292 24.9454
9.63727 9.63727 9.63727 9.86338 11.4943 11.5910 14.3473 18.1183 18.4234 18.7043 18.7598 18.7598 18.7598 18.7598 18.7598 18.7595 18.7431 18.7176 18.6921 18.7534 19.6865 19.9247 20.6813 20.6806 20.6806 20.6806 20.3596 18.3632 18.3632 18.3632 18.3632 18.3632 18.3632 18.3632 18.6018 18.9337 18.9337 19.9768 20.4588 23.4184 23.9758 24.1615 24.3474 24.5332 24.6596 24.6818 24.7025 24.7229 25.1544 25.4115 26.3393 26.3579 26.3806 27.3001 27.3974 27.4135 27.4294 26.7473 25.0415 25.0415 25.0415 25.0415 25.0415 25.0415 25.0427 25.1197 25.1122
9.51856 9.84735 10.1522 10.4572 12.3317 12.8292 13.9667 18.7598 18.7598 18.7580 18.7374 18.7119 18.6864 18.6609 18.6354 18.6102 18.6010 18.6010 18.6010 18.4654 19.3664 19.4208 20.2764 20.1260 19.9521 19.7778 19.5994 18.5101 18.5261 18.5445 18.5624 18.5807 18.5986 18.6169 18.7198 19.3804 19.6438 20.5829 21.7442 23.6416 24.8747 24.8771 24.8795 24.8819 24.8835 24.8835 24.8835 24.8835 25.1980 25.3516 26.3391 26.4468 26.4468 27.1116 27.4353 27.4353 27.4353 27.3611 25.1468 25.0171 24.9922 24.9675 24.9426 24.9178 24.8930 24.9838 25.0338
9.78040 10.9779 10.9779 10.9830 12.0239 12.7111 12.6831 17.8511 17.8781 17.6804 17.5012 17.3267 17.1519 16.9768 16.8028 16.6286 16.4541 16.2793 16.1042 15.8772 16.2049 16.7632 17.6072 17.8656 17.8656 17.8656 17.8656 18.4407 18.6622 18.6192 18.6274 18.8367 19.0663 19.2955 19.5249 20.0983 20.1525 20.5044 22.0201 22.8087 24.8835 24.8835 24.8835 24.8835 24.8835 24.8835 24.8835 24.8835 25.0972 25.3486 26.0479 26.4452 26.4255 26.8183 27.3643 27.3395 27.3147 27.2899 25.6303 24.8707 24.8707 24.8707 24.8707 24.8707 24.8707 24.9391 25.1172
7.87600 10.2990 10.2609 10.2179 10.6015 11.6563 11.6555 14.7191 15.7861 15.7861 15.7861 15.7861 15.7861 15.7861 15.7861 15.7861 15.7861 15.7861 15.7861 15.7855 15.8523 16.8220 17.3217 17.7062 17.6633 17.6232 17.7549 18.3783 19.0679 19.3405 19.5617 19.5820 19.5820 19.5820 19.5820 19.9278 20.1525 20.1671 21.8867 22.0917 24.7294 24.8835 24.8835 24.8835 24.8835 24.9021 24.9375 24.9730 25.1214 25.5089 25.8267 26.2812 26.2761 26.4470 27.2646 27.2646 27.2646 27.2646 26.3487 24.8707 24.8707 24.9288 25.0997 25.2740 25.4480 25.6471 25.8757
6.26100 10.0639 10.1513 10.1513 10.2179 11.6180 11.6563 13.7994 15.7861 15.7861 15.7861 15.7861 15.7971 15.8332 15.8705 15.9076 15.9448 15.9820 16.0192 16.0563 15.8976 17.0189 17.4931 18.1166 18.3890 18.6582 18.7566 18.9671 19.5820 19.5820 19.5820 19.5820 19.5820 19.5820 19.5820 19.7733 20.1525 20.1525 21.4383 22.0607 24.0061 24.9950 25.0305 25.0659 25.1013 25.1182 25.1182 25.1182 25.1377 25.5761 25.6563 26.2749 26.2761 26.2801 27.1815 27.2646 27.2157 26.9424 26.4600 25.4208 25.5936 25.7098 25.7127 25.7127 25.7127 25.7128 25.8578
5.97764 9.18563 10.1513 10.1513 10.1515 11.2744 11.6631 12.9272 15.9332 15.9703 16.0075 16.0447 16.0709 16.0719 16.0719 16.0719 16.0716 16.0305 15.9611 15.8915 15.7129 17.2501 18.3006 18.7411 18.7566 18.7566 18.7566 18.7953 19.5715 19.5820 19.5820 19.5826 19.6115 19.6565 19.7017 19.7879 20.3170 20.3570 21.1927 22.2547 23.2910 25.1182 25.1182 25.1182 25.1182 25.1182 25.1182 25.1182 25.1182 25.4949 25.5833 26.1558 26.0507 25.7494 26.1105 26.1351 25.8826 25.8547 25.8547 25.7438 25.7127 25.7127 25.7127 25.7127 25.7127 25.7133 25.8174
5.99349 7.97385 10.1705 10.1742 10.1777 10.8851 11.6836 12.0385 16.0602 16.0719 16.0719 16.0719 16.0632 16.0025 15.9329 15.8635 15.7943 15.7659 15.7659 15.7659 15.7387 16.3855 18.2859 18.6354 18.7566 18.7644 18.8057 18.8508 19.5668 19.7663 19.8114 19.8559 19.8721 19.8721 19.8721 19.8721 20.2816 20.3872 20.7233 22.2547 22.4617 25.0764 25.1182 25.1182 25.1182 25.1182 25.1182 24.9890 24.6883 24.6631 24.5512 24.6539 24.8663 24.8663 25.2814 25.8547 25.8552 25.8571 25.8591 25.7928 25.7211 25.7232 25.7252 25.7217 25.6622 25.5875 25.5698
6.01395 6.54559 10.1588 10.1785 10.1785 10.4718 11.6836 11.6834 15.4010 15.9744 15.9049 15.8354 15.7746 15.7659 15.7659 15.7659 15.7659 15.7659 15.7659 15.7886 15.8405 15.7733 18.3648 18.7185 19.0056 19.0429 19.0467 19.0467 19.5353 19.8721 19.8721 19.8721 19.8721 19.8721 19.8721 19.8721 20.1430 20.3872 20.3982 22.1090 22.2547 24.4115 25.0632 24.7843 24.4685 24.1491 23.8300 23.6404 23.6774 23.7929 23.8186 24.0414 24.5345 24.5464 24.6364 24.9033 24.8285 24.7525 24.6765 24.5752 24.3824 24.3059 24.2298 24.1594 24.1450 24.1450 24.1611
6.01395 6.01395 9.45904 10.1752 10.1224 10.0619 11.3594 11.4190 14.1392 15.7659 15.7659 15.7659 15.7662 15.7983 15.8503 15.9023 15.9543 16.0062 16.0582 16.0874 16.0875 15.9048 17.7714 18.6841 19.0467 19.0452 18.9922 18.9141 19.1918 19.7985 19.7806 19.7625 19.7445 19.7264 19.7085 19.6904 19.8052 20.1654 19.9611 20.9334 21.3144 22.3437 23.6921 23.7390 23.8234 23.9112 23.9990 24.0860 24.1182 23.9919 23.3260 23.3641 24.0071 24.0189 24.0208 24.2660 24.2871 24.2871 24.2871 24.2872 24.1652 24.1454 24.1818 24.2408 24.2998 24.3590 24.4180
6.01395 6.01395 8.15767 9.88909 9.87244 9.87244 10.8467 11.4198 13.2464 15.9083 15.9007 15.8750 15.8487 15.7903 15.7125 15.6349 15.5569 15.4789 15.4011 15.3233 15.2453 15.0771 15.9088 17.5095 17.8710 17.8168 17.7918 17.7918 18.0544 19.5436 19.5436 19.5473 19.5674 19.5195 19.2694 19.0067 18.7583 18.9799 18.9242 19.9696 21.3715 21.7728 24.1182 24.1182 24.1182 24.1182 24.1182 24.1182 24.1182 24.1133 23.3761 23.3260 23.8610 24.0189 24.0189 24.2286 24.3755 24.4344 24.4935 24.5525 24.5293 24.5281 24.5508 24.5508 24.5508 24.5508 24.5508
5.53900 5.51540 6.32566 9.49015 9.48621 9.48214 10.0123 10.8716 11.5446 14.8509 14.8326 14.8326 14.8326 14.8326 14.8326 14.8326 14.8326 14.8326 14.8326 14.8326 14.8326 14.8219 14.8108 17.3164 17.6889 17.8386 17.8611 17.8834 17.9037 19.3389 19.2067 18.9407 18.6577 18.4429 18.4305 18.4305 18.4305 18.8011 18.9456 19.3574 21.3715 21.3715 23.6869 24.1182 24.1182 24.1182 24.1182 24.1182 24.1440 24.2429 23.7712 23.6572 24.0241 24.3359 24.3950 24.5394 24.6928 24.6928 24.6928 24.6928 24.6528 24.5508 24.5508 24.5508 24.5453 24.5303 24.5150
5.21037 5.22809 5.22863 8.81434 9.28305 9.28305 9.42651 10.7278 10.7737 14.5996 14.8326 14.8326 14.8326 14.8326 14.8326 14.8337 14.8641 14.9076 14.9512 14.9948 15.0383 15.0819 14.8803 17.0799 17.7170 17.6087 17.3234 17.0386 16.7613 17.9186 18.4305 18.4305 18.4305 18.4305 18.4305 18.4305 18.4305 18.6626 18.9456 18.9543 21.1606 21.3769 22.9389 24.3064 24.4096 24.5129 24.6161 24.7194 24.7968 24.8012 24.3979 24.0090 24.1080 24.4247 24.4247 24.4716 24.6928 24.6928 24.6928 24.5941 24.1217 24.4315 24.5024 24.4871 24.4774 24.4772 24.4772
5.22809 5.22809 5.22809 7.70851 9.28305 9.28305 9.28305 10.4724 10.7303 13.7476 14.9373 14.9808 15.0244 15.0679 15.1115 15.1540 15.1672 15.1672 15.1672 15.1676 15.1806 15.2000 15.0663 15.7121 16.4357 16.6787 16.6787 16.6787 16.6787 17.5317 18.4305 18.4305 18.4305 18.4305 18.4305 18.4460 18.4876 18.6418 19.3005 19.4038 21.1173 22.0308 22.7045 24.8012 24.8012 24.8012 24.8012 24.8012 24.8012 24.8012 24.5694 24.0090 24.0175 24.4042 24.4002 24.0174 23.7594 23.2775 22.7743 22.3702 22.3351 23.7990 24.4772 24.4772 24.4772 24.4772 24.4772
5.22790 5.22283 5.21559 6.37222 9.26284 9.25742 9.25201 10.0376 10.6923 12.8768 15.1672 15.1672 15.1672 15.1672 15.1672 15.1706 15.1883 15.2077 15.2270 15.2460 15.2523 15.2523 15.1914 15.1797 16.3666 16.6599 16.6787 16.6787 16.6804 17.1775 18.5054 18.5475 18.5895 18.6315 18.6735 18.7001 18.7005 18.7043 19.5433 19.6285 20.6251 22.0545 22.0871 24.5861 24.8012 24.8012 24.8012 24.8012 24.8012 24.8012 24.4889 23.2575 22.7521 22.5425 22.1860 22.0669 22.2488 22.3351 22.3351 22.3351 22.3801 23.3334 24.7822 24.9130 25.0439 25.1747 25.3056
