High_resolution/powerplant/Chizhou/OMI_NO2_201005.asc
ncols      200
nrows      200
xllcorner       115.585
yllcorner       28.7700
cellsize     0.0166667
NODATA_Value      -999.000
[rows 145 to 173 of 200, columns 132 to 197 of 200]
1.31419 1.32310 1.56573 1.53867 1.43358 1.32661 1.21965 1.11280 1.06731 1.10328 1.10328 1.10328 1.10328 1.10328 1.10328 1.10328 1.10328 1.13692 1.71258 1.72438 1.72438 1.72438 1.72438 1.72438 1.72438 1.72438 1.86919 2.37549 2.34137 2.25683 2.17188 2.08688 2.00197 1.76785 1.06591 1.06591 1.06591 1.06591 1.06591 1.06591 1.06591 1.06591 1.05778 1.04347 1.49967 1.84422 1.84422 1.84422 1.84422 1.84422 1.84422 1.84422 1.84422 1.84422 1.84422 1.85308 1.94394 2.08259 2.27037 2.53564 2.66741 2.66741 0.00000 0.00000 0.00000 0.00000
1.34965 1.36286 1.14965 0.989873 0.988171 0.988171 0.988171 0.988171 1.01003 1.10328 1.10328 1.10328 1.10328 1.10328 1.10328 1.10328 1.10328 1.10328 1.57550 1.72438 1.72438 1.72438 1.72438 1.74143 1.82033 1.90467 1.99553 2.02747 1.96435 1.96390 1.96390 1.96390 1.96390 1.92169 1.07466 1.06591 1.06591 1.06591 1.06591 1.06591 1.06591 1.06591 1.06556 1.04455 1.26925 1.84422 1.84422 1.84422 1.84422 1.84422 1.84422 1.86981 1.98057 2.13135 2.33834 2.60683 2.66741 2.66741 2.66741 2.66741 2.65972 2.56688 0.00000 0.00000 0.00000 0.00000
1.38467 1.38467 1.20892 0.988171 0.988171 0.988171 0.988171 0.988171 0.988540 1.09107 1.10328 1.10328 1.10328 1.10328 1.10328 1.10328 1.10328 1.10328 1.40969 1.79577 1.88018 1.96460 2.04894 2.11627 2.12183 2.12183 2.12183 2.02038 1.96390 1.96390 1.96390 1.96390 1.96390 1.96390 1.35033 1.06591 1.06591 1.06591 1.06591 1.06591 1.06591 1.06591 1.06591 1.04888 1.06981 1.81287 1.84422 1.89634 2.02017 2.18463 2.41402 2.65256 2.66741 2.66741 2.66741 2.65972 2.57558 2.47183 2.36807 2.26432 2.16784 2.14759 2.14759 0.00000 0.00000 0.00000
1.38467 1.38467 1.31925 0.988171 0.988171 0.988171 0.988171 0.988171 0.988171 1.05775 1.10328 1.10328 1.10328 1.10340 1.15014 1.23456 1.31894 1.40336 1.61326 2.12183 2.12183 2.12183 2.12183 2.12183 2.12183 2.12183 2.12183 2.06622 1.95836 1.91649 1.86807 1.81959 1.77114 1.72268 1.46046 1.06591 1.06591 1.06591 1.06591 1.06591 1.06591 1.06591 1.06591 1.05687 1.04943 1.89404 2.49906 2.66741 2.66741 2.66741 2.65972 2.57558 2.47183 2.36807 2.26432 2.16784 2.14759 2.14759 2.14759 2.14759 2.14759 2.14759 2.14759 0.00000 0.00000 0.00000
1.38467 1.38467 1.38423 1.03354 0.988171 0.988171 0.988171 0.988171 0.988171 1.04199 1.21003 1.29445 1.37883 1.46309 1.50073 1.50073 1.50073 1.50073 1.50669 2.07562 2.12183 2.12183 2.12120 2.08974 2.04124 1.99281 1.94433 1.88426 1.69693 1.68844 1.68844 1.68844 1.68844 1.68844 1.59295 1.06591 1.06591 1.06591 1.06591 1.06591 1.06591 1.06591 1.06591 1.06591 1.06591 1.72915 2.57558 2.47183 2.36807 2.26432 2.16784 2.14759 2.14759 2.14759 2.14759 2.14759 2.14759 2.14759 2.14759 2.14759 2.14759 2.14759 2.14759 0.00000 0.00000 0.00000
1.38467 1.38467 1.38467 1.14342 0.990539 1.02664 1.07377 1.12090 1.16802 1.21572 1.49237 1.50073 1.50073 1.50073 1.50073 1.50073 1.50073 1.51776 1.57301 1.88697 1.95965 1.91119 1.86335 1.84638 1.84638 1.84638 1.84638 1.84638 1.72453 1.68844 1.68844 1.68844 1.68844 1.68844 1.67858 1.11045 1.06591 1.06591 1.06591 1.06591 1.06735 1.10159 1.14950 1.19734 1.24518 1.40137 2.14742 2.14759 2.14759 2.14759 2.14759 2.14759 2.14759 2.14759 2.14759 2.14759 2.14759 2.14759 2.14759 2.14759 2.14759 2.14759 2.14759 2.14759 0.00000 0.00000
1.40310 1.44992 1.49705 1.41320 1.19244 1.20346 1.20346 1.20346 1.20346 1.20346 1.41907 1.50288 1.54467 1.60136 1.65805 1.71477 1.77146 1.81112 1.81256 1.82552 1.84638 1.84638 1.84638 1.84638 1.84638 1.84638 1.84638 1.84638 1.77040 1.68844 1.68844 1.68844 1.68844 1.68844 1.68844 1.33713 1.09532 1.14316 1.19105 1.23891 1.28533 1.29894 1.29894 1.29894 1.29894 1.29894 2.01665 2.14759 2.14759 2.14759 2.14759 2.14759 2.14759 2.14759 2.14759 2.14759 2.14759 2.14759 2.14759 2.14759 2.14759 2.14759 2.14759 2.14759 0.00000 0.00000
1.59965 1.59995 1.59995 1.57390 1.20883 1.20346 1.22048 1.27574 1.33243 1.38915 1.57439 1.79765 1.81256 1.81256 1.81256 1.81256 1.81256 1.81256 1.81256 1.81631 1.84633 1.84638 1.84638 1.84638 1.84638 1.84638 1.84638 1.84638 1.81617 1.68844 1.68844 1.69999 1.72394 1.74786 1.77179 1.64616 1.29894 1.29894 1.29894 1.29894 1.29894 1.29894 1.29894 1.29894 1.29894 1.29894 1.77419 2.14759 2.14759 2.14759 2.14759 2.14759 2.14759 2.14759 2.14759 2.14759 2.14759 2.14759 2.14759 2.14759 2.14759 2.14759 2.14759 2.14759 0.00000 0.00000
1.59890 1.54577 1.44933 1.32861 1.36368 1.47419 1.51385 1.51529 1.51529 1.51529 1.55677 1.81253 1.81256 1.81256 1.81256 1.81256 1.81256 1.81256 1.81256 1.81256 1.84080 1.84638 1.84638 1.84638 1.84638 1.84638 1.87900 1.99091 2.10568 1.82460 1.79258 1.80496 1.80496 1.80496 1.80496 1.75571 1.29894 1.29894 1.29894 1.29894 1.29894 1.29894 1.29894 1.29894 1.29894 1.29894 1.53241 2.14759 2.14759 2.14759 2.14759 2.14759 2.14759 2.14759 2.14759 2.14759 2.14759 2.14759 2.14759 2.14759 2.14759 2.14759 2.14759 2.14650 0.00000 0.00000
0.886577 0.787228 0.787228 0.787228 1.27007 1.51529 1.51529 1.51529 1.51529 1.51529 1.51529 1.76702 1.81256 1.81256 1.81256 1.81256 1.81256 1.81256 1.81256 1.81256 1.83151 1.85837 1.95677 2.07211 2.18750 2.30288 2.38560 2.38913 2.38913 2.03105 1.80496 1.80496 1.80496 1.80496 1.80496 1.80418 1.38935 1.29894 1.29894 1.29894 1.29894 1.29894 1.29894 1.29894 1.29894 1.29894 1.32516 2.11288 2.14759 2.14759 2.14759 2.14759 2.14759 2.14759 2.14759 2.14759 2.14759 2.14759 2.14646 2.13512 2.12144 2.10764 2.09384 2.08112 2.07860 0.00000
0.787228 0.787228 0.787228 0.787228 1.04814 1.51529 1.51529 1.51529 1.51529 1.51529 1.51529 1.67993 1.81256 1.81256 1.81256 1.81256 1.81402 1.88882 2.00415 2.11954 2.24457 2.37214 2.38913 2.38913 2.38913 2.38913 2.38913 2.38913 2.38913 2.19949 1.80496 1.79543 1.68644 1.55109 1.41582 1.28023 1.21740 1.29894 1.29894 1.29894 1.29894 1.29894 1.29894 1.29894 1.29894 1.29894 1.29894 1.89665 2.14759 2.14759 2.14759 2.14759 2.14759 2.14641 2.13497 2.12119 2.10751 2.09371 2.08104 2.07860 2.07860 2.07860 2.07860 2.07860 2.07860 0.00000
0.787228 0.787228 0.787228 0.787228 0.803641 1.48857 1.51529 1.51529 1.51529 1.51529 1.51529 1.59290 1.85565 1.97001 2.08545 2.20079 2.31466 2.35531 2.35531 2.35531 2.35665 2.38813 2.38913 2.38913 2.38913 2.38897 2.31434 2.17907 2.04364 1.87528 1.20036 1.06287 1.03635 1.03635 1.03635 1.03635 1.09409 1.29894 1.29894 1.29894 1.29894 1.29894 1.29894 1.29894 1.29894 1.29894 1.29894 1.65419 2.14635 2.13483 2.12103 2.10725 2.09357 2.08096 2.07860 2.07860 2.07860 2.07860 2.07860 2.07860 2.07860 2.07860 2.07860 2.07860 2.07860 0.00000
0.787228 0.787228 0.787228 0.787228 0.787228 1.36764 1.51529 1.53152 1.67600 1.84786 2.01979 2.19391 2.35127 2.35531 2.35531 2.35531 2.35531 2.35531 2.35531 2.35531 2.34285 2.24352 2.08730 1.95202 1.81651 1.68147 1.62052 1.62052 1.62052 1.62052 1.18349 1.03635 1.03635 1.03635 1.03635 1.03635 1.04912 1.29674 1.29894 1.29894 1.31783 1.75528 2.18580 2.42831 1.29532 1.22542 1.18487 1.26946 2.08068 2.07860 2.07860 2.07860 2.07860 2.07860 2.07860 2.07860 2.07860 2.07860 2.07860 2.07860 2.07860 2.07860 2.07860 2.07860 2.07860 2.07860
0.787228 0.787228 0.787228 0.958221 1.30209 1.81202 2.11659 2.27221 2.29966 2.29966 2.29966 2.29966 2.33727 2.35531 2.35443 2.31987 2.26812 2.21654 2.16495 2.11326 2.07396 1.86347 1.62052 1.62052 1.62052 1.62052 1.62052 1.62052 1.62052 1.62052 1.35198 1.03635 1.03635 1.03635 1.03635 1.03635 1.03635 1.47803 2.07849 2.39040 2.60262 2.64297 2.62271 2.60345 1.68557 1.10189 1.10189 1.10189 1.92764 2.07860 2.07860 2.07860 2.07860 2.07860 2.07860 2.07860 2.07860 2.07860 2.07860 2.07860 2.07860 2.07860 2.07860 2.07860 2.07860 2.07860
1.49583 1.83954 2.18341 2.35597 2.35597 2.34490 2.29971 2.29966 2.29966 2.28774 2.23880 2.18716 2.15669 2.13942 2.08872 2.07158 2.07158 2.07158 2.07158 2.07158 2.07158 1.98697 1.62052 1.62052 1.62052 1.62052 1.62052 1.62052 1.62052 1.62052 1.52045 1.03635 1.03635 1.12038 1.43650 1.69858 1.91116 2.28131 2.60556 2.59869 2.59869 2.59869 2.59869 2.59869 2.17959 1.10189 1.10189 1.10189 1.64748 2.07860 2.07860 2.07860 2.07860 2.07860 2.07860 2.07860 2.07860 2.07860 2.07860 2.07860 2.07860 2.07860 2.07860 2.07860 2.07860 2.07860
2.35597 2.35597 2.35597 2.35459 2.22772 2.06554 2.12783 2.11007 2.05824 2.01857 2.01593 2.01593 2.02128 2.07129 2.07158 2.07158 2.07158 2.07158 2.07158 2.07158 2.07158 2.06946 1.66143 1.62052 1.62052 1.62052 1.62052 1.62052 1.62052 1.58495 1.67852 1.62084 1.83728 1.98487 1.99038 1.99038 1.99038 2.11159 2.59869 2.59869 2.59869 2.59869 2.59869 2.59869 2.50307 1.11054 1.10189 1.10189 1.36711 2.07860 2.07860 2.07860 2.07860 2.07860 2.07860 2.07860 2.07860 2.07860 2.07860 2.07860 2.07860 2.07860 2.07860 2.07860 2.07860 2.07860
2.02005 1.90915 1.82195 1.75217 1.72784 1.72784 1.88696 2.01593 2.01593 2.01593 2.01593 2.01593 2.01593 2.06036 2.07158 2.07158 2.07158 2.07158 2.07158 2.07158 2.07158 2.07158 1.78271 1.62052 1.59738 1.45092 1.48500 1.63848 1.76102 1.88712 1.92617 1.96428 1.99038 1.99038 1.99038 1.99038 1.99038 2.00425 2.56792 2.59869 2.59869 2.59869 2.59869 2.59869 2.59869 1.60746 1.10189 1.10189 1.13001 2.03562 2.07860 2.07860 2.07860 2.07860 2.07860 2.07860 2.07860 2.07860 2.07860 2.07860 2.07860 2.06974 1.98436 1.88169 1.77942 1.67563
1.72784 1.72784 1.72784 1.72784 1.72784 1.72784 1.80722 2.01593 2.01593 2.01593 2.01593 2.01593 2.01593 2.04409 2.07158 2.07158 2.07158 2.07158 2.07158 2.06745 1.95145 1.78560 1.55927 1.45860 1.62119 1.83884 1.92617 1.92617 1.92617 1.92617 1.92617 1.94564 1.99038 1.99038 1.99377 2.05859 2.14647 2.23436 2.50866 2.59869 2.59869 2.59869 2.59869 2.59869 2.59869 2.13041 1.10189 1.10189 1.10189 1.78353 2.07860 2.07860 2.07860 2.07860 2.07860 2.07860 2.06866 1.98230 1.87932 1.77731 1.67437 1.58086 1.56366 1.56366 1.56366 1.56366
1.72784 1.72784 1.72784 1.72784 1.72784 1.72784 1.73763 2.00577 2.01593 2.01593 2.01593 2.01593 2.01593 2.02781 2.07158 2.00139 1.83593 1.67015 1.54641 1.66802 1.88646 2.09840 2.19383 1.92719 1.92617 1.92617 1.92617 1.92617 1.92617 1.96573 2.05351 2.14421 2.29145 2.38118 2.46573 2.48860 2.48860 2.48860 2.52821 2.59869 2.59869 2.59869 2.59869 2.59869 2.59869 2.47180 1.10189 1.10189 1.10189 1.50332 2.07860 2.06747 1.98009 1.87726 1.77484 1.67231 1.57952 1.56366 1.56366 1.56366 1.56366 1.56366 1.56366 1.56366 1.56366 1.56366
1.72784 1.72784 1.72784 1.72784 1.72784 1.72784 1.72784 1.93587 2.01593 2.01593 1.99676 1.87146 1.72977 1.58858 1.39532 1.29311 1.29256 1.29256 1.77317 2.22688 2.22688 2.22688 2.22688 1.99744 2.02477 2.11270 2.20044 2.28822 2.37620 2.42428 2.42438 2.42438 2.47089 2.48860 2.48860 2.48860 2.48860 2.48860 2.50323 2.59869 2.59869 2.59869 2.59869 2.57707 2.42542 2.25209 1.37950 1.37351 1.68371 2.00755 1.67088 1.57839 1.56366 1.56366 1.56366 1.56366 1.56366 1.56366 1.56366 1.56366 1.56366 1.56366 1.56366 1.56366 1.56366 1.56366
1.72784 1.72784 1.72784 1.72784 1.72784 1.72725 1.64385 1.63055 1.64864 1.50702 1.38469 1.36838 1.36838 1.36838 1.32066 1.29256 1.29256 1.29227 1.40322 2.18318 2.16433 2.14063 2.11684 2.27666 2.42438 2.42438 2.42438 2.42438 2.42438 2.42438 2.42438 2.42438 2.45230 2.48860 2.48860 2.48860 2.48860 2.48860 2.48896 2.58088 2.47492 2.30579 2.24198 2.24543 2.37883 2.53400 2.63267 2.60841 2.60841 2.60841 1.73112 1.56366 1.56366 1.56366 1.56366 1.56366 1.56366 1.56366 1.56366 1.56366 1.56366 1.56366 1.56366 1.56366 1.56366 1.56366
1.72784 1.69662 1.56291 1.42122 1.27960 1.13856 1.08028 1.12888 1.36838 1.36838 1.36838 1.36838 1.36119 1.32786 1.26653 1.18072 1.14517 1.10978 1.09628 1.92820 2.09602 2.09602 2.09602 2.18537 2.42438 2.42438 2.42438 2.42438 2.42438 2.42438 2.42438 2.42438 2.43369 2.48860 2.48860 2.48860 2.43918 2.38438 2.37231 2.38865 2.51163 2.66250 2.70831 2.70831 2.70831 2.70831 2.69729 2.60841 2.60841 2.60841 2.02931 1.56366 1.56366 1.56366 1.56366 1.56366 1.56366 1.56366 1.56366 1.56366 1.56366 1.56366 1.56366 1.56366 1.56366 1.56366
1.19853 1.08825 1.08028 1.08028 1.08028 1.08028 1.08024 1.07491 1.28520 1.27416 1.23851 1.20297 1.17447 1.17209 1.16728 1.09755 1.09628 1.09628 1.09628 1.64135 2.09602 2.09602 2.09602 2.10699 2.41292 2.42438 2.42438 2.42438 2.42438 2.42438 2.42438 2.42438 2.43362 2.48957 2.49389 2.48173 2.51903 2.56167 2.56167 2.60360 2.70831 2.70831 2.70831 2.70831 2.70831 2.70831 2.70819 2.63023 2.60841 2.60841 2.32760 1.56366 1.56366 1.56366 1.56366 1.56366 1.56366 1.56366 1.56366 1.56366 1.56366 1.56366 1.56366 1.56366 1.56366 1.56366
1.08028 1.07945 1.07129 1.06145 1.05161 1.04176 1.03197 1.02795 1.11665 1.17209 1.17209 1.17209 1.17209 1.17209 1.17209 1.11482 1.09628 1.09628 1.09628 1.27071 2.09429 2.09602 2.09602 2.09602 2.33404 2.42438 2.42438 2.43958 2.50654 2.49507 2.45991 2.42467 2.38020 2.48016 2.56167 2.56167 2.56167 2.56167 2.56167 2.57247 2.70793 2.70831 2.70831 2.70831 2.70831 2.70831 2.70831 2.66935 2.60841 2.60841 2.57885 1.60963 1.56366 1.56366 1.56366 1.56366 1.56366 1.56366 1.56366 1.56366 1.56366 1.56366 1.56366 1.56366 1.55356 1.46261
1.03864 1.02964 1.02795 1.02795 1.02795 1.02795 1.02795 1.02795 1.07682 1.17209 1.17209 1.17209 1.17209 1.17209 1.17209 1.13693 1.09628 1.09628 1.09628 1.09628 1.95121 2.09602 2.10018 2.16201 2.39020 2.58477 2.54960 2.49917 2.39702 2.37324 2.37324 2.37324 2.37324 2.42612 2.56167 2.56167 2.56167 2.56207 2.58816 2.62942 2.70634 2.70831 2.70831 2.70831 2.70831 2.70831 2.70831 2.69455 2.60841 2.60841 2.60841 1.87855 1.56366 1.56366 1.56366 1.56366 1.56366 1.56366 1.56366 1.55285 1.46042 1.35167 1.24302 1.13378 1.03486 1.01743
1.02795 1.02795 1.02795 1.02795 1.02795 1.02795 1.02795 1.02795 1.03847 1.17061 1.17209 1.17209 1.17209 1.17209 1.17209 1.15902 1.09628 1.09628 1.15989 1.28031 1.91690 2.34355 2.30686 2.20974 2.15288 2.37324 2.37324 2.37324 2.37324 2.37324 2.37324 2.37324 2.38739 2.43428 2.65035 2.69902 2.74030 2.78115 2.79633 2.79633 2.75559 2.70831 2.70831 2.70831 2.70831 2.70831 2.70831 2.70777 2.62445 2.60841 2.60841 2.17605 1.56366 1.56366 1.55186 1.45922 1.35009 1.24084 1.13230 1.03425 1.01743 1.01743 1.01743 1.01743 1.01743 1.01743
1.02795 1.02795 1.02795 1.02795 1.02795 1.02795 1.02795 1.02795 1.02795 1.14127 1.17209 1.17209 1.17209 1.16301 1.12256 1.07943 1.41450 1.60630 1.66322 1.66322 1.76010 2.04745 2.04488 2.04488 2.04590 2.34077 2.37874 2.41516 2.45641 2.49771 2.53894 2.58022 2.60730 2.60791 2.74110 2.79633 2.79633 2.79633 2.79633 2.79633 2.77728 2.70831 2.70831 2.70831 2.70831 2.70831 2.70401 2.68745 2.63384 2.60121 2.52934 2.30454 1.24010 1.13050 1.03305 1.01743 1.01743 1.01743 1.01743 1.01743 1.01743 1.01743 1.01743 1.01743 1.01743 1.01743
1.02795 1.02795 1.02795 1.02795 1.02795 1.02795 1.02795 1.02795 1.02694 1.07057 1.09818 1.05510 1.01203 0.978095 0.975461 0.975461 1.38121 1.66322 1.66322 1.66322 1.66312 1.97359 1.97959 1.93761 1.89560 2.30294 2.60307 2.60791 2.60791 2.60791 2.60791 2.60791 2.60791 2.60791 2.68705 2.79633 2.79633 2.79633 2.79633 2.79633 2.79360 2.71140 2.70665 2.69290 2.66939 2.58426 2.45603 2.36676 2.27969 2.19990 2.18464 2.18464 1.19865 1.01743 1.01743 1.01743 1.01743 1.01743 1.01743 1.01743 1.01743 1.01743 1.01743 1.01743 1.01743 1.01743
1.02795 1.02795 1.02795 1.08087 1.29743 1.46435 1.57269 0.910468 0.844490 0.864994 0.975461 0.975461 0.975461 0.975461 0.975461 0.965934 1.11481 1.53404 1.47079 1.40781 1.34493 1.61713 1.81394 1.81394 1.81394 2.09728 2.60791 2.60791 2.60791 2.60791 2.60791 2.60791 2.60791 2.60791 2.63300 2.79629 2.79633 2.79633 2.79631 2.79522 2.77214 2.60950 2.39276 2.29114 2.20744 2.18464 2.18464 2.18464 2.18464 2.18464 2.18464 2.18464 1.53046 1.01743 1.01743 1.01743 1.01743 1.01743 1.01743 1.01743 1.01743 1.01743 1.01743 1.01743 1.01743 1.01743
