High_resolution/powerplant/Chizhou/OMI_NO2_200708.asc
ncols      200
nrows      200
xllcorner       115.585
yllcorner       28.7700
cellsize     0.0166667
NODATA_Value      -999.000
[rows 0 to 27 of 165, columns 0 to 62 of 200]
0.00000 0.00000 0.00000 0.00000 0.00000 2.53116 2.53116 2.53116 2.70237 3.25281 3.25325 3.25325 3.25325 3.25325 3.25325 3.25325 3.25325 3.25325 3.25325 3.25325 3.25325 3.25325 3.69021 3.97533 3.97533 3.97533 3.97533 3.97533 3.97533 3.97533 3.97533 0.00000 4.12261 4.12261 4.12261 4.12261 4.12261 4.01650 3.13992 3.13223 3.13223 3.13223 3.13223 3.13223 3.13223 3.13223 3.13223 3.13223 3.13223 3.13223 2.62011 2.14186 2.14186 2.14186 0.00000 0.00000 0.00000 0.00000 0.00000 0.00000 0.00000 0.00000 0.00000
0.00000 0.00000 0.00000 0.00000 0.00000 2.53116 2.53116 2.53116 2.53116 3.17859 3.25325 3.25325 3.25325 3.25325 3.25325 3.25325 3.25325 3.25325 3.25325 3.25325 3.25325 3.25325 3.49988 3.97533 3.97533 3.97533 3.97533 3.97525 3.87466 3.68461 3.78639 4.12261 4.12261 4.12261 4.12261 4.12261 4.12261 4.12261 3.25501 3.13223 3.13223 3.13223 3.13223 3.13223 3.13223 3.13223 3.13223 3.13223 3.13223 3.13223 2.90757 2.14186 2.14186 2.14186 0.00000 0.00000 0.00000 0.00000 0.00000 3.36400 3.36400 3.36849 3.62790
0.00000 0.00000 0.00000 0.00000 0.00000 0.00000 2.53116 2.53116 2.53116 3.00726 3.25325 3.25325 3.25325 3.25325 3.25325 3.25325 3.25325 3.25325 3.25325 3.25325 3.25325 3.25325 3.36320 3.96706 3.82413 3.63399 3.44394 3.25372 3.16417 3.16417 3.45786 4.12261 4.12261 4.12261 4.12261 4.12261 4.12261 4.12261 3.44704 3.13223 3.13223 3.13223 3.13223 3.13223 3.13223 3.13223 3.13223 3.13223 3.13223 3.13223 3.09450 2.15648 1.96327 1.75568 3.07821 3.36400 3.36400 3.42118 3.58753 3.68755 3.77178 3.83935 3.86257
0.00000 0.00000 0.00000 0.00000 0.00000 0.00000 2.53116 2.53116 2.53116 2.74205 3.25325 3.25325 3.25325 3.25325 3.25325 3.25325 3.25325 3.25325 3.25325 3.23828 3.15234 3.05723 2.97125 3.19685 3.16417 3.16417 3.16417 3.16417 3.16417 3.16417 3.19800 4.08091 4.12261 4.12261 4.12261 4.12261 4.12261 4.12261 3.71914 3.13223 3.13223 3.13223 3.13223 3.13170 3.07211 2.97238 2.87287 2.77321 2.67355 2.57404 2.47430 1.34673 0.619723 1.09744 3.06729 3.73432 3.81054 3.85903 3.86257 3.86257 3.86257 3.86257 3.86257
0.00000 0.00000 0.00000 0.00000 0.00000 0.00000 2.53116 2.53116 2.53116 2.53145 3.19470 3.25325 3.25325 3.25325 3.25325 3.22068 3.12699 3.03196 2.93689 2.85606 2.84124 2.83462 2.82799 3.03595 3.16417 3.16417 3.16417 3.16417 3.16417 3.16417 3.16417 3.81303 4.12261 4.12261 4.12261 4.12261 4.12261 4.12261 4.06529 2.83988 2.70265 2.60304 2.50348 2.40436 2.36443 2.36443 2.36443 2.36443 2.37195 2.40827 2.44745 2.35488 2.41217 2.48370 3.11925 3.86257 3.86257 3.86257 3.86257 3.86257 3.86257 3.86257 3.86257
0.00000 0.00000 0.00000 0.00000 0.00000 0.00000 2.53116 2.53116 2.53116 2.53116 3.02807 3.18836 3.08667 2.98502 2.88321 2.81417 2.80612 2.79951 2.79288 2.78699 2.78607 2.78607 2.78607 2.92194 3.16417 3.16417 3.16417 3.16417 3.16417 3.16417 3.16417 3.51154 4.12261 4.12261 4.12261 4.12261 4.12261 4.12261 4.12261 2.63472 2.36443 2.36443 2.36443 2.36443 2.38450 2.42376 2.46285 2.50205 2.53370 2.53656 2.53656 2.52977 2.48379 2.48370 2.76419 3.86257 3.86257 3.86257 3.86257 3.86257 3.86257 3.86257 3.86257
0.00000 3.40857 3.40857 3.40857 3.40857 3.40857 3.42574 3.03507 3.15774 3.40089 3.40368 2.78607 2.78607 2.78607 2.78607 2.78607 2.78607 2.78607 2.78607 2.78607 2.78607 2.78607 2.78607 2.84818 3.16417 3.16417 3.16417 3.16417 3.16417 3.16417 3.16417 3.22810 4.10430 4.12261 4.12261 4.12261 4.12261 4.12261 4.12261 2.99767 2.39989 2.43907 2.47826 2.51745 2.53656 2.53656 2.53656 2.53656 2.53656 2.53656 2.53656 2.53656 2.49346 2.48370 2.49850 3.77292 3.86257 3.86257 3.86257 3.86257 3.86257 3.86257 3.86257
3.40857 3.40857 3.43384 3.66730 3.86982 4.01472 4.12057 3.91905 3.64698 3.64698 3.64354 2.88394 2.78607 2.78607 2.78607 2.78607 2.78607 2.78607 2.78607 2.78607 2.78607 2.78607 2.78607 2.79606 3.15277 3.16417 3.16417 3.16417 3.16417 3.16417 3.16417 3.16417 3.86677 4.12261 4.12261 4.14757 4.22434 4.30272 4.38104 3.77830 2.53656 2.53656 2.53656 2.53656 2.53656 2.53656 2.53656 2.53656 2.53656 2.53656 2.53656 2.53656 2.50982 2.48370 2.48370 3.43264 3.86257 3.86257 3.86257 3.86257 3.86257 3.86257 3.86257
3.89270 4.03155 4.12966 4.14729 4.14729 4.14729 4.14729 4.04347 3.64698 3.64698 3.64698 3.15549 2.78607 2.78607 2.78607 2.78607 2.78607 2.78607 2.78607 2.78607 2.78607 2.78607 2.78607 2.78607 3.03282 3.16417 3.16417 3.16417 3.16417 3.16417 3.17068 3.58905 4.27650 4.33350 4.41186 4.46528 4.46687 4.46687 4.46687 4.41695 2.59708 2.53656 2.53656 2.53656 2.53656 2.53656 2.53656 2.53656 2.53656 2.53656 2.53656 2.53656 2.52639 2.48430 2.51939 3.12097 3.84203 3.83542 3.85442 3.86257 3.86257 3.86257 3.86257
4.14729 4.14729 4.14729 4.14729 4.14729 4.14729 4.14729 4.14048 3.67495 3.64698 3.64698 3.43046 2.78607 2.78607 2.78607 2.78607 2.78607 2.78607 2.78607 2.78607 2.78607 2.78607 2.78607 2.78607 2.92723 3.16417 3.21969 3.76749 4.43115 5.09481 5.75138 5.99668 5.83156 4.47391 4.46687 4.46687 4.46687 4.46687 4.46687 4.46687 2.88808 2.53656 2.53656 2.54999 2.59839 2.64468 2.68721 2.72625 2.76249 2.79590 2.82714 2.85610 2.88323 2.87702 2.88189 3.04859 3.70366 3.63288 3.53292 3.39793 3.27569 3.10622 2.93384
4.14729 4.14729 4.14729 4.14729 4.14729 4.14729 4.14729 4.14729 3.79207 3.64698 3.64698 3.63562 2.85580 2.78607 2.78607 2.78607 2.78607 2.78607 2.78607 2.78607 2.78607 2.78607 2.86240 3.17695 3.70114 5.27297 5.88083 5.99668 5.99668 5.99668 5.99668 5.99668 5.99668 4.74896 4.32964 4.23936 4.16281 4.09714 4.04013 3.99013 3.27923 2.80945 2.89765 2.91612 2.91714 2.91714 2.91714 2.92234 2.95465 2.99085 3.02700 3.06321 3.09938 3.11558 3.13650 3.15896 3.19091 3.15287 3.03015 2.75745 2.70717 2.70410 2.70410
4.14729 4.14729 4.14729 4.14729 4.14729 4.14729 4.14729 4.14729 3.91715 3.64698 3.64698 3.64698 3.11941 2.78607 2.78607 2.78607 2.78607 2.78607 2.93492 3.26618 3.59801 3.92955 4.18519 4.21167 4.32671 5.50087 5.32948 5.18039 5.05110 4.93791 4.83807 4.74928 4.66979 4.25431 3.84978 3.84978 3.84978 3.84978 3.84978 3.84978 3.59772 2.87458 3.01609 3.05226 3.08844 3.12461 3.16079 3.19176 3.19563 3.19563 3.19563 3.20691 3.25149 3.24445 3.01601 2.97292 3.00511 3.02883 3.00073 2.70410 2.70410 2.70410 2.70410
4.14729 4.14729 4.14729 4.14729 4.14729 4.14729 4.14729 4.14729 4.04142 3.64698 3.64698 3.64698 3.39422 2.79372 3.04544 3.43873 3.83241 4.22631 4.47143 4.53392 4.59594 4.65813 4.72020 4.77293 4.77922 4.64675 4.61468 4.61468 4.61468 4.61468 4.61468 4.61468 4.61468 4.49383 3.84978 3.84978 3.84978 3.84978 3.84978 3.84978 3.84593 3.10682 3.19406 3.19563 3.19563 3.19563 3.19588 3.22385 3.27060 3.31735 3.36412 3.39963 3.40176 3.39472 2.99140 2.95981 2.98733 3.02883 3.02883 2.75685 2.70410 2.70410 2.70410
4.14729 4.14729 4.14729 4.14729 4.14729 4.10159 4.00067 3.89976 3.79128 3.86605 3.69271 3.40754 3.12195 4.52999 4.77847 4.77922 4.77922 4.77922 4.77922 4.77922 4.77922 4.77922 4.77922 4.77922 4.77922 4.68691 4.61468 4.61468 4.61468 4.61468 4.61468 4.61468 4.61468 4.61468 3.96992 3.84978 3.84978 3.84978 3.84978 3.84978 3.84978 3.25728 3.17318 3.24298 3.28973 3.33648 3.38298 3.40176 3.40176 3.40176 3.40176 3.40176 3.40176 3.40176 3.12158 2.95981 2.96955 3.02883 3.02883 2.85039 2.70410 2.70410 2.70410
3.70870 3.60769 3.50678 3.40586 3.30495 3.20457 2.89949 2.55224 2.20514 2.57775 2.78956 2.78956 2.78956 4.09585 4.77922 4.77922 4.77922 4.77922 4.77922 4.77922 4.77922 4.77922 4.77922 4.77922 4.77922 4.72713 4.61468 4.61468 4.61468 4.61468 4.61468 4.61468 4.61468 4.61468 4.21110 3.84978 3.84978 3.84978 3.87955 3.94943 4.01961 3.65421 3.33173 3.40176 3.40176 3.40176 3.40176 3.40176 3.40176 3.40176 3.40176 3.40176 3.40176 3.40176 3.25881 2.95981 2.95983 3.02082 3.02883 2.92669 2.70410 2.70410 2.70410
3.24946 3.17818 2.85330 2.50634 2.15909 1.85717 1.81514 1.81514 1.81514 2.26825 2.78956 2.78956 2.78956 3.46320 4.74693 4.69875 4.65241 4.60792 4.56497 4.52358 4.48366 4.44514 4.40794 4.37200 4.33726 4.29341 4.14079 4.11071 4.08221 4.05458 4.02778 4.00178 3.97655 3.94418 3.69599 3.46224 3.60972 4.11840 4.15875 4.15896 4.15896 3.98763 3.30135 3.40176 3.40176 3.40176 3.40176 3.40176 3.40176 3.40176 3.40176 3.40176 3.40176 3.40176 3.38174 2.97426 2.95981 3.00305 3.02828 2.98837 2.73619 2.74725 2.75752
2.11334 1.83752 1.81514 1.81514 1.81514 1.81514 1.81514 1.81514 1.81514 2.02464 2.78956 2.78956 2.78956 2.72040 3.90699 3.94684 3.94684 3.94684 3.94684 3.94684 3.94684 3.94684 3.94684 3.94684 3.94684 3.94684 3.85598 3.83715 3.83715 3.81016 3.65255 3.47765 3.30290 3.13545 3.09380 3.48650 3.56525 4.15653 4.15896 4.15896 4.15896 4.15896 3.34477 3.40130 3.40176 3.40176 3.40176 3.40162 3.40044 3.39901 3.39759 3.39617 3.39475 3.39332 3.39190 3.08007 2.94711 2.97120 3.01537 3.05192 2.91824 2.95571 3.00839
1.81514 1.81514 1.81514 1.81514 1.81514 1.81514 1.81514 1.81514 1.81514 1.83146 2.74123 2.78956 2.78956 2.67624 3.55266 3.94684 3.94684 3.94684 3.94684 3.94684 3.94684 3.94684 3.94684 3.94684 3.94684 3.88802 3.65190 3.43135 3.25667 3.10876 3.09161 3.09161 3.09161 3.09161 3.09161 3.35028 3.53334 4.03315 4.12893 4.10171 4.07448 4.04728 3.41253 3.34897 3.39112 3.38971 3.38828 3.38699 3.38676 3.38676 3.38676 3.42801 3.51997 3.62087 3.73206 3.64046 3.41280 3.50985 3.41941 3.36314 3.13086 2.97573 2.88341
1.81514 1.81514 1.81514 1.81514 1.81514 1.81514 1.81514 1.81514 1.81514 1.81514 2.51429 2.78956 2.78956 2.71188 3.13108 3.94684 3.94684 3.94684 3.94684 3.94684 3.94625 3.84456 3.66965 3.49490 3.32007 3.20414 3.16407 3.08928 3.07334 3.05520 3.03705 3.01890 3.00075 2.98260 2.96445 3.06660 3.36989 3.65301 3.88939 3.88939 3.88939 3.88939 3.51813 3.27898 3.49078 3.58879 3.69666 3.81593 3.94853 4.09681 4.26374 4.35927 4.35927 4.35927 4.30961 4.10231 3.37430 3.23022 3.04719 3.02029 2.92885 2.81753 2.81753
1.81514 1.81514 1.81514 1.81514 1.81514 1.81514 1.81514 1.81514 1.81514 1.81514 2.27182 2.78956 2.78956 2.75480 2.72689 3.92933 3.93611 3.79826 3.61863 3.43132 3.24443 3.15878 3.14616 3.13357 3.12094 3.10834 3.07998 2.91437 2.91190 2.91190 2.91190 2.91190 2.91190 2.91190 2.91190 2.92136 3.32608 3.53883 3.88939 3.88939 3.88939 3.88939 3.87419 4.04783 4.35927 4.35927 4.35927 4.35927 4.35927 4.35575 4.25153 4.10096 3.95039 3.79996 3.69892 3.69627 3.21166 3.06773 3.03502 3.02029 2.97735 2.81753 2.81753
1.81514 1.81514 1.81514 1.81514 1.81514 1.81514 1.81514 1.81514 1.81539 1.84350 2.08815 2.73847 2.73410 2.80599 2.69804 3.18738 3.14113 3.09163 3.08383 3.08373 3.08373 3.08373 3.08373 3.08373 3.08373 3.08373 3.08373 2.93766 2.91190 2.91190 2.91190 2.91190 2.91190 2.91190 2.91190 2.91190 3.19716 3.44348 3.88939 3.88939 3.88939 3.88939 3.88939 3.94326 4.35922 4.33029 4.19066 4.04016 3.88953 3.74254 3.69627 3.69627 3.69627 3.69627 3.69627 3.69627 3.40657 3.06773 3.04709 3.02029 3.01670 2.82670 2.81753
1.83790 1.88492 1.93198 1.97899 2.02597 2.07303 2.12000 2.16710 2.23684 2.35309 2.46325 2.92241 3.02873 3.04013 2.83970 2.91526 3.08373 3.08373 3.08373 3.08373 3.08373 3.08373 3.08373 3.08373 3.08373 3.08373 3.08373 2.97974 2.91190 2.91190 2.91190 2.91190 2.91190 2.91190 2.91190 2.91190 3.05868 3.36755 3.87640 3.88939 3.88939 3.81043 3.65993 3.50936 3.76882 3.70714 3.69627 3.69559 3.68600 3.67367 3.66204 3.65075 3.63958 3.62900 3.61865 3.60852 3.51629 3.04994 3.04409 3.01127 3.01048 2.88111 2.83530
2.23270 2.23270 2.23270 2.23270 2.26604 2.36727 2.47046 2.57369 2.65391 2.65963 2.65963 2.93512 3.04013 3.04013 2.88731 2.82197 3.08275 3.08373 3.08373 3.08373 3.08373 3.08609 3.09652 3.10781 3.11946 3.13141 3.14370 3.08887 2.97922 2.98979 3.00067 3.01191 3.02348 3.03542 3.04778 3.06053 3.08881 3.51516 3.44194 3.31378 3.20021 3.14573 3.14334 3.14098 3.34341 3.45751 3.45159 3.44618 3.44494 3.44494 3.44494 3.44494 3.44494 3.44494 3.44494 3.44494 3.44494 3.09262 3.02591 3.00426 3.00079 2.92567 2.85171
2.27838 2.38140 2.48459 2.58778 2.65766 2.65963 2.65963 2.65963 2.65963 2.65963 2.65963 2.84095 3.04013 3.04013 3.00493 2.96009 3.29452 3.39796 3.41933 3.44154 3.46457 3.48329 3.48455 3.48455 3.48455 3.48455 3.48455 3.45478 3.22683 3.22680 3.22680 3.22680 3.18720 3.02445 2.85285 2.68131 2.52435 3.01099 3.16048 3.13169 3.13169 3.13169 3.13169 3.13169 3.25336 3.44494 3.44494 3.44494 3.44494 3.44494 3.44494 3.44520 3.45109 3.45911 3.46720 3.47522 3.48330 3.26896 3.08037 3.06252 3.05371 3.04089 2.98494
2.65942 2.65963 2.65963 2.65963 2.65963 2.65963 2.65963 2.65963 2.65963 2.65963 2.65963 2.74676 3.04013 3.04013 3.04013 3.04013 3.25228 3.48455 3.48455 3.48455 3.48455 3.48455 3.48455 3.48455 3.48455 3.48455 3.48455 3.48455 3.18328 2.97855 2.80702 2.63549 2.50349 2.49470 2.49470 2.49470 2.49470 2.78187 3.17946 3.13169 3.13169 3.12602 3.09443 3.05968 3.08130 3.47953 3.48760 3.49563 3.50370 3.51174 3.51980 3.52758 3.52976 3.52976 3.52976 3.52976 3.52976 3.43728 3.11074 2.99396 2.72003 2.66888 2.64155
2.65963 2.65963 2.65963 2.65963 2.65963 2.65963 2.65963 2.65963 2.65963 2.65963 2.65963 2.66800 3.02465 3.04013 3.04013 3.04013 3.11100 3.48455 3.48455 3.48455 3.48455 3.48455 3.48455 3.48067 3.36207 3.19039 3.01886 2.84740 2.59134 2.49470 2.49470 2.48913 2.44449 2.39236 2.34029 2.28817 2.23605 2.24883 2.86383 2.85497 2.82022 2.79115 2.78798 2.78798 2.78899 3.45881 3.52976 3.52976 3.52976 3.52976 3.52976 3.52976 3.52976 3.52976 3.52976 3.52976 3.52976 3.55943 3.33129 3.38941 2.96622 3.05517 3.02109
2.65963 2.65963 2.65963 2.65963 2.65963 2.65963 2.65963 2.65963 2.65963 2.65963 2.65963 2.65963 2.93884 3.04013 3.04013 3.04013 3.04013 3.41413 3.48455 3.46471 3.31617 3.14456 2.97080 2.79814 2.74034 2.73541 2.73046 2.72553 2.50489 2.08540 2.03318 1.98662 1.97914 1.97914 1.97914 1.97914 1.97914 1.97914 2.54288 2.78605 2.78798 2.78798 2.78798 2.78798 2.78798 3.28123 3.52976 3.52976 3.52976 3.52976 3.52976 3.52976 3.53344 3.59561 3.67815 3.76059 3.84310 3.89305 3.79164 3.72395 3.17845 3.07444 3.03740
2.65963 2.65963 2.65963 2.65963 2.65963 2.65963 2.65963 2.65963 2.65963 2.65963 2.65963 2.65963 2.84449 3.03635 3.03140 3.03725 3.07629 3.10468 2.89857 2.74208 2.71409 2.70915 2.70643 2.70643 2.70643 2.70643 2.70643 2.70643 2.60727 1.97914 1.97914 1.97914 1.97914 1.97914 1.97914 1.97914 1.97914 1.97914 2.31038 2.77525 2.78798 2.78798 2.78798 2.78798 2.78798 3.10269 3.52976 3.52976 3.55043 3.62941 3.71191 3.79442 3.87322 3.89355 3.89355 3.89355 3.89355 3.89355 3.84405 3.72395 3.32670 3.07444 3.05365
