High_resolution/powerplant/Chizhou/SampleNumber_2006_06-08.asc
ncols      200
nrows      200
xllcorner       115.585
yllcorner       28.7700
cellsize     0.0166667
NODATA_Value      -999.000
[rows 58 to 115 of 168, columns 96 to 191 of 200]
13 13 12 12 11 10 10 10 10 10 9 16 18 18 19 20 23 23 25 26 31 32 34 33 32 31 34 36 39 38 39 39 39 41 43 43 43 44 42 44 42 42 42 43 39 39 36 38 39 38 39 38 37 36 34 33 34 34 34 35 31 31 31 31 33 33 30 26 26 24 25 24 25 24 22 21 21 22 23 24 22 24 24 24 22 21 22 21 20 17 16 14 14 15 14 14
14 14 13 13 12 11 11 10 10 10 9 15 17 18 19 20 22 22 24 25 30 31 31 31 30 28 32 35 38 37 38 39 41 44 46 46 46 48 45 48 46 47 47 48 45 45 42 43 44 42 42 41 40 38 36 36 35 35 34 34 30 30 30 30 31 31 28 25 25 24 25 23 24 23 21 20 20 21 23 23 21 23 22 22 20 19 21 20 19 16 15 14 14 14 13 13
13 13 11 11 10 9 9 8 8 8 7 16 17 18 19 20 22 22 24 25 28 30 29 30 29 27 31 34 35 35 35 35 37 41 44 45 46 50 47 49 47 47 47 47 44 45 44 45 47 45 45 43 41 40 38 38 37 38 36 36 33 32 33 33 34 33 29 26 26 24 26 24 25 24 22 21 21 22 24 23 21 23 21 20 19 18 20 19 17 14 13 12 12 12 12 12
14 14 12 12 11 10 10 9 9 9 8 18 20 21 22 23 24 24 26 27 30 30 29 29 28 27 31 33 34 34 34 34 36 37 40 41 42 45 43 45 44 44 44 44 41 41 40 42 44 43 43 42 40 39 37 39 38 40 37 36 33 32 34 34 35 34 30 28 29 27 29 27 28 26 24 24 25 25 28 27 25 26 24 23 23 22 23 21 19 16 15 14 14 14 14 14
14 14 12 12 10 9 9 8 8 8 7 21 23 24 25 26 27 27 29 30 34 33 32 31 30 29 33 34 34 33 33 33 35 36 38 39 40 42 40 43 42 42 42 42 39 39 38 41 43 43 43 44 41 40 38 39 38 40 37 36 34 32 34 34 33 32 28 26 27 24 26 24 26 24 22 22 23 23 26 24 23 25 23 22 23 23 23 21 19 17 16 15 15 15 15 15
16 16 14 14 12 11 11 10 10 10 7 22 23 24 26 27 28 28 31 32 37 36 35 33 31 30 34 35 35 34 34 34 36 37 37 37 37 40 37 39 38 39 39 39 37 39 38 41 43 43 43 44 42 42 41 42 41 44 40 39 36 35 38 37 36 35 30 27 28 25 27 25 26 24 22 22 23 23 24 21 20 21 19 18 19 20 20 18 17 15 15 14 14 14 14 14
15 15 13 13 12 11 11 10 9 9 6 18 19 20 22 23 25 26 30 31 36 34 33 32 31 31 35 36 36 35 36 37 39 39 40 39 37 40 37 39 37 39 38 38 36 38 37 41 42 43 43 43 41 41 41 42 41 43 37 36 33 33 35 34 32 31 27 24 26 23 25 23 23 21 20 20 21 21 22 19 18 18 16 15 16 17 17 15 14 13 13 12 12 12 12 12
14 14 13 13 12 12 12 11 10 10 7 17 18 19 21 21 24 26 30 31 36 35 34 35 35 36 40 40 40 39 41 42 44 44 43 43 41 44 41 43 42 44 42 41 38 39 38 42 43 43 42 42 40 39 40 42 41 43 36 35 32 32 34 35 34 33 31 28 30 27 29 26 26 24 23 23 24 23 24 21 20 19 17 15 17 16 16 14 13 12 12 11 11 11 11 11
16 16 15 15 14 13 13 12 11 11 8 16 17 18 19 19 21 23 27 28 32 31 29 30 30 31 35 35 35 35 39 40 42 43 43 44 42 44 42 44 44 45 44 43 40 40 39 42 41 41 38 37 36 35 35 37 35 37 30 30 29 29 31 30 29 28 26 25 27 24 26 24 23 21 21 21 23 22 23 21 20 19 17 16 18 17 18 15 14 14 14 13 13 13 13 13
13 13 12 12 11 10 10 9 8 8 6 15 16 17 18 18 20 22 25 27 30 29 27 28 28 29 31 31 31 30 34 36 39 40 41 43 41 42 41 42 42 43 42 41 40 41 41 44 43 43 39 38 38 36 36 39 37 38 32 31 30 30 32 30 28 27 25 23 25 23 25 23 22 20 20 20 22 20 21 19 18 17 16 15 18 17 17 14 13 13 13 13 13 13 13 13
14 14 13 13 12 11 11 10 9 9 7 17 18 19 20 20 22 24 26 27 30 28 26 27 28 29 31 31 31 29 33 33 35 36 37 39 37 40 39 40 40 41 39 38 37 39 39 43 42 43 39 38 38 38 38 41 39 40 33 32 33 34 35 34 32 30 29 27 29 27 29 26 25 24 24 25 28 26 27 24 23 22 21 20 22 20 19 16 15 15 15 15 15 15 15 14
16 16 16 17 18 18 16 15 16 15 15 15 15 16 16 17 17 16 15 14 12 12 12 12 12 11 10 4 5 7 9 10 11 12 12 13 13 13 14 14 14 17 17 18 19 16 16 15 15 15 15 15 14 14 14 15 15 16 17 18 15 17 15 16 18 17 17 15 17 18 18 20 22 22 21 20 21 22 21 21 21 20 19 20 21 24 24 26 28 25 24 23 22 25 24 24
17 17 17 18 19 19 17 16 17 16 16 17 17 18 18 19 18 17 16 15 13 13 13 13 13 12 11 4 5 7 8 9 10 11 11 12 12 12 13 13 13 15 15 16 17 14 14 14 14 14 14 14 13 13 13 14 15 16 17 18 15 17 17 18 20 19 20 18 20 22 23 25 27 26 24 24 25 26 25 24 24 23 22 23 23 27 27 28 29 26 24 22 22 24 22 21
16 16 16 17 18 18 16 15 16 15 15 16 16 17 17 18 18 17 16 15 13 13 13 13 13 12 11 4 5 7 7 8 9 10 10 11 11 11 12 12 12 14 14 14 14 11 11 11 11 10 11 11 10 10 11 11 12 13 14 15 13 14 14 14 16 15 16 16 18 20 21 22 24 23 22 22 22 23 22 21 22 21 20 21 21 25 25 26 27 26 24 22 22 23 21 21
16 16 15 16 17 17 14 13 14 13 13 14 14 15 15 17 17 16 15 14 12 12 12 12 12 11 10 6 7 9 9 10 11 13 13 14 14 14 15 14 14 16 16 16 16 12 12 12 12 11 12 12 11 11 12 12 13 14 14 14 12 13 13 13 15 14 14 14 17 18 20 20 22 21 20 20 20 21 21 20 21 20 19 20 20 23 22 23 23 22 20 20 20 22 21 21
17 19 18 19 19 18 15 15 15 14 14 15 15 16 16 17 17 16 15 14 13 13 13 13 13 11 9 7 8 9 9 10 11 13 13 14 14 14 15 15 15 17 16 16 16 12 12 12 12 12 13 13 12 12 13 14 15 16 15 15 13 14 14 13 14 13 13 13 17 18 20 19 21 20 19 20 20 20 20 19 20 19 18 20 20 24 21 22 21 20 18 18 18 20 19 19
18 21 20 22 22 21 18 18 18 17 17 18 18 18 18 19 19 18 17 15 14 14 14 14 14 11 9 9 10 11 12 13 14 16 16 16 16 16 17 17 15 17 17 17 16 13 13 13 13 13 14 13 12 12 13 14 15 16 15 16 13 14 14 13 14 13 13 13 16 17 19 18 20 19 18 19 19 19 20 19 20 19 19 22 22 27 24 25 23 22 21 22 22 23 22 22
17 20 18 20 20 19 18 18 18 18 18 19 19 19 19 20 20 19 18 17 16 16 16 16 16 13 11 8 9 10 11 12 13 15 15 15 15 15 16 16 14 16 16 16 15 13 13 14 15 15 16 15 14 14 15 16 16 17 16 17 14 14 14 13 14 13 13 13 16 16 18 17 18 17 17 18 17 17 17 16 17 17 19 23 22 26 23 24 22 22 23 24 24 25 24 24
18 20 17 18 17 16 15 15 15 15 15 16 16 16 16 17 17 17 16 15 15 15 15 15 15 12 11 7 8 9 10 11 11 12 12 12 12 13 14 14 12 14 14 14 13 11 11 12 13 13 14 13 13 13 14 14 14 15 14 15 12 12 14 13 13 11 11 11 14 14 15 14 15 14 14 15 14 14 14 13 13 13 15 19 18 22 20 21 20 20 21 22 22 23 22 22
19 21 18 19 17 16 15 15 15 15 15 16 16 16 16 17 17 17 16 15 15 15 15 15 15 13 11 7 7 8 9 10 10 11 11 11 11 12 12 12 10 12 11 11 10 9 9 10 11 11 12 11 11 11 12 12 13 14 13 14 12 12 14 13 13 11 11 11 14 14 15 14 15 15 15 16 15 15 15 14 14 14 16 21 19 23 21 21 19 19 20 21 20 20 19 19
18 21 18 19 17 16 15 15 15 16 16 17 17 17 16 17 17 17 16 15 15 15 15 15 15 13 10 7 7 8 9 10 10 11 11 11 11 12 12 12 10 11 10 10 9 8 8 8 9 9 9 8 9 9 10 10 11 12 11 12 11 11 13 12 12 11 11 11 14 13 15 14 14 14 14 15 14 14 15 14 14 14 15 20 18 21 19 20 18 18 19 20 19 19 18 18
16 19 16 17 14 13 12 12 12 13 13 14 14 15 15 16 16 16 15 14 14 14 14 14 14 12 9 8 8 9 10 11 12 13 13 13 13 14 14 14 12 12 11 10 9 8 8 8 9 9 9 8 9 9 10 10 10 11 10 11 10 10 12 11 11 11 11 11 14 13 14 13 13 13 13 14 13 13 14 13 13 13 14 19 18 20 17 18 16 17 19 21 20 20 19 19
20 23 19 19 16 15 14 14 14 15 15 16 16 17 16 16 15 15 15 14 14 14 14 13 12 10 7 11 11 12 13 14 15 16 16 16 16 17 17 17 14 13 12 11 10 9 9 9 10 10 10 9 10 10 11 11 10 11 10 11 10 9 10 9 9 9 9 9 12 10 11 10 10 11 11 11 10 10 11 11 11 11 13 17 16 18 15 16 15 15 17 19 18 18 18 18
21 25 21 21 19 18 17 17 17 18 18 18 18 19 18 18 17 16 16 15 15 15 14 12 11 9 5 13 13 15 16 17 18 18 18 18 18 19 18 17 15 14 13 12 11 10 10 10 11 10 10 9 10 10 10 10 9 10 10 10 9 8 9 8 8 8 8 8 11 9 10 10 10 11 11 11 10 11 12 12 12 14 16 21 20 21 18 19 18 19 21 22 21 21 21 21
18 22 19 19 18 18 18 18 18 19 19 20 20 21 19 19 18 17 17 16 16 16 15 13 12 10 6 13 13 15 16 17 18 18 18 18 18 19 18 18 16 15 14 13 11 11 12 12 13 12 12 11 12 12 13 11 10 11 11 10 9 8 9 8 8 8 8 7 9 7 7 7 7 8 8 8 7 8 9 10 11 14 15 20 19 21 19 20 21 22 24 25 24 24 24 24
19 22 19 19 18 18 18 17 17 18 18 19 19 20 19 20 19 18 18 17 17 17 16 14 13 12 8 13 13 15 15 15 16 16 16 16 16 17 16 16 14 13 12 11 9 9 10 10 11 10 10 10 11 11 12 10 10 11 11 10 10 9 9 8 8 8 8 7 8 6 6 6 6 7 6 6 5 6 6 7 8 11 12 16 16 17 16 17 18 19 21 22 21 21 21 22
19 22 19 19 18 18 18 17 17 18 18 19 19 20 19 19 18 17 17 17 17 17 16 14 13 11 7 11 11 13 13 13 14 14 14 14 14 15 14 14 13 12 10 9 8 8 9 9 10 9 9 9 10 10 11 9 9 10 10 9 10 9 9 8 8 8 8 7 8 6 6 6 7 8 7 7 6 7 7 8 9 12 12 16 16 16 15 16 17 18 20 19 18 18 18 19
20 23 20 20 19 19 19 19 19 20 20 21 21 22 21 21 19 18 18 18 18 18 17 15 13 11 7 11 11 13 13 13 14 14 14 14 14 15 14 14 13 12 10 9 8 8 9 9 9 8 8 8 9 9 10 8 8 10 9 8 9 8 8 7 7 7 7 6 7 6 6 6 7 8 7 7 7 8 8 9 9 12 11 14 14 15 14 15 16 17 18 17 16 16 16 17
17 20 18 18 17 17 17 17 17 18 18 20 21 22 21 21 19 18 18 18 18 18 17 15 13 11 8 12 12 14 14 14 15 15 15 15 15 15 14 13 12 10 8 7 6 6 7 7 7 6 6 6 7 7 8 7 7 9 8 7 8 7 7 7 7 7 7 7 8 7 7 7 8 9 8 8 8 9 9 10 10 13 12 14 13 14 13 14 16 17 18 17 16 16 16 17
23 23 21 21 21 21 21 21 21 22 22 23 22 23 21 21 20 19 19 19 19 17 14 12 10 9 7 13 13 15 15 15 16 16 16 17 17 17 15 14 13 11 9 8 7 7 8 8 8 7 7 7 8 8 9 8 8 10 8 7 8 7 7 7 7 7 7 7 9 8 8 8 9 9 8 8 8 9 9 10 10 12 11 13 12 12 11 12 14 15 16 15 15 15 15 16
24 24 23 23 23 23 23 23 23 23 23 24 22 23 21 20 19 18 18 18 18 16 12 10 8 7 6 14 14 16 16 16 17 17 17 18 18 18 16 16 15 13 11 10 9 9 10 9 9 8 8 8 8 8 9 8 8 9 7 6 7 6 6 6 6 6 6 6 8 8 8 8 9 9 8 8 8 9 10 12 13 16 15 16 15 15 14 14 16 17 18 17 17 17 17 18
27 27 27 28 28 28 28 28 28 30 30 32 29 30 28 27 26 25 25 25 24 21 17 14 12 11 10 14 14 17 17 17 17 17 17 19 19 19 17 17 16 14 12 12 11 11 12 11 11 9 9 9 10 8 9 8 9 9 7 6 7 6 6 6 6 6 6 6 7 7 7 7 8 8 7 7 7 9 10 11 12 15 14 16 15 15 15 15 17 18 18 17 17 17 17 18
24 24 24 25 26 26 26 26 26 29 29 31 28 30 29 28 28 27 27 27 26 23 20 17 15 14 13 13 13 15 15 15 15 15 15 17 17 18 16 16 15 14 11 11 10 11 12 11 11 9 9 9 10 8 10 9 10 10 9 8 8 7 7 7 7 6 6 6 7 7 7 7 8 7 6 6 6 7 8 10 11 14 13 15 14 14 14 15 17 18 18 17 17 17 17 18
24 24 24 25 26 25 25 25 25 28 29 31 28 29 28 27 27 27 27 27 26 23 20 17 15 14 13 10 10 12 12 12 12 12 12 14 14 15 14 15 13 12 10 10 9 10 11 10 10 9 9 9 10 8 9 8 9 9 8 8 8 7 7 7 7 6 6 6 7 7 7 7 8 7 6 6 6 7 8 10 11 13 12 13 12 12 12 13 15 15 15 14 14 14 14 15
25 25 25 26 27 27 27 27 27 30 31 32 29 30 28 27 27 27 27 27 26 23 19 16 14 12 11 10 10 12 12 12 12 12 12 14 14 15 14 15 13 12 10 10 9 10 10 9 9 8 8 8 9 7 8 7 8 8 7 7 7 6 6 6 6 5 5 6 7 7 8 8 9 8 7 7 7 8 9 11 12 14 13 14 13 13 13 14 15 14 14 13 13 13 13 14
25 25 25 26 27 26 26 26 26 29 32 33 30 31 29 28 28 28 28 28 27 24 20 17 15 14 13 9 9 11 11 11 11 11 11 13 13 13 12 13 11 10 8 8 8 9 9 8 8 7 7 8 9 7 8 7 7 7 6 6 6 6 7 7 7 7 7 8 9 8 9 9 10 9 9 9 9 10 11 13 13 15 13 14 13 13 14 15 16 15 15 14 14 14 14 14
24 24 25 26 27 26 26 26 26 29 30 31 27 28 27 26 26 26 26 26 23 20 16 14 13 12 11 10 10 12 12 12 13 13 13 15 14 14 13 14 11 10 9 9 9 10 10 9 9 8 8 9 10 8 9 8 7 7 6 6 6 6 7 7 7 7 7 8 9 8 9 9 9 8 8 8 8 9 10 12 12 14 12 13 12 12 13 14 15 14 14 14 14 14 14 15
26 25 26 27 28 27 27 28 28 31 31 32 28 29 28 27 27 27 27 25 22 19 15 13 13 12 12 13 13 15 15 15 16 16 16 18 17 18 16 17 13 12 11 11 11 12 11 10 10 9 9 10 11 9 10 8 7 7 6 6 6 6 7 7 7 7 8 9 10 9 10 10 10 9 9 9 9 10 11 13 13 14 12 13 11 10 11 12 13 12 12 12 12 12 12 13
31 30 31 32 33 32 32 34 34 38 37 38 34 35 33 32 33 33 34 31 27 24 20 18 18 16 16 14 14 16 16 16 17 17 18 20 19 20 18 19 15 15 14 14 14 15 14 12 12 11 12 11 12 10 11 9 8 8 7 7 7 7 8 8 8 8 9 9 10 9 10 10 10 9 9 10 11 11 12 14 14 16 14 15 14 13 14 15 15 14 14 14 14 14 14 15
29 29 30 31 32 31 31 33 33 37 36 39 36 37 36 35 36 37 38 34 30 27 23 21 21 19 18 12 12 14 14 14 15 15 16 18 17 18 17 18 14 14 13 14 14 15 14 12 12 11 12 11 13 11 11 10 9 8 7 7 7 7 8 8 7 7 8 8 9 8 9 8 8 7 7 8 9 9 10 12 12 15 14 15 14 13 14 15 15 14 14 14 14 14 15 16
26 26 27 27 27 26 26 28 29 32 31 32 30 31 30 29 30 31 32 28 25 22 20 18 18 16 15 13 13 14 14 14 15 15 16 18 17 18 16 16 12 12 11 12 12 13 12 11 11 11 12 11 12 10 10 9 8 8 7 7 7 8 9 9 8 8 9 9 9 8 9 8 8 7 7 8 9 9 10 11 11 13 12 12 11 11 12 13 13 12 12 12 12 12 13 14
29 29 29 30 30 29 29 31 32 33 32 33 31 32 31 30 32 33 34 30 26 23 20 18 17 15 14 12 12 13 13 13 14 14 15 17 16 17 15 15 12 12 11 12 12 12 11 10 10 10 11 10 11 10 10 9 8 8 7 7 7 8 9 9 8 9 10 10 11 10 11 10 10 9 9 10 10 10 11 11 11 13 12 12 11 11 12 11 11 10 10 10 10 10 11 12
29 29 29 28 28 27 28 29 32 33 32 33 31 31 30 29 31 32 33 29 25 23 20 19 18 16 15 12 12 13 13 13 14 14 15 15 14 15 13 13 10 10 9 10 10 10 9 8 8 9 10 9 10 10 9 8 7 7 7 7 7 8 9 9 8 9 10 9 10 9 10 9 9 9 9 10 10 10 11 11 12 14 13 12 11 11 12 11 11 10 10 10 10 10 11 12
28 28 28 27 27 26 27 28 31 32 31 32 31 31 30 29 31 31 33 27 23 22 20 19 18 17 16 11 11 11 12 12 13 13 14 14 13 14 11 11 9 9 9 10 10 10 9 8 8 9 10 9 10 10 9 8 7 7 7 7 7 8 9 10 9 10 11 10 11 10 11 10 10 10 10 11 11 11 12 12 11 13 12 11 11 11 12 11 11 10 10 10 10 11 12 13
30 32 32 31 31 31 32 33 35 36 34 35 34 34 33 32 32 31 32 25 21 20 19 19 18 17 16 11 11 11 12 12 13 13 14 14 13 14 11 11 9 9 9 10 10 10 9 8 8 9 10 9 10 10 9 8 7 7 7 7 7 8 9 10 10 11 12 11 12 11 11 10 10 10 10 11 11 10 10 10 9 11 9 8 8 8 9 8 8 8 8 8 8 9 10 11
32 34 34 33 33 35 36 37 40 41 39 40 38 38 37 37 37 36 36 28 25 24 23 22 21 19 18 13 13 13 14 14 15 15 16 17 16 17 14 14 12 12 12 13 12 12 11 11 10 11 12 10 11 10 9 8 7 7 7 7 7 8 9 10 10 11 12 11 12 12 12 11 11 11 12 12 12 11 12 12 11 13 11 10 10 10 10 9 9 9 9 9 9 10 11 11
32 34 34 33 33 36 38 38 41 43 43 44 43 43 42 43 45 44 44 36 33 32 31 29 27 25 23 11 11 11 12 12 13 13 14 15 14 15 12 12 11 12 12 13 12 12 11 11 10 11 12 11 11 11 10 9 8 8 8 8 8 9 8 9 9 9 10 9 10 9 9 8 9 9 10 10 10 9 10 12 12 14 13 12 12 12 12 11 11 11 11 12 12 13 13 13
28 29 28 27 27 30 33 33 36 38 39 40 39 39 38 39 41 40 40 33 32 31 30 28 26 24 22 9 9 9 10 10 11 11 12 13 12 12 9 9 8 9 9 10 9 9 9 10 9 10 11 10 10 10 9 9 8 8 8 8 8 9 8 9 9 9 9 8 9 8 8 7 8 8 9 9 9 8 9 11 11 13 12 11 12 12 12 11 11 11 11 12 13 14 14 14
30 32 31 30 30 33 36 35 38 39 39 40 39 39 38 39 40 39 38 30 28 27 25 23 21 20 18 8 8 8 9 9 10 10 11 12 11 11 9 9 8 9 9 10 10 10 11 12 11 12 13 13 13 13 12 12 11 11 11 11 12 12 11 12 11 11 12 11 12 11 11 10 11 10 11 11 11 11 12 13 13 13 12 11 12 11 11 10 10 10 10 11 12 13 14 13
33 35 32 31 31 34 37 36 39 40 41 42 41 42 42 43 44 42 41 33 31 30 28 26 24 23 21 8 8 8 9 9 9 9 9 10 9 9 7 7 6 7 7 7 7 7 8 9 9 10 11 12 11 11 10 10 10 10 10 10 11 11 10 11 11 10 11 10 11 10 10 10 11 10 11 11 11 11 12 14 14 13 12 11 12 11 11 10 10 10 10 11 12 13 13 12
29 31 28 27 28 31 34 33 36 37 37 38 37 38 38 40 41 37 36 31 29 28 27 25 24 22 20 5 6 6 7 7 7 7 7 8 7 7 6 6 6 7 7 7 7 7 8 9 9 10 11 12 11 11 10 10 10 10 10 10 11 11 10 11 11 10 11 10 11 10 10 10 11 10 11 11 11 11 12 13 13 12 11 12 13 12 12 11 11 11 11 13 14 15 15 14
33 35 32 33 34 37 38 37 40 40 41 42 41 42 41 41 42 37 36 31 29 29 28 26 25 23 22 5 6 6 7 7 7 7 7 8 7 7 6 6 6 7 7 7 7 7 8 9 9 11 12 13 12 12 11 11 11 11 11 11 12 12 12 13 13 12 13 12 12 11 11 10 11 10 11 10 9 9 10 11 9 8 7 8 9 8 8 8 8 8 8 10 11 12 12 11
34 36 34 35 36 39 41 39 42 42 42 43 42 44 43 43 42 36 35 31 30 30 29 27 25 23 22 6 7 7 8 8 8 9 9 10 9 9 8 8 8 9 8 8 8 9 10 11 11 12 13 14 12 12 11 11 11 11 11 11 12 12 12 13 13 12 13 13 13 12 12 12 12 11 12 11 11 11 12 13 11 10 10 11 11 10 10 10 10 10 10 12 13 13 13 12
34 36 34 36 38 40 42 40 44 44 45 46 46 49 51 51 50 45 44 40 39 39 36 34 31 29 28 5 6 6 8 8 8 9 9 10 9 9 9 10 10 11 10 10 10 11 11 11 11 12 12 14 12 12 11 11 11 11 11 11 12 11 11 11 11 10 11 11 11 10 11 11 11 10 11 10 10 11 12 13 12 11 11 12 12 11 11 11 11 12 12 14 14 14 14 13
31 31 29 32 34 36 37 37 40 40 41 42 42 45 47 47 47 42 42 40 39 38 35 33 30 29 28 4 5 5 7 8 8 9 9 10 9 9 9 10 10 11 10 11 12 13 13 13 13 14 14 16 14 13 12 13 13 13 13 13 14 12 12 12 11 10 11 10 10 9 10 10 10 9 10 9 10 11 11 12 11 10 11 12 12 11 11 11 12 13 13 15 15 15 16 15
32 32 30 33 35 37 38 38 39 39 40 41 41 44 46 45 45 40 40 37 36 35 32 30 27 26 25 4 5 5 7 8 8 9 9 9 8 8 8 9 9 10 9 10 12 13 13 13 14 15 16 18 16 16 15 16 16 16 17 17 18 16 15 15 14 14 15 14 13 12 13 12 12 11 12 11 12 13 12 13 11 10 11 12 11 10 10 10 11 12 12 14 15 14 15 15
35 35 33 35 37 37 37 37 39 38 39 42 42 45 47 45 43 37 37 34 33 31 28 28 25 24 24 4 5 5 6 7 8 9 9 9 8 8 8 9 9 9 8 9 11 12 13 13 14 15 16 17 15 15 15 16 15 15 16 16 17 15 15 14 13 13 14 13 13 13 14 13 13 12 13 12 13 15 14 15 13 12 13 14 13 12 12 12 13 14 13 15 16 15 16 16
30 30 29 31 34 34 34 34 35 34 35 38 38 42 45 42 41 36 36 33 33 31 29 28 25 24 24 4 5 5 6 7 8 9 9 9 9 9 9 10 10 10 9 10 12 13 14 14 15 15 16 17 15 15 15 16 15 16 17 18 18 16 16 15 14 14 15 14 14 14 15 14 14 13 13 12 13 13 12 13 11 12 13 14 13 12 12 12 13 15 14 16 16 15 16 16
