High_resolution/powerplant/Shangrao/OMI_NO2_200905.asc
ncols      200
nrows      200
xllcorner       115.451
yllcorner       27.0350
cellsize     0.0166667
NODATA_Value      -999.000
[rows 87 to 115 of 165, columns 0 to 66 of 200]
0.905782 0.961110 1.11101 1.22705 1.34321 1.45925 1.54655 1.58966 1.67483 1.74333 1.79852 1.99083 2.13465 2.27667 2.29763 2.29763 2.29763 2.56251 2.61600 2.61600 2.61600 2.61600 2.61600 2.61600 2.61600 2.61600 2.61600 2.61600 2.61600 2.61598 2.60232 2.62718 2.80222 2.88896 2.88896 2.88896 2.87981 2.40512 2.41493 2.46167 2.52292 2.55531 2.58329 2.61126 2.63780 2.67789 2.86114 2.93871 2.93871 2.93871 2.93871 2.93871 2.93871 2.93871 2.93871 2.93871 2.93871 2.93871 2.93871 2.93871 2.93834 2.90021 2.87704 2.71713 2.68417 2.68417 2.64221
1.81901 2.01197 1.57885 1.56929 1.65243 1.72533 1.78436 1.81588 1.81632 1.81632 1.81632 1.89079 2.13460 2.23071 2.29763 2.29763 2.29763 2.47733 2.61600 2.61600 2.61600 2.61600 2.61600 2.61600 2.61628 2.64493 2.69275 2.74055 2.78831 2.83599 2.87431 2.88916 2.88968 2.90336 2.92831 2.97322 3.01751 2.75230 2.61644 2.64083 2.64421 2.64421 2.64421 2.64421 2.64421 2.64982 2.81550 2.93740 2.93871 2.93871 2.93871 2.93871 2.93871 2.93871 2.93871 2.93871 2.93871 2.93871 2.93871 2.93871 2.93871 2.91284 2.89623 2.75820 2.70268 2.71451 2.70657
2.09002 2.13638 1.87937 1.81212 1.81632 1.81632 1.81632 1.81632 1.81632 1.81632 1.81632 1.81935 2.10611 2.18467 2.29763 2.29763 2.29763 2.39209 2.61651 2.64724 2.69492 2.74268 2.79045 2.83827 2.88572 2.90478 2.90478 2.90478 2.90486 2.90285 2.90093 2.96532 3.00129 3.08128 3.10255 3.10387 3.10387 2.95186 2.64421 2.64421 2.64421 2.64421 2.64421 2.64421 2.64421 2.64421 2.77625 2.91737 2.93871 2.93871 2.93871 2.93871 2.93871 2.93871 2.93871 2.93871 2.93871 2.93871 2.93874 2.95666 2.99007 2.99461 2.93915 2.85265 2.73203 2.73203 2.72659
2.19043 2.19043 2.02157 1.81632 1.81632 1.81632 1.81632 1.81632 1.81632 1.81632 1.81632 1.81632 2.00912 2.12086 2.23208 2.19607 2.15606 2.14683 2.87082 2.90478 2.90478 2.90478 2.90478 2.90478 2.89474 2.87295 2.85750 2.84217 2.82665 2.81333 2.82611 3.02878 3.03247 3.09244 3.10387 3.10387 3.10387 3.08153 2.65823 2.64421 2.64421 2.64421 2.64421 2.64421 2.64421 2.64421 2.73115 2.89116 2.93871 2.93871 2.93871 2.93871 2.93871 2.93871 2.93871 2.95468 2.98806 3.02137 3.05475 3.06876 3.05725 3.03937 2.90981 2.84654 2.61806 2.53902 2.46277
2.19043 2.19043 2.14282 1.81752 1.81632 1.81632 1.81632 1.80007 1.76026 1.72034 1.68037 1.64038 1.69330 1.90045 2.02149 2.06347 2.06347 2.06347 2.70563 2.89419 2.86679 2.84290 2.82715 2.81182 2.80643 2.81289 2.81291 2.81291 2.81291 2.81291 2.81291 2.98063 3.03243 3.06998 3.10387 3.10387 3.10387 3.10387 2.77975 2.64421 2.64421 2.64421 2.64421 2.64421 2.64421 2.64421 2.65911 2.77219 2.84470 2.83146 2.81808 2.81897 2.83884 2.85898 2.87899 2.87802 2.85543 2.83301 2.79758 2.72315 2.65574 2.59025 2.43781 2.32345 2.11887 2.10082 2.09748
2.19043 2.19043 2.19043 1.79181 1.68597 1.64600 1.60605 1.58235 1.58217 1.58217 1.58217 1.58217 1.59133 1.88412 1.97505 2.02485 1.99726 1.97192 2.37388 2.79206 2.80403 2.81259 2.81291 2.81291 2.81291 2.81291 2.81291 2.81291 2.81291 2.81291 2.81291 2.91925 3.03243 3.05197 3.10387 3.10387 3.10387 3.10387 2.92345 2.64421 2.64421 2.64421 2.64421 2.64421 2.64421 2.64421 2.59976 2.54305 2.69262 2.72322 2.74737 2.75744 2.74833 2.70959 2.64406 2.58368 2.52736 2.47105 2.42756 2.42461 2.42461 2.42461 2.37627 2.29880 2.14986 2.09721 2.09721
2.19043 2.19043 2.19043 1.79977 1.58217 1.58217 1.58217 1.58217 1.58217 1.59377 1.63444 1.67649 1.71855 1.97276 2.08374 1.94845 1.96061 1.97062 2.16561 2.81291 2.81291 2.81291 2.81291 2.81291 2.81291 2.81291 2.81291 2.81291 2.81291 2.81291 2.81291 2.85787 3.03243 3.03734 3.10363 3.10387 3.10387 3.10387 3.06282 2.64858 2.64421 2.64421 2.64421 2.66547 2.73079 2.79758 2.86248 2.63238 2.66630 2.62036 2.56404 2.50773 2.45144 2.42461 2.42461 2.42461 2.42461 2.42461 2.42461 2.42461 2.42461 2.42461 2.41367 2.29997 2.20313 2.09721 2.09721
2.19043 2.19043 2.19043 1.96858 1.58976 1.62850 1.67054 1.71263 1.75463 1.78449 1.75300 1.70136 1.64976 1.79667 2.15087 1.99079 1.97161 1.97161 1.98664 2.76806 2.81291 2.81291 2.81291 2.81291 2.81291 2.81291 2.81291 2.81291 2.81291 2.81291 2.81291 2.81456 3.01439 3.03243 3.08800 3.10387 3.10387 3.10387 3.10387 2.77015 2.72677 2.79355 2.86657 2.95306 3.00059 3.04675 3.09295 2.82980 2.62358 2.42461 2.42461 2.42461 2.42461 2.42461 2.42461 2.42461 2.42461 2.42461 2.42461 2.42461 2.42461 2.42461 2.42461 2.32761 2.25616 2.09737 2.09721
2.25100 2.31407 2.37717 2.40158 1.79711 1.78646 1.76687 1.71568 1.66408 1.61300 1.59428 1.59428 1.59428 1.62643 2.13760 2.04113 1.97161 1.97161 1.97161 2.55884 2.81291 2.81291 2.81291 2.81291 2.81291 2.81291 2.81291 2.81291 2.82331 2.84733 2.87137 2.89554 3.06132 3.16320 3.14291 3.12748 3.26449 3.42759 3.62344 3.42593 3.05495 3.10120 3.14100 3.14621 3.14621 3.14621 3.14621 2.91641 2.71356 2.42494 2.42461 2.42461 2.42461 2.42461 2.42461 2.42461 2.42461 2.42461 2.42461 2.42461 2.42461 2.42461 2.42461 2.36620 2.29511 2.11012 2.07016
2.49686 2.49686 2.48320 2.41220 1.80263 1.62676 1.59470 1.59428 1.59428 1.59428 1.59428 1.59428 1.59428 1.59428 1.99383 2.09186 1.97161 1.97161 1.97161 2.33486 2.81291 2.81291 2.82412 2.84825 2.87230 2.89638 2.92052 2.94453 2.95828 2.95833 2.95833 2.96572 3.14627 3.41076 3.56751 3.82538 3.88630 3.92107 3.92310 3.80917 3.14629 3.14621 3.14621 3.14621 3.14621 3.14621 3.14621 3.00277 2.75454 2.47766 2.42461 2.42461 2.42461 2.42461 2.42461 2.42461 2.42461 2.42461 2.42461 2.42461 2.42461 2.42659 2.46027 2.46926 2.20298 2.03349 1.96142
2.35622 2.27876 2.21500 2.20860 1.85635 1.59428 1.59428 1.59428 1.59428 1.59428 1.59428 1.59428 1.59428 1.59428 1.81814 2.13985 2.00701 2.08385 2.16381 2.35815 2.92140 2.94548 2.95833 2.95833 2.95833 2.95833 2.95833 2.98576 3.12008 3.28692 3.45313 3.61260 3.67764 3.72374 3.73217 3.91907 3.92310 3.92310 3.92310 3.92310 3.27279 3.14621 3.14621 3.14621 3.14621 3.14621 3.14621 3.10484 2.75841 2.56782 2.42461 2.42461 2.42461 2.42461 2.42461 2.42461 2.42461 2.42579 2.45743 2.50224 2.54704 2.58993 2.60105 2.60105 2.22787 2.07989 1.96907
2.20860 2.20860 2.20860 2.20860 2.03764 1.59428 1.59428 1.59428 1.59428 1.59428 1.61886 1.69689 1.77685 1.85680 1.98929 2.56922 2.48330 2.44165 2.44165 2.44274 2.90589 2.95833 2.98465 3.05005 3.16905 3.33543 3.50231 3.64126 3.67363 3.67363 3.67363 3.67363 3.67363 3.71429 3.72401 3.86501 3.92310 3.92310 3.92310 3.92310 3.51326 3.14621 3.14621 3.14621 3.14621 3.14621 3.14621 3.14621 2.80561 2.67388 2.44783 2.45516 2.46250 2.47047 2.50710 2.55930 2.61143 2.66243 2.68293 2.68477 2.67025 2.65483 2.63957 2.62436 2.37013 2.12569 1.95851
2.20860 2.20860 2.20860 2.20860 2.20007 1.70914 1.76721 1.84716 1.92712 2.00703 2.06244 2.06433 2.06433 2.06433 2.06433 2.49351 2.53441 2.46915 2.53464 2.59993 3.03061 3.38460 3.52453 3.62599 3.67363 3.67363 3.67363 3.67363 3.67363 3.67363 3.67363 3.67363 3.67363 3.70021 3.72401 3.80797 3.92310 3.92310 3.92310 3.92310 3.75381 3.14621 3.14621 3.14621 3.14621 3.14621 3.14621 3.14621 2.99417 2.84124 2.53876 2.55079 2.57274 2.59413 2.58675 2.56389 2.54117 2.51858 2.49601 2.47900 2.47824 2.47847 2.47849 2.47849 2.37371 2.04066 1.92176
2.20860 2.20860 2.20860 2.20860 2.20860 2.10015 2.06433 2.06433 2.06433 2.06433 2.06433 2.06433 2.07202 2.09557 2.11959 2.39720 2.75060 2.88896 2.99035 3.09144 3.34745 3.67363 3.67363 3.67363 3.67363 3.67363 3.67363 3.67363 3.67363 3.67363 3.67363 3.67363 3.67363 3.68612 3.72401 3.76183 3.92310 3.92310 3.92310 3.92310 3.91805 3.22243 3.14621 3.14621 3.14621 3.14628 3.19466 3.28433 3.22686 2.84839 2.56438 2.47717 2.47746 2.47775 2.47805 2.47834 2.47849 2.47849 2.47849 2.47849 2.47849 2.47849 2.47849 2.47849 2.47324 2.07515 1.96229
2.20860 2.20860 2.20860 2.20860 2.20860 2.13631 2.06433 2.06973 2.09246 2.11647 2.14049 2.16453 2.19836 2.36649 2.56853 2.80923 3.11987 3.15423 3.15695 3.15695 3.21233 3.67296 3.67363 3.67363 3.67363 3.67363 3.67363 3.67363 3.67363 3.67363 3.67363 3.67363 3.67363 3.67468 3.72135 3.72829 3.91321 3.92310 3.92310 3.92310 3.92310 3.45790 3.18898 3.27865 3.36821 3.45248 3.45687 3.41503 3.29324 2.85021 2.60012 2.47849 2.47849 2.47849 2.47849 2.47849 2.47849 2.47849 2.47849 2.47849 2.47849 2.47849 2.47849 2.47849 2.47849 2.20407 2.00269
2.20807 2.20860 2.21388 2.24610 2.28215 2.28428 2.16139 2.18002 2.18335 2.31102 2.51298 2.71517 2.89967 2.93407 2.93407 2.93407 3.09170 3.14548 3.15695 3.15695 3.15695 3.59148 3.67363 3.67363 3.67363 3.67363 3.67363 3.67363 3.67363 3.67363 3.67363 3.66652 3.64259 3.61817 3.62828 3.61951 3.80780 3.92310 3.94464 4.00847 4.06324 3.89074 3.40710 3.36529 3.32345 3.28700 3.28198 3.28198 3.27278 2.90512 2.65549 2.47849 2.47849 2.47849 2.47849 2.47849 2.47849 2.47849 2.47849 2.47849 2.47849 2.47849 2.47849 2.47849 2.47849 2.33829 2.04109
2.25623 2.34952 2.38030 2.38409 2.38409 2.49801 2.48945 2.65961 2.85962 2.93407 2.93407 2.93407 2.93407 2.93407 2.93407 2.93407 3.03178 3.13651 3.15695 3.15695 3.15695 3.45461 3.67363 3.67363 3.67363 3.66594 3.64188 3.61746 3.59284 3.56845 3.54379 3.52653 3.52582 3.52582 3.55528 3.61455 3.77012 4.02711 4.02873 3.98799 3.95636 3.93475 3.31511 3.28198 3.28198 3.28198 3.28198 3.28198 3.28198 3.02751 2.69426 2.49951 2.47849 2.47849 2.47849 2.47849 2.47849 2.47849 2.47849 2.47849 2.47849 2.47849 2.47849 2.47849 2.46821 2.38004 2.09747
2.19911 2.43716 2.71526 3.01809 3.32137 3.51061 3.11329 2.93407 2.93407 2.93407 2.93407 2.93407 2.93407 2.93407 2.93407 2.93407 2.97175 3.12777 3.15673 3.13044 3.04059 3.15037 3.59215 3.56769 3.54313 3.52635 3.52582 3.52582 3.52582 3.52582 3.55955 3.66552 3.77788 3.89064 3.94262 3.59733 3.65081 3.95445 3.95445 3.95445 3.95445 3.95445 3.50352 3.28198 3.28198 3.28198 3.28198 3.28198 3.28198 3.11764 2.73124 2.55821 2.47849 2.47849 2.47849 2.47849 2.47849 2.47849 2.47849 2.47849 2.47046 2.40460 2.32747 2.25016 2.18329 2.17426 2.15367
3.38049 3.48803 3.51321 3.51321 3.51321 3.51321 3.26701 2.93407 2.93407 2.93407 2.93407 2.93407 2.93407 2.91584 2.82958 2.73690 2.64469 2.71961 2.67520 2.61550 2.61273 2.66770 3.51303 3.52582 3.52582 3.55554 3.62658 3.72839 3.84068 3.95321 4.03220 4.03867 4.03867 4.03867 4.03867 3.66200 3.59987 3.92070 3.95445 3.95445 3.95445 3.95445 3.71175 3.28198 3.28198 3.28198 3.28198 3.28198 3.28198 3.17085 2.79819 2.61768 2.47849 2.47785 2.47465 2.47125 2.46171 2.39524 2.31453 2.23389 2.16131 2.14644 2.14302 2.14029 2.15097 2.18582 2.21124
4.00558 3.52710 3.51321 3.51321 3.51321 3.51321 3.45276 2.92623 2.84144 2.74882 2.65608 2.56340 2.47067 2.39627 2.38985 2.38985 2.38985 2.49858 2.59730 2.61273 2.64374 2.71301 3.49537 3.79094 3.90370 3.98608 4.02774 4.03867 4.03867 4.03867 4.03867 4.03867 4.03867 4.03867 4.03867 3.78475 3.59709 3.80793 3.95445 3.95445 3.95445 3.95445 3.90826 3.29361 3.28198 3.28198 3.28198 3.28198 3.28198 3.22414 2.81370 2.62100 2.41889 2.36518 2.29921 2.23354 2.17387 2.17130 2.18282 2.20689 2.24753 2.28825 2.32887 2.36892 2.39552 2.39796 2.39489
4.02743 3.60596 3.42158 3.30774 3.21007 3.12536 3.05123 2.52163 2.38985 2.38985 2.38985 2.38985 2.38985 2.38985 2.38985 2.38976 2.38953 2.43799 2.64073 2.94049 3.02217 3.06556 3.58020 4.03867 4.03867 4.03867 4.03867 4.03867 4.03867 4.03867 4.03867 4.03867 4.03867 4.03867 4.03867 3.90744 3.59709 3.71354 3.95445 3.95445 3.95445 3.95445 3.95445 3.45575 3.28198 3.28198 3.28198 3.28198 3.27602 3.16161 2.74380 2.53762 2.30007 2.24325 2.26452 2.29370 2.32292 2.35211 2.38123 2.39788 2.39796 2.39796 2.39796 2.39796 2.39796 2.39796 2.39796
3.11518 3.00849 2.98644 2.98644 2.98644 2.98644 2.98644 2.67194 2.38985 2.38985 2.38979 2.38956 2.38932 2.38909 2.38885 2.38303 2.36049 2.33978 2.69421 3.10214 3.12559 3.12559 3.35514 4.03867 4.03867 4.03867 4.03867 4.03867 4.03867 4.03867 4.03867 4.03867 4.03867 4.03867 4.03867 4.01876 3.60844 3.63659 3.95445 3.95445 3.95445 3.95445 3.95445 3.66381 3.27833 3.17154 3.01705 2.86274 2.70302 2.58197 2.43706 2.32197 2.31987 2.39011 2.39796 2.39796 2.39796 2.39796 2.39796 2.39796 2.39796 2.39796 2.39796 2.39796 2.39796 2.39796 2.39796
2.98017 2.98121 2.98644 2.98644 2.98644 2.98640 2.98618 2.83110 2.38911 2.38888 2.38871 2.38662 2.36696 2.34331 2.31965 2.30167 2.30056 2.30056 2.58017 3.00139 3.12559 3.12559 3.15006 4.00206 4.03867 4.03867 4.03867 4.03867 4.03867 4.03867 4.03867 4.03867 4.03867 4.03867 4.03318 4.00090 3.63735 3.48753 3.87034 3.95445 3.95402 3.84890 3.66412 3.38183 2.61361 2.47236 2.37948 2.28679 2.20497 2.19276 2.21214 2.21981 2.26416 2.39796 2.39796 2.39796 2.39796 2.39796 2.39796 2.39796 2.39796 2.39796 2.39796 2.39796 2.39796 2.39796 2.39796
2.98017 2.98017 2.98531 2.98574 2.98550 2.98531 2.98529 2.96750 2.39586 2.34979 2.32612 2.30454 2.30056 2.30056 2.30056 2.30056 2.30056 2.30056 2.44093 2.89456 3.12559 3.12559 3.12559 3.78456 4.03867 4.03867 4.03867 4.03867 4.03214 3.99909 3.96304 3.92708 3.89103 3.85504 3.82450 3.82084 3.61600 3.32951 3.43931 3.38575 3.10863 2.93622 2.84338 2.77137 2.29910 2.19276 2.19276 2.19276 2.19276 2.19276 2.20463 2.22143 2.22263 2.38999 2.39796 2.39796 2.39796 2.39796 2.39796 2.39796 2.39796 2.39796 2.39796 2.39796 2.39796 2.39796 2.39796
2.98017 2.98017 2.98348 2.98529 2.97630 2.95284 2.92919 2.90578 2.46510 2.30056 2.30056 2.30056 2.30056 2.30056 2.30056 2.30056 2.30056 2.30056 2.31862 2.77170 3.12505 3.12559 3.13833 3.56551 3.96126 3.92525 3.88922 3.85321 3.82374 3.82084 3.82084 3.82084 3.82084 3.78697 3.66525 3.53881 3.29540 2.62795 2.63821 2.76627 2.76627 2.76627 2.76627 2.76627 2.47568 2.19276 2.19276 2.19276 2.19276 2.19276 2.19580 2.22316 2.21803 2.34510 2.39796 2.39796 2.39796 2.39796 2.39796 2.39796 2.39796 2.39796 2.39796 2.40908 2.44954 2.49153 2.53355
2.97381 2.94120 2.91623 2.91202 2.89734 2.89716 2.89716 2.89716 2.62489 2.30056 2.30056 2.30056 2.30056 2.30056 2.30056 2.30056 2.30832 2.36741 2.43594 2.81136 3.33371 3.46661 3.52240 3.58368 3.82084 3.82084 3.82084 3.82084 3.81943 3.79732 3.68318 3.55675 3.43048 3.33792 3.33333 3.33333 3.33040 2.65876 2.60055 2.76600 2.76627 2.76627 2.76627 2.76627 2.65243 2.19276 2.19276 2.19276 2.19276 2.19276 2.19276 2.22162 2.21813 2.29563 2.39796 2.39796 2.39796 2.39796 2.39796 2.40756 2.44942 2.49498 2.54187 2.57837 2.58431 2.58877 2.59331
2.85082 2.84796 2.84991 2.89564 2.89716 2.89716 2.89716 2.89716 2.78446 2.30056 2.30446 2.35804 2.42658 2.49511 2.56369 2.63222 2.69304 2.70252 2.70252 2.87042 3.35631 3.52754 3.52754 3.52803 3.79269 3.80399 3.70116 3.57473 3.44983 3.34555 3.33333 3.33333 3.33333 3.33333 3.33333 3.33333 3.33333 2.86338 2.58715 2.72764 2.76627 2.76627 2.76627 2.76627 2.76444 2.25748 2.19276 2.19276 2.19276 2.19276 2.19276 2.20530 2.20507 2.23688 2.42190 2.43348 2.48520 2.55252 2.62648 2.68917 2.70697 2.72127 2.73097 2.73358 2.73611 2.73862 2.74116
2.84796 2.84796 2.84796 2.88613 2.89722 2.91232 2.93876 2.96525 2.98836 2.65216 2.68753 2.70252 2.70252 2.70252 2.70252 2.70252 2.70252 2.70252 2.69290 2.70452 3.19915 3.51381 3.42580 3.30084 3.37191 3.35682 3.33333 3.33333 3.33333 3.33333 3.33333 3.33333 3.33333 3.33333 3.33333 3.33333 3.33333 3.07094 2.58715 2.67354 2.76627 2.76627 2.76627 2.76627 2.76627 2.43231 2.19276 2.19276 2.19276 2.19276 2.19276 2.20459 2.32321 2.42078 2.70223 2.79117 2.80941 2.80557 2.79379 2.78202 2.77024 2.75847 2.75132 2.75124 2.75124 2.75124 2.75124
2.89787 2.93756 2.97728 3.01329 3.03623 3.04758 3.04758 3.04758 3.04758 2.82151 2.70252 2.70252 2.70252 2.69541 2.67277 2.64960 2.62644 2.60326 2.64086 2.74728 2.77981 3.05860 3.04004 3.04004 3.15653 3.33333 3.33333 3.33333 3.33333 3.33333 3.33333 3.33333 3.33333 3.33333 3.33333 3.33333 3.33333 3.27279 2.59289 2.63006 2.76627 2.76627 2.76627 2.76627 2.76627 2.60907 2.19276 2.20188 2.27389 2.35784 2.44189 2.51846 2.57784 2.62562 2.73056 2.76632 2.75482 2.75124 2.75124 2.75124 2.75124 2.75124 2.75124 2.75124 2.75124 2.75124 2.75124
