High_resolution/powerplant/Shangrao/OMI_NO2_200811.asc
ncols      200
nrows      200
xllcorner       115.451
yllcorner       27.0350
cellsize     0.0166667
NODATA_Value      -999.000
[rows 30 to 59 of 165, columns 0 to 65 of 200]
  =    *        ;      *       <    *       ?       :*              =*                   :*                <*                 ?*                 9*               8*                    <*                 2*                9*                  <*                  ?*                ;*                 <*         
         ;*                ?*                  <*                9*                2*                    =*                   8*                  =*                >*              2*              8*                 ;*      *       >        *     9      *       =      *     3      *   
<       *     9     *     >     *        3      *       <       :*                  =*                   9*                   =*                :*               9*                 <*                   >*                  ;*                2*                   9*                  8*        
>*                3*                2*                ?*               :*              =*                 2*                ?*                 8*                    ?*              :*               ?*      *     2      *       2       *    ?     *        3       *       2       *    >     *     =        *        3      ?*     
7.31309 7.09781 7.39755 7.68321 7.47515 7.44557 7.42860 7.37577 7.03742 6.21137 6.11562 6.10596 6.09955 6.09306 6.16025 6.22058 5.56000 5.12766 5.14206 5.07257 4.95017 4.96457 4.97900 4.99145 4.99306 4.99306 4.99306 4.99306 4.99306 4.97537 4.04151 3.96304 3.82341 3.47720 3.47683 3.47683 3.47683 3.47683 3.48029 3.54016 3.63553 3.64893 3.64865 3.62491 3.63875 3.65307 3.66708 3.68120 3.69536 3.70941 3.57375 3.36415 3.75437 3.76825 3.78258 3.78144 3.70477 3.71888 3.73282 3.72193 3.68801 3.22199 2.44823 2.44316 2.60679 2.67682
6.46738 6.46222 6.61385 7.34581 7.29124 7.23208 7.18964 7.18330 7.03802 6.16898 6.03552 6.03353 6.03353 6.03353 6.18164 6.36260 5.90482 5.19330 5.18317 5.14347 5.04008 5.04817 5.05623 5.06426 5.07236 5.08056 5.09479 5.11287 5.13099 5.14823 4.47834 4.08787 4.06569 3.63214 3.64015 3.65353 3.66689 3.68026 3.69029 3.71113 3.81991 3.81991 3.82236 3.93352 3.93720 3.93720 3.93720 3.93720 3.93720 3.93720 3.91293 3.50064 3.91331 3.93963 3.93963 3.94235 3.80077 3.71752 3.66973 3.64719 3.64719 3.44863 2.48075 2.48075 2.58629 2.68030
6.23626 6.17234 6.13848 6.97370 7.07406 7.06401 7.05385 7.04380 7.01790 6.22335 5.84240 5.82983 5.81714 5.80457 5.86462 6.11189 5.94246 5.01075 5.01075 5.01256 5.17572 5.18437 5.18770 5.19757 5.20761 5.21758 5.22145 5.22145 5.22145 5.22050 4.87699 4.15328 4.15861 3.76878 3.69086 3.69086 3.69086 3.69086 3.69086 3.69175 3.81263 3.81991 3.81991 3.91155 3.93720 3.93720 3.93720 3.93720 3.93720 3.93720 3.93720 3.61117 3.82463 3.95440 3.96112 3.96512 3.80434 3.64719 3.64719 3.64719 3.64719 3.62845 2.53574 2.51634 2.62432 2.80190
5.99370 5.99370 5.99370 6.60611 6.96328 6.96328 6.96328 6.96328 6.96328 6.48073 5.77970 5.77970 5.77970 5.77970 5.78780 6.09973 6.10914 5.08801 5.01203 5.02085 5.16109 5.21456 5.22127 5.22145 5.22145 5.21958 5.20521 5.18855 5.17187 5.15614 5.11695 4.21049 4.16604 3.87788 3.69086 3.69086 3.69086 3.69086 3.69086 3.69086 3.78703 3.81991 3.81991 3.88727 3.93720 3.93720 3.93720 3.93803 3.94389 3.95061 3.95734 3.77158 3.74124 3.96516 3.96516 3.96498 3.90380 3.64463 3.65254 3.68443 3.71763 3.75079 2.96644 2.65762 2.68226 2.88873
5.99357 5.99370 5.99370 6.33332 6.96328 6.96328 6.96328 6.96328 6.96328 6.76945 5.80761 5.77970 5.77970 5.77970 5.77994 6.04118 6.13183 5.31686 5.04660 5.04782 5.14114 5.21833 5.20292 5.18625 5.16958 5.15477 5.15246 5.15246 5.15246 5.15320 5.16048 4.50616 4.19142 4.01896 3.73371 3.74241 3.75108 3.75980 3.76856 3.77724 3.80071 3.80258 3.80130 3.84335 3.92144 3.92690 3.93238 3.93698 3.93659 3.93533 3.93407 3.87802 3.60994 3.93305 3.95326 3.98663 4.02018 3.77543 3.75594 3.75349 3.74994 3.74633 3.19874 2.62662 2.62695 2.89838
5.95993 5.99370 5.99370 6.08724 6.93455 6.96328 6.96328 6.96328 6.96328 6.92762 6.01401 5.78467 5.79715 5.80970 5.82210 6.00340 6.15686 5.59460 5.13661 5.12861 5.17722 5.28948 5.29689 5.30559 5.31433 5.32307 5.33175 5.34043 5.34915 5.35717 5.35859 5.01029 4.37217 4.29788 3.89698 3.89698 3.89698 3.89698 3.89698 3.89701 3.86418 3.79574 3.80916 3.84695 3.95999 3.97270 3.98545 3.99815 4.01088 4.01342 3.94079 3.85320 3.73645 4.02472 4.03529 4.03168 4.02821 3.85103 3.70958 3.70958 3.70958 3.70958 3.41111 2.62662 2.62662 2.83870
5.90384 5.99370 5.99370 6.00923 6.77225 6.96328 6.96328 6.94989 6.92785 6.90664 6.30464 5.82597 5.82605 5.81787 5.79716 5.87827 6.08629 5.78078 5.18497 5.18497 5.20475 5.35859 5.35859 5.35859 5.35859 5.35859 5.35859 5.35859 5.34963 5.31988 5.28918 5.19740 4.26897 4.20891 3.98516 3.99722 4.01263 4.03201 4.05143 4.07088 4.07267 3.98713 3.99314 3.99398 4.10394 4.08482 3.98844 3.88800 3.78763 3.69742 3.68226 3.68226 3.74858 3.99283 4.02755 4.02755 4.02755 3.95175 3.70958 3.70958 3.70958 3.70958 3.61865 2.62676 2.62662 2.77898
5.94599 6.10307 6.08505 6.06216 6.43820 6.85804 6.83684 6.82900 6.82988 6.80178 6.49108 5.77345 5.75261 5.73995 5.73982 5.76296 6.02189 5.90659 5.08708 5.05436 5.02372 5.14959 5.13608 5.10546 5.07476 5.04418 5.01360 4.98286 4.96124 4.96040 4.96040 4.96040 4.25461 3.98199 4.06341 4.10102 4.10506 4.10509 4.10509 4.10509 4.10503 3.95468 3.84466 3.74420 3.73113 3.68632 3.68194 3.68149 3.68105 3.68059 3.68015 3.67970 3.70709 3.94115 4.02365 4.02321 4.02275 4.01910 3.73206 3.70345 3.70300 3.70265 3.70427 2.77683 2.62597 2.72080
5.93357 6.11443 6.10952 6.10679 6.14014 6.74363 6.69870 6.62607 6.55383 6.50941 6.45356 5.67274 5.58161 5.56426 5.54700 5.53380 5.56701 5.57290 4.87862 4.78678 4.78678 4.90656 4.95548 4.94743 4.93941 4.93139 4.92331 4.91523 4.89635 4.76774 4.61067 4.45342 4.15083 3.90605 3.94892 3.99552 3.98451 3.90484 3.79646 3.68797 3.57945 3.43969 3.39907 3.39105 3.53762 3.66985 3.66972 3.66972 3.66972 3.66972 3.66972 3.66972 3.67065 3.87206 4.01501 4.01501 4.01501 4.01480 3.81977 3.70177 3.70462 3.70736 3.70814 3.04514 2.62483 2.65689
5.70521 5.93952 5.87030 5.80521 5.72942 6.21790 6.45056 6.45510 6.45968 6.46422 6.46878 5.90028 5.59426 5.59998 5.60568 5.61136 5.64199 5.66265 5.11503 4.91899 4.96916 4.97067 4.93129 4.76991 4.76947 4.68401 4.53496 4.38590 4.24775 4.21928 4.21928 4.21928 4.14818 3.71168 3.63463 3.61270 3.51525 3.48644 3.48644 3.48644 3.48644 3.43027 3.37448 3.37448 3.47203 3.66972 3.66972 3.66972 3.66972 3.66972 3.66972 3.66972 3.66972 3.78573 4.00628 3.98652 3.96678 3.94727 3.87353 3.70814 3.70814 3.70814 3.70814 3.28595 2.62483 2.61955
5.45770 5.75343 5.80003 5.80003 5.79155 6.05179 6.52039 6.52039 6.52039 6.52039 6.52039 6.20680 5.67726 5.70829 5.73720 5.76431 5.80314 5.84642 5.52555 5.16274 5.16274 5.10208 4.91135 4.45824 4.28288 4.21928 4.21931 4.22468 4.19390 4.07878 3.95596 3.83313 3.72473 3.44796 3.38578 3.48493 3.48644 3.48644 3.48644 3.48644 3.48644 3.45346 3.37448 3.37448 3.41084 3.66972 3.66972 3.66972 3.66972 3.66972 3.66437 3.64531 3.62556 3.64818 3.92742 3.94006 3.94006 3.94006 3.93402 3.72113 3.70814 3.69285 3.65239 3.40351 2.45685 2.41685
5.44071 5.67555 5.80003 5.80003 5.79816 5.80134 6.49740 6.52039 6.52428 6.52827 6.52969 6.45205 5.83945 5.83493 5.83493 5.83493 5.84031 5.85075 5.54790 4.91868 4.79451 4.70847 4.64961 4.44570 4.33102 4.26738 4.20528 4.00354 3.71745 3.70965 3.70965 3.70965 3.70965 3.55045 3.38085 3.46590 3.48684 3.49790 3.51376 3.53008 3.54657 3.55248 3.40566 3.41016 3.41503 3.68958 3.71648 3.70348 3.68845 3.67325 3.66352 3.66745 3.67208 3.68255 3.96362 4.03128 4.03432 4.00891 3.97271 3.78498 3.66838 3.64638 3.63467 3.59198 2.59094 2.56247
5.44484 5.60148 5.80003 5.80003 5.80003 5.76686 6.31253 6.52039 6.52464 6.53117 6.53117 6.53011 5.97222 5.83306 5.73664 5.58773 5.44520 5.35532 5.32542 4.93605 4.93347 4.87688 4.73668 4.51299 4.24580 4.26344 4.28398 4.26392 4.01867 4.04190 4.06581 4.09020 4.11485 4.07014 3.76635 3.86247 3.94035 3.94747 3.94747 3.94747 3.94747 3.94747 3.54656 3.48800 3.46828 3.65768 3.72681 3.73442 3.75550 3.77657 3.79762 3.81870 3.84905 3.91488 3.90431 3.75682 3.69679 3.66533 3.64449 3.54617 3.38516 3.38355 3.39588 3.41166 2.94647 2.82406
5.44938 5.53323 5.80003 5.80003 5.80003 5.77575 6.06889 6.52039 6.52159 6.53114 6.47096 6.31173 5.80921 5.37256 5.33597 5.34465 5.28690 5.20342 5.10875 5.00631 4.94919 4.94902 4.89194 4.80657 4.51344 4.51344 4.51344 4.51326 4.26723 4.22649 4.22649 4.22649 4.22649 4.22270 3.88387 3.88996 4.04749 4.07384 4.09996 4.11112 4.11276 4.11440 3.77352 3.65689 3.67793 3.84698 4.01533 4.02659 4.04568 4.09359 4.14178 4.18999 4.22886 4.22974 3.98175 3.53739 3.51694 3.49782 3.51679 3.62747 3.45191 3.44602 3.44602 3.44602 3.13155 2.83853
5.43165 5.43813 5.75396 5.74433 5.73166 5.69178 5.71084 6.22917 6.04560 5.95724 5.87446 5.87316 5.72218 5.16926 5.06691 4.96494 4.92243 4.93532 4.94902 4.94902 4.95002 4.95203 4.91606 4.86453 4.55918 4.52676 4.52918 4.53159 4.37730 4.25524 4.25828 4.26130 4.26433 4.26579 4.04189 3.90579 4.28990 4.26522 4.24070 4.23122 4.23122 4.23122 3.97023 3.73195 3.76312 3.89806 4.15474 4.20007 4.19424 4.15296 4.11379 4.07714 4.04249 4.01151 3.96148 3.47512 3.48174 3.49022 3.50341 3.67951 3.55970 3.51087 3.51934 3.52787 3.35982 2.97041
5.12258 5.07920 5.29077 5.28045 5.23976 5.28057 5.46062 5.66235 5.72647 5.80648 5.85470 5.84711 5.81023 4.88358 4.81400 4.79756 4.78119 4.81558 4.97219 4.97421 4.97522 4.97522 4.95619 4.88492 4.67450 4.54489 4.54489 4.54489 4.46428 4.27246 4.28859 4.27645 4.15874 4.03147 3.85882 3.86511 4.30640 4.36760 4.38381 4.40549 4.47204 4.54860 4.44888 4.10699 4.03858 4.02546 4.22087 4.19412 4.19514 4.20369 4.21211 4.22083 4.22926 4.23780 4.24133 3.78719 3.69634 3.69634 3.69634 3.82507 3.80249 3.69276 3.70389 3.71503 3.66806 3.17485
4.86606 4.87206 5.01668 5.08342 5.07137 5.07176 5.23745 5.36363 5.53981 5.60275 5.71733 5.71899 5.72065 5.05906 4.73729 4.73895 4.74061 4.75345 4.98854 4.99410 4.99577 4.99678 4.97108 5.01152 4.90894 4.80488 4.81778 4.82455 4.73494 4.38923 4.24236 4.12691 4.11696 4.11696 4.10249 4.12280 4.53618 4.74675 4.80702 4.86178 4.87163 4.87163 4.82645 4.24690 4.08215 4.01401 4.21406 4.24133 4.24133 4.24133 4.24133 4.24133 4.24133 4.24133 4.24133 3.92433 3.69673 3.71160 3.73377 3.83658 3.93673 3.72909 3.72629 3.72629 3.72620 3.23985
4.86450 4.78172 4.88973 5.06741 5.07246 5.07445 5.23418 5.29643 5.57430 5.59131 5.74488 5.74661 5.74661 5.37707 4.75994 4.73640 4.68969 4.64038 4.80639 4.81324 4.76321 4.71143 4.69314 4.81757 4.79058 4.67557 4.56053 4.45170 4.42582 4.19413 4.11696 4.10446 4.07000 4.03512 4.00025 4.24722 4.61538 4.87163 4.87163 4.87163 4.87163 4.87163 4.87163 4.32409 4.14316 4.01401 4.16691 4.24133 4.24133 4.24133 4.24133 4.24133 4.24133 4.25208 4.27427 4.11643 3.77322 3.78050 3.78050 3.81301 3.96021 3.78361 3.72629 3.72629 3.74407 3.43432
4.97394 4.86124 4.85371 5.07964 5.07964 5.07964 5.19584 5.27107 5.50803 5.57892 5.67576 5.67185 5.64690 5.51937 4.43932 4.39492 4.39492 4.39492 4.56592 4.69314 4.66250 4.55167 4.43671 4.41285 4.42207 4.40090 4.37758 4.34057 4.28932 4.14347 3.99522 3.97288 3.97248 3.97248 3.97248 4.11425 4.50950 4.87163 4.87163 4.87163 4.87163 4.87163 4.87163 4.43984 4.21258 4.01971 4.12924 4.25460 4.25840 4.26899 4.29444 4.32040 4.34642 4.36160 4.36547 4.30803 3.84630 3.83192 3.83570 3.84310 4.03844 3.99088 3.89745 3.93327 3.95089 3.76001
4.98593 4.89700 4.79906 5.07964 5.07964 5.07964 5.15704 5.27107 5.41183 5.57892 5.57892 5.57892 5.57892 5.57892 4.65600 4.39492 4.38428 4.28792 4.27550 4.33997 4.23225 4.20477 4.18117 4.19814 4.25123 4.22114 4.19324 4.17907 4.17907 4.13651 3.97248 3.97248 3.97248 3.97248 3.97248 4.01146 4.38496 4.85946 4.87163 4.87163 4.87163 4.87163 4.87163 4.62834 4.37200 4.15638 4.20354 4.39437 4.41649 4.43191 4.43244 4.43244 4.43819 4.45188 4.46067 4.45802 4.03907 3.99369 4.02862 4.05975 4.16824 4.19787 4.02771 4.03499 4.04390 3.94737
4.98986 4.93842 4.77431 5.04520 5.07964 5.07964 5.12179 5.27107 5.30450 5.57623 5.57892 5.57892 5.57794 5.47533 4.74870 4.03830 3.91060 3.86869 3.87976 4.11461 4.08673 4.05882 4.03118 4.04520 4.17907 4.17907 4.17907 4.17907 4.17907 4.17545 3.98493 3.97248 3.97248 3.97248 3.97248 3.97252 4.27600 4.76845 4.88665 4.90724 4.92783 4.95076 4.99815 4.91130 4.55934 4.41728 4.33745 4.55429 4.55786 4.55987 4.56180 4.56691 4.56963 4.56538 4.56652 4.55534 4.24665 4.12325 4.15896 4.19499 4.24621 4.26793 4.10896 4.07159 4.07159 4.05533
4.98986 4.95769 4.80272 4.97741 5.07964 5.07964 5.08969 5.26570 5.17389 5.28716 5.14405 4.92704 4.71105 4.59682 4.50030 3.81265 3.78448 3.75656 3.72978 3.98788 4.02078 4.02078 4.02078 4.02169 4.16930 4.18109 4.18387 4.18663 4.18938 4.19214 4.06271 3.99572 3.99916 4.00262 4.00608 4.00952 4.18302 4.84366 5.18854 5.19902 5.14780 5.19835 5.16893 5.11578 4.63398 4.52431 4.35223 4.51995 4.55631 4.56222 4.56852 4.59436 4.63039 4.66619 4.70213 4.73124 4.55032 4.31830 4.31644 4.31644 4.31151 4.27214 4.17250 4.06873 4.06679 4.06482
5.13147 5.11668 4.96671 4.97013 5.04550 4.94974 4.85386 4.63251 4.57240 4.58302 4.58126 4.46300 4.32048 4.16949 4.03627 3.75695 3.67698 3.66597 3.65498 3.90434 4.04480 4.04755 4.05031 4.05309 4.17178 4.21487 4.21487 4.21487 4.21487 4.21487 4.14061 4.01722 4.00162 3.94757 3.90820 3.89016 3.92392 4.38183 4.73334 4.66843 4.65485 4.95476 4.96754 4.96241 4.59962 4.52443 4.34597 4.53997 4.67490 4.70885 4.74249 4.75358 4.75161 4.74964 4.74770 4.74531 4.60652 4.29158 4.26908 4.26715 4.26516 4.22585 4.18244 4.00798 3.96521 3.91945
4.84840 4.74243 4.56843 4.52092 4.68791 4.67687 4.65089 4.38932 4.11652 3.94763 3.93922 3.90685 3.89804 3.89729 3.89756 3.76533 3.59633 3.59938 3.60243 3.80832 4.07463 4.07768 4.08072 4.08377 4.08554 4.05740 4.00868 3.92963 3.87715 3.82733 3.74995 3.50678 3.49831 3.51260 3.51683 3.50441 3.49758 3.81565 4.41194 4.43545 4.47688 4.72989 4.85442 4.87320 4.66002 4.53600 4.41682 4.53259 4.73288 4.73288 4.73288 4.73288 4.73288 4.73288 4.73288 4.73288 4.68244 4.30663 4.26214 4.25503 4.19480 4.09816 4.00798 3.85655 3.83832 3.83832
4.66169 4.64944 4.62407 4.53555 4.35381 4.21657 4.09373 3.94288 3.75494 3.75874 3.91235 3.94953 3.95258 3.95562 3.95840 3.92121 3.65207 3.65207 3.65207 3.74942 4.11818 4.11818 4.11818 4.11818 4.05626 3.91971 3.81950 3.67711 3.70055 3.72402 3.74311 3.52717 3.49311 3.51159 3.56800 3.61755 3.66401 3.88689 4.54286 4.61371 4.61376 4.73565 4.89642 4.89642 4.74288 4.53600 4.45840 4.45965 4.73288 4.73288 4.73288 4.73288 4.73288 4.73288 4.73288 4.73072 4.66460 4.25909 4.06685 4.00280 3.99193 3.97831 3.94758 3.88782 3.83832 3.83832
4.45742 4.45536 4.21524 4.18986 4.18986 4.18986 4.18986 4.17750 3.95349 3.95155 3.95155 3.99750 3.99647 3.70670 3.23465 3.21127 2.94375 2.96639 2.99352 3.02045 3.03370 3.04649 3.06040 3.07432 3.08825 3.10039 2.91079 2.89435 2.83056 2.71316 2.71316 2.72467 2.77760 2.93393 3.06504 3.08035 3.08035 2.99800 2.75991 2.75886 2.75006 2.73968 2.72932 2.91132 3.17494 3.16858 3.16623 3.11340 3.02847 3.00819 3.13869 3.44755 3.44755 3.44755 3.44755 3.53359 3.54720 3.54240 3.46926 3.43278 3.42799 3.42318 3.41837 3.92737 4.02986 4.02504
