High_resolution/powerplant/Shangrao/OMI_NO2_200708.asc
ncols      200
nrows      200
xllcorner       115.451
yllcorner       27.0350
cellsize     0.0166667
NODATA_Value      -999.000
[rows 0 to 28 of 200, columns 67 to 133 of 200]
2.14622 2.14200 2.13798 2.23054 2.56469 2.95227 3.06006 3.48277 3.48283 3.48283 3.48315 3.51065 3.55323 3.59323 3.63093 3.67058 3.70951 3.74332 3.76718 3.67181 3.66804 3.28886 3.23036 3.38439 3.59140 3.62957 3.63021 3.63021 3.63021 3.63021 3.63021 3.63021 3.63021 3.63021 3.58285 3.54417 3.75148 3.99308 3.99308 3.95765 4.07427 5.05799 5.22301 0.00000 0.00000 0.00000 0.00000 0.00000 0.00000 0.00000 0.00000 0.00000 0.00000 0.00000 0.00000 3.60376 3.60376 3.60376 3.60376 3.60376 3.60376 0.00000 0.00000 0.00000 0.00000 0.00000 0.00000
2.12458 2.12458 2.12458 2.17420 2.74156 3.21773 3.23246 3.60363 3.68999 3.72234 3.75311 3.76724 3.77035 3.77321 3.77585 3.77714 3.78156 3.79663 3.81116 3.75266 3.74339 3.55063 3.31725 3.40438 3.62580 3.63021 3.63021 3.63021 3.63021 3.63021 3.63021 3.63021 3.63021 3.63021 3.60390 3.54417 3.64647 3.99308 3.99308 3.97131 3.95387 4.80570 5.22301 4.74810 4.74810 4.74810 4.74810 4.74810 4.74810 4.74810 4.74810 3.60376 3.60376 3.60376 3.60376 3.60376 3.60376 3.60376 3.60376 3.60376 3.60376 3.60376 0.00000 0.00000 0.00000 0.00000 0.00000
2.78273 2.90566 3.02315 3.11283 3.54170 3.80700 3.59792 3.63830 3.77157 3.77434 3.77670 3.77733 3.78764 3.80279 3.81690 3.83008 3.83914 3.83956 3.83956 3.79354 3.74690 3.65146 3.34106 3.35030 3.59765 3.63021 3.63021 3.63021 3.63021 3.63021 3.63021 3.63021 3.63021 3.63021 3.62262 3.56464 3.60676 4.03812 4.06844 4.07906 4.07197 4.46828 4.77531 4.33913 4.35832 4.74810 4.69506 4.51901 4.38584 4.28658 4.01432 3.60376 3.60376 3.60376 3.60376 3.60316 3.59339 3.58735 3.60376 3.60376 3.60376 3.60376 0.00000 0.00000 0.00000 0.00000 0.00000
3.11166 3.11166 3.11860 3.15644 3.43850 3.73591 3.76863 3.59060 3.79406 3.80878 3.82248 3.83516 3.83956 3.83956 3.83956 3.83956 3.83956 3.83956 3.83956 3.81686 3.74690 3.72999 3.38225 3.32727 3.50735 3.58653 3.57632 3.55642 3.53289 3.50963 3.48688 3.46448 3.44242 3.41191 3.36339 3.50124 3.51103 3.73208 3.80831 3.80260 3.71799 3.71848 3.97989 3.63671 3.64621 4.16769 4.09910 4.07317 4.05127 4.03085 3.93019 3.53760 3.53277 3.52839 3.52439 3.52088 3.52002 3.52392 3.60351 3.60376 3.60376 3.60376 0.00000 0.00000 0.00000 0.00000 0.00000
3.11166 3.11012 3.11410 3.21027 3.35097 3.71075 3.90855 3.59058 3.81717 3.81420 3.81113 3.80817 3.80514 3.80213 3.79915 3.79610 3.79314 3.79009 3.78655 3.76578 3.66739 3.67019 3.41054 3.25204 3.23278 3.27939 3.23954 3.20865 3.18139 3.15414 3.12695 3.10196 3.07388 3.03810 3.01984 3.14060 3.21225 3.27819 3.26950 3.11361 3.04424 2.97322 3.24888 3.41512 3.56380 3.87634 3.92938 3.92938 3.92938 3.92938 3.91938 3.53572 3.52002 3.52002 3.52002 3.52002 3.52002 3.52002 3.58312 3.60376 3.60376 3.60376 3.60376 0.00000 0.00000 0.00000 0.00000
3.02668 3.03400 3.04324 3.13544 3.19127 3.65131 3.85795 3.52384 3.72991 3.75144 3.75144 3.74149 3.71825 3.69467 3.67104 3.64745 3.62383 3.60023 3.57717 3.56875 3.54530 3.53184 3.43873 3.12951 3.04057 2.93949 2.91338 2.89154 2.86995 2.83901 2.79192 2.74330 2.70187 2.67192 2.57039 2.54902 2.59861 2.57706 2.71643 2.71643 2.84265 2.95973 3.17087 3.33082 3.56380 3.78562 3.92938 3.92938 3.92938 3.92938 3.92938 3.64969 3.52002 3.52002 3.52002 3.52002 3.52002 3.52002 3.55866 3.60376 3.60376 3.60376 3.60376 0.00000 0.00000 0.00000 0.00000
3.04847 3.04898 3.05353 3.10839 3.15489 3.51415 3.74912 3.57272 3.55536 3.60146 3.57680 3.55592 3.54728 3.53905 3.53079 3.52260 3.51434 3.50611 3.49785 3.48963 3.46712 3.44815 3.41220 2.99401 2.83169 2.78310 2.73914 2.71748 2.65575 2.55693 2.46855 2.38196 2.30310 2.29177 2.29347 2.31748 2.52970 2.53698 2.71203 2.71643 2.78652 2.95973 3.09488 3.27982 3.53044 3.70579 3.92938 3.92938 3.92938 3.92938 3.92938 3.75851 3.52002 3.52002 3.52002 3.52002 3.52002 3.52002 3.54119 3.60376 3.60376 3.60376 3.60376 0.00000 0.00000 0.00000 0.00000
2.99877 2.98725 2.97217 2.97918 3.08958 3.31966 3.62180 3.56634 3.37998 3.48544 3.47825 3.47725 3.47725 3.47725 3.46654 3.41271 3.35445 3.29605 3.23414 3.16995 3.09876 3.00651 3.02723 2.98689 2.75734 2.59610 2.42095 2.33441 2.28864 2.28860 2.28860 2.28860 2.28860 2.29023 2.29347 2.29347 2.49505 2.52993 2.66875 2.71643 2.73214 2.95795 3.02624 3.27931 3.44651 3.63518 3.92938 3.92938 3.92938 3.92938 3.92938 3.84795 3.52002 3.52002 3.52002 3.52002 3.52002 3.52002 3.51751 3.29183 2.91148 2.53042 2.15308 0.00000 0.00000 0.00000 0.00000
2.99872 2.99922 2.99922 2.99922 3.10155 3.21134 3.59714 3.64700 3.21028 3.31464 3.25633 3.19806 3.13975 3.08065 3.02776 3.01736 3.01143 3.00103 2.97513 2.95146 2.92955 2.89033 2.93152 3.00723 2.76362 2.57166 2.28860 2.28860 2.28860 2.28860 2.28860 2.28860 2.28860 2.28890 2.29337 2.29347 2.43591 2.52993 2.62026 2.71643 2.71643 2.91751 2.96944 3.27088 3.36216 3.57609 3.92264 3.90965 3.87418 3.83550 3.79332 3.73059 3.52002 3.52002 3.42265 3.23212 3.04186 2.85168 2.66766 1.90975 1.81724 1.81724 1.81724 1.81724 0.00000 0.00000 0.00000
2.99300 2.98768 2.98236 2.97703 3.04189 3.09544 3.51420 3.65890 2.92041 3.01772 3.02085 3.01492 3.00899 3.00058 2.97726 2.95399 2.93260 2.91606 2.91560 2.91645 2.91646 2.89775 2.90293 3.03787 2.81593 2.68962 2.29436 2.28860 2.28860 2.28860 2.28860 2.28860 2.28860 2.28860 2.29205 2.29347 2.37741 2.52993 2.57025 2.66698 2.61497 2.71645 2.77169 2.94337 2.97222 3.23487 3.45494 3.52002 3.52002 3.47277 3.29063 3.10037 2.91001 2.71966 2.62676 2.62676 2.62676 2.62676 2.62676 2.17150 1.81724 1.81724 1.81724 1.81724 0.00000 0.00000 0.00000
2.95973 2.95973 2.95973 2.95973 2.99121 3.08067 3.37289 3.61178 3.11241 2.94892 2.98514 2.95656 2.93502 2.91745 2.91612 2.91646 2.91646 2.91646 2.91646 2.91646 2.91646 2.90417 2.89100 3.02231 2.88920 2.73346 2.37753 2.28613 2.27850 2.27081 2.26339 2.25767 2.25202 2.24646 2.23961 2.23121 2.22012 2.03991 1.98084 2.05605 2.05239 2.16828 2.38191 2.44627 2.47865 2.65103 2.88087 2.96852 2.75268 2.53859 2.45869 2.38649 2.31464 2.24278 2.17084 2.09890 2.02705 1.95519 1.88317 1.81705 1.81724 1.81724 1.81724 1.81724 0.00000 0.00000 0.00000
2.95973 2.95973 2.95973 2.95973 2.96071 3.05207 3.24079 3.57429 3.33229 2.90591 2.96925 2.92545 2.93051 2.93568 2.94089 2.94615 2.95149 2.95677 2.96224 2.96761 2.97323 2.97248 2.95774 3.02530 2.96048 2.70202 2.37015 2.16610 2.17448 2.18322 2.19181 2.19894 2.20608 2.21342 2.22026 2.22282 2.23247 1.99399 1.94548 2.03292 2.07403 2.12614 2.19528 2.16456 2.13262 1.96988 1.78411 1.80427 1.75773 1.75686 1.75686 1.75686 1.75686 1.75686 1.75686 1.75686 1.75686 1.75686 1.75686 1.76604 1.81724 1.81724 1.81724 1.81724 1.81724 0.00000 0.00000
3.11405 3.12635 3.17231 3.22737 3.28297 3.37335 3.46905 3.81243 3.83884 3.03990 3.19912 3.08265 3.08248 3.08248 3.08240 3.08136 3.08169 3.08307 3.08451 3.08597 3.08749 3.08883 3.08892 3.09210 3.03632 2.76398 2.50699 2.24882 2.25000 2.25126 2.25253 2.25372 2.22902 2.18424 2.14743 2.24770 2.32032 2.18102 2.07261 2.13264 2.16366 2.16355 1.98059 1.96063 1.96063 1.92892 1.67772 1.75686 1.75686 1.75686 1.75686 1.75686 1.75686 1.75686 1.75686 1.75686 1.75686 1.75686 1.75686 1.75839 1.81565 1.81724 1.81724 1.81724 1.81724 0.00000 0.00000
3.35170 3.39558 3.40433 3.40433 3.40433 3.41958 3.45394 3.78261 3.97345 3.12605 3.23829 3.11940 3.09559 3.09733 3.09839 3.09202 3.08159 3.06987 3.05820 3.04653 3.03484 3.02317 3.01001 2.99786 2.96813 2.85540 2.59216 2.33706 2.27748 2.24230 2.20555 2.17247 2.17256 2.19658 2.21084 2.33114 2.48494 2.38878 2.16370 2.16370 2.16370 2.16370 2.02763 1.96063 1.96063 1.96063 1.72331 1.74969 1.75686 1.75686 1.75686 1.75686 1.75686 1.75686 1.75686 1.75686 1.75686 1.75686 1.75686 1.75686 1.79782 1.81724 1.81724 1.81724 1.81724 0.00000 0.00000
3.48749 3.55065 3.61382 3.67702 3.73721 3.78405 3.80014 3.77586 3.90867 3.32933 3.12372 3.08779 3.00572 2.99403 2.98320 2.98096 2.98096 2.98096 2.98487 2.99198 2.99846 2.98784 2.96734 2.94507 2.95662 2.97383 2.68162 2.34549 2.19587 2.20623 2.21660 2.22135 2.22135 2.22135 2.22135 2.25677 2.48494 2.45631 2.16374 2.16370 2.16370 2.16370 2.07483 1.96063 1.96063 1.96063 1.81022 1.72537 1.75686 1.75686 1.75686 1.75686 1.75686 1.75686 1.75686 1.75686 1.75686 1.75686 1.75686 1.75686 1.78154 1.83463 2.03098 2.27448 2.54089 0.00000 0.00000
3.79103 3.77485 3.75872 3.74254 3.72938 3.72812 3.71959 3.67527 3.79412 3.52554 3.01213 3.10720 2.99708 3.00420 3.01132 3.01843 3.02062 3.00448 2.98112 2.95209 2.90374 2.83875 2.75121 2.62997 2.54654 2.54079 2.34858 2.24497 2.22135 2.22135 2.22135 2.22135 2.22135 2.22135 2.22135 2.22135 2.43642 2.48494 2.21793 2.16370 2.16370 2.16370 2.12202 1.96063 1.96063 1.96063 1.89783 1.70428 1.75686 1.75686 1.75686 1.75686 1.75686 1.75686 1.75686 1.75686 1.75714 1.82688 1.94869 2.07039 2.29838 2.91422 2.96148 2.96148 2.96148 2.96148 0.00000
3.72812 3.72812 3.72584 3.64549 3.52700 3.40824 3.31690 3.23109 3.16038 3.20412 3.01405 3.19109 3.04252 2.99704 2.96937 2.93931 2.89938 2.83813 2.72954 2.61012 2.50846 2.44375 2.41133 2.40919 2.40919 2.46766 2.38591 2.25184 2.22371 2.22135 2.22135 2.22135 2.22135 2.22135 2.22135 2.22135 2.34689 2.48494 2.30809 2.16370 2.16370 2.16370 2.16023 1.96960 1.96063 1.96063 1.95859 1.71659 1.75686 1.75686 1.75686 1.75686 1.79319 1.91184 2.03365 2.15540 2.27692 2.32898 2.32898 2.32898 2.37100 2.96148 2.96148 2.96148 2.96148 2.96148 0.00000
3.12228 3.00361 2.88740 2.84908 2.84908 2.84908 2.86474 2.97971 2.91148 3.10842 2.90849 3.08754 2.96859 2.82603 2.70738 2.58795 2.48262 2.42225 2.41138 2.41138 2.41138 2.41138 2.41138 2.40968 2.40909 2.45517 2.43264 2.25384 2.23256 2.22135 2.22135 2.22135 2.22135 2.22442 2.21779 2.19378 2.21850 2.43219 2.34512 2.25380 2.27011 2.28722 2.30502 2.13796 2.08651 2.10087 2.11585 1.90242 1.87500 1.99675 2.11861 2.24036 2.32358 2.29483 2.25373 2.21262 2.17147 2.13032 2.08922 2.04812 2.00710 2.75620 2.96148 2.96148 2.96148 2.96148 0.00000
2.84680 2.84908 2.84908 2.84645 2.83824 2.83050 2.82339 2.84524 2.77911 2.95308 2.79511 2.81132 2.69404 2.41217 2.41138 2.41138 2.41138 2.41138 2.41138 2.41138 2.41138 2.41138 2.41138 2.41030 2.40909 2.43734 2.43648 2.33300 2.28907 2.23536 2.20484 2.17113 2.13357 2.08769 2.05828 2.05828 2.05995 2.43790 2.50393 2.50393 2.50238 2.46800 2.42049 2.20010 1.97159 1.88896 1.80639 1.83126 2.00037 1.95927 1.91827 1.87712 1.83811 1.82896 1.82896 1.82896 1.82896 1.82896 1.82896 1.82896 1.82896 2.39807 2.96148 2.96148 2.96148 2.96148 2.96148
2.79489 2.82842 2.82147 2.81690 2.81761 2.82301 2.82905 2.85104 2.82034 2.69988 2.69339 2.63269 2.72077 2.43966 2.41138 2.41138 2.41138 2.41138 2.40159 2.37354 2.34506 2.31659 2.28810 2.25646 2.20605 2.17122 2.13548 2.10971 2.10661 2.05567 2.02719 1.99557 1.96390 1.93224 1.90279 1.91776 1.95570 2.07149 2.06997 1.98433 1.89692 1.84232 1.80083 1.70625 1.50997 1.50997 1.50997 1.52669 1.82134 1.82896 1.82896 1.82896 1.82896 1.82896 1.82896 1.82896 1.82896 1.82896 1.82896 1.82896 1.82896 2.14914 2.96148 2.96148 2.96148 2.96148 2.96148
2.70195 2.82473 2.83077 2.83680 2.84196 2.84260 2.84260 2.84862 2.85656 2.69969 2.76050 2.56075 2.65000 2.43250 2.29646 2.26798 2.23951 2.21100 2.19207 2.17755 2.15589 2.13410 2.11236 2.08955 1.99955 1.96820 1.88523 1.81828 1.78659 1.72046 1.70365 1.73585 1.79241 1.86087 1.91735 1.90183 1.86035 1.81888 1.78488 1.78157 1.78157 1.78157 1.78157 1.76614 1.51277 1.50997 1.50997 1.50997 1.74424 1.82896 1.82896 1.82896 1.82896 1.82896 1.82896 1.82896 1.82896 1.82896 1.82896 1.82896 1.82896 1.96395 2.96148 2.96148 2.96148 2.96148 2.96148
2.67426 2.84921 2.85294 2.83891 2.80696 2.77513 2.74316 2.71137 2.68332 2.56934 2.56335 2.32877 2.33554 2.23961 2.05841 2.03660 2.01490 1.99316 1.97169 1.96399 1.96399 1.96784 1.99181 2.01870 1.99180 1.99989 1.89397 1.78577 1.84671 1.88365 1.88891 1.87837 1.83693 1.79604 1.78157 1.78157 1.78157 1.78157 1.78157 1.78157 1.78157 1.78157 1.78157 1.78157 1.56000 1.50997 1.50997 1.50997 1.65026 1.82896 1.82896 1.82896 1.82896 1.82896 1.82896 1.82896 1.82896 1.82896 1.82896 1.82896 1.82896 1.84127 2.88193 2.96148 2.93547 2.70528 2.37114
2.50512 2.67531 2.64177 2.62604 2.62815 2.63026 2.63237 2.63448 2.63427 2.60605 2.41574 2.22652 2.15753 2.16052 1.99666 2.01082 2.03767 2.06458 2.09145 2.11834 2.14521 2.16824 2.17114 2.19816 2.24281 2.29643 2.26249 1.98739 1.95498 1.91375 1.78157 1.78157 1.78157 1.78157 1.78157 1.78157 1.78157 1.78157 1.78157 1.78157 1.78157 1.78157 1.78157 1.78157 1.62268 1.50997 1.50997 1.50997 1.55642 1.82896 1.82896 1.82896 1.82896 1.82896 1.82896 1.82896 1.82896 1.82896 1.82896 1.82755 1.74084 1.60418 1.93699 1.96475 1.71743 1.67404 1.67404
2.41068 2.62284 2.63650 2.63650 2.63650 2.63650 2.63182 2.61435 2.59225 2.54085 2.35211 2.22999 2.34537 2.41252 2.25376 2.17114 2.17114 2.17114 2.17114 2.19377 2.24862 2.30125 2.35902 2.38322 2.37095 2.36655 2.32759 1.95444 1.93487 1.93487 1.80522 1.78157 1.78157 1.78157 1.78157 1.78157 1.78157 1.78157 1.78157 1.78157 1.78157 1.78157 1.78157 1.78158 1.68537 1.50997 1.50997 1.50997 1.50997 1.78159 1.82896 1.82896 1.82896 1.82896 1.82896 1.77933 1.64415 1.50736 1.37057 1.23526 1.18525 1.18525 1.36116 1.67404 1.67404 1.67404 1.67238
2.37630 2.52203 2.56722 2.54591 2.52349 2.49990 2.48174 2.48083 2.47984 2.43236 2.31238 2.15095 2.36103 2.42218 2.33423 2.18982 2.24031 2.29095 2.34779 2.37779 2.36697 2.36559 2.36559 2.36559 2.36561 2.36649 2.36630 2.02398 1.93487 1.93487 1.85097 1.78157 1.78157 1.78157 1.78157 1.78157 1.78209 1.78893 1.79665 1.80339 1.80931 1.81457 1.81927 1.79702 1.74802 1.50997 1.50997 1.50997 1.50997 1.68775 1.80753 1.68406 1.54734 1.41061 1.27382 1.18673 1.18525 1.19779 1.25502 1.31164 1.36217 1.40793 1.47564 1.48976 1.47868 1.46923 1.46053
2.24131 2.36057 2.48083 2.48083 2.48083 2.48083 2.47730 2.46844 2.45864 2.44051 2.38331 2.13325 2.28566 2.34888 2.31919 2.36734 2.36561 2.36559 2.36559 2.36559 2.36559 2.36559 2.36559 2.36559 2.36559 2.36623 2.36655 2.15169 1.93487 1.93487 1.89686 1.79239 1.79967 1.80603 1.81166 1.81666 1.82090 1.82183 1.82183 1.82183 1.82183 1.82183 1.82183 1.80791 1.78154 1.55524 1.46813 1.35114 1.23394 1.22000 1.43688 1.46779 1.51191 1.55603 1.60009 1.64437 1.68848 1.72000 1.67837 1.67008 1.67008 1.67008 1.65101 1.42371 1.42282 1.42282 1.42282
2.24352 2.31472 2.47484 2.46571 2.45561 2.44437 2.43733 2.42222 2.35079 2.28131 2.19363 2.07879 2.16900 2.28800 2.29253 2.33746 2.36559 2.36559 2.36559 2.36559 2.36559 2.36543 2.36155 2.35609 2.35063 2.35305 2.36655 2.25197 1.93563 1.92489 1.92235 1.82860 1.82183 1.82194 1.83284 1.85105 1.86929 1.88749 1.90572 1.92396 1.94218 1.93398 1.84961 1.75129 1.55534 1.38434 1.31109 1.31109 1.31109 1.32018 1.69852 1.72129 1.72129 1.72129 1.72129 1.72129 1.72129 1.72129 1.68908 1.67008 1.67008 1.67008 1.67008 1.46099 1.42282 1.42282 1.42282
2.21849 2.22489 2.43729 2.41142 2.33971 2.27013 2.20829 2.16348 2.15969 2.15969 2.14447 2.08935 2.12352 2.27305 2.29061 2.30774 2.35229 2.34684 2.34138 2.33592 2.33046 2.32517 2.32360 2.32563 2.32989 2.34238 2.38632 2.35504 2.07092 2.05049 2.06647 2.01808 2.00069 2.01879 2.02613 2.02613 2.02255 1.94470 1.83715 1.72966 1.62217 1.54098 1.53618 1.53567 1.37651 1.33495 1.31109 1.31109 1.31109 1.31109 1.58630 1.72129 1.72129 1.72129 1.72129 1.72129 1.72129 1.72129 1.70208 1.67008 1.67008 1.67008 1.67008 1.51734 1.42282 1.42282 1.42282
2.11188 2.06583 2.18087 2.16202 2.16285 2.16746 2.17087 2.16418 2.15518 2.14578 2.13340 2.10838 2.07095 2.26296 2.26579 2.27234 2.33858 2.34496 2.34923 2.35349 2.35777 2.36202 2.36629 2.36853 2.36853 2.36241 2.39361 2.37604 2.18914 2.15239 2.12833 2.09221 1.99041 1.88468 1.77728 1.66969 1.56577 1.53618 1.53618 1.53618 1.53618 1.53618 1.53618 1.53618 1.43460 1.34464 1.31109 1.31109 1.31109 1.31109 1.46505 1.72129 1.72129 1.72129 1.72129 1.72129 1.72129 1.72129 1.71722 1.67054 1.67008 1.67008 1.67008 1.57369 1.42282 1.42282 1.42300
