High_resolution/powerplant/Shangrao/OMI_NO2_200907.asc
ncols      200
nrows      200
xllcorner       115.451
yllcorner       27.0350
cellsize     0.0166667
NODATA_Value      -999.000
[rows 116 to 144 of 200, columns 132 to 197 of 200]
1.22404 0.980870 0.980870 0.980870 0.980870 0.723088 0.529060 0.529060 0.535951 0.577981 0.624931 0.671807 0.718731 0.762758 0.772572 0.679957 0.637502 0.637502 0.637502 0.637502 0.972490 1.10515 1.10515 1.10515 1.11561 1.15542 1.19694 1.23854 1.26756 1.25124 1.24007 1.32257 1.37775 1.36558 1.35089 1.34265 1.34265 1.34265 1.30937 0.913829 0.907309 0.907309 0.907309 0.907309 0.907309 0.907309 0.907309 0.499016 0.405230 0.405230 0.405230 0.361530 0.133933 0.133933 0.133933 0.178178 0.426061 0.689712 0.963498 1.21616 1.26601 1.26601 1.26601 1.26601 1.26601 1.26601
1.30686 1.01309 0.980870 0.993411 1.03868 0.966709 0.680719 0.727644 0.767653 0.772572 0.772572 0.772572 0.772572 0.772572 0.772572 0.717182 0.637502 0.637502 0.637502 0.637502 0.846040 1.15270 1.19424 1.23575 1.26690 1.26836 1.25633 1.23554 1.21098 1.16821 1.11519 1.18948 1.34265 1.34265 1.34265 1.34265 1.34265 1.34265 1.34265 0.988921 0.907309 0.907309 0.907309 0.904620 0.853755 0.785089 0.716424 0.523346 0.405230 0.405230 0.405230 0.418745 0.462556 0.747649 1.02181 1.25161 1.27722 1.26888 1.26601 1.26601 1.26601 1.27945 1.38236 1.50179 1.62134 1.74078
1.37680 1.25127 1.18834 1.22270 1.22438 1.21562 0.801488 0.772572 0.772572 0.772572 0.772572 0.772572 0.772572 0.772572 0.772572 0.754419 0.644450 0.682292 0.723862 0.765415 0.863231 1.26362 1.24471 1.22186 1.19464 1.16224 1.14936 1.14936 1.14936 1.14588 1.11197 1.12880 1.34050 1.34265 1.34265 1.34265 1.34265 1.34265 1.31004 0.991678 0.749677 0.681087 0.612346 0.546407 0.528569 0.528569 0.528569 0.510377 0.473186 0.526533 0.579772 0.619507 0.989042 1.27722 1.27722 1.27722 1.28377 1.38026 1.48638 1.60575 1.72519 1.83130 1.84776 1.84776 1.84776 1.84776
1.48690 1.41216 1.22438 1.22438 1.22438 1.22438 0.931745 0.772572 0.772572 0.772572 0.772572 0.772572 0.778032 0.814632 0.856185 0.897772 0.816874 0.821679 0.851404 0.881156 0.910894 1.10501 1.14936 1.14936 1.14936 1.14936 1.14936 1.14936 1.14936 1.14936 1.11991 1.11169 1.28974 1.25937 1.15620 1.05331 0.950145 0.847374 0.776701 0.716984 0.528569 0.528569 0.528569 0.541063 0.576080 0.611659 0.647109 0.669559 0.622490 0.621649 0.621649 0.621708 0.838083 1.51908 1.73363 2.02063 2.40079 2.32076 1.84776 1.84776 1.84776 1.84776 1.84776 1.84776 1.84776 1.84776
1.48250 1.48038 1.23411 1.22438 1.22438 1.22438 1.07077 0.772572 0.776708 0.811951 0.853456 0.894993 0.937101 0.969764 0.999515 1.02925 0.979584 0.932964 0.932964 0.932964 0.932964 1.03229 1.14936 1.14936 1.14936 1.14936 1.14936 1.14972 1.15122 1.15279 1.13637 1.11826 0.945662 0.774542 0.774542 0.774542 0.774542 0.774542 0.774542 0.795745 0.600637 0.613838 0.649331 0.672387 0.672848 0.672848 0.672848 0.686407 0.719213 0.806496 0.931023 1.10331 1.23265 2.43822 2.51782 2.51782 2.51782 2.51554 1.88740 1.84776 1.84776 1.84776 1.84776 1.84776 1.84776 1.84776
1.44452 1.48880 1.30229 1.22438 1.22319 1.20560 1.15895 0.897176 0.946694 0.982792 1.01254 1.04228 1.06604 1.06803 1.06803 1.06803 1.02639 0.932964 0.932964 0.932964 0.932964 0.975838 1.15021 1.15179 1.15336 1.15493 1.15651 1.15771 1.15779 1.15779 1.15122 1.12012 1.03368 0.774542 0.774542 0.799214 0.852453 0.905736 0.958975 0.990702 0.772031 0.672848 0.678411 0.720933 0.777080 0.843299 0.922485 0.988250 1.06656 1.20668 1.20668 1.20668 1.20668 2.07019 2.51782 2.51782 2.51782 2.51782 2.01132 1.84776 1.84776 1.84776 1.84776 1.84776 1.84776 1.84776
1.40790 1.48405 1.34245 1.16757 1.17212 1.19662 1.22636 1.11036 1.06803 1.06803 1.06803 1.06803 1.06803 1.06803 1.06803 1.06803 1.06072 0.936463 0.934959 0.936008 0.937056 0.942111 1.14288 1.15779 1.15779 1.15779 1.15779 1.15779 1.15779 1.15779 1.15776 1.15002 1.19297 0.924528 0.962351 0.990919 0.990962 0.990962 0.990962 0.990962 0.927654 0.899380 0.978343 0.990962 0.990962 0.990962 0.990962 0.990962 1.02172 1.20668 1.20668 1.20668 1.20668 1.67590 2.51782 2.51782 2.51782 2.51782 2.18881 1.84776 1.84776 1.84776 1.81036 1.61585 1.40414 1.19234
1.35270 1.52861 1.52438 1.26553 1.26884 1.26884 1.26884 1.18473 1.06803 1.06803 1.06803 1.06767 1.06560 1.06333 1.06106 1.05879 1.05668 0.967106 0.938586 0.938586 0.938586 0.938586 1.06981 1.15779 1.15779 1.15779 1.15779 1.15058 1.13474 1.11884 1.10299 1.23203 1.33654 1.09173 0.990962 0.990962 0.990962 0.990962 0.990962 0.990962 0.990962 0.990962 0.990962 0.990962 0.990962 0.990962 0.990962 0.990962 0.993637 1.18838 1.20668 1.20668 1.20668 1.30029 2.49894 2.51782 2.51782 2.51782 2.32041 1.58019 1.36497 1.15317 0.978860 0.961579 0.961579 0.961579
1.40660 1.60707 1.65007 1.31518 1.26884 1.26884 1.26819 1.24293 1.06348 1.06064 1.05837 1.05647 1.05626 1.05626 1.05626 1.05626 1.05626 0.999253 0.938586 0.938586 0.938586 0.938586 1.00629 1.15150 1.13569 1.11986 1.10397 1.09531 1.09529 1.09529 1.09529 1.15884 1.33654 1.18534 0.990962 0.990962 0.990962 0.990962 0.990962 0.990962 0.990962 0.990962 0.990962 0.990962 0.990962 0.990962 0.989563 0.953591 0.902961 1.04133 1.20668 1.20668 1.20668 1.20668 2.01979 1.89749 1.47390 1.05048 0.755735 0.932205 0.961579 0.961579 0.961579 0.961579 0.958488 0.936129
1.40545 1.54819 1.63766 1.40225 1.26103 1.25876 1.25713 1.25706 1.09534 1.05626 1.05626 1.05626 1.05626 1.05626 1.05626 1.05626 1.05626 1.03143 0.938586 0.934953 0.924527 0.913944 0.919195 1.09482 1.09529 1.09529 1.09529 1.09529 1.09529 1.09529 1.09529 1.10024 1.32189 1.27893 0.990962 0.990962 0.990962 0.990962 0.990962 0.990962 0.990962 0.976864 0.927633 0.877003 0.826178 0.775437 0.726122 0.711240 0.711240 0.852244 1.14594 1.02736 0.908977 0.790349 0.734904 0.745455 0.745455 0.745455 0.745455 0.882218 0.939851 0.909493 0.870294 0.817646 0.755256 0.745455
1.53150 1.57203 1.62151 1.51097 1.25706 1.25706 1.25706 1.25706 1.15691 1.05626 1.05626 1.05626 1.05626 1.05626 1.05626 1.05315 1.04286 1.03109 0.912594 0.897783 0.908250 0.922003 0.935750 1.06031 1.09529 1.09529 1.09529 1.09529 1.09529 1.09529 1.09529 1.09529 1.25367 1.33592 1.02759 0.989312 0.952556 0.901703 0.851101 0.800248 0.749506 0.712891 0.711240 0.711240 0.711240 0.711096 0.677388 0.618194 0.558904 0.526993 0.725818 0.725818 0.725818 0.725818 0.728614 0.716606 0.682068 0.656920 0.637790 0.637814 0.745455 0.745455 0.745455 0.745455 0.745455 0.745455
1.54788 1.55386 1.61685 1.62571 1.27314 1.25706 1.25706 1.25706 1.21851 1.05626 1.05626 1.05363 1.04351 1.03293 1.02234 1.01896 1.03207 1.04581 0.981450 0.954928 0.958072 0.958072 0.958072 1.01745 1.09529 1.09529 1.09529 1.09529 1.09529 1.09529 1.08778 1.05055 1.10849 1.28236 0.903562 0.725199 0.711240 0.711240 0.711240 0.711240 0.711240 0.710736 0.673974 0.614756 0.555418 0.496417 0.470811 0.470811 0.470811 0.471220 0.669181 0.674872 0.649786 0.630919 0.616283 0.619869 0.621253 0.621253 0.621253 0.621570 0.724506 0.745455 0.745455 0.745455 0.745455 0.745455
1.54788 1.54788 1.60221 1.63210 1.35275 1.25706 1.25706 1.25407 1.23812 1.05513 1.02333 1.02491 1.03819 1.05195 1.06569 1.07538 1.07574 1.07574 1.02979 0.958072 0.958072 0.958072 0.958072 0.982466 1.09529 1.07685 1.03455 0.981861 0.914607 0.825673 0.732403 0.724182 0.756365 1.19838 0.948536 0.711240 0.711240 0.710183 0.670560 0.611246 0.552076 0.493267 0.470811 0.470811 0.470811 0.471286 0.473523 0.475558 0.477269 0.478727 0.551134 0.611434 0.611434 0.611434 0.611434 0.616960 0.621253 0.621253 0.621253 0.621253 0.678394 0.745455 0.745455 0.745455 0.745455 0.745455
1.54788 1.54437 1.56421 1.60529 1.43765 1.22459 1.21076 1.20982 1.22220 1.13304 1.07152 1.07574 1.07574 1.07574 1.07574 1.07574 1.07574 1.07574 1.06192 0.956096 0.929282 0.891433 0.847920 0.798132 0.781294 0.724182 0.724182 0.724182 0.724182 0.724182 0.724182 0.724182 0.724182 1.08063 1.04680 0.608952 0.548614 0.490358 0.470811 0.470811 0.470811 0.470811 0.472146 0.476841 0.478362 0.479454 0.479557 0.479557 0.479557 0.479557 0.516927 0.611434 0.611434 0.611434 0.611434 0.614039 0.621253 0.621253 0.621253 0.621253 0.647380 0.745455 0.745455 0.745455 0.745455 0.782926
1.44676 1.41650 1.39351 1.40008 1.35827 1.24243 1.25282 1.25360 1.25360 1.20525 1.07574 1.07574 1.07574 1.07574 1.06823 1.02143 0.962188 0.893489 0.812729 0.718853 0.703907 0.703907 0.703907 0.703907 0.714063 0.724182 0.724182 0.724182 0.724182 0.728981 0.893583 1.13737 1.38067 1.21176 0.725818 0.497923 0.470811 0.470811 0.470811 0.470811 0.470811 0.470811 0.471437 0.479415 0.479557 0.479557 0.479557 0.479557 0.479557 0.479557 0.489237 0.611118 0.611434 0.611434 0.611434 0.611661 0.620720 0.621253 0.621253 0.621253 0.626105 0.798501 0.917635 1.03359 1.14949 1.22802
1.28239 1.25544 1.24460 1.29217 1.30306 1.26399 1.25360 1.25360 1.25360 1.23951 1.02279 0.950807 0.880237 0.797091 0.714404 0.703907 0.703907 0.703907 0.703907 0.703907 0.703907 0.703907 0.703907 0.703907 0.708644 0.726486 0.879282 1.12307 1.36627 1.60535 1.68396 1.68396 1.68396 1.54874 0.726010 0.547866 0.470811 0.470811 0.470811 0.470811 0.470811 0.470811 0.470811 0.477898 0.479557 0.479557 0.479557 0.479557 0.479557 0.479898 0.499595 0.596024 0.611434 0.611434 0.611434 0.611434 0.618809 0.659838 0.717813 0.775789 0.833764 1.09908 1.23020 1.23020 1.23020 1.23020
1.24338 1.24338 1.24338 1.27880 1.28778 1.22440 1.14971 1.09448 1.02921 0.973616 0.795085 0.703907 0.703907 0.703907 0.703907 0.703907 0.703907 0.703907 0.703907 0.703907 0.703907 0.704291 0.774258 0.896198 1.03447 1.58884 1.68396 1.68396 1.68396 1.68396 1.68396 1.68396 1.68396 1.68396 0.880481 0.619456 0.470811 0.470811 0.470811 0.470811 0.470811 0.470811 0.470811 0.475668 0.486498 0.515602 0.546441 0.577246 0.608068 0.638516 0.649657 0.631815 0.609435 0.557400 0.483881 0.410423 0.536602 0.863624 0.863624 0.863624 0.863624 0.985619 1.23020 1.23020 1.23020 1.23020
1.21407 1.19128 1.16577 1.13953 1.08408 1.02949 0.970698 0.970698 0.970698 0.970698 0.876905 0.703907 0.703907 0.703907 0.703907 0.703907 0.703907 0.703907 0.767108 0.889048 1.01060 1.13221 1.19061 1.24656 1.32855 1.63796 1.68396 1.68396 1.68396 1.68396 1.68396 1.68396 1.68396 1.68396 1.16978 0.711011 0.475816 0.470811 0.471627 0.502756 0.548989 0.595145 0.641379 0.672723 0.647973 0.649657 0.649657 0.649657 0.647549 0.610651 0.561718 0.489122 0.334518 0.313065 0.313065 0.313065 0.359663 0.859574 0.894097 0.945623 1.01252 1.12712 1.23020 1.23020 1.23020 1.23020
1.11869 1.11869 1.11869 1.11869 1.10162 1.04443 0.977400 0.970698 0.970698 0.970698 0.953612 0.709002 0.703907 0.703907 0.760006 0.881897 1.00345 1.12539 1.20885 1.27914 1.37161 1.49803 1.65520 1.68396 1.68396 1.68396 1.68396 1.68396 1.68396 1.68396 1.68396 1.68396 1.68396 1.68396 1.45915 0.725818 0.632141 0.665414 0.710830 0.725961 0.725961 0.725961 0.725961 0.725812 0.652663 0.607707 0.558754 0.509722 0.462898 0.450744 0.450744 0.446115 0.317296 0.304021 0.279920 0.248857 0.207423 0.954904 1.23020 1.23020 1.23020 1.23020 1.23020 1.23020 1.23020 1.23020
1.11869 1.11869 1.11869 1.11869 1.11559 1.04632 0.998506 0.970698 0.970698 0.970698 0.965470 0.890656 0.996234 1.12126 1.23671 1.31579 1.42079 1.56802 1.68326 1.68396 1.68396 1.68396 1.68396 1.68396 1.68396 1.68396 1.68396 1.68396 1.68396 1.68396 1.68396 1.68396 1.68396 1.68396 1.67294 0.801504 0.725906 0.725961 0.725961 0.725961 0.719635 0.658589 0.585250 0.511612 0.455336 0.450744 0.450744 0.450744 0.450028 0.446626 0.442421 0.437449 0.266836 0.129226 0.129079 0.129079 0.129079 0.655088 1.23020 1.23020 1.23020 1.23020 1.23020 1.23020 1.23020 1.23020
1.11869 1.11869 1.11869 1.11869 1.11601 1.05948 1.01670 0.954004 0.940129 0.934901 0.957142 1.15328 1.47786 1.63832 1.68396 1.68396 1.68396 1.68396 1.68396 1.68396 1.68396 1.68396 1.68396 1.68396 1.68396 1.68396 1.68396 1.68396 1.68396 1.68396 1.68396 1.68396 1.68396 1.68396 1.68396 1.07991 0.711773 0.654173 0.580774 0.507226 0.440123 0.427591 0.427591 0.431710 0.470299 0.443686 0.438952 0.433294 0.428023 0.427591 0.427591 0.427591 0.330723 0.129079 0.129079 0.129079 0.129079 0.326030 1.23020 1.23020 1.23020 1.23020 1.23020 1.23020 1.23020 1.23020
1.07035 1.04644 1.02124 0.989060 0.958691 0.979195 1.02502 1.02057 1.08605 1.14889 1.15140 1.21858 1.68321 1.68396 1.68396 1.68396 1.68396 1.68396 1.68396 1.68396 1.68396 1.68396 1.68396 1.68396 1.68396 1.68396 1.68396 1.68396 1.68396 1.68396 1.68396 1.68396 1.67165 1.56727 1.44387 0.978985 0.151146 0.412441 0.427591 0.457002 0.516169 0.565236 0.606533 0.639832 0.639092 0.434781 0.427591 0.427591 0.427591 0.427591 0.427591 0.427591 0.390546 0.129079 0.129079 0.129079 0.129079 0.130731 1.09652 1.23020 1.23020 1.23020 1.23020 1.23020 1.23020 1.23020
0.957915 0.956947 0.959011 0.970459 0.985680 1.01645 1.15140 1.15140 1.15140 1.15140 1.15140 1.15140 1.58700 1.68396 1.68396 1.68396 1.68396 1.68396 1.68396 1.68396 1.68396 1.68396 1.68396 1.68396 1.68396 1.68396 1.68396 1.68396 1.67472 1.57423 1.45102 1.32752 1.21652 1.19755 1.19442 1.13168 0.440026 0.568679 0.627821 0.646800 0.646873 0.646873 0.646873 0.646873 0.646873 0.501723 0.427591 0.427591 0.427591 0.427591 0.427591 0.427591 0.425396 0.160900 0.129079 0.129079 0.129079 0.129079 0.769049 1.23020 1.23020 1.23020 1.31828 1.67179 1.78498 1.78498
0.989465 0.992054 0.992054 0.992054 0.992054 0.994901 1.14212 1.15140 1.15140 1.15140 1.15140 1.15140 1.42364 1.68396 1.68396 1.68396 1.68396 1.68396 1.68396 1.68396 1.68396 1.68396 1.68396 1.68396 1.67725 1.58128 1.45807 1.33457 1.22056 1.19743 1.18458 1.16856 1.15699 1.14825 1.14222 1.14149 0.754711 0.625600 0.646873 0.646873 0.646873 0.646873 0.646873 0.646873 0.646873 0.567101 0.427591 0.422290 0.393759 0.356520 0.309739 0.249513 0.169437 0.129079 0.129079 0.132861 0.164688 0.202189 0.376264 1.69047 1.78498 1.78498 1.78498 1.78498 1.78498 1.78498
0.992054 0.992054 0.992054 0.992054 0.992054 0.992054 1.08659 1.15140 1.15140 1.15140 1.15140 1.15140 1.26038 1.68396 1.68396 1.68396 1.68396 1.68396 1.68396 1.68396 1.67924 1.58843 1.46503 1.34167 1.22508 1.19755 1.19755 1.16806 1.15159 1.14409 1.14149 1.14149 1.14149 1.14149 1.14149 1.14149 0.916035 0.612771 0.646791 0.646873 0.646873 0.646828 0.643692 0.638157 0.631849 0.586661 0.211028 0.136624 0.129079 0.129079 0.129079 0.134020 0.167067 0.204629 0.245516 0.493493 0.738408 0.902961 1.02592 1.71955 1.77532 1.63871 1.50733 1.46684 1.78498 1.78498
0.992054 0.992054 0.992054 0.992054 0.992054 0.992054 1.04298 1.15140 1.15140 1.15140 1.15140 1.15140 1.15369 1.62730 1.68396 1.68396 1.68104 1.59553 1.47198 1.34882 1.23000 1.19755 1.19755 1.19755 1.19755 1.19755 1.19755 1.16038 1.14149 1.14149 1.14149 1.14149 1.14149 1.14149 1.14149 1.14149 1.07654 0.608112 0.631722 0.628216 0.620303 0.611121 0.607258 0.607258 0.607258 0.606731 0.222921 0.135316 0.169508 0.207023 0.244539 0.277144 0.281582 0.756451 0.992965 1.03327 1.01983 0.998014 0.979847 1.19200 1.29582 1.28265 1.28265 1.28719 1.72954 1.78498
0.992054 0.992054 0.992054 0.992054 0.992054 0.992054 1.01215 1.15140 1.15140 1.15140 1.15140 1.15140 1.15209 1.42815 1.47908 1.35583 1.23530 1.19755 1.19755 1.19755 1.19755 1.19755 1.19755 1.19755 1.19755 1.19755 1.19755 1.17816 1.14149 1.14149 1.14149 1.14149 1.14149 1.14149 1.14149 1.14149 1.14149 0.704591 0.607258 0.607258 0.607258 0.607258 0.607258 0.611116 0.628684 0.647427 0.482566 0.278227 0.281582 0.281582 0.281582 0.310079 0.386373 0.749895 0.968451 0.954734 0.948961 0.948961 0.948961 1.04830 1.28265 1.28265 1.28265 1.28265 1.54033 1.78498
0.992054 0.992054 0.992054 0.992054 0.992054 0.992054 0.993404 1.13530 1.15140 1.18438 1.25297 1.32164 1.38959 1.35257 1.19755 1.19755 1.19755 1.19755 1.19755 1.19755 1.19755 1.19755 1.19755 1.19755 1.19755 1.19755 1.19755 1.19672 1.14399 1.14149 1.14149 1.14149 1.14149 1.14149 1.14149 1.14149 1.14149 0.865898 0.607258 0.611932 0.629866 0.648639 0.667405 0.682297 0.683509 0.683509 0.605333 0.367493 0.428999 0.474611 0.509696 0.530179 0.530954 0.605886 0.948543 0.948961 0.948961 0.948961 0.948961 0.971142 1.27986 1.28265 1.28265 1.28265 1.40698 1.78498
0.992054 0.992767 1.00373 1.02033 1.04051 1.08233 1.17259 1.30155 1.37914 1.41480 1.41480 1.41480 1.41480 1.40835 1.20779 1.19755 1.19755 1.19755 1.19755 1.19755 1.19755 1.19755 1.19755 1.19755 1.19755 1.19755 1.19755 1.19755 1.15399 1.14149 1.14149 1.14149 1.14149 1.14149 1.14149 1.13492 1.10911 0.986977 0.668594 0.682708 0.683509 0.683456 0.662112 0.623655 0.585162 0.546722 0.513910 0.530528 0.530954 0.530954 0.530954 0.530954 0.530954 0.530954 0.893417 0.948961 0.948961 0.948961 0.948961 0.948961 1.18876 1.28068 1.25166 1.21871 1.21052 1.39621
