High_resolution/powerplant/Shangrao/OMI_NO2_200701.asc
ncols      200
nrows      200
xllcorner       115.451
yllcorner       27.0350
cellsize     0.0166667
NODATA_Value      -999.000
[rows 116 to 144 of 200, columns 0 to 66 of 200]
3.53501 3.61085 4.20026 6.05626 6.05556 6.05556 6.06018 6.15562 6.21236 6.37542 6.49914 6.54112 6.58418 7.21595 7.49415 8.22708 8.22703 8.22281 8.21797 8.43406 8.47029 8.47579 9.14953 8.77933 8.66740 8.66740 8.66740 8.66194 7.90051 7.84009 7.84009 7.60504 7.53239 7.53239 7.53239 7.53239 7.53087 7.26901 7.24523 7.24523 7.24523 7.24523 7.00301 6.31151 6.22483 6.18262 6.14042 5.51438 5.18725 5.14874 5.14055 5.18471 5.79103 5.76924 5.74497 5.72748 5.72672 5.72672 5.58827 5.41763 5.36459 5.41405 5.54211 5.71369 5.71846 5.71846 5.70882
3.80636 3.87628 3.94873 6.05500 6.33212 6.38463 6.43285 6.47037 6.45965 6.49307 6.61018 6.60003 6.58929 6.98877 7.23476 8.08981 8.13435 8.13042 8.12707 8.35129 8.49761 8.49761 8.95830 8.95779 8.66740 8.66740 8.66740 8.66740 8.09874 7.84009 7.84009 7.69025 7.53239 7.53239 7.53239 7.53239 7.53081 7.30817 7.17069 7.12846 7.08632 7.04409 6.95561 6.12889 6.01045 6.01045 6.00163 5.63139 5.08452 5.06023 5.03704 5.03111 5.60743 5.70179 5.64879 5.59575 5.54271 5.49008 5.38061 5.21966 5.23956 5.31659 5.44001 5.81773 5.82992 5.84582 5.85486
4.30635 4.31438 4.32210 5.49400 6.15175 6.13124 6.11132 6.11633 6.15020 6.20202 6.54588 6.56965 6.59341 6.86609 7.24055 7.81849 8.09274 8.09274 8.09274 8.25373 8.49761 8.49761 8.75624 9.13479 8.66740 8.66740 8.66740 8.66740 8.30239 7.84009 7.83486 7.72528 7.42928 7.37630 7.32335 7.27033 7.21889 7.11164 6.97418 6.97418 6.97418 6.97505 6.98571 6.32425 5.93993 5.91565 5.90018 5.77129 4.98087 4.92914 4.88018 4.83130 5.17961 5.45413 5.45829 5.46244 5.46660 5.47035 5.46533 5.35648 5.35459 5.36762 5.51074 5.76200 5.85834 5.85834 5.85834
4.35476 4.35476 4.35476 4.93085 6.13197 6.15515 6.17832 6.20756 6.26357 6.26420 6.56706 6.61489 6.61489 6.71224 7.24055 7.58139 8.09274 8.09274 8.09274 8.17236 8.49761 8.49761 8.55906 9.25797 8.70549 8.60646 8.55351 8.50056 8.28626 7.56722 7.51956 7.50852 7.22700 7.20371 7.20371 7.20371 7.20371 7.17555 6.99146 7.00488 7.01830 7.01047 6.91206 6.23491 5.43945 5.23403 5.02809 4.84206 4.77845 4.77530 4.77539 4.77539 4.99343 5.47100 5.47100 5.47100 5.47100 5.47100 5.47100 5.37870 5.35459 5.35459 5.47846 5.64286 5.85861 5.85834 5.85834
4.44006 4.47755 4.51504 4.59968 6.15465 6.21855 6.21855 6.21855 6.25812 6.26420 6.49046 6.61489 6.61489 6.61620 7.18166 7.34473 8.09231 8.09274 8.10382 8.15738 8.60688 8.67139 8.72529 8.95152 8.56253 8.33872 8.33872 8.33872 8.33003 7.56245 7.51141 7.51141 7.30962 7.19452 7.16778 7.14096 7.11342 6.95899 6.50703 6.22953 5.97918 5.74940 5.60060 5.43894 4.80041 4.81591 4.81591 4.81591 4.79242 4.77539 4.77539 4.77539 4.82139 5.46376 5.47100 5.47100 5.47100 5.47100 5.47100 5.40675 5.35459 5.35459 5.43299 5.52163 5.85243 5.90280 5.93969
4.54230 4.54230 4.54230 4.54230 5.76743 6.21855 6.21855 6.21855 6.24595 6.26420 6.41398 6.61489 6.62709 6.66887 7.12539 7.38090 8.14323 8.31953 8.35173 8.35342 8.71070 8.82347 8.82347 8.88733 8.73649 8.33831 8.33649 8.33466 8.33570 7.65072 7.32194 7.28196 6.97993 6.54031 6.32999 6.12011 5.91113 5.82431 5.68203 5.59479 5.59479 5.59479 5.59479 5.59333 4.87663 4.81591 4.81591 4.81591 4.80344 4.77539 4.77539 4.77539 4.77539 5.33048 5.47100 5.47100 5.47100 5.47100 5.47100 5.42495 5.28255 5.21234 5.17666 5.22354 5.57671 5.72185 5.68173
4.54230 4.54230 4.54230 4.54230 5.28461 6.21855 6.19735 6.11420 6.12908 6.40610 6.52248 6.84317 6.87421 6.87557 7.13390 7.50123 7.98312 8.35328 8.35208 8.35052 8.59565 8.81645 8.81467 8.84601 8.93889 8.36251 8.33365 8.18630 8.01693 7.31883 6.52418 6.35737 6.26986 5.82526 5.82431 5.82431 5.82431 5.82431 5.74178 5.59479 5.59479 5.59479 5.59479 5.59479 5.10579 4.81591 4.81591 4.81591 4.81373 4.77614 4.77539 4.77539 4.77544 5.12393 5.35366 5.28349 5.21323 5.14298 5.09566 5.08597 5.03156 5.09134 5.14767 5.02485 5.24939 5.67619 5.67619
4.53371 4.43107 4.32219 4.21330 4.31484 5.77365 5.71519 5.71123 5.77340 6.51870 6.52766 6.84668 6.84554 6.83307 6.93042 7.49321 7.73667 8.34272 8.34249 8.34634 8.55276 8.93072 8.84891 8.76405 8.73376 7.86115 7.47598 7.45678 7.45678 7.21532 6.32305 6.32305 6.32305 5.90926 5.82431 5.82431 5.82431 5.82431 5.80113 5.59520 5.59479 5.59479 5.59479 5.59479 5.33638 4.81591 4.81668 4.82108 4.82595 4.79988 4.79516 4.80003 4.80485 4.86823 5.06060 5.12092 5.18125 5.24160 5.27914 5.27966 5.18280 5.15643 5.08606 4.90412 4.79331 5.62242 5.65453
3.90670 3.90815 3.90755 3.89606 3.88050 5.36905 5.66420 5.65176 5.63932 6.28097 6.43326 6.70401 6.78819 6.80307 6.82100 7.49293 7.66457 8.36754 8.32420 8.26351 8.18788 8.27546 8.26692 8.26692 8.35506 7.95935 7.45678 7.45678 7.45678 7.43775 6.37814 6.32305 6.32305 6.04635 5.82431 5.82431 5.82431 5.82431 5.82431 5.63176 5.59710 5.60197 5.60683 5.61171 5.57677 4.85471 4.84668 4.84715 4.84715 4.85689 4.89659 4.95691 5.01730 5.08118 5.27555 5.27966 5.24542 5.16013 5.07438 4.98886 4.83445 4.71162 4.71074 4.67340 4.58980 5.41139 5.71515
3.89882 3.96658 3.99471 4.03381 4.07691 5.09887 5.91524 5.94977 5.98425 6.45737 6.86692 6.98197 7.09799 7.15679 7.21510 7.73317 7.96261 8.09229 8.13995 8.13995 8.14025 8.25519 8.26692 8.26692 8.32435 8.23081 7.45678 7.45678 7.45678 7.45678 6.63675 6.32305 6.32305 6.18334 5.81757 5.80819 5.79880 5.78942 5.78003 5.68608 5.62602 5.62602 5.62602 5.62602 5.62174 5.08737 4.97097 5.03132 5.09164 5.11350 5.07534 5.00572 4.91989 4.82086 4.86443 4.80197 4.72786 4.70457 4.68171 4.65889 4.70014 4.82616 4.82703 4.81596 4.67711 5.14588 5.75902
4.58928 4.40926 4.40926 4.40926 4.40926 4.82300 6.10887 6.14361 6.20193 6.48330 7.13225 7.19600 7.25597 7.25597 7.25597 7.55443 7.96238 8.04284 8.13995 8.13995 8.13995 8.22413 8.26692 8.26692 8.29371 8.38270 7.57612 7.45587 7.44796 7.43858 6.88660 6.28608 6.27668 6.24916 5.78187 5.76591 5.76591 5.76591 5.76591 5.72110 5.61200 5.58094 5.54983 5.51876 5.49049 5.28833 5.00195 4.91792 4.83394 4.74874 4.50310 4.45215 4.42938 4.41982 4.52079 4.61765 4.61765 4.61765 4.61765 4.61765 4.64109 4.82699 4.82703 4.82703 4.70974 4.79414 5.74334
4.67789 4.40984 4.38706 4.37017 4.35328 4.34776 6.16761 6.35243 6.35243 6.38335 7.14274 7.17642 7.25597 7.25597 7.25597 7.37959 7.96238 7.99349 8.13995 8.13995 8.13995 8.20564 8.34478 8.41966 8.49592 8.36432 7.79835 7.39985 7.39837 7.39837 7.13344 6.26464 6.26464 6.26464 5.90072 5.76373 5.73758 5.69303 5.64534 5.58741 5.39114 5.31191 5.23401 5.15610 5.07970 4.96768 4.60539 4.60539 4.60539 4.60539 4.48044 4.41982 4.41982 4.41982 4.46979 4.61765 4.61765 4.61765 4.61765 4.61765 4.61765 4.80004 4.82703 4.82703 4.75307 4.67803 5.54788
4.69104 4.37669 4.32483 4.32483 4.32483 4.32483 5.67069 6.35243 6.35243 6.35243 6.95812 7.16609 7.24659 7.25597 7.25597 7.26966 7.97139 8.08661 8.30457 8.38307 8.44240 8.54385 8.71616 8.71616 8.71616 8.44041 8.05985 7.39837 7.39484 7.30645 7.15329 6.22500 6.16012 6.11244 5.83336 5.46658 5.38385 5.31938 5.25818 5.19717 5.05752 5.02983 5.02983 5.02983 5.02983 5.02987 4.66551 4.60539 4.60539 4.60539 4.53135 4.41982 4.41982 4.41982 4.42566 4.61077 4.61765 4.61765 4.61765 4.61765 4.61765 4.74964 4.82649 4.81039 4.75666 4.60961 4.94093
4.69104 4.44203 4.32483 4.32483 4.32483 4.32483 5.06710 6.35243 6.35243 6.36966 6.83371 7.29166 7.41196 7.50075 7.56026 7.61008 8.09564 8.32176 8.43155 8.49933 8.49933 8.47066 8.54122 8.41786 8.29301 7.99530 7.62807 6.62886 6.42660 6.34966 6.26003 5.94103 5.79460 5.72897 5.58084 5.16971 5.16971 5.16971 5.16971 5.16971 5.09368 5.02983 5.02983 5.02983 5.02983 5.02983 4.78966 4.60539 4.60539 4.60539 4.58201 4.41986 4.41982 4.41982 4.41982 4.56564 4.60923 4.58621 4.56292 4.53965 4.51635 4.60521 4.77327 4.82907 4.89089 4.43578 4.52423
4.69104 4.53591 4.32483 4.33477 4.44462 4.58019 4.83046 6.73060 6.88188 6.97305 7.10039 7.52548 7.56655 7.61590 7.62059 7.62618 7.80986 7.91788 7.87874 7.89591 7.79626 7.73624 7.79203 8.05161 8.32386 8.47916 8.37535 6.78465 6.03058 5.97448 5.96743 5.81156 5.65501 5.65501 5.65341 5.21756 5.16971 5.16971 5.16971 5.16971 5.12996 5.02983 5.02983 5.02983 5.02983 5.02983 4.91440 4.60539 4.60539 4.60402 4.57845 4.38605 4.32429 4.28999 4.25571 4.34521 4.47273 4.52891 4.59187 4.65486 4.71785 4.78137 4.95961 4.95961 4.96228 4.63969 4.51110
5.42383 5.64623 4.97849 5.08782 5.11346 5.11346 5.11587 6.55403 6.99633 7.00191 7.01475 7.52230 7.58213 7.65569 7.65655 7.65655 7.63829 7.55704 7.63456 7.99400 8.16505 8.33346 8.62586 8.71382 8.66446 8.65970 8.30373 7.32699 5.96743 5.96743 5.96743 5.88807 5.65501 5.65501 5.65501 5.34942 5.16971 5.16971 5.16971 5.16971 5.16326 5.03278 5.02983 5.02156 4.98886 4.95452 4.91135 4.47914 4.42721 4.39427 4.38552 4.27848 4.23791 4.30090 4.36389 4.48528 4.74369 4.75024 4.75024 4.76914 4.82578 4.88355 5.13047 5.20783 5.26282 5.10601 4.78121
6.26829 6.26829 5.30912 5.14702 5.15563 5.16428 5.17043 6.06961 7.03161 7.03292 7.03423 7.40940 7.58102 7.55344 7.65775 7.82902 7.99907 8.08021 8.17979 8.27779 8.31090 8.31090 8.43630 8.66158 8.66158 8.66158 8.40428 7.99582 5.97043 5.96743 5.96743 5.95647 5.66318 5.65501 5.65501 5.48283 5.16971 5.16829 5.16529 5.16229 5.15928 4.94133 4.83757 4.81156 4.80996 4.80996 4.81018 4.53218 4.45864 4.52176 4.58462 4.59080 4.48705 4.48994 4.53405 4.59614 4.89815 4.96279 5.01196 5.04242 5.03511 5.02679 5.52266 5.96382 6.08881 6.11284 5.40115
6.30652 6.30980 5.59011 5.18832 5.18833 5.18833 5.18833 5.48504 7.04264 7.04001 7.17650 7.58830 8.07997 8.20098 8.25195 8.25157 8.25157 8.18360 8.15315 8.23345 8.31090 8.31090 8.36743 8.66158 8.66158 8.66158 8.50671 8.27033 6.36656 5.96743 5.96738 5.96537 5.72355 5.64695 5.64395 5.59931 5.15560 5.15106 5.15106 5.15106 5.15106 4.97818 4.81012 4.83396 4.87469 4.91540 4.95617 4.86697 4.67851 4.70196 4.72657 4.74338 4.70204 4.74751 4.75251 4.74419 4.92241 4.99800 4.99800 4.99800 4.99800 4.99800 5.41694 6.16806 6.16806 6.16806 5.56795
6.31504 6.31504 5.92511 5.18867 5.16318 5.10072 5.03791 4.97511 7.17722 7.73875 7.78302 7.87158 8.32516 8.28237 8.25157 8.25157 8.25157 8.20808 8.15315 8.18925 8.31090 8.31090 8.31563 8.64435 8.65769 8.60193 8.48609 8.26163 7.02657 5.95272 5.94977 5.94878 5.78647 5.63636 5.63636 5.63636 5.24579 5.15106 5.15654 5.19260 5.22488 5.15130 4.90418 4.90700 4.90899 4.91096 4.91295 4.96056 4.77740 4.77843 4.77843 4.77843 4.74542 4.73482 4.73482 4.73482 4.85303 4.99800 4.99800 4.99800 4.99800 4.99800 5.16948 6.16806 6.16806 6.16806 5.78973
6.31504 6.31504 6.26363 4.98554 4.87465 4.87431 4.87431 4.87431 6.60303 7.78302 7.78302 7.78404 8.27010 8.29840 8.25157 8.25157 8.25157 8.23234 8.14962 8.10642 8.19419 8.14713 8.08944 8.23387 8.24522 8.22905 8.22905 8.24863 7.69115 5.94878 5.94878 5.94878 5.86021 5.59829 5.58571 5.59546 5.34812 5.13150 5.16128 5.16797 5.17813 5.20089 4.91507 4.91791 4.91791 4.91791 4.91791 4.96258 4.83690 4.77843 4.77843 4.77843 4.75713 4.73482 4.73482 4.73482 4.78519 4.99800 4.99800 4.99800 4.99800 4.99800 5.00592 6.07164 6.16806 6.16806 6.03784
6.31504 6.31504 6.31504 5.17725 4.87431 4.87431 4.87431 4.87431 5.70852 7.78302 7.78302 7.78302 8.12427 8.26388 8.14375 8.08603 8.02890 7.97032 7.82519 7.80712 7.91326 7.96487 7.96487 8.09390 8.22933 8.23297 8.23759 8.25591 8.23169 6.12220 6.01169 6.05706 6.06585 5.50220 5.46029 5.40647 5.31776 5.25162 5.25901 5.25901 5.25901 5.25901 5.01045 4.91791 4.91791 4.91791 4.91791 4.92086 4.92985 4.77843 4.77843 4.77843 4.76897 4.73482 4.73482 4.73482 4.73682 4.97858 4.99800 5.00480 5.04733 5.09501 5.14272 5.98223 6.37540 6.25651 6.10657
6.31504 6.31504 6.31504 5.51051 4.87431 4.87431 4.87382 4.86148 4.90000 7.58399 7.73103 7.71713 7.80791 7.97892 7.91111 7.90554 7.90554 7.90083 7.83563 7.81634 7.88235 7.98148 7.98518 8.06459 8.26338 8.26049 8.24499 8.22410 8.17159 6.74216 5.99335 5.93945 5.89280 5.41901 5.29117 5.29117 5.29030 5.26043 5.25901 5.25901 5.25901 5.25901 5.09903 4.91791 4.91791 4.91791 4.91791 4.91791 4.98366 4.77843 4.77843 4.77843 4.77790 4.77750 4.84964 4.92472 4.99962 5.17497 5.26810 5.27727 5.15247 5.01556 4.87859 5.17078 5.75646 5.75646 5.75646
6.31492 6.29442 6.25967 5.87195 4.82684 4.79446 4.77757 4.77252 4.77252 6.82236 7.69288 7.68243 7.70216 7.93872 7.87636 7.84447 7.83400 7.82823 7.83135 7.83536 7.85398 7.98648 7.95842 7.91611 8.08169 8.01541 7.96072 7.92121 7.93891 7.18138 5.88658 5.88658 5.88658 5.56471 5.29117 5.29117 5.29117 5.26830 5.25901 5.25901 5.25901 5.25901 5.18745 4.91791 4.91791 4.91791 4.92602 4.99035 5.16253 5.02036 5.07586 5.15085 5.22580 5.23147 5.21342 5.11562 4.97865 4.88240 4.80154 4.69631 4.68931 4.68931 4.67991 4.83459 5.65349 5.60752 5.56157
6.12574 6.11147 6.11147 6.06531 4.85597 4.73046 4.71738 4.70428 4.67930 5.84265 7.56691 7.54292 7.51898 7.72892 7.74157 7.72638 7.71274 7.70956 7.73582 7.76688 7.79161 7.60859 7.52155 7.51702 7.86481 7.91641 7.91641 7.91641 7.93500 7.76355 5.90300 5.88658 5.88658 5.71067 5.29117 5.29117 5.29117 5.27710 5.25901 5.25901 5.24527 5.20248 5.15456 5.15280 5.24791 5.32291 5.38979 5.40051 5.45223 5.37711 5.21660 5.08225 4.94521 4.79048 4.63171 4.59253 4.59166 4.58348 4.62985 4.59541 4.56161 4.53016 4.50831 4.52753 5.20507 5.17393 5.12386
5.71357 5.65362 5.59367 5.53371 4.61607 4.32708 4.29710 4.26712 4.24902 4.51853 7.25028 7.28265 7.30092 7.49995 7.67453 7.76417 7.80310 7.83146 7.83194 7.83849 7.83899 7.65755 7.51702 7.51702 7.76721 7.91641 7.91641 7.91641 7.92907 7.93904 6.32537 5.88658 5.88658 5.84991 5.27569 5.22575 5.18204 5.13311 5.06253 5.01882 4.98890 4.98800 4.98800 5.27316 5.40051 5.39981 5.38406 5.36224 5.34617 5.21286 4.63870 4.63178 4.61321 4.58628 4.49006 4.45876 4.42837 4.42140 4.51197 4.52434 4.52686 4.52705 4.52705 4.52705 4.88934 5.01386 5.01386
5.25743 5.25743 5.25743 5.25743 4.72291 4.24885 4.24885 4.27404 4.61316 5.45499 7.19786 7.46449 7.48513 7.57095 7.76575 7.83127 7.83185 7.83185 7.83185 7.83691 7.83899 7.74676 7.51702 7.51702 7.67900 7.91641 7.91641 7.91539 7.88111 7.86470 6.80581 5.72484 5.68118 5.63746 5.13554 5.02016 5.02016 5.02013 4.99162 4.98800 4.98800 4.98293 4.96220 5.11947 5.37878 5.43223 5.49072 5.54436 5.59714 5.43051 4.56433 4.54737 4.54743 4.54743 4.44599 4.43027 4.43027 4.43027 4.49333 4.52705 4.52705 4.52705 4.52705 4.52705 4.77217 5.01386 5.01386
5.25743 5.25743 5.25743 5.25743 5.64729 5.66848 6.38727 7.04459 7.43451 7.44579 7.46301 7.48402 7.48402 7.50112 7.75788 7.82005 7.83185 7.83185 7.83185 7.83505 7.83899 7.82519 7.48770 7.42205 7.43988 7.65694 7.58641 7.51762 7.50282 7.66515 7.25159 5.61557 5.61557 5.61557 5.28119 5.02064 5.06632 5.12827 5.16141 5.20166 5.25354 5.29515 5.34761 5.47138 5.81817 5.79648 5.78487 5.78486 5.78486 5.60823 4.71403 4.54743 4.54743 4.54743 4.47787 4.43027 4.43027 4.43027 4.46852 4.52705 4.52705 4.52705 4.52705 4.52705 4.65510 5.01386 5.01386
6.20895 7.48983 8.53664 9.40851 9.73958 7.71249 7.44579 7.44579 7.44579 7.44579 7.45246 7.48402 7.48402 7.48402 7.70143 7.80340 7.79222 7.73596 7.67954 7.62475 7.57445 7.51901 7.26453 7.17856 7.18923 7.48730 7.49334 7.49334 7.48905 7.61202 7.62631 5.76551 5.55643 5.52393 5.48123 5.51403 5.47312 5.41026 5.37613 5.39856 5.37780 5.37236 5.37236 5.37384 5.74800 5.78486 5.78486 5.78486 5.78486 5.69233 4.97042 4.54743 4.54743 4.54743 4.50978 4.43027 4.43027 4.43027 4.44374 4.52705 4.52705 4.52705 4.52842 4.56573 4.63935 5.14903 5.21204
9.82056 9.82056 9.82056 9.82056 9.82056 8.16207 7.44579 7.44579 7.44579 7.44622 7.50021 7.62518 7.72111 7.81253 7.69378 7.46829 7.49339 7.49339 7.49339 7.49351 7.49914 7.49069 7.33355 7.14795 7.13758 7.36064 7.41616 7.40318 7.30850 7.17040 7.01180 5.89077 5.30322 5.24665 5.20032 5.24527 5.23960 5.23960 5.24936 5.37115 5.37236 5.37236 5.37236 5.37236 5.64271 5.78486 5.78486 5.78486 5.78486 5.76982 5.23361 4.54743 4.54743 4.54743 4.54003 4.43189 4.45279 4.52806 4.60559 4.70573 4.75809 4.81115 4.86500 4.88731 4.89393 5.28098 5.39378
