High_resolution/powerplant/Shangrao/OMI_NO2_200807.asc
ncols      200
nrows      200
xllcorner       115.451
yllcorner       27.0350
cellsize     0.0166667
NODATA_Value      -999.000
[rows 120 to 149 of 175, columns 66 to 131 of 200]
1.91568 1.98714 1.96635 1.94520 1.93596 1.92999 1.92648 1.93208 1.94579 1.94911 1.89204 1.67176 1.60516 1.50406 1.50334 1.32253 1.46016 1.46099 1.43507 1.43274 1.31026 1.20406 1.22211 1.26195 1.42997 1.45430 1.47439 1.47229 1.48891 1.57389 1.67127 1.59677 1.57084 1.44679 1.37369 1.26675 1.29759 1.37314 1.37314 1.33043 1.27744 1.27744 1.19920 1.05314 1.03345 1.02179 1.08454 0.940654 0.922545 0.917660 0.944613 0.962940 0.932767 0.934729 0.963286 0.971763 0.971839 1.00276 1.08297 0.981709 0.938476 0.906819 0.828511 0.800383 0.770620 0.740772
1.82413 1.90423 1.90034 1.89108 1.88345 1.89840 1.89140 1.87822 1.87562 1.84615 1.80784 1.58674 1.57279 1.48479 1.48479 1.33951 1.42530 1.46107 1.44161 1.43274 1.42457 1.33432 1.30759 1.33565 1.51272 1.57707 1.61533 1.63976 1.61703 1.65746 1.76602 1.65698 1.47793 1.39503 1.36846 1.25928 1.27428 1.36326 1.35155 1.32261 1.22608 1.21132 1.17660 1.00398 1.00008 1.02011 1.05880 0.968373 0.910202 0.933802 0.966980 0.966154 0.928377 0.923272 0.944649 0.971763 0.970763 0.976148 1.01592 0.960645 0.847483 0.810764 0.668058 0.666322 0.666322 0.666322
1.82620 1.84425 1.71308 1.68804 1.66294 1.71583 1.70638 1.69300 1.70310 1.70991 1.70991 1.54123 1.52446 1.48948 1.48479 1.39523 1.37490 1.46107 1.45047 1.44149 1.44939 1.45307 1.49411 1.51109 1.60280 1.68649 1.70997 1.73328 1.69158 1.68878 1.77873 1.71123 1.46958 1.37032 1.30533 1.20964 1.17030 1.26960 1.27543 1.27356 1.17952 1.16741 1.16665 1.02237 0.984075 1.00676 1.02572 0.984034 0.897062 0.905085 0.961030 0.960865 0.925590 0.903075 0.904699 0.937957 0.937095 0.963225 1.01401 0.980465 0.853864 0.862706 0.696829 0.666322 0.666322 0.666316
1.61049 1.76864 1.60604 1.61645 1.61155 1.65371 1.68739 1.68739 1.69573 1.70991 1.70991 1.57075 1.52384 1.50198 1.49273 1.46716 1.35493 1.50042 1.50316 1.47336 1.48567 1.52189 1.58331 1.61096 1.66476 1.76336 1.77201 1.78064 1.74598 1.73346 1.73920 1.65300 1.47354 1.36042 1.29749 1.24133 1.15701 1.24471 1.27292 1.26929 1.20141 1.15321 1.15343 1.05932 0.970409 0.990257 0.994735 1.01427 0.891333 0.897966 0.941287 0.955678 0.960154 0.956882 0.972486 1.01027 1.02161 1.02300 1.06187 1.05720 0.885641 0.880818 0.756156 0.662405 0.659697 0.650173
1.56056 1.73449 1.56180 1.57349 1.56788 1.63190 1.68739 1.68739 1.68911 1.71049 1.71759 1.62164 1.54029 1.54292 1.52653 1.52621 1.36232 1.55904 1.60341 1.59505 1.61359 1.62400 1.67290 1.68617 1.69027 1.78957 1.77995 1.77136 1.74103 1.70847 1.73923 1.67786 1.53704 1.37453 1.29673 1.28160 1.15437 1.22071 1.26817 1.26533 1.22495 1.13335 1.11105 1.03851 0.856388 0.841909 0.848464 1.02514 0.889102 0.923773 0.967738 1.00854 1.00565 0.978220 0.978120 1.00070 1.02161 1.02003 1.05589 1.09995 0.961723 0.920405 0.808084 0.585887 0.547658 0.516071
1.47764 1.60091 1.55352 1.54980 1.55152 1.60679 1.69596 1.70637 1.71428 1.73832 1.74492 1.68519 1.52768 1.56135 1.55040 1.56644 1.51024 1.67763 1.71622 1.67004 1.64662 1.66120 1.70419 1.74239 1.76732 1.76856 1.75546 1.73805 1.71111 1.67041 1.68052 1.62769 1.51752 1.32212 1.27994 1.27361 1.14917 1.13765 1.17395 1.15604 1.11963 1.03477 1.03488 1.03117 0.831169 0.823750 0.826231 0.948358 0.909023 0.934958 0.946121 1.00846 1.00854 0.981796 0.960668 0.953097 0.955100 0.933873 0.993484 1.11063 0.973290 0.876502 0.873804 0.688683 0.742756 0.797020
1.47584 1.53846 1.59914 1.55097 1.57409 1.60594 1.67980 1.69279 1.68827 1.71328 1.74283 1.75718 1.56177 1.60078 1.56988 1.56879 1.54417 1.65066 1.76811 1.76253 1.72104 1.71467 1.71642 1.72074 1.70206 1.67498 1.65570 1.65570 1.65561 1.64259 1.64777 1.65421 1.52786 1.33707 1.23717 1.20185 1.08710 0.976245 0.972372 0.938369 0.922330 0.889598 0.865343 0.844499 0.605089 0.496514 0.526486 0.620194 0.833077 0.926120 0.912863 0.958159 0.952159 0.914208 0.871379 0.831785 0.793584 0.743303 0.719258 0.839099 0.888923 1.10769 1.10685 0.917919 0.897698 0.897698
1.47584 1.48192 1.60259 1.49442 1.53211 1.56308 1.66000 1.73410 1.75406 1.75915 1.78314 1.78340 1.60029 1.63152 1.67072 1.72498 1.76458 1.78282 1.84752 1.82942 1.64904 1.64855 1.65046 1.67675 1.67717 1.67519 1.65583 1.65570 1.65570 1.64592 1.63393 1.46916 1.29487 1.11097 0.950559 0.940305 0.914070 0.794485 0.836467 0.839594 0.839594 0.824940 0.806923 0.806923 0.672335 0.493302 0.500001 0.511647 0.716974 0.755975 0.735574 0.758531 0.759070 0.712084 0.674646 0.673991 0.658076 0.656729 0.656729 0.776399 0.822898 1.09852 1.10769 0.975491 0.897698 0.894813
1.47766 1.50245 1.64068 1.52684 1.60004 1.60527 1.68943 1.80383 1.84780 1.88954 1.94931 1.97454 1.82035 1.83194 1.89329 1.90583 1.90583 1.85831 1.85080 1.85080 1.67905 1.64855 1.64855 1.67038 1.67717 1.67595 1.63703 1.60357 1.57444 1.53896 1.50640 1.35757 1.14859 1.00369 0.963676 0.955010 0.954537 0.812328 0.830304 0.839594 0.835623 0.818385 0.746205 0.695322 0.594729 0.372351 0.348078 0.328534 0.551743 0.640466 0.638592 0.644626 0.681662 0.675918 0.643185 0.638046 0.675935 0.701967 0.705466 0.775925 0.851100 1.02959 1.08138 0.999099 0.880005 0.870313
1.58974 1.58970 1.65180 1.67603 1.74830 1.79495 1.90595 1.97242 1.93936 1.90046 1.87428 1.86076 1.76641 1.71810 1.86649 1.90583 1.90583 1.87237 1.85082 1.85080 1.72889 1.63568 1.59473 1.57899 1.57950 1.55158 1.53104 1.47527 1.41445 1.35460 1.29005 1.23343 1.07783 0.985466 0.992201 0.908525 0.907688 0.788022 0.702705 0.671877 0.627430 0.590011 0.526478 0.516966 0.508953 0.301185 0.281678 0.254284 0.414787 0.567279 0.550273 0.550369 0.609458 0.616860 0.590706 0.573384 0.643400 0.706996 0.695797 0.692181 0.769407 0.861428 0.955275 0.917023 0.879677 0.879677
1.52525 1.54166 1.60271 1.75581 1.75901 1.74823 1.75847 1.81693 1.83645 1.83645 1.84186 1.86036 1.81288 1.65574 1.85753 1.93196 1.93675 1.89395 1.81961 1.77714 1.67138 1.52299 1.52626 1.50463 1.51409 1.45736 1.39795 1.35837 1.34267 1.32284 1.28987 1.24935 1.10239 0.992194 0.937852 0.752883 0.704288 0.632824 0.539994 0.568566 0.568566 0.568566 0.536078 0.521614 0.532254 0.396103 0.345055 0.331636 0.443368 0.642151 0.551262 0.505815 0.529764 0.541498 0.474328 0.416261 0.443317 0.528056 0.509137 0.505807 0.589742 0.658332 0.835885 0.836621 0.877509 0.879677
1.53112 1.47569 1.42195 1.59058 1.66204 1.72509 1.75227 1.79936 1.83645 1.83645 1.83667 1.85825 1.84390 1.59279 1.71346 1.85834 1.82932 1.81100 1.75673 1.70561 1.61963 1.37696 1.29464 1.25528 1.30822 1.29686 1.27692 1.24898 1.23052 1.19893 1.14584 1.09654 0.952755 0.873624 0.829650 0.720227 0.687663 0.686363 0.552556 0.584479 0.584340 0.585883 0.570003 0.527567 0.526256 0.481337 0.424259 0.411862 0.417665 0.448492 0.363672 0.281989 0.320160 0.415550 0.399802 0.352506 0.368017 0.505386 0.505386 0.505386 0.559756 0.607205 0.827631 0.835885 0.863768 0.861980
1.39137 1.40635 1.42321 1.62435 1.72562 1.77989 1.78298 1.78460 1.80338 1.75175 1.69783 1.65864 1.62502 1.46787 1.52274 1.72529 1.68901 1.61378 1.46115 1.35440 1.33493 1.21416 1.18750 1.18222 1.19642 1.18615 1.13322 1.08967 1.06707 1.05557 1.05569 1.05873 0.990439 0.920373 0.862525 0.794418 0.710506 0.717401 0.621863 0.612148 0.620921 0.630144 0.625762 0.571749 0.571548 0.551162 0.463112 0.448415 0.428081 0.428189 0.411869 0.281989 0.283903 0.406498 0.414576 0.355888 0.362887 0.547023 0.614661 0.665783 0.676551 0.590223 0.751642 0.800415 0.819620 0.860809
1.41475 1.40229 1.39036 1.49922 1.65856 1.62282 1.53669 1.47041 1.50069 1.50676 1.48541 1.45807 1.35358 1.23149 1.17110 1.44472 1.53548 1.53755 1.48097 1.37470 1.32546 1.19335 1.07364 1.02814 1.04320 1.09650 1.10751 1.12983 1.15881 1.17014 1.17128 1.16785 1.11687 1.03235 0.967850 0.929947 0.787075 0.795964 0.732473 0.622947 0.611284 0.602038 0.596290 0.601195 0.606746 0.608770 0.521401 0.512137 0.484740 0.478236 0.455067 0.281989 0.299918 0.449608 0.549484 0.542078 0.556079 0.665535 0.716726 0.718627 0.716708 0.612853 0.768574 0.913130 0.932260 0.981938
1.17404 1.17404 1.17404 1.21431 1.41180 1.36723 1.26408 1.24704 1.28725 1.35148 1.35045 1.33951 1.10823 1.12675 1.16614 1.38524 1.44496 1.38766 1.28525 1.12144 1.07842 1.05928 1.06309 1.07106 1.08046 1.15859 1.16018 1.16198 1.18151 1.18168 1.18143 1.17339 1.15791 1.10703 1.04948 1.03716 0.824148 0.839903 0.820718 0.644423 0.637944 0.637944 0.637944 0.637944 0.637944 0.637944 0.568904 0.533926 0.512741 0.559653 0.617566 0.571883 0.627373 0.671360 0.715184 0.656680 0.584855 0.669309 0.766064 0.766064 0.766064 0.681898 0.718728 0.917695 0.920138 0.980635
1.17404 1.17404 1.17404 1.17368 1.30254 1.36621 1.25642 1.27005 1.29754 1.39852 1.39046 1.35303 1.15853 1.05693 1.04486 1.15519 1.22483 1.17835 1.16658 1.07609 1.07877 1.07877 1.07877 1.07877 1.07877 1.14006 1.16018 1.16018 1.17722 1.18277 1.18403 1.17838 1.17729 1.16200 1.09782 1.05649 0.865005 0.840094 0.840094 0.686350 0.637944 0.637944 0.637944 0.639129 0.657196 0.706994 0.733022 0.781929 0.840907 0.858185 0.852528 0.780977 0.721758 0.721836 0.725591 0.710553 0.603002 0.654787 0.775454 0.777221 0.779012 0.736148 0.669971 0.948197 0.992496 1.11023
1.17798 1.21177 1.29795 1.31857 1.38670 1.44291 1.32544 1.29058 1.27953 1.22753 1.18569 1.18364 1.09415 0.959478 0.995399 1.03152 1.21997 1.17385 1.17385 1.09340 1.07877 1.07877 1.07877 1.07877 1.08613 1.13089 1.16188 1.16263 1.17542 1.18819 1.19156 1.19041 1.18955 1.18863 1.12594 1.05175 0.912634 0.863486 0.878007 0.793842 0.713144 0.777293 0.850887 0.931316 0.989644 1.00005 1.00401 1.00419 1.01374 1.02269 1.01117 0.997331 0.957571 0.970046 0.925933 0.908292 0.751745 0.746359 0.843147 0.874577 0.908018 0.934605 0.893274 1.14711 1.21894 1.29893
1.16535 1.17265 1.31917 1.31482 1.33860 1.37365 1.30786 1.25312 1.25461 1.21182 1.17748 1.17748 1.15567 0.956150 0.986055 0.995556 1.20678 1.16666 1.15970 1.09840 1.06449 1.07514 1.08590 1.09733 1.10075 1.09342 1.08887 1.08485 1.08608 1.10060 1.09020 1.07097 1.04715 1.03039 1.04740 0.990296 0.995877 1.02375 1.04294 1.04032 1.05930 1.06338 1.06338 1.06338 1.06338 1.06037 1.04727 1.02744 1.01037 0.993328 0.959513 0.940194 0.963486 0.952213 0.931303 0.906228 0.918349 0.962794 1.05508 1.08366 1.09819 1.11273 1.08736 1.21104 1.31568 1.32847
1.17164 1.12924 1.27484 1.29418 1.30224 1.36014 1.33059 1.24144 1.23996 1.21922 1.16371 1.17372 1.17748 1.00222 0.978012 0.999194 1.11061 1.09241 1.10923 1.09501 1.02319 1.02557 1.02864 1.03221 1.02970 1.02415 1.01575 1.00676 0.998000 1.01103 1.00717 1.01162 1.01045 1.01970 1.08719 1.07769 1.04095 1.04579 1.06130 1.05253 1.03150 1.02444 1.00925 0.993299 0.976472 0.961548 0.953176 0.935290 0.924976 0.915813 0.935440 0.969646 1.01789 1.03978 1.03785 0.977726 0.993856 1.03523 1.09313 1.12614 1.12614 1.12614 1.10449 1.12092 1.22424 1.16432
1.16153 1.10276 1.19559 1.24842 1.24842 1.30867 1.31860 1.22514 1.21750 1.21630 1.15425 1.17878 1.21206 1.11876 1.02821 1.06844 1.12587 1.15650 1.12253 1.10782 1.00546 1.00237 0.994118 0.985374 0.982708 0.982708 0.985428 0.997603 1.01156 1.03235 1.04550 1.05015 1.03673 1.01399 1.02198 1.02544 0.943565 0.905366 0.977294 0.971768 0.954179 0.936025 0.924214 0.914892 0.906290 0.898905 0.894893 0.894759 0.894759 0.894759 0.921270 0.993095 1.02065 1.04325 1.04325 0.991682 0.980530 1.03473 1.07417 1.11820 1.09859 1.07887 1.01444 0.839341 1.06751 1.07932
1.19129 1.10449 1.16033 1.24842 1.24842 1.29131 1.32027 1.27244 1.27149 1.29966 1.26830 1.26529 1.28909 1.23566 1.01001 1.02792 1.03301 1.14251 1.08601 1.08763 1.01261 0.999881 1.00927 1.02535 1.04247 1.06097 1.06213 1.04053 1.01708 0.977042 0.928866 0.880725 0.839390 0.815094 0.795917 0.858703 0.902587 0.860100 1.00932 1.01354 0.989780 0.914222 0.898360 0.913113 0.928152 0.942797 0.956897 0.970608 0.983886 0.996749 1.01333 1.05719 1.00822 1.04325 1.04325 1.00372 0.953981 0.975808 0.987375 1.04688 1.04668 1.03896 1.02936 0.845792 0.861794 0.817291
1.34016 1.22448 1.25014 1.40172 1.40911 1.43387 1.44822 1.43865 1.43150 1.42395 1.35587 1.27109 1.30111 1.28226 1.06677 1.03592 1.03417 1.15768 1.14389 1.17045 1.11863 1.06809 1.04925 0.970589 0.869032 0.824137 0.792655 0.768168 0.743896 0.735564 0.735564 0.735564 0.735564 0.735564 0.773326 0.874373 0.986154 0.972561 1.09789 1.14594 1.15577 1.09519 1.05188 1.05247 1.05247 1.05247 1.05247 1.05247 1.05247 1.05247 1.05247 1.07974 0.973269 0.991551 0.961806 0.935640 0.894141 0.907899 0.923622 0.990494 0.986488 0.986312 0.986312 0.876375 0.775478 0.735749
1.38574 1.28294 1.25110 1.40557 1.42372 1.42372 1.40753 1.38357 1.36405 1.33468 1.30025 1.19104 1.22155 1.21956 1.07927 0.958289 0.952046 1.10020 1.25047 1.24933 1.17784 0.901447 0.863007 0.830935 0.735564 0.735564 0.735564 0.735564 0.735564 0.735564 0.735564 0.735564 0.735564 0.735564 0.811397 0.938436 1.05542 1.10081 1.12208 1.17904 1.17904 1.13419 1.05813 1.05247 1.05247 1.05247 1.05425 1.06121 1.05503 1.08123 0.993314 0.997784 0.892104 0.900061 0.903039 0.903039 0.888274 0.891812 0.913582 0.971955 0.986726 0.988122 0.989572 0.932288 0.801158 0.743328
1.38574 1.31487 1.24547 1.31182 1.31465 1.27442 1.24820 1.24081 1.22359 1.21505 1.20872 1.16687 1.22917 1.25460 1.14663 0.868861 0.857422 0.941366 1.25543 1.24721 1.23734 0.942774 0.863007 0.860614 0.741405 0.735564 0.735564 0.735564 0.735564 0.735564 0.735564 0.735564 0.749504 0.794282 0.874809 1.05047 1.20035 1.23336 1.13380 1.17904 1.18965 1.18345 1.12024 1.09365 1.07798 1.06390 1.04975 1.03249 1.03031 1.10283 0.991568 0.943590 0.879521 0.849936 0.851018 0.847359 0.839480 0.833141 0.846319 0.947699 1.01967 1.01971 1.01971 1.00904 0.847996 0.772189
1.35186 1.27693 1.14384 1.16595 1.19333 1.19155 1.18820 1.17371 1.17006 1.16436 1.15812 1.15190 1.17843 1.20455 1.19692 0.864784 0.843132 0.884143 1.17599 1.24721 1.24721 1.02043 0.862490 0.859772 0.763248 0.727967 0.725491 0.723041 0.732299 0.773798 0.817217 0.860575 0.890015 0.890939 0.905290 1.04703 1.20207 1.27182 1.18951 1.19047 1.15949 1.11668 1.03612 1.00256 1.00256 1.00256 1.00256 1.00256 1.00316 1.06151 1.03132 0.933630 0.933538 0.866874 0.830671 0.832989 0.835090 0.831447 0.834567 0.899766 1.00445 0.999429 0.994422 0.989410 0.855131 0.749367
1.29247 1.28067 1.12936 1.13813 1.18125 1.17930 1.17577 1.16070 1.15358 1.15115 1.14754 1.15795 1.18146 1.22216 1.22387 1.00689 0.896834 0.909057 1.07026 1.21467 1.21264 1.10141 0.881853 0.880218 0.835136 0.815409 0.859573 0.909386 0.955306 0.972224 0.987346 1.00232 1.01719 1.02908 1.01875 1.07650 1.16359 1.20975 1.12278 1.05087 1.07181 1.07181 1.04741 1.01588 1.02418 1.03140 1.03834 1.04509 1.05217 1.09599 1.14167 0.986078 0.994089 0.896417 0.815504 0.809871 0.803601 0.797752 0.797166 0.828865 0.975751 0.975751 0.975751 0.975751 0.897724 0.765155
1.34427 1.34493 1.20442 1.17357 1.20959 1.20206 1.19247 1.17707 1.16178 1.15436 1.15728 1.20724 1.21707 1.25745 1.25745 1.15532 0.968314 0.968314 1.03524 1.23814 1.24962 1.26368 1.08091 1.10414 1.12278 1.01898 1.03152 1.03825 1.03825 1.04263 1.05553 1.01941 0.963638 0.936964 0.920513 0.972071 1.07689 1.16951 1.14205 1.07416 1.10908 1.11710 1.10647 1.05872 1.05702 1.06532 1.07409 1.08322 1.09290 1.13381 1.23642 1.05289 1.02145 0.890122 0.816209 0.797633 0.797633 0.797355 0.797166 0.799529 0.965177 0.970355 0.960884 0.947446 0.913224 0.784318
1.31722 1.29706 1.19440 1.12785 1.15371 1.16719 1.16719 1.16326 1.15376 1.15376 1.15376 1.19505 1.20870 1.25581 1.25732 1.23618 0.987393 1.03745 1.10643 1.41466 1.51262 1.51699 1.30671 1.21843 1.21988 1.08870 1.09251 1.10093 1.10888 1.12029 1.12731 1.09962 1.04863 1.08387 1.03524 1.06627 1.15824 1.23240 1.20366 1.14160 1.18142 1.18314 1.12480 1.09881 1.09963 1.09963 1.09960 1.09684 1.09232 1.10391 1.19397 1.07877 0.999598 0.894050 0.838221 0.800257 0.800498 0.800295 0.793093 0.783249 0.886505 0.912086 0.909224 0.913452 0.920448 0.834806
1.23144 1.22958 1.18137 1.10153 1.12091 1.14445 1.14331 1.14102 1.12535 1.12410 1.12292 1.14128 1.15865 1.16488 1.14097 1.10940 1.19948 1.27568 1.26594 1.43280 1.55901 1.56697 1.45427 1.33220 1.34221 1.27065 1.24811 1.27118 1.29481 1.31330 1.32990 1.33908 1.26058 1.26106 1.18985 1.15244 1.20817 1.27285 1.22154 1.14280 1.16772 1.16842 1.11007 1.06412 1.05656 1.05205 1.04757 1.04584 1.04584 1.05353 1.11520 1.08841 0.956113 0.908958 0.847736 0.780309 0.768480 0.759854 0.765604 0.772781 0.862526 0.936522 0.943076 0.946309 0.946760 0.886652
1.20705 1.20705 1.19083 1.08994 1.09844 1.13432 1.13432 1.13432 1.12064 1.09986 1.07307 1.05226 1.04182 1.05123 1.06033 1.05136 1.13534 1.27672 1.28363 1.41223 1.59936 1.58646 1.53523 1.48054 1.49270 1.43544 1.35518 1.35256 1.34999 1.34746 1.34498 1.34254 1.26735 1.24470 1.20318 1.13869 1.16636 1.23684 1.19785 1.12562 1.12681 1.14688 1.10596 1.05723 1.04584 1.04584 1.04584 1.04584 1.04584 1.04898 1.06126 1.06187 0.934594 0.903447 0.847313 0.776072 0.779456 0.780361 0.791437 0.797939 0.849223 0.946760 0.946760 0.946760 0.946760 0.918186
