High_resolution/powerplant/Shangrao/OMI_NO2_201005.asc
ncols      200
nrows      200
xllcorner       115.451
yllcorner       27.0350
cellsize     0.0166667
NODATA_Value      -999.000
[rows 28 to 55 of 166, columns 62 to 123 of 200]
3.69468 3.66548 3.62312 3.62312 3.62312 3.62312 3.62312 3.62312 3.54464 3.45846 3.45846 3.45846 3.45846 3.45846 3.45846 3.45846 3.45846 3.45846 3.45846 3.45846 3.45846 3.45846 3.45846 2.92499 2.68409 2.68409 5.38575 6.56514 7.29256 8.26967 9.59138 10.6314 10.6314 10.6314 10.6314 10.6314 0.00000 0.00000 0.00000 0.00000 0.00000 0.00000 0.00000 2.64873 1.64606 1.62573 1.62573 1.62573 1.62573 1.62573 1.62573 1.62573 1.62573 1.62573 1.62573 1.62573 1.62573 1.62573 1.62573 1.62456 0.830687 0.973696
3.69468 3.68726 3.62347 3.62312 3.62312 3.62312 3.62312 3.62312 3.59256 3.45846 3.45846 3.45846 3.45846 3.45846 3.45846 3.45846 3.45846 3.45846 3.45846 3.45846 3.45846 3.45846 3.42072 3.05253 3.02510 3.22724 6.15061 10.6314 10.6314 10.6314 10.6314 0.00000 0.00000 0.00000 0.00000 0.00000 0.00000 0.00000 0.00000 0.00000 0.00000 0.00000 0.00000 2.79774 1.82787 1.62573 1.62573 1.62573 1.62573 1.62573 1.62573 1.62573 1.62573 1.62573 1.62573 1.63798 1.78145 1.96042 2.13923 2.31827 2.24824 2.03468
3.69468 3.69468 3.63820 3.62312 3.62312 3.62312 3.62312 3.62312 3.62266 3.47630 3.45846 3.45846 3.45846 3.45846 3.45846 3.45846 3.45846 3.45846 3.39477 3.13571 2.84009 2.46218 2.11473 2.02123 2.81124 2.67275 2.66772 0.00000 0.00000 0.00000 0.00000 0.00000 0.00000 0.00000 0.00000 0.00000 0.00000 0.00000 0.00000 0.00000 0.00000 0.00000 0.00000 2.79774 2.11462 1.62573 1.62573 1.62573 1.62573 1.62573 1.62573 1.68122 1.85615 2.03520 2.21402 2.38072 2.41621 2.41621 2.41368 2.38120 2.35437 2.60129
3.69468 3.69468 3.66037 3.62312 3.62312 3.62312 3.62312 3.62312 3.62312 3.52380 3.45846 3.45846 3.45846 3.45846 3.36168 3.07887 2.70827 2.32315 2.00165 1.87559 1.78596 1.77869 1.77869 1.77869 2.34114 2.66772 2.66772 2.66772 0.00000 0.00000 0.00000 0.00000 0.00000 0.00000 0.00000 0.00000 0.00000 0.00000 0.00000 0.00000 0.00000 0.00000 0.00000 0.00000 2.50918 1.62796 1.62952 1.75189 1.93093 2.10982 2.28879 2.41218 2.41621 2.41062 2.37328 2.32217 2.25714 2.17131 2.06276 2.03468 2.12776 2.82664
3.69468 3.69468 3.68246 3.62312 3.62312 3.62312 3.62312 3.62312 3.62312 3.57173 3.31512 2.95432 2.56924 2.18400 1.89554 1.79323 1.77869 1.77869 1.77869 1.77869 1.77869 1.77869 1.77869 1.77869 2.05210 2.66772 2.66772 2.66772 0.00000 0.00000 0.00000 0.00000 0.00000 0.00000 0.00000 0.00000 0.00000 0.00000 0.00000 0.00000 0.00000 0.00000 0.926295 0.926295 1.85747 2.13226 2.35977 2.41621 2.40631 2.36510 2.31184 2.24372 2.15332 2.04950 2.03468 2.03468 2.03468 2.03468 2.03468 2.03468 2.03468 2.72601
3.69468 3.69468 3.69465 3.63308 3.62312 3.61961 3.44301 3.17012 2.89723 2.60187 1.82165 1.77869 1.77869 1.77869 1.77869 1.77869 1.77869 1.77869 1.77869 1.77869 1.77869 1.77869 1.77869 1.77869 1.85911 2.66772 2.66772 2.66772 0.00000 0.00000 0.00000 0.00000 0.00000 0.00000 0.00000 0.00000 0.00000 0.00000 0.926295 0.926295 0.926295 0.926295 0.926295 0.926295 1.17435 1.94104 2.22965 2.13421 2.04029 2.03468 2.03468 2.03468 2.03468 2.03468 2.03468 2.03468 2.03468 2.03468 2.03468 2.03468 2.03468 2.55343
3.69468 3.69176 3.63200 3.32355 2.85362 2.58413 2.48772 2.48772 2.48772 2.48772 1.96988 1.77869 1.77869 1.77869 1.77869 1.77869 1.77869 1.77869 1.77869 1.77869 1.77869 1.77869 1.77869 1.77869 1.77883 2.45101 2.66772 2.66772 2.66772 0.00000 0.00000 0.00000 0.00000 0.926295 0.926295 0.926295 0.926295 0.926295 0.926295 0.926295 0.926295 0.926295 0.926295 0.926295 0.926295 1.14815 2.03468 2.03468 2.03468 2.03468 2.03468 2.03468 2.03468 2.03468 2.03468 2.03468 2.03468 2.03468 2.03468 2.03468 2.03468 2.29948
3.46575 3.38716 3.36536 3.15231 2.48772 2.48772 2.48772 2.48772 2.48772 2.48772 2.17643 1.77869 1.77869 1.77869 1.77869 1.77869 1.77869 1.77869 1.77869 1.77869 1.77869 1.77869 1.77869 1.77869 1.77869 2.12203 2.66772 2.66772 2.66772 0.926295 0.926295 0.926295 0.926295 0.926295 0.926295 0.926295 0.926295 0.926295 0.926295 0.926295 0.926295 0.926295 0.926295 0.926295 0.926295 0.930950 1.91919 2.03468 2.03468 2.03468 2.03468 2.03468 2.03468 2.03468 2.03468 2.03468 2.03468 2.03468 2.03468 2.03468 2.03468 2.04421
3.36536 3.36536 3.36536 3.35439 2.55706 2.48772 2.48772 2.48772 2.48772 2.48772 2.38284 1.77869 1.77869 1.77869 1.77869 1.77869 1.77869 1.77869 1.77869 1.77869 1.77869 1.77869 1.77869 1.77869 1.77869 1.91514 2.28763 2.07773 1.64297 0.926295 0.926295 0.926295 0.926295 0.926295 0.926295 0.926295 0.926295 0.926295 0.926295 0.926295 0.926295 0.926295 0.926295 0.926295 0.926295 0.926295 1.59133 2.03468 2.03468 2.03468 2.03468 2.03468 2.03468 2.03468 2.03468 2.03468 2.03468 2.03468 2.03611 2.04551 2.05614 2.06675
3.36536 3.36536 3.36536 3.36536 2.81734 2.48772 2.48772 2.48772 2.48772 2.48772 2.48772 1.88015 1.77869 1.77869 1.77869 1.77869 1.77869 1.77869 1.77869 1.77869 1.77869 1.81409 1.91283 2.00956 2.09668 2.15342 1.78114 1.74040 1.64807 0.926295 0.926295 0.926295 0.926295 0.926295 0.926295 0.926295 0.926295 0.926295 0.926295 0.926295 0.926295 0.926295 0.926295 0.926295 0.926295 0.926295 1.25862 2.03468 2.03468 2.03468 2.03468 2.03468 2.03468 2.03468 2.03932 2.04992 2.06054 2.07117 2.08035 2.08158 2.08158 2.10666
3.36536 3.36536 3.36536 3.36536 3.08851 2.48772 2.48772 2.48772 2.48772 2.48772 2.48772 2.08669 1.77869 1.77869 1.77869 1.77869 1.77869 1.82894 1.92698 2.01483 2.10131 2.15235 2.14712 2.15496 2.16871 2.14859 1.87350 1.73154 1.73017 1.07536 0.926295 0.926295 0.926295 0.926295 0.926295 0.926295 0.926295 0.926295 0.926295 0.926295 0.926295 0.926295 0.926295 0.926295 0.926295 0.926295 0.967305 1.99257 2.03468 2.03534 2.04371 2.05433 2.06496 2.07557 2.08156 2.08158 2.13569 2.42590 2.66751 2.84969 2.99241 3.10062
3.36536 3.36536 3.36536 3.36536 3.32864 2.51888 2.48772 2.48772 2.48772 2.48772 2.48772 2.29309 1.78002 1.84400 1.93306 2.01949 2.10600 2.14217 2.13388 2.14963 2.16488 2.17722 2.18400 2.18412 2.18412 2.16842 1.99469 1.73154 1.73154 1.37389 0.926295 0.926295 0.926295 0.926295 0.926295 0.926295 0.926295 0.926295 0.926295 0.926295 0.926295 0.926295 0.926295 0.926295 0.926295 1.00520 1.30765 1.94446 2.06937 2.07934 2.08158 2.17441 2.47257 2.70172 2.87629 3.01378 3.11044 3.12191 3.12191 3.12191 3.12191 3.12191
3.36536 3.36536 3.36536 3.36536 3.36536 2.75355 2.48772 2.48772 2.49141 2.46534 2.40132 2.31813 2.10939 2.13172 2.12991 2.14451 2.16080 2.17389 2.18312 2.18412 2.18412 2.18412 2.18412 2.18412 2.18412 2.18145 2.10838 1.74076 1.73154 1.57323 0.926295 0.926295 0.926295 0.926295 0.926295 0.926295 0.926295 0.926295 0.926295 0.926295 0.926295 1.08383 1.39971 1.71572 2.03147 2.26844 2.34654 2.61169 2.73469 2.90200 3.03420 3.11720 3.12191 3.12191 3.12191 3.12191 3.12191 3.12191 3.12191 3.12191 3.12191 3.12191
3.36536 3.36536 3.36536 3.36536 3.30024 2.80562 2.30090 2.23680 2.16905 2.13096 2.13096 2.14072 2.15697 2.17036 2.18137 2.18412 2.18412 2.18412 2.18412 2.18412 2.18412 2.18412 2.18412 2.18412 2.18412 2.18412 2.14865 1.83958 1.73154 1.70668 0.954771 0.926295 0.926295 0.926295 0.926295 0.926295 0.939581 1.17615 1.49195 1.80777 2.12365 2.33563 2.45260 2.53894 2.60459 2.65619 2.68601 3.15902 3.12236 3.12191 3.12191 3.12191 3.12191 3.12191 3.12191 3.12191 3.12191 3.12191 3.12191 3.12191 3.12191 3.12191
3.18458 2.96792 2.74350 2.51918 2.35986 2.32954 2.13288 2.13591 2.15337 2.16802 2.17991 2.18532 2.18488 2.18412 2.18412 2.18412 2.18412 2.18412 2.18412 2.18412 2.18412 2.18412 2.18412 2.18412 2.18412 2.18412 2.16670 1.96081 1.73154 1.73154 1.24249 0.926295 0.979845 1.26834 1.58408 1.89996 2.26161 2.45260 2.53894 2.60459 2.65619 2.68391 2.68439 2.68439 2.68439 2.68439 2.68439 3.01881 3.14215 3.12191 3.12191 3.12191 3.12191 3.12191 3.12191 3.12191 3.12191 3.12191 3.12191 3.12191 3.12191 3.12191
2.35661 2.34894 2.34894 2.34838 2.34305 2.33779 2.21240 2.18483 2.18533 2.18533 2.18533 2.18533 2.18521 2.18413 2.18412 2.18412 2.18412 2.18412 2.18412 2.18412 2.18412 2.18412 2.18412 2.18412 2.18412 2.18412 2.18045 2.08214 1.79258 1.94859 1.97476 2.06510 2.43091 2.53894 2.60459 2.65619 2.68391 2.68439 2.68439 2.68439 2.68439 2.68439 2.68439 2.68439 2.68439 2.68439 2.68439 2.86621 3.17221 3.12191 3.12191 3.12191 3.12191 3.12191 3.12191 3.12191 3.12191 3.12191 3.12191 3.12191 3.12191 3.11430
2.34482 2.33920 2.33469 2.33126 2.33065 2.33065 2.26313 2.18533 2.18533 2.18533 2.18533 2.18533 2.18533 2.18436 2.18412 2.18412 2.18412 2.18412 2.18412 2.18412 2.18412 2.18412 2.18412 2.18412 2.18078 2.17452 2.14483 1.97145 2.05566 1.98387 1.99636 2.68391 2.68439 2.68439 2.68439 2.68439 2.68439 2.68439 2.68439 2.68439 2.68439 2.68439 2.68439 2.68439 2.68439 2.68439 2.68439 2.72087 3.19512 3.12191 3.12191 3.12191 3.12191 3.12191 3.12191 3.12191 3.12183 3.10127 3.06496 3.02867 2.99235 2.96367
2.33072 2.33065 2.33065 2.33065 2.33065 2.33065 2.30785 2.18533 2.18533 2.18533 2.18533 2.18533 2.18533 2.18470 2.18412 2.18412 2.18412 2.18412 2.18412 2.18401 2.17978 2.15781 2.07077 1.97672 1.88501 1.70347 1.48261 1.36714 1.61178 1.76796 1.77035 2.58613 2.68439 2.68439 2.68439 2.68439 2.68439 2.68439 2.68439 2.68439 2.68439 2.68439 2.68439 2.68439 2.68439 2.68439 2.68439 2.68439 3.09844 3.13260 3.12191 3.12191 3.11756 3.08599 3.04968 3.01337 2.97717 2.96140 2.96140 2.93246 2.74147 2.52489
2.33360 2.33065 2.33065 2.33065 2.33065 2.33065 2.33065 2.20723 2.18533 2.18533 2.18533 2.18533 2.18533 2.18505 2.18412 2.18375 2.16929 2.08755 1.99354 1.89956 1.80963 1.68597 1.52522 1.36879 1.21318 1.15048 1.15048 1.17708 1.51405 1.76796 1.76796 2.32565 2.68439 2.68439 2.68439 2.68439 2.68439 2.68439 2.68439 2.68439 2.68439 2.68439 2.68439 2.68439 2.68439 2.68439 2.68439 2.68439 2.92553 3.10145 3.03440 2.99809 2.96612 2.96140 2.91145 2.70605 2.48947 2.27322 2.05664 1.86912 1.84386 1.84386
2.33883 2.33065 2.33065 2.33065 2.33065 2.33065 2.33065 2.25196 2.18533 2.18533 2.18533 2.18835 2.26919 2.38218 1.97467 1.82251 1.74297 1.70943 1.57110 1.41461 1.25813 1.15327 1.15048 1.15048 1.15048 1.15048 1.15048 1.15048 1.37104 1.73565 1.76796 2.06256 2.68439 2.68439 2.68439 2.68439 2.68439 2.68439 2.68439 2.68439 2.68439 2.68439 2.68439 2.68362 2.64795 2.59350 2.53899 2.48452 2.56009 2.90325 2.67062 2.45415 2.23791 2.02111 1.85493 1.84386 1.84386 1.84386 1.84386 1.84386 1.84386 1.84386
2.34561 2.33067 2.33065 2.33065 2.33065 2.33065 2.33065 2.35765 2.35218 2.46525 2.57826 2.68825 2.72059 2.71659 1.95046 1.46043 1.30401 1.16858 1.15048 1.15048 1.15048 1.15048 1.15048 1.15048 1.15048 1.15048 1.15048 1.15048 1.26567 1.64038 1.76796 1.81859 2.66551 2.68439 2.68439 2.68439 2.68439 2.68439 2.68439 2.67849 2.63177 2.57733 2.52281 2.46914 2.39596 2.25298 2.10733 1.96169 1.81787 1.85941 1.84492 1.84386 1.84386 1.84386 1.84386 1.84386 1.84386 1.84386 1.84386 1.84386 1.84386 1.84386
2.34894 2.33322 2.35692 2.47980 2.64080 2.80386 2.96689 3.06234 2.74973 2.72059 2.65256 2.49637 2.33994 2.18746 1.77087 1.15048 1.15048 1.15048 1.15048 1.15048 1.15048 1.15048 1.15048 1.15048 1.15048 1.15048 1.15048 1.15048 1.18526 1.54345 1.76796 1.76796 2.45327 2.68439 2.68439 2.66855 2.61560 2.56116 2.50666 2.40236 2.25028 2.10588 1.96023 1.81459 1.72341 1.72210 1.72210 1.72210 1.72210 1.81676 1.85196 1.84386 1.84386 1.84386 1.84386 1.84386 1.84386 1.84386 1.84386 1.84386 1.84386 1.84386
2.94301 3.01512 3.02653 3.06667 3.06879 3.06879 3.03678 2.89044 2.51813 2.22928 2.14094 2.14059 2.14059 2.14059 2.05136 1.15682 1.15048 1.15048 1.15048 1.15048 1.15048 1.15048 1.15048 1.15048 1.15048 1.15048 1.15048 1.15048 1.15048 1.39464 1.75468 1.73747 2.10540 2.54496 2.43349 2.25013 2.10325 1.95877 1.81313 1.72320 1.72210 1.72210 1.72210 1.72210 1.72210 1.72210 1.72210 1.72210 1.72210 1.77487 1.85996 1.84386 1.84386 1.84386 1.84386 1.84386 1.84386 1.84386 1.84386 1.84386 1.84386 1.84386
3.45616 3.37297 3.05942 2.93626 2.77984 2.62335 2.49894 2.48879 2.37974 2.14059 2.14059 2.14059 2.14059 2.14059 2.14059 1.35435 1.15048 1.15048 1.15048 1.15048 1.15048 1.15048 1.15048 1.15048 1.15048 1.15048 1.15006 1.13976 1.12536 1.24051 1.55726 1.63836 1.74424 1.81167 1.72305 1.72210 1.72210 1.72210 1.72210 1.72210 1.72210 1.72210 1.72210 1.72210 1.72210 1.72210 1.72210 1.72210 1.72210 1.73417 1.86661 1.84399 1.84386 1.84386 1.84386 1.84386 1.84386 1.84386 1.84386 1.84604 1.90663 1.99328
3.45616 3.45616 2.63712 2.48879 2.48879 2.48879 2.48879 2.48879 2.47428 2.15283 2.14059 2.14059 2.14059 2.14059 2.14059 1.64118 1.15048 1.15048 1.15048 1.15048 1.15048 1.15048 1.14931 1.13744 1.12949 1.14370 1.16012 1.19058 1.27381 1.41760 1.64834 1.75574 1.75569 1.72595 1.72210 1.72210 1.72210 1.72210 1.72210 1.72210 1.72210 1.72210 1.72210 1.72210 1.72210 1.72210 1.72210 1.72210 1.72210 1.72210 1.83946 1.84933 1.84386 1.84386 1.84386 1.86150 1.94255 2.02914 2.11582 2.20031 2.22636 2.22636
3.45616 3.45616 2.87138 2.48879 2.48879 2.48879 2.48879 2.48879 2.48879 2.24512 2.14059 2.14059 2.14059 2.14059 2.14059 1.92802 1.15048 1.15048 1.14817 1.13912 1.15160 1.16761 1.18478 1.21287 1.27475 1.35245 1.44603 1.55476 1.58062 1.58062 1.59660 1.75440 1.75574 1.73555 1.72210 1.72210 1.72210 1.72210 1.72210 1.72210 1.72210 1.72210 1.72210 1.72210 1.72210 1.72210 1.72210 1.72210 1.72210 1.72210 1.79765 1.92914 1.97835 2.06506 2.15166 2.22070 2.22636 2.24735 2.33505 2.42777 2.52040 2.61302
3.45616 3.45616 3.21690 2.48879 2.48879 2.48879 2.48879 2.48879 2.48879 2.35194 2.14059 2.14059 2.14059 2.14059 2.13189 2.03898 1.22770 1.19150 1.20983 1.23487 1.25852 1.32877 1.41650 1.52623 1.58062 1.58062 1.58062 1.58062 1.58062 1.58062 1.58062 1.71729 1.75574 1.74520 1.72210 1.72210 1.72210 1.72210 1.72210 1.72210 1.72210 1.72210 1.72210 1.72210 1.72210 1.72210 1.73266 1.88745 2.08733 2.28735 2.52093 2.63078 2.25849 2.34987 2.44260 2.53522 2.62790 2.69962 2.70455 2.70455 2.70455 2.70455
3.45616 3.45616 3.45543 2.58755 2.48879 2.48879 2.48879 2.48879 2.48879 2.45614 2.08938 1.98100 1.87514 1.76925 1.67198 1.65072 1.39793 1.30640 1.38890 1.49169 1.57781 1.58062 1.58062 1.58062 1.58062 1.58062 1.58062 1.58062 1.58062 1.58062 1.58062 1.66425 1.75574 1.75404 1.72291 1.72210 1.72210 1.72210 1.72210 1.72210 1.72210 1.72210 1.76039 1.94583 2.14586 2.34590 2.53528 2.56642 2.53068 2.49453 2.46064 3.08775 2.75701 2.70455 2.70455 2.70455 2.70455 2.70455 2.70455 2.70455 2.70455 2.70455
