High_resolution/powerplant/Shangrao/OMI_NO2_200807.asc
ncols      200
nrows      200
xllcorner       115.451
yllcorner       27.0350
cellsize     0.0166667
NODATA_Value      -999.000
[rows 60 to 89 of 175, columns 132 to 197 of 200]
1.70145 1.71196 1.71136 1.70202 1.64893 1.50880 1.51899 1.48133 1.25187 1.24849 1.20118 0.928472 0.906052 0.906052 0.960372 0.950568 0.882961 0.745780 0.697975 0.697975 0.697975 0.697975 0.714458 0.799017 0.790806 0.764827 0.816167 0.816196 0.816196 0.816196 0.862377 0.941281 0.941281 0.941296 0.950316 0.961692 0.949842 0.916476 0.744903 0.721119 0.705583 0.649019 0.661775 0.677575 0.693355 0.671810 0.604841 0.604841 0.604841 0.604841 0.604841 0.606165 0.627100 0.737854 0.790592 0.819768 0.928153 0.995536 0.995536 0.995536 0.997832 1.02971 1.06339 1.09050 1.10893 1.11052
1.69526 1.70681 1.71941 1.74059 1.74312 1.54405 1.53965 1.53716 1.29517 1.27897 1.28249 1.01536 0.922969 0.913711 0.948528 1.00010 0.896780 0.822394 0.718864 0.721223 0.723628 0.726014 0.728580 0.817026 0.790806 0.773762 0.803425 0.816474 0.816620 0.816767 0.830288 0.942140 0.944321 0.946853 0.944712 0.860286 0.854047 0.865741 0.818406 0.803637 0.817822 0.760399 0.731901 0.736872 0.765188 0.769110 0.706066 0.748772 0.798717 0.858348 0.930252 1.01428 1.03779 1.01813 0.995536 0.995536 0.995536 1.01816 1.05424 1.08308 1.10556 1.11052 1.11052 1.11052 1.11052 1.11052
1.79184 1.78557 1.77936 1.77353 1.76800 1.61384 1.58144 1.58320 1.41273 1.33251 1.33152 1.13716 0.993930 0.963166 0.975400 1.07305 0.955901 0.918001 0.773834 0.787952 0.802144 0.809887 0.802645 0.807707 0.705481 0.679744 0.777768 0.818188 0.828321 0.843109 0.857915 0.977180 1.00917 1.02100 1.02862 0.924326 0.920577 0.936835 0.924846 0.914621 0.963067 0.999120 1.04250 1.08629 1.09761 1.02670 1.03439 1.03779 1.03779 1.03779 1.03779 1.03779 1.03779 1.02322 0.994168 1.01589 1.10015 1.11052 1.11052 1.11052 1.11052 1.11053 1.11655 1.12776 1.13897 1.15017
1.77480 1.77478 1.77478 1.77478 1.77478 1.66078 1.58726 1.58726 1.47810 1.33396 1.33496 1.22629 1.03833 1.00333 1.01553 1.13782 1.05977 1.00183 0.851822 0.797813 0.775821 0.760753 0.766671 0.775953 0.700411 0.698784 0.798278 0.904331 0.923913 0.940275 0.957804 1.05937 1.14496 1.17263 1.20497 1.14392 1.08849 1.09778 1.10361 1.09836 1.09838 1.09838 1.09838 1.09838 1.09838 1.05470 1.02519 1.03779 1.03779 1.03779 1.03779 1.03779 1.03779 1.03779 0.986317 0.996739 1.10257 1.11355 1.12437 1.13557 1.14677 1.15797 1.16315 1.16315 1.16315 1.16315
1.77478 1.77478 1.77389 1.74896 1.71318 1.60956 1.47087 1.44052 1.41267 1.42751 1.44159 1.39608 1.11976 1.05335 1.03948 1.06880 1.02042 0.950370 0.871143 0.796344 0.821542 0.849755 0.871911 0.891270 0.862631 0.858664 0.930983 1.06011 1.05770 1.05570 1.08510 1.13888 1.23529 1.23696 1.23740 1.20316 1.11047 1.11047 1.11025 1.09898 1.09838 1.09838 1.09838 1.09838 1.09838 1.07711 1.01874 1.03779 1.03779 1.03779 1.03779 1.03779 1.04394 1.11576 1.05741 1.04484 1.12476 1.16276 1.16315 1.16315 1.16315 1.16315 1.17653 1.25626 1.36076 1.46064
1.60136 1.55739 1.52252 1.51176 1.51176 1.50705 1.49434 1.49672 1.49083 1.54479 1.50214 1.47792 1.17811 1.11825 1.10650 1.07889 1.05498 0.977966 0.969006 0.958003 0.961489 0.961489 0.961489 0.959602 0.924672 0.882640 0.891618 0.982826 0.973289 1.00024 1.11352 1.12173 1.23606 1.23740 1.23740 1.23410 1.11670 1.11047 1.11047 1.10222 1.09838 1.09838 1.09838 1.09838 1.09838 1.09452 1.01596 1.03779 1.07563 1.16493 1.25447 1.34405 1.42739 1.44422 1.29883 1.31130 1.42889 1.49326 1.57942 1.66558 1.75158 1.83769 1.89401 1.89832 1.89787 1.89787
1.54020 1.50688 1.49867 1.49046 1.47932 1.44056 1.40001 1.36267 1.32544 1.33403 1.28116 1.17207 1.14850 1.09950 1.02780 1.02581 1.03779 1.00805 0.990263 0.954862 0.943531 0.936547 0.929960 0.925122 0.910153 0.865528 0.865655 0.952685 0.971859 0.972815 1.10159 1.11352 1.21180 1.23740 1.23740 1.23740 1.15056 1.11047 1.11047 1.10533 1.09838 1.09838 1.09838 1.10165 1.12729 1.15781 1.16273 1.33437 1.39069 1.37925 1.36933 1.36082 1.35338 1.34708 1.45643 2.20698 2.20107 1.93360 1.91891 1.91891 1.91891 1.91720 1.89806 1.89787 1.88743 1.86813
1.40007 1.31066 1.27340 1.23605 1.20172 1.19344 1.18237 1.14858 1.10707 1.09529 1.09450 1.03905 1.06146 1.07445 1.01126 1.00206 0.993975 0.987929 0.957096 0.939192 0.924801 0.924801 0.924801 0.924801 0.920896 0.865652 0.865528 0.919657 0.971859 0.971859 1.06316 1.11352 1.17933 1.23740 1.23740 1.23740 1.18774 1.11434 1.12493 1.14346 1.15610 1.18448 1.21099 1.23287 1.22214 1.20156 1.16760 1.23941 1.34552 1.34552 1.34552 1.34552 1.34552 1.34552 1.34569 2.10870 2.20812 2.00273 1.85207 1.81543 1.79536 1.77653 1.77183 1.76134 1.75757 1.76043
1.26394 1.19134 1.18029 1.15121 1.10970 1.06969 1.03926 1.03151 1.02119 1.01061 1.04260 0.967445 0.944448 0.979823 0.979935 0.979934 0.979934 0.988919 0.957678 0.951884 0.930541 0.932999 0.935535 0.938008 0.940494 0.878341 0.865528 0.892753 0.971859 0.975628 1.03815 1.13857 1.18272 1.28398 1.29296 1.29109 1.27649 1.26074 1.26404 1.25164 1.17340 1.15065 1.12954 1.10877 1.10166 1.10166 1.09165 1.13183 1.34552 1.34552 1.34552 1.34552 1.34552 1.34552 1.34552 1.89983 2.20812 2.09534 1.79473 1.73457 1.73723 1.74080 1.75509 1.76115 1.74472 1.72837
1.17335 1.10228 1.07433 1.05409 1.03348 1.01288 0.992239 0.971609 0.961325 0.964250 1.02910 1.00125 0.978851 1.03172 1.04025 1.04284 1.04530 1.06007 1.02002 1.01748 0.996030 0.996377 1.00448 1.01307 1.02689 0.965726 0.944347 0.976998 1.04663 1.05738 1.05950 1.16440 1.13545 1.20231 1.15385 1.12190 1.09376 1.14988 1.16256 1.16371 1.12131 1.11088 1.11135 1.09592 1.08014 1.06942 1.05702 1.06999 1.34543 1.34552 1.34552 1.34552 1.34552 1.34552 1.34552 1.69099 2.20789 2.19551 1.85658 1.74183 1.72297 1.70423 1.69561 1.70181 1.70073 1.68608
0.990543 1.01541 0.998384 0.985586 0.985551 0.985551 0.985551 0.985551 0.985551 0.985551 1.03205 1.03491 0.993086 1.02988 1.05657 1.06521 1.07380 1.08516 1.07257 1.06875 1.08530 1.10793 1.13041 1.15377 1.17104 1.10228 0.997586 0.963075 0.926503 0.872080 0.830685 0.983401 1.02615 1.07076 1.08861 1.09332 1.09756 1.13833 1.16747 1.16370 1.12970 1.09466 1.08964 1.07169 1.04511 1.04511 1.04511 1.04511 1.28664 1.34552 1.34552 1.34552 1.34552 1.34552 1.34552 1.48150 2.09852 2.03079 1.83917 1.67496 1.66464 1.63641 1.60975 1.62086 1.59782 1.58851
0.931462 0.968234 0.985551 0.985551 0.985551 0.985551 0.986397 0.988999 0.991661 0.994318 1.03770 1.09727 1.05008 1.07900 1.12708 1.14857 1.17121 1.19522 1.20291 1.16910 1.16331 1.15156 1.13053 1.10162 1.06090 0.969966 0.778909 0.758744 0.795399 0.910261 0.920076 0.997820 1.05516 1.06607 1.07991 1.06880 1.05658 1.07904 1.15047 1.15047 1.13387 1.08959 1.08959 1.08151 1.04511 1.04511 1.04511 1.04511 1.19569 1.34552 1.34552 1.34663 1.35009 1.35298 1.35536 1.35735 1.85186 1.83600 1.74837 1.56818 1.53977 1.53927 1.53927 1.57865 1.58851 1.58851
0.935849 0.964079 0.995253 0.997915 1.00057 1.00323 1.00504 1.00510 1.00493 0.991173 0.990562 1.06102 1.10628 1.16905 1.23590 1.23424 1.22236 1.21575 1.20807 1.11392 1.10434 0.962489 0.941209 0.931174 0.931038 0.915394 0.693414 0.691903 0.727415 0.963367 0.979075 0.994447 0.996765 1.00900 1.05224 1.05224 1.05224 1.05343 1.14427 1.15047 1.14767 1.09069 1.08959 1.08882 1.04742 1.04511 1.04511 1.05318 1.14971 1.35308 1.35544 1.34933 1.33511 1.32080 1.30650 1.29380 1.65258 1.70784 1.70679 1.57419 1.54319 1.53158 1.52017 1.51302 1.48932 1.46532
0.951010 0.965397 1.00510 1.00496 0.991612 0.969637 0.947531 0.925600 0.905901 0.902344 0.908069 1.01773 1.09981 1.20152 1.17337 1.17270 1.19037 1.20266 1.20496 1.08190 1.07279 0.979682 0.943183 0.953344 0.964428 0.976350 0.738653 0.688602 0.688787 0.963523 0.996765 0.996765 0.996765 0.997617 1.04912 1.05224 1.05224 1.05224 1.12078 1.15047 1.15047 1.10281 1.08959 1.08817 1.05488 1.08217 1.11504 1.11674 1.12122 1.32041 1.32875 1.34356 1.36510 1.38553 1.39292 1.39627 1.56874 1.64720 1.60775 1.52641 1.47609 1.47574 1.47574 1.46346 1.42769 1.42769
0.915997 0.901073 0.934299 0.917468 0.913721 0.918562 0.923401 0.928243 0.929635 0.927206 0.941235 1.03580 1.11585 1.28023 1.23064 1.20262 1.21039 1.22756 1.24592 1.17030 1.13494 1.08977 0.987630 0.987630 0.987630 0.987630 0.809348 0.688602 0.688602 0.887429 0.996765 0.996765 0.996765 0.996765 1.03545 1.05224 1.05224 1.05224 1.09234 1.14844 1.14095 1.11412 1.09423 1.09544 1.08614 1.11509 1.17421 1.19592 1.22818 1.39368 1.40780 1.39260 1.37859 1.36643 1.36384 1.36384 1.42662 1.61724 1.57000 1.52972 1.46828 1.46311 1.45791 1.45125 1.40110 1.39431
0.875669 0.876932 0.922986 0.931021 0.928214 0.923572 0.935288 0.951681 0.969427 0.988266 0.990628 1.05100 1.13872 1.32560 1.34354 1.32264 1.30543 1.30237 1.30237 1.24366 1.14641 1.13321 0.988740 0.987630 0.987630 0.987630 0.871616 0.687116 0.685913 0.803553 0.979569 0.975690 0.972243 0.979185 1.01319 1.05234 1.05928 1.06420 1.07140 1.12569 1.12459 1.12009 1.11351 1.12232 1.12674 1.13242 1.21267 1.21700 1.21295 1.23050 1.24194 1.22029 1.23179 1.28050 1.25346 1.22780 1.20663 1.40326 1.32569 1.31213 1.42106 1.43027 1.42988 1.42784 1.39006 1.37534
0.869597 0.861294 0.907657 0.947166 0.966653 0.987979 1.00384 1.02721 1.05058 1.07396 1.09733 1.13089 1.22386 1.33865 1.40994 1.34305 1.32271 1.31012 1.31052 1.29353 1.15538 1.15579 1.03975 1.00037 1.00063 0.975466 0.858322 0.690139 0.702481 0.749591 0.958436 0.971119 0.984450 0.989525 1.00225 1.03624 1.04598 1.05550 1.06616 1.10809 1.12848 1.13010 1.11744 1.13313 1.15061 1.04462 1.07527 1.06954 1.05294 1.04636 1.05227 1.04811 1.06398 1.14557 1.14557 1.14557 1.14557 1.32438 1.31349 1.31050 1.39273 1.42402 1.42305 1.42506 1.40411 1.38145
0.857874 0.886568 0.967960 1.05579 1.07887 1.10196 1.11419 1.11419 1.11419 1.11419 1.11419 1.11501 1.21969 1.28793 1.42527 1.35488 1.33569 1.30406 1.27143 1.23867 1.06677 1.01473 0.897404 0.739050 0.697306 0.680974 0.665503 0.732967 0.783715 0.832297 1.03296 1.06972 1.08856 1.10850 1.12684 1.11104 1.12568 1.14363 1.16164 1.19861 1.23865 1.25655 1.25905 1.25803 1.25803 1.02894 0.988688 1.01825 1.01825 1.02003 1.04771 1.04811 1.04980 1.14220 1.14557 1.14557 1.14557 1.26596 1.33745 1.31426 1.36958 1.42957 1.43092 1.44632 1.47476 1.47701
0.994511 0.998884 1.02569 1.11419 1.11419 1.11419 1.11419 1.11419 1.11419 1.11532 1.13484 1.16085 1.17266 1.14518 1.28559 1.20927 1.14747 1.05831 1.05872 1.05705 0.959512 0.901281 0.888104 0.734225 0.782663 0.831739 0.872652 0.918156 0.999373 1.01576 1.14358 1.21505 1.23299 1.25103 1.26669 1.24558 1.23305 1.23305 1.23305 1.24003 1.27426 1.27426 1.26515 1.25803 1.25803 1.10268 0.969762 1.01825 1.01825 1.01825 1.04175 1.04811 1.04811 1.12244 1.14676 1.14942 1.15208 1.21310 1.37902 1.37248 1.44193 1.55290 1.59213 1.61624 1.61565 1.57090
0.981897 0.998889 1.00895 1.14414 1.18071 1.21571 1.24999 1.28363 1.31665 1.35631 1.37096 1.37976 1.30522 1.20882 1.31830 1.31705 1.30221 1.31323 1.27532 1.20884 1.22436 1.15929 1.22108 1.03115 1.00629 1.02425 1.04218 1.02254 1.10631 1.10631 1.18005 1.26892 1.26892 1.26892 1.26892 1.25498 1.23305 1.23305 1.23305 1.23308 1.26914 1.27426 1.26915 1.25803 1.25803 1.17642 0.956832 1.01225 1.01825 1.01825 1.03506 1.05139 1.05361 1.11034 1.14780 1.13444 1.12109 1.11378 1.36952 1.54050 1.53936 1.60208 1.56380 1.52586 1.47402 1.39204
1.19821 1.27689 1.30248 1.39285 1.41140 1.41140 1.41187 1.43454 1.47083 1.52610 1.58186 1.64282 1.64765 1.49168 1.53292 1.56405 1.55585 1.62098 1.67907 1.64466 1.63078 1.35059 1.34941 1.18570 1.04670 1.04670 1.04670 0.996628 1.10631 1.10631 1.13702 1.26892 1.26892 1.26892 1.26892 1.26439 1.23305 1.23305 1.23305 1.23305 1.25711 1.27426 1.27304 1.25811 1.25803 1.24444 0.964219 0.998324 1.02382 1.02332 1.02186 1.03259 1.03245 1.07238 1.12052 1.11978 1.11899 1.10657 1.10022 1.17936 1.14745 1.18701 1.20738 1.19156 1.18883 1.17879
1.23016 1.31488 1.33194 1.43030 1.51612 1.58053 1.68476 1.74298 1.77888 1.82466 1.85791 1.88046 1.89702 1.71714 1.73182 1.76143 1.73555 1.73911 1.76598 1.66549 1.65965 1.40516 1.34941 1.27988 1.04670 1.04670 1.04670 0.989210 1.08765 1.10631 1.10693 1.25697 1.26892 1.26892 1.26892 1.26892 1.23791 1.23305 1.23305 1.23305 1.24504 1.27426 1.27603 1.26701 1.26779 1.26207 1.01529 0.951990 0.976323 0.965700 0.964716 0.966997 0.952027 0.988687 1.02516 1.00473 0.984341 0.975570 0.936056 0.986865 1.05704 1.11118 1.18887 1.19193 1.19669 1.19707
1.32789 1.53333 1.63414 1.70670 1.79269 1.79337 1.84110 1.86709 1.87854 1.91514 1.95719 1.98555 2.00155 1.84465 1.76509 1.74811 1.70053 1.66371 1.76005 1.69041 1.65965 1.48861 1.34941 1.34675 1.07395 1.04670 1.04670 1.03455 1.01636 1.10631 1.10631 1.22163 1.26892 1.26892 1.26892 1.26892 1.25002 1.23974 1.24507 1.25326 1.25794 1.29429 1.29167 1.27122 1.26032 1.27331 1.11684 0.978154 1.04376 1.05828 1.06937 0.965089 0.939718 0.994219 0.980098 0.990579 1.00559 1.02123 1.01532 1.01581 1.16519 1.19051 1.22993 1.23560 1.23560 1.21264
1.37941 1.50792 1.67873 1.70833 1.81043 1.84144 1.90129 1.96066 1.97780 1.97159 1.96797 1.94884 1.92984 1.81047 1.67241 1.67031 1.64655 1.60756 1.69086 1.67529 1.61293 1.52194 1.29592 1.29249 1.10514 0.983050 0.979612 0.976269 1.10173 1.27903 1.28368 1.35038 1.42450 1.42837 1.43350 1.44129 1.42358 1.38964 1.38834 1.38594 1.38885 1.45233 1.49081 1.50087 1.49055 1.49055 1.37805 1.15750 1.22657 1.27372 1.30063 1.21731 1.14247 1.18001 1.13365 1.11619 1.11619 1.11619 1.11242 1.02935 1.20555 1.21395 1.19077 1.11066 1.05061 1.01419
1.41441 1.49425 1.74077 1.77431 1.85260 1.83657 1.82400 1.86436 1.84743 1.83955 1.85711 1.85812 1.85812 1.81460 1.63006 1.63006 1.62126 1.56640 1.61322 1.65477 1.56582 1.56296 1.29255 1.29892 1.22525 1.02850 1.04464 1.06079 1.14713 1.30827 1.30948 1.33925 1.44053 1.43853 1.43502 1.42833 1.43271 1.44259 1.42759 1.37959 1.33113 1.31358 1.30845 1.25724 1.18313 1.13500 1.11483 1.33940 1.37287 1.42300 1.42300 1.35750 1.18344 1.19433 1.15414 1.11619 1.11619 1.11619 1.11619 1.04289 1.15572 1.21514 1.17680 1.01681 1.01833 1.01894
1.54104 1.54504 1.69381 1.71127 1.75310 1.76639 1.76639 1.82996 1.83937 1.83937 1.85318 1.85812 1.85812 1.84564 1.65253 1.65370 1.66370 1.62275 1.64427 1.76549 1.68374 1.68877 1.45789 1.37853 1.36882 1.09007 1.07685 1.07091 1.08561 1.29826 1.29124 1.25398 1.32706 1.28165 1.23361 1.18511 1.13661 1.08826 1.05760 1.05706 1.05706 1.06627 1.13083 1.13089 1.10688 1.10252 1.10252 1.28692 1.34917 1.42207 1.42300 1.41701 1.19267 1.19006 1.17138 1.11619 1.11622 1.11744 1.11928 1.07069 1.10702 1.21775 1.20234 1.01430 0.976009 0.962456
1.52154 1.52154 1.62005 1.70223 1.73991 1.76580 1.74153 1.75514 1.75364 1.72056 1.69232 1.65854 1.62086 1.59352 1.64524 1.66520 1.65934 1.61574 1.58650 1.67815 1.66539 1.65052 1.53329 1.33973 1.25350 1.03456 0.940429 0.916850 0.917189 1.07707 1.11495 1.11451 1.07518 1.05706 1.05706 1.05706 1.05706 1.05706 1.05706 1.05706 1.05706 1.05706 1.11854 1.13089 1.11383 1.10252 1.10252 1.22415 1.34269 1.40393 1.42300 1.42300 1.24173 1.18676 1.19004 1.12119 1.12380 1.14435 1.17244 1.17296 1.13751 1.14589 1.14497 1.03512 0.955004 0.958818
1.40068 1.39889 1.41309 1.50373 1.49023 1.49260 1.47891 1.51576 1.58537 1.58525 1.57070 1.53635 1.53635 1.53126 1.55888 1.59615 1.58651 1.53241 1.43227 1.45382 1.44462 1.39881 1.33412 1.01676 1.01056 0.963415 0.882053 0.882053 0.884474 1.02086 1.11451 1.11451 1.08939 1.05706 1.05706 1.05706 1.05706 1.05706 1.05706 1.05706 1.05706 1.05706 1.09706 1.13089 1.12078 1.10252 1.10252 1.16786 1.34400 1.39805 1.42703 1.42933 1.31853 1.22725 1.25710 1.20765 1.23750 1.25789 1.27074 1.27736 1.22160 1.26461 1.32471 1.31539 1.13656 1.17944
1.12172 1.23112 1.24067 1.40807 1.42310 1.47598 1.47598 1.48422 1.56984 1.56079 1.54731 1.49282 1.48308 1.47858 1.50253 1.57075 1.56088 1.51859 1.33300 1.34617 1.38311 1.36194 1.35973 1.08342 1.01056 1.00108 0.883951 0.882053 0.882053 0.968603 1.11451 1.11451 1.10363 1.05706 1.05706 1.05706 1.05706 1.05706 1.05706 1.05706 1.05706 1.05706 1.07557 1.13089 1.12821 1.12768 1.16598 1.22321 1.55057 1.60077 1.56676 1.61624 1.58799 1.38322 1.42402 1.44087 1.49574 1.55371 1.61514 1.68252 1.66953 1.64510 1.63603 1.63337 1.26276 1.22873
1.08072 1.23079 1.23057 1.37055 1.41213 1.47259 1.47520 1.47509 1.51745 1.52795 1.53939 1.50249 1.48585 1.47600 1.45927 1.52638 1.53185 1.54116 1.36650 1.36349 1.39042 1.36194 1.36194 1.18823 1.01056 1.01056 0.914090 0.882053 0.882053 0.921345 1.10706 1.11451 1.11403 1.06090 1.05706 1.05706 1.05706 1.05706 1.05706 1.05706 1.05592 1.07551 1.11266 1.22815 1.29574 1.37696 1.42207 1.45488 1.72624 1.78676 1.69743 1.67603 1.66798 1.65317 1.65736 1.69364 1.73726 1.73726 1.73726 1.73726 1.69136 1.65085 1.63603 1.63603 1.37296 1.22873
