High_resolution/powerplant/Shangrao/OMI_NO2_201107.asc
ncols      200
nrows      200
xllcorner       115.451
yllcorner       27.0350
cellsize     0.0166667
NODATA_Value      -999.000
[rows 58 to 86 of 200, columns 67 to 133 of 200]
1.75229 1.76314 1.76314 1.76620 1.82201 1.77677 1.68892 1.49695 1.44977 1.42378 1.43561 1.46524 1.49469 1.43107 1.49140 1.50905 1.50905 1.50905 1.50905 1.58955 1.75590 1.75590 1.75590 1.75590 1.74336 1.69690 1.64856 1.60699 1.72087 1.85807 1.95005 2.05419 2.20620 2.31611 2.34024 2.34944 2.35642 2.35657 2.35657 2.35657 2.35657 2.38243 2.43179 2.48116 2.53056 2.56663 2.56839 2.56839 2.26031 0.404446 0.392921 0.392921 0.392921 0.399910 0.473847 0.548860 0.609926 0.655912 0.663027 0.663027 0.663027 0.663027 0.663027 0.663027 0.663027 0.881024 1.06229
1.64150 1.64932 1.60876 1.56807 1.56137 1.58220 1.59952 1.48332 1.49847 1.50623 1.50623 1.50623 1.50623 1.46573 1.45610 1.50905 1.50905 1.50905 1.50905 1.53083 1.75100 1.71095 1.66263 1.61671 1.63126 1.69820 1.76535 1.83020 2.06346 2.19074 2.18144 2.20558 2.34959 2.35657 2.35657 2.35657 2.35899 2.39675 2.44611 2.49550 2.54488 2.56839 2.56839 2.56839 2.56839 2.56839 2.56839 2.56839 2.56490 0.725540 0.392921 0.392921 0.392921 0.484872 0.663027 0.663027 0.663027 0.663027 0.663027 0.663027 0.663027 0.663538 0.717299 0.807209 0.897120 0.983254 0.923971
1.42477 1.55689 1.57538 1.59389 1.62318 1.64093 1.64093 1.55968 1.50623 1.50623 1.50623 1.50623 1.50623 1.49847 1.42270 1.50905 1.50868 1.48435 1.44609 1.44127 1.64982 1.75605 1.81863 1.87812 1.88974 1.88277 1.87748 1.87716 1.96471 2.17039 2.17532 2.19016 2.32182 2.41107 2.46045 2.50982 2.55678 2.56839 2.56839 2.56839 2.56839 2.56839 2.56839 2.56839 2.56839 2.56839 2.56839 2.56839 2.56839 1.34798 0.392921 0.392921 0.392921 0.399193 0.649422 0.663027 0.666419 0.732725 0.822543 0.912407 1.00222 1.09167 1.12768 1.12768 1.12768 1.12293 0.945635
1.46977 1.60323 1.61494 1.61494 1.61975 1.64093 1.64093 1.60093 1.50623 1.50623 1.50623 1.50623 1.50623 1.49233 1.38558 1.49280 1.51602 1.55219 1.60125 1.61694 1.75027 1.87787 1.87716 1.87716 1.87716 1.87716 1.87716 1.87716 1.92211 2.17019 2.25411 2.29905 2.48066 2.56839 2.56839 2.56839 2.56839 2.56839 2.56839 2.56839 2.56839 2.56839 2.56839 2.56839 2.56839 2.56839 2.56839 2.56839 2.56839 1.97414 0.392921 0.406303 0.520399 0.655126 0.888707 1.01760 1.10403 1.12768 1.12768 1.12768 1.12768 1.13697 1.17382 1.21243 1.25105 1.28817 1.14171
1.47272 1.56313 1.61494 1.61494 1.61505 1.63849 1.64093 1.63640 1.51203 1.50889 1.51274 1.51466 1.48547 1.45360 1.42321 1.55391 1.60705 1.60605 1.60605 1.60605 1.67402 1.87716 1.87716 1.87716 1.88576 1.90271 1.91965 1.93660 1.95366 2.18684 2.31653 2.31666 2.42590 2.56825 2.56839 2.56839 2.56839 2.56839 2.56839 2.56839 2.56839 2.56839 2.56839 2.56839 2.56839 2.56839 2.56065 2.50247 2.42044 2.21273 1.04627 1.06913 1.08990 1.08990 1.10526 1.12768 1.12790 1.15121 1.18984 1.22846 1.26710 1.29639 1.29820 1.29820 1.29820 1.29820 1.20362
1.47272 1.51598 1.61494 1.61494 1.61749 1.66521 1.68771 1.67186 1.53422 1.44326 1.39361 1.34590 1.32926 1.32926 1.34396 1.49136 1.60605 1.60605 1.60666 1.61556 1.64615 1.89927 1.92225 1.93919 1.94755 1.94755 1.94755 1.94755 1.94755 2.07175 2.31598 2.31653 2.37238 2.54489 2.56839 2.56839 2.56839 2.56839 2.56839 2.56839 2.56839 2.56016 2.50101 2.41910 2.31375 2.17263 2.00554 1.97845 1.97845 1.97845 1.37712 1.08990 1.09786 1.14922 1.20710 1.24502 1.28289 1.29820 1.29820 1.29820 1.29820 1.29820 1.29820 1.29820 1.28781 1.25326 1.18506
1.50131 1.55525 1.68680 1.65244 1.60412 1.53647 1.49424 1.46434 1.41303 1.32926 1.32926 1.32926 1.32926 1.33503 1.34646 1.45514 1.65645 1.68137 1.70557 1.72147 1.72625 1.88302 1.94755 1.94755 1.94755 1.94755 1.94755 1.94755 1.94755 1.99880 2.27662 2.31653 2.34264 2.50476 2.56839 2.56839 2.55953 2.50028 2.41766 2.31132 2.17065 2.00442 1.97845 1.97845 1.97845 1.97845 1.97845 1.97845 2.07215 2.31881 1.96412 1.28913 1.33913 1.34568 1.34568 1.30933 1.29820 1.29820 1.29820 1.29820 1.28971 1.25580 1.22026 1.18469 1.15956 1.15855 1.15853
1.54708 1.48660 1.44021 1.43797 1.43797 1.44032 1.46383 1.46668 1.46631 1.35540 1.36520 1.37790 1.40077 1.41980 1.43335 1.49530 1.69443 1.72625 1.72625 1.72625 1.72625 1.82025 1.94755 1.94755 1.94755 1.94755 1.94755 1.94406 1.93671 1.93992 2.20984 2.31046 2.26814 2.30249 2.31011 2.16767 2.00238 1.97845 1.97845 1.97845 1.97845 1.97845 1.97845 1.98177 2.14339 2.39251 2.64152 2.89054 3.04585 3.04809 2.77706 1.40353 1.34568 1.34568 1.34568 1.32339 1.29137 1.25839 1.22282 1.18728 1.16023 1.15855 1.15855 1.15855 1.15855 1.15855 1.15855
1.43075 1.43282 1.49100 1.55627 1.62517 1.69395 1.56751 1.52298 1.49916 1.43112 1.43543 1.44752 1.44945 1.44945 1.44945 1.47510 1.63803 1.72625 1.72625 1.72625 1.72625 1.76461 1.94755 1.94580 1.93880 1.93144 1.92191 1.88755 1.84826 1.79902 1.85037 1.96503 1.91174 1.98287 1.98473 1.97845 1.97845 1.97845 1.97845 2.00455 2.21688 2.46600 2.71501 2.96081 3.04809 3.04809 3.04809 3.04809 3.04809 3.04809 3.03889 1.68179 1.34568 1.34568 1.34568 1.33063 1.16311 1.15855 1.15855 1.15855 1.15855 1.15855 1.15855 1.15855 1.15809 1.10958 1.02892
1.79211 1.87606 1.89943 1.81427 1.78531 1.75846 1.57721 1.42186 1.41935 1.43322 1.44945 1.44945 1.44945 1.44945 1.44945 1.45364 1.57967 1.72625 1.72625 1.72577 1.72092 1.71616 1.88021 1.85448 1.80842 1.73705 1.66524 1.62179 1.58705 1.56236 1.58671 1.81687 1.83804 1.91335 2.01077 2.04905 2.29057 2.53959 2.78849 3.01151 3.04809 3.04809 3.04809 3.04809 3.04809 3.04809 3.04809 3.04809 3.04809 3.04809 3.04809 2.05171 1.34568 1.34568 1.34568 1.34568 1.19356 1.15855 1.15855 1.15560 1.09627 1.01573 0.935269 0.854601 0.774516 0.742523 0.742523
1.86359 1.83002 1.79644 1.72731 1.70658 1.70658 1.63072 1.41935 1.41935 1.42404 1.44945 1.44945 1.44945 1.44945 1.44945 1.44941 1.51041 1.69046 1.66265 1.62290 1.56667 1.50803 1.56593 1.59225 1.56399 1.56135 1.56135 1.56135 1.56135 1.56135 1.56736 1.78947 1.96658 2.08843 2.58384 3.04050 3.04809 3.04809 3.04809 3.04809 3.04809 3.04809 3.04809 3.04809 3.04809 3.04809 3.04809 3.04809 3.04809 3.04809 3.04809 2.56076 1.35591 1.34568 1.33420 1.23248 1.05383 0.921997 0.841413 0.763865 0.742523 0.742523 0.742523 0.742523 0.726061 0.679710 0.632694
1.76651 1.76651 1.76651 1.74443 1.70658 1.70658 1.69799 1.43049 1.41935 1.41935 1.44497 1.44945 1.44611 1.43558 1.42502 1.41876 1.42812 1.45296 1.44615 1.42133 1.41729 1.41729 1.46623 1.56135 1.56135 1.56135 1.56163 1.57245 1.58861 1.60475 1.62089 1.82884 2.19459 2.19508 2.54550 3.04735 3.04809 3.04809 3.04809 3.04809 3.04809 3.04809 3.04809 3.04809 3.04809 3.04809 3.04809 3.04809 3.04809 3.03259 2.94954 2.80820 1.20653 0.850192 0.740798 0.721640 0.725144 0.742487 0.742523 0.740923 0.706835 0.659798 0.612823 0.565827 0.535294 0.534670 0.534670
1.76651 1.76651 1.76651 1.76370 1.70867 1.70658 1.70658 1.50000 1.41394 1.40375 1.41228 1.42136 1.42009 1.42600 1.43197 1.43367 1.42013 1.37721 1.41729 1.41729 1.41729 1.41759 1.44044 1.57495 1.59114 1.60729 1.62316 1.62848 1.62848 1.63386 1.64528 1.69165 2.17626 2.19459 2.39102 2.91649 3.04809 3.04809 3.04809 3.04809 3.04809 3.04809 3.04809 3.04809 3.03199 2.94874 2.88078 2.82973 2.78974 2.76174 2.75844 2.75844 1.46360 0.721640 0.721640 0.705209 0.638239 0.629737 0.592952 0.547536 0.534670 0.534670 0.534670 0.534670 0.534670 0.534670 0.534670
1.76651 1.76651 1.76647 1.76271 1.71474 1.69067 1.68573 1.55389 1.39470 1.40028 1.41081 1.43367 1.43367 1.43367 1.43367 1.43367 1.43808 1.38440 1.44596 1.46882 1.49313 1.51716 1.53270 1.61149 1.62848 1.63106 1.64212 1.65261 1.66194 1.66682 1.66685 1.67089 2.05029 2.19459 2.28816 2.75902 3.04809 3.04809 3.04809 3.03139 2.94795 2.88043 2.82928 2.78938 2.76161 2.75844 2.75844 2.75844 2.75844 2.75844 2.75820 2.65656 1.78723 0.537939 0.467446 0.413383 0.409860 0.483350 0.534670 0.534670 0.534670 0.534670 0.534670 0.547586 0.578757 0.610064 0.641371
1.74748 1.75307 1.75472 1.76007 1.73514 1.69047 1.69079 1.64156 1.40356 1.40356 1.40564 1.44324 1.45696 1.46835 1.48256 1.50613 1.52596 1.49041 1.52188 1.53547 1.53547 1.53639 1.54791 1.60798 1.65936 1.66630 1.66685 1.66685 1.66685 1.66666 1.66260 1.65693 1.87143 2.19459 2.20932 2.63047 2.87994 2.82883 2.78903 2.76147 2.75844 2.75844 2.75844 2.75844 2.75844 2.75844 2.74798 2.60270 2.41650 2.22999 2.04395 1.95933 1.72452 0.471670 0.409860 0.409860 0.409860 0.439939 0.534670 0.545498 0.576351 0.607646 0.638940 0.657319 0.657442 0.657442 0.657442
1.71794 1.77411 1.77411 1.77411 1.76841 1.67732 1.65016 1.62429 1.45691 1.45713 1.48361 1.52397 1.52807 1.54099 1.55110 1.55184 1.55184 1.52716 1.51358 1.55754 1.56998 1.58065 1.58294 1.60559 1.66685 1.66685 1.66422 1.65860 1.65298 1.64738 1.64387 1.64146 1.70500 2.25061 2.31715 2.52269 2.74889 2.75844 2.75844 2.75844 2.75844 2.75844 2.72216 2.54892 2.36264 2.17637 2.00040 1.95933 1.95933 1.95933 1.95933 1.95933 1.94616 0.695277 0.409860 0.409860 0.409860 0.409954 0.612517 0.657000 0.657442 0.657442 0.657442 0.657442 0.657442 0.657442 0.657442
1.63523 1.70770 1.67615 1.64459 1.61321 1.56430 1.57051 1.62434 1.62643 1.64965 1.68750 1.64412 1.55184 1.55184 1.55606 1.56904 1.58110 1.58915 1.54321 1.58294 1.58294 1.58294 1.58187 1.58123 1.65278 1.64722 1.64180 1.64134 1.64781 1.65562 1.66622 1.67845 1.70305 2.40370 2.55242 2.55242 2.69546 2.75844 2.68077 2.49530 2.30878 2.12259 1.97243 1.95933 1.95933 1.95933 1.95933 1.95933 1.95933 1.95933 1.95933 1.95933 1.95933 1.12750 0.409860 0.409860 0.409860 0.409860 0.569672 0.657442 0.657442 0.657442 0.657761 0.664074 0.672659 0.681240 0.689829
1.46203 1.59995 1.62622 1.69392 1.76220 1.78957 1.77196 1.77276 1.74305 1.68883 1.68964 1.68899 1.58123 1.58900 1.59632 1.59659 1.59659 1.59659 1.54740 1.57532 1.57291 1.56620 1.56121 1.56330 1.63056 1.66456 1.67662 1.68694 1.68774 1.68774 1.68774 1.68774 1.68771 2.11951 2.42169 2.23542 2.13324 2.06881 1.96005 1.95933 1.95933 1.95933 1.95933 1.95933 1.95933 1.95933 1.95933 1.95933 1.95933 1.95933 1.95933 1.95933 1.95933 1.55056 0.432067 0.409860 0.409860 0.411042 0.498847 0.674010 0.682590 0.691184 0.699446 0.701717 0.701717 0.701717 0.701717
1.63984 1.80072 1.87599 1.87657 1.87657 1.86725 1.77424 1.77447 1.77005 1.70589 1.71007 1.71074 1.62895 1.59659 1.59657 1.59882 1.60892 1.62139 1.61967 1.57198 1.57057 1.57653 1.58209 1.58288 1.62904 1.68774 1.68774 1.68774 1.68774 1.68480 1.64959 1.60562 1.56165 1.54535 1.75331 1.75331 1.77898 1.95920 1.95933 1.95933 1.95933 1.95933 1.95933 1.95933 1.95933 1.95933 1.95933 1.95933 1.95933 1.95933 1.95933 1.95933 1.94305 1.74297 0.596780 0.449608 0.462492 0.474187 0.479671 0.688235 0.701717 0.701717 0.701423 0.698562 0.695105 0.691645 0.688187
1.78209 1.79457 1.87657 1.87657 1.87657 1.87657 1.79928 1.78068 1.78068 1.72406 1.71282 1.72464 1.68814 1.65135 1.69846 1.74330 1.78030 1.81491 1.79682 1.60172 1.58288 1.58288 1.58288 1.58288 1.60266 1.68159 1.64249 1.59850 1.55453 1.51349 1.50468 1.50332 1.44889 1.37961 1.72148 1.75331 1.75331 1.92608 1.95933 1.95933 1.95933 1.95933 1.95933 1.95933 1.95933 1.95933 1.95933 1.94184 1.84302 1.73405 1.62443 1.51558 1.42256 1.41122 0.865466 0.476272 0.476272 0.476272 0.474439 0.629014 0.693621 0.690164 0.686998 0.686401 0.686401 0.686401 0.686401
1.80876 1.74923 1.87657 1.87657 1.87657 1.87718 1.84131 1.80613 1.82746 1.83590 1.84850 1.88381 1.90786 1.82334 1.82296 1.82296 1.82296 1.82296 1.82296 1.65223 1.61601 1.63352 1.62610 1.61694 1.60686 1.51535 1.50468 1.50468 1.47195 1.39077 1.30910 1.22889 1.20164 1.20534 1.59577 1.75331 1.75331 1.86720 1.95933 1.95933 1.95933 1.95933 1.94058 1.84127 1.73186 1.62229 1.51371 1.42158 1.41122 1.41122 1.41122 1.41122 1.41122 1.41095 1.12688 0.469409 0.461907 0.456719 0.453363 0.543851 0.686401 0.686401 0.686401 0.686401 0.686401 0.686112 0.672444
1.81241 1.75961 1.90094 1.93754 2.00727 2.08432 2.11758 1.98132 2.00596 1.98852 1.93711 1.93711 1.93711 1.84772 1.84338 1.86512 1.88682 1.89789 1.89062 1.77172 1.61872 1.58602 1.58434 1.58434 1.57229 1.44978 1.33265 1.25095 1.20210 1.20164 1.20164 1.20164 1.19498 1.15527 1.33763 1.75331 1.75331 1.79005 1.83929 1.72967 1.62054 1.51152 1.42064 1.41122 1.41122 1.41122 1.41122 1.41122 1.41122 1.40988 1.40094 1.39082 1.38069 1.37082 1.26088 0.552547 0.453298 0.453298 0.453298 0.464209 0.678949 0.686318 0.673988 0.652966 0.631944 0.611212 0.603866
2.04754 2.08997 2.16615 2.23426 2.24220 2.24220 2.24220 2.04593 2.00310 1.99370 1.99088 2.01566 2.03737 1.98803 1.90182 1.87249 1.84316 1.82449 1.82417 1.77184 1.59563 1.53081 1.46548 1.40019 1.34693 1.29083 1.20164 1.20164 1.20012 1.16800 1.12387 1.07973 1.03723 0.989252 1.00550 1.43760 1.34685 1.26580 1.40412 1.41122 1.41122 1.41122 1.41122 1.41122 1.41122 1.40799 1.39807 1.38794 1.37781 1.36901 1.36782 1.36782 1.36782 1.36782 1.35828 0.719978 0.453298 0.453298 0.486902 0.549205 0.625335 0.612557 0.603866 0.603866 0.603866 0.603866 0.603866
2.15408 2.15838 2.20620 2.23095 2.22005 2.20914 2.19826 2.06801 1.96716 1.95813 2.00851 2.01797 2.00130 1.96056 1.82417 1.82417 1.82415 1.79520 1.74080 1.67944 1.39107 1.34191 1.34191 1.34191 1.34191 1.30748 1.13656 1.09013 1.00859 0.945078 0.893545 0.842037 0.795535 0.787551 0.791220 1.14278 1.25275 1.25275 1.36347 1.41122 1.41118 1.40532 1.39519 1.38506 1.37493 1.36802 1.36782 1.36782 1.36782 1.36782 1.36782 1.36782 1.36782 1.36782 1.35614 0.986473 0.590793 0.633259 0.653352 0.653392 0.635640 0.603866 0.603866 0.603866 0.603866 0.603309 0.590762
2.11571 2.10482 2.12842 2.18186 2.18229 2.16765 2.14264 2.08233 1.90765 1.89973 1.94128 1.99292 1.99292 1.97743 1.77596 1.70203 1.64766 1.62215 1.62215 1.62215 1.45362 1.33566 1.29953 1.23767 1.16115 1.10132 0.880355 0.800165 0.787551 0.787551 0.787551 0.787551 0.787551 0.787551 0.787551 0.965120 1.25207 1.24397 1.29961 1.38218 1.37209 1.36782 1.36782 1.36782 1.36782 1.36782 1.36782 1.36782 1.36782 1.36782 1.36096 1.32874 1.30043 1.27739 1.26357 1.14584 0.685584 0.653392 0.653392 0.653392 0.648616 0.588828 0.570458 0.553066 0.535684 0.518832 0.513987
2.09405 2.07839 2.07209 2.10467 2.09159 2.08122 2.08122 2.08122 1.92531 1.89405 1.86381 1.88647 1.83201 1.79267 1.69268 1.62215 1.62215 1.61981 1.57467 1.49440 1.30233 1.05582 1.02531 1.01064 1.01064 1.01064 0.886644 0.787551 0.787551 0.787551 0.787551 0.787551 0.789909 0.803794 0.819233 0.896087 1.21066 1.20934 1.23018 1.36778 1.36782 1.36782 1.36782 1.36782 1.36782 1.36782 1.36457 1.33467 1.30519 1.28129 1.26467 1.26307 1.26307 1.26307 1.26307 1.21569 0.762481 0.617063 0.599672 0.582271 0.566435 0.527193 0.513987 0.513987 0.513987 0.527591 0.610367
2.00244 1.99309 2.00177 2.05384 2.08122 2.08122 2.08122 2.08122 1.88689 1.70576 1.69793 1.78132 1.79090 1.78120 1.66941 1.46664 1.36100 1.24253 1.16685 1.12630 1.07453 0.974392 1.01064 1.01064 1.01064 1.01064 0.945304 0.787551 0.791513 0.806338 0.821758 0.837190 0.850267 0.851802 0.855457 0.892548 1.17770 1.20934 1.20934 1.34368 1.36782 1.36782 1.36686 1.34087 1.31012 1.28534 1.26641 1.26307 1.26307 1.26307 1.25164 1.19057 1.12436 1.05750 0.990654 0.934833 0.794732 0.563514 0.563514 0.563514 0.563514 0.585655 0.649292 0.741702 0.834112 0.912876 0.922518
1.99309 1.99309 1.99377 2.03627 2.08122 2.08122 2.08122 2.08122 1.98544 1.65620 1.59513 1.55963 1.47409 1.36300 1.30287 1.10740 1.08320 1.08320 1.08320 1.08320 1.08320 0.980631 1.00690 0.991015 0.978365 0.973169 0.957428 0.840788 0.851186 0.851802 0.852396 0.873930 0.905881 0.937820 0.966105 0.970448 1.08333 1.20934 1.20934 1.28271 1.31528 1.28954 1.26885 1.26307 1.26307 1.25124 1.18987 1.12305 1.05684 0.989985 0.934566 0.928816 0.928816 0.928816 0.928816 0.928816 0.889113 0.647672 0.737793 0.830161 0.922612 0.966466 0.922701 0.922518 0.922518 0.922518 0.922518
1.99309 1.99309 1.99309 2.01646 2.03902 1.96513 1.88000 1.74964 1.61596 1.27836 1.18624 1.19226 1.25194 1.25194 1.25194 1.13931 1.08260 1.07174 1.05720 1.04265 1.03370 0.956130 0.932817 0.955563 0.963103 0.963191 0.963191 0.890779 0.896793 0.928716 0.960043 0.970448 0.970448 0.970448 0.970448 0.978827 1.04535 1.17269 1.16185 1.18704 1.25084 1.18920 1.12235 1.05557 0.989316 0.934298 0.928816 0.928816 0.928816 0.928816 0.928816 0.928816 0.916498 0.864856 0.810304 0.755681 0.694325 0.883703 0.972044 0.972044 0.972044 0.972044 0.932661 0.922518 0.922608 0.923878 0.925778
