High_resolution/powerplant/Shangrao/OMI_NO2_2006_06-08.asc
ncols      200
nrows      200
xllcorner       115.451
yllcorner       27.0350
cellsize     0.0166667
NODATA_Value      -999.000
[rows 87 to 115 of 183, columns 0 to 66 of 200]
1.07015 1.06001 1.06187 1.64800 1.59400 1.63373 1.65837 1.62342 1.58001 1.45832 1.42241 1.46434 1.53916 1.51487 1.52270 1.61489 1.70225 1.84758 1.89472 2.25553 2.43976 2.64722 2.59857 2.65959 2.68751 2.66023 2.63192 2.66458 2.67200 2.74903 2.72065 2.69018 2.60256 2.56799 2.39871 2.08527 2.13505 2.13730 2.08592 2.12419 2.19397 2.20206 2.21735 2.18688 2.14818 2.13004 2.03899 1.94017 1.89299 1.90332 1.97389 1.92637 1.84356 1.79237 1.72235 1.73729 1.74158 1.70093 1.66908 1.57557 1.56028 1.54003 1.55437 1.56975 1.57555 1.54385 1.56012
1.34585 1.34682 1.23116 1.30773 1.73077 1.62533 1.59777 1.60164 1.58894 1.48097 1.48192 1.53302 1.61168 1.60360 1.15187 1.27654 1.26939 1.48135 1.50270 2.28191 2.39654 2.65996 2.61083 2.67711 2.67066 2.61864 2.59178 2.59835 2.62620 2.64042 2.63482 2.63478 2.53096 2.54097 2.41927 2.16642 2.09977 2.14956 2.07472 2.07875 2.11174 2.10651 2.13621 2.09826 2.06594 2.06371 2.03237 1.92351 1.91000 1.92599 1.98937 1.92833 1.78070 1.74713 1.64103 1.64113 1.64442 1.64300 1.64631 1.58434 1.55838 1.52094 1.53450 1.55550 1.56500 1.54288 1.53740
1.33148 1.35357 1.24252 1.57475 1.75591 1.64483 1.63280 1.64050 1.61467 1.50668 1.67803 2.14188 2.18441 2.15169 2.20590 2.16483 2.26388 1.44967 1.50383 2.26760 2.31769 2.63122 2.59684 2.69589 2.70025 2.65771 2.63133 2.69108 2.75061 2.70761 2.72426 2.71189 2.62109 2.60895 2.51240 2.30018 2.05501 2.16857 2.10461 2.06286 2.10028 2.13712 2.20362 2.18744 2.16265 2.14531 2.11011 1.96629 1.91780 1.90534 1.92183 1.85412 1.72984 1.67994 1.62049 1.64396 1.65881 1.66081 1.65855 1.60598 1.53618 1.51092 1.51150 1.52337 1.53606 1.51856 1.52928
2.32805 2.25663 2.02487 1.93349 1.93802 1.84612 1.79656 1.79652 1.76631 1.68501 1.76273 2.17241 2.20374 2.18535 2.28220 2.20103 2.27669 1.32439 1.44769 2.29580 2.33113 2.62295 2.67789 2.78151 2.79931 2.76588 2.72063 2.77931 2.84470 2.79106 2.79842 2.78407 2.73721 2.74374 2.71422 2.51905 2.27280 2.28526 2.20906 2.15031 2.14916 2.20165 2.20361 2.10990 2.10654 2.10051 2.08918 2.01682 1.87975 1.82832 1.84277 1.80903 1.74755 1.66969 1.63291 1.65579 1.66494 1.66070 1.65447 1.62730 1.53186 1.51332 1.49707 1.50754 1.52683 1.51297 1.51790
2.12468 2.13065 2.03273 1.89607 1.89424 1.84101 1.77994 1.75750 1.73480 1.65586 1.66042 2.07596 2.10300 2.08857 2.18184 2.14261 2.20330 2.31248 1.52496 2.27439 2.29792 2.44896 2.56705 2.67086 2.67614 2.64147 2.61563 2.66591 2.69203 2.62675 2.60550 2.59612 2.61290 2.70027 2.71134 2.52423 2.33003 2.29892 2.25182 2.18372 2.14705 2.20314 2.23128 2.11174 2.12036 2.13121 2.13031 2.09743 1.96866 1.88212 1.84445 1.75166 1.68726 1.61881 1.63868 1.65304 1.65262 1.64207 1.63749 1.61720 1.53879 1.52296 1.48247 1.48679 1.48595 1.45855 1.45443
2.12708 2.12708 2.07094 1.88412 1.87307 1.83628 1.72179 1.72060 1.69700 1.66748 1.63618 2.00320 2.15296 2.13717 2.24510 2.18528 2.19561 2.06384 1.89994 1.92339 2.24402 2.33312 2.60593 2.76493 2.72854 2.74730 2.70820 2.74178 2.77312 2.73093 2.69963 2.77210 2.82653 2.91870 2.93069 2.65555 2.45355 2.34205 2.26592 2.23220 2.18968 2.22838 2.26516 2.14482 2.11853 2.10603 2.07385 2.02993 1.90156 1.76380 1.75318 1.69152 1.64016 1.60220 1.60669 1.61477 1.61221 1.59430 1.57692 1.53714 1.49451 1.46239 1.40526 1.41202 1.41592 1.40836 1.39979
2.16214 2.15367 2.11725 1.94167 1.86774 1.83709 1.70356 1.68364 1.65526 1.63610 1.57902 1.66635 1.79286 1.76612 1.83104 1.77466 1.76114 1.70997 1.72115 1.74590 1.88745 2.02327 2.53745 2.72067 2.66312 2.71942 2.74666 2.82269 2.92464 2.92650 2.79607 2.76735 2.75506 2.76310 2.80448 2.58626 2.43410 2.29697 2.22945 2.17654 2.10732 2.08926 2.08856 2.02228 1.97682 1.97695 1.97261 1.95641 1.87772 1.70909 1.70216 1.64165 1.62495 1.60376 1.57863 1.59125 1.55632 1.52073 1.50537 1.48028 1.46392 1.43574 1.38478 1.39015 1.39538 1.44960 1.44592
2.13737 2.11470 2.10875 1.97515 1.82582 1.81256 1.71575 1.68655 1.67130 1.67870 1.59593 1.56707 1.66349 1.65131 1.73027 1.78870 1.80693 1.86006 1.90643 1.98531 2.09459 2.25430 2.55986 2.83950 2.78981 2.95482 2.98917 3.03280 3.07400 3.07998 2.92771 2.78951 2.82041 2.80772 2.80014 2.62554 2.44501 2.27613 2.16498 2.10472 2.03819 1.99768 2.03615 2.01534 1.94331 1.93373 1.93100 1.93632 1.89027 1.72959 1.68543 1.63262 1.64890 1.63739 1.58892 1.57615 1.54278 1.51406 1.52530 1.50846 1.52218 1.49063 1.43061 1.41569 1.41205 1.44551 1.41980
2.28411 2.23897 2.24640 2.13500 1.84431 1.82115 1.74107 1.69295 1.68400 1.72836 1.68366 1.63265 1.75260 1.76108 1.84225 2.01320 2.06335 2.07971 2.11144 2.14731 2.17289 2.37280 2.55051 2.90670 2.82282 2.98635 3.06187 3.11121 3.10723 3.11121 2.99807 2.82160 2.84241 2.80325 2.81941 2.65055 2.42357 2.31666 2.20229 2.16469 2.14315 2.11321 2.05382 2.04938 1.94440 1.92616 1.92518 1.92532 1.91253 1.77826 1.63601 1.59360 1.59784 1.56363 1.55873 1.55999 1.54249 1.51260 1.53235 1.51740 1.51538 1.48640 1.41249 1.37669 1.39515 1.41309 1.39737
2.21954 2.19128 2.22567 2.20445 1.93011 1.90434 1.83281 1.78553 1.76953 1.79428 1.77305 1.66286 1.72905 1.74436 1.82277 1.99310 2.04991 2.03293 2.06326 2.10230 2.08566 2.31935 2.40040 2.88842 2.80821 2.92277 3.06499 3.06776 3.06776 3.07426 3.00213 2.84200 2.85282 2.77291 2.81007 2.70621 2.53931 2.51084 2.35108 2.27171 2.21896 2.18349 2.11701 2.07493 1.99235 1.94618 1.93736 1.93409 1.92900 1.84862 1.69919 1.67142 1.66332 1.64105 1.63530 1.61265 1.59706 1.52356 1.51036 1.48619 1.48902 1.51591 1.49557 1.44516 1.45787 1.44196 1.40908
1.71870 2.19468 2.22998 2.20480 1.93750 1.85385 1.79117 1.70288 1.69060 1.66614 1.67292 1.55163 1.60297 1.64598 1.72544 1.88014 2.04505 2.09129 2.17041 2.27114 2.27847 2.46695 2.44195 2.93907 2.85813 2.93551 3.13446 3.15096 3.18222 3.23089 3.23357 3.13124 3.05316 2.99825 2.96112 2.82729 2.63458 2.53705 2.31462 2.24163 2.21326 2.20412 2.18685 2.09029 2.02571 1.94988 1.93589 1.93318 1.93286 1.88712 1.78320 1.74826 1.69063 1.64170 1.62202 1.59053 1.60908 1.56553 1.55281 1.54001 1.54632 1.55682 1.55157 1.48463 1.48478 1.46709 1.43152
1.52268 2.06316 2.15000 2.13326 1.96494 1.83918 1.81428 1.70133 1.69976 1.66394 1.69485 1.59113 1.67171 1.79705 1.90599 2.01091 2.27836 2.29071 2.29106 2.37652 2.35734 2.45294 2.54324 2.77225 2.86868 2.96905 3.20647 3.25853 3.28396 3.32338 3.35448 3.25947 3.17493 3.14709 3.02374 2.80161 2.66045 2.53124 2.43711 2.29594 2.19400 2.09935 2.11124 2.03314 2.00863 1.92173 1.87564 1.85925 1.86057 1.84537 1.75784 1.69448 1.68722 1.63860 1.60868 1.59126 1.60941 1.59082 1.56433 1.54597 1.54046 1.54397 1.55890 1.47883 1.45144 1.44404 1.40868
1.60113 2.05417 2.07104 2.03624 2.04877 1.84306 1.86976 1.78150 1.81352 1.79616 1.84043 1.84008 1.81850 1.92078 1.96277 1.98864 2.28302 2.32447 2.30748 2.41309 2.41099 2.46934 2.70318 2.80804 3.07179 3.25309 3.42795 3.50830 3.51690 3.50158 3.50092 3.45113 3.38677 3.35027 3.20780 2.84288 2.69547 2.49251 2.41342 2.22489 2.15179 2.05407 2.06319 2.00423 1.95996 1.88530 1.85192 1.82252 1.82077 1.82143 1.72646 1.64543 1.65135 1.60457 1.55680 1.53710 1.53517 1.53007 1.47315 1.45912 1.45661 1.46406 1.50322 1.45968 1.40704 1.42374 1.41322
1.55679 1.96844 2.00529 2.05446 2.15776 1.83541 1.92714 1.92206 1.89236 1.86347 1.87045 1.87920 1.84573 1.92462 2.00974 2.06591 2.27512 2.41300 2.41493 2.52036 2.68635 2.85805 3.12013 3.09519 3.12971 3.32661 3.42311 3.50204 3.51002 3.52026 3.50385 3.45869 3.36788 3.22488 3.09260 2.79457 2.65619 2.45417 2.39377 2.20632 2.15481 2.00575 2.02263 2.00500 1.93471 1.87165 1.81885 1.76112 1.75995 1.77223 1.69506 1.61759 1.60708 1.53495 1.47476 1.47379 1.46477 1.48476 1.45795 1.45508 1.46353 1.47302 1.52349 1.50771 1.44482 1.45163 1.43512
1.66333 1.74946 1.90924 1.93757 2.01230 1.85913 1.86876 1.92818 1.89130 1.88284 1.86767 1.92024 1.92300 2.00709 2.17023 2.25978 2.38448 2.62792 2.57047 2.57676 2.78805 3.01229 3.15115 3.15591 3.13349 3.29713 3.33884 3.41290 3.38830 3.38590 3.35671 3.34871 3.28217 3.22147 3.10743 2.87071 2.70162 2.58264 2.50695 2.31861 2.15568 2.00841 1.99605 2.00242 1.90929 1.86527 1.79867 1.73203 1.71642 1.71846 1.68067 1.60425 1.56529 1.52842 1.44355 1.43689 1.42933 1.47742 1.48694 1.48232 1.49099 1.48123 1.51134 1.52182 1.47680 1.43879 1.44265
1.64727 1.68160 1.81863 1.81726 1.82735 1.75770 1.74551 1.81204 1.79100 1.83169 1.87527 1.96500 1.97938 2.00548 2.21180 2.27074 2.30316 2.54579 2.47262 2.44653 2.56332 2.88774 2.96475 3.06680 2.99951 3.14802 3.22555 3.27817 3.30465 3.32534 3.33659 3.40051 3.35026 3.36730 3.29250 3.11043 2.84723 2.72671 2.58664 2.47222 2.17243 2.00761 1.94612 1.95497 1.86528 1.82183 1.73500 1.68182 1.64569 1.63792 1.62160 1.55993 1.51158 1.52493 1.45605 1.43887 1.43478 1.46176 1.46616 1.45726 1.46501 1.46631 1.49760 1.53630 1.51978 1.50152 1.49960
1.68885 1.70721 1.81365 1.78925 1.77745 1.72601 1.66231 1.71766 1.75719 1.78583 1.83451 1.90653 1.95373 1.96449 2.08759 2.22021 2.22018 2.39565 2.37291 2.40525 2.45451 2.85181 2.89519 3.08105 3.01455 3.18301 3.32715 3.39793 3.48612 3.52472 3.51822 3.52179 3.44017 3.41176 3.32371 3.16290 2.85712 2.75953 2.58388 2.51296 2.17988 1.98933 1.90362 1.88522 1.83450 1.77036 1.69978 1.65838 1.61475 1.59520 1.59134 1.54669 1.47507 1.48125 1.41971 1.37742 1.37102 1.40232 1.42998 1.42653 1.43843 1.44040 1.44585 1.49854 1.47271 1.43425 1.42402
1.70227 1.68553 1.73377 1.68794 1.69760 1.69755 1.65680 1.67399 1.76491 1.78496 1.86159 1.90898 1.98053 1.96311 2.00589 2.16527 2.17995 2.30410 2.33119 2.37339 2.43322 2.78159 2.86212 3.03458 3.17043 3.26491 3.38338 3.40561 3.49383 3.49541 3.47591 3.46889 3.40996 3.35744 3.29386 3.14906 2.83573 2.69307 2.53866 2.49210 2.22925 2.00773 1.89541 1.87329 1.84922 1.74712 1.68848 1.60410 1.52328 1.50337 1.50167 1.48854 1.42220 1.43323 1.40143 1.36000 1.35967 1.35687 1.37234 1.38765 1.39814 1.40432 1.39757 1.45165 1.43924 1.39723 1.38374
1.74866 1.75206 1.80115 1.74898 1.76208 1.77163 1.72569 1.71313 1.82632 1.80749 1.85615 1.88324 1.99241 1.99066 2.01603 2.11207 2.15440 2.22909 2.30031 2.32366 2.37740 2.65718 2.82601 2.97805 3.10222 3.21917 3.32180 3.34409 3.42363 3.43165 3.40766 3.40213 3.36585 3.27887 3.21673 3.05002 2.80454 2.62592 2.49900 2.40746 2.24109 1.97476 1.88415 1.86536 1.87187 1.76555 1.71521 1.60158 1.53792 1.52560 1.52774 1.54440 1.45656 1.46705 1.44769 1.39418 1.38598 1.38260 1.38841 1.40459 1.41367 1.41905 1.41382 1.44037 1.44678 1.39999 1.37747
1.80539 1.79607 1.83927 1.80886 1.83964 1.84432 1.80776 1.76631 1.85139 1.85268 1.87706 1.89789 1.98667 1.97878 1.99844 2.06731 2.12828 2.16344 2.29089 2.31168 2.36777 2.55503 2.83062 2.92001 3.03212 3.15322 3.18956 3.19962 3.22522 3.22591 3.16024 3.10727 3.06690 2.93295 2.89619 2.80893 2.65827 2.53778 2.46905 2.38556 2.34055 1.98962 1.89106 1.84731 1.85165 1.79142 1.73148 1.61137 1.55281 1.52457 1.52917 1.56524 1.48303 1.48002 1.48460 1.41911 1.41685 1.42237 1.42692 1.45841 1.47584 1.49321 1.49705 1.49365 1.51925 1.46217 1.43697
1.84982 1.83401 1.85241 1.85331 1.88794 1.94004 1.93253 1.86458 1.88306 1.85911 1.87383 1.91951 1.97744 2.00093 2.02807 2.06429 2.14436 2.13689 2.28606 2.31822 2.36033 2.47962 2.70283 2.77068 2.85009 2.92519 2.89245 2.93433 2.93203 2.98589 2.96339 2.93698 2.93014 2.80649 2.76754 2.73133 2.66576 2.55259 2.48645 2.38396 2.36189 2.09370 1.93554 1.87162 1.86618 1.83039 1.74806 1.64786 1.58152 1.55592 1.55920 1.59833 1.52223 1.48431 1.50852 1.48293 1.47060 1.46903 1.47117 1.49676 1.50373 1.51477 1.50949 1.49492 1.52125 1.47128 1.42477
1.97132 1.99712 2.04655 2.07845 2.06124 2.07041 2.03802 1.90867 1.89969 1.83683 1.82071 1.85119 1.88409 1.92391 1.96665 1.98497 2.14768 2.17600 2.31908 2.40318 2.42651 2.54969 2.60966 2.64254 2.67603 2.75460 2.73429 2.80673 2.83288 2.89520 2.89542 2.90008 2.92126 2.84784 2.80228 2.72377 2.68501 2.57999 2.50133 2.38663 2.31940 2.13174 1.94633 1.86118 1.86636 1.87204 1.77650 1.69449 1.61252 1.57334 1.57921 1.61876 1.56086 1.50112 1.51818 1.49966 1.47997 1.48138 1.49040 1.50781 1.49877 1.49569 1.48157 1.46308 1.47312 1.45339 1.38915
2.04973 2.03267 2.02667 2.06013 2.04274 2.06728 2.06600 1.92207 1.92005 1.90589 1.91336 1.99560 2.05755 2.06013 2.13762 2.16028 2.31159 2.35883 2.47341 2.55832 2.60108 2.69896 2.70082 2.73128 2.69983 2.72623 2.75865 2.82815 2.87597 2.92153 2.95270 2.94809 2.96240 2.88513 2.76135 2.66869 2.58798 2.42282 2.31953 2.24591 2.18871 2.12019 1.99138 1.88061 1.88312 1.88597 1.82376 1.73407 1.62742 1.57401 1.57593 1.60425 1.56077 1.45553 1.46639 1.45875 1.41689 1.43327 1.44157 1.44594 1.45309 1.45312 1.45001 1.43658 1.44791 1.47527 1.42300
2.03787 1.98888 1.96190 1.96770 2.05131 2.08497 2.09789 2.05465 2.16734 2.16474 2.15521 2.18648 2.22600 2.21922 2.27917 2.29319 2.39888 2.47524 2.58954 2.65818 2.67593 2.75686 2.75988 2.81813 2.78605 2.72216 2.79595 2.81695 2.83676 2.80880 2.81267 2.74877 2.71715 2.66804 2.54782 2.50827 2.43454 2.33369 2.26732 2.21589 2.13839 2.09009 1.99832 1.88399 1.86827 1.88263 1.85495 1.76489 1.67407 1.61967 1.61195 1.62160 1.60628 1.50624 1.41958 1.42091 1.38395 1.42509 1.44259 1.43623 1.45640 1.46149 1.47551 1.49241 1.51372 1.55075 1.48900
1.89609 1.93392 1.91882 1.93525 2.08952 2.09950 2.09006 2.03984 2.12908 2.13288 2.21539 2.21052 2.23170 2.21384 2.24200 2.25712 2.35177 2.46964 2.55595 2.67184 2.67686 2.73149 2.72108 2.78096 2.76616 2.68124 2.60436 2.54289 2.63511 2.64491 2.71594 2.69751 2.69844 2.67256 2.58663 2.55837 2.48419 2.40579 2.28313 2.24666 2.15896 2.12505 2.05230 1.95865 1.94869 1.96233 1.95320 1.85059 1.82821 1.77834 1.75843 1.77349 1.69597 1.57355 1.46979 1.46317 1.43452 1.46476 1.47789 1.47235 1.50347 1.53813 1.55019 1.56131 1.56099 1.59931 1.56487
1.89975 1.94837 1.86758 1.85342 1.96737 2.01460 2.01907 1.99015 2.03926 2.09425 2.19035 2.24988 2.28333 2.29436 2.30018 2.29097 2.33318 2.52604 2.61336 2.71260 2.69139 2.75115 2.66828 2.73080 2.75313 2.68944 2.61848 2.49813 2.56578 2.57572 2.65290 2.64296 2.62659 2.59064 2.55376 2.48523 2.40741 2.32916 2.22854 2.23487 2.18104 2.15071 2.13470 2.06818 2.05560 2.07666 2.07215 1.94939 1.95441 1.89189 1.73602 1.72420 1.62688 1.52432 1.47329 1.47852 1.47090 1.50160 1.52529 1.51237 1.51887 1.54694 1.55449 1.56092 1.55625 1.57661 1.57207
1.80223 1.87850 1.83025 1.81797 1.90885 1.98845 1.99071 1.97806 1.98467 2.07352 2.10638 2.23297 2.24908 2.26257 2.26630 2.28990 2.31649 2.55112 2.63502 2.69228 2.72361 2.77520 2.70124 2.72968 2.77294 2.72801 2.67483 2.49286 2.46601 2.48436 2.53576 2.49037 2.49412 2.42236 2.38790 2.30600 2.27256 2.20785 2.21321 2.30275 2.23981 2.12321 2.09124 2.00387 1.99827 2.00519 1.98056 1.86495 1.87152 1.89237 1.69325 1.71499 1.67589 1.58773 1.55798 1.53543 1.52637 1.51103 1.53729 1.52396 1.50403 1.51492 1.50551 1.51327 1.50858 1.54007 1.58778
1.79024 1.89067 1.84560 1.81910 1.85021 1.96001 1.94759 1.92901 1.92864 2.03340 2.05364 2.20225 2.24213 2.26909 2.25439 2.28819 2.32379 2.54029 2.69246 2.72912 2.78231 2.79892 2.75682 2.74649 2.75627 2.69161 2.60539 2.43874 2.27179 2.33458 2.38579 2.39037 2.41433 2.40366 2.45204 2.43528 2.41653 2.31704 2.27619 2.12582 2.13195 2.06451 2.07150 2.03926 2.08240 2.08169 2.04677 1.97176 1.95714 2.01387 1.80899 1.79051 1.76352 1.64210 1.57935 1.53095 1.49485 1.43217 1.45741 1.44137 1.45186 1.50731 1.54716 1.53998 1.53093 1.53368 1.60744
1.73984 1.87486 1.84643 1.77197 1.75109 1.88010 1.87363 1.87336 1.89666 2.02736 2.06165 2.21038 2.28275 2.32769 2.30876 2.34158 2.38920 2.52598 2.71666 2.73977 2.76187 2.74602 2.71543 2.66458 2.62144 2.60220 2.53016 2.47571 2.24992 2.30532 2.40246 2.33579 2.32314 2.29523 2.31778 2.28544 2.27406 2.21002 2.21232 2.01252 2.02601 1.97370 1.98984 2.00152 2.08553 2.06154 2.03416 2.00371 1.94841 2.00680 1.82008 1.74647 1.72144 1.61887 1.50801 1.47255 1.47802 1.44099 1.47852 1.49785 1.46579 1.49366 1.55108 1.54148 1.54612 1.54515 1.64155
