High_resolution/powerplant/Shangrao/OMI_NO2_200610.asc
ncols      200
nrows      200
xllcorner       115.451
yllcorner       27.0350
cellsize     0.0166667
NODATA_Value      -999.000
[rows 29 to 57 of 200, columns 67 to 133 of 200]
6.12752 6.22807 6.33437 6.44660 6.56563 6.69190 6.82610 6.96879 7.12101 7.01817 6.47242 6.47242 6.47242 5.76107 4.83966 4.76564 4.68502 4.54327 4.38722 4.26701 4.12461 4.04600 4.04600 4.04600 4.04600 4.04600 4.45471 5.01366 5.01366 3.47592 2.99926 2.99926 2.99926 2.99926 2.99926 2.99926 2.99926 2.90310 1.47211 1.43743 1.43743 1.43743 1.63246 1.97387 2.00501 2.07774 2.15064 2.22356 2.26726 2.26770 2.10834 2.14040 2.39227 2.35100 2.24922 2.17506 2.18064 2.11258 2.06249 2.09215 2.06145 1.88004 1.88000 1.88000 1.88000 1.96108 2.09727
7.29886 7.29886 7.29886 7.29886 7.29886 7.29886 7.29886 7.29886 7.25247 7.11503 6.01795 5.56072 5.12469 4.86008 4.35856 4.21211 4.07325 4.04600 4.04600 4.04600 4.04600 4.04600 4.04600 4.04600 4.04600 4.04600 4.22452 5.01366 5.01366 3.86381 2.99926 2.99926 2.99926 2.99926 2.99926 2.99926 2.99926 2.99926 1.86818 1.43743 1.48759 1.59687 1.72808 2.21560 2.26752 2.26770 2.28940 2.36010 2.36128 2.33151 2.21881 2.06653 1.94238 1.86619 1.86198 1.86349 2.01002 2.02345 2.02603 2.08999 2.09215 1.91522 1.88000 1.88000 1.88000 1.90654 2.09724
7.29886 7.29886 7.29886 7.25247 7.15875 7.06503 6.84314 6.42732 6.05530 5.73196 4.90327 4.66370 4.66370 4.66370 4.24200 4.04600 4.04600 4.04600 4.04600 4.04600 4.04600 4.04600 4.04600 4.04600 4.04600 4.04600 4.07152 4.97163 5.01366 4.39476 2.99926 2.99926 2.99926 2.99926 2.99926 2.99926 2.80105 2.33225 1.78684 1.81890 1.87809 1.88442 1.99801 2.24890 2.25517 2.23243 2.19440 2.11318 2.08460 2.08460 2.03781 1.91218 1.88798 1.86198 1.86198 1.86198 1.96377 2.02345 2.02657 2.08637 2.11420 2.01811 1.93433 1.94607 1.95754 1.96855 1.82953
7.06597 6.97211 6.80012 6.44402 6.11957 5.79500 5.59861 5.59663 5.59663 5.59663 5.16879 4.66370 4.66370 4.66370 4.43849 4.04600 4.04600 4.04600 4.04600 4.04600 4.04600 4.04600 4.04600 4.04600 4.04600 4.04600 4.04600 4.62277 5.01366 4.96589 3.04922 2.99926 2.83495 2.37111 1.90084 1.43056 1.15867 1.23744 1.50678 2.18552 2.28684 2.36742 2.38750 2.23336 2.08460 2.08460 2.08460 2.08460 2.09673 2.12437 2.12544 1.99167 1.99548 1.97294 1.98583 1.99838 2.04263 2.13115 2.13687 2.16308 2.19437 2.15673 2.01758 2.01778 2.01825 2.01871 1.78313
6.18384 5.85927 5.61206 5.59663 5.59663 5.59663 5.59663 5.59663 5.59663 5.59663 5.43545 4.66370 4.66370 4.66370 4.62289 4.05848 4.04600 4.04600 4.04600 4.04600 4.04600 4.04600 4.04600 4.04600 4.04600 4.04600 4.04600 4.33864 4.74583 3.83401 2.07865 1.46924 1.16346 1.15720 1.48035 1.69618 1.82816 1.90505 1.90685 2.28397 2.38750 2.38750 2.38750 2.32681 2.08460 2.08460 2.08460 2.08460 2.11809 2.20864 2.20818 2.10935 2.10119 2.07410 2.07840 2.08699 2.09685 2.19122 2.20557 2.21602 2.25677 2.24943 2.12878 2.12383 2.13053 2.11637 1.93831
5.59663 5.59663 5.59663 5.59663 5.59663 5.59663 5.59663 5.59663 5.59663 5.59663 5.59517 4.76930 4.66370 4.66370 4.66370 4.21414 4.04600 4.04600 4.04600 4.04600 4.04600 4.04600 4.04600 4.04600 3.93990 3.49485 3.02373 2.43769 1.35827 1.32954 1.21048 1.15691 1.15578 1.15456 1.65308 1.90349 1.90270 1.90189 1.90110 2.12730 2.38016 2.37935 2.37855 2.37752 2.10493 2.07609 2.07549 2.07489 2.07860 2.19710 2.20016 2.23093 2.24938 2.22532 2.20920 2.20034 2.18408 2.22100 2.23787 2.23137 2.28264 2.27595 2.17264 2.05980 1.95174 1.86405 1.71744
5.59663 5.59663 5.59663 5.59663 5.59663 5.59663 5.59663 5.59663 5.59663 5.59663 5.59663 5.03426 4.66370 4.66370 4.66370 4.41082 4.04600 4.04600 4.04600 4.04600 3.96421 3.54526 3.06124 2.46009 1.84337 1.59831 1.36114 1.32954 1.32954 1.32954 1.23827 1.13572 1.13566 1.13566 1.40810 1.89249 1.89249 1.89249 1.89249 1.96940 2.37315 2.37315 2.37315 2.37315 2.17366 2.07383 2.07383 2.07383 2.07383 2.17541 2.20011 2.21089 2.22362 2.19513 2.15098 2.14359 2.14359 2.16767 2.18193 2.07878 2.00560 1.93061 1.80598 1.65048 1.62574 1.60138 1.57211
5.56974 5.46344 5.35830 5.25956 5.16704 5.07981 4.99731 4.91960 4.84607 4.77650 4.73185 5.28668 4.66370 4.66370 4.66370 4.60298 4.02503 3.64807 3.10877 2.41424 1.62784 1.34256 1.32954 1.32954 1.32954 1.32954 1.32954 1.32954 1.32954 1.32954 1.29681 1.13573 1.13566 1.13566 1.16458 1.86647 1.89249 1.89249 1.89249 1.89249 2.29988 2.37315 2.37315 2.37315 2.25752 2.07383 2.07368 2.06118 2.04087 2.10140 2.14133 2.14422 2.18376 2.18034 2.07251 1.97675 1.88885 1.81950 1.79710 1.81353 1.79012 1.68086 1.66681 1.55618 1.54986 1.54986 1.54986
4.46270 4.46005 4.46005 4.46005 4.46005 4.46005 4.46005 4.46005 4.46005 4.46005 4.46005 5.16215 4.90549 4.89921 4.77676 4.61259 2.10128 1.32954 1.32954 1.32954 1.32954 1.32954 1.32954 1.32954 1.32954 1.32954 1.32954 1.32954 1.32954 1.32954 1.32954 1.14880 1.13566 1.13566 1.13566 1.71030 1.89249 1.89249 1.89249 1.89249 2.14990 2.37315 2.37280 2.35525 2.30602 2.02343 1.99961 1.99180 1.99180 2.02607 2.08282 2.05936 2.09177 2.08127 1.88214 1.82176 1.84176 1.84378 1.85562 1.86195 1.84666 1.67158 1.67005 1.59016 1.54986 1.54986 1.54986
4.46005 4.46005 4.46005 4.46005 4.46005 4.46005 4.37585 4.20911 4.04101 3.76774 3.42983 3.42555 4.01517 4.29435 4.29435 4.29435 2.94081 1.32954 1.32954 1.32954 1.32954 1.32954 1.32954 1.32954 1.32954 1.32954 1.32954 1.32954 1.32954 1.32954 1.32954 1.17609 1.13566 1.13566 1.13566 1.49826 1.89249 1.89249 1.89419 2.00804 2.23400 2.30005 2.27332 2.26377 2.25854 2.00242 1.93286 1.91530 1.89769 1.91282 2.08233 2.09314 2.13089 2.14236 2.01633 1.84378 1.84378 1.84378 1.84959 1.86195 1.86195 1.70931 1.67003 1.62699 1.54895 1.54841 1.54788
4.46005 4.37585 4.20911 4.04237 3.87564 3.63404 3.38066 3.20943 3.03956 2.97479 2.97479 3.08983 3.64742 4.29435 4.29435 4.29435 3.87712 1.33102 1.32954 1.32954 1.32954 1.32954 1.32954 1.32954 1.32954 1.32954 1.32954 1.32954 1.32954 1.32954 1.32954 1.21168 1.13566 1.13566 1.13598 1.37649 2.17037 2.35490 2.53435 2.60181 2.59476 2.31501 2.30084 2.31528 2.33244 2.16101 1.94005 1.94005 1.94005 1.94005 2.07321 2.09259 2.11912 2.14054 2.10153 1.84087 1.84005 1.83941 1.83925 1.85616 1.85672 1.75661 1.66376 1.65582 1.54575 1.54344 1.54425
3.70890 3.57959 3.41393 3.24279 3.07162 2.97519 2.97479 2.97479 2.97479 2.97479 2.97479 3.01907 3.45874 4.29435 4.29435 4.29435 4.29435 1.85286 1.32954 1.32954 1.32954 1.32954 1.32954 1.32954 1.32954 1.32954 1.32954 1.32954 1.32954 1.32954 1.32954 1.46665 1.53359 1.80544 2.07977 2.28595 2.60055 2.63638 2.63350 2.62410 2.59053 2.40903 2.28025 2.25063 2.22226 2.11632 1.78932 1.77128 1.75392 1.73717 1.94590 2.08541 2.10203 2.13463 2.13463 1.88608 1.84134 1.84786 1.85447 1.87177 1.88280 1.83785 1.63653 1.56420 1.54859 1.57954 1.58353
3.10491 2.98053 2.97479 2.97479 2.97479 2.97479 2.97479 2.97479 2.97479 2.97479 2.97479 2.97614 3.33053 4.11180 4.29435 4.29435 4.29435 2.79105 1.32954 1.32954 1.32954 1.32954 1.32954 1.32954 1.32954 1.32954 1.32954 1.53787 2.07794 2.62821 3.23478 3.44621 2.52551 2.42324 2.35703 2.34023 2.33084 2.32401 2.29449 2.27023 2.26545 2.20577 2.05766 2.05518 2.05269 2.04768 1.72545 1.69369 1.69120 1.68872 1.82583 2.04997 2.07438 2.34079 2.35466 2.16744 1.99810 1.99448 1.91655 1.81951 1.75267 1.66496 1.42601 1.41264 1.43490 1.44838 1.33931
2.97479 2.97479 2.97479 2.97479 2.97479 2.97479 2.97479 2.97479 2.97479 2.97479 2.97479 2.97479 3.22107 3.77228 4.29435 4.29435 4.29435 3.72878 1.32954 1.32954 1.32954 1.32954 1.32954 1.49829 2.03027 2.57397 3.11766 3.45324 3.45749 3.45863 3.52506 3.52804 2.75551 2.40000 2.16069 2.15758 2.17178 2.22865 2.22859 2.22859 2.22859 2.22354 2.03727 2.02577 2.02577 2.02577 1.79927 1.67422 1.67422 1.67422 1.72930 2.04044 2.04057 2.32993 2.28626 2.08794 1.69928 1.59589 1.56677 1.56939 1.60241 1.50054 1.22900 1.04565 1.02442 1.22389 1.27952
2.97479 2.97479 2.97479 2.97479 2.97479 2.97141 2.95331 2.93349 2.91358 2.89378 2.87396 2.85406 3.03741 3.54624 4.29435 4.29435 4.29435 4.28931 1.70751 1.46296 1.98261 2.52673 3.07021 3.44558 3.45749 3.45749 3.45749 3.45749 3.45749 3.45749 3.51288 3.52804 2.90849 2.50081 2.15219 2.15219 2.15247 2.22177 2.22859 2.22859 2.22859 2.22859 2.09584 2.02577 2.02577 2.02577 1.89756 1.67422 1.67422 1.66963 1.60443 1.85380 1.79859 1.87795 1.93999 1.93391 1.59036 1.55773 1.54773 1.53958 1.32939 1.24068 1.21491 1.23028 1.28951 1.49111 1.52993
2.78511 2.76523 2.74535 2.72556 2.70571 2.68922 2.68752 2.68752 2.68752 2.68752 2.68752 2.68752 2.82277 3.39576 4.25920 4.32539 4.51722 4.73206 3.87853 3.43345 3.45749 3.45749 3.45749 3.45749 3.45749 3.45749 3.45749 3.45749 3.45749 3.45749 3.49523 3.52804 3.11079 2.58843 2.17748 2.15219 2.15219 2.20178 2.22859 2.22859 2.22859 2.22859 2.15947 2.02577 2.02577 2.02018 1.92049 1.51704 1.42954 1.34852 1.32916 1.58141 1.67789 1.74312 1.85530 1.82681 1.62766 1.56979 1.58403 1.59642 1.48102 1.28009 1.28596 1.32277 1.32277 1.42747 1.52993
2.68752 2.68752 2.68752 2.68752 2.68752 2.68752 2.68752 2.68752 2.68752 2.69708 2.71638 2.74004 2.84537 3.68577 4.32964 4.59352 4.45274 4.35786 4.68288 3.45749 3.45749 3.45749 3.45749 3.45749 3.45749 3.45749 3.45749 3.45749 3.45749 3.45749 3.46912 3.52784 3.35424 2.59100 2.26062 2.15219 2.15219 2.17881 2.22859 2.22859 2.22859 2.22713 2.19746 1.87580 1.77829 1.69837 1.68070 1.39090 1.27464 1.22487 1.17163 1.31640 1.54281 1.61696 1.84636 1.84636 1.73874 1.59813 1.59813 1.59813 1.58364 1.29160 1.28009 1.31684 1.32277 1.36373 1.52993
2.68752 2.68752 2.68752 2.68752 2.69708 2.71638 2.73567 2.75593 2.82169 2.91393 3.01793 3.10607 3.14148 3.64560 3.96861 4.29707 4.29707 4.29707 4.74555 3.60185 3.45749 3.45749 3.45749 3.45749 3.45749 3.45749 3.45749 3.45749 3.45749 3.45749 3.45749 3.52035 3.52636 2.64651 2.35659 2.15219 2.15219 2.15477 2.20807 2.18666 2.16289 2.14062 2.13559 1.76811 1.52734 1.40753 1.27527 1.11971 1.10452 1.10623 1.10623 1.21028 1.56400 1.57679 1.84381 1.83944 1.78996 1.54702 1.52053 1.49459 1.46736 1.20911 1.09060 1.08938 1.07946 1.04868 1.24087
2.71638 2.73567 2.75497 2.77427 2.81806 2.91129 3.01516 3.10471 3.14745 3.16213 3.16296 3.16296 3.16296 3.49246 3.84410 4.29707 4.29707 4.29707 4.51545 4.10907 3.45749 3.45749 3.45749 3.45749 3.45749 3.45749 3.45749 3.45749 3.45749 3.45749 3.45749 3.50590 3.52804 2.79998 2.44163 2.10224 2.07258 2.04281 2.06229 2.00620 1.91225 1.80867 1.69409 1.39504 1.07915 1.11257 1.14611 1.19214 1.26391 1.29745 1.33087 1.37309 1.30837 1.26284 1.41679 1.43735 1.43612 1.27268 1.24190 1.24190 1.24190 1.11612 0.933407 0.949858 0.986628 0.985448 1.11330
2.80818 2.91061 3.01251 3.10134 3.15318 3.16296 3.16296 3.16296 3.16296 3.16296 3.16296 3.16296 3.16296 3.35988 3.77671 4.22102 4.29707 4.29707 4.35071 4.63242 3.45749 3.45749 3.45749 3.45749 3.45749 3.45749 3.45749 3.45749 3.45749 3.45694 3.38638 3.33209 3.35598 2.71684 2.29692 1.91137 1.85716 1.81416 1.82121 1.85467 1.88813 1.92166 1.95509 1.93716 1.44674 1.45369 1.46433 1.47652 1.53882 1.55415 1.56701 1.58032 1.38506 1.30961 1.39512 1.43612 1.43612 1.32197 1.24190 1.24190 1.24170 1.22052 0.938501 0.932006 0.980194 0.981061 1.04751
3.15681 3.16296 3.16296 3.16296 3.16296 3.16296 3.16296 3.16296 3.16296 3.16296 3.16296 3.16296 3.16296 3.24264 3.77559 4.04596 4.29707 4.29707 4.29707 4.82851 3.54773 3.45749 3.46326 3.48540 3.50515 3.52210 3.46879 3.32084 3.11095 2.95830 2.87208 2.82440 2.81286 2.71988 2.59390 2.31189 2.23918 2.26432 2.29083 2.31787 2.34611 2.37521 2.40542 2.42512 1.83161 1.66720 1.66720 1.66720 1.71424 1.73505 1.73505 1.73505 1.60422 1.43612 1.43612 1.43612 1.43577 1.38184 1.23814 1.23625 1.23457 1.23430 1.00619 1.06582 1.35081 1.64659 1.94933
3.16296 3.16296 3.16296 3.16296 3.16296 3.16296 3.16296 3.16296 3.16296 3.16296 3.16372 3.16907 3.18372 3.22643 3.68112 3.80147 4.04680 4.02741 3.96447 3.85976 3.44699 3.21113 3.15346 3.01838 2.90168 2.80170 2.73446 2.70214 2.69989 2.69989 2.69989 2.69989 2.71155 2.72436 2.89068 2.64584 2.42540 2.42540 2.42540 2.42540 2.42540 2.42540 2.42540 2.42540 2.06747 1.66720 1.66720 1.66720 1.69539 1.73505 1.73505 1.73505 1.66602 1.43320 1.43038 1.42755 1.42509 1.42359 1.24767 1.23719 1.26219 1.29593 1.59266 2.04267 2.02868 1.84221 1.72420
3.19009 3.19615 3.20561 3.24247 3.28155 3.31882 3.35438 3.38829 3.42069 3.45168 3.48078 3.50493 3.52227 3.52338 3.59783 3.63778 3.84526 3.80440 3.65198 3.21635 2.85852 2.74511 2.70057 2.69989 2.69989 2.69989 2.69989 2.69989 2.69989 2.69989 2.69989 2.69989 2.70677 2.71696 2.85465 2.75490 2.42540 2.42540 2.42540 2.42540 2.42540 2.42540 2.42540 2.42540 2.30316 1.66720 1.66720 1.66720 1.67624 1.73303 1.73115 1.72927 1.71052 1.42591 1.42473 1.42473 1.42473 1.41298 1.35086 1.34925 1.32883 1.30066 1.34241 2.00685 1.91854 1.52642 1.52642
3.25076 3.25076 3.30180 3.52338 3.52338 3.52338 3.52338 3.52338 3.52338 3.52338 3.52338 3.52338 3.50332 3.46437 3.45068 3.32470 3.15317 2.94627 2.80011 2.61027 2.52597 2.69464 2.69989 2.69989 2.69989 2.69989 2.69989 2.69989 2.69989 2.69989 2.69989 2.69989 2.70195 2.71695 2.81184 2.86095 2.42839 2.42540 2.42540 2.42540 2.42540 2.42540 2.42540 2.42540 2.46626 1.82610 1.66323 1.66135 1.65978 1.71795 1.72745 1.72589 1.71042 1.43778 1.34290 1.31483 1.28676 1.27042 1.27033 1.27033 1.27033 1.27033 1.27033 1.86068 2.01483 1.56550 1.52642
3.25076 3.25076 3.25168 3.50421 3.52338 3.52338 3.52338 3.50293 3.46433 3.42542 3.37389 3.21101 3.02671 2.83496 2.69888 2.71777 2.69452 2.70344 2.70344 2.60216 2.52061 2.64598 2.69989 2.69989 2.69989 2.69989 2.69989 2.69989 2.69989 2.69989 2.69989 2.69989 2.69989 2.71421 2.77420 2.89278 2.50573 2.42540 2.42540 2.42540 2.45557 2.66686 2.90832 3.14969 3.35020 2.44735 1.67838 1.73528 1.79327 1.74628 1.64492 1.62777 1.62452 1.43942 1.27033 1.27033 1.27033 1.27033 1.27033 1.27039 1.27188 1.27387 1.27573 1.59994 1.93874 1.64618 1.49474
3.30046 3.25076 3.22520 3.38457 3.42503 3.38608 3.34335 3.21961 3.04305 2.85100 2.67138 2.60320 2.57653 2.57610 2.58336 2.67832 2.68369 2.70344 2.70344 2.64372 2.52427 2.58770 2.69989 2.69989 2.69989 2.69989 2.69989 2.69989 2.69989 2.69989 2.69989 2.69989 2.69989 2.70940 2.74085 2.89278 2.63592 2.64700 2.88846 3.12992 3.34157 3.40770 3.46568 3.52368 3.58168 3.24853 1.96735 1.96846 1.98443 1.92265 1.72709 1.77058 1.81408 1.66855 1.28206 1.28337 1.28459 1.28574 1.28682 1.28782 1.28812 1.28812 1.28812 1.34513 1.83868 1.70521 1.47574
3.28725 3.03044 3.00717 3.07070 3.05910 2.86699 2.67854 2.59169 2.57610 2.57610 2.57610 2.57610 2.57610 2.57610 2.57610 2.66303 2.67888 2.70122 2.70344 2.68511 2.52726 2.53165 2.69796 2.69989 2.69989 2.69989 2.69989 2.69989 2.69989 2.69989 2.69989 2.69989 2.71010 2.85595 3.05131 3.55855 3.68323 3.47901 3.53250 3.57928 3.67416 3.87650 3.92005 3.96354 4.00703 4.03579 2.53803 2.42597 2.45345 2.43688 2.11775 2.10994 2.10994 1.97689 1.28812 1.28862 1.29618 1.29702 1.29782 1.29861 1.29938 1.30013 1.30085 1.31636 1.72190 1.82913 1.60132
3.12156 2.45015 2.21014 2.19538 2.57610 2.57610 2.57610 2.57610 2.57610 2.57610 2.57610 2.57610 2.57610 2.57610 2.57610 2.64052 2.67875 2.69434 2.70344 2.70344 2.55098 2.51930 2.65579 2.69989 2.69989 2.69989 2.69514 2.65628 2.61664 2.70170 2.84657 3.02156 3.18496 3.20615 3.21154 3.38307 3.46185 3.85756 3.85756 3.85756 3.87018 4.15602 4.16547 4.16547 4.16547 4.16547 3.12703 2.45388 2.45388 2.45388 2.19630 2.10994 2.10994 2.10608 1.34852 1.28814 1.30376 1.30490 1.30490 1.32000 1.37409 1.43039 1.48670 1.52916 1.71776 1.92213 1.60161
2.68946 2.08499 2.06666 2.07491 2.55394 2.57610 2.57610 2.57610 2.57610 2.57610 2.57610 2.57610 2.57610 2.57610 2.57610 2.61786 2.67688 2.68096 2.69237 2.68768 2.48640 2.30134 2.29648 2.35194 2.30744 2.39418 2.57441 2.78923 3.00279 3.08298 3.10273 3.09556 3.08934 3.08875 3.10710 3.23279 3.36966 3.80695 3.85756 3.85756 3.85756 4.06551 4.16547 4.16547 4.16547 4.16547 3.65955 2.45388 2.45388 2.45388 2.29185 2.10994 2.10994 2.10994 1.53434 1.30995 1.37746 1.43211 1.48845 1.52963 1.53170 1.53170 1.53050 1.52378 1.53882 1.57186 1.44678
