High_resolution/powerplant/Shangrao/OMI_NO2_200707.asc
ncols      200
nrows      200
xllcorner       115.451
yllcorner       27.0350
cellsize     0.0166667
NODATA_Value      -999.000
[rows 0 to 28 of 186, columns 67 to 133 of 200]
3.06988 3.06988 3.06988 3.06032 3.03240 3.00398 3.06263 3.02972 2.84554 2.78268 2.78922 2.75839 2.72947 2.71359 2.71345 2.71345 2.71345 2.71345 2.71345 2.71345 2.70741 2.67475 2.64211 2.61259 2.28138 1.91893 1.64571 1.64571 1.56428 1.51888 1.54707 1.58780 1.62457 1.65794 1.68822 1.71606 1.73407 1.73520 1.76016 1.53070 1.44081 1.46120 1.48050 1.50025 1.67541 2.00843 1.87700 1.72578 1.74846 1.76916 1.78804 1.80290 1.80458 1.80458 1.86955 2.20227 2.01356 1.84323 1.69993 1.57797 1.51412 1.78204 2.08587 3.01324 3.05958 3.05958 3.05958
2.88570 2.86370 2.84243 2.82857 2.82821 2.80167 2.86790 2.87086 2.78679 2.67254 2.71336 2.71336 2.71338 2.71345 2.71345 2.71345 2.69547 2.66077 2.62950 2.60116 2.57034 2.53206 2.49599 2.46165 2.36313 2.11046 1.75978 1.77436 1.75458 1.72833 1.76108 1.77802 1.81719 1.85394 1.88623 1.91484 1.94035 1.96302 1.97297 1.82490 1.60817 1.60817 1.60817 1.60992 1.65403 2.03986 1.97987 1.80458 1.80458 1.80458 1.79586 1.66589 1.52202 1.40165 1.29983 1.49227 1.51369 1.51369 1.51369 1.51369 1.51369 1.65813 2.05713 2.68714 3.05958 3.05958 3.05958
2.82821 2.82821 2.82821 2.82821 2.82821 2.81259 2.83396 2.87086 2.82717 2.67052 2.71336 2.71038 2.67725 2.60826 2.54062 2.48217 2.43900 2.40728 2.37701 2.34883 2.32863 2.32795 2.32860 2.32923 2.38297 2.23126 1.92051 1.88549 1.89619 1.89397 1.96106 1.97531 1.97675 1.97675 1.97675 1.97675 1.97675 1.97675 1.97675 1.91189 1.60817 1.60817 1.60817 1.60822 1.61821 1.93952 1.94821 1.56223 1.43552 1.32834 1.24063 1.22047 1.22047 1.22047 1.22047 1.41261 1.51369 1.51369 1.51369 1.51369 1.51369 1.54118 2.05029 2.38668 3.05958 3.05958 3.05958
2.82821 2.82821 2.82821 2.82821 2.82821 2.82608 2.79602 2.85386 2.81236 2.54526 2.40341 2.36016 2.33399 2.32953 2.33015 2.33073 2.33130 2.33183 2.33234 2.34105 2.35316 2.36526 2.37737 2.38948 2.46379 2.29143 2.07850 1.94307 1.94206 1.91814 1.97117 1.97675 1.97675 1.97675 1.97675 1.97675 1.97675 1.97675 1.97675 1.97067 1.64053 1.61138 1.62883 1.64564 1.66808 1.62381 1.52867 1.25172 1.22047 1.22047 1.22047 1.22047 1.22047 1.22047 1.22047 1.34036 1.51369 1.51369 1.51369 1.51369 1.51369 1.51369 1.95388 2.14809 3.05883 3.05653 3.03150
2.83992 2.84365 2.84736 2.84996 2.85178 2.85444 2.79907 2.77318 2.77303 2.57158 2.34788 2.33190 2.33332 2.34387 2.35599 2.36810 2.38021 2.39231 2.40405 2.40745 2.40745 2.40745 2.40745 2.40745 2.43603 2.36170 2.16548 1.94129 1.93359 1.91007 1.93724 1.95348 1.95004 1.94658 1.94314 1.93969 1.93637 1.94242 1.95431 1.96619 1.74123 1.62146 1.61886 1.61690 1.62199 1.59329 1.46585 1.30875 1.22047 1.22047 1.22047 1.22047 1.22047 1.22047 1.22047 1.26820 1.51275 1.49776 1.47816 1.45855 1.43894 1.41931 1.71606 1.92356 2.63397 2.81410 2.81612
2.86682 2.86491 2.86300 2.86222 2.86222 2.86222 2.82133 2.78595 2.79478 2.69360 2.40891 2.39679 2.40812 2.41037 2.41105 2.41168 2.41232 2.41296 2.41360 2.41423 2.41487 2.41551 2.41615 2.41679 2.41797 2.43849 2.22885 1.91863 1.89383 1.88228 1.89261 1.91399 1.91751 1.93204 1.94737 1.96270 1.97791 1.98374 1.98374 1.98374 1.84163 1.61690 1.61690 1.61690 1.61949 1.62661 1.48064 1.36361 1.21722 1.20625 1.19495 1.18365 1.17236 1.16106 1.14975 1.13934 1.32604 1.33998 1.33998 1.33998 1.37459 1.49092 1.75458 2.10431 2.45478 2.82149 2.82149
2.83825 2.84385 2.85012 2.85639 2.86266 2.86893 2.86680 2.85074 2.84710 2.80013 2.48654 2.42629 2.42934 2.43245 2.43565 2.43887 2.44213 2.44898 2.46471 2.48158 2.49939 2.51819 2.53798 2.55894 2.58080 2.67317 2.40206 2.04968 1.92514 1.94047 1.95580 1.97113 1.98295 1.98374 1.98374 1.98374 1.98374 1.98374 1.98374 1.98356 1.91052 1.60355 1.59428 1.58581 1.57770 1.57943 1.47105 1.34234 1.12577 1.12543 1.12543 1.12543 1.12543 1.12543 1.12543 1.12543 1.27663 1.44110 1.54069 1.62601 1.67962 1.67407 1.69409 1.78740 1.90936 2.03378 1.93468
2.84141 2.83865 2.83536 2.83214 2.82898 2.82589 2.82215 2.81249 2.81027 2.82438 2.66010 2.50587 2.51099 2.51847 2.57905 2.60881 2.62730 2.64103 2.64160 2.64160 2.64160 2.64160 2.64160 2.63712 2.61756 2.69457 2.42199 2.13615 1.98374 1.98374 1.98374 1.98343 1.96571 1.93811 1.91047 1.88271 1.85513 1.82749 1.79971 1.77233 1.76089 1.58757 1.54563 1.54563 1.53805 1.53792 1.48135 1.34948 1.07377 1.05993 1.04832 1.03672 1.02638 1.11186 1.23965 1.34872 1.50773 1.61564 1.63603 1.72421 1.81772 1.91132 2.00479 1.95004 1.93506 1.78701 1.77702
2.83681 2.84321 2.84962 2.85603 2.86244 2.86883 2.87524 2.87276 2.86513 2.86516 2.79052 2.55801 2.54497 2.54497 2.60111 2.64160 2.64160 2.64160 2.64153 2.62959 2.60881 2.58803 2.56723 2.55106 2.56781 2.62917 2.44138 2.11367 1.86127 1.82662 1.79906 1.77171 1.76141 1.75592 1.74972 1.76413 1.78609 1.80888 1.83262 1.85732 1.88299 1.64287 1.37220 1.34884 1.33768 1.40719 1.44233 1.29280 1.04543 1.02282 1.18468 1.30989 1.41704 1.46111 1.53603 1.62959 1.75186 1.97756 2.05072 2.05610 2.05610 2.05610 2.05610 1.97717 1.93791 1.83122 1.77702
2.87965 2.87965 2.87965 2.87965 2.87965 2.87965 2.87965 2.87464 2.86735 2.86441 2.86304 2.56734 2.54497 2.54497 2.57596 2.62083 2.61023 2.61926 2.62883 2.65028 2.68061 2.71087 2.73742 2.76107 2.76684 2.76006 2.39884 2.00934 1.77731 1.73360 1.75734 1.78214 1.80830 1.84087 1.87381 1.88196 1.88196 1.88196 1.88196 1.88196 1.88196 1.74513 1.33768 1.33768 1.33768 1.38046 1.45052 1.33271 1.11963 1.15600 1.60228 1.69583 1.78939 1.87660 1.89519 1.89519 1.89623 2.04433 2.05610 2.05610 2.05610 2.05610 2.05610 2.00430 1.93791 1.87828 1.77702
2.87965 2.87965 2.87965 2.87965 2.87965 2.87965 2.87965 2.87636 2.86802 2.84800 2.84841 2.64527 2.59923 2.60172 2.62020 2.73642 2.74999 2.74393 2.73739 2.73085 2.72434 2.71782 2.72012 2.73022 2.74033 2.75043 2.58063 2.17229 2.00062 1.88196 1.88196 1.88196 1.88196 1.88196 1.88196 1.88196 1.88196 1.88196 1.88196 1.88196 1.88196 1.85495 1.35106 1.33768 1.34498 1.38703 1.50322 1.55548 1.63078 1.58148 1.87105 1.91737 1.92555 1.93355 1.94144 1.94910 1.95657 2.06415 2.11532 2.12083 2.12619 2.13143 2.13656 2.12054 2.04702 2.04133 1.92682
2.87965 2.87409 2.85905 2.84415 2.82930 2.81483 2.81032 2.80846 2.80215 2.70438 2.70112 2.72707 2.60833 2.60616 2.60633 2.70362 2.72241 2.73251 2.74262 2.75272 2.76282 2.77293 2.77793 2.77793 2.77793 2.77793 2.69814 2.27281 2.05709 1.88196 1.88170 1.87717 1.87123 1.86525 1.85931 1.85333 1.84739 1.84141 1.83547 1.83006 1.84096 1.85820 1.48233 1.35657 1.37379 1.36759 1.45446 1.48356 1.66459 1.83582 1.95319 2.04194 2.04194 2.04194 2.04194 2.04194 2.04194 2.09876 2.17067 2.17067 2.16978 2.16163 2.15189 2.14030 2.04159 2.02811 1.91489
2.78612 2.77875 2.79182 2.80640 2.82097 2.83513 2.83936 2.83923 2.83191 2.73594 2.67895 2.68231 2.63435 2.63948 2.64703 2.72622 2.76814 2.76362 2.75915 2.75466 2.75014 2.74566 2.74116 2.73666 2.73219 2.72765 2.69420 2.32626 2.01981 1.81283 1.77502 1.77358 1.77358 1.77358 1.77358 1.78062 1.80427 1.82863 1.85297 1.87675 1.88424 1.88424 1.64166 1.34072 1.34072 1.34072 1.41729 1.45280 1.59725 1.82782 1.88102 2.04194 2.03503 2.02087 2.00668 1.99252 1.97836 1.99328 2.10523 2.09549 2.08662 2.08504 2.08504 2.05683 1.92691 1.84440 1.72430
2.82669 2.84055 2.84349 2.84281 2.82611 2.80563 2.78522 2.76484 2.70643 2.61576 2.52590 2.52412 2.56634 2.60150 2.59861 2.64036 2.70574 2.70574 2.70574 2.70574 2.70574 2.70574 2.70574 2.70574 2.70574 2.70574 2.70561 2.42077 2.04945 1.87836 1.77471 1.79318 1.81754 1.84188 1.86623 1.88354 1.88424 1.88424 1.88424 1.88424 1.88424 1.88424 1.77276 1.33845 1.31851 1.29492 1.33030 1.38303 1.45609 1.68052 1.71308 1.90095 1.92219 1.92219 1.92219 1.92219 1.92219 1.92403 2.07535 2.07162 2.01607 1.95931 1.90137 1.87107 1.78274 1.68121 1.63495
3.01046 3.00881 3.00718 2.93354 2.77867 2.78853 2.79838 2.80826 2.77685 2.73757 2.62568 2.56684 2.55274 2.63284 2.64768 2.67311 2.70574 2.70574 2.70574 2.70574 2.70574 2.70574 2.70574 2.70574 2.70574 2.70574 2.69193 2.49259 1.98559 1.83599 1.87836 1.88424 1.88424 1.88424 1.88424 1.88020 1.85184 1.81943 1.78704 1.75492 1.72254 1.69010 1.66715 1.18046 1.14115 1.14115 1.17276 1.30312 1.34274 1.58557 1.68162 1.82441 1.93168 1.93423 1.93689 1.93505 1.88334 1.81594 1.88368 1.88836 1.88634 1.88341 1.87056 1.85712 1.72845 1.49537 1.48996
3.09724 3.09969 3.11022 3.09482 2.91022 2.92294 2.93567 2.94841 2.93697 2.89631 2.80268 2.73498 2.65945 2.73641 2.74459 2.74417 2.70820 2.70574 2.70574 2.70574 2.70574 2.70491 2.67287 2.62500 2.57713 2.52920 2.49511 2.41182 1.95752 1.72287 1.77807 1.75445 1.72220 1.68979 1.65738 1.62902 1.62497 1.62497 1.58942 1.51475 1.43376 1.34544 1.25339 1.16763 1.14115 1.14115 1.14177 1.15759 1.14637 1.44688 1.65184 1.72465 1.91373 1.84002 1.76636 1.69774 1.68208 1.67101 1.75160 1.84771 1.83426 1.82414 1.82355 1.82355 1.79471 1.49142 1.49003
3.19757 3.20624 3.20686 3.20647 3.01335 2.99524 2.99524 2.99524 2.98816 2.91778 2.85243 2.76090 2.66296 2.70501 2.74459 2.74459 2.71802 2.69673 2.65244 2.60375 2.53274 2.45240 2.40334 2.37011 2.33683 2.30358 2.27094 2.22230 1.90526 1.58179 1.57586 1.61807 1.55739 1.47995 1.39593 1.30404 1.20344 1.09247 1.03365 1.03365 1.03365 1.03365 1.03365 1.11696 1.14115 1.14115 1.14115 1.14115 1.14115 1.32256 1.65184 1.65180 1.67137 1.66160 1.64816 1.63472 1.62237 1.61999 1.66418 1.82355 1.82355 1.82355 1.82355 1.82355 1.82355 1.53487 1.49003
3.20736 3.20686 3.20686 3.20686 3.06042 2.99524 2.99524 2.99524 2.99524 2.92783 2.89348 2.78051 2.67017 2.61925 2.61560 2.54810 2.44129 2.31936 2.28406 2.25313 2.24449 2.24600 2.24751 2.24902 2.25053 2.22635 2.13808 2.04002 1.73357 1.34097 1.10116 1.05227 1.03365 1.03365 1.03365 1.03365 1.03365 1.03365 1.03365 1.03365 1.03365 1.03365 1.03365 1.09034 1.14115 1.14115 1.14115 1.12332 1.05925 1.10765 1.56680 1.57479 1.59919 1.61999 1.61999 1.61840 1.60911 1.59870 1.59207 1.77227 1.77132 1.76102 1.75063 1.74029 1.72997 1.51291 1.39867
3.20878 3.20686 3.20686 3.20686 3.10625 3.00875 3.02833 3.04933 3.06985 3.02160 2.99320 2.80962 2.64161 2.32038 2.36587 2.36705 2.34281 2.25301 2.25301 2.20991 2.11683 2.01737 1.91058 1.79591 1.67214 1.57853 1.57481 1.57481 1.45302 1.22914 1.00813 1.03130 1.03365 1.03365 1.03365 1.03365 1.03326 1.02327 1.00910 0.994162 0.978852 0.962747 0.942871 0.902367 0.896738 0.798216 0.695080 0.609704 0.579032 0.592047 1.28747 1.33579 1.35082 1.42545 1.41515 1.40642 1.40541 1.40541 1.40541 1.55344 1.60897 1.60897 1.60897 1.60897 1.61047 1.48706 1.31794
3.28428 3.30402 3.32819 3.35325 3.31468 3.14608 3.12632 3.10587 3.08687 3.04426 2.99247 2.85082 2.66933 2.39594 2.24317 2.16400 2.07516 1.77610 1.64333 1.57463 1.56453 1.54880 1.53310 1.51729 1.50157 1.48584 1.47011 1.45441 1.36481 1.15335 0.913321 0.742581 0.782571 0.757523 0.731072 0.703198 0.674764 0.666233 0.629529 0.530835 0.431231 0.331582 0.236163 0.218919 0.370818 0.398486 0.431694 0.463548 0.494341 0.524337 1.15901 1.37202 1.38465 1.47710 1.49479 1.49585 1.42615 1.45471 1.48514 1.58227 1.65489 1.66607 1.67801 1.69083 1.70198 1.62574 1.27816
3.38516 3.36217 3.34464 3.32709 3.29357 3.08035 3.07840 3.08326 3.09129 3.07187 2.95730 2.88975 2.66364 2.43339 1.88043 1.69875 1.68617 1.44267 1.34150 1.32595 1.32033 1.32033 1.32033 1.32033 1.32033 1.32033 1.32033 1.32033 1.29454 1.18075 1.23261 1.05563 1.19878 1.20908 1.16428 1.10818 1.05323 0.999782 0.972976 0.990055 1.00750 1.02480 1.04189 1.05855 1.15821 1.18579 1.18579 1.19241 1.21937 1.24995 1.54313 1.82790 1.87405 1.90255 1.92854 1.96686 1.72112 1.70304 1.70304 1.70304 1.70304 1.70304 1.67234 1.60420 1.53600 1.46834 1.19840
3.34534 3.34742 3.35902 3.37129 3.38314 3.13339 3.10053 3.09800 3.09176 3.07925 2.84009 2.81784 2.54604 2.42801 1.96523 1.63695 1.61072 1.45120 1.32033 1.32033 1.32033 1.32033 1.32033 1.32033 1.32033 1.32033 1.32033 1.32033 1.32029 1.21847 1.41486 1.24617 1.15004 1.08946 1.07830 1.07830 1.07830 1.07830 1.07830 1.09186 1.13126 1.17470 1.22242 1.27492 1.35873 1.42515 1.47683 1.51982 1.52244 1.52244 1.64002 2.04871 2.04801 2.02998 1.98030 1.98030 1.78494 1.70304 1.68854 1.62441 1.55619 1.48797 1.45045 1.45037 1.41608 1.31063 1.42915
3.40795 3.40248 3.39824 3.39649 3.39511 3.15378 3.01644 3.01851 3.02071 3.02303 2.78900 2.72685 2.49137 2.36155 1.97516 1.32271 1.32033 1.32033 1.32033 1.32033 1.32033 1.32033 1.32033 1.32033 1.32057 1.32449 1.32969 1.33488 1.34007 1.22660 1.42877 1.32319 1.14877 1.17517 1.22290 1.27550 1.33373 1.39785 1.47045 1.52151 1.52244 1.52244 1.52244 1.52244 1.52244 1.52244 1.52244 1.52244 1.52244 1.52244 1.52304 2.00544 2.04801 2.04770 1.98320 1.93647 1.73412 1.50818 1.45446 1.43729 1.34351 1.23588 1.12841 1.02074 0.947511 0.945340 1.14308
3.61361 3.57217 3.46959 3.48245 3.49596 3.31669 3.03947 3.03947 3.03947 3.03947 2.83635 2.70658 2.57214 2.33564 2.11608 1.42417 1.32033 1.32033 1.32033 1.32033 1.32165 1.32663 1.33182 1.33946 1.35667 1.37203 1.38713 1.40333 1.42082 1.41965 1.71911 1.82868 1.60150 1.52244 1.52244 1.52244 1.52244 1.52244 1.52244 1.52244 1.52244 1.52244 1.52244 1.52244 1.52244 1.52244 1.52244 1.52244 1.52244 1.52244 1.52244 1.87526 2.04801 2.04801 1.88907 1.73523 1.53906 1.16119 1.05362 0.959127 0.945340 0.945340 0.945340 0.945340 0.945340 0.945340 1.05541
3.82500 3.76156 3.50905 3.50905 3.50905 3.40660 3.03947 3.03947 3.03947 3.03947 2.91218 2.70658 2.67926 2.34076 2.22663 1.59455 1.33383 1.35245 1.37238 1.39428 1.43390 1.48121 1.53214 1.58222 1.61420 1.64432 1.67440 1.70448 1.73896 1.79256 1.99431 2.11648 1.65655 1.52244 1.52244 1.52244 1.52244 1.52244 1.52244 1.52244 1.52244 1.52244 1.52244 1.52244 1.52244 1.52244 1.52244 1.52244 1.52244 1.52244 1.52506 1.68225 1.79171 1.68403 1.53890 1.41202 1.35251 0.945340 0.945340 0.945340 0.945340 0.945340 0.946493 0.949898 0.953345 0.956807 0.978557
3.81903 3.81906 3.51946 3.50905 3.50905 3.48480 3.04185 3.03947 3.03947 3.03745 2.96847 2.64705 2.55851 2.28795 2.20988 2.06487 1.69077 1.72088 1.75093 1.78050 1.79021 1.79021 1.79832 1.82249 1.84485 1.86522 1.88380 1.90083 1.91427 1.91584 1.98774 2.15812 1.76789 1.53149 1.52244 1.52244 1.52244 1.52244 1.52244 1.52244 1.52244 1.52244 1.52270 1.52875 1.53659 1.54467 1.55724 1.57053 1.58309 1.59515 1.60443 1.61804 1.58477 1.58464 1.58692 1.46018 1.44748 1.02790 1.00428 1.00774 1.01122 1.01466 1.01696 1.01701 1.01701 1.01701 1.01701
3.79822 3.79045 3.52588 3.40643 3.37838 3.35032 2.88755 2.72488 2.59728 2.46941 2.36858 2.15669 2.13330 2.11053 2.08296 2.18236 1.81795 1.82807 1.84993 1.86983 1.88803 1.90471 1.91550 1.91584 1.91584 1.91508 1.91198 1.90871 1.90544 1.90217 1.93313 2.11727 1.88992 1.63001 1.58808 1.59320 1.59807 1.60277 1.60725 1.61160 1.61574 1.62210 1.63083 1.63677 1.64177 1.64637 1.64728 1.64728 1.64728 1.64728 1.64728 1.64811 1.63839 1.61465 1.61464 1.51786 1.46289 1.14575 1.01701 1.01701 1.01701 1.01701 1.01701 1.01701 1.01701 1.01701 1.01701
3.58679 3.60706 3.43023 3.19382 3.12446 3.05506 2.61112 2.27736 2.27510 2.27506 2.25790 2.12932 2.06267 2.02851 1.95897 1.99393 1.95912 1.88862 1.88535 1.88209 1.87882 1.87748 1.88147 1.88541 1.88956 1.89414 1.90104 1.90787 1.91467 1.92134 1.92929 2.05073 1.93092 1.66732 1.58916 1.58691 1.58532 1.58743 1.59018 1.59293 1.59567 1.59609 1.59382 1.59158 1.58934 1.58709 1.58479 1.58254 1.58028 1.57804 1.57577 1.57349 1.57697 1.53638 1.53413 1.49461 1.40484 1.21248 1.01701 1.01701 1.01701 1.01701 1.01701 1.01701 1.01977 1.10645 1.23269
3.44287 3.39833 3.23250 2.86213 2.84029 2.80856 2.56447 2.24872 2.22700 2.20605 2.19936 2.13034 2.05772 2.06273 2.03172 2.03732 2.12631 2.01926 2.02439 2.02933 2.03435 2.03789 2.03808 2.03808 2.03808 2.03808 2.03808 2.03808 2.03808 2.03808 2.03808 2.02520 1.94748 1.60740 1.55591 1.56113 1.56545 1.56604 1.56604 1.56604 1.56604 1.56604 1.56604 1.56604 1.56604 1.56604 1.56604 1.56604 1.56604 1.56604 1.56604 1.56604 1.58535 1.53365 1.53341 1.53170 1.41404 1.28933 1.06638 1.11955 1.16990 1.26534 1.42051 1.56880 1.70795 1.77173 1.80097
