High_resolution/powerplant/Shangrao/OMI_NO2_200609.asc
ncols      200
nrows      200
xllcorner       115.451
yllcorner       27.0350
cellsize     0.0166667
NODATA_Value      -999.000
[rows 0 to 28 of 164, columns 0 to 66 of 200]
3.59058 3.47896 3.32399 2.94918 2.96040 3.01319 2.96034 2.82124 2.91759 2.85756 2.87390 2.87390 2.87390 2.87390 2.70106 2.56535 2.56535 2.57709 2.69179 2.81671 2.92740 3.00248 3.16017 3.20135 2.94420 3.29063 3.80112 3.80903 3.80903 3.77548 3.67745 3.59532 3.40144 3.07749 3.07631 3.07631 3.07631 3.07631 3.13766 3.12589 3.07888 3.18486 3.19722 3.20842 3.14692 2.70889 2.79534 3.07495 3.42346 3.62431 3.95956 4.34821 4.31779 4.31588 4.31588 4.68914 4.68026 4.65890 4.65890 4.65890 4.65844 4.59336 4.43684 4.30939 4.21037 4.13215 4.08973
3.41360 3.45225 3.48534 3.21956 3.18787 3.18997 3.17097 2.90204 3.01941 2.87897 2.87390 2.87390 2.87390 2.87390 2.79035 2.56716 2.56866 2.88632 3.00154 3.00040 2.99926 3.00205 3.10495 3.22959 2.95863 3.21115 3.54068 3.58493 3.51867 3.47807 3.47652 3.47652 3.47035 3.09524 3.00334 2.92007 2.84320 2.77216 2.68649 2.61032 2.70074 3.23988 3.25777 3.28156 3.30475 3.40206 3.52320 3.52950 3.69101 3.70583 3.77689 4.30345 4.25292 4.20290 4.14147 4.27488 4.37224 4.25271 4.15687 4.07976 4.01667 3.97283 3.96841 3.96841 3.96841 3.96841 3.96841
3.40777 3.40308 3.39848 3.25471 3.12785 3.12588 3.12394 2.92642 2.95702 2.90015 2.86069 2.86034 2.86000 2.85966 2.84357 2.61465 2.60965 2.76353 2.96993 2.96993 2.96993 2.97511 3.02657 3.18982 2.99843 3.00216 3.29540 3.47652 3.40915 3.27680 3.15779 3.05061 2.95321 2.73060 2.65409 2.68416 2.74060 2.79349 2.84284 2.90459 2.85923 3.27267 3.33739 3.32630 3.31459 3.39172 3.45981 3.44619 3.51197 3.54732 3.53139 3.88186 3.96877 3.96065 3.91957 3.90203 4.05341 3.96914 3.96841 3.96841 3.96841 3.96841 3.96841 3.96841 3.96841 3.96841 3.96841
3.34842 3.34842 3.34842 3.30491 3.10936 3.10934 3.10934 2.97520 2.91839 2.93735 2.83469 2.78858 2.74246 2.69636 2.65599 2.62248 2.60965 2.63317 2.94429 2.93644 2.92257 2.91740 2.94669 3.18476 3.15998 2.89439 2.75685 2.89409 2.84869 2.86312 2.92268 2.98098 3.03468 2.99675 2.90058 2.91202 2.90642 2.90091 2.90043 2.96066 2.89982 3.08395 3.24586 3.24583 3.24583 3.27523 3.42684 3.47654 3.56654 3.69916 3.72095 3.81924 3.86917 3.85428 3.85302 3.80049 4.02253 3.96958 3.96841 3.96841 3.96841 3.96841 3.96841 3.96841 3.97689 4.00177 4.02230
3.34842 3.34842 3.34842 3.34842 3.14208 3.10033 3.05008 2.92551 2.74497 2.78720 2.65022 2.65022 2.65022 2.64403 2.63018 2.59840 2.55243 2.56050 2.87030 2.98803 3.01757 3.04728 3.12559 3.28785 3.31020 3.06846 2.75976 2.97907 3.04910 3.07022 3.05753 3.04369 3.03632 3.02044 2.85197 2.85367 2.85372 2.85372 2.85372 2.93838 2.92830 2.98767 3.31606 3.36584 3.41263 3.44238 3.57291 3.57052 3.55506 3.66091 3.66429 3.71681 3.85428 3.85428 3.85428 3.81182 3.95968 3.98684 3.96841 3.96841 3.96815 3.98000 3.99364 4.00729 4.01248 4.00125 3.99443
3.34805 3.30647 3.23732 3.16811 2.99050 2.86343 2.85834 2.84621 2.67268 2.75510 2.64650 2.61930 2.63098 2.65287 2.68238 2.70893 2.72600 2.75559 2.89611 3.05096 3.00963 2.96544 2.94003 2.89548 2.86811 3.08809 2.87960 2.92148 3.02400 3.03269 3.04139 3.04859 3.04933 3.04933 2.89553 2.85372 2.86793 2.91622 2.96595 3.07646 3.15736 3.08410 3.43157 3.41443 3.39437 3.39154 3.47413 3.54423 3.54423 3.63003 3.66429 3.66997 3.84608 3.85428 3.85837 3.84096 3.91904 4.03254 3.96495 3.97865 3.99254 4.00484 4.06354 4.12755 4.19211 4.25643 4.32067
3.06231 3.03467 3.03467 3.03467 2.99240 2.85003 2.83675 2.83096 2.67216 2.70386 2.76863 2.79109 2.80358 2.77379 2.72423 2.67130 2.56347 2.45965 2.43220 2.85543 2.86190 2.86190 2.87108 2.87789 2.87229 3.02222 2.99790 2.88901 3.04933 3.04933 3.04933 3.04933 3.04933 3.04933 3.02633 3.05765 3.08588 3.06485 3.04191 3.05588 3.09826 3.02125 3.29836 3.39154 3.39154 3.39154 3.42439 3.54423 3.54699 3.60681 3.68910 3.70038 3.84464 3.93069 3.96313 3.98257 4.04131 4.29623 4.19350 4.25802 4.32241 4.37611 4.38208 4.38208 4.38208 4.38208 4.38208
3.05115 3.08177 3.12120 3.16188 3.20277 2.98182 2.97957 3.00151 2.88895 2.79592 2.63250 2.57463 2.50191 2.47825 2.47825 2.47825 2.43399 2.38455 2.38455 2.75218 2.86389 2.87214 2.88783 2.91501 2.90800 2.95525 3.10521 2.85149 3.02708 3.04933 3.04933 3.04933 3.03704 3.00950 2.99281 3.01555 2.99990 2.99943 2.99943 3.01252 3.09687 3.05384 3.18629 3.40333 3.41463 3.42591 3.43781 3.58366 3.60971 3.63930 3.81873 3.90397 4.06546 4.24552 4.30491 4.35339 4.30570 4.54370 4.39483 4.38208 4.38208 4.38208 4.38208 4.38240 4.39634 4.44012 4.48878
3.27993 3.29150 3.31151 3.35829 3.36480 3.16003 3.03871 3.02207 2.91076 2.70454 2.30480 2.47705 2.47825 2.47825 2.47825 2.47825 2.46021 2.38455 2.38455 2.61184 2.89359 2.89404 2.89729 2.92084 2.91116 2.90724 3.15399 2.86443 2.96066 3.00546 2.97790 2.95034 2.93508 2.93505 2.93509 2.99233 2.99925 2.99265 2.98284 2.97306 3.04985 3.03990 3.04454 3.45852 3.49803 3.56317 3.64319 3.81545 3.97140 4.03963 4.14690 4.17174 4.19435 4.36149 4.36173 4.36559 4.32852 4.48275 4.47425 4.41940 4.45023 4.49885 4.54755 4.59588 4.63063 4.63552 4.63552
3.28807 3.26971 3.23576 3.18232 3.16040 3.09830 2.94022 2.94193 2.93036 2.71781 2.46026 2.48228 2.52808 2.53016 2.53221 2.53426 2.53563 2.46745 2.46234 2.51415 2.95463 2.96246 2.96442 2.92434 2.93622 2.96481 3.17386 3.05399 2.95821 2.93505 2.93505 2.93089 2.91927 2.90748 2.89570 2.92920 2.94719 2.94396 2.95412 2.98010 3.06906 3.13184 3.20820 3.78940 3.86566 3.88122 3.88850 3.94110 4.08311 4.09555 4.16627 4.24054 4.25297 4.42306 4.47480 4.49333 4.47060 4.54463 4.71010 4.61766 4.63548 4.63552 4.63552 4.63552 4.63552 4.63552 4.63552
3.20147 3.20147 3.20147 3.20147 3.20147 3.19777 2.98651 2.97102 2.97102 2.78746 2.60818 2.44214 2.55253 2.54404 2.52940 2.51328 2.49548 2.47894 2.47755 2.47785 2.87834 3.01536 3.04407 3.05749 3.06268 3.05000 3.12520 3.13308 2.93077 2.89005 2.87626 2.86864 2.87291 2.90090 2.93228 2.98283 3.04947 3.08242 3.12328 3.15644 3.23012 3.32380 3.38252 3.79085 3.97860 3.99105 3.99698 3.99841 4.14986 4.13987 4.11714 4.17619 4.16100 4.38819 4.62054 4.65230 4.63167 4.56807 4.81234 4.63552 4.63552 4.63552 4.63552 4.63552 4.63552 4.63552 4.63549
3.20147 3.20147 3.20147 3.20147 3.20147 3.20147 3.04965 2.97102 2.97202 2.84442 2.70142 2.30158 2.48516 2.47755 2.47755 2.47801 2.50124 2.53725 2.57313 2.60878 2.82649 3.05890 3.04105 3.00629 2.96665 2.93369 2.94806 3.18385 2.95815 2.98297 3.01716 3.06247 3.10338 3.12080 3.14350 3.18350 3.23812 3.26480 3.27287 3.27287 3.29004 3.38298 3.40373 3.67418 3.97738 3.93336 3.88925 3.86011 3.97659 4.09425 4.15881 4.21073 4.21351 4.32417 4.66182 4.66182 4.65566 4.55889 4.77265 4.66382 4.63552 4.63552 4.63552 4.62761 4.60788 4.58824 4.56860
3.20147 3.20147 3.20147 3.20185 3.21290 3.23003 3.15766 2.98967 2.99429 2.91226 2.71796 2.32525 2.49367 2.53824 2.57235 2.58932 2.57969 2.55739 2.53507 2.51736 2.61105 3.10113 3.22342 3.34950 3.50524 3.43587 3.43447 3.49797 3.23894 3.18961 3.17216 3.19483 3.22041 3.24594 3.26280 3.26318 3.27028 3.27287 3.27287 3.25951 3.21679 3.27264 3.24056 3.35691 3.86891 3.93373 3.99826 4.04801 4.09519 4.22107 4.22107 4.21684 4.21351 4.22140 4.63407 4.66182 4.66182 4.57767 4.69159 4.72615 4.62769 4.60798 4.58838 4.57663 4.56933 4.49427 4.40272
3.22203 3.24007 3.25997 3.28144 3.28858 3.28858 3.27709 3.00687 3.01518 3.03784 2.85228 2.72607 2.66713 2.67878 2.72786 2.79475 2.92597 3.08100 3.22344 3.35075 3.42639 3.66246 3.71885 3.73410 3.83085 3.66052 3.47799 3.51433 3.37133 3.26814 3.26118 3.26318 3.26318 3.26318 3.26318 3.26318 3.22868 3.13562 3.09156 3.09081 3.15428 3.29249 3.39352 3.49279 3.96793 4.05135 4.05135 4.05135 4.05367 4.20720 4.22107 4.21915 4.21329 4.21307 4.51084 4.65819 4.63517 4.54910 4.52589 4.61097 4.40108 4.31031 4.21882 4.12722 4.04359 4.02750 4.02750
3.28858 3.28858 3.28858 3.27836 3.26339 3.26021 3.25725 3.14323 3.10654 3.10083 3.29927 3.30548 3.30713 3.32802 3.39414 3.45497 3.47622 3.47622 3.47622 3.47622 3.47622 3.58767 3.71885 3.72874 3.86049 3.80932 3.56417 3.57931 3.51035 3.29476 3.27217 3.26318 3.26318 3.26318 3.26360 3.31016 3.35869 3.22857 3.29263 3.32718 3.32724 3.37410 3.43735 3.47172 3.82036 4.05134 4.05117 4.05095 4.05074 4.15335 4.22002 4.21882 4.19144 4.13354 4.23030 4.44326 4.39537 4.31746 4.20727 4.18939 4.02984 4.02750 4.02750 4.02750 4.02750 4.02750 4.02804
3.17223 3.17298 3.17376 3.18286 3.19323 3.16734 3.10108 2.99182 2.86988 2.81202 2.95352 3.10493 3.45592 3.47904 3.47622 3.47622 3.47622 3.47622 3.47622 3.47622 3.47622 3.50609 3.78257 3.79757 3.89086 3.91630 3.58474 3.57206 3.58930 3.30033 3.28437 3.32124 3.39868 3.47615 3.55321 3.58412 3.58412 3.36849 3.32724 3.32724 3.34002 3.38442 3.49879 3.53544 3.75120 4.05013 4.05008 4.02670 3.95046 3.90373 3.99631 3.92646 3.87134 3.85531 3.89530 4.30053 4.30363 4.29435 4.19984 4.20449 4.08153 4.05489 4.07559 4.11888 4.17663 4.23443 4.29175
3.15296 3.08698 3.02017 2.95339 2.88663 2.84569 2.84513 2.84052 2.77477 2.77546 2.88204 3.12514 3.34382 3.56912 3.51791 3.52049 3.52309 3.52574 3.52832 3.53090 3.53349 3.53612 3.78302 3.85188 3.89264 3.92540 3.66542 3.62807 3.72501 3.57056 3.56454 3.58412 3.58412 3.58412 3.59103 3.61881 3.64800 3.52359 3.42923 3.45355 3.46512 3.45566 3.52335 3.49603 3.50559 3.77240 3.67493 3.59038 3.55876 3.56518 3.83901 3.85332 3.84500 3.83417 3.82837 4.17728 4.26556 4.26887 4.32004 4.37559 4.33550 4.29556 4.33262 4.34711 4.34711 4.34711 4.34711
2.91679 2.91590 2.91590 2.91590 2.91590 2.91590 2.91590 2.91590 2.85062 2.82906 2.84552 3.15107 3.29362 3.61375 3.56984 3.56944 3.55903 3.54522 3.53251 3.54629 3.56984 3.56984 3.71605 3.92427 4.00766 4.12777 4.02109 3.86204 3.87782 3.77676 3.63905 3.66767 3.69668 3.72587 3.74817 3.74568 3.71045 3.59863 3.36260 3.32767 3.28923 3.23804 3.23613 3.17557 3.13515 3.42867 3.52473 3.51894 3.51314 3.50741 3.69717 3.81001 3.84164 3.88455 3.94110 4.17939 4.38128 4.41854 4.48785 4.51929 4.48042 4.34711 4.34711 4.34711 4.34711 4.34711 4.34711
2.91590 2.91490 2.90711 2.89844 2.89016 2.88228 2.87470 2.86751 2.83062 2.78913 2.78839 3.02915 3.20177 3.56259 3.52602 3.51502 3.51182 3.51182 3.51530 3.57753 3.70243 3.77438 3.87345 4.12650 4.17455 4.30319 4.25210 4.02477 4.06348 4.03467 3.72527 3.68311 3.66419 3.66338 3.66265 3.66573 3.69983 3.69295 3.40916 3.36135 3.33508 3.33194 3.22145 3.08750 3.09497 3.29478 3.50531 3.53009 3.58002 3.62988 3.78071 4.06366 4.10455 4.15020 4.18670 4.24555 4.45746 4.45746 4.48008 4.51920 4.51735 4.35738 4.34711 4.34711 4.34711 4.34681 4.30414
2.86030 2.85436 2.85345 2.85345 2.85345 2.85345 2.85410 2.86410 2.86920 2.82400 2.83478 2.98576 3.15777 3.45585 3.53469 3.56410 3.62413 3.68585 3.76670 3.81310 3.95788 4.00424 4.04170 4.24235 4.29564 4.47349 4.52708 4.44091 4.54622 4.25214 3.84403 3.85632 3.87337 3.85008 3.77518 3.69841 3.62189 3.58976 3.41514 3.33194 3.33194 3.33194 3.29861 3.15438 3.20576 3.35257 3.73279 3.78092 3.80400 3.82705 3.85206 4.13155 4.14681 4.16424 4.18896 4.19097 4.43425 4.44604 4.42456 4.46565 4.50725 4.36866 4.27581 4.19367 4.11370 4.03632 3.99780
2.85345 2.85345 2.85831 2.87088 2.88273 2.89380 2.90369 2.90606 2.90606 2.85537 2.84618 2.96210 3.23401 3.50316 3.86950 3.85610 3.88354 3.90910 3.91219 3.93702 4.08054 4.19650 4.25465 4.40057 4.53885 4.67843 4.72659 4.76229 4.77363 4.48757 3.92446 3.72270 3.64527 3.59166 3.58976 3.58976 3.58976 3.59550 3.53402 3.44088 3.49078 3.54081 3.58363 3.37899 3.38973 3.43267 3.80778 3.84232 3.82942 3.81102 3.79323 3.96365 4.03993 4.02355 4.03395 3.97833 4.06163 4.08993 4.03205 3.99925 4.12719 4.05352 4.02908 4.07467 4.12045 4.16609 4.21203
2.85345 2.87303 2.90596 2.90606 2.90606 2.90606 2.90631 2.92421 2.95355 3.01200 3.10871 3.15779 3.38157 3.54414 3.94986 3.99880 4.05113 4.10354 4.15588 4.17948 4.24193 4.37103 4.37103 4.39271 4.54241 4.63889 4.67554 4.62284 4.56895 4.37376 3.81465 3.59054 3.59160 3.61233 3.63787 3.66148 3.68333 3.70057 3.71002 3.59111 3.57560 3.56243 3.53652 3.34153 3.34645 3.36175 3.58420 3.69359 3.68829 3.65878 3.61458 3.65714 3.78673 3.74253 3.72324 3.67225 3.70363 3.81556 3.78952 3.83767 4.07176 4.28264 4.27266 4.27266 4.27266 4.27266 4.27266
2.87170 2.88920 2.95771 2.98736 3.01676 3.04616 3.07525 3.08671 3.08983 3.11455 3.20436 3.23901 3.41782 3.62537 4.18454 4.17996 4.17948 4.17948 4.17948 4.17948 4.19255 4.36869 4.37103 4.37103 4.39215 4.37581 4.44298 4.45550 4.48513 4.46762 3.95307 3.62076 3.60426 3.57595 3.56007 3.54795 3.53628 3.52419 3.49905 3.40658 3.37997 3.37997 3.37997 3.29635 3.33212 3.42971 3.50791 3.48936 3.44588 3.43115 3.43839 3.48529 3.63164 3.59120 3.57628 3.60390 3.62688 3.83820 3.84163 3.86302 4.03375 4.25953 4.27754 4.27611 4.28636 4.27769 4.24589
3.03807 3.05981 3.08243 3.09261 3.11523 3.15959 3.20421 3.24880 3.29012 3.32352 3.40542 3.41704 3.50978 3.68904 4.07274 4.20234 4.15797 4.15522 4.15253 4.14983 4.14714 4.27534 4.26126 4.19123 4.11871 4.07771 4.12883 4.08324 4.07761 4.06659 3.74793 3.37355 3.28757 3.46228 3.48922 3.48922 3.48922 3.49634 3.53223 3.52048 3.50084 3.53982 3.57874 3.55189 3.45705 3.54220 3.58730 3.49682 3.53879 3.58124 3.61643 3.62371 3.59061 3.57509 3.57430 3.59260 3.58165 3.74613 3.78987 3.79836 4.00960 4.25029 4.29871 4.23411 4.17879 4.14517 4.13698
3.14192 3.18395 3.23236 3.26798 3.28767 3.28567 3.28337 3.28102 3.27888 3.27851 3.31793 3.34979 3.40213 3.57536 3.79528 4.04142 3.91050 3.86270 3.81818 3.80158 3.79482 3.80323 3.82099 3.83119 3.83436 3.84793 3.92130 3.88571 3.87204 3.89018 3.73271 3.36356 3.27591 3.46112 3.59771 3.63663 3.67561 3.70740 3.71003 3.68451 3.58511 3.57622 3.56731 3.55845 3.40588 3.54653 3.67452 3.61623 3.57999 3.56902 3.55807 3.54711 3.51874 3.47710 3.47397 3.50867 3.51722 3.58560 3.61300 3.56592 3.73512 4.01117 4.16595 4.13698 4.13698 4.13698 4.13698
3.30695 3.28798 3.28604 3.27851 3.27851 3.27728 3.27357 3.26982 3.26607 3.26229 3.27543 3.32902 3.33737 3.46063 3.42780 3.83398 3.76862 3.80461 3.83908 3.84810 3.84810 3.83925 3.78990 3.74956 3.70928 3.70568 3.82179 3.98554 4.14629 4.34040 4.45012 4.03073 3.46653 3.53322 3.69741 3.69010 3.71102 3.74235 3.77412 3.81372 3.77856 3.83123 3.89724 3.95772 3.50142 3.48393 3.56290 3.58595 3.52216 3.52216 3.52446 3.52874 3.53012 3.47123 3.43402 3.43981 3.45047 3.44884 3.51285 3.51285 3.63155 3.93523 4.15663 4.13755 4.13698 4.13698 4.13698
3.31005 3.26892 3.26453 3.25525 3.25090 3.24840 3.24833 3.24833 3.24833 3.25138 3.28147 3.37702 3.41507 3.58060 3.51182 3.88838 3.85696 3.84151 3.80505 3.76469 3.72843 3.79591 3.92038 4.06151 4.20452 4.32572 4.49683 4.60909 4.62380 4.63532 4.64744 4.42882 3.67724 3.68708 3.95214 4.00264 4.02727 4.05304 4.07882 4.10300 4.04430 3.99914 3.99914 3.99914 3.66274 3.44757 3.52285 3.63455 3.53629 3.51561 3.47738 3.43717 3.39694 3.34123 3.32728 3.35627 3.43373 3.43393 3.50421 3.51285 3.58689 3.85725 4.05887 4.07393 4.05118 4.03503 4.01261
3.30762 3.25276 3.25276 3.25003 3.24833 3.26533 3.30131 3.33730 3.37330 3.40624 3.41246 3.44576 3.46699 3.55616 3.50176 3.67212 3.90289 4.00633 4.14941 4.34022 4.53990 4.64198 4.66684 4.66594 4.67215 4.66542 4.67594 4.82489 4.81023 4.68942 4.73259 4.64443 4.01260 3.80138 3.99115 4.09684 4.10839 4.10839 4.10839 4.10839 4.07270 4.00434 4.00863 4.01291 3.83988 3.39599 3.44451 3.54199 3.39580 3.37563 3.37563 3.37566 3.37642 3.35880 3.33020 3.33373 3.43270 3.43986 3.48915 3.52229 3.55693 3.68891 3.72509 3.88955 3.91379 3.86628 3.78694
3.25612 3.25919 3.25276 3.28385 3.39347 3.41244 3.41246 3.41246 3.41246 3.41392 3.42388 3.43595 3.38258 3.45384 3.65002 3.75410 4.46340 4.86040 4.86798 4.82818 4.77165 4.71171 4.67339 4.66002 4.66002 4.66002 4.62486 4.81756 4.82063 4.73452 4.78861 4.77028 4.32706 3.86446 3.95306 4.10629 4.08318 4.05472 4.02625 3.99779 3.97391 3.98026 3.94416 3.93776 3.91397 3.33973 3.35341 3.45094 3.42063 3.38309 3.38416 3.38519 3.38588 3.38282 3.33968 3.33964 3.41059 3.43883 3.43186 3.44485 3.38501 3.50178 3.46906 3.42568 3.40217 3.34752 3.34752
