High_resolution/powerplant/Shangrao/OMI_NO2_201111.asc
ncols      200
nrows      200
xllcorner       115.451
yllcorner       27.0350
cellsize     0.0166667
NODATA_Value      -999.000
[rows 29 to 57 of 200, columns 0 to 66 of 200]
11.0762 11.0762 11.0762 10.5839 10.5020 10.5020 10.5000 10.4417 10.3582 10.2751 10.1962 10.7560 10.9749 10.9100 11.0036 8.72214 8.70767 8.70767 8.70767 8.70767 8.70767 8.70767 8.70767 8.70767 8.70767 8.70767 8.70767 8.84524 9.30642 8.84357 8.57104 7.93112 7.86755 7.74875 7.93630 7.97993 7.99806 8.01631 8.03441 7.40784 7.29789 7.40901 7.52618 7.64324 7.76526 7.77252 7.62775 8.24736 8.25270 8.25373 8.25553 8.78180 9.02711 9.43377 10.3187 10.0895 10.0887 10.0887 10.0887 10.0887 10.1096 10.1897 11.4903 11.5863 11.6648 11.7573 11.7422
11.0733 11.0019 10.9015 10.4596 10.2121 10.1332 10.0595 10.0552 10.0783 10.1015 10.1198 10.4838 11.0631 10.9240 11.3576 9.35788 8.80240 8.80533 8.78149 8.75133 8.72102 8.69077 8.66051 8.63019 8.62300 8.52352 8.39305 8.26520 8.89186 8.78627 9.43751 8.99899 8.70967 8.20495 8.19692 8.19692 8.23072 8.40356 8.59092 8.26710 7.85666 7.86292 7.86292 7.86292 7.87322 7.92343 7.61229 8.31966 8.33259 8.33259 8.24864 8.69724 9.05198 9.07543 10.2775 10.1141 10.0887 10.0887 10.0957 10.1064 10.1043 10.1303 11.0841 11.5140 11.4264 11.4240 11.2910
10.5024 10.4734 10.4746 10.3327 10.1678 10.1863 10.2022 10.2045 10.2065 10.2089 10.2112 10.3081 11.0927 10.8480 11.1707 9.94610 8.53242 8.49940 8.49343 8.54554 8.56600 8.46828 8.36790 8.26764 8.14443 8.11328 8.11328 8.11328 8.80722 8.69328 9.32284 9.20395 8.78161 8.51641 8.57427 8.76178 8.91533 8.93021 8.93021 8.72572 7.86292 7.86292 7.86292 7.86292 7.86302 7.91669 7.68571 8.16430 8.33259 8.33259 8.24017 8.64642 8.92264 9.06401 9.87907 10.1746 10.0879 10.0759 10.0483 10.0254 10.0498 9.84007 10.1709 10.8270 10.6854 10.6026 10.4603
10.5173 10.5424 10.5661 10.4869 10.2201 10.2224 10.2247 10.2268 10.2271 10.2271 10.2271 10.2271 10.9315 10.8912 10.9887 10.8329 8.59075 8.48973 8.38894 8.23655 8.11573 8.11328 8.11328 8.11328 8.11328 8.11328 8.11328 8.11328 8.71990 8.89281 9.51198 10.0537 9.61860 9.28407 8.93021 8.93021 8.93021 8.93021 8.93021 8.92829 7.99526 7.86292 7.86292 7.86292 7.86292 7.89978 7.80949 7.96984 8.33262 8.33368 8.28041 8.47494 8.74308 9.01880 9.36928 10.1868 10.0898 10.1164 10.1516 10.1621 10.1159 9.78400 9.64482 10.3018 10.3232 10.1769 9.83283
10.5851 10.5851 10.5851 10.5729 10.2341 10.2271 10.2271 10.2295 10.2492 10.2700 10.2901 10.2915 10.5900 10.8847 10.5503 10.7318 8.55907 8.11328 8.11328 8.11328 8.11328 8.11328 8.11328 8.11328 8.12595 8.30115 8.52624 8.75115 9.31911 9.63220 9.68228 10.3180 9.80806 9.50801 8.93021 8.93021 8.93021 8.93021 8.93021 8.93021 8.32815 7.86292 7.86292 7.86292 7.86341 7.87276 7.83049 7.64330 8.10407 8.06854 8.06847 8.34249 8.63605 9.15069 9.18009 10.2210 10.1510 10.0743 10.0268 9.99554 9.99473 9.77136 9.21687 9.46855 9.34525 9.12922 9.06954
10.5851 10.5851 10.5864 10.5987 10.3311 10.2898 10.3100 10.2898 10.1949 10.0952 9.99684 9.91770 10.0187 10.4666 10.3011 10.6798 9.37572 8.11328 8.11328 8.11328 8.12014 8.28108 8.50618 8.73127 8.94334 8.99323 8.99323 8.99323 9.12815 9.82903 9.48923 10.2821 10.0131 9.63219 9.01800 8.93021 8.93021 8.93021 8.93021 8.93029 8.66404 7.81391 7.70846 7.59706 7.48513 7.38827 7.41105 7.44574 8.21365 8.21474 8.21474 8.32619 8.58062 9.00375 9.06555 9.67287 10.0637 9.90571 9.65109 9.34418 9.03732 8.75898 8.29945 8.52906 8.87234 8.88488 9.03209
10.6438 10.6678 10.6892 10.6278 10.2935 10.0684 9.96995 9.91135 9.91085 9.91085 9.91085 9.91085 9.91283 10.3876 10.2853 10.6726 10.1926 8.26102 8.48620 8.71120 8.92926 8.99323 8.99323 8.99323 8.99323 8.99323 8.99323 8.99323 8.99422 9.95066 9.43886 10.0682 10.2181 9.63219 9.21132 8.93084 8.90866 8.80404 8.69272 8.58115 8.45401 7.42273 7.33418 7.33377 7.33018 7.32594 7.37110 7.35918 7.86453 7.85294 7.77219 7.72452 8.03843 8.21213 8.46955 8.45895 8.77777 8.43404 8.36494 8.34828 8.33167 8.31501 7.93575 7.88446 8.38696 8.40386 8.62633
10.4845 10.3624 10.2461 10.2056 10.0796 9.91085 9.91085 9.91085 9.91085 9.91085 9.89041 9.85120 9.81166 9.95402 9.84239 9.80579 9.77245 9.08134 8.99323 8.99323 8.99323 8.99323 8.99323 8.99323 8.99323 8.99323 8.99323 8.99323 8.99323 9.79817 9.53469 9.83878 10.3103 9.62139 9.18521 8.48420 8.39076 8.37966 8.37583 8.37494 8.37452 7.70917 7.30642 7.29043 7.25101 7.21172 7.20413 7.21345 7.44518 7.57452 7.57779 7.58086 7.71574 7.75626 8.25603 8.01845 8.20352 8.22219 8.21475 8.21194 8.20912 8.20630 7.96796 7.75631 8.19943 8.33878 8.63395
10.3908 10.2056 10.2056 10.2055 10.1207 9.85040 9.81090 9.77143 9.73697 9.64531 9.42565 9.21879 9.01169 9.01481 9.30979 9.39591 9.80106 9.43413 9.14379 9.15829 9.17279 9.18724 9.19737 9.20552 9.21338 9.22290 9.29959 9.49539 9.77951 10.4527 10.4999 10.3002 10.4568 9.81596 9.27336 8.52665 8.48020 8.48402 8.48750 8.48366 8.47095 8.10716 7.27499 7.24792 7.24751 7.24751 7.26101 7.31176 7.45094 7.65328 7.65328 7.65328 7.75432 7.64402 8.24974 8.16508 7.95899 8.21839 8.20394 8.20394 8.20394 8.25763 8.24195 7.95715 8.31677 8.68820 8.83608
10.6267 10.0373 9.99030 9.94294 9.91980 9.95065 9.76820 9.56104 9.34965 9.19452 9.18844 9.18441 9.14572 9.11638 9.45668 9.57773 10.0641 9.89387 9.36496 9.35849 9.35641 9.41623 9.59804 9.85478 10.1186 10.3624 10.5697 10.6935 10.6984 10.9219 11.1595 10.3934 10.4796 10.1861 9.30440 8.76325 8.47205 8.45912 8.44618 8.43756 8.43734 8.39288 7.29581 7.24751 7.24751 7.24751 7.24808 7.30670 7.37323 7.65328 7.65328 7.65328 7.73038 7.67512 8.05416 8.27452 7.77784 8.36440 8.39488 8.45290 8.51079 8.47686 8.33312 8.25780 8.59570 9.38904 9.63398
10.9484 9.90116 9.65060 9.33179 9.01279 8.97368 8.96826 8.92175 8.87510 8.82854 8.78198 8.73945 8.73154 8.73154 8.95288 9.47243 10.0554 10.2636 9.91038 10.1146 10.3624 10.5679 10.6719 10.6983 10.6984 10.6984 10.6984 10.6984 10.6984 10.7747 11.4045 10.4193 10.4648 10.4319 9.34078 8.96060 8.43734 8.43734 8.43734 8.43734 8.43734 8.43734 7.62334 7.24751 7.24751 7.24751 7.24751 7.28935 7.31232 7.63204 7.65328 7.65797 7.77939 7.85654 8.01305 8.59246 7.98614 8.28346 8.14538 8.00816 7.87402 7.77750 7.69814 8.12128 8.42873 8.98793 9.03379
9.91326 8.46769 8.37252 8.37252 8.37252 8.58795 8.73154 8.73154 8.73154 8.73154 8.71157 8.56293 8.39245 8.22247 8.54453 9.87984 10.8467 11.2188 10.9143 10.6984 10.6984 10.6984 10.6984 10.6984 10.6984 10.6984 10.6984 10.6963 10.6847 10.6717 11.3130 10.6337 10.4221 10.4290 9.66175 9.19331 8.44811 8.43734 8.43734 8.43734 8.43734 8.43734 7.99479 7.24751 7.24751 7.24751 7.24751 7.31412 7.45806 7.74237 7.84485 7.75920 7.55508 7.45787 7.14728 7.84787 7.31202 7.43471 7.70130 7.62983 7.55249 7.47561 7.44116 7.72538 8.04674 8.25632 8.05103
9.51405 8.62380 8.37252 8.37252 8.37252 8.49147 8.56582 8.39584 8.22426 8.05420 7.87960 7.80965 7.76220 7.71475 7.85894 9.91611 10.6866 11.2702 11.1060 10.6984 10.6984 10.6984 10.6984 10.6969 10.6858 10.6728 10.6599 10.6490 10.6477 10.6477 11.1548 10.9407 10.3884 10.4290 10.0125 9.25376 8.63167 8.43734 8.43734 8.43734 8.43734 8.43734 8.35793 7.36977 7.43057 7.43244 7.38485 7.27821 6.98029 6.91300 6.91640 6.86253 6.85988 7.04127 6.82262 7.52175 7.35589 6.99185 7.52165 7.44063 7.35674 7.04117 6.70693 6.44909 6.76680 7.01409 7.32343
9.48767 8.69698 7.97172 7.76776 7.56348 7.46501 7.84391 7.79646 7.74903 7.70158 7.67872 7.67872 7.67872 7.67872 7.67872 9.39319 10.3955 11.2702 11.2553 10.7294 10.6869 10.6739 10.6610 10.6495 10.6477 10.6477 10.6477 10.6477 10.6477 10.6477 11.0075 11.2491 10.3536 10.4290 10.3461 9.27090 8.87559 8.43734 8.49057 8.57649 8.55832 8.47120 8.36657 7.37522 6.97824 6.92946 6.91752 6.91750 6.74012 6.68293 6.71316 6.61493 6.51677 6.60660 6.42490 6.82660 7.10111 6.26765 6.49444 6.13647 5.87992 5.85124 5.84152 5.83177 6.29065 6.47682 6.89586
8.27712 8.01954 7.29153 7.23461 7.17770 7.12560 7.64574 7.67872 7.67872 7.67872 7.67872 7.67872 7.67872 7.67454 7.66263 8.66161 9.88258 10.5656 10.2910 10.4240 10.6477 10.6477 10.6477 10.6477 10.6477 10.6477 10.6477 10.6477 10.6477 10.6477 10.8602 11.3729 10.5036 10.4270 10.3644 9.28647 8.70218 8.29264 8.14918 7.98492 7.91728 7.90009 7.89229 7.44037 6.85679 6.84885 6.80971 6.74613 6.57191 6.36720 6.08965 6.07087 6.05330 6.10930 5.98745 6.03613 6.73739 5.87310 5.62135 5.57175 5.59928 5.58638 5.57346 5.56057 5.83943 6.09564 6.44077
8.00074 7.93396 7.16312 7.10914 7.10914 7.10914 7.54349 7.67413 7.66220 7.65011 7.63805 7.62600 7.42861 7.05873 6.69666 6.75237 8.62701 9.49813 9.90806 10.1703 10.6802 10.6886 10.6972 10.7057 10.7142 10.7227 10.7455 10.7849 10.8205 10.6444 10.3491 10.0802 9.46326 8.92341 8.37963 7.97447 7.60094 7.44593 7.40789 7.39044 7.37306 7.35523 7.28764 7.05328 6.14034 6.06583 6.02410 6.00634 5.93527 5.77439 5.54037 5.50283 5.50283 5.53702 5.60207 5.25419 6.11949 5.79184 5.55566 5.40890 5.49203 5.49203 5.49203 5.49074 5.48456 5.57723 5.51494
8.07838 7.93483 7.33931 7.07429 7.05978 7.04533 7.44353 7.76970 7.65703 7.30926 6.95602 6.60261 6.43468 6.44303 6.45167 6.47621 8.58658 9.47423 10.2244 10.2930 11.0183 11.0722 11.1031 11.1191 10.9044 10.5943 10.1772 9.68101 9.18832 8.90772 8.79227 8.57249 8.57833 8.45192 8.06554 7.92434 7.38744 7.29827 7.18883 7.09582 7.00280 6.90962 6.86677 6.86677 6.15435 5.98729 5.98729 5.98729 5.98178 5.78419 5.61212 5.50283 5.50283 5.50283 5.69693 5.26024 5.84951 5.90332 5.63892 5.30198 5.14830 4.91327 4.65539 4.38736 4.30451 4.60620 4.53854
8.58311 7.93483 7.53379 7.02173 6.93693 6.53346 6.46674 6.76284 6.54996 6.57183 6.59965 6.62741 6.65520 6.68299 6.71079 6.73689 8.16392 9.42554 10.4242 10.1487 10.3507 10.2117 9.73479 9.25319 9.00259 8.84702 8.78445 8.78445 8.78445 8.78445 8.78445 8.62116 8.54915 8.51028 8.12363 7.90100 7.25309 7.03087 6.86688 6.86677 6.86677 6.86677 6.86677 6.86677 6.42923 5.98729 5.98729 5.98729 5.98729 5.83773 5.68408 5.50283 5.50283 5.50283 5.69330 5.32282 5.39673 5.16497 4.36098 4.03251 4.14100 4.19986 4.14545 4.09100 4.03297 3.96184 3.93020
9.20355 7.65698 7.04917 5.99785 5.68130 5.68371 5.82670 6.74269 6.74269 6.74269 6.74269 6.74269 6.74269 6.73236 6.66125 6.58021 6.93499 7.90141 8.37062 8.34910 8.47214 8.80369 8.78445 8.78445 8.78445 8.78445 8.78445 8.78445 8.78445 8.78445 8.75082 8.52971 8.29755 8.18544 7.86295 7.66428 7.29957 7.01886 6.87448 6.86677 6.86677 6.86677 6.86677 6.86677 6.70419 5.98729 5.98729 5.98729 5.98729 5.89682 5.74607 5.51424 5.60992 5.71195 5.92878 5.52395 5.14876 4.61831 3.83937 3.75656 3.78069 3.93625 3.82437 3.71243 3.60916 3.61908 3.66988
7.50414 6.27709 6.27709 5.77031 5.69554 5.69554 5.69554 6.65350 6.73236 6.66125 6.58021 6.49918 6.41780 6.33402 6.30461 6.28516 6.25358 6.86934 7.52144 8.02932 8.09089 8.77471 8.78445 8.78445 8.78445 8.78445 8.75758 8.65382 8.54521 8.43669 8.36164 8.29281 8.12070 8.14571 7.95183 7.66861 7.49013 7.02295 6.91686 6.86677 6.86677 6.86677 6.86677 6.86677 6.86575 6.09891 5.97670 6.05824 6.14713 6.16684 6.07513 5.84039 5.69565 5.62087 5.65947 5.53039 5.00461 4.69353 3.76232 3.69634 3.61984 3.58901 3.58706 3.58119 3.56821 3.57564 3.62379
7.83441 6.32397 6.27709 5.89917 5.59879 5.50154 5.40430 6.11833 6.34568 6.31858 6.29911 6.27963 6.26050 6.25409 6.25409 6.25409 6.25409 6.67060 7.21503 8.02761 8.02932 8.59673 8.76366 8.66296 8.55431 8.44571 8.36398 8.35921 8.35921 8.35921 8.35921 8.34079 8.12113 8.13817 8.00953 7.72916 7.64792 7.05560 6.96322 6.86677 6.86675 6.85782 6.89059 6.99106 7.05697 6.57043 6.17634 6.10930 6.03831 6.01500 5.93673 5.73514 5.57203 5.56512 5.56934 5.75347 4.98023 4.80520 3.94033 3.72827 3.66755 3.61052 3.58488 3.57501 3.57212 3.56293 3.61368
7.87562 6.20653 5.79148 5.52157 5.20269 5.18000 5.15664 5.73864 6.25681 6.25409 6.25409 6.25409 6.25409 6.25409 6.25409 6.25409 6.25142 6.47401 6.98077 7.94269 8.00004 8.18712 8.36708 8.35921 8.35921 8.35921 8.35921 8.35921 8.35921 8.35921 8.35921 8.35921 8.15121 8.12070 8.05583 7.81233 7.66053 7.19808 7.02606 6.95615 7.01175 7.09064 7.13585 7.10227 7.11360 6.88198 6.13019 6.15149 6.17155 6.17150 6.11135 5.94677 5.63564 5.62885 5.62885 5.67254 4.97102 4.77362 3.94770 3.55155 3.51030 3.44669 3.44294 3.44383 3.44472 3.44561 3.48998
7.99431 6.18755 5.59520 5.53762 5.11667 5.10923 5.10923 5.47104 6.25409 6.25409 6.25134 6.24035 6.22886 6.21728 6.20524 6.18283 6.15890 6.19681 6.83908 7.62739 7.97217 8.01872 8.35824 8.35921 8.35921 8.36974 8.39127 8.41214 8.43355 8.45448 8.47440 8.49012 8.20575 7.94201 7.76582 7.52217 7.15278 7.16407 7.34841 7.26508 7.25881 7.27106 7.27071 7.27026 7.26395 7.15004 6.24827 6.16246 6.13519 6.12798 6.09932 6.00531 5.63403 5.61529 5.61485 5.63190 5.15765 4.84198 4.19288 3.56964 3.56156 3.46426 3.45485 3.45432 3.45432 3.45432 3.48331
8.38378 6.43535 5.54420 5.54420 5.19255 5.09269 5.07881 5.16894 6.45381 6.46743 6.47976 6.49204 6.49821 6.50428 6.51096 6.52786 6.54915 6.56671 7.17517 7.80777 8.47501 8.49071 8.81781 8.90974 8.92624 8.93132 8.92459 8.88394 8.76041 8.57543 8.38911 8.21695 7.74284 7.30123 7.32739 7.39498 7.09349 7.09102 7.39004 7.32885 7.26064 7.16913 7.03657 6.90390 6.77715 6.74450 6.35745 6.12395 6.12395 6.12395 6.11920 6.03382 5.71081 5.61305 5.61305 5.62490 5.37282 4.84200 4.48390 3.56964 3.56964 3.48973 3.54715 3.75056 3.95838 4.15807 4.35195
8.54672 7.04702 5.56283 5.54420 5.25999 5.02588 5.02588 5.01926 6.56046 6.75088 6.75514 6.77915 6.80988 6.84061 6.87134 6.90204 6.93280 6.96350 7.18109 7.58574 8.49623 8.51585 8.66411 8.75084 8.59548 8.41583 8.24499 8.11300 8.04669 8.03389 8.03389 8.03389 7.84068 7.30038 7.30435 7.39395 7.18380 6.99394 7.10675 7.01913 6.78576 6.74450 6.74450 6.74450 6.74450 6.74450 6.55063 6.12395 6.12395 6.12395 6.12395 6.05566 5.81856 5.61305 5.61305 5.61872 5.54886 4.91181 4.89072 4.15331 4.37305 4.52203 4.55228 4.53623 4.58354 4.63172 4.68174
8.54672 7.56032 5.85437 5.69991 5.57837 5.18924 5.20807 5.23352 6.46731 7.02015 7.03169 7.03169 7.03169 7.03169 7.03169 7.03169 7.02904 7.01145 7.02911 7.24541 7.93499 7.93019 7.86879 8.07083 8.03673 8.03389 8.03389 8.03389 8.03389 8.03389 8.03389 8.03389 7.98660 7.24246 7.12567 7.08341 6.87676 6.62000 6.73548 6.87297 6.75772 6.74450 6.74450 6.74450 6.74450 6.74450 6.71989 6.14757 6.12395 6.12395 6.12395 6.08069 5.92856 5.74373 5.91216 5.98901 6.05383 5.72872 5.74598 5.18766 5.10093 5.14497 4.85005 4.68368 4.70141 4.73295 4.76449
8.50327 8.02135 6.24616 5.91390 5.90191 5.34976 5.32061 5.32061 6.16692 7.03169 7.03169 7.02904 7.01145 6.99152 6.96956 6.93605 6.95376 6.99766 7.03884 6.88493 7.30916 7.70213 7.70223 7.98598 8.03389 8.03389 8.03389 8.03389 8.03389 7.98268 7.86914 7.75547 7.64180 6.96025 6.85548 6.90036 6.92410 6.62233 6.66433 6.87352 6.79549 6.74450 6.74450 6.74450 6.74450 6.74450 6.74450 6.31608 6.17001 6.36218 6.45580 6.61856 6.75484 6.48271 6.45199 6.57852 6.56022 6.10052 5.96827 5.49003 5.16900 5.20349 4.99634 4.84483 4.79832 4.79802 4.78183
8.37524 8.36610 6.51782 5.91260 5.91260 5.48025 5.31732 5.29609 5.74836 6.97138 6.94605 6.92321 6.96468 7.00981 7.05397 7.10951 7.12289 7.12289 7.12582 6.94485 7.08891 7.68689 7.70213 7.88170 8.03389 7.99167 7.87911 7.76539 7.65163 7.58913 7.58899 7.58899 7.58899 7.10933 6.85548 6.87392 6.95227 6.68749 6.62094 6.84397 6.83364 6.74450 6.74450 6.74894 6.89697 7.06356 7.27433 7.26863 7.07120 7.10884 7.26141 7.31458 7.30372 6.85425 6.60692 6.61179 6.57690 6.27798 6.07840 5.82086 5.32005 5.33246 5.19171 4.93292 4.81028 4.79195 4.78943
8.37524 8.37524 7.07923 5.85538 5.82215 5.52544 5.22951 5.31098 5.51783 7.00742 7.06876 7.11853 7.12289 7.12289 7.12289 7.12289 7.12289 7.12289 7.12289 7.02771 6.92064 7.53815 7.44468 7.34258 7.66160 7.59006 7.58899 7.58899 7.58899 7.58899 7.58899 7.58899 7.58899 7.25846 6.85548 6.85638 6.94358 6.78086 6.62000 6.78095 7.00352 7.30683 7.55129 7.77247 7.84915 7.91172 7.90482 7.82761 7.23854 7.20504 7.17912 7.15868 7.16843 7.16777 6.86781 6.91768 6.86145 6.52816 6.18858 6.04079 5.35653 5.35115 5.29197 4.89235 4.74403 4.73171 4.72518
