High_resolution/powerplant/Shangrao/OMI_NO2_200707.asc
ncols      200
nrows      200
xllcorner       115.451
yllcorner       27.0350
cellsize     0.0166667
NODATA_Value      -999.000
[rows 0 to 28 of 186, columns 0 to 66 of 200]
3.11620 3.11995 3.11995 3.11995 3.11947 3.10634 3.08862 3.07219 3.05697 3.04279 3.02954 3.01718 3.04640 3.06226 3.06693 3.13882 3.33208 3.83722 3.83722 3.83722 3.83722 3.83722 3.83722 3.83722 3.83722 3.83722 0.00000 0.00000 0.00000 2.60460 2.60460 2.60460 2.60460 2.60460 2.60460 2.60460 2.60460 2.60460 2.60460 2.60460 2.60460 2.60460 2.60460 2.67829 2.78201 2.78201 2.78201 2.78201 2.78201 2.78201 2.78201 2.79350 2.95875 3.18464 3.17264 3.07751 2.99578 2.92301 2.87154 2.84841 2.81811 2.96335 3.00556 3.04509 3.06936 3.06988 3.06988
3.18862 3.16558 3.15517 3.14550 3.13666 3.13673 3.14079 3.14473 3.14860 3.15241 3.15633 3.16005 3.19898 3.25460 3.25600 3.32446 3.56952 3.83495 3.83722 3.83722 3.83722 3.83722 3.83722 3.83722 3.83722 3.83722 0.00000 0.00000 0.00000 0.00000 2.60460 2.60460 2.60460 2.60460 2.60460 2.60460 2.60460 2.60460 2.60460 2.60460 2.60460 2.60460 2.60460 2.61835 2.78006 2.78201 2.78201 2.78201 2.78201 2.78201 2.76798 2.74093 2.67286 2.83488 2.87706 2.88129 2.88597 2.89024 2.89297 2.89304 2.82967 3.03999 3.01170 2.98296 2.95666 2.93212 2.90847
3.22075 3.16872 3.16872 3.16872 3.16872 3.16872 3.16872 3.16872 3.16872 3.16872 3.16872 3.16872 3.18421 3.25600 3.25600 3.27346 3.55802 3.76063 3.83722 3.83722 3.83722 3.83722 3.83722 3.83722 3.83722 3.83722 0.00000 0.00000 0.00000 0.00000 2.60460 2.60460 2.60460 2.60460 2.60460 2.60460 2.60460 2.60460 2.60460 2.60460 2.60460 2.60460 2.60460 2.60460 2.75953 2.78163 2.76615 2.75608 2.74953 2.74389 2.74940 2.74969 2.68340 2.71668 2.79258 2.76548 2.73968 2.71499 2.69145 2.66895 2.58313 2.80970 2.83593 2.83193 2.82821 2.82821 2.82821
3.25969 3.16872 3.16872 3.16872 3.16872 3.16872 3.17414 3.19296 3.21906 3.24950 3.28164 3.31541 3.35302 3.42996 3.45396 3.48002 3.94608 3.97700 3.83722 3.83722 3.83722 3.83722 3.83722 3.83722 3.83722 3.83722 0.00000 0.00000 0.00000 0.00000 2.60460 2.60460 2.60460 2.60460 2.60460 2.60460 2.60460 2.60460 2.60460 2.60460 2.60608 2.65402 2.64680 2.58714 2.63482 2.64912 2.60240 2.57894 2.56163 2.53642 2.51260 2.49751 2.48514 2.48740 2.64767 2.64767 2.64767 2.64767 2.64767 2.64767 2.60067 2.74224 2.83593 2.83375 2.82821 2.82821 2.82821
3.45952 3.32089 3.34895 3.38469 3.42236 3.46231 3.49816 3.51930 3.52603 3.52603 3.52603 3.52603 3.52603 3.50117 3.43852 3.37551 3.70697 4.03741 3.83722 3.83722 3.83722 3.83722 3.83722 3.83722 3.83722 3.83722 3.83722 0.00000 0.00000 0.00000 0.00000 2.60460 2.60460 2.57674 2.48126 2.43307 2.44336 2.44778 2.43265 2.41777 2.40537 2.36907 2.34565 2.34532 2.39914 2.49884 2.47667 2.47763 2.49715 2.49715 2.49715 2.49715 2.49699 2.44760 2.64118 2.64767 2.64767 2.64767 2.64767 2.64767 2.62859 2.66417 2.83593 2.83552 2.82899 2.83246 2.83619
4.00957 3.62265 3.52603 3.52603 3.52603 3.52603 3.52295 3.47481 3.41176 3.34875 3.28570 3.22269 3.15964 3.12149 3.12108 3.12108 3.39816 4.07755 3.83722 3.83722 3.83722 3.83722 3.83722 3.83722 3.83722 3.83722 3.83722 0.00000 0.00000 0.00000 3.08471 2.83844 2.40056 2.34707 2.37341 2.38159 2.36393 2.34788 2.34532 2.34532 2.34532 2.34532 2.34532 2.34532 2.35677 2.49745 2.48370 2.47354 2.49545 2.49715 2.49715 2.49715 2.49715 2.46140 2.60420 2.64927 2.65244 2.67003 2.76010 2.85544 2.94533 2.89647 2.86867 2.87491 2.87180 2.87026 2.86873
3.94417 3.70972 3.38499 3.32198 3.25893 3.19592 3.13595 3.12108 3.12108 3.12108 3.12108 3.12108 3.12108 3.12108 3.12108 3.12108 3.20836 4.09700 3.87815 3.83722 3.83722 3.83722 3.83722 3.83722 3.83722 3.83722 3.83722 0.00000 0.00000 3.43123 3.34729 3.17130 2.51927 2.34664 2.34532 2.34532 2.34532 2.34532 2.34532 2.34532 2.34532 2.34532 2.34532 2.34532 2.34532 2.47498 2.49392 2.48051 2.50095 2.51224 2.54855 2.67099 2.79084 2.88824 3.01079 3.13107 3.20538 3.26623 3.27360 3.27360 3.27360 3.20252 2.83678 2.86416 2.85384 2.84459 2.84012
3.85963 3.85909 3.12442 3.12108 3.12108 3.12108 3.12108 3.12108 3.10827 3.04095 2.96755 2.89373 2.82027 2.74687 2.67299 2.59965 2.54043 3.78228 3.96192 3.83722 3.83722 3.83722 3.83722 3.83722 3.81505 3.73732 3.59604 3.43123 3.43123 3.43123 3.43123 3.27592 2.70844 2.34532 2.34532 2.34532 2.34634 2.39530 2.46565 2.53137 2.59273 2.65002 2.70384 2.75446 2.80205 2.66843 2.53426 2.93030 3.14856 3.27443 3.36114 3.38958 3.41417 3.43710 3.36986 3.23696 3.23287 3.22799 3.22200 3.21601 3.21001 3.16962 2.81952 2.82495 2.82921 2.83075 2.83719
3.18441 3.62120 2.83336 2.67159 2.58424 2.49615 2.40858 2.32070 2.24544 2.22508 2.21107 2.19680 2.18233 2.16817 2.15401 2.13984 2.12537 2.64211 2.89853 2.04673 1.98946 2.02778 2.24264 2.39602 2.51907 2.60386 2.73476 3.43123 3.50473 3.64806 3.64217 3.53132 3.27190 2.70210 2.75042 2.80959 2.90467 2.99240 3.02998 3.06612 3.10118 3.13499 3.16769 3.19942 3.23002 3.17718 3.03002 3.37529 3.57520 3.58779 3.58779 3.58779 3.58782 3.58979 3.53312 3.20653 3.18108 3.14064 3.05488 3.02679 2.99927 2.96795 2.77172 2.82312 2.82396 2.82402 2.83040
1.78461 2.70155 2.20299 2.01741 2.01741 2.01741 2.01741 2.01741 2.01741 2.01741 2.01741 2.01741 2.01741 2.01741 2.01741 2.01741 2.01741 2.28658 2.98786 2.38895 2.64820 2.83671 2.95286 3.05951 3.15083 3.22965 3.33299 4.02051 4.02734 4.00674 3.79428 3.70203 3.54030 3.01797 2.95849 2.95878 3.08383 3.31094 3.31094 3.31094 3.31094 3.31094 3.31094 3.31094 3.31094 3.29131 3.05685 3.24072 3.57231 3.58802 3.57157 3.54851 3.52542 3.50035 3.45289 3.10798 3.06501 3.07207 3.00516 3.00887 3.01593 3.02223 2.86626 2.86313 2.88839 2.88114 2.87965
1.78461 2.40620 2.43272 2.01741 2.01741 2.01741 2.01741 2.01741 2.01741 2.01741 2.01400 1.98589 2.00504 2.05606 2.15499 2.27556 2.35002 2.46685 3.17117 3.36776 3.38951 3.38918 3.38900 3.38899 3.38899 3.38899 3.38899 3.83429 3.92379 3.92379 3.79821 3.72439 3.57411 3.14340 2.95878 2.95878 3.00354 3.31094 3.31094 3.31094 3.31094 3.31094 3.31094 3.31094 3.31147 3.31488 3.11171 3.09933 3.47542 3.47790 3.48688 3.49513 3.50337 3.51163 3.51625 3.25393 3.12996 3.12996 3.06344 3.04330 3.04330 3.04330 2.98858 2.79227 2.88887 2.88334 2.87965
1.78461 1.98664 2.47604 1.82562 1.84770 1.87749 1.90545 1.93203 1.95697 1.99637 2.07856 2.19312 2.25059 2.28371 2.28614 2.36230 2.36956 2.38728 2.95782 3.31340 3.38899 3.38899 3.38899 3.38899 3.38899 3.38899 3.38899 3.71209 3.92379 3.92379 3.84593 3.72972 3.60754 3.30965 2.95878 2.95878 2.95892 3.27865 3.32252 3.33101 3.34022 3.35215 3.36431 3.37651 3.38815 3.39692 3.25109 3.14315 3.41185 3.50798 3.52462 3.52462 3.52462 3.52462 3.52462 3.34426 3.12996 3.12996 3.08211 3.04330 3.04330 3.04330 3.01734 2.79608 2.88887 2.88558 2.87965
4.47038 3.00295 2.72509 2.08669 2.05535 2.06645 2.10602 2.14359 2.17786 2.19969 2.22096 2.31091 2.32944 2.34902 2.36976 2.46071 2.50914 2.51162 2.82271 3.23944 3.38899 3.38899 3.38899 3.38899 3.38899 3.38899 3.38899 3.60312 3.91905 3.88137 3.81220 3.62826 3.54273 3.40106 3.01274 3.01923 3.02889 3.27407 3.39373 3.39744 3.40040 3.40064 3.40064 3.40064 3.40064 3.40064 3.31317 3.14528 3.32710 3.50033 3.52462 3.52462 3.52462 3.52462 3.52462 3.43812 3.12996 3.12996 3.10210 3.03462 3.01795 2.97969 2.92714 2.75679 2.83994 2.82398 2.80098
4.47505 3.34019 2.88950 2.30056 2.18930 2.22893 2.24671 2.26417 2.28266 2.30228 2.31224 2.39706 2.41342 2.41342 2.41342 2.45978 2.51162 2.51162 2.68701 3.16546 3.38225 3.36472 3.34799 3.33217 3.31718 3.30296 3.28946 3.36496 3.63748 3.63365 3.63334 3.50158 3.51761 3.53344 3.13448 3.04589 3.04841 3.20463 3.40064 3.40064 3.40064 3.40064 3.40064 3.40064 3.40064 3.40064 3.37493 3.14553 3.23612 3.49284 3.50786 3.48978 3.47055 3.44990 3.39996 3.32759 2.90069 2.82094 2.75673 2.68182 2.64568 2.63126 2.63523 2.67790 2.74471 2.80515 2.81201
3.59192 3.31211 2.95215 2.54232 2.31224 2.31224 2.31224 2.31224 2.31224 2.31224 2.31224 2.36533 2.43858 2.49402 2.55240 2.63791 2.78954 2.86148 2.95458 3.03098 3.26291 3.26384 3.26384 3.26384 3.26384 3.26384 3.26384 3.28631 3.68146 3.79415 3.90612 3.92163 3.93977 3.78885 3.36184 3.04848 3.04848 3.12437 3.40064 3.40064 3.39983 3.38379 3.36197 3.34021 3.31843 3.29663 3.27684 3.06522 3.07017 3.22224 3.20879 3.18562 3.15417 3.12325 3.12059 3.12892 2.87230 2.79567 2.80918 2.78847 2.80220 2.82700 2.85166 2.95788 2.91749 3.02767 3.01528
3.31641 3.44232 3.01121 2.67219 2.33483 2.38711 2.44196 2.49999 2.56123 2.62609 2.69444 2.79343 2.93377 2.93297 2.93215 2.93380 3.04778 3.05250 3.05168 2.99961 3.20844 3.24852 3.24787 3.24723 3.28831 3.37730 3.46634 3.55546 4.01236 4.08588 4.08588 4.02489 3.92363 3.79282 3.51849 2.96979 2.94796 2.93414 3.24427 3.23397 3.23890 3.27186 3.30846 3.34306 3.37589 3.40712 3.43528 3.39149 3.41900 3.26575 3.24494 3.25668 3.25468 3.25047 3.24605 3.24704 3.13703 2.97779 2.99375 3.06985 3.16335 3.24267 3.32185 3.45962 3.30668 3.09911 3.10191
3.05632 3.59595 3.02176 2.80512 2.78975 2.78975 2.78975 2.78975 2.78975 2.78975 2.78975 2.79032 2.90253 2.91621 2.91621 2.91621 3.00526 3.03897 3.03897 3.00196 3.18515 3.37476 3.46448 3.55239 3.59035 3.57938 3.56907 3.57029 3.87464 4.05916 4.06565 4.02583 3.81701 3.78320 3.70599 3.15296 3.17295 3.22675 3.36237 3.42046 3.43107 3.41675 3.40648 3.39962 3.39296 3.38644 3.38008 3.34042 3.35928 3.26288 3.19142 3.21613 3.28901 3.42092 3.57723 3.72877 3.68933 3.32769 3.39474 3.45106 3.51575 3.52733 3.53892 3.58230 3.52590 3.18394 3.19160
2.92537 3.63273 3.06665 2.85032 2.78975 2.78975 2.78975 2.78975 2.78975 2.78975 2.78975 2.78975 2.86338 2.91621 2.91621 2.94777 3.09876 3.24837 3.37514 3.43908 3.49820 3.64331 3.64853 3.65550 3.67063 3.68683 3.70232 3.70632 3.92281 4.21620 4.21620 4.21484 3.96684 3.93457 3.82543 3.52231 3.32888 3.32888 3.38311 3.43107 3.43107 3.37341 3.34557 3.34557 3.34557 3.34557 3.34557 3.37391 3.51510 3.62505 3.69693 3.88661 3.98112 4.01673 4.02833 4.03992 4.03705 3.54215 3.51341 3.53287 3.60551 3.60551 3.60551 3.61183 3.65532 3.26109 3.21288
2.92537 3.50121 3.17103 2.90354 2.81334 2.84179 2.87024 2.91554 2.98284 3.05014 3.11753 3.18491 3.32549 3.62139 3.80095 3.94877 3.93145 3.69661 3.69661 3.66853 3.53898 3.70632 3.70632 3.70632 3.70632 3.70632 3.70632 3.70632 3.82831 4.21620 4.21620 4.21620 4.03167 3.94598 3.81696 3.69543 3.32888 3.32888 3.35980 3.43107 3.43105 3.40339 3.41107 3.50309 3.65949 3.81781 3.97620 4.08597 3.99239 3.98617 3.92735 4.04490 4.08003 4.08003 4.08003 4.08003 4.08003 3.69971 3.51876 3.51924 3.59963 3.60551 3.60551 3.60551 3.69165 3.33715 3.21290
2.92537 3.40514 3.50624 3.26107 3.32290 3.36160 3.40036 3.42243 3.44893 3.50670 3.56448 3.62225 3.65565 3.97786 4.00122 4.00122 3.99453 3.70898 3.69661 3.69661 3.52935 3.68938 3.70632 3.70632 3.70632 3.70632 3.70632 3.70632 3.74163 4.21588 4.21620 4.21620 4.09918 3.95193 3.86404 3.83416 3.38462 3.44095 3.51940 3.73629 3.92130 4.05696 4.01711 4.08348 4.08539 4.08539 4.08539 4.08539 4.01374 3.98750 3.94170 4.00744 4.08003 4.08003 4.08003 4.08003 4.08003 3.85467 3.51876 3.51876 3.58056 3.60551 3.60538 3.59826 3.65987 3.48614 3.26453
2.92537 3.16692 3.97440 3.43710 3.44510 3.50175 3.55954 3.61734 3.64877 3.64881 3.64881 3.64881 3.64881 3.87365 4.00122 4.00122 4.00122 3.77768 3.69661 3.69661 3.56994 3.64424 3.70632 3.70640 3.70897 3.71274 3.71652 3.72028 3.72406 4.17255 4.24781 4.25252 4.20365 3.98579 4.03419 4.31650 3.98727 4.01587 4.13014 4.27844 4.29419 4.29159 4.09528 4.08539 4.08539 4.08539 4.08539 4.08539 4.03991 3.98750 3.95816 3.97001 4.08003 4.07902 4.06977 4.05874 4.04773 3.94445 3.46128 3.41190 3.42582 3.44267 3.41126 3.38652 3.45986 3.63943 3.40785
2.99670 3.22245 4.34536 3.69070 3.66667 3.64881 3.64881 3.64881 3.64881 3.64881 3.64881 3.64881 3.64881 3.76260 4.00122 4.00122 4.00122 3.85306 3.69661 3.69661 3.62346 3.62185 3.73327 3.73697 3.73817 3.73817 3.73817 3.73817 3.73817 4.06966 4.25614 4.26996 4.29013 4.06237 4.07132 4.37913 4.25540 4.19200 4.19200 4.25520 4.29419 4.29419 4.13604 4.08539 4.08622 4.09244 4.09958 4.10672 4.08655 3.93016 3.91323 3.84005 3.96778 3.95013 3.93910 3.93053 3.92174 3.88061 3.41231 3.27709 3.30558 3.38408 3.38634 3.37622 3.38628 3.64304 3.43927
3.82502 3.83054 4.53177 3.81290 3.68641 3.64881 3.64881 3.64881 3.65602 3.66964 3.68386 3.69802 3.71222 3.74258 4.09760 4.12836 4.14607 4.08630 3.85469 3.87084 3.85347 3.73855 3.91765 3.93098 3.94453 3.95834 3.97277 3.99989 4.03486 4.19797 4.33950 4.34862 4.34862 4.15852 4.07841 4.29401 4.32221 4.20750 4.21545 4.26366 4.33432 4.34264 4.23417 4.15024 4.18864 4.22332 4.25699 4.29068 4.32340 4.11357 4.10787 3.81243 3.93851 3.97799 3.98259 3.98620 3.98973 3.99018 3.62562 3.28685 3.27146 3.35180 3.29896 3.24273 3.19212 3.44173 3.42729
3.83054 3.83054 4.31003 4.63615 4.48618 4.25083 4.27454 4.29834 4.30948 4.30948 4.30948 4.30948 4.30948 4.30948 4.63499 4.77935 4.77935 4.76863 4.38751 4.37321 4.37312 4.04863 4.24766 4.27163 4.29458 4.31750 4.34025 4.36814 4.42243 4.47746 4.53244 4.58802 4.64507 4.45872 4.18050 4.31478 4.44656 4.32578 4.35086 4.40758 4.55554 4.59483 4.55593 4.40147 4.40266 4.40208 4.40151 4.40093 4.40036 4.21760 4.13341 3.91684 3.90883 3.98558 3.98269 3.97123 3.93931 3.89055 3.64895 3.06922 3.01777 3.00647 2.99803 3.02527 3.07058 3.34904 3.54946
3.83054 3.83054 3.99038 4.77428 4.73682 4.31282 4.30948 4.30948 4.30948 4.30948 4.30948 4.30948 4.30948 4.30948 4.48683 4.77935 4.77935 4.77935 4.48077 4.44867 4.53843 4.32831 4.48261 4.61976 4.67684 4.73378 4.79078 4.82824 4.83095 4.83295 4.83496 4.83515 4.80564 4.63688 4.13732 4.14556 4.48569 4.42318 4.37769 4.35877 4.45586 4.44446 4.42215 4.39566 4.39538 4.39538 4.39538 4.39538 4.39538 4.27901 4.20582 4.17655 3.74886 3.82368 3.80479 3.79976 3.81513 3.84749 3.77551 3.31211 3.22339 3.31377 3.40274 3.42080 3.42080 3.56137 3.80559
3.83054 3.83054 3.83054 4.69191 4.77542 4.37154 4.30948 4.30948 4.30291 4.28769 4.26790 4.18801 4.08981 3.99135 3.92800 4.27920 4.21983 4.15200 4.51510 4.94370 4.94270 4.71028 4.64699 4.83641 4.83641 4.69832 4.58564 4.55377 4.52336 4.49378 4.46524 4.43843 4.43074 4.42221 3.95577 3.93197 4.22910 4.34023 4.27876 4.27876 4.36411 4.39948 4.39948 4.39613 4.42827 4.67786 4.96396 5.24310 5.52272 5.69302 5.52967 5.39297 3.82604 4.01637 4.02223 4.02223 4.02223 4.02223 3.97412 3.59141 3.31389 3.34860 3.42080 3.42080 3.42080 3.46886 3.80559
3.83054 3.83054 3.83054 4.44475 4.54178 4.09592 3.83932 3.74071 3.64920 3.56576 3.48706 3.44358 3.40540 3.36722 3.33020 3.87512 4.06218 4.06218 4.28097 4.94270 4.94270 4.85115 4.55496 4.83641 4.83641 4.64541 4.43074 4.43074 4.43074 4.43074 4.43074 4.43074 4.43074 4.43074 4.06935 3.93198 4.10402 4.40430 4.37689 4.56839 4.91735 5.27103 5.55526 5.83215 6.07695 6.10669 6.10030 6.10029 6.10029 6.07764 5.64138 5.62145 4.16378 3.99262 4.02223 4.02223 4.02223 4.02223 4.01407 3.74613 3.31413 3.32684 3.42080 3.42080 3.42080 3.42080 3.76092
3.83054 3.83054 3.83054 3.80133 3.77267 3.63823 3.46870 3.44672 3.40852 3.37039 3.33267 3.31927 3.31927 3.31927 3.31927 3.64248 4.06218 4.06218 4.08965 4.91598 4.94270 4.94229 4.50719 4.83409 4.83641 4.74674 4.43074 4.43207 4.44220 4.45393 4.46565 4.47738 4.48910 4.50083 4.27327 4.02551 4.38326 5.66976 5.98501 6.01153 6.03026 6.10901 6.10440 6.10292 6.10029 6.10029 6.10029 6.10029 6.10029 6.10027 5.72765 5.62186 4.67927 3.94883 4.02223 4.02223 4.02223 4.02260 4.02505 3.86265 3.40800 3.32707 3.42942 3.44419 3.44807 3.45197 3.54289
3.83054 3.83054 3.83054 3.76869 3.68689 3.58879 3.33544 3.31927 3.31927 3.31927 3.31927 3.31927 3.31927 3.31927 3.31927 3.41109 4.06077 4.06218 4.06218 4.70102 4.82725 4.74342 4.53403 4.83429 4.91567 4.92477 4.53707 4.52799 4.52959 4.52959 4.52959 4.52959 4.52959 4.53488 4.51670 4.26906 4.47084 6.34415 6.35469 5.98367 5.98870 6.10227 6.10440 6.10385 6.10029 6.10029 6.10029 6.10029 6.10068 6.10220 5.83737 5.62996 5.17238 3.91987 4.03983 4.04261 4.04539 4.04780 4.04813 3.93522 3.57938 3.34382 3.41286 3.44486 3.43818 3.42787 3.42885
