High_resolution/powerplant/Shangrao/OMI_NO2_200610.asc
ncols      200
nrows      200
xllcorner       115.451
yllcorner       27.0350
cellsize     0.0166667
NODATA_Value      -999.000
[rows 116 to 144 of 200, columns 67 to 133 of 200]
2.28571 2.26632 2.24192 2.23628 2.23628 2.23030 2.14746 1.97539 1.75355 1.59970 1.76236 1.76236 1.76236 1.76989 1.78926 1.80876 1.82827 1.87391 1.98225 2.01637 2.06573 2.11541 2.16500 2.21471 2.26433 2.31398 2.36366 2.41019 2.32113 2.18283 2.18283 2.18283 2.18283 2.18521 2.74720 2.94293 2.94293 2.94293 2.94293 2.94293 2.94293 2.94293 2.94293 2.94293 2.94293 2.94293 2.94293 2.94293 2.42414 2.25508 2.12596 1.71093 1.71093 1.71093 1.71093 1.71093 1.71093 1.71093 1.71093 1.71093 1.71093 1.71093 1.71093 1.71093 1.94606 3.00430 2.83900
2.29351 2.25386 2.18270 2.00288 1.78383 1.52319 1.39734 1.39343 1.38957 1.44461 1.98416 1.99424 2.00438 2.00697 1.99774 1.98836 1.97898 1.98414 2.32277 2.45353 2.45380 2.45380 2.45380 2.45380 2.45380 2.45380 2.45380 2.45380 2.39554 2.23203 2.30233 2.38384 2.47953 2.58954 2.80550 2.94293 2.94293 2.94293 2.94293 2.94293 2.94293 2.94293 2.94293 2.94293 2.94293 2.94293 2.94293 2.94293 2.57243 2.25508 2.23756 1.72492 1.71093 1.71093 1.71093 1.71093 1.71093 1.71093 1.71093 1.71093 1.71093 1.77519 2.05893 2.30716 2.51005 2.46621 2.42056
1.95399 1.58416 1.36806 1.34553 1.33614 1.32678 1.31738 1.30802 1.29864 1.28938 1.87972 1.95475 1.95475 1.95475 1.95475 1.95475 1.95475 1.95942 2.22620 2.45380 2.45380 2.45380 2.45380 2.45760 2.51988 2.61211 2.71874 2.84470 2.97547 2.63168 2.62239 2.62239 2.62239 2.62239 2.73112 2.94293 2.94293 2.94293 2.94293 2.94293 2.94293 2.94293 2.94293 2.94293 2.94293 2.94293 2.94293 2.94293 2.72060 2.25508 2.25508 1.83293 1.71093 1.71093 1.71093 1.71093 1.71093 1.76165 2.03969 2.29160 2.49728 2.63910 2.65167 2.65167 2.65167 2.53212 2.41986
1.36282 1.13674 1.15128 1.28588 1.28603 1.28603 1.28603 1.28603 1.28603 1.28603 1.73113 1.95475 1.95475 1.95475 1.95475 1.95475 1.95475 1.95475 2.11448 2.52159 2.61405 2.72066 2.84745 2.99039 3.02885 3.02885 3.02885 3.02885 3.02885 2.70736 2.62239 2.62239 2.62239 2.62239 2.65676 2.94286 2.94293 2.94293 2.94293 2.94293 2.94293 2.94293 2.94293 2.94293 2.94293 2.94293 2.94293 2.94293 2.86889 2.25508 2.25508 1.95852 1.71093 1.74949 2.02027 2.27591 2.48428 2.63432 2.65167 2.65167 2.65167 2.65167 2.65167 2.65167 2.65149 2.59131 2.39134
1.42645 1.14934 1.13674 1.26488 1.28603 1.28603 1.28603 1.28603 1.28603 1.28603 1.58243 1.95475 1.95475 1.95671 2.02079 2.11433 2.20806 2.30164 2.37945 3.01911 3.02885 3.02885 3.02885 3.02885 3.02885 3.02885 3.02885 3.02885 3.02885 2.79607 2.62239 2.62239 2.62239 2.62239 2.62239 2.90292 2.94293 2.94293 2.94293 2.94293 2.94293 2.94293 2.94293 2.94293 2.94293 2.94293 2.94293 2.94293 2.94293 2.35086 2.48876 2.56050 2.47103 2.62815 2.63836 2.62107 2.60377 2.58648 2.56920 2.55189 2.53460 2.51732 2.50001 2.48274 2.46561 2.45799 2.25028
1.43514 1.22504 1.13674 1.22941 1.28603 1.28603 1.28603 1.28603 1.28621 1.33858 1.57936 2.19447 2.28814 2.37978 2.40928 2.40928 2.51388 2.45869 2.39305 2.89032 3.02885 3.02885 3.02885 3.02885 3.02885 3.02885 3.02885 3.02885 3.02885 2.88475 2.62239 2.62239 2.62239 2.62239 2.62239 2.82853 2.94293 2.94293 2.94293 2.94293 2.94293 2.94293 2.94293 2.95914 3.00505 3.06174 3.23517 3.40694 3.54758 3.34536 3.24381 3.21496 2.48566 2.46789 2.46411 2.46490 2.46569 2.46649 2.46727 2.46807 2.46886 2.46965 2.47044 2.47123 2.47203 2.47282 2.33315
1.43514 1.30939 1.13674 1.19386 1.32539 1.41862 1.51225 1.60579 1.69933 1.74056 1.75841 2.38995 2.45869 2.69586 2.91725 3.10767 3.21381 2.77198 2.40727 2.72335 3.02885 3.02885 3.02885 3.02885 3.02885 3.02885 3.02885 3.02885 3.02885 2.97353 2.62239 2.62239 2.62344 2.66339 2.72602 2.92883 3.20084 3.26872 3.33691 3.40502 3.47310 3.55966 4.02427 3.82071 3.90404 3.97015 3.99526 4.00958 4.02288 3.71540 3.35314 3.35314 2.60238 2.47352 2.47352 2.47352 2.47352 2.47352 2.47352 2.47352 2.47352 2.47352 2.47352 2.47352 2.47352 2.47352 2.40354
1.37439 1.30098 1.44300 1.55821 1.74024 1.74056 1.74056 1.74056 1.75774 2.00505 2.28431 2.93811 3.20152 3.21526 3.21526 3.21526 3.21526 3.01326 2.40094 2.52022 2.94677 2.91173 2.87674 2.85555 2.86117 2.86736 2.87351 2.87973 2.88596 2.89142 3.18187 3.28111 3.34284 3.36551 3.36551 3.43789 3.77196 3.77273 4.11968 4.64217 5.06190 5.39853 5.48769 4.20888 4.02569 4.02569 4.02569 4.02569 4.02569 3.86028 3.35314 3.35314 2.80540 2.47352 2.47352 2.47352 2.47352 2.47352 2.47352 2.47352 2.47352 2.47352 2.47352 2.47352 2.47352 2.47352 2.46494
1.10606 1.10606 1.54180 1.59148 1.72610 1.91529 2.20376 2.45009 2.65306 2.69667 2.69327 2.91059 3.06426 3.04734 3.04233 3.04201 3.04167 3.01681 2.23098 2.19960 2.81855 2.86078 2.90196 2.92930 2.92994 2.92994 2.92994 2.92994 2.92994 2.92994 3.23393 3.36551 3.36551 3.36551 3.63230 4.21686 4.97453 5.35032 5.48988 5.48988 5.48988 5.48988 5.48988 4.65749 4.02569 4.02569 4.02569 4.02569 4.02569 3.99586 3.36253 3.35314 3.00842 2.47352 2.47352 2.47352 2.47352 2.47352 2.47352 2.47352 2.47352 2.47352 2.47352 2.47352 2.42443 2.28925 2.15267
1.08111 1.21005 1.86714 2.22636 2.53909 2.68713 2.70429 2.72149 2.73861 2.75579 2.77295 2.88841 3.10353 3.12011 3.12480 3.12480 3.12480 3.12480 2.60565 2.27281 2.81877 2.92994 2.92994 2.92994 2.92994 2.92994 2.92994 2.92994 2.92994 2.92994 3.31882 4.12084 4.60846 5.00636 5.21657 5.21892 5.41158 5.48988 5.48988 5.48988 5.48988 5.48988 5.48988 5.10901 4.02569 4.02569 4.02569 4.02569 4.02569 4.02569 3.47754 3.35314 3.21135 2.47352 2.47352 2.47352 2.47352 2.47352 2.47352 2.47352 2.43201 2.29844 2.16181 2.02512 1.93740 1.93596 1.95038
2.45278 2.67721 2.69407 2.68707 2.75535 2.82857 2.82857 2.82857 2.82857 2.82857 2.82857 2.86147 3.12480 3.12480 3.12480 3.12480 3.12480 3.12480 2.86554 2.28857 2.63205 2.92994 2.92994 2.92994 2.92994 2.92994 3.03683 3.63937 4.18579 4.62998 4.98844 5.21892 5.21892 5.21892 5.21892 5.21892 5.34833 5.48988 5.48988 5.48988 5.48988 5.48988 5.48988 5.46309 4.12232 4.02569 4.02569 4.02569 4.02569 4.02569 3.62248 3.35314 3.34918 2.53870 2.47352 2.47352 2.43889 2.30767 2.17095 2.03437 1.94129 1.95764 1.97857 1.99732 2.01417 2.02931 2.03497
2.74987 2.74987 2.74761 2.70404 2.72714 2.82857 2.82857 2.82857 2.82857 2.82857 2.82857 2.82857 3.09228 3.12480 3.12480 3.12480 3.12472 3.12317 3.07174 2.29606 2.46580 2.92994 2.97782 3.53020 4.09820 4.55785 4.88925 4.92854 4.92854 4.92854 4.94320 5.21561 5.21892 5.21892 5.21892 5.21892 5.28505 5.48988 5.48988 5.48988 5.48988 5.48988 5.48988 5.48988 4.54723 4.02569 4.02569 4.02569 4.02569 4.02569 3.76743 3.35314 3.32470 2.58118 2.18020 2.04850 1.96986 1.98482 2.00230 2.01727 2.02950 2.03050 2.02918 2.02787 2.02655 2.02524 2.02392
2.74987 2.74987 2.74987 2.71352 2.70429 2.82157 2.82857 2.82857 2.82857 2.82857 2.82857 2.82855 3.02541 3.12133 3.11921 3.11708 3.11504 3.11447 3.11564 3.03606 3.93142 5.45233 5.22056 4.92854 4.92854 4.92854 4.92854 4.92854 4.92854 4.92854 4.92854 5.16650 5.21892 5.21892 5.21892 5.21892 5.22832 5.48338 5.48988 5.48988 5.48988 5.48988 5.48988 5.48988 4.99775 4.02569 4.02569 4.02068 3.97546 3.82715 3.55308 2.83337 2.70128 2.31585 2.01301 2.03234 2.03946 2.04617 2.05344 2.06139 2.06948 2.07748 2.08549 2.09355 2.10153 2.10961 2.11760
2.74987 2.74987 2.74987 2.72609 2.70282 2.79315 2.82857 2.82752 2.82539 2.82327 2.82115 2.81904 2.95102 3.11447 3.11802 3.39646 3.83139 4.22147 4.57234 4.90552 5.15634 6.11517 5.72054 4.92854 4.92854 4.92854 4.92854 4.92854 4.92854 4.92854 4.92854 5.10274 5.21892 5.21892 5.21892 5.21892 5.21896 5.42049 5.43149 5.35529 5.27919 5.20306 5.12637 5.05021 4.86762 3.32819 3.08229 2.87440 2.70672 2.64179 2.58463 2.70691 2.73724 2.59196 2.15098 2.16344 2.16344 2.16344 2.16344 2.16344 2.16344 2.16344 2.16344 2.16344 2.16344 2.16344 2.16344
2.74987 2.74987 2.73933 2.70619 2.69781 2.75616 2.81931 2.81824 2.81824 2.81824 2.83740 3.15791 3.65703 4.24902 4.59450 4.73273 4.73319 4.73319 4.73319 4.78430 5.12341 5.84389 6.03751 4.92561 4.91385 4.90275 4.89164 4.89413 4.92022 4.94669 4.97314 4.97337 4.88133 4.86668 4.85195 4.83688 4.82207 4.59780 4.40827 4.40802 4.39618 4.21820 3.98727 3.75625 3.55352 2.71956 2.40612 2.40612 2.40612 2.40612 2.40612 2.66497 2.75725 2.73503 2.15050 2.16344 2.16344 2.16344 2.16344 2.16344 2.16344 2.16344 2.16344 2.16344 2.16344 2.16344 2.16344
2.66724 2.64588 2.63273 2.63238 2.68451 2.72310 2.86465 3.21041 3.63033 4.02724 4.38076 4.51359 4.53646 4.70150 4.69589 4.68923 4.68257 4.67719 4.68411 4.69404 5.02362 5.54865 6.19520 5.25491 5.03839 5.07596 5.11356 5.13762 5.13799 5.13799 5.13799 5.07524 4.75406 4.75406 4.75406 4.75406 4.75158 4.49577 4.02723 3.79612 3.57704 3.52390 3.52390 3.52390 3.52390 3.06393 2.40612 2.40612 2.40612 2.40612 2.40612 2.58941 2.75725 2.75725 2.25416 2.16344 2.16344 2.16344 2.16344 2.16344 2.16344 2.16344 2.16344 2.16344 2.16344 2.16344 2.16329
2.68638 2.69916 2.79777 3.18087 3.62368 4.04977 4.47785 4.59486 4.62394 4.64675 4.66371 4.68032 4.69690 4.72098 4.73963 4.75622 4.77283 4.78813 4.79116 4.79116 4.98913 5.37944 6.32064 5.76822 5.13799 5.13799 5.13799 5.13799 5.13799 5.13799 5.13799 5.13549 4.77775 4.64399 4.41305 4.18203 3.95358 3.84095 3.52477 3.52390 3.52390 3.52390 3.52390 3.52390 3.52390 3.40371 2.41081 2.40612 2.40612 2.40612 2.40612 2.51394 2.75725 2.75725 2.39817 2.15957 2.16344 2.16344 2.16344 2.16344 2.16344 2.16344 2.16344 2.14355 2.10554 2.06747 2.02960
2.96395 3.10158 3.92210 4.52883 4.59511 4.64880 4.73165 4.76697 4.78042 4.78163 4.78163 4.78163 4.78163 4.78699 4.79116 4.79116 4.79116 4.79116 4.79116 4.79116 4.86753 5.19304 6.22481 6.09156 5.13799 5.13799 5.13799 5.13799 5.13799 5.06337 4.83695 4.60584 4.09598 3.86994 3.86994 3.86994 3.86994 3.86994 3.57600 3.52390 3.52390 3.52390 3.52390 3.52390 3.52390 3.52390 2.63482 2.40612 2.40612 2.40612 2.40612 2.43867 2.75707 2.75725 2.54731 2.14681 2.16344 2.16344 2.16344 2.14602 2.10803 2.07000 2.03195 2.01206 1.99614 1.97709 1.95802
3.44152 3.44310 3.77924 4.65661 4.65883 4.70346 4.74548 4.78163 4.78163 4.78163 4.78163 4.78163 4.78163 4.78487 4.79116 4.79116 4.79116 4.79116 4.79116 4.79258 4.81363 5.18292 5.93097 6.30720 5.24359 5.09201 4.87682 4.64562 4.41478 4.25829 4.25387 4.25387 4.05860 3.86994 3.86994 3.86994 3.86994 3.86994 3.65612 3.52390 3.52390 3.52390 3.52390 3.52390 3.52390 3.52390 2.97954 2.40612 2.40612 2.40612 2.40612 2.40612 2.71412 2.75725 2.69572 2.11435 2.11051 2.07250 2.02891 1.99235 1.98496 1.97892 1.97381 1.96113 1.91791 1.92070 1.92348
3.44310 3.44310 3.47610 4.59679 4.65661 4.69210 4.72721 4.78163 4.78163 4.78163 4.78163 4.78163 4.78163 4.78322 4.79164 4.80900 4.83487 4.86072 4.88654 4.91099 4.91676 5.12186 5.36360 5.47196 4.66836 4.26961 4.25387 4.25387 4.25387 4.25387 4.25387 4.25387 4.14204 3.86994 3.86994 3.86994 3.86994 3.86994 3.73630 3.52390 3.52390 3.52390 3.52390 3.52390 3.52390 3.52390 3.32348 2.40612 2.40612 2.40612 2.40612 2.37909 2.48065 2.46580 2.35475 2.06725 1.98056 1.97662 1.97828 1.98802 1.99246 2.00143 2.01066 2.01791 1.98345 1.98835 1.99784
3.44310 3.44310 3.44310 4.26636 4.65661 4.67852 4.70962 4.78094 4.78163 4.78166 4.79582 4.82165 4.84750 4.87343 4.90727 4.91676 4.91676 4.90019 4.64956 4.31855 3.98761 3.72007 3.88345 4.39328 4.35356 4.25387 4.25387 4.25387 4.25387 4.25387 4.25387 4.25387 4.22477 3.87109 3.86994 3.86994 3.86994 3.86994 3.81648 3.52390 3.52390 3.49247 3.39935 3.30610 3.23384 3.16802 3.10062 2.04928 1.83066 1.78370 1.74593 1.75444 1.89852 2.02043 2.03872 2.21741 2.14945 2.12061 2.13087 2.14151 2.14979 2.15033 2.15033 2.15033 2.14026 2.13294 2.13294
3.44310 3.44310 3.44310 3.90302 4.65661 4.70123 4.74106 4.82983 4.86969 4.89554 4.90723 4.90723 4.90723 4.87360 4.62916 4.30178 3.97077 3.65651 3.57624 3.57624 3.57624 3.57970 3.77327 4.33140 4.38689 4.25623 4.25387 4.25387 4.25018 4.23587 4.22092 4.18223 4.08730 3.85558 3.79515 3.74192 3.68847 3.63506 3.58061 3.08036 2.97202 2.93740 2.96428 2.92975 2.65994 2.39149 2.15179 1.99729 1.99734 2.00702 2.01466 2.01561 2.03148 2.09719 2.09719 2.21036 2.25338 2.15033 2.15033 2.15033 2.15033 2.15033 2.15033 2.15033 2.14520 2.13294 2.13294
3.45198 3.49990 3.55665 3.74208 5.14447 5.24881 4.86857 4.87496 4.90723 4.84814 4.59983 4.27530 3.94440 3.64720 3.56615 3.56217 3.55320 3.54422 3.53526 3.52628 3.51731 3.51133 3.64647 4.01002 4.08546 3.82198 3.64725 3.55027 3.45693 3.37414 3.29208 3.23369 3.23143 3.41432 3.51841 3.51841 3.51841 3.51841 3.51841 3.13077 2.71095 2.46226 2.22987 2.03290 2.01202 2.03046 2.05011 2.04114 2.01561 2.01561 2.01561 2.01561 2.01796 2.09522 2.09719 2.14580 2.31548 2.15033 2.15033 2.15033 2.15033 2.15033 2.15033 2.15033 2.14928 2.13316 2.13294
3.72771 3.72676 3.71360 3.70028 4.87092 5.07579 4.54396 4.13861 3.84771 3.56548 3.47214 3.45520 3.45076 3.46486 3.48990 3.53008 3.55601 3.58195 3.60786 3.63379 3.65975 3.68270 3.74861 3.70877 3.62800 3.46895 3.23143 3.23143 3.23143 3.23143 3.23143 3.23143 3.23143 3.35158 3.51841 3.50820 3.27199 2.94293 2.61413 2.07712 1.86756 2.01202 2.01202 2.01202 2.01202 2.02038 2.05012 2.04946 2.01781 2.01561 2.01561 2.01561 2.01561 2.07786 2.09719 2.09923 2.35180 2.15823 2.15033 2.15033 2.15033 2.15033 2.15033 2.15033 2.15033 2.13573 2.08792
3.56800 3.57233 3.59557 3.55764 3.63494 3.54212 3.41695 3.37803 3.56900 3.59503 3.62096 3.64687 3.66669 3.66791 3.66837 3.68575 3.68619 3.68619 3.68619 3.68619 3.68619 3.68619 3.69519 3.75843 3.62181 3.57292 3.23143 3.23143 3.23143 3.23143 3.23143 3.23042 3.04082 2.76934 2.67006 2.35120 2.25861 2.25861 2.25861 2.14298 1.78205 2.01195 2.01202 2.01202 2.01202 2.01213 2.04668 2.05012 2.02772 2.01561 2.01561 2.01561 2.01561 2.05889 2.09719 2.09719 2.29689 2.21267 2.15033 2.15033 2.15033 2.14938 2.11925 2.07548 2.03166 1.95957 1.90281
3.52319 3.42887 3.32182 3.27589 3.30519 3.43514 3.43093 3.37859 3.62948 3.66791 3.66791 3.66791 3.66791 3.66791 3.66791 3.68217 3.68619 3.68619 3.68619 3.68619 3.68619 3.68619 3.68202 3.73980 3.55553 3.62755 3.29200 3.23143 3.09537 2.76769 2.43876 2.11084 1.97163 1.97712 2.24799 2.25861 2.25861 2.25861 2.25861 2.24627 1.75624 1.97967 2.01202 2.01202 2.01202 2.01202 2.03688 2.05012 2.03825 2.01561 2.01561 2.01561 2.01561 2.04168 2.09719 2.09719 2.23241 2.27430 2.12192 2.07812 2.03431 1.99227 1.97625 1.96379 1.94748 1.91945 1.89096
3.27609 3.27609 3.27609 3.27609 3.27638 3.41642 3.43514 3.38938 3.56058 3.66791 3.66791 3.66791 3.66791 3.66791 3.66791 3.67818 3.68619 3.68433 3.64659 3.59509 3.54354 3.49204 3.44467 3.51031 3.39187 3.23625 2.65126 2.16551 1.97289 1.97163 1.97163 1.97163 1.97163 1.97163 2.19085 2.25861 2.25861 2.25861 2.25861 2.25861 1.86547 1.91348 2.01202 2.01202 2.01202 2.01202 2.02568 2.05012 2.04807 2.01635 2.01561 2.01561 2.01561 2.02586 2.07145 2.02761 2.02973 2.07472 1.86538 1.79085 1.69194 1.56290 1.44892 1.38212 1.31653 1.25108 1.18657
3.27609 3.27609 3.27609 3.27609 3.27609 3.36913 3.43514 3.40459 3.49166 3.66791 3.66791 3.66791 3.66746 3.63519 3.58366 3.53831 3.49888 3.44923 3.43544 3.43544 3.41104 3.23844 3.02238 2.77654 2.15902 1.97163 1.97163 1.97163 1.97163 1.97163 1.97163 1.97163 1.97163 1.97163 2.12819 2.25861 2.25861 2.25861 2.25861 2.25861 1.98699 1.83614 2.01202 2.01202 2.01202 2.01220 2.01525 2.05093 2.05257 2.01832 1.97045 1.89156 1.79400 1.68203 1.67547 1.57136 1.44925 1.19941 1.16500 1.16500 1.16500 1.16500 1.16500 1.16500 1.16500 1.16500 1.16500
3.27609 3.27609 3.27609 3.27609 3.27609 3.32159 3.43514 3.42187 3.39692 3.59051 3.53903 3.48750 3.43642 3.41717 3.41717 3.41937 3.41492 3.25990 3.04305 2.80162 2.56991 2.53698 2.53698 2.53698 2.24827 1.96807 1.97163 1.97163 1.97163 1.97163 1.97163 1.97163 1.97163 1.97768 2.07599 2.16942 2.09930 2.02752 1.95549 1.88367 1.71320 1.48125 1.77282 1.75510 1.73033 1.70224 1.60755 1.57544 1.48300 1.32753 1.17507 1.07460 0.994546 0.925500 1.19481 1.35153 1.35153 1.20358 1.16500 1.16500 1.16500 1.16500 1.16500 1.16500 1.16500 1.16500 1.16500
