High_resolution/powerplant/Shangrao/OMI_NO2_201105.asc
ncols      200
nrows      200
xllcorner       115.451
yllcorner       27.0350
cellsize     0.0166667
NODATA_Value      -999.000
[rows 150 to 179 of 200, columns 0 to 65 of 200]
0.00000 7.69918 7.69918 7.69918 7.69918 0.00000 0.00000 0.00000 0.00000 0.00000 0.00000 0.00000 0.00000 0.00000 0.00000 0.00000 0.00000 0.00000 0.00000 0.00000 0.00000 0.00000 0.00000 0.00000 0.00000 0.00000 0.00000 0.00000 0.00000 0.00000 0.808394 0.808394 0.808394 0.808394 0.808394 0.808394 0.808394 0.808394 0.808394 0.808394 0.808394 0.808394 0.805021 0.772924 0.734298 0.695656 0.657279 0.642260 0.642260 0.642260 0.611658 0.455812 0.455812 0.455812 0.455812 0.455812 0.455812 0.455812 0.455812 0.455812 0.455812 0.455812 0.455812 0.927670 1.11154 1.11154
0.00000 0.00000 0.00000 0.00000 0.00000 0.00000 1.08645 1.08645 1.08645 1.08645 0.00000 0.00000 0.00000 0.00000 0.00000 0.00000 0.00000 0.00000 0.00000 0.00000 0.00000 0.00000 0.00000 0.00000 0.00000 0.00000 0.00000 0.00000 0.00000 0.00000 0.808394 0.808394 0.808394 0.808394 0.808394 0.808394 0.808394 0.808394 0.798459 0.761378 0.722735 0.684076 0.648789 0.642260 0.642260 0.642260 0.642260 0.642260 0.642260 0.642260 0.642148 0.479449 0.455812 0.455812 0.455812 0.455812 0.455812 0.455812 0.455812 0.455812 0.455812 0.455812 0.455812 0.750243 1.11154 1.11154
0.00000 0.00000 1.08645 1.08645 1.08645 1.08645 1.08645 1.08645 1.08645 1.08645 1.08645 0.00000 0.00000 0.00000 0.00000 0.00000 0.00000 0.00000 0.00000 0.00000 0.00000 0.00000 0.00000 0.00000 0.00000 0.00000 0.00000 0.00000 0.00000 0.00000 0.00000 0.808394 0.808394 0.808394 0.788441 0.749782 0.711156 0.672513 0.643805 0.642260 0.642260 0.642260 0.642260 0.642260 0.642260 0.642260 0.642260 0.642260 0.642260 0.642260 0.642260 0.533407 0.455812 0.455812 0.455812 0.455812 0.455812 0.455812 0.455812 0.455812 0.455812 0.455812 0.455812 0.510482 1.10297 1.11154
1.08645 1.08645 1.08645 1.08645 1.08645 1.08645 1.08645 1.08645 1.08645 1.08645 1.08645 0.00000 0.00000 0.00000 0.00000 0.00000 0.00000 0.00000 0.00000 0.00000 0.00000 0.00000 0.00000 0.00000 0.00000 0.00000 0.00000 0.00000 0.00000 2.08562 2.08562 1.11114 0.699593 0.660967 0.642260 0.642260 0.642260 0.642260 0.642260 0.642260 0.642260 0.642260 0.642260 0.642260 0.642260 0.642260 0.642260 0.642260 0.642260 0.642260 0.642260 0.587474 0.455812 0.455812 0.455812 0.455812 0.455812 0.455812 0.455812 0.455812 0.455812 0.455812 0.456325 0.566338 1.18954 1.35942
1.08645 1.08645 1.08645 1.08645 1.08645 1.08645 1.08645 1.08645 1.08645 1.08645 1.08645 0.00000 0.00000 0.00000 0.00000 0.00000 0.00000 0.00000 0.00000 0.00000 0.00000 0.00000 0.00000 0.00000 0.00000 2.08562 2.08562 2.08562 2.08562 2.08562 2.08562 1.73924 0.642260 0.642260 0.642260 0.642260 0.642260 0.642260 0.642260 0.642260 0.642260 0.642260 0.642260 0.642260 0.642260 0.642260 0.642260 0.642260 0.642260 0.642260 0.642260 0.635138 0.462244 0.455812 0.455812 0.455812 0.455812 0.455812 0.481476 0.651714 0.844194 1.03667 1.22890 1.31128 1.45775 1.53928
1.08645 1.08645 1.08645 1.08645 1.08645 1.08645 1.08645 1.08645 1.08645 1.08645 1.08645 0.00000 0.00000 0.00000 0.00000 0.00000 0.00000 0.00000 0.00000 0.00000 0.00000 2.08562 2.08562 2.08562 2.08562 2.08562 2.08562 2.08562 2.08562 2.08562 2.08562 2.06412 0.740957 0.642260 0.642260 0.642260 0.642260 0.642260 0.642260 0.642260 0.642260 0.642260 0.642260 0.642260 0.642260 0.642260 0.642260 0.642260 0.642260 0.642260 0.642260 0.642260 0.509205 0.455812 0.544438 0.736919 0.929399 1.12205 1.28878 1.31128 1.31128 1.31128 1.31128 1.31128 1.37380 1.46861
1.08645 1.08645 1.08645 1.08645 1.08645 1.08645 1.08645 1.08645 1.08645 1.08645 1.08645 1.08645 0.00000 0.00000 0.00000 0.00000 0.00000 2.08562 2.08562 2.08562 2.08562 2.08562 2.08562 2.08562 2.08562 2.08562 2.08562 2.08562 2.08562 2.08562 2.08562 2.08562 1.14262 0.642260 0.642260 0.642260 0.642260 0.642260 0.642260 0.642260 0.642260 0.642260 0.642260 0.642260 0.642260 0.642260 0.642260 0.642260 0.642260 0.642260 0.642260 0.642260 0.890322 1.20726 1.31111 1.31128 1.31128 1.31128 1.31128 1.31128 1.31128 1.31128 1.31128 1.31128 1.31128 1.31128
1.08645 1.08645 1.08645 1.08645 1.08645 1.08645 1.08645 1.08645 1.08645 1.08645 1.08645 1.08645 0.00000 2.08562 2.08562 2.08562 2.08562 2.08562 2.08562 2.08562 2.08562 2.08562 2.08562 2.08562 2.08562 2.08562 2.08562 2.08562 2.08562 2.08562 2.08562 2.08562 1.56573 0.642260 0.642260 0.642260 0.642260 0.642260 0.642260 0.642260 0.642260 0.642260 0.642260 0.642260 0.642260 0.642260 0.642260 0.642260 0.642260 0.642260 0.00000 0.00000 1.31128 1.31128 1.31128 1.31128 1.31128 1.31128 1.31128 1.31128 1.31128 1.31128 1.31128 1.31128 1.31128 1.31128
1.08645 1.08645 1.08645 1.08645 1.08645 1.08645 1.08645 1.08645 1.08655 1.12031 1.18117 1.41097 2.08562 2.08562 2.08562 2.08562 2.08562 2.08562 2.08562 2.08562 2.08562 2.08562 2.08562 2.08562 2.08562 2.08562 2.08562 2.08562 2.08562 2.08562 2.08562 2.08562 1.97347 0.657991 0.642260 0.642260 0.642260 0.642260 0.642260 0.642260 0.642260 0.642260 0.642260 0.642260 0.642260 0.642260 0.00000 0.00000 0.00000 0.00000 0.00000 0.00000 0.00000 1.31128 1.31128 1.31128 1.31128 1.31128 1.31128 1.31128 1.31128 1.31128 1.31128 1.31128 1.31128 1.31128
1.08645 1.08645 1.08645 1.08645 1.08682 1.12367 1.18450 1.24535 1.30616 1.33323 1.33323 1.35873 2.05552 2.08562 2.08562 2.08562 2.08562 2.08562 2.08562 2.08562 2.08562 2.08562 2.08562 2.08562 2.08562 2.08562 2.08562 2.08562 2.08562 2.08562 2.08562 2.08562 2.08562 0.969004 0.642260 0.642260 0.642260 0.642260 0.642260 0.642260 0.642260 0.642260 0.00000 0.00000 0.00000 0.00000 0.00000 0.00000 0.00000 0.00000 0.00000 0.00000 0.00000 1.31128 1.31128 1.31128 1.31128 1.31128 1.31128 1.31128 1.31128 1.31128 1.31128 1.31128 1.31128 1.31128
1.08727 1.12692 1.18783 1.24868 1.30917 1.33323 1.33323 1.33323 1.33323 1.33323 1.33323 1.33323 1.85810 2.08562 2.08562 2.08562 2.08562 2.08562 2.08562 2.08562 2.08562 2.08562 2.08562 2.08562 2.08562 2.08562 2.08562 2.08562 2.08562 2.08562 2.08562 2.08562 2.04192 1.28535 0.642260 0.642260 0.642260 0.00000 0.00000 0.00000 0.00000 0.00000 0.00000 0.00000 0.00000 0.00000 0.00000 0.00000 0.00000 0.00000 0.00000 0.00000 0.00000 1.31128 1.31128 1.31128 1.31128 1.31128 1.31128 1.31128 1.31128 1.31128 1.31128 1.31128 1.31128 1.31361
1.31203 1.33323 1.33323 1.33323 1.33323 1.33323 1.33323 1.33323 1.33323 1.33323 1.33323 1.33323 1.63534 2.08562 2.08562 2.08562 2.08562 2.08562 2.08562 2.08562 2.08562 2.08562 2.08562 2.08562 2.08562 2.08562 2.08562 2.08562 2.00631 1.66769 1.30864 0.950084 0.634923 0.589130 0.00000 0.00000 0.00000 0.00000 0.00000 0.00000 0.00000 0.00000 0.00000 0.00000 0.00000 0.00000 0.00000 0.00000 0.00000 0.00000 0.00000 0.00000 0.00000 1.31128 1.31128 1.31128 1.31128 1.31128 1.31128 1.31128 1.31128 1.33253 1.42579 1.52491 1.62407 1.72085
1.33323 1.33323 1.33323 1.33323 1.33323 1.33323 1.33323 1.33323 1.33323 1.33323 1.33323 1.33323 1.41480 2.08329 2.08562 2.08562 2.08562 2.08562 2.08562 2.08562 2.08562 2.08562 2.08562 2.08562 1.96051 1.60644 1.24759 0.888877 0.609183 0.589130 0.589130 0.589130 0.589130 0.589130 0.589130 0.00000 0.00000 0.00000 0.00000 0.00000 0.00000 0.00000 0.00000 0.00000 0.00000 0.00000 0.00000 0.00000 0.00000 0.00000 0.00000 0.00000 0.00000 0.00000 1.31128 1.31128 1.31172 1.37001 1.46917 1.56829 1.66745 1.74532 1.75121 1.75121 1.75121 1.75121
1.33323 1.33323 1.33323 1.33323 1.33323 1.33323 1.33323 1.33323 1.33323 1.33323 1.33323 1.33323 1.33323 1.94214 2.08562 2.08562 2.08562 2.08562 2.08562 2.08562 1.90410 1.54524 1.18653 0.827671 0.593919 0.589130 0.589130 0.589130 0.589130 0.589130 0.589130 0.589130 0.589130 0.589130 0.589130 0.00000 0.00000 0.00000 0.00000 0.00000 0.00000 0.00000 0.00000 0.00000 0.00000 0.00000 0.00000 0.00000 0.00000 0.00000 0.00000 0.00000 0.515388 0.515388 1.09982 1.61167 1.71039 1.75121 1.75121 1.75121 1.75121 1.75121 1.75121 1.75121 1.75121 1.75121
1.33323 1.33323 1.33323 1.33323 1.33323 1.33323 1.33323 1.33323 1.33323 1.33323 1.33323 1.33323 1.33323 1.71936 2.08562 2.08008 1.84289 1.48403 1.12532 0.766315 0.589130 0.589130 0.589130 0.589130 0.589130 0.589130 0.589130 0.589130 0.589130 0.589130 0.589130 0.589130 0.589130 0.589130 0.589130 0.00000 0.00000 0.00000 0.00000 0.00000 0.00000 0.00000 0.00000 0.00000 0.00000 0.00000 0.00000 0.00000 0.515388 0.515388 0.515388 0.515388 0.515388 0.515388 0.660074 1.74923 1.75121 1.75121 1.75121 1.75121 1.75121 1.75121 1.75121 1.75121 1.75121 1.75121
1.33323 1.33323 1.33323 1.33323 1.33323 1.33323 1.33323 1.33323 1.33323 1.33323 1.33323 1.32412 1.16459 1.06403 1.06397 0.710795 0.589130 0.589130 0.589130 0.589130 0.589130 0.589130 0.589130 0.589130 0.589130 0.589130 0.589130 0.589130 0.589130 0.589130 0.589130 0.589130 0.589130 0.589130 0.589130 0.589130 0.00000 0.00000 0.00000 0.00000 0.00000 0.00000 0.00000 0.515388 0.515388 0.515388 0.515388 0.515388 0.515388 0.515388 0.515388 0.515388 0.515388 0.515388 0.515388 1.53538 1.75121 1.75121 1.75121 1.75121 1.75121 1.75121 1.75121 1.75121 1.75121 1.75121
1.33323 1.33323 1.33323 1.33323 1.33323 1.33323 1.33323 1.32021 1.15193 0.938007 0.724609 0.519626 0.465756 0.466780 0.578521 0.589130 0.589130 0.589130 0.589130 0.589130 0.589130 0.589130 0.589130 0.589130 0.589130 0.589130 0.589130 0.589130 0.589130 0.589130 0.589130 0.589130 0.589130 0.589130 0.589130 0.589130 0.00000 0.00000 0.00000 0.515388 0.515388 0.515388 0.515388 0.515388 0.515388 0.515388 0.515388 0.515388 0.515388 0.515388 0.515388 0.515388 0.515388 0.515388 0.515388 1.17704 1.75121 1.75121 1.75121 1.75121 1.75121 1.75121 1.75121 1.75121 1.75121 1.75121
1.33323 1.33323 1.33323 1.31562 1.13935 0.925776 0.711944 0.511125 0.465756 0.465756 0.465756 0.465756 0.465756 0.465756 0.543178 0.589130 0.589130 0.589130 0.589130 0.589130 0.589130 0.589130 0.589130 0.589130 0.589130 0.589130 0.589130 0.589130 0.589130 0.589130 0.589130 0.589130 0.589130 0.589130 0.589130 0.578639 0.515388 0.515388 0.515388 0.515388 0.515388 0.515388 0.515388 0.515388 0.515388 0.515388 0.515388 0.515388 0.515388 0.515388 0.515388 0.515388 0.515388 0.515388 0.515388 0.818599 1.75121 1.75121 1.75121 1.75121 1.75121 1.75121 1.75121 1.75121 1.75121 1.75121
1.12670 0.913284 0.699279 0.503404 0.465756 0.465756 0.465756 0.465756 0.465756 0.465756 0.465756 0.465756 0.465756 0.465756 0.50684+I X %s;H`bn>P, H%] 9130 0.589130 0.589130 0.589130 0.589130 0. A- `w,nLq. `Yg` y)Y 0.589130 0.589130 0.589130 0.589130 0.589130 0.589130 0.571418 0.524336 0.476798 0.42l`.`eqp`an`s9 0.515388 0.515388 0.515388 0.515388 0.515388 0.515388 0.515388 0.515388 0.515388 0.515388 0.515388 0.515388 0.515388 0.515388 0.515388 0.515388 0.515388 0.515388 0.536890 1.67447 1.75121 1.75121 1.75121 1.75121 1.75121 1.75121 1.75121 1.68505
0.465756 0.465756 0.465756 0.465756 0.465756 0.465756 0.465756 0.465756 0.465756 0.465756 0.465756 0.465756 0.472973 0.586638 0.589130 0.589130 0.589130 0.589130 0.589130 0.589130 0.589130 0.589130 0.589130 0.589130 0.589090 0.563435 0.515897 0.468378 0.420840 0.390995 0.390558 0.390558 0.390558 0.390558 0.496250 0.515388 0.515388 0.515388 0.515388 0.515388 0.515388 0.515388 0.515388 0.515388 0.515388 0.515388 0.515388 0.515388 0.515388 0.515388 0.515388 0.515388 0.515388 0.515388 1.33738 1.75121 1.75121 1.74463 1.60443 1.41150 1.21873 1.02579 0.899185 0.896364 0.896364 0.896364
0.465756 0.465756 0.465756 0.465756 0.465756 0.465756 0.465756 0.465756 0.465756 0.465756 0.465756 0.465756 0.465756 0.465756 0.465756 0.557497 0.589130 p rx!K{atr 1ako(q 0.589130 0.589130 0.588018 0.555015 0.507477 0.459939 0.412461 0.390558 0.390558 0.390558 0.390558 0.390558 0.390558 0.390558 0.390558 0.390558 0.459839 0.515388 0.515388 0.515388 0.515388 0.515388 0.515388 0.515388 0.515388 0.515388 0.515388 0.515388 0.515388 0.515388 0.515388 0.515388 0.515388 0.515388 0.515388 0.550127 1.01559 1.32806 1.13521 0.948937 0.896364 0.896364 0.896364 0.896364 0.896364 0.896364
0.465756 0.465756 0.465756 0.465756 0.465756 0.465756 0.465756 0.465756 0.465756 0.465756 0.521126 0.589130 0.589130 0.585437 0.546596 0.499058 0.451520 0.405094 0.390558 0.390558 0.390558 0.390558 0.390558 0.390558 0.390558 0.390558 0.390558 0.390558 0.390558 0.390558 0.390558 0.423457 0.515388 0.515388 0.515388 0.515388 0.515388 0.515388 0.515388 0.515388 0.515388 0.515388 0.515388 0.515388 0.515388 0.515388 0.590178 0.752386 0.914781 1.07708 1.20471 1.18484 0.898081 0.896364 0.896364 0.896364 0.896364 0.896364 0.896364 0.896364 0.896364 0.896364 0.896364 0.896364 0.896364 0.896364
0.465756 0.465756 0.465756 0.465756 0.465756 0.487931 0.627841 0.490658 0.443100 0.399236 0.390558 0.390558 0.390558 0.390558 0.390558 0.390558 0.390558 0.390558 0.390558 0.390558 0.390558 0.390558 0.390558 0.390558 0.390558 0.390558 0.390558 0.393529 0.508935 0.515388 0.515388 0.515388 0.515388 0.515388 0.515388 0.515388 0.515388 0.521050 0.639596 0.801967 0.964338 1.12664 1.21422 1.21436 1.21436 1.21436 1.21436 1.21436 0.959919 0.896364 0.896364 0.896364 0.896364 0.896364 0.896364 0.896364 0.896364 0.896364 0.896364 0.896364 0.896364 0.896364 0.896364 0.896364 0.896364 0.896364
0.465756 0.465756 0.465756 0.465756 0.465756 0.465756 0.493395 0.636802 0.793424 0.949601 1.08405 1.10107 0.490527 0.390558 0.390558 0.390558 0.390558 0.390558 0.390558 0.390558 0.390558 0.390558 0.390558 0.390558 0.390558 0.390558 0.390558 0.390558 0.390558 0.390558 0.390558 0.390558 0.390558 0.475505 0.515388 0.515388 0.515388 0. \Px3b`q<p]qs`H}`a2x2Y H& 0.851524 1.01390 1.17054 1.21436 1.21436 `Hqe`a<,rMv`n(Z %  _ q 1.21436 1.21436 1.21436 1.2qKaaUqs adyLw`.896364 0.896364 ` Gx@va Vom- r Bg`pNvC 0.896364 0.896364 0.896364 0.896364 0.896364
0.921338 0.465756 0.465756 0.465756 0.465756 0.465756 0.465756 0.499495 0.646650 0.803145 0.959450 1.08837 1.10114 1.10114 1.10114 1.10114 1.10114 0.699844 0.390558 0.390558 0.390558 0.390558 0.390558 0.390558 0.390558 0.390558 0.390558 0.390558 0.390558 0.390558 0.390558 0.390558 0.390558 0.390558 0.390558 0.390558 0.390558 0.390558 0.439130 0.577597 0.738710 0.901081 1.06345 1.19933 1.21436 1.21436 1.21436 1.21436 1.21436 1.21436 1.21436 1.21436 1.21436 1.21436 1.21436 1.21436 1.21436 1.21436 1.14271 0.896364 0.896364 0.896364 0.896364 0.896364 0.896364 0.896364
0.921338 0.920538 0.853110 0.465756 0.465756 0.506230 0.656499 0.812867 0.969235 1.09199 1.10114 1.10114 1.10114 1.10114 1.10114 1.10114 1.10114 1.10114 1.10114 0.909212 0.390558 0.390558 0.390558 0.390558 0.390558 0.390558 0.390558 0.390558 0.39 wh } !rhR bm( } b}.390558 0.390558 0.390558 0.390558 0.390558 0.390794 0.454432 0.567106 Woq `GkxxyWe` Q 1.21436 1.21436 1.21436 {<qg``er$w*a roQr{UaCpu;` `1436 1.21436 1.21436 1.21436 1.21436 1.21436 1.21436 1.21436 1.21436 1.21436 1.21436 1.21067 0.919737 0.896364 0.896364 0.896364 0.896364
0.627612 0.518910 0.476568 0.822525 0.979147 1.09491 1.10114 1.10114 1.10114 1.10114 1.10114 1.10114 1.10114 1.10114 1.10114 1.10114 1.10114 1.10114 1.10114 1.08295 0.426229 0.390558 0.390558 0.390558 0.390558 0.390558 0.390558 0.390558 0.390558 0.390558 0.390558 0.390558 0.394044 0.474970 0.587550 0.700224 0.812616 0.861605 0.861605 0.861605 0.861605 1.14583 1.21436 1.21436 1.21436 1.21436 1.21436 1.21436 1.21436 1.21436 1.21436 1.21436 1.21436 1.21436 1.21436 1.21436 1.21436 1.21436 1.21436 1.21436 1.21436 1.00744 0.896364 0.896364 0.896364 0.902899
0.476568 0.476568 0.476568 0.476568 1.10114 1.10114 1.10114 1.10114 1.10114 1.10114 1.10114 1.10114 1.10114 1.10114 1.10114 X:\ q< Ys H q<:XH 1.10114 1.10114 1.10114 0.617447 0.390558 < Ib)`<.)s#\_u `7)n&nu& T EY?  0.390558 0.390558 0.401015 0.4xxq]bU{tMzb&lBet]a0.829856 0.861605 `4 ngva4vqp"``nv%5 0.861605 0.861605 0.861605 0.861605 1.04289 1.21436 1.21436 1.21436 1.21436 1.21436 1.21436 1.21436 1.21436 1.21436 1.21436 1.21436 1.21436 1.21436 1.21436 1.21436 1.21436 1.21436 1.21436 1.21436 1.09749 0.988377 1.05499 1.12161
0.476568 1.10114 1.10114 1.10114 1.10114 1.10114 1.10114 1.10114 1.10114 1.10114 1.10114 1.10114 1.10114 1.10114 1.10114 1.10114 1.10114 1.10114 0.826856 0.390558 0.390558 0.390558 0.411708 0.515857 0.628531 0.741205 0.843375 0.861605 0.861605 0.861605 0.861605 0.861605 0.861605 0.861605 0.861605 0.861605 0.861605 0.861605 0.861605 0.939842 1.21436 1.21436 1.21436 1.21436 1.21436 1.21436 1.21436 1.21436 1.21436 1.21436 1.21436 1.21436 1.21436 1.21436 1.21334 1.16761 1.09805 1.02845 0.958821 0.938348 1.18976 1.19204 1.19204 1.19204 1.19204 1.19204
uke 9 0.476568 0.476568 1.10114 1.10114 1.10114 1.10114 1.10114 1.10114 Vn+F|qSH`Vaq"q``TTp p% .` Uqmqt/` n]q%`Kqv >}`>Mqtxa o/Nqu` qSe& 1.10114 1.10114 1.04834 0.538814 0.649022 0.761649 0.853173 0.861605 0.861605 0.861605 0.861605 0.861605 0.861605 0.861605 0.861605 0.861605 0.861605 0.861605 0.861605 0.861605 0.861605 0.861605 0.861605 0.865062 1.18621 1.21436 1.21436 1.21436 1.21436 1.21436 1.21436 1.21436 1.21436 1.21436 1.20635 1.14620 1.07661 1.00698 0.938371 0.914502 0.914502 0.914502 0.914502 0.914502 1.13289 1.19204 1.19204 1.19204 1.19204
