High_resolution/powerplant/Shangrao/OMI_NO2_201111.asc
ncols      200
nrows      200
xllcorner       115.451
yllcorner       27.0350
cellsize     0.0166667
NODATA_Value      -999.000
[rows 0 to 28 of 200, columns 0 to 66 of 200]
0.00000 0.00000 0.00000 0.00000 0.00000 9.07328 9.07328 9.07328 9.07328 9.07328 9.07328 9.07328 9.07328 9.07328 9.07328 9.07328 9.07328 9.07328 9.07328 9.07328 9.07328 9.06032 8.11951 7.01412 6.32753 5.85025 5.55628 5.51636 5.49914 5.44506 3.77250 3.71769 3.79221 3.83908 3.85999 3.88027 3.51127 3.21677 2.87832 2.90587 3.38755 3.58571 3.77397 3.78804 5.69401 6.79794 6.80364 6.79916 6.87014 6.96466 6.96474 6.96474 7.55220 8.49877 10.5426 10.5370 10.3940 10.1398 10.4729 9.83771 8.80437 8.85311 9.03192 8.69095 8.24811 8.05541 7.21640
5.17466 5.17466 5.17466 5.17466 5.17466 5.90446 7.92002 7.86207 7.79929 7.73887 7.68133 7.60171 7.41590 7.24112 7.08931 6.95644 6.83872 6.55862 6.04709 5.67738 5.40672 5.41608 5.74403 5.46352 5.46362 5.46362 5.46362 5.46362 5.46362 5.41640 4.67026 4.26040 4.26040 4.26040 4.26040 4.26040 4.03706 3.68890 3.22148 3.19540 3.52770 3.71197 3.98899 3.98899 5.10151 6.70786 6.73472 6.73472 6.79602 6.96474 6.96474 6.98607 7.19300 7.75764 8.64665 8.44696 8.48873 8.53102 8.36320 7.91931 7.07048 7.13274 7.49272 7.57441 7.71097 7.85747 7.90942
5.17466 5.17466 5.17466 5.17466 5.17466 5.17466 6.49232 6.58352 6.52239 6.46518 6.41201 6.36904 6.22331 5.93007 5.63591 5.40025 5.20703 5.09598 5.09115 5.09115 5.09115 5.13943 5.84730 5.47047 5.46362 5.42636 5.28876 5.14574 5.00244 4.90658 4.72307 4.26040 4.26040 4.26040 4.26040 4.26040 4.21352 3.70470 3.33812 3.19540 3.42534 3.64200 3.96152 3.98899 4.45786 6.69661 6.74436 6.78164 6.73372 6.78568 6.68344 6.61963 6.66702 6.86893 7.03329 6.96851 6.89202 7.17549 7.36268 7.58757 7.48390 7.37666 8.07595 8.42830 8.74002 8.93062 8.88406
5.17466 5.17466 5.17466 5.17466 5.17466 5.17466 5.93849 6.18595 5.94404 5.66151 5.41724 5.21803 5.11392 5.09119 5.09115 5.09115 5.09115 5.09115 5.09115 5.09115 5.09115 5.06836 5.52246 5.27765 5.01542 4.90955 4.90407 4.90407 4.90407 4.90407 4.87789 4.28396 4.26040 4.26040 4.26040 4.26040 4.26040 3.80260 3.47677 3.19540 3.32274 3.63691 3.84962 3.99169 4.50611 6.42988 6.60123 6.61129 6.69838 6.97140 7.13867 7.24701 7.35623 7.03722 7.12746 7.32366 7.42541 7.64758 7.93742 8.33391 8.54345 8.53153 8.81624 8.93416 8.93416 8.93416 8.93416
5.17466 5.17466 5.17466 5.17466 5.11290 4.56020 4.13976 5.13716 5.09956 5.09115 5.09115 5.09115 5.09115 5.09115 5.09115 5.09115 5.09115 5.07441 4.97190 4.85734 4.74293 4.65120 4.93812 5.16357 4.90407 4.90407 4.90407 4.90407 4.90407 4.90407 4.90407 4.48806 4.26040 4.26040 4.26040 4.26040 4.26040 3.94753 3.65648 3.31145 3.51326 4.14885 4.36410 4.45803 5.04502 6.56416 7.05184 7.05661 7.13679 7.45441 7.67648 7.81011 7.87636 7.59709 7.49578 7.84020 8.11330 8.53915 8.78649 8.93933 8.92822 8.58067 8.70741 8.93416 8.93416 8.93416 8.93416
5.17466 5.17466 5.17466 5.15036 4.69437 4.63541 3.88620 4.91695 5.09115 5.09115 5.09115 5.09115 5.09115 5.07951 4.98224 4.86764 4.75318 4.65555 4.64350 4.64350 4.64350 4.64350 4.75800 5.30130 4.90431 4.90407 4.90407 4.90407 4.90407 4.90407 4.90407 4.69421 4.26040 4.26234 4.37186 4.54345 4.74014 4.82649 4.82199 4.43245 4.44528 4.83543 4.90406 4.77232 5.21071 6.56540 7.42812 7.57932 7.64710 7.76468 7.96400 8.26938 8.57989 8.77480 8.42216 8.54312 8.56042 8.65667 8.93069 8.94167 8.93456 8.67130 8.58857 8.91698 8.91519 8.91164 8.90810
5.17466 5.17466 5.17466 5.17466 4.77331 4.68218 4.02118 4.60820 5.09115 5.08367 4.99253 4.87803 4.76343 4.66074 4.64350 4.64350 4.64350 4.64350 4.64350 4.64350 4.64350 4.64350 4.64825 5.28252 4.98492 4.90407 4.90407 4.90407 4.90407 4.93484 5.05693 5.14918 4.89406 5.15336 5.29397 5.10480 5.08165 5.08408 5.09625 4.74460 4.68930 5.33288 5.85933 6.04971 6.23012 6.90126 7.82862 8.03222 8.32175 8.67631 9.10535 9.12110 9.11791 9.11473 8.52821 8.58332 8.58441 8.58758 8.89100 8.88650 8.87295 8.72552 8.50099 8.83509 9.09651 9.30701 9.51999
5.17466 5.17466 5.17466 5.09684 4.71866 4.49789 4.10909 4.13742 4.77378 4.66683 4.64350 4.64350 4.64350 4.64350 4.64350 4.64350 4.64350 4.64350 4.64350 4.64350 4.64350 4.64350 4.64350 5.06701 5.12895 4.99807 5.13104 5.27222 5.44705 5.60650 5.66970 5.72118 5.55196 5.48873 5.51791 5.36238 5.49132 5.88117 6.22129 6.30180 5.89957 6.13971 6.55530 6.51261 6.46290 6.79257 8.57406 8.94091 8.90697 8.94280 9.11922 9.12077 9.12232 9.12386 8.71159 8.56198 8.60539 8.60562 8.81359 8.95576 8.95854 8.93313 8.70561 9.33142 9.91543 9.92037 9.95116
4.59035 4.48664 4.40161 4.34703 4.33340 4.28639 4.18905 3.86739 4.55173 4.62926 4.62705 4.62491 4.62269 4.62055 4.61833 4.61301 4.58166 4.54460 4.50752 4.47051 4.51337 4.75366 5.00529 5.57576 6.47823 6.22581 6.26341 6.29093 6.31155 6.32808 6.34444 6.36120 6.41183 6.77813 7.05525 7.22418 7.15712 7.15712 7.15712 7.13298 6.33943 6.38455 6.93231 6.91160 6.81204 6.92991 8.29401 9.18218 9.07994 9.07883 9.12378 9.12863 9.12863 9.12863 8.93145 8.61393 8.80390 8.90187 9.00124 9.00207 8.96792 9.04308 9.03783 9.37969 10.4600 10.5823 10.6817
4.20557 4.20017 4.19467 4.19216 4.19216 4.16840 4.08927 3.66057 4.20154 4.42873 4.39379 4.35893 4.32402 4.28908 4.25429 4.28415 4.49113 4.78000 5.06896 5.35785 5.58265 5.63480 5.67227 5.83800 6.68587 6.45309 6.39717 6.39717 6.38671 6.36196 6.33431 6.30324 6.45953 7.40289 7.40441 7.39685 7.16925 7.15712 7.15712 7.15712 6.53460 6.30444 6.86649 6.93220 6.82713 6.87231 7.82015 9.07785 9.10117 9.08658 9.15747 9.26700 9.38404 9.50775 9.52193 8.86086 9.11529 9.29788 9.44598 9.55499 9.64954 9.63495 9.38092 9.17890 10.5215 10.6638 10.6732
3.66146 3.58006 3.50477 3.43468 3.36976 3.44084 3.53786 3.36974 3.65320 4.21879 4.29669 4.43228 4.69706 4.98594 5.27483 5.50218 5.59105 5.63130 5.66908 5.70354 5.72413 5.72452 5.72452 5.73728 6.50669 6.62190 6.33689 6.30613 6.28773 6.28771 6.28771 6.28771 6.28771 7.22797 7.40441 7.40441 7.23964 7.15712 7.15712 7.15712 6.76922 6.30425 6.72075 6.93231 6.86274 6.81866 7.62413 8.92992 9.38262 9.30871 9.28553 9.20837 9.07894 8.95446 8.88005 8.95662 9.23225 9.57460 9.46771 9.41012 9.42013 9.43131 9.38385 9.19585 10.1266 10.6862 10.6862
3.32059 3.32059 3.32059 3.32059 3.32184 3.39214 3.57074 3.65277 4.20877 5.14248 5.40101 5.55424 5.58795 5.62777 5.66589 5.70061 5.72358 5.72452 5.72452 5.72452 5.71001 5.66053 5.60512 5.54424 6.19003 6.71373 6.28771 6.28771 6.28771 6.28771 6.28771 6.28771 6.28771 6.90169 7.40441 7.40441 7.31780 7.15712 7.15712 7.15712 7.02939 6.31192 6.61768 7.02005 6.85539 6.46237 7.05580 8.27441 8.93898 8.85986 8.87561 8.89011 8.88323 8.87635 8.86845 8.90194 8.89600 9.41273 9.42409 9.43231 9.44769 9.45653 9.45412 9.22304 9.68975 10.6862 10.6862
3.34987 3.38559 3.41728 3.44567 3.47053 3.47738 4.17204 4.38606 4.80017 5.45079 5.57841 5.57841 5.64041 5.72452 5.72452 5.72452 5.71317 5.66519 5.61023 5.54987 5.50407 5.50242 5.50242 5.50242 5.97178 6.80144 6.30836 6.28771 6.28771 6.28771 6.28771 6.28771 6.28771 6.52661 7.40441 7.40441 7.39076 7.19161 7.23369 7.27256 6.86021 6.18213 6.13899 6.57711 6.58879 6.16481 6.40527 7.87860 8.75215 8.85088 8.84104 8.86289 8.86289 8.86517 8.86728 8.88356 8.91217 9.27308 9.40664 9.39967 9.40975 9.45653 9.45653 9.29501 9.28539 10.6542 10.6868
3.47733 3.47733 3.47733 3.47733 3.47733 3.47733 4.03040 4.37988 4.60524 5.33197 5.57841 5.57841 5.58016 5.66771 5.61531 5.55542 5.50566 5.50242 5.50242 5.50242 5.50242 5.50242 5.50242 5.50242 5.78752 6.67062 6.51955 6.28771 6.28771 6.28771 6.28771 6.28771 6.30225 6.35160 7.33960 7.46290 7.46580 7.47901 7.55940 7.53982 6.54565 6.19815 5.98249 6.52951 6.51035 6.14427 6.01580 7.51572 8.33205 8.80191 8.80086 8.82243 8.82583 8.82504 8.82443 8.82519 8.90048 9.05359 9.36450 9.36512 9.37414 9.46800 9.46884 9.37865 9.20157 10.2907 10.6793
3.45380 3.47733 3.47733 3.47733 3.47733 3.47733 3.76223 4.44771 4.61177 5.19512 5.42529 5.34959 5.27219 5.45037 5.50242 5.50242 5.50242 5.50242 5.50242 5.50242 5.50242 5.50242 5.50242 5.50242 5.63534 6.44402 6.77258 6.29013 6.32797 6.37462 6.41680 6.45740 6.48425 6.48195 7.01452 7.37827 7.37428 7.42561 7.51680 7.47762 6.68640 6.18857 5.78659 6.18626 6.34740 6.18605 5.92340 7.19739 7.98628 8.82521 8.82477 8.79058 8.75949 8.75248 8.74547 8.73846 8.78413 8.83019 9.22821 9.21945 9.21069 9.27219 9.31937 9.38864 9.19042 9.91657 10.8025
3.39320 3.56290 3.63925 3.71566 3.79206 3.86809 3.94806 4.70395 4.77833 5.17201 5.26426 5.26847 5.29221 5.42718 5.56718 5.58857 5.60965 5.63073 5.65217 5.67301 5.69164 5.70874 5.72655 5.76984 5.89352 6.91906 7.61284 6.88785 6.90462 6.92849 6.95439 6.97872 7.00166 7.02461 7.26493 7.83921 7.81879 7.81824 8.01277 8.02484 7.55416 6.89386 6.44156 6.72498 7.01110 6.96564 6.55164 7.30941 8.14461 8.93019 9.05075 8.86663 8.68536 8.68536 8.68536 8.68536 8.71477 8.74737 9.24637 9.38075 9.48219 9.65966 9.78317 9.83973 9.52380 9.74166 11.1477
4.07089 4.43825 4.46491 4.49118 4.51791 4.54433 4.57061 5.07210 5.29690 5.66517 5.99905 6.01727 6.01474 6.02154 6.09481 6.09139 6.08758 6.08378 6.07443 6.12874 6.22617 6.32469 6.42322 6.49974 6.51089 7.27263 8.05395 7.43116 7.26107 7.26107 7.26512 7.41215 7.61307 7.79605 7.95540 7.88273 7.87133 7.87133 8.05886 8.12441 7.98003 6.96026 6.59129 6.60201 7.01110 7.01110 6.64334 6.86383 8.20405 8.58738 9.05975 8.93664 8.69671 8.73901 8.81415 8.89531 8.98291 9.12506 9.50254 9.77611 9.82735 9.97384 10.2157 10.3135 10.1524 9.89996 11.1996
4.05499 4.72860 4.74210 4.75558 4.76907 4.78258 4.79609 5.06413 5.45647 5.63074 5.96765 5.98026 5.98007 5.96904 6.05220 6.15731 6.25574 6.35424 6.45833 6.50244 6.51016 6.51789 6.52560 6.52896 6.52896 7.06569 7.88295 7.84929 7.59511 7.77954 7.94518 7.99719 7.99719 7.99719 7.99719 7.92129 7.87133 7.87133 7.97623 8.12441 8.12441 7.13618 6.73351 6.47941 7.00371 7.01110 6.78058 6.55576 8.17254 8.34564 9.25190 9.25034 9.07392 9.24295 9.44035 9.63893 9.84574 9.95693 10.0311 10.0872 10.1494 10.2173 10.4015 10.4377 10.4810 10.1909 11.1786
3.94936 4.83358 4.83358 4.83358 4.83358 4.83358 4.83358 4.88965 5.59589 5.78283 5.93728 6.11980 6.24315 6.37727 6.49174 6.50177 6.50944 6.51717 6.52489 6.52895 6.52896 6.52896 6.52896 6.65855 6.89707 7.42033 8.28921 8.64006 7.99719 7.99719 7.99719 7.99719 7.99719 7.99719 7.99719 7.96096 7.87133 7.87133 7.90252 8.12432 8.12441 7.44118 6.87561 6.46310 6.93784 7.11604 7.12852 6.97810 8.49917 9.00280 10.0202 10.2413 10.1304 10.1800 10.1858 10.1941 10.2028 10.1411 10.1094 10.1942 10.2899 10.4050 10.7639 10.8760 10.8798 10.4445 10.7955
3.80274 4.75712 4.84012 5.00842 5.24629 5.48417 5.72205 5.95338 6.57577 6.83013 6.35120 6.50972 6.50972 6.50972 6.51233 6.52889 6.52896 6.52896 6.52896 6.63585 6.87567 7.09462 7.29432 7.38710 7.38710 7.51571 8.22895 8.77442 8.06506 7.99719 7.99719 7.99719 7.99719 7.99719 7.99719 7.99382 7.87819 7.87133 7.86782 8.04072 8.11740 7.85942 7.30567 7.25008 7.83064 8.30926 8.55178 8.26192 9.09585 9.81151 10.1175 10.4735 10.2578 10.1932 10.1958 10.1967 10.2599 10.3329 10.3476 10.5745 10.5932 10.5894 10.7876 10.8801 10.8801 10.5916 10.4221
4.67006 5.54099 5.95338 6.02296 6.02296 6.02296 6.02296 6.02296 6.46296 6.91151 6.46758 6.50946 6.50972 6.50972 6.50972 6.61566 6.85417 7.07487 7.27640 7.38638 7.38710 7.38710 7.38710 7.38710 7.38710 7.39462 8.13705 8.66958 8.30683 7.99719 7.99719 7.99719 7.99719 7.99713 7.98026 7.97703 7.91396 7.80159 7.72765 7.70658 7.59219 7.44036 7.17672 7.73033 8.35812 8.72043 8.65987 8.28362 8.42681 9.67861 9.59038 10.4057 10.3293 10.3022 10.3981 10.4931 10.5257 10.5190 10.4054 10.4971 10.5412 10.5395 10.6842 10.8574 10.8555 10.7126 10.3499
5.38844 5.74435 6.02296 6.02296 6.02296 6.02296 6.02296 6.02296 6.17009 6.91898 6.71758 6.80783 7.25839 7.15342 7.39338 7.45458 7.38710 7.38710 7.38710 7.38710 7.38710 7.38710 7.38710 7.38710 7.38710 7.38710 7.98188 8.50616 8.55751 7.99719 7.96944 7.93939 7.82850 7.72066 7.65629 7.56647 7.40930 7.29948 7.27867 7.25537 7.23209 7.20266 6.99008 7.11893 7.77928 8.39775 8.38313 8.22791 7.97556 9.54584 9.30177 10.5016 10.6597 10.5161 10.5205 10.5249 10.5294 10.5338 10.4579 10.4795 10.5783 10.5834 10.6658 10.9227 10.9277 10.9118 10.4231
5.38844 5.60652 6.02296 6.03292 6.13125 6.25160 6.37187 6.64962 7.82128 9.22388 9.97526 10.2580 9.48363 7.54334 7.54334 7.51055 7.38710 7.38710 7.38710 7.38710 7.38599 7.38431 7.38258 7.38114 7.40299 7.44062 7.90552 8.35535 8.34036 7.49562 7.37189 7.26119 7.24870 7.24682 7.22775 7.22071 7.21551 7.10996 7.05574 6.99593 6.93624 6.88276 6.79194 6.72279 7.57648 8.30416 8.40166 8.37898 7.92437 9.25703 9.44940 10.2232 10.7914 10.5881 10.5881 10.5881 10.5881 10.5881 10.5410 10.4826 10.6194 10.6056 10.5899 10.8642 10.8364 10.8090 10.4515
5.85530 6.06278 6.58378 6.74818 7.68381 8.77738 9.75064 10.5201 10.6249 10.6078 10.5950 10.2479 10.2835 7.59587 7.54348 7.58840 7.48270 7.49979 7.53738 7.57485 7.61351 7.63747 7.71218 7.81236 7.88906 7.95280 8.22179 8.63846 8.10923 7.48363 7.24120 7.23108 7.23108 7.23746 7.30426 7.38600 7.46762 7.07306 6.88074 6.88074 6.88074 6.88074 6.85384 6.68317 7.35267 8.12403 8.40651 8.40651 8.05014 8.82063 9.52811 9.74471 10.8258 10.6056 10.5881 10.5862 10.5777 10.5535 10.5133 10.3821 10.4749 10.5433 10.5969 10.9133 11.0198 11.2431 11.2758
7.34191 8.80236 9.59231 10.3945 10.6121 10.6227 10.6334 10.6440 10.6547 10.6566 10.6409 10.5191 10.8484 8.85406 7.97466 7.97414 7.81284 7.70446 7.76073 7.82175 7.88277 7.96053 8.02812 8.09340 8.16501 8.24019 8.34905 8.86425 8.32198 7.76890 7.31970 7.38363 7.46017 7.53546 7.55038 7.55038 7.55038 7.28512 6.88074 6.88074 6.88074 6.88074 6.88074 6.71178 7.08630 7.93847 8.40651 8.40651 8.19576 8.47175 9.50571 9.41036 10.6511 10.6001 10.5093 10.4956 10.4464 10.3534 10.2656 10.1968 10.4233 10.9707 11.1567 11.5493 11.9298 11.9731 11.9633
11.4350 11.4483 10.9184 10.7049 10.7064 10.7064 10.7064 10.7064 10.7064 10.7060 10.6712 10.6569 10.7017 9.73227 7.98417 8.05811 8.09649 7.98048 8.02278 8.08759 8.15866 8.23494 8.26065 8.26065 8.26065 8.26315 8.34587 9.01004 8.76462 8.38728 7.61599 7.57783 7.55038 7.55038 7.55038 7.55038 7.55038 7.48993 6.88700 6.88074 6.88074 6.88074 6.88074 6.76730 6.84193 7.75260 8.36930 8.27738 8.07818 7.90019 9.21022 9.23184 9.96381 10.3295 10.1426 10.0530 10.0018 10.0145 10.0301 10.0716 10.3501 11.5636 11.5831 11.7917 12.1619 12.2471 12.2883
11.4753 11.4753 11.0834 10.7064 10.7064 10.7087 10.7564 10.8216 10.8728 10.8212 10.9813 11.2446 10.9337 10.9717 8.30781 8.26065 8.25877 8.22922 8.26065 8.26065 8.26065 8.26145 8.33146 8.44598 8.56029 8.67213 8.70767 9.16440 9.06257 8.53269 7.76731 7.59789 7.55038 7.55038 7.55038 7.55038 7.55038 7.55038 7.03757 6.88074 6.88074 6.86971 6.81311 6.64780 6.40792 7.06180 7.73380 7.67761 7.62573 7.37517 8.56154 8.89252 9.22689 10.2069 10.0477 10.0631 10.0778 10.0803 10.0862 10.1559 10.2606 11.5908 11.8413 11.9046 12.2883 12.2883 12.2883
11.4779 11.5373 11.3863 10.8858 10.9141 10.8434 10.7329 10.6160 10.5183 10.5020 10.7816 11.3822 11.0833 11.1900 9.02662 8.26065 8.26065 8.26069 8.32100 8.43530 8.54983 8.66337 8.70767 8.70767 8.70767 8.70767 8.70767 9.09809 9.21772 8.56132 8.04107 7.61453 7.55439 7.55038 7.55038 7.55038 7.54943 7.51290 7.12490 6.62285 6.58062 6.59699 6.66339 6.79271 7.01054 6.91318 7.31070 7.49974 7.51757 7.46544 8.36340 9.13681 9.21968 10.3664 10.1671 10.1961 10.2795 10.3630 10.4342 10.4455 10.4863 11.3120 11.9600 11.9456 12.1234 12.1281 12.1063
11.7461 11.5578 11.3288 10.5901 10.5061 10.5020 10.5020 10.5020 10.5020 10.5020 10.5419 11.3548 11.1997 11.1517 9.99350 8.42484 8.53919 8.65358 8.70767 8.70767 8.70767 8.70767 8.70767 8.70767 8.70767 8.70767 8.70767 9.01933 9.24098 8.72642 8.31481 7.61562 7.55724 7.46835 7.35710 7.36291 7.39105 7.45946 7.48576 7.00978 7.08010 7.09216 7.10420 7.11624 7.19512 7.19289 7.47592 7.99269 8.09187 8.05740 8.37230 8.99622 9.10744 9.95486 10.2975 10.2082 10.1880 10.1670 10.1521 10.1484 10.1784 10.5685 11.6274 11.6234 11.7379 11.8004 11.7959
