High_resolution/powerplant/Shangrao/OMI_NO2_200906.asc
ncols      200
nrows      200
xllcorner       115.451
yllcorner       27.0350
cellsize     0.0166667
NODATA_Value      -999.000
[rows 87 to 115 of 175, columns 67 to 133 of 200]
3.84583 3.17526 2.01856 2.01856 2.01856 2.01856 2.01856 2.01920 2.00033 1.99286 1.98537 1.96161 1.91941 1.91382 1.90820 1.90259 1.96287 1.97916 1.97916 1.97916 1.97916 1.97916 1.95826 1.91937 1.88385 1.72517 1.66129 2.06240 2.53144 2.67745 2.65963 2.64870 2.64870 2.64870 2.68469 3.04444 3.04683 3.04683 3.04683 3.04683 3.05088 3.10437 3.04886 2.82707 2.61973 2.61727 2.61015 2.60272 2.38425 2.34567 2.33849 2.33576 2.32188 2.13850 2.13595 2.13595 2.13683 2.16394 2.23922 2.12470 2.04861 1.95659 1.85068 1.80846 1.77633 1.74417 1.71204
3.84583 3.71097 2.04522 2.01856 2.01856 2.01856 2.01856 2.01463 1.94466 1.94369 1.94369 1.94232 1.90102 1.89943 1.89943 1.89943 1.93748 1.94495 1.90730 1.87279 1.84098 1.81309 1.79710 1.79091 1.78477 1.77845 1.78128 2.07593 2.48923 2.64870 2.64870 2.64870 2.64870 2.64870 2.64870 2.96659 3.04683 3.04683 3.04683 3.04563 3.03248 3.06532 3.05106 2.87032 2.58357 2.57866 2.57855 2.57855 2.43992 2.33576 2.33576 2.33576 2.33875 2.21617 2.21006 2.20225 2.14867 2.06410 1.94278 1.81606 1.74864 1.71649 1.69354 1.69260 1.69260 1.69260 1.69260
3.84583 3.84583 2.47406 2.01856 2.01856 2.01856 2.01856 2.01856 1.95432 1.94369 1.94369 1.93208 1.86342 1.82319 1.79258 1.76427 1.75348 1.79032 1.78171 1.77554 1.76942 1.76179 1.75788 1.75788 1.75788 1.75788 1.77650 1.98475 2.35606 2.64870 2.64870 2.64870 2.64870 2.64870 2.64203 2.82950 3.00785 2.99168 2.97551 2.96052 2.95748 2.99191 3.03414 2.91026 2.62514 2.57855 2.57855 2.57855 2.51188 2.37762 2.41685 2.43114 2.37687 2.16389 1.91877 1.82940 1.78490 1.74532 1.74685 1.75302 1.69260 1.69260 1.69260 1.69260 1.69260 1.69260 1.69260
3.84583 3.84583 3.03646 2.01856 2.01856 2.01856 2.01856 2.01856 1.96767 1.94369 1.94369 1.83741 1.73055 1.74577 1.77371 1.80489 1.83555 1.76403 1.75788 1.75788 1.75788 1.75788 1.75788 1.75788 1.75788 1.75788 1.76973 1.89363 2.23786 2.62379 2.61746 2.60128 2.58510 2.56892 2.55942 2.64905 2.95748 2.95748 2.95748 2.95748 2.95748 2.96570 3.03350 2.94992 2.70083 2.53076 2.48764 2.42656 2.28681 2.24787 2.12992 2.03172 1.99913 1.93701 1.72574 1.72574 1.72574 1.72574 1.73071 1.77765 1.69295 1.69260 1.69260 1.69260 1.69260 1.69260 1.69260
3.84583 3.84583 3.59878 2.01966 2.01856 2.01856 2.01856 2.01856 1.99081 1.97144 2.01687 2.02380 1.85474 1.85989 1.86316 1.86316 1.86316 1.79609 1.75788 1.75788 1.75788 1.75788 1.75788 1.76503 1.78947 1.81476 1.84503 1.91281 2.25404 2.51283 2.55935 2.55935 2.55935 2.55935 2.55935 2.56397 2.92842 2.95748 2.95748 2.95748 2.94575 2.88264 2.84588 2.73366 2.48215 2.14188 2.01876 1.91366 1.89598 1.96031 1.99180 1.99180 1.99180 1.98988 1.74850 1.72574 1.72574 1.72574 1.72574 1.77428 1.70939 1.69260 1.69260 1.69260 1.69260 1.69642 1.72519
3.84583 3.84583 3.84583 2.33591 2.03980 2.07275 2.13902 2.21699 2.25077 2.15224 2.15883 2.15883 1.91532 1.86563 1.86316 1.86316 1.86316 1.82668 1.77267 1.79787 1.82308 1.84828 1.87349 1.89154 1.89231 1.89231 1.89252 1.91271 2.18102 2.44371 2.55935 2.55935 2.55935 2.55935 2.55935 2.55931 2.75916 2.75997 2.61706 2.46271 2.31886 2.22630 2.20558 2.11665 2.18568 1.90139 1.89598 1.89598 1.89598 1.93167 1.99180 1.99180 1.99180 1.99180 1.82217 1.72574 1.72574 1.72574 1.72574 1.75945 1.77156 1.75378 1.78712 1.82039 1.85367 1.88314 1.88764
3.88050 3.90410 3.64919 2.71051 2.28447 2.32950 2.34127 2.34127 2.33983 2.16691 2.15883 2.15883 1.97979 1.88717 1.91148 1.93668 1.96189 1.97958 1.89369 1.89231 1.89231 1.89231 1.89065 1.88640 1.88209 1.87783 1.87354 1.88312 2.06256 2.34437 2.54680 2.46979 2.36796 2.22826 2.05753 1.87436 1.92317 2.20583 2.19312 2.19192 2.19192 2.19192 2.17448 2.07957 2.17567 1.96787 1.89598 1.89598 1.89598 1.90397 1.99088 1.99180 1.99180 1.99180 1.92252 1.80028 1.85001 1.89977 1.94953 2.02965 2.06758 1.88764 1.88764 1.88593 1.84300 1.81480 1.84234
2.90677 2.48579 2.34311 2.34269 2.34127 2.34127 2.34127 2.34127 2.34127 2.16715 2.11309 2.10592 2.00078 1.88237 1.95305 1.94872 1.94446 1.94015 1.85499 1.82632 1.82205 1.81777 1.81513 1.81511 1.81511 1.80272 1.77435 1.75297 1.77570 1.84038 1.91319 1.80697 1.72561 1.68223 1.66970 1.66970 1.71509 2.18832 2.19192 2.19192 2.19192 2.19192 2.19192 2.09716 2.14190 2.05149 1.89598 1.89598 1.90758 1.95476 2.07883 2.15014 2.19990 2.24969 2.25384 2.01110 2.00863 2.00863 2.00863 2.00996 2.07104 1.79292 1.80759 1.83780 1.90923 2.01313 2.15075
2.34311 2.34311 2.34311 2.34310 2.34146 2.34127 2.34127 2.34127 2.34127 2.15160 2.03016 2.03016 2.01181 1.80426 1.91906 1.92039 1.92039 1.92039 1.87002 1.81401 1.79307 1.76458 1.73618 1.70768 1.67022 1.60484 1.54856 1.49027 1.38170 1.46011 1.65458 1.66970 1.66970 1.66970 1.66970 1.66970 1.66970 2.08450 2.19192 2.19192 2.19192 2.19192 2.19196 2.13079 2.10963 2.16432 2.08840 2.13816 2.17635 2.17887 2.22450 2.27469 2.27469 2.27469 2.27469 2.05757 1.95613 1.91114 1.91678 1.94370 2.13297 2.18670 2.27149 2.41021 2.54885 2.64054 2.64257
2.34311 2.34311 2.34311 2.34311 2.34199 2.34127 2.34127 2.34127 2.34127 2.22137 2.03016 2.03016 2.03016 1.83522 1.89080 1.88857 1.86014 1.83169 1.78340 1.67059 1.64135 1.58607 1.52982 1.47367 1.42651 1.41961 1.41961 1.41961 1.37214 1.42911 1.59729 1.66970 1.66970 1.66970 1.66970 1.66970 1.66970 1.93576 2.19336 2.19447 2.19559 2.19670 2.19777 2.17379 2.08639 2.20234 2.18066 2.17887 2.17887 2.17887 2.19587 2.26075 2.21380 2.16549 2.15507 2.06860 2.09427 2.25520 2.36547 2.45875 2.68673 2.77184 2.64257 2.64257 2.64257 2.64257 2.64257
2.34311 2.34311 2.34311 2.34311 2.34257 2.34127 2.34127 2.34127 2.34127 2.30473 2.03053 2.03016 2.03016 1.80487 1.69719 1.76516 1.73235 1.67860 1.62329 1.46689 1.42051 1.41961 1.41961 1.41961 1.41961 1.41961 1.41961 1.41961 1.39246 1.39964 1.54136 1.66976 1.67061 1.67172 1.67284 1.67395 1.67507 1.79296 2.19807 2.19807 2.19807 2.19807 2.19807 2.19797 2.09726 2.17106 2.18853 2.17219 2.15266 2.13284 2.12867 2.15858 2.22606 2.29808 2.33227 2.37083 2.51142 2.51142 2.51142 2.51142 2.58613 2.83906 2.64257 2.64257 2.64257 2.64257 2.64257
2.34587 2.34311 2.34311 2.34311 2.34305 2.34137 2.34127 2.34127 2.34127 2.34127 2.05959 2.00845 1.94686 1.75324 1.45986 1.55840 1.53622 1.53491 1.53491 1.46451 1.41961 1.41961 1.41961 1.41961 1.41961 1.41961 1.41431 1.39298 1.36342 1.29895 1.40700 1.67559 1.67585 1.67585 1.67585 1.67585 1.67585 1.68191 2.15995 2.19807 2.19807 2.19807 2.19807 2.18859 2.10464 2.10726 2.11241 2.14398 2.21570 2.28777 2.34424 2.33606 2.32532 2.32532 2.32532 2.32721 2.49742 2.51142 2.51142 2.51142 2.51696 2.86605 2.65757 2.64257 2.64257 2.64257 2.64257
2.39298 2.34311 2.34311 2.34311 2.34311 2.34187 2.33691 2.27260 2.18134 2.04953 1.78850 1.67396 1.64392 1.63564 1.33074 1.52432 1.53491 1.53491 1.53491 1.49781 1.41960 1.40764 1.38519 1.36277 1.34032 1.31787 1.30075 1.29964 1.29964 1.24630 1.32813 1.63641 1.67585 1.67585 1.67585 1.67585 1.67585 1.67585 2.01676 2.21557 2.25529 2.30536 2.38066 2.47747 2.56444 2.57071 2.36785 2.35082 2.35082 2.35082 2.35082 2.34375 2.32532 2.32532 2.32532 2.32532 2.44678 2.51142 2.51142 2.51142 2.51142 2.75987 2.72060 2.62648 2.60315 2.57981 2.55646
2.45545 2.34311 2.31876 2.23772 2.14201 1.97663 1.88272 1.80956 1.76320 1.75749 1.69515 1.64097 1.64097 1.64097 1.39845 1.47241 1.51518 1.49275 1.47028 1.44158 1.31259 1.29964 1.29964 1.29964 1.29964 1.29964 1.29964 1.29964 1.30436 1.28089 1.32354 1.54554 1.67585 1.67998 1.71377 1.74341 1.76566 1.83981 2.15869 2.60342 2.63463 2.65801 2.65933 2.65933 2.66015 2.72772 2.41545 2.35438 2.35082 2.35082 2.35082 2.35010 2.32657 2.32532 2.32532 2.32532 2.39422 2.50200 2.47886 2.45561 2.43236 2.54354 2.64400 2.50587 2.50587 2.50587 2.51328
2.36510 1.93899 1.75747 1.63292 1.52280 1.52206 1.75344 1.75749 1.75749 1.75749 1.72491 1.66241 1.67849 1.69446 1.54755 1.41689 1.47600 1.48565 1.49525 1.50497 1.42871 1.40889 1.41854 1.42813 1.43783 1.44745 1.45708 1.46674 1.48987 1.52253 1.53673 1.61283 1.86934 1.96386 2.01392 2.07064 2.13953 2.15429 2.19874 2.65600 2.65933 2.65933 2.65933 2.65933 2.65933 2.70855 2.49885 2.36273 2.35082 2.35082 2.35082 2.34661 2.30779 2.27642 2.25317 2.22993 2.22401 2.37803 2.37883 2.37883 2.37883 2.42557 2.70861 2.58610 2.64694 2.69221 2.72990
1.89808 1.54521 1.50428 1.50428 1.50428 1.50428 1.69352 1.75749 1.75749 1.75749 1.76474 1.92474 1.92761 1.92761 1.86411 1.53433 1.58693 1.58693 1.58693 1.58693 1.53438 1.47163 1.47321 1.50587 1.55359 1.60526 1.66136 1.73012 1.81755 1.87241 1.77737 1.77801 2.15127 2.15429 2.15429 2.15429 2.15429 2.15429 2.15429 2.55615 2.65933 2.65933 2.65933 2.65933 2.65933 2.68301 2.55746 2.30873 2.28556 2.26235 2.23907 2.22007 2.20852 2.19274 2.19274 2.19274 2.19274 2.34271 2.39753 2.45309 2.50587 2.54395 2.91359 2.72770 2.62171 2.55397 2.48636
1.86711 1.65032 1.50428 1.50428 1.50428 1.50428 1.61593 1.75749 1.75749 1.75749 1.75749 1.90175 1.92761 1.92761 1.92761 1.57166 1.57966 1.59636 1.64290 1.69685 1.73354 1.68269 1.74395 1.79547 1.85029 1.90501 1.95980 2.00691 2.01282 2.01282 1.90627 1.80629 2.06356 2.15429 2.15429 2.15429 2.15429 2.15429 2.15429 2.41186 2.63988 2.57298 2.50391 2.43469 2.36581 2.30386 2.40920 2.16043 2.21790 2.21824 2.21824 2.21824 2.21594 2.19293 2.22054 2.27708 2.33243 2.47043 2.56644 2.52477 2.50749 2.50538 2.59811 2.46324 2.37708 2.37708 2.37708
1.86711 1.75608 1.50428 1.50428 1.50428 1.50428 1.53843 1.75734 1.75749 1.75749 1.75749 1.87110 1.92761 1.92761 1.92761 1.82207 1.84363 1.90033 1.91252 1.94680 1.98335 1.94559 1.99180 2.01282 2.01282 2.01282 2.01282 2.01282 2.01282 2.01282 1.96132 1.82791 1.93924 2.15429 2.15197 2.10167 2.03264 1.96357 1.89439 1.93946 2.28071 2.27858 2.27858 2.27858 2.27858 2.27858 2.39916 2.19954 2.20609 2.21836 2.23928 2.27592 2.31244 2.38592 2.40714 2.37545 2.34256 2.38072 2.57155 2.60055 2.60055 2.60055 2.60055 2.52062 2.37708 2.37708 2.37708
1.86711 1.85111 1.51499 1.50428 1.50428 1.50428 1.50428 1.71381 1.75749 1.75749 1.75749 1.83483 1.92761 1.92768 1.95500 2.00443 2.03332 2.03642 2.06604 2.06843 2.06842 2.03559 2.01282 2.01282 2.01282 2.01282 2.01282 2.01282 2.01282 2.01115 1.99892 1.82368 1.76608 1.85905 1.79246 1.77354 1.77354 1.77354 1.77354 1.77960 2.24221 2.27858 2.27858 2.27858 2.27858 2.27910 2.38124 2.34186 2.32798 2.40632 2.39161 2.35703 2.31959 2.32077 2.34797 2.34797 2.34797 2.35254 2.58595 2.60055 2.60055 2.60055 2.60055 2.57941 2.37782 2.37708 2.37708
1.86711 1.86711 1.60482 1.50428 1.50428 1.50428 1.50428 1.63618 1.75749 1.76632 1.83105 1.92925 2.07502 2.12389 2.14543 2.14491 2.13956 2.06955 2.06842 2.06842 2.06842 2.05164 2.01282 2.01282 2.00893 2.00156 1.99419 1.98681 1.97944 1.97374 1.97335 1.85002 1.71435 1.76834 1.77354 1.77354 1.77354 1.77354 1.77354 1.77354 2.10398 2.27969 2.32082 2.38174 2.41097 2.37487 2.30992 2.33614 2.26104 2.27093 2.27038 2.27038 2.27038 2.28473 2.34797 2.34797 2.34797 2.34797 2.51943 2.60055 2.60055 2.60055 2.60055 2.60055 2.41616 2.37709 2.39028
1.86711 1.86711 1.71052 1.50428 1.50428 1.53600 1.61035 1.75705 2.01115 2.07572 2.08429 2.08370 2.14169 2.14491 2.14491 2.14491 2.14491 2.08318 2.06789 2.06192 2.05455 2.04478 1.98585 1.97684 1.97335 1.97335 1.97335 1.97335 1.97335 1.97335 1.97335 1.90501 1.74293 1.73455 1.77354 1.77354 1.77354 1.77547 1.81927 1.87947 2.08703 2.30656 2.22807 2.12966 2.06310 2.06119 2.06119 2.15859 2.19246 2.26785 2.27038 2.27038 2.27038 2.27054 2.33897 2.34797 2.34797 2.34797 2.44837 2.60055 2.60262 2.60932 2.61618 2.62304 2.54782 2.50840 2.51959
1.86348 1.79371 1.64926 1.73109 1.88547 2.01693 2.10569 2.17054 2.09236 2.08344 2.08344 2.08344 2.13179 2.14491 2.14491 2.14491 2.13662 2.06258 1.99762 1.98284 1.96965 1.95631 1.90267 1.87407 1.86076 1.84754 1.83419 1.82100 1.80764 1.79433 1.78099 1.75258 1.58122 1.69934 1.82279 1.88006 1.93431 1.98678 1.99726 1.99141 1.99687 2.06077 2.06119 2.06119 2.06119 2.06119 2.06119 2.11975 2.18953 2.24903 2.27038 2.27038 2.27038 2.27038 2.31672 2.35464 2.36150 2.36837 2.40486 2.63443 2.63947 2.63964 2.63964 2.63964 2.60433 2.50170 2.44780
1.37190 1.47865 1.65577 2.13653 2.17445 2.17445 2.17445 2.17445 2.11961 2.08344 2.08344 2.08344 1.97143 1.87129 1.85354 1.83583 1.82630 1.81675 1.79000 1.79000 1.79000 1.79000 1.76570 1.73440 1.73440 1.73440 1.73440 1.73440 1.73440 1.73252 1.69899 1.65104 1.65273 1.85948 1.99343 1.99055 1.99055 1.99055 1.99055 1.99055 1.99055 2.04700 2.06119 2.06119 2.06119 2.06119 2.06119 2.07495 2.18830 2.22769 2.28183 2.28868 2.29555 2.30241 2.33091 2.38706 2.38706 2.38706 2.38706 2.59794 2.63964 2.61278 2.55909 2.47754 2.35008 2.13448 2.04647
1.82284 1.82284 1.82284 2.07522 2.17445 2.17445 2.17445 2.17445 2.14742 2.08344 2.08344 2.08344 1.98805 1.82630 1.82630 1.82630 1.82630 1.82580 1.79197 1.79000 1.79000 1.79000 1.78175 1.73440 1.73440 1.73304 1.69891 1.65059 1.60239 1.55597 1.54126 1.54095 1.62258 1.80685 1.97743 1.99055 1.99055 1.99055 1.99055 1.99055 1.99055 2.02690 2.06119 2.05923 2.05103 2.04235 2.03368 2.02500 2.12855 2.18455 2.30947 2.30947 2.30947 2.30947 2.31200 2.38375 2.38616 2.35040 2.29666 2.36907 2.36460 2.25693 2.14053 2.04994 1.99929 1.85726 1.79623
1.82284 1.82284 1.82284 1.97221 2.17445 2.17445 2.17445 2.17445 2.17133 2.08729 2.08344 2.08344 2.05674 1.82690 1.82630 1.82630 1.82630 1.82630 1.79989 1.79000 1.79000 1.79182 1.77166 1.66370 1.60195 1.55501 1.54095 1.54095 1.54095 1.54095 1.54095 1.54095 1.56993 1.77635 1.93983 1.99055 1.99055 1.99038 1.98448 1.97581 1.96713 1.97470 2.02042 2.01370 2.01323 2.01323 2.01323 2.01323 2.08480 2.15478 2.29749 2.30947 2.30600 2.24540 2.16404 2.18151 2.12696 2.08029 2.05754 2.04274 1.95527 1.91772 1.91561 1.91561 1.91561 1.85566 1.79556
1.82284 1.82284 1.82284 1.84112 2.16597 2.17445 2.17445 2.17445 2.17445 2.11194 2.08344 2.08344 2.08344 1.85254 1.82630 1.82630 1.82652 1.83411 1.79531 1.74370 1.70926 1.67306 1.65880 1.59122 1.54095 1.54095 1.54095 1.54095 1.54095 1.54095 1.54095 1.54095 1.55044 1.77960 1.97930 1.96256 1.95388 1.94537 1.94259 1.94259 1.94259 1.94356 2.00843 2.01323 2.01323 2.01323 2.01323 2.01323 2.02912 2.08420 2.10651 2.07873 1.99230 1.94899 1.92617 1.97959 2.11676 2.12263 2.12263 2.11641 1.92410 1.91561 1.91561 1.91561 1.91561 1.88746 1.79556
1.82284 1.82284 1.82284 1.82284 2.10983 2.17445 2.17445 2.17445 2.17445 2.13969 2.08344 2.08344 2.08705 1.91142 1.81892 1.77310 1.72695 1.67357 1.65253 1.65880 1.65880 1.65880 1.65880 1.62509 1.54095 1.54095 1.54095 1.56328 1.60783 1.65239 1.69691 1.74142 1.77657 1.89234 2.14475 1.94316 1.94259 1.94259 1.94259 1.94259 1.94259 1.94259 1.98931 2.01323 2.00399 1.91426 1.80591 1.72511 1.68376 1.82878 1.88352 1.95413 1.93973 1.93973 1.93973 1.95796 2.12176 2.12263 2.12263 2.12263 1.97642 1.91561 1.91561 1.91561 1.91561 1.91325 1.80158
1.82284 1.82284 1.82284 1.82284 2.02355 2.17445 2.17445 2.17452 2.18478 2.19471 2.08631 2.01636 1.94397 1.76262 1.65136 1.65136 1.65136 1.65136 1.65136 1.65793 1.65880 1.66156 1.69678 1.73718 1.67231 1.71254 1.75708 1.77927 1.77927 1.77927 1.77927 1.77927 1.77927 1.82459 2.13803 1.98121 1.94259 1.94259 1.94259 1.94259 1.93040 1.83689 1.76575 1.76258 1.72379 1.76563 1.82601 1.85892 1.85897 1.81666 1.80378 1.93973 1.93973 1.93973 1.93973 1.93973 2.08555 2.12263 2.12263 2.12263 2.03492 1.91561 1.91561 1.90232 1.84583 1.78608 1.60840
1.82284 1.82284 1.82284 1.87199 2.19163 2.21149 2.21921 2.21203 2.19437 2.16921 1.89794 1.82103 1.82103 1.77204 1.65136 1.65136 1.65136 1.65136 1.65136 1.74558 1.84601 1.88777 1.90204 1.91343 1.84115 1.81856 1.82993 1.84142 1.85287 1.86436 1.87574 1.88717 1.89868 1.91352 2.13130 2.04205 1.92697 1.83084 1.73982 1.65536 1.58336 1.59250 1.63478 1.85784 1.85897 1.85897 1.85897 1.85897 1.85897 1.84225 1.78383 1.91794 1.93973 1.93973 1.93973 1.93973 2.03111 2.11886 2.07155 2.01180 1.92282 1.68527 1.62545 1.57902 1.57573 1.57573 1.48346
