High_resolution/powerplant/Shangrao/OMI_NO2_201110.asc
ncols      200
nrows      200
xllcorner       115.451
yllcorner       27.0350
cellsize     0.0166667
NODATA_Value      -999.000
[rows 29 to 57 of 200, columns 67 to 133 of 200]
7.88229 7.76396 7.71058 7.69476 7.37150 6.92914 6.48764 6.04550 5.64441 5.57257 5.57257 5.57257 5.54939 5.40914 5.08473 4.06711 3.94027 3.97939 3.74843 2.88077 2.66274 2.45281 2.39113 2.39113 2.39113 2.39113 2.39113 2.39113 2.39113 2.39113 2.39113 2.39113 2.39113 2.39113 2.39113 2.13476 2.21758 2.23013 2.23013 2.23013 2.23013 2.23594 2.26635 2.29945 2.33258 2.37362 2.45163 2.51044 2.56423 2.61760 2.63766 2.63766 2.34610 1.87455 1.87455 1.96410 2.07397 2.17823 2.31042 2.48369 2.70221 2.75954 2.75954 2.75954 2.75954 2.75954 2.75954
7.77520 6.83885 6.11712 5.69102 5.57257 5.57257 5.57257 5.57257 5.53504 5.38596 5.22942 5.07293 5.03270 5.21175 5.44024 4.56679 4.55849 4.63171 4.50641 2.50119 2.39113 2.39113 2.39113 2.39113 2.39113 2.39113 2.39113 2.39113 2.39113 2.39113 2.39113 2.39113 2.39113 2.39113 2.39113 2.25838 2.17298 2.27107 2.30420 2.33730 2.37043 2.42203 2.47854 2.53236 2.58617 2.63207 2.63766 2.63766 2.63766 2.63766 2.60748 2.53336 2.32198 2.13292 2.37264 2.62686 2.75954 2.75954 2.75954 2.75954 2.75954 2.75954 2.75954 2.75954 2.75954 2.75954 2.75954
7.60399 6.48926 5.57257 5.57257 5.51738 5.36278 5.20636 5.12036 5.18906 5.40406 5.66718 5.98185 6.15319 6.15319 6.15319 5.31668 4.63171 4.63171 4.62852 2.90632 2.39113 2.39113 2.39113 2.39113 2.39113 2.39113 2.39113 2.39113 2.39113 2.39113 2.39113 2.39113 2.39113 2.39113 2.39113 2.38937 2.25063 2.44662 2.50043 2.55427 2.60809 2.63759 2.63766 2.63766 2.63755 2.59596 2.52150 2.44711 2.37265 2.29823 2.25399 2.25364 2.22704 2.08802 2.55565 2.58032 2.75924 2.75954 2.75954 2.75954 2.75954 2.75954 2.75954 2.75954 2.75954 2.75954 2.75954
7.52763 6.82590 5.25703 5.26346 5.37113 5.62532 5.93141 6.15043 6.15319 6.15319 6.15319 6.15319 6.15319 6.15319 6.15319 5.77998 4.63171 4.63171 4.63171 3.69487 2.39113 2.39113 2.39113 2.39113 2.39113 2.39113 2.39113 2.39113 2.39113 2.39113 2.39113 2.39113 2.35951 2.21705 2.06490 1.91281 2.19922 2.63665 2.63766 2.63590 2.58405 2.50963 2.43521 2.36074 2.28647 2.25364 2.25364 2.25364 2.25364 2.25364 2.25364 2.25364 2.25364 2.04614 2.55565 2.55565 2.72310 2.75954 2.75954 2.75954 2.75954 2.75954 2.75954 2.75954 2.75954 2.75954 2.81313
6.31236 6.01158 5.31275 6.15319 6.15319 6.15319 6.15319 6.15319 6.15319 6.15319 6.15319 6.15319 6.15319 6.15319 6.15319 6.13146 4.74354 4.63171 4.63171 4.37601 2.42643 2.39113 2.39113 2.39113 2.39113 2.39113 2.39113 2.39113 2.32647 2.17483 2.02282 1.87065 1.75018 1.74062 1.74201 1.76612 1.99057 2.45258 2.34888 2.27622 2.25364 2.25364 2.25364 2.25364 2.25364 2.25364 2.25364 2.25364 2.25364 2.25364 2.25364 2.25364 2.25364 2.06246 2.54785 2.55565 2.66222 2.75954 2.75954 2.75954 2.75954 2.76769 2.91171 3.10433 3.29712 3.48974 3.62895
5.92400 5.92400 5.22941 6.15319 6.15319 6.15319 6.15319 6.15319 6.15319 6.15319 6.15319 6.15319 6.15319 6.15319 6.15319 6.15319 5.13917 4.37648 4.15256 3.89577 2.62439 2.39113 2.39113 2.38807 2.28477 2.13274 1.98060 1.82850 1.74107 1.74192 1.76580 1.79794 1.83028 1.86236 1.89305 1.90102 1.90829 2.35886 2.25364 2.25364 2.25364 2.25364 2.25364 2.25364 2.25364 2.25364 2.25364 2.25364 2.25364 2.25364 2.25364 2.25364 2.25364 2.16455 2.25206 2.55565 2.60138 2.82626 3.01643 3.20904 3.40184 3.58640 3.63508 3.63508 3.63508 3.63508 3.63508
5.92400 5.92400 5.27670 6.11188 6.15319 6.15319 6.15319 6.15319 6.15319 6.15319 6.15319 6.12817 5.93502 5.71088 5.48674 5.26272 4.57942 3.54840 3.54840 3.53110 2.81575 2.09046 1.93850 1.78934 1.74182 1.76548 1.79774 1.82996 1.86204 1.89282 1.90102 1.90102 1.90102 1.90102 1.90102 1.90102 1.90102 2.29613 2.25364 2.25364 2.25364 2.25364 2.25364 2.25364 2.25364 2.25364 2.25364 2.25364 2.25364 2.24523 2.16871 2.06596 1.94607 1.78945 1.89458 2.44193 2.40929 3.52758 3.63508 3.63508 3.63508 3.63508 3.63508 3.63508 3.63508 3.63508 3.63508
5.92400 5.92400 5.66980 5.52663 6.15319 6.15319 6.14258 5.97196 5.74793 5.52379 5.29955 5.10076 5.06989 5.06989 5.06989 4.99781 4.63770 3.23015 3.05362 2.91500 2.51550 1.79751 1.82964 1.86172 1.89260 1.90102 1.90102 1.90102 1.90102 1.90102 1.90102 1.90102 1.90102 1.90102 1.90102 1.90102 1.90102 2.18461 2.27531 2.25364 2.25364 2.25364 2.25364 2.25364 2.23823 2.15359 2.04850 1.92623 1.77845 1.60597 1.55601 1.53534 1.51535 1.50957 1.63082 2.37332 2.37332 3.16667 3.63508 3.63508 3.63508 3.63508 3.63508 3.63508 3.63508 3.63508 3.63508
5.92400 5.92314 5.82383 4.92185 5.56073 5.33660 5.12351 5.06989 5.06989 5.06989 5.06989 4.96323 4.67396 4.38178 4.08885 3.73994 3.53593 2.82892 2.53885 2.47239 2.38028 1.89901 1.90102 1.90102 1.90102 1.90102 1.90102 1.90102 1.90102 1.90102 1.90102 1.90102 1.90102 1.90102 1.90102 1.90102 1.90102 1.96348 2.35213 2.22898 2.13813 2.03058 1.90527 1.75777 1.60385 1.56813 1.54747 1.52682 1.51072 1.50957 1.50957 1.50957 1.50957 1.54392 1.65534 2.35791 2.37332 2.79130 3.63508 3.63508 3.63508 3.63508 3.63508 3.63508 3.63508 3.63508 3.63508
5.37751 5.21279 5.14630 4.44897 5.06989 5.06989 5.06989 4.92185 4.62943 4.33738 3.94060 3.56578 3.39836 3.25870 3.13909 3.09305 3.09305 2.82761 2.45397 2.45397 2.45284 1.98000 1.90102 1.90102 1.90102 1.90102 1.90102 1.90102 1.90102 1.90102 1.90102 1.90102 1.90102 1.90102 1.90102 1.90102 1.90102 1.90102 1.94853 1.60381 1.58026 1.55961 1.53893 1.51836 1.50957 1.50957 1.50957 1.50965 1.55743 1.66146 1.79229 1.96171 2.19002 2.37125 2.37332 2.37332 2.37332 2.44387 3.60719 3.63508 3.63508 3.63508 3.63508 3.63508 3.63508 3.63508 3.63508
5.14630 5.14630 5.14379 4.56089 4.35419 4.21188 3.71867 3.42189 3.27882 3.15612 3.09330 3.09305 3.09305 3.09305 3.09305 3.09305 3.09305 3.02143 2.45596 2.45397 2.45397 2.16767 1.90102 1.90102 1.90102 1.90102 1.90102 1.90102 1.90102 1.90102 1.90102 1.90102 1.90102 1.90102 1.90102 1.93140 2.02400 2.11833 2.06732 1.51454 1.50957 1.50957 1.51117 1.57194 1.67951 1.81542 1.99217 2.23185 2.37332 2.37332 2.37332 2.37332 2.37332 2.37332 2.37332 2.37332 2.37332 2.37332 3.30238 3.63508 3.63508 3.63508 3.63508 3.63508 3.63508 3.63508 3.63508
4.81052 4.73830 4.68640 4.71224 3.26340 3.09585 3.09305 3.09305 3.09305 3.09305 3.09305 3.09305 3.09305 3.09305 3.09305 3.09305 3.09305 3.09305 2.58011 2.45397 2.45397 2.31724 1.90030 1.90102 1.90102 1.90102 1.90102 1.90102 1.90102 1.90102 1.90134 1.95600 2.05042 2.14479 2.23916 2.30319 2.30501 2.30791 2.29985 1.78358 1.83942 2.02407 2.27094 2.37332 2.37332 2.37332 2.37332 2.37332 2.37332 2.37332 2.37332 2.37332 2.37332 2.37332 2.37332 2.37332 2.37332 2.37332 2.92697 3.63508 3.63508 3.63508 3.63508 3.63508 3.63358 3.61968 3.60302
4.97914 4.99709 4.99709 4.99709 3.76495 3.09305 3.09305 3.09305 3.09305 3.09305 3.09305 3.09305 3.09305 3.09305 3.09305 3.09305 3.09305 3.09305 2.77591 2.43628 2.35554 2.22864 1.89761 1.90102 1.90102 1.90102 1.90720 1.98247 2.07684 2.17121 2.26530 2.30501 2.30791 2.35520 2.41754 2.47989 2.54223 2.60168 2.61654 2.37830 2.37332 2.37332 2.37332 2.37332 2.37332 2.37332 2.37332 2.37332 2.37332 2.37332 2.37332 2.37332 2.37332 2.37332 2.37332 2.37332 2.37332 2.37332 2.55163 3.63495 3.62717 3.61051 3.59385 3.57720 3.56204 3.55928 3.55928
4.99709 4.99709 4.99709 4.99709 4.31431 3.09852 3.09305 3.09305 3.09305 3.09305 3.09305 3.09305 3.09305 3.09305 3.08840 3.05621 3.01438 2.96543 2.73939 1.90038 1.89106 1.89106 1.91427 2.00889 2.10330 2.19767 2.28582 2.30791 2.35520 2.41754 2.47989 2.54223 2.60168 2.61673 2.61673 2.61673 2.61673 2.61673 2.61673 2.46218 2.37332 2.37332 2.37332 2.37332 2.37332 2.37332 2.37332 2.37332 2.37332 2.37332 2.37332 2.37332 2.37332 2.37332 2.37332 2.36706 2.30551 2.23108 2.15661 3.33428 3.55928 3.55928 3.55928 3.55928 3.55928 3.55928 3.55928
4.99709 4.99709 4.99709 4.99709 4.81405 3.15364 3.09305 3.09305 3.09305 3.09062 3.06178 3.02088 2.97308 2.91630 2.85802 2.84968 2.84968 2.84968 2.77828 2.07647 2.11976 2.21417 2.29121 2.35457 2.41754 2.47989 2.54223 2.60168 2.61673 2.61673 2.61673 2.61673 2.61673 2.61673 2.61673 2.61673 2.61673 2.61673 2.61673 2.53302 2.36351 2.37332 2.37332 2.37332 2.37332 2.37332 2.37332 2.37332 2.37332 2.37332 2.37332 2.34852 2.27533 2.20083 2.12640 2.05823 2.04527 2.04527 2.04527 2.87330 3.55928 3.55928 3.55928 3.55928 3.55928 3.55928 3.55928
4.99709 4.99709 4.99709 4.99709 4.99108 3.47720 3.02724 2.98055 2.92522 2.86386 2.84968 2.84968 2.84968 2.84946 2.75402 2.57933 2.40450 2.23009 2.14286 2.27013 2.37124 2.40009 2.42768 2.57963 2.61673 2.61673 2.61673 2.61673 2.61673 2.61673 2.61673 2.61673 2.61673 2.61673 2.61673 2.61673 2.61673 2.61673 2.61673 2.60971 2.36089 2.37332 2.37332 2.37332 2.37332 2.37332 2.37148 2.31955 2.24509 2.17065 2.09618 2.04652 2.04527 2.04527 2.04527 2.04527 1.93467 2.00957 2.04527 2.42339 3.55928 3.55928 3.55928 3.55928 3.55928 3.55928 3.55928
4.88652 4.58926 4.23934 3.82418 3.33584 3.11393 2.84968 2.84968 2.84968 2.84605 2.72664 2.55196 2.37712 2.21648 2.16603 2.19488 2.22376 2.25236 2.26305 2.31046 2.43477 2.43477 2.43477 2.52713 2.61673 2.61673 2.61673 2.61673 2.61673 2.61673 2.61673 2.61673 2.61673 2.61673 2.61673 2.61673 2.61673 2.61673 2.61673 2.61673 2.44709 2.37332 2.35862 2.28937 2.21491 2.14041 2.06784 2.04527 2.04527 2.04527 2.04495 1.89359 1.68063 1.52290 1.40148 1.30495 1.25513 1.68656 2.04527 2.07131 3.46177 3.55928 3.55928 3.55928 3.55928 3.55928 3.55928
3.16366 3.16118 3.16118 3.16118 3.16118 3.14974 2.74227 2.52449 2.35941 2.21674 2.19028 2.21915 2.24800 2.26305 2.26305 2.26305 2.26305 2.26305 2.26305 2.26739 2.42568 2.43477 2.43477 2.47469 2.61673 2.61673 2.61673 2.61673 2.61673 2.61673 2.61673 2.61673 2.61673 2.61673 2.61673 2.61673 2.61673 2.61673 2.58244 2.50844 2.35505 2.11057 2.05042 2.04527 2.04527 2.03819 1.85315 1.65113 1.50055 1.38386 1.29083 1.25462 1.25462 1.25462 1.25462 1.25462 1.25462 1.46829 2.04527 2.04527 3.03790 3.55928 3.55928 3.55928 3.55928 3.55928 3.55928
3.16118 3.13779 2.98337 2.78313 2.46699 2.14791 2.09725 2.24340 2.26257 2.26305 2.26305 2.26305 2.26305 2.26305 2.26305 2.26305 2.26305 2.26305 2.26305 2.26305 2.37794 2.43477 2.43477 2.43651 2.60241 2.61673 2.61673 2.61673 2.61673 2.61673 2.61673 2.61673 2.61673 2.61442 2.56116 2.48720 2.41305 2.33896 2.29923 2.29917 2.27288 1.85493 1.62311 1.47912 1.36685 1.27894 1.25462 1.25462 1.25462 1.25462 1.25462 1.25462 1.25462 1.25462 1.25462 1.25462 1.25462 1.31624 2.04527 2.04527 2.58804 3.55928 3.55928 3.55928 3.55928 3.55928 3.55928
2.33037 2.02328 1.84721 1.71696 1.70269 1.70269 1.86059 2.26305 2.26305 2.26305 2.26305 2.26305 2.26305 2.26305 2.26305 2.26305 2.26305 2.26305 2.26305 2.26305 2.32579 2.43477 2.44011 2.45740 2.55277 2.61673 2.61673 2.61673 2.61673 2.60606 2.53985 2.46589 2.39180 2.32000 2.29917 2.28562 2.11541 1.90049 1.68556 1.47064 1.26926 1.20085 1.25462 1.25462 1.25462 1.25462 1.25462 1.25462 1.25462 1.25462 1.25462 1.25462 1.25462 1.25462 1.25462 1.25462 1.25462 1.25462 1.85535 2.04527 2.15776 3.53990 3.55816 3.28018 2.78868 2.29740 1.80612
1.70269 1.70269 1.70269 1.70269 1.70269 1.70269 1.72080 2.24033 2.26305 2.26305 2.26305 2.26305 2.26305 2.26305 2.26305 2.26305 2.26305 2.26938 2.30038 2.32892 2.36278 2.49287 2.50167 2.50202 2.51542 2.59158 2.51861 2.44458 2.37052 2.30710 2.28638 2.11756 1.90264 1.68599 1.47064 1.26926 1.22456 1.22456 1.22456 1.22456 1.22456 1.19488 1.25462 1.25462 1.25462 1.25462 1.25462 1.25462 1.25462 1.25462 1.25462 1.25462 1.25462 1.25462 1.25462 1.25462 1.25462 1.25462 1.61218 2.37871 2.70050 2.31385 1.53418 1.32110 1.32110 1.32110 1.32110
1.70269 1.70269 1.70269 1.70269 1.70269 1.70269 1.70269 2.09592 2.26305 2.26305 2.26305 2.26305 2.26656 2.29567 2.32500 2.34965 2.37070 2.38600 2.38754 2.38754 2.38725 2.44288 2.42242 2.37307 2.27993 2.28559 2.11756 1.90264 1.68771 1.47279 1.27066 1.22456 1.22456 1.22456 1.22456 1.22456 1.22456 1.22456 1.22456 1.22456 1.22456 1.20034 1.24330 1.25462 1.25462 1.25462 1.25462 1.25462 1.25462 1.25462 1.25462 1.25462 1.25462 1.25462 1.32726 1.48794 1.64884 1.80959 2.21082 3.46537 3.46537 2.46401 1.32110 1.32110 1.39356 1.74941 2.04313
1.71472 1.70269 1.70269 1.70269 1.70269 1.70269 1.70269 1.93622 2.29086 2.32095 2.34623 2.36777 2.38472 2.38754 2.38754 2.38754 2.38556 2.33988 2.27624 2.21265 2.14798 2.15537 2.18434 2.12226 2.02792 1.36133 1.22456 1.22456 1.22456 1.22456 1.22456 1.22456 1.22456 1.22456 1.22456 1.22456 1.22456 1.22456 1.22456 1.22456 1.22456 1.22451 1.21311 1.25462 1.25462 1.25462 1.25462 1.25462 1.25462 1.26527 1.39372 1.55454 1.71535 1.87626 1.96445 1.96467 1.96467 1.96467 2.00007 3.42528 3.55849 3.35426 2.32912 2.49272 2.60732 2.61958 2.61958
2.01111 1.70269 1.70269 1.70269 1.70269 1.70269 1.70269 1.93962 2.38720 2.38754 2.38754 2.44086 2.69424 2.43290 2.26655 2.20282 2.10659 2.02663 1.96453 1.90251 1.84179 1.84771 1.98925 1.98925 1.98917 1.52028 1.22456 1.22456 1.22456 1.22456 1.22456 1.22456 1.22456 1.22456 1.22456 1.22456 1.22456 1.22456 1.22456 1.22456 1.22456 1.22456 1.20716 1.25462 1.25462 1.30333 1.46025 1.62114 1.78197 1.93222 1.96467 1.96467 1.96467 1.96472 2.01882 2.11902 2.21931 2.31946 2.41975 3.37626 3.69171 3.69096 2.75767 2.61958 2.61958 2.61958 2.61958
2.42716 1.70269 1.70269 1.70269 1.70269 1.72153 2.07328 2.50038 3.04359 3.26377 3.40903 3.49112 3.41521 2.60015 1.91175 1.84976 1.82231 1.82231 1.82231 1.82231 1.82231 1.82231 1.96404 1.98925 1.98925 1.75755 1.22456 1.22456 1.22456 1.22456 1.22456 1.22456 1.22456 1.22456 1.22456 1.22456 1.22456 1.22456 1.22456 1.22456 1.22545 1.28699 1.38796 1.68729 1.84857 1.96069 1.96467 1.96467 1.96663 2.03486 2.13510 2.23535 2.33559 2.43578 2.48192 2.48192 2.48192 2.48192 2.48192 3.03704 3.69171 3.69171 3.07580 2.61958 2.61958 2.61958 2.61958
3.02039 2.35928 2.73371 3.05748 3.32265 3.50202 3.51308 3.49540 3.34942 3.32051 3.27395 3.24672 3.24652 2.84386 1.82231 1.82231 1.82231 1.82231 1.82231 1.82231 1.82231 1.82231 1.91342 1.98925 1.98925 1.91558 1.26386 1.22456 1.22456 1.22456 1.22456 1.22456 1.22456 1.22456 1.22456 1.22456 1.23300 1.31469 1.41330 1.51191 1.60968 1.64670 1.64940 1.93021 2.05089 2.15114 2.25138 2.35157 2.44996 2.48192 2.48192 2.48192 2.48192 2.48192 2.48192 2.48192 2.48192 2.48192 2.48192 2.69696 3.69171 3.69171 3.39483 2.61958 2.61958 2.61958 2.61958
4.48018 3.66009 3.53585 3.52246 3.52490 3.57233 3.61060 3.61300 3.41037 3.24652 3.24652 3.24652 3.24652 3.16055 1.83727 1.82231 1.82231 1.82231 1.82231 1.82231 1.82231 1.82231 1.86283 1.98925 1.98925 1.96538 1.39492 1.22456 1.22456 1.22456 1.22456 1.22456 1.24833 1.34238 1.44099 1.53960 1.62982 1.64670 1.65222 1.71567 1.79450 1.87332 1.95215 2.27842 2.48192 2.48192 2.48192 2.48192 2.48192 2.48192 2.48192 2.48192 2.48192 2.48192 2.48192 2.48192 2.48192 2.48192 2.48192 2.48488 3.56394 3.69171 3.66223 2.67121 2.61958 2.62280 2.72813
3.95609 3.78316 3.61300 3.61300 3.61300 3.61300 3.61300 3.61300 3.51153 3.25357 3.24652 3.24652 3.24652 3.24652 2.18286 1.82231 1.82231 1.82231 1.82231 1.82231 1.81075 1.75317 1.68460 1.79531 1.73171 1.66780 1.51404 1.22456 1.27146 1.37007 1.46864 1.56734 1.64210 1.65222 1.71567 1.79450 1.87332 1.95215 2.02546 2.04083 2.04083 2.04083 2.04083 2.16820 2.48192 2.48192 2.48192 2.48192 2.48192 2.48192 2.48192 2.48192 2.48192 2.48192 2.48192 2.48192 2.48192 2.48192 2.48192 2.48192 3.22708 3.69695 3.71748 3.20541 3.12229 3.27288 3.32130
4.00921 3.91455 3.61300 3.61300 3.61300 3.61300 3.61300 3.61300 3.59276 3.28924 3.24652 3.24652 3.24652 3.24652 2.60271 1.81571 1.76325 1.69367 1.61205 1.51507 1.42339 1.41520 1.41520 1.57785 1.74017 1.83878 1.90652 1.60081 1.65222 1.71567 1.79450 1.87332 1.95215 2.02546 2.04083 2.04083 2.04083 2.04083 2.04083 2.04083 2.04083 2.04083 2.04083 2.05813 2.46510 2.48192 2.48192 2.48192 2.48192 2.48192 2.48192 2.48192 2.48192 2.48192 2.48192 2.48192 2.48205 2.49499 2.51649 2.53800 2.96463 3.78556 3.78655 3.60692 3.32130 3.32130 3.32130
