High_resolution/powerplant/Shangrao/OMI_NO2_2006_06-08.asc
ncols      200
nrows      200
xllcorner       115.451
yllcorner       27.0350
cellsize     0.0166667
NODATA_Value      -999.000
[rows 87 to 115 of 183, columns 67 to 133 of 200]
1.58817 1.57317 1.58704 1.56698 1.51438 1.54001 1.51959 1.48593 1.51249 1.51374 1.46901 1.43147 1.42589 1.48902 1.52949 1.52115 1.51211 1.50240 1.50810 1.52208 1.49532 1.49275 1.48642 1.51652 1.52023 1.49087 1.40529 1.41821 1.37140 1.35754 1.35768 1.35013 1.33413 1.37863 1.31691 1.29402 1.26106 1.22295 1.19164 1.08400 1.10506 1.06459 1.16415 1.10836 1.02172 1.01174 1.06391 1.01646 1.06427 1.10636 1.09730 1.10175 1.11842 1.12137 1.12344 1.17991 1.19534 1.20171 1.15053 1.12583 1.12254 1.12534 1.10916 1.05768 1.17773 1.14811 1.01700
1.53649 1.51801 1.51346 1.51078 1.48259 1.46632 1.46717 1.41678 1.43663 1.47118 1.42104 1.39030 1.38374 1.45267 1.49375 1.49160 1.48786 1.48864 1.50977 1.52248 1.49679 1.50197 1.49454 1.50134 1.49370 1.47312 1.37317 1.31967 1.30590 1.32285 1.32327 1.34965 1.32846 1.36978 1.29616 1.23352 1.17675 1.12621 1.11583 1.07076 1.02785 1.00585 1.08723 1.09536 1.01154 0.983314 1.07701 1.02799 1.04791 1.10382 1.09539 1.09999 1.12010 1.12009 1.11209 1.17186 1.18595 1.21093 1.18184 1.13561 1.13345 1.14387 1.13033 1.12344 1.22693 1.35839 1.38830
1.53392 1.52657 1.50974 1.49759 1.46280 1.41592 1.39966 1.36404 1.37933 1.42517 1.39955 1.36195 1.35215 1.41085 1.47163 1.45472 1.43354 1.43695 1.44853 1.44109 1.40603 1.41903 1.41997 1.43805 1.43800 1.43901 1.34442 1.28129 1.25928 1.28665 1.28262 1.30405 1.21703 1.24248 1.19657 1.13561 1.10944 1.10368 1.13986 1.17284 1.14778 1.12532 1.09470 1.09989 1.03682 0.970902 1.05708 1.03349 1.02854 1.09079 1.09008 1.09595 1.10544 1.10997 1.10182 1.15891 1.17785 1.22541 1.22858 1.19366 1.22614 1.28947 1.33074 1.33768 1.34725 1.55022 1.61628
1.50834 1.48353 1.44016 1.44994 1.43407 1.39922 1.37671 1.37478 1.37619 1.42612 1.42164 1.39387 1.37635 1.40458 1.43002 1.40201 1.37960 1.36886 1.39137 1.40091 1.37233 1.39351 1.40427 1.41376 1.41866 1.41239 1.34849 1.29087 1.25329 1.23825 1.20814 1.25520 1.18362 1.20848 1.22877 1.21557 1.19939 1.18076 1.19878 1.20019 1.17670 1.16484 1.12233 1.13720 1.09943 1.00338 1.08119 1.09409 1.07251 1.12592 1.14509 1.14783 1.16224 1.16903 1.17958 1.25183 1.30435 1.36971 1.42009 1.40416 1.43480 1.48705 1.53945 1.52549 1.51032 1.51570 1.59615
1.44473 1.42738 1.39313 1.40016 1.41006 1.38841 1.36520 1.36984 1.36154 1.40575 1.42615 1.42488 1.42078 1.42329 1.41503 1.40067 1.37809 1.35616 1.38204 1.37966 1.34698 1.37500 1.39784 1.40859 1.39825 1.37936 1.30323 1.24328 1.20451 1.20380 1.20722 1.27136 1.25999 1.24825 1.26658 1.23539 1.22436 1.18921 1.20513 1.18656 1.20077 1.18493 1.15404 1.17641 1.18904 1.11005 1.20431 1.25646 1.19673 1.20560 1.23112 1.29310 1.35738 1.40419 1.44835 1.48406 1.50808 1.55225 1.58048 1.54192 1.51942 1.53340 1.57515 1.55332 1.51075 1.42960 1.43478
1.40496 1.40554 1.39208 1.40030 1.41059 1.39730 1.35124 1.35101 1.35903 1.40732 1.45373 1.46262 1.45693 1.43450 1.39380 1.38587 1.37097 1.35472 1.39201 1.39900 1.38328 1.38090 1.38045 1.36470 1.34391 1.36810 1.32335 1.28442 1.27366 1.25029 1.24251 1.29170 1.31551 1.26233 1.27758 1.25459 1.26845 1.25046 1.29471 1.29247 1.35990 1.33593 1.31686 1.29501 1.32284 1.27594 1.34315 1.41560 1.51098 1.47140 1.45323 1.49263 1.55237 1.58513 1.57278 1.56599 1.57333 1.57366 1.62171 1.60986 1.57651 1.57163 1.60385 1.56637 1.53996 1.33651 1.13203
1.43884 1.42923 1.41639 1.38875 1.38096 1.39342 1.37422 1.37128 1.37750 1.40288 1.43499 1.44443 1.46423 1.44542 1.41960 1.41374 1.41657 1.36803 1.38016 1.33160 1.31325 1.32698 1.35534 1.37076 1.38042 1.41082 1.35693 1.32537 1.33925 1.29416 1.30924 1.34504 1.37670 1.29606 1.28777 1.38326 1.41493 1.42664 1.47856 1.45473 1.49575 1.46352 1.48422 1.43755 1.46981 1.50165 1.58816 1.61487 1.68915 1.65596 1.58499 1.62714 1.65962 1.67796 1.66636 1.66766 1.58853 1.56333 1.62992 1.64681 1.52904 1.52479 1.55804 1.52913 1.53120 1.44341 1.14482
1.40770 1.40675 1.41232 1.38736 1.37486 1.39455 1.38497 1.37509 1.38978 1.40897 1.44723 1.45920 1.48174 1.43746 1.40155 1.30654 1.26421 1.25254 1.29603 1.27959 1.27146 1.29101 1.31635 1.33199 1.32005 1.35612 1.31992 1.31755 1.35087 1.30521 1.29944 1.32603 1.35806 1.30523 1.26568 1.30685 1.42230 1.43462 1.49379 1.47882 1.49303 1.47476 1.52367 1.48079 1.50902 1.54867 1.68459 1.71427 1.74667 1.67185 1.66584 1.69777 1.73563 1.74400 1.73573 1.72657 1.61629 1.57405 1.60066 1.62776 1.52801 1.49546 1.56155 1.52786 1.54629 1.48189 1.13416
1.39707 1.41476 1.43348 1.41450 1.39283 1.40905 1.40139 1.35895 1.37532 1.38024 1.40639 1.43111 1.44935 1.42088 1.39002 1.31472 1.31801 1.31167 1.34741 1.33201 1.33964 1.32178 1.31710 1.33232 1.32409 1.36414 1.36281 1.34982 1.38286 1.39306 1.39531 1.40072 1.42643 1.37942 1.30298 1.31183 1.46231 1.48364 1.47587 1.46314 1.46713 1.55919 1.65062 1.60810 1.59767 1.57526 1.74185 1.77691 1.80047 1.71196 1.78482 1.79822 1.83549 1.84567 1.82639 1.80298 1.73694 1.66996 1.67562 1.70214 1.65481 1.57256 1.57351 1.50788 1.51660 1.45874 1.22095
1.38205 1.39511 1.40730 1.38926 1.35456 1.35968 1.36209 1.30289 1.31956 1.32938 1.35609 1.41028 1.42247 1.40943 1.35811 1.30608 1.27548 1.27061 1.28506 1.26661 1.27321 1.26516 1.27350 1.29647 1.30710 1.33406 1.35950 1.32729 1.33909 1.34463 1.36600 1.35268 1.35748 1.34759 1.31722 1.31374 1.47796 1.51605 1.51096 1.48078 1.44360 1.53350 1.67941 1.62633 1.62890 1.64142 1.81182 1.82761 1.83005 1.72750 1.84379 1.80781 1.83984 1.84551 1.82837 1.80964 1.76780 1.65223 1.63632 1.65337 1.65484 1.49365 1.47882 1.36018 1.34962 1.27496 1.21531
1.38724 1.38643 1.39047 1.37569 1.34936 1.35217 1.37049 1.33645 1.33047 1.34446 1.35659 1.40969 1.41046 1.38244 1.30478 1.27832 1.24069 1.24557 1.27083 1.26201 1.28197 1.24084 1.22383 1.21836 1.21529 1.21902 1.23681 1.20241 1.20174 1.22824 1.28436 1.29573 1.31404 1.34395 1.34209 1.32705 1.43227 1.50214 1.46687 1.44153 1.40779 1.46492 1.67049 1.66318 1.60986 1.65916 1.85055 1.82910 1.85667 1.74686 1.82561 1.81394 1.83462 1.82709 1.79799 1.77076 1.76240 1.60762 1.58241 1.56214 1.56689 1.39190 1.40343 1.30813 1.36514 1.30114 1.37442
1.38272 1.38008 1.37426 1.37652 1.38187 1.38034 1.39768 1.36513 1.32657 1.34596 1.34496 1.41960 1.43024 1.39006 1.30678 1.28711 1.22319 1.20932 1.21742 1.20079 1.21385 1.18046 1.17353 1.16106 1.17259 1.16918 1.18748 1.17353 1.19651 1.27291 1.31227 1.31438 1.29218 1.30876 1.29538 1.29035 1.34234 1.49604 1.47329 1.46225 1.42816 1.44214 1.66359 1.66591 1.54569 1.55956 1.62103 1.61249 1.72021 1.74385 1.85809 2.11913 2.20633 1.75844 1.69910 1.65394 1.63343 1.49054 1.42646 1.41003 1.42532 1.32438 1.30203 1.22418 1.26389 1.24133 1.30352
1.40717 1.39754 1.38727 1.37937 1.39050 1.37251 1.38437 1.37729 1.34157 1.38095 1.38897 1.47729 1.44669 1.37729 1.29181 1.25983 1.19711 1.16569 1.19218 1.18767 1.20205 1.18818 1.18259 1.18491 1.22601 1.22770 1.24093 1.20296 1.17812 1.23458 1.25687 1.29226 1.26837 1.29666 1.29516 1.28213 1.29135 1.45206 1.38615 1.34621 1.31128 1.28071 1.43315 1.57086 1.60548 1.74371 2.00503 2.08294 2.17437 2.11749 2.10208 2.25227 2.29881 1.86294 1.60091 1.57040 1.53494 1.46356 1.37041 1.36581 1.39441 1.32331 1.20900 1.16744 1.18555 1.17289 1.13897
1.40569 1.38978 1.37005 1.35040 1.37205 1.37711 1.39547 1.41032 1.37105 1.39667 1.41526 1.46816 1.43043 1.35607 1.29705 1.28154 1.23863 1.18961 1.21186 1.19907 1.21414 1.20874 1.20612 1.17685 1.21662 1.21252 1.22285 1.20057 1.18583 1.25080 1.27756 1.29608 1.25420 1.25128 1.22823 1.20061 1.17724 1.19166 1.23346 1.32833 1.39832 1.40816 1.56721 1.70399 1.72100 1.76635 1.89147 1.86465 1.91109 1.93540 1.91384 2.02480 2.12004 1.87150 1.41770 1.43608 1.42255 1.41498 1.30255 1.28507 1.31471 1.27229 1.17378 1.17370 1.16375 1.15926 1.14391
1.43278 1.44031 1.44000 1.40200 1.42417 1.42413 1.42515 1.44229 1.39894 1.39982 1.42320 1.44115 1.44451 1.34928 1.28556 1.24863 1.22137 1.16447 1.18096 1.18024 1.18866 1.19017 1.19091 1.17805 1.21668 1.22877 1.23618 1.19487 1.15883 1.21901 1.28241 1.22450 1.17456 1.17063 1.18108 1.17459 1.16462 1.36008 1.38127 1.39671 1.42920 1.41255 1.45864 1.62713 1.68196 1.64834 1.81454 1.74163 1.76962 1.79590 1.77616 1.85637 1.92634 1.83912 1.34404 1.33254 1.32001 1.30788 1.23319 1.25107 1.29751 1.31883 1.28128 1.28024 1.21122 1.20503 1.22338
1.49753 1.47938 1.47048 1.42148 1.42243 1.42309 1.41219 1.42703 1.39613 1.38035 1.40308 1.41647 1.44873 1.32917 1.28698 1.25985 1.25293 1.19780 1.20140 1.20066 1.21380 1.23344 1.22932 1.20279 1.21068 1.22606 1.24676 1.22706 1.20530 1.24792 1.33369 1.23453 1.17407 1.16845 1.17122 1.17250 1.16712 1.29587 1.39400 1.36601 1.37464 1.32555 1.33793 1.44265 1.52145 1.42087 1.52791 1.49149 1.52997 1.63786 1.63189 1.72086 1.76942 1.81131 1.36250 1.30373 1.30238 1.29511 1.21356 1.18925 1.21661 1.26509 1.22966 1.20917 1.23610 1.20754 1.21396
1.43743 1.46558 1.46694 1.43759 1.41853 1.42495 1.41274 1.42321 1.41666 1.39466 1.41649 1.43491 1.47395 1.38341 1.33539 1.28765 1.28873 1.23332 1.23032 1.22602 1.23807 1.26365 1.26575 1.24248 1.23127 1.26417 1.29053 1.27275 1.23501 1.25872 1.34585 1.26253 1.17910 1.18754 1.18385 1.17370 1.14736 1.14130 1.13245 1.11659 1.13478 1.13958 1.14778 1.14248 1.24205 1.22636 1.32961 1.32887 1.35440 1.45793 1.41564 1.51689 1.53176 1.56897 1.40353 1.27500 1.27706 1.28553 1.24103 1.20856 1.21909 1.26535 1.22308 1.18481 1.18864 1.10082 1.08202
1.38660 1.43574 1.46221 1.45241 1.41386 1.43385 1.43028 1.44432 1.45172 1.41280 1.41237 1.43810 1.47669 1.43761 1.35985 1.32211 1.32654 1.28813 1.26542 1.25341 1.26566 1.29215 1.31078 1.27550 1.26573 1.31440 1.34584 1.33254 1.30838 1.30475 1.38677 1.36371 1.19560 1.18575 1.17278 1.15852 1.13038 1.11805 1.14806 1.16384 1.17349 1.18930 1.21328 1.21729 1.30482 1.31017 1.36791 1.39114 1.40199 1.50500 1.46621 1.55396 1.56194 1.61834 1.54616 1.35193 1.35825 1.34141 1.25116 1.19098 1.18598 1.22190 1.19422 1.12856 1.11571 0.982713 0.952089
1.37788 1.43268 1.46981 1.49260 1.45368 1.44580 1.42693 1.42673 1.44937 1.40980 1.41339 1.43610 1.48467 1.49625 1.40349 1.38304 1.35623 1.33844 1.30705 1.30313 1.31652 1.33859 1.36884 1.33456 1.31410 1.34633 1.35183 1.33279 1.35729 1.33795 1.35872 1.31737 1.16711 1.11621 1.11656 1.14201 1.16336 1.15012 1.20792 1.24068 1.23325 1.24079 1.25296 1.26002 1.32881 1.31031 1.34356 1.39777 1.43348 1.53041 1.52119 1.51231 1.49992 1.45000 1.38734 1.33695 1.33391 1.31885 1.22722 1.14225 1.12938 1.11420 1.06861 1.01884 1.02581 0.924321 0.879385
1.42809 1.46242 1.48677 1.51084 1.48211 1.45358 1.43125 1.43253 1.45600 1.43475 1.43801 1.45692 1.52145 1.51652 1.44394 1.43468 1.39428 1.39676 1.39699 1.38959 1.38992 1.39434 1.41957 1.38403 1.34042 1.32168 1.31524 1.29336 1.32293 1.29629 1.32633 1.29054 1.18941 1.11180 1.11248 1.12855 1.16475 1.14253 1.17176 1.22778 1.22361 1.23423 1.26072 1.29671 1.37939 1.39058 1.42347 1.49170 1.51535 1.45915 1.39914 1.37543 1.38036 1.33500 1.30105 1.28920 1.28562 1.27940 1.20946 1.12637 1.11914 1.12210 1.10082 1.08649 1.06658 1.04892 0.990952
1.40385 1.42652 1.46291 1.49281 1.47783 1.45214 1.43430 1.44189 1.44922 1.43807 1.43111 1.42911 1.49847 1.52914 1.48890 1.48616 1.44357 1.43087 1.43365 1.41720 1.40751 1.39603 1.40617 1.38447 1.34228 1.30392 1.30187 1.28031 1.30991 1.31762 1.32551 1.27342 1.19569 1.11422 1.11936 1.10715 1.15268 1.14886 1.16132 1.31558 1.32575 1.32489 1.32554 1.35261 1.34318 1.34621 1.38214 1.43304 1.47354 1.42207 1.40344 1.37439 1.37711 1.34286 1.27714 1.27784 1.28829 1.29946 1.27993 1.18805 1.14509 1.14447 1.10805 1.11189 1.09637 1.08899 0.962534
1.32686 1.33137 1.39794 1.43515 1.45871 1.45572 1.42275 1.43555 1.44286 1.45415 1.45013 1.45355 1.50056 1.53131 1.48834 1.46435 1.43011 1.39331 1.39648 1.37650 1.35083 1.33363 1.34793 1.35104 1.32033 1.27064 1.25564 1.23460 1.24063 1.26543 1.28007 1.25276 1.18487 1.13543 1.14938 1.15054 1.20958 1.22309 1.23544 1.29022 1.30644 1.33545 1.38175 1.42056 1.41865 1.42822 1.43454 1.41568 1.46062 1.43788 1.41037 1.39966 1.42066 1.42531 1.36972 1.37771 1.37830 1.37440 1.35389 1.21423 1.10098 1.09722 1.08241 1.11904 1.11129 1.11199 1.04523
1.34734 1.34802 1.40753 1.44359 1.47724 1.47370 1.45054 1.46316 1.46453 1.47249 1.45864 1.48077 1.48739 1.47436 1.41642 1.43508 1.43574 1.40061 1.41076 1.39294 1.34312 1.31121 1.30482 1.29758 1.26463 1.25078 1.24206 1.22601 1.22076 1.22490 1.22827 1.21193 1.17176 1.19385 1.25671 1.29871 1.35295 1.39023 1.36810 1.39740 1.39853 1.38459 1.41289 1.43397 1.46446 1.46211 1.46953 1.48247 1.50277 1.51125 1.47652 1.46212 1.46138 1.45876 1.40282 1.38137 1.37887 1.37117 1.35874 1.23762 1.08030 1.07896 1.06409 1.10571 1.11213 1.11724 1.03327
1.41467 1.39547 1.39261 1.40721 1.44909 1.44394 1.42963 1.43642 1.44871 1.48148 1.49491 1.48850 1.44960 1.41050 1.39046 1.42982 1.42860 1.37528 1.35453 1.32450 1.26234 1.23150 1.21859 1.22179 1.21662 1.21082 1.20897 1.21296 1.22799 1.23124 1.25714 1.26555 1.21911 1.23568 1.29712 1.36550 1.38532 1.41870 1.41502 1.45555 1.48550 1.48325 1.52055 1.55487 1.59245 1.55827 1.54276 1.56811 1.53531 1.52633 1.49102 1.47234 1.44381 1.43885 1.38686 1.33659 1.33064 1.32640 1.32635 1.26329 1.09781 1.07762 1.07081 1.08465 1.09696 1.09910 1.04157
1.47739 1.42577 1.39219 1.37783 1.44118 1.45648 1.45667 1.45451 1.45758 1.47236 1.48939 1.48600 1.45946 1.39046 1.32156 1.32955 1.33082 1.28628 1.25657 1.26128 1.21637 1.18738 1.18909 1.21274 1.22176 1.23772 1.26626 1.26962 1.26958 1.25399 1.26722 1.27269 1.24620 1.24104 1.35187 1.44559 1.43589 1.48920 1.50759 1.53275 1.56079 1.55540 1.56610 1.58596 1.58474 1.54435 1.52276 1.54179 1.50056 1.48158 1.44384 1.41614 1.36246 1.36109 1.34541 1.29187 1.30160 1.30365 1.31342 1.28423 1.12713 1.08731 1.09891 1.13189 1.17239 1.20580 1.23578
1.49800 1.42095 1.41468 1.40627 1.44483 1.46297 1.45529 1.44907 1.45488 1.45348 1.45106 1.43782 1.42026 1.36869 1.27526 1.27574 1.29957 1.26767 1.25691 1.29069 1.26691 1.23898 1.23907 1.23736 1.23528 1.23179 1.26262 1.25294 1.25168 1.22825 1.25548 1.26457 1.23876 1.23086 1.34933 1.47998 1.49658 1.55069 1.57085 1.59100 1.62000 1.62651 1.63724 1.66043 1.64193 1.59872 1.54649 1.52370 1.49855 1.46724 1.46126 1.41307 1.37281 1.36775 1.36837 1.34070 1.35008 1.34955 1.37250 1.47549 1.43136 1.41882 1.46709 1.28357 1.35326 1.43051 1.49228
1.53302 1.41753 1.40522 1.36793 1.40908 1.44510 1.44592 1.45257 1.46366 1.45781 1.45258 1.43158 1.41199 1.36634 1.27425 1.25382 1.29826 1.29798 1.27945 1.30016 1.26595 1.22709 1.20646 1.20178 1.20648 1.19582 1.24218 1.25113 1.25575 1.25513 1.29507 1.34303 1.33646 1.33942 1.40842 1.52090 1.54189 1.58420 1.61551 1.63345 1.64734 1.67238 1.67533 1.66049 1.64294 1.60126 1.57690 1.53718 1.55334 1.52795 1.53736 1.44128 1.40136 1.36306 1.37898 1.49765 1.61208 1.71874 1.80095 1.83601 1.75364 1.61224 1.62216 1.41291 1.40751 1.45725 1.51083
1.57497 1.43646 1.41369 1.37286 1.37573 1.44773 1.46425 1.46676 1.48918 1.49300 1.49023 1.48320 1.47975 1.45354 1.36173 1.30671 1.31835 1.32118 1.28973 1.32462 1.29852 1.26202 1.22900 1.21445 1.21702 1.21935 1.28369 1.33047 1.34980 1.34598 1.34726 1.37149 1.36565 1.36781 1.42479 1.51113 1.54091 1.56801 1.62249 1.66242 1.70652 1.69224 1.69803 1.69461 1.69896 1.67108 1.65318 1.59264 1.60581 1.56128 1.57305 1.59820 1.65606 1.70944 1.78336 1.84624 1.87610 1.89498 1.88813 1.89595 1.84660 1.67361 1.64262 1.50526 1.43551 1.49202 1.55657
1.65632 1.53596 1.53238 1.51382 1.48239 1.52129 1.53633 1.51158 1.53989 1.54570 1.53038 1.50158 1.48292 1.44536 1.38063 1.30539 1.30832 1.32651 1.31000 1.32490 1.31086 1.27460 1.26301 1.29396 1.30318 1.29688 1.33833 1.37736 1.39584 1.40078 1.40320 1.42766 1.42317 1.42498 1.47754 1.58188 1.66960 1.74110 1.80272 1.82466 1.83111 1.79049 1.77102 1.75189 1.74820 1.71470 1.68602 1.68021 1.77530 1.83587 1.90091 1.91977 1.89716 1.86688 1.87326 1.91151 1.96542 1.99375 1.98426 2.00239 1.99983 1.78290 1.67302 1.62469 1.50093 1.55305 1.60696
