High_resolution/powerplant/Shangrao/OMI_NO2_200812.asc
ncols      200
nrows      200
xllcorner       115.451
yllcorner       27.0350
cellsize     0.0166667
NODATA_Value      -999.000
[rows 145 to 173 of 200, columns 0 to 66 of 200]
4.47596 4.78823 4.61630 4.47090 4.45393 4.59243 4.67608 4.67608 4.82728 5.81239 5.07143 4.68602 4.27641 3.46614 3.43899 3.56886 3.76496 3.76496 3.75657 3.65015 3.51587 3.38159 3.24966 3.20546 3.20546 3.19033 3.87660 3.89411 3.83721 3.50716 3.17363 2.87457 2.83170 2.84950 2.88396 2.92266 2.93552 2.94616 2.95839 2.97062 2.98285 2.99510 3.12121 3.55791 3.66938 3.75572 4.00695 4.24172 4.27177 4.29563 4.31948 4.32796 4.30557 4.30915 4.29640 4.74391 5.04114 4.98463 4.93588 4.98705 4.97647 4.87568 4.93239 4.99552 4.94436 4.89114 4.78533
4.30820 4.43812 4.45393 4.45393 4.45393 4.50498 4.60003 4.54032 4.48076 4.42110 4.09074 3.97709 4.00327 3.52142 3.42238 3.34471 3.49354 3.35921 3.23332 3.20546 3.19444 3.16794 3.08903 2.95734 2.82497 2.69492 3.11498 3.37342 3.31643 3.17646 3.00141 2.95038 2.95824 2.97050 2.98272 2.99496 3.00584 3.00756 3.00756 3.00756 3.00803 3.03185 3.13401 3.52475 3.72735 3.82842 4.07162 4.26569 4.29574 4.27205 4.24839 4.23018 4.22897 4.24446 4.24690 4.41337 4.64868 4.57617 4.45685 4.45667 4.49768 4.34730 4.28286 4.16347 4.11900 4.07597 4.02521
3.98203 4.00108 4.03831 3.96859 3.89911 3.86173 4.14567 4.15730 4.15730 4.15730 4.04987 3.81774 3.70001 3.23632 2.90012 2.88094 3.10494 3.01722 2.88560 2.75406 2.63330 2.51898 2.44844 2.43068 2.41397 2.41320 2.64924 3.39030 3.36342 3.27304 3.07315 3.02892 3.00756 3.00756 3.00756 3.00803 3.03185 3.06739 3.10294 3.13848 3.17356 3.18533 3.20633 3.52073 3.78504 3.91774 4.10821 4.23377 4.22897 4.22897 4.21962 4.18973 4.15913 4.11879 4.06913 4.05343 4.09210 4.18019 4.08190 4.09896 4.23505 4.15292 4.13239 4.06037 4.05595 4.05812 4.05550
3.53648 3.60926 3.84869 3.84869 3.84869 3.84869 4.03296 4.00229 3.88994 3.77776 3.62450 3.29932 3.18487 2.96338 2.51915 2.41663 2.43248 2.47067 2.45362 2.43879 2.42567 2.42169 2.42633 2.43097 2.43538 2.43647 2.44065 3.36692 3.38936 3.30268 3.11255 3.07077 3.06739 3.10294 3.13848 3.17356 3.18533 3.18533 3.19121 3.21768 3.24594 3.27420 3.30057 3.49659 3.84043 3.93765 4.04183 4.20083 4.15389 4.10773 4.07088 4.05458 4.03901 4.03185 4.01678 4.01420 4.03120 4.19450 4.09011 4.08623 4.21266 4.18210 4.12739 4.07396 4.03910 4.00492 3.96737
3.53978 3.51220 3.84196 3.85892 3.86186 3.81754 3.64181 3.44316 3.32877 3.21410 3.10464 2.75462 2.74285 2.82268 2.32303 2.32423 2.36627 2.43084 2.43477 2.43647 2.43647 2.43647 2.43647 2.43647 2.43647 2.43647 2.43647 3.18411 3.47784 3.45861 3.33977 3.24180 3.18533 3.18533 3.19749 3.22565 3.25392 3.28213 3.30454 3.30630 3.30630 3.30630 3.30480 3.43465 3.80993 3.97274 4.08651 4.11000 4.03313 4.03397 4.03762 4.04129 4.04494 4.04860 4.03305 3.98552 3.94347 4.03626 4.04661 4.05647 4.08888 4.07282 3.95336 3.88564 3.79999 3.77138 3.74289
3.63431 3.40745 3.42139 3.41081 3.27756 3.19161 3.16460 3.09580 3.07781 3.05804 3.02876 2.72084 2.57916 2.65419 2.25375 2.24610 2.33510 2.43552 2.43647 2.43647 2.43647 2.43647 2.43647 2.43647 2.43647 2.43647 2.43647 2.92792 3.57012 3.55224 3.43336 3.30024 3.26929 3.29013 3.30623 3.30630 3.30630 3.30739 3.34513 3.38100 3.40758 3.43409 3.46197 3.53140 3.81323 3.99542 4.05485 4.13773 3.98031 3.93608 3.89394 3.85187 3.80232 3.74771 3.69954 3.66933 3.65676 3.76832 3.91230 4.00316 3.95243 3.92653 3.78971 3.74193 3.62887 3.60972 3.59392
3.36443 3.05374 2.85269 3.13392 3.11107 3.08821 3.05880 2.97873 2.95184 2.93678 2.93126 2.74545 2.54670 2.60502 2.38848 2.20599 2.32695 2.41433 2.43647 2.43647 2.43647 2.43647 2.43647 2.43647 2.43647 2.43328 2.40156 2.47489 3.60592 3.69683 3.59074 3.37821 3.33233 3.34600 3.40308 3.44315 3.46954 3.48314 3.45262 3.41790 3.37617 3.33392 3.29178 3.27627 3.40436 3.63090 3.68823 3.82379 3.70466 3.68592 3.67336 3.66085 3.65571 3.65571 3.64686 3.60976 3.58689 3.65423 3.78672 3.90198 3.86744 3.79695 3.69626 3.66131 3.59280 3.56411 3.54624
3.34524 2.98499 2.58250 3.01651 3.00694 2.98923 2.97798 2.95307 2.93126 2.93126 2.93126 2.83384 2.54670 2.56007 2.52178 2.17744 2.31535 2.38501 2.43647 2.43647 2.43647 2.43027 2.39545 2.35704 2.31862 2.28339 2.27667 2.27669 3.35622 3.71349 3.62581 3.57054 3.54380 3.43241 3.35960 3.30364 3.26151 3.23105 3.20812 3.19126 3.18203 3.17059 3.15922 3.14783 3.17701 3.48995 3.58862 3.73582 3.68744 3.64429 3.62339 3.60289 3.58240 3.56191 3.54381 3.51503 3.48884 3.51600 3.67105 3.83922 3.84519 3.75884 3.68659 3.61116 3.54984 3.50991 3.50932
3.41956 2.98469 2.64778 2.86761 2.97781 2.97781 2.97781 2.96760 2.93124 2.91837 2.89504 2.85232 2.54909 2.54670 2.62278 2.17709 2.27638 2.34556 2.38933 2.35092 2.31249 2.28027 2.27667 2.27842 2.28147 2.26196 2.23048 2.16887 2.72640 3.26240 3.28113 3.32135 3.32355 3.19084 3.18192 3.17055 3.15915 3.14772 3.13628 3.12533 3.12244 3.12244 3.12244 3.12216 3.13444 3.36362 3.50519 3.57191 3.66945 3.55226 3.53657 3.51852 3.50050 3.48246 3.47085 3.46556 3.45106 3.44077 3.62597 3.74992 3.78092 3.71003 3.64523 3.53412 3.50726 3.49993 3.49832
3.33381 3.02598 2.68671 2.62784 2.86228 2.83494 2.80772 2.78036 2.74010 2.72821 2.72821 2.72821 2.58612 2.53162 2.57679 2.16646 2.10616 2.17002 2.24922 2.22679 2.19555 2.16399 2.13244 2.09068 1.93224 1.75996 1.59952 1.46892 1.81465 2.96906 3.18918 3.37484 3.28354 3.14952 3.12244 3.12244 3.12244 3.12244 3.12216 3.10975 3.09094 3.07213 3.05333 3.03480 3.04323 3.19775 3.38521 3.42326 3.56273 3.42783 3.47064 3.47064 3.47057 3.45200 3.41921 3.38610 3.36052 3.32916 3.48361 3.59994 3.66908 3.61724 3.58312 3.47496 3.47425 3.53268 3.57464
2.58814 2.81330 2.56347 2.29079 2.73868 2.74091 2.74091 2.74091 2.73284 2.71024 2.67572 2.60990 2.41790 2.24751 2.27095 2.11030 1.96401 2.10184 2.07761 2.05260 1.96636 1.80603 1.63802 1.46366 1.40259 1.37833 1.35247 1.32532 1.34230 2.93520 3.19237 3.46245 3.26994 3.18533 3.10994 3.09113 3.07232 3.05340 3.03480 3.02841 3.02841 3.01424 2.97393 2.93305 2.89712 2.94069 3.22920 3.32792 3.50229 3.38042 3.42415 3.37287 3.31326 3.27220 3.24534 3.21857 3.22426 3.23337 3.36177 3.46629 3.55508 3.47739 3.35067 3.52800 3.65303 3.66099 3.61750
2.35806 2.92955 2.62297 2.27409 2.61471 2.65854 2.60600 2.55352 2.48163 2.39299 2.39186 2.42205 2.39685 2.28269 2.29116 2.24423 1.95701 1.92415 1.71499 1.46481 1.35715 1.32986 1.31566 1.31566 1.31566 1.31566 1.31566 1.31566 1.31566 2.50621 3.11375 3.33125 3.23928 3.13684 3.02841 3.02841 3.02813 3.00311 2.96226 2.92138 2.88050 2.85382 2.85324 2.85324 2.85324 2.87866 3.10537 3.15618 3.21894 3.19615 3.19879 3.20715 3.18906 3.13717 3.08442 3.03168 2.98810 2.95249 2.90420 2.87266 2.93976 2.90465 2.80538 2.94675 3.12876 3.11548 3.13372
2.31186 2.56843 2.21119 1.95930 2.18242 2.50763 2.55699 2.60631 2.63297 2.51246 2.50850 2.51157 2.48224 2.14872 1.99224 1.86076 1.43538 1.43219 1.41083 1.31566 1.31566 1.31566 1.31566 1.31566 1.31566 1.31566 1.31566 1.31566 1.31566 2.00021 2.99485 3.19146 3.25756 3.13018 2.95273 2.90970 2.86911 2.85324 2.85324 2.85324 2.85186 2.81667 2.74515 2.66995 2.59445 2.55430 2.75662 2.96699 3.06319 3.03571 2.92628 2.91340 2.87672 2.87390 2.87188 2.87663 2.89218 2.93025 2.93850 2.89883 2.85028 2.84035 2.73562 2.73866 2.96391 2.90431 2.86608
2.38147 2.44539 2.25410 2.16923 2.20779 2.64647 2.65072 2.65496 2.65683 2.46500 2.29817 2.16131 2.03848 1.76742 1.71881 1.75343 1.49037 1.43092 1.43338 1.32456 1.31566 1.31566 1.31566 1.31566 1.31566 1.31566 1.31566 1.31566 1.31858 1.53567 2.91252 2.95689 3.11894 2.99911 2.88547 2.85197 2.82170 2.77735 2.70891 2.63356 2.56848 2.54817 2.56340 2.56946 2.57117 2.60363 2.76588 3.01941 3.10091 2.97098 2.82390 2.90694 2.92296 2.93897 2.95500 2.96424 2.96429 2.92317 2.79368 2.63413 2.46991 2.31001 2.18477 2.42331 2.75050 2.77374 2.80287
2.59005 2.57560 2.39384 2.24362 2.13875 2.53483 2.44579 2.28546 2.12763 2.04878 2.01858 2.01858 2.01858 1.84373 1.71881 1.72820 1.58593 1.42981 1.43429 1.35503 1.31566 1.31566 1.31566 1.31566 1.32024 1.33496 1.35005 1.36515 1.37732 1.37840 2.68861 2.84808 3.03463 2.88207 2.75186 2.62342 2.58134 2.55220 2.54684 2.54852 2.54151 2.52359 2.50672 2.52191 2.55289 2.60537 2.78727 3.12843 3.18898 3.13702 2.88694 2.95745 2.88235 2.74567 2.60893 2.47232 2.33551 2.27120 2.28741 2.30359 2.28884 2.22914 2.21498 2.32926 2.64617 2.73491 2.73612
2.59005 2.58795 2.48663 2.26223 2.16174 2.10137 2.07282 2.07282 2.07282 2.06593 2.01871 2.01858 2.01674 1.88719 1.71881 1.71881 1.66543 1.42950 1.43322 1.38649 1.32227 1.33733 1.35243 1.36751 1.37802 1.37840 1.35610 1.31355 1.28360 1.27880 2.22588 2.74042 2.79371 2.70234 2.60863 2.50310 2.50236 2.52191 2.55289 2.58390 2.61491 2.64590 2.67661 2.68806 2.68806 2.68811 2.82779 3.01418 2.95011 2.79228 2.42648 2.28395 2.25919 2.26037 2.26178 2.26319 2.26460 2.26852 2.29149 2.29962 2.29214 2.19795 2.17963 2.19273 2.52543 2.74995 2.79007
2.59005 2.59005 2.55445 2.28420 2.14827 2.00661 1.90318 1.83494 1.76652 1.69834 1.63745 1.58052 1.52372 1.53436 1.71881 1.71886 1.74150 1.45091 1.46766 1.47212 1.37837 1.36908 1.34668 1.34066 1.33671 1.33279 1.35346 1.40295 1.44059 1.45302 1.93830 2.83762 2.65629 2.68153 2.73405 2.65055 2.67661 2.68806 2.68806 2.68806 2.68806 2.68838 2.69731 2.71014 2.72293 2.73568 2.84868 2.70361 2.49647 2.56207 2.42293 2.31175 2.26507 2.26531 2.26531 2.26614 2.27736 2.29168 2.25132 2.24776 2.29570 2.26196 2.27407 2.27052 2.59476 2.87997 2.87926
1.52139 1.31613 1.38076 1.42189 1.38402 1.42421 1.47170 1.47633 1.47633 1.47633 1.49341 1.50765 1.51540 1.52647 1.73147 1.76912 1.79475 1.51167 1.39732 1.32573 1.36523 1.39603 1.41523 1.42646 1.43809 1.44765 1.45133 1.44689 1.44203 1.43746 1.47999 2.66568 2.50309 2.58921 2.80387 2.72151 2.68836 2.69718 2.70993 2.72275 2.73555 2.74798 2.75181 2.75184 2.78786 2.85903 3.00297 3.09887 2.75911 2.78001 2.65202 2.39449 2.27595 2.29014 2.32962 2.37808 2.41615 2.45110 2.43338 2.39776 2.40459 2.36119 2.32785 2.29228 2.50644 2.74356 2.72612
0.800589 0.800589 0.981335 1.36037 1.36923 1.42190 1.45699 1.47657 1.47351 1.46928 1.48263 1.54353 1.51542 1.48386 1.58075 1.61464 1.57599 1.32711 1.19654 1.16532 1.33082 1.43540 1.44070 1.43828 1.43392 1.43135 1.43131 1.43131 1.43131 1.43131 1.43131 2.42170 2.53015 2.56844 2.79405 2.80111 2.74788 2.75181 2.75181 2.75529 2.80804 2.88066 2.95864 3.04258 3.08395 3.08395 3.11076 3.26384 2.81004 2.80181 2.76294 2.59465 2.49069 2.49046 2.50027 2.50176 2.50870 2.51613 2.50231 2.42813 2.42790 2.40916 2.34773 2.33601 2.41527 2.62946 2.66002
0.800589 0.800589 0.822819 1.35579 1.37768 1.40732 1.39875 1.39968 1.36548 1.33196 1.29919 1.36973 1.37827 1.37757 1.44411 1.54720 1.54370 1.39305 1.16661 1.20041 1.28831 1.43131 1.43131 1.43131 1.43131 1.43131 1.43131 1.43131 1.43131 1.43131 1.43131 2.09095 2.65540 2.58302 2.76388 2.86311 2.82859 2.90273 2.98238 3.06352 3.08395 3.08395 3.08395 3.08391 3.08857 3.10414 3.12025 3.30027 2.99903 2.82626 2.79594 2.71859 2.61315 2.53339 2.55941 2.59227 2.62068 2.64969 2.68001 2.61114 2.60377 2.59412 2.35367 2.35296 2.31700 2.55958 2.58505
0.851721 0.897334 0.932950 1.27715 1.36626 1.28623 1.20461 1.27433 1.27260 1.26151 1.25041 1.30225 1.33637 1.33426 1.37288 1.53066 1.53089 1.47740 1.16183 1.18574 1.23192 1.42992 1.43131 1.43131 1.43131 1.43131 1.43131 1.43131 1.43131 1.43131 1.43131 1.67174 2.76019 2.72431 2.94043 3.21860 3.09427 3.08395 3.08391 3.08332 3.08565 3.10031 3.11623 3.12647 3.11979 3.10180 3.10643 3.25778 3.14312 2.83844 2.89408 2.97149 2.93045 2.76794 2.78060 2.78351 2.78642 2.78934 2.79158 2.71986 2.62569 2.54791 2.29263 2.20382 2.08224 2.32801 2.43488
0.950426 0.950100 0.946761 1.17028 1.33630 1.28000 1.14746 1.19363 1.22137 1.22967 1.23798 1.27742 1.34624 1.34624 1.34855 1.52030 1.53089 1.52156 1.21308 1.17143 1.21433 1.38972 1.43131 1.43131 1.43131 1.43131 1.43131 1.42604 1.41583 1.40563 1.39542 1.38946 2.64876 2.86727 2.92498 3.19915 3.13002 3.09075 3.08972 3.13326 3.20009 3.25710 3.31550 3.38330 3.46861 3.55889 3.59628 3.54005 3.42283 2.83646 3.05485 3.09602 3.06658 2.81518 2.79148 2.75699 2.69829 2.63947 2.58077 2.48674 2.37259 2.37210 2.24055 2.15018 2.10250 2.24969 2.43318
0.909292 0.946658 0.946658 1.06136 1.32304 1.27191 1.13972 1.17168 1.24632 1.24632 1.24632 1.25133 1.34362 1.34624 1.34624 1.47499 1.53089 1.53089 1.29914 1.16087 1.21058 1.33193 1.43116 1.42441 1.41420 1.40400 1.39379 1.38886 1.38880 1.38017 1.36550 1.36631 2.27819 2.97953 3.17075 3.72975 3.78320 3.50022 3.59041 3.62328 3.59665 3.53891 3.48127 3.42388 3.36611 3.30851 3.27661 3.27650 3.27650 2.77407 2.95169 2.96346 2.88485 2.65158 2.51311 2.49022 2.49759 2.50563 2.51368 2.51759 2.40928 2.39159 2.30792 2.14652 2.12996 2.13433 2.38193
0.888836 0.946658 0.946658 0.957856 1.33132 1.27385 1.17409 1.13566 1.25969 1.28673 1.31087 1.33505 1.43172 1.48326 1.50742 1.53096 1.53089 1.53089 1.39411 1.15179 1.17809 1.24517 1.39232 1.38886 1.38456 1.38223 1.37432 1.38628 1.41077 1.44521 1.48697 1.51383 2.09985 3.49659 3.73806 4.09761 4.15744 3.42270 3.36493 3.30726 3.27654 3.27650 3.27650 3.27650 3.26978 3.12035 2.91352 2.70669 2.49986 2.32074 2.53848 2.68205 2.64442 2.54598 2.51699 2.52367 2.52436 2.52436 2.51773 2.48727 2.40639 2.36969 2.32652 2.09234 2.06724 1.98107 2.24308
0.996078 1.08188 1.13825 1.19462 1.50477 1.51547 1.44513 1.36459 1.43555 1.45713 1.45713 1.45713 1.49991 1.55705 1.55597 1.54210 1.51052 1.50072 1.45062 1.13413 1.15834 1.20913 1.39093 1.41407 1.44792 1.47719 1.50731 1.51681 1.51183 1.49802 1.48447 1.47091 1.56884 3.22579 3.64284 3.77431 4.03887 3.35085 3.27650 3.26978 3.12035 2.91352 2.70669 2.49986 2.29976 2.24236 2.24145 2.21432 2.17771 2.15839 2.27849 2.47606 2.51018 2.48359 2.52006 2.49318 2.45960 2.40415 2.34616 2.31200 2.26896 2.22655 2.22101 2.03926 2.00646 1.93338 2.20888
1.43042 1.44559 1.43855 1.43855 1.58998 1.63590 1.54331 1.37447 1.41013 1.45713 1.46025 1.47792 1.50561 1.53567 1.53144 1.52604 1.49065 1.48338 1.47633 1.27061 1.27361 1.35888 1.47351 1.50284 1.48807 1.47355 1.45992 1.44637 1.43656 1.43612 1.43612 1.43612 1.43612 2.77451 3.59971 3.52475 3.51684 2.91419 2.49986 2.29976 2.24236 2.24236 2.23732 2.20341 2.16776 2.13502 2.10547 2.09655 2.09655 2.09812 2.17125 2.45015 2.46969 2.34398 2.30105 2.27521 2.24415 2.23500 2.23740 2.26034 2.28549 2.27347 2.25578 2.13574 2.06412 2.02296 2.13656
1.37335 1.46219 1.43855 1.43855 1.51438 1.68454 1.58060 1.43421 1.43853 1.53246 1.54729 1.54182 1.53446 1.52144 1.51658 1.53459 1.53661 1.56796 1.60564 1.50294 1.42888 1.35399 1.37536 1.43612 1.43612 1.43612 1.43612 1.43612 1.43612 1.43612 1.43612 1.43612 1.43612 1.96292 2.36566 2.36270 2.61930 2.54594 2.22991 2.19284 2.15804 2.12607 2.10013 2.09655 2.09655 2.09655 2.09785 2.09763 2.08921 2.08082 2.10970 2.40748 2.49832 2.32644 2.26959 2.32066 2.34827 2.37592 2.40118 2.40587 2.40587 2.36560 2.21919 2.14736 2.05187 2.03384 2.03524
1.31191 1.47687 1.44753 1.53859 1.67257 1.95724 1.83648 1.63536 1.46746 1.50700 1.51651 1.52489 1.54527 1.61612 1.65026 1.66823 1.68272 1.68556 1.68520 1.61905 1.47325 1.38290 1.34691 1.43612 1.43612 1.43612 1.43612 1.43612 1.43612 1.43612 1.43612 1.43612 1.43612 1.62244 2.25543 2.26748 2.35979 2.47119 2.09815 2.09655 2.09655 2.09799 2.11700 2.12764 2.11934 2.11092 2.11114 2.15318 2.21091 2.27235 2.36262 2.67949 2.88047 2.55731 2.36997 2.40087 2.38038 2.35883 2.33725 2.31568 2.29409 2.26146 2.13500 2.07087 1.90022 1.83023 1.71750
2.14645 2.13376 1.91616 1.90790 1.87861 1.98178 1.91190 1.77304 1.51660 1.56968 1.61996 1.63124 1.63046 1.67003 1.68881 1.68879 1.68780 1.68520 1.68520 1.66773 1.47467 1.42174 1.32777 1.42792 1.43612 1.43612 1.43612 1.43612 1.43612 1.43643 1.44567 1.45903 1.47237 1.49350 2.20912 2.15538 2.20822 2.47577 2.19854 2.15668 2.15994 2.20224 2.23246 2.27359 2.33830 2.40783 2.46792 2.47366 2.47366 2.49449 2.56876 2.74709 2.84071 2.57301 2.24658 2.26781 2.27200 2.27113 2.21239 2.11925 2.02607 1.92833 1.77093 1.72725 1.68424 1.69138 1.64850
