High_resolution/powerplant/Shangrao/OMI_NO2_200606.asc
ncols      200
nrows      200
xllcorner       115.451
yllcorner       27.0350
cellsize     0.0166667
NODATA_Value      -999.000
[rows 60 to 89 of 175, columns 66 to 131 of 200]
2.25065 2.25065 2.25065 2.25065 2.25065 2.20249 2.19631 2.55719 2.86299 2.86299 2.86273 2.56326 2.23549 2.22523 2.21705 2.21107 1.98120 1.82156 1.81715 1.81675 1.81675 1.81675 1.73796 1.49530 1.44180 1.41144 1.38111 1.33206 1.28271 1.34142 1.42706 1.42706 1.42706 1.42706 1.42706 1.42706 1.42706 1.44924 1.70729 1.82630 1.86246 2.00461 2.01375 2.06344 2.06702 2.07059 2.07397 2.07479 2.02774 1.97310 1.97310 1.97310 1.95360 1.94237 1.91200 1.88652 1.89720 1.92701 1.98476 1.84203 1.77538 1.70466 1.63246 1.61639 1.61462 1.60816
2.25065 2.25065 2.25065 2.25065 2.25065 2.21744 2.19488 2.38526 2.76749 2.70498 2.63627 2.37694 2.17723 2.19541 2.19541 2.19541 2.08584 1.81661 1.81145 1.77711 1.68633 1.59938 1.50341 1.29753 1.31287 1.31287 1.31287 1.30466 1.27423 1.30724 1.42706 1.42706 1.42706 1.42706 1.42706 1.42706 1.42706 1.42706 1.62324 1.83125 1.83602 2.00101 2.01967 2.06818 2.05516 2.02556 1.99597 1.95837 1.89195 1.79495 1.76073 1.72072 1.68844 1.66785 1.65483 1.89493 1.90723 1.88478 1.79806 1.54551 1.53908 1.53264 1.52691 1.52602 1.52602 1.52602
2.25065 2.24908 2.21112 2.15618 2.10103 2.03945 1.97860 2.04568 2.41369 2.48902 2.48902 2.37176 2.11393 2.14494 2.11831 2.03207 1.92969 1.56036 1.47069 1.41726 1.41536 1.41536 1.41504 1.27290 1.31287 1.31287 1.31287 1.31245 1.27691 1.27792 1.42217 1.42706 1.42649 1.41516 1.40776 1.41164 1.41609 1.42054 1.50360 1.58582 1.53251 1.60029 1.62077 1.61011 1.60454 1.58265 1.55944 1.54412 1.53858 1.58474 1.57868 1.57309 1.56194 1.58047 1.56463 1.71503 1.79302 1.79202 1.82678 1.53299 1.52602 1.52602 1.52602 1.52602 1.52593 1.51819
2.02265 1.96897 1.95179 1.95147 1.95590 1.97181 1.97743 2.03462 2.31986 2.34206 2.27099 2.17080 1.81371 1.79772 1.72945 1.71829 1.71829 1.51161 1.41536 1.41595 1.42004 1.42472 1.42938 1.32403 1.32611 1.34301 1.35472 1.36660 1.35259 1.35194 1.31059 1.29284 1.29788 1.31363 1.32546 1.32602 1.32602 1.32602 1.35940 1.38051 1.33023 1.39028 1.50461 1.51176 1.52151 1.52021 1.51601 1.49806 1.47906 1.50594 1.49808 1.48338 1.48242 1.53083 1.53572 1.63875 1.79202 1.79194 1.82678 1.60102 1.48020 1.46289 1.44362 1.42202 1.39788 1.38782
1.99917 2.01593 2.03270 2.04948 2.06181 2.05795 1.98152 1.88244 2.00399 1.92536 1.87540 1.85344 1.68968 1.74573 1.75562 1.76030 1.76027 1.63087 1.43537 1.42335 1.40861 1.39396 1.37989 1.35689 1.40228 1.44026 1.45029 1.46291 1.46010 1.44930 1.38406 1.32602 1.32601 1.32482 1.32285 1.32089 1.31892 1.31696 1.31586 1.39113 1.32228 1.33773 1.47768 1.46118 1.45996 1.44104 1.42624 1.42517 1.42517 1.45850 1.48238 1.48238 1.48238 1.50232 1.50391 1.54847 1.78974 1.78944 1.77959 1.61075 1.38782 1.38782 1.38782 1.38782 1.38782 1.38782
1.94157 1.91356 1.88587 1.86045 1.83693 1.81600 1.69350 1.52323 1.62461 1.64951 1.62911 1.60949 1.59256 1.62612 1.63108 1.61293 1.59876 1.57606 1.34751 1.34508 1.34508 1.34635 1.35551 1.36516 1.42319 1.48937 1.49213 1.48303 1.45645 1.44869 1.40584 1.31729 1.31534 1.31457 1.31457 1.31457 1.31581 1.32537 1.33653 1.41297 1.36651 1.37540 1.39901 1.40555 1.42157 1.42517 1.42517 1.42517 1.42517 1.44593 1.48238 1.48238 1.48238 1.48093 1.43842 1.37684 1.59274 1.52602 1.47422 1.44978 1.38782 1.38782 1.38782 1.38782 1.38782 1.38782
1.81542 1.83705 1.85930 1.88155 1.90382 1.92609 1.92074 1.70270 1.61953 1.52332 1.52437 1.52437 1.52545 1.55578 1.59752 1.59752 1.59752 1.58899 1.39940 1.36764 1.37816 1.38476 1.36893 1.34936 1.34300 1.39591 1.37530 1.36114 1.36098 1.43063 1.42960 1.31513 1.32352 1.33466 1.34581 1.36118 1.38288 1.39578 1.40584 1.41579 1.38269 1.37613 1.39065 1.40555 1.41632 1.42517 1.42517 1.42517 1.42517 1.42573 1.42092 1.35311 1.27783 1.19622 1.16913 1.16913 1.37608 1.47410 1.47410 1.46752 1.38782 1.38782 1.38782 1.38782 1.38782 1.38796
1.97381 1.97381 1.97381 1.97381 1.97381 1.97381 1.97381 1.75735 1.66489 1.52223 1.52437 1.52437 1.52476 1.52742 1.54568 1.49982 1.44156 1.38512 1.35061 1.31779 1.29841 1.28166 1.27947 1.27947 1.27975 1.33914 1.36108 1.36807 1.38390 1.45227 1.50343 1.41954 1.41749 1.42722 1.43648 1.44243 1.44258 1.44258 1.44258 1.39099 1.41082 1.37613 1.38232 1.40555 1.41107 1.40654 1.34210 1.26913 1.18817 1.10970 1.16348 1.16913 1.16913 1.16913 1.16913 1.16913 1.30034 1.47410 1.47410 1.48174 1.43205 1.49920 1.58019 1.68000 1.80598 1.96949
1.97381 1.97381 1.97381 1.97381 1.97381 1.97381 1.97381 1.83494 1.70242 1.51903 1.47891 1.46260 1.44786 1.44494 1.35581 1.31154 1.30473 1.30473 1.30061 1.27947 1.27947 1.27910 1.28884 1.31608 1.36455 1.44613 1.46444 1.47631 1.48119 1.50295 1.54881 1.47981 1.44258 1.44258 1.44258 1.44258 1.44258 1.44258 1.44258 1.40472 1.40506 1.34025 1.27013 1.22273 1.14169 1.09935 1.09761 1.09772 1.10920 1.12819 1.19750 1.23762 1.25922 1.28568 1.31250 1.33938 1.39912 1.52992 1.54051 1.54887 2.13200 2.33822 2.36844 2.39843 2.42860 2.45877
1.97381 1.97381 1.97381 1.97381 1.97423 1.98377 1.97150 1.89530 1.67445 1.53247 1.50816 1.50983 1.50983 1.51184 1.39067 1.30348 1.30240 1.30587 1.33062 1.33643 1.36030 1.38814 1.40588 1.40612 1.42079 1.50303 1.48126 1.48126 1.48126 1.48561 1.54796 1.50356 1.44258 1.44258 1.44258 1.44258 1.44222 1.43096 1.41196 1.36313 1.22314 1.09737 1.11576 1.15779 1.18928 1.22594 1.25059 1.26884 1.27605 1.27590 1.36491 1.46866 1.47396 1.47448 1.47100 1.45647 1.44676 1.56798 1.55063 1.53528 1.91405 2.53058 2.53058 2.53058 2.53058 2.53058
2.00902 2.02863 2.01610 2.00115 1.98614 1.96162 1.95927 1.95756 1.72840 1.63607 1.52413 1.50552 1.50538 1.52636 1.49039 1.37610 1.40466 1.42868 1.43139 1.41741 1.40612 1.40612 1.40612 1.40612 1.40834 1.50666 1.50397 1.50888 1.51752 1.52215 1.57387 1.55512 1.40452 1.38133 1.35475 1.32821 1.30200 1.28671 1.27914 1.27317 1.17047 1.21056 1.22436 1.25680 1.29961 1.29914 1.27575 1.27618 1.27631 1.27276 1.31046 1.44145 1.42628 1.41111 1.39949 1.39874 1.39874 1.50039 1.53434 1.53434 1.70016 2.53058 2.53058 2.53058 2.53058 2.53058
1.99592 1.97101 1.98786 2.00678 2.02571 2.04463 2.06354 2.08093 1.92025 1.81193 1.64214 1.60053 1.62363 1.63120 1.65420 1.47020 1.47542 1.48406 1.49267 1.49500 1.48996 1.51295 1.53606 1.55922 1.58023 1.57663 1.53852 1.51771 1.50580 1.48564 1.50398 1.51643 1.29094 1.27869 1.27869 1.27869 1.28451 1.29730 1.31014 1.32294 1.26265 1.30100 1.32445 1.32753 1.35750 1.32557 1.24331 1.22813 1.21296 1.20124 1.21088 1.39662 1.39874 1.39173 1.36803 1.38925 1.39874 1.46583 1.53434 1.53434 1.57039 2.51993 2.53058 2.53058 2.53058 2.53058
2.07003 2.07389 2.06850 2.06209 2.04909 2.03494 2.02077 2.00659 1.96273 1.89121 1.68529 1.57553 1.58811 1.60716 1.79044 1.65048 1.61701 1.63151 1.64604 1.66012 1.64626 1.64463 1.64463 1.64463 1.64116 1.57513 1.48510 1.45052 1.43628 1.43429 1.45461 1.51826 1.36268 1.32075 1.33358 1.34638 1.35339 1.35341 1.35341 1.35099 1.28753 1.24686 1.24346 1.21664 1.26762 1.28437 1.19509 1.17166 1.15505 1.13947 1.12477 1.24770 1.25987 1.24761 1.24707 1.33613 1.39874 1.43568 1.53434 1.53434 1.53434 2.13281 2.53058 2.53058 2.53058 2.53058
2.00627 1.99748 1.98868 1.97029 1.94849 1.92787 1.90725 1.88662 1.85859 1.75284 1.79244 1.70642 1.69901 1.69901 1.83631 1.77454 1.66989 1.66989 1.66989 1.66989 1.64859 1.62339 1.60707 1.59073 1.57899 1.56547 1.48367 1.47315 1.48515 1.49813 1.50890 1.57329 1.45813 1.35341 1.35225 1.33800 1.32013 1.30225 1.28386 1.26248 1.22146 1.13415 1.12904 1.11480 1.13982 1.16221 1.11060 1.08843 1.08843 1.08843 1.08843 1.18361 1.24707 1.24707 1.24707 1.29845 1.39874 1.40916 1.53423 1.53434 1.53434 1.81571 2.53058 2.53058 2.53058 2.53058
1.85793 1.83858 1.81792 1.80788 1.80788 1.80788 1.80788 1.80788 1.80788 1.73501 1.77323 1.73902 1.69901 1.69901 1.79576 1.83117 1.66489 1.65043 1.63580 1.62848 1.62002 1.61025 1.62324 1.63622 1.64810 1.64911 1.53829 1.51518 1.50772 1.50735 1.49515 1.52497 1.45260 1.27272 1.24858 1.23753 1.23013 1.22272 1.21581 1.21432 1.20667 1.07984 1.09198 1.08375 1.10006 1.15637 1.12880 1.08843 1.08843 1.08843 1.08843 1.14854 1.24707 1.24707 1.24707 1.26487 1.39874 1.39874 1.51115 1.53434 1.53434 1.63973 2.53017 2.36490 2.12481 1.93947
1.79155 1.80788 1.80788 1.80788 1.80788 1.80788 1.80788 1.80788 1.80788 1.76209 1.74595 1.77186 1.69355 1.67429 1.69336 1.77439 1.65397 1.66556 1.67852 1.68417 1.68226 1.65111 1.65033 1.65033 1.64770 1.63911 1.56952 1.51208 1.41439 1.38946 1.37637 1.39955 1.41849 1.21475 1.21432 1.21432 1.21432 1.21432 1.21432 1.21432 1.21432 1.10191 1.10022 1.08375 1.08464 1.15116 1.14702 1.08843 1.08843 1.08843 1.08843 1.11352 1.24966 1.25387 1.25808 1.26235 1.40225 1.40164 1.39242 1.34460 1.26557 1.18988 1.54902 2.10285 2.60160 3.02654
1.77193 1.80788 1.80788 1.80788 1.80788 1.80788 1.80788 1.80776 1.78758 1.73018 1.62254 1.66664 1.52917 1.50969 1.52397 1.68679 1.68509 1.68310 1.66527 1.64180 1.62353 1.59730 1.58758 1.58736 1.59016 1.60134 1.57791 1.55558 1.36867 1.36863 1.36863 1.37981 1.43748 1.24565 1.21432 1.21432 1.21432 1.21432 1.21432 1.21487 1.22045 1.15086 1.11758 1.08365 1.07961 1.12320 1.14412 1.08099 1.06807 1.06403 1.05980 1.03628 1.08564 1.04292 0.995625 0.948470 0.939740 0.944385 0.956441 0.961457 1.01485 1.06824 2.80525 3.55052 3.55052 3.55052
1.75023 1.80788 1.80400 1.78214 1.75170 1.71296 1.67421 1.63557 1.61701 1.61644 1.53229 1.60710 1.48377 1.44614 1.42272 1.55461 1.57265 1.57124 1.59014 1.61719 1.64013 1.62465 1.60136 1.60136 1.60136 1.60136 1.57823 1.58988 1.39756 1.36294 1.35102 1.33922 1.38855 1.26198 1.19630 1.20510 1.21896 1.23352 1.24803 1.26203 1.27100 1.23839 1.12869 1.01223 1.00737 1.03077 1.06956 0.981061 0.889518 0.855476 0.821617 0.807833 0.863115 0.912374 0.944419 0.976464 1.04002 1.12991 1.12860 1.10941 1.10941 1.10941 2.12720 3.55052 3.52520 3.42819
1.72549 1.68104 1.64221 1.62528 1.61471 1.60562 1.59612 1.58661 1.57710 1.56760 1.50011 1.53462 1.45223 1.38866 1.40718 1.56105 1.63961 1.62251 1.60821 1.59396 1.57970 1.56039 1.51058 1.49625 1.47676 1.45348 1.42592 1.46711 1.37248 1.29977 1.31440 1.33069 1.39453 1.36453 1.27284 1.27861 1.27929 1.27929 1.27929 1.27725 1.27162 1.25906 1.11774 1.01702 0.970810 0.974282 1.03981 0.970856 0.847335 0.879379 0.911424 0.943468 0.999390 1.03319 1.03319 1.03319 1.04665 1.12966 1.12764 1.10677 1.10327 1.10194 1.36850 2.98029 2.93246 2.92952
1.63027 1.59266 1.57143 1.56192 1.55796 1.56561 1.56964 1.55643 1.54119 1.52594 1.54470 1.68082 1.67396 1.52231 1.53207 1.50846 1.45011 1.43797 1.42851 1.41947 1.41048 1.40145 1.35915 1.34283 1.33906 1.33906 1.33906 1.48638 1.50961 1.36610 1.37290 1.37802 1.40240 1.41382 1.27264 1.26694 1.26125 1.25554 1.24985 1.24618 1.24611 1.24611 1.13904 1.07225 1.02459 1.05166 1.15637 1.18150 0.969907 0.976416 1.01169 1.04915 1.10473 1.18899 1.22649 1.26387 1.29916 1.13845 1.11841 1.10574 1.09869 1.09869 1.09901 2.66962 2.92952 2.92952
1.66920 1.65799 1.62370 1.60844 1.58991 1.56658 1.54753 1.54977 1.55541 1.56105 1.57399 1.71999 1.72471 1.48445 1.47544 1.45360 1.38311 1.38107 1.37967 1.37967 1.37967 1.37967 1.35872 1.34320 1.35137 1.35953 1.36769 1.45900 1.57741 1.35602 1.33235 1.31601 1.30967 1.41117 1.25375 1.24611 1.24611 1.24834 1.26743 1.28999 1.31258 1.33514 1.28912 1.24051 1.19270 1.22983 1.32041 1.40648 1.25748 1.24075 1.24281 1.24281 1.24707 1.30751 1.30788 1.30788 1.30788 1.18567 1.11841 1.11048 1.09869 1.09869 1.09869 2.15839 2.92952 2.92952
1.66779 1.60333 1.56880 1.57438 1.58001 1.58565 1.59106 1.59249 1.59249 1.59249 1.59249 1.69853 1.73989 1.49921 1.46905 1.46814 1.38782 1.38201 1.37975 1.40747 1.45753 1.50759 1.50693 1.34474 1.32511 1.30550 1.28589 1.29737 1.49083 1.33916 1.28632 1.28632 1.28722 1.40746 1.32884 1.31054 1.33592 1.35909 1.36538 1.36819 1.37101 1.37382 1.39336 1.43436 1.38473 1.37330 1.39766 1.47516 1.35061 1.24281 1.24281 1.24281 1.24281 1.29750 1.30788 1.30788 1.30788 1.23304 1.11841 1.11475 1.09869 1.09869 1.09869 1.64696 2.92952 2.92933
1.73328 1.63272 1.59836 1.59249 1.59249 1.59249 1.59249 1.59249 1.59249 1.59249 1.59249 1.65464 1.73996 1.56886 1.46925 1.49879 1.48654 1.51532 1.52070 1.52171 1.50209 1.48247 1.47020 1.28257 1.26256 1.26256 1.26256 1.26471 1.45404 1.40375 1.35296 1.37836 1.40283 1.48057 1.45369 1.37527 1.37527 1.37527 1.37527 1.37527 1.37527 1.37527 1.37814 1.43695 1.40082 1.37330 1.37503 1.46904 1.41242 1.24281 1.24281 1.24281 1.24281 1.28323 1.30788 1.30790 1.30934 1.28429 1.12445 1.12641 1.02703 1.00324 0.987541 1.06848 2.66904 2.64735
1.79484 1.63272 1.60855 1.59249 1.59249 1.59249 1.59249 1.59249 1.59249 1.59249 1.59284 1.64338 1.82538 1.77675 1.65947 1.68249 1.64149 1.59898 1.49981 1.47146 1.47146 1.47453 1.48123 1.35703 1.27326 1.27028 1.26753 1.26493 1.37264 1.43314 1.41548 1.41547 1.41547 1.45024 1.49223 1.37527 1.37527 1.37527 1.37527 1.37527 1.37527 1.37527 1.37306 1.41425 1.39602 1.37330 1.37409 1.44504 1.47902 1.27624 1.28305 1.29718 1.31130 1.32126 1.30327 1.30008 1.29544 1.28983 1.11548 1.08950 0.939838 0.879628 0.866012 0.854909 1.34610 1.20243
1.83299 1.65615 1.61980 1.59249 1.59249 1.59274 1.59517 1.62462 1.66842 1.71222 1.75568 1.77268 1.93166 1.92431 1.68702 1.69350 1.67649 1.62096 1.56114 1.48895 1.47741 1.46403 1.44851 1.38463 1.26350 1.26350 1.26350 1.26350 1.32933 1.43589 1.41856 1.41547 1.41547 1.41999 1.52567 1.39281 1.40258 1.41383 1.42312 1.42546 1.42774 1.43037 1.43587 1.50006 1.53145 1.53320 1.54655 1.59835 1.65119 1.47740 1.42750 1.42519 1.42288 1.39293 1.26632 1.26334 1.25314 1.24269 1.11052 1.03235 0.927340 0.835798 0.835798 0.835798 1.05019 1.19010
1.83349 1.71722 1.63197 1.63016 1.67311 1.71665 1.75804 1.77102 1.75745 1.74095 1.72444 1.70793 1.78457 1.83877 1.72576 1.68604 1.65672 1.56445 1.52184 1.43758 1.43759 1.43810 1.43893 1.43282 1.27274 1.26736 1.26821 1.26875 1.29014 1.44763 1.43994 1.43399 1.43761 1.44135 1.54924 1.54932 1.54086 1.53497 1.52873 1.52846 1.52846 1.52846 1.51742 1.50007 1.50398 1.44618 1.40939 1.38396 1.45178 1.43648 1.41622 1.40610 1.39567 1.38352 1.22979 1.21447 1.21416 1.21416 1.13979 1.02469 0.973277 0.843942 0.850357 0.856777 0.989808 1.23237
1.91165 1.89126 1.78896 1.74322 1.71414 1.69765 1.68115 1.66598 1.66339 1.66221 1.64817 1.63325 1.65713 1.72555 1.67336 1.64679 1.65135 1.57109 1.55089 1.45062 1.44070 1.43622 1.43143 1.42662 1.29954 1.24293 1.23814 1.23363 1.23791 1.44755 1.46379 1.43340 1.41983 1.40468 1.48408 1.54967 1.52258 1.48221 1.43623 1.39027 1.34431 1.29833 1.26341 1.26515 1.35519 1.35085 1.35519 1.35979 1.41002 1.40069 1.36735 1.36703 1.36658 1.34412 1.19666 1.12227 1.08778 1.05327 1.02177 1.06900 1.06263 0.886778 0.901132 0.958171 1.04970 1.40325
1.92707 1.89853 1.74538 1.71753 1.69817 1.68854 1.67365 1.65876 1.64356 1.62986 1.63103 1.64177 1.66013 1.76928 1.70089 1.64486 1.64007 1.56642 1.51516 1.43980 1.40670 1.40670 1.40670 1.40670 1.33701 1.23217 1.21923 1.19936 1.17770 1.32651 1.42439 1.39009 1.38023 1.37158 1.37554 1.34113 1.26685 1.26127 1.26127 1.26127 1.26201 1.26708 1.27283 1.27858 1.35959 1.36801 1.33764 1.30308 1.28363 1.26126 1.19684 1.15999 1.12590 1.11383 1.03464 0.960949 0.960949 0.960949 0.990425 1.13907 1.19622 1.10637 1.10963 1.11133 1.11133 1.38222
1.98580 1.91079 1.78049 1.70442 1.66335 1.67070 1.68417 1.69822 1.71293 1.72833 1.74159 1.74299 1.74299 1.82107 1.69939 1.62851 1.62829 1.58539 1.51298 1.46869 1.40670 1.40455 1.36244 1.30174 1.22639 1.14831 1.13377 1.12685 1.11993 1.20992 1.37952 1.35509 1.34613 1.34613 1.34593 1.31090 1.26619 1.27195 1.27232 1.25367 1.23264 1.20729 1.18121 1.15517 1.12166 1.11364 1.11895 1.11895 1.12614 1.14633 1.12450 1.11383 1.11383 1.11595 1.10993 1.05963 1.10859 1.15367 1.17479 1.23533 1.26874 1.17782 1.11133 1.11133 1.11133 1.29016
2.10462 2.01202 1.95275 1.81344 1.74847 1.74299 1.74299 1.74299 1.74299 1.74299 1.74299 1.74299 1.74299 1.80688 1.72313 1.64125 1.62829 1.60894 1.47062 1.39433 1.22652 1.14919 1.12242 1.11550 1.10857 1.10410 1.10401 1.10401 1.10401 1.13751 1.37531 1.36888 1.32330 1.30296 1.28271 1.24354 1.15521 1.12623 1.10560 1.10393 1.10393 1.10393 1.10393 1.10393 1.09554 1.09868 1.11895 1.11895 1.11967 1.15317 1.18578 1.21325 1.25536 1.29267 1.29216 1.17512 1.17479 1.17479 1.17479 1.21187 1.26607 1.21794 1.15330 1.18072 1.24180 1.36313
