High_resolution/powerplant/Shangrao/OMI_NO2_200609.asc
ncols      200
nrows      200
xllcorner       115.451
yllcorner       27.0350
cellsize     0.0166667
NODATA_Value      -999.000
[rows 29 to 57 of 164, columns 67 to 133 of 200]
3.34347 3.28022 3.15987 3.02877 2.89770 2.77085 2.73095 2.73095 2.73095 2.59872 2.35727 2.80719 3.04527 2.97010 2.97010 2.97010 2.97010 2.97010 2.97010 2.97010 2.97010 2.97010 2.97010 2.97010 2.96749 2.94386 2.69290 2.44174 2.59346 2.68336 2.57668 2.57151 2.51669 2.40332 2.28018 2.14496 1.99367 1.82742 1.67532 1.65439 1.65440 1.65746 1.83512 1.70515 1.61021 1.62227 1.74024 1.83455 1.92885 2.40776 2.48177 2.49155 2.49221 2.49221 2.49221 2.49221 2.49221 2.51141 2.39356 2.36571 2.11155 2.01221 2.01221 1.84943 1.75271 1.75271 1.75271
2.81008 2.74169 2.73095 2.73095 2.73095 2.73095 2.73095 2.73095 2.73095 2.64266 2.45484 2.53858 3.10788 2.97010 2.97010 2.97010 2.97010 2.97010 2.96567 2.95469 2.94364 2.93260 2.92157 2.91052 2.90209 2.89032 2.63938 2.25694 2.40223 2.30124 2.01965 1.75940 1.66626 1.66136 1.65670 1.65554 1.65840 1.66146 1.66452 1.66757 1.66886 1.66886 1.67418 1.68917 1.79977 1.92672 2.06982 2.07292 2.07292 2.34275 2.49221 2.49221 2.49221 2.49221 2.49221 2.49221 2.49221 2.50068 2.43992 2.36571 2.22098 2.01221 2.01221 1.90857 1.75271 1.75271 1.74724
2.73095 2.73095 2.73095 2.73095 2.73095 2.73095 2.73095 2.73095 2.73095 2.68667 2.54941 2.28658 3.14704 2.95237 2.94134 2.93029 2.91925 2.90821 2.89234 2.84666 2.68356 2.49413 2.29097 2.07288 1.83785 1.60174 1.46777 1.40947 1.75405 1.94643 1.86240 1.65934 1.66241 1.66546 1.66829 1.66886 1.66886 1.66886 1.70437 1.81783 1.91909 2.00730 2.06546 1.97353 1.96623 1.96855 2.06924 2.07292 2.07292 2.21877 2.49221 2.49221 2.49221 2.49221 2.49221 2.49221 2.49221 2.49267 2.48355 2.36571 2.33452 2.03722 2.04597 2.01144 1.80645 1.81642 1.83192
2.73095 2.73095 2.73095 2.73095 2.73095 2.73111 2.74522 2.76804 2.78904 2.80313 2.67978 2.44395 2.99841 2.78619 2.55478 2.35964 2.15032 1.92533 1.69409 1.49847 1.47589 1.47592 1.47955 1.48562 1.49273 1.50121 1.47533 1.40019 1.65569 1.96419 1.95800 1.67776 1.66886 1.66886 1.66886 1.66886 1.66886 1.66886 1.96089 2.06945 2.06945 2.06945 2.06947 1.99984 1.96623 1.96623 2.04991 2.07292 2.07292 2.10130 2.48571 2.49221 2.49221 2.48749 2.44912 2.40418 2.35828 2.30436 2.49191 2.46726 2.46605 2.17919 2.10455 2.10268 1.86159 1.86380 1.93367
2.73871 2.75851 2.77830 2.79803 2.81780 2.83744 2.84311 2.84003 2.83880 2.83880 2.72826 2.53202 2.21552 1.68906 1.47589 1.47589 1.47589 1.47670 1.48209 1.48956 1.49804 1.50649 1.51134 1.51376 1.51513 1.51513 1.51035 1.40744 1.56098 1.90960 1.97185 1.75393 1.66886 1.66886 1.66886 1.66886 1.66886 1.66886 1.83871 2.06945 2.06945 2.06945 2.06945 2.02702 1.96623 1.96623 2.02676 2.04578 2.00081 1.95587 2.22807 2.28516 2.23362 2.18248 2.16500 2.15411 2.14413 2.14222 2.34767 2.50574 2.47141 2.32305 2.22296 2.29639 2.18410 2.16497 2.16852
2.83880 2.83880 2.83880 2.83880 2.83880 2.83880 2.83880 2.83880 2.83880 2.83880 2.77217 2.62959 2.23828 1.82275 1.48638 1.49487 1.50336 1.51102 1.51412 1.51513 1.51513 1.51513 1.51513 1.51513 1.51513 1.51513 1.51513 1.43395 1.46914 1.85388 1.97185 1.84392 1.66886 1.66886 1.66886 1.66886 1.66886 1.66886 1.70181 2.06311 2.06697 2.05462 2.04025 1.99174 1.72744 1.67122 1.67380 1.77835 1.79468 1.81173 1.98081 2.14654 2.14222 2.14218 2.13376 2.11920 2.10456 2.07596 2.10091 2.44382 2.39190 2.37223 2.40423 2.38308 2.24907 2.11778 2.10714
2.83880 2.83880 2.83880 2.83880 2.83880 2.83880 2.83880 2.83880 2.83804 2.82680 2.79182 2.68516 2.39622 1.99251 1.52011 1.51513 1.51513 1.51513 1.51513 1.51513 1.51513 1.51513 1.51513 1.51513 1.51513 1.51513 1.51513 1.46524 1.40625 1.77378 1.97185 1.93370 1.66913 1.66883 1.64782 1.60575 1.55864 1.50553 1.44521 1.85785 1.96317 1.96160 1.96256 1.98299 1.66401 1.65152 1.68543 1.84994 1.84942 1.83621 1.87001 2.09747 2.08285 2.05347 2.00693 1.96649 1.94150 1.93800 1.95957 2.29677 2.20262 2.17519 2.20375 2.19486 2.17304 2.18334 2.19127
2.83880 2.83880 2.83880 2.83811 2.82819 2.81383 2.79922 2.78461 2.77076 2.76739 2.76739 2.69839 2.52464 2.08203 1.62144 1.51513 1.51513 1.51513 1.51513 1.51513 1.51513 1.51513 1.51513 1.51513 1.51513 1.51513 1.51513 1.49628 1.40155 1.60092 1.89403 1.86278 1.48767 1.34418 1.30679 1.30679 1.30679 1.30679 1.32082 1.69035 2.02731 2.05575 2.08321 2.09772 1.78017 1.60333 1.55716 1.68356 1.68411 1.64730 1.59672 1.83057 1.85262 1.85288 1.87550 1.89671 1.90342 1.90342 1.90342 2.12932 2.06802 2.06646 2.09617 2.12013 2.12415 2.20508 2.20635
2.81543 2.80086 2.78626 2.77234 2.76764 2.76739 2.76739 2.76739 2.76739 2.76739 2.76739 2.72115 2.61118 2.16951 1.76007 1.51513 1.51513 1.51513 1.51513 1.51513 1.51513 1.51452 1.51167 1.50862 1.50557 1.50251 1.49946 1.49651 1.39812 1.43400 1.71114 1.76127 1.51984 1.28274 1.27104 1.26809 1.26531 1.26366 1.26229 1.32251 1.77940 1.75541 1.73050 1.70167 1.49966 1.33855 1.36142 1.49989 1.59370 1.61983 1.65748 1.80137 1.90342 1.90342 1.90342 1.90342 1.90342 1.90342 1.90342 2.05781 2.10098 2.06646 2.07957 2.12013 2.12013 2.18948 2.20635
2.76743 2.76739 2.76739 2.76739 2.76739 2.76739 2.76739 2.76739 2.76739 2.76739 2.76739 2.74406 2.68108 2.27373 1.89845 1.51400 1.51098 1.50792 1.50487 1.50182 1.49876 1.49632 1.49772 1.50369 1.50992 1.51612 1.52236 1.52856 1.46795 1.44388 1.43520 1.27480 1.19495 1.08842 1.10723 1.12029 1.13336 1.14572 1.14862 1.14862 1.58973 1.65709 1.60629 1.55549 1.62547 1.48170 1.48118 1.54676 1.66136 1.66136 1.66136 1.73006 1.90342 1.90342 1.90342 1.90342 1.90342 1.90342 1.90342 1.95299 2.16729 2.06646 2.06716 2.11507 2.11413 2.16893 2.21092
2.76739 2.76739 2.76739 2.76739 2.76739 2.76739 2.76739 2.76739 2.76739 2.72502 2.62329 2.51799 2.31541 1.92333 1.49367 1.51559 1.52515 1.53138 1.53759 1.54382 1.55003 1.55625 1.56087 1.56111 1.56093 1.55600 1.54901 1.55490 1.53451 1.44372 1.46358 1.26987 1.27855 1.15858 1.14862 1.14862 1.14862 1.14862 1.14862 1.14862 1.33941 1.47475 1.47467 1.47467 1.57523 1.51204 1.48118 1.50547 1.66136 1.66136 1.66136 1.66906 1.89323 1.90342 1.90342 1.90342 1.90362 1.92400 1.95762 1.99354 2.17725 2.03983 2.04524 2.08522 2.11595 2.14656 2.20264
2.75723 2.76739 2.75041 2.65698 2.50757 2.35762 2.20766 2.05791 1.90815 1.80049 1.75252 1.70492 1.62524 1.49991 1.46314 1.53758 1.56111 1.56111 1.56111 1.56111 1.55964 1.55314 1.56347 1.58711 1.61091 1.63948 1.67008 1.68783 1.67554 1.47552 1.51980 1.28095 1.28095 1.19626 1.14862 1.14862 1.14862 1.14862 1.14862 1.14862 1.21520 1.47467 1.47467 1.47467 1.48923 1.57627 1.48118 1.48134 1.64414 1.66136 1.67076 1.70332 1.90534 2.01264 2.04667 2.09338 2.14611 2.17870 2.19801 2.21502 2.25561 2.06971 2.06043 2.06241 2.06814 2.03091 2.06286
2.06807 1.87282 1.73974 1.68316 1.68303 1.68303 1.68303 1.68303 1.68303 1.68303 1.68303 1.68303 1.64805 1.58210 1.42950 1.51511 1.55786 1.57212 1.59575 1.61937 1.64447 1.67462 1.68792 1.68792 1.68792 1.68792 1.68792 1.68792 1.68792 1.52426 1.51953 1.31585 1.28095 1.23556 1.14862 1.14862 1.14862 1.14862 1.14862 1.14862 1.14862 1.43638 1.47467 1.47256 1.44206 1.56538 1.57819 1.61183 1.76730 1.85928 1.87767 1.86170 1.97449 2.19239 2.21134 2.21757 2.21758 2.23033 2.25404 2.27773 2.32782 2.11211 1.91158 1.88338 1.86910 1.87243 1.97600
1.90544 1.68303 1.68303 1.68303 1.68303 1.68303 1.68303 1.68303 1.68303 1.68303 1.68303 1.67313 1.55103 1.50123 1.46559 1.58325 1.67853 1.68792 1.68792 1.68792 1.68792 1.68792 1.68792 1.68792 1.68792 1.68792 1.68792 1.68792 1.68792 1.58535 1.48167 1.40033 1.28095 1.27255 1.15097 1.14862 1.14862 1.13779 1.10384 1.07210 1.04321 1.20035 1.29560 1.26958 1.26351 1.40679 1.68604 1.67203 1.73522 1.81754 1.80603 1.80893 1.87517 2.26430 2.28911 2.31280 2.33379 2.34021 2.33493 2.29989 2.25015 2.16074 1.86112 1.85225 1.84224 1.82918 1.83857
2.01450 1.68303 1.68303 1.68303 1.68303 1.68303 1.67986 1.61371 1.47389 1.32975 1.18563 1.05139 1.02263 1.35174 1.45437 1.60444 1.68050 1.68792 1.68792 1.68792 1.68792 1.68792 1.68792 1.68792 1.68792 1.68792 1.68792 1.68792 1.68792 1.64647 1.47142 1.42408 1.21106 1.17508 1.05915 1.00573 0.982276 0.966766 0.966177 0.966177 0.966177 1.03485 1.23408 1.21328 1.19247 1.23386 1.59552 1.66110 1.72452 1.87989 1.89456 1.90599 1.88615 2.20287 2.22212 2.14735 2.07547 2.01045 1.94546 1.91049 1.90033 1.99217 1.75135 1.73089 1.73089 1.73089 1.69513
2.08507 1.71840 1.63310 1.53401 1.38993 1.24582 1.10489 1.02685 1.02260 1.02260 1.02260 1.02260 1.02260 1.24314 1.41173 1.59657 1.65845 1.68792 1.68792 1.68792 1.68792 1.68792 1.68792 1.68792 1.68752 1.68352 1.67866 1.67380 1.66895 1.66312 1.46353 1.33108 1.06543 1.06543 1.02061 0.966177 0.963398 0.946687 0.942480 0.939329 0.936004 0.943512 1.23496 1.27324 1.28838 1.30386 1.74074 1.91070 1.88456 1.71196 1.62309 1.52979 1.45620 1.66652 1.89810 1.89810 1.89810 1.89810 1.89810 1.89810 1.89810 1.95597 1.84112 1.73089 1.73089 1.73089 1.71350
1.70941 1.31130 1.06768 1.02267 1.02260 1.02260 1.02260 1.02260 1.02260 1.02260 1.02260 1.02260 1.02260 1.13450 1.40284 1.55538 1.63598 1.68792 1.68697 1.68246 1.67760 1.67274 1.66789 1.66303 1.65857 1.65772 1.65871 1.66553 1.67365 1.68217 1.54105 1.41873 1.23011 1.29342 1.32211 1.09001 1.08599 1.09559 1.09268 1.08867 1.08488 1.08391 1.26247 1.35717 1.32170 1.26055 1.38844 1.56825 1.52463 1.43322 1.40392 1.40392 1.40392 1.51541 1.89810 1.89810 1.89810 1.89810 1.89810 1.89810 1.89810 1.92875 1.92028 1.73089 1.73089 1.73089 1.72913
1.42600 1.27797 1.02260 1.02260 1.02260 1.02260 1.02260 1.02260 1.02260 1.02260 1.02260 1.02260 1.04009 1.12379 1.54768 1.73317 1.88908 1.67374 1.67769 1.68607 1.69523 1.70494 1.71517 1.72602 1.73752 1.74971 1.76095 1.76598 1.80871 1.86257 1.79910 1.66928 1.51046 1.48763 1.48365 1.14087 1.08391 1.08391 1.08391 1.08391 1.08391 1.08391 1.11850 1.11459 1.08391 1.08391 1.13960 1.51454 1.52463 1.46108 1.40392 1.40392 1.40392 1.40911 1.85929 1.89810 1.89810 1.89810 1.89810 1.89810 1.89069 1.87256 1.91291 1.58103 1.51508 1.44905 1.38314
1.42600 1.38598 1.02368 1.02260 1.02260 1.02260 1.04957 1.13982 1.23315 1.32625 1.41940 1.51268 1.58818 1.61331 1.91087 2.08168 2.26263 1.83887 1.76252 1.76252 1.76252 1.76252 1.76252 1.77899 1.83140 1.84450 1.82650 1.80520 1.74453 1.67275 1.63466 1.68348 1.53952 1.48013 1.48013 1.25847 1.08391 1.08391 1.08391 1.08391 1.08391 1.08391 1.08391 1.08391 1.08391 1.08391 1.09213 1.43897 1.52463 1.48892 1.40392 1.40392 1.40392 1.40157 1.69622 1.85070 1.82631 1.80120 1.75933 1.71042 1.66898 1.64392 1.67922 1.39669 1.34434 1.35095 1.41808
1.50563 1.47916 1.33063 1.41359 1.50710 1.59993 1.66642 1.66912 1.66912 1.66912 1.66912 1.66912 1.66912 1.66912 1.83590 2.05538 2.25509 1.97220 1.76366 1.79869 1.80196 1.78403 1.76614 1.73172 1.66145 1.63045 1.63045 1.63045 1.63045 1.63045 1.63045 1.67238 1.59099 1.48013 1.48013 1.37635 1.08391 1.08391 1.08391 1.08391 1.08391 1.08391 1.08391 1.08391 1.08391 1.08391 1.08409 1.34169 1.48552 1.45262 1.31662 1.29157 1.26718 1.24190 1.39250 1.67568 1.65122 1.62750 1.62051 1.62051 1.61870 1.61470 1.64742 1.65153 1.71655 1.79154 1.80608
1.34949 1.34736 1.52644 1.66912 1.66912 1.66912 1.66912 1.66912 1.66912 1.66912 1.66912 1.66912 1.66912 1.66912 1.73144 2.02108 2.15826 2.06637 1.70458 1.65167 1.63045 1.63045 1.63045 1.63045 1.63045 1.63045 1.63045 1.63045 1.63045 1.63045 1.63045 1.65731 1.64897 1.48073 1.48013 1.47159 1.10650 1.08391 1.08391 1.08391 1.09109 1.13942 1.19444 1.24935 1.30436 1.35931 1.41411 1.43326 1.36116 1.35428 1.24554 1.21747 1.20943 1.20462 1.23190 1.61035 1.61279 1.60878 1.60477 1.60076 1.59856 1.59856 1.59974 1.68063 1.80608 1.81375 1.83778
1.35038 1.34736 1.43990 1.66912 1.66912 1.66912 1.66912 1.66912 1.66912 1.67093 1.69842 1.74251 1.78680 1.83113 1.87063 1.85411 1.95342 2.09973 1.63715 1.63045 1.63045 1.63045 1.63045 1.63045 1.63045 1.63045 1.63045 1.63045 1.63045 1.63045 1.63045 1.64226 1.68248 1.49748 1.50460 1.55947 1.35019 1.27318 1.32816 1.38310 1.43091 1.43748 1.43748 1.43748 1.43217 1.42210 1.41204 1.41189 1.33407 1.32365 1.24681 1.19494 1.19094 1.19047 1.19568 1.53253 1.65061 1.63453 1.61159 1.58773 1.56295 1.53724 1.53395 1.71061 2.15562 2.18712 2.18793
1.35702 1.34736 1.36136 1.66108 1.67084 1.69166 1.72904 1.77359 1.81788 1.86038 1.87720 1.87740 1.87740 1.87740 1.87740 1.86167 1.88561 2.12798 1.73948 1.63045 1.63045 1.63045 1.63045 1.63045 1.63045 1.63045 1.63045 1.63221 1.69967 1.80039 1.90124 2.00265 2.15256 1.93869 1.83363 1.83370 1.68734 1.43748 1.43748 1.43571 1.42647 1.41693 1.41481 1.41525 1.42440 1.43970 1.45501 1.47062 1.40598 1.36797 1.34351 1.27357 1.24048 1.20135 1.15507 1.35064 1.58683 1.57961 1.57961 1.57961 1.57961 1.57961 1.57961 1.65422 2.12930 2.18793 2.18793
1.38604 1.39717 1.43834 1.72376 1.84698 1.87048 1.87740 1.87740 1.87740 1.87740 1.87740 1.87740 1.87740 1.87740 1.87740 1.86925 1.85378 2.03780 1.81486 1.59936 1.61278 1.63853 1.72134 1.82213 1.92292 2.02371 2.12449 2.22346 2.25685 2.25685 2.25681 2.25619 2.28879 2.11214 1.87565 1.89025 1.87491 1.48827 1.48473 1.49129 1.50576 1.52054 1.52788 1.53269 1.53408 1.53408 1.53408 1.53408 1.40369 1.25222 1.20010 1.05985 1.05969 1.05969 1.05969 1.14933 1.57961 1.57961 1.57961 1.57961 1.57961 1.57961 1.57961 1.62237 1.97504 2.18793 2.18793
1.55861 1.55250 1.55564 1.71022 1.87740 1.87740 1.87740 1.87740 1.87740 1.87740 1.87740 1.87740 1.87639 1.85806 1.83581 1.81189 1.75622 1.82605 1.85815 1.90394 2.01728 2.23852 2.25513 2.25443 2.25377 2.25315 2.25256 2.25201 2.25148 2.25097 2.25144 2.25770 2.28015 2.26702 1.98586 1.99384 1.99881 1.63571 1.53363 1.53408 1.53408 1.53408 1.54450 1.69788 1.86152 1.53789 1.53408 1.53408 1.42613 1.19344 1.19327 1.07436 1.05969 1.05969 1.05969 1.06027 1.51639 1.57961 1.57961 1.57961 1.57961 1.57961 1.57961 1.59736 1.78225 2.04345 1.85496
1.58342 1.55747 1.55564 1.62360 1.87740 1.87740 1.87740 1.87740 1.87730 1.85870 1.81186 1.76364 1.72093 1.68990 1.66201 1.63725 1.61336 1.70582 1.87864 2.08504 2.09866 2.23787 2.25041 2.25041 2.25041 2.25041 2.25344 2.26075 2.28250 2.31535 2.34728 2.37379 2.39382 2.34920 2.04724 2.00836 2.00836 1.78054 1.53955 1.68167 1.86415 2.02660 2.16568 2.19805 2.19805 1.69878 1.53408 1.53408 1.51164 1.20917 1.19344 1.10906 1.05969 1.05969 1.05969 1.05969 1.36467 1.57621 1.57051 1.56483 1.55290 1.46579 1.35661 1.24482 0.992215 1.13000 1.13474
1.58240 1.55616 1.54164 1.54091 1.80311 1.77766 1.72799 1.68384 1.64460 1.61639 1.61014 1.60999 1.60999 1.60999 1.60999 1.60999 1.60017 1.65766 1.87007 2.03593 2.09629 2.18660 2.25706 2.28222 2.31508 2.34792 2.37777 2.40330 2.41442 2.41442 2.41442 2.41442 2.41442 2.36124 2.13521 2.12089 2.27875 2.34439 2.15716 2.19805 2.19805 2.19805 2.19805 2.19805 2.19805 1.91601 1.53408 1.53408 1.53408 1.27344 1.19216 1.13423 1.04689 1.04119 1.03550 1.02980 1.19347 1.38184 1.27834 1.17486 1.07770 1.05563 1.05563 1.05134 0.914377 0.998344 1.05170
1.55254 1.56051 1.56445 1.57202 1.59929 1.61003 1.60999 1.60999 1.60999 1.60999 1.60999 1.60999 1.60999 1.60999 1.60999 1.60999 1.60623 1.62385 1.87624 2.03097 2.17409 2.24929 2.40672 2.41442 2.41442 2.41442 2.41442 2.41442 2.41442 2.41442 2.41466 2.49874 2.63539 2.72729 2.70627 2.57747 2.57747 2.57660 2.24100 2.19805 2.19805 2.19805 2.19805 2.19832 2.20772 2.12951 1.58085 1.59818 1.61553 1.40101 1.16327 1.15052 1.12417 1.21885 1.31349 1.40817 1.43879 1.06916 1.04598 1.03484 1.02375 1.01623 1.03509 1.06080 1.02188 1.03400 1.09994
1.59465 1.57438 1.56565 1.56565 1.58355 1.60999 1.60999 1.60999 1.60999 1.60999 1.60999 1.60999 1.61112 1.63867 1.68561 1.73257 1.77951 1.82989 2.00241 2.05416 2.22750 2.23368 2.40560 2.41442 2.41442 2.41442 2.41442 2.48651 2.62454 2.74754 2.85736 2.90232 2.90232 2.88912 2.81493 2.57792 2.57747 2.58015 2.36785 2.22747 2.24134 2.25522 2.26907 2.28270 2.28715 2.28700 1.75660 1.70621 1.80089 1.77856 1.43881 1.50082 1.45185 1.43847 1.42733 1.41624 1.40513 1.11563 1.02115 1.04407 1.07650 1.10791 1.11982 1.12824 1.10804 0.988055 1.00486
