High_resolution/powerplant/Shangrao/OMI_NO2_201012.asc
ncols      200
nrows      200
xllcorner       115.451
yllcorner       27.0350
cellsize     0.0166667
NODATA_Value      -999.000
[rows 0 to 28 of 165, columns 67 to 133 of 200]
5.40622 4.09907 3.38145 5.73058 8.62979 12.6400 12.7491 11.5703 11.1872 11.6348 11.6550 11.6550 11.6550 11.6550 11.6550 11.6550 11.6550 11.3817 10.8470 10.4181 10.0692 9.94791 9.66365 9.25388 8.89740 8.59616 7.90178 7.85666 4.27987 3.81455 3.81455 3.81455 3.81455 3.81455 3.81455 3.87852 6.29464 12.1271 15.6949 17.9849 18.9491 18.2924 17.6524 16.8084 16.2029 18.5984 19.8911 19.5025 22.6268 20.8055 19.2881 18.6343 17.7320 8.60249 2.53021 2.53021 2.53021 2.53021 2.53021 1.68613 0.00941863 0.00941863 0.00941863 0.00941863 0.764249 0.974800 1.05634
7.94744 8.57690 9.18585 9.30884 9.53877 12.7720 12.8091 12.0763 11.1721 11.5094 11.6550 11.6550 11.6550 11.4841 10.9454 10.4969 10.1319 9.91331 9.54260 9.14900 8.80553 8.50489 8.39823 8.39823 8.39823 8.40405 8.12843 7.74297 6.01977 3.81455 3.81455 4.02767 5.83277 11.3580 14.9590 16.9024 18.0678 17.5610 16.9972 16.4916 16.2967 16.2967 16.2967 15.6425 14.7779 15.2104 16.0853 15.7404 18.0034 18.8205 18.8205 18.8204 17.8922 13.3714 2.53021 2.53021 2.53021 2.53021 2.53021 2.21944 0.00941863 0.00941863 0.217453 6.17345 10.3883 11.1410 13.1818
9.10768 9.11049 9.29000 9.30884 9.30884 11.7651 12.8091 12.5814 11.1728 11.2828 11.0478 10.5799 10.2001 9.85099 9.42658 9.04805 8.71674 8.44697 8.39823 8.39823 8.39823 8.39823 8.39823 8.39823 8.39823 8.39896 8.31859 7.44145 7.20901 10.4870 13.7845 15.8331 17.2744 16.9169 16.4307 16.2967 16.2967 16.2967 16.2967 15.9670 15.2259 14.5629 13.9704 13.5748 13.3552 13.6165 15.7389 15.7404 17.0162 18.8205 18.8205 18.8205 18.2375 16.9514 2.87419 2.53021 2.53021 2.53021 2.64774 5.75001 12.1480 15.9543 17.7486 17.4877 16.2596 12.4872 12.4157
9.10768 9.10768 9.21852 9.30884 9.30884 10.5878 12.1970 11.5973 10.1222 9.48813 9.31467 8.95093 8.63114 8.41178 8.39823 8.39823 8.39823 8.39823 8.39823 8.39823 8.39823 8.39823 8.37184 8.18756 8.04789 9.50252 11.4183 13.2550 15.7876 16.0704 16.2964 16.2967 16.2967 16.2967 16.2967 16.0282 15.2893 14.6197 14.0214 13.6948 13.6923 13.6923 13.6478 13.4601 12.9832 12.8102 15.1136 15.7404 16.1847 18.8205 18.8205 18.8205 18.5825 17.7320 7.82274 5.83246 9.42741 11.8950 13.6393 13.7578 14.9810 15.9076 15.9076 15.9076 15.6788 12.5377 11.5901
9.10768 9.10837 9.19279 8.96440 8.79575 9.01550 9.88563 9.49093 8.70463 8.15690 8.35592 8.39823 8.39823 8.39823 8.39823 8.39823 8.39823 8.39823 8.33437 8.11798 7.81567 8.87200 10.8560 12.7522 14.4193 14.8748 14.8808 14.6864 15.0362 16.0751 16.2312 16.0837 15.3531 14.6775 14.0726 13.7017 13.6923 13.6909 13.5860 13.4171 13.2481 13.0792 12.9549 12.9485 12.6861 12.6114 14.0967 15.7404 15.7445 18.3462 18.7892 17.0355 13.4661 8.52266 9.32978 13.5079 13.2060 13.1934 13.1901 13.0646 13.4864 14.0581 13.5778 13.1584 12.9094 11.8606 10.7790
9.47258 9.75871 9.96110 9.15689 9.25930 9.31188 9.02533 8.97532 8.80256 8.15679 8.28570 8.39823 8.39823 8.39787 8.27042 7.96530 7.64233 8.24926 10.3074 12.2835 14.1138 14.8748 14.8748 14.8748 14.8748 14.8748 14.8762 14.7945 14.6254 14.7410 13.9712 13.7128 13.6923 13.6684 13.5179 13.3491 13.1801 13.0125 12.9485 12.9485 12.9485 12.9485 12.9485 12.9485 12.7824 12.6114 13.2083 14.5166 12.1552 9.61566 6.01429 4.71745 4.73826 4.07185 4.80173 12.7925 12.6326 12.4521 12.3340 12.3524 12.4782 12.9713 12.9887 12.9887 12.9887 12.5904 10.7790
10.3380 10.3735 10.3735 9.69167 9.31191 9.31191 9.12877 8.97532 8.97099 8.21717 7.89946 7.79540 7.47234 7.70830 9.76953 11.8736 13.7658 14.8583 14.8748 14.8748 14.8748 14.8748 14.8748 14.8777 14.9102 14.9503 14.9903 15.0225 14.7022 14.0214 13.2046 13.2809 13.1121 12.9671 12.9485 12.9485 12.9485 12.9485 12.9485 12.9485 12.9485 12.9485 12.9489 12.0647 10.0155 7.50073 5.01660 4.95316 5.00403 4.66159 4.16132 3.91253 3.66347 3.15871 2.42443 10.7455 12.4341 12.5075 12.5224 12.5224 12.5224 12.9011 12.9887 12.8178 12.2673 11.7539 10.6340
10.3735 10.3735 10.3735 10.0381 9.30763 9.16869 8.77553 8.18482 7.85073 7.20372 8.83320 11.4435 13.4075 14.7786 14.8748 14.8748 14.8748 14.8748 14.8748 14.8755 14.9021 14.9422 14.9823 15.0194 15.0267 15.0199 15.0099 14.7954 14.1422 13.6797 12.7288 12.9042 12.9485 12.9485 12.9485 12.9485 12.9485 12.9485 12.9520 12.2275 10.2827 8.09972 5.64610 4.22252 4.15118 3.42622 3.16150 3.50961 3.76880 3.75219 3.38905 3.31893 3.26572 3.20858 2.78618 8.10418 12.5224 12.5224 12.4975 12.0745 11.5589 11.3073 11.0546 10.7613 10.7489 10.7489 10.5966
10.2743 10.0733 9.74965 9.37741 8.07286 7.91681 9.65985 11.5661 13.4949 14.8245 14.4732 14.7393 14.8748 14.8748 14.8748 14.8748 14.8932 14.9342 14.9743 15.0137 15.0257 15.0172 15.0074 14.9977 14.9880 14.9853 14.9853 14.8648 14.1486 13.9098 12.9077 12.8096 12.9485 12.9485 12.9583 12.3737 10.4706 8.30992 5.83283 4.15756 4.07611 4.00792 3.93977 3.90971 3.90971 3.22999 2.81843 3.01606 3.61953 3.56894 3.31915 3.20735 3.20735 3.20735 2.89329 4.47132 11.3011 10.8587 10.4718 10.3758 10.3758 10.4690 10.7489 10.7489 10.7489 10.6222 9.21027
9.04783 8.88000 8.86937 8.86937 8.16494 9.51164 15.5729 15.4052 15.3036 15.2798 14.5142 14.6230 14.8871 14.9263 14.9655 15.0056 15.0239 15.0145 15.0045 14.9950 14.9866 14.9853 14.9853 14.9853 14.9853 14.9853 14.9853 14.9847 14.3385 13.9427 13.2487 12.5717 10.6539 8.46549 5.98384 4.11569 3.99798 3.93116 3.90971 3.90971 3.90971 3.90934 3.88424 3.84430 3.80433 3.38825 2.69125 2.72444 3.52615 3.54755 3.32625 3.03602 2.96043 2.89355 2.74670 2.51369 9.35029 10.3758 10.3758 10.3758 10.3758 10.2376 9.22213 7.44137 5.29957 3.02186 2.37958
8.96178 8.86937 8.86937 8.86937 8.51144 7.81454 14.6715 15.4882 15.3105 15.3471 14.8290 14.6330 15.0177 15.0116 15.0018 14.9921 14.9855 14.9853 14.9853 14.9853 14.9853 14.9853 14.9853 14.9853 14.9853 14.9755 14.9295 14.8251 14.0048 12.8699 12.0253 10.9505 4.89350 3.90971 3.90971 3.90971 3.90971 3.90966 3.88777 3.84784 3.80789 3.76835 3.75352 3.75352 3.75352 3.73846 2.97407 3.17129 3.26567 3.12925 3.09157 2.85500 2.85293 2.85293 2.83973 2.52743 7.07459 10.2159 8.80752 6.92912 4.69412 2.41633 2.12325 2.06460 2.00978 2.00978 2.00978
8.95493 8.86937 8.86937 8.86937 8.81810 7.88525 12.4742 15.6711 15.4478 15.4377 15.1250 14.5878 14.9026 14.9853 14.9853 14.9853 14.9853 14.9853 14.9853 14.9853 14.9853 14.9651 14.9143 14.8314 14.4500 13.9778 13.5418 13.1639 12.9280 12.1145 11.8216 10.9656 7.29338 3.90971 3.89128 3.85137 3.81142 3.77155 3.75352 3.75352 3.75917 3.90527 4.11198 4.31851 4.52513 4.66175 3.82801 3.60266 3.39628 3.11475 3.11475 2.91027 2.85293 3.00335 4.52266 5.85453 6.67486 2.26015 1.68587 1.54644 1.54343 1.54533 1.81189 2.14964 2.25130 2.44015 2.63999
8.84429 8.85022 8.82207 8.77529 8.63012 7.96979 9.55262 15.3032 15.3723 15.4141 15.3538 14.5962 14.7862 14.9853 14.9853 14.9853 14.9845 14.9502 14.8866 14.8184 14.5037 14.0420 13.6103 13.2110 13.1105 13.1105 13.1105 13.1105 13.0959 12.3129 11.8391 11.1614 9.33078 3.77503 3.75355 3.75352 3.79654 3.99022 4.19674 4.40345 4.60442 4.66494 4.66494 4.66494 4.66494 4.66494 4.12969 3.60266 3.54244 3.20289 4.63424 6.09530 7.16699 8.28584 8.37468 8.24290 8.06169 2.55983 1.83569 1.98451 2.15408 2.40849 2.59434 2.82753 2.92582 2.93672 2.93672
8.64232 8.49126 8.33606 8.21876 8.20192 7.92902 7.47644 14.5292 15.3314 15.4141 15.4141 14.7910 14.6646 14.9225 14.8564 14.7903 14.5562 14.1103 13.6915 13.2777 13.1105 13.1105 13.1105 13.1105 13.1105 13.1105 13.0907 12.9982 12.8990 12.3306 11.5216 11.2669 10.7779 4.77802 4.28169 4.48830 4.65199 4.66494 4.66494 4.66494 4.66494 4.66494 4.66494 4.66494 4.66494 4.70650 5.73735 6.65368 8.17530 9.15778 9.41519 9.25661 8.49351 8.61250 8.73136 8.83228 8.70880 5.48667 2.58154 2.69869 2.79485 2.80428 2.80428 2.91591 2.93672 2.93672 2.94211
8.31018 8.27393 8.20192 8.20192 8.20192 8.15703 7.46178 12.2704 15.3022 15.4540 15.4886 15.0424 14.3005 14.1661 13.7754 13.3597 13.1124 13.1105 13.1105 13.1105 13.1105 13.1105 13.1014 13.0185 12.9193 12.8200 12.7407 12.7265 12.6514 12.4801 12.1519 12.1028 11.5411 7.69146 4.66494 4.66494 4.66494 4.66494 4.66494 4.66494 4.66494 4.68423 5.81434 7.48206 8.96580 10.2669 10.6297 10.0269 10.1126 10.0278 9.96014 10.0418 9.09416 8.91271 8.85468 8.79663 8.98974 7.68299 2.80428 2.80428 2.80428 2.80541 2.81855 2.90930 2.98374 3.00015 3.01115
8.31018 8.30021 8.20212 8.20520 8.22171 8.26290 7.76742 9.77729 15.3694 15.1118 14.7254 14.1515 12.8324 13.0012 13.1105 13.1105 13.1105 13.1105 13.1080 13.0388 12.9396 12.8404 12.7502 12.7127 12.6259 12.5346 12.4432 12.3593 12.3431 12.3726 12.5413 12.2264 11.7268 9.79981 4.66494 4.66494 4.66507 4.68065 5.66704 7.35017 8.84739 10.1551 10.6037 10.5732 10.5428 10.5124 10.4985 10.4589 10.4310 10.2952 9.93324 9.87524 9.20220 8.74646 8.74646 8.74646 8.88546 8.99587 3.36314 2.84410 2.86049 2.87576 2.87901 2.91627 3.01144 3.01144 3.01144
8.33333 8.36693 8.33175 8.35359 8.37932 8.38019 8.09038 7.70196 13.4114 13.9060 13.9766 13.9766 13.0135 12.9144 13.1105 13.0591 12.9600 12.8607 12.7639 12.6917 12.6004 12.5091 12.4178 12.3477 12.3431 12.3431 12.3431 12.3431 12.3431 12.3431 12.5965 12.2266 11.9714 11.3549 5.95103 7.21467 8.70187 10.0151 10.5685 10.5381 10.5082 10.4985 10.4985 10.4985 10.4948 10.4486 10.3906 10.3101 10.2188 10.2068 9.85382 9.81970 9.51832 8.75940 8.77251 8.78564 8.83451 9.13746 5.50885 2.87901 2.87901 2.87901 2.87901 2.88368 3.00685 3.01144 3.01902
8.45272 8.45280 8.41607 8.38019 8.38019 8.38019 8.32463 7.63382 11.6114 13.8648 13.9766 13.9439 13.2412 12.6030 12.7745 12.6663 12.5750 12.4837 12.3923 12.3432 12.3431 12.3431 12.3431 12.3431 12.3431 12.3431 12.3431 12.3431 12.3658 12.4397 12.5868 12.0351 11.5395 10.3046 10.3340 10.5048 10.4985 10.4985 10.4985 10.4985 10.4965 10.4540 10.3959 10.3379 10.2835 10.2717 10.2717 10.2662 10.3502 10.6706 10.2789 9.86621 9.84649 8.85668 8.80624 8.80624 8.80624 9.06821 7.43897 2.87901 2.87901 2.87901 2.92489 3.03341 3.23758 3.38368 3.48498
8.45280 8.45279 8.43075 8.38019 8.38019 8.38019 8.38019 7.80288 9.42062 13.6338 13.6367 13.5088 13.1686 12.1607 12.2975 12.3431 12.3431 12.3431 12.3431 12.3431 12.3431 12.3431 12.3431 12.3432 12.3849 12.4457 12.3581 11.9631 11.5029 10.9914 10.6577 10.9525 10.9143 10.2589 10.1163 10.4985 10.4976 10.4593 10.4013 10.3432 10.2872 10.2717 10.2717 10.2918 10.5397 10.8769 11.2497 11.6630 11.8428 11.8272 11.1037 9.87949 9.87949 9.14753 8.80624 8.80624 8.57683 7.48044 6.00232 3.09269 3.20161 3.31053 3.37353 3.37387 3.43172 3.48228 3.44361
8.40218 8.38745 8.38019 8.37177 8.23569 8.05661 7.88928 7.56222 7.38856 13.2085 13.4004 13.2093 13.2029 12.1630 12.1843 12.3431 12.3431 12.3431 12.3431 12.3473 12.3909 12.3587 12.2890 11.9381 11.4589 10.9604 10.6106 10.5681 10.5681 10.5681 10.5681 10.9057 10.9141 10.5245 9.86238 10.3289 10.2914 10.2717 10.2717 10.3612 10.6718 11.0230 11.4111 11.8127 11.9043 11.9043 11.9043 11.9043 11.8647 11.8272 11.7101 9.92289 9.72099 8.12043 6.05595 4.46031 3.01001 3.00691 3.37387 3.36476 3.28776 3.19712 3.10643 2.98765 2.87372 3.09013 3.00096
8.28942 8.11034 7.94867 7.82911 7.83797 7.88987 7.93004 7.88087 7.37059 11.5468 13.5346 13.2093 13.2093 12.5147 12.0977 12.3420 12.3039 12.2559 12.2044 11.9090 11.4279 11.0226 10.6547 10.5681 10.5681 10.5681 10.5681 10.5681 10.5681 10.5330 10.4407 10.5744 10.6045 10.4889 9.75785 10.2964 10.8094 11.1750 11.5799 11.8922 11.9043 11.9043 11.9043 11.9043 11.9043 11.9043 11.9043 11.9043 11.7517 10.3000 8.39525 5.44850 3.48079 3.14594 2.93265 2.84278 2.75208 2.66134 2.92046 2.87574 2.77390 2.68480 2.59541 2.53402 2.53225 2.88560 2.93536
7.84563 7.89742 7.93198 7.93284 7.93284 7.93284 7.93284 7.93284 7.50235 9.49353 13.6320 13.2171 13.1268 12.8088 12.2582 11.9199 11.4900 11.1005 10.7145 10.5681 10.5681 10.5681 10.5681 10.5681 10.5681 10.5470 10.4589 10.3657 10.2726 10.2146 10.2165 10.3837 11.3004 11.6683 11.3548 11.4565 11.9043 11.9043 11.9043 11.9043 11.9043 11.9043 11.9043 11.9043 11.7806 10.4613 8.58127 6.40620 4.09938 3.45993 3.33133 3.07200 2.83920 2.74856 2.52277 2.50892 2.62523 2.74510 2.71580 2.53349 2.53205 2.53205 2.53205 2.53205 2.52887 2.74406 2.87746
7.93284 7.93284 7.93284 7.93284 7.93284 7.93260 7.92289 7.88188 7.56230 7.36834 13.1214 13.0144 12.4796 12.0703 11.0853 10.6764 10.5681 10.5681 10.5681 10.5681 10.5681 10.5575 10.4771 10.3840 10.2908 10.2187 10.2200 10.2384 10.2571 10.2759 10.2919 10.3089 12.1109 12.2646 11.8344 11.2424 11.8912 11.9043 11.9043 11.9007 11.7593 10.5406 8.67674 6.52337 4.13850 3.45334 3.35343 3.25346 3.15386 2.95773 2.87992 2.88215 2.82152 2.94125 2.96168 2.94080 2.94450 2.94450 2.85698 2.53205 2.51684 2.48738 2.45792 2.42847 2.40219 2.52508 2.80129
7.93284 7.92535 7.91045 7.86132 7.78845 7.71590 7.65273 7.62097 7.55547 7.05524 10.6171 11.7834 11.4798 11.4798 11.0426 10.7522 10.5681 10.5645 10.4953 10.4022 10.3090 10.2266 10.2248 10.2436 10.2623 10.2810 10.2935 10.2939 10.2939 10.2939 10.2939 10.2939 11.4623 12.2647 12.1393 11.1916 11.5327 10.6182 8.76516 6.56793 4.18133 3.33851 3.23854 3.14125 3.11136 3.11136 3.11136 3.13738 3.28283 3.35467 3.37118 3.49629 3.20075 3.15126 3.11383 2.93979 2.91307 2.88360 2.85216 2.45612 2.39798 2.39798 2.39798 2.39798 2.39798 2.41985 2.79323
7.76783 7.70254 7.64470 7.62089 7.62089 7.62089 7.62089 7.62089 7.62089 7.17354 8.83691 11.8880 11.4922 11.4794 11.1859 10.6740 10.3345 10.2391 10.2300 10.2488 10.2675 10.2861 10.2939 10.2939 10.2939 10.2939 10.2939 10.2939 10.2939 10.2939 10.2939 10.3376 11.0182 12.5731 12.5906 10.9669 8.01142 3.22362 3.13081 3.11136 3.11136 3.11136 3.11136 3.13000 3.26856 3.42852 3.58848 3.72229 3.73693 3.71374 3.50581 3.37974 3.13429 3.07409 3.04433 2.83812 2.81044 2.81044 2.81044 2.56927 2.39798 2.39798 2.39798 2.39798 2.39801 2.42938 2.79205
7.62089 7.62089 7.62089 7.62089 7.62089 7.62089 7.62089 7.62089 7.62089 7.35732 7.22870 11.6032 11.3799 11.1683 11.0970 10.5281 10.3442 10.2901 10.2939 10.2939 10.2939 10.2939 10.2939 10.2939 10.2939 10.2939 10.2960 10.3665 10.4708 10.5833 10.6860 10.7445 10.8275 12.5363 12.3382 11.3940 9.53555 3.17251 3.11136 3.12381 3.25436 3.41438 3.57421 3.71553 3.73693 3.73693 3.70850 3.51057 3.30951 3.13334 2.83347 2.74240 2.80344 3.01719 3.01719 2.89718 2.81044 2.81044 2.81044 2.69866 2.40792 2.46169 2.52057 2.57948 2.63837 2.66588 2.85636
8.01550 8.34947 8.65659 8.94167 9.08179 7.63103 7.60719 7.53610 7.45865 7.26891 6.56081 10.0695 11.3477 11.2043 11.2055 10.7160 10.4420 10.2939 10.2939 10.2939 10.2939 10.2939 10.3062 10.3971 10.5155 10.6335 10.7352 10.7670 10.7650 10.7546 10.7541 10.7541 10.7541 12.0732 12.3382 12.0704 10.1920 5.31726 3.56008 3.70752 3.73693 3.73693 3.64107 3.42435 3.23436 3.06699 2.93496 2.91598 2.91598 2.91598 2.82414 2.74240 2.74478 2.99373 3.01719 2.95981 2.84754 2.90643 2.96534 3.01568 2.68693 2.66588 2.66738 2.68205 2.69976 2.71748 2.75995
9.34831 9.34831 9.34573 9.29945 9.23747 7.78606 7.28499 7.24044 7.20231 7.17703 6.58370 8.41304 11.4052 11.2066 11.2055 10.9139 10.5186 10.2939 10.3261 10.4418 10.5632 10.6831 10.7764 10.7878 10.7717 10.7558 10.7541 10.7541 10.7541 10.7541 10.7541 10.7544 10.7851 11.6236 12.5346 12.5618 10.9736 7.88516 3.54901 3.34303 3.16283 3.00391 2.91678 2.91598 2.91598 2.91598 2.91598 2.91598 2.91598 2.91598 2.87341 2.74533 2.76337 2.95514 3.07850 3.09766 3.07954 3.08299 3.10002 3.11775 2.87004 2.74071 2.78891 2.85480 2.91743 2.98022 3.01184
9.25619 9.17537 9.08551 9.03932 9.00881 8.12004 7.17643 7.17643 7.17643 7.17643 6.81795 6.75883 11.2985 11.2495 11.1538 10.9973 10.7478 10.7405 10.8081 10.7946 10.7754 10.7577 10.7541 10.7541 10.7541 10.7541 10.7541 10.7541 10.7753 10.8263 10.8774 10.9283 10.9487 11.1640 11.9777 11.2288 9.87302 7.96631 2.92088 2.91598 2.91598 2.91598 2.91598 2.91598 2.91598 2.91598 2.91598 2.92506 2.94520 2.96537 2.98224 2.83916 2.84083 2.94810 3.15107 3.16877 3.16730 3.17174 3.16572 3.14974 3.05049 2.98212 3.01293 3.01293 3.01293 3.01293 3.01293
