High_resolution/powerplant/Shangrao/OMI_NO2_200910.asc
ncols      200
nrows      200
xllcorner       115.451
yllcorner       27.0350
cellsize     0.0166667
NODATA_Value      -999.000
[rows 58 to 86 of 200, columns 0 to 66 of 200]
0.00000 5.08737 10.5637 10.9618 10.8120 9.85258 9.23335 8.49374 6.60807 5.35395 5.34045 5.34045 5.34045 5.33675 5.30438 5.26639 5.22802 5.18987 5.12430 5.02046 4.94472 5.01352 5.91466 5.95671 7.82431 7.48124 7.22703 7.21373 7.21373 7.21373 7.21373 7.21373 7.21373 7.21373 7.21373 7.21373 7.21373 7.21373 5.60326 4.89611 4.90983 4.92340 4.69635 4.57473 4.58839 4.60201 4.61572 4.62944 4.64305 4.65672 4.67036 4.68415 4.69308 4.69602 4.49360 3.65062 3.72219 3.72336 3.72220 2.64038 2.37213 2.40858 2.47302 2.53340 2.56029 2.65388 2.73060
0.00000 0.00000 8.81699 7.99254 6.12039 6.69602 6.84109 6.80622 6.27281 5.26587 5.22721 5.18888 5.15066 5.11515 5.06318 4.99389 4.97640 5.04443 5.14101 5.27913 5.41767 5.50439 5.30793 5.29530 6.80202 7.21373 7.21373 7.21373 7.21373 7.21373 7.21373 7.21373 7.21373 7.21373 7.21373 7.21373 7.21373 7.21373 6.34508 5.13119 5.13119 5.13119 5.00153 4.75509 4.75509 4.75509 4.75509 4.75381 4.74443 4.73363 4.72283 4.71202 4.70585 4.70582 4.69990 3.74433 3.74604 3.79137 3.81975 3.10988 2.52069 2.49497 2.44276 2.38744 2.35795 2.38323 2.59801
0.00000 2.30765 4.18258 4.43771 4.19170 5.16584 5.52651 5.35852 5.32993 5.13328 5.04308 5.02560 5.09359 5.16393 5.27913 5.41767 5.50439 5.50564 5.50564 5.50564 5.50564 5.50564 5.37930 5.28194 6.14011 7.21373 7.21373 7.21373 7.21373 7.21373 7.21373 7.21373 7.21373 7.21373 7.21373 7.21373 7.21373 7.21373 6.75105 5.31016 5.13119 5.13119 5.10655 4.75542 4.73838 4.73691 4.76060 4.78731 4.82174 4.85759 4.86657 4.80390 4.73722 4.67036 4.56055 4.06062 3.90874 3.85820 3.80996 3.32960 2.34415 2.34653 2.35782 2.35856 2.38677 2.42569 2.56365
2.30765 2.30765 2.38047 3.66165 3.69751 4.25856 5.28265 5.37331 5.46567 5.39070 5.41767 5.50439 5.50564 5.50564 5.50564 5.50564 5.50564 5.50564 5.50564 5.50564 5.50564 5.50564 5.45269 5.26681 5.69002 7.21373 7.21373 7.21373 7.21373 7.21373 7.21373 7.21373 7.21373 7.21373 7.21373 7.21373 7.21373 7.21373 6.96052 6.09153 5.59277 5.62125 5.64939 5.38655 5.32577 5.29558 5.19410 5.09122 4.98839 4.88555 4.80965 4.80570 4.80570 4.80570 4.78499 4.04745 3.89860 3.91172 3.91172 3.67580 2.34415 2.34417 2.45659 2.51368 2.51313 2.49557 2.54017
2.30765 2.30765 2.30765 3.15121 3.20564 3.22818 5.78083 5.85714 5.85714 5.72598 5.50564 5.50564 5.50564 5.50564 5.50564 5.50564 5.50564 5.50564 5.50564 5.50564 5.50564 5.50564 5.50384 5.27391 5.40657 7.19008 7.21373 7.21373 7.21373 7.21373 7.21373 7.21373 7.21373 7.21373 7.20760 7.19252 7.17738 7.16223 7.13362 6.50118 5.65410 5.55126 5.44843 5.16559 4.85144 4.80570 4.80570 4.80570 4.80570 4.80570 4.80570 4.80570 4.80570 4.80570 4.80570 4.25773 3.88659 3.82783 3.81323 3.77134 2.21620 2.13062 2.23444 2.31732 2.30987 2.30987 2.33666
2.30765 2.30765 2.30765 2.73960 3.10296 3.10296 5.25799 5.85714 5.85714 5.82969 5.51097 5.50564 5.50564 5.50564 5.50564 5.50564 5.50564 5.50564 5.54175 5.67110 5.80458 5.93837 6.07225 6.03995 6.08909 6.79899 7.21373 7.21373 7.21373 7.21292 7.20121 7.18606 7.17090 7.15575 7.06088 6.54848 5.97943 5.41067 4.84103 5.19969 5.20695 5.19753 5.19753 5.13258 4.80570 4.80570 4.80570 4.80570 4.80570 4.80570 4.80570 4.80570 4.80570 4.80570 4.80570 4.46705 3.92755 3.74485 3.73391 3.73373 2.52788 2.07744 2.13515 2.30987 2.29565 2.25726 2.21842
2.30765 2.30765 2.30765 2.42738 3.09868 3.10296 4.53695 5.85714 5.85714 5.85714 5.57082 5.50564 5.54603 5.67660 5.81007 5.94387 6.07791 6.21122 6.30906 6.31358 6.31358 6.31358 6.31312 6.20921 6.05229 6.43085 7.19471 7.17956 7.16441 7.00457 6.45531 5.88684 5.31661 4.74786 4.26463 4.20732 4.20732 4.20732 4.20732 4.87620 5.30494 5.19753 5.19753 5.19726 4.85636 4.80570 4.80570 4.80570 4.80570 4.80570 4.80570 4.80570 4.80570 4.80570 4.80570 4.68126 3.98539 3.77620 3.73391 3.73302 2.92667 2.05277 2.04044 2.13661 2.12748 2.12708 2.12708
2.30765 2.30765 2.30765 2.30765 2.99890 3.10296 3.63264 5.73914 5.65118 5.57139 5.82483 6.21679 6.31035 6.31358 6.31358 6.31358 6.31296 6.30113 6.28514 6.26921 6.25306 6.19393 6.10202 5.99977 5.64375 5.65141 5.79278 5.22373 4.65497 4.23024 4.20732 4.20732 4.20732 4.20732 4.20732 4.20732 4.20732 4.20732 4.20732 4.48969 5.42476 5.19753 5.19753 5.19753 4.97016 4.79268 4.77913 4.76542 4.75181 4.73816 4.72450 4.71089 4.69719 4.68363 4.66987 4.64972 3.96820 3.65793 3.57749 3.56090 3.15224 2.01995 2.01995 2.07889 2.13038 2.14084 2.15159
2.34854 2.56248 2.74423 2.88518 3.19241 3.37216 3.39941 5.15946 5.39218 5.39218 5.64899 6.30046 6.28449 6.26855 6.25257 6.23657 6.21630 6.15123 6.07486 5.93330 5.69694 5.50105 5.33841 5.17576 4.35382 4.42801 4.17776 4.20732 4.20732 4.20732 4.20732 4.20732 4.20732 4.20732 4.20732 4.20732 4.20732 4.20732 4.20732 4.17649 5.24657 4.99336 4.97978 4.96605 4.84313 4.56008 4.56008 4.56008 4.56008 4.56008 4.55786 4.54632 4.53373 4.52113 4.50855 4.50259 4.07854 3.62477 3.53220 3.53887 3.42231 2.06051 2.11151 2.18734 2.29365 2.33147 2.36910
3.14477 3.15248 3.15248 3.15248 3.20933 3.41121 3.42688 4.69690 5.43503 5.44678 5.49056 6.20409 6.20061 6.12868 5.98568 5.74737 5.51495 5.33678 5.17413 5.07663 5.07573 5.07573 5.07573 5.07573 4.60682 4.37556 4.22673 4.20732 4.20732 4.20732 4.20732 4.20732 4.20732 4.20732 4.20732 4.20732 4.20732 4.20732 4.20732 4.20732 5.05921 4.99155 4.95190 4.95190 4.93968 4.57665 4.55176 4.53918 4.52659 4.51399 4.50363 4.50895 4.52738 4.53511 4.50681 4.47554 4.21819 3.82995 3.74771 3.79012 3.84599 2.52400 2.35258 2.34364 2.39016 2.39319 2.39214
3.18726 3.21076 3.23427 3.25776 3.28110 3.47290 3.49247 4.16148 5.42604 5.28167 5.04317 5.37617 5.33965 5.17251 5.07647 5.07573 5.07573 5.07573 5.07573 5.07573 5.07573 5.07573 5.07573 5.07573 4.86439 4.27282 4.33151 4.20732 4.20732 4.20732 4.20732 4.20732 4.20732 4.20732 4.20732 4.20732 4.20732 4.20732 4.20732 4.20732 4.93002 5.25579 5.07312 5.04451 5.01586 4.81460 4.75097 4.76950 4.76385 4.73252 4.70142 4.66354 4.61393 4.57497 4.57210 4.57210 4.54033 4.15085 4.01711 3.97700 3.97700 2.97717 2.35258 2.35258 2.30243 2.25700 2.20988
3.28957 3.28957 3.28957 3.28957 3.27683 3.27070 3.16994 3.13652 4.36325 4.31990 4.31933 4.68738 5.07573 5.07573 5.07573 5.07573 5.07573 5.07573 5.07573 5.07573 5.07573 5.07573 5.07573 5.07573 5.06246 4.23749 4.39475 4.20732 4.20732 4.20732 4.20732 4.20732 4.20732 4.20732 4.20732 4.20732 4.20723 4.15562 4.06103 3.96649 4.46448 5.35831 5.07488 5.03666 4.98676 4.84113 4.64745 4.59760 4.57210 4.57210 4.57210 4.57210 4.57210 4.57210 4.57210 4.57210 4.57210 4.21788 4.06508 3.98807 3.99158 3.37221 2.38500 2.39025 2.30858 2.24344 2.24872
3.24783 3.21866 3.19404 3.17297 3.16046 3.11456 3.01651 3.01651 3.93894 4.31933 4.31933 4.48332 5.07573 5.07573 5.07573 5.07573 5.07573 5.07573 5.07573 5.07573 5.07573 5.05299 4.91453 4.75895 4.60430 3.83572 3.61838 4.12061 4.20732 4.20732 4.20732 4.20732 4.19641 4.11462 4.02003 3.92548 3.83098 3.78069 3.73238 3.67772 3.74722 5.34124 4.82741 4.81179 4.81179 4.78570 4.57276 4.57210 4.57210 4.57210 4.57210 4.57210 4.57210 4.57210 4.57210 4.57210 4.57210 4.32552 4.11596 4.01962 4.01962 3.71052 2.41652 2.41652 2.37543 2.25919 2.25919
3.16014 3.16014 3.16014 3.16014 3.16014 3.15649 3.02334 3.01651 3.56735 4.31933 4.31933 4.32567 5.02929 5.07573 5.07573 5.05046 4.90892 4.75436 4.59878 4.44385 4.28854 4.15608 4.13961 4.13961 4.13961 3.78437 3.38158 3.89508 4.16782 4.07361 3.97902 3.88444 3.78756 3.72265 3.66802 3.61337 3.55877 3.51145 3.50517 3.50517 3.49696 5.10628 4.92416 4.81179 4.81179 4.81179 4.61718 4.57210 4.57210 4.57210 4.57210 4.57210 4.57210 4.57210 4.57210 4.57210 4.57210 4.45877 4.13872 4.01984 4.01962 3.96863 2.41964 2.39189 2.36571 2.55379 2.67536
3.16014 3.16014 3.16014 3.16014 3.16014 3.16014 3.05716 3.01651 3.19564 4.31015 4.24936 4.18040 4.45314 4.43879 4.28311 4.15393 4.13961 4.13961 4.13961 4.13963 4.14850 4.16435 4.18018 4.19630 4.21856 4.14382 3.37569 3.54418 3.71328 3.65835 3.60367 3.54904 3.50769 3.50517 3.50517 3.50517 3.50517 3.50517 3.50517 3.50517 3.50517 4.81832 5.07813 4.81179 4.81179 4.81179 4.68794 4.57210 4.57210 4.57210 4.57034 4.56049 4.54963 4.53877 4.52794 4.51704 4.50626 4.49001 4.08282 3.94625 3.90681 3.89130 2.63063 2.31345 2.31345 2.59544 2.72896
3.16014 3.16014 3.16014 3.15401 3.08071 2.98886 2.86410 2.75016 2.68128 3.73255 3.91626 3.91626 4.02094 4.13972 4.14942 4.16528 4.18110 4.19695 4.21278 4.22988 4.24487 4.25387 4.19740 4.05023 3.89633 3.73987 3.29005 3.29075 3.50517 3.50517 3.50517 3.50517 3.50517 3.50517 3.50517 3.50517 3.50517 3.50517 3.50517 3.50517 3.50517 4.39636 5.12278 4.69162 4.68076 4.66993 4.60565 4.40856 4.39762 4.38683 4.37769 4.37671 4.37671 4.37096 4.34929 4.32668 4.30410 4.28176 3.99887 3.85953 3.82065 3.82015 3.00193 2.24843 2.21004 2.33439 2.57160
2.91088 2.81893 2.72708 2.64131 2.62271 2.62271 2.62189 2.61356 2.58378 3.26401 3.76910 3.71036 3.71281 4.22823 4.23557 4.23861 4.24747 4.19100 4.04409 3.89535 3.73987 3.58342 3.49244 3.49189 3.49189 3.49189 3.34234 3.26558 3.43768 3.50517 3.50517 3.50517 3.50517 3.50517 3.50517 3.50517 3.50517 3.50517 3.50517 3.50517 3.50517 3.88611 5.15984 4.64729 4.61640 4.61640 4.61407 4.39618 4.37586 4.35918 4.33659 4.31399 4.29140 4.27457 4.27364 4.27364 4.26835 4.22898 3.99673 3.73242 3.67306 3.66055 3.17405 2.05676 2.04311 2.09484 2.59090
2.62271 2.62271 2.59425 2.51667 2.43836 2.36000 2.28164 2.27980 2.26976 2.63781 3.57263 3.57808 3.52160 3.93234 3.89023 3.73973 3.58342 3.49244 3.49189 3.49189 3.49189 3.49189 3.49189 3.49189 3.49189 3.49189 3.42007 3.24045 3.36990 3.50517 3.50517 3.50517 3.50517 3.50517 3.50517 3.50517 3.50517 3.50517 3.50517 3.50517 3.50517 3.46326 4.96644 4.60829 4.37496 4.27859 4.17993 3.99542 3.88204 3.83316 3.79052 3.73448 3.66365 3.59227 3.52129 3.45010 3.38428 3.35232 3.34760 3.35430 3.34059 3.34059 3.19094 2.03915 2.03915 2.03915 2.48527
2.29351 2.21519 2.16529 2.16447 2.16447 2.16447 2.16447 2.22000 2.27513 2.31951 3.05257 2.92043 2.82945 3.20904 3.49189 3.49189 3.49189 3.49189 3.49189 3.49189 3.49189 3.49189 3.49189 3.49189 3.49189 3.49189 3.48492 3.23096 3.32033 3.50517 3.50517 3.50517 3.50517 3.50517 3.50517 3.50517 3.50517 3.50517 3.50517 3.50349 3.43011 3.31775 4.00779 3.96960 3.60077 3.59773 3.57638 3.51518 3.42330 3.39499 3.36670 3.35134 3.35131 3.35131 3.35131 3.35131 3.35131 3.35131 3.35131 3.35554 3.34210 3.33236 3.32877 2.03101 1.95592 1.93278 2.19453
2.16447 2.16447 2.16169 2.15055 2.13883 2.12711 2.11540 2.13748 2.26572 2.26572 2.66732 2.82890 2.82890 3.03165 3.49189 3.49189 3.49189 3.49189 3.49189 3.49189 3.49189 3.49189 3.49189 3.49189 3.49100 3.47693 3.45855 3.24854 3.19932 3.50095 3.50517 3.50517 3.50517 3.50517 3.50517 3.48493 3.38244 3.27123 3.16003 3.05050 2.99763 2.90179 3.57834 3.92536 3.48186 3.45476 3.44782 3.44163 3.35289 3.35131 3.35131 3.35131 3.35131 3.35131 3.35131 3.35131 3.35131 3.35131 3.35131 3.35156 3.22222 3.17183 3.17381 2.19270 1.75788 1.75788 1.88148
2.12882 2.11712 2.10817 2.10760 2.10760 2.10760 2.10760 2.10760 2.24691 2.26572 2.50730 2.82890 2.82890 2.86598 3.48008 3.49189 3.49189 3.49189 3.49069 3.47602 3.45763 3.43929 3.42092 3.40255 3.38505 3.38075 3.38075 3.26685 3.13965 3.38881 3.50512 3.44597 3.33476 3.22361 3.11235 2.99526 2.88357 2.77576 2.66800 2.56007 2.46747 2.45549 3.07113 3.87412 3.51160 3.44782 3.44782 3.44782 3.37495 3.35131 3.35131 3.35131 3.35131 3.35131 3.35131 3.35131 3.35131 3.35131 3.35131 3.35131 3.25665 3.17183 3.17183 2.55410 1.75788 1.76594 1.80448
2.10760 2.10760 2.10760 2.10760 2.10760 2.10760 2.10760 2.10760 2.20514 2.26572 2.34730 2.82890 2.82877 2.82721 3.31288 3.43837 3.42000 3.40164 3.38444 3.38075 3.38075 3.38075 3.38075 3.37166 3.34643 3.32066 3.29180 3.19440 2.89255 2.96626 3.02444 2.86546 2.75782 2.64995 2.54213 2.46045 2.45549 2.45549 2.45549 2.45549 2.45549 2.45549 2.66480 3.87378 3.63000 3.44782 3.44782 3.44782 3.40325 3.35131 3.35131 3.35131 3.35131 3.35131 3.35131 3.35131 3.35121 3.35050 3.34970 3.34890 3.29673 3.18426 3.20437 2.90677 1.88769 1.91420 1.91593
2.10760 2.10760 2.10760 2.10760 2.10760 2.10760 2.10755 2.10577 2.15158 2.26038 2.25840 2.74122 2.81776 2.81735 3.10038 3.38075 3.38075 3.37102 3.34568 3.31991 3.29435 3.26857 3.23288 3.17479 3.13088 3.08580 3.04215 3.03066 2.64686 2.50813 2.45649 2.45549 2.45549 2.45549 2.45549 2.45549 2.45549 2.45549 2.45549 2.45549 2.45549 2.45549 2.44645 3.73114 3.74356 3.44223 3.44142 3.44062 3.42349 3.34251 3.34171 3.34091 3.34011 3.33930 3.33850 3.33771 3.34582 3.37126 3.39722 3.42316 3.43823 3.25781 3.25515 3.16757 1.91621 1.94120 1.98238
2.10760 2.10619 2.10355 2.10091 2.09828 2.09564 2.09305 2.09220 2.09557 2.24567 2.25416 2.57369 2.79595 2.77949 2.89095 3.26785 3.24227 3.22624 3.20526 3.16166 3.11655 3.06961 3.03281 3.02727 3.02393 3.02207 3.02207 3.02207 2.71664 2.47971 2.44320 2.45549 2.45549 2.45549 2.45549 2.45549 2.45549 2.45549 2.45549 2.45549 2.45549 2.45549 2.45549 3.50049 3.84105 3.44477 3.43343 3.43343 3.43334 3.34891 3.33692 3.33895 3.36014 3.38608 3.41202 3.43794 3.45506 3.45546 3.45546 3.46158 3.49758 3.34581 3.32756 3.35269 2.33256 2.25597 2.28447
2.09343 2.09220 2.09220 2.09220 2.09220 2.08732 2.06658 2.04462 2.02267 2.13175 2.16909 2.32254 2.72074 2.71915 2.69848 3.12333 3.10035 3.05340 3.02723 3.02389 3.02207 3.02207 3.02207 3.02207 3.02207 3.02207 3.02207 3.02207 2.86762 2.49130 2.43629 2.45549 2.45549 2.45549 2.45549 2.45549 2.45549 2.45549 2.45549 2.45549 2.45549 2.45549 2.45549 3.25030 3.85973 3.53900 3.41369 3.39061 3.35494 3.32813 3.34997 3.35953 3.34991 3.33571 3.33734 3.36294 3.38864 3.41437 3.44017 3.45986 3.43395 3.22041 3.13474 3.12879 2.63649 2.31790 2.31790
2.08021 2.04753 2.02558 2.00360 1.98167 1.96460 1.96339 1.96339 1.96339 2.04072 2.12982 2.15253 2.56827 2.53352 2.51854 2.87493 3.02207 3.02207 3.02207 3.02207 3.02207 3.02207 3.02207 3.02207 3.02207 3.02207 3.02207 3.02207 3.00139 2.50199 2.45849 2.45549 2.45549 2.45549 2.45549 2.45549 2.45549 2.45549 2.45549 2.45549 2.45549 2.45549 2.45313 2.81237 3.57231 3.34508 3.09392 3.08098 3.08196 3.14448 3.26816 3.30824 3.34827 3.38836 3.41244 3.41268 3.41268 3.41268 3.41268 3.41268 3.41223 3.24189 3.12879 3.12879 2.82322 2.31752 2.31501
2.05451 1.96339 1.96339 1.96339 1.96339 1.99180 2.08084 2.16056 2.23010 2.28066 2.18598 2.18379 2.42548 2.51678 2.51678 2.74030 3.02207 3.02207 3.02207 3.02207 3.02207 3.02207 3.02207 3.02207 3.02207 3.02207 3.02207 3.02181 3.00268 2.58219 2.39758 2.45549 2.45549 2.45549 2.45549 2.45549 2.45549 2.45549 2.44283 2.40077 2.35754 2.31430 2.27345 2.31874 3.44356 3.36457 3.20400 3.24400 3.28300 3.29899 3.40819 3.41268 3.41268 3.41268 3.41268 3.41268 3.41268 3.41268 3.41268 3.41268 3.41268 3.30984 3.11201 3.10967 2.95553 2.28396 2.28365
2.20218 2.04413 2.13107 2.20648 2.27240 2.31445 2.31611 2.31611 2.31611 2.31611 2.21718 2.18379 2.33144 2.51678 2.51678 2.60563 3.02206 3.02207 3.02207 3.02207 3.02207 3.02156 3.00132 2.97058 2.93989 2.90918 2.87854 2.84806 2.83652 2.59771 2.30233 2.43141 2.45549 2.45462 2.42519 2.38198 2.33875 2.29551 2.24500 2.16156 2.07485 1.98814 1.90143 1.82771 3.07409 3.28272 3.29374 3.29478 3.29478 3.29478 3.37792 3.41268 3.41268 3.41268 3.41268 3.41268 3.41268 3.41268 3.41268 3.41268 3.41268 3.36653 3.12697 3.10595 3.08743 2.28518 2.28365
2.82346 2.31604 2.31611 2.31611 2.31611 2.31611 2.31611 2.31611 2.31611 2.31611 2.25673 2.18379 2.23743 2.51678 2.51678 2.51850 2.95353 2.96918 2.93851 2.90779 2.87710 2.84691 2.83652 2.83652 2.83652 2.83652 2.84150 2.86524 2.89058 2.83330 2.43785 2.37807 2.31994 2.24579 2.14607 2.05940 1.97274 1.88594 1.81921 1.81472 1.81472 1.81472 1.81472 1.81472 2.85342 3.28264 3.29041 3.29478 3.29478 3.29478 3.34339 3.41268 3.41268 3.41268 3.41268 3.41268 3.39988 3.36346 3.33040 3.40162 3.41268 3.40080 3.16705 3.09994 3.08741 2.38232 2.18957
