High_resolution/powerplant/Shangrao/OMI_NO2_2009_06-08.asc
ncols      200
nrows      200
xllcorner       115.451
yllcorner       27.0350
cellsize     0.0166667
NODATA_Value      -999.000
[rows 60 to 89 of 175, columns 66 to 131 of 200]
1.70565 1.71318 1.64474 1.67131 1.73521 1.83476 1.86051 1.85599 1.86540 1.89719 1.91249 1.90198 1.91284 1.89456 1.87922 1.87226 1.86924 1.89226 1.92826 1.94200 1.85407 1.70057 1.60480 1.58301 1.44662 1.40172 1.46015 1.45393 1.48525 1.48391 1.49046 1.46601 1.47026 1.49120 1.50749 1.53198 1.64576 1.72183 1.75763 1.75378 1.90299 2.15237 2.14718 2.11735 2.14929 2.08674 2.04450 1.95520 1.89441 1.84628 1.81485 1.85445 1.91593 1.78979 1.78269 1.79048 1.75585 1.73125 1.71151 1.71445 1.74275 1.81545 1.69733 1.56421 1.58900 1.58900
1.73800 1.73555 1.71649 1.68669 1.74899 1.80693 1.85657 1.85133 1.85083 1.84945 1.85602 1.84488 1.85335 1.85639 1.85808 1.86680 1.86680 1.88074 1.86737 1.86419 1.75010 1.64073 1.57911 1.57643 1.52244 1.47088 1.47936 1.45133 1.44144 1.42139 1.43796 1.42864 1.44021 1.47747 1.51072 1.51772 1.60482 1.66319 1.68797 1.67214 1.72779 1.94690 2.00129 1.91564 1.89115 1.83535 1.79750 1.76576 1.77602 1.76952 1.77593 1.80555 1.89791 1.75481 1.71064 1.72138 1.75401 1.78566 1.79687 1.79548 1.80252 1.87133 1.85877 1.58886 1.61197 1.61483
1.73574 1.73327 1.72591 1.66959 1.72005 1.74765 1.82987 1.82280 1.82369 1.82449 1.85045 1.84935 1.85814 1.85887 1.84355 1.84184 1.83444 1.82925 1.70941 1.68220 1.62253 1.52812 1.53313 1.53352 1.49590 1.43540 1.45162 1.43679 1.43838 1.41870 1.42749 1.42173 1.42459 1.44997 1.48743 1.50684 1.55559 1.61767 1.64521 1.61873 1.60697 1.68773 1.79592 1.78788 1.81076 1.79783 1.79166 1.75652 1.74623 1.71795 1.70507 1.71186 1.85845 1.81932 1.77530 1.78426 1.78426 1.78426 1.77832 1.77714 1.79693 1.83930 1.86553 1.65033 1.63691 1.65687
1.70816 1.67289 1.63661 1.56844 1.63652 1.68105 1.81296 1.82369 1.81649 1.79917 1.81300 1.80684 1.78689 1.76728 1.75136 1.73944 1.71578 1.69225 1.63804 1.62913 1.61050 1.52606 1.52157 1.52892 1.50829 1.42196 1.42919 1.41905 1.41685 1.40354 1.41856 1.43116 1.44282 1.45515 1.49068 1.49379 1.49107 1.51060 1.56764 1.57074 1.58097 1.64121 1.79478 1.79464 1.80847 1.77028 1.74485 1.69768 1.74138 1.75869 1.80722 1.78099 1.86725 1.86745 1.75989 1.77780 1.78911 1.80042 1.80371 1.81898 1.82958 1.83408 1.83354 1.67376 1.57081 1.57223
1.58498 1.61277 1.60875 1.59188 1.66050 1.72388 1.76628 1.74179 1.71487 1.71579 1.71847 1.73109 1.71012 1.70954 1.70795 1.70276 1.70573 1.70444 1.68239 1.65068 1.63348 1.53394 1.47583 1.48493 1.50548 1.40036 1.41790 1.42896 1.43343 1.42531 1.42763 1.40804 1.39044 1.38958 1.46363 1.51460 1.56648 1.55872 1.62042 1.67530 1.71336 1.65710 1.75313 1.71247 1.77115 1.75925 1.81148 1.78608 1.82165 1.81668 1.85544 1.84756 1.91728 2.03014 1.84613 1.84841 1.84841 1.84282 1.81069 1.79537 1.80605 1.78275 1.73256 1.66253 1.47669 1.47080
1.63573 1.71169 1.71266 1.71106 1.69592 1.75731 1.75246 1.67881 1.67694 1.68641 1.67175 1.69666 1.68120 1.68621 1.68934 1.68991 1.69560 1.69855 1.69600 1.63785 1.61839 1.54867 1.46358 1.49272 1.51101 1.39161 1.35732 1.33092 1.33551 1.36126 1.41732 1.45037 1.51178 1.57146 1.65251 1.67632 1.70541 1.60845 1.59927 1.62644 1.66296 1.60849 1.74754 1.82106 1.90490 1.87418 1.92101 1.90403 1.93927 1.91502 1.90510 1.90510 1.91584 2.03916 1.87370 1.80904 1.78157 1.75997 1.77124 1.79048 1.80196 1.81423 1.78243 1.77336 1.55866 1.45452
1.68730 1.78009 1.76740 1.79028 1.71418 1.75875 1.79046 1.67914 1.67942 1.69214 1.67023 1.69837 1.68128 1.67754 1.66790 1.65532 1.64442 1.63138 1.62823 1.57522 1.51943 1.45465 1.33448 1.34332 1.38448 1.38179 1.42221 1.44296 1.49301 1.51316 1.62416 1.67706 1.70560 1.72384 1.75889 1.72444 1.70847 1.66013 1.62895 1.71670 1.76697 1.73104 1.81313 1.87467 1.92887 1.88435 1.93964 1.89589 1.90751 1.88567 1.86489 1.85514 1.84997 1.87788 1.82330 1.77589 1.77534 1.81820 1.83224 1.87778 1.86431 1.86413 1.82769 1.80986 1.75616 1.69359
1.73560 1.81553 1.80265 1.82562 1.69337 1.68232 1.70124 1.60401 1.56978 1.56465 1.54162 1.55401 1.55619 1.56019 1.55713 1.57223 1.58303 1.59809 1.59498 1.54942 1.46286 1.42222 1.40771 1.37901 1.48773 1.50681 1.56667 1.63124 1.68491 1.72100 1.76563 1.79546 1.82623 1.82172 1.83425 1.78485 1.74784 1.71903 1.64591 1.76588 1.82490 1.78049 1.80937 1.91108 1.94536 1.92017 1.95249 1.89774 1.91099 1.88879 1.92961 1.96763 1.96838 1.97577 2.02103 1.86072 1.83945 1.86692 1.84986 1.85246 1.81009 1.75802 1.71945 1.69819 1.63964 1.58516
1.96828 2.07666 2.03650 2.05223 1.76829 1.65757 1.66296 1.57501 1.51423 1.51778 1.50698 1.52982 1.54541 1.56670 1.57722 1.58319 1.57782 1.57782 1.57782 1.56495 1.50304 1.44680 1.48903 1.48132 1.59627 1.74186 1.94173 1.97375 1.96705 1.86677 1.83434 1.84674 1.84654 1.82780 1.84654 1.83454 1.79451 1.78061 1.75998 1.81682 1.90561 1.87837 1.89968 1.93258 1.92428 1.89544 1.94132 1.90545 1.97178 2.00719 2.01290 2.01284 2.01973 2.00529 2.10263 1.89399 1.83773 1.83595 1.76717 1.75625 1.67957 1.66439 1.66939 1.67382 1.64034 1.60040
1.94885 2.04468 1.98655 2.03883 1.79766 1.65678 1.66094 1.61289 1.52063 1.54066 1.55359 1.56074 1.56154 1.57414 1.57414 1.57944 1.57512 1.58150 1.59571 1.60797 1.62886 1.58850 1.61172 1.58682 1.61586 1.76017 1.98531 1.98558 1.96096 1.85494 1.81772 1.83958 1.83479 1.81120 1.81966 1.81110 1.77929 1.74204 1.78395 1.79005 1.88044 1.86384 1.86927 1.86764 1.86425 1.83991 1.88534 1.85831 1.92806 2.00406 2.00533 1.98826 1.97918 1.93657 1.92295 1.77946 1.65955 1.68360 1.64811 1.67776 1.65730 1.65730 1.65756 1.67525 1.65744 1.63435
1.85600 1.91122 1.89458 1.99068 1.85765 1.74929 1.76064 1.71374 1.56978 1.56862 1.56564 1.57454 1.58260 1.59983 1.60864 1.62666 1.64115 1.66189 1.67624 1.69169 1.72539 1.69512 1.68459 1.62033 1.60431 1.71926 1.89079 1.92402 1.87684 1.75306 1.76212 1.77259 1.77192 1.75441 1.74860 1.72735 1.70034 1.66632 1.72407 1.70452 1.86314 1.87115 1.88524 1.86791 1.89690 1.85751 1.89652 1.85566 1.86514 1.94815 1.94355 1.89549 1.88230 1.83898 1.83800 1.81850 1.66069 1.71272 1.68351 1.69162 1.67508 1.68254 1.68995 1.70577 1.68355 1.67427
1.94595 2.09424 2.15736 2.16378 2.04324 1.82224 1.75977 1.73044 1.64424 1.64261 1.67776 1.70926 1.73572 1.75435 1.77138 1.78552 1.79720 1.79848 1.79848 1.79853 1.81056 1.80073 1.74414 1.65409 1.57969 1.67612 1.81722 1.92294 1.87980 1.74541 1.73626 1.71650 1.68161 1.63754 1.63662 1.62106 1.61801 1.70224 1.75483 1.73669 1.82669 1.85092 1.83956 1.75262 1.76100 1.77411 1.78682 1.73068 1.71469 1.76669 1.84016 1.81684 1.79818 1.75992 1.71414 1.79461 1.69605 1.74846 1.70868 1.70868 1.68486 1.68282 1.67274 1.66483 1.64517 1.63844
2.11060 2.13301 2.10682 2.08058 1.98961 1.77266 1.74067 1.78670 1.78997 1.78938 1.81653 1.80503 1.80590 1.80631 1.80817 1.80846 1.80669 1.80313 1.79957 1.79594 1.79679 1.80974 1.72546 1.70371 1.57956 1.63514 1.75598 1.88159 1.83644 1.78964 1.82656 1.73965 1.61675 1.59858 1.63453 1.64269 1.60897 1.71363 1.74169 1.70956 1.69735 1.72487 1.74135 1.66313 1.64633 1.65571 1.64878 1.63317 1.60410 1.63122 1.72600 1.69618 1.69528 1.67850 1.64068 1.74392 1.68859 1.73932 1.67980 1.66169 1.64157 1.62118 1.61237 1.61017 1.61422 1.62073
2.02524 2.01873 2.02644 2.03232 2.00937 1.83140 1.73565 1.80557 1.79709 1.78424 1.81166 1.79558 1.79136 1.78857 1.78415 1.78048 1.77900 1.78351 1.79207 1.77928 1.78765 1.84010 1.78394 1.87143 1.70495 1.75315 1.89917 2.06551 2.02784 1.97182 1.97182 1.92778 1.75957 1.69988 1.68563 1.64051 1.57241 1.60664 1.69824 1.67370 1.62266 1.61695 1.61046 1.56142 1.52259 1.52665 1.54723 1.53408 1.52618 1.53295 1.66606 1.65161 1.65457 1.63942 1.61119 1.65173 1.61979 1.64139 1.58287 1.58347 1.58408 1.58468 1.58509 1.58510 1.58734 1.57147
2.01278 2.01487 2.00002 1.99452 1.99369 1.85527 1.75422 1.82899 1.78582 1.76281 1.79272 1.78208 1.79203 1.80627 1.81695 1.82875 1.83710 1.86234 1.89880 1.91213 1.97160 2.01146 1.93284 1.93750 1.78825 1.76311 1.86815 2.05243 1.99726 1.90740 1.86044 1.80155 1.60061 1.52768 1.54651 1.54176 1.51602 1.52234 1.61954 1.62172 1.57795 1.53965 1.55519 1.54560 1.50643 1.51914 1.55487 1.54753 1.55138 1.55433 1.67336 1.69011 1.67474 1.64527 1.61034 1.61281 1.66061 1.67183 1.63427 1.63427 1.63398 1.66329 1.71050 1.76093 1.73609 1.57562
2.05854 2.09253 2.11145 2.13091 2.16584 2.03244 1.83549 1.88188 1.82575 1.79788 1.81059 1.81019 1.81472 1.84269 1.86384 1.89257 1.92130 1.93434 1.93434 1.91575 1.93434 1.94807 1.93184 1.90642 1.84574 1.74912 1.78181 1.81124 1.77273 1.75629 1.75124 1.73679 1.64098 1.54778 1.57318 1.58109 1.55303 1.55404 1.62154 1.64620 1.61710 1.55464 1.57146 1.56947 1.53519 1.51793 1.57627 1.55198 1.54118 1.52858 1.57380 1.62236 1.61801 1.61460 1.59934 1.59315 1.68256 1.67940 1.68916 1.73715 1.80338 1.84777 1.86258 1.89784 1.86474 1.61860
2.12880 2.15240 2.15240 2.15785 2.17314 2.08799 1.87001 1.85904 1.88715 1.86629 1.87348 1.90662 1.93536 1.95922 1.93475 1.93434 1.93434 1.93434 1.93434 1.91565 1.94684 1.94385 1.92918 1.85070 1.81985 1.67486 1.66833 1.70134 1.71982 1.72098 1.72098 1.71187 1.67150 1.51786 1.57569 1.58408 1.56183 1.58334 1.58225 1.63652 1.62056 1.55517 1.53790 1.51526 1.47881 1.42133 1.52232 1.51099 1.51690 1.51690 1.53620 1.60523 1.59084 1.61154 1.65716 1.69432 1.80512 1.84374 1.84721 1.86732 1.87378 1.87378 1.86131 1.87609 1.85606 1.65405
2.10912 2.12880 2.12880 2.15262 2.18231 2.20692 2.06169 2.01205 2.15984 2.08231 2.01858 2.02706 2.01530 2.02706 2.00570 2.00087 1.99961 1.99167 1.98445 1.96112 1.98964 1.96820 1.93759 1.86787 1.82977 1.69184 1.65488 1.69473 1.73161 1.73200 1.73408 1.72537 1.73539 1.56394 1.62007 1.62487 1.58403 1.60024 1.54451 1.61914 1.59395 1.49762 1.47963 1.46031 1.46271 1.39242 1.51977 1.52280 1.52742 1.53960 1.57329 1.71065 1.76754 1.81006 1.83099 1.82935 1.86136 1.90550 1.87076 1.87076 1.86584 1.85087 1.82411 1.83012 1.79052 1.68528
2.17368 2.24436 2.32623 2.38177 2.41530 2.43252 2.23672 2.01977 2.17599 2.08670 2.00880 1.98935 1.96003 1.95207 1.90950 1.88043 1.85850 1.84522 1.83236 1.80672 1.82272 1.77338 1.78430 1.76529 1.74127 1.71506 1.68235 1.72371 1.76184 1.75181 1.75209 1.74533 1.74683 1.60865 1.60614 1.61448 1.60373 1.64309 1.60259 1.56324 1.56461 1.48713 1.44215 1.45381 1.45790 1.40772 1.51524 1.61091 1.65108 1.70098 1.72268 1.80602 1.85696 1.85114 1.85236 1.83427 1.80567 1.86661 1.79789 1.78372 1.77414 1.77298 1.76681 1.78530 1.76466 1.80387
2.43705 2.46770 2.46883 2.43659 2.43778 2.43240 2.31899 2.06358 2.04941 1.95610 1.86693 1.84804 1.81915 1.81978 1.79370 1.78603 1.78769 1.78938 1.79048 1.77467 1.80846 1.75008 1.78309 1.81080 1.73854 1.76718 1.75287 1.77482 1.74058 1.70833 1.67687 1.62733 1.61943 1.56519 1.49885 1.50067 1.47530 1.48005 1.46579 1.42614 1.42740 1.37372 1.39228 1.46776 1.50033 1.52441 1.61611 1.73243 1.73358 1.74002 1.72964 1.76486 1.82356 1.80472 1.80244 1.78649 1.76465 1.84946 1.77455 1.76962 1.76184 1.79073 1.80943 1.85897 1.88879 1.89260
2.51718 2.48632 2.49218 2.46893 2.47092 2.44089 2.36860 2.12475 2.04200 2.00598 1.91351 1.88549 1.86061 1.85868 1.82449 1.80848 1.79983 1.77580 1.77110 1.74468 1.79218 1.77363 1.82086 1.85981 1.77752 1.68315 1.65783 1.59724 1.53687 1.52753 1.52686 1.52289 1.52686 1.51771 1.43145 1.44591 1.42626 1.42819 1.42638 1.42504 1.46646 1.47263 1.48461 1.57041 1.57812 1.54716 1.57457 1.69349 1.67697 1.68874 1.68874 1.71126 1.80447 1.79562 1.80597 1.78499 1.77422 1.79795 1.80883 1.82316 1.85229 1.87526 1.83152 1.86444 1.87510 1.88788
2.64586 2.49719 2.49268 2.44275 2.43163 2.42352 2.40401 2.21062 2.08670 2.11519 1.99055 1.94022 1.91203 1.91236 1.89376 1.89805 1.90479 1.92351 1.95376 1.92797 1.94972 1.87902 1.86063 1.82675 1.76789 1.63108 1.64138 1.62068 1.57439 1.53293 1.53733 1.53258 1.53321 1.52814 1.44973 1.43910 1.42761 1.43736 1.47743 1.55980 1.68924 1.76961 1.73409 1.54458 1.53937 1.50968 1.52592 1.62580 1.66242 1.67424 1.67467 1.68283 1.75894 1.77386 1.82938 1.86999 1.92391 1.89364 1.92411 1.88742 1.88690 1.89912 1.86164 1.88387 1.85131 1.84607
2.85268 2.50334 2.36312 2.32405 2.34937 2.35367 2.35188 2.17091 2.14693 2.15676 1.94549 1.91283 1.87555 1.88267 1.88991 1.88523 1.85823 1.83895 1.82425 1.77088 1.79358 1.77349 1.78423 1.79285 1.76894 1.63382 1.63805 1.61765 1.59998 1.52787 1.52677 1.52170 1.54410 1.58424 1.58443 1.59112 1.63482 1.67287 1.68219 1.70021 1.78088 1.85384 1.79681 1.62680 1.58019 1.54993 1.54434 1.63072 1.66060 1.67336 1.72468 1.83430 1.94912 2.00796 2.03019 2.06259 2.06979 1.96492 1.92462 1.87065 1.84311 1.83812 1.74573 1.74032 1.73046 1.74164
2.97055 2.70718 2.38210 2.33907 2.36013 2.36153 2.38247 2.21031 2.14298 2.17398 2.01407 1.95499 1.85645 1.82113 1.78578 1.75481 1.77292 1.79358 1.80459 1.77826 1.80674 1.78600 1.79901 1.81893 1.81867 1.73030 1.67232 1.64675 1.68730 1.66838 1.70995 1.75808 1.74845 1.73948 1.72553 1.66681 1.67528 1.68219 1.67784 1.67388 1.73175 1.81906 1.81604 1.74007 1.69890 1.74839 1.89059 2.01796 2.00541 2.09310 2.13973 2.15116 2.12172 2.06254 2.04976 2.05544 2.02470 1.89105 1.75796 1.65462 1.56905 1.63807 1.57193 1.58835 1.60591 1.59826
3.05525 2.91747 2.43122 2.37544 2.42273 2.42140 2.43553 2.30257 2.14493 2.11058 1.95356 1.83671 1.78331 1.78329 1.78329 1.78329 1.80538 1.83210 1.83919 1.82001 1.85989 1.85953 1.87800 1.89757 1.87190 1.80119 1.63488 1.63270 1.80057 1.78969 1.76543 1.76543 1.73225 1.71715 1.71097 1.63786 1.63436 1.63631 1.64615 1.72083 1.83152 2.06481 2.20230 2.25753 2.20555 2.29791 2.34268 2.35627 2.25835 2.21632 2.19683 2.19363 2.16357 2.05700 1.99077 1.95344 1.91077 1.87019 1.73830 1.67837 1.55087 1.62655 1.54412 1.59117 1.64112 1.58536
3.07798 2.99860 2.50911 2.33057 2.31071 2.24891 2.17480 2.04496 1.93818 1.96852 1.92001 1.82461 1.78048 1.78634 1.79671 1.80898 1.84070 1.88378 1.90028 1.86852 1.88403 1.87785 1.88042 1.88316 1.87003 1.84932 1.63503 1.62561 1.73940 1.77707 1.73610 1.72786 1.68504 1.68016 1.68639 1.69865 1.76987 1.91444 2.02854 2.14886 2.18088 2.38731 2.40469 2.42944 2.28642 2.28453 2.30204 2.28550 2.23823 2.13532 2.07319 2.05071 2.01658 1.95993 1.85397 1.82741 1.78297 1.76467 1.65832 1.66066 1.54144 1.66146 1.61974 1.65296 1.68025 1.63673
3.01867 2.95837 2.53674 2.18236 2.12664 2.12664 2.10481 2.06807 1.92918 1.96739 1.95333 1.82803 1.83446 1.85940 1.88022 1.89858 1.90857 1.93287 1.94917 1.91387 1.93072 1.93341 1.92991 1.92739 1.87077 1.85616 1.67809 1.60969 1.67466 1.79482 1.78443 1.85986 1.89841 1.94069 1.95690 1.97498 2.08288 2.15187 2.11596 2.17260 2.10419 2.28147 2.34065 2.38529 2.20686 2.12045 2.08843 2.04266 2.02733 1.91502 1.86448 1.87538 1.86202 1.83641 1.71127 1.70838 1.70548 1.70287 1.62025 1.61686 1.50049 1.65129 1.62278 1.66014 1.66167 1.56753
3.15839 3.08874 2.76508 2.15952 2.11949 2.11536 2.08668 2.07777 2.01021 2.03261 2.05775 1.98105 1.95274 1.96335 1.96129 1.93749 1.95220 1.94644 1.96603 1.92004 1.91816 1.90895 1.89031 1.88176 1.81515 1.79891 1.68037 1.60782 1.79666 2.02206 2.02764 2.01780 1.97488 1.95411 1.93028 1.93061 2.08155 2.14599 2.06612 2.11468 1.98408 2.14585 2.15576 2.19530 2.00313 1.88610 1.91461 1.85552 1.91065 1.81140 1.78292 1.81540 1.84699 1.87606 1.71150 1.71052 1.71052 1.71086 1.67498 1.67395 1.53014 1.66733 1.58304 1.55387 1.55113 1.48085
3.23098 3.17190 3.00316 2.21223 2.12536 2.15613 2.17644 2.19492 2.13636 2.07188 2.06959 2.00694 1.93489 1.94165 1.93345 1.89778 1.91065 1.89831 1.92049 1.87179 1.84102 1.82364 1.80936 1.79937 1.75224 1.75547 1.70423 1.64112 1.76481 1.94998 1.98675 1.98668 1.95330 1.93633 1.88578 1.82340 1.89183 1.94904 1.81348 1.94770 1.86258 1.99600 1.97493 2.07317 2.00708 1.87963 1.91436 1.87741 1.92992 1.86182 1.81616 1.87231 1.90545 1.95524 1.81375 1.81511 1.81568 1.79488 1.74253 1.60223 1.46462 1.55224 1.49081 1.51378 1.52849 1.47729
3.03581 2.98301 2.96128 2.58323 2.27381 2.27023 2.22194 2.14746 2.02802 1.91548 1.83268 1.80473 1.76578 1.76718 1.75891 1.72899 1.75739 1.71940 1.74804 1.73461 1.74617 1.75975 1.75707 1.77634 1.73305 1.75453 1.70231 1.66244 1.72341 1.87393 1.93270 1.88004 1.78255 1.69509 1.60084 1.56825 1.63417 1.78419 1.67696 1.78088 1.70293 1.83678 1.76197 1.92445 1.97275 1.85534 1.87769 1.84054 1.87995 1.89627 1.85275 1.93212 1.97445 1.98127 1.77997 1.67347 1.63516 1.61609 1.62006 1.53100 1.44549 1.53554 1.51227 1.56305 1.60442 1.60175
