High_resolution/powerplant/Shangrao/OMI_NO2_201107.asc
ncols      200
nrows      200
xllcorner       115.451
yllcorner       27.0350
cellsize     0.0166667
NODATA_Value      -999.000
[rows 116 to 144 of 200, columns 0 to 66 of 200]
1.85101 1.89612 1.94148 1.98660 2.45521 2.51816 2.52246 2.66329 2.85421 3.23121 3.67094 4.21596 4.35248 4.43273 4.43320 4.43320 4.43320 4.43320 4.43320 4.57377 4.77347 3.79756 3.33548 3.33548 3.33548 3.33548 3.33548 3.33548 3.33548 3.33329 3.32724 3.32112 3.31500 3.31209 3.31209 3.31209 3.31209 3.31209 3.30926 3.31663 3.27431 2.80000 2.83316 3.02329 3.06649 2.13396 2.05749 2.00036 1.94322 1.89193 1.88341 1.88341 1.88341 1.88341 1.84008 1.18532 1.17453 1.17453 1.17453 1.18763 1.11882 1.11070 1.12823 1.13591 1.13591 1.13591 1.13591
2.00377 2.00441 2.02604 2.26267 2.74638 3.12213 3.36746 3.50516 3.59635 3.75174 3.96497 4.38321 4.43320 4.43320 4.43320 4.43320 4.43320 4.43320 4.43320 4.48877 4.73424 4.23734 3.33548 3.33548 3.33548 3.33411 3.32832 3.32220 3.31608 3.31216 3.31209 3.31209 3.31209 3.31209 3.31209 3.33283 3.37785 3.40321 3.37643 3.31496 3.19116 3.14146 3.11570 3.05856 3.01207 2.16838 1.88341 1.88341 1.88341 1.88341 1.88341 1.88341 1.88341 1.88341 1.88341 1.34841 1.21220 1.23858 1.26494 1.27821 1.20387 1.13591 1.13591 1.13591 1.13591 1.13591 1.13591
2.33124 2.90980 3.21318 3.35987 3.51170 3.63334 3.63277 3.63224 3.63212 3.66951 3.96305 4.24420 4.43320 4.43320 4.43320 4.43320 4.43320 4.43320 4.43320 4.43420 4.67466 4.61637 3.37922 3.32329 3.31717 3.31242 3.31209 3.31209 3.31209 3.31209 3.31392 3.34568 3.39190 3.39700 3.36307 3.28243 3.17325 3.09336 3.06975 2.96353 2.95676 2.98140 3.00780 3.00780 3.00780 2.51475 1.88341 1.88341 1.88341 1.88341 1.88341 1.89312 1.91925 1.94561 1.97198 1.63556 1.27821 1.27821 1.27821 1.27821 1.25182 1.13594 1.13591 1.13591 1.13591 1.13591 1.13994
2.81517 3.49487 3.49455 3.49455 3.50037 3.62807 3.63212 3.63212 3.63212 3.63212 3.91081 4.11896 4.43320 4.43320 4.43320 4.43320 4.43320 4.43423 4.45925 4.49432 4.61978 4.76264 3.59588 3.31209 3.31209 3.31209 3.31937 3.35898 3.40112 3.38284 3.33080 3.23494 3.12621 3.07062 3.05643 3.05599 3.05599 3.05599 3.05599 2.98834 2.95676 2.96770 3.00780 3.00780 3.00780 2.86032 1.88442 1.89162 1.91741 1.94379 1.97015 1.98684 1.98709 1.98709 1.98709 1.83064 1.27821 1.27821 1.27821 1.27821 1.27821 1.15179 1.16552 1.23565 1.30604 1.37637 1.44273
2.51957 3.44403 3.49455 3.49455 3.49455 3.59816 3.63212 3.63212 3.63212 3.63212 3.81498 4.00756 4.43284 4.43320 4.44942 4.48447 4.51952 4.55355 4.56359 4.56359 4.59445 4.72489 4.09719 3.37280 3.39751 3.35501 3.29246 3.18728 3.08558 3.05634 3.05599 3.05599 3.05599 3.05599 3.05599 3.05599 3.05599 3.05599 3.05599 3.01580 2.95676 2.95797 3.00495 2.95481 2.71575 2.46088 1.99822 1.98652 1.98709 1.98709 1.98709 1.98709 1.98709 1.98709 1.98709 1.97815 1.32556 1.27821 1.27821 1.27821 1.27821 1.37156 1.45784 1.46155 1.47017 1.47882 1.48748
2.41411 3.21694 3.49455 3.49455 3.49455 3.56060 3.63212 3.63212 3.63212 3.64488 3.80041 4.16060 4.48368 4.54473 4.56356 4.56359 4.56359 4.56427 4.79041 5.25159 5.87254 6.63743 6.39785 3.18743 3.05999 3.05599 3.05599 3.05599 3.05599 3.05599 3.05599 3.05599 3.05599 3.05599 3.05599 3.05599 3.05599 3.05599 3.05599 3.02438 2.79175 2.62168 2.32794 2.04814 2.03204 2.03204 2.00893 1.98709 1.98709 1.98709 1.98709 1.98709 1.98709 1.98709 1.98709 1.98709 1.51164 1.27858 1.28784 1.30081 1.31379 1.38360 1.49910 1.50426 1.50430 1.50430 1.50430
2.31444 2.94443 3.49455 3.49897 3.54201 3.61994 3.77957 3.85756 3.94578 4.02118 4.07490 4.55733 4.56359 4.57395 4.89587 5.48536 6.11773 6.76824 7.19344 7.38326 7.41615 7.49078 7.21019 3.67193 3.05599 3.05599 3.05599 3.05599 3.05599 3.05599 3.05599 3.05599 3.05599 3.05599 3.05599 3.04851 2.92049 2.75045 2.58047 2.42929 2.32103 2.30625 2.21907 2.03204 2.03204 2.03204 2.02275 1.98709 1.98709 1.98709 1.98709 1.98709 1.98896 2.00457 2.02292 2.04128 1.77111 1.34383 1.34756 1.34756 1.34756 1.35304 1.49882 1.50430 1.50430 1.50560 1.52776
2.31213 2.71022 3.75479 3.85620 3.90433 3.93941 4.03384 4.04636 4.04636 4.08989 4.49225 5.54277 6.36513 7.00638 7.33529 7.39750 7.41621 7.41621 7.41621 7.41621 7.41621 7.45481 7.37400 4.95906 3.05599 3.05599 3.05599 3.05599 3.05599 3.05599 3.05599 3.05469 2.95015 2.78008 2.61011 2.44744 2.40548 2.40548 2.40548 2.40548 2.34849 2.30625 2.28344 2.03257 2.03204 2.03204 2.03184 1.99547 2.00772 2.02608 2.04444 2.06278 2.07926 2.08201 2.08201 2.08201 1.99186 1.34778 1.34756 1.34756 1.34756 1.34880 1.49121 1.55512 1.58439 1.61235 1.61952
2.46820 2.72221 3.75270 3.97796 3.97796 4.04287 4.57902 5.17040 5.68573 6.16308 6.28245 6.83746 7.41621 7.41621 7.41621 7.41621 7.41621 7.41621 7.41621 7.41621 7.41621 7.42194 7.47461 6.13531 3.05599 3.05599 3.05599 3.05599 2.97949 2.80971 2.63966 2.47092 2.40548 2.40548 2.40548 2.40548 2.40548 2.40548 2.40548 2.40548 2.33822 2.19020 2.11578 2.04864 2.07420 2.09254 2.11090 2.09914 2.08201 2.08201 2.08201 2.08201 2.08201 2.08201 2.08201 2.08201 2.08201 1.45933 1.37696 1.42084 1.46482 1.50751 1.56920 1.61952 1.61952 1.61952 1.61952
2.63517 2.70907 3.73194 4.89756 5.34913 5.75152 6.02663 6.37845 6.40754 6.43079 6.45350 6.67019 7.41621 7.41621 7.41621 7.41621 7.41621 7.41621 7.41621 7.41621 7.41621 7.41621 7.49874 7.03367 3.20314 2.83931 2.66920 2.49922 2.40568 2.40548 2.40548 2.40548 2.40548 2.40548 2.40548 2.40256 2.34477 2.23870 2.08367 1.92763 1.81178 2.01568 2.03291 2.07384 2.12696 2.12696 2.12696 2.11430 2.08201 2.08201 2.08201 2.08201 2.08201 2.08221 2.10854 2.15244 2.19635 1.81723 1.52039 1.52039 1.52039 1.52039 1.53536 1.61932 1.61952 1.61952 1.61952
2.69739 2.75689 3.74628 5.99110 6.02375 6.04111 6.06499 6.45159 6.46049 6.46049 6.46049 6.48349 7.37230 7.41621 7.41621 7.41621 7.41621 7.41621 7.41621 7.41621 7.40758 7.35464 7.28480 6.93879 3.75283 2.40548 2.40548 2.40548 2.40548 2.40548 2.40548 2.39287 2.29279 2.13819 1.98222 1.82914 1.73097 1.68174 1.68080 1.68080 1.68080 1.94238 2.03316 2.04969 2.12696 2.12696 2.12696 2.12577 2.08438 2.08204 2.10560 2.14958 2.19348 2.23717 2.25484 2.25484 2.25484 2.03330 1.52039 1.52039 1.52039 1.52039 1.52039 1.60636 1.61952 1.61915 1.61843
2.96525 2.96525 3.26386 5.73851 6.04126 6.04126 6.04126 6.36690 6.46049 6.46049 6.46049 6.46049 7.10986 7.41621 7.41621 7.41621 7.41421 7.37122 7.31203 7.25286 7.20232 7.19609 7.18181 6.95165 5.06557 2.40548 2.40548 2.34671 2.19204 2.03678 1.88081 1.73742 1.68150 1.68080 1.68080 1.68080 1.68080 1.68080 1.68080 1.68080 1.68080 1.84440 2.03316 2.03418 2.11814 2.12696 2.11698 2.09273 2.14722 2.23450 2.25484 2.25484 2.25484 2.25484 2.25484 2.25484 2.25484 2.21842 1.53625 1.52039 1.52470 1.55208 1.57800 1.60971 1.61658 1.61623 1.66131
2.96525 2.96525 3.13386 5.04111 6.04126 6.04126 6.04126 6.25408 6.46049 6.46049 6.46049 6.46049 6.84728 7.38777 7.32860 7.26943 7.21225 7.19609 7.19609 7.19609 7.17599 6.77381 6.16526 5.21275 3.94661 1.94634 1.77936 1.68213 1.68080 1.68080 1.68080 1.68080 1.68080 1.68080 1.68080 1.68080 1.68080 1.68080 1.68080 1.68080 1.68080 1.74636 2.02887 2.01325 2.03974 2.04840 2.03405 2.03395 2.11276 2.25484 2.25484 2.25484 2.25484 2.25484 2.25484 2.25484 2.23516 2.19631 1.72943 1.60786 1.62543 1.70990 1.83089 1.94945 2.06363 2.18455 2.26014
2.96525 2.96525 2.98883 4.21466 6.04126 6.04126 6.04126 6.12585 6.46049 6.44889 6.40365 6.35633 6.45607 7.19609 7.19609 7.19609 7.14219 6.63889 5.90952 5.05758 4.18665 3.69749 3.41465 3.27992 3.23219 1.98727 1.68080 1.68080 1.68080 1.68080 1.68080 1.68080 1.68080 1.68080 1.68080 1.68080 1.68080 1.68080 1.67837 1.66379 1.64756 1.63272 1.93789 1.97115 1.98873 2.03395 2.03395 2.03395 2.04879 2.25097 2.25484 2.25164 2.21730 2.18161 2.15198 2.12788 2.12226 2.13029 2.06198 2.11343 2.23146 2.26983 2.26983 2.26971 2.26176 2.26117 2.26117
2.96525 2.96525 2.96525 3.36883 5.90761 6.03605 5.98678 5.92828 6.27890 6.28651 6.28440 6.28440 6.18594 6.32111 5.64479 4.77653 3.93915 3.55129 3.38947 3.34978 3.34978 3.34978 3.34978 3.32727 3.21953 2.48967 1.68080 1.68080 1.68080 1.68080 1.68080 1.68080 1.68080 1.68080 1.67970 1.66669 1.65046 1.63424 1.62045 1.61880 1.61880 1.61880 1.84066 1.97115 1.97482 2.03319 2.03395 2.02691 2.00831 2.12287 2.14237 2.12807 2.13175 2.13982 2.14790 2.15516 2.15637 2.15637 2.17969 2.26983 2.26983 2.26983 2.26983 2.26983 2.26126 2.23542 2.20869
2.96525 2.96411 2.88948 3.02081 5.10967 5.83098 5.82114 5.81234 5.84840 5.44055 4.82832 4.12373 3.51391 3.44483 3.37253 3.34978 3.34978 3.34978 3.34978 3.34978 3.34978 3.34978 3.34978 3.34978 3.22825 2.91741 1.68080 1.68080 1.68080 1.68080 1.68051 1.66960 1.65337 1.63714 1.62201 1.61880 1.61880 1.61880 1.61880 1.61880 1.61880 1.61880 1.74256 1.97796 1.98976 1.99528 1.98580 1.98615 1.99401 2.06609 2.15582 2.15637 2.15637 2.15637 2.15637 2.15637 2.15637 2.15637 2.15731 2.26102 2.26776 2.24599 2.21926 2.19253 2.16548 2.15617 2.15617
2.68596 2.56872 2.52522 2.64757 4.03340 4.80848 4.23526 3.62859 3.25229 3.21788 3.04293 2.96065 2.88666 3.00278 3.34978 3.34978 3.34978 3.34978 3.34978 3.34978 3.34978 3.34978 3.34978 3.34978 3.27044 3.20829 1.77290 1.67250 1.65627 1.64004 1.62411 1.61880 1.61880 1.61880 1.61880 1.61880 1.61880 1.61880 1.61693 1.60056 1.61325 1.68579 1.80912 2.07599 2.08835 2.04449 2.00910 2.00910 2.00910 2.02797 2.15619 2.15637 2.15637 2.15637 2.15637 2.15637 2.15499 2.13442 2.10768 2.15537 2.16976 2.16483 2.16483 2.16483 2.16408 2.15623 2.15617
2.66556 2.71092 2.73359 2.64094 2.60721 2.81001 2.65735 2.58099 2.54693 2.78303 2.78815 2.78815 2.78815 2.84660 3.34978 3.34978 3.34978 3.34978 3.34978 3.34978 3.34978 3.34978 3.34978 3.31701 3.20296 3.19710 2.20314 1.61880 1.61880 1.61880 1.61880 1.61880 1.61880 1.61880 1.61366 1.62804 1.69727 1.78092 1.88326 1.99538 2.06222 2.06283 2.06283 2.08985 2.09671 2.07255 2.00910 2.00910 2.00910 2.00910 2.12976 2.15637 2.15555 2.13629 2.10958 2.08287 2.05752 2.05137 2.05137 2.09456 2.16483 2.16483 2.16483 2.16483 2.16483 2.15798 2.15617
2.31214 2.18876 2.08102 2.06572 2.00242 2.41220 2.53182 2.53182 2.53182 2.72467 2.78815 2.78815 2.78815 2.78815 3.25521 3.34978 3.34978 3.34978 3.34978 3.33561 3.24338 3.13927 3.03508 2.96367 2.96250 3.14340 2.66213 1.61880 1.61880 1.61877 1.64114 1.70731 1.78592 1.88187 1.99598 2.06233 2.06283 2.06283 2.06283 2.06283 2.06283 2.06283 2.06283 2.08049 2.09671 2.09599 2.01481 2.00910 2.00864 1.97715 2.02122 2.08476 2.05886 2.05137 2.05137 2.05137 2.05137 2.05137 2.05137 2.06358 2.16463 2.16483 2.16483 2.15012 2.08827 1.96993 1.80538
2.06572 2.06572 2.06572 2.06572 2.03756 2.25038 2.53182 2.53182 2.53182 2.65219 2.78815 2.78815 2.78815 2.78815 3.09102 3.34656 3.27173 3.16758 3.06343 2.97338 2.96146 2.96146 2.96146 2.95019 2.84880 2.78987 2.55548 1.79012 1.88028 1.99006 2.06244 2.06283 2.06283 2.06283 2.06283 2.06283 2.06283 2.06283 2.06283 2.06283 2.06283 2.06283 2.06283 2.07113 2.09671 2.06140 1.95032 1.88549 1.83590 1.81727 1.86569 2.05137 2.05137 2.05137 2.05137 2.05137 2.05137 2.05137 2.05102 2.01203 2.04093 1.99470 1.92938 1.87703 1.79000 1.61501 1.31757
2.06572 2.06572 2.06572 2.06572 2.06496 2.07615 2.53182 2.53182 2.53182 2.57970 2.78815 2.78815 2.74835 2.66506 2.72494 2.99078 2.96146 2.96146 2.96146 2.93922 2.79062 2.51529 2.18277 1.81943 1.60536 1.56165 1.82071 2.03482 2.06283 2.06283 2.06283 2.06283 2.06283 2.06283 2.06283 2.06283 2.06283 2.06283 2.06283 2.06283 2.06283 2.03872 1.96511 1.89071 1.84698 1.80899 1.81247 1.81727 1.81727 1.81727 1.81837 2.02717 2.05137 2.05137 2.04210 1.98387 1.91849 1.85314 1.78765 1.75779 1.68401 1.48886 1.35973 1.23232 1.18682 1.18498 0.990194
2.06572 2.06572 2.06572 2.06572 2.06572 1.99193 2.46575 2.53182 2.51110 2.43231 2.57889 2.52101 2.47749 2.47749 2.50537 2.89577 2.65780 2.36365 2.01432 1.65790 1.50699 1.48690 1.48487 1.48487 1.48487 1.49149 1.76100 1.98958 2.06283 2.06283 2.06283 2.06283 2.06283 2.06283 2.06283 2.06283 2.06283 2.04778 1.97775 1.90256 1.82751 1.77655 1.77508 1.77508 1.79851 1.80896 1.80965 1.81716 1.81727 1.81727 1.78700 1.86111 1.89030 1.82420 1.76422 1.75290 1.74871 1.74458 1.74081 1.74014 1.58421 1.18682 1.18682 1.18682 1.18682 1.18682 1.05014
2.06572 2.06572 2.06572 2.06572 2.05272 1.90727 2.13472 2.28736 2.22477 2.22116 2.36931 2.32512 2.09202 1.82955 1.52929 1.46939 1.49861 1.48569 1.48487 1.48487 1.48487 1.48487 1.48487 1.48487 1.48487 1.48487 1.65669 1.93660 2.06283 2.06283 2.06283 2.06283 2.06283 2.05472 1.99026 1.91522 1.84014 1.78012 1.77508 1.77508 1.77508 1.77508 1.77508 1.77508 1.78918 1.80372 1.74017 1.69019 1.62682 1.55731 1.51810 1.58187 1.74384 1.74046 1.74014 1.74014 1.74014 1.74014 1.74014 1.74014 1.71901 1.20361 1.18682 1.17930 1.14603 1.11073 1.00047
2.09868 1.97387 1.83490 1.69603 1.57027 1.54859 1.75868 2.11124 1.95433 1.77403 1.50861 1.26875 1.25230 1.24042 1.23637 1.34780 1.48487 1.48487 1.48487 1.48487 1.48487 1.48487 1.48487 1.48487 1.48487 1.48487 1.57433 1.84551 2.05618 2.05950 2.00292 1.92782 1.85278 1.78585 1.77508 1.77508 1.77508 1.77508 1.77508 1.77508 1.77508 1.75766 1.68858 1.61614 1.54572 1.55066 1.53801 1.52262 1.50614 1.50605 1.50605 1.51330 1.72938 1.74014 1.74014 1.74014 1.74014 1.74014 1.74014 1.73408 1.70177 1.26042 1.07778 1.04997 1.04785 1.04785 1.03214
1.72425 1.53839 1.51520 1.49190 1.46860 1.44534 1.45433 1.44338 1.42679 1.41701 1.40004 1.22905 1.22676 1.22676 1.22676 1.28117 1.48487 1.48487 1.48487 1.48487 1.48487 1.48487 1.48487 1.48487 1.48487 1.48515 1.53787 1.70121 1.81825 1.79359 1.77508 1.77508 1.77508 1.77508 1.77508 1.77508 1.77508 1.73855 1.65564 1.57135 1.50104 1.44789 1.42152 1.40707 1.40696 1.51384 1.53088 1.52686 1.50605 1.50605 1.50605 1.50605 1.66511 1.74014 1.74014 1.73541 1.70418 1.66881 1.63348 1.60421 1.60117 1.34675 1.04785 1.04785 1.04785 1.04785 1.04785
1.70981 1.43013 1.42479 1.41955 1.41429 1.40943 1.40919 1.41001 1.41001 1.41001 1.41001 1.26739 1.22676 1.22676 1.22676 1.23293 1.47296 1.48487 1.48487 1.48487 1.48487 1.48487 1.50578 1.56688 1.62903 1.69083 1.71616 1.60072 1.68264 1.77508 1.77508 1.77508 1.77244 1.70100 1.60672 1.52889 1.46359 1.42113 1.40702 1.40696 1.40696 1.40696 1.40696 1.40696 1.40696 1.47953 1.53088 1.53087 1.50929 1.50605 1.50605 1.50582 1.57969 1.67120 1.63587 1.60528 1.60117 1.60117 1.60117 1.60117 1.60117 1.49840 1.04785 1.04785 1.04785 1.04785 1.04992
2.01373 1.40843 1.40843 1.40843 1.40843 1.40843 1.40867 1.41001 1.41001 1.41001 1.41001 1.31891 1.22676 1.22676 1.22676 1.22676 1.39962 1.48487 1.49407 1.54974 1.61185 1.67397 1.71516 1.71616 1.71616 1.71616 1.71616 1.64523 1.57487 1.64720 1.56039 1.48856 1.42910 1.40700 1.40696 1.40696 1.40696 1.40696 1.40696 1.40696 1.40696 1.40696 1.40696 1.40696 1.40696 1.44523 1.53088 1.53080 1.51455 1.50147 1.49884 1.49648 1.50434 1.59990 1.60117 1.60117 1.60117 1.60117 1.60117 1.60117 1.60117 1.60019 1.10696 1.06034 1.06938 1.08030 1.09148
2.47082 1.45069 1.40843 1.40843 1.40843 1.40843 1.40843 1.40978 1.41001 1.41001 1.41001 1.37039 1.22676 1.22676 1.22843 1.26253 1.42148 1.65679 1.70970 1.71616 1.71616 1.71616 1.71616 1.69561 1.61186 1.47099 1.32703 1.16440 1.02347 1.36872 1.40696 1.40696 1.40696 1.40696 1.40696 1.40696 1.40696 1.40696 1.40696 1.40696 1.40696 1.40696 1.40696 1.40695 1.40544 1.40933 1.52160 1.52160 1.51374 1.49604 1.49604 1.49604 1.49604 1.57593 1.60117 1.60117 1.60117 1.61237 1.66297 1.72569 1.80083 1.88831 1.50029 1.43687 1.60967 1.78218 1.95276
2.86953 1.57021 1.40843 1.40843 1.40843 1.40843 1.40843 1.40936 1.41001 1.41001 1.41001 1.43107 1.30999 1.34283 1.38776 1.40023 1.44943 1.71616 1.70186 1.64150 1.54528 1.40185 1.25795 1.13466 1.07458 1.07161 1.07161 1.07161 0.988427 1.28651 1.40696 1.40696 1.40696 1.40696 1.40696 1.40696 1.40696 1.40696 1.40696 1.40696 1.40587 1.40326 1.40065 1.39805 1.39695 1.39695 1.49052 1.52088 1.52002 1.49699 1.49604 1.49604 1.49629 1.57181 1.68906 1.75675 1.83659 1.90289 1.89878 1.88921 1.87966 1.87120 1.92192 2.01239 2.01239 2.01239 2.01239
