High_resolution/powerplant/Shangrao/OMI_NO2_200612.asc
ncols      200
nrows      200
xllcorner       115.451
yllcorner       27.0350
cellsize     0.0166667
NODATA_Value      -999.000
[rows 87 to 115 of 183, columns 0 to 66 of 200]
6.62577 6.62577 6.62577 6.62577 6.62577 6.62577 6.62577 6.62577 6.62577 6.61502 7.03330 7.76316 8.02384 8.81955 9.21900 9.21900 9.22617 9.76587 10.0287 10.0870 10.1452 10.1702 10.1702 10.1613 10.2772 10.3381 10.3901 11.0222 10.5950 10.3893 10.3893 10.3893 10.3512 10.1274 10.1396 10.1515 10.1635 10.1754 10.1873 10.1527 10.0563 10.3292 10.4579 9.67806 9.59977 9.78260 9.78269 9.79529 9.81682 9.97611 10.6624 10.4909 10.2283 10.2731 10.3179 10.3488 9.71767 8.94305 8.60694 8.57064 8.38379 8.36693 8.00902 8.00059 8.45714 8.48990 8.51336
6.62577 6.62577 6.62577 6.62577 6.62577 6.61869 6.59769 6.57632 6.55496 6.54435 6.75346 7.58418 8.03713 8.56242 9.35999 9.41826 9.46944 9.74898 10.1833 10.3499 10.5609 10.7721 10.9821 11.1799 11.2098 11.1314 10.8930 11.1575 10.8210 10.3110 10.3230 10.3349 10.3469 10.1226 10.0815 10.0460 9.96721 9.88832 9.80946 9.77109 9.77063 10.0753 10.4886 10.0316 9.63529 9.93188 9.94373 9.91894 9.88401 9.86529 10.5866 10.5780 10.3589 10.3564 10.3564 10.3564 9.90075 9.19351 8.67237 8.59731 8.48901 8.42666 8.17875 8.08272 8.45752 8.60300 8.54075
6.62577 6.62159 6.60172 6.58035 6.55900 6.54472 6.54435 6.54495 6.57933 6.63355 6.73140 7.64691 8.20356 8.41481 9.63256 9.82082 10.0042 10.3493 11.1760 11.2217 11.2233 11.2634 11.3108 11.3617 11.3774 11.4175 11.1768 11.2621 11.2464 10.3515 10.3509 10.3199 10.2406 10.0110 9.81119 9.76676 9.76556 9.76446 9.76341 9.76316 9.76316 9.97165 10.5479 10.3095 9.49848 9.82948 9.80423 9.80308 9.80308 9.80308 10.4178 10.5967 10.4098 10.3616 10.4074 10.4617 10.2458 9.72209 9.00599 8.86987 8.72747 8.50032 8.28227 8.01722 8.09925 8.18086 8.12382
6.56303 6.54585 6.54527 6.55279 6.60032 6.65658 6.71271 6.86121 7.01264 7.06673 7.11555 7.72336 8.62265 9.18333 10.1131 10.3358 10.3807 10.6134 11.2620 11.4749 11.5197 11.5259 11.5255 11.5089 11.4558 11.4197 11.2271 11.1549 11.3831 10.2356 10.0823 10.0333 10.0326 9.96185 9.76316 9.76316 9.76316 9.75012 9.71553 9.68061 9.64568 9.72518 10.2735 10.4133 9.46492 9.75148 9.80308 9.80308 9.82275 9.86917 10.3750 10.7825 10.7194 10.6455 10.6539 10.6539 10.5396 10.0155 9.15974 8.77557 8.67573 8.29255 8.17580 7.87242 7.89116 8.10311 8.10005
6.63986 6.68623 6.74148 6.79801 6.85062 6.89948 6.94849 7.04663 7.27386 7.40061 7.52815 8.03117 8.95305 9.86958 10.2809 10.5524 10.5307 10.6451 11.0635 11.4166 11.3915 11.3663 11.3416 11.3126 11.2166 11.1190 10.9779 10.8611 11.1606 10.3677 10.0326 10.0326 10.0382 10.0959 9.73146 9.66102 9.62611 9.60423 9.60391 9.60391 9.60391 9.66839 10.0867 10.5022 9.89241 9.83900 9.97831 10.0231 10.0481 10.0464 10.3571 10.8943 10.8466 10.6527 10.6136 10.5566 10.4971 9.82584 9.26688 8.73141 8.68695 8.36736 8.28613 7.91553 7.90715 8.10783 8.15658
6.95830 6.94898 7.03681 7.21843 7.36874 7.51460 7.66028 7.81139 8.04882 8.10983 8.16350 8.33376 8.73971 9.81303 9.94144 10.3661 10.3595 10.4263 10.6870 11.2583 11.1773 11.0913 11.0051 10.9397 10.9350 10.9536 10.9205 10.8248 11.0550 10.7666 10.1737 10.2510 10.3227 10.3363 9.80748 9.55459 9.55277 9.57132 9.65909 9.75235 9.84556 9.95560 10.3122 10.8683 10.4326 9.91590 9.99510 9.99510 9.99510 9.99570 10.1336 10.8179 10.7702 10.5090 10.4785 10.4890 10.4936 10.0370 9.57392 8.74810 8.66689 8.44008 8.25373 7.85503 7.70856 7.79724 7.88533
7.77394 7.75213 7.91205 7.97129 8.02546 8.07962 8.13384 8.18415 8.23606 8.24142 8.23520 8.23188 8.40462 9.36581 9.63629 10.1774 10.2385 10.2871 10.5238 10.7780 10.8203 10.8203 10.8203 10.8219 10.8882 11.0566 11.1317 11.0934 11.2574 11.3199 10.3234 10.3189 10.3650 10.4603 10.2560 9.87233 9.96741 10.0423 10.0479 10.0479 10.0479 10.0479 10.2125 10.7471 10.6638 9.91727 9.99151 9.95130 9.91128 9.85616 9.84187 10.6422 10.6349 10.4588 10.3398 10.3125 10.2852 9.94826 9.50714 8.60890 8.39953 8.30321 8.06746 7.60311 7.22934 7.27866 7.47878
8.52358 8.16862 8.16862 8.16862 8.16862 8.16862 8.16862 8.16862 8.20432 8.22927 8.22927 8.23030 8.38122 9.07501 9.69531 10.1106 10.3118 10.3118 10.5202 10.7048 10.9089 10.9881 11.0672 11.1447 11.1696 11.2622 11.2818 11.5299 12.0231 12.8807 10.9076 10.7769 10.8260 10.8260 10.7504 10.0518 10.0428 10.0207 9.99938 9.97846 9.95757 9.93854 10.0728 10.4360 10.5960 9.82589 9.67356 9.60852 9.58537 9.57672 9.57075 10.1660 10.2705 10.1121 9.87549 9.81402 9.74996 9.64661 9.56409 8.96902 8.45259 8.43350 8.09034 7.79635 7.22934 7.23019 7.45147
8.42071 8.16862 8.16862 8.16862 8.16862 8.16862 8.16862 8.16876 8.20767 8.27042 8.29617 8.32088 8.41469 8.79068 9.72186 9.97842 10.4181 10.4873 10.7319 10.9489 11.1696 11.2031 11.6022 12.1024 12.6020 13.1743 13.7009 13.8603 13.8762 14.1160 11.9193 10.8041 10.7831 10.7623 10.7413 10.0981 9.92658 9.92883 9.96365 10.0147 10.0657 10.1148 10.1921 10.3002 10.4203 9.80308 9.34424 9.15680 9.06704 8.99832 8.98026 9.54155 10.0077 10.0582 9.57700 9.56652 9.56652 9.56652 9.56652 9.28580 8.48785 8.45106 8.15644 7.92526 7.11968 7.07426 7.17621
8.23062 8.21584 8.16862 8.16862 8.18085 8.21017 8.23961 8.26891 8.28704 8.32750 8.33060 8.38212 8.49226 8.72457 9.90087 10.0895 10.7422 11.2388 11.9169 12.6728 13.4914 14.0640 14.2421 14.3239 14.4943 14.7494 14.9945 15.0985 15.1331 15.0445 13.3603 10.7063 10.7063 10.7066 10.7465 10.4369 10.1400 10.2253 10.2772 10.3124 10.3477 10.3830 10.3485 9.74350 9.98509 9.70223 9.17118 9.07454 9.14615 9.19271 9.19362 9.53746 10.1124 10.1124 9.70311 9.56652 9.56669 9.56886 9.57119 9.55431 8.59960 8.46119 8.15559 7.82387 7.07368 6.99475 7.03328
7.90881 8.32447 8.12378 8.09924 8.06349 8.01206 7.98660 8.03628 8.09134 8.83509 9.07087 9.16403 9.29988 9.89692 11.6509 12.9885 13.8796 14.0701 14.2183 14.5340 14.8197 15.0583 15.1846 15.3065 15.3398 15.3708 15.4404 15.4316 15.3915 15.2993 14.6509 11.0070 11.0548 11.1407 11.1871 11.0214 10.4105 10.4105 10.4105 10.4105 10.4381 10.4994 10.5608 10.0892 10.2139 10.2106 9.41072 9.20375 9.19362 9.19362 9.19362 9.36942 10.1158 10.1183 9.86959 9.57735 9.57966 9.58015 9.58015 9.58015 8.90425 8.48694 8.38145 7.90379 7.37100 7.09386 7.12874
7.21483 7.84555 7.79192 7.89058 7.98967 8.08879 8.17829 8.25225 8.32590 9.23216 9.70323 9.77538 9.84856 10.3613 11.7844 13.7553 14.2783 14.7305 14.7554 15.0584 15.1357 15.3287 15.3248 15.3208 15.3169 15.3231 15.4346 15.4852 15.6808 15.7293 15.4307 11.9062 11.1886 11.1886 11.1886 11.1892 10.5382 10.5336 10.5950 10.6563 10.6901 10.6902 10.6902 10.3291 10.1465 10.3358 9.62290 9.35690 9.19934 9.20156 9.20363 9.23385 10.1097 10.1260 10.0331 9.58015 9.58310 9.61078 9.64401 9.68774 9.41213 8.54413 8.55557 8.00721 7.63220 7.17178 7.16628
7.68617 8.18188 8.25178 8.32590 8.39955 8.48665 8.61490 8.69524 8.76924 9.40483 10.1483 10.1887 10.1414 10.4458 11.1308 13.8792 14.1240 14.7222 14.7190 14.9685 15.0554 15.3182 15.3673 15.4314 15.4960 15.5603 15.5901 15.5753 15.6696 15.7549 15.4234 13.0310 11.2166 11.2719 11.3272 11.3755 10.9012 10.6160 10.6121 10.6083 10.6257 10.7297 10.8425 10.7601 10.5182 10.8877 10.3532 9.61530 9.06906 9.06456 9.06008 9.05561 9.91457 10.1899 10.2577 9.84653 9.84625 9.88705 9.92221 9.94694 9.91241 8.78388 8.65745 8.23281 7.84648 7.16477 7.23808
8.23656 8.60542 8.90169 8.98602 9.03300 9.05128 9.01466 8.97190 8.92946 9.17567 10.0745 10.0540 10.0656 10.3386 11.0545 13.6163 14.2423 14.9566 15.0567 15.3529 15.6153 15.8044 15.8892 15.8896 15.8896 15.8896 15.6077 15.5268 15.6377 15.8323 15.6485 14.3395 11.3170 11.3170 11.3170 11.3674 11.2284 10.8412 10.9580 11.0748 11.1703 11.1795 11.1795 11.1181 10.6383 10.8193 10.5658 9.89067 9.12791 9.18141 9.23843 9.29546 10.0105 10.4861 10.4471 10.0820 9.81618 9.77379 9.73130 9.68880 9.64641 8.85176 8.54413 8.43821 8.18511 7.81244 7.88702
8.02676 8.05103 9.00416 8.93517 8.91997 8.91997 8.91997 8.91997 8.91997 8.96283 10.1245 10.1503 10.1503 10.1959 11.1104 12.8772 14.3689 15.0506 15.3448 15.4858 15.7577 15.8037 15.9060 15.9631 16.0223 16.0814 15.9354 15.7395 15.7483 15.9197 15.6235 15.0151 11.7340 11.7560 11.8727 11.9390 11.8923 11.1931 11.1795 11.1766 11.1497 11.1175 11.0840 11.0496 10.5290 10.5602 10.6582 10.2046 9.19804 9.06970 9.03429 8.99897 9.37239 9.98760 9.98423 9.81981 9.45219 9.62409 9.84069 10.0573 10.2739 9.95592 9.08151 9.00379 8.44321 8.02542 7.88719
7.79088 7.79088 8.74616 8.91997 8.91997 8.91997 8.91997 8.91997 8.91997 8.91997 9.90023 10.2166 10.2945 10.3724 11.2006 12.2255 14.5049 14.8778 15.3823 15.4901 15.9152 15.9821 16.1462 16.1510 16.1377 15.9714 15.6424 15.1399 14.9300 14.8698 14.7701 14.4730 12.6216 11.9219 11.8880 11.8537 11.8194 11.2145 10.9911 10.9597 10.9576 11.0042 11.0617 11.1198 10.8414 10.6458 10.7437 10.2875 9.31224 8.93171 8.93171 8.93171 9.16690 10.0706 10.1305 10.1838 10.4060 10.4567 10.4567 10.4567 10.4567 10.3788 9.11327 9.08151 8.53912 8.10004 7.65289
7.79088 7.79088 8.45574 8.91997 8.91997 8.91997 8.92107 8.97205 9.04994 9.12782 9.90444 10.4476 10.4476 10.4604 11.0985 11.7454 14.7444 15.1626 15.5686 15.5533 15.7922 15.7002 15.6741 15.5876 15.4784 15.5224 15.5739 15.3067 15.4289 15.6517 15.8374 14.6708 13.3093 11.7095 11.7091 11.7091 11.7129 11.4109 11.0212 11.0178 11.0093 10.9542 10.8864 10.8157 10.6997 10.6366 10.7197 10.4578 9.67577 9.03169 9.08158 9.13149 9.20109 10.2439 10.2573 10.2573 10.4015 10.4567 10.4567 10.4599 10.5209 10.6032 9.61086 9.34072 8.38057 7.15110 6.67829
7.79088 7.79088 8.12313 8.95784 9.03570 9.11322 9.18743 9.21130 9.20829 9.23985 9.79363 10.7206 10.8533 10.9730 11.3870 12.3623 14.3299 15.0574 15.3661 15.3299 15.6935 15.8744 15.9641 16.0762 16.1111 16.1461 16.1809 15.8313 15.7845 15.8382 15.9879 15.0273 14.0936 11.5721 11.5801 11.5878 11.5918 11.4020 10.6366 10.6366 10.6366 10.6366 10.6367 10.6649 10.7148 10.7647 10.8644 10.8060 10.1937 9.16300 9.15930 9.15930 9.15930 10.0502 10.2817 10.3617 10.5306 10.7255 10.8079 10.8868 10.9081 10.9081 10.2222 9.44180 8.79521 7.08412 6.37362
7.86080 8.00067 8.13120 9.15658 9.21145 9.28366 9.41992 9.55648 9.69326 9.79776 9.97680 11.0379 11.0459 11.0539 11.2018 12.7341 13.6316 14.8470 15.3303 15.5197 15.7827 16.0640 16.0866 16.2306 16.2590 16.2867 16.3146 16.0606 15.9601 16.0394 16.3421 15.6453 14.9370 11.8114 11.5230 11.5230 11.5230 11.5225 10.7602 10.6929 10.7428 10.7927 10.8425 10.8642 10.8642 10.8642 10.8809 10.9392 10.3577 9.39686 9.27982 9.34840 9.41678 10.1802 10.7066 10.7087 10.7378 10.9081 10.9081 10.8866 10.7941 10.6959 10.3663 9.12819 9.00271 6.95719 6.33062
8.14720 8.37664 8.54766 9.34912 9.74631 9.81603 9.82404 9.83205 9.84013 9.84650 9.84885 10.9568 11.0633 11.0641 11.0649 12.4996 13.0981 14.9213 15.3004 15.6762 15.8339 16.2572 16.2768 16.3824 16.4102 16.4476 16.5058 16.3652 16.2101 16.2292 16.4379 16.0869 14.9832 12.7238 11.4860 11.3981 11.3101 11.2223 10.9997 10.8859 10.8877 10.8896 10.8915 10.8980 10.9251 10.9548 10.9844 11.1057 10.6908 9.95306 9.57776 9.57964 9.58152 10.0325 10.7087 10.6845 10.5690 10.6043 10.4972 10.3832 10.3402 10.3029 10.2566 9.22795 9.05436 7.46294 6.44474
8.62282 8.99659 9.00726 9.36979 9.87234 9.87891 9.88543 9.89173 9.89780 9.90307 9.90832 10.7585 11.1328 11.1381 11.1433 12.2670 13.0269 14.8534 15.3352 15.8215 15.8904 16.4931 16.6627 16.7725 16.7752 16.8026 16.8090 16.6656 16.2823 16.2739 16.3432 16.3034 14.7914 13.3449 11.1912 11.1912 11.1912 11.1912 11.1271 10.9682 10.9960 11.0237 11.0514 11.0745 11.0770 11.0770 11.0770 11.1355 10.9049 10.2041 9.56241 9.50909 9.39886 9.50865 10.1960 10.0847 10.0647 10.1780 10.2401 10.1988 10.1573 10.1159 10.0743 9.34657 8.84606 7.88317 6.60305
8.25048 9.02425 9.02364 9.18520 10.0060 10.0056 10.0051 10.0048 10.0048 10.0048 10.0048 10.5848 11.2190 11.2190 11.2190 11.8912 13.0913 14.3743 15.4286 16.1451 16.3637 16.9517 17.0646 17.0219 16.8180 16.7879 16.7114 16.5913 16.0225 15.9533 16.0022 16.1643 14.9256 13.9686 11.2374 11.2674 11.2952 11.3229 11.3299 11.0870 11.0770 11.0770 11.0774 11.0988 11.1326 11.1665 11.1886 11.2049 10.9452 9.94796 8.99781 8.87434 8.83701 8.84562 9.70235 9.66827 9.62696 9.64138 9.76753 9.77618 9.84015 9.91395 9.98766 9.73710 8.93185 8.51600 6.72133
7.72264 9.00853 9.02077 8.97859 9.91129 10.0048 10.0048 10.0048 10.0048 10.0048 10.0048 10.3199 11.2190 11.2468 11.3769 11.7520 13.5175 14.2717 15.7251 16.2127 16.4292 16.7468 16.9258 16.8488 16.5591 16.4786 16.4781 16.4566 15.7377 15.3637 15.0590 14.7680 13.5374 12.7809 11.4795 11.3234 11.2942 11.2904 11.2900 11.1046 11.0270 11.0266 11.0259 11.0009 10.9538 10.9061 10.8701 10.8581 10.6651 9.62992 8.87814 8.64980 8.64980 8.64980 9.40793 9.60674 9.67185 9.74336 10.0300 10.1052 10.1150 10.1150 10.1150 10.0088 9.06059 8.90868 6.89132
7.29406 8.91038 9.02077 9.01070 9.63229 10.0048 10.0048 10.0048 10.0048 10.0186 10.1365 10.3387 11.6166 11.7409 11.7503 11.7558 13.3975 13.7407 15.6966 16.0585 16.1678 16.3542 16.6800 16.4039 15.9581 15.5380 15.2270 14.9380 14.5131 14.3384 14.3151 14.2057 13.4996 12.2116 11.4485 11.1425 11.1713 11.1748 11.1748 11.0636 10.8975 10.8840 10.8705 10.8602 10.8596 10.8596 10.8596 10.8596 10.7539 9.89629 9.11598 8.71214 8.76640 8.82062 9.46223 9.86468 9.86468 9.86468 10.0406 10.1150 10.1150 10.1150 10.1063 9.83946 8.64332 7.93117 6.95970
7.21211 8.53453 9.02077 9.02077 9.35890 10.0094 10.1104 10.2497 10.3890 10.5146 10.5375 10.5499 11.4557 11.5893 11.5427 11.5011 12.6501 13.2367 14.5182 14.8098 14.7634 14.5285 15.1481 15.1135 15.0164 14.7683 14.7065 14.6446 14.3280 13.9852 13.9451 13.8861 13.6166 11.9500 11.6177 11.1728 11.1607 11.1472 11.1337 11.0904 10.8598 10.8596 10.8596 10.8596 10.8596 10.8607 10.8979 10.9521 10.9523 10.4018 9.57559 8.89690 8.89690 8.89690 9.29405 9.86468 9.86468 9.77183 9.50577 9.24879 8.80384 8.32083 7.80760 7.63877 7.14803 6.71292 6.66737
7.01766 8.17638 9.24626 9.45149 9.62943 10.6390 10.7004 10.7228 10.7499 10.7792 10.8072 10.8242 10.9174 10.9215 10.8560 10.7854 11.4315 12.4435 12.9567 13.5632 13.8427 13.6864 14.7524 14.7531 14.7232 14.4990 14.4782 14.4757 14.3182 13.8948 13.8802 13.8527 13.8201 12.1415 11.7915 11.1017 11.1218 11.1218 11.1218 11.1218 10.9038 10.8754 10.9281 10.9823 11.0365 11.0896 11.1067 11.1067 11.0990 10.7175 9.76461 8.97293 8.65792 8.29460 8.09449 8.28599 7.76844 7.35088 7.36553 7.63851 7.63877 7.63877 7.57590 7.40884 6.96792 6.28945 6.24290
7.93654 8.90407 10.0906 10.0977 9.96236 10.6913 10.8398 10.8302 10.7652 10.6944 10.6242 10.5542 10.5763 10.6918 10.7122 10.7325 11.0540 12.5465 12.7564 13.5988 13.6468 13.4831 14.3807 14.7394 14.7421 14.5659 14.4582 14.4571 14.3993 13.8087 13.7941 13.7821 13.7802 12.5495 11.8970 11.1745 11.1203 11.0755 11.0069 10.9356 10.9681 11.0822 11.0773 11.0708 11.0644 11.0580 11.0436 10.9875 10.9255 10.7212 9.56457 7.78974 6.55991 6.55220 6.57909 7.32151 7.32585 7.32585 7.25678 7.34488 7.20770 7.01937 6.89376 6.87231 6.90961 7.30417 7.50208
7.83211 8.91296 9.97614 10.0334 9.86562 10.2111 10.5684 10.5345 10.5493 10.5617 10.5745 10.5962 10.6358 10.7834 10.7928 10.8026 10.8475 12.1577 12.1792 13.2650 13.4184 13.3165 13.9121 14.5794 14.6007 14.5122 14.2192 14.1956 14.1822 13.6860 13.6093 13.6028 13.5833 12.7201 11.5617 10.9605 10.6453 10.6188 10.6161 10.6161 10.6842 10.8670 10.8120 10.7564 10.7009 10.6454 10.5979 10.5919 10.5919 10.5234 9.63798 8.32543 6.40870 6.39579 6.31936 6.88172 6.83589 6.64740 6.52804 6.68530 6.82589 6.82589 6.82313 6.80763 6.79560 7.35051 7.54489
6.63886 8.81579 9.40544 9.67418 9.65556 9.59879 10.4354 10.4384 10.4441 10.4564 10.4689 10.4723 10.4737 10.6451 10.6564 10.6564 10.6564 11.6823 12.0033 12.7734 13.2620 13.2939 13.5941 14.5917 14.6036 14.5820 14.1130 14.0950 14.0587 13.6365 13.3954 13.3305 13.2788 12.9131 11.3913 11.0540 10.5772 10.5217 10.4662 10.4106 10.3602 10.5764 10.5919 10.5919 10.5919 10.5919 10.5562 10.4647 10.3726 10.2629 9.63617 8.74519 5.96205 5.79247 5.70448 6.14082 6.40976 6.39256 6.37547 6.44009 6.65422 6.63715 6.61172 6.54911 6.48175 6.79971 7.18578
