High_resolution/powerplant/Shangrao/OMI_NO2_200602.asc
ncols      200
nrows      200
xllcorner       115.451
yllcorner       27.0350
cellsize     0.0166667
NODATA_Value      -999.000
[rows 90 to 119 of 200, columns 0 to 65 of 200]
0.00000 0.00000 0.00000 0.00000 0.00000 0.00000 3.71973 3.71973 3.71973 3.71973 3.71973 3.71973 3.71973 3.71973 3.71973 3.71973 3.71973 3.66804 3.53694 3.40483 3.27298 3.14080 3.04615 0.00000 0.00000 0.00000 0.00000 0.00000 0.00000 0.00000 0.00000 0.00000 0.00000 0.00000 0.00000 0.00000 0.00000 0.00000 0.00000 0.00000 0.00000 0.00000 0.00000 0.00000 0.00000 0.00000 0.00000 0.00000 0.00000 0.00000 0.00000 0.00000 0.00000 0.00000 2.28538 2.28538 2.28538 2.28538 2.28538 2.28538 2.28538 2.28538 2.28538 2.28538 2.28538 2.28538
0.00000 0.00000 0.00000 0.00000 0.00000 0.00000 3.71973 3.71973 3.71973 3.71973 3.71973 3.71973 3.64984 3.51792 3.38581 3.25389 3.12178 3.04135 3.04047 3.04047 3.04047 3.04047 3.04047 3.04047 0.00000 0.00000 0.00000 0.00000 0.00000 0.00000 0.00000 0.00000 0.00000 0.00000 0.00000 0.00000 0.00000 0.00000 0.00000 0.00000 0.00000 0.00000 0.00000 0.00000 0.00000 0.00000 0.00000 0.00000 0.00000 0.00000 0.00000 0.00000 0.00000 0.00000 2.28538 2.28538 2.28538 2.28538 2.28538 2.28538 2.28538 2.28538 2.28538 2.28538 2.28538 2.28538
0.00000 0.00000 0.00000 0.00000 0.00000 0.00000 3.71377 3.63082 3.49884 3.36679 3.23481 3.10276 3.04047 3.04047 3.04047 3.04047 3.04047 3.04047 3.04047 3.04047 3.04047 3.04047 3.04047 3.04047 0.00000 0.00000 0.00000 0.00000 0.00000 0.00000 0.00000 0.00000 0.00000 0.00000 0.00000 0.00000 0.00000 0.00000 0.00000 0.00000 0.00000 0.00000 0.00000 0.00000 0.00000 0.00000 0.00000 0.00000 0.00000 0.00000 0.00000 0.00000 0.00000 0.00000 2.28538 2.28538 2.28538 2.28538 2.28538 2.28538 2.28538 2.32474 2.50053 2.65727 2.78786 2.89790
0.00000 0.00000 0.00000 0.00000 0.00000 0.00000 3.04047 3.04047 3.04047 3.04047 3.04047 3.04047 3.04047 3.04047 3.04047 3.04047 3.04047 3.04047 3.04047 3.04047 3.04047 3.04047 3.04047 3.04047 0.00000 0.00000 0.00000 0.00000 0.00000 0.00000 0.00000 0.00000 0.00000 0.00000 0.00000 0.00000 0.00000 0.00000 0.00000 0.00000 0.00000 0.00000 0.00000 0.00000 0.00000 0.00000 0.00000 0.00000 0.00000 0.00000 0.00000 0.00000 4.20810 4.20810 4.20810 2.84728 2.87538 2.97274 3.05711 3.13052 3.19513 3.25683 3.33364 3.42436 3.53236 3.66288
0.00000 0.00000 0.00000 0.00000 0.00000 0.00000 7.41474 3.72891 4.01514 4.40485 4.41784 3.04047 3.04047 3.04047 3.04047 3.04047 3.04047 3.04047 3.04047 3.04047 3.04047 3.04047 3.04047 3.04047 3.04047 0.00000 0.00000 0.00000 0.00000 0.00000 0.00000 0.00000 0.00000 0.00000 0.00000 0.00000 0.00000 0.00000 0.00000 0.00000 0.00000 0.00000 0.00000 0.00000 0.00000 0.00000 0.00000 0.00000 0.00000 0.00000 0.00000 4.20810 4.20810 4.20810 4.20810 3.60204 3.40905 3.51395 3.64046 3.79624 3.99204 4.18963 4.20810 4.20810 4.20810 4.20810
7.41474 7.41474 7.41474 7.41474 7.41474 7.41474 7.41474 6.25212 5.22760 5.22760 5.18160 3.15090 3.04047 3.04047 3.04047 3.04047 3.04047 3.04047 3.04047 3.04047 3.04047 3.04047 3.04047 3.04047 3.04047 0.00000 0.00000 0.00000 0.00000 0.00000 0.00000 0.00000 0.00000 0.00000 0.00000 11.0859 11.0859 0.00000 0.00000 0.00000 0.00000 0.00000 0.00000 0.00000 0.00000 0.00000 0.00000 0.00000 0.00000 0.00000 0.00000 4.20810 4.20810 4.20810 4.20810 4.20810 4.20810 4.20810 4.20810 4.20810 4.20810 4.20810 4.20810 4.20810 4.20810 4.20810
7.41474 7.41474 7.41474 7.41474 7.41474 7.41474 7.41474 7.06352 5.23451 5.22760 5.22760 3.91448 3.04047 3.04047 3.04047 3.04047 3.04047 3.04047 3.04047 3.04047 3.04047 3.04047 3.04047 3.04047 3.04047 0.00000 0.00000 11.0859 11.0859 11.0859 11.0859 11.0859 11.0859 11.0859 11.0859 11.0859 11.0859 0.00000 0.00000 0.00000 0.00000 0.00000 0.00000 0.00000 0.00000 0.00000 0.00000 0.00000 0.00000 0.00000 0.00000 0.00000 4.20810 4.20810 4.20810 4.20810 4.20810 4.20810 4.20810 4.20810 4.20810 4.20810 4.20810 4.20810 4.20810 4.20810
7.41474 7.41474 7.41474 7.41474 7.41474 7.41474 7.41474 7.41474 5.47035 5.22760 5.22760 4.52648 3.04047 3.04047 3.04047 3.04047 3.04047 3.04047 3.04047 3.04047 3.10474 3.34325 6.04364 7.57133 9.73407 11.0859 11.0859 11.0859 11.0859 11.0859 11.0859 11.0859 11.0859 11.0859 11.0859 11.0859 11.0859 11.0859 0.00000 0.00000 0.00000 0.00000 0.00000 0.00000 0.00000 0.00000 0.00000 0.00000 0.00000 0.00000 0.00000 0.00000 4.20810 4.20810 4.20810 4.20810 4.20810 4.20810 4.20810 4.20810 4.20810 4.20810 4.20810 4.20810 4.20810 4.20810
7.41474 7.41474 7.41474 7.41474 7.41474 7.41474 7.41474 7.41474 5.91979 5.22760 5.22760 4.95645 3.06655 3.16925 3.25694 3.35058 3.46992 3.60199 3.74909 3.91358 4.02719 4.03320 10.3351 11.0859 11.0859 11.0859 11.0859 11.0859 11.0859 11.0859 11.0859 11.0859 11.0859 11.0859 11.0859 11.0859 11.0859 11.0859 0.00000 0.00000 0.00000 0.00000 0.00000 0.00000 0.00000 0.00000 0.00000 0.00000 0.00000 0.00000 0.00000 0.00000 4.20810 4.20810 4.20810 4.20810 4.20810 4.20810 4.20810 4.20810 4.20810 4.20810 4.20810 4.20810 4.20810 4.20810
7.41474 7.41474 7.41474 7.41474 7.41474 7.41474 7.41474 6.78858 5.84523 4.94359 4.99074 5.07579 3.84882 3.80841 3.94453 4.02897 4.02897 4.02897 4.02897 4.02897 4.02897 4.02897 8.59222 11.0859 11.0859 11.0859 11.0859 11.0859 11.0859 11.0859 11.0859 11.0859 11.0859 11.0859 11.0859 11.0859 11.0859 11.0859 0.00000 0.00000 0.00000 0.00000 0.00000 0.00000 0.00000 0.00000 0.00000 0.00000 0.00000 0.00000 0.00000 0.00000 4.20810 4.20810 4.20810 4.20810 4.20810 4.20810 4.20810 4.20810 4.20810 4.20810 4.20810 4.20810 4.20810 4.18868
7.41474 7.41474 7.41474 7.41474 7.41474 7.41474 7.41474 6.43449 5.70533 5.63582 5.72185 5.72185 4.82860 4.02897 4.02897 4.02897 4.02897 4.02897 4.02897 4.02897 4.02897 4.02897 6.84581 11.0859 11.0859 11.0859 11.0859 11.0859 11.0859 11.0859 11.0859 11.0859 11.0859 11.0859 11.0859 11.0859 11.0859 11.0859 0.00000 0.00000 0.00000 0.00000 0.00000 0.00000 0.00000 0.00000 0.00000 0.00000 0.00000 0.00000 0.00000 0.00000 4.20810 4.20810 4.20810 4.20810 4.19778 4.14820 4.09464 4.04117 3.98770 3.93418 3.88071 3.82714 3.77372 3.73962
7.41474 7.41474 7.41474 7.41474 7.41474 7.41474 7.41474 6.95404 5.72185 5.72160 5.63902 5.46968 4.84567 4.02897 4.02897 4.02897 4.02897 4.02897 4.02897 4.02897 4.02897 4.02897 5.09809 11.0859 11.0859 11.0859 11.0859 11.0859 11.0859 11.0859 11.0859 11.0859 11.0859 11.0859 11.0859 11.0859 11.0859 11.0859 11.0859 0.00000 0.00000 0.00000 0.00000 0.00000 0.00000 0.00000 0.00000 5.96093 5.96093 5.96093 5.96093 5.96093 5.96093 4.46734 3.83957 3.78610 3.74290 3.73906 3.73906 3.73906 3.73906 3.73906 3.73906 3.73906 3.73906 3.73906
7.41474 7.41474 7.41474 7.41474 7.41474 7.41474 7.41474 7.39724 4.73466 4.25843 4.02897 4.02897 4.02897 4.02897 4.02897 4.02897 4.02897 4.02897 4.02897 4.02897 4.02897 4.02897 4.03955 10.3972 11.0859 11.0859 11.0859 11.0859 11.0859 11.0859 11.0859 11.0859 11.0859 11.0859 11.0859 11.0859 11.0859 11.0859 11.0859 5.96093 5.96093 5.96093 5.96092 5.96093 5.96093 5.96093 5.96093 5.96093 5.96093 5.96093 5.96093 5.96093 5.96093 5.04561 3.73906 3.73906 3.73906 3.73906 3.73906 3.73906 3.73906 3.73906 3.73906 3.73906 3.73906 3.73906
7.41474 7.41474 7.41474 7.41474 0.00000 0.00000 0.00000 0.00000 4.02897 4.02897 4.02897 4.02897 4.02897 4.02897 4.02897 4.02897 4.02897 4.02897 4.02897 4.02897 4.02897 4.02897 4.02897 8.66113 11.0859 11.0859 11.0859 11.0859 11.0859 11.0859 11.0859 11.0398 10.6816 10.2642 9.84754 9.42986 9.00952 8.59184 7.12126 5.96093 5.96093 5.96093 5.96093 5.96093 5.96093 5.96093 5.96093 5.96093 5.96093 5.96093 5.96093 5.96093 5.96093 5.58236 3.73906 3.73906 3.73906 3.73906 3.73906 3.73906 3.73906 3.73906 3.73906 3.73906 3.73906 3.73906
0.00000 0.00000 0.00000 0.00000 0.00000 0.00000 0.00000 0.00000 4.02897 4.02897 4.02897 4.02897 4.02897 4.02897 4.02897 4.02897 4.02897 4.02897 4.02897 4.02897 4.02897 4.02897 4.02897 6.87856 10.6896 10.2729 9.85221 9.43453 9.01753 8.60052 8.18351 7.80854 7.74982 7.74982 7.74982 7.74982 7.74982 7.74982 7.27186 5.96093 5.96093 5.96093 5.96093 5.96093 5.96093 5.96093 5.96093 5.96093 5.96093 5.96093 5.96093 5.96093 5.96093 5.94982 3.90881 3.73906 3.73906 3.73906 3.73906 3.73906 3.73906 3.73906 3.73906 3.73906 3.73906 3.73906
0.00000 0.00000 0.00000 0.00000 0.00000 0.00000 0.00000 0.00000 4.02897 4.02897 4.02897 4.02897 4.02897 4.02897 4.02897 4.02921 4.06539 4.12772 4.19001 4.25229 4.31466 4.37699 4.43927 5.02055 7.74982 7.74982 7.74982 7.74982 7.74982 7.74982 7.74982 7.74982 7.74982 7.74982 7.74982 7.74982 7.74982 7.74982 7.67343 5.99742 5.96093 5.96093 5.96093 5.96093 5.96093 5.96093 5.96093 5.96093 5.96093 5.96093 5.96093 5.96093 5.96093 5.96093 4.43488 3.73906 3.73906 3.73906 3.73906 3.73906 3.73906 3.73906 3.73906 3.73906 3.73906 3.73906
0.00000 0.00000 0.00000 0.00000 0.00000 0.00000 0.00000 0.00000 6.67795 4.16721 4.16772 4.23005 4.29233 4.35466 4.41699 4.47903 4.50513 4.50513 4.50513 4.50513 4.50513 4.50513 4.50513 4.51551 7.46688 7.74982 7.74982 7.74982 7.74982 7.74982 7.74982 7.74982 7.74982 7.74982 7.74982 7.74982 7.74982 7.74982 7.74982 6.35872 5.96093 5.96093 5.96093 5.96093 5.96093 5.96093 5.96093 5.96093 5.96093 5.96093 5.96093 5.96093 5.96093 5.96093 4.97175 3.73906 3.73906 3.73906 3.73906 3.73906 3.73906 3.73906 3.73906 3.73906 3.73906 3.73906
0.00000 6.82512 6.82512 6.82512 6.82512 6.82512 6.82512 6.82512 6.82512 5.30522 4.50513 4.50513 4.50513 4.50513 4.50513 4.50513 4.50513 4.50513 4.50513 4.50513 4.50513 4.50513 4.50513 4.50513 6.67756 7.74982 7.74982 7.74982 7.74982 7.74982 7.74982 7.74982 7.74982 7.74982 7.74982 7.74982 7.74982 7.74982 7.74982 6.79686 5.96093 5.96093 5.96093 5.96093 5.96093 5.96093 5.96093 5.96093 5.96093 5.96093 5.96093 5.96093 5.96093 5.96093 5.50882 3.73906 3.73906 3.73906 3.73906 3.73906 3.76821 3.86335 3.96098 4.05860 4.15614 4.25393
6.82512 6.82512 6.82512 6.82512 6.82512 6.82512 6.82512 6.82512 6.82512 5.88000 4.50513 4.50513 4.50513 4.50513 4.50513 4.50513 4.50513 4.50513 4.50513 4.50513 4.50513 4.50513 4.50513 4.50513 5.87925 7.74982 7.74982 7.74982 7.74982 7.74982 7.74982 7.74982 7.74982 7.74982 7.74982 7.74982 7.74982 7.74982 7.74982 7.23487 5.96093 5.96093 5.96093 5.96093 5.96093 5.96093 5.96093 5.96093 5.96093 5.96093 5.96093 5.96036 5.95369 5.94538 5.90573 4.20739 4.23017 4.32762 4.42542 4.52296 4.59143 4.59391 4.59391 4.59391 4.59391 4.59391
6.82512 6.82512 6.82512 6.82512 6.82512 6.82512 6.82512 6.82512 6.82512 6.45972 4.50513 4.50513 4.50513 4.50513 4.50513 4.50513 4.50513 4.50513 4.50513 4.50513 4.50513 4.50513 4.50513 4.50513 5.08009 7.74982 7.74982 7.74982 7.74982 7.74982 7.74982 7.74982 7.74982 7.74982 7.74982 7.74982 7.74982 7.74982 7.74982 7.65017 5.98382 5.96093 5.96093 5.95869 5.95066 5.94234 5.93403 5.92571 5.91740 5.90908 5.90076 5.89301 5.89137 5.89137 5.89137 4.95749 4.59391 4.59391 4.59391 4.59391 4.59391 4.59391 4.59391 4.59391 4.59391 4.59391
6.82512 6.82512 6.82512 6.82512 6.82512 6.82512 6.82512 6.82512 6.82512 6.82025 4.72074 4.50513 4.50513 4.50513 4.50513 4.50513 4.50513 4.50513 4.50513 4.50513 4.50513 4.50513 4.50513 4.50513 4.52459 7.50677 7.74982 7.74982 7.74982 7.74982 7.74982 7.74982 7.74982 7.74982 7.74982 7.82405 8.02297 8.22381 8.42594 8.62759 6.53300 5.90604 5.89773 5.89166 5.89137 5.89137 5.89137 5.89137 5.89137 5.89137 5.89137 5.89137 5.89137 5.89137 5.89137 5.27144 4.59391 4.59391 4.59391 4.59391 4.59391 4.59391 4.59391 4.59391 4.59391 4.59391
6.82512 6.82512 6.82512 6.82512 6.82512 6.82512 6.82512 6.82512 6.82512 6.82512 5.29392 4.50513 4.50513 4.50513 4.50513 4.50513 4.50513 4.50513 4.50513 4.50513 4.50513 4.50513 4.50513 4.50513 4.50513 6.72677 7.74982 7.82020 8.01911 8.21964 8.42080 8.62341 8.82442 9.02510 9.22674 9.35464 9.35657 9.35657 9.35657 9.35657 7.43766 5.89137 5.89137 5.89137 5.89137 5.89137 5.89137 5.89137 5.89137 5.89137 5.89137 5.89137 5.89137 5.89137 5.89137 5.58553 4.59391 4.59391 4.59391 4.59391 4.59391 4.59391 4.59391 4.59391 4.59391 4.59391
6.82512 6.82512 6.82512 6.82512 6.82512 6.82512 6.82512 6.82512 6.82512 6.82512 5.87327 4.50513 4.50513 4.50513 4.50513 4.50513 4.50513 4.50513 4.50513 4.49586 4.43877 4.37490 4.31097 4.24715 4.18318 6.25714 9.22208 9.35368 9.35657 9.35657 9.35657 9.35657 9.35657 9.35657 9.35657 9.35657 9.35657 9.35657 9.35657 9.35657 8.28457 5.89137 5.89137 5.89137 5.89137 5.89137 5.89137 5.89137 5.89137 5.89137 5.89137 5.89137 5.89137 5.89137 5.89137 5.85621 4.63737 4.59391 4.59391 4.59391 4.59391 4.59391 4.59391 4.59391 4.59391 4.59391
6.82512 6.82512 6.82512 6.82512 6.82512 6.82512 6.82512 6.82512 6.82512 6.82512 6.44812 4.50420 4.46232 4.39844 4.33452 4.27060 4.20673 4.14286 4.07899 4.02433 4.01755 4.01755 4.01755 4.01755 4.01755 5.03453 9.35657 9.35657 9.35657 9.35657 9.35657 9.35657 9.35657 9.35657 9.35657 9.35657 9.35657 9.35657 9.35657 9.35657 9.10910 5.91424 5.89137 5.89137 5.89137 5.89137 5.89137 5.89137 5.89137 5.89137 5.89137 5.89137 5.89137 5.89137 5.89137 5.89137 4.91623 4.59391 4.59391 4.59391 4.59391 4.59391 4.59391 4.59391 4.59391 4.59391
6.82512 6.82512 6.82512 6.82512 6.76480 6.42576 6.05203 5.67829 5.30427 4.93108 4.55075 4.04436 4.01755 4.01755 4.01755 4.01755 4.01755 4.01755 4.01755 4.01755 4.01755 4.01755 4.01755 4.01755 4.01755 4.06614 9.00316 9.35657 9.35657 9.35657 9.35657 9.35657 9.35657 9.35657 9.35657 9.35657 9.35657 9.35657 9.35657 9.35657 9.35657 6.51406 5.89137 5.89137 5.89137 5.89137 5.89137 5.89137 5.89137 5.89137 5.89137 5.89137 5.89137 5.89137 5.89137 5.89137 5.23031 4.59391 4.59391 4.59391 4.59391 4.59391 4.59391 4.59391 4.42495 4.09788
5.54058 5.16629 4.79282 4.41908 4.10566 4.07096 4.07096 4.07096 4.07096 4.07096 4.07096 4.03546 4.01755 4.01755 4.01755 4.01755 4.01755 4.01755 4.01755 4.01755 4.01755 4.01755 4.01755 4.01755 4.01755 4.01755 7.73030 9.35657 9.35657 9.35657 9.35657 9.35657 9.35657 9.35657 9.35657 9.35657 9.35657 9.35657 9.35657 9.35657 9.35657 7.36131 5.89137 5.89137 5.89137 5.89137 5.89137 5.89137 5.89137 5.89137 5.89137 5.89137 5.89137 5.89137 5.89137 5.83447 5.22962 3.85529 3.52878 3.20257 2.87550 2.54985 2.22335 1.89714 1.73988 1.73988
4.07096 4.07096 4.07096 4.07096 4.07096 4.07096 4.07096 4.07096 4.07096 4.07096 4.07096 4.04879 4.01755 4.01755 4.01755 4.01755 4.01755 4.01755 4.01755 4.01755 4.01755 4.01755 4.01755 4.01755 4.01755 4.01755 6.40866 9.35657 9.35657 9.35657 9.35657 9.35657 9.35657 9.35657 9.35657 9.35657 9.35657 9.35657 9.35657 9.35657 9.35657 8.20785 5.89137 5.89137 5.89137 5.89137 5.89137 5.77172 5.52900 5.28587 5.04295 4.80022 4.55730 4.31437 4.07165 3.88562 3.77832 1.77893 1.73988 1.73988 1.73988 1.73988 1.73988 1.73988 1.73988 1.73988
4.07096 4.07096 4.07096 4.07096 4.07096 4.07096 4.07096 4.07096 4.07096 4.07096 4.07096 4.06210 4.01755 4.01755 4.01755 4.01755 4.01755 4.01755 4.01755 4.01755 4.01755 4.01755 4.01755 4.01755 4.01755 4.01755 5.08642 9.35657 9.35657 9.35657 9.35657 9.35657 9.35657 9.35657 9.35657 9.35657 9.35657 9.35657 9.34763 8.97678 8.41827 7.56800 4.97093 4.72557 4.48265 4.23992 3.99700 3.87372 3.87372 3.87372 3.87372 3.87372 3.87372 3.87372 3.87372 3.87372 3.87372 2.19661 1.73988 1.73988 1.73988 1.73988 1.73988 1.73988 1.73988 1.73988
4.07096 4.07096 4.07096 4.07096 4.07096 4.07096 4.07096 4.07096 4.07096 4.07096 4.07096 4.07077 4.02215 4.01755 4.01755 4.01755 4.01755 4.01755 4.01755 4.01755 4.01755 4.01755 4.01755 4.01755 4.01755 4.01755 4.08162 9.03997 9.35657 9.35657 9.34585 8.97097 8.41291 7.85395 7.29588 6.73692 6.17886 5.61990 5.07479 4.88847 4.88847 4.88847 4.03292 3.87372 3.87372 3.87372 3.87372 3.87372 3.87372 3.87372 3.87372 3.87372 3.87372 3.87372 3.87372 3.87372 3.87372 2.71031 1.73988 1.73988 1.73988 1.73988 1.73988 1.73988 1.73988 1.73988
4.07096 4.07096 4.07096 4.07096 4.07096 4.07096 4.07096 4.07096 4.07096 4.07096 4.07096 4.07096 4.03531 4.01755 4.01755 4.01755 4.01755 4.01755 4.01755 4.01755 4.01755 4.01755 4.01755 4.26679 4.77385 5.28127 5.78907 6.74665 6.17350 5.61409 5.06719 4.88847 4.88847 4.88847 4.88847 4.88847 4.88847 4.88847 4.88847 4.88847 4.88847 4.88847 4.27972 3.87372 3.87372 3.87372 3.87372 3.87372 3.87372 3.87372 3.87372 3.87372 3.87372 3.87372 3.87372 3.87372 3.87372 3.22420 1.73988 1.73988 1.73988 1.73988 1.73988 1.73988 1.73988 1.73988
