High_resolution/powerplant/Shangrao/OMI_NO2_201105.asc
ncols      200
nrows      200
xllcorner       115.451
yllcorner       27.0350
cellsize     0.0166667
NODATA_Value      -999.000
[rows 0 to 29 of 200, columns 132 to 197 of 200]
2.84088 2.84088 2.84088 2.84088 2.71785 2.30967 2.30967 2.30967 2.30967 2.30967 2.33045 2.47431 2.61513 2.69129 2.73719 2.74853 2.84855 2.99969 3.02676 3.02035 2.90901 2.77937 2.65522 2.20564 2.17561 2.12427 2.07125 2.02361 1.98293 1.97402 1.97402 2.02846 2.18294 2.18294 2.10670 1.97638 2.17991 2.17991 2.21923 3.19154 3.00372 1.30806 1.30806 1.30806 1.30806 1.30806 1.30806 1.30806 1.32086 1.48507 1.63255 1.73538 1.80263 1.81073 1.81073 1.81073 1.81098 1.82678 1.84784 1.85391 1.89481 2.31339 0.00000 0.00000 0.00000 0.00000
2.70113 2.84088 2.84088 2.84088 2.81667 2.21652 2.20743 2.34286 2.48474 2.58109 2.63912 2.66460 2.66685 2.66685 2.66685 2.66685 2.76663 2.76005 2.70062 2.60408 2.56259 2.48733 2.41536 2.11878 1.97926 1.97402 1.97402 1.97402 1.97402 1.97402 1.97402 1.98262 2.17738 2.18294 2.17635 1.91755 2.15205 2.06180 1.98488 2.20393 2.26386 1.48161 1.30806 1.30806 1.30987 1.44844 1.60800 1.71785 1.79462 1.81073 1.81073 1.81073 1.81296 1.83293 1.85285 1.86931 1.88300 1.88758 1.88758 1.88638 1.82311 2.24889 2.31339 0.00000 0.00000 0.00000
2.34183 2.50267 2.35130 2.22065 2.10635 2.35126 2.51223 2.60036 2.66685 2.66685 2.66685 2.66685 2.64551 2.56220 2.48425 2.41499 2.45100 2.48419 2.40500 2.34139 2.29528 2.29179 2.29179 2.16456 1.97402 1.97402 1.97402 1.97402 1.97402 1.97402 1.97402 1.97402 2.11657 2.12018 2.04162 1.81414 1.84986 1.88584 1.86699 1.96883 2.16959 1.81207 1.58166 1.69915 1.78366 1.81073 1.81073 1.81073 1.81681 1.83873 1.85761 1.87329 1.88546 1.88758 1.88758 1.88758 1.88758 1.88758 1.88758 1.88758 1.84403 2.04755 2.31339 0.00000 0.00000 0.00000
2.16483 2.03477 2.03480 2.03480 2.03480 2.26631 2.51223 2.54784 2.66223 2.58803 2.50710 2.43534 2.37492 2.33863 2.30504 2.27128 2.28568 2.38887 2.29884 2.29179 2.29179 2.29179 2.29179 2.25731 1.97495 1.97402 1.97402 1.97402 1.97361 1.93420 1.86327 1.78337 1.77483 1.84786 1.82714 1.75852 1.72273 1.80259 1.83982 1.90344 2.17360 2.09118 1.81073 1.81073 1.82233 1.84422 1.86214 1.87707 1.88696 1.88758 1.88758 1.88758 1.88758 1.88758 1.88758 1.88758 1.88758 1.88758 1.91778 1.99059 2.06672 2.20019 2.31339 0.00000 0.00000 0.00000
2.21694 2.03771 2.03480 2.03480 2.03480 2.12438 2.51223 2.51233 2.62025 2.34722 2.30405 2.27044 2.24682 2.24601 2.24601 2.24601 2.25029 2.38471 2.32797 2.29179 2.29179 2.29179 2.29179 2.29179 2.03392 1.95304 1.88567 1.80817 1.71050 1.65733 1.63985 1.60207 1.59056 1.78964 1.98857 2.21293 2.14420 1.91929 1.92003 1.92105 2.12846 2.15177 1.87474 1.88071 1.88756 1.88758 1.88758 1.88758 1.88758 1.88758 1.88758 1.88758 1.88758 1.88758 1.90605 1.97612 2.04916 2.12217 2.16512 2.16540 2.16834 2.22767 2.30503 2.13071 0.00000 0.00000
2.22933 2.08003 2.03480 2.03480 2.01544 1.96135 2.32799 2.32513 2.41214 2.31768 2.24601 2.24601 2.24601 2.24601 2.24601 2.24601 2.24601 2.34885 2.35877 2.29179 2.29179 2.28589 2.24322 2.13391 1.83844 1.63125 1.58630 1.54377 1.51204 1.48621 1.57248 1.74382 1.92293 2.54654 2.63840 2.64639 2.47192 2.09817 2.08293 2.15530 2.16028 2.14598 1.96840 1.88758 1.88758 1.88758 1.88758 1.88758 1.88758 1.88758 1.89719 1.96162 2.03460 2.10770 2.16237 2.16540 2.16540 2.16540 2.16540 2.15816 2.14215 2.15435 2.14646 2.13071 0.00000 0.00000
2.20883 2.05838 1.90248 1.84634 1.80943 1.80861 2.09198 2.28604 2.33648 2.39996 2.24601 2.24601 2.24601 2.24601 2.24601 2.24601 2.24601 2.30777 2.33035 2.08291 1.88531 1.67677 1.52813 1.45292 1.43464 1.45346 1.51623 1.69080 1.86746 2.04243 2.10729 2.11523 2.17070 2.63447 3.11811 3.33556 3.08531 2.44251 2.18088 2.18088 2.17169 2.14598 2.04624 1.88758 1.88758 1.88758 1.89122 1.94703 2.02013 2.09325 2.15673 2.16540 2.16540 2.16540 2.16540 2.16316 2.15756 2.15264 2.14825 2.14195 2.10451 2.11551 2.13494 2.13071 0.00000 0.00000
2.00369 1.96300 1.80861 1.80861 1.80861 1.80861 1.95022 2.28604 2.28630 2.45997 2.25395 2.24601 2.24601 2.23655 2.13208 1.96709 1.78118 1.59344 1.56125 1.45134 1.41248 1.41248 1.43863 1.59692 1.77392 1.98786 2.10513 2.12079 2.18113 2.25336 2.33633 2.41873 2.43056 2.70561 3.38886 3.38886 3.33920 2.62478 2.18088 2.18088 2.18063 2.14871 2.11262 1.93253 2.00565 2.07878 2.14823 2.16540 2.16540 2.16540 2.16761 2.17390 2.16943 2.16412 2.15937 2.15667 2.15671 2.15671 2.15671 2.15711 2.12911 2.15064 2.13597 2.13101 0.00000 0.00000
2.00314 2.00164 1.82465 1.80861 1.80861 1.80861 1.82623 2.26824 2.27941 2.31203 2.12411 1.90480 1.71859 1.51954 1.43462 1.43406 1.43406 1.43410 1.52857 1.62002 1.72069 1.89736 2.04794 2.08604 2.14721 2.24821 2.35035 2.42515 2.43056 2.43056 2.43056 2.43056 2.43056 2.49946 3.38570 3.38886 3.38886 2.85518 2.26344 2.21161 2.28449 2.30517 2.33279 2.19526 2.16540 2.16761 2.17615 2.18326 2.17999 2.17440 2.16773 2.15793 2.15671 2.15671 2.15671 2.15961 2.17660 2.19547 2.21434 2.23248 2.22294 2.21209 2.15336 2.13308 2.13071 0.00000
2.00314 2.00314 1.87732 1.79522 1.77316 1.74316 1.71284 1.70825 1.55132 1.52543 1.48277 1.43406 1.43406 1.43406 1.43406 1.51285 1.68925 1.86592 2.09825 2.18212 2.15628 2.22977 2.31288 2.37452 2.37592 2.39458 2.43056 2.43056 2.43056 2.43056 2.43056 2.43056 2.43056 2.43056 3.16010 3.31294 3.02604 2.80486 2.66627 2.45846 2.45330 2.38587 2.28631 2.21100 2.18943 2.18217 2.17050 2.15923 2.15671 2.15671 2.15671 2.16321 2.18181 2.20068 2.21955 2.23553 2.23740 2.23740 2.23740 2.23740 2.23005 2.21209 2.17924 2.13477 2.13071 0.00000
2.07771 2.09366 1.94918 1.66157 1.65325 1.65290 1.65290 1.59029 1.49836 1.49836 1.49433 1.47289 1.63643 1.81309 1.98982 2.09042 2.09640 2.10212 2.14024 2.21275 2.32769 2.37592 2.37592 2.37592 2.37592 2.37947 2.42966 2.43056 2.43056 2.43056 2.43056 2.42095 2.30727 2.18340 2.34572 2.50078 2.46469 2.46289 2.85113 2.28757 2.22293 2.19037 2.12749 2.12855 2.15671 2.15671 2.15681 2.16816 2.18701 2.20589 2.22476 2.23713 2.23740 2.23740 2.23740 2.23740 2.23740 2.23740 2.23740 2.23740 2.23588 2.20904 2.19000 2.11533 2.13005 0.00000
2.09688 2.09688 2.05735 1.65546 1.65290 1.65290 1.65290 1.63567 1.49880 1.49836 1.49836 1.93481 2.09657 2.10229 2.10800 2.11093 2.11093 2.11093 2.11680 2.21092 2.27482 2.37592 2.37592 2.37592 2.37592 2.37592 2.41711 2.43039 2.34892 2.21875 2.10595 1.97886 1.90556 1.84515 1.91366 2.29075 2.27684 2.26283 2.75929 2.26125 2.13615 2.13613 2.11430 2.12911 2.19120 2.21110 2.22986 2.23740 2.23740 2.23740 2.23740 2.23740 2.23740 2.23740 2.23740 2.23740 2.23740 2.23561 2.23162 2.22762 2.22366 2.20013 2.19122 2.11597 2.12090 2.13071
2.09688 2.09688 2.09688 1.74052 1.65290 1.65290 1.65290 1.65707 1.53917 1.51778 1.52539 1.77404 2.11093 2.11093 2.11093 2.11093 2.11093 2.11093 2.11093 2.18832 2.23048 2.37586 2.37592 2.37592 2.33477 2.20710 2.11298 1.95564 1.86582 1.83143 1.79562 1.81130 1.84607 1.87277 1.88314 2.21966 2.22634 2.22558 2.47018 2.29606 1.83041 1.72063 1.85353 2.21209 2.23157 2.23740 2.23740 2.23740 2.23740 2.23740 2.23740 2.23740 2.23740 2.23626 2.23238 2.22839 2.22440 2.22219 2.22219 2.22219 2.22219 2.21153 2.29160 2.45663 2.86345 3.65722
2.09688 2.09688 2.09691 1.86947 1.66493 1.67255 1.68015 1.68361 1.60394 1.52907 1.52907 1.57000 2.09770 2.11093 2.11093 2.11093 2.11093 2.11093 2.11093 2.15989 2.20268 2.23354 2.18984 2.15119 2.14731 2.21048 2.19829 1.87043 1.89218 1.88671 1.87687 1.86703 1.85791 1.85603 1.83229 1.92410 1.88326 1.77024 1.72463 2.03548 1.61896 1.61896 1.66190 2.20303 2.22462 2.23740 2.23740 2.23740 2.23740 2.23677 2.23316 2.22916 2.22517 2.22231 2.22219 2.22219 2.22219 2.22219 2.28423 2.42532 2.56786 2.70940 2.74684 2.79279 2.99197 3.78809
2.10915 2.11677 2.12435 2.02038 1.68361 1.68361 1.68361 1.68361 1.64977 1.52907 1.52907 1.52907 1.96649 2.11093 2.11093 2.11093 2.11545 2.14525 2.17943 2.20447 2.12941 2.21110 2.29328 2.29604 2.29604 2.29374 2.28631 1.93603 1.86014 1.85603 1.82096 1.73248 1.65492 1.58715 1.54095 1.59199 1.67860 1.67860 1.67860 2.02757 1.68159 1.61896 1.61896 2.06381 2.21638 2.23712 2.23393 2.22993 2.22594 2.22257 2.22219 2.22219 2.22219 2.23021 2.29682 2.43719 2.57997 2.72265 2.80316 2.80460 2.80460 2.80431 2.75801 2.80244 2.93918 3.49725
2.12760 2.12760 2.12760 2.11952 1.70904 1.68361 1.68361 1.68361 1.68231 1.54233 1.52907 1.54616 1.92321 2.35448 2.38845 2.41910 2.44447 2.44762 2.44762 2.44520 2.19924 2.20062 2.28872 2.28134 2.27396 2.26887 2.22021 1.91776 1.64404 1.57763 1.53892 1.53818 1.53818 1.53818 1.53818 1.55779 1.67860 1.67860 1.67860 1.87328 1.85474 1.61888 1.61535 1.87237 2.19783 2.21926 2.22219 2.22219 2.22998 2.26156 2.31493 2.44936 2.59190 2.72646 2.80239 2.80460 2.80460 2.80460 2.81436 2.85208 2.89153 2.93098 2.96481 2.97189 2.95085 3.20286
2.12760 2.12760 2.12760 2.12760 1.82551 1.68408 1.74312 1.82746 1.86914 2.01529 2.32895 2.57120 2.15457 2.44035 2.44762 2.44762 2.44762 2.44748 2.44250 2.43512 2.24477 2.16076 2.19959 2.11700 2.03745 1.96570 1.93189 1.83510 1.53818 1.53818 1.53818 1.53818 1.53818 1.53818 1.53818 1.53850 1.66050 1.67860 1.69413 1.77181 2.01300 1.60048 1.59868 1.67887 2.19145 2.25368 2.33734 2.46119 2.59594 2.70694 2.79615 2.80460 2.80460 2.80460 2.82364 2.86307 2.90252 2.94198 2.97165 2.97339 2.97339 2.97339 2.97297 2.97189 2.96119 3.00788
2.12470 2.10247 2.07212 1.98997 1.93527 2.09426 2.06178 1.98994 1.98795 2.19500 2.61499 2.61499 2.20024 2.33631 2.44465 2.43731 2.42992 2.42266 2.41928 2.41776 2.30552 2.15517 2.02406 1.93189 1.93189 1.93189 1.93189 1.92076 1.55671 1.53818 1.53818 1.53818 1.53818 1.53818 1.54353 1.56864 1.68473 1.79109 1.81150 1.81158 2.05360 1.65040 1.60223 1.70385 2.34007 2.61975 2.78587 2.80460 2.80460 2.80595 2.83461 2.87408 2.91352 2.95297 2.97339 2.97339 2.97339 2.97339 2.97339 2.97339 2.97339 2.97339 2.97331 2.97540 3.01164 3.06797
1.82238 1.74792 1.68162 1.66707 1.69381 1.98757 1.98795 1.98795 1.98795 2.02319 2.60137 2.61499 2.42190 2.17755 2.41927 2.41771 2.41619 2.41469 2.41416 2.41416 2.38274 2.15538 2.09335 1.93189 1.93189 1.93189 1.93189 1.93189 1.67356 1.53818 1.53965 1.56055 1.58751 1.61447 1.63607 1.63792 1.68836 1.81158 1.81158 1.70412 1.61213 1.79355 2.10953 2.15371 2.46172 2.75626 2.84393 2.88508 2.92451 2.96262 2.97339 2.97339 2.97339 2.97339 2.97339 2.97339 2.97339 2.97339 2.97339 2.97406 2.99732 3.03162 3.06589 3.12622 3.14592 3.18512
1.63344 1.66707 1.66707 1.66707 1.66707 1.91586 1.98795 1.98795 1.98795 1.98787 2.44905 2.60974 2.60129 2.05925 2.40743 2.41416 2.41416 2.41416 2.41416 2.41416 2.41416 2.19351 2.14953 1.94493 1.93189 1.93189 1.93190 1.94331 1.82639 1.60638 1.63187 1.64466 1.66863 1.69566 1.72549 1.71176 1.53142 1.30786 1.07438 0.948620 0.985867 1.52749 2.26182 2.35057 2.54165 2.96634 2.97301 2.97339 2.97339 2.97339 2.97339 2.97339 2.97339 2.97339 2.97339 2.97339 2.99065 3.02495 3.05923 3.09287 3.10391 3.10391 3.10391 3.12136 3.14292 3.12865
1.52875 1.66707 1.66707 1.66707 1.66707 1.81337 1.98564 1.98259 1.97956 1.97660 2.25360 2.60274 2.60274 2.18397 2.31379 2.41416 2.41416 2.41416 2.41416 2.41416 2.41416 2.25901 2.15471 2.01481 1.93343 1.88848 1.86009 1.81735 1.75192 1.74713 1.78266 1.79560 1.61159 1.37811 1.14490 0.962085 0.948448 0.982347 1.07040 1.15917 1.24790 1.58439 2.45496 2.52258 2.52517 2.92727 2.97259 2.97339 2.97339 2.97339 2.97339 2.97339 2.98462 3.01828 3.05258 3.08688 3.10391 3.10391 3.10391 3.10391 3.10327 3.09109 3.08878 3.08421 3.01712 3.00895
1.42164 1.66698 1.66546 1.66343 1.66141 1.72378 1.97569 1.97569 1.97569 1.97569 2.06819 2.60274 2.60274 2.40218 2.17457 2.41416 2.41416 2.41416 2.41416 2.40741 2.34931 2.22070 2.13143 2.01248 1.77136 1.80488 1.81158 1.81123 1.68185 1.44863 1.21515 0.996611 0.948485 0.995479 1.08427 1.17302 1.26177 1.31662 1.31732 1.31732 1.31732 1.46879 2.18371 2.52258 2.52258 2.79242 2.97211 2.97339 2.97988 3.01162 3.04592 3.08020 3.10328 3.10391 3.10391 3.10391 3.11020 3.12044 3.11922 3.11802 3.11743 3.12840 3.12950 3.12902 3.02516 2.98385
1.56577 1.65952 1.65890 1.65890 1.65890 1.66586 1.95820 1.97569 1.97569 1.97569 1.97569 2.50987 2.60274 2.59545 2.04959 2.31457 2.22926 2.14712 2.06359 1.98928 1.97214 1.97685 2.17180 2.16197 1.75439 1.51881 1.28550 1.05254 0.949960 1.00935 1.09814 1.18685 1.27556 1.31732 1.31732 1.31732 1.31732 1.31732 1.31732 1.31732 1.31732 1.36373 1.89810 2.52258 2.52663 2.69705 3.05969 3.07805 3.10136 3.10391 3.10391 3.11021 3.13447 3.15053 3.14968 3.14846 3.14095 3.12950 3.12950 3.12950 3.12950 3.08509 2.96169 2.83684 2.56852 2.31473
1.66098 1.65963 1.65890 1.65890 1.65890 1.65890 1.85683 1.97569 1.97569 1.94645 1.91701 2.06972 1.99708 1.78597 1.43967 1.83410 1.97214 1.97214 1.97214 1.97214 1.95420 1.80538 1.69318 1.49383 1.06428 1.02318 1.11197 1.20068 1.28796 1.31732 1.31732 1.31732 1.31732 1.31732 1.31732 1.31732 1.31732 1.31732 1.31732 1.31732 1.31766 1.33144 1.68724 2.59484 2.68893 2.71134 3.10976 3.10506 3.15983 3.17966 3.18012 3.17261 3.14713 3.12986 3.12950 3.12950 3.12865 3.05232 2.92742 2.80258 2.67768 2.59724 2.59575 2.59575 2.51337 2.29929
1.66098 1.66028 1.65890 1.66201 1.68948 1.72601 1.82794 1.88002 1.88188 1.90097 1.92111 1.84484 1.51922 1.51922 1.47332 1.66098 1.97013 1.85814 1.68310 1.50805 1.34820 1.29013 1.23980 1.16808 1.20156 1.31732 1.31732 1.31732 1.31732 1.31732 1.31732 1.31732 1.31732 1.31732 1.31732 1.31732 1.31732 1.32516 1.34791 1.37602 1.41072 1.43352 1.68952 2.34181 2.58693 2.55572 2.74394 2.90889 3.15222 3.13118 3.12950 3.12950 3.11989 3.01805 2.89321 2.76831 2.64432 2.59575 2.59575 2.59575 2.59575 2.59575 2.59575 2.59575 2.58064 2.30503
1.73512 1.78611 1.85139 1.91542 1.95514 1.98583 1.97993 1.92123 1.92123 1.92123 1.92123 1.91546 1.55246 1.51922 1.51698 1.42505 1.38535 1.28908 1.24949 1.21001 1.17308 1.16543 1.15842 1.10735 1.12934 1.31630 1.31732 1.31732 1.31732 1.31732 1.31732 1.31732 1.31732 1.32068 1.34054 1.36690 1.40440 1.47711 1.52768 1.56988 1.60590 1.63623 1.78901 2.20957 2.46391 2.44007 2.56315 2.77898 3.07909 2.98379 2.85894 2.73404 2.61880 2.59575 2.59575 2.59575 2.59575 2.59575 2.59575 2.59575 2.59575 2.59575 2.59150 2.55331 2.50779 2.22019
1.97657 1.99269 1.99124 1.99061 1.99061 1.99061 1.99058 1.92999 1.92123 1.92123 1.92123 1.92123 1.68411 1.44588 1.36656 1.24536 1.17356 1.16543 1.16543 1.16543 1.16543 1.16543 1.16542 1.11656 1.10735 1.27308 1.31732 1.31732 1.31732 1.31810 1.33364 1.36001 1.43157 1.51682 1.56179 1.58746 1.60470 1.59976 1.64780 1.84892 1.99916 2.14608 2.19292 2.28858 2.41362 2.37579 2.35048 2.34364 2.48267 2.59575 2.59575 2.59575 2.59575 2.59575 2.59575 2.59575 2.59575 2.59575 2.59447 2.56216 2.51666 2.47113 2.42986 2.42253 2.42253 2.27811
1.99269 1.99269 1.99189 1.99061 1.99061 1.99061 1.99061 1.94936 1.91586 1.87077 1.81816 1.76533 1.57411 1.20051 1.20051 1.18927 1.16674 1.16543 1.16543 1.16543 1.16543 1.16543 1.16543 1.13479 1.10735 1.20789 1.32709 1.44741 1.68846 1.91030 2.01578 1.60047 1.59337 1.58467 1.60031 1.70444 1.81713 1.92979 1.99519 2.16231 2.16208 2.10315 2.04424 2.07672 2.20684 2.25233 2.25233 2.24259 2.37249 2.59575 2.59575 2.59575 2.59575 2.59575 2.59571 2.57103 2.52549 2.47999 2.43575 2.42253 2.42253 2.42253 2.42253 2.42313 2.41358 2.31487
1.99269 1.99269 1.99253 1.99063 1.98449 1.93883 1.88599 1.81150 1.71652 1.70876 1.70876 1.70876 1.67876 1.20681 1.20051 1.19983 1.16944 1.16545 1.16543 1.16543 1.16543 1.16543 1.19888 1.35718 1.55844 1.78114 2.07430 2.10180 2.07258 2.06612 2.07222 1.77928 1.78406 1.89672 1.98753 1.99477 1.96541 1.92121 1.87701 1.90948 1.94787 1.94787 1.94787 1.98818 2.16120 2.25233 2.25233 2.24654 2.27152 2.59350 2.59575 2.57936 2.53436 2.48885 2.44337 2.42253 2.42253 2.42253 2.42253 2.40820 2.35732 2.30031 2.23651 2.16383 2.10080 2.09757
1.99235 1.98931 1.98570 1.87053 1.78532 1.77813 1.77813 1.77433 1.71011 1.70876 1.70876 1.70876 1.70876 1.35031 1.20051 1.20051 1.17792 1.17807 1.30910 1.47907 1.65638 1.83885 1.98937 2.00366 1.91030 1.90869 2.04381 2.12645 2.23915 2.35181 2.45832 2.24299 1.95841 1.91419 1.87001 1.82655 1.81173 1.81173 1.81173 1.84875 1.94787 1.94787 1.94787 1.94826 2.10343 2.24862 2.25233 2.24077 2.18680 2.42434 2.45218 2.42305 2.42253 2.42253 2.40799 2.35261 2.29261 2.22835 2.15593 2.09876 2.09757 2.09757 2.09757 2.09757 2.15216 2.26252
