High_resolution/powerplant/Shangrao/OMI_NO2_200611.asc
ncols      200
nrows      200
xllcorner       115.451
yllcorner       27.0350
cellsize     0.0166667
NODATA_Value      -999.000
[rows 29 to 57 of 165, columns 67 to 133 of 200]
5.39501 5.39501 5.39501 4.97936 4.82590 4.82526 4.80948 4.65244 4.61384 3.88010 3.66479 3.47800 3.48818 3.43322 3.12504 3.11518 3.10716 3.09931 2.70239 2.66116 2.65302 2.64522 2.63725 2.62928 2.62123 2.61331 2.61368 2.62126 2.62879 2.16419 2.10888 2.03085 1.62357 1.53228 1.28380 1.28068 1.26066 1.23953 1.23634 1.35436 1.49732 1.64046 1.53495 1.35410 1.46028 1.57641 1.57672 1.57672 1.60437 1.74985 1.74985 1.74985 1.74985 1.74985 1.74985 1.74985 1.74985 1.75198 1.91739 1.92001 1.76703 1.76284 1.76284 1.62955 1.27232 1.71556 1.96133
5.38934 5.39117 5.39301 5.13318 4.82539 4.71261 4.53688 4.37213 4.20961 3.64437 3.46678 3.46681 3.42263 3.41421 3.14699 3.08709 3.08709 3.08709 2.83797 2.66496 2.66496 2.66496 2.66496 2.66496 2.66496 2.66496 2.66496 2.66496 2.66496 2.33736 2.19129 2.20646 1.86354 1.86131 1.21614 1.30138 1.46447 1.62852 1.77475 1.79982 1.79982 1.79982 1.69762 1.35929 1.42252 1.57672 1.57672 1.57672 1.57794 1.73391 1.74985 1.74985 1.74985 1.74985 1.74985 1.74985 1.74985 1.74985 1.87502 1.92583 1.80106 1.76284 1.76284 1.75610 1.29590 1.50575 1.85430
5.41220 5.32934 5.15107 4.86471 4.22710 4.16394 4.16394 4.17222 4.17680 3.84865 3.46681 3.46681 3.43432 3.41421 3.22970 3.08709 3.08709 3.08709 2.98963 2.65307 2.66496 2.65563 2.60789 2.57842 2.57134 2.56433 2.55730 2.55027 2.54325 2.49936 2.43354 2.52645 2.36802 2.44581 1.98677 1.79982 1.79982 1.79982 1.79982 1.79982 1.79982 1.79982 1.79590 1.39924 1.37148 1.57393 1.57672 1.57672 1.57672 1.68218 1.74985 1.74985 1.74985 1.74985 1.74985 1.74985 1.74985 1.74985 1.83560 1.92583 1.84096 1.80863 2.02364 2.25240 1.92768 1.85945 1.57522
4.82874 4.73319 4.73305 4.73002 4.21314 4.16394 4.16394 4.16966 4.17680 4.03177 3.46681 3.46681 3.44600 3.41189 3.26172 2.99397 2.94168 2.85706 2.75239 2.41053 2.47880 2.48110 2.52176 2.54423 2.54423 2.54423 2.54626 2.63222 2.76215 2.87664 2.90176 2.93664 2.75228 2.63144 2.24192 1.79982 1.79982 1.79982 1.79982 1.79982 1.79982 1.79982 1.79982 1.53352 1.35929 1.53230 1.57672 1.57672 1.57672 1.63628 1.74985 1.74985 1.74985 1.74985 1.74985 1.74985 1.74985 1.78309 2.00560 2.42112 2.60548 2.67107 2.68602 2.68602 2.27220 1.91372 1.72903
4.73305 4.73305 4.73305 4.73305 4.36404 4.16394 4.15105 4.09682 4.04564 3.97340 3.21230 3.05576 2.92066 2.75410 2.66876 2.44521 2.39152 2.37156 2.37156 2.32994 2.54423 2.54423 2.54474 2.62070 2.75057 2.88040 3.00814 3.05196 3.05196 3.05194 2.95020 2.93664 2.81333 2.63144 2.46346 1.79982 1.79982 1.79982 1.79982 1.79982 1.79982 1.79982 1.79982 1.67171 1.35929 1.47848 1.57672 1.57672 1.57672 1.59670 1.74985 1.74985 1.74985 1.78543 1.93031 2.08374 2.23613 2.35645 2.43681 2.85112 2.84581 2.72492 2.73136 2.73906 2.65684 2.19704 2.07507
4.64008 4.57778 4.51688 4.45594 4.17918 3.72730 3.53944 3.36306 3.19240 2.99728 2.67522 2.60921 2.60874 2.55969 2.55662 2.40772 2.37156 2.37156 2.37156 2.29959 2.73601 2.86887 2.99814 3.05196 3.05196 3.05196 3.05196 3.05196 3.05196 3.05196 2.97918 2.93664 2.86681 2.63592 2.62413 1.86059 1.79982 1.79982 1.79982 1.79982 1.79982 1.79982 1.79982 1.78722 1.38202 1.42462 1.57672 1.57672 1.57672 1.60502 1.90148 2.08951 2.26649 2.40174 2.42935 2.44801 2.46519 2.47270 2.46049 2.75493 2.72853 2.77404 2.82259 2.83629 2.84932 2.37069 2.28401
4.15994 3.95519 3.77571 3.58489 3.32010 2.62973 2.59379 2.59379 2.60663 2.60921 2.60921 2.60921 2.60921 2.57093 2.55662 2.43252 2.27986 2.20857 2.13726 2.10198 2.90078 3.05196 3.05196 3.05196 3.05196 3.05196 3.05196 3.05196 3.05196 3.05196 3.00814 2.93999 2.92744 2.67396 2.63144 2.07476 1.79982 1.79982 1.79982 1.79982 1.79982 1.79982 1.79982 1.79975 1.50672 1.43818 1.85345 2.07445 2.29360 2.46479 2.46775 2.40194 2.37458 2.34375 2.31292 2.28209 2.25125 2.22854 2.22650 2.44437 2.52237 2.71039 2.86868 2.86868 2.86868 2.51973 2.31694
3.26097 3.19030 3.19030 3.19030 3.19030 2.69127 2.59379 2.59379 2.60345 2.60921 2.60921 2.59664 2.53117 2.42835 2.31958 2.20687 2.08067 2.08731 2.09385 2.10058 2.64301 3.06571 3.07222 3.07898 3.08545 3.09216 3.09863 3.10539 3.11180 3.11854 3.10999 3.01317 3.00159 2.80331 2.60538 2.26927 1.77176 1.77077 1.77337 1.84885 1.95520 2.08616 2.19450 2.30037 2.44162 2.69730 2.55920 2.46875 2.43928 2.42865 2.34901 2.20612 2.20612 2.20612 2.20612 2.20612 2.20612 2.20612 2.20612 2.37128 2.52237 2.62558 2.86868 2.86868 2.86868 2.66438 2.31694
3.33479 3.23895 3.24153 3.24422 3.24688 2.91212 2.65572 2.65259 2.46022 2.17837 2.09454 2.02327 2.00485 2.05731 2.23141 2.23538 2.06482 2.06246 2.06246 2.06246 2.33154 3.01441 3.01441 3.01441 3.01441 3.01441 3.01441 3.01441 3.01441 3.01441 3.01441 2.91293 2.87847 2.73323 2.32691 2.16746 2.39509 2.54243 2.64971 2.67972 2.67882 2.65344 2.65063 2.65063 2.66340 2.85907 2.62043 2.42865 2.42865 2.42865 2.40716 2.20672 2.20612 2.20612 2.20612 2.20612 2.20612 2.20612 2.20612 2.31007 2.52237 2.54413 2.86528 2.86868 2.86868 2.80843 2.31750
3.37595 3.28124 3.26469 3.26312 3.21397 2.96680 2.47486 2.40936 2.31139 1.99537 1.99537 1.99537 1.99537 2.01254 2.24625 2.24751 2.10089 2.06246 2.06246 2.06246 2.09770 2.98151 3.01441 3.01441 3.01441 3.02268 2.99793 2.87880 2.75586 2.63320 2.51025 2.41926 2.36074 2.35692 1.87134 1.82226 2.57755 2.65501 2.65063 2.65063 2.65063 2.65063 2.65063 2.65063 2.65063 2.80515 2.72751 2.42865 2.42865 2.42865 2.42865 2.24381 2.20612 2.20612 2.20612 2.20612 2.20612 2.20612 2.20612 2.25479 2.52237 2.52237 2.80237 2.86868 2.85391 2.81206 2.30272
3.33854 3.20125 3.08506 3.01532 2.99313 2.96514 2.41028 2.39662 2.38517 2.00469 1.99537 1.99537 1.99537 1.99537 2.20780 2.24751 2.14773 2.06639 2.08178 2.09791 2.10427 2.66143 2.75460 2.63183 2.50908 2.37788 2.27995 2.27624 2.27624 2.27295 2.24050 2.23238 2.24389 2.24600 1.79815 1.72791 2.28789 2.65063 2.65063 2.65063 2.65063 2.65063 2.65063 2.65063 2.65063 2.73844 2.83198 2.43144 2.42865 2.42865 2.42865 2.30248 2.20612 2.20612 2.20612 2.20612 2.20612 2.20612 2.20612 2.21173 2.49549 2.46425 2.61685 2.72551 2.69777 2.69716 2.37500
3.10402 3.06640 2.99313 2.99313 2.99313 2.99313 2.54390 2.39662 2.39662 2.07648 2.00841 2.02971 2.05104 2.07234 2.23977 2.33430 2.27162 2.10853 2.08710 2.06495 2.05254 2.12374 2.27624 2.27624 2.27624 2.27415 2.24379 2.20451 2.16523 2.12927 2.12244 2.13309 2.20437 2.21958 1.94165 1.72791 2.04348 2.65063 2.65063 2.65063 2.65063 2.65063 2.65063 2.65063 2.65063 2.67281 2.86280 2.50657 2.42865 2.42865 2.42865 2.36114 2.20612 2.20612 2.20612 2.20612 2.19316 2.16142 2.12958 2.09769 2.28197 2.34834 2.44081 2.67811 2.66658 2.65362 2.60313
3.10402 3.09435 2.99620 3.01439 3.03570 3.05700 2.79063 2.50312 2.51287 2.27487 2.09690 2.07473 2.05258 2.03043 2.12002 2.27102 2.25984 2.05604 2.05250 2.05250 2.05250 2.06001 2.24173 2.20782 2.16855 2.13138 2.12244 2.12244 2.12244 2.12244 2.12244 2.12244 2.19448 2.20484 2.06412 1.72791 1.80436 2.64537 2.65063 2.65063 2.65063 2.65063 2.65063 2.65063 2.65063 2.65063 2.81833 2.61381 2.42865 2.42865 2.42865 2.41622 2.19579 2.16036 2.12840 2.07938 2.02514 1.98906 1.95117 1.91109 1.99821 2.11610 2.22040 2.44610 2.41678 2.39049 2.37974
3.10309 3.10291 3.12210 3.08792 3.04311 2.99832 2.84671 2.43075 2.42014 2.26617 2.01889 2.01889 2.01889 2.01889 2.06440 2.27102 2.27102 2.09994 2.06331 2.08324 2.10318 2.12229 2.11839 2.12244 2.12244 2.12244 2.12244 2.12244 2.12244 2.12244 2.12244 2.12244 2.17385 2.20437 2.16031 1.72791 1.72791 2.47901 2.65494 2.65820 2.66141 2.66447 2.66752 2.67045 2.67330 2.67611 2.76820 2.74295 2.47401 2.42400 2.37256 2.32238 2.16684 2.15069 2.18712 2.14509 2.04238 2.09663 2.15102 2.20529 2.35535 2.56904 2.56904 2.30721 2.25323 2.25323 2.25323
2.91318 2.86840 2.86902 2.88925 2.88925 2.88925 2.88424 2.45278 2.42014 2.34934 2.01889 2.01889 2.01889 2.01889 2.02892 2.28502 2.31791 2.22165 2.12844 2.12844 2.12844 2.12542 2.11591 2.12076 2.12180 2.12290 2.12397 2.12502 2.12612 2.12719 2.12818 2.12921 2.16127 2.21331 2.22658 2.03034 2.04206 2.45765 2.79660 2.80134 2.80612 2.81093 2.80132 2.77753 2.79244 2.86461 2.92863 2.77082 2.55203 2.59262 2.63602 2.67944 2.70426 2.69958 2.70053 2.66209 2.45181 2.45181 2.45181 2.45181 2.47049 2.56904 2.56904 2.38454 2.25323 2.25323 2.25323
2.79069 2.78025 2.78495 2.80708 2.79667 2.78626 2.77582 2.45066 2.28557 2.26997 2.20642 2.24290 2.27341 2.30432 2.32762 2.45278 2.48981 2.42985 2.27344 2.27462 2.27549 2.27973 2.27163 2.27422 2.27447 2.27447 2.27447 2.27447 2.27447 2.27447 2.27447 2.27447 2.28491 2.35639 2.34525 2.17071 2.18772 2.42940 2.80831 2.79059 2.80262 2.86969 2.95243 3.04933 3.10761 3.10850 3.10850 2.88061 2.74839 2.73029 2.73029 2.73029 2.72396 2.70053 2.70053 2.69921 2.46787 2.45181 2.45181 2.45181 2.45417 2.56555 2.56904 2.46188 2.25323 2.25323 2.25323
2.59068 2.59062 2.59396 2.63795 2.63826 2.63821 2.64039 2.46976 2.20837 2.22830 2.36390 2.40219 2.40219 2.40219 2.40219 2.45240 2.49899 2.48877 2.28462 2.28047 2.28047 2.28047 2.27687 2.26957 2.27447 2.27447 2.27447 2.27447 2.27742 2.31492 2.40566 2.50209 2.59859 2.68160 2.74665 2.67485 2.64202 2.73237 2.96099 3.05080 3.10729 3.10850 3.10850 3.10850 3.10850 3.10850 3.10850 2.96457 2.77551 2.73029 2.73029 2.73029 2.72961 2.70191 2.70053 2.70053 2.51986 2.45181 2.45181 2.45181 2.45181 2.54063 2.56904 2.53871 2.25370 2.25323 2.25310
2.59036 2.59036 2.59114 2.64459 2.67368 2.69362 2.71134 2.65328 2.24501 2.24501 2.33272 2.40219 2.40219 2.40219 2.40219 2.43099 2.49899 2.49899 2.32931 2.28047 2.28064 2.29996 2.33171 2.37043 2.47352 2.57002 2.66645 2.76283 2.85637 2.91529 2.92104 2.92104 2.93928 2.97260 3.03030 3.01332 2.95274 2.95560 3.07063 3.10850 3.10850 3.10850 3.10850 3.10850 3.10850 3.10850 3.10850 3.04845 2.80261 2.73029 2.73029 2.73029 2.73029 2.70997 2.70053 2.70053 2.57314 2.45181 2.45181 2.45181 2.45181 2.51499 2.56869 2.50635 2.13072 1.97593 1.86867
2.62207 2.64200 2.66115 2.69278 2.71412 2.71412 2.71412 2.71412 2.31101 2.24501 2.30034 2.40219 2.40219 2.39043 2.33225 2.27700 2.30293 2.24855 2.34531 2.53875 2.59546 2.63320 2.65842 2.81389 2.92099 2.92104 2.92104 2.92104 2.93460 3.01252 3.09844 3.18450 3.25226 3.22882 3.18174 3.12746 2.95560 2.95560 3.03017 3.10850 3.10850 3.10850 3.10850 3.10850 3.10850 3.10850 3.10850 3.10654 2.85528 2.73052 2.73029 2.73029 2.73029 2.71801 2.70053 2.70053 2.62635 2.45181 2.45126 2.40236 2.32188 2.25758 2.18145 2.13670 1.94567 1.82089 1.82089
2.66630 2.66630 2.66630 2.68059 2.71412 2.71412 2.68114 2.61820 2.27904 2.02321 1.98325 2.06299 2.02471 1.99867 2.01913 2.04438 2.15242 2.18335 2.31795 2.67609 2.67609 2.67609 2.67609 2.75174 2.92673 3.00481 3.09080 3.17683 3.24927 3.25747 3.25747 3.25747 3.25747 3.24763 3.18174 3.16340 2.96850 2.95560 2.98964 3.10850 3.10850 3.10850 3.10850 3.10850 3.10850 3.10850 3.10850 3.10850 2.94762 2.74733 2.73029 2.73029 2.73029 2.72518 2.69966 2.64865 2.54687 2.23920 2.15894 2.12755 2.12755 2.12900 2.13504 2.13314 2.01973 1.84830 1.88840
2.65034 2.64110 2.63185 2.61715 2.34521 2.26118 2.17242 2.11144 1.98321 1.88744 1.91340 2.07651 2.08700 2.08700 2.08700 2.08700 2.14840 2.18381 2.20463 2.66526 2.67229 2.60402 2.51259 2.43841 2.90320 3.25747 3.25747 3.25747 3.25747 3.25747 3.25747 3.25747 3.25747 3.25747 3.19083 3.17111 3.00964 2.95560 2.95796 3.09971 3.10850 3.10850 3.10850 3.10774 3.10590 3.10404 3.10219 3.10034 3.02140 2.76256 2.71551 2.67048 2.59035 2.50491 2.37943 2.34752 2.34984 2.15640 2.14180 2.15801 2.17421 2.19124 2.24292 2.26722 2.27289 2.15115 2.15115
2.53449 2.47354 2.41260 2.35158 2.01149 1.89309 1.89095 1.89095 1.89337 1.92929 1.92982 2.04530 2.08700 2.08700 2.08700 2.08700 2.12660 2.12902 2.03762 2.32444 2.35090 2.32777 2.32777 2.32777 2.62758 3.25747 3.25617 3.24913 3.24128 3.23255 3.21434 3.19240 3.17011 3.14697 3.07016 3.01156 2.95890 2.90717 2.90257 3.00393 3.04623 3.04165 3.03706 3.03322 3.03048 3.02283 3.00239 2.98997 2.97327 2.49115 2.33870 2.31059 2.31728 2.32863 2.35339 2.37542 2.38500 2.22684 2.14215 2.13873 2.13531 2.13190 2.25677 2.29486 2.29486 2.16950 2.15115
2.24385 2.24385 2.24385 2.24983 2.06983 1.91658 1.92634 1.93618 1.94599 1.98607 2.00456 1.99719 1.94861 1.89866 1.79551 1.69188 1.58406 1.41918 1.37165 1.60876 1.83506 1.79112 1.74633 1.69961 1.79769 2.62118 2.71860 2.70144 2.68621 2.67134 2.66778 2.66778 2.66778 2.66778 2.63157 2.57325 2.81912 2.82545 2.82635 2.91692 2.94551 2.92330 2.90112 2.88662 2.87827 2.87484 2.88418 2.88553 2.88381 2.50107 2.34026 2.34029 2.34029 2.34029 2.34811 2.36162 2.36162 2.25686 2.12501 2.12501 2.12501 2.12501 2.21878 2.29486 2.29486 2.20451 2.15115
2.45598 2.46602 2.47606 2.48013 2.37985 2.12769 2.12792 2.12814 2.12837 2.12456 2.05607 1.82685 1.44484 1.39130 1.39095 1.39095 1.38497 0.917602 0.890305 1.05294 1.50566 1.50566 1.50566 1.50566 1.58026 2.26107 2.66778 2.66778 2.66778 2.66778 2.66778 2.66778 2.67348 2.76494 2.86878 2.90025 3.20413 3.27289 3.36427 3.31068 2.84995 2.86382 2.87765 2.88381 2.88381 2.88381 2.88381 2.88381 2.88381 2.67829 2.33472 2.34029 2.34029 2.34029 2.34306 2.36162 2.36162 2.30748 2.12501 2.12501 2.12501 2.12501 2.18544 2.29486 2.29486 2.23950 2.15115
2.49645 2.48185 2.48185 2.48185 2.46434 2.12235 2.03462 1.94323 1.85179 1.79336 1.81951 1.77031 1.39095 1.39095 1.39095 1.39095 1.39095 1.03767 0.890305 0.913565 1.49003 1.50566 1.50566 1.50566 1.51397 1.96915 2.67896 2.78427 2.90089 3.01758 3.13411 3.25088 3.36164 3.38687 3.38686 3.30336 3.44907 3.44914 3.44163 3.44793 2.94206 2.88381 2.88381 2.88381 2.88381 2.88381 2.88381 2.88381 2.88381 2.84729 2.33719 2.34029 2.34029 2.34029 2.34031 2.35887 2.36162 2.35338 2.12970 2.12501 2.12501 2.12501 2.15558 2.29486 2.29486 2.27299 2.12382
2.58178 2.47645 2.40483 2.31340 2.22200 1.86875 1.78063 1.78063 1.78063 1.78134 1.81741 1.81938 1.43060 1.39095 1.39095 1.39095 1.39148 1.19339 1.00306 1.07179 1.42901 1.55620 1.61332 1.67084 1.72846 2.23421 3.28793 3.38687 3.38687 3.38687 3.38687 3.39241 3.40940 3.42672 3.44404 3.38968 3.43686 3.50559 3.44895 3.44895 3.09058 2.88381 2.88381 2.88381 2.88381 2.88381 2.88381 2.88381 2.88381 2.88381 2.47220 2.34029 2.34029 2.34029 2.34029 2.35266 2.36162 2.36162 2.17201 2.12501 2.12501 2.12367 2.10873 2.22907 2.19682 2.16340 2.02566
2.63328 2.15328 2.13353 2.13353 2.13353 1.94800 1.78063 1.78063 1.78063 1.78780 1.86310 1.93013 1.68484 1.61151 1.67680 1.77792 1.88136 1.85568 1.65105 1.71192 1.80116 1.84422 1.84422 1.84422 1.84422 2.15005 3.02721 3.39130 3.40791 3.42523 3.44256 3.45434 3.45468 3.45468 3.45468 3.41534 3.38071 3.54365 3.44895 3.44895 3.24002 2.88381 2.88381 2.88381 2.88381 2.88381 2.88381 2.88381 2.88381 2.88381 2.64383 2.34029 2.34029 2.34029 2.34029 2.34713 2.36162 2.36000 2.20036 2.07666 2.05062 2.02290 1.99020 2.04340 2.02481 1.98775 1.87816
2.82348 2.15534 2.12848 2.11180 2.09465 2.03771 2.02149 2.07652 2.14191 2.24294 2.31766 2.38039 2.21774 2.04966 2.08807 2.09093 2.09093 2.06754 1.76576 1.76527 1.78547 1.84422 1.84422 1.87340 2.04906 2.37370 3.19240 3.45397 3.45468 3.45468 3.45468 3.45468 3.45468 3.45468 3.45468 3.44065 3.35250 3.55906 3.44895 3.44895 3.38874 2.88460 2.88381 2.88381 2.88381 2.88381 2.88381 2.88381 2.88381 2.88397 2.81888 2.33812 2.34151 2.34026 2.32367 2.29769 2.22513 2.16587 2.04019 1.86438 1.81429 1.74669 1.69477 1.65039 1.59243 1.53137 1.51766
2.76797 2.24023 2.01682 2.06448 2.12226 2.18720 2.40828 2.47011 2.51736 2.52193 2.52156 2.51948 2.39695 2.09093 2.09093 2.09093 2.09093 2.09093 1.81801 1.77790 1.93631 2.20617 2.40448 2.57127 2.59153 2.59609 3.20479 3.44225 3.45468 3.45468 3.45468 3.45447 3.44580 3.43300 3.42050 3.40848 3.31237 3.46459 3.45303 3.45887 3.46418 2.99445 2.90966 2.91499 2.92029 2.92570 2.93102 2.93632 2.94050 2.94224 3.00830 2.48828 2.26880 2.19622 2.13888 2.09184 1.92353 1.85903 1.77915 1.53701 1.51976 1.52471 1.52966 1.46977 1.35660 1.35660 1.38759
