High_resolution/powerplant/Shangrao/OMI_NO2_2010_06-08.asc
ncols      200
nrows      200
xllcorner       115.451
yllcorner       27.0350
cellsize     0.0166667
NODATA_Value      -999.000
[rows 112 to 139 of 166, columns 63 to 125 of 200]
1.14443 0.993644 0.926276 0.930047 0.937963 0.960672 1.02285 1.01355 1.03314 1.07368 1.07368 1.07368 1.04331 1.04331 1.00787 1.03778 1.04473 1.23326 1.24596 1.19177 1.09486 1.34419 1.53247 1.42956 1.32835 1.29349 1.23695 1.21323 1.18757 1.21962 1.16843 1.18305 1.16843 1.09935 1.06303 1.08788 1.07752 1.00882 1.01107 0.979019 0.956609 0.507947 0.541503 0.555828 0.618545 0.586077 0.644923 0.645037 0.674026 0.608709 0.550295 0.557441 0.557441 0.557441 0.557441 0.539050 0.885547 0.958702 1.09034 1.00656 0.957827 0.989720 0.957827
1.16041 1.07381 0.943213 0.960303 0.973861 0.974965 1.02981 0.994708 0.994708 1.03778 1.03778 1.04331 1.00787 1.03778 1.07368 1.11756 1.11756 1.26284 1.30022 1.26086 1.20972 1.24162 1.34966 1.38542 1.37214 1.31939 1.31468 1.31468 1.27081 1.30493 1.23668 1.20938 1.19402 1.15224 1.07247 1.10177 1.10595 1.13179 1.14736 1.08550 1.07058 1.09123 0.586397 0.586397 0.645037 0.586397 0.645037 0.645037 0.688552 0.646896 0.613185 1.01103 0.993505 0.969356 0.921142 0.890471 0.897205 0.939208 1.08569 1.09317 1.02173 1.03622 1.00579
1.24100 1.18350 0.974965 0.974965 0.974965 0.942059 0.994708 0.965991 0.965991 1.00787 1.00787 1.01727 0.982549 1.00219 1.01747 1.05492 1.07050 1.15167 1.22886 1.26223 1.28276 1.26878 1.37669 1.43054 1.38385 1.35357 1.31468 1.31468 1.27081 1.30952 1.24132 1.20318 1.17814 1.19851 1.17921 1.22012 1.19819 1.20180 1.20180 1.14758 1.09190 1.10543 0.645037 0.645037 0.645037 0.586397 1.17771 1.21652 1.33612 1.20739 0.963239 0.893399 0.900695 0.901045 0.901045 0.901045 0.901045 0.906818 1.05340 1.11924 1.00838 1.03622 1.00579
1.41528 1.38101 1.11737 1.07368 1.07368 1.03778 1.07368 1.00787 1.00726 1.03435 1.00012 1.02760 1.01283 1.07151 1.16298 1.24811 1.28377 1.30365 1.31110 1.31110 1.30952 1.26665 1.34480 1.43054 1.38472 1.39042 1.29689 1.28153 1.22838 1.23826 1.17045 1.14939 1.13779 1.17003 1.18813 1.22164 1.19819 1.17864 1.17864 1.17346 1.10001 1.10543 1.17771 1.26505 1.34400 1.38746 1.43984 1.47349 1.48665 1.28654 1.00323 0.901045 0.901045 0.901045 0.901045 0.901045 0.901045 0.901045 1.00366 1.13556 1.06829 1.09358 1.10593
1.46588 1.40926 1.21891 1.07368 1.07187 1.04360 1.09492 1.05075 1.06968 1.11180 1.10726 1.14643 1.13834 1.17438 1.19889 1.22718 1.22718 1.22637 1.21607 1.19827 1.15336 1.09321 1.14955 1.25965 1.20078 1.21435 1.13830 1.17003 1.14939 1.19583 1.14939 1.14939 1.13779 1.17003 1.18186 1.22164 1.19819 1.17822 1.16267 1.14397 1.05287 1.11057 1.43346 1.47695 1.47731 1.47731 1.47731 1.46796 1.47731 1.38111 1.08946 0.946522 0.946522 0.946522 0.943638 0.928417 0.911803 0.895175 1.00419 1.25691 1.20606 1.16087 1.15574
1.55005 1.45211 1.37102 1.22084 1.23397 1.20333 1.26857 1.27794 1.31758 1.33896 1.26061 1.22718 1.18037 1.21247 1.21247 1.21202 1.23982 1.20993 1.14082 1.04693 1.02966 1.07321 1.11224 1.26975 1.22257 1.22257 1.15582 1.17003 1.14939 1.19583 1.14939 1.14939 1.17003 1.19250 1.17131 1.18078 1.13249 1.11770 1.11598 1.18454 1.07953 1.15891 1.40255 1.48835 1.48835 1.48835 1.48665 1.47731 1.47731 1.46210 1.13065 0.951176 0.935780 0.920389 0.907670 0.906373 0.906373 0.906373 0.951712 1.23413 1.22057 1.15574 1.14804
1.70082 1.57650 1.47109 1.35599 1.40122 1.38405 1.42107 1.38898 1.38898 1.37427 1.30084 1.26312 1.19981 1.20086 1.17096 1.11803 1.13611 1.10921 1.08197 0.989079 0.989079 1.06042 1.06561 1.21123 1.19380 1.19380 1.15739 1.14939 1.13241 1.16322 1.06361 1.00157 0.991981 1.02014 1.02703 1.13249 1.13494 1.13494 1.13494 1.18520 1.14677 1.19482 1.34458 1.50161 1.50161 1.49852 1.48413 1.46572 1.45565 1.45359 1.21237 0.871679 0.850193 0.850193 0.850193 0.850193 0.850193 0.850193 0.850527 1.14009 1.18592 1.14772 1.13715
1.69625 1.75835 1.56556 1.37320 1.30073 1.26689 1.30101 1.29023 1.25791 1.22502 1.16985 1.14293 1.11635 1.13611 1.13611 1.15003 1.25092 1.29443 1.34833 1.40586 1.05369 1.06915 1.11154 1.21441 1.23710 1.20910 1.10050 1.00942 0.899585 0.958302 0.879179 0.898784 0.937971 1.00453 1.00453 1.07739 1.08468 1.08468 1.08468 1.13494 1.11752 1.12164 1.19891 1.46016 1.46213 1.47322 1.48953 1.50963 1.52799 1.54368 1.41121 0.982203 0.850193 0.850193 0.850193 0.850193 0.850193 0.850382 0.866330 1.08147 1.26551 1.26476 1.25412
1.70099 1.75562 1.58363 1.40983 1.21262 1.15568 1.15706 1.13665 1.13611 1.13918 1.15186 1.23619 1.29575 1.35626 1.40052 1.42078 1.42630 1.42358 1.42358 1.44444 1.19761 1.04048 1.09637 1.16916 1.01274 0.951827 0.879142 1.03196 0.937971 1.05208 0.859807 0.859807 0.859807 0.927261 0.927261 0.994391 1.00325 0.989828 0.977988 1.02635 1.01636 1.04498 1.09407 1.36879 1.43392 1.43392 1.44609 1.43392 1.43392 1.41732 1.37947 0.954375 0.734836 0.735240 0.753069 0.779247 0.799322 0.817651 0.744252 0.893669 1.08460 1.13086 1.12388
1.67797 1.67237 1.52578 1.36854 1.10921 1.12995 1.22407 1.28695 1.34294 1.39417 1.41648 1.41854 1.42087 1.42358 1.42358 1.42043 1.41774 1.42084 1.43616 1.47106 1.33529 0.929735 1.01695 1.15296 1.01079 1.00591 0.953476 1.09310 1.05208 1.10913 0.964403 0.964146 0.955037 0.960091 0.941492 0.975774 1.04598 1.00902 1.02146 1.07656 1.06473 1.03296 1.06240 1.25309 1.41220 1.41220 1.42834 1.41220 1.41220 1.41705 1.40537 1.10782 0.797482 0.814468 0.810238 0.795408 0.795178 0.795178 0.722227 0.810653 1.07724 1.13086 1.12388
1.59778 1.55555 1.46196 1.32133 1.38619 1.41854 1.41854 1.41854 1.41544 1.41652 1.41350 1.41269 1.40623 1.42338 1.44233 1.46452 1.47863 1.47028 1.44308 1.41543 1.38966 0.822210 0.855507 1.11858 1.03115 1.00591 0.953476 1.03769 1.03296 1.06630 0.910526 0.892612 0.883537 0.898559 0.898454 0.898478 1.00748 1.02308 1.02308 1.07656 1.06473 1.04575 1.04544 1.16052 1.41220 1.41470 1.41523 1.36669 1.33224 1.29464 1.26728 1.17545 0.838144 0.795178 0.795178 0.795178 0.795178 0.795178 0.722227 0.795178 0.989911 0.719959 1.06869
1.40732 1.40701 1.40057 1.27601 1.36754 1.41854 1.41652 1.40992 1.40355 1.42590 1.44881 1.48057 1.51178 1.49025 1.46730 1.45323 1.42168 1.43641 1.44562 1.43783 1.48846 0.862936 0.670830 0.950665 0.905689 0.813782 0.767716 0.825279 0.857513 0.949565 0.820694 0.820694 0.820694 0.849521 0.849521 0.849521 0.916939 0.961363 0.961363 1.02308 1.00017 0.983442 1.00450 1.05598 1.31417 1.28055 1.26725 1.25332 1.25332 1.25604 1.25925 1.22569 0.961013 0.833863 0.833863 0.833863 0.833863 0.834821 0.764936 0.841877 0.809951 0.757263 0.786323
1.41412 1.41412 1.41177 1.31887 1.33053 1.44070 1.45978 1.49096 1.51661 1.49916 1.48997 1.46380 1.45359 1.43641 1.43641 1.44562 1.42168 1.43552 1.42547 1.37293 1.40542 1.06401 0.569895 0.803641 0.911566 0.779291 0.751270 0.818699 0.859619 1.00807 0.959911 0.959911 0.959911 0.967937 1.01153 1.01153 1.10823 1.20866 1.11700 1.11803 1.07580 1.03475 1.01252 1.10302 1.20264 1.27888 1.27441 1.25925 1.25925 1.25925 1.25925 1.25800 1.04131 0.848438 0.851735 0.855028 0.858326 0.860744 0.779484 0.860864 0.800780 0.693181 0.751071
1.33522 1.31290 1.28431 1.27590 1.27973 1.45468 1.43881 1.40670 1.41108 1.42168 1.43641 1.42567 1.42456 1.39829 1.36313 1.33061 1.26382 1.25056 1.25074 1.18417 1.29060 1.21519 0.554507 0.681027 0.913863 0.772814 0.728793 0.790603 0.790697 0.949565 0.916424 0.915917 0.904905 0.937360 0.945164 0.882640 0.894823 1.01168 1.02144 1.07636 1.11787 1.11787 1.07902 1.14254 1.17986 1.28417 1.27888 1.26311 1.26418 1.26680 1.26944 1.27207 1.11772 0.820804 0.820881 0.820881 0.820881 0.820881 0.739372 0.820881 0.770552 0.658874 0.776836
1.20504 1.12026 0.996877 0.949640 1.11913 1.31094 1.39775 1.37507 1.36959 1.33448 1.30561 1.22875 1.17154 1.13907 1.12165 1.15029 1.12065 1.15485 1.16738 1.10062 1.11282 1.13994 0.602470 0.640892 0.920049 0.843530 0.728793 0.786176 0.730285 0.891357 0.827088 0.769620 0.767110 0.822322 0.868875 0.884241 0.931182 0.990551 1.02144 1.07636 1.11787 1.11787 1.10347 1.12086 1.15368 1.28972 1.28590 1.23550 1.17840 1.11986 1.06128 1.00267 0.910029 0.816700 0.820881 0.820881 0.820881 0.820881 0.739372 0.820881 0.767287 0.643748 0.610738
0.823390 0.786779 0.786779 0.797742 1.04806 1.13512 1.26525 1.16175 1.18235 1.16074 1.15029 1.12065 1.12065 1.10496 1.07293 1.06522 1.00896 1.00006 1.00006 0.978426 0.999875 1.06807 0.767731 0.627829 0.877933 0.940469 0.580707 0.646324 0.580208 0.698642 0.714855 0.725384 0.725802 0.769306 0.756572 0.756572 0.776330 0.804853 0.797526 0.858149 0.855999 0.853249 0.870501 0.815455 0.835020 0.877695 0.873656 0.816176 0.816176 0.816176 0.816176 0.816176 0.867193 0.735508 0.739372 0.677758 0.734917 0.688059 0.571906 0.560418 0.499800 0.440246 0.466782
0.804922 0.810603 0.858894 0.897663 0.865571 0.909600 1.17506 1.12065 1.15725 1.09822 1.03983 0.982261 0.952738 0.940624 0.937716 0.959525 0.937716 0.937716 0.960076 0.923228 0.942934 1.00551 0.984150 0.872906 0.994761 1.05333 0.776535 0.773498 0.709040 0.776782 0.793085 0.769306 0.769306 0.807010 0.790811 0.759139 0.782184 0.789472 0.703624 0.660261 0.601210 0.562364 0.604814 0.577977 0.691187 0.744018 0.816176 0.782464 0.782464 0.782464 0.782464 0.782464 0.837957 0.688241 0.561937 0.451432 0.435996 0.483735 0.433558 0.483563 0.496508 0.490759 0.501096
0.973271 1.02526 1.02831 1.02649 0.836672 0.865467 1.03789 0.994616 1.01623 1.00003 0.981334 0.959525 0.959525 0.959525 0.961212 0.987232 0.962073 0.957162 0.970279 0.888876 0.865034 0.831852 0.911456 0.794961 0.904140 1.03850 0.854452 0.773498 0.709040 0.747292 0.794067 0.773032 0.776102 0.779648 0.771077 0.772730 0.794349 0.788130 0.577373 0.570097 0.556808 0.556808 0.604814 0.583265 0.671257 0.714765 0.816176 0.782464 0.777740 0.763088 0.746956 0.730820 0.765525 0.644224 0.422399 0.382053 0.420258 0.483563 0.439603 0.496508 0.512688 0.496508 0.515651
1.03583 1.03731 1.03696 1.03590 0.884704 0.880992 0.966084 1.00956 1.04291 1.03041 1.02012 1.00242 0.996516 0.967576 0.961614 0.945867 0.914733 0.874351 0.853133 0.787599 0.820387 0.797501 0.951662 0.804318 0.846164 1.01660 0.935776 0.796702 0.728862 0.742012 0.835476 0.825054 0.825055 0.825055 0.789418 0.789418 0.808785 0.773489 0.605145 0.540339 0.570097 0.540339 0.579842 0.537501 0.622328 0.701184 0.805616 0.769084 0.755921 0.754653 0.754653 0.754653 0.802277 0.773637 0.533277 0.477138 0.516900 0.569654 0.486311 0.530522 0.565082 0.565819 0.597364
1.04683 1.04548 1.04342 1.04053 0.948295 0.828751 0.907635 0.995603 1.02866 1.00716 0.996707 0.952391 0.920569 0.851405 0.803434 0.787599 0.820387 0.820387 0.844978 0.787599 0.820051 0.794359 0.938280 0.937317 0.946128 0.948441 0.967680 0.781838 0.737755 0.760886 0.857096 0.885943 0.916417 0.916417 0.890900 0.890900 0.887655 0.855264 0.753860 0.645634 0.664717 0.668691 0.728446 0.733967 0.722382 0.721627 0.740553 0.754653 0.754653 0.754653 0.740564 0.740564 0.789956 0.789956 0.603621 0.491415 0.582380 0.673181 0.625886 0.736439 0.749613 0.740637 0.684547
1.04876 1.03917 1.02586 1.01056 0.973536 0.684533 0.771218 0.903568 0.926202 0.865449 0.815226 0.787599 0.787599 0.758909 0.787599 0.787119 0.812766 0.792951 0.892406 0.917501 0.987170 1.02644 1.06790 1.15641 1.02407 0.937871 0.972821 0.789912 0.693046 0.712451 0.745060 0.851116 0.885943 0.885943 0.862510 0.890317 0.898879 0.905482 0.860781 0.757894 0.759186 0.757965 0.780832 0.757965 0.727268 0.707610 0.716683 0.735772 0.735772 0.735772 0.718953 0.740193 0.830186 0.870138 0.798247 0.681091 0.758209 0.766584 0.666573 0.740637 0.749943 0.740637 0.717589
0.979512 0.968487 0.955793 0.984298 1.04680 0.848410 0.608082 0.622915 0.730220 0.697432 0.696716 0.694718 0.709764 0.726369 0.802441 0.860546 0.959872 0.982833 1.00898 0.996960 1.01266 1.03445 1.08645 1.28528 1.02407 0.969581 0.959997 0.863772 0.693046 0.712451 0.687629 0.855590 0.920445 0.936361 0.915047 0.931551 0.906218 0.902571 0.881211 0.766691 0.757051 0.757965 0.780832 0.757965 0.747125 0.702665 0.719430 0.783628 0.826693 0.869788 0.888509 0.916191 0.975135 0.984073 0.940902 0.689613 0.758209 0.766584 0.666573 0.740637 0.749943 0.740637 0.718673
1.03467 1.10800 1.16398 1.24393 1.21726 1.09799 0.604429 0.577364 0.704950 0.722744 0.785114 0.861884 0.947011 0.960333 0.969490 0.969490 1.01846 1.04323 1.12144 1.14617 1.21808 1.24202 1.26149 1.35769 1.07188 0.935723 0.866263 0.849270 0.694106 0.715107 0.695183 0.807378 0.833401 0.830159 0.786545 0.787529 0.757202 0.757202 0.718210 0.653440 0.656903 0.663951 0.690444 0.674945 0.692088 0.742466 0.798738 0.827672 0.841330 0.849650 0.876741 0.876741 0.949803 0.881086 0.977202 0.741511 0.727101 0.730657 0.730657 0.803551 0.795721 0.791033 0.772344
1.22126 1.21726 1.19130 1.21726 1.19568 1.22786 0.816983 0.742872 0.941969 0.935680 0.935696 0.959022 1.00626 1.03008 1.07472 1.08668 1.15680 1.10257 1.12581 1.09006 1.11613 1.12293 1.20750 1.31727 1.34077 1.02692 0.838433 0.800649 0.744849 0.740264 0.750711 0.817892 0.931013 0.909816 0.859271 0.864585 0.837912 0.810147 0.790881 0.760385 0.752033 0.772766 0.817424 0.795874 0.803990 0.848199 0.889523 0.897024 0.907468 0.909847 0.965793 0.980042 1.08916 0.996800 1.06376 0.891746 0.845456 0.821242 0.821209 0.850584 0.801562 0.818861 0.745796
1.25467 1.24086 1.22878 1.27363 1.22492 1.28584 1.06661 0.840563 1.02303 1.06736 1.10056 1.12581 1.15263 1.13308 1.15263 1.12581 1.18392 1.14180 1.23037 1.27724 1.42016 1.64097 1.89177 1.86138 2.16264 0.542740 0.488355 0.488609 0.740264 0.740264 0.740264 0.748922 0.902973 0.894741 0.859199 0.883030 0.866762 0.840710 0.797607 0.788993 0.769162 0.768841 0.805442 0.768834 0.768834 0.790121 0.858247 0.875374 0.907221 0.913562 0.957201 0.941017 1.00723 0.874159 0.896602 0.850349 0.989871 0.877313 0.818861 0.877313 0.815965 0.818861 0.745796
1.32038 1.29169 1.24954 1.29485 1.24116 1.30552 1.19898 0.950906 1.09458 1.18392 1.15680 1.15999 1.18491 1.19493 1.29707 1.38319 1.67275 1.82380 1.99448 1.91312 1.91297 1.84182 1.92243 1.79438 2.08600 1.81498 0.578286 0.544450 0.761858 0.779723 0.801113 0.822512 0.967259 1.04350 0.991327 0.978040 0.950107 0.918682 0.891221 0.883067 0.844719 0.804947 0.869056 0.871966 0.893445 0.892989 0.939983 0.917539 0.915302 0.885478 0.892412 0.876298 0.978940 0.903637 0.956357 0.914775 1.02870 0.951538 0.913868 0.964992 0.913868 0.925138 0.877313
1.43040 1.39830 1.33624 1.36494 1.28295 1.30755 1.22302 1.01246 1.04067 1.27278 1.32969 1.47196 1.77099 1.94414 2.16847 2.07553 2.14645 1.99409 2.07529 1.99408 1.99408 1.91287 1.99408 1.84282 2.02271 1.64886 0.428995 0.652654 0.856584 0.860330 0.872602 0.872602 0.944084 1.09676 1.07581 1.07112 1.04385 1.01386 1.03351 1.04936 1.02738 0.993291 0.987059 0.961860 0.940194 0.916130 0.919689 0.831669 0.854890 0.876661 0.929257 0.929257 0.956357 0.876661 0.929257 0.890142 0.981683 0.937764 0.867469 0.910422 0.852519 0.846317 0.833157
1.41085 1.41085 1.33624 1.37022 1.28669 1.35843 1.40408 1.37207 1.42879 1.97356 1.99455 1.99436 2.08791 1.99410 2.08778 1.99408 2.07529 1.99408 2.08879 2.10391 2.09319 1.95953 1.99868 1.76407 1.80319 1.44572 0.223127 0.550862 0.641374 0.846421 0.860330 0.860330 0.853506 1.07530 1.07658 1.10427 1.09127 1.07343 1.07781 1.08117 1.03924 0.953534 0.909162 0.869283 0.866752 0.866752 0.895681 0.839909 0.832098 0.876661 0.929257 0.929257 0.956357 0.876516 0.922635 0.874919 0.934223 0.929319 0.820975 0.863540 0.823107 0.826797 0.826797
