High_resolution/powerplant/Shangrao/OMI_NO2_201006.asc
ncols      200
nrows      200
xllcorner       115.451
yllcorner       27.0350
cellsize     0.0166667
NODATA_Value      -999.000
[rows 29 to 57 of 173, columns 67 to 133 of 200]
           :*                           :*                        :*                       =*                   ?*                  2*                  2*                  2*                   :*                  =*                  =*              
           :*                           :*                        :*                   =*                  ?*                  2*                  2*                  2*                    >*                  =*                  =*              
           :*                            :*                     :*                  =*                  ?*                  2*                  2*                   2*                   :*                  =*                  =*              
           :*                          =*                  =*                  =*                   ?*                  2*                  2*                    3*                  3*                   =*                  =*              
           :*                          =*                  =*                  =*                  ?*                  2*                    9*                  3*                  3*                  =*                  =*              
           :*                            =*                  =*                  =*                  ?*                   ?*                  2*                  3*                  3*                  =*                  <*               
           :*                            =*                  =*                  =*                   >*                   8*                  3*                  3*                  3*                  =*                   =*              
           :*                            =*                  =*                  =*                   2*                  3*                  3*                  3*                  3*                  >*                  8*              
           :*                              :*                  =*                  3*                  3*                  :*                  3*                  3*                  9*                  8*                  8*              
           :*                              :*                  >*                  8*                  8*                  >*                  3*                  3*                  3*                  8*                  8*              
           :*                              :*                  9*                  8*                  8*                  2*                  3*                  :*                  3*                  8*                  8*              
           :*                              :*                  8*                  8*                  8*                  ;*                  =*                  3*                  3*                  8*                  8*              
           :*                              :*                    8*                  8*                  8*                  8*                  3*                  3*                  3*                  8*                  8*              
0.00000 0.00000 0.00000 0.00000 0.00000 0.00000 0.00000 0.00000 0.00000 0.00000 1.32436 1.32436 1.32436 1.32436 1.32436 1.32436 1.32436 1.32436 1.32436 1.32436 1.32436 1.32436 1.32436 1.32436 1.32436 1.32436 1.32436 1.32436 1.32436 1.33320 1.36601 1.40019 1.43435 1.47452 1.49744 1.49744 1.49744 1.49744 1.49744 1.49744 1.49744 1.49744 1.49744 1.49744 1.49744 1.49744 1.49744 1.49744 1.49744 1.49744 1.49744 1.49744 1.49744 1.49744 1.49744 1.36235 1.32014 1.32014 1.32014 1.32014 1.32014 1.44516 1.89483 2.36171 2.82838 3.24866 3.32046
0.00000 0.00000 0.00000 0.00000 0.00000 0.00000 0.00000 0.00000 0.00000 0.00000 1.32436 1.32436 1.32436 1.32436 1.32436 1.32436 1.32436 1.32436 1.32436 1.32436 1.32436 1.32436 1.32436 1.32436 1.32436 1.33414 1.36731 1.40149 1.43564 1.46096 1.46231 1.46231 1.46231 1.46574 1.49723 1.49744 1.49744 1.49744 1.49744 1.49744 1.49744 1.49744 1.49744 1.49744 1.49744 1.49744 1.49744 1.49744 1.49744 1.49744 1.49744 1.49744 1.49744 1.49744 1.49744 1.41629 1.32014 1.56278 2.02905 2.49553 2.96241 3.30386 3.32046 3.32046 3.32046 3.32046 3.32046
0.00000 0.00000 0.00000 0.00000 0.00000 0.00000 0.00000 0.00000 0.00000 0.00000 0.00000 1.32436 1.32436 1.32436 1.32436 1.32436 1.32436 1.32436 1.32436 1.32436 1.32436 1.33514 1.36860 1.40278 1.43694 1.46132 1.46231 1.46231 1.46231 1.46231 1.46231 1.46231 1.46231 1.46231 1.48990 1.49744 1.49744 1.49744 1.49744 1.49744 1.49744 1.49744 1.49744 1.49744 1.49744 1.49744 1.49744 1.49744 1.49744 1.49744 1.49744 1.49744 1.49622 1.46049 1.40903 1.51968 3.09623 3.32046 3.32046 3.32046 3.32046 3.32046 3.32046 3.32046 3.32046 3.32046 3.32046
0.00000 0.00000 0.00000 0.00000 0.00000 0.00000 0.00000 0.00000 0.00000 0.00000 0.00000 1.32436 1.32436 1.32436 1.32436 1.32436 1.32436 1.33624 1.36990 1.40408 1.43824 1.46162 1.46231 1.46231 1.46231 1.46231 1.46231 1.46231 1.46231 1.46231 1.46231 1.46231 1.46231 1.46231 1.47914 1.49744 1.49744 1.49744 1.49744 1.49744 1.49744 1.49744 1.49744 1.49744 1.49744 1.49744 1.49744 1.49744 1.49369 1.45209 1.40063 1.34913 1.29889 1.28312 1.28312 1.28312 3.01408 3.32046 3.32046 3.32046 3.32046 3.32046 3.32046 3.32046 3.32046 3.32046 3.32046
0.00000 0.00000 0.00000 0.00000 0.00000 0.00000 0.00000 0.00000 0.00000 0.00000 0.00000 1.32436 1.32436 1.33734 1.37124 1.40539 1.43955 1.46181 1.46231 1.46231 1.46231 1.46231 1.46231 1.46231 1.46231 1.46231 1.46231 1.46231 1.46231 1.46231 1.46231 1.46231 1.46231 1.46231 1.46837 1.49744 1.49744 1.49744 1.49744 1.49744 1.49744 1.49744 1.49744 1.49744 1.48981 1.44369 1.39221 1.34073 1.29302 1.28312 1.28312 1.28312 1.28312 1.28312 1.28312 1.28312 2.39590 3.32046 3.32046 3.32046 3.32046 3.32046 3.32046 3.32046 3.32046 3.32046 3.32046
0.00000 0.00000 0.00000 0.00000 0.00000 0.00000 0.00000 0.00000 0.00000 0.00000 0.00000 0.00000 1.44118 1.46202 1.46231 1.46231 1.46231 1.46231 1.46231 1.46231 1.46231 1.46231 1.46231 1.46231 1.46231 1.46231 1.46231 1.46231 1.46231 1.46231 1.46231 1.46231 1.46231 1.46231 1.46233 1.49272 1.49744 1.49744 1.49744 1.49744 1.48458 1.43529 1.38383 1.33233 1.28848 1.28312 1.28312 1.28312 1.28312 1.28312 1.28312 1.28312 1.28312 1.28312 1.28312 1.28312 1.77753 3.32046 3.32046 3.32046 3.32046 3.32046 3.32046 3.32046 3.32046 3.32046 3.32046
0.00000 0.00000 0.00000 0.00000 0.00000 0.00000 0.00000 0.00000 0.00000 0.00000 0.00000 0.00000 1.46231 1.46231 1.46231 1.46231 1.46231 1.46231 1.46231 1.46231 1.46231 1.46231 1.46231 1.46231 1.46231 1.46231 1.46231 1.46231 1.46231 1.46231 1.46231 1.46231 1.46231 1.46231 1.46231 1.48198 1.47794 1.42689 1.37543 1.32393 1.28533 1.28312 1.28312 1.28312 1.28312 1.28312 1.28312 1.28312 1.28312 1.28312 1.28312 1.28312 1.28312 1.28312 1.28312 1.28312 1.31083 3.16890 3.32046 3.32046 3.32046 3.32046 3.32046 3.32046 3.32046 3.32046 3.32046
0.00000 0.00000 0.00000 0.00000 0.00000 0.00000 0.00000 0.00000 0.00000 0.00000 0.00000 0.00000 1.46231 1.46231 1.46231 1.46231 1.46231 1.46231 1.46231 1.46231 1.46231 1.46231 1.46231 1.46231 1.46231 1.46231 1.46231 1.46231 1.46231 1.46231 1.46231 1.46231 1.63630 2.04194 2.44857 2.44956 1.28357 1.28312 1.28312 1.28312 1.28312 1.28312 1.28312 1.28312 1.28312 1.28312 1.28312 1.28312 1.28312 1.28312 1.28312 1.28312 1.28312 1.28312 1.28312 1.28312 1.28312 2.57826 3.32046 3.32046 3.32046 3.32046 3.32046 3.32046 3.20819 2.93897 2.66872
0.00000 0.00000 0.00000 0.00000 0.00000 0.00000 0.00000 0.00000 0.00000 0.00000 0.00000 0.00000 0.00000 1.46231 1.46231 1.46231 1.46231 1.46231 1.46231 1.46231 1.46231 1.46231 1.46231 1.46231 1.46231 1.46231 1.46231 1.46231 1.65174 2.05821 2.46484 2.87163 3.10428 3.10526 3.10526 3.07612 1.41261 1.28312 1.28312 1.28312 1.28312 1.28312 1.28312 1.28312 1.28312 1.28312 1.28312 1.28312 1.28312 1.28312 1.28312 1.28312 1.28312 1.28312 1.28312 1.28312 1.28312 1.96006 3.32046 3.31490 3.13013 2.85987 2.58973 2.31957 2.16161 2.16057 2.16057
0.00000 0.00000 0.00000 0.00000 0.00000 0.00000 0.00000 0.00000 0.00000 0.00000 0.00000 0.00000 0.00000 1.46231 1.46231 1.46231 1.46231 1.46231 1.46231 1.46231 1.46231 1.46231 1.46231 1.46231 1.66784 2.07447 2.48110 2.88790 3.10510 3.10526 3.10526 3.10526 3.10526 3.10526 3.10526 3.10526 1.94340 1.28312 1.28312 1.28312 1.28312 1.28312 1.28312 1.28312 1.28312 1.28312 1.28312 1.28312 1.28312 1.28312 1.28312 1.28312 1.28312 1.28312 1.28312 1.30107 1.47047 1.77470 2.50990 2.24605 2.16057 2.16057 2.16057 2.16057 2.16057 2.16057 2.16057
0.00000 0.00000 0.00000 0.00000 0.00000 0.00000 0.00000 0.00000 0.00000 0.00000 0.00000 0.00000 0.00000 1.46231 1.46231 1.46231 1.46231 1.46231 1.46231 1.46280 1.68411 2.09074 2.49737 2.90416 3.10526 3.10526 3.10526 3.10526 3.10526 3.10526 3.10526 3.10526 3.10526 3.10526 3.10526 3.10526 2.50395 1.28312 1.28312 1.28312 1.28312 1.28312 1.28312 1.28312 1.28312 1.28312 1.28312 1.28312 1.28312 1.28312 1.28312 1.31700 1.50240 1.70618 1.90997 2.09580 2.13010 2.13010 2.15220 2.16057 2.16057 2.16057 2.16057 2.16057 2.16057 2.16057 2.16057
0.00000 0.00000 0.00000 0.00000 0.00000 0.00000 0.00000 0.00000 0.00000 0.00000 0.00000 0.00000 0.00000 0.00000 1.46231 1.46379 1.70037 2.10700 2.51380 2.91994 3.10526 3.10526 3.10526 3.10526 3.10526 3.10526 3.10526 3.10526 3.10526 3.10526 3.10526 3.10526 3.10526 3.10526 3.10526 3.10526 3.01343 1.33432 1.28312 1.28312 1.28312 1.28312 1.28312 1.28312 1.28312 1.28312 1.28312 1.33792 1.53442 1.73820 1.94198 2.11189 2.13010 2.13010 2.13010 2.13010 2.13010 2.13010 2.14297 2.16057 2.16057 2.16057 2.16057 2.16057 2.16057 2.16057 2.16057
0.00000 0.00000 0.00000 0.00000 0.00000 0.00000 0.00000 0.00000 0.00000 0.00000 0.00000 0.00000 0.00000 0.00000 2.51559 2.93522 3.10526 3.10526 3.10526 3.10526 3.10526 3.10526 3.10526 3.10526 3.10526 3.10526 3.10526 3.10526 3.10526 3.10526 3.10526 3.10526 3.10526 3.10526 3.10526 3.10526 3.10526 1.80316 1.28312 1.28312 1.28312 1.28312 1.28312 1.36392 1.56643 1.77013 1.97400 2.12290 2.13010 2.13010 2.13010 2.13010 2.13010 2.13010 2.13010 2.13010 2.13010 2.13010 2.13379 2.16051 2.16057 2.16057 2.16057 2.16057 2.16057 2.16057 2.16057
0.00000 0.00000 0.00000 0.00000 0.00000 0.00000 0.00000 0.00000 0.00000 0.00000 0.00000 0.00000 0.00000 0.00000 3.10526 3.10526 3.10526 3.10526 3.10526 3.10526 3.10526 3.10526 3.10526 3.10526 3.10526 3.10526 3.10526 3.10526 3.10526 3.10526 3.10526 3.10526 3.10526 3.10526 3.10526 3.10526 3.10526 2.36383 1.28337 1.39467 1.59845 1.80223 2.00593 2.12883 2.13010 2.13010 2.13010 2.13010 2.13010 2.13010 2.13010 2.13010 2.13010 2.13010 2.13010 2.13010 2.13010 2.13010 2.13010 2.15497 2.16057 2.16057 2.16057 2.16057 2.16057 2.16057 2.16057
0.00000 0.00000 0.00000 0.00000 0.00000 0.00000 0.00000 0.00000 0.00000 0.00000 0.00000 0.00000 0.00000 0.00000 3.10526 3.10526 3.10526 3.10526 3.10526 3.10526 3.10526 3.10526 3.10526 3.10526 3.10526 3.10526 3.10526 3.10526 3.10526 3.10526 3.10526 3.10526 3.10526 3.10526 3.10319 2.92830 2.64377 2.27056 2.03690 2.13010 2.13010 2.13010 2.13010 2.13010 2.13010 2.13010 2.13010 2.13010 2.13010 2.13010 2.13010 2.13010 2.13010 2.13010 2.13010 2.13010 2.13010 2.13010 2.13010 2.14574 2.16057 2.16057 2.16057 2.16057 2.16057 2.16057 2.16057
0.00000 0.00000 0.00000 0.00000 0.00000 0.00000 0.00000 0.00000 0.00000 0.00000 0.00000 0.00000 0.00000 0.00000 0.00000 3.10526 3.10526 3.10526 3.10526 3.10526 3.10526 3.10526 3.10526 3.10526 3.10526 3.10526 3.10526 3.10526 3.10526 3.10526 3.10135 2.91588 2.63134 2.34669 2.06423 1.95469 1.95469 1.95469 2.09417 2.13010 2.13010 2.13010 2.13010 2.13010 2.13010 2.13010 2.13010 2.13010 2.13010 2.13010 2.13010 2.13010 2.13010 2.13010 2.13010 2.13010 2.13010 2.13010 2.13010 2.13651 2.16057 2.16057 2.16057 2.16057 2.16057 2.16057 2.16057
