High_resolution/powerplant/Shangrao/OMI_NO2_201104.asc
ncols      200
nrows      200
xllcorner       115.451
yllcorner       27.0350
cellsize     0.0166667
NODATA_Value      -999.000
[rows 0 to 28 of 200, columns 67 to 133 of 200]
0.00000 0.00000 5.73465 5.73465 5.73465 5.56106 4.83312 4.26437 3.85328 2.96697 1.69439 1.52193 1.91576 2.78729 2.78580 2.78580 2.78580 2.78580 2.78580 2.78580 2.78580 2.78580 2.78580 2.78580 2.78580 2.78580 2.78580 2.78580 2.78580 2.78580 2.78580 3.44912 5.06371 6.64250 9.12113 8.57783 7.81991 7.81991 7.81991 7.81991 7.81991 7.81991 7.08800 6.01926 5.25870 4.69025 4.31904 4.28551 4.28551 4.28551 4.28551 4.83385 5.09848 5.09848 5.09848 5.09848 5.09848 5.09848 5.09848 5.03356 2.55092 2.68932 3.67790 4.38703 4.90235 5.21384 5.23456
4.88759 4.60900 4.11348 3.71191 3.71094 3.51125 3.45089 3.42112 3.39631 3.29693 2.18887 1.60911 1.61769 2.71294 2.78580 2.78580 2.78580 2.78580 2.78580 2.78580 2.78580 2.78580 2.78580 2.78580 2.78580 2.78580 2.78580 2.92521 3.57744 4.14971 4.61569 5.16039 6.40489 6.68800 9.12113 8.98755 7.82811 7.67588 6.59213 5.67230 5.00225 4.49280 4.28551 4.28551 4.28551 4.28551 4.28551 4.28551 4.28551 4.28551 4.28551 4.58850 5.09848 5.09848 5.09848 5.09848 5.09848 5.10132 5.11469 5.12908 4.98213 5.21659 5.23456 5.23456 5.23456 5.23456 5.23456
3.38933 3.25544 3.24040 3.23273 3.30650 3.38648 3.38648 3.38648 3.38648 3.38648 2.56273 1.76819 1.59242 2.36975 2.78580 2.78580 2.78580 2.78580 2.78580 2.78580 2.78580 2.78580 2.78580 2.84573 3.44406 4.04393 4.52815 4.86509 4.89758 4.88621 4.80592 4.72801 5.84914 5.66120 6.78337 6.21777 4.93905 4.35212 4.28551 4.28551 4.28551 4.28551 4.28551 4.28551 4.28551 4.28551 4.28551 4.28551 4.28551 4.28551 4.28551 4.35193 5.09008 5.10059 5.11348 5.12786 5.14224 5.15379 5.15479 5.15479 5.18580 5.23456 5.23456 5.23456 5.23456 5.23456 5.23456
3.22544 3.22416 3.22416 3.22416 3.26048 3.38648 3.38648 3.38648 3.38648 3.38648 2.96862 1.95987 1.59242 2.00156 2.78580 2.78580 2.78580 2.78580 2.78580 2.79908 3.30543 3.93207 4.43783 4.82541 4.89758 4.87016 4.78055 4.68850 4.59667 4.52580 4.52933 4.54454 4.39461 4.12986 4.51571 4.93611 4.64004 4.28551 4.28551 4.28551 4.28551 4.28551 4.28551 4.28551 4.28551 4.28551 4.28551 4.28551 4.28551 4.28701 4.29928 4.31367 4.95384 5.15328 5.15479 5.15479 5.15479 5.15479 5.15479 5.15479 5.16124 5.23370 5.23222 5.13700 4.99411 4.85121 4.70838
3.22416 3.22416 3.22416 3.22416 3.22849 3.37920 3.38648 3.38648 3.38648 3.38648 3.28071 2.15148 1.59558 1.66114 2.75788 2.78580 3.15931 3.81671 4.34300 4.76860 4.89746 4.84711 4.75506 4.66310 4.57254 4.52076 4.53361 4.54883 4.56387 4.56927 4.56927 4.56927 4.42148 4.12693 4.29130 4.93611 4.84842 4.28629 4.28551 4.28551 4.28551 4.28551 4.28551 4.28551 4.28551 4.28650 4.29806 4.31243 4.32683 4.33970 4.34181 4.34181 4.72224 5.15479 5.15479 5.15479 5.15479 5.15479 5.11622 4.97833 4.83543 4.75261 4.63183 4.58415 4.58415 4.58415 4.58415
3.22416 3.22416 3.22416 3.22416 3.22416 3.33194 3.38648 3.38648 3.38648 3.38648 3.38648 2.53056 2.00286 2.67255 3.99333 4.69362 4.89260 4.82170 4.72969 4.63772 4.54955 4.52252 4.53773 4.55302 4.56677 4.56927 4.56927 4.56927 4.56927 4.56927 4.56927 4.56927 4.54520 4.13774 4.14070 4.87298 4.93611 4.40797 4.28551 4.28551 4.28551 4.28610 4.29683 4.31122 4.32561 4.33898 4.34181 4.34181 4.34181 4.34181 4.34181 4.34181 4.47693 5.14893 5.04226 4.89950 4.75654 4.61364 4.50938 4.50437 4.50437 4.53878 4.58415 4.58415 4.58415 4.58415 4.58415
3.22416 3.22416 3.22416 3.22416 3.22416 3.28566 3.38648 3.38648 3.40302 3.52183 3.65809 3.98926 4.32515 4.23920 4.51888 4.61231 4.53247 4.52671 4.54193 4.55713 4.56860 4.56927 4.56927 4.56927 4.56927 4.56927 4.56927 4.56927 4.56927 4.56927 4.56927 4.56927 4.56927 4.24811 4.12693 4.59024 4.93611 4.61725 4.29561 4.30999 4.32438 4.33817 4.34181 4.34181 4.34181 4.34181 4.34181 4.34181 4.34181 4.33740 4.32110 4.30414 4.28743 4.50756 4.50437 4.50437 4.50437 4.50437 4.50437 4.50437 4.50437 4.51395 4.58388 4.58415 4.58415 4.58415 4.58415
3.22416 3.22416 3.22416 3.22416 3.22609 3.32021 3.61734 3.75350 3.90493 4.04828 4.18044 4.40842 5.06627 4.67751 4.67583 4.56175 4.56927 4.56927 4.56927 4.56927 4.56927 4.56927 4.56927 4.56927 4.56927 4.56927 4.56927 4.56927 4.56927 4.56927 4.56927 4.56927 4.56927 4.38318 4.21179 4.63575 5.56231 5.54583 4.34181 4.34181 4.34181 4.34181 4.34181 4.34181 4.34166 4.33105 4.31409 4.29713 4.28017 4.26762 4.26696 4.26696 4.26696 4.40110 4.50437 4.50437 4.50437 4.50437 4.50437 4.50437 4.50437 4.50437 4.56781 4.58415 4.48123 4.22579 3.96901
3.22416 3.26501 3.37539 3.51425 3.68873 3.85915 4.17882 4.34234 4.54923 4.68750 4.81958 4.94836 5.50131 4.83814 4.71587 4.59815 4.56927 4.56927 4.56927 4.56927 4.56927 4.56927 4.56927 4.56927 4.56927 4.56927 4.56927 4.56927 4.56927 4.56927 4.62451 4.78797 4.95433 5.06827 4.76068 4.81605 5.86136 5.88503 4.57268 4.34181 4.33927 4.32404 4.30708 4.29012 4.27331 4.26696 4.26696 4.26696 4.26696 4.26696 4.26696 4.26696 4.26696 4.32988 4.50437 4.50437 4.50437 4.50437 4.50437 4.50437 4.46133 4.34581 4.10417 3.70384 3.54997 3.54873 3.54873
3.73811 3.93735 4.06694 4.18221 4.33421 4.43437 4.70259 4.96273 4.98830 4.98830 4.98830 4.98830 5.29793 5.11248 4.71587 4.64348 4.56927 4.56927 4.56927 4.56927 4.56927 4.56927 4.56927 4.56927 4.56927 4.56927 4.60116 4.75538 4.92181 5.08805 5.19923 5.20208 5.24532 5.46371 5.30893 5.48750 5.85176 5.86055 5.02462 4.28311 4.26870 4.26696 4.26696 4.26696 4.26696 4.26696 4.26696 4.26696 4.26696 4.26696 4.26696 4.26696 4.26696 4.27219 4.49033 4.50437 4.46996 4.35627 4.23931 4.12248 4.04848 4.04729 3.96536 3.54873 3.54873 3.54873 3.54873
4.35079 4.44980 4.54882 4.63380 4.64454 4.64454 4.74219 4.98830 4.98830 4.98830 4.98830 4.98830 5.09438 5.38733 4.71587 4.68857 4.56927 4.56927 4.56927 4.56927 4.56927 4.56927 4.58414 4.72298 4.88922 5.05565 5.19000 5.20208 5.29343 5.53658 5.82693 6.18012 6.54362 6.60691 6.23308 5.81962 5.81050 5.81048 5.48545 4.26696 4.26696 4.26696 4.26696 4.26696 4.26696 4.26696 4.26696 4.26696 4.26696 4.26696 4.26696 4.26696 4.24004 4.12920 4.16892 4.13281 4.05040 4.04729 4.04729 4.04729 4.04729 4.04729 4.04729 3.62373 3.54873 3.55065 3.59889
4.64454 4.64454 4.64454 4.64454 4.64454 4.64454 4.66532 4.98464 4.98830 4.98830 4.98830 4.98830 4.98836 5.50104 4.77911 4.71562 4.58733 4.56927 4.57357 4.69032 4.85669 5.02306 5.17449 5.20631 5.35714 5.61289 5.91880 6.29676 6.58206 6.61612 6.64851 6.67960 6.68773 6.68773 6.50851 5.81048 5.81048 5.81048 5.80431 4.44134 4.26696 4.26696 4.26696 4.26696 4.26696 4.26696 4.26696 4.26696 4.24658 4.13944 4.02256 3.90573 3.81586 3.80988 3.89677 4.04729 4.04729 4.04729 4.04729 4.04729 4.04729 4.06899 4.13559 3.93737 3.77299 3.83903 3.85878
4.64454 4.64454 4.64454 4.64454 4.64454 4.64454 4.64454 4.90075 4.98830 4.98830 4.98830 4.98830 4.98830 5.31150 5.03976 4.80446 4.88716 4.99053 5.15260 5.22645 5.42468 5.69314 6.01590 6.41449 6.59287 6.62527 6.65773 6.68480 6.68773 6.68773 6.68773 6.68773 6.68773 6.68773 6.68382 5.90093 5.81048 5.81048 5.81048 4.92944 4.26696 4.26696 4.26696 4.26696 4.25224 4.14977 4.03289 3.91610 3.81961 3.80988 3.80988 3.80988 3.80988 3.80988 3.82832 4.04451 4.05172 4.10576 4.17376 4.24172 4.30968 4.35597 4.35734 4.24851 3.85878 3.85878 3.85878
4.64454 4.64454 4.64454 4.64454 4.64454 4.64454 4.64454 4.79898 4.98830 4.98830 4.98830 5.05918 5.29357 5.62698 5.86940 5.39917 5.57592 5.77753 6.11914 6.50646 6.60203 6.63448 6.66689 6.68739 6.68773 6.68773 6.68773 6.68773 6.68773 6.68773 6.68773 6.68773 6.68773 6.68773 6.68773 6.16249 5.81048 5.81048 5.81048 5.42263 4.25695 4.16014 4.04322 3.92643 3.82432 3.80988 3.80988 3.80988 3.80988 3.80988 3.80988 3.80988 3.84366 3.94309 4.04422 4.24977 4.34341 4.35734 4.35734 4.35734 4.35734 4.35734 4.35734 4.35444 3.90992 3.85878 3.85878
4.64454 4.64454 4.64454 4.64454 4.64454 4.64454 4.64454 4.73321 5.22153 5.46251 5.70323 5.96587 6.24302 6.56985 7.32234 6.58573 6.61123 6.64366 6.67576 6.68773 6.68773 6.68773 6.68773 6.68773 6.68773 6.68773 6.68773 6.68773 6.68773 6.68773 6.68773 6.68773 6.68773 6.68773 6.68773 6.42780 5.80711 5.72223 5.60232 5.46239 3.95541 3.80988 3.80988 3.80988 3.80988 3.80988 3.80988 3.81246 3.88328 3.98436 4.08553 4.18662 4.25387 4.25556 4.25556 4.30299 4.35734 4.35734 4.35734 4.35734 4.35734 4.35734 4.35734 4.35734 4.06423 3.85878 3.85785
4.64454 4.64454 4.64454 4.64708 4.76550 4.95860 5.20920 5.54035 6.27120 6.62666 7.01112 7.14339 6.95912 6.77150 6.89688 6.80851 6.68773 6.68773 6.68773 6.68773 6.68773 6.68773 6.68773 6.68773 6.68773 6.68773 6.68773 6.68773 6.68773 6.68773 6.68773 6.68773 6.68764 6.62273 6.50305 6.35270 5.42503 5.35439 5.35439 5.35439 4.40919 3.80988 3.80988 3.83020 3.92464 4.02568 4.12681 4.22535 4.25556 4.25556 4.25556 4.25556 4.25556 4.25556 4.25556 4.27246 4.35734 4.35734 4.35734 4.35734 4.35734 4.35734 4.35690 4.20177 3.78138 3.10786 2.82132
4.76966 5.02581 5.28603 5.65090 5.98664 6.28170 6.51823 6.53209 6.72373 6.74337 6.58481 6.56642 6.56642 6.56642 6.68604 6.94022 6.68773 6.68773 6.68773 6.68773 6.68773 6.68773 6.68773 6.68773 6.68773 6.68773 6.68773 6.68773 6.68773 6.64463 6.52618 6.40627 6.28659 6.23163 6.23163 6.23163 5.62500 5.35439 5.35448 5.40934 5.05903 4.06699 4.16812 4.24888 4.25556 4.25556 4.25556 4.25556 4.25556 4.25556 4.25556 4.25556 4.25556 4.25556 4.25556 4.25561 4.34339 4.35734 4.35734 4.22591 3.94805 3.67019 3.39298 3.27025 3.25822 2.73702 2.70103
6.09815 6.32855 6.54298 6.51333 6.38809 6.26296 6.16904 6.16369 6.29521 6.56642 6.56642 6.56642 6.56642 6.56642 6.56889 7.00834 6.68935 6.68773 6.68773 6.68773 6.68773 6.68773 6.68773 6.68773 6.68773 6.66214 6.54944 6.42953 6.30976 6.23300 6.23163 6.23163 6.23163 6.23163 6.23371 6.25565 5.99422 5.65282 5.75381 5.80008 5.75807 4.34082 4.25556 4.25556 4.25556 4.25556 4.25556 4.25556 4.25556 4.25556 4.25556 4.25556 4.25556 4.25556 4.25556 4.14653 3.92690 3.69443 3.41668 3.27036 3.27025 3.27025 3.27025 3.27025 3.27025 2.90423 2.70103
6.36944 6.24426 6.16494 6.16369 6.16369 6.16369 6.16369 6.16369 6.20490 6.56642 6.56642 6.56642 6.56642 6.56642 6.56642 6.87886 6.77508 6.68773 6.68773 6.68773 6.68773 6.67509 6.57270 6.45284 6.33302 6.23879 6.23163 6.23163 6.23163 6.23163 6.23785 6.26333 6.29020 6.31709 6.34186 6.34679 6.29552 5.80374 5.80008 5.80008 5.80008 4.79210 4.25556 4.25556 4.25556 4.25556 4.25556 4.25556 4.25556 4.25556 4.25556 4.16697 3.89454 3.61690 3.33905 3.17033 3.19565 3.27025 3.27025 3.27025 3.27025 3.27025 3.27025 3.27025 3.24703 3.00152 2.55943
6.16369 6.16369 6.16369 6.16369 6.16369 6.16369 6.16369 6.16369 6.16372 6.49316 6.56642 6.56642 6.56642 6.56642 6.56642 6.70064 6.90586 6.68349 6.59596 6.47614 6.35633 6.24910 6.23163 6.23163 6.23163 6.23163 6.24419 6.27122 6.29788 6.32475 6.34542 6.34679 6.34679 6.34679 6.34679 6.34679 6.34679 5.91788 5.80008 5.80008 5.80008 5.28668 4.25556 4.25556 4.25556 4.25556 4.25556 4.18512 3.91879 3.64104 3.36329 3.17392 3.16848 3.16848 3.16848 3.16848 3.17080 3.26457 3.27025 3.26455 3.21451 3.15518 3.09579 3.03642 3.00031 2.97382 2.44965
6.16369 6.16369 6.16369 6.16369 6.16369 6.16369 6.16369 6.16369 6.16369 6.36338 6.56642 6.56642 6.56642 6.56642 6.40029 6.08295 6.61772 6.26397 6.23163 6.23163 6.23163 6.23249 6.25185 6.27873 6.30561 6.33247 6.34678 6.34679 6.34679 6.34679 6.34679 6.34679 6.34679 6.34679 6.34679 6.34679 6.34679 6.08355 5.80008 5.80008 5.80008 5.72819 4.30777 4.20110 3.94303 3.66517 3.38742 3.17990 3.16848 3.16848 3.16848 3.16848 3.16848 3.16848 3.16848 3.13947 3.07141 3.08228 3.06294 3.00928 2.99993 2.99993 2.99993 2.99993 2.99993 2.99993 2.60312
6.16369 6.16369 6.16369 6.16369 6.16369 6.16369 6.16369 6.16369 6.16369 6.26020 6.48324 6.17288 5.84972 5.52656 5.36953 5.36953 6.13982 6.28908 6.25954 6.28640 6.31328 6.33930 6.34679 6.34679 6.34679 6.34679 6.34679 6.34679 6.34679 6.34679 6.34679 6.34679 6.34679 6.34679 6.34679 6.34679 6.34679 6.24982 5.80008 5.74772 5.33188 4.84592 3.70012 3.18805 3.16848 3.16848 3.16848 3.16848 3.16848 3.16848 3.16465 3.11140 3.04307 2.97480 2.90646 2.86714 2.86693 2.91549 2.99993 2.99993 2.99993 2.99993 2.99993 2.99993 2.99993 2.99993 2.78244
6.16369 6.16369 6.16369 6.16369 6.16369 6.16369 6.14454 5.96509 5.74579 5.50110 5.37752 5.36953 5.36953 5.36776 5.36084 5.35359 5.70049 6.46942 6.34679 6.34679 6.34679 6.34679 6.34679 6.34679 6.34679 6.34679 6.34679 6.34679 6.34679 6.34679 6.34679 6.34679 6.34679 6.34679 6.34679 6.32866 5.97164 5.48514 4.52303 4.01996 3.95022 3.95022 3.65750 3.16848 3.16848 3.16848 3.14927 3.08311 3.01478 2.94648 2.88201 2.86693 2.86693 2.86693 2.86693 2.86693 2.86693 2.87737 2.99829 2.99993 2.99993 2.99993 2.99993 2.99993 2.99993 2.99733 2.89771
6.16369 6.16369 6.16178 6.00570 5.75227 5.49911 5.26491 5.19093 5.15693 5.14950 5.29379 5.35247 5.34522 5.33973 5.33940 5.33940 5.36480 6.46793 6.34679 6.34679 6.34679 6.34679 6.34679 6.34679 6.34679 6.34679 6.34679 6.34679 6.34679 6.34679 6.34679 6.34531 6.06450 5.57855 5.09296 4.62531 4.49693 4.49693 4.18498 3.95022 3.95022 3.94931 3.84784 3.06777 2.98650 2.91816 2.86907 2.86693 2.86693 2.86693 2.86693 2.86693 2.86693 2.86693 2.86693 2.86693 2.86693 2.86693 2.96918 2.99993 2.99993 2.99876 2.94922 2.87463 2.80006 2.72810 2.70786
5.75327 5.49984 5.24845 5.15125 5.15125 5.14880 5.14396 5.13906 5.13430 5.13121 5.21419 5.33940 5.33940 5.33940 5.33940 5.33940 5.33940 6.14451 6.36526 6.34679 6.34679 6.34679 6.34679 6.34679 6.34679 6.34679 6.34679 6.34679 6.15459 5.67178 5.18601 4.70171 4.49693 4.49693 4.49693 4.49693 4.49693 4.50112 4.35661 3.80825 3.73991 3.67252 3.64866 3.07192 2.86693 2.86693 2.86693 2.86693 2.86693 2.86693 2.86693 2.86693 2.86693 2.86693 2.86693 2.86693 2.86693 2.86658 2.88499 2.88094 2.80634 2.73297 2.70786 2.70786 2.70786 2.70786 2.70786
5.15119 5.14806 5.14322 5.13838 5.13355 5.13116 5.13116 5.13116 5.13116 5.13116 5.16507 5.33940 5.33940 5.33940 5.33940 5.33940 5.33940 5.73334 6.44613 6.34679 6.34679 6.34679 6.34679 6.34679 6.22840 5.76464 5.27887 4.79328 4.49971 4.49693 4.49693 4.49693 4.49693 4.50685 4.53516 4.56386 4.59256 4.61707 4.59818 3.70405 3.64866 3.64866 3.64866 3.32073 2.86693 2.86693 2.86693 2.86693 2.86693 2.86693 2.86693 2.86693 2.86693 2.86693 2.82873 2.75416 2.67954 2.60535 2.59773 2.70786 2.70786 2.70786 2.70786 2.70786 2.70786 2.70786 2.70786
5.13287 5.13116 5.13116 5.13116 5.13116 5.13116 5.13116 5.13116 5.13116 5.13116 5.13318 5.32058 5.33940 5.33940 5.33940 5.33940 5.33940 5.38079 6.46810 6.34679 6.28427 5.85769 5.37192 4.88614 4.51895 4.49693 4.49693 4.49693 4.49715 4.51479 4.54350 4.57222 4.60092 4.61971 4.62012 4.62012 4.62012 4.62012 4.62012 3.97572 3.64866 3.64866 3.64866 3.56533 2.87100 2.86693 2.86693 2.86693 2.86693 2.86693 2.83474 2.76035 2.68579 2.61122 2.57486 2.57486 2.57486 2.57486 2.57498 2.69094 2.70786 2.70786 2.70554 2.69241 2.67793 2.66345 2.64895
5.13116 5.13116 5.13116 5.13116 5.13116 5.13116 5.13116 5.13116 5.13116 5.13116 5.13116 5.25311 5.33940 5.33940 5.33940 5.33940 5.33883 5.32734 5.60040 4.98531 4.55594 4.49693 4.49693 4.49693 4.49938 4.52316 4.55186 4.58057 4.60907 4.62012 4.62012 4.62012 4.62012 4.62012 4.62012 4.62012 4.62012 4.62012 4.62012 4.26921 3.64866 3.64866 3.64866 3.64866 3.03672 2.86693 2.84029 2.76663 2.69207 2.61747 2.57503 2.57486 2.57486 2.57486 2.57486 2.57486 2.57486 2.57508 2.62258 2.69605 2.66982 2.65533 2.64316 2.64180 2.64180 2.64180 2.64180
5.13116 5.13116 5.13116 5.13116 5.13116 5.13116 5.13116 5.13116 5.13116 5.13116 5.13116 5.19633 5.33940 5.33187 5.31632 5.30067 5.28557 5.28140 5.11264 4.57281 4.50405 4.53152 4.56022 4.58893 4.61519 4.62012 4.62012 4.62012 4.62012 4.62012 4.62012 4.62012 4.62012 4.62012 4.62012 4.62012 4.62012 4.62012 4.62012 4.54885 3.66236 3.64866 3.62324 3.52401 3.08431 2.62369 2.57579 2.57486 2.57486 2.57486 2.57486 2.57486 2.57486 2.58505 2.65730 2.73992 2.82269 2.90505 2.94028 2.85799 2.64180 2.64180 2.64180 2.64180 2.64180 2.64180 2.64180
