High_resolution/powerplant/Shangrao/OMI_NO2_201103.asc
ncols      200
nrows      200
xllcorner       115.451
yllcorner       27.0350
cellsize     0.0166667
NODATA_Value      -999.000
[rows 29 to 57 of 200, columns 67 to 133 of 200]
7.11184 6.95601 6.82696 6.79989 6.80898 6.63818 6.83244 7.04880 7.22977 7.24120 6.05154 5.45799 5.45799 5.45799 5.45799 5.12455 4.93400 5.00638 5.00638 5.00638 5.00638 5.00635 5.04253 5.17384 5.17384 5.17384 0.00000 0.00000 0.00000 0.00000 3.34393 3.34393 3.34393 3.34393 3.34393 3.34393 3.34393 1.07646 0.0370790 0.0370790 0.0370790 1.19027 1.40008 1.40008 1.40008 1.40008 1.40008 1.40008 1.40008 1.40008 1.40008 1.39005 1.29483 1.18035 1.06587 0.965951 0.955138 1.71264 1.86695 1.86695 1.86695 1.86695 1.86695 1.86695 1.86695 1.61919 1.32717
6.91128 7.16561 7.45630 7.79130 8.03666 7.33473 7.24120 7.24120 7.24120 7.24120 6.55832 5.45799 5.45799 5.45799 5.45799 5.30326 4.91158 5.00387 4.99801 4.97017 4.93137 4.87441 4.83892 0.00000 0.00000 0.00000 3.34393 3.34393 3.34393 3.34393 3.34393 3.34393 3.34393 3.34393 3.34393 3.34393 3.34393 2.07817 0.0370790 0.0370790 0.0370790 0.836580 1.40008 1.40008 1.40008 1.40008 1.40008 1.39381 1.30478 1.19034 1.07577 0.971283 0.952017 0.952017 0.952017 0.952017 0.952017 1.35905 1.86695 1.86695 1.86695 1.86695 1.86695 1.86695 1.86695 1.78842 1.32728
8.04196 8.04196 8.04196 8.04196 8.04196 7.53993 7.24120 7.24120 7.24120 7.24120 6.99249 5.45799 5.45799 5.45799 5.43503 5.29345 4.84900 4.85551 4.83989 4.83892 4.83892 4.83892 4.59652 3.38625 3.34393 3.34393 3.34393 3.34393 3.34393 3.34393 3.34393 3.34393 3.34393 3.34393 3.34393 3.34393 3.34393 3.05172 0.0655151 0.0370790 0.0370790 0.290742 1.39584 1.39659 1.31482 1.20033 1.08576 0.977556 0.952017 0.952017 0.952017 0.952017 0.952017 0.952017 0.952017 0.966845 1.05079 1.28615 1.86695 1.86695 1.86695 1.86695 1.86695 1.86695 1.86695 1.86695 1.41807
8.04196 8.04196 8.04196 8.04196 8.04196 7.78181 7.24120 7.24120 7.24120 7.24120 7.23375 5.58881 5.19204 4.99506 4.79484 4.76841 4.75956 4.76401 4.28109 3.49462 3.34393 3.34393 3.34393 3.34393 3.34393 3.34393 3.34393 3.34393 3.34393 3.34393 3.34393 3.34393 3.34393 3.34393 3.34393 3.34393 3.34393 3.34393 0.776013 0.0402997 0.471172 0.988544 1.16774 0.984725 0.952017 0.952017 0.952017 0.952017 0.952017 0.952017 0.952017 0.995522 1.08818 1.18094 1.27383 1.35178 1.36052 1.37276 1.83879 1.86695 1.86695 1.86695 1.86695 1.86695 1.86695 1.86695 1.58746
8.04196 8.04196 8.04196 8.04196 8.04196 7.95269 7.11525 6.98399 6.87639 6.75141 6.67699 5.73988 4.75027 4.73180 4.60070 4.42064 4.25641 4.00369 3.34448 3.34393 3.34393 3.34393 3.34393 3.34393 3.34393 3.34393 3.34393 3.34393 3.34393 3.34393 3.34393 3.34393 3.34393 3.34393 3.34393 3.34393 3.33609 3.32170 2.35061 1.55638 1.64902 1.64902 1.32873 0.952017 0.952017 0.952017 0.958348 1.03282 1.12551 1.21828 1.31113 1.36048 1.36052 1.36052 1.36052 1.36052 1.36052 1.36052 1.64551 1.86695 1.86695 1.86695 1.86695 1.86695 1.86695 1.86695 1.76623
7.88513 7.74203 7.59910 7.47048 7.37228 7.33517 6.91876 6.90921 7.09508 7.31126 7.36388 6.66340 4.23244 4.07332 4.02715 4.02715 4.02715 4.02715 3.46322 3.34393 3.34393 3.34393 3.34393 3.34393 3.34393 3.34393 3.34393 3.34393 3.34393 3.34393 3.34393 3.34393 3.33903 3.32414 3.31359 3.30607 3.30248 3.30245 3.02038 1.64902 1.64902 1.64902 1.57777 1.07046 1.16293 1.25561 1.34209 1.36052 1.36052 1.36052 1.36052 1.36052 1.36052 1.36052 1.36052 1.36052 1.36052 1.36052 1.49583 1.86695 1.86695 1.86695 1.86695 1.86695 1.86695 1.86695 2.21608
7.27019 7.31839 7.37837 7.43393 7.43745 7.42543 7.35193 7.26981 7.18769 7.11194 7.09700 6.96208 4.06680 4.02715 4.02715 4.02715 4.02715 4.02715 3.67116 3.34393 3.34393 3.34393 3.34393 3.34393 3.34393 3.34393 3.34393 3.34393 3.34136 3.32675 3.31541 3.30739 3.30271 3.30245 3.30245 3.30245 3.30245 3.30058 3.16927 1.93442 1.89731 1.98992 2.05511 1.48393 1.36052 1.36052 1.36052 1.36052 1.36052 1.36052 1.36052 1.36052 1.36052 1.36052 1.36052 1.36052 1.36052 1.36052 1.37675 1.86534 1.86695 1.86695 1.86695 0.00000 0.00000 0.00000 0.00000
7.43745 7.41808 7.33994 7.25783 7.17571 7.10561 7.09700 7.09700 7.09700 7.09700 7.09700 7.09700 5.03847 4.02715 4.02715 4.02715 4.02715 4.02715 3.87916 3.34393 3.34393 3.34393 3.34393 3.34393 3.34301 3.32961 3.31734 3.30879 3.30317 3.30245 3.30245 3.30245 3.30245 3.28493 3.11307 2.90492 2.69694 2.49066 2.41291 2.21141 2.05752 2.05752 2.05752 1.70581 1.36052 1.36052 1.36052 1.36052 1.36052 1.36052 1.36052 1.36052 1.36052 1.36052 1.34705 1.27453 1.17049 1.02205 0.863910 0.854080 0.00000 0.00000 0.00000 0.00000 0.00000 0.00000 0.00000
7.16376 7.10098 7.09700 7.09700 7.09700 7.09700 7.09700 7.09700 7.09700 7.09700 7.09700 7.09700 5.99671 4.02715 4.02715 4.02715 4.02715 4.02715 4.02257 3.40870 3.34384 3.33273 3.31943 3.31029 3.30386 3.30245 3.30245 3.30245 3.30245 3.25362 3.05587 2.84772 2.63966 2.44912 2.41291 2.41291 2.41291 2.41291 2.41291 2.31831 2.05752 2.05752 2.05752 1.92767 1.36052 1.36052 1.36052 1.36052 1.36052 1.36052 1.35052 1.28205 1.18072 1.03714 0.870913 0.854080 0.854080 0.854080 0.854080 0.854080 0.00000 0.00000 0.895589 0.895589 0.895589 0.895589 0.895589
7.09700 7.09700 7.09700 7.09700 7.09700 7.09700 7.09700 7.09700 7.09700 7.09700 7.09700 7.09700 6.65282 4.02715 4.02715 4.02715 4.02715 4.02715 3.87514 3.47634 3.30482 3.30245 3.30245 3.30245 3.30245 3.20665 2.99858 2.79061 2.58246 2.42323 2.41291 2.41291 2.41291 2.41291 2.41291 2.41291 2.41291 2.41291 2.41291 2.40495 2.07757 2.05752 2.05752 2.05669 1.45343 1.36052 1.35340 1.28929 1.19071 1.05176 0.879459 0.854080 0.854080 0.854080 0.854080 0.854080 0.854080 0.854080 0.900997 1.09693 0.895589 0.895589 0.895589 0.895589 0.895589 0.895589 0.895589
7.09700 7.09700 7.09700 7.09700 7.09700 7.09700 7.09700 7.09700 7.09700 7.09700 7.09700 7.09700 7.05955 4.29940 4.02715 4.02715 4.02715 4.02715 3.81900 3.54048 3.29676 3.14945 2.94148 2.73332 2.52526 2.41309 2.41291 2.41291 2.41291 2.41291 2.41291 2.41291 2.41291 2.41291 2.41291 2.41291 2.41291 2.41291 2.41291 2.41291 2.17622 2.05752 2.05478 2.01486 1.59618 1.06588 0.889842 0.854080 0.854080 0.854080 0.854080 0.854080 0.854080 0.854887 0.974108 1.17747 1.38093 1.58420 1.74074 1.74225 0.964211 0.895589 0.895589 0.895589 0.895589 0.895589 0.895589
7.09700 7.09700 7.09700 7.09700 7.09700 7.09700 7.09700 7.09700 6.99928 6.68570 6.29664 5.81060 5.18414 4.16167 4.02715 4.02715 4.00234 3.76050 3.45379 3.20027 2.49800 2.41291 2.41291 2.41291 2.41291 2.41291 2.41291 2.41291 2.41291 2.41291 2.41291 2.41291 2.41291 2.41291 2.41291 2.41291 2.41291 2.41291 2.41248 2.38036 2.19880 1.92194 1.87315 1.86153 1.72927 0.854080 0.854080 0.854080 0.854080 0.879557 1.05762 1.26099 1.46436 1.66691 1.75115 1.75115 1.75115 1.75115 1.75115 1.75115 1.20973 0.895589 0.895589 0.895589 0.895589 0.895589 0.895589
7.09700 7.09700 7.06552 6.80521 6.44446 5.99642 5.42613 4.67468 4.04185 4.02715 4.02715 4.02715 3.98117 3.71625 3.42324 3.13010 2.86177 2.81081 2.81081 3.00073 2.60376 2.41291 2.41291 2.41291 2.41291 2.41291 2.41291 2.41291 2.41291 2.41291 2.41291 2.41291 2.41291 2.41291 2.41291 2.39037 2.33900 2.28742 2.23638 2.21692 2.18955 1.86579 1.86153 1.86153 1.85723 1.10340 1.14105 1.34451 1.54787 1.72576 1.75115 1.75115 1.75115 1.75115 1.75115 1.75115 1.75115 1.75115 1.75115 1.75115 1.46442 0.895589 0.895589 0.895589 0.895589 0.998133 1.13945
5.64538 4.96680 4.17105 4.02715 4.02715 4.02715 4.02715 4.02715 3.95308 3.67247 3.37920 3.08619 2.83915 2.81081 2.81081 2.81081 2.81081 2.81081 2.81081 2.94130 2.79367 2.41291 2.41291 2.41291 2.41291 2.41291 2.41291 2.41291 2.41291 2.41291 2.41291 2.39890 2.34909 2.29757 2.24606 2.21703 2.21692 2.21692 2.21692 2.21692 2.22222 2.03053 2.04677 2.14850 2.25018 2.07092 1.75115 1.75115 1.75115 1.75115 1.75115 1.75115 1.75115 1.75115 1.75115 1.75115 1.75115 1.75115 1.75115 1.75115 1.70117 0.999955 1.12977 1.23002 1.30296 1.33121 1.33121
4.02715 4.02715 4.02715 4.02715 3.91853 3.62831 3.33529 3.04228 2.82309 2.81081 2.81081 2.81081 2.81081 2.81081 2.81081 2.81081 2.81081 2.81081 2.81081 2.84986 2.97763 2.41771 2.41291 2.41291 2.41291 2.41291 2.41291 2.40537 2.35923 2.30770 2.25617 2.21866 2.21692 2.21692 2.21692 2.21692 2.23651 2.34310 2.45994 2.57682 2.68836 2.52818 2.31006 2.31006 2.31006 2.21855 1.75115 1.75115 1.75115 1.75115 1.75115 1.75115 1.75115 1.75115 1.75115 1.75115 1.75115 1.75250 1.75519 1.75704 1.75839 1.44229 1.33121 1.33121 1.33121 1.33121 1.33121
3.87730 3.58440 3.29114 2.99800 2.81373 2.81081 2.81081 2.81081 2.81081 2.81081 2.81081 2.81081 2.81081 2.81081 2.81081 2.81081 2.81081 2.81081 2.81081 2.81081 3.00591 2.55059 2.41291 2.40983 2.36934 2.31785 2.26627 2.22234 2.21692 2.21692 2.21692 2.21692 2.25986 2.37550 2.49243 2.60927 2.70651 2.71686 2.71686 2.71686 2.71686 2.65084 2.31006 2.31006 2.31006 2.30330 1.81373 1.75115 1.75115 1.75115 1.75115 1.75115 1.75115 1.75227 1.75500 1.75691 1.75829 1.75898 1.75899 1.75899 1.75899 1.56959 1.33121 1.33121 1.33121 1.33666 1.41762
2.81119 2.81081 2.81081 2.81081 2.81081 2.81081 2.81081 2.81081 2.81081 2.81081 2.81081 2.81081 2.81081 2.81081 2.81081 2.81081 2.81081 2.81081 2.81081 2.82331 3.25739 2.65564 2.27640 2.22799 2.21692 2.21692 2.21692 2.21797 2.29111 2.40804 2.52483 2.64177 2.71566 2.71686 2.71686 2.71686 2.71686 2.71686 2.71686 2.71686 2.71686 2.71678 2.36687 2.31006 2.31006 2.31006 2.04243 1.75115 1.75115 1.75206 1.75481 1.75678 1.75819 1.75896 1.75899 1.75899 1.75899 1.75899 1.75899 1.75899 1.75899 1.69412 1.47523 1.58039 1.68565 1.78541 1.80967
2.85806 2.81081 2.81081 2.81081 2.81081 2.81081 2.81081 2.81081 2.81081 2.81081 2.81081 2.81081 2.81081 2.81081 2.81081 2.81081 3.31234 4.38328 5.11265 5.63097 5.42509 2.74104 2.21692 2.22686 2.32360 2.44044 2.55733 2.67316 2.71686 2.71686 2.71686 2.71686 2.71686 2.71686 2.71686 2.71686 2.71686 2.71686 2.71686 2.71686 2.71686 2.71686 2.48949 2.31006 2.31006 2.30768 2.16571 1.75664 1.75809 1.75894 1.75899 1.75899 1.75899 1.75899 1.75899 1.75899 1.75855 1.74803 1.73338 1.71871 1.70403 1.69457 1.79217 1.80967 1.80967 1.80967 1.80967
2.93692 2.81081 2.81081 2.81081 2.81081 2.81081 2.81081 2.81081 2.81081 2.81081 2.81081 2.81081 3.02197 4.10138 4.91891 5.49286 5.78696 5.79324 5.79324 5.79916 5.82861 3.49364 2.62978 2.69671 2.71686 2.71686 2.71686 2.71686 2.71686 2.71686 2.71686 2.71686 2.71686 2.71686 2.71686 2.71686 2.71686 2.71686 2.71686 2.71686 2.71686 2.71585 2.59944 2.28267 2.26801 2.25576 2.23131 1.77544 1.75899 1.75899 1.75899 1.75899 1.75589 1.74214 1.72745 1.71279 1.69857 1.69439 1.69439 1.69439 1.69439 1.69439 1.75792 1.80967 1.80967 1.80967 1.80967
3.01575 2.81081 2.81081 2.81081 2.81081 2.81081 2.81081 2.81081 2.84874 3.78123 4.70326 5.33791 5.74628 5.79324 5.79324 5.80250 5.83349 5.86539 5.89731 5.92329 5.92573 4.50837 2.82942 2.71686 2.71686 2.71686 2.71686 2.71686 2.71686 2.71686 2.71686 2.71686 2.71686 2.71686 2.71686 2.71686 2.71686 2.71665 2.70706 2.69241 2.67776 2.66410 2.65360 2.28011 2.25441 2.25441 2.25441 1.90940 1.75088 1.73621 1.72155 1.70687 1.69529 1.69439 1.69439 1.69439 1.69439 1.69439 1.69439 1.69439 1.69439 1.69439 1.72367 1.80967 1.80967 1.80967 1.80967
3.06484 2.84056 2.81081 2.81081 2.81081 3.41833 4.46206 5.16760 5.66476 5.79324 5.79324 5.80657 5.83837 5.87027 5.90217 5.92483 5.92573 5.92573 5.92573 5.92573 5.92573 5.45709 2.90734 2.71686 2.71686 2.71686 2.71686 2.71686 2.71686 2.71686 2.71686 2.71686 2.71686 2.71686 2.71001 2.69534 2.68070 2.66626 2.66121 2.66121 2.66121 2.66121 2.66121 2.39372 2.24038 2.22573 2.21105 2.00835 1.69439 1.69439 1.69439 1.69439 1.69439 1.69439 1.69439 1.69439 1.69439 1.69439 1.69439 1.69439 1.69439 1.69439 1.69654 1.80583 1.93585 2.11837 2.30082
3.06550 3.20137 4.19049 4.97978 5.53724 5.79175 5.79331 5.81132 5.84323 5.87515 5.90704 5.92563 5.92573 5.92573 5.92573 5.92573 5.92573 5.92573 5.92573 5.92573 5.92573 5.92573 3.44832 2.73409 2.71686 2.71686 2.71686 2.71686 2.71686 2.71686 2.71255 2.69830 2.68366 2.66901 2.66121 2.66121 2.66121 2.66121 2.66121 2.80651 3.31975 3.85050 4.38170 3.88832 2.18982 2.18982 2.18982 2.15160 1.70158 1.69439 1.69439 1.69439 1.69439 1.69439 1.69439 1.69439 1.69439 1.69439 1.69439 1.69539 1.80465 1.98710 2.16955 2.42499 2.52376 2.52376 2.52376
5.53126 5.85715 5.79401 5.81620 5.84809 5.88000 5.91186 5.92573 5.92573 5.92573 5.92573 5.92573 5.92573 5.92573 5.92573 5.92573 5.92573 5.92573 5.92573 5.92573 5.92573 5.92573 4.40100 2.80762 2.71686 2.71686 2.71452 2.70126 2.68661 2.67194 2.66160 2.66121 2.66121 2.66121 2.66121 2.93886 3.46983 4.00058 4.53201 4.91723 4.93519 4.93519 4.93519 4.74658 2.23298 2.18982 2.18982 2.18982 1.82038 1.69439 1.69439 1.69439 1.69439 1.69439 1.69439 1.69439 1.78872 1.97110 2.15362 2.33522 2.40848 2.40848 2.40848 2.45032 2.52376 2.52376 2.52376
5.66439 5.52080 5.88052 5.92573 5.92573 5.92573 5.92573 5.92573 5.92573 5.92573 5.92573 5.92573 5.92573 5.92573 5.92573 5.92573 5.92573 5.92573 5.92573 5.92573 5.92573 5.92573 5.32989 2.87289 2.68954 2.67490 2.66259 2.66121 2.68200 2.69004 2.68599 3.08872 3.62015 4.15089 4.68187 4.93519 4.93519 4.93519 4.93519 4.93519 4.93519 4.93519 4.93519 4.93519 2.87046 2.18982 2.18982 2.18982 1.97737 1.69439 1.69439 1.69439 1.77316 1.95518 2.13763 2.32029 2.40848 2.40848 2.40848 2.40848 2.40848 2.40848 2.40848 2.41737 2.50534 2.46932 2.43221
5.33833 5.33833 5.72234 5.92573 5.92573 5.92573 5.92573 5.92573 5.92573 5.92573 5.92573 5.92573 5.92573 5.92573 5.92573 5.92573 5.92573 5.92573 5.92496 5.69090 5.27282 4.85489 4.46052 3.09492 2.79215 2.90904 3.08282 3.51290 3.91095 4.28262 4.80739 4.93519 4.93519 4.93519 4.93519 4.93519 4.93519 4.93519 4.93519 4.93519 4.93519 4.93519 4.93519 4.93519 3.69428 2.18982 2.18982 2.18982 2.16514 1.93967 2.12170 2.30437 2.40805 2.40848 2.40848 2.40848 2.40848 2.40848 2.40848 2.42399 2.60418 2.82823 3.05517 3.27073 2.59554 2.35463 2.35463
5.33833 5.33833 5.54200 5.92573 5.92573 5.92573 5.92573 5.92573 5.92573 5.92573 5.92573 5.92573 5.92573 5.92573 5.92573 5.80289 5.39628 4.97804 4.55994 4.36469 4.35023 4.33810 4.34378 3.83249 3.84134 4.36747 4.66021 4.69008 4.69008 4.73744 4.93519 4.93519 4.93519 4.93519 4.93519 4.93519 4.93519 4.93519 4.93519 4.93519 4.93519 4.93519 4.93519 4.93519 4.53630 2.29731 2.39344 2.48950 2.55336 2.43812 2.40848 2.40848 2.40848 2.40848 2.40848 2.47704 2.69693 2.93252 3.13858 3.30088 3.31937 3.30532 3.30003 3.34199 2.90511 2.35463 2.35463
5.33833 5.33833 5.37433 5.91354 5.92573 5.92573 5.92573 5.92573 5.92573 5.92573 5.92573 5.87911 5.51942 5.10136 4.65722 4.36205 4.33985 4.32928 4.34161 4.38405 4.42955 4.47511 4.50587 4.27898 4.02723 4.69008 4.69008 4.69008 4.69008 4.69433 4.91799 4.93519 4.93519 4.93519 4.93519 4.93519 4.93519 4.93519 4.93519 4.93519 4.94370 5.02366 5.11979 5.21586 5.29337 2.96269 2.55493 2.55493 2.55493 2.48436 2.41263 2.56751 2.81305 3.02639 3.20741 3.31320 3.30366 3.30003 3.30003 3.30003 3.30003 3.30003 3.30003 3.31800 3.21464 2.35463 2.35463
5.33833 5.33833 5.33833 5.76942 5.92573 5.92573 5.92573 5.91923 5.64288 5.10075 4.38924 3.83009 3.80209 4.32177 4.34538 4.39087 4.43643 4.48195 4.50669 4.50672 4.50672 4.50672 4.50672 4.49851 3.77023 4.68865 4.69008 4.69008 4.69008 4.69008 4.83689 4.93519 4.93519 4.93519 4.93519 4.93519 4.93756 5.00467 5.10074 5.19672 5.28421 5.30031 5.30031 5.30031 5.30031 3.78761 2.70422 3.09956 3.03913 3.19832 3.26220 3.30231 3.30003 3.30003 3.30003 3.30003 3.30003 3.30003 3.30003 3.30003 3.30003 3.30003 3.30003 3.30157 3.38842 2.48354 2.34361
5.33833 5.33833 5.33833 5.58916 5.70877 4.96867 4.30477 3.75355 3.47421 3.37129 3.40107 3.44661 3.52909 4.45690 4.50672 4.50672 4.50672 4.50672 4.50672 4.50672 4.50672 4.50672 4.50672 4.50672 3.92908 4.48266 4.69008 4.69008 4.69008 4.69008 4.76652 4.93519 4.93523 4.98565 5.08168 5.17759 5.27132 5.30031 5.30031 5.30031 5.30031 5.37251 5.94109 6.65820 7.26689 7.19481 5.85528 5.09507 3.39766 3.39765 3.31458 3.30003 3.30003 3.30003 3.30003 3.30003 3.30003 3.30003 3.30003 3.30003 3.30003 3.30003 3.29559 3.22774 3.14866 2.41747 1.85832
