High_resolution/powerplant/Shangrao/OMI_NO2_201109.asc
ncols      200
nrows      200
xllcorner       115.451
yllcorner       27.0350
cellsize     0.0166667
NODATA_Value      -999.000
[rows 87 to 115 of 200, columns 67 to 133 of 200]
1.99802 1.99802 1.99802 1.99802 1.99802 1.99802 1.99802 1.99802 1.99802 1.99802 1.96774 1.54424 1.53855 1.53855 1.53139 1.49906 1.49906 1.49988 1.53239 1.57407 1.60886 1.56189 1.49906 1.49906 1.49906 1.49906 1.71296 2.08021 1.98231 1.88435 1.78675 1.74459 1.74459 1.74459 1.74459 1.74459 1.39975 1.25114 1.25114 1.25114 1.25114 1.25114 1.25114 1.25114 1.25114 1.25114 1.25114 1.25114 1.25114 1.25114 1.25114 1.25114 1.25114 1.25114 1.25114 1.25114 1.19230 1.00070 1.00070 1.02520 1.15587 1.29854 1.44139 1.58217 1.63197 1.63197 1.63197
1.99802 1.99802 1.99802 1.99802 1.99802 1.99802 1.99802 1.99802 1.99802 1.99802 1.99802 1.63885 1.53855 1.55649 1.59676 1.60288 1.62997 1.65603 1.66413 1.66413 1.66413 1.62131 1.49513 1.45495 1.40603 1.35706 1.36903 1.74459 1.74459 1.74459 1.74459 1.74459 1.74459 1.74459 1.74459 1.74459 1.54820 1.25114 1.25114 1.25114 1.25114 1.25114 1.25114 1.25114 1.25114 1.25114 1.25114 1.25114 1.25114 1.25114 1.25114 1.25114 1.25114 1.25114 1.25114 1.34834 1.56290 1.39683 1.50155 1.61979 1.63197 1.63197 1.63197 1.63197 1.63197 1.63197 1.63197
1.99802 1.99802 1.99802 1.99802 1.99802 1.99802 1.99802 1.99802 1.99796 1.99764 1.99734 1.82062 1.67640 1.69030 1.69045 1.67531 1.66413 1.66413 1.65894 1.62939 1.59672 1.55368 1.31961 1.34082 1.37566 1.41054 1.44930 1.71693 1.74459 1.74459 1.74459 1.74459 1.74459 1.74459 1.74459 1.74459 1.69401 1.25336 1.25114 1.25114 1.25114 1.25114 1.25114 1.25114 1.25114 1.25114 1.25114 1.25114 1.25114 1.25114 1.25693 1.41068 1.62873 1.84678 2.06484 2.18550 2.18578 1.82967 1.63197 1.63197 1.63197 1.63197 1.63197 1.63197 1.63197 1.63197 1.63197
1.99802 1.99802 1.99802 1.99980 2.00256 1.99743 1.99717 1.99695 1.99679 1.99677 1.99677 1.92390 1.69045 1.69045 1.68233 1.64244 1.59398 1.58132 1.57711 1.59732 1.62060 1.64383 1.54361 1.49273 1.49273 1.49273 1.49273 1.62460 1.74459 1.74459 1.74459 1.74459 1.74459 1.74459 1.74459 1.74459 1.74459 1.35081 1.25114 1.25114 1.25114 1.25114 1.25114 1.25114 1.25114 1.25114 1.28048 1.47321 1.69135 1.90940 2.12138 2.18578 2.18578 2.18578 2.18578 2.18578 2.18578 1.99375 1.63197 1.63197 1.63197 1.63197 1.63197 1.63197 1.63197 1.63197 1.63197
2.05823 2.09451 2.12496 2.15007 2.06334 1.99677 1.99677 1.99677 1.99677 1.99677 1.98728 1.90142 1.65074 1.63959 1.63617 1.65718 1.65787 1.65991 1.65991 1.65991 1.65991 1.65991 1.59538 1.49273 1.49273 1.49273 1.49273 1.55898 1.74459 1.74459 1.74459 1.74459 1.74459 1.74459 1.74459 1.74459 1.74459 1.49922 1.25114 1.25114 1.25114 1.25114 1.32189 1.53592 1.75388 1.97184 2.16054 2.18578 2.18578 2.18578 2.18578 2.18578 2.18578 2.18578 2.18578 2.18578 2.18578 2.14884 1.64083 1.63197 1.63197 1.63197 1.63197 1.63197 1.63197 1.63197 1.63197
2.15650 2.15650 2.15650 2.15650 2.10953 1.98294 1.90110 1.78916 1.67603 1.56298 1.45960 1.42671 1.60362 1.68159 1.68159 1.68159 1.66717 1.65991 1.65991 1.65991 1.65991 1.65991 1.63621 1.49273 1.49273 1.49273 1.49273 1.51251 1.74459 1.74459 1.74459 1.74459 1.74459 1.74459 1.74459 1.74459 1.74459 1.64810 1.38040 1.59854 1.81641 2.03427 2.18176 2.18578 2.18578 2.18578 2.18578 2.18578 2.18578 2.18578 2.18578 2.18578 2.18578 2.18578 2.18578 2.18578 2.18578 2.18578 1.76781 1.63197 1.63197 1.63197 1.63197 1.63197 1.63197 1.63197 1.63197
2.11033 2.03194 1.94259 1.83036 1.71150 1.46452 1.42764 1.42671 1.42671 1.42671 1.42671 1.42671 1.53418 1.68159 1.68159 1.68159 1.67375 1.65991 1.65991 1.65991 1.65991 1.65991 1.65931 1.51506 1.49273 1.49273 1.49273 1.49276 1.68843 1.74459 1.74459 1.74459 1.74459 1.74322 1.71357 1.67275 1.63196 1.59360 2.12076 2.18578 2.18578 2.18578 2.18578 2.18578 2.18578 2.18578 2.18578 2.18578 2.18578 2.18578 2.18578 2.18578 2.18578 2.18578 2.18578 2.18578 2.18578 2.18578 1.93186 1.63197 1.63197 1.63197 1.63197 1.63197 1.63197 1.63197 1.63197
1.64540 1.61060 1.58707 1.58644 1.58644 1.47325 1.42671 1.42671 1.42671 1.42671 1.42671 1.42671 1.46481 1.68159 1.68159 1.68159 1.68002 1.66022 1.65991 1.65991 1.65927 1.64169 1.61325 1.52705 1.49273 1.49273 1.49273 1.49273 1.60165 1.74085 1.70670 1.66587 1.62505 1.58568 1.57450 1.57450 1.57450 1.57450 1.94036 2.18578 2.18578 2.18578 2.18578 2.18578 2.18578 2.18578 2.18578 2.18578 2.18578 2.18578 2.18578 2.18578 2.18578 2.18578 2.18578 2.18578 2.18578 2.18578 2.09583 1.63197 1.63197 1.63197 1.63197 1.63197 1.63197 1.63197 1.63197
1.58644 1.58644 1.58644 1.58644 1.58644 1.51966 1.42671 1.42671 1.42671 1.42671 1.42671 1.42671 1.42678 1.65027 1.68159 1.68159 1.67149 1.62788 1.59011 1.55229 1.50803 1.49273 1.49273 1.49273 1.49273 1.48908 1.47034 1.44994 1.46720 1.58113 1.57450 1.57450 1.57450 1.57450 1.57450 1.57450 1.57450 1.57450 1.75771 2.18578 2.18578 2.18578 2.18578 2.18578 2.18578 2.18578 2.18578 2.18578 2.18578 2.18578 2.18578 2.18578 2.18578 2.18578 2.18578 2.18578 2.18578 2.18561 2.17403 1.73191 1.63197 1.63197 1.63197 0.00000 0.00000 0.00000 0.00000
1.58644 1.58644 1.58644 1.58644 1.58644 1.56596 1.42678 1.42671 1.42671 1.42671 1.42671 1.41808 1.37639 1.50673 1.59188 1.55156 1.52535 1.51059 1.49273 1.49273 1.49273 1.48674 1.46688 1.44650 1.42609 1.39373 1.33437 1.27445 1.22052 1.56497 1.57450 1.57450 1.57450 1.57450 1.57450 1.57450 1.57450 1.57450 1.59766 2.16316 2.18578 2.18578 2.18578 2.18578 2.18578 2.18578 2.18578 2.18578 2.18578 2.18578 2.18578 2.18578 2.18578 2.18418 2.16906 2.15090 2.13272 2.11474 2.10798 2.10798 0.00000 0.00000 0.00000 0.00000 0.00000 0.00000 0.00000
1.58644 1.58644 1.58644 1.58644 1.58644 1.58644 1.45062 1.38990 1.34065 1.28268 1.21340 1.14839 1.14293 1.27025 1.52526 1.52526 1.52526 1.55968 1.46344 1.43870 1.36969 1.29536 1.23493 1.17491 1.11499 1.07072 1.06841 1.06841 1.06841 1.40230 1.57450 1.57450 1.57450 1.57450 1.57450 1.57450 1.57450 1.57450 1.57450 2.00355 2.18578 2.18578 2.18578 2.18578 2.18578 2.18578 2.18578 2.18578 2.18578 2.18130 2.16393 2.14576 2.12761 2.11103 2.10798 2.10798 2.10798 2.10798 2.10798 2.10798 0.00000 0.00000 0.00000 0.00000 0.00000 0.00000 0.00000
1.58644 1.58644 1.59296 1.60807 1.62323 1.63837 1.42227 1.14293 1.14293 1.14293 1.14293 1.14293 1.14293 1.21676 1.63874 1.68469 1.72750 1.72770 1.21702 1.07985 1.06841 1.06841 1.06841 1.06841 1.06841 1.06841 1.06841 1.06841 1.06841 1.24957 1.57450 1.57450 1.57450 1.57450 1.57450 1.57450 1.57450 1.57450 1.57450 1.82097 2.18578 2.18578 2.18578 2.18578 2.18578 2.17696 2.15880 2.14063 2.12247 2.10878 2.10798 2.10798 2.10798 2.10798 2.10798 2.10798 2.10798 2.10798 2.10798 2.10798 2.10798 0.00000 0.00000 0.00000 0.00000 0.00000 0.00000
1.63181 1.64697 1.65561 1.65564 1.65564 1.65564 1.55509 1.14293 1.15624 1.29039 1.48615 1.68195 1.87800 2.02713 1.70036 1.60126 1.60126 1.60126 1.31107 1.06841 1.06841 1.06841 1.06841 1.06841 1.06841 1.06841 1.06841 1.06841 1.06841 1.14390 1.57450 1.57450 1.57450 1.57450 1.57450 1.57450 1.57450 1.57450 1.57450 1.64027 2.18312 2.17183 2.15367 2.13550 2.11734 2.10798 2.10798 2.10798 2.10798 2.10798 2.10798 2.10798 2.10798 2.10798 2.10798 2.10798 2.10798 2.10798 2.10798 2.10798 2.10798 0.00000 0.00000 0.00000 0.00000 0.00000 0.00000
1.65564 1.65564 1.65564 1.68823 1.75043 1.84972 1.97398 1.84517 2.00833 2.07010 2.07010 2.07010 2.07010 2.07010 1.82812 1.60126 1.60126 1.60126 1.47187 1.06841 1.06841 1.06841 1.06841 1.06841 1.06841 1.06841 1.06841 1.06841 1.06841 1.07596 1.53773 1.57450 1.57450 1.57450 1.57450 1.57450 1.57450 1.57450 1.57450 1.57450 2.10557 2.10798 2.10798 2.10798 2.10798 2.10798 2.10798 2.10798 2.10798 2.10798 2.10798 2.10798 2.10798 2.10798 2.10798 2.10798 2.10798 2.10798 2.10798 2.10798 2.10798 0.00000 0.00000 0.00000 0.00000 0.00000 0.00000
1.84334 1.94549 2.07597 2.17395 2.24233 2.27375 2.27375 2.15182 2.07010 2.07010 2.07010 2.07010 2.07010 2.07010 1.95566 1.60126 1.60126 1.60126 1.59380 1.10726 1.06841 1.06841 1.06841 1.07280 1.13007 1.12257 1.06841 1.06841 1.06841 1.06841 1.35569 1.57450 1.57450 1.57450 1.57450 1.57450 1.57450 0.00000 0.00000 0.00000 2.10798 2.10798 2.10798 2.10798 2.10798 2.10798 2.10798 2.10798 2.10798 2.10798 2.10798 2.10798 2.10798 2.10798 2.10798 2.10798 2.10798 2.10798 2.10798 2.10798 2.10798 2.10798 0.00000 0.00000 0.00000 0.00000 0.00000
2.24518 2.27375 2.27375 2.27375 2.27375 2.27375 2.27375 2.21057 2.07010 2.07010 2.07010 2.07010 2.07010 2.07010 2.06011 1.62447 1.60126 1.60126 1.60127 1.29094 1.17495 1.22975 1.27611 1.31379 1.32200 1.25670 1.06841 1.06841 1.04927 0.976570 1.02229 1.57450 1.57450 0.00000 0.00000 0.00000 0.00000 0.00000 0.00000 0.00000 2.10798 2.10798 2.10798 2.10798 2.10798 2.10798 2.10798 2.10798 2.10798 2.10798 2.10798 2.10798 2.10798 2.10798 2.10798 2.10798 2.10798 2.10798 2.10798 2.10798 2.10798 2.10798 0.00000 0.00000 0.00000 0.00000 0.00000
2.27375 2.27375 2.27375 2.27375 2.27375 2.27375 2.27375 2.25734 2.07059 2.07010 2.07010 2.07010 2.07010 2.07010 2.06341 1.75224 1.64499 1.65957 1.67200 1.55734 1.32200 1.32200 1.32200 1.32200 1.31268 1.27437 0.866985 0.711752 0.588949 0.687182 0.815140 0.00000 0.00000 0.00000 0.00000 0.00000 0.00000 0.00000 0.00000 0.00000 2.10798 2.10798 2.10798 2.10798 2.10798 2.10798 2.10798 2.10798 2.10798 2.10798 2.10798 2.10798 2.10798 2.10798 2.10798 2.10798 2.10798 2.10798 2.10798 2.10798 2.10798 0.00000 0.00000 0.00000 0.00000 0.00000 0.00000
2.27375 2.27375 2.27375 2.27375 2.27375 2.27375 2.27375 2.27375 2.11892 2.06771 2.04833 2.02899 2.01279 1.99903 1.99020 1.85620 1.67723 1.67723 1.67723 1.65648 1.31673 1.28470 1.25719 1.26054 1.29599 1.35219 1.14412 1.10025 1.19204 1.20066 1.20066 1.20066 0.00000 0.00000 0.00000 0.00000 0.00000 0.00000 0.00000 0.00000 0.00000 2.10798 2.10798 2.10798 2.10798 2.10798 2.10798 2.10798 2.10798 2.10798 2.10798 2.10798 2.10798 2.10798 2.10798 2.10798 2.10798 0.00000 0.00000 0.00000 0.00000 0.00000 0.00000 0.00000 0.00000 0.00000 0.00000
2.25883 2.27375 2.27375 2.27375 2.27374 2.25623 2.22341 2.19056 2.07755 1.99162 1.98979 1.98979 1.98979 1.98979 1.98979 1.94074 1.64272 1.60650 1.59103 1.57575 1.46127 1.44610 1.50026 1.51491 1.51491 1.51491 1.41371 1.20066 1.20066 1.20066 1.20066 1.20066 0.00000 0.00000 0.00000 0.00000 0.00000 0.00000 0.00000 0.00000 0.00000 2.10798 2.10798 2.10798 2.10798 2.10798 2.10798 2.10798 2.10798 2.10798 2.10798 2.10798 2.10798 0.00000 0.00000 0.00000 0.00000 0.00000 0.00000 0.00000 0.00000 0.00000 0.00000 0.00000 0.00000 0.00000 0.00000
2.19498 2.23769 2.20485 2.17202 2.13920 2.12386 2.12386 2.12386 2.09017 1.98979 1.98979 1.98843 1.95034 1.89491 1.83943 1.78437 1.66507 1.67519 1.67523 1.67523 1.62141 1.51491 1.51491 1.51491 1.51491 1.51491 1.47972 1.20066 1.20066 1.20066 1.20066 1.20066 0.00000 0.00000 0.00000 0.00000 0.00000 0.00000 0.00000 0.00000 0.00000 2.10798 2.10798 2.10798 2.10798 2.10798 2.10798 2.10798 0.00000 0.00000 0.00000 0.00000 0.00000 0.00000 0.00000 0.00000 0.00000 0.00000 0.00000 0.00000 0.00000 0.00000 0.00000 0.00000 0.00000 0.00000 0.00000
1.99285 2.12386 2.12386 2.12386 2.12386 2.12386 2.12267 2.11863 2.07555 1.89621 1.83322 1.77910 1.76176 1.76176 1.76176 1.76176 1.70878 1.67523 1.67523 1.67523 1.66070 1.51510 1.51491 1.51491 1.51491 1.51491 1.51397 1.25234 1.20066 1.20066 1.20066 1.20066 1.20066 0.00000 0.00000 0.00000 0.00000 0.00000 0.00000 0.00000 0.00000 0.00000 2.10798 2.10798 0.00000 0.00000 0.00000 0.00000 0.00000 0.00000 0.00000 0.00000 0.00000 0.00000 0.00000 0.00000 0.00000 0.00000 0.00000 0.00000 0.00000 0.00000 0.00000 0.00000 0.00000 0.00000 0.00000
1.92902 2.12135 2.11904 2.11437 2.07204 2.01656 1.96228 1.91089 1.89583 1.80502 1.76176 1.76176 1.76176 1.76176 1.76176 1.76176 1.73221 1.67523 1.67523 1.67523 1.67523 1.55316 1.51491 1.51491 1.51491 1.51491 1.51239 1.34707 1.20066 1.20066 1.20066 1.20066 1.20066 0.00000 0.00000 0.00000 0.00000 0.00000 0.00000 0.00000 0.00000 0.00000 0.00000 0.00000 0.00000 0.00000 0.00000 0.00000 0.00000 0.00000 0.00000 0.00000 0.00000 0.00000 0.00000 0.00000 0.00000 0.00000 0.00000 0.00000 0.00000 0.00000 0.00000 0.00000 0.00000 0.00000 0.00000
1.83209 1.97712 1.95979 1.90897 1.89583 1.89583 1.89583 1.89583 1.89583 1.84349 1.76176 1.76176 1.76176 1.76176 1.76176 1.76176 1.75498 1.67591 1.67523 1.67523 1.67523 1.60709 1.49353 1.45066 1.39517 1.32062 1.22466 1.20066 1.20066 1.20066 1.20066 1.20066 1.20066 0.00000 0.00000 0.00000 0.00000 0.00000 0.00000 0.00000 0.00000 0.00000 0.00000 0.00000 0.00000 0.00000 0.00000 0.00000 0.00000 0.00000 0.00000 0.00000 0.00000 0.00000 0.00000 0.00000 0.00000 0.00000 0.00000 0.00000 0.00000 0.00000 0.00000 0.00000 0.00000 0.00000 0.00000
1.66143 1.79612 1.89583 1.89583 1.89583 1.89583 1.89583 1.89583 1.89583 1.88155 1.76213 1.76176 1.76176 1.76176 1.76176 1.76176 1.76176 1.68929 1.65949 1.64513 1.62813 1.56130 1.20066 1.20066 1.20066 1.20066 1.20066 1.20066 1.20066 1.20066 1.20066 1.20066 1.20066 0.00000 0.00000 0.00000 0.00000 0.00000 0.00000 0.00000 0.00000 0.00000 0.00000 0.00000 0.00000 0.00000 0.00000 0.00000 0.00000 0.00000 0.00000 0.00000 0.00000 0.00000 0.00000 0.00000 0.00000 0.00000 0.00000 1.78283 1.78283 1.78283 1.78283 1.78283 0.00000 0.00000 0.00000
1.66143 1.73201 1.89583 1.89583 1.89583 1.89583 1.89583 1.89583 1.89583 1.89583 1.78630 1.76176 1.76110 1.75649 1.75049 1.74341 1.73492 1.65968 1.59827 1.59827 1.59827 1.59655 1.26464 1.20066 1.20066 1.20066 1.20066 1.20066 1.20066 1.20066 1.20066 1.20066 0.00000 0.00000 0.00000 0.00000 0.00000 0.00000 0.00000 0.00000 0.00000 0.00000 0.00000 0.00000 0.00000 0.00000 0.00000 0.00000 0.00000 0.00000 0.00000 0.00000 0.00000 0.00000 1.78283 1.78283 1.78283 1.78283 1.78283 1.78283 1.78283 1.78283 1.78283 1.78283 0.00000 0.00000 0.00000
1.66143 1.67299 1.89069 1.89583 1.89583 1.89583 1.89583 1.89554 1.87902 1.84975 1.77706 1.73754 1.72925 1.72805 1.72805 1.72805 1.72805 1.69453 1.60484 1.67777 1.78747 1.94858 1.77793 1.20066 1.20066 1.20066 0.00000 0.00000 0.00000 0.00000 0.00000 0.00000 0.00000 0.00000 0.00000 0.00000 0.00000 0.00000 0.00000 0.00000 0.00000 0.00000 0.00000 0.00000 3.64580 3.64580 3.64580 0.00000 0.00000 0.00000 1.78283 1.78283 1.78283 1.78283 1.78283 1.78283 1.78283 1.78283 1.78283 1.78283 1.78283 1.78283 1.78283 1.78283 1.78283 0.00000 0.00000
1.65205 1.66143 1.83815 1.88932 1.86294 1.83088 1.79267 1.74699 1.72805 1.72805 1.72805 1.72805 1.72805 1.72805 1.73469 1.79747 1.87262 1.94456 2.32551 2.57318 2.72393 2.72622 2.72622 0.00000 0.00000 0.00000 0.00000 0.00000 0.00000 0.00000 0.00000 0.00000 0.00000 0.00000 0.00000 0.00000 0.00000 0.00000 0.00000 3.64580 3.64580 3.64580 3.64580 3.64580 3.64580 3.64580 3.34005 1.78283 1.78283 1.78283 1.78283 1.78283 1.78283 1.78283 1.78283 1.78283 1.78283 1.78283 1.78283 1.78283 1.78283 1.78283 1.78283 1.78283 1.78283 0.00000 0.00000
1.53698 1.51566 1.59913 1.73016 1.72805 1.72805 1.72805 1.72805 1.72805 1.72144 1.71633 1.77878 1.85393 1.92911 1.99763 2.01008 2.01008 2.01008 2.41064 2.72622 2.72622 2.72622 2.72622 2.72622 0.00000 0.00000 0.00000 0.00000 0.00000 0.00000 0.00000 0.00000 0.00000 0.00000 3.64580 3.64580 3.64580 3.64580 3.64580 3.64580 3.64580 3.64580 3.54686 3.34131 3.06115 2.82041 2.41953 1.78283 1.78283 1.78283 1.78283 1.78283 1.78283 1.78283 1.78283 1.78283 1.78283 1.78283 1.78283 1.78283 1.78283 1.78283 1.78283 1.78283 1.78283 0.00000 0.00000
1.28922 1.37645 1.44916 1.72662 1.71392 1.69880 1.69555 1.76004 1.83523 1.91696 1.99726 2.01008 2.01008 2.01008 2.01008 2.01008 2.01008 2.01008 2.21615 2.72622 2.72622 2.72622 2.72622 2.72622 0.00000 0.00000 0.00000 0.00000 0.00000 3.64580 3.64580 3.64580 3.64580 3.64580 3.64580 3.64580 3.64580 3.64580 3.50929 3.31398 3.17721 3.07606 3.02396 3.02309 2.91967 2.71431 2.60602 1.78283 1.78283 1.78283 1.78283 1.78283 1.78283 1.78283 1.78283 1.78283 1.78283 1.78283 1.78283 1.78283 1.78283 1.78283 1.78283 1.78283 1.78283 1.78283 0.00000
