High_resolution/powerplant/Shangrao/OMI_NO2_2005_06-08.asc
ncols      200
nrows      200
xllcorner       115.451
yllcorner       27.0350
cellsize     0.0166667
NODATA_Value      -999.000
[rows 58 to 86 of 164, columns 67 to 133 of 200]
1.84178 1.85892 1.81533 1.72575 1.73750 1.73300 1.75223 1.74143 1.78707 1.81902 1.77405 1.72273 1.67902 1.70552 1.70405 1.74945 1.71457 1.67044 1.63123 1.60850 1.59633 1.62439 1.66016 1.65444 1.64753 1.65621 1.63741 1.71271 1.61445 1.54033 1.56495 1.65960 1.81191 1.83573 1.83253 1.82402 1.79012 1.79833 1.88051 1.92307 1.91726 1.91995 1.87488 1.85615 1.82489 1.69077 1.57058 1.63026 1.68396 1.69646 1.71184 1.72907 1.76694 1.74812 1.45905 1.45757 1.46188 1.44577 1.46469 1.40358 1.43162 1.45764 1.50413 1.51792 1.54749 1.55677 1.57320
1.87776 1.89875 1.87419 1.73853 1.72556 1.69756 1.73937 1.75263 1.80731 1.85314 1.78649 1.72858 1.65194 1.60308 1.55051 1.60666 1.60377 1.60975 1.60317 1.58283 1.58071 1.61395 1.67209 1.67277 1.65657 1.63519 1.59144 1.67289 1.70483 1.66575 1.69762 1.76431 1.91689 1.92714 1.90818 1.88717 1.85688 1.85293 1.90171 1.96567 1.95637 1.94038 1.88885 1.81691 1.75947 1.77641 1.70580 1.70880 1.64936 1.61935 1.61986 1.64315 1.69617 1.64894 1.48644 1.46324 1.48904 1.51271 1.56122 1.55747 1.59856 1.62327 1.64295 1.63219 1.60417 1.54010 1.50836
1.90149 1.88193 1.85949 1.71252 1.64716 1.60345 1.70544 1.72174 1.72166 1.73202 1.66116 1.62551 1.57925 1.55116 1.51427 1.56122 1.54689 1.56823 1.57255 1.55958 1.57192 1.59183 1.68451 1.70603 1.71684 1.70842 1.67911 1.70113 1.76219 1.70454 1.71320 1.75177 1.87302 1.90954 1.89178 1.90312 1.89885 1.89073 1.91666 1.98156 1.95648 1.94937 1.91463 1.76535 1.70863 1.74416 1.66210 1.68105 1.60742 1.61268 1.63672 1.65055 1.68292 1.64384 1.62439 1.62686 1.62686 1.63451 1.67121 1.62059 1.58973 1.56722 1.52108 1.46398 1.47220 1.42919 1.43094
1.83671 1.80212 1.83086 1.73681 1.65605 1.60132 1.63821 1.61224 1.64090 1.65725 1.66483 1.64708 1.62412 1.61859 1.58476 1.63439 1.64483 1.63439 1.62265 1.61350 1.61583 1.62499 1.71437 1.71643 1.72757 1.71582 1.69659 1.66902 1.76761 1.71258 1.68152 1.73843 1.83327 1.92842 1.90759 1.89740 1.86669 1.84946 1.86164 1.92716 1.93108 1.91036 1.89149 1.78925 1.75806 1.80899 1.78158 1.76965 1.67367 1.67723 1.69554 1.69452 1.70305 1.65714 1.55156 1.48780 1.41072 1.32912 1.34328 1.37519 1.39562 1.48639 1.47353 1.45210 1.46694 1.44761 1.44292
1.88706 1.82017 1.85380 1.79423 1.69879 1.63043 1.64269 1.66906 1.67744 1.68105 1.72317 1.70983 1.71237 1.68123 1.62427 1.65783 1.67161 1.66175 1.65396 1.64356 1.64858 1.66362 1.70459 1.71827 1.74450 1.74351 1.72721 1.72510 1.75343 1.74688 1.71498 1.77183 1.80233 1.87879 1.84649 1.84472 1.82013 1.78821 1.78728 1.89307 1.94664 1.96865 2.00159 1.92747 1.87246 1.89589 1.89397 1.82391 1.69053 1.61178 1.55822 1.49458 1.45379 1.41025 1.31779 1.30955 1.30049 1.25801 1.32688 1.38230 1.38032 1.49636 1.52829 1.49501 1.50138 1.48495 1.43495
1.91228 1.85207 1.86080 1.79784 1.71009 1.63624 1.63798 1.69604 1.70379 1.69523 1.72359 1.69251 1.68177 1.65690 1.61576 1.64955 1.70398 1.70418 1.71018 1.70794 1.72410 1.74510 1.75716 1.77348 1.79704 1.80268 1.79599 1.82430 1.82749 1.85346 1.79516 1.78148 1.77830 1.88646 1.86164 1.89912 1.91730 1.93314 1.96617 2.06904 2.08432 2.07393 2.05956 1.98405 1.86566 1.82395 1.77870 1.55026 1.52802 1.52374 1.53814 1.52879 1.54511 1.54148 1.45977 1.41930 1.42760 1.36667 1.42789 1.50874 1.51875 1.56257 1.62983 1.57634 1.58146 1.59237 1.54460
1.85969 1.82863 1.82215 1.75192 1.68582 1.66109 1.63257 1.66658 1.67583 1.64385 1.67537 1.64407 1.58823 1.62052 1.65461 1.66038 1.71962 1.69119 1.69004 1.68104 1.69187 1.71910 1.81313 1.86110 1.88796 1.89702 1.85038 1.87317 1.82285 1.87016 1.82062 1.79865 1.83137 1.94124 1.99115 2.01836 2.01075 1.98809 1.94036 2.01554 1.99662 1.93131 1.90051 1.88518 1.79262 1.76564 1.79512 1.68400 1.68993 1.65173 1.67075 1.67291 1.70305 1.72404 1.69586 1.64554 1.63788 1.60132 1.61987 1.66583 1.67397 1.67864 1.68320 1.62661 1.60861 1.59271 1.58648
1.76417 1.76430 1.76352 1.72958 1.65370 1.63177 1.60693 1.60285 1.62842 1.59432 1.62937 1.61828 1.58591 1.61860 1.72897 1.70692 1.77982 1.74113 1.76784 1.77983 1.81791 1.83920 1.89816 1.92547 1.92319 1.95955 1.91881 1.94161 1.83745 1.90221 1.88630 1.94788 1.94343 1.94870 1.99032 1.95714 1.91981 1.88976 1.84505 1.90415 1.92565 1.89309 1.88519 1.88411 1.79211 1.77769 1.82246 1.79359 1.79925 1.75092 1.78918 1.82347 1.85180 1.87939 1.87436 1.80342 1.76208 1.73049 1.68592 1.67851 1.68172 1.67736 1.70672 1.66112 1.63984 1.62854 1.61522
1.64209 1.65164 1.64577 1.62823 1.59607 1.60448 1.62752 1.61992 1.66343 1.60368 1.61493 1.61134 1.56584 1.55206 1.69383 1.70778 1.80331 1.78838 1.79064 1.78659 1.80446 1.80459 1.84492 1.88716 1.86364 1.89181 1.85714 1.87819 1.84134 1.87706 1.82571 1.85319 1.82678 1.79872 1.89131 1.88643 1.88208 1.87608 1.84208 1.84693 1.87909 1.87371 1.87506 1.86870 1.84015 1.85472 1.88226 1.94940 2.00317 2.01431 2.00857 2.02260 2.02950 2.04562 2.03948 1.97072 1.89164 1.84674 1.79108 1.78130 1.77848 1.77657 1.78829 1.76492 1.72636 1.74228 1.72953
1.62531 1.66970 1.68810 1.68184 1.67299 1.67377 1.72975 1.68152 1.65871 1.57723 1.58840 1.61942 1.60218 1.56869 1.66855 1.69066 1.74454 1.76862 1.76704 1.76117 1.76051 1.74474 1.75501 1.79228 1.76590 1.80412 1.75432 1.79126 1.73927 1.74801 1.73751 1.79215 1.82815 1.80314 1.88898 1.91829 1.90839 1.89487 1.86022 1.82858 1.86775 1.87421 1.87395 1.88764 1.89376 1.93708 1.93690 2.00468 2.05947 2.10040 2.09313 2.08028 2.03770 2.02609 1.99959 1.94878 1.95274 1.94696 1.89464 1.83908 1.80894 1.80247 1.79699 1.81659 1.78212 1.82680 1.83799
1.68350 1.71632 1.72753 1.72384 1.71361 1.68404 1.70018 1.64694 1.58288 1.56251 1.58365 1.59413 1.59987 1.55776 1.62741 1.66875 1.69994 1.74631 1.72899 1.70575 1.69912 1.69315 1.70423 1.76556 1.75556 1.80523 1.73677 1.74567 1.67902 1.66360 1.64077 1.63898 1.73392 1.74293 1.77402 1.81035 1.80828 1.83074 1.85653 1.85360 1.90877 1.91909 1.89270 1.88762 1.87031 1.91777 1.90547 1.96025 1.97636 2.00280 1.99477 1.99775 1.96839 1.98384 1.98198 1.96297 1.96829 1.99512 1.98902 1.94561 1.95009 1.99645 1.99086 1.98898 1.93491 1.93185 1.90267
1.72608 1.72944 1.71756 1.68772 1.65329 1.60144 1.60495 1.61260 1.59666 1.56052 1.60190 1.60044 1.61529 1.56965 1.55784 1.59130 1.62666 1.68516 1.69545 1.70511 1.70518 1.68560 1.68839 1.75676 1.76551 1.80746 1.76709 1.77223 1.72155 1.64956 1.59687 1.57729 1.71754 1.70895 1.73717 1.84590 1.86531 1.87241 1.86797 1.84050 1.87277 1.87827 1.83893 1.84214 1.81702 1.86344 1.86954 1.89291 1.89967 1.97672 1.98839 2.01261 2.00997 2.05587 2.08225 2.08638 2.07764 2.10431 2.11027 2.10389 2.05529 2.05338 2.03434 2.01065 2.00841 2.01482 1.97392
1.67024 1.63861 1.62015 1.62684 1.62380 1.59022 1.61107 1.60918 1.60658 1.53493 1.56133 1.52826 1.55102 1.56149 1.61430 1.68854 1.73420 1.71939 1.75708 1.76608 1.76884 1.75113 1.75094 1.80834 1.83894 1.87052 1.83214 1.81886 1.76911 1.66351 1.57241 1.51634 1.60603 1.65984 1.70911 1.78262 1.83545 1.84511 1.84099 1.81726 1.77852 1.78698 1.74197 1.71957 1.68199 1.72157 1.73831 1.81965 1.87916 1.96839 2.01331 2.04147 2.03314 2.06249 2.05398 2.03298 2.01353 2.03905 2.06503 2.07453 2.03985 2.03398 2.02600 1.99892 2.00942 2.02756 1.99127
1.63035 1.61396 1.62562 1.62751 1.62649 1.58493 1.58550 1.51724 1.53134 1.48547 1.53251 1.54667 1.59024 1.60909 1.66348 1.70421 1.74205 1.71521 1.75369 1.77474 1.76923 1.74804 1.72808 1.72526 1.70215 1.73315 1.67226 1.66481 1.62533 1.55348 1.45706 1.38704 1.44936 1.55533 1.62831 1.66696 1.76247 1.78309 1.78992 1.75129 1.64659 1.68735 1.65825 1.63023 1.58087 1.60282 1.64916 1.78837 1.88506 1.95684 1.98865 2.01647 2.00534 2.01612 1.98832 1.96783 1.96762 1.98327 2.00623 1.99892 1.96484 1.95553 1.92696 1.85032 1.84128 1.76748 1.67998
1.66431 1.63914 1.64090 1.63891 1.64059 1.60808 1.60402 1.55654 1.57376 1.53623 1.56933 1.63250 1.66685 1.68600 1.73404 1.71670 1.74979 1.72018 1.75679 1.79629 1.77251 1.73695 1.69950 1.69148 1.65780 1.72154 1.69756 1.70612 1.65801 1.60044 1.52786 1.47285 1.52138 1.59267 1.66866 1.69157 1.78389 1.79548 1.78835 1.77123 1.66082 1.69875 1.68613 1.66801 1.64383 1.66092 1.70985 1.77451 1.83712 1.89634 1.94766 1.98405 1.97090 1.96897 1.92214 1.88830 1.87824 1.84994 1.85763 1.84259 1.83553 1.88068 1.86096 1.79252 1.67668 1.58354 1.53753
1.67812 1.62170 1.63514 1.65069 1.64506 1.64269 1.64806 1.60476 1.58307 1.54319 1.54987 1.58497 1.59706 1.60677 1.65598 1.66125 1.70289 1.68423 1.69593 1.72704 1.70811 1.69925 1.68259 1.70232 1.70564 1.78020 1.76452 1.79792 1.76575 1.75088 1.68110 1.59875 1.58740 1.60457 1.64388 1.67253 1.74785 1.80009 1.79663 1.78688 1.71067 1.74993 1.73221 1.71247 1.68935 1.69844 1.67636 1.68472 1.77533 1.78488 1.81353 1.82886 1.80237 1.79006 1.77635 1.75942 1.75477 1.72245 1.74240 1.74610 1.75631 1.81599 1.80223 1.73907 1.60615 1.49261 1.41727
1.70735 1.71092 1.69706 1.69316 1.64517 1.63215 1.63665 1.61339 1.55039 1.54442 1.57779 1.58727 1.61651 1.59962 1.62203 1.62834 1.63571 1.63429 1.64503 1.68928 1.68455 1.68481 1.65154 1.70129 1.70552 1.82257 1.83219 1.83674 1.79669 1.76515 1.70632 1.60656 1.56754 1.58195 1.62069 1.67732 1.71677 1.78726 1.78031 1.77122 1.72284 1.73046 1.72500 1.66298 1.64838 1.64849 1.57196 1.51987 1.63606 1.67080 1.68798 1.75199 1.75531 1.75195 1.75362 1.74199 1.74738 1.72703 1.68289 1.68372 1.66762 1.68299 1.68567 1.66464 1.57085 1.43847 1.33291
1.69033 1.69171 1.66489 1.67371 1.64616 1.62603 1.62567 1.61745 1.56718 1.55947 1.62331 1.60640 1.62255 1.60229 1.61762 1.64818 1.65942 1.65981 1.65158 1.68261 1.70327 1.70779 1.69828 1.72798 1.69654 1.77071 1.77727 1.77380 1.74766 1.70686 1.68956 1.59429 1.53789 1.54692 1.60214 1.66241 1.68705 1.74649 1.76750 1.76495 1.74151 1.73575 1.73763 1.67274 1.65669 1.65103 1.59338 1.51281 1.58659 1.67308 1.67286 1.77580 1.81475 1.82493 1.81128 1.79818 1.79276 1.78704 1.71813 1.72565 1.71505 1.69646 1.67388 1.63131 1.53914 1.45066 1.34112
1.71372 1.72316 1.69178 1.69874 1.69164 1.65673 1.67558 1.68123 1.67448 1.63297 1.65813 1.64636 1.64125 1.61267 1.57795 1.61758 1.67828 1.72913 1.74098 1.75121 1.76269 1.73898 1.70343 1.70713 1.67996 1.73080 1.74605 1.74048 1.72595 1.67520 1.67203 1.57778 1.53546 1.52830 1.57121 1.62939 1.65354 1.70058 1.76251 1.76343 1.76766 1.79021 1.83537 1.70282 1.65555 1.64554 1.63112 1.52974 1.57176 1.71046 1.67842 1.77627 1.80711 1.80126 1.78074 1.76439 1.75376 1.74125 1.66016 1.62536 1.60491 1.55163 1.61093 1.61957 1.50610 1.47575 1.36831
1.73845 1.74546 1.73514 1.74211 1.76508 1.71478 1.71720 1.69142 1.69558 1.61369 1.64608 1.67776 1.68639 1.69304 1.68384 1.71918 1.78705 1.78765 1.77884 1.72465 1.73550 1.72815 1.69937 1.70526 1.69005 1.72783 1.76141 1.75010 1.73523 1.68302 1.68218 1.58529 1.55405 1.53474 1.56808 1.64411 1.69147 1.71788 1.79164 1.79082 1.78987 1.79703 1.86906 1.73430 1.66454 1.68240 1.64780 1.56420 1.53357 1.65863 1.62901 1.68437 1.72432 1.68782 1.65306 1.63503 1.63507 1.64718 1.62576 1.60138 1.60059 1.57252 1.62128 1.65146 1.54939 1.52845 1.43245
1.79310 1.80708 1.78404 1.77478 1.79969 1.75631 1.77113 1.74415 1.76479 1.72732 1.77438 1.80324 1.78046 1.76864 1.74005 1.75233 1.81312 1.80207 1.78178 1.71352 1.70304 1.71251 1.69630 1.69639 1.70544 1.71489 1.76170 1.74867 1.74392 1.73942 1.73081 1.63906 1.59898 1.56611 1.57859 1.66559 1.70626 1.69804 1.74366 1.73452 1.70143 1.73045 1.87826 1.81020 1.69887 1.69698 1.65282 1.62857 1.58117 1.58957 1.56548 1.57455 1.62852 1.59012 1.59003 1.58941 1.61012 1.62669 1.62574 1.56828 1.56040 1.55475 1.55536 1.59311 1.53517 1.53482 1.45375
1.84482 1.84402 1.84205 1.82180 1.83854 1.81106 1.81653 1.78764 1.79133 1.79109 1.81798 1.84267 1.84621 1.81800 1.78226 1.76453 1.81107 1.82004 1.77502 1.74054 1.70490 1.73870 1.70572 1.69547 1.70772 1.71076 1.76782 1.76011 1.74707 1.76127 1.73624 1.69418 1.63852 1.57482 1.54846 1.60700 1.64732 1.64686 1.70784 1.75889 1.76061 1.80532 1.93604 1.96418 1.78422 1.76848 1.68685 1.65688 1.55743 1.54905 1.52992 1.52286 1.59142 1.55490 1.54293 1.52976 1.53871 1.54363 1.53710 1.46365 1.44543 1.44773 1.42583 1.47249 1.50149 1.55553 1.54142
1.80565 1.80013 1.80231 1.86513 1.88102 1.86433 1.84927 1.81200 1.80932 1.80785 1.81870 1.83775 1.84954 1.81437 1.78500 1.75853 1.79403 1.83939 1.76951 1.74390 1.67595 1.71033 1.68290 1.67260 1.68808 1.69066 1.72985 1.73379 1.71202 1.72718 1.74053 1.70262 1.61382 1.57239 1.57047 1.63198 1.72371 1.74920 1.79291 1.84372 1.82271 1.84686 1.89089 1.93347 1.73000 1.68591 1.59591 1.58047 1.41156 1.40350 1.38566 1.38922 1.45882 1.44563 1.45862 1.45998 1.47920 1.49799 1.50928 1.48106 1.48628 1.51602 1.52278 1.57342 1.56820 1.57082 1.53537
1.78665 1.77312 1.76206 1.88624 1.88193 1.87463 1.87921 1.83106 1.80682 1.79381 1.76792 1.75728 1.76321 1.78544 1.75226 1.70847 1.72281 1.76726 1.67963 1.66377 1.59330 1.61439 1.60119 1.60011 1.64098 1.64584 1.67513 1.68478 1.62602 1.60431 1.65401 1.63848 1.54214 1.54979 1.58050 1.59517 1.68441 1.69620 1.69738 1.75755 1.75020 1.76675 1.78456 1.85114 1.74582 1.70494 1.63371 1.62708 1.48656 1.46623 1.45944 1.48273 1.52576 1.53022 1.54466 1.52949 1.52981 1.54366 1.53619 1.54836 1.56972 1.56818 1.53933 1.55761 1.56306 1.56250 1.53554
1.71405 1.72661 1.70986 1.85906 1.87902 1.86565 1.85174 1.79864 1.75684 1.75244 1.75515 1.72441 1.72391 1.75154 1.74326 1.69586 1.70364 1.75333 1.69976 1.68140 1.62519 1.63240 1.62009 1.57585 1.59444 1.57858 1.59385 1.61081 1.57108 1.53921 1.59672 1.61721 1.52955 1.50725 1.54855 1.54249 1.63169 1.64353 1.65776 1.71607 1.75176 1.77084 1.77118 1.84794 1.77892 1.71808 1.66294 1.65401 1.55183 1.50108 1.50500 1.52274 1.54705 1.57913 1.58731 1.57000 1.56826 1.56668 1.56042 1.54517 1.54956 1.55217 1.54263 1.55100 1.58591 1.61076 1.55326
1.68470 1.69136 1.65316 1.73510 1.78374 1.77859 1.77968 1.75823 1.72080 1.71102 1.71272 1.67404 1.69894 1.71706 1.73196 1.69941 1.70401 1.73415 1.69141 1.61945 1.53843 1.49489 1.50652 1.48262 1.50206 1.50951 1.52800 1.56479 1.54740 1.48723 1.52709 1.52961 1.48477 1.44666 1.48689 1.47490 1.55113 1.60318 1.65495 1.70251 1.73796 1.75274 1.74386 1.79637 1.75937 1.75610 1.71998 1.68960 1.61939 1.51402 1.50934 1.52218 1.53942 1.54627 1.55642 1.54385 1.55344 1.56379 1.57791 1.58148 1.57886 1.60065 1.60361 1.61962 1.66412 1.67470 1.62629
1.62303 1.63582 1.62001 1.67315 1.77891 1.76205 1.74758 1.70851 1.67382 1.67208 1.69269 1.67302 1.68316 1.70442 1.73134 1.70518 1.69891 1.66603 1.58910 1.53149 1.49659 1.46285 1.46837 1.43330 1.45089 1.45760 1.44805 1.43977 1.43261 1.35500 1.36680 1.39639 1.43091 1.45425 1.48459 1.50144 1.54016 1.61471 1.63842 1.64171 1.66520 1.70147 1.69713 1.72200 1.69604 1.75324 1.73502 1.66883 1.64523 1.52836 1.53164 1.53401 1.54795 1.54594 1.58194 1.58573 1.61832 1.63726 1.65126 1.66094 1.65199 1.66802 1.66450 1.67211 1.73187 1.74081 1.72175
1.57602 1.56468 1.56234 1.57219 1.71327 1.71318 1.71356 1.68251 1.64986 1.63682 1.65478 1.64968 1.64509 1.64427 1.66804 1.66240 1.62449 1.58236 1.48692 1.44288 1.42070 1.41689 1.44559 1.40645 1.42819 1.44495 1.45954 1.45174 1.48527 1.41374 1.41660 1.47436 1.52214 1.58186 1.58225 1.57272 1.56030 1.62883 1.65601 1.65831 1.68781 1.69992 1.67352 1.67844 1.69828 1.75642 1.77421 1.76105 1.74543 1.59861 1.56192 1.60231 1.62752 1.62811 1.65700 1.65380 1.68059 1.68551 1.69163 1.69740 1.68128 1.68427 1.67906 1.67570 1.72396 1.72840 1.71353
1.49234 1.48683 1.48529 1.48905 1.61119 1.64486 1.64872 1.62601 1.62323 1.61199 1.63845 1.64876 1.62762 1.61876 1.62142 1.61896 1.55941 1.51988 1.41939 1.46161 1.46990 1.45864 1.47668 1.43234 1.43570 1.43777 1.50433 1.51400 1.57500 1.54066 1.49973 1.52502 1.54446 1.59056 1.60299 1.59067 1.56891 1.59862 1.62144 1.61502 1.63694 1.66184 1.64337 1.64327 1.65091 1.68623 1.73307 1.72692 1.72275 1.62027 1.57021 1.60148 1.64722 1.64550 1.67951 1.67057 1.68648 1.69408 1.69777 1.71052 1.70989 1.70961 1.72887 1.74412 1.75978 1.76835 1.70389
