High_resolution/powerplant/Shangrao/OMI_NO2_200706.asc
ncols      200
nrows      200
xllcorner       115.451
yllcorner       27.0350
cellsize     0.0166667
NODATA_Value      -999.000
[rows 58 to 86 of 175, columns 67 to 133 of 200]
1.58424 1.53656 1.48910 1.44919 1.44479 1.44479 1.40431 1.17421 1.17421 1.04162 0.847868 0.916494 0.957442 0.957442 1.38713 1.49311 1.52877 1.74582 1.75289 1.75998 1.74743 1.67168 1.59809 1.54612 1.49120 1.46243 1.46742 1.51421 1.52216 1.52216 1.52216 1.52216 1.52216 1.52216 1.52236 1.54083 1.57137 1.60188 1.77599 1.89034 1.96941 2.03723 2.19814 2.24570 2.25814 2.27252 2.28687 2.29108 2.29108 2.29108 2.29108 2.29108 2.29108 2.29108 2.30601 2.34169 2.33900 1.96710 1.52158 1.52158 1.52158 1.52158 1.52158 1.52158 1.52158 1.52158 1.52158
1.44479 1.44479 1.44479 1.44479 1.44479 1.44479 1.44772 1.22679 1.22844 1.19576 0.877441 0.923322 1.00117 1.00826 1.29743 1.47601 1.39552 1.50567 1.41585 1.29203 1.18745 1.18054 1.27481 1.48058 1.48058 1.50161 1.54237 1.57877 1.61085 1.64142 1.67196 1.70250 1.73304 1.76355 1.79411 1.83755 1.89230 1.94704 2.04386 2.16957 2.27244 2.31952 2.31063 2.29108 2.29108 2.29108 2.29108 2.29108 2.29108 2.29108 2.29108 2.29108 2.29108 2.29108 2.29591 2.33801 2.32221 2.15118 1.52158 1.52158 1.52158 1.52158 1.52158 1.52158 1.52158 1.52158 1.52158
1.50978 1.53693 1.56405 1.59120 1.61830 1.64543 1.66914 1.49244 1.40196 1.40004 0.950545 0.920047 1.01946 1.02004 1.02004 1.02004 1.02097 1.13646 1.21357 1.23118 1.24878 1.26640 1.29768 1.69043 1.73094 1.76936 1.79855 1.80241 1.80598 1.82902 1.88360 1.93828 1.99299 2.04774 2.10229 2.12555 2.12555 2.12555 2.14091 2.23869 2.26906 2.31472 2.32024 2.29108 2.29108 2.29108 2.29108 2.29108 2.29108 2.29108 2.28753 2.27340 2.25691 2.23846 2.21787 2.22588 2.22913 2.22545 1.53981 1.52158 1.52158 1.52158 1.52158 1.52158 1.52158 1.52158 1.52158
1.67253 1.67253 1.67253 1.67253 1.67253 1.67910 1.69364 1.59389 1.46154 1.48931 1.18248 1.05330 1.16977 1.21841 1.24613 1.27388 1.30072 1.32211 1.33620 1.33620 1.33620 1.33620 1.33620 1.68721 1.80282 1.83877 1.90388 1.96189 2.09372 2.12539 2.12555 2.12555 2.12555 2.12555 2.12555 2.12555 2.12555 2.12555 2.12562 2.22721 2.24972 2.30994 2.32672 2.29418 2.29108 2.28741 2.27309 2.25662 2.23826 2.21745 2.20015 2.19916 2.19916 2.19916 2.19916 2.21586 2.23128 2.24672 1.76499 1.52158 1.52158 1.52158 1.52158 1.52158 1.52158 1.52158 1.52158
1.78939 1.77907 1.78500 1.79095 1.79692 1.79633 1.78774 1.76445 1.69492 1.69492 1.47916 1.20343 1.26235 1.31301 1.31301 1.31301 1.31301 1.31959 1.37351 1.41830 1.46305 1.50782 1.55254 1.79705 1.95541 1.95541 1.98356 1.99289 2.11956 2.12555 2.12555 2.12555 2.12555 2.12555 2.12555 2.12555 2.12555 2.12555 2.12555 2.20051 2.23799 2.28372 2.29490 2.25280 2.21714 2.20008 2.19982 2.20782 2.21848 2.22994 2.24230 2.25564 2.27015 2.28591 2.30313 2.36748 2.53821 2.54572 2.02802 1.52158 1.52158 1.52158 1.51322 1.49097 1.46853 1.44610 1.42366
1.82467 1.77672 1.77672 1.77672 1.77672 1.77672 1.77672 1.77612 1.70050 1.69492 1.59800 1.20343 1.24830 1.36414 1.39774 1.43128 1.46486 1.49914 1.58880 1.59087 1.59087 1.59087 1.59087 1.69618 1.95522 1.95541 1.97539 1.98955 2.08627 2.12555 2.12555 2.12555 2.12555 2.12555 2.12555 2.12408 2.11563 2.10336 2.08652 2.12841 2.20052 2.19444 2.27340 2.32159 2.30046 2.31906 2.33814 2.34248 2.34248 2.34248 2.34248 2.34248 2.34248 2.34248 2.34248 2.36304 2.44524 2.24775 1.87426 1.35836 1.27061 1.19607 1.13778 1.09641 1.06029 1.02824 0.999750
1.89485 1.77672 1.77672 1.77672 1.77672 1.77672 1.78059 1.80767 1.78158 1.78762 1.81261 1.38574 1.37766 1.49912 1.50401 1.50401 1.50401 1.50401 1.56889 1.59087 1.59087 1.59087 1.59087 1.61453 1.93917 1.95541 1.96721 1.98948 2.04664 2.11823 2.11294 2.10006 2.08411 2.06621 2.04601 2.02613 2.01868 2.01521 2.01518 2.04373 2.16603 2.16603 2.25353 2.40581 2.34252 2.34248 2.34248 2.34248 2.33378 2.27197 2.14715 1.97792 1.80882 1.63928 1.47019 1.29712 0.980965 0.949096 0.930617 0.941059 0.941705 0.941705 0.941705 0.941705 0.941245 0.936065 0.930029
2.07259 1.79228 1.82314 1.85408 1.88505 1.91599 1.94307 1.94694 1.90968 1.86513 1.86513 1.51431 1.37365 1.46770 1.50401 1.50401 1.50401 1.50401 1.54751 1.59440 1.60129 1.60816 1.61505 1.62191 1.91149 1.98826 1.97726 1.91530 1.91815 2.03404 2.01810 2.01518 2.01518 2.01518 2.01518 2.01518 2.01518 2.01518 2.01322 1.97335 2.06891 2.03198 2.00907 2.07167 1.88379 1.70204 1.53270 1.36322 1.20301 1.09702 1.06072 1.06851 1.07579 1.08264 1.08908 1.06424 0.917250 0.885352 0.881696 0.885643 0.885061 0.881656 0.878399 0.875291 0.872518 0.871958 0.871958
2.41534 1.95372 1.94694 1.94694 1.94694 1.94694 1.94694 1.94694 1.92950 1.86513 1.86100 1.62605 1.38548 1.44925 1.52616 1.53132 1.53647 1.54163 1.57564 1.65125 1.65125 1.65125 1.65125 1.65125 1.81593 1.90900 1.90269 1.84295 1.83432 1.98864 1.95563 1.89851 1.84140 1.78439 1.72727 1.67182 1.62060 1.54188 1.46587 1.40450 1.49719 1.50451 1.45798 1.32333 1.18902 1.11805 1.12259 1.12691 1.13103 1.13412 1.13433 1.13433 1.13433 1.13433 1.13433 1.10897 0.905198 0.862674 0.862674 0.866814 0.871958 0.871958 0.871958 0.871958 0.871958 0.871958 0.871958
2.53212 1.99301 1.93673 1.92161 1.90649 1.89135 1.87622 1.86109 1.84455 1.75284 1.73804 1.66379 1.41893 1.44210 1.54929 1.54929 1.54929 1.54929 1.55892 1.65125 1.65188 1.65508 1.66110 1.66882 1.68177 1.61881 1.57271 1.49064 1.42732 1.49175 1.54881 1.55479 1.54822 1.51716 1.48651 1.45434 1.41802 1.26280 1.22602 1.22596 1.30416 1.38871 1.38871 1.32479 1.24443 1.13433 1.13433 1.13433 1.13433 1.13433 1.13433 1.13433 1.13433 1.13433 1.13433 1.13409 0.940834 0.862674 0.862674 0.864354 0.871958 0.871958 0.871958 0.871958 0.871958 0.871958 0.871958
2.46646 1.97172 1.81933 1.81933 1.81933 1.81933 1.81933 1.81933 1.81933 1.75992 1.74023 1.73529 1.44118 1.43610 1.55895 1.57726 1.58286 1.58846 1.59409 1.70135 1.71833 1.72089 1.72191 1.72191 1.69038 1.49021 1.49189 1.48174 1.46128 1.47134 1.42312 1.38669 1.36199 1.36128 1.36128 1.36128 1.36128 1.27256 1.22596 1.22596 1.26571 1.38871 1.38871 1.34809 1.28502 1.13649 1.13433 1.13433 1.13433 1.13433 1.13433 1.13433 1.13433 1.13433 1.13433 1.13433 0.999521 0.864473 0.862674 0.862715 0.871137 0.871958 0.871958 0.871958 0.871958 0.871958 0.871958
2.43007 2.14242 1.83437 1.83143 1.82051 1.80958 1.79862 1.78769 1.77675 1.77698 1.79409 1.79645 1.55782 1.47826 1.56093 1.60863 1.60863 1.60863 1.60863 1.68470 1.72216 1.72979 1.74086 1.75193 1.76286 1.56639 1.55179 1.54514 1.50128 1.48763 1.36171 1.36128 1.36128 1.36128 1.36128 1.36128 1.36128 1.30265 1.22596 1.22596 1.23143 1.38452 1.38871 1.36847 1.29501 1.16936 1.13433 1.13433 1.13433 1.13433 1.13433 1.13433 1.13433 1.13433 1.13433 1.13433 1.04417 0.880551 0.862674 0.862674 0.868720 0.871958 0.871958 0.871958 0.871958 0.867262 0.845259
2.02385 1.94075 1.74771 1.73876 1.73872 1.73872 1.73872 1.73872 1.73872 1.75312 1.79686 1.79686 1.63455 1.47826 1.52549 1.61283 1.62381 1.63488 1.64597 1.70764 1.78115 1.78462 1.78462 1.78462 1.78462 1.63213 1.55292 1.55281 1.50594 1.50128 1.38572 1.36128 1.36128 1.36128 1.36128 1.36128 1.36128 1.33272 1.22596 1.22596 1.22596 1.35504 1.39972 1.40410 1.29834 1.21209 1.13433 1.13433 1.13433 1.13433 1.13433 1.13433 1.13433 1.13433 1.13433 1.13433 1.08572 0.899759 0.862674 0.841363 0.802416 0.815665 0.792502 0.775556 0.759837 0.748099 0.755229
1.93060 1.93060 1.76973 1.73872 1.73872 1.73872 1.73872 1.73872 1.73872 1.74218 1.81197 1.83213 1.76512 1.55078 1.57823 1.67090 1.67133 1.67133 1.67133 1.69641 1.78462 1.78462 1.78462 1.78462 1.78462 1.68750 1.55292 1.55292 1.51817 1.50128 1.42337 1.36147 1.36678 1.37434 1.38189 1.38946 1.39702 1.40159 1.28145 1.28438 1.29195 1.38323 1.45881 1.45881 1.33665 1.25494 1.13433 1.13433 1.13433 1.13433 1.13433 1.13433 1.13557 1.12308 1.07105 1.01494 0.943187 0.646140 0.538960 0.487760 0.524957 0.817583 0.831884 0.835565 0.835565 0.835565 0.835565
1.93060 1.93060 1.81346 1.73872 1.74644 1.76500 1.78361 1.80220 1.82085 1.83796 1.88599 1.89952 1.88496 1.58656 1.58092 1.65504 1.67133 1.67133 1.67133 1.67432 1.78122 1.78462 1.78409 1.76627 1.74031 1.67265 1.45669 1.43073 1.46244 1.55418 1.52151 1.42912 1.43139 1.43139 1.43139 1.43139 1.43139 1.43139 1.32778 1.29606 1.29606 1.34477 1.45951 1.47307 1.41367 1.34724 1.19872 1.17885 1.12053 1.05672 0.987292 0.910805 0.826591 0.769324 0.766269 0.749516 0.729019 0.497919 0.445851 0.435102 0.423477 0.802148 0.871676 0.877799 0.884519 0.891939 0.900025
1.96648 1.98509 1.93029 1.83045 1.84131 1.84138 1.84138 1.84138 1.84138 1.84138 1.87200 1.89952 1.89952 1.64871 1.56708 1.59078 1.60560 1.57964 1.55366 1.52775 1.58911 1.58907 1.56367 1.55551 1.55551 1.55371 1.33924 1.32381 1.37250 1.57139 1.56530 1.43489 1.43139 1.43656 1.46340 1.49259 1.52182 1.55101 1.50674 1.47416 1.50498 1.55352 1.75063 1.80635 1.84051 1.87463 1.04563 0.584060 0.548312 0.509781 0.466831 0.419170 0.365485 0.305213 0.245082 0.236107 0.236107 0.236107 0.236107 0.236107 0.236107 0.655111 0.938665 0.938665 0.938665 0.938665 0.938665
2.03309 2.03325 2.00357 1.84138 1.84138 1.84113 1.83897 1.83641 1.83384 1.83128 1.84535 1.88430 1.88174 1.59643 1.35181 1.37694 1.44222 1.44222 1.44222 1.44222 1.50410 1.55551 1.55551 1.55551 1.55875 1.56977 1.44643 1.40762 1.42113 1.66271 1.68636 1.59178 1.56712 1.57228 1.55584 1.54170 1.54438 1.54870 1.60168 1.77699 1.81369 1.83501 2.08502 2.16335 2.17336 2.37569 1.41204 0.236107 0.236107 0.236107 0.236107 0.236107 0.236107 0.236107 0.236107 0.236107 0.236107 0.236107 0.236107 0.236107 0.236107 0.470105 0.938665 0.938665 0.938665 0.938665 0.938665
1.90771 1.90532 1.89846 1.74369 1.72617 1.72133 1.71814 1.71524 1.78030 1.81992 1.82324 1.87739 1.87806 1.71796 1.35027 1.35135 1.44176 1.45159 1.45869 1.46582 1.47989 1.47464 1.46722 1.45968 1.44894 1.43045 1.38408 1.34638 1.34638 1.52192 1.56235 1.51176 1.52298 1.54609 1.56917 1.58759 1.58912 1.58912 1.60794 1.83563 1.83573 1.83573 1.99628 2.16335 2.16335 2.32141 1.98221 0.236107 0.236107 0.236107 0.236107 0.236107 0.236107 0.236107 0.236107 0.236107 0.236107 0.236107 0.236107 0.236107 0.236107 0.290226 0.933676 0.938665 0.938665 0.938665 0.938665
1.84634 1.85504 1.84752 1.73538 1.69331 1.68992 1.68686 1.69604 1.76351 1.85119 1.87025 1.89482 1.90080 1.87128 1.39401 1.39974 1.46736 1.49117 1.49117 1.49117 1.48305 1.40730 1.40724 1.40705 1.38658 1.35251 1.30479 1.22344 1.18937 1.27820 1.40035 1.44044 1.58912 1.58912 1.58912 1.58912 1.58912 1.58912 1.58912 1.79679 1.83573 1.83573 1.92331 2.16335 2.16335 2.25811 2.36601 0.422107 0.236107 0.236107 0.236107 0.236107 0.236107 0.236107 0.236107 0.236107 0.236107 0.236107 0.236107 0.236107 0.236107 0.236107 0.803074 0.938665 0.938665 0.938665 0.938665
1.67565 1.68646 1.69102 1.73139 1.77468 1.79332 1.81165 1.81774 1.85404 1.96517 1.96517 1.94369 1.92701 1.92701 1.49500 1.40075 1.44287 1.49117 1.48071 1.44739 1.41330 1.30608 1.26118 1.22728 1.21363 1.21363 1.21226 1.15510 1.15277 1.21380 1.40035 1.40254 1.57651 1.58912 1.58912 1.58912 1.58912 1.58912 1.58912 1.73383 1.83573 1.83573 1.86232 2.16335 2.16335 2.21823 2.37649 0.981399 0.236107 0.236107 0.236107 0.236107 0.236107 0.236107 0.236107 0.236107 0.236107 0.236107 0.236107 0.236107 0.236107 0.236107 0.610346 0.938665 0.938665 0.938665 0.938665
1.75310 1.77029 1.77109 1.78255 1.81774 1.81774 1.81774 1.81774 1.82884 1.96516 1.96517 1.95292 1.92867 1.95171 1.67653 1.48454 1.48743 1.32197 1.29835 1.29755 1.29755 1.24329 1.21363 1.21363 1.21363 1.21363 1.21363 1.16829 1.15277 1.16126 1.39407 1.40035 1.52817 1.58912 1.58912 1.58872 1.58131 1.57086 1.55979 1.64348 1.81192 1.80564 1.79875 2.21163 2.35558 2.37649 2.37649 1.55180 0.236107 0.236107 0.236107 0.236107 0.236107 0.236107 0.236107 0.236107 0.236107 0.236107 0.236107 0.236107 0.236107 0.236107 0.236107 0.00000 0.00000 0.00000 0.00000
1.75263 1.76570 1.77109 1.77289 1.81684 1.81774 1.81774 1.82619 1.84958 2.01380 2.06402 2.09047 2.08340 2.08977 1.91216 1.56352 1.56176 1.31941 1.29755 1.29755 1.29755 1.26217 1.21363 1.21363 1.21363 1.21363 1.21560 1.20883 1.20906 1.23922 1.32579 1.31364 1.38548 1.50432 1.48892 1.47315 1.46876 1.46876 1.46876 1.51512 1.77849 1.77849 1.77849 2.06250 2.37649 2.37649 2.37649 2.12091 0.236749 0.236107 0.236107 0.236107 0.236107 0.236107 0.236107 0.236107 0.236107 0.00000 0.00000 0.00000 0.00000 0.00000 0.00000 0.00000 0.00000 0.00000 0.00000
1.75263 1.76208 1.79134 1.81491 1.87555 1.90889 1.93247 1.94767 1.94796 2.06467 2.12794 2.12794 2.09600 2.08977 2.03870 1.56415 1.56352 1.39015 1.31778 1.34799 1.37823 1.39189 1.35475 1.38496 1.41516 1.44537 1.47364 1.46357 1.41893 1.41893 1.32599 1.21707 1.25273 1.46876 1.46876 1.46876 1.46876 1.47527 1.49797 1.52622 1.87476 1.92783 1.96293 2.10020 2.38190 2.40707 2.43411 2.46108 1.03395 0.236107 0.236107 0.00000 0.00000 0.00000 0.00000 0.00000 0.00000 0.00000 0.00000 0.00000 0.00000 0.00000 0.00000 0.00000 0.00000 0.00000 0.00000
1.72761 1.75115 1.90131 1.90131 1.92777 1.94796 1.94796 1.94796 1.94796 2.02214 2.09652 2.07052 2.02185 1.98038 1.95439 1.77493 1.78946 1.71749 1.56371 1.56371 1.56371 1.56238 1.48346 1.47979 1.47979 1.47979 1.47979 1.47704 1.42878 1.44535 1.41858 1.30024 1.33408 1.60300 1.68341 1.73319 1.78564 1.83393 1.86648 1.90880 2.09560 2.14432 2.15782 2.20355 2.53261 2.53442 2.53442 2.53442 2.53442 0.00000 0.00000 0.00000 0.00000 0.00000 0.00000 0.00000 0.00000 0.00000 0.00000 0.00000 0.00000 0.00000 0.00000 0.00000 0.00000 0.00000 0.00000
1.74940 1.73444 1.87557 1.87693 1.87389 1.88570 1.86680 1.84786 1.82894 1.84100 1.90912 1.90912 1.89565 1.87095 1.87095 1.84561 1.82968 1.79966 1.56370 1.55425 1.54174 1.52917 1.52625 1.55388 1.57083 1.58864 1.60718 1.62662 1.73179 1.77676 1.79502 1.72241 1.72726 1.96712 2.12877 2.14225 2.15577 2.16928 2.18122 2.18303 2.18303 2.18303 2.18303 2.18419 2.48949 2.53442 2.53442 2.53442 2.53442 0.00000 0.00000 0.00000 0.00000 0.00000 0.00000 0.00000 0.00000 0.00000 0.00000 0.00000 0.00000 0.00000 0.00000 0.00000 0.00000 0.00000 0.00000
1.66894 1.61098 1.72234 1.79153 1.79688 1.83817 1.83774 1.82935 1.81803 1.81222 1.85677 1.84963 1.83834 1.78004 1.76748 1.73949 1.70107 1.68856 1.45263 1.40688 1.40691 1.40691 1.54265 1.70852 1.70852 1.70852 1.70852 1.71371 1.78880 1.85187 1.86228 1.81613 1.81166 1.93994 2.18303 2.18303 2.18303 2.18303 2.18303 2.18303 2.18303 2.18303 2.18303 2.18303 2.37374 2.53442 2.53442 2.53442 2.53442 2.53442 0.00000 0.00000 0.00000 0.00000 0.00000 0.00000 0.00000 0.00000 1.24766 1.24766 1.24766 1.24766 1.24766 1.63580 1.95308 2.06246 2.12369
1.78039 1.69162 1.78030 1.94818 1.98229 1.75757 1.71953 1.72005 1.72407 1.72833 1.78436 1.79232 1.79232 1.72203 1.71414 1.70864 1.67287 1.67287 1.52127 1.40691 1.40691 1.40877 1.48947 1.73133 1.74174 1.75215 1.76256 1.76777 1.80458 1.88511 1.88511 1.85206 1.81541 1.84423 2.18031 2.18303 2.18303 2.18303 2.18303 2.18303 2.18303 2.18303 2.18303 2.18303 2.29059 2.53442 2.53442 2.53442 2.53442 2.28027 1.24766 1.24766 1.24766 1.24766 1.24766 1.24766 1.24766 1.24766 1.24766 1.37601 1.59364 1.74705 1.86084 2.04127 2.13491 2.13618 2.14807
2.03924 1.83613 1.86615 2.14084 2.14310 1.84714 1.73284 1.73284 1.73284 1.73284 1.77160 1.79232 1.79232 1.73811 1.71414 1.71178 1.63230 1.57026 1.48241 1.43723 1.44503 1.45098 1.46958 1.76621 1.76777 1.76777 1.76777 1.76777 1.77714 1.88466 1.88511 1.86754 1.81541 1.81541 2.11074 2.18303 2.18303 2.18303 2.18303 2.18445 2.19902 2.21536 2.23019 2.24371 2.29936 2.53432 2.53431 2.24694 1.90784 1.66002 1.24766 1.24766 1.24766 1.24766 1.25712 1.45118 1.64577 1.78515 1.88986 1.93934 1.94816 1.95921 1.96831 2.02254 2.15322 2.19851 2.19974
2.12406 1.85616 1.84218 2.08294 2.14310 1.93649 1.73284 1.73284 1.73284 1.73284 1.73871 1.69346 1.61664 1.53287 1.46708 1.41178 1.37015 1.35576 1.36050 1.44934 1.45135 1.45135 1.45135 1.70620 1.76777 1.76777 1.76777 1.76777 1.76777 1.86616 1.88931 1.90669 1.89132 1.92071 2.10831 2.25966 2.27072 2.28092 2.29036 2.29849 2.30007 2.30007 2.30007 2.30007 2.30461 2.52394 2.53429 2.37003 1.89104 1.79345 1.29546 1.52564 1.68784 1.79894 1.88521 1.90612 1.90741 1.90855 1.90949 1.90941 1.90431 1.96974 1.98901 2.00004 2.13442 2.19974 2.19974
