High_resolution/powerplant/Shangrao/OMI_NO2_200507.asc
ncols      200
nrows      200
xllcorner       115.451
yllcorner       27.0350
cellsize     0.0166667
NODATA_Value      -999.000
[rows 30 to 59 of 164, columns 132 to 197 of 200]
2.82270 3.46992 3.48138 4.07309 4.17303 4.17303 4.17303 4.17303 4.17303 4.17303 4.17303 4.17303 4.17303 4.17303 4.17303 4.17303 4.20876 4.34646 4.26321 4.01873 3.77011 3.52306 3.42563 3.42563 3.42563 3.42563 3.67962 2.69435 2.69011 2.69600 2.67127 2.61393 2.61393 2.61393 2.35962 2.28543 2.29597 2.30659 2.31709 2.34681 2.49870 2.50264 2.50237 2.50078 2.49902 2.49717 2.41254 2.39074 2.30028 2.10653 2.09273 2.11714 1.96715 1.95246 1.95398 1.95549 1.93919 1.90462 1.87281 1.84352 1.82050 1.81891 1.82017 1.82065 1.71216 1.52695
2.80017 3.33851 3.48004 3.84514 4.17303 4.17303 4.17303 4.17303 4.17303 4.17303 4.17303 4.17303 4.17303 4.17303 4.15614 4.04605 3.91627 3.59515 3.42977 3.42563 3.42563 3.42563 3.42563 3.42563 3.42563 3.42563 3.66199 2.80298 2.69011 2.69406 2.69654 2.61792 2.61309 2.60882 2.46789 2.33149 2.32779 2.32409 2.31965 2.31387 2.45852 2.46871 2.46414 2.45426 2.39531 2.32649 2.23834 2.17774 2.15385 2.00047 2.05972 2.09492 2.01310 1.89791 1.86366 1.82879 1.80870 1.80368 1.79853 1.79350 1.78840 1.78332 1.77827 1.77314 1.72157 1.52457
2.80017 3.18701 3.48004 3.66256 4.17303 4.17303 4.17303 4.17303 4.17303 4.17303 4.16986 4.08288 3.95857 3.83426 3.72685 3.71262 3.71243 3.46947 3.42563 3.42563 3.42563 3.42563 3.42563 3.42563 3.42563 3.42563 3.50380 2.92650 2.58569 2.57483 2.60145 2.54904 2.52476 2.51973 2.46198 2.25860 2.24274 2.22710 2.21240 2.19688 2.22283 2.17525 2.09339 2.01806 1.99201 1.97595 1.94739 1.91345 1.86349 1.80507 1.78946 1.77408 1.80656 1.67755 1.67421 1.67420 1.67420 1.67420 1.67420 1.67420 1.67420 1.67420 1.67420 1.67420 1.67075 1.52865
2.91662 3.13488 3.48004 3.51825 4.16506 4.17215 4.14519 4.05232 3.88914 3.72580 3.56519 3.48857 3.44938 3.41011 3.37100 3.33189 3.29261 3.03223 2.90468 2.88321 2.86178 2.78476 2.68551 2.59784 2.51999 2.44996 2.38717 2.32223 2.11534 2.08623 2.27142 2.28422 2.27599 2.26070 2.24856 2.09715 2.04676 1.98090 1.91515 1.85137 1.86250 1.89465 1.89465 1.89465 1.89465 1.89465 1.88812 1.86381 1.76111 1.74834 1.72212 1.75174 1.82011 1.68269 1.67420 1.67420 1.67420 1.67420 1.67420 1.67420 1.67420 1.67420 1.67180 1.63348 1.57973 1.36311
2.72537 2.77350 3.02948 2.98672 3.16874 3.11544 2.97890 2.90818 2.90785 2.90785 2.90785 2.89603 2.56926 2.51132 2.45666 2.40515 2.35683 2.24975 2.14768 2.10987 2.07418 2.06142 2.06142 2.06142 2.06142 2.06142 2.06142 2.09762 1.96818 1.96818 2.14761 2.23277 2.21874 2.14091 2.06191 1.90205 1.83290 1.83290 1.83290 1.83290 1.84971 1.89465 1.89465 1.89465 1.89465 1.89465 1.89359 1.86836 1.78840 1.75651 1.71346 1.75174 1.79401 1.73523 1.67420 1.67420 1.67457 1.68009 1.67425 1.63058 1.57938 1.52144 1.46256 1.45482 1.46545 1.31632
2.52629 2.51881 2.70598 2.64220 2.75034 2.90785 2.90785 2.90785 2.90785 2.90785 2.90785 2.90785 2.23368 2.17418 2.17418 2.17418 2.17418 2.14206 2.06142 2.06142 2.06142 2.06142 2.06142 2.06142 2.06142 2.06142 2.06142 2.09106 1.96014 1.85389 1.87566 1.91970 1.92815 1.94765 1.94765 1.90160 1.83290 1.83290 1.83290 1.83290 1.83715 1.89444 1.89465 1.89465 1.89465 1.89465 1.89465 1.87330 1.82154 1.75663 1.73409 1.79927 1.82125 1.86672 1.70656 1.65630 1.59825 1.52644 1.47077 1.47365 1.47965 1.48545 1.48712 1.48712 1.48712 1.38336
2.26015 2.32673 2.41303 2.35263 2.36360 2.90785 2.90785 2.90785 2.90785 2.90785 2.90785 2.90785 2.36473 2.17418 2.17418 2.17418 2.17418 2.16558 2.06169 2.06142 2.06142 2.06142 2.06142 2.06142 2.05066 1.92542 1.76936 1.61349 1.60372 1.59272 1.65453 1.85606 1.90064 1.94765 1.94765 1.93533 1.83333 1.83290 1.83290 1.83290 1.83290 1.88591 1.89465 1.89465 1.89834 1.90862 1.91904 1.91406 1.90153 1.80446 1.79996 1.80285 1.78256 1.74750 1.47236 1.47314 1.47914 1.48505 1.48712 1.48712 1.48712 1.48712 1.48712 1.49205 1.51491 1.48971
1.66389 1.98418 2.04790 2.09364 2.10457 2.84491 2.90785 2.90785 2.90785 2.90785 2.90785 2.90785 2.52031 2.17418 2.17418 2.17418 2.17418 2.17418 2.07688 2.06142 2.06096 1.97156 1.81550 1.65938 1.51407 1.48320 1.48320 1.48320 1.55666 1.59272 1.60165 1.85013 1.87022 1.94757 1.94765 1.94765 1.85117 1.83290 1.83668 1.84702 1.85749 1.90818 1.94007 1.95053 1.95731 1.95374 1.93957 1.91323 1.87557 1.75515 1.69127 1.61010 1.51048 1.41451 1.45552 1.48840 1.48880 1.48921 1.48968 1.50354 1.52964 1.55918 1.59289 1.62297 1.62585 1.62010
1.50907 1.94840 2.02607 2.09364 2.09364 2.58079 2.90785 2.90785 2.90785 2.90785 2.90785 2.90785 2.70831 2.17418 2.17418 2.17418 2.17418 2.12671 1.90083 1.70552 1.54986 1.48320 1.48320 1.48320 1.48320 1.48320 1.48320 1.48320 1.51002 1.59272 1.59272 1.80023 1.87414 1.99592 2.05097 2.09236 1.99204 1.88834 1.89085 1.88637 1.88179 1.89639 1.91069 1.88823 1.86373 1.84279 1.81805 1.74084 1.68848 1.56662 1.45162 1.41877 1.37965 1.37967 1.42743 1.51779 1.54504 1.57599 1.61135 1.62798 1.62798 1.62798 1.62772 1.62494 1.62173 1.61837
1.50370 1.81674 2.00655 2.09364 2.09364 2.35463 2.90785 2.90785 2.90785 2.90785 2.90785 2.90785 2.89039 2.17762 2.02049 1.86437 1.70831 1.59971 1.54623 1.48320 1.48320 1.48320 1.48320 1.48320 1.48320 1.48320 1.50162 1.59442 1.68017 1.74981 1.81746 1.98934 2.11049 2.12588 2.13645 2.13195 2.04689 1.81574 1.79475 1.77248 1.74801 1.75000 1.78199 1.70882 1.62294 1.53439 1.46353 1.45261 1.49951 1.48318 1.41338 1.41606 1.37552 1.38994 1.41995 1.55645 1.55464 1.55132 1.54809 1.54476 1.54153 1.53821 1.53523 1.53468 1.53468 1.53468
1.53174 1.68393 2.01564 2.09352 2.09364 2.17216 2.90785 2.90785 2.90785 2.90369 2.74653 2.51235 2.27776 1.68811 1.56809 1.55416 1.53969 1.52477 1.49793 1.48895 1.48966 1.53607 1.67916 1.76370 1.84039 1.91104 1.98234 2.01338 2.04004 1.93296 1.97370 2.04386 2.13108 2.14231 2.16215 2.16087 2.14449 1.75282 1.73502 1.66180 1.56484 1.46847 1.39311 1.38095 1.38095 1.38095 1.38095 1.38095 1.42588 1.44601 1.44597 1.44603 1.40307 1.38274 1.38274 1.49891 1.53468 1.53468 1.53468 1.53468 1.53468 1.53468 1.53468 1.53468 1.53468 1.54742
1.49349 1.48629 1.98926 2.02313 2.01662 2.00891 2.79929 2.69980 2.31836 1.91174 1.74951 1.71991 1.69354 1.37349 1.23871 1.26139 1.28614 1.31308 1.36065 1.66672 1.70022 1.85470 2.26863 2.30604 2.34507 2.38484 2.39597 2.39597 2.39061 2.18018 2.16932 2.16579 2.16302 2.16275 2.17606 2.11993 2.02329 1.60295 1.39466 1.37104 1.37104 1.37104 1.37911 1.38095 1.38095 1.38095 1.38095 1.38095 1.41150 1.44603 1.44603 1.44603 1.42073 1.38274 1.38274 1.45075 1.53468 1.53468 1.53468 1.53591 1.54841 1.60461 1.71354 1.80301 1.88037 1.96275
1.23586 1.23586 1.71143 1.73448 1.45416 1.22007 1.33349 1.69096 1.69096 1.69096 1.69096 1.69096 1.69096 1.69096 1.69096 1.69096 1.69096 1.69096 1.69096 1.87525 1.89686 1.89985 2.36378 2.39597 2.38807 2.36743 2.34927 2.33344 2.32252 2.19745 2.15155 2.13057 2.05355 1.97623 1.87184 1.81061 1.81061 1.60529 1.37104 1.37104 1.37104 1.37104 1.37707 1.38095 1.38095 1.38095 1.38095 1.38095 1.39715 1.44603 1.44603 1.44603 1.43590 1.38727 1.40828 1.44687 1.58192 1.66661 1.75899 1.83594 1.90492 1.96801 2.00087 2.03697 2.07279 2.07866
1.23586 1.23586 1.29066 1.27761 1.12550 1.19722 1.38989 1.69096 1.69096 1.69096 1.69096 1.69096 1.69096 1.69096 1.69096 1.69096 1.69096 1.69096 1.69096 1.84540 1.90779 1.92741 2.22910 2.33126 2.32203 2.32183 2.32183 2.33059 2.37425 2.36436 1.97001 1.86866 1.86837 1.86837 1.85372 1.81061 1.81061 1.72353 1.37104 1.37104 1.37104 1.37104 1.37504 1.38095 1.38095 1.38095 1.38095 1.37084 1.32743 1.33926 1.29108 1.24189 1.19375 1.46941 1.49609 1.68993 1.91093 1.96615 1.99813 2.03390 2.07087 2.07866 2.07866 2.07866 2.07866 2.07866
1.43849 1.56471 1.72799 1.79403 1.69096 1.69096 1.69096 1.69096 1.69096 1.69096 1.69096 1.69096 1.69096 1.69096 1.69096 1.69169 1.74417 1.80575 1.84912 1.91951 1.96437 1.96438 2.11878 2.32433 2.35985 2.41139 2.47154 2.52718 2.53212 2.53119 2.04562 1.86837 1.86837 1.86837 1.86675 1.81355 1.81061 1.80731 1.40550 1.37104 1.37104 1.36060 1.31618 1.27467 1.22527 1.17601 1.12691 1.08761 1.08441 1.13695 1.14949 1.14949 1.14960 1.39977 1.56261 1.78580 2.06335 2.07867 2.07919 2.08007 2.08094 2.08182 2.08269 2.08356 2.08443 2.08531
2.00649 2.00649 2.00649 1.88043 1.69200 1.69096 1.69096 1.69096 1.69096 1.69096 1.69096 1.69096 1.69096 1.73757 1.85449 1.88523 1.89518 1.89518 1.89518 1.91237 1.97856 2.00863 2.09810 2.51490 2.53212 2.53212 2.53212 2.53212 2.53212 2.53212 2.19953 1.87858 1.86837 1.86837 1.86837 1.81680 1.71091 1.61879 1.31765 1.16544 1.11611 1.07752 1.07537 1.09245 1.10226 1.11173 1.12125 1.13072 1.14022 1.16217 1.17941 1.19902 1.22175 1.41685 1.69545 1.74369 2.08932 2.09226 2.09261 2.09261 2.09261 2.09261 2.09261 2.09261 2.09261 2.09261
2.00649 2.00649 2.00649 1.93463 1.72849 1.69096 1.69096 1.69096 1.69096 1.69096 1.69096 1.69096 1.69096 1.71034 1.89220 1.89518 1.90333 1.93676 1.98445 2.05553 2.10105 2.10108 2.10108 2.47575 2.53212 2.53212 2.53212 2.53212 2.53212 2.52064 2.21205 1.81208 1.68548 1.61946 1.55351 1.45010 1.35179 1.36128 1.29367 1.18220 1.19166 1.20118 1.21024 1.22214 1.22670 1.23441 1.25735 1.28443 1.31617 1.30930 1.26335 1.26654 1.26983 1.33393 1.73845 1.74166 2.06125 2.12918 2.13162 2.13405 2.13648 2.13891 2.14134 2.14378 2.14620 2.14865
2.00649 2.00649 1.99627 1.97046 1.75974 1.69096 1.69096 1.69096 1.69096 1.69096 1.69096 1.69096 1.69096 1.69096 1.93690 2.03097 2.09609 2.09941 2.09941 2.09941 2.11067 2.11951 2.12600 2.39577 2.46135 2.34295 2.22469 2.10638 1.98801 1.88118 1.82783 1.67992 1.58364 1.58623 1.58883 1.57614 1.46777 1.47091 1.45063 1.27941 1.28254 1.28925 1.31450 1.34440 1.37824 1.40576 1.40709 1.40709 1.40709 1.39584 1.32939 1.32939 1.32939 1.32939 1.72877 1.79153 1.99650 2.16171 2.16171 2.16171 2.16171 2.16171 2.16171 2.16171 2.16171 2.16171
1.38158 1.36321 1.35507 1.35507 1.53875 1.69096 1.69096 1.69096 1.69096 1.69096 1.69096 1.69096 1.69096 0.00000 2.09941 2.09941 2.09941 2.09941 2.01107 1.85378 1.92324 1.93792 1.87166 1.84788 1.91810 1.91810 1.91810 1.91810 1.91810 1.91810 1.91121 1.76236 1.58079 1.54750 1.51587 1.48918 1.48739 1.48968 1.51995 1.37200 1.36958 1.40106 1.40511 1.40579 1.40709 1.40709 1.40709 1.40709 1.40709 1.40689 1.33553 1.32939 1.32939 1.32939 1.60505 1.79153 1.87552 2.16171 2.16171 2.16171 2.16171 2.16171 2.16124 2.13760 2.10473 2.07531
1.35507 1.35507 1.35507 1.35507 1.45655 1.64175 1.44981 1.12389 0.475265 0.0583658 0.0583658 0.0583658 0.100651 0.242811 0.475373 1.43878 1.59208 1.52716 1.49620 1.49611 1.62872 1.80171 1.80171 1.80549 1.91393 1.91810 1.91810 1.91038 1.89315 1.87247 1.84718 1.69301 1.53371 1.48787 1.51226 1.55430 1.60305 1.65629 1.66920 1.51692 1.40511 1.40511 1.40511 1.40545 1.40709 1.40709 1.40709 1.40709 1.40709 1.40709 1.35249 1.32939 1.32939 1.32939 1.48138 1.79153 1.78874 2.09365 2.09362 2.05796 2.02744 1.99798 1.96908 1.96329 1.96678 1.96678
0.862175 0.822977 0.787466 0.755107 0.704243 0.0638887 0.0652800 0.256797 0.394031 0.332216 0.391642 0.439800 0.472689 0.475587 0.475587 1.11560 1.49611 1.49611 1.49611 1.49611 1.55077 1.80171 1.80135 1.78480 1.85313 1.86874 1.84257 1.82744 1.82744 1.82744 1.82744 1.72216 1.63835 1.64760 1.66920 1.66920 1.66920 1.66920 1.66920 1.58844 1.40511 1.40511 1.40511 1.40513 1.40700 1.40709 1.40709 1.40709 1.40709 1.40709 1.37919 1.41576 1.50527 1.59532 1.69383 1.54306 1.48041 1.75735 1.95936 1.96561 1.96678 1.96678 1.96678 1.96678 1.96678 1.96678
0.706718 0.730380 0.813699 0.888243 0.951988 0.846083 0.900458 0.926098 0.876224 0.476197 0.475587 0.475587 0.475587 0.475587 0.475587 0.871849 1.49611 1.49611 1.49210 1.42908 1.32656 1.68762 1.67059 1.65286 1.73187 1.82744 1.82744 1.82744 1.82744 1.82744 1.82744 1.75734 1.66920 1.66920 1.66920 1.65929 1.63681 1.62125 1.66920 1.65504 1.41003 1.40511 1.40511 1.40511 1.41743 1.49590 1.58568 1.67551 1.76513 1.85513 1.91478 1.84625 1.80649 1.77197 1.74163 1.49577 1.43719 1.58449 1.96678 1.96678 1.96678 1.96678 1.96678 1.96588 1.95818 1.91873
1.03215 1.06713 1.06909 1.06909 1.06909 0.985505 0.926098 0.926098 0.926098 0.550310 0.475587 0.475587 0.475587 0.475587 0.503135 0.786678 1.29080 1.15727 0.954193 0.892809 0.892809 1.52094 1.65286 1.65286 1.68437 1.82661 1.79761 1.75815 1.72245 1.68989 1.66019 1.62031 1.53928 1.52403 1.50967 1.50166 1.50161 1.50253 1.65169 1.64391 1.58474 1.67597 1.76592 1.85554 1.93568 1.94827 1.94543 1.90700 1.85703 1.81117 1.76776 1.70046 1.69504 1.68990 1.68477 1.52921 1.39016 1.39968 1.88382 1.90434 1.88651 1.84398 1.80491 1.77028 1.74366 1.73824
1.06909 1.06909 1.06909 1.06909 1.06909 1.01440 0.926098 0.926098 0.926098 0.674262 0.506892 0.715199 0.910903 1.07117 1.19196 1.21033 0.944417 0.985741 1.10319 1.20028 1.28156 1.60957 1.59259 1.47425 1.45673 1.54654 1.55124 1.55124 1.55124 1.55124 1.55124 1.55122 1.50450 1.48415 1.45705 1.42941 1.40174 1.37411 1.42304 1.45072 1.65301 1.85991 1.84104 1.79370 1.75046 1.71312 1.68052 1.66755 1.66546 1.66546 1.66544 1.64123 1.63269 1.62873 1.62490 1.54579 1.32588 1.31338 1.61475 1.72986 1.70874 1.70500 1.70193 1.69879 1.69569 1.69256
1.06909 1.06909 1.06909 1.06909 1.06909 1.03917 0.954241 1.12238 1.29573 1.36151 1.28169 1.32671 1.35543 1.38245 1.40780 1.43160 1.48971 1.55309 1.55309 1.55309 1.55644 1.66454 1.66411 1.46204 1.46927 1.54129 1.57692 1.55676 1.52905 1.50200 1.47531 1.44925 1.27223 1.17456 1.15972 1.14517 1.13031 1.11499 1.11963 1.13648 1.22823 1.53425 1.50811 1.49519 1.49723 1.57439 1.57051 1.56659 1.56273 1.55880 1.55497 1.53787 1.52731 1.52731 1.48874 1.44965 1.23308 1.22510 1.38673 1.64877 1.64877 1.64877 1.64877 1.64877 1.64877 1.64877
1.01119 1.00874 1.02686 1.13760 1.24449 1.34098 1.49962 1.66502 1.68659 1.67782 1.46810 1.46135 1.46135 1.46135 1.49297 1.50575 1.55680 1.61776 1.62199 1.62604 1.62837 1.64249 1.60876 1.30827 1.31307 1.28620 1.19595 1.18656 1.18656 1.18656 1.18656 1.18656 1.05334 0.891961 0.891961 0.891961 0.891961 0.891961 0.957748 0.983871 0.990501 1.38899 1.41434 1.41434 1.41492 1.54614 1.55363 1.55363 1.55363 1.55363 1.55363 1.54368 1.52731 1.52731 1.49617 1.45260 1.28653 1.22510 1.26328 1.64560 1.64877 1.64877 1.64877 1.64877 1.64877 1.64877
1.23166 1.32718 1.39897 1.40708 1.40708 1.40708 1.49602 1.63831 1.68660 1.68774 1.54373 1.47140 1.45940 1.57971 1.63744 1.68114 1.74702 1.69163 1.68902 1.70923 1.72944 1.74239 1.73576 1.35669 1.33777 1.32331 1.18709 1.18656 1.18656 1.18656 1.18656 1.18656 1.11924 0.891961 0.891961 0.891961 0.891961 0.891961 0.931376 0.984044 0.983871 1.27983 1.41434 1.41434 1.41434 1.52285 1.55363 1.55363 1.55363 1.55363 1.55363 1.54948 1.52731 1.52731 1.52024 1.45330 1.34712 1.22510 1.22515 1.55450 1.66226 1.69212 1.70941 1.67237 1.62639 1.57807
1.49168 1.52388 1.55756 1.59278 1.62979 1.66858 1.87046 1.97742 1.95529 1.89636 1.70727 1.58895 1.60735 1.96247 1.99716 1.97527 1.97717 1.84294 1.74261 1.74261 1.74261 1.74261 1.74261 1.44713 1.33777 1.33777 1.21375 1.18656 1.18656 1.18656 1.18656 1.18656 1.17760 0.899503 0.891961 0.891961 0.891961 0.891961 0.900026 0.983382 0.983871 1.16402 1.41434 1.41434 1.41434 1.49642 1.55363 1.55363 1.55363 1.55363 1.55363 1.55351 1.52913 1.52469 1.47137 1.35844 1.29486 1.36573 1.41570 1.58375 1.62636 1.54961 1.47993 1.47182 1.47182 1.47182
1.85665 1.85665 1.85333 1.77628 1.67454 1.55957 1.50954 1.54747 1.65074 1.61740 1.61290 1.64959 1.64959 1.86791 2.03233 1.97717 1.97717 1.91298 1.74261 1.74261 1.74261 1.74261 1.74261 1.54444 1.33777 1.33777 1.25486 1.18656 1.18656 1.18656 1.18656 1.18656 1.18656 0.956507 0.891961 0.891961 0.891961 0.891961 0.891961 0.962800 0.983871 1.04814 1.41434 1.41434 1.41434 1.46670 1.55363 1.55058 1.49630 1.42399 1.35181 1.27920 1.18822 1.11250 1.13771 1.20282 1.26163 1.57568 1.63453 1.66334 1.61091 1.47456 1.47182 1.47182 1.47182 1.47182
1.61603 1.50257 1.40499 1.35494 1.32756 1.32507 1.34310 1.40337 1.59334 1.60459 1.60478 1.64534 1.64959 1.75148 2.04319 1.98215 1.97717 1.96595 1.74981 1.74261 1.74261 1.74261 1.74261 1.64173 1.33777 1.33777 1.29596 1.18656 1.18656 1.18674 1.19166 1.19905 1.20703 1.02603 0.870034 0.864192 0.857802 0.850775 0.843010 0.917154 0.983871 0.988259 1.30399 1.23946 1.14328 1.07751 1.20541 1.13632 1.11802 1.12573 1.18187 1.24643 1.29814 1.35407 1.39426 1.47305 1.47737 1.72248 1.85931 1.87186 1.80436 1.62297 1.56569 1.59492 1.65203 1.71110
