High_resolution/powerplant/Shangrao/OMI_NO2_2011_06-08.asc
ncols      200
nrows      200
xllcorner       115.451
yllcorner       27.0350
cellsize     0.0166667
NODATA_Value      -999.000
[rows 29 to 57 of 187, columns 66 to 131 of 200]
1.66800 1.69793 1.64920 1.69797 1.70054 1.74996 1.78846 1.79814 1.83796 0.889646 0.889646 0.889646 0.859597 1.04601 1.04601 1.04601 1.04601 1.05763 1.02862 1.36726 1.25044 1.55039 1.45281 1.44677 1.28655 1.22555 1.24066 1.33790 1.43612 1.72335 1.67548 1.67548 1.67548 1.67548 1.50795 1.72666 1.76843 1.77423 1.78003 1.78396 1.81239 1.23683 1.07742 1.06059 0.942746 0.942746 0.942746 0.909076 0.909076 0.865787 0.865787 0.808068 0.969681 0.969681 0.969681 0.969681 0.969681 0.969681 0.791809 0.647842 0.647842 0.936690 1.19291 1.39172 1.39172 1.39172
1.56468 1.70020 1.73570 0.889646 0.988495 0.889646 0.889646 0.988495 0.889646 0.889646 0.889646 0.889646 0.895111 1.12093 1.12342 1.09376 0.990385 1.05835 1.05752 1.38468 1.32296 1.46075 1.37502 1.37462 1.32472 1.20634 1.20634 1.27946 1.34038 1.50793 1.43643 1.44020 1.44493 1.44966 1.42530 1.52921 1.58584 1.58584 1.58584 1.58584 1.81239 1.45532 1.07743 1.06059 0.942746 0.942746 0.942746 0.909076 0.909076 0.909076 0.909076 0.865787 1.01008 1.01008 1.01008 1.01008 0.987004 0.942345 0.869668 0.870274 0.899529 1.04939 1.19291 1.39172 1.45323 1.58716
1.18619 1.01674 1.11206 1.01674 1.01674 0.889646 0.889646 1.01674 0.889646 0.889646 0.890475 0.898380 0.906274 1.01662 1.06336 1.06817 0.975166 1.07646 1.07747 1.43796 1.35170 1.37159 1.37462 1.37462 1.36781 1.21168 1.20715 1.28425 1.34982 1.52353 1.45541 1.45639 1.45639 1.45639 1.58584 1.74766 1.78407 1.78407 1.78407 1.78407 2.03894 1.90684 1.21825 1.21210 1.03894 1.03894 1.03894 1.01008 1.01008 1.01008 1.00930 0.940094 0.897243 0.854348 0.811475 0.768646 0.747886 0.747886 0.767473 0.881491 0.893996 1.03940 1.43862 1.78865 1.82178 1.82239
1.01674 0.889646 0.988495 0.889646 0.889646 0.762553 0.762592 0.895678 0.810928 0.847642 0.860792 0.870251 0.878395 0.920738 0.979521 0.897894 0.828825 1.00564 0.994590 1.32612 1.20752 1.24196 1.25116 1.25477 1.25839 1.15174 1.11191 1.18938 1.22336 1.35929 1.27434 1.27434 1.35929 1.52921 1.63115 1.78407 1.81239 1.81239 1.81239 1.81239 2.03894 2.03863 1.33657 1.21210 1.06059 1.05748 1.02013 0.953371 0.907412 0.861500 0.793696 0.747886 0.747886 0.747886 0.747886 0.752346 0.767911 0.784008 0.800112 0.930152 0.951619 1.00838 1.51723 1.82239 1.82239 1.82239
0.849113 0.790796 0.889646 0.793757 0.801557 0.681669 0.686006 0.821255 0.775637 0.808028 0.808028 0.808028 0.808028 0.822023 0.897894 0.828825 0.769623 1.00549 0.969122 1.16942 0.952851 0.939790 1.15969 1.15970 1.15970 1.19890 1.11215 1.18938 1.22336 1.35929 1.27434 1.27434 1.35929 1.52921 1.63115 1.78407 1.81239 1.83505 1.83505 1.83505 2.04253 2.07520 1.53641 1.04939 0.885152 0.827510 0.818001 0.801307 0.801307 0.801307 0.779255 0.758467 0.774557 0.790640 0.806745 0.818369 0.818894 0.818894 0.818894 0.896262 0.951619 0.951619 1.41901 1.82239 1.82239 1.82239
0.827258 0.906927 0.996091 0.916657 0.916760 0.814898 0.814898 0.916760 0.874722 0.881485 0.881485 0.881485 0.881317 0.871858 0.933872 0.829098 0.728769 0.900060 0.799976 0.977749 0.753156 0.719394 0.967905 0.994032 0.994032 1.13937 1.01947 1.13274 1.16511 1.16511 1.16511 1.16511 1.27434 1.45639 1.58584 1.75061 1.81543 1.88640 1.88744 1.76972 1.85090 1.71299 1.74776 0.932325 0.830985 0.818001 0.820867 0.819756 0.837004 0.854243 0.847061 0.818894 0.818894 0.818894 0.818894 0.818894 0.818894 0.818894 0.818894 0.858792 0.951619 0.951619 1.26155 1.82239 1.82239 1.82239
1.10840 0.814898 0.916760 0.814898 0.814898 0.814898 0.814898 0.909756 0.841180 0.846377 0.805884 0.759430 0.713158 0.676661 0.744573 0.812284 0.754263 1.00568 0.959972 1.17330 1.00568 0.975168 1.17981 1.32538 1.32538 1.44963 1.29939 1.35929 1.45639 1.45639 1.45873 1.48170 1.65033 1.85744 1.79148 1.64514 1.54169 1.44212 1.38374 1.36458 1.53515 1.53515 1.84396 1.01843 0.875381 0.879301 0.894042 0.877387 0.877387 0.877387 0.853015 0.818894 0.818894 0.818894 0.818894 0.818894 0.988730 0.988730 0.988730 0.824880 0.888820 0.892142 1.06004 1.82239 1.82239 1.82239
1.02866 0.801152 0.896262 0.778363 0.760110 0.827343 0.764040 0.766837 0.689978 0.740505 0.733958 0.733958 0.733958 0.733958 0.719563 0.821309 0.703979 0.938639 0.879974 1.05597 0.976365 0.938610 1.03685 1.28856 1.28856 1.38513 1.18575 1.27279 1.32638 1.24383 1.15667 1.07062 1.24628 1.34530 1.36458 1.34326 1.36458 1.36663 1.41957 1.47094 1.76516 1.84936 2.03593 1.52233 1.02362 1.02362 1.02362 1.02362 1.02362 1.02362 1.02362 1.02362 1.02362 1.02362 1.02362 1.02362 1.02362 1.02362 1.02362 1.02362 1.14572 1.18952 1.19395 1.76452 1.81988 1.81070
0.922323 0.696805 0.825235 0.695173 0.647675 0.674829 0.669474 0.723032 0.726150 0.872652 0.880750 0.880750 0.880750 0.880750 0.813690 1.00526 0.879974 1.10683 1.04156 1.08616 0.977323 0.922937 0.967860 1.29676 1.28135 1.32065 0.996571 1.06824 0.960928 0.959468 0.959468 0.959468 1.19400 1.32560 1.41826 1.46145 1.53356 1.60364 1.62467 1.57954 1.89545 1.89545 1.89999 2.09283 1.02362 1.02362 1.04825 1.12647 1.02362 1.02362 1.02362 1.02362 1.02362 1.02362 1.02362 1.02362 1.02362 1.02362 1.02362 1.04093 1.12189 1.16524 1.15572 0.00000 0.00000 0.00000
1.06537 1.04221 0.688602 0.602527 0.602527 0.688602 0.688602 0.753158 0.753158 0.871146 0.917448 0.917448 0.917448 0.908965 0.774655 0.888719 0.718029 0.866608 0.817905 0.822259 0.834238 0.879047 0.992979 1.27072 1.36122 1.42928 1.00594 1.01612 0.959468 0.976447 1.02801 1.08060 1.41018 1.61636 1.65852 1.62467 1.62467 1.62467 1.62467 1.57954 1.89545 1.89545 1.89585 2.28705 1.23109 1.27591 1.32082 1.32332 1.07294 1.02362 1.02362 1.02362 1.02362 1.02410 1.04669 1.08118 1.11568 1.15019 1.18470 1.20189 1.19108 1.13884 1.14805 0.00000 0.00000 0.00000
1.10795 1.06802 0.689673 0.602527 0.602527 0.688602 0.688602 0.753158 0.753158 0.821488 0.883266 0.823177 0.741427 0.598009 0.539094 0.630726 0.603032 0.853340 0.868906 0.873104 0.873104 0.873104 0.903178 1.06604 1.22522 1.32033 1.07618 0.990829 1.02052 1.05215 1.05303 1.18465 1.47424 1.62467 1.65852 1.62467 1.62467 1.62467 1.62479 1.58176 1.90095 1.90325 1.90495 2.06742 1.57139 1.32398 1.32398 1.32398 1.18432 1.05244 1.08694 1.12142 1.15595 1.18996 1.20189 1.20189 1.20189 1.20189 1.23693 1.32992 1.42363 1.46156 0.00000 0.00000 0.00000 0.00000
1.25246 1.22706 0.708221 0.602527 0.602527 0.688512 0.670869 0.720715 0.711326 0.742369 0.685476 0.712861 0.757244 0.706421 0.641252 0.772399 0.727587 0.970116 0.873104 0.873104 0.873434 0.879665 0.894387 1.08460 1.43446 1.52135 1.36598 1.07197 1.13727 1.13727 1.20619 1.32681 1.55082 1.68484 1.70591 1.68665 1.68929 1.69141 1.69309 1.66705 1.90520 1.90520 1.90520 1.93735 1.91557 1.37002 1.39303 1.41603 1.39255 1.20189 1.20189 1.20189 1.20189 1.20570 1.27563 1.36940 1.46322 1.55703 1.61580 1.61663 1.61663 1.57838 0.00000 0.00000 0.00000 0.00000
1.31919 1.24452 1.21903 0.694832 0.690671 0.759808 0.776526 0.789254 0.799666 0.880440 0.832273 0.801564 0.801564 0.712502 0.641252 0.751376 0.659318 0.815744 0.635306 0.641321 0.647103 0.648667 0.648667 0.816613 1.07515 1.26779 1.13953 0.842040 0.947700 0.947724 1.05303 1.18553 1.47772 1.63063 1.66638 1.66705 1.66705 1.66705 1.66705 1.63303 1.90520 1.92527 1.98603 2.04796 2.24287 1.44316 1.44283 1.44283 1.44046 1.25109 1.31507 1.40893 1.50274 1.59270 1.61663 1.61663 1.61663 1.61663 1.61663 1.61663 1.61663 1.59620 0.00000 0.00000 0.00000 0.00000
1.35205 1.24044 1.22231 0.728535 0.733745 0.802552 0.802552 0.802552 0.802552 0.839668 0.875600 0.812075 0.822252 0.804115 0.744928 0.856130 0.739908 0.908134 0.756778 0.756778 0.756778 0.756778 0.756778 0.875494 1.09365 1.36921 1.26779 1.02875 0.920450 0.950981 1.11071 1.21239 1.42890 1.52416 1.55880 1.55880 1.57522 1.58882 1.63837 1.64103 1.90035 1.93698 1.96877 1.93801 2.04113 1.36016 1.54466 1.60718 1.66972 1.66222 1.61663 1.61663 1.61663 1.61663 1.61663 1.61663 1.61663 1.61663 1.61663 1.61663 1.61663 1.61288 0.00000 0.00000 0.00000 0.00000
1.33474 1.21908 0.683898 0.742119 0.734296 0.810253 0.819170 0.828103 0.839023 0.858175 0.973824 0.875142 0.880913 0.769293 0.705185 0.867921 0.792432 1.00904 0.945973 0.945973 0.945973 0.945973 0.945973 1.02450 1.12367 1.48607 1.37998 1.26281 0.991048 1.05845 1.33364 1.49743 1.76536 1.79196 1.87546 1.93051 1.96773 1.93801 1.93801 1.89846 1.88856 1.78805 1.70051 1.54370 1.42504 1.40803 1.71932 1.71932 1.71932 1.69604 1.61663 1.61663 1.61663 1.61663 1.61663 1.61663 1.61663 1.61663 1.61663 1.61663 1.61663 1.61663 0.00000 0.00000 0.00000 0.00000
1.07801 0.938803 0.945627 0.992534 0.976456 1.03585 1.04427 1.05269 1.05871 1.05896 1.17366 1.07398 1.05778 0.940247 0.822716 0.976411 0.908117 1.05949 1.00904 1.00983 1.04128 1.08843 1.13560 1.23666 1.17243 1.50194 1.46635 1.41696 1.11799 1.26594 1.57951 1.72176 1.96877 1.93801 1.96877 1.96877 1.93856 1.78952 1.66467 1.50855 1.42536 1.40311 1.42538 1.40311 1.40307 1.41254 1.71932 1.71932 1.71932 1.71032 1.62036 1.61663 1.61663 1.61663 1.61663 1.61663 1.61663 1.61663 1.61663 1.61663 1.61663 1.61663 0.00000 0.00000 0.00000 0.00000
1.10645 1.08832 1.12951 1.20255 1.12953 1.17663 1.17663 1.17663 1.17663 1.17663 1.25066 1.24735 1.17531 0.987260 0.846223 1.02572 0.955682 1.06636 1.12206 1.17173 1.19252 1.19128 1.16422 1.19087 1.09104 1.21197 1.23579 1.23476 1.08485 1.22175 1.55041 1.66115 1.87842 1.71784 1.59565 1.47339 1.38034 1.33629 1.33629 1.28284 1.33629 1.33629 1.37447 1.33629 1.33629 1.33231 1.69974 1.68108 1.66349 1.65245 1.63162 1.61663 1.61663 1.61663 1.61663 1.61663 1.61622 1.59436 1.56023 1.52608 1.49199 0.00000 0.00000 0.00000 0.00000 0.00000
1.17282 1.11734 1.15688 1.23354 1.14061 1.17663 1.17663 1.17663 1.17663 1.17663 1.19682 1.11587 1.01482 0.937325 0.836015 1.06358 0.978646 1.01518 1.02480 0.994987 0.963589 0.937889 0.935406 0.992097 0.932807 0.985403 1.09756 0.985925 0.852636 0.942471 1.15854 1.11867 1.24721 1.20266 1.20266 1.20266 1.20266 1.14539 1.14539 1.06903 1.14539 1.14390 1.18963 1.12042 1.16424 1.27208 1.61690 1.65229 1.65229 1.65229 1.64261 1.61492 1.58879 1.55462 1.52051 1.48642 1.45266 1.44043 1.44043 1.44043 1.44043 0.00000 0.00000 0.00000 0.00000 0.00000
1.17284 1.10264 1.15579 1.23401 1.17224 1.17663 1.17663 1.17663 1.17899 1.20740 1.23020 1.19481 1.42346 1.35362 1.30850 1.43769 1.40098 0.988933 1.03934 1.03934 1.03934 1.09131 1.09131 1.12962 1.05607 1.00769 1.09010 0.927575 0.880941 0.968298 1.20266 1.28284 1.31200 1.28284 1.28284 1.28284 1.28284 1.24659 1.23626 1.17892 1.20891 1.15411 1.19507 1.15239 1.20171 1.31498 1.56814 1.63001 1.60724 1.58450 1.55825 1.45125 1.44043 1.44043 1.44043 1.44043 1.44288 1.46430 1.48976 1.51521 1.54065 1.55283 1.55283 1.77980 2.04161 2.04161
1.22171 1.17284 1.21934 1.28542 1.25155 1.17676 1.19902 1.22970 1.26575 1.27576 1.29136 1.37473 1.32160 1.27441 1.23611 1.39063 1.37193 0.728268 0.779379 0.774406 0.750322 0.827920 0.798318 0.844412 0.767928 0.759239 0.825727 0.758560 0.758517 0.830581 1.12243 1.20266 1.24721 1.24712 1.23882 1.22515 1.21147 1.15561 1.15239 1.15239 1.19507 1.15236 1.45069 1.43826 1.44651 1.31585 1.54260 1.53655 1.53482 1.53482 1.53482 1.47446 1.44972 1.47492 1.50036 1.52581 1.54882 1.55283 1.55283 1.55283 1.55283 1.55283 1.55283 1.65767 2.04161 2.04161
1.15619 1.14460 1.19809 1.31860 1.35705 1.29207 1.30265 1.31040 1.31040 1.31040 1.34784 1.41039 1.35138 1.29225 1.27748 1.43198 1.40758 1.40192 0.804007 0.769981 0.767928 0.839921 0.839921 0.895916 0.839921 0.836545 0.768502 0.758560 0.816911 0.871310 1.08756 1.14799 1.17067 1.15758 1.15239 1.11747 1.11743 1.31416 1.31395 1.32204 1.36549 1.36467 1.38619 1.37893 1.56677 1.44980 1.61067 1.53239 1.54790 1.56487 1.58184 1.57898 1.55258 1.55283 1.55283 1.55283 1.55283 1.55283 1.55283 1.55283 1.55283 1.55283 1.55283 1.57333 2.03357 2.04161
1.16168 1.20712 1.23142 1.36243 1.36243 1.29261 1.25799 1.25877 1.27695 1.30210 1.38260 1.28788 1.23621 1.14522 1.04013 1.15217 1.10844 1.10844 0.799015 0.767928 0.767928 0.839921 0.839921 0.895916 0.839921 0.839912 0.736979 0.748308 0.867769 0.930420 1.07655 1.07553 1.31416 1.31395 1.32223 1.31825 1.33780 1.32317 1.34254 1.35540 1.39300 1.35570 1.35570 1.30924 1.53751 1.38069 1.71237 1.60173 1.60976 1.60976 1.60976 1.60576 1.55335 1.55283 1.55283 1.55283 1.55283 1.55283 1.55283 1.55283 1.55283 1.55283 1.55283 1.55283 1.87269 2.04161
1.62658 1.62658 1.64028 1.74229 1.77952 1.76388 1.71176 1.71788 1.68530 1.64387 1.60244 1.44443 1.40915 1.25739 1.21192 1.21192 1.18509 1.18509 0.951256 0.895916 0.895916 0.940712 0.896526 0.946825 0.907931 0.914113 0.790637 1.55936 1.38359 1.45497 1.37136 1.38702 1.40941 1.43214 1.44695 1.42284 1.42284 1.39300 1.39300 1.39697 1.43857 1.41909 1.43023 1.39937 1.60041 1.46908 1.76134 1.61709 1.60976 1.60976 1.60976 1.60969 1.56780 1.55283 1.55283 1.55283 1.55283 1.55283 1.55283 1.55283 1.55283 1.55283 1.55283 1.55283 1.72022 1.99285
1.75258 1.78508 1.80421 1.83621 1.83283 1.79256 1.59921 1.57911 1.57911 1.57911 1.57911 1.42754 1.40858 1.25087 1.18509 1.18509 1.18509 1.18509 0.966604 0.902499 0.906119 0.958319 1.57177 1.58775 1.62639 1.65438 1.48140 1.62659 1.59838 1.72527 1.59301 1.58102 1.58094 1.58094 1.58104 1.57499 1.58751 1.58070 1.59262 1.60028 1.62073 1.60041 1.60041 1.60041 1.86715 1.76290 1.76290 1.66802 1.60009 1.59348 1.57904 1.56112 1.55283 1.55283 1.55283 1.55283 1.55283 1.55283 1.55283 1.55198 1.50181 1.42286 1.34391 1.26495 1.31691 1.74454
1.75480 1.72519 1.69590 1.71504 1.76239 1.76239 1.62547 1.57911 1.57911 1.64020 1.63147 1.48511 1.48121 1.32010 1.26115 1.26278 1.26721 1.85651 1.87173 1.45894 1.46824 1.49853 1.51375 1.52790 1.53213 1.53288 1.51694 1.72751 1.70788 1.85347 1.66652 1.67281 1.68401 1.69570 1.70728 1.70602 1.70602 1.69891 1.69891 1.69891 1.70602 1.69891 1.69891 1.60041 1.86776 1.76639 1.76968 1.70984 1.53856 1.55283 1.55283 1.55283 1.55283 1.55283 1.54921 1.48943 1.41048 1.33153 1.25257 1.17443 1.14564 1.14564 1.14564 1.14369 1.04254 1.42357
1.34828 1.68535 1.68535 1.69395 1.76229 1.76239 1.68163 1.57911 1.57911 1.64020 1.63147 1.48589 1.48551 1.71588 1.76530 1.79348 1.82098 1.84186 1.85846 1.43280 1.41062 1.42800 1.41062 1.41062 1.38937 1.38937 1.42105 1.63861 1.62834 1.79004 1.73747 1.72454 1.72352 1.72352 1.72352 1.72024 1.77164 1.77237 1.77237 1.77323 1.77264 1.77509 1.77713 1.71861 1.92898 1.86348 1.87806 1.86504 1.27759 1.28711 1.23088 1.16509 1.09926 1.03350 0.998420 1.14564 1.14564 1.14564 1.14564 1.11757 0.962733 0.792392 0.622050 0.453817 0.392921 0.793047
1.11623 1.40446 1.34828 1.34828 1.39976 1.40992 1.39013 1.26099 1.25108 1.35898 1.39225 1.31280 1.85375 1.84251 1.96400 1.98690 1.98729 1.98729 2.11673 1.54861 1.52426 1.53288 1.53017 1.54832 1.56684 1.58537 1.58615 1.82768 1.71659 1.91031 1.83465 1.77272 1.77164 1.77164 1.77164 1.77237 1.81986 1.82122 1.77603 1.77903 1.78128 1.78212 1.78212 1.71475 1.96007 1.96550 2.05158 2.11343 1.72103 0.940060 0.916516 0.916516 0.916516 0.916516 0.954704 1.06164 0.891149 0.720958 0.550617 0.408352 0.392921 0.392921 0.392921 0.392921 0.392921 0.625093
1.17686 1.44459 1.40379 1.39167 1.41435 1.44077 1.45542 1.34648 1.38402 1.48627 1.51377 1.42268 1.55473 1.85966 1.90079 1.94049 1.93747 1.91382 2.01892 1.50921 1.57045 1.61663 1.61805 1.61847 1.45663 1.48383 1.49796 1.70717 1.59058 1.75266 1.73161 1.66048 1.65323 1.65418 1.65620 1.65049 1.70197 1.70250 1.65351 1.65227 1.70815 1.73475 1.93138 1.96101 2.23285 2.27623 2.27050 2.27632 2.27645 1.19478 0.942598 0.825047 0.683159 0.556606 0.410664 0.392921 0.392921 0.392921 0.392921 0.392921 0.392921 0.392921 0.406741 0.486239 0.558903 0.665286
1.04261 1.38058 1.77412 1.80025 1.84507 1.90535 1.90578 1.82926 1.38075 1.47287 1.49552 1.30908 1.41630 1.79466 1.75858 1.80889 1.79995 1.81516 1.97835 1.91970 1.75829 1.81357 1.82078 1.82078 1.61847 1.63222 1.61319 1.74826 1.61772 1.65825 1.66711 1.61174 1.59687 1.59698 1.60618 1.65233 1.75492 1.79596 1.81855 1.83470 1.83328 1.78483 1.98780 2.00191 2.27645 2.27645 2.27105 2.30913 2.34866 1.34128 0.337762 0.314337 0.261948 0.280658 0.280658 0.314337 0.314337 0.314337 0.322435 0.384077 0.443157 0.491254 0.526189 0.530422 0.579723 0.579723
