High_resolution/powerplant/Shangrao/OMI_NO2_201109.asc
ncols      200
nrows      200
xllcorner       115.451
yllcorner       27.0350
cellsize     0.0166667
NODATA_Value      -999.000
[rows 58 to 86 of 200, columns 67 to 133 of 200]
1.15254 1.15254 1.16063 1.41861 1.42966 1.46323 1.73090 1.73436 1.73436 1.73436 1.73436 1.73436 1.73436 1.73436 1.73436 1.73436 1.73436 1.73436 1.79857 2.03243 1.92831 1.79200 1.65576 1.52110 1.47255 1.47255 1.47255 1.60065 1.76648 1.76648 1.76648 1.76648 1.76648 1.76648 1.76648 1.76648 1.76648 1.76648 1.76648 1.76648 1.76648 1.76648 1.76648 1.76648 1.76648 1.76648 1.76648 1.76591 1.15030 1.05952 1.05952 1.05952 1.06227 1.07754 1.09437 1.11120 1.12783 1.13390 1.13390 1.13390 1.13390 1.13390 1.13390 1.13390 1.13390 1.13390 1.13390
1.15254 1.15254 1.15254 1.35046 1.42966 1.42966 1.68662 1.73436 1.73436 1.73436 1.73436 1.73436 1.73436 1.73436 1.73436 1.72686 1.66828 1.60015 1.53644 1.50417 1.47255 1.47255 1.47255 1.47255 1.47255 1.47255 1.47255 1.51177 1.76630 1.76648 1.76648 1.76648 1.76648 1.76648 1.76648 1.76648 1.76648 1.76648 1.76648 1.76648 1.76648 1.76648 1.76648 1.76648 1.76648 1.76648 1.76648 1.76648 1.43695 1.08460 1.10143 1.11826 1.13235 1.13390 1.13390 1.13390 1.13390 1.13390 1.13390 1.13390 1.13390 1.13390 1.13390 1.13390 1.13390 1.13390 1.13390
1.15254 1.15254 1.15254 1.27428 1.42966 1.42966 1.61060 1.73436 1.73436 1.73436 1.73436 1.72099 1.65757 1.58948 1.52132 1.44570 1.36661 1.29214 1.21762 1.35337 1.47255 1.47255 1.47255 1.47255 1.47255 1.47255 1.47255 1.47255 1.71635 1.76648 1.76648 1.76648 1.76648 1.76648 1.76648 1.76648 1.76648 1.76648 1.76648 1.76648 1.76648 1.76648 1.76648 1.78335 2.14506 2.64344 3.14160 3.63977 3.14166 1.13390 1.13390 1.13390 1.13390 1.13390 1.13390 1.13390 1.13390 1.13390 1.13390 1.13390 1.13390 1.13390 1.13390 1.13390 1.13390 1.13390 1.13390
1.15254 1.15254 1.15254 1.19804 1.42966 1.42966 1.49398 1.71305 1.64689 1.57580 1.45238 1.32308 1.24388 1.16936 1.09489 1.03531 1.03034 1.03034 1.03034 1.19059 1.47255 1.47255 1.47255 1.47255 1.47255 1.47255 1.47255 1.47255 1.62734 1.76648 1.76648 1.76648 1.76648 1.76648 1.76648 1.76648 1.76648 1.76648 1.76648 1.84057 2.28749 2.78565 3.28403 3.76532 3.90177 3.90177 3.90177 3.90177 3.82926 1.27366 1.13390 1.13390 1.13390 1.13390 1.13390 1.13390 1.13390 1.13390 1.13390 1.13390 1.13390 1.13390 1.13390 1.13390 1.13390 1.13390 1.13390
1.15254 1.15254 1.15254 1.29533 1.74615 1.86496 1.93634 1.33936 1.12110 1.04953 1.03034 1.03034 1.03034 1.03034 1.03034 1.03034 1.03034 1.03034 1.03034 1.09645 1.47255 1.47255 1.47255 1.47255 1.47255 1.47255 1.47255 1.47255 1.53827 1.76648 1.76648 1.76648 1.76648 1.76648 1.76648 1.93858 2.42991 2.92808 3.42624 3.85052 3.90177 3.90177 3.90177 3.90177 3.90177 3.90177 3.90177 3.90177 3.90177 2.02876 1.13390 1.13390 1.13390 1.13390 1.13390 1.13390 1.13390 1.13390 1.13390 1.13390 1.13390 1.13390 1.13390 1.13390 1.13390 1.13390 1.13390
1.77451 2.03456 2.22423 2.34248 2.01551 1.78956 1.78956 1.40735 1.03034 1.03034 1.03034 1.03034 1.03034 1.03034 1.03034 1.03034 1.03034 1.03034 1.03034 1.03666 1.43853 1.47255 1.47255 1.47255 1.47255 1.47255 1.47255 1.47255 1.47507 1.74061 1.76989 2.07396 2.57212 3.07050 3.56866 3.89472 3.90177 3.90177 3.90177 3.90177 3.90177 3.90177 3.90177 3.90177 3.90177 3.90177 3.90177 3.90177 3.90177 2.85555 1.13390 1.13390 1.13390 1.13390 1.13390 1.13390 1.13390 1.13390 1.13390 1.13390 1.13390 1.13390 1.13390 1.13390 1.17640 1.28105 1.38630
2.37552 2.37552 2.37552 2.37552 2.17675 1.78956 1.78956 1.64003 1.03034 1.03034 1.03034 1.03034 1.03034 1.03034 1.03034 1.03034 1.03034 1.03034 1.03034 1.03034 1.27714 1.47255 1.47255 1.47255 1.47255 1.47255 1.47049 1.43993 1.40034 2.48932 3.70767 3.90177 3.90177 3.90177 3.90177 3.90177 3.90177 3.90177 3.90177 3.90177 3.90177 3.90177 3.90177 3.90177 3.90177 3.90177 3.90177 3.90177 3.90177 3.65988 1.15687 1.13390 1.13390 1.13390 1.13390 1.13390 1.13390 1.13390 1.13390 1.13910 1.21950 1.32466 1.42997 1.53513 1.59783 1.59839 1.59839
2.37552 2.37552 2.37552 2.37552 2.33216 1.79530 1.78956 1.78721 1.11568 1.03034 1.03034 1.03034 1.03034 1.03034 1.03034 1.03034 1.03034 1.03034 1.03034 1.03034 1.15674 1.47255 1.46790 1.43356 1.39396 1.35436 1.31680 1.30776 1.30776 2.12831 3.90177 3.90177 3.90177 3.90177 3.90177 3.90177 3.90177 3.90177 3.90177 3.90177 3.90177 3.90177 3.90177 3.90177 3.90177 3.90177 3.90177 3.90177 3.90177 3.90177 1.74200 1.13390 1.13390 1.13390 1.13390 1.16177 1.26321 1.36833 1.47358 1.57363 1.59839 1.59839 1.59839 1.59839 1.59839 1.59839 1.59839
2.37552 2.37552 2.37552 2.37552 2.37552 1.91302 1.78956 1.78956 1.34601 1.03034 1.03034 1.03034 1.03034 1.03034 1.03034 1.03034 1.03034 1.03034 1.02621 1.00764 1.02562 1.34795 1.31300 1.30776 1.30776 1.30776 1.30776 1.30776 1.30776 1.42503 3.82237 3.90177 3.90177 3.90177 3.90177 3.90177 3.90177 3.90177 3.90177 3.90177 3.90177 3.90177 3.90177 3.90177 3.90177 3.90177 3.90177 3.90177 3.90177 3.90177 2.57038 1.20157 1.30678 1.41204 1.51724 1.59449 1.59839 1.59839 1.59839 1.59839 1.59839 1.59839 1.59839 1.59839 1.59839 1.59839 1.59839
2.37552 2.37552 2.37552 2.37552 2.37552 2.07422 1.78956 1.78956 1.57865 1.03034 1.03034 1.03034 1.03034 1.03034 1.02388 1.00444 0.984653 0.964854 0.947372 0.933298 0.918988 1.22963 1.30776 1.30776 1.30776 1.30776 1.30776 1.30776 1.30776 1.30776 3.15706 3.90177 3.90177 3.90177 3.90177 3.90177 3.90177 3.90177 3.90177 3.90177 3.90177 3.90177 3.90177 3.90177 3.90177 3.90177 3.91750 4.05996 4.23010 4.40024 4.01628 1.59839 1.59839 1.59839 1.59839 1.59839 1.59839 1.59839 1.59839 1.59839 1.59839 1.59839 1.59839 1.59839 1.59839 1.59839 1.59839
2.37552 2.37552 2.37552 2.37552 2.37552 2.23530 1.78956 1.78956 1.77037 1.07126 1.02104 1.00125 0.981273 0.952005 0.923892 0.908814 0.894090 0.879342 0.866403 0.864526 0.864526 1.06844 1.30776 1.30776 1.30776 1.30776 1.30776 1.30776 1.30776 1.30776 2.37422 3.90177 3.90177 3.90177 3.90177 3.90177 3.90177 3.90177 3.90177 3.90177 3.90177 3.90177 3.94474 4.10788 4.27795 4.44801 4.60249 4.63010 4.63010 4.63010 4.62464 1.95724 1.59839 1.59839 1.59839 1.59839 1.59839 1.59839 1.59839 1.59839 1.59839 1.59839 1.59839 1.59839 1.59839 1.59839 1.59839
2.37552 2.37552 2.37552 2.37552 2.37552 2.36451 1.82663 1.79928 1.79435 1.21288 0.899062 0.884322 0.869782 0.864526 0.864526 0.864526 0.864526 0.864526 0.864526 0.864526 0.864526 0.961623 1.30776 1.30776 1.30776 1.30776 1.30776 1.30776 1.30776 1.30776 1.59909 3.89450 3.90177 3.90177 3.90177 3.90177 3.90177 3.90177 3.98553 4.15566 4.32587 4.49587 4.62303 4.63010 4.63010 4.63010 4.63010 4.63010 4.63010 4.63010 4.63010 2.85769 1.59839 1.59839 1.59839 1.59839 1.59839 1.59839 1.59839 1.59839 1.59839 1.59839 1.59839 1.59839 1.59839 1.59839 1.59839
2.37552 2.37217 2.33300 2.28575 2.23854 2.19133 1.87419 1.74500 1.74476 1.42710 0.864526 0.864526 0.864526 0.864526 0.864526 0.864526 0.864526 0.864526 0.864526 0.864526 0.864526 0.886020 1.30423 1.30776 1.30776 1.30776 1.30776 1.30776 1.30776 1.30776 1.30776 3.40289 3.90177 3.90810 4.03338 4.20359 4.37358 4.54379 4.63010 4.63010 4.63010 4.63010 4.63010 4.63010 4.63010 4.63010 4.63010 4.63010 4.63010 4.63010 4.63010 3.76381 1.59839 1.59839 1.59839 1.59839 1.59839 1.59839 1.59839 1.59839 1.59839 1.59839 1.59839 1.59839 1.59839 1.59839 1.59842
2.15375 2.10988 2.10185 2.10185 2.10185 2.10185 1.95318 1.74476 1.74476 1.68217 0.877972 0.864526 0.864526 0.864526 0.864526 0.864526 0.864526 0.864526 0.864526 0.864526 0.864526 0.864526 1.17107 1.30776 1.30776 1.30776 1.30776 1.30776 1.30776 1.30626 1.29580 2.78002 4.42150 4.58523 4.63010 4.63010 4.63010 4.63010 4.63010 4.63010 4.63010 4.63010 4.63010 4.63010 4.63010 4.63010 4.63010 4.63010 4.63010 4.63010 4.63010 4.53553 1.73268 1.59839 1.59839 1.59839 1.59839 1.59839 1.59839 1.59839 1.59839 1.59839 1.60604 1.66934 1.74360 1.81793 1.89216
2.10185 2.10185 2.10185 2.10185 2.10185 2.10185 2.05087 1.74476 1.74476 1.74476 1.08369 0.864526 0.864526 0.864526 0.864526 0.864526 0.864526 0.864526 0.864526 0.864526 0.864526 0.864526 1.03126 1.30776 1.30776 1.30512 1.29382 1.28185 1.26990 1.25944 1.25794 1.95066 4.63010 4.63010 4.63010 4.63010 4.63010 4.63010 4.63010 4.63010 4.63010 4.63010 4.63010 4.63010 4.63010 4.63010 4.63010 4.63010 4.63010 4.63010 4.63010 4.63010 2.54398 1.59839 1.59839 1.59839 1.59839 1.59839 1.62684 1.70054 1.77487 1.84917 1.91581 1.92685 1.92685 1.92685 1.92685
2.10185 2.10185 2.10185 2.10185 2.10185 2.10185 2.10185 1.79154 1.74476 1.74476 1.35218 0.864526 0.864526 0.864526 0.864526 0.864526 0.864526 0.864526 0.864526 0.864526 0.864526 0.862459 0.926191 1.27988 1.26792 1.25861 1.25794 1.25794 1.25794 1.25794 1.25794 1.27480 4.29278 4.63010 4.63010 4.63010 4.63010 4.63010 4.63010 4.63010 4.63010 4.63010 4.63010 4.63010 4.63010 4.63010 4.63010 4.63010 4.63010 4.63010 4.63010 4.63010 3.45016 1.60164 1.65751 1.73181 1.80614 1.88044 1.92629 1.92685 1.92685 1.92685 1.92685 1.92685 1.92685 1.92685 1.92685
2.10185 2.10185 2.10185 2.10185 2.10185 2.10185 2.10185 1.88920 1.74476 1.74476 1.62040 0.864702 0.864526 0.864526 0.864526 0.864526 0.864526 0.861547 0.855569 0.849592 0.843614 0.842012 0.872764 1.23980 1.25794 1.25794 1.25794 1.25794 1.25794 1.25794 1.25794 1.25794 3.29513 4.63010 4.63010 4.63010 4.63010 4.63010 4.63010 4.63010 4.63010 4.63010 4.63010 4.63010 4.63010 4.63010 4.63010 4.63010 4.63010 4.54701 4.13542 3.68983 3.08271 1.91286 1.92685 1.92685 1.92685 1.92685 1.92685 1.92685 1.92685 1.92685 1.92685 1.92685 1.92685 1.92685 1.92685
2.10185 2.10185 2.10185 2.10185 2.10185 2.10185 2.10185 1.98696 1.74476 1.74476 1.74476 1.00880 0.864447 0.860561 0.854583 0.848667 0.858069 0.882474 0.909882 0.937275 0.964683 0.989782 0.994554 1.14752 1.25794 1.25794 1.25794 1.25794 1.25794 1.25794 1.25794 1.25794 2.28035 4.63010 4.63010 4.63010 4.63010 4.63010 4.63010 4.63010 4.63010 4.63010 4.63010 4.63010 4.63010 4.44999 4.00688 3.56148 3.11608 2.75377 2.72015 2.72015 2.72015 2.09024 1.92685 1.92685 1.92685 1.92685 1.92685 1.92685 1.92685 1.92685 1.92685 1.92685 1.92685 1.92685 1.92685
2.10185 2.10185 2.10185 2.10185 2.10185 2.10185 2.10185 2.07956 1.74380 1.59651 1.40491 1.04351 0.902492 0.927793 0.955216 0.982562 0.994554 0.994554 0.994554 0.994554 0.994554 0.994554 0.994554 1.07419 1.25794 1.25794 1.25794 1.25794 1.25794 1.25794 1.25794 1.25794 1.38946 4.50800 4.63010 4.63010 4.63010 4.63010 4.63010 4.63010 4.62227 4.32374 3.87815 3.43294 2.98754 2.72244 2.72015 2.72015 2.72015 2.72015 2.72015 2.72015 2.72015 2.32604 1.92685 1.92685 1.92685 1.92685 1.92685 1.92685 1.92685 1.92685 1.92685 1.92685 1.92685 1.92685 1.92685
2.10185 2.10185 2.10185 2.10185 2.09414 1.95573 1.77029 1.58472 1.17096 1.07564 1.09598 1.07382 0.994554 0.994554 0.994554 0.994554 0.994554 0.994554 0.994554 0.994554 0.994554 0.994554 0.994554 1.02281 1.25794 1.25794 1.25794 1.25794 1.25794 1.25794 1.25794 1.25794 1.25794 3.62519 4.63010 4.63010 4.57948 4.19539 3.74961 3.30459 2.86683 2.72015 2.72015 2.72015 2.72015 2.72015 2.72015 2.72015 2.72015 2.72015 2.72015 2.72015 2.72015 2.56176 1.92685 1.92685 1.92685 1.92685 1.92685 1.92685 1.92685 1.92685 1.92685 1.92685 1.92685 1.92685 1.92685
2.10784 1.96742 1.78194 1.59645 1.41867 1.37161 1.37161 1.37161 1.23371 1.09707 1.09707 1.09614 1.00350 0.994554 0.994554 0.994554 0.994554 0.994554 0.994554 0.994554 0.994554 0.994554 0.994554 0.995387 1.21753 1.25794 1.25794 1.25794 1.25794 1.25794 1.25794 1.25794 1.31411 2.55438 3.62126 3.17586 2.78108 2.72015 2.72015 2.72015 2.72015 2.72015 2.72015 2.72015 2.72015 2.72015 2.72015 2.72015 2.72015 2.72015 2.72015 2.72015 2.72015 2.71666 2.00746 1.92685 1.92685 1.92685 1.92685 1.92685 1.92685 1.92685 1.92685 1.92685 1.92685 1.89110 1.69939
1.41664 1.37161 1.37161 1.37161 1.37161 1.37161 1.37161 1.37161 1.30838 1.09707 1.09707 1.09707 1.03384 0.994554 0.994554 0.994554 0.994554 0.994554 0.994554 0.994554 0.994554 0.994554 0.994554 0.994554 1.12218 1.25794 1.25794 1.25794 1.34165 1.55513 1.77014 1.98515 2.14406 2.21192 2.71788 2.72015 2.72015 2.72015 2.72015 2.72015 2.72015 2.72015 2.72015 2.72015 2.72015 2.72015 2.72015 2.72015 2.72015 2.72015 2.72015 2.72015 2.72015 2.72015 2.23981 1.92685 1.92685 1.92685 1.92685 1.92685 1.92685 1.82201 1.61214 1.40247 1.19279 1.01876 1.00070
1.37161 1.37161 1.37161 1.37161 1.37161 1.37161 1.37161 1.37161 1.36716 1.11313 1.09707 1.09707 1.06511 0.994554 0.994554 0.994554 0.994554 0.994554 0.994554 0.994554 0.994554 0.994554 0.994554 0.994644 1.12887 1.58957 1.80457 2.01948 2.15077 2.15229 2.15229 2.15229 2.15229 2.15229 2.60694 2.72015 2.72015 2.72015 2.72015 2.72015 2.72015 2.72015 2.72015 2.72015 2.72015 2.72015 2.72015 2.72015 2.72015 2.72015 2.72015 2.72015 2.72015 2.72015 2.47547 1.92685 1.90879 1.73458 1.52499 1.31522 1.10554 1.00070 1.00070 1.00070 1.00070 1.00070 1.00070
1.37161 1.37161 1.37161 1.37161 1.37161 1.37161 1.37161 1.37161 1.37161 1.18330 1.09707 1.09707 1.09279 0.998099 0.994554 0.994554 0.994554 0.994554 0.994554 0.996746 1.07004 1.17749 1.28499 1.39241 1.48457 2.15096 2.15229 2.15229 2.15229 2.15229 2.15229 2.15229 2.15229 2.15229 2.43622 2.72015 2.72015 2.72015 2.72015 2.72015 2.72015 2.72015 2.72015 2.72015 2.72015 2.72015 2.72015 2.72015 2.72015 2.72015 2.72015 2.72015 2.62275 2.29076 1.91702 1.23596 1.03645 1.00070 1.00070 1.00070 1.00070 1.00070 1.00070 1.00070 1.00070 1.00070 1.00070
1.37161 1.37161 1.37161 1.37161 1.37161 1.37161 1.37161 1.37161 1.37161 1.25812 1.09707 1.09707 1.09707 1.02512 0.994554 1.00158 1.08716 1.19471 1.30221 1.41204 1.45635 1.46645 1.47655 1.48667 1.49640 1.97394 2.15229 2.15229 2.15229 2.15229 2.15229 2.15229 2.15229 2.15229 2.26586 2.72015 2.72015 2.72015 2.72015 2.72015 2.72015 2.72015 2.72015 2.72015 2.72015 2.72015 2.72015 2.71971 2.53241 2.19013 1.84814 1.50601 1.26127 1.25114 1.25114 1.07192 1.00070 1.00070 1.00070 1.00070 1.00070 1.00070 1.00070 1.00070 1.00070 1.00070 1.00070
1.37161 1.37161 1.37161 1.37161 1.37161 1.37161 1.37161 1.37161 1.37161 1.33279 1.09707 1.10717 1.18830 1.25595 1.33066 1.44122 1.47325 1.48335 1.49345 1.49905 1.49906 1.49906 1.49906 1.49906 1.49906 1.76117 2.15229 2.15229 2.15229 2.15229 2.15229 2.15229 2.15229 2.15229 2.15468 2.66098 2.72015 2.72015 2.72015 2.72015 2.72015 2.72015 2.72015 2.70002 2.43193 2.08980 1.74766 1.40597 1.25114 1.25114 1.25114 1.25114 1.25114 1.25114 1.25114 1.14610 1.00070 1.00070 1.00070 1.00070 1.00070 1.00070 1.00070 1.00070 1.00070 1.00070 1.00070
1.37161 1.37161 1.37161 1.37161 1.37161 1.37161 1.37161 1.38411 1.49762 1.63696 1.46247 1.50552 1.52963 1.53394 1.49928 1.49906 1.49906 1.49906 1.49906 1.49906 1.49906 1.49906 1.49906 1.49906 1.49906 1.61606 2.15229 2.15229 2.15229 2.15229 2.15229 2.15229 2.15229 2.15229 2.15229 2.49253 2.72015 2.72015 2.72015 2.65096 2.33145 1.98946 1.64704 1.32503 1.25114 1.25114 1.25114 1.25114 1.25114 1.25114 1.25114 1.25114 1.25114 1.25114 1.25114 1.21998 1.00095 1.00070 1.00070 1.00070 1.00070 1.00070 1.00070 1.00070 1.00070 1.00070 1.00070
1.37161 1.37161 1.38218 1.43774 1.56659 1.70586 1.84532 1.97218 1.99802 1.99802 1.72362 1.53855 1.53855 1.53855 1.50743 1.49906 1.49906 1.49906 1.49906 1.49906 1.49906 1.49906 1.49906 1.49906 1.49906 1.51691 2.12844 2.15229 2.15229 2.15229 2.15229 2.15229 2.15229 2.15229 2.15229 2.24525 2.23082 1.88883 1.54670 1.27361 1.25114 1.25114 1.25114 1.25114 1.25114 1.25114 1.25114 1.25114 1.25114 1.25114 1.25114 1.25114 1.25114 1.25114 1.25114 1.25114 1.04395 1.00070 1.00070 1.00070 1.00070 1.00070 1.00070 1.00070 1.00070 1.00070 1.00070
1.63560 1.77503 1.90372 1.98750 1.99802 1.99802 1.99802 1.99802 1.99802 1.99802 1.84856 1.53855 1.53855 1.53855 1.51937 1.49906 1.49906 1.49906 1.49906 1.49906 1.49906 1.49906 1.49906 1.49906 1.49906 1.49906 1.90438 2.15229 2.15229 2.15229 2.15205 2.09627 1.99835 1.90050 1.80253 1.72674 1.26989 1.25114 1.25114 1.25114 1.25114 1.25114 1.25114 1.25114 1.25114 1.25114 1.25114 1.25114 1.25114 1.25114 1.25114 1.25114 1.25114 1.25114 1.25114 1.25114 1.11813 1.00070 1.00070 1.00070 1.00070 1.00070 1.00070 1.00260 1.09565 1.23838 1.38114
