High_resolution/powerplant/Shangrao/OMI_NO2_201106.asc
ncols      200
nrows      200
xllcorner       115.451
yllcorner       27.0350
cellsize     0.0166667
NODATA_Value      -999.000
[rows 78 to 103 of 169, columns 118 to 176 of 200]
2*                      :*                       :*                              :*                              :*                              :*                   :*                  :*                 :*                  :*                  :*                 :*                      :*               
           :*                      :*                  :*                  :*                  :*            :*                  :*          *            ;        *           ;       *        3      *        3     *     3     *: 
  <      *        3      *        3      *    3     *:    *:    *          8        :*                              :*                              :*                  9*                  9*                 2*        
                :*                              :*                    9*                  9*                 2*                  9*                  9*                  =*                  =*                              :*                              :*                              :*        
 :*                              :*                        :*                  :*                 :*                :*            :*               :*                              :*                        :*                  :*                    :*                  ?*                  ?*                  ?*   
?*                  ?*          *        <      *        <      *        3      *        2      *    9  *:    * :    *         :          :*                  :*                :*             8*            :*               ;*                  9*        
               9*                  =*                              :*                              :*                              :*                              :*                        :*                  :*                  :*              :*            :*            :*                       
:*                :*            :*            :*                              :*                              :*                              :*                              :*                    ?*                  ?*                  ?*         *        <      *        >      * 
*        >      *        9      *        9      *  9    *:    *:    *      :          :*                  :*                :*            :*              :*                  >*                  ?*                  ;*                    :*                  
0.00000 0.00000 0.00000 0.00000 0.00000 0.00000 0.00000 0.00000 0.00000 0.00000 0.00000 0.00000 0.00000 0.00000 0.00000 0.00000 0.00000 2.70847 2.70847 2.70847 2.70847 2.70847 2.70847 2.70847 2.70847 2.70847 2.70847 2.70847 2.68768 2.53885 2.28096 2.19671 2.09985 1.92212 1.84060 1.81322 1.81322 1.81322 1.81322 1.81322 1.81322 1.81322 1.81322 1.81322 1.81322 1.81322 1.81322 1.81322 1.81322 0.00000 0.00000 0.00000 0.00000 0.00000 0.00000 0.00000 0.00000 0.00000 0.00000
0.00000 0.00000 0.00000 0.00000 0.00000 0.00000 0.00000 0.00000 0.00000 0.00000 0.00000 0.00000 0.00000 0.00000 0.00000 0.00000 0.00000 2.70847 2.70847 2.70847 2.70847 2.70847 2.70847 2.62621 2.46331 2.30032 2.13741 1.97451 1.83240 1.81242 1.84164 1.81263 1.81242 1.81274 1.81322 1.81322 1.81322 1.81322 1.81322 1.81322 1.81322 1.81322 1.81322 1.81322 1.81322 1.81322 1.81322 1.81322 1.81322 1.81322 0.00000 0.00000 0.00000 0.00000 0.00000 0.00000 0.00000 0.00000 0.00000
0.00000 0.00000 0.00000 0.00000 0.00000 0.00000 0.00000 0.00000 0.00000 0.00000 0.00000 0.00000 0.00000 0.00000 0.00000 0.00000 0.00000 2.70847 2.55187 2.38266 2.21967 2.05668 1.89306 1.81242 1.81242 1.81242 1.81242 1.81242 1.81242 1.81242 1.81242 1.81242 1.81242 1.81253 1.81322 1.81322 1.81322 1.81322 1.81322 1.81322 1.81322 1.81322 1.81322 1.81322 1.81322 1.81322 1.81322 1.81322 1.81322 1.81322 0.00000 0.00000 0.00000 0.00000 0.00000 0.00000 0.00000 0.00000 0.00000
0.00000 0.00000 0.00000 0.00000 0.00000 0.00000 0.00000 0.00000 0.00000 0.00000 0.00000 0.00000 0.00000 0.00000 0.00000 0.00000 0.00000 0.00000 1.81242 1.81242 1.81242 1.81242 1.81242 1.81242 1.81242 1.81242 1.81242 1.81242 1.81242 1.81242 1.81242 1.81242 1.81242 1.81242 1.81311 1.81322 1.81322 1.81322 1.81322 1.81322 1.81322 1.81322 1.81322 1.81322 1.81322 1.81322 1.81322 1.81322 1.81322 1.81322 0.00000 0.00000 0.00000 0.00000 0.00000 0.00000 0.00000 0.00000 0.00000
0.00000 0.00000 0.00000 0.00000 0.00000 0.00000 0.00000 0.00000 0.00000 0.00000 0.00000 0.00000 0.00000 0.00000 0.00000 0.00000 0.00000 0.00000 1.81242 1.81242 1.81242 1.81242 1.81242 1.81242 1.81242 1.81242 1.81242 1.81242 1.81242 1.81242 1.81242 1.81242 1.81242 1.81242 1.81289 1.81322 1.81322 1.81322 1.81322 1.81322 1.81322 1.81322 1.81322 1.81322 1.81322 1.81322 1.81322 1.81322 1.81346 1.81515 1.82308 0.00000 0.00000 0.00000 0.00000 0.00000 0.00000 0.00000 0.00000
0.00000 0.00000 0.00000 0.00000 0.00000 0.00000 0.00000 0.00000 0.00000 0.00000 0.00000 0.00000 0.00000 0.00000 0.00000 0.00000 0.00000 0.00000 1.81242 1.81242 1.81242 1.81242 1.81242 1.81242 1.81242 1.81242 1.81242 1.81242 1.81242 1.81242 1.81242 1.81242 1.81242 1.81242 1.81267 1.81322 1.81322 1.81322 1.81322 1.81322 1.81322 1.81322 1.81326 1.81445 1.81619 1.81792 1.81966 1.82140 1.82289 1.82308 1.82308 0.00000 0.00000 0.00000 0.00000 0.00000 0.00000 0.00000 0.00000
0.00000 0.00000 0.00000 0.00000 0.00000 0.00000 0.00000 0.00000 0.00000 0.00000 0.00000 0.00000 0.00000 0.00000 0.00000 0.00000 0.00000 0.00000 0.00000 1.81242 1.81242 1.81242 1.81242 1.81242 1.81242 1.81242 1.81242 1.81242 1.81242 1.81242 1.81242 1.81242 1.81242 1.81242 1.81247 1.81321 1.81322 1.81390 1.81563 1.81737 1.81910 1.82084 1.82254 1.82308 1.82308 1.82308 1.82308 1.82308 1.82308 1.82308 1.82308 0.00000 0.00000 0.00000 0.00000 0.00000 0.00000 0.00000 0.00000
0.00000 0.00000 0.00000 0.00000 0.00000 0.00000 0.00000 0.00000 0.00000 0.00000 0.00000 0.00000 0.00000 0.00000 0.00000 0.00000 0.00000 0.00000 0.00000 1.81242 1.81242 1.81242 1.81242 1.81242 1.81242 1.81242 1.81242 1.81242 1.81242 1.81242 1.81242 1.83255 2.00463 2.20815 2.41256 2.01386 1.82202 1.82307 1.82308 1.82308 1.82308 1.82308 1.82308 1.82308 1.82308 1.82308 1.82308 1.82308 1.82308 1.82308 1.82308 0.00000 0.00000 0.00000 0.00000 0.00000 0.00000 0.00000 0.00000
0.00000 0.00000 0.00000 0.00000 0.00000 0.00000 0.00000 0.00000 0.00000 0.00000 0.00000 0.00000 0.00000 0.00000 0.00000 0.00000 0.00000 0.00000 0.00000 1.81242 1.81242 1.81242 1.81242 1.81242 1.81242 1.81242 1.90103 2.10432 2.30772 2.51224 2.71565 2.89947 2.93125 2.93125 2.93125 2.37062 1.82308 1.82308 1.82308 1.82308 1.82308 1.82308 1.82308 1.82308 1.82308 1.82308 1.82308 1.82308 1.82308 1.82308 1.82308 1.82308 0.00000 0.00000 0.00000 0.00000 0.00000 0.00000 0.00000
0.00000 0.00000 0.00000 0.00000 0.00000 0.00000 0.00000 0.00000 0.00000 0.00000 0.00000 0.00000 0.00000 0.00000 0.00000 0.00000 0.00000 0.00000 0.00000 1.81242 1.83078 2.00016 2.20401 2.40752 2.61182 2.81534 2.93080 2.93125 2.93125 2.93125 2.93125 2.93125 2.93125 2.93125 2.93125 2.67077 1.82308 1.82308 1.82308 1.82308 1.82308 1.82308 1.82308 1.82308 1.82308 1.82308 1.82308 1.82308 1.82308 1.82308 1.82308 1.82308 0.00000 0.00000 0.00000 0.00000 0.00000 0.00000 0.00000
0.00000 0.00000 0.00000 0.00000 0.00000 0.00000 0.00000 0.00000 0.00000 0.00000 0.00000 0.00000 0.00000 0.00000 0.00000 0.00000 0.00000 0.00000 0.00000 0.00000 2.90350 2.93125 2.93125 2.93125 2.93125 2.93125 2.93125 2.93125 2.93125 2.93125 2.93125 2.93125 2.93125 2.93125 2.93125 2.91096 1.88293 1.82308 1.82308 1.82308 1.82308 1.82308 1.82308 1.82308 1.82308 1.82308 1.82308 1.82308 1.82308 1.82308 1.82308 1.82308 0.00000 0.00000 0.00000 0.00000 0.00000 0.00000 0.00000
0.00000 0.00000 0.00000 0.00000 0.00000 0.00000 0.00000 0.00000 0.00000 0.00000 0.00000 0.00000 0.00000 0.00000 0.00000 0.00000 0.00000 0.00000 0.00000 0.00000 2.93125 2.93125 2.93125 2.93125 2.93125 2.93125 2.93125 2.93125 2.93125 2.93125 2.93125 2.93125 2.93125 2.93125 2.93125 2.93125 2.16280 1.82308 1.82308 1.82308 1.82308 1.82308 1.82308 1.82308 1.82308 1.82308 1.82308 1.82308 1.82308 1.82308 1.82308 1.81199 0.00000 0.00000 0.00000 0.00000 0.00000 0.00000 0.00000
0.00000 0.00000 0.00000 0.00000 0.00000 0.00000 0.00000 0.00000 0.00000 0.00000 0.00000 0.00000 0.00000 0.00000 0.00000 0.00000 0.00000 0.00000 0.00000 0.00000 2.93125 2.93125 2.93125 2.93125 2.93125 2.93125 2.93125 2.93125 2.93125 2.93125 2.93125 2.93125 2.93125 2.93125 2.93125 2.93125 2.46305 1.82308 1.82308 1.82308 1.82308 1.82308 1.82308 1.82308 1.82308 1.82224 1.73384 1.58583 1.43799 1.29006 1.14214 1.00690 0.981167 0.00000 0.00000 0.00000 0.00000 0.00000 0.00000
0.00000 0.00000 0.00000 0.00000 0.00000 0.00000 0.00000 0.00000 0.00000 0.00000 0.00000 0.00000 0.00000 0.00000 0.00000 0.00000 0.00000 0.00000 0.00000 0.00000 2.93125 2.93125 2.93125 2.93125 2.93125 2.93125 2.93125 2.93125 2.93125 2.93125 2.93125 2.93125 2.93125 2.93125 2.93125 2.93125 2.76314 1.82308 1.82308 1.82308 1.77618 1.63146 1.48337 1.33561 1.18769 1.04052 0.981167 0.981167 0.981167 0.981167 0.981167 0.981167 0.981167 0.00000 0.00000 0.00000 0.00000 0.00000 0.00000
0.00000 0.00000 0.00000 0.00000 0.00000 0.00000 0.00000 0.00000 0.00000 0.00000 0.00000 0.00000 0.00000 0.00000 0.00000 0.00000 0.00000 0.00000 0.00000 0.00000 0.00000 2.93125 2.93125 2.93125 2.93125 2.93125 2.93125 2.93125 2.93125 2.93125 2.93125 2.93125 2.93125 2.93125 2.91011 2.68907 2.41684 1.45747 1.23315 1.08531 0.984198 0.981167 0.981167 0.981167 0.981167 0.981167 0.981167 0.981167 0.981167 0.981167 0.981167 0.981167 0.981167 0.00000 0.00000 0.00000 0.00000 0.00000 0.00000
0.00000 0.00000 0.00000 0.00000 0.00000 0.00000 0.00000 0.00000 0.00000 0.00000 0.00000 0.00000 0.00000 0.00000 0.00000 0.00000 0.00000 0.00000 0.00000 0.00000 0.00000 2.93125 2.93125 2.93125 2.93125 2.93125 2.93125 2.93125 2.93125 2.82646 2.55719 2.28585 2.01435 1.74315 1.49265 1.44278 1.44278 1.16097 0.981167 0.981167 0.981167 0.981167 0.981167 0.981167 0.981167 0.981167 0.981167 0.981167 0.981167 0.981167 0.981167 0.981167 0.981167 0.981167 0.00000 0.00000 0.00000 0.00000 0.00000
0.00000 0.00000 0.00000 0.00000 0.00000 0.00000 0.00000 0.00000 0.00000 0.00000 0.00000 0.00000 0.00000 0.00000 0.00000 0.00000 0.00000 0.00000 0.00000 0.00000 0.00000 2.93125 2.93125 2.91324 2.69696 2.42517 2.15427 1.88262 1.61143 1.44472 1.44278 1.44278 1.44278 1.44278 1.44278 1.44278 1.44278 1.28583 0.981167 0.981167 0.981167 0.981167 0.981167 0.981167 0.981167 0.981167 0.981167 0.981167 0.981167 0.981167 0.981167 0.981167 0.981167 0.981167 0.00000 0.00000 0.00000 0.00000 0.00000
