High_resolution/powerplant/Shangrao/OMI_NO2_200705.asc
ncols      200
nrows      200
xllcorner       115.451
yllcorner       27.0350
cellsize     0.0166667
NODATA_Value      -999.000
[rows 29 to 57 of 200, columns 67 to 133 of 200]
2.94497 2.68322 2.67266 2.67266 2.67266 2.67266 2.47543 2.39925 2.43672 2.48459 2.53256 2.57383 2.58339 2.58894 2.59437 2.43502 2.27025 1.84659 1.77348 1.72787 1.68250 1.63676 1.59139 1.54704 1.53958 1.54876 1.55783 1.56714 1.57616 1.58547 1.58650 1.23281 1.57618 1.66386 1.66015 1.65648 1.65286 1.63969 1.55236 1.46436 1.38862 1.51588 1.59178 1.58813 1.56937 1.54898 1.57309 1.60094 1.58058 1.61168 1.97190 2.07598 2.06633 2.05668 2.04702 2.04185 2.04005 2.04290 2.05612 2.05612 2.05612 2.10691 2.16106 2.16082 2.27576 2.27725 2.24381
2.98079 2.80108 2.72549 2.72888 2.75945 2.80469 2.75476 2.70785 2.71845 2.71845 2.71845 2.72291 2.75187 2.78490 2.81795 2.74901 2.44909 1.86615 1.65455 1.65455 1.65455 1.65455 1.65455 1.65455 1.65455 1.65455 1.65455 1.65455 1.65455 1.65455 1.65455 1.29720 1.43447 1.60448 1.50198 1.39394 1.30071 1.22427 1.19454 1.17420 1.15381 1.23409 1.38180 1.36511 1.36351 1.36351 1.38355 1.45622 1.45622 1.49804 1.82611 2.04102 2.01972 1.98878 1.95670 1.92354 1.88927 1.86431 1.83290 1.79734 1.76588 1.76181 1.86039 1.83704 1.89273 1.93083 1.88070
2.95791 2.95696 2.84468 2.88652 2.90118 2.90600 2.88007 2.78557 2.81862 2.85141 2.88442 2.91300 2.91681 2.91681 2.91681 2.87840 2.58282 2.00773 1.65455 1.65455 1.65455 1.65577 1.67424 1.69843 1.72252 1.74668 1.77077 1.79494 1.81900 1.83960 1.77740 1.47253 1.19355 1.10551 1.09474 1.09474 1.09474 1.09474 1.09474 1.09474 1.09769 1.13283 1.38211 1.39593 1.40554 1.41478 1.42477 1.50745 1.51903 1.53471 1.64359 1.60440 1.59151 1.60122 1.61417 1.62710 1.64004 1.66318 1.66485 1.66610 1.66628 1.69513 1.93150 1.97114 1.95224 1.76129 1.76129
2.99015 3.06040 3.00203 3.03484 3.06780 3.09605 3.08183 2.91683 2.91681 2.91681 2.91681 2.91515 2.90405 2.89145 2.87884 2.86591 2.73450 2.29660 1.85254 1.85605 1.88008 1.90308 1.90864 1.90864 1.90864 1.90720 1.82685 1.71687 1.62226 1.54204 1.52020 1.39400 1.16026 1.11018 1.17704 1.19048 1.20343 1.21587 1.22787 1.23945 1.24870 1.24962 1.41024 1.46464 1.46464 1.46464 1.49086 1.55574 1.56404 1.57439 1.67501 1.66268 1.67370 1.67692 1.67692 1.67692 1.68206 1.70712 1.71974 1.74746 1.77042 1.77287 1.93066 1.99732 1.99711 1.79246 1.76129
2.70764 2.91572 3.07132 3.07648 3.06390 3.05132 3.03872 2.86330 2.83079 2.81821 2.80561 2.79467 2.79319 2.79319 2.79319 2.79319 2.79893 2.53213 2.06523 1.90864 1.90864 1.90844 1.83748 1.72597 1.63013 1.54760 1.52020 1.52020 1.52020 1.52020 1.52020 1.45462 1.18580 1.10965 1.24759 1.24962 1.24962 1.24962 1.24962 1.25303 1.30342 1.36896 1.52765 1.71503 1.78049 1.84599 1.88527 1.76706 1.60757 1.60757 1.67419 1.68719 1.68250 1.70836 1.73591 1.76358 1.78610 1.78821 1.77468 1.77287 1.77287 1.77287 1.87221 1.99732 1.99732 1.86559 1.76129
2.62902 2.78337 2.90896 2.97592 2.97592 2.97592 2.97592 2.85063 2.79319 2.79633 2.80265 2.80925 2.81614 2.82333 2.83085 2.83873 2.85141 2.67983 2.11757 1.73522 1.63806 1.55386 1.52020 1.52020 1.52020 1.52020 1.52020 1.52020 1.52020 1.52020 1.52020 1.51000 1.21078 1.13637 1.30868 1.39691 1.46237 1.52792 1.59342 1.65556 1.67058 1.67058 1.69677 1.88513 1.88561 1.88561 1.88561 1.83996 1.61242 1.63335 1.69717 1.77507 1.78641 1.78821 1.78821 1.78821 1.78821 1.78821 1.77747 1.77287 1.77287 1.77287 1.81378 1.99732 1.99732 1.93883 1.76129
2.76791 2.75319 2.88566 3.02240 3.03443 3.04704 3.06026 2.96847 2.86305 2.86760 2.86760 2.86760 2.86760 2.86760 2.81148 2.62271 2.43060 2.19497 1.58455 1.52131 1.52020 1.52020 1.52020 1.52020 1.52020 1.52020 1.52020 1.53516 1.56595 1.59675 1.62754 1.65834 1.44843 1.63298 1.65165 1.67058 1.67058 1.67058 1.67058 1.67058 1.67058 1.67058 1.67058 1.84387 1.89090 1.91200 1.93412 1.95558 1.72362 1.70060 1.72156 1.81306 1.80854 1.81375 1.81887 1.82395 1.82905 1.83424 1.81399 1.77413 1.78803 1.80514 1.82342 2.04508 2.08087 2.09472 1.89712
3.26290 2.86631 2.88862 3.09531 3.09602 3.09602 3.09602 3.03332 2.86760 2.86760 2.83655 2.66064 2.46625 2.27194 2.13375 2.12820 2.12773 2.13238 1.67577 1.51955 1.49660 1.51163 1.53639 1.56094 1.58567 1.61026 1.63497 1.64462 1.63850 1.63234 1.62622 1.62008 1.54569 1.68888 1.74359 1.79760 1.91956 1.84253 1.77670 1.78085 1.79539 1.84837 1.90483 2.02071 2.10441 2.10951 2.11358 2.11772 1.94430 1.84580 1.84728 1.99336 2.05801 2.07528 2.09237 2.10944 2.12653 2.14367 2.13047 1.98898 1.98029 1.98029 1.98029 2.12876 2.20474 2.20474 2.06052
3.30454 2.75438 2.74339 2.92181 2.95189 2.94126 2.91735 2.73696 2.37703 2.17611 2.00677 1.98222 1.97608 1.96994 1.96151 1.92121 1.87168 1.83436 1.64445 1.53419 1.52556 1.53507 1.53507 1.53507 1.53507 1.53507 1.53507 1.53507 1.53507 1.53507 1.53672 1.64384 1.82356 2.08987 2.28724 2.28918 2.29938 2.13198 1.92724 1.98069 2.02376 2.02837 2.02945 2.04818 2.13060 2.13168 2.13276 2.13380 2.02903 1.85606 1.85606 2.03806 2.16862 2.17976 2.17976 2.17976 2.17976 2.17976 2.17242 2.01227 1.98029 1.98029 1.98191 2.09299 2.20035 2.20129 2.12386
3.21043 2.69145 2.60598 2.60444 2.51309 2.31881 2.13769 2.09924 1.96893 1.91312 1.86895 1.82478 1.78071 1.73660 1.69472 1.68475 1.68475 1.68999 1.66912 1.59455 1.53546 1.53507 1.53507 1.53507 1.53507 1.53496 1.55492 1.69383 1.83403 1.96070 2.07467 2.10910 2.11559 2.22198 2.47525 2.44376 2.46914 2.40080 2.03510 2.03510 2.03510 2.03510 2.03510 2.03517 2.12060 2.13322 2.13198 2.13074 2.09720 1.85034 1.84899 1.96938 2.14850 2.17976 2.17976 2.17976 2.19120 2.21495 2.23874 2.15924 2.13460 2.19350 2.25059 2.25155 2.11957 2.13716 2.13672
2.92273 2.35320 1.93366 1.90498 2.01503 1.97086 1.92685 1.88268 1.74479 1.68475 1.68475 1.68475 1.68475 1.68475 1.68475 1.68541 1.69114 1.69325 1.65579 1.55654 1.49059 1.46434 1.53748 1.69002 1.82751 1.95209 2.05284 2.06444 2.06801 2.11007 2.16244 2.21486 2.26322 2.31816 2.53109 2.50826 2.47070 2.46846 2.08447 2.02770 2.02646 2.02522 2.02398 2.02275 2.07608 2.12014 2.12014 2.12014 2.12014 1.88687 1.86405 1.94431 2.19446 2.27845 2.30223 2.32602 2.33830 2.33830 2.33830 2.29814 2.30240 2.33350 2.36921 2.39818 2.20259 2.17559 2.17559
2.36171 2.10060 1.70313 1.70255 1.82882 1.83287 1.83774 1.84449 1.78505 1.71007 1.71683 1.72359 1.73034 1.73709 1.74385 1.74994 1.75098 1.74409 1.62507 1.81092 1.90280 2.00148 2.06444 2.06573 2.07114 2.11160 2.16329 2.21318 2.25811 2.26719 2.26687 2.26657 2.26627 2.29945 2.42847 2.50672 2.46215 2.46215 2.21796 2.02115 2.02115 2.02115 2.02124 2.04131 2.10024 2.21119 2.24662 2.28207 2.31751 2.12161 1.96894 1.97695 2.23741 2.33830 2.33830 2.34824 2.37970 2.41627 2.45854 2.47386 2.42029 2.39948 2.39948 2.39948 2.26085 2.17559 2.17559
2.05951 1.95099 1.74146 1.74822 1.85530 1.89700 1.89891 1.89891 1.86336 1.75098 1.75098 1.75098 1.75098 1.75098 1.75098 1.75098 1.75098 1.75098 1.64997 2.15416 2.12855 2.12212 2.16828 2.21278 2.25471 2.26593 2.26593 2.26593 2.26593 2.26593 2.26593 2.26593 2.26593 2.29092 2.37055 2.52286 2.46558 2.49118 2.40740 2.12685 2.16228 2.19769 2.23310 2.24842 2.24944 2.33882 2.34742 2.34742 2.34742 2.22326 1.96894 1.97068 2.19276 2.40420 2.46003 2.49187 2.49269 2.49269 2.49269 2.48316 2.43774 2.39954 2.39948 2.39948 2.31929 2.17559 2.17559
1.77521 1.77520 1.76458 1.76343 1.82711 1.89891 1.89891 1.89891 1.89220 1.75273 1.75098 1.75098 1.75098 1.75098 1.75098 1.75098 1.75098 1.77449 1.72519 2.14523 2.24874 2.26464 2.26593 2.26593 2.26593 2.26593 2.26593 2.26593 2.26593 2.26593 2.27307 2.29821 2.32557 2.37277 2.44998 2.68287 2.65277 2.65154 2.63846 2.26552 2.24842 2.24842 2.24842 2.24842 2.24842 2.30879 2.34742 2.35684 2.38235 2.37946 1.99172 1.99232 2.16958 2.42930 2.49269 2.49269 2.49269 2.49269 2.49269 2.48896 2.44640 2.40608 2.39948 2.39948 2.36683 2.13563 2.10470
1.77521 1.77521 1.76736 1.76343 1.79046 1.89891 1.89891 1.89891 1.89891 1.77653 1.75098 1.75098 1.75098 1.76632 1.81259 1.85975 1.90691 1.93056 1.87592 2.05097 2.26336 2.26249 2.26593 2.26593 2.27797 2.30407 2.33143 2.36042 2.39114 2.42383 2.44833 2.44899 2.44859 2.45708 2.48857 2.66401 2.66131 2.63820 2.60740 2.32246 2.22906 2.22796 2.22685 2.22629 2.22667 2.26857 2.41258 2.43137 2.43017 2.42878 2.04814 1.95294 2.05028 2.30312 2.36025 2.32796 2.29554 2.26318 2.23086 2.19960 2.07814 2.07082 2.08133 2.05083 2.03067 1.84292 1.80638
1.78576 1.79104 1.79131 1.78985 1.79614 1.92522 1.94114 1.94642 1.95169 1.83696 1.79645 1.84312 1.88978 1.92108 1.92147 1.92095 1.92046 1.91990 1.90186 1.84238 2.31201 2.35245 2.38963 2.42245 2.44022 2.43994 2.43994 2.43994 2.43994 2.43994 2.43994 2.43994 2.43994 2.43614 2.37870 2.42180 2.42126 2.27606 2.20942 2.20903 2.21051 2.21371 2.21822 2.22219 2.22519 2.23334 2.42438 2.44019 2.44392 2.44765 2.19661 1.98204 1.98502 2.00478 2.05708 2.05708 2.05708 2.05708 2.05708 2.05708 1.95938 1.95208 2.08376 2.11523 2.14521 2.06580 2.07485
1.90296 1.90296 1.90075 1.89118 1.89118 1.98458 2.07015 2.11731 2.16448 2.08245 1.91607 1.91599 1.91194 1.90561 1.89933 1.89300 1.88672 1.88044 1.87803 1.73353 2.26248 2.43168 2.43884 2.43994 2.43994 2.43994 2.43994 2.43994 2.43994 2.41430 2.31487 2.20742 2.08864 1.96311 1.95844 2.08637 2.29905 2.23503 2.23954 2.24361 2.24664 2.24796 2.24796 2.24796 2.24796 2.24796 2.37790 2.45744 2.45744 2.45712 2.32593 1.98218 1.98125 1.98890 2.21537 2.25190 2.27595 2.29890 2.32083 2.33318 2.30752 2.25487 2.26089 2.29160 2.31436 2.36458 2.43905
1.90296 1.90422 1.93730 1.97349 2.01994 2.11533 2.20188 2.19558 2.18927 2.12235 1.88650 1.88026 1.87803 1.87803 1.87803 1.87803 1.87803 1.87803 1.87803 1.77269 2.09429 2.45023 2.46473 2.47828 2.48742 2.43483 2.33632 2.22782 2.10753 2.01160 2.01298 2.01342 2.01517 2.01708 2.03486 2.06466 2.33049 2.25044 2.24753 2.24678 2.24604 2.24529 2.24455 2.24380 2.24306 2.24231 2.30587 2.44852 2.44759 2.44698 2.42842 1.98668 1.97224 1.94877 2.21510 2.26364 2.22553 2.18748 2.14939 2.11967 2.09632 2.02799 2.19629 2.32353 2.32353 2.33137 2.43788
2.02325 2.07020 2.08523 2.07793 2.07556 2.08744 2.16814 2.16819 2.16819 2.16004 1.87731 1.85971 1.84915 1.83860 1.82803 1.81748 1.80692 1.79635 1.78579 1.79671 2.00339 2.40719 2.32068 2.20473 2.06933 2.01309 2.01309 2.00790 1.98476 1.96008 1.93547 1.91047 1.88409 1.85766 1.84150 1.83141 2.07642 2.21321 2.23958 2.23958 2.23958 2.23958 2.23958 2.23958 2.23958 2.23958 2.23343 2.35250 2.28650 2.21604 2.14554 1.84272 1.73081 1.72457 1.94200 2.11752 2.11752 2.11752 2.11752 2.11752 2.11096 2.02799 2.09209 2.32353 2.32353 2.32353 2.41582
2.08952 2.09156 2.09361 2.07086 2.02852 2.01797 2.08481 2.08809 2.07753 2.06725 1.83286 1.77398 1.77398 1.77398 1.77398 1.77398 1.77398 1.76983 1.76008 1.75765 1.81085 1.85073 1.85301 1.83589 1.81192 1.78732 1.76274 1.74324 1.74176 1.74176 1.74176 1.74176 1.74176 1.74176 1.74671 1.76862 1.96030 2.18190 2.23958 2.23831 2.19930 2.14293 2.08653 2.03020 1.97376 1.91743 1.87801 1.95697 1.99328 1.99328 1.99328 1.86019 1.72134 1.72265 1.85303 2.11752 2.11752 2.11752 2.11752 2.11752 2.11752 2.03979 2.02803 2.28803 2.32353 2.32353 2.38579
2.10779 2.10780 2.10780 2.07634 1.97291 1.97291 2.02580 2.05913 2.04269 2.02655 1.85274 1.73461 1.72646 1.71864 1.71118 1.70402 1.69716 1.69324 1.69321 1.69285 1.72162 1.67778 1.68088 1.71303 1.74176 1.74176 1.74176 1.74176 1.74176 1.74176 1.74176 1.74176 1.74176 1.74478 1.76334 1.80576 1.86142 1.91882 1.94912 1.89402 1.87663 1.87663 1.87663 1.87663 1.87663 1.87663 1.87663 1.91969 1.99328 1.99328 1.99328 1.93100 1.72134 1.72137 1.76408 2.11698 2.11752 2.11752 2.11752 2.11752 2.11752 2.06053 2.02799 2.20277 2.32353 2.32353 2.35596
2.10780 2.10780 2.10780 2.10409 1.96232 1.87004 1.88277 1.92566 1.92534 1.92534 1.83582 1.69321 1.69321 1.69321 1.69321 1.69320 1.68626 1.67370 1.66114 1.64897 1.67536 1.65358 1.66396 1.68693 1.74176 1.74176 1.74176 1.74767 1.76709 1.78568 1.80295 1.81905 1.83406 1.84560 1.84073 1.86360 1.87269 1.77493 1.88535 1.88753 1.88924 1.89095 1.89266 1.89442 1.89612 1.89773 1.87327 1.84254 2.02505 2.02838 2.03053 2.02760 1.77650 1.76505 1.77297 2.11105 2.16969 2.19700 2.23065 2.26441 2.29796 2.28996 2.27439 2.37092 2.57140 2.60282 2.63948
2.10780 2.10780 2.10780 2.10780 2.00497 1.86007 1.84938 1.90668 1.89752 1.88721 1.83588 1.64313 1.63102 1.61100 1.59099 1.57087 1.55778 1.55024 1.54274 1.53522 1.54688 1.55383 1.54681 1.56149 1.64085 1.65786 1.67031 1.67682 1.66980 1.66242 1.65477 1.64738 1.63971 1.63291 1.63163 1.80417 1.93066 1.84786 1.91844 1.93815 1.93815 1.93815 1.91558 1.86943 1.82330 1.78235 1.78247 1.80347 2.07558 2.18040 2.20668 2.23293 2.06664 2.01351 2.07670 2.39653 2.56934 2.57575 2.57575 2.57575 2.57575 2.56600 2.53644 2.53678 2.68751 2.69927 2.66375
1.86436 1.85144 1.83853 1.82565 1.74246 1.62193 1.60279 1.65919 1.67295 1.66106 1.64566 1.44539 1.42946 1.42934 1.42934 1.44600 1.48285 1.51881 1.54899 1.59293 1.63817 1.67982 1.60657 1.56956 1.61060 1.63163 1.63163 1.63163 1.63163 1.63163 1.63163 1.63163 1.63163 1.63163 1.63263 1.74925 1.94068 1.91555 1.96204 1.98581 1.96072 1.93555 1.93304 1.95401 1.97506 1.99097 1.99195 1.99195 2.15290 2.36347 2.36347 2.36347 2.24172 2.09233 2.12230 2.32889 2.45096 2.41110 2.37119 2.33119 2.29142 2.23933 2.05383 2.04173 2.21683 2.29849 2.28743
1.79585 1.79585 1.79585 1.78983 1.73250 1.58589 1.53932 1.55112 1.56476 1.56936 1.59183 1.47667 1.45898 1.48172 1.50424 1.51164 1.50213 1.49332 1.50046 1.64985 1.65124 1.68821 1.62780 1.56960 1.59399 1.63929 1.64395 1.64858 1.65324 1.65788 1.66253 1.66717 1.67182 1.67647 1.66435 1.67107 1.87203 1.84403 1.91442 1.99195 1.99195 1.99195 1.99299 1.99710 2.00153 2.00613 2.01092 2.01588 2.08411 2.47913 2.49875 2.51951 2.47547 2.20099 2.20712 2.27672 2.11139 2.15115 2.19093 2.23069 2.27042 2.31015 2.24588 2.24430 2.26129 2.26859 2.21167
1.62533 1.58656 1.56141 1.54234 1.52908 1.42861 1.42341 1.46871 1.64110 1.65688 1.65688 1.56381 1.49137 1.49183 1.51707 1.55632 1.59554 1.63480 1.67398 1.87990 1.96422 1.81891 1.69446 1.61924 1.62182 1.67882 1.68041 1.68041 1.68041 1.68041 1.66752 1.62374 1.58472 1.54578 1.52195 1.53359 1.85409 1.88690 1.99171 2.03341 2.03932 2.04548 2.05029 2.05056 2.05056 2.05056 2.05056 2.05056 2.05087 2.47718 2.56408 2.56267 2.55898 2.42212 2.47241 2.62255 2.37267 2.35665 2.35665 2.35665 2.35450 2.30767 2.16346 2.06076 2.01173 2.09234 2.10182
1.60010 1.54566 1.54988 1.55245 1.55707 1.52285 1.53142 1.57364 1.82149 1.87271 1.91197 1.89214 1.82494 1.86373 1.87775 1.87775 1.87775 1.87775 1.87775 2.01497 2.11449 1.93624 1.72169 1.66396 1.65221 1.71144 1.73207 1.69550 1.65419 1.61112 1.58164 1.58949 1.59125 1.59125 1.59125 1.59125 1.87925 1.96504 2.04228 2.05056 2.05056 2.05056 2.05056 2.05011 2.04906 2.04802 2.04696 2.04590 2.04484 2.29195 2.55639 2.55639 2.55639 2.55482 2.55415 2.62477 2.42911 2.30579 2.24698 2.19440 2.14865 2.13609 2.07202 1.99669 1.99669 2.06237 2.10182
1.72283 1.62440 1.63515 1.64589 1.65203 1.79817 1.83924 1.81853 1.97484 2.04326 2.04326 2.01713 1.87158 1.86635 1.86111 1.85588 1.85063 1.84540 1.84016 1.91725 2.05681 1.96338 1.74493 1.84398 1.84259 1.79005 1.59446 1.59125 1.59125 1.59125 1.59125 1.59125 1.59125 1.59125 1.59125 1.59125 1.80371 1.96027 2.01912 2.04758 2.04653 2.04545 2.04438 2.04376 2.04376 2.04376 2.04376 2.04376 2.04376 2.14393 2.55639 2.55639 2.55120 2.47371 2.38475 2.34224 2.23741 2.13609 2.13609 2.13609 2.13609 2.13609 2.09825 1.99669 1.99669 2.02735 2.10182
1.83402 1.65143 1.63774 1.61946 1.60196 1.66402 1.79459 1.78702 1.87756 2.00127 1.99605 1.99109 1.83625 1.82623 1.82623 1.82623 1.82623 1.82623 1.82789 1.89077 2.12718 2.15614 1.87317 2.01505 1.93569 1.90408 1.59427 1.59125 1.59125 1.59125 1.59046 1.58504 1.57887 1.57269 1.56652 1.56034 1.69158 1.92655 1.97702 2.04377 2.04376 2.04376 2.04376 2.04374 2.04368 2.04362 2.04356 2.04350 2.04930 2.15192 2.39368 2.30800 2.24489 2.22988 2.22840 2.23724 2.26792 2.13541 2.13536 2.13531 2.13526 2.13234 2.10952 1.97092 1.95977 1.95019 2.04606
