High_resolution/powerplant/Shangrao/OMI_NO2_201003.asc
ncols      200
nrows      200
xllcorner       115.451
yllcorner       27.0350
cellsize     0.0166667
NODATA_Value      -999.000
[rows 145 to 173 of 175, columns 0 to 66 of 200]
0.873660 0.873660 0.793200 0.382797 0.382797 0.382797 0.382797 0.382797 0.382797 0.382797 0.382797 0.382797 0.382797 0.382797 0.382797 0.382797 0.382797 0.382797 0.382797 0.00000 0.00000 0.00000 0.00000 0.00000 1.02129 1.00818 0.990781 0.973428 0.956527 0.951487 0.951487 0.806951 0.711630 0.814460 0.846361 0.846361 0.846361 0.846361 0.842864 0.823980 0.734512 0.751431 0.755895 0.767264 0.783181 0.800837 0.810988 0.810267 0.810201 0.810201 0.810201 0.810201 0.810201 0.810201 0.810201 0.810201 0.812020 0.822092 0.836303 0.892924 0.906642 0.886984 0.00000 0.00000 0.00000 0.00000 0.00000
0.873660 0.873660 0.872826 0.434534 0.382797 0.382797 0.382797 0.382797 0.382797 0.382797 0.382797 0.382797 0.382797 0.382797 0.382797 0.382797 0.382797 0.382797 0.382797 0.00000 0.00000 0.00000 0.00000 0.00000 0.955737 0.951487 0.951487 0.951487 0.951487 0.951487 0.951487 0.875827 0.711630 0.780698 0.846789 0.862093 0.873562 0.882003 0.888613 0.876289 0.798380 0.785800 0.797714 0.801607 0.801607 0.801607 0.801619 0.808962 0.810201 0.810201 0.810201 0.810201 0.813283 0.824382 0.839384 0.860332 0.884402 0.886984 0.886984 0.886984 0.886984 0.886984 0.00000 0.00000 0.00000 0.00000 0.00000
0.873660 0.873660 0.873660 0.565104 0.382797 0.382797 0.382797 0.382797 0.382797 0.382797 0.382797 0.382797 0.382797 0.382797 0.382797 0.382797 0.382797 0.382797 0.382637 0.344431 0.00000 0.00000 0.00000 0.00000 0.951487 0.951487 0.951487 0.951487 0.951487 0.964062 0.984041 0.974998 0.786879 0.807666 0.906406 0.881383 0.856631 0.836575 0.818079 0.805583 0.802787 0.801607 0.801607 0.801607 0.801607 0.801607 0.801607 0.806247 0.814928 0.826782 0.842671 0.865065 0.886281 0.886984 0.886984 0.886984 0.886984 0.886984 0.886984 0.886984 0.886984 0.886984 0.00000 0.00000 0.00000 0.00000 0.521830
0.873660 0.873660 0.873660 0.696508 0.382797 0.382797 0.382797 0.382797 0.382797 0.382797 0.382797 0.382797 0.382797 0.371339 0.308132 0.238928 0.169610 0.100216 0.0312411 0.000878544 0.00000 0.00000 0.00000 0.00000 0.978703 0.981503 0.978117 0.975541 0.973547 0.965544 0.951137 0.937782 0.809282 0.746384 0.807142 0.814403 0.814403 0.814403 0.814403 0.808600 0.803553 0.801607 0.801607 0.801682 0.805439 0.812059 0.820019 0.839472 0.886984 0.886984 0.886984 0.886984 0.886984 0.886984 0.886984 0.886984 0.886984 0.886984 0.886984 0.886984 0.886984 0.886984 0.551360 0.521830 0.521830 0.521830 0.521830
0.873660 0.873660 0.873660 0.826435 0.384319 0.382797 0.382797 0.382568 0.342161 0.272728 0.203486 0.134206 0.0648117 0.00714201 0.000878544 0.000878544 0.000878544 0.000878544 0.000878544 0.000878544 0.00000 0.00000 0.00000 0.00000 0.956696 0.953038 0.950559 0.936879 0.921837 0.906807 0.893749 0.891991 0.821323 0.730431 0.778862 0.814403 0.814403 0.814403 0.814403 0.811599 0.809294 0.813581 0.821643 0.831631 0.835702 0.835702 0.835702 0.838724 0.886902 0.886984 0.886984 0.886984 0.886984 0.886984 0.886984 0.886984 0.886984 0.886984 0.886984 0.886984 0.886984 0.886984 0.523569 0.521830 0.521830 0.521830 0.521830
0.873660 0.873660 0.893969 1.01546 0.414425 0.168082 0.0988024 0.0295988 0.000878544 0.000878544 0.000878544 0.000878544 0.000878544 0.000878544 0.000878544 0.000878544 0.000878544 0.000878544 0.000878544 0.000878544 0.00000 0.00000 0.00000 0.00000 0.920921 0.905904 0.893334 0.891991 0.891991 0.891991 0.891991 0.891991 0.864106 0.730431 0.756891 0.813435 0.803671 0.791740 0.779833 0.769948 0.834347 0.837017 0.835702 0.835702 0.835702 0.835702 0.835702 0.835702 0.873374 0.886984 0.886984 0.886984 0.886984 0.886984 0.886984 0.886984 0.886984 0.886984 0.886984 0.00000 0.00000 0.00000 0.521830 0.521830 0.521830 0.521830 0.521830
1.33430 1.46979 1.58504 1.59896 0.707942 0.000878544 0.000878544 0.000878544 0.000878544 0.000878544 0.000878544 0.000878544 0.000878544 0.000878544 0.000878544 0.000878544 0.000878544 0.000878544 0.000878544 0.000878544 0.000878544 0.00000 0.00000 0.00000 0.891991 0.891991 0.891991 0.891991 0.891991 0.891991 0.891991 0.891041 0.882928 0.728305 0.710710 0.768115 0.766041 0.766041 0.766041 0.766041 0.809427 0.838165 0.835702 0.835702 0.835702 0.835702 0.835702 0.835702 0.856822 0.886984 0.886185 0.886984 0.886984 0.886984 0.00000 0.00000 0.00000 0.00000 0.00000 0.00000 0.00000 0.00000 0.521830 0.522967 0.527054 0.530114 0.532352
1.59896 1.59896 1.59896 1.59896 1.13632 0.000878544 0.000878544 0.000878544 0.000878544 0.000878544 0.000878544 0.000878544 0.000878544 0.000878544 0.000878544 0.000878544 0.000878544 0.000878544 0.000878544 0.000878544 0.000878544 0.00000 0.00000 0.00000 0.891991 0.891991 0.891991 0.890791 0.882887 0.873950 0.865013 0.857022 0.855720 0.751885 0.694160 0.752384 0.766041 0.766041 0.766041 0.766041 0.787928 0.839281 0.835738 0.836090 0.837560 0.825419 0.802480 0.770031 0.721838 0.661254 0.645734 0.00000 0.00000 0.00000 0.00000 0.00000 0.00000 0.00000 0.00000 1.81837 1.81837 1.53428 0.546507 0.534744 0.534315 0.534315 0.534315
1.59896 1.59896 1.59896 1.59896 1.52705 0.0385971 0.000878544 0.000878544 0.000878544 0.000878544 0.000878544 0.000878544 0.000878544 0.000878544 0.000878544 0.000878544 0.000878544 0.000878544 0.000878544 0.000878544 0.000878544 0.00000 0.00000 0.00000 0.882358 0.873435 0.864483 0.856761 0.855720 0.855720 0.855720 0.855720 0.855720 0.794650 0.694160 0.731137 0.766041 0.766037 0.765184 0.758797 0.754949 0.805246 0.774504 0.735586 0.693906 0.653396 0.645734 0.645734 0.645734 0.645734 0.645734 0.00000 0.00000 0.00000 1.81837 1.81837 1.81837 1.81837 1.81837 1.81837 1.81837 1.79701 0.627172 0.537064 0.534315 0.534315 0.534315
1.59896 1.59896 1.59896 1.59896 1.59896 0.395006 0.000878544 0.000878544 0.000878544 0.000878544 0.000878544 0.000878544 0.000878544 0.000878544 0.000878544 0.000878544 0.000878544 0.000878544 0.000878544 0.000878544 0.000878544 0.00000 0.00000 0.00000 0.855720 0.855720 0.855720 0.855720 0.855720 0.855720 0.855720 0.855720 0.839930 0.765705 0.691330 0.707708 0.735785 0.723736 0.701911 0.681429 0.657661 0.644684 0.645734 0.645734 0.645734 0.645734 0.645734 0.645734 0.645734 0.645734 0.652737 1.63867 1.81837 1.81837 1.81837 1.81837 1.81837 1.81837 1.81837 1.81837 1.81837 1.81837 0.976464 0.540341 0.534315 0.534315 0.534315
1.59896 1.59896 1.59896 1.59896 1.59896 0.823335 0.000878544 0.000878544 0.000878544 0.000878544 0.000878544 0.000878544 0.000878544 0.000878544 0.000878544 0.000878544 0.000878544 0.000878544 0.000878544 0.000878544 0.000878544 0.000878544 0.00000 0.00000 0.855720 0.855720 0.854341 0.811545 0.752761 0.694945 0.637131 0.579272 0.537246 0.531503 0.644019 0.657328 0.655825 0.633890 0.632324 0.632324 0.632324 0.636847 0.645734 0.645734 0.645734 0.645734 0.667147 0.852841 1.01183 1.12590 1.20987 1.57625 1.81837 1.81837 1.81837 1.81837 1.81837 1.81837 1.81837 1.81837 1.81837 1.81837 1.34729 0.545130 0.534395 0.540407 0.555370
1.59896 1.59896 1.59896 1.59896 1.59896 1.25186 0.000878544 0.000878544 0.000878544 0.000878544 0.000878544 0.000878544 0.000878544 0.000878544 0.000878544 0.000878544 0.000878544 0.00000 0.00000 0.00000 0.00000 0.00000 0.00000 0.00000 0.666133 0.608282 0.551848 0.536822 0.537787 0.530557 0.506617 0.478728 0.446562 0.420022 0.506945 0.602350 0.625978 0.632324 0.632324 0.632324 0.632324 0.633895 0.689751 0.885040 1.03447 1.14266 1.21896 1.23205 1.23205 1.23205 1.23205 1.41533 1.81837 1.81837 1.81837 1.81837 1.81837 1.81837 1.81837 1.81837 1.81609 1.62396 1.31589 0.457352 0.554931 0.599181 0.599258
1.59896 1.59896 1.59896 1.59896 1.59896 1.54771 0.0979329 0.000878544 0.000878544 0.000878544 0.000878544 0.00000 0.00000 0.00000 0.00000 0.00000 0.00000 0.00000 0.00000 0.00000 0.00000 0.00000 0.00000 0.00000 0.537787 0.529467 0.505134 0.477060 0.444541 0.419563 0.418787 0.418787 0.418787 0.418787 0.461812 0.602350 0.617994 0.632324 0.654929 0.756497 0.865159 0.974584 1.21086 1.23205 1.23205 1.23205 1.23205 1.23205 1.23205 1.23205 1.23205 1.30186 1.81837 1.81837 1.81837 1.81837 1.80228 1.57498 1.36163 1.20939 1.09597 1.05853 1.05853 0.557853 0.507202 0.599258 0.599258
1.51641 1.31153 1.10543 0.899435 0.693556 0.517985 0.496824 0.00000 0.00000 0.00000 0.00000 0.00000 0.00000 0.00000 0.00000 0.00000 0.00000 0.00000 0.00000 0.00000 0.00000 0.00000 0.00000 0.00000 0.442617 0.419168 0.418787 0.418787 0.418787 0.418787 0.418787 0.418787 0.418787 0.418787 0.444989 0.728859 0.849574 0.980254 1.06622 1.07296 1.07296 1.07296 1.17193 1.23205 1.23205 1.23205 1.23205 1.23205 1.23205 1.23205 1.23205 1.23571 1.71185 1.52940 1.32982 1.18594 1.08159 1.05853 1.05853 1.05853 1.05853 1.05853 1.05853 0.743121 0.456005 0.599258 0.577849
0.497926 0.496824 0.496824 0.496824 0.496824 0.496824 0.496824 0.00000 0.00000 0.00000 0.00000 0.00000 0.00000 0.00000 0.00000 0.00000 0.00000 0.00000 0.00000 0.00000 0.00000 0.00000 0.00000 0.00000 0.418787 0.418787 0.418787 0.418787 0.418787 0.418787 0.440291 0.510705 0.582970 0.655294 0.709463 0.945556 1.04384 1.07180 1.07296 1.07296 1.07296 1.07296 1.12527 1.23205 1.23205 1.23205 1.23154 1.22188 1.17532 1.08195 0.997844 0.903739 0.978078 1.05853 1.05853 1.05853 1.05853 1.05853 1.05853 1.05853 1.05853 1.05808 0.954367 0.671706 0.256655 0.350703 0.327193
0.496824 0.496824 0.496824 0.496824 0.496824 0.496824 0.496824 0.00000 0.00000 0.00000 0.00000 0.00000 0.00000 0.00000 0.00000 0.00000 0.00000 0.00000 0.00000 0.00000 0.00000 0.00000 0.00000 0.00000 0.418787 0.418787 0.443874 0.515288 0.587494 0.659906 0.710609 0.712548 0.712548 0.712548 0.712548 0.849640 1.04299 1.06468 1.07296 1.07296 1.07296 1.07444 1.07174 1.17447 1.12594 1.04651 0.984556 0.930847 0.899329 0.897347 0.885240 0.825164 0.901903 1.05853 1.05853 1.05853 1.05853 1.05267 0.921243 0.739179 0.557191 0.375508 0.297078 0.296179 0.163209 0.257065 0.326182
0.496824 0.496824 0.496824 0.496824 0.496824 0.496824 0.496824 0.496824 0.00000 0.00000 0.00000 0.00000 0.00000 0.00000 0.00000 0.00000 0.00000 0.00000 0.00000 0.00000 0.00000 0.00000 0.00000 0.00000 0.592047 0.664400 0.711549 0.712548 0.712548 0.712548 0.712548 0.712548 0.712548 0.712548 0.712548 0.783972 1.06111 1.07976 1.03619 1.02272 0.982646 0.912360 0.856666 0.874695 0.880694 0.897347 0.897347 0.897347 0.897347 0.897347 0.896685 0.831186 0.851737 1.04125 0.887968 0.705980 0.523840 0.347639 0.297078 0.297078 0.297078 0.297078 0.297078 0.297078 0.205056 0.205838 0.326182
0.496824 0.496824 0.496824 0.496824 0.496824 0.496824 0.496824 0.496824 0.00000 0.00000 0.00000 0.00000 0.00000 0.00000 0.00000 0.00000 0.00000 0.00000 0.00000 0.00000 0.00000 0.00000 0.00000 0.00000 0.712548 0.712548 0.712548 0.712548 0.712548 0.713132 0.757601 0.840160 0.937152 1.04795 1.17607 1.30450 1.24500 1.07506 0.853619 0.810475 0.787723 0.787571 0.787571 0.823277 0.871350 0.897347 0.897347 0.897347 0.897347 0.879948 0.795541 0.619959 0.446723 0.327517 0.297078 0.297078 0.297078 0.297078 0.297078 0.297078 0.297078 0.297078 0.297078 0.297078 0.247820 0.158823 0.322017
0.496824 0.496824 0.496824 0.496824 0.496824 0.496824 0.496824 0.496824 0.00000 0.00000 0.00000 0.00000 0.00000 0.00000 0.00000 0.00000 0.00000 0.00000 0.00000 0.00000 0.00000 0.00000 0.00000 0.00000 0.726463 0.796739 0.887254 0.990693 1.10981 1.24757 1.34306 1.36048 1.28643 1.17187 1.07869 1.00164 0.940667 0.929306 0.796128 0.787571 0.787571 0.787571 0.787571 0.799972 0.867115 0.863532 0.778903 0.687871 0.596801 0.523282 0.516619 0.446324 0.317527 0.306493 0.297078 0.297078 0.297078 0.297078 0.297078 0.297078 0.297078 0.297078 0.297078 0.297068 0.286829 0.111487 0.335865
0.496824 0.496824 0.496824 0.496824 0.496824 0.496824 0.496824 0.496824 0.496824 0.00000 0.00000 0.00000 0.00000 0.00000 0.00000 0.00000 0.00000 0.00000 0.00000 0.00000 0.00000 0.00000 0.00000 0.00000 1.30750 1.35928 1.36059 1.35971 1.27802 1.16506 1.07327 0.996928 0.966318 0.966318 0.966318 0.966318 0.950124 0.930619 0.826759 0.787571 0.787571 0.763584 0.703628 0.643485 0.556606 0.504950 0.516619 0.516619 0.516619 0.516619 0.516619 0.492105 0.317527 0.311679 0.297078 0.297078 0.297078 0.297078 0.297078 0.297052 0.296855 0.296566 0.296168 0.295626 0.295460 0.0731938 0.269016
0.496824 0.496824 0.496824 0.518671 0.577687 0.637279 0.696903 0.756527 0.806501 0.00000 0.00000 0.00000 0.00000 0.00000 0.00000 0.00000 0.00000 0.00000 0.00000 0.00000 0.00000 0.00000 0.00000 0.00000 1.26969 1.15835 1.06758 0.992807 0.966318 0.966318 0.966318 0.966318 0.966318 0.966318 0.966318 0.966318 0.959580 0.894268 0.760191 0.639907 0.579609 0.543420 0.543054 0.543054 0.510769 0.494315 0.516619 0.516619 0.516619 0.516619 0.516619 0.516440 0.345002 0.315914 0.297097 0.297029 0.296807 0.296501 0.296076 0.295548 0.295460 0.295460 0.295460 0.295460 0.295460 0.158710 0.118934
0.659062 0.718686 0.778278 0.816087 0.816695 0.816695 0.816695 0.816695 0.816695 0.00000 0.00000 0.00000 0.00000 0.00000 0.00000 0.00000 0.00000 0.00000 0.00000 0.00000 0.00000 0.00000 0.00000 0.00000 0.966318 0.966318 0.966318 0.966318 0.966318 0.966318 0.966318 0.966318 0.966318 0.925272 0.845071 0.764641 0.684160 0.607618 0.593756 0.543054 0.543054 0.543054 0.543054 0.543054 0.527369 0.487071 0.514991 0.516619 0.516619 0.515947 0.496288 0.462849 0.345053 0.277006 0.283247 0.295493 0.295460 0.295460 0.295460 0.295460 0.295460 0.295460 0.295460 0.295460 0.294696 0.241197 0.211257
0.816695 0.816695 0.816695 0.816695 0.816695 0.816695 0.816695 0.816695 0.816695 0.00000 0.00000 0.00000 0.00000 0.00000 0.00000 0.00000 0.00000 0.00000 0.00000 0.00000 0.00000 0.00000 0.00000 0.00000 0.992330 0.966318 0.966318 0.966318 0.966123 0.920578 0.840311 0.759914 0.679679 0.640296 0.640296 0.640296 0.640296 0.616766 0.604588 0.549029 0.543054 0.543054 0.543054 0.543054 0.531267 0.442717 0.418918 0.386630 0.335384 0.268295 0.227221 0.218016 0.217960 0.217960 0.250319 0.295460 0.295460 0.295460 0.295460 0.295460 0.293422 0.276844 0.257420 0.237989 0.219316 0.214674 0.466158
0.816695 0.816695 0.816695 0.816695 0.816695 0.816695 0.816695 0.816695 0.816695 0.816695 0.00000 0.00000 0.00000 0.00000 0.00000 0.00000 0.00000 0.00000 0.00000 0.00000 0.00000 0.00000 0.00000 0.00000 1.08160 0.915915 0.835551 0.755219 0.675115 0.640296 0.640296 0.640296 0.640296 0.640296 0.640296 0.640296 0.640296 0.626223 0.600006 0.530243 0.473401 0.429684 0.381083 0.320200 0.268206 0.198705 0.181950 0.217960 0.217960 0.217960 0.217960 0.217960 0.217960 0.217960 0.233130 0.295460 0.291538 0.273385 0.253958 0.234530 0.217132 0.214275 0.214275 0.214275 0.214275 0.214275 0.383750
0.816695 0.816695 0.816695 0.816695 0.816695 0.816695 0.816695 0.816695 0.816695 0.816695 0.00000 0.00000 0.00000 0.00000 0.00000 0.00000 0.00000 0.00000 0.00000 0.00000 0.00000 0.00000 0.00000 0.00000 0.815272 0.640296 0.640296 0.640296 0.640296 0.640296 0.640296 0.640296 0.640144 0.608068 0.544248 0.482840 0.427981 0.379721 0.350113 0.314634 0.261216 0.250240 0.239403 0.235518 0.235518 0.205421 0.163739 0.217465 0.217960 0.217960 0.217960 0.217960 0.214745 0.205193 0.197587 0.230344 0.215557 0.214275 0.214275 0.214275 0.214275 0.214275 0.214275 0.214275 0.214275 0.214275 0.300928
0.816695 0.816695 0.816695 0.816695 0.816695 0.816695 0.816695 0.816695 0.816695 0.816695 0.00000 0.00000 0.00000 0.00000 0.00000 0.00000 0.00000 0.00000 0.00000 0.00000 0.00000 0.00000 0.00000 0.00000 0.854375 0.644198 0.640296 0.630856 0.576467 0.512028 0.454203 0.402123 0.355120 0.336498 0.336145 0.330004 0.321778 0.313540 0.304186 0.294966 0.235837 0.235518 0.235518 0.235518 0.235518 0.227343 0.160169 0.201834 0.213182 0.203468 0.193750 0.184036 0.177533 0.177367 0.177367 0.202173 0.214275 0.214275 0.214275 0.214275 0.214275 0.214275 0.214275 0.214275 0.214275 0.214275 0.226637
0.816695 0.816695 0.816695 0.816695 0.816695 0.816695 0.816695 0.816695 0.816695 0.816695 0.00000 0.00000 0.00000 0.00000 0.00000 0.00000 0.00000 0.00000 0.00000 0.00000 0.00000 0.00000 0.00000 0.00000 0.641974 0.447751 0.377510 0.340100 0.336488 0.336486 0.335974 0.329475 0.321237 0.313021 0.305121 0.303037 0.303037 0.303037 0.301745 0.300585 0.247483 0.235518 0.235518 0.235375 0.220434 0.191983 0.143200 0.154746 0.177367 0.177367 0.177367 0.177367 0.177367 0.177367 0.177367 0.191098 0.214275 0.214275 0.214275 0.214275 0.214275 0.214275 0.214275 0.214275 0.214275 0.214275 0.214275
0.816695 0.816695 0.816695 0.816695 0.816695 0.816695 0.816695 0.816695 0.816695 0.816695 0.00000 0.00000 0.00000 0.00000 0.00000 0.00000 0.00000 0.00000 0.00000 0.00000 0.00000 0.00000 0.00000 0.00000 0.397683 0.362547 0.335774 0.328933 0.320715 0.312479 0.304763 0.303037 0.303037 0.303037 0.303037 0.303037 0.303037 0.303037 0.302371 0.300289 0.249481 0.189711 0.154853 0.112120 0.0922138 0.0922138 0.117347 0.139571 0.177367 0.177367 0.177367 0.177367 0.177367 0.177367 0.177367 0.183385 0.214275 0.214275 0.214275 0.214275 0.214275 0.214275 0.214275 0.214275 0.214275 0.214275 0.214275
0.816695 0.816695 0.816695 0.816695 0.816695 0.816695 0.816695 0.00000 0.00000 0.00000 0.00000 0.00000 0.00000 0.00000 0.00000 0.00000 0.00000 0.00000 0.00000 0.00000 0.00000 0.00000 0.00000 0.00000 0.376514 0.378115 0.304435 0.303037 0.303037 0.303037 0.303037 0.303037 0.303037 0.303037 0.303037 0.302598 0.292370 0.276565 0.257230 0.203299 0.161940 0.0922138 0.0922138 0.0922138 0.0922138 0.0922138 0.104557 0.133100 0.171580 0.177367 0.177367 0.177367 0.177367 0.177447 0.179851 0.185026 0.214260 0.214275 0.214275 0.214275 0.214275 0.214275 0.214275 0.214275 0.214275 0.214275 0.214275
