High_resolution/powerplant/Shangrao/OMI_NO2_200502.asc
ncols      200
nrows      200
xllcorner       115.451
yllcorner       27.0350
cellsize     0.0166667
NODATA_Value      -999.000
[rows 58 to 86 of 166, columns 67 to 133 of 200]
5.35268 5.28909 5.28585 5.28585 5.28585 5.28585 5.28585 5.28585 5.28585 5.28585 5.28585 5.28585 5.28585 5.28585 5.98006 5.73344 5.72914 5.63992 5.52777 5.42646 5.04726 4.73505 4.68067 4.63088 4.58494 4.54648 4.54017 4.54017 4.51584 4.28329 3.49102 3.27094 3.08498 3.08956 3.14594 3.20181 3.22298 3.22298 3.22298 3.22298 3.22298 3.21068 1.97341 1.59331 1.59331 1.59351 1.59689 1.59689 1.59689 1.59689 1.59689 1.59689 1.59689 1.59689 1.59689 1.59689 1.59689 1.59689 1.59689 1.59689 1.59689 1.84448 3.33392 4.55319 5.19428 5.66575 5.70136
4.13155 4.12072 4.13103 4.14119 4.15141 4.16163 5.02563 6.45792 6.46185 6.46587 6.47075 6.56934 6.87642 7.27530 7.71513 8.26335 8.46439 8.66903 8.87269 9.06371 9.10441 9.06160 9.04495 9.04495 9.04495 9.04495 9.04495 9.04495 9.04495 9.04495 7.11393 5.80052 5.80052 5.80052 5.80052 5.80052 4.77719 4.56391 4.56391 4.56391 4.56391 4.54236 4.41939 4.28373 4.14795 3.99874 3.94227 3.94227 3.84321 3.77998 3.71953 2.67763 2.62162 2.50881 2.40417 2.40928 2.67814 3.05065 3.37795 3.66723 3.92560 4.22118 4.43073 4.48001 4.48001 4.24846 2.51222
4.42219 4.24106 4.20357 4.16536 4.15821 4.19743 4.74704 7.32772 7.86257 8.39654 8.99365 9.52318 9.66742 9.66742 9.66742 9.21982 9.10441 9.10441 9.10441 9.10441 9.10441 9.07714 9.04495 9.04495 9.04495 9.04495 9.04495 9.04495 9.04495 9.04495 7.90087 5.88354 5.80052 5.80052 5.80052 5.80052 5.09763 4.53840 4.41302 4.27719 4.14136 4.02708 4.01421 4.01421 4.01421 4.00015 3.94227 3.94227 3.80383 3.68047 3.54497 3.25793 3.46799 3.72193 4.12830 4.33757 4.40798 4.40798 4.40798 4.40798 4.40798 4.45124 4.48001 4.48001 4.48001 4.47581 2.75426
4.24690 4.45993 4.56628 4.72236 4.90841 5.02158 5.32710 9.01811 9.66742 9.66742 9.66742 9.66742 9.66742 9.66742 9.66742 9.34337 9.10441 9.10441 9.10441 9.10441 9.10441 9.09262 9.04495 9.04495 9.04495 9.04495 9.04495 9.04495 9.04495 9.04495 8.41775 6.23644 5.80052 5.77095 5.64304 5.50721 4.98888 4.02449 4.01421 4.01421 4.01421 4.01421 3.98713 3.83637 3.65402 3.44902 3.13495 2.86319 2.62800 2.62192 2.62162 3.41332 4.07012 4.08129 4.39345 4.40798 4.40798 4.41105 4.41664 4.42224 4.42785 4.42780 4.39454 4.37978 4.36498 4.35021 3.19252
4.02291 5.00064 5.11315 5.18473 5.18593 5.18593 5.18979 7.89001 9.66742 9.66742 9.66742 9.66742 9.66742 9.66742 9.66742 9.49410 9.10441 9.10441 9.10441 9.10441 9.10441 9.10386 9.04914 9.04495 9.04495 9.04495 9.04495 9.04495 9.04495 9.10711 9.24795 6.97191 5.36500 5.25874 5.25083 5.25136 5.19344 3.75286 3.52589 3.30604 3.05690 2.77303 2.50634 2.47748 2.47748 2.47748 2.40019 2.36956 2.38322 2.62034 2.63491 3.03242 4.08849 4.09268 4.32044 4.44928 4.45487 4.45741 4.45741 4.45741 4.45741 4.44309 4.34299 4.34299 4.35168 4.38738 3.79752
4.06319 5.13480 5.18593 5.18593 5.18593 5.18593 5.18593 6.75486 9.62853 9.66742 9.66742 9.66742 9.66742 9.66742 9.66742 9.64855 9.11970 9.10441 9.10441 9.10441 9.10441 9.10441 9.06413 9.04495 9.04495 9.09379 9.37053 9.67606 9.98171 10.2308 10.2775 8.48296 5.41432 5.36878 5.39722 5.42520 5.43441 3.31422 2.47748 2.47578 2.45231 2.42217 2.39203 2.36194 2.33177 2.30166 2.34566 2.43844 2.44364 2.61216 2.67105 2.70153 4.04867 4.10719 4.22523 4.45741 4.45741 4.45741 4.45741 4.45741 4.46037 4.49116 4.42748 4.45191 4.48085 4.48276 4.26937
4.03848 4.82636 5.18593 5.18593 5.18593 5.18593 5.18593 6.00590 9.30938 9.66742 9.66742 9.66742 9.66742 9.66742 9.66742 9.66742 9.21292 9.10441 9.10441 9.10441 9.10441 9.14149 9.38326 9.67058 10.0046 10.2897 10.3471 10.3756 10.4041 10.4268 10.4286 9.26048 6.23152 5.38999 5.36988 5.34982 5.32972 4.00228 2.26016 2.23171 2.22504 2.22504 2.22504 2.22504 2.22504 2.22504 2.27601 2.44370 2.44370 2.54218 2.67105 2.67105 3.76507 4.10566 4.13286 4.45551 4.45766 4.48053 4.51813 4.55574 4.59036 4.59718 4.52329 4.48276 4.48276 4.48276 4.48080
4.03848 4.52463 5.18593 5.18593 5.18593 5.18593 5.18593 5.41011 8.92575 9.66742 9.66742 9.66742 9.66742 9.66742 9.66742 9.66742 9.34666 9.27502 9.70068 10.1781 10.6554 11.0954 11.1600 10.4455 10.5046 10.5663 10.6276 10.6893 10.7506 10.8121 10.8736 10.0301 6.99655 5.26613 5.26613 5.26613 5.26613 4.65036 2.22504 2.22504 2.22504 2.22504 2.22504 2.22504 2.22504 2.22504 2.23071 2.43610 2.44301 2.45711 2.66242 2.66551 3.41409 4.11173 4.13957 4.45058 4.58245 4.59718 4.59718 4.59718 4.59718 4.59718 4.55067 4.48276 4.48276 4.48276 4.40768
4.03848 4.26347 5.18593 5.18593 5.18685 5.20473 5.22913 5.25332 7.94138 9.65681 9.71067 9.94523 10.2031 10.4879 11.1070 11.7009 11.6328 11.4651 11.5776 11.6393 11.7005 11.7622 11.8223 11.0219 10.9227 10.9227 10.9227 10.9227 10.9227 10.9227 10.9227 10.6809 7.90361 5.27481 5.26613 5.26613 5.26613 5.18018 2.33233 2.22504 2.22504 2.22504 2.22504 2.22504 2.22427 2.22176 2.21919 2.38037 2.43339 2.43330 2.64333 2.74116 3.12050 4.20643 4.20682 4.37328 4.59718 4.59718 4.59718 4.54113 4.34682 4.12541 3.85653 3.45845 3.13663 2.77038 2.51959
4.23678 4.28270 5.44638 5.52329 5.60239 5.83851 6.08245 6.31749 7.97621 10.0583 10.4366 10.4978 10.5355 10.5499 10.3326 10.1333 10.1745 11.8148 11.8703 11.8703 11.8703 11.8703 11.8703 11.2711 10.9227 10.9227 10.9227 10.9227 10.9227 10.9227 10.9227 10.9227 8.65290 5.84726 5.26613 5.26613 5.26613 5.26613 3.20253 2.22504 2.22418 2.22164 2.21907 2.21650 2.21470 2.21464 2.21464 2.32545 2.43330 2.43330 2.61116 2.80389 2.87684 3.98311 3.84791 3.69722 3.63381 3.32506 2.97497 2.69827 2.68798 2.68798 2.68721 2.52958 2.51635 2.51635 2.51635
4.75022 5.00619 6.04254 6.46740 6.54258 6.47185 6.44145 6.44784 7.12156 9.20516 10.1224 10.1224 10.1224 10.1224 10.1224 10.1224 10.1224 11.4358 11.8703 11.8703 11.8703 11.8703 11.8703 11.5195 10.9227 10.9227 10.9227 10.9227 10.9227 10.9227 10.9227 10.9227 9.30765 6.75624 5.26613 5.26613 5.26548 5.26378 4.03898 2.21639 2.21468 2.21464 2.21464 2.21464 2.21464 2.23715 2.57261 3.01444 3.48643 3.77833 4.02449 4.08526 4.21492 3.34834 2.80389 2.80364 2.70595 2.68798 2.68798 2.68798 2.68665 2.66181 2.62838 2.62087 2.69045 2.73490 2.77935
5.95079 5.95079 6.16481 6.42169 6.49477 6.56741 6.59652 6.59652 6.84077 8.73159 10.1224 10.1224 10.1224 10.1224 10.1224 10.1224 10.1224 11.0061 11.8703 11.8703 11.8703 11.8703 11.8703 11.7669 10.9236 10.9227 10.9227 10.9227 10.9227 10.9227 10.9227 10.9227 9.97299 7.69987 5.26199 5.26028 5.25920 5.25919 4.71961 2.43122 2.84028 3.19760 3.51241 3.79186 4.04160 4.25587 4.30625 4.31247 4.44910 4.45202 4.45202 4.27187 4.21531 3.68540 2.74605 2.72382 2.61924 2.50106 2.46769 2.43425 2.40220 2.39367 2.39367 2.63398 2.92794 2.92794 2.92794
6.11554 6.18857 6.32159 6.59652 6.59652 6.59652 6.59652 6.59652 6.61849 8.30768 9.86314 10.1224 10.1224 10.1224 10.1224 10.1224 10.1224 10.5751 11.8703 11.8703 11.8703 11.8703 11.8703 11.8703 11.0686 10.9227 10.9227 10.9227 10.9321 10.9615 10.9915 11.0215 10.7117 8.10142 5.10950 4.48531 4.22006 3.95447 3.70399 4.27606 4.30625 4.30625 4.30625 4.31524 4.35470 4.39666 4.43855 4.48055 4.38395 4.30930 4.28693 4.17565 4.07813 3.87932 2.60768 2.60768 2.56176 2.39367 2.39367 2.39367 2.39367 2.39367 2.39367 2.47418 2.81226 2.67310 2.46861
6.23017 6.23017 6.24160 6.58509 6.59652 6.59652 6.59652 6.59652 6.59652 7.82184 9.35806 10.1224 10.1224 10.1224 10.1224 10.1224 10.1224 10.1882 11.8273 11.8703 11.8703 11.8703 11.8703 11.8703 11.3248 10.9594 10.8943 10.6622 10.4171 10.1523 9.88687 9.62111 9.37841 6.99255 4.84490 3.57327 3.61523 3.65715 3.69911 4.28955 4.53803 4.57999 4.62194 4.65488 4.65737 4.65737 4.65737 4.65737 4.44050 4.25581 4.25581 4.23065 4.07873 4.07371 2.77252 2.63730 2.70925 2.42638 2.39367 2.38151 2.23636 2.00039 1.66061 1.29389 2.26367 2.31080 2.31080
6.23017 6.23017 6.23017 6.50556 6.59652 6.59652 6.59652 6.59652 6.59652 7.36067 8.85308 10.1224 10.1224 10.1224 10.1224 10.1224 10.1224 10.1224 11.4624 11.8696 11.8042 11.7140 11.6254 11.5370 10.9091 9.50651 9.33495 9.24264 9.09776 8.95369 8.80857 8.66345 8.51950 7.46320 6.11891 3.90234 3.90234 3.90234 3.90234 4.25534 4.65737 4.65737 4.65737 4.65737 4.65737 4.65737 4.65737 4.65737 4.53700 4.25581 4.25581 4.28876 4.19436 4.21679 3.43671 2.91464 2.87893 2.38707 1.77013 1.35066 1.24225 1.24225 1.24225 1.24225 2.02859 2.31080 2.31080
6.26161 6.23017 6.23017 6.41426 6.59652 6.59652 6.59652 6.59652 6.59652 6.96801 8.48614 9.96760 10.1224 10.1162 10.0248 9.90611 9.79287 9.70160 10.5215 11.1788 11.0118 10.8684 10.7232 10.5794 10.2983 8.38704 8.22717 8.17094 8.17094 8.17094 8.17094 8.17094 8.17094 7.71981 6.91667 4.06780 3.90234 3.90234 3.90234 4.05992 4.65737 4.65737 4.65737 4.65737 4.65737 4.65737 4.65737 4.69383 4.74292 4.44735 4.52038 4.56351 4.44157 4.38428 3.89586 2.64817 2.60081 2.27381 1.24225 1.24225 1.24225 1.24225 1.24225 1.24225 1.77455 2.31080 2.31080
6.48435 6.29586 6.30598 6.40884 6.69248 6.70265 6.71267 6.70461 6.56827 6.50282 7.88157 8.99405 9.52092 9.42877 9.42531 9.44900 9.46761 9.46388 9.63606 10.0900 10.0900 10.0900 10.0900 10.0900 10.0900 8.55179 8.17094 8.17094 8.17094 8.17094 8.17094 8.17094 8.17094 8.00611 6.99491 4.93223 3.90234 3.90234 3.90234 3.91140 4.61013 4.65737 4.65740 4.69755 4.77348 4.84956 4.92557 4.96526 4.96526 4.63629 4.56370 4.56370 4.56370 4.56370 4.35287 2.60081 2.60081 2.53396 1.26007 1.24225 1.24225 1.24225 1.24225 1.24225 1.52029 2.31080 2.31080
6.75635 6.36006 6.20910 6.06803 6.22712 6.05290 5.87733 5.71976 5.67911 5.53936 6.53495 7.75515 9.45185 9.45539 9.45539 9.45539 9.45539 9.45539 9.48490 10.0785 10.0900 10.0900 10.0900 10.0900 10.0900 9.05169 8.17094 8.17094 8.17094 8.17094 8.17094 8.17094 8.17094 8.17023 7.11710 5.87550 3.90234 3.90234 3.90256 3.94603 4.54358 4.85325 4.92930 4.96526 4.96526 4.96526 4.96526 4.96526 4.96526 4.69395 4.44567 4.36645 4.28719 4.20797 4.12691 2.81329 2.60081 2.60081 1.72030 1.24225 1.24225 1.24225 1.24225 1.24225 1.29015 2.28842 2.31080
6.69411 6.14805 6.27329 6.40123 5.85555 5.56088 5.39122 5.22150 5.06301 5.02861 5.62067 6.92296 9.33484 9.45539 9.45539 9.45539 9.45539 9.45539 9.45539 9.95179 10.0900 10.0900 10.0900 10.0900 10.0900 9.55131 8.17094 8.17094 8.17094 8.17094 8.17094 8.17094 8.17094 8.17094 7.40193 6.63709 4.05416 4.10192 4.17775 4.21023 4.53610 4.96526 4.94891 4.87465 4.79544 4.71612 4.63696 4.55759 4.47842 4.30182 4.03631 4.03631 4.03631 4.03631 4.03631 3.25610 2.60947 2.62049 2.20546 1.32570 1.34772 1.36979 1.39183 1.41389 1.43284 1.43523 0.00000
7.26624 6.33306 6.16347 5.99362 5.44926 5.02861 5.02861 5.02861 5.02861 5.02861 5.25631 6.77387 8.61205 9.45539 9.45539 9.45539 9.45539 9.45539 9.45539 9.79548 10.0900 10.0900 10.0900 10.0900 10.0900 10.0065 8.21546 8.17094 8.17094 8.17094 8.17085 8.05087 7.82259 7.59450 6.88497 6.09684 4.67196 4.19964 4.19313 4.18662 4.25636 4.50580 4.44288 4.43787 4.43787 4.43787 4.43787 4.42436 4.39247 4.32318 4.06236 4.06964 4.07701 4.08434 4.09170 3.68526 2.69730 2.69730 2.56866 1.43523 1.43523 1.43523 1.43523 1.43523 1.43523 1.43523 0.00000
6.64780 5.83621 5.77107 5.77107 5.57717 5.02861 5.02861 5.02861 5.02861 5.02861 5.13345 6.45841 7.80612 9.45539 9.45539 9.45539 9.45539 9.45539 9.45539 9.63905 10.0900 10.0900 10.0900 10.0900 10.0900 10.0900 8.63162 8.06578 7.83759 7.60832 7.37444 7.25954 7.25303 7.24651 7.04431 6.05751 5.20670 4.16836 4.16669 4.14196 4.11100 4.32377 4.31543 4.28340 4.25141 4.21939 4.18739 4.16888 4.16877 4.16877 4.11065 4.10063 4.10063 4.10063 4.10063 3.97473 2.69730 2.69586 2.57290 1.60711 1.43523 1.43523 1.43523 1.43523 1.43523 1.43523 0.00000
6.53747 5.97665 5.77107 5.77107 5.74300 5.04658 5.02861 5.02861 5.02861 5.02861 5.04712 6.10831 7.03723 9.41852 9.45539 9.45539 9.45539 9.45539 9.45539 9.49124 10.0819 10.0900 10.0900 9.91726 9.48109 9.04159 7.97230 7.24391 7.23721 7.23170 7.22046 7.14845 7.06714 6.98582 6.89937 5.95466 5.57966 3.93688 3.90653 3.89926 3.89926 4.07658 4.16877 4.16877 4.16877 4.16877 4.16877 4.16877 4.16877 4.16877 4.12688 4.10063 4.10063 4.09872 4.01268 3.88128 2.45464 1.97526 1.89964 1.70810 1.43523 1.43523 1.43523 1.43523 1.43523 1.43523 1.43523
6.53747 6.13506 5.77107 5.77107 5.77107 5.20231 5.02861 5.02861 5.02861 5.02861 5.02861 5.64695 6.84041 8.80975 9.45539 9.45539 9.45408 9.32626 9.11512 8.82559 8.89532 8.58490 8.13396 7.79514 7.71059 7.62872 7.39189 6.82089 6.73980 6.65799 6.58690 6.57710 6.57710 6.57710 6.57710 6.03920 5.78592 4.19621 3.89926 3.89926 3.89926 4.00726 4.16877 4.16877 4.16877 4.16877 4.16877 4.16877 4.16877 4.16584 4.04960 3.87543 3.74392 3.61433 3.56886 3.56886 2.70571 1.89964 1.89964 1.82287 1.43523 1.43523 1.43523 1.43523 1.43523 1.43731 3.12682
6.53747 6.31191 5.74946 5.74003 5.73069 5.33637 4.96947 4.96011 4.95076 4.94136 4.93299 5.27586 6.40112 7.40308 8.64476 8.39223 7.99451 7.71686 7.52269 7.40664 7.41458 7.30096 7.23072 7.22170 7.22170 7.22170 7.20636 6.60425 6.57710 6.57710 6.57710 6.57710 6.57710 6.57710 6.57710 6.23199 5.78592 4.76845 3.89926 3.89926 3.89926 3.93784 4.16877 4.16877 4.16877 4.16435 4.06927 3.93777 3.80626 3.67768 3.62794 3.56886 3.56886 3.56886 3.56886 3.56886 3.11347 1.89964 1.89964 2.04571 2.34271 2.80377 3.17619 3.48303 3.73940 3.95750 5.13037
6.53747 6.49429 5.64337 5.62975 5.63102 5.44704 4.92759 4.96107 5.00842 5.05578 5.10202 5.40984 6.07005 6.54585 7.66027 7.50767 7.50120 7.50120 7.50120 7.50120 7.41612 7.22170 7.22170 7.22170 7.22170 7.22170 7.22170 6.75580 6.57710 6.57710 6.57710 6.57710 6.57710 6.57710 6.57710 6.42479 5.78592 5.34119 3.89926 3.89926 3.89926 3.89339 4.03222 3.93186 3.80036 3.67337 3.63700 3.63700 3.63700 3.63700 3.63697 3.57616 3.55595 3.50194 3.44481 3.38769 3.27199 3.22500 3.39593 3.48258 3.81257 4.04215 4.04215 4.04215 4.04215 4.04215 4.59514
6.55590 6.54469 5.77218 5.61824 5.60844 5.56105 5.20732 5.23457 5.39979 5.59374 5.78777 6.07399 6.89507 6.77390 7.37662 7.50120 7.50120 7.50120 7.50120 7.50120 7.48256 7.22405 7.22170 7.22170 7.22170 7.22170 7.22170 6.92279 6.57710 6.57710 6.57710 6.57710 6.57710 6.57710 6.57710 6.56887 5.83420 5.75782 3.93958 3.65656 3.52511 3.39956 3.53652 3.63700 3.63700 3.63407 3.59009 3.53293 3.47584 3.41876 3.36164 3.25993 3.19217 3.18905 3.18905 3.18905 3.18905 3.43837 3.48279 3.48734 3.68953 4.15508 4.21182 4.26856 4.32525 4.38209 4.57534
6.41433 6.41433 5.84793 5.54504 5.68889 5.88284 5.82668 5.92790 5.95678 5.95678 5.95678 5.96243 6.86940 6.77390 7.15262 7.50120 7.50120 7.50120 7.50120 7.50120 7.50120 7.27427 7.22170 7.22170 7.22170 7.22170 7.22170 7.08981 6.57710 6.57710 6.57710 6.57710 6.57710 6.57302 6.48983 6.37620 5.70406 5.36399 4.10047 3.34331 3.27701 3.20989 3.25179 3.38161 3.32453 3.27037 3.25719 3.25719 3.25719 3.25719 3.25741 3.24529 3.25665 3.29444 3.33234 3.37013 3.40792 3.62023 3.77728 3.81058 3.86031 4.53283 4.54118 4.54118 4.54118 4.54118 4.54118
6.57119 6.82989 6.64250 6.22947 6.27965 6.27965 6.10933 5.95678 5.95678 5.95678 5.95678 5.95678 6.63976 6.79999 6.92840 7.50120 7.50120 7.50120 7.50120 7.50120 7.50120 7.34295 7.22170 7.22170 7.22170 7.22170 7.22170 7.21471 6.61906 6.57472 6.49712 6.38342 6.26739 6.10844 6.01086 5.94374 5.51095 5.01829 4.31436 2.93724 2.93641 2.93641 2.97449 3.26569 3.27340 3.28097 3.28856 3.29614 3.30372 3.31124 3.31866 3.35577 3.52173 3.52173 3.52173 3.52173 3.52173 3.62141 3.81547 3.81547 3.82193 4.36527 4.54118 4.54118 4.54118 4.54118 4.54118
7.40399 7.40399 7.20498 6.27965 6.27965 6.27965 6.18934 5.95678 5.95678 5.95678 5.95678 5.95678 6.40782 6.85226 6.77790 7.42774 7.50120 7.50120 7.50120 7.50120 7.50120 7.41187 7.22170 7.22170 7.22170 7.22062 7.11345 6.83789 6.25501 5.95143 5.84817 5.78118 5.71647 5.69871 5.66726 5.58994 5.37271 4.93433 4.84777 3.03651 2.98593 2.99351 2.99954 3.27501 3.32082 3.32082 3.32082 3.32082 3.32082 3.32082 3.32082 3.32203 3.50708 3.52173 3.52173 3.52173 3.52837 3.63953 4.07917 4.26572 4.48178 4.54118 4.54118 4.54118 4.54118 4.54118 4.54118
