High_resolution/powerplant/Shangrao/OMI_NO2_200806.asc
ncols      200
nrows      200
xllcorner       115.451
yllcorner       27.0350
cellsize     0.0166667
NODATA_Value      -999.000
[rows 0 to 29 of 200, columns 0 to 65 of 200]
1.68665 1.68665 1.68665 1.68665 1.68665 1.68665 1.68665 2.50612 3.00348 3.00348 3.00348 3.00348 3.00348 2.98404 2.92475 2.87437 2.83237 2.79885 2.79197 2.79197 2.79197 2.79197 2.79197 2.79197 3.08603 3.22590 3.40046 3.65437 3.65437 3.65437 3.65437 3.62925 3.01044 2.98851 3.07796 3.20014 3.28435 3.34661 3.37103 3.37103 3.37103 3.37103 3.37103 3.37103 3.37103 3.37103 3.37103 3.37006 3.36222 3.35442 3.37136 3.53475 3.51462 3.51380 3.50705 3.28613 3.27397 3.27397 3.27397 3.27397 3.27397 3.27397 3.27397 3.27397 3.27397 2.75000
1.68665 1.68665 1.68665 1.68665 1.68665 1.68665 1.68665 2.01877 3.00245 2.96042 2.90370 2.85692 2.81767 2.79300 2.79197 2.79197 2.79197 2.79197 2.79197 2.79197 2.79197 2.79197 2.79197 2.79197 2.99735 3.22590 3.28859 3.65437 3.65437 3.65437 3.54158 3.30910 3.20260 3.34743 3.37103 3.37103 3.37103 3.37103 3.37103 3.37103 3.37103 3.37103 3.37102 3.36765 3.36219 3.35696 3.34398 3.33942 3.33868 3.33868 3.33977 3.50171 3.51380 3.51380 3.51380 3.37998 3.27397 3.27397 3.27397 3.27397 3.27397 3.21867 3.13553 3.07736 2.85178 2.64499
1.68665 1.68665 1.68665 1.68665 1.68665 1.68665 1.68665 1.91942 2.70612 2.79197 2.79197 2.79083 2.78046 2.76881 2.75716 2.74596 2.73492 2.72416 2.71365 2.70326 2.69326 2.68330 2.67371 2.66411 2.75630 3.01841 2.97464 3.28464 3.09914 2.86648 2.74624 2.74624 3.00909 3.37103 3.37103 3.37103 3.37103 3.37103 3.36996 3.36458 3.35966 3.35555 3.35207 3.35060 3.35060 3.35060 3.34068 3.33868 3.33868 3.33868 3.33868 3.45814 3.51380 3.51380 3.51380 3.45301 3.27288 3.20444 3.12585 3.07039 3.02605 2.94493 2.87189 2.81331 2.68379 2.51451
1.68665 1.68665 1.70951 1.71549 1.71631 1.71708 1.71784 1.84928 2.29508 2.54736 2.54015 2.53398 2.53293 2.53293 2.53293 2.53293 2.53293 2.53293 2.53293 2.53293 2.53293 2.53293 2.49697 2.38318 2.28898 2.47472 2.40610 2.66141 2.74624 2.74433 2.74070 2.73705 2.80108 3.35154 3.34828 3.34157 3.33603 3.33129 3.32751 3.32497 3.32254 3.32011 3.31766 3.31520 3.31278 3.31035 3.30156 3.29356 3.29110 3.28868 3.28625 3.38795 3.51448 3.54298 3.58573 3.59100 3.02914 2.97141 2.89295 2.83033 2.78068 2.76767 2.76767 2.76767 2.74119 2.51451
1.69341 1.69997 1.72430 1.73483 1.73836 1.74177 1.74531 1.79482 2.09175 2.55014 2.55191 2.55362 2.55537 2.55709 2.55885 2.56056 2.56231 2.56403 2.53827 2.42919 2.31466 2.19992 2.12129 2.12039 2.12213 2.31574 2.34379 2.48698 2.61785 2.63159 2.69371 2.74863 2.79456 3.17094 3.26386 3.26386 3.26386 3.26386 3.26386 3.26386 3.26386 3.26386 3.26386 3.26386 3.26386 3.26386 3.26104 3.25193 3.25250 3.27192 3.30028 3.41158 3.67113 3.65007 3.50051 3.37177 2.89928 2.76776 2.76767 2.76767 2.76767 2.76767 2.76767 2.76767 2.76500 2.81724
1.88544 1.88544 1.85252 1.82062 1.82062 1.82062 1.82062 1.82065 1.98522 2.51899 2.58263 2.58263 2.58263 2.58263 2.56246 2.45581 2.33947 2.22305 2.13424 2.12856 2.12856 2.12856 2.12856 2.12856 2.12843 2.24498 2.27913 2.31911 2.79278 2.84516 2.84733 2.84733 2.84733 3.04302 3.26386 3.26386 3.26386 3.26386 3.26386 3.26386 3.26386 3.26386 3.26386 3.26386 3.26454 3.28421 3.31263 3.33022 3.35721 3.36362 3.29267 3.23769 3.29799 3.22287 3.21664 3.21664 3.00792 2.76767 2.76767 2.76742 2.75107 2.72494 2.69880 2.67267 2.64921 3.24203
1.88544 1.88544 1.87020 1.82062 1.82062 1.82062 1.82062 1.82062 1.93857 2.35572 2.56864 2.46729 2.35096 2.23449 2.13837 2.12856 2.12856 2.12856 2.12856 2.12856 2.12409 2.09117 2.05327 2.01533 1.97756 2.05754 2.17242 2.21117 2.68277 2.84733 2.84733 2.84733 2.84733 2.91103 3.26386 3.26386 3.26386 3.26386 3.26386 3.26386 3.26461 3.28474 3.31328 3.34167 3.36959 3.37829 3.37829 3.37068 3.36636 3.36042 3.11079 3.09544 3.20912 3.21664 3.21664 3.20790 3.11409 2.70709 2.68096 2.65506 2.64530 2.64530 2.64530 2.64530 2.64530 2.92817
1.88544 1.88544 1.88517 1.82318 1.82062 1.82062 1.82062 1.82062 1.87976 2.07096 2.14364 2.12856 2.12856 2.12856 2.12856 2.12856 2.11361 2.07593 2.03805 2.00017 1.96673 1.96173 1.96173 1.96173 1.96173 2.01479 2.17242 2.18730 2.52196 2.84733 2.84733 2.84733 2.84733 2.84733 3.19551 3.26386 3.26475 3.28531 3.31366 3.34224 3.36995 3.37829 3.37829 3.37829 3.37829 3.37829 3.37829 3.37423 3.36636 3.36636 3.18046 3.07491 3.13242 3.13821 3.11208 3.09470 3.09427 2.71790 2.64530 2.64530 2.64530 2.64530 2.64530 2.64530 2.64530 2.67060
0.00000 1.88544 1.88544 1.83122 1.82062 1.82062 1.82062 1.82062 1.82411 1.99462 2.11811 2.12699 2.09868 2.06076 2.02286 1.98494 1.96196 1.96173 1.96173 1.96173 1.96173 1.96173 1.96173 1.96173 1.96173 1.97345 2.17095 2.17278 2.35057 2.84447 2.84733 2.84733 2.84977 2.92222 3.17781 3.34271 3.37024 3.37829 3.37829 3.37829 3.37829 3.37829 3.37829 3.37829 3.37829 3.37775 3.32637 3.24196 3.29145 3.27010 3.16534 3.00276 3.04773 3.09427 3.09427 3.09427 3.09427 2.85847 2.64530 2.64530 2.64530 2.64530 2.64530 2.64604 2.69724 2.77897
0.00000 1.88544 1.88544 1.84156 1.82062 1.82062 1.82062 1.86539 2.05236 2.00870 1.94896 1.97134 1.96173 1.96173 1.96173 1.96173 1.96173 1.96173 1.96173 1.96173 1.96259 1.96445 1.96629 1.96821 1.97012 1.97211 2.16300 2.20162 2.28212 2.80153 3.01644 3.12075 3.22245 3.25432 3.27953 3.37829 3.37829 3.37829 3.37829 3.37829 3.37829 3.36042 3.28136 3.19715 3.11297 3.02937 2.99654 2.99654 3.18052 3.24400 3.23802 3.01604 3.03016 3.09427 3.09427 3.09427 3.09427 2.99909 2.64530 2.64838 2.70853 2.79030 2.87200 2.95752 3.02263 3.06264
0.00000 1.88544 1.88544 2.00654 2.18446 2.37564 2.53276 2.64326 2.66378 2.38726 1.85904 2.00562 2.00824 2.01103 2.01377 2.01668 2.01954 2.02258 2.02558 2.02876 2.03037 2.03037 2.03037 2.03037 2.03041 2.08536 2.37007 2.57474 2.67819 2.98309 3.25432 3.25432 3.25432 3.25432 3.25469 3.36387 3.37684 3.32042 3.23628 3.15438 3.07475 3.01288 3.01237 3.01682 3.02131 3.02577 3.03024 3.03481 3.14940 3.29122 3.29569 3.12621 3.05690 3.09427 3.09427 3.09239 3.06677 3.03215 2.88528 2.96254 3.01023 3.05023 3.09023 3.12564 3.13106 3.13106
3.80796 3.30922 2.77395 2.84612 2.84670 2.84670 2.84670 2.84670 2.84936 2.80368 1.84431 2.03452 2.05172 2.05659 2.06151 2.06640 2.07131 2.07621 2.08109 2.08603 2.09088 2.14107 2.24999 2.35918 2.46824 2.52245 2.65620 2.82649 2.83097 2.93943 3.37593 3.38048 3.36298 3.28658 3.20678 3.19779 3.17288 3.14965 3.15412 3.15628 3.15628 3.15628 3.15628 3.15628 3.15628 3.15628 3.15628 3.15628 3.19253 3.40374 3.40374 3.30410 3.10118 3.03629 3.00095 2.97036 2.97805 3.01764 3.06949 3.11725 3.13106 3.13106 3.13106 3.13106 3.13106 3.13106
3.80796 3.75288 3.02045 3.02040 3.02780 3.03510 3.04252 3.04978 3.05460 3.05463 2.29638 2.11981 2.16899 2.16899 2.16899 2.16899 2.16899 2.20546 2.30834 2.41249 2.51680 2.57574 2.57598 2.57598 2.57598 2.57598 2.64703 2.88059 2.97363 3.11376 3.21406 3.09774 3.03552 3.03231 3.03231 3.06375 3.15628 3.15628 3.15628 3.15628 3.15628 3.15628 3.15628 3.15628 3.15628 3.15628 3.15628 3.15392 3.12746 3.30480 3.30976 3.27203 3.04164 3.01993 3.04524 3.08524 3.11050 3.11089 3.11654 3.13106 3.13106 3.13106 3.13133 3.14257 3.16161 3.18401
3.80796 3.80796 3.13698 3.05463 3.05463 3.05463 3.05463 3.05463 3.05463 3.05463 2.61559 2.06622 2.16899 2.19764 2.29833 2.40264 2.50683 2.57460 2.57598 2.57598 2.57598 2.57598 2.57598 2.60068 2.72787 2.86622 3.01774 3.43874 3.48777 3.48777 3.21796 3.03231 3.03231 3.03231 3.03231 3.03408 3.14668 3.15628 3.15628 3.15628 3.15628 3.15628 3.15628 3.15366 3.12681 3.09423 3.06164 3.03145 3.02530 3.16128 3.27276 3.27276 3.17692 3.12312 3.11089 3.11089 3.11089 3.11089 3.11709 3.15403 3.17660 3.20182 3.23170 3.24315 3.24315 3.24315
3.80796 3.80796 3.24615 3.05463 3.05463 3.05463 3.05463 3.05463 3.05463 3.10326 3.23403 2.72276 2.52616 2.57256 2.57598 2.57598 2.57598 2.57598 2.57598 2.64561 2.78403 2.92244 3.06085 3.17451 3.18573 3.18573 3.18573 3.43544 3.48777 3.48777 3.35545 3.03231 3.03231 3.03231 3.03231 3.03231 3.10917 3.15628 3.15628 3.15337 3.12615 3.09354 3.06099 3.03101 3.02530 3.02530 3.02530 3.02530 3.02530 3.08748 3.27276 3.27276 3.22368 3.12978 3.12756 3.14594 3.16768 3.19377 3.21265 3.23254 3.24315 3.24315 3.24315 3.24315 3.24315 3.24315
3.80796 3.80796 3.38851 3.05463 3.05463 3.07449 3.29118 3.51131 3.68930 3.81413 3.82668 3.25755 2.76577 2.57598 2.58763 2.70183 2.84024 2.97866 3.11701 3.18573 3.18573 3.18573 3.18573 3.18573 3.18573 3.18573 3.18573 3.37377 3.48777 3.48777 3.47301 3.05206 3.03231 3.03231 3.03231 3.04431 3.15463 3.09284 3.06033 3.03062 3.02530 3.02530 3.02530 3.02530 3.02530 3.02530 3.02530 3.02530 3.02724 3.09533 3.32048 3.36169 3.39817 3.22007 3.21291 3.21291 3.21291 3.21291 3.21291 3.22315 3.24315 3.24315 3.24315 3.24315 3.24315 3.24315
3.80796 3.81294 3.80978 3.46949 3.65518 3.79865 3.82668 3.82668 3.82668 3.82668 3.82713 3.54757 3.26239 3.03481 3.16164 3.18573 3.18573 3.18573 3.18573 3.18573 3.18573 3.18573 3.18573 3.18573 3.18573 3.18573 3.18573 3.31216 3.48777 3.48777 3.48777 3.18185 3.14813 3.28961 3.43120 3.56067 3.56676 3.05168 3.02530 3.02530 3.02530 3.02530 3.02530 3.02530 3.05140 3.14143 3.23443 3.32738 3.41843 3.44761 3.45214 3.45570 3.45570 3.27988 3.21279 3.21291 3.21291 3.21291 3.21291 3.21452 3.24232 3.24315 3.23203 3.14309 3.03907 2.93505
4.42092 4.55075 4.57483 3.84939 3.82668 3.82668 3.82750 3.82923 3.83131 3.83383 3.83596 3.80790 3.70892 3.20465 3.18573 3.18573 3.18573 3.18573 3.18573 3.18573 3.18573 3.18573 3.18573 3.18573 3.18573 3.18573 3.18573 3.25411 3.59027 3.73186 3.87333 3.83213 3.58517 3.58517 3.58517 3.58517 3.58517 3.21068 3.02530 3.02923 3.09886 3.19181 3.28481 3.37780 3.44469 3.44761 3.44761 3.44761 3.44761 3.44888 3.45447 3.46609 3.47035 3.37622 3.21844 3.21291 3.21291 3.21291 3.21291 3.21291 3.08455 2.92023 2.82866 2.82536 2.84434 2.87183
4.58938 4.59342 4.66993 3.98640 3.83192 3.83459 3.83605 3.83605 3.83605 3.83605 3.83605 3.83539 3.74173 3.35546 3.18573 3.18573 3.18536 3.18155 3.17711 3.17253 3.16809 3.16351 3.15907 3.15566 3.23934 3.37624 3.51333 3.65611 4.07092 4.08431 4.08713 4.04841 3.64076 3.64016 3.64296 3.67798 3.77252 3.67115 3.40427 3.49615 3.52232 3.52511 3.52792 3.53074 3.53356 3.53642 3.53923 3.54204 3.54483 3.54637 3.54938 3.60286 3.60385 3.59197 3.27756 3.21294 3.21292 3.21293 3.21350 3.25891 3.14641 2.86225 2.89520 2.90266 2.90266 2.90266
5.02674 5.28512 5.37080 4.21016 3.72458 3.71770 3.71105 3.70417 3.69752 3.69064 3.68400 3.67711 3.63848 3.41659 3.06632 3.06174 3.05765 3.05689 3.05689 3.05700 3.13285 3.27439 3.41597 3.55629 3.60975 3.60975 3.60975 3.60975 4.03774 4.13939 4.13306 4.03968 3.85689 3.95125 4.04425 4.10497 4.10624 4.07308 3.55981 3.54637 3.54637 3.54637 3.54637 3.54637 3.54637 3.54637 3.54637 3.54637 3.54637 3.54637 3.54637 3.58602 3.60387 3.60388 3.37188 3.23684 3.32056 3.43883 3.61329 3.70404 3.62716 2.90859 2.90266 2.90266 2.90266 2.90266
5.37080 5.37080 5.37080 4.48527 3.64279 3.64279 3.64279 3.64279 3.64279 3.64279 3.64279 3.64279 3.62862 3.56829 3.06759 3.05689 3.11981 3.26117 3.40265 3.54412 3.60975 3.60975 3.60975 3.60975 3.60975 3.60975 3.57791 3.46138 3.66067 3.74923 3.63466 3.60703 3.84854 4.10624 4.10624 4.10624 4.10624 4.10624 3.70403 3.54637 3.54637 3.54637 3.54637 3.54637 3.54637 3.54637 3.54637 3.54638 3.54638 3.54639 3.54639 3.56795 3.60388 3.60388 3.59082 3.70013 3.70404 3.70404 3.70404 3.70404 3.70404 3.08184 2.90266 2.90266 2.90266 2.90266
5.37080 5.37080 5.37080 4.95331 3.64279 3.64279 3.64279 3.64279 3.64279 3.64279 3.64279 3.64279 3.68091 3.72008 3.49879 3.53091 3.60953 3.60975 3.60975 3.60975 3.60975 3.60874 3.53383 3.41299 3.29203 3.17103 3.08191 3.07738 3.29011 3.60703 3.60703 3.60703 3.69958 4.10624 4.10624 4.10624 4.10624 4.10624 3.88145 3.54637 3.54637 3.54637 3.54637 3.54638 3.54638 3.54639 3.54639 3.54640 3.54640 3.54640 3.54640 3.55364 3.60388 3.60388 3.60457 3.69652 3.70404 3.70404 3.70404 3.70404 3.70404 3.33155 2.90266 2.90266 2.90266 2.90266
5.37080 5.37080 5.37080 5.36149 3.70788 3.64279 3.64279 3.64279 3.66499 3.78373 3.91371 4.04369 4.13322 3.98234 3.80190 3.60975 3.60975 3.59287 3.48539 3.36438 3.24338 3.12338 3.07738 3.07738 3.07738 3.07738 3.07738 3.07738 3.18239 3.60703 3.60703 3.60703 3.60808 4.04862 4.10624 4.10624 4.10624 4.10624 4.07838 3.55482 3.54638 3.54639 3.54639 3.54640 3.54640 3.54640 3.54640 3.54640 3.54640 3.54640 3.54640 3.54688 3.59603 3.60388 3.60388 3.66725 3.70404 3.70404 3.70404 3.70404 3.70404 3.58147 2.90266 2.90266 2.90266 2.90266
5.37080 5.37080 5.37080 5.37080 3.93142 3.75704 3.88702 4.01705 4.12478 4.13608 4.13608 4.13608 4.13608 4.00956 3.72997 3.31834 3.19477 3.09085 3.07738 3.07738 3.07738 3.07738 3.07738 3.07738 3.07738 3.07738 3.07738 3.07738 3.08961 3.59236 3.60703 3.60703 3.60703 3.90084 4.12381 4.22915 4.34683 4.46428 4.55760 3.78089 3.54640 3.54640 3.54640 3.54640 3.54640 3.54640 3.54640 3.54954 3.55907 3.57041 3.58395 3.59953 3.60388 3.60388 3.60388 3.64447 3.70404 3.70404 3.70404 3.70404 3.70404 3.70404 3.02998 2.90266 2.90266 2.91287
5.37474 5.54611 5.80597 6.06584 4.81245 4.13608 4.13608 4.13608 4.13608 4.13608 4.13608 4.13608 4.13608 4.04823 3.40694 3.15269 3.07738 3.07738 3.07738 3.07738 3.07738 3.07738 3.07738 3.07738 3.07738 3.07738 3.07738 3.07738 3.07738 3.49692 3.61887 3.71862 3.83620 4.09826 4.55292 4.56503 4.56503 4.56503 4.56503 4.10043 3.54640 3.54640 3.54703 3.55443 3.56492 3.57736 3.59238 3.60367 3.60388 3.60388 3.60388 3.60388 3.60388 3.60388 3.60388 3.62715 3.70404 3.70404 3.70404 3.70404 3.70404 3.70758 3.32287 3.02403 3.07794 3.12164
6.26858 6.35737 6.35737 6.35737 5.30970 4.13608 4.13608 4.13608 4.13608 4.13608 4.13608 4.13608 4.13608 4.13608 3.52389 3.25632 3.07738 3.07738 3.07738 3.07738 3.07738 3.07738 3.07738 3.07738 3.07738 3.07981 3.09122 3.18814 3.30992 3.72680 4.03259 4.04806 4.04574 4.05996 4.51947 4.53797 4.53564 4.53328 4.56664 4.49458 3.52457 3.53020 3.53665 3.53531 3.53178 3.52829 3.52480 3.52131 3.51783 3.51434 3.51084 3.50730 3.50381 3.50032 3.49684 3.51324 3.70404 3.70785 3.72111 3.73474 3.74843 3.75857 3.62016 3.12561 3.12561 3.12561
6.35737 6.35737 6.35737 6.35737 5.95116 4.19258 4.19880 4.20496 4.21118 4.21737 4.22357 4.22974 4.23595 4.24215 3.81021 3.43878 3.16097 3.16462 3.16875 3.17288 3.17700 3.18114 3.18912 3.27808 3.39979 3.51901 3.62940 3.65403 3.65403 3.78174 3.98424 3.98424 3.98424 3.99911 4.43203 4.66066 4.77604 4.91545 5.00899 5.00946 3.74339 3.48150 3.48150 3.48150 3.48150 3.48150 3.48150 3.48150 3.48150 3.48150 3.48150 3.48150 3.48150 3.48355 3.49022 3.49893 3.73197 3.75868 3.75911 3.75911 3.75911 3.75911 3.75487 3.18688 3.12561 3.12561
6.35737 6.35737 6.35737 6.35737 6.35737 4.42706 4.31286 4.31286 4.31286 4.31286 4.31286 4.31286 4.31286 4.31286 4.13297 3.51984 3.25730 3.19524 3.19671 3.27250 3.39009 3.50759 3.62137 3.65403 3.65403 3.65403 3.65403 3.65403 3.65403 3.76383 4.21587 4.42583 4.67833 4.95523 5.00946 5.00946 5.00946 5.00946 5.00946 5.00946 4.22272 3.48150 3.48150 3.48150 3.48150 3.48150 3.48150 3.48150 3.48150 3.48371 3.49041 3.49726 3.50408 3.50887 3.50904 3.50904 3.66926 3.75911 3.75911 3.75911 3.75911 3.75911 3.75911 3.37877 3.12561 3.12561
6.35737 6.35737 6.35737 6.35737 6.35737 4.69205 4.31286 4.31286 4.31286 4.31286 4.31286 4.31286 4.31286 4.31286 4.31263 3.45438 3.23808 3.49616 3.61233 3.65403 3.65403 3.65403 3.65403 3.65403 3.65794 3.75711 3.91594 4.10545 4.33458 4.51866 4.99179 5.00946 5.00946 5.00946 5.00946 5.00946 5.00946 5.00946 5.00946 5.00946 4.70204 3.48150 3.48150 3.48150 3.48150 3.48387 3.49060 3.49745 3.50429 3.50890 3.50904 3.50904 3.50904 3.50904 3.50904 3.50904 3.61173 3.75911 3.75911 3.75911 3.75911 3.75911 3.75911 3.57491 3.12561 3.12561
6.35737 6.35737 6.35737 6.35737 6.35737 5.03139 4.31286 4.31286 4.31286 4.31286 4.31286 4.18241 3.79374 3.39831 3.00289 2.62025 2.71247 3.65403 3.65403 3.65403 3.68207 3.81816 3.98855 4.19281 4.43354 4.51416 4.51416 4.51416 4.51416 4.51416 4.89949 5.00946 5.00946 5.00946 5.00946 5.00946 5.00946 5.00946 5.00946 5.00946 5.00473 3.66269 3.49079 3.49764 3.50448 3.50894 3.50904 3.50904 3.50904 3.50904 3.50904 3.50904 3.50904 3.50904 3.50904 3.50904 3.56827 3.75911 3.75911 3.75911 3.75911 3.75911 3.75911 3.74023 3.15640 3.12561
