High_resolution/powerplant/Shangrao/OMI_NO2_200711.asc
ncols      200
nrows      200
xllcorner       115.451
yllcorner       27.0350
cellsize     0.0166667
NODATA_Value      -999.000
[rows 116 to 144 of 200, columns 0 to 66 of 200]
7.39792 8.27619 8.35227 8.33532 8.44710 8.51930 8.38815 8.17663 8.23077 8.28337 8.33739 8.38942 8.26511 8.17074 7.84372 7.93900 8.09623 8.32976 8.51419 8.53402 8.53246 8.51209 8.48664 8.46115 8.43568 8.41022 8.33659 8.30304 8.22190 8.13272 7.69777 6.84182 6.54041 6.17472 5.63508 5.42721 5.33754 5.31455 5.20727 5.14387 5.15556 5.05765 4.98495 4.78461 4.67716 4.66882 4.43213 4.43810 4.46637 4.45641 4.44777 4.22018 4.15285 4.22608 4.25592 4.28566 4.35511 4.60538 4.57091 4.57336 4.57336 4.43432 4.29519 4.23522 4.21027 4.16555 4.16555
8.13673 8.70233 8.93087 8.74437 8.79309 8.84029 8.82403 8.52243 8.52256 8.52295 8.54449 8.45210 8.20998 8.21370 8.03324 8.04755 8.15676 8.34387 8.41376 8.40077 8.38058 8.37547 8.37547 8.37547 8.37044 8.35824 8.31975 8.27073 8.15828 7.90188 7.58864 6.55666 6.24568 5.82390 5.54589 5.28804 5.30658 5.32512 5.29280 5.18917 5.18917 5.12680 4.99609 4.87354 4.67316 4.66884 4.56535 4.53094 4.60561 4.63477 4.66254 4.49866 4.33599 4.37964 4.38934 4.38934 4.39541 4.61233 4.60604 4.55614 4.53799 4.43171 4.26050 4.15958 4.14391 4.07724 4.07089
8.61035 8.86061 9.22381 8.92805 8.91192 8.91567 8.94606 8.61559 8.62384 8.67329 8.70396 8.69783 8.33959 8.34448 8.22824 8.05945 8.15979 8.33452 8.30227 8.29571 8.29789 8.29421 8.29059 8.26466 8.18056 8.09978 8.00161 7.85642 7.83024 7.61481 7.48924 6.76083 6.41887 5.93587 5.79035 5.35937 5.36559 5.37182 5.37035 5.22161 5.21315 5.19292 5.01035 4.95632 4.66990 4.66990 4.65365 4.60710 4.66866 4.66866 4.66647 4.56203 4.32337 4.34650 4.36628 4.36102 4.34591 4.40355 4.44094 4.37818 4.37506 4.33437 4.18185 4.12450 4.11295 4.04521 4.03442
8.61035 8.70792 9.28170 9.10345 9.06780 9.11008 9.12433 8.83344 8.72721 8.71881 8.70797 8.72094 8.33731 8.27600 8.21754 7.93793 8.05744 8.28747 8.28240 8.28441 8.15559 8.06632 7.97692 7.91091 7.91066 7.91439 7.91513 7.81736 7.77105 7.56129 7.38597 6.89379 6.48811 6.11404 5.95426 5.43578 5.38296 5.37242 5.36187 5.23519 5.19086 5.19007 5.02221 4.97227 4.66176 4.59696 4.56501 4.48886 4.51314 4.49450 4.45564 4.39485 4.18534 4.17702 4.19732 4.17738 4.16734 4.19560 4.36467 4.28398 4.27928 4.27358 4.10362 4.12057 4.14142 4.16598 4.21663
8.68289 8.70206 9.22709 9.19312 9.07974 9.07974 9.07974 8.87309 8.68983 8.70629 8.72276 8.74876 8.52215 8.36880 8.29419 8.03014 8.10099 8.29699 8.34826 8.31942 7.89487 7.80811 7.76745 7.72589 7.68178 7.63811 7.60442 7.55507 7.54298 7.44840 7.30703 6.90186 6.27625 5.97881 5.61454 5.28234 5.08369 5.04548 5.00728 4.89706 4.76732 4.72987 4.65706 4.63185 4.45146 4.34827 4.36924 4.34809 4.23971 4.17464 4.17607 4.17821 4.10306 4.09403 4.14323 4.15370 4.17683 4.21115 4.40064 4.44349 4.48782 4.53829 4.42425 4.45496 4.48338 4.45375 4.42518
8.67826 8.66914 9.08651 9.28331 9.13512 9.15337 9.17165 9.06159 8.74216 8.73591 8.73034 8.73243 8.65283 8.41737 8.39828 8.23766 8.15341 8.14344 8.14991 8.11831 7.86851 7.70735 7.71762 7.72793 7.73833 7.74743 7.72765 7.64626 7.52765 7.42798 7.19179 6.85515 5.93703 5.75529 5.31256 5.15584 4.86956 4.88940 4.91110 4.90826 4.79085 4.81258 4.80443 4.75669 4.64002 4.43306 4.43520 4.41086 4.29744 4.20370 4.22738 4.25104 4.21655 4.22223 4.30007 4.35239 4.37133 4.39197 4.52506 4.60626 4.59735 4.60522 4.51753 4.46208 4.51319 4.50565 4.48614
8.87974 8.77274 9.01039 9.36360 9.17722 9.16923 9.18676 9.17778 8.73261 8.77014 8.81071 8.84388 8.98872 8.67784 8.64956 8.51042 8.19310 8.20798 8.19386 8.17579 8.04267 7.74696 7.66769 7.55041 7.50574 7.46198 7.43910 7.37783 7.17176 7.15868 6.92387 6.69512 5.78438 5.52479 5.28310 5.26035 4.89161 4.88375 4.87921 4.87356 4.74165 4.71998 4.69391 4.58995 4.52911 4.41279 4.43112 4.43455 4.45852 4.37939 4.39718 4.41276 4.38798 4.34225 4.35956 4.38943 4.39239 4.39836 4.46757 4.61743 4.60645 4.60454 4.55778 4.46453 4.59035 4.65192 4.76345
8.95227 8.63511 8.72837 9.34478 9.25385 9.21224 9.23201 9.24556 8.84371 8.76469 8.75858 8.73919 8.83704 8.61042 8.57531 8.47385 8.15523 8.18275 8.09999 8.05538 7.99665 7.61022 7.48987 7.19097 7.16246 7.11507 7.06772 7.01764 6.75735 6.69672 6.52617 6.38368 5.70114 5.30549 5.26306 5.23615 4.89356 4.76339 4.72502 4.68992 4.59876 4.52408 4.51420 4.45622 4.45352 4.50921 4.52586 4.52546 4.52566 4.43226 4.40276 4.41221 4.42272 4.38718 4.42116 4.42180 4.43700 4.44940 4.48311 4.66941 4.67795 4.69021 4.70570 4.89698 4.99186 4.99653 5.04119
9.13460 8.70599 8.73289 9.31508 9.29695 9.16360 9.14421 9.12478 8.81494 8.63080 8.61482 8.61199 8.67918 8.70141 8.63144 8.56322 8.34375 8.10965 8.02309 8.00621 7.85060 7.52250 7.34116 6.91675 6.89640 6.89640 6.89640 6.89640 6.73200 6.66087 6.55447 6.32559 5.83677 5.18393 5.12575 5.06185 4.86883 4.66797 4.67580 4.68154 4.65129 4.57122 4.57191 4.52466 4.49557 4.52887 4.55922 4.59244 4.60581 4.60900 4.58220 4.61686 4.62649 4.55533 4.56360 4.52378 4.51425 4.51425 4.52624 4.66088 4.70979 4.70548 4.70136 4.82631 4.93645 4.95358 5.02869
9.26064 8.62879 8.58410 9.00310 9.21987 9.06558 9.06533 9.06533 8.88105 8.64034 8.66544 8.69162 8.74730 8.89622 8.75958 8.70163 8.60095 8.26657 8.17828 8.11319 7.67078 7.49094 7.26048 6.91044 6.85865 6.86381 6.86672 6.86620 6.76228 6.64277 6.56189 6.12230 5.87458 5.20611 5.13835 5.08544 5.00952 4.68500 4.69015 4.70179 4.70992 4.61680 4.63568 4.64739 4.64035 4.69960 4.77119 4.77741 4.75345 4.75826 4.65284 4.65284 4.65284 4.58140 4.57703 4.56879 4.56277 4.58070 4.59281 4.51969 4.65443 4.70367 4.77241 4.94832 5.17393 5.28519 5.32314
9.16576 8.68229 8.56686 8.83438 9.25325 9.13272 9.15392 9.20759 9.18204 8.85189 8.90183 8.95078 8.98299 9.17071 9.00928 8.95113 8.64683 8.22335 8.15667 8.10748 7.74426 7.61343 7.28495 7.01975 6.87535 6.86962 6.85460 6.81293 6.72029 6.49749 6.45397 5.96710 5.80066 5.29003 5.20246 5.15764 5.16058 4.81578 4.80623 4.83515 4.86405 4.81372 4.79694 4.78694 4.72073 4.72766 4.79404 4.81048 4.80990 4.85123 4.73293 4.74373 4.75887 4.75804 4.77232 4.79995 4.83899 4.94552 5.05197 4.92714 4.98989 4.97608 4.97262 5.01777 5.18293 5.23977 5.23836
9.07913 9.07182 8.81930 8.97318 9.57691 9.57438 9.58317 9.61216 9.61870 9.14429 9.12147 9.14580 9.17907 9.36161 9.24519 9.24777 8.77602 8.41990 8.30576 8.26168 8.05803 7.87046 7.30901 6.98325 6.72015 6.67735 6.64618 6.64506 6.64159 6.42802 6.41733 6.09576 5.87739 5.35304 5.12881 5.01592 4.91952 4.86510 4.85077 4.83002 4.80918 4.74194 4.65454 4.63372 4.74502 4.77269 4.82171 4.84271 4.84493 4.88048 4.89479 4.94285 5.04476 5.10088 5.13784 5.20415 5.18727 5.18397 5.18123 4.99245 4.89955 4.93105 4.93264 4.94055 5.12780 5.30650 5.45317
9.36543 9.67653 9.08901 9.07029 9.61544 9.69778 9.69042 9.72715 9.76322 9.40192 9.31076 9.31892 9.31788 9.43085 9.44516 9.43975 9.23220 9.01142 8.68486 8.21712 8.02230 7.65098 7.29925 6.91028 6.60366 6.59899 6.59436 6.58972 6.58106 6.35526 6.20590 5.93337 5.52091 5.07721 4.77063 4.73052 4.67506 4.67166 4.68966 4.69066 4.70343 4.70568 4.62268 4.63869 4.77143 4.85138 4.89354 4.95867 5.01754 5.08271 5.22589 5.27841 5.26533 5.22434 5.15125 5.11882 5.05795 5.01682 4.99538 4.89953 4.76890 4.91913 4.94791 4.94983 5.10900 5.29206 5.51274
8.74340 9.55909 9.09147 9.06307 9.45786 9.65182 9.58719 9.57929 9.64134 9.69020 9.76893 9.97498 10.2300 10.4737 10.5784 10.5702 10.3482 9.87156 8.87170 8.30098 8.05934 7.61910 7.44236 6.95565 6.55325 6.48432 6.41633 6.34828 6.28426 6.10333 5.92180 5.86612 5.41340 5.13028 4.74865 4.70501 4.71157 4.72905 4.77112 4.78665 4.78981 4.78960 4.71160 4.75078 4.88371 5.05565 5.13435 5.12389 5.09444 5.05521 5.11806 5.09109 5.08476 5.09249 5.05456 5.06268 5.05250 5.02633 5.03196 5.01092 4.80914 4.94968 5.03074 5.04574 5.15422 5.29898 5.57988
8.62726 9.46891 9.33294 9.17910 9.56144 10.3165 10.4268 10.6396 10.8116 10.8891 10.8923 10.9455 10.9487 10.9519 10.9913 10.6864 10.5463 10.1505 9.07142 8.59407 8.11703 7.69832 7.50316 6.85648 6.34116 6.26337 6.26337 6.26097 6.25528 6.16880 5.89681 5.89112 5.45470 5.19795 4.76539 4.68249 4.74687 4.75788 4.77066 4.77618 4.78219 4.78821 4.91617 5.03382 5.07754 5.23654 5.21063 4.95979 4.94436 4.91518 5.07679 5.15665 5.16170 5.16683 5.12228 5.08135 5.05046 5.11598 5.13189 5.14285 4.91554 4.98696 5.10114 5.10914 5.16491 5.30740 5.54866
8.61756 9.44318 9.78117 9.76050 10.0992 11.2868 11.2404 11.3015 11.4999 11.6851 11.7458 11.9441 12.1425 12.3407 12.4429 10.8763 10.8163 10.4309 9.80683 8.65525 7.87487 7.65447 7.39384 6.96208 6.42197 6.23699 6.23129 6.22802 6.22800 6.21935 5.89368 5.88088 5.58632 5.32419 4.83018 4.69883 4.74533 4.77799 4.80071 4.81949 4.80970 4.79772 4.84121 4.99262 4.98480 5.14454 5.16020 4.95704 4.90280 4.89033 4.99473 5.12872 5.10398 5.08048 5.04363 5.02865 5.03667 5.16461 5.19825 5.19825 5.02608 4.97628 5.13010 5.13239 5.14170 5.29043 5.48097
8.76264 10.1525 11.4049 11.2023 11.4064 12.5775 12.8112 12.5995 12.5995 12.5995 12.4684 12.4914 12.6172 12.7452 12.8737 11.8463 11.3272 10.9334 10.4605 9.28167 8.15733 7.98190 7.37261 7.13993 6.53535 6.26314 6.25519 6.20170 6.14591 6.08332 5.75694 5.59944 5.54554 5.49019 4.92380 4.69193 4.70772 4.75036 4.74726 4.76353 4.76131 4.76112 4.76308 4.96156 4.97033 5.07305 5.10045 4.93157 4.77971 4.75534 4.88718 5.08803 5.09801 5.09801 5.08216 5.04886 5.04886 5.12521 5.19126 5.18393 5.08133 4.98027 5.13603 5.18043 5.22038 5.38909 5.52268
9.35345 11.7573 12.7537 12.0793 11.9282 12.5891 12.9430 12.6893 12.8058 12.9619 13.0352 13.1109 13.1655 13.2249 13.2842 12.5830 11.5913 11.2747 10.9518 9.64353 8.46653 8.15275 7.35260 7.18289 6.42647 5.96156 5.90110 5.88621 5.87359 5.85953 5.65710 5.45245 5.42364 5.40282 4.87659 4.64245 4.65419 4.71993 4.71707 4.73838 4.73345 4.70414 4.67503 4.79447 4.83675 4.90117 5.00419 4.93292 4.74680 4.74245 4.82573 5.03682 5.06858 5.05929 5.04350 4.99428 4.99143 5.02904 5.16508 5.16659 5.13774 5.02700 5.31378 5.42205 5.43179 5.52667 5.59178
8.31397 11.6861 12.5185 12.4478 12.1853 12.6742 13.3303 13.4046 13.4970 13.5283 13.4790 13.4095 13.4169 13.4170 13.4350 13.1651 11.7586 11.5883 10.9267 9.75021 8.35030 7.74177 7.09123 6.76512 6.40169 5.82873 5.78654 5.73765 5.68869 5.64797 5.54047 5.26289 5.24446 5.24417 4.87897 4.60317 4.62811 4.68303 4.68944 4.64790 4.59817 4.59602 4.59858 4.68586 4.82207 4.84721 4.92473 4.89953 4.62085 4.59916 4.63342 4.85422 4.97085 4.97126 4.96666 5.09342 5.09888 5.09089 5.23512 5.24302 5.24205 5.10175 5.33605 5.51064 5.51703 5.57203 5.67499
9.10989 11.6665 12.8314 13.0376 12.4857 12.5562 13.3241 13.4380 13.5876 13.6201 13.6201 13.5341 13.5666 13.5991 13.6106 13.5946 11.9443 11.6599 10.7610 9.70108 8.32031 7.32453 6.91310 6.40987 6.21269 5.60806 5.50609 5.49515 5.48431 5.47350 5.45039 5.11318 5.08881 5.08728 4.88954 4.54460 4.58279 4.62919 4.66773 4.64952 4.59871 4.60122 4.60119 4.61563 4.79685 4.78400 4.81521 4.80316 4.56894 4.48871 4.50153 4.69600 4.91404 4.93117 4.92378 5.03059 5.08841 5.09922 5.22119 5.28709 5.29429 5.18824 5.27371 5.52892 5.52904 5.54273 5.68113
9.61497 11.2354 12.6195 13.3060 12.7387 12.6600 13.4776 13.6818 13.9119 13.9347 13.9511 13.5699 13.4623 13.3520 13.2228 12.9651 11.5999 10.9631 10.2534 9.41554 8.29721 7.00576 6.85383 6.20228 6.13837 5.56996 5.35121 5.31261 5.27122 5.22980 5.18843 5.07800 5.06452 5.07092 5.00084 4.56340 4.58365 4.60837 4.63581 4.61606 4.52598 4.50667 4.49001 4.48133 4.65569 4.69112 4.70682 4.70718 4.55037 4.40572 4.41638 4.63003 4.88409 4.97578 4.98342 5.05977 5.13586 5.13225 5.19179 5.29508 5.29658 5.22172 5.18459 5.49185 5.51569 5.51006 5.63771
10.0603 11.1501 12.9341 13.6461 13.2939 13.0670 13.5115 13.6721 13.7771 13.6490 13.4878 12.9853 12.8178 12.7685 12.7407 12.6093 11.6861 10.6806 10.2466 9.45723 8.27131 6.83894 6.56999 5.79401 5.66893 5.22182 5.02133 5.01585 5.01318 5.01050 5.00740 4.98886 4.97173 4.97075 4.96543 4.52924 4.47746 4.50088 4.49830 4.49825 4.44009 4.39849 4.37265 4.34436 4.46297 4.58735 4.59590 4.60785 4.53916 4.35274 4.31312 4.44907 4.76232 4.98644 4.98780 5.02975 5.14282 5.13358 5.13109 5.29392 5.28721 5.24306 5.12121 5.41870 5.50420 5.50072 5.46632
10.8243 11.1145 12.8775 13.4085 13.4267 12.8175 12.7519 12.8238 12.9464 13.0093 12.9622 12.5748 12.2415 12.1103 11.9793 11.7895 11.2278 10.2782 10.0246 9.27890 8.28797 6.98111 6.34418 5.82076 5.54743 5.29969 4.99829 4.99639 4.99449 4.99259 4.99111 4.98357 4.96386 4.96386 4.98059 4.61816 4.45700 4.46231 4.43036 4.39991 4.33761 4.28188 4.27719 4.25222 4.28419 4.47027 4.43699 4.40688 4.37697 4.19371 4.18700 4.29325 4.62797 4.96940 4.94911 4.93361 5.05030 5.03761 5.03369 5.21027 5.25028 5.24325 5.09966 5.28868 5.48451 5.48451 5.40035
11.4173 11.5130 12.5357 13.0204 13.0806 12.3415 12.0334 12.1453 12.1146 12.1268 12.0430 11.8844 11.5817 11.5817 11.5758 11.5578 11.2728 10.3036 10.0809 9.23915 8.34005 7.06396 5.86222 5.67426 5.53636 5.42460 4.99338 4.99120 4.99136 4.99055 4.98380 4.97432 4.92452 4.89168 4.88081 4.61018 4.31061 4.34527 4.31487 4.27930 4.23394 4.13174 4.09824 4.08747 4.09149 4.35198 4.34903 4.32455 4.28600 4.09631 4.00009 4.05267 4.41468 4.82603 4.86937 4.86937 4.99707 5.02084 5.02084 5.13723 5.24528 5.24038 5.11800 5.16577 5.45400 5.44940 5.38267
11.4173 11.6233 11.2282 11.6832 12.2682 11.8677 11.5201 11.7631 11.8340 12.0410 12.0322 11.9636 11.5011 11.3909 11.2868 11.1885 10.8556 9.94161 9.52676 8.95493 8.30731 7.22815 5.69431 5.66727 5.52819 5.50192 5.01283 4.95462 4.92383 4.89229 4.86667 4.84253 4.80904 4.78753 4.78321 4.65605 4.24442 4.17718 4.14126 4.11504 4.09110 3.99971 3.96395 3.93559 3.89568 4.05062 4.13191 4.09873 4.08541 3.99096 3.88990 3.92224 4.36697 4.71013 4.85458 4.84617 4.92872 4.97159 4.96191 4.98594 5.08331 5.03125 4.97257 4.94122 5.12947 5.11196 5.09252
11.4173 11.5798 11.1278 11.6440 12.1578 12.0477 11.5116 11.6312 11.6935 11.5454 11.3717 11.2325 10.7252 10.6408 10.6001 10.5593 10.3804 9.77918 9.15963 8.95252 8.48588 7.55362 5.89864 5.61357 5.41976 5.34013 4.98833 4.82978 4.81186 4.79621 4.78903 4.78444 4.76937 4.76791 4.78107 4.79028 4.33128 4.02289 3.97707 3.95866 3.93555 3.87691 3.83367 3.82921 3.83616 3.92966 4.09411 4.10526 4.15603 4.12618 3.99829 4.01166 4.37987 4.65051 4.84083 4.80329 4.76991 4.74651 4.75682 4.78426 5.02549 5.09423 5.07874 4.99480 5.05323 5.11812 5.13109
11.4248 11.4596 11.1459 11.3727 11.5449 11.7330 11.2505 11.2300 11.4043 11.1506 10.9958 10.9762 10.6101 10.4158 10.3653 10.3150 10.1702 9.74628 8.92052 8.77462 8.42302 7.61519 6.17808 5.37311 5.27509 5.21163 5.02945 4.81136 4.82050 4.82910 4.82923 4.82682 4.81640 4.79483 4.78759 4.79480 4.43983 4.13353 3.96501 3.93766 3.91882 3.88620 3.82913 3.80320 3.77754 3.79800 4.05241 4.08444 4.22313 4.19483 4.00579 3.97229 4.19667 4.52518 4.79006 4.84555 4.89703 4.90768 4.91194 4.95007 5.12843 5.24197 5.26581 5.16744 5.15270 5.07216 5.03388
11.5734 11.5743 11.2298 11.2391 11.2415 11.7362 11.2752 10.9772 11.1488 10.9304 10.5959 10.5458 10.3594 10.1734 10.1541 10.0158 9.81469 9.23700 7.92380 7.49379 6.92393 6.35128 6.00759 5.35415 5.29807 5.19713 5.11089 4.80155 4.80160 4.80330 4.79246 4.77202 4.74813 4.55808 4.50900 4.50197 4.28433 4.03812 3.83147 3.82617 3.80733 3.78078 3.70817 3.68383 3.66162 3.63945 3.85446 3.92438 4.15798 4.21857 4.14762 4.15235 4.37507 4.74558 5.04116 5.10392 5.14535 5.12901 5.13150 5.10097 5.13756 5.22316 5.20250 5.11504 5.08635 5.00248 5.00544
11.0170 10.9685 10.7785 10.7480 10.7507 11.3748 10.9218 10.5534 10.6900 10.5640 10.0732 9.91070 9.56476 9.01217 8.67123 8.45109 8.25711 7.83776 7.06812 6.75489 6.50991 6.23984 6.14980 5.28683 5.26264 5.11865 5.08369 4.84297 4.80851 4.78914 4.78234 4.78509 4.78788 4.56888 4.49388 4.47738 4.34269 4.07764 3.77903 3.74411 3.75568 3.75845 3.72303 3.71576 3.77924 3.84867 4.01299 4.15075 4.31575 4.33860 4.39313 4.53594 4.61494 4.98157 5.07671 5.06544 5.02815 4.99548 4.98594 4.98338 5.00760 5.19151 5.19850 5.14433 5.09777 5.02055 4.95555
