High_resolution/powerplant/Shangrao/OMI_NO2_200706.asc
ncols      200
nrows      200
xllcorner       115.451
yllcorner       27.0350
cellsize     0.0166667
NODATA_Value      -999.000
[rows 116 to 144 of 175, columns 0 to 66 of 200]
0.00000 0.00000 0.00000 0.00000 0.00000 0.00000 0.00000 0.00000 0.00000 0.00000 0.00000 0.00000 0.00000 0.00000 0.00000 0.00000 0.00000 0.00000 0.00000 0.00000 0.00000 0.00000 0.00000 0.00000 0.00000 0.00000 0.00000 0.00000 4.62137 4.62137 4.05714 3.70058 3.62600 3.14505 3.03157 3.03210 3.03873 3.04763 3.05715 3.01906 2.92425 2.80575 2.65307 2.46261 2.35586 2.33164 2.28068 2.34911 2.23484 1.25137 1.25137 1.25047 1.24172 1.23297 1.22589 1.22003 1.21511 1.50406 1.81166 1.81687 2.13223 2.20266 2.28337 2.31364 2.31364 2.31364 2.31364
0.00000 0.00000 0.00000 0.00000 0.00000 0.00000 0.00000 0.00000 0.00000 0.00000 0.00000 0.00000 0.00000 0.00000 0.00000 0.00000 0.00000 0.00000 0.00000 0.00000 0.00000 0.00000 0.00000 0.00000 0.00000 0.00000 0.00000 0.00000 2.58460 4.20724 4.04698 3.96465 3.86207 3.36888 3.04087 2.93732 2.80387 2.64586 2.45859 2.35586 2.35586 2.35586 2.35586 2.35568 2.31307 2.24495 2.18428 2.13007 2.07784 1.31657 1.20838 1.20532 1.20474 1.20474 1.20474 1.20474 1.20474 1.37000 1.81732 1.81732 2.05000 2.20266 2.25408 2.31364 2.31364 2.31364 2.31364
0.00000 0.00000 0.00000 0.00000 0.00000 0.00000 0.00000 0.00000 0.00000 0.00000 0.00000 0.00000 0.00000 0.00000 0.00000 0.00000 0.00000 0.00000 0.00000 0.00000 0.00000 0.00000 0.00000 0.00000 2.58460 2.58460 2.58460 2.58460 2.58460 3.06647 3.42076 4.39481 3.89729 2.99578 2.35586 2.35586 2.35586 2.35586 2.35586 2.35586 2.35586 2.35586 2.35586 2.00183 1.95661 1.95661 1.95661 1.95661 1.95661 1.54272 1.20474 1.20474 1.20474 1.20474 1.20474 1.20474 1.20474 1.24268 1.80573 1.81732 1.94995 2.20266 2.21972 2.31359 2.31364 2.31364 2.31364
0.00000 0.00000 0.00000 0.00000 0.00000 0.00000 0.00000 0.00000 0.00000 0.00000 0.00000 0.00000 0.00000 0.00000 0.00000 0.00000 0.00000 0.00000 0.00000 0.00000 0.00000 0.00000 0.00000 0.00000 2.58460 2.58460 2.58460 2.58460 2.58460 2.58460 2.58460 2.58460 3.46034 3.17707 2.35586 2.35586 2.35586 2.35586 2.35613 2.36253 2.37171 2.38063 2.38969 2.09422 1.98153 1.92904 1.86961 1.81018 1.75087 1.59054 1.31046 1.31942 1.32858 1.33744 1.34658 1.35546 1.36450 1.37358 1.64081 1.71787 1.73756 2.12436 2.12852 2.20725 2.17864 2.13989 2.10113
0.00000 0.00000 0.00000 0.00000 0.00000 0.00000 0.00000 0.00000 0.00000 0.00000 0.00000 0.00000 0.00000 0.00000 0.00000 0.00000 0.00000 0.00000 0.00000 0.00000 0.00000 0.00000 0.00000 0.00000 2.58460 2.58460 2.58460 2.58460 2.58460 2.58460 2.58460 2.58460 3.46034 3.44871 2.59549 2.57839 2.58732 2.59631 2.60507 2.59132 2.50244 2.40423 2.30602 2.03177 1.80221 1.79539 1.79539 1.79539 1.79539 1.77250 1.45817 1.45644 1.45644 1.45644 1.45644 1.45644 1.45644 1.45644 1.54133 1.68137 1.68137 2.04019 2.07105 1.97717 1.91076 1.85680 1.80293
0.00000 0.00000 0.00000 0.00000 0.00000 0.00000 0.00000 0.00000 0.00000 0.00000 0.00000 0.00000 0.00000 0.00000 0.00000 0.00000 0.00000 0.00000 0.00000 0.00000 0.00000 0.00000 0.00000 0.00000 2.58460 2.58460 2.58460 2.58460 2.58460 2.58460 2.58460 2.58460 0.00000 3.46034 2.71505 2.49933 2.40107 2.30306 2.20504 2.12292 2.11404 2.11404 2.11404 2.04405 1.79539 1.79539 1.79539 1.79539 1.79539 1.79539 1.54134 1.45644 1.45644 1.45644 1.48787 1.58348 1.67060 1.74860 1.83716 2.04906 2.09866 1.83000 1.52176 1.54242 1.61723 1.61723 1.61723
0.00000 0.00000 0.00000 0.00000 0.00000 0.00000 0.00000 0.00000 0.00000 0.00000 0.00000 0.00000 0.00000 0.00000 0.00000 0.00000 0.00000 0.00000 0.00000 0.00000 0.00000 0.00000 0.00000 0.00000 2.58460 2.58460 2.58460 2.58460 2.58460 2.59055 2.62586 2.65596 2.80780 2.74843 2.23312 2.11404 2.11404 2.11404 2.11404 2.11404 2.11404 2.11404 2.11404 2.11289 1.81531 1.79539 1.79667 1.84751 1.89857 1.94563 1.90098 1.85770 1.88111 1.89497 1.89266 1.85851 1.82498 1.79325 1.74669 1.85047 1.82418 1.66196 1.31396 1.34495 1.58193 1.56144 1.53919
0.00000 0.00000 0.00000 0.00000 0.00000 0.00000 0.00000 0.00000 0.00000 0.00000 0.00000 0.00000 0.00000 0.00000 0.00000 0.00000 0.00000 0.00000 0.00000 0.00000 0.00000 0.00000 0.00000 0.00000 2.58770 2.62094 2.65168 2.67449 2.69203 2.70444 2.70605 2.70605 2.77313 2.79393 2.29605 2.11404 2.11404 2.11404 2.11404 2.11404 2.11404 2.11404 2.11404 2.11404 1.87534 1.79539 1.79738 2.01324 1.90483 1.87967 1.82024 1.67393 1.66997 1.66997 1.66997 1.65732 1.62310 1.58849 1.54571 1.62804 1.65951 1.61282 1.15349 1.13848 1.40347 1.43939 1.43939
0.00000 0.00000 0.00000 0.00000 0.00000 0.00000 0.00000 0.00000 0.00000 0.00000 0.00000 0.00000 0.00000 0.00000 0.00000 0.00000 0.00000 0.00000 0.00000 0.00000 0.00000 0.00000 0.00000 0.00000 2.70340 2.70605 2.70605 2.70605 2.70605 2.70605 2.70605 2.70568 2.74718 2.82751 2.45166 2.11404 2.11404 2.11404 2.11404 2.11404 2.11404 2.11404 2.11404 2.11404 1.94843 1.79539 1.79539 1.95217 1.80226 1.77459 1.74271 1.54030 1.49623 1.46164 1.42703 1.40509 1.40472 1.40472 1.40472 1.48440 1.60459 1.60459 1.23216 1.13612 1.32733 1.43939 1.43939
0.00000 0.00000 0.00000 0.00000 0.00000 0.00000 0.00000 0.00000 0.00000 0.00000 0.00000 0.00000 0.00000 0.00000 0.00000 0.00000 0.00000 0.00000 0.00000 0.00000 0.00000 0.00000 0.00000 0.00000 2.46074 2.36330 2.27622 2.19661 2.12334 2.05596 1.99347 1.98757 2.77700 2.82751 2.63686 2.12891 2.11404 2.11404 2.11404 2.11404 2.11404 2.11404 2.11404 2.11404 1.99505 1.53283 1.48671 1.64906 1.62407 1.61843 1.61843 1.47672 1.40472 1.40472 1.40472 1.40472 1.40472 1.40472 1.40472 1.43263 1.60459 1.60459 1.34623 1.13612 1.24543 1.43939 1.43939
0.00000 0.00000 0.00000 0.00000 0.00000 0.00000 0.00000 0.00000 0.00000 0.00000 0.00000 0.00000 0.00000 0.00000 0.00000 0.00000 0.00000 0.00000 0.00000 0.00000 0.00000 0.00000 0.00000 0.00000 1.92332 1.92462 1.92462 1.92462 1.92462 1.92462 1.92462 1.92462 2.59260 2.82249 2.73640 2.17306 2.11404 2.11404 2.11404 2.11404 2.11404 2.11404 2.11404 2.11404 2.10871 1.47710 1.44173 1.55361 1.72432 1.72617 1.77792 1.66961 1.41453 1.41638 1.41824 1.42007 1.42196 1.42379 1.42566 1.38949 1.58688 1.58860 1.44333 1.11826 1.15588 1.40978 1.40994
0.00000 0.00000 0.00000 0.00000 0.00000 0.00000 0.00000 0.00000 0.00000 0.00000 0.00000 0.00000 0.00000 0.00000 0.00000 0.00000 0.00000 0.00000 0.00000 0.00000 0.00000 0.00000 0.00000 0.00000 1.91052 1.90577 1.90115 1.89663 1.89222 1.88794 1.88378 1.87971 2.23248 2.45470 2.37535 2.15767 2.17794 2.18170 2.18537 2.18913 2.19282 2.19651 2.22249 2.34091 2.46978 1.96180 1.85142 1.92574 2.02418 1.91131 1.91131 1.85063 1.45655 1.45655 1.45655 1.45655 1.45655 1.45655 1.45655 1.40814 1.51992 1.57249 1.53905 1.10711 1.11197 1.32975 1.35216
0.00000 0.00000 0.00000 0.00000 0.00000 0.00000 0.00000 0.00000 0.00000 0.00000 0.00000 0.00000 0.00000 0.00000 0.00000 0.00000 0.00000 0.00000 0.00000 0.00000 0.00000 0.00000 0.00000 0.00000 1.83180 1.83180 1.83180 1.83180 1.83180 1.83180 1.83180 1.83180 2.00082 2.30185 2.19042 2.12942 2.21769 2.24070 2.35660 2.48174 2.60675 2.73246 2.83592 2.84622 2.84622 2.35159 1.92985 1.92985 2.03874 1.91131 1.91131 1.91095 1.51918 1.45655 1.45655 1.45655 1.45655 1.45509 1.41784 1.34897 1.30874 1.37586 1.32323 1.08397 1.04072 1.19263 1.28802
0.00000 0.00000 0.00000 0.00000 0.00000 0.00000 0.00000 0.00000 0.00000 0.00000 0.00000 0.00000 0.00000 0.00000 0.00000 0.00000 0.00000 0.00000 0.00000 0.00000 0.00000 0.00000 0.00000 0.00000 1.83180 1.83180 1.83180 1.83180 1.83180 1.83180 1.83180 1.83180 1.89525 2.36021 2.24745 2.34737 2.73372 2.83642 2.84622 2.84622 2.84622 2.84622 2.84622 2.84622 2.84622 2.60302 1.92985 1.92985 2.05324 1.91235 1.89420 1.85229 1.54129 1.27747 1.22484 1.17259 1.12838 1.08703 1.08186 1.09339 1.04318 1.25297 1.27037 1.19097 1.13405 1.17371 1.28686
0.00000 0.00000 0.00000 0.00000 0.00000 0.00000 0.00000 0.00000 0.00000 0.00000 0.00000 0.00000 0.00000 0.00000 0.00000 0.00000 0.00000 0.00000 0.00000 0.00000 0.00000 0.00000 0.00000 0.00000 1.83180 1.83180 1.83180 1.83293 1.84446 1.85851 1.87256 1.88661 1.89952 2.39289 2.33648 2.37299 2.82595 2.84622 2.84622 2.84622 2.84622 2.84622 2.84222 2.79359 2.73863 2.67240 1.93326 1.88179 1.86507 1.70511 1.69237 1.71503 1.56800 1.15213 1.16776 1.18375 1.18844 1.18844 1.19008 1.22576 1.14851 1.27376 1.24846 1.16239 1.01590 0.991490 1.12270
0.00000 0.00000 0.00000 0.00000 0.00000 0.00000 0.00000 0.00000 0.00000 0.00000 0.00000 0.00000 0.00000 0.00000 0.00000 0.00000 0.00000 0.00000 0.00000 0.00000 0.00000 0.00000 0.00000 0.00000 1.85671 1.87076 1.88481 1.89772 1.90024 1.90024 1.90024 1.90024 1.90024 2.24356 2.37532 2.31704 2.62328 2.60645 2.51637 2.44058 2.37611 2.32049 2.27298 2.24025 2.21208 2.18786 1.87135 1.76646 1.76550 1.77001 1.82392 1.85071 1.87351 1.32701 1.38123 1.45011 1.52674 1.61257 1.70595 1.73411 1.57297 1.17692 1.14649 1.12929 0.963322 0.962992 1.07620
0.00000 0.00000 0.00000 0.00000 0.00000 0.00000 0.00000 0.00000 0.00000 0.00000 0.00000 0.00000 0.00000 0.00000 0.00000 0.00000 0.00000 0.00000 0.00000 0.00000 0.00000 0.00000 0.00000 0.00000 1.90024 1.90024 1.90861 1.94489 1.98369 2.02284 2.06203 2.10114 2.14030 2.19203 2.06814 1.92982 2.06726 2.18379 2.18379 2.18379 2.18379 2.18379 2.18379 2.18379 2.18379 2.18379 2.04551 1.96942 2.02556 2.10714 2.34798 2.39952 2.39952 1.92093 1.73411 1.73411 1.73411 1.73411 1.73411 1.73411 1.63730 1.22971 1.14649 1.14649 0.990734 0.962992 1.02688
0.00000 0.00000 0.00000 0.00000 0.00000 0.00000 0.00000 0.00000 0.00000 0.00000 0.00000 0.00000 0.00000 0.00000 0.00000 0.00000 0.00000 0.00000 0.00000 0.00000 0.00000 0.00000 0.00000 0.00000 2.18928 2.22846 2.25924 2.26208 2.26244 2.26244 2.26244 2.26244 2.26244 2.23612 2.09096 1.92433 2.00256 2.18379 2.18379 2.18379 2.18379 2.18379 2.18379 2.18379 2.18379 2.18379 2.18379 2.18379 2.18379 2.17787 2.39245 2.35773 2.31990 2.05070 1.73411 1.73254 1.72481 1.71665 1.70834 1.70017 1.66002 1.27781 1.13260 1.13095 1.01812 0.944133 0.953800
0.00000 0.00000 0.00000 0.00000 0.00000 0.00000 0.00000 0.00000 0.00000 0.00000 0.00000 0.00000 0.00000 0.00000 0.00000 0.00000 0.00000 0.00000 0.00000 0.00000 0.00000 0.00000 0.00000 0.00000 2.26244 2.26244 2.26244 2.26244 2.26244 2.25835 2.25059 2.24286 2.23516 2.22502 2.09720 1.88310 1.88356 2.13910 2.13831 2.13415 2.13010 2.12591 2.12181 2.11768 2.11358 2.10391 2.07338 2.04096 2.00867 1.95599 2.06120 2.07830 2.07285 1.97008 1.51131 1.50459 1.50404 1.50404 1.50404 1.50404 1.50404 1.30783 1.08984 1.08978 1.02322 0.906274 0.906274
0.00000 0.00000 0.00000 0.00000 0.00000 0.00000 0.00000 0.00000 0.00000 0.00000 0.00000 0.00000 0.00000 0.00000 0.00000 0.00000 0.00000 0.00000 0.00000 0.00000 0.00000 0.00000 0.00000 0.00000 2.11569 2.10801 2.10027 2.09254 2.08485 2.08127 2.08127 2.08127 2.08127 2.08127 1.98950 1.80113 1.74316 2.00980 2.06876 2.06876 2.06286 2.03628 2.00795 1.97982 1.95145 1.92880 1.92691 1.92691 1.92691 1.92501 1.97737 2.05701 2.05701 2.04933 1.54584 1.50404 1.50404 1.50404 1.50404 1.50404 1.50404 1.37173 1.07879 1.02989 0.985818 0.895533 0.892324
0.00000 0.00000 0.00000 0.00000 0.00000 0.00000 0.00000 0.00000 0.00000 0.00000 0.00000 0.00000 0.00000 0.00000 0.00000 0.00000 0.00000 0.00000 0.00000 0.00000 0.00000 0.00000 0.00000 0.00000 2.08127 2.08127 2.08127 2.08127 2.08127 2.08127 2.08127 2.08127 2.08127 2.08127 2.01818 1.84702 1.69861 1.85780 1.97925 1.95088 1.92864 1.92691 1.92691 1.92691 1.92691 1.92691 1.92691 1.92691 1.92691 1.92691 1.94803 2.05701 2.05701 2.05530 1.69354 1.42671 1.38497 1.34322 1.30154 1.25979 1.21805 1.09703 0.913336 0.875528 0.875528 0.880540 0.881602
0.00000 0.00000 0.00000 0.00000 0.00000 0.00000 0.00000 0.00000 0.00000 0.00000 0.00000 0.00000 0.00000 0.00000 0.00000 0.00000 0.00000 0.00000 0.00000 0.00000 0.00000 0.00000 0.00000 0.00000 2.08127 2.08127 2.08127 2.08127 2.08127 2.08127 2.07650 2.04153 2.00135 1.96114 1.88650 1.71456 1.54694 1.66831 1.92691 1.92691 1.92691 1.92691 1.92691 1.92691 1.92691 1.92691 1.93883 1.96956 1.97343 1.96256 1.85984 1.77888 1.87468 1.84857 1.62898 1.18266 1.18266 1.18266 1.18266 1.18266 1.18266 1.12985 0.946728 0.889873 0.902522 0.933523 0.978189
0.00000 0.00000 0.00000 0.00000 1.29731 1.29731 1.29731 1.29731 0.00000 0.00000 0.00000 0.00000 0.00000 0.00000 0.00000 0.00000 0.00000 0.00000 0.00000 0.00000 0.00000 0.00000 0.00000 0.00000 2.08127 2.07854 2.04634 2.00615 1.96593 1.92572 1.89031 1.88505 1.88505 1.88505 1.87805 1.75800 1.55496 1.59304 1.91032 1.95139 1.99735 2.05238 2.10983 2.13442 2.13774 2.14045 2.13167 2.10495 2.10856 2.13049 2.01754 1.65509 1.83503 1.84276 1.77673 1.18266 1.18266 1.18266 1.18266 1.18266 1.18266 1.16518 1.00603 1.00603 1.00603 1.04051 1.14867
1.29731 1.29731 1.29731 1.29731 1.29731 1.29731 1.29731 1.29731 0.00000 0.00000 0.00000 0.00000 0.00000 0.00000 0.00000 0.00000 0.00000 0.00000 0.00000 0.00000 0.00000 0.00000 0.00000 0.00000 1.93054 1.89307 1.88505 1.88505 1.88505 1.88505 1.88101 1.86680 1.85298 1.83929 1.82563 1.84674 1.83152 1.88920 2.27686 2.33828 2.27687 2.21271 2.15503 2.13474 2.13474 2.13474 2.13474 2.13474 2.13474 2.13474 2.12081 1.66556 1.77983 1.84276 1.84276 1.30579 1.18266 1.18266 1.18266 1.18266 1.18266 1.18266 1.02387 1.00603 1.00603 1.01725 1.14867
1.29731 1.29731 1.29731 1.29731 1.29731 1.29731 1.29731 1.29731 0.00000 0.00000 0.00000 0.00000 0.00000 0.00000 0.00000 0.00000 0.00000 0.00000 0.00000 0.00000 0.00000 0.00000 0.00000 0.00000 1.83301 1.81926 1.80560 1.79192 1.77824 1.76457 1.75494 1.75548 1.75564 1.75564 1.75564 1.84090 1.79992 1.76722 1.97718 2.13474 2.13474 2.13474 2.13474 2.13474 2.13474 2.13474 2.13474 2.13474 2.13474 2.13474 2.13474 1.77124 1.72497 1.80979 1.67246 1.34940 1.18266 1.18266 1.18266 1.18266 1.18266 1.18266 1.05919 1.00608 1.00843 1.01186 1.13966
1.29731 1.29731 1.29731 1.29731 1.29731 1.29731 1.29731 1.29731 0.00000 0.00000 0.00000 0.00000 0.00000 0.00000 0.00000 0.00000 0.00000 0.00000 0.00000 0.00000 0.00000 0.00000 0.00000 0.00000 1.75555 1.75564 1.75564 1.75564 1.75564 1.75564 1.75564 1.75564 1.75564 1.75564 1.75564 1.81362 1.76172 1.76512 1.88219 2.11244 2.10759 2.10204 2.09646 2.09083 2.08532 2.07966 2.07413 2.06852 2.03668 1.92854 1.81421 1.45584 1.10283 0.992762 0.977721 0.967985 0.949780 0.938508 0.927422 0.916244 0.905034 0.893980 0.998933 1.11956 1.12057 1.12057 1.24702
1.29731 1.29731 1.29731 1.29731 1.29731 1.29731 1.29731 1.29731 1.29731 0.00000 0.00000 0.00000 0.00000 0.00000 0.00000 0.00000 0.00000 0.00000 0.00000 0.00000 0.00000 0.00000 0.00000 0.00000 1.84246 1.84975 1.85706 1.86435 1.87172 1.87901 1.88628 1.89360 1.90096 1.90823 1.91554 1.94658 1.99132 1.92600 1.85514 1.94009 1.97905 1.97905 1.97905 1.95204 1.84806 1.73947 1.63175 1.52305 1.44060 1.43555 1.43555 1.31096 0.950192 0.915209 0.910504 0.908903 0.872191 0.871280 0.871280 0.871280 0.871280 0.871280 0.945319 1.12057 1.12107 1.17047 1.28867
1.29731 1.29731 1.29731 1.29731 1.29731 1.29731 1.29731 1.29731 1.29731 0.00000 0.00000 0.973125 0.973125 0.00000 0.00000 0.00000 0.00000 0.00000 0.00000 0.00000 0.00000 2.83296 2.83296 0.00000 1.92713 1.92713 1.92713 1.92713 1.92713 1.92713 1.92713 1.92713 1.92713 1.92713 1.92713 1.92713 2.03305 1.92429 1.88369 1.80164 1.73828 1.62958 1.52120 1.44028 1.43555 1.43555 1.43555 1.43555 1.43555 1.43555 1.43555 1.41789 0.962754 0.927578 0.910504 0.910504 0.883374 0.897565 0.976791 1.05738 1.13797 1.21862 1.32340 1.62916 1.70925 1.74049 1.70606
1.25532 1.23761 1.22210 1.20825 1.19582 1.18465 1.17463 1.16544 1.08280 0.973125 0.973125 0.973125 0.973125 0.973125 2.83296 2.83296 2.83296 2.83296 2.83296 2.83296 2.83296 2.83296 2.83296 2.83296 1.92713 1.92713 1.92713 1.92713 1.92713 1.92713 1.92713 1.92713 1.92713 1.92452 1.90962 1.89318 1.98940 1.85551 1.83905 1.62269 1.43555 1.43555 1.43555 1.43555 1.43555 1.43555 1.43555 1.43555 1.43555 1.43364 1.41345 1.39880 1.13727 1.12049 1.17914 1.23286 1.34577 1.48978 1.49121 1.49121 1.49121 1.49121 1.49121 1.71482 1.74049 1.74049 1.73948
