High_resolution/powerplant/Shangrao/OMI_NO2_200806.asc
ncols      200
nrows      200
xllcorner       115.451
yllcorner       27.0350
cellsize     0.0166667
NODATA_Value      -999.000
[rows 120 to 149 of 200, columns 66 to 131 of 200]
1.39776 1.39720 1.39663 1.56665 1.61792 1.61749 1.57178 1.55552 1.59743 1.70891 1.76088 2.01771 1.97995 1.92771 1.85390 1.77389 1.76816 1.76816 1.76816 1.76816 1.76816 1.76816 1.76816 1.54060 0.971502 1.32053 2.16655 2.16655 2.16655 2.16655 2.16655 2.16655 2.16655 2.16655 2.16655 2.16655 2.16655 2.16655 2.16655 2.16655 2.16655 2.18714 2.33526 2.23830 2.06752 1.83537 1.50325 1.31630 1.31630 1.31630 1.31630 1.31630 1.31630 1.31630 1.31630 1.31630 1.31630 1.31630 1.31630 1.31630 1.31630 0.00000 0.00000 0.00000 0.00000 0.00000
1.39397 1.39397 1.39397 1.50044 1.61678 1.61678 1.57915 1.54129 1.50806 1.57556 1.50324 1.76384 1.76816 1.76816 1.76816 1.76816 1.76816 1.76816 1.76816 1.76816 1.76816 1.76816 1.76816 1.71511 0.976282 0.973174 2.08306 2.16655 2.16655 2.16655 2.16655 2.16655 2.16655 2.16655 2.16655 2.16655 2.16655 2.16655 2.15460 2.02051 1.81140 1.52524 1.41393 1.31630 1.31630 1.31630 1.31630 1.31630 1.31630 1.31630 1.31630 1.31630 1.31630 1.31630 1.31630 1.31630 1.31630 1.31630 1.31630 1.31630 1.31630 1.31630 0.00000 0.00000 0.00000 0.00000
1.39397 1.39397 1.39397 1.42430 1.55743 1.50486 1.41441 1.31378 1.31214 1.41081 1.42076 1.66670 1.76816 1.76816 1.76816 1.76816 1.76816 1.76816 1.76816 1.76816 1.76816 1.76816 1.76816 1.76816 1.10269 0.971502 1.83886 2.16655 2.16655 2.16655 2.16655 2.16655 2.16655 2.16655 2.14303 1.99082 1.77159 1.46905 1.06850 0.971502 0.971502 0.971502 1.20374 1.31630 1.31630 1.31630 1.31630 1.31630 1.31630 1.31630 1.31630 1.31630 1.31630 1.31630 1.31630 1.31630 1.31630 1.31630 1.31630 1.31630 1.31630 1.31630 0.00000 0.00000 0.00000 0.00000
1.39397 1.39397 1.39397 1.39397 1.39397 1.39397 1.38122 1.31184 1.31184 1.38368 1.42076 1.58070 1.83298 2.12489 2.35400 2.30024 1.76816 1.76816 1.76816 1.76816 1.76816 1.76816 1.76816 1.76816 1.28201 0.971502 1.47815 2.16655 2.16655 2.16655 2.12730 1.95970 1.72958 1.40922 1.02410 0.971502 0.971502 0.971502 0.971502 0.971502 0.971502 0.971502 1.12672 1.31630 1.31630 1.31630 1.31630 1.31630 1.31630 1.31630 1.30599 1.26638 1.22513 1.18376 1.14239 1.10108 1.05972 1.01847 0.977098 0.935731 0.894422 0.838343 1.65035 1.65035 1.65035 1.65035
1.39397 1.39397 1.39397 1.39397 1.39397 1.39255 1.38796 1.30961 1.40124 1.63120 1.89201 2.21097 2.69633 2.70585 2.70585 2.63980 1.76872 1.76816 1.76816 1.76816 1.76816 1.76816 1.76816 1.76816 1.46124 0.971502 1.02570 1.90830 1.68551 1.34566 0.992352 0.971502 0.971502 0.971502 0.971502 0.971502 0.972855 0.991044 1.01404 1.03704 1.06019 1.08334 1.11317 1.01108 0.969833 0.928465 0.887097 0.845788 0.804479 0.763170 0.732115 0.730357 0.730357 0.730357 0.730357 0.730357 0.730357 0.730357 0.780298 0.931605 1.04241 1.22913 1.65035 1.65035 1.65035 1.65035
1.26843 1.26415 1.25987 1.29682 1.44324 1.57936 1.70157 1.76540 1.78557 1.85178 2.01610 2.13269 2.70585 2.70585 2.70585 2.70585 2.02082 1.76816 1.76816 1.76816 1.76816 1.76816 1.76816 1.76816 1.63471 1.01467 1.03776 1.06085 1.06154 0.993545 1.11723 1.15318 1.17630 1.19936 1.22233 1.24545 1.26718 1.27214 1.27214 1.27214 1.27214 1.27214 1.25589 0.744227 0.730357 0.730357 0.730357 0.730357 0.730357 0.730357 0.730357 0.730357 0.730357 0.730357 0.824281 0.967355 1.06818 1.14310 1.18795 1.19035 1.19035 1.22762 1.65035 1.65035 1.65035 1.65035
1.60608 1.73902 1.85661 1.93929 1.95174 1.95976 1.96779 1.94678 1.92225 1.94695 2.01610 2.03776 2.72420 2.77827 2.82626 2.87838 2.56026 1.76816 1.76816 1.76816 1.76816 1.76816 1.76816 1.76816 0.641528 1.10971 1.03216 0.969797 0.930661 0.927531 1.12561 1.27214 1.27214 1.27214 1.27214 1.27214 1.27214 1.27214 1.27214 1.27214 1.27214 1.27214 1.27214 0.848358 0.730357 0.730357 0.730357 0.730357 0.730357 0.738292 0.870893 0.999579 1.09176 1.16107 1.19035 1.19035 1.19035 1.19035 1.19035 1.19035 1.19035 1.19120 1.58768 1.65035 1.65035 1.65035
2.11861 2.11028 2.10130 2.09232 2.08334 2.07436 2.06537 2.06548 2.12297 2.13220 2.12270 2.13536 3.22544 3.64354 3.64354 3.64354 3.64354 0.00000 0.00000 0.00000 0.582920 0.582920 0.582920 0.582920 0.582920 0.869135 0.927531 0.927531 0.927531 0.927531 1.02164 1.27214 1.27214 1.27214 1.27214 1.27214 1.27214 1.27214 1.27214 1.27214 1.27214 1.27214 1.27214 0.968743 0.730357 0.730357 0.730357 0.730357 0.730357 1.10329 1.19035 1.19035 1.19035 1.19035 1.19035 1.19035 1.19035 1.19035 1.19035 1.19035 1.19035 1.19035 1.44419 1.65035 1.65035 1.65035
2.02117 2.02051 2.02051 2.02051 2.02051 2.02051 2.02051 2.02428 2.15169 2.15548 2.14511 2.14006 2.84953 3.64354 3.64354 3.64354 3.44226 0.969406 0.582920 0.582920 0.582920 0.582920 0.582920 0.582920 0.582920 0.808176 0.927531 0.927531 0.927531 0.927531 0.951311 1.27159 1.27214 1.27214 1.27214 1.27214 1.27214 1.27214 1.27214 1.27214 1.27214 1.27214 1.27214 1.08943 0.730357 0.730357 0.730357 0.730357 0.730357 1.00451 1.19035 1.19035 1.19035 1.19035 1.19035 1.19035 1.19035 1.19035 1.19035 1.19035 1.19035 1.19035 1.34043 1.65035 1.65035 1.65035
2.02051 2.02051 2.02051 2.02051 2.02051 2.02051 2.02052 2.02051 2.11988 2.15548 2.14848 2.14006 2.47589 2.90438 2.53771 2.27098 2.11930 1.29464 0.582920 0.582920 0.582920 0.582920 0.582920 0.582920 0.582920 0.725401 0.927531 0.927531 0.927531 0.927531 0.927531 1.17074 1.27214 1.27214 1.27214 1.27214 1.27214 1.27214 1.27214 1.27214 1.27214 1.27214 1.27214 1.21016 0.730357 0.730357 0.730357 0.730357 0.730357 0.835403 1.19019 1.19035 1.19035 1.19035 1.19035 1.19035 1.19035 1.19035 1.19035 1.19035 1.19035 1.19035 1.26294 1.65035 1.65035 1.65035
2.02051 2.02051 2.02079 2.02135 2.02184 2.02229 2.02125 2.02051 2.08651 2.00872 1.87059 1.68587 1.71124 2.11323 2.11323 2.07181 1.88325 1.28450 0.582920 0.582920 0.582920 0.582920 0.582920 0.582920 0.582920 0.614989 0.925259 0.927531 0.927531 0.927531 0.927531 1.05079 1.27214 1.27214 1.27214 1.27214 1.27214 1.27214 1.27214 1.27214 1.27214 1.27214 1.27214 1.27214 0.788762 0.730357 0.730357 0.730357 0.730357 0.730357 1.14825 1.19035 1.19035 1.19035 1.19035 1.19301 1.20582 1.21961 1.23337 1.24715 1.26093 1.27472 1.30426 1.64668 1.65035 1.61406
2.02181 2.02226 2.02248 2.02248 2.02248 2.02248 2.02185 2.02051 2.05731 1.85071 1.74125 1.50202 1.33746 1.44640 1.04208 0.613823 0.582920 0.582920 0.582920 0.582920 0.582920 0.582920 0.582920 0.582920 0.582920 0.582920 0.891567 0.927531 0.927531 0.927531 0.927531 0.971433 1.27214 1.27214 1.27214 1.27214 1.27214 1.27214 1.27214 1.27214 1.27214 1.26204 1.20701 1.14686 0.897468 0.851390 0.878954 0.906479 0.934083 0.961608 1.21992 1.33352 1.34732 1.36109 1.37487 1.38600 1.38696 1.38696 1.38696 1.38696 1.38696 1.34653 1.24358 1.15179 0.949115 0.778053
2.07825 2.08115 2.08405 2.08694 2.08984 2.09274 2.07261 1.99580 1.90521 1.66021 1.32023 0.861748 0.836083 0.651511 0.582920 0.582920 0.582920 0.582920 0.582920 0.582920 0.582920 0.582920 0.582920 0.582920 0.582920 0.582920 0.837631 0.927531 0.923723 0.897453 0.867297 0.850758 1.01414 0.971205 0.911126 0.850892 0.790735 0.730812 0.670345 0.610266 0.550265 0.500135 0.494927 0.494927 0.777155 1.12357 1.12357 1.12357 1.12357 1.12357 1.22553 1.38696 1.38696 1.38696 1.38696 1.38696 1.38540 1.31705 1.21343 1.10980 1.00615 0.942942 0.942231 0.861308 0.760887 0.760887
2.11948 2.11080 2.04475 1.95912 1.86489 1.76074 1.68255 1.58558 1.53607 1.43659 1.16399 0.936350 0.852258 0.721480 0.582920 0.582920 0.576837 0.547489 0.519527 0.495492 0.474354 0.455744 0.439160 0.424390 0.410999 0.398969 0.469505 0.568173 0.534169 0.520283 0.506927 0.495138 0.494927 0.494927 0.494927 0.494927 0.494927 0.494927 0.494927 0.494927 0.494927 0.494927 0.494927 0.494927 0.638447 1.12357 1.12357 1.12357 1.12357 1.12357 1.13095 1.37738 1.37575 1.28690 1.18327 1.07961 0.977542 0.942231 0.942231 0.942231 0.942231 0.942231 0.942231 0.897050 0.760887 0.760887
1.51011 1.39963 1.37736 1.37736 1.37717 1.36819 1.35468 1.25186 1.09347 0.909593 0.728615 0.701169 0.677434 0.570440 0.388618 0.378598 0.370836 0.370099 0.370099 0.370099 0.370099 0.370099 0.370099 0.357427 0.323477 0.277472 0.251658 0.495015 0.494927 0.494927 0.494927 0.494927 0.494927 0.494927 0.494927 0.494927 0.494927 0.494927 0.494927 0.494927 0.494927 0.494927 0.494927 0.494927 0.514669 1.10849 1.12357 1.12357 1.14802 1.22977 1.28977 1.14354 0.956995 0.942231 0.942231 0.942231 0.942231 0.942231 0.942231 0.942231 0.942231 0.942231 0.942231 0.924230 0.760887 0.760887
1.28588 1.27240 1.25888 1.24538 1.23206 1.22752 1.22752 1.19503 0.959913 0.838916 0.660520 0.641807 0.620598 0.573378 0.370099 0.370099 0.370099 0.370099 0.370099 0.356056 0.321646 0.274886 0.207806 0.157406 0.157278 0.157278 0.157684 0.464410 0.494927 0.494927 0.494927 0.494927 0.494927 0.494927 0.494927 0.494927 0.494927 0.494927 0.494927 0.494927 0.494927 0.494927 0.494927 0.494927 0.579190 1.13939 1.29770 1.33933 1.36479 1.36644 1.36644 1.21712 0.942231 0.942231 0.942231 0.942231 0.942231 0.942231 0.942231 0.942231 0.942231 0.942231 0.942231 0.941163 0.777927 0.760887
1.22752 1.22752 1.22752 1.22752 1.22752 1.22752 1.22752 1.22752 1.01024 0.904167 0.667889 0.646968 0.620598 0.609573 0.371380 0.354645 0.319821 0.272346 0.204033 0.157278 0.157278 0.157278 0.157278 0.157278 0.157278 0.157278 0.157278 0.388781 0.494927 0.494927 0.494927 0.494927 0.494927 0.494927 0.494927 0.494927 0.494927 0.494927 0.494927 0.494927 0.611563 0.788218 0.911771 1.00297 1.05111 1.23008 1.36644 1.36644 1.36644 1.36644 1.36644 1.33672 0.948306 0.942231 0.942231 0.942231 0.942231 0.942231 0.942231 0.942231 0.942231 0.942231 0.942231 0.942231 0.834787 0.760887
1.22752 1.22752 1.22752 1.22752 1.22691 1.20749 1.17926 1.15103 1.04760 0.955819 0.687025 0.655001 0.628142 0.630836 0.300783 0.157278 0.157278 0.181425 0.258702 0.321441 0.371404 0.412229 0.446091 0.444624 0.157278 0.157278 0.157278 0.312802 0.494927 0.494927 0.494927 0.494927 0.494927 0.494927 0.494927 0.497817 0.644976 0.811039 0.928310 1.01548 1.05211 1.05211 1.05211 1.05211 1.05211 1.16068 1.36644 1.36644 1.36644 1.36644 1.36644 1.36644 1.04418 0.942231 0.942231 0.942231 0.942231 0.942231 0.942231 0.942231 0.941136 0.935018 0.927823 0.920057 0.849579 0.760887
1.22726 1.20939 1.18117 1.15293 1.12529 1.11647 1.11647 1.11647 1.08565 0.959913 0.748544 0.679284 0.668068 0.670168 0.524346 0.434263 0.464686 0.484387 0.485408 0.485408 0.485408 0.485408 0.485408 0.485063 0.215034 0.157278 0.157278 0.236795 0.494927 0.494927 0.494927 0.507488 0.676302 0.832572 0.944003 1.02668 1.05211 1.05211 1.05211 1.05211 1.05211 1.05211 1.05211 1.05211 1.05211 1.09134 1.36872 1.37744 1.38718 1.39770 1.40909 1.42147 1.18282 0.879996 0.867854 0.854438 0.839559 0.822913 0.804195 0.782991 0.763122 0.760887 0.760887 0.760771 0.722890 0.655469
1.13453 1.12492 1.12570 1.12649 1.12727 1.12806 1.12884 1.12963 1.12871 0.976675 0.829226 0.724877 0.722936 0.721291 0.635361 0.485408 0.485408 0.485408 0.485408 0.485408 0.485408 0.485408 0.485408 0.485408 0.327167 0.157278 0.157278 0.168622 0.487094 0.494927 0.494927 0.846345 1.05211 1.05811 1.08012 1.10481 1.13157 1.16078 1.19298 1.22826 1.26730 1.31090 1.35959 1.41438 1.47675 1.54833 1.60804 1.60930 1.60930 1.60930 1.60930 1.60930 1.46728 0.760887 0.760887 0.760887 0.760887 0.760887 0.760887 0.756514 0.702878 0.635486 0.568093 0.500817 0.471277 0.471277
1.14273 1.14273 1.14273 1.14273 1.14273 1.14273 1.14273 1.14273 1.14273 1.04902 0.888965 0.737434 0.738272 0.732480 0.683410 0.485408 0.485408 0.485408 0.485408 0.485408 0.485474 0.501621 0.529195 0.556999 0.528204 0.411085 0.466628 0.521907 0.553680 0.494927 0.494927 1.12022 1.54821 1.60652 1.60930 1.60930 1.60930 1.60930 1.60930 1.60930 1.60930 1.60930 1.60930 1.60930 1.60930 1.60930 1.60930 1.60930 1.60930 1.60930 1.60930 1.60930 1.60879 0.870513 0.760887 0.746348 0.682924 0.615503 0.548081 0.485091 0.471277 0.471277 0.471277 0.471277 0.471277 0.471277
1.21719 1.22033 1.22346 1.22659 1.22974 1.23287 1.23600 1.23915 1.24228 1.21571 1.05031 0.876193 0.876726 0.815717 0.824021 0.666095 0.693314 0.720920 0.748791 0.776364 0.804004 0.815627 0.815627 0.815627 0.815786 0.817718 0.817718 0.817718 0.817718 0.00000 0.00000 1.60930 1.60930 1.60930 1.60930 1.60930 1.60930 1.60930 1.60930 1.60930 1.60930 1.60930 1.60930 1.60930 1.60930 1.60930 1.60930 1.60930 1.60930 1.60930 1.60930 1.60930 1.60930 0.834883 0.528127 0.475245 0.471277 0.471277 0.471277 0.471277 0.471277 0.471277 0.471277 0.471277 0.471277 0.471277
1.26269 1.26871 1.27506 1.28172 1.28872 1.29611 1.30392 1.31216 1.32089 1.32152 1.11059 1.01478 1.00566 0.955068 0.952627 0.839640 0.815627 0.815627 0.815627 0.815627 0.815627 0.815627 0.815627 0.815627 0.815628 0.817289 0.817718 0.817718 0.817718 0.00000 0.00000 0.00000 1.60930 1.60930 1.60930 1.60930 1.60930 1.60930 1.60930 1.60930 1.60930 1.60930 1.60930 1.60930 1.60930 1.60930 1.60930 1.60930 1.60930 1.60930 1.60930 1.60930 0.00000 0.471277 0.471277 0.471277 0.471277 0.471277 0.471277 0.471277 0.471277 0.471277 0.471277 0.471277 0.471277 0.471277
1.32673 1.32673 1.32673 1.32673 1.32673 1.32673 1.32673 1.32673 1.32673 1.32673 1.18384 1.02718 1.00632 0.967034 0.952627 0.872576 0.815627 0.815627 0.815627 0.815627 0.815627 0.815627 0.815627 0.815627 0.815627 0.816591 0.817718 0.817718 0.817718 0.00000 0.00000 0.00000 1.60930 1.60930 1.60930 1.60930 1.60930 1.60930 1.60930 1.60930 1.60930 1.60930 1.60930 1.60930 1.60930 1.60930 1.60930 0.00000 0.00000 0.00000 0.00000 0.00000 0.00000 0.471277 0.471277 0.471277 0.471277 0.471277 0.471277 0.471277 0.471277 0.471277 0.471277 0.471277 0.471277 0.471277
1.32673 1.32673 1.32673 1.32673 1.32673 1.32673 1.32673 1.31578 1.23771 1.14842 1.09552 1.04130 1.00632 0.978639 0.952627 0.900307 0.815627 0.815627 0.815627 0.815627 0.815641 0.815782 0.815979 0.816215 0.816502 0.817154 0.817718 0.817718 0.817718 0.817718 0.00000 0.00000 1.60930 1.60930 1.60930 1.60930 1.60930 1.60930 1.60930 1.60930 1.60930 1.60930 1.60930 0.00000 0.00000 0.00000 0.00000 0.00000 0.00000 0.00000 0.00000 0.00000 0.00000 0.00000 0.471277 0.471277 0.471277 0.471277 0.471277 0.471277 0.471277 0.471277 0.471277 0.471277 0.471277 0.471277
1.32673 1.32673 1.32673 1.31862 1.24410 1.15480 1.06547 0.987094 0.975721 0.975721 0.995720 1.06954 1.00632 0.988944 0.956486 0.934323 0.816122 0.816388 0.816715 0.817127 0.817611 0.817718 0.817718 0.817718 0.817718 0.817718 0.817718 0.817718 0.817718 0.817718 0.00000 0.00000 0.00000 1.60930 1.60930 1.60930 1.60930 1.60930 1.60930 0.00000 0.00000 0.00000 0.00000 0.00000 0.00000 0.00000 0.00000 0.00000 0.00000 0.00000 0.00000 0.00000 0.00000 0.00000 0.471277 0.471277 0.471277 0.471277 0.471277 0.471277 0.471277 0.471277 0.471277 0.471277 0.471277 0.471277
1.24990 1.15862 1.06734 0.984092 0.967375 0.965421 0.963475 0.961522 0.959582 0.957628 0.955682 1.08446 1.03613 1.03089 0.980422 0.967932 0.817803 0.817718 0.817718 0.817718 0.817718 0.817718 0.817718 0.817718 0.817718 0.817718 0.817718 0.817718 0.817718 0.817718 0.00000 0.00000 0.00000 1.60930 1.60930 0.00000 0.00000 0.00000 0.00000 0.00000 0.00000 0.00000 0.00000 0.00000 0.00000 0.00000 0.00000 0.00000 0.00000 0.00000 0.00000 0.00000 0.00000 0.00000 0.471277 0.471277 0.471277 0.471277 0.471277 0.471277 0.471277 0.471277 0.471277 0.471277 0.471277 0.471277
0.910648 0.910616 0.910616 0.910616 0.910616 0.910616 0.910616 0.910616 0.910616 0.910616 0.910616 0.990651 1.02667 1.00429 0.927807 0.924513 0.839386 0.817718 0.817718 0.817718 0.817718 0.817718 0.817718 0.817718 0.817718 0.817718 0.817718 0.817718 0.817718 0.817718 0.00000 0.00000 0.00000 0.00000 0.00000 0.00000 0.00000 0.00000 0.00000 0.00000 0.00000 0.00000 0.00000 0.00000 0.00000 0.00000 0.00000 0.00000 0.00000 0.00000 0.00000 0.00000 0.00000 0.00000 0.00000 0.471277 0.471277 0.471277 0.471277 0.471277 0.471277 0.471277 0.471277 0.00000 0.00000 0.00000
0.850958 0.846613 0.842282 0.837951 0.833621 0.829290 0.824945 0.820629 0.816284 0.811953 0.807623 0.824965 0.910188 0.889738 0.914926 0.934332 0.880467 0.817718 0.817718 0.817718 0.817718 0.817718 0.817718 0.817718 0.817718 0.817718 0.00000 0.00000 0.00000 0.00000 0.00000 0.00000 0.00000 0.00000 0.00000 0.00000 0.00000 0.00000 0.00000 0.00000 0.00000 0.00000 0.00000 0.00000 0.00000 0.00000 0.00000 0.00000 0.00000 0.00000 0.00000 0.00000 0.00000 0.00000 0.00000 0.471277 0.471277 0.471277 0.471277 0.00000 0.00000 0.00000 0.00000 0.00000 0.00000 0.00000
0.765779 0.765779 0.765779 0.765779 0.765779 0.765779 0.765779 0.765779 0.765779 0.765779 0.765779 0.766440 0.866968 0.881774 0.945957 1.03131 1.03131 0.00000 0.00000 0.00000 0.00000 0.00000 0.00000 0.00000 0.00000 0.00000 0.00000 0.00000 0.00000 0.00000 0.00000 0.00000 0.00000 0.00000 0.00000 0.00000 0.00000 0.00000 0.00000 0.00000 0.00000 0.00000 0.00000 0.00000 0.00000 0.00000 0.00000 0.00000 0.00000 0.00000 0.00000 0.00000 0.00000 0.00000 0.00000 0.00000 0.00000 0.00000 0.00000 0.00000 0.00000 0.00000 0.00000 0.00000 0.00000 0.00000
