High_resolution/powerplant/Shangrao/OMI_NO2_201111.asc
ncols      200
nrows      200
xllcorner       115.451
yllcorner       27.0350
cellsize     0.0166667
NODATA_Value      -999.000
[rows 116 to 144 of 200, columns 0 to 66 of 200]
6.87650 6.46021 5.74451 5.95519 6.02819 6.08746 6.30418 6.32583 6.32583 6.32583 6.33922 6.44622 6.60724 6.77976 6.95245 7.10234 7.20804 6.49839 6.48355 6.22323 6.03263 5.51341 5.40867 5.40867 5.40867 5.40867 5.40867 5.37562 5.31245 5.24914 5.18597 5.12406 5.08069 5.37427 5.43465 5.45615 5.42296 5.17494 5.06057 5.06057 5.06057 5.06057 3.87152 3.50080 3.48228 3.21075 2.98436 2.96231 2.93049 2.70316 2.37660 2.34435 2.42282 2.63510 2.68322 2.70095 2.80482 3.03134 3.02658 3.01697 3.00740 2.99779 2.98821 2.97860 2.96889 2.96053 3.23090
7.03064 7.05810 6.02308 6.09701 6.13856 6.14634 6.37044 6.58270 6.75522 6.92784 7.08700 7.15244 7.16510 7.18655 7.21563 7.24472 7.28851 6.63034 6.44189 6.26651 6.08595 5.52810 5.22156 5.14581 5.06973 4.99375 4.91748 4.87492 4.87772 4.89211 4.90677 4.92033 4.91511 5.12319 5.21960 5.20690 5.11551 4.96405 4.67130 4.63980 4.60870 4.57726 3.80783 2.81719 2.73286 2.57464 2.37085 2.32481 2.28852 2.29127 2.18684 2.18693 2.24454 2.53864 2.53864 2.53864 2.55103 2.83607 2.84616 2.84616 2.84616 2.84616 2.84616 2.84616 2.84616 2.84616 3.05249
7.13217 7.11793 6.39701 6.43990 6.73104 6.92164 7.02310 7.05891 7.05451 7.07182 7.09379 7.11575 7.13661 7.13705 7.12993 7.10851 7.06394 6.58628 6.19762 6.07519 5.84267 5.25762 4.67204 4.67099 4.68184 4.70909 4.73682 4.76576 4.77930 4.78103 4.78276 4.78449 4.78623 4.88469 4.99287 4.97967 4.89483 4.87029 4.45325 4.39885 4.34149 4.29079 3.98556 2.46944 2.49188 2.49388 2.32329 2.32329 2.32329 2.32329 2.20502 2.18693 2.18920 2.50308 2.53864 2.53864 2.53864 2.75875 2.84616 2.84616 2.84616 2.84616 2.84616 2.84616 2.84616 2.84616 2.95090
6.90511 6.90511 6.76992 6.66856 6.94433 6.98018 7.01934 7.08520 7.11167 7.10697 7.06974 7.03063 6.99155 6.95247 6.91337 6.88855 6.88813 6.63455 6.11723 6.10383 5.84629 5.53337 4.80386 4.77080 4.78909 4.79098 4.79240 4.79254 4.79254 4.79254 4.79254 4.79254 4.79254 4.81995 4.93139 4.90100 4.83871 4.60511 4.23500 4.23591 4.26036 4.27819 4.27680 2.79115 2.52812 2.52763 2.33791 2.32329 2.32329 2.32329 2.23649 2.18693 2.18693 2.39331 2.53864 2.53864 2.53864 2.66916 2.84616 2.84616 2.84616 2.84616 2.84616 2.84616 2.84616 2.84616 2.85742
6.92181 6.97827 6.97526 6.78557 7.00281 7.02676 6.99816 6.96281 6.91973 6.89001 6.88813 6.88813 6.88813 6.88813 6.88813 6.88813 6.89804 6.87782 6.20140 6.20009 6.00344 5.79056 4.95220 4.79254 4.79254 4.79254 4.79254 4.79254 4.78433 4.75500 4.72461 4.69422 4.65568 4.55827 4.62885 4.54314 4.44996 4.19724 4.24197 4.27904 4.27904 4.27904 4.27904 3.37843 2.52812 2.52812 2.37880 2.32329 2.32329 2.32329 2.26795 2.18693 2.18693 2.29704 2.53864 2.53864 2.53864 2.57960 2.84607 2.84616 2.84616 2.84616 2.84616 2.84616 2.84616 2.84616 2.83992
7.01254 6.97119 6.93205 6.71254 6.81437 6.92837 6.92837 6.90637 6.88813 6.88813 6.88813 6.88813 6.88987 6.94697 7.03048 7.11400 7.18761 7.19840 6.36692 6.21868 6.08479 5.90670 5.10913 4.78433 4.75500 4.72461 4.69422 4.66383 4.61764 4.52650 4.43267 4.33880 4.25312 4.23719 4.36701 4.41357 4.41357 4.26392 4.21511 4.27904 4.27904 4.27904 4.13334 3.42913 2.52812 2.52812 2.42002 2.32329 2.32329 2.32329 2.29942 2.18693 2.18693 2.21512 2.53751 2.53864 2.53864 2.53864 2.79742 2.84616 2.84616 2.84594 2.77944 2.61979 2.47522 2.34550 2.23370
6.89400 6.89400 6.89400 6.76068 6.74277 6.92837 6.92837 6.91714 6.88813 6.92362 7.00686 7.09040 7.17215 7.19860 7.19860 7.19860 7.19860 7.19860 6.59791 6.31331 6.36553 5.99566 5.30785 4.64834 4.59242 4.49855 4.40468 4.31085 4.24098 4.23719 4.23719 4.23719 4.23719 4.23719 4.32586 4.41357 4.39753 4.26353 4.08118 3.80528 3.36610 2.86828 2.53206 2.52812 2.52812 2.52812 2.46122 2.32329 2.32329 2.32329 2.32224 2.19559 2.18693 2.18693 2.46122 2.53864 2.53795 2.47990 2.52056 2.45965 2.33298 2.21871 2.16045 2.16974 2.18117 2.19314 2.20571
6.89400 6.89400 6.89400 6.81948 6.69026 6.92664 7.02352 7.10548 7.15146 7.19835 7.19860 7.19860 7.19860 7.21085 7.29196 7.44442 7.61337 7.78224 7.49130 6.91469 6.85391 6.08428 5.38977 4.36665 4.23719 4.23719 4.23719 4.23719 4.23719 4.23719 4.21957 4.16930 4.11814 4.06698 4.02026 3.80781 3.41161 3.00195 2.41474 2.49554 2.52812 2.52812 2.52812 2.52812 2.52812 2.52812 2.50252 2.32329 2.32329 2.32329 2.32351 2.23934 2.25440 2.36159 2.45356 2.36074 2.33580 2.35718 2.35158 2.28503 2.30503 2.32616 2.33911 2.34216 2.47581 3.20807 3.91334
6.89400 6.90197 7.00130 7.11063 6.98013 7.17436 7.23883 7.23883 7.21589 7.27695 7.42041 7.58940 7.75827 7.91507 8.00283 8.03430 8.14140 8.26437 8.17040 6.80683 6.57642 6.09719 5.55728 4.41686 4.21652 4.16281 4.10898 4.05485 4.00081 3.94687 3.89152 3.62543 3.25900 2.85595 2.48419 2.62622 2.62570 2.62225 2.40232 2.39422 2.45954 2.47925 2.50251 2.52552 2.54870 2.57188 2.60420 2.65758 2.77723 2.94652 3.14255 3.32501 3.44238 3.47947 3.14054 2.54064 2.54064 2.54064 2.53785 2.42024 2.51091 3.21227 3.91890 4.52922 4.98807 5.04083 5.04083
7.24723 7.36210 7.40932 7.43069 7.26692 7.40319 7.69568 7.87884 8.03610 8.12667 8.16647 8.20734 8.33736 8.47438 8.61154 8.73365 8.76363 8.77781 8.78205 7.36146 6.84206 6.59871 6.07408 4.47599 3.84827 3.84784 3.84362 3.62684 3.26668 2.87080 2.46067 2.35943 2.35813 2.35682 2.35552 2.61921 2.71299 2.73497 2.62266 2.56536 2.68892 2.71039 2.78752 2.87715 2.99724 3.16095 3.32700 3.39174 3.43718 3.44417 3.44417 3.45067 3.47947 3.47947 3.43307 2.56306 2.60940 3.27517 3.98094 4.52017 4.96985 5.04083 5.04083 5.04083 5.04083 5.04083 5.04083
7.85018 7.86490 7.86490 7.86490 7.91258 7.99452 8.39213 8.43814 8.55079 8.64169 8.76450 8.86070 8.86943 8.87774 8.88685 8.89595 8.90506 8.91416 8.92082 7.93583 6.91069 6.85400 6.15016 4.87490 3.36630 2.93904 2.51451 2.35188 2.35057 2.34927 2.34820 2.34809 2.34809 2.34809 2.34809 2.60557 2.78636 2.73941 2.66145 2.83217 3.11637 3.30561 3.36645 3.42049 3.45162 3.45179 3.45179 3.44783 3.44417 3.44417 3.44417 3.44516 3.54124 4.37645 5.25939 4.86092 5.04529 5.13628 5.13628 5.09907 5.04083 5.04083 5.04083 5.04083 5.04083 5.04083 5.04083
7.83788 7.86490 7.86490 7.95516 8.14738 8.32395 8.77146 9.10121 9.33241 8.97032 8.90370 8.91280 8.92036 8.92114 8.92114 8.92114 8.92114 8.92114 8.92114 8.41776 6.89844 6.48912 5.60120 4.35448 2.60100 2.34809 2.34809 2.34809 2.34809 2.34809 2.34809 2.33287 2.28602 2.23806 2.18990 2.28919 2.53471 2.50987 2.48643 2.76016 3.19523 3.45179 3.45179 3.45179 3.45179 3.45179 3.45179 3.44936 3.46907 4.01266 4.67124 5.23895 6.29646 6.62738 6.62738 5.85332 5.13628 5.13628 5.13628 5.12641 5.04118 5.04083 5.04083 5.04083 5.04083 5.04083 5.04083
8.19366 8.52502 9.05428 9.49305 9.83669 9.84300 10.1174 10.2061 10.2061 9.34382 8.92114 8.92114 8.92114 8.92114 8.92114 8.95444 9.19181 9.46390 9.73598 9.58173 7.38853 6.17147 5.72465 4.82409 2.83396 2.34809 2.33249 2.28525 2.23709 2.18930 2.14126 2.09847 2.07392 2.05028 2.02665 2.05399 2.45844 2.45862 2.45862 2.62546 3.03086 3.45179 3.45179 3.45179 3.45179 3.46062 4.62344 5.20583 5.68491 5.81393 5.81393 5.81393 6.21276 6.62738 6.62738 6.30361 5.13628 5.13628 5.13628 5.13628 5.05903 5.04083 5.04083 5.04083 5.04028 5.02272 4.98917
11.0958 10.5797 10.5795 10.5795 10.5795 10.2791 10.1476 10.2061 10.2061 9.68769 8.92114 8.92741 9.11559 9.38768 9.65976 9.89865 9.93337 9.93337 9.93337 9.88423 8.14501 6.12361 5.78826 4.94976 3.13171 2.14030 2.10772 2.09066 2.06703 2.04341 2.01976 2.00600 2.00590 2.00590 2.00590 2.00590 2.39913 2.45862 2.45862 2.52886 2.90105 3.41734 3.45179 3.45179 3.45179 3.45179 5.43907 5.81964 5.81442 5.81393 5.81393 5.81393 6.03452 6.62738 6.62738 6.62321 5.25734 5.13628 5.13628 5.13618 5.06685 4.99151 4.95751 4.92358 4.89025 4.87384 4.86094
11.4202 10.6556 10.5795 10.5795 10.5795 10.4064 10.1295 10.2009 10.3249 10.4222 9.58354 9.84945 9.93337 9.93337 9.93337 9.93337 9.90246 9.74777 9.54181 9.32798 8.16184 5.41600 5.13209 4.79745 3.45482 2.11470 2.01338 2.00590 2.00590 2.00590 2.00590 2.00590 2.00590 2.00649 2.00902 2.01169 2.30194 2.46976 2.47245 2.48473 2.84835 3.26335 3.45179 3.45179 3.45179 3.45179 4.77808 5.81964 5.81557 5.81393 5.81393 5.81393 5.87753 6.62694 6.59942 6.27846 5.24839 4.82633 4.68690 4.55321 4.47920 4.51315 4.46343 4.41644 4.37133 4.32787 4.29400
11.4177 10.8028 10.5795 10.5795 10.6668 11.0072 10.8395 11.0939 11.2177 11.2183 10.1029 9.91557 9.77478 9.57343 9.35961 9.14549 8.96262 8.90336 8.84663 8.65458 7.85145 5.95167 5.05142 4.84138 3.83695 2.31051 2.00590 2.00654 2.00910 2.01177 2.01445 2.01713 2.01798 2.01534 2.01076 2.00595 2.18312 2.44916 2.44442 2.43970 2.66483 3.02470 3.36951 3.36160 3.35169 3.30607 3.79628 5.62288 5.63507 5.62427 5.39003 5.14236 4.87195 4.68477 4.44359 4.33139 4.27941 4.21565 4.21666 4.21767 4.21999 4.31366 4.32176 4.27588 4.10254 3.92152 3.74086
11.4394 11.3796 11.3444 11.7526 12.0734 12.0978 11.4798 11.1443 10.8917 10.6796 9.69602 8.98812 8.91679 8.90600 8.83343 8.63595 8.43638 8.23684 8.08597 8.07844 7.74916 6.49801 4.99456 4.80255 3.95272 2.27203 1.91489 1.91209 1.90752 1.90276 1.89798 1.89328 1.89030 1.89030 1.89060 1.89235 1.96351 2.24565 2.21530 2.18504 2.22108 2.35535 2.81311 2.76707 2.68748 2.56786 2.47202 4.38921 4.46949 4.40623 4.33766 4.29444 4.29105 4.30984 4.32047 4.32047 4.31225 4.22152 4.22080 4.18357 4.01420 3.89950 3.75372 3.61895 3.61149 3.61149 3.61149
13.7565 13.0324 12.1470 12.1510 12.1566 12.1618 11.3801 10.6849 10.2254 10.2220 9.68939 8.63061 8.42918 8.22791 8.10083 8.09190 8.02943 7.95495 7.88056 7.80604 7.65568 6.64725 4.74900 4.62342 3.95825 2.56094 1.89393 1.89581 1.89775 1.89969 1.90163 1.90357 1.90551 1.90745 1.90909 1.90928 1.90996 2.01899 2.02720 2.01128 1.97682 1.96742 2.25865 2.21796 2.09888 2.02806 1.95987 3.28890 4.14668 4.29105 4.29105 4.29105 4.29105 4.30314 4.32047 4.29099 4.12667 3.86605 3.66539 3.52188 3.51037 3.54730 3.61149 3.61149 3.61149 3.61149 3.61149
13.8613 13.1522 12.1765 12.1714 12.1715 12.1674 11.6827 10.4105 9.78753 9.47746 9.22116 7.97716 7.89218 7.81767 7.74331 7.67575 7.66378 7.66378 7.66378 7.66378 7.66378 6.87658 5.29025 4.66957 4.23012 2.93810 1.95626 1.90928 1.90928 1.90928 1.90928 1.90928 1.90928 1.90928 1.89297 1.84804 1.80257 1.83988 1.83955 1.84253 1.87597 1.94687 1.95732 1.93047 1.93047 1.93047 1.93047 2.59217 4.12905 4.27613 4.29105 4.26839 4.11025 3.93479 3.77792 3.62660 3.61005 3.55745 3.51037 3.51037 3.51037 3.51893 3.61069 3.61149 3.61149 3.61149 3.61149
13.6382 13.1929 12.0893 11.7248 11.4382 11.0905 10.8909 9.68777 9.23328 8.88802 8.86105 7.90515 7.66378 7.66378 7.66378 7.66378 7.66378 7.66378 7.56243 7.22706 6.85001 5.89205 5.03601 4.67145 4.48435 3.26591 2.04338 1.90928 1.90928 1.89258 1.84775 1.80211 1.75641 1.71081 1.70071 1.73365 1.76714 1.85629 1.94156 1.94230 1.94230 1.97253 1.97939 1.93047 1.93047 1.93047 1.93047 1.97617 3.85309 3.89458 3.76128 3.60314 3.58062 3.58093 3.60836 3.61005 3.61005 3.58477 3.51037 3.51037 3.51037 3.51037 3.59011 3.61149 3.61149 3.61149 3.61149
13.2566 12.1449 10.9089 10.6045 10.5388 10.5383 10.5383 9.76382 9.26576 8.86105 8.86105 8.22402 7.66378 7.66378 7.62157 7.32578 6.95891 6.55420 6.25099 6.24127 6.24127 5.90520 5.25090 4.67145 4.56272 3.51809 2.17771 1.75596 1.71026 1.68353 1.70985 1.74333 1.77679 1.81021 1.82438 1.82438 1.82438 1.85267 1.94230 1.94230 1.94230 1.95923 1.99145 1.93631 1.93047 1.93047 1.93047 1.93047 2.95745 3.50042 3.58062 3.58062 3.58062 3.58062 3.60195 3.61005 3.61005 3.60759 3.51489 3.51037 3.51037 3.51037 3.56127 3.66253 3.74349 3.83100 3.92609
12.5927 12.1928 10.8323 10.5383 10.5383 10.5383 10.5383 10.0889 9.38093 8.89509 8.85375 8.33095 7.06472 6.67117 6.29538 6.24127 6.24127 6.24127 6.24127 6.21489 6.09243 5.75569 4.88631 4.02897 3.79162 3.09117 2.31789 1.75562 1.78647 1.81770 1.82438 1.82438 1.82438 1.82438 1.82438 1.82438 1.81896 1.77911 1.83925 1.79127 1.74039 1.70363 1.98552 1.95381 1.93047 1.93047 1.93047 1.93047 2.50388 3.46777 3.58062 3.58062 3.58062 3.58062 3.59517 3.61005 3.61005 3.61247 3.62699 3.72164 3.80004 3.87977 3.97615 4.02182 3.98773 3.95387 3.91998
12.5927 12.5784 11.0534 10.5383 10.5383 10.5383 10.5383 10.3288 9.02355 8.32719 7.78812 7.63058 6.28945 6.24127 6.22468 6.11617 5.90045 5.66076 5.42128 5.20813 5.09097 5.05059 4.41455 3.96839 3.79688 3.41314 2.60724 1.88930 1.82438 1.82438 1.81772 1.77266 1.72174 1.67076 1.61991 1.56893 1.52340 1.51616 1.60763 1.63408 1.63516 1.64086 1.91644 1.99585 1.96235 1.97024 1.97793 1.98586 2.09027 3.46499 3.66295 3.67436 3.69068 3.73169 3.72844 3.57924 3.55576 3.52989 3.65341 3.90317 3.90474 3.91238 3.92030 3.96553 3.97662 3.98429 3.82980
12.5927 12.5927 11.5453 10.4976 10.2522 9.97681 9.66578 9.47913 8.52595 8.05850 7.57432 7.36992 6.07695 5.45410 5.22892 5.06575 5.00257 4.92660 4.82008 4.71374 4.60771 4.52738 4.10765 3.78469 3.49320 3.30985 2.79616 1.98339 1.71787 1.67312 1.63505 1.63546 1.64161 1.64794 1.65413 1.66039 1.66665 1.67284 1.74394 1.80869 1.81929 1.82509 2.02003 2.24043 2.19052 2.19591 2.20258 2.21940 2.26550 3.38612 3.90360 3.92033 3.91294 3.88090 3.84013 3.53331 3.52899 3.52899 3.58915 3.99473 3.99473 3.99473 3.85518 3.50174 3.07895 2.56913 2.25830
12.4018 12.1457 11.1659 9.09022 8.82182 8.58874 8.17892 7.71177 7.03426 6.42240 5.78849 5.71236 5.00038 4.14872 4.04485 3.97007 3.90352 3.87334 3.87263 3.86019 3.84364 3.82708 3.60939 3.34297 2.98016 2.95915 2.84456 2.26471 1.69081 1.68775 1.68370 1.67963 1.67558 1.67153 1.66747 1.66340 1.65935 1.65530 1.71823 1.86450 1.86450 1.86450 1.97263 2.33596 2.33157 2.34771 2.34721 2.33394 2.29140 2.91572 3.79744 3.85577 3.85577 3.85577 3.85577 3.59177 3.52899 3.52899 3.42624 3.44272 3.06229 2.55371 2.20620 2.22170 2.25783 2.25783 2.25783
11.1969 10.3657 9.36608 7.48319 6.79318 6.56401 6.47727 6.47727 6.37947 5.98846 5.54485 5.39558 5.04181 3.86293 3.84636 3.82980 3.81324 3.79666 3.78080 3.77666 3.77666 3.77666 3.68375 3.33260 3.05227 2.94645 2.84023 2.53249 1.66742 1.65135 1.65135 1.65135 1.65135 1.65135 1.65135 1.65135 1.65135 1.66698 1.72974 1.99449 2.05869 2.08133 2.03297 2.22367 2.19791 2.23735 2.23470 2.23470 2.23470 2.42654 3.75451 3.85577 3.85577 3.85577 3.77417 3.27728 2.77149 2.36903 2.07577 2.14036 2.20262 2.20262 2.20262 2.20650 2.25710 2.25783 2.25783
7.60209 7.38024 7.36679 6.89783 6.46714 6.40720 6.34059 6.20681 5.92767 5.30288 4.80517 4.37421 4.15515 3.79862 3.77666 3.77666 3.77666 3.77666 3.77666 3.77666 3.77666 3.77666 3.77141 3.33814 3.15033 2.93563 2.86363 2.70782 1.78881 1.65135 1.65135 1.65135 1.66759 1.71208 1.76080 1.81363 1.86853 1.83243 1.72946 1.85179 1.78886 1.73439 1.73435 1.96281 2.07847 2.23470 2.23470 2.23470 2.23470 2.23470 3.40937 3.50061 3.16504 2.78768 2.48985 2.33429 2.06847 2.06847 2.06847 2.10481 2.20262 2.20262 2.20262 2.20262 2.24504 2.25783 2.25783
7.36679 7.23045 6.71641 6.00709 5.23680 4.94589 4.67259 4.68838 4.96385 4.68262 4.41643 4.07429 4.07429 3.87489 3.77666 3.77666 3.77666 3.77666 3.77666 3.77666 3.77666 3.77666 3.77666 3.42949 3.26270 2.93570 2.89443 2.83578 2.08657 1.76164 1.81475 1.87329 1.89569 1.80277 1.69925 1.59569 1.49586 1.46792 1.46792 1.63191 1.73435 1.73435 1.73435 1.88146 2.04849 2.21033 2.23470 2.23470 2.23470 2.23470 2.25747 2.47692 2.47695 2.47695 2.47695 2.42801 2.06847 2.06847 2.06847 2.07545 2.20048 2.20262 2.20262 2.20262 2.22910 2.25810 2.31473
4.59311 4.28928 4.24656 4.27606 4.31958 4.31400 4.31400 4.45386 4.96385 4.80340 4.52329 4.09727 4.07429 3.95373 3.77666 3.77666 3.77666 3.77666 3.77666 3.77666 3.77666 3.77666 3.81031 3.63384 3.37040 2.97236 2.83529 2.67402 2.41780 1.77254 1.66904 1.56552 1.47809 1.46792 1.46792 1.46792 1.46792 1.46792 1.46792 1.57200 1.77884 1.84043 1.90715 2.00586 2.04842 2.15612 2.23470 2.23470 2.23470 2.23470 2.23470 2.45088 2.47695 2.47695 2.47695 2.47695 2.11316 2.06847 2.06847 2.06847 2.16616 2.20777 2.23990 2.27591 2.36837 2.69754 2.75937
