High_resolution/powerplant/Shangrao/OMI_NO2_201008.asc
ncols      200
nrows      200
xllcorner       115.451
yllcorner       27.0350
cellsize     0.0166667
NODATA_Value      -999.000
[rows 90 to 119 of 186, columns 132 to 197 of 200]
0.939557 0.939557 0.939557 0.939557 0.939557 0.939557 0.939557 0.939557 0.937215 0.935109 0.935109 0.935109 0.935109 0.823329 0.675532 0.675532 0.675532 0.675532 0.691830 0.761718 0.822577 0.874395 0.902493 0.737626 0.808183 1.01529 1.07417 1.12706 1.17485 1.21802 1.23289 1.23414 1.19785 1.16252 1.15860 1.15860 1.15860 1.16597 1.24619 1.24760 1.26335 1.29139 1.32053 1.34967 1.45834 1.51454 1.47391 1.47391 1.47391 1.47988 1.69551 1.87801 1.91680 1.95267 1.95986 1.95740 1.88741 1.88487 1.87434 1.82513 1.77232 1.71950 1.68890 1.82760 2.08500 2.53171
0.939557 0.939557 0.939557 0.939557 0.939557 0.939557 0.939557 0.939557 0.938450 0.935109 0.935109 0.935109 0.935109 0.899313 0.688531 0.757078 0.818888 0.869347 0.903911 0.932994 0.988858 1.05297 1.07807 0.961674 0.972284 1.23186 1.23359 1.23483 1.23607 1.23692 1.23694 1.23694 1.20875 1.15860 1.15860 1.15860 1.15875 1.18008 1.27604 1.32300 1.36020 1.39353 1.39353 1.39353 1.41489 1.56214 1.52525 1.56006 1.59889 1.63172 1.72357 1.95986 1.95986 1.95986 1.95732 1.92407 1.81572 1.73452 1.69229 1.76008 2.00946 2.20173 2.36438 2.41706 2.36894 2.42547
0.939557 0.939557 0.939557 0.939557 0.939557 0.939557 0.939557 0.939557 0.939460 0.935334 0.941381 0.983239 1.02250 1.05828 0.975336 1.00903 1.07629 1.15492 1.24744 1.29834 1.29940 1.30187 1.23190 1.08370 0.942373 1.19719 1.23694 1.23694 1.23694 1.23694 1.23694 1.23694 1.23098 1.18254 1.21820 1.25462 1.29089 1.30598 1.33348 1.36550 1.36671 1.42560 1.54065 1.65854 1.77643 1.98796 1.72528 1.63555 1.63555 1.63555 1.64484 1.92232 1.89389 1.85165 1.81193 1.82002 1.93473 2.09087 2.26248 2.36747 2.33237 2.32435 2.32435 2.32435 2.32831 2.36472
0.939759 0.939557 0.939557 0.939557 0.939557 0.939557 0.944193 0.984300 1.03831 1.13450 1.22861 1.31678 1.41796 1.52980 1.41459 1.29863 1.30078 1.30327 1.30575 1.30824 1.30966 1.30967 1.27929 1.15824 0.943841 1.12620 1.23694 1.23694 1.23755 1.26189 1.29831 1.33473 1.37078 1.32296 1.30598 1.30598 1.30598 1.35254 1.49929 1.63619 1.75413 1.86013 1.87102 1.87102 1.87102 1.94933 1.84015 1.62284 1.58164 1.53917 1.49401 1.68155 1.85495 2.01391 2.15792 2.27629 2.29949 2.32435 2.32435 2.32435 2.33129 2.35966 2.38954 2.41942 2.44534 2.44886
0.948743 0.939557 0.942822 1.00694 1.12363 1.23521 1.34086 1.44912 1.54927 1.55791 1.55791 1.53802 1.49276 1.44737 1.37740 1.30934 1.30967 1.30967 1.30967 1.30967 1.30967 1.30967 1.30954 1.19506 0.993867 1.07591 1.30008 1.33650 1.37224 1.38432 1.38432 1.38432 1.38432 1.39790 1.50390 1.65145 1.79893 1.89986 1.90284 1.85470 1.84299 1.85623 1.87102 1.86592 1.82703 1.81498 1.82893 1.50589 1.61599 1.85999 2.08565 2.25594 2.29412 2.29412 2.29412 2.29412 2.30334 2.36145 2.39452 2.42440 2.44734 2.44886 2.44886 2.44886 2.45099 2.49868
1.20051 1.35738 1.47262 1.55578 1.55791 1.55791 1.55492 1.51874 1.47335 1.42792 1.38257 1.35708 1.35700 1.35700 1.35595 1.31223 1.30967 1.30967 1.30967 1.30967 1.30967 1.30967 1.30967 1.31456 1.24862 1.15135 1.37862 1.38432 1.38432 1.44282 1.58940 1.73689 1.88443 1.96311 1.90284 1.90284 1.90284 1.90284 1.91265 1.92612 1.90572 1.89244 1.77154 1.76085 1.81919 2.04334 2.37344 2.27262 2.33643 2.33846 2.33846 2.33273 2.30696 2.33185 2.35675 2.38165 2.39759 2.42975 2.44886 2.44886 2.45467 2.51023 2.58309 2.66397 2.75127 2.77785
1.51665 1.55791 1.54369 1.49931 1.45392 1.40855 1.36618 1.35700 1.35700 1.35700 1.35700 1.35700 1.35700 1.35700 1.35700 1.32497 1.30967 1.30967 1.30967 1.30967 1.30967 1.30967 1.30967 1.33345 1.33663 1.22588 1.55920 1.74393 1.89136 1.98029 1.98118 1.98118 1.98152 2.01441 1.99867 2.04702 2.10348 2.18678 2.27036 2.26693 2.05309 2.22677 2.21732 2.38011 2.51923 2.53469 2.61075 2.47959 2.35544 2.38034 2.40524 2.43014 2.40490 2.39788 2.39788 2.39788 2.40697 2.47922 2.59612 2.67858 2.76188 2.77785 2.77785 2.77785 2.77810 2.78770
1.38468 1.38224 1.35798 1.35700 1.35700 1.35700 1.35700 1.35700 1.35700 1.35700 1.35700 1.35700 1.35700 1.35700 1.35700 1.33878 1.30967 1.30967 1.30967 1.30967 1.30967 1.30207 1.28207 1.26407 1.33058 1.85726 1.95956 1.99202 2.04344 2.09860 2.15386 2.20896 2.25880 2.26851 2.28281 2.34064 2.37747 2.38764 2.38764 2.38764 2.21552 2.73166 2.60264 2.53624 2.56946 2.61509 2.68235 2.67039 2.44222 2.44222 2.44222 2.44222 2.43290 2.46532 2.52391 2.58791 2.64501 2.66424 2.77783 2.77785 2.77785 2.78381 2.79801 2.81230 2.82634 2.82358
1.30710 1.33454 1.35700 1.35700 1.35700 1.35700 1.35700 1.35700 1.35700 1.35700 1.35700 1.35700 1.35700 1.35700 1.35700 1.35234 1.30989 1.30327 1.28354 1.26338 1.24323 1.23067 1.23120 1.23250 1.29283 1.59680 1.87166 2.28044 2.27375 2.26165 2.24955 2.23746 2.23041 2.23037 2.28417 2.38764 2.38764 2.38764 2.38764 2.39079 2.26729 2.70018 2.78459 2.70682 2.71926 2.71926 2.72129 2.75261 2.48580 2.52195 2.58340 2.65066 2.68782 2.65088 2.65088 2.65088 2.65088 2.65316 2.77184 2.80832 2.82261 2.83099 2.72323 2.47420 2.17045 1.82329
1.30710 1.31902 1.35700 1.35700 1.35700 1.35700 1.35700 1.35700 1.35700 1.35700 1.35700 1.35700 1.35700 1.35171 1.33233 1.31216 1.25401 1.23204 1.23287 1.23392 1.23482 1.23561 1.23596 1.22714 1.24213 1.39655 1.72238 2.18389 2.23037 2.23037 2.23037 2.23037 2.23037 2.23037 2.24102 2.38964 2.44584 2.51428 2.58271 2.64803 2.59181 2.61766 2.89492 2.71938 2.69315 2.63832 2.58347 2.55746 2.63890 2.70409 2.70409 2.70409 2.70264 2.65406 2.66063 2.67206 2.68350 2.69266 2.71541 2.53413 2.23907 1.89375 1.68090 1.66178 1.65884 1.65884
1.30710 1.30766 1.35284 1.35700 1.35700 1.35700 1.35700 1.35700 1.35700 1.35273 1.33377 1.31245 1.28904 1.27335 1.27083 1.26921 1.25148 1.23598 1.23293 1.21798 1.20186 1.18573 1.16963 1.16232 1.16871 1.25947 1.67978 2.04153 2.23037 2.23037 2.23037 2.23563 2.29158 2.36005 2.42851 2.61309 2.66450 2.66450 2.66450 2.66450 2.62170 2.35578 2.78001 2.55679 2.49737 2.49737 2.49737 2.51418 2.58883 2.70412 2.71064 2.72212 2.73215 2.67416 2.59092 2.36848 2.08540 1.76630 1.54225 1.65884 1.65884 1.65884 1.65884 1.62013 1.50884 1.37482
1.30710 1.30710 1.33788 1.35700 1.35700 1.35362 1.32665 1.28560 1.25068 1.22405 1.21144 1.23459 1.26753 1.26757 1.27280 1.28164 1.27065 1.17658 1.16351 1.16232 1.16232 1.16232 1.16232 1.16232 1.16232 1.23184 1.55005 1.90520 2.29457 2.36307 2.43151 2.49471 2.50723 2.50723 2.50723 2.58214 2.61810 2.53579 2.45348 2.37121 2.33167 2.15681 2.60108 2.58193 2.49737 2.49737 2.50039 2.49876 2.51575 2.62202 2.56047 2.36718 2.07817 1.78658 1.51880 1.46903 1.46903 1.46903 1.47839 1.60005 1.48769 1.34907 1.17972 1.05602 1.05448 1.05448
1.30710 1.30551 1.34004 1.26522 1.23471 1.21069 1.20257 1.20239 1.20239 1.20362 1.21147 1.23364 1.29428 1.30309 1.30670 1.30670 1.30535 1.17404 1.16232 1.16232 1.16232 1.16232 1.16232 1.16232 1.16232 1.26969 1.61517 2.02353 2.50529 2.50723 2.50723 2.50673 2.45717 2.37483 2.29258 2.24012 2.33167 2.33167 2.33167 2.33167 2.33167 2.24214 2.31274 2.50472 2.39916 2.35359 2.30366 2.19839 2.03041 1.84478 1.58176 1.47326 1.47326 1.47277 1.46693 1.40565 1.30792 1.19622 1.06742 1.03948 1.05448 1.05448 1.05448 1.05448 1.05448 1.05448
1.40707 1.45046 1.44958 1.21279 1.20239 1.20645 1.21527 1.22412 1.23296 1.24057 1.24156 1.24207 1.30148 1.30670 1.30670 1.30670 1.30670 1.21471 1.16232 1.16232 1.16232 1.16232 1.16232 1.16232 1.16232 1.21615 1.55686 1.97494 2.35837 2.37120 2.28892 2.20711 2.17439 2.17439 2.17439 2.17480 2.24927 2.14451 2.02338 1.90088 1.75619 1.62233 1.65475 2.18294 2.03694 1.83902 1.62086 1.47338 1.49606 1.50141 1.46675 1.39430 1.29462 1.18057 1.04761 1.00285 1.00285 1.00285 1.00285 1.02439 1.05448 1.05448 1.05448 1.05448 1.05448 1.05448
1.45971 1.46689 1.47574 1.30829 1.23677 1.24155 1.24156 1.24156 1.24156 1.24156 1.24156 1.24156 1.28397 1.30670 1.30670 1.30670 1.30670 1.25674 1.16232 1.16232 1.16232 1.16232 1.16232 1.16263 1.20125 1.26586 1.60535 1.68530 1.93624 2.17439 2.15574 2.04660 1.92548 1.80481 1.68375 1.57058 1.58570 1.58863 1.55875 1.53073 1.52445 1.52445 1.46544 1.44655 1.46045 1.47137 1.46430 1.41147 1.35147 1.27267 1.03527 1.00850 1.00850 1.00850 1.00535 1.00285 1.00285 1.00285 1.00285 1.01224 1.05448 1.05448 1.05448 1.05453 1.05680 1.06115
1.49656 1.49821 1.49821 1.40137 1.24156 1.24156 1.24156 1.24156 1.24156 1.24156 1.24156 1.24156 1.26595 1.30670 1.30670 1.30670 1.30670 1.29674 1.16436 1.16235 1.19663 1.26128 1.32596 1.39038 1.41645 1.42969 1.62639 1.74413 1.74130 1.62199 1.52259 1.52439 1.53942 1.55446 1.56949 1.57670 1.55971 1.52445 1.52445 1.52445 1.52445 1.52445 1.48629 1.36045 1.31548 1.26669 1.19349 1.18231 1.18231 1.18231 1.04368 1.00850 1.00850 1.00850 1.00696 1.00285 1.00285 1.00285 1.00285 1.00373 1.05236 1.05979 1.06537 1.07352 1.07722 1.07722
1.49821 1.49821 1.49821 1.47768 1.24469 1.24156 1.24156 1.24156 1.24156 1.24156 1.24156 1.24156 1.24811 1.30650 1.30670 1.30670 1.33643 1.40108 1.35554 1.38727 1.43960 1.46904 1.49856 1.52811 1.55765 1.57415 1.65060 1.85331 1.80118 1.57225 1.57539 1.57670 1.57670 1.57670 1.57670 1.57670 1.57369 1.52547 1.51232 1.44457 1.36070 1.26400 1.16851 1.12753 1.13774 1.18231 1.18114 1.12846 1.04832 0.968216 0.949925 1.00850 1.00850 1.00850 1.00833 1.00309 1.00232 0.999591 0.996031 0.991589 1.03779 1.06438 0.935876 0.779874 0.623720 0.467718
1.49821 1.49821 1.49821 1.49821 1.30362 1.24156 1.24156 1.24156 1.24156 1.24156 1.24156 1.24156 1.26705 1.38490 1.46682 1.55890 1.62330 1.65289 1.61416 1.56641 1.57398 1.57898 1.59816 1.61821 1.63826 1.65809 1.66638 1.88508 1.85033 1.64910 1.57670 1.57670 1.57670 1.57670 1.56313 1.49705 1.41654 1.27503 1.16666 1.15672 1.15672 1.15672 1.15413 1.07167 0.988352 0.960520 0.885427 0.857954 0.857954 0.857954 0.886233 1.00850 1.00837 1.00657 1.00387 0.995251 0.991018 0.932850 0.835114 0.712074 0.527116 0.345210 0.317716 0.317716 0.317716 0.317716
1.49821 1.49821 1.49821 1.49821 1.38307 1.24156 1.24156 1.24156 1.26319 1.33258 1.41382 1.49529 1.55127 1.63606 1.71619 1.71836 1.71867 1.72836 1.71764 1.62947 1.64951 1.66456 1.66542 1.66542 1.66542 1.66542 1.66542 1.82244 1.87091 1.72073 1.56103 1.49339 1.41237 1.31884 1.23382 1.22639 1.22639 1.19407 1.15279 1.07470 0.967864 0.861000 0.756731 0.751185 0.801124 0.839280 0.857954 0.857954 0.857919 0.850943 0.837738 0.990943 1.01966 1.02843 1.04024 0.837431 0.358957 0.317716 0.317716 0.317716 0.317716 0.317716 0.317716 0.317716 0.317716 0.317716
1.49821 1.49821 1.49821 1.49821 1.47344 1.34762 1.42912 1.51056 1.57047 1.58258 1.58282 1.58282 1.58578 1.63556 1.74856 1.76262 1.77638 1.78075 1.78048 1.67820 1.66542 1.66542 1.66542 1.66542 1.66542 1.66542 1.66542 1.72686 1.77340 1.58364 1.23197 1.22639 1.22639 1.22639 1.22107 1.13920 1.03232 0.913132 0.752882 0.724252 0.724252 0.724252 0.724252 0.726884 0.796861 0.812737 0.835077 0.811810 0.777739 0.750117 0.737470 0.884137 1.05634 1.05634 1.05634 0.956599 0.317789 0.317716 0.317716 0.317716 0.317716 0.317716 0.317716 0.317716 0.317716 0.317716
1.52784 1.55069 1.57435 1.59800 1.61126 1.58766 1.58282 1.58287 1.59105 1.60511 1.61917 1.63324 1.64434 1.64953 1.77574 1.78075 1.78075 1.78075 1.78075 1.71137 1.66542 1.66542 1.66542 1.66542 1.66542 1.66542 1.66542 1.66542 1.66485 1.58313 1.25438 1.13402 1.02715 0.920331 0.818916 0.793920 0.793920 0.793797 0.732048 0.718984 0.708013 0.697042 0.685803 0.672606 0.674593 0.664094 0.734398 0.731468 0.731328 0.731328 0.731328 0.795460 1.05634 1.05634 1.05634 1.05634 0.427804 0.317716 0.317716 0.317716 0.317716 0.317716 0.317716 0.317716 0.317716 0.317716
1.62196 1.61151 1.61151 1.61343 1.62588 1.62495 1.62531 1.63933 1.64522 1.64522 1.64522 1.64522 1.64522 1.64522 1.74276 1.78075 1.78075 1.78075 1.78075 1.74484 1.66542 1.66542 1.66542 1.66542 1.66542 1.66542 1.66427 1.64833 1.62799 1.40106 0.944923 0.793920 0.793920 0.792628 0.783111 0.772140 0.761169 0.750160 0.695266 0.659463 0.656789 0.654112 0.651704 0.651297 0.651297 0.651297 0.715579 0.731328 0.731328 0.731328 0.731328 0.740124 1.04037 1.05634 1.05634 1.05634 0.637753 0.317716 0.317716 0.317716 0.317716 0.317716 0.317716 0.317716 0.317716 0.317716
1.65690 1.64608 1.66015 1.67229 1.67390 1.66776 1.64522 1.64522 1.64522 1.64522 1.64522 1.64522 1.64522 1.64522 1.70550 1.78075 1.78075 1.78075 1.78075 1.77526 1.66847 1.66542 1.66464 1.64957 1.62921 1.60883 1.58964 1.58519 1.58144 1.43960 0.995183 0.755629 0.744652 0.734058 0.728967 0.725151 0.721342 0.717566 0.695708 0.651297 0.651297 0.651297 0.651297 0.651297 0.651297 0.651297 0.690549 0.731328 0.731328 0.731328 0.731328 0.731328 0.916381 1.05634 1.05634 1.05634 0.847713 0.317716 0.317716 0.317716 0.317716 0.317716 0.317716 0.317716 0.317716 0.317716
1.68922 1.67390 1.67390 1.67390 1.67390 1.67373 1.64810 1.64522 1.64522 1.64522 1.64522 1.64522 1.64522 1.64522 1.66822 1.78075 1.78075 1.78075 1.78027 1.76613 1.66144 1.61007 1.59023 1.57849 1.56942 1.56036 1.55130 1.54221 1.53675 1.51806 1.07386 0.724864 0.719172 0.716317 0.716155 0.716155 0.716155 0.716155 0.712799 0.652789 0.651297 0.651297 0.651297 0.651297 0.651297 0.651297 0.670509 0.731328 0.731328 0.739624 0.823868 0.926403 1.03595 1.05634 1.05634 1.05634 1.03064 0.344602 0.317716 0.317716 0.317716 0.317716 0.317716 0.317716 0.317716 0.317716
1.69303 1.67572 1.67390 1.67390 1.67390 1.67390 1.65679 1.64522 1.64522 1.64522 1.64522 1.64522 1.64522 1.64522 1.64522 1.75286 1.74697 1.72517 1.69704 1.68173 1.62181 1.54828 1.53947 1.53686 1.53550 1.53173 1.52792 1.52410 1.52044 1.51944 1.21409 0.784392 0.716155 0.716155 0.716155 0.716155 0.716155 0.716155 0.716155 0.668030 0.651297 0.651297 0.651297 0.651297 0.651297 0.658072 0.720969 0.928193 1.03350 1.12778 1.14612 1.14612 1.14013 1.05654 1.05634 1.05634 1.05634 0.528837 0.317735 0.323451 0.333585 0.344489 0.343305 0.317716 0.317716 0.00000
1.69314 1.68125 1.67390 1.67390 1.67390 1.67390 1.66566 1.64522 1.64522 1.64522 1.64512 1.63306 1.59825 1.53443 1.46995 1.57237 1.66062 1.65302 1.65219 1.64558 1.55807 1.52956 1.52575 1.52193 1.51949 1.51944 1.51944 1.51944 1.51944 1.51944 1.34893 0.882764 0.716155 0.716155 0.716155 0.716155 0.716155 0.716155 0.716155 0.686618 0.651297 0.659593 0.719018 0.787375 0.855760 0.917369 0.927822 1.08215 1.14612 1.14612 1.14612 1.14612 1.14612 1.05717 0.936713 0.846111 0.742369 0.508520 0.368364 0.378681 0.381290 0.381290 0.381290 0.00000 0.00000 0.00000
1.69314 1.68688 1.67390 1.67390 1.67390 1.67390 1.67306 1.61396 1.54823 1.48354 1.41896 1.36635 1.33647 1.33564 1.33564 1.41393 1.52886 1.43454 1.34018 1.25254 1.23412 1.47962 1.51944 1.51944 1.51944 1.51944 1.51944 1.51944 1.51944 1.51944 1.48003 0.984679 0.716155 0.716155 0.716155 0.716155 0.716155 0.725861 0.786918 0.844374 0.858801 0.918918 0.927822 0.927822 0.927822 0.927822 0.927822 1.01495 1.09091 1.03720 0.989072 0.938507 0.886259 0.724249 0.431178 0.381290 0.381290 0.381290 0.381290 0.381290 0.381290 0.381290 0.381290 0.381290 0.00000 0.00000
1.69314 1.69154 1.64516 1.58584 1.50194 1.41762 1.33330 1.32121 1.33564 1.33564 1.33297 1.26586 1.17159 1.07719 0.982915 0.943870 1.23139 1.23412 1.23412 1.23412 1.23412 1.39685 1.51944 1.51944 1.51944 1.51944 1.51944 1.51944 1.51944 1.51944 1.51944 1.16517 0.729515 0.727631 0.789932 0.858316 0.926674 0.985380 0.992680 0.992609 0.935570 0.927822 0.936926 0.959437 0.982010 1.00407 1.02490 1.00066 0.845749 0.824852 0.808923 0.808589 0.808589 0.754967 0.381290 0.381290 0.381290 0.381290 0.381290 0.381290 0.381290 0.381290 0.381290 0.381290 0.00000 0.00000
1.47617 1.39239 1.32245 1.29205 1.29162 1.29162 1.27038 1.19721 1.13083 1.03647 0.944871 0.917571 0.917571 0.917571 0.917571 0.917571 1.16878 1.23412 1.23412 1.23412 1.23412 1.31412 1.51944 1.51944 1.51944 1.51944 1.51944 1.51944 1.51944 1.51651 1.49824 1.34050 1.02996 0.986596 0.992680 0.992680 0.994626 1.01342 1.03599 1.05859 1.04260 1.03795 1.05187 1.05161 1.05116 1.05069 1.05063 1.04531 0.820253 0.808589 0.808589 0.808589 0.808589 0.806679 0.449038 0.381290 0.381290 0.381290 0.381290 0.381290 0.381290 0.381290 0.381290 0.381290 0.00000 0.00000
1.32133 1.31073 1.26344 1.14040 1.04600 0.951727 0.878607 0.876678 0.916879 0.917571 0.917571 0.917571 0.917571 0.917571 0.917571 0.917571 1.08157 1.23412 1.23412 1.23412 1.23412 1.24310 1.50769 1.51944 1.51944 1.51713 1.49966 1.47586 1.44665 1.41651 1.41272 1.37245 1.16699 1.04772 1.07033 1.09290 1.11001 1.10303 1.09006 1.07459 1.05613 1.05063 1.05063 1.05063 1.05063 1.05063 1.05063 1.05063 0.880501 0.808589 0.808589 0.808589 0.808589 0.808589 0.615715 0.381290 0.381290 0.381290 0.381290 0.381290 0.381290 0.381290 0.381290 0.381290 0.00000 0.00000
